,Kla0,Kre0,sed_opt,RMSE_C,RMSE_DBD,RMSE_Z,Likelihood
0,-9.81910043509698,-11.244834827706443,0.00019609501006687523,0.7270566790485659,372.49888328608057,0.3571728266307579,6.958594861431808e-255
1,-9.8164402337004,-11.607069215570917,0.0011010670317364087,1.823717479106892,435.4997023005004,0.3364640156239078,6.340015297776069e-250
2,-9.751380815028895,-9.803423241157201,9.350370538601093e-05,1.5933139948582058,369.8203217971382,0.12271755793468841,6.104314819628296e-239
3,-9.830520588591604,-8.771112859364443,0.00015300170035674351,1.3646888723682347,467.8309026431024,0.8066712215535379,6.905069440053894e-222
4,-9.411356289335457,-12.831776279279438,0.0005601537089111394,0.8939935293092709,181.2225388605333,0.6941855109775972,7.63582957146357e-221
5,-9.881766010141094,-11.541679786417317,0.008520315653414694,0.9683461122794125,259.5327565860413,0.4535459380398308,6.298626981665768e-215
6,-9.94595388013342,-10.09775867767511,0.007895603966457559,1.4082186227795164,307.47277378677273,0.11278607407493269,5.831580305099424e-212
7,-9.46527085764764,-9.348005165129166,0.0008464128710202872,0.6682351195342936,135.92626013746062,0.276216679601168,9.236724514635333e-202
8,-9.626644092651288,-9.364130962423484,0.0037456931741251345,1.7322969421488876,410.5950511966007,0.24878846353224038,3.262904696805828e-199
9,-9.376858147898076,-10.617752863549168,0.0049890854745811355,1.0610052300527926,467.85388284898437,0.41956435595948616,7.043419474823078e-186
10,-9.959573251103933,-8.418980721780095,0.006626059023996504,0.9686336193811272,467.84962310447395,0.04774129888907819,2.2878096504232635e-184
11,-9.648063805267844,-12.216528577270134,0.013432123651619221,1.1349931917393437,274.73553475156143,0.5320370762906022,1.887206435122855e-180
12,-9.84887919725683,-8.700621340046563,0.007960209843163904,0.6133447196280208,172.81462408011487,0.6972407969417782,2.1601199899237037e-180
13,-9.325495070251646,-11.14399593873929,0.00593009384480817,0.8956702063524116,218.21759503221824,0.9501946676785158,5.696736077631509e-180
14,-9.684652498933298,-9.835448247620725,0.010552765409044063,4.5396873624706755,400.07390936285304,0.06198693574238412,1.4562198431196901e-179
15,-9.241061810328809,-11.874297785018248,0.006776269017046884,1.1215112243578185,296.3816347636331,0.8217744158921354,4.510280873363912e-171
16,-9.950684361317274,-11.54468197887015,0.023852504922996266,1.8507238392234733,468.1426397701985,0.3892952904077376,2.3592543008443927e-169
17,-9.92986315858689,-10.528665836783235,0.021182530945144582,1.5162094723653856,352.2607471375207,0.38862091394763176,2.697142372488129e-169
18,-9.833032383114338,-8.85634186360793,0.013878813267230406,1.8381430820822133,468.4864936761394,0.6174560154864386,1.355224356330756e-161
19,-9.282743829368215,-11.461428749234637,0.010198775165300223,1.890587129424229,469.6414555729084,0.10551703505853371,5.4662007165185173e-160
20,-9.695517267916761,-12.851773149113985,0.02269461710744333,1.3079714965903877,313.14154728848376,0.35748823423299037,1.539433469731473e-158
21,-9.713673039731617,-12.374417903364423,0.024311965468029672,1.704859789430771,400.2370798526071,0.1217643067000802,2.4998912389676893e-155
22,-9.342665314753143,-12.313177209912283,0.014630317545919395,1.0746912012743508,468.1007852720442,0.7311451025437519,5.19620010416159e-153
23,-8.920582922821229,-9.455092265740522,0.0005821694864470734,0.8848780434736577,186.6202689055724,1.076175876146407,1.0083486087710116e-146
24,-9.150173156473736,-11.141905889025281,0.011986997459139158,1.4950437024336067,177.09759238941416,0.432268905696489,2.582809999952683e-142
25,-9.854378436610002,-10.513916790057971,0.03259309855213275,2.0158373214954715,399.4989431039088,1.0524109469554999,6.550405380667963e-140
26,-8.982584481220547,-12.839705324379711,0.009180877416358077,3.7554003006575445,537.6071493141023,0.3681918893334464,1.4855695179452344e-139
27,-9.475778146509072,-12.300431331780713,0.024472285694603524,1.0968880767670546,260.6274556750944,0.46862051157501217,4.298936285746054e-139
28,-9.035667685966335,-11.010290105299934,0.01067170166905637,1.6647066971730096,391.26462706750635,0.596350448656616,7.852093131330034e-137
29,-9.41161660455355,-10.910062998426195,0.022338630461820795,8.129126505186168,721.2224512168384,0.26854982051069776,4.575989919790873e-135
30,-9.045229087459065,-12.786893182657346,0.012558472375824878,1.0289390764575461,206.57799576690905,0.2853210010466585,6.142537819876283e-135
31,-9.784571927471987,-8.872965539689694,0.0242233772510292,0.6511250709537499,157.33431926058256,0.5445014292607553,1.244444857795127e-132
32,-9.916687588060432,-5.962004650551557,0.003434553687210744,0.8730956678007359,463.4732320908674,0.8101349070598554,9.828571410814423e-132
33,-9.247835105737778,-11.493303554057588,0.019680795681060768,1.230614441807126,266.9990489813928,0.7783824424881898,2.0675639455506104e-130
34,-9.982608827231937,-10.0489000809399,0.040356910668393316,1.856073714799777,446.6029763061015,0.06164184957554664,2.692271205268321e-130
35,-9.388915726366003,-7.915335487414242,0.005889369113949825,1.0242292704550455,267.96528206359363,0.5814544521293765,7.272706663338383e-130
36,-9.2605587635992,-12.00901662031485,0.021378215750025565,0.9872081965092271,468.01959246960536,0.026792526493759183,3.120172278259748e-129
37,-9.703328642809788,-11.310686385866832,0.03748290050589833,1.3264213337153856,234.56877068549412,0.04206702745286517,1.1451699964761815e-127
38,-9.092637240909697,-11.903016880863015,0.016664463792966412,1.879987178708144,467.68201466101283,0.40551170233131817,6.858300088610036e-127
39,-9.513296155123674,-9.495319323702383,0.02363569609307137,1.1386879853682024,467.0798609837117,0.1210242031979103,2.045564556077782e-126
40,-9.698841894595894,-10.800941961665615,0.03724769067441534,2.8226752149689878,483.41563401884235,1.3724532892574848,6.427490112864036e-126
41,-9.81713398681478,-11.401442554432407,0.04387289872749334,1.8544604291869724,468.0807938578491,0.7198552767335888,1.823766270334707e-125
42,-8.642480178195239,-9.664689765773275,0.0013325323167804664,1.2123271176981567,467.97195241583006,0.6785694027204388,2.463744585770377e-123
43,-8.84866263515572,-8.995513344477567,0.004380525149808223,1.082504362387343,280.1835796644772,1.5265806898119676,5.542395945342828e-122
44,-9.803467974839624,-12.093013596577492,0.047810791045190884,0.9675612320328539,266.3121177121512,0.3793396772202522,1.5305453004134896e-121
45,-9.638257206131533,-9.288746219079453,0.02876027408971011,0.6964105366540378,211.81760855188958,1.338094214082325,3.413849414852029e-121
46,-9.624242593033484,-11.010763615580174,0.03915752442982937,0.8214426783299763,467.3689405837141,0.13611194907413982,2.9752463187368663e-120
47,-9.222547577600201,-9.398528573663995,0.017832259083878598,1.5465110734977279,342.42346739708637,0.5288317646417022,3.3602198739189953e-119
48,-9.664126381431272,-8.57818321756787,0.02458098135590656,1.702943839366254,470.2846962013122,0.0248939739014995,1.230871697834374e-118
49,-9.876288097832251,-12.808663581736788,0.05703701924294799,1.8485914602144928,468.5359670048148,0.8652104542895662,4.180641719105631e-115
50,-9.753120626915342,-8.263375406879089,0.026289169930239328,0.9010534000951215,468.3880965146266,0.18947239144463435,3.0663804177953575e-113
51,-9.716702680795903,-8.731879179627756,0.03120102900405112,1.5582922129278955,356.7496393821808,0.040715929324333544,2.730480268145109e-112
52,-9.110887667011514,-9.301641518554767,0.015197430372904714,0.7880137984311382,165.09454189289497,0.08508790365165009,6.220491286306366e-112
53,-8.791907711749621,-10.063765245103824,0.008677503947364643,1.2435569227442103,308.84473273386624,0.2505985755644762,1.6262660111994615e-111
54,-9.879739509331658,-5.35647546162626,0.0057836602684941014,3.477475947452584,531.6808358503479,0.90628105286617,1.271355152702776e-110
55,-9.465111578817623,-5.905626517431072,0.0006614783063265948,1.1135983257477597,285.25686992887614,1.544930125052896,2.383668231595195e-110
56,-9.683719124186922,-12.916265357026571,0.05296147529321462,1.1745060694267022,466.27619151994713,0.3867666500971163,4.1897663853387216e-110
57,-9.899206657539265,-11.588536931550975,0.06164373063168467,1.1193988182791819,233.7487860497517,0.5117277541339487,6.432264965267277e-110
58,-9.709258595170805,-10.693101879560706,0.051619233081852185,0.9584556895826715,211.4221391736303,0.12277694347866586,1.5855041014913367e-107
59,-9.349829809777686,-10.592111122684809,0.03573287934089325,2.472432999034968,454.9653439699786,2.1817664451146364,8.571682686695758e-106
60,-8.534540142719681,-9.05059308461621,0.0040224409842685455,1.304296209296167,285.23715112926277,0.5715488308455363,6.691381383841469e-105
61,-8.605352714518654,-10.288264910424683,0.006458562563704221,1.011122808249158,468.19726426059157,0.18276610412531014,3.163787024783326e-104
62,-9.074902574432375,-12.10401969358875,0.027797738917484504,1.0718972621795821,284.25050316984016,0.808193960298226,9.756575581088621e-104
63,-9.63796504817626,-11.888113911508288,0.05561106374886326,3.427044732143547,527.8862067789441,0.9074852986280755,2.449330473976146e-103
64,-8.964826852260309,-11.529248279747463,0.02310016199067808,1.9099449953097567,467.808841980559,0.62666495987086,2.285286172821924e-102
65,-9.662142488649986,-5.458687587658144,0.0054773123754215045,0.9929633672950733,217.64026312023685,0.343020540132561,2.339893687270189e-102
66,-9.928725787961433,-11.019787254638576,0.06847912436601374,1.8698165054442881,468.3694655326182,0.25709903150669433,3.583008196341905e-102
67,-9.247628027590267,-7.283227427569432,0.0068122326517749045,1.695877779172903,345.0470853621529,0.597250451888443,4.790177691222934e-102
68,-9.72661621603917,-12.78878009277042,0.06414168149341797,1.0711806815342853,468.34803741941147,0.3783157641582777,2.64943191489433e-101
69,-9.122050542552683,-11.419231641968445,0.03238298520884175,1.0592758048883046,130.74520885966382,0.33442660855186634,1.3150169771323952e-98
70,-8.944358328154461,-11.905386498670442,0.025387607356494386,1.037533967197189,280.58917470298945,1.7276418826723292,1.0181150574253621e-97
71,-9.636722991753617,-9.842981907238407,0.0515268359916059,1.355501609787318,316.4852745918782,1.2564702942882002,1.0650458285165939e-97
72,-8.388665908530529,-9.872666462005691,0.00359517844855706,0.6766065498420165,467.975875422193,0.48127170399995745,1.0861267005568092e-97
73,-9.904947942359193,-9.997697664819976,0.06622994882022053,1.392490056886116,321.7654368181911,0.2216942909313353,1.9904913610203055e-97
74,-9.67773844524078,-11.722715556561045,0.06486013480890578,1.0970753952214345,283.314876103133,1.8371648284250677,2.5352510506877126e-97
75,-9.506502419010383,-6.184920930999312,0.0068760931336365825,2.3193931226244957,429.70634072137824,0.8879528790647973,6.535376726161878e-97
76,-9.596395897952995,-12.8159493364624,0.06222832593290174,1.3497071977665964,321.9607998764048,1.0836675622890306,7.868511695362615e-97
77,-9.991240906855513,-11.056962401708393,0.0787621077453882,1.3142311947658898,303.179749370671,0.1498115494693737,2.38994395565507e-96
78,-9.173899380443915,-6.234500767687296,0.0017789015867989773,1.852332206074095,444.17112273115737,0.2719046288059692,4.3758489803719584e-96
79,-8.919838218997159,-12.59288716891183,0.02659182917716155,1.365055667450845,302.6725009979803,0.07339869609979921,7.613057512995362e-95
80,-9.982282689627532,-7.474697086228683,0.033758311933824205,1.5474947373958856,341.0007238126322,0.9919227294659203,1.2044204633773634e-94
81,-9.468195294049988,-5.331329099848975,0.004890974294880698,1.2534928392460734,312.9569723089365,0.3600272180447197,9.423844130941086e-94
82,-9.951957777534837,-9.465389619539902,0.06661478941811513,0.532105299269359,109.83243833759656,0.10206488030161243,2.804832332948519e-93
83,-9.946665769052188,-9.624195120257816,0.06877016212677955,0.8485904739856487,171.89808028125253,0.5300296755224059,4.979290450519464e-93
84,-9.083028721980423,-9.889726180015316,0.027606771905704437,1.871458243360137,470.09212851270524,0.18792294343610916,1.635081622478538e-92
85,-9.593525999741164,-5.837985137656344,0.009228016538423615,1.7263376013461444,468.679124341164,0.15143829762944794,1.7443101601945166e-92
86,-8.84296216952877,-12.084240925784684,0.024434907800060492,1.1100168308466634,468.17962553348724,0.10809797452354619,4.714292213710104e-92
87,-9.98203047377675,-11.57675602774456,0.08841021076843064,0.5701119253398256,136.68584014091894,0.8790297630901067,7.73155152868691e-92
88,-9.675644344022189,-5.760217754500249,0.011173501337262701,1.2904480107978609,314.8218268756162,0.7761369759807506,9.621291509366409e-92
89,-9.784652515955795,-5.038830661725137,0.01186120997384452,1.2311409160849707,264.5567007860657,0.23030321194705383,5.30783672538484e-91
90,-9.118155574783142,-11.116603321263236,0.038930796473165157,1.2037278669605929,290.7760416826999,0.45233974060649107,2.6703970642934054e-89
91,-8.96328333039593,-10.071721102015687,0.025566122222508498,1.7557150468516103,414.11174851767316,0.537216805500611,2.6845691319891033e-89
92,-9.273498865568714,-11.516954760362134,0.049039107527284825,0.8943643222625433,189.75998708048635,0.4860629698058512,2.8760648918110024e-89
93,-8.812518100714277,-11.975292509302076,0.022805848705720465,15.16986298325983,449.1926929490326,0.24385671107502294,4.2301958549917385e-89
94,-8.175662943038661,-9.610730254704158,0.0035375474963160363,0.9014227159136128,257.96164638619524,1.6249409198376261,6.688346537806095e-89
95,-9.245543983443456,-8.282831797746361,0.024065642529273144,0.9437607712018196,258.0029914396101,1.2559707999425687,8.049016390263313e-88
96,-9.619239731977753,-11.104163728628695,0.07133819575227734,0.9796904382330032,257.64849953431593,0.587941034397466,1.4817945577216755e-87
97,-9.125868841910332,-10.947236981991452,0.040780843736307644,16.39284115170894,782.2303795808052,0.17365919421269194,1.664363113940362e-87
98,-9.219819397623532,-12.65848824886362,0.04994516060125992,1.662267223680918,389.8957177497,0.3503646087830443,3.5161555261630625e-87
99,-9.680569666747493,-11.051058545374042,0.07499849799728393,1.0223240643856357,281.58455157445127,0.277232910355937,3.9629669672127177e-87
100,-9.531612551168772,-12.846448086330955,0.07138219204048743,1.11490020911607,234.17326931975052,0.2443486237156529,1.5519484802658894e-86
101,-9.817503278907067,-5.51232231454921,0.01663174335790071,1.270590211937265,310.24057589506884,0.7005830483806514,2.3151858776879666e-86
102,-9.915037933731062,-11.658345002314526,0.09363569149040443,0.8349428031209583,219.52065735344124,0.1320874888464525,2.5462155111602928e-86
103,-9.400714415719586,-8.190152634858865,0.030100077160650298,1.67837682245513,366.9419077733443,0.6382562161154199,4.123773516614612e-85
104,-9.295993931959995,-12.872629945693856,0.057280436320154324,1.0160155450602806,462.710650173473,0.7250002971221576,1.9200110296874356e-84
105,-8.256984973602139,-8.436692041680239,0.0026006981602812165,1.6233322156471546,376.6524393797752,0.054434887519970054,3.6164507710194517e-84
106,-9.735033537323956,-11.074615039917676,0.08290591395285109,0.9720951639342991,131.91241611467504,0.3518571269191897,3.8339492202252173e-84
107,-9.748685316274248,-6.705313768520226,0.02338117875054915,0.9407007657833473,218.6528280821194,0.2320588035183766,5.4258117198730175e-84
108,-9.904330850833738,-12.918314893410773,0.10117820510928209,1.1423073142266584,293.945714483531,0.877365657562529,7.621415723030788e-84
109,-9.907137613576719,-7.41369443595993,0.040165402748156484,2.8570646129035304,192.87665204199394,0.35899815467849727,1.794296214678799e-83
110,-8.688138531163723,-7.853516991795308,0.010971508487807004,0.8831972532133949,254.50495345888052,1.4210189187821722,4.865071237009504e-82
111,-9.88361184887374,-10.97330953428293,0.09571853889198444,0.7112098376539006,144.9692605066358,0.36187780463408714,8.624657796290072e-82
112,-9.953632806824503,-11.007863404795573,0.1022760999018961,1.0256209450728828,466.2770972137081,0.12281038030966318,2.324911391715864e-81
113,-8.87663512533319,-6.734183483108084,0.005713733147690027,1.1126967277401356,468.09602928730203,0.7284463794857556,4.768485482560201e-81
114,-9.625124219069146,-11.894951600778233,0.08537787135363982,1.1531111889552692,285.5407432741867,0.9123648698324152,3.4750276289315305e-80
115,-8.793749884325644,-11.440373153250913,0.027991378659398623,1.1517175355842515,294.5143440394253,0.9128410342573448,6.911428105794933e-80
116,-8.519455546412228,-10.589506061755642,0.014887918385979202,1.8376932995005746,439.7190308821726,0.3018226030555802,7.259082506462956e-80
117,-9.735106039844123,-5.329092724481972,0.01873499694219038,1.6646133185447909,468.83326408821074,0.773760092459554,5.548819390442298e-79
118,-8.713822129869904,-9.337225710925825,0.02116557488189838,2.538517745169303,366.4758323929208,0.08811740201457408,3.722769086074497e-78
119,-8.569701405898725,-9.158081919534661,0.01638790957464998,0.6298933125811471,166.9327021945958,1.1985711030595434,4.635038262141377e-78
120,-9.927210823058866,-12.396594131397833,0.11420403306382938,0.6094485533808041,125.77014808493296,0.13946332261256433,1.0556868141122149e-77
121,-8.525294852827717,-10.905861087797344,0.0171498937004003,0.8713930321143273,194.1350860860105,1.0689567937044595,2.8852948750516264e-77
122,-8.919551907383061,-12.362544862147718,0.04124416385713532,1.7408523894027106,372.5673155209949,1.6233436755051542,6.073114332922083e-77
123,-9.61790446175747,-9.040565304853157,0.06426249491975736,1.0723309692946617,429.79495613508317,0.8782728853169708,8.108998520478247e-77
124,-9.414731371985352,-9.189434922461857,0.05480363369018271,0.8725627499943267,458.10270155181615,0.49605930765095163,8.568850207411608e-77
125,-9.033775414210885,-9.94184183650742,0.03840016013133352,0.6478900997228563,140.43518734180418,1.0923142749986559,8.882078815532548e-77
126,-9.4920963152377,-10.934764000199817,0.07797600505772549,1.6443483624038164,362.40637488311415,1.7337633667855004,1.0689895732920941e-76
127,-9.395085167117939,-5.296646242225716,0.011512958217444042,0.8724727552653075,234.21639707510596,0.7610834197303893,2.215404251098292e-76
128,-9.135045134020919,-7.883218673269795,0.02398183192196557,1.2014670371319884,270.44855478873393,0.1692361901076902,2.263387501666655e-76
129,-9.658403422482227,-10.935940410541601,0.08949616452840185,1.0638052120465278,467.46468845993456,0.3179908225992145,2.396325787723269e-76
130,-9.539616629661507,-5.681769707107456,0.01660359513100968,1.7365761818984882,409.70524081440954,0.0859774004869367,6.025158201368576e-76
131,-9.743570735874064,-11.757475681797631,0.10136755014896967,1.7960594505115566,435.71303598704594,0.23827294216308736,6.443680143563297e-76
132,-9.734759386516505,-10.167367001457258,0.08932396165799453,1.2178920589421594,306.48722095898347,0.45424781803761594,9.91322341337483e-76
133,-9.003081491134703,-12.636539221036575,0.0481646350444322,1.5223922083361512,344.218810468946,0.009689230409060556,1.0415107133808243e-75
134,-9.98245386468447,-12.594822436677966,0.12253171567325678,2.7809965238101353,476.205814351181,1.0196490036549557,1.7502347931901826e-75
135,-8.680064304257536,-6.655014955825509,0.0037097453026793056,1.7765794054180857,468.3018431677153,0.6594501996793225,2.0782447864723267e-75
136,-9.253466270898933,-7.934079622489186,0.029121262327690228,0.951745916387022,469.03109296650973,0.10330199558309872,2.89991276536554e-75
137,-9.449134499764186,-11.395490245439158,0.07988440920828596,5.701132672078094,644.9374215947963,0.2972590102934367,7.322063697776039e-75
138,-9.414907003483542,-10.959235467427074,0.0753417605229854,1.1329389142862891,294.34809842352735,1.9309178669613152,1.199570841069081e-74
139,-8.181258737943372,-10.90209082238654,0.007082324903264239,1.0408437746779757,166.21126885322414,0.005266913472719459,1.5288993679738927e-74
140,-9.11404847619566,-11.933179483073888,0.056459301461744875,1.5800424841220897,468.91688651875825,0.8687254430711633,1.6375105249934176e-74
141,-9.855895886024294,-9.533953339536158,0.08922280968039194,0.7590402688919213,152.69257369027926,0.09622868013151287,2.20241580501085e-74
142,-9.461164415594265,-12.810536336722361,0.08686051981503357,2.0050596856462617,404.48643909269674,1.7521396531128035,3.3582619342118405e-73
143,-9.847142890765344,-7.7906214324295675,0.05617557551806341,0.9513229920917572,468.6360747643844,0.6117913390993426,3.96910217545679e-73
144,-9.347402876592769,-10.560696096111037,0.06993489239285515,1.0351238012137551,274.8700553614139,0.9993548211295238,4.233096325345878e-73
145,-9.705743601319334,-11.400943790324686,0.10310194584297037,1.443880014207043,195.55153251600393,0.1598265168305355,4.432385385831767e-73
146,-9.709938750986014,-12.297646111995414,0.1076560635884955,1.8708952515819557,465.67806757961847,0.3344199624840707,1.0278537671028369e-72
147,-9.086040165034074,-9.51336696586764,0.04321342417336888,1.084103489351946,467.8396927376977,0.5564096999227592,2.7156140498328604e-72
148,-9.42303506587818,-11.006662201978735,0.0806439603099253,0.8856892423844609,468.86450054321347,0.18361412453221426,6.431996176692518e-72
149,-8.768043578574266,-6.089493092414183,0.005196306157558728,1.103830662975415,468.2455331168817,0.17706635795306447,1.5587863928190746e-71
150,-8.545698991868072,-9.908256732814552,0.020844858198069076,0.8766623861238537,469.71590996910936,0.09154701812070343,2.4935432365014767e-71
151,-8.905454918391353,-7.775433984894103,0.02026589537579237,0.9540886757248084,176.59808303305175,0.14388048579298296,1.3874432538096389e-70
152,-8.5787707518141,-10.328775450283725,0.023039478281252433,1.8072520051484666,468.11860568022246,0.4875309837055273,1.529588539673062e-70
153,-9.836554091671074,-9.088577385823951,0.0878162534250611,1.049620114035719,211.4383885232468,0.37981289032531595,2.8184968608356966e-70
154,-9.109091859527316,-11.25100758425016,0.06079054129123773,1.9020081723725084,467.54619990220436,0.4860143327637907,3.0325910107062257e-70
155,-9.646971915832646,-11.82036953818795,0.10892593999080442,1.03145227281196,233.99710904607204,0.20462922272342432,1.5929198268810747e-69
156,-8.892055533886449,-11.124993156849051,0.043508628874898585,0.711312333857171,147.50628435389456,1.129803671606866,3.212061508188401e-69
157,-9.904067096321572,-10.442635822911758,0.11947192255206936,0.8838059929214235,180.51465750585456,0.46506616599097317,3.512247354850868e-69
158,-7.995494732072659,-8.971112144471972,0.0015226112334465463,1.6720462428258176,369.72343063593206,0.9019743983689672,8.366237581583972e-68
159,-9.39860814940028,-8.873988146161919,0.06032605389448021,1.6858502404264795,358.14222381853585,1.0135025128808541,3.564949897730443e-67
160,-9.360608098706686,-12.646999466079823,0.0904450262262471,2.4280541681665904,446.8182341770925,1.4107449470342521,6.794814258988738e-67
161,-8.427358546295643,-10.464954681428893,0.019912923176874615,0.8935214702674168,467.4112981620101,0.6976971496865145,7.844994619819997e-67
162,-9.950457479275308,-10.178734820195402,0.12598359704951756,0.885450668493509,192.96817186686175,0.3121897594061078,9.235520787969202e-67
163,-8.860220775955838,-8.100401910978622,0.025959489615528502,1.8650232732121375,387.92128726917076,1.5360142056912984,1.4030784453524839e-66
164,-9.011909046559797,-11.336443507066148,0.058719943271239,1.869575622962607,449.5613238531047,0.16260418060786463,1.7997857839113469e-66
165,-8.715881483122347,-9.504386324532302,0.0311334399615365,6.4155878469239145,532.6112318931948,0.021588020531488006,2.0328059984710324e-66
166,-8.376269534022578,-8.854681358294357,0.019454326106407956,1.5235407250236204,396.7977957968983,0.7604999876498022,2.3629748329038394e-66
167,-9.775253308228962,-5.978127109193904,0.034014574175605626,2.570101759580371,463.66789056285734,1.9676649794719623,2.581959616762489e-66
168,-9.868845979476166,-8.029244833546393,0.07260147272461205,1.4346090781356553,332.72624874660596,0.36428188581308696,2.9909038320867187e-66
169,-9.159619194519843,-11.18989430820347,0.07064482221114644,1.7162584865328012,371.3979828865379,1.9843915879629472,6.365446539755993e-66
170,-9.974136655118429,-10.938536087151254,0.14067944343966693,1.1136165252683823,288.09000904817646,0.35549647164856957,1.1703822778341883e-65
171,-9.548097464020021,-9.414720739541101,0.08359189215818871,0.8637488121611137,296.29493225541034,0.6448579641553387,2.0561070277961285e-65
172,-9.819476979676406,-12.08389943569849,0.13667387303568745,0.7902062715271395,137.6220715699051,0.25549983612182015,3.9711407963645554e-65
173,-9.585518548063845,-5.209681939178234,0.02529588521948624,2.413833477975863,438.442917604262,0.8237257988576738,4.372587166501838e-65
174,-9.42368419599138,-6.389800741872293,0.0252336089913686,0.9014213862360032,241.8168266784991,0.7882052698684126,4.718230731804363e-65
175,-9.319792500852278,-6.240395446634161,0.02106048220889932,1.765428026044385,417.1005801926023,0.45542947958699376,7.211890024843792e-65
176,-9.74849803829575,-11.451345050748136,0.12754129028619676,1.0298466842328082,280.4124851760496,0.947901828859183,1.1549393768549525e-64
177,-9.55509987929093,-10.369408907449149,0.10060674496496623,1.3039109390903352,288.5557320206493,0.19274516923073026,1.850243066178989e-64
178,-9.238478899157153,-7.70902908972098,0.03544141898108952,1.857854220639322,447.2243026660438,0.11799037546844549,2.0102028784951023e-64
179,-8.454542437660775,-8.189295416197396,0.017980936847708535,1.1215984318794536,292.1969791324739,1.01909310449875,5.670196445512282e-64
180,-9.6415326594056,-5.558098812702458,0.02931645307103713,0.973459319905572,261.11822499428473,1.2642816068692104,6.74278379882523e-64
181,-8.911013244659362,-5.524980588231862,0.009838084998165051,2.9632565071813435,496.40967684919724,1.540005942630514,7.601268967928543e-64
182,-9.1611479931046,-9.88916154537912,0.06478478852885722,3.743201266709345,548.9865245696659,0.7471037034987615,8.963924321203157e-64
183,-9.173390113140957,-9.823426512733256,0.06554441371907391,0.558371627718209,168.02078986525976,0.20092295160203744,9.523141712401377e-64
184,-9.329491018372968,-6.070296807948653,0.021532339259805012,1.7556676228851458,468.5462284460618,0.3910878586963493,1.0818967734467843e-63
185,-9.137131415223914,-10.660432732489626,0.0697181370359803,1.7926017080807117,426.3513329480973,0.31046875314439504,1.1815478963612769e-63
186,-8.248563652750635,-11.571911185713043,0.0156702614237336,1.1059528163225023,229.82702969436352,0.37951343270150506,2.976311192524422e-63
187,-9.298486766535175,-8.118094045359099,0.04600614093330016,1.8061523313981969,429.35332435775393,0.2981450117401758,4.980095102130022e-63
188,-8.59012736883473,-6.911389313896888,0.0074832653738575155,0.8701301584249428,247.2600062905144,0.9649717221703087,8.535798920811524e-63
189,-9.65651128268544,-6.694549278260307,0.03983912013467686,1.105100825953414,285.1444940804025,1.2436033826423571,1.3966973720627939e-62
190,-9.92299663608417,-7.590178592836743,0.07089493598252573,1.760949684060463,468.5154936339764,0.8195690641529545,2.765637968018585e-62
191,-9.768443667086935,-5.193219675144161,0.03451108139854299,0.7047689531675531,467.4580748901377,0.3640879870421081,2.865625505165775e-62
192,-9.863299999775483,-12.204399637459336,0.15046763890941184,2.9330219327865104,392.9544602748057,0.042682799740351385,6.6943248973743144e-62
193,-9.005646916664126,-8.1720271563781,0.03536332130694231,1.4329458977915612,339.396913859386,0.30114299476520134,6.78480485719891e-62
194,-9.901304723520735,-11.69744502205258,0.1519037107557174,1.1145429872178565,469.6851865039938,0.003066311971959834,7.350577261834617e-62
195,-9.870790396645383,-11.774790791257075,0.1510234227431658,1.6900528342109111,452.4309568440561,0.47648621296130145,2.1758723077165134e-61
196,-9.576774147573747,-8.922308879127979,0.08453395589826487,0.9496186344483813,198.6502907127411,0.6165492912061898,2.576388416788166e-61
197,-9.601192189920345,-11.658127700526359,0.12433150442791208,1.567659483149573,347.3950470140535,0.9894777634249019,2.819630737079256e-61
198,-7.794127252955338,-11.919439433437383,0.0031062467466483534,1.538405742177514,342.16453502555345,0.5561129503230369,3.891432378950797e-61
199,-9.283657055271446,-11.740366695907856,0.09297378688169518,1.5398986007177766,357.27041052788854,0.040744827636069125,5.693301143634028e-61
200,-9.816757552975256,-7.27847535979137,0.05889752664607109,1.8487997315215323,467.9816341633802,0.4393376997693368,7.938495288579422e-61
201,-9.39999067698564,-10.44155532347552,0.09629230643418096,1.1807958935024845,467.83294205466404,0.6269365889273786,1.3381556708629088e-60
202,-9.583760365012242,-9.023990987539975,0.08916823120664748,1.1975697449376348,467.7902159754938,0.3255864714088661,1.3583037789878678e-60
203,-8.962388079009658,-11.705712172814833,0.06550139302119663,1.744328464433099,468.34767252779966,0.79882588951192,2.598217082539221e-60
204,-9.574311697620049,-9.010781561340577,0.08815405568716488,5.345685000387421,493.438073016471,0.020531570094582285,3.029390267173419e-60
205,-9.278843775689108,-8.696023909906607,0.05916913795707443,2.8534682418297996,488.3476324905199,1.8490852599489154,3.562018619958318e-60
206,-9.948570327607253,-9.372574952494588,0.12699045710167478,1.7589444051025125,361.41634950855627,0.47238454841020516,1.5607960423946289e-59
207,-9.158226476325382,-9.837833968042084,0.06919568443906203,1.8952815336301392,467.5740928515258,0.6056998070903079,1.651773290103646e-59
208,-9.40325814420759,-12.512172483690563,0.11172138303719698,1.100956002624238,293.10597924881216,0.8687650947833863,2.086722000852584e-59
209,-9.219990814155489,-10.659538302086487,0.08594358454515075,0.8835683187854392,170.6640167508229,0.26130361626112997,4.780572699429698e-59
210,-8.997337328285916,-12.10633691507146,0.07178886066044647,0.9415190998362607,184.1197401811883,0.17451339357781226,6.4433314338030145e-59
211,-9.649857438830692,-7.924008082139882,0.06741508153695645,1.1509591052855697,250.24368899219834,0.41424906547909757,1.455596993175061e-58
212,-9.434727399325904,-12.251589898027314,0.11821009302199649,1.1392095772655928,467.17455520916747,0.5500536848575184,2.7973058582275887e-58
213,-9.556985069582089,-6.8682432121837875,0.043253783520563346,1.5577377525003755,395.78531529502857,0.32886906489285117,3.706672665700574e-58
214,-9.701383542119556,-5.262239995988107,0.03764901194461262,1.41624256453576,335.3590689704247,0.29887606991577265,1.1569755347537473e-57
215,-9.853197966731743,-10.69225899509832,0.15249414336552214,1.3267154714414116,324.6562062922847,0.32710756979103817,1.509487272752311e-57
216,-8.475702550087266,-12.359545118380352,0.03223927275060363,0.9208041291602727,467.850669162969,0.8850218909074723,2.0131894860721575e-57
217,-9.329366385285093,-11.494579791469267,0.10577439253934043,1.1907617612656807,288.00785301483563,0.44978690383841347,2.785903678720049e-57
218,-9.642520254233512,-7.053292175615349,0.05174560768328353,1.0983768818529844,258.30863871245174,0.3602610051923554,4.659182229671786e-57
219,-9.0146974292285,-10.149787096208522,0.06567169600347394,1.034212324954844,468.0266356580564,0.0736259109751698,5.479863274138154e-57
220,-9.971667995502134,-10.377351094892262,0.16081985248580222,0.6523970714539986,196.55592927457246,0.9239930813817923,5.918092511429882e-57
221,-9.715223073677699,-5.215626133471933,0.03962231443864433,1.7860613455686631,424.19021633177954,0.14840301828339797,1.2299109916445251e-56
222,-9.516239425320368,-11.785024959644911,0.13004816656417412,1.0262751232615506,223.18914774736112,0.15107822349359878,1.995385571946975e-56
223,-9.978084625740603,-12.84253461527121,0.18682044032035092,0.9856930566612311,191.75987119926916,0.03717757062566118,2.5576402658008286e-56
224,-9.634572497033954,-9.540940435985013,0.115508747611159,0.6360486455050369,140.28381771644882,0.4979195623894741,4.968392162494215e-56
225,-9.856045620457033,-12.124959524065465,0.17221178268088433,2.51904367544892,459.95907576562297,2.4951810537485377,5.580573833719899e-56
226,-9.468468202155353,-10.07052286801901,0.1101922289175488,1.755088420425774,414.50409003906736,0.33884961041915496,1.3117058899988611e-55
227,-9.187737545425815,-12.486326615503026,0.09837236833758756,1.4619422755948872,328.6487837068707,0.5335926673039184,1.7307603916804567e-55
228,-8.643219809906565,-7.844868301772694,0.02950886996023409,0.8895590116214414,212.06327704343323,0.38149080820505077,2.1919075540940845e-55
229,-9.112619410484717,-9.271329795100929,0.06656900834380314,1.5472935033647388,351.96545560661366,0.028881382867910865,6.39206285553436e-55
230,-9.956645868682132,-11.129455623164034,0.18052931734334915,1.1399524199174074,467.68903499891036,0.17715072487304262,8.226265305696586e-55
231,-9.995677338349275,-10.403603314910374,0.1735855257975861,1.7785317631614908,451.68935556476754,0.5334300310799547,1.3242359304359435e-54
232,-8.001916569818174,-12.154335346041112,0.013037008212688272,0.6809975840366502,191.50010929674244,0.9340503027520786,1.6629388129645802e-54
233,-9.73695892414871,-12.048334911751253,0.16440446818128154,1.1607670224776259,249.80960114514335,0.2607333738671551,1.791399285035054e-54
234,-9.69271964449864,-12.9204873842214,0.16264638575497795,1.373582678438095,312.12473472306516,0.10233569080018778,1.8631291357298577e-54
235,-9.310136073763033,-10.152342075279112,0.09899001546900621,2.2404777455399536,419.01130786406065,0.7623326671162891,2.3088012660639336e-54
236,-9.658779064303856,-8.981594246836202,0.10748329440060322,1.1282003867449832,293.183174336833,0.6139955209806596,3.2266865539864073e-54
237,-9.999243592459148,-9.142799760738601,0.1404960370547768,1.7447316246462008,467.9151112581298,0.48612396297791793,4.061853626092228e-54
238,-9.888766408417395,-8.347209111224396,0.10780077170702873,0.7341901822730353,214.92154936200086,1.259589115048846,6.664047251160514e-54
239,-8.185213313234728,-8.197456276522207,0.00819382675986952,1.132487157435763,467.16113664561874,0.5519178223498011,9.52438172874634e-54
240,-8.614728393251486,-10.255825050672431,0.041373992307763334,0.5939837637429173,152.80878367723093,0.20948814662404835,1.0061884645896002e-53
241,-9.554560154436594,-11.214432288839172,0.14158593747681808,1.6960535435007966,395.9688359161864,0.07117600351618592,1.568095750109976e-53
242,-8.566981978982973,-11.531224474191447,0.04249775952104204,0.7188179094120621,190.8055277335739,0.3850472032767813,1.87750281712902e-53
243,-9.912762407292371,-5.173095884839895,0.05348057260198613,0.5299114987103183,148.87967676985204,0.8646044583087127,2.4990072162703135e-53
244,-8.220270771584374,-10.66278596378754,0.023463200859630367,1.6067233082184922,373.14268413631925,0.23350869818767173,2.61167348236522e-53
245,-9.534516020113612,-12.07702243322608,0.14599747373827257,1.364329549050428,468.78592022315786,0.35385462290578573,2.7930487325952304e-53
246,-9.062783340707039,-9.481660354998764,0.06908252995222786,0.571509030536615,172.73599076223243,0.8474971104029043,3.715268545391562e-53
247,-9.563120412225498,-7.318725740615856,0.05850661807940799,1.2658197098097634,297.49771014194323,0.9899895021324312,5.789974470635776e-53
248,-9.754459802932441,-12.616958200701117,0.17601715424618194,0.9131408966966872,467.71028452902016,0.20481627162322802,7.98400650181387e-53
249,-9.197370610909019,-8.299952360280148,0.059056472589535294,1.575704244004182,369.28294834043163,0.4510859602578492,8.333452110419515e-53
250,-9.466846265414805,-11.530982345729385,0.13636447869402732,1.628704788353497,377.6937773792713,0.2111781172163445,9.382531824020346e-53
251,-9.957238134268446,-10.898924044939557,0.1889487994002803,1.0894874068150162,467.68066123659514,0.10782492407771205,1.6485388265355694e-52
252,-9.553294615074151,-11.868069027981633,0.14974629384147536,0.8233137083796457,170.7884345400839,0.07649265172725528,1.9363596406984252e-52
253,-9.874077402158917,-5.110222077371874,0.053545096519634676,1.8186684415452423,433.71229170783715,0.18553140448487593,2.1049458248099965e-52
254,-8.134237659369532,-11.926801942663234,0.01961660052946822,0.7758624301239947,175.41687998378967,0.08197946535780165,2.2219684314146953e-52
255,-9.975607586491886,-11.667110596337016,0.20164600750384187,3.5560633641273838,540.2524521213762,1.1849445480611323,4.306740256326608e-52
256,-9.493326348834662,-12.321252114356046,0.14667124407397267,2.4448280853365727,452.880479971179,2.408053102455634,6.771058733829042e-52
257,-8.684125568250101,-12.980187279071522,0.056307424744938765,1.791374881362789,426.85822832005215,0.49677686878467764,1.5097960890333002e-51
258,-9.46286382378541,-9.719539584181586,0.11569973560462668,1.0512825884913441,275.9711398965414,0.8833080894755794,2.3786387272879812e-51
259,-9.909374794284343,-11.336242972374949,0.19594389644053453,3.2167338520964117,513.9864484690991,1.0661448311678035,4.207771694335357e-51
260,-9.657712455243662,-6.273905711098807,0.05207896694382226,0.5482446346239737,113.96351671459635,0.4454823411235127,5.84243070461513e-51
261,-8.914544773754454,-11.511129515811398,0.07898373677953788,0.7076699042610051,145.36011732684946,0.2342517778767199,6.3828680479753e-51
262,-9.464666143897247,-10.40186220299719,0.13017449920909074,0.9025874498352722,467.54484740897595,0.33069246238611694,6.582759142099611e-51
263,-8.807129937880223,-9.136250770473863,0.051205617809784436,2.9172451476420065,478.4695174549336,0.5853214550949462,6.60046090616738e-51
264,-9.842136573648125,-10.572340207275825,0.17740642775973875,1.508843408715669,379.4687902339507,0.49544342656925267,1.097886556208302e-50
265,-7.939415326659409,-10.335890799656958,0.01927092242819626,3.3903773496495013,518.5799324427292,0.6069959858152911,1.3652484055292786e-50
266,-9.553453859503838,-10.236395739107113,0.13961865119622202,1.8144521952502752,468.61328831025287,0.915976700545226,2.9146787093773974e-50
267,-9.388441288087193,-5.599346413535286,0.03512797931276048,1.1092248626928343,226.81088441154432,0.7903792911074765,3.020370675629362e-50
268,-9.991819021105426,-7.343738811693028,0.0942765958581224,1.0387744402673695,213.87089143020336,0.17003629498486106,4.426165360259527e-50
269,-9.334406378397581,-8.17019747183253,0.07073430388232968,1.0924214941253096,286.83332476549646,0.7868472155054933,9.678825764658557e-50
270,-9.176491900426576,-9.603091719335776,0.08906677815781053,1.397341717174578,309.40650179084514,0.4950191399621504,1.275818132812505e-49
271,-9.508424661128934,-10.076713857800964,0.1338062217653666,2.278233040783333,408.6276367233905,0.38249090192275315,1.38636718512194e-49
272,-9.965741341102463,-12.381547971208029,0.2178548825945268,0.8795269198941474,232.22221327206154,0.39923143692024077,1.4240940384014582e-49
273,-8.675172631635828,-8.318430840164586,0.04068421258979812,1.082996415436374,285.0710132458423,1.3557695078764107,3.869022017507392e-49
274,-9.19218037879461,-10.96849255708364,0.11065845468699122,0.951077402240721,233.56035217511402,1.3029250875266554,4.6511567484915436e-49
275,-8.767689418538591,-10.820792284170125,0.06425892374764637,1.0808066984073128,468.041331061818,0.3400412985469021,6.1096286702431845e-49
276,-9.223890135512358,-11.083776975540511,0.11573286623183571,1.6846628341670051,362.19564684859745,1.137691233319722,6.1157085094503995e-49
277,-9.903749734342504,-12.771292045817242,0.21773886528289974,1.0129874005663373,467.91446428014365,0.17578892641488775,1.5417433645256002e-48
278,-8.111293839678348,-10.31205360958171,0.0238941185805064,1.2353966388964694,243.84068995936983,0.004932734792098437,1.9341270382629558e-48
279,-8.14831891062484,-10.893034948780505,0.02438371997292617,0.7170980671462646,214.90820169010584,1.3749303100842951,1.9493069526559715e-48
280,-8.212885634008357,-9.439167024464428,0.031598591498629015,1.1207715475176434,465.8654637630674,0.12167587891111697,2.9726068385940864e-48
281,-9.78960275637902,-8.895340098944146,0.13516341282208622,3.536960245010385,528.0065334854569,0.5544102848938142,3.1760450980030274e-48
282,-9.863568061593883,-10.609546356951208,0.1944312206764339,1.3424023015576128,291.886766807017,0.634340916623171,3.520073106380002e-48
283,-9.85788723454031,-10.191580277736746,0.18398711598514556,1.0905103719107136,283.9916934614413,1.4064581230125777,4.0594639485997404e-48
284,-8.558619635886577,-9.674495528444929,0.045161197930529334,0.9151593181825725,168.1475800332768,0.256297100419701,7.580742367972526e-48
285,-8.874973609426261,-10.510442295985067,0.07446247649593171,1.289932934761553,316.79773455094613,0.8698383836964885,7.877681452491463e-48
286,-9.091299825249704,-7.077275780006803,0.03907128212352693,1.202800031280993,241.66271046281412,0.03197778900744286,1.6368787019600485e-47
287,-9.35264166243011,-12.332473305643717,0.14507787046036844,1.8046121212976112,431.2578774581763,0.003921812466232133,1.8153431335069106e-47
288,-9.717343862486418,-9.866443520638303,0.1610081679743407,4.15190092062857,577.7070612381809,0.9042828731437007,2.2752693449610895e-47
289,-9.99065813159678,-12.374161927020015,0.23556107685690822,0.865722721669453,468.1253806182935,0.7450515761796863,2.4338011396290727e-47
290,-8.91187505123635,-9.69863437616856,0.07129971305062896,1.3027826960664506,323.6504170425612,0.33976997425337707,4.424486010869169e-47
291,-9.786937768233438,-8.840049521377477,0.13677750902373975,0.6618112124408023,134.05854059908867,0.6856594548200423,4.824425161527191e-47
292,-9.78298459186759,-10.727483005092669,0.19284015379149866,1.0316594813957243,266.61750103351073,0.1687124104174389,4.860645095951676e-47
293,-9.715797081941892,-6.7538374110529675,0.07000995362686631,1.2956218671443607,358.3357794208608,0.6944434958669428,9.239632045931075e-47
294,-8.815125686106157,-6.539441362382533,0.02786654001771955,1.4277824842983584,468.21468151347506,0.6853229674605457,9.843447072184766e-47
295,-8.682894291906285,-9.545023664047605,0.05333569725309828,1.048681499060867,468.1589359710751,0.8757810429796722,1.0564857867496571e-46
296,-9.440032440507133,-9.850861100605215,0.13396441371259318,0.9165594211003626,187.39186095181554,1.0867306412820783,2.2200808527189428e-46
297,-9.997652857426944,-8.064605265761923,0.128897105298962,2.459545192592415,448.9125691999699,1.285266554427781,2.4212745995235238e-46
298,-9.58049397474663,-10.033659312857708,0.15537817446857333,0.8437922785452606,175.94425528270656,0.37942501525915784,3.2181955595737948e-46
299,-9.2938418078247,-8.36443734359057,0.07960491952042623,1.4487729131128935,333.4030561330911,1.544181831102109,4.116330440306328e-46
300,-9.54562543563668,-11.71478250406813,0.176132806101108,0.8215931590663614,166.01119735083861,0.4862717325151644,4.540675083165099e-46
301,-9.921051272927922,-11.942028954617044,0.2330927951591118,1.3302118895241273,325.5604568428643,0.5754707363476204,5.237811094815336e-46
302,-9.94160548185759,-9.131244952282524,0.16660672363378667,1.0500757670677545,224.09283921572992,0.4893902732264115,6.977661663157262e-46
303,-9.940166772440216,-7.392804467245515,0.1033434477267048,1.0594243844652604,279.6375027895402,1.3846754318753263,1.8943236852019256e-45
304,-9.514754821104288,-6.469268084299035,0.05636839772847834,1.837789114945455,470.3300675741628,0.08686545416589997,3.098971774307533e-45
305,-9.297851426383716,-12.042915625609492,0.14596269845203602,1.6006951054065683,468.161478124286,0.6227414769090096,3.589592509210743e-45
306,-9.196824906571315,-10.33803600330316,0.11707513976213632,1.5643123689752172,346.1003879810707,0.7866790971198032,3.727295120584904e-45
307,-8.833369961274757,-6.652187834744326,0.03214242485411963,1.138008773942121,260.1612263773609,0.6228551685284502,4.414210379435083e-45
308,-9.23010580281232,-12.734194872077392,0.14066813436743236,0.9547066551646626,467.7244198868734,0.21495108247262262,5.023996766180808e-45
309,-8.516664741014305,-11.114748925588035,0.05135091956611579,3.334098242150843,525.7837051016297,1.5377530443377063,5.101137543811166e-45
310,-8.234288318651645,-10.873869278975018,0.03335005479481558,0.6905642986024166,136.92280545749256,0.1771066387329805,5.361090493896856e-45
311,-9.670681981762355,-11.06801614059763,0.19519938547849516,3.5706901225051606,533.0707834164223,0.38689792531608624,6.923770408457009e-45
312,-9.972559998072953,-7.813922094463254,0.12294566152197017,3.2271326099680295,461.7266792977754,0.17823394544094917,6.942171174058225e-45
313,-8.04176065261759,-9.837539325264274,0.02972801579728731,0.9226920684653203,163.56175669714113,0.1538851158095147,1.0917209415586981e-44
314,-8.747534561880967,-5.637699308468498,0.01853497177742378,10.610956876329183,492.0709004444931,0.13189569822642788,1.6641119536175148e-44
315,-9.855561301746228,-6.953354993407755,0.08911341640487805,1.7571797998304315,415.05351017148973,0.15404375246721447,2.8121173285146927e-44
316,-9.81449901184087,-6.008016792950031,0.07353078458398388,0.8897533363426615,235.3650638889296,1.3328428312312237,3.1022974425164254e-44
317,-9.15844907075543,-9.817727257225728,0.10532004848099585,2.533854842651231,460.427653913756,2.031006175473361,4.6765747129539e-44
318,-9.876337846216009,-11.295084130744545,0.23382468520544208,1.2183039249444354,259.0402518930531,0.8331856552288235,6.525704134007912e-44
319,-8.507719656423058,-8.739834350056821,0.04728364680078674,0.6550071597629017,466.5738079168974,0.45489985753099926,1.2549112740168642e-43
320,-9.08871644306689,-8.964618313105138,0.08326797250916018,17.638739681165703,646.2177646432889,0.020124517900016237,1.6316742675094927e-43
321,-8.833127852949431,-8.516417272975861,0.058455462289107855,0.9770328440205804,236.9827655766754,0.2837857195004023,1.7994626939357547e-43
322,-9.860292171521412,-11.448177650631767,0.2386233112443506,1.1472423907531761,469.19448824682456,0.632074684404178,2.9202007698623435e-43
323,-9.069891886349538,-7.688425714052198,0.05519191209762917,0.7235479914353156,156.6057773382194,0.3665521545258672,3.330972784553998e-43
324,-9.89475329882469,-10.517323671742998,0.22537057978996758,1.7129596647292127,467.9288991080787,0.2728991971755921,4.114003600135993e-43
325,-9.993795724977085,-11.299617587356835,0.25679219162716127,0.7744644593776009,468.57597449756946,0.2687948443013779,4.258073710953208e-43
326,-8.96411280848451,-12.758574092708454,0.11076368842503749,1.1645401204798773,296.31498809578574,1.2813208910205134,5.1567357006460115e-43
327,-9.450735460873807,-11.62708929313679,0.17734092382194003,6.447462456955863,608.1732410187126,0.12755630873298163,5.80874056313174e-43
328,-7.874871643593137,-9.922560931765187,0.019182069121409462,1.7708183595750786,466.46577243215455,0.6468700227192334,6.074023427327873e-43
329,-9.936041626896627,-12.075086981425473,0.25808588295300783,1.1713207870829148,281.4500440774988,0.3884236355894837,6.283831917864928e-43
330,-9.208814998704963,-5.928410465343055,0.04082993806510087,1.1174765213321634,468.38053398012136,0.5289485509839205,7.4728338866119e-43
331,-9.037560906972812,-8.163670698376942,0.06357832553254464,0.8579979926724655,148.18817765460938,0.2177796032708521,7.50150236670558e-43
332,-9.942299635311178,-10.118006362996208,0.22190339105884302,0.9212490340208398,468.70405126943376,0.026607750627845483,7.958000746802412e-43
333,-9.02327391791896,-5.673438079144703,0.03228799891730018,1.0667254038617002,278.4785762408204,1.4574989302189083,1.1782064966675341e-42
334,-8.961431464045898,-11.962780306857121,0.11013350467538749,1.146502273727961,276.97734086608335,0.9830351127349024,1.561911608054635e-42
335,-9.78475264910371,-12.769864513370518,0.2421261638524832,1.1213114880380812,293.3491534826344,1.0076379255882557,1.701385558123281e-42
336,-9.656114067439953,-10.320003021438865,0.19137383168889,1.206162325435559,305.66329680971893,0.6229067727996869,1.9623665356924203e-42
337,-8.251190095612275,-10.456774376860544,0.03681043269982812,1.5559252756484472,361.5275184374986,0.5811100239787139,1.9827828231551968e-42
338,-9.40047430693128,-9.510882256792119,0.1359145626277091,1.8929212861268716,468.27392677981453,0.6000114197616275,2.069699387817458e-42
339,-9.89022407150335,-7.662334473081271,0.11918413653050232,1.1883173610576512,257.78201787417,0.6785517184041083,3.9639899370013663e-42
340,-9.851778683092821,-12.695746837170576,0.2558141616583173,1.0728716075497395,467.73213619723276,0.12816515723211808,4.5776033100688193e-42
341,-9.906001046900954,-7.562372845196973,0.11612096458129466,0.7125780968382637,208.8499650210603,0.8976090987888847,4.63368716859814e-42
342,-9.597899917433368,-9.74554955252556,0.16843968028787734,0.8625865801512743,467.981015034331,0.6679860526378016,5.995919793457692e-42
343,-9.223121246608493,-9.424427577936479,0.11101809130103797,2.744165917502552,476.97515268702557,1.4456017041722928,7.342547948217583e-42
344,-8.797623606225255,-8.163909638511019,0.05425666538820469,2.0185441989449444,391.03089764535474,0.48382825639920757,7.88178954030765e-42
345,-9.888834019021576,-7.627995218607598,0.11831435955546785,0.6936493573058314,212.15838610003544,1.1332049428793338,1.8946509922311726e-41
346,-9.084331502305911,-7.313647929371897,0.05167888461213513,1.187601642039395,468.6272924820552,0.5593726351001997,2.0813682296744582e-41
347,-9.743613797356943,-9.019954267740788,0.1617148642815241,1.8384364902439148,441.6104453330165,0.011494257024153853,2.1095800456888503e-41
348,-9.320427654112608,-11.544937395111916,0.16496374345617315,1.0748134632824813,199.20965543215303,0.0927962941415359,2.3178174043787753e-41
349,-9.463108243277096,-12.266969598384106,0.19414239907074732,1.080943982956461,288.5008343088564,0.7531272843382038,2.7825219795258257e-41
350,-9.864622088798749,-11.38935412217446,0.25490751831909836,1.8970882994686542,469.4791101894544,0.23666998286519192,3.0957296216496366e-41
351,-9.205042760166625,-9.832547105593163,0.12431116305993956,8.768143545870766,585.8706297866672,0.022129825918265844,3.49411173729622e-41
352,-9.210125267272863,-11.276541839788816,0.14585361401177052,0.9364138686042838,205.41513298321317,0.11460478255362094,3.52577789248089e-41
353,-8.196976880828405,-9.145259138635804,0.03719870871358994,1.8698220181721261,450.6057911264518,0.07974542747049274,5.087401481214105e-41
354,-9.027739112406055,-11.899633319517594,0.12397831941369027,0.643754807665181,151.81377739724343,0.817690480378026,5.118375153782985e-41
355,-8.549732764584231,-7.207169399145532,0.024805747745179053,1.8289507588478267,155.10265752432593,0.35112621684282974,5.283430213713651e-41
356,-9.867780451171118,-12.089190987558876,0.26572835570665565,1.290673567432608,468.0922786787978,0.7265240121054912,7.979616309811799e-41
357,-9.65699483468417,-11.324910975147162,0.22181366771353073,1.642859349914653,239.71912328193778,0.09302721927813984,9.833910738305704e-41
358,-9.816211483874307,-12.94228144169383,0.2632811018412251,1.2336747987620584,467.79118442879593,0.5450142617961573,1.2682127498666132e-40
359,-9.489142331462686,-6.320701314387324,0.06296082039601913,0.8481675103558808,183.96706499546616,0.4589344033492795,1.4715878783669841e-40
360,-9.246068880880152,-8.38054247518238,0.09192902394268927,1.8591642930439067,468.66918463381734,0.6048782764769367,1.61250352917803e-40
361,-9.574277341593037,-9.915536783410055,0.1814660176194387,1.1096472617114734,428.2809287802204,0.5152868428874005,4.833627047558792e-40
362,-8.985797125198339,-9.641539532789928,0.09645442929929185,0.8023577934162315,164.25618467309167,0.0971173505511791,6.901452934483865e-40
363,-9.120907666970208,-12.674723436491032,0.14688516635268034,1.6443971865479996,383.9510636168204,0.1991998149673,7.882465328601704e-40
364,-9.07853566074454,-8.296626242703567,0.07743495214461751,0.561310449474518,137.4854306116399,0.22898093662845032,7.950818102503856e-40
365,-9.813138515930843,-12.195625284678297,0.2666858599723859,1.2652719048074361,301.7231190454564,0.49082901895025,9.322236572684591e-40
366,-8.790576788145673,-11.453620664525856,0.09433818705654252,1.114557377534943,186.71412578020545,0.4509113481823439,1.0513912094333578e-39
367,-9.928939591438057,-6.889417884513826,0.10794643922652215,1.2439860744370224,266.7108456266592,0.04059858535953609,1.0801022286972065e-39
368,-8.674018514288763,-11.887408111984962,0.08158787681273842,0.8300891766320734,469.93929820139437,0.05143723314612547,1.2391257151250496e-39
369,-9.849386411569869,-8.847831079244028,0.17497594926224028,1.8397503702348814,467.54922895971777,0.42623156940446716,1.3202898029249498e-39
370,-9.80644411595639,-11.580459032295412,0.2618379458261404,0.8308965365140567,168.0298864071553,0.9358947591285576,1.48158121502713e-39
371,-8.614888573621247,-11.893961162529981,0.07486892559988814,1.1919327021680237,267.095188426053,0.5151258597665151,1.501800100689297e-39
372,-9.545083273150201,-8.476342473894963,0.12495253507511281,1.820115554435043,436.13564724615543,0.0017811752977863193,1.7414513200283958e-39
373,-8.775426641076777,-9.227345455524715,0.07206740306387911,1.3858867480892234,323.66946561839114,0.6569786901187316,1.797435442582759e-39
374,-8.705849789721672,-8.253209979355642,0.056046709529124064,1.533077876052289,468.820485341684,0.672504993144976,1.8621730294972194e-39
375,-8.000043660414612,-9.447054699171039,0.026651665757431758,1.0407726248373241,275.4876357220555,1.646817444340436,2.2327401747052283e-39
376,-9.875101986827634,-5.585542819954241,0.0870203043093848,1.07525535200568,286.5926376858642,1.630596588136922,2.7066017288303284e-39
377,-9.89743525282522,-9.519777106411322,0.21707350810416964,1.1500435757497178,293.22917859226254,0.24594086344772048,2.86977782882691e-39
378,-9.083482240810065,-9.317466970596515,0.10252353918923791,1.1128214479261702,174.37081890626402,0.17123003425621697,3.933682205317463e-39
379,-9.564237871387393,-12.767090201440034,0.22885667601963613,0.9338892875284454,468.86189428790306,0.13206950123387262,4.604701892285302e-39
380,-9.391145299733193,-10.734203511410117,0.17890424930777316,1.7308796999888376,372.45922309021586,1.8398466860037788,6.457940981399997e-39
381,-8.684487354460254,-9.128204174355664,0.06557901478721591,1.624177403688038,380.7619592904788,0.6151221590268179,7.6348294048978e-39
382,-9.93629601216792,-9.729027637313862,0.23390807501569577,0.992325917133443,468.0569653232986,0.8862892664183226,7.780380740365179e-39
383,-9.763394282153076,-10.454935083377434,0.23653926592575392,1.0206583358298291,227.7781685495522,0.31514402490609683,1.0057316158961477e-38
384,-9.622645634873768,-8.851080604375209,0.15403224199594537,3.7176949485071695,552.3445097609726,1.3115111653366478,1.1263599156705301e-38
385,-9.293564670141235,-11.416106298195924,0.17393768698726836,1.1871332292477283,287.00656428412265,0.4804060658249911,1.3791767896118308e-38
386,-9.962782765915083,-9.274161899760038,0.21825107345427475,4.370102281902385,591.0003437042803,0.8766140889527234,1.7060115503918227e-38
387,-9.155426295288631,-8.296149040794928,0.08649850829094044,0.9007731170342755,248.93104740192192,0.818390388551788,1.7524960668924084e-38
388,-8.504060837055647,-11.96190985914567,0.06586307944237342,0.8783046100751762,177.01916400223206,0.4666939865005926,1.758365685827335e-38
389,-9.200660757052525,-10.305312946994983,0.14453635622541783,0.917016442242823,467.6869203500321,0.06629537020896148,1.8416690184767494e-38
390,-8.624063208957482,-9.924094539118531,0.06914473652380884,1.3554693725313385,330.4544846456974,0.354627762157798,2.0404727781340128e-38
391,-9.911162184676948,-10.788072167016624,0.2751501652732793,1.8134639431504305,430.60566767915304,0.5518243647714476,3.001605178399524e-38
392,-9.554890114961788,-10.376267309209991,0.20350668352721257,1.171121228392601,298.13329118013655,0.5741443268344648,3.447863504781695e-38
393,-7.980275256838629,-12.383467123691608,0.028992203837574296,1.6459845660050416,386.8741152325494,0.5699100524764695,3.687340438546923e-38
394,-9.504573207914564,-11.519037231686173,0.21875684497985864,1.0162850071889329,276.5582862014849,1.1291808405375319,5.236028555591998e-38
395,-8.572521894458976,-11.762385326142379,0.0744960370310695,0.6891513455728098,157.70627541241208,0.019917562084021512,6.299677089806471e-38
396,-9.033071436046285,-10.835713375841394,0.13260831835927314,1.7405309437861627,411.09952889437886,0.3404031133317824,7.206132468256406e-38
397,-7.8284397716914516,-8.950833254543245,0.007003444819845319,1.2322634214009949,220.12212423498917,0.027557210515618102,7.852087201357677e-38
398,-9.548826042456605,-12.104370985526945,0.23429864273493478,0.8398142937226662,168.23147854428564,0.33836966114958233,1.1363878914653666e-37
399,-9.780327387782576,-9.420432401489855,0.205077921268092,2.058193527941581,185.66126647192394,0.2873919005513921,1.1538412244762337e-37
400,-9.973343100460514,-9.232406467643578,0.22329415887912263,1.0640192083736968,285.55707597050554,0.3740149482831949,1.3159428685240637e-37
401,-9.968385222653538,-11.266673242377653,0.30220597983074143,0.7132581024870697,200.92539503639443,1.2551749828673477,1.3480478191850235e-37
402,-9.091711300490047,-9.697015438098557,0.11753272079894889,0.9055491164607232,240.2842002551535,0.2981211539262958,1.8402161222054132e-37
403,-9.629965090167541,-10.262400475752528,0.21959720053941156,1.3343995592806432,309.2279610744457,0.16626471608578175,2.729010854813056e-37
404,-9.908244824595805,-7.117272038776227,0.12308871148213153,1.0582958024421192,285.1175392188169,0.33230215806592955,2.898633253254172e-37
405,-9.833182522388828,-12.067992111100928,0.2929388624316813,0.7311503127418159,150.50614898075114,0.11292821361493743,3.2750425466291608e-37
406,-9.132227352272942,-7.210886235268325,0.0611105000985688,2.3376818825782855,423.95832625116304,0.5476519489985856,3.844880100801352e-37
407,-9.936701954606582,-9.842378077002719,0.25466609873694834,0.8661477858832287,469.19693164968646,0.20740793527639667,4.400389886341235e-37
408,-9.516980207923762,-12.322201168425837,0.23531500865456703,0.8695160815766454,394.5383118255208,0.0358409686918284,5.382321365544903e-37
409,-7.963617046361705,-12.542001134545668,0.029891185626877058,1.110602610339101,221.5694202404382,0.010803606358471995,5.4233171345527945e-37
410,-9.07184992973317,-10.31405930626159,0.13462376201546755,1.824719860973106,469.6794257754967,0.10480098684096273,7.39386426495561e-37
411,-9.7405017092658,-12.565238185956474,0.28460598092855616,22.765320936177876,883.6763221046596,0.25121051330476885,1.26130690498891e-36
412,-9.786486325681695,-7.991544377345129,0.1429762295947548,1.8377786852320055,468.09256034069796,0.7266322254521365,1.3210572979080213e-36
413,-9.93534760125609,-5.135368703438313,0.09873705473710967,1.8133561697230385,460.6512724168811,0.6696010181497085,1.5489308466601433e-36
414,-8.018217655764783,-8.903491700650097,0.02304785976817605,1.7643603793378184,418.32750939853076,0.33434320044923993,1.726486319334367e-36
415,-9.316177441038285,-12.376200932385055,0.20142313578469495,1.4550919552734793,334.96572686280126,1.5481358282122804,2.0954661740161123e-36
416,-9.659060586004557,-7.704469749722067,0.11967351256119023,1.1001709596395153,468.39466441443244,0.3974336178370459,2.3223786192299243e-36
417,-8.175456450450554,-9.286076903879259,0.04465543528125567,1.3909630697021451,178.8127875184072,0.1459459509714156,2.5739790804364525e-36
418,-9.680846277832849,-6.012040591829876,0.08598791539532105,12.067108849983432,761.0012740720713,0.19498220420632162,3.164526756857242e-36
419,-9.771391118869076,-5.837055064068196,0.09279209239609103,1.1440738134147228,468.4095650300054,0.539946143127219,3.273431487779809e-36
420,-9.546240689908325,-7.803182488376182,0.11369984200576244,1.1216527006918189,291.42356505890706,0.8963093041093844,3.2888849844998645e-36
421,-9.118550232373877,-8.434135604473905,0.09341034079446739,1.1079868415263836,304.5400098890213,0.8596077188227964,3.4259238699887276e-36
422,-9.520402266837142,-8.53079605881016,0.1378268131513262,0.6762965547391904,190.74446555496664,0.8195631903951837,3.845491114143043e-36
423,-9.343663539768711,-10.56169786913649,0.18672780553389212,0.8782309115439587,234.64772450872795,0.20266234408957473,5.261678535413117e-36
424,-9.356104240615611,-9.834629266400684,0.16988260140437564,1.0953921585738755,163.25877226681754,0.20032278915585433,9.943972942096473e-36
425,-9.682537487788032,-5.670164137650525,0.0852235947924414,0.9531980107208466,264.6388861484812,1.5098541784862336,1.0764175783464485e-35
426,-8.627456082053207,-6.538948060937735,0.027337389790191242,1.033518018267028,270.45927828646745,1.432151989213069,1.5780073662396997e-35
427,-9.627486514187462,-10.598953258158783,0.24362553047820243,1.6168271142683157,346.142459516086,0.8508130786110977,1.6609577196373957e-35
428,-9.57924420175476,-11.6434063253124,0.25549666913389785,1.5753943340518848,372.92511784168477,0.31627329275981,1.8583559502924664e-35
429,-9.469883587326784,-11.065089758211526,0.2251321041787132,1.4589763904418698,330.41536406098936,0.9260451905472076,2.038911173333677e-35
430,-8.483921243471809,-10.064825516752347,0.06602089107361357,0.9100410414001006,173.4798114770782,0.2603991166904436,3.079793296889436e-35
431,-8.993970654867883,-8.634279605924498,0.09037234705914245,3.243957506736909,502.2730246936949,0.47656404287834775,3.137053996801722e-35
432,-9.36265128472706,-10.894429311309441,0.20427969212052183,1.6920446872596202,467.85294111312214,0.5973682851852766,5.816018567124244e-35
433,-9.176588806340428,-6.710299434532594,0.06064853897330695,0.9440956573099417,467.66535898629655,0.4107585507009226,8.656381756011726e-35
434,-9.2369421494228,-10.146626913249415,0.166346301894269,1.8660233909226929,453.10311021972154,0.6015134053078164,9.182481335821977e-35
435,-9.762733528753303,-10.167764708139483,0.26276633779485803,2.138519174605673,419.85837915956483,1.7275907889183069,1.228213722438314e-34
436,-9.332426083328636,-6.9451173214215665,0.07727070796555066,1.231944235376301,156.49488939069582,0.24844682540724783,1.257534413550445e-34
437,-9.311253826189764,-9.948418729773142,0.17523666829067988,0.9692843972699178,151.8123949944299,0.40346588802729855,1.6074143475893078e-34
438,-8.597503919723028,-12.697586880757498,0.09100424912705518,1.025815058569134,468.99110604889637,0.0029454859113577925,1.9936502409396653e-34
439,-9.623055106048696,-8.857403307550957,0.17663132862697825,6.963929351947737,685.1830652382096,0.26762990529134534,2.457311024287967e-34
440,-8.570522751511096,-6.491940169726319,0.023218109512731254,1.1024312630576987,259.9993337483796,0.507589387918201,2.586596143148238e-34
441,-9.598044923981659,-7.192470577062097,0.10680619572663619,0.7588670253955024,466.94974184289873,0.25776798301225323,2.928372902892939e-34
442,-9.92717460208292,-8.232053665466324,0.18459137559698358,0.8417049550795113,239.63979332762062,1.1575611835335087,3.122064759167608e-34
443,-9.997405518212386,-10.422210371451731,0.3206934315907371,0.9588388797869208,250.94102562858046,0.9217816141240158,3.1261091584075455e-34
444,-9.853080124335102,-9.03341702334452,0.2216614119232879,1.3784542711416683,305.96940337899593,0.2666971914698095,4.012627769160818e-34
445,-9.32485397944608,-11.151830458882493,0.20856488027300152,0.5045402293188934,123.36896544330516,0.7488305694539639,4.106381946328885e-34
446,-8.891409353348028,-12.504200679686605,0.13921216271149264,1.191579348014244,245.0769487262456,0.07058161641060146,4.437119615259543e-34
447,-7.626747012101332,-10.705941491047538,0.01492975974016627,1.6384959133510961,380.87178085965667,0.9610207546170786,5.269932586422232e-34
448,-9.186092158199257,-7.710741443071041,0.08496639330002452,1.6550582071143944,387.7750546555992,0.3051747031848846,5.606878787757562e-34
449,-9.828374759102074,-12.927171174537868,0.3402155398640425,0.8493229604477484,203.85162620668012,0.625533675039212,8.518139265213882e-34
450,-8.654699673573326,-8.457517790541957,0.0691080736130456,1.0661337541327758,284.1573714832118,1.860058434224766,9.053702265955696e-34
451,-8.237708625445922,-7.077449221977154,0.006387646963949892,2.069546860924526,406.26593149238215,1.0817053820048734,9.594086832119793e-34
452,-9.591517459320862,-12.184177826306813,0.28397483898448506,1.7558435915762414,371.5007763966269,1.2333678726668333,1.1363270544980047e-33
453,-9.391471668866476,-10.875179796128247,0.22202122097847765,1.7983086830780506,427.4224422686977,0.27785196369688503,1.1781429354892396e-33
454,-9.967935710274432,-11.020466745816263,0.34580396943204494,1.0804231326411504,286.2222271323673,1.7397879000480208,1.44667669717688e-33
455,-8.723609959918383,-9.049258937003648,0.08198692775202268,1.7288014446561262,468.5926085668235,0.25827844510118236,1.5333617783558142e-33
456,-9.752259661303158,-9.402576964131736,0.2301684822699234,3.5006468528044343,531.7948906912854,0.8080365089722799,1.620755071967273e-33
457,-9.81127880040796,-10.885990379809037,0.31012812976377907,1.895972595537803,456.5879046148632,0.5594871242545549,1.7359119302607868e-33
458,-9.301833874047324,-11.725902580475857,0.2169102316930747,0.886902696290838,188.28530069031294,1.0259187507239718,1.8089359804640998e-33
459,-9.227778562978928,-11.444042003660645,0.19730548660803218,1.7062226446244058,453.5274365496485,0.8158170204733972,2.2522047955393476e-33
460,-9.96841718348441,-10.710901388241197,0.3396681347744567,1.6776392507390012,335.95499306173036,0.5099303946915539,2.2698444911801015e-33
461,-8.887844522452543,-9.241949562276861,0.10108119791164917,0.8588632417861451,221.23555037240374,1.0729827192424777,2.6120301816398147e-33
462,-9.827831944093598,-12.02542733081869,0.34146507284747407,0.7469069731788396,152.01298464464793,0.07698795273673209,3.203782412753022e-33
463,-7.825378764746741,-12.571572761694963,0.02922483613816544,1.0298121451493534,206.3525733172267,0.19953530368913608,3.409781900654778e-33
464,-9.61433854669458,-12.148161523376462,0.2936964137344488,1.3338913960966492,324.5134770604437,0.27380587249075994,3.6246100834380844e-33
465,-9.861120079128908,-10.911596582520774,0.3267341826523116,0.954733358280505,468.0680537442651,0.912928625168802,3.909926198464666e-33
466,-9.836700877675892,-12.661909708880021,0.34949233689480086,5.1422749868073385,343.1359677726981,0.16479724003619634,4.177859645113427e-33
467,-9.976855855891397,-5.634089722571379,0.1215105836509257,1.5208593652859053,359.0824526520374,0.4581090593691268,4.4581106569644425e-33
468,-9.26137503306043,-10.430133796027398,0.19002750795634574,0.706606022254851,148.2805267311193,0.23234957283930147,5.613377887190852e-33
469,-9.572956333029492,-6.57243370343413,0.09594722259762196,0.9006691712028738,183.95431442878328,0.49297350336258905,8.785743858180933e-33
470,-9.775843284407404,-10.919175065104799,0.31385757746140913,1.838237765112257,468.1069940911479,0.7347802586959782,1.0699824019273643e-32
471,-8.694633864120144,-5.925647911736258,0.030211320991642105,1.1976727700715166,304.64697019964785,0.640992890274318,1.2729880733866638e-32
472,-8.757284662217282,-12.089202736345694,0.11976718430897024,1.1468082405184767,298.9756310448182,0.5784690796827183,1.6905900408825995e-32
473,-8.61332852097698,-8.420184302641683,0.07104295569845606,0.9967068532421657,272.4082007967608,1.8178181699117628,2.4022889257193621e-32
474,-9.378830545190667,-7.067368915386613,0.09159734332970414,2.268464633224691,434.34216144693505,1.989459582172489,2.860173289657378e-32
475,-8.997647969163511,-10.841351928343451,0.15586881144860687,1.0113198343776137,468.5027765391322,0.6533476502863866,3.627442076446352e-32
476,-8.496551258112357,-12.351429511857704,0.08503515242748035,2.568416152119426,461.8225557021892,1.53576484091292,3.718640551800395e-32
477,-9.810737993738746,-9.88586401072075,0.28499541221621205,1.7158675166136435,455.78291764603756,0.6541140883358452,5.199283148389138e-32
478,-8.086760056861774,-9.004324179680442,0.036886231089407355,1.2060117408850541,261.2789036229833,0.23654946701688928,7.150416810967977e-32
479,-8.407394695142079,-10.201015378931032,0.06966752687965358,1.0390303592744339,468.6937355515682,0.08055574284467948,7.313978869581604e-32
480,-9.064819571128739,-9.431523475069913,0.13237054168879703,1.2589524975931785,315.46236128378126,0.35256816411089975,7.409387322308556e-32
481,-8.71309669353692,-10.949904183407561,0.11095825687642273,3.931088863788421,557.2350637513911,0.567566395083861,7.488834983294943e-32
482,-8.367879051974883,-12.367020653538294,0.07122528201965429,0.9529111133553403,470.27024082874465,0.02917052603737247,9.179135433081076e-32
483,-9.459645649816695,-12.02779730491355,0.27327444630499464,1.0437639565536223,271.31527500723587,0.9741095242917135,1.0205959978814494e-31
484,-9.697893035334097,-7.044675785513024,0.12234551186504111,0.9089661718160711,281.64465916398865,0.8102345482126454,1.0329555012884036e-31
485,-8.526131742272756,-8.268502362286315,0.06319073169645804,1.1414348810429167,298.9995037536458,0.7456660296797253,1.269846298272431e-31
486,-7.629601228026518,-9.187338188829536,0.0008935000230808971,1.9147006216034899,468.8918220509282,0.6413232274781917,2.4759880353657247e-31
487,-9.774221871424935,-9.660555107102565,0.2730411469959309,1.880518473836892,468.7416363411374,0.14346864409342697,3.107119507416889e-31
488,-8.992677509958526,-12.687837401690224,0.1745923638765717,0.8059251424587229,203.38186694546178,0.1644406396801381,3.1405178019500393e-31
489,-9.541821399863803,-10.568515746361385,0.2688111033639399,1.7953672828485847,426.76093475096627,0.08937306267297007,3.174225783201714e-31
490,-9.641875448590087,-9.560224878171816,0.24184865955203644,1.4412250478869388,328.9994266857047,0.729335811091623,4.700393497581828e-31
491,-9.027473555256579,-9.558925776564761,0.13516842153749858,1.8387869995447181,467.93835173543425,0.3332361340042542,5.632839462990733e-31
492,-9.744073000559949,-8.128312554253121,0.17976584625240746,1.8018105700904132,377.37519410500556,1.3476021950032724,7.7140005247826275e-31
493,-9.782048265342443,-11.413650928787385,0.35734252042672043,4.992381744952431,596.7806904618221,0.22395972823549837,8.960475775520656e-31
494,-9.186664590662563,-10.7735925994097,0.19999091371874594,0.9849580467631465,266.6962757494056,1.5122990976075235,9.408183676472552e-31
495,-8.370975268423987,-11.722486592929988,0.07462778417497416,2.165988554637863,409.67448975554373,0.2623671348829726,1.589802361638311e-30
496,-8.857840520124427,-12.364927058515025,0.15381696192063604,1.1693884577267628,467.07567877365295,0.4093258802634159,1.6386908162669557e-30
497,-9.117925365787592,-9.389152544882489,0.14706368273479686,1.681856318173884,394.989222165305,0.019407523943759664,1.7117489663356943e-30
498,-8.806921962642694,-9.416088036919621,0.10668500475845703,1.1357933887544809,206.984768198425,0.028892685390419892,1.9332730081915405e-30
499,-9.823793915238944,-9.828026374001038,0.3011089237711987,1.7476671931856511,414.01760769943166,0.6478503419096873,2.2540384040756675e-30
500,-9.99522562183587,-9.986107299743761,0.3497456573265661,2.488215202016334,449.9960782190439,0.31831562462016905,2.5362049731078718e-30
501,-9.925697195499357,-11.795825623470835,0.40464558206502593,1.2085620385256164,468.746352061695,0.01834519505575205,2.8460579253105426e-30
502,-8.753806147580201,-9.116213622194902,0.09475748815415151,1.8081095605771857,469.2893395253359,0.07652489993458111,2.9400011625509867e-30
503,-7.55290966613397,-12.767846697234129,0.019647778629442073,4.735281631472831,607.7419573805469,0.5851465958212057,3.918564504631654e-30
504,-9.799816084027235,-9.078903996025058,0.24856404063734364,2.4850873139651366,449.7844320678757,1.0872528664424896,4.323426014061113e-30
505,-9.547135639925713,-12.631583113391597,0.3223314377806645,1.659428033460495,390.0189798722468,0.492567946777676,4.398828558552159e-30
506,-9.888318479718457,-6.735753826581473,0.14640296889413382,2.8783344485022426,489.03637232794307,1.475909218567529,4.791258612488689e-30
507,-8.686809741238337,-11.31693083003762,0.11874951521226929,1.2963579334316162,276.2581632289794,0.30657453396471723,4.896826044806254e-30
508,-9.80612494176203,-12.359806675192536,0.3880765629192279,0.7084652783867389,466.8720011946867,0.35076775821956474,5.2770146414369654e-30
509,-9.295399884585011,-11.837121951067006,0.24944970541386632,1.176670244338981,299.0571524603137,0.6798231876779957,6.33411274170958e-30
510,-9.688623681199674,-11.611455362003012,0.35124844495618596,2.8927569936843023,465.59463525944363,0.28093335628103144,6.562160141230083e-30
511,-8.305154454988672,-12.834632058495039,0.07010742874222929,2.959255649491436,487.56729453939994,0.2705125225919627,6.874956841162119e-30
512,-8.321100579128874,-12.047059298037771,0.07190269526331017,1.16106472592501,298.4108775614663,0.8335779381967301,7.673461160174047e-30
513,-8.578907610983897,-8.399333896434586,0.07794490657252505,1.4943460493834273,344.9846372293863,0.33799362409499967,8.819030466283946e-30
514,-8.514330046013644,-9.470810583536931,0.0819382622604174,1.1677675845739675,297.49729374276825,0.9625518889784681,1.2483097372070131e-29
515,-8.544004698090468,-5.970361364335509,0.021775228043644325,0.6503009214741189,181.15027800801565,1.3150332792637363,1.2565867882955915e-29
516,-9.242152009310516,-10.703425381010858,0.22012594103243532,1.5328030680357079,345.3615452602974,1.3760202384804225,1.597703074255679e-29
517,-9.542659349151617,-8.54873195829428,0.17841569259459877,1.1066601247656405,294.1350289077302,0.8804611260555761,1.6670702445475616e-29
518,-9.462072434348293,-10.499106403136562,0.2663474958965272,0.8682004060767649,186.73429088917737,0.05029505606277329,1.8370602786171016e-29
519,-8.401890897213772,-12.727295215701353,0.08393452240849801,1.6852744369900499,468.0589938228671,0.7076178986558155,2.1296088150466424e-29
520,-9.409227989788562,-12.137469296913839,0.291001880342161,1.341269926073841,296.6089951973072,0.05047402051261507,2.844536486002836e-29
521,-8.772812172322787,-5.111367330976684,0.038003870177875196,0.8596666780208204,237.11470545618428,0.6731053924377433,3.29623780424332e-29
522,-8.338582610466798,-9.349618825070394,0.0704186464513649,1.0965728639194217,261.79742873020655,1.3325527108490007,3.788860206984816e-29
523,-9.959197005930331,-10.228269371870068,0.377653141161432,1.0968500586316896,238.59601910966543,0.19100651155949055,3.914503503709306e-29
524,-8.66899017272005,-8.646835379406024,0.08430389826275023,0.9718044830198329,271.4183615116445,1.718258513337803,4.3006427255874146e-29
525,-9.79618497291088,-6.639931160847743,0.1388639331733565,3.362595764581966,390.8526081180969,0.011375100146627126,6.347625644994632e-29
526,-9.670448398330134,-11.895444126680086,0.3688811759083884,1.2391789005983556,283.55324367507933,0.7370209017339517,6.487280309131658e-29
527,-9.753402043163119,-11.500858309255184,0.3827155980523391,0.7391495164027085,147.21744288809907,0.20203422807367932,6.769527882967672e-29
528,-9.170316459614176,-9.827177182502052,0.18268625119633314,0.8728694378409108,468.1132395334317,0.7382769935464522,6.784015801742638e-29
529,-9.138842192431577,-10.931778376028833,0.20959871651149178,1.2023817208272256,263.6700891595194,0.2495969837343459,7.509005188343023e-29
530,-9.82095846620506,-10.360649147050346,0.3588950842652651,1.0351179699514301,467.36137312610646,0.5800781764009662,9.275275792007484e-29
531,-9.491081678280658,-12.663785185216057,0.32840497980966443,1.9176437536289046,394.94566281465757,1.7819813504073299,1.054460426522828e-28
532,-9.492742816140465,-9.163611702643887,0.2127860136365709,6.039375159657319,558.3019212450811,0.0743534256942242,1.1709832702922387e-28
533,-9.734129844220881,-9.921708025155885,0.3113371372058285,1.135139724890382,298.24607319204443,0.7802841318352414,1.4644655774875477e-28
534,-7.72032648779911,-10.760144110727179,0.03169725429196508,2.2951429964928347,352.5813985915498,0.07739347273773323,1.5482718322671264e-28
535,-8.558814527729224,-10.00062356566908,0.09422827970112112,0.8873765997020396,254.0624522386725,0.7560633595866841,1.5980028815359766e-28
536,-9.999635902080035,-10.090431920308621,0.3879036886130779,1.0787267145636708,256.6931425881456,0.49872341988213353,1.8094013492577695e-28
537,-9.962017272866404,-12.158399481403798,0.4496743182763322,1.4485632384977651,318.67386679448197,0.5656288424271825,1.87074119021803e-28
538,-9.11310875301205,-7.671383648341333,0.09701954587205645,1.1025379554902905,260.4989334183771,1.4666319387907292,1.9364806365592178e-28
539,-9.939756038593803,-10.94524449080061,0.42124891237346934,0.7601137674853728,172.35446338602793,0.3085173665906291,1.9526575478779337e-28
540,-9.33649471779942,-11.314385454476941,0.2711197236751406,1.3184299544190416,258.7319685669345,0.031379455568266046,2.1778601109777895e-28
541,-9.711288034752638,-5.011145907491802,0.11330233116012009,3.254264581856501,491.64945761574353,0.2985629216438239,2.3008184679662727e-28
542,-9.996230048743458,-11.335858822532304,0.44538682614790465,22.04125745395213,643.1855466506511,0.04284816072666864,2.7382784634486144e-28
543,-9.979214516689764,-9.428161603389873,0.3330841060680837,0.7943681486959029,234.07956394028187,1.4920734543484446,2.7737594827664727e-28
544,-9.699697974848778,-12.516664071104659,0.3950790423594727,1.5692785066391064,349.8279342372575,0.6641197384152759,2.8464275320481396e-28
545,-9.495991652364978,-8.967191929238547,0.2059607750632268,1.0981620532118233,283.7381216622273,0.5748120502844936,3.0475511058012147e-28
546,-9.786116392132204,-12.662889650906516,0.4213396564371887,6.875378802957562,698.2165656567141,0.3307676624117706,3.286689605145379e-28
547,-9.53320597394408,-11.952763764463025,0.34311902703635805,0.915990390856886,467.4085384177732,0.9272103882305105,3.69292970758627e-28
548,-9.334871494644622,-9.834051440286958,0.22294763080863544,0.7686064659273458,175.45014836549416,0.08208172321577845,5.023741949598713e-28
549,-9.930643249103825,-12.246287455816297,0.453095303770263,1.2058453475584263,467.1180111812045,0.25207385490243084,5.112855822946429e-28
550,-8.693105868699924,-7.708760547177549,0.07289180231129577,11.432942663385205,745.8588364190039,0.19892379870406973,5.4696356125846125e-28
551,-9.7003500723323,-8.024848483594507,0.18548913234713604,1.0465204030442032,468.45587853869245,0.3706906409257593,6.060912834826166e-28
552,-9.60072425364579,-12.098113068228418,0.3722364749396416,0.7969751185930306,176.36379177046297,0.1407445227666999,9.8875757927192e-28
553,-9.729989082636843,-11.212407479795038,0.39116549414872653,1.6976085804661183,370.9531687705053,0.8102044382517777,1.0337065291383687e-27
554,-9.918532237216029,-12.83085128256729,0.46294065827277986,1.1147116869281952,265.16023830572635,1.3512361322474007,1.1429084072348689e-27
555,-8.317640066764598,-10.474356761449975,0.07583360306716415,0.9072496628438139,238.55122053765533,0.2071905489872119,1.3058507921528319e-27
556,-9.947767766981212,-11.438420988636658,0.45354583392642495,1.294388195769507,316.25152691038033,0.22899716218807065,1.3831724385514424e-27
557,-8.2315776380477,-8.128667827992059,0.03728786870916101,1.2392709788779988,302.3888953249276,1.42779434891274,1.4288868267163544e-27
558,-8.169043969908564,-10.868750714004781,0.06179454099260497,1.168002724164644,299.35778334641634,0.42684295389032023,1.483880942961735e-27
559,-9.414543354699397,-10.403357536363053,0.2731593864810459,0.9615228716134464,467.30270148068,0.5475289333635205,1.5367499862398369e-27
560,-9.737306923227314,-12.08327503494606,0.4147262861631486,1.880605158311324,462.30545238005277,0.06221643860582571,1.6527604554477604e-27
561,-8.931652583140995,-9.120559224188682,0.1282671177657255,2.6679187650507497,469.37688707805904,1.3618193928592186,1.7179931778347753e-27
562,-9.796940582015935,-5.979821812061642,0.13588355007408331,1.871180986109861,389.9165178157739,1.7843215205289367,1.939180496673884e-27
563,-9.767145481499274,-5.322839127992416,0.12645751242223585,2.383849390049075,444.4460680198692,1.7447262361611804,2.0399490898230155e-27
564,-8.219944498651532,-8.81622319331229,0.0566085849772621,1.7458246861241535,411.8715178026567,0.2304858562168146,2.066417933994929e-27
565,-9.012977970682925,-8.846327084542468,0.13202907494765886,1.3672183419411417,306.4888742172845,0.7868674610375548,2.297331630801942e-27
566,-9.691443371667901,-11.097846838206323,0.3849475665808052,0.988498957692516,451.4604536982611,0.16257369033750546,2.5521939223683933e-27
567,-9.894854792581977,-11.602202420333308,0.4517185412485373,1.1223390481918292,252.10652414788717,0.1776441175140855,2.9835873281559957e-27
568,-9.3405577521079,-8.31122488895403,0.15334625293466703,1.9615379688541352,336.1630848620225,0.10204862432506534,3.0423308503958095e-27
569,-9.70494021172664,-10.306799448664611,0.35118796976488986,1.0406017257324565,468.0636710859635,0.7101168423350286,3.0731629640642424e-27
570,-8.945594239236343,-10.793705349725748,0.17754421340861457,0.9927808722858344,274.2452311722033,1.52174792923019,3.266408103965578e-27
571,-7.462864309989198,-12.808458405554406,0.01703679859634656,1.0607983714143556,175.04363101575606,0.1739481946147885,3.329721277131167e-27
572,-9.763831188128002,-6.291425107002669,0.13776327606516098,1.183351307046732,190.55248318165476,0.14119535772779113,3.5983741615581266e-27
573,-8.84173901702331,-12.894704752231977,0.17533174955321437,1.2622432793128209,277.01669257869156,0.2760712923944224,3.60973106539278e-27
574,-8.892463472107272,-7.7608467671753365,0.08623661859225952,2.4985515684527964,457.30769136228673,2.149228287492911,4.594405020518732e-27
575,-9.103555069212987,-12.560143377490087,0.23834853231379763,1.6283306369286215,379.8403719807318,0.43847442212689103,5.120794837320674e-27
576,-9.89044476734094,-7.534569741012674,0.19844002220460613,1.2813218926892855,314.1743544989181,0.3728597481906961,5.149775872690505e-27
577,-9.610220164205993,-11.67722520101837,0.38299568957728625,3.0033719961888603,500.3612834644732,1.6897708205818898,5.2963151695777124e-27
578,-9.706940756328663,-7.764570516017685,0.18256676819598863,0.8627461093637918,467.72110922400293,0.6497861029368508,5.52743012317909e-27
579,-9.695853061545227,-11.98432471761388,0.413173652817416,1.341765851381697,322.6022056574682,0.8556825686616705,5.820073023767464e-27
580,-9.90226693005075,-11.684237371960926,0.46356789468289056,1.4196570359733383,335.41764518270224,1.7122694506017053,6.342956009560665e-27
581,-9.707535347787882,-11.60114609895806,0.4111078741074184,1.6973676596889469,199.98188010829918,0.1592287918546873,6.4014472033564056e-27
582,-9.15192978798073,-12.779286557601804,0.25439024803423366,1.6085243535306624,468.0387080890223,0.1748693643504584,6.765246820542167e-27
583,-9.103921002516161,-6.1712646719434145,0.07249265422785436,1.0679606003085158,285.5370237159424,1.7198631562632345,7.238168931600057e-27
584,-9.420760976613225,-10.185770353226557,0.27395074895580745,0.778165379206918,142.557844841847,0.12176271192580135,7.653652691498374e-27
585,-9.34917735480688,-11.102143697557674,0.29238170849315726,1.678562990132388,398.776055492604,0.4151698683941296,8.35422613189012e-27
586,-8.383260246693826,-5.135969932068017,0.006660107042653858,0.8954121645544468,229.49506912040817,0.17728354952447578,8.415350738003092e-27
587,-8.92904886141326,-12.571426932880103,0.197282686927365,1.7657259036117683,372.37975506079397,1.268132329519398,8.627762866749342e-27
588,-9.828511732031261,-8.935023213180285,0.28021859781888037,2.239460117923633,430.4605840297457,1.749660999651515,9.460600122565164e-27
589,-9.4784765732059,-9.559654390440608,0.25180174733511324,5.013094089123056,382.3196169697476,0.11693567468794885,9.7717700397002e-27
590,-9.35720564037995,-10.213222765494326,0.26091693270117083,0.7548551581638633,218.5102987345358,0.9346347324232873,1.0307768192595585e-26
591,-9.761665248553502,-11.985285981813828,0.439159543383182,0.9040060277008294,207.57658100342476,0.042837427470757916,1.0370997714738544e-26
592,-9.021439274337258,-10.851914609109485,0.2011778049973944,1.2010408729597937,302.1402347360312,0.5779482758618437,1.1514730714564155e-26
593,-8.920168480032135,-10.943231390952658,0.17948647990449562,1.446344939447502,330.6823454119746,0.6606176254095031,1.1700727334193948e-26
594,-8.125164319237426,-8.250159238468346,0.03164762405513046,1.2741256524617581,273.93582837361373,0.07965772327716802,1.2704171719901495e-26
595,-8.528095382125375,-10.198407982171945,0.10215144037586671,0.8659535279599455,468.50944438528,0.5673954625697979,1.3907390635012255e-26
596,-9.895687948221767,-12.521262220652645,0.4803104345384287,1.103844376280101,468.1193571596161,0.2995902465350708,1.511310966106307e-26
597,-9.838506593924242,-9.465931648042918,0.3322167219444129,0.8074749980631569,179.70838002043894,0.025108611044304396,1.674448570742669e-26
598,-9.912285544892386,-12.430463417167207,0.48582304124277853,1.1837805950473315,241.2379721163007,0.8212376186267827,1.9115428871614607e-26
599,-9.856525726219994,-11.602886928434462,0.46198434888566403,0.5382124515814015,112.66195669534379,0.4249823773097168,1.9646394714341845e-26
600,-8.552113438872608,-6.669480259753283,0.036660384511266,1.0294771899337112,280.86138208335933,0.89330517352552,2.0158011212705872e-26
601,-8.486149936184864,-10.963757338975007,0.10338050181003422,0.7691129061736448,202.9325611813172,0.8731871153087276,2.6371027192933875e-26
602,-8.675054102167818,-12.941817061374937,0.14404771561875215,1.272767099835245,277.4388023959972,0.5508106981300447,3.012418651154599e-26
603,-9.387138189167443,-12.42073717779315,0.33664827643851053,0.8411061768772384,468.2472088147673,0.17354871342290057,3.2769872056978714e-26
604,-9.144249886374618,-7.310470230141093,0.09960363366423074,1.7134810031935492,357.74090351111124,0.6746831718811919,4.8745801001613704e-26
605,-9.398519520774872,-7.8883641212232805,0.15095841981759664,1.0935872772484845,290.91838003808994,0.30862811924018363,6.158205426038392e-26
606,-8.678402360679652,-11.557209516933238,0.14194879309277578,0.916619481565221,469.1145541854356,0.1322261983176256,6.438312110991817e-26
607,-9.579925080345502,-12.452126102795408,0.40816609542531596,1.1080943626309085,140.64903381941548,0.2818372655167556,6.787356337726797e-26
608,-8.925515074517365,-12.042088422289236,0.20244133893281152,0.9381749302161311,186.9452898105842,0.6263969795913216,6.965236760114089e-26
609,-9.341274100125688,-12.268161237963938,0.3247432796803528,0.924288529548178,262.5490832975361,1.7328726159305283,7.384538869666606e-26
610,-9.041643413227478,-11.150013333816819,0.21977480399502894,1.5069754921593164,347.36976724952086,0.5628606698279697,8.494615467281491e-26
611,-9.21383843901447,-5.711715259159699,0.08208192257633193,1.0324089075325167,255.60004297710265,0.26363694862333187,9.118241083174403e-26
612,-9.521562367088748,-6.725209366624255,0.12777247542495404,1.0223503045729405,267.8427048244014,0.8650718832925319,9.886178920044844e-26
613,-9.299797467705721,-10.036236388298938,0.24962351538876637,1.0408798570018118,198.25281445040545,0.08258969768528512,1.0958392637335882e-25
614,-9.645321425629215,-7.292506719943533,0.1622778468515047,1.176604999100007,230.1457321336154,0.43624935923236396,1.096781159826865e-25
615,-9.608476467105021,-12.38977975263625,0.42155046889372,0.9364972082123177,250.68840933677404,1.100273916569523,1.2417439518194788e-25
616,-9.206095521371788,-10.34483730917282,0.2424676858933706,1.7994764704214938,426.542330071606,0.550031756269596,1.407373149396586e-25
617,-9.925229520474755,-9.750534099087234,0.40180341744035847,2.4164331608737983,432.48394017821147,0.5715236638784296,1.9602118528575213e-25
618,-8.806320256910965,-9.251564644874964,0.12633009207605644,1.5648402564543453,353.4241167770311,1.6904887518041347,2.318512305991001e-25
619,-9.755229504615086,-8.594454795644445,0.2550149630550911,1.1789032004326176,298.1052384794433,0.5817368066021666,2.438205534425559e-25
620,-8.485692850187563,-10.864421705311477,0.10884460284478542,1.9103349119987276,388.17079247741106,1.1584029012304136,2.804722403467662e-25
621,-9.45255810111873,-5.575115884450677,0.10614765352600002,2.9631652043139822,399.12392666212054,0.06139446263559023,3.255338895342856e-25
622,-9.497980995128234,-10.961331781989408,0.359770791119247,2.035687027445848,394.592278407905,0.6150763995991015,3.315638730643383e-25
623,-9.97938987593667,-6.921379936477121,0.20208566030683595,0.7316723907596772,468.2631165721085,0.3337402305636763,3.359847121725808e-25
624,-8.263748406989416,-12.924141232661313,0.08414162226020666,2.0601503243714667,400.54199189978607,0.8812158277438824,3.5628636763694033e-25
625,-9.433311245811804,-10.263130813538233,0.30369021173249083,0.8445443921305185,468.3350444872029,0.18294934405822527,3.604272080777704e-25
626,-9.312876576543488,-11.789896350147261,0.318398194497952,0.852719608469581,428.6025707077645,0.3067645601107829,3.62812342477803e-25
627,-8.576722320638014,-11.911012278055406,0.1305898576736133,1.4777021468133567,328.2450053196115,0.041468419713288185,3.73235845978082e-25
628,-9.44939784615681,-11.857324353249638,0.36863897983642635,2.3341497529923974,228.44313176693785,0.4586350155037744,3.757500062566597e-25
629,-9.170966276028782,-7.179577237021002,0.10265449298620491,1.4382540469560121,317.7605538576769,0.6793732138168602,3.787205229786588e-25
630,-9.23106107880432,-12.840483270082307,0.30412688678717453,1.7869660224376762,424.5914109822184,0.23504887341087422,3.7914836951044645e-25
631,-8.72392498819023,-9.795658355471078,0.13097046539848012,2.5899271744717605,465.74489726451196,2.10520503823268,4.6442366269308855e-25
632,-9.7372610174228,-7.668888455579956,0.19787326556952523,1.3230204954650555,291.67655022326386,0.5109226097780217,5.345137575063601e-25
633,-9.173248464502157,-12.556422799398149,0.286031560914079,0.9115110042746328,238.13627852673628,1.092897670967175,5.539402266440303e-25
634,-9.651846044662415,-9.204336694397957,0.2880274013700305,2.018722241124367,184.62841756065185,0.43273742306685037,5.973898162838084e-25
635,-9.32113382015899,-11.100723924744527,0.31049723224363457,0.7519417360890834,167.44382877571022,0.23078522044069327,6.319904119412774e-25
636,-8.937122112413363,-11.652625541803607,0.21121802517077842,1.1603164517297457,296.73858905591266,0.5208411574176592,6.576556209843131e-25
637,-8.642033161907635,-6.627252220787663,0.04915608191862566,2.3452918232168445,408.51865715501526,0.3272206814633867,7.429126525566557e-25
638,-9.024022692557383,-7.160491893683954,0.09147496596758443,1.6865848360370193,366.45364968585835,1.7280897478635708,8.177557315635871e-25
639,-8.892202587133252,-8.374306637098648,0.11482418716732329,1.187227914489334,244.70664754166552,0.715005430768036,9.241190530098747e-25
640,-9.90862777842063,-9.468092998715592,0.380686758217487,2.3356004870133265,437.2941070401119,1.3735987809188508,9.316656566177437e-25
641,-9.051374660846193,-12.53878981020529,0.2516018915698838,1.852074729835896,468.09056683295404,0.041251779375163444,1.014927770864328e-24
642,-9.588948276401165,-9.386701728915417,0.2931346398357614,1.0144115339813862,243.7458068469223,1.107535179799231,1.1441015209621095e-24
643,-9.588575818199327,-6.547471716804159,0.1380247913595505,1.4558267781572427,468.42858428975524,0.04121443128886426,1.1855599515679048e-24
644,-9.28540398502113,-5.8119074743990895,0.09379415734393941,2.4600620518672565,448.3547326782501,1.204364172711358,1.2884376236329858e-24
645,-9.031310946607826,-6.02885445112462,0.07396847479026514,1.5969573950286586,373.55668016391184,0.3364990048356278,1.349824127168192e-24
646,-9.90051161617082,-10.3696461049304,0.4672835493284903,0.5161139228103218,140.6260839507963,1.2147334081304022,1.3621832866145612e-24
647,-7.846636215045028,-9.683091928691958,0.040962709452026916,7.498959705445918,530.2351897053277,0.015706548282465427,1.4232183310504582e-24
648,-9.985731805493105,-9.664939647596585,0.42661112335978624,1.7302525675919747,243.34338669138023,0.0194668052129634,1.4332542740751737e-24
649,-9.259595228523064,-12.254680159102326,0.3177387108507506,1.5001709643002654,344.5045435827136,0.10323827696184651,1.4335734119976505e-24
650,-8.79201650465786,-9.671422571276002,0.14085944682920734,1.729239601502834,467.59866203964526,0.11848609658545683,1.610334848542342e-24
651,-8.986191068353587,-12.672159340666283,0.2384100923582978,1.8095001038964815,430.6961945891495,0.446733362335503,1.872759265667395e-24
652,-8.653965197683853,-12.374149844741998,0.15295222915226947,0.6231803347965124,192.41004164924902,1.079634482434927,1.8923567446514217e-24
653,-9.089555396262504,-8.655351297013548,0.1503462506440529,3.3332062686068094,519.4410118178153,0.8272042224337852,1.9459835796061986e-24
654,-9.477285708128164,-9.253733674768784,0.25840939114132694,1.1143140383393446,192.03930726847994,0.1287028002770123,1.989423742425441e-24
655,-9.400524565331224,-10.058117536600633,0.29521157517588414,1.3829263289657896,302.7429262165876,0.44418732322651877,2.0016031058111037e-24
656,-9.55815966096213,-5.916024479710989,0.12474242734255526,1.7356817370523654,466.50336962533993,0.1250552824784732,2.0174824970824863e-24
657,-9.649791198529652,-12.182111821303653,0.46783183988193494,1.6467089303927294,349.9368031877704,0.722719843493004,2.4690597247197517e-24
658,-9.83174959122232,-9.180075911883238,0.33856774328163064,0.8475938544967668,225.37654663900602,1.1138323848369103,2.701180416349577e-24
659,-9.841945562651924,-7.493964433270296,0.21148770660727934,0.841298731385232,245.32072677471953,1.518311775990628,2.7346875865427512e-24
660,-9.991492460144293,-8.073787483179569,0.27478546110694974,1.728606092577698,408.3168556645001,0.26243940423525114,2.822426945298791e-24
661,-9.402034063668205,-10.476245120926432,0.3219361643870077,1.1176438243904965,294.2832589441548,0.7800971247183197,2.9278503025777875e-24
662,-9.479379401440447,-10.486904258043126,0.350082314230527,1.122844437345813,264.68421722116045,1.2042226952644208,2.931068041900838e-24
663,-9.12019307162539,-11.66938827705457,0.27145473990435687,0.8750231201712819,467.96011751143925,0.8973002972318831,2.9628603840529365e-24
664,-8.15205803387589,-7.908470356088035,0.02845822271480894,0.7927339026977022,185.48945027771592,0.14314355089012043,3.056868002124286e-24
665,-9.87170049648139,-5.873994831820892,0.16756223692041525,1.8908649762845653,455.03762874126664,0.556614353086613,3.069358102001034e-24
666,-9.65960987129544,-5.706677179501716,0.13611293602426597,1.74775475639842,412.821972581983,0.4791114698881387,3.1544918399298882e-24
667,-9.681933875950893,-9.085147722543361,0.2961745990281455,1.0454340658954762,282.7889778682546,1.5493310056751506,3.1821775752421737e-24
668,-9.22326675332691,-12.892530563507208,0.3181452913409207,0.9888882969666085,161.2150480327929,0.22495701089076015,3.661285278175869e-24
669,-9.606869108393346,-12.479747632574533,0.4626819631958966,1.6839284876927263,465.2206803767785,0.8815319646751822,3.826094525277121e-24
670,-9.562912523691113,-11.877870019485904,0.43771595394382284,1.4637112158458945,326.24157080227775,0.8821859011991373,4.3714993736991306e-24
671,-9.714021793467873,-11.900744145193922,0.4889977058513744,2.1055019709246396,415.87702734273466,0.5396434539843336,4.758676874703444e-24
672,-9.944482759820698,-11.94924180615629,0.5502323869456476,1.0746545199711273,283.39397845887237,1.3608239997287992,6.217255126413924e-24
673,-9.280743639276633,-7.484807863834451,0.13048352027479118,0.9746307423207177,145.37677946843954,0.22372408935968302,7.438907713797143e-24
674,-8.915569086090066,-7.123907927909334,0.08630426871619955,1.039527720617529,213.52105295805066,0.5846584461639752,7.585761595482572e-24
675,-9.564039602150304,-12.140982281250402,0.44881224470192743,0.8735533352421361,467.0433057085201,0.17919768191413965,7.669930592670434e-24
676,-9.098424037223888,-10.73643885187196,0.24849695742564687,1.1727810610279603,247.85361347419982,1.0088785568485807,7.98545312415267e-24
677,-9.749886206397312,-7.030964016471819,0.18135231604633842,2.810701992443574,484.62240051751417,1.833282799705093,8.075681888372329e-24
678,-9.694758690886356,-8.699197262645818,0.27211652906505346,0.8414538726985291,151.87710835940277,0.09719954827641164,8.879650089486167e-24
679,-9.902011170225759,-10.213810317576275,0.47957741820104877,0.6376634542385365,121.59703890574805,0.09413054533138965,1.0479020973734216e-23
680,-9.19071037668179,-10.909678092634362,0.2831719374465826,0.9707934483020455,189.75821916402967,0.16869545377488837,1.0639774906547435e-23
681,-9.852857102078861,-11.675759187092181,0.5344914502165778,1.872406529799929,468.05792332251207,0.415415769332661,1.2234888149086973e-23
682,-9.355831758485872,-9.419122489975553,0.25207902439949376,1.190300585884295,303.53616470478534,0.5241586093393682,1.2293615777413548e-23
683,-9.033817251857375,-12.138897329627671,0.2582067709951219,1.5088555812278244,336.64033704296895,1.1594310754833712,1.2483534636107897e-23
684,-8.281793013861916,-6.777373302014222,0.017013567842736582,0.7233578464588962,145.25331533845906,0.730200968230732,1.449706760985514e-23
685,-9.658896946435691,-8.37927141655602,0.24435447165673757,1.239603796815478,280.1734938614366,0.33952744956175707,1.528854184260119e-23
686,-9.012578125748119,-10.031864550634262,0.20286604031678224,2.2511401446839816,274.44364507619935,0.08700996916632242,1.662802936217285e-23
687,-8.576205646424505,-7.51900833960199,0.06776748027024139,0.7370953804110238,149.9601166485594,0.5053889397204587,1.7726786762397356e-23
688,-8.917439605281352,-12.415087948553397,0.22840503701294754,0.8623579549385587,213.27432708818924,0.7168236362336966,1.7740531819337423e-23
689,-7.7525278242178395,-11.355319668023219,0.05010861708230035,1.6922123004515983,405.5276837553136,0.08540985238139509,1.889580165240253e-23
690,-9.583320670242484,-12.067529910165266,0.46698707090395736,3.7832432307361605,520.6202172595879,0.2232425800007407,1.8911820163055124e-23
691,-7.269286066996924,-12.408947662713881,0.005604140008076408,1.6581135235350883,385.13900426805645,0.14344836833954844,1.973261818659185e-23
692,-9.310726222202666,-9.477240893753462,0.24772404996298614,1.0639793666930122,467.83150963649297,0.781311355345025,2.0495793392919052e-23
693,-9.24492969877556,-12.47784798038831,0.33947331863068425,1.19497183124148,285.5350103931226,0.5496629692300159,2.3406491595980297e-23
694,-9.790147085647359,-9.484948094942807,0.37957260881540467,1.9839426591537204,395.53233813830434,0.7547838470993389,2.4229143124185536e-23
695,-9.497395842820053,-12.126557467803167,0.4376719542598819,1.715688555564628,468.17266573109555,0.8818744576581024,2.4957754777653755e-23
696,-9.241720419268884,-12.982693135338007,0.3442721972548016,0.8173296163849185,466.7251795250785,0.05861636032658346,2.516419568283062e-23
697,-9.73790373850059,-9.74154339973331,0.39226348416823414,0.7354701218093616,212.78475912518815,0.2557865322562023,2.618851326420057e-23
698,-9.860406073402439,-10.575926400725347,0.5046085675601998,1.4363609425715096,332.75464149270977,1.3595971750761207,2.748453476996285e-23
699,-9.600685552413703,-12.809841440235116,0.4872435648753181,2.531901825493414,458.8579811883707,1.7457728256559895,2.775086269960195e-23
700,-9.057210361317475,-12.45113122467552,0.27470894808351093,0.5409322448959052,163.9609577023139,0.956531465535015,2.7998825958856535e-23
701,-8.2167078442647,-9.71604913715701,0.0817909246823501,2.580690246916541,464.46417400458853,1.9939437775054705,2.8513901727059095e-23
702,-9.816014788414188,-11.201662221028565,0.522421328117161,1.1998053468213015,189.49355797866377,0.1467574114888306,2.9253106937607824e-23
703,-9.274716319358689,-10.255477967342808,0.288405058880797,0.9272138936159663,467.716908306208,0.66659223823443,2.9881975208951126e-23
704,-9.609068345379557,-12.25981403662848,0.48456041255701476,1.6478645917965038,467.9815396372561,0.3596051523145478,3.067600126767726e-23
705,-9.312436445893864,-12.550328146110076,0.37016014617407395,2.6246134606170908,469.52273171801073,2.378135038696098,3.207543567400179e-23
706,-9.759835012225597,-9.970257832753097,0.4267650490751663,1.6801826448006498,467.35494653233667,0.7874477176723138,3.319168672427681e-23
707,-8.990181218113175,-5.088347381147615,0.07158412818018772,1.2929325738474293,290.2316516087435,0.6308722772305266,3.4362823536967173e-23
708,-9.997807303288228,-11.685024285901614,0.579120714259358,2.923912630684549,468.83896014930383,0.3659425533910099,3.951733913158273e-23
709,-9.062110403419842,-12.567630905272994,0.27961879097274595,1.0394213444710991,468.5228372212523,0.25791415550002394,3.9993405884556804e-23
710,-9.544990625208039,-8.64732355273897,0.24555757534897849,1.3833688138127362,299.6327525838279,0.5333359468632333,4.3127987019718735e-23
711,-9.351574297381186,-11.643030468253816,0.3731377839695846,1.837652526429929,467.72777937864504,0.30575439220562206,4.3602672448069636e-23
712,-9.895138889745436,-9.483681594057876,0.41648359277522007,0.8342447692099885,427.84471237696727,0.03613265748952976,4.550720231984382e-23
713,-8.554053205277523,-9.016375750953339,0.10648997381937253,1.7179595723942727,406.5599091333907,0.23897136206717562,4.688424484098306e-23
714,-9.317368088790062,-9.096719482862307,0.22710728734332566,1.2958290417129499,296.4337953442056,0.13448086722313857,4.7938252133179325e-23
715,-9.999492381013903,-8.611428396823683,0.33930518185852904,2.485245779272053,437.2978431703972,0.5904962098920903,4.846376067808086e-23
716,-9.459379801619372,-6.398400232901083,0.13130040376145288,1.0499648174180356,452.19932960075596,0.005575333321880649,5.0182180552080103e-23
717,-9.891210960655782,-6.069346731893468,0.18658140224051045,6.796275836337241,434.4893890894152,0.1252699354620752,5.26330229366148e-23
718,-9.72437637806895,-10.464112917543732,0.46370923961689514,0.8511886766118733,246.65361959057785,1.6598618887912933,5.539082322823151e-23
719,-9.304472515767998,-8.71786551517091,0.2009338144881965,1.1308555827634446,295.35633347947123,0.7937490487350471,5.649615196245057e-23
720,-9.510355582787382,-8.795930427153124,0.25132576328896933,1.6664112120978876,358.6725062741628,1.107338793953189,5.762990411327997e-23
721,-9.96046235626936,-5.235325435409151,0.18546167065852037,0.9795363685731184,268.8538084020455,1.2903077229956752,5.85437624592797e-23
722,-8.64887993063715,-8.315773776873314,0.10361456465321287,2.7787642083994735,261.9833656615892,0.46659728090931285,6.59655353732562e-23
723,-9.26493569689519,-8.57391030933492,0.18747466444191793,1.1071279410290304,467.9515335324551,0.8183402502038435,6.959175633036055e-23
724,-8.795912409358914,-12.521604744616749,0.2034088668686216,1.1084621775883188,467.11717582654325,0.9020513103105046,7.210662426288696e-23
725,-9.55002198567129,-12.13516870670813,0.4727230569371743,1.825236425903622,468.33601777482767,0.8137228644924557,7.228989977610038e-23
726,-9.211552144680704,-9.99983899449004,0.2610462606757623,1.5522322388128755,352.0301135293192,0.03989173002642499,7.297481810565276e-23
727,-9.401683478283394,-12.056372268321597,0.4123757256498334,1.102260211797017,284.4560438928079,1.0639262836331902,8.097224678582174e-23
728,-9.844283826387242,-10.170322417820666,0.4831697837177819,2.6532381983901883,471.33529120754076,2.0585023052636773,8.619714195829696e-23
729,-9.440443387294021,-12.18797867569949,0.43005897836672474,1.5232730111555328,348.33170423602576,1.4512320942299741,8.650269005638211e-23
730,-9.161777155129716,-12.257727032132534,0.31686923387271043,1.7360984763898606,408.028344772467,0.23026507298999377,8.960063479306722e-23
731,-9.508358349854173,-9.253005222812993,0.2899758836945222,2.2788883413190595,405.3230031795768,0.18995316445852417,9.401569605034207e-23
732,-9.730533079810488,-10.99113154522255,0.5045745020965692,0.8975833806908126,192.72838955303067,0.20301884013720883,9.626751182776915e-23
733,-9.32343801535746,-12.200622246992387,0.38197263975555595,1.3777656440294166,304.4403218752767,0.6157576984725948,1.0125724942967117e-22
734,-8.20687814357689,-10.914293961852117,0.08443002886595768,1.1637693723602427,236.4781522778439,0.687544298653199,1.1092886688174233e-22
735,-9.922599121608211,-11.600851909488387,0.5757050431154465,1.1971918457564448,255.86189476740168,0.059740029537521444,1.133263601107584e-22
736,-9.902461453309376,-9.782668853345545,0.4662225543526456,1.3320046546126691,323.04176929286393,0.346198204956762,1.1971641585219695e-22
737,-9.922441115530006,-7.463543917687675,0.2441583426906348,1.1301609255124005,295.36833100973723,0.32440084585794526,1.3776229537710424e-22
738,-9.790596424396094,-10.685830568645299,0.5128540931995819,5.736985328850826,526.5460646084887,0.04438472535822058,1.399557465302104e-22
739,-8.597942489764552,-9.530339278076276,0.12032352618989113,1.0811541032326573,219.0882516080843,0.01727135570820515,1.4775264558051223e-22
740,-9.330186877400763,-10.031996849884944,0.30262458739071385,1.404218692033609,336.2160386397036,1.1281594631481058,1.4786130566994937e-22
741,-8.726958150598108,-11.938771126412247,0.183221923594812,0.8355200246421886,181.87179758044442,0.12590564286241612,1.5078955278036577e-22
742,-9.925557048310285,-7.138355112060278,0.23087248463106622,1.83555386231723,468.5424743691929,0.4645006306747197,1.5890384409612053e-22
743,-9.630808053750377,-9.752000409671469,0.3766917215172472,0.8354525646515951,467.83718119026975,0.20385601892571703,1.7025486717024414e-22
744,-9.391618780047242,-12.445821262323953,0.42147380401123924,0.9193210343591925,261.31529724759275,1.670349638227651,1.787120539419665e-22
745,-9.089600753424909,-9.34311969471381,0.2001198597977828,0.9473758876374095,177.95646201579814,0.12515241984102854,2.1642302352632633e-22
746,-9.321409101931941,-12.74943123596106,0.3975383526980015,1.5913054453606965,348.1215712383738,0.9998442881679415,2.2214081533656235e-22
747,-9.970715073470961,-6.463713416486854,0.2131868798491636,1.8067176480903042,468.1420001680606,0.28578634310846596,2.4146226530630384e-22
748,-9.75682067912743,-12.205489601820087,0.5587100942936999,0.9304772301343367,251.95922747009502,1.4457699410066498,2.5766796083056745e-22
749,-8.593203983665136,-12.857718998747806,0.1597287815530813,1.8620282016263694,448.7282022477387,0.2286768218118178,2.913669998010204e-22
750,-9.482595609984285,-11.64235516576711,0.45495940018609793,0.9057220950356638,468.4328020262446,0.21973829080125729,3.763351445297343e-22
751,-9.285932147789811,-6.281915282511862,0.11122091130371446,1.7536225780595571,468.73561163723275,0.862865958944095,3.775505526536153e-22
752,-9.626103978322394,-9.651364841861561,0.37217409211316194,0.6138685030025088,135.19698297859728,0.42962698378170483,3.925625018259172e-22
753,-9.689663704219788,-11.608347008492107,0.5331381951395755,1.8344479245021383,467.75792028105803,0.6815372593675972,3.9683210903651347e-22
754,-9.93960312098705,-12.413685430306108,0.609137574369131,1.5858137355427087,357.64553733005977,0.7721050259329099,4.1057526953178226e-22
755,-9.697906795587258,-11.794168988040076,0.5400886675699431,1.453863049281603,467.827670425711,0.7518511498971749,4.1515557326818375e-22
756,-9.11162182150425,-12.232653156505098,0.31203260848069553,1.8676806887370354,467.5746410365735,0.27889918382600154,4.580262097194411e-22
757,-9.55294148746998,-7.02130101842307,0.1680913904298048,1.666942410465624,392.0892730066419,0.6058235083644901,5.286648648301882e-22
758,-9.219124563421643,-10.48123613603105,0.303721596199976,1.6860993822766346,467.6891124112889,0.319070710368079,5.810790413642273e-22
759,-9.734378019226567,-11.991336702011973,0.5606185880249571,1.2748599305800399,273.08467761984434,0.09118734746966872,6.000837245959488e-22
760,-8.23874459353376,-9.8000410040949,0.08883270051037645,1.32989103232776,468.0450170712388,0.09921798591921593,6.007686144945351e-22
761,-8.313246830731956,-11.704522262908688,0.1067662158912331,1.4883600619915915,459.18365567936246,0.20717766899011458,6.462044648851117e-22
762,-8.659215235872935,-12.224576268428615,0.1758632945057899,1.240091252835447,396.9078232994519,0.0635994042362027,6.909186587272639e-22
763,-8.451129027597316,-9.03929882086155,0.1072634974985692,0.8602563711187953,222.2981355647593,0.19441278936396245,8.267871707981523e-22
764,-9.857350234692067,-8.841989719870782,0.35620622996980844,1.2060217474628756,304.9725587838457,0.433674569197259,9.253488690484667e-22
765,-9.647460329488661,-12.405620227044524,0.5474597203200113,1.8385426518867396,441.4839828732511,0.7379114245638503,9.67364381654481e-22
766,-9.793008179725259,-8.415813304238192,0.2981210168767142,1.7291123912973059,409.56605029239927,0.29146264894148644,9.852119134591215e-22
767,-8.304920742017734,-11.25792681671197,0.10475433654430384,1.0065510138737996,469.3412015239913,0.006061686735939098,9.954573253090682e-22
768,-7.694260601209493,-10.999686526810208,0.0475352570476765,0.6548225035657378,161.20942315083695,0.5999908416890882,1.0958582065356956e-21
769,-8.991827280686138,-11.364107174160559,0.2632644127889964,0.8657750694269893,467.79778003825584,0.20982557372560695,1.1887972817651395e-21
770,-9.024146131905669,-10.821474975421424,0.25865640662597217,0.7233146153237813,466.9434710865077,0.49006224223708283,1.2017737557556217e-21
771,-8.165861023726196,-11.963392235516814,0.08805016621955356,0.9240935016699049,185.11599487241955,0.9833731674070343,1.3041845039486261e-21
772,-9.776822970662643,-10.893639874806123,0.551376090562459,1.0776228012556532,280.245225758872,0.8007737955395431,1.323051111748503e-21
773,-9.306585834855074,-10.731247611867442,0.3572731374438838,1.832375566339845,467.50987537949044,0.9243380177911762,1.4273987186100332e-21
774,-9.077076285460194,-12.773494466271917,0.31280191864983276,1.6306715751276968,470.38528501666065,0.11975566802065263,1.4479102290578832e-21
775,-9.363545908821635,-10.418862224717978,0.3609838148272588,2.138560397668609,378.0112400396088,0.15671412715642052,1.5232802834846127e-21
776,-8.066359605725923,-10.08438123206122,0.07994275936771114,1.579544385918578,468.1112847738814,0.08580102907921816,1.8480295548310873e-21
777,-9.53067476345099,-5.572001000290604,0.1381415458244269,1.1537752118777143,256.35020149272185,0.20609376121247802,2.0167902809144554e-21
778,-9.605693893908079,-11.166162031956379,0.5149047643976484,1.820837133883822,467.59555109102314,0.5795869108220986,2.2427283311993756e-21
779,-8.862532540375595,-10.705018804825722,0.21163895245458192,0.948210492052354,195.32859025035683,1.0310580860792982,2.2557385762427705e-21
780,-9.609884799481218,-12.208509314435092,0.5445465524341779,1.0105447976864752,455.72574586041145,0.08889937903857259,2.261225739390998e-21
781,-8.897870990729778,-11.04290372977559,0.23212026550769949,2.005773133321965,404.024373174863,1.5443787139312315,2.3481162747309526e-21
782,-9.409642896487307,-5.678860655038073,0.1248303683298661,1.156800735267533,206.81956290867274,0.10658697161067288,2.563018272343642e-21
783,-9.80628949060615,-11.839879402000223,0.5980399042180127,1.1344256538875115,291.7412605632313,0.6309381927614863,2.6151983505181275e-21
784,-9.390758547683825,-8.693446174658323,0.23660251757187045,0.7063710155803995,458.444074079554,0.35813625087960954,2.673936441141872e-21
785,-9.369987631144106,-11.4302353149512,0.4230280644785834,0.9533856863742536,467.4274134721444,0.8104961499384382,2.7237530675631696e-21
786,-7.791088707721521,-9.333376219182346,0.034398407341425484,0.5010590345838243,117.88973610190108,0.5973152382072273,3.007652572656484e-21
787,-9.921281032422458,-12.000029035915873,0.6294087094957375,0.859788277119612,467.38087012663345,0.6462235951902997,3.0334091588321013e-21
788,-9.272061870174447,-10.763360557773908,0.3527765587153519,2.329101473613021,441.4141272824059,2.4034014970562314,3.2709399266369697e-21
789,-9.20262857427347,-7.276553958254754,0.1300032495231727,1.5200241424388887,178.37819808419047,0.21743283809572223,3.408734571636828e-21
790,-8.884307939101811,-6.462788486550271,0.08737120512903673,1.252887645008194,314.6436617494922,1.285581030853888,3.522220904812735e-21
791,-9.36425812526733,-12.017278553616775,0.4415832893232908,0.9743203348882298,468.8050624685938,0.08140468574078241,3.7196038284051465e-21
792,-9.934946427557321,-10.226007417501197,0.5704605174411784,1.2762250419016692,297.40151863869187,0.16521291566637686,4.1886014446619425e-21
793,-9.596608656664607,-7.645399420754769,0.21065837198952825,1.2193470198353449,307.2262545568698,0.6965743814882241,4.283399961691252e-21
794,-9.408097149375292,-11.420936972979032,0.44709122447319954,1.4469353546529302,331.75563706446735,0.8830664457939843,4.396286320391505e-21
795,-9.918225623162213,-9.803267118305795,0.5235821305584655,0.9618019945008015,358.42546983266726,0.14324231651437103,4.5998094515451945e-21
796,-8.437801221905447,-11.466089183703648,0.1306317287434825,0.8129318988778744,204.06323052286868,0.12366266540676918,4.798844613980407e-21
797,-8.487034174678548,-11.765137806310962,0.14366416109174504,1.835833739536164,383.17376605200826,1.4754285041675415,4.8891833661328066e-21
798,-9.845099174348247,-8.415202904827126,0.32164333558600183,0.7756626994743193,194.55758966192096,1.1553709644754706,4.904958025038214e-21
799,-8.960199879607819,-10.66357107522511,0.24533972527795245,1.7687806586407588,467.8122395379679,0.6131301772584026,5.143422207133596e-21
800,-9.430925354409782,-11.66671744654636,0.47226160052358884,0.5475314002314916,126.0706540678718,0.2689381345880504,5.236537614050999e-21
801,-9.216163771195319,-10.6691746973093,0.3300507571482122,1.6751896082146231,392.463612452006,0.3220116896830145,5.2832096112727696e-21
802,-9.005030045148011,-12.782579844349064,0.29852564966447154,3.5883698053691635,541.1948661390991,1.0071262354352575,5.3287603897782475e-21
803,-9.612072652729312,-12.848360803629335,0.5684159033587876,2.7538866493566148,460.5403271434321,0.5170494437632334,5.365851037742228e-21
804,-8.82043174964058,-9.82166915043685,0.17868361337735367,1.4798162804092354,468.5965858763629,0.8838243899585914,5.478838652643783e-21
805,-8.711388595569101,-10.52610130887894,0.17602108142425124,1.3728746858152665,332.8544400513309,1.2600075985795014,5.615697012509579e-21
806,-8.66280610337144,-9.190919360661239,0.13336592468592645,0.9998256693471006,468.24909160701384,0.7761249716690015,5.6435729531661166e-21
807,-8.849109126933955,-9.246143965998199,0.16356491346454838,0.9036019603761319,191.23697714690366,0.8824715855335805,5.993070704273277e-21
808,-9.12216324597868,-9.919767376981477,0.2590351783775456,0.5649159937673931,119.75704989356375,0.1338210822903081,6.88366656872062e-21
809,-9.691066473452388,-8.563215928226917,0.301481190388176,1.8512253856229226,468.4051334082218,0.9096988276539673,7.044980488150481e-21
810,-9.471726418432933,-9.229525817637445,0.30753407904742147,1.5282482244121973,353.9699934870042,0.5856147830722689,7.959494893744526e-21
811,-9.759100176412025,-7.066700493109583,0.2167864720321596,1.2055851746319457,287.2854440600898,0.8737492084301666,8.04297846329917e-21
812,-9.739060118468583,-12.952531959728452,0.6113079170946135,1.082442065923614,225.51487342235623,0.011875759478590986,8.480748997255207e-21
813,-9.882662849881852,-10.282718373942709,0.5716363774315227,2.364593217428769,440.5766291504074,1.324457491096859,8.579979407268636e-21
814,-9.154003831383834,-9.603342575054299,0.250060995228038,2.952447585494842,241.4938999273782,0.24421323655376082,8.970814160747548e-21
815,-9.435533606810454,-10.03220151504525,0.3749982145450897,0.9323750321179942,187.53323676433328,0.9173378603255697,9.368521948610249e-21
816,-9.25370472854397,-11.7108087162668,0.39349216570915974,1.2451226585553257,468.0570585350628,0.34416380514399325,9.66151018303946e-21
817,-9.612914017396081,-6.47486100146383,0.17256501399924173,0.8879068453806647,469.6939474799843,0.09237808802578762,9.687540936352555e-21
818,-9.572013702904595,-5.240252659686608,0.1469586946996208,1.7826141193468739,362.19404708349896,0.22668496612336142,9.856340925109906e-21
819,-9.182810007191549,-10.82665560931689,0.3307191522661761,1.008183533754464,273.57546345637235,1.6052484851661761,9.865315974847667e-21
820,-9.826180627613464,-10.835265207548833,0.5945683674455254,2.883596383115799,490.04953659917544,1.6232602476247022,1.0389169388578078e-20
821,-9.8050573025301,-11.527232365198998,0.6124930819690529,1.235966136469202,257.1581881749726,0.6731049746232163,1.0719960062587811e-20
822,-9.98704341577551,-8.18944315541023,0.3380550997498335,1.8043340801545236,467.66676738690825,0.6205111360676154,1.1828752221556032e-20
823,-7.555075223098316,-9.896935058740059,0.02128918131807948,0.8391276469379255,468.6537518341251,0.1040432290272495,1.1879189738509956e-20
824,-9.740225280664284,-9.12105841569418,0.38004379941825717,0.9150996185003073,467.36454799592735,0.40769671061182944,1.2617407816365562e-20
825,-9.586959738238958,-11.427224657473888,0.5441507165987084,1.885926106909196,453.980653459043,0.45000299758085127,1.2835046549814072e-20
826,-7.851090454623669,-12.621703564415036,0.06191096455410349,2.753829865752222,480.2601632031713,2.06055246052141,1.2987785237042301e-20
827,-9.289203521320186,-10.011699584039391,0.32382446560085903,0.852915371319836,467.62415768528865,0.059587531682793404,1.4239390308214693e-20
828,-9.312083581899014,-12.817650433129119,0.4486685308098122,1.223786863780023,468.54306217783665,0.6519039675350902,1.4477298392347253e-20
829,-8.948304788464686,-11.101429852692835,0.25959768899725916,2.1787189716510627,420.1854699741846,1.296649845668819,1.4935620872717393e-20
830,-9.010121200874819,-11.679265559220122,0.2949727541601757,0.7474609288136234,467.5405356050213,0.5148090065610296,1.5014447464162828e-20
831,-9.884880165215181,-10.995292357183457,0.6213550528370796,1.1177727417114371,274.22163355055824,1.3200424155862978,1.5671349728423748e-20
832,-9.899783290714243,-12.570624797339404,0.6559537750661155,1.9089132255269705,468.5503039261177,0.49745379051727223,1.630977021260294e-20
833,-7.759603945308759,-11.456186984191323,0.058152259029122626,1.2010520928818693,273.9800466266518,0.24500557684463953,1.6985745490787235e-20
834,-9.47102569867161,-11.634408101919043,0.5083579043534395,1.2544380610266288,312.5283765681551,0.5261994975964486,1.7962657626711716e-20
835,-9.875332621637055,-9.328031211456295,0.460265816925368,0.6411930487761548,186.8330064245035,0.9999634382624878,1.8566075343696447e-20
836,-7.837486381440311,-9.557154821645941,0.048775873426135326,0.9882849590947826,468.08341675650496,0.7212705550281902,1.9460130885192184e-20
837,-9.716596643205179,-11.692164720898967,0.6020511229745903,0.7654054691880544,150.22297676477734,0.01336792029053413,1.9475549267630648e-20
838,-9.295197362496587,-5.5128623927373575,0.11474764527896932,1.2424176321940357,272.6800383726651,0.12116854103055541,1.9844284283279985e-20
839,-9.535673437844963,-8.868360199172606,0.2996761682486144,2.082616970175499,379.3670570580859,0.3397042925498601,2.002656147711442e-20
840,-9.23275097671788,-9.856869480386049,0.2977437789856596,1.0315856719757406,279.2827790455946,1.3262460102225369,2.0925914076439937e-20
841,-9.1393300683522,-11.569510061269483,0.3482967582082373,1.236495005042489,308.37439092206176,0.6363469894447329,2.205184924932172e-20
842,-8.790088202006316,-12.255889149876403,0.23151564272703284,1.8799754755143432,467.6819819656825,0.264880043517727,2.2674923892535992e-20
843,-9.269469901235741,-11.873354939187319,0.41900523361948877,1.1940664943664945,270.1999458747852,0.09437445719110649,2.4712318698477247e-20
844,-9.329007395093521,-6.335621374762624,0.13068550356006753,1.905232256796706,468.1190093448289,0.551336041329991,2.6208319007508516e-20
845,-9.495354747863772,-10.807268915584093,0.48521296675207337,1.2877031663379201,315.74201523483947,0.4731842749211985,2.9998869580915526e-20
846,-7.765767150947325,-9.486732757618219,0.037602270723720625,2.2833340831652027,434.86775189987367,1.7829740588479437,3.017754394808709e-20
847,-9.703192518323771,-12.875609191681868,0.623166413233791,1.0172013120615162,467.9073327806193,0.5840754119589606,3.2364511848521364e-20
848,-9.812561877691719,-11.625185989089381,0.6386072508147843,0.9002808846403384,184.17917939747292,0.4294185496240077,3.5921153911163976e-20
849,-8.05411008381665,-10.9354237845962,0.0799156869913382,0.9507630913881157,257.70045605620845,1.3241426355790775,3.6603111297379725e-20
850,-9.659306129774262,-9.52090401739412,0.4198184938810454,0.9409308640518002,246.68738148805775,0.6765603436321461,3.7786124457337996e-20
851,-9.704365365663898,-9.028745348135011,0.3700183317896317,1.191802719221593,246.12788844452706,0.8086639616470217,3.840850052390168e-20
852,-8.023608379577638,-10.961113248455918,0.07756867137745567,0.7255988930517258,182.6608570990664,0.8025276477859213,3.921625084026961e-20
853,-9.824585114088032,-9.991769191150155,0.5473054776645667,1.9006243387776713,467.99958809690173,0.33248559261134236,3.9569377910033644e-20
854,-9.798659344496963,-11.642470511837363,0.6366499679343868,0.5233017001052557,143.3227552739598,0.7835582873779812,3.962530842372752e-20
855,-9.824272226607146,-10.265674886627679,0.5774725365349057,1.1218434848905856,214.05798351277434,0.0573755622896428,4.172648394063197e-20
856,-8.586787202747438,-12.354104733183817,0.17769880281027556,0.7883884996834039,233.89944162886837,0.6039311386944863,4.2851523576006344e-20
857,-8.973242354109207,-10.211533353855902,0.24426300313423951,0.9087854193486475,228.115274486877,0.610584937525184,4.285544745593065e-20
858,-9.838715626858864,-8.138376693627816,0.31020095381461266,4.794533088534175,307.29625179300905,0.2577769012294615,4.431846950527274e-20
859,-9.460160077401259,-10.465615861546446,0.44532965358948906,1.8747143895985723,451.8544850519409,0.29829349282295414,4.432105804743925e-20
860,-9.594183233108469,-7.537129748866459,0.2161674689383457,0.8634023953349732,247.17227989735954,1.4026823699871054,4.8218721873761216e-20
861,-9.634791964009182,-8.800955910706296,0.32479287490385583,2.8437776405896718,487.5684361485479,1.8629350614402354,4.967698873625587e-20
862,-9.430348387640189,-11.427029875372126,0.49679989913691397,1.8068357167885738,468.9196140441845,0.6405200315607011,5.0832156119264384e-20
863,-9.16198460042326,-12.033984372140159,0.3796711217611344,1.1113365743167898,234.36630685865617,0.3229340794965596,5.293066809301531e-20
864,-9.732205560022134,-6.3390225838461705,0.19606704697668012,0.7989495737543308,236.7810600686538,0.2252499097133498,5.300714570983642e-20
865,-8.792607658472576,-10.832870272508345,0.2129387638721875,0.89202560440284,469.42903111587685,0.09788718996129742,5.433548672949713e-20
866,-9.514696716143535,-11.57391944413877,0.5448994494400073,0.6991954241783557,134.74425447643742,0.2540807813173851,5.506345092463404e-20
867,-9.522929123126714,-10.355674688679587,0.4721070050518207,1.8637641789263284,445.9898420395017,0.6157459835197372,5.507146902937475e-20
868,-9.876950799907947,-7.750569991256727,0.28901591427099566,0.6954145759102337,159.7615820650866,1.0311662589287058,5.51108521287234e-20
869,-8.856521742988303,-9.837673607776175,0.19793211095942742,1.6516120960732392,467.508583816163,0.0880520792854762,5.513655043932857e-20
870,-8.516027192286412,-12.568735707703272,0.16291794229520787,1.864912345902674,467.80286819811545,0.455730918008471,5.671670124805155e-20
871,-9.026107141894233,-11.819124271641327,0.3150561882591075,1.1036636213859123,285.336278766807,1.499086207141958,5.717664306343157e-20
872,-8.375712823588561,-9.328668297774065,0.11211503204437863,1.1107083010861634,286.320643899427,1.363660938531729,6.003807403054531e-20
873,-8.602168764795517,-11.586203213447067,0.17710672834578575,5.89096184504849,362.6016926340403,0.1887302053550135,6.219374689695213e-20
874,-8.959805328123728,-12.444460271678293,0.30019116249537314,1.3727090375679611,468.8896464044587,0.7717652807723239,6.779987818693087e-20
875,-9.791569356493541,-12.23099677377941,0.6547091940190731,1.1219643605331373,468.35875753428456,0.042315733421105506,7.005798722209738e-20
876,-9.815129134251961,-8.967746757056428,0.401374385397009,0.9208066612353852,261.551649041887,0.9741998340204336,7.064754625487104e-20
877,-9.432224755756783,-5.3086517470418455,0.13524940576338865,1.6243229153995071,444.6589865284418,0.30002381713565374,7.444258377388164e-20
878,-8.845451455129684,-11.158240385852853,0.24195777814571295,1.8768062471660332,468.16586869779593,0.3256160457217936,7.626170100289065e-20
879,-9.348832517771488,-11.324773435304945,0.4596916202484462,4.5368542254083195,597.8493903393892,0.6778585900688663,8.467235622356977e-20
880,-9.55108193253534,-8.589019135839955,0.2901323544549755,1.0818620251342175,169.154272784937,0.18239821055639194,9.706028048879671e-20
881,-9.712815909934967,-12.89890278803009,0.6473370238135393,1.5660361512801522,467.9622024636901,0.4265724598291314,9.941241536939549e-20
882,-9.187434313519791,-9.929728528778691,0.30117444569574225,0.7301976042721882,252.26871941006837,0.4065890428623744,9.986108775529611e-20
883,-9.926950618382842,-12.210053331641264,0.6880873820342699,0.9770556760344292,244.0113650898585,1.4122241512002143,1.0507064513793794e-19
884,-9.517580072755639,-10.700836233335925,0.507443412816253,3.8896491041591137,561.527681741946,0.9717706731772457,1.059625746268073e-19
885,-8.872099212275893,-11.447686778894752,0.2568414981615666,1.1612625069553026,467.592850795442,0.3172110621054349,1.1147875207633175e-19
886,-9.693601473514379,-12.524342218246689,0.6407885579697365,1.2582687577816254,310.4251046157878,1.4564524566609114,1.1304995256144928e-19
887,-9.900278749036795,-7.662820793717084,0.29365192098634957,1.0236440635856068,279.54440531050363,1.589934353383181,1.1486126020976754e-19
888,-9.762294430660827,-10.430379066340546,0.5902512404135544,2.1620923008784723,418.01901653230607,1.2234669686667834,1.1550552936470764e-19
889,-8.644874420685943,-10.901187700105412,0.18299993783031102,1.345961040670544,322.3385950728396,0.6022217695297494,1.171841645259431e-19
890,-9.359407831207944,-11.546113748793141,0.48197012161918823,1.8869748225236058,468.68533728007736,0.1459334774779668,1.183093426938751e-19
891,-9.740392372078187,-12.845404582852627,0.6575602744808317,1.3128042601283922,293.1891174222792,0.14232555845426642,1.2308015049331417e-19
892,-9.763623109056542,-10.296525536323236,0.5791709694872561,1.6739513205376748,394.6277740039305,0.46455452889227455,1.2811186863549484e-19
893,-9.784478727793262,-9.039863669991915,0.410549128072026,0.7014691640062977,142.3224937500226,0.031449702214261244,1.3458497261781242e-19
894,-9.452094192563813,-11.532545075676538,0.5366686783271544,1.4243140184143195,322.2883460941733,1.0265552790018821,1.6455081838267019e-19
895,-8.942832971740858,-10.30399750759333,0.24731913818916032,1.8599777826951849,468.5541809311303,0.8785386145449436,1.6571522791964487e-19
896,-9.423478149371235,-7.462335352566495,0.18592949764678768,1.2233233438682045,288.94172142266643,0.30509449309591474,1.6619717855331374e-19
897,-9.52329880899246,-11.662265388204439,0.5716852839451408,1.8680182608200488,467.1209541999337,0.03413667953249533,1.7180971301331136e-19
898,-9.34085965023305,-12.564180298961206,0.5047352568482618,0.9792983340002097,257.27536322723506,0.4682341133260213,1.8194950123032897e-19
899,-9.868636266115287,-12.486924829864174,0.6933944767388756,0.9869977480327,200.87841523514845,0.2663888926219391,2.2492187861938817e-19
900,-9.811650260372367,-10.289476066599835,0.6051516276206844,1.5435708743766043,351.3924440517106,0.7563370645217597,2.25877906106208e-19
901,-9.764785052741573,-9.135143479707335,0.4239992840569006,1.2828521093408238,308.4133245833911,1.1861580832988432,2.3121875591071017e-19
902,-7.582847000207218,-12.385146122893639,0.046480704736947126,0.709153105620612,134.54769803510388,0.13289138249078647,2.3858279353487253e-19
903,-9.671656261131577,-11.658988418290956,0.632636842822262,0.8882481954852155,467.63069863255976,0.9308302598028826,2.5020580221569244e-19
904,-9.644276841145357,-11.88692650432226,0.6293352512718672,0.849804068811659,402.5758085131661,0.47396917262333105,2.562575126843903e-19
905,-8.23190835205559,-9.265311930705451,0.10441393207214408,0.8918545442875453,190.3386659002008,0.9200561904174549,2.7441418782255284e-19
906,-9.393675409538933,-10.858228473205953,0.47606347879842065,1.5331456361427223,468.0964273719187,0.9000226370502737,2.75809686789624e-19
907,-9.145235304919176,-12.546733050941588,0.40095491909124675,1.0957631263964611,227.14563168185612,0.1954693193346202,2.808896014969403e-19
908,-9.822925422377411,-5.566757540657391,0.20862972777290031,1.2135420907360943,279.13486745942083,0.7379466106362056,2.815081407822406e-19
909,-9.337561408902909,-8.085780467439207,0.2075999974940744,1.2223197034129467,304.83744098016507,0.2368770770229469,2.944420256702973e-19
910,-9.408454214101763,-11.515068975908795,0.5229749864432081,1.8518789745553161,448.23197083879376,0.36033310378301664,3.01180818855303e-19
911,-9.837391491847123,-5.181903197311433,0.20751114789166816,0.8513984297947611,219.1579189188957,0.9569721228535837,3.059408686572749e-19
912,-8.75374482457964,-12.259317891214389,0.2386988724739206,0.6928330917485716,130.04139714494937,0.21340785757191938,3.3057417986743845e-19
913,-9.997186335311536,-6.623957031236456,0.27020199817540325,1.0761200025710533,281.91576579433377,1.8109527099066796,3.5644504783077747e-19
914,-9.936570464419251,-12.495409419773472,0.7131695149420125,1.309074152475682,284.66900181697156,0.7533575974673665,3.731343654042988e-19
915,-9.172965746461966,-10.938791883477048,0.3725628194263354,1.1302211218627274,265.2018034784478,1.2103801420981029,3.8012548258895464e-19
916,-9.527469527670648,-9.689233483515231,0.4190964520881906,0.7975276276752448,469.8799611112126,0.1253934061984019,3.843331588514464e-19
917,-8.756579090724145,-6.323459947150112,0.07569222044559093,0.9676270336745586,270.36400561948886,1.7767939687219156,4.0382844977279974e-19
918,-9.409117695529552,-12.698570718780296,0.5593330713219354,0.7190630304006256,177.1393961880177,0.24397598060872117,4.24775536631032e-19
919,-8.852065629160927,-12.32294198185161,0.2746211298839956,1.9453161031819681,196.37994972566324,0.22263887890979106,4.254868466024361e-19
920,-9.40901413376181,-12.557789108008494,0.5591495696888983,2.0439433032693155,408.5488801122561,1.637216160705817,4.625540519473263e-19
921,-9.877690674367766,-6.749147555701909,0.2504709701329949,1.8669199678542208,448.2802120377112,0.38684869003409794,4.7054124094804915e-19
922,-9.8958810721491,-10.060001035619761,0.6220499748593453,0.894469879850803,218.7208044343953,0.4591430212551204,5.071990922183022e-19
923,-9.376439461491877,-8.071054090554467,0.21664204138047616,1.112038456474148,265.98795640303496,1.2840740454460082,5.1166175690831835e-19
924,-8.81796843212878,-11.691946190331231,0.2566213502372127,1.6675768365946022,346.740813345257,0.4073771922519258,5.346488799646798e-19
925,-9.602529191484276,-12.09740617067546,0.6334846345596955,1.1281112735192467,292.99650750417726,1.287830656711983,5.388902909661866e-19
926,-9.741853239233782,-12.77239152763227,0.6811870811552443,1.9850551212211383,380.55499508502083,0.4709116851284856,5.460649852793098e-19
927,-9.317850470446862,-11.869118888349464,0.49726691640624954,1.141106265637022,294.4701599117412,1.050211417927617,5.532109692193876e-19
928,-9.014026773391027,-11.374961885369885,0.3224393222895257,1.157164899888099,293.81484417434694,0.6972595533237858,5.53879956833886e-19
929,-9.395408070294561,-9.186965730340194,0.3159492330542766,1.4540326209890262,467.9737582116856,0.23392052555615184,5.721143648138636e-19
930,-9.81736185017615,-7.610585005953357,0.2836301688900493,0.9604525515612397,261.38187878456125,0.9009069944666104,5.823133676448878e-19
931,-8.634668446829881,-7.176542030026319,0.08164152008512832,1.2521350232190709,468.0059934572802,0.4333187586688636,6.000825560429042e-19
932,-8.699392808247307,-8.277323209097226,0.12789876834951747,3.2789704671965474,510.6523417955202,0.6363336063538148,6.088245616054434e-19
933,-8.887736851906457,-7.841518603919203,0.13164627493501957,1.2250268849926766,211.02161975369364,0.003654026886990458,7.129469150586791e-19
934,-9.871531867418026,-10.491432039754317,0.6613809965242384,0.9929801861046608,468.7450521703466,0.6452796273220072,8.15131480970102e-19
935,-9.628253751951982,-12.664192298003806,0.6602160475452564,0.9071356138783178,469.3113952281832,0.007271360652371328,8.16039098770204e-19
936,-8.859138068233424,-8.648044219037892,0.15956352207246538,1.8483809789840913,468.0373027477801,0.3847334478854938,8.480443732946227e-19
937,-8.599378168146051,-12.67218522635492,0.19860699093252532,1.6188546848649148,376.8011734646106,0.4740543096831571,9.37570084657069e-19
938,-9.911955662881628,-10.171273059801763,0.6496599635894539,1.5152085041818704,344.79925298439844,1.3868198171711654,9.471185219683612e-19
939,-9.253390002020055,-11.821619009928977,0.46723530800083796,1.2487168700384579,307.21406098955566,0.9112929412167059,9.86265677898478e-19
940,-9.458586398437516,-5.119079325988372,0.14650386201627802,1.2247251501797292,306.4207939858489,1.8292606058706404,1.0070691188551915e-18
941,-9.482981475490876,-8.566282244537714,0.28653741793753373,0.8921426808772662,282.39471136711586,0.9953871084165913,1.0792045521628524e-18
942,-9.362322902503266,-11.20413585375824,0.5063310137427253,0.8321995055771889,164.2822397999275,0.41323038378729926,1.0949960338017083e-18
943,-8.32067765539983,-8.595067051983202,0.09269677419870823,0.9819734068999887,468.02078711842927,0.8895158043822429,1.1496925512847784e-18
944,-8.149473732267117,-9.39266662044338,0.09680678264289594,1.3830960247810165,467.96455925317883,0.2293774026268549,1.1648568244743198e-18
945,-8.59748189953492,-9.969465457749823,0.15938373265548378,1.8562191205232428,468.27337499968445,0.42017756023520914,1.2078678590159469e-18
946,-8.865141374871866,-7.990268830531255,0.13634817886661432,1.103615395677271,285.84303882934375,1.1771932882512992,1.2114076569876633e-18
947,-9.323555057127097,-9.768149277477225,0.3587650702222911,2.308390207663771,395.41401853918074,0.2318384329971499,1.2984035252464712e-18
948,-8.282031278963117,-7.1796988585676775,0.036218639125359726,1.8787741545524053,390.45069322315726,1.876494524661898,1.3109744018872988e-18
949,-9.664268023433795,-6.933056206215427,0.21818446680345152,0.8870688340916537,185.13141509209663,0.7306599885122109,1.3165643431821621e-18
950,-9.63683871002995,-12.257026471097523,0.6667585731271636,1.8891629417397369,467.7796900679565,0.4560363828623819,1.3407898232761921e-18
951,-9.157072617129588,-10.160343983293254,0.32947561570376216,3.7459375555561603,538.9412952337774,0.37671585079042114,1.4102165996203346e-18
952,-8.648351558576534,-10.685261988173355,0.18994559929879182,1.8109041456025758,434.61507490115366,0.7862676981681469,1.5032353451456593e-18
953,-8.744948643489229,-11.295517411910206,0.2303219447835725,1.6928522219083786,468.08789454825325,0.20288910646040126,1.5292130415490492e-18
954,-8.47042565464302,-10.434753388519141,0.14779738182938731,1.2103919725484826,467.1573763779692,0.2324666470475183,1.595437739718791e-18
955,-9.651677755288203,-8.970296669957582,0.3837796648087249,2.291531265839198,436.29673155283433,1.9913964307455023,1.600150191137337e-18
956,-7.557332646058075,-12.808811091278777,0.047114254978203124,0.7911130731992643,469.6430216491216,0.15801666825053395,1.6405806305416637e-18
957,-8.693060675160838,-9.023260692785351,0.15068981269548903,1.8242281662623927,437.01825473141446,0.7025405012750241,1.649601355450699e-18
958,-9.407783100080511,-12.836530267552082,0.588645340928678,1.0643391959535096,467.65076975888456,0.562899624057903,1.6992821079264386e-18
959,-9.473435987809422,-6.630283184842344,0.17484190458441928,1.1886624184340842,467.3561737795897,0.32320189303331315,1.7075196184937035e-18
960,-8.241138937144903,-12.355804576417832,0.12007148006708036,1.3757271383619873,320.34200420674114,1.2604313767830773,1.8962723301409376e-18
961,-9.482466275395685,-11.256590458885254,0.5842720884906777,0.796953315978724,174.84841210370067,0.14310527196786538,1.912388605599474e-18
962,-9.464428142229103,-11.624637084084124,0.5931051926969217,1.564909585868787,352.1629323617465,1.9850952158110466,1.984409241093934e-18
963,-9.589794609223466,-6.090853241305009,0.18336605930510538,1.9898480059489294,361.58959729283345,0.1563387431356782,2.009625053248834e-18
964,-9.60581199725586,-11.688120564901809,0.6531395168913905,0.6557223508025918,468.2628321681758,0.4304747769763919,2.0731994151349637e-18
965,-8.515669455276793,-7.899920788026516,0.09386106815424095,1.6772749296553113,391.31096422395865,0.18511892202647484,2.1159358729019455e-18
966,-8.732864054048402,-11.590020005599158,0.23418910955091565,2.5589461376804286,462.176848646392,1.8442085218859061,2.1782277665163284e-18
967,-9.355184038925287,-11.108924071625298,0.5106612167538257,1.1031910659130584,467.28923212584493,0.6866601154274683,2.316444585742999e-18
968,-9.935011258305783,-12.129691697069987,0.7432964029149237,1.287076553934009,287.11513260541534,0.09522682438911456,2.379787431107087e-18
969,-7.701681620237998,-12.511304748926605,0.06149078645064913,1.5051625921307596,470.3331496371349,0.028454154720287228,2.457524738390988e-18
970,-9.65819255062159,-7.863028701510088,0.2729592580141846,0.9432406041922127,233.24869179464895,0.8230302905806379,2.5322933847785156e-18
971,-9.841377168716999,-11.513716687132652,0.7174038856299176,1.572777735075185,363.4021737913373,0.1496853749885938,2.6751703638065035e-18
972,-9.535264986367823,-11.025851581643884,0.6055107091134903,1.0802360651424856,287.1698226249384,1.0591101407998993,2.7321250120773183e-18
973,-8.449971947316113,-10.415656118151134,0.1448396351427927,0.8896673644825055,247.79539874877764,1.266585704497392,2.868173963768126e-18
974,-9.613801354245409,-11.784319054751549,0.666383363641719,1.3099168129144947,309.26341400675216,0.3983408923903857,2.964298142244191e-18
975,-9.97480873289035,-7.262569338264027,0.31071357112803705,1.7882724577167182,426.41514421983436,0.5393302659251527,2.999319082196072e-18
976,-9.714352168914193,-8.013907153049807,0.3031852550252815,1.1701760313727032,467.8181589052799,0.3261417827570563,3.0981580958852367e-18
977,-8.104150782868278,-11.650442275118301,0.09955208886953922,1.4538552238988072,331.7380459083073,0.3018097831147122,3.3056519608124505e-18
978,-9.518727182606806,-10.21030880471748,0.5212451943229849,2.249399235286988,429.9445393293641,0.5256945628827294,3.3718118725739047e-18
979,-9.955366247842864,-9.192582913228609,0.5500346847334157,1.1198000500301482,264.80778977650317,1.046658856798616,3.6170903872714075e-18
980,-9.535579604053355,-11.244124833576532,0.6237619942112073,0.9424077503330693,255.05042433242266,1.2783578769921977,3.896630303108203e-18
981,-9.539828889916267,-10.402112833589092,0.5637460463369551,1.0039055573897477,468.17841679348567,0.9072230014069325,3.984443361873026e-18
982,-8.039925289839468,-8.148572881140893,0.037910846380331924,1.8166741484432523,433.79457702516385,0.11168022548825807,4.079203512759144e-18
983,-9.628545240716706,-10.387738355200828,0.6023233460552214,0.7322329084923899,159.3074326396198,0.8962857402713036,4.129223923836332e-18
984,-8.607311763623981,-12.39786889531624,0.20921294885946318,1.292007997528951,445.87687079248684,0.258808749539873,4.165238351804341e-18
985,-9.616522437164544,-10.759527003311959,0.6297202636546422,1.791190691847126,427.6282824822782,0.7032546652808573,4.3199877809333095e-18
986,-9.997579629369257,-10.602768542487446,0.7261014791135226,0.8856318256978686,201.5613378466125,0.593598095685584,4.409177332503037e-18
987,-9.754279261756798,-11.907346385842434,0.715849014953362,0.7170082291442784,168.23371483440147,0.5454107307634768,4.43455046822273e-18
988,-9.49465491481256,-11.830249965775666,0.6302072262481625,1.0243302918048507,160.93262177157203,0.19552665561722815,4.510108728897515e-18
989,-9.64570976369238,-10.78292564869243,0.6444076105345955,1.3481863176438162,301.6754235344712,0.27725424418109323,4.60065076058505e-18
990,-9.743335927763404,-11.882454054928713,0.7128474298755457,0.8550232039863791,215.5361810945351,0.5457469088099725,4.6517239844299144e-18
991,-9.304182841533683,-10.79260656457066,0.470105406483962,6.866943798368987,506.6417224393068,0.021931295995107014,4.8122966514606655e-18
992,-8.031701356234228,-10.414764325712701,0.09253201875152199,1.13689193819857,291.4802477949964,1.1672313010278073,5.0278740448748845e-18
993,-9.3590149913906,-9.637176583833973,0.3740922644145161,1.1053739039001518,457.2850262090829,0.3967807229741336,5.0586405044399546e-18
994,-8.990593682755641,-12.415834569091983,0.3590113027760824,1.8797725813479238,451.8666855249693,0.5097749047013744,5.101344410463484e-18
995,-9.39328125877521,-6.098711951084314,0.15550680057443925,4.302872074931838,578.0491307463104,0.4292254406457028,5.231837620977718e-18
996,-9.133723383543773,-9.867642601133802,0.3107350218275385,1.1172956901479214,289.0427343214585,0.9944882354480589,5.304491988681575e-18
997,-9.339004381271238,-12.503109044221281,0.5731615884617541,1.7888272884225633,468.29877650197113,0.662607635268678,5.3416849992332475e-18
998,-9.39837305209224,-7.634113041016872,0.2070105544235213,0.7959133657778421,226.05906598598494,1.4369995933467097,5.366284932551191e-18
999,-9.705009834818151,-12.242810142241028,0.7119154363659248,1.1866632685852587,301.42717790394175,0.5668547674112654,5.56289771261819e-18
1000,-9.662932993866253,-5.7965659011816575,0.19807392864199114,1.7368600987024765,411.82341849673867,0.47676058157399215,6.093396863878792e-18
1001,-8.383164230640753,-5.270775404201329,0.022438100056425506,1.0240765358919979,274.5485351945729,1.5013007738177544,6.864255458758828e-18
1002,-9.520374005144111,-10.769268208135781,0.5993807923037888,1.561158946126097,358.75265792676447,0.05709973322848949,7.127287477648188e-18
1003,-9.82381689445348,-10.054993621833653,0.6533374720028332,1.1186273460915512,468.01199535603354,0.373413319016751,7.710299628458644e-18
1004,-8.925867933024861,-9.791024177470582,0.2423893328136896,1.7005300179327085,467.8380308351187,0.42864063207967096,7.867394448802117e-18
1005,-9.754727064077818,-5.335457032531848,0.21310688674113024,1.5672038388042377,370.37468231533967,0.259590935581933,7.919926580274758e-18
1006,-9.269367038993613,-12.837923933260235,0.548149372633805,1.770115498786803,420.7082434006589,0.2651582365391416,9.09388369478677e-18
1007,-9.453987459485322,-10.049372000716925,0.48529627886164334,1.2209772320361483,311.7116633814277,0.45989908642699184,9.981498336495196e-18
1008,-9.542444161395023,-12.213151232306274,0.6755450603457899,0.7587133814296998,223.15108894758012,1.1841216172278228,1.00333455564881e-17
1009,-9.049264742505212,-9.3704549458187,0.2518881287159,1.499049015852883,468.3282034269196,0.31961103151156056,1.0977302240322953e-17
1010,-9.797688565427222,-8.038522863941694,0.3368397474468351,0.8972491062449228,458.1140694866672,0.6364859222048098,1.1077711680772799e-17
1011,-9.787910907929122,-12.33717946043177,0.7463726895111362,1.3068094609450787,276.7988466668638,0.6489150912739889,1.1622372229854729e-17
1012,-8.644954772725859,-12.427585468846816,0.22589100241825213,0.8575143258631616,468.35054404125435,0.517643196676091,1.1758099556038459e-17
1013,-9.714719838208772,-12.849720771265117,0.7344406008373429,0.7405878276018906,164.9099667252004,0.3332243413609248,1.1763530863708151e-17
1014,-9.66494309966007,-7.970723891175753,0.29664857887801954,1.1569893360866785,299.2174064993796,1.208920451691763,1.2292626091440319e-17
1015,-9.67341211061371,-10.02200712456295,0.6016525464877045,2.3237530196527563,437.02095813076926,1.510410939631373,1.2829822261009672e-17
1016,-8.277646875404066,-11.482577679403185,0.13028568840655877,2.9544600743809584,496.4531160588045,1.695620857860047,1.3323207677612552e-17
1017,-9.966706347432872,-9.705570958936672,0.6652855788044721,0.9227259411214338,468.02705489035395,0.18679493445148143,1.34197121821501e-17
1018,-9.68042725070829,-12.891899974168338,0.7308524888719219,1.0313340560104156,280.7765014884203,1.3345055395293892,1.418444868680863e-17
1019,-9.493820083844382,-12.823618805024108,0.6723410807405228,0.9528376523275439,453.50491553278044,0.18828787499390298,1.419316025079322e-17
1020,-9.550792627845434,-8.800384515462959,0.3528327884369162,0.9946005135961808,272.1558506335551,1.8571064032575189,1.6460961309563744e-17
1021,-9.685937688590235,-8.13892288473648,0.31897821820859584,0.9201477886539993,235.38233291619372,0.9887911971638284,1.6893984825352872e-17
1022,-9.98528414117182,-7.707759145440948,0.36086733508715685,2.5366860217155627,333.6858884688932,0.01275273970644708,1.7287274679331377e-17
1023,-9.824965389499575,-12.080219566727488,0.7630455412104826,1.4040462384374623,328.28171677556827,0.6498921510126889,1.759353121215452e-17
1024,-9.937398714048005,-6.095103635282579,0.269166108397671,1.5496782441428247,358.6484557942693,0.25634940882363466,1.7651789310378908e-17
1025,-9.000587854624237,-12.560800296869004,0.38367025502687074,0.9925539912658792,260.4918302978629,1.0037373908998353,1.77821172235457e-17
1026,-7.7330425196327734,-11.548695489181279,0.0688159278925294,5.860488961321309,341.91248451995574,0.24286021041636818,1.893289517319269e-17
1027,-9.788945278133637,-5.87065864641189,0.2342096717562566,0.8247421191600364,192.62116086489885,0.26801469662288735,2.1354246506171474e-17
1028,-9.530177187795957,-10.438516802800006,0.5972728222932642,1.0420913348472838,466.85573261169054,0.8946228176840867,2.14584850137302e-17
1029,-9.44099093171701,-12.436356819089292,0.6549120410331065,2.0929160945258194,398.57552644148507,0.22927246265480417,2.1598660081901397e-17
1030,-9.77445379565959,-11.287522709375356,0.7382892570979126,2.6368916320991356,468.70856944833326,1.7015870796742742,2.3504599698310763e-17
1031,-9.393741441043673,-12.767001575269187,0.641430576478099,0.7151033268920378,160.41812162582684,0.243308951415397,2.4195068405217218e-17
1032,-9.653787414606125,-8.772814392507396,0.387900990980041,0.6673792195257031,205.7891698563421,1.4333908093664123,2.4546371196464084e-17
1033,-9.60636498669179,-9.288390692437156,0.4519305306703451,1.318814976329253,212.09947953929523,0.10883360489595972,2.495327953844124e-17
1034,-9.467219132098311,-11.475340020464602,0.6451835201250574,1.8253940585091508,467.67201036657656,0.4546196407885974,2.5067230920429293e-17
1035,-9.715160148860916,-11.383225198886473,0.7288077079323075,1.304095138888706,322.0194297445356,0.45293173380774565,2.6013351826645865e-17
1036,-9.219691547791184,-11.669342686196126,0.5090208290931988,0.6983173802751101,143.66384554299447,0.154915444861909,2.6938109322809657e-17
1037,-9.15140732733022,-9.07701277368305,0.2637405007520477,11.262863019285403,563.4683421775591,0.05281718931695156,2.7486953777931347e-17
1038,-9.884450474550531,-9.52204200023781,0.6269855017806084,1.817666777700842,247.5308491368372,0.4270698130173747,2.760826052044833e-17
1039,-9.126668030496361,-8.572267604496993,0.21953534515757742,1.8481180336828456,456.2518493029762,0.17187423745700414,2.9009116657648656e-17
1040,-9.388607121493038,-8.354375594218595,0.2650623683264794,1.0631160787770197,467.299359637087,0.4363390196697585,2.925276628485834e-17
1041,-8.632620946073834,-10.089263300757096,0.18582897323302386,1.084740090550712,467.44803811630885,0.3204178229637362,3.0187263100249264e-17
1042,-9.639720618505427,-9.683028481433205,0.5477954323474725,4.683224628044404,585.9749037233323,0.25911192599217525,3.195602241381497e-17
1043,-9.441155079937875,-9.26634554848547,0.3828414182662807,1.122508757198864,224.5386336114681,0.7250199624583056,3.264582376873464e-17
1044,-9.481270163631464,-11.026523799299689,0.6380354493575227,1.1671531041785903,467.9524116825314,0.328473684053713,3.4133204676834485e-17
1045,-9.605126966514483,-10.536408238475948,0.6547908274240648,1.0933322233797549,232.52259498674067,1.0389723102170683,3.4671995594788e-17
1046,-8.453761303690891,-11.339543888039213,0.17089550553693036,1.713330460687169,364.9110475713628,0.9326928131067183,3.4908815745303526e-17
1047,-9.814871505271723,-11.142633491525192,0.751480528069818,1.8489552067573993,445.5266738614089,0.44615541835472516,3.542825697908299e-17
1048,-8.017966066006815,-7.310972876331543,0.011991747785377063,0.9330407911040922,469.3428643638578,0.21225420037674425,3.604192518718311e-17
1049,-7.449331991764989,-10.558985088606061,0.027758688663382814,3.0344131437324386,491.00670892754374,0.6529205653493326,3.6269581921475485e-17
1050,-9.51974344861825,-12.11309076587192,0.6933063411652739,10.763382902276199,778.0375183975258,0.26872346071807574,3.680237913436284e-17
1051,-9.2145972999389,-7.783145570111147,0.19083935425565043,1.1501034966854349,467.8968778979281,0.23023387550725705,3.812989246514854e-17
1052,-9.74775583155426,-10.988596231507413,0.733123228966165,1.0923385257052127,280.1435780840214,1.5178607822328063,3.9394234976049843e-17
1053,-9.61748499614076,-11.314084035864804,0.7077303956029208,1.1454940192060579,293.5029720177648,1.1692980449754051,4.045974360934796e-17
1054,-9.5037752172932,-8.170432417037137,0.2812451731097451,1.0996855075049272,467.47887588966233,0.6841838957625761,4.484545220400743e-17
1055,-7.4190892361461955,-12.458328133050081,0.03628310212506319,1.0687273569394649,199.2903595807089,0.08102156562535434,4.885857930521142e-17
1056,-9.82730897475053,-7.5937278585966475,0.3204360249510962,1.7096952014371625,403.00086526200585,0.5167978807924953,4.898057780085377e-17
1057,-9.655168736107386,-12.974133735620736,0.7524394227892721,1.240756288638647,268.35263657076047,0.0748311070785519,5.4164058516676254e-17
1058,-9.589803889919427,-7.704035484100242,0.2679709510792397,1.852599207344916,443.86050865812894,0.17013906225404707,5.428251602185746e-17
1059,-9.733334640612524,-9.085278423092818,0.48259975467798055,1.6128780491398191,467.96852369290383,0.44279790944564734,5.437592168911793e-17
1060,-8.613225495977694,-8.644165398594758,0.14123848320705432,0.9725516198116738,191.64746372110528,0.31094856369165136,5.948931645720167e-17
1061,-9.650274457361084,-6.501893562222846,0.2275405465364033,0.950497051033773,248.9705922562473,0.81689412825751,6.094689677861714e-17
1062,-9.95699739931251,-12.293955603920978,0.8189387587722257,0.8811573005459501,218.59713097396235,1.1177668627560307,6.177509220648667e-17
1063,-9.988466356311921,-8.832093806730832,0.5422942331459994,1.4875420373760917,338.9932570487353,1.6151005339442204,6.693050550337629e-17
1064,-9.67504285208528,-9.890639553191352,0.6210113740033507,1.8882128654714012,468.30718926807907,0.5390988283181706,7.012266683428671e-17
1065,-7.927228318063167,-12.963986729108807,0.08384546989541304,1.8054090961686398,468.4742529356914,0.8263857080830048,7.071594309500993e-17
1066,-9.45608844623507,-10.823367972240257,0.6251861576866826,1.8892366098670337,455.4285998676392,0.31138200325488796,7.181772871272252e-17
1067,-8.252413705147374,-11.431390767185288,0.1322064664483713,1.1303354883549286,274.18682510822407,0.13729363479458634,7.652809232736802e-17
1068,-9.120577753992164,-6.2998288831444444,0.12880224314099006,1.8827273309964108,468.27864761060533,0.2965730193148266,7.721456581330987e-17
1069,-8.726168792579442,-12.675100150269143,0.2774282290257534,1.0870533454408953,467.7161261212044,0.7673681030496455,8.540519399322939e-17
1070,-9.02576171431317,-11.7592081388172,0.406567762079446,2.3161440556902777,347.86150664305296,0.055815009051761066,8.863877914587388e-17
1071,-9.164671976967957,-11.953177821807154,0.5075430824917331,6.935669844014681,630.9972908286824,0.13895314310290185,8.925323579486661e-17
1072,-7.630016735448141,-11.25403426392637,0.05949074667476892,1.0567373353705745,249.09100013900792,0.08964221906498526,9.002428725674076e-17
1073,-9.732557022310866,-9.274040958502788,0.5337090202125396,0.8685778987020555,220.2844757705386,0.8805053797395237,9.11251459149491e-17
1074,-9.954729035810308,-9.52819204288916,0.6766970803524376,2.580655535199105,422.4194739857481,0.208602977078451,9.323711888355185e-17
1075,-9.277915547513066,-11.029898114641503,0.5372640950858041,0.9391921191027032,246.16647062356554,0.1816066306562485,9.594113600229409e-17
1076,-9.131334841648023,-10.717275951693399,0.4151940787849974,3.102599787238081,433.18709466582936,0.09445488408814118,9.657217488996534e-17
1077,-8.230123468352268,-11.964072266211526,0.13215479315214168,5.798115238086443,344.164316400321,0.18837082821541618,9.662746673398046e-17
1078,-9.720253626097104,-12.208560278672502,0.7783678592831994,1.509707752880533,304.92653254307334,0.18402320873926925,9.881531987754119e-17
1079,-9.777244188913162,-12.43928503790173,0.7954242387823666,1.2585158132653995,310.191874380499,0.21466047271174027,1.0108008512797966e-16
1080,-9.901818035560614,-12.475199705091148,0.8215939689379819,1.195387470061897,289.2352057651504,0.5329889583095868,1.0176434182861157e-16
1081,-9.74306691742555,-8.605274452435637,0.413914356153426,1.8204711608197748,434.62331902550744,0.6069628048828575,1.0344469464787149e-16
1082,-9.805245214331851,-12.800827603725864,0.805166402201466,2.0003532471438747,401.5557462757408,0.8741612402693226,1.0552041338988464e-16
1083,-9.262862107388093,-10.424114918671915,0.46858558146321916,0.9011053816557961,182.24857465945996,0.044405234827725515,1.0592666407211117e-16
1084,-9.315118015418618,-11.914650939930285,0.6161060986308604,2.6894761043240147,474.33147735519015,1.9652803632013596,1.0771914943505377e-16
1085,-8.83341383326229,-9.955491616494921,0.24328916640295917,0.8638121839705618,468.09947659775423,0.6843342627623556,1.0829425748186861e-16
1086,-9.808077535289947,-12.948943088755891,0.8079597823606017,1.146208176237571,236.09643844223658,0.4450271166620441,1.113043574210959e-16
1087,-9.576925327370668,-10.108308594554764,0.6170144126362725,1.0659676056820255,468.7902309284204,0.5633382532598121,1.1156235161761175e-16
1088,-8.861829605162235,-11.958583446068106,0.3284767973742241,0.9829434912785907,238.5872903446027,0.9539745541911335,1.1740030830342945e-16
1089,-9.663359982179534,-11.407457499974015,0.7503258394011633,1.0864803356798605,251.65686345624107,0.8457639857807608,1.237861115767353e-16
1090,-9.555736127603717,-12.128779440726756,0.7347249053877077,0.7706292275050727,159.90203783484185,0.7212340522190841,1.2794309131207682e-16
1091,-9.168783585413228,-9.653507927711924,0.33922869660609495,1.9156535249636408,335.7981992335447,0.13923927090756294,1.3075969436725487e-16
1092,-9.50560700437669,-12.689258345589122,0.7266482930752216,0.9741950332978987,468.28132309997955,0.7738762702559177,1.3175827901417649e-16
1093,-9.792378184771907,-12.19807206753743,0.8034938287516336,1.3020982847430627,319.55726211382347,0.501938218423148,1.3629811744081133e-16
1094,-9.193658966906618,-12.576082497940796,0.5576371562466853,1.3409201560986863,294.467111605144,0.29199095427454047,1.4126298980953067e-16
1095,-9.833644825300098,-10.695490357811039,0.7699479731742017,0.8498155472050191,467.2526526524701,0.3897248168626257,1.4842168926688404e-16
1096,-8.68780617687351,-12.503481993758719,0.265968508846834,1.159903515814448,296.9349476260853,0.8291619512878503,1.5136173347417423e-16
1097,-9.427490801160001,-10.862047877652,0.6334729718274988,0.888632755141175,469.1103313095547,0.15078745380775693,1.5448881519799308e-16
1098,-9.92538620012379,-11.255318979698604,0.8144987667258855,1.1752174848378787,466.1752025791555,0.16129998830747638,1.5570708382143212e-16
1099,-9.221433095039806,-12.566275466087202,0.5848705732315228,1.0403327279264092,467.79485099672405,0.04271484783630086,1.5656876871404214e-16
1100,-8.727543923071464,-5.059372146611116,0.07184632695691402,0.6795461119031908,200.135783279225,1.3494079939809245,1.6467700202530662e-16
1101,-8.803508844642248,-7.592906061316998,0.13295972890663038,1.8696994943241014,449.35844464995716,0.07716197383787549,1.6952945917760017e-16
1102,-9.75419659227822,-10.144044634045853,0.7079467349594801,1.1036767538022536,285.88879017195745,1.1386075065021197,1.7003634428632436e-16
1103,-9.27395175245905,-8.157619139046822,0.23485961283032686,0.8693650374700118,467.9022803083722,0.5619748831220406,1.7202357976829314e-16
1104,-8.742071468595364,-10.012543272003592,0.22213648477384146,0.799492679771127,237.08398796050696,1.5658360316836344,1.79389134741621e-16
1105,-9.088805674647924,-5.146678238627907,0.11562792967020155,0.7567886304421737,443.72712870089606,0.24254498130503777,1.811475098121924e-16
1106,-9.90907927421182,-5.742404840778783,0.2756675753861805,1.657174893468118,387.847334615007,0.22954181962616715,1.8130975670682097e-16
1107,-8.091662538966734,-9.485329566985028,0.10353511223974043,1.1541446826471629,257.4762616686641,0.3203550975608005,1.8264199386520811e-16
1108,-9.667425137017608,-9.530504208724395,0.5723470015461944,1.1823258011006066,302.9374293151494,1.28577615814355,1.8379345499722653e-16
1109,-9.589449155764676,-11.685657112201048,0.7446456872667987,1.8732504117589206,390.3070831830987,1.977340686766655,1.8909812139152448e-16
1110,-9.636346498894344,-12.591981948575416,0.776824258413746,1.0355541884216077,206.7911271004068,0.03786247136527532,2.0118644254784416e-16
1111,-9.588138610014871,-12.575482698462475,0.7626624395184628,1.7377829155496027,467.73734510706583,0.30147479987199954,2.0539656700972558e-16
1112,-9.786007662854482,-12.843305087530798,0.8181812904668212,1.6872518525261972,398.8297342325418,0.6220775174797257,2.160401490428139e-16
1113,-9.230381675535545,-12.762615568843701,0.6026768996120818,1.4094110456041529,380.3783993574937,0.4130992353660119,2.161133903263219e-16
1114,-9.226119115857776,-10.34523808460434,0.45231374997151036,0.9412471456675898,242.71184640922976,1.075166951654574,2.3239537424966083e-16
1115,-9.011242592002015,-7.034867865961714,0.13369371468737956,1.1145350762819057,467.97346508593336,0.8527908253925931,2.394780331588179e-16
1116,-9.300490279230873,-12.774656164984203,0.6546760980078089,1.7511834514286402,415.72999030154637,0.8134494152281997,2.6167194465312175e-16
1117,-9.598513579272273,-6.163503692922932,0.21685624234461504,0.9866736011026698,240.23222622139716,1.1084331727143955,2.6392097098292077e-16
1118,-9.82822865423291,-11.634833713830318,0.8165425923901231,1.3907951402348613,304.67519498811725,0.46499263681509095,2.6625381984899377e-16
1119,-9.173724258919192,-12.556056927700718,0.5605663487432823,1.1548870475049355,298.06380450092337,0.395562045861511,2.823329482237845e-16
1120,-9.923669416183937,-9.669678840743353,0.7157676035130985,0.7482905408367898,466.51886299808257,0.31475045989440975,2.9731604173917244e-16
1121,-9.649363059026673,-9.460419956702843,0.5556869297382009,1.004368716866077,267.09320285363,0.9318177172265285,2.986303334842735e-16
1122,-9.900490192322312,-5.0563944042737035,0.26845065370718896,1.0286094364923166,468.03639026291256,0.03217575864454503,2.9976179964417446e-16
1123,-9.350416212842369,-9.348893758353725,0.3842938423119743,0.7990537464504753,469.0511918654817,0.18445977385610313,3.024335449611624e-16
1124,-9.447618477102958,-10.902868542364315,0.6670365687238313,2.6151099166386094,468.40234469109475,2.2963684999677367,3.114752300030606e-16
1125,-9.9689323404408,-12.075196118028503,0.8538165482894047,1.3699768016168217,318.14985621973335,0.9989127674224001,3.1282050789256956e-16
1126,-9.206929610270366,-12.083971471248564,0.5798770208886688,0.983139424086602,195.55378199432,0.6943603105735834,3.2320552824091236e-16
1127,-8.42986145624442,-9.938328555516312,0.15291213115739177,3.823530050571563,555.8172084752109,0.8633100885106737,3.4113444088485973e-16
1128,-7.232738707282475,-10.71638539625909,0.009779320203960246,1.7021681327827947,467.97867456182587,0.03690282779317133,3.5607891281073947e-16
1129,-9.728261698652812,-7.878069430141025,0.3369355189917004,1.8575645635686397,446.63361625534304,0.09816725972558782,3.6178478788703647e-16
1130,-9.281735909483206,-5.91090679653301,0.15226427230327033,6.127661397848546,670.1906445772777,0.3407813184199062,3.7370095061436144e-16
1131,-9.262756227983509,-12.42490345571491,0.6329276430923013,0.8211996892433906,467.40534279023205,0.12287942782262551,3.8024782239369977e-16
1132,-9.221606999214817,-8.251457882061693,0.23513590151026476,0.9234138672121508,467.44858574587204,0.42936922975560776,3.916150211853015e-16
1133,-9.375591970972009,-11.87819259901998,0.6834273695290123,1.0921125283378785,226.58939956213172,0.9588794499049653,3.9433919929156244e-16
1134,-9.101354505617927,-7.092142793052282,0.15087761010360187,1.0424401797618574,283.802831846282,1.1789858118917502,4.1700967952933847e-16
1135,-9.461825133120142,-9.746180560171313,0.5150288731074872,1.3348771908305843,326.09924331944126,0.3119215039525871,4.2368447158270346e-16
1136,-9.835697191845526,-9.56949225483351,0.679771773113667,1.2552044145810548,261.5052143573497,0.21076912091961564,4.447550775528651e-16
1137,-9.90441440407694,-8.403875476148723,0.45863579134595456,1.0718984667202034,280.0157698751908,1.6930289051657796,4.454814606030696e-16
1138,-9.610649346286033,-7.951428048498467,0.3095545092873018,3.677860317434848,539.3941531708798,0.29469934287116484,4.484332771263789e-16
1139,-9.64203696277102,-8.876022126512058,0.4371362162069153,1.318881021007723,313.1738667432626,1.3991853091155537,4.667975401101248e-16
1140,-9.100850697256814,-6.934309123746083,0.14604339772160452,1.1968728751576696,304.60376271339095,0.6979365187225106,5.093250827542628e-16
1141,-8.72314582175878,-5.754669881305102,0.0796276289555066,1.2850399433102264,300.65370596771976,0.4745786873880311,5.333892838960876e-16
1142,-9.93160438401612,-12.467535404216576,0.8653968351295985,3.9089059797875914,256.6767655399349,0.290503902052774,5.392344856526153e-16
1143,-9.7578425763511,-7.650666236675453,0.3305221419018273,1.2292138278854408,309.54786326612924,0.5983125816237065,5.423206724677569e-16
1144,-9.825246937846114,-5.364509774350697,0.2597544544677145,1.014528955796563,200.72779703346083,0.6775471052197712,5.464722232547975e-16
1145,-9.596508525544202,-5.2722227557112555,0.20620658525813274,1.3291615088990125,470.3948794001614,0.19295429526757601,5.495977898618085e-16
1146,-9.779334994755983,-8.373649229593948,0.41561518664196223,1.0365545647598549,467.9197221686243,0.4377665114614784,5.554291018993633e-16
1147,-9.516738123970114,-7.412355932596311,0.2481634691441473,1.1069631028668763,240.88417600531244,0.35221624677576546,5.580626917781962e-16
1148,-8.930798867526137,-10.379000401943108,0.3161975926030184,1.427964149549771,468.17008588186656,0.6452709360877238,5.678735679880861e-16
1149,-9.868273221192142,-9.433471517639799,0.6745689335214508,0.8992569075851232,278.529131647375,0.5792125972629538,5.788137584283401e-16
1150,-9.570944002083928,-12.640061771689687,0.7837766036920224,1.0620392138978632,282.5610301561667,1.1595789079272896,5.792543143508303e-16
1151,-9.713569585349656,-12.224173940460734,0.8197284025145638,1.1301344719105189,226.02396457101864,0.15090828091302733,6.022700773508027e-16
1152,-9.832868104382776,-9.526302221572045,0.6779938744162156,0.8771089800650818,202.84085721754985,0.4333748666752397,6.038198764891145e-16
1153,-9.033522342794479,-12.152318727193641,0.4610360630825292,2.1977423644323286,231.33055382077566,0.15598406071141913,6.110002777547047e-16
1154,-9.575672853928117,-5.442039443143566,0.20440864947333087,1.2098513757374039,268.31896380778386,0.1560509752877195,6.19225590951111e-16
1155,-7.911201816737506,-8.413676979960297,0.03871767172423815,1.411755297036796,468.0440529887529,0.4513463367001238,6.540284196085942e-16
1156,-8.70547664113096,-9.580772041977841,0.20202208185342607,3.9445858485943024,387.37716874852526,0.04046966936833751,6.551927236268877e-16
1157,-9.25449560616329,-5.136720288513173,0.14239475855765907,1.5962223053089497,468.97402632758343,0.5663206994795811,7.20781298812106e-16
1158,-9.882789433876187,-11.32298700587978,0.8465100776972433,1.271757836113593,283.6960641150758,0.30607834243799825,7.361103750412944e-16
1159,-9.150428255140136,-11.564137987975109,0.5360948625429599,1.8405438082475605,466.8806833724529,0.08379549506510298,7.780717438780855e-16
1160,-9.897089949407853,-8.879406142945342,0.5654319559838422,1.768943916553696,419.0938965721275,0.20593308691914558,7.816260246116852e-16
1161,-9.178437243776232,-11.40078110516277,0.5484927230417306,0.8650180421594768,367.5526669613635,0.6015953979678423,8.189965412928424e-16
1162,-9.740602636710467,-10.588665530280934,0.7805466356460594,1.026454597921595,470.3282414309846,0.1893552826898004,8.254538992356283e-16
1163,-9.95909778646145,-12.590856301389143,0.8860627628468233,1.339298003841227,313.72643348794423,0.18062122949930792,8.430424375121788e-16
1164,-9.365031399761481,-11.55740945399537,0.6873634557705444,1.1549102085670964,467.51746578140666,0.3478289290978198,8.460548218893369e-16
1165,-7.94747637638714,-8.736095846303432,0.056796346574640146,1.2365489917924952,256.31882779560954,0.857176718072405,8.540125356847207e-16
1166,-9.389635609404122,-10.498073265529001,0.6174882071765602,5.486967340801373,474.55699113833975,0.018438169477336785,8.864326786663489e-16
1167,-9.330039745406012,-11.974452677224566,0.6855984656753576,1.2702670552158941,312.52416682976417,0.23129722863080815,9.006551969907404e-16
1168,-9.794810899974463,-12.239777661730884,0.8491370883641658,2.319407429382407,431.4540097149648,0.9848644042956458,9.291617573765119e-16
1169,-9.107027778660628,-9.934898391244115,0.36532660536256,1.7520002992807664,467.8101324067658,0.6131598009254722,9.409446555235287e-16
1170,-9.90291230569742,-10.965090141570105,0.8460557938691009,1.054407970449644,274.0619216929956,1.158103484270482,1.0346546217414743e-15
1171,-9.829940684162391,-10.466146515944772,0.8016728275986327,1.6458405037811001,388.10350374429544,0.29934373631849365,1.042394543918756e-15
1172,-9.873040101137887,-7.485366677472751,0.3563273527057256,0.9599604015315826,251.2507283754962,1.4962702817784272,1.073711321178678e-15
1173,-8.56065692676954,-11.708860370065926,0.22623162382831,1.1858818343136395,246.22517496495524,0.06981949626176132,1.0858280021557195e-15
1174,-9.728318834549306,-9.409240632655113,0.6208844513841657,1.3194552271372764,313.3584732304888,0.18639589220792807,1.0928822694738175e-15
1175,-8.945143081857875,-5.157877218312974,0.10760159282533334,1.6767851732416497,470.1502850369917,0.1311972572214266,1.1088763338585574e-15
1176,-9.574888908857528,-11.444687438826492,0.7791738545760738,0.9460663525231646,466.1041427077951,0.5921358186536745,1.1212815972282708e-15
1177,-9.75071659207435,-11.284295837010959,0.8254080202795055,0.8820551381817447,188.5524149158083,0.879626709603536,1.1288893957809753e-15
1178,-9.917007533113626,-8.397266682958588,0.48233168181630587,1.1231663562577643,128.8902701877381,0.3227399237281201,1.1647412596922049e-15
1179,-8.679735394923698,-9.982392658571268,0.21565132276112176,0.9674347493727351,238.44241055181777,1.3611100953594155,1.1835795299063688e-15
1180,-8.11024118733144,-11.428671265339066,0.11870205841995278,1.8225070987961312,467.526228980094,0.48989874684805734,1.2537389189275384e-15
1181,-9.573048679667295,-8.615131145234432,0.3847142700011311,1.3006862856205421,315.96269618511633,1.4810159706263475,1.2689175460956408e-15
1182,-9.457732176655698,-12.398192812939174,0.7619382447703588,0.8876636168779517,431.75068609375876,0.6909634458015788,1.2864240047019541e-15
1183,-9.38306842920761,-11.632772915296226,0.7150713390463149,1.9235438227724646,193.70225153769752,0.32681383776906525,1.331169923126411e-15
1184,-9.766156986328895,-11.546246566926126,0.8427275380001847,0.8836894887226181,185.58338586714135,0.5075156548900894,1.36786041526035e-15
1185,-8.958791599794848,-11.381482761902719,0.39925589264622313,2.347203532998298,439.8714577673339,1.4499988039902645,1.3698842059453994e-15
1186,-8.842625584998588,-12.153005906796038,0.35790896702249303,1.9316427781738719,393.64080535981304,1.407938595223155,1.3922062010832098e-15
1187,-9.45384054779046,-12.523088975593224,0.768428283196867,1.6559844553437022,384.69880012476966,0.08181411482298717,1.4674758414761397e-15
1188,-9.868598496010636,-12.731250023688734,0.8830491652128541,1.8628348511464956,447.48215625962365,0.15309406717479757,1.4860573710540846e-15
1189,-8.614344920192229,-12.85762920638865,0.2613657016704734,3.0000901729092897,285.71567730166356,0.1568454401922681,1.5339264769674515e-15
1190,-8.153820900262833,-10.957486794084659,0.12502552177718368,2.7226938546818196,420.8016486948981,0.17126350554117398,1.5767417541504961e-15
1191,-9.99836059877952,-12.432109590296804,0.9099126386485042,1.844263988115523,445.0408798433895,0.05502220558001891,1.5869216821728103e-15
1192,-8.666271169284371,-12.91302836364551,0.28550344398297833,0.9046033372916242,468.3931207824692,0.533812656435166,1.784440683444404e-15
1193,-8.339848741414016,-10.51374729348683,0.1534423642409261,0.5165555945028758,117.79616375162618,1.0052894250704707,1.8074638239947905e-15
1194,-9.773256056656821,-12.90971221792289,0.8693744093980769,1.0842941527026484,290.5884733502244,0.9549588188369809,1.9074503368456953e-15
1195,-9.303978549511838,-10.214702866375902,0.5356636101975247,1.2353033478507267,297.30446559321786,1.2103017549488095,1.9305760615033407e-15
1196,-7.8914325055804415,-8.994242735188397,0.05964988761079619,1.8542188975082532,465.4317017542175,0.08039362046169529,1.9954036330109896e-15
1197,-8.495244925548292,-11.131697170883475,0.20297884266287167,1.2731070150585586,315.83632889459363,0.9859549033308079,2.012716548221104e-15
1198,-8.313666398618642,-5.462235093414927,0.02265672364311058,0.9179198239671938,239.37735533784962,1.3256687068075061,2.0265963879297526e-15
1199,-9.78859086298083,-6.816016860924767,0.299096570328925,1.7579422107103602,469.8000332126941,0.09936033651297205,2.0876408871754255e-15
1200,-9.16832761699871,-12.293821948582082,0.6139770344830101,0.5924367797014273,173.12740583034167,1.1610180656396878,2.097162188436547e-15
1201,-9.130612819346469,-11.84794180009528,0.5611528898529167,0.9552498525375196,225.51053035309124,0.43672329881418914,2.1063972686616e-15
1202,-9.318716644410316,-9.103598187630976,0.36597130948369944,3.0607919870392726,498.5636601920512,0.8959804723432994,2.128546059569989e-15
1203,-9.54913508533595,-9.605843863753696,0.5809330125807134,0.8746272830556661,244.6085029437167,0.9378776831774465,2.1403017919238217e-15
1204,-7.899614212091652,-12.763522445646943,0.09085401413828602,1.3872439740715425,324.57252961605866,0.5150259673361903,2.1579280226101446e-15
1205,-7.054516167709721,-12.13824835383004,0.002159655824989341,2.5037765246398562,453.21606457828324,1.1963203838442036,2.206936261758147e-15
1206,-9.31692874195087,-8.720710448283914,0.3157140599026612,1.508875657177749,468.2491203618742,0.553265467662519,2.2302020343975626e-15
1207,-9.324204218018071,-10.86011713784997,0.6456252434897946,1.5327793950929545,468.41300358848093,0.6873163199752037,2.2548713525900588e-15
1208,-8.801440001287848,-9.930804435099507,0.2554600489336698,0.9658179590654806,467.4713450109024,0.2968920065377487,2.2888676282293205e-15
1209,-9.430200181108862,-11.075101734563152,0.7263221989524962,1.6104938917878253,371.6739044118296,0.9046935524997197,2.3510156317596245e-15
1210,-9.546986987801578,-12.84876561256141,0.8163507478093788,2.0669654240945934,411.32976883841314,1.6823985363731815,2.3984700293352574e-15
1211,-9.26928453329813,-10.798319851643438,0.6019965258264829,1.3641172901020988,467.6374369762079,0.4698375063412916,2.4112546087829314e-15
1212,-9.837747741305483,-7.562289052768018,0.3614186296263549,1.3058394240924276,314.55701402789424,0.462514196783677,2.4480628134889374e-15
1213,-8.815823282017218,-5.847734249547365,0.09896618559818134,1.5809137552048977,359.93513936675316,0.16957100800011826,2.464516441947592e-15
1214,-9.603336752691527,-12.533390129898208,0.8319062569364877,2.67381377864605,463.9150489535992,0.8696390885236678,2.4915634975859783e-15
1215,-9.70082344129513,-6.252952843075391,0.2588234329865213,4.922212770084975,444.9194655742213,0.03382583331177447,2.56859120511298e-15
1216,-8.474466823009568,-11.243388487585696,0.19957843478485668,1.6571546712209082,467.9193932454276,0.6120765390008023,2.5744830150602487e-15
1217,-9.198546838105853,-11.22672055048877,0.5892301023783689,1.078023904512187,281.17314963468965,0.7741824743364232,2.6852652885412144e-15
1218,-9.277846454351394,-11.35019910084591,0.6623233634683986,1.5975676708265485,469.02857090094744,0.6006563505103424,2.7325041710566726e-15
1219,-9.348179388124258,-11.424425674732312,0.7067634364526297,0.6189151656073415,136.11922695782687,0.31274858601769306,2.7463326352630474e-15
1220,-9.387756894932641,-12.194598720445445,0.7508154670616586,1.7703168060117243,467.9258819475001,0.1982388891848732,2.7655052488935673e-15
1221,-9.843466724420479,-9.396260735939894,0.6976545163191359,1.2692460648718946,283.4327408877891,0.7237477700302586,2.838703273879448e-15
1222,-9.05075215682373,-5.344012478903668,0.12227733593488095,0.8832042757010105,135.5955582143482,0.23306290403311714,2.872593704266879e-15
1223,-9.840852288558875,-8.780954289952284,0.5486717919093674,1.7578195796068157,468.26852838116764,0.370218964462814,2.886108956274006e-15
1224,-9.612725575629893,-9.697220105036163,0.6549500941953671,2.479033876198054,454.2081676717946,1.7572380835541859,2.994325472062401e-15
1225,-9.372152411415625,-8.712410797371067,0.337539785011391,0.9375998807229788,468.2795326538257,0.5994697636779494,3.0456860733062844e-15
1226,-8.33049469389854,-10.807664710567725,0.1600346853137853,0.7654602227414724,468.01613578892466,0.2931100106659983,3.159433755583656e-15
1227,-9.435259032761023,-8.836508196025513,0.3769896677694457,1.1850170279620005,245.65414977982013,0.8613937600203609,3.2068547094990934e-15
1228,-9.530773194773674,-12.013509659239563,0.8077164897710133,1.6115348058245818,355.29575569491004,1.5618673174987112,3.208671737266576e-15
1229,-8.11695814436618,-11.925204048636433,0.12580656572732762,0.8070812542481214,188.2586297276423,0.34568870433135146,3.2492311590184104e-15
1230,-9.862200928396257,-9.50134787296912,0.7306750574159465,1.1497113422421517,242.51556998993573,0.007024242190432517,3.2835932718605844e-15
1231,-9.844823511329675,-9.153916944590154,0.6484602973367678,1.175019692286171,467.58942458384615,0.3434590108339908,3.3513682252349277e-15
1232,-8.4248348877588,-12.386114888747539,0.19967610376886225,1.8156483749263819,434.4256806681246,0.8274304532256513,3.3799037398336546e-15
1233,-9.309868601515104,-12.55099895684833,0.7292908081833854,1.4399368883378973,329.7956707122035,0.9626236281986964,3.44353253945188e-15
1234,-9.89614763238378,-11.992765706201533,0.9072805960480204,0.6056657340972731,135.29076694120232,0.9476153643930312,3.567673994132999e-15
1235,-9.55411475636445,-6.884164694451735,0.2466138366580947,1.823622406066006,434.3476802330015,0.38908449911116083,3.712737286982614e-15
1236,-9.688523137899066,-12.9578232511952,0.8670215519519351,1.738524551593528,468.67088281911106,0.2948694184958729,3.723943226577151e-15
1237,-9.089326434459597,-11.673863591071711,0.5364390445242975,0.8672403766434852,468.06657767578866,0.7118863312961645,3.735977822605184e-15
1238,-9.330301633017886,-11.734339606366827,0.7223618134497948,0.5034088055635388,137.01373624112696,0.741984568574952,3.823913060864968e-15
1239,-9.399367037185668,-10.322524865352538,0.6448622924478625,1.0392008500028784,272.2760042614513,1.4091845313404798,3.8902015534665125e-15
1240,-9.463546865080206,-9.809583068474595,0.5896376047837855,1.5588633933525875,468.0766704711175,0.7176165403174757,3.990700449679965e-15
1241,-8.28315896380612,-7.3742377959033565,0.05433929318475134,1.0048031659940195,268.3035297420268,1.399914481979196,4.020414670091978e-15
1242,-9.441361770359498,-6.816920810799399,0.21808982024307336,3.805566531755127,400.1684352578977,0.007388598158621029,4.140716465917168e-15
1243,-9.389928944558015,-7.213159043905368,0.22420093093892737,1.0990077207424154,261.889570106264,1.469030906261672,4.621002918973993e-15
1244,-9.56816310677063,-12.84176646862291,0.8426658682138194,0.8690093378137902,468.431023682035,0.8261162057194342,4.787982429354545e-15
1245,-9.76341256003438,-6.272795382678386,0.2814784639495632,1.1334112287257314,427.7388313207109,0.3548689192331622,4.8222178168645036e-15
1246,-9.486111464196245,-8.24510551234549,0.3256653441925658,1.0864715375221912,286.3305519524211,0.8972480222886619,4.883892230875833e-15
1247,-9.370861891333048,-9.410299996815894,0.4465858762755049,1.7275069870947561,408.7118538175967,0.3272090486513308,4.898942473181889e-15
1248,-9.858006297783348,-9.868178473480715,0.7944248051943599,2.26220897730333,432.6483185431279,1.7075820388106466,4.925631105190981e-15
1249,-9.979810234903235,-8.140252515273477,0.4880558366615942,1.3927349171924308,303.5518260645555,0.3092667231644519,4.92714580686474e-15
1250,-9.956079735886942,-9.747741526842916,0.8082979747183663,1.3300859144279362,433.5940844666968,0.7523591124957765,5.417185112204649e-15
1251,-9.362552313354284,-8.866560597719578,0.3648212516010067,1.029031084685528,204.7114428900522,0.04806250800459555,5.51300813252741e-15
1252,-9.051598159506227,-12.776404178010267,0.5530254139426765,1.1849248668493804,283.62156003838544,0.1411899734847326,5.595713704574274e-15
1253,-9.807495338380319,-12.159046133098501,0.9025065620462508,0.8152308660184139,189.65928349723666,0.4668371404603002,5.654439298628741e-15
1254,-9.877432280282896,-12.802417176043452,0.9256955231013697,2.1688581936465643,423.2086160036634,1.917425748465802,5.7515476968676595e-15
1255,-9.994331258797642,-12.856651914991254,0.9568193630953683,0.9153609263189273,245.5640814525763,0.553703366536328,5.821058076494397e-15
1256,-9.055375067706702,-11.475869392100549,0.5034870994138333,1.9519456903094932,295.97590434539046,0.5209151817730788,6.0611429880257265e-15
1257,-9.386377990248757,-9.80614363229978,0.5460712343991243,0.7775818685524852,468.8751269147615,0.20269226252417294,6.293976244849149e-15
1258,-9.868030478758204,-11.92642540204732,0.9155990357421563,1.7751756939984336,467.5978577277191,0.7776525552323603,6.3571598317569796e-15
1259,-9.986071112485083,-5.973038337255877,0.3428726593429831,1.1739912307394729,468.7301618507528,0.2659516729715454,6.462956721803022e-15
1260,-9.211696443111018,-9.556502589681177,0.3936976280439317,1.8916546476107026,391.06100455703074,1.6480142104960063,6.511464442845885e-15
1261,-9.827979681796949,-10.835086111737205,0.8713191479850686,3.3978238742173663,505.9014887493607,0.275785633735679,6.591853565244011e-15
1262,-9.870109687410235,-11.279655225185117,0.9013348328503626,0.9788539957214736,238.44902218498856,1.0937756654643254,6.639122322552489e-15
1263,-8.7209324385373,-7.601712650350206,0.1409149986438622,1.1731272416415575,234.7073911904627,0.02454584821928485,7.19342615912371e-15
1264,-9.663544098183337,-9.627985547291244,0.6924814753072069,0.8947749925885967,468.2642045787223,0.9224861737335432,7.234646753348589e-15
1265,-9.960737334313347,-12.954012169518622,0.9582615788470052,1.328532968650764,177.33996324248736,0.1578617179435291,7.552087597860147e-15
1266,-9.904596810593342,-10.013842115858864,0.8361056385526744,1.618789848783193,373.89499148742726,0.09006160815068576,7.774778853243685e-15
1267,-8.542549000352592,-8.262924110484228,0.1438772070037665,0.9863126565567785,233.5822072008437,0.6280739356566682,7.95647814741581e-15
1268,-8.996183858430236,-12.827189730189232,0.510510262433795,9.9457420173009,621.6321635016883,0.04710358952643645,8.029712070534199e-15
1269,-9.744505534121073,-11.848353997840869,0.8917250618209576,1.8199133995722179,435.8954954744559,0.02197421900296881,8.052976285437959e-15
1270,-9.828803519032794,-11.145306982192961,0.8919603367328794,1.1675643783678202,253.91338433278852,0.6550701145363051,8.109958118886093e-15
1271,-8.394536017218872,-11.43292251130572,0.18821978575770137,1.8706421884438063,467.3987941928313,0.23393620113800662,8.121478973141399e-15
1272,-9.013024164007696,-12.42620249806692,0.5163887467043576,4.810808306198546,254.38985916962994,0.40807497239849955,8.161769104184018e-15
1273,-8.829286661154118,-9.883776202752106,0.27236212316862357,0.9866557480590148,234.56565607637492,0.31250805929381187,8.518427550282466e-15
1274,-9.675557772820813,-7.742745405907656,0.34376745220428645,0.9753133491106774,264.7934129815139,1.0496039312739498,8.548671424742725e-15
1275,-9.285148497296547,-11.195545337923784,0.6921794618543013,0.7728347947149192,273.97490822955217,0.22583899839711474,8.590432720583007e-15
1276,-9.201931712044459,-11.116135675490783,0.6205588837935386,1.122218033126307,288.5558931570126,1.6709377847501559,8.672290453952012e-15
1277,-9.932667905470225,-11.809434508297924,0.9394556584123264,0.704123185286101,138.97817938683983,0.03793008983787782,9.096642423826344e-15
1278,-9.947030761124916,-9.504459512623946,0.7888495449223168,1.1406235246575602,233.3878002259006,1.0559467502196096,9.697694041407635e-15
1279,-9.013915149560331,-11.559050302802461,0.48968699398607063,0.9544064971223819,262.5387105426705,1.0438096942049002,9.710960008636611e-15
1280,-9.448346466988195,-9.20569305001427,0.4637415714302732,6.9646660536328255,667.1843047346808,0.22520507306428694,9.746164185083748e-15
1281,-9.69433636936984,-11.641975116018031,0.8776606193990193,0.9775532157805487,194.03745583013506,0.5782021156236112,9.748630581232122e-15
1282,-9.2173749182041,-12.075376468198995,0.6950746855198872,1.6563568946068281,468.13166246287796,0.4396325786439368,9.953247638302436e-15
1283,-9.461916567848771,-11.809994312905157,0.810895088695521,0.9302567276287028,256.56589182315383,0.8990526695530336,1.0025599709373447e-14
1284,-9.563666397134917,-11.900974385939618,0.8509889993820826,1.3803374763950464,304.15081267970913,0.9912576000176054,1.0035672815805632e-14
1285,-9.384691691815483,-11.262947131023022,0.7563549330238687,1.2151247467197237,469.36729718076174,0.11223312890489812,1.0045887642886288e-14
1286,-9.845188166097127,-10.94455305788616,0.8939396296167161,1.4646067415327126,331.6534981995824,0.9657855184165918,1.0199329771967795e-14
1287,-9.741196588721097,-9.164863327207495,0.6277451522892057,0.8487772286641491,469.73554569232084,0.11166207261531813,1.0312439921478638e-14
1288,-9.116490432717864,-12.49586358299985,0.6297902278756756,0.965211527840671,468.64975776226163,0.5978384818753977,1.0361032856228102e-14
1289,-9.610971003915367,-5.087980198017973,0.23176763559628608,1.2142251903421684,309.2928680800695,0.5620191840345052,1.0519370425864575e-14
1290,-9.633014859354681,-9.968367121709953,0.748427119090966,1.6038302387580403,361.9424766844326,0.9297411757376945,1.0596851335543655e-14
1291,-9.54922531443199,-12.240625237593418,0.8532365589432682,1.5086189497640357,343.8756787103419,0.9897086078827755,1.0663104585170338e-14
1292,-9.14848369242223,-8.989101323494157,0.30711225186728036,1.0629080247567901,227.82289205324247,1.0416724157821546,1.0872857785707122e-14
1293,-9.77900694617022,-7.477701338290089,0.3556058637279963,1.104502604478739,288.9532102178715,0.8026826531813391,1.1014611089714339e-14
1294,-9.623882785865904,-9.081890359665872,0.5382806576809033,1.0656300662316003,276.90270791961535,0.8115795821071856,1.103250292782626e-14
1295,-8.269094317822413,-12.489075520327923,0.1663785360431749,1.5535279883686177,344.46005644328403,1.2851112927749684,1.1277245287868939e-14
1296,-9.243420821324701,-11.742288509955793,0.704975305597271,1.3560706144070769,468.65140071545665,0.8846017302794316,1.1289746488800406e-14
1297,-9.658330746375148,-7.357735895297907,0.308949631764079,2.2539409116641824,432.5721727773647,1.9256683235094085,1.1364048602136063e-14
1298,-9.52372533205522,-8.533938073178312,0.38605578761651066,0.6970681331330955,204.23865754561513,0.37538497436140084,1.1416543718303901e-14
1299,-8.92396720977619,-11.382696455174624,0.4197699515003342,1.7954720810570546,379.42127829839114,1.670627597740614,1.1445716613550449e-14
1300,-9.937561431867278,-9.785960520782591,0.8298250484612868,0.9272754533601825,241.60240268467533,0.7213624958608333,1.161544869745464e-14
1301,-9.294045888878047,-10.572650729986758,0.6425653758649429,0.979489002349774,467.39437798191256,0.6453960124709424,1.2094431199953073e-14
1302,-9.767362006231258,-12.468625928337815,0.9221821107086736,0.9440701508454569,249.3707531112772,0.2172707234679203,1.3249613395128994e-14
1303,-9.425438853155622,-9.985399614929767,0.6420082297891782,3.817293920916208,398.1677159972037,0.014983408297147172,1.3954007743514463e-14
1304,-9.279306109701803,-11.72712541454008,0.7338659385159677,0.70335538586148,206.63752198142146,0.6748630182663469,1.3956341313864737e-14
1305,-8.652304157906451,-8.58761958808432,0.1672342241232393,1.0807441191166456,288.0252109655547,0.9495244315502163,1.4044417073604795e-14
1306,-9.124401975529024,-11.364853737836043,0.5892624999338367,1.6693575205740017,393.12547070100254,0.33040988458345666,1.4077140999111596e-14
1307,-9.104934152865987,-6.4373999781990845,0.1513593221400149,1.8958523438050958,377.432185189264,0.2548187199522678,1.4634910063808462e-14
1308,-9.345876950381694,-5.8589797922947,0.18310887063508777,1.7252471135171377,469.34442180930273,0.07965341107655366,1.5371194329288406e-14
1309,-9.427950458201822,-11.30778784524124,0.7930974214841161,1.270937960724455,266.05970214783474,0.7171642825392075,1.5371947540547913e-14
1310,-9.802407726572705,-10.15256858491839,0.84306754682989,1.0603822692790943,279.0574821879706,1.1085874286009378,1.5521979732970902e-14
1311,-9.301718861749317,-10.337987016695703,0.6194889840368815,1.2664048872462126,315.3850188182111,0.48758060842499606,1.6310984660920817e-14
1312,-9.771714169830576,-8.999522660678824,0.6156030272942238,1.1893595499807776,470.03227292812784,0.17195253495842877,1.6348526604707784e-14
1313,-8.197483831003302,-12.461295860181766,0.1492800610673584,1.0728989915504088,213.1517441549297,0.4720255095164214,1.6435954741621974e-14
1314,-9.462603147157864,-11.782340297262554,0.8257971581720375,1.2603687470165938,468.0287721627234,0.8931402384514397,1.6653270944300445e-14
1315,-9.531981719140543,-10.117581863700158,0.738245747286673,1.5638102756529586,363.34766518196807,0.8803406672179994,1.6721601793952156e-14
1316,-9.127821027282677,-11.762235671553226,0.6278030002960194,1.5360874922154972,352.8973618944703,0.16174406014626275,1.714719595803551e-14
1317,-8.47524370434034,-12.40844765071033,0.23071072396996062,0.9720464479305633,228.39892105790744,0.44242637567657184,1.7530985331160013e-14
1318,-9.742852459799106,-11.398703868959075,0.9036147383746472,1.844652297853215,467.53143605138655,0.6147179584452998,1.778715252070048e-14
1319,-9.825349185630312,-9.958174753190844,0.8313515492397441,1.0029833947549212,228.47977940812711,0.2809207618528129,1.8020448766824372e-14
1320,-7.3215217344477885,-9.824971186544836,0.010891808401440703,0.9807632327613749,334.77824232514,0.46169552014879134,1.8054561684811018e-14
1321,-9.775329544037945,-11.048683297508456,0.9009768308916724,1.891976531492777,455.502696173285,0.6414789730649799,1.8854402914193756e-14
1322,-9.028667902576037,-12.664731645944462,0.5692504898649704,1.285472261184459,469.37791846705386,0.14250665659192485,1.941159731278568e-14
1323,-9.039638177934885,-10.830427496635693,0.47517185922630206,0.9210517945483311,143.79362108778483,0.3584763171990044,2.0059177107479716e-14
1324,-8.34074724260376,-6.3441136778517855,0.04002907169789491,1.6711336254539721,467.47647324861305,0.09062418370934733,2.0068184373827355e-14
1325,-9.622819435653096,-12.605361084120426,0.9001005572902041,0.8426193316198316,467.9208570054108,0.21950648657916894,2.116627181455442e-14
1326,-9.424526128962095,-9.73946257792949,0.5952845684288434,0.8372285249571729,149.83075033524042,0.1914696223866379,2.1404022656948737e-14
1327,-9.782724439296752,-7.433108231925496,0.36146080213996995,1.5967982688925253,468.09153549206917,0.5505475980601622,2.1732424308637082e-14
1328,-8.982405675647,-12.826949728517018,0.5298056556606949,2.5922028221054005,380.6341050449563,0.10049138275371927,2.1805078573609577e-14
1329,-9.119404266532625,-10.196595482985588,0.4539806357881122,0.6370988624496591,183.096466567834,0.6973183984511637,2.3187164215288875e-14
1330,-9.541934655076888,-5.154286917667265,0.22069266839618204,1.3706390297422555,305.5844389371942,0.09022231532802483,2.509561421572112e-14
1331,-8.777688906628281,-11.31580035164227,0.3413753100353816,0.9955652347958628,394.3547713663786,0.14324188845846209,2.5622922246120087e-14
1332,-9.342153858975893,-11.752508159974749,0.7895149736684646,1.2933333045210853,284.7513151224413,0.11841091917624968,2.6420017993348495e-14
1333,-8.962923168359719,-10.779654732970382,0.42331208105161555,2.5279424765974827,452.4076178958415,0.2923779829956832,2.6706428304308484e-14
1334,-9.9104948790563,-12.265279239451491,0.9816348878651396,0.7948604696289012,468.2091112224316,0.27994393959173003,2.681413517063602e-14
1335,-9.19724512523609,-8.957295263305454,0.3285681155658105,0.7934993787477449,148.27866356632356,0.20914038085617026,2.823814459971804e-14
1336,-9.649572084734064,-11.391805719386117,0.8914179859189496,1.505380887021131,341.89478087883185,1.6874029562570003,2.886287632726464e-14
1337,-7.471147494858915,-10.429038789114681,0.040515261811293786,1.8623250928436985,467.4411324852802,0.5934714030844992,2.9550316868736976e-14
1338,-9.158661340402846,-11.953559698967123,0.687413250736461,1.8568075274664697,449.1373266692643,0.7061440087205622,2.956035858059011e-14
1339,-9.945850701737157,-6.062040288515969,0.35228028151438945,0.9140715413299234,470.4517701490779,0.22764844819553165,2.980825991339534e-14
1340,-9.922703231841286,-11.383121858511771,0.9683687827754889,2.0237470078900106,400.59774256268247,1.0496192030767917,3.0058343574867834e-14
1341,-9.267505630621745,-10.77390924140511,0.6845704603574374,0.9375658750729762,184.44692689304424,0.12309867135568098,3.1124412683095274e-14
1342,-8.687162949510887,-11.867685614536299,0.31988109103316814,1.2093471917578043,263.88589139307805,1.030566264241208,3.1249579375422325e-14
1343,-9.870284779466814,-12.130654501601796,0.9755448248860713,1.0564499382664423,187.6830678901272,0.1403628841739586,3.134074275037451e-14
1344,-9.648448565322399,-10.285135024463411,0.8276761945369809,1.8160913562061398,468.1446366609201,0.24605385905868715,3.234175462235599e-14
1345,-8.814906035645148,-11.840358268526888,0.3844939551844543,1.5898729710219592,363.04784327945623,0.036740797405857784,3.283767193871735e-14
1346,-8.214542807228847,-7.515811231908139,0.05326548069265279,1.770137155744237,468.3992636683298,0.5362240563879199,3.3257373134775827e-14
1347,-7.99499874270593,-11.836015804065156,0.11604616096723751,1.7748473842568357,468.29514598657255,0.6556250846836269,3.420113212774649e-14
1348,-9.643242240613867,-9.491051734154004,0.6998163414532327,2.862205103282142,488.7753228354289,1.7318760287121124,3.610057374956723e-14
1349,-9.22369061784584,-9.862817308255154,0.4866320523815979,1.0146897674733266,277.701695431843,0.4719189310492409,3.610799651838907e-14
1350,-9.265273394604202,-7.80775146841484,0.24546578026219001,1.506888956752675,340.9177374736612,0.9500054900176425,3.684593158774414e-14
1351,-8.554380413715943,-10.051796547822416,0.21077665306733304,0.9200462102096353,468.5300453980546,0.9416308070250041,3.765985217798323e-14
1352,-8.564280008138095,-11.245013427611365,0.2518037556221518,0.7753710229353469,142.17564339794396,0.20689323911724244,3.780620737834337e-14
1353,-9.969147431675497,-12.107525095309763,1.0108539592788846,0.9377597607965779,466.891814460191,0.6491084743440405,3.826045091589466e-14
1354,-9.934761532070986,-7.729503388715861,0.451035053603417,1.454965908023906,332.0741497312574,0.8987871058781831,3.922137233119962e-14
1355,-9.54375832704344,-12.416351111095963,0.8914931240907856,1.357868989417145,233.72222135020255,0.05012925764618004,3.933449264089368e-14
1356,-7.766640013683209,-12.497691129098905,0.08661228014270275,1.0893606250688204,221.61667091385166,0.15517791724774277,4.0075827185258346e-14
1357,-9.467927882389333,-7.4848995952625685,0.27695342380613985,1.8338461160947166,437.4509585065784,0.496082946095175,4.109916887645088e-14
1358,-9.92217924780878,-9.928154395597783,0.8790642050293406,1.0617760177409734,467.03217678952484,0.6184614060743678,4.325872376007713e-14
1359,-9.33741972372006,-7.446828717348773,0.24203207784666672,1.0816402450061924,469.8751131523209,0.19311425438856578,4.32808338710792e-14
1360,-9.469554860849689,-7.2861083698655955,0.2658751967807114,0.8055506414598519,219.80026727179794,0.4557525612045161,4.410847966376957e-14
1361,-9.832982483439217,-12.849922645806497,0.9870198726980547,1.933973090379939,219.72442114842178,0.1651114170555319,4.465407752849554e-14
1362,-9.03943968503684,-11.771035772362149,0.574574933733326,1.099404575006658,284.0978587113641,1.6005331584903049,4.4968317290579177e-14
1363,-9.473951036211107,-10.183059406862256,0.7499165041486752,1.8103489470218506,467.04826370322917,0.09163759047939823,4.525449617326709e-14
1364,-9.834625840579738,-8.1476317190149,0.46830817968974503,1.3085891959494442,467.876335989962,0.2278699642425952,4.562532321239889e-14
1365,-9.183529320731065,-11.73350795731951,0.712521731897815,1.3776230595098766,313.1331618337893,0.8785660051949433,4.5922072680485724e-14
1366,-9.210751940804549,-11.983801430121536,0.7415765959090038,0.9405482899159904,467.62567241263076,0.26527510955015554,4.6660671267887337e-14
1367,-9.980917630823352,-5.24821254088968,0.3529016327141816,2.327083663152229,441.20453142602673,2.398642168639139,4.693113259994501e-14
1368,-9.1890404803247,-10.509966980667894,0.5853185609163996,1.447396409384776,325.5219543583079,0.16927538050972846,4.8062421731352445e-14
1369,-9.559132493119467,-8.289196746055868,0.38552045039943783,0.8740787142274351,230.0020297390106,0.6122717869653149,4.808300892140913e-14
1370,-9.51117064241107,-6.910022211289928,0.2580672627249016,2.3953018786344855,434.0369269670846,0.2560065491817465,5.206018055077627e-14
1371,-9.669322345385432,-8.689373349560976,0.5023871518477052,1.5801313559252717,347.2891442035661,1.12812672238831,5.277822635243846e-14
1372,-9.476344262420987,-11.438226912415619,0.8575846298547983,0.9604631719990444,192.21662327330168,1.0782514265976433,5.3237949949006787e-14
1373,-9.423332967443326,-9.909937907020753,0.6741633618096413,0.9606673646475673,200.71607287197017,0.943137139882988,5.80428351878338e-14
1374,-7.975458801289597,-12.044026651884376,0.11453391465836808,1.1474258740043326,468.3296275914925,0.5094789834615794,5.90500321041765e-14
1375,-7.507639236485979,-9.972790727472532,0.03849379852156032,2.5853096733945,408.49370740697174,0.2020520690170704,6.00533914291029e-14
1376,-8.997084984911776,-10.429251119284867,0.4282381859872301,1.1333696721163542,467.3047687939247,0.2682082213490462,6.02813062570989e-14
1377,-8.932689421922525,-5.987916681996232,0.12938148200562882,1.102859745217914,292.2636765823759,0.9547965371644418,6.469979523440523e-14
1378,-8.631399608165307,-12.920207045317124,0.31728753504541435,0.9030078615985574,468.1893055107394,0.6386212416045529,6.47148860743365e-14
1379,-9.917208344264148,-11.640342631401763,1.0053353744317803,2.4363855983125298,443.155712556631,0.440369325822231,6.473450593786224e-14
1380,-9.670103974987368,-5.31760009328812,0.26428758610251163,0.7014857408416486,195.5428702285565,0.4881524434283042,6.534537427013379e-14
1381,-9.726512213844149,-9.628021512165098,0.7902292462831295,2.006336415731867,404.4690710843015,1.6485660323013631,6.537453555372697e-14
1382,-8.04108536169597,-11.084078726707874,0.1238010451917349,0.627440162526581,148.3910447923293,0.6263839794255857,6.553931957110257e-14
1383,-7.938462873662941,-10.618587224672002,0.11085679301498688,1.3128481639658904,311.74111107326166,0.465098500847545,6.564104258877542e-14
1384,-8.78854896473427,-6.103715473019882,0.10972984559865652,1.1023646176810316,467.4364104443387,0.6587652405394149,6.611136879288427e-14
1385,-9.375365175756919,-10.296592637480774,0.7228584210267627,4.090405397582127,503.437408871026,0.11333821003811106,6.678345080892169e-14
1386,-9.695672540634462,-8.47596806353595,0.47742818751699556,1.7833749356900535,422.91774265998566,0.5155119803507366,7.177391139610935e-14
1387,-8.598811392087597,-10.664158073325769,0.2531575319520642,0.7665390887443612,160.91452669508146,0.24533274460480747,7.177908738361673e-14
1388,-9.837244083780078,-11.304519001294477,0.9736719595921376,1.0933125112043245,289.1810963169709,0.9052592519702864,7.253421074854908e-14
1389,-7.705954435325934,-9.755220289209355,0.06227907919384379,15.46382140682358,575.6800997160174,0.07548716310628212,7.410341165031338e-14
1390,-9.067224753756529,-11.08411063936089,0.5640732620959383,1.825862330298222,469.6397998749654,0.20717094192334073,7.438380423563358e-14
1391,-8.73465200627993,-10.754949387658666,0.3179342605279581,1.2031082828702384,231.68439726897077,0.019726724574235632,8.097202495811247e-14
1392,-9.437396561533554,-12.148476119362286,0.8749335950748239,0.8884544422972761,250.57978679893444,0.8746304302067749,8.385469569763195e-14
1393,-9.22642905732459,-7.483744207719908,0.22198122373946463,1.5212195763634444,356.82584831995786,0.30679743891124733,8.512870778090299e-14
1394,-9.563481518060595,-8.886399867748596,0.5026587074091383,1.1926099407818467,467.9699489748403,0.27436321497489313,8.598825429684014e-14
1395,-9.204028597922695,-5.745617998384415,0.16343267639115405,1.516760344883194,468.13852601765876,0.47617642577329455,8.722974934609913e-14
1396,-9.508298158636096,-8.044554765664945,0.3443272695718795,1.8814231775077324,469.179096964376,0.007702609548012163,8.764371139794904e-14
1397,-9.484868278952929,-12.170523009266763,0.8953091796594358,1.0349947912139137,280.9089919697521,1.2450021610258117,8.856282355448546e-14
1398,-9.148082886938173,-12.437654003949092,0.7368413914204334,2.40897965495879,448.6176509667577,2.165531567205786,8.896704997199953e-14
1399,-9.68834991403096,-11.066934645381032,0.9270521682612979,0.9265798054324952,467.47124603625997,0.445253220836368,8.921807931730377e-14
1400,-8.827974322263472,-8.796851769251838,0.22049155973169896,1.0283841681472519,468.452572409243,0.6551637451270302,9.100804297041339e-14
1401,-9.052101429303136,-7.107032408775137,0.1693977948983426,2.758190781981621,480.54917909614505,1.9892021700716738,9.225735774026025e-14
1402,-9.746803121271832,-11.518360530879999,0.9647671137631725,1.0962524515354217,284.175186652516,1.128288328175583,9.353820233214546e-14
1403,-9.445413464260948,-11.8926488805248,0.8765136000255647,1.1159565185829374,289.2482848990066,1.2954231754812087,9.503029701420735e-14
1404,-9.323396362446376,-12.04066688395532,0.8330024861865315,1.863846830090873,445.8568141177063,0.5599442877576886,1.021809247067147e-13
1405,-9.666203282257152,-6.88246745226098,0.30825386611120315,1.0533327917333335,279.09766419762514,1.8291966265400097,1.0314535417352292e-13
1406,-9.976486680609378,-9.879901342617318,0.9165664064677143,1.8317004775489223,468.07151524717017,0.7146898112245612,1.0438319129620358e-13
1407,-9.776321130569265,-12.158086344515306,0.9964489812251919,0.6711380667386413,164.23653301722373,0.18033427801753454,1.0652645886746989e-13
1408,-9.458987456090892,-9.903992957720407,0.7212855082160642,1.1986670666102794,129.57053528066456,0.34772838577686027,1.0754050896700982e-13
1409,-7.842662496256284,-12.98220225714471,0.09637334144576509,0.8900260030813636,468.58838056395,0.850105695970095,1.0873475534690638e-13
1410,-9.893810257668187,-7.8396341938290215,0.4659503454315017,0.8330729525437683,468.17782186156114,0.26424103629304607,1.0897546436002757e-13
1411,-7.6305048167948595,-10.032646684660628,0.057799759604566674,1.774491518323858,419.795888021155,0.3274795993087416,1.1010873905009576e-13
1412,-8.81960859877016,-10.323877335400939,0.3305580424225678,1.0667083440196516,468.08398145951793,0.8418786643299212,1.1104216221348877e-13
1413,-9.858436608538273,-12.725044097709214,1.0349385057597644,0.7606648080342335,468.4199518613856,0.46668020277316913,1.1280706500641445e-13
1414,-9.853522040741163,-9.26663088072268,0.7866510222475451,1.8444269761730139,468.13619502060243,0.6581474636763955,1.1416412265583307e-13
1415,-9.76128610749538,-11.197291855032264,0.9644273248174581,0.9574803600086826,223.12375904985103,0.23114475118307887,1.1625235773545902e-13
1416,-9.66326761349311,-9.40894610523264,0.730792325902731,1.2599920559337605,428.97241284538546,0.25034244537343486,1.1787195717588973e-13
1417,-9.103865856891684,-12.563286870809517,0.7189716025713357,1.079883426477321,280.12171265159435,1.4528784493640332,1.2435231811261492e-13
1418,-8.371726526497712,-8.709687417882286,0.14801516308092044,0.8394639873941739,209.34534269027378,1.2010943331267443,1.2628544428022333e-13
1419,-9.475262906315749,-12.669880210558055,0.913464743057271,1.0030019309419655,276.74970441942804,1.5092630790559953,1.293909039555698e-13
1420,-9.635331919369618,-10.144462833332835,0.8533913149247234,1.0715624418575935,213.3100494623989,1.0653290763497525,1.295949947581134e-13
1421,-8.911279218385632,-11.619110860595587,0.4787030092240427,0.9070419319765377,449.75443977684967,0.3325658296186509,1.2973406316677966e-13
1422,-8.935271999156377,-9.546243818645392,0.31376316086425166,1.3530368308024228,297.95337016208316,0.12901946684267074,1.3160203449835773e-13
1423,-9.96972816806805,-6.969691654167262,0.4172264529172139,1.8312987510427368,386.1051159444787,1.9041694750944744,1.3322785568256054e-13
1424,-9.060753446059879,-10.042072985865246,0.4357094755745174,1.0903336385536493,467.33266422339324,0.7869422861263837,1.3910155120781798e-13
1425,-9.70717274779324,-11.320575427810807,0.9611608451460257,1.6057068828190393,229.07939994733613,0.05746895828522103,1.4071964164842018e-13
1426,-9.331032737156852,-12.380288044290879,0.8565114059680711,0.9203038756275252,240.7528937256146,1.4678877769302767,1.4160239068225493e-13
1427,-9.373500627124828,-12.509769873171614,0.875884399975929,1.2445158374822627,467.9799427204799,0.35886140371118813,1.4520445553230455e-13
1428,-9.133289054552975,-7.965862237341383,0.23610311628390226,1.2526287268307426,468.597359099103,0.6499913775317765,1.4612846572303754e-13
1429,-8.88162407407412,-12.18607227934342,0.47903922047669817,1.612593099765306,381.55855591719046,0.3518663344934758,1.47339577714281e-13
1430,-9.813092563896847,-12.081041107473185,1.0227950956321734,0.8021934455462236,161.83214953825856,0.056694449514202994,1.523468138943981e-13
1431,-8.161680878295076,-6.663581104272053,0.02491179635022896,0.8498502784230325,165.86001369783102,0.4004603442712211,1.5421055304328304e-13
1432,-9.473870993141404,-10.464720131372378,0.8296988701476598,0.9672390815225533,258.36229106752006,0.6368360585930803,1.548918094997165e-13
1433,-7.248809526410374,-11.571596224306372,0.026379976918204963,1.916639787648644,307.4040124818443,0.12082039881873907,1.5529977297819254e-13
1434,-9.872374655680495,-9.241792600614886,0.7980780024005242,1.021739595664826,457.1311966574325,0.6391003910957913,1.556440665407811e-13
1435,-8.527108993050689,-9.473993306134684,0.18855672613845292,0.5696025202749007,118.65225176760666,0.03316808711883379,1.5567159321056454e-13
1436,-8.657595410378534,-10.104329464928345,0.2540871037105345,0.815555111446647,169.81891446813668,0.09673516362145751,1.587771620761182e-13
1437,-9.835978385231904,-12.149920255008128,1.0346297621089044,1.5038146363070106,467.84121669729205,0.9261092342570629,1.6119716608669258e-13
1438,-9.366399287094104,-10.705316065896918,0.8004156270573334,1.2432259887363677,300.9549269539063,0.1781510935780375,1.62540336698023e-13
1439,-8.689806755791212,-8.367662856242486,0.1780059633825073,1.2966138720992868,283.3172209431204,0.10325601211857283,1.6270448715911144e-13
1440,-9.213233439454019,-11.600611395083327,0.7784177187141914,1.0312440250958907,261.7338458913118,0.8672521902982906,1.7158987137262821e-13
1441,-9.886321779459326,-12.935008927205885,1.0652414556045795,0.8676101467123108,303.3315656976314,0.7908510039755585,1.7366944322739627e-13
1442,-9.905373385994173,-8.042592183768466,0.5110085783407737,0.9120105166969218,467.9505915518121,0.15127040952529303,1.7773764675113663e-13
1443,-9.291425837957618,-6.838093976269857,0.21155790633814053,1.3554904665154146,302.68242663356364,0.2956881406541365,1.77772723311685e-13
1444,-9.382778087425978,-12.60394454288155,0.8883486340154481,2.0179378993950143,404.5044382511558,1.5483248407086734,1.8064608073760809e-13
1445,-8.371176282016574,-12.08439260654168,0.21199762623752377,1.8494277952473188,368.32354838623127,0.5861547301254939,1.8079519029021238e-13
1446,-8.968223948564304,-9.857657723696605,0.36816667555056903,2.7926263215429117,483.94981153564873,2.191020850087228,1.809964406430477e-13
1447,-9.926592758686038,-6.555079407582298,0.38536096710245576,1.9675990210901868,267.29672890617553,0.05480480577950875,1.8379890471996253e-13
1448,-7.803098570745323,-11.338581858570414,0.09727967797860264,1.6081910294170518,370.8196281950393,0.6460686859611027,1.8404971595147459e-13
1449,-8.370824864021934,-9.693919774532851,0.16741267997542542,1.8647408775639072,447.39752563758896,0.6354892781762898,1.8931828448384681e-13
1450,-8.74001218157853,-10.58712366710088,0.31782210516564413,2.362754883527948,416.87194298535456,0.2221098860003492,1.9150060885809296e-13
1451,-9.399475014491054,-10.699452518484343,0.8248333094053567,1.0418593576489354,467.03262966763396,0.6058155451570988,1.9317828055023583e-13
1452,-9.275966843236837,-8.617244769069444,0.3398436708898246,1.8440111353842206,468.35572263403054,0.4914179774110776,1.9353662642768427e-13
1453,-8.31813601850141,-10.9266618940707,0.18119268855123977,1.8300837507658048,438.422865402134,0.7033214948797122,1.9677778682041984e-13
1454,-9.865251694007544,-7.217197489763489,0.40365651590407253,0.9592122426391428,467.8524072283188,0.9274943266133757,1.971756299578168e-13
1455,-9.926773087895763,-11.52137222632285,1.0524255445540591,1.688999871175744,397.8718906355058,0.4212427913165655,1.9865003406387572e-13
1456,-7.79364903843293,-12.630570075882563,0.09396501779431429,0.9762630497965122,265.9149746664844,0.4753022432833509,1.991920946944062e-13
1457,-9.702187364620464,-9.310752440298174,0.7448516185269702,1.0075940894177515,261.8256242015963,1.465869782398907,1.9997440751500657e-13
1458,-8.935925443908317,-10.403420824410055,0.4064512133147695,1.032908268039028,467.2339393146806,0.6530713637505867,2.0059203791674512e-13
1459,-9.329675696964882,-5.5738635932235825,0.19167574705243556,1.7473791536903254,441.3883208494523,0.6903023286127175,2.0605208623396936e-13
1460,-9.663410149894391,-9.00795425335685,0.628281731099934,1.1751614962104908,298.64037342249634,0.9477398035166349,2.0982010107584453e-13
1461,-7.553015318201131,-12.770998707440025,0.07507615060554215,1.4272660957809886,316.32815669083936,0.9570573346754605,2.1349921402267068e-13
1462,-9.656757086081065,-10.206002578166864,0.8864080398315515,1.6828494110761019,397.5647382102451,0.2822938749959638,2.267927866656495e-13
1463,-9.76514419918487,-12.919780787114005,1.0374806625786375,2.4552380850119615,439.52622145621314,0.7464583086025813,2.3093032143591577e-13
1464,-9.07549019642795,-12.112806191197873,0.7054407057391474,1.8244944054361896,468.32120568419253,0.2903044059328943,2.3160121255263975e-13
1465,-9.38909894705009,-9.183827464158881,0.4939869619391804,0.9283744410791146,168.25022655994331,0.1337496792019648,2.3681940678982825e-13
1466,-9.541047461097477,-11.302074350274474,0.92520948616633,1.0463347452918457,467.31965028598194,0.43746888209423584,2.398384063081886e-13
1467,-9.066314045987626,-12.784749467481841,0.7207482984987886,1.780888385690284,423.1239827366968,0.33100703891134486,2.4008437724923315e-13
1468,-9.990418557199202,-12.70394427047731,1.1127265745428148,3.8118525390722255,536.3799113827232,0.28261889049772027,2.41342420537875e-13
1469,-9.04592708622039,-11.872103301144723,0.6646175601487962,1.2795156795089722,317.91668870802437,0.43035222438397636,2.413748279468152e-13
1470,-9.848599975664737,-11.44278939294681,1.0354466401530644,5.88299234171608,568.7342399642131,0.09628162940682738,2.4819254631197014e-13
1471,-9.367711333984523,-12.586438038124305,0.8937129523268654,1.1000300522734008,263.38345027620113,0.3864842671122881,2.4933713750322975e-13
1472,-9.802624620810295,-8.388412739223353,0.5373584527236168,1.0643311676094798,254.4339729905393,0.41581778305835115,2.529627351509933e-13
1473,-9.963829785105645,-12.643262361037502,1.1065260580596519,0.6688334807565919,202.049124143985,1.3507988267661508,2.5312990339716216e-13
1474,-8.683944969505049,-9.632826673384656,0.2408452626536761,0.8813037779896419,249.34518737603966,0.8049446527369231,2.531845723208325e-13
1475,-8.984428613331163,-10.965762199728998,0.5116418376732608,0.7901310892535824,166.439258689114,0.6626817034684658,2.591675999636639e-13
1476,-9.813799710160966,-7.344504493670631,0.4008804836315256,1.1577348299883838,467.1746490376892,0.12137037285877916,2.7195930576573754e-13
1477,-9.873960478579951,-12.548538086955745,1.0807006128494863,1.0260213262661002,467.83752268633344,0.8857415201166772,2.8040405468086763e-13
1478,-9.177326818274091,-12.034342866175804,0.7925968243783975,0.8028126437976699,162.16884057500747,0.47141764086075977,2.841939346429999e-13
1479,-9.568023573967782,-12.52532649421859,0.9723330467763116,1.0711094281831608,467.3080985326657,0.4454581425436368,2.845892972847672e-13
1480,-9.56387072957552,-9.083599037953793,0.588272803079863,7.43848154433054,702.6908788850326,0.27561200368441874,2.879870208470132e-13
1481,-9.08835203899508,-8.401555917218566,0.2654249765777783,0.966406621321629,190.37836863792177,0.3550247276209415,2.893051907121172e-13
1482,-8.733745903872064,-6.14093453664938,0.10484885110513237,1.244888124463501,258.46467455864513,0.16268347269881378,3.0419750586380443e-13
1483,-9.635122938653618,-5.579483574064737,0.27415988419422904,1.4123724387963617,321.355389988409,1.0100518976240496,3.0920869781236053e-13
1484,-9.545806320570412,-12.29044779452653,0.9647111855992165,0.9395615425173719,216.7227050409819,0.21581759679279333,3.114782190085401e-13
1485,-9.781092226119178,-10.015932970390374,0.9170918386606983,1.3198780115379576,468.43105719364394,0.3989867351992702,3.120140635528035e-13
1486,-9.730933333940373,-9.420003521289663,0.8026223794729304,0.8271068015593754,213.58912793067387,0.11648832033227219,3.1803034320015325e-13
1487,-8.141065011900299,-12.515854524973086,0.15328721257949196,1.3176783170641173,312.57233564629075,0.8304490428702893,3.1806142353603155e-13
1488,-9.211737832791757,-9.110346895413013,0.38927510495717066,1.8259614656053131,436.4411658390566,0.15138939125765294,3.2066958780390774e-13
1489,-9.171747227873997,-6.741502834271787,0.1865327634250629,1.813898122317315,467.79408334180005,0.3020193759434777,3.2118118023460447e-13
1490,-8.625645450264644,-9.74920683745163,0.231702824431259,0.7976996504009762,198.98599609725673,0.6683242272159626,3.2173849454371573e-13
1491,-9.954999789555988,-7.834206785550884,0.5129671042075208,0.7518779283732525,208.824973957925,0.7237733917331974,3.291510558906638e-13
1492,-9.31367060946537,-6.444601205639066,0.2072636693557551,3.23720925698412,328.99029093324134,0.08751478462981765,3.316402795578042e-13
1493,-8.192913979875462,-11.544218503882515,0.16178642674325297,5.124265730217964,626.4752812250201,0.4274986989314593,3.3276361179620955e-13
1494,-9.191943164552349,-10.972892804466195,0.7406822016890385,1.5557131676968665,358.89838725654397,0.9436722280083778,3.371726705828761e-13
1495,-8.925769177614578,-8.322359206700535,0.21972038099934196,1.0518373876418574,217.47966111354015,0.2085672059246031,3.521135104058631e-13
1496,-9.411725965818102,-9.826067739019404,0.714662720442641,1.2987320478278441,232.65277485842554,0.04614350329969685,3.536298952480629e-13
1497,-8.10755721581472,-12.857466832163103,0.1479805644948536,2.2653908212129465,433.9841624890356,2.0148166530212324,3.596020769211101e-13
1498,-9.368612697613651,-9.883366188638808,0.6947352486463207,1.0736128487149936,260.60682118589466,1.0173876928548742,3.60708641878523e-13
1499,-8.945441362287507,-7.02395240527853,0.15780280495367877,1.3077319685337796,321.70423147334895,0.47177605796868516,3.628761497179004e-13
1500,-9.693729812622115,-9.702173370621576,0.8511634369943559,0.9998721606745955,211.131702053685,0.30081907351809356,3.7819067881088097e-13
1501,-9.732450368404823,-8.850641566891326,0.6412759805856271,1.2092399127347777,305.08510386129603,1.1532639275785987,3.7995354820030115e-13
1502,-9.990297593163767,-12.713866576201452,1.139992666316031,1.3930754704783488,315.9826239920367,0.646540677271731,3.8549279368081955e-13
1503,-8.880908950692621,-11.396996160249639,0.4665739149410059,0.7681144354465733,228.53269510359064,1.4245010708387058,4.005614726625015e-13
1504,-8.631925025068073,-10.810610858664326,0.2877280784548478,1.1236958219322917,290.9336940603744,0.5500622687071131,4.051375977716136e-13
1505,-9.79679071926456,-12.500840602911666,1.069933345424033,1.36437575627914,468.01993526118656,0.3771353893046365,4.075459540758095e-13
1506,-8.981187853142726,-11.029176625669464,0.5290466964662189,1.3424920578130524,327.52646708957667,0.40714395210545096,4.076835602330009e-13
1507,-9.906821368442236,-12.040826271784518,1.1003138673300514,1.135411202569094,285.60390824042946,1.210477785650519,4.125775686062214e-13
1508,-8.656472218437655,-11.95760058859511,0.3406225886958039,1.8528504032765865,445.13116073484446,0.5669787678464049,4.168423670016576e-13
1509,-9.779449990951754,-12.916095066028568,1.0723093868481108,1.2433001318867252,313.2208606261705,0.39727258794874043,4.237711424157742e-13
1510,-9.638630716199495,-9.242451931199875,0.7162419019555207,18.290486242376044,593.0554250411512,0.08107671279615936,4.3550342859556956e-13
1511,-9.4314000577771,-11.97370534260825,0.9283537838630841,1.821287513188251,433.878556493962,0.4507903596083036,4.3707947357747446e-13
1512,-9.719067681002757,-8.674808301508268,0.5795890915290968,0.9470993609259931,468.17792646654755,0.18102376068056625,4.398157318006097e-13
1513,-9.720908407956575,-10.18667907486461,0.9286432605125295,1.3970434102503504,323.1516493947325,0.44259464671605553,4.481265290676877e-13
1514,-9.607072240787575,-9.267840531334446,0.7040779054680406,1.0077357043665993,273.49175411756806,1.374127758621027,4.533178139025047e-13
1515,-9.454966132820712,-11.746722464883995,0.933726762695597,1.8003268758153945,427.8887776939822,0.33265580660393734,4.557627346128276e-13
1516,-9.863673180260745,-10.815789280874654,1.0322651819187951,1.19714836343264,265.2653696589815,0.203878254483846,4.573188932201014e-13
1517,-8.962279409860553,-11.929561459197819,0.5952465109905863,1.8541899374199409,469.53817782374745,0.03442075266864908,4.591236845630074e-13
1518,-8.991200609988839,-10.183217951445293,0.4360060202781627,1.0657070907475183,280.1824957398818,1.6557549031226992,4.59729225298157e-13
1519,-9.74320549002984,-7.800934768567543,0.42752532027955076,1.4056608841082217,335.3488058992168,1.0760666899275924,4.715408636657604e-13
1520,-9.557201660371813,-12.750995418367205,0.9908569332710865,1.4581546833323429,340.02950450136194,1.0214108039085863,4.843297055093939e-13
1521,-8.83825617841206,-7.585052453517724,0.16746330713625085,0.9514376534153396,251.61740309779077,1.4365170148397128,4.864730518607929e-13
1522,-9.925702157478582,-9.454455086325137,0.8949913761978849,1.3073515944728686,315.30841952207567,0.6591075687987447,4.948163706037909e-13
1523,-9.908953973734778,-10.880946053494469,1.05373410766279,1.10773372897963,255.83060820385563,0.9091716653924866,4.96588973564217e-13
1524,-9.570450585453084,-9.858827577533583,0.8354570793588961,2.079311496512737,413.5490031889446,1.7735670392950835,5.16229325661441e-13
1525,-9.814197375619095,-12.294874666265647,1.0890993522040744,1.3309386428160541,297.3193430330832,0.17606595625650545,5.35473233990407e-13
1526,-9.756692561434473,-11.885691146714544,1.0542597114356,1.3008448604537752,317.2713044923255,0.6166106311980846,5.363217535428389e-13
1527,-9.641706658884079,-11.243483068036614,0.9868613661369192,3.065587144604946,496.8597810976085,0.7390942089812667,5.364862123399298e-13
1528,-9.06871041226758,-10.160156431547897,0.4938590129250578,1.4818163511891376,330.54104675066463,0.3735694080947818,5.481964747149956e-13
1529,-8.34828380808513,-12.482891366678253,0.21814686232199645,2.530751987083115,451.10779968759607,0.9160430186461754,5.574285772980522e-13
1530,-8.885064725004346,-8.273333811178754,0.2138490013656492,1.3265131984374505,324.2987582304114,1.3045449177255417,5.574618527650678e-13
1531,-8.666092163935991,-11.251557235918348,0.3329814596884374,3.4215752768127143,410.07712506647306,0.03590163359881782,5.596851446375264e-13
1532,-9.147212550217617,-12.521557579201419,0.8139141082940644,1.9829114908683498,403.1182016463196,1.88526997558255,5.915294763196558e-13
1533,-9.68638473398041,-11.259700340145756,1.0101432736274556,1.5480052281446028,354.674904932833,0.3530246105915138,5.926938191313896e-13
1534,-9.343435012546417,-11.265629024299663,0.8766791735354332,1.041687028720304,273.875768304377,0.501539913312838,5.946531811145365e-13
1535,-9.99398435185527,-7.1454262883263535,0.46507630954851564,2.1782503616059374,421.1286998531377,1.3183176684332372,6.001853477434908e-13
1536,-9.276640145341078,-11.36911004552563,0.852539488802251,1.170673806441288,467.0589876001423,0.4051465115753583,6.184516040144922e-13
1537,-9.334978958987561,-8.306670186338792,0.3386521316120287,1.6600497143259085,468.02466192895884,0.44874779716754265,6.197579272109788e-13
1538,-9.076353277222168,-8.022029699859587,0.23736543898403173,1.127293523278879,193.40854176074973,0.13286597812208,6.207234936197795e-13
1539,-8.501196502521868,-12.63160528907866,0.2810417201719495,1.6035371962376848,467.7503235669823,0.22394596099818465,6.257590173562333e-13
1540,-9.845664745689866,-10.717367542313678,1.0345708364315882,0.8907954495177326,469.81579248368456,0.10415173254523147,6.35238515736106e-13
1541,-9.305729527635362,-11.29266815228648,0.863317316030591,1.18933431327445,468.568482174626,0.2666192128710012,6.411752202315624e-13
1542,-8.960338944870506,-12.363122745979144,0.6336195522037783,1.0706069989572413,466.78164198726154,0.8295401175017885,6.520162591171717e-13
1543,-8.01072401014274,-12.915646476509623,0.13330478785209143,1.581485990560204,362.79388874858154,0.09791253356456497,6.715323753782019e-13
1544,-9.696780936348409,-12.472800016107392,1.0571562884540482,1.875513260586549,469.6428107640329,0.032428762761678165,6.785402456111705e-13
1545,-8.513801648988899,-8.799631715469156,0.17859008075357688,1.6800640239570372,468.710536653594,0.850740699250915,6.819982770767383e-13
1546,-9.618379977940302,-6.508457705197661,0.30031277117290534,1.3285335436617507,320.8998796694063,0.44729888272472884,6.825461201619869e-13
1547,-9.281612147380029,-10.817725290835396,0.8190014664081091,0.668231931108431,203.51300978630803,1.4042217037069777,6.869964821658733e-13
1548,-9.943920317996366,-8.951971677057006,0.8099243810004559,1.5171844482497643,428.3179827368305,0.6113815163535765,7.10585053693071e-13
1549,-8.898672267793835,-11.110889922906177,0.47918997782698564,1.1994319045206163,426.9603926070688,0.23939673105086356,7.124163172951693e-13
1550,-9.86281539145286,-10.354939647540718,1.009708624968268,1.138921993081201,468.0328520177232,0.38282843860495763,7.262404671081366e-13
1551,-8.176002955029299,-11.142289522194476,0.15750182371271815,1.0460223138060756,264.5170362899304,1.4675619585467459,7.431611641484293e-13
1552,-9.123360426394699,-11.687681257322872,0.7786607384268536,1.8057670343329806,467.38194257153464,0.0558779802792948,7.442231768749485e-13
1553,-7.551546086370994,-9.065991511128924,0.024644125260907056,1.166090308594367,468.0659047389237,0.711567326286314,7.511394515263711e-13
1554,-9.036680661722048,-8.47155861064896,0.2661126095787769,1.8108715148705328,467.9691608536825,0.4710210796199714,7.697308916368244e-13
1555,-9.493660021899212,-10.170095159235933,0.8623849961657637,1.4279764029828073,341.47975932413806,0.5265263871599846,7.785658035962086e-13
1556,-9.2521169336182,-10.82156314274605,0.8050931649979576,1.7067787011518945,468.58270048337897,0.39919533152846665,7.859176992640985e-13
1557,-9.03265367805021,-9.266124980930702,0.34349399170297107,0.82281030723641,163.3050186954683,0.044817568365160376,7.893390068941816e-13
1558,-9.598906419060606,-11.965220243155546,1.0174822247680408,1.4947898265393733,342.01202801403974,0.6152843305922859,8.114972216257061e-13
1559,-9.946735204595681,-11.780756829785053,1.1464605191757409,2.7274787912096388,477.14595474511987,1.7641048622331539,8.15331228180776e-13
1560,-8.406615813273302,-10.109876955055887,0.19502289930478398,12.599967018888451,764.528671573957,0.20336588887512264,8.253674090032964e-13
1561,-9.100574557178296,-7.290772979475293,0.19962416236637756,0.9241197291015643,468.03093980485806,0.381981514844953,8.482418444772255e-13
1562,-9.930759489909226,-10.13520431726312,1.013112800662717,1.1452983919855408,297.20814298168847,0.8542076418164752,8.715352277164329e-13
1563,-9.548171402988453,-9.751620777762698,0.8231649757225905,1.0825648192497916,256.6027430019052,0.9210668172965617,8.751140514568031e-13
1564,-8.214715291975633,-11.475018887128197,0.17468619038195252,1.3388583342119176,326.0630605303003,0.25401652139566,8.771992348667832e-13
1565,-9.959219251798048,-12.812982824231133,1.178297321640435,0.921994461729703,187.55320199322645,0.022026054846985943,8.78175025447981e-13
1566,-9.522246456913923,-8.65389419942233,0.4795629908520625,0.5375973098869429,148.26957251293183,1.148515716636573,8.826232562161831e-13
1567,-9.98015148305486,-10.215787545987318,1.0402367251342661,1.0891993698308537,180.54496571861074,0.1509627944825498,8.925628513676262e-13
1568,-9.979117531207164,-6.6331747062918565,0.4352933324608803,9.258503263625277,713.194853136466,0.20743363797645475,9.153388202067088e-13
1569,-9.99110953139007,-11.690867636807829,1.1639887340725728,0.5139430005083439,118.36453771289396,1.066528676352367,9.228080907272432e-13
1570,-9.820742311681673,-12.914710536658696,1.1318631322529826,3.7271691565256697,549.5858456477151,0.8766224602926753,9.367084482132901e-13
1571,-9.919325334124736,-9.884274271836762,0.980883216625007,1.0939247979103077,283.27425171160866,1.6038255135815929,9.380351949680808e-13
1572,-8.550812005260427,-9.514228459617758,0.21091988456455732,1.1230993155653264,281.74549397288104,0.49219767691021143,9.502296879461772e-13
1573,-8.797752215539974,-12.591222756043116,0.4687791657207678,1.2697959772819416,315.8906003015614,0.50801276079648,9.625551372494056e-13
1574,-9.549900541564131,-11.340537180602647,0.9845985795370801,0.9358327009806505,197.50504603530032,0.5392676818194584,9.72712733910104e-13
1575,-9.372347822222359,-11.819228287603288,0.9320416918714262,1.761622186880199,468.33772789459596,0.5127642239649672,9.75473726472824e-13
1576,-9.3869118934762,-12.855891971145878,0.9581136629050437,1.0245289190132025,207.6135023039435,0.9281636464998089,9.812833171417264e-13
1577,-8.983163042505904,-11.43283944252057,0.617518229971705,3.6874410923288714,549.4901122708967,1.1680260885607527,9.829116339796672e-13
1578,-8.960413103541324,-9.419828716378674,0.33480313489064906,0.8580453596091793,225.8857332267062,0.5600876008276234,9.843344317010873e-13
1579,-9.450557658892283,-5.781688096767624,0.2382173965765748,25.131707171461883,757.7168976099956,0.05611259638433008,1.0058253565698e-12
1580,-7.1112586951077095,-12.65160788958255,0.018672907948027596,0.954919698944057,259.50405001466197,1.298903018156154,1.0095372606112888e-12
1581,-9.076109765645366,-12.25295864627178,0.7818552093246698,1.068615817105813,467.37856582509767,0.2610250482743419,1.0417019144323904e-12
1582,-8.859611501005299,-11.466204820273513,0.4834838815136024,0.6868486906490039,152.56187389731588,0.32097597887299223,1.0459266858751599e-12
1583,-9.009734188525293,-11.122690343016856,0.6171214778260874,1.1549173158488488,296.90323051282377,1.9006497983459179,1.0654317803369015e-12
1584,-9.434357497149083,-9.243140740231356,0.5835539892982164,1.7773635777778938,469.0800746727862,0.5281364728408491,1.0706215834350415e-12
1585,-9.99492807454841,-12.523956603463585,1.1987457540834774,1.0079292186744198,467.7818281540179,0.9350051704736444,1.0713093560562304e-12
1586,-9.383398593316555,-10.983097451322836,0.9040568685075946,0.5798311879930976,120.41046831287659,0.09904364650844766,1.0791872042443388e-12
1587,-9.55185743661849,-10.589692342517822,0.9445916040080898,10.004326550314623,530.2773607685712,0.04241376766038929,1.1407342720075445e-12
1588,-9.983675888267774,-11.06907794688561,1.1382313891080755,1.1310599379221329,290.71108065178413,1.0580522720805883,1.143020851179007e-12
1589,-9.993090129386724,-11.275500148938326,1.1581920328594826,1.5995031809174471,289.7640935800644,0.08225761979606094,1.1498244918033431e-12
1590,-8.970561914685177,-10.259210795676132,0.45215495932516336,0.9353575718180822,202.9785125680195,0.0061048444621070175,1.1511954410175425e-12
1591,-9.613976693097094,-5.725506467511642,0.2841587245985751,1.1042260735985279,467.8009151029588,0.9220306125176245,1.1514234693195402e-12
1592,-9.035995403494015,-11.972371430721024,0.7369390100302431,1.8612878956822405,462.57833511308684,0.19754577721380695,1.1599007114976646e-12
1593,-9.018139375248019,-12.140534642405067,0.7280385849789978,0.8651413573145714,468.1230818427561,0.743782290371672,1.1616605658805699e-12
1594,-9.263692088326486,-10.57701601524143,0.8022534010266297,1.9918828120924863,262.1100267722235,0.0435736455932485,1.1729771257954154e-12
1595,-9.26580884546513,-11.214149034337778,0.8638025296117195,1.4211218658580274,312.2365212069976,0.32440662743876203,1.1778636278423142e-12
1596,-9.72591064689225,-11.280544993048785,1.0573676920193154,0.7824614460388091,467.98990914408074,0.36514354308974184,1.196398595256728e-12
1597,-9.304073179613168,-10.57706492085652,0.8305681953893691,1.1615601939390345,209.14790301587638,0.09660471956740668,1.212872062809143e-12
1598,-9.9149309898036,-7.328616509915931,0.46226670512540124,0.8574922545993409,169.91640451092542,0.2089582352344994,1.2278092427387327e-12
1599,-9.395659496292215,-7.537995934549431,0.29481255651073557,2.5727191686677697,412.53239121842245,0.19594805503130353,1.2533595400384755e-12
1600,-9.992321480818951,-11.095975143600025,1.1505635813561936,1.0006209539348954,467.7213561626285,0.8997520697629691,1.2601098118773324e-12
1601,-8.63696266705935,-11.852143649010051,0.3454663935958317,1.5909471066099126,364.9624385079347,0.4750578013478757,1.2800502882540613e-12
1602,-9.432497119735034,-11.27575803766982,0.9489581194553042,1.4215385888832828,332.0712065979742,1.7027216315297862,1.3141045247956642e-12
1603,-9.839202299656847,-8.900658135576563,0.7700241833287905,1.1174316397328703,289.96081662280716,0.8819370274111256,1.3229186744176467e-12
1604,-8.462488185055175,-11.867430678591717,0.2628110596846407,1.38937017165377,468.27149763483226,0.5823910017674487,1.3673135659192104e-12
1605,-9.645993268129303,-12.050986615627695,1.0649105624545756,1.383658937069729,310.1480859220295,0.23184875229033874,1.4069861591374888e-12
1606,-9.908128004696882,-6.079903509321411,0.39666393197264926,1.0231349017189981,278.18453002255546,0.9184538622065119,1.4858027334897536e-12
1607,-9.43994572781195,-12.760894919665496,0.9936370937070548,1.3609475382186509,468.7358065575246,0.39352749606591075,1.4874034549318339e-12
1608,-9.148522681619344,-10.695569423209475,0.7340431062518209,1.4775186900266593,468.8235480052631,0.7709922189773195,1.4884640058770651e-12
1609,-9.563793307232581,-12.574379303927405,1.0471545190699074,1.2456690745996715,311.16599214049296,0.4036108485729173,1.5554441161153732e-12
1610,-8.161543513403938,-10.700676240169908,0.15673965001481577,0.9883172821663763,274.17713231006377,1.4786689120443217,1.5577988246925774e-12
1611,-9.523657946945107,-8.909169988785155,0.5585027517294098,0.9186714380752387,258.05051442247077,1.4431361059674304,1.5657292049579067e-12
1612,-9.52201543323573,-11.38695431751871,0.995934620084296,0.7778467106484054,146.2467756250097,0.2392907388679344,1.593455997399357e-12
1613,-9.550122128251218,-12.692339914061732,1.0472861557839468,1.0418864269067412,467.51586598319875,0.30336922547315925,1.6915073379932093e-12
1614,-9.75531926968113,-7.320382465049353,0.40727417358119117,1.417791787655293,312.9692170141409,0.9092607375711426,1.73268449834622e-12
1615,-9.295829173556957,-10.343871565327476,0.806291420166556,1.6854703813843421,354.47004691560727,0.6771210881520178,1.7597409390878583e-12
1616,-9.423595876484061,-9.846560889247478,0.799875075261608,4.013472095795261,531.4194977941182,0.22005253572049632,1.8185933340405551e-12
1617,-9.81542022098103,-11.61274259687355,1.1362931913610397,0.8674927756345433,229.93389032926976,0.556929612348319,1.8683339349790623e-12
1618,-9.508702510187694,-10.592868603008359,0.949271962241267,1.9057270519261955,387.2594312943962,0.4010220723208393,1.8829162396109274e-12
1619,-9.621042258271997,-6.350894543470333,0.308370921356839,2.0467927746271677,408.02839378039954,1.5877297039938965,1.8902493443320162e-12
1620,-9.57529000961393,-10.77241770527498,0.9881211681337003,0.8449601176454422,214.9939144749808,0.3081143680881704,1.9125965385479556e-12
1621,-9.870420991148887,-12.407903875144395,1.1867282867167361,0.6681225974310967,466.4119023184635,0.42165820819869193,1.915538477038269e-12
1622,-9.9601889318849,-7.563725006569916,0.5191118907990555,1.7143303394640825,403.40604558587637,0.21273740276106423,1.9747814490694653e-12
1623,-9.898565332213932,-8.246775550800345,0.616774077187825,1.0966155818752397,466.99539654938064,0.6232862595504107,2.0131026702905864e-12
1624,-9.686432357322907,-10.59335029870038,1.0194540906680782,2.619293772310206,461.2873147950866,0.9896245259505516,2.035795609665192e-12
1625,-9.652065840131735,-9.187480116113017,0.7713566241013291,1.8554150848580475,469.6053145377845,0.10064471701076538,2.13978297210323e-12
1626,-9.363995796570531,-9.5111914705747,0.6442348358040076,1.1208494706046823,466.78527467765696,0.6768795530002238,2.153188666412545e-12
1627,-9.583099692694718,-10.486529066867776,0.976026286696271,1.2488940534183683,298.3671927763609,1.2195179831972842,2.1854336956393656e-12
1628,-8.72732305233503,-9.64713342215971,0.27766639870114485,13.846377837230449,621.4867276092521,0.015012740398499425,2.229777972440743e-12
1629,-9.619055142134506,-11.37100369860458,1.0515454838678024,1.6117933299621192,377.33504271045916,0.6496718666048729,2.2507374233353603e-12
1630,-9.350734506989745,-8.863312888183245,0.4506924246812056,1.8642703689659073,464.2057652363542,0.09315637337388782,2.3294994453542413e-12
1631,-7.608656631336409,-11.585653056126954,0.08767082662482274,2.1533833436667353,419.26497285488233,1.3408577373618025,2.341820394524973e-12
1632,-9.291014092245373,-8.784631381726623,0.40857695500519725,1.890832807532746,469.7873320720064,0.0952238213145975,2.3633113263780545e-12
1633,-9.477390886979313,-9.496275912697142,0.7507129280550603,0.8746847840607213,210.07075454753172,0.9519141500195518,2.375378880772457e-12
1634,-8.574125400525874,-12.059513485184457,0.32862635699785986,1.6128915053407187,377.8416641519374,0.24393098564941784,2.400696420391334e-12
1635,-9.232868869705191,-7.043821996288369,0.22501647510836026,0.9603542347773554,265.7697295998731,1.0213466787220087,2.409393743491164e-12
1636,-7.929113322941243,-11.173586904077565,0.12424401209744361,1.1191474658929743,240.91726447203692,0.6954328537091481,2.442539449035717e-12
1637,-9.196680881058853,-12.717395214428889,0.9058067389084896,1.1642681638552799,467.79126582855014,0.13187283182087572,2.4957542608465946e-12
1638,-9.356502447768431,-6.3205457181489075,0.23184796092246018,1.8626184090285667,468.0855519004421,0.6673533648243497,2.5892681633341196e-12
1639,-9.356883712673419,-12.332040776666902,0.9796638298510515,0.9435027992623888,253.33057955663224,1.45192863670486,2.610421616594879e-12
1640,-8.145435747601912,-11.62725416534266,0.16380504039115956,0.6668770014521818,206.96538405465944,0.40251714653658777,2.641836393526584e-12
1641,-8.787593055474131,-12.161757082254333,0.4822902183683768,1.5097900743691182,347.98972569540587,0.2146770111881393,2.7724771706762747e-12
1642,-9.366248591086302,-12.591672912476037,0.9897324169538068,1.4380014019685223,327.9238170812562,0.1677551944410567,2.8616472006062556e-12
1643,-9.896714730474258,-9.379769611537345,0.9367122384945978,0.9060748892306312,240.7391161484642,1.115064053729081,2.910156084408421e-12
1644,-8.903669695854452,-8.748737593868688,0.2638273178966868,1.7255345131669442,405.7865569469462,0.046733392858413936,2.956208061575245e-12
1645,-9.409413410813658,-8.914601356479878,0.5018573520047609,1.0392520178429723,270.9235626478484,0.4390025684521106,3.0034592840220733e-12
1646,-9.695272212902193,-10.978116688530125,1.0747244396233422,0.8376660900120334,245.0572049354059,1.0562897931016986,3.0668879472885764e-12
1647,-9.776917281565467,-10.771445011994798,1.0927725692726005,1.3773338527961512,322.4107709387747,1.5364013504340397,3.09610128852102e-12
1648,-8.973108133313172,-5.114338675553865,0.14319537132894358,0.8975928798507178,243.79886533560244,1.1590715687787991,3.1285636823425138e-12
1649,-9.668369570701529,-12.306569923702385,1.1280670216555744,1.839884263976489,445.6125806980082,0.559260078599106,3.1392681745977204e-12
1650,-8.682608847607238,-7.586548654320801,0.16079236185690265,0.9707951437704596,181.67657207340173,0.10400168523015285,3.244738095379908e-12
1651,-9.322707102017471,-12.623645195474792,0.979587957263787,0.7079048870746409,468.441053553355,0.4093192924744793,3.2927976273603624e-12
1652,-9.099228352284292,-11.261948827710231,0.8001503951407367,1.0186131993686995,467.5634174044793,0.6643852463439623,3.3161407072152485e-12
1653,-8.926402474498122,-11.226624268713307,0.57781307602071,2.962655477290791,493.8407400646844,1.1704695185905907,3.359145042105573e-12
1654,-9.79416105140382,-11.431580040772825,1.1563090257439463,0.9104772541856923,244.20107192100522,0.4633265334818013,3.372034686851466e-12
1655,-9.19695000861429,-9.873504348063673,0.6157656220033338,2.288316810878429,435.5044241061335,1.8629731830278038,3.5481021489012754e-12
1656,-9.884946925328343,-7.925354519872882,0.5537500424690209,1.518487165078862,468.08834015646477,0.7242699919408659,3.556073579363612e-12
1657,-9.4791799451759,-12.338296653292119,1.0477486436994388,1.7913721735601098,370.5739124900853,0.8843800928783594,3.5624773921257173e-12
1658,-9.834831310909122,-8.95437793565159,0.8271882188648428,1.2659655751719874,425.8159044924387,0.2584778334383433,3.701071538186247e-12
1659,-9.237341055929079,-8.967514342501694,0.4205181880082458,1.0389524031274928,280.94554553462365,1.2317469608399332,3.731049176841397e-12
1660,-9.655720058496724,-11.492454050774787,1.1053898858336002,1.106402456558464,236.1851410871927,0.1820882465030529,3.914867886060604e-12
1661,-9.264107242713015,-11.12740924348326,0.9079827655585101,1.0561752461993428,243.89658721175957,0.7605186047407226,4.007507171065829e-12
1662,-9.373716374019557,-12.864950572953054,1.0127770040284627,0.7786704369297184,164.02929460692653,0.0025034430526877927,4.067632235470496e-12
1663,-8.63151792457749,-11.940913239768465,0.3677841856061705,0.8957924799943703,468.5700634189482,0.8367066597354951,4.115411706146121e-12
1664,-9.296676971296352,-12.543564896634535,0.9772062188438265,1.0012967935845454,275.8043265268081,1.5880535199802965,4.17103859984149e-12
1665,-9.978693387405842,-12.808937798230874,1.2923673606931425,1.5872646590744466,362.9377428518525,0.10230486959869634,4.1845638916822336e-12
1666,-8.917241038624628,-11.842812458859711,0.6464098170282961,0.7812645210513993,231.1159776396076,0.23396332665802344,4.195079394786743e-12
1667,-9.851441187145728,-5.9512197089696315,0.3918401702729005,5.499381117378292,646.5697241534905,0.49806557216421776,4.2297213678026694e-12
1668,-9.14830446989043,-10.184415076950193,0.6695839312996162,0.8525615839522706,223.01536219907896,0.5124513246910265,4.303266438300824e-12
1669,-9.602317820046817,-7.569594479374791,0.38317894345807935,1.0287334619070583,279.56219832383215,1.3755726005262359,4.321893685332246e-12
1670,-9.909535682001065,-8.266723035624445,0.656426446917513,0.939755530524762,188.11586824708817,0.7904528876060999,4.405888077571913e-12
1671,-9.792193308678058,-7.5213981183100325,0.4574092512060031,3.041297918585169,502.05142654164985,1.3933501057754327,4.4213613371845845e-12
1672,-9.77155665049177,-12.15214444671569,1.1938035957350632,0.9796594970033693,259.9471147205122,1.0938984562511456,4.453459982547143e-12
1673,-9.594970788581971,-8.92870707714333,0.6627495960940848,1.1086320199062054,460.51244333251253,0.7255684670441385,4.466631018797034e-12
1674,-9.07531133055306,-10.31438914598349,0.6136681156667559,1.1097783569975128,286.0790055391903,1.536712894568569,4.609680482230497e-12
1675,-9.840557863533572,-11.68837837198451,1.2117269171933867,1.0626664684350777,275.94519532596956,1.551775012483807,4.690679641029918e-12
1676,-9.561802764568448,-12.912467146129623,1.1151481411286341,2.491430747875075,454.1775525608703,1.512298144641247,4.881349644336659e-12
1677,-9.910678519668558,-12.19901695735858,1.2625421802152832,1.6022176136513313,455.91103498158054,0.3194867224548412,4.931115140880421e-12
1678,-9.518470356021323,-10.443260738307107,0.9813484944130519,2.1623647500105374,420.52152517190837,1.5206576715679967,4.954383270378815e-12
1679,-8.847515490372764,-9.273361179602968,0.29604159154298054,2.3685771085443053,444.3024168179418,2.067821450543839,5.002041054406186e-12
1680,-8.670923750113573,-11.261745031301562,0.37196222315031374,2.5389601570849294,453.5092106731577,0.9200229999319927,5.144898403633009e-12
1681,-9.707626624541174,-11.422319262240674,1.1427038610800666,0.9015651557321067,214.99192841607316,0.5802160320437286,5.203265476407154e-12
1682,-7.784362884816323,-11.730845478862488,0.10719321826341016,1.100212401671688,262.50251912412085,0.7904597913631006,5.282785569830128e-12
1683,-7.893443577190093,-12.619075942905022,0.12441316205180399,1.7500471157133728,468.2628306347558,0.5431720560005884,5.411909926097319e-12
1684,-9.15879084718632,-11.053850616730573,0.8525129677042294,1.1280683982233637,291.38197119385484,0.22418098231212458,5.456398116228043e-12
1685,-9.136061690931175,-12.910250285094548,0.9104901226562527,0.8766431569527827,249.77289373032093,1.0455113429607712,5.521870426143868e-12
1686,-9.753354304593808,-12.952219903561874,1.2201715727353777,1.8503020544719218,468.43184845289153,0.8886430918422183,5.568355052225979e-12
1687,-9.958735730266238,-12.431196280069805,1.2985828238096135,1.0032991794621602,467.9917838048684,0.9223867889879473,5.595810740748341e-12
1688,-9.770566002473156,-11.971619081794096,1.2027323495664173,1.1748505092250385,180.62558500657684,0.3071003051512493,5.611139352521265e-12
1689,-9.918691263725403,-9.944044607695496,1.0685566143970653,2.711500850922278,477.19317927106,2.3341976877174684,5.692699302094832e-12
1690,-9.607211159492753,-12.812877312993939,1.1472202501800541,1.0377909364383942,469.88542992068915,0.10516368237602425,5.7178619072550646e-12
1691,-8.678722362015664,-9.01130826970194,0.22838039813765115,0.988035614159433,269.21147252744515,1.7479645867536595,5.7500677554426916e-12
1692,-8.323960798863688,-11.626160865785236,0.22455758945031423,7.136864883568314,709.5362815915481,0.33903593252831143,5.8354658553038635e-12
1693,-9.704002929684336,-9.260439663586942,0.8681496082132628,1.0487843186767452,279.379632906177,1.0087379017070184,5.8973635644771384e-12
1694,-8.785891342466192,-12.569083567710393,0.5233306411808435,0.6177509541768147,142.12786372364369,0.7947960323358361,5.946304316049707e-12
1695,-9.907417044908522,-8.329245603975522,0.6865456662240447,1.5351040272931753,469.5758162067012,0.11438933710059995,6.000124668701877e-12
1696,-8.119574134522505,-10.777478732524775,0.15545760339750112,1.143384672030817,295.51195590548355,1.931405932186399,6.031192415283631e-12
1697,-9.30376460447616,-12.491740027088596,0.9944432636269154,1.0391936468867828,187.0399149250811,0.10872700433192861,6.1093560082469926e-12
1698,-8.978570918579596,-8.878794032418758,0.30765032386705193,0.817490733437324,167.19047455261102,0.05497566513391927,6.112405526360632e-12
1699,-9.629700087927771,-9.961146470059434,0.9761469975088917,1.6070151499915588,372.4377502909658,0.2096389173609472,6.133588606655611e-12
1700,-9.14465229851461,-11.726792473271079,0.8884856887088415,0.7838058930262999,218.36909310621823,0.8145552354051047,6.145378915300518e-12
1701,-8.976803814053376,-8.345074385100268,0.25675065355986615,0.6796786109138194,467.30316622090373,0.40533214411327645,6.192614159586497e-12
1702,-9.940997714746047,-10.837670353394337,1.2145016200767411,0.7671984390166039,153.44263520577417,0.2007109595213139,6.474067561397048e-12
1703,-9.510429512244711,-11.662521512004428,1.073465840170151,1.0255285168881298,266.70409948774204,0.6137511273051901,6.537605208253336e-12
1704,-9.857641965837967,-11.521529499701202,1.233752193148626,1.7946308627651562,426.35122474042475,0.07288494659340738,6.6513088420266005e-12
1705,-9.488511052846762,-12.2580674828016,1.0873786007531867,1.119041172565042,289.5817562493529,1.2082611209555187,6.884340832128394e-12
1706,-9.015893585216183,-12.449298893881169,0.8284118910839903,1.0747536856799291,468.1078278303084,0.8734736263508847,6.9609349043677724e-12
1707,-9.867277008194907,-10.887424312928381,1.1933283212997123,0.8980177882028337,241.04767972623944,1.5003759875463425,7.1190258598843925e-12
1708,-9.948492489258197,-11.06636415823696,1.2441973948466991,1.782442508096006,468.0204315541571,0.37734264391470607,7.132002797622438e-12
1709,-9.969485001401834,-10.614408534599452,1.2059561387150413,1.6395661401793291,361.2687336470843,0.6848718288628604,7.193834918565039e-12
1710,-7.810193893640605,-8.726084139678719,0.055066702330240025,1.1815816116775055,284.710375100626,0.48230439502438305,7.198466212696096e-12
1711,-9.183742549169137,-10.286255585948766,0.766321906615921,1.0392032693329458,207.27387624257966,0.6555730759430309,7.2136766766475165e-12
1712,-9.583682331740356,-11.117135788398594,1.0847622926948741,0.9881227818147742,260.25008903695175,0.4344193452370009,7.326394742361711e-12
1713,-8.865259184861157,-9.170689273989055,0.2974636784807318,1.1443053873872024,299.95014787781514,0.7054771529519881,7.471336052345828e-12
1714,-9.845533596796441,-6.5267722007808295,0.4206617930884845,0.8191906039090471,240.6630878020932,1.2487625375017295,7.591895151090416e-12
1715,-8.87346782268665,-8.681227715539702,0.2587201993633229,1.5385055367399778,352.9921668959859,0.02155853343686509,7.622089656413735e-12
1716,-8.395739861901411,-9.738802901587775,0.19570033808735954,0.700706988666427,178.57066948514816,0.676229394407426,7.708741457971912e-12
1717,-9.097432139606065,-8.641237924342297,0.3260842441398459,1.044724354987402,281.2121547501649,0.8616683798059475,7.750689364517945e-12
1718,-8.758539064921234,-5.546545461955983,0.11406138835008009,5.418908652127746,594.0331998119597,0.19497371363126437,7.76520726943006e-12
1719,-9.581882872545057,-12.281073153813116,1.1419848650517135,3.031167198512409,501.17947172462493,1.3514465386437209,7.766778823619837e-12
1720,-9.32099727723433,-12.33064689887051,1.01312980871685,0.8633742138697709,209.60970873492306,0.8699548274130953,8.106073967815958e-12
1721,-9.936152926965509,-11.423721992771018,1.2796752886925284,1.565754983827525,468.65121329676685,0.5626385492060582,8.252339681651677e-12
1722,-8.801756323027913,-10.251594930051338,0.3876868992788906,1.0709147372708303,228.76017790882926,0.3643137153163982,8.266040575574636e-12
1723,-9.924173858713475,-10.724498823450535,1.2122983224112336,1.1768959140898325,296.98437118190367,1.044395801781575,8.379970483846113e-12
1724,-9.901091274164674,-12.099203734275006,1.2965140747551114,0.899680724711321,357.1075276675674,0.02850134841405172,8.4562551252032e-12
1725,-9.840787418288855,-12.056507325431221,1.269921589098468,1.810041116491712,447.6634748603841,0.24048014965331088,8.508833597276539e-12
1726,-9.579675031056498,-12.089825028827754,1.1413925568889365,0.6647064429188019,190.3158155735037,0.5607957464073765,8.548949372403709e-12
1727,-8.41185790248101,-7.557118794676705,0.10773805429291199,2.3458852369638894,442.47102323077246,2.182924516059968,8.795000646902607e-12
1728,-9.298875301380836,-9.398110589881654,0.5955628007531969,0.9413966572355252,468.7991365788985,0.8744268930259524,8.952939564592557e-12
1729,-9.474307092283953,-11.822985901113434,1.0807788696242755,1.0154243819247497,468.0267161335711,0.7612213805669663,8.994007120816563e-12
1730,-9.615834998785747,-10.880218799648244,1.0935747397974758,1.4190682668630272,332.95902414284143,0.7029816743207773,9.04063271685097e-12
1731,-9.594738030891776,-11.932334397863833,1.1520864905287085,1.8588109067122145,446.57247764155545,0.2762336301248389,9.407160791573386e-12
1732,-9.886788895969172,-12.843851097968104,1.3182833914312484,0.9340235872443752,468.5886060686738,0.5404198613653302,9.547900308234914e-12
1733,-8.903092416790326,-12.367452581195874,0.7129267000961164,3.1106527740540106,389.96171703736997,0.04109494532153146,9.5558606185906e-12
1734,-8.544572901534925,-12.031968528182174,0.33892874811641793,1.8046800718104035,431.1055841490071,0.2387752576106319,9.79008677068222e-12
1735,-9.169658790213402,-11.060810979573308,0.8868648316030238,1.1446371338708061,264.44289112009267,0.6919109991082344,9.888685773338088e-12
1736,-8.972541112150243,-10.732557740672595,0.6180888263700433,1.2338899058157373,312.01817235955116,0.5567166323414012,1.006814240591755e-11
1737,-9.63003001756886,-11.429517968890126,1.149598572311734,1.493287657012057,468.9224911146837,0.8665954858789862,1.0105973688244852e-11
1738,-9.94615701677399,-6.706177518488702,0.4768258542574277,1.759029251452143,468.6018932062594,0.8461639108323951,1.029921161155414e-11
1739,-9.672356948722319,-12.550092042219616,1.2174621945728945,1.2356576694679906,292.8313740424441,0.251908307789134,1.0301776656797626e-11
1740,-9.261135961772768,-12.8939948697606,1.0040692693204576,1.1387300337906183,467.49135543745246,0.10622331554378128,1.0337961424389895e-11
1741,-9.663692335398391,-11.57585039311755,1.1762092466812168,1.0124597151943824,271.5502135177374,1.6895704006583445,1.035872847166449e-11
1742,-8.317401746974243,-11.603534239318869,0.22910354969595512,1.0577069699884076,467.26093697595746,0.5501502892253063,1.044310962201895e-11
1743,-9.872928366707342,-12.819068696156416,1.3192239083804418,1.772027589955885,455.4550100069231,0.6078454436838578,1.0481459202913911e-11
1744,-9.5263133696526,-6.639584378264125,0.3063867038829004,0.8824885384092674,253.44913482248458,1.5432211392549737,1.048629355535805e-11
1745,-8.692878066547625,-10.89617292392597,0.3803152649733051,1.0323272393441583,275.3408327057128,1.4364363592598268,1.059739548502555e-11
1746,-8.520511647457557,-12.005908629315497,0.32099009484566643,1.2264704601856682,304.76921129969276,1.4341909464659937,1.071829210787716e-11
1747,-9.96355838200429,-8.059471676406513,0.6650642112642756,1.881075441066663,468.0158514102746,0.5907817007630873,1.1212008313703378e-11
1748,-9.946831737949205,-11.148918173762016,1.2872892133709484,0.883640524670058,211.1758725559948,1.2027079223389414,1.1248929025890941e-11
1749,-9.809857717874985,-11.143833151956475,1.2270774076660766,1.3273824316721952,325.1784995264993,0.43057929368965553,1.1359712419210655e-11
1750,-9.595144790438473,-11.85411728759214,1.1637240536614062,1.563248162944612,469.63802818329555,0.06571832423325397,1.150792674682329e-11
1751,-9.792608224229339,-12.148814873103843,1.2751623567523391,1.1564470754999028,468.16953590361,0.5840704071856733,1.1618163502171384e-11
1752,-9.745886806326098,-5.740944741721154,0.35883308809313974,0.8293485775015926,327.60795862045126,0.11793776332557382,1.1710312357895513e-11
1753,-9.005714821476385,-12.584578675488869,0.8504050919746496,1.4709007405002488,468.0367488122245,0.44803502704734743,1.1855252617422982e-11
1754,-9.067626439512836,-11.900022976451886,0.8779108156796416,1.6050994868466126,468.65292302430646,0.3237898562079886,1.2009614071048814e-11
1755,-9.517977127255447,-9.238799006876306,0.7680698477200759,1.1165561135059447,224.29667795000805,0.5381405724371646,1.2033204275346587e-11
1756,-8.304565823505948,-12.920410108180139,0.23797345247652266,1.8961387284629574,468.1088373638647,0.43169116398521634,1.213532134367348e-11
1757,-9.539568038037864,-11.626018075337834,1.1242202455286427,1.8750364235325183,467.09933754728934,0.033850484935182834,1.216136145851103e-11
1758,-9.481818791076297,-10.025975615443619,0.9491644410858474,1.6942240012112606,398.489439353009,0.49572913224539317,1.2365863720267846e-11
1759,-9.28101748466794,-12.403730060577477,1.0161335202899098,1.7232774702872042,403.4341648098165,0.074111825282837,1.2384347485711953e-11
1760,-9.480252753364757,-9.58932697365018,0.8634384997356697,1.055971744278778,469.3016684112198,0.21365971053769073,1.2384539179374912e-11
1761,-7.907504243526724,-7.2429634211806695,0.010422028001126482,1.6400648405263605,358.96164688234745,1.4545405227499488,1.2470434121196366e-11
1762,-9.219516477635471,-12.66758612555296,0.9911555464172301,2.4445373308183975,451.58279743041066,1.8860845030031772,1.2903584764870197e-11
1763,-9.002920942576285,-11.15721438888021,0.7629137524767686,1.0260041889156344,166.4455894490937,0.049743239212094004,1.3231037248036401e-11
1764,-9.693978403196317,-11.088032008568637,1.1750316047956986,0.5149043740511497,115.910456727523,0.4115074726432324,1.3266604363377954e-11
1765,-9.98451975799565,-9.91463397466313,1.1392438118368056,1.0300948245799948,259.7439075108642,0.9251804278109885,1.3910755224698157e-11
1766,-9.7708422030787,-9.238969977941677,0.9297158907176426,1.1953665268140565,290.54034808026097,0.4694384897845838,1.4259983436988988e-11
1767,-9.963212897962153,-7.006591539011978,0.5158472402313976,1.6671654254421862,457.9678857527664,0.27752676823861844,1.432099549086171e-11
1768,-9.505386599275152,-10.427783324559185,1.021501972158694,0.9359099810641781,256.16748725190183,1.4299297651151273,1.4534514996922944e-11
1769,-8.89737225808436,-8.638914298113168,0.2682380861399526,1.00591058914163,265.3251785337516,1.091532936995991,1.4590752595338595e-11
1770,-9.951201438439202,-12.959867141343027,5.10424860178308,1.2715164449663856,468.74074273129133,0.8356933774363533,1.4603774057598778e-11
1771,-8.906785403395155,-12.944697288141665,0.7696618463216718,1.1781808425980622,295.6772209187962,0.5384615649478386,1.46079072186421e-11
1772,-9.035087015024608,-11.506571558011998,0.8392534031643798,0.8812868865401637,468.29428616546943,0.9120282190778681,1.4667396972836658e-11
1773,-9.99093541556839,-11.924090601543746,1.3757862211495495,0.9845434833065683,273.4848830257028,1.733500328079498,1.4706623809928057e-11
1774,-9.5968149460927,-8.478890813198404,0.5521192709374569,1.6885019996564201,405.143343331425,0.43089167786370997,1.4869821118192018e-11
1775,-8.850320098734372,-12.29929519559197,0.6558050166367763,0.891015338074157,468.43953310943544,0.5734758426406499,1.4911875271228855e-11
1776,-9.702988853350014,-5.52359796973354,0.3448913592022052,0.9906987518839397,316.97013294943736,0.18162294547783464,1.507317100537855e-11
1777,-9.140111702627985,-9.918316271072932,0.6333911124315061,1.1613637440308726,212.97592133293733,0.0678047852650927,1.5146538189872055e-11
1778,-9.679140868282648,-12.050587029850481,1.2342512768691711,0.9404565636421408,249.7512890400528,1.0270282551958516,1.5298859174823532e-11
1779,-9.369459009913243,-10.974211865623236,1.0113410470237532,0.842435419630635,200.6055388471975,0.7896643341838354,1.539259415009613e-11
1780,-9.610129380928996,-6.129944186255639,0.325774600009379,1.078870571932471,286.06869365429463,1.5490872943069576,1.5393784435337888e-11
1781,-9.53549547010162,-11.379182574686961,1.1237744694023732,2.8487861105012477,476.9947125033654,0.7312437658448969,1.552636181880301e-11
1782,-9.715542157348994,-9.886117874902897,1.0375320947055362,1.2058798963092743,293.40659244557247,1.096219670821367,1.5619088766548604e-11
1783,-9.829827665641236,-8.147375383786368,0.6168525305098173,1.0839096589937747,249.78486661081726,0.08010000547578588,1.5652227956948615e-11
1784,-9.800173625217239,-12.765598495545543,1.3171382091657886,0.9195490057570552,245.5434510512711,1.2192761064502244,1.5675045083396595e-11
1785,-9.427128009964708,-11.028789761912101,1.0478688107171403,0.9841005621455161,266.19082724952926,1.2212163924363884,1.5692344991437223e-11
1786,-7.966735286611259,-10.552786550882283,0.1340307971350694,1.6579792485380649,385.92259731694696,0.48302810892511605,1.5784263913145433e-11
1787,-9.636076664760274,-10.974086310059647,1.1469556968539272,0.8703885437441677,469.56053982203923,0.15932653320002377,1.5833621260478947e-11
1788,-7.933932124315849,-10.419434172304124,0.13172087161114668,1.0777147699128142,285.86288962283095,1.2166612747468966,1.607823581664674e-11
1789,-9.891773171120372,-10.967121471569158,1.2749456559663723,0.7819778474001206,468.21049913434797,0.2649146605319297,1.6288340673878016e-11
1790,-9.144777297694091,-6.616100559917765,0.20590642288998331,0.7204081108972165,197.02059119374988,0.7614616859553012,1.638057979220086e-11
1791,-9.365423599003115,-11.975228620430302,1.06404571128883,1.2326723321908166,308.29336649257755,0.2271681062034503,1.6464414042989635e-11
1792,-8.340853144140315,-6.921948448823027,0.06825616426600287,1.0220074881393364,139.4777133321306,0.2953865886096958,1.652604072814847e-11
1793,-9.077273219942498,-9.888542851069396,0.5562917887955626,1.629441982876339,382.79829928490943,0.5917790315868015,1.6544559818408275e-11
1794,-8.709199797554877,-12.705992207093908,0.4859559971731911,0.6785219406259286,468.7127633139392,0.40079973246980494,1.6759959702239952e-11
1795,-9.020969105998535,-7.5743190116624675,0.22055529769284615,1.7358542045538095,409.05416560116146,0.07566277873580507,1.6787693932998323e-11
1796,-9.78011500457239,-5.169433593203494,0.369549275906832,1.8610727756916294,468.377988356063,0.2583579185153262,1.6789594963038568e-11
1797,-8.135030117713866,-9.678885429198584,0.16031568750768774,1.7833981576659927,424.78952061219115,0.3144710507429176,1.685019712065147e-11
1798,-9.830362743575835,-12.673900178658485,5.1873195602162925,1.8377164608027683,439.7900065750127,0.19348755311863908,1.6850772874581543e-11
1799,-8.865481844679886,-12.193316504665377,0.687243892222681,1.0387123893765335,252.42311570360297,0.8486836703504261,1.6963000981199334e-11
1800,-9.225278975495419,-9.7893281220163,0.7017767389716943,1.6554669757674316,383.44885237749145,0.16268980446987502,1.699633301983259e-11
1801,-9.640584962087333,-9.087807349721498,0.8252170899609396,3.559206600176912,387.92574590139736,0.005697532992399168,1.7056147804620233e-11
1802,-7.810596006965915,-9.557261595499291,0.09166849487643941,1.8473650442301024,467.5141155787266,0.41517855253048896,1.727971769117515e-11
1803,-9.850495588350556,-12.028714689664975,1.3317807737322314,0.6655720434386821,186.91467351033785,1.0355990657754575,1.7479515560881697e-11
1804,-9.664489944292342,-5.830303367970199,0.3395736879571515,0.9315239866086132,469.7488267571635,0.23280363760709832,1.7802269796568264e-11
1805,-9.068825284824358,-6.90137334496188,0.19934495268496333,2.5063943689325545,439.44302425699436,0.6026618964677013,1.781479981490844e-11
1806,-9.33202582581575,-11.006830780364226,1.0029260843634988,4.1247598833959565,502.87277196134454,0.1393220379945257,1.7835710222996198e-11
1807,-9.95208309104182,-8.088268883708643,0.6863469169008467,1.9178241385965378,392.57729150188237,0.3855179636374091,1.791426403613071e-11
1808,-9.83949365100675,-12.089986700840774,1.3315679100416535,1.0761707110041012,284.62222785348763,1.1670204831953468,1.804985843826827e-11
1809,-9.925158387570352,-12.85358863900937,5.078350023046332,0.6584267749444013,193.88471210096262,1.1595676859969464,1.845741510819386e-11
1810,-8.828506316018455,-10.203727675696165,0.413889002695797,1.1879658966630953,215.05159944353494,0.08251722112480397,1.8717543153973947e-11
1811,-9.760428277077335,-9.883063198876606,1.0631133947527742,1.491429485333346,343.23858031986055,0.08143832936632833,1.877761374290199e-11
1812,-9.787489176650295,-9.457443813201088,0.995656165865692,1.9018466111609702,467.82525635156384,0.5149645967391532,1.8792289671056292e-11
1813,-9.153225613598092,-9.616557063246956,0.5580770063629243,0.9188941215609515,261.53090892678625,1.7511457393668115,1.9004072933545287e-11
1814,-9.592420411571204,-11.589767248830535,1.1825758832576139,1.6870472135844783,365.32666185960636,1.5541078668118669,1.9118945935071382e-11
1815,-9.555851500845055,-8.103562661470683,0.45706815330502243,1.07221478547684,220.57550361574388,0.5823795386093549,1.9183529022899455e-11
1816,-9.800924933475725,-12.2132139684658,1.320656860935035,1.255697354976746,162.36859868139263,0.3163608441045094,1.9215591532311246e-11
1817,-8.573046377531943,-5.5912959419551385,0.08222936832776322,1.4516900324996171,323.35700438757755,0.6252222640748348,1.9410130210495133e-11
1818,-9.7504298918732,-11.15265748234251,1.2373410830002645,1.069590244790835,279.8834124137119,0.9082020921421856,1.9424936891667114e-11
1819,-9.7720886054435,-12.677611788052484,1.3194070866525522,1.7444341077999777,467.91236862109224,0.5045666716016379,1.9427843820002572e-11
1820,-9.99853064111644,-12.842371030688275,5.005366211269834,0.568877554578425,119.78957383136795,1.0834171613190895,1.9791999804446397e-11
1821,-9.65276650773285,-8.490749337770339,0.606181052697794,1.243577010242832,272.85216662949716,0.5754972256313478,2.016898087987922e-11
1822,-9.986470620460466,-12.131002581957729,1.4119600768273342,1.1298021822056505,241.00505798058762,0.7069057011554358,2.021147965156842e-11
1823,-8.840847559906129,-11.57865856118476,0.5973451152001841,1.0474250372407456,273.09051318825607,0.870722499948493,2.0500039317404236e-11
1824,-8.55497551134844,-11.488036910307011,0.33691854733533255,3.5239045466616403,302.0238903161575,0.1671742221319219,2.0939765106447118e-11
1825,-9.303428867311322,-11.768241229625309,1.0393782453597842,1.5982637727715892,371.5294743447654,0.336857844069379,2.1144561023382852e-11
1826,-9.95134274199792,-12.025663701040246,5.095660363980875,1.4906333159249585,395.75176747054314,0.45353211509646485,2.130668149913235e-11
1827,-8.904392390948734,-10.010782843455077,0.4407718552664004,1.0987896140439888,467.669383114375,0.34557876332234816,2.1482319467259087e-11
1828,-9.847807184223603,-9.642186219431476,1.058425329592225,1.8947359042907561,392.0726590610042,1.818407912617661,2.1588461989710685e-11
1829,-9.781545308367129,-8.267060703839428,0.6308568731709081,1.857500243022794,377.17300660570123,0.7128044108203051,2.169368828869332e-11
1830,-9.746761999777332,-10.659959047287053,1.1913617882535283,0.8791451361839611,244.0457580044981,0.52069999586789,2.186320810303222e-11
1831,-9.545378073709701,-10.591268951101146,1.0821870485858727,1.1735363611603455,296.84103107087026,1.5232764481438883,2.2247920865026984e-11
1832,-9.803091141121797,-12.15030830627865,1.334957674715509,0.7262299898478947,152.05729227662624,0.22612519181647794,2.257473188556771e-11
1833,-9.54327550879552,-11.125500827569205,1.1342499664185532,1.8457109154066043,443.1196267313037,0.5561295183980492,2.2583977223737272e-11
1834,-9.485825200806282,-10.342145109430056,1.0247094038794957,1.091701664289733,284.3371346219638,0.4685277635659899,2.265727031287579e-11
1835,-9.796478253660153,-10.963554927226733,1.2540053675290919,1.494782251051252,357.63012310821216,0.5571016685026828,2.286536538304847e-11
1836,-9.776077935845565,-9.502229603867384,1.0079232048711138,0.5306288590430597,114.95932432729774,0.36994791700157226,2.3006750007007003e-11
1837,-9.654313011078603,-8.665863612941319,0.6794428434363394,1.010871738991982,216.16862362826717,0.6316956203560489,2.375674358573469e-11
1838,-8.90350799067703,-10.054729367313623,0.4521935178826583,1.7987780150937132,428.9630849880576,0.32895628016061984,2.4148941063815877e-11
1839,-9.444042621443181,-8.737197524382271,0.5343811780398199,1.0937571030352164,313.1283480682203,1.026768426084094,2.4243451122119404e-11
1840,-8.066228099548034,-8.296840399178414,0.08399487060320944,1.4903949322722576,468.53015457153015,0.010736715310403433,2.446794652754973e-11
1841,-9.276171000540902,-6.841674233802561,0.24904188822217513,1.1177771957273726,466.9622639075272,0.6206407960256604,2.4534852392726117e-11
1842,-9.310090205898943,-11.052987289944554,1.0127429172956433,1.330638537998932,318.42817672915646,0.4496435853493441,2.507439369377356e-11
1843,-9.913835237048183,-11.569689305929241,5.1583691625509696,0.8653629878536534,467.6582679936495,0.6464254647915286,2.5115269271694263e-11
1844,-9.144421501442434,-10.915248101614349,0.9030882836642155,0.7357752185730524,467.37088737058974,0.38058951684660247,2.5347755974540672e-11
1845,-9.949086526822494,-12.106074040440939,5.044991675499917,0.9604070791669502,142.51551271975526,0.3737554788739983,2.5673580736130147e-11
1846,-9.528447299877456,-9.923241807591829,0.9916710360375696,1.4152985309240842,310.6160810833035,0.09338635874638701,2.5866663256434242e-11
1847,-8.458704372238783,-10.319975681744939,0.25002000809883845,3.434492281774444,522.7325484382073,0.6333283768697919,2.5900687880906182e-11
1848,-9.977004837033776,-10.39536565038147,1.272483478739745,1.9979920585543716,398.8568063523162,1.1812788241666636,2.5970506007791033e-11
1849,-9.673855548779194,-12.212678576950825,1.2823113017035002,1.5970107481155018,370.70405219729537,0.11193269939279471,2.6026883313842347e-11
1850,-9.728843825098222,-10.086572226556282,1.107586710757526,1.3999724676995542,324.14133303053035,0.8011407516773223,2.66142559110164e-11
1851,-9.957370450675741,-12.447203753395502,4.996556775470291,1.3492342283298695,327.57278734099214,0.26925483594487964,2.6647275226802675e-11
1852,-9.380178623476437,-11.404548182932482,1.0765202438205272,3.004060762812205,500.21693446896916,1.6363208090373744,2.732566846153978e-11
1853,-9.829373543600475,-12.469564441255441,5.094747370403279,4.826999807838517,465.39424339237604,0.013394285815444995,2.7389083241316966e-11
1854,-9.963171279668499,-11.954653748324086,5.0355593434037464,1.1254895833978995,291.45788278974607,1.0228877671500767,2.7593698869022717e-11
1855,-9.613421947286731,-9.810356636320318,1.0112639909894745,1.2065902719223383,304.5831369947117,0.600283307217583,2.787927510506741e-11
1856,-8.890656130420423,-9.014886312360911,0.3088053189584952,0.9811209529928583,469.8921444084365,0.0689519489388859,2.8187716507451852e-11
1857,-9.431985113626498,-11.458841635619912,1.1113205359365286,2.531903803750922,459.04938362419097,1.7764049641298136,2.8289471165096566e-11
1858,-9.577221434417046,-12.836301070515175,1.24836822306754,1.3819156742752028,324.07287431909754,1.6378290128896449,2.888006088683868e-11
1859,-9.31417644366584,-10.621635798032786,0.9875710116093217,1.8806649822040755,451.27531091666765,0.6247001292684677,2.92682467078371e-11
1860,-9.830647353983027,-12.588606434360626,5.068087646613835,1.1077924431342332,468.13785480149585,0.8861101542482155,2.92887711193141e-11
1861,-9.28214980443082,-10.270614491173781,0.9202285436537416,0.9408146025469358,469.41858001170687,0.11679592539561323,2.950505320262647e-11
1862,-8.617355883604656,-11.77341613140234,0.3986535858817396,1.8598855474305704,467.81864892501903,0.2565732572330317,3.0036243198963184e-11
1863,-9.120071146187978,-9.421843341547145,0.49072147461052124,0.6739324988165177,135.22128523732596,1.0400993855217777,3.0332182822525886e-11
1864,-9.919921665379684,-12.729973283663313,4.9746368333666435,1.3691506899085062,321.40244269230794,1.5606411512259033,3.057914622929593e-11
1865,-9.15655445845831,-12.983977504821222,1.005709281383466,3.546850572905029,473.64965309844655,0.11631734270171101,3.1137002011319543e-11
1866,-9.24099907105534,-11.352140354754694,1.0066276404068344,1.2141312713505656,260.20913355122445,0.2391235756452641,3.1144354886003973e-11
1867,-9.549386541662525,-12.734846794599656,1.2361640665357534,0.6281556582074083,197.86719119334657,0.6472719605017145,3.1224820832568176e-11
1868,-9.471995746091933,-10.58307031400464,1.0649329210942384,1.1029356330075761,467.09223869997123,0.9246720881855515,3.124747863959713e-11
1869,-9.662613917710098,-11.036294786001536,1.2193590223958164,1.4832889816682626,468.8889904872269,0.9097649434398587,3.1491812697373393e-11
1870,-8.921262374580252,-11.61561882594826,0.7675772717786603,0.9869595059285587,267.1915498782212,0.9690386756481741,3.172103239261049e-11
1871,-9.749297047000915,-8.823928898279476,0.8332884299701129,1.1860031879114952,279.1469916587561,0.45850145778994644,3.1840492314334174e-11
1872,-9.24434495351618,-9.674938505258455,0.7184304322157651,1.6007946780897806,383.9249856697323,0.07425833567180273,3.208441274097697e-11
1873,-9.788678495962944,-8.393797272045788,0.6983914188813146,1.31766018809661,231.8358974193578,0.049209787813540906,3.3664400702500716e-11
1874,-9.892246724397168,-11.296314361943569,5.165999614826055,1.034624340153193,468.4875690958319,0.4954211653010434,3.390121708125995e-11
1875,-9.413240575974054,-11.279742631598236,1.1030529822989816,7.960070408259945,380.7205021650985,0.24129395664251696,3.415290670918893e-11
1876,-9.532141125253503,-12.986941695784491,1.238398573722255,1.0381017258003242,234.2833709962811,0.08160737442257737,3.434093863950802e-11
1877,-9.98073606148429,-5.364384503583968,0.4754763116319926,1.7764668916378252,468.9371993908853,0.4283198936138852,3.44080365403003e-11
1878,-8.72954420691933,-10.683963009426659,0.4142024616761536,1.7052882316407625,362.71549736320696,0.3733056065463334,3.4541853147542404e-11
1879,-9.926128495712597,-11.94601820847333,1.4274170757204305,2.8221525214749916,448.2097919451799,0.2517208562490234,3.479513383345999e-11
1880,-9.9492192244376,-12.302788650105366,4.95267170333752,0.8853799340662176,235.15132619087973,0.24115078521805522,3.48607241027269e-11
1881,-7.008859638798791,-10.512355520735326,0.0012509408678662362,0.7983530085565359,216.86826244378028,0.1663856595189106,3.505452160287458e-11
1882,-9.936910936047957,-11.807201410452029,5.0204919733324145,3.1871070113354367,507.52803190042295,0.7920539392946919,3.516396412087508e-11
1883,-9.464979446869428,-11.87238700609766,1.1699581207586764,1.3385009191221346,162.63232643246,0.4142946725164558,3.5397510387232047e-11
1884,-9.894610895702789,-12.79385565596829,4.949599475005244,1.0148018911668302,468.17226774987563,0.8499312955779574,3.658224243855351e-11
1885,-8.834102250921154,-11.683716929475146,0.6329982669568066,1.8434936092224894,468.27148784462827,0.581737431034357,3.6678116650213916e-11
1886,-9.723058483334174,-12.598412946226237,5.109494742231978,1.3854700270983749,352.3169891963477,0.6538109701590011,3.695735491467167e-11
1887,-9.965423212688759,-11.209835640377323,5.106553334742647,1.9166236637751017,257.4635271949841,0.08954949627655306,3.71863963228897e-11
1888,-9.890879536860409,-11.97397266628178,5.020838123997597,0.977422011466956,467.54468760397395,0.4763474442217275,3.736032239438333e-11
1889,-9.032079571107358,-12.122067082118292,0.9193948051192302,1.8060916692512645,379.87224687547285,1.5618106433971617,3.7530945937976255e-11
1890,-9.423792182660524,-12.899820359399625,1.176442807952839,0.8633351689425067,206.35727644085037,0.6000602323280289,3.8154651611644295e-11
1891,-9.7116569363996,-9.515680501720386,1.0117514783311596,0.8627095957882409,208.30481136528613,0.0600073531380092,3.8176676999923355e-11
1892,-9.917768826796069,-12.26405907881106,1.4460452591587654,3.4111635655875037,530.0723757838127,1.2438628769586204,3.833216487836556e-11
1893,-8.917678938609962,-12.589566326892237,0.8353556367738535,1.1606071565965592,466.86908366071304,0.42503038486119227,3.840624906000897e-11
1894,-7.312488371972485,-10.386859793850773,0.034082575703481346,0.8780894530085415,468.34722345371574,0.5163282526390285,3.886603670209296e-11
1895,-9.374329133332411,-10.697182719529662,1.0405083352597597,0.8735761481911894,249.47314461348327,0.9408565961565651,3.931293875593022e-11
1896,-8.888576499390975,-11.075244305693072,0.6395885036282992,1.5470131354228855,351.93855391849274,0.633081730407322,3.9566604128537634e-11
1897,-9.197949343611414,-10.505302563870556,0.9147938245477615,2.5602494740977764,454.4385835189851,0.9439488098611539,3.9767962321550794e-11
1898,-8.810991330218643,-11.774184916693281,0.6148791174769744,1.8215214154916979,469.2491759534046,0.21763216589971623,4.060652789360686e-11
1899,-8.931292730505248,-11.920804992486246,0.8249050776028924,1.1379511521735226,262.30312586133255,1.0343625183324834,4.088204467815596e-11
1900,-9.856926428142303,-11.406801468566531,5.122234971810923,0.7043203828190084,174.26915443218252,0.9853283293349362,4.156141838565987e-11
1901,-9.77021790451177,-10.601024532491463,1.2449864877969137,1.332751698185958,316.8985514719507,0.1969428499792416,4.223679339330374e-11
1902,-9.2340924111816,-10.654929408569624,0.9618136917510914,5.956330756614657,594.4137204554298,0.13182842452012888,4.2262361582533737e-11
1903,-9.431381837360227,-11.196552204299882,1.1195181812591444,14.799784298051225,794.2448463429591,0.19611574357493033,4.273200747115945e-11
1904,-8.756824229443973,-9.735169660632742,0.3374612284345174,0.9860825113160449,466.485526929066,0.09397244986946518,4.2932629752518237e-11
1905,-9.989188709519409,-12.614420052355243,4.846859924427184,0.7529009139899311,175.79325257620062,0.0069184046486636674,4.312146471915898e-11
1906,-9.64310043903529,-12.42548987190578,5.160993673218119,1.2247317090453267,307.09231041334493,0.662592688096697,4.353372193897875e-11
1907,-8.604062042901099,-12.80810449262616,0.4234112868839717,0.828286369850194,168.14859198748695,0.09211264889931225,4.3842621992520195e-11
1908,-9.018312101698879,-7.808627037523884,0.24336954852807183,1.6440719871091487,467.99201677411173,0.4412879573338042,4.442333749360932e-11
1909,-8.741888731257824,-11.017288363952423,0.4592213327280713,0.8981913936785764,180.55268182286449,0.7220868963236518,4.509963158394142e-11
1910,-9.316086024688357,-12.585251506045864,1.1147046330542294,0.9856609786556645,468.46045159099054,0.49285172748079376,4.5404018942285534e-11
1911,-9.971827847458867,-7.546749197821544,0.614514317739804,1.0270274659446172,276.3874321652351,1.7923357260814532,4.597119964278259e-11
1912,-9.833578086823795,-12.962260883778104,4.937754555701032,0.922278744150859,193.98101801486962,0.6919075725771835,4.6275059868216395e-11
1913,-9.633427017526072,-12.251776363185222,5.1689618399285555,1.1190616225863312,285.4959608586177,0.8790338940511662,4.6847456509911026e-11
1914,-9.613573515465912,-12.546936353697179,5.162556808146474,0.848774241564708,168.1662890563732,0.04875000781026184,4.692399767497598e-11
1915,-9.127760733121614,-10.906510189412739,0.9241572208083314,0.6912693010476099,210.01219910252868,1.1327150598964888,4.6986276009271673e-11
1916,-9.879892498130259,-11.202393031294266,1.3841679135664133,1.302274524818299,469.5331701801816,0.04421153383336485,4.7162213525513136e-11
1917,-9.856889683149832,-11.755308419421688,5.024622647053129,1.0906216781402636,466.87153600237224,0.5585064911594877,4.7535134276042217e-11
1918,-9.918093408621965,-11.840539743432382,4.957596227122003,1.0567471266977113,276.7744024701928,0.2993890672231414,4.806103132118369e-11
1919,-9.783525366355555,-5.732113130507575,0.4041171646198526,0.6943527198460079,148.01981201260256,0.40549448358313267,4.822532470697961e-11
1920,-9.851237318561445,-12.233501938070345,4.9616767014582965,1.6753205309009436,468.82374062348913,0.7729292598661912,4.8911293461632555e-11
1921,-9.490578234128009,-9.611045631024874,0.9393316488303989,1.1575284465112115,278.71834850581064,0.38987373068454634,4.9178802746782584e-11
1922,-8.384101421743962,-12.792921895550064,0.28838131880417656,1.1058011630080633,251.17037707510914,0.07550354875682697,4.923865875801974e-11
1923,-9.335588835582623,-11.485906673496174,1.093851998497042,0.6798325988918655,467.6904102617334,0.4809634414495063,4.948896011488051e-11
1924,-8.787040007579346,-10.529964670841162,0.4482911893404703,3.3738056119741215,519.8339854898092,0.6510346710339077,4.955964432550835e-11
1925,-9.400382668847113,-11.670242489197857,1.1421104834241564,1.7483340061466304,468.5729556668374,0.8316260311178008,4.990489246425778e-11
1926,-9.567105097820127,-11.813214199662319,1.2553658553209772,0.880293723808805,468.29153782952415,0.7694773690948891,5.019185367219441e-11
1927,-9.971441908858207,-12.617742625741878,1.5127970444365375,1.621838313994782,358.2422788762833,1.6050672441933775,5.0348141752371224e-11
1928,-8.931999262898348,-10.30365096079572,0.551427748487935,1.8159809129863829,467.53718475819625,0.9298164273440124,5.061679275010681e-11
1929,-9.980253963518177,-11.810286533045014,1.487581679484651,1.7576757629326683,415.92175820435284,0.15590971845036972,5.073721734349163e-11
1930,-9.609409596716057,-12.735321720963237,1.3153808375107798,0.9796438883619343,260.4956936850558,0.39414007876443247,5.1039763363508964e-11
1931,-9.1364063726786,-10.262393459633552,0.8290931057002753,1.1131073199393542,294.8819737183785,0.8331950431661275,5.111039807776958e-11
1932,-9.599549228915912,-11.773555546697537,1.2771243533940977,0.5765934374048763,181.4278232240925,0.5727559413921535,5.1518633525631364e-11
1933,-9.242880888450276,-12.102893655513862,1.066722433027698,0.9724644207632345,468.33795644231566,0.3249165652993957,5.215444636442384e-11
1934,-7.817646315913944,-8.819574921073523,0.06605120727188621,1.0422184509323404,283.02348710991606,1.172136136477329,5.226622220399143e-11
1935,-6.8954142609965,-12.02844618074462,0.002367332494465823,0.7706136624426315,201.1394908182036,1.1630821054012896,5.233548593556787e-11
1936,-9.007538040467535,-9.855503812992655,0.5230546015117856,1.1913094012135064,206.60993406396895,0.005489067058423558,5.259114027379836e-11
1937,-9.992763252779744,-9.976291422669792,1.2515393630394829,1.2751506045834844,272.41420593596627,0.41629679048449564,5.276083827984485e-11
1938,-9.744769715105894,-7.936152782956586,0.5566673390708409,1.8409030061194644,467.4616728126335,0.06317037748795507,5.359421228731554e-11
1939,-9.281910157561006,-11.846007221115105,1.082516128095226,1.1706614961509687,301.0753294329604,0.5916799417672722,5.3776080405544546e-11
1940,-9.89624622175029,-11.169019083168791,5.085860035234019,4.5209551305212115,590.9727074349681,0.3723482188174785,5.41025795343164e-11
1941,-9.574617099007071,-12.311007346755483,5.185922904482674,0.9328198172904286,261.6345062158884,0.32553619825085445,5.435419237403692e-11
1942,-9.929911578153767,-12.734994106898858,1.502143081841176,1.246088836868973,312.18216441192436,0.49758924025381823,5.456197451539797e-11
1943,-8.737643819308454,-11.070789599675415,0.46649637714395675,2.4141200379935266,447.4641105768131,1.729720093772694,5.457261356608674e-11
1944,-9.988536094000397,-12.891574538009216,4.769057926122952,0.8642416676347241,247.8621664777864,1.575249617495344,5.4815855792371504e-11
1945,-9.065452171580205,-12.22708407952254,0.9662706729557705,3.0792388161410784,487.72131340061617,0.4922421503181811,5.488710283182159e-11
1946,-9.607838764175392,-12.636089381030912,1.319018916353487,3.41181971962834,483.7591241669232,0.19901119885024077,5.545389490408506e-11
1947,-9.606153820844368,-12.563921244908169,5.127011869284447,1.6929233628037164,468.375100212425,0.3340568950547027,5.5847233165981433e-11
1948,-9.769601634287831,-12.22066711291404,5.003148521088948,0.8744489942048288,252.23151444147993,1.7315059892662257,5.61554572069638e-11
1949,-9.042836325789361,-9.439411745851332,0.4585018392578466,0.6817489023122454,149.8454656343428,0.3333101857612597,5.6366347998583285e-11
1950,-9.092057228196646,-10.784751072774043,0.891190569443883,1.0101196957235075,467.68575108726293,0.4244663807324516,5.637892028294506e-11
1951,-9.960627842416251,-10.730751381603818,1.386107814403644,0.5283966505995855,123.31261212459376,0.3989362291735814,5.642754118851285e-11
1952,-9.405283617854082,-10.97740127732447,1.1072857573430708,1.1753436614747377,468.1864608341882,0.2920712270050876,5.725331358177972e-11
1953,-9.523403095646,-11.957131731178674,1.2463808869056172,0.7755964179815941,469.86230042372773,0.23126466258902845,5.7522723382745666e-11
1954,-9.476948370467406,-8.347290221369049,0.48682125893352574,1.1277029051721636,468.03243665484666,0.3824963440802218,5.764026079161267e-11
1955,-8.751117289582801,-6.057721743023355,0.13181408561599472,1.7120165030162084,468.39449029824993,0.2205711015126397,5.8041128146957223e-11
1956,-9.879991842001774,-12.172493002115102,4.901695705433409,1.271358186326804,310.8444694175615,1.1636233190522125,5.821549870206663e-11
1957,-9.91170305098492,-8.197054785184108,0.7452121964145602,1.2168485412505923,257.83323230651115,0.13738820213867253,5.86955174254663e-11
1958,-9.24424305152148,-11.387425925372348,1.0465270449988773,0.9363471240596337,195.2811974122349,1.0767867436803487,5.886273032433743e-11
1959,-8.822442359550193,-11.810088355950683,0.669870133715153,1.4769999334376458,165.66520073043742,0.3029301060379348,5.924293917273238e-11
1960,-9.65601857736173,-12.180309641939639,5.098525243959179,0.7764535476804839,214.9015414618789,1.2249802658043016,5.97243044882393e-11
1961,-9.270515465821292,-12.897931657436303,1.111564788695726,1.1319528338784128,467.9827736386232,0.8918420015924342,6.03903997078787e-11
1962,-9.910295039193898,-12.671895843854806,1.5030689908980859,1.8905907994107798,468.19191520311256,0.3271027679145897,6.117183976025846e-11
1963,-9.968208780657376,-9.949693538365306,1.2458170736822123,3.672002168308069,538.3838125680314,0.2591955388946863,6.130084999547626e-11
1964,-9.818296317053303,-10.951788839620491,5.189060009484999,1.1275421756782533,467.6331233304991,0.28679795430486177,6.142645017424043e-11
1965,-9.624800877569626,-12.946502692709416,5.0612642495257445,8.501142256915125,368.6545914169093,0.270365373711285,6.193635239849272e-11
1966,-9.810546596455705,-8.464392929343969,0.770809709176977,0.7209123602836466,193.94543584947183,0.08033311043924751,6.218645499806863e-11
1967,-9.69201911846555,-5.699256298133547,0.3661318054175062,0.9096742677978853,466.78928310596086,0.6916853065109967,6.283635947414177e-11
1968,-9.746281042579351,-12.563242297222878,4.967197297958631,5.643127914776157,306.3773742786377,0.24409908808720981,6.285056184271366e-11
1969,-9.462956617123528,-8.498819129751809,0.5134934874085928,0.8605286780489577,169.31615357148132,0.002050612192474155,6.302954367228518e-11
1970,-9.918770596369804,-11.929482535571573,4.8791782307445075,0.49600538232429014,109.1730247928738,0.1556384198755687,6.309777756046148e-11
1971,-9.491504924492636,-11.858232520233095,1.232077105669941,1.2516599775760493,298.0518291095478,0.7857581097991639,6.350583480348077e-11
1972,-9.557786478678645,-9.68672874184907,1.0050362267224051,0.920901861571654,250.11114962908755,0.18784234827566326,6.430457740454467e-11
1973,-9.31094246230606,-10.119101078123943,0.9542333457744399,1.6531258665065989,467.91140546523167,0.605784431726792,6.531705757784478e-11
1974,-9.667089850115623,-10.251855321699335,1.1679184642717977,1.7812122941564976,468.54982377235467,0.8864505597051133,6.580705102832851e-11
1975,-9.994613526413781,-12.484231657430088,4.741833749317305,3.4090666123968685,374.56352761673554,0.02468339151960741,6.66930915584877e-11
1976,-9.883201714322862,-12.043883710605535,4.877351655242024,0.7764255915900578,199.58714149742033,0.30894693655281547,6.773225935972688e-11
1977,-8.668367203931611,-8.21226825029739,0.20540594967183848,1.7449574569036919,434.9043020471134,0.27456225961027236,6.785601172335106e-11
1978,-8.784213254381132,-12.349506227619113,0.6471212403912011,0.8798876184845211,468.6972312661553,0.04454708089166992,6.803204668605313e-11
1979,-9.10186852374731,-8.120478114304934,0.2994612897136838,1.6999747428655254,470.2283968002061,0.05579652425597725,6.851061409915689e-11
1980,-9.764655001703774,-11.591153932261681,1.3894421042999574,1.6990311038029025,398.8662649650268,0.5296913719729268,6.869001494523198e-11
1981,-9.103677320536047,-10.005077479230863,0.7104617835028174,1.7345964278875348,206.1172247648229,0.17397396964979883,6.869014057395138e-11
1982,-9.992462654046697,-10.545248606174516,1.391790181578302,1.3223135621233941,324.8293465847237,0.35421668030298115,6.935292353226673e-11
1983,-9.60499843014474,-11.730710490969699,5.172325436241141,1.1442925109062458,466.9748670519046,0.4964658279905043,6.952661518793935e-11
1984,-9.631596059322987,-12.26245778547903,5.077086446734923,1.0833775086814736,459.8988099517852,0.7665321099091686,6.954815343429334e-11
1985,-8.81721717352733,-9.452018349095187,0.34270378169167875,1.028977557656567,281.13382681477185,1.099352309158676,6.990962437882314e-11
1986,-9.124874075809743,-12.382221927350265,1.0215927419186899,1.1388321714406975,293.031361692845,0.897013223124965,7.043743727200634e-11
1987,-8.092038056475387,-8.702039791452602,0.11770876861970637,0.8427331719153328,412.00163853068375,0.06683282756936126,7.047406979170942e-11
1988,-9.470138184261643,-12.875179181845136,5.190301128600392,0.6981703597875452,156.99764013819737,0.7439036420720706,7.078301654648465e-11
1989,-9.841111160016267,-6.287735089266984,0.4556478243488455,0.936950210873711,342.5343722924475,0.16791336496267295,7.11821502191555e-11
1990,-9.55234212942878,-11.606512963597362,1.265051571107962,1.2197194999912537,357.7582396044512,0.04530919858983129,7.124862494650968e-11
1991,-9.818330722334693,-12.028172761929637,4.921690820664795,0.8760498968267242,224.12605411933865,1.065278661231278,7.148267304554404e-11
1992,-9.546694933724291,-12.295573484536071,5.1498228984806715,2.300122533107327,438.0081712704262,2.2648108816851353,7.226829826214752e-11
1993,-9.069779680563805,-7.538492960191458,0.2437084365312385,0.9643413888284926,469.74943972507015,0.13863900005906338,7.237833048402735e-11
1994,-9.438928057743622,-8.861908084578237,0.6152979411490079,1.1591100924463102,295.8947144714032,1.0214626812419638,7.24743515424265e-11
1995,-9.84811338220607,-12.54420505042557,4.8419819093191885,1.3319539965071374,298.0585598481232,0.31659831940988337,7.279223938561664e-11
1996,-9.494866038685984,-5.475210958929018,0.2925798596832605,1.7478091786987926,412.84185825451834,0.10066087194697548,7.288885780553989e-11
1997,-9.457519897634308,-12.56183369817038,1.2450953397197617,1.8787610796458711,451.7727689789228,0.3046780869743868,7.380986319417596e-11
1998,-9.63888443331764,-10.813285150355146,1.2474536869446988,1.0303666321718015,458.69314194522826,0.7876033342353264,7.41619119647957e-11
1999,-9.866300320706813,-12.629070956449803,4.813603608926076,0.9624450090696911,468.29542992103956,0.7714230598284813,7.417169540011461e-11
2000,-9.348237778261574,-11.03213453285024,1.0944677022596563,1.107294945890553,292.4825707176136,0.937575692468477,7.417532110532384e-11
2001,-9.249435955238114,-12.784395926188143,1.1102574821133548,1.2099166642697246,278.99440359226065,0.46570981255191946,7.461530493364132e-11
2002,-8.95908344100703,-12.919851785100317,0.9229513789512489,1.467130892775882,341.2924298949914,1.4893757667590934,7.553921432554686e-11
2003,-8.079058713636387,-7.107154994311781,0.036379175792412725,0.4527570847199816,103.11525404041898,0.04001412921696268,7.607347883320487e-11
2004,-9.528048474010992,-12.091914937673392,5.175701516502406,1.5851431549466641,367.89047901697325,0.06432223094259015,7.689190392601086e-11
2005,-9.365342262884415,-10.939102640163291,1.0985965663595483,1.049632384686681,240.16494585192245,0.39905376595847564,7.708769290061655e-11
2006,-8.652650138890012,-10.615807192871147,0.37787321979441135,1.3319821146700666,321.3066194847805,1.6578648031908045,7.764645926878118e-11
2007,-9.551305263425466,-9.23569671723603,0.8933183713084389,1.2850487433758202,289.526476766515,0.16528889770923882,7.845728407869722e-11
2008,-9.890391734389173,-11.43517945774705,4.931679928833482,3.4654816992338793,393.7351390860798,0.010818222214441064,7.980620141787932e-11
2009,-9.108044558839305,-10.217369578299165,0.8146273771152218,1.2038975178293474,281.10847273853346,0.44190095562024556,8.022541484404966e-11
2010,-9.930813914658867,-11.36529898871773,1.4824305446039103,0.8827653468982598,253.43128557791852,0.3631766904936269,8.113753234308606e-11
2011,-9.378979936352644,-12.947381033261822,1.2074363451458692,0.9286393874575003,148.8774808470413,0.215031950329454,8.123253602126954e-11
2012,-8.76112661147872,-10.745964038934817,0.4670609417260199,1.8447307288204735,465.944485889552,0.03230833504774022,8.17677408018206e-11
2013,-9.639859123470776,-8.80464513528319,0.7935602187784717,1.2148326075777567,257.05308608599006,0.8886839209756205,8.198288980623794e-11
2014,-9.85024406932423,-12.693464973624192,4.799474733576638,1.5780225291532874,361.0290609294968,0.2340603906473051,8.248227079788058e-11
2015,-9.554495641864996,-11.821303190841153,5.168236272660242,1.6253302944678474,383.1844850781807,0.08976187462427809,8.253098632237723e-11
2016,-9.470883675685918,-12.871358617512053,1.2720929374989285,4.983199440710481,619.9842263003961,0.5039313034739026,8.347960188368076e-11
2017,-9.595885858225165,-12.8048453656456,1.3565983115978217,1.0500298014735718,283.1600588181029,1.5726963748070988,8.376154622790752e-11
2018,-9.692912382795067,-11.733318959677764,5.041685411631712,2.3381867663303435,439.08727218453913,1.5292996551627178,8.404388258535805e-11
2019,-9.827272388403829,-11.753989119321544,1.457335986402744,1.7797832419044561,470.04185528957703,0.15759913091947553,8.434358265023293e-11
2020,-8.886463616685356,-10.981593637427288,0.6824721283261338,0.9553985111640402,190.8978133602536,0.7295349504081647,8.486408244878863e-11
2021,-9.155730719580333,-10.484784913919082,0.9243195344376914,0.9211362515966868,467.62696551768414,0.13024237420941542,8.526703771405124e-11
2022,-9.756725828384585,-11.754005863950459,1.4201090717577545,0.8860439845645646,468.08911098677726,0.724696642333952,8.586688745173017e-11
2023,-9.5844387185765,-12.646040474888993,5.042238174747013,2.5937412287241686,459.5874493494109,1.0602784030277261,8.596283150342275e-11
2024,-9.427736499847777,-11.556876150535482,1.19517007955974,1.1699987061033303,290.2985664624502,1.3822183676337598,8.605239038965655e-11
2025,-9.616813820221637,-12.565937477467102,5.015413811886957,0.8395894183617131,192.8529524493961,0.8292891726335352,8.605574907165048e-11
2026,-8.599445545943553,-9.726671854870759,0.2826955201376702,1.8406767242575734,467.4080931617022,0.1911014500300121,8.63396161586357e-11
2027,-9.511811702012906,-12.105226578991344,5.163752828921643,1.7717814519527881,469.6612733267874,0.16996041120586813,8.647156844154667e-11
2028,-9.521864436018877,-12.470934349785912,5.116329987661169,0.688769695482943,200.48482326747185,1.2024412089897965,8.658195671794825e-11
2029,-9.785143577958229,-11.686509209896654,4.954075874918991,1.737482673786806,468.3824135506046,0.2955272114533072,8.730454182518818e-11
2030,-9.903138918453102,-10.61044160852571,5.165139589124901,1.4851500779368574,332.3223440482484,0.960420360444612,8.732191513725475e-11
2031,-9.600397443147136,-12.82864613830936,5.0095213642344225,2.064811347917989,404.46130495023124,1.0196379860557672,8.769220814223508e-11
2032,-9.282561442975732,-11.412553036770602,1.0930380948658325,1.8739600717112035,469.4479098587961,0.1385878830487366,8.769779435168325e-11
2033,-9.210639449916629,-11.161133290525683,1.0344346858829936,0.7754831266844577,173.06572715798077,0.36013789970005305,8.880435538350522e-11
2034,-9.747161617876541,-7.780955063670605,0.5427938018699789,0.9479610186242086,244.86429187987568,1.4773635340194886,8.897866416654412e-11
2035,-9.939556392245589,-12.247079073973488,4.737330542826962,1.724307604477826,409.6629206776315,0.9465022138921215,8.942570725113739e-11
2036,-9.965003554475476,-12.51501432106588,4.69205836969348,1.0692589261033805,281.66004896782846,1.6780098159298644,8.9625036175552e-11
2037,-9.743884532802387,-12.390762309261506,1.4453907673615545,0.8124885674590121,186.7900268778333,0.40082687794633465,9.079125256077136e-11
2038,-9.34994114248063,-12.573110471573784,1.1880825312979026,0.7857130403802517,326.6620002661164,0.18890273458594553,9.084052666197317e-11
2039,-9.486894524130422,-10.928854119809799,1.1830416661765013,0.9358775735530015,467.7497190546836,0.9266509187069376,9.088435310126678e-11
2040,-9.886171804586521,-9.715413583674362,1.1796844562409352,1.118105443980609,467.70465138357423,0.4643028921638317,9.104336049992288e-11
2041,-9.412755406115933,-12.974201986174965,5.187380803840133,0.9972378970991718,467.8453269659371,0.1421453529142278,9.106530064908363e-11
2042,-9.138487524176895,-12.452928039063394,1.04824686909483,1.0363385440683106,199.94807163024467,0.07172380157394453,9.117582574712848e-11
2043,-9.651244251326442,-11.621400531336798,5.080878073696241,0.7529488237920668,163.79210884589912,0.21409803004758743,9.150191857056592e-11
2044,-8.239730372749488,-11.648760397672,0.22126319031191413,0.8439785732107381,190.8457444637619,0.10080749139505318,9.256221177829139e-11
2045,-9.731353029964701,-10.42544151636363,1.262460521924954,0.4958954849475668,125.51022558467737,0.5889430059222809,9.352385566174654e-11
2046,-9.418268736961704,-11.497484965561782,1.191451935097538,1.0518280727640241,273.6922375541759,1.1495249155237728,9.368623753715216e-11
2047,-9.73591741661262,-12.523875554769292,4.881931628557188,1.8812925435885346,387.1209205396128,1.3359410482494152,9.432076448094926e-11
2048,-9.423210003710706,-11.3103993189618,1.1817813897530076,0.8749487986889593,215.67792540702075,1.0430373745970547,9.436435935082205e-11
2049,-9.899166926088295,-12.12666026024078,1.5316630413361572,0.9253813601088136,408.2580042775809,0.27428635886757124,9.461244323509731e-11
2050,-8.99218506703887,-12.563900476334528,0.9538719431044186,1.1503642322069259,295.83116053552413,0.34072614019072756,9.473821849124971e-11
2051,-9.26232476724264,-12.661476975304755,1.1320282884728994,0.8577163754664601,468.3700581083029,0.5250811749456146,9.481307340774293e-11
2052,-8.72376921706492,-11.462594363850004,0.509758666086495,1.5199220567238014,468.91503915608035,0.86351827349755,9.506813131676958e-11
2053,-9.532721615006599,-6.260575053492291,0.32716650015628207,1.9430137739519038,395.53996005037703,1.4824720397668143,9.607361191308905e-11
2054,-9.710177218589742,-11.82611795724014,4.974710271265764,0.8046816366591205,196.7787066221407,0.16279441079140078,9.737262699768402e-11
2055,-9.867912535621246,-12.275476379517025,4.77616734693943,1.856402665968827,468.38520321676947,0.6073814349060624,9.776988281368999e-11
2056,-9.814707618727871,-12.947594265107114,4.773330776128133,1.572604362763247,351.7610685119768,0.586671908712411,9.78835090707172e-11
2057,-9.23253323362233,-11.82952298898717,1.0911830208045794,0.9432651902101847,467.6907909342362,0.6688569787324825,9.840995482962152e-11
2058,-9.647762464981904,-11.123079469715702,5.181547226256734,1.1701817992922625,237.62683902946074,0.07515834003133559,9.879020358472854e-11
2059,-9.756078552452411,-12.033415429847242,4.900019816882395,1.5389451532000504,297.7357458443882,0.09551495621334904,9.897029419777843e-11
2060,-9.311821970102907,-11.448803846945504,1.1214180019517799,1.6894515063491933,225.24981473353165,0.1290913858833891,9.916180377794131e-11
2061,-8.778015039972455,-9.914269710387561,0.38165174792557605,2.975323090050953,495.1986970702695,1.2035476983909836,9.923954779562648e-11
2062,-8.855646665459595,-11.482816797697263,0.7360247842096338,1.0706653692588333,147.1922953453133,0.2505281689478629,9.95308071097219e-11
2063,-9.609909966021474,-11.804004724283796,5.0696429731095884,1.8681164593056232,467.48085788930507,0.4518100115182575,9.961825330722325e-11
2064,-8.777917040194211,-12.105816805638234,0.6483375170247172,1.0177397767787861,466.19259350170955,0.025221691733622542,1.001219988199918e-10
2065,-9.983777024575504,-7.113440343602818,0.595714232649372,1.0642806294269205,276.3219190753585,0.8428030843782865,1.0064605537104346e-10
2066,-9.97722778055727,-12.29563358027956,1.587231657386909,2.3920695940650076,447.9018666025761,2.4283759990725047,1.0081503237353482e-10
2067,-9.811482172456063,-10.865263614665944,1.3841364807989123,0.8474419339313114,190.40579295623633,0.44506611886768166,1.0089298138642576e-10
2068,-9.984908638963823,-12.68069203761105,4.630653626419034,1.655134832323795,467.8871878149893,0.33504748251339844,1.0174511319729237e-10
2069,-7.487815834898296,-9.716280408703065,0.04693384230715934,1.899460687803723,458.32981788838487,0.5708848669780275,1.0206993027459961e-10
2070,-9.996484132276116,-11.186038234955419,4.843300622854396,0.9819977544469329,468.33097457533927,0.5100428840142497,1.0217005701100382e-10
2071,-8.739549036417984,-11.617309957711765,0.5498459387916754,0.8338610982383013,244.2649059602284,1.486710527035954,1.0361663968561494e-10
2072,-9.950810508564933,-11.362932891249049,4.83158615856821,3.2879201132740143,519.5964060878272,1.07724375056954,1.0399354297807771e-10
2073,-9.685325696898511,-12.976206743715556,4.8772033230295495,0.8751765878497201,216.93224313792123,0.7502678313029945,1.0434350004022591e-10
2074,-9.456914953022022,-12.914353942312585,5.110589600701903,1.4404638000958605,326.7595889238181,0.3061377810047139,1.0477729552344552e-10
2075,-8.755530820687419,-12.327859213846855,0.630000624724111,1.496851161885461,450.66935602210674,0.2810415720776218,1.0494673685828645e-10
2076,-9.668667562463574,-12.098526769498834,4.960488419800134,1.4674379834009752,468.674216025439,0.5645169504006748,1.0510322125064417e-10
2077,-9.673925254800368,-12.635030708836789,1.4267075338745303,1.3838218772550195,335.3223320889221,0.5502905095780459,1.0549440737211328e-10
2078,-9.752376587409197,-8.577510403131027,0.8024340440849411,1.1052962047977224,256.33827371081713,1.0289318662053448,1.0594417533914716e-10
2079,-9.707826983705013,-8.259430739589332,0.6376055441987064,0.8945958501569601,235.75378522926434,0.6533946930879218,1.0621209056650314e-10
2080,-9.923746688918095,-10.80139694887594,1.4422653481533585,0.8363329508569208,243.22089263445633,0.950164725386105,1.0740978705538153e-10
2081,-9.781163028058208,-10.83855648296818,5.1271542036691455,0.9791261378117495,194.17384642158476,0.39714261875047274,1.0756753379555499e-10
2082,-9.113762987598667,-12.770843597682981,1.0488302230598245,1.051431448145841,151.69557382402252,0.22617871609644968,1.0764331659236378e-10
2083,-9.805175765478031,-5.742162098277167,0.43256292250530054,0.7978945855880462,175.3804727914187,0.21201964539244234,1.0921383091869428e-10
2084,-9.506119876334674,-12.917550764991233,5.048907138022157,0.8626164162982882,470.2567700398264,0.030612560009378065,1.0923646812004052e-10
2085,-9.76694924959591,-12.923889553960597,4.7920209807644145,2.4807141915962934,456.5940752943089,2.625291470870038,1.0965136140698475e-10
2086,-9.956259846421043,-9.805762608453676,1.251059909279674,0.8493567992448815,172.83744514358324,0.88933848254353,1.1018102242274231e-10
2087,-9.876737877549788,-12.775920317393297,4.697883014017152,1.2444136307295615,469.76340394661776,0.005596395330175419,1.1028591433881929e-10
2088,-9.821132907013657,-12.926529503083357,4.731539129429657,3.864197627617452,561.3072894893286,1.1590996403888765,1.1334871250205623e-10
2089,-9.372872624328867,-12.813704209095967,5.18741979198205,3.540506394816205,277.12291379734967,0.22976428589834175,1.1368012127234884e-10
2090,-9.680959672960828,-8.969505389279508,0.9051959348107214,3.624160296574885,544.6009938668766,1.1096671756136365,1.1393215896509178e-10
2091,-8.578550045482132,-10.315351637391052,0.3193110550079673,0.8385586425130037,468.13314445391745,0.24833590383437532,1.1428924528292071e-10
2092,-9.631405459358628,-11.497791030029056,5.0665041509052235,1.1920110796782717,228.09399812549668,0.011308555549097044,1.1573609764224179e-10
2093,-9.716658976398914,-11.331409045477521,5.021066923021005,1.7528840788979425,467.8238592847263,0.3396245746044686,1.1594117738542237e-10
2094,-9.768995493471875,-12.39335183127811,4.810837082298125,22.929738397797085,538.5336037131042,0.1628379938653195,1.1627401903410995e-10
2095,-9.938267508726438,-12.112182814345399,4.685860892485715,1.6836407977274714,362.3086360168315,1.1218588907540168,1.1688352238873443e-10
2096,-9.953827788350267,-9.21840706874681,1.089732098475618,1.3219757022583742,319.5898300931416,0.21778558327102981,1.182891376535209e-10
2097,-9.895589831716334,-11.597795850331106,1.524355269587588,2.505076935592438,458.76572522119966,2.5286689799491207,1.1842954231992206e-10
2098,-9.740883499107802,-11.175626311636472,5.028300368429395,1.663048182891866,387.862705039479,0.6936120410196525,1.2073787229294183e-10
2099,-9.601621571831194,-11.21598031085417,5.142550428409342,7.943029233412782,480.26098251826863,0.09798468369911717,1.257421089563337e-10
2100,-9.441590784845857,-11.040950987434924,1.192011177052914,1.237719920452371,294.6276620136854,0.47774789499519255,1.2606276503328468e-10
2101,-9.677079012670747,-9.981971436526763,1.1663771927268318,0.4361365096846205,126.92051085709811,0.14367260943883586,1.2672106409701877e-10
2102,-9.944802625414347,-10.735614475691326,4.981397558166482,2.9023593289841796,473.2105388028213,0.4481947679582641,1.2768927568644858e-10
2103,-8.119222533835774,-9.374889059246604,0.16825359196133965,0.7160056409125157,192.16153167052275,0.8817782255444344,1.2832725085611357e-10
2104,-9.691893573818337,-11.674521885798859,4.949727594680373,0.7442524604205127,466.43661141172043,0.31579482742564924,1.287229459180339e-10
2105,-9.964153684155027,-10.60707823437274,1.4530921680709201,1.5157523083092799,350.7116232388654,0.6004892434585889,1.2968735606519175e-10
2106,-9.843768673338237,-12.875898710303218,1.5604506987272844,2.9341238057824905,493.8439948888293,1.460343270404513,1.3004199936754987e-10
2107,-9.687318982908767,-12.902996970376838,4.825084208831309,0.748115701362745,219.40015853234016,1.281625235402763,1.300984238556346e-10
2108,-9.94208936258088,-8.145568231294387,0.7874880024119554,3.7132718521558905,551.7508971454346,1.269837736301188,1.304151349824494e-10
2109,-9.2667215615071,-12.712676558282825,1.1628828516953151,1.7430528603707993,267.99144901251043,0.46613860735622037,1.306892179697169e-10
2110,-9.742591827363642,-12.36098712742837,4.808069179276712,1.23901737694413,288.88423717686715,0.13246279225372604,1.3100722582028365e-10
2111,-8.761005193125632,-12.691602397070344,0.6902380419841623,1.8244345003548574,467.5694227866043,0.5439667131649752,1.3151853585318496e-10
2112,-9.97196550268039,-10.90980051319633,4.884260783629016,1.8605418614305766,467.9958684125752,0.28863870911781575,1.3228187201612033e-10
2113,-9.53022177450347,-10.553074786988645,1.1910797947582956,1.7394143471867156,469.685588584923,0.035964477310932885,1.3355545744336737e-10
2114,-9.977786448762947,-10.78569493662869,1.4929342990581713,1.1234896825479401,294.62804856625655,0.8354171031373818,1.3459456328329897e-10
2115,-9.838645442443804,-11.889126753965481,1.527112787145,0.8526305381736293,173.2512587742172,0.2058864714138755,1.354423669651165e-10
2116,-9.845709998008417,-11.197150679432957,1.4777244683573048,0.7451569023384336,139.43829036354202,0.19375943592683242,1.358459652063354e-10
2117,-9.98428052698242,-10.25204856409918,1.3983060978550903,0.7486834299869983,468.1317305028788,0.24862587954342796,1.358474183681441e-10
2118,-9.61318301661375,-11.968113041052547,4.9672850500897745,0.5958495186862821,172.0561176192816,0.38269059039010234,1.3669776675313574e-10
2119,-9.842221580182143,-10.599126114653094,1.3926170489926621,1.4060128079502863,319.8927775998191,0.1747517820641189,1.374240268003675e-10
2120,-7.456977921701822,-12.909235611956426,0.08190826537762359,0.7156175044599276,145.62108865848145,0.2325414845275411,1.376174141007126e-10
2121,-9.943337229932608,-10.050773029497746,1.3298509021894127,1.0048029793728679,466.20359241674157,0.02284208225815121,1.3814517925243712e-10
2122,-9.87257496441519,-10.892740201516482,1.4554249098246976,3.220386917961859,517.3403903887146,1.6240165984443093,1.3830526157930814e-10
2123,-9.863490358515431,-11.136015920181158,4.892565060984868,1.6163922151514096,361.4839040665038,0.826646901667881,1.3872308649406492e-10
2124,-9.928216598591446,-8.398251777223948,0.8653030139704643,1.2087524192918868,467.44818995061956,0.12978858341391142,1.387496655776611e-10
2125,-9.697027060006375,-12.071261640073319,4.865534012168249,0.8399283373862307,214.00406821181477,0.3398199818319725,1.3990566679981621e-10
2126,-9.976649937884423,-10.484614153417455,5.046083931036821,1.6491157198916657,386.88549957062855,0.4155993246591203,1.3994681397581438e-10
2127,-9.683553888780711,-7.414232176290733,0.4735974998207357,1.0550835437096462,282.93952360972463,1.001102300342442,1.407350598070122e-10
2128,-9.777180297863033,-11.331547680666567,1.452986190831455,1.8236682305696612,468.4287127232595,0.39550487697023673,1.4200854781465855e-10
2129,-9.66093390217726,-10.850577429173137,5.167682657384274,1.8432117488112858,442.8946263450113,0.35029014188926944,1.4374544709246919e-10
2130,-9.718485535311492,-11.492789330037416,1.4331323756223233,0.73846186983024,337.4444232817417,0.4725380773827421,1.442953422324399e-10
2131,-9.336990887608918,-12.727535866434351,1.224244181043974,1.7119215176708462,467.8424543823845,0.4386022401890566,1.4443820683469643e-10
2132,-9.676785448299283,-12.676481672743504,4.82226557281058,3.14783622943259,506.6166714817173,0.9467426164430854,1.447371113091014e-10
2133,-9.021630739132236,-12.135725268924231,0.9915681504038039,1.2503158541911084,311.89822504582236,0.5589443970845194,1.451917937475992e-10
2134,-9.685521611611671,-6.0648396907029944,0.3893300418731091,1.4852630067625494,185.22595489901803,0.27740952785196704,1.4551245136402306e-10
2135,-9.916826528965947,-11.894680802434575,4.676195896681215,1.3405178557402422,315.8798811453452,1.0713641251941786,1.4570514709962732e-10
2136,-9.892891266534962,-11.805999908368474,4.709313183692955,1.7257504787490114,468.07476548237184,0.10822985034860011,1.4602401421239099e-10
2137,-9.944327909105587,-12.048865255017205,4.627818215409792,1.9028553983075414,467.500311843654,0.44672374417992433,1.4724627522202906e-10
2138,-9.58381069403173,-12.785889714121584,4.901819913813122,0.9532893771925424,467.87972796283134,0.8934254326470068,1.4863391341515852e-10
2139,-9.966271538323419,-11.163913895032216,4.7782782906494905,1.401785664905508,336.6714811549083,1.23916992024395,1.4982544177624995e-10
2140,-9.778382873131662,-12.292930373754336,4.743244829697871,0.7995922817067657,131.04242338084103,0.34719757592264067,1.5040561554183673e-10
2141,-9.407389717114535,-12.55542451390647,5.100285802235068,0.9251015536999906,240.99933496936967,0.24727055687570587,1.51210135919741e-10
2142,-9.62133063196636,-12.186297875841229,4.906785468081388,1.7630346883649317,418.20540458720836,0.1715830193829202,1.515759442702389e-10
2143,-9.522300581945782,-6.785762795158069,0.35540649465824325,0.7556081214612488,175.56045942983963,0.7582818076263971,1.519704785309361e-10
2144,-9.488790209104563,-11.681441593167552,1.2982774503457923,1.0708799810118186,282.38224889130987,1.5409648001345975,1.5321727942591227e-10
2145,-9.327952230212407,-11.508456613057445,1.1717761343039812,1.6719785677836223,392.65006047777814,0.43170786424490526,1.532316142220773e-10
2146,-9.612115598778429,-11.988692238072401,4.936572982545618,0.8387824797896863,469.60006254751147,0.1632785771704759,1.5330187193536023e-10
2147,-9.330792459328077,-10.811129708761818,1.111768490445006,1.0412661408458515,277.67268316741547,0.7667876888783649,1.5354527140438e-10
2148,-9.530582249704702,-12.580422203873084,4.961566265603442,0.7620771407186214,467.8256858488744,0.27170141425342376,1.5388195662530802e-10
2149,-7.800398352158853,-11.421258579568605,0.12872929546861156,2.2791665196799573,318.8117400062681,0.013987780698297314,1.5392315202655824e-10
2150,-9.159412062564948,-12.988968422754732,1.103790518582724,1.8562388757754522,386.9071602022125,1.6348198522928419,1.5438523564182515e-10
2151,-9.983288590646552,-12.423420901053625,4.538831068515078,1.2411314617174931,314.2083855949011,0.32618246620348934,1.5504054178375579e-10
2152,-8.928633417017023,-9.898995121370127,0.49734788486224013,1.9010113622538547,385.73675341552683,1.0236970565630772,1.560465588313888e-10
2153,-9.913597638265236,-12.176391616550031,4.623587080956175,0.9990355485244685,468.39189461958404,0.6215414958666239,1.5650587468612512e-10
2154,-9.124900115781339,-9.634857746732445,0.6295458506784676,2.61565690980066,468.0538715686823,2.0555436166338854,1.5721701944280808e-10
2155,-9.585641067402475,-12.704776465826724,4.889429862739955,1.6994163296378233,401.7699111987419,0.8041448294954234,1.5755063217468635e-10
2156,-9.928138554752135,-11.02482780865314,4.837619924635844,1.8422388230576194,441.09568801049204,0.33235711146190194,1.576901454457428e-10
2157,-9.580252521698032,-10.812351532965405,1.2798476136735237,0.9770770198223504,467.71259791171127,0.5207570578806395,1.590019408333015e-10
2158,-9.960317197519572,-12.778890402637826,1.6570640464298627,1.482176446453704,338.6108073708425,1.6029381354635506,1.608939889292021e-10
2159,-9.601372752633145,-8.972101346073039,0.8738099089710526,0.9894235087407588,272.45338791728864,0.902146609922684,1.6122582602286046e-10
2160,-9.94476307891772,-12.008371902167406,1.6174176752832445,1.8112606086182301,431.79627601612765,0.0819902075494996,1.6138696439940483e-10
2161,-9.428253339000591,-11.195297784321335,1.2212017787814324,1.193353970473231,302.8051047236824,0.5352979579884067,1.6139472413056104e-10
2162,-9.538367362885916,-12.662402835107645,4.934828501075272,1.1263221639309307,468.06294183237827,0.7096666712088249,1.6168349972943698e-10
2163,-9.902777698850295,-5.489225196061166,0.4832343337015929,21.566922678063367,437.5776423118276,0.29459831157087457,1.6198150023733325e-10
2164,-9.840129391989107,-10.719792327171188,5.0177446519795295,1.4433583960503453,331.36204503194006,0.31599496108411174,1.6323001061943452e-10
2165,-9.571601226928284,-12.262385696295915,4.931158865908698,1.1631559817593826,241.6796487812786,0.20037464981411635,1.6332592802772523e-10
2166,-9.669427828406539,-11.401034684105671,4.964903240461953,1.7524706984604341,369.3212671051429,0.33859499852012664,1.6436760744155862e-10
2167,-8.750691214419792,-9.935923761311614,0.37721961360391465,1.3851550900550522,332.34473262914736,0.2687983821862998,1.645301193042598e-10
2168,-9.869585453892554,-5.814415813070345,0.47437475002862933,1.286746215308154,319.9957142761445,1.4477360217231086,1.647262364450346e-10
2169,-9.727227126124163,-10.296152604464684,1.287161304117357,0.8018427998339777,468.92089463569624,0.012331486105473743,1.6506357573251954e-10
2170,-9.718293349901447,-11.530783035504806,4.88671141152798,1.443344791387411,318.00635887509526,0.5445965905456553,1.6637275292289627e-10
2171,-9.732631937930613,-12.325877470754008,4.753579048011039,0.841597552101858,469.15858473527237,0.13283821006916074,1.7118505277857103e-10
2172,-8.133182211802643,-12.657536413136294,0.20497165940561157,1.1439724568493743,281.31480068741746,1.0147935947745532,1.723469705821333e-10
2173,-9.700092718284825,-10.911274228533856,5.060090974365324,1.3742320008841298,468.05405134947915,0.7047652313150028,1.7338656914968201e-10
2174,-8.947672740494923,-10.308535802327821,0.636695441282142,1.3501141425255114,309.78316798251376,0.36055117209992726,1.74124525456243e-10
2175,-9.418903641161656,-9.722579511633219,0.9937580727459777,2.14448528987129,417.8356848162287,1.4401791693995216,1.7416024600867836e-10
2176,-9.935750437835521,-6.626610961571538,0.5471938946280488,6.759373745307603,640.9202169687132,0.194873339912899,1.7421082250960233e-10
2177,-9.23171635923917,-11.675513293392141,1.120400879185517,1.4007753167276722,468.3904436921926,0.5143175368993562,1.7432926912685124e-10
2178,-9.43013457199385,-12.419926237017371,5.050637174246117,1.6135920407988626,468.2207295820784,0.20964676778134983,1.744377813003499e-10
2179,-9.956740792644862,-12.220633215697351,4.549276480287237,0.929323063498272,232.46559222380463,0.8184417771913672,1.7504918682798173e-10
2180,-9.672129985825231,-7.681366213469878,0.5075995314450658,0.9154760578564528,239.05335728714672,0.9705091996348498,1.75155348806094e-10
2181,-9.604744814945978,-11.37683883108211,1.3694661879549808,1.790672445322766,468.5600379514857,0.38974455403955677,1.753927738717908e-10
2182,-9.827604047727538,-12.926869208611528,4.612287103724676,10.97404098231888,459.5263999954933,0.18036115078742387,1.755998930169813e-10
2183,-7.704361763701296,-9.353242858426068,0.07293549457766332,1.221393945578193,218.03735254200316,0.06988315440247295,1.7606141328100865e-10
2184,-8.749495145699042,-9.552200220514756,0.33934945184474663,1.5211788752854505,350.8738254319475,0.5205509627598444,1.7628757072715866e-10
2185,-9.572597929308264,-7.549513512771211,0.44268737486760024,2.335076180694841,278.70091101694146,0.09309970129279677,1.7661600448594496e-10
2186,-9.961031665797396,-10.18723708869905,5.167762333067536,0.8836467280497646,442.5301833819309,0.01430953772177812,1.7784872853517898e-10
2187,-9.326573798085306,-12.862209188354107,1.2372714488565462,2.4950969070043514,243.2328912120482,0.16995218634541498,1.780079201988721e-10
2188,-9.715363836962148,-12.841023910446976,4.719019794393396,0.8103713030919224,469.2989013348931,0.002768558211489136,1.7900363802639042e-10
2189,-9.944211099766461,-10.366556029332902,1.4326643442136306,3.06102966779349,500.848902858409,1.0580570016373576,1.8049517583154428e-10
2190,-9.676928485041369,-11.566841406873245,4.899254390004158,1.5154949504958681,345.5987111783451,0.011196016780103513,1.8065103063560722e-10
2191,-9.902893733792125,-12.30553757991941,4.580890823103264,0.8878145257204504,254.38661697137536,1.4890646127417897,1.807831356387168e-10
2192,-7.1739144639085435,-12.663965628458172,0.03811740071166905,1.3194985978386329,316.03325835543336,1.5782010260966635,1.8108370210875966e-10
2193,-9.727686850227798,-12.264303683002563,1.5105725743464395,1.0914263932043589,287.83648722419747,1.8277610919552183,1.8167734842780645e-10
2194,-9.281591636974644,-12.776826682986172,5.180051927263466,1.516565494045905,354.3211117924025,0.3955258752650126,1.8284901301023885e-10
2195,-9.659186595662339,-12.334613844277554,4.80764180135972,0.6952596118304512,196.6002144787793,0.6453901935237694,1.8305671816352895e-10
2196,-9.307850456060473,-12.7336712475125,5.150395080970996,1.8893170319685781,390.3272932964121,1.625483690915094,1.8355050983532338e-10
2197,-9.723567498430246,-11.22906663428758,4.922531018886302,1.0891936563069624,325.48780190675524,0.5829405146432673,1.8611202977036498e-10
2198,-9.517118425107562,-11.856795232451885,1.3518288646240775,1.0800807654041253,155.67242811544708,0.37883896201012046,1.8703843288331516e-10
2199,-9.831554650798138,-12.538855442515851,4.616196742436183,0.7238665868731116,164.10614452203922,0.26365013068248366,1.8773476666754936e-10
2200,-9.935156626278399,-6.672571654222663,0.5517305142180292,1.1452498713272061,208.4816004120189,0.09236326873736278,1.878155955203701e-10
2201,-8.893188349557926,-10.458952287961647,0.6108596948143116,1.526123513656629,467.1118426314957,0.895426796589228,1.886528436533741e-10
2202,-9.92281251966894,-9.63997949311084,1.2345659179480797,1.8343885696859796,439.13920956021997,0.2762182397608939,1.908319501274782e-10
2203,-9.822839282195842,-10.39094454276266,5.14971715225176,1.6276019566469662,383.979499322051,0.4929127707086254,1.9098788053077716e-10
2204,-9.432742752104007,-12.08615941309397,5.058434225569596,1.7580856467256811,417.2583073096062,0.11989033171041541,1.9159599796999676e-10
2205,-9.560592413052154,-10.173600129335696,1.1718200217361288,1.1454621032567684,295.1924491643867,0.9735683063384544,1.919384591959452e-10
2206,-9.385565413372106,-12.28415479414813,5.088551993236701,1.8533883326804763,467.4216182304539,0.23024725760982623,1.9269499270541086e-10
2207,-9.360064802630236,-11.920539457253982,5.158193285493915,0.6497388113395004,171.8711686788836,0.30210461370218855,1.9314600535488777e-10
2208,-9.759256285748034,-10.02102073290414,1.2545294833976173,1.0358437289594211,467.1582383027059,0.11981337714492035,1.9520342242378376e-10
2209,-9.907517477740093,-11.616390648783556,4.65251969791719,21.690484407461803,615.0210315247814,0.08519063198929455,1.9567499956559072e-10
2210,-9.529018459157188,-8.081269716813832,0.49628474199717193,4.578447714511928,551.4415462320029,0.155673682322786,1.9766958268321118e-10
2211,-9.820188309032744,-10.712064184148161,1.4385292613198144,1.2575009501464098,468.60627955348235,0.5774906731612903,1.9866484146131696e-10
2212,-9.660887076106784,-8.946565329312978,0.9156677350333343,1.1091223155934582,289.49970597956434,1.0959170048432743,2.004089580875898e-10
2213,-9.868127329513115,-11.16759869235866,4.787324495835339,4.601770046217937,293.0085030995588,0.2753244935416257,2.005482268509426e-10
2214,-9.77355914545235,-6.3675481908383205,0.4526364475788666,0.9578065842034245,370.1692122222215,0.7039619258796277,2.0100876244914305e-10
2215,-9.802713525641945,-5.847273121319756,0.44627415526684583,1.2150884811742122,300.49311174473115,0.49447218886580746,2.017220009406516e-10
2216,-9.442623089489652,-9.054722882310397,0.7707207405354899,1.0224030793728662,468.09792354276027,0.729554870924904,2.023004275733001e-10
2217,-9.518119401811353,-11.69368133436312,1.3510872660533428,1.7826619592614876,468.38229307761617,0.5777061365878566,2.0274431425346382e-10
2218,-9.852337550852894,-12.811929584511352,1.6221046702787916,1.6237671986819537,449.7518786196301,0.2508675746808171,2.0287513081756213e-10
2219,-9.889712480905827,-11.18146165742372,4.759895505015712,2.9379058200967823,481.1985891227829,0.603561677073924,2.031385997880664e-10
2220,-9.408929277580754,-12.514428190193383,5.029117240389426,1.7389422411242546,410.4168110388853,0.17610876883711502,2.0344842774282903e-10
2221,-9.472011495971403,-11.537131922627799,5.087037887509615,1.0371515585086604,279.64120774679526,1.4200450706581318,2.0356246545802e-10
2222,-8.391102223116931,-10.242242014769445,0.24716652176223797,2.386918178125057,445.4510411749514,1.877441944640883,2.043709223211927e-10
2223,-9.56488389491991,-12.82968017091842,4.838792861114579,1.1878954151977348,290.1240267697672,1.0951153294964122,2.044802158883111e-10
2224,-9.337865604856184,-12.955799407608442,5.077199848124448,1.5539544996753176,354.57979881616427,0.6451921369561697,2.0502654647516687e-10
2225,-8.553183699640982,-9.420910937061617,0.2512063014749795,1.0759618656891714,286.4172509747302,0.9146061049056913,2.0506053101851222e-10
2226,-9.7813445095749,-11.509805453305411,4.777311578386872,0.92205305794528,259.54665355240826,1.5887395080414874,2.0516917807083926e-10
2227,-8.516538908811693,-11.776783147524469,0.37832482001765405,2.1812337152011927,417.84587398570164,1.0690282898526426,2.0667956900687814e-10
2228,-9.869396872239886,-12.792414211596075,4.535001859358689,1.0154051431671272,236.98970667737166,0.46067990053634755,2.0688479936731001e-10
2229,-9.602126641471799,-12.158919882656992,4.853617155347904,0.6284379700112256,189.40151409989525,0.34900609286302586,2.0763737483544e-10
2230,-9.765325646071068,-10.81906904629052,4.985793522180517,1.6662670777852004,389.0966352832093,0.05179326974666676,2.076729843599087e-10
2231,-9.789386772764551,-10.400120096338895,5.154537835371306,0.7814329161033908,468.3358155840505,0.331331931602838,2.0832563503746217e-10
2232,-8.975999928049642,-12.750102992761947,0.9966101134722976,1.1196241315578805,284.23964062190396,1.5206247244544446,2.1033176586677146e-10
2233,-9.388057873502754,-11.577676624425036,5.162856571417207,0.6396628197578285,155.29434764635718,0.9008075899952344,2.1075035457744846e-10
2234,-9.262907166249315,-10.94353860934424,1.1031143662381322,1.414798499629246,321.9080082339613,0.10742246775921682,2.1098436487495682e-10
2235,-9.842619566769534,-12.692606288853511,4.559851885941254,0.7992672884458683,156.9308463542437,0.04718806223310956,2.1274833625710393e-10
2236,-9.118478410689644,-10.68209168295424,0.9802852628191561,0.9779979368016275,417.9084281202623,0.11596525900046917,2.138685797692428e-10
2237,-9.578099461997429,-10.608485148533491,1.2736951757979587,6.155471730383857,668.3016083278491,0.31634673979881445,2.146180699344662e-10
2238,-9.126394995182668,-12.252487709138455,1.087013681424546,0.6728796975755054,174.2408013237449,0.9139334872099498,2.1483304137435502e-10
2239,-8.747948226160497,-9.38984383520236,0.3195339563973955,1.0490118970210405,469.977321035717,0.22349047136319822,2.1552481342934993e-10
2240,-9.418301528578235,-12.676431317346497,4.991638705662439,14.294300754031367,329.2544647448013,0.36702017936650666,2.1580437211645828e-10
2241,-9.911630379866029,-10.565511058017702,4.9519771934078305,1.0736227818639439,467.710142156671,0.5579033134301126,2.162734149563646e-10
2242,-9.872725276656466,-10.035408267756742,1.3343296176194053,1.8289968505615728,437.9890634660501,0.20088448706133288,2.2008361511515187e-10
2243,-9.336737994626366,-9.255994125907185,0.7570906037944826,3.5794047724852427,537.5385120561027,0.7548601420265362,2.2028004899171174e-10
2244,-9.973463221688856,-12.67779958677398,4.4265299282222506,0.9658265309442916,466.30220732559155,0.12779085402215973,2.2122893400830741e-10
2245,-8.320185385785683,-9.171995939921057,0.19823135924842472,0.8452034353304559,207.3464133211006,0.9651107765869771,2.228814313639037e-10
2246,-9.558001434119612,-11.085553558229531,5.083035214922795,1.0072763668931295,274.2230087643545,1.756422262021398,2.2329830777452597e-10
2247,-9.666585828461159,-12.825956290628005,4.706089047963129,0.7482878869476987,215.53703671351914,0.8460083905814075,2.2875279199031074e-10
2248,-9.974222136978417,-10.17006817556062,1.429421401844962,1.4136646944923887,314.39350167668084,0.34876842422287524,2.2937078937254066e-10
2249,-8.22038835561637,-6.34125864720654,0.04170712032182785,0.71743719689716,172.25798347615145,1.1492725270119868,2.2940459685600547e-10
2250,-8.897171999103099,-11.141807002038082,0.8220653747782378,1.4130880406446622,278.25966539682236,0.06567214253240472,2.2950400967707092e-10
2251,-9.05189159145875,-9.899434922011912,0.6708844796077992,0.6735366786305257,136.7626728659864,0.5696892478539963,2.2950893507044534e-10
2252,-8.820551146496184,-12.310141025076978,0.8332204597810018,1.2926285050183222,288.2281318723399,0.0396480605126035,2.2978182391357826e-10
2253,-9.078255268024863,-10.710088938907688,0.9536532664878858,1.2974051703220488,468.13596938671026,0.3424393352206563,2.3241014620864061e-10
2254,-9.714501583241878,-12.510958400587308,1.5426759865757058,0.7987094398343215,146.80185215420767,0.17939509490289574,2.328609890713766e-10
2255,-9.058730954763096,-10.657406510621295,0.9318148566780606,2.4597887905439144,454.39519764015256,2.496164008134917,2.3459003077159355e-10
2256,-9.550675028963541,-7.804536758756451,0.4669257632656007,0.7665329443061907,178.72884885002114,1.1566427588936072,2.358369877724149e-10
2257,-9.83073559078489,-12.206397663956023,1.6105596011325745,3.2315967257511513,515.3397288196264,1.0800038086618926,2.358484250514518e-10
2258,-9.839918475267536,-9.983911637858814,1.308447482466064,1.8038901769746365,469.94885867599936,0.09055119347335783,2.3653080070667023e-10
2259,-9.846915787412753,-10.316033235628344,1.3962865069417645,0.9300590787066824,242.80398396027732,1.4823891947893886,2.3675273518092174e-10
2260,-9.39794421595601,-10.256256684387772,1.105112603523329,1.1300998263099722,295.75023943436565,0.867552642983382,2.382062500745731e-10
2261,-9.397256269803194,-11.827546547157343,1.2825666274842458,2.2003501520195305,426.27527666756765,0.536498940599281,2.3902002183912603e-10
2262,-9.943586093270332,-10.908112045987075,1.5635520315024118,7.766360943772355,567.598352703166,0.023924519026062185,2.413363639204078e-10
2263,-9.876527226260068,-10.725796953566793,4.882617394602051,3.7145709018972344,549.1585114453001,0.8952757504150233,2.4140154745839766e-10
2264,-9.173519326986217,-8.345782879218394,0.3674254132956001,1.1249235529336405,290.4907760272392,1.415080184032246,2.4322464758760777e-10
2265,-9.637143437508781,-12.50756778343966,4.739480925341698,1.0610968456417649,466.80663368288174,0.5748693899469233,2.4483927997109335e-10
2266,-9.887276562258402,-10.712756280010646,4.872785210852345,0.9823381101184284,192.6929893213854,0.7056681909033768,2.46879676991281e-10
2267,-9.941289868725052,-9.467143860840391,1.2051966493268966,0.9641266135655301,257.30268777497764,0.8154949826776399,2.469386292132612e-10
2268,-9.791744068399307,-12.737214981190293,4.565127943308249,0.838446198351208,191.0638062953711,0.4984833209103492,2.4782255432632264e-10
2269,-8.82287863515046,-5.0327745450515575,0.14247219036355027,1.7459517060664842,455.6787053906593,0.09240515536301785,2.485480905558137e-10
2270,-8.70517650806052,-12.8207084146862,0.6309953059676667,1.9954174535974052,399.24833533963937,1.1423079796929745,2.503107708559999e-10
2271,-9.804569138293333,-12.906813846871367,4.536952252324589,1.5493367801827398,187.5460970391083,0.44052430355415506,2.511996586982401e-10
2272,-9.97956223527582,-10.469826183414515,4.899660798209557,2.0386263298838645,407.7411087172675,1.450411431765052,2.5390677647772106e-10
2273,-9.48329400874488,-12.944417747662945,1.3956208290490781,1.0128430326631008,259.5383184133912,0.1556607338628755,2.5437248303838727e-10
2274,-9.570853177025445,-11.14147734428341,5.020580639236147,1.3815232540733966,332.67860471402383,0.26308831677786504,2.5498882851581875e-10
2275,-9.333716801276156,-11.896341347451983,5.122789271994533,1.2296134627827355,255.8204141637916,0.5075608439914401,2.551093950825268e-10
2276,-9.516528449083493,-10.80583889406784,5.189733709644768,1.1664505418650764,298.67884334705127,0.7865333659186264,2.55330860214328e-10
2277,-9.06001884152709,-10.439802402707437,0.8959473760649362,1.1382485335780301,230.71232581394418,1.0765716435416381,2.5796458215443765e-10
2278,-8.996035454825643,-10.367035344048107,0.7937859761116178,0.5115526070294034,128.20919087798003,0.667640669957315,2.5913682510621347e-10
2279,-9.931136618052678,-12.785240400120033,4.405045458533043,1.2427578221708921,311.0222803656573,0.49102250512635504,2.638939636546499e-10
2280,-9.07404074065877,-11.159061830117196,1.0094651303808149,1.164861959232381,281.907700206415,1.0712472550350443,2.6462240649016207e-10
2281,-9.003481964278954,-12.826369432692433,1.0293862167747008,0.8595864370780341,469.24809750389556,0.20542761420761568,2.6487602794166735e-10
2282,-9.254102270746548,-12.247323743270991,5.163556403194985,1.3633535406860215,316.9289662306034,0.7640216215115165,2.664262533056432e-10
2283,-9.813524840608721,-11.407660770997179,4.6930264890366775,0.5256214785456302,163.0702175924431,0.5530387872088234,2.739641332538523e-10
2284,-9.750513918569803,-12.245732689012073,1.5763069427365337,0.7457531570270166,468.36576571170474,0.32384328948198604,2.7531745818598826e-10
2285,-8.96436119388769,-11.700784846302614,0.9641989987029926,1.7808074787185955,423.9159248986818,0.4926564948626808,2.7568140880062766e-10
2286,-9.766285820026916,-12.356786570907348,1.5950214814485852,1.7599712951768294,468.36494062161,0.523190431920626,2.7704246822526626e-10
2287,-9.2767638158223,-9.08094763411994,0.6054031658157065,1.1642630457732082,272.37463311105336,0.11323632215345203,2.79448971397974e-10
2288,-9.978147451960089,-11.872419523345418,4.441967291114917,1.6880859802021686,395.99238664338645,0.6910847545597063,2.8029581074159963e-10
2289,-9.690019499372456,-6.945739396064548,0.4515248620506932,1.6837957152930418,468.73828569079734,0.4683403627285383,2.8186737021567824e-10
2290,-9.456596881888608,-10.985510301909192,1.2689905487696602,1.7277771466111373,407.5364899590614,0.4070336551913831,2.8318688970130367e-10
2291,-9.674047747389205,-10.919902068892094,4.957368486971316,1.228318584637388,310.09049714801773,0.6672581000070608,2.8481629540724753e-10
2292,-9.520575620964964,-11.01858047723764,1.3223924885671419,1.793898467138572,427.0612547238762,0.12687280060061656,2.8915199646197915e-10
2293,-9.307189923272395,-6.085304290569378,0.26009616816684034,0.5829988069043954,120.7137705182243,0.41035762346816096,2.8946516682138213e-10
2294,-9.970179241623146,-11.927597668780432,4.430781006603559,1.1477979019663644,296.86994370121835,0.7863723965051568,2.897111578166483e-10
2295,-9.946524012094418,-10.829582866331743,4.730141665210997,1.9285963325039834,392.3239024786549,1.27974451220331,2.897867033980533e-10
2296,-9.646588361441495,-10.154628223638626,1.254612964112872,0.7698237587509105,194.42724743925066,0.1512807534310454,2.9041210784054603e-10
2297,-9.72230744124323,-11.536807011062132,4.735652753964017,1.019079446110953,468.19074479153073,0.8714970117289598,2.924894855574164e-10
2298,-9.281849233302436,-11.698286460890525,5.181288624046059,1.8435186158687642,468.40712328925235,0.5391613183482349,2.927020148021397e-10
2299,-9.900756930876664,-11.269701720375288,4.627251578909816,1.1020479405423522,248.0208297035636,0.43574939307216454,2.9278467462309493e-10
2300,-6.914659882832258,-12.884212750464368,0.009629356282332503,0.932740215741545,245.48049646108467,0.25707623006166624,2.9400878283432433e-10
2301,-9.725619501891932,-10.606439965894396,1.406289455318977,0.6099560089949334,152.32667158893278,0.7937928202714346,2.9492386965236295e-10
2302,-9.91031244748252,-9.244773251097392,1.1347789059481115,0.9684342103801667,468.03538956665267,0.03159040078119357,2.949609399774963e-10
2303,-9.193516432096597,-7.954401820414316,0.3310302217961299,1.0524666315351903,283.4715489949564,1.6525317231923582,2.961210654210235e-10
2304,-9.311738889728723,-12.467992824240028,5.048401758938038,1.1846750462752655,300.41671752743764,1.8015283905283779,2.9738812831695664e-10
2305,-9.786635683606882,-11.292350346366682,4.721343931249097,3.9224317062949288,281.0092454300847,0.20272900598734545,2.998842287930559e-10
2306,-9.079811761731166,-10.366475614606767,0.9131734812369368,0.8887480488858541,188.74347171737685,0.10040267378909373,3.000048467065115e-10
2307,-9.789747271997333,-11.057450138326239,4.786681668329627,1.532643964015675,347.3311596571068,0.10992012700997833,3.0043367478413114e-10
2308,-9.848931181744199,-12.165279867212412,1.6550927025649835,3.1781775954510483,500.6730127885588,0.46220966439169064,3.0229736317813654e-10
2309,-9.815246595881687,-12.85713403319368,1.6580576359969201,4.0098691588950555,552.3468242176133,0.3123889672007367,3.0281902165474413e-10
2310,-9.918981804022293,-9.525488640268103,1.233426726117233,1.4505442002085012,324.29411812880295,0.11308720439778952,3.0354532738703925e-10
2311,-9.507770449760324,-12.767632698285862,4.803525874721827,5.91695147521534,368.710130547395,0.18937831106639802,3.050743060041215e-10
2312,-9.415987610519528,-12.09078215255969,4.961127295554625,1.1859005794492006,469.77931264466883,0.1694030159644555,3.056408757666579e-10
2313,-9.701291158715788,-11.482467449883654,4.753777243521749,1.0348505682837055,282.3815401858086,1.2089245901430772,3.062892173373528e-10
2314,-7.8605684521798445,-10.585874196459837,0.13756750136271015,2.6620839524537425,463.20953534265715,0.890305955603016,3.066022778412519e-10
2315,-9.943677305799307,-12.333045772696236,4.386370094176314,1.3143775740396106,158.613476541131,0.29696583832430345,3.073568878975912e-10
2316,-9.864175147555272,-12.173086308060256,4.481952340771352,1.4591134545401245,334.10442876339425,0.5458730291634106,3.075366486048727e-10
2317,-8.42725365365142,-11.660433407577353,0.3250678409558794,0.9945831773577604,275.17045261565414,1.5367963213806854,3.0899619028681e-10
2318,-9.368522315103874,-10.413356961364215,1.128255387549853,1.0351250017862597,264.9731611197102,0.7908889609997853,3.0948712641710747e-10
2319,-9.93349382988076,-10.406108628967083,4.917922448170291,1.0569863902342953,327.95399641361354,0.4012669584533839,3.09725919120516e-10
2320,-9.47006919525325,-12.820339441721353,4.835446531561283,1.0680945351051263,466.47234021011724,0.8810058324965482,3.1079718973976623e-10
2321,-9.765280634708372,-7.042125424193037,0.5005612415941597,0.949368399622254,187.19485219762464,0.24477007423163233,3.114251256809655e-10
2322,-8.72251034953603,-12.57573452384287,0.673762960211574,1.8489432467259859,443.5022346089506,0.3148886443358654,3.1363532430087726e-10
2323,-9.82655293307599,-10.666516193188645,4.883646387819252,1.1290592140561286,293.69797789400127,1.2445178781247206,3.152816872735011e-10
2324,-9.769284870963691,-12.41329442338779,1.6176645568965067,0.8497578990997418,242.3090713958292,1.1632397500090699,3.163189335643768e-10
2325,-9.905651360474145,-10.829413265770693,1.564596693540729,1.2907436996402726,313.83257456763425,1.5636674834512396,3.178269909719585e-10
2326,-9.098265360446883,-10.928130188458454,1.0154623421891218,1.5853700553911272,368.096056244978,0.1170375798948795,3.190356310633281e-10
2327,-9.386791074682886,-11.852559711958094,5.0132528086723935,1.1761645120370534,304.39806460439064,0.6857454396829992,3.206173743895659e-10
2328,-8.60943007312548,-11.137690089809762,0.42414852759061555,1.7702185700069586,468.2577329801194,0.4292633520013558,3.2110123251155656e-10
2329,-9.975541579660868,-9.65995526576161,1.3115565847233812,1.4595008703151107,334.59463906125575,0.24785630303356676,3.2217140858491127e-10
2330,-9.556360761384868,-11.254791722874153,4.945371803364663,0.6885943658941276,467.7504919214887,0.4719804585022027,3.234328702652214e-10
2331,-9.427554573572893,-12.493052199977393,4.893467666038385,1.5337362369936849,342.79478143247223,1.173185265185272,3.237731608511512e-10
2332,-9.838949967591896,-11.991165008589702,1.6498801177723872,1.8398248505989807,467.9789064399102,0.2568638485178898,3.238136504143064e-10
2333,-9.672704767542958,-12.630735707637333,1.5596444479663107,1.6999817159571384,468.1868784807904,0.07539186883041005,3.243157439640004e-10
2334,-9.395996567897544,-11.103402105806213,5.159769931211139,0.6840865712684501,138.10291161278278,0.7575618199803822,3.2577672678205907e-10
2335,-9.919582196306445,-11.620670909435665,1.6753764809174518,1.7579580793204606,414.04902548564945,0.15731508598870292,3.2736733395720514e-10
2336,-9.805709631850661,-8.805360149865251,0.9773077147593707,1.049882223314411,140.1676526745184,0.2732552503514265,3.279758119677119e-10
2337,-8.862194411735283,-10.905275769130943,0.732261301006349,0.9099057690735107,468.33017485027113,0.5680983754628111,3.2871792746869406e-10
2338,-9.879146367067118,-11.505435314904132,1.6396149301586662,0.8743268593480122,468.08444676572947,0.7219492221167991,3.2944363755781266e-10
2339,-9.676144069133722,-11.525234164894044,4.7504998908878555,0.8469708703517799,219.33267120598003,0.9135266462879645,3.301169482683809e-10
2340,-9.48383182121198,-11.800792328969127,4.905998076655299,1.1913016513612482,248.24202776585864,0.03518427154254056,3.305432718888106e-10
2341,-9.31531556729219,-9.650192947094336,0.9382348948620343,1.014378902986349,467.7531007259487,0.4896354718281186,3.3081956216374613e-10
2342,-9.768721592812598,-10.761194402335242,4.885242454451045,1.674046579964547,363.3910740482094,1.5618176753004747,3.315886357491874e-10
2343,-9.69255190934779,-10.160861499146295,1.3030112845920088,1.8600476027963049,469.7371831695984,0.061055144433688646,3.3402418292009765e-10
2344,-8.49117885295485,-11.441573024810495,0.35738501208363804,1.1017327396105987,468.0103339476826,0.8577496908538231,3.341685201398896e-10
2345,-9.487425786793697,-12.073409991456419,1.4017196263788758,1.8843013571584994,391.9279578451857,2.063914920423467,3.3584876529101146e-10
2346,-9.842072409394268,-11.905925764811785,1.6526170285767676,1.1260991311030693,271.4222581507639,1.3386025383728963,3.362125600665497e-10
2347,-9.919499048931323,-12.801115486525743,1.7413555166570756,1.2019653463672009,467.5116217510183,0.2360876953556259,3.3680407046654015e-10
2348,-9.832747927967684,-7.062730962063994,0.543213800726945,9.858832555800053,340.9935854013928,0.2582789305833968,3.375220846398814e-10
2349,-9.547679438086583,-10.64866733818577,5.145958317128458,1.6108903702996678,371.0466321112117,0.6658100803246159,3.431476200880536e-10
2350,-9.383473836022683,-11.287395899174614,1.2637911142032314,0.9414799918383616,468.0302943713153,0.030136209845625928,3.4320262329261694e-10
2351,-9.45888217503951,-7.686400651821642,0.4109416247752859,1.2499848665109792,312.583665794403,0.43367774034123396,3.446818501694934e-10
2352,-9.678378776023731,-10.581147537384494,5.040915373888762,0.8957775801852584,467.95224327896307,0.07415709077773602,3.45376662586672e-10
2353,-9.916570735950605,-12.695931665749901,1.7399578004449363,0.9625000367804861,468.8943901665536,0.10226575428482221,3.457411239206806e-10
2354,-9.48361796643559,-8.08574488567332,0.48839580912271824,1.8505052521749354,444.0189402089631,0.206235096276294,3.4597779035490536e-10
2355,-9.622432320521497,-12.634752650538847,1.5320186918265777,1.2335363458622286,312.87761987883397,1.5163150840776307,3.4778101139406125e-10
2356,-9.287131230788653,-12.533755579267012,5.034352470501078,1.6307843543090828,379.2411503917275,0.3798723914902782,3.4794624201844314e-10
2357,-9.95399030196541,-11.506425556617591,4.470359370819319,0.5366442689912412,155.15464805517362,1.0984596076423276,3.4825010515994805e-10
2358,-9.737159722162522,-7.983105956723876,0.63018502709888,0.6310238575086323,149.51969981625558,0.11143018436805807,3.507468120259811e-10
2359,-8.777815790936959,-8.79833058968432,0.2843325602188626,0.5467605160822671,115.5138093101638,0.5841136845091048,3.5223739998554643e-10
2360,-9.28621270544444,-11.521024444477092,1.2084440186297731,1.8868418616691842,454.2723654217071,0.4685092417128862,3.5447948728792996e-10
2361,-9.758602538739511,-10.867396614127781,1.49516389065809,0.9590509872150119,241.1256525572292,1.1568341509931237,3.5597701297882133e-10
2362,-9.834389317824552,-11.167148216563435,4.664376038803349,5.270462195780584,637.7081951376198,0.6935832782723956,3.5611435951144605e-10
2363,-9.271203457254012,-10.562917531398313,1.0983655523191862,1.1053818099791355,467.7866925250884,0.9161422760981761,3.568584881510751e-10
2364,-9.536197524600231,-9.234203590974271,0.9690256047051853,1.7275488050908447,467.82487422929466,0.23494286702266098,3.576226267689488e-10
2365,-9.734245252582264,-12.882842045103496,1.6254821072721433,1.1649596587650293,267.801878875835,0.8973734725012124,3.5960733097494967e-10
2366,-9.758803043847763,-10.368128909266535,5.060521228746645,3.2467383637114597,508.54823096882853,0.6495251363375347,3.598070246335031e-10
2367,-9.722114139416442,-12.693913959306958,1.6137659686068968,0.5304906875057149,135.8131894982828,1.0724737332868441,3.6058384970710175e-10
2368,-9.653315831336114,-12.977084126008238,4.58903245264402,1.9880973651796123,398.23519941399087,1.2086636528830432,3.6171144690558173e-10
2369,-9.988055462420446,-12.333648391584964,4.295048905588855,2.740369655444897,461.28895611162335,0.5772569042176539,3.632525769450721e-10
2370,-9.289856991134567,-11.826905826099745,1.238823178530564,1.8619253181513036,385.6018366530509,1.3239648974449922,3.64451138913885e-10
2371,-9.892452758116667,-11.206242122374313,4.590610726358949,1.5307732349488974,413.600347937729,0.26423245216519664,3.65493295618113e-10
2372,-8.854911827941098,-5.347158130361717,0.15679814017189656,1.0839617118706215,283.5135951162489,0.560011877111191,3.6559591031115995e-10
2373,-9.278560653813505,-11.717700009481174,5.123887601675771,1.8899742117765397,387.94564754923624,1.301440870406247,3.6784735288296903e-10
2374,-9.48262015734049,-11.51193411196053,4.928382068295257,1.8323147812064962,375.05772242231427,0.8964974335551688,3.7261856845374957e-10
2375,-9.704195070643022,-10.169901311649264,1.3198215066860597,1.1755649564684003,299.13814704042693,0.4482563309318879,3.729123243252957e-10
2376,-9.915373724669262,-11.45092019233993,4.498204398663593,1.0450274177276184,241.61239720996943,0.388966922037949,3.7315881317786455e-10
2377,-9.430829641245053,-12.90854364572263,1.3978939930001224,1.2323991859082173,266.4368758188387,0.9825559839966784,3.771932856947235e-10
2378,-9.82347836851394,-11.122803174426016,1.5786256613926137,1.0498454794985312,162.58736735135074,0.21676690619650163,3.778015360838943e-10
2379,-9.947515624677244,-10.445077161730271,4.829193453826675,0.6584578753202847,193.25636822361952,0.35338375716777204,3.8331991937998815e-10
2380,-8.15813175130141,-10.899731783961554,0.20239414246594836,1.0681553968306956,467.8283837569508,0.34634934442828236,3.840096987258064e-10
2381,-9.175031113645929,-12.050450860815474,5.189800379287255,0.9201487623121861,467.97842886000774,0.07398143438040972,3.84364483623553e-10
2382,-9.661898213159192,-12.942683260446916,4.561432694307995,1.8622503898145593,447.0478290763155,0.3021222597579154,3.869486392297502e-10
2383,-8.92712938459087,-9.639858411047538,0.4710016776178874,1.6676272519686746,468.4075055297191,0.5393347447378414,3.8722862945298765e-10
2384,-9.360950241349773,-12.34402307805903,4.936478361543312,1.9542048720878085,203.39900513263487,0.44015609736786043,3.887504407109002e-10
2385,-9.999877905992449,-10.425059401039018,4.791881832967681,1.3760645133761187,330.64795191925367,1.284584391938285,3.8884200889890373e-10
2386,-9.766684474921988,-11.76626756185133,4.5713117738320275,1.848175331570492,387.98958960286956,2.1375189905733265,3.893879407842981e-10
2387,-9.267682005641113,-12.009114314143089,5.0778966986165734,1.0029377312678056,204.20063125196475,0.03117222899627503,3.917344493113833e-10
2388,-8.72963085880361,-12.289271692612704,0.6970750931108585,0.8981750684450595,175.3792181057395,0.035747799452125584,3.9414828650638284e-10
2389,-9.894165680058729,-10.93408510494331,4.654425227777792,1.2273030376291914,305.36717711344687,0.6184119278630256,3.950763150860169e-10
2390,-9.54902206303314,-12.151380680079997,4.740583752254099,1.8195697095905878,434.7165868320849,0.31071028897694397,3.9608078377032935e-10
2391,-9.947105316253202,-11.2329287523794,4.50525730259835,1.8514764045146141,442.6628482820209,0.5640909046256848,3.9834657256478795e-10
2392,-9.858363678435051,-12.334189892804542,4.391476574727943,1.5111435399437168,347.7127882541514,0.10144914353354029,4.001655687986155e-10
2393,-9.421552605288058,-11.979704253397749,4.898964272804891,2.7254583914055774,474.5705927367083,1.3656128529349942,4.0122574626148847e-10
2394,-9.430592220795543,-12.965308845441958,1.4075327207862407,0.984480400368117,261.78369932976517,1.3413963778503337,4.023716371417853e-10
2395,-9.451178341985973,-6.8754080076154205,0.348040499450325,1.208208923656816,303.1106804134023,1.0350382860529033,4.060829160314776e-10
2396,-9.760332246765513,-11.767202063233523,4.562623717004208,0.7307056400449695,147.25350082149671,0.0928114979325727,4.083742337567356e-10
2397,-9.262593161932585,-11.797313593938128,5.1026302165836785,1.8771574906901354,469.45517877348794,0.0027899009343004266,4.131439235639772e-10
2398,-9.994738546377196,-10.707630647094051,4.639877855366572,1.1332404441218504,290.6579232162414,1.0898981453410554,4.1425668510401165e-10
2399,-9.23458507073796,-12.94402163345866,5.025112861381855,2.8394976533354277,476.78696669022554,0.748241529687272,4.1499908234276937e-10
2400,-7.440107981026739,-9.407914517139044,0.034616171388645256,0.9789006026580741,146.16165230676293,0.2301637552756457,4.150739676621147e-10
2401,-9.9429896167844,-12.610109799812665,1.7934553093713632,2.6943527076251397,459.81293201083,0.6469164121454378,4.1893328688086357e-10
2402,-9.4291902706069,-12.43402580643283,4.831178709717352,0.7652788803041423,155.84902265904114,0.8199752239592488,4.2005622662613015e-10
2403,-9.828438480505351,-9.37538814974779,1.1630087143022285,0.6427116829316033,139.88502416833327,0.24031000663743018,4.204224060908305e-10
2404,-7.770325455415755,-10.792089250519874,0.13230304344673782,0.8421351876339476,468.9048250428329,0.49911476615939687,4.206660781831286e-10
2405,-9.855249349500305,-12.116906686661006,4.40245857376427,0.557213781420173,118.37581515485543,0.09266285270914754,4.2357159380315856e-10
2406,-9.8923661789508,-12.321535395862506,1.7453689197246003,1.7189677781008823,407.13215300953107,0.945786567995464,4.307206390784713e-10
2407,-7.688611294383115,-11.171467682937811,0.12191529214397256,1.201688455113015,467.2669462119203,0.2937287153574095,4.3099608296603457e-10
2408,-7.186957232584929,-12.645962948357855,0.042308718954858666,8.908306706855345,404.2340863373746,0.22141006917625727,4.3344361921847454e-10
2409,-9.889569918521836,-12.853839713302827,4.294757949291912,3.101727614106423,507.61852662139944,1.5005893505475152,4.336794726575779e-10
2410,-9.365277869523517,-12.193736968586096,4.914938616720921,0.8211516198825644,469.86572692931844,0.15577283046233426,4.3513595214950566e-10
2411,-8.95861111281019,-10.682323602435789,0.8732422615383519,1.0866707395324937,243.64134592108613,0.16542210269433166,4.3792305431676296e-10
2412,-9.761009766221314,-12.794981143168743,4.426495953368225,1.3237963668653443,162.25624747239104,0.39496069402626777,4.413224351006641e-10
2413,-9.862644524016739,-12.297480572281877,4.364500757075755,1.8140082337047487,467.69865160689693,0.4485768547705691,4.41842291444902e-10
2414,-8.757924324496194,-7.367336913430557,0.1904595681312368,2.5944243283100588,464.4663823136527,1.6798655958861728,4.425980964425598e-10
2415,-9.325536889000016,-12.623555312098093,1.3184485423248895,0.9566368402940338,256.97637117366276,1.3945808859430562,4.4343537399637793e-10
2416,-9.140432476200207,-12.24715054956501,5.174993502873786,1.0265203937187977,269.2352941780636,0.34494241494464717,4.4368785654425144e-10
2417,-9.582373447268948,-12.5453241088419,4.634865859431653,1.4065046121246316,469.9562836759472,0.03405784434198189,4.480572890304905e-10
2418,-9.184337143346884,-9.903630477105319,0.9214243067575001,1.6195652643933578,259.30860014072755,0.0028330821033826226,4.508842381471898e-10
2419,-9.930259713236879,-11.497577906223064,4.414492854071594,0.9881101231872446,265.0391465349507,0.9014792145988615,4.5440287058807797e-10
2420,-9.52626154822672,-10.297378370780358,1.2486981118378142,1.219548779074486,272.6005861743529,0.09167418564326546,4.5870446016554106e-10
2421,-9.97275015012264,-11.310931894792278,1.7285912410258166,1.5845504764593272,338.28733888814486,0.21941697953167516,4.594045278021107e-10
2422,-9.503858478979142,-12.17642913117234,4.746890532924639,1.6560132987343268,389.7882659123651,0.6018559190583126,4.624332842209792e-10
2423,-9.871964997572107,-7.129422135819752,0.5805816747926007,0.7935811510746783,468.7615997193482,0.11671522267141121,4.657018457777002e-10
2424,-9.960891776522686,-12.308227738402957,1.8104404014011863,0.859584674505499,235.5090086146026,0.2905407076246673,4.679680629621419e-10
2425,-9.172738479234717,-11.93207561314041,5.158463909932543,1.0097421351930411,276.94957797481743,1.7090517238252723,4.680456582822881e-10
2426,-9.859117888932632,-11.357059790948355,1.6634733614726847,0.8552273669908104,466.93277620103163,0.5174529821691642,4.682325319671159e-10
2427,-9.618110271587534,-12.402683008649792,1.5610553815411123,1.1912490514139387,208.91721378780915,0.09878389659556586,4.698663636150827e-10
2428,-9.596259819255303,-11.066617764311221,4.861332549325152,1.3415587519956764,317.658468089784,1.1298435165481218,4.699560139075422e-10
2429,-9.42579586780418,-11.609375721943836,1.3631866811245097,1.1808867980610598,241.09175475576953,0.9382246010941753,4.714376918004431e-10
2430,-9.814601491945428,-10.514076412159662,4.8613892849000235,1.6334795701347447,470.4697115288942,0.016287023229181408,4.717610214997255e-10
2431,-9.110491450887746,-12.553409868141983,5.168374039152983,1.048507526666162,272.8473268524371,1.3982826890992497,4.742206522128362e-10
2432,-9.62790391215396,-11.920883641562579,4.63373509710421,1.1375233164350793,291.8788319166512,1.1843910138862315,4.806051018067765e-10
2433,-9.217211451307392,-12.257556674454497,1.22080242553709,1.3431521988352735,325.93855965682394,0.26853780877844624,4.809761629024725e-10
2434,-9.407466175768537,-11.027913418464665,1.2906760758547164,0.9459324538550242,231.19301044355802,0.4072479848175439,4.815976851009395e-10
2435,-9.89422786406252,-12.033742419575571,4.335754627344926,1.6607727749945391,468.0279667284429,0.38068824860944606,4.857772615818678e-10
2436,-9.352753658402461,-9.975867125969883,1.0690713227293138,1.032120211967388,255.84742361420174,1.2730640151963035,4.872104524193474e-10
2437,-9.148638105433136,-12.299768867617669,5.133394008500499,0.9593718592695685,269.08643530358506,1.8433520735192959,4.882891205926561e-10
2438,-9.944051740735357,-12.239369317822298,1.8033004182191221,2.5353950935949694,460.3301786249803,2.0482971381359745,4.900447249852941e-10
2439,-9.313905882168772,-9.184331912643692,0.7407335751018282,1.3197545278579845,318.78079288963636,1.809756036566947,4.926710988696736e-10
2440,-9.209555244576197,-6.137130977564912,0.24000885877511577,1.2086817343065075,302.64352183290936,0.9311878376468572,4.935750346185164e-10
2441,-9.695493509971579,-10.575413419771039,1.4387953053640743,2.7022302646191405,476.2776847870849,2.299508857974767,4.938490621634308e-10
2442,-9.950763543302697,-12.785779750830525,4.196207613386397,0.8507552767726374,468.4068723497839,0.528462042259914,4.957267270796532e-10
2443,-9.996038483422224,-12.112621617545248,1.8308723714027257,1.181179711460272,285.22984697262586,0.3056596041334849,4.961443595580513e-10
2444,-8.730680673959856,-11.788496562555963,0.6570262363985889,1.8580647038177172,468.34402044582055,0.5451643462197602,4.978933741551427e-10
2445,-9.213373661707877,-12.446237543528994,5.0376184260494465,1.0861115736071696,235.50504657854418,0.6439490445121256,5.005905299232297e-10
2446,-9.765994640621734,-12.703770485625148,4.388061163571709,1.6425923399531717,381.4435995564359,0.6325633145781708,5.012525124707813e-10
2447,-9.421001932139035,-10.803740059334086,5.123362176089116,1.2255567987918157,307.9650198115641,0.6389674247435222,5.020887142938943e-10
2448,-8.884683686318878,-10.979897007504217,0.8415471013039219,3.7747157098259767,545.3376638724411,0.5469637051996932,5.026893211177198e-10
2449,-9.871269303904965,-10.456178946270548,4.817767486952037,0.8245510821535571,219.58846815228452,0.8307172996002903,5.045199890666962e-10
2450,-9.839017011221289,-11.733972620424293,4.425616144895767,0.7946311045118333,468.71290759492865,0.11684517704272945,5.049127231994492e-10
2451,-9.710745274375576,-11.025798372723294,4.733025821445065,1.6541717530408264,387.34715126194436,0.11151918167781272,5.051584293328482e-10
2452,-9.291151705933864,-11.267603456015976,1.225994891380473,1.0660737987727062,209.94890809061565,0.49739631509308957,5.063354569080513e-10
2453,-9.477468878489729,-12.258251421719546,1.4504714775149559,1.0212041352772652,467.7096802573605,0.6154579627800176,5.071046386298643e-10
2454,-9.82051483320388,-12.180723357179923,4.37567081703063,1.6107727302873056,470.1813965949316,0.08917627224328584,5.071481702380265e-10
2455,-9.698143527459127,-11.047317150829004,4.736123514601895,1.9032302455641352,469.0206666685019,0.5307370627133903,5.105307272462131e-10
2456,-9.952344719184879,-5.642352895639667,0.5474065183678184,0.5064274066484679,132.2076892188682,1.1676507051380254,5.117665615572389e-10
2457,-9.975779946645389,-11.608424832159317,4.308488381086633,1.2012769175697218,300.40076047136364,1.467237128580293,5.123324743686819e-10
2458,-9.577400903969734,-10.373431754230056,1.3143746378865817,0.7279213513075821,206.6493531650701,0.2124945181190041,5.128324301263311e-10
2459,-9.420982768814255,-10.561141504864725,1.2373880320546566,1.1430347212279008,294.17151525473446,1.4009244841747668,5.133152158121032e-10
2460,-9.657689570541548,-11.984870305422595,1.581989838422527,0.8479211013093508,245.0874407590664,1.5386390696030308,5.151013022146087e-10
2461,-8.725855690652656,-12.568049006884708,0.745259101453742,2.3297593333176616,440.930388729905,2.187368646945812,5.163081888526884e-10
2462,-9.705583663069815,-11.583818469406074,1.5898216910023975,1.5321430348337755,363.44992871243977,0.3651328113380563,5.16545019108131e-10
2463,-9.53746761387087,-12.548082123817315,1.5152682555228116,1.4798936640202298,341.06089990853377,1.9923787614054627,5.182606746488907e-10
2464,-9.639185170398871,-12.028636041464127,4.584801345805613,1.0667411149933697,466.80516555384344,0.896050170671919,5.196865163546524e-10
2465,-9.209886525296904,-11.40841153427821,1.1762583904522443,1.052159336521836,213.29046642187598,0.07261574185969355,5.199013157937652e-10
2466,-8.858045603628218,-12.633272056300642,0.9478148219163276,1.0134680337549897,276.76261270557336,0.623159420976438,5.211685695289443e-10
2467,-9.927875883741379,-11.79680362241752,1.7704005140013315,1.885170141968436,468.3889484243327,0.40724312116827655,5.233503736444699e-10
2468,-9.747644870048882,-11.819294196557857,4.492300704562004,1.6990701924843843,372.0205383393706,0.7635475487833352,5.290456794516204e-10
2469,-9.417555308656024,-11.067211661757408,5.022917445463585,1.7531422482024834,412.7577807135122,0.1274643147037926,5.291607720897788e-10
2470,-8.521100948029744,-12.685135269397614,0.43266735457118294,1.1276356788633077,290.6622732602396,1.32970550336064,5.297394931093501e-10
2471,-9.740957895422987,-10.31146175585685,5.007940486099887,4.517839159209855,481.6363336905154,0.04477056205197716,5.329721245627739e-10
2472,-9.825882563744136,-8.242667077634088,0.8144616687185336,2.29965195446672,437.91990153031946,2.243224911423468,5.3521209975208e-10
2473,-9.933501690684487,-12.180464102348171,4.246045967611367,1.7042740707934416,364.62403890629565,1.170516035147286,5.356772162331918e-10
2474,-9.572114887176603,-12.478541211451438,4.6015629263738225,1.1264364664889033,234.9836853898756,0.8031539260565284,5.373598516137768e-10
2475,-9.989763731315561,-11.662834715577231,1.8086803864538405,1.4002964830488966,323.79956861504564,0.2080024492415431,5.38630289321181e-10
2476,-9.907799190067147,-12.26378319426298,1.7978076537493168,2.6006700065917188,458.009789710977,0.9157351769969679,5.446224179253339e-10
2477,-9.552544744594812,-11.961390963515802,1.5084656090540676,0.8332389409620032,218.57703712041547,0.6746627372128371,5.491550035791943e-10
2478,-9.743786859398519,-10.869661835525317,4.730699939021485,1.5037567405659795,459.10076369124204,0.4260322613175367,5.495899499321151e-10
2479,-9.611802290097646,-11.626348130970865,1.5326852110229336,26.063396790494714,893.5578180277593,0.23104519022690884,5.543360204802699e-10
2480,-9.623360414786227,-12.273860795202395,1.5814229253274148,0.9661813164137191,463.530337740036,0.41788584794546946,5.558648686265723e-10
2481,-9.769377652943348,-10.96173037928282,4.669674882697755,1.4100611667187881,437.5563269251407,0.7047454803939326,5.564798051925762e-10
2482,-9.720490403392242,-10.291874504529206,5.026530350912612,0.915512255315428,467.36744814236886,0.06814714892365448,5.569492465483094e-10
2483,-8.94116580603529,-6.722086997179909,0.19616343019984198,1.7194042604638549,468.45976407406346,0.2622140976468632,5.579930033791284e-10
2484,-9.672960309341404,-11.683456585540647,4.581695574148249,1.8099939441450354,451.94185363323095,0.08349001178327597,5.585596799472339e-10
2485,-9.799280043517994,-10.57579532661808,4.7988295694021,0.7348033793566927,467.6062258978848,0.3049869181452678,5.586251039974219e-10
2486,-9.578337020919564,-10.63749753253152,1.3789498649858523,1.090105309203542,468.23244593312984,0.6862637679219619,5.591885215077883e-10
2487,-9.390440904558368,-11.003601209745785,5.059783601721462,0.8126842372595406,192.38988212561773,0.2787629923296544,5.601652742006105e-10
2488,-9.362258534867388,-11.108414382393844,1.2769725146818474,1.902603171036898,468.1873235525831,0.38252084490287697,5.603274414289951e-10
2489,-9.573609632890879,-10.94559046925456,1.4288097715865373,1.789030915942412,468.52594903366423,0.46484035720274264,5.614360267924451e-10
2490,-9.883309529734762,-9.880538693474195,5.152533128598797,3.691024308635856,493.04246011123894,0.1783558650234225,5.629814814769971e-10
2491,-8.910088918158628,-10.645857995070994,0.8086959818619731,1.8332490778028168,468.3885795955211,0.46334879359535197,5.632083979307183e-10
2492,-8.771546268968057,-10.937481495653726,0.6018153075101268,0.9966717575069902,268.10384207797784,0.6782639600881089,5.651722745394267e-10
2493,-9.706889816381443,-10.496317940430291,4.922664143467829,1.5410532159763246,467.908645547047,0.5447470525598215,5.687422776196591e-10
2494,-9.58013563903162,-9.772389211072333,1.1713983167350326,1.0689365639475341,285.56023908633114,1.7641790619244295,5.74047824710058e-10
2495,-9.652217111254418,-12.27233954984933,4.511184476555882,0.7127669402266529,468.1808287483071,0.3611432928851537,5.745879973983345e-10
2496,-8.602388761940881,-12.008524418251888,0.4900183266924316,1.751554867939467,415.1514355438643,0.25419615001987417,5.756018018350038e-10
2497,-9.902597953955441,-9.923430623844192,5.09671844337091,0.9547175437823339,186.4726496219186,0.07732775551687165,5.774178102956244e-10
2498,-9.829441680003528,-9.817364112387724,1.3411089477141602,0.9752439427910153,197.6361067298025,0.8883213226537476,5.781682252846968e-10
2499,-9.868353763442428,-10.612382807491748,1.5804538937445984,3.6893826252304143,538.9493566504209,0.5323631902051611,5.783877316042366e-10
2500,-9.85618707467541,-10.627904836459823,4.708862417009236,0.6713078568426097,136.4388090922262,0.0005659554364809694,5.798663081376072e-10
2501,-9.408508400692293,-6.991013148250343,0.34635355677083673,1.0954946340661864,467.01829002607417,0.6320760975542319,5.814198195712334e-10
2502,-9.69336914746195,-10.235422628253477,5.075198874796733,1.0561450022818275,226.39283590684963,0.4026249627343548,5.814922217917422e-10
2503,-9.65633401117498,-8.207273776440669,0.6521688822409226,0.7200300085680791,147.8965378901104,0.012312772338650468,5.822745538100934e-10
2504,-9.6270592903293,-11.64382082941996,4.626682600670936,1.6402901673100745,382.8055197038663,0.058805938222167065,5.833078279454984e-10
2505,-9.005424865360428,-12.577432589295668,1.0767299309651892,1.869767918284742,467.54778298820656,0.03719141652891533,5.846048803777121e-10
2506,-9.885249077578308,-9.596901177717331,1.3004887543485197,1.364849748428566,296.66419624509894,0.07542415005313696,5.846827440296269e-10
2507,-9.161211233973768,-12.893408363182038,5.031401901026947,1.0016340939568444,204.59338443884502,0.12890127869476853,5.866969235056678e-10
2508,-9.77380686028433,-10.008163179365996,5.145176479622269,1.8092411733544238,383.04720053176663,1.8571970826947455,5.896347310292783e-10
2509,-9.94574871304283,-11.611901065616625,1.7925075966693804,0.6107107761535786,181.36047414463428,0.3576958605499483,5.930982334103556e-10
2510,-9.367383061803642,-10.230506091957444,1.141562922526546,0.9062432038127698,467.9794083533581,0.35851758011491874,5.950553893395286e-10
2511,-9.016607784892633,-12.57283600773768,1.0862143712050059,2.06525116560779,403.28377108609465,0.9100052052273897,5.956394916888657e-10
2512,-9.578644485388242,-8.144396202996992,0.5736587592420421,1.1937887706001864,130.66107889794873,0.3322231125740691,5.960752282273832e-10
2513,-9.557962987518364,-12.317749382939143,4.603120954842133,1.8690911807714505,467.76381873741275,0.2621610289037113,5.964664730135045e-10
2514,-9.037010686577341,-11.956266331695932,1.0820793369933859,1.2110042349989285,267.8393887248445,0.09320381743377215,5.976694961034199e-10
2515,-9.16328370010441,-9.779405166624512,0.8736009454060449,1.097572313332751,467.8176179220147,0.9412445347196474,5.984882237080139e-10
2516,-9.881888969293097,-10.848828633776098,1.6422215580381925,1.544420116208644,349.4957564275679,1.7565233264226503,5.987030185765511e-10
2517,-8.744484214824835,-11.837273483070003,0.7257004643276428,10.163423524726307,724.8594335304695,0.17644930443653273,6.012276225288372e-10
2518,-7.268862328254093,-11.95283386623581,0.05268610602058826,1.16273850357697,296.6075155572162,0.7072514900448397,6.027360491592e-10
2519,-9.50238326300449,-10.759992609826124,5.003292426517348,0.7972043357630585,170.8331539159461,1.1757328806340643,6.056407141554569e-10
2520,-9.6104910664722,-12.796089669895037,4.498281566989356,2.059762181672452,410.5603046482287,1.7033589844948178,6.071165213215666e-10
2521,-8.529135670910586,-11.685992202924659,0.4097437884816986,2.5062932664299478,437.3008185721389,0.4126075594733978,6.11100629245295e-10
2522,-9.960589389146204,-10.770161261487273,1.6826066284094408,1.1419611723379979,268.8117239538682,1.0912258368203647,6.120056239223326e-10
2523,-9.334536505848476,-11.764959175731969,1.3230093634778084,1.2231813434251209,233.2841399895759,0.02708939249406317,6.164773584597291e-10
2524,-8.885373174855376,-11.222109474035108,0.8982627498786822,0.836857114507069,469.8754085481714,0.07492833811758981,6.170206465163187e-10
2525,-9.562078190968306,-12.553762914309406,1.5589321071204496,1.7137208827028099,405.05166410637077,0.4104879859929893,6.196996407508512e-10
2526,-9.938583330235328,-9.78762068591018,1.4036801034879294,1.6014648406880556,469.42300164859046,0.046938527245750095,6.203320540269887e-10
2527,-9.830898612665468,-8.931119992956873,1.0614173908209554,1.2525078867270254,286.49391836374576,0.1204896610328916,6.207135667183265e-10
2528,-8.906001467889512,-11.628980129255776,0.9604545306252346,1.5642703834816816,287.20127340259734,0.06173394955186495,6.228429138592399e-10
2529,-9.326078471575892,-12.351655060267978,1.3514080732478906,2.0142488701617305,396.2773334296681,0.794022833422745,6.303311092916301e-10
2530,-9.514396702170961,-11.547480351683843,4.747348952470239,1.3081385384079245,321.38664864963175,1.1060285755267376,6.311222340766749e-10
2531,-9.968802917398753,-11.809909886470383,4.2096062659591755,1.8502649244742506,469.19958634080234,0.24298546708186475,6.324169549986348e-10
2532,-9.278912398766387,-11.237724734682258,5.088994176917902,1.3938620848300807,305.0895359334601,0.932137432312417,6.327057545862513e-10
2533,-9.438858607535469,-11.358519596396107,4.871309310488863,2.1112066450906917,294.61632476689374,0.02070337201380923,6.396495752934871e-10
2534,-9.35310278503255,-12.641458767390349,4.7949305712790995,0.8207933744476277,454.1419824793902,0.38493838996591734,6.397012910046606e-10
2535,-9.972097082988606,-12.808018503592056,4.08574464364706,0.838188165932761,136.4558661962166,0.2616624859518293,6.398731442988295e-10
2536,-9.461560861660482,-10.714137845344947,5.051025939617481,0.9036570773526629,194.77901005910994,1.1303658225949134,6.421726295431486e-10
2537,-9.371407918172284,-12.623920832677504,4.772260071035491,0.9751913046587675,468.11078790226804,0.7368236629187992,6.434199710164254e-10
2538,-9.366708050242703,-12.062387235346954,4.829613481191686,1.8590281858479119,468.5541475115486,0.876364811910336,6.442974131241927e-10
2539,-8.821073114930655,-11.6063796027177,0.8626033236015715,1.099173887759779,391.3484510043493,0.9647943858214427,6.463547605719761e-10
2540,-8.772183722933466,-11.911628071668384,0.8148810727533492,2.9232660030359514,488.8495119518436,1.030352901979147,6.497843957812e-10
2541,-9.854774695271761,-5.439063986239205,0.49630806518429427,1.6119942648593375,372.7633834657967,0.43509370599300556,6.499979597699494e-10
2542,-8.663555386450419,-11.677515248496977,0.551704040338406,1.4522714452309577,332.68623635212964,0.17265034310268845,6.5390426100428e-10
2543,-9.591065711929204,-12.753144049357024,1.5990456191654865,0.910783117033899,253.22881041487463,1.5114472279835391,6.543402451158476e-10
2544,-9.991076805119953,-9.676505608266375,1.3990514116220192,1.25100775796782,169.3879732290597,0.1919909351806206,6.547575192941395e-10
2545,-9.566752320152865,-11.919916690582443,1.5415632547966496,2.4539938640145165,451.9642586989402,1.7209793977743848,6.562005288398244e-10
2546,-9.845997640781064,-12.819184194604093,1.8089804432923702,0.9342976874903426,263.73587197218086,0.724035709519522,6.575300556415492e-10
2547,-9.544258318426639,-11.1871540370213,4.790913770919633,0.7384307365812721,149.316101871402,0.5395465490795885,6.586473047792729e-10
2548,-9.067848808424458,-11.776540759924405,1.1058726518110762,1.4049636752739163,470.4076222619194,0.018414225874204604,6.588682479952346e-10
2549,-9.073045346752853,-12.476377727482289,5.136894998851966,1.7655821494431563,419.11684466306843,0.29516166966367496,6.592064950913622e-10
2550,-9.899925199956172,-11.302597522914784,4.377325228455547,1.7804292006241496,468.1128381653353,0.7381127277001269,6.601024654053335e-10
2551,-9.066572021004454,-8.791110671386047,0.4052417941414103,1.0447654345536597,275.3508279948113,1.2620366289269667,6.612830999452623e-10
2552,-8.412819152084584,-9.018167294364478,0.21730922520512924,0.8109788555724403,236.01409667511953,0.353930029062564,6.686643216877902e-10
2553,-9.706350673070595,-10.537682224363524,1.4765909699077022,1.757951162281412,470.0289588148879,0.1953510257187343,6.701379428886853e-10
2554,-9.632674082883366,-10.32848635438894,5.044236949439776,1.1196840057025284,289.45790235104647,1.3418233824364565,6.730767809824181e-10
2555,-9.58422143704457,-12.491513772546233,4.51873299669447,0.9029502417323404,468.0842984063554,0.7218327147088974,6.782967271937504e-10
2556,-9.303011978886463,-12.570243029818123,4.841890373959383,1.5786851326098872,468.68788578061293,0.8176038218467214,6.790282708088155e-10
2557,-9.290535721761774,-12.322459351925826,1.3238505391975626,1.7706775737157474,467.6446054812576,0.39818278342278557,6.792198733595407e-10
2558,-9.259604071317664,-11.981394296280989,4.953722548213335,1.1520678424559165,255.73452693541134,0.46892122844489936,6.798696422935479e-10
2559,-9.629646996043943,-5.466983866654959,0.383254516798089,1.0179513880376732,272.3729069378995,1.072428521042374,6.846230085027193e-10
2560,-9.957583857578257,-5.615205979487845,0.5600581489233235,1.1421681142205233,293.6841324396939,1.0625616340880022,6.861656189208628e-10
2561,-9.429999510360956,-11.225507330181843,4.894564343441051,0.802279957075351,186.37784220253215,0.5592469148844446,6.874318295425526e-10
2562,-9.691331393465369,-10.328945470247433,1.4218252302621737,0.9101831929371108,468.3886911176546,0.679793544236353,6.886389260924638e-10
2563,-9.606975645140455,-12.73266745741269,4.469541117248384,0.8125035652922409,470.0393120589112,0.18575341774846432,6.889881233650356e-10
2564,-9.582617199120106,-10.704111434129864,4.902659386829502,1.063525109443465,467.2686431770556,0.8939938412539288,6.947072621034176e-10
2565,-9.932211858921097,-12.187732301740233,4.160999272436389,1.2390744781475234,293.1448703447227,0.29215206376319713,6.96141246713361e-10
2566,-9.619993102132343,-10.86744217450712,4.79695749138157,1.0893331119409901,283.355000747594,1.4071263193785768,6.979854330283562e-10
2567,-9.689293788891431,-10.962494481373541,4.687431856498973,1.6743276296744438,393.51654528145826,0.6090051061215229,7.001995711879858e-10
2568,-9.293172034104192,-12.961903665445195,4.8210966968949265,0.8162425069266196,468.0138063972329,0.03915059018624145,7.035909031320503e-10
2569,-8.950161876881419,-6.522908328609534,0.1919164381633678,3.158623854210503,510.4132822639416,1.2246754276465452,7.071780247851458e-10
2570,-8.50563048897884,-12.522437325877663,0.4245547769879631,1.4302625945700636,323.9935991816763,0.2009339818533995,7.083448669714264e-10
2571,-9.80207418234714,-11.757993842867908,4.356912584953965,3.2510920717928737,493.24040259726576,0.27682777596371455,7.084934318419755e-10
2572,-9.98251304020479,-10.555054106568495,1.6745270250747044,0.8686492809471887,406.063383422899,0.904948550353561,7.102519026299952e-10
2573,-9.982813104976778,-11.730917730036303,4.172707383909375,1.182591901175862,300.70552882361386,0.8332638641874492,7.102731111076678e-10
2574,-9.90735334444291,-11.63245248589402,4.269953491799941,1.0646352406739648,468.2388280939317,0.6409917884921894,7.114396970884178e-10
2575,-9.727596186037324,-11.820200123483383,1.6774027752845369,0.8795285310977986,202.90850150424063,1.162537405818676,7.152752209916036e-10
2576,-9.552757080773944,-12.01788045845289,4.591524582705879,1.6005950824521664,355.71419808886753,1.742330546463383,7.169110029513905e-10
2577,-9.178913245685457,-11.479138183185146,1.183337777670761,4.2315152910648415,582.3790083486936,0.8712427395170641,7.19911550335716e-10
2578,-9.678107020771728,-12.099298891652515,4.435288733335383,1.5844606194062558,369.69524664982947,0.3206954193670617,7.206280062605181e-10
2579,-9.604251025187548,-10.23263460506748,5.113910234936493,1.1027478708945608,264.3868479979012,1.6494010912056174,7.255336148968853e-10
2580,-9.380768540933849,-12.040197445610952,4.783398811771283,1.739678243628505,413.1291411129513,0.7697182010375965,7.286112351266281e-10
2581,-9.266374036808365,-12.754692328684193,4.857459615900695,0.9377543901703247,262.88158297913634,1.6788650173734752,7.290133755465837e-10
2582,-8.747106471431778,-12.915722590368446,0.8461420584170614,0.771205768398425,193.87485913773696,1.224861653016272,7.293156800191763e-10
2583,-9.94068205172316,-12.786645403441947,4.074688879229472,0.9978339530418266,265.2815079139138,0.9253042460464327,7.304885450427088e-10
2584,-9.878354178009246,-12.862494915392471,4.139322972296879,2.6442678243532076,469.63819516327726,1.8071227656517355,7.321448058642512e-10
2585,-9.851055659068505,-8.308835438469291,0.877571043788102,0.6661292547667977,197.4681550030066,0.7477635734174228,7.371704103095084e-10
2586,-8.867221395124389,-12.789438185823714,0.9895331799908297,1.767228395412811,306.53466898744904,0.18248112349704737,7.395034027284639e-10
2587,-8.922090926190382,-11.873012527531738,1.0056511657135176,0.8085674571495111,232.27443501905182,1.326351729074264,7.410215202643264e-10
2588,-8.995832722319399,-9.707833245363528,0.5775971745751232,6.512229588790434,401.0774576369034,0.12599177567147013,7.429501496624e-10
2589,-9.716949895564177,-11.410908300635503,4.506509025978038,1.1122974098335479,468.0189801832167,0.37656157710284166,7.444033263372862e-10
2590,-9.431115545009115,-12.001150342679725,4.7224069537569555,1.6412173862903316,358.40710724331365,0.29916826435639,7.455175738666921e-10
2591,-9.611605773378907,-6.824357223070717,0.4277821134541621,1.8481072700047942,467.3658724042251,0.39948695083726005,7.465058207353657e-10
2592,-9.427077149949582,-11.305059143418388,4.855371316200333,1.4339628701942964,273.9630138839862,0.0523324267398273,7.496135642735302e-10
2593,-9.352446712760702,-8.436784718995126,0.498781872623636,2.655865603567011,472.42229145917446,2.431584446241753,7.519638592642864e-10
2594,-9.572877205448076,-12.961609074062213,1.6125683313378416,0.923374973395585,246.93975884244543,0.8225752924064738,7.546266403220594e-10
2595,-9.632537713110777,-12.173141988579411,4.463546158423952,0.8465871678490338,399.8587524171003,0.38323975117990816,7.563889625876403e-10
2596,-9.436888825811751,-10.921299162134051,4.955576014663872,1.6879553712596902,396.8473056745925,0.2936867073848495,7.60359780886291e-10
2597,-8.79612687021578,-10.97973605910613,0.6928528388935321,0.8120456097363997,466.9574564709374,0.08608802367696367,7.633052010785664e-10
2598,-9.674274020699668,-12.27783032218735,4.400296818908362,1.5650472312438974,468.02771848916825,0.029365948061378155,7.639118898985062e-10
2599,-9.122389050862115,-11.454376184293654,5.181865422067152,1.071428276677864,236.19737630295995,0.046949362877194645,7.650818538810737e-10
2600,-9.916955791675548,-10.098659940576802,4.877910921552183,0.7064460524451537,189.94121526046985,0.5674001697419833,7.667878971212245e-10
2601,-9.250744811114162,-12.997408647259974,4.845536864423497,1.026467455264771,279.55712542492006,1.4108117273030345,7.720511295909362e-10
2602,-8.988979982376598,-10.785420533670587,0.9653911409891933,1.6478172498146462,360.90527715038513,0.5489056052924157,7.727179134535414e-10
2603,-9.826630788184316,-12.439625788298645,4.208565382735571,1.8149648418483368,433.4411084226154,0.1992829209375815,7.773924932551345e-10
2604,-8.678606774677087,-12.601352075395837,0.660167500409656,2.06528416355947,409.25160140197363,1.35916647032729,7.805296125733186e-10
2605,-9.477589966191237,-11.334005822386072,1.440618872585886,1.1968221274612694,304.84139315047327,0.7028532830349263,7.822036501282899e-10
2606,-8.860492314794092,-10.719291208022106,0.760444392224851,1.5146107160534574,340.9813038236155,0.7317132147064003,7.824937478635759e-10
2607,-9.038803242820354,-8.555689244984165,0.3607373302745603,6.800121378313015,697.6663208853645,0.34974496669030586,7.876650993970056e-10
2608,-9.562153516934641,-11.705325991927117,1.5486245791034192,0.6942803024623722,145.8649560102411,0.13169653411236748,7.903689800181277e-10
2609,-9.91746986209603,-7.6570098864802105,0.7281493684276995,0.8168141438484148,168.8676636902594,0.2929186376617148,7.94547714901185e-10
2610,-9.28634713841533,-12.116872429707842,1.3293585017614005,1.5082329038418487,347.1692028995205,0.149694756079902,7.981935761097935e-10
2611,-9.617649429605098,-11.01534084612194,4.708783487562712,1.2979711547011814,303.8384739698832,0.16491496798898364,8.004933900202675e-10
2612,-9.494054154809744,-10.406239212595274,5.10432527219312,1.7069265928857957,360.8661748658875,1.0164485460464476,8.032053204279563e-10
2613,-9.861472276395688,-12.35203028947226,4.168835628610206,0.980032994568128,259.39451356526604,1.3141315759240966,8.041895875486531e-10
2614,-9.749555110700753,-12.957536403008131,4.245020366152847,2.4895612835197953,449.44472395736875,1.0490233083620941,8.092686566217988e-10
2615,-9.190122326640243,-12.098810481870206,4.977870660515526,1.8736604729407909,449.94044423179866,0.4584306199393815,8.095251209666235e-10
2616,-9.92440046652237,-10.52145556030675,1.647191226911569,1.5457908727184422,358.92682488711773,0.7980814481749983,8.100815428594797e-10
2617,-9.258471492019584,-11.527636646404188,1.2665100782554324,1.4342311526224463,468.01591750306625,0.37533680531902913,8.11805670088706e-10
2618,-8.629254140193312,-11.77918514692573,0.5204934535716349,1.1115237559054971,468.0236881758784,0.8063900870610556,8.137651362891037e-10
2619,-9.773095365151107,-12.702793852623957,1.7857642925686916,2.9629016649733555,494.1353539848217,1.205782136684837,8.137757802765225e-10
2620,-9.507167810542073,-12.232819021749355,4.581801252183034,0.777951022575854,159.67911442899884,0.004269323381964618,8.139500841229645e-10
2621,-8.970828201165265,-9.545223594085979,0.5079593599043486,1.7786803606087656,423.59483053285373,0.050372093699048825,8.140718087163446e-10
2622,-9.46250978395653,-10.815278655995584,4.946047019265904,1.2561893774463733,278.9867838183737,0.11994902900110471,8.143372667092678e-10
2623,-9.916128179128851,-9.824959380206689,5.068130305976773,1.8624487366694964,468.02751049661435,0.03064310557322525,8.182500631064956e-10
2624,-9.002031621987113,-10.265998910081386,0.8699381473593513,0.5813385829629105,157.81706031712397,0.7147241615463829,8.18250579637354e-10
2625,-8.309030933337528,-7.502748702736482,0.1024240391155543,1.7167804623909415,467.89644189274304,0.8971705348023402,8.192012209083081e-10
2626,-9.566257798164362,-10.416353732048172,1.3688784892453303,0.6562717434743508,202.8263281028895,1.2613349579266266,8.213396566891868e-10
2627,-9.231220808655479,-11.233631510036647,1.2165120328982164,0.9700513522068998,467.68954941956326,0.21103150255779557,8.294630476135119e-10
2628,-9.221566727505152,-12.161051912634415,4.92642704228931,1.7144167868773872,432.0856641901775,0.6403091342746112,8.296358005949557e-10
2629,-9.771042829215729,-12.216060400402894,1.760812215263873,0.9185683387408707,260.96935471451866,1.6389635078796303,8.312647339905189e-10
2630,-9.668872622416874,-9.835305450600544,1.2814053636250693,2.485557981113369,456.5666917270314,2.335381872318391,8.394705831321632e-10
2631,-9.334362783308467,-10.894345564472701,5.055680863870482,1.1608133881568827,156.04794386321367,0.23459754041011127,8.461277488709692e-10
2632,-9.595257256503475,-12.835134666790289,4.411994643797121,2.0336107832807238,170.17162918875025,0.32100850586126306,8.495815886457419e-10
2633,-9.345097326290103,-11.17856834296155,1.3168583939412064,1.4441582474061085,329.8980978647412,0.27450351634933146,8.551169864091556e-10
2634,-9.252320742067905,-12.911749503211691,4.821394669288916,5.727343346358935,657.4065133263686,0.4151670598396704,8.580000241991247e-10
2635,-9.0064464189524,-12.960136295505935,1.1175814899397276,0.7824271024763737,207.513851866977,0.4833947918829802,8.608786221054537e-10
2636,-9.84657441560337,-12.99447052455802,4.108823654420406,5.2461118071471615,541.5124902459739,0.0902134983343057,8.672696708443915e-10
2637,-9.458640402344633,-9.061573049559808,0.8946436295430569,0.7686457457854683,218.14040532101637,0.6328141996753756,8.696594358109501e-10
2638,-9.938843210755152,-10.449947735566132,1.6492345306853737,1.5506931101071237,352.76132830212566,0.5988044410167452,8.698595939721605e-10
2639,-9.648662204222298,-10.431540111808749,4.899347141299388,0.6898800541082722,138.91577835308033,0.8959578424933214,8.725221012202632e-10
2640,-9.254575585104503,-12.896737542900365,4.813319409914005,1.2091194150887463,467.53772969606996,0.21738850553956812,8.815653065183175e-10
2641,-9.074710664813837,-10.747275682324403,1.0479476102659395,1.8123460242676217,468.34153283906915,0.5457474326574641,8.817281438599345e-10
2642,-9.492421693797311,-11.212920421372955,4.760416438680917,1.0656959364771394,468.11482883354745,0.7390477819971064,8.817798012216161e-10
2643,-9.283804060754607,-12.486228114058461,4.804438151308434,1.9131027462546297,248.72273759322,0.08882260694772537,8.824158347646338e-10
2644,-8.762782821234644,-11.444233478257338,0.7498402767842323,1.660659142910304,470.1073048671001,0.19859727748273492,8.82641298951197e-10
2645,-9.954688977681789,-8.80167811110413,1.0905859799540156,1.04244197135523,271.5139023270652,0.866941534877192,8.828331511813681e-10
2646,-9.941429040141886,-11.695423143481712,4.149033904917691,1.0145109608656535,258.32199322313755,1.4690240426207026,8.841706855764424e-10
2647,-9.097299607133237,-8.780082172481794,0.42707572448838854,2.767559489503704,270.75688826464165,0.4720954365172414,8.863292059682501e-10
2648,-9.820886282053761,-12.532085104110596,1.831752169634588,1.2489239280165434,257.2942220223245,0.04962068961384247,8.868912255812067e-10
2649,-9.630944693103599,-10.601501822078912,4.827723522158702,1.8684785146256624,452.2660710685355,0.2907214204590671,8.888314598613794e-10
2650,-9.023847432887681,-10.551976149612916,0.9695687414827958,1.134497620467466,291.6534765544426,0.73731248734991,8.894322361937046e-10
2651,-9.760623301584197,-10.874411416692084,4.573421594291985,1.3718923813748862,321.6479149019173,0.962752280161487,8.936816714706116e-10
2652,-9.719312303191202,-11.552420953996283,4.415096418018659,3.0473236591132653,501.0002274999335,1.1508938349218,8.947709796745476e-10
2653,-9.937016529281426,-10.676813321757905,1.7067087708910942,0.5446510385864413,170.10549824204335,0.8378645145174284,8.951465961129246e-10
2654,-9.037875163510323,-6.314107295651563,0.20539691859134446,1.0167789367031126,275.8060402595784,1.648043421140578,8.974829289833944e-10
2655,-9.465526352064428,-10.403143380726686,5.109526475264694,1.6926460937769527,399.8304667654109,0.37380049416348804,8.987466543851688e-10
2656,-9.53123958429448,-10.25774617955232,5.118488628398156,1.8973814663896766,467.85717820785663,0.6053476258191601,9.01938138238174e-10
2657,-9.541653955579322,-11.595914510669905,1.5405369321120532,0.8707236985709852,467.44055621190216,0.40454595578301067,9.04274094031309e-10
2658,-8.272314780957021,-9.720578904898604,0.20926624178411612,1.3658753411267741,468.651447071572,0.4329154064229481,9.049847037303976e-10
2659,-8.94940820818973,-7.286214640514134,0.22079348438088484,1.102908990744732,468.1234197025269,0.7438154798990988,9.072559758656926e-10
2660,-9.14103805826205,-11.38107029017786,1.162377101263964,1.1164202467474886,295.5235098188266,0.8810155005122091,9.082918718156979e-10
2661,-9.331643971143935,-10.982234858397716,5.010509025797002,1.026762934269495,207.8009598499466,0.8214610217190179,9.085850733742696e-10
2662,-8.564470149561657,-11.259875712926622,0.43011075191249615,0.8106924684015622,467.88506398936653,0.08033451319440932,9.091492800272457e-10
2663,-8.694856392888504,-12.654792476294132,0.7326214590593918,1.3440971212876947,314.7469026782692,0.2147270186026473,9.098515592907285e-10
2664,-9.847530155338044,-11.943798260233596,4.195781499575502,1.3674460101541603,333.3773217576213,0.5818759727833891,9.123257401843669e-10
2665,-9.679765150019106,-8.426384086475139,0.7946716825122125,1.5948736122224438,368.49432897158664,0.9480637054676553,9.130042240145037e-10
2666,-9.138393014740437,-12.995595953265727,1.2387250401303682,3.596532630986706,538.051217888081,0.7284007392708078,9.314393164160244e-10
2667,-9.389793973949242,-9.320581333879712,0.9510720435618066,0.8921652381450259,248.5385651422842,1.3244296298615472,9.354854957250579e-10
2668,-9.333040465602316,-9.192852385626969,0.8274112879651405,1.0555369924578637,279.2372190682618,1.0646161171962687,9.39538160008288e-10
2669,-9.86308002476102,-10.39943309341051,4.681188159508032,1.7997480698579869,469.95092120566426,0.017409379226709376,9.400097226782129e-10
2670,-9.732789216908417,-11.618546383054849,4.371677996375106,1.3806162560242043,330.6485876158157,0.25496285553516707,9.42540315716436e-10
2671,-8.520321813737898,-11.85932783065386,0.4254399641546058,1.505288263501476,342.28009014008524,0.4119677285788672,9.427666174635475e-10
2672,-9.903851178751326,-12.829446593884493,4.022270315298651,1.0696579016749996,278.74919005900534,1.731054104521891,9.46383402547049e-10
2673,-7.544885152786561,-11.524738446326669,0.10320438804418995,1.694055169864011,396.13031867891954,0.05602251895340782,9.503736217740428e-10
2674,-9.98587631620576,-11.452914712835268,4.130349998270539,1.6156626400864675,377.51368417124195,0.01589864040020128,9.552048738079656e-10
2675,-9.9600937881619,-9.331557223963562,1.283149619631891,0.9885610230333581,272.1491691152792,1.8587868134668257,9.588827169403621e-10
2676,-9.12034338163356,-10.538038278864262,1.060264314903742,1.2827377170470202,317.76388436510916,1.2737427589121326,9.643657625413557e-10
2677,-9.274563821068302,-12.211020963406733,1.3457796494599832,1.6893309271364725,468.03034230521314,0.5799064980396311,9.649499574832737e-10
2678,-9.01133988880859,-12.718907856612114,5.097090999788214,0.7532464501600435,445.31463061220813,0.31683508083469647,9.905795498916372e-10
2679,-9.57230217150533,-11.96700442201464,4.479520191776913,2.956774799295205,496.12624782565337,1.5452999535299812,9.913651393125874e-10
2680,-9.564773995092214,-12.492510877877315,4.42756188423725,1.543079655370692,468.7545939375482,0.8428130382394441,9.94715905802943e-10
2681,-9.02378952481749,-11.102802956470804,1.0570723121632828,2.7018317450038034,475.99458314267883,2.18662212674026,9.95156270563495e-10
2682,-9.96215833454177,-10.754634752397262,4.380919885199949,1.6877221400243463,412.88803324544875,0.4514920614896907,9.960297597536655e-10
2683,-9.875701649195332,-11.180686902767196,1.7767260564042016,1.4158911643367258,327.2139458684945,0.4472103768397684,9.991503917985447e-10
2684,-8.964270480909175,-10.295197161341237,0.8344899190046939,0.8333276624979314,201.10704486139247,1.0091167429459142,1.0000587561938405e-09
2685,-9.086430529338694,-12.655322537299401,5.003474509508141,1.275104210368088,279.1598636875853,0.7228284120964057,1.0019579185850647e-09
2686,-9.360213751481975,-10.598294314198245,5.101868336269519,1.912358323977418,469.0222296254012,0.600879298177329,1.0039791411358918e-09
2687,-9.758373398805258,-10.512242628025461,1.5607402218744015,3.431730207207651,519.7253600463337,0.5452647169724711,1.004256457818534e-09
2688,-9.115740844842614,-11.805321867301231,1.1817590484227052,0.7447585776567548,467.60823267444675,0.4502552441715153,1.006396853894795e-09
2689,-9.951155350565465,-11.571045492769455,1.8876192826094138,16.461456199198043,729.7227819288022,0.09698948889043191,1.0076274696903487e-09
2690,-8.748130115318117,-11.74115844038305,0.7839533742257047,1.2566421788445232,277.9945897429833,0.5190423090830674,1.0084214423832942e-09
2691,-9.965878487444163,-10.878647495799337,4.322503159124087,1.1787818165781845,296.29722297844944,0.2218531853630008,1.0106448389172119e-09
2692,-9.726883347645021,-9.826595611186972,5.190454926530709,1.2478424437633389,266.69957595189027,0.09651919915027563,1.0114229124307643e-09
2693,-9.06340362343946,-9.568919374302304,0.6312963433772526,1.726102074383513,370.7763802929084,1.6625625349485906,1.012870628257436e-09
2694,-8.414328459532959,-9.793367040489791,0.250523541809017,1.0116643196622814,147.76687825511988,0.2428583761340688,1.0205238400936299e-09
2695,-9.541332807507617,-12.375725222461291,4.45866241917633,2.9162731295172306,493.69610198208534,1.8667822622634391,1.021639036069632e-09
2696,-9.878124336943422,-12.46170715126345,4.054094506924186,1.0891668884042245,222.40889756419207,0.9449993361175357,1.0225905318412724e-09
2697,-9.655835129690916,-10.46420642583669,4.830664702705937,0.8207876775301342,205.02321323691615,0.8935849201069264,1.0230870223499018e-09
2698,-8.594451248086214,-5.982672251898,0.11164111672316751,1.1111564493746362,293.93454608884775,0.7467728141658423,1.0279450321525172e-09
2699,-9.995352727824914,-12.798443870260675,2.024967649567143,4.130193070171465,576.183912134592,0.8751888131388421,1.029781944600176e-09
2700,-9.741442102274307,-12.673592384039985,4.1936629781256105,1.19949725472232,232.7505197252152,0.01865915180120936,1.0312926272307674e-09
2701,-9.950576929613328,-11.15975369304634,4.225152175767328,1.8861071846254358,469.3418026221319,0.14954204621598866,1.0402768927436248e-09
2702,-9.086875319559281,-11.540825375652593,5.127818632749208,1.1008170471513055,281.6671645176119,0.9237513101375665,1.0486910088121089e-09
2703,-9.724715291394409,-12.349235281957153,4.237080374404774,0.7926002296187377,160.75760501515094,0.6429759072054599,1.0512877976027763e-09
2704,-9.951544666608847,-7.715171844914878,0.7814076034363235,1.906170058120389,380.3894188903467,0.3729344577808478,1.0544091294364707e-09
2705,-9.39331424655459,-12.03991298210347,4.668107715247073,1.7671677256431009,420.9683103160326,0.9184292723298739,1.0556275237555676e-09
2706,-9.21891260189985,-11.828562813063723,1.2805809943102733,0.8137706067238115,194.73356118383583,0.4743802357091651,1.0572323844343996e-09
2707,-9.526460411168474,-12.046593714790724,4.503805175411264,2.4957864567765826,450.1924889210483,1.0839849679177975,1.0576324590467734e-09
2708,-9.544058764916118,-10.038376704254416,1.2776711399106424,0.6275337328683496,128.30127026977905,0.2774776088116653,1.0584398159224576e-09
2709,-9.142547251249415,-10.374207836189116,1.0577654305777047,1.4962287435163149,337.3457442051554,0.0604325413500435,1.058886043030286e-09
2710,-9.858214934623392,-12.300235835227092,4.083237416713963,1.0047600850425145,202.50957312565538,0.2702049214476814,1.061931749888745e-09
2711,-9.022769768455978,-11.61392435488611,1.0959885408763188,1.2564609013195775,266.75704066293815,0.5554963465556204,1.0653324222782937e-09
2712,-9.994402027377292,-9.889676723956114,1.5395160550421283,2.7233826994680346,469.21096787642676,0.8426688625692664,1.0688873483449936e-09
2713,-9.919221052535484,-11.454900340819442,4.16341793050862,1.7513169597004328,468.53908306900155,0.2910017263619231,1.069167228803903e-09
2714,-9.059510910291255,-11.747133190840769,5.120973371612236,1.522520834826107,337.40951707461846,0.4601887326320613,1.0702319559195612e-09
2715,-8.528320073995559,-12.916527174226472,0.4655902046583251,3.50186139580413,537.6885259596781,1.4323968507766187,1.0713921085647952e-09
2716,-9.958168176682866,-9.692382537462223,5.069600417709504,1.8912560751256862,455.1521878740517,0.644373630042633,1.076709864629795e-09
2717,-9.849069767099998,-11.245662581116157,1.7824429674319762,1.798070138149944,467.5508200503568,0.9250038794859101,1.079164525304289e-09
2718,-9.863865284402912,-5.268649838846665,0.5135464306400986,3.8788915882128445,276.2390412992273,0.21175040918494936,1.0842701710280113e-09
2719,-8.560416794035524,-11.641664819457686,0.4512348920617694,0.5349451806581755,118.84636577061121,0.3984631140965247,1.0864848802369552e-09
2720,-9.922628291939775,-11.837712920687663,1.9144403078931083,1.1988213010922404,287.5426689962428,0.41447899023328016,1.08819371177464e-09
2721,-9.820090993348613,-12.780823176939428,4.071562783435153,6.133664610442913,288.3064224950271,0.47182907172518984,1.0885782718695466e-09
2722,-9.844640649111835,-11.925507164739905,4.142365993683695,1.8925426276923758,456.32643621074294,0.43414454113437984,1.089060524412e-09
2723,-9.798830267161946,-11.352570433960553,1.7550672230995361,0.8766862743310743,468.0164200350757,0.37548512095692743,1.0899921261498771e-09
2724,-8.020194454838597,-12.6041023518377,0.18886858513533022,1.0023180318085996,274.96623261015526,1.6443204464540164,1.091047704334284e-09
2725,-9.995871290006162,-9.859692744565994,4.888774561106372,1.128035069082971,289.91698491671144,1.1962715927656804,1.0911068247418528e-09
2726,-9.255297350421358,-11.687485840277303,4.881377515974911,0.4688810209355045,117.71592787009996,0.40882730362581476,1.0917059045631663e-09
2727,-9.576222777306208,-12.015474609340131,4.437568118829512,2.589697997993851,438.4903986729718,0.4454209440497463,1.0956517144919479e-09
2728,-9.707279659476761,-12.325628591845511,1.7655449551919637,1.5439891179505816,352.83032676367475,0.8041174601724306,1.099262063320787e-09
2729,-9.877386973093651,-12.816063590507966,3.9952979579867427,2.9690502017328475,491.51105215460035,0.9393327716584663,1.1147201735658093e-09
2730,-9.25465185765463,-10.699434165837458,5.153683728041539,1.59815778819072,369.20950459085185,0.900755304493142,1.1165475121998187e-09
2731,-9.832397745184487,-6.109585444244885,0.5190249153538916,1.2764499230995388,268.4906505947643,0.4280625489472252,1.1171441916471968e-09
2732,-9.700644495611161,-6.5844389074885195,0.46975696080735874,1.519953176499253,468.755041575332,0.8420862845194899,1.1205030858144288e-09
2733,-9.748584323876285,-12.331449503604139,4.188229711567988,1.7971796304146097,426.226779505736,0.3886685414333888,1.1265139401409899e-09
2734,-9.642712655990293,-11.24733272236009,4.5076374177597165,1.2704509127961452,268.39066212039654,0.06164586241613623,1.1269722480066918e-09
2735,-9.046802424819663,-8.735987463896524,0.39829777605749817,1.0891241068975015,282.6426198160351,0.29419061056228824,1.1287351133758166e-09
2736,-8.648076068761464,-12.308753183066663,0.6138604086750092,0.8028326402855315,470.099150966556,0.08538088017574896,1.1329745055591054e-09
2737,-9.920116016210788,-10.52380372361092,1.6973122782428114,1.2546341201804347,468.7196426983039,0.5708222472755979,1.133511898699559e-09
2738,-9.413855426088185,-12.494824652782885,4.5728305432118335,1.0024310080270913,203.57178096333803,0.46708515753364477,1.1351354946376156e-09
2739,-9.834722852171952,-12.171670723121856,4.103523334988293,1.4798230200312639,330.9705974956084,0.15073698085956977,1.135611182719902e-09
2740,-8.791839812524774,-11.551674240464184,0.8628323732568128,2.120541394055719,184.3994335302561,0.3027559494217824,1.1370302236668736e-09
2741,-9.378521920064209,-8.220243697142985,0.4865139425211775,0.9409658503503067,208.57879207054117,0.46076806407108606,1.1440690653392698e-09
2742,-9.884672099150144,-11.14751128337745,4.266340731371867,1.2722968498902496,468.8358804969657,0.267239914189493,1.144977415595026e-09
2743,-9.893990005065822,-10.463721154852047,4.553134721905239,0.60255200388259,123.06637394740925,1.0452037950255333,1.1483241394090746e-09
2744,-9.482875436069108,-11.843683216242248,4.560684796924028,0.7034613084062336,207.7994652363754,1.057684500177765,1.1538533945915463e-09
2745,-9.110330641731945,-11.594334387141803,5.062018793382646,0.6195296251507988,148.2900164287939,1.145742931305306,1.1583766777475196e-09
2746,-9.964322393919979,-9.824522357201184,4.926663922944968,0.7402425541435683,214.90791383192476,0.47890459913596484,1.160885441591819e-09
2747,-9.090495078518089,-11.177919927014928,1.1253371822392357,1.0682190535976261,468.17124367098404,0.6531080330003052,1.1614177322354239e-09
2748,-9.311905005921881,-11.66944283642694,1.3720392894664997,1.0590957279401352,468.02320842664346,0.37845556323288054,1.161575916285944e-09
2749,-9.779892058754426,-12.740458273774328,4.1026460417627515,0.8179450930001334,222.8904666859613,0.6823375868869324,1.1625530333004944e-09
2750,-9.338872621923857,-12.183973537387105,4.690004919885832,1.614418901384389,467.6595508479435,0.5137665489375838,1.1651966016634991e-09
2751,-9.670923168681071,-6.889340178797788,0.47586001171683157,1.7868183762742416,430.8832757452321,0.4639373741844901,1.1679663035711731e-09
2752,-9.436468457708175,-12.902133061958045,4.5071477710380945,3.443411895915265,527.0070411828077,0.28940168028527946,1.1687365931032807e-09
2753,-8.882793777234902,-9.913712966070282,0.5397887705857943,3.331657252884471,514.0382990292477,0.6070389301053973,1.1697226649910153e-09
2754,-9.414255702512635,-10.946187102841304,4.856773839110095,1.1417268481447465,214.10986031769227,0.06765632536008948,1.1702035034063271e-09
2755,-9.060802427996666,-11.96493862751284,1.1530110944772876,1.1916026294861073,268.3772519814846,0.6975756109039706,1.1786409385593163e-09
2756,-9.336610435658018,-12.405086068003568,4.6669347849499685,1.076903374889888,289.37778080856134,1.0272125535013226,1.1805492927771919e-09
2757,-8.829055417836413,-11.016055869934828,0.8316811139277662,0.8143515869321233,318.91347871663373,0.4841945172968316,1.1819710652966504e-09
2758,-9.954060340929104,-10.869020671537495,4.284623749533132,0.9367134842474244,187.85724900010163,0.8751768765836685,1.1839582869732954e-09
2759,-8.576060420304435,-9.418000948112892,0.2846532959718529,0.8466821928220052,469.60902649915914,0.0883678218934012,1.1845442411449162e-09
2760,-9.760145749452208,-12.789221789878733,1.8484099736822173,8.053643507335593,473.47708791621193,0.07966973572614666,1.192718307282664e-09
2761,-9.967846534811192,-10.473187314965216,4.462071637810311,1.8260058437441988,437.87172535576303,0.0025081277864993368,1.1940856848372087e-09
2762,-9.608564258535576,-8.673644113069876,0.8724165857872207,1.3464063006320153,306.0777806652849,0.5354232784941821,1.1944680683812334e-09
2763,-9.16131921852397,-6.167862137813729,0.23782283343469846,1.7965084493207293,297.66339133070187,0.12691414703870407,1.2004329867591337e-09
2764,-9.626082339544114,-11.335763176824972,4.482388747915783,1.5238466428548667,352.75463561698353,0.3916544493495122,1.2046188485457707e-09
2765,-9.653066405326667,-8.107258049138785,0.6531574424469717,1.0914365774353962,466.7548060347225,0.8972866149052683,1.2050968627360614e-09
2766,-9.724674047281399,-12.68863978367611,4.160132331467715,2.2464235373974795,426.8741283468324,1.211818581114878,1.2058642731831296e-09
2767,-9.612409427558658,-11.631279991145007,4.429500173516841,1.7992102072635225,467.5426885765772,0.12480230955288629,1.2068627609904735e-09
2768,-9.83784154095354,-11.202941437908164,4.2802554501223895,23.78621863971743,872.8084039309077,0.23627702437724007,1.2092081915494474e-09
2769,-9.633829519253744,-12.144303211118874,4.322189781421773,0.9408925477894904,260.87489630336194,0.6970162431023548,1.2103187865528168e-09
2770,-9.529215893715689,-8.175790144350671,0.5727694562352154,1.1213605666747544,245.63360611416564,0.3992748163595037,1.2157155049629183e-09
2771,-9.98969065208921,-11.000827995379364,4.188009844550514,1.7536535532354176,467.6168531400511,0.29435801610946744,1.2158820310511686e-09
2772,-8.864730098179962,-11.176821894262115,0.9254422383077691,0.8610986698192958,457.7842106438303,0.6716600476652408,1.2202552416171517e-09
2773,-9.001586372203757,-12.305993992987327,1.123313622269519,1.8387740332906222,469.00289983658087,0.047245445203890846,1.221074811421803e-09
2774,-9.00448291215313,-11.64468907179744,5.175352018395947,0.9387067436791606,467.75589074986476,0.2180165237100251,1.2219094098786588e-09
2775,-8.539542231917032,-12.067349336818136,0.45594272811615744,0.6751136077463472,131.82895686066627,0.1678727988850861,1.2228917033393122e-09
2776,-9.304391891431887,-10.886087866257572,4.993806856261137,1.0381491133077667,469.1349246475034,0.1436787489660727,1.2394943264846064e-09
2777,-9.499966772638563,-10.028302145215134,1.2573216195546986,1.8887393030738018,455.01675694825195,0.44262911145639894,1.2401337256366043e-09
2778,-9.639526447496973,-11.372245804313998,4.44294319051105,1.0090673377064288,467.52757840484867,0.9037418539587865,1.2608435291372893e-09
2779,-9.379844278874817,-12.318536304434074,4.6009906487029015,1.8548224686009096,458.1010818012443,0.6411289746701057,1.2641788990107058e-09
2780,-9.942485106029144,-10.091155093208672,1.6018668314896853,1.0472536368505463,215.76247685604062,0.08386237655940398,1.2659713347548205e-09
2781,-9.634335344454101,-11.060952953748822,1.6056601912890751,1.568242019903176,363.1788760039994,0.3735073275385661,1.2689321354991845e-09
2782,-9.851317298248127,-11.988466355737783,4.068444490909231,1.9431982493514945,394.81109758132067,1.3983481976166976,1.2696989703917067e-09
2783,-9.658043477424052,-9.74287929577902,1.284416326811438,2.89014733770679,484.56600725004284,0.8614025111512431,1.2716546657835123e-09
2784,-9.922072965227562,-12.153377721993682,1.9751872064218678,1.1530409008565927,296.3058627127844,0.607898651743418,1.275781195490241e-09
2785,-8.497566663826348,-10.68833278227053,0.3491440822222449,1.0141264588110765,466.87286078157183,0.5728069874522284,1.275810852134877e-09
2786,-9.862188423480363,-5.349166622061907,0.5192318696575462,0.8950014874060159,223.5328333858574,1.3907109290305764,1.2764953726619015e-09
2787,-9.797295429132053,-10.139238323126213,1.521058601182886,1.8241955292701957,433.98062554731933,0.5860747000692808,1.2777707429203494e-09
2788,-9.495111230316285,-9.287006232730295,1.0366291497571194,0.9143026081853942,222.3123492734701,0.17581163595475413,1.2784061644164443e-09
2789,-9.999399594934344,-11.307083249831429,4.048849795061424,1.1184151098877584,467.6243143723472,0.6718009555783384,1.2800806013819876e-09
2790,-8.919299577590445,-12.660793531272333,5.153619066724148,0.9035552566628732,467.48667810065166,0.4353923590238624,1.2827493719368827e-09
2791,-9.774372244885836,-9.96256523866357,1.4480954639301278,1.2851607301138601,300.483010198797,1.0143273687141319,1.292253788764682e-09
2792,-9.393956153859353,-12.000260952475744,4.612602691929955,1.8591678021771674,467.59578647263527,0.47902274224276464,1.3017449684740942e-09
2793,-8.599688123797764,-12.865922286635017,0.5676207647722324,1.2513458917587685,468.75511345005214,0.8026764956855477,1.3064554494331415e-09
2794,-9.861002626638404,-10.26976157697629,1.6090089300512862,1.809771488890372,432.15611148313394,0.0007017278670984339,1.3110202993973797e-09
2795,-9.624795636686056,-8.697182463686005,0.9015072776581489,1.0747162137086337,246.3822455138444,0.656207818162164,1.3135778052930543e-09
2796,-9.324989861850765,-11.264559751450706,4.834522943785642,1.2180525611494064,467.8475749694593,0.6434167105818549,1.3168187202307924e-09
2797,-9.848286649911836,-12.481100604959202,1.9442380776839605,1.539091027991331,333.2560264363734,0.34015407071288273,1.317331477752435e-09
2798,-9.677845486208247,-11.99969812304812,4.261863296967763,0.8769393912409422,178.35579398028875,0.1627418135905616,1.3184656660270346e-09
2799,-9.710486350151816,-11.274041089912746,1.7063370144675354,1.4381707157391599,337.3654565912304,1.7731124590754996,1.3185260897361368e-09
2800,-9.515228742106428,-11.186545505333626,4.628579185559863,1.1260789007876422,238.39929789726193,0.8621573037762422,1.3196049272454728e-09
2801,-9.178378385078092,-10.528331214775863,1.1232265144166167,1.1884080348074404,467.2057022401219,0.2657578855180738,1.323822764594461e-09
2802,-9.407268219243075,-12.108085540022438,1.5100232501751312,2.1847324482741315,416.7583684698599,0.5490438841807794,1.3240366734965942e-09
2803,-9.744165935155928,-12.72695689429377,4.0978787769816325,1.1691863351951306,241.37487997275335,0.02356751837244797,1.324485933551494e-09
2804,-8.716612285561974,-10.1345178900725,0.43932923642662774,1.8431494137191904,441.33761594146176,0.027655480512140507,1.3268743076697772e-09
2805,-9.927527521895763,-11.6442843807278,1.9460638215859674,4.9717047562914685,621.8983578822555,0.6632538788556017,1.328079857925486e-09
2806,-8.626863846841925,-11.095158942712613,0.4861269691466898,0.8357990020366135,243.29648743414964,0.23489516493841567,1.3294771236082324e-09
2807,-9.06922870221797,-10.08231242690009,0.9369461502104994,0.8212968693340712,174.39315676173223,0.16788506461659658,1.3300245224679147e-09
2808,-9.635733348835634,-7.772523878603988,0.5587443288128807,1.070217774007938,250.08223806552115,0.23116165043782555,1.3305363424359225e-09
2809,-9.410958021170213,-10.35195410687185,5.093085268328571,1.0012598541386335,206.10463175213488,0.6267917511855279,1.332888799060159e-09
2810,-9.862529369507879,-10.441413225279753,4.551307977835369,1.6943177778298282,409.8469213471053,0.08078841614336163,1.333598682214448e-09
2811,-9.40179639741628,-5.2024609191127915,0.29994989848224474,4.967118155239878,587.359221587065,0.22362879898396315,1.3343188200225807e-09
2812,-9.669768770516853,-12.080859956255082,1.7543890693577253,0.6874841951645462,156.66496704510323,0.12800661410053848,1.344431590076861e-09
2813,-9.63509038237117,-12.538463729563228,4.245097989672054,1.5898664653954275,468.7330585475053,0.838232942818661,1.347980161423729e-09
2814,-9.16926444770462,-12.704823698800618,4.817427157200245,0.8651009738490729,250.30407241445678,0.6732541106813192,1.3525450819016006e-09
2815,-9.080154631826247,-10.130535535725542,0.9602544022969239,1.2178687584165881,298.2899783691888,0.6793195939970902,1.3549890731076037e-09
2816,-9.947610691670118,-12.771189331913648,2.0527169625315542,1.0141923216155557,237.55509271370312,0.4347689011873994,1.3563340927915638e-09
2817,-9.562450831587276,-11.88997484409471,4.405722191361391,0.9579105767729357,256.8221758335012,1.2513529302168118,1.3591709261406885e-09
2818,-9.948392900900863,-12.096509114372802,2.009720359868866,2.7550934592227128,479.05592221239135,1.6724794557332165,1.360111453216768e-09
2819,-9.467459853299367,-12.664037529096449,1.5962889948298211,1.1044938321747182,312.50103795792955,0.21116999961673422,1.3625536418606802e-09
2820,-8.328560758893213,-11.075797407333994,0.2805502125635553,9.261693942242703,348.8469390869641,0.2475839082997746,1.3639144406176688e-09
2821,-9.96953462960534,-9.567016030753912,5.111005645451332,1.1376237491189347,218.67461028268025,0.01180621130559345,1.3653938080139606e-09
2822,-9.014217361213042,-12.30671805494424,5.045476541701985,5.36695480561635,639.6148991969391,0.46264771769096935,1.3690803875856383e-09
2823,-9.13894008698535,-9.575901730431815,0.798027615492882,1.558975310596072,360.0799060340904,0.3078442637626928,1.3890585146098589e-09
2824,-9.402636765098599,-10.730554695927514,4.904600813353596,0.8198929558631003,173.53045801143173,0.17722962692026467,1.3910366422521776e-09
2825,-9.54466457383234,-12.466193974161333,1.666918834655338,1.5966247217439438,371.66751631060185,0.5795359413980306,1.3913619210676541e-09
2826,-9.354224208444824,-10.521248986043759,5.058900970759212,1.7376657051271136,411.005235447046,0.09559952518522685,1.391595449906654e-09
2827,-8.703217351762078,-12.390656956353048,0.80031223519991,1.3693883007563783,401.8879073546859,0.7749006919699903,1.3955043630827828e-09
2828,-9.327595405009559,-11.668722219959808,1.4095886725729783,0.7356088204875404,167.04945207592036,0.22525008666943425,1.3961099954044482e-09
2829,-9.15269236989068,-11.183836704471318,5.0556193152842,0.8925566008186637,467.6104311670094,0.611993226145839,1.3968095123803273e-09
2830,-9.305036506223159,-5.080013805929346,0.2627496621933005,1.131509518087302,292.2918700917178,1.354949885750452,1.3981173574817979e-09
2831,-9.694202307314796,-11.849554559267075,4.246663968109862,1.39881755766586,328.2389314259924,0.33057965655114163,1.4002536253241122e-09
2832,-9.768231233223917,-10.367287991442325,4.677276538282018,1.4618004083906715,276.6386360626087,0.05082911555684522,1.4038656452898705e-09
2833,-9.534033908490636,-12.685566382812617,1.6677608208171173,0.9982711112140831,266.7490295017887,0.21669268120806695,1.4096597494910916e-09
2834,-9.51955998999783,-10.228059577237875,1.3455272921941712,0.803187239209339,161.67468344023445,0.6392067300032549,1.423025319030313e-09
2835,-9.860965051125422,-9.719600695979592,1.4307133771063913,2.379515915909962,426.8205929145301,0.48044216087998404,1.4310110936237925e-09
2836,-9.893130203668928,-10.145008014045384,4.686114468662361,1.0246372141471216,274.4170744828049,1.6100046911467745,1.4411265894520153e-09
2837,-8.981269565050473,-9.664430662032679,0.5778987250612803,1.8115687711731099,453.43550140984166,0.9169336064296205,1.4425392273513784e-09
2838,-9.649685392515691,-11.032009675703248,4.489762302229946,1.0850660912694947,269.0842342698564,0.9666727788308265,1.4510850881011364e-09
2839,-8.978659282057615,-12.081794127035081,5.098760487612729,1.176546709003527,468.0309539997374,0.3818383701195138,1.4520844827454388e-09
2840,-9.717943770981844,-9.97907820404521,1.4301465136929856,0.9291570257192581,467.23375967571104,0.6201914684081737,1.4570319069429058e-09
2841,-9.976782085729695,-9.241151657393209,1.2951242984365727,1.022701364734229,239.49666579729114,0.7252897293883107,1.4577151430788554e-09
2842,-9.01052125832106,-11.432242026176176,5.1623543807369545,1.2302067592562225,308.57217986809985,0.26768914158715074,1.4591048288416807e-09
2843,-9.927721343265176,-11.582673702245396,4.008057933549523,1.1701339068161103,300.80241029328903,0.20266442324861877,1.462029188449313e-09
2844,-8.999540720628298,-9.67278374691345,0.6137749437462727,0.9516002059591292,196.75753625724863,0.21659969705300153,1.4661035053683085e-09
2845,-9.729148336339284,-12.221883311533304,4.132597910540477,1.8024680631019776,429.70085423700215,0.12924536899958294,1.4670355814484393e-09
2846,-9.970575166042291,-10.583826995150842,1.799168054163567,1.0586275949631225,276.19346294671783,1.48368939899294,1.4688822996358866e-09
2847,-9.621950798766255,-11.054108214483296,1.6183139015021963,1.5511063317507807,354.1148222869179,0.06255917585359416,1.4720446744678245e-09
2848,-9.84478225592174,-11.51811785364295,1.875325622734903,1.3203937979327804,324.19445439916433,0.33829292572864933,1.4744798374406703e-09
2849,-9.625931764970549,-10.378638494195483,1.4806737242799894,0.9750444000882316,257.87237414499964,0.4647507862954052,1.4791947255007526e-09
2850,-8.937840853942747,-11.55552705502871,1.0505516776170196,1.173995137835863,467.2635991643863,0.5211832222469983,1.4810718998309995e-09
2851,-9.182215468632645,-8.445999871062877,0.4237260471154526,0.6577777375080899,136.76052342296737,0.43112141859615427,1.4869823474295314e-09
2852,-9.78575351876582,-10.3661870440105,1.602265523752536,1.0694290222778464,212.294207301868,0.573234017316234,1.487346399398384e-09
2853,-9.542547191706483,-12.446430758545453,1.677208114406526,1.0261681420162043,280.8242605539665,1.1884278167484945,1.48949044361646e-09
2854,-9.92324847888018,-12.568698089308393,3.847368758821871,1.3798907223523218,329.766337546662,0.23764679697950264,1.4934854766949818e-09
2855,-9.746392216844493,-9.925978429902528,4.983351158371151,1.2718124591767734,292.8048981071765,0.1316820864025745,1.4946323442005713e-09
2856,-9.902305232495314,-12.904698752773724,2.0394215161752305,1.0464338660577068,205.68323298287348,0.20613469440192134,1.4950827954502868e-09
2857,-9.69609734690667,-11.046805541586423,1.6833428662664363,0.6997804232721577,145.30103825263058,0.17507271635354105,1.5005366805243826e-09
2858,-9.725499827640462,-12.78818943363022,1.8649246723355277,1.0682642331883723,278.923119290836,0.5111334657452629,1.501849804909894e-09
2859,-8.878490172154358,-12.69973942293476,5.164465354722007,1.0399039327755535,275.9133515004844,1.7545636905688529,1.5055970675993676e-09
2860,-9.926804682310229,-11.841062618676496,3.942031270232931,4.056777468768152,567.4130572764878,0.6239281414231952,1.5099290938180271e-09
2861,-9.880213802115525,-10.786379356927473,1.784828301401828,0.7287800371167552,202.84530301751812,0.961556072210783,1.51124332520807e-09
2862,-8.990964249149483,-11.636955656651354,5.138280710986633,1.1275548423991386,466.98669529755875,0.6358222900582815,1.5116269163064092e-09
2863,-9.208103012190119,-11.592297103764432,1.2949478317058227,1.0734982887251954,279.14868283926495,0.7315579420813085,1.5185067305889212e-09
2864,-9.603116592715018,-10.13318794386418,1.3937960927112745,0.9166527753128821,469.7845220004311,0.10503889927496068,1.5185348062505578e-09
2865,-9.640456608208044,-11.613324080058447,1.7104152959048662,1.8206069206469921,468.2223285232432,0.6570791848873592,1.5187778267410214e-09
2866,-9.810640979807156,-12.701034618167654,1.9532281191739884,1.5402624943651353,351.01559725185274,0.1240590093664844,1.5217364119217605e-09
2867,-9.705269663855047,-10.33316449697624,4.7382691557158525,0.5208244728841267,126.03465335537085,0.3563618726188915,1.5239151153025824e-09
2868,-9.073764626279594,-11.033919030238607,5.178079752957301,1.9874267782869373,166.02439471782054,0.31679107297725917,1.5250286615576666e-09
2869,-8.184529946936722,-6.3929524674089775,0.0426334231090257,1.1867925981760108,272.6203358232223,0.4390481431823501,1.5361987547175863e-09
2870,-9.860317845819644,-10.10508402348103,4.725151365828537,1.9496981898193162,397.92488583253106,1.6775527652411117,1.5379947166404013e-09
2871,-8.74778308254426,-12.628698098886607,0.9044812120109368,1.9403744504169051,395.97355366901536,1.3937918987910978,1.5404242909821124e-09
2872,-9.371620188754813,-10.437081198828746,5.053755136369669,1.3923246977764279,467.9686866832524,0.05423443397233907,1.5421760930424064e-09
2873,-9.924242684770501,-11.170853946954571,4.111270406532657,0.8439220975740966,467.7733108613684,0.5499215501328978,1.5441590913018992e-09
2874,-9.32054350158696,-12.126120776402164,4.637755338023722,0.931689715877995,214.8230238333694,0.23811681228985115,1.5571568703500715e-09
2875,-9.458717625688395,-11.10946916411379,4.671225089830805,1.0806443499873237,217.54474128101762,0.538959796431894,1.5571924687445068e-09
2876,-9.818181368433791,-12.495769195072938,1.9553875223647168,3.5996579271387663,538.8823100043574,0.7660532384166396,1.5578507437761049e-09
2877,-9.165844354855269,-12.157208384446069,4.829327311410079,1.2188115018213226,283.2889380032944,0.4650716648704689,1.5614137120161182e-09
2878,-8.480943494164746,-10.300433156207827,0.31917078566674434,1.1989841130079641,467.3917460391581,0.3099046904447045,1.562317887608255e-09
2879,-9.706444334778238,-11.451439669091283,1.7559810401386473,1.8020304722091638,428.89948225730507,0.2447046848585055,1.5635358717568706e-09
2880,-8.150417161178124,-10.568790520331193,0.20412539388945852,1.2887958206799468,280.3104274370935,0.19359495058698073,1.567726870762203e-09
2881,-9.57035482182365,-9.92061620991836,1.3063892168327176,1.4649366815230116,330.8301666157936,0.4193334662206274,1.570653853869284e-09
2882,-9.592952835544782,-11.049842777353058,1.6006719698422647,1.7877504777125208,423.907080051278,0.0215946487284695,1.571452334279789e-09
2883,-9.525605042366006,-10.049608315594705,1.310737230468927,0.9852336224675099,194.74633719469088,0.33267221492284005,1.5723630780289004e-09
2884,-9.780259279415436,-12.883921608261158,3.983673107133645,0.933842652286073,468.3381542613129,0.5128299800392444,1.5746826433523076e-09
2885,-9.408145845479241,-11.703336866637782,4.584502430989338,0.871240597377734,224.07272927165332,0.9205846603984176,1.5795242373394073e-09
2886,-9.263725060065834,-12.462157353808193,1.4078538902900841,0.8759552265900006,384.25610072050534,0.06258836797309097,1.580158299296812e-09
2887,-8.488138476628471,-11.55066464426668,0.4024929393880327,1.1167256183900582,467.9146440036988,0.798678918108366,1.5812108388874576e-09
2888,-9.668187425450869,-5.1674954793604195,0.41508803465648847,1.0253244279364322,207.4342424027308,0.9379113327081248,1.5845979201136386e-09
2889,-9.479824953421097,-10.506923040810747,1.3958220893419562,1.2581067294641985,278.53745013035916,0.580180745619292,1.5863863114150106e-09
2890,-9.73953988814084,-10.076377031815337,1.4902894239566913,0.820295458192607,164.6047864655667,0.4779541044976998,1.5900004096102948e-09
2891,-9.722743056081098,-10.283792099229528,4.736556940317638,1.625962068894145,468.23746383662234,0.314369184306428,1.5917285678739646e-09
2892,-9.547211077593941,-12.439886363639728,4.308037797115882,1.8769951226278292,467.6295947161448,0.518346988646555,1.5927057284889217e-09
2893,-9.5249800831921,-12.157514305520763,4.364619909566379,1.6864403300121273,362.7418312852047,1.3347398152214778,1.593995068063782e-09
2894,-8.47101540236591,-12.740952010169359,0.4269554692381821,1.2506237572682313,289.6024071095413,0.35029594098303374,1.5996133838743767e-09
2895,-9.40986949940849,-10.238917445199844,5.11326780850718,1.9358011220190616,393.70979268339744,1.3538680330839048,1.6041726326302174e-09
2896,-9.667368833426512,-11.305210439417621,4.351111554311475,1.7957614698929987,468.15313881397543,0.04071439499608598,1.6088548448233004e-09
2897,-9.073886176603791,-11.298028250621476,1.1480125168766406,0.9111790175998349,468.3105883664721,0.8014398062062913,1.609972026113116e-09
2898,-9.765805935329233,-12.41348922365218,1.8979681849018282,5.521404660752753,463.97417362819345,0.02465367092707549,1.6105213731936586e-09
2899,-9.33428019494503,-5.625017963184908,0.2834247859450952,1.7712462704334702,421.9911609845347,0.8017534119649357,1.612748832281298e-09
2900,-8.942431471268122,-12.73896155787286,5.061882304913053,1.6199954450208451,176.8771499333197,0.24396362634644486,1.6217814861892668e-09
2901,-9.512900125813553,-11.308664121766807,4.533311414363906,0.9426420053330395,245.20414214248672,1.4381789628049875,1.6235873527761482e-09
2902,-9.677313833848423,-10.929117930265427,4.459686745114345,3.0320611606128094,500.81278010305795,1.3102178524740742,1.6263272434242178e-09
2903,-8.8789159231335,-12.866184079116351,5.135107098185122,1.8189807621348952,467.50249411378417,0.7798561336182273,1.6293354076009402e-09
2904,-9.302910839418308,-10.586346931603583,5.04670794147738,1.8702965474985331,454.228308708745,0.48070080043457164,1.6334928219314742e-09
2905,-9.528806515849105,-12.355197812886637,1.6760969550014961,1.047233034671746,468.006195245588,0.3371085263938456,1.64707855574611e-09
2906,-9.628862996342805,-12.282396074479248,1.7680906200387663,1.193858446995176,260.0674474781808,0.653059728236828,1.65110313879431e-09
2907,-9.553690558622304,-12.184982291436704,4.3115041384637545,1.6780230757465129,467.93600474819516,0.44955633952783725,1.6584425446427955e-09
2908,-9.146946385553768,-6.275066956606215,0.23852584608456023,3.5833804729787064,537.9466120740649,0.802197713390254,1.6608032900632192e-09
2909,-9.259874185186638,-12.009260115828319,4.711725706327386,0.9412174599041769,265.168184939953,1.4710880799917518,1.6619740046415772e-09
2910,-9.019910401907435,-11.82761171049365,5.046391612911275,7.89706182953818,369.44565197585115,0.2617822093824316,1.6627792036105556e-09
2911,-9.887093875428455,-12.450675404822723,3.8620753419067353,1.2631151988102796,314.6783948864258,0.48433681465754486,1.6634135711527654e-09
2912,-9.331444769135999,-10.652076318746612,4.9771901724506895,1.281843985580828,467.84547406761664,0.37911850937256997,1.6670243404193467e-09
2913,-9.52731142482528,-10.197392511669587,4.9919513683823755,1.6552189583036185,468.0235912625438,0.4734901314150948,1.6677258312462762e-09
2914,-9.576517661824932,-8.199475984399854,0.631740505967266,1.0909261417780427,170.06159218953508,0.18088130395055746,1.6680935038865094e-09
2915,-9.849672000390218,-11.531703617721824,1.9052489050583914,1.4996793075445238,370.0877579504238,0.9337188351899401,1.6702108817728835e-09
2916,-9.757991502939017,-12.945059170694293,3.984684754059157,1.865532592659383,467.7804831024904,0.21476525818392123,1.676686298372652e-09
2917,-9.978318884139094,-11.16488653559544,1.9662316062726202,1.6317099865590121,379.28842846705965,0.9176893569345319,1.6791503619635106e-09
2918,-9.683693393383258,-11.17432185051466,4.356506582297257,1.8268835657092544,467.5995661145537,0.38870267306296835,1.6800853154857406e-09
2919,-9.711151692646684,-12.412172297957854,4.085966122031124,1.0681964337230394,280.82281977595704,1.035844133420162,1.6809540510056034e-09
2920,-9.678616813445393,-12.170185706480723,1.816320221296072,0.7675017051102863,187.15089059530848,0.7515855155661315,1.6832340600813903e-09
2921,-9.649072992469968,-12.966138663142292,1.8226529915393102,3.1769840696165943,493.85695116677954,0.4099541624460388,1.6860729111840252e-09
2922,-9.017920051944158,-12.613878919135418,4.95845173428759,1.5483620392626432,337.31623403581614,0.20976320622707867,1.6948935867518392e-09
2923,-9.80659406743601,-12.953395568173509,1.9738478149943572,1.9044480451559789,394.65108356247407,2.15414184652725,1.6949037344709907e-09
2924,-9.121878667540798,-12.270458577301683,1.2610496182387558,5.960318418001533,425.352713425169,0.08527618847481921,1.6954958461131514e-09
2925,-9.560680552719933,-11.923008983942745,4.335264474145767,1.0153584715792205,467.6279893968216,0.9340540011277696,1.701394705567603e-09
2926,-8.875744508355048,-11.843892004522624,1.0218734922881583,2.784674743828539,477.06290805141106,1.0375117467756798,1.704259943511019e-09
2927,-8.91625283206297,-11.838138712861586,5.173256788038673,1.0765559118903718,170.37160547490214,0.1913938380907192,1.7062770828761933e-09
2928,-9.5710036932986,-12.519294441225819,4.249586469817355,0.6838302836749411,155.4403202882538,0.007636096381360424,1.7069330811768002e-09
2929,-9.329701393202635,-11.178780725926273,4.779684688966156,2.299155480308201,437.3833910188702,2.0312585535755554,1.721385585939446e-09
2930,-9.851973479476424,-9.663470352239395,5.061807480675817,1.6812598318340775,364.777028998525,1.5466978714411326,1.7224403057535573e-09
2931,-9.616195614756712,-12.269991718125622,1.7626327627040346,1.8043432400368111,468.54313315979914,0.49539720213081306,1.727999930204152e-09
2932,-9.452196638614693,-11.652394946186668,1.5609370475026267,1.1607013199735126,298.2544582221162,0.762444990997964,1.7366442361886605e-09
2933,-8.979599572254546,-12.425397649822012,1.1357949767775726,2.4059012337916634,446.33519266266154,1.6823719592261792,1.7370134500542193e-09
2934,-9.047615917294562,-11.330524244862211,5.093345617972399,0.8567228176060451,194.55976423949903,0.78387578921462,1.7370400554171912e-09
2935,-9.242506323621162,-11.924769361370382,1.372468799101503,1.8418297102589958,467.9142965684262,0.5140008053388305,1.7445089440255233e-09
2936,-9.207396403179995,-10.071670560658614,1.0780801720676783,1.0888922368523974,283.51310406541444,1.485563336918263,1.7480389058465437e-09
2937,-9.866503766865923,-12.480666359424461,3.8643899363414094,0.7896336797996965,208.72095976603666,1.2951374290163153,1.7518297606508835e-09
2938,-9.362864942138405,-10.713038563440403,4.897542961965808,1.2567257793338513,269.5566653218145,0.5525530021996845,1.7527733256090516e-09
2939,-9.369074768679218,-12.887822837477039,1.5459011553547013,1.468238327636288,467.82311753665243,0.019937400193725807,1.7535725773182454e-09
2940,-9.259944060599503,-12.476736575079345,4.646040117036758,1.1577976768255955,295.8387757762328,0.6135403752321036,1.7547200679974985e-09
2941,-9.414377893474896,-10.084824734388327,5.183951526228695,8.897872931353282,762.9740050971038,0.35223052917649067,1.7561864483336523e-09
2942,-9.992806840253827,-11.018147818940538,4.042940416265426,1.3482556891435815,468.5177571525125,0.6624666791190403,1.7606076429585858e-09
2943,-9.986643145480057,-9.72582316144803,4.873248322449482,1.102231641505033,287.9061097789272,1.2743040384535425,1.7626612927516367e-09
2944,-9.756127768703696,-7.689857521763508,0.6411870742021683,1.1471895140685515,233.6027309702081,0.5931245688483004,1.763414349383902e-09
2945,-9.858981415123543,-7.162494631273861,0.6338330758463526,1.9537876544023467,374.49084404791,0.550602231298214,1.7781549704754538e-09
2946,-8.39004859850099,-12.594088196731429,0.36266495197129484,0.875473852936962,468.4534690754883,0.46406100233180503,1.7781935781553116e-09
2947,-9.149063759530907,-10.751652787224554,5.13993291727101,1.895698659879667,317.5668860116757,0.09546620905340042,1.7838192364209445e-09
2948,-9.396301871433165,-12.656269870676718,4.446998890323988,0.8656069922036215,334.3988672554588,0.5821892138827707,1.785017213188078e-09
2949,-8.692912819648786,-12.730602587495662,0.8275384949583243,0.5716450306823696,165.32782810227386,1.1738939043470458,1.7859842490253748e-09
2950,-8.9150701979695,-12.719759181671428,5.072491182494776,1.0833988013729263,288.0471765856003,0.6809978026117713,1.7904398213201938e-09
2951,-9.940051021368394,-12.75353906698566,3.7288808769759103,1.6673874289329373,467.99423869331144,0.5722908935791233,1.7948565324001117e-09
2952,-9.417152245139341,-11.549774816967702,4.564959440524273,0.5952629781050359,124.034266002326,0.9725953090635464,1.7983056059987854e-09
2953,-9.80194304970361,-6.794157764418603,0.5563600890046757,3.5815766292169626,536.7935737305851,0.7514174240776965,1.800165404905256e-09
2954,-9.479919857706152,-12.661002896130599,4.33515351007933,1.3441931679964818,315.9419342392081,0.30540747121815137,1.8092691028129621e-09
2955,-9.877851594678573,-10.718206295960456,4.290286675967608,1.8316076175479514,439.1763729001506,0.7335092175393987,1.8109339956947548e-09
2956,-9.961690754123453,-12.46363075488644,3.7254041772420528,0.7452705294768337,158.55213777736736,0.8013840855781789,1.8113579304993792e-09
2957,-9.788323917223465,-11.053508988487284,4.249095116778168,0.8950786431294142,468.36670466139975,0.523777156270631,1.828159270562525e-09
2958,-9.1255802233282,-12.273273516265714,4.827440094021843,1.3058443002491262,323.19134425780794,0.4015129168313605,1.8320252522496958e-09
2959,-9.682899704324413,-8.03990181937044,0.6747050352564272,1.0672529450407555,467.51233790658597,0.3130668111215078,1.8345597067689468e-09
2960,-9.53240974908509,-11.809784075676964,4.363059528533801,1.1304939219250643,265.7759524257879,0.47946436211530674,1.836005255941632e-09
2961,-9.68478318039106,-10.474498969711597,1.5837772827507286,18.551010301225585,563.4713115433269,0.11844640603486312,1.8425326776164592e-09
2962,-9.859928002228832,-11.5968414188742,3.998000266289911,0.5257227975749792,134.2037341574729,0.960697397713024,1.8429421599089654e-09
2963,-8.9902249029867,-11.235755125701553,5.178334844714585,2.909734948857426,491.48226796253755,1.4444228448169438,1.8447792696711036e-09
2964,-9.945326061276672,-11.630981908255327,3.883581473292787,1.2101667561380098,467.44316353357755,0.19934218702350037,1.8551226679798057e-09
2965,-9.600122988834542,-11.991696060720487,4.245732381892539,0.8020370667872566,225.5757084356631,1.3750092227465833,1.8596649996293754e-09
2966,-9.862330830158022,-11.947379881430708,1.9972702002604648,5.802287596192883,424.0630824457842,0.10653142435933738,1.8632602348393437e-09
2967,-9.19048608160935,-11.896446209268879,1.3227537122150672,1.2867341532202246,210.6399290884863,0.47823688341513293,1.866944106694471e-09
2968,-9.834109261394374,-12.700910512311935,2.022946333866408,2.3602841623731905,438.11799814421636,1.1187214307529265,1.87329878264977e-09
2969,-8.812027736637525,-12.99095719687098,5.182344988591372,1.1491992491534282,296.14656083255807,0.6045137052837992,1.880100312011314e-09
2970,-9.481784416903736,-10.070811193096898,5.094587789787298,1.1532987064777853,282.75160221343504,1.1014613576451806,1.885835953168257e-09
2971,-9.839373031790991,-11.820838421155107,3.9645188173314003,1.468707489276829,468.11825403649186,0.033818473351538536,1.887592869132781e-09
2972,-8.07008185604616,-10.584295972587245,0.1887126379428581,1.552329266850537,360.9058666617517,0.9134820633881375,1.8957477067490215e-09
2973,-9.411974194419695,-10.197176667106993,5.087837383392099,3.8888148265007,365.5958215153015,0.09562919046999596,1.899483886406874e-09
2974,-8.92276530442313,-12.548756284800863,5.060176978185475,1.4183733555007616,320.56235958996865,0.29206368840067043,1.900832798546123e-09
2975,-9.630556409171664,-6.43274806058936,0.4378951642275583,1.3203246217526736,468.92552506737115,0.8678828300318813,1.9086906975736276e-09
2976,-9.747234008698927,-6.869884283649208,0.5310384625750801,1.8581199590987136,446.36137022343746,0.24320324727054743,1.913608631356922e-09
2977,-9.67301933658237,-11.329738895452541,4.280806822583326,0.8950824367231662,467.1410808027416,0.2491489328025187,1.918450318388491e-09
2978,-9.637608737950842,-10.370115925200354,4.723056405487792,0.9640992196587097,467.17229799625494,0.6204342333910713,1.9198796590825516e-09
2979,-9.77700162741287,-10.323567333157325,1.6249085590874133,0.859192831944856,227.456237022029,0.2734929025153763,1.921783485559416e-09
2980,-9.874794848811302,-10.775423186565376,4.245050503784075,0.863702799722665,468.60790306049984,0.6414554186232939,1.938852710405006e-09
2981,-9.531391687157829,-12.917754186857351,1.7301005355463928,1.1874841655748465,243.8248685199311,0.3144586700804206,1.9403876237836274e-09
2982,-9.540591485020126,-10.843788815650537,4.599802322944481,1.1050083714699088,267.2641020522683,0.8895886502488066,1.9455021505217254e-09
2983,-8.56336738279349,-12.347103489138425,0.5154208886863495,0.8612264098956373,176.95540183679867,0.187725479526212,1.947100905208909e-09
2984,-9.304241032981823,-12.243647103360836,4.5787678089069015,1.39512342941892,370.8745311483063,0.8194577253649173,1.948281645379485e-09
2985,-9.684537050019696,-12.443426130337025,1.8662970790381337,1.4158521138775477,323.1657950101724,0.7605358592254374,1.9556340224630113e-09
2986,-9.817039360730194,-12.253949997513784,1.9917621893432638,1.0178227223845813,467.69071569790924,0.14758103003028467,1.9575245016796633e-09
2987,-9.625750772615504,-11.01033285064855,4.429854539959665,1.1151281805315523,467.27317751547446,0.1040654956895608,1.9657468715821555e-09
2988,-9.770430005547585,-12.894107987238483,1.9797629506307155,1.9054353453178139,468.40261104136573,0.3622264402354025,1.966227552515397e-09
2989,-9.35891579760139,-12.22268366852292,4.506040348416549,0.8422702323170235,139.10517877197708,0.05291512594878078,1.9700788089173266e-09
2990,-9.045175939832196,-12.114689147623519,4.928030669787251,1.2002692662170866,283.56502632273094,0.5389996294504398,1.9719117316494574e-09
2991,-9.1983166173041,-11.088291531206414,1.2598422789017805,1.5804354480745315,468.13503332263224,0.5916144532770495,1.9873851703223948e-09
2992,-9.646759922529107,-10.205881209522481,4.802654779898346,1.7795069295737067,440.8200599744209,0.3597181226931001,2.006736884834484e-09
2993,-8.957927440540843,-8.043305914237934,0.2903060597261704,4.0905107622794095,541.0501410262224,0.23240616580030338,2.0107335275551895e-09
2994,-9.555286728215112,-10.548297224394055,4.705306033288982,1.7890879351840259,468.0697233882252,0.5430685791570085,2.0191688277469463e-09
2995,-9.5835505202438,-12.562559006132965,4.172066886990877,1.063613608129176,468.2426687609447,0.6417398942340053,2.0202067218137112e-09
2996,-9.532604179250363,-11.417799058729123,1.6388165513802082,1.808619562294603,431.0811027189214,0.5685218045493015,2.0208244575533094e-09
2997,-8.13743181340175,-8.407769244020734,0.12802240618998487,1.0397285583255198,228.36597669564347,0.08550315265404951,2.0252687199430847e-09
2998,-9.313899161286887,-9.372217089260749,0.9579503500962815,1.0194933065180138,210.68629230069322,0.14667052633364186,2.026429641583537e-09
2999,-9.744978823188438,-9.638563497397948,1.3592813025232888,2.1888500367508397,426.10155521139586,2.123648014427596,2.0273834014644806e-09
3000,-9.808436992767044,-10.349088665883688,4.5295808275391884,1.7437965680993082,467.32360264040346,0.4865351134892153,2.0310514209557903e-09
3001,-9.721908831007578,-11.35588937784416,4.194829727386091,1.68077765787894,395.57803327346846,0.4168586477931191,2.0324042396526226e-09
3002,-9.61733882324367,-11.12297097061501,1.680334712130185,1.879608193460274,468.4022043374971,0.6208639113669792,2.0335020745399105e-09
3003,-9.810440373009254,-10.628021039314616,4.370195516035061,0.8040187871378214,220.808812684991,1.239518404662081,2.0385722985189656e-09
3004,-8.939865696662382,-11.497142287472439,5.154726767722324,0.9369775829778502,251.11439487502122,0.5554694844997181,2.0387466008870933e-09
3005,-9.355252998330783,-8.785693630275247,0.6573504822523337,1.034105067603252,220.04322944709477,0.03041808794796541,2.0399170506084716e-09
3006,-9.729533061257868,-10.654438075643066,4.446492185199537,4.112588487064487,545.55246339153,0.2031181040670349,2.040430874396739e-09
3007,-9.288326465155084,-10.876222041571463,1.3209682621743797,1.709981342506817,402.34084138146784,0.7413341881902697,2.0516332897905515e-09
3008,-9.056542554468972,-10.460181345716963,1.04843963480603,1.0979143873912798,468.3916533388355,0.5331961207799196,2.055041257614573e-09
3009,-9.909740069681261,-9.688775995682814,4.932728051325053,1.0788452977705154,467.7323413992842,0.22732628412108546,2.0552437192585302e-09
3010,-9.36880739460452,-11.358398861153072,4.630379740960305,1.0248319513413817,267.90993298560045,1.6866209424051712,2.063959851832562e-09
3011,-8.25640904515354,-12.577486982401993,0.28728039324027554,0.9526146872764735,255.98010930068756,1.62953281117003,2.0709216845732597e-09
3012,-9.738613703974798,-10.520188480302767,4.500628313288795,3.323987165481818,512.8520610850825,0.4362235617622945,2.073857032416371e-09
3013,-9.926672423559696,-10.539797034900081,4.284429674096199,0.685727107807122,133.8425227141933,0.24834612081925211,2.074109298027778e-09
3014,-9.554350522777192,-12.108197958751415,1.7275902324654744,0.6536102994806795,138.6212274748164,1.1262285506516854,2.0798244547673613e-09
3015,-9.619798155689159,-10.545031859461226,1.5664413049689145,0.7184156955334738,468.01599355311146,0.33971089967581136,2.080394660790994e-09
3016,-9.873242117690937,-12.520294588341272,3.778344625079252,0.7135290874738884,201.9632746445742,1.1001645651000604,2.0813549579057448e-09
3017,-9.70917707010957,-12.299145387931196,1.8938115053313545,1.8333736795839979,467.75828955977283,0.48468805909503043,2.092699565895277e-09
3018,-9.74564122319938,-10.374732146010182,4.57307228620821,1.8110968316317155,470.4605009895735,0.22827573877847396,2.0950564875740793e-09
3019,-9.338428483285078,-12.072822260198276,4.5315724196423925,1.6213809346370682,383.0546608680274,0.3435876123155923,2.0960047370416674e-09
3020,-9.938759298308797,-12.596117966005624,3.6704864084245994,8.175492693058434,705.500184160927,0.23186464956337627,2.100715906484742e-09
3021,-9.149686180497222,-11.635964505725804,4.845850520910527,3.8599721269904936,545.1678539401667,0.32922358673917707,2.106677215828502e-09
3022,-9.078908460188073,-11.405103615910251,1.1876375509382573,3.0876710321692755,244.54174155211183,0.4159945767896245,2.106782150004468e-09
3023,-9.853399784553572,-12.00476104071519,3.869785115542409,1.1160976881148332,467.53779584508317,0.4136785350082528,2.116753155776648e-09
3024,-9.614940150092796,-10.492628302008,1.5515466483646139,1.770158168334102,419.3265819656892,0.22440637193101232,2.1199569343090377e-09
3025,-8.818020497437557,-12.495469689501192,5.1739383560388745,0.6933795823206507,136.8347316429896,0.2993763505408866,2.120785389016213e-09
3026,-8.85849984765937,-12.598837866221292,5.112076414115251,0.9767054371739063,199.09352140945919,0.12243226973853627,2.122242142559999e-09
3027,-9.474411075790686,-11.802111899707189,4.389493433906033,1.5832740876543014,366.7510428044847,0.46818843169488567,2.1276863823125916e-09
3028,-9.787237152801184,-12.276745006520795,3.914236082208542,2.226356410309361,428.79922215674037,1.6653964746347674,2.1321931512821995e-09
3029,-8.732408626759119,-11.093739880323156,0.6781832317992939,1.6544394894916805,468.5974193654235,0.564131113586309,2.1380838883184157e-09
3030,-9.55739593426663,-11.492850063075698,1.6823782871429371,1.1110724592988537,286.4296628418101,0.7982791149848039,2.145411890413796e-09
3031,-9.379026100427941,-11.81518857048649,1.5322710502929615,1.9405690844523786,383.4808166289981,0.679723683063373,2.1520825618168022e-09
3032,-7.785162096893934,-12.273056017956046,0.1427299552806335,1.84794876837873,468.02163036680406,0.28101684140862826,2.153887049983084e-09
3033,-9.9133332062008,-12.880500631040789,3.6641080971535858,0.9975391516162642,171.58946801028907,0.15721484788183915,2.1567268494904175e-09
3034,-8.846861924063173,-11.043793083979931,0.9326703165875275,1.1653847601716434,468.4327083045123,0.28030746879522805,2.1639086534041975e-09
3035,-9.112790431576755,-12.019666757436081,4.827385317317535,1.5877776329286764,368.68997294797373,0.14061646883366397,2.1687154816423403e-09
3036,-9.943117681214495,-11.882605532181499,3.7553766572203533,0.9922408054636398,275.0393654385751,1.2235851111962006,2.1712305635992057e-09
3037,-9.490998308990232,-9.849901054945843,1.2519404998681636,0.9562159687783289,268.27531730432867,1.7956181902506296,2.177746059461069e-09
3038,-9.503410214254492,-11.505271058651834,4.403849150839552,2.92786300680609,213.25009660575876,0.3167258709908847,2.182228218499772e-09
3039,-8.779187735713938,-12.213433079618897,0.9586883258615404,1.03636089440439,467.5869477821732,0.5779518650966198,2.186898737759092e-09
3040,-9.619446445679879,-11.93763268087748,4.173083897398387,1.7252242493912926,403.6469857441877,0.0701047344032748,2.188921491569667e-09
3041,-9.537266094827654,-12.824879656466477,4.1858225612243345,0.8580437777490292,148.17334971819912,0.19971312869530689,2.1890045974011036e-09
3042,-9.442251953702732,-11.47768534658144,1.5701806772701572,1.895821054026317,468.8205939270294,0.6065650316376017,2.195243082468235e-09
3043,-9.927607250172453,-7.11560220182482,0.6865248798673501,0.9647231102949378,237.43301223025495,0.15399270006627308,2.1960994748213287e-09
3044,-9.712701103755025,-11.78389635816719,4.074797463753188,1.8642669055347099,467.7772844921059,0.6098154513997684,2.1981507064332542e-09
3045,-9.672003000720185,-11.901478145068834,4.108110527011931,0.8624159516386318,177.25371329702386,0.7051477901188008,2.2039556323530175e-09
3046,-9.661645222634231,-12.651866465291883,1.8787246129031832,0.8307004505602356,166.939264782609,0.11256585767315386,2.2107624341949404e-09
3047,-9.241108620853488,-6.894401912978686,0.29698506766255645,1.0933893206855119,288.03392083143467,0.9961234738362288,2.2160613187264045e-09
3048,-9.46138140968438,-10.15818432834841,5.012819693512638,1.6296374003644216,269.94459844992974,0.0017946535916655293,2.226102997131389e-09
3049,-9.45543883044398,-12.766157740948607,4.293158998141167,1.0791956682231867,467.7716358356708,0.141647561543925,2.228322761566018e-09
3050,-9.724219627072888,-9.585055532323285,5.1906362554242556,1.0317581316229407,278.16104610029515,0.7540942557617152,2.2284807183244957e-09
3051,-8.71077867260139,-11.426704148915128,0.7182218181545285,1.2449453673144135,308.59258048187485,0.7014046614507636,2.2308588604392058e-09
3052,-9.808912047890061,-5.902169473916916,0.5222301618099755,1.548705382604406,356.6012183538601,0.07484859540489008,2.235691785423206e-09
3053,-9.379282884228195,-10.103206968969666,5.143026935931904,1.7224700129014034,466.96127061203987,0.058180920417322035,2.241541921173785e-09
3054,-9.48435442269364,-12.009135636297433,4.329541483414973,1.710052202431267,469.4401617873473,0.21249884480573922,2.2440498610955665e-09
3055,-9.361179576705748,-12.10728895006581,1.541852957786136,2.787336228881117,461.59610079499777,0.4134677185779436,2.246790927800913e-09
3056,-8.974462094492084,-10.296662734346231,0.933025315636136,0.6246963228988844,129.00861350123168,0.06059491360032432,2.248663867808778e-09
3057,-9.326468109417123,-11.110529575711624,1.4087854875102757,1.498597880128785,349.10901272186857,0.2873815272656568,2.2515554626509936e-09
3058,-9.874871434375233,-11.796620490808285,2.040301082614321,0.8076664635500495,173.08862128259213,0.35333748812939714,2.2530947825020877e-09
3059,-9.300892112298675,-10.436884424680812,5.035669273185275,2.828205445405959,486.6840826818353,2.0104284682810833,2.254396876346599e-09
3060,-8.707040164218142,-6.356760832096377,0.15185910027078978,1.2944608334529208,308.58258885532746,1.216446379894509,2.2604106107213334e-09
3061,-9.381381642715866,-8.773781602854278,0.6927007239157352,0.626170374137543,179.13451767382108,1.1510381030647148,2.2607624785767243e-09
3062,-9.613051044521754,-10.083491091808458,4.8863342406906485,1.331321276881709,135.2357033465095,0.35435400545994966,2.262153441583357e-09
3063,-9.160575414412952,-11.723733606479277,4.796348313475266,0.7974945335182132,213.25269001195934,0.75209931330446,2.2668511062035562e-09
3064,-9.681812053520252,-10.90535290030131,4.355232236092152,1.8665107913584937,469.0383463220395,0.6370890954266235,2.274666355700506e-09
3065,-9.06588377557249,-9.426795834255062,0.6215277097488963,0.45117842053390905,119.1471611880721,0.35005992380841633,2.2799088947832873e-09
3066,-8.854887037987705,-10.178933031055369,0.6274096217865484,1.8205028696822463,435.904749705697,0.6833320573993147,2.284337900781264e-09
3067,-9.271858224078187,-12.447441969729873,1.4670188406752407,2.435648089589977,234.2678852293885,0.18864028389619492,2.289429322345359e-09
3068,-8.995636909796254,-12.488171333755396,1.1766612574689586,0.8861627709955137,174.90447604786547,0.1505323744846443,2.294142938595948e-09
3069,-9.722064961733299,-11.508832929138059,1.8558947124660603,0.7012577306435517,467.29528298432933,0.3701264343425059,2.303047007020517e-09
3070,-9.70239772428178,-9.616666377486371,5.171412825890907,2.8379720866087528,487.0921526875691,1.902053172216915,2.3091692392850514e-09
3071,-8.974831511012212,-11.344442373708542,5.110343860895406,1.0719792855443857,215.14002942694665,0.8596646547206666,2.3177838938408804e-09
3072,-9.399797840466963,-10.399960538806107,1.3426202465660313,0.9333302815955312,467.9229353797465,0.5719121230075226,2.3198923810514195e-09
3073,-9.755697626742569,-10.77732731484218,4.31317421647115,1.720350339896091,405.9913011561615,0.4875144343201603,2.3249244525002283e-09
3074,-9.1831786369406,-12.742601091966723,4.646124168956298,1.2014659938581131,467.3971285234694,0.31428581285008406,2.3303288020990293e-09
3075,-9.595432978980275,-11.828534856646186,4.200380148750087,1.655221471099716,467.8489403430101,0.27063544665226047,2.335119383452787e-09
3076,-9.8179316467077,-6.438614463351156,0.5540459009675874,1.241460085336956,432.0670227466683,0.3199768085926795,2.3380140842480248e-09
3077,-8.01142845218992,-9.87434130971864,0.17429241908364992,0.9756447408594611,467.13676751822305,0.612329679254322,2.3404717330412693e-09
3078,-9.69222647099655,-11.845210750718227,1.8695968260699702,1.3309479144666165,325.92159489622804,1.4145296689258489,2.346355109980956e-09
3079,-9.280161858850125,-12.292709398187704,4.550472369182843,1.0780608465083756,163.28259802074942,0.18991966050953035,2.3474329609634847e-09
3080,-9.241289860369646,-11.00310087193627,4.857027528767868,1.0694564294808955,421.5360757508609,0.9062360032725056,2.351286572548719e-09
3081,-9.5906779725161,-10.298173353175798,4.757121506206357,1.0125781281281276,260.41945785327835,0.7318341736548923,2.351665319117302e-09
3082,-9.44651252027237,-12.912508072589317,1.6782129164977213,1.1525244702140043,293.56707291319333,1.1467131409927473,2.3569101923140164e-09
3083,-9.313506307332727,-10.7477174706184,4.860327246033533,1.4068410109710607,326.81974561699036,1.3844968176113737,2.358061221553842e-09
3084,-9.750300952612093,-10.363274552014023,4.536163760854133,0.7784308081008742,152.35683465094544,0.16560751585449118,2.3624714840123835e-09
3085,-8.901537130342785,-12.056032217818753,5.078844057950487,1.1821147775968106,252.30391159592904,0.25904533634277893,2.364792379509973e-09
3086,-9.384855150351722,-11.719435369105865,4.489443570066153,1.7260079157839263,468.72214714970045,0.5271177338674589,2.364967237250621e-09
3087,-9.313034284440821,-12.680011131518645,4.469595857183712,1.3241932396907639,325.2129510185254,0.32792295031810514,2.3676773484807887e-09
3088,-9.661221506651078,-10.943622912755682,4.351516611186262,0.8429004337637466,165.45308269136348,0.24948792804860975,2.3682938369716256e-09
3089,-9.897996469357414,-10.369997245281269,1.7653791590190413,1.1985520411726205,301.7513174441855,0.9182922296973608,2.3695658042484923e-09
3090,-9.814205105046453,-11.290587873024453,4.043112419615043,1.0995417179656284,467.2483279269424,0.4255471097077024,2.3781582917192287e-09
3091,-9.521456428614629,-6.335429025570732,0.3853066889769606,1.007928832257685,201.79107293233375,0.08428461601793202,2.3793033669841724e-09
3092,-9.968709497147026,-10.027036173357772,4.541365234387153,1.3350078563290608,325.67179038762566,0.5167336321140912,2.3854976467854783e-09
3093,-9.86004216107503,-12.761493337820244,2.1267997532436165,1.263086157080684,304.25646901224286,1.2244666113529057,2.3869932633456448e-09
3094,-9.594604726945809,-12.068856285770428,4.153559215243825,0.9240485054901256,462.3872283927849,0.39838264772840315,2.3940852560049417e-09
3095,-9.264325999698666,-12.047374773801259,4.5927517981193,1.1324690443905179,238.02969495456077,1.0158220594968315,2.4068913194962282e-09
3096,-9.5779153877008,-11.718951937378483,4.232053976666459,1.3474113616721197,306.2241004533073,0.0900011440114552,2.4203199309241047e-09
3097,-9.406211495630151,-9.599416963880035,1.1229755758680229,0.6079382222635036,189.0604699243811,0.3935630416558302,2.436808623157542e-09
3098,-9.889416802376168,-10.427468607249333,1.786890037813911,1.4679716894580235,468.00473099607837,0.6234415495628252,2.4426019301945723e-09
3099,-9.673757170342615,-12.952794401847608,3.9516845534117238,1.8436293237562502,467.6755795817223,0.4546021240257945,2.4450995440905357e-09
3100,-9.096880562415583,-12.377133956899856,4.775042398954486,0.8656158029512487,187.80964288649116,0.8744439357184595,2.446132691568261e-09
3101,-9.988722258734244,-12.662667790882125,3.5073283434364155,2.2759608178524062,435.3806624422533,2.181003127050606,2.4472371450682e-09
3102,-9.77254670289222,-11.66631345197659,3.986178803539399,1.1197861953687354,287.83939903573753,1.443467194991218,2.4509114710926335e-09
3103,-9.744222350944924,-10.908502465540229,4.255161699616679,1.8645387270070495,456.05856103265336,0.555822681406779,2.460535368059518e-09
3104,-9.859879459357186,-10.694804377410467,4.217190582097286,0.8795403988547118,244.10970664515483,0.9171806237505713,2.46172928020484e-09
3105,-9.49293209814221,-12.25916697699434,1.7058097803639511,1.0102810106852487,468.1028728991199,0.8877812650664483,2.4629604460071252e-09
3106,-9.911464353169661,-12.8458420691553,2.2069625438861213,1.0880019801518306,288.17461526936245,1.1343619310019504,2.4640542255283737e-09
3107,-9.256519312477625,-12.415140275370076,4.5547237109762895,0.7547290066231194,470.4411825610479,0.22870326938386132,2.4724650459188074e-09
3108,-9.789091723873527,-9.77622640825791,1.4725139281463553,1.7925529208360196,427.07795461088443,0.5836852566061737,2.489164584635001e-09
3109,-9.898747391005946,-12.358032896086058,2.164501434246894,0.9921438531181637,260.52633660908737,0.603381254501703,2.4898527366742776e-09
3110,-9.30593673694252,-11.689910299437733,1.4681258809904087,0.7837174294285915,221.53152158489883,0.7379275250431494,2.4912596456375924e-09
3111,-9.742921997622073,-12.982628854423243,2.013791092370507,0.7740272308961612,152.4354163002383,0.020831247897139527,2.493913754233973e-09
3112,-9.088414640675134,-11.26842830324211,4.960216927742556,1.2035433465650414,209.21313368800662,0.09329115231553597,2.4959573580145055e-09
3113,-9.35108097591964,-12.865595463598305,4.386608859294403,0.8595163031348669,224.06693295395786,0.4134856062998358,2.4986912766167466e-09
3114,-8.975288348923971,-10.048030152147913,0.8319399238700527,1.3098224198529766,164.80943020986044,0.23154864857826052,2.4991524601835896e-09
3115,-8.793881972800154,-12.849363784189727,5.141387211900893,2.7809799234752983,278.91986939121097,0.1488475753584515,2.49992928094023e-09
3116,-9.799690592642493,-10.07026942791494,1.5965989755328174,0.9930972661856207,257.52140557963844,0.22621446596395778,2.5021013125543587e-09
3117,-9.68272629702984,-9.595721281936967,5.190603427994687,1.1049118008003271,468.76819625225903,0.8475769831339539,2.502802271875274e-09
3118,-9.800577968658729,-11.356504680989376,1.9376819785268866,1.4628250447751752,467.9692124524887,0.2953250735966675,2.5109671818232445e-09
3119,-9.534412598090695,-12.624915995375522,4.157824250714936,2.473433120913255,216.4202302948935,0.2969390207186331,2.513712432841374e-09
3120,-8.66743811610953,-12.352484345449804,0.7719678643058582,1.8372904911258199,468.2197685059308,0.013299927272401924,2.5218666566981792e-09
3121,-9.229348379091705,-10.879293676770109,1.2854264236201978,1.252671298017213,304.16586905494387,0.5375408557133037,2.5250610708881053e-09
3122,-9.713721345580566,-11.615817428129795,1.8806563523561335,0.8047861744112723,172.49367269008536,0.7471071737159862,2.5264584670319175e-09
3123,-9.878416883750827,-12.431790139215972,3.6885933604916183,1.4983627224776501,339.5552601462227,0.8803428999912173,2.5305758452698463e-09
3124,-9.623941538863884,-10.610193768583358,1.6187965561811282,2.5631959873113774,459.65587589287065,1.3702498977487165,2.533914313480156e-09
3125,-9.895097929568337,-12.426497957695299,3.6607387075244295,1.9602483444687022,255.17996463437083,0.08769725908985837,2.538234923444186e-09
3126,-9.518915598145531,-5.765704195369263,0.36730145923867213,1.5156006188226894,347.52697128039875,0.8773408575291404,2.541959694068709e-09
3127,-9.182101045428112,-8.686713072143496,0.4872620193301282,7.8698098165319434,589.512698829285,0.07674526682590432,2.5482224110044987e-09
3128,-9.869698443992409,-10.450020364707399,4.324346376594942,2.3614124222046304,438.38895548367685,0.3730970715202693,2.573942216414403e-09
3129,-9.167167219008414,-12.16329077352745,4.690415853725928,3.8604630532609305,534.7186588973751,0.2630756915435484,2.578380545156472e-09
3130,-9.09328512899939,-12.626795015256189,4.745433411650415,0.9041580562993138,252.38196611144127,0.9820921689322137,2.579258567773118e-09
3131,-9.540892876623428,-10.124882008513243,1.4064467418119202,2.656332886823018,453.39866847016,0.5766854821666572,2.5810531461181027e-09
3132,-9.2956709438609,-10.637304377020193,4.9039191095050985,1.7655929222331301,416.66015640269256,0.6248979230786613,2.58602716488488e-09
3133,-9.741031361920403,-9.980089704921197,1.5240815155206295,1.4633161467701703,468.0384530031132,0.3840854757057839,2.590344018244761e-09
3134,-9.146134163841392,-11.660660105485967,4.787155028261676,1.0340286774896845,282.12640197240273,1.2392768028966765,2.59632062112649e-09
3135,-8.874459106785185,-12.718090090269026,1.086167105858715,1.333399818338425,324.8642317378637,0.2868923762649809,2.5997733711960104e-09
3136,-9.37244142848229,-12.326098355519736,4.389440121636635,0.9064870657593244,244.33519072925267,0.9281100324348426,2.601743274722695e-09
3137,-9.615943114807639,-5.891422704653877,0.41711857397729246,1.124885779257992,465.10334584922106,0.6448028832867454,2.6018485653878056e-09
3138,-9.38601862203297,-7.1405264813727385,0.3703044618746569,1.4533786540857982,468.69678842735925,0.3944322928272186,2.606479310451176e-09
3139,-9.357922322473046,-11.813976203577692,1.5411435169222907,1.4622127258689404,459.81528079194794,0.7692262891687411,2.6075263696989685e-09
3140,-9.658973705010549,-10.069449948829819,4.805354343653533,1.2492893523671993,273.57713091545054,0.9341781258955306,2.6140359398220643e-09
3141,-9.42865750293417,-12.955095252640861,1.6805282243238662,0.8785183075476993,133.50206268418665,0.288593357285559,2.6163812049078433e-09
3142,-9.860848005737875,-12.59588408948498,2.1539767065487787,5.4788218395249455,645.9031318742585,0.5253301950269291,2.617937294298936e-09
3143,-9.857066741597118,-11.767120938870704,2.0644262055250704,0.8890563343958443,245.16838406974205,0.9980317484273309,2.620200711030873e-09
3144,-8.896835639155503,-12.26756829533414,5.035120288877381,1.122300469093889,261.4324417490175,0.5309634188808428,2.6235217429794586e-09
3145,-9.70738833110715,-12.932184216155976,1.9887140662620824,1.8858038524887595,469.82198313667675,0.06101373319062109,2.6319448531253036e-09
3146,-9.589949293327432,-12.761867797737253,1.847940034312069,1.0609838875185755,284.70026256160804,1.0473971286745494,2.6474936884306858e-09
3147,-9.364905420470738,-12.297590305446258,1.583839356766472,2.4960070607547453,456.8122664671901,2.099177121802315,2.6523404825587935e-09
3148,-7.9720536235223545,-10.800042871222661,0.16899091432023708,1.684763173460636,359.2520814507643,1.0490959045241093,2.654396254189233e-09
3149,-9.546415206415693,-10.382353802543394,4.723517851826339,1.2140658084598357,269.20840017010994,0.574432208002567,2.658920910103595e-09
3150,-9.998437363368,-9.595061518938286,4.866098012056987,6.505767322915043,493.24146712756635,0.007848769907375264,2.6619705849288973e-09
3151,-9.365847106088584,-12.958825672975959,4.344902179611519,1.3628902625368964,329.1564409418183,1.0225201815543103,2.668249950732503e-09
3152,-9.819038014400059,-10.39161986988702,1.7328001701568276,0.5785442159448518,141.9472756236572,0.7215822017381521,2.6705636630265104e-09
3153,-9.991532931429743,-9.628189896035789,1.5574793391909083,0.9490523502990573,467.63703426664927,0.12435823690412295,2.679719880218466e-09
3154,-9.533622796009121,-12.831433376795871,4.117676999147134,1.0707065521866588,278.0134169674862,1.5601721034638372,2.690723040000432e-09
3155,-9.70519727646458,-8.884174552608703,1.0756467339447235,1.5991823556963127,350.4139704826972,0.8514102378538331,2.691923673297483e-09
3156,-9.848090544474482,-11.597573463666185,3.8611733768390506,1.064858354856308,286.3653341481962,0.8071104619261096,2.7037808859006484e-09
3157,-8.359147952988861,-10.544751658102143,0.28589789566526974,1.0761605785448,285.49804847535444,0.9591143564919644,2.7078437681535493e-09
3158,-9.44674103155587,-11.661100549015401,4.375692141350125,1.2432781006249845,293.7227136504172,1.0233116179425767,2.717855459386944e-09
3159,-9.771888196966389,-6.659804800471691,0.5429719276918605,0.7621806615483578,199.04930546194845,0.5337810454099676,2.722490759685452e-09
3160,-9.804694614559025,-12.879254846577297,2.099989258371621,1.0011793926398262,276.19821489777837,1.632050245393173,2.7228396703474478e-09
3161,-9.483068627979153,-11.596615618283757,4.3413114385252864,1.0438075976785564,468.03017970097,0.3815279612468272,2.7324559456281886e-09
3162,-9.687607951799773,-8.973054352355714,1.0954383002190673,1.7808846720467995,467.736389667856,0.4449687766134849,2.7375705889248125e-09
3163,-9.618994908609864,-11.204685807991382,1.7477622026980633,1.1318792159379294,296.67932961031875,0.7279355331460895,2.752178897763557e-09
3164,-9.5497089950016,-11.719068341276877,4.224267341550536,1.841072458922744,439.9179844852901,0.011502809787097945,2.7597176541214023e-09
3165,-8.920868940765114,-11.223886791269742,5.1669422789664665,4.028650823000139,323.19265157068753,0.15174434104722234,2.7614051910677547e-09
3166,-9.23143005840665,-11.053219831338328,1.3270987367848268,0.5060408475615846,132.83839989712726,0.12256758118686317,2.762938216490712e-09
3167,-9.903363398171035,-12.836645129743799,3.5598787174286417,1.3972560737507205,318.1987929869007,0.3148833016290249,2.7682876401813064e-09
3168,-9.74165993119131,-12.696154264974298,3.823161870097823,0.8758976097025063,242.34751069444184,1.4921472773150164,2.7764766513656583e-09
3169,-9.652369567202012,-10.201802673245368,4.700093133865677,1.1390247439198395,454.39170393702454,0.5649822639318822,2.7930234017166597e-09
3170,-9.645272857027173,-7.539833742030334,0.5539080260083479,1.1313032219550605,294.0964938149803,1.8847883540054022,2.7936285409786218e-09
3171,-9.881514996735145,-9.572650694183327,1.464570882935265,1.825934618672299,468.4259918405033,0.3952861376494541,2.798310977487698e-09
3172,-9.72941423255637,-7.6857498074241715,0.6412352290989477,0.926774959627057,197.21376441513084,0.3913358084520384,2.803436425325819e-09
3173,-8.70377205879531,-10.28114560675142,0.47892494981800027,1.5527076837996394,347.1977334141317,1.401616917899176,2.8059676428350815e-09
3174,-9.612299499046562,-12.197552178278313,4.051576062790506,1.1858048735554638,206.9935384493757,0.11522699523051916,2.8097821132536764e-09
3175,-9.740104903056658,-11.339018741301214,4.055001272909113,1.8912560123040836,467.81344993769017,0.34967553026524545,2.8138735359020265e-09
3176,-9.091199328446182,-5.775489092782563,0.2169748730318687,0.6956805463678415,147.00519302420255,1.0307856705550424,2.8143780962502465e-09
3177,-9.574589027098138,-10.69771370547496,4.505577775895791,0.9355550156628486,469.00747146071524,0.49353983895626197,2.819101940098576e-09
3178,-8.959462927943324,-12.87337202927342,4.8876180048341595,1.6970227915535352,469.1767038964151,0.6326527784967384,2.819161772132954e-09
3179,-9.421248257789777,-11.928092024293788,4.349825224151835,1.1573934509031099,236.67151097949798,1.0291579525201149,2.8237175361605788e-09
3180,-9.63377371248896,-12.708085236347356,1.9074440099765682,0.8947015040044519,230.17289107928838,0.14725142465006247,2.8243139003641126e-09
3181,-9.099663255327826,-11.289132319263034,1.22194291585119,1.036163667523159,215.47163779888666,0.48622874120839565,2.8247766111728294e-09
3182,-9.424652838242306,-10.390361631754672,4.844645082173599,1.0518736507301396,281.7657411707238,1.8789608976689873,2.838227700671662e-09
3183,-9.798225761592679,-11.81878702257758,2.0270359198778505,1.429727158090632,326.7723009368687,0.3917608943941788,2.8460043494214364e-09
3184,-9.06098733122047,-12.658203335773333,4.75804039694701,0.7403790258990371,223.43365806064347,0.44313016241797776,2.8538903638132215e-09
3185,-8.695952701862876,-10.044003120862808,0.4328631291349066,0.8312455323629129,469.6902230622214,0.009718191495125872,2.857419044982128e-09
3186,-9.76420832700127,-11.849493735310032,3.896400009173136,1.7043117443234228,467.8594169148028,0.4396340097983993,2.8574984436961517e-09
3187,-9.188705364814007,-9.64102385342874,0.9686746690462397,1.8171444714124978,467.98421442290953,0.760026373684668,2.8582099084778814e-09
3188,-9.545901970107494,-11.713531844292248,4.21835195422771,3.3716285573171096,195.00779627706862,0.3733440786577287,2.8603481338237525e-09
3189,-9.492846761168895,-10.991811287413913,1.5929236608548145,1.761272748335701,374.7450095912538,1.6030683223509739,2.8612346855181965e-09
3190,-9.645419284387302,-12.303909469099331,1.9012237581910807,0.9026554859616983,240.68118741823204,1.5036867492003267,2.871474951869317e-09
3191,-9.110568321603823,-11.651074452560938,1.2698131840182627,1.9842457732462984,386.8530468574408,0.2539348867734441,2.8726907926144333e-09
3192,-9.590588543128248,-12.080404233126227,4.092225710156827,1.4064097455506268,468.78085550458684,0.3954913466329968,2.874012217487626e-09
3193,-9.538764811363242,-12.190818713611103,4.148858790653326,3.6695064484841327,284.4181604829677,0.22538708195824508,2.8804234621718764e-09
3194,-9.766030864398916,-9.783342223257772,1.4795600288126305,1.8826709919392561,467.7479329625608,0.0903278443571418,2.882760636240588e-09
3195,-9.825947260744234,-11.121826864556638,4.01034714892,1.4736975473809433,468.01343442839476,0.37421791295123796,2.887188112972031e-09
3196,-9.573840094301783,-10.618891232049481,4.536113036682008,2.9732381729981827,498.64219211474307,1.9169506054376777,2.8876092377940194e-09
3197,-9.105841829155745,-11.10027053306031,1.2089143400852085,1.622178174019383,379.2206222106827,0.8716963271702705,2.9033212192365097e-09
3198,-9.63217916652942,-11.598319449360677,1.82785296653607,1.0646765569482144,468.5713927101304,0.7496406828645616,2.9041495007924183e-09
3199,-9.352944071418817,-9.045168281830813,0.855297724881995,1.5878921822425942,468.6481873446257,0.5642960174423859,2.904854664963259e-09
3200,-9.494920300733046,-11.91843418842139,4.243905126259612,2.808172845132699,482.27290937616493,1.4166292723179126,2.915092902201415e-09
3201,-9.564544620291537,-11.190447813172476,4.3151111080150555,0.7046479599344753,159.4873085682929,0.012143249234633835,2.9153365295208635e-09
3202,-9.761331182987739,-12.603250605688682,2.0620727700853654,1.8841760190757397,470.2778349690045,0.026338974463265608,2.917289903067338e-09
3203,-9.34606786219682,-12.423508239735984,4.379048564385512,1.2434341833996025,303.3695717021415,0.5016655562673629,2.9196876132868218e-09
3204,-9.836909629685339,-11.552525437558337,3.8549078298356596,1.3146961095268932,468.30122053641276,0.07161949065627482,2.9253169031681194e-09
3205,-9.948967850669671,-10.991350778842614,3.904543951788663,1.600231971026255,468.7097860322985,0.49825340538489105,2.925348063323532e-09
3206,-9.698285847583293,-10.848198315419735,1.7661253551270895,0.7819903946232293,174.03665662717398,0.18774028723667424,2.9301603291730607e-09
3207,-9.826913457229832,-9.665482067722952,4.927358190785151,0.8761268760526858,181.65414276019447,0.8843473646005036,2.9375868722191294e-09
3208,-9.285745377865936,-6.832262256038615,0.31234468316811237,1.1247251517913344,295.96274155509576,0.8281737247457208,2.9461864985323246e-09
3209,-9.981386221860596,-12.445444811677937,3.4322949525596287,1.7901773205437421,426.08184673494185,0.13467328446687965,2.9551767672753725e-09
3210,-9.217082380065811,-9.853967911745235,1.0722662376329397,1.4935335661389557,347.49679715547205,0.3408361935373767,2.9561526717152724e-09
3211,-9.900801641481724,-12.199116736472448,3.613076137843822,1.6415061209922253,468.2920267540007,0.6363506377138419,2.958643950257006e-09
3212,-9.791417217250508,-12.617254496420388,3.728315493725957,1.0428944126885256,272.1581521686932,0.4434126717088196,2.962817220477614e-09
3213,-9.864427164113055,-7.747880101933485,0.7789956108433541,1.3257180700236182,468.01226796050685,0.4363214079306088,2.9654936601335363e-09
3214,-9.931535650320182,-11.816174229801547,3.6446641669838926,1.3154551484799086,323.03923395666584,0.4276882157365973,2.9768956531772774e-09
3215,-9.479771696713797,-12.642194660441763,4.170766414121527,1.699237757378282,462.04340723849106,0.7516759949238816,2.983802499851979e-09
3216,-9.71148979552104,-12.117242420440869,3.9053398900602687,1.8102141452426743,462.2178236413834,0.755247674415739,2.9914182672896157e-09
3217,-8.509465039018778,-12.28377538038206,0.47080491414989134,1.2166177749366491,218.05730425084582,0.07482453146001156,2.994764590450658e-09
3218,-9.44171626906494,-11.655358342328519,4.351435371454654,1.3492592192618782,319.3169226455991,0.3148497989272423,2.9951824692636323e-09
3219,-9.505882683933997,-12.471616626068467,4.148059496029698,0.856861111182266,248.71090395660178,1.6011128905039511,3.005542443126188e-09
3220,-9.821407346217258,-12.845032857001545,3.6516308009728924,2.4114206587330638,449.12312930260447,2.2617137959162124,3.0077907292428698e-09
3221,-9.725048432797688,-9.79250766885805,4.910434180541034,0.8126132563679224,185.85518536158736,0.18775011598978342,3.011269847464524e-09
3222,-9.50149023605212,-10.796518877424667,4.530538481755321,1.373446421824477,312.8184389223033,0.04465113462989745,3.01134276622452e-09
3223,-9.873602044238593,-11.640269577957039,3.765183896020644,1.0918187402327608,217.3233759681778,0.9562838381513883,3.0170287158888743e-09
3224,-8.951235103064349,-11.362623350821972,1.1005372958865245,1.693764525899266,468.49452547174354,0.5372973421028027,3.0313512714540602e-09
3225,-8.27895396651868,-10.45603231911033,0.25273337163175685,0.7558372711942748,152.50795773560034,0.18011674101544184,3.0387650780473742e-09
3226,-9.528373337730935,-11.83491289296559,4.197730100610477,0.6728529126233131,126.85120466932257,0.2172859146472481,3.040619118606522e-09
3227,-9.199606945261662,-12.656100596873536,1.4369819428183765,0.8187411886768188,163.62668654272974,0.1782054515361251,3.0419079605776817e-09
3228,-9.675759928783597,-10.192583164911373,4.653251704174895,1.855284388505896,469.09637118764255,0.11572751747511134,3.044093258846674e-09
3229,-9.402742952330417,-10.81459481588827,4.647301383971996,0.9676357079988097,253.06109977423893,1.0569381566338594,3.0445363227161092e-09
3230,-9.405145289200894,-11.862791814789295,4.355770258302721,1.903752599350628,468.47422794707484,0.6543668119038237,3.062450561301795e-09
3231,-9.842391849299045,-10.712931399631652,4.147667948080771,0.9546602751882622,467.6149040385622,0.3106787609752173,3.069706325907962e-09
3232,-9.941030206593203,-12.551569029036736,3.463157814182394,1.1535263505901303,292.83085984262243,0.9319470516048058,3.0742972118528385e-09
3233,-9.406429062362777,-11.269028159148087,4.480682376800438,1.730658883017464,409.3619465997986,0.33110198854676387,3.0778307045295274e-09
3234,-8.128775031532413,-10.18733670885835,0.1953385104245131,1.7303842482206893,441.3099135017277,0.6478024649721323,3.099940554684378e-09
3235,-9.98752430069775,-12.467498475150316,3.3837284366036706,1.8488811822083049,468.4047900753505,0.25827507320629817,3.1005696321506307e-09
3236,-9.16761916401805,-11.808427510491933,4.68501737552114,0.8725606374944103,467.8033723777764,0.5482618775843857,3.1035153086893613e-09
3237,-9.912420006157195,-12.180824427738285,3.5709598967098195,1.4243518770922452,455.22974171986937,0.10624470108154505,3.10696401526432e-09
3238,-9.611784268043735,-12.357083761321483,3.997487384047658,0.7603438396069492,153.44402924665417,0.7273386115824207,3.112943705161038e-09
3239,-9.94738786607967,-5.913280776357383,0.6304283925226597,7.43435849527907,384.4987896057273,0.1757613811025145,3.1134398897891414e-09
3240,-9.65369649637812,-12.217652609894525,1.9342580657785118,1.6347731101864873,387.78852226492035,0.39969808781933214,3.1210774462606706e-09
3241,-8.757148904834166,-9.626018731444463,0.40679096047940216,1.3886939168081693,467.51576201821024,0.4492200888993194,3.1495472685998572e-09
3242,-9.989898297072216,-11.13237218221125,2.1435860081342066,0.9274455985229246,160.82698083447215,0.4035796125548128,3.151136541176201e-09
3243,-9.50500906509986,-12.716974297291044,4.1094293183514665,2.3621773387942584,263.18645230645154,0.11885786199144999,3.1543896717951336e-09
3244,-9.676456181097175,-11.764877342802857,3.9938199871759585,1.7548655558067272,417.44927089969684,0.9328501663304207,3.1546790503984833e-09
3245,-8.81917012876742,-12.724005857742863,1.0519583024777357,1.8636491066685321,269.1954754932276,0.48381339022466907,3.1607538065679694e-09
3246,-8.820355456916655,-12.710193378128317,5.0544879083105405,1.149912461566821,241.81528231663017,0.06793618012199953,3.163115523583077e-09
3247,-9.46716621203477,-10.737095005360786,4.585351582727672,0.8769852429687821,467.71486963209907,0.7519331230008772,3.1633220295899955e-09
3248,-9.884093996353593,-8.276075672867037,0.9762003892936909,1.2398603663507797,311.86041187377776,0.5098389667616408,3.1760259088942486e-09
3249,-8.530004646060682,-10.656493229489332,0.38875717145800215,1.0075424508655548,208.03340938873205,0.21760922273794314,3.176866828236241e-09
3250,-9.50571022783361,-12.438789953141596,4.130594737607869,0.8249669436314253,446.09203318673906,0.41976178655615737,3.181841972440708e-09
3251,-9.939825382195808,-12.516488142116836,3.4505060901772016,1.3966353771321696,317.69075344759443,0.35456703952185986,3.182643706544807e-09
3252,-9.3011117764616,-10.295213796222704,5.019262844504788,1.7202081296406297,259.7250696389513,0.05256190084172285,3.1895568922767914e-09
3253,-9.975235210727918,-12.350147090199052,2.3710298931240583,0.9487491237533702,190.46516117175398,1.1147239514068987,3.1973045169189313e-09
3254,-8.66434573791833,-8.893709822188043,0.28567911305527466,0.5825717731507577,133.06009551127823,0.023704859637562414,3.1978199614617943e-09
3255,-9.97881507265426,-9.890755306928028,4.548542806995054,3.08266989008635,505.2653539632851,1.3712767375166548,3.2029803994073492e-09
3256,-9.880047025135344,-12.894393301729895,3.5127446439806294,1.2508683722847975,301.78443770318665,1.3582837424901646,3.20430358000731e-09
3257,-9.95961176827392,-10.106653629226088,1.775260420836363,2.9461135508030964,417.9899435589172,0.08446125885691824,3.20727195630309e-09
3258,-9.544860239204262,-10.101857824940176,4.847520453593764,1.616238011750823,468.86163991806166,0.49667150556677964,3.2229585045286767e-09
3259,-9.927430346428665,-10.100380771927785,4.421020047213985,1.5681561304468432,358.2905505581568,0.28268799064950123,3.2272946814482664e-09
3260,-8.997117904044412,-12.18553903771604,4.8519686738590515,1.1506020436442752,467.61571677555656,0.46903020951394137,3.2387256610490533e-09
3261,-9.147056971957012,-10.873427397068378,1.229052682681247,1.6533735785916641,355.8638949105268,0.49140641176191036,3.2392142204552308e-09
3262,-9.814936468759,-10.03780410285633,4.590454077021831,1.1364073987786485,292.1013029835955,0.6015132437988528,3.249338644121068e-09
3263,-9.81961837067195,-12.966558359668344,3.603000046967742,1.7468081701403675,363.2643989096123,0.8661443746220563,3.2577516863751177e-09
3264,-8.933411595186328,-11.70152737122603,5.00460543117944,0.959331171030153,468.787569930265,0.7769983518589099,3.25846602539277e-09
3265,-9.915771775522668,-10.695225431032176,4.045924141841589,1.1131119163515557,262.5745997042136,0.46549014336257244,3.2600151076014922e-09
3266,-9.709542591393403,-12.495747371670992,3.821269914442514,0.8674109089331877,185.2761183897576,0.38475890174216065,3.2627170555253456e-09
3267,-8.73117341357219,-11.585044271452348,0.8745937792078634,1.806215158234041,467.3681693231399,0.5213758557183787,3.2753676568150514e-09
3268,-9.476261074154289,-10.908656395560836,4.48979311028356,1.9088456337118496,394.41375405050235,1.9822717807640222,3.288622935807819e-09
3269,-9.510628328069497,-12.52690112243844,1.8019737575438188,1.770656394288936,377.6659969793383,1.8991961416945093,3.294564933116798e-09
3270,-9.77143427258543,-10.719694843735853,4.203135730074036,0.9945465278758832,254.1729280668285,1.4095941436618542,3.2994655081372505e-09
3271,-9.928072378561072,-12.382766304793096,3.468427959468289,1.5484223751191684,357.90430831940347,0.038409820823174456,3.307103538487569e-09
3272,-8.871896292431547,-11.840113970536617,5.0609365099788315,1.7395939170643413,468.46597150993716,0.4689836455379073,3.3138576030045e-09
3273,-9.273141784431344,-11.896591176223176,4.50573989474083,1.5122780181688649,470.20939781242765,0.09319841757000624,3.314043963346884e-09
3274,-8.540572617945292,-10.78129212637473,0.40572501165702773,1.9024806663327358,468.0531404999335,0.44537706663779897,3.317424747414908e-09
3275,-9.6834779477581,-11.81003157623304,3.9548308556364784,1.509955212031326,321.21426762832294,0.18608328512253802,3.3271170069947243e-09
3276,-9.914513622089338,-12.392176138225402,2.297116320386717,1.168061524036975,297.9243928621831,0.961936555112378,3.343226406507791e-09
3277,-9.166258327923138,-12.077849357230637,1.3843427958324963,0.9595481187531975,251.36173866627774,0.7688818487955853,3.3524704345096983e-09
3278,-9.815877057254097,-12.459361882723977,3.6482874635485163,2.5739652030207196,464.9382016479797,2.4039996246707505,3.3639830378812675e-09
3279,-9.613626280543405,-12.602121186181886,1.9313609090771326,1.8902110827838177,467.74937496758156,0.5453252859283664,3.365051377704306e-09
3280,-9.89956706395334,-9.66420977377534,1.5456303482391849,2.40033124986681,194.81893703859703,0.3015407524493323,3.3691519735212305e-09
3281,-9.416415654250343,-12.243444456727733,4.257775007530578,1.43324548632458,468.0078508821799,0.4076770923992763,3.3753475978394183e-09
3282,-9.180186375469875,-12.075611529765835,1.4007058424144574,1.652488488056893,386.3529538691123,0.12153465411147568,3.3804961063770117e-09
3283,-9.392890051827445,-9.120633028651712,0.9591150470079326,3.438031325374516,529.395672886864,0.9481412377614022,3.387101013143551e-09
3284,-9.65404744553835,-11.32230524476226,4.105405529310996,2.407521040347653,441.89096425586143,1.0813444934032628,3.3974795977766543e-09
3285,-9.884351510535122,-9.727159647093059,4.769983705878012,1.1792741748866848,298.60746675206383,1.7891267642815505,3.400981310368226e-09
3286,-8.949150852714975,-12.513380136317979,4.873978517798657,0.972500389286061,271.5321262719538,1.8021220931568847,3.4170055930586227e-09
3287,-9.293677203533687,-12.137710716074254,4.433658454468003,0.7658538803763463,467.34999498702024,0.5229084320854946,3.417459726687206e-09
3288,-9.800050475719436,-9.439678942429756,1.3714542738378264,1.5965415230634705,367.9555485021918,0.8131830828610154,3.419273711767627e-09
3289,-8.362775743606397,-8.726656741451318,0.21478349765172977,1.895742653431299,467.8894834235823,0.2860753820396065,3.4225559810989898e-09
3290,-9.672520874971402,-11.73694610655562,3.970811539404468,1.3442625483588706,328.54093597702166,0.31904126999892846,3.4305781230585275e-09
3291,-9.335367862750676,-11.065347462890868,4.6036235781911286,0.8653568659430799,181.0688604069699,0.21981135518368244,3.4430900754745944e-09
3292,-9.41632293479846,-11.42818039543533,4.38922227506858,1.1344305027271686,257.34827139253025,0.715188271110569,3.444392853927239e-09
3293,-9.923579270392862,-11.54147137895856,2.193565102973932,2.469136482413584,453.79378832486765,1.8495703292650463,3.4537477959012184e-09
3294,-9.969866786770803,-12.336804562526359,2.404762291381362,1.5118061317691949,343.32761716026715,1.5740601517785064,3.4564223027347623e-09
3295,-9.498684196371839,-10.805344453707047,4.484756929876946,0.9041182120301169,187.49762830551884,0.12872426012253602,3.4790948029375075e-09
3296,-9.751818235703322,-10.522258036246695,1.7646564947233303,1.0103693002856984,263.67400539349705,1.22777481589947,3.479378973800905e-09
3297,-9.820654493892084,-11.205738631057116,3.912539926276499,2.496642256818166,453.3505260203556,1.2710309943794904,3.4803452645469075e-09
3298,-9.389894310918395,-12.87250327643044,4.228385112280471,1.1058170619181014,265.7908643433032,0.13152561416060937,3.4868974865815212e-09
3299,-9.09440520872875,-11.915806996997619,4.732640253699442,0.688192576503391,145.420615612366,0.09635029416550367,3.4886914036037735e-09
3300,-9.033991113246397,-12.970300932689947,1.2714077327746653,1.5804253410429172,468.3242439305345,0.27009485960516955,3.49304398641147e-09
3301,-9.11064183980783,-10.437900837862614,5.155170390398505,1.6052542124413236,350.20829584037665,0.9377869051187213,3.4954001806113937e-09
3302,-9.72134962796823,-12.940865502512283,3.732519962694666,1.532997676511674,469.9563043496621,0.10053487232846336,3.497301957546896e-09
3303,-9.874464248828733,-7.711417011844607,0.7898536593450041,0.7476896823317258,467.18057204935934,0.41775116888669395,3.4980654045149564e-09
3304,-9.231636793527928,-12.626910120466626,4.464724034763327,2.779659778981935,481.8107860770278,1.7562651317349287,3.5041469073883222e-09
3305,-9.71923086217226,-5.514925336524346,0.47579792365872825,1.635733352795471,378.327736632725,0.11679533587389024,3.5135585408868544e-09
3306,-8.913812810106336,-12.873796521972114,4.890186983822944,1.651879733438408,386.6620910961531,0.247228269241357,3.5217983504514994e-09
3307,-9.832457798964864,-12.728542664451421,3.5584544610788793,1.285306373859625,468.68381707594557,0.4260556455401767,3.538703585556337e-09
3308,-9.580911022374584,-12.378054036966319,1.8848876799612873,0.9322612396572642,244.02890162218605,0.7823047333088162,3.5439568545951158e-09
3309,-9.686751448420619,-11.240180031208123,1.8763976941631288,1.1821418942589865,303.69017277116836,0.609374161202477,3.548307521951427e-09
3310,-9.50444522450318,-12.80008111980963,4.058234914697254,1.0524725058002575,468.0476507555858,0.3879690713742354,3.5501041276505895e-09
3311,-9.329158370128006,-12.849032892380514,1.6193461784250571,0.8203317109578292,468.01672455201486,0.025988963796954145,3.5530236769493025e-09
3312,-9.327729650586823,-10.988185017416772,4.6309822551287,1.5624626159316786,361.844020711452,0.43481544853949305,3.555072120337667e-09
3313,-9.297986532906318,-12.014275601353397,4.43142196687484,1.150212620281938,129.6636719594992,0.3221752501696411,3.555567382459146e-09
3314,-9.575866510909211,-6.715606395682477,0.44362184974354707,0.8094744392849581,429.4821657410769,0.23364196299087236,3.5703307692688794e-09
3315,-7.365253884297711,-11.61234916784461,0.07546525557860251,1.2599066919349171,275.3465446689862,0.2126711106691852,3.575287125392111e-09
3316,-9.088060458333542,-12.567169593381287,4.665289220250767,1.3463732285176935,468.91702273402973,0.8642677813447799,3.5764466188325295e-09
3317,-9.442081208174763,-12.97211324330541,1.754836807456766,0.9402128944400369,253.672773998048,1.1052677730084808,3.5788551201153325e-09
3318,-9.892651975642266,-12.196846629237019,3.522293877638163,1.2416906950604225,243.19105036084116,0.0007281412175546009,3.5804364265049465e-09
3319,-9.967290830720701,-12.558923131963851,2.448549484442115,1.484663646010865,343.8803251503877,0.2821046030756795,3.581175661887364e-09
3320,-9.702768945382667,-12.965379455066925,3.744397599116262,2.3837502054910216,443.80233762036613,1.5189182790596787,3.594721855644702e-09
3321,-9.319119453450682,-12.629208701587647,4.334203507838246,2.122334915669735,411.46225047833923,1.087569960934533,3.5948630806141537e-09
3322,-9.311001261013423,-12.342062534554687,4.369801269519372,1.4939278964903637,339.8310832222432,0.47403389633105064,3.603435571047365e-09
3323,-9.830289182142204,-10.680870613154857,4.11740682048186,1.7345135391002393,409.18120670663654,0.26065417686090697,3.603855881892399e-09
3324,-9.888471903746817,-12.54453088101894,3.4630481028546205,1.6537023378176907,389.77127884197336,0.8716931026604628,3.6165202614200873e-09
3325,-9.435858498838957,-12.77436618109401,4.154591482843465,1.5148010042864113,390.3647740363001,0.08029980107895085,3.6236357991743666e-09
3326,-9.61406670402815,-11.75432242422329,4.026674583410152,12.299502047338049,433.88607431568647,0.24602549697403564,3.640966448172817e-09
3327,-8.848556183930171,-12.368723010822848,1.080532941501148,0.8533918864597478,178.8405803217123,0.19363135758680805,3.6675726099598902e-09
3328,-9.395842102310315,-9.682146496699799,1.1718687895862985,0.8145469948865955,158.04193649890198,0.08555169710438904,3.6734095289610423e-09
3329,-9.76398701704315,-10.298441370024165,1.714076871320584,1.2066809494507582,303.51576124159936,1.546520945585538,3.6763132805035522e-09
3330,-8.70978404500587,-12.019243559818644,0.8947304606473621,0.7874080875200906,406.32235644834117,0.46508803736272064,3.6792779722067657e-09
3331,-9.840935522253758,-9.712997461207562,4.804064036670594,0.661665441221887,204.22094249107755,1.1235632054488622,3.6818678669571215e-09
3332,-9.216561918213028,-8.79324514891244,0.5544817231417881,1.374382102251749,312.1788687116762,0.38555048706805994,3.6883166277532977e-09
3333,-9.771264851609638,-9.440420003707638,1.3604190641994014,1.8014376619155377,468.56955371735785,0.29376616597861016,3.7004795296816e-09
3334,-9.23296892056825,-11.150862259182801,1.3828781368496201,1.8779565460716496,467.40307114063546,0.5930926785872801,3.7012936474894275e-09
3335,-9.652958588192694,-11.04244462692182,4.170431249550011,0.8275501183994397,470.28330932071975,0.02526556531622237,3.7031715726316874e-09
3336,-9.86567132683381,-10.488154508552022,4.17611805242633,2.963497284219878,495.4399314270667,1.3841549137907423,3.704331358103391e-09
3337,-8.703062366489764,-10.87962711816612,0.6115432278260011,0.9679320088526491,219.26438793026767,0.16248864009227937,3.7064108393121297e-09
3338,-9.709836605282527,-10.419324800847217,4.397761745119066,1.7954823878939334,381.25309517592655,2.021408765346492,3.7103701885465673e-09
3339,-9.517081788971966,-10.530193716669498,4.572587552005173,1.4052491481036273,316.9209572944624,0.8021929312217848,3.7253910441518554e-09
3340,-9.93443459863256,-10.615293424250355,4.0136527720311905,0.90179428423682,467.7049835070037,0.2637379184415698,3.729357279992943e-09
3341,-8.171565117769502,-11.652853903017492,0.2476240706894955,1.0912695605068128,282.22093982966874,1.405698748435234,3.740045674615712e-09
3342,-9.674656720778335,-9.681151257662444,1.3980013481721827,1.6414341824825602,468.23166896573844,0.345851871222127,3.740593259946307e-09
3343,-9.30066730764381,-10.831253184522778,4.711229554680237,1.8139978229694764,432.73580392755025,0.31054894243616893,3.741569366177344e-09
3344,-9.574110705386735,-11.883644280751438,1.8506450589192283,1.2367686233929585,310.02503049120855,0.5712792582355002,3.7421086041116456e-09
3345,-9.96551188340111,-11.268500579641172,3.6468020634638596,1.1379219428129672,295.16796243439467,1.5586293591212117,3.7427415632956896e-09
3346,-9.599972109245499,-11.228180790346293,1.7970636120914236,3.282451520714918,509.67181060533545,0.491313754811336,3.747630135906033e-09
3347,-9.559894199132811,-10.439633192692495,4.567625836681697,1.000042273101287,467.14736046825874,0.6259408786236458,3.7478422614750945e-09
3348,-9.708804876691257,-11.704965689855685,1.9899207498312956,1.2936092825640786,468.63256860576666,0.6006959909189691,3.749143899732658e-09
3349,-8.143350057297011,-8.63305847801238,0.15075267203182327,1.8733630473175356,467.9685567193571,0.28220289608604965,3.756035072780654e-09
3350,-8.070169703673933,-12.645333197754523,0.22053251503728066,1.8997510546214214,467.7999017365937,0.3497453970426454,3.770467729021034e-09
3351,-9.892008236974062,-12.752245677224474,3.4017546430323287,1.1010748964823043,283.1854511634623,0.37401658934676174,3.792292476713145e-09
3352,-9.817486546882664,-10.764421441434937,4.070924213437031,1.2121156914994766,208.07002989392845,0.09824353980458422,3.815597632081403e-09
3353,-9.90528761186029,-12.781388229347572,2.392924738051283,1.1345366716001275,384.22092388933993,0.6401732924936523,3.819913262180725e-09
3354,-9.200349591957147,-11.520434829181236,4.631932640913384,1.228122668998579,308.1576599487789,0.6304721128169417,3.822667051820901e-09
3355,-9.878582541213605,-12.270978459350793,2.2877298293058383,20.89500201938367,825.8287299339125,0.1926449219348898,3.822718949501608e-09
3356,-8.73547695257983,-12.134004137680307,5.167590297043226,0.9467658689870603,467.5436954952009,0.5209630494953332,3.834548001458164e-09
3357,-9.777883476573235,-11.145430963386554,3.952191246791969,1.7276616703946959,464.8016904751043,0.9275970343031092,3.834561698968768e-09
3358,-9.807536617269303,-10.647645522850066,1.8742694599692173,1.8638468444426184,366.29413243877156,0.4277097343207199,3.834840392890306e-09
3359,-9.378020593217823,-10.215522655754576,4.9182167279039195,1.01946173612067,278.8638908957074,1.4066854495079406,3.846161123417277e-09
3360,-9.57897828310071,-8.533278381342988,0.8486911084490942,1.2569939810252049,314.73052679247945,1.4143936374150359,3.851630749903963e-09
3361,-9.942835945509145,-12.20319530473721,2.398177491102516,1.8062409669216717,432.077641737803,0.8283739304010078,3.8646838516095995e-09
3362,-9.11423772869091,-10.671926587045544,5.011959902562144,2.349868536226757,437.2285782624899,1.2199931431398818,3.865922810430871e-09
3363,-9.025912492322837,-11.257080963974747,4.926338465133444,1.5288162129445186,468.43079999509285,0.04212528472403587,3.870783577884088e-09
3364,-9.278305323269086,-10.022424020815883,5.1737798830858255,1.311001687688721,467.97624811541135,0.1941286494962684,3.872888335684348e-09
3365,-9.561150459710676,-11.43368523087488,1.7947331618926203,1.0483911501138568,272.08559391824446,1.6188677204313935,3.873362190856474e-09
3366,-9.328719534332976,-12.804589272849222,4.2839019446496875,1.4163357763960123,315.8410474119641,0.17509727094791305,3.87946560311238e-09
3367,-9.987316644114339,-12.444737887648596,3.2063638729945887,1.6652561026575843,360.1808904054013,0.3779093387133967,3.881056456479742e-09
3368,-9.679851064095294,-12.224107749982078,2.019208504578895,1.4957134288515133,329.817675311684,0.9392596293936819,3.896454571769627e-09
3369,-9.942155558887157,-12.237799169001754,3.3661149660098495,0.7509277867476482,420.67565598322165,0.30044181746911125,3.897321886598771e-09
3370,-9.153399420025002,-11.361983567974018,4.726238238885886,1.1370086615066395,291.75823790857186,1.3801470653465318,3.912555654712246e-09
3371,-9.521049569610323,-10.906882108684535,1.6620880282643609,1.7731941892557284,422.49247058074474,0.6751808698142687,3.920987696747766e-09
3372,-9.885524954658868,-12.399727199536942,2.321897814406878,0.8354826881675818,175.56384565924242,0.7895690021489674,3.9236869833669575e-09
3373,-9.35466391813395,-12.547919357388592,4.263312450719056,5.713987356698453,653.5237758191306,0.3573293574737457,3.923867213280973e-09
3374,-9.74278978034655,-12.097220904041034,2.0853295739892816,1.2581879014850978,262.45295373573725,0.5824311815008327,3.929342723562897e-09
3375,-9.603533057241888,-9.725254984734935,5.02339917205877,0.8615764575111297,203.60145813864742,0.7409825237938117,3.952332569151481e-09
3376,-8.894104863691078,-11.005171556711998,5.173097673687904,0.524613622342839,128.91162309631898,1.1266550637967399,3.9537216295255824e-09
3377,-9.480059772375737,-12.558590411655642,1.8067438914868115,1.8680052255483661,450.4630790928236,0.0782911695714894,3.9545119430485044e-09
3378,-9.067087544866954,-10.93379474542521,4.962742362844846,0.7337547066016479,222.7930233351209,0.44898529815475463,3.972782203483514e-09
3379,-9.440247603533626,-10.561926378770647,4.632583298335806,1.0922590724397554,217.91064455676567,0.4360006658205373,3.9819555043726425e-09
3380,-9.479215727789043,-10.455240519242208,4.640628108766732,1.7007705927225214,400.5138595376403,0.4584637841704975,3.982300516017444e-09
3381,-8.706084796721079,-12.310488448945227,5.180173059900421,1.0280111583600555,268.80605901150494,1.6473994011493707,3.985581297604625e-09
3382,-9.897804659426813,-12.68911017084051,3.3652041785304174,1.1544208577983879,290.63021171837516,1.1320380023861247,3.986256757835877e-09
3383,-8.533337486464973,-11.66739290493949,0.4840780191093738,1.3636392603711465,299.05826381160625,0.8057174407072001,3.993187669967413e-09
3384,-9.923860388074692,-12.118911862572308,3.410886772004081,1.571762500446965,364.7977601425319,0.8519923567857051,4.002955289895672e-09
3385,-9.54746494814765,-11.033812593415776,4.285946331370556,1.1012186653929839,230.03722266290563,0.14577637537058852,4.003504611949126e-09
3386,-9.978545675498555,-9.276327660726333,5.0975496419083415,1.9467046331688729,398.17043750862,1.591680130924411,4.005342897266933e-09
3387,-9.352351223011954,-6.744614374071233,0.3398227245065988,0.9055560297209996,258.6088583376801,1.7877883563189831,4.016391206413929e-09
3388,-9.91180831015527,-11.925399178746652,3.473852307188647,1.3427222795684213,303.3225426105904,0.11868728696776731,4.0211009310539235e-09
3389,-9.997389368531246,-10.177952499639268,1.879362643224073,0.7016680873570816,178.69759098261426,0.7497449922277664,4.022745683989493e-09
3390,-9.201598012923323,-12.63958320435376,1.4813968627077319,1.515101932187065,341.4426741869119,1.3254306404388823,4.0229947577439e-09
3391,-8.716055976052935,-11.492054651389674,0.8429000760931539,0.8617883134424593,468.31764920903754,0.5049433184300449,4.0254417722689965e-09
3392,-9.347207239340136,-10.718911408236405,4.675123694904276,1.6897690998639443,469.7398012041884,0.0014489544356734996,4.028614326668371e-09
3393,-9.641063835490865,-10.31384647019693,4.519650228472455,0.8245460660609241,232.62858615454812,0.7887185642347658,4.035860526562473e-09
3394,-9.873153590947163,-11.681160106454353,3.616097715565709,1.0576040097803494,233.5956623521764,0.04531019276303372,4.036267680455725e-09
3395,-9.578523186627212,-9.167419984770467,1.1285149332134614,2.6855159606633716,474.3393052484845,2.0685944516273693,4.0380341776356126e-09
3396,-9.511954806381713,-11.811884487603121,1.7941268633399163,1.5198627133580482,168.10400944117796,0.42084417870327595,4.044138606477065e-09
3397,-8.66869942787143,-12.237215173676821,0.8388566667432276,1.6701714546917634,388.7441957218914,0.17299587631331637,4.0464546762004815e-09
3398,-9.742058615055416,-8.036917860411808,0.7843797962882009,1.0593036739912651,238.03084875704164,0.2896332756776685,4.049905394384159e-09
3399,-8.922166857970403,-9.178190733051707,0.43614192525763457,1.8574987005142185,446.99145865834527,0.18100761873497362,4.05089303049166e-09
3400,-9.73605510174545,-9.57900524535645,1.410525640063946,1.0351015647658275,269.30133862700905,1.4954636362393794,4.061356478186443e-09
3401,-9.611521164819166,-12.560005992511698,3.87197174592861,1.506710731909441,351.4476492723908,0.31044310203105674,4.0644477303606855e-09
3402,-9.694556144702831,-11.71120791561749,3.8777517219521633,1.0473379776030534,467.76868616464645,0.5550145349298328,4.068505844435538e-09
3403,-9.90912082073874,-11.251851722930045,3.694952170788086,1.6186476303766457,466.3832722057675,0.8083460845639401,4.070774864400009e-09
3404,-9.670532380320441,-11.663468824064928,3.9231170383299228,0.9177858910760199,467.6600564306279,0.5475937551771421,4.07679999113105e-09
3405,-9.25111329673312,-12.567055811710587,1.5389498960680374,1.7871805437463553,470.3068661456117,0.045476218190709794,4.081671859440655e-09
3406,-8.775188972090213,-12.75408856407724,1.029057685516058,0.7159303316057891,214.20859972891736,1.1607480927186282,4.090576008606199e-09
3407,-9.868906436674068,-12.936053627290272,2.3817520608598017,0.6687266925573024,139.2469004549397,1.0194221275051492,4.09671091904887e-09
3408,-9.280504905848193,-12.654076243623892,4.346570150047011,1.088458355406042,284.36465643816564,1.5432863906878493,4.097571726954676e-09
3409,-9.607158498155945,-12.826142602023948,3.8513688806635753,1.565457992397498,351.95070683289,1.6058344950013685,4.100438456577066e-09
3410,-8.927009482764921,-10.460449713817203,0.9664102606292986,0.9704716677943696,467.8117404527506,0.4185309135473654,4.1051769009574e-09
3411,-8.663454331821258,-11.888046300558997,0.7702483604102685,1.3721195320735933,318.9985110937063,1.304844002288915,4.126774569762033e-09
3412,-9.405646487559887,-9.837068679680682,5.142940896716052,1.887943641064884,461.58081610427365,0.5639502988358078,4.127909330438605e-09
3413,-9.254305210898606,-10.21453651070253,5.056113178142075,2.6888480108226,471.7649865008182,1.432884179444268,4.130770818135699e-09
3414,-9.972400345194833,-11.559370173601144,2.3336328027382143,0.8788057504696344,467.983441973165,0.5696622386220875,4.131680442491728e-09
3415,-9.248480113681358,-12.963400624665711,4.366216622854734,2.7474626318017727,479.7203131799005,2.06448685279209,4.143523194114657e-09
3416,-8.980242296324247,-12.709353424022483,4.761486914864668,1.4990917678756277,467.7978667947853,0.5535966446211953,4.1450349876968055e-09
3417,-9.760558169728972,-9.731447555650728,1.5055824371374056,1.741814837220756,368.8965458118367,1.158597901186984,4.158684771886577e-09
3418,-9.91096935806836,-12.874598111159209,3.281827158605669,1.814959311119268,434.10178796329086,0.11497102156829087,4.163732956182263e-09
3419,-9.167981885111748,-11.66682555232547,1.3858149975886809,1.8768482780517743,468.5075212981839,0.3568551170469396,4.172388858840061e-09
3420,-9.886974523737749,-12.791198100946286,2.4102291742154964,1.3607390002744482,294.8389972903011,0.4807939231599603,4.183508430488621e-09
3421,-9.959951393385328,-11.219485110690169,3.620228865778546,1.0163779058463183,201.72027130394935,0.937040221444577,4.204482568756539e-09
3422,-9.842802139092061,-11.320920474383497,3.7527079059830486,1.605843877236357,176.6116481477265,0.23686849949280653,4.20459965193333e-09
3423,-9.98564819382028,-12.485578298451356,3.1154715995961793,1.2257272339207015,262.2407523806775,0.012103881357387714,4.215547041944243e-09
3424,-9.353907112450482,-9.653986784067772,1.1430138263036456,1.342666576762929,289.338468476271,0.7612351830173241,4.221160777572054e-09
3425,-9.669891446780504,-11.31269543789369,4.005930995066269,1.5248298070843687,368.50506628600897,0.7632908519601331,4.225691234994899e-09
3426,-9.84958855385759,-12.517132343357797,2.314581140788651,0.8853266318291882,255.07658867165455,1.6593916006449057,4.228584828302723e-09
3427,-9.673367619505543,-10.79308722964697,1.8085262902923,1.1632886622005059,300.34291868314176,0.525829047769137,4.2372559243742216e-09
3428,-9.62956648038552,-9.688861441912406,5.004958589727302,1.7208723242772566,467.04208233242343,0.21223948886220345,4.270996768958717e-09
3429,-8.869461849091563,-12.652776254313766,4.910044900783991,0.851497487642177,469.5669442441843,0.1889418962178846,4.283150372167521e-09
3430,-9.070066082424974,-10.94703580142343,4.934580297749096,0.9514415644604135,265.88830009810926,1.6304019290547371,4.28560211811511e-09
3431,-9.955955296059898,-12.31925115264159,2.5090621505311734,1.0569802983011722,209.03926855857483,0.19948301835944982,4.296406879151208e-09
3432,-9.959313637551306,-12.882680396136553,3.076671310684169,3.749275581118327,553.5177564626764,1.1346643171376583,4.296432980318658e-09
3433,-9.413976397868293,-11.897843879292568,4.225455593977174,0.8356872951946404,171.34358430031276,1.12538007771687,4.3069694578992195e-09
3434,-9.899331868918269,-10.604597922602535,4.005685785157277,1.8799137270603152,387.00210239798906,1.3375247957843417,4.31800462413816e-09
3435,-9.196716896159533,-10.508608076854252,4.948911921797853,1.1162661633507969,239.4109094129245,0.6657611794010503,4.32067874392793e-09
3436,-9.320824479875348,-11.46118027587829,4.439668399173816,1.1294399185364876,295.09734857870995,0.8117293556379517,4.322764643498661e-09
3437,-9.98316118370857,-12.322841033448437,3.1441672030845114,1.1227812325240927,288.73915585294344,0.9222415341899906,4.328533149531291e-09
3438,-9.963935658070627,-11.189142758253427,3.6031220527306975,6.288614435449881,403.6985184989801,0.15340589792993065,4.36306044252738e-09
3439,-8.858882062634805,-12.76719558156636,4.911918768191294,0.6722341162757252,145.08288201829808,0.13708857875014324,4.368714762963172e-09
3440,-9.58910985640718,-10.678594650488263,4.351339148758333,1.0199024430520094,469.01291348421586,0.0007243262388501037,4.37420974955067e-09
3441,-9.408339755228866,-11.921721498575874,4.221372455073615,0.9760584379113536,468.4981999535744,0.6063637895818781,4.41470932121302e-09
3442,-9.680348856224391,-12.581925438255109,3.721854320218648,0.8717805989452946,468.44299586805545,0.815769256839558,4.415066719505797e-09
3443,-9.905757454531035,-12.702566798114372,3.2645644893215136,1.5869566547310443,365.432053690853,0.05255305659896958,4.4230331313265366e-09
3444,-9.615646271874871,-12.461266773096453,3.841370082937777,0.7155976094949169,189.01990832855876,0.7683475344719204,4.42779506148986e-09
3445,-9.008917275871381,-12.510650090054545,4.718567012467872,0.7462270313227218,174.0221409338608,0.019147372839783294,4.446002580245395e-09
3446,-9.614659754799025,-12.69082722141338,2.0091751026070814,1.6675292098435284,390.5391702874354,0.2651493783362593,4.456020853440965e-09
3447,-9.95162948736054,-9.419539044895817,4.930734796801466,1.0584943487242287,468.07791060223576,0.8367784727872634,4.457623574058909e-09
3448,-9.354139123566702,-12.632363667983125,4.213067923278804,0.7866935282453499,203.3891158593901,0.539621274214773,4.458562303914415e-09
3449,-9.139640321691134,-12.943558190914786,4.499388743355324,1.4608302075122384,338.2046853139883,1.8466544028703051,4.4791135083144594e-09
3450,-9.877986018620662,-7.485569481331731,0.7543511511793561,1.018151389452225,150.14665976756524,0.2243974368585997,4.4802850209561734e-09
3451,-9.424149931516112,-10.544259149515657,4.624147443167169,1.0601303079717048,468.14549749416085,0.8770560885936449,4.495508505548665e-09
3452,-9.105730114217303,-9.96242482769858,1.034270234075722,0.8639651914724392,131.97475880682074,0.3110905458024238,4.502620782308606e-09
3453,-9.49421478578701,-9.768839995198185,5.07127555166051,1.253015291550002,298.9011529070536,0.552054267845886,4.507235967009334e-09
3454,-9.796005468074362,-12.044753565318716,3.5959227890527825,0.9424451847869539,189.09340182140372,0.6085030146522801,4.509763657017269e-09
3455,-9.941560748397347,-12.994061242776647,3.06382102733715,1.099058088989494,467.7822589576882,0.9086164606578055,4.514071814624127e-09
3456,-9.79666015337459,-10.228651964092439,1.757048986264261,1.9126724667530475,468.2290206470167,0.5925725640707356,4.529017471954342e-09
3457,-9.26952470594013,-11.717382046039603,4.442593035688798,2.6960694290217853,475.26723304715017,2.0802284284365076,4.529489991856167e-09
3458,-8.944585826829503,-12.955601515840184,1.2030362936151073,1.711489152476404,469.703842389368,0.003919793688509365,4.530909358988442e-09
3459,-9.581626839754803,-10.427335729084952,4.483659551989096,0.9290141790197742,186.2092348617215,0.8891166744636374,4.534554886228001e-09
3460,-9.94553410379494,-12.811459079267935,2.6368849122927314,0.9739481609286607,271.634072980824,1.9130634397539543,4.540768067629076e-09
3461,-8.749294980445365,-10.657689051533588,0.6560959115881446,1.550112872469166,362.1334348219324,0.25520897305691026,4.559808602167283e-09
3462,-9.818753408708144,-11.561193860618031,2.1670551069933177,1.4581095622583455,330.77689307052395,0.5044988660190599,4.562483666002387e-09
3463,-9.821706396655447,-12.359965516739372,2.288438652747101,1.078634261008666,468.62299716452907,0.6490957076666213,4.570787471660021e-09
3464,-8.935879696575004,-12.393911715678497,4.821286971325871,0.8207186304056701,470.2906375392575,0.023803708249293898,4.586054526582539e-09
3465,-9.464768123607703,-9.079170547550005,1.0267927486551598,5.2346590877709325,633.9125872211764,0.5616275705987315,4.586222319653627e-09
3466,-9.949965713342307,-12.981072133339994,2.7229438535725445,1.122999490579495,467.68645812835234,0.4563432664077771,4.589154863807464e-09
3467,-9.97475710863956,-11.994619445514996,3.217463542852288,0.9171200192223034,242.35370341059297,0.9624968714948556,4.5961303138134146e-09
3468,-9.19765741501795,-10.936725067077962,4.74553178993595,1.5424135086700943,358.41279261267755,0.8779613002504094,4.599155519157156e-09
3469,-8.595131834953298,-12.05413897934104,0.6101630877342962,0.8773866448139238,468.32280809963885,0.46322868814754603,4.6082457633246575e-09
3470,-9.9827287100434,-12.253135947448259,2.657124765282145,1.2216753181266073,467.5410120139487,0.892103595040294,4.60927655771279e-09
3471,-9.681179857656307,-12.601022888269835,2.097012414524541,0.8776263082895267,176.54774775794237,0.09091327177361475,4.610842844058401e-09
3472,-9.685667266336788,-9.825070479406318,4.798148094857017,1.1765878085374195,300.81069391794813,0.7188763627811694,4.612322934946599e-09
3473,-9.775457479643247,-11.560766542078172,3.736691981231332,1.6844555239340027,468.6618518145077,0.8324955572997963,4.613049406711655e-09
3474,-9.103456084456809,-9.339097914554419,0.6719371067238068,1.3403912147599188,323.8483463262811,0.8100198027025742,4.614203224610801e-09
3475,-8.98104088744426,-12.492134897494104,1.2303554396467318,1.3926336658063152,330.31319178828,0.4774325084822122,4.619386488943184e-09
3476,-9.38578195598951,-12.913172784829616,4.133853708123277,0.8559178958533364,467.6935002012762,0.44249725327186606,4.621160811032235e-09
3477,-9.62081213468521,-12.934448527342584,2.037514116181298,1.741963121471593,468.5960496682104,0.5779245108649613,4.624164410149529e-09
3478,-9.080400663719873,-10.452726436940647,5.111178066597854,1.6361388409365505,379.3207845912777,0.27388725777069656,4.631192890305176e-09
3479,-9.025820543112994,-12.336746984065632,4.69734270445716,1.183381364673705,302.01960737704934,0.6605809612357785,4.645298174621421e-09
3480,-9.67365731707904,-10.567006757277106,4.2827666525101105,0.7755099481914612,168.77332634375725,0.9792372006596706,4.652050479803544e-09
3481,-9.59794293949969,-12.400402008385262,3.8524423022504743,1.3730367999143203,301.3730603376288,0.06640674831244642,4.667943105417548e-09
3482,-9.840015939323147,-9.328102484595593,5.1271229756082635,1.1582027797790693,296.78295894165535,0.6279694594867893,4.6742923466972175e-09
3483,-9.384092509413808,-10.81127694266539,4.536183097413895,0.9999654307374988,467.8202504802953,0.6508898677857635,4.690227882384147e-09
3484,-9.893663208300785,-12.875452861754214,3.2044996897451123,1.3955792331751393,331.6334722826687,0.23948583206645058,4.698927168196767e-09
3485,-9.94862253301159,-12.675305390025011,3.058285087090645,0.6768537647721211,201.31396139073848,1.1791341353952811,4.702992965836931e-09
3486,-9.392278298080768,-5.408026395333946,0.31692338976700557,0.6868010408577562,138.48663724518846,0.5597528838405994,4.708865650489068e-09
3487,-9.221061012785414,-9.775063079168968,1.0859060329742733,3.757229902610646,554.7885350228142,1.2630882870200812,4.712890663265283e-09
3488,-9.737091978048317,-5.219521370447516,0.49040453912602217,1.1647407361371405,467.6160879211787,0.4608522061781981,4.74027660453495e-09
3489,-9.10314282705816,-10.784706190584885,1.2104417665905112,0.6475259999380285,176.55442806072853,0.06897303621230932,4.74745895451649e-09
3490,-9.314262013612122,-12.456099801349918,4.265916660487878,0.9870941776263047,233.87883324355042,0.2648646189693933,4.749744390284506e-09
3491,-9.50411626253021,-11.362689590480294,4.17773065823409,5.8348373683166574,539.7526458581482,0.08366204504064978,4.766514972997374e-09
3492,-9.807045493160741,-11.45477743234952,3.6981737554073164,1.827218366196577,468.23804673696753,0.26954043305188247,4.789967602115259e-09
3493,-9.465605260558762,-12.210953741929686,4.066124103351077,4.095139535166368,402.47645555602026,0.024199133571107367,4.794038864620235e-09
3494,-9.36894782603596,-10.880241966105597,1.5259550494956629,1.1859010803824985,467.3078844463746,0.3372642764670868,4.7979497223686254e-09
3495,-9.707996736126667,-8.019678821470272,0.7511107782680106,1.5836176386080165,362.666628576601,0.16538762017185338,4.8207889871080505e-09
3496,-8.744594871441603,-12.352682320789532,5.07661148677015,0.7239436063644559,172.92022395834846,0.018770973377948863,4.8236206557399615e-09
3497,-9.542375039157948,-11.298591750219973,4.137540988382363,1.0283378808795525,467.38115682335535,0.6867657953608548,4.835452746095827e-09
3498,-8.035313732914684,-12.389029038877451,0.21178464778331393,0.7393913848732778,161.07949185908282,0.0655817883405101,4.85123945639675e-09
3499,-9.760231762615451,-12.532666204440382,3.5379906120195423,2.819695397713749,423.3283878831268,0.15733272845280322,4.853594823568344e-09
3500,-9.703532774265563,-11.12968267954311,3.9628453970349815,1.0192851926314543,279.23142119433936,1.2766821075297914,4.8551166546599975e-09
3501,-9.686264242094031,-11.850163157458377,3.778689855167353,1.1372657179651353,467.22275956931986,0.43617133695364263,4.897466646209873e-09
3502,-8.627676630540238,-11.44371346850081,0.6013643839421399,1.520083163086846,468.7312507598775,0.8317707081041297,4.8993688137553045e-09
3503,-9.181658898715366,-7.365823857346138,0.31612352714099456,1.049811210453506,276.8663083144824,1.6893630126773465,4.899411696824913e-09
3504,-9.947962106047356,-12.452208863698715,3.0612146769596413,0.9203922252776345,242.39957151654554,0.9046480437081064,4.90788225635946e-09
3505,-8.561951212415071,-5.733217412299934,0.10929823598314085,1.7481612869733525,413.8700971783113,0.2023206839523688,4.911935572530796e-09
3506,-9.444771457414076,-10.41524547510577,1.498181205704523,14.067842707408131,552.3173080770537,0.0640109249775005,4.9128239220161995e-09
3507,-9.181979132315409,-12.153106172370936,4.476315861660464,0.6504573973929009,193.90583791255244,0.14566919143187285,4.916578346248467e-09
3508,-8.950005664881228,-11.689272304998301,4.872621138859767,1.7821134842005117,421.3479588853321,0.6202907558474369,4.9284220156276835e-09
3509,-9.770985090711703,-10.27188517207054,4.325541095740756,0.7346161530874528,130.82418138324647,0.33090915089344364,4.929410194181523e-09
3510,-9.507882878546873,-11.027586720990314,1.7138803763391421,1.0070127596455731,267.47546859809495,1.3728445463297732,4.931690606986443e-09
3511,-9.4873245800057,-11.565014200762155,1.7770089689330761,1.5751104883796512,459.7530785583062,0.45544189174192073,4.932830405740215e-09
3512,-9.758721829180931,-11.711649734951038,2.1342526144591045,2.610051182196323,462.47287560640774,1.0908010240556711,4.934193595655958e-09
3513,-9.69325011730366,-12.134829480634709,2.096730786292801,0.988799997893561,259.87992956692375,0.3965513462530508,4.962791350939735e-09
3514,-9.77195582510463,-12.988366336878235,2.298190695290689,1.8285196861841164,436.3240750748365,0.33739009516580687,4.966979220662312e-09
3515,-9.086503017905436,-11.594893298824708,1.3074471721891505,0.6986957915729498,196.50311809828952,0.6517930432464949,4.969214424144831e-09
3516,-9.12427809178391,-11.524100851415525,4.658753390188258,1.7465640517208476,468.6102952320491,0.3657043555103323,4.969696740597195e-09
3517,-9.52405178333404,-11.52134813502876,1.8199979325044802,1.2420066290216731,276.2128524126166,0.05761843043272474,4.9762006425767145e-09
3518,-9.454798754876844,-11.73821463604425,1.7611287387220642,1.0594743135725524,281.9825863256996,1.3995493021103682,4.990612819302757e-09
3519,-9.561635353238026,-11.704253404235253,3.992890993662529,0.8532391150819111,180.5647043004433,0.8939341808093131,4.992518420996677e-09
3520,-9.656845886157472,-11.296066345175031,3.9598879722880183,1.4428060217085028,325.28099147074283,0.23142050905140543,4.99349123900989e-09
3521,-9.841293850015159,-12.880313841648505,2.4281321769364093,1.8647670099916136,468.5048643990799,0.5816634946190993,4.9953217969627825e-09
3522,-9.34431278245208,-11.091645763794839,1.5443007724697246,2.74812205163975,475.4071752762686,1.212202357397234,4.999123242430926e-09
3523,-9.984085530451424,-12.170835644607402,2.9380448278817655,1.042841489841811,467.72316607489216,0.49022351152204013,5.008348528912722e-09
3524,-9.966065750274575,-12.192613893126053,3.0548357499006222,1.7747677039859344,419.67535099716406,0.4871040675093816,5.013423397603073e-09
3525,-9.465977975363987,-11.234565407176365,1.7068404644537691,0.5064688695078179,137.42534178641534,0.8381060834400413,5.0237861775108754e-09
3526,-9.481377719766366,-11.3482055332594,1.7448427557745292,1.1432610820542315,293.138721005083,1.2079661040383858,5.028544242449603e-09
3527,-9.595708278339123,-12.038544849652123,1.9709419902363245,1.4143048760171761,443.5381392823713,0.11510801603027065,5.032057952276267e-09
3528,-9.914469553494817,-9.622486039936266,1.598470768792556,1.8359460896422923,386.0922801106286,2.0132078709283343,5.039188022817486e-09
3529,-8.900341739853005,-10.302303134593231,0.8921567443325751,1.87572847563779,467.7539593756449,0.2144209206691423,5.040915716145032e-09
3530,-9.80258140642147,-10.846119910997862,3.9345151440751804,0.9018740887849264,258.9066364663356,0.7426944831773907,5.05026206706513e-09
3531,-9.010635133991638,-11.094724661281967,4.918968065682927,1.1475573694637717,238.3891138206325,0.2023443541507266,5.05396175502267e-09
3532,-9.823565914063035,-10.824898956900588,2.0146390037847204,0.9452547708139667,261.7018472525096,1.2917165583598686,5.0557865255636484e-09
3533,-9.873551820504394,-11.212977344108543,2.189153812848697,1.2304584019295632,295.46715791539225,0.5345621000206453,5.056201072507236e-09
3534,-9.824305239412581,-10.272525236709315,4.254223594514879,0.8839628365679227,187.27355024704573,0.18266904134672046,5.057162091605937e-09
3535,-9.660398576842457,-12.086812781402259,2.05873955173076,1.3978065743516022,303.8157777721276,0.37098864965080836,5.058161138292266e-09
3536,-9.315689234339274,-12.07187605762479,4.28493031401933,1.1203390386346725,278.90614210161897,0.43481281526670124,5.07511190975339e-09
3537,-9.564176354124884,-11.70407936553755,3.980541224301001,1.3057493793600428,311.76931651336406,0.24718339314937143,5.075620234925827e-09
3538,-9.949572200758613,-11.874796934209494,3.237577172259478,0.7041964963162333,168.01154965360587,0.8456462932498736,5.080852647666444e-09
3539,-9.909671575241115,-8.237591570128037,1.0055347190373245,0.9249584947944736,337.050093547069,0.1811775318198734,5.083450961906821e-09
3540,-9.722539581986778,-10.184060508919941,4.433362807549588,0.9138020329334754,414.03624899737054,0.03910600990554425,5.093931984006889e-09
3541,-9.396235924135306,-12.476656766402883,4.114361011824762,1.3062949156762669,283.6024171995406,0.0400942722824702,5.123888840997757e-09
3542,-9.981544856711404,-11.318384020317682,3.407865790851203,1.3473145782571276,290.3632393318031,0.14883348520074602,5.140353512657428e-09
3543,-9.05862245562003,-11.822909480313747,4.685108991867647,1.215185621479425,302.78472154742536,1.4137246750649242,5.158869238342085e-09
3544,-8.806066613060281,-12.738656942918372,1.081018668908421,4.652691598466722,368.82174135663166,0.13745032639840016,5.159579678285806e-09
3545,-9.678537374856036,-5.499733142935765,0.45941544772867116,1.470110739928583,330.28997955883335,0.9647993910486994,5.166944763493663e-09
3546,-9.857544529657005,-11.319988295882403,2.2080862578901446,1.7477435828698074,470.4944531744989,0.2241001549899888,5.1671922854859185e-09
3547,-9.320332339621386,-12.504000845743217,1.6650022824884463,1.427497203718433,468.73706908321907,0.07915239890209325,5.176541609498514e-09
3548,-9.81394681755313,-12.718181240958188,3.3612574754480833,1.6559119833428904,388.33735744458147,0.32828082811608095,5.189338398589542e-09
3549,-9.501372434889488,-12.982041856572824,1.9093585779026554,0.8826516126864591,180.08782324173916,0.06867006295397537,5.2030161525691226e-09
3550,-8.902563800166858,-11.939039607151928,4.882019742420483,1.2545825186695139,313.0284967021514,0.6449967552469245,5.203054829097865e-09
3551,-9.835849618383149,-10.005938336460709,1.7262821183420578,5.27277745476108,542.2475258851752,0.09417472966202833,5.2033903043036245e-09
3552,-9.898842107359421,-12.88626658063666,2.6447373655985813,0.9222651123626661,468.3290215644597,0.5093067239029994,5.211236557509617e-09
3553,-9.904637701806182,-10.67690054039814,2.0627425693844863,13.805773143541977,620.7747388180442,0.01891353320027811,5.211592548413076e-09
3554,-9.96333890686148,-12.269277633635934,2.8239016435596715,1.083356034233471,467.8121683835092,0.9093027888616669,5.220896051221032e-09
3555,-8.75151145352313,-11.038664856866253,0.8495248996643229,1.5738599447065207,347.82572156188604,1.311142563373397,5.224977199672987e-09
3556,-9.95947135079487,-12.039805967650578,2.6319209744942085,0.921532281696355,247.06344077279255,0.9041046869555638,5.227574835041779e-09
3557,-9.93183335303092,-9.841085531567314,4.472635658787548,2.0843867744381894,415.0033381153135,2.156676999253624,5.251744960128404e-09
3558,-9.400823879666314,-10.660658187875363,4.546277679901386,2.318025474663196,437.290229393495,1.6326023458826926,5.25367760248247e-09
3559,-9.707766485821033,-11.948417364361402,2.1144077263139955,0.9311837797146519,184.16457291283191,0.15335839872069545,5.260530930355827e-09
3560,-9.62541632124128,-10.949097419939921,1.8404350594506071,1.0308845774197946,274.7619302120093,1.1793567549095956,5.274008406713936e-09
3561,-8.16031077453911,-9.52170823230535,0.20355885494972187,4.042009960283818,564.5758117129856,0.29231992690992215,5.289102511916175e-09
3562,-9.280075110119082,-12.46632140091439,4.277236856802726,1.8294867496634153,469.9084449757188,0.19725177701624208,5.315399809252018e-09
3563,-9.823024551233626,-12.261876044143218,3.3931733012384235,1.7608789480133054,368.1262256340457,0.7925968341081813,5.31673222868608e-09
3564,-9.235887137691616,-10.059672543699692,1.1890509025857232,1.5513097955898187,352.98962743345675,0.8998937194262107,5.326520476752557e-09
3565,-9.167872235065225,-11.668931443135323,4.545070938682383,0.9870438618487051,273.68136581706364,1.0092489657343373,5.330890385566944e-09
3566,-9.445040389727904,-12.301085401204537,4.0453207960409685,2.5613670007904776,461.6304104485306,1.7218013328701547,5.344752202390916e-09
3567,-9.758486036591284,-10.34994173923432,4.259971925557494,2.580529251419518,445.4626911083847,0.3945590191636592,5.3480904877967385e-09
3568,-9.100970545155745,-12.455089262470434,4.534285724469097,2.010903608330144,396.76091388112985,0.9049222351029185,5.349407570619435e-09
3569,-9.843135240751318,-9.980277108389902,4.437965248511336,1.5611894215565825,468.1628014257345,0.33808163044255846,5.352760104463437e-09
3570,-8.848322319720102,-12.740714887395114,4.87513642012115,0.9251782920551688,467.90545069204586,0.3440090575142376,5.352766530189421e-09
3571,-9.635614771164489,-12.232536272492247,3.7497679728598117,1.5089938080638337,339.88770118046557,0.025976714156810132,5.355215157750066e-09
3572,-9.926243044879058,-5.996684796299366,0.6438563458764962,2.4903783247506768,450.371796854497,1.1326401004284508,5.3565095066123705e-09
3573,-9.92842710547313,-9.283559401040973,5.049470482419971,1.3921083318957383,331.83249520377007,0.9243021101089992,5.361811049430723e-09
3574,-9.932882278797296,-11.10993811610525,3.576083779340637,1.8576513816796123,468.51557894977293,0.017901241704533888,5.363240122095397e-09
3575,-9.062544114385581,-9.789360080132262,0.934787702537931,0.7823095327346398,180.30478315491698,0.6977767330153695,5.364766825646073e-09
3576,-9.286576062497724,-10.545697256604472,4.748336459506068,1.515353992445947,468.9170790289638,0.3243437936570803,5.376800265034867e-09
3577,-9.595307503507184,-12.955888697534647,3.7396209169416217,1.5276068926684283,351.6014700097689,0.010595413570740675,5.381377867245195e-09
3578,-8.845129853739312,-12.531055260052995,4.892522792964035,1.6122737996323977,467.89207838761524,0.6966081681070966,5.393693362136017e-09
3579,-9.843676829708755,-8.937977444530562,1.2102798714648906,1.8362984285709385,377.06326049766216,0.8272314444088087,5.42559155483122e-09
3580,-9.647607607060722,-12.74553029081057,2.110902433424811,0.9249485541174312,139.00571526913745,0.2730179687966645,5.426821640120687e-09
3581,-9.565721584179931,-12.455857631543246,1.9773790550766495,1.2284981038474525,310.13751413329743,1.627681425226326,5.427253346532117e-09
3582,-9.480972527637142,-11.989952877268113,4.02612993096748,1.5939517699492023,350.1363247993828,1.0598172946471536,5.443955964617303e-09
3583,-8.789849836631944,-11.907647409237027,5.031594147232256,0.7388028811377204,164.88614790739862,0.5206013385282029,5.446788552186511e-09
3584,-8.904980856360789,-11.089696790404014,5.046527293610843,1.1628105796792687,283.80546971602934,0.1627507499425649,5.4597833316320485e-09
3585,-9.908528905162996,-12.690216106797449,2.9685644977898464,2.120238032494147,413.3230835659126,1.2469654733293867,5.486027197038437e-09
3586,-9.94930859591832,-11.367902916676607,3.394033730791577,0.8964155000701015,355.6954843005764,0.6478748311907276,5.49199822876383e-09
3587,-9.78872850780893,-12.317776541451659,3.4398735748410103,0.7906869868584081,170.2615028876703,0.026603722956639153,5.497746590284358e-09
3588,-8.735831445520432,-11.698323149805178,5.136623404308698,1.6351457599855004,383.00757871659937,0.7249699940860763,5.5011193781043165e-09
3589,-9.153859500050535,-10.332660142319847,5.032598411792382,2.309895293968302,301.6442755432315,0.0251707868053348,5.501552608138588e-09
3590,-9.53840265021764,-12.933059433109033,3.827660308741085,1.8311251414253726,435.8791140901272,0.56390919493679,5.501621282384056e-09
3591,-9.04866201358074,-11.020860404756084,4.868820093760359,1.143463286546473,274.3303864682911,0.1324567266884804,5.510026502690994e-09
3592,-9.87457400120139,-12.094547964324539,3.2992402208073712,2.9055960824796316,487.624229667921,1.0500197409681462,5.5172661374820784e-09
3593,-9.23938442186431,-10.627776742184368,4.7622341295500625,1.263065276899504,467.929682127086,0.675171470730513,5.5194817106066535e-09
3594,-9.87596876607536,-11.806191679065124,3.3770511739091416,1.0352393305967083,467.8330062340769,0.7709629687591901,5.5268607421655895e-09
3595,-9.923431551795801,-11.860536758875389,3.2337897292159026,1.5796623562685044,368.8843311372708,0.7568782870698394,5.541327902976751e-09
3596,-9.891554080930682,-11.911396635391995,2.4536994593134467,0.6381992258083875,196.49073424704366,0.9735617067709965,5.556877331711334e-09
3597,-8.7213411143524,-11.09627104061714,0.7869239308922391,1.2703270740055914,282.0272055429901,0.4045129833707648,5.568105384660348e-09
3598,-9.515868950270015,-9.630817670607687,5.1090149577552495,1.8333101743605336,467.78533499672784,0.40900922251840033,5.574698164875849e-09
3599,-8.980867807413786,-11.52696994103867,1.1952489716164523,1.3696552013545407,199.89484893201114,0.0567277163969937,5.581350147950142e-09
3600,-9.864020302942981,-12.945745317894751,2.596432584486633,1.1653759464172466,463.2552275192744,0.3493469865088574,5.588097786152848e-09
3601,-8.742436653284662,-12.550255740992748,5.024180601917899,1.3300116756185434,327.9370172539554,0.379535590049632,5.5911427255962465e-09
3602,-9.902679184275401,-12.756268845815995,2.779265363358803,1.2859249202380791,468.1165335777487,0.27110276763025887,5.601780082279e-09
3603,-9.855474626151222,-12.305106446340135,2.463396887872377,0.7443477995790706,194.5811014911976,0.5876387495011937,5.6039520387336955e-09
3604,-9.71506061562265,-12.723601699542787,3.518476964867945,1.6903369534320352,464.1166351197141,0.8164163670375943,5.616465807011649e-09
3605,-9.469736563300533,-11.131049028766883,4.239966303220397,0.7113470339941265,158.68903040282117,0.0670086841041444,5.622771849692393e-09
3606,-9.095050387622992,-12.24725427738326,4.548392446672562,0.7829636068850484,465.8229197158735,0.3881692318701395,5.628235602316692e-09
3607,-9.190218254588753,-11.627871799644463,1.4532129743555227,1.1492472885672635,278.7304690864182,0.6754768947533103,5.640036922185414e-09
3608,-9.716464638413607,-11.082515393299495,3.90274309459835,1.900070953866332,468.3762391481148,0.5822868150709928,5.648030331896164e-09
3609,-9.536544343239406,-12.832703400775598,3.8263921852248854,1.0881769991929886,468.01689124065774,0.8534137719909056,5.649732865887767e-09
3610,-9.387510697733347,-10.476118487183413,4.636756049097592,1.3923301272933546,235.59614126068075,0.10179209156097269,5.650339582897249e-09
3611,-9.309121118502198,-11.643521879861225,1.6006337896068656,1.1717495206229833,238.1478469319115,0.01369962118231527,5.672286200851996e-09
3612,-9.622025169637432,-12.257467320700082,2.0567078731471127,1.488811045759364,171.09388429973615,0.24601115268838125,5.682370545068523e-09
3613,-9.958952424242028,-11.88089750099585,3.068755907812988,2.6987578415516293,456.4241656967576,0.5532598816361558,5.691046986450366e-09
3614,-9.961773537250222,-11.112342103782101,3.4838269233181225,0.626714540386392,176.2147468233311,1.0410700616252084,5.69546554505011e-09
3615,-9.063807089905303,-11.804174812489507,4.65062135102415,1.0969547209021304,224.46585338130797,1.0521214353930892,5.6973092692857745e-09
3616,-9.061156339599282,-12.779445293259796,1.365502872998359,1.0321919251078342,268.4172395952115,1.319121412393529,5.706566211872667e-09
3617,-9.799148841986728,-7.11535205131806,0.6355145171348342,1.7121273660435816,403.9810123850615,0.2836289363555746,5.721955118353632e-09
3618,-8.945671309946956,-9.200880787827085,0.46824566916401006,2.286494624734364,437.0969955009414,2.398399973548794,5.733565618442168e-09
3619,-9.205318154018865,-11.036372568016738,4.633430783468785,0.8848172268718599,468.0695924406823,0.4193773094839086,5.746396927044762e-09
3620,-9.999056878971714,-11.752998712091475,2.8672999583643595,0.6014526718395667,134.37543829774404,1.028687382767349,5.756285270330627e-09
3621,-9.472715718893708,-9.045065156440874,1.0358449599623567,2.2313464905149925,430.723362415249,2.0753016080455673,5.757056488031987e-09
3622,-9.889062310219893,-12.931282571050486,2.8648120168432523,1.0677025067612622,268.3374619404231,0.5291130271752094,5.761017524778409e-09
3623,-9.772617827038342,-11.765528551978559,2.222145874336606,0.84136441242093,162.4265115518634,0.26894396071345383,5.7626173497329634e-09
3624,-9.911559846757747,-10.090884806464729,4.243245131993295,1.7480323975894996,413.84293609145817,0.11452751277096063,5.769672703595091e-09
3625,-9.829160571219877,-12.937094011551807,2.5114018265040268,1.1371422976680334,290.9287550726289,1.466402187991024,5.772305180254089e-09
3626,-9.156652072467578,-10.647684669078044,4.852026332549689,1.0756885608625006,270.65963391113746,0.6772212624186631,5.775415535892271e-09
3627,-9.680634620449224,-10.155492656113259,4.462049621874307,1.0605242897232205,212.0461865239475,0.46505570866703483,5.779682842523959e-09
3628,-9.713406099039071,-11.452599264612777,2.079270957534604,7.886225476570974,734.0846837182979,0.3359742122124718,5.799626691655014e-09
3629,-9.725811343096547,-10.55362841316808,1.8585214476208518,1.7973559783258255,467.6438659912158,0.8803493280558827,5.8288421467477e-09
3630,-9.896803881567962,-12.132336259324221,2.571907847976816,0.6875164744769211,146.57269183971175,0.10545915031361908,5.8292782301579734e-09
3631,-9.009676196473933,-12.515106849869436,4.636273278629818,1.3688788767115057,301.38122068127865,0.1215546421697864,5.843105780496357e-09
3632,-9.34013298094697,-11.835123165398393,4.237187233549985,0.8721211329056435,218.90799616748956,0.7334114473715898,5.85979337619274e-09
3633,-9.861240238653544,-12.020675186328358,2.4461599424525566,1.1336660571333947,264.7770527143492,1.0856724529879491,5.865118472473788e-09
3634,-9.739451316548147,-10.935550107713826,3.916564044347845,1.026390957071083,280.7501803943321,1.1757493189549892,5.8736244449081785e-09
3635,-9.54000235828179,-12.668928402495231,3.816570561239297,1.3467291643150803,323.24052771556603,1.9294323713844488,5.881495183614819e-09
3636,-9.789529727086537,-10.239012272019403,4.264647254004276,1.8047683149153386,467.4907620382836,0.6746009082719269,5.881620262047188e-09
3637,-8.890844005117243,-12.000912582158858,4.85657494372636,2.139255249184395,410.65971984636286,0.8872286187878116,5.894435694691253e-09
3638,-8.682313084919281,-12.189701153468713,5.126674984986212,5.028064974934179,496.7287307349121,0.03780129825621792,5.899520960079816e-09
3639,-9.80819939357862,-12.304740850927026,2.392828534152447,1.8973154914937012,461.888883951512,0.5420357123599366,5.900232199517467e-09
3640,-9.095896914002823,-9.414222543425884,0.7322053653001194,0.9550071727837262,260.26532791365173,0.881793221504684,5.9027199423712425e-09
3641,-9.855660864700022,-11.168377579174528,3.6279915032565584,1.885981591410984,469.1689884742169,0.007950195482932187,5.912900379611183e-09
3642,-9.754544561865469,-11.322321944932074,3.7287555946658517,1.1008312664134174,467.06410375759924,0.2370674861959552,5.914614609560278e-09
3643,-9.628974206676128,-10.83866632066536,4.1119207669593845,1.4396845162838838,339.60895880879696,0.32705797668666303,5.936673073096709e-09
3644,-9.216860959197755,-11.028443078808925,4.6095628167281,0.9719792291081435,467.3058025748287,0.9287120660395844,5.940891862698955e-09
3645,-8.733350228403484,-11.873576126332424,0.9696720525205779,1.5723796583324414,468.8356064275587,0.5674355893444467,5.9524772427372674e-09
3646,-9.969675980617154,-7.445790728010766,0.8421626996214071,5.953642039575609,668.0529995395367,0.5066191122906547,5.976101375625548e-09
3647,-9.448562012934877,-10.911102638836919,4.328282695110236,1.4457242472598335,325.3166202425968,0.998678400806039,5.979002698843276e-09
3648,-9.968121236293616,-11.657259883019703,3.0902159699157106,0.5912821130703472,160.1293324455901,0.2922948300109143,6.0063055705881945e-09
3649,-9.90704510701,-12.057771491019988,3.112452496831705,1.597365201226488,178.73154337024778,0.2425976652838937,6.009839086558906e-09
3650,-9.747034201774,-12.688220669244947,3.4147394855439,0.8866165557252674,467.73746147224017,0.2040593397860695,6.014448424289448e-09
3651,-9.458085508957117,-12.55460507771964,3.950477016576877,1.8113488723637008,468.28751822958674,0.9346730283598372,6.0241560480350895e-09
3652,-9.8755178733091,-10.77333029466248,3.7926927054487525,0.6251539177060764,184.9492523640635,0.8130176787804659,6.02501985907576e-09
3653,-9.883974738310336,-11.22586507289317,2.2810850741964113,0.502749858819596,116.05102934399365,0.8092009732721763,6.031005988885756e-09
3654,-9.10505895073406,-11.574324483311228,4.616427281509227,1.1317853708030716,294.1295822917189,0.4959430157339364,6.034558113879324e-09
3655,-9.842487020972499,-9.66089720863827,4.696423084360277,5.977751540683635,375.4420298240422,0.1430201060731786,6.040716984008728e-09
3656,-9.620796342233389,-11.304468622609505,1.9520723117550294,1.098593878697989,283.30543437505406,0.9686099143849569,6.042964013239323e-09
3657,-9.834052709940828,-12.409644976921097,2.479409946658748,0.9283219830126381,183.68211465099034,0.4253059957901515,6.045454292082687e-09
3658,-9.721042533772334,-12.200006291720515,2.223845120397941,1.6316685796101207,379.83863134807564,0.6595705720591347,6.045564766609473e-09
3659,-8.750598434229442,-6.603055539847672,0.17926985598967554,0.8438930707584444,201.15243801796436,0.44740405443691156,6.047525188354906e-09
3660,-9.929757715463381,-12.136957778244877,2.9084306302183522,3.1514745690687205,402.3874211590345,0.06936200313260965,6.0564152486706726e-09
3661,-9.832271033519717,-11.996454914179788,2.4062892480208333,1.0630545288855549,271.71792446640546,0.7187692165449322,6.073274305339394e-09
3662,-9.534329820777947,-11.783770101419748,3.938134630585473,1.1212446798987117,289.80810149155013,1.3041232466025976,6.077469208230387e-09
3663,-9.894414630374174,-11.869151842594407,3.216786630806986,0.9813894915326776,194.42758839554733,1.0093130311941545,6.102212969805015e-09
3664,-9.705961262616622,-8.756737234296567,1.0857195219701847,15.866886527959647,827.5534177994939,0.23242275498825204,6.104651138944857e-09
3665,-9.264418458770617,-10.040686756613725,1.2201053777815658,2.198943908195611,419.1158567723995,1.0323291312096492,6.1080559938648085e-09
3666,-9.198739610066326,-11.807301649133121,1.494957933026359,1.0183466842881026,218.11088995166256,0.4807877070856943,6.116019139102604e-09
3667,-9.30478652591335,-10.996232995580907,4.4857495567410375,0.9006116030410611,180.64345992740442,0.8688072916035363,6.1336026107724356e-09
3668,-9.230445414185533,-12.152373805469596,1.563417124424245,1.827654517255167,468.4622984333797,0.8873664813516964,6.15766939796567e-09
3669,-8.746586357660162,-11.83288014699677,5.070208297666837,1.7402138557402234,412.5653319938271,0.2900019438397292,6.162544197258483e-09
3670,-9.816371005754554,-5.322914195323542,0.55096358315084,0.8204356577687869,466.26447019963723,0.12477103393878952,6.16955990143067e-09
3671,-9.21820500687155,-12.27888897349905,4.33651956025572,0.7255809767583655,159.77755513671013,0.3286348485385595,6.169825426357081e-09
3672,-9.481514167355018,-12.023337783574828,3.9670660898393497,2.9816859777091684,431.4579292820356,0.1557927175468672,6.183526068389317e-09
3673,-8.695043682838925,-12.404977768007784,0.9563798517364694,1.0557625382730251,467.6692880277647,0.036659953607814266,6.187552281729373e-09
3674,-9.825605462538526,-11.381396773976679,2.2458984386116456,1.0501592230083472,467.22613106408636,0.7938898803632597,6.210023784042515e-09
3675,-9.811111763009535,-9.616111162957333,4.76260187663805,1.52671419148695,469.643137099469,0.00886049141059786,6.210608297706404e-09
3676,-9.803104579814908,-11.781498392224412,3.4566918663829043,0.9224018481250597,182.88663865446992,0.29779275184489507,6.221895450894616e-09
3677,-9.329858432107859,-9.58015924704284,1.1340174841134967,1.1930176089178306,303.8692842810766,0.7552508463176446,6.230630899849753e-09
3678,-9.918837882469521,-6.949707335020287,0.7164758521016223,0.9972892459248126,467.34655748069446,0.553501860860008,6.232820778909668e-09
3679,-9.415180621777917,-11.003714765549773,1.6516279140795334,3.341940676864239,518.6156335887146,0.7400786791657712,6.261394556920489e-09
3680,-8.872235516460906,-12.503934670518941,1.1518950110477033,2.653866166921457,472.22919724982233,2.4265206205936236,6.265035838408478e-09
3681,-9.75899604004464,-11.548723486033689,2.193875188382417,0.7242844272069097,221.002211480479,1.10461542276125,6.279376418922305e-09
3682,-8.982005091927808,-12.948274632177084,4.62567519088945,0.8626687562916551,468.81144536836126,0.21188215123944332,6.284134284662947e-09
3683,-9.21285793215873,-10.217716391369903,4.988039145957806,0.9977987780009795,467.98811127461124,0.045840901868363204,6.2914707335336326e-09
3684,-9.608129671010095,-11.290654662279632,1.944607708183336,1.0022459024919816,467.63222691083973,0.41384238473777035,6.303909524500268e-09
3685,-9.74592701800392,-8.424284382393111,0.9850896566703162,1.8574074665846112,467.74665869011005,0.3105729527937582,6.311678453386294e-09
3686,-9.692313505213304,-12.600204061692734,3.5149244325807403,1.2129327116902124,305.7364499204576,1.3418082331563825,6.311749331232358e-09
3687,-9.953215164824874,-11.791843096215949,2.790661670713568,0.8039819464422686,215.36304569107486,0.3187106025046731,6.327317646468657e-09
3688,-9.897263718979902,-12.168376697655178,3.025430757728315,0.7789722535574397,231.50392161689598,1.378578925626453,6.32974523061416e-09
3689,-9.007282236093612,-12.50453644932648,4.615926447256437,1.12635431187858,293.30786586839207,1.0341128439204388,6.346717225274173e-09
3690,-9.473313212343783,-10.42502887722095,1.5739564149787342,0.9485128086907071,266.50016820607516,0.7287277097253657,6.354607229345107e-09
3691,-9.33352296394254,-5.828043326478028,0.3086494052570649,2.068454811981772,413.07559150389596,2.0602655113107406,6.36995239354689e-09
3692,-9.240892633737474,-10.113805518623852,5.0159532832246505,0.8693210481624508,235.5173217524225,0.8200539688068185,6.371382425138991e-09
3693,-9.60920481326764,-7.863239923596588,0.6207876666797034,1.3377231480492744,326.61469715847744,0.4071266197319483,6.417436494680841e-09
3694,-8.870022819343095,-11.245478814880567,5.006880490127589,1.817030387910982,468.13989704085435,0.5396681308805098,6.4220853203176216e-09
3695,-9.867586961005607,-8.804387905900557,1.1846120571979006,1.210731058147089,309.60213970187374,1.602941948644112,6.431164852503634e-09
3696,-8.914417585074236,-12.429804835720518,1.1944026162543175,1.2136335436451062,268.94021839254583,0.5027885743662726,6.439186927992868e-09
3697,-9.371760775294835,-9.721011899812163,5.1535572872497255,1.2816799383883166,317.46856438655595,0.42644613038570967,6.486216793875869e-09
3698,-9.906215974493842,-11.281190491362397,3.4235668793576104,1.903750402607815,468.0192747274476,0.5464140238395085,6.496637286200356e-09
3699,-9.509013620978319,-10.881997297873419,4.227774536304902,0.9678340363052055,205.19058674726458,0.6666274610348717,6.497388561653589e-09
3700,-9.34405569766635,-7.920361261342936,0.4562379729989463,1.0268227221781594,220.8556923949039,0.5746869355998436,6.5061126062364984e-09
3701,-9.733918281181023,-11.038980487726773,3.832043964839618,1.191407009637722,291.6887344592478,0.49520150088581527,6.5135804909439505e-09
3702,-8.976203420320747,-12.824784180791315,4.6301768067954026,0.9680890324456892,270.6654057650312,1.9019292790779785,6.5241311259968985e-09
3703,-9.495857600238256,-12.08768271607342,1.9076826517265721,1.6779387053638048,307.42275337746577,0.2503868735677024,6.549704962008546e-09
3704,-9.906556110165159,-11.550498986875844,3.27303598710602,0.9389260952731805,264.7762872148322,1.6499780763029843,6.560563835241034e-09
3705,-9.515011848831058,-9.593690536819103,5.09750194851409,0.9490026554656484,200.83451342053533,0.25835674132581055,6.562586833210944e-09
3706,-9.859386916098805,-12.705281692724428,2.900110122809077,1.3392953144492377,468.77779013587406,0.8519831393524084,6.574145353716624e-09
3707,-8.694216360868342,-10.664989898259227,0.584180740966393,1.3155473920101322,324.6144393813572,0.30191640790845753,6.582217467488637e-09
3708,-9.246323186835902,-11.850479333674546,4.331328367177753,0.5115371310917531,115.67538563027982,0.5820712497857663,6.595073376019353e-09
3709,-9.448013936483743,-9.739730125618662,5.039889474959434,1.2125984641746215,293.35103836504277,0.22952455534704708,6.604829141168776e-09
3710,-9.510937454146994,-12.89055277681777,3.7973766642928903,13.545479906814903,815.0577787072085,0.26591043634791856,6.605859462153125e-09
3711,-9.30993504165093,-10.876381812526585,1.5113152490043829,1.7639124139559517,468.76831243447265,0.5728122735056544,6.622398777309349e-09
3712,-9.483161589399437,-10.467375195954999,4.461871067428482,1.2248987412958299,308.66453156965423,1.0274101022193722,6.627953764460514e-09
3713,-9.076897551941233,-10.47379702821146,5.005229535447571,1.1904138013410357,301.8372959455136,1.5019107612671538,6.645507001384476e-09
3714,-9.555356117256522,-5.578832921820747,0.4014586255149065,1.5868495655653756,363.3798776993257,0.0633577376670198,6.670535130812883e-09
3715,-9.306070691063791,-9.672576510233599,1.1514367754126993,0.9617183860482311,203.0519978771933,0.4941135632372875,6.68364900570086e-09
3716,-8.67198884542992,-11.612400307879899,0.8256604548014674,3.5250515808016534,524.7550315946091,0.4836558235563295,6.683952874414201e-09
3717,-9.985487483113703,-5.068095118271001,0.6735274758687497,1.111680381114603,467.78398898974234,0.7678979905063139,6.702474203660331e-09
3718,-9.891335047016415,-12.196189648297738,2.861594764054912,1.4286625529963073,299.17701228583496,0.4347992478256115,6.724782827181231e-09
3719,-9.558791232578884,-12.572142734136996,3.7345644199692356,0.8352727751382001,468.18543689081497,0.14337931978993357,6.7358682132574736e-09
3720,-9.808322342896123,-11.08096468331261,2.1728011290675,1.1330129765648242,291.60791460560677,0.4965699246517339,6.759703398859538e-09
3721,-8.777745049622087,-11.100044570132408,5.159051338933403,1.7151167124752482,468.4857203710169,0.0785932456293228,6.768378877032866e-09
3722,-9.485646031826994,-12.190565091608232,1.9140773521640608,1.5292699533371923,343.8761396679669,1.165254761595909,6.783590679794104e-09
3723,-9.852015487134159,-12.66992557913625,2.882399902100136,0.8494401075410637,180.63650921095132,0.42471008132038257,6.787414847309855e-09
3724,-9.018027790142598,-11.624508605964945,4.697048008925536,0.9180861279624347,261.34118900557877,1.754615723224716,6.789664797370521e-09
3725,-8.932053205399809,-9.699582298195667,0.6284028984322191,1.069439330593736,279.68165279789804,1.0689313495432495,6.796168402071587e-09
3726,-9.830965836116027,-12.976058637324691,2.785348455787539,0.8446037740567387,166.28600088077226,0.0692715881976751,6.797858875834273e-09
3727,-9.363692746090889,-10.443139759228739,4.627869178013392,0.8960242494813673,468.09651569380856,0.17470657326046535,6.799792775702674e-09
3728,-9.091011245325127,-12.634542725452796,1.4242126990979072,0.7556933584877215,163.02922152975836,0.28240839026944276,6.803828063728354e-09
3729,-9.253838841085848,-11.81701722314313,4.314008824925937,1.545203584844725,366.7056977974839,0.5758762245016316,6.804903583061566e-09
3730,-9.747528397162464,-10.567040410999715,4.036340236012136,1.075471915340332,468.0837324965618,0.8672052707647291,6.8426728002042e-09
3731,-9.391950809955674,-11.80288562210302,1.7587347100581872,4.248440562752607,518.1021781204475,0.16332385282626039,6.84460304739106e-09
3732,-9.4903700485155,-11.453753749285514,1.8389467200256635,1.5229544041192689,336.47602236721116,0.957021565089911,6.845711477849482e-09
3733,-9.354318962161368,-10.672876660365782,4.51756633841614,1.1507368518926082,294.2273977201276,0.5994161403187954,6.855710204742418e-09
3734,-8.880618215272229,-11.608982134470988,4.892652543537772,1.7094312513661452,403.5037630632394,0.03903036760789469,6.85769859410919e-09
3735,-9.920924327337042,-10.835914977366858,2.237416306250374,0.6732772932236696,467.5295197875608,0.4761705643892311,6.860495467316788e-09
3736,-9.940337825117403,-11.654905275469446,2.7158592083840327,1.0417268719751893,468.1710159775752,0.6730892333371079,6.863159338952771e-09
3737,-9.791279353361661,-11.532218346777443,2.27867645341047,0.8876176525344635,468.6945268482561,0.8728638797906241,6.872711946303775e-09
3738,-8.717852919162775,-11.151264237109732,0.8342152157865417,0.9144190763158239,226.28490122432578,0.8475726320408254,6.883900126539525e-09
3739,-7.232543547013913,-12.123363076261512,0.05809322526186425,1.3923257965566536,312.23158975119037,0.6290781236455176,6.8845812211165725e-09
3740,-9.934604587278615,-11.718370238518935,2.952879075903624,0.9854120583786461,197.46301283737222,0.3289169067674651,6.89190366470321e-09
3741,-8.960978179429056,-11.089366596705046,4.903581842135804,1.2988998851081892,276.787654191571,0.4614799122158866,6.8938000492136e-09
3742,-9.89161689702042,-12.08450289958268,2.9112162163497217,1.301637563617587,315.8422693699236,0.7741006284255434,6.900990792146063e-09
3743,-9.074274773238432,-12.763888368694568,4.471361743529006,1.0487360169913336,278.6488788568501,1.7399299496240728,6.902827287923333e-09
3744,-9.017266975268583,-12.918962819377048,4.544988248748521,1.1997198428489144,277.2341430779691,0.6161768175057682,6.923008931619752e-09
3745,-9.7332118634864,-10.510724346014243,1.8905863783962598,1.8437227738501374,469.1466000942935,0.01364292238011,6.929588441132643e-09
3746,-8.890738722303295,-10.799568529174861,5.099618032395331,1.227110076783882,219.50965464717297,0.05849499437390637,6.930594811114652e-09
3747,-9.588635842600349,-10.059206270847532,1.5757566247403503,1.7172271415846503,467.98213025659646,0.3598764129532048,6.935918476351744e-09
3748,-9.420323534502527,-10.57402846731415,4.471064918303216,0.8623206864842338,177.38162752265518,0.0036185702795412666,6.959072467624861e-09
3749,-9.736851575501193,-11.876012531904063,2.2656876729592192,1.6600450937237958,468.3902217687927,0.4309667917686655,6.973854229800962e-09
3750,-9.16554324479752,-11.659511440004803,1.458556240797027,1.4228961587580047,328.60883226413006,0.3792863365271737,7.003820632682227e-09
3751,-9.82545843112086,-12.61638246614994,3.045778328547326,0.7903428225359067,469.33290898879784,0.23659510036561926,7.008708324149675e-09
3752,-9.262494011132905,-9.848780166592501,5.158765761843638,0.905071123944736,189.3195886992877,0.6632026592275393,7.008995715025489e-09
3753,-9.13728300684654,-10.39896087191568,4.94728136655735,1.21869737146511,307.5016817790894,0.578744554394973,7.0099964304596655e-09
3754,-9.796338921658757,-11.703366893290758,2.3357806323659096,0.5029827199146515,131.86025652974254,0.9978993427634419,7.020398371190095e-09
3755,-8.64025795231817,-11.907218913343511,0.7882262386740171,6.568471541785512,308.91765245969975,0.32067816294202256,7.036531877135916e-09
3756,-9.820219369992662,-12.915894274828961,2.765805616378391,1.7452940284678917,467.2806487874206,0.49237100320073957,7.051137856164797e-09
3757,-9.838819397532243,-11.630617597692279,3.3504167403717324,0.7953806666249986,161.26534419187394,0.03296434940827808,7.054809443100867e-09
3758,-9.248014495581769,-11.59991346794386,1.5619247998695702,1.4374410802780442,340.66386519854973,1.0744070514068342,7.072274675294504e-09
3759,-9.267287588173598,-10.537911193261428,4.695688658471086,1.7056222354950503,366.4374387707017,0.4187329524273844,7.07843878412437e-09
3760,-9.135696178812454,-10.949571530000682,1.3249795635900377,1.1622195542344853,296.33212978449023,1.3838237859888274,7.083878537341338e-09
3761,-9.684909724907666,-12.9463410359342,2.3080008457690773,3.334237848615142,268.6849329296435,0.20724280786357507,7.1194606089753285e-09
3762,-8.971523703720148,-7.643834020945587,0.27124869022611786,1.2853704757454805,295.27101740708275,0.44538732240180234,7.142923822678587e-09
3763,-9.637767663535156,-12.4295091318846,2.1828908785017034,1.833049866455679,373.2058657217475,0.8793758826336342,7.143510699010955e-09
3764,-9.914340562267691,-5.42829896322699,0.6307353103035237,1.2670736947053622,262.2840610334434,0.4380119478781923,7.155343961177367e-09
3765,-9.003547966509084,-11.699147112313286,4.686848258528963,1.334273198287617,315.3721294770219,0.43470160390311907,7.1879751487457294e-09
3766,-9.998282207593109,-10.981613340269087,3.335116091784039,1.8639186303135324,447.236565729872,0.4093254301635172,7.1911059310794085e-09
3767,-9.74074384862766,-12.589882283359843,3.322873919864006,1.1070919444748113,467.99964439171475,0.8329453258505826,7.191704829006303e-09
3768,-9.384113793392165,-10.171027919577341,4.753501530904158,1.4468826385786753,331.8434174190984,0.6335551001036928,7.202411903450165e-09
3769,-8.646147719695922,-12.33004105005857,0.8835027200753095,0.9759857946846178,267.1681066664365,0.9485910123064869,7.2114726104487e-09
3770,-9.547337778350478,-11.86325755986162,1.9870226363443002,1.112196742340357,287.3065608432962,1.4593882767023585,7.213069895851963e-09
3771,-8.115862120791558,-12.881407729376825,0.2475932689210271,1.717880956824471,431.4526117740617,0.397239220103927,7.213272936759197e-09
3772,-9.312395074688306,-6.758284436812252,0.3352142915826569,1.8584742695415857,453.8567750355603,0.3820185955987734,7.216026847039104e-09
3773,-9.16813233375544,-10.985841611340117,1.3756137705892846,1.0555650209391187,282.99253534782036,1.2219433076178712,7.220537092007383e-09
3774,-9.008439481179174,-9.940700604419888,0.953529544264498,0.8610051530518757,468.32966299912374,0.5095932857006522,7.221673690027234e-09
3775,-9.79461796177597,-11.00541874764166,3.698296879871825,1.5558438846434033,468.02516770944663,0.02858743702227784,7.227304701324038e-09
3776,-8.866650705887746,-12.759460181448338,4.761893854238039,1.1073529665683888,338.51230630592295,0.2539059614648531,7.241428582985483e-09
3777,-9.420464996062059,-11.326796344920112,1.7452744682598973,0.7825027340845352,192.65764363699265,0.13337739415820504,7.243520570600522e-09
3778,-9.50742996606115,-12.08562536653946,3.8551999430449997,8.234948399090763,673.0183154861583,0.18079422995562755,7.248824596749738e-09
3779,-9.340353278758256,-12.004821091652216,4.131811000116528,1.8581561563220441,448.3236368173179,0.42261095506688395,7.269792623063759e-09
3780,-9.788211032932761,-12.73088002970967,2.5730843076574135,1.781917964959653,422.21309385899553,0.5518918509197928,7.280511104247826e-09
3781,-9.596927682009,-12.80792964783103,2.155717628571193,1.7285813715038163,407.4330891764823,0.5701600276989724,7.285139888834595e-09
3782,-9.266078619675463,-11.747286996848112,4.287525717632676,1.0747170657918934,467.44928831300325,0.6384248482689427,7.297672141149664e-09
3783,-9.811011670504756,-12.9993312579926,2.81008826682611,0.789110602838939,199.21586143001508,0.20787208345371955,7.301750574746756e-09
3784,-9.96478721643483,-11.469416921269927,2.9199755171146093,1.2016882728428733,261.58863692357346,0.5207722306699809,7.309208629303219e-09
3785,-9.404309754584736,-10.003640626291297,4.843182284793748,1.539605256273253,349.33208989261436,0.07064373067553298,7.314784960772765e-09
3786,-9.518354807398048,-10.466387083197237,4.3811083786817875,2.508875006329619,459.1045308857375,2.4930086925732704,7.340722604789273e-09
3787,-9.608815111490877,-12.67380745307744,3.584302108637106,1.1280123924670513,290.04063602141014,1.2309038319925358,7.341041201585208e-09
3788,-8.94229687309921,-12.235589829807541,4.693755394621278,0.9505177435706856,304.8127388917012,0.18143052467607035,7.3459364677770755e-09
3789,-9.795657453733236,-12.718709317161322,3.0809869676153956,0.8717639707020003,236.93959129323173,1.2438654922539696,7.3539467849007796e-09
3790,-9.524768271408954,-12.910365592452044,2.0428046939658504,0.970980934664844,235.39356931319284,0.7078355281447193,7.363312528186471e-09
3791,-9.77751805287159,-12.433345632168749,3.21076739041327,1.3410193974906064,358.5655278658987,0.5513295351577545,7.391132375680798e-09
3792,-8.96668304819411,-11.566491396777124,4.755946386537217,0.72344129548318,467.491153745165,0.4526974672293731,7.398626585964474e-09
3793,-9.631344233637089,-11.033628548142895,3.9349282107158943,1.286198486941756,321.0565844230548,0.44166820639838633,7.398721737799869e-09
3794,-9.137481510945513,-12.106988791414869,4.415366086544232,1.2459199313640232,277.777324304018,0.42305615550880393,7.40649438034737e-09
3795,-9.26106968380359,-10.665826449465026,1.4237785601167903,1.7302978758727412,372.65828833044435,0.6409593269290328,7.423198488067694e-09
3796,-9.473610992606666,-12.143840869932081,3.8907981113663634,1.8030183098467816,430.2416712676413,0.47058839666177654,7.426067325489637e-09
3797,-9.608028797534441,-11.548361567252982,3.792001148183016,6.663754081357047,477.9476307679422,0.06095121540005621,7.429906255759679e-09
3798,-9.507385902800138,-12.262241892895352,3.8155380437529307,1.2928257014123294,468.1136592942286,0.4663877555644582,7.43642749080912e-09
3799,-9.117781584425467,-10.811480500100572,1.2829698156638623,0.8225948698092415,234.74192752323577,1.5220600051180435,7.436929817356551e-09
3800,-9.872095114381588,-10.87835934525238,3.6277459292954033,0.6186109801963641,187.35827342715538,0.6367717827252575,7.444219340591584e-09
3801,-8.838002736470706,-7.88760613427278,0.2547268016514306,1.344750526664176,327.845912746093,0.411436865382929,7.453108085098864e-09
3802,-9.83826101221398,-12.26161431912813,2.711435708032284,0.8805772338185941,182.68118947343868,0.6626482768599358,7.47546095260939e-09
3803,-9.841481787836068,-12.053768182346058,2.617117591962123,3.8448605735085435,553.1252017982787,0.647708551303789,7.530649873228284e-09
3804,-8.789350237597365,-11.29108092331281,1.007492983432366,1.167960902803895,299.54660932670276,0.6821496720705662,7.544337740285504e-09
3805,-9.918102389249654,-11.317442278703792,2.5116206704200366,1.681649631370725,469.8011714923773,0.168148251688641,7.555345554632468e-09
3806,-8.845864383650314,-12.397740683265136,4.807439870656901,0.8716025434222013,413.0271150618685,0.5382759550470153,7.585068517667966e-09
3807,-9.625819991340094,-11.439249647500223,3.785063186287633,2.192930259424016,427.3149851773245,2.1673410038991543,7.586751922096443e-09
3808,-9.875859216687296,-9.703997850032431,4.536646439578373,17.098920095170644,595.1894801789956,0.07147840982686748,7.595793327523374e-09
3809,-9.672462047498147,-11.457374833118514,3.6945104677943954,1.0728703556074024,280.16501116463786,1.8095532525643083,7.597945818488971e-09
3810,-9.491295764670433,-12.518222701718505,3.8030998288876794,4.377372668959041,583.5498698151267,0.4329335920488395,7.602423570577601e-09
3811,-9.807237548934552,-11.970702639026065,2.484803882901925,1.386697624177696,325.8057065155599,0.341431273109321,7.612225914028131e-09
3812,-9.343391698303174,-12.191255845060414,1.753451833479248,3.315041361839329,524.2826990934697,1.5157588503866437,7.617941242981754e-09
3813,-9.284000327904941,-11.56137572291021,4.283699151279821,1.234218320398091,260.8649757875284,0.10206377315902149,7.642272419167716e-09
3814,-8.79744030890648,-12.012719830085878,1.0778375581599104,0.9409564911287681,468.4564091197691,0.10390349565566215,7.64621641210733e-09
3815,-9.929069881330543,-11.252833891603611,2.5147374982225967,1.2741599924159928,303.0877291296144,1.2425885264779213,7.647140972337147e-09
3816,-9.462146975722002,-12.680733396523609,1.9573954934837734,0.8791006567476244,468.6364668134348,0.8646722786494605,7.648306734252605e-09
3817,-9.79292189122895,-12.492876558259214,3.101488998598128,0.9494827004549392,468.361913597091,0.521933539933384,7.650832522241803e-09
3818,-9.7548532752852,-10.480093335998836,1.9343024445754875,1.8630373897323365,467.980961971937,0.35927553966032466,7.658112070762793e-09
3819,-9.042442776543414,-10.887825629084546,4.828912075411943,1.8783026674011603,451.27559009292753,0.5159031636092921,7.678707615333943e-09
3820,-9.71714458859631,-12.637588585631239,3.326037389462894,0.9464548120521225,253.48809466402352,0.9886754427527826,7.685061459149798e-09
3821,-9.687896481153315,-12.155847956900338,2.2718841176702367,1.4428398253096089,328.1320603777972,0.6872079038998864,7.713376003764762e-09
3822,-9.5156330524171,-12.399389502767615,3.7628701298859375,1.8286495049086489,467.99058565559835,0.591759513429639,7.716566727722395e-09
3823,-9.13613414268907,-12.047752450858,4.411827024508966,0.9560747402737815,260.40148174961763,1.2847196740555944,7.717802090982454e-09
3824,-8.546931074327837,-12.877279384029874,0.613715704880757,1.3333836654277305,322.625553632165,0.5698130346419337,7.721123741779318e-09
3825,-9.969266506244928,-10.997768798166852,3.331169751734241,2.6908217020642606,474.759393639841,2.090153994535439,7.725061460247567e-09
3826,-8.613792470011973,-12.546492535914881,0.8176485451346716,0.7217981713396245,286.92367495454687,0.29386481461748826,7.736671516763607e-09
3827,-9.936639696957913,-9.80694397961392,1.7939340622890696,1.683468419336723,468.04920456625604,0.5225741778948194,7.737603768465803e-09
3828,-9.132684203085677,-12.658715694390596,4.355370430191034,0.947585184133405,236.97331675132045,0.1211927295970705,7.756099354992632e-09
3829,-9.2738381253262,-12.08795765467892,4.199387360890354,3.906326451667931,500.73294875530996,0.1673646483113318,7.75962041253774e-09
3830,-9.781884996503873,-10.566647331702475,3.9385419777161013,6.258367405042073,610.6438514777686,0.16627474894695027,7.769281997443607e-09
3831,-9.800200504650496,-10.363515522111197,1.942895572103396,1.9053010006873723,468.36113464749445,0.6075096538960034,7.782927923591515e-09
3832,-9.841816908167974,-11.834815365756468,3.161067613159688,2.9431000678421584,495.1358102000273,1.6385791774524163,7.795274679064788e-09
3833,-9.422239806275972,-10.962079744094401,4.2537138269348285,1.156798343354263,466.9693830614151,0.13876040602816353,7.79785904900938e-09
3834,-8.753121824169272,-11.19997016627807,5.130476252932168,0.9167581261669547,468.20155288989326,0.3525204223452496,7.7992568551898e-09
3835,-9.463944469264257,-11.908948944018483,1.8964329870964942,0.9827564747235412,256.895788901021,0.7591008227653724,7.799439684507379e-09
3836,-9.499880519475122,-11.221709353721362,1.8421975453083645,1.5616315952215158,468.80850175814555,0.4941780920143062,7.8139635932049e-09
3837,-8.37102580704827,-12.065804329122987,0.38267355922828095,1.0961974345780483,260.26547629298204,1.3650994399980272,7.821048840613048e-09
3838,-9.895334637968634,-10.796758585658,3.6098726212706254,1.8730213537146239,468.5194493031676,0.527650263782677,7.821916534947599e-09
3839,-9.487534141735965,-10.713728410533365,4.269415095069899,1.8923568653478418,456.28935324051866,0.37932392623740085,7.825591883104059e-09
3840,-9.70011004008422,-12.28503306135996,3.4091998334017757,0.8855911432739076,467.8419495998982,0.10583305703405177,7.831138472108835e-09
3841,-9.710251166364705,-7.840842056952155,0.7239449609377341,1.0961910225395406,236.19141651767578,0.8764424839193579,7.864659739418551e-09
3842,-9.478717222365722,-9.67085571147326,5.014473634326569,1.229303044289157,255.25432526589046,0.9396509785968084,7.868733695247272e-09
3843,-9.959748955966372,-9.989455064890793,4.15686908994462,0.9921340202898324,272.251657030957,1.6065747882394223,7.871769560706787e-09
3844,-9.790785209763964,-12.70004030203549,3.01648443465009,1.074322054851207,468.8269546045737,0.5963988964989397,7.880970611925794e-09
3845,-9.131878923508388,-9.694329221919698,1.0147424916314072,1.2045873318984512,241.13079866512797,0.00621136159907465,7.905485590724173e-09
3846,-9.611944279779857,-12.292843251707788,3.5887742418272524,0.9960589320491992,467.82396275777074,0.7790834842663097,7.91169108917291e-09
3847,-9.94562389562236,-9.864344421172241,4.288204488940634,1.8265533552839581,456.1181975246984,0.8983414281400828,7.938737435555209e-09
3848,-9.768161933238844,-11.431972739729858,2.280829344650357,0.5929632346484872,123.77284091018522,0.046405861325541586,7.948071463433648e-09
3849,-9.739127383075088,-11.76229287553722,3.443022212352306,2.944304541888136,476.1643085699875,0.4487281811596704,7.958407001102721e-09
3850,-9.566344274810486,-11.443598363517443,3.8607935810640535,1.2621467741917356,281.6184360103835,0.8821655058333526,7.962427110414934e-09
3851,-9.135766578387166,-10.45358613518836,4.880974129574912,1.4599253446479759,334.6987993963338,0.3843750387791891,7.976451174680287e-09
3852,-9.522508836139643,-10.000300515405655,4.671141216256866,1.1871482798850903,303.9289145581825,0.6824874451851501,7.990626845862042e-09
3853,-9.757572844358382,-11.10663812730145,2.173038569511171,0.6317835095672867,158.51907777871475,0.42749463174501656,8.035897227571101e-09
3854,-9.668465270868458,-10.346201797873231,1.8008548573097627,0.9718560714153381,253.18197052431344,1.3923626872499648,8.040760372386526e-09
3855,-9.395320811752313,-10.398286169801029,1.5178418212918632,1.6336521961054962,468.231067376035,0.576054425359442,8.042791776616733e-09
3856,-9.566519523464565,-12.938114223343074,3.5949989208083766,0.8135806873935074,239.63766873593428,0.6835885508580768,8.049658673485941e-09
3857,-9.881612387950632,-11.735451073574154,2.768983279567875,1.5976028450607889,340.9545501152985,0.29465809490421346,8.052902382046197e-09
3858,-9.569801446855102,-10.527275938688344,4.243542568499532,1.7017514708570025,367.93326749962915,1.3174736172014248,8.062337585071975e-09
3859,-9.919085049043469,-10.711907780136965,2.2456831820531513,0.8628882749384178,236.12158589954996,1.4781070149104165,8.084067662943058e-09
3860,-9.937222802488938,-11.3060245441759,3.1018086111849836,1.5635390778522442,354.17704467825916,0.1412454110496819,8.086093115791805e-09
3861,-9.856362909092827,-11.267288910476333,3.377810869115921,1.7497693185948195,467.7795243748064,0.3350394286703908,8.091120272747173e-09
3862,-9.55979619184585,-11.457331914627893,3.860030852944151,3.716919721139783,327.97790348185896,0.14398626850721818,8.098591779372762e-09
3863,-9.881271766017313,-9.880123161468957,4.3371589977441065,1.8538239070054696,468.02813486935037,0.35029319959764305,8.101920562388427e-09
3864,-9.016572613036969,-8.969007459878998,0.4726888741454255,0.5249963677341927,114.47383263835427,0.2780171465743049,8.109864648752613e-09
3865,-9.67824890030237,-8.682858842780686,1.060252939456264,1.1063547147298982,279.31280946015846,1.6855733402806719,8.123820348814121e-09
3866,-9.491331217106376,-10.938050644400219,1.7799006392635843,1.0386862606439136,282.598957271136,1.1357043258944328,8.127618015281324e-09
3867,-9.75810793046619,-11.563831912863265,3.453315128585448,1.1692764774405506,165.1807854625346,0.42286743820882133,8.137646893024348e-09
3868,-9.164082084495758,-12.325101289912233,1.5341107679704977,1.324941112886562,313.1832165803361,1.2848829611957733,8.137936892360747e-09
3869,-9.620690322299492,-10.95849153501803,3.9423025162825,2.192586912762931,426.3350223247604,2.0801839684239107,8.141102333424485e-09
3870,-9.859576260648804,-11.615017768650059,3.1708668473479857,0.9855789536138388,469.06775231571095,0.033744024350456314,8.142308276302247e-09
3871,-8.496639310784577,-11.859363813158762,0.48736103945774795,0.8093812397382641,259.58268938498924,0.0586548950680541,8.148116900442674e-09
3872,-9.421346305220958,-11.72533145484225,1.8296031300177393,1.958103317150617,383.53152669636995,0.6305329168927978,8.161369484925824e-09
3873,-9.698078865169318,-11.958881103162527,3.4586880829566273,1.0403119485468115,239.41618293558636,0.34517313776014547,8.167262881882964e-09
3874,-9.795759481951775,-8.55462619733673,1.0832423558038935,5.1621461479974045,555.1375521459697,0.1455504191668835,8.173622755643573e-09
3875,-9.446067275103132,-12.710342991885412,1.9557829055337101,1.812571390873415,448.9383898899915,0.014280138175085888,8.213476033478691e-09
3876,-9.257224035415803,-10.849852253084151,4.516415437324404,1.637819261972785,357.1841488407312,1.2087123140221223,8.219002816093439e-09
3877,-9.265973978518701,-11.60319841423233,4.27669161626386,1.0958362210297017,468.09743268462427,0.729247214643487,8.219579705608806e-09
3878,-9.364446741742423,-9.688308325007373,5.1255928739923196,1.6984226478795013,400.6999031352531,0.2650714919680697,8.244007389295595e-09
3879,-9.643476372823535,-9.544842629512463,4.928625553747812,5.246657466618809,235.98472783338903,0.3311687816855109,8.265362531187649e-09
3880,-9.861581237829206,-11.639383952493047,3.114384613378701,0.5647056737964999,132.19120496717397,0.4466365472448759,8.266591282477786e-09
3881,-9.598312408644539,-12.622974632059304,3.5429849180651223,1.0621958712096387,468.0537359039708,0.8309822656275605,8.315990203986471e-09
3882,-7.5742353490711025,-10.31170106636911,0.10155945834072218,2.023604373774858,403.39380415489626,1.2527067204162963,8.328118144246682e-09
3883,-9.811958779725074,-11.488974855510442,3.351109560636084,1.0331587209858881,192.1088911206097,0.13896742389830496,8.333552885991629e-09
3884,-9.269194044249279,-12.838349506468447,1.7061946689488343,0.8850792001280063,466.865217540261,0.5528874770038845,8.339356052027267e-09
3885,-9.794441462997575,-12.574050775067281,2.8856086984519176,0.8085087215709553,469.7135449550708,0.1054094839260431,8.346658143157181e-09
3886,-9.68320567173307,-12.811545914237929,3.3257854965913096,1.0527681769285564,459.7667962818399,0.005824591610879892,8.3693677328401e-09
3887,-9.874265267162766,-11.469846145678794,2.571136295331675,1.6574400323687368,467.7084401915144,0.126693917031246,8.371009437538813e-09
3888,-8.88589444579259,-11.632037363732188,4.823881265985661,2.294795032131165,430.1894608334662,1.0995342378527893,8.37366569432947e-09
3889,-9.250967031712937,-12.807514666495166,1.6818307446258174,0.6908183100385896,142.10372834996775,0.309617221018196,8.378050449183681e-09
3890,-9.716371212415087,-9.454492370242605,1.431516009715759,1.1887430090677777,468.2656088511524,0.32307062381116847,8.399349639296279e-09
3891,-9.234637896960134,-11.575553762011477,1.5725466445813465,0.5179749227682812,145.29205331100297,1.143548937911329,8.404039999941096e-09
3892,-8.558958438119943,-12.45174688814772,5.177730124513416,2.050446587168955,410.1867176206718,1.7204701455351623,8.417276129551511e-09
3893,-9.882398602295648,-11.680460436895581,2.895593554281325,1.6555504829476961,468.66124376861114,0.8241362262261314,8.428376913538782e-09
3894,-9.043508210766403,-11.01816037532527,4.7517539048463036,1.7499173534851964,375.5237434363845,1.716400199826544,8.43866722921532e-09
3895,-9.762648574904334,-12.912007350203504,3.0003008684589485,1.5599963016281007,467.8079509719876,0.1279055784932135,8.44139713190157e-09
3896,-9.502602632893849,-6.837791278565191,0.432365630373175,1.0820259083738215,281.0214256828436,0.7080429494605278,8.444027019516014e-09
3897,-9.618865697844996,-7.1091708299590435,0.5214725820804872,0.8069149841622778,191.23416184374702,1.1496206189115439,8.447697814723527e-09
3898,-9.241387274782843,-12.164230491222067,4.2090354856925645,1.665705881426854,359.6351386612097,1.2967348532891947,8.456361827915603e-09
3899,-9.695042031095433,-12.810446856703697,2.4200091899972613,1.1279069450915544,468.3271427104104,0.50852613123224,8.473421131293926e-09
3900,-9.776659543561625,-12.136833931409269,2.53271974225481,1.5538655512158766,361.275070453111,0.8528431454519412,8.496131700345711e-09
3901,-9.620343318141646,-10.551263278913616,4.139047911795029,1.864064476136725,467.46231284095427,0.4361101764397075,8.500772282191216e-09
3902,-9.760823690567413,-12.884902325199604,2.681041425626814,1.1833593523546349,221.57848654629643,0.045898016788797236,8.507835779167532e-09
3903,-7.08136633009035,-12.083519648277804,0.037704023723018884,1.3514263725984654,468.76029433377136,0.8857240442271292,8.51959294453346e-09
3904,-9.543345324110833,-11.95147049166779,3.7420688348115507,6.15173678289268,493.7207981112318,0.02083359269235796,8.5280486839977e-09
3905,-9.74341038538521,-12.43190033641807,3.187987483637157,1.8693518341894397,447.8765981469305,0.613297828728423,8.54627704211969e-09
3906,-9.801045591797479,-11.22568741430463,2.303933852459941,1.2004153712960246,132.29215934266435,0.35756157191418314,8.54746466319377e-09
3907,-9.605286317677336,-12.683430192894674,2.2192773898200073,1.9156134816976902,382.01746040983255,0.8357626260386253,8.554534869238937e-09
3908,-9.615295766012954,-11.965064630694075,3.6033262360524483,0.9628641221938075,467.64414720314664,0.8839504219847409,8.560775802895353e-09
3909,-9.123810805564794,-11.108850549002137,4.601753347980839,1.1607160472262112,175.03547387676963,0.42817262839271475,8.564901336935096e-09
3910,-9.849144033595545,-11.859058557386346,2.8547685637216356,1.0326227036274787,241.72000421200767,0.3076178626889474,8.571419906992961e-09
3911,-9.88312307444188,-7.319496367111293,0.7629338920789105,2.7756164781521426,482.33128938556865,2.134546426829969,8.575984775278814e-09
3912,-9.850384635622968,-11.543041611853123,2.559535109519112,3.0017781221885103,499.4839124651593,1.4719834396152018,8.577279403736821e-09
3913,-9.671746818058198,-8.532035463573825,0.9958551666250112,3.0001803728114065,497.5465871444116,1.176391256545969,8.605509421630454e-09
3914,-9.383165128739524,-12.626969467352806,1.8630410682431995,1.0424568760610151,213.1783347030739,1.0325411109608158,8.618681936867712e-09
3915,-9.805921259512324,-12.233273161133704,2.935470693187304,0.7929775241683977,227.91626653807248,1.2348814116108633,8.634151559707326e-09
3916,-9.761591715566048,-12.339743511333353,3.1396399924054377,5.402444031835682,327.6444811415934,0.2515317089869118,8.637743785278042e-09
3917,-9.33936227925684,-12.76169303409149,3.9807929390355943,0.8299893484359296,468.2892596098396,0.10928595538959218,8.63805706615438e-09
3918,-9.279222873693879,-12.813165176474866,4.07678041353532,1.4230413410100282,333.7166516905002,1.9620368946713427,8.65859996137201e-09
3919,-9.64663852025477,-11.709871287535682,2.1773668068162464,1.8743807754024342,379.9752318174919,0.9265516024383809,8.662468439347234e-09
3920,-9.686113648946257,-10.710707901120733,1.9731027269356032,1.383127657801927,267.1759607331603,0.0826881885609616,8.705644605044155e-09
3921,-9.821854521645099,-11.583733151033465,2.5023202522479546,0.7899421240229223,172.28648269682296,0.016522355978492165,8.727943419294645e-09
3922,-9.442504101431993,-11.88096407408566,1.8907913807362682,0.7907486984840404,176.22994744069695,0.14398417030396704,8.734372401845935e-09
3923,-9.55478137801023,-10.466925940108153,4.271004638338355,2.70965804542704,475.1048043176254,1.633535894872975,8.74216171937528e-09
3924,-9.222982186275313,-11.092986910313355,4.452712837883666,0.9970058072232882,229.52783367313788,0.29836830677650905,8.789657283232384e-09
3925,-9.054562027685128,-12.959683966550177,4.411313786255741,0.9182897814200532,256.7529224963636,1.412605033333394,8.79175431977974e-09
3926,-9.472317531551024,-10.12122586764532,4.609744059330363,1.3014892128917515,322.7588634849401,1.4146921729264763,8.799001293316541e-09
3927,-8.760518574260413,-11.409690426257384,5.033857697925142,2.5607768848452728,404.68962900143276,0.1592815894430739,8.832037998890827e-09
3928,-9.17661792468012,-10.94503286474112,1.405106368661662,1.089213893466862,230.85830905230745,0.6876907189276311,8.834430092206335e-09
3929,-9.81761858630125,-11.18532960070496,3.4459628863305105,14.237826988867337,649.471924326241,0.010291429390575146,8.84422182188961e-09
3930,-9.529728878148637,-12.314763366522321,3.6840553902495112,0.8034017204204782,181.291086465027,0.24356880055715546,8.849886955856461e-09
3931,-9.718111112308074,-12.955140632042264,2.5372038979644214,1.7085013653471013,402.6268114358195,0.38402964167479947,8.865333117703977e-09
3932,-9.801570941158143,-12.067367674247917,3.026264495064295,0.9693124777193838,469.672002975579,0.09299870569037516,8.874070323025818e-09
3933,-9.918449192268906,-11.397231955655087,2.8821478421032563,1.527809549380676,342.84188573198213,0.9286421091431745,8.874254100634701e-09
3934,-8.79394963738545,-11.122108614873742,5.058259637102606,0.8755296715328571,202.05304694504835,1.1301770269428282,8.888003689517915e-09
3935,-9.863764171741721,-11.641461423408721,2.7519185613433006,1.2010654960519558,294.3995384593822,0.5290597101544954,8.900814956736113e-09
3936,-9.23924164847923,-12.705051904434207,4.139606599521582,0.5124906293383732,162.21410124848683,0.41256911396817486,8.91210141954029e-09
3937,-9.250122377284763,-12.334983522846668,4.155666431405891,1.4485601990780086,314.6526682143233,0.643470534465135,8.92329698043642e-09
3938,-9.785306542766307,-12.175202252444558,2.659879400974134,1.6245912038715302,468.17953149232164,0.20269435404495706,8.925914213855516e-09
3939,-9.990736806050498,-10.11169233285953,3.9483435384682632,1.249856320816116,272.489981447302,0.15903093931330403,8.95939200074671e-09
3940,-9.835450886248562,-11.713093852372598,2.653405518349619,1.2933434691086687,286.11525383570944,0.6396835801211731,8.975867900063031e-09
3941,-9.797484908865819,-11.405815062210454,2.3998285269808894,1.1927907403417053,467.95101255771357,0.23529753387823416,9.038397979223475e-09
3942,-8.594037042087951,-12.390623703138584,0.7451476452727485,2.7385701777018836,478.48773943367144,1.8634502325858504,9.040679109112936e-09
3943,-8.81487338494955,-10.864345718019486,5.108748597857034,0.8487356595074315,210.17225497436368,1.274172058195016,9.044757240836333e-09
3944,-9.738188074931653,-12.509665225829622,2.5710335207713246,1.5822129053967353,468.38342700802974,0.3479258558194944,9.052242271733111e-09
3945,-9.541755463257182,-11.959787571933536,3.7122011347926236,1.8092993927957843,430.7185350521078,0.4609213632427984,9.055360763011582e-09
3946,-9.782453918595069,-11.653616149415129,2.4549244688823793,1.2076350098512905,305.0684313918707,1.6416943122393155,9.060073605727218e-09
3947,-9.010037712609625,-11.894548590054034,4.571544984075701,0.9871363524590863,467.2768604752594,0.7633749040841105,9.10857188507925e-09
3948,-9.525558728989406,-11.384841384634925,3.8855024001624305,1.0838207710288523,274.47430993102535,1.4504521155994956,9.119660990011196e-09
3949,-9.882813879430238,-10.21794743267059,3.984315934179921,2.3367201778048328,427.52212109584644,0.715448825246928,9.124084831615581e-09
3950,-9.594071848014744,-12.250893251385618,2.1899382197643362,0.4594483634373084,119.32949485634322,0.06467775344782378,9.132299681542816e-09
3951,-9.775139065816097,-12.436832489175444,2.8663449090992335,1.0968850153451117,257.62361561332074,0.6769667898014857,9.154652055775137e-09
3952,-8.800237284766926,-11.891924002054171,4.878961656645863,2.976876519403981,479.26602071652167,0.38876903527450235,9.162789430630898e-09
3953,-7.798928531400096,-12.822609102657925,0.15779191264925488,0.9659897403794139,267.6340028627723,1.6019941586119995,9.163050897830296e-09
3954,-9.980652229232037,-6.894314432763682,0.7901112302798524,1.5914296096627083,470.01572529966796,0.09713579917910042,9.165578184239114e-09
3955,-9.762830929369793,-10.899273160784185,2.160796369601393,1.0432656891963545,466.4154300145391,0.1695321135013126,9.171205167509389e-09
3956,-9.710914176561122,-11.534164742348896,3.4978790508705724,1.3574464453735857,306.3836316673514,0.501596658313745,9.177245528203157e-09
3957,-9.971392687404705,-9.525701160006944,1.6902769882496904,1.096107886656,285.9128276671289,1.34713966430557,9.179103619617737e-09
3958,-9.886672614211651,-9.749321945608893,4.410825880593957,1.188524632977553,467.70931507098396,0.22603195128772047,9.184531749614888e-09
3959,-9.26385692333141,-12.627358430790474,4.090921449705045,1.4964814949557166,337.75530108196705,0.9203909311074527,9.198488281690576e-09
3960,-9.053098038070342,-12.832890633569319,4.404836641208744,1.222093016681609,262.5155318349157,0.7012089525202976,9.21773280744431e-09
3961,-8.632072802366228,-12.718316447085423,5.034532681186921,10.549080710596558,678.4555174073721,0.12798079230124593,9.22902629379592e-09
3962,-9.864560396555964,-11.334108641464283,2.539306406768137,1.6190192175769873,374.81155631595607,0.01707240792941267,9.256933500945077e-09
3963,-9.952607211688072,-5.85209894156256,0.6870712030386319,2.470371039099793,453.7879257370431,1.8166776086151373,9.257156417896893e-09
3964,-8.790824540146964,-12.159235267966649,4.853074529744092,2.4067748135350673,446.4911477322896,1.5873408572881607,9.261758259370714e-09
3965,-9.113223298582918,-12.365192901365278,4.353597363052911,0.8968310802490029,198.55418771668758,0.2857333241625106,9.273412516608326e-09
3966,-9.610791068085671,-12.37018523896182,3.494790649817795,1.8163877935601636,461.79922944753065,0.6754457183093914,9.28478822242911e-09
3967,-9.748200213161162,-12.501503205156897,2.640921572478733,1.662997970861576,389.96604458086955,0.2260466504034051,9.287095792522759e-09
3968,-9.479458350962723,-11.49171619826941,3.921437583881811,0.9723116530093552,259.5586169414321,0.9883046341942139,9.297072938501749e-09
3969,-9.701663681664893,-10.705659688793363,3.8913119177624824,1.6087089541249158,469.7576820470663,0.10214597384201607,9.31539579381248e-09
3970,-9.390078763968507,-9.554886450633031,1.205431954442896,1.5623672478480817,353.4142232124059,0.7350952382817537,9.329063165903854e-09
3971,-9.53259492597227,-12.555286150601049,2.1075552797606476,0.9122980591441221,184.84120708152105,1.0512442443637076,9.334697245691366e-09
3972,-9.587315135443138,-10.923203457875713,1.9346148016125346,0.482524035851616,131.75966312003942,0.13970386842102744,9.355532095562873e-09
3973,-9.376905212798857,-11.143398922037969,1.711086774611266,0.9610276099675714,265.52248269126886,1.1098294450037267,9.359043568802736e-09
3974,-9.699513239107539,-11.115516859827991,3.6774748932106336,2.4609581418229025,435.1195676063103,0.4933387874774242,9.37110114580757e-09
3975,-9.980017846613658,-11.001861144796322,3.0761309182139667,5.8846496806206545,538.6606274806753,0.07966256112211223,9.373567537955369e-09
3976,-8.61168616280366,-12.77614379271419,0.86180740808978,1.2369552550855116,309.89364772175037,0.5373670841664451,9.397050568900415e-09
3977,-9.332609556424462,-11.198274533151677,4.235055973281873,1.0998747653601626,286.87089860112025,1.1056173732016932,9.406459158945166e-09
3978,-9.686059860937416,-12.163605844164401,2.376868293537039,0.9967102846670697,271.982260148885,1.732062861195364,9.407037853637066e-09
3979,-9.681661336386146,-11.816571407922025,3.445178722699754,0.931082387172324,243.51781119406115,0.920342147534714,9.420968862545277e-09
3980,-9.733711161408802,-12.717666738527091,2.661316056402485,1.8350155334973195,439.1082551793209,0.4973339701914137,9.424945027313217e-09
3981,-8.783177627910215,-11.330679049931538,1.0242989379345988,3.290748522946024,256.1835862821963,0.2517219625477134,9.425085021850877e-09
3982,-9.753593293909757,-11.758721279064773,3.291181016843093,1.2290058685126788,292.683816512249,0.8415304046780046,9.432404135790154e-09
3983,-8.773677017530186,-10.002527022582594,0.5359461246207214,1.0264065291558409,222.4507992198342,0.2864458627452251,9.438926365930205e-09
3984,-9.18812658648044,-11.885521023964145,4.2940347768732074,0.9966606140815257,468.79052689110864,0.5949135636722849,9.440002794731786e-09
3985,-9.006953954498904,-10.51202431858544,4.98170828954368,1.8028071705238766,467.56046432474557,0.4776473978383198,9.440259229581319e-09
3986,-8.593162036094704,-12.624533476963334,5.086996825684592,1.3473907755729826,314.8896111487039,0.7068968906628923,9.482241218799637e-09
3987,-9.092333874404957,-12.679094174103177,1.4811115911807822,0.7818723809045186,230.07981056323723,1.2190601143832378,9.493612401454322e-09
3988,-9.233960070994701,-12.187536041556054,1.6522053656193838,1.2079637993982542,264.0209126509962,0.2737811963430401,9.499934776072174e-09
3989,-9.63994318216285,-11.716942489022454,3.557117746477027,10.554893339824341,530.4133045837091,0.08242071649072447,9.509578370858684e-09
3990,-9.539140816104208,-8.074822944426861,0.6449787668343492,1.096888855068899,236.40064506816296,0.9723208404929258,9.524059856376487e-09
3991,-9.727404334576985,-12.465411445917821,3.1110470135570023,0.5918270946848333,121.60838623228467,0.7897861858166761,9.549156801497275e-09
3992,-8.983695622413265,-10.708574212298602,4.917563712974002,2.042970443105397,397.3078901611717,0.6827562409316927,9.550777881658892e-09
3993,-9.46917754378195,-11.54008082607332,3.9145582687567164,0.7634099849483649,156.1219811010144,0.7232756667244482,9.551240087357573e-09
3994,-9.791627537390138,-11.883572869679393,3.0681348668588715,1.84626789354062,467.9694920031162,0.3878078698954859,9.559054382553436e-09
3995,-9.567225422523306,-11.09638633142731,3.8994127939980987,0.7654926741372997,180.05952860695126,0.06064124927657755,9.577036820125437e-09
3996,-9.736167253377682,-9.435396366003072,1.4564859567487847,1.189856632547165,260.01218031942113,0.8208115031840899,9.579025388197722e-09
3997,-9.751190313906418,-10.728958966415613,3.7874976790418993,1.754118569420513,414.5405990791718,0.04666391927791569,9.582044980525932e-09
3998,-9.725171413676483,-12.38918129768659,2.5380541600462134,1.2203082655400912,307.6264045202169,0.3607593944547549,9.616510910699898e-09
3999,-9.397319741356865,-12.689635094120387,3.8492315883146113,1.0865606934906393,468.5800607357564,0.25645021769159193,9.616545692202344e-09
4000,-9.875630517750416,-11.295530776461279,3.1430019832149902,1.3633944784430454,308.24820029559254,0.2664304423863344,9.619492846344511e-09
4001,-9.682094798325329,-12.058325905746024,3.3628212989066255,1.3285442885625325,233.57013957050495,0.021712959432957035,9.627338738275427e-09
4002,-9.855987642886369,-10.644191001473057,2.1988023519664597,1.8072657084304364,467.76855875712505,0.5245317070849334,9.628692507519438e-09
4003,-9.891444336107813,-11.231407681685859,3.1321570883856045,1.0255559702510129,467.56205817412115,0.6696601215741156,9.639366272901262e-09
4004,-9.001705917154956,-10.916068058806458,4.807302585454604,1.3607463922419754,304.8518352061937,0.9804610925153439,9.662150364529795e-09
4005,-9.799920758276704,-10.078351160839023,4.188946816468498,1.7977608710950224,468.2002441154904,0.2636810999787915,9.684687708906469e-09
4006,-9.72808316793321,-11.77444180370044,3.330788647144384,1.0716369695103252,222.795460842186,1.0690974723888411,9.69719863316721e-09
4007,-9.924090830479576,-9.482872023132163,4.6387524626420475,1.2061498996835254,299.2870174079142,1.4037978873354309,9.714498342634861e-09
4008,-9.678444808086061,-12.163131232305695,3.3411508982131726,1.8911845033276748,468.8886230978974,0.20349085178310133,9.72240618052868e-09
4009,-9.745388065918798,-12.371566618057775,3.0309901783290374,0.7900905601559369,152.42626512293356,0.3388399733521279,9.756354365645092e-09
4010,-9.513187457168334,-12.787349511633064,3.6123037671750677,1.8673135850035376,447.62214851069353,0.572847881966573,9.797992826442668e-09
4011,-9.676266418798967,-11.830511872848753,2.30757073151433,2.690767448104775,468.053665693099,1.0326091929806234,9.803030775370815e-09
4012,-9.055205472945277,-12.968881344923759,4.376233331761685,1.025232158324337,467.47940142332595,0.24138875417794292,9.80656471802153e-09
4013,-8.48885799614602,-9.027968581891717,0.2535786817150426,2.436592332111518,451.8927074665717,2.2887696856970647,9.830929782867954e-09
4014,-9.7362278284027,-12.652951728143764,2.7678540934020637,1.1482732692460689,267.0647885171865,0.43700461629857035,9.837887896415629e-09
4015,-9.252294239170741,-11.562543761164667,1.6248179282303492,1.100941347837049,467.82876708564584,0.7669298491683341,9.848172900143414e-09
4016,-8.988193963545204,-8.648644796918095,0.40037759552126034,1.1831133365177935,252.37490895306422,0.024715453303615575,9.850254235618035e-09
4017,-9.856464172272098,-11.390514479949358,2.6262355372366057,0.5626960454002919,128.61779920939074,0.476484209983405,9.858915517086893e-09
4018,-9.74435493909543,-12.51418055607115,2.7369817751511527,1.4682517185583872,325.6149475499051,0.040466466673170665,9.859520914445427e-09
4019,-9.71422435262662,-12.649138564247517,2.6031263374864015,1.0025939692976638,276.26305155312104,1.8256534981818557,9.923829170507188e-09
4020,-9.65452830166512,-12.161400262716825,3.384818783249104,1.802541268789273,467.6845072288831,0.43802181728447476,9.924963371736154e-09
4021,-8.113216550281301,-8.208321270527566,0.11716569903137314,4.427499967450662,338.6519826494769,0.16639553490989112,9.925423068810838e-09
4022,-9.737405656673268,-11.484039179343771,2.3429468015052493,1.7316518822301454,375.7778020508061,0.799991100691325,9.927023858148044e-09
4023,-9.77999065229496,-10.238218658584204,4.071816706252749,2.826336283122072,486.89529321619005,2.171816966193709,9.938025383515602e-09
4024,-9.736603035589104,-10.76224742273638,3.770154441751531,0.5605225241786665,175.32321192282515,0.9559943159912789,9.963435755644989e-09
4025,-9.199012313846769,-10.564931536762707,4.66825560377034,1.277827468444244,273.7912500344471,0.07727536402080215,9.985717420295472e-09
4026,-9.443497549305327,-10.81933901673002,4.19313590389289,3.447296227348661,533.1142463168545,1.302168263395182,1.0002091705630648e-08
4027,-9.862076957483787,-11.088206819802307,2.4597105104562282,2.5924237518629663,438.2957436996473,0.3021262817510051,1.0003392133338945e-08
4028,-9.843571253559276,-10.504798457929425,3.7655336514814826,0.7304964976531916,467.51298909187403,0.28749539642122546,1.0032072232699533e-08
4029,-9.800882589383146,-11.884523494648173,2.869869117373451,0.685624357234424,199.6012742979249,0.4578394887363535,1.0037327425315928e-08
4030,-9.221365470026907,-5.674194989611623,0.2723009841719615,10.708968671348446,800.3368219771515,0.33837323936338226,1.0052581525376653e-08
4031,-9.682150233392791,-9.71472177718806,4.652295584363179,4.146504777028799,571.272219305197,0.565243586882735,1.0055065639942423e-08
4032,-8.672998616883671,-12.870733089611711,4.940802736740204,1.0732103889154547,278.1481576507996,0.9955741439778016,1.0064485704777017e-08
4033,-9.2882093951176,-11.777600018411949,4.132038604748316,0.8958450777110186,182.0574583243395,0.9298666391346222,1.00842137681652e-08
4034,-9.802858324456306,-9.309274838562333,4.950359179718695,1.815454066824378,385.681353446543,0.7120429470588059,1.009367651600608e-08
4035,-9.3756622438969,-10.972109827376473,4.223999064658949,1.0959231473282434,467.92414357788493,0.7500348512151032,1.011281690056327e-08
4036,-9.988661060865354,-10.909944379766229,3.033689656250553,10.497681287607788,349.1071685458239,0.2655633482856219,1.0122696070765615e-08
4037,-9.688194368619602,-12.960392667483164,2.5826579284682554,1.3010655254799117,320.5853111016408,0.34177617510130087,1.01624432477423e-08
4038,-9.782563745010004,-11.983080857315796,2.826889031599209,1.1527660390846723,185.86951675154177,0.4271112591369981,1.016760512750132e-08
4039,-9.99294441602517,-10.907573777603174,3.019442974277292,1.700151218898386,398.88020878725587,0.0891234489835151,1.0176775880530166e-08
4040,-9.712282320889212,-12.653639866386182,2.633892987562928,1.4245117278411883,331.3450963217403,1.6425953016524888,1.0185398328138174e-08
4041,-9.177084362781343,-10.500828372116292,4.726482188867909,1.7484792344963203,413.33003502523286,0.427879357160065,1.0192684178344144e-08
4042,-9.956174404634064,-6.8552853611811475,0.7709301130679351,1.2735442477700467,266.6596538233621,0.3315265585185072,1.0196336822844603e-08
4043,-9.38241079002195,-12.095266692153803,1.8708640914211168,1.785892570837003,467.6327906192308,0.498683449040203,1.0216928091016183e-08
4044,-8.545049191571067,-11.756426559397365,0.5579265040773325,1.1679055586406093,251.08324911728278,0.08509689975657952,1.0223848253504317e-08
4045,-9.366087895334877,-12.077453919650132,3.946766115358307,2.5647530184671075,384.0561937466741,0.0834980458665262,1.023157878047834e-08
4046,-9.68543174693293,-11.915437590348402,2.375063285315093,1.5319989034529702,359.53401171467095,0.4356146429220207,1.0234550019363373e-08
4047,-8.77320184086445,-12.525196036171419,1.0994737224036983,1.3226008262312885,467.8374020416042,0.7852102261727918,1.0239622730098348e-08
4048,-9.946410683277055,-11.06990176040416,2.8518874106916567,3.3205892895522604,194.4072428543313,0.37419864647554313,1.0245666559213475e-08
4049,-9.73490238626888,-12.278571000297816,3.04465270437192,1.7546297294639186,367.3325167148921,1.0100128157394765,1.026178268683206e-08
4050,-9.705317559131137,-8.149091232942,0.8668088464458862,1.2581475735742291,272.5036379233456,0.23227312132347144,1.0309814808973493e-08
4051,-9.905885895925977,-7.431847241127681,0.8193089515973259,1.0606333606758782,207.13522816050454,0.05498839925820587,1.0330220461094208e-08
4052,-9.734476442967045,-12.489185276078446,2.8456396104717845,1.2202875588264936,269.9700347645332,0.0855049709036777,1.0345407298389036e-08
4053,-9.685776648747073,-11.711391750758661,2.325216700190505,1.390612894104067,309.8196742827738,0.7813542070288895,1.0346348190990502e-08
4054,-9.854495069055163,-11.445549102467957,2.8272835274475048,0.7698224073658044,210.98629164785018,0.20966366961262395,1.036790547349513e-08
4055,-9.69898886687777,-8.535204239328706,1.0330068371137935,1.4571595775370965,322.3324466651532,0.20088375382494128,1.0470905402463601e-08
4056,-9.716025796295652,-12.754523265205496,2.848312767559827,0.5619336603769877,152.1193278694552,0.30281748721528956,1.0472658151057435e-08
4057,-9.657101619757468,-5.271232733693759,0.46363533519111455,1.1869225186695664,301.13620413202904,0.8303089827921966,1.0483629222694778e-08
4058,-9.861926071314283,-9.224331296894572,4.975304430495141,1.831632147942848,438.9910994990776,0.6218962617495203,1.0506678988745281e-08
4059,-9.210852243974578,-11.078855033440613,4.4150510921309545,1.81041772379891,468.1053688012839,0.8836304577831253,1.0509462861015054e-08
4060,-9.711595822922405,-12.812137914335953,2.818329829213034,1.355159423595725,301.3910447829007,0.20935687432863492,1.0569655079248992e-08
4061,-8.822925546943166,-11.690910758156443,4.837154803083702,0.7498269502226491,467.7356291492146,0.26385822986695384,1.0612217618289714e-08
4062,-9.395502052871446,-11.681804124263266,3.956651291489557,1.017965218096421,209.62744505350065,0.9945422903256249,1.0623751701713746e-08
4063,-9.72056289345177,-9.982921997019542,4.334902067086792,1.8127283269080114,465.904503694424,0.5568032493420123,1.0653738652137391e-08
4064,-8.578027236409016,-11.750295383104195,5.172604711560748,3.2608707031029733,519.0050205161922,1.278368867926159,1.0660860695888134e-08
4065,-8.844806123021003,-12.899929536833998,4.674910431787288,1.2449162573266197,312.1110497396823,1.1375835676545636,1.0676706137051523e-08
4066,-9.955031682781838,-11.005662517408751,2.884588444425827,0.5599580829028098,125.42718787315134,0.10254440030832512,1.0685305802098442e-08
4067,-9.721799975696928,-10.295557060417822,4.07533296281189,1.5879861820604153,347.09295350427766,1.0495102001484762,1.0726996207099361e-08
4068,-9.446648731174358,-9.949796666780877,1.4522634504300824,0.6241037327890077,186.26751220241104,1.3051095979618,1.0734595941282796e-08
4069,-9.502859565381232,-9.914509897322091,4.66939795859402,0.8774560453737817,468.0693130383439,0.9357811930078102,1.074510367838312e-08
4070,-9.228116536378078,-10.19340671617231,4.8233880165309255,1.131362924963075,467.396076453378,0.4832832281207837,1.0749784156108099e-08
4071,-9.842929650143816,-11.423962676170284,2.9827853197043668,1.8232944287523614,468.6225734240639,0.4939915510511712,1.0757527996961322e-08
4072,-9.511414711571952,-10.328835955423873,4.3414244400564534,3.282246708978534,518.6733096302174,1.0165862869906803,1.0758067625058996e-08
4073,-9.962507037266201,-10.502572003393444,3.529857622357013,3.6122359126596297,535.887325562434,0.621219154983617,1.076209725775689e-08
4074,-8.934589084168135,-11.165397623919379,4.790695336990048,0.5751200607275613,182.88394534544747,0.6363120750667113,1.0785409834019944e-08
4075,-9.726753155620548,-12.46410860545698,2.8026822079964373,3.2453111584043004,509.94925241994224,0.29802971602749917,1.078909649508419e-08
4076,-9.870001194997187,-9.659787950961718,1.7198196073627923,1.024531539537432,467.59457061934023,0.10337519895985015,1.0841041674473151e-08
4077,-9.780740677333744,-11.688815097895219,2.6392358503295252,3.293565754100523,522.5695627140944,1.5025293627488585,1.0849885578703363e-08
4078,-9.706059977450188,-11.7961505131894,3.294247458309412,1.5418560080252126,342.63145745433894,1.282524872591443,1.0850097366926163e-08
4079,-9.706590824724607,-12.35664162394769,3.073650403542898,1.7907493760952586,425.7431462366765,0.01076774734192476,1.086274309837058e-08
4080,-9.273211356789652,-11.73878472066013,4.137097737994037,1.4854621693553693,338.5832333289246,0.37049520966008576,1.0865706626227343e-08
4081,-8.804961254586358,-12.902650047553307,4.729072765147185,2.04170185875224,409.6644622243935,1.9611104440967226,1.0880531598528323e-08
4082,-9.402504728792408,-11.172683663199875,1.7867044260807277,0.9589672333207806,260.86749661141994,1.6060602934140062,1.0880825999840282e-08
4083,-8.85579600606299,-12.05424601951345,4.727242926605191,1.0944664888053344,286.856943754082,0.9688960467627528,1.0880935448505865e-08
4084,-8.148112836366153,-9.59027613248546,0.20784237736019973,1.8463836930650872,467.3351109284896,0.05097966240713703,1.0904804966824864e-08
4085,-9.81367175958913,-9.821562456600839,4.362175386529908,1.308709031267624,468.92173221739097,0.4690968563442306,1.0909799801462878e-08
4086,-9.372686532859591,-9.92615823466938,4.823147861194189,0.8366926521960957,469.0760585992392,0.2234142701717312,1.093049708573347e-08
4087,-9.873367993733844,-8.678507391496932,1.1821347889518439,1.60901455619943,378.23795843777856,0.5974599843927519,1.0934265077420102e-08
4088,-9.762439871899787,-11.539096480543861,3.2173284789268273,1.2142728110583605,251.13269080066632,0.5445970763120824,1.0935801450566322e-08
4089,-9.071703657177537,-12.235225091987102,1.4544137150843115,4.6490035481323835,605.7436253440826,0.7533982059493969,1.0943485919995899e-08
4090,-9.504344539030175,-11.312413740059949,1.963275454200977,1.0307973295633817,271.54871583429446,0.6741319096387643,1.0960888762070138e-08
4091,-9.778917855990432,-9.194035756202098,5.083095710292685,1.8631655043639839,447.83216608732346,0.2170627388701014,1.098685409047326e-08
4092,-9.661542613507425,-11.59369000986583,2.2821039525766715,1.1354808993394774,281.2496017017653,0.9480602151492787,1.0995054270938545e-08
4093,-9.753039677855396,-9.530045927795628,4.730652004312263,1.6523330983953264,388.6519156898366,0.5997367990490039,1.1007708998555769e-08
4094,-9.318018799242683,-12.928535418862845,1.8460376192381365,1.1778283907888671,216.69893049038487,0.4802526983858675,1.1017085963857067e-08
4095,-8.939172750027257,-10.928454002421297,4.852116557547946,1.4968257150901025,395.36123555887116,0.719548067234502,1.1031365969916843e-08
4096,-9.350540437841797,-12.457778017627653,1.8721388813114854,0.8942669768274848,175.10699395465136,0.25823333878893173,1.1033567684314319e-08
4097,-8.55487691260616,-11.879838523214598,5.175787101551289,1.0137835284755534,241.1806372545646,0.08728217630364643,1.1052615216977556e-08
4098,-9.681069356323968,-7.681855814990864,0.6728878769029587,1.0079926430715178,431.51088970282245,0.35499120744080326,1.1064058341660436e-08
4099,-9.342487705357073,-10.540061850197137,4.4404436552628255,0.5448211465192244,172.77950205432882,0.36732154400465244,1.1071632063609191e-08
4100,-9.597173859325443,-12.756931059151615,2.3356612267765753,0.5944766577904353,179.3171738697308,1.1564014811462684,1.1094222959867217e-08
4101,-9.605303677413328,-7.3591035242982175,0.5505221332676428,0.6960302245432303,166.23944574940808,0.5830838344303801,1.10953869658381e-08
4102,-9.488057064200694,-10.960745590238588,1.8539034597552413,1.2342558059697706,311.641729933747,0.415079607584361,1.1099372006469861e-08
4103,-7.999687407643764,-5.440593858055795,0.004510561879798086,2.808823625435014,334.5178312920449,0.033557944635632,1.1104172663434154e-08
4104,-9.558314915737045,-12.503158034731438,2.228426548147351,0.9983659151279327,199.09873414652245,0.7895530079327129,1.1106649133089725e-08
4105,-9.225797774666429,-12.93005222169692,4.060896019419654,1.3311786067978235,350.45449898299745,0.20161716622792714,1.1108646539680195e-08
4106,-9.570098815012654,-10.33468161729806,4.245660499811106,1.1233791856923185,232.97052144691855,0.3745236466173063,1.1117686629258465e-08
4107,-9.1454817220407,-12.668590022986256,1.58549685715863,1.825850306012986,436.97958744403496,0.11258294268122171,1.1133535138145917e-08
4108,-9.058246137576434,-11.404768831954662,4.531782247096864,0.6444259066554637,133.44223783195423,0.28257263776663155,1.1151781369210736e-08
4109,-9.459490059006919,-11.10673073427794,1.8535518744368298,1.278791285231819,309.9131449866902,0.5693231172140596,1.1166201477215694e-08
4110,-8.584221209577427,-12.365937566654793,0.7373707831157087,1.0972472698547902,235.7108653178669,0.6545234558095876,1.1179480373854678e-08
4111,-9.806855647656315,-11.036600300454529,3.3889005734717492,1.2504144395897858,195.94728935048468,0.13166199256140665,1.1224156852174371e-08
4112,-9.830490308246098,-10.837592899999864,3.47597066225139,0.9341168543889395,468.0180411717372,0.026409690496049798,1.122498387246438e-08
4113,-9.717011679157007,-9.92379718568696,1.7289246959680575,2.780978474851584,477.9573822082825,1.1155627745905994,1.1232391969049825e-08
4114,-9.354775055255077,-11.14105468875267,4.154077240318686,1.1292089370819491,226.79030642100602,0.027083301856937858,1.1246518012766714e-08
4115,-9.905032058092237,-10.485435643941221,3.6259493045207662,1.2542368427707389,258.7801640202302,0.04317945596546924,1.1267762054935484e-08
4116,-9.496474202194578,-12.400133481357829,3.6167553262771035,1.1895928606659112,301.325340786386,0.4320693719171169,1.129363788146928e-08
4117,-9.839129344600963,-10.79642149501774,3.4840910034549,1.0173336356008467,468.36448944833757,0.5230232926612013,1.1299044821282462e-08
4118,-9.913444515207562,-9.26461716486508,1.5212973785793422,0.7614188707728419,227.85280054010104,0.5333455628646586,1.1336851639655756e-08
4119,-9.74645930528733,-11.534368865641676,3.244785217657065,1.8382933446539895,438.24285565023945,0.5862469901993608,1.133877243580167e-08
4120,-8.307991985095978,-10.84508233545612,0.3043228612023266,0.8525813293441195,468.13373553839483,0.2632982639849839,1.1365970298008001e-08
4121,-9.61857491538581,-12.865637705818349,2.4230502494458186,0.6555382292472389,196.60515386024002,1.221786923784216,1.1371656908359463e-08
4122,-8.754938189596935,-11.674564740186684,4.916955411063421,1.040993274100196,207.7401451463248,0.06701652295546712,1.138782453192373e-08
4123,-9.508631781705342,-12.3209402514782,3.598120008538983,1.7517551755695295,455.65326711506833,0.7145341923294959,1.1391512748173997e-08
4124,-8.899427980585148,-12.791974888458109,4.577948139266127,0.706958018611644,464.75878677238484,0.40129171705024813,1.1393331870795543e-08
4125,-8.623130799985011,-12.139009575708258,5.039564250135581,0.7159566194756167,165.0953829737187,1.0275135210730237,1.1396878715302663e-08
4126,-9.822513204433317,-11.420152911326326,3.0081438477629794,1.9066956068225542,241.16737835703435,0.4199875060354943,1.1418644197189982e-08
4127,-9.210922074432172,-8.499580207638232,0.5092841312662746,1.907193109303894,468.3729414646848,0.6385295774963113,1.1419530929407014e-08
4128,-8.784703484674068,-11.487553990956382,1.0639100880733463,1.0386597371508346,248.0424002547266,0.2540798445360979,1.1426415030591373e-08
4129,-9.799731234879184,-10.887198322117182,2.302221395595344,1.4570435083438367,467.9902727755731,0.36365328951442777,1.1442259950652361e-08
4130,-9.460531635869561,-12.837391617925851,2.0845746993642047,1.2420579051340825,290.6324094740475,0.13990736588027897,1.14618961454563e-08
4131,-9.69915237229416,-11.851697644887569,3.230798919242677,1.0862268721671933,281.88167470750574,0.28732848179693526,1.1512731805103048e-08
4132,-9.274087208496972,-11.564036486905495,4.152592234780006,1.0935943183160028,280.5246816312463,0.3857398788595585,1.151397098792544e-08
4133,-9.882916875005407,-10.455735665336542,2.2059445658366763,0.962853157428602,469.87417277944314,0.034952747382988925,1.1530536642492042e-08
4134,-9.887554366912337,-9.780677852396316,4.295834392113075,0.8536260527747844,197.77681149840404,0.6118185473360453,1.1540072235429839e-08
4135,-9.694981305533789,-9.914175400723686,4.396828595284223,1.3900402725229764,302.2294121107487,0.2598816699862363,1.1542230502659472e-08
4136,-8.600968458768293,-12.203098673413454,5.061195947774568,0.7508856013516286,193.6711308899799,0.4741105625618518,1.154530523275658e-08
4137,-9.608644834407135,-11.772968442208914,3.485053658015024,0.7041839164381813,141.47505084806875,0.9987103985308847,1.1595758855826553e-08
4138,-9.13237251038493,-10.254822489040894,4.889362922826842,1.0087174917283888,263.91921716246964,0.9870415272563671,1.1624080469110362e-08
4139,-9.909494981195351,-10.923966096112464,3.173135446664899,0.4452957109203074,121.82168363947996,0.28577690887420015,1.1665107651254558e-08
4140,-9.759434338270799,-11.786623576022823,2.982939645834378,0.9532695336757833,219.08854484375104,0.4474066545994866,1.1668832828390695e-08
4141,-9.34137931061811,-11.357212306769727,4.089115650218715,1.243172725651063,274.5724358168612,0.4553627660588697,1.1671899446964077e-08
4142,-8.946392209377072,-9.993692207948406,0.9274078539826086,1.8483553013149558,468.51548655633223,0.4408328403173698,1.1682720837247346e-08
4143,-9.728702263639365,-11.945757646065392,3.0483912009834833,0.990187312364989,205.12087264874606,0.6711946261269484,1.1685174984377397e-08
4144,-9.865439518202534,-10.998523739077509,3.219160443587865,1.0036609478047296,272.513034030804,1.4757924538742602,1.172177154427957e-08
4145,-9.313774352908391,-10.512549410077872,4.478577268346362,1.1482483092406317,300.6906356686844,0.6935079911641493,1.1724783523334952e-08
4146,-8.753380251702477,-11.517455528285899,4.938618634659488,1.7280598471508841,408.1765215184891,0.4856228062049688,1.1759638422035661e-08
4147,-8.571608911554883,-10.8863231163126,0.5009875522244955,1.6981624910303141,399.0937656148834,0.6181987016054489,1.1779314359593896e-08
4148,-9.865945196687548,-11.115327132675198,2.650716852226542,1.112605352476073,275.4592480001388,1.0073610902896695,1.1780040229843588e-08
4149,-9.269051841666323,-11.351138571990333,4.206256686185152,1.663066404893752,386.9825952134566,0.06352714338258103,1.1784676848876429e-08
4150,-9.698529611247045,-10.141812807833096,4.190326957922532,1.0270664092518522,204.4620696829397,0.5257531646608813,1.1804183567753509e-08
4151,-9.185995986980792,-12.41044463336634,4.149567322998326,1.6200055847975778,409.5322232750888,0.38720661286354296,1.1839209348247996e-08
4152,-9.778484220021822,-11.624308634217467,2.7729719401310997,1.2807273851207233,282.15016288668306,0.7921455918650215,1.1864186046921697e-08
4153,-9.574743376776768,-11.194118627712438,3.745212864510671,3.337180590084615,299.69671174462167,0.14155281182143487,1.1880140796953515e-08
4154,-9.781970371592521,-11.390310196519888,2.5636602456039608,1.131613190182699,468.30436593542527,0.039742349658134835,1.1891421120492858e-08
4155,-9.6631032016002,-9.345286164359168,1.3737686013568524,1.1292950462908862,467.6463293762582,0.6890724928612837,1.196254204087827e-08
4156,-9.74194520522679,-11.188826032574536,3.3975489734916025,1.144933956498937,251.93367317021713,0.15102781205240046,1.1978168012840912e-08
4157,-9.791957800183955,-10.446785622567985,3.808535891566794,0.8892449573682462,468.1011313164381,0.6570046998584393,1.1982652970436822e-08
4158,-9.431515717358948,-10.814296333545684,4.144942163219242,0.9782797335511872,192.74103732706126,0.25318702302731744,1.1992439442478458e-08
4159,-9.98764775826669,-10.5508605898188,2.4698163044342842,1.0607532459273479,359.19942940134786,0.36421930741361574,1.2026861292641277e-08
4160,-8.950227973798604,-10.397801835131347,5.051767404712356,1.2890064911923491,289.37669905820223,0.11423653204726492,1.2049613273103104e-08
4161,-9.745029339047495,-7.930297809934301,0.8221447087133015,1.033089283686174,207.05902160929807,0.38229909426905007,1.2058786302592386e-08
4162,-9.654140265197103,-12.13319738951289,3.233253590136524,1.0796937956327746,467.4411626360947,0.5811459887553854,1.2097982973497422e-08
4163,-9.0395500057123,-10.118583864190478,5.094899244344576,1.1318781118673245,291.04217778109046,0.5867848332844394,1.213673395979603e-08
4164,-9.146388515418236,-12.425545495498588,4.20275048620818,0.8121522237819104,228.91398405762405,0.3893161848419622,1.214310686483951e-08
4165,-9.689996594191044,-12.027056401603323,3.1315342420585894,1.3997650328308615,467.96760853352816,0.6028977086821534,1.2167067595730783e-08
4166,-9.166097049969007,-12.79569079101569,4.138158334891733,8.280821845688383,385.00076288986935,0.2489503966197555,1.2181490669556393e-08
4167,-8.951836087973078,-12.426572695988419,4.505224619566294,1.0729967696271558,276.4571702662016,1.4469565764036227,1.2218547041752318e-08
4168,-9.802232282505152,-11.326020930007454,2.6095384181601884,1.7583553210681024,416.5316593416871,0.4161210981326784,1.222298621667238e-08
4169,-9.58202230563268,-12.161562600853221,3.420191796348299,1.435987036566143,319.04107047012343,0.14404516523768418,1.2229497252198278e-08
4170,-9.675306281636631,-11.879349499147114,3.2389469417160837,1.4369291321460067,467.89323381820554,0.6739417338075233,1.2262383786614741e-08
4171,-9.47079774749562,-12.990278215241009,3.5606804676259083,0.8041456135701586,469.967722448188,0.006414494230392975,1.2291277537583403e-08
4172,-9.81293250844778,-5.619666664802205,0.5848282998843385,1.544860997364378,360.86543489958336,0.24401516754914798,1.2311530574030973e-08
4173,-9.6241055897783,-6.150609348021959,0.47616259240914993,0.6698989055664195,180.45099754854706,0.9041332475881196,1.2316390497732383e-08
4174,-9.568653289765981,-10.545171485036121,4.068865763066256,1.188893492163264,261.05379881730374,0.7031944070594083,1.23312569406514e-08
4175,-9.640752467619652,-10.793886363001887,3.8092777446466526,1.1246019582847064,468.32168016378085,0.5064155631413412,1.2335796926211178e-08
4176,-9.701551714794196,-10.941798224476724,3.6127866302418,0.7602592188872614,177.48111843003954,0.30698464145600735,1.2377776919108736e-08
4177,-9.3465643960296,-12.238864647051878,1.8816315400517922,1.7800787345781874,423.7793209873611,0.5282251319244979,1.2388649466961462e-08
4178,-9.058032485782999,-12.411460499701885,4.336710534465558,0.9845306610918413,210.78100755159298,0.21864407678291542,1.2390345630762498e-08
4179,-9.93170505922323,-9.302431287199397,4.7580873367708785,1.8549980592712154,444.06244167786804,0.40015843886247726,1.2418792436994788e-08
4180,-9.693192760614087,-12.360060208445756,2.859935638921952,0.9625519060108658,197.70993616413926,0.5465789507332994,1.242805440339538e-08
4181,-9.724033084413673,-10.400324612478363,1.9974026027128313,1.0236995637063757,206.9771172188799,0.8401703576093569,1.243816766472406e-08
4182,-9.525255050854815,-11.117753591702268,3.846107018094455,1.2391669482979148,468.268495099096,0.5134348654642968,1.2440576821443284e-08
4183,-9.595664621784628,-10.85649514329095,2.007411125937049,1.444784977393727,345.39902712383156,0.5105189121306584,1.246007128984418e-08
4184,-8.949350226457106,-12.19939862778366,1.3034297134827555,0.9045460439858578,231.12243604632147,1.0418607526541193,1.2480926895176224e-08
4185,-9.60229741467927,-11.247409896948309,2.1329600494613588,0.5261593058900017,121.4444389540978,0.8923237980273919,1.2501863559095387e-08
4186,-9.545187612310528,-12.2389359170601,2.2268638148429774,1.1272670115587227,291.2361489533167,1.248811803735924,1.2531020673519877e-08
4187,-9.240107699408712,-9.764316956494081,5.090074249252794,0.505897109210347,154.08306121503054,0.5024913789527972,1.2537365702548285e-08
4188,-8.440077981493886,-12.772078334606972,0.4766076886389835,1.0186561252941004,278.3554422068531,1.6747373415330786,1.2546323826115499e-08
4189,-8.478032247496843,-10.046403150827011,0.3336751669479582,1.0607024135893102,272.79055507819476,1.3356524573524053,1.2599751083786284e-08
4190,-9.58115085985912,-9.698759890894008,4.714873583084559,2.351683422237509,441.09042207847324,1.6284341893679581,1.2617346051599451e-08
4191,-9.087095769852832,-10.046116171482499,5.070579372985458,1.103180353140494,466.96848257198315,0.613449791258863,1.2626375140815693e-08
4192,-9.989268950244956,-10.235670788149026,3.6555840769827426,1.8210185959118033,456.2345633406963,0.329451172049942,1.2630179893008227e-08
4193,-9.26733953997754,-10.747448476872773,4.400175689192748,0.5770241768165736,124.79462021763509,0.24130786994003284,1.2633879475997881e-08
4194,-9.779121806015649,-10.455840180545193,3.7962589461205223,1.040715086549019,468.3433433393209,0.514787833374883,1.2638190295276941e-08
4195,-8.73416714701267,-11.953377451352202,4.8751096663420475,1.5280381021794593,344.51229268273465,1.3125162727335828,1.2647770626648477e-08
4196,-9.006399503559635,-9.393903713783445,0.6303585410462783,1.0257575763762647,275.8814743710624,1.7721301145551642,1.2663508079555897e-08
4197,-9.345970373677215,-12.264612039735244,3.868126840993361,1.3469837989938414,327.9139233253949,1.2838275022564662,1.2689223111311098e-08
4198,-9.777378531487573,-9.391710198693687,1.5086978937255178,1.691912202214896,467.99322861747766,0.3650095892438818,1.2721972023064493e-08
4199,-9.18962910675158,-11.246428216422258,4.330380148836248,0.6780074928477655,377.2885763324099,0.4276172131913798,1.2748972072785242e-08
4200,-9.274935533655205,-10.143038446081064,4.73810270798357,1.7606442460137477,371.9821704745067,1.23233115537266,1.278317105689775e-08
4201,-9.977152897176262,-9.581189631693958,4.370925250455583,0.511789541031454,148.92907186714623,0.759670837559093,1.2810123855095622e-08
4202,-9.537903449838522,-11.950745144561006,3.5393048034421106,1.6730050062923032,436.3584842998482,0.3211165899530126,1.2810200942608578e-08
4203,-9.64873228262919,-9.88041938343398,4.449213746906973,1.0863140329656684,467.727057283065,0.6873996545218066,1.2822890548834629e-08
4204,-9.56158763829301,-12.972746569372632,2.355937592570201,1.8494963477253856,468.23021384215707,0.6421219738239907,1.2830687699923304e-08
4205,-9.284115406531969,-10.828696798057187,4.334962694394775,1.5630200106574847,367.9739142800999,0.5284012453501328,1.284540560743723e-08
4206,-9.532210397141288,-11.643696656692418,2.1104558084309213,1.1486133188963537,469.7145839212272,0.20696621504091972,1.2866589135792606e-08
4207,-9.24444214468112,-9.44586023992072,1.0732588564035705,1.1921050803177495,467.64745537754965,0.1786701949970002,1.2887402418912738e-08
4208,-9.48402239486283,-11.796548563378757,2.068050665796293,1.8057524053336291,467.6803211763357,0.4721756929339227,1.2896351718579457e-08
4209,-9.341182167403671,-10.981347561961904,1.6998148169787801,2.523170779187644,460.46996368701497,2.510596642298947,1.2921858658835676e-08
4210,-9.866992298765721,-9.397286497885922,4.699469340645672,1.020820504776108,467.0181257392918,0.8973659583132383,1.2968862410661295e-08
4211,-8.921902572261125,-12.751563267675577,1.2955482399015776,1.0941013555913193,467.00929675065436,0.5745251464074972,1.3000387746678054e-08
4212,-9.513573289045079,-11.824203484812742,2.116125410625775,2.8976161517446783,362.5386383634543,0.007199412731790034,1.3005565887215043e-08
4213,-8.701510534229433,-10.904351402586784,0.7777027954508868,1.8459330643263554,466.86340383888233,0.08816808085784356,1.306604689196966e-08
4214,-9.247173866314032,-12.6385580229455,3.9873913089645225,1.6267237493622495,365.04805413889363,0.9398627626333953,1.3069927595458461e-08
4215,-9.064489897869667,-12.675240032867283,4.287610300931101,1.3842999096007922,329.98799793149027,1.0161721419726097,1.3101794635216064e-08
4216,-9.769895220226383,-9.931787041298286,4.241479522839132,0.7865547640364614,224.65983357848017,0.9908498352354451,1.3114369132337072e-08
4217,-9.232082708327825,-11.587284818750032,1.65770633483666,1.5653663094055943,357.86710226144083,0.051983313762758776,1.311667161760656e-08
4218,-9.387027397023349,-9.522147183001634,5.117400737326189,0.9412732574896269,243.59036869927607,1.4866062401757505,1.312525087501593e-08
4219,-9.222712834406073,-10.34379793769699,1.371045625321664,0.8625088360882499,244.64617611694635,0.6693786415369232,1.3132551063727626e-08
4220,-9.130503206807905,-10.055958481823108,1.1796125351973816,1.1265239397588298,466.25894007326923,0.09388505400704084,1.3136973011088972e-08
4221,-9.714930010420527,-5.951518099830773,0.531093036898657,1.8158004671635466,468.0239992687419,0.4870771933592355,1.317625301186506e-08
4222,-9.45796123759404,-11.968552687346337,3.6844788191675404,1.259883854351839,271.35412105756757,0.07550305353230957,1.3178236536793323e-08
4223,-9.992511566495374,-10.641527500821148,2.694183558722837,1.0072812988282345,273.9079081049356,1.3118255886852594,1.3215667210647962e-08
4224,-9.980850224864017,-7.158513312099336,0.8544702523790695,1.37726544145048,425.24141306792063,0.33961996176506215,1.3294120938920413e-08
4225,-9.587849572063515,-12.729899894827522,2.431413313037411,0.9091181463536161,467.2750784207497,0.12239293217722391,1.331488610933782e-08
4226,-9.77559227686651,-9.952995185286944,4.207429299278844,1.2680150757437805,292.7983346121137,0.21223350459825507,1.3343964445938998e-08
4227,-9.890039443888627,-10.429405573574735,3.596061788613895,1.6709860512740895,392.8710614894612,0.5975774535902048,1.3405656332513058e-08
4228,-9.577152332864738,-12.608472422607997,3.285089419090068,1.0818841957517606,470.2188309508939,0.0869882748441464,1.343672400139634e-08
4229,-9.4632921147401,-10.196247164644063,4.418889926989893,1.27978380439003,311.6091383526626,1.7088171402469507,1.345240676069222e-08
4230,-9.853759801927527,-10.382103982524605,2.1840218431718306,0.5712950746656135,128.48147569580127,0.36505451842624037,1.3460944350381747e-08
4231,-9.573546910459761,-11.033131168419073,2.0522736658710783,1.9761118396232893,399.4562247990211,1.445790756444711,1.3494881197820579e-08
4232,-8.755624031728846,-11.808377946881956,4.846500481415881,0.7835457140132456,160.45199565210422,0.47677895067514875,1.3502047370504947e-08
4233,-9.516103185147344,-10.266328272061138,4.296314869799586,1.7732604089219,218.0589994330804,0.3839891943608471,1.351485146292039e-08
4234,-9.071090158449625,-11.938505900361998,4.344220188195787,1.090870587035999,234.74238237394383,0.07634126270675257,1.3544374706636474e-08
4235,-9.282454860556626,-11.861881337619515,4.014525288524853,1.100682203426826,286.10736046947824,0.8031292466648603,1.3549388428905017e-08
4236,-9.179027780992806,-11.723067316837273,4.211002292923922,1.812763600375769,441.2122665512628,0.06215868858952067,1.3551262835275057e-08
4237,-9.628046689767729,-12.962810702936947,2.9582340237274702,0.9889236757683056,469.7725283533947,0.0650681803344142,1.3556951116301618e-08
4238,-9.711784761883054,-11.672835823508954,3.0844957782160023,0.8725582542729975,173.62614583780288,0.8207500774719723,1.3565731450227607e-08
4239,-9.760765202665496,-9.571439582835293,1.6121954868590704,0.7168293465191751,215.74494689087103,0.8857668968156931,1.358722712404134e-08
4240,-9.307095185689429,-11.774112676997127,3.984184310079049,1.0669718172625544,467.3416342184737,0.6358679655279209,1.3589888261542607e-08
4241,-8.843615913437855,-10.831791648519854,4.9659168079325555,1.8629326465945673,468.804313238625,0.1442446947521807,1.360054976937101e-08
4242,-8.00547507904939,-5.41920449956434,0.005630364185270302,1.1489157628225921,234.51271789159932,0.9465985119332716,1.3612774449870158e-08
4243,-8.765638753774962,-12.695007236173286,1.126666307753683,2.713779289615828,410.0135173817018,0.11746013713170189,1.3639712588860535e-08
4244,-9.692160986170325,-12.038819801667824,2.82529561560303,0.7767101535778139,213.58529359426913,1.1693332419178057,1.3647466945282187e-08
4245,-9.321001761431287,-11.579475168837014,1.797291107520938,0.9639698348538382,260.35485176431575,1.2359597583972892,1.3678196569689526e-08
4246,-9.091659483344216,-12.563064090686249,4.235704677682415,5.072155457914027,563.9164566121934,0.1426283097544685,1.3716503826272825e-08
4247,-9.590364904419761,-10.377875927429896,4.101925946105653,5.887883528568006,662.9830989675006,0.3805477041097127,1.3717395546602636e-08
4248,-9.509468987389734,-8.759843993389167,1.0042628771713265,0.8358655349960645,186.5338198657809,0.3411211725544545,1.3728533872312525e-08
4249,-9.575038182909402,-12.908873511691993,3.210715605029888,3.5665705514429824,540.9029646179871,1.1550024222867412,1.3740552785031293e-08
4250,-9.52892897335568,-11.315345458630672,3.707389764273596,1.1440015698833792,467.08724789336287,0.40527936880327164,1.378040116340257e-08
4251,-9.400223862964216,-11.440528668999852,3.9034418855430895,1.7816398622127838,467.7691165526509,0.6344978988111327,1.37902104211134e-08
4252,-9.676525745594386,-9.80846339099239,4.454921028717609,16.038031514267942,769.0333932275709,0.1350708909810292,1.3818287598878837e-08
4253,-9.288602452267346,-12.013334151841683,3.9665244710661947,2.4656759226713616,451.8861571823924,1.6082940652415134,1.3818770123427187e-08
4254,-9.548387718806195,-11.421708061240569,3.633127984239667,1.1179837063895757,223.38580985857664,0.43764014689918174,1.3824407609199447e-08
4255,-9.382212929895772,-11.579236941708903,3.892711158303488,4.2804030378977975,585.9756549437516,0.9069537163593138,1.3922696961696544e-08
4256,-9.690275778772001,-11.38003576281436,3.3220162045927752,1.3767887213821608,308.18847225429516,0.7212350826893799,1.3936585271605167e-08
4257,-9.133967892336226,-11.411548500202038,4.3409484782550605,0.9314940830128198,188.313730865509,0.5551306110463452,1.3942297166885797e-08
4258,-9.160145931095427,-10.287518327331782,4.774463591960506,1.4049988575395391,319.6370886014047,0.47582377971515033,1.3955407830996669e-08
4259,-9.790402664043913,-10.176053453913159,3.961508017677401,0.9273964984798984,467.6782785794584,0.6108353535405024,1.3985034497690709e-08
4260,-9.941777831647903,-9.776243241221094,1.910448658829519,1.66034701439108,364.47954812419545,1.989881095473259,1.4029945350618742e-08
4261,-9.631074690751975,-12.310463137262824,2.564381692282888,11.020057266588525,490.3536515117625,0.1324344113464777,1.4047316719042836e-08
4262,-9.425874192891786,-12.799140870828005,3.6016117230617595,1.0740772406799932,279.43161423756055,1.5616842117089584,1.404749549306254e-08
4263,-9.716289070441618,-11.702509278640697,2.9783601403378688,2.597120664867687,333.84652240853774,0.007633842295004634,1.4089637851439647e-08
4264,-9.409380108997405,-11.193139023492023,3.9565965870530895,1.606733768358576,351.3565685797515,0.48016674067656506,1.4104231993699621e-08
4265,-8.995539070531432,-11.03913023060846,4.658866868059469,3.4575609331624597,534.7146729759025,1.492910766843809,1.4106231036857892e-08
4266,-9.052804679922913,-9.72094883800441,0.9789307483373825,1.0861592346275413,281.86577420272465,1.19480293679504,1.4130866201852995e-08
4267,-8.998209593701194,-12.215361797570852,4.405487972561286,0.9093465708051109,468.2178333093814,0.8049772179027306,1.4133029351795338e-08
4268,-9.823698923877604,-10.731472710015828,2.3806426241143095,1.2111195451443368,286.3893412372768,0.9482873965462737,1.4209368946856614e-08
4269,-9.592248338313594,-12.808782806881478,3.1387474069982257,1.690205783532513,397.2933547856363,0.486443792746333,1.421684909458906e-08
4270,-9.881380674955098,-9.172329684863662,4.922147761129606,0.6144197484972221,130.74564622546322,0.0921518028180639,1.4221899178345794e-08
4271,-7.013353224863447,-12.510310485397488,0.031435673883263876,1.1467819064928386,273.3286462037377,0.8504806729642942,1.423542859128443e-08
4272,-9.699854878636128,-11.796654464775118,2.95840618526925,1.5219163716411994,351.51549418549627,1.0011125291375658,1.4243826132232528e-08
4273,-9.952509487002954,-8.028785237528199,1.035674975581406,1.2834290558750592,309.72005982509586,0.4591629247339801,1.426014291261328e-08
4274,-9.246586047261166,-10.892592298930854,1.5729212115912967,0.9401461452398673,469.6943104958127,0.12406707239802461,1.4325734010095662e-08
4275,-9.222877818719466,-11.6034202853242,1.6644591491749887,0.8258396794159154,232.4157392944892,0.9093901465373095,1.4349649013848489e-08
4276,-9.753783958696031,-11.436442199954469,2.780039385179611,7.449544255187929,457.2715373992791,0.08157680730045147,1.4358613247273606e-08
4277,-9.838472280135722,-10.632177360378805,3.4634143894927423,0.6369487593911278,189.08300495404956,1.1307984897416858,1.4374060514920818e-08
4278,-9.82035190517537,-10.810321178368927,3.3500963668258175,0.9294341925595634,467.3209402985096,0.4020580311853923,1.4382805922108433e-08
4279,-9.729735493950109,-5.749824166865006,0.536699644040735,1.2339095480418705,297.3058505795471,0.40943016850973546,1.4385476237112116e-08
4280,-9.162871971009588,-11.7859209017897,4.203745791324465,2.368355269289693,428.5820798000912,0.6124847603732162,1.439303596064074e-08
4281,-9.958844173521824,-10.680263873942893,2.759548279491894,2.09734646977227,416.1782442005216,2.0119187614013203,1.4399846577524104e-08
4282,-8.993615696350261,-12.842944840972764,1.4167805625075083,1.1487315977035788,295.9082927021492,1.1401228196253461,1.4407865770633355e-08
4283,-9.823354127035518,-9.270941265492645,1.491940902118512,2.887005371837161,489.82190058602674,1.4583017752441494,1.4411489776935537e-08
4284,-9.220677817910829,-11.621996590429486,4.141065416629487,1.0658046771538205,468.347845402116,0.5165025224214279,1.444445847891151e-08
4285,-9.168599400551662,-12.162769768200842,4.132369148320741,1.0911341585100545,467.4819502127556,0.48885043438461917,1.4476146052052986e-08
4286,-8.858681229292653,-10.323061873827548,5.168655528699435,3.1785657494576833,497.058344119262,0.4525087306347393,1.4492236892516746e-08
4287,-8.531244439808884,-12.526374087198928,0.6319902220780753,3.827818039463902,551.371022318161,0.6013495244189189,1.4495142699841457e-08
4288,-9.74462645465483,-11.08104685803937,3.326919014783696,2.9979712274458965,482.0111072477014,0.518653365633984,1.4501678725092921e-08
4289,-9.56512266343077,-12.783814956204543,3.214586274923916,5.893531250285082,255.09405280773476,0.3170107162300946,1.45025317556539e-08
4290,-9.667185653220555,-12.131563786148895,2.8974069264036224,1.636082432145125,354.1781952752335,0.3193477695066651,1.4548016542003379e-08
4291,-9.63817939694062,-10.225727728341912,1.8502680645379659,1.87163943344981,389.1827307201781,1.4462867411557516,1.4551235331691747e-08
4292,-9.632386220699363,-12.460552678796937,2.9700500533916907,1.1600142049002242,302.1332943076228,0.5599852024561525,1.4557158079622025e-08
4293,-8.851893957600382,-9.328571984279517,0.45603183382082196,0.8506677947718018,468.444486421936,0.3528470026000692,1.4557697574897477e-08
4294,-9.594807080452005,-12.086388520703009,3.27539906214277,0.9445667040786522,467.4821860636228,0.07821806740637172,1.4568721615520152e-08
4295,-8.808852647617373,-10.291693005029783,0.7891526925173905,1.6721741028957553,467.9907637652905,0.3387973819764385,1.4615419183078327e-08
4296,-9.163956971901941,-10.017667377337915,4.941781867780893,0.9622574760433049,469.6235138149234,0.09081796808168985,1.4634781693121737e-08
4297,-9.50994552573932,-7.765523521658477,0.5577678781990326,1.0292206771748442,467.36981918021075,0.4571337910942228,1.4699155784124202e-08
4298,-9.783305958955168,-11.000601894467334,3.2611540913835113,0.782095527849434,157.36305523804182,0.7111595408173566,1.4701918488330332e-08
4299,-9.361575321022169,-8.82132559520593,0.8604830519657042,1.2349599617356186,468.70820262931784,0.8214691010390887,1.475262432734513e-08
4300,-9.145983580319841,-11.538761002181747,4.274102238453001,1.0198343216376746,268.3061867024619,0.8275897765956666,1.4756713746877545e-08
4301,-9.60955480518794,-12.496876158198486,2.575901843724811,1.1748180336880327,468.7212443708436,0.24766736325169347,1.4760662883770874e-08
4302,-9.625028233226967,-11.08994286225543,3.582904778093117,1.3389457493746848,373.1156000937401,0.21971539558274422,1.4761334695241078e-08
4303,-9.848797064798228,-10.919583031921533,3.093800844110564,1.0604084036491066,231.8039730931777,0.285538231817414,1.4775707051128214e-08
4304,-9.410818937302905,-11.797023125423763,3.756877309958084,1.7261078160175765,468.1978193743916,0.4867459901609239,1.4800270398382103e-08
4305,-9.418181666874775,-9.489945915255788,5.075528266934292,1.201763948001016,271.8439075738385,0.12178588113202782,1.4820603663594617e-08
4306,-9.027046604888213,-10.733151255624279,4.71289980015675,1.1638426727671685,252.10286543449118,0.4778021416149416,1.4892922626216757e-08
4307,-9.667543749315207,-12.009848015203254,2.736530100443915,1.030717542901023,466.7328588165785,0.2709862736624986,1.4940849373090924e-08
4308,-9.39089814429525,-11.94337304383515,3.759587058293083,1.3717799809770383,162.34715896821152,0.23773056961685768,1.4943774686465023e-08
4309,-9.818815143106722,-10.914114602635294,2.5328639563511306,1.3599942068803887,330.2871490659772,0.3380382133072155,1.494742270667386e-08
4310,-9.718318254867677,-11.534914681868552,3.021892910344883,2.5473637422355684,452.1463101476222,0.884327769168701,1.4951609857596876e-08
4311,-9.484967765177865,-11.130670368362377,3.8236038353196906,1.045230900480444,276.4665506882584,1.095171208311883,1.4999034962099864e-08
4312,-9.907803483852534,-10.595091524203887,2.48564581397567,1.1740791086890137,253.62586943568743,0.7939040060299378,1.5002757058572782e-08
4313,-9.098154259293336,-12.950788644826366,1.5856978026561388,1.7376369661535847,468.1616004053228,0.14011073970307564,1.500441607510315e-08
4314,-8.819779086975606,-10.826610751716432,4.974215924301933,1.1458361886878192,277.0837305834165,0.17925228255090175,1.5019668599333605e-08
4315,-9.693097752518897,-11.139231946644575,2.3507939684657,0.8717127544864774,468.3691581684618,0.5247653642435255,1.502407828854309e-08
4316,-8.873541177034399,-11.590420518027765,4.67856137963847,0.8370021127069494,466.8174830493507,0.15848686170689152,1.503168464374903e-08
4317,-9.801489737153526,-9.618776571183815,4.467645827850885,0.8038441450382204,160.71719222307303,0.11323180605103822,1.5033018849478436e-08
4318,-9.229522046052699,-12.942148110838142,1.792365276307991,1.179149218115778,468.0228783308333,0.44969571131605424,1.5045004034028978e-08
4319,-8.96009645595837,-10.49475960203548,4.919401243310378,0.7541634893205368,466.26305520457254,0.5142105085888167,1.505697706023987e-08
4320,-8.894681788911214,-11.092095361763596,4.770877009673778,0.8924738609619772,252.28345728978954,0.729981606802542,1.507014317181877e-08
4321,-9.578135723559575,-11.887515474258672,3.355980301304342,0.8818195277336905,154.64226028651942,0.1836050579481947,1.5076434734040295e-08
4322,-9.63659609527912,-10.599469877787449,3.840488975645509,2.849612244365589,465.78338516716434,0.42719324675633974,1.507649162586856e-08
4323,-9.9152986643377,-6.64475191749737,0.7324786150188801,1.0965897985350677,468.1153444933519,0.7393233913578232,1.5087092356712048e-08
4324,-9.209020244999598,-10.761495464275132,4.42028760605623,1.8819414984309324,468.16996438227795,0.5713392248922755,1.5093731487232174e-08
4325,-9.684879142841254,-11.632194981500747,2.5899028063325917,1.266697095338214,268.25257399640435,1.0235865934925021,1.510064348244709e-08
4326,-9.38214211332869,-6.3266657930930075,0.36081683755789135,1.2862897387266976,302.6590909064403,0.4589133162789638,1.5104420887694316e-08
4327,-9.404581760155674,-11.191158458813465,3.936447204950108,1.130337107138951,164.45849347918798,0.19555553450098095,1.5134779971070303e-08
4328,-8.340425209682742,-11.138279431162282,0.3415529107550189,2.171815471331452,386.2695149775051,0.2329687796943123,1.5150874420554288e-08
4329,-9.266573900650663,-12.454091773965501,3.912079272364704,1.0270781070094326,275.7069114541324,1.8615282622570541,1.515339408138123e-08
4330,-9.634286252816075,-9.200118917666614,5.135789908161313,1.6607266138699757,389.48766271282517,0.12283702779994687,1.5177959901011775e-08
4331,-9.163547062163913,-11.940799651136173,1.6283687125106387,1.3252245515067764,295.915172885835,0.5941436268890321,1.524350503871478e-08
4332,-9.572471694910982,-12.16987272091069,3.286805102485538,1.4904156448238597,457.5927288933601,0.5780637261924477,1.527942112078429e-08
4333,-8.3785557370351,-5.2834034750565735,0.07026400713055998,1.5028378736048633,334.6901383975961,1.122170248857084,1.5289740491119665e-08
4334,-9.745158844020498,-11.018274125154292,3.328316892585736,1.0240373191973633,279.9759042701219,1.491631516383932,1.5293072214975658e-08
4335,-9.883462744576109,-10.831159718761945,2.997946457304814,1.545243485883861,350.1020442392074,0.3236938971210046,1.5299874104556524e-08
4336,-9.112051443227166,-12.693369019171547,4.153231413526639,1.878527514948733,469.28132086548646,0.21812839818477148,1.5307111911748824e-08
4337,-9.485481468265496,-11.450374495374863,2.063593934209104,1.1108592288552699,468.0413128810778,0.8708851885875442,1.5316666703055104e-08
4338,-8.897538033689639,-10.443284291156477,5.032488226844612,1.2652713077690194,468.0728159415516,0.5481286257592739,1.5344184893805578e-08
4339,-9.48869065508616,-12.104206290235886,2.1900027153162127,1.0861413170408896,237.60868593484915,0.029532515105413104,1.535551954468655e-08
4340,-9.243537096291629,-9.592498442624214,5.187270850776198,1.1322435732000264,292.75792236178717,0.9473290107365191,1.5364635261771448e-08
4341,-9.969352009484457,-9.660071401523469,4.218732892091589,1.1671282434085868,298.31157772887093,0.4699608598544458,1.536668427071772e-08
4342,-9.894906403462413,-9.483101254863067,4.507056227143168,1.09302483472378,467.2317468650411,0.8933793113298734,1.5368119760198316e-08
4343,-9.419804312690998,-10.625865158210022,1.7458884110438808,1.4017431997678735,467.66080217867335,0.31845990612180586,1.5373423662153637e-08
4344,-9.591889005573965,-12.711159670690739,3.0536074896803362,1.7166762040094836,404.8542154562092,0.8842932521707807,1.5381376639353688e-08
4345,-8.99672883688335,-10.462476241122442,1.1631328931270581,0.9455550548900338,469.37274017459487,0.0800479469081603,1.5382891669469822e-08
4346,-9.369540596624663,-10.992912183420591,4.0622611827331365,1.0890641736768385,467.3759799702037,0.3432268592019989,1.538493999166476e-08
4347,-9.028091211804657,-12.040247470867081,4.352756981726047,0.975593849831087,252.6183868475621,0.790528043656308,1.539930952144847e-08
4348,-9.568894165698,-11.849097352283536,2.3176997062059956,0.8617221438075764,233.07894746372472,1.3002395536906102,1.540563536848405e-08
4349,-9.413125981790184,-12.013130733734204,3.690162767545606,1.3862815241615634,302.9507385545291,0.10664859621095069,1.5405780266537007e-08
4350,-9.54529450616147,-9.74091314188421,4.650777161510771,0.7306099633659867,182.5297819187641,0.17690932884744548,1.5416636933271547e-08
4351,-8.566215546627834,-10.125641795177536,0.4002270579928255,1.80236369926682,430.11837804135826,0.02188189867556467,1.5437759883310344e-08
4352,-9.239968081338192,-12.37691954191613,1.7834426152460707,0.914464415819929,468.40031541515395,0.875494734862257,1.5467461977460305e-08
4353,-9.36015229634608,-10.361813814294585,1.5805054376995602,1.3721991968871359,313.6040819891849,0.9706648572793535,1.5485817102131092e-08
4354,-9.40440069819402,-9.674424314962224,4.8922331249250695,4.142394793140547,329.3570578286088,0.1421371034864114,1.5515746355701646e-08
4355,-9.392346709010472,-12.500217012974764,2.0485005795522726,1.6369796727145192,469.8979012283092,0.06815106540166749,1.557483246904282e-08
4356,-9.232255499357283,-12.060079877131695,4.0123159491817,1.159408761608114,283.3693522895193,0.6411591282844062,1.5580691667752164e-08
4357,-9.888037640651769,-10.824660057539111,2.886173887081189,1.2107635153209664,467.8087539509489,0.2714013373302002,1.5601746798279926e-08
4358,-8.999087033496036,-11.985229029888673,1.3927576156518462,0.9677050950877003,467.8804410601967,0.8959715215922293,1.5660498319211995e-08
4359,-8.786661507636921,-6.416729207947629,0.1926695204031714,1.8614177733010533,462.0234762620008,0.44564054513133566,1.5685118197008907e-08
4360,-8.485990678208635,-12.784314203223763,5.0944068934674,0.8812824039613225,467.7971072430164,0.21392964635042588,1.5724896564395232e-08
4361,-9.607447112258233,-11.346662710368223,2.2774976063171133,0.7137975855682093,157.21297658414454,0.628452685204218,1.576307765316047e-08
4362,-9.572633438313702,-12.79638059796708,3.0967671641046213,2.2863645639669063,434.94089980029463,1.7118548273743555,1.578618745723054e-08
4363,-9.228341199161594,-11.690377673702685,4.078080866411525,1.0521005429272094,154.14649401037065,0.22013567276459067,1.580792346311109e-08
4364,-9.211495302982923,-9.715188627213255,5.102659085588439,1.6968264016955943,400.809537502843,0.42095385602074487,1.5818481521138567e-08
4365,-8.670511463701649,-10.86549251097399,0.6854508130834626,2.7641074078750822,480.2956587191564,1.7386946483127153,1.5861912567327903e-08
4366,-9.710313212991192,-8.372673003465826,1.0027045234238359,1.6229141196251613,374.54161354916073,0.3057575624020563,1.5885652689251047e-08
4367,-8.649640257187276,-11.886182144674587,4.940088513282864,0.9464024711415118,467.55630605516626,0.6495587424681686,1.5921116552884628e-08
4368,-9.345763453877188,-8.940343444498343,0.9399658379456566,0.902829032850134,468.3162852107967,0.2888365048947241,1.5927890675040588e-08
4369,-9.014355033794859,-12.054579481163472,1.4236170710740268,1.6332615385479465,469.58371938503456,0.10619211533764084,1.59416385204183e-08
4370,-9.644383442441224,-10.779764183947087,3.6801767293869903,1.1187357149071284,468.22873332579843,0.5706708237044991,1.597552146308968e-08
4371,-9.070100564546944,-10.81182167965906,1.328133388960787,4.5361238145454355,598.6143694761469,0.7229181176736201,1.5985758182574978e-08
4372,-9.462277564616082,-12.110461334582375,2.156317621460505,0.8296677911963874,204.60202286259567,0.4686312461058,1.5999159555189894e-08
4373,-8.260787559084212,-10.102278852459316,0.2524233300443041,2.6028895953541014,467.1431298339604,2.1878749107402884,1.6043767967734364e-08
4374,-9.670720002038456,-11.800822846076993,2.8359848413449034,3.302412384672303,522.4762772050394,1.3625201747089948,1.605240092273284e-08
4375,-9.32151424950174,-10.077826863980015,4.647549455520904,1.4238756459156077,325.66468416286716,0.45435525233792173,1.6059431696236112e-08
4376,-9.029799224065119,-10.926946156387979,4.605731647022183,0.9349427231871588,468.90645641864444,0.07935911518851402,1.6062657959629433e-08
4377,-9.58716358955294,-12.50831989186287,2.5581077665254477,2.0692979259825077,409.27330599434015,1.4151996981437067,1.6085179469935996e-08
4378,-8.646986367305074,-11.866952483086095,4.9438028252383495,0.8420248618724432,209.78678183517673,0.46392044223230045,1.6095189523546237e-08
4379,-9.429742193759873,-12.919678640627188,3.507023109527645,0.9907089063091907,197.67411053502303,0.9943764742792185,1.6129199405984353e-08
4380,-9.189742430661164,-12.679245001769017,1.7325537776998168,1.1843423119926824,303.39107477270073,0.7105120068733806,1.616599794818829e-08
4381,-8.968994679980094,-12.590407899419406,4.374051283986937,1.627120837211026,381.07115506688945,0.2415395988036817,1.618980842171911e-08
4382,-9.709455435691645,-10.701125584529075,3.598107940709576,0.81609051178387,240.5011124949215,0.927880714152475,1.620641696408079e-08
4383,-9.685200068692051,-9.248989294210272,1.3779121055109742,3.88054371508591,552.2708127979446,0.5309902914474138,1.6222681554537614e-08
4384,-9.330606075225571,-11.215768402923718,4.02589373247189,0.800645879262749,469.7476554890883,0.13036710476391544,1.6231408565246995e-08
4385,-9.935886688102437,-9.644933044381073,1.854635035468548,0.7007931764999834,201.34953902336326,0.8464260768292791,1.623220723145948e-08
4386,-9.534680051871925,-10.081299236139317,4.341968104676654,4.074136445463197,280.66674125721283,0.2176750284171547,1.624100468179801e-08
4387,-9.878063002501962,-9.963353772711628,2.013460412470372,1.0453499373078328,271.76897476478086,0.75156429008962,1.627238556568177e-08
4388,-9.558298437768844,-12.11673147466364,2.3962202164662725,1.1229471892232175,281.35542118858103,0.49755858959880417,1.630154359454085e-08
4389,-9.599218309767384,-9.828880967661567,1.634937227875263,0.9595395787556543,262.3605852154131,1.1640902895040819,1.6312926347348536e-08
4390,-9.71202715468259,-11.402736290882629,2.66135285012321,1.7304765572063932,408.40405124546294,0.05628676511195074,1.6337626251353408e-08
4391,-9.562819089026542,-12.653278032790867,3.1318052108630634,0.9381291192743494,466.594948385964,0.16931997786263064,1.634615910629634e-08
4392,-9.835764140896158,-10.243457144997654,2.142918521547781,1.788401075905588,468.28116923194955,0.3048452906113779,1.6368411700008707e-08
4393,-8.868536453734173,-11.065139724902329,1.1410621109214616,1.1145917078059178,287.6522455540703,0.2888063921359807,1.6388198956068138e-08
4394,-8.608016150890048,-11.310012117359788,5.102060952660543,1.7018481751762466,369.2583254268238,1.2709803806433078,1.6457193731253637e-08
4395,-9.582899672806612,-10.781827983956383,3.775554229320528,1.8850557812603792,461.12746629845174,0.5627568566744205,1.6462872382447805e-08
4396,-9.616959728771077,-10.34303313180187,4.0101539585255335,1.7918386739440006,468.0518335789028,0.7034592672995332,1.6538265397823973e-08
4397,-9.32666390006229,-9.23224710037115,1.078745506871423,0.7610394459966927,197.7630405053701,0.9125253731837004,1.654024851280714e-08
4398,-9.58888895101601,-11.054781684798686,2.169025852057194,0.8528310615301514,469.94385291932446,0.11893520049063788,1.6550285785923405e-08
4399,-9.174131767396325,-12.918579685449945,1.7224186419055412,1.142493635110586,266.06925650252396,0.10389274118241243,1.655029766970268e-08
4400,-9.143702674290322,-11.722312038480332,4.196270792591786,0.9861627074843038,272.8257053662931,1.7454292216824774,1.660353346883176e-08
4401,-8.69970383739819,-12.229836282095595,4.813427845320759,1.1176273315907885,467.25159150026724,0.44099176687393093,1.6622579967968216e-08
4402,-9.502927368690662,-12.236411017102377,3.394203508633181,1.8254575861880264,468.04862426395744,0.11730529510718846,1.6650079700411103e-08
4403,-9.09619902798551,-9.657476637551285,1.0252359972158787,1.0689790619207655,467.70735492115966,0.41815627978469205,1.66782505737547e-08
4404,-8.81228711875455,-12.85822747739661,1.199086912513676,1.8917236757504767,469.4639966989095,0.20679176914699138,1.6681491382790706e-08
4405,-9.619863189311753,-11.686114794821632,3.205751091594383,1.3347836845252348,300.6306086910196,1.0189014032987505,1.6760334970466238e-08
4406,-9.590475410989356,-10.596789463912602,3.869902033412616,1.8611924238698092,446.3615385596565,0.3177587142521281,1.6814065151807566e-08
4407,-9.769582250666085,-9.303343733572977,4.828203320811086,1.6989964927525305,467.73453961869507,0.6968849500498289,1.681616144393841e-08
4408,-9.546851225961289,-11.04360107353553,3.6912266926769774,1.153191357181114,295.7614122365221,1.4197337717147773,1.6830478419506536e-08
4409,-9.72533333445936,-10.762654988666569,2.2952209145720484,0.8586763958772587,213.21835854584126,0.9905010727324157,1.6850323961307114e-08
4410,-9.638093580114647,-10.840741012606355,3.6258254939369943,0.8563628934703246,467.3383347603862,0.12354558788349124,1.687783817534161e-08
4411,-9.247006437208045,-9.76099849770831,4.996813711432315,1.5123086542334803,468.6826999437689,0.534802582935586,1.690023897175612e-08
4412,-8.96991551372731,-10.887687195898845,4.695718859184899,1.2989207067895887,468.12363426297634,0.471785616471867,1.6903885241536577e-08
4413,-9.843241933232653,-9.080192452837434,5.022601755588612,1.1749721497233834,300.4413227128088,0.5068645700642369,1.6909018360187296e-08
4414,-9.540614102375,-11.608590009023358,2.2425387715469087,1.7152981618014211,350.48358420453945,0.6225322646632998,1.6921993385749543e-08
4415,-9.397173701509503,-11.315182709824432,1.9167260910822415,1.2082792997895526,263.667781957054,0.16502381593692483,1.6934176852886475e-08
4416,-8.741476091351286,-10.837702241919786,5.050892091221676,1.1780268913624352,299.6886440138614,0.5093418087852966,1.6943025729106327e-08
4417,-9.175581644042923,-11.927322865400315,4.096609519946219,6.249412587134107,679.2923783636228,0.3976468398940911,1.6988287828290916e-08
4418,-8.693725870063432,-12.420062940079136,1.054895696297367,0.6804320162291096,188.03831415962804,1.0775566025976122,1.7013019542893503e-08
4419,-8.71267822547625,-12.069219922988271,4.805167755675417,1.161756244286838,467.5831910607655,0.4647864911589634,1.7042954968214852e-08
4420,-9.767739257815956,-11.015189350877002,2.5922381243000694,0.920606413943583,184.163889047846,0.7783248324851506,1.7043810464058934e-08
4421,-9.799471742062673,-11.017000588165736,2.814925116693275,2.166524093644267,421.8506938599918,0.48141427753257293,1.7070784499523385e-08
4422,-9.042941144326306,-12.49130793915941,1.5068653030557013,1.2313616669322924,236.24322911772646,0.014138031796327333,1.707401964392935e-08
4423,-9.640395609626601,-11.146191421374603,2.312965716032889,1.0500676599342007,284.3057863206923,1.2173478767571995,1.7082327129525018e-08
4424,-9.424433044975373,-11.17096668452479,1.941770276529369,1.1798414400387263,467.8529394816274,0.2229497167860428,1.710062616607642e-08
4425,-9.650738079646828,-11.313320312802661,3.306858444739231,1.093985482447108,288.5074257558471,1.0611600481167756,1.7100666800981157e-08
4426,-9.421135961338967,-10.53446410371833,1.7400920573276946,0.9688991106693781,188.85411270891063,0.14540227580693443,1.710560503797672e-08
4427,-8.647826132836197,-11.675777496031364,4.959547886855888,2.315242340335503,424.33966236259727,0.674505694309155,1.7108219447666608e-08
4428,-8.966139981744004,-12.946217540764891,4.335601655664048,1.61188372008088,374.50777340115536,0.11383866241683904,1.71183299042951e-08
4429,-9.10741848038667,-10.28475484308889,4.788742451965033,1.058614303070941,467.9998055046989,0.3678615432958585,1.7147165325223526e-08
4430,-9.353722152708503,-12.801799604363685,3.652491685793663,0.7697932429731911,224.96126249494847,1.4255111554787598,1.716523827585761e-08
4431,-9.76493352840144,-10.75268617784029,3.3921898316563044,1.5167917946479592,342.09274485316666,0.94325218319669,1.7191424256370586e-08
4432,-8.538286548604182,-12.803211153441822,4.993550378981358,0.9989239675676326,468.41014754835936,0.18041214269750316,1.7192684236136218e-08
4433,-9.528684893579923,-12.517409797928254,3.2390538893093597,1.8161380961982618,432.61127339510347,0.3961478774507521,1.7195488327209274e-08
4434,-9.84663297844232,-9.790741555837595,4.173960384132513,2.3893940655455124,253.55149488271113,0.13988097359871965,1.7219424525082093e-08
4435,-9.844418975378092,-10.590164615475187,3.3569453632269837,0.7974234433940857,469.2059604021268,0.13539071738990494,1.7227938771963333e-08
4436,-9.683014163476162,-11.58215968114804,2.892825133359064,1.8547089655777889,468.4092433945914,0.9206499757763327,1.722951907978328e-08
4437,-9.473296363888366,-8.4029317277463,0.7449950736760105,1.8247059910294634,437.2357021376603,0.7802236752944296,1.724343060962121e-08
4438,-9.316267350107347,-11.955269271493004,1.8952611104595314,1.2150121076249167,265.6682890099895,0.5134211446014758,1.727580214903906e-08
4439,-8.557748585985452,-11.6311203056494,5.093914613507961,0.9831341400390468,207.55106122931488,1.0526727882535836,1.731042148244055e-08
4440,-8.905212063597512,-11.333487398078626,4.6449237295778705,0.7828386258795746,158.62300694990765,0.9203310509755553,1.732991839528769e-08
4441,-8.966878884483911,-10.957802976808711,4.665893442507247,0.7842793953785182,233.89672741149116,1.518824389845407,1.7349458423479713e-08
4442,-8.939443085081875,-12.440901127043729,4.408533744553248,1.164747055857571,281.1093259437741,0.3608832418426955,1.7355206273624347e-08
4443,-9.798346368835205,-9.360410319469231,4.716713779476156,0.9471153580168785,467.16268177311764,0.6047671169169444,1.7395970321454955e-08
4444,-8.722379134688886,-10.950355398127167,5.030183369537205,0.8399357791741079,240.11061689952615,0.7689947793791143,1.7401057279483917e-08
4445,-9.364813743816482,-11.574660750927956,1.929517736460525,1.080524821240596,467.28747977712237,0.43979566132669223,1.7416136086369986e-08
4446,-9.519161307462724,-9.512693191068356,4.873708801936116,0.952545156958776,267.0749490000191,1.7544816341253302,1.7449346540653607e-08
4447,-9.124377373723974,-9.792788809515985,1.118439067079041,0.7137193624833236,468.22328830058234,0.3599824432026928,1.7461651487244734e-08
4448,-8.741052408049136,-10.684606430236686,5.100122845232442,1.3270812409343489,283.61161438792,0.6572656110265873,1.756679498922256e-08
4449,-9.591328714113525,-9.203578210904878,5.135581643529961,1.7732194956355904,418.675526051381,0.5865869324431792,1.7570565674701235e-08
4450,-9.512133042155357,-12.682359552168686,2.408975910228394,1.0970346406391138,286.7504780378621,1.193306838322111,1.7664924000982213e-08
4451,-9.941914907172887,-8.933210525838572,5.098728369595326,0.7819355024344089,224.526471708475,1.2425280862925296,1.7668420760796256e-08
4452,-9.064077453129332,-7.934651475215529,0.34630849295738897,1.9024926902656891,216.82039911410055,0.16972608475692041,1.7672490985446335e-08
4453,-9.867866166484234,-10.302716749277243,3.592132466663695,7.451777662762661,711.3899225210121,0.2999986626072806,1.7707923151424822e-08
4454,-9.87246728421374,-10.636381413226031,2.589029783636243,1.1528470617095512,295.7339501612753,0.8872127382411454,1.7755282531122086e-08
4455,-9.567006647128027,-12.877904280344753,2.7362070225230672,0.7731110860464474,155.0167993772204,0.1465727954216005,1.7781552300464053e-08
4456,-9.066813586480487,-10.532094329326783,1.2719608384169732,1.25920250995012,275.3871538820595,0.08566649137296256,1.778928432601959e-08
4457,-9.586594549326652,-12.469740328604276,2.7474494165401344,1.028480651899451,140.4585745817477,0.3427418427470066,1.7805003420917132e-08
4458,-9.974019020170102,-10.396715789951886,2.5839925393471987,1.567771908337358,469.52283055396106,0.21230072908062514,1.7807040733218435e-08
4459,-9.931051184880925,-6.005208024720844,0.7180699686906987,1.865526199279731,467.35769694686417,0.1276607669979457,1.78117741172296e-08
4460,-9.780604832880716,-10.077651533150238,3.9567805212880223,1.085234061694852,282.4628174942649,1.4631173237542292,1.7815343360833995e-08
4461,-9.106639726067726,-11.67138949234421,4.240969465339581,1.6805363172466101,398.9239576180799,0.17279540649259673,1.7832561856386925e-08
4462,-9.663854036698911,-11.467594945643675,3.094210231012037,0.9394546519752561,466.1724480411902,0.67529731047886,1.7857485077646115e-08
4463,-8.70141928239658,-7.390552102666998,0.22121691286373477,0.9428994884551142,190.22540972309812,0.24765224996528623,1.7870563911903506e-08
4464,-8.859370917424448,-11.666096896328346,4.631546696243102,1.4852793719086157,343.0029494500135,0.9412327547106392,1.7910672613740018e-08
4465,-9.534729983770864,-11.681059995448452,2.280870445240073,1.0669417663763636,221.4425453053128,0.6617313023373148,1.792556369259653e-08
4466,-9.916713530365705,-10.500605625869152,3.2324796882781155,4.227009134324507,579.5557102437742,0.6830216620613614,1.792627940061232e-08
4467,-9.707038876099963,-9.945657400553223,4.182709776758541,1.2306262720746353,281.77320327125784,0.2884252807001726,1.7990636110365152e-08
4468,-9.851576730469475,-7.62120669292437,0.8577617730962632,1.2475977920723387,303.99123730529396,0.5299288859439075,1.8000989785387997e-08
4469,-8.76946359072183,-10.860319534404693,4.980361592015609,0.8493197890952888,185.91277634818408,1.004056832904129,1.8049033916347105e-08
4470,-9.57668006460837,-9.560636114130697,1.4755254612752895,2.7690544345270003,481.85604338008386,2.1602011533520633,1.8060245257469637e-08
4471,-9.633132602527443,-11.023038938435421,3.4734521779671543,0.5366558259507183,148.80292182072435,0.7304455199993898,1.8087861959245498e-08
4472,-9.744492753072887,-10.576329561523686,2.2482611320995884,2.6243962426570056,448.86990373573155,0.4947927575112194,1.8102219401870513e-08
4473,-9.501294280276806,-11.31551631314959,3.6255150328043864,0.9414931305471114,164.29716465559778,0.35385245025776424,1.81037066280135e-08
4474,-9.772778463720599,-10.151299383542996,3.8917816164226533,1.5018385742700253,352.61155578786753,0.5156181502124708,1.8152094840515303e-08
4475,-9.507079955878948,-9.797536323575592,1.5330793643309517,1.2478678865437973,282.8350726691114,0.1230328966169294,1.8152336734727433e-08
4476,-9.676805931160287,-9.49826163520476,1.5403930780677508,1.7750365310633052,467.72821965035604,0.06826749624737882,1.8176323519101614e-08
4477,-9.496146370962084,-11.734552980413742,2.2190613420690264,0.8313836033174101,207.85280249452234,0.947660378953918,1.8213222229396888e-08
4478,-9.555593135584566,-12.990435690274785,2.852099127976266,1.8253236150971015,468.6012696575613,0.8743946985968618,1.8258505815737094e-08
4479,-9.805472890930961,-8.833252865368497,1.2513694119663512,0.8464417734577592,467.38771779682446,0.330917452042625,1.8271102306823277e-08
4480,-8.86832847815082,-12.407376984203436,4.510231269757406,0.7325208489754457,222.38293113381818,1.5441147324579791,1.8288925307549542e-08
4481,-9.169112507822044,-10.81402094764589,4.392596601285659,7.5099586009450325,494.2836301991811,0.04068387341210489,1.8310803083209404e-08
4482,-9.758530072260335,-10.332749778603699,2.1264934585487834,1.2270502411948938,297.79961079395815,0.4005475589975669,1.8351385677295995e-08
4483,-9.551181462275668,-12.265981317499897,2.487299349216807,1.116249312902154,467.9551044079226,0.8234336148798436,1.8362304722662385e-08
4484,-8.76918944924346,-11.041915198902403,4.913749200419942,1.1682240369408297,303.12108516290186,0.5958537639012844,1.8381391568023762e-08
4485,-9.272640944460504,-9.826192224026258,4.877211591334618,1.0751760048651964,276.4334761412602,1.0339211235383674,1.8392407730171015e-08
4486,-9.69973102645626,-11.363253347028365,2.9097800384806694,2.38065030013675,426.9532585779589,0.5000953157899763,1.840035725803355e-08
4487,-9.346734218486262,-10.927358891628721,1.7745915661702993,1.1644512097246047,302.0370119687571,0.43535708087492164,1.8402504860922273e-08
4488,-9.426959146632015,-12.166494270943069,2.1495276884174297,1.1065708178344884,273.383431187817,1.1137011032543667,1.8407146019936483e-08
4489,-9.666940095515956,-11.558865843006387,2.892144781161028,1.647828116074473,384.52525127989924,0.5933761016015469,1.847433803996379e-08
4490,-8.57021317454455,-12.690976334062835,4.93513040341392,1.2934449707390288,307.7752703626783,1.145875614764532,1.848471432276839e-08
4491,-9.805505689696107,-10.879422423259708,2.9719362901663193,0.8587471863198998,198.9067478980837,0.418814520481237,1.8654103189446138e-08
4492,-9.535084511273931,-12.864343229503808,2.561940621722402,1.1349548267116434,467.1086613606563,0.3994016564634535,1.8658819178896873e-08
4493,-9.274841756415709,-12.505147420414165,3.8004763397254266,0.8638940066017597,197.2575995620411,0.2815921674556918,1.868316898535211e-08
4494,-9.479660206575844,-11.146571145180905,3.723288845199311,1.6855050622923906,395.49373321935013,0.6089439636170768,1.8710966966237638e-08
4495,-9.497462207410972,-12.376798791648586,2.3466571091005286,0.868889828265899,468.3937678418138,0.5341202894896293,1.8718305504847526e-08
4496,-8.876350780176878,-12.211894559283573,1.262435223749379,0.9345602984371393,188.05001282357463,0.6990130609478085,1.8731630117919132e-08
4497,-9.529402232136864,-12.226158860825056,3.2211734361503384,0.9102777063745618,210.7396430067199,0.050987372696952526,1.8748451814847702e-08
4498,-9.089707920586296,-10.059753783584078,4.936207165897984,22.30299525064096,615.1394893130011,0.07530018888809309,1.8748465423354988e-08
4499,-8.376422122641582,-10.310299409925078,0.316958116904424,1.6604794208574576,390.6945495980418,0.6561275944675531,1.877035813600457e-08
4500,-9.661474891832304,-11.172053557436096,3.277916217859353,1.3059793187713638,316.791171163899,1.708319399820403,1.8773134638229183e-08
4501,-9.536374875404722,-7.595882058726134,0.5569846645361759,1.893375731504757,467.0890673965026,0.2444139441927744,1.8782672758978544e-08
4502,-8.997503528857532,-6.811838533998325,0.24319523941932447,1.4158738442102938,335.75732597824145,0.8969054387062405,1.8800683514767253e-08
4503,-9.688026971939347,-10.893918569715343,3.4058332135437133,0.8957288464711021,228.77073741914234,0.4696805055329909,1.8820418671634328e-08
4504,-9.288072775335657,-10.25488111189121,1.4797017190550217,0.631160458905813,143.74276984832437,0.25066311830330434,1.882778840110564e-08
4505,-9.591211778985901,-12.127316263893782,2.7083915796737483,1.6170594556473703,362.7160842705213,0.8594139802699736,1.8832235552465495e-08
4506,-9.155667202637602,-12.14221688958813,4.057784826412019,1.0140621044398106,176.5804809794588,0.43480237158681945,1.884704524799368e-08
4507,-9.330292184768528,-10.756815197198842,1.7087526768807166,0.7171539189134394,219.46977616976176,0.9244660162237421,1.885779285214524e-08
4508,-9.834219931680344,-9.912221980775895,4.021839578323339,1.006231413433648,173.55477073533092,0.15217106504842626,1.886055643709419e-08
4509,-9.536245366652238,-11.681688667525535,3.3761626308132517,1.0590058668990874,278.1679746626558,0.28352052575664466,1.8880917180852144e-08
4510,-8.842016038211405,-11.046387523653584,4.797351381973185,0.9964730278455134,232.83151789262305,0.47168346458450117,1.8915926799332083e-08
4511,-9.211965907763172,-12.43244988930712,3.9211037350745244,1.0415826454583423,283.20699514785724,1.0034774464814626,1.8921173923990543e-08
4512,-9.170156559796402,-12.432955316773167,3.993951092882883,0.7831624352097916,233.8971322633956,0.3564789428128261,1.901199088992589e-08
4513,-9.549442277914146,-11.912320259495718,3.2410729084418173,0.9560699878269583,209.40758384526686,0.1872000813055701,1.9069136418030235e-08
4514,-9.365560769288418,-10.672523439369757,4.1358244602430805,5.8704700260498734,416.1602049672096,0.09767839843414983,1.912908174108047e-08
4515,-9.553968152547434,-9.008256647947924,1.1753318516394808,1.3446459120555503,327.2026952926355,0.3084736642217285,1.9148345531746626e-08
4516,-9.341510543434016,-12.749249946350103,2.046098063473834,1.2623176894820143,267.4940733431656,0.1155171641500159,1.919943392472932e-08
4517,-9.3501850246113,-12.75302849668226,3.6041813973153913,1.895524384706552,469.01036458051885,0.1516877602355482,1.921075190182798e-08
4518,-9.129702121194164,-10.957250741672125,1.4744723796500037,0.9376421002791121,188.63438122808057,0.8586394604520731,1.9225629871651964e-08
4519,-8.816488290367513,-12.30540381462767,1.200680820117475,4.161607221691563,575.3666659010362,0.7014193524597703,1.922832311742296e-08
4520,-9.335239324233115,-12.260137683785091,3.6960653471591947,1.2023632550367829,182.03296533075184,0.33411955491576606,1.925553432396589e-08
4521,-8.511833124915444,-11.373885222174122,5.182104215950403,1.0500430832282914,279.512805578152,1.5890737197887264,1.9304640770035096e-08
4522,-8.904833555012189,-10.225967547294765,5.080466309106933,0.9055729423013622,469.6996413264747,0.08894471630672918,1.9311458614827498e-08
4523,-9.686638544246089,-10.910346807894776,2.3751540817442187,1.323683549668555,284.9622928809743,0.735270544554333,1.93473094713916e-08
4524,-8.862875550674357,-11.79282633468428,1.2224826081578026,1.7071573018894624,400.3730360772717,0.06920618543048551,1.9351041186663353e-08
4525,-9.7740614056483,-10.095226282213304,2.0268091173316978,1.278891099766588,276.43699743761357,0.08666644720412098,1.942191972279048e-08
4526,-9.289553350460539,-9.917854416523827,4.7570195362054655,1.6103760374745275,352.0131776928788,0.4705693865287701,1.9431035732463673e-08
4527,-9.91986048787499,-9.046620185361867,4.940012242378581,1.76289294466383,467.90650830445975,0.2994211164691354,1.943449785007459e-08
4528,-9.614258197633141,-11.138049000669323,2.321744374480213,1.0552709533319564,223.99070558263088,0.21560155263903358,1.946301630784735e-08
4529,-9.37976937639026,-11.78473328731696,3.686119833878286,0.7112987655496495,467.73028228913313,0.35174864747976553,1.9505326050694055e-08
4530,-9.099592304028533,-10.582269460405772,4.588052132436815,0.8876615286922309,244.72182046367118,0.7281560999672321,1.9526785485905027e-08
4531,-9.9216692797602,-10.534766109373024,2.987216808114184,0.9513841813961416,152.04496599173365,0.3135257933037403,1.958463434884903e-08
4532,-9.690889803841587,-10.455428886879966,3.722752051956277,1.0899122905037704,467.7663809543765,0.15161338670706126,1.9630477550145882e-08
4533,-9.61126581498984,-11.128986360958779,3.402126880299788,0.9901194397159235,470.47877937936966,0.018900311456747865,1.9661965564740556e-08
4534,-8.879104977327046,-5.65644645265584,0.19240433092593628,0.8544432748614315,224.87309133026457,0.2641047737860598,1.9671593262696385e-08
4535,-9.246690754163875,-10.278973904946396,4.542095534499982,0.9890121814924765,259.0933258040651,1.2066936444560286,1.9678156483189918e-08
4536,-9.306457941483693,-12.480758966101789,3.711827160896525,1.8635020294562272,469.8510994341394,0.09351751130681052,1.967986014785103e-08
4537,-9.512281191949398,-10.940794029928488,2.054427274233046,1.044201426944332,278.58168442441786,1.0389686931215936,1.9732408952745073e-08
4538,-9.56134786482182,-12.04220880768744,2.533714091296117,1.1140780789578622,467.4759888307569,0.07575504972047575,1.9738873886006963e-08
4539,-9.299087455065752,-11.980296092759257,3.8033966777659853,0.8225947872561916,468.23729476016183,0.11507121923286157,1.976660454768237e-08
4540,-9.526838363134177,-12.795446317667345,3.0304651620944085,1.1108542096762664,449.94166186879636,0.5782453115647987,1.9783324098468774e-08
4541,-9.921412777985081,-10.055345447542965,3.7072294482085835,1.2540240705635632,308.94026899247535,1.3312063222828083,1.982481716921212e-08
4542,-9.87377276585193,-9.615672063434376,4.282240737847812,0.9381545785837512,241.69556031761266,1.294726307045872,1.9835421124102838e-08
4543,-8.83598446176378,-7.18094939754738,0.22409346618707005,2.0287671281410655,220.08946952732293,0.17837393447683958,1.9847377212867685e-08
4544,-8.809984105724403,-11.621541397928437,4.685083598222021,0.8920707822419943,467.33897577702027,0.019511185280618903,1.9848491912856713e-08
4545,-9.974989104627031,-8.911803617408925,5.059838454575007,1.0783579864351729,214.87672211326407,0.30936991713742046,1.986921996982863e-08
4546,-9.523899471101824,-12.63947002055867,3.0746032447212097,1.0117954423648146,242.83988977223547,0.6937749063623224,1.9874211667923027e-08
4547,-9.260897788457466,-10.871546347330499,4.193315915706883,0.6357668915360882,137.32326057671818,1.1274842676131316,1.9920889291650872e-08
4548,-9.417019594532404,-11.871897025366101,2.1067181122448884,2.722301577658564,469.3547241763999,0.9067173297048505,1.9931221385869498e-08
4549,-9.354845476867402,-10.024698302932917,4.56576403045572,0.958456836457872,268.86872492530784,1.530476794547627,2.000176760812553e-08
4550,-9.161857627323501,-12.20543119341331,4.016488475816759,1.5485167878887538,335.85932079437913,0.7917809746407487,2.001636124161329e-08
4551,-9.311144142596044,-11.832844793860373,1.913721990953746,1.5740938406705747,468.1607873373377,0.5007470054782859,2.0046919571710656e-08
4552,-9.020867662400367,-10.18167255288444,1.1454292207356156,0.690670884990824,209.6776044430012,1.1878020891743173,2.0073024852802302e-08
4553,-9.73459589019721,-9.224545725995501,1.437122364241377,1.7404700962389974,468.3782048184637,0.25541182458832523,2.0090966022647868e-08
4554,-9.163787695436378,-12.913450810311039,1.7540298295817283,1.227201423695827,312.7630734824027,0.48178943336329016,2.011282442763389e-08
4555,-9.501980127460547,-12.062848494466149,2.349930659585177,0.9646896494319738,266.51652769128924,1.416973003756655,2.0125209439122136e-08
4556,-9.573146799017584,-11.58801475148768,3.2516994568992104,0.9057240673152758,469.37944587562714,0.1644340362029162,2.01365086415131e-08
4557,-9.445303855520239,-9.493219181742166,4.938483125711732,0.9435814531281607,188.79915461498575,0.19719043537060088,2.0182551896941765e-08
4558,-8.733540174305931,-9.493922871684237,0.4255820595603267,0.9477604818065878,468.6013315593167,0.8145936528899087,2.0230090621440375e-08
4559,-9.58720909333356,-11.706634689786787,3.1253241928860542,1.1519990663037762,300.98647484363346,0.660918747228231,2.0231115274022085e-08
4560,-9.580393085417732,-11.824622762980985,2.5507331938282056,0.612965734492595,188.21898871331098,1.3255576148999904,2.0242197731626935e-08
4561,-9.56910392275399,-11.43309732820559,2.3554910011316226,0.9193260360036222,467.8694063461683,0.9326841253453102,2.0285626860009287e-08
4562,-9.254702970633087,-12.933874206771996,3.7589749770712024,1.731245643998012,467.39305771231585,0.3846370579489298,2.0329293846767767e-08
4563,-9.598411465098856,-9.952866903562548,1.743167663475279,1.104357738051763,308.6330173613692,1.186378175184534,2.036733865924751e-08
4564,-9.735712054938963,-5.742146243349786,0.5555319794651843,1.7482428605011457,446.2270815521412,0.15432864220937947,2.042274457575637e-08
4565,-9.84453081383929,-9.98307343554392,2.0544868139119057,0.8013161977731917,215.49750175342342,0.9682720608856386,2.044085558989567e-08
4566,-9.947808096427408,-10.319604560680075,3.291858430544419,2.1465071942989216,338.44419574829567,0.08659676292894058,2.0462240771690328e-08
4567,-9.832515894211179,-9.508601302788563,1.7168718113006138,1.3916535608198755,468.32731309777853,0.21317145542325466,2.0528176931975592e-08
4568,-9.650500303495523,-9.153750104709507,5.076773601052879,0.7066394441305353,178.04860288594844,0.6006703274654432,2.0543922048443998e-08
4569,-9.871307409634017,-8.097904661345547,1.0357671636101913,7.939798096184493,344.3143865809322,0.23475085414228847,2.0554080107085613e-08
4570,-9.315837784222257,-11.037621860985258,4.01919064155113,1.3580403117054471,142.91751392841763,0.3722726534612555,2.056156895229781e-08
4571,-9.384444973895091,-9.60920909373221,1.3155113958026163,1.7632171933815508,416.34338737541805,0.07179008213361637,2.061477062802185e-08
4572,-8.851419534661511,-10.248086905711432,5.12409566810596,1.0787058777923864,214.8058457132564,1.041616178198117,2.0655854561389452e-08
4573,-9.907241968163566,-7.463008874031163,0.8793691402749308,1.4695331909402478,468.735099760647,0.3934392951429695,2.065941559843549e-08
4574,-9.876829881033345,-8.37823587677568,1.1281656899893973,1.0812108073073903,468.33287745137636,0.5107529508720381,2.070707616683607e-08
4575,-9.071220130737391,-11.789691051534929,4.2227117095802384,1.0788456345035176,284.98365668700296,0.3133997492379246,2.0759907223470762e-08
4576,-9.600951096914638,-11.794849125807291,2.9128194777336605,0.9624159067726916,269.5194739327065,1.807312070879239,2.085991498635903e-08
4577,-9.19423558178357,-12.560705115288574,3.8997000807971265,1.086694797126965,466.3548999292356,0.17199503507676983,2.0902253651004068e-08
4578,-9.527561503526405,-12.405977610121223,2.556199768642395,1.3533440672086847,299.12774058753627,0.16446726681401014,2.091521641672159e-08
4579,-9.60891006171498,-11.165078274504216,3.3512178138090163,1.081368684394124,280.31068607110103,0.9310153298506245,2.0919049025053967e-08
4580,-9.15954511618638,-11.556721525814472,4.114543123818894,2.3726915902739103,444.1116245119965,1.8756316201782575,2.092019178976697e-08
4581,-9.994183691765977,-7.634955569080971,0.9865357129964146,1.0936963615387842,291.263098372069,0.8041588392882373,2.0932408358592033e-08
4582,-9.584008181780357,-11.800540474776042,3.039880600828026,1.030716574888089,281.35199332674284,1.213912995124999,2.0935076871539142e-08
4583,-8.971177469898137,-11.894275458319715,1.3918291476743483,0.8765483912732414,215.25238465638407,0.9795978269777654,2.094534424451466e-08
4584,-9.524352715557647,-12.246321832818401,3.1244300503162616,1.8593872858147347,446.90247378360334,0.30145160547910166,2.094785016297526e-08
4585,-9.96483937703503,-10.139542632766926,2.363403341327323,1.6944245599652181,366.48863309036466,1.6180779645591885,2.0961354712804353e-08
4586,-8.744345543150468,-11.524675674771913,4.785537523352641,3.862606689346983,273.17613930883937,0.2527306468833723,2.099552495123372e-08
4587,-9.581251584291794,-10.696642166157565,3.704726349377161,1.0750168317790483,278.3714002672862,1.5363069839606114,2.1014853068886635e-08
4588,-9.660135872471207,-11.325601896588278,2.99584282033278,1.4089211184271566,220.9389783287159,0.048013784288056804,2.1047337190960992e-08
4589,-9.47137525274042,-10.319348059523845,4.15334979997725,1.0917410195593582,467.774823215768,0.10898197307560853,2.1077053190257564e-08
4590,-9.466093723052776,-10.47097025770271,4.054830795312673,1.1903228342031227,299.67002112671963,0.2765082489921449,2.1104368632077515e-08
4591,-8.505250865545932,-12.533917552018073,5.006240774507448,2.477069615065841,452.25804766286603,1.364812415651805,2.1135253912915046e-08
4592,-9.773112054299059,-10.539613708494603,2.364784176928797,1.128539879363377,243.8990845719502,0.08231427362929367,2.1169590718608765e-08
4593,-8.941989044972468,-7.866528554481198,0.30013203671283367,0.8027905399252446,185.809629279769,0.16778612858194553,2.117445964255856e-08
4594,-9.56773561018737,-12.040522369268231,2.6814646144055727,2.3122397065820275,438.06422795155345,1.759906558483415,2.1181107122490977e-08
4595,-9.401390288565057,-12.99034065720331,2.2340723169910968,1.1430432415353682,467.32146667331614,0.4975599367712942,2.120500696193666e-08
4596,-8.506458915957761,-11.599206806953166,5.1152404933102265,1.1088680158693012,234.13971687961526,0.18604092085563195,2.1286503596469624e-08
4597,-9.302581305353153,-11.34144917887892,1.8398957160456577,6.899866691967277,706.6662512215516,0.5108391634958194,2.1287056016931214e-08
4598,-9.496836116476013,-12.39040886012921,3.1858274270650213,0.7797834326554695,233.08291141572485,0.5054469646124549,2.1293364753064754e-08
4599,-9.53601856381681,-9.709419418171056,4.580022889244718,1.1684178120216924,298.6126104186033,1.4334470860630466,2.1308938060188092e-08
4600,-9.391369665625346,-11.076592412447638,1.9256820262286831,0.8774021170583162,186.48777061409388,0.9631310434569977,2.1312494131756218e-08
4601,-9.529632672196309,-12.685352979304485,2.8336940529687533,0.9155732423950118,212.54134827340116,0.28938534040628117,2.1317942015399427e-08
4602,-9.566150861352515,-11.862653161256205,3.0635397966784845,1.2506814132599635,290.3560982101788,0.6604467551908888,2.1381050222564684e-08
4603,-9.438432328576377,-9.978484171297437,4.460991902957312,0.5820093722885792,178.86993256496726,0.935222078414566,2.1401167229716954e-08
4604,-9.87349084804793,-8.262713956352082,1.0918319763204904,2.142561694983788,283.3941571690752,0.018464405867873346,2.140860365708109e-08
4605,-9.726324427118595,-10.518985617863395,3.5381513118399823,1.528939252523095,209.97160762819175,0.3619607160189888,2.1419430326975817e-08
4606,-9.718662262165523,-10.49781410278258,3.5783597500827518,1.0066992599725644,264.4870487409578,1.2191578773191702,2.1436356459672805e-08
4607,-9.476650677257425,-9.708216977522893,1.478355272549008,1.120128165025004,224.26974629461796,0.6936408537139931,2.1440514698128668e-08
4608,-9.423188914801484,-10.520326608957365,4.08500735613235,0.9791216368480089,261.4921870889402,1.455012269290883,2.145077043527852e-08
4609,-9.22012596788598,-12.019748902335719,1.8077605315846468,1.0708373354385756,287.28418769006413,1.1084979698613493,2.146081801586692e-08
4610,-9.482766930691628,-6.459974320342634,0.4242552992309642,1.2614181637609159,293.4230501342419,0.24272090561754744,2.150759306403189e-08
4611,-9.407072347669285,-10.457140269364837,1.746199831353446,1.7581869798092729,468.72874353382304,0.9224279611231099,2.151943097824323e-08
4612,-9.68690387688114,-11.07113776993869,3.115784014259232,1.3821985190321535,328.10731079458577,0.7187283277250271,2.15755575398021e-08
4613,-9.979729267659536,-9.829592744811878,3.8518249162920983,1.8865248838505604,468.54888549518245,0.49192373275151,2.1577101722287157e-08
4614,-8.601830065961352,-10.863302933578755,5.173209784448261,1.7192467439544272,405.1970075899876,0.20105201847018694,2.1580923892415082e-08
4615,-9.498226448836752,-12.411583168734174,2.475995253967828,1.6143565720725288,374.8809640220672,0.4138296831212882,2.1642994240213398e-08
4616,-8.821397654289587,-12.240103125500882,4.547447893137905,1.1044995922783987,266.2010139902816,1.6712191161886567,2.1724307353070194e-08
4617,-8.914144687257938,-10.467910264417029,4.889808947174708,0.9207191938297032,263.3050650455086,0.7314221142314787,2.172862823138676e-08
4618,-9.43002616397431,-12.932069720679065,2.3255900020713707,0.8863508766668242,223.4676769626329,0.1071991622630355,2.1883436185569412e-08
4619,-8.445617632427467,-12.876427337459026,5.058664310076653,0.9964313273875494,153.46138218333382,0.21214673660957128,2.1895116161090042e-08
4620,-9.560443189208385,-11.776694917194614,2.528964309252737,0.9441710393414876,259.5697047607554,1.2512384368424838,2.1900977956844424e-08
4621,-9.475669058223477,-12.13966943110055,2.344473014166583,4.017488473681476,569.3642496001818,0.9132219384060827,2.1927150549781094e-08
4622,-9.53342606634488,-12.198519084141289,3.0398146382601983,0.8803059436076208,467.95129651037473,0.3911634732927931,2.1940498973830815e-08
4623,-9.801666654570312,-10.593814289469647,3.2536435744855905,0.8122843650206597,161.6209606933577,1.0006166750454772,2.19429897746977e-08
4624,-8.86990082321947,-11.332242034885656,1.20498528284535,0.7747950673680379,205.32927127506457,0.45628957749081156,2.195471834875025e-08
4625,-9.635279403419117,-11.283449454180612,2.5720962143915505,1.0277018311567994,202.86318801143165,0.47539646195217333,2.1969486749046418e-08
4626,-8.941755911154594,-9.288244435322563,0.5393981001229629,0.8653258492442854,467.6342498265625,0.4598952157207403,2.1983587340162943e-08
4627,-9.30022638313208,-8.034746289029394,0.47910009343897597,1.3421564966091246,319.83845917194293,1.0493517343897816,2.2014056721049858e-08
4628,-9.472106482890544,-12.866861721375171,2.4683117727077972,1.8424708687869327,467.77997928195623,0.5800208082167178,2.2021136331945468e-08
4629,-9.474591687653653,-11.231518420893538,3.6055174458802917,1.1685830062297027,242.46809403382505,0.47835562729587533,2.2041262681648384e-08
4630,-9.566036409557205,-12.011962090532204,2.87967338872125,1.0346950949984182,208.40184773627013,0.47113518241689434,2.2073557425737355e-08
4631,-9.96025182879377,-9.936639092413593,3.7339229117774235,1.0866550812875941,221.16602662770967,0.010256054388012359,2.209014501567217e-08
4632,-9.497570586742098,-11.64001487631959,3.3834709168936046,1.1101038351286954,468.1628574785586,0.764350701631705,2.2109694557970076e-08
4633,-8.01389713951695,-12.842675998582166,0.22600059131836578,1.8636805423627771,467.38271087449107,0.4092761245507317,2.2137859895824362e-08
4634,-9.373802541495019,-12.359038314355868,2.1362151684338353,1.5721745631698902,469.01821844342885,0.6006315468980006,2.2217020731564836e-08
4635,-8.202381108867272,-11.435929602343847,0.28579117931855735,1.0843923797699582,280.4285310029578,1.7911773555118318,2.228744464849643e-08
4636,-9.174212704968719,-10.475387115213447,4.487242750765871,1.6613830335538322,467.25429511634934,0.26131944960734543,2.231103470299291e-08
4637,-9.353280249111544,-11.356846181413097,3.8003660263691756,1.2092175980711357,289.81830437572137,0.4415170592737967,2.2324647117268254e-08
4638,-8.597776224216908,-12.348467103844609,4.870589864834452,0.926455042647897,469.5133851695416,0.2248352004314329,2.2334253078857187e-08
4639,-9.87144269243922,-6.094120114331758,0.6791591227878498,1.601561070439367,467.6634083192827,0.5134524683656707,2.2383269966331697e-08
4640,-9.518067261791346,-12.623864501214406,2.902517643870275,1.0669016755242504,468.7600618223244,0.6081865975050738,2.2451600849935147e-08
4641,-9.256202442250837,-11.848261741954982,3.8545081552661187,2.7928413184534953,483.64470518713694,2.0533630565406966,2.2474231656591414e-08
4642,-9.464820930338371,-11.61096095722205,3.467069370183066,0.8651813230165804,167.3211725637513,0.12629415429562485,2.2485483156444382e-08
4643,-8.583574843229666,-12.915762623379361,4.848706141478086,1.8662551255311512,457.89454255920003,0.48909636603800255,2.2495211991956815e-08
4644,-9.742602630349081,-9.922316063933302,1.9165947178749079,1.5829777962904164,468.64665558305563,0.5631547188781454,2.2510034570605616e-08
4645,-8.984688676299715,-12.922402379938848,4.21422262781936,1.737737001502955,319.2519602003365,0.2709648591130742,2.254623346222561e-08
4646,-9.513343105941011,-12.062431122235777,3.1638883866517142,1.7666012689394672,418.99971425601615,0.13418774643238418,2.2551282926474637e-08
4647,-8.91247310500519,-10.699335375031374,1.1600116614367975,1.6579174284789135,383.69131330482674,0.37209715558201406,2.2602897282662148e-08
4648,-7.331270747140459,-10.385772352766011,0.0592394761362373,0.893600080364167,241.93353598853213,0.5458815561493262,2.262212441750869e-08
4649,-9.67875735485726,-10.942642658603745,3.2275626942606954,1.0516665754478738,214.46557232454305,0.9602200769768912,2.2699571082822343e-08
4650,-9.23823362723259,-12.30288242246716,3.808852415609716,0.9955309464409551,259.69412134407224,1.3289062272115526,2.2701038513747034e-08
4651,-9.333255073690164,-11.91397955183336,3.6779522635412296,0.9502476850104103,261.3990032999321,1.4101273923930657,2.2735225314962988e-08
4652,-9.804352913540649,-10.451166864772276,3.3913996879803854,1.8572771292070032,447.3695406864709,0.0022400858135211976,2.278048335230728e-08
4653,-9.338178069414168,-11.103496841431632,1.8614493837229078,0.7873508410210022,232.30476455261183,0.8169309322499938,2.27997655350049e-08
4654,-9.401155579851707,-11.56332448265529,2.081036161007435,1.8285744734999076,442.8620868114081,0.43904426099288596,2.2807257186425072e-08
4655,-8.812938565687887,-12.596203127432293,4.511297317025655,0.723805419539519,140.7702412258411,0.14305037150234767,2.2875897708708443e-08
4656,-8.866458589654052,-9.917161715873247,0.7399132073511306,0.7858575226503453,160.7660126144212,0.15179300613380597,2.2890136805628162e-08
4657,-8.464084157524415,-8.04736471132918,0.2122203496220862,1.5239755567900113,338.36651049692944,0.7018319165945055,2.2919623181812173e-08
4658,-9.157309457875787,-10.565296889563424,1.445879218511711,2.2531593062610766,430.4476080107098,1.6054254532300893,2.3075142586340117e-08
4659,-9.609115988923445,-9.281823191655057,4.929963668996804,0.9011190712035804,467.92333887709196,0.4879062271254577,2.3109674252107417e-08
4660,-9.412220245352305,-9.738188493203616,4.691840490439204,1.8785787855531575,452.0600248462112,0.26347572958328147,2.3119524519533483e-08
4661,-8.895161185491117,-11.13651873475215,4.624857831301617,1.0254772853027807,254.90583574630227,0.7955587149229659,2.3155946586226363e-08
4662,-8.529559597501663,-12.431941966902855,4.951635258436306,1.733600576332217,370.76306387511823,1.4700809608708978,2.3166728529630906e-08
4663,-9.882532595910135,-8.857480833389284,1.338442194745204,2.331013455370797,431.8144913934077,0.894653336370105,2.3168623709628456e-08
4664,-9.308731736771113,-10.822132010039219,4.077336332035561,0.8232128150435514,162.32742348677445,0.5075693034858091,2.3189743882878656e-08
4665,-9.853944327435682,-10.512177052510054,2.6493061940523437,1.1167111349314045,284.9115144766374,1.3802141530005558,2.3219409017459684e-08
4666,-9.534969016798392,-12.081562880617321,2.9921193872199146,1.2911732172027306,180.32589099272997,0.4426398016687765,2.3233257520005924e-08
4667,-8.680183961941774,-10.091920488763563,0.506800208236138,0.9854157108858167,469.30856279858665,0.21852128593579678,2.3259489528401593e-08
4668,-8.853875914791727,-12.640094848244207,1.280067219895555,1.7750789441035415,459.73540198836423,0.4528035622063369,2.3263781513997574e-08
4669,-9.332906760090491,-10.205620552701369,4.404495856903698,3.0447524893198237,504.2833481354911,1.8551736582204494,2.3270502969475273e-08
4670,-9.07235004120345,-11.728324445108717,1.5515965255975064,1.7914659146536394,467.80172620963026,0.8935072338957335,2.3333584863006618e-08
4671,-9.436930159841502,-8.866513377365187,1.034793371478323,1.6280738819402782,388.8738235496058,0.4951015044398357,2.33515393104092e-08
4672,-9.489989701547204,-12.951108125802785,2.673379343946278,3.486039427195844,530.3874290633672,0.787234956759514,2.3376515545064218e-08
4673,-9.128532827101838,-12.67287177297949,1.7203962125240668,2.4106599159602182,447.44105908600017,1.7870810736675153,2.3381701881463087e-08
4674,-9.497042825058946,-12.925611518679736,2.7510838604660823,1.7289219369059163,469.5738400348837,0.008245612343539932,2.3401046252222573e-08
4675,-9.318818965448454,-12.400844806068205,2.047040575059847,1.6296998842175074,467.77549744298346,0.22811765814282925,2.340249917569937e-08
4676,-9.617829825409508,-10.783959895132833,2.2501242956447958,1.3273818402037374,308.54592101678963,0.16577755572112185,2.343228333255031e-08
4677,-9.040207292956103,-11.256699392574028,4.351984572632791,0.9877136834087948,468.9405601841029,0.4242336982090773,2.3450004559102172e-08
4678,-9.324552602740367,-9.823336869558233,4.728977655018028,1.7802433387836019,421.55267126896564,0.15388062818539883,2.3488624219582233e-08
4679,-9.834454677878444,-10.595174274983892,3.0121473361245235,2.4804376356424958,440.5288272866737,0.6866933032040574,2.350354362171998e-08
4680,-9.387334371498415,-9.664258747246024,1.3668082853520895,0.9684365719682112,468.7510622633916,0.9188047922895661,2.3537561624430552e-08
4681,-9.020719811338472,-11.217819248771217,4.394081625672941,1.1063304598656507,288.20625586050386,1.331900910074217,2.3587863733512548e-08
4682,-9.330971551463493,-6.09806251664611,0.3410312631657409,1.0831660564561147,235.69353868851618,0.33419221923557263,2.3590810319193872e-08
4683,-9.418409491277231,-11.61205439296062,2.1392574163501656,0.7377568171732464,169.0280267794941,0.31137693526824517,2.3594416544856405e-08
4684,-9.932313208282112,-10.263899892880683,3.283250835510675,1.893375685588025,456.8003933887581,0.25161976606235203,2.3626806648601803e-08
4685,-8.446136409172125,-9.852853884258652,0.31624581493995024,0.8585209621921748,469.48484575489147,0.16491679094981837,2.3642727282763405e-08
4686,-9.993829175140835,-9.297001312186499,4.46750955675837,3.210321036776561,512.0010726805465,0.9578409377191202,2.3662214619436074e-08
4687,-9.404874392017554,-12.463951675344711,2.2521389037492274,1.6909172892920161,468.657271451181,0.832357783968452,2.3691077371974626e-08
4688,-9.508122300469935,-12.21480290120191,2.5439176002530273,2.62315818054582,464.9542851496881,1.2424400147557373,2.36971371007817e-08
4689,-8.61390631957057,-11.064845637406533,5.063509371805805,0.8976963160895906,459.74266313531365,0.5488599347973349,2.3732754094894414e-08
4690,-9.649295394243294,-9.974706116893163,4.12199463197675,1.1351133539505427,254.5319137498922,0.37076428033226616,2.3754668800443362e-08
4691,-8.016629131340146,-10.648186650789842,0.20213003219595677,0.9704408780209681,270.9121197260901,1.831189806999432,2.375592885762928e-08
4692,-9.956581796705528,-8.740790350141369,1.3241185384441703,1.5573208266929184,349.258037124976,1.3194936404659412,2.3764186775306118e-08
4693,-9.334639172685762,-10.689063406964337,1.7498977424240312,1.6879872898913255,359.20193377994747,0.7534539197184627,2.3779923266449715e-08
4694,-9.12164239951297,-10.585175071228411,4.485706694726903,1.106757035279418,272.37972467968507,1.6804232653818287,2.3840517119906612e-08
4695,-9.745792725962076,-10.11946955067188,2.075430599742384,0.8607765718918806,190.93197373376907,0.16252735993570688,2.386526740754708e-08
4696,-9.482251571587168,-12.678966044823989,2.558208747867649,0.9841648750511931,468.05198272930653,0.4807138567542868,2.390814964205847e-08
4697,-9.55421738803082,-9.6527456174653,4.572383683363564,3.3270503874301394,519.1038885270056,0.8368133896502528,2.392246973432041e-08
4698,-9.920327720564273,-9.628255408590148,1.9213333167394,1.7615985151924485,418.4590424752797,0.5787211992490429,2.397127591029008e-08
4699,-9.718568280022247,-9.854525218477088,4.139929605915222,1.6982869434385688,367.3032907403268,1.6243642965264344,2.397363056243816e-08
4700,-9.844104992192339,-10.146192153718962,3.6253691344098975,0.7237991665260527,145.03312455151882,0.20085179170587164,2.4049835057538204e-08
4701,-9.180679790956791,-11.904342617651334,1.756309277485041,1.5317418812354906,468.95159060209664,0.8793332535773262,2.40894678458212e-08
4702,-9.823264919759698,-10.60901967905772,2.757436793138494,1.08459478181253,467.94949878190204,0.8000352901188261,2.4108464763932234e-08
4703,-9.560832474446448,-7.771091990370122,0.6233471744362251,1.8758360745597438,337.2408576866124,0.18228049129933854,2.4163721770014777e-08
4704,-9.009427887114777,-10.624267704886076,4.634122938995414,5.132696645544308,627.7913806071884,0.4419421231603158,2.429075340824722e-08
4705,-9.694171948450458,-9.938609202482404,1.8924810088108142,1.404183819995825,188.96418000452854,0.33975097178303226,2.4315128147983016e-08
4706,-9.491638818583759,-9.536967441602858,1.4175391642273583,1.1392717937881038,466.25037719817686,0.16611377119079673,2.43443108792953e-08
4707,-9.732317355343609,-10.112087355508814,2.0538712337163587,0.9513472654047733,194.86162193848048,0.06098351951829617,2.4383197602288485e-08
4708,-9.730113857105538,-8.971462708707282,5.161793474260198,1.8409944228231894,442.0581170310602,0.07259840544661067,2.439246970732148e-08
4709,-9.948737485227614,-10.183434961664032,3.340767415107717,0.6674485307675035,184.1249377180747,1.031110230605134,2.443108941982452e-08
4710,-9.349341043287813,-8.916768148860967,0.9691353120020145,2.8984936318309344,484.448140676471,0.8786248913150176,2.4442282288021555e-08
4711,-9.009318859262608,-9.934799634551846,1.0743102631214383,1.5618392339663665,360.3456967701847,0.630910717547362,2.4456322913340735e-08
4712,-9.248578281552245,-11.485678714054853,1.8188255399301616,1.8140041346247902,467.60004083834366,0.6016604681935851,2.45063307020735e-08
4713,-9.421713763135674,-12.82207851833256,2.366789142469221,1.6686148767994713,391.6093813952344,0.5051936833797264,2.4526150226550803e-08
4714,-9.420040258760142,-12.600710948324368,3.291400680515758,0.9517141259625952,468.1331246954858,0.4988366818350016,2.4532626195468978e-08
4715,-9.774191543244077,-10.536043504883445,3.314163026451817,1.1600737534887264,467.352734996502,0.47714422693905156,2.4556193813196824e-08
4716,-9.543924745176009,-11.833352133472546,2.997367095756014,0.8132380800394349,159.55436049940468,0.04938411005067156,2.4582586000350827e-08
4717,-9.521797310942668,-11.995010632614974,3.035751874488525,1.0692405840066825,281.43406636086905,1.487557112302702,2.4624198012137052e-08
4718,-9.3074175303901,-10.307496992570169,4.34964796805744,1.236678667341224,266.97429089657726,0.07073847353508977,2.4706202076267916e-08
4719,-9.226048478532519,-12.927261703900427,1.925508340753903,1.103140891790069,289.0709278947292,1.2196971297224364,2.4718697586102433e-08
4720,-9.308996089090897,-11.358723142831227,1.89476353861939,1.0208735536721143,203.14875303437194,0.4082841871124936,2.4740341001530143e-08
4721,-9.640243646694074,-9.03784908338307,1.2726506122176828,1.0440984787597885,205.89080958891856,0.21713680835582938,2.4761112708693348e-08
4722,-9.422696382715749,-11.514103266729396,3.541899464598179,1.521475290068583,351.1693396555187,0.39600050843586043,2.4764751195968693e-08
4723,-9.416023852535293,-11.78121921457005,2.1957922132334997,0.8427077265308254,212.68088019585235,0.3554734495813854,2.476958390766948e-08
4724,-9.401582829576954,-11.672114062683594,2.1315422917625066,0.9569971106967502,469.7361089960477,0.11207534725494028,2.4776979252288602e-08
4725,-9.968662042230914,-10.188153207100637,3.258780326124984,1.0126288779991293,276.4618774969505,1.124073693788671,2.478065001977124e-08
4726,-9.317234239887535,-5.488511884435921,0.3214264274167481,1.051403635929593,273.5204881187554,0.9587918872332155,2.480629597232135e-08
4727,-9.653921837875352,-10.457030622665926,3.6574923302677025,1.805242279041714,458.3229528263665,0.7054348078092438,2.481915409946981e-08
4728,-8.50456579722272,-12.9959593262712,4.932857034179322,1.7381371671011057,410.7530108757912,0.3991054902163489,2.4855210053021368e-08
4729,-9.468074267547378,-12.937696709798736,2.9979676805459086,0.7250082117822173,215.88251603160353,1.2988128264419005,2.485712439727173e-08
4730,-9.165061631671621,-11.241374159538505,1.6405143864806222,2.5179635270115495,457.7721470187031,1.7563725481761265,2.4860497935596438e-08
4731,-7.862627340100101,-12.911615789905612,0.17866327057183817,1.2983064589651545,289.69023922861123,0.05553819784795877,2.486471982921964e-08
4732,-9.391833922789825,-10.947042571308394,3.842032554051014,1.201714876776574,331.5034053651064,0.9064638297232621,2.488161600167603e-08
4733,-9.847042016322787,-10.237837726161953,3.481110932799725,1.8696737167288102,467.83220830971874,0.48321035427040293,2.4889017191287665e-08
4734,-9.308216916542873,-10.338598662744914,1.5956222079257767,1.5311131204363757,348.27402738340805,0.5594348458074334,2.49249016708864e-08
4735,-9.585008794440208,-11.255824679707239,2.4790368750071727,0.7327341814624655,467.5161622801543,0.27862472237491254,2.5012446762513382e-08
4736,-9.815741785652735,-8.936910531251623,5.109269994352381,1.2581795167122918,315.18968068699047,0.3332005034414145,2.501986248231785e-08
4737,-9.299349408793457,-9.81310283061108,1.3460814793674312,1.7662863160756956,417.2745157855389,0.4095943276211296,2.5091909086909876e-08
4738,-9.197457699858408,-10.458975577601144,4.417576443704519,1.4036773029075633,337.61853949811683,0.4130172732762274,2.510987338989727e-08
4739,-8.34859107858264,-12.743974458074925,5.16671312482844,2.484684098798205,435.93603942158353,0.42675242586572537,2.5113496362451394e-08
4740,-9.556808292520165,-11.519800159897452,3.117994820204615,1.645971361081727,469.3355928774902,0.21968690210736863,2.5137021544998937e-08
4741,-9.565840855630466,-11.622167500554347,2.956086366336701,0.7809533073576302,468.07197325894145,0.2585778853014915,2.5180940002059957e-08
4742,-8.778921649125575,-10.476801967009273,5.042075707759324,1.2871170158266743,284.38428586831515,0.06110168368351587,2.5206461902119516e-08
4743,-9.501815933587027,-9.242611088871115,1.2668223292072744,0.8597849989570924,170.50450649001925,0.7722242959820758,2.5212440733281507e-08
4744,-9.494430322624003,-11.072889963219485,3.5589073002794005,0.8587020284573978,133.66534754233803,0.30354930371643896,2.526613565242591e-08
4745,-9.079607165295501,-12.11504405715718,4.080973248633679,0.8196146758023697,469.0481146823192,0.0789246891078319,2.5300810500188002e-08
4746,-9.198265274715057,-10.57227747228388,4.349963089571342,1.6420237501419837,381.54833114196833,0.10126816214970447,2.5304513540448556e-08
4747,-9.441933865023312,-10.768528565074124,3.834148497698446,0.8751994576206708,468.43953071228657,0.8508596084984381,2.5315075394622548e-08
4748,-9.663768319224461,-9.089112869710291,1.3221064820125805,1.7482950670646273,467.54825595535436,0.019796888883023556,2.5347848998567444e-08
4749,-9.440195080682178,-8.80112302303368,1.00966386461873,1.7165732974898928,405.973912603734,0.006742558031474388,2.5410051692385116e-08
4750,-9.371933078601979,-9.084673541246715,1.0890325063404203,1.3930182622504,325.21443380133076,0.6955059171182851,2.544425418581382e-08
4751,-9.473554720450858,-12.033670071897026,2.4271978739689746,5.131274293438582,255.81656772934085,0.2985909737443313,2.5515163596278918e-08
4752,-9.503585109955836,-11.224752007910576,3.452421434415402,1.0406904071461942,260.1570774280538,0.30396650972716976,2.552585012103151e-08
4753,-9.757772253456174,-10.603537710054818,2.518165248805234,0.9424666298943697,467.60791102085585,0.3012190567677324,2.5529952288623756e-08
4754,-9.044187071495596,-12.741250642344244,1.6028611677073414,1.431217588626952,316.38063155824034,0.8176936938006607,2.554586058094223e-08
4755,-9.448640647162803,-12.763077616688513,2.491110305225387,1.3847924732847883,307.1553607353119,0.534512138050732,2.556187967649557e-08
4756,-9.142410744031855,-10.970484078214604,4.253353805446779,1.7846258427839479,453.11347928104345,0.8281946291506523,2.5622401062712997e-08
4757,-9.912991516797463,-10.154044305711984,2.411983502598063,1.6393465588015774,353.7734884061487,0.8412897445554695,2.568647666527112e-08
4758,-9.214802309807114,-12.836729647337584,3.7422572497686795,1.1779707693118626,246.96902163434825,0.7446927474953222,2.5741577401083475e-08
4759,-9.813324170818252,-10.587596738791738,2.8528576050485697,1.1040976258559325,284.83546211078226,1.5269322791408877,2.575377750516742e-08
4760,-8.448052345960601,-12.71205288836036,5.022182810422774,0.8069396002366612,187.44646813797493,1.1418230003115566,2.5763046758445654e-08
4761,-9.355038666725005,-11.196061245871693,3.7856705795837473,1.1521427446980728,467.1691339128812,0.48677732510311156,2.5764534194357185e-08
4762,-8.809276298029177,-12.322635551147023,4.50286515690512,1.1920676104942087,259.5905445615927,0.45599990617110375,2.583555286699681e-08
4763,-9.571796264544405,-11.414005504419253,3.0882698487200266,0.8821283745148403,238.73060025802354,1.1784687518448616,2.5865240895385225e-08
4764,-8.593873872304894,-11.034440722177006,0.6061217096207074,0.6545306403765615,467.0949086505047,0.43476593749480585,2.587758224801515e-08
4765,-8.680479292443515,-12.482573753334085,1.0850620889344873,1.0489585360247213,258.09932955662015,0.1280672444050115,2.590886103237255e-08
4766,-8.374354125157508,-12.510631702213892,5.139222166537195,0.7366172243174874,217.49626397255358,1.2200462316900103,2.5930710497170064e-08
4767,-9.497245053658954,-11.44258384450084,3.3520791395469014,0.9748279803687083,201.58876350279198,0.294365499253165,2.597922419792665e-08
4768,-8.851058521913492,-12.486864389310893,4.416197708095059,1.463882650652376,335.9579487406712,0.4567033766415296,2.603839897675144e-08
4769,-9.087989901177245,-12.472493920653829,4.013477947858816,1.7314173971331335,467.6385047719799,0.6958307445215359,2.606413066444373e-08
4770,-9.327297312656507,-11.748564659545087,2.023006614276769,0.9466445292512471,249.18890798220139,0.8867266678991435,2.607131764491393e-08
4771,-9.44788819146613,-12.846644088041382,3.06278285557785,0.9970962129218238,219.5087593384155,0.0629221474346382,2.610595537886606e-08
4772,-8.438943910555748,-9.464242056020288,0.2825213118474164,0.8976619269528373,187.96994669036377,0.7854428746942821,2.6143142574011597e-08
4773,-9.340660664028098,-10.818269733668078,1.8271488744313278,2.140516301008486,416.7243518158083,1.3834774991341021,2.6149422234645974e-08
4774,-8.607707934811769,-10.957569115927141,5.079622533296849,0.9400404927838596,210.07360335246162,0.20733552086174178,2.617686726274419e-08
4775,-9.446476778079834,-10.102555246574212,4.27246008302769,1.8166896527311085,470.4816526665098,0.2262650849268253,2.6259880074151835e-08
4776,-9.30698948644425,-9.929967608268187,1.4212401006932378,1.0396853991159245,246.23439538532094,0.7264780817403809,2.633119618158879e-08
4777,-9.230647966763113,-11.37299033991957,3.948741454587593,0.8272919525197726,467.9459089266292,0.5202158461110296,2.63735818882118e-08
4778,-9.50980174473824,-11.874845279172177,2.543557315192224,1.4548741650972834,468.5016265155282,0.637321786113163,2.6397719466704912e-08
4779,-9.43531381034181,-11.660213098031214,3.4197015158843405,1.754833148373897,415.2840953255083,0.10153886891849329,2.6407683932630122e-08
4780,-8.999108912598151,-11.039802928022155,4.445791542424678,1.5471805681069493,348.57796777454183,0.3626427028448962,2.6590213564703297e-08
4781,-8.733648838419244,-11.518938992922099,4.735191210888311,3.2583812488813604,502.686091136964,0.44677770033264075,2.6599010615775217e-08
4782,-9.336066372087325,-11.531870014540322,3.691703039058052,0.8017066316886443,469.8433218327229,0.08640915266694993,2.6611308103277283e-08
4783,-8.54102745167882,-12.315817750768062,0.7321427804361769,3.0986896312809726,309.5198244136802,0.12734797987946322,2.6657365976745686e-08
4784,-9.135334639883787,-11.227957848586856,1.6054492015987603,1.8813599731127852,469.1505759218079,0.0390954792453444,2.6661979836001495e-08
4785,-9.640694399822813,-10.380710256762157,2.1103507825685774,2.502372128182604,450.146761989284,1.0313312747392942,2.6663554003633593e-08
4786,-8.841856389633241,-12.390540257533898,4.433157167755804,0.6751155121209238,144.84750605060117,0.9053091214433513,2.6735913317040155e-08
4787,-9.88583636248908,-10.38481670780049,2.759786000988117,1.7594210903637677,414.87734377019353,0.5913000731876119,2.6751823732184994e-08
4788,-9.990838815363606,-10.147403298088657,2.634072230883617,0.814296061297054,209.59068314857714,0.8584707043210766,2.6841194543353293e-08
4789,-9.43259626949397,-12.817312243401716,2.4843242254495506,1.7725656903703972,418.3977151858115,0.6167930253946068,2.6902469609238766e-08
4790,-8.727016003625355,-12.69740246123709,4.588715609011407,1.8218454346095336,467.7864871420982,0.26933243866202616,2.6906408469106322e-08
4791,-8.871029631257548,-10.099695698365588,0.9452525366009572,1.8203032564725563,468.1741111055247,0.571926983888531,2.6912898771838763e-08
4792,-9.467866036782082,-12.506048970032985,2.6061350219554558,0.6081426264215646,164.18606981026716,1.1882468308750633,2.6935700802432878e-08
4793,-9.624597719300457,-10.302064849728378,3.8052973212140566,0.8650461252228618,173.83544245208503,0.7756341631924704,2.6955205681434824e-08
4794,-9.195272577971021,-12.022747460620286,3.8591254833962463,1.3825635632107507,302.14861657779284,1.0063761604120165,2.6985008385858083e-08
4795,-9.367935467740825,-10.650023186582935,4.002775831730306,0.8945834486932136,185.83752920771582,0.4586508389092794,2.7015542255359742e-08
4796,-9.730726141989543,-10.577129797527654,3.3045726601894803,1.0922956870487028,468.3221688988445,0.506612433923519,2.7046227424445026e-08
4797,-8.825056790590873,-11.553090287325329,1.1996220536538045,1.8687897949283598,469.89548129450554,0.07018780293737858,2.7063122911505497e-08
4798,-8.632306284291344,-11.717611579115685,4.842992772235696,0.7610774334947097,153.35906284624517,0.14658125367303843,2.7091582771563147e-08
4799,-8.602775987031169,-11.88112530963247,4.861887095131896,0.6978236363181304,137.45103964663352,0.15322902378735748,2.7122803885941526e-08
4800,-8.409910780076777,-11.681667707956969,5.174353317697256,0.8937273404363464,249.04073004340694,0.6797391924369647,2.7165726175452094e-08
4801,-8.847849933293684,-10.6749218765691,1.1023474753663498,2.574010026527811,458.44014911235405,1.1190416744818776,2.71785600041312e-08
4802,-9.888288522167183,-10.173045404438625,3.4119646562065093,0.8547201427327625,237.7705001178914,0.9521708785703016,2.7233265868233952e-08
4803,-9.416118506485486,-12.21861688420605,3.2956741215821097,1.4998066733812265,339.395232811635,1.0191386138795915,2.728421152475815e-08
4804,-9.772458223134189,-8.89225998402815,5.184192687005852,1.0029724104917803,263.9660532391481,1.6473483655479724,2.7315143903517977e-08
4805,-9.945281546699634,-9.904649440688623,3.6723878059538086,1.3663042518935151,468.8922588948121,0.853615004823264,2.7345859946657326e-08
4806,-7.204213078529957,-9.225308635910423,0.004768677525413236,0.5559576598279261,122.34693410574393,1.134211302368012,2.736994603357194e-08
4807,-9.87525717455741,-10.140711675242162,3.478954385278869,0.9097151585615788,467.23010974723746,0.6053459442219316,2.7410186319711883e-08
4808,-9.125425265777272,-11.680206319783476,1.6685165218019125,1.7664672501339789,418.97702783939144,0.3763945497925443,2.743118846757264e-08
4809,-9.163613949227173,-9.798196437632086,4.924576400329589,1.7232305166908923,408.16809613713355,0.6305313885922894,2.743350385104876e-08
4810,-9.577602823120571,-10.88980660864782,2.3073201224688678,1.006361277995536,268.4945261425886,1.3317497259205142,2.7484397612650057e-08
4811,-8.387782956765488,-12.01447103596934,5.154482476805345,1.1349657276696015,144.61157270739025,0.27635084096769,2.7501007287201656e-08
4812,-7.950530265640391,-11.197425281390128,0.19530444891937704,0.7438119191597707,291.42186509111457,0.34075828599820923,2.7548953009248818e-08
4813,-9.041756095437801,-12.86676767287838,4.041391452236303,0.6641728240297435,467.5711670560589,0.41954460609587585,2.756939756443578e-08
4814,-9.275745570305231,-11.238347117059092,1.8455174885632077,1.6224507991073092,377.76097155855643,0.8649163313879971,2.7573719618235255e-08
4815,-9.480392534126318,-12.337817491964424,2.69972806693707,1.1063868644301245,240.69663877851139,0.5805418796977122,2.7588220786481962e-08
4816,-9.084602111662862,-9.453493635170293,0.9467398558478107,2.261046741904057,418.33516622099904,0.610974390065592,2.762112696358262e-08
4817,-9.234868083472113,-12.753763930590432,1.9738842669398289,1.656879233129447,467.93391084248583,0.789446093417129,2.7624314899799527e-08
4818,-8.796711788001774,-12.73195028316833,1.23163685586765,0.8667475416888809,469.47876201841206,0.0017844300777207778,2.7646752777365377e-08
4819,-9.30219635265771,-12.955715086848825,2.119406992768065,0.7550582521508131,130.9736231651428,0.11443278256220601,2.7871177661850755e-08
4820,-9.209277336708396,-9.972897946380984,4.706812221233006,0.8602685605473291,242.00781106938638,1.3474485251761745,2.793915381042454e-08
4821,-9.31683818323731,-11.239519493772963,3.8069394362237476,1.072025716119713,286.98313106126506,1.6651515478969863,2.7962499496150227e-08
4822,-9.437202678849978,-6.106166166782878,0.39484426820426577,1.7937202573046218,368.8269552906693,0.8958084969640039,2.804098072335801e-08
4823,-9.06837897864828,-10.448555868475076,4.586568069066994,0.8584180790247296,243.03338104311138,1.147064275156839,2.8145057626565187e-08
4824,-9.557411912138361,-11.13691462346765,2.4175997540927647,0.7177260965795966,215.6557172714911,1.0026921007328964,2.817147691766283e-08
4825,-9.737517139666284,-10.50520525607517,3.335251414828038,1.116072798548064,467.6922481787998,0.07683203126131488,2.817156473305246e-08
4826,-9.59741148294126,-11.275416179194298,2.7681521252695895,6.295343815505682,678.0783689266566,0.34785417590983325,2.8190209916676297e-08
4827,-9.650104895894854,-11.039757799540764,2.8809953978816303,0.9406614719022391,456.5637093152044,0.5518331899041664,2.8202672754363267e-08
4828,-8.84679702041271,-11.095718113063574,4.6509478727676985,1.100910403646356,351.99695556602717,0.4553182576395729,2.8233364432958557e-08
4829,-9.09067301473885,-11.692960068210702,4.09150545689452,1.1011862112064181,393.78794317784474,0.6335345509325778,2.826724350016556e-08
4830,-9.278124618168162,-8.84360723793818,0.787323663994732,2.2424112361119497,431.7292331292863,1.9671168054278914,2.8335649974984193e-08
4831,-9.920829386553647,-6.743805409951557,0.7954390371651038,1.393876124177918,314.3707593321733,0.7420094572653957,2.8381334497139232e-08
4832,-9.192027948879456,-11.2375655524598,4.03266641783868,1.5545829921597913,468.754142842064,0.6084955111110579,2.84090407563122e-08
4833,-9.836860416328891,-10.281555101256835,3.3497202026274473,1.898055346890845,468.3250062614579,0.32656830362407785,2.8423253816393003e-08
4834,-9.695739481454844,-9.452507984653325,4.551000987976397,1.8310587459008536,438.25469467616773,0.23836769899523702,2.8480291795310546e-08
4835,-9.271168755506437,-9.525583075288143,1.2033267498546303,1.318110543973193,301.0329162715231,0.14382497377337788,2.8498759271029538e-08
4836,-9.293070476581631,-10.862715828752092,1.7860242957656658,0.756703107605683,469.4225345523085,0.23767392337463633,2.852772331541502e-08
4837,-9.321947444144822,-12.606280211435484,2.1670193665014352,0.919912357620912,261.636928408787,1.7151405338661236,2.8694309591351914e-08
4838,-9.623293006609044,-9.229607315144182,4.906866270290191,1.2406493661967324,310.9614505060307,0.599039014649752,2.8715155013483e-08
4839,-9.565010471700363,-6.680880302126817,0.49576038761693714,3.2307517595155,508.6637316076792,0.6289347119305422,2.8787533157818063e-08
4840,-9.542171237031702,-11.589245236788535,2.797614634708921,1.079658776444635,467.1218188289058,0.06565160905099976,2.879035733117735e-08
4841,-8.750279983853385,-11.847163838853906,4.6226993095449735,1.1880313111061507,256.0706657111976,0.07285518774771393,2.8846998427709802e-08
4842,-9.608232986194055,-7.2691555447056855,0.578971418234755,9.041434468768573,542.0392323956497,0.038621149448391456,2.8883608989405567e-08
4843,-9.671917608926845,-10.463912347925028,2.2641691156852235,1.021108657255109,270.24844064677916,0.47857373617035126,2.893119900188174e-08
4844,-9.074442825457796,-10.830496347208527,4.377650683973606,1.005962255797662,202.61379128952507,0.8503157754886121,2.8957970956795143e-08
4845,-9.072294188866113,-10.284219515794721,4.67239975964421,1.5244604511013613,468.56457683439965,0.33320095091422886,2.8967464331159753e-08
4846,-9.338901143904002,-11.419668965412693,3.676909709948378,1.865722293595145,447.90034793380784,0.24245727524239946,2.8980046803428942e-08
4847,-9.56226173258246,-11.283679402280779,3.1010379743024057,1.0243506586488742,276.75250358424137,1.0668261392370129,2.8980357731547092e-08
4848,-9.625584074768398,-9.298666160600902,1.4389932381917534,1.0524424991012356,285.2955330864466,1.1696086372620416,2.8994419791127985e-08
4849,-8.791385010290286,-11.905813500559855,4.547245597904133,0.8703173912503213,225.999683390212,0.7838405439907667,2.9028175278731242e-08
4850,-9.496244589058358,-11.803914411472022,2.5654597233492136,0.6317189786649385,193.30350831346465,1.37861510364701,2.9052868177875787e-08
4851,-9.521345534489841,-11.558433731596262,2.571844235838022,1.1003024230447762,467.99470567900477,0.36568449191960806,2.9184532867571917e-08
4852,-9.266424774814665,-12.58244564548502,2.0390277911143295,1.0045319575369276,262.5059837615263,1.3175476709414875,2.924465196920761e-08
4853,-8.833827192323431,-10.851161955428259,4.74517727756947,2.1831232271014387,405.701861228951,0.6261390282079065,2.92456948719478e-08
4854,-8.446512837532419,-12.562156805534427,4.997037875620904,1.0917539343990263,468.3360057158214,0.5834225940834967,2.9275405732633388e-08
4855,-9.607601412240664,-10.77518764939984,2.34247091316414,1.7392199415332643,411.1288974173511,0.17305781205186843,2.933458976646169e-08
4856,-9.787057020513927,-10.535831903513593,3.0234381025204184,3.6840574494933764,539.7222331713613,0.5725128353666049,2.9399145510708802e-08
4857,-9.089283738939347,-11.64088763234202,1.6182284835123042,4.592093133438339,366.44461663250587,0.11352319304798009,2.9420049485370244e-08
4858,-9.453006966413449,-12.51449456034615,2.6736864959691755,1.5156614991772146,342.31241330077006,0.6094520092437419,2.9451330665964262e-08
4859,-9.409762617085569,-10.486224512360607,1.8419486097092688,0.9889459992739671,238.91353978432872,1.0012249639497552,2.945789571569161e-08
4860,-9.500088151295465,-11.903651428144315,2.8416932558131527,3.7412037746315288,210.21647991059805,0.3620165282497485,2.9577188641738417e-08
4861,-9.36042549096257,-9.725394338602205,1.4027661959762359,1.323823734128443,307.4422044912095,0.929803176174782,2.9584301070263043e-08
4862,-9.049680251489397,-9.486525650317548,0.9009129373536943,0.544272638546394,146.7933616864543,0.6541509953567326,2.9731023787924276e-08
4863,-9.081136956657911,-12.855561544822267,3.9411185987993487,0.5617072484133137,115.75559533367911,0.20797851753904162,2.9745858934476375e-08
4864,-9.30612606575434,-12.783417560337481,2.1622215973928327,1.8050022065822255,430.20533664070905,0.31893266198393455,2.98609884408059e-08
4865,-9.776786020112931,-10.530948138655823,3.062334987578413,0.9213869373742598,255.6694136646497,1.4458916682007281,2.9881414820567516e-08
4866,-9.220256967255704,-12.503801653361462,3.6875139709436104,1.0609158906650225,262.05100706098375,0.9637108759276689,2.989371829563917e-08
4867,-8.446824908774817,-11.521933876767097,0.47360663782880874,1.0682824764770102,238.36492159847748,0.2970078031172365,2.992781342139116e-08
4868,-9.28200402201266,-12.177684435126507,3.5961520136146645,2.324397839269367,363.35340530919075,0.07356795904381119,2.995024440244571e-08
4869,-8.951478065766844,-10.174199559373074,1.1080440890091248,1.1829438647386656,294.62447163358627,0.5879434828661401,2.9963382315295995e-08
4870,-9.87892390317914,-10.123393675968245,3.428074916845439,0.6527823523060836,184.13868767667842,0.7244355949147936,3.000614830720861e-08
4871,-9.21245884712586,-12.980730106596141,3.658392444171298,2.310718728999267,437.16534995201533,1.7090413770389583,3.005837527491446e-08
4872,-9.44512289151436,-11.881525415349394,3.2008533170980407,1.0111032946976126,249.43278840572853,0.9162783799833898,3.009416683441518e-08
4873,-9.23516524069519,-12.546979884879322,1.9804549061930663,1.4313576573716285,336.5223673482865,0.7854762708434526,3.016126774126593e-08
4874,-9.477647218454624,-11.892598622417053,2.5771192218631738,1.3027351975949124,319.37215662129415,0.5229260086352614,3.017287732510448e-08
4875,-9.557578388676228,-10.530657252419251,2.1054281498011593,1.8548242287912744,450.5640802670387,0.03189030546311056,3.01801348332834e-08
4876,-9.174472438034627,-12.820787668328036,3.750738243847714,1.261892366967334,468.1674002865481,0.683441808349925,3.0254266856814927e-08
4877,-9.149255309037475,-11.10267370330331,4.127343085023112,1.1738620807141857,239.7299983494859,0.19711660053997804,3.030933131491081e-08
4878,-9.821587944149545,-7.221007741363149,0.7679435437909979,0.9416527917220192,256.12072518072154,1.2549093233016988,3.0320952692313024e-08
4879,-9.130305982839465,-12.51050212739891,1.782142024073452,1.3555046554965755,307.4683011901982,0.31115119138205216,3.034598089524222e-08
4880,-8.530357970725689,-11.003375927188424,5.134255933354424,1.3681400280586238,311.3677642306685,0.11172503486471275,3.043537896641317e-08
4881,-9.531845046067886,-10.372991750028632,3.8522344440417604,2.5167946951309474,442.05021049450846,0.6397846567872705,3.043727481973057e-08
4882,-8.957018173533761,-12.747938911927045,1.492990053609754,1.7981705444507594,468.1361424997025,0.33633159881799646,3.048177497978339e-08
4883,-9.394382584840312,-9.762984853762955,4.593884293217459,1.7270474993918514,407.38443241730573,0.5470420140516064,3.059872131627773e-08
4884,-9.11510648089202,-5.509309686468503,0.2515866893490694,1.5590832916583421,367.20002610139096,0.36573048202341063,3.064342689522264e-08
4885,-9.419376611176249,-9.339711780644585,1.2642908165379805,1.7895284591628773,423.6060168600135,0.5410286665978878,3.070550478139704e-08
4886,-9.2027625843437,-12.298306741566964,3.741986626433222,1.239463771220298,468.55262784019175,0.32228368925581297,3.071992275142388e-08
4887,-9.311688378818996,-11.2381425880699,3.7660737483452045,5.816306871661548,510.079827465252,0.017520665052699336,3.081251315338194e-08
4888,-9.860184936085236,-10.347567764305072,3.012716914056051,1.863590160790928,448.20728946881485,0.3508159865988887,3.0817359675228496e-08
4889,-9.17712613736594,-9.82398788706948,4.846602890507966,3.4472486273446608,373.96242303091907,0.04243766307755248,3.0844916384191635e-08
4890,-9.468954555158017,-11.19807965552352,2.253422429356172,1.0793623243210566,453.8130059337215,0.5882150926387775,3.08643404968716e-08
4891,-9.151718531528596,-7.966445576536597,0.40194689157761887,0.6561228458422113,191.20829172611172,0.9285320628602287,3.0917477878320354e-08
4892,-9.397653635387824,-12.926935869824884,2.484077721286537,0.8659340968989743,467.1700063137212,0.3126744928627847,3.0919014801000914e-08
4893,-8.974734063509409,-10.958689967830145,4.4628615851233615,0.6615206163533222,184.8880261016902,0.8492086201391897,3.096469336741556e-08
4894,-8.187613925124703,-12.732238918949161,0.3152258293521099,1.4875447975107159,332.65392902113746,0.9645927695045673,3.0969504409860085e-08
4895,-8.392554921461882,-12.06527533054403,5.108802648843219,2.7437312152406816,224.79852595568266,0.3697766100865625,3.0991394926202155e-08
4896,-9.527785773756062,-11.532448886166005,2.710532803571064,0.7284115376870991,164.2809183347864,0.31605342832978955,3.1025511096542005e-08
4897,-9.756470809328071,-9.947461003324193,3.867467268373745,1.0011548731639215,274.4694892079924,1.3949908380007683,3.1055206224152e-08
4898,-9.524528708091953,-11.53451346000806,2.9523645830348366,1.9235471197944307,392.60510035940626,1.3874755335858096,3.1079558553597e-08
4899,-9.717818702563976,-10.70171205366687,2.9061327661592435,1.7347201130491987,409.039219163163,0.5649119438780197,3.1083983468246073e-08
4900,-8.724334883707629,-8.859706538358807,0.3350816214084494,1.825314512536225,468.35942894848444,0.5210702927873099,3.110068308471982e-08
4901,-9.894339024944905,-9.954369395018345,2.261605055193898,1.4591269414594192,326.6328497412575,0.016627768527068376,3.117965355049381e-08
4902,-8.725217184341371,-11.914142818718693,4.627769780474841,1.811016749514175,467.25040552958535,0.17117574650052614,3.120482902665368e-08
4903,-9.432983964334204,-12.394537783020555,2.5759552374941177,0.7391850631223948,467.80488133414974,0.3355881291435052,3.125294006030605e-08
4904,-7.288217585044702,-11.639721700676546,0.07423330791130815,1.2514245179318835,298.4445853961563,1.1251265124119554,3.129104551202879e-08
4905,-9.506697720196076,-10.320190365756716,1.9321756175509681,2.2543311754158903,338.9030846378798,0.09148702198710357,3.1305598862243184e-08
4906,-8.981642922197807,-10.665501903488314,1.2720420882361665,0.9153309418866975,467.77169205272924,0.7831376999560629,3.133055205705646e-08
4907,-9.98446743171358,-10.104816954546322,2.7309350049561822,0.9574455764431857,468.0756027770157,0.7170199117496612,3.138300690581227e-08
4908,-9.190814281067237,-11.904884870341338,3.8197808211931963,1.8433642506615664,442.2240729291733,0.5403269379820754,3.1385467086909114e-08
4909,-9.82199581801408,-9.63277018786523,1.8959790801574894,0.9218232048120226,261.37753432923824,1.1104042950603112,3.138665736315353e-08
4910,-9.706742372429805,-10.298684812925616,2.248108904022995,1.4447565764201162,319.38929421344415,0.2694226384246763,3.139786881422893e-08
4911,-8.845366270431414,-10.31250504447706,4.968550783593408,1.2558611045249786,286.867838302033,0.420328396079924,3.147367379317884e-08
4912,-9.990330863792666,-8.691120557638076,1.3466434460916286,0.635192804609151,187.13735292713702,0.6777802738853422,3.1660163084953146e-08
4913,-9.976543527740176,-10.110720710003989,3.0762706805168,0.9141925361766827,217.48444927939187,0.24081703453430592,3.168453494037042e-08
4914,-8.6918990216928,-11.293174681830363,1.0212884657914465,1.7984453557800106,428.3752793058395,0.2709932666282837,3.172128393255648e-08
4915,-8.822507789203708,-11.938158331364631,1.2421722373090438,2.5463031325242356,460.1546841609995,1.60451710628326,3.1838557025458885e-08
4916,-9.33966113802436,-12.016750028246065,3.4518963624415364,0.9889516035076186,468.0220384812681,0.02753198504782528,3.184199594787964e-08
4917,-9.451309438807755,-11.192574771308916,2.230222759721727,0.7103273270534546,200.3528491605824,0.6013683275729642,3.186227331170054e-08
4918,-9.428411528229693,-12.694559419744792,2.8550780963739646,0.8279080651990879,199.53092213971374,0.3741159679652153,3.186621588791239e-08
4919,-8.508356320501285,-11.16383933880767,5.105281186827575,0.8378160078563254,218.8553760546303,1.1666144506291944,3.186921500310518e-08
4920,-9.111319709785995,-11.911357385363173,3.9642873354174735,0.6528264298328934,141.27261217828286,0.07195881755696476,3.1929394730152705e-08
4921,-9.286772372388926,-12.800651230893786,2.138895315921754,1.0694682423955257,216.5887595691255,0.15514936350477537,3.1973918438630366e-08
4922,-8.80012179427493,-12.983332881236537,4.398157849064162,0.5387351323929916,171.20104422190803,0.6710826107550112,3.1976943772651544e-08
4923,-9.588478861353185,-9.086439164926809,1.2847720468264048,0.7814910794988091,172.05015509324286,0.2951536467999203,3.2224223012371015e-08
4924,-8.761894998987183,-12.27416654972569,4.514010326120713,1.1334101857681869,253.2641011655615,0.0721489203278951,3.223173824788832e-08
4925,-8.614538453073944,-10.859177950262248,0.6322283942632033,2.7224598323019396,281.7836602381065,0.4981297629426553,3.2262269884606857e-08
4926,-9.850749078301133,-9.68839492209902,4.013034799830833,1.5530456489839324,467.86538204108416,0.22849689584095056,3.229401453530572e-08
4927,-9.72900544742221,-9.694604107706912,4.174868857879192,1.6037765593236832,347.6606770973388,0.9015042272952298,3.2398425152775465e-08
4928,-8.982864450725284,-9.817898212843032,1.0167550514370336,1.0149076921225062,468.2236637706804,0.7722414235901356,3.246276299473239e-08
4929,-8.56564723388257,-12.806663559223681,4.776125198964544,13.833120904166828,817.370034665356,0.2589410406906092,3.2463972624858643e-08
4930,-9.565260589414647,-10.597575107444882,3.5640354496474766,1.769725190536295,420.1122228643162,0.38325393931447405,3.247715304396094e-08
4931,-9.559020210570653,-9.55981951267583,4.554885200694893,3.0621231073427135,505.54139639613544,1.8184074640645278,3.250961600627311e-08
4932,-9.493110575765689,-11.706395306037939,2.694119646839525,0.8880559327552615,459.4430909189006,0.3412472647825231,3.254111456076466e-08
4933,-9.571945110663478,-7.443416130674294,0.5799742838219738,1.337407478045876,300.8910288799935,0.7440254394591896,3.2570833438058306e-08
4934,-9.393035096911468,-12.89305338281213,3.0669096553087143,0.6055547103074606,168.04173179933383,0.4919780213823399,3.2602979997348844e-08
4935,-7.671543496557742,-12.630501526238714,0.14470676593736573,0.9867133492361969,269.10422039758134,1.3402401046031303,3.2627695142395706e-08
4936,-9.453202324489894,-11.754740142007956,3.146292368915092,1.1471313169284756,467.7129635229714,0.11038323462326094,3.271176962149978e-08
4937,-9.62940514622106,-10.849960844665022,3.1023026344964157,1.1334692653140646,467.5670344572937,0.5678432943429987,3.2893370226477705e-08
4938,-8.998922913934576,-11.92063529742623,4.156427073299305,1.1411696578329453,295.75683571949486,1.4719952519377832,3.290065834177094e-08
4939,-9.039083916265021,-10.707968385063577,4.443306308751439,0.8161605290318927,228.01970248940466,0.16633732721347005,3.296023600971775e-08
4940,-9.641324418073653,-10.80283892830171,2.588273148636236,1.304635998326327,417.44726569865344,0.277359152955321,3.2971433899100374e-08
4941,-9.339267289805894,-11.413071351828492,3.6083603880304063,1.4211310835178717,331.60169471909256,0.4726696544419564,3.3081988237666256e-08
4942,-7.492302028814022,-12.239136835376634,0.1211504207567338,1.888388517217543,458.92537174614614,0.5090147814641606,3.3112672736365566e-08
4943,-9.446199501613034,-10.419690540390356,3.928502913772535,0.8990196666182272,237.23764499697106,1.2880713262862935,3.3120854377663684e-08
4944,-9.271664314490113,-9.68329153715652,4.816787716898882,0.8637127777394948,467.55754428268625,0.4282563819827896,3.3159729541562026e-08
4945,-9.087823054700868,-11.587882183909937,1.6371072243689704,1.5424182644443338,348.28731456265507,0.3435884477872557,3.317506227567782e-08
4946,-9.254264390086052,-12.876908369844863,3.5185110435225213,0.9898909417351917,467.75492807061755,0.5640865947549072,3.322042987992113e-08
4947,-9.0704160301866,-9.915501552158462,4.897288984610517,0.9661676691819145,252.82733551548344,0.9154035022189193,3.325416466080958e-08
4948,-9.017606254458807,-12.918343537846146,4.009019386969045,5.931610197726662,667.1721029763929,0.5515971501544144,3.330886288306091e-08
4949,-9.737755448879994,-10.454417705536553,3.234655121915859,1.3909718791266892,314.97270429510854,0.990603692799743,3.335885527733987e-08
4950,-9.309775953705858,-10.728867451110423,1.8154716762040024,0.7770844686204368,418.96769380465884,0.2048893346451477,3.339755354825217e-08
4951,-8.492942150486707,-11.49764536980231,5.0347832382509905,1.0454797118189765,184.24342915810522,0.061682996044677196,3.341940485708478e-08
4952,-9.769499504509255,-10.260149994984593,3.41579816287425,1.1131190505735917,229.8963103560243,0.5421146085217616,3.343296002599887e-08
4953,-8.72343985107392,-10.437263472738739,0.7428326006690779,1.731725814733213,410.4694238476884,0.24950944284211918,3.350301723966847e-08
4954,-9.89078656365885,-10.240443660795155,2.9908353714777416,0.8685410812795329,468.0120392574121,0.37355915023121167,3.350459834006939e-08
4955,-9.13687372467474,-12.016851791372872,1.778662119919332,3.201479582754444,273.339026164964,0.1716800923992965,3.3541307625832104e-08
4956,-8.516751032381661,-12.746864396735843,0.7426281450729194,0.7695611418830859,212.0168173383863,0.5199022653427443,3.355854727400224e-08
4957,-9.547540302505087,-10.97777294933585,3.275495819183503,0.8963188539434949,191.87133417101188,1.138805211888826,3.362450824964403e-08
4958,-9.488863033501097,-11.678905068461004,2.9305690682921233,1.1151295067292804,279.585154711364,1.311329701154011,3.3636951235771005e-08
4959,-8.518729091757484,-9.303464617400437,0.30546874292067144,0.47222257542543666,113.77245834783729,0.5363201972764289,3.3654591678305e-08
4960,-9.479076466178855,-10.119903671642314,1.8060121494485428,2.5350947586808306,461.36711284348104,2.457733811986661,3.369799606885032e-08
4961,-8.776926738336625,-6.053628545773461,0.18304075729249925,1.4229213597914152,314.6394025994129,0.0561050697198473,3.372357183738934e-08
4962,-9.80419076431231,-10.010906117001303,3.664232957136519,0.6943850084207167,175.9889174666138,0.09176876517660038,3.375670140087121e-08
4963,-9.30686951853956,-10.108112050671533,1.5548290128126052,1.5822267366564842,236.7138723948385,0.08145819749065897,3.377504368274088e-08
4964,-9.470962381568816,-10.625800862502603,3.718976588540121,0.7748993350192431,200.96829492626455,0.9868954231564588,3.3811067519302786e-08
4965,-8.671342148979468,-10.017166186642932,0.49917923567962413,1.6443611371782407,384.274581297867,0.12243636025280047,3.3879058327044246e-08
4966,-9.357319743488764,-12.525972112236117,2.3362602001678736,1.387934137067182,333.7094308713844,0.3136096424766075,3.389112977562262e-08
4967,-9.084719689074417,-12.49413512111115,3.9118385747383555,1.77613898549631,372.6834873527497,1.21021466127186,3.39605959386315e-08
4968,-9.617026084463829,-10.893982824479757,3.0529697031523306,1.7520714670638784,415.51343468710286,0.19261724331323204,3.397148229674943e-08
4969,-9.250858548707548,-12.363348283328477,3.570626260598245,1.6958265925377414,468.6386274881535,0.8264496986395651,3.404930777938489e-08
4970,-9.060520378866437,-8.610698443874359,0.46275672946301616,1.2847576666645124,468.7762461930611,0.2511603070055415,3.408108679161011e-08
4971,-9.171196146374834,-10.255072236948468,4.481746609901483,1.1524891580728804,140.96633961562515,0.2838549016938474,3.4110459334687106e-08
4972,-9.295015045383586,-12.383343590540926,2.1547924882245626,1.15665299863064,154.80274573703534,0.24040119451140285,3.418658462739781e-08
4973,-8.371242892280494,-12.910747020214433,5.0447015803114725,1.2294379006710312,309.92524996628754,0.3405689101266489,3.418952095185881e-08
4974,-9.446920112444099,-12.029643857449807,2.9466731575104106,1.3271631564371047,325.3034488465905,1.276506631679819,3.4195579041510456e-08
4975,-9.84068340750927,-9.173085702283416,4.665404236608047,1.8523800331870535,467.84008052657447,0.7601769223343409,3.4199645342439106e-08
4976,-9.399254082258892,-12.901759633881852,2.6451790473948553,2.2851018705944517,436.98735183712654,2.2771492993041322,3.4239151515984015e-08
4977,-9.284673320090812,-12.471779727760422,2.136829889445792,1.4782312901629326,325.2022602192637,0.8492922641944558,3.432222253422101e-08
4978,-9.871100007186747,-9.017791127237109,4.840025980259172,1.1243818443958107,277.96021107453976,0.9903576786488282,3.433945739346263e-08
4979,-9.666690569347487,-10.762154546700808,2.8414612957198417,1.0288085014702697,204.2278566529516,0.4705422129443244,3.4381751462342445e-08
4980,-8.375163118896367,-12.429337390674382,5.067859563377204,1.1405200274598346,232.79666216863882,0.019654266223491312,3.442209911291702e-08
4981,-9.511067219707149,-11.42769884339361,2.9686039654471235,1.7777861083171442,422.62920147972517,0.2520659401673706,3.4434623757277894e-08
4982,-8.661386889128575,-12.510231607163977,4.631114538568495,0.9827577117460734,468.1001909446918,0.640669549362614,3.448724831259367e-08
4983,-9.792013096418263,-10.398437693088566,2.706814317786074,1.6737181375167935,391.3830520482274,0.6364677275068944,3.451400479270777e-08
4984,-9.020269028526513,-9.779511995979238,5.075728521115932,1.8376263527836654,468.20502207423334,0.6875627134403404,3.4520415821127924e-08
4985,-9.203554066508733,-9.886903122712715,1.3087213470582704,0.7753235228808251,191.79100589016153,0.5934763500319393,3.453561283882389e-08
4986,-9.387910973230897,-12.513835009455256,3.1004433646030436,0.6127999247692233,182.68642607751642,1.245545233638155,3.4541240474779684e-08
4987,-8.724278450689857,-12.632567868613028,1.1692161002601786,0.9208443014622238,250.9478609171065,0.8232121883301913,3.458594439286612e-08
4988,-9.736751168479435,-9.01294401555494,4.985295826629331,1.0424059176451352,467.557289559535,0.4971330495353561,3.4594648619509045e-08
4989,-8.997417440036445,-11.209099095471165,4.304109658575776,1.1506701673760225,294.78854178846797,1.2694536544668917,3.4597362336957904e-08
4990,-8.965976461005631,-10.756176538446992,1.2850744520176034,3.226215621054054,517.70703067277,1.5915646125816076,3.460930635836608e-08
4991,-8.47581090715071,-12.934077624512499,4.887086650113076,0.8652756919411974,211.9296510930568,1.127353768128084,3.4625226431416445e-08
4992,-9.208364953146264,-12.783857930806239,3.610816677378256,1.4573796053394878,468.780314422803,0.39532238487356075,3.470062218405632e-08
4993,-9.50894083909281,-11.23742806231433,3.178886963553953,1.0323048884732575,468.13104168730973,0.0493068652412747,3.4743781223586684e-08
4994,-8.834390247021073,-11.014838154897959,4.629895075635491,1.149109765626377,244.7273368792436,0.5738140701044889,3.4851096766792666e-08
4995,-9.964243689638504,-9.363354511782534,1.8515841990960364,1.853912448413063,467.578905014896,0.22683391433641464,3.487058460966615e-08
4996,-9.295403841376626,-11.369301898762323,3.69395270376544,1.2631562003923946,276.0903506348118,0.10116820293377149,3.4896552560589e-08
4997,-9.202073773699723,-10.034651265075949,4.589942466789,0.8554296575293823,180.8907501516029,0.41947770300414877,3.491443657171939e-08
4998,-9.138285101261118,-6.529005579368175,0.28231671153269244,3.4061450350409364,471.20742614703454,0.12514274642327017,3.4919169299004113e-08
4999,-9.447077047632277,-11.791443115020636,3.0709292714635446,1.298789715601483,398.8774917855567,0.1621952450213051,3.492249744009442e-08
5000,-9.5848724145638,-10.18845331352525,3.8505391589591813,0.9125213845353675,127.3259071061322,0.31758462027955225,3.492652297701312e-08
5001,-8.916465681413664,-10.68010665122173,4.633947165971542,0.9984074626880757,468.8234868247294,0.5260284266179935,3.492899637833643e-08
5002,-9.40542712658939,-12.242665410971881,2.5099789872375102,0.5456776127795097,118.86248121910985,0.05449322615769514,3.505266948122123e-08
5003,-9.247479621296625,-11.30789965069645,1.8829833152783868,0.6377770246297836,168.08372495769967,1.1330933143075468,3.506914556862829e-08
5004,-9.552405432514144,-9.955121466723588,4.118510243277037,1.0785004735028483,467.70371377350386,0.42190000631721514,3.507754318803197e-08
5005,-9.413551393857745,-10.539427897283424,1.9179584078172727,3.052330165272862,371.91688149931787,0.02157513864843974,3.5081168313269784e-08
5006,-9.456837460351796,-11.331702041570308,2.35276916707954,2.207959724780077,422.8546313514014,1.1925940544244673,3.510049429050199e-08
5007,-9.38587025764973,-9.573364741165872,4.750010545533021,1.0220512800209711,253.08349314283996,0.5584214185129026,3.5148998382511184e-08
5008,-9.459851349107378,-11.592514388121776,2.5026509902367713,1.3213434662990722,468.52512118930525,0.2839213988860738,3.515501365409884e-08
5009,-9.77288171671555,-10.412426812745824,2.6577228161736457,1.081794455825638,467.2271631696676,0.6741676871370865,3.518381113726174e-08
5010,-9.370352528351557,-10.825404894194532,3.773469882388474,0.5275593868335805,123.54827838109772,0.7114152394551745,3.531243946918235e-08
5011,-8.943253255517549,-11.504417397152173,4.30860655347763,1.1258004699549762,467.82597235055357,0.46461693130274373,3.5328641309658304e-08
5012,-8.52232526714478,-11.785220219831894,4.920045545313454,1.697597379213242,397.7521535711514,0.3693475521189189,3.549756653384898e-08
5013,-8.995004295449935,-12.309704136934194,4.078127179718128,0.7418575586991827,467.31959231397764,0.478887641207292,3.5510511893734975e-08
5014,-8.316910638650578,-12.429276219337417,5.142179794888273,1.8760731021079986,468.0356854699526,0.03173847297277543,3.5528588197908554e-08
5015,-8.785428006408415,-6.795156161118106,0.21126790547977836,0.4516212858784741,128.59621222609297,0.08313843787584041,3.553496499295435e-08
5016,-9.992634787429239,-10.036782169477588,3.0381597349963476,0.8426550795937422,246.41451190965253,1.4594579454740089,3.5598757070633335e-08
5017,-9.140657910649299,-9.727261787640487,1.1804572808609928,1.6866045610584726,391.1991827457207,0.06765680714085409,3.566309249185349e-08
5018,-9.186540252452927,-12.330888762428739,3.698736947712411,1.5365838849981082,349.71207046464923,0.8984327807613974,3.5666275938910275e-08
5019,-9.493222380607802,-10.433207934844777,3.7969747118725152,1.8740615952764814,462.5441721083602,0.02791219193132566,3.566923796210025e-08
5020,-9.678036915877342,-10.685469411366245,2.953451009684077,1.7556297255238524,416.99547359859685,0.45280813234423256,3.5685112713014303e-08
5021,-9.506980018340707,-9.631390636106019,4.513674006694085,1.7650198588718524,419.6778284543512,0.7431323896651278,3.578379991242828e-08
5022,-9.094549958568855,-12.918539870548079,3.831266891442479,1.098968250525605,194.1498228575518,0.031188869754390502,3.580668793785135e-08
5023,-8.886784662791095,-12.206253212343775,4.280300100379957,1.3101255205530347,158.0974382037998,0.25469718781681117,3.580671740718772e-08
5024,-9.6658614170423,-10.449177106265044,2.3566952151492013,0.8328282605479067,177.12985431294211,0.028448230252562823,3.5814013696903544e-08
5025,-8.869705546629417,-11.102997072416676,4.534962539627357,1.0368535290608683,468.8098820430463,0.6436075054030672,3.588249403714747e-08
5026,-9.806645756967011,-9.926929547060066,3.730050507507653,0.58663095005906,123.6893090561827,0.6317408146652888,3.589478042700403e-08
5027,-9.508535951976162,-10.51016637540561,3.7004380715085685,1.4460107115388616,346.76400868745645,0.48292150038395754,3.5898887958042865e-08
5028,-9.69121996560188,-9.671836850881,4.210385773417949,0.6627374269318406,199.18349672023942,1.2894610298541807,3.6022302612337396e-08
5029,-9.37916255204699,-11.039598603219595,2.069365152589153,1.1306361218711656,467.40703889381194,0.6659907201504014,3.6034707676417914e-08
5030,-9.697783581942787,-10.361756069197936,2.3565377235736324,1.260754906699862,314.2707403001476,0.5096357624579415,3.605696908490488e-08
5031,-9.354903331082461,-12.759652428332437,3.155727968435128,1.0576937822175987,468.1216099770762,0.502187257832782,3.611940191898947e-08
5032,-8.874140332931336,-11.963241810506748,1.3371900567016222,1.5913164504441173,355.98841298795253,1.3738546354014582,3.616427822358584e-08
5033,-9.44383838663315,-11.842393363575656,3.0172626769767095,1.6202598701896112,356.0098826116896,1.405644112066562,3.624734168967028e-08
5034,-9.160348295592607,-12.671242491523204,3.7048398088855112,1.2119034809140652,468.80711334800554,0.2250538973296221,3.62562802967058e-08
5035,-8.93063328377362,-9.984545123639847,1.0285474555492387,1.859344807467466,445.7936713125555,0.42490370265245936,3.626091735050288e-08
5036,-8.66695009902497,-12.212023946967857,4.635573510084979,1.227390848055684,308.230979552784,0.6711152806777676,3.626174515569008e-08
5037,-9.750255428335223,-9.976687847987188,3.758135957128902,1.3184754713953177,302.58290886179225,0.14488194160758727,3.6265842592132534e-08
5038,-9.899630067572193,-9.882933365838001,3.6102076021892575,0.832463019844496,228.8098341946803,0.9978712296972718,3.6277827119098725e-08
5039,-9.853243120895922,-9.570130187897584,1.9193780883973273,0.5999993384187217,171.31489122990237,1.2063615418414164,3.6431425791650654e-08
5040,-9.856712572531933,-9.313486107770562,1.7184318295511454,0.8810393530816718,174.0863323681655,0.6221423121946001,3.650636992829928e-08
5041,-8.82843058732904,-11.234969871722264,4.554956600945546,1.539185480654533,349.6838782388417,0.08483035827893914,3.654447766706142e-08
5042,-8.989242650151196,-12.142614005188477,4.099090442205101,0.9689357733187011,256.2460255977132,1.5727025648028148,3.657486132355452e-08
5043,-9.325785763558482,-12.42027987095301,3.316855986926476,0.6172858590230783,154.4793950007769,0.36160608655677695,3.659793098695014e-08
5044,-9.492596294031355,-10.063740201681842,4.093373301191099,1.2268070572672358,228.84045296457194,0.04443715128008119,3.6733865976369594e-08
5045,-8.902970549369234,-12.930524518557359,4.177917967221611,4.387320056489281,344.51354510934084,0.1518929495114394,3.676627234136776e-08
5046,-8.743245826715027,-10.90926971874613,4.79173278991769,0.4810393169262191,139.9157491287899,0.7818357696703879,3.685436600184143e-08
5047,-8.638387620484533,-10.6833291131206,5.043589798934019,1.8816020791640098,469.8964673096653,0.06995022498989645,3.6868289137135844e-08
5048,-9.604530845180545,-9.257671762905309,4.809979007383802,1.0916976333749204,283.9599166882756,1.5179956698293706,3.691344666094324e-08
5049,-9.443765307079193,-9.967918054697014,1.6907711090708533,3.116758482752533,501.0711660632822,0.7308008260805456,3.7035617768959494e-08
5050,-9.684074544842385,-10.640411577925654,2.7955100758236227,1.1729854758718146,257.56955469269667,0.07003776506382842,3.710141414254758e-08
5051,-9.071315001005475,-12.874341779470754,1.7460441799395563,1.4481818544836147,326.9392739228185,0.7597544944254624,3.7118021735705354e-08
5052,-9.297725253760476,-10.837032620535478,3.8909915632059935,1.2729541837644514,457.0706298315665,0.14214432189829473,3.713628444489868e-08
5053,-8.829633426790691,-10.265736900324914,4.969924003210063,1.1561453605812697,221.9120803287352,0.03365780289427267,3.723161763414286e-08
5054,-9.375968917211486,-9.20211126575608,1.1841204555148996,1.9790726543044737,400.3833483735543,0.7857724702306585,3.7391663368757637e-08
5055,-9.908359843613178,-9.777949086159275,2.1912990323872346,1.7969514993690963,164.3588770767815,0.40021172630635515,3.7396855345080333e-08
5056,-8.874293018340456,-11.761166289289807,1.324878959924964,1.3504532191047798,327.3734380248997,0.2831897875442726,3.741507895785083e-08
5057,-9.765619974656653,-9.35049041518494,4.4875001117302356,1.8156653936805331,468.6762224746767,0.35431167742982517,3.7420399563653666e-08
5058,-9.511652022123974,-9.64416354849222,4.473964193264414,1.9346225011198241,379.21349646751554,0.41249052597343816,3.764613983179975e-08
5059,-8.990465054630176,-12.815375718130218,1.5992794437887419,1.848075885762312,467.3848127435309,0.02058978551246593,3.7665979603779337e-08
5060,-9.364774073424208,-10.886648768154075,3.723845426959287,1.8437166931014959,442.7468970253723,0.0410986937150124,3.767446819617548e-08
5061,-9.154265422391632,-11.882790843500935,3.8170065467059544,0.6764894956235846,180.22833538605568,0.7749447462725989,3.767484204127563e-08
5062,-9.711336832965422,-7.86284391328585,0.849981485321301,0.8006941474644277,206.50764895034936,0.18099288392848756,3.775680246982325e-08
5063,-9.841753131655523,-10.050537923553042,2.3768353787215535,1.1312173407265365,457.0362960795059,0.6073532359843199,3.78241307518975e-08
5064,-9.231579458469934,-10.682480451137202,4.081754604261234,1.1279669857288395,228.44522070589338,0.10176798913857521,3.7870054807815744e-08
5065,-9.108475035347842,-10.167870541809311,1.316060079354633,1.4018619793593743,306.7122939177277,0.23584092158817072,3.79123371844197e-08
5066,-9.425562018654757,-12.088621257244991,2.7503946042585206,0.9735376285602594,468.8706415367867,0.03748607647956259,3.792747793025764e-08
5067,-8.504630285977685,-11.341610318928769,5.017273255079764,1.7279678809357666,468.01600388321,0.9002907672796967,3.796576600387423e-08
5068,-9.148713604672887,-12.419723813657939,1.8722585174814093,1.8434527071000606,468.00938309156334,0.622539487559906,3.800505154386618e-08
5069,-9.275875512027081,-11.696541969441789,3.588431816338462,0.8945089085164263,182.70960860709744,0.3570708361690942,3.8048611972305524e-08
5070,-7.763982062616632,-11.44131027036741,0.15716309608058024,0.9963722044007847,197.06993226287076,0.6213461643977141,3.807575473622389e-08
5071,-9.694615059868205,-10.554067389071086,3.0563133881204854,1.6028566178466683,467.99744956605286,0.4509954259402349,3.817127563759459e-08
5072,-9.126090986337477,-9.207824042889174,0.8457555095823804,0.7433983988821666,469.23765863827896,0.24237240455974263,3.82117457278775e-08
5073,-9.461262260990136,-9.528912378620403,4.665454345413536,0.9527686312017964,467.67481004483426,0.6120617159806443,3.828741484258533e-08
5074,-9.313405117573138,-12.953639459935053,3.2249268481353477,2.748192402195922,473.81704931710436,0.9723268354684196,3.835787343670806e-08
5075,-9.401996715397184,-12.341008991149039,2.8997281250253235,1.860868432116008,178.26359718951434,0.27192196598369645,3.842125020305721e-08
5076,-9.80185026629838,-10.139787010435239,2.414433339067889,1.6918469700787953,396.8435907729547,0.01976225062639525,3.847511079022894e-08
5077,-9.13735679725762,-12.694851200038185,1.8776791505738681,1.7098877163009252,399.59533042814655,0.05748829592883187,3.8542431418674466e-08
5078,-9.956412391091396,-6.248828203264941,0.8133080094014676,0.8014286242556143,168.1319764121666,1.1473025333188884,3.8543076565696513e-08
5079,-9.670860108374951,-9.244847288637263,1.4939183887429808,1.092790104692254,467.2568335173857,0.636386311977609,3.866203743142011e-08
5080,-9.231980097413317,-12.66362973590367,3.5086350805698814,1.6518822601744103,468.1535028279194,0.17652129439501607,3.873446327202253e-08
5081,-8.298966641857922,-12.48963761693891,5.139519393222263,1.8817318695936678,461.9103823008016,0.6383674095643688,3.874582509844443e-08
5082,-9.894567784223202,-8.87946300446081,4.962386663363476,2.011216300328527,167.0271038674605,0.3918298715627424,3.8819616963731776e-08
5083,-8.591961431641332,-12.192398700178916,4.735880311443968,3.0486272779849766,503.14978280961077,1.4771415072388283,3.888627235759835e-08
5084,-9.677916801030726,-9.918993351074052,3.91537596827716,3.0147503773769313,484.1376121709674,0.49474226025623924,3.890999178467262e-08
5085,-9.49371424531467,-5.288904220798474,0.4130260838073117,1.7611857774577226,445.7633952480963,0.10349006405870753,3.8951819935791534e-08
5086,-9.244158614899083,-10.156639443883074,1.515137232722908,1.8628238689484706,468.12382794805444,0.5002393212078022,3.898750772924081e-08
5087,-9.166983272589516,-10.068541694070413,4.57711377303469,1.948519322634363,398.9730408496223,1.9543950628604287,3.903899786148853e-08
5088,-9.717602688470421,-10.305201502515736,3.366786315437291,1.5621115034853668,467.9861865754284,0.4368426792966966,3.909663086468776e-08
5089,-9.882274156342236,-5.893064720956029,0.7205146406080968,7.846402430377052,526.904940042521,0.0021414326723530053,3.909970606328915e-08
5090,-9.653540084434061,-10.073947034122872,3.77503745341237,0.8991621476680095,232.95850969977505,0.7015830531051375,3.927892177699669e-08
5091,-9.791036224945433,-9.388181271040374,4.38796865867502,1.0973480766381418,275.3404634433177,1.3216460808916421,3.9359193504398876e-08
5092,-9.218659178820928,-10.871882625656655,3.989234171782924,0.8766875550649416,229.71489421481,0.481260412082416,3.947773317997805e-08
5093,-8.892376221992116,-12.830514541316598,1.4376808618876395,0.8991267158920957,247.05118586350048,1.4184993089859335,3.966259368332851e-08
5094,-8.967980503633662,-12.99066547167709,1.578393661969734,1.9146511509141257,468.0178384802581,0.5897008836836548,3.979332284796383e-08
5095,-8.818115989744308,-11.51709917302734,4.472530441896711,0.8910723763887182,245.6926527375023,0.7933285925126663,3.980592983163424e-08
5096,-9.276063986698171,-8.890034576241831,0.8799728921630777,2.4983854882337386,216.7959247930384,0.454112781158301,3.986732529147599e-08
5097,-9.265186257415841,-12.757992083501552,2.1923464411704052,1.299861054423383,278.7422837748766,0.6398465326526148,3.9889182590753904e-08
5098,-9.29969957515952,-12.608508116664597,3.2998479462381938,0.5786009642948405,178.01155860672182,1.1209127324049541,3.993547902939703e-08
5099,-9.582141453988084,-10.921828413540696,2.7901315126747335,1.9006033985422843,468.58661258548995,0.3232786838044621,3.999518901366378e-08
5100,-7.8595678440969055,-9.700473889689766,0.16275318006093376,1.0692318705393846,286.5470575539449,0.8926192196175089,4.006185805863091e-08
5101,-9.623567650195564,-10.158429273910754,2.096278083713903,0.8223554572255236,241.49652825929437,0.3894436499773759,4.008877723688121e-08
5102,-9.967017080511617,-9.100390405912616,1.6670205718970565,0.7485035115351558,202.49912601448088,0.8943153863625257,4.012872522609447e-08
5103,-9.928552960199589,-9.551090202087716,3.9794509760422403,1.857151877686134,468.2571503471573,0.8366670985385438,4.014110608256559e-08
5104,-8.728147916394363,-10.953668557157037,4.7730955027935495,1.1157656766349278,467.1547305706282,0.6740238954835176,4.0168278807202634e-08
5105,-8.894470682798765,-11.563667298214988,4.33282007173269,0.8118950799080903,203.2862616102609,1.114395954045798,4.0248249014910586e-08
5106,-9.277450386557735,-12.538613244664399,2.211563006301801,1.9340530563318565,358.69260688682675,0.20619514528516358,4.037748978566063e-08
5107,-8.959795674595266,-12.352753725726098,4.0902043552646585,1.5406098440878644,346.2712169377592,1.6095067072823683,4.038864079822209e-08
5108,-9.837658448736994,-7.444149308126267,0.8605465521435451,1.0536428995820795,283.5731954195194,1.2754484106339739,4.041533601672783e-08
5109,-7.98791275930489,-12.380380507525818,0.2229393505192667,0.7375585756236553,223.35418706534404,0.8766669731678798,4.0429685848417794e-08
5110,-9.533792674196091,-10.595936092474808,3.502987294263738,1.7134404903482383,405.899198533317,0.31571439942251356,4.0565706927320354e-08
5111,-9.145852747044783,-12.459120421095193,3.7038204412773115,1.1792120535508497,303.55775055413017,0.5853092201951711,4.0696698266595176e-08
5112,-8.269618736221823,-12.481035623320116,5.168799568134286,1.70800239368148,403.6462252847963,0.15884154308981202,4.072432776603915e-08
5113,-8.92961001351147,-11.918947242143455,4.197633124957476,1.4234668168875517,265.73012283470337,0.092858896412773,4.086591596509159e-08
5114,-9.677260637907217,-10.459947872212185,3.2139758027292125,2.5570181931232985,463.5578285630663,2.5191089443812196,4.0888591340848124e-08
5115,-9.762017777133392,-10.100729566531362,2.3131864002509683,1.1450040935939392,467.7036844213472,0.3773601943908691,4.091329665695931e-08
5116,-9.921357142636554,-10.033684379724644,3.167777325202265,1.0687804495723356,287.93528940607104,0.9814246906434336,4.108747207888479e-08
5117,-8.484309236510997,-11.430834108401609,5.002819043982735,1.1195621775052655,467.7140766039002,0.4169764411437802,4.114969810334913e-08
5118,-9.364323060368335,-12.732077824056637,2.9185806940882264,1.0561281628310601,274.61138408637134,1.4970788238296135,4.11714570065758e-08
5119,-9.109633384323617,-11.758264742880172,3.8930452813946848,1.8162127673608508,432.3819133764002,0.4777083699591609,4.1185648040003086e-08
5120,-8.975376431378796,-9.74912805762255,0.9947808869165071,2.735963209155089,475.3250043870346,1.2880593818558124,4.1203703000128495e-08
5121,-9.344873677859773,-11.609696522142482,3.3859734769956695,2.6084595307991414,462.9178661524716,1.246267815050592,4.123536184049506e-08
5122,-9.397546725717687,-11.98165647660111,2.5766588293538977,2.2925293332758896,424.3477515945372,0.7653510923247939,4.124060873658002e-08
5123,-8.346930703874557,-11.954924627789717,5.1109420244864525,5.422991192353356,613.0438445078526,0.23743316297027572,4.125619319565841e-08
5124,-9.380456853931086,-11.46332760321798,3.3423522072734415,0.8414268503149392,467.367392239914,0.12663596705685798,4.125766897466496e-08
5125,-9.919626734284273,-9.454913814134411,1.9346560978276928,1.4277577115988604,332.39520607577896,0.9918299990526753,4.147285024910743e-08
5126,-9.048433088816504,-10.486872196130072,4.462555658003963,1.0522359549026112,389.34866109515514,0.685807440472999,4.1499895606861424e-08
5127,-9.522764438048787,-10.94169995535783,3.193161036387342,3.595701718042038,543.8989684747236,1.3324856820627664,4.1516130166994684e-08
5128,-9.631896834881097,-5.0727234920099376,0.4927998873679989,1.0893260744081883,287.9035097436241,1.1652787122194885,4.1685454895644636e-08
5129,-8.875813131675423,-10.381543776525044,1.1111300635488097,1.8793107104455764,465.7112601218189,0.5084325686557367,4.17681554644811e-08
5130,-9.194674864283686,-9.01459265179052,0.8230522765494607,1.284869757853988,310.04341329698605,1.0064486431766584,4.178739016689227e-08
5131,-8.886648776457815,-12.531310895369076,4.190278203655147,0.990917392404809,199.07683031816785,0.1917117275939919,4.183557478730682e-08
5132,-9.117145734004652,-10.541403633919984,4.317449610095266,1.2536150403357333,303.7465432581045,0.9785693613545323,4.1871508984610376e-08
5133,-9.56230902207829,-10.851209647509755,2.5435738887518897,1.8217733692514098,467.39122769553876,0.035594701876337176,4.1930993063087154e-08
5134,-9.719891929353162,-10.202796089220737,3.4453607259395986,1.8263653478978084,468.42895112554623,0.8444529703054826,4.19927955444349e-08
5135,-9.221103753942879,-11.964354829482069,2.015959835671275,1.7663018265520796,419.0967143359656,0.15887033296752495,4.202765054105621e-08
5136,-8.721197888563477,-12.606957790312123,1.1916669290585336,1.1009646304535414,259.2568807927965,1.0632986679703222,4.210440430630133e-08
5137,-9.324147501462818,-10.520894511802268,3.9670991196417527,3.1852070563457513,510.00867190865483,0.9717271548242161,4.213722096329428e-08
5138,-9.388171868549506,-11.023461155691203,3.529801437939658,0.9795457586040528,256.5789554375119,0.8388289286881028,4.214383237585446e-08
5139,-9.169011342516944,-12.4002317072705,3.6469112758027475,1.2496400709480122,312.0317149553504,0.6949599225414334,4.215680403434346e-08
5140,-9.912188478506835,-8.716632170898855,5.143502009138609,0.9839829921660684,259.97339732569003,0.4357643803813813,4.218844742372119e-08
5141,-9.317074447177568,-12.61463521687436,2.3915954696646584,1.5820145904157623,377.5510189557072,0.47807359457481535,4.2370902795435086e-08
5142,-9.357142797734015,-8.36833230266858,0.6479079843888924,1.8140784744380145,432.7069206884276,0.26027258929932895,4.2487349405303575e-08
5143,-9.318543264507426,-10.920966206987986,3.7413671029813975,1.8299567989555208,435.5354239242245,0.08182230287346659,4.252156789237674e-08
5144,-8.611186959739117,-12.634198239570727,1.0531711709632143,1.1927395945497485,468.35180452655413,0.9028577920898764,4.255435016631043e-08
5145,-8.416038205119431,-12.67013943305507,4.932039855602013,1.8833248934095879,468.90055105608747,0.6410706864023981,4.257194585339425e-08
5146,-9.219488940323803,-11.291250393163251,3.783180448344574,0.5173531605574794,138.65299402014458,0.6475842952614128,4.259600775396113e-08
5147,-7.895646605879426,-9.529550338294374,0.16586224721026785,0.9759382831064242,468.7223240527045,0.08284556102222673,4.2647115168742256e-08
5148,-9.345268779636026,-10.24712177814872,4.117119624187928,1.8991497777099795,355.7517291189334,0.2159289948133205,4.265880656902367e-08
5149,-9.347163191687777,-9.953235966511617,1.5821308431174026,1.0148001322696414,278.79475267664117,1.1343184059756597,4.278631640883579e-08
5150,-9.15716997273299,-12.166115232020166,3.698083797126028,1.1170225815450543,467.4333244953469,0.8103055620097024,4.2820289573195684e-08
5151,-9.223042350950601,-10.67025610397031,4.053030857436002,0.675383269278367,144.41981928072138,0.07312417180121233,4.291338153950088e-08
5152,-9.231314518222145,-12.679807231456914,3.4437826611718108,1.0351910213915054,270.1394081584065,0.779839618841482,4.292711345874781e-08
5153,-8.685125662590444,-11.293342847930539,1.0464378075920329,0.9721809356327561,468.2249632408951,0.8457851254708588,4.292904708831499e-08
5154,-9.96190863452273,-9.993000589070643,2.9523007961484455,1.1984479250384983,257.12634085609415,0.20557861772452224,4.293681851711278e-08
5155,-9.35640357531185,-11.006602314551232,3.60183014224687,0.8303960637295806,468.2401818412109,0.18561014170161183,4.297826464812354e-08
5156,-9.413383430098794,-11.71151367430647,2.555777791802528,1.7624629065869406,416.163893285291,0.226256257620161,4.298693930370029e-08
5157,-9.239727742398387,-12.854808668301246,2.17405241806151,0.8408234519398109,163.78589502366378,0.03563681380888273,4.2994094869188124e-08
5158,-9.529104993960699,-10.672307601913024,2.309220676872093,1.0230702955066233,466.38808151202693,0.08710680285276862,4.3015433572658846e-08
5159,-8.777194696408664,-10.475583521352853,0.9963292666833021,0.88303880707233,151.90239659329856,0.40138353311939845,4.3051741515454185e-08
5160,-8.937999392824898,-12.705364381144069,1.5298587180516465,1.6027670870051316,369.21288693859236,0.2140073544434209,4.3167895168691756e-08
5161,-8.339489313094996,-12.576367447184698,5.047935086344098,3.1987876399948085,514.7867037806074,1.3770572889488557,4.318520228636006e-08
5162,-9.697238087468621,-5.504442609717443,0.5532483838342886,1.7608893328543143,468.62259033988494,0.8869982793059679,4.3260880298019563e-08
5163,-9.090579933139283,-10.145204681666154,4.602983630951335,0.5762999722717693,166.65839417235918,0.6186744382335121,4.3274754338359463e-08
5164,-9.722405178546062,-9.679251758812399,4.070838004047577,4.806988958069197,577.5373652962794,0.22396559110952996,4.329249865508138e-08
5165,-9.434526860091337,-9.288967631727836,4.932761026519627,0.6308957155331033,174.89696761095567,0.8980118400151227,4.330883876908907e-08
5166,-8.419508243880891,-11.427187698621914,5.084737544360329,15.77937067484926,584.6801371319467,0.05083534299965464,4.343983355554429e-08
5167,-8.613453451468287,-10.827394802825028,4.972890775258341,1.9903314363850044,389.10313970938364,0.5149863010321871,4.344157136545567e-08
5168,-8.593946997532136,-11.007269107874071,0.6587630119122982,1.0804056497274677,232.094120786477,0.1373186942617055,4.344792946357025e-08
5169,-9.17760254541453,-11.417479486748592,3.8183098630039667,1.7392184911285324,411.28897311271686,0.3352670843063503,4.3567812458846347e-08
5170,-9.272147307498429,-12.084151623006552,2.177515597862188,1.6557801981020621,387.2800831373494,0.04825347069280017,4.361009540345366e-08
5171,-7.301459882687257,-11.272914463108235,0.07468429000015862,1.0752126636948278,230.28176558334152,0.40392793172566943,4.361122327350581e-08
5172,-8.863965458207486,-10.32263070642515,4.83606592265758,1.8290661383021254,381.83176622569795,1.3962495987947685,4.3626914309667116e-08
5173,-8.953618338667166,-9.747601977521441,5.131257423705879,1.8846917864687955,462.0043231478613,0.6137389511846578,4.370976358134924e-08
5174,-8.762916229247985,-11.391725369159168,4.561663423802279,1.1387048394739605,289.8789972860121,1.0377995238643587,4.376725057263401e-08
5175,-9.827538976712454,-9.263146899924491,1.6888375986878543,2.9261677846489595,493.7948389850875,1.658445653275689,4.377251938337633e-08
5176,-8.953959927382659,-11.438655719490132,4.229332369825592,0.816763335008479,463.3031178286192,0.18836648858833005,4.378671252969668e-08
5177,-8.501662867770218,-11.822066919385406,4.886850129201763,1.1915964857871015,301.420620166023,1.662233495528337,4.3791291365961036e-08
5178,-8.72030649236179,-10.398879826230344,5.010231239382336,10.609849029365188,615.3818369660578,0.048604150907791244,4.381576240523551e-08
5179,-9.043950046362275,-12.08235217935295,3.9362759308646087,0.7374278598452605,467.60888763939266,0.3344755914919011,4.383442744545486e-08
5180,-8.824710931897272,-11.462854628338754,1.2427006352004943,1.3133339310272776,302.63453126320684,0.5133869271897451,4.3851007115819664e-08
5181,-8.200607355250018,-8.78422487339531,0.2077012293113432,1.359869859900539,307.51318225504116,0.06615580038413782,4.3856996290638516e-08
5182,-9.256306394707169,-10.273403695676866,1.6111566603720473,1.7932387494244852,428.02570027307326,0.48600167590536447,4.3872867943916694e-08
5183,-9.34794871107535,-10.812462803864255,3.716621720421247,0.8139534915935471,179.55902617607117,0.44830177747252176,4.391311952560522e-08
5184,-9.437857864730681,-10.806901554111828,2.1863471508196795,4.446654523299488,589.8847064844505,0.5518161100798293,4.395389479607756e-08
5185,-8.955645639358917,-11.98257182760726,1.5145898540325682,4.627795304341219,601.8458451713581,0.6096868766444112,4.396709390190952e-08
5186,-9.050245673334429,-10.221087591953339,1.278447677233518,1.5110438566474855,469.8829776435032,0.07322360203642564,4.404180974323782e-08
5187,-9.30586907981792,-12.532815488992526,2.3490569541334785,1.049665619827043,467.82069821441854,0.016073836425389842,4.404396454470397e-08
5188,-9.487639604490376,-11.231173431715407,2.7020669563442454,1.6725201862369394,394.2096242294255,0.437586702760437,4.404445521339896e-08
5189,-9.100683433096304,-10.93314659021587,1.5926906145424642,0.8587411539249978,468.36109511506027,0.5216905127490552,4.408869881182527e-08
5190,-9.512620520811552,-11.118674949886241,2.7433600244909493,1.7742239441236332,422.485070082981,0.8087948018103619,4.4174844873729586e-08
5191,-9.367509677270087,-11.624435680315083,2.3432078713151814,2.1237576434466376,413.28623207498947,1.212689521806511,4.417506108251018e-08
5192,-9.991792889777134,-9.904213600428061,3.1588033327279756,1.819030949055634,375.25538679643654,0.3286228345509654,4.421747107829895e-08
5193,-9.449653043091072,-10.805240733995646,2.212796542306443,1.61258399651314,468.34446063635335,0.46908405495587946,4.4284698814135854e-08
5194,-9.640008657587854,-9.277693208180754,4.6757722498245124,1.7185423069015628,404.02620934175144,0.449877436129146,4.433283509973882e-08
5195,-8.715707310538221,-9.248064247941588,0.39083547775861976,0.609855870180524,130.86419623148169,0.21435239158388608,4.433860182600136e-08
5196,-9.306696708046834,-12.568177924714067,2.368404907154728,1.889764548303948,469.2780979472692,0.629380569753847,4.4352030162701446e-08
5197,-8.804312035739919,-10.673013204024338,4.7383877348000185,1.7764926742464504,470.2770823548452,0.05305718225820133,4.440267451092386e-08
5198,-9.357883734517433,-12.441641233423688,2.6200590269064716,1.316572883792455,302.2133910360397,0.6702920890037563,4.446633089925433e-08
5199,-9.987992084094737,-8.704412532560767,1.3976754317706892,2.8178214836507762,474.98794586417415,0.7194571040451718,4.450622734530977e-08
5200,-8.37425389862242,-12.882052335896164,4.968644987782312,0.8087560078983543,239.1822625289745,1.3692581940954218,4.4507858948525545e-08
5201,-8.463516054089382,-11.920353251299845,4.923607751466506,1.7914067533226126,427.4991397029166,0.7046796536782871,4.451506600100441e-08
5202,-9.438734049454135,-10.739407787038356,3.5527828668896095,3.0928210688965554,499.22652411332183,0.6998237672746024,4.454891928945379e-08
5203,-8.722850542363155,-11.116010765739306,4.696701467626853,3.4448616004225965,530.166018344258,0.9384190692096483,4.465582736608991e-08
5204,-9.377220802694593,-11.503648730031651,3.2638222203719787,0.7876261770489535,177.5321289394166,0.3410047455027163,4.466351314982503e-08
5205,-9.679363036694344,-10.287760347299367,2.3794950748707038,0.954298879369651,255.3476477730485,0.889970546266813,4.4794377677560344e-08
5206,-8.565566558801148,-11.605375480711778,4.817884272014193,1.780338722339212,467.7518500544538,0.4735639874616462,4.4827975100926244e-08
5207,-9.376091015006802,-10.02044918483142,1.6714282008533297,1.5777712883674013,468.7359253019279,0.29038528102065797,4.495400118209755e-08
5208,-9.586896564338328,-9.299899584788779,4.7104802252405085,1.8172406904011362,467.2235019607158,0.17174369481417262,4.5032643508186475e-08
5209,-9.957801444014917,-9.914641065254427,3.2156763716895314,1.6777790811253281,395.2393183204773,0.5350202276385874,4.50692119922761e-08
5210,-9.814014278864622,-9.271797989248535,4.458009736547107,0.901609243816541,453.33300079867405,0.3203472559858165,4.50710245632536e-08
5211,-8.509731432527344,-11.139497258484111,0.5321421514925044,1.0529106675753066,266.7173486894781,0.44051446052401566,4.512307435753697e-08
5212,-9.500911942541295,-11.08869184442981,3.020794255075777,1.2011527557094,140.89204275946747,0.3156140512514778,4.515752179797493e-08
5213,-9.175886168051925,-11.074846938023397,3.9279487477495834,1.2108252810792743,307.6328562113598,0.6272467476143913,4.519199334933119e-08
5214,-9.593181647211537,-10.136421580685127,2.0822913822885787,1.0649459545908786,163.78479922582568,0.19610013044359054,4.524405695377375e-08
5215,-9.443307116585304,-11.485204256787055,2.730084400944235,1.119026882130463,468.11275003833157,0.738073552765635,4.5268728966139265e-08
5216,-9.911297332429188,-9.755188726410319,3.6467254652003303,0.9826302823723371,327.6469162319106,0.9509441871742359,4.527434775191177e-08
5217,-8.856076750289875,-11.825981735239132,1.3334996021112293,1.0574552125711207,462.8964162708697,0.7534406009250008,4.529212815148731e-08
5218,-9.310292987351861,-12.810285215926829,2.445713768890947,1.5965877774977235,371.43479639474185,0.5888580537087851,4.532285636728215e-08
5219,-9.644713847682375,-10.161497848145844,3.6155025456109597,1.4899719110135818,341.2246566544869,0.4333853885871921,4.53565864401153e-08
5220,-9.578446292873503,-10.775711531561768,2.999710946516371,0.9651034221616689,260.7693501848735,0.8871979542837733,4.5578611267766907e-08
5221,-9.049996877417744,-11.039995282099678,4.168181604674965,1.74479631732306,469.0792612339246,0.14468734938377814,4.559328816874676e-08
5222,-8.84020831913326,-10.65823245515859,4.6789042343984235,0.7785043839934636,221.29158108882763,1.1079275989839887,4.5665114253788715e-08
5223,-8.876787271745359,-9.169981076755848,0.47764119278885986,1.3876204651358637,301.4571970666838,0.053557161080669324,4.5714361160343695e-08
5224,-9.631986322074654,-8.891262294646987,5.1764817763739055,0.8430710035148476,214.12819795368043,1.232826471792852,4.572641481602843e-08
5225,-9.410771851801286,-11.446748090417257,3.1381927941982544,1.5882874359151498,468.56960141878585,0.7485174368623069,4.5730894935025265e-08
5226,-8.715000628943134,-10.784625281767378,0.9935641315538282,2.455070970836646,452.4190051983512,1.8885954030114789,4.581657116969006e-08
5227,-9.426284407956087,-11.155180528406444,2.3554162004283277,1.038972621511908,277.2704371416672,1.2028547848665418,4.594546341338857e-08
5228,-8.471523168860273,-12.000394764121404,4.891813703708815,1.111505613754537,466.9049388583602,0.5902161766854475,4.5994866497233387e-08
5229,-9.223764319754542,-10.46338054643531,1.6538957851910727,0.7327776704497975,181.2302916838688,0.45229485105618394,4.61217387583505e-08
5230,-8.66420171303955,-11.83521805322196,4.615050886458211,1.8857851972773647,453.9012300499741,0.47829139375225616,4.6151028855579883e-08
5231,-9.759636856453948,-9.512038442121526,4.204209540175363,0.893829099255762,185.99060162899679,0.5349961619089658,4.6302444725617355e-08
5232,-9.47715731614314,-10.315777747102315,3.7897779032994814,1.0517133239326926,275.9083601251836,1.114456630652099,4.631229658421875e-08
5233,-9.312604233547304,-12.596747725178588,2.434223212346213,0.5529424639760552,169.9510113986364,1.251873343727607,4.6314477617140235e-08
5234,-8.29532321300142,-11.875557417634381,5.164286964742351,7.194796230106383,282.3018862357207,0.38097232910486856,4.639498551684042e-08
5235,-9.364106449347679,-9.789990940895974,1.5269712697253914,1.656498209530253,468.249257202274,0.33521296139877066,4.6402155491748327e-08
5236,-9.136231843398258,-10.911454259596866,4.0580442985044325,1.8113713848215052,467.6072505811305,0.600652003754278,4.649384520231487e-08
5237,-9.480131359452201,-10.990035465912383,2.448861435406538,1.927056622813761,397.3337390080882,1.9580779352228639,4.6538746918348995e-08
5238,-9.695179959641429,-10.399607355726914,2.633711737340277,1.1157861809439236,467.00191341344896,0.7961653335026231,4.657080270327758e-08
5239,-9.824802850116633,-9.754447522937852,3.7781149542780184,1.271964106953614,305.6414081078868,0.5091698309914889,4.6644937643062915e-08
5240,-9.54272360777107,-10.88372682799354,2.665388426098421,0.8178363692540517,220.29432920951194,1.1640620658215663,4.6681740421636964e-08
5241,-9.162909422473543,-11.982451688168993,1.9249150949295895,1.076188695074255,278.9388756510071,1.7660931649410658,4.668607949858573e-08
5242,-8.624919872778223,-11.915094197453907,4.6627913979848055,1.2460099202970871,309.51519474886237,1.863618336895808,4.670001306969966e-08
5243,-8.667694979176252,-11.472336638726976,4.675237324858518,1.9592867543105386,385.3556203916002,0.4976089293882344,4.6753318729137354e-08
5244,-8.559588173372765,-11.750649176212521,0.8452419838468926,1.1188104751659846,186.9120049916142,0.1542635031474875,4.680280068776445e-08
5245,-9.972865823181563,-9.874979302304704,3.220193233748309,0.47690413705158646,124.40038657031872,0.31127294986985365,4.6970047229869656e-08
5246,-8.818239691558858,-11.768072213677428,4.367168698544995,0.7903332952638109,156.47631488652758,0.16878333463765305,4.6971717224662973e-08
5247,-9.512582758717315,-10.949635922947184,3.0672966475410273,1.7184985323931856,361.60849888999616,0.7059956867336465,4.703281860014425e-08
5248,-9.515479017871552,-9.254443064083423,1.36764211545789,2.499099926531408,458.2576002062507,2.5801070160661626,4.7035626228781334e-08
5249,-9.272759946111377,-12.365835104968879,2.257496620459254,1.0825283515830704,264.16824504372994,1.5179133826065394,4.7038576224957775e-08
5250,-9.132407384073346,-12.342898694014883,1.902889088007903,1.6625794212681027,342.96877882384945,0.44634637735331495,4.704143391285856e-08
5251,-9.31661723057339,-12.383875573532743,3.1246127842147238,0.6841468296367709,196.80330263714367,1.2181984412222837,4.714242032424293e-08
5252,-8.99930611921616,-10.154183407046812,4.711820110590731,1.3415731803704543,468.12722485574784,0.7461204446613037,4.715219832438311e-08
5253,-9.498108614849645,-9.962875338108592,4.069621816487088,1.7266413786963455,413.94703537924755,0.7353930026633462,4.716666898844424e-08
5254,-9.629143584498207,-8.717445103118278,1.1785030386725766,1.4873438370198007,319.5250099543475,0.20704447616953914,4.720951199461857e-08
5255,-8.634082564314772,-11.580906318069228,4.70293773268382,1.028194603628002,267.66034596142504,0.48144425511540856,4.72456726538241e-08
5256,-9.821668523556552,-10.171092192352535,2.9404003638694425,1.5867144826250306,468.02399151910515,0.4578817318721784,4.729818187139315e-08
5257,-8.619266990432369,-11.004022870144233,4.875948737278101,1.862397260883599,467.91520762447243,0.41301669280745923,4.73234205394054e-08
5258,-9.386239368464851,-11.53616656324884,3.1607605497229856,0.7724860904350078,229.99945396902774,1.5207971635130564,4.737146800461175e-08
5259,-8.664829970908885,-10.95677091701474,0.942783799562728,1.7038135427496388,401.289047195428,0.05626262965938533,4.7386320460611244e-08
5260,-9.909995106262508,-10.007671795456194,3.0530231880596825,0.8522305755305696,233.93779481306325,0.8028387476251249,4.7430841376021095e-08
5261,-9.545576844508613,-10.804131013950464,2.558921316379173,1.0240967635247502,279.8583385344026,0.6922534165021199,4.744849631359545e-08
5262,-9.881148142133151,-10.05147701367514,3.0467743772885196,0.5494610924353401,155.92550645108264,1.0626112925531102,4.7482776862115584e-08
5263,-9.722889794517501,-8.497013582786844,1.149192936141475,1.105661293667315,467.3163151741192,0.7881542608764862,4.7486058028317474e-08
5264,-9.31764489470947,-12.665129221462907,3.0408623776664405,1.700497635966894,399.62145327313095,0.07817325405298003,4.751519573765363e-08
5265,-8.887550539505304,-10.911838607252857,4.4772594690086995,0.8999795192670069,217.59078668363708,0.4624888545675807,4.777501541904078e-08
5266,-9.488972069447042,-9.464673360472775,4.619204426811759,2.374799654769964,209.14245579662847,0.31779939124973833,4.7827792789677755e-08
5267,-8.52775139566669,-11.00992801820496,5.010177037522301,0.6075978224502828,173.8477160824425,0.9234588509586716,4.790770327530924e-08
5268,-8.659175284887576,-11.485770706615302,4.678089545768732,0.9958576921506299,468.21989713205545,0.6067812153383203,4.793863766285185e-08
5269,-8.875198067649233,-10.031582212666356,4.9828360920571795,0.9102195299624349,448.50381033729644,0.7570063358130872,4.7965613705966565e-08
5270,-8.714820079046959,-12.796236614393484,4.417493308382019,1.5492994591060658,468.65661464480195,0.5624204545913312,4.797703671664402e-08
5271,-9.719773523165593,-10.359009755433929,2.775440349851724,1.1875457889745404,257.9633710786709,0.8182966248755754,4.8088183009097646e-08
5272,-9.458273437351671,-9.539612237386203,1.4971656284473402,1.388308360944351,332.48373965671374,0.2667480752246627,4.8105832395577185e-08
5273,-9.569929963618643,-10.71578628645128,3.085161467380736,2.0077316734685215,402.01125222676734,1.3797863213800783,4.814715761147115e-08
5274,-9.363481899271726,-12.09623276278089,2.6615865738386755,1.6929000992110812,395.4789753968588,0.3478628995627,4.818747473115358e-08
5275,-9.013778960264968,-12.786077066140498,1.7042412603216615,0.9193511349033939,190.98156901136127,0.9848310503551856,4.8240615781328987e-08
5276,-8.778238713016199,-12.124438544078279,4.373251860272925,1.822153367900615,380.8863144130112,1.4244119389846697,4.8360510066320345e-08
5277,-9.748925294415125,-10.288011714686878,2.784199631308282,1.2956013134455773,290.98714025138884,0.007330721217788216,4.849602475161115e-08
5278,-8.78536283074918,-12.354812881760662,4.3342517816275175,1.277499805942949,268.3530832198567,0.5467319943697673,4.85123769119877e-08
5279,-9.407956918898735,-11.457573801899006,2.521337352057198,3.309448399456943,507.12601162088106,0.288123543559367,4.851243264339348e-08
5280,-9.314588226844538,-7.5085968831344365,0.4366674470482062,2.4260526919629157,280.30546786150296,0.09490492314777121,4.8631873096220307e-08
5281,-9.030239664174278,-10.605060770219694,4.374698135973298,1.8163937647384512,432.78377645152574,0.08941138915252989,4.867729698929634e-08
5282,-8.478990712286796,-12.851044603902118,4.788056291390556,0.8451233725092396,222.06471798626893,0.9496248621483838,4.8686182875413284e-08
5283,-8.257026210359195,-12.288516819159513,0.35829379026615527,0.9276831684303473,262.5386682795314,0.9881022946496181,4.870144121215415e-08
5284,-8.856391592548706,-12.37380449086698,4.205730019114235,0.8582197523257877,468.39863739295254,0.5359468303139581,4.881491163931409e-08
5285,-8.988632244227556,-11.985827754330195,4.012071837584785,0.9972547636661007,200.37514311744798,0.4738887465314088,4.8833941591639375e-08
5286,-9.552189426290832,-9.743130643629554,4.204782684156419,1.0782342400659715,467.89545090882274,0.1883529149535077,4.896763987190248e-08
5287,-9.359917384684305,-10.929596055934526,2.10520345090715,2.088191044706047,403.804439704533,0.8389033265215451,4.904477160731643e-08
5288,-9.343805548161392,-12.380690874496004,2.7671485703394016,1.423584586861357,316.81583016604407,0.11758399828623833,4.9250520130408645e-08
5289,-8.305503388834774,-12.662024628282918,5.054639013402439,0.8140003500919923,144.30205348667425,0.11921319968819155,4.92772868801339e-08
5290,-9.927930324583533,-7.093310574911505,0.8965523749243689,1.8771832607435281,467.96012928360403,0.5456436704957612,4.928955008192614e-08
5291,-9.324472600979878,-12.002096492384716,2.413193640479265,4.443408233641688,595.3869701701456,0.8966169550135703,4.946861432866871e-08
5292,-9.28488136589026,-12.712124790632,3.141006292908142,2.1423252978013463,364.5704142975552,0.15908652394929845,4.948054437316438e-08
5293,-9.390220426948163,-11.712604737529658,2.9318387203636376,0.9326898421168839,213.33653751912112,0.3020632691202678,4.9555910946242364e-08
5294,-9.344273574715842,-12.228478894292007,2.947218434733035,1.6711877450860435,395.37336953136617,0.2972963979231933,4.9568191565114464e-08
5295,-8.971853270433101,-12.149633879954683,1.587602367928782,1.0118902837034491,273.34763875366787,1.1382523324287854,4.966368254132085e-08
5296,-9.251689779937779,-12.79398316633516,3.25895912428022,0.9059265749581732,467.892049102388,0.5452420155977284,4.970520167276823e-08
5297,-8.89170374871198,-11.695552775191544,1.3958671516958605,2.2850312641701964,436.8793983160554,2.3384648850563687,4.978555524200304e-08
5298,-9.293738346756223,-11.020969857938447,3.6581089454562585,0.8963725823050793,220.91242824374604,1.1839244450409598,4.9938520049016705e-08
5299,-9.253559365861392,-12.456802690257128,3.307412310773618,1.2090128370662259,286.84330763764757,0.6747419948722451,4.997641195498688e-08
5300,-9.060205939474777,-12.581915878400611,3.779918557721887,1.5187658332108855,468.1173220149232,0.7918099020081755,5.005853478814159e-08
5301,-9.776257777239644,-9.749506137131348,2.0864678503187717,1.7028980463859,400.94080709870894,0.10178782127463126,5.007066241933522e-08
5302,-9.277123852872151,-11.133508757264986,3.6381844647155126,2.216166375072204,425.6982481053305,1.4446847833009366,5.026647903799405e-08
5303,-8.650539664338305,-11.591525678967274,4.654344786261863,1.1068493363717058,270.8704789002073,1.4583409295165257,5.029908019818709e-08
5304,-8.81711607446078,-11.471427701475562,4.405171469070924,0.910305701853924,467.2603810253573,0.24381720712467203,5.0363459313305433e-08
5305,-9.986253425232425,-9.85198435916267,2.668787724612563,1.680981998524479,394.1907426453106,0.29639411703163976,5.03649580962264e-08
5306,-9.364533774351232,-11.930043360061024,2.641770369144736,0.898881871955215,468.209871786335,0.579676504199754,5.0510224072739e-08
5307,-9.349542215097921,-12.153902420179179,2.8635096256218744,1.5739338998402355,365.5869426627311,0.12437642184649,5.055242643013962e-08
5308,-8.755905780495148,-12.763803699272328,4.336481697940055,1.358789601188044,449.90783822128384,0.10624116631522895,5.059046060956615e-08
5309,-9.348353850695712,-10.262136275710521,1.788517990715205,2.0496655777110666,392.2000589410218,0.6322439397783759,5.06046069194749e-08
5310,-8.354684116047938,-11.486888021851577,5.121068256887878,3.360540180409478,517.0498016938424,0.6223607029625846,5.061717839915262e-08
5311,-9.259480782461214,-10.565151736840384,1.7790768113167494,1.904334611476416,461.49692903969554,0.4758496937142169,5.0698984262795675e-08
5312,-9.478215746745363,-10.727179068484226,3.370444586531499,1.8405005346881622,468.05990575055074,0.9400701337459889,5.07942274234055e-08
5313,-8.720284013512918,-11.889255798158468,4.484824441496779,0.9698813828875674,194.03004227300238,0.7238337299346593,5.0853544549551105e-08
5314,-7.669955462498762,-10.399448348880878,0.1427636198972038,1.8869027514818837,468.323211945258,0.2619979608857417,5.086943488476792e-08
5315,-8.335919250609402,-11.405911711311653,5.165474754449763,1.6972320083106398,397.9751569699816,0.054627435953300996,5.087224618294685e-08
5316,-9.428572794738454,-10.140295208579644,3.9860541123072997,0.8452016012729348,199.38182581549233,0.8185728904430123,5.087844891880783e-08
5317,-9.251763570834028,-7.181909632670835,0.3743926625269588,0.8751812452835908,199.57913145593852,0.8203818237066072,5.088121908506568e-08
5318,-9.086996451400188,-10.49331148773243,1.4611599609240897,2.62619919245702,466.97901521441787,1.5412287710847785,5.088928144567394e-08
5319,-9.079597618016777,-12.879791190400038,1.8564422734064625,1.735375197048039,422.4311690277515,0.24932307497338968,5.089817742916893e-08
5320,-9.449807792801021,-10.391967404084738,3.7302967236151674,1.3745659828646786,317.9780911058194,0.6344375377089504,5.095795047371911e-08
5321,-9.019196800256003,-10.969898699190956,4.208459604401134,2.387004765804252,439.84079428486126,1.1041116002976628,5.10267792346074e-08
5322,-9.232452491737764,-11.00322491084891,3.7875312434556543,0.7020519942647909,185.88069007192647,0.8386760924613403,5.103208769480798e-08
5323,-8.690787624593732,-11.61093036149676,1.1129951194432877,0.9734754866251769,255.15345167248014,1.2022724268138179,5.104311590738455e-08
5324,-9.208539893188995,-10.822891986694279,3.9256446240936422,0.5827682713376072,155.35650712675994,0.41407024155713135,5.1151543393533926e-08
5325,-9.156868441020986,-12.598677446147187,3.542889672247413,0.9706789791590714,216.2499529611347,0.030676094022065392,5.116026730292652e-08
5326,-9.343074292497041,-12.217102962666011,2.89126048714276,0.9405927315774674,202.20369994443536,0.00686074262100167,5.12189669696214e-08
5327,-9.841662692564409,-9.07532386816604,4.648035333016974,1.5299342294670664,345.2159381848629,0.09544999776038043,5.125376904033569e-08
5328,-8.889561318423588,-12.224471420914947,4.1432441893229,2.295741663895517,433.63908688702213,1.2925831605337441,5.1260934237744424e-08
5329,-9.949854637103337,-9.515934551767877,3.881279194750378,2.455254055073254,447.5852304387,1.1222786958797908,5.1386226283088007e-08
5330,-9.464275342106047,-9.688146566021251,1.6198234203091146,5.6477695558487975,654.7839756308902,0.6056453433001296,5.1410883536209405e-08
5331,-8.66884700208464,-11.23632082417009,4.702729831477446,3.4817102178319965,505.2182139609474,0.25166639336115626,5.149617182219165e-08
5332,-8.43388981240528,-11.95653177336752,4.921583399067172,1.1212108311623845,283.29857630576925,0.5571841277628122,5.151471896951965e-08
5333,-9.42430380518118,-9.303855088381995,4.8718105552455855,1.7399708188289493,467.7222309954691,0.4197847928955385,5.1526247244096575e-08
5334,-8.77316295320639,-11.712236803818971,1.225458880362627,2.377002994353827,443.4187963449218,1.6792129110501293,5.1548233816226145e-08
5335,-8.883883884144975,-12.741769933720793,4.1018394128351865,1.6213359301850518,379.58208606207955,0.6418423702913856,5.1582627044946225e-08
5336,-9.293206896685138,-10.09332763297801,4.255461755082403,1.3032052924379538,292.08043418755983,0.9437293709965919,5.160027837026527e-08
5337,-9.4641702766093,-6.366047519951559,0.43355232761984025,1.477823159864956,333.3394182548453,0.003131653334664364,5.16509618964364e-08
5338,-9.887764840540923,-6.7022849856376325,0.8027768136405415,1.6211328759341583,356.7701701625954,0.6264321531432016,5.167400554537223e-08
5339,-9.853415019023329,-9.901778958057823,2.4114474333448577,1.0421513363002826,277.3656079517886,1.4225605202287355,5.172509863357095e-08
5340,-8.67912660477661,-12.212521994725176,4.505337597619793,1.8647852993050522,452.9138185013601,0.2895972149809536,5.173352799230175e-08
5341,-9.774578152189154,-9.705866228507016,2.053207918739155,0.9888322696341231,222.43785532144577,0.36448962946167907,5.178589250934628e-08
5342,-8.501000957256352,-12.83788662867984,0.7984161062915012,1.8791937642712286,470.0156707359599,0.11981854566758354,5.188461387340293e-08
5343,-9.893480891398797,-8.35536595327826,1.1979819550673774,1.3396839102722429,304.4350772589499,0.27510628138958193,5.2175991923254654e-08
5344,-9.768585007774814,-10.17053411693122,2.6360530423477484,1.8509650110658766,444.94277689419914,0.013135422053640156,5.220707199466653e-08
5345,-9.596733942215813,-10.631462594019522,2.8344215356203843,1.5212822053817254,351.72743394996326,0.45189364181697744,5.222228039765136e-08
5346,-9.70562937941062,-9.166107000574627,1.5248626472509867,1.8241097811675684,467.17044346766875,0.09296893859063626,5.223012099921293e-08
5347,-8.93865846965841,-12.730668841046151,3.992112046534996,2.4245804833277234,435.0968447144601,0.6424842492976506,5.223863933510054e-08
5348,-9.636924404896604,-9.449497015557247,4.398789328804117,1.2299120934135803,430.79621312195235,0.11612898962887286,5.22502039208394e-08
5349,-8.63042243314661,-11.076307762363669,0.9028603412552137,1.7850386195426737,425.078997569883,0.3415450696099862,5.231145659294599e-08
5350,-9.653195831457355,-6.225825859044277,0.555150897967651,0.9730469270771668,267.257288446155,1.2383701427287432,5.235414650558865e-08
5351,-9.943495631466975,-9.902835768147964,3.0908775338387375,3.1750794529561714,513.4719773005173,1.511148678652516,5.24009767870699e-08
5352,-9.14181588953711,-11.92459207661729,3.6737251274755107,1.594294206600639,468.7202959844202,0.24752561614049995,5.241820723487614e-08
5353,-9.41858437383429,-9.883842374740539,4.234723878190225,1.135628044388012,467.210335685029,0.23110013973819132,5.2567114123245676e-08
5354,-9.242746083202725,-12.207339383153087,3.353735561536754,6.229652863474854,469.1825322589988,0.058503095571244224,5.260698353069612e-08
5355,-9.957430955050102,-7.754798452582748,1.0561529265270726,1.6417932255923686,358.01135337051045,1.2990730156597978,5.264563601300966e-08
5356,-8.873932769905966,-8.87064516160294,0.4185249993862593,3.7292385872778384,386.3662817690604,0.047866181143811914,5.264588589879277e-08
5357,-8.932921613997522,-9.582247255421331,0.7496106250649178,12.21009660456836,472.6386921065743,0.12957602027962434,5.2709038629423365e-08
5358,-9.98031253551175,-8.86966987159754,4.778604411213618,1.2942501931049746,292.2952645710932,0.12105507761667855,5.2770635104947385e-08
5359,-9.093545449979933,-12.833626273789472,1.8963053302482933,0.8045969798955975,468.99468625376545,0.22208213502491603,5.277068855941268e-08
5360,-8.905650793142762,-9.182810326941034,0.5139713789822372,4.010533671666348,568.9401163871609,0.9111529636457734,5.2778870811543614e-08
5361,-9.93056287423924,-9.893444087493206,2.624442931311031,1.1872825053855265,468.0295137677741,0.38136637361911063,5.282517508694457e-08
5362,-9.296707984074294,-12.544770612311344,2.4849711289100047,1.1467164835377899,468.34045302364603,0.5429148827918775,5.2831574209601065e-08
5363,-9.302387693588624,-12.83581022349565,2.917514378565796,3.131072642737458,373.2871794769672,0.008317831288368716,5.2842699933161486e-08
5364,-9.758061828553155,-9.3587654848438,1.7370943317072354,1.3182027657116004,285.32068867182994,0.07306206644732693,5.287596181015381e-08
5365,-9.194599190593648,-9.58025951482865,4.873330171630676,2.2080431587253786,424.03553785059694,1.3804644106404016,5.307075624737461e-08
5366,-9.22443354245922,-11.59816500099734,2.0456557938560342,0.860333334281246,467.8659229854631,0.6364213099802498,5.321966521559967e-08
5367,-9.505272440994052,-9.821315781536073,4.156099114858156,1.3482881074146544,327.36171395520336,1.2056652580496108,5.3280580791626e-08
5368,-8.587144313616973,-9.822795833994636,0.40545941645493594,1.082897774902611,468.0148439990161,0.374710155255519,5.328555212941803e-08
5369,-8.943510619085702,-11.867553441329612,4.076956119241855,1.0298451151976353,281.7008770277785,1.3034952747948916,5.3531346587397823e-08
5370,-9.305414335815195,-10.336189981590373,4.0247051624560255,1.5221192812550468,345.3761708314196,1.8050147586263217,5.3575994923033476e-08
5371,-9.381907232146624,-11.433171784410778,3.112770180939753,1.8488998195006716,468.84385906765476,0.10889481393915368,5.362527781094235e-08
5372,-8.620955663737002,-12.416076890557191,4.568553160006294,1.1797261632061977,301.99706327242023,0.6084712515194264,5.367508750340114e-08
5373,-8.833295273702184,-10.994992739795396,4.4969527244231005,0.5045517510190033,130.69631108252005,0.6726849568220752,5.371839558078176e-08
5374,-9.733547371465274,-8.87869483193596,1.3453008007965543,1.631101172718607,468.456746111101,0.800652117872267,5.3907230095852566e-08
5375,-8.83943655372015,-12.34956773617404,4.199011107696471,1.838076984214257,366.6674374787704,0.5751985732884206,5.4156813176868265e-08
5376,-9.109558032810684,-10.374564693150717,4.335465732234808,0.5572793231861932,151.50899632067365,0.9318976281806561,5.421680169066744e-08
5377,-9.989345156830442,-6.655833380628239,0.9082485581786763,0.9076240832272854,469.7824291797379,0.007188065958098733,5.424355559210199e-08
5378,-9.966662235689874,-8.76912982454686,4.927017157148779,0.8776546568597794,171.52346563239936,0.07057868666668199,5.42447344362115e-08
5379,-8.637744237267725,-12.470836030242452,4.531196531120301,1.7774427066428489,468.66736989190514,0.6311905999138672,5.447471507645847e-08
5380,-9.757410999628314,-10.002376027822184,2.3544429449940703,0.900508999801646,468.052447416706,0.7038226947920778,5.457700946119509e-08
5381,-9.372235875681504,-10.999099087932356,2.230922637464256,1.3531004008968228,467.9106312418435,0.6152603453815573,5.4599647117915016e-08
5382,-9.310801170572553,-11.64565429575946,3.2629834442849477,0.9086237129879452,467.50907650235473,0.45183569286152725,5.465528168758113e-08
5383,-9.111168817257296,-10.805407150258839,1.623550019699391,0.9798664478223152,468.06651469426265,0.6316704910922057,5.473532673180128e-08
5384,-9.323191273720514,-12.356220841913808,2.8112583001492144,0.8142887147723876,463.9782425331396,0.2338355425637797,5.4745866204184296e-08
5385,-8.634204491156305,-12.80310250785273,1.1199782131868161,1.29927887397451,292.47646237409595,0.44449683467985945,5.481533836044643e-08
5386,-9.166752826573886,-10.185468151519908,4.368668962115363,0.8331136901600474,467.23784404169317,0.19341132627146695,5.4862594898270264e-08
5387,-9.030148702666141,-11.942337609544667,3.8922118382897795,1.8025087157730566,467.59458949084427,0.6756761143919237,5.486881016797838e-08
5388,-9.72228890659059,-9.610023155691314,4.050835640044826,1.0307214958803481,139.0025874718547,0.29849398987045195,5.502814897260163e-08
5389,-9.627329763412375,-9.580163670613015,4.231211542758435,2.7813276894994527,482.970399948277,2.176409251393536,5.5046106802032756e-08
5390,-9.125718721473293,-11.673292969409339,3.74653286964248,0.7398496044434834,200.54717208428184,1.0110350637136074,5.51134424454919e-08
5391,-9.920290201930392,-9.253274845967338,4.27420304265092,2.005120931724526,191.09807000665236,0.24521335122562515,5.5125583745086136e-08
5392,-9.30200139953021,-12.480156090861257,2.9546343464964764,1.4317078722545935,314.57122113389084,0.010880931262057025,5.5162564186376136e-08
5393,-9.403649805410316,-11.034680414462226,2.3394958856269317,1.2965339017369086,312.88840661600176,1.1972526466479918,5.521824140558962e-08
5394,-8.915462229794066,-10.136809788997002,4.801746556767738,1.2051046778544012,304.1356186626467,1.0925208315557304,5.5365665324893724e-08
5395,-9.271307434928639,-11.853947650289678,3.3168877001191484,1.1280708890590039,451.91342075215755,0.04246671505654387,5.542833187312163e-08
5396,-9.283345929757456,-11.747857339541708,3.3121645405676947,1.7052320767359175,468.7512066690069,0.6085140312261217,5.546170168024102e-08
5397,-9.303305813353273,-11.765391929944874,3.2198861068551743,1.2047983567422829,301.8229556276045,1.519566927876884,5.548865597142247e-08
5398,-9.004211840864265,-12.401432292994157,1.6984027769309205,1.6613886229036396,469.7240334677636,0.006153050447478492,5.551818890584467e-08
5399,-9.258735501788196,-10.474850025049324,3.997389419679917,1.4912659877037755,469.49428409275276,0.08290572275309316,5.552010751645717e-08
5400,-9.218030884333555,-9.376983160408361,5.044394584583989,1.3736043976735126,321.8547238026089,0.1956310648455677,5.5718074037583805e-08
5401,-9.965613623400083,-9.860351395875412,2.9941359731140964,1.2953677079400545,320.5410903206573,0.2947847639591137,5.594298331696103e-08
5402,-9.38368139842912,-9.731763005012365,4.4149830175611555,1.7159737811990163,467.4314054834028,0.48681872819303695,5.59442012580762e-08
5403,-9.370704015067565,-11.650323642373124,2.7021951855248507,1.0083855095867211,272.11377053036284,1.4661876907174136,5.623201340290841e-08
5404,-9.69992514858132,-9.946966177723874,2.199613600800489,0.827138924395464,166.8981673808232,1.0166099721753445,5.625688426719348e-08
5405,-9.31835072863277,-11.747530179210548,2.4103328381213194,0.577005822018188,147.51682200606774,0.8715430822213959,5.628249706564886e-08
5406,-8.545448756028387,-11.022303854408053,4.930035160859383,1.0151490985397866,270.5465877021158,1.1063314271476337,5.62852974704957e-08
5407,-9.099323767148274,-11.502799609082327,1.7803198724117573,1.3099199195790758,294.86359591706736,0.07032386832814819,5.633088646419016e-08
5408,-8.561421684424257,-11.707140889217381,4.74082502835631,0.847689683499133,233.76955112273805,0.9993803046443759,5.63553005305263e-08
5409,-8.324203895290125,-11.765880173636004,5.086928584927891,0.9962611967743686,209.18767091989392,0.12291085491062059,5.636709093236599e-08
5410,-9.026690936880616,-11.992992434364897,3.878563663351177,0.877056286667023,469.7019611684633,0.0934964289223732,5.643857750064982e-08
5411,-8.450640545071042,-12.66296303642385,4.800213489812634,1.4907826676425633,338.6066558795328,0.21212185937038353,5.655048826672339e-08
5412,-9.638958054655552,-10.45076602951682,2.8987932667094967,1.8146752124443088,449.07290856039486,0.2794165448165824,5.660835319806394e-08
5413,-9.326318423774685,-9.316822213738762,4.9589573211856806,0.8919327149411309,467.9513370751686,0.49911164909043837,5.6635558311371717e-08
5414,-9.214757389653236,-10.1527796380966,4.300860992363449,0.9276117400145977,215.87802543398328,0.3239632077259307,5.669966264176119e-08
5415,-9.046681492658792,-11.146393260416732,1.6080271788664866,2.2767884045332374,426.159982145368,0.8635828732220885,5.679645244831061e-08
5416,-8.966025521738054,-11.206523555629854,4.176208267742809,1.3023357154943984,255.94428628071856,0.18615292706316833,5.68297857169588e-08
5417,-9.569785988871555,-10.643386325958582,2.8050269068787843,0.8118289147747623,161.76054544634138,0.1238404634623338,5.6885866400413234e-08
5418,-9.265603262799612,-10.200165714985985,4.174422217427413,1.5556993064063118,358.9535281690538,0.8203953781192608,5.695530299875509e-08
5419,-9.1743189068331,-10.983797852456883,1.8087669612358348,0.8699878347129838,468.4880816034164,0.8440040565711273,5.6989678912788405e-08
5420,-9.23003079656412,-11.533181285195369,3.5237726042833204,1.194818718713234,279.350169752129,0.15698078383992975,5.7018135731785964e-08
5421,-8.797565125766496,-10.639195831295943,4.683681085702495,6.705962310647389,433.35106492313776,0.12585224298194397,5.708892816553116e-08
5422,-8.493943577036354,-12.534046553547766,4.742018201497348,8.34703249302441,739.9884340512709,0.29107976811323866,5.7115787382807e-08
5423,-8.97494896396863,-11.888799079704555,1.5992553808432906,1.107085659961449,181.9137870994987,0.14361262886870296,5.7128490610607984e-08
5424,-9.29640031806911,-9.557529133309977,4.725904927192708,1.8411973221784244,456.9283843918983,0.761636903300527,5.713331912491724e-08
5425,-9.243951007354,-11.515026014791218,3.483189034854466,2.994741415143116,498.49211686596027,1.4461134768391286,5.75008938930608e-08
5426,-9.512072208369126,-10.791713145876212,3.0128364283602953,1.2712439455912086,309.1452008979887,1.6985757299979314,5.763741634288238e-08
5427,-8.861322509676272,-12.180910578199407,1.4167045689113587,1.0730242176557943,251.55420372496718,0.2801113784786331,5.776017584254815e-08
5428,-8.991728992829241,-11.132412757504838,4.149615228863839,1.203500843425278,305.06324654214956,0.623687709524158,5.778733980992493e-08
5429,-8.937770760179031,-12.215576259511323,1.5636093656386345,1.603227506252798,153.9791822582911,0.3784553018296988,5.7861649232149704e-08
5430,-9.096486152756068,-10.421447559452073,4.303180393217978,0.8377017284274189,469.203914740948,0.13965504015991836,5.787991112636423e-08
5431,-8.339386910267596,-12.196271424420146,4.998167117985599,7.256096068429137,541.4593014609759,0.030699927762709578,5.8027831641285466e-08
5432,-8.854408581660087,-10.018552311162104,4.966408083437143,0.762891100820136,222.03652993897978,1.1376664351093728,5.811221977150019e-08
5433,-8.63642300962558,-7.983585975448112,0.24650375138037994,1.5027981365953527,356.25653285212013,0.3546870238256661,5.8118123432871576e-08
5434,-9.227453096118364,-11.885907622892631,3.4016401512865797,1.6037434923681089,368.55293224186005,0.37930015359860114,5.8193769567757715e-08
5435,-9.287283569479797,-12.224301380497266,3.0745478887089783,2.4148645920661913,440.43839963482776,0.915135662673296,5.83146160680689e-08
5436,-9.505456961467413,-9.850531305612504,4.082278685226824,0.6713861690334867,136.13221396163482,0.3033412211488793,5.8315529129342894e-08
5437,-8.930368660961983,-11.846938121901854,1.515554650747372,0.5649244999219186,174.622261740113,1.171180174934018,5.842749519745129e-08
5438,-9.948021313445974,-9.859435282596559,2.7773626427125753,1.1875318170569966,278.2161104321793,0.12260109222189364,5.8522426151121255e-08
5439,-9.604174521140171,-7.203172056045934,0.5990828140438005,0.9440414362412916,143.53276976349346,0.253609230443832,5.859614851582533e-08
5440,-9.32160771765528,-11.470994479990427,3.244650734625958,1.8548680695572348,445.080837898289,0.11035858274716404,5.8662901251851144e-08
5441,-8.591511552162245,-12.66500354852317,4.5682537281194175,0.5479263886794715,141.10090542293761,0.862086715164776,5.872675907666339e-08
5442,-9.482363069013038,-10.194202055188013,2.0262153460024406,1.8097929417086553,432.9618330913594,0.6491633346801127,5.876000934717836e-08
5443,-9.346116349633713,-10.833712738587268,3.5443932340631465,0.9959251991567504,156.76422850331,0.3959312093250835,5.880592025640815e-08
5444,-9.336879932717933,-11.574639259846482,2.444242129275053,0.8114222059914851,460.75630625197,0.23303064037979038,5.8913000265238454e-08
5445,-9.057372213578494,-11.58818614676124,1.7243560191729745,0.4505221075658978,116.48661937003091,0.20281831264590355,5.894121498252028e-08
5446,-9.996588793200232,-9.669793014257442,3.429730776431009,0.8691872177283912,466.86746648924645,0.5534064887387959,5.9017912590555816e-08
5447,-8.877108951189388,-11.905528620541205,1.4245897591868208,1.2556300059497214,313.7279332934846,0.5377177952869392,5.906111080673773e-08
5448,-9.728927327372102,-8.825696388871044,1.3200059714246295,1.4141304855996348,468.6742590452536,0.18285674262433282,5.906543505370222e-08
5449,-9.962697329334738,-9.82317081300446,3.0860178278915287,0.6892687934396086,145.05912235652391,0.3281095937561309,5.9211440723362254e-08
5450,-9.341966688088934,-11.77033403657667,2.9259566413364513,1.148839759928742,467.19590294975967,0.22942273035926686,5.9345679200847646e-08
5451,-9.214642835966524,-11.592154662930602,3.5196499548929254,0.8673966098311259,468.03687832010746,0.032103849216410296,5.9399928450628436e-08
5452,-9.244659319249672,-9.259196218228924,5.1221306440837475,1.2124005209961644,258.8691143214901,0.12727719845382968,5.942651956355109e-08
5453,-9.396911812110886,-11.225950036821576,3.072520699070796,5.4732232937744705,268.3766385516811,0.41212275074061466,5.953592297114959e-08
5454,-9.236884644393736,-8.182122092003524,0.5077191986123744,0.9427442265860883,375.9053573458085,0.30257480587043606,5.9556630999391374e-08
5455,-9.803963020205288,-10.054303614772367,2.712801804773642,0.724441073009872,466.6077636116749,0.4218356905813705,5.960446155082349e-08
5456,-9.13309122592204,-10.055814814646777,4.490812298902783,0.9055138965457373,180.69545256364182,0.9578886000623781,5.960725257518519e-08
5457,-9.620182714723388,-5.923389203200015,0.5218879579277068,3.4808313003550264,519.251991433003,0.4547090581658253,5.963600875188397e-08
5458,-9.332892318920107,-11.158660313217897,2.2407655384018645,1.3459873967960065,318.1362977074991,0.19543265774932106,5.96610612523713e-08
5459,-8.620714592960827,-10.72902966956147,4.907134806078742,1.8796290818321393,468.46693775359944,0.26166678425104806,5.968804853453085e-08
5460,-9.158156311410718,-11.62871814441876,3.642602902063703,1.1306123289520476,466.2090508500102,0.08566336423419685,5.971675264686324e-08
5461,-9.37771073983768,-10.791508848960051,3.48234763030903,1.819149273665308,468.10513015018216,0.3357240958337089,5.98023406876798e-08
5462,-7.9695601724788645,-12.805624938091182,0.22566536058352113,1.0651337274281054,261.77212818175434,0.26823496050188744,5.98454332472656e-08
5463,-8.57565271754556,-11.70669417844373,0.9514077184603266,0.6641897370368572,161.67936174376558,0.5212104321020465,5.987663357593903e-08
5464,-9.273345291706196,-10.513015642477885,3.911075939222765,1.4257844075905868,408.6989975918399,0.33173404177429333,5.998396482253047e-08
5465,-9.26266632103918,-10.969240837572997,2.0000390401225765,0.896578116907433,468.1686454217056,0.1772528285972914,6.001914111257536e-08
5466,-9.447915304434487,-11.06218235924024,2.882336079010521,1.2036086177023402,304.9525813675805,0.7353207747281418,6.002007381908334e-08
5467,-8.933148856333771,-12.87944353825696,1.6047833337304243,1.0073770035826177,271.9984672069967,1.1250792026781777,6.006306580532492e-08
5468,-9.192200537373749,-11.026021794784914,3.7820921639896494,0.9186185004167768,234.50461719572905,1.3431257610613132,6.008728204336138e-08
5469,-8.987085513706091,-12.33226454023498,3.8830374649578405,1.0704796536371453,267.7793807777009,1.6935906398541674,6.01180190519296e-08
5470,-9.317773025510936,-11.980883722852399,2.603013320467747,0.8657310945170423,469.310386478762,0.2030346538823693,6.014786327886376e-08
5471,-9.763088856582883,-5.726668656256199,0.6272463355442535,4.210297247794183,572.6798571481245,0.3494056626694766,6.033971430879934e-08
5472,-9.34145113114964,-11.750223705481599,2.6487995525063015,1.544930483088318,340.2961076704206,1.051700881650329,6.034172332073963e-08
5473,-9.139899972546276,-12.675689275380346,3.4837030609507003,1.571188079036909,468.0923963521643,0.7265911056594883,6.038050435892589e-08
5474,-8.717444136736308,-11.898919130520403,1.1912144876272441,4.474552037212143,464.413129850104,0.04757809377863875,6.038352503483065e-08
5475,-9.866028089927383,-9.473247621352488,2.0033655226135143,0.7355157823084647,151.0272445998608,0.48160866415475034,6.041425805343289e-08
5476,-9.440891124866187,-11.094509193530081,2.752080318448499,0.8650845590383545,467.46439542444153,0.40657630630516284,6.046452730820145e-08
5477,-8.927535900801264,-11.486971204688118,4.143464753161557,0.963233592676681,466.959225584207,0.6203702417560413,6.050859999627705e-08
5478,-9.37952592671283,-10.14054732573106,3.998514322262247,1.0055441450274794,199.79374384401197,0.9126229805439312,6.055119330222854e-08
5479,-8.318097498746255,-12.069374788394692,5.034097868041574,1.8134231398199658,434.20912627910656,0.8998716921050445,6.055746036037946e-08
5480,-9.229005907911233,-11.962017531287758,3.3541138168287703,1.0230079598652828,280.1179557744395,1.2522460281939392,6.069685416564912e-08
5481,-9.361456616014456,-9.922696557159536,4.230652678593131,1.2110685049051437,253.1803068561125,0.09004245566282254,6.079006366486327e-08
5482,-8.65192523105864,-11.974689828478247,1.1116170507953234,1.0433393853970832,468.02831258081557,0.640681045248475,6.079746723594036e-08
5483,-9.292400102043244,-12.40459215849818,2.637476099218157,1.7519207934200658,467.5724724646787,0.11852049782362073,6.084413221742411e-08
5484,-9.752058214127429,-9.925089906512008,3.504434021382773,0.6717519390568285,156.65285975301288,0.2104620662098755,6.089338658783635e-08
5485,-9.472962245224416,-10.19183179339242,2.0202560270498147,2.5829838933757308,440.7103207275082,0.48610323472282424,6.089397446722934e-08
5486,-8.37537177452393,-11.07154891343919,0.403040272805559,1.0940576334756618,288.6352167960365,1.9457907201097706,6.09491506158714e-08
5487,-9.934209798038832,-6.213089095291599,0.8232249402755125,1.8678914823064092,468.1034061939229,0.5411150815967982,6.096031023129635e-08
5488,-9.401290315282072,-9.94245670944004,1.7361149400153948,1.5845428768490928,468.47225389628534,0.2839510236447067,6.10403314471172e-08
5489,-8.476385606459358,-12.47693605336916,4.75326572881035,1.0625348061216502,279.272683937362,1.8228611991461863,6.114459674749709e-08
5490,-9.810031826613717,-8.705087209288335,1.3131256243211562,0.7394704207752718,468.27482215511804,0.25570971244400464,6.12597997662418e-08
5491,-9.076988028708218,-10.66112923515833,1.5421127578365235,0.8558970169612917,179.79206760133928,0.3825880080299209,6.137710171762637e-08
5492,-9.558480851719896,-10.486960232845384,2.488635777147136,1.5790850577334137,468.3312187903514,0.6095485996984777,6.137861148303074e-08
5493,-8.381248498685602,-12.427647281692494,4.899161267371113,1.0379840074188826,191.23326152940237,0.10684459484953912,6.138731478134534e-08
5494,-9.301556679790908,-10.305516073387123,3.9914442865878597,0.9943461919636023,265.34691783307386,1.6681418630326093,6.149341585276415e-08
5495,-9.329233738039482,-10.355385158978214,3.90605365653376,1.5628112690169285,468.1546339589173,0.6833294277443036,6.158150852759332e-08
5496,-9.417341286188837,-11.15326120543121,2.6422526500813257,2.0182063527512972,388.35050668739524,0.6408895441309239,6.161983523473233e-08
5497,-8.808449589517785,-12.967920181394481,1.3791045186802515,3.1972575019833585,494.05156338692655,0.39999658188153386,6.167508730712996e-08
5498,-9.889939079875097,-9.08687669075199,4.502506559611718,1.7562699456852768,414.72376595692197,0.2283191122780437,6.193733136853859e-08
5499,-9.259087155438198,-12.733447610780019,2.5025893793634615,0.8913799717860608,468.86002064175744,0.11759719281382264,6.198381884399427e-08
5500,-9.790884071408767,-10.074215009593098,2.847688369366876,1.703938951003314,350.12217613197737,0.5749237410230235,6.214231387183228e-08
5501,-9.451097106234636,-10.36102720394855,3.6444310244398777,0.6921113476932496,145.971623551002,0.03168984532112962,6.222598243567908e-08
5502,-9.344492319612508,-11.681393980938994,2.687991130889182,0.6890667721157407,141.5884638824544,0.1687851062929342,6.243964689254539e-08
5503,-8.766855726868112,-12.741951458292302,1.3020086470952927,1.0771449874156724,466.95467171143514,0.5931336934288574,6.249785732921307e-08
5504,-8.493844517245424,-12.970496787594524,0.8508872866320673,1.8097141201221307,467.99471564624235,0.06934346385526435,6.255530152395734e-08
5505,-9.314799784244698,-7.9508921512777775,0.5197880298119989,0.881649003011885,278.17678041527773,0.8664889809891161,6.263964890253211e-08
5506,-9.774665224197818,-9.574341362717364,3.9565418676472834,1.42983036766936,337.5574443937598,0.35077822200293873,6.271811072389505e-08
5507,-9.593391395699337,-10.24995152165662,3.400526080716749,1.1671111571180552,297.91797238699127,0.46351362912210714,6.274442606203555e-08
5508,-9.281281215937339,-10.778640000085165,3.69809102437318,1.2882741811204388,319.5935414151921,1.2938698900439043,6.280171192319293e-08
5509,-9.770367233758156,-9.978280338169487,2.4578450695799128,1.4917348282786895,451.2009256583585,0.11785108729963323,6.288689907486412e-08
5510,-9.573382357712966,-9.302765227554588,4.598508328899218,2.8122975370505507,481.29538768298494,1.222478908738137,6.307795825655996e-08
5511,-9.618748338894086,-10.110454649404602,3.525446075528067,3.794827345220994,555.2237509084389,0.9763531251113999,6.317157809907618e-08
5512,-8.918925919298346,-9.759192148702983,5.0559499930734075,1.7976737193415677,467.7872588358209,0.6529651933549578,6.329560676953655e-08
5513,-9.420258521945724,-11.076364199787232,2.6056403927654754,3.2987683003722417,522.4376960680777,1.4125066812498375,6.337955815519115e-08
5514,-9.104511762631075,-9.315589117081398,0.9797312801734149,1.111342879716004,292.7118981566669,0.5217563339764055,6.344866403709602e-08
5515,-8.895683790968254,-12.726510124822488,4.001365969786787,1.1267319008498182,467.56472224169244,0.5599334934225242,6.350290336678532e-08
5516,-8.84220204256085,-11.716232252898221,1.3555513164129218,1.7499686233161205,414.2143989855631,0.14286357021756313,6.35074453477742e-08
5517,-8.772061650421378,-11.555337057768089,4.38741829927117,1.8501715674601151,443.80861758469763,0.14456573252061844,6.352769781281929e-08
5518,-8.380282470019496,-12.898220474289142,0.504035122307243,2.087225965569353,408.46599701997235,1.1510562275720373,6.361577245634899e-08
5519,-9.794993798553115,-9.801390193801897,3.5703189774669815,1.7396233195400999,413.48309400569866,0.7594443180605053,6.364950873991027e-08
5520,-9.68000815566654,-9.382248284604437,4.34631290149924,0.7909290132252997,469.7211074214442,0.1565887602868159,6.37510929887536e-08
5521,-8.555068000747564,-12.010523155170523,4.664970107831144,0.9129938755555462,247.15092185895406,0.7661462871190494,6.378312950196031e-08
5522,-8.793226847980554,-10.593850970176993,4.6755746514131795,1.206483964667629,239.699125970905,0.4597469852207636,6.392149229558095e-08
5523,-8.6544650920251,-11.742100728741933,4.544268588743181,1.2248735999534477,307.38861384718655,0.6880160304651239,6.394417630132295e-08
5524,-9.69749700371904,-10.051097646948119,2.385440379519403,1.5795332835569003,468.8162387965624,0.49492509743915036,6.412830845749005e-08
5525,-9.454233097698916,-10.645069286845338,3.3416249614364,0.9822762997630768,468.08630147922713,0.7229410744868865,6.428745628443978e-08
5526,-9.552251492227231,-10.260834242162307,3.4818893575599206,1.8507369030617755,467.79466775731174,0.27249077883105866,6.429312020764658e-08
5527,-9.002281260754014,-11.547044851395418,3.962765075905198,0.5792819195392368,160.74275143689684,1.1140055064531147,6.437098977396728e-08
5528,-9.743959152633938,-9.96997176614262,2.4011568446488085,1.0390469362719477,274.08368208429005,1.3641838892524385,6.437565965179062e-08
5529,-8.463903733083175,-11.913919485172814,0.5854883403028024,2.5076414039638775,455.5438256436898,1.5138567863411119,6.454571915498931e-08
5530,-8.450223550300803,-10.91593491081162,5.069395388989582,4.672128132950502,302.22493825357884,0.20220885431731173,6.467438703300995e-08
5531,-9.407668349566075,-9.660720837777223,4.399247392365621,1.7270309985707724,408.529513333976,0.4317449697195679,6.474165792534052e-08
5532,-8.81426615185378,-12.32406100645973,1.3668359154846395,1.241403286040242,276.22146776164755,0.5346931837742277,6.485229142770209e-08
5533,-9.792797780200011,-9.372983005340101,4.19617730775285,1.7947881987673786,428.139518379495,0.34556790259356074,6.485789902769442e-08
5534,-9.093862201756462,-10.244098889001918,4.382946093383315,1.807353295805826,209.80248570055346,0.1693724542172328,6.496823184693682e-08
5535,-9.222042019130132,-12.700479258518188,3.1528505937194904,0.9909000830610639,259.61946100309393,1.32847076981541,6.520204031224278e-08
5536,-9.394727486172984,-11.2331018193136,2.7262058616746647,1.4890107097642031,332.14344676531005,0.21448394680733163,6.523697796792032e-08
5537,-8.634889538915342,-12.6428728325746,4.463850943213063,0.9122537306547508,467.04699161329324,0.8922865703814482,6.534559430757833e-08
5538,-9.264044598029985,-9.960220793678365,1.5493846567346112,0.836619788055958,467.02267973590716,0.022358298191815784,6.538166403592433e-08
5539,-9.283244518897153,-11.752351303265321,2.4011212623225466,1.1342090865582215,292.0358436814962,1.0096298093210647,6.562344153523308e-08
5540,-8.159885938521512,-12.891479594055662,5.168316031917431,1.292056994275601,291.2538577619526,0.1522116168547969,6.566565163041619e-08
5541,-8.449897724845414,-11.699315704977291,4.8670523411815,1.0074635339905114,465.83315837077663,0.4237947659357397,6.573613501844739e-08
5542,-9.091583136538611,-11.025227161506189,3.948854160035332,1.5805534355622828,468.07042782321435,0.7141246854313339,6.58034241879753e-08
5543,-8.944878055063786,-11.676002413798276,4.036613081159119,0.8800761721780133,468.538246385439,0.9217568219372732,6.594116822142846e-08
5544,-8.3290076147434,-11.474908768440296,5.090119494517605,1.6226410226536583,468.33151938484855,0.45954160119716025,6.595239183016308e-08
5545,-8.9040113006076,-11.213078041736216,1.3953324192757455,0.979192379744462,271.2848838858406,1.765363696783524,6.595322916374431e-08
5546,-8.54746772179224,-12.156650781457934,0.9635127515333285,1.7696114608896967,468.50771931730196,0.35220124019838117,6.61776239923423e-08
5547,-8.884190382201872,-9.97487286013512,1.019756830848248,1.8137808436911669,433.3151661265835,0.3131135482203957,6.62257033716419e-08
5548,-9.058905726173789,-12.945965773333112,1.9031506699886434,1.2290739369063466,308.34763654474,0.2918143221451448,6.6494708257612e-08
5549,-9.273047823157384,-12.264720197033768,2.572461887970672,1.382365949078877,208.02350290717786,0.08090776748074013,6.660204002755588e-08
5550,-8.170613493907764,-11.523124224857087,0.2947671391025259,1.0308848882493797,275.59096662970364,1.5701173962950312,6.670775110062541e-08
5551,-9.156783361043205,-11.373333468006003,1.9298088719671864,2.7790784781286644,470.84063772235737,0.7076028021621594,6.680814571822925e-08
5552,-9.48813202015927,-9.03840431590416,1.257180039841304,1.064012835421999,279.7259869606597,1.7066949856449245,6.684983144798137e-08
5553,-9.72260432734681,-8.771441199220991,5.112098125696569,1.2887552943368596,319.6271304967892,1.3415219195431352,6.699863152439326e-08
5554,-9.05715379669025,-10.525928031640902,4.251088639079806,1.1259951102768266,467.6541107547489,0.10792191825119168,6.712341283277365e-08
5555,-9.470201822570331,-10.751714554955598,2.5359975788257323,1.2868141111384528,314.664456901294,1.8442041351479945,6.716232156054956e-08
5556,-9.724903377746442,-9.293927832577833,1.6989140072020807,1.0711248601267038,255.0778911485699,0.853624903146252,6.716864268163303e-08
5557,-9.135290816521074,-12.534381493536026,3.4504505801686065,0.5141127875069196,138.1728738220063,0.8542667291026795,6.726688799085655e-08
5558,-9.712922619636023,-10.176519799484934,2.91632989932205,1.0246454577707296,211.2474321449459,0.1274505710685725,6.733914584227884e-08
5559,-9.286817504363679,-10.376154799949955,3.929030546444081,0.8310684593695754,164.44592006351033,0.058248017914643846,6.739119219079792e-08
5560,-9.304998744728225,-10.784222514190914,2.0593339876829337,1.5238608785422472,344.2981007202487,0.7977885191031264,6.762000130516606e-08
5561,-9.790636561675528,-10.035320034007713,2.9040551402471313,0.8326574149503321,467.2157227236387,0.06803619100549074,6.76910215948615e-08
5562,-9.722958735245701,-10.133293239824782,2.7199928933431603,1.2130119786860398,249.4269309760237,0.7514837543013924,6.769966533859989e-08
5563,-8.48491252955019,-12.370323826582922,0.709826605505619,1.583733372070671,371.84181327187264,0.5675840129826382,6.774380384759108e-08
5564,-9.36806946181797,-11.321421760007471,2.651884884683343,0.9691061204367024,141.43161181404295,0.25484321493942375,6.77736541089248e-08
5565,-8.830867037396898,-11.684338690641306,4.233454973787359,0.8949864204916723,467.5977004328414,0.3394657367440317,6.786569334118564e-08
5566,-9.880512149790208,-9.74825110446751,2.4235706059754762,1.8028028583944573,429.23567693137113,0.3281123242277175,6.81746780783848e-08
5567,-9.67116517529728,-6.690852082621084,0.608194218982746,1.8521178022409268,467.43063538922735,0.2948037693759922,6.825191162517087e-08
5568,-8.90023415223956,-10.19783468773519,4.714667869991627,2.765327667455901,475.44179891807966,1.0720784535773396,6.826890611577568e-08
5569,-9.858868673120728,-9.573804969228277,3.7728201901099143,3.173313763897237,500.0559740396488,0.5822144266727802,6.827854103019816e-08
5570,-8.796238106316906,-9.449119189762644,0.5068990626927037,2.720748394286637,474.3427380457992,1.3803924381212598,6.829596061397483e-08
5571,-9.175140106302479,-12.656563014743767,2.2135498853468736,3.219953297043602,516.8161721265915,1.4861380095942884,6.832171100196519e-08
5572,-9.337637886172754,-11.560023593092353,2.795407105285532,0.8889436003448801,230.39366704997147,1.3236067763055273,6.837396932236365e-08
5573,-9.171314028440365,-11.367944253058019,1.9750336186510762,0.9213862559085224,468.10218159866355,0.7660792474651918,6.837969620592119e-08
5574,-9.245254373386654,-12.446918478011968,3.0417446073199637,1.2284855910069228,262.6949236788484,0.01647111805383794,6.838866748941089e-08
5575,-9.575367347847665,-9.742759019175912,4.0178122025962395,7.771267341071064,391.44999367723125,0.2151832755990739,6.844253000543577e-08
5576,-9.19121349909201,-12.996859672392674,2.308613873052509,1.8801254961630887,175.68659263301785,0.4230494802017626,6.852183613175e-08
5577,-9.238815806751207,-11.921230968881364,2.303030980641714,1.705684013754384,400.9021320993076,0.176249458413543,6.853621190819415e-08
5578,-8.968784733676,-11.32993389274878,4.06093730164127,0.8482421791667023,238.66749921929681,1.419577448467007,6.865193702722373e-08
5579,-9.256867444684694,-9.4729577610579,1.2636880503121086,0.9022131925333137,254.92607466757556,1.5203217000650762,6.878051099195575e-08
5580,-9.323263833354217,-9.79696556001329,4.367675647486804,0.9528550903336268,469.7379768275333,0.1119684607428848,6.881825335376959e-08
5581,-8.656234115936995,-12.408536287228396,1.158729599293813,0.9807788543157915,468.18947222362556,0.8524243316427667,6.891429133428681e-08
5582,-9.581966217626876,-10.097197385374463,3.5650529985832224,0.7640493630053637,173.73829275357596,0.5830696040331471,6.894039903572623e-08
5583,-9.297008362007919,-9.799434204885596,1.516084693549387,1.1794371601709177,241.5272700727343,0.13140388830957317,6.896886409447984e-08
5584,-8.243783827956134,-12.394709182987459,5.0697396557752805,0.8688911059239586,469.408089537795,0.0894255371532191,6.903152597726061e-08
5585,-9.967757189741329,-9.699798227071927,2.5467672658614386,0.8850017544142251,177.43778662650868,0.6556374477106566,6.904035224227054e-08
5586,-9.45366555341661,-6.5588806152915415,0.4479608735177868,1.8661601858720336,448.74954185996916,0.19042630830553708,6.921654353805881e-08
5587,-9.510809999513501,-10.262776606199534,2.2064856393787573,3.348214704460753,524.2794978401012,1.1100374195112863,6.930430585806885e-08
5588,-9.613297507244189,-9.499885232727094,4.254615965906837,0.9577905876176922,259.8832731921971,0.8678469988419373,6.937023519018024e-08
5589,-8.785735875226312,-10.46570280315228,4.726728497712027,1.0323272057896087,277.48807179966536,1.6830143363794088,6.968845037942784e-08
5590,-9.945117577459825,-5.313655302651833,0.8025690799601091,1.4056176062485117,335.5286863460753,1.1277023655034606,6.97831115110471e-08
5591,-9.386425062836903,-10.281968719759817,1.972259129082337,0.8743550379552242,235.53788522341713,1.0072074110628533,6.979559677424213e-08
5592,-9.390380583418823,-10.864800012736485,2.350237931463458,1.8888345746477961,470.1205989581176,0.15281525152739395,6.981338700791865e-08
5593,-9.17595613009385,-12.44296767661896,3.316708669664164,1.008519353741532,467.8958524295875,0.3452273424863286,6.989748690792552e-08
5594,-9.045587474335273,-10.205421806927431,4.461958532097322,0.8940274150076546,243.58750193998682,1.0637896348539497,6.990793213117339e-08
5595,-9.732813828097033,-5.56326526204217,0.6033623034219957,0.7048180901943893,142.76150382157215,0.07509943958262344,6.991037461785369e-08
5596,-9.25278059032589,-12.706439239752578,2.819537576821899,1.1528220876862543,294.72221092661533,0.8803819123345926,6.993400758921466e-08
5597,-9.288990539945427,-10.078933656143402,4.150143275909883,0.9402749819590338,241.17169358617284,0.6914807786342712,7.005152300319134e-08
5598,-9.432184035363395,-7.630639360456625,0.5459087961100588,1.6966096872877272,395.5160317335191,0.12147624180841543,7.01263501135786e-08
5599,-9.159201994259995,-12.79074746483874,3.318187908375676,0.862713785800473,468.16493391110833,0.5651949950810495,7.017610772131737e-08
5600,-9.270334728720025,-10.789390791177265,2.003593163078201,0.8741264258413738,181.670766164442,0.814884851083117,7.017949158846071e-08
5601,-8.923476495009513,-11.754134988067936,4.031757712690696,1.2366111102659638,296.4949748667824,0.3816884131547891,7.020996655405914e-08
5602,-9.350830730657002,-9.765636392673969,4.344774389837715,3.1880430928829107,512.8547272354458,1.2400659731980852,7.021572759130403e-08
5603,-9.9500346390837,-9.760094721402044,2.6879212481663237,2.754430522097036,476.46869166818226,1.242793026925468,7.03575608887111e-08
5604,-9.347055235490737,-11.359630642592094,2.967610051157168,1.6076805046692386,374.2977094634857,0.1361111648876543,7.042342056551495e-08
5605,-8.514204082105518,-12.676156844031095,4.6347855157227595,1.891764385833261,467.7556288304372,0.4798976423182646,7.045837504185741e-08
5606,-9.47145915479212,-10.193203881790737,2.075124860054383,1.7273747657446863,368.5569075495547,1.380507159293276,7.051823967235972e-08
5607,-9.598653710820319,-9.124895759506964,1.4292058651894375,0.9061573816804825,426.10607654889515,0.8601712039258258,7.052513732451257e-08
5608,-9.46869610515648,-10.530638241534476,3.3407184873872335,1.0711889163180146,286.89497371816555,0.4131555874445132,7.063726230328712e-08
5609,-9.286433626266357,-5.195634033747565,0.323922373268541,0.5097852667668008,114.92106758594888,0.7790882465237985,7.069848918589189e-08
5610,-9.731749896196057,-9.785506022667281,3.660087046268274,0.7183576891695077,467.42647149181516,0.347221949225065,7.086153725521917e-08
5611,-9.437758746482928,-10.606778654795619,2.316498881373331,1.7363847812531736,410.3878277185147,0.2304713212984728,7.095627580421302e-08
5612,-9.124742993049708,-10.04532586978416,4.448358779831709,0.9533123087244144,467.43390503771997,0.4111219132330026,7.09846218621901e-08
5613,-8.684724069815035,-10.940851308328423,1.0394688683810058,1.4219872330347827,469.71479501164913,0.20336583791038443,7.098714483970642e-08
5614,-9.14746043025099,-11.03594522854099,3.792525030023099,2.8556141381346074,474.11152115211786,0.6068359130025884,7.101808726848653e-08
5615,-9.166668214236523,-12.302801380344727,3.3599983979544943,3.193199700988917,491.02295183596505,0.3028185559378862,7.122158934816119e-08
5616,-9.72854142497114,-10.077250656131751,3.084669237505369,1.9461849181751503,392.20265117168685,1.0746776233829083,7.150922639130653e-08
5617,-9.068440865967286,-12.136392267096216,3.6496245833428373,1.1637811129718167,210.18217085844321,0.0887778843133118,7.157600736306562e-08
5618,-9.310403334358268,-11.703794140881197,2.8416463116745807,2.2326737432569344,429.69223094814106,1.8273292396853416,7.166157130765595e-08
5619,-9.679911321310856,-10.202334582474775,2.8605658370370763,1.5923123674414337,367.36271743123945,0.3468297995327285,7.172051629283267e-08
5620,-8.268635461979484,-12.930411963122697,4.986412970111307,0.8953107303954888,233.7311147822558,1.3609415578467834,7.208352362471565e-08
5621,-9.305609730817192,-11.738079714234733,2.7161572025671634,1.5644017697550958,157.68266617452431,0.3925117895836534,7.219261004752738e-08
5622,-8.185627994926136,-12.31189162221171,5.148217239099815,0.8744304230364012,469.63837186967066,0.12796755840715246,7.2368532288912e-08
5623,-9.412120629402617,-10.080201340665802,3.9134760894160356,1.8088632504345363,432.1894303052467,0.038650846355525736,7.23916084113519e-08
5624,-8.312745710133482,-12.60509036142687,4.940467575500545,1.5892906049839899,468.72745502726417,0.4209500272851745,7.246099547865191e-08
5625,-9.358256283746439,-11.240081525299122,2.561761146688963,1.5689637650605595,341.3693804150039,0.7184907853459652,7.247615663468303e-08
5626,-9.204215765401417,-12.766431040563656,2.381572864190786,1.6857495510556637,404.17656917441207,0.31897048225084657,7.262302877221482e-08
5627,-9.217989706894953,-12.895472801878816,2.99049255406834,1.7852850894130443,424.76558581388423,0.44277910109080754,7.274294489926923e-08
5628,-9.15124047502826,-11.375783517433895,3.634442210401459,1.551250980350091,353.2376264582373,0.7074643793409292,7.276325248510466e-08
5629,-8.851323345903019,-9.7356704713689,5.13403983815905,0.9020272973217105,286.3321453311442,0.17216692758284058,7.276513517661181e-08
5630,-9.002107892685903,-12.798924669997099,1.8016245473703534,0.8190512197246845,196.73128994086477,0.2263674683630752,7.29142252987179e-08
5631,-9.190694608909645,-9.232915190219627,5.162752960814561,0.8809210750803299,467.4529127896883,0.42181493499274403,7.292225826956811e-08
5632,-9.718701383323268,-9.793900403164553,2.1946274180026792,1.6564699228649533,395.1538143071789,0.940744189968381,7.303032443676487e-08
5633,-9.8260128997904,-9.399611353664985,4.05733717339566,2.7969119694200533,484.2026089361559,2.1268313526412834,7.314362586358005e-08
5634,-9.238707243811461,-11.774348767446257,2.30823752465697,0.6150516932772095,174.5352317115247,0.5388542913747072,7.326698549849015e-08
5635,-8.700148356757992,-10.244889723575207,4.974661108905613,1.147866402530254,294.6263195390007,1.856694015427574,7.335139104666092e-08
5636,-8.683539950868678,-9.936369443366182,0.5248312406408236,1.1861633912140985,300.76942927882084,0.8072561029022234,7.338422998984159e-08
5637,-8.617894644864613,-7.420273835204115,0.21440669970947968,1.5066519452047598,363.54689442883483,0.6230530360498028,7.342748930381533e-08
5638,-9.222679610824287,-12.965583783428348,2.536995199852434,1.9574222821911276,387.1950359590908,0.6288444972409648,7.347037929930075e-08
5639,-9.955820641192421,-9.443792475213424,3.7829213267365294,0.7599474542336405,163.52286142505972,0.10989895298940944,7.365308264872169e-08
5640,-9.271931269270727,-11.760339312048986,2.4545131456315645,1.7985843462840714,469.4992176700466,0.10922519274630105,7.36691926265682e-08
5641,-9.280920537544784,-11.962945132440286,2.7069417421708772,0.6159946142308286,192.2696171624989,0.2091471813475101,7.372321068680572e-08
5642,-9.821235652904297,-9.939786231927897,2.820930266552692,1.818418961147065,433.99940611662856,0.03247030004762763,7.375925311464272e-08
5643,-8.371641742162781,-11.31274122465502,5.032652417930256,1.8833487646474723,453.2441410161993,0.418602517105481,7.391294452267596e-08
5644,-9.044508529560147,-11.80099914480909,1.8020331520256019,0.4825199003149623,150.03620717470582,0.15681885627401915,7.391862680980833e-08
5645,-9.235707132523718,-12.791206588704709,2.7043270546653213,1.8130683441238558,357.80995832307,0.34816789430234163,7.412731616911462e-08
5646,-9.335451525243926,-11.283795498411425,2.50282716468495,0.498483757820636,124.87867725477899,0.39898583290473155,7.414370950788893e-08
5647,-9.343526682267676,-10.927683508066062,2.28973140092718,1.1694779123356778,297.91132094024385,0.8982591586178064,7.427076571478155e-08
5648,-9.869777391010034,-9.598557451802042,3.664035231750875,1.330808181936133,316.83089528391355,0.19693485184708504,7.429338810784414e-08
5649,-8.413326445013471,-11.831002422516043,4.864964424844495,0.7373404474063164,214.56586519629354,0.24611896725128357,7.434077012708238e-08
5650,-9.36193390250413,-11.243205211676875,2.682489298897099,1.081757217137183,223.50688121440828,0.8763238538273974,7.439855140350102e-08
5651,-8.543818913488833,-12.900960566066866,1.0270184483399674,1.7885402492674358,467.33020171319595,0.16420997551323158,7.447607876066882e-08
5652,-9.25546239227122,-11.720575288074714,3.173939418242936,1.8751913526987172,389.1016661513204,1.376677278325107,7.454974352348653e-08
5653,-9.653465116743575,-8.923957749508695,1.3493778617956302,0.9752610351096707,262.29800416010653,1.2560634085981315,7.462859430138115e-08
5654,-9.61262568101317,-9.144470803655707,1.47206028755085,1.0629211512806769,161.32607425203298,0.4169598948854887,7.468745804671788e-08
5655,-8.452850740674956,-12.938474277422063,4.698895150749959,0.911238958567971,466.3252787974551,0.5878816926926005,7.471229104789434e-08
5656,-8.71144358360517,-12.39700323039251,1.2370449422967038,2.7150221907968044,471.1167085551954,1.0460926991076205,7.475860851414872e-08
5657,-9.992068070793419,-5.3800006894192185,0.8652346849778811,0.9811566636551752,255.9577341912253,1.0056763082892521,7.479975395093036e-08
5658,-9.132181317735183,-12.776324756665485,2.128790347256058,1.2536996218559049,314.84951688320103,0.39569970601354143,7.482145021423554e-08
5659,-8.307691199526774,-11.910677949594245,5.008828053437468,1.4545675078809663,338.03581997252417,1.757070128899005,7.484840576077872e-08
5660,-9.47888004468896,-8.62413861076902,1.0518001545462,1.1556219592291006,467.0396386560129,0.4745616224265774,7.505138006903848e-08
5661,-8.702905062493453,-12.979991437311108,4.280056846171875,2.954156724353394,496.07888040449245,1.6457146508866183,7.506059575884119e-08
5662,-7.655490922622332,-10.16450314335618,0.1336210146589757,1.2937431281146856,282.50265264946376,0.5271508636675746,7.514297460528867e-08
5663,-9.297217289535649,-11.730313548154093,2.715600798009769,1.7720102221523055,430.94834282461494,0.095849113490444,7.524078940604927e-08
5664,-9.173409596278324,-11.828835489301037,2.1137339806803106,0.9029486942112901,218.30162177166622,0.7771064800231757,7.528695290290598e-08
5665,-9.025045581003376,-11.171272201328575,1.6429635510798555,1.1977480285723234,305.7094433375705,0.3526152478183944,7.529214471159492e-08
5666,-8.998132528895287,-10.65282227491022,1.4427529731428497,3.2365235028874864,514.4511515933116,0.9986648066418136,7.539830531394174e-08
5667,-9.477962827966666,-10.494525929846223,3.287595217901812,0.5082585801602336,118.47820384131485,1.0323203407476385,7.547891962969067e-08
5668,-9.044224056618319,-11.793873957669454,1.8074963650040385,1.8668461864887538,467.82305412614755,0.2736555868898831,7.566988494517927e-08
5669,-9.50603257937523,-8.959536971654954,1.2437606605308298,1.8401604764675972,467.7096772843466,0.549787955598501,7.567177013549359e-08
5670,-9.535358996897532,-9.900585101552783,3.852341574859526,1.3218956625417457,308.11618651240235,1.0554614769015904,7.583699869780334e-08
5671,-9.205866281172478,-10.925074472262548,3.681478287684729,11.626983860039214,440.02009511107804,0.2158394146554956,7.601209856156064e-08
5672,-9.205531022478251,-12.517635406418718,3.103638031298009,4.692793752880474,314.9278323348523,0.1826925455435484,7.610091701135232e-08
5673,-9.238591237593202,-12.548284302797395,2.7083468007706992,1.8150218008402959,435.6400743689824,0.46091712951270924,7.63886291739324e-08
5674,-9.543102099388072,-10.136126784799234,3.542614911984192,2.5862951933718024,466.48791486316964,2.656212469676195,7.63960511270465e-08
5675,-9.229290432810341,-12.733373024702129,2.839672712493068,1.845458283500791,442.6576409327637,0.2851669667650496,7.643135662049451e-08
5676,-8.205793135574353,-12.696501377832352,5.073539600816438,1.052354490807212,282.0087563277014,1.3258606276783986,7.650515827468261e-08
5677,-9.988867377849934,-8.662889293234233,1.4457445933135147,1.7154309157863228,404.4960890767522,0.7345099063521312,7.651824559890882e-08
5678,-9.541169660585554,-9.65728064156705,1.8027637119475322,1.107599516571707,467.62762493828836,0.79086777523385,7.65458056720553e-08
5679,-8.879827046245724,-11.035390791167918,1.3426987570821636,0.8788601204926654,468.32393742959374,0.50742111484678,7.655332105534565e-08
5680,-8.795692399931337,-10.921472146543977,1.2030825119703725,1.6841224781380062,467.9267152274859,0.06603195741681755,7.666477584473549e-08
5681,-9.146815825252798,-12.019150744221815,3.424080602507146,0.8457832866357281,468.0885137704701,0.26151419062367154,7.672072872396211e-08
5682,-8.713569199359567,-11.063927124687368,1.1169978948451542,1.5711182917813247,301.145960677849,0.22028154993471372,7.673090424660658e-08
5683,-9.811352886851937,-9.509253809791101,3.892757726438295,1.0832812922216082,170.79027872597567,0.20526806695954836,7.677564969048761e-08
5684,-9.5231717767414,-10.024836697199927,2.0755892406462126,1.1099163362468907,467.45360455450174,0.9348038141447139,7.68055871630868e-08
5685,-9.279618415128537,-11.650204227861602,2.484788982337193,0.8084172129068771,468.82176183250914,0.16995594012449367,7.686249950027604e-08
5686,-9.862941006977522,-6.46741614234745,0.787066665233949,1.5022134063031194,195.86534673469498,0.316723960267125,7.688369809938615e-08
5687,-9.128234679026002,-10.832286800373426,1.7551215851088573,1.232433590062109,308.07337671393185,1.0387725890976016,7.693400681821992e-08
5688,-8.167982240848346,-12.254485525914298,5.161569854084548,1.7422907114868953,468.0392282609126,0.30605058003348784,7.702256523311505e-08
5689,-9.098061699563868,-9.362029783577164,5.12691085012858,3.5118952332646334,538.4526513334345,1.4466942337761974,7.723679116280246e-08
5690,-9.260300704831788,-11.279176608208111,2.232621561416627,1.1767287652970242,303.2196252584668,1.4118079778403514,7.7300407149988e-08
5691,-9.760947499297831,-6.241154807660629,0.6618857688039346,3.9139410787352578,561.4435344099115,0.8038404975954929,7.732627460752917e-08
5692,-9.35575952653849,-11.157704635928289,2.5797561097067407,1.844284542607646,468.3548493417918,0.519311042956855,7.753163467288659e-08
5693,-9.624426437419336,-10.170720866388947,2.487918634076258,3.6534153434157064,396.3071870256853,0.0017151219334428092,7.758829561946147e-08
5694,-9.794212336121829,-8.971349383728459,4.696545501781455,0.8029465133174731,169.8187278148876,0.18425632339417408,7.760464925596187e-08
5695,-8.540665523652738,-12.073687379624197,0.9637557018488682,0.8388036257277427,220.4658335097794,1.1552018756518647,7.763698776882682e-08
5696,-8.989780677300828,-10.088770249949096,4.6018171554990595,1.8168980183617365,468.39963642398976,0.6210264381703041,7.776815158199875e-08
5697,-9.188433890570463,-10.886875541233866,3.727732956247228,1.6278250496667783,347.49499377986757,0.8567238921896019,7.786244631114436e-08
5698,-9.17499385251613,-9.31879139936664,5.064207462456168,0.7648525783622251,466.75039273570695,0.5211310677101633,7.792031030685911e-08
5699,-9.043299354995492,-12.724950896558425,1.9102123875950736,1.6311700334320556,382.6210745918384,0.6042692583414775,7.796068743328408e-08
5700,-8.541852291261005,-12.459268855322804,4.576719465047838,1.821069188247052,436.5353580654309,0.7437044917440145,7.796421272412678e-08
5701,-9.61280488478518,-10.279484301493639,2.984539116765062,0.862430028141077,208.78971402947556,0.965396095208912,7.809863333227888e-08
5702,-9.127053307385454,-10.128218956016742,1.4557873404828725,1.1790329910456019,287.7957965541544,1.2584402271372745,7.8197111758102e-08
5703,-9.258623178152728,-12.054825119988287,2.8920905622486917,1.2592893158378533,294.73609130189203,0.29824344173968864,7.821185411624479e-08
5704,-9.129627470584456,-11.888160694906865,3.4924052526180254,1.883911315007742,462.5776063000812,0.200207024532995,7.830176227568197e-08
5705,-8.914240305642195,-11.369850643948086,1.4779175631742758,1.063640700070765,467.96359698930723,0.11647533985408298,7.831032534348462e-08
5706,-8.219695153496122,-12.881022186025456,5.037948507194592,1.075262017961692,284.11945862409954,1.332745281641996,7.8315774397286e-08
5707,-9.493428872387497,-10.619657681538166,2.896140618376509,1.7748674042151655,418.56712651999607,0.02463785104879257,7.834226309772878e-08
5708,-8.878064853679918,-10.72370862135459,4.39876210259298,2.6864797196430676,206.60451819810837,0.3073441965797583,7.843611883776411e-08
5709,-8.592809870768221,-10.877195060701599,0.6990635536794968,1.4416557881851981,321.1667461116467,0.11154924370555719,7.845207591090225e-08
5710,-9.211117043931699,-12.203571786004982,3.1277251266015904,1.1089364889570614,466.71748630862584,0.8974873268866439,7.854979343036336e-08
5711,-8.27688021149559,-12.02369645782595,5.027157642124049,1.8074107331918587,464.98524597456833,0.0844598160460146,7.864014124429876e-08
5712,-9.259145839782589,-9.19767852840165,5.084549467309399,1.8895405582092402,388.07289904014175,1.3246110121986439,7.877406570015383e-08
5713,-9.443049932993144,-10.062509689117622,3.8263041295733773,1.0849785397041296,282.9528178814408,1.4550949360306475,7.881310988441622e-08
5714,-8.629840657398063,-11.797773137495648,4.507580154253911,1.638902272043748,452.01024287523273,0.3461801249812604,7.904890465257201e-08
5715,-9.506892789105088,-8.700815747862531,1.124174156373488,1.2604973144691338,265.3893642559704,0.44429166592221403,7.911142508579527e-08
5716,-8.008376664389965,-9.191216993976152,0.18095385890951485,0.9131001229544461,215.86845418072377,0.06197687917370587,7.911684573483547e-08
5717,-9.724163598298533,-9.997652179818825,3.1937024984976006,1.1352872361907422,229.77533519032457,1.0691294201860932,7.92602585572048e-08
5718,-8.461383666392981,-10.49715609580694,5.172661416487515,0.9237183576291544,261.2570369338817,1.3825989121705158,7.934123802465759e-08
5719,-9.28118903380934,-10.199094143812388,4.005412217165899,10.04447978937748,730.030488896852,0.21025243987881215,7.939888660221829e-08
5720,-8.59301109234287,-11.052267777662284,4.74445211370934,7.405214017105341,412.56214521287313,0.1367003887304108,7.952244657863558e-08
5721,-8.788256031283602,-12.065483607741458,4.1856934801015635,1.226902281518134,290.63685568748974,0.4543437466307161,7.960080636677651e-08
5722,-9.201898919794417,-11.158189759541258,3.5465259648603804,0.5286487111847217,149.47585343707766,1.159445010804446,7.963842351973105e-08
5723,-9.469041866800344,-10.541566638611217,2.4467072751126597,1.546218849942631,341.5673695515898,0.9699652344928706,7.980059575890883e-08
5724,-9.71955904816144,-9.723903160059297,3.702988339981021,0.8310597689720328,296.64464286514897,0.06551746378807355,7.994463777676569e-08
5725,-9.286107631600654,-11.67244617761791,2.6213240905503494,0.8664395743517657,248.64200515066327,0.8163072567328307,8.006872070924594e-08
5726,-9.451616710054621,-9.720216127916578,4.176412580972948,1.1354376707273592,262.42525485312416,1.1054836069629088,8.029961163706181e-08
5727,-8.15134540249455,-12.685859470772181,5.139348249808583,2.2953868491934033,437.7542870177622,2.2023809764191666,8.032205434862244e-08
5728,-8.991181968618216,-11.093515510543519,4.035214386241422,1.1310373289863236,228.61154116799875,0.5665677565964007,8.038638079882512e-08
5729,-9.392614218276996,-10.554333073325148,2.2298606996602484,1.5285859775688988,468.94871292453655,0.5944504946675888,8.060896355416552e-08
5730,-9.16654991603526,-11.139549001078276,3.638012297763789,0.98150745413728,321.2653509514957,0.5416409984641382,8.064253207729682e-08
5731,-9.38549974942095,-10.287016798197659,2.022576963474911,1.219738685746664,288.06355429616247,0.5178797475054031,8.069576245966512e-08
5732,-9.453163761463655,-8.508684313696712,0.9528478630987104,1.0123923363114524,199.03601760507175,0.3529367920820592,8.07942959183821e-08
5733,-9.339441857139281,-10.88170289058256,3.304765171191995,2.048015966458615,409.6546319419619,1.8260343632336893,8.109354339362704e-08
5734,-9.380079488114161,-10.98277237533316,3.0105316862035703,0.9734359594737093,252.6682604684319,1.5879768799245788,8.114898452127198e-08
5735,-9.527613905507858,-5.866156335544709,0.46792609328316276,2.491847198104904,457.2407126861381,2.435132117282187,8.119479827974308e-08
5736,-9.505549376744309,-10.383967431910715,2.4187950461179395,1.5110882319256969,350.6607713246872,0.18941990646774975,8.121251240570904e-08
5737,-9.9309368634446,-9.347476160227988,2.047332219045102,0.7394811174981039,145.27252073879558,0.040665604603311145,8.133944484146619e-08
5738,-9.819521191288437,-9.756837264624634,2.417124717505336,1.857222824432318,446.91008465380526,0.18074906396266766,8.133969545407461e-08
5739,-9.240771120963428,-9.626917978092422,4.606115542748102,3.7394123553731147,462.1113792443154,0.10308672530485641,8.136974437473691e-08
5740,-9.037456221687748,-11.710452227225893,1.802699271055787,1.4970783360081665,335.95592129711366,0.9559858807241364,8.140576726345308e-08
5741,-8.408060397697598,-11.025282565278989,5.0313234598164875,0.7368451530044171,222.96492800051723,1.5066024792383645,8.148344889592722e-08
5742,-8.498290856224944,-10.445417908060685,5.134321019771357,1.5422697456009495,353.0179575312743,0.012527298434295453,8.175400035737475e-08
5743,-9.422788294918856,-10.200007850342974,3.7057397599334796,1.3003418356481786,292.75688627396283,0.125828394803551,8.181345805842289e-08
5744,-8.789944258034081,-10.515754152197502,4.638492547891772,0.8265912309954823,439.3308192987979,0.5261911440253284,8.185945739673243e-08
5745,-8.84554130515874,-11.592477426497114,4.156813338494357,1.2807910229849993,281.8371937130737,0.1735352028526682,8.194608579618156e-08
5746,-8.939071379952642,-8.584440599835542,0.41944913041907195,1.0946948180574305,466.9407601402005,0.5966448933669914,8.195608196872821e-08
5747,-8.771775478839848,-11.711068171222474,1.2845989308711436,1.2385447782927075,309.71347806237395,0.5421024254896869,8.206571888059217e-08
5748,-9.564975873625684,-9.180954667024126,4.672225082743175,1.4183041026864973,468.0133679980261,0.7559865783732604,8.210770092797153e-08
5749,-8.17487875576109,-11.88457682517547,5.178276188265307,2.05544442122929,389.87311569957774,0.28996379555550433,8.218168103494086e-08
5750,-9.074188324797385,-11.995960911241754,3.5856485160261995,0.9948936264945517,468.8360991533589,0.8894298675922379,8.218689533433436e-08
5751,-9.944668241415465,-8.552816232634857,5.117504408599584,1.0962356688033303,286.5611054237691,1.0661916887658265,8.24925562612347e-08
5752,-8.801357302630512,-8.825890645683586,0.38632028716601063,1.3697144184616603,330.64280763054234,0.3036491521821105,8.249753877490161e-08
5753,-8.975033023916343,-12.279820485766088,1.7387508138938805,1.714287907647724,403.91712644192756,0.6930043733409441,8.254628330448785e-08
5754,-8.717554068035952,-9.8859811162864,0.5596195014596843,1.755848718405721,416.6374637533518,0.3122645227582268,8.280602362737185e-08
5755,-9.528534500706218,-9.623826218172718,4.1507862240391695,2.4486525344969183,298.5510381019996,0.05630808039386004,8.287446695643605e-08
5756,-8.824159884741245,-12.635317786435415,4.04488782595756,2.1615950215108635,422.4168445071474,1.8738752927981919,8.290387112482646e-08
5757,-8.270920493284788,-12.059246306503601,5.01588943987891,1.0092569634467086,206.0892290720616,0.8360929237701411,8.290956818052514e-08
5758,-9.973053846712462,-8.887119348916109,1.6316598884370102,5.618082792927898,513.3330942774031,0.04374361947616645,8.30297122134783e-08
5759,-9.592365391002918,-9.102863590889111,4.7371092160523025,0.5194454809395418,144.13199067713487,0.1582595293064104,8.330179355621193e-08
5760,-8.927996943478542,-11.235989727236564,4.086211613454915,1.3495308496523,328.432491743731,0.38104683327971056,8.330990708031293e-08
5761,-9.110082260410755,-9.64932797282152,4.775979047096703,1.0583986709661688,223.729588661201,0.9986591914480956,8.341449925051442e-08
5762,-8.849340309915927,-10.347384764788286,4.6307412057668165,3.434181115808345,528.5598343932645,0.9138491966731292,8.341468533599267e-08
5763,-8.572899110689573,-10.468827867889424,5.003050256030418,0.9046803729741979,467.6427805771368,0.3210086112199715,8.347619399662766e-08
5764,-8.786293622255798,-7.834287185036932,0.270392386608032,1.257177410815235,467.74834582831966,0.1544090400567013,8.348475895994532e-08
5765,-9.19279155649191,-11.838259343182674,2.244370322808063,0.5249266538844203,157.88452804741752,0.9921215081653694,8.349051963154977e-08
5766,-9.107984124344144,-12.916055086600416,2.123268037259468,1.4268713296139413,468.0366559992767,0.5400716711453741,8.352941228867861e-08
5767,-9.189419530567775,-12.054010432957146,3.202730432404683,1.7852385206720196,424.614401654626,0.010326052837711153,8.353465515865388e-08
5768,-8.956930230567853,-11.830390593984516,3.8821064820080733,2.2221136696770705,427.0761058364727,1.5579323470882942,8.358066289202876e-08
5769,-9.906672659729827,-6.062752310913907,0.8128303592825642,1.5362907694103456,469.53519585157346,0.2140793468770692,8.364100629100289e-08
5770,-8.767253133659468,-12.861969904962695,1.3576673921351872,0.9849562597890675,468.07573441726475,0.7168176699720963,8.365746762756447e-08
5771,-8.937457677822607,-11.184242549543653,4.082970975903156,2.3254798571412794,440.2554373188077,2.100899575165914,8.374559018220457e-08
5772,-9.704866697267164,-9.338076311223297,4.25716311609875,2.0408542632543787,406.0857355903842,1.380851264071632,8.389738446024672e-08
5773,-9.709332620388551,-9.721704308728587,2.155439453599758,1.3184322434990159,290.68663786002463,0.25447619959427836,8.39307302166854e-08
5774,-9.962341869632699,-8.302013873617124,1.2494089952084861,0.5374618250163229,112.14882840040649,0.049878895100634146,8.39881960252582e-08
5775,-7.429027659589369,-10.779245661464028,0.09470838287968875,2.59873983229079,466.78983350910323,2.1859462422353797,8.40115857382191e-08
5776,-7.137064903463871,-12.017079052019199,0.05485703940586134,1.1488244837151027,259.5438704064574,0.08167798453788677,8.404367819330157e-08
5777,-9.698626916413915,-10.048818636986379,3.0705192037169953,1.0147341932685363,467.8328987591506,0.7822352598883784,8.407619292360708e-08
5778,-9.470372205852016,-10.043687833242803,3.756670603501366,1.2027175719998824,263.30948585266725,0.2035949302669211,8.428477789455601e-08
5779,-9.208462779300095,-12.59416987783294,2.922370012138501,1.7693233151194045,468.2792989125296,0.41834561091888656,8.429882031795564e-08
5780,-8.573481443377062,-12.936190140866447,4.465469508647689,1.0498431236570944,278.56532886416153,0.4205616063172686,8.437148040110675e-08
5781,-9.666351996102408,-8.706663096738374,5.187803326002723,1.7852585967426344,469.2284323647641,0.6309794233155506,8.467521500438193e-08
5782,-9.257974610451749,-9.72458288807822,1.449420758307512,0.8487765869774937,193.65621241555905,0.03801252834174296,8.495217216790245e-08
5783,-8.829157763303106,-10.919218870840181,4.374569379187976,1.0245734580948835,247.05326774529257,0.6667695391105424,8.50842790888363e-08
5784,-9.62642563495066,-8.74624577458848,5.177643888537462,1.076168359429663,278.8173165363509,0.9432079516329468,8.512534926600512e-08
5785,-9.14340137410465,-12.092095400969274,2.154970309125218,1.0976322234823859,161.6721306857617,0.20470358534736555,8.517490437156836e-08
5786,-9.210292389503875,-12.525550284457971,2.583918450281236,1.690566539121695,395.6796606662792,0.0302898978385846,8.519474070318934e-08
5787,-8.954089725835756,-11.063232862213654,4.087682571091413,1.3617950451292442,320.62792658156025,1.5465511073232783,8.523577160130231e-08
5788,-9.219018017330093,-10.610797197537714,1.8776988842995272,0.9516240307746032,185.0497668791307,0.20418825515425887,8.548086773580324e-08
5789,-9.573208069469546,-9.812962155873228,3.823993012706645,1.19433148756858,288.8829034157368,0.377659117778288,8.548152529837279e-08
5790,-9.905130784641914,-8.74596658826849,4.8639712176497945,1.0897140031151349,466.02314399673867,0.2284764612935044,8.556196110937726e-08
5791,-9.751053593224952,-7.989816638700433,1.0191949712390656,1.6264615855228488,347.1741487423227,0.3121533859329899,8.575857751715717e-08
5792,-9.133857970744062,-12.351253776450159,3.3235585224995985,1.528844627609899,351.69972376306566,0.2786284805534498,8.581717184464799e-08
5793,-9.374469599935185,-10.753462926374231,3.2363547566975823,3.375466136703217,527.809674182095,1.3029772539619655,8.617439359356301e-08
5794,-8.842314792538101,-11.224238388234795,4.2379729316683585,0.9625055830577902,259.33120256305847,1.5816494382801798,8.640530165498681e-08
5795,-9.111567587599762,-10.383292448022903,4.141931578470539,0.8391528828155548,176.85826326554948,0.05391648298711704,8.659619320360845e-08
5796,-9.529931041552956,-9.943499500520284,3.7369403419502762,2.3474510510692768,430.11563323667605,0.7994133267628678,8.661043488629751e-08
5797,-9.222135138859496,-12.28280106306297,2.871041584581121,0.5389080364105586,110.45033370220162,0.04729043222977314,8.66432033463784e-08
5798,-8.518061496757703,-11.816779494938569,0.836002951183395,1.6459568670010885,350.43682762115594,0.8916808520540123,8.670509260475604e-08
5799,-9.034975128067178,-11.529145578913692,1.7815119802587163,2.965099254482551,493.53630022778884,1.0621679733841392,8.679833114086215e-08
5800,-9.057530716901486,-9.003188206263651,0.6341450938378942,1.7183294739247144,468.41332624159895,0.5567611998097375,8.686189270508904e-08
5801,-9.051163423111925,-10.884002623328799,1.653156346857374,1.3998413771649318,310.11734690252666,0.03251428771154696,8.692456975121819e-08
5802,-8.51463822656078,-12.8324066542561,0.9899552458934628,1.1106716472388285,467.4225864874744,0.6576640851311479,8.707218593925891e-08
5803,-9.113674142692226,-11.665333267726828,1.9909268763693377,0.7114502270599721,467.284303695127,0.36302974436233004,8.712808848072968e-08
5804,-9.46270018987608,-9.339905153427315,4.582742918874211,0.9802351904804301,192.8882259512525,0.3418920313325975,8.725885164008084e-08
5805,-9.403886139088476,-10.602146243180924,3.285017570139878,1.8157435358827096,468.1081442299017,0.2629582167832174,8.760714506904288e-08
5806,-8.929380422517278,-12.58603909817661,3.810449610597262,1.5435945016336812,355.38173618745884,0.8046633872698008,8.76834071434731e-08
5807,-8.912324013177814,-9.884725714588633,1.0603117812208696,1.8170129074154744,459.5108276206793,0.07138940485941969,8.769604179815189e-08
5808,-9.292328121358574,-11.335731531167344,2.5006024368965267,0.8838537717736525,468.3884555886723,0.8437811269950446,8.77182767242892e-08
5809,-8.687923062363787,-12.562191606268183,4.2811103718415415,2.860006598255655,474.8703328203478,0.6374485866238393,8.77300565234079e-08
5810,-9.143876017451177,-10.125557377450841,4.2711661525134055,0.8052194003372902,167.62831952056993,0.08791696210117905,8.777903651193703e-08
5811,-9.413768325429198,-9.419076514142489,1.4674781206055605,1.2754193977400203,233.60223219743582,0.0362372076580737,8.7816027379035e-08
5812,-9.198487521598503,-12.705129136345017,2.6070865745828233,1.8638420980054242,467.52226059159045,0.44760174650944773,8.821351127930124e-08
5813,-8.50435957301621,-11.852285762160811,4.668971849453735,1.3248523480194723,298.00387142636424,0.44319458719910276,8.823200591087619e-08
5814,-9.85082865755519,-9.165512706635166,1.788148702034075,1.0572247753188493,277.6906281327371,1.7381793480915366,8.829218741943817e-08
5815,-8.717258853940987,-10.812570902692238,4.594796332706698,1.436492888210921,467.9991168422649,0.42999991368223345,8.835302685066517e-08
5816,-9.896695382613418,-9.562591943088991,3.554189847262989,1.2017861480631389,467.3807974766355,0.3051827660332611,8.8379688910579e-08
5817,-9.724483409481119,-9.674629802607525,2.1490851486815354,1.2105650311865428,300.60339287069615,1.2863759137406818,8.853918486227928e-08
5818,-9.087736660285268,-6.448017242549625,0.276474356983149,1.5047546992752168,342.31160709570435,1.0511160579391108,8.86449000739845e-08
5819,-9.248760606473876,-11.53889762149933,2.4239332378677623,1.2733125263302925,468.6184392421077,0.22115374057573778,8.868859817598705e-08
5820,-9.234230326347234,-12.011160913876584,2.621587650167328,0.9631294986500237,269.7216028412828,1.6976404974457973,8.912511882631973e-08
5821,-8.386510902535882,-12.72333122678505,0.5294606059795849,1.1437467846487708,295.25228381347915,0.8267122860443754,8.919785896252012e-08
5822,-9.759331017117177,-9.581686706207892,2.1021218687214223,0.9521551013186084,256.90022233877403,0.7163666178737502,8.923049206184014e-08
5823,-9.835349697441325,-8.715673588403707,1.387995887432679,1.1251700563486031,208.94320010166248,0.07540939537568025,8.930441036978951e-08
5824,-9.933622678576198,-9.707660702166788,2.898817136841607,1.746485626704605,467.88500686935936,0.15526636641575298,8.936885233701862e-08
5825,-9.767214246518485,-9.218865891575113,1.7482456614215713,0.8500825852748695,164.95244506148057,0.042889518475452526,8.940319382416506e-08
5826,-9.984709573463267,-9.436397137088136,2.2771393086450646,1.5890806530379666,364.8365701208044,0.7658548598480168,8.948872674242411e-08
5827,-8.690976025793923,-12.499762286509318,4.272873144791263,1.115249524105943,222.9109812380956,0.2326122105212578,8.958245024452488e-08
5828,-7.9303162181165865,-12.039182650629906,0.21386924480856548,0.9965177399155758,274.86820301468396,1.687888163014727,8.96100394799046e-08
5829,-8.980352753488882,-10.63725036681792,4.2158769453934894,6.563607620318405,677.9306545947811,0.27752152399364416,8.965428297364416e-08
5830,-9.144320446500474,-12.52969499264327,2.258643801493391,4.0403973884406,570.9953074931784,0.9310031291366228,8.976676136172598e-08
5831,-8.940751200969213,-12.329935829821077,3.802932455153364,0.9211194090152658,179.46788856770038,0.11031920423686525,8.98280005235454e-08
5832,-9.328521545862873,-10.71647052023666,3.397755272622413,0.8401230300110717,179.56312035757605,0.3764821345873042,9.003682287696019e-08
5833,-8.740615534508935,-11.437358715751158,4.34735522016847,1.13238703758746,291.00806507343214,1.2080705254483526,9.003981841853548e-08
5834,-8.69869882052192,-11.170494740985855,1.1371610909758598,1.2356781249125275,292.6761915562175,0.1513049114986602,9.004229453134483e-08
5835,-9.14398287802373,-11.577505230625396,2.067017037213499,1.3098825767093407,322.01759526217666,0.439917260849346,9.00613363506346e-08
5836,-8.904629613949645,-10.489118387343824,4.424799875189712,0.8953771442997963,467.63301061107165,0.618758078080929,9.029430918183014e-08
5837,-8.81767682564627,-12.427358053942722,1.4457198013925758,1.1581353585627108,216.9967941216595,0.04470134024424777,9.039300517816057e-08
5838,-9.89650653766995,-9.71693751147711,3.1297382059872336,1.1031296709635565,218.9523896987472,0.179612982231931,9.041684738689098e-08
5839,-8.859048921312153,-11.57980454759532,1.438408805279343,0.7139499000041571,216.8433362583686,1.510843059055075,9.044295369582596e-08
5840,-9.299551037049488,-11.053108440507325,3.202958584014078,1.357718520212246,325.5467710153544,0.7549088838324929,9.050021665104297e-08
5841,-9.787331730885708,-9.895234270181689,2.8835478024497356,1.1660228239027108,468.0393301189436,0.38550626181762393,9.057024750852465e-08
5842,-8.379288792952156,-10.726046389868976,5.151770058827046,1.3540961836932348,467.67674672248734,0.507423562791435,9.068062833809146e-08
5843,-9.2551926661258,-9.34313831300047,4.864938410918665,2.7755502156779266,482.1461619799748,2.04437801191793,9.076069759277372e-08
5844,-8.487636789657381,-12.32077819128729,0.824707351402833,1.2439176046282336,280.7108540469015,0.16815573067057077,9.087526536260274e-08
5845,-8.694596088579102,-11.201161530673337,4.486013875478124,1.1762002496454207,467.07016063640486,0.4097733881069292,9.087693060789725e-08
5846,-9.002559724456873,-7.446928601740447,0.3023824060423741,1.0216938616995894,467.85869805509304,0.6325091544932091,9.10094816946634e-08
5847,-8.955950042669105,-12.252705615958128,1.7227220411209736,1.8430520814770575,467.50486630445505,0.6005471140776608,9.116775837882863e-08
5848,-9.653862852701259,-10.099501608298983,3.0411014746367107,0.9128162228360324,180.14382021811937,0.8093374187023317,9.13322103727024e-08
5849,-9.434824413111205,-10.629683999935864,2.5792111805028326,1.6785962852379586,396.0252289679317,0.3092339502873971,9.161337790470315e-08
5850,-9.17282346177708,-12.982907458360938,2.5059273434554044,1.0038663970090624,200.66978402388966,1.0891516756868969,9.166222276734952e-08
5851,-8.60600038302631,-11.570814826997195,4.540795013060263,1.8976528590147057,462.8906290182187,0.585136029022375,9.171083288035477e-08
5852,-9.151050589957709,-12.873287090259208,3.099983768053922,1.5364980003643323,470.3084848013903,0.15728904966415325,9.172790650075961e-08
5853,-9.822363840393692,-9.756522541875928,3.283518559678975,1.8893670582185296,257.0632512047537,0.08444459610530952,9.1814835751708e-08
5854,-9.736512628888045,-9.633584492584504,3.7215565890342304,1.7887424528770586,424.9009795918375,0.39394124608882297,9.18479698270234e-08
5855,-9.514478647449797,-10.434655402878846,2.919189617426139,1.0938012156612384,229.11416089522933,0.9906663022083135,9.188101209365408e-08
5856,-9.253249422613997,-11.65453176954546,2.580514946503291,1.1382250632589104,296.3990310568114,1.001797005772274,9.198120462041331e-08
5857,-9.389235030363857,-10.39102452995244,2.1653116498138183,1.2794752787408132,240.79840940636976,0.011198430174782281,9.212024269738708e-08
5858,-8.74377712567587,-12.287921628170459,4.186319593619424,1.0408957963424803,254.83190900980688,1.3188875190607225,9.21333937256016e-08
5859,-9.460455085578102,-10.590511075962045,2.8514185331767687,3.4689647832270567,533.6717861559516,1.1523223749842293,9.278217287390415e-08
5860,-9.383762492324859,-8.466310236077963,0.8018297966190767,0.5374403675692697,154.71855310577357,0.49466939113978636,9.279472109633384e-08
5861,-8.9959164555005,-10.758915938229778,4.110262504056154,0.4755623495555772,123.33400458516817,0.6936839694186849,9.290843545292712e-08
5862,-9.177833758847129,-12.961758460053325,2.88948536432327,1.1342749273263324,293.5519644890823,0.9233647446363511,9.297535866900265e-08
5863,-9.698469256239052,-9.091038818536866,4.572201826542594,1.5128883740904533,344.4974239930759,0.3313493508671099,9.301468481625626e-08
5864,-9.252041508610278,-11.702227225484775,2.6378398925231132,0.9602829589075169,221.4407593856235,0.05308006486419359,9.310320950389667e-08
5865,-9.726181352431711,-9.722997989124675,3.5888535072128636,1.1690446556967877,300.6568021242503,0.7588430191748836,9.336102267191125e-08
5866,-9.158949017898186,-11.26571417741692,3.5179126925875996,0.9249889060010434,248.71861849337807,1.5790302651794645,9.371295667534712e-08
5867,-9.029225963030862,-11.16720795867039,3.8639730674329997,1.7763413857992567,420.9329317225653,0.02689850349755396,9.377194237448539e-08
5868,-9.654614938443911,-9.024881294086441,4.720844528291971,2.256618141980559,432.18331444351674,1.7032717529757173,9.377253780007139e-08
5869,-8.565147988664943,-12.502298144370876,1.0757936695535715,1.667315274839402,389.5386895276627,0.5851024015829944,9.386073763418938e-08
5870,-8.48320019868858,-11.935084036658942,4.670810873074495,1.496617114188333,395.27324039040934,0.8148725114218225,9.415823897430638e-08
5871,-8.350306551409451,-12.74037473491238,4.802562584800311,0.8576878607882488,462.4380432646117,0.3650066370307661,9.445308361307771e-08
5872,-9.191033472904218,-12.19188652229657,2.45522468026208,0.9103386481948708,303.71799734863754,0.6244364890906651,9.455408895680969e-08
5873,-9.203695281799298,-11.930993669168844,3.0565023332739543,2.688475906370456,474.6636075900292,2.1203218281467473,9.455855032732364e-08
5874,-8.724679566675892,-11.477291504649303,4.347983575431503,0.6958298556151389,142.66299036801695,0.26293909202730337,9.479033159276619e-08
5875,-9.239515595234,-11.632082088739427,2.4930850560096136,0.8242389483607107,198.29520875808183,1.2292709244191338,9.491615661816791e-08
5876,-9.986176809303018,-9.471301689514881,3.5064827983530003,0.9310159092334359,254.75198124433848,1.1815750942039527,9.500065805113805e-08
5877,-9.242075594504087,-10.43881268303251,1.879070044293727,1.1184574807870835,467.0732279985755,0.7621508254752731,9.50853209524196e-08
5878,-8.904593554942789,-10.159477951290881,4.618960399832711,0.9764357257515665,467.71786636491686,0.21715865930594358,9.520042906972488e-08
5879,-8.58210699944154,-12.624716997139355,4.429893003774324,0.7297699539862863,468.1557755005724,0.2932260441456753,9.531765409632838e-08
5880,-9.644584491619918,-9.364669689500648,4.251157631971634,1.0790590565501847,470.386939941957,0.222203690113572,9.538747676659073e-08
5881,-9.972653036101903,-9.627618675497022,2.9817843737404,1.6909060088344023,469.1170995371295,0.634550949014967,9.541073873709328e-08
5882,-9.757129893064729,-9.837377517637766,2.521104205147846,0.9015621687686739,470.27612289313976,0.02688127097159576,9.574303381396645e-08
5883,-9.226519722368431,-11.822084785916127,2.940076689580569,6.962131251468238,486.5767776597874,0.05912200383502775,9.59306204095549e-08
5884,-9.82040433162024,-8.721169397000128,4.949252460528125,1.35853733256405,302.96088780825283,0.61697466296651,9.610928403952682e-08
5885,-9.893078353104729,-6.431740234530922,0.8348637608439394,2.422576854794716,449.27355312538697,1.846165538362615,9.62809565969002e-08
5886,-8.658921960633396,-11.576443956399887,4.432122393227828,1.4801851420335432,336.35526034924135,0.41656779688230916,9.64225915606115e-08
5887,-8.632963765788686,-10.73198467463811,4.738943346892174,0.9861397724000541,273.1767209885571,1.4636165479955574,9.66770362221929e-08
5888,-9.280400238428237,-11.402899746041763,2.822688995116697,0.8808846681619056,229.02029848988482,0.32735580584790913,9.693668384204225e-08
5889,-8.662949679463793,-11.38717595486155,1.124686771329473,0.8983231555969633,468.0989741223602,0.7302196739119209,9.696841949547151e-08
5890,-8.798671494122912,-11.460317849120157,4.211201204319249,0.9957612386403436,468.3754106978412,0.5271514084542614,9.696858298377525e-08
5891,-9.681485672539534,-9.799306549340976,3.5363299546027616,0.9838902283164475,277.22343360533165,0.7828697636800408,9.710905585499863e-08
5892,-9.140335397434653,-12.56916068889332,3.1477344130956157,1.056545268847853,343.9193398230671,0.01672966695228606,9.745891692479223e-08
5893,-9.58493926330443,-9.156129449907244,1.4976340655424556,1.3543811403697121,294.1377027161749,0.5183074146709536,9.747394398260694e-08
5894,-9.837148322325248,-6.703350442489862,0.7993266036738864,1.8767010505602357,378.522393873349,0.8469713019381278,9.761234289499519e-08
5895,-8.509994541585764,-10.895458140300672,4.8641995900180435,1.255017882166149,304.55872270783044,0.7833845529086778,9.761281247744354e-08
5896,-8.815549877906047,-12.89568092563826,3.976934758656781,1.507182151477393,467.83893677768276,0.9242206798343551,9.762788840983435e-08
5897,-8.167603336980786,-12.003938880550454,5.12615638793442,1.4623075919443995,468.9156915550252,0.5685363757019184,9.763996375952374e-08
5898,-9.227692819305354,-10.953479786497958,3.463832114907732,0.7735929024453568,161.30159796462695,1.1097041222986226,9.77573676448631e-08
5899,-9.100317623987864,-9.689473852101582,4.697111342141024,0.7411498774250732,138.6964517944852,0.1001518056144528,9.777425584142205e-08
5900,-9.685044342803339,-5.282562137009557,0.5769655213663559,1.892184935269363,455.65223898026153,0.5211453113512547,9.780368068627047e-08
5901,-9.899825531224007,-9.667005754831086,2.6170164806116087,0.4765870427636167,126.26917491391718,0.6680850741015041,9.790168826168324e-08
5902,-8.415786381803958,-12.158504912570525,4.737980864780826,6.0509860176440435,671.847470745137,0.4425494865672377,9.796825302926965e-08
5903,-9.252529412118195,-11.508986939529938,2.956009087715949,0.9774818384271641,268.67569512512273,0.4998501452364934,9.800103723904966e-08
5904,-8.860930569458013,-11.650033097614926,4.046317224740528,1.5495908002646597,357.33513741965896,0.19170207043653242,9.804488241943171e-08
5905,-8.827131599259166,-10.817518202086287,4.365894711371839,1.1507165643648307,467.228327274093,0.4457806461901237,9.83123749645391e-08
5906,-9.750658053090616,-9.788781220735844,2.4347739480605024,1.8067388501775479,430.5607442790114,0.5270045381205506,9.845033232490615e-08
5907,-8.830697117795797,-11.817924086703178,4.067276058059109,0.6530553931435144,135.20943545992992,0.2903129469245771,9.866758585605522e-08
5908,-8.796691725953346,-12.461381410783517,1.4252256156791796,1.9037999438477289,468.0697041462046,0.5058602355527144,9.88001472719261e-08
5909,-8.942583510388708,-10.718402421620608,1.418077962209259,1.757103468611431,438.0427909324143,0.3734422953191734,9.898755942021756e-08
5910,-9.687274904306236,-8.710808857168065,1.2849746082446312,1.1129136668523956,208.06434254636855,0.03773260398140277,9.908157553613531e-08
5911,-8.688483863587436,-10.914078073420574,4.563327471616343,1.8602365319839116,467.84740324707144,0.5845434616016458,9.953870672184064e-08
5912,-9.834534671313145,-9.737806938047063,2.6012245252449984,1.6414217870302457,386.6594471117924,0.764611635224524,9.96077095000093e-08
5913,-9.063332444012321,-12.500651070366368,3.4080062843977665,2.956375095679998,496.6582942617507,1.742275544261017,9.962198355889327e-08
5914,-8.897794597575716,-9.668547154093869,5.026412994225,0.9344200423604248,259.0342971176693,1.0163051294718741,9.990520018378241e-08
5915,-9.140006406017974,-12.424488703001389,3.156884932285778,1.287123319253045,311.269311629044,0.4058239609451748,9.993101935382893e-08
5916,-9.810892523082929,-8.603650040856568,1.3125925302751202,1.7563593785089804,447.41448873843575,0.24301069173640588,9.99321678865651e-08
5917,-8.65173127056456,-5.117083904264457,0.1426541163736411,1.3331689516849903,469.4862377465606,0.0464665425082007,1.0016599347965743e-07
5918,-9.070917060064057,-10.14147195468557,4.333923498961035,0.8867757092535806,225.69378949012832,0.28754196778357866,1.0018629933702401e-07
5919,-8.951351720751557,-10.88461110188053,4.10347255453018,3.022660831691644,500.76908389629875,1.426934090192332,1.0035576172480443e-07
5920,-9.975383056224986,-9.564794420091864,2.6080497043225592,1.2906915518567583,251.4658313202417,0.14661168124780133,1.0039668043139645e-07
5921,-9.641419810549694,-8.33743803073595,1.0856536361507925,1.9436145266672975,398.19985498400564,1.913543762940824,1.0066939223961551e-07
5922,-7.986393953811483,-7.614559412928172,0.06885956273560415,0.8433117751436957,467.82074325831195,0.3030659663219941,1.0069101570750218e-07
5923,-9.9000627579807,-8.79875150643246,4.732698773431962,2.9897440372459423,496.7676863374785,1.201002912202278,1.007257872750774e-07
5924,-8.969099959737543,-10.246007933108865,4.427691243033988,1.0992097371896807,467.1289881907488,0.40388028915423124,1.0074396503665356e-07
5925,-8.831047301559042,-12.181511551240796,3.998414036335368,1.0321619449258452,250.77101808600779,1.3892501501325638,1.0078854267833279e-07
5926,-9.319447632807522,-10.437759493468189,3.5945141046324323,3.45612595789802,476.2121972390629,0.1653437785132077,1.0084141095444828e-07
5927,-9.51121537736973,-10.346745815897673,3.041772209804398,2.5419804873611627,459.25000254193105,1.6228224649346696,1.011047102026188e-07
5928,-9.52211332551605,-10.331574812009245,2.673223966922961,0.5438276756473106,116.23270397586118,0.9080591138531586,1.0130676939133251e-07
5929,-9.461489541982788,-9.709716504643275,4.067553331480921,0.9366830568382868,469.2526036164713,0.1845252088229028,1.015088574952975e-07
5930,-9.301928037949578,-10.000750142736353,1.7475066108926507,1.9047663325726192,392.00505585541816,1.6059293397023806,1.0162253656512091e-07
5931,-8.631768331733344,-12.532445190039896,4.330447277938489,4.0401018321650195,564.2059124517549,0.5681013307014426,1.0163056776403683e-07
5932,-8.916122211581895,-12.554239813026987,1.6893313374504293,1.2675506285805087,439.8076092740559,0.33919468820243814,1.0166134949940538e-07
5933,-8.74891477448597,-10.42372540414353,4.685478035539325,0.9095758773627362,469.7353978183386,0.11356117003383126,1.0167126854102343e-07
5934,-9.186476419294564,-12.130037098277327,2.4960888351667956,0.9312691977908871,451.62609417430286,0.12796213522015965,1.0182323228700934e-07
5935,-8.521998646460473,-11.528582600521082,0.7613238699420556,1.7041754286311745,467.5884916964707,0.05019152866229337,1.0224313609567203e-07
5936,-9.88719567977618,-9.702877412485472,2.859105273257748,0.9425183350162587,467.5687529198481,0.5049968461900365,1.0236170204417238e-07
5937,-9.673147991370037,-9.53812910398514,3.929270871381838,0.5916879534964367,175.79335070953246,0.9122111612812072,1.0239219741743332e-07
5938,-9.735377605925676,-9.002614876644618,4.613732571756591,1.1197203948700585,467.26994842872904,0.25536492901108065,1.0255812056465024e-07
5939,-9.143077283564898,-12.021772357899197,2.2520893682553695,1.1964135168768133,468.8107682384682,0.32992161073566084,1.0269063137330526e-07
5940,-8.392297219078499,-12.32182890865838,4.743656825782391,1.1158587547232914,295.48459842037454,0.8025625138797023,1.027234851502641e-07
5941,-9.833703962964496,-9.590744781382549,3.531014483578585,1.1169395372386564,464.0815443071437,0.7832399752375148,1.0276333188539892e-07
5942,-9.550389742615565,-6.971846343754303,0.5582907578998425,1.8267500685452962,436.1615093389866,0.21527649187653886,1.0300813920360747e-07
5943,-9.095940627206954,-12.829834381106156,3.2388215625476566,2.968092392970277,490.7200452837997,0.8910548797474522,1.030443622303602e-07
5944,-9.05061902353042,-12.201181415727676,1.988099818294177,4.268199256625783,578.9728533609014,0.5623967360192355,1.0312473739198009e-07
5945,-9.270630796239459,-8.535606992003391,0.6784118402129784,1.0001398943775055,197.15184573232017,0.5770573753470218,1.0321257406545617e-07
5946,-9.061652672583033,-9.812864868114861,4.61811760482819,1.127570762964784,294.6800584697712,1.339083735017284,1.0321518460817205e-07
5947,-9.352074596840326,-9.614068275179898,1.5579675262523294,0.6897600773147817,145.75255871881174,0.3107744199906106,1.0334517772307041e-07
5948,-9.804994341400862,-8.672517348572256,5.013787414961213,1.0117185293752013,467.25834896360413,0.13661533343439114,1.0336234260522796e-07
5949,-8.864329279394422,-12.4822400965439,3.8895157691149316,0.5420701879584443,110.10537377961508,0.13706597669298848,1.0341810443423599e-07
5950,-9.069980108114187,-10.756907835457167,3.9209309792557203,1.0287247621372697,279.7142450465795,1.4011119744161817,1.0348577273287955e-07
5951,-9.007872762709546,-9.64201888331527,4.867409475720521,2.7246602112622504,477.8061432256136,2.0751268400213467,1.035538653939767e-07
5952,-8.385313009960818,-12.01490390031974,4.785796822977769,1.5073810324078851,354.0200081939331,0.5295007681706192,1.0365235477311886e-07
5953,-9.31556176169985,-9.405554605394041,4.654172219072984,0.5367349943983081,118.38693717089589,0.2881665718071931,1.0371365223172743e-07
5954,-8.44829726661943,-11.305881354829104,4.818382441518953,1.8614053448762797,467.8368716854996,0.009114180726187193,1.0394899870391099e-07
5955,-8.882925395890913,-11.803335207142995,3.94574809544889,0.8500819285080163,328.2604939006605,0.16470036987650083,1.039941684477509e-07
5956,-8.278638059897819,-12.953921445070579,0.41784660069094737,0.9564221017411836,467.48599800659616,0.7870872973283634,1.0407048940158157e-07
5957,-8.73171823214445,-9.753274053658796,5.188981052352361,1.8432595489777202,467.50589779147765,0.6004562043030193,1.0413476287058033e-07
5958,-8.512023397106443,-11.96468799006805,0.9166615941097677,1.185013181780254,243.2310122762195,0.08579712887860946,1.0426840319326401e-07
5959,-9.404607969133803,-10.142830452260704,3.6666298532831645,1.051053316823314,466.1622353556631,0.649352007549945,1.0434847708194977e-07
5960,-9.603252366419355,-10.146942877417565,2.89863412044496,1.799283197073146,470.04718336346235,0.19704250094205467,1.0459023641936184e-07
5961,-9.07521878782722,-12.018977115905278,3.435057238068211,0.8283533685786074,235.77608295562328,0.39150703100533146,1.0473410427329871e-07
5962,-8.896614246591533,-12.440999812893002,3.817608677481042,1.885985249463956,389.8668216393514,1.5363139412930762,1.0491999281296801e-07
5963,-9.11691876048424,-11.40134226334244,3.5028089202395023,0.9908942529692482,179.98449624833108,0.3126108473246818,1.0524518050982098e-07
5964,-9.912338693241812,-9.378917468446367,2.1590514662357894,1.1589300541498222,299.65941532560623,0.5001602919359103,1.053138510832271e-07
5965,-8.595742685744263,-12.839640311140728,4.36010900050418,0.8663653266958772,211.12162278673986,0.4464800936205755,1.0543769789556811e-07
5966,-8.936626877471003,-12.386689944460993,3.727474619185448,1.7010776970574155,467.9224432409313,0.24461980319035437,1.0549873635661943e-07
5967,-9.790309597251255,-9.58081756427398,3.6205710093957513,1.105346982423745,220.2241758193504,0.5521903250725027,1.0563703810499528e-07
5968,-9.696552997001275,-7.232440172256125,0.7292108805188665,1.492466405244549,339.5283859723032,1.5673246959016156,1.0579120776856029e-07
5969,-8.95773078069506,-10.25237111889118,4.424395007892036,0.7583782948753481,168.03242895069673,0.3933496224750659,1.0591173157999978e-07
5970,-8.458082920799457,-12.204010884030982,4.641937949094626,0.897390523148817,468.1569483412052,0.583115115874703,1.0599223008274759e-07
5971,-9.55145717952556,-7.481759627498681,0.6299974353820474,1.2448455700001513,345.31244098155554,0.7740261152042196,1.0601732678274797e-07
5972,-9.108873152647984,-12.913096435827281,3.1506536797231472,1.3423545804467574,323.6484635128919,1.0640133009996786,1.0602952958833139e-07
5973,-9.20210175593651,-11.964420375393045,2.83990509070843,0.8013613990221884,206.8477130524816,0.18591079475410144,1.0616949902133664e-07
5974,-8.921844802673593,-11.421504999293681,3.948055613951716,0.6475634465231587,134.44017258920096,0.21018932513231192,1.0617843337966978e-07
5975,-9.258251063485691,-11.319084490485956,2.9690646651482204,3.2488786244451187,519.7615675714991,1.6727095365312232,1.0649103001381263e-07
5976,-8.765340885615915,-10.853117369983469,1.1888894785550634,1.2578226109812962,276.78803344985903,0.1423219698639926,1.0666346795216983e-07
5977,-8.797391248942995,-7.400794883367534,0.2514787624451835,1.1535634379049076,276.604384641226,0.996354085781026,1.0690127450901315e-07
5978,-9.052697834182927,-12.155196395971144,2.012274282626069,0.8073573823670129,164.1985701031683,0.09975353837951229,1.0696706243948943e-07
5979,-9.077168432196581,-12.916900621451493,3.2664229493071932,0.8316348420753548,468.1945379657014,0.18719295227147192,1.069749825845266e-07
5980,-8.578806382836222,-12.466038661593378,4.410274402810991,1.2757722862061331,274.7979488268589,0.1929741641377074,1.0701730831846381e-07
5981,-7.722211471171582,-10.68316067556538,0.16339371389732582,1.169200594033426,464.04216982226126,0.4618455915512394,1.070237371970202e-07
5982,-9.056811758657114,-11.168108090642658,1.8141393332384756,1.0174704023786463,277.086250915175,1.027946300467824,1.0713358992978452e-07
5983,-8.977432614790322,-11.577394784712672,3.7789784949458816,1.8193865965183713,434.95101260597755,0.12859948896007278,1.0732563944826257e-07
5984,-9.618627830316338,-9.102436060102388,4.6032405612094545,1.5805673695609017,468.38038343009777,0.4380412289788831,1.074953935441032e-07
5985,-9.427898846539685,-10.280118939432876,3.4140908569575994,1.0887549525680056,290.0244736473074,0.5548752728486237,1.0773690555823491e-07
5986,-9.697602857991841,-9.951041073108144,2.787260827381858,1.577504049426028,367.42057297785107,0.29496554271487074,1.0776283526806538e-07
5987,-9.1885740092526,-12.036321880402872,2.5854578479186396,0.8375310842030496,241.5117485167396,1.3885685782305224,1.081309488040213e-07
5988,-9.687506560465138,-8.790301253130384,1.3407125165183265,0.8501974167825901,245.5008934766911,0.6332705093740971,1.0813309115949792e-07
5989,-9.195472315487526,-5.955066356570498,0.3049831558701631,0.907595422243559,256.01211488612677,0.7316117900844423,1.0824756279000942e-07
5990,-8.913484314252564,-12.603168728091326,3.7449663537588798,1.872612248039049,470.2706916373445,0.02715507941616746,1.0833141526081855e-07
5991,-9.607902557781937,-10.058555108846669,3.153554059053053,1.7659402990361874,468.72880549474775,0.8721713143385497,1.0833560250229807e-07
5992,-9.67662241567888,-9.70257331598689,2.194675027707079,1.8270976717457679,446.9978182017879,0.6433870466363372,1.0836524240297154e-07
5993,-9.301234751540376,-11.014380011042453,3.034647537049853,2.2908492257777966,425.4203449683742,0.8547891439654789,1.0843422972889113e-07
5994,-9.292178713567647,-10.366346124875744,3.678191719446303,0.9335295638959854,192.3151927654985,0.6387405204799679,1.0859144056089172e-07
5995,-8.994760522819064,-12.299488263167023,3.58345802348039,1.7088070489395748,369.15581947562276,1.6080255952812115,1.086785136294244e-07
5996,-8.746601264605603,-9.976602151715388,4.966604228084414,1.0627556026096199,468.0379830526243,0.8264831827604455,1.090381455684873e-07
5997,-9.768637853735811,-7.52455635458466,0.8926589804847034,1.7416163627502537,361.11506874666395,0.8696796245351379,1.0913824979272037e-07
5998,-9.160202515324896,-9.538384196820699,4.72242424285198,1.0875862014917916,283.67586470340063,0.905937222556604,1.0914687820555608e-07
5999,-8.837828559615694,-12.045223562960887,3.9746641551064106,1.5115631474483302,350.6398139087271,0.8577159627428417,1.092684100786106e-07
6000,-9.971051335011104,-7.751049099254255,1.118491310126284,1.8669417359437586,447.78053691989044,0.44224810056693276,1.0935820183147301e-07
6001,-9.361356235786143,-10.324110186511604,3.546594069101553,1.8318439036316987,467.09788219631366,0.6461930834404823,1.0957946165125112e-07
6002,-8.739903077827421,-12.89199730623601,1.3601434130916474,3.5154740042610433,535.642114118031,0.9893215019589165,1.0964094394683614e-07
6003,-8.976089800163452,-12.01176857721263,3.6751401407926187,2.419287153721752,449.7540398468393,2.106745515196949,1.097235079817531e-07
6004,-9.097557577472784,-12.96523497262675,3.1622934342212874,0.9964356155840282,246.9192478935352,0.039924444784369406,1.0976036246656199e-07
6005,-8.282460710032225,-11.347029101852229,5.043385618316275,1.0599054275101614,266.0391177947879,0.5420739117377993,1.0997216789380685e-07
6006,-9.402890520614138,-9.769528208750424,4.063545463190243,1.3552587306371968,301.92659570919,0.17329904851117384,1.0998961608545132e-07
6007,-9.994082849470836,-5.211240819290722,0.8999069461373289,1.6570211703346431,386.15512028535875,0.15945270854227722,1.1012818437703844e-07
6008,-8.921317488656877,-9.744866349353902,4.884980863515208,1.026611881857924,273.0520528412265,1.6581812111261351,1.1023832239216456e-07
6009,-9.57596489699405,-10.090988740362008,3.195363971804109,0.8689715204998392,213.12588462811513,0.9526511439386409,1.1026745501389444e-07
6010,-9.100734790644335,-12.518357835445027,2.2344700413217216,1.7654380098262623,467.89391005140845,0.8806869305842833,1.1028026993425517e-07
6011,-9.748030217243775,-9.859236511432917,2.770519297359905,1.2310862113579648,305.5889831645279,1.5117076148388993,1.1034398785876992e-07
6012,-8.802364735635125,-10.179998700719626,1.0423929997866581,2.417615032245786,449.7238994923056,2.2591306018534807,1.1041129338852575e-07
6013,-9.087146168254183,-12.05622315353859,3.362028203881197,1.4817889173644907,336.8913418647779,1.3704674705840052,1.1043357157613222e-07
6014,-9.444607990974156,-10.16631529011333,3.502762871430869,1.1503435695819662,232.72538876914072,0.1578011462257587,1.1045555088833503e-07
6015,-9.93560452781543,-9.141725068658026,4.111959608762299,1.495686530071121,173.08922912071725,0.23456268881765752,1.1045954640699296e-07
6016,-8.85723462204695,-10.53763773238169,4.40723543667648,1.8623395823073206,456.94851371416235,0.11944905714683429,1.1048526185932978e-07
6017,-8.915283126228372,-11.456028883902693,1.5803202542785968,1.609976271862091,348.0017905876672,0.4817851934942299,1.107843434053982e-07
6018,-8.773356940285398,-10.096909235180412,4.82793129220852,0.8804682952666801,224.97165369546525,0.6820516970029464,1.1095737300305675e-07
6019,-9.906310243474044,-9.591411715833491,3.2509463776015988,1.5562073879825509,346.69134672928317,1.319198135658965,1.1101382582921205e-07
6020,-8.798430048887363,-10.68442293127736,1.203184089780023,1.0745520188518292,287.2489843245519,1.1255813625450335,1.1103637519873939e-07
6021,-9.129261082675772,-8.795133938918132,0.6389080839305086,2.3774794236992007,442.17686536117014,1.4445093711180572,1.1148349346752747e-07
6022,-7.597791302971018,-10.960411469962489,0.1458616378616038,1.6637120290354777,387.3676561743326,0.2981565101321735,1.11543368812727e-07
6023,-8.931575950316912,-11.057540701830769,4.024542652266712,1.4641484028638196,324.63526264749356,0.3359015738216611,1.1207013315362674e-07
6024,-8.94521197730495,-11.93651930756929,1.7253394755012574,1.3764637539373616,468.04712752362946,0.4527663137547071,1.1225535019999654e-07
6025,-9.636194146572379,-9.888675081603582,2.3677267335264207,2.7384870752625075,475.50720663742226,1.3235353200561422,1.1228685274946429e-07
6026,-9.073305140472558,-12.430256550528323,2.121794327621053,1.0710593271990008,455.2498736871572,0.015651740790157298,1.1231325637943355e-07
6027,-9.287705292358497,-10.988103072652814,2.4577510970252177,0.8260892948090862,235.07035509382868,0.8291980918568891,1.1240978462748162e-07
6028,-9.225495628229782,-11.359788944752042,3.0674561423185316,0.9114296210449323,188.87292933293713,1.0539640254120837,1.1270976298499773e-07
6029,-9.206399756430521,-11.57779846835932,3.0165778003715844,1.1026683964861759,283.4477043103244,1.2173600567023284,1.1320644590508704e-07
6030,-8.992241499070495,-10.93323130376545,3.951646484475529,1.8368254156732862,385.0651462538442,1.7920271649827226,1.1344048037949842e-07
6031,-9.398854056098461,-8.992614839631505,1.2162432416084012,1.5514338124654266,467.9190482797697,0.31149306030901247,1.1350113421648828e-07
6032,-9.076247345037627,-10.559986337434967,3.978614990488312,1.7985770732746826,429.0888486001519,0.46526444968351743,1.1352163069189313e-07
6033,-9.637241482364516,-9.883712009742741,2.3707444999395353,1.2266831906499727,309.17730719516925,1.377847432618788,1.1357724299479091e-07
6034,-9.075716498347589,-12.014992061334619,3.384725721671022,0.7915064094244776,468.05497250400464,0.2584164737736705,1.1386749033735514e-07
6035,-8.752285639926196,-12.487177900656162,1.3717232958638597,1.1090313954245452,291.9799840198251,1.7040854011268545,1.138867937506292e-07
6036,-9.406949438755252,-10.513333283510672,3.108827220672999,1.5724075154265764,364.00721786935367,0.8540170337548592,1.1401945179777378e-07
6037,-9.405964502525734,-8.339143846551831,0.7694340521806271,1.8003155739429624,469.0437722067464,0.17706208218730435,1.1417481235927356e-07
6038,-9.022218753761232,-12.533644591958758,2.0016238557886905,0.8643955391165072,227.0488640496812,0.16034690944982977,1.1447539750112164e-07
6039,-9.006856380868907,-11.067813307141671,1.6904384874486802,1.020723515098911,277.43939743295897,1.538046072477436,1.1447950503942018e-07
6040,-9.045418039007654,-10.728060632302949,3.9402167024565586,1.9585596457645775,377.47513974970497,0.27283956827077915,1.1473670939052258e-07
6041,-8.9515589146884,-12.720494097356358,1.8284211246529039,0.8486175569900507,216.2919021374151,1.2594614698206366,1.149218638597817e-07
6042,-9.54145804252965,-10.162594898706171,3.1304701084998827,1.317012542217078,313.167534667043,0.430115174482288,1.1521211801741381e-07
6043,-9.438521935207147,-9.884476805002256,3.8359661364161366,1.8243980131466988,378.63268655277994,1.1928135734365064,1.1554472370603572e-07
6044,-9.95986413596517,-9.174178953350337,3.9977831091262557,1.2973480719334458,290.0108674862716,0.3142895706139379,1.1561468274090406e-07
6045,-9.09761011365299,-10.079324351115158,1.461130765767584,0.9652757759250047,467.66117868151235,0.6782769451335922,1.160690594351672e-07
6046,-8.858979887847088,-12.81610920338236,3.819532251582553,0.9845714658879166,468.78783128525424,0.9223982571293385,1.1616077797009908e-07
6047,-9.661006823642158,-9.982863522727417,2.8868296794911705,0.7991759739320873,211.35065587356664,1.2521764842441732,1.163831578762722e-07
6048,-8.961243700500624,-10.954870401194439,3.9882170274992332,2.4529600407021492,452.8733082455337,2.1545385929844505,1.1691254556380841e-07
6049,-9.204138324656453,-11.731242762394581,2.6925494235481984,0.9739684507411821,160.03141147768997,0.4127512407699996,1.169838800935211e-07
6050,-9.78926706696697,-9.736554753154895,3.1701823786563446,1.8225715190295069,379.46353664778184,1.2693506358478848,1.1703123956117135e-07
6051,-8.817336446766031,-11.28276579499678,1.3608597197874972,0.6149335332686335,130.17345383140025,0.02598336303166171,1.1715561533556257e-07
6052,-9.057862247220552,-9.41047547960412,4.992451918713048,0.8596039891123102,192.6401302784686,1.1965839726390746,1.1720561216962177e-07
6053,-9.499476520590273,-9.3565115385307,1.5979239748154972,2.405352584153529,449.0641086564828,2.458433101838282,1.1774678873306284e-07
6054,-8.453984860974415,-11.146664768053064,4.815288454280794,1.9036138693297784,393.9097285105988,1.9871208870766095,1.1785870426509672e-07
6055,-8.661944620563549,-12.467134276467226,4.2321854510402765,0.9215385158686777,244.20493544287174,0.2717230018944621,1.179191356203375e-07
6056,-9.812239884537698,-8.561642581711157,5.120244395319984,1.0685110053584914,260.95313621778513,0.17705699950774356,1.1796563719150653e-07
6057,-8.055217482428857,-9.732880264022135,0.2179917097950977,0.9102351418874031,415.621556292979,0.35439455443626855,1.1798300703908135e-07
6058,-8.558219250947682,-10.929958154783623,0.672639838214932,2.4659483217712848,450.47217286162095,0.45821777031611344,1.1801008833279313e-07
6059,-8.687353193256556,-10.040899917882154,4.983920454306513,1.1188815746234455,292.1741119899864,0.8564527037024527,1.1823844828131592e-07
6060,-9.17995219963302,-11.212069561831814,2.2004602238096043,2.0368181340826954,408.5947156869641,1.7355770553988128,1.1840940443985265e-07
6061,-9.110202334959114,-11.985841004217075,3.2339616637071815,0.7692082913791101,205.28383477508115,0.9265154011820824,1.1849927625427172e-07
6062,-9.162042245403711,-12.121486701969127,2.9027163439016808,1.255875522875542,316.9161468305206,0.3506652906643035,1.1877887561610178e-07
6063,-8.883751811485139,-9.792440622333364,0.9826100593002941,2.5698431823369963,464.68912017065827,2.4674677954236692,1.1893985015108883e-07
6064,-9.702698308685605,-9.882060818640273,2.6871110888274505,1.4001806734409,311.2161160109536,0.11856694269337975,1.1900613338618861e-07
6065,-8.755279545969545,-10.030580331951306,4.880427447287751,1.2051101742796635,195.21749293990544,0.13546607814288691,1.1920764198855638e-07
6066,-9.150953625446357,-10.831424495791829,1.9590868683370857,1.7051300699797671,402.0129014459556,0.6865999720030844,1.1926007839887138e-07
6067,-8.559432988278827,-11.630239813560827,4.522584258892882,0.7650885681641397,469.31129824524305,0.2436092573836861,1.1930540986034857e-07
6068,-9.026070309901197,-12.42216796269098,2.0187751031749834,1.2742984776884683,320.5358389548516,0.3608498512731302,1.195415193618379e-07
6069,-9.589510141950397,-8.638565728583824,1.2008997308665603,0.8251861369859911,241.30199609012078,1.6282347312936336,1.198349472237654e-07
6070,-9.434128334853572,-9.870152384088858,1.9435351430907,1.558931300852378,468.81446548093004,0.3278565480600504,1.1987873416523702e-07
6071,-9.017376833667743,-10.271237996832467,4.260963785120818,3.2201216654580147,517.1249157266788,1.559693547839129,1.199242949993106e-07
6072,-9.444986304059018,-10.440471736896917,2.8667696279306574,0.6995845186104745,467.66666435472905,0.3697494611906569,1.20059482567658e-07
6073,-8.953375645864927,-11.290143760292034,1.6485931414301078,0.9113623624410196,246.40472486450042,1.5749296164516737,1.201396454071111e-07
6074,-9.322371658682266,-9.100158017836907,4.9756038464031676,0.5480289999548265,118.72490964571695,0.4660644293295233,1.2016182077087666e-07
6075,-8.5954722180701,-10.861250712747818,0.8109082163242309,0.9623977049966274,468.0843185529505,0.7217486878204467,1.201727645474768e-07
6076,-8.239286160648367,-12.90444736550651,4.889163875455172,1.619479558620801,468.43695735830613,0.6057410403188692,1.20217582195581e-07
6077,-9.553331601148752,-10.051727469568839,3.2721731951031963,1.1845025852992526,187.81268361560558,0.1479203752917213,1.2053466113553845e-07
6078,-9.997009723100785,-9.514585093930016,2.815876747778986,2.321369217109557,440.0435913907871,2.1664008724558608,1.207609403865554e-07
6079,-9.070662197824754,-12.79339265994327,2.2200388092178978,1.5563475896310717,468.0440544674724,0.8973830959663838,1.2076995543731666e-07
6080,-8.809456748480763,-10.01517846828282,4.803420520036711,0.9130430699954466,252.65798149848152,1.493095147324655,1.2091325643937732e-07
6081,-9.025261382868766,-11.156150589145334,1.7761273982062138,1.2999350591168923,468.9129494879068,0.9204292836938235,1.2101527043758246e-07
6082,-9.01095986273503,-9.446008434542193,5.018128166418187,1.0900389145905864,285.965093047494,0.2600526716009739,1.2105152165513996e-07
6083,-8.426824456030413,-8.692958192280988,0.26516274550575997,0.9767075577459112,258.6189635430918,1.057951766737971,1.2106290750190102e-07
6084,-8.086634434538354,-11.956033335326993,5.188300162052199,0.7395892081263689,163.113848844878,0.09291800872846068,1.2107298609987473e-07
6085,-9.764097545764287,-9.674977941507642,2.4165042600412803,1.7161710686568907,405.1316741058425,0.230017067003641,1.2132549931125072e-07
6086,-9.81090774621267,-8.940952685408703,1.6055777111817924,0.9597666536719232,468.3727291593363,0.5260290198514967,1.2137928160589792e-07
6087,-8.840667278737866,-10.987237563957931,4.193094470001881,1.8915736757882602,468.46432425496647,0.6182787579703986,1.2156769202174647e-07
6088,-9.64943289065392,-9.725729619528988,3.573649420840981,0.6866559296812371,457.35982624579543,0.3876098692651162,1.2176205950866552e-07
6089,-9.809482439852657,-8.834192849074121,4.709968505954605,1.6191493289521244,372.8432018224772,0.507384518756882,1.2179506277160972e-07
6090,-9.602653285194116,-9.012769179061827,4.706492143477893,1.8218095346571834,436.3840298761834,0.7173088676793702,1.2187108743501772e-07
6091,-9.117557712986095,-10.4167149369501,3.9600759733405617,0.7838565330327554,469.6764491169859,0.16263296509353165,1.2195181667050326e-07
6092,-9.069680058737898,-10.476739590807473,1.6227013580077265,0.990155098025283,467.1523250593326,0.11749285336022819,1.2215334547402775e-07
6093,-9.018872458490698,-12.205308280117627,3.469065820434797,1.9628767172676191,386.67662633127657,0.7045860760321938,1.2217791696545076e-07
6094,-9.75269263503081,-8.896328253053094,1.5042235092666996,1.3263456649969882,298.8020782549276,0.713660793130348,1.222011213982169e-07
6095,-9.067137135116349,-12.438027181722203,3.271264947015733,0.8626761334263673,221.9036423170805,0.42433753060021306,1.2232904888950649e-07
6096,-9.133103230155147,-10.436294529085895,1.7331102572886248,3.2467997129465225,497.2627166486684,0.39569009955431245,1.2262162435550887e-07
6097,-8.966390578311218,-11.871570917563409,3.6712521727247798,1.6555317530827183,388.28481633692854,0.6143953187015461,1.2272773619972874e-07
6098,-9.500698149245219,-10.263792409945546,2.6695301328797942,0.9715577033151662,467.51877265015213,0.19743394801533842,1.2277781833277806e-07
6099,-9.268796205555761,-8.753933408698472,0.8659551015549176,1.6485036034625489,385.26234437007923,0.04624991989153404,1.2287842746551884e-07
6100,-8.11875141417285,-12.08257357005812,0.29565558923878377,1.1922160448541146,467.9924442637774,0.3644841859640975,1.2288450487480094e-07
6101,-8.567873242909506,-10.79395659200549,4.7419062081820735,3.221035711208041,516.0463956502107,1.3278089259518024,1.229144385670394e-07
6102,-8.627225635853208,-12.255791428387232,4.30140306432396,1.4714296644570954,470.2456996270358,0.08952806810421698,1.23065266472428e-07
6103,-8.704524416880787,-12.218437388784993,4.164847980825317,0.9343362390209178,189.11309421173613,0.886716341571204,1.2316687249957058e-07
6104,-8.583675565851497,-11.688793108963635,4.458712794065157,1.897329910665163,467.8307949789557,0.27382834278393275,1.2326161165124763e-07
6105,-9.207995330559381,-10.151618648888228,1.723726318023105,2.7935952006637437,479.7835188792827,1.1683196157820328,1.2329392688466402e-07
6106,-9.184533401693741,-11.564385866185708,3.0472113638060025,1.221710920793481,308.36165545237316,0.5624025459837396,1.235190991008709e-07
6107,-9.083915008208795,-12.861727463605398,2.2995795339960505,0.8564684405070326,224.5898919117781,0.16679553392856672,1.2353839574351153e-07
6108,-9.713128591940823,-9.214814630477925,4.254115887945108,1.8450940854883673,469.5777188737463,0.0010822565615518087,1.235935611731574e-07
6109,-8.816995294403092,-12.059398655797917,3.9641598673957223,1.8366969675018152,465.39440701548693,0.42355172437201905,1.2360661327214637e-07
6110,-8.963945164626749,-12.401697202236614,3.580156405033984,2.321920997335858,290.59903760567767,0.06973676952446262,1.2361368192867807e-07
6111,-9.130245650449693,-12.83438521576967,2.688310789524301,1.2137538392925942,277.3939416072859,0.3124754246517698,1.2364421284262723e-07
6112,-9.215412075440698,-10.280980081317397,3.859006862152963,0.9090833141475344,467.7532748020268,0.6652469415601585,1.2377673107905746e-07
6113,-8.022478081578695,-12.887226944915856,0.2602155451466487,1.539321979660773,156.52058468721532,0.40173107417945086,1.2382431971092211e-07
6114,-9.016802255497698,-11.86372844228975,3.5389954644900627,0.8479747629227115,228.62627673883082,1.0234857829190673,1.2385089104065694e-07
6115,-9.92051562996141,-9.393039797288266,3.612280563182365,1.5223955697732887,344.4992125853699,0.16837432202281732,1.2387420244682447e-07
6116,-9.071921491344197,-12.288591405149072,2.1728719617387746,6.075565619291258,673.7911063045651,0.5935157646985347,1.2398320148669051e-07
6117,-8.606824480535126,-11.875072402366852,1.1273031859506735,2.8474027414702543,462.7200116176846,0.3170658337391288,1.239898243807692e-07
6118,-8.771257174867396,-12.657344363164174,1.4364041971568196,1.2979034318609375,134.67071773454586,0.3366628594511578,1.2399459173282066e-07
6119,-9.805318665245172,-9.49086805737096,3.6466043784796365,1.7898127058126496,467.36749505254113,0.4852979677354119,1.2430610534615146e-07
6120,-9.08727927714075,-10.442086070501915,3.9907064472233387,3.3461678617361956,526.7360226470028,1.5516354322420511,1.2431811681139474e-07
6121,-8.97702190021698,-12.95335038753091,1.9430804472620478,0.9262689205482083,470.02040329180795,0.2326639527983687,1.2434710444898186e-07
6122,-9.12994234341461,-12.701811349611647,2.81846071182461,0.8590018008442653,467.6146293221259,0.44047737154661615,1.244023019701227e-07
6123,-9.127251058427918,-12.602450376562372,2.9074459663427183,1.1851445472600328,467.1984545162586,0.2264536662227714,1.2448946715348758e-07
6124,-8.93407010345821,-11.013235231735244,1.5432245644990592,1.0299554771090909,425.0496792304781,0.7244708057049811,1.2458037162031136e-07
6125,-8.141429704317009,-12.697758321915593,5.034200326762135,1.0831982383096745,467.99682118413574,0.8226774172672124,1.2463130588128934e-07
6126,-9.13441898431943,-12.367734274426525,2.927854929185412,2.735406158825594,476.7323737354727,1.5616413566754916,1.2464747909088143e-07
6127,-8.671088700588784,-12.064858709251734,4.24031011909878,1.2916453286550587,278.3642268608583,0.2041050913874516,1.2469723298580557e-07
6128,-9.435603175525287,-10.413765823465226,2.9872106299942875,2.8402797892750247,486.10865755185193,1.5551220810851305,1.2472289410043729e-07
6129,-9.20914558280983,-9.938023709654654,4.176181607735409,2.8493011966264548,481.070620358661,0.9362888246677281,1.247525843139106e-07
6130,-8.540207082486935,-11.267365989158314,4.623047672444608,1.0709261078953682,467.8623667717799,0.30724026019641215,1.2484018925286651e-07
6131,-9.690358441893235,-9.845247014727104,3.184740652507884,1.939720704495603,394.0966574402288,1.240961227384406,1.2490125311062793e-07
6132,-8.644389299247328,-11.62564079571445,4.36081996373911,1.4024876846905445,339.1030399967693,0.5177487414438753,1.250549365051249e-07
6133,-9.081510640780628,-10.06440684318216,1.4392730194727539,0.8198132176613602,468.85830881640794,0.28877102055592996,1.2515075678623646e-07
6134,-9.145695587257375,-12.309585284404987,2.7865840081979445,1.036723035108488,267.0053214458546,1.2538114269726277,1.2515361453383215e-07
6135,-9.716821477129113,-9.33602283893478,4.058682618037245,1.6234966680005134,358.3710202223147,1.6782466856820593,1.2526476642129683e-07
6136,-9.867693127352185,-8.777573990961049,1.5204847562350259,0.8699232127748686,468.5866827081506,0.7724761755512235,1.2528355493623298e-07
6137,-9.548550049449272,-8.74565130851656,5.142136009359332,0.7828498014385821,232.74209062438587,1.1368120228908714,1.2537387149541933e-07
6138,-9.757208112972465,-9.761553127346225,2.6245119712476277,0.8064865938472459,469.367377806127,0.002372297168170334,1.2550656614858075e-07
6139,-9.412847888108717,-10.405990863202625,2.471370242436162,1.292361750473724,285.8843745563074,0.10280073503747023,1.256262990871967e-07
6140,-8.988029493863781,-11.472114834619576,3.7086187416909566,1.261242057349788,307.20584154046,0.555568625756881,1.2572438708482502e-07
6141,-8.222791427499159,-12.702707246631128,4.911854275232902,1.8003777608631204,429.715501577076,0.09710641438810086,1.2574230787241955e-07
6142,-9.207274326247942,-10.4374090786614,3.7374580828139297,1.419476015070752,330.54568524460257,0.24354404958854747,1.2575392098383065e-07
6143,-9.807388168800516,-9.221520773536843,4.099824580358223,1.842982714498947,440.2254353984014,0.5353137331294571,1.2578089924809368e-07
6144,-9.107606051538443,-12.207202733031902,3.1342079426866145,1.131167415824891,294.4443233792834,0.9779888471626395,1.2583561189137442e-07
6145,-7.774648171811707,-11.11825907663688,0.16793853274773546,1.145486718585594,293.26261415337126,0.8819400431183491,1.259315203018774e-07
6146,-9.538564613836128,-10.176751589219176,2.858649227754006,1.3492747741692366,297.42591558937,0.218637252344684,1.259315328354906e-07
6147,-9.127485083067047,-12.097577524892332,2.3682009445461722,0.521063130277525,113.28010129986761,0.5430372429351866,1.2601369601948895e-07
6148,-9.022148523511632,-9.587660217160847,4.833111887561259,1.7372319861180827,413.14140548588364,0.7381433350515172,1.2605527080171052e-07
6149,-9.039382427611462,-10.384766759649194,1.5285403479645776,1.4207471437798513,332.68597551225446,0.4865291598305497,1.261031217768534e-07
6150,-8.826750412880873,-9.036040394355638,0.4478642313516016,1.790842126178942,425.22962624007545,0.3449905978477279,1.2626943418320594e-07
6151,-9.114642001272511,-10.854750587305737,3.664416364241281,1.422198865183604,172.64671229960712,0.43174820608736386,1.267444091199416e-07
6152,-8.697808889302582,-10.459466842669869,0.976344214713046,5.628726228925786,649.5315791160426,0.3548775985276045,1.2675376459806526e-07
6153,-8.48233292656904,-12.657455606972848,0.9610770625185674,1.831292088482479,270.0632028540137,0.029362670992509443,1.2697276108054197e-07
6154,-8.358024479079265,-10.650085065876212,5.119215290879359,13.401161885183,477.0214223884677,0.15791774207466247,1.2702497788332107e-07
6155,-8.877772103268493,-12.506228719881303,1.6669737845780128,1.2733039879282884,316.79967457166356,1.2363049556951689,1.2709206785824138e-07
6156,-9.183931543771795,-9.830108956559744,4.320895448150975,0.9897887617754159,192.59726756398257,0.05423259333394359,1.271270054569412e-07
6157,-8.745670500035116,-12.974421414129221,4.00674552947111,1.2145329319699845,233.03157332456817,0.011923696151497687,1.271319961451354e-07
6158,-9.331902693897874,-9.85553024179716,4.027626435303906,1.0402174605619123,242.87442936993966,0.4876627621733993,1.2713332745536457e-07
6159,-9.150347283254348,-11.394376858301799,3.265213172571988,0.9505240441389139,256.4887254155078,0.9589404687553822,1.2718590982433487e-07
6160,-8.664994465901101,-12.294734866695332,4.216957589536083,1.795257764671224,468.29370739112164,0.04530249658333041,1.2733078029552721e-07
6161,-8.330538772110392,-12.572739578973065,4.755365532993617,1.8801583156701729,452.32068031248394,0.3813406116401339,1.273892291069838e-07
6162,-8.955273299706672,-10.2416230460296,1.3110378334360249,1.454814457280847,338.12374204956274,1.685914117341416,1.2739863268373897e-07
6163,-9.65738505104534,-9.64225955363565,2.153329435211054,2.4935184980980374,444.48834690213516,0.7644167171867631,1.2765561043804344e-07
6164,-9.035353666814302,-12.338520006236248,3.3696269115812747,1.0935147238414744,283.17474208266884,1.4215447356206345,1.2771225073977606e-07
6165,-8.756489127235847,-11.968595344927268,4.081029930410569,1.5970776291254578,347.1632056258813,0.9563159472568907,1.2773680860610876e-07
6166,-9.099052538554288,-12.421274267494987,3.0995408980392836,0.663164290612155,139.88565082395894,1.0677182834727441,1.2785559814204176e-07
6167,-9.775088210477888,-9.658903930084373,2.4555288946898126,1.4342332317306172,339.9599186272759,1.0351310946601702,1.2797201053130595e-07
6168,-8.844492228793424,-10.539233031443752,4.376846277653317,1.1016607338035778,285.35515049025685,1.4274891253792488,1.282789402541411e-07
6169,-8.862726773396387,-10.161759990153554,1.155317824713377,0.8978397801378414,467.1668083196107,0.09932106698652188,1.2831500619719876e-07
6170,-9.451448472805835,-10.37829656303347,2.8094359745341424,1.01642939523767,270.97376909183953,0.9817226738405944,1.2834431493477598e-07
6171,-8.54486698280408,-12.257809959403716,4.4272290752361245,1.736578511096672,411.2700585146142,0.9012353152267627,1.286253262550693e-07
6172,-8.38243694314634,-10.428452617624693,5.186299431337783,0.8713549031570905,232.77992874750606,1.1829569141897327,1.289179411162103e-07
6173,-8.532606564045881,-10.521582168682992,4.906374805473653,1.49470133916442,334.931642625793,0.23151913752143383,1.2895262578177466e-07
6174,-9.123720888843378,-11.429794663475558,3.3378755723811637,0.8701566864363122,467.62930156765685,0.5437911274348854,1.291419131817014e-07
6175,-9.323918938424514,-10.802504683449634,2.79953424545224,1.1380673442333096,179.94345287660582,0.16157867298892725,1.2919277871121177e-07
6176,-9.054135448307658,-11.234893724527627,3.6191041408014266,1.9250606855759667,392.40299597043224,1.3583340150155907,1.2922254935415834e-07
6177,-9.261743406350552,-10.286349574586994,1.9450417000191642,1.0098766085207636,274.9022511304774,1.4409017923738316,1.2955921627148043e-07
6178,-9.004687601065726,-12.652323820439914,2.0181118080643756,0.7446858583536013,222.23872542005603,1.3430977320636002,1.2991952957984673e-07
6179,-9.206456310798282,-9.358387348056706,4.791050129202003,0.9769231710888578,268.4728277142147,1.5158530861928385,1.3050473872056213e-07
6180,-9.74663352905317,-9.177671812174777,1.7810367027121736,1.7421565972060826,412.6343905554403,0.32557775483686324,1.307913050431118e-07
6181,-8.404436178442392,-12.20511302781996,4.663293365417343,0.6857770424874305,139.17757106564923,0.3114052211134881,1.3104344611906797e-07
6182,-8.697435499398964,-12.954187389311247,1.321114808197164,1.097000878565346,285.7556399320701,1.5229885233903095,1.3107885184937017e-07
6183,-9.723337880788325,-7.35122763889828,0.8030703463437032,1.0407826816001091,467.2010100930247,0.9303266353068489,1.3138976208554704e-07
6184,-8.71161492384169,-12.241200507472918,1.308377835683964,1.0028777281531993,213.2455207807799,0.4655536274687222,1.3143987474938628e-07
6185,-9.576895980218298,-9.883288973648044,3.427738168418216,1.1877682343912757,303.20062196567824,0.7628377363043439,1.3174025769310355e-07
6186,-8.580480224320299,-11.770132687618748,1.0874160797264347,1.4993149827025025,341.30532321597366,0.40592688179054015,1.32061145566536e-07
6187,-9.229667272730596,-11.032309871541434,3.153625135909579,0.9042149662051248,467.2851755174366,0.6226786223493255,1.3221371376605367e-07
6188,-9.289329036626803,-10.802753643622275,2.4514737492101193,1.1294347864159824,272.7252780126919,0.40461575337786826,1.3235930131259265e-07
6189,-9.196024155415774,-11.532110276002436,2.794034611935406,1.8459387967066865,468.35732205456674,0.520257005920743,1.3237933953845584e-07
6190,-9.232303661077106,-9.777324955076605,1.5381501070336818,1.201998201544037,223.19445328491818,0.056613379911993,1.3238136087332557e-07
6191,-8.763552694909631,-12.038975763828796,4.048166419896823,0.9034047578217302,176.7674640823873,0.021459663331159007,1.3243169332854942e-07
6192,-8.879976895570621,-12.537377362630655,3.734700324831539,0.8673319314617419,228.88262385940652,1.0158705036173972,1.3247065807590156e-07
6193,-9.181872143248276,-11.632287838754602,2.8733067067599602,0.838225100272329,467.11252933503044,0.16143038920353803,1.327532102039462e-07
6194,-9.03973412816069,-12.463823124078283,2.1111187616812197,0.5068806479925432,111.56219227250526,0.46959883301954886,1.3302310901607198e-07
6195,-9.170406241921423,-11.72667920014882,2.897125078136249,0.8978668627445818,251.144145737352,1.024869566279217,1.3320828940004133e-07
6196,-8.650477279665095,-12.106568884747272,4.248680962662381,2.373681694076643,444.46789978259926,1.9106975651160907,1.3323484891044908e-07
6197,-9.030940313277888,-8.726827379608718,0.5190119001303444,2.491084122894038,440.1849107141131,0.6391021733281947,1.3334774190546866e-07
6198,-9.880617349841216,-9.4889518748426,3.422537468728329,1.2006943668064984,261.04531956512,0.001283725530240254,1.335475707355234e-07
6199,-9.713287974012479,-9.200269449054312,1.768281798283378,1.1180642846577904,287.4771841598918,1.5209395338406013,1.3382097735678046e-07
6200,-9.041132803671259,-12.122440619258155,3.362338288404787,0.604123551850604,181.20235561646578,1.111783847254622,1.3407276120460117e-07
6201,-8.75975377669018,-12.332323631361314,4.011327438389435,1.8567408723600247,468.14789934230726,0.29560185352447554,1.341243644834392e-07
6202,-9.167058724516753,-11.506496182955173,3.078933204238283,3.9012067609797976,563.2201778349571,1.0714529262724222,1.341962409847519e-07
6203,-8.24918156563627,-10.085835482430243,0.27879841806451494,2.3291265857280834,315.73090273932354,0.0031211862900279996,1.345518855336235e-07
6204,-9.145722589638819,-9.302562683809644,1.1272704334482238,1.9046011228334128,468.8127871603711,0.32970422736339966,1.346045390847174e-07
6205,-9.96491127304403,-9.035495449716793,4.15744498070768,0.6032609107436553,129.87780433837835,0.1465973230076063,1.3463566945333098e-07
6206,-9.967476184175041,-9.363826131123515,2.348404458949213,1.1483670626042242,293.8189011050061,0.8202840023038069,1.34771854063103e-07
6207,-8.201515216439512,-12.13725172199407,4.971304190353135,0.834655577326585,164.00423001160536,0.049884012671726374,1.3482788572240378e-07
6208,-9.021270037285309,-11.228348777359162,1.8261295954048435,1.0319568631479874,269.9840133277918,0.48551923935174734,1.3490447269075091e-07
6209,-9.39747302757543,-9.8138117349462,1.865058912575382,1.029398535184691,278.951792536585,1.5665520190820699,1.3540758059581867e-07
6210,-9.269869570856553,-10.078485895890935,1.8298659216706468,1.4671852032283317,332.1747215689161,1.0072723029038668,1.3550898514664917e-07
6211,-9.206611920868797,-6.026845584176425,0.3196313038042866,6.760282177593508,683.1756844687776,0.25855015738593146,1.3595898658422658e-07
6212,-8.99232929329692,-11.48866844248402,1.8253359448461488,1.2720680902140635,468.92005694792965,0.8655602155075277,1.3625809254758742e-07
6213,-8.55447913047092,-10.671202857913048,4.781907013229797,0.8176115668914086,469.90961399040066,0.12769887552748838,1.362825612793033e-07
6214,-9.511541230465866,-6.714161685441003,0.51622134448117,1.3995624059743992,449.4035401458561,0.31820316185063646,1.363227257680264e-07
6215,-9.240666374502222,-10.640968915607356,2.1444263268329107,1.2329224580360931,311.56666784914137,1.5253387245911476,1.3638005454761664e-07
6216,-8.510814262601098,-11.986213191984522,4.501006457616004,1.1583389063213956,189.71639274131573,0.14216462345637648,1.3685520220317912e-07
6217,-8.9558930522716,-11.034901504192188,3.9013186641631066,1.015355246254473,265.9913115088334,0.43184962468843935,1.3697537100317062e-07
6218,-8.408931549333747,-12.786422547147094,4.593479443695905,1.390379456518602,468.03487991590083,0.447099557646065,1.371094370948044e-07
6219,-9.080742720727839,-10.60843377330528,3.852487755773841,1.0601433242183236,176.30930369925957,0.17064327017210612,1.3713596037268495e-07
6220,-9.706136314561778,-9.45384968441322,3.8417873532862696,2.6718697956043047,458.3880621828983,0.6316247358288196,1.37142081915694e-07
6221,-8.947916813857427,-11.260243106112465,3.8287072118470724,1.0045493501650162,239.49036076754547,0.4432244102726255,1.3744216963435091e-07
6222,-8.940240702404651,-10.348829783920223,4.29430182334814,1.8764188719377315,453.2890942216289,0.07375413049298896,1.3749571431081662e-07
6223,-9.579869202496264,-9.202827298514546,4.416667752561898,0.8664742486554607,228.72568631054338,0.8635511233632691,1.37497484489616e-07
6224,-8.84242937149521,-10.822821731684074,4.213770947466992,0.4959012914521662,130.30411178578123,0.040065107292462265,1.3768046170475368e-07
6225,-9.759016272408726,-9.62106342721927,2.39138341562008,1.2099431433632366,251.8420111492159,0.8641302634474135,1.3785853421506274e-07
6226,-9.249280113460475,-11.095899457069835,2.669634426743401,1.7051356635196797,370.45379493297474,2.0877265496541098,1.3788519609802987e-07
6227,-8.52172907997703,-12.43854695431951,1.0480561078228618,0.7290726609735985,181.68262913104755,0.13290352687779272,1.3817485949989875e-07
6228,-9.950231221397699,-9.337064893462234,3.5952656283283217,1.106701151105744,288.4962075767474,1.3045529176678548,1.3820807612442715e-07
6229,-8.587217960908307,-12.667957912011767,4.294954481049602,0.6854860255347338,135.58743326168684,0.02533617672353916,1.3820933813996192e-07
6230,-9.04473725254062,-11.70057716331564,3.434576798772144,0.9498826741850857,258.96850860372876,0.7984666690607654,1.3822316505902078e-07
6231,-9.781795762952607,-6.168255007673648,0.7200863709921014,1.754780401270587,415.44098388539874,0.3385449198322794,1.3832511190696645e-07
6232,-8.918621455879443,-11.29926782619413,3.8776604752286263,2.2350608633397564,360.1261141726553,0.15196089086514508,1.3870974048215533e-07
6233,-9.428352440130793,-10.334054123763003,3.0706194814037424,1.1600689771774402,297.71197598933816,0.9491975269879784,1.3877119384560276e-07
6234,-8.581118515799819,-11.359365132336961,1.0325587215587104,0.9922676767738966,196.363413745857,0.08273634630744287,1.3882239352416706e-07
6235,-9.079752411886158,-12.325243948706863,2.2827091022380586,1.3596438650908842,316.04248578251946,0.3697756055498944,1.3901957832778517e-07
6236,-9.170674779270998,-11.67178780370243,2.8299354503868837,1.3442972649540608,329.673025780171,0.5639925979750622,1.3903666336335003e-07
6237,-8.27023996966441,-11.761799338201975,4.911491791500466,1.8535287375655167,468.48104834905683,0.2617797228221326,1.3911213633424134e-07
6238,-9.246148494018069,-5.777270897332701,0.33235740759242366,0.9149317253618967,251.1096535638134,1.3824876611071772,1.392667249468174e-07
6239,-9.216458564681405,-8.312112792746683,0.5586355472296209,1.4841492470625204,333.56107885997017,0.504446464195591,1.3927606266812495e-07
6240,-9.943783314130522,-8.666570719659752,4.763683199124994,1.1820882022160906,299.89994999186024,0.9234464054786686,1.3934941733050248e-07
6241,-9.111258052277682,-11.557956978893131,2.201622399452362,1.175855695475699,240.3651409621222,0.680028003309304,1.3950100866824476e-07
6242,-9.438124989465841,-9.890650379415757,3.7205149947252383,1.583622637584791,199.75526296840522,0.3699408192039684,1.3955681533174744e-07
6243,-9.156359418303577,-11.429160473147837,2.3323581987256365,1.134515034401878,266.48242885830473,0.9583235619855186,1.3959502140972458e-07
6244,-8.958419362339244,-11.68491986313286,1.7896867165791388,0.8899729682708776,179.23312233975062,0.47827164535503464,1.397530541109168e-07
6245,-9.211095490114642,-10.727396286572493,3.426855367310025,11.170859097315942,628.5689494457719,0.027285973541977704,1.3991713480656794e-07
6246,-8.69949151844204,-10.286194035167876,4.74475501222475,1.6173829006252276,376.6958880987734,0.30936226912966713,1.399993684427494e-07
6247,-9.181729213607097,-11.136188951069306,3.2144546297082077,1.7249158920875258,446.89082087538577,0.13370959753128808,1.4010628403035355e-07
6248,-8.762070162718082,-12.952623800626666,3.9367717500794708,1.1512152779067435,299.89071369213093,0.7433993856999779,1.402418679942518e-07
6249,-9.142084644770328,-11.656205404471205,2.3872153287408993,0.903006471128648,470.3243727295467,0.05584312621174625,1.4037299215777538e-07
6250,-9.207665932403783,-10.922725293871629,2.2456656615759654,1.0988350213003604,468.1498513304096,0.8859752019577538,1.4074991204412296e-07
6251,-8.739117440360733,-12.736669509637455,3.9919019480081745,1.0532306622624468,285.0310916999714,0.7538065606835715,1.4111696627008118e-07
6252,-9.692442930025116,-9.462619315574027,2.0417129277565675,1.104602329896377,275.26216864247294,1.595411066307621,1.4130975894245683e-07
6253,-8.731313446489715,-10.720281634789838,4.4487488646476665,1.272037651487778,309.4674028689032,1.4305374195373384,1.4135222689787968e-07
6254,-9.072552027514925,-9.745060590890079,4.549764354340909,1.9897450571165631,402.45253908339583,1.7082561962983425,1.4190367917687713e-07
6255,-8.30565494331311,-11.604501393670777,0.41269166980530025,1.1321702414025958,281.01295866132125,0.6700690708779815,1.4209179905082765e-07
6256,-8.810157112404033,-11.331897689369212,1.3972900369173948,2.750699377450724,479.70951858424394,1.916907820695605,1.425077316567016e-07
6257,-9.217562568101252,-11.067183994364186,2.422193072614799,1.1344121831559968,297.4710252567563,0.6208876116180297,1.4273606507760374e-07
6258,-8.923579304313602,-12.35501285218736,1.8030638874936493,1.8168320892563352,439.6713547220808,0.9545661355202162,1.4273830124445998e-07
6259,-9.3422510488041,-10.19920213536905,3.5593057649069157,0.5311380737219447,110.04356693572149,0.19674749919044476,1.4275266287720325e-07
6260,-8.28778779900427,-12.486125531878532,4.7939401382216325,0.9602144328391606,265.5912089275716,1.5399342035100494,1.428090404027557e-07
6261,-9.066211465803889,-10.84229254662472,3.721930611735671,0.7544572358121076,161.02625575225227,0.32410977443403066,1.4281993755367072e-07
6262,-8.957470250848496,-12.455972722781356,3.5146307777764876,0.7578945009322002,151.70260052403071,0.1397620374751929,1.4291919683667824e-07
6263,-8.324060075597895,-12.357477649684318,4.748015666005302,1.286381831751228,287.8692693931248,0.8036227417496358,1.431402390443933e-07
6264,-9.082056757530495,-12.388289113903834,3.067653176951296,0.8765955740660634,226.12030143441956,0.14814000693075524,1.4324968870116257e-07
6265,-9.190012874559091,-10.602645885737813,2.012569626609524,1.8587321358239988,469.63680859573304,0.07400168655137929,1.4327564398218208e-07
6266,-9.898993984945106,-9.50448999243398,3.2433537955135545,1.265124911938224,269.30693521188704,0.6292850899337488,1.436630230001159e-07
6267,-9.2013711392664,-11.130409547198425,2.385546517461237,0.6536762035248751,189.3096526774774,0.6619495085672025,1.4383012244503585e-07
6268,-8.997220535567966,-10.21991631071278,4.262877526527274,1.999675786685013,384.3031303272429,0.49726048129453204,1.438546273505731e-07
6269,-8.481122577324047,-12.98352429781536,1.0062038845867922,0.9727178888008762,254.72219195797555,0.16995515251450577,1.4397617965726414e-07
6270,-9.317164348894542,-8.815571677618884,1.0452825305499438,0.9645241506837539,194.2633487303671,1.0961721477210888,1.4421837230730673e-07
6271,-8.666427463374385,-11.580012327970913,4.2792810131028265,1.8703263097916831,468.3859928133175,0.5311491923340412,1.4460857578611957e-07
6272,-8.794628000933715,-11.187978911090166,4.142260538277532,1.5621854163303914,468.8019903138228,0.10977403447116618,1.4461536830044803e-07
6273,-9.123038624921229,-12.12082369167322,2.8614308127912813,1.7344497198457431,410.23271770471143,0.9379279877875444,1.4472865205534188e-07
6274,-9.761132925156062,-9.213511911928691,4.1122422653139665,1.5458788955021008,463.5597502684743,0.06399721478868603,1.4490100466728702e-07
6275,-8.211221684277314,-11.911478876720238,4.964727649111308,4.035253276390451,571.965051922535,1.086372848945829,1.45138706763407e-07
6276,-9.514866790602715,-9.855419053413701,2.180377650361067,0.7461384406573419,207.51859446215343,0.39225825939410885,1.4522345523868376e-07
6277,-9.058357882601713,-10.908025395207641,1.8349448305382092,0.784187586998877,172.58596879282632,0.0595531085342742,1.4531147274338194e-07
6278,-9.059379462494938,-11.709583153341255,2.093842108976926,0.983653104258377,273.288573912541,1.6849791240006846,1.4551866263519722e-07
6279,-9.62364048379715,-8.348418223431533,1.1091058652206036,1.0111601504238386,467.09636966993736,0.616572034827775,1.4589024882240853e-07
6280,-8.772568234674814,-11.354917343500858,1.3341183427841417,1.8364479661968578,468.32195588924685,0.39665516043990046,1.4617640244268996e-07
6281,-8.397299534408928,-10.98562592276404,4.888054362516735,1.3419794821031639,289.0899148062223,0.0023688363156155745,1.4626734130741599e-07
6282,-9.555910649388968,-9.651546534709354,3.780078567740387,0.9373774396334396,187.41948586144858,0.7160524390901237,1.4644076892632297e-07
6283,-9.236025907810081,-8.042826660439601,0.5038970213781632,0.7224592497169325,149.51038569074015,0.20935736704869345,1.465346190298379e-07
6284,-9.298702561753524,-10.787293029006232,2.724398591800479,0.8906981530611232,468.15599553441314,0.07661763612733541,1.4654019551633726e-07
6285,-9.659511362677645,-9.84334446518221,3.0944073402709718,0.8730144440310654,467.9343191549632,0.3110001062479659,1.4686203646765955e-07
6286,-9.754656843883636,-9.709603490199793,3.06359380308566,7.119492977575526,640.3286478839689,0.14487231294758196,1.4694354495979229e-07
6287,-9.294440730238284,-10.772764125023924,2.5612446200087016,1.7956970955608904,426.88404528042037,0.2109120120014749,1.4695926012377005e-07
6288,-8.841565158309862,-11.127871705150294,1.421014658422396,1.394101083006535,303.52572648873127,0.19818834117323636,1.4718008067369303e-07
6289,-8.309915629708355,-12.219357787553255,4.774829989354018,0.8010152944369282,457.58446940461636,0.040463347296539,1.475609543464361e-07
6290,-8.295428736556794,-12.506755318368878,4.769286890498516,1.739654890379296,468.56510231024316,0.465018946486512,1.4760303659573429e-07
6291,-9.829633146965875,-9.614613763137699,2.73028653570373,0.940084813513719,253.13403648392085,1.3127909235827095,1.4793479959742792e-07
6292,-9.414833481013616,-9.474030261731063,4.272649756284351,2.866087242372715,466.79151345627173,0.41565459285508144,1.4803085395304008e-07
6293,-9.079999771379146,-10.158524343572243,4.144315462255062,0.862405392640718,221.25147720676568,0.7495733774190905,1.4813552563322753e-07
6294,-8.882181384808227,-10.320828937525397,4.387224937635302,1.0999683146596329,279.501656494363,0.19079715358461957,1.4936409212696452e-07
6295,-8.743449400309155,-10.310989199110153,1.0336205161297238,1.7069809550425465,402.95782239889843,0.716441812747739,1.4945141185341006e-07
6296,-9.665079662811646,-9.732782532591957,2.4085202839012756,1.7820688649788143,374.8308306071989,1.3199286895480373,1.494776635396889e-07
6297,-9.284213463485262,-7.779115270278466,0.4899253586030694,1.028775966191532,467.9435732182754,0.6273131878330318,1.4949591556146928e-07
6298,-9.888183331368236,-6.246555690243411,0.8545188539314921,1.3909918771821794,468.05095796537495,0.8972023396311171,1.496145163583635e-07
6299,-9.114474919423245,-11.6081619865835,2.2829631288306884,0.8778640929623307,467.3009193669399,0.06468604297214764,1.497154507338407e-07
6300,-9.89185025586511,-9.486581087223351,3.2847246018408867,1.374362896043186,331.1651529086783,0.2962080363416728,1.4991382439045175e-07
6301,-8.800045265065904,-11.073457975733412,4.160321053837602,1.0972281454259265,290.8715368094091,1.5907209168678502,1.5002147751671403e-07
6302,-8.679488439820009,-10.971119606154499,1.1381937084906601,0.8871472213762985,467.694942385186,0.6368400021182783,1.5028251878794464e-07
6303,-9.268151522243478,-9.583973469763556,4.372993414044184,1.3989202777020338,325.5457721688515,1.44743215259225,1.5038621762160482e-07
6304,-9.636299232542358,-9.378744451600012,4.032122329756185,1.5334671348344364,468.0432266879074,0.10020249604598241,1.5042645691911758e-07
6305,-8.786430773982532,-10.844286706796657,4.273473865858638,10.590049571631369,663.4527204778792,0.08645778436857299,1.5048778972338236e-07
6306,-9.610379123629702,-9.070098242690294,4.528107633179062,1.8889816859704094,468.05221587095815,0.3541753379778054,1.5115744659851307e-07
6307,-8.615342065100856,-11.191437267518578,4.451078063844036,1.366001806114887,467.8379722456347,0.05731576862270682,1.5164116620520627e-07
6308,-9.920748760208353,-9.295138754437724,3.679795413650724,2.809201029360715,485.08026451690426,2.0770389258333752,1.517785482359303e-07
6309,-9.881022562417584,-5.956679107517249,0.8281806536483474,0.786967986914955,167.4386539393021,0.7484668398981951,1.519131108414976e-07
6310,-9.854076582572857,-8.528263757928919,5.037767644366604,0.8827939486579633,127.17546110734318,0.3386351555161271,1.5193791924431804e-07
6311,-8.818661988152563,-11.770527142178837,1.5025095086505587,0.8710839433763928,220.8020615687793,0.7166048963401694,1.5225427377037476e-07
6312,-9.093974847405043,-11.247525811494206,3.4009679645715765,2.9012585181767347,488.40249504307593,1.1285807018148688,1.5227779773870798e-07
6313,-9.258903646509012,-10.9320540220434,2.7911045498608016,1.1996332058934913,365.5808838517069,0.2866013228344144,1.523036288720412e-07
6314,-9.468378869483734,-6.098548340655085,0.46041153069060675,3.5320331854447797,374.6755432957972,0.02817215982346255,1.5234928443615617e-07
6315,-9.870671329407282,-9.352348533601571,2.230136327020456,1.8086689081607363,468.2937484040861,0.7974566173623376,1.5276011888277364e-07
6316,-9.70079570957894,-9.60980850748104,2.2929148473729075,1.6838805912320451,357.7483092017517,1.0359203152976937,1.5285743387316636e-07
6317,-9.6611099344002,-9.091146245170235,4.420142560477956,1.3419026990301108,288.9432322327518,0.15239769498950917,1.5296064862913402e-07
6318,-9.064124548470767,-11.85429683319445,3.250322122412043,2.020985220088175,401.4646915902856,1.177746783461746,1.5315158254342686e-07
6319,-9.105567960350637,-12.332954433116766,2.699874181293724,1.210941230338984,306.2664918379283,0.5854951140610885,1.5329888625914932e-07
6320,-9.023451695500837,-12.462577313701837,3.2523508228357647,1.5605330650603733,467.9636087208548,0.6082046213642043,1.5362417269915925e-07
6321,-8.861982234747112,-9.241756278703921,0.538222902369161,1.2160264327682455,226.75905270087566,0.04639278409272496,1.538606631585856e-07
6322,-9.120836901293682,-9.636129312225872,1.29319370870828,1.4019839002710075,305.3706718624732,0.4292940146916333,1.5405002143645731e-07
6323,-8.374422893019958,-11.654478270257973,4.7394128298007585,0.6495481121390773,181.92207231510486,1.052048046225031,1.5418190419615345e-07
6324,-8.719666593191189,-11.016666341922646,1.2057378876656475,1.1593065095369905,466.9665210500975,0.13866349088450125,1.542921052728213e-07
6325,-9.537681932448406,-9.201070573031945,1.5700084803456693,0.9950885160033331,468.2989152614116,0.8028746948349168,1.5429367100355454e-07
6326,-8.611206176685421,-10.095551281514267,0.5261322156831986,1.3273533988378923,299.5521803604871,0.06274294441985262,1.5455132903491445e-07
6327,-8.834251939774207,-11.355705389447234,3.9880484844583703,0.9795115737630699,213.61913258493925,0.009502198914904447,1.5457339709928714e-07
6328,-8.709307483767155,-10.560751563901393,4.535676570809542,1.7656691899198997,444.62113983752704,0.6034639452985244,1.547167612998242e-07
6329,-9.052028372247593,-11.43168409637215,2.0241376358330894,0.837673902437009,457.0048870239225,0.11701306274521261,1.5471984205845587e-07
6330,-8.85289722813264,-12.826530975524,1.6860064671331672,1.604174942036723,360.2592718549422,0.8322759249430449,1.5524648984588875e-07
6331,-9.996931353456336,-8.72597022106579,4.568832094602016,0.8608833349843289,178.19356986303612,0.22767573987963718,1.5558152193082672e-07
6332,-8.839277168197356,-9.464928885740449,5.17728222303023,0.8746105809182717,178.79020883738642,0.5160920612413955,1.556287517673304e-07
6333,-9.870834201842204,-9.561507147422764,2.8923512833717178,0.5877629644072234,158.3573387934731,0.8537550053368212,1.557354933446932e-07
6334,-8.844618344053815,-12.487541753512003,3.7456344444152734,1.687770118113659,413.25484644607087,0.5659061399684271,1.5588470565758327e-07
6335,-9.055037488194504,-9.693567710367324,4.595258448961533,1.165362392350924,467.23357672793645,0.2637238195839986,1.56178063765911e-07
6336,-8.31467365808531,-11.541916462319117,4.8482795356959185,1.241081493863015,300.67286727208153,0.5630774109480097,1.5657068654958648e-07
6337,-9.1846613497124,-11.154749127362676,2.4204879594820956,0.9564360140101058,191.08019367618257,0.7724121712822205,1.569970874690855e-07
6338,-9.809086668234178,-6.457318421584663,0.7826255410059179,2.6724031417797782,473.0848333447786,2.079292226566099,1.5708723781405139e-07
6339,-8.722751641970785,-10.15963150947489,4.751132142338049,2.4710703399282337,451.99536985508547,1.506664757547493,1.571703835692446e-07
6340,-9.246283435077814,-9.44036457182196,4.562369057519646,1.0386944387871866,467.50084775360057,0.6372251453887552,1.5723167016092052e-07
6341,-8.883434748911775,-10.77696523263138,1.42138822486597,1.2814367473238335,468.0246411833369,0.34983793477203307,1.5726983909448555e-07
6342,-9.064564431487609,-12.56498623062675,2.37002205900753,1.1934430297823893,263.5938842584306,0.6190598246376195,1.5766548718592505e-07
6343,-9.647550716891434,-9.798517864940017,2.5365552365918296,1.5117365377085983,341.13667815762176,0.9708678562264579,1.5797440621349574e-07
6344,-8.980792534107655,-11.08490367175274,3.755178398411991,0.8133894029667158,183.22909250630298,0.21855807511943137,1.5810308854613587e-07
6345,-9.185541047198214,-11.281724400528633,2.8982658743456926,1.8410425793079883,467.55999439443326,0.4354422103898674,1.5908486649096503e-07
6346,-9.300008724993896,-10.700493470093283,2.653078231595739,0.880366941832617,220.10448477023436,0.734979419881288,1.5915923321441443e-07
6347,-8.451443553536514,-11.382377033244815,4.662003309915998,2.8049351781893055,484.43265789744726,1.948369504951244,1.5970282069628217e-07
6348,-9.917949409761658,-7.763420138919919,1.1205370238085866,1.1602641109704666,271.5338922855034,0.4089579823348126,1.5978930291123875e-07
6349,-8.280433278186136,-10.983270098013904,5.041169827488942,0.811272302454016,168.6930893273395,0.085496656979001,1.5992794862198158e-07
6350,-8.574868505760028,-11.402601178514272,4.448091213913047,1.6625377444006049,390.2976640384204,0.002148510218082045,1.5996870898386698e-07
6351,-9.146446702358102,-11.559486922994473,2.536067391241821,1.8103245509582444,468.4278167247101,0.28939965846428084,1.6011237421167454e-07
6352,-9.0087131938969,-12.391349616821397,3.2872936532900923,2.4904781184475846,457.16185999063856,2.433581264524207,1.6051304096170614e-07
6353,-9.268240305077533,-9.005773478738433,5.07556131336155,0.7596544487323635,171.6631908798196,0.10475001862852196,1.606479441477906e-07
6354,-9.133404351160952,-9.833513749302764,4.308404831943906,1.2464625915654985,469.41950717561326,0.18521480072568952,1.6099656131357413e-07
6355,-9.240368926048095,-10.952390189065019,2.858031572814515,1.1705526704435996,297.4645347152289,0.3861659130719346,1.6116150605953282e-07
6356,-9.847940156254287,-7.0455882432942625,0.9093255998485871,1.6640971370956366,385.5876607350279,0.07692960505860658,1.6164284780436235e-07
6357,-7.404920844315495,-10.955619462007984,0.0981308896748517,1.8526049647351108,372.92956281560186,0.42940466945781797,1.6172474719030235e-07
6358,-8.969227972460832,-12.633730582436389,3.3778285537394273,1.3374916796207292,308.133607619,0.387499013639677,1.6181598742372024e-07
6359,-9.41015837581844,-9.554690221225743,1.715947105945499,0.6603179217866889,162.1524762102655,0.5605999278229792,1.6202954606561953e-07
6360,-8.415971230827203,-11.759321429351603,4.638943459415491,2.5037384171713626,434.86872910922006,0.20791593685878862,1.6262871832468885e-07
6361,-9.205231226664706,-10.537336019152521,2.0650569458817003,1.3392870914332946,326.1790758388873,0.563949007902484,1.6282437760322224e-07
6362,-9.237665864928127,-10.833999373491977,3.073922958032125,0.918943373544445,258.54372793313155,1.4886180626926864,1.629814062530929e-07
6363,-8.546884146586793,-11.113305248888551,0.8400889242505638,0.7575719705631978,175.46707927045094,0.3040322580026409,1.6320517947622527e-07
6364,-9.749389630312272,-7.5028216308972135,0.9025446496143785,2.9602176352409617,489.448453190327,0.8291797033383057,1.6337412837943323e-07
6365,-9.067591611353368,-10.039562139879179,1.4574342644153848,1.0008785273157896,274.09893392138,0.9101522584977912,1.635023275928846e-07
6366,-8.514721092297034,-9.082491233709888,0.3090710395213949,1.2321617195233692,246.5612982988839,0.015473805994482781,1.635592671157386e-07
6367,-9.255355313036006,-9.116744378233259,4.940989531764594,1.5769744717840397,362.3724269775306,0.4574004550588837,1.635882265745832e-07
6368,-8.46786407963416,-11.661224389839603,0.6727079561516867,1.021276829055192,468.1250462921883,0.8358688096146132,1.636651920197195e-07
6369,-9.54358716243913,-9.86111542463553,3.3911601332026597,4.998883114374804,616.3074357701092,0.3176742354288571,1.6367759586389492e-07
6370,-8.669654275909961,-10.240608576228123,4.769656868935779,0.8499458662722238,184.97204261524053,0.2299339864768708,1.6369961663786052e-07
6371,-8.55550515832044,-11.537999932090827,4.441302311163895,2.6765013269842806,473.053441038682,1.9123804810540532,1.638208409495051e-07
6372,-8.669136981198358,-12.76538740920088,4.073085213502385,3.661439795608473,409.1479979890522,0.023781784349334423,1.6395577406342137e-07
6373,-9.877795628973105,-9.526074928203691,3.0335007200322543,1.0102397166272346,273.7807644646338,1.44252433005639,1.6398637422365707e-07
6374,-8.955532123356049,-10.704738692493782,1.5575444877524185,0.47597385401528963,131.9513501777361,0.7066540496430314,1.642723679986686e-07
6375,-9.9510796927591,-9.376046472689797,3.353972179415261,0.8883963626095326,469.2133163644949,0.00794183903457224,1.64331145430721e-07
6376,-8.483860791247082,-11.521148109486534,0.6955031311543856,0.830833864139418,468.2939309451964,0.14812700424373304,1.6445850132690053e-07
6377,-9.15556754539359,-9.562142011020033,4.549365523927239,0.9130737111227895,427.4134054231551,0.0639147523387047,1.6472765385963159e-07
6378,-9.129198833076387,-11.04709999582575,2.1420834231739256,0.9296957267980624,263.5038305551044,1.0920205053536547,1.6481626583084829e-07
6379,-9.61141698752298,-9.886765287784431,2.722761289543466,1.5133912612735962,346.43091560282693,0.27444844521161826,1.6482113324656771e-07
6380,-9.026920783669645,-11.896939915036628,2.097664667913611,0.9769078761215014,199.1795770870828,0.28810923059016513,1.648861349355226e-07
6381,-8.165276230872344,-11.61883217372479,5.043294276980571,1.8092532294290251,432.51948773299927,0.09077457086425866,1.6518544743563427e-07
6382,-9.115243057270789,-11.652279258093008,3.0273692018962164,4.567892939733541,474.6292971448579,0.03279437420704845,1.6538267831920544e-07
6383,-8.383436358152936,-11.900421440320116,0.5276166216134724,0.820977032707847,469.2681771350996,0.19587881394645912,1.6540856007756997e-07
6384,-8.690546738669472,-11.578334529595505,4.186091672820492,0.7593259601789063,155.99839631000688,0.10434788205347889,1.654271986341187e-07
6385,-8.518341031755947,-12.492233159591109,4.369149626541452,2.194718403935932,426.12441402702643,1.8307469499579598,1.6555412004989155e-07
6386,-9.143235653307931,-10.911980156033982,3.3843173427954434,2.4255791363242967,445.1783274535389,1.1978306046655884,1.6596762759943848e-07
6387,-9.874935688627298,-8.945192565500335,4.331232043252943,0.842481809026722,201.08097733492173,1.1265835747675128,1.6600627825106653e-07
6388,-8.876180512306705,-11.761713210316412,3.758511970322149,1.6116207625598025,376.5888435903534,0.7416169243476718,1.663102791628412e-07
6389,-9.695384823603934,-8.73113526252057,4.882180417969608,2.121422097701318,409.0254049749422,0.2845763213921222,1.66505931126325e-07
6390,-9.836696583314277,-7.713613254090881,1.0549850830979168,0.9824350595616463,197.13352793291034,0.6865200023477804,1.6695158973327308e-07
6391,-9.055178821506782,-9.544519834060416,1.171742898014007,1.0778348209473374,281.75142481910586,1.8398910250877973,1.6702247691780197e-07
6392,-9.9200745705729,-8.84312708994221,1.6904958170428572,1.4483229079753515,332.17724611379714,0.40586211468327615,1.6744993752434806e-07
6393,-9.538961415349625,-8.876783048394639,4.865162880013777,0.9511341317659383,200.23895122611705,0.8702937892198968,1.6755060734638258e-07
6394,-9.422098284646943,-10.28391465705336,2.898437118692861,0.8607787637653315,467.5701922416378,0.43041334223695227,1.675592685926303e-07
6395,-9.345603203428357,-10.029149783484979,3.6546765402042696,0.8936585763259095,253.57118984750966,1.567812269602073,1.676418998176047e-07
6396,-9.080541857579641,-10.910879558305497,3.558525520628016,1.1322353296447372,293.02634108013365,1.0086139796951121,1.6788532902035894e-07
6397,-9.883024502534543,-5.209599588466666,0.8057584835175293,1.7282805230325047,468.7980458842401,0.8720551683308138,1.68487040475594e-07
6398,-9.579408232275563,-9.807957198141736,3.3619746471609133,0.8808831582489939,447.6238616905964,0.7560395366281663,1.6864215460911443e-07
6399,-8.520287809139255,-11.515298168854732,4.49780580438149,0.8741697240838546,188.19538471927726,0.049270017089438234,1.6871144527066867e-07
6400,-9.114857247906189,-10.706683997015631,1.9436481566088848,0.8887109072430205,467.8224659077185,0.138150448942441,1.6896521549036272e-07
6401,-8.608502570244985,-12.235494507195018,4.226261032177623,0.7117027568418981,207.4597933346713,0.4386653714819948,1.6905986906407561e-07
6402,-8.882049540718135,-12.971812977463781,3.5660533997770414,0.7579401143830458,228.40307518964696,0.3776544565673863,1.6951611457813287e-07
6403,-9.385925350626593,-10.212466400498382,2.346004193355516,1.304035847554399,317.2132220836921,1.7838349751510245,1.7021087511502507e-07
6404,-8.95730905344624,-11.439409192749466,3.637763811139374,1.0440382002718238,184.44089153655426,0.13318697883350694,1.7071706697811504e-07
6405,-8.75457558639467,-11.679078339158968,4.027803593814655,1.7119160352779177,402.8257053516921,0.047370727392317846,1.7081951402273966e-07
6406,-9.310655313587127,-9.608646871506707,4.2199763321073895,1.7388737389983915,468.4371048818518,0.2674852201989859,1.7093121592339455e-07
6407,-9.652165951234647,-9.800135347614258,3.007536344458353,1.046718904369511,467.2804060109271,0.127213459169651,1.7108416935695967e-07
6408,-9.3676238084307,-10.33215826478054,3.1293988512121707,1.908626117723635,467.8281851605429,0.5013497464099466,1.712425717007361e-07
6409,-8.407651994769315,-11.130636141100304,0.4851050433442179,1.7517947450350455,411.97997609621285,0.0837912391999005,1.7125530083473833e-07
6410,-9.18520632667502,-11.080599549319928,2.4486674437103195,1.6718131431293686,417.789112914353,0.043133267391327834,1.7176322014305725e-07
6411,-8.547900843516526,-12.474728768934028,4.304813452737242,0.7837733136708626,469.0019098800869,0.17822416402575225,1.7244475804334903e-07
6412,-9.800605712122277,-9.548127039369092,3.2250193350545655,0.8985325083696648,433.51857451445886,0.6949977858404566,1.726203004132233e-07
6413,-9.350600900326896,-9.962083515769582,3.705801637856917,1.197009739998557,468.72662543469875,0.829548571733782,1.7298524737603205e-07
6414,-9.5669129173539,-9.832699810061616,2.3955457071286568,1.179759878931122,301.006948805205,0.9538900500203136,1.7319304331029724e-07
6415,-9.940447985780457,-9.44491326468618,2.860015234700991,15.83862855628581,495.74501547324246,0.16413116458292532,1.7347936286456272e-07
6416,-9.191872212679593,-11.048071915549091,2.4748946373102263,1.3422550622651837,470.50272215274754,0.1859567441363863,1.735987921715463e-07
6417,-9.21421175922809,-10.90005732856187,2.4452205061745476,1.5578083876534647,355.4549532613333,0.0476158109455076,1.7371513038967495e-07
6418,-8.843093723880868,-12.269855710846873,1.6562219232622808,1.60089325682937,305.52196759429796,0.1017324794319805,1.7374901923207357e-07
6419,-9.073535306368624,-10.264175866287726,1.615900019289796,1.76768079937005,468.1847867800266,0.07581989510792475,1.7380617072455926e-07
6420,-8.609220430890145,-10.022860257895315,0.5159051767427221,1.5223989818673067,343.64115573658665,0.5903589932581941,1.7390943734424197e-07
6421,-8.06839021830593,-11.585306538235443,5.17293818565179,1.0398342169880619,467.18832250895053,0.5571386938266185,1.740776065558277e-07
6422,-8.392785339189844,-12.358280331625378,0.5784854302505333,0.893996950531588,177.22892972934267,0.1743656247055423,1.7418797858970958e-07
6423,-9.944538649034328,-9.333637516361653,3.4167894281386824,2.5836871905275167,464.1328217802036,1.785202556340347,1.745109250130036e-07
6424,-8.256383080706414,-7.25454990871478,0.11109098387677901,1.4684053467312774,302.24695122823226,0.24246421786988748,1.74688309377868e-07
6425,-9.73462726500991,-9.488033217995152,3.565520839479892,1.2899694440283351,264.0077251703433,0.12069283499394245,1.7490166412673475e-07
6426,-8.886941223407764,-12.580021974390965,1.8045510076354265,2.232037198765895,429.4237690640391,1.8303805442105299,1.7551277618387436e-07
6427,-9.041509994658748,-8.97850545447825,0.6469144103117566,1.265896142265617,289.1077048358227,0.12362233565565894,1.7554481556187527e-07
6428,-9.850960047097894,-9.248610293209161,3.808085861172469,0.9698775424401693,126.04894822738422,0.33160497416008905,1.7555650603577094e-07
6429,-9.413475173819878,-10.27997409356599,2.749552258993819,1.0792648908621174,467.30996008034003,0.24991217511039476,1.7563774043055586e-07
6430,-8.95071783573297,-10.103666738495397,4.358522250534888,0.8621709518224528,469.5928604630655,0.07555132489878691,1.756488727952461e-07
6431,-8.576528396784648,-11.83710041230546,4.324781366512983,1.569016884171679,357.09041310576725,0.008381594562162142,1.756834950774132e-07
6432,-8.468510632845703,-12.128461006554144,4.4727071168144965,1.2105859499391807,467.84040620516805,0.28313198021259467,1.7574110436840453e-07
6433,-9.172382001954597,-10.734833483764513,2.132498730775319,0.6004286766991012,128.09490239563053,0.7966903708969477,1.7585641207196632e-07
6434,-9.59361574231957,-9.881125646685147,3.008658481576664,1.4580458817845474,319.92003941316676,0.8042250576864367,1.7591253463246256e-07
6435,-8.405998282106388,-11.222457226489936,4.745971947175803,1.1892540873978967,303.9789681245159,0.6608332880094787,1.7593346526690899e-07
6436,-8.827482837744691,-11.078971495811432,4.0421593558603695,1.0063232576290009,212.43696679716197,0.4746024343408619,1.7612264615844043e-07
6437,-9.159124677551953,-11.30758086737256,2.5418138987008407,2.236591792007436,352.86756441038017,0.09113380063143772,1.761772359578878e-07
6438,-8.82426154619058,-12.417068852901261,1.627350140623835,0.7170855681781733,468.5006228542303,0.4297823621839072,1.762881142145743e-07
6439,-9.225525984777306,-10.895615609178607,2.542406574180235,0.8683216712706677,468.25058058443074,0.009392086515965126,1.7683751815184763e-07
6440,-8.424379054545867,-12.033799116532602,4.557654710695366,1.1106999270784526,211.75612403978252,0.0487024041273747,1.7694400279144393e-07
6441,-9.713895550478586,-9.253836227887165,4.020985546691183,0.5106874987918891,112.35049356560121,0.6008558739523435,1.7697096547474729e-07
6442,-8.440612854717164,-11.476105943203843,4.626166787801301,2.220626355160752,416.8797782143172,0.8043058876228013,1.7714113844184365e-07
6443,-8.855399225518807,-9.623363467958056,0.7478421985912957,1.2452033744766524,312.43589418231323,0.5626256012325017,1.7763303611317457e-07
6444,-8.14419299527014,-12.57623693809847,4.93892973529874,0.6565772552968604,467.8149890329395,0.43073735966850624,1.781142620327718e-07
6445,-8.10400630643436,-10.87265300779684,0.2680799940047762,1.9969073367849381,399.5608513534365,1.197109101333024,1.7825121894517177e-07
6446,-9.884235754245376,-9.296704336561522,2.242183138270552,1.2962724748445806,281.36346471082476,0.4259817830868382,1.7832483065527024e-07
6447,-9.180911518096101,-11.15076681173853,2.5821542747100668,1.265766436856617,134.19098972965793,0.34108945104305377,1.78333675264758e-07
6448,-9.183423259962781,-10.797990294436161,2.2387090406296988,1.7826526312046893,468.45171792199267,0.46502628303718474,1.7861627624198663e-07
6449,-8.554785233621192,-12.303966081134817,1.1302329989470192,2.285370409564117,253.88185560392455,0.13715851393112022,1.786387723629977e-07
6450,-9.228628902786905,-9.071980841179148,5.008701101347707,1.3167961386329086,326.24148291625545,0.396261046070455,1.7870530626015691e-07
6451,-9.954266368746467,-7.105898578484696,1.0286430605348371,1.1001737981353157,262.3146751333072,1.0816968056297354,1.7872466760778793e-07
6452,-8.06027786907604,-11.781830335836252,5.143354049708196,1.0383588672494355,271.7597621870225,1.0321703177393742,1.787532573589555e-07
6453,-8.710096649141128,-11.378434933018148,4.170178971925707,1.3504345634576984,468.25330283727413,0.45868981564274147,1.787627923543093e-07
6454,-8.815944080421804,-10.624018270356453,4.258118803600948,2.440472377115521,450.6184047114644,1.822452899976982,1.788475708593923e-07
6455,-8.221744670865942,-12.265343300804709,4.847926563936592,0.8556225745381723,469.85114668010795,0.15934049679210638,1.7926882032372302e-07
6456,-9.9339018261427,-8.39754716364751,5.085897244211434,1.7773347269602784,420.28385627159355,0.5938279734291543,1.7933521166725773e-07
6457,-8.89920713010237,-12.655667358601507,1.8456021154740345,1.8111741621966873,371.5570883838508,0.2596726269030558,1.7937724962776283e-07
6458,-8.422964894824727,-11.659622462189093,4.614442445976386,1.858205431379336,454.61194909656757,0.45514977176321914,1.7940483860414837e-07
6459,-8.707665818027412,-9.134663854164502,0.40488509665267003,1.342538525410374,299.0586959078472,0.8139759281675838,1.7947155896537578e-07
6460,-8.492170839945784,-10.206905400379082,5.04833201308255,1.7855474079473364,377.21009893583846,0.5157325959693386,1.7991810602518215e-07
6461,-9.18483548681731,-11.147297295101472,2.7817219293098963,1.8403467196156322,439.8804007783608,0.43147765456564446,1.7992638731630722e-07
6462,-8.4094182284915,-11.978042944691964,4.583544586266564,1.0429775839035915,282.01155902709274,0.38655045339159155,1.8007006894092266e-07
6463,-9.438061136311902,-10.193510787434471,2.706356947351993,1.879274085900879,451.9368487798891,0.45858828642284166,1.8007845556864084e-07
6464,-9.101184039249938,-11.848421377919511,2.775365741730124,1.8732405570631254,468.30112593586017,0.5399402592342879,1.8122950397608375e-07
6465,-9.08542768708869,-11.973213959910979,2.5097634600884584,4.168778206613575,451.88717721936536,0.024261020843852954,1.8143781297503442e-07
6466,-9.882018670071384,-9.104704654557885,4.001621752836152,1.8144357835825176,432.83003751965947,0.36300643761420215,1.8143870392973705e-07
6467,-8.88732484310358,-12.941665632692352,1.841280491140806,0.7083327713003669,170.82091524173913,0.9522755397845897,1.8173544240777987e-07
6468,-8.339001451253322,-10.66961757942929,5.034302491784734,1.1851577204614425,295.97512105231164,1.6385488901986367,1.8185271196567655e-07
6469,-8.973739007719587,-10.310611519800112,4.141562544135705,2.45768197043936,356.28392978931606,0.066368692829335,1.8252860393762666e-07
6470,-9.155302336562784,-9.384418105563086,4.718677712522847,1.275977620204718,207.3028130995596,0.021526534090686944,1.8273191651716225e-07
6471,-8.583945916045344,-12.163523177876993,4.2507633331284245,1.088299824956363,333.1378823045409,1.0024743690675875,1.8310235374053028e-07
6472,-9.78763789199019,-9.588117122212712,3.0050593771210856,7.319812212634736,343.2465619185068,0.2845828771427721,1.834348171778496e-07
6473,-9.125301262451801,-11.23984404901396,2.317156789429528,1.9636424872702687,396.7879947260627,1.0836127329933882,1.8344064004246658e-07
6474,-9.064685791837807,-12.37367791795297,2.7943826074332785,1.505533657597018,361.90647288864,0.26349907616482593,1.8345513535908303e-07
6475,-9.998919019477702,-6.429891135942422,1.0001091472722996,1.7227360947951367,406.33540268162125,0.08581520791193231,1.836015000783741e-07
6476,-9.662220315645571,-9.755057934172147,3.0234555256290054,1.5200571280610642,347.73132686780724,0.5485769420843782,1.837042318525643e-07
6477,-9.657431393346213,-9.44330768512582,2.0617792039525704,0.6760606524615758,467.89012884800945,0.4066074252370546,1.837527630112631e-07
6478,-9.457405557352425,-8.334978784628703,0.9193586785548197,0.7876886481735906,158.62717505003954,0.11667289316731821,1.83868566753797e-07
6479,-8.96954934670698,-11.867516111326006,1.9696849362005706,1.0130281504735474,203.59499860807955,0.40509056822558076,1.8407620245580588e-07
6480,-9.181566233368063,-10.904460123589159,2.3375742110859656,1.2425092050633113,315.047192497999,0.4480987828805896,1.8458278649610677e-07
6481,-9.062687687797998,-9.30896292227059,4.948032701516299,1.4497410135262554,287.55225572772343,0.28226823731245965,1.8464212299347919e-07
6482,-9.914296227203339,-9.271070585644487,2.2648249821292596,1.5743539232554207,372.4263026545535,0.32244007145638864,1.8483367140430081e-07
6483,-9.765066848736174,-8.81485961426807,4.628234279943426,4.633860317195476,277.90088514597346,0.45880386074662916,1.8525281530010757e-07
6484,-9.598296666059927,-9.756137225901611,3.3201919030003584,1.103725351615671,467.7986830354202,0.9204915421057418,1.8532967205619175e-07
6485,-8.925681341891822,-12.506676271232813,3.4389896041617565,4.733516378984524,584.5368870716833,0.2187397274240368,1.853328852492133e-07
6486,-9.612555344938983,-9.833072877324408,2.741253747915978,2.2216044167243005,422.9182862080781,1.1294505943261797,1.8540573767861015e-07
6487,-9.372576058799723,-10.22362312958194,3.2109064750668006,0.9709980420444237,259.4626695893462,0.5982437504884901,1.8588801627120559e-07
6488,-9.92488171796988,-9.436807143402689,2.9395885001193602,1.7794951153239849,423.9307222174174,0.3294940071195631,1.858920189970092e-07
6489,-9.688778034143589,-9.349738313624236,3.8822449715403216,2.164055174966504,407.62144458265914,0.7189274708844762,1.8593666658730103e-07
6490,-9.183398509109594,-9.071539348533891,1.0694932635533239,1.7937137316862635,468.52609679249116,0.46464370462463034,1.860622855968529e-07
6491,-9.055784394284542,-12.42588954889852,2.508325290623599,1.1988909317830412,245.16875809909078,0.772895700702203,1.8616502497217344e-07
6492,-7.5271168622403675,-9.249544763058186,0.06936373053153026,1.2213613051766852,259.2876563408992,0.5887894101653242,1.8625367855410541e-07
6493,-8.852144922177864,-11.698645830825646,1.6220532612279666,0.7275442253995928,148.0776616041029,0.5988564025154632,1.8648435334289053e-07
6494,-9.00414346061299,-9.376148733774581,4.955236600250938,0.9402081880428839,242.68796761347951,0.46167183557989144,1.8673598639975017e-07
6495,-8.244679677432648,-12.209030511351735,4.809721384940954,1.83774107797127,466.90176933001914,0.0876418591222814,1.8685750377189055e-07
6496,-9.02786094207572,-10.133071812521552,1.4651032308935863,1.7909742300172955,425.4863320267243,0.03840158577426234,1.870007835476181e-07
6497,-9.557644821470008,-9.469156026919805,3.924347294986741,1.020459083307343,467.92307729235205,0.4451114706803194,1.8704748301641462e-07
6498,-8.225777295922232,-11.982898580035178,4.862356071715009,1.0963613364310936,467.55165059817824,0.2052518837606323,1.87197167037872e-07
6499,-9.029511108881454,-12.560226982722321,2.3428067630133156,1.426625149449116,339.86750231303347,0.5629963739168957,1.8730313425133853e-07
6500,-8.411779070097914,-12.637636945480144,4.499097027396754,1.9603683743370937,401.3261441570111,1.9936194726075342,1.8778073723942316e-07
6501,-8.672697578942794,-10.585263579635185,1.044028863094491,5.604817432043717,518.177828482427,0.041231110179100305,1.8784312692924795e-07
6502,-8.882856922333138,-12.957307088195387,3.510778813174515,1.4477347449360853,467.97182333281114,0.6784873279462866,1.878744180239747e-07
6503,-8.209210450400741,-6.509641666061926,0.06989444707612208,1.0925910089520248,467.811886630559,0.9170100551354325,1.8801736168538348e-07
6504,-9.494511341972116,-9.993940601608639,3.1350518994876237,1.861870498996084,446.8151971433715,0.3556167462083293,1.881637948866177e-07
6505,-8.643814478132409,-10.879118527499854,1.0887074772093805,0.8876922484790353,192.14823311605335,1.0321956014413773,1.8842182073047412e-07
6506,-7.991048793666329,-11.24555487990405,0.22959007626334307,1.761009621301057,467.7149432966942,0.33413247406683677,1.887110041708856e-07
6507,-8.665491015293501,-11.694252513987163,4.15768411868965,1.789185412877701,426.83832228108133,0.6945874986000247,1.8885171304569512e-07
6508,-9.081992371001563,-11.887094421621464,2.91193599920637,1.000904706039354,272.05530585273726,1.2878410053092297,1.890650368956517e-07
6509,-9.049197456687219,-12.261122302904441,2.9623503012475294,8.425621690555825,697.1852650467944,0.20883030491466759,1.8914686762464814e-07
6510,-8.584320903812923,-10.624119763000863,4.648474938888272,1.6749663869935274,467.81320772469945,0.29511835866177805,1.8937707292719025e-07
6511,-9.102241280924643,-10.645319141428496,3.6048492044250615,1.497946898368184,468.00303101897595,0.6234617029851979,1.8962146426850115e-07
6512,-9.538857887896397,-9.660996112648922,3.6445329064364596,1.6104657217440983,370.6452398384876,0.225628377166319,1.896291359817705e-07
6513,-9.248636019859743,-9.315879548015936,4.639020679878221,0.9474997114880462,261.7654108312612,1.4342646831845345,1.8979633413993642e-07
6514,-9.353619804889671,-10.201049189521633,2.30614451930357,1.6770794120056913,393.85284465491856,0.3438289371671752,1.8989596908884628e-07
6515,-8.810203991834282,-11.803989659099976,1.5453530457175786,0.8766901865893826,188.80170591989545,0.8491099038506409,1.903636975187656e-07
6516,-8.869272302878343,-11.109349373053863,3.910355587174741,1.7385581297562291,413.0907301373471,0.6385316960825573,1.9044188449282606e-07
6517,-8.731209377121454,-12.501972901891252,1.440864479973375,0.9614817745272508,468.0574237964321,0.4490393413880538,1.9084619543587885e-07
6518,-8.730516375353757,-11.391277708236201,4.099311525065463,1.1204875906650726,293.221259110905,1.36121225940754,1.9147942588129956e-07
6519,-9.683330630027681,-9.22840404973849,1.856519483158565,1.8556302652277612,467.72327906976506,0.06614687479733483,1.9169018815190235e-07
6520,-9.442830903637699,-9.756919888888108,3.7093026920756946,1.383610697685204,468.1722220435646,0.5522104554973151,1.9182539470561893e-07
6521,-9.235440643676498,-9.275001423570664,1.262030876819231,1.7945625035986503,427.7396085701646,0.15116942047889648,1.9198748540736562e-07
6522,-9.5914735059435,-6.165792268413416,0.5645531063776373,1.3475834552668036,204.25561686017096,0.13191730070640428,1.9201799988258391e-07
6523,-9.56794577471876,-9.582497902505391,3.7013251344669125,1.0103926835747465,207.09939835554994,0.28448650994452773,1.9224233314126514e-07
6524,-8.957591378195074,-12.180072365264817,1.9941261903959753,1.758676472741025,426.320767421077,0.7794875160099339,1.922713479327046e-07
6525,-8.696871509454931,-7.078404617891853,0.22582718396803936,0.8646976953873099,179.25119782012837,0.08310526981869959,1.9242157235815212e-07
6526,-8.969121957847726,-11.584148001969954,3.489889970165472,3.95910770180751,557.4772259031516,0.5049296679877502,1.9256886714125288e-07
6527,-8.76060551916559,-10.961899600370135,4.178985592113925,0.8789423378974637,469.7653582321214,0.15386197666323387,1.9326851454901993e-07
6528,-8.616350239149812,-12.024053912493534,1.2119699401897204,1.0938259204801202,291.34369789394987,0.5718467775339091,1.9353220102474652e-07
6529,-8.892153455993817,-10.219587698983304,4.341342386515184,0.872229079056159,226.5184316733785,0.6215874802450729,1.9370792560228418e-07
6530,-9.215154252488345,-9.315397653252711,1.2630608803514949,1.1189150540872097,288.24519038540757,0.3046228061735805,1.937213876405852e-07
6531,-9.915477843987228,-6.975729038620067,0.9874426486543298,1.3713334315102044,469.58110147345275,0.21074078313691125,1.9375034983470461e-07
6532,-9.425333138231263,-9.641505620953941,3.907233702049316,1.234784191166749,299.6526071016173,0.5002054908461444,1.940623221879864e-07
6533,-8.788031203807972,-10.135344797671959,1.0790442483137141,1.7897551394908642,426.41677900897054,0.12462604972453217,1.9414015687276345e-07
6534,-8.436833379316289,-5.334425885716646,0.09723588602406191,1.965028020322509,396.4312023768303,1.0917528414234239,1.94359201395877e-07
6535,-8.633284763835771,-11.778220024793963,1.217706072858055,2.1748892391464247,424.00500606050593,1.8124033352740039,1.9436512948362484e-07
6536,-8.146268850487335,-11.516843004394074,5.044291495088496,1.1683098641107383,275.5995493665606,0.12337192167157873,1.9462059955900348e-07
6537,-8.414810057036416,-12.315453756963509,0.648075866423237,0.9050129513618195,467.35535406759925,0.5383124077460462,1.946271826802837e-07
6538,-7.016459033554351,-11.716738398483436,0.03909386168990586,0.8385263638708664,178.56543248640347,0.9250663014396041,1.946367633520439e-07
6539,-9.38257889855169,-9.82824238879735,3.7343161191005114,0.613009329794946,146.7683209970607,0.09041254051210323,1.94887680694756e-07
6540,-9.457656316367691,-9.572582930603035,1.869317809527893,1.5393791066931726,158.74863038620032,0.29479798699955584,1.9564237583854577e-07
6541,-8.855070007579544,-11.284449006287431,1.5569480543080674,0.9385620224185872,469.1697021407373,0.5604503491143236,1.957528770914115e-07
6542,-9.18428030745669,-10.895527540887194,3.0682975899193328,0.811189742665104,467.3474359644612,0.0685418980817376,1.957955004107925e-07
6543,-9.54294134464289,-9.388478908661869,1.8302354543282615,0.8931999884081555,468.5795895347728,0.9133346949412386,1.958583558986076e-07
6544,-8.96858114077366,-11.674380931235696,3.4550866902134203,0.8273349785888147,226.2758144480368,0.9323856669331203,1.9592671964471983e-07
6545,-9.655568546874798,-8.430603885615502,1.1971330562847575,1.008507238917091,215.78851908530845,0.2574478687775654,1.9593747276548433e-07
6546,-9.01354004901096,-11.865522228168143,2.1348504416702796,1.491089004312048,467.82069602745145,0.11782016090687897,1.9616514597628285e-07
6547,-8.592519079444102,-11.724319500908225,4.276088219901843,1.8212544663833072,468.5293521913186,0.6157177452317573,1.9628560986403734e-07
6548,-9.020133777153227,-12.998329387453179,2.916789927123719,1.8006953863700903,468.25086065078943,0.39155779314463324,1.963548752825504e-07
6549,-8.944064955097542,-11.360202059735666,3.626442690616844,1.8615341401469614,448.21493471437714,0.24245390555189772,1.9635747950101555e-07
6550,-9.08089979338801,-11.020746659590323,3.3930698124556393,1.3489756287212282,328.49707815529916,1.3159538377267426,1.9636055682007718e-07
6551,-9.647273903992216,-8.909552141204948,4.611539660285729,0.49398853639379614,127.76672661160434,0.6506215178751349,1.9652847304167896e-07
6552,-8.956591494229551,-8.464805064236518,0.432403143085815,0.8573630138148698,468.35739215124903,0.5202715610390554,1.9685638959813505e-07
6553,-9.194820676054155,-10.70376291070508,3.228726224843219,0.5542890986796373,140.96318596758175,0.9117721228497473,1.9686234241826273e-07
6554,-9.27629324641367,-9.317070329744332,4.581578325201805,1.115494945999839,290.5020944779126,1.0712402366027591,1.9690342600708237e-07
6555,-9.569317962496212,-9.591112933442055,3.669959591838167,1.1948479667271188,299.46406923320257,1.3646373574296584,1.9697224861020955e-07
6556,-8.170041137390621,-12.913735218811798,4.850569031530878,1.6721283800963516,413.89518533281364,0.5980068046483913,1.973106223653603e-07
6557,-9.048565337028569,-12.504739085555462,2.674341419454072,2.1471235747166855,421.5645076660343,2.0827368428858923,1.9738372762075697e-07
6558,-8.541415268175305,-12.797186078887929,1.1499544116105198,1.767866661222219,377.6361291598741,1.6838165263935876,1.9739723844971303e-07
6559,-9.738714156997792,-6.442497377086915,0.718586514422481,1.5851056794464233,180.9160036489979,0.2569290969900413,1.97561164718862e-07
6560,-8.907483191140448,-10.685734014720198,4.007026449781183,1.1247372894524814,227.79092999768656,0.054453197607142734,1.9764864309674363e-07
6561,-9.86715151967068,-6.677278331524974,0.8980609958560587,1.12166274034678,278.8954776524533,1.4209887089588564,1.9768361288360905e-07
6562,-9.984676550136594,-5.667839176370201,0.9596905782802584,1.2961276711715228,311.696126373783,0.19442858581722877,1.980037280432958e-07
6563,-8.61517768856774,-11.991624691918108,1.210699871013668,4.1231589437017595,573.3343173533863,0.7122160172511753,1.9812753181440418e-07
6564,-9.199327178280706,-10.68433016306694,3.2233634026648907,1.1690818844829651,468.0195489486299,0.3768038404925642,1.983838169691565e-07
6565,-9.13286171468081,-10.424738786398642,1.8917255995415068,0.9678274813884364,177.69402211947195,0.1654860433373324,1.9862117321421493e-07
6566,-9.13785336000624,-11.291485834400827,2.8799351669613444,0.8553930945637008,467.2176181378887,0.49825881912712777,1.9870852377382339e-07
6567,-9.587766788787293,-9.574081611550387,2.123034639496572,1.0354259749685384,468.0638947145359,0.7102465385268113,1.9927207293400895e-07
6568,-8.777358234594754,-10.110949472800701,4.61109275615824,0.6220930668376382,145.18670239470868,0.5143444658935179,1.9932664614463843e-07
6569,-8.752807434648272,-10.101687642507484,4.658491841071455,1.5286746699179923,351.9496629456177,0.2505717469350124,1.9980028785947505e-07
6570,-8.521847004262453,-10.574637019921187,0.5447179614120315,3.0293116631854855,498.77223086478267,1.1073179375302287,2.0026938878465785e-07
6571,-9.026546772403973,-10.93002141909188,3.5896712100221073,1.3821024389881265,329.43405654061655,1.814633887226039,2.002859672366844e-07
6572,-9.719429627809248,-9.639440008985556,3.026737683898837,0.75519683113774,199.29108533992752,0.3631637556653491,2.0029367818317043e-07
6573,-8.3034316740823,-12.751658362480288,4.650483111503904,1.0851374034936443,286.4446350503398,1.22826793306952,2.0050595852098573e-07
6574,-9.711962082095903,-9.431801013862376,3.63472173308869,1.1244955861391013,292.9332122811738,1.4573845196635657,2.005918664513918e-07
6575,-8.949615200758448,-12.097714397236395,3.390484493013582,1.8199901215714351,465.9156712542762,0.6247214041986355,2.0082277335315633e-07
6576,-9.103239631323031,-10.150240695518905,1.652691903162398,3.1485562138293193,473.796054744107,0.1678132809946833,2.009893841571425e-07
6577,-9.78225980164703,-8.906278889199136,4.428128915541606,3.4799699195495775,522.9214324082454,0.2530911053672176,2.01162689667186e-07
6578,-9.00365329093472,-10.361261701272884,4.0033582770272025,1.5231510979816336,347.82003099542794,0.34051630726035587,2.0135054695185135e-07
6579,-9.827727580280195,-9.365802882912067,3.517956325903573,1.497871207749073,447.82649237710945,0.07758153940188262,2.0138235559803225e-07
6580,-9.107702445407304,-11.340180157520619,3.0466150140402615,1.0805237944716979,466.7739712060557,0.8955882660497396,2.015026447763509e-07
6581,-9.35884653506657,-9.695985877775504,1.823614211443594,0.919197565281197,248.1634221324424,0.5357911228707222,2.0204140469559781e-07
6582,-9.303262880218414,-10.101248390936087,3.5547780022340776,1.9990638122173232,323.61839964044776,0.08184596185277915,2.0211073462961337e-07
6583,-7.155708026538817,-9.708531801837509,0.021893147217385073,1.4936549845845524,333.82667989747745,0.14365477679380856,2.021219438198193e-07
6584,-8.881154240521711,-11.172196810589906,1.6009376149795296,2.1053094559769723,364.34939825927574,0.1487635214201175,2.021711206913815e-07
6585,-9.284727980856097,-10.501662903731335,2.494148572418513,1.8741844691706038,468.082375059988,0.2712221198641318,2.0220667146949094e-07
6586,-9.981627854524952,-9.309756761156155,2.5912030563530406,1.1652280065550062,467.9847682374647,0.3609381667080136,2.0251282563938852e-07
6587,-8.243974368749456,-10.662471516575824,5.1493806400459485,2.028157243706751,408.2512879583499,2.0163547921199436,2.027813096397781e-07
6588,-8.612207091928653,-11.210736799740408,4.352201402127175,1.7120126361098764,466.83410668990683,0.8986237158973056,2.0331153297156374e-07
6589,-9.176170061644934,-10.005450599123995,3.9541925487581393,7.3119388444106,247.32009211252523,0.3549173497533955,2.0337826223075052e-07
6590,-9.70111446959109,-8.807933959626858,1.466136323979649,1.1078771026501357,285.85017599524633,1.270861379895912,2.034405594730587e-07
6591,-9.73068514845744,-9.536748182698014,3.3412632233944213,1.7336116483932564,468.5768845316406,0.8246238818330136,2.0347105418474717e-07
6592,-8.552570197987052,-11.974604540494331,1.1206828572975946,0.8412049782633756,206.96197179990085,0.8202061285616287,2.036717291959345e-07
6593,-9.003985898224037,-11.830602282294652,2.1152209513220104,1.1451599146112488,293.97044923319703,1.0464618431597597,2.0426116307135044e-07
6594,-9.149813207752402,-11.188040387287902,2.5700779871656536,0.9239566754106732,467.7312237820243,0.6703764073969909,2.0451621792904167e-07
6595,-8.233350308384043,-11.612314003135573,4.88240118848761,0.5708698903674793,174.02109387399108,1.2330334487380084,2.0459066775180537e-07
6596,-7.943921131747995,-12.74717726665868,5.170493021314313,0.9155260391163683,194.38330950902406,0.384942993101153,2.0463641358689862e-07
6597,-9.021132488288979,-10.17220464473781,4.109158672348459,1.141399967676688,293.13552317893607,0.7157923141013063,2.0481994394619645e-07
6598,-9.264253906629834,-10.047316521421708,1.945130751279151,0.7886667755339485,469.36158736741567,0.24139866847737945,2.0527233093057463e-07
6599,-8.670608942672796,-12.681143749960496,3.9886724406771665,1.7360742590925224,412.2961295881894,0.5813217219703803,2.0555936398260868e-07
6600,-9.051424026389993,-12.253458397056631,2.758876288899059,1.125156544918705,290.3081632933297,1.1376383998393456,2.0577319904846752e-07
6601,-9.696478103960214,-8.733902689800342,4.79804387708478,0.9566343583096468,245.2309856033753,1.3848557825316066,2.0595949062945422e-07
6602,-9.628487784801555,-9.695427061462459,3.247394711806168,1.0913404116278984,199.6272513425644,0.07908110337312291,2.0597352061811922e-07
6603,-9.81038086210365,-9.525012023813469,2.834389715987854,1.8817608537375954,390.5020225246539,1.8117372691977094,2.0603602180885614e-07
6604,-8.811098857963417,-11.520716855406427,1.5230565361799984,0.806280773562504,250.0159670549944,0.08177538558788822,2.0622453967666959e-07
6605,-8.757796388776844,-9.892117525223243,4.805746485006961,1.6239598785137508,468.785918673811,0.6442273877689901,2.062331493598768e-07
6606,-8.413592208982694,-11.567946229467308,0.5575625935792268,0.8657851351345848,250.51673936469518,1.2358334038808563,2.0623826391412335e-07
6607,-8.371350033242694,-11.833880693014928,4.625079900704604,1.0598933144374487,275.59182071657136,0.7482232134630893,2.0679981489807395e-07
6608,-9.142382170169812,-10.337297938814018,3.7044518129209028,1.0664299123422292,264.77108505051467,0.9411790115727907,2.068324417476244e-07
6609,-8.806496893608998,-11.476981568057486,1.5034442252520337,1.5805343582873117,229.82686398785685,0.103231666489628,2.0691044174323756e-07
6610,-8.222512417888748,-12.02207964533001,4.833599944317136,1.3596135312053077,328.9855181269517,1.1237806671084565,2.07084902453438e-07
6611,-9.106705515153147,-11.477959370886222,2.849583048460822,1.5937916748255403,396.95034978834104,0.8604619281254218,2.0736418570225788e-07
6612,-8.94622776670509,-11.66824120173667,1.903323551615342,1.172139610642669,467.4164837629192,0.14115914710398503,2.0756251725915623e-07
6613,-8.065467340312123,-11.79589336472128,5.093359541615422,3.2972380322316797,243.14219654535555,0.2503171923305034,2.0770120033873197e-07
6614,-9.338061653585452,-9.339170305088416,4.428039958614621,1.3814008319284905,467.216079775982,0.40670047224908856,2.0777832940909603e-07
6615,-9.203296562131438,-10.72928315947986,3.1074880759968613,0.7586426013887468,164.77875656500515,0.9105500059850344,2.0791749287991557e-07
6616,-8.618714910605483,-11.715368640548434,1.1987949034769256,2.5658902560832053,443.31133478297113,0.45207642835694184,2.0792807689720887e-07
6617,-8.639857078696712,-12.624346006763096,4.051157781579215,1.1245183720765102,279.9762705927182,1.1982521411132687,2.0832535518802956e-07
6618,-9.757363509096454,-5.383972860994441,0.6906849032880185,4.482856619298768,595.9227086119555,0.7464799244179874,2.0856663769412597e-07
6619,-8.963511880833629,-12.332514507728504,3.263866425435045,3.403813400686165,247.23077988308145,0.2455617451565848,2.086841148896766e-07
6620,-9.119277378339033,-11.401911777813531,2.704580305181808,1.4939406795393972,347.8055144728271,1.0423295577062612,2.087698086347178e-07
6621,-9.203416120753582,-10.604533377086238,3.254995603578882,0.9286057793379623,468.46616816975927,0.46544284844458517,2.091747115793408e-07
6622,-9.677196775147268,-9.003371484031932,1.6310984922930962,0.6577192597457803,137.4914050674804,0.06794245759388762,2.095843103147367e-07
6623,-8.68272448278021,-11.873364037870093,1.3097051691778034,1.7240028177427746,407.01777041499076,0.421854971475919,2.098396757739361e-07
6624,-9.32254309475191,-10.417433389983758,2.8425528797185007,0.9868259604592063,196.9705915000711,1.0049200575325399,2.1012433260968494e-07
6625,-8.881870254488716,-11.681024024581053,3.6495204613805923,1.1064984388488228,467.23842716347986,0.6359954779691108,2.101411501323536e-07
6626,-9.016782771848554,-12.598253816894665,2.93246116178049,4.544246057280274,510.51341223554715,0.11975385779059877,2.1036639753524918e-07
6627,-8.612653943997385,-12.505806213737339,1.248475803679141,1.098257295408536,237.220773938399,1.0455997136652178,2.106703693274716e-07
6628,-8.123770221661914,-12.855237353406729,4.904338710187885,0.9882979414873698,456.5188155342681,0.3349079049603958,2.1095766850274914e-07
6629,-8.026603448773344,-12.160059374721627,0.2673757903251069,12.211592661366037,359.6536215954685,0.2700472461610035,2.1098015776072324e-07
6630,-8.69703575214055,-10.115505436330663,4.724218101467479,1.7233829277869672,411.9070806041771,0.5280303763522047,2.1174414608220835e-07
6631,-8.824525017853734,-10.062053605491935,4.544828739751646,1.8355479350051873,437.87178232450674,0.48557830620274167,2.1174482070038648e-07
6632,-8.813917374586827,-11.197230201049805,3.949711174831025,0.7753955151330219,154.7922439386162,0.12221140703514433,2.1188258162460314e-07
6633,-9.019625903372493,-12.959774305023538,2.6317616411873934,2.4895005460963526,456.4487306145818,2.1414592896260647,2.1293560679108795e-07
6634,-9.23077724103668,-10.731872779399106,2.717264540381341,1.0182399763141572,269.17028828803967,1.7502739734509367,2.130491411120052e-07
6635,-9.855745163871337,-6.760536182283672,0.9024192404818073,1.348778262077087,468.35577487769984,0.519697665155614,2.1311704147781563e-07
6636,-9.249002016902256,-9.939338349662016,3.8452740383531165,0.8024702911127742,187.4006017949931,0.20379377801956,2.131478842399831e-07
6637,-8.871555184400659,-11.41130751411646,3.743682994829393,1.6144869455246234,379.2071122098752,0.51919908534484,2.1348414767288973e-07
6638,-9.156036987354168,-11.095033632045247,2.844719736399561,1.6409525464270382,364.9928988658653,0.7731134747456112,2.1361526342784182e-07
6639,-8.792293282247444,-10.02844258463569,1.0395023753386434,1.1279970837420892,468.0426124128837,0.32758909507717693,2.13773839842521e-07
6640,-8.647183890538715,-11.152764324043929,4.287109163810273,0.9914222552818303,259.5614481510022,1.6189665907040718,2.1381894238914712e-07
6641,-9.280325335928241,-10.535621246581433,2.726987871385945,1.4588896459816552,467.9481352526327,0.5914463162128181,2.140049767812211e-07
6642,-9.14503150916742,-10.376235386620499,3.640711211124249,1.0390257311019826,220.1042840036918,0.5646970361441355,2.1453084557874066e-07
6643,-9.517445633073496,-6.0810203260148015,0.5065988234250908,1.0738629475887131,284.1155409663557,1.1926525641237227,2.1453876293039989e-07
6644,-9.164282934992368,-10.04955593971294,3.9097348218633385,1.4406823470288106,322.9873575296148,0.5175262131897673,2.1471754454764493e-07
6645,-9.218528185669687,-10.765427965570987,2.8528789471072438,0.8631705840824142,175.5139437766671,1.1043224954386792,2.1533154330754183e-07
6646,-9.092478386268363,-11.141361593967707,2.2421898763320987,2.8290447813546558,484.331164118553,1.3786639794598639,2.1547552980695503e-07
6647,-8.69673167853115,-12.477220953992662,3.9356377200139776,1.0960039263604047,284.1072875201346,1.4963817803353097,2.156481116445283e-07
6648,-9.012222364914532,-12.557360084360278,2.4214179006010705,1.666579976566824,467.3198586527706,0.4888932554039638,2.1635942095577737e-07
6649,-9.42765519718342,-5.329665354096891,0.4285516835922735,1.1102935949623376,239.95869551019229,0.9450067429396478,2.1718254584045561e-07
6650,-9.626586643849894,-9.104823548821475,4.299557304278116,1.0577813189967118,271.14792878413,0.657851222177432,2.1724838752806937e-07
6651,-9.255695185656117,-8.465600808017934,0.6749991727220851,1.0866079566287643,225.53362682178778,0.004739115692397711,2.1751483612816547e-07
6652,-8.494858306522461,-10.437505019070523,4.845202209428044,2.3842606970922353,442.15764086076763,1.3168434543197423,2.1770511014448612e-07
6653,-8.898089170466536,-10.697556948507005,3.9779236543657013,0.9037478205062275,238.81009764264775,0.9639774488686532,2.1784960754770512e-07
6654,-9.94696607102142,-8.18797525762071,1.2879070141566233,0.78171853595093,147.50847850312994,0.18044338990913644,2.1816599509630222e-07
6655,-9.655677273719109,-7.45107581003834,0.7850748827622387,1.6804529518602946,304.6074131372054,0.07687640404642515,2.182391993366099e-07
6656,-8.055052551651588,-9.28061846498077,0.22073302611713141,3.109305389243568,508.14879456477576,1.4730389082679265,2.1825628252662803e-07
6657,-9.06204192467572,-10.661407150831378,3.6194353299260973,1.5343425231375798,467.80855460693766,0.41223237127516654,2.1845064986953191e-07
6658,-8.923166257418442,-11.821045878806832,1.8910475758421808,0.6545063748918527,197.70075559972702,0.6191733384919171,2.1861756117398142e-07
6659,-8.31954632414243,-12.416311444623995,4.621671437519906,1.1609315027523817,302.325691585334,0.6158780754793272,2.194916038855363e-07
6660,-9.723909084454453,-9.474509815770965,2.341361316059286,1.4067873366403285,310.788073657704,0.06364518527889551,2.2008322475351373e-07
6661,-9.345341008067628,-10.215158211674133,3.1667507250764557,2.097264408312238,412.24987849177967,1.2921483442492994,2.205582068379218e-07
6662,-8.870606014549598,-12.4688242252302,3.504980152218199,1.3530060568680031,328.734262688228,1.1225932592994115,2.207190376021613e-07
6663,-9.220769429826545,-10.379325088110019,2.146931423351566,0.7987291436687126,194.16372071513453,0.5106917544036742,2.2088644968172406e-07
6664,-8.70384441766393,-12.06021447354274,3.9602264850735605,1.0212445422659768,203.96668244216843,1.0432328627376997,2.2136647723330518e-07
6665,-9.815337809061852,-9.49420199423865,2.912961010704839,0.8322960936887298,421.91464529721463,0.3205804564262644,2.2137365521004307e-07
6666,-8.930253830851623,-11.42960994994223,1.827753194893801,1.8836078370848992,468.7391646065877,0.6342626705023813,2.2165605534478693e-07
6667,-9.402957177039761,-10.143160920874319,2.614013727600189,1.2258152199661114,262.3897586488435,0.7066915059276822,2.2166909260480078e-07
6668,-9.967639254649168,-8.581872303988831,4.689532555866949,1.399952720607804,235.4989606568424,0.05696495401489354,2.2183455537115856e-07
6669,-9.11809807698279,-11.313570562329573,2.6540814913948583,0.9482200307535711,130.96390425992195,0.32289196178913304,2.2219441139345283e-07
6670,-8.990788530644963,-12.211262952117401,3.1273842346784737,1.1298977389536957,467.3816707090067,0.4767069542322,2.224256033343117e-07
6671,-8.227255544642496,-10.679973347262344,5.139131555059508,1.7897815548753029,426.00585324196373,0.04738441843986774,2.226327661830382e-07
6672,-8.981429978250404,-10.463143547689151,1.5919474257054733,1.0710193408335942,144.72483936207576,0.2629113531585512,2.2273070850813695e-07
6673,-9.60626840101628,-9.756782981682276,2.9976367391132386,1.1793769396120104,431.1923299841787,0.2869154988242677,2.2300111478328315e-07
6674,-9.000232251128873,-10.122888183339489,4.152090220057829,1.2638587302479058,298.1495871945793,0.2153338506231952,2.2325682606802059e-07
6675,-9.367478786682554,-10.122081104319191,3.2238863987498863,1.724243636999429,406.7932634938574,0.10981878655482191,2.2329231189279716e-07
6676,-9.720834825822022,-9.606894321329388,2.8974623727150255,0.9702060586934994,253.60673896074826,1.0347082112649257,2.2373120242054926e-07
6677,-9.152433971292588,-10.820075752669691,3.176939616552925,0.9043237699566213,468.10502253689606,0.4896820869276084,2.2377257512538782e-07
6678,-9.032771427672404,-12.344439603407572,2.698027986784587,1.1823450777281044,169.43036690010595,0.15129886152174965,2.2378641799024263e-07
6679,-8.991693150876273,-10.358562686374077,1.5602955230722788,1.8908387777945483,468.975457687608,0.6342960716342763,2.2395017716609228e-07
6680,-8.770910388398745,-9.66925988222046,4.9566859627213296,1.8302343442247295,468.8544659778347,0.14610177367679977,2.2405794857553224e-07
6681,-8.518616335505047,-12.353384196065544,4.276727667324179,1.9450599781380844,398.73795363675873,1.9985734496977967,2.242511532152507e-07
6682,-8.94730263712897,-10.954369880841384,1.7265599778238319,1.0778586338477645,467.1746510672698,0.7942394528598706,2.2458204150030756e-07
6683,-8.430311727792727,-12.541999083626651,4.41590587915438,1.5872272213542102,370.41519471268026,0.5417194397754761,2.2474990795085672e-07
6684,-8.849934417736602,-9.803496138773111,4.700505003737823,0.868950797092618,467.4439469214576,0.05056509911376317,2.247818184355679e-07
6685,-8.779857618097408,-11.17380312915583,3.9994356799675095,3.113287861858,344.13519649822024,0.04437662155005295,2.247971838170064e-07
6686,-9.615012453278057,-8.576705434299168,5.103048576256544,1.8955756434423738,390.7679528080638,1.025170773537745,2.24899520696617e-07
6687,-9.675463043165404,-9.177937344711415,4.083388447932835,1.2868504555585047,282.93412082153145,0.5647414115214753,2.2541080081866822e-07
6688,-8.488463838150118,-12.738444087895276,4.29697419305236,0.8851016532482323,212.02913977254664,1.15726012127982,2.261061585213997e-07
6689,-9.53489748272749,-9.548230420965206,2.0483552481782064,2.2228969441656656,428.5698291378668,1.714118806606037,2.2615285552129788e-07
6690,-9.240451056966005,-9.397372904059761,4.479850357514177,1.3095782768426325,309.27142226426975,0.30637959461953024,2.263349403180564e-07
6691,-9.087677286401115,-9.574795800817437,4.526599513434506,1.0790799749982158,281.01087410177195,1.2131840096380033,2.263736463815015e-07
6692,-9.906711005970864,-9.385099119731933,2.879368611269918,0.9611398182235242,255.81438811740384,1.2343353655626226,2.2672830738653705e-07
6693,-9.619696284121185,-7.439140732783466,0.7417446512479234,1.2411134685788863,257.1544477506457,0.6018581286260742,2.2675432138215238e-07
6694,-9.262176834796222,-9.735474295930638,4.02570748617367,1.0555319281238607,300.53656412547775,0.4371657834958045,2.2682933162292315e-07
6695,-8.653597083160584,-12.89404085099596,3.967938191975077,0.9166191931039495,469.7253447640264,0.14005128124966415,2.2744777390601033e-07
6696,-9.592109266669082,-8.572990299609549,5.131157442102691,3.8110609963743145,346.4355662528491,0.12046704663512386,2.2760592504727775e-07
6697,-9.103084158653838,-10.50207311095764,3.605719965638348,1.3854179670261166,162.17565485538992,0.29875431087404536,2.2792225609548128e-07
6698,-9.506776012018241,-6.524543563762563,0.5178318635247191,2.480342868988751,419.8162432054169,0.2875739911066768,2.283120403864446e-07
6699,-8.25566517001859,-12.7562381020067,4.686465396315726,0.7125877131020525,147.14015689762607,0.3502922199897158,2.286541928860364e-07
6700,-9.134759846314688,-11.155028408638774,2.706311482925833,1.4893461549508498,337.3653534133161,0.6285838396397372,2.2878429501297957e-07
6701,-8.775274342472407,-10.656427529499256,4.224483895185775,1.2306983523814097,388.03003266794457,0.16112712260201878,2.2899799301642442e-07
6702,-8.562788105856079,-12.076104419950932,1.162701753761446,0.9723481413417446,213.14843566000607,0.018465925355081403,2.2903593180597536e-07
6703,-9.028237903628982,-12.009774513121336,2.953220406934465,1.8970827929641763,457.03641382415515,0.5266537848839556,2.2916506989917038e-07
6704,-8.674642737287206,-10.304389213545194,4.6067858866261675,0.8719430248566393,467.3806321777804,0.2749681717193697,2.2932401595289134e-07
6705,-9.095778424628493,-10.999379951848478,2.2108372963361864,1.7974052195394044,428.80279868485576,0.23529377438604993,2.2949658116755113e-07
6706,-9.547967051371549,-9.67228906326314,2.258279137702717,1.4574073410269432,338.67847481449667,0.4444728405076068,2.2957749627349295e-07
6707,-8.635447640193222,-10.38856627487162,4.621555399446342,0.9833277092787925,269.42755901226,1.38233784351136,2.3014087193120465e-07
6708,-8.981742514919423,-12.429752168145807,3.0815347402324416,0.8533026253924192,166.25634956444165,0.41461512618824337,2.3050419135214451e-07
6709,-9.202232458541868,-10.521300980504659,2.246223599269066,3.29390129324247,522.691736120673,1.5365164083119822,2.307627099065836e-07
6710,-9.888945124441916,-8.726965034910933,4.528009399622807,2.070651019826203,404.7520660016355,1.0080442624125698,2.3138080446564292e-07
6711,-8.98427565834726,-12.678366153553565,2.3269753633810972,2.852699563744887,233.806465681404,0.24686490683046003,2.319623021520453e-07
6712,-8.839761641287671,-11.978931313157632,1.702721926125179,3.0540486017328314,496.8652839161049,0.8277385167884761,2.321622815534377e-07
6713,-8.521575747561284,-10.77062076842129,4.621108166750735,0.7614773076035185,151.42168426935083,0.3713282318493496,2.3288683297429482e-07
6714,-9.153528262275811,-9.125965207146606,4.954779324985387,1.066674496125198,278.749624837036,1.7432263832333872,2.3304403329315148e-07
6715,-9.015912877007729,-10.074008506454751,4.144344830709833,1.286682956268483,468.274021933752,0.5863323413847423,2.3311472555287282e-07
6716,-9.418604933606309,-9.510700159504033,4.003240836275166,1.3935174798283603,309.1089221525609,0.8707997108889884,2.333867939543859e-07
6717,-9.684371119569938,-5.683414431537767,0.6342596700511859,1.9002897873095688,460.4578498814579,0.437185515139876,2.3354147351966462e-07
6718,-8.718394992704921,-11.822617254774325,1.3930585985453794,1.4757005300309944,352.1601804247049,0.45884688030908105,2.339460576173782e-07
6719,-8.14520612032808,-11.550116194717452,0.3193698474955756,1.853543238871428,455.19075474460215,0.26294761849129955,2.3406508126719347e-07
6720,-8.770532365413697,-10.616868540866722,1.2497116834612774,1.8160335462324055,467.22805110796793,0.17144712528088402,2.3421454748918086e-07
6721,-9.200174383353326,-10.661080951395746,3.067324734432305,1.022775542505338,135.52553840207298,0.2932461155934263,2.3454112128487597e-07
6722,-8.917106696807261,-10.228100354492044,4.210926831513408,1.309639707494657,213.59764760481343,0.04160114737364573,2.3488779677312642e-07
6723,-8.62044802637642,-10.939537822841013,4.375095033314313,6.179672728040302,352.9435528831717,0.19367201124137612,2.349364463040363e-07
6724,-8.941895279014307,-12.367665018455115,3.250956171921662,1.5375233708693106,352.00612689092793,0.1436582294386568,2.3503788683597409e-07
6725,-8.981983253151247,-11.154112063369924,1.909974230258519,1.8721655672684352,449.17374861388765,0.5164841760224084,2.352448915300282e-07
6726,-9.199857700941367,-9.607188182864213,4.277654885849614,0.9279728453268603,468.31344593017434,0.5770490083319206,2.354607353151063e-07
6727,-9.035584681274154,-12.071438554471516,2.5561611313978383,1.866194257279784,467.4397652938,0.4277927155677821,2.3588482422760545e-07
6728,-9.735848185203423,-9.544360394374783,3.072983639414818,0.9012796882028898,468.0278881805959,0.38056680823551314,2.3592339759347273e-07
6729,-9.65155476238955,-9.680635019594636,2.8476805091430593,1.6753651383629677,394.4162308437032,0.6836881907864738,2.3621121378154272e-07
6730,-9.846770477342773,-9.111002100355602,2.0231664540739005,0.8350559316662819,467.9838049764391,0.0746127532105394,2.36264255696743e-07
6731,-9.60878994442389,-9.242875086705292,4.069950171789803,1.2031307691026254,265.41541586196473,0.48443859068927697,2.3636441177153803e-07
6732,-9.175431624305288,-9.295750791857737,4.698098259700939,3.442107296528722,511.7254129077073,0.35410490380286586,2.367122896456275e-07
6733,-8.266713195056152,-12.299611170659386,4.6943507655244145,1.8328885895794633,468.54574263913577,0.8597924780880737,2.3673994536526488e-07
6734,-8.885236926124895,-11.077107890007404,1.629195297220377,2.508581618545119,445.309627519294,0.7377428859208708,2.368540655203559e-07
6735,-9.8380904692831,-8.280298605096156,1.2707205139717606,1.2256417893296943,307.76269013570226,1.1179358324329796,2.3708633431415833e-07
6736,-8.296010259649776,-10.753140441609307,4.985186244864507,0.9079653935200673,233.47721232608887,0.8553443939425742,2.3731533682343374e-07
6737,-9.00433439075034,-12.762880403430252,2.571583951337274,2.4469517305164614,450.68855480863044,1.7216944248237072,2.3741000329957884e-07
6738,-8.81165257691453,-12.629331230405507,3.606605200759972,0.9374200061490471,241.5906266890094,1.0540311881635533,2.3746009078742355e-07
6739,-9.721537055702317,-6.115679057996245,0.6897893330613187,1.8265020546408233,468.69779058029945,0.15252810183191645,2.3797358407436836e-07
6740,-9.195830810578958,-10.699074963468075,3.012531825355545,1.3422240280464575,447.3247602568718,0.43592992936279895,2.3813117971886484e-07
6741,-8.88157644236586,-10.474051392679938,4.102652396904213,1.0790290627589072,467.7365884108888,0.27741744763816545,2.384961833817435e-07
6742,-9.27636332765258,-9.481436937226883,1.518165975582296,1.84133071210182,440.4255496842487,0.04816620710527619,2.3868935722354393e-07
6743,-8.914823751516394,-10.234987900369925,4.198614588920298,1.3374681109003546,314.8367972393283,0.4607277784987138,2.390375124619545e-07
6744,-9.78658889842162,-9.33265890287583,2.2655474379022644,1.146384985935273,468.63517464851657,0.5958842365844212,2.393411011409747e-07
6745,-9.671816173840632,-9.64576935091332,2.8975969435416635,0.946609871117237,245.4753030279238,0.25811476964433666,2.3957110311905207e-07
6746,-9.396663225611015,-9.739389179412917,2.005408151445623,0.7048957050210478,468.49962824605046,0.494257430552973,2.3983296185002434e-07
6747,-8.314580226404342,-12.31737164666692,4.609993129731614,0.7669577783840246,168.95210985345952,0.3104999260797925,2.4002446437882675e-07
6748,-9.009212634406541,-11.77926482584432,2.245401169612922,0.6667406236874748,467.7220433788466,0.44140784437024116,2.400506407862007e-07
6749,-8.978124385374919,-10.6819305234194,3.76087502557866,1.1180335112999702,295.1656886618201,0.47624525165715514,2.40189464319558e-07
6750,-8.107294037721168,-11.094291474491001,5.1443545261802015,1.872121935379464,450.39493630324256,0.10836446582414272,2.404163343996203e-07
6751,-9.56007970744891,-8.553979421899292,5.179469248228453,0.8909552406899327,236.29944893322556,1.1735751951914821,2.40425973760212e-07
6752,-8.99637049810443,-10.185528307767754,1.4920652481204884,1.0698293867117836,267.0994291267308,0.9395639007587953,2.4219992642664354e-07
6753,-8.945391970266895,-9.211194140942055,5.157498640313644,1.6962828274948318,467.8374138129936,0.7547641578867603,2.422551378594323e-07
6754,-8.574477052017672,-10.918094174520396,0.9816718564017041,0.9914287734968634,272.5699748319208,0.5619466126486534,2.4313590484134804e-07
6755,-9.68790160528464,-5.5424732945413675,0.6323209657511215,0.8918953203362061,183.13467457699593,0.36321314514093217,2.4314043439693936e-07
6756,-9.081729381723548,-11.464902989831394,2.639966502769061,1.1121631615138694,266.7141222901395,0.32782195264767644,2.4325669513159747e-07
6757,-9.435708303704686,-9.951757083877686,2.438730729932707,0.7643117059900278,204.82124026079006,0.35834235279235127,2.43559180197124e-07
6758,-9.300990556345766,-10.151259785502713,2.237533087715321,1.5846367402886572,367.180552045095,0.24788017586137556,2.4370109415953764e-07
6759,-9.871619662341681,-9.122697582104728,3.8259702361811634,1.837962376415866,468.60812062949134,0.6496117565175652,2.438486079110205e-07
6760,-8.50363396486722,-10.655525435752152,4.6860120107533145,1.478748530730853,349.9274662773118,0.4604896660780664,2.4405753171516587e-07
6761,-8.838480130285525,-12.887096421138617,3.493002683237382,1.8675302375817007,468.0969617810841,0.5516261091984918,2.4415976851725437e-07
6762,-8.880743784313905,-12.252236301418963,3.443223766752336,1.3801914212118511,467.7336460992965,0.1304826887529611,2.445455195642742e-07
6763,-8.821488820533675,-9.6303928115952,4.88405816843498,1.2741057577061834,274.8157166738193,0.0856052147748283,2.4528667334330573e-07
6764,-8.663862207687593,-10.380512039129835,4.554414010625004,1.8743037999785854,451.0024536015824,0.0796541240888935,2.4530963231387833e-07
6765,-8.85310025143523,-12.882083094260215,3.4441826132868347,1.6839274908969044,393.29623562804755,0.28100174504582487,2.4532114413194227e-07
6766,-8.515866470796588,-12.608179692618553,4.229003711532559,1.3572975387825386,292.7693939030498,0.36816719505759554,2.456177689923053e-07
6767,-8.469757978706893,-12.945190180654258,1.0665609673893397,1.6438743734056165,384.3558570000008,0.4058571426166715,2.458326226914278e-07
6768,-8.657232568642897,-11.254106553326519,4.184676794183318,0.7655015242096547,166.84346170519746,0.7725710947791695,2.4612847685612587e-07
6769,-9.019864944889678,-11.363151371445335,2.1321864427060957,0.9977743048860694,468.479960825742,0.29162821852827836,2.461453817220316e-07
6770,-8.244083956937441,-12.520411832755679,4.698529020203602,1.4672772643722873,391.6041245048624,0.0029445054611958454,2.4660144606082554e-07
6771,-8.974232384468754,-11.200529319659944,3.476935124049458,1.04523104884963,467.7281782730404,0.5833035952216532,2.4693866856459156e-07
6772,-9.720093773330536,-6.625334594312002,0.7315791074619826,2.39663314901292,445.9177821422529,1.6941390122372892,2.470183624222715e-07
6773,-8.932337847052827,-12.57004916057372,3.209774068024334,1.8651619262102226,467.3622283354031,0.12982645091286482,2.470232296160534e-07
6774,-8.44896107597793,-10.026568656607685,5.1396643080957745,1.6139002671117504,355.1915652237816,1.4249843469947097,2.477417473243421e-07
6775,-9.771613158537342,-8.865184331462583,4.417784025901454,8.343328621109242,560.4643997448502,0.0005647196005584831,2.479598418710146e-07
6776,-8.165959030935836,-11.63576197218977,4.922731470512823,1.3280915289614776,467.84149829030406,0.78830429714613,2.485721587764215e-07
6777,-8.437409773331888,-12.047855978363728,4.421445967170361,1.8861748652024792,468.7365956551495,0.5275255865370854,2.4863578967316345e-07
6778,-8.316038182211928,-11.670808876193021,4.684885784391349,2.003036594173801,391.73996068722,0.6929909613131704,2.487695782579793e-07
6779,-8.806756174940945,-9.6128337177293,4.918510778295024,0.5351329063535141,162.58583758918203,1.2013982022968168,2.489403697209426e-07
6780,-8.758345846759848,-10.360090808781074,4.393301481539044,4.761981852160858,605.9885951295224,0.41177789210654137,2.4903206226859543e-07
6781,-9.638340583271974,-9.661344733131125,3.030414667690645,1.162946362029212,279.08022838137833,0.602005601109088,2.4912385733347307e-07
6782,-9.389453342753756,-9.549346981494253,1.8039740343398116,1.0157791244512488,208.92843927824856,0.020121945930239526,2.4975125696289983e-07
6783,-7.997707499789026,-12.171853949260068,5.088699104288112,0.8175021317160948,191.03310684474937,0.3777399200353386,2.4976291168247616e-07
6784,-9.977939698847296,-9.132487073036504,3.58569981223877,0.9373285189573884,246.07685008349213,1.1817049902205996,2.502954799448443e-07
6785,-9.225131551637693,-10.31750007757617,2.188399223478722,3.0075264171724747,480.442244862151,0.37592248969289166,2.508170521657276e-07
6786,-8.829828361437265,-10.590677388474715,1.3485199271103836,1.7309464966649935,409.81784651452085,0.004585601904890879,2.513182784880887e-07
6787,-8.78768302970077,-10.915714650614888,1.3713209737665544,1.7824178307336451,425.32585969130105,0.9403818697826454,2.5149684810999644e-07
6788,-9.748334533363158,-6.633980087797263,0.7692353163998413,1.1487831817832244,276.1465246676568,0.2685101647298005,2.516507491201961e-07
6789,-8.850166007040292,-10.404350141861475,4.187321590018049,1.8096060473853979,433.32966859554676,0.854828625964573,2.5171982422410324e-07
6790,-8.56546404360694,-10.798575218121915,0.7930400418604536,3.1259828614476786,507.19956562475187,1.1586060714908681,2.519330586425023e-07
6791,-9.620936504099008,-9.595616520405109,2.4070430448228457,0.9518256274316789,248.54994873606358,0.9678409189116239,2.520552639707943e-07
6792,-8.839840803760481,-10.737821949079807,1.4224736856174394,1.675129374121237,394.85159756780723,0.34019133432579807,2.522144274859041e-07
6793,-9.78262409625345,-8.400190841917148,1.2955810716432645,1.0103517237436699,273.3916148479352,1.2540611980623924,2.5236717982001536e-07
6794,-8.804634990933794,-10.074923898954104,4.506158396697755,1.3841967752072586,330.8245770162324,0.11497397112067276,2.5262280589343966e-07
6795,-9.88215961586391,-8.040326892877596,1.2147223945037893,1.4039787103275327,319.7601110364967,0.19185592041669608,2.5272555147488984e-07
6796,-8.587979666611218,-9.967930090055216,4.954344403070549,1.2565878814416904,314.48594158986907,1.3876653103251924,2.5287706783585643e-07
6797,-9.14089534907794,-9.376444423055913,4.626419125858426,0.8275703077106054,218.20002988798262,0.44365599284896007,2.531789156795865e-07
6798,-8.810478970860022,-10.891277578222972,1.4142888984808943,1.5589984505539396,354.7034965263175,0.4808014249978987,2.537137453229477e-07
6799,-8.197147939656423,-11.472287819840819,4.903277940561662,1.1223853631041922,204.2777865507655,0.09018112904506737,2.5377297870654923e-07
6800,-8.17144440932852,-12.622019919214127,4.793342384134854,0.522922800310381,151.91801361452062,0.9761051680924409,2.5394139051100743e-07
6801,-8.383748240020516,-11.411782861498128,4.620529077768185,1.5298508420440076,353.24925343110675,0.8366962353527265,2.5403260001091864e-07
6802,-8.660139931486798,-10.77768075694771,1.1319553779746805,1.430017882259099,316.4686575951031,1.0088464366672394,2.54329178550869e-07
6803,-8.619743065419106,-12.547203068909871,4.019963969487968,0.9901795670910745,212.12870089200547,0.2585906353641816,2.545873255798831e-07
6804,-9.083789954303175,-10.606016973466136,3.5059923333961436,1.1650207356084685,467.21860163273857,0.44771000652580994,2.549676537714234e-07
6805,-9.754052551688874,-6.0442750443421325,0.7303277223427265,10.236294983934952,795.1647865007496,0.36885407491680144,2.5512826809040986e-07
6806,-9.634435954374652,-9.640439185259034,3.113388249577449,1.7348907642913025,467.6884159183791,0.7887899393409379,2.5530081979827664e-07
6807,-9.192985257714964,-10.311959002979389,3.463928949994088,2.758578088580166,478.86219263467837,1.5729981242229192,2.5531473210347343e-07
6808,-7.393959084198698,-12.124827364285704,0.11730227650703495,0.8691084221988447,186.69283286538482,0.017363679605940874,2.557026651000816e-07
6809,-8.48018130650976,-11.853063289581552,0.9954775265652577,4.031803749661872,298.306431831401,0.2179052095506533,2.559739446590195e-07
6810,-8.986409422395978,-11.008943417445018,1.9045699183851184,0.9943107474719687,259.8190435244871,0.9874540848267355,2.5624714635301586e-07
6811,-9.111863191751663,-11.032738186916584,2.9875860163272203,1.0441788237895424,206.38582177559567,0.35785329499132246,2.563943514556799e-07
6812,-9.797170998589557,-8.419409415765415,5.07667406387023,0.9288978322120733,250.0988831017766,0.7902936693867515,2.565038182882326e-07
6813,-9.93457530815004,-9.249730460242423,3.3333824257950964,6.988440972726612,477.09397765326986,0.04590164557643828,2.5700825651750417e-07
6814,-7.926769825160496,-12.170942700518902,5.1778532447088805,1.3792339904641537,469.8247398056722,0.23666119120892048,2.579296224921633e-07
6815,-9.288133527678431,-10.067900120182095,2.119030129400637,1.375320481718996,278.0688478972556,0.29585212473025635,2.5817134039822145e-07
6816,-9.98906893876474,-9.06533174270691,3.703471237592235,1.5618054852656775,468.14399897103135,0.4097003932501577,2.581981326488004e-07
6817,-8.24935470377125,-11.213326300158348,0.37095311512896345,1.0880049690486568,284.7386062765061,1.2818657586536633,2.5836620809881085e-07
6818,-8.912520957082977,-12.64488961572697,3.233921325319455,0.8327805706454828,164.2157708305106,0.09885343445015149,2.594041535771228e-07
6819,-8.951110865250037,-12.771839517876094,2.2564474638586995,0.9150262369844687,468.37320376629935,0.7959832750825973,2.5951277011492725e-07
6820,-8.272571026165533,-10.393228988334952,5.16455136484484,1.3368345289680628,289.6811023700675,0.965701043798898,2.597549153649114e-07
6821,-9.611104104916942,-6.978119080972117,0.6619832006677091,1.8430250211200883,467.58190223387123,0.3859406303928239,2.599986358669049e-07
6822,-8.460930441016542,-11.767410152792666,0.8587178202832655,5.6016707372973205,461.53776449003095,0.04258663663347395,2.60123984085095e-07
6823,-9.187088682955322,-10.725279783996527,2.8391879957842048,8.090376359517284,630.2234677361532,0.12550266772183516,2.607161292678817e-07
6824,-9.281422947713144,-9.617752837471102,4.069112174417144,1.9077328778553355,462.05641306406744,0.5960997492441464,2.6106781201245715e-07
6825,-9.076646779444895,-10.767433133363518,3.3825134390632305,0.9227614094880796,177.4108428383273,0.11266228040364457,2.6160231490112796e-07
6826,-9.09418201171871,-9.097161335189716,0.9501984143894434,2.4093908833563478,449.0816191226575,2.238856750505927,2.616091874007721e-07
6827,-9.335176851661638,-10.229257461999573,2.9087380982370212,0.9482465708324406,254.50095180564102,1.3680911050406,2.6161174012964383e-07
6828,-9.710554510023348,-8.73677307352572,4.681008948149981,0.9040110788982647,251.84958949336578,1.1746149333312843,2.6239481050759226e-07
6829,-8.996533887779798,-10.934299919209726,3.5132038078248247,1.548576801344254,345.91451279516815,1.2733761703138535,2.6248043295988276e-07
6830,-9.651937959880259,-8.84216493122819,1.4905690907176015,0.9355735167192346,263.92393866780276,0.5561650749288534,2.6287095005733145e-07
6831,-9.227227144009618,-9.748897971359472,4.008103872353267,1.7486997599257763,412.49316572072155,0.598756194996894,2.633979001827053e-07
6832,-8.87967773580985,-12.472472511603161,3.37372853869711,1.8663037926139063,467.4829533659717,0.44923993735221845,2.634848809867178e-07
6833,-8.431282687041403,-12.319100303592833,0.888331176790455,0.7940255845317556,214.82644109267386,1.1731106645379077,2.6389024630989813e-07
6834,-9.822660371972361,-6.978939242569781,0.916804913700992,1.409466385434596,468.03868607295595,0.032669119880934794,2.642840940604102e-07
6835,-9.290828824163546,-10.01037571181044,3.529508691238965,6.396394663618062,678.4610954594465,0.3157616734126245,2.648513721269133e-07
6836,-9.000042650698662,-11.529748187930345,3.1801177584650304,0.58123407617416,123.04658951169714,0.6061964534574171,2.649051201417613e-07
6837,-8.934145219471926,-11.541531172916509,1.950763285430988,1.1709132784669247,254.76957215657092,0.6562747052673048,2.649583032810428e-07
6838,-8.928940039433327,-12.403099664332577,3.2037055050183825,1.5299647445518687,345.5925633406424,0.7039277790477554,2.6521634260495025e-07
6839,-8.847652869648135,-12.854478601300407,3.4148696118599586,1.823718953818815,175.48011740383313,0.42497236862545673,2.6546381201757335e-07
6840,-8.890045239412524,-12.108808906168333,1.9216750611714253,0.8394977525071747,468.71364048910135,0.24572257685641308,2.661224073755129e-07
6841,-9.53701551153674,-9.720718652557114,3.2411822904781467,1.6840808994826728,396.125252432458,0.23586283209594416,2.664628192417413e-07
6842,-8.396677916643716,-10.71542213571662,4.810013486671982,1.0256616649546648,204.0360251516434,0.038731674421435436,2.6651113419612646e-07
6843,-8.198511027785777,-10.995964260866893,5.009905311139924,1.555141004585634,243.6709565122298,0.06646312225616313,2.668172625947102e-07
6844,-9.072104870001255,-10.966762485013591,3.219781550344342,1.703326761025695,399.2098117274599,0.11851497713316661,2.669591587870678e-07
6845,-8.460325720520261,-12.128017546643703,0.992387575515418,0.5015693107566842,139.77687940168943,0.9955986431268782,2.6700790852954365e-07
6846,-8.647594069225397,-11.127726571088555,1.1964622156559381,1.0196001672567931,271.96367725730335,1.7065736910525784,2.670149125700366e-07
6847,-8.509156769506532,-12.399161352308452,4.228777027377999,1.5620824232675503,469.3891975995773,0.1461596417481088,2.679772108039045e-07
6848,-8.866215220159992,-10.833630948534628,3.8835021709258375,6.618830535985297,692.1761796311262,0.36075337585888345,2.686195937776712e-07
6849,-9.157471185197146,-10.433824250138827,3.4027041432589105,1.3353711758700788,327.34663192038175,0.30130639790593605,2.690256976965447e-07
6850,-9.581010754017255,-7.031806509224414,0.6404856063396451,1.8599428989841733,467.9542478247837,0.5540043721370917,2.694872855240294e-07
6851,-8.911153022881543,-10.710868543305143,3.843109656809229,1.4420488042285888,321.44803628141915,0.8643305719396901,2.6965578379739893e-07
6852,-9.844326925047392,-9.306655688426122,2.444041457055458,1.862494821857228,451.698291124626,0.558255899313588,2.6987728408321254e-07
6853,-8.952563194020797,-11.778251662556368,3.2558076511864287,1.6763857718815165,359.0425251280013,0.8181815655172882,2.6989046775065144e-07
6854,-8.814465369183127,-12.654942541872646,1.7643995940906518,0.9990273519566983,468.333736822344,0.6428911537056505,2.7030378806954533e-07
6855,-8.551730708736414,-6.835929467461817,0.16790507526996742,1.3054545217905877,280.0275931098812,0.1927514744550196,2.7031437585647173e-07
6856,-8.844161798189322,-11.143345686046564,3.78812243353612,1.0864843498342542,468.1173201692809,0.7404282473777153,2.704525154300113e-07
6857,-8.863126994445569,-10.19543550393382,4.279589061472274,1.535724467712003,360.6510767936519,0.3494362998164915,2.7057226302778657e-07
6858,-8.673637777563473,-12.449144867895633,3.891709056483339,1.9603165539555292,381.74107168767245,0.6412811043459596,2.7110469901542377e-07
6859,-8.378203874729525,-12.013409381892517,4.4992660451854665,1.773080492174605,468.26789089814474,0.25960742530491565,2.715427068518728e-07
6860,-9.059234060742819,-10.76168802228893,2.0338344700479687,1.9817770332360263,390.985057114213,0.8271058448986155,2.7209981980807e-07
6861,-9.369886625422012,-10.085937873525072,2.53952154113188,0.8639038126444979,249.77758924560035,1.6770239168134466,2.7250496988696754e-07
6862,-9.044686676830553,-10.57115573045027,3.6022204665698134,0.7402856426000123,149.87124833294013,0.4950819933723789,2.72678054443297e-07
6863,-8.570361489247611,-9.712643862897185,0.43428111434786,0.9818644653055738,250.1876044598009,0.9917553419772167,2.7310855492888257e-07
6864,-9.643935465001856,-9.526466030370791,2.3791268858872825,0.8579993393890077,469.1404494306721,0.1510116104647805,2.7332873437382517e-07
6865,-9.090334375057628,-10.591621141264522,3.4551742374556578,1.1154528449545797,468.0790188129921,0.7187168419072707,2.738460715271174e-07
6866,-8.619810712016188,-11.68094228990649,1.2384975317566644,1.042967577753376,468.10437777922664,0.6735575165434646,2.7433724208079245e-07
6867,-8.809131249740714,-11.307648512356742,3.8025958222374103,1.244862654067969,304.95606390617,0.20332837635448708,2.748752615317779e-07
6868,-9.721830951470142,-8.979642313646632,4.252627554131094,1.5485295469518583,347.8655009177204,0.5602320691232228,2.756104971525516e-07
6869,-8.67695605646512,-11.371117989049559,1.2857991546836367,3.6297257229921125,542.9978584508375,0.8766348515543498,2.757639515965423e-07
6870,-8.26416673485009,-12.266428668434674,4.655064294232139,2.4356229353079453,449.52804499190097,1.605543619677941,2.758777415464363e-07
6871,-9.643682370970964,-6.303630591994912,0.6355741959371993,0.8443200715635586,469.7833679739932,0.1413844448431636,2.763244806335563e-07
6872,-9.015334553800827,-11.588279969999231,3.022736819876601,1.4007313169093587,308.54063716584756,0.4478084019746218,2.76553143216682e-07
6873,-8.004742095414706,-11.987114211083862,5.0720302402815856,1.049115582594758,206.56522503445413,0.05040696138858447,2.7680617636781363e-07
6874,-8.50054695314597,-12.57337038779623,4.216733672729848,1.2564565094477844,287.4192429228829,0.4057314237039229,2.7726462059714135e-07
6875,-9.524687675858992,-9.660596314086208,3.402030763161817,2.1504582145217257,422.0473912851343,2.056220226607752,2.7738698084088357e-07
6876,-8.957132813822922,-12.980005001702272,2.8679284150503648,0.9014297544046058,235.16198136537668,0.9431337657723011,2.774568768774057e-07
6877,-9.3027624661934,-10.196687617634506,3.137013170179736,0.7545087981412869,217.68735143304852,0.428548111663698,2.7775327197352145e-07
6878,-8.474522582925104,-10.129138459191307,4.990320916228366,1.8617802810866888,467.8131533569544,0.25922043604992684,2.7784456288277015e-07
6879,-9.490841477593584,-9.195005363534335,4.26130397965723,0.9820003526953368,266.1616668013356,1.1835221245069496,2.7796142645062155e-07
6880,-9.68772560760953,-6.723045646645802,0.7130397707121847,0.8900703752474896,467.4256638742018,0.2315227905273911,2.781279644646195e-07
6881,-8.870870939903396,-12.509748663226286,1.9307432231471031,1.1926527706366525,302.34387347798673,0.7725752709797211,2.783972813627513e-07
6882,-8.163235695993734,-10.920772963069401,5.076308519442678,1.0492445367608971,283.59479188606315,0.9098895988013584,2.788001043950551e-07
6883,-8.978941637593921,-11.845620651923749,2.245939568916224,1.1408444591551266,298.99377898408596,0.7455553121080323,2.791044913679303e-07
6884,-8.947286082422636,-11.354438390982692,1.9624977551938292,1.752832367413325,468.08661792474567,0.7232736932911834,2.791488503092437e-07
6885,-8.055869417778894,-12.695414000490612,0.2941891248760342,2.3883684122224267,447.4459866971088,2.364574724509951,2.7929579884877844e-07
6886,-9.972163837727303,-8.211083717936315,5.167877527442599,1.8342747907075045,468.4174360386708,0.39480690169434585,2.798304261462166e-07
6887,-8.361211970146641,-9.912864441567166,0.33219533758343284,1.4464030571811255,294.08068491364827,0.5230619838866639,2.8096940649742314e-07
6888,-9.831087713678041,-9.321072760941796,2.4767720549999286,3.6925274529334615,543.6953410872601,0.6970417207565882,2.8098060224001386e-07
6889,-9.390625708018753,-9.981534603281766,3.170312790127863,0.6859617008441047,190.5785084515882,0.14474110147342412,2.817045790984222e-07
6890,-9.170877193751501,-10.396213813592368,2.135416981992188,1.1078933866503782,285.6460201885036,1.5724296085395917,2.817680086342411e-07
6891,-9.82804466212993,-5.562532228056226,0.7988081281443155,1.6929707210520781,399.16467597182987,0.3892581110026194,2.820093908346429e-07
6892,-9.178729237093199,-8.920743556077792,5.124731878258704,0.9554570345311619,265.14865029186393,1.5752768183218118,2.8258218889122353e-07
6893,-8.52630688684211,-9.944118233258433,5.038593466062717,1.0634947825008558,258.6137397328886,0.8518493822452573,2.830729526109062e-07
6894,-9.458196697946908,-9.901067446162847,2.617663069576066,2.967564202367993,376.1558695325146,0.03297382572651042,2.8331842674686323e-07
6895,-8.594288644474313,-10.266878756098903,4.6950503291584225,1.5905542256490401,371.24407351177916,0.5782223650654243,2.8357936716822745e-07
6896,-9.237807509162927,-10.34272910997764,2.349322050136745,0.7536873939781721,469.62839044363676,0.23320116984244432,2.8366592884236553e-07
6897,-9.780452200773967,-9.269925020723498,2.244982933466984,1.3870173309215978,330.13685950243644,0.23746901667792653,2.842952473148126e-07
6898,-9.654438372046549,-8.73955392200703,4.718489867056216,0.8634032711429406,372.5561262944049,0.7450831074200037,2.8439507742496857e-07
6899,-8.872620356862694,-12.985419082186759,2.0050404438275056,1.0988820661039698,284.04068578048043,0.2919419257312974,2.847316023067932e-07
6900,-9.621828111326522,-9.624152707368985,3.0600889718894213,1.611800897515665,467.999597567413,0.3679032309314376,2.847844483553296e-07
6901,-9.10626565758545,-10.923445242993656,3.021495916230401,1.0879042866728084,275.46287208323804,1.3857866722879164,2.850696913769742e-07
6902,-8.759465578424612,-11.791135621279036,1.5346482079205856,1.7323272401875325,409.4402055328495,0.2721373097078672,2.8512911197366963e-07
6903,-9.697347878959105,-6.494629874873172,0.7056662389545456,0.9467129475109175,215.0868012770438,0.05143107114127332,2.854223839939048e-07
6904,-8.933906437831462,-12.189108475706782,2.130617160452947,0.8913947979790555,176.55326502690355,0.17703210417018056,2.856418265809597e-07
6905,-9.328208351793558,-10.187509104444914,2.9384863363616174,0.9990456937917381,262.4906772740587,0.861647763622174,2.8569121153834657e-07
6906,-8.445131998220614,-11.759795415897056,4.40601460963963,1.3556281512227335,297.1600601587831,0.40028090215758105,2.858538351760479e-07
6907,-9.30317291240462,-7.725788520484961,0.5181511126563484,0.9046985109708923,238.0691658491414,1.3489362012685753,2.860930553575985e-07
6908,-8.78362620543303,-11.067635701575533,3.932860830062156,1.0967641298384574,292.1155524359614,0.9862056954429743,2.8626703387838695e-07
6909,-8.783378776616695,-10.808874415645498,4.0402726810913885,0.8980334003719856,468.54061463393776,0.17123143998617607,2.864746419418991e-07
6910,-8.874772966766178,-12.833852979397324,1.9957348893791236,0.8465093490856618,166.91264265985006,0.16130646241958235,2.867816807902781e-07
6911,-9.639218499508825,-9.068793941402422,4.212856366721613,0.8334524944321717,469.76069183829986,0.1712335768945934,2.870171871173242e-07
6912,-9.763528853154469,-8.48503970450934,4.970486129642674,2.1876116107469064,424.77238686363256,0.5245074415327524,2.8710372131626217e-07
6913,-8.418492339021668,-12.824696145430664,4.334663562345911,0.7972616065450291,225.74292568270764,0.8771971943718091,2.8759754258451026e-07
6914,-9.13545023029465,-10.264612293079416,1.9391118027082312,1.8607340660411316,467.8725971237447,0.5487056035467601,2.8793044249024073e-07
6915,-9.474223295049764,-8.630079159307217,5.115095764221301,0.8871589427954105,254.77348272331614,1.3044737881575745,2.879607689508287e-07
6916,-9.116822196450093,-10.97002247180145,2.8177636805078947,1.1215798185116301,291.4812137769887,0.5934541257961419,2.881136229173881e-07
6917,-8.522971002885695,-11.499728596773256,4.314232059594651,1.1138500850823434,287.5088182362652,0.6435550936346806,2.8821266407477674e-07
6918,-8.94771376648152,-12.883358705859537,2.363492715872669,1.807674784252623,432.03186477487355,0.8222501489139367,2.8826760247485944e-07
6919,-9.216345411205808,-9.278083140939621,4.57914463664403,1.4728191069100436,468.0908045288125,0.7256822726978314,2.883676458487644e-07
6920,-8.911409961669317,-11.669769060801539,1.952251218113383,1.703425613649591,400.3794674226029,0.5591197932778789,2.889978122529106e-07
6921,-8.282103969409167,-10.32467263598815,5.157240594336141,6.756282527195028,469.96279964082765,0.07450447438700891,2.8903337263795985e-07
6922,-9.085846457186678,-11.127574184417952,2.856181036227154,0.9930506212402315,273.5254377564155,1.335414453229836,2.896852285011062e-07
6923,-8.258793985205566,-12.416150433262374,4.633997502168871,0.9120823808703332,466.8886291491572,0.6086573192792315,2.8990145675086793e-07
6924,-8.628944529416412,-8.70848014689339,0.3225429030043584,2.6606953506698883,302.25405127414444,0.07622240140759562,2.904390271666505e-07
6925,-8.591481275501096,-9.787528319984746,5.055776905315008,1.8606047503725425,467.9176428488932,0.07076644644651164,2.90457633447308e-07
6926,-9.702215007678204,-9.497769137334242,2.5978558087104657,2.58740157504541,464.6938730476413,1.8659689806703215,2.904607921290856e-07
6927,-8.993822005899364,-11.238504856895538,3.278625053072391,0.8047343560915768,162.14255994917184,0.7334722303003893,2.907022774107924e-07
6928,-9.966905489177039,-9.10638894149175,3.5587844644293902,0.8812103019019486,253.03997017663715,1.500862065952835,2.925851952176393e-07
6929,-9.904778923849872,-9.300129461958026,2.9546680368681915,0.8720803135531494,227.13331806221328,0.7230945107154412,2.926232592631489e-07
6930,-8.936211022822784,-12.649229990597892,3.0182590459543763,1.1193103414853796,294.3413145012922,0.9424625803780957,2.9266667424083073e-07
6931,-8.858129749922501,-12.740734449310827,1.9453610332297133,1.2775606509241924,305.2666071637109,0.35150909865793434,2.927764310325923e-07
6932,-8.206578502715585,-11.76900871058629,4.789832464034448,0.934986640096191,245.02943945392687,0.5425440762482507,2.935782291127245e-07
6933,-8.882681458923747,-11.016209842801045,3.710255537645377,1.8483009048482648,442.167714934287,0.15569676768140717,2.9361012715117355e-07
6934,-9.925955302292362,-9.261956868605779,2.6767405362997767,4.22301964578686,582.268225148106,0.8952085475418841,2.9409112726829876e-07
6935,-9.013895985696802,-9.61042901881388,4.511576318249476,2.289483512182921,433.08230932272073,1.439944304865823,2.9429106656532564e-07
6936,-9.470573858189386,-9.301407572029243,4.100338720271939,1.1609963905847205,293.2944973267561,1.095107367278299,2.943235723276521e-07
6937,-9.322611704247867,-10.097067609341384,2.3795389125282145,2.5350190781546913,453.37358963206157,0.9753816945466456,2.9457794688475614e-07
6938,-9.068608797151205,-9.982658393420802,4.0213854188764815,0.8584495537085998,249.24749251198267,1.4570257143570924,2.950411477217488e-07
6939,-9.655998632303264,-9.575185913409312,2.734873840665997,1.006163256533218,266.73986250214557,0.7450466732688099,2.956065862047364e-07
6940,-9.014938856169172,-10.896986843062166,3.4033983003267467,1.0478550115831922,280.609137683243,1.506251113502855,2.95832748860194e-07
6941,-9.18276774479219,-10.394797643641633,2.223293666174841,0.7747026761800647,157.14612601077042,0.4734565297656852,2.961198741597906e-07
6942,-9.937870388082638,-6.177410793775121,0.9783266583368797,1.6029053934134614,368.7573000035895,0.2928249321498173,2.964523259804327e-07
6943,-8.970275160292413,-11.776578439828185,3.091244342069375,0.856888010304657,203.08019251207062,0.5572168200549692,2.965315625839688e-07
6944,-8.91053003769352,-9.958438437768347,4.350387640853202,0.7903045647023353,208.0311185916415,0.9137112709834403,2.9667734544968226e-07
6945,-8.232166836221495,-10.72020100663647,5.030037954800996,1.423315056633186,467.6788404923658,0.45443741418403416,2.9727539817822686e-07
6946,-8.954213949153417,-12.817487298232148,2.4842760983003473,1.8378194029757529,470.0111549169634,0.05739400807640482,2.975365845870813e-07
6947,-9.321708554163257,-10.053782655976441,2.322076102350409,1.0795871478654548,283.744208788091,0.8139334483605705,2.975539315429814e-07
6948,-9.616001363472094,-8.965043644409267,4.394533050763693,0.8482266502416981,200.53621568911672,0.6619727163296947,2.993222495439549e-07
6949,-8.85324433025703,-12.30116310751168,3.4017150950428343,1.1491909148826691,233.05960051209127,1.0589573893409776,2.9934479902065937e-07
6950,-9.81613518200644,-9.27198341013726,2.352527552124479,0.9897590384042628,468.30854676467675,0.8038226848976793,2.9934946748968443e-07
6951,-9.682263808511996,-6.161214314814552,0.6676552707835861,1.2749690504654012,316.6448999729723,0.3563720773037913,2.9942240343998163e-07
6952,-9.138058514955075,-9.749765851579637,4.123317473836789,1.740845858609536,412.7411374554205,0.3762346970037038,2.9944963144260254e-07
6953,-8.675293025965205,-12.068187236250301,3.894056734116548,1.5756188368093693,326.68946588043417,0.5390840426444159,2.995155873051604e-07
6954,-9.538666521328159,-9.590233665636697,3.4514432624680045,1.8286227713580028,449.3635252075655,0.3885394361365089,2.996738896746298e-07
6955,-8.85622062662562,-10.814415513971559,3.862706787944392,0.8635245551502572,228.99510930704616,0.4697045130020294,2.9971636240274937e-07
6956,-9.901682705486651,-9.284499067581809,2.6985587472900807,0.7176037330487369,219.49936041678643,0.2885264775515042,3.0024989761630615e-07
6957,-9.494159101452468,-7.7813763560984555,0.7101487312507927,0.6049723755152508,183.9747139980959,0.3612909761386369,3.0037475436815744e-07
6958,-8.533745450335942,-12.0270266259888,4.184267151173428,0.8803721138096298,467.5259620072225,0.6451918843174811,3.0088300041960303e-07
6959,-9.246447478415696,-9.587959633403086,4.0994127979422545,1.1282713373876296,292.0443693073091,1.024966591095203,3.0101971401554004e-07
6960,-9.699370502117606,-9.023619675632837,1.7790408668818136,1.066522858595586,223.002965293885,0.15525781034846986,3.013951007928957e-07
6961,-8.573610286172341,-9.76508569415805,5.091858530417604,1.5549909027089632,468.9445905984913,0.8777253080460481,3.0149507444350287e-07
6962,-8.960846348848465,-11.709086353607482,3.1516538674767247,1.8051085944617495,468.3835529356761,0.5302446991678673,3.017777756194022e-07
6963,-8.299959587483263,-10.416090566833457,5.06703254884834,1.7241999412874565,407.300183590145,0.07156484387085627,3.020256061863926e-07
6964,-9.01973819434008,-11.004973703828574,3.2982068169425225,0.9048686443754932,248.22744506127984,0.9004658990711762,3.0237958230691795e-07
6965,-8.572119914425231,-11.298743526001536,1.1221659870240683,1.448814025001,468.34271808995464,0.07212068287483131,3.0255097978205797e-07
6966,-8.516113288409416,-7.048303540916204,0.17052632364329207,1.0090473018706445,258.92383060051696,0.16994933625683917,3.0368118259696423e-07
6967,-9.057676069096033,-11.266008592844372,2.830041118466753,1.0931345046738865,288.8921639446745,1.1146829789270418,3.0393889735258665e-07
6968,-9.353491119690945,-8.856534388716845,1.2009434384747883,1.0459192719239645,470.20618168098747,0.16070282628213484,3.040681599775878e-07
6969,-9.020011049131899,-11.622278093123953,2.5806110410649854,1.8274099104054222,469.8539526024461,0.07497944681684032,3.0408235572628504e-07
6970,-9.516614399209205,-8.867966824670212,1.3759879365200336,1.7353815450526138,424.90611709577007,0.16561798212561385,3.0411861531458767e-07
6971,-7.918769931327962,-12.475905476772281,5.115523282546177,1.0911556721278142,282.8574437835523,1.485980070538509,3.0452363927082327e-07
6972,-8.254243088854281,-10.966418587774376,4.89591043796949,1.3199745271545922,186.5297676997454,0.09212191240146961,3.045604240696091e-07
6973,-7.876394636804186,-12.779213292074923,0.22024979471550546,1.5890019574210175,352.44276093081476,1.0992418966011401,3.046072818885477e-07
6974,-9.015210526735345,-11.429097832772339,3.007272589723,2.915765251212716,435.33078467459575,0.12609648067904455,3.048518383769729e-07
6975,-8.906257938088306,-12.490585075203201,3.160206729400886,1.1558465084793426,235.958759578039,0.7595441163723473,3.052562305365179e-07
6976,-8.497747816619395,-12.336526280342923,4.207345945936592,2.545712975097661,216.45692821064048,0.37808430749391597,3.0529489573770325e-07
6977,-9.047834758535638,-11.236495888588427,2.4227122480235144,1.5902308294466985,357.93238545380154,1.073119678616579,3.053441569349698e-07
6978,-8.38797876678062,-10.29195039715567,4.993497935153795,1.0536805719896616,283.51739334527696,1.8486452676622163,3.0595630623501783e-07
6979,-8.621370038130861,-10.034771404441438,4.785434447583123,14.34358101058709,453.16355696760905,0.23258513415389803,3.0623734544024323e-07
6980,-8.918099999736418,-11.616681564613412,3.3437579007481992,0.6344490088627927,179.1392741580385,0.8787828967780706,3.0677146186951806e-07
6981,-9.992115195843555,-5.0380416148374785,0.9950837421607127,1.8119654120341955,430.8970814144039,0.22250406043214443,3.067827553644663e-07
6982,-9.804481912280874,-8.901148326022824,4.21405744037975,1.1611602915093997,467.7197809587169,0.3840674380692528,3.071923820032396e-07
6983,-9.963094195146786,-6.3973006393308065,1.0166416862718106,1.1223648351598408,467.4160258291018,0.6642386546997825,3.072827799991723e-07
6984,-8.716912749498126,-11.237073602046554,3.9823269814780673,1.7737878357613959,422.4679064108631,0.1053851056608055,3.0728907002807635e-07
6985,-8.742696762954727,-10.933330503648122,4.039178876596895,1.2728318826642235,240.3346112327209,0.06585193797568945,3.07559301756912e-07
6986,-8.993527761107535,-9.498433100805382,1.1350379984480463,0.849210185923285,468.15521183080256,0.11049183981190769,3.076568703844704e-07
6987,-9.076750516781308,-11.00104814475397,3.0095352919398666,1.837172430716389,440.78039321968447,0.6028425272652251,3.0777859376240964e-07
6988,-9.073975623582678,-10.282485580797179,3.6996753612163014,1.3027076600405696,270.14010941904047,0.2735403850721019,3.0825520349675803e-07
6989,-8.21875971387069,-12.184613537792416,4.70231417755316,1.7190486340536735,406.3993457870432,0.47238449677250305,3.084876611991504e-07
6990,-8.575044402196855,-12.812164227401176,4.010609539771685,8.585020470161757,423.62036634271163,0.1622217936520931,3.0879678606706087e-07
6991,-9.118314134964821,-9.224026898482485,4.780730934590076,9.651504436569754,367.59522645630165,0.2929877262674436,3.090427963383388e-07
6992,-8.604978487843244,-10.550467447883456,4.4814496992063235,2.4100259920381557,449.648360429824,2.5165236708593817,3.091336187966942e-07
6993,-8.588908828208147,-12.867576502252305,3.9815182660615602,1.2802559518703642,283.691125968612,0.2576223826520003,3.0915576394679896e-07
6994,-6.96932707858907,-12.286491843387148,0.038223494505101194,1.0189022585074576,275.1951358949787,1.7259928130918674,3.0940923720181486e-07
6995,-9.03408029345183,-11.332105327593485,2.9443757360738694,0.883715240494828,468.2697416239915,0.5703204643949151,3.096243584768622e-07
6996,-9.51882257197811,-9.247876827384315,1.7720362739785132,2.386310424999704,440.0843705811452,1.0943854062647125,3.0966907954143965e-07
6997,-8.95514430665113,-12.637884671447168,2.539438137289673,2.471883709580532,450.60474286773564,1.287662334217786,3.103848619967818e-07
6998,-8.685660744850402,-12.254317186551821,3.8273201459328208,2.361138507227522,442.52843583666225,1.716486140893628,3.1045280222633316e-07
6999,-8.070861381717362,-10.593232302366374,0.25058350555738773,2.031133137612566,403.8863694458547,1.2906338903103833,3.11092257373633e-07
7000,-9.752800087937167,-9.433966833921907,2.9962963423481375,0.8348390624982612,223.1544503242358,0.6222117460664576,3.1142542899802987e-07
7001,-9.486288545845698,-9.676707264460473,2.2875344391889256,0.7168038567378388,145.27489716962162,0.8374471089432864,3.115973000472842e-07
7002,-7.885979229421679,-12.230685164581862,5.174886733971417,1.2285198916562354,421.8818919221722,0.35848857263858935,3.1187454476254164e-07
7003,-8.941033500873019,-12.99637421673725,2.783005433321801,3.8303952170752296,373.37098835714824,0.0578977978339692,3.1269765337120096e-07
7004,-9.678998624783127,-8.655636117662862,4.780271820510542,1.1411504324896027,227.55494165134232,0.01209871564104592,3.1281558891681274e-07
7005,-8.418707996165713,-10.202844763328203,4.99300713612025,1.5381327080376552,325.584343146684,0.3645572847221281,3.129737032474936e-07
7006,-8.919355724048723,-12.157079677585864,3.1555516745562118,1.5564813330413456,360.3091059948659,0.5436886116657185,3.131431671130868e-07
7007,-8.910746331839677,-12.360387162990747,3.144524874768181,1.0398427431544792,470.2855168221823,0.024737968628620877,3.1321358128894613e-07
7008,-8.489290952131766,-9.903541945878835,5.097400714714327,1.5988460313364399,468.0492544757626,0.3391015753634834,3.1323467768852913e-07
7009,-8.17991642065471,-11.059160631272082,4.970703422323979,3.6809728950945186,534.398439252202,0.37367136417386604,3.1334049943630893e-07
7010,-8.896223450847776,-11.833920615963882,3.3339951257000346,1.8303592013980308,467.6727256853655,0.02560751325417332,3.134836531498151e-07
7011,-8.61937440943667,-11.054168160569402,1.1633510520197445,1.3324789958769576,293.4516084067211,0.5563288775850337,3.135653451373533e-07
7012,-9.103343241105684,-9.94321530753969,3.962254493365532,1.1849003228872343,470.43792795903204,0.050685386002635724,3.1359080270352014e-07
7013,-9.727335342144562,-9.463519183849773,2.967846483665698,1.1062443067228684,466.25390160827664,0.08707769144455213,3.140828536423794e-07
7014,-8.940486055518058,-12.783642326036935,2.4318308438105514,0.8757899272426692,467.20584368625686,0.5505456975526242,3.141764421134867e-07
7015,-8.915668357077493,-10.644948931628859,1.6238274244954582,1.3295876272848328,327.6513735705762,0.3398165268008979,3.143688745356683e-07
7016,-8.215006705477975,-10.89808934412604,4.969668018207245,0.9403828576561306,467.40124617075355,0.3330383257578564,3.14443710330317e-07
7017,-8.71216739327579,-11.48064142097523,1.3935245415115514,2.103072146897528,415.08215571898677,1.726969762965882,3.145306800997228e-07
7018,-8.724066822137118,-12.994314677094385,1.588007471474023,0.9678420273404721,466.527291413706,0.16573143392971001,3.1509675424489653e-07
7019,-8.914362564572734,-11.706745054492952,2.0165570129485233,1.7865725936434913,467.70353703772315,0.4364500924323753,3.151221141021899e-07
7020,-8.94668249763845,-12.68618869238798,2.7937955185797057,1.8509087020484647,443.8456972706883,0.28787030337876107,3.155355973854343e-07
7021,-9.982957603703289,-8.936194433893357,3.8758235325700308,0.622341579910964,177.89152366181278,0.7817180410995492,3.1583250684573214e-07
7022,-8.987130764221394,-9.482587795416777,1.1142205800993954,1.7443313063044168,443.48182008067647,0.4829357278736781,3.1635575918267666e-07
7023,-9.870977257907983,-9.294098704799561,2.6850352652489184,1.0464344151603577,284.08711069735944,0.8863494306291892,3.165328196546399e-07
7024,-8.84148676410788,-9.974521430840227,4.434925475049351,0.7062719035187879,159.68846614007182,0.24979437288202266,3.1657647504882617e-07
7025,-9.23729967312066,-10.380217424933493,2.601534908687288,1.5454852013316562,356.45020336494844,0.006760516410937001,3.1714387150259405e-07
7026,-8.58876724709977,-10.555210055413545,4.4983186033626525,1.2628680950086886,305.8654002966019,0.5624743997594868,3.1732226756494594e-07
7027,-8.579694111329536,-11.647891734658113,4.138678980705986,1.8324556584743061,468.33374720097976,0.44647467644392247,3.1761262248092014e-07
7028,-8.516960274055341,-10.838330025206094,4.494323596306526,1.1258504057705168,272.33751565143785,1.1872934631246235,3.182198438468853e-07
7029,-9.104218608463187,-10.9246484742246,2.795087492381526,1.2183457678354437,299.04728876779836,0.26181202689060523,3.1835945315204117e-07
7030,-9.777610872273813,-8.112967654331186,1.1990051615926183,2.7131781282514758,476.7239122894457,2.0555623749277023,3.1844886679204395e-07
7031,-8.998638820118698,-11.787509168147505,2.6644891113319527,1.3572004086423135,305.8974596632076,0.21474063678191602,3.187633150947376e-07
7032,-9.54221528124655,-9.665222873943167,3.186722903520518,1.1465302751608828,467.83522693252104,0.7837771843193151,3.187851346636698e-07
7033,-8.093955778551557,-11.783252528686159,4.932669749436463,3.7932548271184867,298.41902595528046,0.19768280627239943,3.1881157610400896e-07
7034,-8.967722583140308,-11.899567897081745,2.966431638470249,0.8582527049794499,211.2310641226475,0.741448945389469,3.18878618052289e-07
7035,-8.949049678550344,-11.656974563713113,3.1795151508877915,3.1328228324439964,320.242475476473,0.10869319458637605,3.188967411829973e-07
7036,-8.52891884205994,-11.377689575201595,4.2954744561151355,0.9919756339568416,468.09181588502025,0.6256295341086346,3.196631464971429e-07
7037,-9.206764135005319,-9.46701634310297,4.306830823056466,1.0854897124163925,285.5677137312322,1.4269864154579537,3.199154025973784e-07
7038,-8.596054585481262,-11.507951390397366,1.2024120772131384,1.772335237044113,467.75761599949595,0.45442135541149664,3.1992948455543133e-07
7039,-8.814381755618617,-10.945172046817136,3.8630703849246664,1.3660520437264982,303.98901312841946,0.8557829555705831,3.204141499405329e-07
7040,-9.211205303794417,-10.358689821552032,2.3553435541773524,0.8036676843193071,183.326968438361,0.6794916230933437,3.205141062950891e-07
7041,-8.962477808685563,-11.66301591327581,2.2090828887795455,1.9502346110305728,395.4517729225059,1.3518284928723023,3.2055435748062896e-07
7042,-8.459152320675097,-10.112465711233199,4.9805736189866785,1.8228454253505906,384.17047375108217,1.9595792230710583,3.210572273069246e-07
7043,-8.147475963576667,-12.21391467469413,4.796072378218992,3.013704391967646,497.1481525168937,1.0668852036639231,3.21144484311579e-07
7044,-9.846240748212537,-8.401437742008365,1.361504065698014,0.705096668555101,465.7137545781245,0.4860311585238106,3.212951173699602e-07
7045,-8.884051164081605,-10.80460091261042,1.6213276767055766,0.6622019650225074,467.70001660217804,0.4520400114882568,3.216035621308511e-07
7046,-9.484795220665093,-9.54888971850774,3.622963249518448,1.7794912706019257,442.10621322892547,0.6193800003671308,3.2184927278040517e-07
7047,-8.961501330714901,-11.427097626813246,3.2190438888088866,8.005343353640333,374.88683431559747,0.19102017902598778,3.225492826116053e-07
7048,-9.774868149379865,-9.315260659515253,3.376255410470592,1.0154424397596757,265.2402835593657,0.8061114157738825,3.229143022350063e-07
7049,-8.92428103786778,-12.369903149382244,2.243294917917901,0.8039671780269737,208.9476163717658,0.40714062243269833,3.234722418517231e-07
7050,-9.221833856672562,-9.668478713455809,4.0185550867336515,1.211791003275947,468.6709718893268,0.5408593095478196,3.2352213453396707e-07
7051,-9.663067221933124,-7.866717066265396,1.0054401039390335,1.7376681733204944,467.0921365531933,0.0687490793279677,3.235728830733383e-07
7052,-9.142796901294478,-8.91293633631424,0.8853357391557333,0.9277753407280664,196.10136815049572,0.10462637992661517,3.2369430036133e-07
7053,-8.335348428161975,-11.814843387262181,4.543726038453071,0.8495858012260727,469.33698111686937,0.1029014225988858,3.242838694762538e-07
7054,-9.526608617816146,-9.462505416685197,3.672043118173487,1.137585938411498,468.7009271964223,0.573169895813928,3.247550804915755e-07
7055,-8.890989276303646,-10.61394091157577,1.5567181608672633,2.5192800144960437,225.95087112923528,0.22147023987445102,3.2540907154393805e-07
7056,-8.770622845724358,-12.805381395901692,3.535925663721335,1.8043620539619087,427.8192309464524,0.44324559525104323,3.2550686489173846e-07
7057,-8.796848174444882,-12.712824042078617,3.468071973016635,0.762768200599489,229.01870534146616,1.552501728649033,3.2564826086162134e-07
7058,-9.753620670491383,-9.200733026351653,2.12865426337036,1.2580451675719542,306.0428973083664,1.4699314188893178,3.2663999412816434e-07
7059,-9.964593158165927,-9.163890235460013,2.5475347700238755,0.9553223597858945,164.066353189316,0.1296231519515958,3.272095723203069e-07
7060,-8.945999130693984,-12.328266990284636,2.9036777671609073,0.9317845187101768,467.07252029218546,0.6655960994931176,3.2747292276191727e-07
7061,-9.396100395707524,-9.0779950976934,1.4112274729689622,1.0060786133034583,218.5025537823914,0.6846577888347332,3.2767806211191724e-07
7062,-9.31495494950584,-8.130624526284926,0.6342062422413272,2.914775406276049,487.6722292585651,1.0065850889300147,3.2784801203209985e-07
7063,-8.361659756017387,-12.803196211468348,4.391313986421891,0.9260243365033449,194.50424928935834,0.7880829480091753,3.282239715894832e-07
7064,-8.820679607622083,-11.81851856622184,1.7489738842794407,1.1686301969867392,302.7946344963841,0.5936710453156833,3.285664236784563e-07
7065,-8.94218186009463,-10.614276808743409,3.7286389769632335,3.7342613929688544,542.3369421900171,0.5375359274497447,3.286166921146396e-07
7066,-9.64620862669827,-9.541296779461366,2.66345399558449,1.078240981583426,467.54681370111246,0.7912356368332087,3.288736475872013e-07
7067,-9.14481163220993,-10.097357545374589,3.671396924054331,2.5689210856064535,463.3406874716135,1.9297529616062716,3.289099028341693e-07
7068,-8.491846254785134,-11.239099747003909,0.8163343531287591,1.755255823187449,415.10111649413597,0.1490143200766747,3.2930121949635897e-07
7069,-8.834638146255719,-12.711221244776885,3.3439162845957653,1.151247617900607,243.91880111498546,0.4534484835422834,3.294650814994262e-07
7070,-8.835797968143117,-10.632708160742585,3.9642163818845093,2.459887158825926,215.3422353466562,0.30648525578514807,3.302658376301909e-07
7071,-8.380467728191945,-11.654802554759677,4.48808890982341,2.304191155587858,389.70008297316036,0.1785018048662259,3.3067681803543043e-07
7072,-8.939225696326002,-9.659116891334985,1.1593487968200429,1.824640521956818,468.21163623932216,0.5441180811279267,3.314302932348491e-07
7073,-9.070789005215293,-9.009079357713047,5.1125259703734,0.9591064808234104,250.23081725547385,0.5520806489191603,3.314386121622485e-07
7074,-8.86594259194764,-10.368170310105734,4.065327457267599,1.7273669310993,425.3662413121997,0.4930335200023217,3.3189854177693674e-07
7075,-9.22692337297704,-9.471162081511114,4.248194707108908,0.5327577000089121,147.64131251656852,1.2339601232747794,3.321047590160244e-07
7076,-8.296533746517936,-12.201945587119667,4.549152435728067,0.7937597753005784,228.26497327379087,1.2503138865875671,3.3250148459716244e-07
7077,-8.864566048675819,-10.562720339014287,3.94126085927637,1.4450042300179458,341.03499109339816,0.24903209054318243,3.327281768648028e-07
7078,-9.115977998963194,-9.679440234498468,4.19572789432335,1.1207957853768824,288.1988700118711,1.3631640612628777,3.331337182452781e-07
7079,-8.917848845930088,-12.92061619878484,2.9248837431020056,1.0768334727005318,265.89688552080673,0.7048282253908269,3.336899901161007e-07
7080,-7.8385311941767934,-8.996053470994035,0.1309154091717984,0.9080216934835403,234.88655917672358,0.23340700025317496,3.3409464201229304e-07
7081,-9.379930250851414,-8.763630450271402,1.1846592075133633,20.24725797706308,559.0280363875752,0.13786562212957598,3.348218069042711e-07
7082,-8.909200206840929,-12.924290788589094,2.9653269644780758,1.8175674681119314,431.28352890799243,0.590325427592612,3.352435121745627e-07
7083,-9.147924237715648,-10.6692904550845,2.8361168244642996,1.6192065008277803,359.9767743610999,1.7979371676923392,3.3533437940993745e-07
7084,-8.822085652216076,-11.249945514425917,1.6281367647777563,3.715906871341981,534.0072310925873,0.3595004166337281,3.3575513007060994e-07
7085,-8.982949341470665,-11.858675217283427,2.6734556427869376,0.9027182319636832,466.596729220864,0.08656930957236231,3.366658580402633e-07
7086,-8.474930622526081,-10.244362020070678,4.853438165779966,4.48584433321291,595.3673827853564,0.6818395520013176,3.3715172894224807e-07
7087,-8.022922828737812,-11.691600164208431,5.034868617277945,1.637977778130112,353.8938225368833,0.8532986372424389,3.374786927619841e-07
7088,-9.536682657044512,-9.213853555222908,4.0634018727730155,1.1304931079705263,467.08991019929084,0.0982054452810468,3.376245086242408e-07
7089,-9.79857715923769,-9.169316367382672,2.1932873832611186,2.1549044044565995,369.29771428144414,0.1555376022951629,3.377079953341377e-07
7090,-8.985987731796072,-11.81695538939117,2.6578332820307446,1.5889842080617291,468.0427960048514,0.8099614398843471,3.3808284367062553e-07
7091,-8.950375519107961,-11.54897961271632,3.168204723356164,2.804169462735299,482.88287900484676,1.4869515217048734,3.384536688238326e-07
7092,-8.103250537370505,-12.937596700566957,4.792867727676897,2.4727924729463964,218.13436523325493,0.2766234408759267,3.391123244108823e-07
7093,-9.030004846987396,-11.17495952793801,2.3489334824573365,1.7559412329301594,415.9797816608185,0.16010649106170316,3.391552826442904e-07
7094,-9.105152176868874,-10.42282828122586,3.4105815885975757,1.8163186444958674,435.0455129574996,0.0069247779382584085,3.392031530082168e-07
7095,-8.821528275943567,-11.134619084828989,3.7350984289093345,0.9536295930205584,468.1664224624331,0.8174396100876642,3.3945870300260145e-07
7096,-9.170772266248774,-10.553162908278841,2.8900710387377786,0.9433967200490807,263.4996217572243,1.5361020446941893,3.4005999868257375e-07
7097,-9.14672513627081,-10.62387573818624,2.4865047683561117,1.684141116008605,366.573282639262,1.8343099234458977,3.401663929151443e-07
7098,-9.080007334691775,-9.802126073990031,4.121456419669919,2.1810825769721984,411.4063436251833,0.681181223508438,3.405830252256882e-07
7099,-7.896063010220258,-12.787519994006123,5.094198637187268,1.08917997576377,146.6177073250519,0.25355384228528255,3.4059826446166093e-07
7100,-8.719027160738928,-12.200927188943092,1.5374284544687014,1.1519584737252917,298.74872029905697,0.5733083609118763,3.4076039139047793e-07
7101,-8.919697248418453,-12.765298820280323,2.909165731909546,2.6227099951272543,468.6998419142819,2.0625863642442193,3.411877332811782e-07
7102,-8.544431589559439,-10.77894893993056,0.764956869498188,0.9606819961505337,195.70074181117988,1.0862183602042643,3.4157713929882895e-07
7103,-9.400686877531859,-8.933291373137088,1.311756355720172,1.4959212211663222,344.6384045907494,0.314310527189229,3.419735899139176e-07
7104,-9.080978625227615,-10.753067236432177,2.2599098371265507,1.1161664120768524,290.9079819630229,1.1550864369603602,3.424075527959537e-07
7105,-9.448768339016755,-9.760953704981938,2.4116598449307665,0.8750241886371437,467.3581701141027,0.572443011383224,3.429904886965906e-07
7106,-8.303041132486578,-8.23259034841721,0.2107076705985291,1.6362085911605544,353.62674405516003,0.7086546324916245,3.4322884202735834e-07
7107,-7.871971144904522,-7.581156448571768,0.04941138458027199,2.1031585501991876,416.29516451129416,1.9506110043931857,3.440919698337385e-07
7108,-8.924174309236996,-12.542746573846541,2.925729151278907,1.8265713556084158,455.38288467206394,0.3127665344138446,3.4424378146070346e-07
7109,-7.868631938798266,-12.838023212397571,5.125551348015525,1.1175214151502566,247.0222645429998,0.6589430357997603,3.442687073700536e-07
7110,-9.128485527719686,-10.024368158874141,3.7665318486950294,6.50824641365455,535.4461455447794,0.025981310147502157,3.4460770979742383e-07
7111,-7.473909144146479,-10.822389370813685,0.11994878009271719,0.6205215463969406,128.4506074614063,0.15799123491377642,3.4470271418633757e-07
7112,-8.780728148650844,-9.888253070124659,4.589244233726908,1.0808082101413419,289.2885289598881,1.0356928108981007,3.450096215366668e-07
7113,-8.112691841712287,-12.774229735248731,4.783425332907856,0.6629005681402176,136.4853853378122,0.25262286700994885,3.4521229947835506e-07
7114,-9.152202252240047,-10.620759904951548,2.5866759172741167,1.7188746568643491,469.97826161182763,0.1302974693342449,3.455885024984649e-07
7115,-9.637004610583338,-9.20378229104797,1.9618736233629555,0.8614100986820151,228.47296590337007,1.4506274645844481,3.4593326962383725e-07
7116,-9.245788834034695,-9.088073090537764,4.717493513487688,1.090944203993242,467.22212596743407,0.34600982944309777,3.459456281460313e-07
7117,-9.700904221546846,-5.605214158089985,0.6762598906683356,1.7620824262653512,418.5668657725127,0.3141279733976985,3.4609283761398937e-07
7118,-8.91281228166246,-12.375813707522287,2.241442630347924,1.8402996083544931,453.44721598102774,0.6029630914455382,3.4711944348178667e-07
7119,-8.967827982095276,-11.933417289847018,2.777919872961343,1.2962030803928386,315.363488182236,0.4330407364675004,3.4728276431192856e-07
7120,-8.931404069547183,-9.267593475310111,4.984549947032156,0.9724061261860374,245.30260800420683,0.1153298333019448,3.475856996287856e-07
7121,-9.263136929605757,-9.412015810981828,1.5210186443912515,2.2235087782242346,428.67413283357905,1.847392533583876,3.4763694788992225e-07
7122,-8.918511252409441,-12.565187898474194,2.942184043683408,1.8343540505712197,438.29944550444367,0.198304810253207,3.479131862384012e-07
7123,-8.927695527614759,-11.771573476265754,2.133222742355588,1.19825415462246,219.16278543608746,0.04048383000371558,3.48296349875132e-07
7124,-8.996687543634064,-11.62348853310272,2.5663074670534534,0.8096305751731929,325.99726256094067,0.05308604053144883,3.490300720859328e-07
7125,-9.415636439790559,-8.522376755622547,1.0788310714807854,2.1331311840747897,234.69347737341036,0.1471420003541235,3.4964083486811386e-07
7126,-8.924955958254667,-12.935113436735673,2.5324311755931825,2.706133787231949,454.11002085105093,0.3384186698033469,3.5054546594349665e-07
7127,-9.024844010789105,-10.943499976745155,3.2025107482163993,0.6347111063504434,137.08492528622062,0.11420905625020517,3.5080417195912e-07
7128,-8.949997299316271,-10.116380730413525,1.4425289279369506,3.2690686140982343,520.6768468404913,1.4961883244001104,3.509452992017847e-07
7129,-7.853818834647904,-12.38225044831258,5.170877497055058,2.7482362012416073,469.5155989306603,0.8002583302060087,3.5121785245560106e-07
7130,-9.802198028336639,-9.345121370384518,2.9439848644070574,1.0930738018935353,282.8906455779725,1.4730363545810263,3.5127680733766457e-07
7131,-8.155887326920842,-10.895712019849627,5.0283592579267316,1.4935001780664865,406.6782270213947,0.36037809069888116,3.517425516142121e-07
7132,-8.775310881431114,-9.838076897798826,4.635641383880673,0.9558651008055007,255.3651902097529,0.5250198686340957,3.523284952550376e-07
7133,-9.793591212458917,-8.703769402980829,4.507935094732554,1.0538528590155243,468.0111897008126,0.3969831038167273,3.5250779254853166e-07
7134,-9.038521362155347,-10.945080017747218,3.1285328758799875,1.1842379777296694,467.70708405876474,0.5813897267728887,3.5282457705462805e-07
7135,-9.874624008595884,-9.113133043480241,3.586610931253323,0.9512763046803735,200.5343671244122,0.7918745457747391,3.540233727393407e-07
7136,-9.117810558394453,-10.11421528577776,1.84899080374696,0.8583590029930547,216.7244172313434,0.4307124876575168,3.543872144874802e-07
7137,-9.258503237807322,-9.633001580199158,3.9458901643927526,1.0396584520409227,468.12371082063163,0.9070212276895795,3.545938483551807e-07
7138,-7.388858211245759,-11.70817817475866,0.11425185651964243,1.2046624458835502,468.0852749589781,0.19765674218471663,3.5471275315381294e-07
7139,-8.80253899132446,-10.952232792959954,3.8415560862681426,0.7711227533926095,222.81820245721644,0.8193900555835949,3.5485601940342814e-07
7140,-8.795384500300694,-10.82112840473906,3.921073711552154,1.0214253925309882,272.1060187920448,0.2818307201772363,3.5487892768755823e-07
7141,-9.539415200511558,-9.280008292851386,1.893502030409307,1.5706124224716438,349.36834249208437,1.0407710378797788,3.552049773708786e-07
7142,-9.178568801594931,-8.964426687583556,1.0590020424070468,0.9845075192691775,468.66525754210636,0.7689604290811021,3.5523382391880537e-07
7143,-9.397066658031903,-9.596241544751368,3.688582058843997,2.608541286472017,448.412149558347,0.5194513722626732,3.554231838803311e-07
7144,-9.689879845489306,-9.387788230856318,3.329232071746774,0.7166347562354072,418.07221050395106,0.32553842058979665,3.555289956929965e-07
7145,-8.867641566652935,-9.720355665093397,4.5820450752321955,0.8095484360399281,174.69598371591735,0.10721347315932217,3.557669278716508e-07
7146,-8.456988116332301,-10.542032018532911,4.696004264296864,1.3612417886719068,302.25584556318864,0.928110059164239,3.557828250208708e-07
7147,-8.649491837360575,-12.134222450760344,3.8631306494878643,1.7048076858723447,400.26474418291053,0.3034479330475417,3.574057943654187e-07
7148,-8.910333732529313,-11.51586511888013,2.00328757385479,0.8443306763547377,172.13273261871112,0.1317033855775085,3.578624022981264e-07
7149,-8.230938364280487,-11.90713443038657,4.671516349039657,1.25727186793043,313.5537203546665,0.5408943467292753,3.583770308662868e-07
7150,-8.23477479088399,-11.23243999862787,4.797202586253547,0.7461416337329975,152.8193571328666,0.10793660511135261,3.590640351760606e-07
7151,-6.763264975745749,-11.355997295753289,0.007265625421063798,0.7943229359394962,469.1255708697866,0.1164410348914009,3.592656186581588e-07
7152,-8.616858650825899,-11.798037789955421,3.9877224679243,0.9189753520261208,469.0806419168625,0.1512646950121388,3.5957050083618637e-07
7153,-9.302814197911415,-10.089438085617209,3.046132129020123,1.526935652132287,362.6689327998909,0.38367587402739556,3.598566528605319e-07
7154,-8.55658833302452,-12.471477671028913,4.0199006243454365,1.124096988106843,289.02263586320197,1.2353765562012349,3.599620605584669e-07
7155,-8.450831002092809,-10.253940862686118,4.864002860066418,1.0947783376158793,249.15082992729097,0.2903005839549273,3.6019236832949323e-07
7156,-7.846495818674428,-12.630138202300937,5.153395056644637,1.4709294448308035,452.6756464467196,0.2045184064530048,3.611616986449629e-07
7157,-8.260612187897198,-12.550703214471328,4.549504707550007,0.7588368484029302,206.1603116025711,0.9189878724459799,3.6177087792761584e-07
7158,-8.89985122114344,-12.53392865621314,2.244534728086381,1.8218936518072375,435.0577171149254,0.06724337082118037,3.621783128863293e-07
7159,-9.194076873594216,-10.335386123531237,2.357595980481769,1.0234747436206522,278.90703361052255,1.2028709397653001,3.6391542581385453e-07
7160,-8.18607918732188,-10.491067232968264,5.145144751043525,1.1096702700942611,289.4818917066546,0.9934839122719348,3.641524745996103e-07
7161,-9.396712518210805,-9.013963961368596,4.5672320197608824,0.9520870071946486,173.9795697568748,0.43039423419658096,3.643112833463738e-07
7162,-9.728128942221622,-9.235878615004731,3.5946608365166717,0.8844270039354023,214.96918980105713,0.06757007669422865,3.644871653508237e-07
7163,-8.927343769426974,-12.337743599303982,2.8687025102971466,0.7533005940832528,468.6063068060913,0.3234134594980693,3.6502077847867985e-07
7164,-9.260434877187208,-8.676393517806753,0.9328414019522663,2.520003544311404,457.45066544073546,1.6901243952144922,3.6502866166035694e-07
7165,-8.554161543191164,-8.16083977258603,0.2728114173088334,2.5057983528301144,427.2841449984762,0.23260816930190487,3.6521023115235954e-07
7166,-9.54952951206225,-9.650504143953356,2.8786935826211324,1.1261721116105774,128.98094917024437,0.35456903150217567,3.653146774563232e-07
7167,-9.67753023308799,-9.459247410493223,2.646697974527085,1.2034652907101204,307.19651815329746,0.529469828519745,3.6531582994909645e-07
7168,-9.250387438825282,-9.78572326635096,1.8893691878364927,0.8650073593271274,206.32110175218475,0.6633117623081723,3.6539624097344276e-07
7169,-8.902315223019738,-11.18899294066137,3.448029550124053,1.157692502918354,298.3303655788525,0.9879736035387037,3.6541772191629583e-07
7170,-8.866720097652806,-12.125928443425545,3.2543365481855164,0.9679327018046691,468.07526617459416,0.6307344476800791,3.655829745959058e-07
7171,-8.794960774914767,-12.835634149806136,3.3938777598307968,1.7112193846602943,468.02013617353344,0.3772230567266952,3.6609627763655714e-07
7172,-9.164552687234224,-10.540962139779356,2.6704782199727166,1.1510139463388454,150.7427262685935,0.27308351784328266,3.6623947634634545e-07
7173,-8.568246852857115,-10.781014298538643,0.9837878744030254,1.0535733371584395,277.101203281696,1.1576900770203205,3.6624623748367847e-07
7174,-9.938492025387939,-9.055296729275888,3.5733757103588144,1.1968172989829495,209.48425403689464,0.09007732444230765,3.6652062975258515e-07
7175,-8.625242976255805,-12.859037305758232,3.832109421185684,1.1263805636864301,467.4115029321167,0.6650489724448834,3.666519162821954e-07
7176,-8.099804975397927,-11.647046397517656,4.908214591457371,0.8147339857509502,180.80811393738225,0.49267402545895944,3.6687016959053955e-07
7177,-8.738391653563697,-11.035509532770963,3.9352734594694767,0.599910684068822,130.64796544551888,0.35366429420417855,3.674547652178737e-07
7178,-9.105607689009972,-10.23596713069715,1.9381489353329457,3.4093159175986862,479.56960569244114,0.14304382733381438,3.677165154270679e-07
7179,-8.939943542763217,-9.440057098034682,4.747261934469627,1.1136147815995325,237.49553312249438,0.19453579862417048,3.681229194723474e-07
7180,-9.846449305999633,-8.34616605929925,4.999075239528151,5.934155705253211,634.9971390086007,0.23759158363539168,3.6853094637744944e-07
7181,-7.940715608990736,-12.10616447752792,5.068410712260696,1.587521922580762,468.68672876304026,0.25780236690784886,3.687742466361905e-07
7182,-8.22202981943035,-10.5705734266465,5.046753188371956,1.1011860360247643,291.3695094570209,1.2058583756164891,3.6938402761514067e-07
7183,-9.047395114684525,-11.029316335392506,2.450327783032001,1.6581319729020578,384.4411461115192,0.022763250431024673,3.6959824477277485e-07
7184,-8.511407001167244,-9.811710842236433,5.084911584099243,0.9915158429515971,249.44097195114907,0.32998106855315346,3.696414045039468e-07
7185,-8.861109540759935,-12.704931681502392,2.079893390795466,1.3735772759504545,325.00511132466556,0.296222916976407,3.7014835913782835e-07
7186,-8.694352482193107,-10.610318157506647,1.1962249321114193,1.0980466491477499,141.46908853676683,0.38138962307335067,3.7054985031021087e-07
7187,-9.092946437867594,-10.840040869437079,2.7585619550538842,1.1248410731360023,269.9823374054783,1.1732131259741303,3.7068137268993034e-07
7188,-9.337050130402163,-9.516517480202035,3.924759469868942,1.8904949268271156,467.56467676031036,0.31782879202701686,3.7075869849829647e-07
7189,-9.496349612299225,-9.634016183154408,2.368482651162755,1.6543278339101042,468.06918887162846,0.7134257704033642,3.71407715234718e-07
7190,-9.529868696662815,-7.935214052581089,0.8497494645622179,1.611946972203679,358.4655944257457,1.6993226791037008,3.714398180392654e-07
7191,-8.574599350292674,-8.62238727468323,0.3032622281126901,1.0762233262892436,466.08212122197205,0.9283768382468152,3.7235696000797483e-07
7192,-7.686213285486498,-9.6342265836826,0.12942233918076484,1.6401814519693394,382.6093614559014,0.09655596696846924,3.7316135736614607e-07
7193,-8.461528151621348,-8.902918422354546,0.29501758369789677,1.4734323994535945,334.1026282748346,0.07545655697124065,3.7341584168302383e-07
7194,-8.271959017236409,-12.86459009281059,4.499608824225649,0.6555094876544288,144.39840134501875,0.3008238749394163,3.73428972835371e-07
7195,-8.13340987720554,-10.786020740460796,5.08450052184086,9.134071816296647,599.4996692947365,0.05248390150430371,3.7370177176987495e-07
7196,-9.7177525463272,-9.411765916086427,2.7476482224482153,1.7048465222830371,258.42713854201406,8.931128962785806e-05,3.737408907192224e-07
7197,-9.490482856499153,-9.68735794026157,3.1421614928933486,3.508735896379789,515.3237808909375,0.32579828965204083,3.740558312220491e-07
7198,-8.126382431967428,-11.79761640787412,0.3292723662483156,1.537545235327725,352.8517420692202,0.24035126271080287,3.741247890136773e-07
7199,-8.425759434703467,-12.922056985288997,4.22486949829882,0.7314546725067949,159.7937703000865,0.011751380127901001,3.7444175288240664e-07
7200,-8.727807296465807,-12.072043073146267,1.5726283169245951,1.167976736098366,241.10944922515563,0.30339644462047755,3.747906000060476e-07
7201,-8.033410878468928,-11.68933504118585,4.99105371557023,1.6355565747896634,380.1771253399103,0.40343885678651414,3.7486209193686336e-07
7202,-8.885124340665431,-12.875594398096196,2.9917356537234254,0.8984319382134144,250.17796371997306,0.8510385779478371,3.748660699187644e-07
7203,-8.932536805934888,-7.793342146793959,0.337813896071633,1.7059611780054462,468.56289890227737,0.5286899305109092,3.7552939934423447e-07
7204,-9.377998771697783,-9.646395441301355,3.613308521497274,1.7335142972873645,409.1367381387843,0.17252576419491827,3.7604813254138294e-07
7205,-9.455621588372072,-9.783911978004909,2.6697751292169127,0.9292727467720205,255.85648359442513,1.5817760927671491,3.7638615640427647e-07
7206,-9.037674148031027,-9.026970598204356,5.0964456516710195,1.773693373265717,468.3822336254525,0.3842728519237122,3.7650525511290014e-07
7207,-8.818802756779313,-11.02340733298939,3.738140761529143,1.7500906437238142,468.6535340579513,0.06803321078764046,3.765938293492301e-07
7208,-9.463899850839335,-9.537836202415468,3.5828526927729385,2.407739551868298,448.4100346067316,2.125488100863877,3.766766657361136e-07
7209,-9.43972736118682,-8.549162052567203,5.184517115643859,0.4856020521685997,141.79021290684597,0.5311626786823469,3.7695398976067123e-07
7210,-9.282974215025266,-9.830463017790537,2.037387586979957,1.40051400265249,320.92553817975914,0.20969804167052075,3.7723325930275283e-07
7211,-8.003484342446317,-12.102583269580109,4.973164020929067,1.8714109663077678,449.53064327640357,0.31824659760462115,3.777688654189432e-07
7212,-8.899087651718325,-11.042396293419479,3.5154116832948294,1.6217925425665733,364.3075741757188,0.952576263799318,3.77963572222058e-07
7213,-9.089880984388206,-8.287303119199148,0.4955716663612362,0.8693971891389716,218.27976979525758,1.0866105108106012,3.7799985023453284e-07
7214,-9.519967954964008,-9.065500373407751,1.6204382559579875,1.1106913743064881,467.1905018812765,0.5525906085928423,3.781076331107932e-07
7215,-8.390220320967808,-12.610383997803371,0.7562368101312524,1.1915479506658802,283.5018778588268,0.496469133843374,3.7811932553330993e-07
7216,-8.914731652608234,-12.788513455852884,2.508727874290213,1.2368884758194307,470.4190286328224,0.016729660671130908,3.782299702006438e-07
7217,-9.642287392771724,-9.158900886957685,1.9351842457018975,1.6926538765621022,398.4202682350949,0.0731929957948827,3.7917402677019824e-07
7218,-8.448409656827089,-11.670996973928606,0.874186376106384,1.4288083397826623,323.809167047645,0.06163523996257769,3.7978112917616474e-07
7219,-9.11720028141994,-9.555600600111742,1.3915331611058617,1.579311680550135,366.4689283561476,0.3379562786523742,3.800401069189637e-07
7220,-9.651792854142684,-9.394004601670002,3.371739845093845,0.8262616624769392,467.63442544775853,0.03684293374683545,3.808904108226628e-07
7221,-8.58030800421628,-11.61175038223458,4.075811738412897,1.3697242094842161,468.075017931468,0.5761856250013775,3.81531839937604e-07
7222,-8.912206691721936,-12.534610169025926,2.407117131578275,0.8690076438863089,468.41407098168776,0.8232857123444441,3.823250987505805e-07
7223,-8.913734726629178,-12.018458838770265,3.030127513070255,1.8486437418037083,443.62026077053815,0.6160665296156802,3.8286080986688554e-07
7224,-8.956785420025145,-10.180738851995645,3.9552593087032952,2.45475311361532,449.618836859337,1.3191727234367372,3.8333818508870184e-07
7225,-8.987856904654048,-11.14431617857934,2.2148573650335126,0.9634236857921241,467.70940421332205,0.10426610804425707,3.83360303323201e-07
7226,-8.786708637186564,-11.33559491568674,3.6891503221154816,0.8093308516369484,221.33235963577846,0.9743576539406948,3.837632878914919e-07
7227,-8.946747319019238,-12.017349423747312,2.552233777524726,1.3399922172715308,322.14299131647465,1.74233386331544,3.8399193278889166e-07
7228,-8.058527162254808,-12.146841294908768,4.883467804048519,0.5049050660884301,115.4349665111128,0.7843886672757927,3.8448302514368366e-07
7229,-8.892656240247291,-11.813494914731574,3.204082987990016,0.6204509888654217,196.39246347053313,0.3051587890061933,3.847064756928289e-07
7230,-8.095726444966644,-7.244760233981123,0.08011165942880215,0.6569362637145945,185.50092248053778,0.91799386253824,3.8489997817390877e-07
7231,-9.948186332055327,-8.176993922759879,5.126686078054378,1.0389410753826473,467.5922947693506,0.9335686089517576,3.855636425731431e-07
7232,-8.973070311052412,-11.416402894275508,2.979219862090381,1.5380723276190897,352.6094173409245,0.4103637975116081,3.872816810246732e-07
7233,-8.614088102327402,-11.14591299915894,1.2015862268894706,0.560977607970334,139.90565938148177,0.6001044295313536,3.877695728370131e-07
7234,-6.898538808414909,-12.449947022243233,0.029747964932830107,4.371302418710209,583.623260053143,0.31417910910877733,3.8795045595912806e-07
7235,-8.63021214975197,-8.051850447602577,0.2804354959812287,1.688161494502139,371.99229337332207,0.8658137478684269,3.884802332372292e-07
7236,-8.550282997773328,-9.660664845874944,5.1419788656285395,1.1764728039100167,352.0168629667844,0.8685516090877288,3.889300910664974e-07
7237,-8.311088778919572,-12.353484888001944,0.5176754418678952,7.387522649215859,317.9159129781435,0.3293768231057781,3.897700870936343e-07
7238,-8.701884294571652,-12.214240059799467,3.690626342254172,1.0490005687440227,467.01460626039926,0.6025214247157811,3.9041708526586616e-07
7239,-9.55962703666944,-5.566868010819543,0.5476457291676349,1.2208325564207592,307.4667135673487,0.40870457490593015,3.9093969759766824e-07
7240,-8.925983762274754,-10.744495933393873,3.591345720561949,1.8504746464635733,455.0515049670173,0.19914643052992798,3.9102490352395347e-07
7241,-8.972603840429407,-11.593670626361405,2.492480982688064,1.2412832813924175,296.5720786045512,0.6423574928569602,3.9107107786551035e-07
7242,-9.10978424888896,-7.150568964844989,0.358132851465965,1.0400104792543083,468.61754635128517,0.9420269652607738,3.910995201506978e-07
7243,-9.127110636562678,-10.039675023870002,3.6805443720565405,1.2169655411967621,309.5032193183581,1.682833698617773,3.912210536224424e-07
7244,-8.418886717770297,-11.620602961762184,4.370515804650701,1.6285528669144291,467.4667773638123,0.3889881464963665,3.9189516524967995e-07
7245,-8.938801343802595,-11.684785353125847,3.0058720560836885,1.2776839089759613,296.23380357717326,0.25420890026259446,3.9221399691868424e-07
7246,-9.993234951706235,-8.925874289655948,3.7408338116124447,1.8643064087419694,449.0029965828308,0.3862151666466227,3.9274976364383436e-07
7247,-8.999615540872862,-10.597602004673202,3.487073870095507,1.1588249061938938,289.67357884620714,0.5521976427053481,3.931569331468553e-07
7248,-9.944112844771023,-9.15331074444614,2.6597609119378323,1.3877384270500053,325.98384827400264,0.4962375642245158,3.934210004487963e-07
7249,-8.24694482887229,-10.209372374119301,5.188423763047294,1.4152752698472844,445.4539206324176,0.5505178953920185,3.9360577966402473e-07
7250,-8.892749632175091,-10.924045954282189,3.571326220990016,2.9110505784509226,493.1973083209902,1.8421728538519853,3.938737526771049e-07
7251,-8.430168730774195,-11.074256954101243,0.5678865827699173,0.9802204490937603,195.6237893175872,0.6274175460515954,3.9410434103163206e-07
7252,-9.926366114268824,-6.050479673069438,0.988407846985702,0.7883891184756243,468.2966127599511,0.503473375759425,3.9412499767829907e-07
7253,-9.062442356094786,-10.793306198863888,3.043248777024996,1.761228609282291,448.6450984782753,0.8699094676919481,3.944830989142829e-07
7254,-8.863090003375735,-11.140165326978988,1.7689609735902647,1.1142175675804147,263.27542569301653,1.4357673624927552,3.949484240098304e-07
7255,-9.168836932953596,-10.08499761718752,3.5030386339909865,1.4649208877929587,334.3452669513134,0.09567133481617951,3.95483198174107e-07
7256,-9.0384400269862,-11.024403239278179,2.8683615850372712,0.9630846689494799,252.73886631159593,1.356504434050744,3.9548791939094136e-07
7257,-8.142706895760615,-10.618181869696354,5.123340354899514,0.471503229588869,105.81325472303017,0.24251084797787303,3.956162198457071e-07
7258,-7.927039120453175,-11.906278150179757,5.091544046774152,0.7678225772120315,224.52183976003505,0.8427378862698216,3.962282056119011e-07
7259,-9.152396675499105,-10.506136271173697,2.883807118854982,0.5629360311834395,117.67712354722349,0.8605592154495545,3.9623130535896586e-07
7260,-8.291057772934819,-12.838590878007631,4.449169930703765,1.3430386074245948,319.3399922489511,0.20656490996613996,3.964851946806616e-07
7261,-9.034889937735299,-10.897632601276763,3.065346565100757,0.8370088404095476,175.51822503355973,0.4795631053873697,3.9712304894401604e-07
7262,-8.805249441962049,-11.660591261475094,3.5159026045871378,0.8537148296963085,467.7996409171704,0.4763373551692984,3.9774016601387104e-07
7263,-7.870561259490586,-11.043304514872261,0.20689525859803345,1.0823631429385263,467.9424040881497,0.04811085808336024,3.9799515650801187e-07
7264,-9.18073700475288,-10.414108018785416,2.8077609248873348,0.8177278690093261,177.2016240506275,0.2632286454702166,3.981600229317809e-07
7265,-9.352192429248742,-9.59130336781164,1.9461098308375409,2.1504718959827698,413.8010157971047,0.2871362503035,3.9884614387057923e-07
7266,-9.932552112145645,-9.158857707213121,3.117191396354955,1.6590704308523525,392.48268155405276,0.34614155803506375,3.997489416979017e-07
7267,-9.690547546717978,-8.9525109636843,4.166795979170232,1.362116828920287,331.0830190516593,0.36714690775994274,3.9986465278537834e-07
7268,-8.398969788211755,-12.019905047227407,0.6790474912391796,1.1861002991691518,246.0319119427301,0.5701263842712638,4.006155171280269e-07
7269,-9.989974630708486,-9.10566300304947,2.647488443863763,1.141716261051552,240.55932400028573,0.2626834038763297,4.013088868242851e-07
7270,-9.762909445547876,-8.823392204570553,1.7034488150989513,1.1080976381091243,236.11774819219627,0.08777847224570312,4.0164392627191615e-07
7271,-8.73921985475206,-11.963818432262103,3.6191781346318748,1.0929504727038306,217.3013506287921,0.029364965960707146,4.019044035426769e-07
7272,-9.09012531956895,-9.692178516518647,4.147163048014454,1.8078806355177888,432.22739526259534,0.027280778397894778,4.021127272367174e-07
7273,-9.409585495595987,-9.80697976939133,2.5182524681449308,0.8627106158464047,430.0207869174343,0.24887667056145357,4.033327326848299e-07
7274,-8.794539472713161,-11.13320904269291,1.5781489468370542,1.9577615830274306,394.8714880063559,0.6114518241902394,4.03788463238027e-07
7275,-9.007192656590098,-11.275019079566942,2.6356094506451435,1.0451511249108953,277.6847024613994,1.1635037415950444,4.0417324506229977e-07
7276,-9.429844166804674,-9.564997892867533,3.571331376105072,1.2459213229403956,265.2009037339755,0.1524593489159196,4.043120450075003e-07
7277,-9.735613658148774,-9.362287090589135,2.724407036086796,0.8709860526087506,467.32346878457986,0.12565769591022047,4.045883555093407e-07
7278,-8.686724658606616,-12.31327569128036,3.6973376666677384,1.6264854261078097,382.7315732287023,0.24228200413523115,4.047797776264933e-07
7279,-8.395037044234183,-12.43366127645534,0.773359971368776,1.0367186810788054,277.0033132489159,1.5677196815223455,4.050252189261318e-07
7280,-8.913529641486873,-10.791778482968084,3.5767185572594142,1.86113516569163,469.8681897098126,0.12247641848388024,4.0534638371207664e-07
7281,-8.21742695700293,-12.815334968056737,4.567710709101143,1.0539702538181572,467.97087209895926,0.41274376465091667,4.057523383213198e-07
7282,-6.995758524500944,-12.913795882532842,0.04628134985989012,0.7723506711538916,158.375260520068,0.025748273315552517,4.0594038728608376e-07
7283,-8.987918571125318,-10.339139049710116,3.7129478087305134,1.037751878251015,246.30501635515375,0.8760634085880818,4.070194215798803e-07
7284,-8.847290350361591,-5.520052992675226,0.21717702560322688,2.0920881014210084,414.7399791840868,1.7050170155728495,4.07126163574468e-07
7285,-8.809334078318082,-10.357115364940059,4.098333990649014,0.8654064600901082,466.61466513289366,0.6791739424375072,4.0784386553607796e-07
7286,-8.893305493249565,-12.538339608932175,2.3298171953546225,0.8692054023287628,468.12917278300455,0.18958487852533246,4.0852978564289566e-07
7287,-8.56897598971974,-9.678072508634148,5.077848923906628,2.0351259776113064,164.42464492625268,0.37975195818122653,4.0854919197700874e-07
7288,-8.622121700863085,-10.337509773477692,0.7725951105047587,3.2099324710072468,516.4758772312548,1.597022757218478,4.08723463703046e-07
7289,-8.621539140605908,-12.799548311450813,3.796701879750432,4.416929548842759,593.363100050473,0.8454454473291948,4.0885535310674796e-07
7290,-8.610715896747605,-10.817209208112128,4.24107902841413,0.7496494902813461,467.64421413725904,0.519721159028375,4.0994570018772236e-07
7291,-8.906833488469262,-12.260751778606293,2.889222132718845,3.108866834157351,502.42386646672446,0.8272225191711255,4.1001083841588563e-07
7292,-9.07088287071261,-10.84576115281731,2.7387347115730303,0.7826940644328839,209.73466702173494,0.3901270583917009,4.100722506822812e-07
7293,-9.084480943412746,-10.235834964563763,3.550314349579017,1.916649016200216,468.407604113188,0.6206214957789715,4.10854215120665e-07
7294,-9.1314627785659,-9.821811756300889,3.9020821775454575,0.8635837822869497,199.5336230212415,0.8129304128751462,4.127223047149296e-07
7295,-7.99141045810258,-12.787851508325364,4.907067071181026,0.9170516585087823,259.08160478581027,1.649638639567832,4.1410959541504414e-07
7296,-8.592381355439155,-9.666821304637084,5.047771750967066,0.965990714552228,202.30157798892392,0.4809209419882734,4.145218761727944e-07
7297,-8.967154405771629,-11.594613303027243,2.561819086941329,0.8270483053944926,166.08142103943936,0.619393720401848,4.1488125840871217e-07
7298,-8.893538147127888,-10.751896791915629,3.6433533678462213,1.1125980254963015,292.6480876843954,0.5053378507573028,4.152325826684004e-07
7299,-9.537193516792213,-8.762213508247317,1.3667128889748612,1.2156294563511618,273.9002138035996,0.5712722111362281,4.152885052279746e-07
7300,-8.666506809369778,-12.639726243450074,1.4974233378732837,1.4667058186517417,467.98502237470626,0.16309620839339,4.1639691714487946e-07
7301,-7.953054484638686,-11.209633806175995,5.1773773431847925,5.216358932354869,634.7367806085443,0.6681222684957211,4.1663171817137057e-07
7302,-9.308429600387273,-8.994655687120487,4.678101565706301,1.1881216740760088,305.5870394463244,1.763616235643835,4.1708336145680835e-07
7303,-8.642254306158687,-9.835620683551724,4.809635084912755,0.5534920042763706,113.46902097267517,0.041694632830413525,4.172455978273286e-07
7304,-8.249267059615878,-11.31220248006357,4.708764756245469,1.130425408219263,266.29570127835206,0.9390296319889293,4.17788037464788e-07
7305,-9.007791345161182,-11.218415540368968,2.7051846297020883,1.4275015858644147,261.50169384316547,0.45275971011251404,4.179150312960824e-07
7306,-9.622974824049543,-9.423295854240202,2.4341525248502194,1.7966497604012541,428.90801408531195,0.014298726018152408,4.182637071766095e-07
7307,-9.191569530170305,-8.614596214835196,0.7247861651747367,1.6700637456427703,469.6928526966144,0.03621306187908058,4.188820432013675e-07
7308,-9.86621798852798,-5.818299101462732,0.9094492669369376,1.2128055121269357,467.68621271882586,0.21922187352153966,4.190778440007862e-07
7309,-8.69086089685489,-10.025847594875287,0.7589997737154819,1.1873585721672053,468.09519678473407,0.35181800485706827,4.1909547449608637e-07
7310,-8.918141233728987,-12.058557762759108,2.3899835402144887,1.5315373658279665,468.65936395761264,0.5614955572539415,4.1951891552102677e-07
7311,-8.895710926767173,-11.87460012780345,3.0801637718878685,0.6729521496040094,184.3714966624146,1.2504710606069294,4.1997774821275505e-07
7312,-8.047928759339191,-11.020079891288253,5.093512499228268,1.2508288705190393,316.12177123892684,0.45908054610441784,4.20836129131657e-07
7313,-9.268399887214835,-8.455595588167004,0.748334091195093,1.0656990330152878,469.6872785090496,0.00421611266751043,4.2099547886731206e-07
7314,-8.4396743545002,-11.038958974810075,0.5822922366231617,1.0771110508994595,271.879506666429,1.1581624276268965,4.2217648866709266e-07
7315,-9.345422569314659,-9.60833228830541,3.683020913522813,0.8652567810133054,469.919140465474,0.1924588259967086,4.224578384453479e-07
7316,-8.802856351509199,-10.899009706795486,3.7785532685009784,1.8719463295784962,451.58212164835624,0.04450074320941955,4.224668386289321e-07
7317,-8.99424232530429,-11.17677632422323,2.372517719868467,1.048106984346119,467.48358459351954,0.48293853661981867,4.2269218962489446e-07
7318,-8.84474946705707,-12.403412354552726,3.167120191151436,1.045686550190843,263.31016182118896,1.1628604694533058,4.229401867435419e-07
7319,-8.814051267454296,-10.773756092770142,3.817151789959778,0.9515776661418933,255.158868428268,1.2744318725643335,4.23129634699185e-07
7320,-9.153975735733546,-9.164656896970538,4.6806087407096655,1.180616910841068,288.03785982748053,0.4889637820891801,4.232480262487144e-07
7321,-9.233461576224101,-9.466462279681329,4.129195677333546,0.9762785726432499,468.0266796919391,0.6053177499229383,4.233976334368813e-07
7322,-8.082347220374697,-12.072489657627655,4.830447603617064,0.9212198750900937,198.2296910445913,0.10937120532295097,4.23703070572367e-07
7323,-9.244024002973248,-9.278331867163914,4.371249385974163,1.7700411367579132,419.5149276050125,0.3893723252123982,4.2520983086836134e-07
7324,-8.479090907498252,-11.71518394964456,1.0706044986066747,1.1539657164668506,457.8574885920743,0.5275395514002943,4.2556459944530816e-07
7325,-9.389505122673159,-9.419007032996667,3.8903707528656226,1.859088875696576,469.3345937670064,0.00707786108171593,4.2682495207167897e-07
7326,-9.023503989988109,-7.232297045073348,0.3240814304144584,2.042318903863785,409.52445434186234,1.766089899171388,4.2743967878979593e-07
7327,-9.061947473733703,-10.800143710183274,2.9158784139193292,2.3228709549028963,429.4570930102251,0.8602000410079684,4.282956630073247e-07
7328,-9.683992163458651,-9.112051695720865,1.9967096123819958,1.490601958220702,342.80627245451524,0.6934810427287887,4.287968640958852e-07
7329,-9.15258517392007,-9.034820905492305,4.858510826808044,1.2474891876290024,300.7278235565482,0.5034327729667787,4.294148548681235e-07
7330,-9.655305285116544,-6.428932614968815,0.6807482264964754,2.4737303475941426,452.0086177352136,1.475996153159059,4.303102253150788e-07
7331,-8.934863081315687,-10.413277286492065,1.6519893006164783,1.0830406884140567,366.22722896952314,0.61738266888021,4.3032785589319875e-07
7332,-8.900631378340426,-12.60379177881283,2.6231959946702084,1.1291153140797574,231.2369923220633,0.6003722060234251,4.3068630497983494e-07
7333,-9.455179526852504,-9.734359598426169,2.8579558119530897,4.541423020049281,288.4401395019749,0.28344785235391257,4.3070205325848597e-07
7334,-8.02307678536991,-10.807139638947039,0.24559886962073083,1.8246066777243755,354.8162833525012,0.3985938822286119,4.3202344024875114e-07
7335,-8.197608376270345,-11.228617803658432,4.800044392377511,1.6022626564509024,367.6811977935776,0.04042969235944138,4.3244163329047885e-07
7336,-9.436290819082295,-9.59285358919032,3.45217466479124,1.0630962547293736,466.3066139490361,0.08418763141217234,4.3244294738880276e-07
7337,-9.896963569641988,-8.143778814026497,5.188592197055871,2.9241347420176034,484.2807423504246,0.7567941045129531,4.329205918395597e-07
7338,-8.947471330956756,-11.483042513299248,2.961014299922449,1.8281206054840184,436.85588742746484,0.6655967697913416,4.330905806564046e-07
7339,-8.657311440125547,-12.17259795122017,3.7533870723583544,1.3530599606828468,291.16962839408615,0.9511072755420882,4.335236748093218e-07
7340,-8.816794939431713,-11.353835556956676,1.7384679136073267,0.8828567963979794,467.73012533355103,0.2585782032484989,4.3678893701696527e-07
7341,-8.764926733369796,-10.405389195670619,4.12817341617328,1.3464479497873147,314.6827421084072,1.2736121811391987,4.372081220957177e-07
7342,-8.921701750624697,-11.490783544676411,2.1934938538573756,3.2517493963892434,217.6288034486401,0.31410381037861157,4.377511796715378e-07
7343,-9.192386608954564,-10.270937489481577,2.4727949860156104,0.9316760383944876,467.6476343358361,0.5946428180192402,4.3783142615988116e-07
7344,-8.382619847793356,-11.351982744518573,4.455514076068233,1.1214351786306238,466.91277937121316,0.09764833856106758,4.385590437449572e-07
7345,-9.418713725719368,-8.859370259418945,4.691684829734691,0.8329252115793989,176.69975574754832,0.11122456031811367,4.3860129756029844e-07
7346,-8.116271740122835,-12.364767473521132,4.738840733333765,4.09916237734908,574.3398826111992,0.8928138692853427,4.3866334711951423e-07
7347,-9.001611012826531,-11.010491257826502,2.313644076435293,1.034823075738953,467.39527987717673,0.7855354055888322,4.3971902593242174e-07
7348,-9.859280849014592,-6.090396409237901,0.921839747115241,0.9632046581095098,460.1245275993134,0.012171034115316282,4.399499960877769e-07
7349,-8.369971196928708,-12.100200176578728,0.6162249569507526,2.2664756638403176,430.5118598430618,0.3638677396022123,4.407282024027184e-07
7350,-9.56789737419318,-9.343222646332817,3.599768727140393,0.9018033599229586,230.88014517553603,1.038295732202335,4.4128808978466645e-07
7351,-8.785526897258217,-11.162521070494218,3.6825752488578654,0.9107927922162243,179.43317782379427,0.32994885151003306,4.420098704715168e-07
7352,-9.115550241279228,-10.384124552801818,3.2085767370225198,3.510031631089227,536.4450793630625,1.0920277333067512,4.428488399461094e-07
7353,-8.278296399654181,-11.899428149126695,4.526250034034748,0.9999738701605914,274.3644363509217,1.2281447449870564,4.428832921509305e-07
7354,-8.915124045490211,-11.78872734503693,2.3027203628691253,1.7573165632349006,412.91736926515944,0.1683641691400064,4.433778218838698e-07
7355,-8.87764377428026,-12.239219829417763,2.2388690944635177,1.6430854152973666,386.2631610819734,0.5936714584211975,4.435586087393928e-07
7356,-8.827866212752612,-11.895646343273626,3.3152895556057658,1.8395643013718883,439.3269808486449,0.5080044602230851,4.436063474383439e-07
7357,-8.708395848588886,-12.151762574448117,3.6172266209115014,1.536271084523983,341.92230540652986,0.8726741855276785,4.43703079650888e-07
7358,-9.905483248463105,-8.239274132736526,5.027678065727362,3.8282068822288204,462.1708540694195,0.06726310468210794,4.437062868915929e-07
7359,-8.571501265724187,-10.617336548751704,0.8925835266734643,1.3018034140222674,320.4693442163016,0.3015999506706626,4.4397772855386574e-07
7360,-9.454160205909215,-9.108148342647059,1.603557234169715,1.792809661611987,425.9567717427246,0.010590286595589582,4.4411855237200763e-07
7361,-8.730020462011858,-9.753452933149132,4.70853632325384,1.0523751651724256,284.6895330687247,0.9346624689449632,4.4449266098651735e-07
7362,-9.166128859613657,-10.110669689562425,3.396097997426197,0.5570414891380265,137.10861324181622,0.652447322188042,4.445992849438533e-07
7363,-9.703031021258301,-9.083641633068282,3.848030162897834,11.017242425796253,485.7048466044617,0.11441924821872629,4.4594087062251073e-07
7364,-8.893606860871587,-12.096743182028238,2.2894247471279225,3.124746249568642,507.9740265247745,1.2333005235465224,4.460559154289538e-07
7365,-8.02770633022661,-12.47761522067438,0.28814214665010573,1.013101703783707,266.55476978315585,1.725186913005218,4.46258997429249e-07
7366,-8.9337905370603,-11.562213201460114,2.956895189180251,1.1277667567270626,185.97307349925745,0.1438772814419229,4.462675518584773e-07
7367,-8.71461446821441,-11.365099615359998,1.4631883690271232,2.0212811195585996,382.43081208635544,0.4923870511032655,4.467212159444136e-07
7368,-8.9294484804392,-11.343410569706482,3.1167477844752494,0.9767035419513267,467.1477049506411,0.13867116986276784,4.469760145633262e-07
7369,-9.041369611927108,-9.678307740496187,4.215061375847478,1.19707142956459,467.17276028696557,0.23477538318610858,4.4705467706935865e-07
7370,-9.99131792968569,-8.960269487711448,3.5682907957297454,0.8155872900008616,192.58234847457908,0.6744118755433384,4.474920690524944e-07
7371,-8.747820545231967,-11.484784096176945,3.661058753974507,1.743081999109118,409.87860461425,0.048849219359410334,4.4753497942680147e-07
7372,-8.134393300926964,-12.916606397443045,4.664703505969337,1.8182323723738936,432.9447526737247,0.4662040450979976,4.479020142770538e-07
7373,-8.415308849537988,-11.724365432048522,0.707802647812281,1.1252282176850623,226.92885660630398,0.42724163437994545,4.4812847701986177e-07
7374,-8.6845272844786,-11.286983099512566,3.872640633122849,0.6358486559838332,160.5751942556267,0.47067252718101926,4.489459063910781e-07
7375,-8.885727021461046,-12.650617289797667,2.740302563941943,1.7533875128160532,263.07591900567473,0.011849273980504726,4.4939575090958927e-07
7376,-9.784892306388851,-9.274283826818351,3.0006463326907578,1.139038607661612,252.58017514297208,0.2842819831503762,4.499149774850515e-07
7377,-8.794835818466124,-11.042637413008999,1.583212596050716,1.0728076069346681,279.85746384081443,1.7708865299981467,4.5010031537390567e-07
7378,-9.797815832640897,-7.839027655607278,1.152709837682636,0.45980056686625753,132.11408099387126,0.32454892797554447,4.502685270535993e-07
7379,-9.054475403272976,-10.102972723504218,3.7149447914560274,1.0808362166729506,230.56300825530045,0.025130099946330198,4.5086879789477304e-07
7380,-8.710329989838776,-11.659385338335973,1.5182994769928215,1.8062603986269425,468.1531305969742,0.5712138958607449,4.5135690894246587e-07
7381,-6.871394962568881,-10.59090573092679,0.010813509012614254,9.68757226223284,388.5629253771914,0.2551985289788421,4.514127188490234e-07
7382,-8.822329509056246,-11.303097699076474,1.7516640272793262,1.7664601651698817,419.25699333126545,0.21848592097312913,4.5155795279628115e-07
7383,-8.970079013984638,-11.105840975132171,3.070679612642502,1.6820532239496637,468.30879140757025,0.5017059800278298,4.5205527777512976e-07
7384,-8.898466660287534,-12.009673586078797,2.315504338517402,1.3110867293688926,292.32598364619787,0.5116886223316364,4.524911823020679e-07
7385,-8.048380285405397,-10.31325047431008,0.2402475296873969,0.851416117892779,243.5723410903165,0.741156397621979,4.52650027335647e-07
7386,-8.709633404674872,-11.308921591434652,3.8029489305017976,1.1356019171766873,378.3929266992531,0.6219701227011987,4.529741228477164e-07
7387,-8.631109416032348,-10.579521767930755,1.102478334113755,0.8786626594411184,189.28131885680645,0.2838326742382229,4.539928292240681e-07
7388,-9.43310033159459,-9.69314232792678,3.157483348635886,0.8732005250365832,183.96063807042637,0.34409289210894833,4.540249744864668e-07
7389,-9.117468519236454,-10.041690063942184,1.8859544662324963,1.1250747632799885,467.91339640888134,0.6992032177829399,4.5461865100246837e-07
7390,-9.308084310309171,-9.589943895816262,1.8878750547505254,1.0405324179468982,275.0564477210582,1.1803181474658802,4.550356929897021e-07
7391,-8.7283864378552,-10.557093047589152,4.092902715554828,0.5974718529997352,117.65825575422575,0.09488060585940605,4.5522749634525905e-07
7392,-8.90813641559794,-12.005441572784058,2.827356595183593,0.8879511793915982,254.90477054804094,1.759836187276023,4.553426286674197e-07
7393,-8.86057916966562,-11.54736468169337,1.9742062399896205,1.7529794609784286,415.3851207870674,0.06349856234043028,4.5651304907066685e-07
7394,-8.578264030334271,-10.626099420926963,0.9682027046582964,1.765046757416025,419.55860843301645,0.9118983296755703,4.5790930135976936e-07
7395,-8.906947373490778,-11.523326928473885,3.1034376532130956,1.8694695128149132,448.73459093136864,0.4276948023568261,4.579237958656215e-07
7396,-8.393614905088588,-11.158463805002341,4.474931397522206,0.955599318597567,252.9994223789806,1.5844508699476094,4.5890267241379134e-07
7397,-9.778721211636428,-8.7730154891174,1.69875248194075,1.8153977381373665,470.0133452596707,0.19529034357289543,4.590265056811569e-07
7398,-9.466481910789259,-9.518160607546022,3.4712875410971455,1.2152995160411808,294.01079359554694,0.6251750176181758,4.5923087645735985e-07
7399,-9.6990905027922,-9.36351976134631,2.723909327353198,1.1398776906443557,467.24712499762023,0.44954541434363104,4.5928458461695167e-07
7400,-9.037132296210274,-10.320946724252359,3.5285474514124058,0.6701178349662574,138.71282047595372,0.19107308522438338,4.5965581657393363e-07
7401,-8.747333758958927,-10.85175263755616,3.8955138813813495,0.9244005070418184,150.19838298895735,0.24180546161207772,4.5985900400448496e-07
7402,-9.720630883394975,-9.342759758790278,2.78439567917729,0.9030636402775645,256.73846129103254,0.45152985100550413,4.600355677752834e-07
7403,-9.275044635106648,-7.967693835193132,0.5680532327795084,0.7143260927525538,467.6495933131156,0.372168670914248,4.6169246042455904e-07
7404,-9.137582741471075,-10.270784625216617,3.2288114425608865,1.7424844155571735,374.82172346180727,2.0133907583803863,4.618447766362861e-07
7405,-8.046753691144447,-12.421820906457564,4.821491637323167,0.7710406868439258,155.14000378050795,0.4268801603961565,4.628633709146274e-07
7406,-9.314673959792563,-6.029917806220578,0.40272417989376963,1.195933659800676,301.6460988462417,0.809209819064959,4.631704245967766e-07
7407,-8.692212389649868,-11.620349783585713,1.4702919881424412,0.9943551553416425,194.93944078391533,0.034616763998173816,4.6351653397567743e-07
7408,-9.083862039757516,-9.723802521094628,4.059998312428766,0.667942031341697,185.5143070274417,0.12664898539320468,4.64059694099864e-07
7409,-8.367929611512348,-10.894549868985287,4.604153057882371,3.829946997306023,511.5066411499662,0.18748371767237249,4.642830626331769e-07
7410,-8.778127492852738,-11.313898444245574,1.6324390965500244,1.151341154506558,293.19717607027735,1.49016599299092,4.6429938610451586e-07
7411,-8.456845149936496,-12.289817992871026,4.1373042067273555,0.6150123221475553,125.76303512665338,1.095475226190957,4.6460489890723354e-07
7412,-8.880514847996908,-12.422781623251398,2.8496192083309815,1.7165841095464554,468.82994178794394,0.8781581693693523,4.6467271740870256e-07
7413,-9.86903730943793,-9.154652695701886,3.2044946399711582,0.5090249136776153,110.27690929909214,0.3525812092898599,4.661406328659567e-07
7414,-9.487248731148219,-9.645367122744137,2.722282821361486,1.120390896516314,294.6307014179349,1.5986289946172123,4.663054753088284e-07
7415,-8.569597560317414,-11.821478272147688,1.2568640102058222,0.8509459848260632,156.7171004467352,0.12505187157376252,4.667983039249873e-07
7416,-8.952797769948036,-11.510683794440425,2.6567973419201305,0.6666430476544625,134.25680830838778,0.8459840249223536,4.6766911831682784e-07
7417,-8.984773487245592,-10.667738489482915,2.0102902389832416,1.8560444615582647,444.01778912108864,0.5099942793075618,4.6804488961856296e-07
7418,-8.766462407293806,-12.422348318842028,1.819859553938807,0.550097860723567,170.19945215446825,0.5793402667504779,4.6836804764904335e-07
7419,-9.058493888554514,-9.521933024434585,4.344960106159918,2.068124846431408,318.99400841291026,0.05848806431553655,4.684978362169688e-07
7420,-8.643637400332336,-12.210174807137662,3.744107581312928,2.136229577513439,413.71063200597024,1.0677803271952753,4.6857073424217475e-07
7421,-8.770463268608395,-12.861649477997702,3.3124734262032076,1.4331814910995384,154.81536350844237,0.28280586721180967,4.68925015686571e-07
7422,-9.066695349329386,-10.715564486734653,2.5164427974810444,1.864156928625765,381.11826980638006,1.0209174069936138,4.690834821918337e-07
7423,-8.26299320291418,-12.85244310408845,4.440888608047688,1.9105043743122399,468.08523150554714,0.5829258256951739,4.6920896355044044e-07
7424,-8.875987673437924,-11.401664217853677,3.2720008847287967,1.0435771251050083,274.13535295880865,1.7767997250700587,4.6949388084908033e-07
7425,-9.439086007523994,-8.925725165976019,1.401460793875006,4.28876682672728,585.3660240976552,0.8072694168020114,4.6992625232172395e-07
7426,-8.903117628692453,-9.691986980346629,4.436702364671128,0.9178340816271034,235.39678771061637,1.272510392740954,4.7047785067290775e-07
7427,-9.924352471443383,-8.60457327380482,4.387913790596824,1.1642441486703043,468.50765213805164,0.00915004421528387,4.713803908675022e-07
7428,-8.50503510447445,-12.260363999023786,4.0427328109247425,1.6843445851885268,202.23518274753775,0.17848005296812186,4.713865114029281e-07
7429,-8.468397431650047,-10.947410001407485,4.401088343889037,0.8520496654760387,442.8714238176768,0.3324192578889491,4.721047929346165e-07
7430,-8.765266533867084,-11.178662087960257,3.6953476979814623,0.7636813579989753,163.86791898238485,0.0893123288820652,4.7377897327658953e-07
7431,-8.557412878229709,-12.663538069179513,1.2948966885988005,1.0838093826895066,223.4808302981887,0.14989659025241853,4.7506376652915093e-07
7432,-9.831256891591117,-9.055093714797515,3.60607821097492,1.1600205318174563,467.3522938564428,0.45968016895837227,4.7526896981917897e-07
7433,-8.932892190594492,-9.824690326049899,4.241015005321165,1.1045987392209187,258.7951893795065,1.1772937106238368,4.756195332693859e-07
7434,-8.861614730180184,-10.370898130053968,3.912829720469094,4.7515302537620645,531.2449998799899,0.10485178376647131,4.768643238831859e-07
7435,-9.684235606322243,-9.349804164675339,3.1002886396821467,0.9350282087053337,251.64903269175667,1.3502887330178863,4.769515551752063e-07
7436,-8.82888956226266,-12.92379526114268,3.050198438240606,0.6586633706661058,468.3636421552868,0.46346244501491896,4.772672323249713e-07
7437,-8.856987231421707,-12.246571234496281,3.0370451024521112,0.8117502672036204,467.6634898089839,0.22875886932056044,4.775195140972254e-07
7438,-8.965315650174858,-9.84483741784193,1.362614462974149,1.1158071001633159,255.95151775295534,0.766025277877822,4.779013457665905e-07
7439,-8.664187787070228,-10.81767131193116,4.071665584431356,1.243676832043966,258.00695062258603,0.020158737880299427,4.785529792573486e-07
7440,-8.931311494658779,-10.416500087456255,1.6818562891335094,1.5598074872853767,468.82244221004163,0.7505163078663015,4.786469360754727e-07
7441,-8.612102994664031,-11.718183679536986,3.8945161841173896,1.9165232950060351,382.19258626473646,0.5057468529008879,4.789926374001336e-07
7442,-8.568619777020748,-9.6288107432342,5.072704336122387,1.413812879220427,326.8531296884028,1.4565503893246996,4.791836506912257e-07
7443,-8.381983437782806,-12.656436098179988,0.8996915836295607,0.8100369929584172,142.1707379924214,0.1385839123484489,4.793506484093413e-07
7444,-8.963763902569113,-9.422364503653831,4.626728503221079,1.3843077020217283,459.25432391864354,0.005496903028868516,4.794156684157366e-07
7445,-8.714132307155534,-10.974764962952815,3.8939081139259866,1.8306916814803613,467.0628583292283,0.022805089387417432,4.808256907985289e-07
7446,-8.910161008722222,-9.3854098752795,4.761837770901947,1.4923388982272208,329.05296493624473,0.5784833352388832,4.810756931518334e-07
7447,-9.235313580812832,-9.692287627163692,3.740932188431407,0.7582059050934605,175.7774332787097,0.15517137498140965,4.823927722315873e-07
7448,-8.78190413490175,-10.082366665535957,4.291618950156184,5.16369068652728,622.6830676592385,0.2869463528339411,4.844751153353405e-07
7449,-9.203086429258708,-10.22342847674406,2.791708333201784,0.8997555976475435,467.80444219692174,0.5810665185537243,4.848553384353131e-07
7450,-9.128626182745684,-10.147979736747955,2.064537099140301,1.5047511079817175,352.66473781121664,0.2704907314751699,4.849969494937626e-07
7451,-9.10468829559749,-9.978632439897268,3.682397993524409,0.783568987838429,470.4794498701257,0.22517367296602142,4.863358128663609e-07
7452,-8.691909520588156,-12.910524348693224,1.6347202282820437,1.2563654215066993,313.3240137093621,0.29905990164299734,4.864840239222421e-07
7453,-9.605515744969944,-8.871068105191647,1.5952297791179288,1.1473658307703758,300.10538414514207,0.5823339507926546,4.867750971919284e-07
7454,-8.780279380810699,-12.327775319165614,3.3233112142224086,1.0516255155701728,271.3109835509417,0.9517128724801873,4.881394052561433e-07
7455,-9.018977948052717,-9.322619985431594,1.1165478823994686,0.8196265641782049,167.56844411376937,0.4202738030687625,4.882413369738972e-07
7456,-9.11633560223524,-9.757378117590456,1.6400563969233841,0.9808774685311492,468.1942375567547,0.8538670034422671,4.883379643807805e-07
7457,-8.908290684829312,-9.98720487240851,4.118819568237484,1.859698876067568,156.18190373645064,0.34121102293678085,4.899718343447616e-07
7458,-9.392746659281558,-9.791610163661455,2.76035398442323,1.6700327416966478,391.7440591088797,0.4042843949079744,4.905763372463945e-07
7459,-8.888997495740881,-12.182788328690654,2.4529334185326217,1.8742204079463711,452.1974621430977,0.26976429657214585,4.906038315721081e-07
7460,-9.618261074673708,-8.99684997592299,4.101781568631718,0.8505534722263903,467.14629996060376,0.09077655621040837,4.915371886093793e-07
7461,-8.94706941900545,-10.214234181561805,3.8235126951553706,1.7960072849562418,468.2081155372207,0.6475742192196092,4.924252248918232e-07
7462,-8.389214089306614,-11.81055487706125,4.309187751635743,0.8509208044537381,212.18137756526033,1.0262204864748066,4.928233569190763e-07
7463,-7.8637651212390915,-12.926344385511726,5.029299653812664,2.8292889885407577,483.12399031152125,1.2759833631459445,4.929494020794475e-07
7464,-8.695624727731433,-11.90169414302457,1.5471348120394746,0.651332697407903,137.97292862047456,0.14663123254385813,4.931059991470326e-07
7465,-8.233710665113676,-11.91979285569986,0.41970620805152087,0.5561347548981762,114.98065113609185,0.4567328226246703,4.932471423123287e-07
7466,-9.413023063814961,-9.213008277217078,4.093789425823816,1.1523135508743678,274.228390871195,0.9432814866653221,4.934065497949404e-07
7467,-8.630934192349306,-12.604517577397065,3.7071993336854563,1.202752376215437,217.78675783413493,0.0697084120453546,4.946629750330529e-07
7468,-9.06647734609369,-10.215369209499121,1.941312442394247,1.5568973143932094,468.4437425412497,0.28062689943382324,4.946952431812801e-07
7469,-9.709661260612034,-8.665163818643727,4.540104079770154,1.5592519405389709,468.75188552244543,0.8428346567453655,4.952215442360045e-07
7470,-9.028841395741058,-8.4096482075484,0.49045539645537567,1.8740834646852524,467.96633478963554,0.28203086414316747,4.95534574536979e-07
7471,-9.207822709125061,-9.579471146314493,1.6798217023747726,1.0862015880984552,285.9971126635155,0.797900127800756,4.955448973146136e-07
7472,-8.053677706899169,-10.639743293777983,5.180454167118539,1.1412359394034328,467.4427173858547,0.19296834840656096,4.960466728387643e-07
7473,-7.475382862495776,-11.462953027788934,0.13539260443592996,0.8684987028614657,395.1317564436265,0.030425962947489005,4.961961850879557e-07
7474,-9.031578935555771,-10.854399154576763,2.5887183447491457,0.9580445221395579,188.17924964958027,0.30347879557399526,4.968725089868165e-07
7475,-8.47992000722753,-11.79235816144144,4.137048172938052,1.302397707573176,468.65756088582197,0.14987498786809272,4.973055386791204e-07
7476,-8.780193855551465,-10.531379217298113,3.9635229666748706,1.5935107035694918,405.49399534157067,0.0917818315958705,4.982419450628377e-07
7477,-8.8395232357092,-10.816464234874356,1.6542110116855115,1.2420198069701047,307.9298733551482,0.7998349903334727,4.983169794215159e-07
7478,-9.131949889918182,-9.004193306286604,4.873447303952511,1.5511727836065523,360.336768558072,0.7436264585713159,4.987973672298092e-07
7479,-8.605444193423885,-11.181651888836882,1.2330664661128035,1.5200399785595535,346.6467486536197,0.06757550297960346,4.997641922917117e-07
7480,-8.956439466114848,-10.865647109434867,3.2373128678363696,0.6548884934892351,140.85514934295787,0.18569709793781453,4.997967738393139e-07
7481,-9.082639006035446,-10.557399384763743,2.9485945060176615,1.2437934824122163,289.98838707025897,0.5885814474113111,5.006491683802393e-07
7482,-9.368329528808472,-9.468362105205921,3.755789735414997,1.3290832014894647,468.48381394751885,0.49269777443590534,5.022793434637444e-07
7483,-9.185832069124212,-9.360729990679548,1.4119092491760041,0.7417204038598125,199.3454245402851,1.0302250800079227,5.033389789304575e-07
7484,-8.665165674333021,-10.633851321824515,4.1379276350853935,0.9153203864743599,468.0043739721544,0.3700690452990685,5.040996979807622e-07
7485,-7.752211019054934,-12.859658486291485,5.172056304639365,1.4258005601704815,446.78506722815604,0.3639206352412323,5.048352671855529e-07
7486,-8.695446291935452,-9.920167159351932,0.7048817795127155,0.9818227295872517,211.97557616855727,0.060753585277702804,5.05838018190479e-07
7487,-8.322441000552384,-10.537481644630144,0.39504687599661936,1.392582952607613,334.37190143669886,0.29533377931545335,5.062428162486227e-07
7488,-9.03643216486458,-9.18783684923131,4.776206902700292,0.8480347371964664,468.555190195431,0.049825401759881593,5.063738344942353e-07
7489,-8.426025043742872,-10.90268906510033,0.5462290790230862,0.5024920268950214,118.70816826974675,0.8394691784409449,5.086577585133135e-07
7490,-8.909865131650209,-11.182599818743764,2.0856313060500584,1.0626139113541861,221.5277567347616,1.0224822636736066,5.090705380093568e-07
7491,-9.250472454038123,-10.071116345459632,2.740634552247063,1.1342887134658612,228.18182598282766,0.074342345341595,5.102300158178036e-07
7492,-9.510749141948406,-8.887719115338623,4.442760109435313,2.088186569232316,415.1589115240649,2.077549139041742,5.10405612690709e-07
7493,-8.174179025338512,-11.844101120430357,4.6617284982509855,1.2255275871010443,311.06122031590166,0.4897798459437155,5.110674286706688e-07
7494,-8.946467795192126,-8.793537481633544,0.5249426743267148,1.0215823253230643,270.042311500231,1.7334977421210755,5.11271722185111e-07
7495,-8.821745077087728,-9.670532976536869,0.9461985159739822,1.2767719791882128,468.29437453554726,0.20868746893597567,5.124144821338507e-07
7496,-9.454890581739717,-8.993222994242263,4.362276558010306,1.23297429036879,309.0051443804872,0.9214430158625957,5.138999672875159e-07
7497,-9.082250684907619,-10.55890140256069,2.481268940960533,1.103313748480304,393.98976158188964,0.896395942408037,5.141946591548055e-07
7498,-9.221999695723259,-9.504233969329555,4.004476050749679,1.5669841480595148,360.2421493202797,0.11054563238071591,5.14821442194325e-07
7499,-8.884876321102954,-11.120893089273812,3.3186315556225483,1.5545137847064063,362.27104434779847,0.8857153524666739,5.152506117718145e-07
7500,-9.375246976147055,-9.139165512764803,4.261358912126784,1.6103369458595815,373.6304270479392,0.07256934468465559,5.154566172569983e-07
7501,-9.998819264585844,-6.302500502891442,1.0893805862134958,1.3028485178635756,299.32117381989605,0.1416901554670611,5.154623312640982e-07
7502,-7.428069296280855,-12.9701513655306,0.13485506787377013,1.7655581379480814,418.25853347148563,0.41752348288501473,5.1558251247317e-07
7503,-9.08247766093122,-9.710012947486089,1.5321075939505968,1.0984036001450252,456.0983122509732,0.3581705485454796,5.157257390167346e-07
7504,-9.296308802705049,-9.818581429047779,3.301641787232802,0.9120075040743502,254.98876197978663,1.4728979854164432,5.165535442184087e-07
7505,-8.736107667756736,-12.677719092228763,3.3824816623820175,0.9936895008505654,469.606201829756,0.1373455041308489,5.188121397377502e-07
7506,-7.773126754846146,-12.57858421766179,5.1559649523001765,6.265710926785357,681.567856147453,0.5161401665890493,5.189362577078553e-07
7507,-8.546591484553453,-9.61383473049047,5.098333823963128,0.9023097871060098,254.4163704010575,1.0756153982400436,5.190650005941541e-07
7508,-9.703701148180203,-8.635228953301606,4.578167418109837,1.1009895277141595,280.31288341841565,1.2700638183179604,5.190652592295688e-07
7509,-9.158048334575813,-9.199260468104047,4.546602115017481,2.81191468111312,482.389592145185,1.2941528976200036,5.193930692820928e-07
7510,-8.73164332000501,-10.69242409505664,1.339409629602371,0.8884605566280355,254.0629601833626,1.6386260538996558,5.21140676084925e-07
7511,-8.73633279718608,-11.70208843339496,3.553283713012187,1.0893884844817334,385.5388498229137,0.0479662826589875,5.215905574399788e-07
7512,-8.795515099831348,-9.314892341058904,5.005643182393249,1.1716621624232875,281.4871351846896,0.38789937935182905,5.228927860626649e-07
7513,-9.063733627797555,-9.127921871319273,1.0369245329367198,8.731658934095085,304.98184662820415,0.3545491454581544,5.232359926001917e-07
7514,-9.85260558601404,-8.891495037752675,3.8846946280898718,1.3375347087242329,288.3132677524954,0.08239549966216941,5.232651920622707e-07
7515,-8.969619680234628,-10.25614512129008,3.699046962822841,0.9236868510564638,192.51900826778584,0.7206331735743916,5.235464863366888e-07
7516,-9.149470327294415,-9.383281342719158,1.3750062400977088,0.47295391933998576,113.25694703053772,0.43178627506617673,5.242520584112275e-07
7517,-8.926869092883589,-10.469210410348332,3.6256123296763216,1.8817195845646586,468.3091408256477,0.5392723477471932,5.243323730838229e-07
7518,-8.37406383357334,-12.385009023252598,4.242148777437991,0.9628226524429403,468.3152310304091,0.5040573811944347,5.254998253711053e-07
7519,-8.532429842223836,-12.686489964318495,3.89751333500719,0.9820734828986061,467.45199690256203,0.7846656187672556,5.276590652301277e-07
7520,-8.644720681918844,-12.755100615913168,1.5187143758188872,0.5015023340163461,114.21211375178952,0.5822900744706159,5.282570607569181e-07
7521,-8.595898204983909,-10.080919201119732,4.605504943633878,1.7668349225344133,417.27986525538364,0.5811674874335946,5.283456102776993e-07
7522,-9.669235848420666,-9.207170799115111,3.5308223614437417,1.3354774469288158,290.1745672140696,0.6402094458422658,5.284539782549653e-07
7523,-9.095378190787283,-9.82882749780677,1.684151124507396,1.220149953454662,467.95070962381016,0.23355415517429012,5.284619618175832e-07
7524,-9.864268282086313,-6.819235039043232,1.0159187625758153,1.4852133182941427,352.11022049854915,0.2623556037019572,5.287626704462159e-07
7525,-8.713333184555411,-12.679948368266146,3.4337994838602435,1.5189759204886504,344.16566518841745,0.7758395156397535,5.287639762801034e-07
7526,-8.728246795652838,-11.613419920689482,3.5883377281165294,2.5047961835022714,446.3710391767957,0.8131136359418054,5.293736963977503e-07
7527,-9.274468980033085,-9.973744037101685,2.965210431067457,1.2367360160835938,258.4356107230192,0.8445512868857081,5.297417919036842e-07
7528,-9.837931308550372,-9.150936183808142,2.5860580237860717,1.3218095015407592,469.73522064180924,0.10333474968135903,5.308676271069309e-07
7529,-8.355811784182787,-11.024985666793588,4.533707851732894,0.7498022880588436,217.18511741568622,1.316943340323026,5.309993337778161e-07
7530,-9.91581579904907,-8.976418377264583,3.553205085427943,1.8546511001526707,445.4819236120872,0.32969387613149603,5.311830913270488e-07
7531,-9.333358848824666,-9.38955954403573,1.7613061412820321,1.4281765117686522,164.03964303354905,0.25597130413929303,5.319894775715796e-07
7532,-9.403492184738337,-7.5386753103965685,0.5926783045757905,1.069440431157954,277.0216028264121,1.6564515721943414,5.330453585504642e-07
7533,-8.908974347332478,-10.29540246808601,3.802370046643179,1.1659593425146542,467.3758569893407,0.32241417996181543,5.332595584915942e-07
7534,-9.970473377840369,-6.184267031166216,1.0650802259378969,1.8077292124881685,430.78881932547546,0.03332231255246665,5.343649308032234e-07
7535,-8.881380845795706,-12.088541602192935,2.710237059637112,1.0718546037576142,287.44161118967884,0.7369001578490142,5.34447193999175e-07
7536,-8.040628370664226,-11.346147057814914,4.945660488170053,1.387453856589997,309.52513857905313,0.8640930546357612,5.352409312246119e-07
7537,-8.83766685513947,-12.833511127678118,2.304402201789715,0.8281498971716971,469.93229700874565,0.18674008100466022,5.352509458062807e-07
7538,-8.588205395921872,-10.097368498704412,4.601929102283817,0.8496578061654557,173.7474709181143,1.0646753696365119,5.355436647912648e-07
7539,-8.811188159504898,-12.521388863067333,3.092471248920481,1.0770710003412247,218.2252731727819,0.6721993685276688,5.360934792394224e-07
7540,-8.165628589504804,-11.46818878660708,4.729561279044611,3.4083473054571995,517.6262949097674,0.5431207451832467,5.361701855960761e-07
7541,-8.67994840416527,-11.66288862161728,1.4875030771095092,0.9242116230905203,146.6229699399386,0.2147320744202359,5.36303858516225e-07
7542,-9.043029183267015,-10.026365104216083,1.7357988723150841,1.3608743978451754,316.2833232735513,0.9820721768172005,5.363369364668435e-07
7543,-9.249580927027196,-10.044944167985026,2.6713147419648045,1.0333944569102327,468.10998312652595,0.3525374443070577,5.369858582694924e-07
7544,-8.766566737900959,-10.848053834181565,3.77411016065861,1.8893326870388003,470.02007342434536,0.04680186105706241,5.383271289640932e-07
7545,-9.188844185969426,-8.298943912833995,0.5929139915343439,2.3410858074985064,440.25315634371975,0.46140569182429214,5.38876708859174e-07
7546,-9.656655476993484,-9.148206695376674,2.1024286322985932,1.7096018200847871,369.3630788233526,1.7533227942763618,5.40051681179564e-07
7547,-9.032555056731768,-10.684839369593393,2.3629580924282134,2.987632229579768,493.7956477130837,0.421194640348169,5.402903278555743e-07
7548,-9.13011496152812,-10.37041121384867,2.8003701751667793,1.2885731310915958,468.0288980537817,0.5773252937949813,5.411507761922217e-07
7549,-9.981454650622538,-5.970038758944323,1.0664591348851766,0.8593969970369018,229.27415138458363,0.4947121052754131,5.424890722573737e-07
7550,-9.588267287161136,-9.417414549535406,3.1027295566276214,2.833154852752841,485.7747159410187,1.598991275532934,5.426504957371942e-07
7551,-8.934323622198754,-10.608239393414937,3.4690943223958404,7.06940068165507,685.2808243930145,0.23880114561930377,5.429620754853587e-07
7552,-8.8684274268919,-11.409357428289152,3.189417876402072,1.2468376312129907,312.4856537732858,0.4835457252943085,5.430030641645427e-07
7553,-9.134551587407099,-9.40316928504553,4.2913389585599795,0.9655188844074867,259.671174294029,1.4274051384049198,5.435302310179017e-07
7554,-8.651822783592579,-12.956792051476794,1.5578818502372274,0.8678614927673619,188.21996368320052,1.108235807484803,5.435538031840193e-07
7555,-9.933385153489336,-9.07578040021102,3.0493428909846,2.458539472257184,444.95853939787,0.9558294550646602,5.437356265628943e-07
7556,-9.84048780516536,-8.736903356234581,4.190538733236316,1.1249787037514942,371.2219177399237,0.508323419439324,5.441103804576338e-07
7557,-9.601060055919891,-8.76798980147611,4.477109162355764,1.0920137033938833,256.6348645376045,0.09456460266620415,5.467745449212418e-07
7558,-9.431023801701219,-7.289802306541659,0.5794136038760702,0.6782618175377636,122.21486300611015,0.08117971498080845,5.475594902692188e-07
7559,-8.879493423549606,-12.040793835642335,2.7196151998571065,2.934572290193448,494.8944342159681,1.735258469141871,5.476896600785639e-07
7560,-9.400942013896085,-9.586882744669184,3.379599858016288,0.9295139612814679,135.42049444168,0.1942908713919067,5.479663894702406e-07
7561,-8.996808155278856,-9.409511373064056,4.531545937491324,0.5193537457590972,147.76535830129956,0.7784504480606138,5.480873493732449e-07
7562,-8.637925914589403,-9.281663638105751,0.4258391325281644,1.7995398503398803,372.2773687373108,1.0198405639380033,5.488645611179295e-07
7563,-8.920044623186756,-9.96740073371627,1.3855891325189567,1.8739281008260287,388.89353300683536,1.691294171695179,5.497079405133727e-07
7564,-8.946093606374497,-11.197917736269401,2.3756915844040027,0.9384918357903408,129.25861550147607,0.30372853493195695,5.498588404558425e-07
7565,-8.460560804286617,-11.478318428630372,4.202432556317453,1.126115030265915,468.3034059139921,0.4825547330262392,5.508825130859784e-07
7566,-8.933359485952268,-11.395866846044951,2.682528417242762,0.7904788527483811,170.9345336815808,0.6422636537542248,5.51544403907333e-07
7567,-9.098691735549748,-9.021434765605008,1.0120778484439648,0.9949363258092486,335.96777701164825,0.12913007494447992,5.525633554728745e-07
7568,-9.54281288164729,-9.34984561380609,2.217214115854186,0.8466171621446817,170.02212714205703,0.7787123122857382,5.546850564675484e-07
7569,-8.378760691680812,-10.779692681515728,4.571702446125056,1.4627292694867,468.83743454401474,0.4948649479002478,5.565466142253805e-07
7570,-9.839799417955657,-8.695886939641825,1.7357126296942347,1.8317107660474659,384.9594998161089,1.7811816280425132,5.571651413628169e-07
7571,-8.90660933531951,-11.333137754721502,3.006166145715282,1.0805213015809754,287.31389524859077,1.7165432687935196,5.571941101341277e-07
7572,-8.650042439827933,-10.755644219130254,4.0684066057431405,0.9482124197200527,470.26800124510504,0.02860801131484525,5.577789378451948e-07
7573,-8.799345017866269,-12.324753490979171,2.02825613615616,1.0343295630109957,270.3771095982819,0.4683794135794521,5.588675789617213e-07
7574,-8.90583545672919,-10.680397472122241,3.483304298083978,2.343002352430194,441.5842159627719,1.9400591238443807,5.589098952898116e-07
7575,-9.290035739492373,-8.991993287241058,4.594443771503089,1.3002792452173115,134.0707282702442,0.3428017725261192,5.592660291115283e-07
7576,-8.684247305795516,-9.709090938887712,4.748808749497185,1.2934059080067986,320.03447972894065,0.33042461767603903,5.593420380730445e-07
7577,-9.452670080440528,-9.391180355992024,3.6242299322427916,1.1131502538767808,441.58754025451395,0.8702417072548441,5.600534461555891e-07
7578,-9.312918539984054,-9.662583595739921,3.486397113222393,0.9898893069991795,468.20268921686016,0.26080541647290456,5.601130985063471e-07
7579,-9.13094979484057,-9.347345139267105,4.361051541478863,1.7783057939299771,469.7515498168812,0.17323028862316736,5.603907086809957e-07
7580,-9.463428250714475,-9.261218320676857,1.885183970813797,1.06886323891571,264.87475075672904,1.2837068672637484,5.612899457910568e-07
7581,-8.649737361914937,-10.563310641369126,4.162508698516358,1.4957716270279409,339.1870770261608,0.979745080765194,5.613209683450192e-07
7582,-8.895360789605565,-6.875779021180131,0.2645957811602787,1.634339895479527,383.3988793365065,0.781990205349234,5.614688503350467e-07
7583,-9.312242882140863,-7.610464676282038,0.5325233173072307,2.73561877869002,476.79527910492914,1.5688156290706319,5.618807865052589e-07
7584,-9.855026259069428,-6.908022128339781,1.0231446231251695,1.6935491840724624,468.0780731909493,0.7183953202734683,5.62616589147512e-07
7585,-8.271829408608994,-11.414329416139342,4.547626759517024,0.4997250091284648,104.82179891482389,0.0851413139573749,5.65958683256092e-07
7586,-8.685968151405309,-12.83530263527117,3.4674196524870884,0.7389249967906079,467.5169911532127,0.25062258077038635,5.669291606319099e-07
7587,-8.872472294244703,-11.627724993210458,3.002452409259769,0.9892685098471536,272.8007497501157,1.2956309858785904,5.674331930095146e-07
7588,-9.290384359312391,-7.6505472160990236,0.5225326545192194,0.6191036168946726,130.36699820344927,0.08141338928725972,5.679932293392806e-07
7589,-9.826811302526174,-9.011463721346123,3.596251659080802,1.3564998659001388,324.5843789443374,1.4038537241119364,5.683799859170933e-07
7590,-9.188304595395188,-9.722918214102648,1.841518404372394,1.1076123866243233,243.93999422431625,0.03861594054636974,5.688231583678155e-07
7591,-9.665653492187365,-9.051474434426229,3.83803688610511,0.6213526725395115,126.83827111465206,0.44608509388622775,5.694549367287268e-07
7592,-9.33186717439685,-9.456956918422375,1.8668476634468432,1.8737521699258892,451.93718344345535,0.167609081383989,5.695378613630572e-07
7593,-9.96440702675543,-7.596248006208738,1.2169738263194658,1.2245524466855473,235.3906495393286,0.01911142919605524,5.717961340174217e-07
7594,-7.9566950011676205,-11.169160816295102,5.092278157766432,1.185369270139599,302.6493944588102,0.7274162563227033,5.731095354328224e-07
7595,-9.263979534393828,-9.725857195173507,3.4973076043429487,0.8545590549195599,191.04060094944356,0.8593280608183873,5.746796699757914e-07
7596,-9.061709364764862,-10.56468702917126,2.8482774227451317,0.8077454714492982,220.0449742041854,1.110513204979367,5.757640359127413e-07
7597,-8.562607778987168,-9.528306326403497,5.123587458921967,2.672194317455241,473.0761797535319,2.0452802126735294,5.760692297672975e-07
7598,-8.814654205197522,-11.035656668026018,3.513919282196198,0.8545896417382445,193.7502487843679,0.24988581006429644,5.766193352987601e-07
7599,-8.849020855646701,-12.121031119424911,2.2818218790664475,1.2910250610487193,315.02013416854624,1.6227412841830873,5.777897317869797e-07
7600,-8.89506212463182,-9.481578441217938,4.6060516463134045,1.8449686805204837,468.2785204010453,0.6113698169568185,5.779915121810417e-07
7601,-8.886145997652527,-10.802025762351313,1.849669392243851,1.6354533309069421,191.13361997202293,0.45776990839123055,5.784293161730718e-07
7602,-8.419192953615518,-12.027870895055527,4.164769944319829,3.35983530631107,526.9354088377037,1.3704363311824599,5.786036204829436e-07
7603,-8.631299968258437,-12.1685793962773,3.678015787420169,0.7512555196851914,128.3203867038352,0.04303964172881969,5.817683275299928e-07
7604,-8.972084181858996,-9.772200319422588,1.3670603454030885,1.1696459092701699,299.34998741817793,1.5084832688069971,5.821200574504893e-07
7605,-8.18336762093998,-12.075826506431506,4.5738782402298686,1.4967114848584269,334.3810913771297,0.2685358163270868,5.82681105067019e-07
7606,-9.01447793410275,-9.829398382714292,3.975883058679915,1.521935160137419,341.0685227690834,1.0498767305945327,5.827205604177429e-07
7607,-9.188273960009255,-9.610697021843222,3.86360913730651,5.36328062091926,638.0061892155286,0.38890669901047037,5.834440791220873e-07
7608,-8.539989383611593,-10.292637074298069,0.5828768564428468,1.9697471475519628,400.15767657376034,1.717407657114494,5.835946191388971e-07
7609,-8.80547051373854,-5.7052344945700115,0.21950539853163972,2.106477589905079,414.00086587322113,1.4236406145562732,5.836350073711609e-07
7610,-8.847137960328885,-11.94500016772991,2.2176681431825247,4.616045589041365,246.2103854575376,0.29393881522492027,5.838341608232663e-07
7611,-8.217650542629087,-12.972290851701013,4.442340266741568,1.2735935492753936,235.49765591555757,0.18703292814293437,5.838546228683382e-07
7612,-8.695147400136113,-11.416978023123564,1.5020395435527232,1.35720577496736,468.13748216483805,0.34304300672308496,5.86052391936045e-07
7613,-9.89822260353728,-8.775833601636597,3.989546758051722,1.481376020394335,330.63330487598114,0.1974146033351376,5.876368787475276e-07
7614,-8.244496821787884,-10.456706402583437,4.925802593238115,1.1484700798915357,244.89209746093294,0.0173356275679053,5.888199473786199e-07
7615,-9.557198452283059,-8.959772124947598,4.184947887779257,0.9791755754588692,257.8691992274073,1.0105530636882394,5.896210046417243e-07
7616,-8.880178661920164,-9.939680417656852,1.3060705023793147,1.0470888590300877,218.54929298937338,0.14127760910038933,5.926227696676283e-07
7617,-8.626155133909295,-11.912092851507614,1.4189370705429363,1.11607532517021,274.93105805874626,1.54669922783384,5.930838965890404e-07
7618,-8.43573093859299,-11.535841198073982,4.209815297549847,0.9142557350710352,467.80647378441614,0.5900224662237354,5.931025433991816e-07
7619,-8.8350028660221,-12.562433822918244,2.785449540783453,0.7855666311360743,213.0246135777854,1.1205678172336624,5.93137457498451e-07
7620,-8.604879399633958,-11.93682078427701,3.772758321709001,1.2616363298506847,308.8046295604065,1.6297112715480777,5.932947770167172e-07
7621,-9.377613382796472,-5.880313131582035,0.44247521824641817,1.6537615580544929,468.0359456030252,0.5490162319571708,5.945583780514269e-07
7622,-9.93140828753703,-5.812897800472749,1.0234604312146474,0.7250258014494662,442.074670101339,0.28989526502963425,5.949396152695227e-07
7623,-9.098919903882077,-10.150586265335296,2.0860647290300154,1.1146347040378797,467.18460019462793,0.5520802353869039,5.953020126021764e-07
7624,-9.960953213775829,-8.882866650187797,2.2314169397296286,1.2404615689553364,312.1154242849936,1.6482243294491452,5.953095738147851e-07
7625,-8.889075212381057,-11.302122884802642,3.065541276833845,0.6460220881152441,136.29271285068782,0.308807676900817,5.955492853267533e-07
7626,-9.530454451039294,-7.9931438226802785,0.9504028104372988,0.637474806996974,179.7597897863938,0.3576078321045637,5.961807638890423e-07
7627,-9.274662061707971,-9.165698006669514,4.33137392317769,0.9833010704029725,252.8613560632201,1.1235733403896466,5.962184963628319e-07
7628,-8.933637506706123,-9.157923883203118,4.922920815757585,1.1629457672791854,298.1825813533628,0.5603279158827847,5.968206159363522e-07
7629,-9.136579730635448,-9.967110709062993,1.9976298342101273,1.0429278555686698,281.6170339292396,1.7361557632084361,5.980561895781798e-07
7630,-8.668786063681802,-12.46102432170581,3.5222653894627274,0.8432735883586757,331.0969899246525,0.1410726798603843,5.993527179790414e-07
7631,-9.32785450196922,-9.74548234336677,3.1815690137662975,0.7801161323171826,467.0452937974504,0.48758402272868384,5.99769489024091e-07
7632,-9.485938992276335,-8.854280963100436,4.466516996197601,0.7777063591311026,156.71498845979016,1.020288756425317,5.999055337401065e-07
7633,-9.798719499073778,-8.59001428268084,4.465100047819107,0.588511145643404,185.59184496844549,0.8589182470662209,6.004632652668292e-07
7634,-9.40332731063705,-8.193056958355822,0.8482645322348948,1.925332951968509,387.4487993530525,0.9292637308354008,6.01800729073679e-07
7635,-8.72306409912091,-12.696386346201102,1.8111006044811153,1.1763518332730372,236.97204088151298,0.005010173614333979,6.02285973501072e-07
7636,-9.854646668227439,-8.65882754322454,4.267092949218658,1.7827746298818623,423.9185611574288,0.2771506097411409,6.027704474559156e-07
7637,-9.41366380101888,-8.796337075259629,4.6700420838598955,0.8452338094595186,210.69542548105306,1.243339844067001,6.028717614605655e-07
7638,-9.427383862351997,-9.169616611935723,4.041819116571102,1.8286978949324033,438.0179874214444,0.19790256074883317,6.034378968352825e-07
7639,-8.733944249142231,-9.102793251879564,0.45521753970037476,0.9125085626205133,467.77519746400327,0.48613826342549427,6.035354658290593e-07
7640,-8.824035352381452,-12.912245223486408,2.421035467783818,0.922616037715583,399.0529399780843,0.18729922886430916,6.063289065256051e-07
7641,-8.954961348839213,-10.527495266316402,3.399762612763354,0.8740876336359854,202.08109098439851,1.2231796038400597,6.069075992210518e-07
7642,-8.059770345985894,-10.912869818896883,5.004019763416501,3.018430728176157,482.5854642314451,0.46335762508499645,6.073388288636348e-07
7643,-9.974325485900957,-8.221033205766695,4.866290729437303,1.8523833268876058,467.414382564602,0.4015578658504788,6.083966682757384e-07
7644,-8.79511614183712,-10.55991857029026,3.8136697592095343,0.8588953162508879,215.4848451447605,0.5543350739595585,6.085172510421354e-07
7645,-8.703185748327236,-10.778620616414843,3.9054599674157604,0.7148457828437502,174.2410950389964,0.4228509162263192,6.085910677507105e-07
7646,-8.735049963683592,-12.99882454342264,1.8814328051833273,1.0103171855159279,207.45184989561093,0.4022751048171811,6.089400590727217e-07
7647,-8.687554656006034,-9.589015147664835,4.830565918994559,2.441452323956547,440.4994433134396,0.812144942327472,6.098376506726294e-07
7648,-8.09465264387421,-10.60176562751506,5.07518018028881,1.522466908006138,361.94216277753384,0.5208278142838916,6.10493596606593e-07
7649,-9.466729895022837,-8.978616534407678,4.2837769135821615,0.9112083403750161,468.3307455692463,0.8474524937659771,6.116686092419658e-07
7650,-9.33121307378089,-9.512551901874994,1.9831186079853282,0.9819446224133253,193.55212422802975,0.32098831282621454,6.118782094508245e-07
7651,-8.50608504791655,-10.728128350372192,4.328477661855456,1.2364045858900636,300.4491735972614,0.2532519238379223,6.120029355428101e-07
7652,-8.759939406101077,-10.440704013164131,3.973706291782627,0.4948583531202655,101.66747575745296,0.06435592507438681,6.12386219958625e-07
7653,-8.706855028819684,-11.448153787197125,1.5555105081424885,1.4346532055155545,320.23124097836217,0.17690611305772652,6.127427329991064e-07
7654,-8.604410364541604,-12.27213234774757,1.4155561472757552,1.5678541567120923,359.8312104829263,0.674140397045119,6.139589381521801e-07
7655,-8.748594442255964,-12.330301160054276,3.2760823101939915,0.9809052428998429,266.3667184586187,1.3740052613984135,6.14638532096973e-07
7656,-8.300705530068468,-11.656016647114901,4.418963735326208,1.8680958590896513,448.27520921735135,0.481740052566189,6.155328307047665e-07
7657,-8.970602325485167,-10.959989033403954,2.7396274107734007,0.7953938705977683,174.0496550190902,0.9438022723634463,6.156831500151324e-07
7658,-9.644046742187223,-9.32973812802958,2.7211005576864418,1.8037759184284332,468.4811088569724,0.296852887535878,6.158205660983386e-07
7659,-8.704079743146147,-11.551520777619846,3.5897182909099126,2.064437726313933,406.7398973292374,1.2024463861814318,6.177895233954997e-07
7660,-9.059817124114627,-8.828473660826997,5.156361783097226,1.7854423287859766,377.08571479486284,1.520876300759368,6.178062880520695e-07
7661,-8.548150306862002,-10.929840790318435,4.157017775473467,0.7851641926279199,179.27547313168958,0.09838797981294878,6.180881315382482e-07
7662,-8.653441505725981,-12.478336839440372,1.5710355806377638,5.855645860149585,305.1907680786958,0.27586859652361007,6.192094804593153e-07
7663,-8.681796734319667,-11.980389411526435,1.5946429401107847,3.1039951540990627,507.60372368782464,1.4738442322996992,6.19586359592893e-07
7664,-8.011185020290313,-11.621767402875275,4.889873670488589,1.0988425580608554,284.6299268866199,0.2944404715939877,6.20362939979889e-07
7665,-7.986858492489484,-12.876763647233203,4.795069385072288,1.682876912137779,395.5395614624909,0.24152122803965437,6.205904739572535e-07
7666,-9.308323553972333,-9.735035844012803,3.2546093507513363,1.0032595090311112,342.6900762902981,0.840400797657181,6.213495725729726e-07
7667,-9.657545133849299,-8.351144210253699,5.016701951999761,2.280917865351283,436.4108433830863,2.3386234971217226,6.227939650225819e-07
7668,-9.582929674791108,-8.594744496093336,4.731866775888375,1.024405450485491,280.5996240225656,1.3694009057033014,6.234005870727157e-07
7669,-9.498418768806287,-7.954574238016038,0.8674685772652947,1.1438543788166142,268.9596293927304,1.0308419497547758,6.24121467469443e-07
7670,-9.2500971238068,-9.054537991386809,4.520521017278017,0.8946139818200302,210.21229765258946,0.9151823426763306,6.24243077521702e-07
7671,-8.662604499614979,-11.574215972964392,3.687874339288759,0.8338039170904826,469.88111250113235,0.0845943150402082,6.244978449625056e-07
7672,-8.950820358014209,-9.492992625307604,1.1648934534972553,1.1728137236766496,261.4233941264549,0.3581975321330013,6.253318030920233e-07
7673,-9.032297291840148,-10.472197130091859,3.1137657480815157,0.9051291842166206,232.69306655494148,0.7906576740765168,6.260375887294476e-07
7674,-9.506353930438136,-9.45102623099612,2.4439953544619635,1.6184898720880636,373.4614120018963,0.035555169548439736,6.26628722569275e-07
7675,-7.844122756622678,-8.400559574489172,0.09621834433939935,0.8679816877881849,209.10945707664143,1.1476742965670432,6.266646004432811e-07
7676,-8.870199251993066,-10.264118858312258,1.5019645442415077,0.9906974063742626,259.21916080283125,0.814479098775819,6.267340442850706e-07
7677,-9.71591231651573,-8.86397029079221,1.8241013655317424,0.8754513793080025,342.76103559029184,0.07751005402230948,6.275255894551664e-07
7678,-9.131513585905715,-9.849132871965297,3.6289436103945696,1.1566282947700839,281.2956240170729,0.14735808750158252,6.27679438600153e-07
7679,-8.283011623093556,-12.443449542895307,4.3396843282369195,2.8605804155244043,486.59624233182274,1.3515878959916119,6.277026921912057e-07
7680,-8.312534737920616,-10.918685055068622,4.590811829422965,1.8743428696869728,363.7407441127191,0.18673778291905574,6.27742398219857e-07
7681,-9.279481297082194,-9.86632458203047,3.0123609144701566,0.6532838579348422,159.6994887116209,0.15273914758659135,6.277687186235401e-07
7682,-8.912693379221535,-11.121395390833548,2.2342571423705184,1.7733405609517492,466.6061750812909,0.3109205958606651,6.281153183135752e-07
7683,-8.940867222203513,-11.065583783609338,2.371989848851787,25.923283138379492,791.3017339133353,0.09905339752982822,6.28256320264107e-07
7684,-8.037774689367833,-11.90499437554287,4.801823419702734,1.879927616124978,467.80905287167116,0.07436351480941994,6.289728942583842e-07
7685,-8.86585301294244,-9.291297437119066,4.849172864361791,0.8744695272369664,255.9959010509582,0.7356213022191946,6.292867344153959e-07
7686,-8.529035425014591,-12.596005141733796,1.294231566770119,1.0736333470404513,281.30093068471245,1.8483985293284162,6.295568993883086e-07
7687,-9.646416541444463,-9.132090459551232,3.6357695431837382,0.9400335201191019,469.431134811647,0.04096660243885086,6.312385202706052e-07
7688,-8.978746424388389,-10.614042329386479,3.1881442169686065,0.836470795260959,469.1745037136137,0.17027035962298687,6.327947809174237e-07
7689,-8.759130449954636,-12.422636240916212,1.9437560258509752,3.3395048095546715,522.3229384592537,0.9989800265154161,6.341965734274775e-07
7690,-9.83512302527476,-6.683417117135208,0.9831392078475106,1.287351561403374,294.2398161403802,0.1302492945490572,6.342910585354777e-07
7691,-8.544701080265758,-9.681948318716211,4.966304912164515,1.8873410421561712,467.31173100701614,0.3519211044193584,6.367443751688736e-07
7692,-7.891581722136258,-12.40975000470273,0.23331951138205403,1.2203823141809882,304.4114216173342,1.4795805713675234,6.374956958404927e-07
7693,-8.867316182827564,-11.784192524329267,2.731183360948391,0.5655079621814203,119.0586161673155,1.0688340571156214,6.378977268986929e-07
7694,-9.620413616724433,-5.780482169242088,0.6359843910342388,1.2822459728090452,468.68117464644337,0.5670470618313113,6.382083902921539e-07
7695,-8.5462414083585,-11.533486218048637,3.959850394408074,1.5288228883241826,343.6246774374546,1.365034936602524,6.396533323333787e-07
7696,-8.741304542113925,-11.213399135315248,3.583929933465524,0.8001243858128241,469.87612953913583,0.12736041898736605,6.404419228509385e-07
7697,-8.754809132473323,-12.075534972837964,1.8703089132209008,1.3204329342737016,148.7907848745056,0.39396401700535666,6.419714312953332e-07
7698,-8.87557139498598,-10.615681155551563,1.7561954910207282,2.2117419706217762,425.53633005046856,1.4447996072698182,6.432495414227248e-07
7699,-9.172051372658979,-10.07921254520263,3.0595662309689673,0.8740452096570424,233.56025467896117,1.241350808706513,6.441423808170625e-07
7700,-8.85978441228549,-9.471928905052128,4.638574131990287,0.8701767155203222,232.93309894036884,0.7076220298516755,6.442255200386061e-07
7701,-9.523044942500063,-9.471675236215209,2.7511958763620448,1.1420400230022676,229.89578665938177,0.8310553893272763,6.448257915386158e-07
7702,-8.785293798415623,-12.653150925184041,3.0209010810584593,1.910349642164435,468.02998291875804,0.5658406232035036,6.45216004448332e-07
7703,-8.936000275437685,-10.940275311597587,3.0251248868843734,1.1139011204718703,466.99620261567577,0.7524640138981242,6.467377330402649e-07
7704,-9.482162603731274,-9.036507474092783,4.133042022465925,1.2766416468643749,276.96698474770506,0.09555390259504559,6.48759236520948e-07
7705,-9.47373251348826,-9.140517893738227,3.966980986429852,1.8438700412340874,467.5247715710018,0.6100316660647183,6.490294166947452e-07
7706,-8.24985274235731,-12.020516464943226,4.431930960728174,0.9493236081612341,228.4829893786153,0.7966092386655435,6.493630625887706e-07
7707,-8.508060838160052,-12.791669015214318,3.8564827601827845,1.5187535456240833,339.8320990904582,0.6438941298800858,6.494483909356251e-07
7708,-8.51780588965843,-10.764483108200407,4.268984805789134,2.1023288648872698,416.40562085418355,1.9828873633097475,6.498084208797871e-07
7709,-9.917533040656247,-6.8844250705887795,1.0923402242723534,1.2178508108111934,252.4202673396124,0.3702110901304092,6.520820581307494e-07
7710,-8.888813502978556,-11.030619531044906,2.0662878074289703,0.9565514128304756,202.12892925100482,0.39517233380110284,6.523412006207719e-07
7711,-8.8462263821667,-10.390176085573636,1.5323693902763098,0.8645859629589577,135.53947145056318,0.27027860145628413,6.530410736783432e-07
7712,-8.7981723690727,-11.98271564427622,3.1000756011594204,1.3823085191285793,146.2202998979728,0.367234489973816,6.533387944486262e-07
7713,-8.70050049463738,-12.841372577412672,3.337978273190558,0.922157296224169,226.1553096580145,0.6667403313315772,6.534974214508755e-07
7714,-8.797925789917914,-12.4159453480023,2.1448194885772014,2.4913226249928155,455.02343751726454,1.7349796585572586,6.548409581798997e-07
7715,-8.548031970060924,-7.7822530644995735,0.2575551523480926,1.0597020126158097,467.35905571562694,0.3179040587554063,6.56058274958719e-07
7716,-9.09497699184522,-9.42628511488688,4.251955091819808,1.7475019454096699,413.4643770976901,0.20297228200222062,6.56389548732248e-07
7717,-8.6561906588811,-12.17206315630124,1.5633624254902272,0.9953631696552642,203.57940156748577,0.08723462742650501,6.579776776792381e-07
7718,-9.04049754186055,-10.350127925073888,2.1540958631020097,2.609760599585047,467.217171547464,1.9953897347139007,6.586644433627163e-07
7719,-9.969917932783632,-8.589633292782338,4.201358241145421,0.942819741813839,468.4210560044013,0.5845513867166128,6.589502463982538e-07
7720,-7.746789286513297,-12.071965410841894,5.170538824043471,0.9941418898792578,183.80740845313142,0.04026144638156204,6.596151317840408e-07
7721,-9.378131994880007,-9.543533205544769,3.3927868879696517,1.492423689776149,277.97289720172427,0.0824494549301713,6.60192767564495e-07
7722,-9.747991548348331,-8.915659615656093,3.8758029702201906,0.7309455181724978,149.31660230055357,0.7586439288591231,6.626873536229695e-07
7723,-8.981506267819023,-9.899580259481574,1.5308123556467945,0.8705452143737226,468.46528041851656,0.8476404398521398,6.633523892181309e-07
7724,-9.428833390349942,-9.475738413796648,2.25262489043429,1.004607201878434,239.43161397389554,0.32416303051994877,6.640555610463037e-07
7725,-8.834512936152128,-10.341613041880882,3.834978687251158,1.307036416406383,316.0749532783022,1.7893493254561479,6.642266287692537e-07
7726,-8.852410543605071,-11.93251572425409,2.4725100894083307,0.9965530618899539,467.66722363064565,0.12215178060046927,6.642563535628817e-07
7727,-9.94826718131101,-8.840345640059581,2.171442943465102,1.088015094541854,468.0271801729764,0.6268476069080924,6.645229217905732e-07
7728,-8.794000134328085,-12.02025784385842,2.0559126655894926,0.7345234230257504,467.4028470931975,0.33233030843190203,6.665471416986046e-07
7729,-9.191647975169994,-9.794009404506912,2.0063045674960858,0.9687805367034433,467.66837561770393,0.23574306352819718,6.667260910535539e-07
7730,-9.689015281569862,-9.22342386651479,2.5450494851669707,1.8478065766198761,469.89664019060456,0.08931035616382488,6.667711819472579e-07
7731,-8.632779969679408,-11.618344622809541,3.7189244799792465,0.9352222490942335,468.00755685687886,0.31714049666409316,6.672209459458531e-07
7732,-8.445921632181072,-12.393796737122807,1.1543015136540247,1.508797242696696,339.93166152755583,0.06442549195759106,6.693041993336925e-07
7733,-9.000871147138179,-10.471703473032367,2.1198351319190727,1.7754734599333923,419.67589336171426,0.5994862985344183,6.698174053032326e-07
7734,-8.647405627336402,-11.548092062324844,1.4439077307007677,1.0936666302881017,267.5583051752426,0.9502339625278742,6.71028871987128e-07
7735,-8.78928617395871,-11.68275999931528,1.945684771687687,0.965222461142874,469.0845057244704,0.002008311602704538,6.713597592897203e-07
7736,-8.638664243416981,-9.762386230697206,4.711842445647798,1.8293858084292502,435.17659820840106,0.5856922784250296,6.728081501992255e-07
7737,-8.377769855479047,-11.691007025115358,0.6418874769552296,1.7297184986830951,408.1769810153885,0.06032964192045842,6.734981227814914e-07
7738,-8.60965353293587,-10.663209784554793,1.1590882877913244,1.2233014249561047,306.67647826235793,0.25622873682678726,6.73885583043452e-07
7739,-8.889164282203714,-11.3889188245284,2.802363915978214,1.1334252833990464,292.93320879416655,1.054870850283276,6.749169323537938e-07
7740,-8.11800061361769,-12.660860752833132,4.579498109256365,1.188055490494693,300.0569084140866,1.289593553343443,6.750259921200038e-07
7741,-8.373318446205383,-12.266671018031445,0.7862889115302836,3.6823997594456084,527.6850059777968,0.2866157278943282,6.751001079507996e-07
7742,-9.373139977062793,-8.926310951842412,4.479491851353282,1.1591020051713232,295.72486303258904,0.9819545981573237,6.767803240190774e-07
7743,-9.429261118927617,-8.751568134266591,4.670299926520393,0.6861758249312637,139.60957701606804,0.2358114564711693,6.76781140356285e-07
7744,-8.42429428489487,-11.218211929556185,4.265998372892637,0.8788545112836598,465.58323965101664,0.2834706597908063,6.767871333739349e-07
7745,-8.534818758836654,-12.481164351120928,3.803582061693141,1.2091665362489608,218.52327992256858,0.06809547771629809,6.769606323126201e-07
7746,-8.350793860012775,-12.968667810596783,0.8703918775596938,0.8030933067634716,234.36843471538995,1.2411333861130274,6.774050997591933e-07
7747,-9.701431038935834,-6.158539443609869,0.7546623456056026,1.2819334740500505,468.1142237777163,0.7388982831652031,6.789687995162913e-07
7748,-9.37457693247678,-7.152405968099641,0.5238236488296028,1.307936570811899,294.7490575859857,0.0010084488267141367,6.793754439186686e-07
7749,-8.003346475882955,-10.75292489141129,5.114753015000853,1.5939504664040787,352.1822414933937,1.3686633590231834,6.797647366616001e-07
7750,-7.9395702056679625,-11.22738268814427,5.053376119969869,0.9692201536934933,245.8827036726443,1.5268358002924218,6.799305858400195e-07
7751,-9.777713189446017,-6.107029325061445,0.8532555279187942,0.8951862322058856,225.9543851054929,0.7570568459738274,6.799953211338872e-07
7752,-8.803728018697669,-12.341982988161426,2.2216002667157353,1.2596745837028642,314.2168751068634,0.5159522878712623,6.812536282105659e-07
7753,-9.588741633264874,-7.223685196664773,0.7436450097823569,0.6640021066151559,154.63503768869356,1.0467474046482392,6.81701235857283e-07
7754,-9.110157325272006,-10.294640199083908,2.6562460922487445,0.8843321919252423,468.5318469660477,0.46936454594125454,6.834413320870415e-07
7755,-8.206926249701423,-10.58623515262357,4.8743084388168105,1.7233684959099178,406.3134669968544,0.36258687025418634,6.837530235183312e-07
7756,-8.797877253773827,-12.941559766509904,2.7886301052525875,1.1613836601205656,467.7973340420311,0.28745922248886746,6.851025612478709e-07
7757,-8.037377143887397,-11.290846426408287,4.891345463611797,1.026867330908178,243.4458026859046,0.555616398547575,6.854017459104035e-07
7758,-9.567378395371007,-9.12373739666861,1.9865020251611099,0.8558809735090546,383.9464037344063,0.5862234762341414,6.854881273958353e-07
7759,-8.212265331778635,-12.793725699294278,4.407040665134793,0.46579298675906194,140.3028148795138,0.47179428938201706,6.858681006090849e-07
7760,-9.849269835392791,-6.038998071488621,0.9546248279994355,2.4546606297057636,209.7676112198522,0.3537828869048152,6.85951037054287e-07
7761,-7.427522567138272,-11.597508060417605,0.12811579509721596,0.9709925536847025,198.31502897939546,0.4625014266880427,6.869127706963835e-07
7762,-8.811900254689665,-12.133385874003768,2.2274756327266276,2.266258186268921,433.6340435798044,1.8321060083263871,6.881053891665093e-07
7763,-8.949539697632579,-8.578659756084292,0.487810970933632,4.389322635963994,587.1692106211867,0.5839109738527295,6.885620937266536e-07
7764,-9.889830136944266,-9.0518551513021,2.86129335301341,4.626697349035478,524.1903061155368,0.13960175204193703,6.891306955069655e-07
7765,-8.691329907875684,-11.928621448421362,3.4672933418441545,1.144837528133478,230.33935361974392,0.23163172772977791,6.894879839574058e-07
7766,-8.799524688031788,-11.627614428754107,3.1793579504877907,5.867034131791719,328.6166355031359,0.2696262629988242,6.915723795071719e-07
7767,-9.139105862270787,-10.130224057134143,3.030811095814653,1.0903320796217573,467.62645501072825,0.569493958288926,6.941290483551614e-07
7768,-7.754915583901552,-11.77016199346528,5.187045937562163,1.4859593439655288,342.55464515186276,0.7252044603008629,6.954822015473045e-07
7769,-8.726271265346043,-11.550245903344495,3.4595734082453142,1.7887198809974971,468.4711255412323,0.37238538086390083,6.957994948816657e-07
7770,-9.241615213667929,-9.938883813485209,2.7048274312678693,1.4543392233105938,328.7802404830887,0.8167546756603574,6.962712592259621e-07
7771,-8.438350645070804,-11.375849347063271,0.9470357898908193,0.993456696483486,202.61507776626325,0.4235793253201843,6.968735766677528e-07
7772,-8.625192948584843,-9.707300388810783,4.774356750379585,0.866785188769838,222.53253697089187,0.7697296219203986,6.970746384574163e-07
7773,-9.08287877317053,-10.297762003587213,2.994590394961201,1.1142755781938594,450.22743474704293,0.7212905833233796,6.972132380497929e-07
7774,-8.905159473162888,-11.059845093533081,2.9912721857781084,1.5938699186942384,372.45556387471106,0.32067852518934625,6.979171432400112e-07
7775,-9.005270051797165,-8.902864699951413,5.094083682495795,1.7861757536102503,467.5493037739583,0.2516009688756382,6.987397621625594e-07
7776,-8.751929898659982,-10.657172924685609,3.788438490321535,2.322740036905153,440.297815722573,2.1867224670391074,6.988041825496653e-07
7777,-9.351266123411214,-8.605856217446053,4.99556062814862,0.964488941986388,267.17748548021035,1.068496965171371,7.005336719002816e-07
7778,-8.54267934136427,-10.027164553245603,4.641995659928958,1.6127659245990784,370.4723331864201,0.272656716464585,7.007328808602611e-07
7779,-9.042027161137351,-9.886306525810829,3.7429057125783545,1.3661208075239333,309.0180168252326,0.634326934660316,7.035213053704843e-07
7780,-7.8650387441680465,-11.229547842373721,5.145808123246034,1.869959343881125,469.60813233197456,0.16954723227997093,7.037161968663435e-07
7781,-8.784856010918737,-9.431356808751566,4.782534422789326,1.6347383643247677,358.6388576357549,1.5909453833203306,7.046426628512207e-07
7782,-9.18635662145065,-9.376516293272301,4.10468940545896,1.0463342114455905,280.2876348644084,1.1804554982036946,7.046687814142319e-07
7783,-8.933293770237205,-10.510063839880155,3.3821788635748002,1.0486829594201443,419.86815961244736,0.5425628512955507,7.05757660060898e-07
7784,-7.886541691852786,-12.940698478814802,4.8982054471646945,1.2674420169905216,312.0150575757349,0.2402326664796286,7.065227033013877e-07
7785,-9.85940343725725,-8.68907461375283,4.1231896911450105,0.530635469139713,127.48921373564256,0.3780906388787084,7.065885831429907e-07
7786,-9.973579537692556,-8.87499428986716,2.3439951232711462,1.6697328055070393,469.7268747191489,0.1347340266129189,7.089620888000089e-07
7787,-8.702250762873366,-9.828160393100172,4.514262525607771,1.5454762631679573,468.9125693319284,0.9213464959032853,7.105058354172938e-07
7788,-8.748327240095708,-12.386392178064991,3.161180946922237,1.841075868279233,440.20960225648355,0.14958228599433543,7.105243273442112e-07
7789,-8.427036650430484,-12.470493478685968,4.01745690098287,1.3670824458830464,322.8893678287472,1.6098638771663714,7.105264563389481e-07
7790,-9.704690610442814,-7.1167718079923405,0.8881007589917366,0.852798250287879,459.59131828848626,0.03673992977178564,7.120708162281701e-07
7791,-8.868135377845075,-8.571487224900764,0.4408995839394403,1.1216022486082442,467.5352789844805,0.41403192189305127,7.120778542024229e-07
7792,-8.548881290412263,-9.783569865825134,4.828799280908423,0.802960654484806,229.27216798950923,1.077569432141619,7.123559699053032e-07
7793,-9.06358601048554,-8.462306000104853,0.5403290253260444,0.615480799051144,125.09484178624135,0.8572242190645598,7.125028681474069e-07
7794,-8.673895398547536,-11.29249733518899,3.6777816068458704,0.8455027094730634,467.2440837459902,0.5576997076026267,7.125041923561526e-07
7795,-9.082915925595058,-10.149864188112616,3.2463492114945667,1.1944534798490165,467.1917027433931,0.2647612307252416,7.134764444211722e-07
7796,-8.32963920564226,-9.956137557307153,5.048792817032626,1.5497508709324077,359.9409332306681,0.44617143563952233,7.146133531343966e-07
7797,-7.96853120676692,-11.737010231555093,4.891507401255897,0.6986277510433316,369.27183099832496,0.3899809071612781,7.156393550160673e-07
7798,-7.466735232705375,-9.524589421489956,0.0786759666566345,1.5836103017975205,371.90637757483165,0.38946018535747307,7.158056950908944e-07
7799,-9.704461279541563,-8.193014030729856,5.147300124318723,1.0916994350760343,466.15942493513194,0.6941648464674115,7.158944243361735e-07
7800,-7.29296203785694,-11.844544554202768,0.09835634385584006,0.9848118495786284,244.69920586070467,1.4729178521991022,7.171390027853325e-07
7801,-8.445434913099804,-9.841292662937395,4.9493227560068895,1.2493334393982125,309.75577009328015,0.7903368265411581,7.190870013881416e-07
7802,-8.895262659594396,-11.014280716187983,2.164374860880692,1.0758216647819498,468.87686721357426,0.8585695044799406,7.191455496519427e-07
7803,-8.04644699574569,-12.121841449040684,4.722078726022532,1.9045077764426042,467.5652163136883,0.5191396676234312,7.195150069682236e-07
7804,-9.901153920476501,-8.192801212171478,1.384877343429019,0.9899960804424935,196.99129504572815,0.2827358480750304,7.204955800911182e-07
7805,-6.904494406415404,-11.254183006701831,0.026033174925142375,1.020900798288607,225.7885996657214,0.44183599688904795,7.236689361309689e-07
7806,-9.500404114141132,-8.012984442947541,0.9348664251124389,1.181717897988051,272.17253765196244,0.228141224653009,7.240131682323937e-07
7807,-8.876277111815616,-10.46447685840723,3.579990426073514,0.87488224489111,198.11687392264847,0.9684897986734091,7.244389683506583e-07
7808,-8.29880624036627,-10.569994996938611,4.716026177640741,1.737065311473343,409.8948159752575,0.09814670180756568,7.246181291455559e-07
7809,-8.62717473465064,-10.865777906607644,1.265454901962333,1.4302755470983235,468.7945570770454,0.8865876421359689,7.246492551206908e-07
7810,-7.8981829677407855,-11.993592898025037,4.950928712656572,3.9915457015818054,562.4860481903976,0.6212123156681244,7.26713196011849e-07
7811,-9.559236601528177,-6.758230425005419,0.6442879989108931,0.8220020742458165,466.93915674247,0.1572844930707129,7.273429468159578e-07
7812,-9.865032074053172,-8.929212446951063,3.5464332209566716,1.8915680130855916,468.89480442909036,0.07904551551699335,7.274434908787676e-07
7813,-8.603757429562766,-11.964768927039847,3.6701882354305253,0.870349148242115,174.6743977340082,0.21422641011705768,7.301422937741217e-07
7814,-8.879011580895389,-11.421094649917379,2.5292531369887183,1.77203565097884,419.9549350707846,0.6056145256458283,7.305298760477307e-07
7815,-9.070590915544969,-9.740248381122036,1.642645775693176,1.1033169706972863,281.948300637867,1.7992668359348123,7.316449112508131e-07
7816,-9.015745651021067,-10.105790478358468,1.8560282322082942,1.8882337414318,456.9057948747988,0.22077137956614923,7.328223032487628e-07
7817,-8.668291924608585,-9.478061546954208,4.916050935222286,1.0069873159571754,468.0939750028298,0.6511382966990187,7.345332660129982e-07
7818,-9.433554841128423,-9.465214872865786,3.2848212927603435,1.0553885410666368,283.5449343439131,0.7360471541337024,7.364387407863382e-07
7819,-8.665505914227074,-11.477466508592734,1.5043890742934893,0.8264723288826962,206.17928221280079,0.5105783484816362,7.371001185624755e-07
7820,-8.40307724310975,-10.616904322788123,4.503908441148811,2.8070268371704206,484.65573582739626,1.9673165290929253,7.375044282021393e-07
7821,-9.368468835047604,-9.026700458061415,4.284108115625403,1.1912878247561403,129.0896915942089,0.3467679603107783,7.407119909748908e-07
7822,-9.50910586759619,-9.00222543620103,4.077591493563281,0.7667745597527122,469.9246481164002,0.21575205151891197,7.407969003815924e-07
7823,-9.937673234665727,-8.826330066651115,3.6607875046447607,0.6046012991157591,179.10020029230915,1.2045828839734627,7.411919001969266e-07
7824,-9.485258053448407,-9.39904058791882,2.3547623368386197,1.5118535322521645,468.0277525180689,0.577613560621562,7.415366541282193e-07
7825,-8.73299451820225,-12.47193749105768,1.9277587782813639,1.59777657265284,366.28402533112046,0.1328642579829733,7.421023307185581e-07
7826,-9.88079853141477,-9.017465178911575,2.6309572640389067,1.191901671877215,243.68708442550118,0.45465256193279213,7.430929110408106e-07
7827,-8.653132241888613,-12.466458491270123,1.6332993182500828,1.1685968911358204,268.20400521493764,0.5614031573382503,7.441259233210223e-07
7828,-9.885673796042589,-8.811307774530567,3.7868984163019053,1.4001764912402932,330.52284869490995,1.990237254048889,7.441889835023269e-07
7829,-8.497347969459728,-9.57149084947146,5.100881880120117,0.7340774886665439,146.42318470999672,0.19260407375837652,7.443916649820803e-07
7830,-9.459904101847814,-9.505787790878124,2.6557662450178405,1.814265825474107,468.652177504116,0.4999870491861227,7.446078399630719e-07
7831,-8.717758882084231,-10.0704564068638,4.2540650212752835,0.8361713966090915,181.19731173053896,1.1449761408862447,7.451981126706795e-07
7832,-8.200365032961567,-11.740044740941046,0.40776336833512367,1.0717769564800161,173.65175059139028,0.16121618832402174,7.463783866662416e-07
7833,-9.540124632596473,-9.264001823279298,3.4447219001418445,0.7307437405248264,222.265946732426,0.539675185266673,7.466080776909705e-07
7834,-8.43303831884771,-9.871545223360219,4.931774665144629,0.7623451992306757,228.77877826686955,1.2070229722672359,7.471177810326332e-07
7835,-9.467396576641478,-8.699008189570154,4.657143912397265,4.133156048042495,576.0583644590151,0.8568395360096908,7.473545847102283e-07
7836,-9.245498136522151,-9.507058647082127,3.7434061294590695,0.6786150817502195,190.36941379193814,1.231631634363759,7.479993777750688e-07
7837,-8.927271844500822,-10.910421724989044,2.928171046078578,1.0701743944932975,284.6931619657594,1.5643449950972164,7.489751246722455e-07
7838,-8.680942024815304,-10.962863648693746,3.7695941144215515,1.0835675975842134,282.1898040774271,1.8380634882687739,7.503779141671883e-07
7839,-9.713048015735108,-9.183282199625046,2.6596210328879413,1.6565260191263813,384.4872240550196,0.054901496892623136,7.504835452121305e-07
7840,-9.045003623469077,-10.40236430069487,2.9277817968700925,0.7091977891811699,467.327395562766,0.3499104622405049,7.514275997213205e-07
7841,-8.792478165564573,-12.820844836790034,2.432235518318859,1.0369062494851329,274.2707412527085,1.3291144497987082,7.515675562706998e-07
7842,-8.422564663206934,-9.80476921089904,5.002945758454192,1.1001269876763478,271.3197020280527,0.14522159133558166,7.523972442537196e-07
7843,-9.378655044222375,-9.637296041740377,2.7754025493843058,1.887550326335108,469.7239633560201,0.15876519308980352,7.524850959251099e-07
7844,-8.242114933671179,-10.073037874104685,5.086140115196139,1.1138745774400025,267.8710485931068,0.1242079770217801,7.529505364010868e-07
7845,-7.221783928429094,-12.598946492162518,0.09024420373811652,0.9253170305346652,132.8509604877129,0.18864306206816917,7.542451037267643e-07
7846,-9.365190571119712,-9.617893855772135,3.0768756512339843,1.0692825429885437,467.2828608639632,0.4281814593186608,7.544778250713469e-07
7847,-9.253683776775926,-9.58494623155698,3.583512118137973,1.8770585121892298,450.553306164912,0.6372225645483436,7.544853436551372e-07
7848,-9.866810777664439,-8.968542951624816,2.3885137261204124,0.8304282268542375,230.74120409961768,0.8265213670725853,7.546189843909228e-07
7849,-8.433338313669891,-11.307333344709127,4.182066437825504,0.4482630135306167,105.48832164226984,0.16676194941480116,7.54688548957188e-07
7850,-9.099475157241237,-9.701597722980626,1.6892816586326094,12.949325231412786,806.6640964571312,0.26058333661000077,7.551602101782448e-07
7851,-9.20943461582472,-9.96455542504221,2.790619308604254,1.4131039868023465,316.3683136305477,0.45935656008089243,7.559877679848015e-07
7852,-8.515461283626726,-12.24689075592026,3.8251816769133185,1.3501427453839447,468.7101137877842,0.6461635081070138,7.568992358913549e-07
7853,-8.810708645594389,-10.48611520808076,1.5369721688459026,0.8239208413980688,467.84726784911663,0.5335219328512277,7.569672376813787e-07
7854,-8.798871268746419,-11.07279664936658,3.3806397981494127,1.164935098650733,469.5687460128962,0.2094580588559376,7.573412870036116e-07
7855,-9.16743274026648,-7.40546695038985,0.42541922651169184,1.059366045669513,276.96422707728425,0.5011334309731419,7.583646190402116e-07
7856,-8.74475328042445,-10.971659325203621,1.587406959699561,1.2271460218587786,467.6405709005849,0.4815700530020477,7.597037148166767e-07
7857,-9.579321151684862,-8.413795084213483,4.944243244685748,2.511865462849579,459.39325709314255,2.509497228692098,7.606627479253364e-07
7858,-9.544104331445677,-9.27275233179361,3.406001766155356,1.1868356400162383,302.2871148238323,0.6876752530797701,7.613266846856913e-07
7859,-9.200471814058911,-9.641161902510394,3.6326923385442194,1.0749768728523923,466.9900325674826,0.6042238520646475,7.61458913898378e-07
7860,-9.934320511185705,-8.719116381851771,3.9063488214703033,1.4753109818561603,337.9396569777488,0.49526381198450853,7.634170194188145e-07
7861,-8.45840263363414,-11.447286396545039,1.0825270863783216,1.4598812353022614,336.63574230083805,1.4647680192494077,7.640716755862867e-07
7862,-8.733844727776578,-12.604184747355182,3.1181755985728525,1.193644717934402,307.4206703426456,0.5119225902118307,7.685570043520986e-07
7863,-9.025695816381887,-10.483070821381594,2.834861322492443,1.1361998306197065,292.21835684944716,1.1762178833516543,7.686961880434823e-07
7864,-7.864550963470501,-12.986176590599504,4.902552874067065,5.6607370407467,300.137420580812,0.2537757077524896,7.691317097155741e-07
7865,-9.177443262501459,-9.596056077855557,3.7540508062421925,0.9126429336672529,133.62632066664355,0.28567317211006493,7.694635198464806e-07
7866,-9.24158860740508,-8.92490167293117,4.643952752947004,2.1983702228650035,427.7874033628784,2.1653267952492357,7.711130401000548e-07
7867,-9.970618519121238,-8.280093614770184,4.682765809580747,10.6620073454997,736.6343711168528,0.18707239186027724,7.721681360873985e-07
7868,-8.815092311106358,-11.86429356620923,2.868732017212662,1.6303526648682394,469.47578107792174,0.080754468820321,7.732754068112774e-07
7869,-9.022389795606548,-8.799934222099253,5.175133843353089,1.1888217059194524,306.484692395215,0.4410652500901504,7.733008751459557e-07
7870,-8.78783601065467,-11.6090853595878,3.143189638209661,1.8913584158253232,468.37206279153736,0.5441634335140639,7.752005002157714e-07
7871,-8.956136548010697,-6.829622099829873,0.28905362861760125,1.5737718024247505,364.43797974750856,0.13889091808852427,7.757382897114372e-07
7872,-9.314896783258751,-9.348191905779084,3.829697007063541,1.7780262922803072,468.00411895097454,0.36994825691495326,7.765576402326847e-07
7873,-9.01774921082025,-10.488345278531277,2.8908064206853115,0.8703227270332607,150.55851452200127,0.27709248330687153,7.767525004816692e-07
7874,-9.122249309227561,-9.730177571137448,3.690994254566772,1.1736938382922717,279.1082488874832,0.6324595520837786,7.776479961580722e-07
7875,-8.679009890962705,-12.415443666530539,1.7352858434025855,1.8872409144263564,375.67163635088366,0.72216799018255,7.796325670516599e-07
7876,-7.943214688513785,-11.220512084812432,5.008745045677123,1.6190355715164328,375.53661791115366,0.09607824430017686,7.810367822822379e-07
7877,-8.551255839640312,-11.105533870974167,3.9925580637095868,1.5669913285073864,362.59083600173386,0.2833882783798991,7.813150983581238e-07
7878,-8.823572585089622,-11.467029457559901,3.0329441247253506,1.8266812555759495,467.6532568268144,0.4482986209167157,7.814502036621778e-07
7879,-9.434298987406988,-9.475402477191334,3.175366657809279,2.895559166102571,360.43616711554756,0.018876706489330708,7.818366581254573e-07
7880,-9.912521601328377,-8.353135492569184,4.618196245662233,1.105093913229303,293.40449632926834,0.7146160293328974,7.832174290721925e-07
7881,-9.999965945086984,-8.636733303027665,1.9610672387150512,0.917240503452349,242.64641682766876,0.2043315919865254,7.843737023056286e-07
7882,-9.998752275642175,-6.828913624966959,1.1610002707126093,1.2681745289537332,292.1192100536578,0.3723842250545504,7.855410555878611e-07
7883,-9.958434905099454,-7.789468102271674,1.2877408792775389,1.4822648277102504,404.75831611428225,0.26140615332057937,7.860544553712785e-07
7884,-8.594523179461445,-11.234244104075591,3.847494069662734,1.8332484791198809,439.52811928206927,0.5430103578508074,7.861533125029396e-07
7885,-9.892785725588027,-8.33022139455662,4.680127262672699,1.1720389501215926,303.15946395005744,0.5228012929399606,7.867743744685525e-07
7886,-8.402093498496622,-11.533719288796583,4.170582604172192,0.4942420537962906,129.30366099268753,0.03690050069749784,7.868499489298256e-07
7887,-9.242640874937466,-9.877290779384467,2.698426492542508,1.3906471118216366,305.10238355716257,0.2064489129673044,7.875995394375354e-07
7888,-8.747612556929228,-11.31444957751045,1.745111193390623,1.536499119475978,350.16275869848425,0.04297614244914172,7.88900023273211e-07
7889,-8.717127881199456,-9.451358659981217,4.834997452351041,1.8048515166331789,378.25959209922524,1.334910679214043,7.894191594549495e-07
7890,-7.897129951120473,-12.59304483549513,4.872091915239656,1.7827426590087407,468.3927810533553,0.5337683403834417,7.895946016248587e-07
7891,-8.135181122620473,-12.087385535704833,4.553204100897566,6.0742830952278,498.58295125298457,0.008740428995474225,7.9130819051712e-07
7892,-7.832220967541858,-11.943991216784656,0.21675531407710205,0.7653426599212007,449.5691168158405,0.224451237955396,7.928825898930354e-07
7893,-8.132499209974572,-12.100797394668573,4.554364826549431,1.1825635203125264,301.3015125567825,0.5210276782301566,7.954447554465747e-07
7894,-9.801272834378151,-8.716680310508213,4.094479043825444,0.8982063653206535,238.27192531876608,1.140920576770868,7.96983573935708e-07
7895,-9.466182378268947,-7.996653110763209,0.8656272592979825,1.1091505145072837,196.9374634510578,0.07867104451760731,7.989433345101604e-07
7896,-8.440210624908474,-11.508772877795055,1.0544286320889056,1.6472317693554963,467.7595581000322,0.2274690562322128,7.993786991025599e-07
7897,-8.19023672762438,-10.622514125772407,4.837504753903397,0.7951569541867998,137.62744940615335,0.24723038395646224,8.008030654488573e-07
7898,-8.79415361046075,-12.21720412975357,2.306799890957104,0.8703273807601094,222.6303975027783,1.3563230780836308,8.024695385666835e-07
7899,-8.905386172672117,-11.083981610226745,2.548869811196223,0.7758843363358366,150.4954912725752,0.38479727495061766,8.028796719820006e-07
7900,-8.643369706550338,-9.63909977775829,4.759146621621965,0.8670808711778015,201.23213178716105,0.7895038375302716,8.036709061342972e-07
7901,-8.353920629778797,-12.461973510600728,0.8431392139748336,1.5529594714326072,344.3506694752068,1.2259762858940375,8.038849106959964e-07
7902,-8.395626460030662,-8.680039522181762,0.2822248998824552,2.017588515386117,351.443507862863,0.11276771923970319,8.041281038011435e-07
7903,-8.766265074718566,-12.972923275027085,2.2756005264373074,0.7537601031962228,141.5292296139193,0.05472487281299632,8.041741033800349e-07
7904,-9.426731404927938,-9.276684399609344,1.9901981212199222,1.629672473984049,391.2881912325675,0.5906057890692056,8.047521096457843e-07
7905,-9.585976614740673,-9.168950544260074,2.1975817040880985,1.326394314559187,303.1358844780266,0.8964045530160591,8.053307039191316e-07
7906,-8.046275468451057,-10.662295285913562,5.037731064447368,0.8709451692216175,175.26135689200385,0.3098628731325235,8.083833661931309e-07
7907,-8.189762458149815,-11.867909002153402,4.485070514822936,0.8726883353575818,243.8194978199357,1.5178070743916185,8.088230673264852e-07
7908,-9.860698017563966,-8.115388909904652,5.03979160330849,1.7182465982068305,468.1015354802989,0.4392674649783901,8.091280689138476e-07
7909,-8.328004540986102,-10.466723172265937,4.682238368482639,1.0431888830631684,208.22819526169243,0.09933869492378378,8.096005870484913e-07
7910,-9.72922215887404,-9.11465836342914,3.2067433354096906,1.3929242275830966,340.73917751076783,0.9365099818581264,8.099229820197873e-07
7911,-9.574963916104618,-8.72278983079222,4.420603557528758,1.2695676119270527,306.147398528387,0.5573052438768658,8.100695591351143e-07
7912,-8.932100751479856,-10.564275265233514,2.048698666358533,0.9207317668129442,467.49192033717827,0.07370914664453565,8.101187818430466e-07
7913,-8.476916297555537,-11.19081076500688,1.0668304208340842,1.027620048203018,280.7018275211774,0.8072538202059034,8.11217905780058e-07
7914,-8.406984707277939,-9.658153106751811,5.136936248566369,1.2048296009604713,277.2849261632142,0.41972721690028436,8.118006676732235e-07
7915,-9.034545085313367,-10.384078522187696,2.9274513974009246,1.8400486155008435,468.3892348515476,0.7708020473061419,8.121663699314845e-07
7916,-8.560083191148822,-12.56954842795307,3.650278515398187,1.332929525406248,308.5775264275847,0.1641490037802864,8.125592475633635e-07
7917,-8.641324675841199,-12.7105422619732,3.4097772630631225,1.8911191022438765,382.2096123428433,0.8782203105455588,8.129115372007093e-07
7918,-8.692416502022873,-11.823872882186738,3.398550313442297,1.1141075533018678,290.74736399910034,1.0355936186936043,8.135630580456145e-07
7919,-9.311536077963513,-9.339202880905912,1.803030346905664,1.8896857769938973,469.2508221754851,0.1381410234196041,8.138450690667862e-07
7920,-8.731832249787729,-9.97597916142851,4.270571155056936,2.871350513832997,440.3839206000165,0.1736468009789469,8.138753351345127e-07
7921,-8.90912836082228,-11.012484616135733,2.743189303390239,1.4933687862233858,336.9569781547071,0.8018930196545861,8.1411176142396e-07
7922,-8.259694903830983,-10.378648064287505,4.84212449687673,0.820129661041177,219.69757688233486,0.5415161298617521,8.15458292063136e-07
7923,-7.890423338053274,-11.798645144322494,4.955832236738742,1.0198914256403295,279.4544282774042,0.8696038006157485,8.15825885819905e-07
7924,-7.719245003697704,-10.62563830824685,0.18353510160494402,4.683063559522413,596.1386271423223,0.31746954645152403,8.178589651864066e-07
7925,-9.40570754335517,-9.46602638490495,2.2986050478068734,0.9056889807680083,187.90921313499007,0.824015220076638,8.185681651118682e-07
7926,-8.644023519049798,-12.399577301826449,3.4270016711831364,1.2534465866739444,245.67402992664614,0.22157420918861437,8.193224339328856e-07
7927,-8.778843016441645,-11.266175365263463,3.2966549942060275,0.7740965464913878,178.6636921772471,0.40823562789027523,8.194132771404568e-07
7928,-9.892578710481462,-6.482112834894414,1.056583495338436,0.9360024079246211,307.6690999209257,0.2630009886648379,8.209267536088143e-07
7929,-8.870375237365963,-9.715568749734153,1.217231889016197,1.8268720327310708,467.61446117738853,0.43234974832383966,8.212667896898245e-07
7930,-9.20173836004463,-9.5861746289819,3.667246524360762,0.5123715228502302,109.65312938586527,0.4271627855336666,8.228037445434972e-07
7931,-7.843416829252046,-12.903948924936712,4.916643036943162,0.7815046085177856,469.95965346825324,0.19583248609428416,8.231815499512974e-07
7932,-9.646813563928724,-8.52704111821625,4.643009554606214,0.7292605176197663,193.40079846597573,0.6258623281761233,8.241745301775107e-07
7933,-8.711500896083267,-10.336152781386195,4.020319972333524,1.6626280079021907,427.39410533872706,0.5421296345359439,8.244548415159551e-07
7934,-9.475810903323966,-8.923084754760648,4.220331977253483,1.6905781992697413,397.97785747767676,0.6124585059097649,8.25059028964615e-07
7935,-8.729861670818954,-9.542405991129487,4.697224378933808,2.216277057163636,427.9820310347754,1.7039983368603684,8.258148476942295e-07
7936,-9.337172279842887,-8.514533601527592,5.092224297000988,0.5135534147766762,161.97103826860192,0.527981880204826,8.259284905064149e-07
7937,-8.691500892830787,-12.441269945882246,3.263460495949954,1.6161875736843827,467.6904189040512,0.35532642275537274,8.268541121723353e-07
7938,-7.942839792878344,-11.553295597366105,4.917492287455074,1.595046915736821,468.72907101010384,0.8373725330749879,8.268786895761707e-07
7939,-8.789413871450597,-11.390205835498284,1.9728525081778256,1.7441902973456942,373.80761321718154,1.0694619682072286,8.286076458789151e-07
7940,-9.525855035449029,-8.907344055261317,4.161719594898777,0.8020575087123754,187.16065401766843,0.03454029313145757,8.290882408994423e-07
7941,-7.963003138425506,-12.2874288609028,0.27269723167877574,1.7197867929068757,369.64010019128585,1.5553070592593494,8.293771046844193e-07
7942,-8.39085790235568,-12.439953615437911,4.035981296041156,2.084628086877076,415.1511924797353,2.066320268016902,8.304206169480219e-07
7943,-9.843995772783389,-7.771588811041201,1.2208593513403294,0.6924103608446728,145.35957592603773,0.2607037635330931,8.305252157258227e-07
7944,-9.43744832610728,-8.713020368811645,1.326946516726015,1.8283660204013548,445.2035266888714,0.44763126369816764,8.322934840970973e-07
7945,-8.80154594643035,-9.72562338729495,4.36531046131206,1.2635590155413945,276.5580635132691,0.08719815449339663,8.326923160583252e-07
7946,-8.770341085910136,-12.471536389697057,2.849542469395087,1.2331223139185696,269.1570639073296,0.39667372180641447,8.347618430291116e-07
7947,-9.738858105235586,-8.233973190351112,1.3181296619352614,1.5233909830940577,467.9774360556009,0.4251669716539288,8.354510709031701e-07
7948,-9.61803479311752,-9.036323221528075,3.7242448074811314,1.5623851204642007,365.55432779980055,0.52475767311289,8.364889868401001e-07
7949,-8.944193329860624,-10.754851473021668,2.841161676022983,1.8535312402605912,467.5994569261882,0.4538272167176576,8.387000660545838e-07
7950,-7.860818704608034,-12.528487987110465,4.910103147000716,0.7930428471631275,222.11164157286478,1.1883266821291993,8.402108026647449e-07
7951,-9.119320336604689,-9.466851162415958,4.031625690048978,2.2667893065101294,431.14365218893596,1.3473104783983159,8.402807889403864e-07
7952,-8.697512642974464,-11.57513270238875,1.6792766010961115,2.784866730289942,482.1681117522647,1.713260248023162,8.415233495637575e-07
7953,-8.669255056694338,-12.350889306296756,3.344762106189164,1.035524458069394,147.79891367247853,0.22575427992073038,8.418274143874771e-07
7954,-9.158301232751095,-10.037440160876592,2.7209778661223214,1.2375309033299255,270.9361141747043,0.0814547189011412,8.427864949545551e-07
7955,-8.749057350774535,-12.83752207703502,2.913309273486484,0.8520562904165025,468.05244299236824,0.41677737828430406,8.436077761842833e-07
7956,-9.650021585414231,-9.15517737449213,2.3772591914287307,0.8984442457741995,181.0112699627597,0.18374029843987483,8.440941538168227e-07
7957,-8.792878980742913,-9.789097035173894,4.310280436940459,1.4476576202447662,266.9568215499373,0.0362888155790273,8.442723913706062e-07
7958,-9.527185583979316,-9.257015416237655,2.252982256165156,16.140462062896205,585.9259315605394,0.07634092211262455,8.444097775365873e-07
7959,-9.301022433732847,-9.363221480305516,3.7819598152431126,1.4627121352678916,334.3950983886348,1.4394218592743604,8.451993287571118e-07
7960,-8.69358649961399,-11.06791300259544,1.5095306082278404,0.8757701703232763,468.78228777010713,0.5651935701452997,8.473429845410247e-07
7961,-8.087362333590399,-12.793527383532634,4.548073944013467,2.850928772301023,484.12767691847836,1.1391603727728148,8.477076641069815e-07
7962,-9.352523145034334,-9.630012318860159,2.8554709158714853,1.6330533223929564,378.9936908092851,0.7942004234703761,8.484049610390654e-07
7963,-9.189349268716485,-8.969194488301978,4.6248964383105635,2.87537868648485,488.33150054412414,1.437230337126338,8.490746113533259e-07
7964,-8.324781916995859,-12.594438915194866,0.6552563981058811,1.0827792963818008,286.8266713162243,1.170428042641321,8.494455375369071e-07
7965,-7.696646510155487,-12.673944949605255,5.113814539715634,0.7742297461947828,152.67846065389335,0.031136226060881178,8.49903696430657e-07
7966,-8.929986411513212,-10.679788675256978,2.2000238909663206,4.395459589377624,491.97027996184414,0.07337122840416122,8.499749512125295e-07
7967,-9.144944869004371,-9.853871060997562,2.077756249500283,1.194981915365143,251.46585845955474,0.3935611818213145,8.504278817770419e-07
7968,-8.661764473231969,-12.960550202586683,3.290247100764505,3.8955816814541633,555.1071187724475,0.5750723157185584,8.507395320917484e-07
7969,-9.015505846376733,-9.725596346590292,3.910000539803389,0.8607280956797407,466.38493025090054,0.6468029255695837,8.509954554471397e-07
7970,-8.311705476425436,-11.972884819638136,4.235858304915126,0.589583796676374,186.27895370565193,0.3889595622270283,8.523552286690616e-07
7971,-8.469473653532235,-10.251003568296689,4.540951015961152,0.9084165748698592,469.77134747349953,0.11912510106642227,8.523960823882007e-07
7972,-8.954709593881692,-9.363439255815203,1.1154493095930564,1.3867570260068303,315.4474598317399,0.8609043855403309,8.525686825193624e-07
7973,-8.72883740277532,-10.96793823269114,1.5787284296481343,0.6946059500294387,467.436838179188,0.4801934915581674,8.552172143703523e-07
7974,-9.767695504738107,-9.063739698485875,2.5345233767757147,0.5186138857931857,108.4432271593644,0.05152561322797755,8.554749854224185e-07
7975,-8.364085792049622,-11.153768354705104,0.5414827542161668,1.7694856319913639,435.46609478324064,0.535595786264567,8.555504222022101e-07
7976,-9.520809213306883,-6.304552808457069,0.5874715948373476,1.357648971210351,325.665260833607,0.5458210405847144,8.559531617409782e-07
7977,-8.68499116744793,-9.548683883626909,4.756172753650563,1.000871872698998,467.2107528666985,0.12965339958660582,8.570022088323723e-07
7978,-8.602485890979112,-11.55927402112623,3.687557247098674,1.2332838222695615,257.6323447427611,0.1609202707470354,8.571409105218269e-07
7979,-8.560876228268732,-11.187420037145563,3.901690403852519,1.8844228939615577,469.368512925088,0.03896006921070505,8.574663944779516e-07
7980,-8.311282060080377,-11.055402124745981,4.4387631458617705,1.0268532176565648,468.6040828381902,0.4196058406674563,8.60510719766216e-07
7981,-8.829761283141973,-11.60851733273498,2.716781359711564,1.6170936436557743,345.9623743236413,0.6163545091304075,8.611203825698087e-07
7982,-8.637144253714347,-12.144516353028207,3.4622435799347664,1.11209061354746,290.834380315012,0.7104489658056901,8.617050875942609e-07
7983,-9.697521895865068,-8.9768642203631,2.0950569824005645,1.2470333077103894,468.7892211761867,0.49387846342480124,8.623776875460241e-07
7984,-9.56397799053979,-5.245018416040723,0.5889296816020766,0.9385078452048252,248.0194431915209,1.3265631428503442,8.624156118042081e-07
7985,-8.10179897551125,-11.661280805087399,4.644558487424289,1.271397605678523,313.0500580692146,0.7128212462387333,8.630263185643531e-07
7986,-8.726801140013412,-11.605950995825493,1.805362588881709,1.1107863071754078,282.24805398223447,1.222723681756123,8.631091458141035e-07
7987,-9.08136389562052,-10.063956138797206,2.1429720013762967,1.7218456102191775,408.2340781050439,0.65933232648917,8.63464006669209e-07
7988,-8.80064774605577,-12.081951200463019,2.550053830751968,1.8010009882240134,469.93944272250354,0.1653927174408727,8.637839540207799e-07
7989,-9.296544004432624,-9.699060955111317,2.500732490385718,4.6405693193905675,275.98078754440803,0.2915337468275121,8.645652205548678e-07
7990,-8.79503590817153,-12.187078717580322,2.5105654971390075,0.9486723322132575,266.9302087544532,1.694775226312319,8.645754068763437e-07
7991,-8.48941136529306,-12.56153877284688,1.2825829055005218,0.841223984757048,469.447187800085,0.0014672283166934363,8.654895314020291e-07
7992,-8.963838246723679,-10.507985259834843,2.203163795333964,1.6585060361012618,390.8698338620825,0.4856991904551702,8.66935877749842e-07
7993,-8.780870658175065,-12.426320641226305,2.4386890213604433,1.1376917428744489,294.2398377156412,1.0010201747557383,8.687313807826795e-07
7994,-8.941217893319987,-10.184966966733377,3.5517443620878435,2.8505345052167828,485.39045765720823,1.3184696218077958,8.69036989326725e-07
7995,-9.699209640330466,-6.90253383441494,0.8607820283994448,1.2259950574122045,253.27074775156942,0.6652640642430612,8.694251954319537e-07
7996,-8.845658398345961,-11.161002567851384,2.159700698806973,0.903456461461187,469.1437401811015,0.06699609420614028,8.696934783382871e-07
7997,-8.714561394135693,-11.253777627097712,3.4747337443152087,1.3582334863654395,315.595515395829,0.8369764449080899,8.697011339443096e-07
7998,-8.773066699491,-10.98582824562789,3.418150793376618,1.1314842174425082,284.0784829341145,0.6656821035641043,8.70748130397129e-07
7999,-9.214167035518873,-9.876873321246663,2.857324801420279,0.769086035261212,468.49704650708543,0.2986650479689228,8.752916960663065e-07
8000,-7.917914334089658,-11.1077699919107,5.043226035330379,1.6933542309016854,397.7288265660262,0.5326110282747409,8.764726207365294e-07
8001,-9.95791990465003,-8.246920174843222,1.4945158106216108,1.084841459541076,467.0044491917983,0.6199345245187198,8.770295934621682e-07
8002,-8.443147455989022,-9.968634938514132,0.42435705900162696,1.173571104732025,284.4017720561675,0.37105540800914216,8.775404425954494e-07
8003,-8.33221666159179,-10.83537733157818,4.47371827939262,1.760866200034149,365.1464511426474,0.6417751139673049,8.777764464156153e-07
8004,-8.971328494358522,-10.50093967882845,3.0261712961109715,1.4371869652304008,305.7939470335251,0.1267500399787549,8.77976415005668e-07
8005,-8.112929683309234,-11.781184276221335,4.600447182643263,0.7631738310911125,161.11542879807186,0.1395574831150883,8.786476509141754e-07
8006,-9.10200766230627,-10.150977597274215,2.5381439353603907,0.5533293945753487,168.02060332108607,1.0971571709085692,8.80796188374723e-07
8007,-9.201084625441702,-9.568404684177189,3.6569104470614087,1.6626935438846864,356.4426100758418,0.711818814988936,8.81399663993568e-07
8008,-8.4504084700953,-9.952200591526143,4.779758819756297,0.8706958714411561,468.6449486099344,0.32891211048893076,8.837615502264265e-07
8009,-8.911968871716454,-10.889977558674085,2.785123286613772,1.7510738858240915,414.48760526124255,0.5187285028674831,8.840113080889124e-07
8010,-8.355241173520177,-11.79571354187156,0.6421094078220742,1.0312257767325748,203.58149532110284,0.7080546351247268,8.844203532291659e-07
8011,-9.064727897942337,-9.529711555211993,1.4635669056651868,3.5329752151971805,244.87875682700846,0.3239907249048146,8.86104676534524e-07
8012,-9.587061259758142,-9.222364152884971,2.407360399939469,0.6978079782560738,169.51964209028085,0.05350982852798136,8.861330630725357e-07
8013,-8.64166730032324,-11.70016396339352,3.5312804817890324,0.9997798280172056,270.16348631699697,1.5761887031859345,8.863417419672283e-07
8014,-8.720056914403452,-12.671014018544275,2.008750277049271,0.7839187802905573,469.5568257961503,0.22864435850025977,8.875921691138164e-07
8015,-9.953508064416933,-8.91617679451645,3.02026077753144,3.5063593559609063,536.7329168254896,1.1772468519980768,8.889325450330533e-07
8016,-9.501580863653796,-9.222014252187062,2.1239234763538364,0.5431546446637963,120.05231373678974,0.22747130828760032,8.918823110856388e-07
8017,-8.948172993442475,-10.506447885627644,3.1247292441537606,1.1028168945902526,466.1298516101625,0.6944659221696652,8.929192830274711e-07
8018,-8.386450136557901,-11.280592371410474,4.2178831334945635,1.8628004180646736,459.4314794997491,0.09148533157384087,8.929883241319315e-07
8019,-9.812148169057698,-7.1420612450365155,1.062162313480494,2.027347813830727,406.7383759708107,1.6134251626311622,8.932461769223051e-07
8020,-8.855501783450048,-9.18239053048641,4.87400165359156,6.994435851006513,280.14704557747376,0.3545988703001406,8.933403986393522e-07
8021,-9.553525328991983,-8.821221068280678,1.610211956153944,1.6554277261086905,468.1205145377614,0.5063872358446107,8.933514545132193e-07
8022,-9.277382587024825,-9.200640514213774,4.081175677375653,1.005753993695831,467.5720142469419,0.9046840781226448,8.939081050582502e-07
8023,-8.886068410644064,-11.033456234513594,2.4130359734386375,1.0824577465681426,281.5049533235608,1.4780400742947242,8.954826244609775e-07
8024,-9.401418575023376,-8.615942200568584,4.810117885405939,1.1042929593808852,161.96571253477853,0.2045690482223126,8.968855536224824e-07
8025,-9.08811104973361,-10.143339935230394,2.3821467418457294,1.883252097163275,452.57592834394603,0.5795145814349123,8.97328604203803e-07
8026,-9.812325763175009,-8.11745691732621,1.3242664943283642,4.054578306460314,572.5433133268758,1.0045766236154305,8.975999425158997e-07
8027,-8.807697232818487,-11.758047007728305,2.731850594021143,0.8734626999270879,194.14719759633596,0.3151828109245409,8.98455417803888e-07
8028,-9.476437017386441,-9.354178080553398,3.2263882445874357,1.5249627925156297,352.5859612901904,0.837012597819089,9.010244975735105e-07
8029,-8.973545752275275,-10.594046210089935,2.722366245258075,1.6888233770437813,467.86061031476584,0.4066171967880159,9.020120710014024e-07
8030,-8.679628836895674,-11.740081086587162,1.6864679748367963,0.874021583060256,396.9624985628293,0.11154731608391177,9.024938428944238e-07
8031,-9.854924758330002,-8.805581791904732,2.0905574954901267,0.8743610073920948,210.25724025234754,0.8362686549601124,9.029985472626765e-07
8032,-9.674339362481236,-8.202166040168596,5.084627590466845,1.302383789716994,314.54053301250804,0.6560131717577651,9.033574067711296e-07
8033,-8.759884276422435,-12.429998602873518,2.8237909301200528,3.312547736418703,463.95474956646945,0.1739512941886998,9.053950643971604e-07
8034,-8.79023592751272,-12.025080368966181,2.363988916639773,0.6673827944754224,467.9679376353999,0.45553414772584766,9.080080560288323e-07
8035,-8.543221139326638,-11.368557905060015,1.2641690933661207,1.3102748038545862,260.1410101318081,0.03642221612922558,9.09298433935973e-07
8036,-9.497143221036675,-9.35680085790585,3.099219675691696,1.2630682863151999,468.5085159105662,0.6585461912866402,9.094726688867409e-07
8037,-9.185084065908848,-8.960362355077155,4.614341637409483,1.0616348032826117,468.33498931314324,0.5117146467599989,9.126553947095288e-07
8038,-9.610018929431599,-8.973677763919607,1.9374124010139333,1.260566322583077,304.40524245834894,0.6235390905088716,9.142315991524284e-07
8039,-8.249764767494533,-11.684859023192654,0.45713725734909655,1.7633367017925043,425.74712015136066,0.4302140883358918,9.150145083738371e-07
8040,-8.828642802124847,-9.159807013196993,4.941954134984339,0.8044291813708748,173.69284678129924,0.09737300588436337,9.15209061505932e-07
8041,-8.766907538187176,-12.527998440993866,2.3724161727042445,1.0790368508970898,145.93093400535625,0.25440966123502484,9.154387398793608e-07
8042,-9.86847159238336,-8.454427458126336,1.6115863197266131,1.0201655538032024,230.84695921305573,0.11198966446324476,9.155449022768331e-07
8043,-8.299382590374323,-12.821121306395193,4.147899150368852,2.2193528318153324,425.2668579633119,1.216869210747082,9.16340895652303e-07
8044,-8.986733056377222,-10.487804999715287,2.8634598657198453,0.9648188912571184,467.4719671312285,0.7840476791651954,9.183774119140512e-07
8045,-8.459998806620977,-9.847364036928543,0.41776618494684276,0.6734620170743676,208.48898032371062,0.8609153962283651,9.188465706089128e-07
8046,-9.062392314302059,-8.762034136669014,5.101607689907973,4.0370209072520735,553.2463836007933,0.3039034907061513,9.21171313218599e-07
8047,-9.913797868218168,-8.479261466582617,1.6919912714340637,1.1354943014520846,296.5377922198327,1.561030002601325,9.218881675616778e-07
8048,-8.121371208584073,-8.342900604537466,0.1730115577076985,1.748754037913346,411.7923709502137,0.10514661939511605,9.226589968006728e-07
8049,-8.929513128933099,-10.772162398193414,2.756931248808472,0.7918252436383175,234.74367915301715,1.387272793260692,9.228568291857198e-07
8050,-8.82870626686085,-10.05859471371252,3.936011215933625,1.0941857901258956,282.09965484790405,1.265891890821469,9.236995476200259e-07
8051,-8.336250344024778,-12.778611362669782,0.9174479677470307,1.8394043129208728,469.6169966407331,0.0045048442969699565,9.24288476085681e-07
8052,-8.483768721871288,-12.263896032315696,1.266375757381944,1.0322477565386254,256.09157708904746,0.8046372303610481,9.249041675440198e-07
8053,-8.758872242315626,-12.14076491202993,2.1727190248340116,0.9196509051121339,247.44509479617597,0.27576139723915283,9.249118663259047e-07
8054,-7.769218926167422,-12.486071062374261,5.010442077212831,1.7325635215373294,408.0155476752628,0.500521553126478,9.255092446866083e-07
8055,-8.074011307627693,-9.590802139263388,0.24123374610316606,1.3377412866106382,315.47859494235854,0.428047649453144,9.255260121241016e-07
8056,-8.436510976292858,-12.77828558505105,3.8678000209940913,4.896936362568286,307.63406463142644,0.20721852114449835,9.257203612565472e-07
8057,-8.868677932948346,-10.529613259535843,1.8411919634480771,1.3900195797834944,305.33914382000603,0.08804109526645476,9.25954228062287e-07
8058,-8.074660881376996,-11.852338746703827,4.633562536945676,1.1967012825299437,307.86804678386494,0.5556148460314532,9.290298646832836e-07
8059,-8.676678555955025,-11.059653243131443,3.629801197829555,0.5548322147633213,155.56599557025055,0.7751172232952932,9.294448481392077e-07
8060,-8.909722519511194,-10.497050434960686,3.269981740808689,1.3739622901401582,299.96003281809243,0.8778237814123946,9.300530377105363e-07
8061,-8.784428130517343,-11.653521670415213,2.9668290405740323,1.098602528191638,467.79212935821204,0.91290847416919,9.307046864105411e-07
8062,-9.96151216372495,-8.586162366184219,4.04080712874918,1.3779581809890622,301.9431173684699,0.5542926326599513,9.328628745416552e-07
8063,-8.995782530197088,-9.06317627157079,4.776394081746221,1.312913743070717,468.94208938800193,0.8749223971001276,9.33141536541785e-07
8064,-8.694978602973915,-10.780852976017918,3.7188317200737195,1.2406584524062814,467.66315036124365,0.08632387334079272,9.332247013366332e-07
8065,-8.885995174185402,-10.704663572305334,3.1504205617539527,1.039555846406749,467.81661136720885,0.229092296275625,9.340371361899294e-07
8066,-9.850505548291952,-5.621451023715297,0.972129726331267,1.7059939102297201,352.8290965204255,0.5115307577340618,9.361548704510993e-07
8067,-9.576459058875516,-8.474714257219034,4.771834304649547,0.988889408601237,273.5924966666624,1.1230646892893494,9.363512448924952e-07
8068,-8.152348609139699,-7.5319318834014695,0.11601005196338635,0.847601883344749,171.16058598887267,0.12331715396960163,9.364820747697327e-07
8069,-8.575446895729275,-7.739223549513676,0.2667671375362816,1.8014477733412624,380.8992788210432,0.6007068618061346,9.368066828929453e-07
8070,-8.36283038886143,-12.117683285141737,0.8049519236334514,1.62302855784733,467.9314807351712,0.678206697199637,9.37190593609918e-07
8071,-8.782041515437962,-11.537666635118367,2.0795290574976373,1.5697740052230704,323.9423534981827,0.4412162761174452,9.377327665887946e-07
8072,-9.863379467701387,-8.69413625016837,1.9280071696139611,3.944085523812625,207.31494140600742,0.35958825338833744,9.378081232051906e-07
8073,-8.776477771410091,-9.321988611904864,4.821876450679648,3.7458425497643524,541.802688197556,0.44650640998666713,9.38060603115289e-07
8074,-8.993494432304223,-10.316139950402555,2.171856742522655,0.7612624212874934,468.2351323426866,0.5209346990193753,9.381924536023792e-07
8075,-9.575197008051388,-8.1411099287166,1.1531569534538177,1.3478474015194344,315.0108161268337,0.7517186052809759,9.386974330156031e-07
8076,-9.05553124432441,-9.533588332192815,1.4625541065190197,2.266062384168427,432.4479308647844,1.6961410697139705,9.404014275114982e-07
8077,-9.615115045889466,-8.891534565546742,1.8307716012120219,1.1492511412754143,296.5472177421716,1.9298481790688315,9.41040621244044e-07
8078,-9.79846136269414,-9.00850934238451,2.5430129997003474,1.3486380517966263,299.1170510783493,1.0002990169821562,9.412636965249045e-07
8079,-9.288728692238283,-9.618890106198139,3.2048837824233023,0.9116184577345006,257.35205437804495,1.2693818060065833,9.417394520997239e-07
8080,-8.724860950094126,-10.317679539851309,3.9445774414532218,0.9848173688683977,269.64184197128753,1.7825225692925653,9.445106053497983e-07
8081,-8.801008221823935,-11.808908674144535,2.6482300805376875,3.177910367622806,421.7714903251755,0.06352238107460284,9.45249256780049e-07
8082,-8.719452807353445,-12.915024463701688,2.9549559823228053,3.3332600563422026,512.4114639731101,0.5563673008611749,9.463422821874833e-07
8083,-8.590909445061424,-11.360025006737771,3.727686671764894,1.5485003266300916,348.1033721052897,0.6950556249710074,9.495081088344052e-07
8084,-9.808246160563861,-8.16471042970039,1.3482426143733812,0.9381512934440889,469.43647797030167,0.12324658366431507,9.499091772062099e-07
8085,-8.66785460047469,-12.383382646332384,3.2616824345237063,0.905385492944205,234.18370961966593,1.1604139349979956,9.532100711689579e-07
8086,-9.586731270943696,-9.247560603352872,2.995887453357123,1.014299861018294,275.3351379775446,1.2838527450272768,9.533344829157883e-07
8087,-9.173916000135224,-8.935092090046606,4.654072304055032,1.6133606859507408,372.46897885944827,0.004780225018508055,9.546290285041652e-07
8088,-8.766052778428893,-12.053136459773217,2.2331167685650333,2.961630377200038,468.027712641168,0.33371530389718096,9.547197780386252e-07
8089,-7.832551745864019,-10.93795885161294,5.190244935990934,1.5022289597008216,339.627307933266,0.47519931994287123,9.549024488107593e-07
8090,-8.188621219652859,-11.4289485480998,4.514654163043135,1.1954889613002184,467.3797974534,0.301543245672514,9.55139913209277e-07
8091,-8.333758576387245,-10.754657780365259,4.474849981138842,1.1657378570510646,302.3194952010808,0.7722768689742212,9.556957552354925e-07
8092,-8.188939024677733,-11.772850464414933,4.447198077196329,0.8493451368180878,186.99687971034135,0.4414499591939789,9.559843028740855e-07
8093,-9.069313805268841,-8.938196716961205,4.824105982230127,1.8221654755384322,441.99716002991386,0.6431450943276618,9.563956202010605e-07
8094,-8.617705398587452,-10.674475890100425,3.9513886116528028,0.9010925195618132,139.45802647899464,0.31706312117650715,9.569260841800829e-07
8095,-8.943098390936596,-10.457058138127813,2.1101515767144763,0.8473619621285131,181.60471860254006,0.6343488547559035,9.576350258664373e-07
8096,-9.470420654155847,-9.06202454061268,3.9025770721203465,0.8919023580368657,185.66753183322132,0.8803184067504422,9.57946072180244e-07
8097,-8.952446231996364,-9.209848182433749,4.645384046946917,1.6348943182419804,360.4191447530528,1.0748614783860821,9.585490082443696e-07
8098,-9.799096208489395,-8.637302885926815,4.15662875057974,1.862202434268884,461.23957076526796,0.4301958782837563,9.585569792559756e-07
8099,-9.635966375027618,-7.6368905921071235,0.990587924888968,1.8939240812584337,468.43962804892845,0.40807937445145104,9.592605181945402e-07
8100,-8.619689092708771,-11.198626368393988,3.705703820377845,1.2233113110705014,311.41262470984657,0.31490577579603407,9.616703369931237e-07
8101,-9.033663761222547,-10.275175493257434,2.9276588551908875,1.8300550544644523,468.4418740896218,0.6866201190681904,9.619128337763075e-07
8102,-9.880177895141937,-8.960505375834583,2.8045294842216246,0.9456939983743984,195.6149398335526,0.7778293325078414,9.649812711898917e-07
8103,-9.649973168528053,-8.961441977185169,2.026378149664946,0.6191440504585259,131.83675209038563,0.8618620404230688,9.65164718065091e-07
8104,-7.964292009615148,-11.356385362867272,4.8850614181406895,3.7384495901039143,514.0294953971774,0.2196820613246171,9.656870873717905e-07
8105,-9.384274021707848,-9.269531168637553,1.9494891074069287,1.3616319596976971,306.7266654569605,0.022519186818235504,9.663174988010097e-07
8106,-8.68467971071586,-10.57018367889108,1.3298111673056634,1.825931146149496,433.8102307772534,0.6199284346258631,9.673327322655774e-07
8107,-8.755383060287008,-12.739380044189272,2.481992910766019,1.6888696315535272,364.6647442134552,0.5113518990970505,9.675653130896753e-07
8108,-9.54672430791649,-8.587497535202056,4.612669926042892,2.4187813088812113,446.3273375074469,1.4362899459994614,9.698679329710553e-07
8109,-8.755705806163865,-12.714545302210082,2.4829559678202924,1.0060847718656305,196.43211684739052,0.20783025069868266,9.699871021668242e-07
8110,-8.750787350580763,-12.84057315688236,2.6312207301385024,1.2502350750938325,278.8330934754893,0.09779085744723037,9.722038625811432e-07
8111,-9.453713848512313,-8.687114737492553,4.5862894758234845,1.8914328264894704,469.0568745337665,0.18072211129236138,9.742496547834301e-07
8112,-9.02756783010806,-9.700129190548239,3.8412974410073026,1.4408150811398226,468.71191732165585,0.464603513939287,9.750694412442284e-07
8113,-9.034734196041999,-9.357990893242619,4.280651218008923,4.461773501382376,591.3378972707613,0.5715755802770337,9.790024625845797e-07
8114,-8.265841914746842,-11.43933143324238,4.36788315962812,0.9040125115860244,143.38541914006615,0.23639656201300685,9.801173627281875e-07
8115,-8.619965480785734,-10.115425899185867,4.299774928598816,1.7599375027673358,417.16134655873674,0.2338319379595415,9.809902112120655e-07
8116,-9.749657044674668,-8.7230400297706,4.055267459790357,1.5843678572069304,468.1082689141094,0.7355531221764151,9.810656435095486e-07
8117,-9.880450745823868,-8.78652783721176,2.1353738117936003,1.2327178803769128,266.9137583993192,0.1912142862252395,9.831166887713132e-07
8118,-9.79521906966297,-5.674319175647567,0.8979944224834895,1.0329199214859646,281.08823462239184,1.2183835919594204,9.841131467037388e-07
8119,-8.506821024455121,-6.802424108446043,0.1689499607156129,1.202248221623985,272.68111927105144,0.3751523310548768,9.84213099128116e-07
8120,-9.044390327856332,-10.15725527349056,3.093248417414125,0.9736007284311742,253.62790351770448,1.2352624830025265,9.84354124966704e-07
8121,-9.455987281964223,-8.40884785390869,5.020007887246297,1.541710089614183,357.41898846916416,0.7136096152661047,9.85429975712936e-07
8122,-8.835545412145146,-11.339454960831452,2.473338797739162,1.6784444688767144,469.21498119890015,0.631411434127723,9.86732621481647e-07
8123,-8.822157705333039,-11.465549595014194,2.657189423063223,1.831625499736844,468.30065089424346,0.5678145908870862,9.869293024432907e-07
8124,-8.454888368225848,-11.45830757453649,1.1261454418569297,1.0892326883231849,127.614210610833,0.3232824322348682,9.879214818014228e-07
8125,-9.077553226698521,-10.02837169345225,3.1722340649201626,1.0658342135475916,256.2761942086277,0.10966159071068038,9.881790770504047e-07
8126,-8.784324967617337,-11.897309064956481,2.4163670039537815,1.8201022061242382,469.2345235963297,0.5944889823486887,9.883227854760407e-07
8127,-8.417719207741474,-11.903796374546488,3.9816438422394476,3.183613456615403,514.5200559529784,1.609467849242967,9.901930075338374e-07
8128,-9.01699621341181,-10.299779704458627,2.347261712526468,1.3313184733725907,322.2756358787697,0.24064372018425573,9.909064630226695e-07
8129,-7.877814483595127,-12.44083480060192,4.846286308462739,1.568524882003315,468.5580583756596,0.29864141162708346,9.909614390212393e-07
8130,-9.398925218706193,-8.745251132143128,4.568919082671579,1.1367354095793676,294.44041670997177,1.6417701210237121,9.910168170846853e-07
8131,-8.298735976238712,-12.638703860717603,4.135364236894694,0.9206710443923527,188.20941877349915,0.14148656410746252,9.912925575245221e-07
8132,-8.577588167175604,-12.681019903838203,3.490912533878258,1.876047150586554,468.4868071905786,0.6174384944429905,9.91303613733296e-07
8133,-8.870996912698258,-11.064188772520776,2.6399455243502445,1.8039031245774002,469.9298328858471,0.09421357319675483,9.913865870299385e-07
8134,-8.776890358918017,-11.842985434826208,2.807291263028251,1.0410014719577503,281.5479499195563,1.1340236921738116,9.947091278072514e-07
8135,-8.765799553582564,-9.337782971291393,0.5756738545083189,1.1139617586115764,467.41948671953367,0.6584854644278311,9.965632068055458e-07
8136,-8.405009976481479,-11.241441398060989,0.6685105644908723,1.0769667553191364,279.1912261399152,1.7900009821163314,9.9703704119346e-07
8137,-8.178464466644709,-10.43891578488531,4.8763374891728555,1.104283641756903,271.1407430326542,0.11584516188929239,9.97313788291818e-07
8138,-8.113851368434682,-12.510013563343847,4.472229946922073,1.9789077359051175,383.7027362754189,0.4607973395478915,9.982565233015492e-07
8139,-9.888590821502044,-8.74164469224775,2.076326530242215,1.6548369886807919,386.14115956675664,0.22728134650646403,9.993548284697886e-07
8140,-9.601873973916796,-6.645049438588406,0.7062978896769974,1.7622618022864533,462.1165492277668,0.6898497014041451,9.99860621113393e-07
8141,-8.333995547630682,-12.771437759062957,4.050149616219143,0.9878096909879769,258.83157228576323,0.2004301253966343,1.0020124686241312e-06
8142,-7.681652473449978,-12.981897529720301,5.070746172704143,1.431014650930254,332.1963358529494,1.509643300336534,1.0032694910715253e-06
8143,-8.85067429888285,-9.3256525948376,4.6599067858480865,1.2164115275763256,294.89824313533893,0.3630690413218476,1.0033716324042232e-06
8144,-7.971469034467637,-11.125058990407425,4.920895097642808,0.9371454085982371,188.01528694411888,0.71618409546456,1.004083389250054e-06
8145,-9.28912789567109,-9.564592412418836,2.235191757716303,1.5556751577545207,357.00707253917903,0.3256407361667897,1.0054634648285303e-06
8146,-8.500072509368275,-10.080394928962074,4.5459564812245805,3.0216159265489035,499.40564345618714,1.2331468543041302,1.005466954538668e-06
8147,-9.493511934913752,-8.79819068843371,1.514409823805248,4.293219316310561,574.0352222580303,0.33252878530143803,1.0057148971742447e-06
8148,-8.710287588554907,-12.145150814181676,3.089933469019917,1.1077129759623032,287.4991986237255,1.3184339294818033,1.0076793553183566e-06
8149,-9.999515792064573,-8.788847409956944,3.3719482450776037,1.6403599241254445,383.36735555242296,0.367755497893282,1.0094328619531413e-06
8150,-8.893260230708105,-10.312227724750437,3.462191856132319,1.325853240726132,307.7931669722306,0.1635008164616094,1.0106145651646106e-06
8151,-7.787091042281856,-12.04275814482317,5.003687794293684,1.2194134131740901,258.2485415631714,0.502381534983499,1.0116020812225086e-06
8152,-8.856421567102473,-10.8217162284225,3.0984337021577226,1.751200439565697,468.067732294635,0.7125978507051043,1.0138045876285801e-06
8153,-9.18985915105964,-9.791126983342114,2.303518147587403,1.535687140559089,470.5336368126589,0.04545256233319517,1.01529632390675e-06
8154,-8.988584500386672,-9.570654368163307,4.076233836675879,1.000286716860428,265.12617125113576,0.29383017481825124,1.015739104180517e-06
8155,-8.971234359399881,-9.766963315352854,3.8659327648663404,1.0601781406162645,470.110175949568,0.22235856100375795,1.017400761740725e-06
8156,-8.660596000766315,-12.314703449549784,3.2517860794328217,0.8106339270512558,212.97200473599779,1.317285242357169,1.019038139028652e-06
8157,-8.215790738415974,-12.232479936965397,0.45837726083304314,0.7800787857923424,467.8872458485001,0.34259764521718505,1.022769849083569e-06
8158,-9.497615985298497,-9.075011209997525,3.7757129485358063,0.8695706889766381,234.91104448142468,0.5984252664207919,1.023997794611688e-06
8159,-8.52378861403802,-12.079617055029402,3.692349127320607,1.2446982308886352,312.23981819955384,1.5110106084058108,1.0248112661151549e-06
8160,-8.697954855211345,-10.435209621386852,1.313639374758009,1.566212992769166,356.98384267225146,0.5848874121091372,1.02554895709581e-06
8161,-8.18557747208996,-11.171619697896972,4.561803327056923,1.871621434696695,467.54209231503063,0.28703823110150317,1.0255522596244216e-06
8162,-9.913196627711503,-8.670782838003575,3.872029187492342,1.7834606175646146,380.53519358537477,0.7117106271785127,1.0285402183232055e-06
8163,-9.272860931356648,-9.695113101520882,2.651801446404618,1.1455006792659859,275.25438687518647,0.7192606668635628,1.0287429231558748e-06
8164,-9.941864560453517,-8.846404860873472,2.485246772087247,1.198068812163108,245.4418292591488,1.0517291972091138,1.0288843558596191e-06
8165,-8.745048131353002,-12.059714567917272,2.152817744291436,1.7889616650685434,467.7309367425067,0.6280281482412748,1.0306943402252762e-06
8166,-8.698021919355782,-12.30482081903485,3.0944627832693854,1.234837204339996,270.3763788709893,0.38533719631241947,1.0336234644069938e-06
8167,-7.823106736258561,-12.029854662633952,4.950173166280534,1.0994855754503685,262.15807451511836,1.3946197085892367,1.034532332303002e-06
8168,-8.73880296078229,-12.594667285945894,2.2960517422790945,0.9963850607876639,248.4844997252685,0.5955422727892152,1.0366339534028857e-06
8169,-9.208037230243361,-9.509757274376714,3.6346086626641165,1.1191822834326255,172.62322641002316,0.17614430942006631,1.0371112002734891e-06
8170,-8.215815029332418,-11.41977434310132,4.442130834989603,1.0033333878391142,140.32782248927512,0.2649737766973326,1.0379006138407916e-06
8171,-9.733484217723916,-8.703133760709179,4.088204874991982,1.062641425989785,285.21604116021234,1.491205224263397,1.039499774439765e-06
8172,-8.734228243603225,-9.558544522090418,0.6351570070391749,1.8761696296313108,450.8543078129117,0.24964964086755703,1.0395479594643095e-06
8173,-8.149117713977923,-12.733024762404519,4.381953251045999,0.9182929490865277,227.58796557288855,1.0155452069369781,1.044308824220606e-06
8174,-8.714415381773092,-11.43520284990427,1.7999697267024228,1.808155231017127,467.06040190285984,0.09269951149224465,1.0469548134174148e-06
8175,-9.239154618682377,-9.651991776245527,2.256952392954831,0.9515763784771882,249.74128138935063,1.523826801856008,1.0475978110082456e-06
8176,-8.582387787725835,-12.49225514280931,3.46465169158324,2.027070242549809,309.18548908347447,0.06676705254012028,1.047772887922488e-06
8177,-8.70398792151703,-10.288477161636864,3.9654159867192904,0.9838293426878351,200.71427828513134,0.09098803030390368,1.0482514961364314e-06
8178,-8.417531590814495,-11.529058066263158,1.055964706199643,1.8105388984687603,459.9875826015257,0.6727368335295205,1.0491064258842102e-06
8179,-8.699992325362519,-11.142423588543242,3.45160222353448,1.3411434932381372,292.36448982192104,0.16763182680814115,1.0491823388917427e-06
8180,-8.16416902158256,-10.093843387526789,5.090210237816428,1.0792462064377304,229.42908587779363,0.022234895011674638,1.0497624448506496e-06
8181,-8.476697555630171,-10.907422583436029,0.9873196053934319,0.7075470378341773,208.8927945557847,1.3989103458509193,1.0506546416528026e-06
8182,-8.912001685132449,-10.732596400270818,2.7687862820431803,5.104633327843844,625.3078510698941,0.4314092052744991,1.0513178148959502e-06
8183,-9.084858245432839,-9.927143242097724,3.2717967779070776,4.0969433831277335,371.68331298209705,0.09894543437707437,1.05318041926026e-06
8184,-8.645788534277797,-6.998188978397464,0.22572592263291807,1.0277954299009668,276.98519470810044,1.0012638056390077,1.0556317061335635e-06
8185,-8.486487097513262,-11.589909731853288,3.8640825236148713,0.9978117409123436,466.8697160157015,0.05539383432909606,1.0581476141286766e-06
8186,-8.68329508094022,-12.123891936171475,3.177520313126689,1.8527102195938634,468.3536378130362,0.5188410571001905,1.0586046243231676e-06
8187,-9.216620106256286,-8.771204593007731,4.7897079308212644,1.1831293234696116,468.0040285740734,0.36975278964257274,1.05889800956221e-06
8188,-9.373482964205932,-6.296082275277452,0.47794082650531877,1.8313084126234096,436.9845268701367,0.10727269589122645,1.0607458268523943e-06
8189,-8.92094898632579,-10.395666258511078,3.231129810670201,1.6729729183805344,338.30444833298054,0.18252720329796635,1.0609577639026441e-06
8190,-9.26742658942061,-9.684329499076872,2.8900391888369983,1.7041366130739601,467.8944279038762,0.8915583745926732,1.061286476681363e-06
8191,-8.551415413510107,-9.59722597180033,4.862419006640185,1.266593456939049,317.83773662589283,0.3804891838330917,1.0625391447305472e-06
8192,-8.701613995596302,-11.80474562589091,3.184946736354765,1.2985089885347858,286.27585265210394,0.7112353672242522,1.0625985712992855e-06
8193,-9.675110075737988,-8.321250086418523,4.840172620502614,1.6264286689313596,385.91295169736236,0.4643624478494761,1.063333941565282e-06
8194,-8.470794530936086,-12.28120970599906,1.2697439437876181,1.6989930698178601,399.3401238390028,0.04600826046472317,1.064046717353836e-06
8195,-8.489101247820395,-10.16952452295568,4.480212618609825,1.1901271288101476,301.5183431565385,0.9629368459695131,1.0640467912805444e-06
8196,-8.171194966411994,-10.960852936855957,4.641599171275717,0.7324313069099183,268.84280460236994,0.36856386698043586,1.0640863638959695e-06
8197,-8.226148026340839,-12.745902662473421,4.238788181858084,1.364512268918104,326.1956505300576,0.2300525358056742,1.0652288132503459e-06
8198,-9.728687369134203,-8.914441562780581,3.597570718660498,0.8784137138208069,173.12349383492722,0.15251450664847166,1.065355903316129e-06
8199,-9.23988160436119,-8.556928883730688,5.079548109847517,1.0522038347582878,273.2495775613886,1.542734401778044,1.0666260875880035e-06
8200,-8.192744985587522,-10.58183061575018,4.760538679735548,1.5987791807573013,369.85731803019524,0.22322909456499396,1.0671674514369298e-06
8201,-9.866415513621025,-8.237647743837336,1.4410434108024677,1.4474743871707163,335.0414215008029,0.6381283517188985,1.06750379613177e-06
8202,-9.513649320846634,-9.171666587228954,3.475147331330608,2.5559739972781896,456.68343618583503,1.1188800262678145,1.0707312346076117e-06
8203,-8.078706442053832,-11.18790364851779,4.720533864917891,1.0916190439129694,222.48884080058147,0.12066291698215625,1.0720762452991411e-06
8204,-9.251303978095853,-9.428647029924054,1.8962766037416694,0.9765863712759922,338.8935429090298,0.5216847955762747,1.0727445003448798e-06
8205,-8.79807859224448,-11.029485839548437,3.1464111704722595,1.4503366036863024,327.720552482293,0.17815066621033715,1.0727844526580267e-06
8206,-8.621719927165024,-11.650273357537799,3.496692172975828,0.8789550810155768,468.3340576258868,0.8187883415611603,1.0733317173878205e-06
8207,-8.763212951296778,-12.101038925487156,2.501238003491092,2.535539833548537,308.96915296476766,0.05422929156771872,1.0736286932123312e-06
8208,-8.816117939717017,-9.043108546100175,5.0572998125709425,0.9160080097181605,260.36536881878095,0.5731177529956017,1.0747188972991832e-06
8209,-9.98774738986933,-8.258572565604045,4.5587758255079045,1.1205365010081436,468.13254718699096,0.4997041531135258,1.0753856654621845e-06
8210,-8.28567531045057,-10.60568990086317,0.4036118004258485,1.655194622074684,390.8212812897861,0.3547784801570666,1.076301277234514e-06
8211,-9.427228621904229,-8.808225482330876,4.37835358300933,0.7566436679568466,227.83899985268218,1.359055928934347,1.0793624798936985e-06
8212,-8.626263894684582,-9.94087825718898,4.393128139997324,1.0912445129651753,291.11079267502237,1.1428008224773425,1.080966229123292e-06
8213,-8.57079310297117,-11.38127351441168,3.709799300402054,4.932953706834674,613.6249548274957,0.3189754077048974,1.0819383463262544e-06
8214,-8.454244806205516,-12.667271752908475,1.2659701142127628,0.8278268126584761,201.20194155366266,0.2120803904676647,1.0839760133076426e-06
8215,-8.626983823062833,-11.462497373059767,3.531232596746891,1.3398516551655517,323.56572882449973,0.5358522419064,1.0842221878909993e-06
8216,-9.757020426080883,-8.789156570665051,1.9764527084279842,0.8106782824871115,237.7433255989172,1.1564868661762544,1.0845007277170627e-06
8217,-8.236620520065538,-11.858260255593573,0.4639518450955289,1.6416187061854017,336.3093017002508,0.5986919646713398,1.0856066289837836e-06
8218,-8.812667879751228,-9.893823052896101,4.056956224605807,1.5089025097927142,348.73762216473943,0.021855487609733437,1.0857847842951036e-06
8219,-9.322441936104749,-9.530574976182884,3.1275293557678894,1.5132699046448697,346.07363628689853,0.337129539264156,1.0861942387519113e-06
8220,-8.635943943609028,-11.33161045239407,1.5081714394318977,1.0121818987697835,262.231311381643,0.5005913354922269,1.0927952550604432e-06
8221,-8.740773894990095,-10.653463814495582,3.5871008094308423,1.3935721442252895,329.7471310717634,0.7443486470167366,1.0934293278837643e-06
8222,-8.654960932239188,-10.44812646529576,3.943455408474628,2.462944019778015,444.08015932079684,0.889034423458793,1.09534595610724e-06
8223,-9.972262583386263,-8.846797748080895,2.712844985202722,3.5333309903415437,365.7647799399569,0.0459006618455895,1.0959774401032132e-06
8224,-8.352364553019692,-12.307514212517598,4.019431764905652,0.6145924322221759,181.74569535610948,0.7277260092065525,1.0974259945470464e-06
8225,-8.769558078980273,-11.374477596310978,2.0612583519294225,1.174483048106611,467.3003009321612,0.13784974904431646,1.0981044169464675e-06
8226,-8.986816451186508,-5.551678274029817,0.267893068725849,1.7733508876531752,467.5820085273414,0.31925870436326864,1.0985021669321061e-06
8227,-8.70732338995325,-10.55463745935642,3.7395696682051116,0.9497098580413538,468.0615574777159,0.7090864295413484,1.0999096801034365e-06
8228,-8.63168206041548,-11.151616563697603,3.6218878961245973,1.7340444349205728,409.07805765532737,0.48026333190000425,1.099988123656637e-06
8229,-8.539814301977048,-12.821256344297375,3.5255780511457364,1.7746980416812448,422.51723783754574,0.6537223091289484,1.1009489563447194e-06
8230,-9.120782499623685,-9.521014575358654,1.671794918264586,0.7543194787746512,152.9906017851858,0.7664405988668586,1.1034229514458509e-06
8231,-9.849741422025872,-8.462238072460256,4.350189952860702,2.6620541808216727,457.83569784670726,0.6777303048736556,1.103498239422472e-06
8232,-8.704916475209101,-12.458997144869668,2.963352159046723,1.801916201633362,428.27206407303737,0.47595263205628857,1.1045507726623486e-06
8233,-8.864903910633512,-10.762944216475514,3.0264578248555583,4.169567321684201,577.3546530482312,0.7789036113734848,1.1056367664665182e-06
8234,-9.627592705795564,-8.317712619333896,4.888721869194749,1.0554312210527836,137.6804193764112,0.3148970754400011,1.1069159430563625e-06
8235,-8.54868413690213,-12.304043643608429,3.559278371963483,1.490049545413078,334.0527933516438,0.405856018058401,1.1081980537983007e-06
8236,-8.695344498438773,-11.970110880029463,3.1253442656478265,1.83433223569887,467.7939872357138,0.20135554142883372,1.1106955984051593e-06
8237,-7.677422919839449,-11.986919592689006,5.127635881708433,1.7726940320974536,423.2235862096578,0.8689028590645371,1.1109818206440414e-06
8238,-9.344992774724489,-9.492274643039238,2.406887758498948,1.7093480506311793,403.10400412849003,0.4325208310054949,1.111142418322529e-06
8239,-9.428051342772513,-8.42983139395401,4.9802896591865675,1.4647309934239496,468.361321269585,0.7928248144995056,1.1114136662791963e-06
8240,-7.906217624535617,-12.620650696112815,4.758523040269736,1.6080602767297418,376.54764141203594,0.5112977309438982,1.111559298821369e-06
8241,-9.567481888528294,-8.901377540532287,1.8175097922221548,1.0840583382941624,468.40459485931274,0.5380885524335133,1.111942852498133e-06
8242,-9.452452115952674,-9.286106378296644,3.3203116029712323,1.6833948320330052,359.0947046262967,0.9545695544080326,1.1120747989139822e-06
8243,-9.786223416145873,-8.092576562624295,5.039404537795179,1.651610103417358,388.44906856691136,0.5439707906187099,1.1129552330428612e-06
8244,-8.36916403489774,-11.78555541620304,0.851610467687535,0.9495180147585137,252.2188692770886,1.2969429225233773,1.1133541659300924e-06
8245,-8.848005300820223,-10.475233223546976,1.8179827735855032,0.8830476249500036,193.63518786053703,0.8813535977828186,1.1150187592374317e-06
8246,-9.01318514816857,-10.29013810344446,2.5518352971538145,1.6469684014592298,461.1613828529048,0.8516804755339349,1.11904502056491e-06
8247,-8.796537979322967,-10.274555072557678,1.484173283665539,1.4867545673913163,330.3759071638289,0.01779081887124523,1.1191940140014466e-06
8248,-8.45835321747666,-12.043751928512894,3.8160401011525487,4.68574546892862,310.56181978288276,0.23412077728941494,1.1200453269151462e-06
8249,-9.517773855879012,-9.285758970591884,2.6609315217791667,0.965497675066091,468.6826997678407,0.84235667985718,1.121114582808704e-06
8250,-8.574717089151823,-11.686609703791605,3.5947724454151695,0.9627115174175124,203.93419583446962,0.6421277176821434,1.12145261244602e-06
8251,-8.637268056620565,-10.81974627712724,3.7513773230310936,2.776118087089897,481.53188291870805,1.794765121908438,1.1227524054545737e-06
8252,-9.781616746176073,-8.302274596765331,4.714393704154772,0.7290650596589265,143.43259163250173,0.15919973521890984,1.1231270537084531e-06
8253,-9.690676102606513,-8.70591657144518,4.107533814970691,0.810107512744138,467.15933538846787,0.010302721508147705,1.1273149224019018e-06
8254,-8.51536895831261,-10.045597502997452,4.500567078332488,0.8510412896932834,177.33482069015378,0.2932427412992089,1.1320763810557497e-06
8255,-9.201134058955715,-9.404636540856128,1.7428752167846526,1.7920348496097736,469.6109050409418,0.0038191416036497117,1.1325959276670784e-06
8256,-9.570693874615191,-8.387951334835355,4.843781526871454,0.8645828741071844,240.26815214897832,0.5244798133300081,1.1356200656962444e-06
8257,-9.932448376669695,-5.170506653211674,1.0790737982547638,0.6850545600201934,144.3857616872162,0.38618405038221315,1.1398617735999803e-06
8258,-8.989509026651872,-10.009709701662361,3.42498701586992,0.7941348774302526,468.8597388101307,0.21135728346306148,1.1404235624239667e-06
8259,-8.188762789331848,-10.85429111042566,4.627390243298928,1.5655781250176772,359.8886048068662,0.8757780732494611,1.142871241519418e-06
8260,-9.30794606881166,-9.557081835244901,3.04169112852114,1.375900948163134,330.80763383981946,0.9471876067073586,1.1435471238279056e-06
8261,-8.857464401481392,-10.114733315555789,1.5483216676652016,1.190042127104668,288.3664081028358,0.3485200247836602,1.1440557156536311e-06
8262,-9.311318385372958,-9.556113111269097,3.0173699253149335,1.156225703304104,257.8908997576154,0.04954414649776151,1.1448781786431304e-06
8263,-8.612786683340303,-9.618355690552157,4.706297914053589,1.3673084741502266,298.67692768129825,0.9597330685857042,1.1452179057172854e-06
8264,-8.754429066338911,-11.980196332146907,2.671999322878436,1.1951298970302815,467.5984228404886,0.32646001455204754,1.1477099998087818e-06
8265,-8.776157034274142,-11.593124565503535,2.317284802230437,0.9253671655292487,261.26259541858656,1.4721620845704573,1.148627815942734e-06
8266,-8.73708300591816,-11.085360603585642,1.789466928940035,0.803830117471919,174.82987151088597,0.21448629296531685,1.1496538621547499e-06
8267,-8.763912068845134,-9.634505570643492,4.401767537140576,1.2343506223491203,416.9903330074462,0.38737296706364877,1.1503357415300067e-06
8268,-9.2755832812388,-7.624201618041226,0.540187583426447,0.9400265841069247,263.16205071386224,1.3341843392268995,1.1505184077963658e-06
8269,-9.394802621646969,-9.197842898307782,1.9339259095983365,0.915514599496718,178.88021674763218,0.0012644513999209295,1.1517136339896902e-06
8270,-8.621415140128741,-12.213474195354204,3.331990014589061,1.0976826238567852,195.13804746217207,0.02655094896848542,1.1521200061063673e-06
8271,-8.314217501470768,-12.969523134536106,0.7657857927956799,0.509357199572095,112.62771461212955,0.42245668108309786,1.154059082206159e-06
8272,-8.103634316499921,-12.266769193706647,4.464883248108095,1.408696813445559,317.798351715434,0.9197539394312697,1.1554293282663273e-06
8273,-9.259781463719646,-9.14468128524257,4.078919083636386,6.274357271118331,682.3795850029519,0.6109077008444901,1.1562318679769118e-06
8274,-8.32331022041539,-12.604307973343685,4.033085013266265,0.7615765273045442,203.04582563382448,1.2360305747505116,1.1566696346869923e-06
8275,-8.735694313873838,-11.951534625795428,2.870070498673141,1.2051582368922744,467.53797082173907,0.27126194988431074,1.1579536185435718e-06
8276,-8.73404736524691,-12.387939139705143,2.3711854960177328,1.3577375029949186,300.51354932937915,0.15784430975117036,1.1583298884078906e-06
8277,-8.738510447557392,-12.162123301762536,2.3134910430705973,1.0405436829015273,141.02359334289935,0.30309901624851854,1.1590405263885563e-06
8278,-8.61029050405008,-11.994830432984843,3.40717614202506,1.1189271188047936,467.3451164245292,0.758921737438988,1.1606851266867063e-06
8279,-8.85353635241091,-10.791614194461486,3.001634753048047,0.9995802124798838,275.1562470390449,1.275683831703443,1.1610231011140816e-06
8280,-8.655134155502596,-12.082961886152669,1.7856071812780872,4.429350540787899,537.9592331938757,0.14234676967641313,1.1619921595958844e-06
8281,-9.106465329689287,-9.867837695145806,2.170391812091173,3.124610943325865,506.0317867674868,1.0668816951953275,1.1635245073778265e-06
8282,-9.406804583235738,-9.191194371902247,1.9687535046151161,1.027611545053887,278.3310569455159,0.9621526231128019,1.1651984491176665e-06
8283,-8.336510504364242,-12.064509817014853,4.057890197398452,1.1626704030088562,296.8756652752459,0.9266227080341416,1.1671633617308181e-06
8284,-8.628015623165671,-9.186767443316867,5.160146832582083,21.353527751933207,724.4927904192867,0.06687178713360797,1.168715572785774e-06
8285,-8.71192904953146,-10.108493962045198,4.04346133325327,0.9180698161083034,467.89482770192996,0.34322915003237675,1.168857714481263e-06
8286,-8.115664881391716,-10.77402582814916,4.772994243746304,1.410074980976311,467.9786944163632,0.6092588321855459,1.1713739404602506e-06
8287,-9.148155616579352,-9.64735131260713,3.475302405548663,2.676179326486921,472.90838071951316,1.903907665997692,1.171385630981756e-06
8288,-7.806955498293733,-11.07441729446633,5.124581064047229,1.5367187535071276,353.8929239501251,0.9052175206360005,1.1714553269618166e-06
8289,-8.779541232397126,-11.455490496428437,2.2598246859676303,1.1368295919076932,467.4770817597267,0.4858856960838107,1.1717515846016675e-06
8290,-8.422238705835358,-11.637607959818698,3.9535714990494113,1.8401088273589397,468.19151562013997,0.295543596258411,1.1720178530090906e-06
8291,-8.492888684479569,-10.729065964581821,4.102543475198546,1.826291465171517,439.81639937269375,0.2660865206192806,1.1728029739386964e-06
8292,-9.615332367785003,-9.038801422123965,3.467013642079462,1.9226350162968517,396.46768105061903,1.899497837335998,1.1736591169649707e-06
8293,-9.256760926978352,-9.621490897340166,2.3729277143925556,1.04716302710362,274.54742946042967,1.1391173949926126,1.1768838725430278e-06
8294,-8.253251772345253,-10.571509981589527,4.629726084556233,1.7755603329559826,377.59572969904616,1.7676594019466032,1.177767372637966e-06
8295,-9.578745548006166,-7.419253918917815,0.8312197537784854,1.0753286677027774,268.25923158701085,0.4053832348597659,1.1783415093229204e-06
8296,-7.277571736514151,-10.630154613846953,0.080966903579575,0.9090123232829973,469.7009425363871,0.10691408750132769,1.1792531905943307e-06
8297,-9.29716980508102,-9.496705101406857,2.2485175519012452,1.7020646590759732,401.3840471558684,0.9519765369124729,1.1810132839825955e-06
8298,-9.377878450022376,-9.315977373506822,2.12135302845564,1.10310073455083,290.9471942867043,1.556010117684731,1.184075499959598e-06
8299,-9.44181308628752,-9.264877208091917,2.235601278604463,1.355686143000645,249.64533265126872,0.00429158288913456,1.1841999765631464e-06
8300,-8.652146684446036,-12.296710021113256,3.1806831969726974,1.3800649300970371,318.51290870862766,1.1260141503364247,1.1886711820247728e-06
8301,-9.679418499074428,-8.546736685377722,4.398675597982276,0.7961060977959205,179.73213527701827,0.9011005847810978,1.1900103358980747e-06
8302,-8.52971100793116,-11.604796415286678,3.7035584021666406,1.1318861038115724,292.07149673962493,0.8237275828143078,1.1915028364572776e-06
8303,-8.830245132530692,-10.756795124255584,2.016993702413318,1.0550552256043075,279.4773992038003,1.0761571645367587,1.1915972420964115e-06
8304,-8.711240686405779,-11.89806182511974,2.029414732716264,1.388470528079099,334.25413035463276,0.527502570508422,1.192960060226336e-06
8305,-8.441594905383523,-10.583233943006856,4.275506622210141,0.9884120320566997,197.94583850335036,1.056239512482903,1.1933425066871632e-06
8306,-8.70712033050902,-12.531432369789577,2.1974548263462883,1.137079610819214,468.5976534143454,0.7488733043531601,1.1958680992630953e-06
8307,-8.187997141212858,-11.483662978766231,4.426722711020721,1.117660192086789,288.70987045637116,0.7264188167737577,1.2004386157246521e-06
8308,-9.477829729887587,-9.31736368091655,2.8742170898957107,0.5384177743916592,124.80197212990944,0.49804133739014844,1.2010878497303492e-06
8309,-8.40870955503806,-11.670364335573527,3.964036350067465,1.4449328638705963,468.67286243736265,0.5405420452509908,1.2053825420594352e-06
8310,-8.21651363817037,-10.59999951662351,4.671484990674508,1.8575043339530344,470.46025110767977,0.2283725483409329,1.2056594991603324e-06
8311,-9.652840890738855,-9.098174137710924,2.61959279791096,1.7443632755473952,467.95647230583756,0.48370126510419276,1.2060314154929707e-06
8312,-9.663941928448972,-8.84201356881583,1.9354778554102998,1.001891532967033,468.0049587442641,0.10270294565376492,1.2060543209550577e-06
8313,-8.920235669229506,-9.836429702597783,3.813096183246237,1.2284516878966976,310.19093733822507,1.309714202822719,1.207011864310458e-06
8314,-7.90653277672929,-12.777858065274309,4.722897325153861,1.0506161562493155,235.90472023274165,0.3249170189528119,1.2083709199906427e-06
8315,-8.471705523543333,-10.780799872605957,4.111853894010796,1.8400277383449017,467.8171758020422,0.7629528691507339,1.2091403970271746e-06
8316,-9.691651274142622,-9.012335033333507,2.3959536469050864,0.8592034177504286,222.47437219192426,0.8998876793814796,1.2091619753274018e-06
8317,-8.62164329634466,-11.41898459961043,1.5229684222846922,1.3073671142489824,468.57233154979167,0.6508708181885625,1.210044964243338e-06
8318,-8.900135091733894,-10.606163719196513,2.901952131507449,1.563202496097928,467.74130161772985,0.47671959537659436,1.2102653036161412e-06
8319,-8.595062234688129,-9.719911987470518,4.613700966610653,1.693745569669128,468.519359901959,0.2622671041512845,1.2117479928158234e-06
8320,-8.749899041811588,-11.773669362483949,2.2633984906443323,0.7395338190192032,186.51123858354512,0.18682183100878458,1.2123405699495977e-06
8321,-8.698879947769068,-12.562717017955475,2.859387527131952,1.1723528362021207,253.40802425334147,0.06100330652786834,1.2142642918271358e-06
8322,-7.733158437358217,-12.99132801326991,4.95315043357925,1.0507791923431973,251.2899618813842,0.3358469914246891,1.2144727328350927e-06
8323,-8.76368338527818,-9.220974626257316,4.8689708760617,0.8891256231388013,182.12782209416966,0.4588351363376537,1.2156335160155315e-06
8324,-8.844910474237746,-9.540498686785723,4.325742246877365,1.914369240180888,468.6418899536056,0.6115687808631458,1.2194385423671786e-06
8325,-8.673510544175121,-11.298884702166179,3.3823488429237023,1.6390347359535842,357.48885310902256,1.416937249199976,1.2204093802647632e-06
8326,-9.583120947117013,-9.058782997829393,3.467511252321742,0.8908973126654589,280.6275531396354,0.6867075598467327,1.2226117199009227e-06
8327,-9.843832911837428,-8.668941786493988,3.8861917365453094,1.8412563062720644,468.3628638076137,0.847580109232779,1.2235738825168599e-06
8328,-9.37460718780201,-9.423426909905967,2.454672791947527,0.8547989665724803,175.54912782265532,0.1298227727056016,1.2236879746286166e-06
8329,-9.032862336293514,-9.124549510796484,4.517329987682125,3.0185460784369824,501.8969623398443,1.784308974745895,1.224269519469826e-06
8330,-8.861492893608503,-10.237431816877557,3.511941578537812,1.7561386539324861,415.49098190805023,0.32584817705276325,1.2280632501296365e-06
8331,-9.632028834104688,-7.227193032497752,0.8644574847188454,2.05951241956448,394.46816192234735,0.6821943484485482,1.2286810153795672e-06
8332,-8.817038697676276,-11.174662400897029,2.6051192391862315,1.4768099855946115,467.8976958169508,0.5912318856292798,1.2313533834841947e-06
8333,-8.674399440233389,-12.764288326611348,2.039843117009163,0.930088379620125,254.9901525283981,0.7637699400280029,1.2317002551988e-06
8334,-9.381730236997688,-8.9082256746692,4.219665861746177,1.1590259820356505,298.03618777918626,1.7246024588786328,1.2320794592063514e-06
8335,-9.437915272120273,-9.276305653321616,2.2759125740243444,1.8776511780503544,468.23139558759766,0.5426336840359172,1.2336616074861805e-06
8336,-8.680807772893397,-9.898294313621033,0.8363695747532145,1.059678726839436,284.4204326661194,0.6271404406582137,1.2347435527428382e-06
8337,-9.220584975552159,-9.179940499861997,1.5140539701265165,1.4359744476998721,266.63271662787247,0.031031806578105225,1.2352477127415586e-06
8338,-9.453590745236433,-9.069800534281564,1.8890720709033821,1.6099799903356746,370.89790955113097,0.18631511819026247,1.2363508198610955e-06
8339,-9.55314281890679,-8.111474479214776,1.1459704778877235,0.8163216013640997,170.88918560027767,0.17179139278785804,1.236467247714765e-06
8340,-9.246934341722598,-9.476401468448767,3.442805907322726,3.7411046409274062,477.66381184426194,0.13959894909277004,1.24066609372675e-06
8341,-8.491508407870551,-12.251474270317177,1.3303450216604913,1.0781007461836516,231.36111345420136,0.03893137036937144,1.2407165239576368e-06
8342,-8.725137531306553,-10.480072573968165,3.6836323637587975,1.4661363261325941,221.41881319902464,0.10750319641273176,1.241456205462372e-06
8343,-8.860796789731623,-10.458062106685146,3.2754084520404967,1.6354257130062488,384.8045510833887,0.5442384951563062,1.2419440137615104e-06
8344,-9.302258968029134,-8.593773463281858,1.1322222544496956,1.3742797839521583,210.88531401489269,0.39458913451309474,1.2424197194832973e-06
8345,-7.8836667386688495,-10.908865563407751,5.052999773224168,1.0163935392349595,277.7537121749696,1.5487108614721654,1.2438493916991687e-06
8346,-8.497825611185217,-9.679851917572016,4.820301551975498,1.543057909434902,436.7225677948325,0.05135120904649515,1.2445629969326779e-06
8347,-8.750869784266648,-10.92919486553921,3.294165379535781,1.295534757837609,319.604898654797,0.26301895163209377,1.2466527578949264e-06
8348,-8.416935103621864,-12.343008492611144,3.824139772956479,2.5512956406480223,462.34246896144316,2.2163990442979618,1.2473015217132922e-06
8349,-8.526581245854672,-12.66010532973792,3.5145231258308556,3.2918670043054523,521.124530088345,1.2444249219351056,1.2479125237390572e-06
8350,-8.473502754999123,-12.474987750056895,1.3138101446591937,0.9254785923839869,163.04839200054641,0.41818134580980715,1.2498192572661388e-06
8351,-9.077938348223372,-8.978678114056656,4.642948177790497,1.0765765679779042,467.5075726060012,0.5537780807611989,1.2507733716954388e-06
8352,-7.75574803809273,-11.320771952401284,5.10905282734525,0.8968173184502143,467.4035179827626,0.6530582013235131,1.2511700960089338e-06
8353,-8.943968328207562,-10.282737872857782,2.1034716840379777,0.9764010335409294,467.1728680254852,0.6133469857530764,1.2523576153310674e-06
8354,-7.864813581179477,-11.461468939836005,4.927123132704156,1.2131506770476408,467.8098090160576,0.16142824207423612,1.2532733284193719e-06
8355,-8.989103521313849,-9.880928248946343,3.5487404993609104,2.84971371295191,488.630016239115,2.0757127427757345,1.2559839903562092e-06
8356,-8.549634061466767,-12.484575493982987,3.462274162441494,1.0498700765384097,467.6868197124294,0.8130164607445662,1.256173865761072e-06
8357,-7.660864495116426,-11.584831073117245,0.17382471154473048,1.0861793913534523,233.040294590959,1.0431643495648295,1.2566561663924814e-06
8358,-8.036455997355143,-12.501904349096367,4.527026767557386,1.5994482022194099,209.57349402419425,0.12261298569428547,1.2576306627425094e-06
8359,-8.329232301840891,-12.603627773631871,1.0173279403806252,1.6965285450699639,399.76482342631806,0.7213356804952156,1.2579054098132375e-06
8360,-8.53556623548441,-11.854810767626786,1.3835523758293204,1.8597279621984961,469.08969996456597,0.20225957806959016,1.258891257851315e-06
8361,-8.58931546389062,-10.211773735477003,4.188828735301878,1.055366343648449,156.01437962438595,0.2229615337931845,1.258912614116499e-06
8362,-8.618508561126735,-12.788058712704595,1.7762499687809186,1.8242358565898833,468.72070462560436,0.532990733792186,1.2593467357624556e-06
8363,-8.556110756836624,-10.750860540235244,1.1968329421139847,1.771779335639456,425.9707882596194,0.9110096628535542,1.260260096838234e-06
8364,-8.28027342902679,-12.891175087675583,4.062755373043924,0.9224715742233455,246.0931434767618,0.6932547260695587,1.2650872297970903e-06
8365,-9.182351072230666,-8.948070594848929,4.498482396591161,1.6551553343448269,383.0203137462895,0.31485685889698356,1.2658469331780265e-06
8366,-8.45986679933596,-11.050429087519529,4.008712137729259,1.2317264347866856,230.04493673459234,0.4938613396662772,1.267220976877201e-06
8367,-7.701368763513392,-11.380834977065508,5.163283904945713,1.7892775476672236,468.07065474949405,0.7142374448773099,1.2673815493197607e-06
8368,-9.411806912925453,-9.390618432437368,2.7333816600484515,0.6706083213308639,135.61165029933093,0.0932880230544546,1.2675319687355868e-06
8369,-8.683898981383427,-10.738660219972456,3.6106930081948514,0.8937231072240563,234.6235998272615,0.19955505560264353,1.2695163961095055e-06
8370,-9.184067129770423,-9.714501052861575,2.3151784518079697,0.9599962708192906,200.3445345256418,0.23397119398464383,1.2711374043159996e-06
8371,-9.192646605826958,-7.329625062841846,0.4464864592329184,1.0429182433057662,274.51875904792064,1.610673393614575,1.271863912048397e-06
8372,-8.240263680553824,-9.9249611272921,5.030940095383928,0.6923280592743898,139.37568903220748,0.9365592263423119,1.2761992054324592e-06
8373,-9.220495114240245,-9.69341579664149,2.8932404707273087,1.7243936435006224,367.85364433748987,1.2885352930982643,1.277028933127919e-06
8374,-9.97123418441066,-8.693942576034065,3.537791674771301,1.9028151140243725,467.32749259419955,0.5225562285313101,1.2781744623580008e-06
8375,-9.15472808097077,-9.737564719219845,3.1787452540058303,1.1986014987287157,253.25449425343285,0.818580040178742,1.2791213059790797e-06
8376,-7.938117375299426,-11.77182836766059,4.760366942380358,1.1122378794650662,287.896331637573,1.4191756609562995,1.2796273632001971e-06
8377,-9.471181744392604,-8.61586754386995,4.559643055399834,0.7727423225124997,430.93396136827266,0.20278075770459836,1.2800670048662955e-06
8378,-9.790274865193059,-8.302482511795354,4.646559206731241,8.338798144460629,423.66306285971683,0.1494638588701891,1.2813640903214027e-06
8379,-8.4101166954451,-10.90121640898771,4.161304842739494,1.2162013788730053,293.8695086812345,0.20272221656023603,1.2826119763884741e-06
8380,-9.82744756558373,-8.662354975879351,1.938603853144651,1.8869656469413345,468.0207790081563,0.027993800234894728,1.2827858884670856e-06
8381,-8.623789032494795,-12.204160703315791,3.2508131448263637,1.1292812514128663,295.5119586828959,0.7390658365719274,1.284383021928914e-06
8382,-8.1631229024816,-10.600534391010642,4.740465788192482,3.023100343950866,459.0364516282717,0.22848599342731823,1.2860752824594478e-06
8383,-8.02708207272012,-10.78273329473257,4.8781537646787525,2.206614378176079,331.7734794969256,0.04494340191571755,1.2871886435521216e-06
8384,-8.792154415556839,-11.253460592808993,2.7440873179148424,1.4268887862002204,181.6642749252911,0.2886366110099319,1.2875928894448862e-06
8385,-8.379862034442978,-10.245019395242792,4.559373097578364,1.4312858500604477,469.4062086535888,0.18328493925966427,1.2895028000743516e-06
8386,-9.772941361343827,-6.06076301506049,0.9247699683992654,0.9858884935227474,468.20734543368707,0.8467853604077744,1.2901704165653466e-06
8387,-9.625256011923215,-8.241490567112304,1.2852303011613395,1.0898802958521365,467.73743057071675,0.07464686384658759,1.2918236154113036e-06
8388,-9.30774351255924,-9.115904375507803,3.9752853100765613,1.155766349216375,268.22470229477426,0.7474280045571389,1.2919392131173966e-06
8389,-8.631456216530689,-11.844268579223288,1.6948103694457402,1.8809348348816513,391.0085915512568,1.9135722874737242,1.2921491197829058e-06
8390,-9.352843444440612,-8.398870408451314,5.079427011284941,1.1477040787991446,466.69285889931643,0.5410098610790275,1.2925897452532348e-06
8391,-8.986947301392721,-9.618849995578849,3.8964392552596623,0.995365640624035,211.11283368353253,0.4756511821325722,1.293094874776095e-06
8392,-7.95449801763735,-10.965845693875641,4.917694553613535,1.1407784639536782,127.9560368056047,0.3309073366224542,1.2961845782361508e-06
8393,-8.900995989750728,-9.442302687822336,1.1468376664247169,1.0267274148689607,468.2255256102969,0.14199000318501476,1.296867287315765e-06
8394,-8.491963678406604,-10.098190167749163,4.451980574315473,1.3182638482367417,319.3032484823541,1.8188610403238767,1.2998063804356802e-06
8395,-9.501065343376046,-8.606463849242207,4.5213780800758245,0.9119554127501712,244.39778706086588,0.21330623614990873,1.3017325187849539e-06
8396,-8.784088106785251,-10.345537639394607,3.6025341203683867,1.6933992302497425,397.55424418904323,0.8144177524810399,1.3022100199548493e-06
8397,-9.29265124477549,-8.723263586965384,4.660028612484004,1.6929021573175358,398.5117042614777,0.5357952329435127,1.3028276702893749e-06
8398,-8.278508553918323,-10.605410870315946,0.40556367096320434,0.8863106975323394,180.09103356783672,0.9377448589351429,1.305016885824831e-06
8399,-9.89763513539464,-8.27955396795005,4.541663312442038,0.892959494206811,227.23509368390623,0.10490081883338487,1.307201586782538e-06
8400,-8.158209426863412,-11.365542985585352,0.3726517383232343,1.2747558369285157,301.7142532920133,1.0352623277702389,1.308747880934142e-06
8401,-8.95289103782291,-9.808658587945084,1.5882317958095988,1.780491981453324,375.8649835770535,1.3986831878541102,1.3093526315106136e-06
8402,-7.962625335736218,-10.45509089305378,5.114564064970326,0.992194704260655,466.9905108599637,0.27000648872064037,1.3121074942262706e-06
8403,-8.334810570256685,-10.600935607453065,4.430746261895032,1.3665558140676874,330.49864394059193,0.3118566357720427,1.3121343679409324e-06
8404,-8.523833401010446,-12.697831916100549,3.4932817979772355,1.1805087757899422,302.9509653053926,0.7244195662044408,1.3141448012859914e-06
8405,-8.408114445747637,-11.420078005262424,3.9894646053884473,1.1079872459414797,435.7342067772177,0.8156002053125553,1.314157405230499e-06
8406,-8.53899189641563,-12.776058149757631,3.436642769457995,1.1022467546600823,290.98016323841165,1.2879474424937838,1.3153309433714678e-06
8407,-9.952183688257879,-8.433340066806057,1.7750447784158183,2.927726681611169,483.05105912099305,0.6994179237791469,1.3155139368844372e-06
8408,-8.681380422209434,-10.440047102338305,1.3329107816465888,1.7557174842697694,332.20860852985317,0.1586887550124958,1.3160120074817862e-06
8409,-8.687085929655545,-12.880320185204452,2.239849308977217,1.0901517111577204,466.17413689537705,0.7004391976297928,1.3181827234245048e-06
8410,-8.476077284911923,-12.988049768997678,3.5972919283769382,1.323591971867796,241.23698806396544,0.401953593167959,1.3197959024474214e-06
8411,-9.880820894276274,-6.32876111186426,1.0855101126598983,1.4842513406126807,340.33106723047797,0.271729351962561,1.3216888387380085e-06
8412,-9.186903360059379,-9.435955022664759,3.6676107517691303,11.498679279792094,794.59376074495,0.27272073823380616,1.3222021015053963e-06
8413,-8.521061461194185,-11.317628652428311,3.756285934526441,1.2784420396734841,315.1461078307273,1.1065953266848112,1.3238569142865474e-06
8414,-9.8766938173815,-8.347879574765775,4.4401543856049575,1.1921012126120356,296.99808800135196,0.7561519091270812,1.324354067946764e-06
8415,-7.645742303424017,-9.781390788832942,0.14021633947807638,1.1507738322309808,467.4149016303328,0.2995060240067131,1.32724589079825e-06
8416,-8.198238607132623,-11.349105739869854,4.405092138118884,1.8812811255232227,468.5808076947748,0.5783797969261597,1.3292819603850818e-06
8417,-9.583228769766393,-9.158352609093505,2.845754621961453,7.598859024716573,324.6605858678903,0.25579214009504536,1.3295403406608995e-06
8418,-9.846009057855305,-6.743971704973641,1.0826508702319129,1.210981845120551,306.147645874464,0.595943089453379,1.3325529216808105e-06
8419,-7.9766263455972535,-6.071933905304874,0.0246771033625894,1.5460932197638375,355.03944253534485,0.6973490059467204,1.334800876705792e-06
8420,-8.176758614903818,-12.68929959375244,0.44307207474876437,0.8370118262212587,166.42049584719166,0.7232846877028107,1.335793408929346e-06
8421,-8.23023733389801,-10.968012428778783,4.460877224429201,1.5011203421366843,469.4499593775665,0.18360116766684076,1.3357991129825198e-06
8422,-8.315526072033265,-12.58910729610309,0.7392230243005835,1.1379074779389307,210.06147124747682,0.07857965944882572,1.3419253477034684e-06
8423,-8.552884145639203,-12.361459600223606,1.5168677081249093,1.3457133106896177,303.7353765503303,0.14368259230452107,1.3434035614719045e-06
8424,-8.884488807160412,-10.06863008529449,3.5742329818764547,1.6974698322125201,470.3250255237443,0.05528437958476129,1.343907063316418e-06
8425,-9.895716314593175,-8.610029574428271,3.877500921719323,1.802068821428177,468.1199373293098,0.41598821008844045,1.344585925441879e-06
8426,-8.136596497488625,-11.099992047165346,4.5764285671733935,1.1987875353414714,251.40972929633622,0.032535998890312,1.3483223928228038e-06
8427,-8.656762130411046,-12.967708479495936,2.9428843070523736,1.4955130309687448,335.1595701318965,0.13194705893250802,1.3484086219634328e-06
8428,-9.340225239348362,-9.477752817081338,2.756583601220437,1.1266529125227889,466.068351871417,0.6959471576461373,1.3496988919929325e-06
8429,-8.145551393707416,-10.658544029960629,4.726872554617894,0.8670654208034922,468.08037260589583,0.7196166095977121,1.3498852419332424e-06
8430,-9.942309943798556,-8.810886569534688,2.701006226467624,1.5401232118476906,342.91390371619116,0.7695983735891545,1.3510105998604598e-06
8431,-8.741732968925165,-11.792284051901936,2.4473102165176197,0.985488471484193,467.6925962553467,0.6986217788810878,1.3510524423767765e-06
8432,-8.584851363048982,-10.97324470598895,3.720346794727977,1.8882645947809311,456.628640266719,0.4607007241563288,1.3529646286525214e-06
8433,-8.768886396440516,-11.248263070621995,2.8925031084368955,0.6472824580798004,171.88770597595447,1.0674740814936188,1.3543764890064305e-06
8434,-8.111045571216444,-12.535502030859787,4.376157923270083,1.5699250753669314,468.7906359605502,0.5373348054665366,1.3551429107816888e-06
8435,-9.127396705990508,-8.560115596623671,0.6937886309849669,4.289234450708475,453.68994890673594,0.028199433948042696,1.3568369475350254e-06
8436,-8.716853840120026,-12.219884563936152,2.5593884820328827,1.3546990576824767,331.18868161951394,0.3253785249664425,1.3587099810030964e-06
8437,-8.94098471721768,-8.81457924423988,0.5869778066501217,0.9909304862349794,267.61663551873585,0.5131946271256425,1.3587914832890108e-06
8438,-9.71747311715927,-8.733606341101632,3.9022670287191485,1.1854819103579464,256.27913205885125,0.23549409861538528,1.3587982010450102e-06
8439,-8.966990383465744,-9.222953085772431,4.454105295481414,0.7691012540163517,435.2154565865595,0.36333209085805773,1.358927191957901e-06
8440,-8.629907004175823,-11.46070954358421,3.3938457598486047,1.08885103350275,467.4323268518724,0.581706973423449,1.3622732904624793e-06
8441,-9.717554744035715,-8.838567812555336,3.6457799315619868,1.834097696078228,468.35514069062106,0.5194249345196038,1.3673641401588328e-06
8442,-8.807811121347289,-11.032871896705801,2.7956522931209817,1.8676143834009853,470.2688631445811,0.027874251562434615,1.3692481138860395e-06
8443,-8.945843801608092,-10.338741962557844,2.318134097624163,1.1109403297631975,290.2534651869167,1.1375858934750012,1.3697367295721489e-06
8444,-8.133381258118924,-9.977263117762057,5.136453552575993,1.6654505595110702,363.766753159923,1.7816086120950185,1.374122642714853e-06
8445,-8.831858576045029,-10.079629113365904,3.700140394037551,1.8561654692247092,468.3341056668478,0.5113341020115625,1.3753971130224826e-06
8446,-8.68407626045207,-11.517420460978727,3.1644320786797366,1.0550358929581474,231.42135333624807,0.49138690590943046,1.3774867831927055e-06
8447,-9.34789078735365,-9.31470429387002,3.4125749746600738,0.947478814018285,249.84142232889977,1.2164001273728422,1.3802789494329996e-06
8448,-8.559114469664362,-12.742360617164879,1.5852481695238752,0.7101488573313549,151.95035564385046,1.0916246279351647,1.3803987046806173e-06
8449,-9.585888832863178,-9.138406487461722,2.951831827387443,0.9390852005533867,246.81358856305377,0.5924294861745585,1.380711809911113e-06
8450,-9.06741535859418,-8.946175518149007,4.669543559042224,1.347182281037129,300.80040934646115,0.13766340899913754,1.3808269684418443e-06
8451,-8.97223397155195,-9.36810301488732,1.240151301491703,1.8611805779076305,447.502778320433,0.4089446629801756,1.380988496766881e-06
8452,-9.217791661371628,-9.008221726975927,4.2980270882741465,0.6151294998747853,194.50421056041907,0.3363524377655436,1.3835251592483175e-06
8453,-8.689266844781185,-12.776181598518734,2.309395322084839,1.7151209770615021,367.876076763099,1.3764916892984855,1.3838302949544007e-06
8454,-8.187072540086634,-12.111146705345817,4.278015571788173,0.5373070098764287,114.80272449258813,0.7594708117127675,1.3839360670926873e-06
8455,-8.678215362461083,-11.289924761950846,3.28329697464661,0.9087720905201685,467.2273833709378,0.5868652962422134,1.3846038860023522e-06
8456,-7.852545659535407,-10.678473466430374,5.152662147771851,1.6508422381747647,388.91375286170677,0.11837946095003549,1.3848551352848932e-06
8457,-8.676246532981525,-11.317577931234394,1.7430553949603524,1.4784701917115004,470.2873917168329,0.02432214126381016,1.3848723851149781e-06
8458,-8.397840726587908,-11.284691418193098,4.024022383971669,1.3362984801610942,468.46706007667945,0.3487435492366977,1.3861405324090312e-06
8459,-8.454170243052703,-10.834081771402104,0.7577118597401353,1.0165568755882741,467.0249942487287,0.7484562720107286,1.386930859156771e-06
8460,-9.917108434718097,-8.83124425326664,2.8572271917384793,0.8073404866081189,184.87420143693075,0.039786873933956635,1.386946115905657e-06
8461,-9.321323277548826,-5.696420088048585,0.43563757197512665,0.9729353017461395,467.69571614281716,0.7529217620745561,1.389433346508185e-06
8462,-8.626421216097288,-9.31976170975057,4.938554545442142,1.836923218224127,439.16835380390626,0.036874238722906405,1.3914543298263325e-06
8463,-7.934417564197813,-11.471754132964353,4.793518755488623,1.7743805341070287,421.62870270172357,0.13343886962839857,1.3940790410646077e-06
8464,-8.69576287420863,-11.116276447876821,3.3070159390205736,1.0725461910621736,462.03236758576986,0.6505945732555878,1.3946675186948587e-06
8465,-9.006139139399393,-9.272300046925444,4.297906134729367,9.448024956539102,421.35997001332936,0.20834445913891475,1.3953805431143156e-06
8466,-9.257622947199337,-9.077536122515275,1.500427992156969,0.9363735137160725,143.61368053074594,0.20442954598035712,1.395508251977725e-06
8467,-9.419084230556084,-5.610520050167766,0.49871954250719663,2.3481646773925577,439.9407037934327,1.5581497289884165,1.397448868596642e-06
8468,-9.593287545129472,-8.564635227075735,1.4777563616681482,1.157461637343276,297.228268084895,1.6391574243661875,1.3980657685521218e-06
8469,-8.004947216612665,-10.691131260987044,4.922267431691113,0.741331477175347,448.32241680744784,0.24075168822313575,1.398837757091139e-06
8470,-9.995475355049873,-7.005414013564993,1.2299361172354921,1.1378972062035846,467.44167867635434,0.3900506314358134,1.4012220493504375e-06
8471,-8.326213618516718,-12.293115628762552,0.8880687419120799,1.8752181149599743,467.69504308817693,0.4432538210144896,1.402722591508571e-06
8472,-9.372084617759825,-5.686250278516933,0.4649753777302657,1.0021141590129714,191.47378465015316,0.0076372294482860426,1.407434117219107e-06
8473,-8.886330985075796,-10.147632839255715,3.4393364976072065,0.9989852110250675,269.92679562147663,1.8337923850040978,1.4078314903439978e-06
8474,-9.466604249409535,-9.269728821836893,2.5966797495900864,4.387980921264095,548.8703294575182,0.2067214270145481,1.4092003970394006e-06
8475,-9.559381182556326,-6.474616047110328,0.663169539868622,1.0948998794192801,283.39962569201776,1.7647925303510448,1.4092077934167082e-06
8476,-8.924433838412371,-10.410023816674075,2.3347298388582036,1.7129947257293048,361.4598110681502,0.8646981488826428,1.4096422048963229e-06
8477,-8.786943670953567,-11.215722782389541,2.3862290268299713,0.8140613247541458,221.83273673886302,1.287251265805775,1.4097700304266763e-06
8478,-8.904788207147423,-10.046940228322923,1.7273429572410341,1.8653485769559284,461.6354834515189,0.10156059886180646,1.4116179703500801e-06
8479,-8.658239550743358,-11.230888430445212,3.369458927079396,0.5323460138433906,114.63652133924471,0.6108912617836051,1.4125418916276015e-06
8480,-9.207045703660173,-9.617983322140446,3.1260954612889704,1.7224915369014848,406.3195822277715,0.357445622870908,1.4134280560788382e-06
8481,-8.70113865521948,-11.487759767621412,1.9360523673247954,1.2779520607636783,319.9924382552577,0.3198498139027697,1.4143374775114671e-06
8482,-8.338490857965422,-12.848856524506765,1.1022250235624498,1.2334958050678366,295.60299998207563,0.16592827830032775,1.415205358370117e-06
8483,-9.911366259373024,-8.387162423901248,1.6896229682402837,1.1000961404649183,287.18222568896476,0.8415106686607734,1.4178911596716635e-06
8484,-9.10179207831566,-9.116812151335168,4.334097630492139,1.3872891764085564,314.8168191896718,0.9539771099843355,1.4178923963342184e-06
8485,-8.971617057671061,-9.489385933623698,4.061319084872527,1.115541419305807,287.9523376609991,1.164351496735601,1.4187585855533205e-06
8486,-9.09666896436637,-9.089395392760272,4.383327514768531,1.751798444326736,416.7038393709073,0.8623659874831207,1.4237627685621028e-06
8487,-9.343154499165676,-9.44480784071569,2.903755029203496,1.0919846908308428,456.9054675835851,0.0599536087024406,1.4245612657893209e-06
8488,-9.424074952117543,-8.592585694489394,4.625559510609093,1.2632468425565229,281.08405166964843,0.09742849255625252,1.4247327495328555e-06
8489,-8.75897022485308,-9.471224356360517,4.510003012175468,0.6217983821128668,157.81832564189327,0.6369649624092331,1.4267802868344637e-06
8490,-8.68570452127079,-11.957724298269092,2.952792107392571,0.8629660852181036,189.67098073160662,0.6078630707040693,1.427925703825397e-06
8491,-9.709088717706116,-5.705720924748966,0.8101669308672572,1.6647033971047818,391.4764684447604,0.6474713680417459,1.4286842306572522e-06
8492,-8.39953482772426,-12.61877121672316,3.778506284349619,0.5816359907190997,138.5637851101164,0.9375974411090304,1.4290392667719654e-06
8493,-9.18496540236345,-9.358924001626253,1.7254469223311295,1.8837058762013557,378.6140831794794,0.8517668568736019,1.4297953223407715e-06
8494,-8.60340686894067,-9.817192850338266,4.439235790242668,0.9740820925107757,261.1153128458074,0.7408076501483807,1.4305208246208767e-06
8495,-8.190078533764249,-12.850997813827197,4.195327142549612,0.9369890141310476,166.3554877614294,0.14972415200969458,1.4308518758351742e-06
8496,-9.587474434661335,-8.276386305710986,4.903008490001114,1.240252883919298,268.9716056041257,0.9443516889368899,1.4322533857323267e-06
8497,-9.485121347943881,-8.06699232229833,1.0466828286882242,0.8455425561168018,246.83927668332336,1.1689122193036576,1.4350848280090826e-06
8498,-9.039819475163824,-9.779621576633765,3.438179706405594,1.1212206470508326,468.0129675318228,0.10849817242125237,1.4354662514018192e-06
8499,-9.71581176806031,-8.535513134445125,1.6227407006360965,0.907532159374053,237.37044965539522,1.05583380075805,1.4361977311679804e-06
8500,-8.988897466346721,-8.10982232139515,0.448219522413313,1.9975459608500052,401.6889427746204,0.4137122027935023,1.4367693812140922e-06
8501,-8.315612810206893,-10.48917578744986,4.491790041927026,1.0274305945236462,259.20827663294017,0.6189182901132506,1.4384759747501383e-06
8502,-7.822907753376214,-11.254243711923959,4.993137526011483,2.634371424952704,448.8717286784248,0.4862219508574599,1.4403679755654137e-06
8503,-8.704252377391255,-12.03718943384288,2.247337369604493,1.02322821635703,280.2903519357592,1.3090409439530886,1.441012325220928e-06
8504,-8.048899201011407,-10.299857965349313,0.26350648617398703,0.7714509647807264,339.9778441600873,0.28331247623620204,1.4416333750585983e-06
8505,-8.280906526935615,-11.039899764224213,4.3179241509479835,0.9391937581496185,392.2327494789887,0.3409934706978168,1.442977710365505e-06
8506,-8.229093627676452,-7.148814514475085,0.11583875215785842,1.8281189026117413,436.0878106889572,0.4851969023683216,1.4434044218239753e-06
8507,-8.797295104919872,-10.965427422154953,2.2007634711132678,0.7591956557925559,153.65835819355988,0.9283196164014376,1.4460550363306422e-06
8508,-8.615534236496973,-10.617869267939273,3.796050358417947,6.340171035123449,587.7659135878857,0.12820364114154792,1.4469351681904862e-06
8509,-8.336368899555241,-12.898995596624264,1.1085716589992818,1.0325813301941749,467.0850279596722,0.6250928020150566,1.4496045437839147e-06
8510,-8.651543648198643,-10.60824198701142,1.361408440718352,1.5430791599349103,364.1152918206916,0.5592274140391851,1.4500830285109325e-06
8511,-8.73715563746724,-9.918366042817851,1.1881215690914508,2.1315997305813976,400.49203029359415,0.5048575522664835,1.450726534375953e-06
8512,-9.291341129804088,-8.378154354724881,5.15656009713646,0.6815379655046598,142.10148251645785,0.04904159403848407,1.453436994374617e-06
8513,-8.896344399505157,-10.547379825177346,2.713531066220529,1.5080811949737036,341.7301311935266,1.566708528884278,1.454127448422289e-06
8514,-8.641434222626467,-9.119348779304385,5.146144011480509,0.9753567204169625,469.6066913827153,0.0022822055445450573,1.45507924509475e-06
8515,-8.792753901812361,-11.006494746521033,2.8641926699121987,0.5384802277188669,153.3922790069426,1.2216130345173655,1.4563933067393192e-06
8516,-8.12168122768967,-11.791974269357773,4.4179537084339735,1.0789009931092286,468.06103815612585,0.8412108797882274,1.460187433424605e-06
8517,-9.041495953949381,-9.383059165802457,4.045830344076491,1.1544776478129832,210.7279425862592,0.053355963290418806,1.46101344011889e-06
8518,-8.874841644910203,-10.320753097157336,3.2468891375698314,1.6813197798158042,410.7058913314464,0.30177025147717185,1.4619835213426784e-06
8519,-8.685871757560994,-10.837129287834891,3.4626364576132924,3.8233319735693394,294.83425155907935,0.1739687152658682,1.462336504296976e-06
8520,-9.124518334571546,-9.840143853919608,2.7876875401417616,1.353629818849767,294.945399151708,0.2828770696756182,1.4643600883610086e-06
8521,-8.37031132482356,-12.85471928659145,3.814739718126625,1.1364802176192144,231.035015937438,0.744274652606447,1.4731579247189454e-06
8522,-8.830514911356504,-10.885795973231142,2.585002479112291,0.6777876559783165,155.43017756353575,0.14859424743326866,1.4745136975173998e-06
8523,-9.111491132113168,-9.842482710363527,2.421574840813703,0.9224105714945707,469.50293832208786,0.08823417927024568,1.4749083526782786e-06
8524,-9.526974032519794,-9.186148352249162,2.651466089084919,1.0373457615876938,212.50388661202422,0.2063022085352504,1.4791528278060933e-06
8525,-8.743908020535692,-11.572346085773951,2.434601517551836,1.2542523205968683,312.76032653661787,1.3548916819452943,1.4814597789658354e-06
8526,-8.61950210971613,-9.108055294665949,5.187928836526389,0.9847858418466624,468.06045555118385,0.7083027150012349,1.4816465167399073e-06
8527,-8.639738147854302,-11.498861951206854,3.2929782359686834,1.1039762172709184,286.6776832402541,1.3829326017706967,1.4830474200166822e-06
8528,-9.317444735852074,-7.370356680018607,0.5399755489535578,1.061819681709047,283.09022285087946,0.8135644200193388,1.4835049212473527e-06
8529,-8.643513200864986,-12.984808318495974,2.918171718078192,0.9494865655566723,253.32896050002157,1.5195067164333755,1.4840379375330423e-06
8530,-9.490276775384864,-9.217014641390577,3.0124563431333353,1.179745975739459,468.654670017938,0.5643313687281006,1.4842077383378222e-06
8531,-8.32438266405685,-12.287572841115091,0.8338481605676796,0.9974168437324137,139.50005877601808,0.2684540108790534,1.4845695797647198e-06
8532,-8.48154930066959,-12.388544679517041,3.5792592566457992,1.8652655819216593,447.2252876937011,0.5078140533378939,1.4846722768733818e-06
8533,-8.994912436014998,-10.163776237359919,2.785730572516884,1.071782093864796,278.5632814576212,0.4218966650636453,1.4850702700047662e-06
8534,-9.158813387927594,-8.631177591184422,4.963230659230985,1.0396972964743336,467.0416795510471,0.6085005069749068,1.488028689465686e-06
8535,-9.647803722251393,-8.81682022474148,1.945906954624761,1.087167353619324,284.54487067600576,1.2057458856579908,1.48833569410697e-06
8536,-8.468410228020312,-11.786947624263753,3.709557726891906,1.6089884701301513,379.86268707325735,0.3979826399805715,1.490610263155614e-06
8537,-9.01758105365164,-9.89237153275602,3.3077817045297113,1.9145353008048,468.09734214882945,0.6169166892273248,1.4920372012212304e-06
8538,-9.965253330195715,-8.44553615959165,1.8512949403935608,1.8627206273693144,451.521678720739,0.49507725608935527,1.4935404978039567e-06
8539,-8.673387555388107,-11.596243738810955,3.1064919751716857,1.8534766668869733,467.61674425575643,0.48312102862243744,1.4955955638225391e-06
8540,-9.678883636953145,-8.770400976649025,3.8308267687722957,1.8980571258260435,468.1448368689746,0.43942887887117976,1.4958743104527608e-06
8541,-9.003124269900596,-9.81270444667524,3.485308764972331,1.3423730483649774,285.0241041783606,0.45573398345708327,1.4971771167106132e-06
8542,-9.865394972764602,-8.814370391925845,3.22535614284779,1.0817717471150317,287.37998856922735,0.7313857103289987,1.4985093903130283e-06
8543,-8.51958650503157,-11.342944157554992,3.6916239290405573,1.4073826165913654,308.77832348829986,0.011300310840549166,1.4991748622862648e-06
8544,-9.362011046566584,-8.49895302285653,4.853683436146857,1.8485659102863474,441.68917497060585,0.4793888983587218,1.4993470101126516e-06
8545,-8.698115084004801,-11.463582314382407,1.9596429776618687,1.1450276478223007,268.1070911021111,0.943354293338456,1.499465630552457e-06
8546,-8.447121749326021,-11.319011978318892,3.8750819552575244,0.9154109998930685,191.9626487753159,0.9885295429090606,1.5009877579338e-06
8547,-8.326483026646365,-10.06990542814193,4.724579815237166,1.0268724326524683,128.30327123824623,0.3105094534547641,1.502581427622954e-06
8548,-9.568549918615213,-7.991995486496295,1.1269423913754644,1.2002690239763296,307.3381660980121,0.2852306961665443,1.5046892090750688e-06
8549,-8.390357964797966,-11.239353140927847,0.7136048267820131,0.8912645121179349,175.5076288003265,0.014854176389706986,1.5054669837577908e-06
8550,-8.702442805033762,-12.16057654996364,2.3704085085041733,0.9683401989876009,253.14802788985915,1.3187773279910884,1.507202067910103e-06
8551,-8.037813827915526,-12.564451140178043,4.461556180023738,1.2048751854419977,302.51938223631083,0.22436995956746308,1.5075174825273173e-06
8552,-9.589357611678754,-8.586331554174812,1.5138389736620324,1.8477478608012308,456.7549790181281,0.5102898240372555,1.5092357018926045e-06
8553,-9.283596401662136,-8.909657000908776,1.3802991076611797,1.1939931793659257,244.10406171905163,0.05345921353472427,1.5102823916444027e-06
8554,-9.062240022010604,-8.840633401745588,0.8139842154926252,3.0062174810591396,501.17038971590426,1.9042848648990418,1.5141725714891308e-06
8555,-9.467551150717565,-9.101060814071928,2.100388705235176,1.3159863020018627,314.47394348289544,1.453870476352093,1.516430892662048e-06
8556,-9.8169937423599,-8.13067019379746,4.825840463390057,1.8297736735503267,435.65914850604327,0.5221925596079773,1.5185763830458278e-06
8557,-8.730240380904096,-11.108739971559677,1.9352169576939902,0.8958811532480254,469.51403802644796,0.09916071205618682,1.5210247946983283e-06
8558,-8.443589271451366,-12.710900877214144,3.6312038702786467,3.9305323958795215,565.4181636397813,1.1203213356587627,1.5237423406088557e-06
8559,-8.586122554878093,-12.764087670203768,3.189075353535257,2.394892918213357,445.0918786687146,1.5531679830864107,1.5259198171964825e-06
8560,-7.977709417763592,-12.229151543829452,4.584277886411102,1.0949859233256558,468.3574751653748,0.5201986006729085,1.5283782141392014e-06
8561,-8.342714974598064,-11.658560719630907,4.010121651666418,1.7694715834823667,420.05427356133276,0.1677490141040101,1.5313420822777512e-06
8562,-8.693430961617423,-12.28417428532871,2.4202063091000645,1.1235909334075838,172.35302558822275,0.17800759730889748,1.532044961683971e-06
8563,-8.345897757557188,-12.810119244883548,3.856905061759415,2.7143413998406585,476.307461577051,1.8654614456062832,1.5322132667401348e-06
8564,-9.049323343934816,-10.001331140688476,2.504818123880721,0.8097016066928839,385.65298403135415,0.09564092195848328,1.5326769863755832e-06
8565,-9.5142137025741,-8.39889497110157,4.783644420171221,0.7958803875614023,469.9784823925213,0.18867552814345245,1.5345557480014756e-06
8566,-8.796309497131322,-9.762565085818686,4.0710395479131565,1.1832626592618563,257.9978833935811,0.05406244512696379,1.5353388803445573e-06
8567,-8.511198296813594,-12.719051248546254,1.4688168592510413,1.331360046983932,467.8433795719256,0.9279185950771458,1.5355068112549165e-06
8568,-9.214420593947581,-8.482530144548104,0.8176052933900438,2.173784513431327,416.56166920128925,0.9874192491027589,1.5357176373039553e-06
8569,-8.526656638803765,-10.225621186674436,4.226530156327781,1.107228772232092,230.39657076916714,0.014537536037155796,1.5385796084390196e-06
8570,-8.826616142695318,-10.073152599128658,3.658800035424375,1.8318831504213706,437.41042811344147,0.29133568546066435,1.5394527180999669e-06
8571,-8.61658128823986,-11.264707371768782,1.5451914825197164,1.8535169223184214,445.03594438632865,0.08058229098599679,1.540859057976442e-06
8572,-8.585521687754758,-9.425343421141232,4.852267754534712,0.8130051069076061,469.28975765359036,0.002539278622301744,1.5421719143041314e-06
8573,-9.584781701452721,-8.892909560500648,1.977617854622832,3.116757517434419,505.621359169489,1.0344122806286746,1.5424905272046176e-06
8574,-8.71559637777295,-11.515657153333498,2.890320274019533,0.936611000473652,263.450064652654,0.5281016691361806,1.5466127927289654e-06
8575,-9.929673569198469,-8.291637569780974,4.405530016200045,1.4170597774553881,328.28765538835717,1.0756890473283915,1.5474593087376761e-06
8576,-8.585097268853339,-9.25113874549216,5.053637990078971,1.7048794301319223,400.76588876803453,0.6648415184895526,1.5506217923292899e-06
8577,-9.250247372053032,-8.399228703588694,0.8251614484706341,0.6936171735326516,146.17782550337975,0.2627057621089266,1.5507611752548078e-06
8578,-8.376890241217362,-12.621159888434466,3.7939901687797115,1.809722148175818,430.9179370255932,0.42032363539650497,1.5509029048044687e-06
8579,-8.067676613231427,-11.750091479444729,0.33555808960313566,3.50128514232061,536.3824213528832,1.1808150472270702,1.550960326813816e-06
8580,-8.642653175637243,-10.019825676542753,0.9742075936284047,0.994344184476374,413.12502071283575,0.586346595484744,1.5512792416397139e-06
8581,-9.671338720335731,-8.752779298748015,3.8666776717312112,1.1061692455459586,468.0694074383567,0.7133449441661917,1.5534807301396573e-06
8582,-8.016123792816739,-11.366535008737216,4.656476248849147,0.9379026503557883,467.9809968766015,0.17257648689049,1.5562541859246165e-06
8583,-9.643509175278002,-9.025958027220945,3.0703464499124373,0.5912237556870709,176.3817806913595,0.894991856670976,1.5667667596506882e-06
8584,-8.360372312305644,-12.178643624146806,1.1200551545424273,1.1406126741627847,299.19715048997244,0.7428803995665616,1.5671417878001908e-06
8585,-8.944777403723291,-9.846842411230446,1.6821959824941393,5.766981332549628,578.2442052967937,0.1342039173126519,1.567762993908862e-06
8586,-8.16228773855202,-12.287742167776827,4.257636602195696,1.0278838669967476,467.99779813111655,0.2858839184939148,1.5717276295278727e-06
8587,-8.761256327555547,-11.079581984954189,2.119217677341419,1.7608691104564265,421.0948121895475,0.7715256650315503,1.5717332637705175e-06
8588,-8.510938918998548,-11.50949974596025,3.641302137708271,0.9865275787424478,257.2745145307773,1.139314785416734,1.5728643163992218e-06
8589,-8.558411449014825,-11.337236546542082,1.3974095692066895,0.9596161111666439,249.30310862129483,1.2912846905615405,1.5730475871390487e-06
8590,-7.869966794069221,-10.735227102962806,5.068225701216641,0.6154058354960681,125.01367691080372,0.09725968120056461,1.575172869986442e-06
8591,-8.362593407213566,-10.051139249141094,4.656843685024783,1.0108909248869542,467.3397964294195,0.08049523748026566,1.57600470720551e-06
8592,-8.588885682765728,-9.406161673593617,4.858626041741889,1.2866449385391399,468.3406648326512,0.5138976332941256,1.57630803213543e-06
8593,-8.774924710166346,-10.99413072702776,2.906540407301127,1.0859802826347131,284.0394204916267,1.392798274259853,1.578872820885853e-06
8594,-8.629041181065848,-10.438058602955996,3.837381568627544,0.7024792504245553,187.77243090511155,0.4065538876693253,1.5801200254122092e-06
8595,-9.181463756710894,-5.0326425179858845,0.34344335581831875,1.0710654012020153,277.8140973313695,1.625069651051997,1.5804524376985058e-06
8596,-8.540770939396067,-11.275215726553808,1.3468903245790798,6.497986483633701,691.2502990459423,0.5331466189203908,1.5804953576378996e-06
8597,-9.875047997612281,-8.692072701538478,2.176807436885491,1.8804065632328149,452.1572089519308,0.47396231082124096,1.5806633861943766e-06
8598,-9.791196390833688,-8.305363985328448,4.549207827598367,0.8698439718025031,244.8407662369503,1.0026779522103597,1.5819268793043049e-06
8599,-8.561372318284482,-11.442358425958059,3.5182420016354903,1.0535396066497416,468.0933147396057,0.8595305791860826,1.5825909235690343e-06
8600,-9.58459389267282,-8.075139940127317,5.17838639181924,1.2314063007871108,311.6471190074625,1.4825206103506972,1.583421890602395e-06
8601,-9.061086682664943,-9.837271253693887,2.1298828631529454,2.220934596140721,422.29761998598497,1.091124815922309,1.583909837031085e-06
8602,-8.534137213291832,-12.225340324534166,3.4208464579569116,0.9800886573236526,218.70722298451932,0.03247687510231945,1.584315694632881e-06
8603,-8.32141197818596,-9.598327989344337,5.113347823047896,1.4954977851909739,348.10063673051553,1.0100520399320354,1.5844877996785227e-06
8604,-8.26338831204401,-12.336452071878055,0.5646546713141115,1.1461682486092624,293.3369194938711,0.6893410086512075,1.5851999940957512e-06
8605,-8.667716396313697,-12.646604048092827,2.686233192829542,1.2141106839657112,274.78159001418646,0.32229731410384144,1.587478362488405e-06
8606,-9.789405856980116,-5.250352043609882,0.9389766081556603,1.5929239567275317,348.4135355287493,1.0170942345254899,1.5900087965977894e-06
8607,-9.684456025824177,-8.120263314921488,4.984749196598168,4.913613280035359,616.4738649699101,0.5349170979192861,1.5905691740072208e-06
8608,-9.79246763610895,-7.31275653152291,1.1381215669598996,3.940262339132189,422.45945622927695,0.004505051795006487,1.5922352438132298e-06
8609,-9.195037039306836,-9.661099563232257,2.7361208388975027,1.2777387137130787,285.4232122467048,0.21188124110465356,1.5971651542772277e-06
8610,-9.196585298405754,-9.428583232664458,1.9258214673737246,1.8523630699265323,445.81393022365666,0.03337072366734617,1.599309656589714e-06
8611,-8.681808817858194,-9.636978582334084,4.425121914869081,1.7219932606099013,403.71100162982873,0.014118134476915678,1.5999173526021915e-06
8612,-8.568388094785371,-12.672614496715145,3.2359385825538065,1.7776399194616244,468.45152644948445,0.5621874053550231,1.6003328605693213e-06
8613,-8.71280241086955,-11.71213081386928,2.6954477430083252,1.048687623300714,209.3542441469046,0.007415324689372227,1.602438690631912e-06
8614,-9.478581364191125,-9.167948928944803,3.212942491048042,0.8554325119547578,170.63935294581478,0.6419963450461967,1.6028521631984009e-06
8615,-9.121590745815517,-9.269645278524216,3.9971669493374207,1.832553950483857,436.4456877956445,0.6034714946165787,1.6059935354159011e-06
8616,-8.693932149049376,-12.10908544785867,2.433854427046951,0.8470198617567966,427.52342589590074,0.2583922655195048,1.6109034266246574e-06
8617,-7.642969215451287,-12.40198424644247,5.025686390987527,1.072115167872598,274.0384331379857,1.6322193741829567,1.6123985585053675e-06
8618,-8.600053925542294,-11.06497557857138,3.544144219415119,0.5134682503223721,150.8111929218373,1.1358222454132312,1.6162694966812802e-06
8619,-8.732184550618275,-10.57610979070882,1.625300833313146,3.353379941729011,518.0974220721284,0.6447875375860361,1.6174741416849836e-06
8620,-8.09944732987397,-12.726569198895874,4.323422784920216,1.7719311953643144,421.4398795174739,0.6422199229386303,1.6193623620803239e-06
8621,-9.958634103509704,-7.771517866838982,5.179044820506679,1.2807648801075258,276.20596063377144,0.08393671299202499,1.624424376224234e-06
8622,-7.968383478109434,-12.752106862387018,4.5375230066439185,2.4122005545324927,449.795691866066,2.497099549299059,1.6247555313915552e-06
8623,-8.94848378701376,-10.274312837384349,2.624403173943022,1.9782741375329063,389.25868190588227,0.3647385479106182,1.6302586462007326e-06
8624,-9.078614267061793,-9.726736501987048,3.3058880836287265,1.1455889395077328,218.6403167996579,0.0015469849442526495,1.6308214657914781e-06
8625,-8.42108257584246,-10.49872153966891,4.240705332190217,0.8624059961400176,467.96923993164705,0.6618971562630946,1.6347765314263753e-06
8626,-9.970368446366907,-8.685771921171032,3.3461998763838503,0.9105787844150152,390.8969909564928,0.4555016043043123,1.6375068253968668e-06
8627,-9.659742764329444,-6.576038461889026,0.8202079904961849,0.7978087908498628,222.06982395910862,1.1002602816016553,1.637750382036895e-06
8628,-8.40146323883209,-11.85288355129386,1.1773986987808907,1.7080698520629811,363.223147328059,1.0561581912476523,1.6410964838318913e-06
8629,-8.553994386404279,-12.264924637640231,3.3307874787441207,1.8545603526243393,467.51443079936655,0.618460621602865,1.6424480314577038e-06
8630,-9.186870079842045,-9.183692134709212,1.5269055867806751,1.4313397212861187,344.40462938411946,0.33803490481610154,1.6442167136832376e-06
8631,-8.186391468940398,-12.381105284489022,4.188461105477603,1.1097611130201763,276.73835950933,1.5482219659642293,1.6449213042631542e-06
8632,-9.780954526259913,-8.893965386791717,2.967141333273192,1.2583267212392055,262.69687227582193,0.9073353604180863,1.6476427752403273e-06
8633,-8.512708564715972,-11.953944195200373,3.507642461224115,0.7411967702837574,164.5146403036823,0.22364926531309504,1.6506940739123895e-06
8634,-9.44077600579533,-8.701451160960382,4.343163067899033,2.4000004159250703,446.9309313037596,1.8554614802604616,1.6510489646245529e-06
8635,-8.321308187626325,-12.407137623387129,3.9136213970028204,1.0926283643651789,467.40675091591015,0.8023180521866964,1.6525876989475968e-06
8636,-9.442403233371362,-9.113047076054885,3.4761291077476875,0.8890596328354383,463.70019033999273,0.18423592841039138,1.6559291907265793e-06
8637,-9.131277259219866,-9.764843892671777,2.8402076057569063,1.1745672689404658,301.7790014404757,0.7304830548310486,1.6562525500848595e-06
8638,-8.67160064318067,-12.106826697641011,2.802462332015854,1.7593995397321263,234.09784165639095,0.4042572943849425,1.662114562090929e-06
8639,-9.350293081250738,-9.34349172893533,2.371088161599376,1.7967475339094057,426.080488010629,0.4800527926252416,1.6625819584449171e-06
8640,-9.450160837809415,-9.219781696362164,2.467960559629717,1.2708782915234682,157.65481554625282,0.2279702551528251,1.6629801113793022e-06
8641,-8.578487613251697,-12.798552091791176,3.1560337503976594,2.0574776492661084,328.6760206618398,0.13641432204368886,1.6637927950365855e-06
8642,-9.507260375718493,-8.802727164812687,1.6887882758574018,1.1056226578907096,236.27876821051717,1.00425074532654,1.6644629772606612e-06
8643,-8.635613195196846,-10.723616889459768,3.6046627750256968,0.9210532234401813,185.47743411118816,1.118918949362329,1.667041455826295e-06
8644,-9.256993459653446,-9.413476604358223,3.3148570499532894,2.746960074209134,465.84498783465494,0.6574613111579666,1.6687241677945337e-06
8645,-9.982170082452734,-5.294377264322619,1.1654662240883018,1.4360071260958975,350.3646963448692,0.04851238523981394,1.6713114472436525e-06
8646,-8.681083860909485,-6.216228335547528,0.2047731984957876,0.9573009047365961,179.03165732471876,0.11543931707477562,1.6720507989021878e-06
8647,-9.498944424937838,-8.296051904749795,4.935458093926503,1.8596997185310036,466.35315246958476,0.6226449872590996,1.6751786625669623e-06
8648,-9.647095198058835,-5.362906540871732,0.7258730671925123,1.1050818481690043,239.22317266403857,0.45681598146669433,1.6762281024404214e-06
8649,-7.897466285806545,-10.354823047059353,5.188462295438124,0.9262544698855043,185.4726448828523,0.3610605388675081,1.679039661721803e-06
8650,-9.48338762637607,-8.548843427096376,4.536265370390313,0.9815999765160481,160.51873427593623,0.11911758638285885,1.6823171766350405e-06
8651,-8.646681526076964,-12.216429120226513,2.9219634254616147,1.855081581528461,467.943337807126,0.07627170881994072,1.6830738522104841e-06
8652,-8.66507688315323,-10.567943730372384,1.41496188900925,1.976959223164109,399.683720690988,1.4613592849696522,1.6851543882153339e-06
8653,-7.764520150266742,-11.051641770950592,5.085768173401534,1.7254343210433665,409.23217955185663,0.7268225568037439,1.6852923192646152e-06
8654,-8.478849017444892,-10.604319926714222,4.050241364257921,0.8976838132450673,257.30254433111776,0.9195659125745532,1.6868941328978532e-06
8655,-8.71294005406697,-10.218335889270303,3.7664199548951176,1.3515135340758486,291.2708189064913,0.11568420804505308,1.6877295963870684e-06
8656,-8.872881583128265,-9.636309179302303,4.0034911704291005,1.152061003239018,238.94779224880037,0.16946974048476893,1.6906390702417746e-06
8657,-8.72713178184264,-11.167648226086456,2.9741343122650283,1.6641949263532618,468.5946550754435,0.5023986630477415,1.690968864763067e-06
8658,-9.23502793659301,-8.77162859130669,4.564524486819575,3.8255795561485018,410.24234876684613,0.009898145213842469,1.6924754138860568e-06
8659,-8.90416147529394,-10.408384602969916,2.5261512003419906,1.2305730011889207,298.04943112508505,0.5385799870006878,1.6980542447724228e-06
8660,-9.196126906517666,-9.578765658102316,3.081467688340399,1.2337372582005295,300.98587862718057,0.6940222231494948,1.7029051656397924e-06
8661,-7.935013586503296,-12.803856441101209,4.571736619417335,2.4528389162760775,433.23485122785246,0.5830690550202648,1.7051227079872627e-06
8662,-9.161599217409794,-9.51177252813435,2.0014285724445013,1.0185641403574663,278.4929877862451,1.5465916391010959,1.7059892154997499e-06
8663,-9.61755601698355,-8.093475667470969,1.2389693804417345,8.988917139424371,377.1693713100081,0.20040402908873833,1.7068888859097766e-06
8664,-9.01704879354599,-9.02452465804842,1.0047698934035094,1.0522290172561035,274.06565722962324,1.5900425766288082,1.7110162558083411e-06
8665,-8.569162774746463,-11.404679657156088,3.4642332345524034,0.7686214492140322,152.1549142019897,0.012047747057557956,1.711931012085122e-06
8666,-7.564705500296474,-12.010233168945987,0.1662189580182012,1.4018386844975876,468.74365278806437,0.016234233954936172,1.7124417877979501e-06
8667,-9.243390761780978,-9.518742271051167,2.9853792752729214,1.8869393507123948,468.96843758640426,0.5664784729082282,1.715697715323164e-06
8668,-8.363173090536192,-11.431211109284533,0.7165261247963386,1.4660318489860513,338.9148106238199,1.8347288598074671,1.7181459114358667e-06
8669,-8.868242976422078,-9.594424036682193,1.2576423002175616,1.0645911044985628,467.45837675687386,0.2392091256347264,1.718201398409577e-06
8670,-8.669538256972174,-12.426107373638265,2.405740076479849,0.862568759925883,200.0523521791626,0.8997798801969497,1.718706466765874e-06
8671,-9.661768465552608,-8.225096660697208,4.816308799424374,1.7160694931727225,403.9143296322213,0.4240577720321346,1.7200726752087546e-06
8672,-8.855454572030087,-10.597783868794195,2.6125656050406056,0.8431095356654058,469.51104237686775,0.15762168386641218,1.7265665964899934e-06
8673,-9.233085835072576,-9.550337888901623,2.5342296877749244,1.6208495082584164,469.73776908292535,0.03607325797000538,1.7286592579751248e-06
8674,-8.477722318150729,-11.801974775999867,1.3270395142186258,1.0261212345006043,468.8273440649268,0.9124118094355698,1.7287490809326038e-06
8675,-7.778911879244124,-11.996256275331854,4.868342025187897,1.1502219777101486,182.72356699198482,0.1505814791189506,1.7301485523519065e-06
8676,-7.7577518667376895,-8.897067994322303,0.11914594558237192,1.3522558646956004,322.2589040894359,0.6494543614558017,1.7318275239694104e-06
8677,-8.577228483095263,-11.410575766868206,3.4315466621216317,0.8733379356620742,463.3525125794291,0.8716509593634436,1.7342987884605063e-06
8678,-8.663640660131767,-12.543362750611543,2.3595035589055056,3.6408564613252254,531.9063261926061,0.40910321719734544,1.7352346532548207e-06
8679,-8.76133116255339,-10.45372994849651,3.405438305621873,1.416031802625932,337.0733706085518,0.2708024034966412,1.7369970539119943e-06
8680,-9.85743861051868,-8.161414077074925,4.672929378413066,0.9257977039291544,469.133375207074,0.11685641973357885,1.7376569898371318e-06
8681,-9.840276440425207,-8.776072066024437,3.298016358346431,0.8531345246006604,208.95096203866512,1.340814016767367,1.740018291413439e-06
8682,-8.633132482535158,-12.883715191438222,2.8075171757072233,1.493176577885189,336.0572901558661,0.7754317321464992,1.7435989238089153e-06
8683,-7.83798767622658,-8.639055975620458,0.12066470258468573,0.8850713524153075,285.92825870432154,0.30955803377626534,1.744615912285283e-06
8684,-8.566896025183727,-11.598460216398177,1.5220915039811547,2.1985738754970643,368.28165704683886,0.16058040841858823,1.7446259888565937e-06
8685,-9.692699752919987,-6.166485082886962,0.8394786235860416,1.2616568844901541,312.651637422717,0.7438175454091613,1.7523680872899524e-06
8686,-8.993768033066836,-10.057238337912658,2.8605523729839395,1.5070159920906117,356.6852694634859,0.29949266856886236,1.754983386718454e-06
8687,-8.532331187144374,-9.655585454604811,4.655866017997553,1.196555862779377,280.65894474566534,0.4050959001173977,1.7555929589866242e-06
8688,-8.469128112945898,-8.649635746480104,0.3021394078390538,0.9584293949096968,466.56815853493765,0.1720533717745285,1.7558995498572593e-06
8689,-7.555875732790573,-9.907544330775071,0.12403390238884325,0.7627874438360416,190.91791007700985,0.44112243314682864,1.7565588877977556e-06
8690,-7.838458776904967,-11.3031345962718,4.902997900764652,0.7510818395355724,158.44169860504363,0.6980821303856883,1.7580851392305293e-06
8691,-9.798005851650835,-8.860018196209545,2.703053103716287,1.7529265839577044,467.99766480806187,0.8983793274091685,1.7583530600081293e-06
8692,-9.97749671129872,-7.338449942937507,1.2837645556768529,1.073373933620104,288.0511053188069,0.8526263103486125,1.760885080958008e-06
8693,-8.092110324031111,-11.657728010960176,4.430546846687968,1.6383476284898817,343.48326256649744,0.5337213774335554,1.7617400666797247e-06
8694,-8.882227777082543,-10.121721393030361,3.3356960070761152,0.7636823748239165,152.4794452758131,0.12225109400912793,1.7629879515526508e-06
8695,-8.440303736193913,-11.399729408727868,1.1981020512307152,1.1626829638718437,468.0957573497869,0.5194193164632681,1.7643717909276857e-06
8696,-8.484581720235756,-11.535111420783176,3.646389743940154,0.7083180136209334,151.56900452816785,0.0011919561890536556,1.7653825333100324e-06
8697,-8.309548485130845,-12.296177558358476,0.7654138885404427,1.7951908511509662,468.00619495633254,0.3708972868064331,1.7663489887597256e-06
8698,-9.057762314411528,-9.73668043060762,2.0086580785362127,2.464203088539268,450.58406485839424,1.429614380160655,1.7718661710788642e-06
8699,-9.925862345862122,-8.749812251384919,3.025310400867648,1.5043470077535295,348.32954799825876,0.3188076612474502,1.7725793158625601e-06
8700,-9.426167092451978,-8.911069480951744,3.9425899389384345,1.111032689624168,278.42630650111005,1.2430721326219336,1.773876866825217e-06
8701,-8.621075178425086,-12.746078184695525,2.8975370118240154,0.9782046071078233,270.39966269731343,1.5011334172754047,1.7755258704118958e-06
8702,-8.597181827843608,-12.675394397440133,3.040235665149001,1.624859806140986,467.94112437655514,0.37730188836014467,1.777469236055442e-06
8703,-9.581438392243264,-9.004410008847376,3.285749062746608,1.1209665782173168,227.04689582104524,0.05321326367506085,1.7790826283365913e-06
8704,-8.572752270197688,-10.493418211345542,3.8795376673174347,1.11775697490675,225.65618843063461,1.0215052047633701,1.7800830404787716e-06
8705,-8.971436870506164,-9.757219834606985,1.7138236853470112,1.7335130160478258,410.29280963220833,0.0003350612259778174,1.7815735373557014e-06
8706,-8.95452601916346,-9.930579823371648,1.8958208503155127,0.9084314704953637,237.64771225256953,0.6116724396994329,1.782076471075003e-06
8707,-8.262793963188358,-12.776962806300702,0.6056835875053322,0.90826964465026,191.6863607546547,0.49561966335861385,1.784015399126306e-06
8708,-8.64553379942967,-12.397104946305184,2.1180682751069138,1.6323725760394967,378.5883501751724,0.4016509133493491,1.785683914505493e-06
8709,-8.901278985076008,-10.286819814267878,2.969926171747776,0.9642482513589041,228.15542460810804,0.45110610358182246,1.7862133455648155e-06
8710,-9.703488123218285,-8.860565004622442,3.3933332457625576,1.9375843068367726,392.2774406933837,1.1860619131629262,1.7862828366478658e-06
8711,-9.863928863056737,-8.797457811678626,3.0074750736902316,0.8573482309427894,468.1334248076505,0.49892563341805296,1.7874625706489604e-06
8712,-7.867532313641275,-11.485328436637946,4.814660331364008,0.8747108388809371,467.305387162605,0.6963000806469104,1.7883275297676178e-06
8713,-9.097306675003718,-9.327665512749377,3.8974185376111694,0.9711664141240629,224.19584282318715,0.0523676101921664,1.7898955565360998e-06
8714,-8.403425795381047,-12.695888722135255,1.2685116418085876,1.5109737379686465,467.9509606807092,0.1651778306263605,1.7935835728733356e-06
8715,-9.53296061373477,-8.954298885902848,3.5843445039484805,2.5272738496717544,177.83049553390245,0.3622657267748117,1.7948522024915912e-06
8716,-9.069473516396258,-9.874650840755427,2.5148281056497015,1.7063034992662267,179.7506592160609,0.2513868590351036,1.795894637899318e-06
8717,-8.491285691854085,-11.152129227928391,3.7426638987768426,1.5259055667959498,217.66302807784078,0.46844998290453077,1.7979693040557066e-06
8718,-7.5607651933130064,-11.755748517743225,5.171502711105556,1.3188548464369532,280.37794929368556,0.09940121557713599,1.8012677306249312e-06
8719,-8.571211879924945,-12.967850343627171,1.7840328542116168,1.841293124204923,441.4627780100143,0.2794936903531928,1.8016123099605096e-06
8720,-9.490129508566831,-8.785953282091686,4.052770159603042,0.9709322990551378,258.48481833915065,1.6340907546196943,1.8043905887374963e-06
8721,-8.472821808108053,-12.855058962517763,3.453919985357556,5.151795515220787,319.9350909253988,0.25136173651597016,1.805335905914917e-06
8722,-8.720793798738498,-9.748780199382205,0.9872102988990653,0.8721717495948955,252.34563749851372,1.6026888290534549,1.8061983436465957e-06
8723,-7.817717412800743,-11.330220474974432,4.917285990456093,1.16169541713161,300.5897216506471,0.7819599291996111,1.8076896759572453e-06
8724,-7.788749607571331,-12.457856717682095,4.795753205665416,2.3768145095967195,443.69842269054925,1.5897223712658821,1.8098360075006296e-06
8725,-9.153047928478216,-8.720389539489732,4.757498850132591,1.8503776012136344,444.5364659257984,0.14754424597771454,1.8125114386548496e-06
8726,-9.204359760562015,-9.425780517113603,3.406524372209291,1.651365065859782,387.2378373441255,0.8218064052588554,1.812899462657917e-06
8727,-9.607316695867773,-5.384424303066167,0.6883048440025703,1.7567005895926529,416.8162242027543,0.2822211729458832,1.8173771035534405e-06
8728,-8.118340753587772,-10.095838719872349,4.986428799117936,1.7545894785338176,452.3821558390025,0.05412322629470001,1.819605084212422e-06
8729,-7.919990970929126,-12.969114620340697,4.565802769053529,1.2758599967087376,467.83703739563026,0.12855964762505767,1.8211684111010154e-06
8730,-7.841845963463806,-8.69107288389395,0.12554358749035097,1.3520341888671725,309.74597926937423,0.2734723581096441,1.8241060658620844e-06
8731,-8.994059095944852,-10.067231715698085,2.610907201985684,1.5438770727892424,470.532516790477,0.01612580229316052,1.824753036051404e-06
8732,-8.342083835093177,-10.918611747541092,4.155255420617792,0.9119007468723205,175.960776292638,0.04948584754245555,1.82574424438158e-06
8733,-9.426024503262308,-5.095570348658109,0.5038159207919607,0.9447078826127366,265.4150688107418,0.7490673985833896,1.8265980860604452e-06
8734,-9.90929544217435,-7.567212052870353,1.2877018252307726,0.9033573274043076,236.4854642701961,0.4823542520473767,1.8268728262268898e-06
8735,-8.583038500695022,-12.196593917129102,3.1600421187254613,1.076536064423623,253.99821239052676,0.9713237976978428,1.8376175230662263e-06
8736,-9.387800343769861,-6.265894129542783,0.5086256950376915,1.7242115824006168,468.7731854793244,0.8877236623024585,1.8412360027670576e-06
8737,-8.391208665350803,-11.222001178816866,0.9224287977005893,1.8495329629073838,469.3479834159072,0.24258348476983738,1.842175031313026e-06
8738,-8.707732226793063,-11.581355018823338,2.5698877262274116,1.080637932601417,193.72334739120498,0.11271722194932021,1.8447614203594765e-06
8739,-8.349964838080263,-10.418681847037691,4.376292679813654,0.9596075067739512,467.1814428107628,0.6213274089315268,1.8465454606548517e-06
8740,-8.05748851549441,-11.435606485384897,4.517846994679851,1.833832580073306,437.5244163197314,0.5200771523011118,1.8469594634725915e-06
8741,-8.635713516515183,-11.390668578130743,1.7522959144464696,0.8869449287322522,234.2027843290311,0.1565451370579165,1.8474586231737398e-06
8742,-9.117044016943167,-8.907037138071194,4.514390716924942,1.0757420636155153,466.85234349600756,0.6814899714883156,1.8534697239589473e-06
8743,-8.51212377044583,-10.425629518568538,0.7476465487949118,1.0999328003961646,278.09869419846314,0.3402864330865709,1.8547862003509316e-06
8744,-9.114930600468403,-9.636859796958428,3.227071620427582,0.9469254705099285,256.41739313383204,1.2089095429424832,1.8569172851546187e-06
8745,-9.159961234483022,-8.83850691565944,1.1703035815444804,1.1113873638179057,260.3038477617322,1.1436639300356086,1.8577571688244393e-06
8746,-7.960934443978463,-10.446809626619569,5.015523125198484,1.8559290402495112,444.3114884417182,0.5153286145211275,1.8632974045895893e-06
8747,-8.05323300802727,-11.469255158878116,4.514431762190283,4.144513731084969,548.3238497316967,0.2357172934052869,1.8645760024019107e-06
8748,-9.381400310416087,-8.681376529558305,4.42286564496838,0.7359768695426844,457.7112166405483,0.2805230361070983,1.8655842838017415e-06
8749,-9.194709070925121,-9.432416626937242,3.398232602590679,1.0491730530362213,468.1448353326029,0.5666600721478572,1.8663889485210722e-06
8750,-7.868753324770129,-9.62496509905214,0.21036798262881384,2.078949671377418,413.16631256316725,1.845036352765482,1.8692318110934268e-06
8751,-8.104752489182463,-11.214335757156995,4.488356825623113,0.7433213107037913,204.50218907215873,0.5367404256267845,1.8697519154077206e-06
8752,-8.760153455777063,-10.935253773488132,2.1852240277970307,1.0036941722191648,266.25451852896884,1.2341159379658437,1.8702958193862768e-06
8753,-8.787345456641344,-10.880757693514475,2.3977536609795838,1.8758011151069138,389.65506702783017,1.7195793710161125,1.871979888380647e-06
8754,-9.071478505501545,-9.515502893974311,1.732941211844341,0.5874002471529282,174.158281054735,1.2334806589095688,1.8760825182756985e-06
8755,-9.521148264604154,-6.985020821916172,0.6996191497305985,1.2235336652955497,468.0139136574853,0.62905996802641,1.8761858004479202e-06
8756,-8.323710981682813,-11.969819834396235,0.8735030374868566,1.5266814250938037,468.8896438653486,0.8527934328000581,1.876663239121731e-06
8757,-8.176647561000143,-10.953394886840336,4.443536291975391,1.2670085305580505,266.5517986929303,0.7932597745687762,1.8774389560669824e-06
8758,-8.583461751613706,-9.1737886573411,0.41196185288148396,2.0834272716875493,410.385877113746,1.3647073150741527,1.8776740276238988e-06
8759,-8.665920004248989,-10.996266846069751,1.7018441227451935,1.874862279622178,378.01683199612233,0.6163964641355841,1.8780909028538027e-06
8760,-9.55198750018842,-8.88668911495511,3.6802595601791968,1.1116593890155912,274.2439833809404,1.0258864574767275,1.8817106284690171e-06
8761,-8.876816894087675,-10.39870262932901,2.813889883487682,1.5957407090178413,376.7242057943669,0.3258515848185093,1.8818331186895204e-06
8762,-7.6750931731248855,-12.030282477951532,4.980012846563999,1.1977900921069837,468.7257207010277,0.3929261407428841,1.8820616101372511e-06
8763,-9.370137702546575,-9.25455205215928,3.1876554156696972,1.67573686528203,399.70162947844864,0.28553834882681883,1.882180760658122e-06
8764,-9.011416394992263,-9.850240851615292,3.2025258817165487,1.836783681663981,438.43426376080913,0.17117561949821614,1.8824699592034679e-06
8765,-8.160123239717782,-11.437021690086462,4.334354552034142,3.334072706627907,524.9601660127838,1.3323578490730226,1.882675727036456e-06
8766,-8.593387927327635,-11.890659091918486,3.174431130526897,1.0350130318629798,207.10270317722907,0.032150562935146176,1.8831290531110317e-06
8767,-8.657685772725227,-9.92525978562918,0.9601429816141195,1.7253899727702136,405.55320939629155,0.17871743824989128,1.8835912109339664e-06
8768,-9.238355087614874,-9.470345379942696,2.3347653480377923,0.9016423441154459,227.03532304898644,1.4029136355207523,1.8850596887524031e-06
8769,-8.556889155073867,-12.168146904690545,1.638571720936876,2.926260967249177,437.89538501862575,0.14762133703093117,1.8869447964105772e-06
8770,-8.674957719217065,-11.990452791411384,2.364836013323499,1.593584120566285,355.9469713535446,1.314277671629303,1.8900649440072898e-06
8771,-8.890281752775898,-9.573914559685806,3.9897604505396145,1.2504420420837064,274.07793777412735,0.484261394502405,1.8908053856233967e-06
8772,-9.454408163333717,-9.197055169711685,2.9095166900421012,1.3280859428282454,450.94087126068064,0.38457354820200695,1.8919763521220683e-06
8773,-9.33993128036233,-9.261018711281073,2.2073259289593814,1.7973775192999961,428.1456932174773,0.25468714534724235,1.8966504200455245e-06
8774,-8.622353458913883,-12.164268882893724,1.9679842948474138,1.1747887104678558,249.2827292882055,0.2673488883841104,1.8993002613503665e-06
8775,-9.473160905825438,-9.065549846269453,3.407106322822552,1.7330457281013654,408.8748857538873,0.5816216736887929,1.9004078572063777e-06
8776,-9.031628229647705,-8.927360561403155,4.627568790723781,1.0031285758322352,272.92779897453863,0.6402619985273343,1.9031679494658649e-06
8777,-9.102130510064145,-9.733522056536524,2.9852219973420837,1.1082205201351845,466.2485781024655,0.08665619618370801,1.9044813998618517e-06
8778,-8.119856752683356,-12.503423785280978,4.248367661516641,1.3563496856248856,327.89992730626676,0.37719202639997906,1.9045001810146743e-06
8779,-9.285535322423055,-8.470148826062086,4.9214055482076775,0.8362022984539841,140.57182752866316,0.0039025752984889195,1.9046287441765221e-06
8780,-8.48311966200612,-11.834655729489011,3.539129779538091,2.2646857789295356,426.6197210312022,0.8012813002580748,1.9068517289532444e-06
8781,-8.992042692249298,-9.697353010649149,1.7372906469826996,1.6433294576338306,385.304388495211,0.4053816532209815,1.9069438793428261e-06
8782,-9.324671364508355,-9.377446794930098,2.638500165371481,0.7215115049275611,155.97494078084395,0.46990907235530077,1.9071571361326264e-06
8783,-8.389602642800657,-11.983515099162853,3.752597626493322,1.7335313215395762,409.6408182059474,0.5225391630028993,1.907310518109812e-06
8784,-8.202006025701182,-12.474305475824112,4.095023732097618,1.213437489295385,251.2351270700008,0.5287801543993167,1.9087403352299067e-06
8785,-9.69079280153267,-8.68048365861119,3.8684929123937284,0.9891560536768519,468.6345424812279,0.28892032596016026,1.908869499584375e-06
8786,-9.770696812369778,-7.8392964779499055,1.2751175464797764,1.4730111696717476,184.03929566451055,0.19520244805486886,1.9092644990636483e-06
8787,-9.022055596414022,-9.719700694329653,1.8842210143313962,1.268299059247903,151.31460952565718,0.2859501912137761,1.9100261940978965e-06
8788,-9.967316606054611,-8.70310407520326,2.752519958741972,1.3581773576960245,331.53234501802535,0.5190183501758989,1.9101064919144967e-06
8789,-9.369703126838381,-9.20765141025906,2.189633484130554,5.434519177740465,630.7653564746716,0.2796277744114777,1.9132102026985647e-06
8790,-9.302639429408375,-9.299362838406577,3.32063358908799,0.9261214275663116,469.5521270663415,0.13388254988232884,1.913326131225606e-06
8791,-7.669501477239109,-12.894499616526296,4.912050600179871,0.7998171169135053,181.98126324544904,0.03999753669076256,1.915093177979371e-06
8792,-7.899212316613507,-10.804805649121748,0.22975594672502586,1.0409976260737472,277.6853307629588,1.6703575539755313,1.915431295142367e-06
8793,-8.638453626685333,-11.84777627665008,2.9669236612107692,1.6527146234037289,468.5412842690288,0.1834559741510038,1.9164154455345926e-06
8794,-8.615991232971108,-12.958927738444798,2.1045602411475377,1.7935129577115703,374.58465829713003,0.3466500551911924,1.917238711633486e-06
8795,-8.319012379604748,-12.372996355644535,1.0738474928541881,1.3689235210876949,322.883726021661,1.4516571733380372,1.918309576749216e-06
8796,-9.851812862955308,-8.262468880555865,1.5564098829307558,1.4465313519140046,344.5430575155237,0.4095945886656782,1.9204862061644745e-06
8797,-9.122630500480243,-8.192185423896388,0.564444780013281,1.0602177007010485,230.24710908086217,0.6737823451590579,1.9243890665893195e-06
8798,-8.494500264719026,-9.740778749453877,4.606025606250015,2.639183745469893,465.2406147496331,1.1281853216953994,1.927714657874984e-06
8799,-9.15625001125403,-9.409078397108239,1.8526337674660365,0.5948983745165707,165.4021736684638,1.0084584639382497,1.9288314427590952e-06
8800,-9.571263281720432,-8.033293572318154,5.183536838234868,1.0200308274357017,266.74824691044955,1.0219319704689598,1.929687340597315e-06
8801,-9.961805666162634,-8.661484623657257,3.272053849280164,0.9363154384690603,469.32027606438936,0.00502985981718318,1.9357485033774695e-06
8802,-9.560187900066884,-6.30008123022424,0.6760518213893896,1.7281484135075305,431.5704533226113,0.5850315644583874,1.9370062236028597e-06
8803,-8.548988080768355,-9.904983037099976,4.346099240581485,1.3298849387702079,318.22997453980116,0.2984326026312827,1.9390482380264417e-06
8804,-8.610927528768517,-9.438036872097676,4.708877436339343,1.1164215897724283,356.28083271500094,0.9654824425023536,1.9401279373682834e-06
8805,-9.128851001364039,-8.473740834168302,5.14814707728341,1.6276940222774472,469.6659649430114,0.04007107374493035,1.9415704991666796e-06
8806,-8.288641751634913,-10.680609606400266,4.3386187951003965,1.0924522738979001,469.4668766521045,0.07973795717683796,1.942849952999738e-06
8807,-8.982660558753953,-10.064797083710708,2.594558582110065,2.680207716863555,461.12200913464244,0.6813364964335706,1.946198375738742e-06
8808,-8.50796200942199,-12.810699966556411,3.311182012728265,0.9206245346780713,185.5603553897355,0.43736487847897454,1.948621154012241e-06
8809,-8.620398535987832,-12.6680325471845,2.092149310776506,1.829956232955948,467.97401945968454,0.44147239631951685,1.9573181696818345e-06
8810,-8.662529220108883,-11.519176513569299,2.9570971131940422,1.1450765357357273,467.7703078562721,0.4905686995134122,1.962073440809213e-06
8811,-8.658413577536283,-12.13182558522476,2.3268747798639096,1.707847409315871,401.7518027155904,0.7115331826168179,1.9649816069400586e-06
8812,-9.600544740850943,-9.02386103440492,2.779191142692012,0.6683694476017332,185.50740658925469,0.36768192772063824,1.9653082801791953e-06
8813,-8.159580274118628,-12.694133965490357,4.14923687693704,1.6664309923532628,390.5241352480471,0.4008236238042322,1.9660451109260516e-06
8814,-8.702792243128748,-11.497042934308482,2.5479322537180864,0.9975792227852598,267.3253142085004,0.2708505697727608,1.968958106422612e-06
8815,-9.351417464041205,-5.043618173627268,0.45211256894664503,0.6139631446485447,191.05055833229608,0.9230729172533421,1.970173072553341e-06
8816,-9.652640792165613,-8.432372022951975,1.4952512876957391,0.8948875486478586,183.7670822825297,0.5886345108468101,1.978098583828416e-06
8817,-7.533616984314452,-12.669111477587887,5.082124435272899,1.6209827465798665,292.27509020717275,0.5350835369980969,1.979627870145795e-06
8818,-7.863481603011158,-12.852884410278005,0.2463981348487006,1.178303262717125,467.5983260069848,0.08542914727528483,1.9819952919534192e-06
8819,-9.216716238195286,-5.780038006265752,0.3813889416176845,1.8450803540750962,443.007411247919,0.2283922750664109,1.9866870227048776e-06
8820,-8.820872367147008,-8.160698061726563,0.3809589578160043,1.0449540600643141,239.81230805182267,0.06684444391381561,1.9892532533686185e-06
8821,-9.399587113608822,-7.863604551738607,0.779497367602192,1.9033669404476277,468.5262603882631,0.3990879327963457,1.992877670857019e-06
8822,-9.39602954066411,-9.0824077729754,3.553645606720377,1.8228880062730857,467.7863795799816,0.30987325434606383,1.9938128176373932e-06
8823,-9.864859631022247,-6.979576871685903,1.1707443392949786,1.3141541534106997,306.2546308457888,0.16562433561866108,1.994119663493712e-06
8824,-8.536987806925147,-12.218739737179254,1.5987578769234987,1.9615544464491053,397.33564550724884,1.3811268541334636,1.996085060804917e-06
8825,-8.59782954985401,-10.10454895457929,4.060487154161331,1.8606619125993729,387.9243672687455,1.7979093237805408,1.9978145418418e-06
8826,-9.751270860722402,-8.869538925557169,2.8710854684027987,1.2089064103179934,180.20253313432298,0.16426098877421413,2.001031377849766e-06
8827,-9.629072805907406,-8.600790020803354,4.118608866289435,1.5748470112843247,451.32938771985954,0.8948931442125101,2.0035926997115632e-06
8828,-8.165586555162362,-11.634685038071156,4.25962893342412,0.8398153809385427,423.5711398534569,0.32834077402031436,2.0035936038381496e-06
8829,-9.320631427264415,-9.331329755219624,2.3951431066622493,1.116761015847251,203.80151152978783,0.0881808552779555,2.0130433089454997e-06
8830,-6.928900160652654,-12.9281123588732,0.04563789976161693,2.400273323795191,443.2682822075682,1.3042846774707533,2.0139469198727187e-06
8831,-8.934915151546603,-10.184916898083296,2.6987465093760106,1.0652087255965166,468.0847351221354,0.3524501582045021,2.0167413852428666e-06
8832,-9.77964815225799,-8.174484688150809,1.4249102318666143,1.2675389089481506,310.3882144665138,0.7088918712288681,2.022546133289656e-06
8833,-8.235202947780467,-11.125266876373392,4.2531953111320435,0.754011679792968,468.0391920790314,0.3515893679961568,2.024042019619762e-06
8834,-8.982383742637198,-9.197150411582474,4.286010979432269,1.804449320705926,451.8749145220028,0.9281883564996214,2.0243452795770965e-06
8835,-8.659413612206297,-11.764511793333941,2.797169354792462,0.8155795748988326,168.85447096669674,0.09597718717243175,2.026017450089176e-06
8836,-7.636660580666149,-11.349967489702571,5.12094751356233,1.1307872042727656,467.22385735320375,0.13689062588969936,2.0290914162024955e-06
8837,-8.61033407455669,-10.217482900927614,1.1556966474455366,1.2773972466006918,280.8930248833069,0.4533510281854163,2.029999465320071e-06
8838,-7.864696930838174,-11.596766659531355,4.758990093057829,3.2348326846174573,514.1911605853434,0.9851602766911247,2.0361383670498e-06
8839,-9.384509958756915,-6.137689321964274,0.510098517243357,0.9211928138469644,467.8040496176491,0.6392576194836801,2.0377177744730403e-06
8840,-8.304421060836711,-11.015268462123217,4.149977149400155,1.7102496781096581,468.0073586500466,0.3714481054352339,2.038012603971083e-06
8841,-8.598627281462155,-12.956221615386548,2.0365419059975367,1.1435276451518916,132.42854221455696,0.316808992113617,2.0418129817550414e-06
8842,-7.426244286106263,-10.954258063232121,0.1297043785697821,1.805735041455897,468.3550544165018,0.39717407663896687,2.0435202940095208e-06
8843,-8.481604766741448,-11.950395489374438,3.483122696988639,3.2300069624675536,515.9920394633765,1.226106417012347,2.0462581764914266e-06
8844,-9.96631716218867,-8.660707101767194,2.5386087684525704,0.8437221823705592,207.41727493403076,0.8486162879060517,2.046498807381387e-06
8845,-9.592046029789998,-8.836393071018819,2.0127344818661093,1.2148904527148887,339.18900682623837,0.9116852094738119,2.0466967788011244e-06
8846,-9.147810546740295,-9.572330421541542,2.2156871539102974,0.6474856307258554,123.84676762808868,0.18079871650336088,2.048284800819807e-06
8847,-8.99149322526781,-9.801340535357458,3.30966043531901,1.1377495867046747,467.59138302329336,0.21749133055445036,2.049538595442124e-06
8848,-9.938984114702432,-7.786885635477182,5.089502123190584,3.768298481655633,544.9965129040025,0.5537344462304779,2.0545890527708215e-06
8849,-8.461472578744573,-11.46579314682086,3.6504806619239245,1.8880835301603784,454.6608552415836,0.47097690192411257,2.057103209714307e-06
8850,-8.422117186134075,-12.244428331229672,3.5954131106193126,1.0932223881619054,363.5850553159114,0.6563562294615846,2.060269672979357e-06
8851,-9.754939795625724,-8.652607628663466,3.756060293199896,1.662757722544775,388.3888678420247,0.14209374412246056,2.061874052523816e-06
8852,-9.245078741738824,-8.503857850720337,1.0014523496062167,1.4072505962819526,326.3177979700838,0.2375635139338197,2.062343050107606e-06
8853,-7.654782753069572,-11.6643310755193,0.1787329128798408,0.8606277451729532,193.22792627787283,0.6469111781499128,2.0667384747141937e-06
8854,-8.058851461295301,-12.541683724651826,4.324603898539116,0.8967261939098616,467.83774612289994,0.1098154578943431,2.0707191726190036e-06
8855,-8.635593703714237,-12.214197585948734,2.1622691984376248,0.8986341559518124,226.17973057950158,0.11242772297635728,2.073946282353244e-06
8856,-7.590347387730825,-11.528196385090105,5.134689595611298,1.0245075829756474,468.3846554568771,0.7411814501367813,2.073975428546126e-06
8857,-8.9014183078854,-9.646613744455236,3.8135076653706026,1.5378636343301293,386.759281090697,0.20279978283094113,2.0742825799458167e-06
8858,-8.625517149401583,-12.910074530401532,2.4137948414228827,1.1840871186758182,242.96493842875572,1.0346513012034322,2.0759413615776853e-06
8859,-7.878589110642797,-12.439565118151709,4.623867570457589,1.0566278616923017,237.24052368245347,0.6391867152120758,2.076460965411375e-06
8860,-8.668491313911986,-10.221987181536422,3.7726944076708087,0.8347311081763193,467.3339423035933,0.06042670246302073,2.077071005649211e-06
8861,-8.892811501415734,-10.309807283558648,2.673886723865846,0.9288955796466242,190.66114800374734,1.0064808441096247,2.078391469079079e-06
8862,-8.559853302608124,-10.90636494388321,1.351686330243961,0.906460380941225,234.16807383922938,1.0075319931723596,2.0803642879819324e-06
8863,-8.491316050718135,-6.646650977798881,0.1671128084556242,1.0451038290059895,214.13165075311446,0.9098313854928222,2.080588350468596e-06
8864,-9.694456001712267,-7.938366186701773,5.142778911976047,1.3733599039238369,309.7136377467893,0.38087221665613136,2.081440688323683e-06
8865,-8.404076190410112,-11.741960289246787,3.7223320998269123,1.4015785889458834,294.9924207736454,0.5076972403868023,2.086058535685982e-06
8866,-8.59803789838857,-12.425248490003169,1.949984598011942,1.9066121939344416,377.93781203340774,0.7038223823390899,2.087275270523526e-06
8867,-9.91325506892625,-7.932014460226616,4.900186135233522,2.829442820720049,372.3643305153295,0.021448014880152577,2.08770605094852e-06
8868,-8.54317885237408,-12.253036711744038,1.6450315571763545,1.0446336519933093,468.40770993142365,0.5392724998524621,2.0879052988519338e-06
8869,-8.35438925072257,-11.46348361906877,0.7746713004066794,2.1262939933178373,419.7675858932162,2.102197130028043,2.095074615104824e-06
8870,-8.850520368730646,-10.13811471710653,3.3017755723663313,1.2196243524708017,304.40137733038046,1.6866340706206886,2.0994631183646716e-06
8871,-8.700837616999024,-10.354632029449624,3.5650348976646846,1.078672531780202,468.3707690486934,0.5252565797520861,2.1000052326663927e-06
8872,-8.369365724864439,-10.190410073110298,4.436305233221428,0.9065386758524885,195.22282633532438,1.0306610372265714,2.1014856275045248e-06
8873,-9.053288975651402,-9.844248593438476,2.6908617540481985,1.5085056807916468,342.05787114051066,0.3918000919093103,2.1019636507091627e-06
8874,-8.262410555421903,-10.513437035390496,4.438726428377795,3.0860558706279275,505.3847993112653,1.294382730618957,2.1046201801608254e-06
8875,-8.218317019925138,-10.834453438648968,4.373370788728996,1.9125769156196208,389.1840897998782,0.8191852775950741,2.107274710768502e-06
8876,-8.445790727085079,-12.353351011088195,3.5061866145507983,0.5701915129020463,113.43255634259826,0.07475539898433059,2.1084766478448767e-06
8877,-9.021891317491018,-8.688468993452549,4.964045852166747,0.970267274931191,465.18167529384067,0.46962043211676807,2.1105468383453106e-06
8878,-8.272692228882665,-10.508885135959607,4.422513983974322,0.7440496464769167,149.64246920200793,0.8933569723972363,2.1129337625030563e-06
8879,-8.428604939588602,-12.119067421152257,3.583390006339971,1.904105175621382,468.51965528891253,0.4053583903551514,2.114604919618337e-06
8880,-8.77473160008952,-10.719905524727272,2.8704866006430074,0.8624008851227051,467.35046195018293,0.6460238286574196,2.115997668289502e-06
8881,-8.169406069178802,-10.531693651320428,0.3402886851755747,2.3868915562961908,418.11985431400166,0.39371382730709836,2.1245624917487707e-06
8882,-9.665765551245844,-7.902581229064919,1.2267726015241853,0.7431114356483611,172.1416543539513,1.1946510752118558,2.1278474875778795e-06
8883,-9.292022042882126,-9.290660470974071,3.275617117716796,0.9112651696922625,182.7852524101819,0.5161693788227852,2.1373859225832703e-06
8884,-9.547038650980731,-7.545748905905229,0.9016570185927089,1.9034085794199307,390.84309958607145,1.445117175967984,2.1424146281157074e-06
8885,-8.694732109735243,-11.162037012296281,2.9085886627323507,0.9996748076579559,265.9125778267422,1.3682922015579146,2.1437060822415244e-06
8886,-8.864066559232434,-9.645584099412954,1.3345216545759975,1.1647923033395657,346.2778269312779,0.5114720180011476,2.1449962663106756e-06
8887,-8.832541921834963,-10.222344068527406,1.859345119997014,0.8350807361691134,469.4640922954692,0.24253553925853577,2.1476364108808267e-06
8888,-8.548362212713537,-5.976244363852019,0.1579335688609744,0.8887249314306109,467.93990282505115,0.5397185528419488,2.149067953104655e-06
8889,-7.8411401162144685,-11.589511936399749,4.778741785660613,0.9406704142940165,469.7354015627971,0.11930197694358835,2.1500035955731044e-06
8890,-8.058131374780729,-11.042258905926829,4.570827685279421,0.9280507269235523,467.4226721668707,0.8804046572093585,2.1559366066632674e-06
8891,-8.96586071280203,-9.974241614649928,3.0099882664594033,1.1310170859538566,295.4766450420513,1.0552742473817611,2.1585937751237692e-06
8892,-7.572258046195247,-12.805238351353726,5.004826270794403,1.1540848908885668,468.1622488052082,0.03787406602799326,2.1595955512998875e-06
8893,-9.99868236306935,-8.628357464589044,3.1493745336976566,1.1331955831725382,297.80817810230707,0.6210099712274868,2.162430456803352e-06
8894,-9.741335498337754,-8.604897551440219,3.871609589976754,0.6148631609968181,177.2134469016039,1.089750531389421,2.165677200078147e-06
8895,-9.13850927328065,-9.097090413252566,4.090470419945256,1.8716179665874912,279.49088861091724,0.03564919100341424,2.1674744330496437e-06
8896,-8.8570001012226,-10.181444787317723,3.179573562303919,0.9353535960133655,188.51140503145743,0.6699637053428331,2.170656835206572e-06
8897,-8.31628234122823,-12.360745734860446,3.8156663980826453,0.9728397451354716,443.3260507019803,0.10658997255421898,2.174037343631463e-06
8898,-8.148654964656732,-12.305218006604074,4.1647267707669275,1.1257361004561084,292.69037489842634,1.718222936883084,2.174357788148929e-06
8899,-9.32568823038233,-8.76540311631737,4.301292465732555,0.8185788541955917,468.33025063220697,0.11033898259249497,2.176008028174965e-06
8900,-8.688071976022194,-11.494522248763321,2.4773314483566944,1.4900366471873316,341.64805207547556,0.8566785990643719,2.1762459528905516e-06
8901,-8.93562586344229,-9.267288078827663,1.155975593486154,0.8363981605643546,184.52712470083944,0.42660379828994266,2.1767178492524617e-06
8902,-8.748003249888786,-9.683709794903116,4.101672423215717,2.5030278280288996,454.6264126887202,1.3916789068186368,2.179744920407829e-06
8903,-8.60612142564017,-12.927102263335305,2.6946058226240464,1.4720934756757253,329.3931547322089,0.12197165248924158,2.180037894386227e-06
8904,-8.036354723916052,-10.311878771101757,4.923339088417405,1.6128222899739668,373.2781280940648,0.019013381544339403,2.1810778500584415e-06
8905,-9.34275836292905,-8.946975696743785,3.926439052003139,0.930066672865507,259.4079112929631,1.2199976690266885,2.186474127148748e-06
8906,-9.282660209376434,-8.456073396680893,1.0534323438044413,1.2139999510799995,306.2663439439549,0.6876298188166725,2.1876418915450255e-06
8907,-8.667151292039552,-11.553252542080171,2.1581524235445406,1.1571701049747551,296.3770159261905,0.9844397962002569,2.1889388323130635e-06
8908,-8.735559180869618,-9.26109207597445,4.645250159750865,1.5313114336873186,347.1458999247185,0.9527805024426472,2.189066787648176e-06
8909,-7.554485776321034,-11.582608380128997,5.15246142823547,1.1286222951785425,468.3960562006825,0.5348572886065179,2.1966962497105835e-06
8910,-8.78242671568546,-10.226553876294492,1.661112742560771,1.6420830157412434,382.1253030636211,0.9530410488893617,2.196793794827811e-06
8911,-8.7125505334433,-11.123564801635672,2.201367352823415,1.02470342633962,280.3107854968271,1.2616257204705956,2.198259078354701e-06
8912,-8.326140255973547,-11.759897248420671,0.9390352504704146,2.5866533241671408,466.2524605766845,2.501729456036868,2.1989445712649598e-06
8913,-8.41678764640916,-9.2726383593201,5.1907063770561885,1.23892010263001,276.2350257923615,0.09494631543187104,2.2010112562319358e-06
8914,-8.447322503079663,-12.458424429515789,1.382955691068384,1.8300934355864598,437.33273556330926,0.15474187263316885,2.2054430575979306e-06
8915,-8.43118769038193,-12.986427908453155,3.458611335234885,1.3546228104795985,326.4296464377098,0.43149832656437503,2.206997193849389e-06
8916,-8.67565318357706,-10.68491683759876,1.624299182938638,0.7647321614866065,153.65056309839065,0.8268626898184701,2.20890044614486e-06
8917,-8.73311930479162,-10.296009878269787,3.4883899912381584,0.8632150117144467,467.56730537110724,0.4330631549743549,2.2100147640123245e-06
8918,-8.724968026978516,-10.387211533065729,3.426111344814485,1.1340051131549649,470.3055434565732,0.08470501066572567,2.2105622369021463e-06
8919,-8.726613058767708,-10.695625319580438,3.1229815028878174,1.4606302827791888,467.9845548043608,0.5042681709609331,2.215580130920301e-06
8920,-9.794790878496617,-8.754880424775923,2.4019069925136347,1.0198869330981404,146.16912456425814,0.24776042650661623,2.2157681994527425e-06
8921,-8.121276738453876,-11.27450352894372,4.385509159566972,1.647042242362466,385.33592555013104,0.35537017316949626,2.219731849181112e-06
8922,-8.6822634604886,-11.481019908976549,2.304709832437284,1.0221142965929961,254.13509852008264,1.4982378759687291,2.221443932644671e-06
8923,-8.310212200633599,-12.850480923214013,1.1366725305303575,1.6536826300906786,385.1679177353033,0.19554153255154105,2.228768072006296e-06
8924,-9.642359623293379,-8.719349226404884,1.9315585395038075,1.0085514604235135,266.13175106705626,0.8897643344343527,2.229945801168416e-06
8925,-7.8461532803887115,-12.060883850477383,4.688450123245355,2.4128029385400223,449.911957904722,2.5236530379076063,2.2306384825259998e-06
8926,-8.710551170095961,-11.223954651862211,2.3620299420488635,0.8917308605046097,196.30456716025682,0.15671489464401844,2.2326437790271704e-06
8927,-8.501333548099089,-12.188602648854665,1.5105009503414897,0.9195555815931493,209.23403756273876,0.39500047664346827,2.2330339972809642e-06
8928,-9.525130594884418,-9.021634065619628,3.1755123009973714,0.9692067159269081,194.56990534353798,0.9883090116095126,2.2376895566356766e-06
8929,-9.263390760373085,-9.048910689466988,3.883662857756296,6.408750134788297,687.6269586358724,0.515622453808489,2.244173016596489e-06
8930,-8.364638292799627,-12.385783835162659,1.2224595042320243,0.796717610543581,161.7718864942448,0.09555956708483482,2.2451590231121364e-06
8931,-9.469316773743385,-5.468098966945632,0.5549786119125142,1.2817453230558047,299.7588502177724,0.28941483833248505,2.2461461195474e-06
8932,-9.203919370932072,-9.51130592338972,2.6135086216881747,0.915751043976091,237.95230501501806,0.9469647252106874,2.255295815094409e-06
8933,-9.70202018581706,-8.568811137393237,1.7845045397743635,1.1078967909506718,453.8711624820477,0.22545025395221696,2.25570274909509e-06
8934,-7.790430043440567,-12.217407911805271,4.749317107387153,1.4656636025709102,327.3399818145264,0.16920094166010724,2.256458965540901e-06
8935,-8.496870773129704,-11.920318218650154,1.457796566837325,0.9613151660525616,468.06656497447943,0.5841965678905066,2.2601733025816807e-06
8936,-9.493941181742727,-8.209190075679523,4.95783480140932,1.1324873919011877,467.2269586584125,0.2505809289615044,2.263572074464915e-06
8937,-8.69732467802568,-9.011017963686523,5.0292462594255385,1.8223288113463612,467.9704740340807,0.7587260738069483,2.2677315236029265e-06
8938,-8.790716733291728,-10.30700023041285,1.8012588498338238,1.2562931756607596,469.7711276502858,0.13890260921211262,2.2721246886834417e-06
8939,-9.702527587979509,-8.880045814056565,2.830762634723772,2.404236019906311,266.73149082621563,0.11662240863821705,2.2762081055052407e-06
8940,-8.784597169477433,-10.335343387803144,3.2391743533713435,3.3395452623260113,524.9498565095029,1.2880233765039835,2.282495165654366e-06
8941,-8.724422133594668,-10.997997013704202,2.769608137651645,1.5944542894701172,468.97545222928727,0.6020423794393572,2.284668187830412e-06
8942,-8.613648802730907,-12.431729878763928,2.174147683514143,1.5618549749810315,361.9098967810075,0.3001336464911466,2.2850380516478152e-06
8943,-7.912775849361458,-12.78653385392168,4.514976428972982,1.8639627466101922,449.1617629754234,0.41382647927530414,2.293214066064365e-06
8944,-9.73219229164176,-6.5092805730804075,0.9762788204160161,0.8026674660956117,199.9085279441517,0.49940760321843936,2.2932555518519385e-06
8945,-8.037901887748783,-12.448095942616803,4.333774834339173,1.4277495858878035,326.8376138034858,0.39618939238749196,2.2966645702614735e-06
8946,-8.298512271488143,-12.209819601911818,1.01075131213435,8.08749849064074,548.0581420733275,0.017695870019889703,2.303828091916991e-06
8947,-7.953750421691563,-12.2612481055568,4.488290781867762,1.2489040153163957,315.3218627308992,0.4853555472716211,2.3061724504505964e-06
8948,-9.25052539501608,-8.703623627529247,4.514834198783633,1.0702466713214687,288.1144626079322,0.9538497204998775,2.3063480770816147e-06
8949,-8.379488110306012,-11.712867505195678,3.743032725263007,1.5295736465327539,468.8978030600455,0.9141167676889514,2.3070683311472833e-06
8950,-8.698748090597597,-11.26020362016804,2.3120763806599216,1.885071145945453,455.5515018646961,0.2290770247927476,2.307237501241116e-06
8951,-8.843138156320727,-10.34098130485973,2.149629297610521,1.7192296827517894,367.1684831161226,1.2149479870475668,2.3097903017932063e-06
8952,-8.66581999277693,-9.933179630460256,3.9979347489548593,0.9649503719939488,468.0763015744742,0.2007505371530156,2.3128360746327144e-06
8953,-8.512860565243056,-11.15144103028967,3.563196125174197,0.8232379466668482,228.95085562028203,1.0946887020685176,2.3150014174412565e-06
8954,-9.485075925511161,-9.099201093022245,2.87463579322189,1.3919388830503192,165.87549312344473,0.42100065565314626,2.321338860763758e-06
8955,-8.720668534625766,-9.27462550527029,4.631785089311424,1.480791708010234,468.6960158842191,0.358802912543692,2.322200308507428e-06
8956,-9.213952183070749,-8.465862643165563,4.959423206674226,1.007718682763425,263.86392834378364,0.711244603490548,2.323794973620884e-06
8957,-8.448506513532598,-12.243246655931578,3.4581700626537835,2.6424086149443635,462.8389012158328,0.9132576476506467,2.3277276065038975e-06
8958,-9.328661052480266,-9.289119716854351,2.956511618697366,1.8925725034891272,387.55274227882137,1.2080719028606053,2.3279272263408067e-06
8959,-8.194083929190105,-10.690357853275902,0.3691950777252315,1.8722402821758772,467.9806193138912,0.3591114992303588,2.329672047206954e-06
8960,-8.34670262831752,-11.48398971393835,0.9849865229694763,1.553166798970002,359.2479560357646,0.8064001442016187,2.330154474534508e-06
8961,-8.447808132169653,-12.036429155499109,1.3585773964081,1.2299153783621108,253.51391934156854,0.8219879426105932,2.330295025202051e-06
8962,-8.271774656064133,-11.129358854603128,4.1285396169519295,1.901357218641179,468.2935713608646,0.3639321652782561,2.3341098037872997e-06
8963,-8.369706077493158,-11.539810424296205,3.797409961609405,2.13665644998781,390.76463896945603,0.43865242624081,2.3384243886899226e-06
8964,-7.717006600443126,-10.737676356206602,5.162288962871316,0.7193038930792452,468.06445437328796,0.354272952468734,2.3399186125381776e-06
8965,-8.758001781636507,-10.499772938872123,3.143420405186274,1.0462349979478105,218.87957202532965,0.34025391893990253,2.340534911966402e-06
8966,-9.207503168319516,-9.496586753842433,2.6464633920655816,2.3120384065817023,437.8626503509502,1.8673645011574145,2.341412678203997e-06
8967,-9.37585198894103,-8.731804833535083,1.4392212387521532,2.1318050507902973,369.58426531547394,0.19974366025652568,2.3440145795796305e-06
8968,-7.642225429110803,-11.49049932062325,5.042817270817969,2.434727181991628,452.09470012609074,2.5056308697756595,2.347209532348954e-06
8969,-8.924845087602565,-9.061296553418433,0.7611888748222603,0.8281597550651097,218.81494672377806,1.203694212123219,2.350291762739571e-06
8970,-9.52091841269189,-6.710460187715123,0.6828749070609128,0.9472373144382593,221.00297731143502,0.05855644480796496,2.3511434247887433e-06
8971,-7.598386638233832,-12.16704022519951,4.99783915152154,1.2124562685633362,294.69006375108154,1.000227999109918,2.3532835696482318e-06
8972,-8.880081119351612,-9.289702789591423,1.0063173641426526,1.0338004917948584,236.7342679068605,0.3236635031226962,2.356422885425523e-06
8973,-8.948968536860693,-9.89924538735598,2.0074839089345238,1.0990294966575638,284.6765285021842,1.0277885444545962,2.3578025413049826e-06
8974,-8.780024191696691,-8.873591246754316,5.060853011877961,1.466797097872928,340.8908714320968,0.3633149771650759,2.35844905427684e-06
8975,-8.6260622535147,-12.212321027981996,2.5469522166992244,1.0717281159085432,227.3635008467594,0.14777799798045876,2.3658603674293695e-06
8976,-8.533278794519829,-12.942423328534295,3.0698257825995827,0.9608983622710552,467.8795471692029,0.1978632937702569,2.3661456500483125e-06
8977,-8.98407757671333,-8.736030282216044,4.912965320366436,2.7062184046289386,464.5143764266831,0.6167842794220073,2.367486431986173e-06
8978,-8.073861532795068,-11.073580152338153,4.503526141641301,1.291688174960869,468.1945629355268,0.2753121217290886,2.367707648699984e-06
8979,-8.699600255784071,-10.917779317726907,2.9906798933344056,1.5650557083581027,356.9498220058383,0.04258357323722439,2.3692807783561624e-06
8980,-9.700278407359257,-8.778425110334688,2.2505761301386245,1.4478605313135886,330.87383127817253,0.9770392318189716,2.3737014883166736e-06
8981,-8.147021704972659,-10.037277777671225,4.894875953780457,2.3349734397750246,434.0214801917037,0.9897125978131376,2.3786978368909063e-06
8982,-8.1260576214775,-12.817243788426314,4.135591715660523,14.175541914237836,418.30759089970496,0.20093310005529386,2.3815346589880505e-06
8983,-8.417968188404135,-10.299727553218876,4.220478741083462,1.8750889639660222,450.4427695857154,0.2504467645769015,2.3817495264700506e-06
8984,-8.976939827909929,-8.011596280982307,0.43708342785561743,0.8680978102196526,212.42778076468207,0.2839234778273072,2.387728700296737e-06
8985,-9.745202979478952,-8.764791548445874,3.319308700610159,0.915239209960659,190.0229033164651,1.0732112906381248,2.387929943624281e-06
8986,-8.457744012523408,-11.637805088389582,3.539567618844866,0.9580319563682784,268.7483757616191,1.759104160625884,2.3886594721284763e-06
8987,-9.157791576247774,-9.364792660510115,1.8907295054242397,1.4032127070717861,317.8058826449926,0.5376900408734979,2.390907639932604e-06
8988,-8.709008375847457,-9.707160529927947,0.8761075082564374,2.172834535395775,419.3282085902736,1.0613489016748607,2.395280365764268e-06
8989,-8.515790650117513,-11.369817105360752,3.448050600863316,1.1290053725478864,466.99793580332965,0.09948354995663955,2.397041771708753e-06
8990,-8.771997576672911,-10.198650435179964,3.41315279085651,1.7619722022363422,417.9286067590888,0.43933277666953163,2.397191734090799e-06
8991,-8.191734796258707,-9.855182348147123,4.959985771101614,0.9249751220495395,238.2018994302342,1.0892973349082427,2.3998619126433613e-06
8992,-7.740674901060583,-11.131340138655471,4.9913328502045,2.711348374202684,221.80576357808388,0.3088064223497975,2.402490326535743e-06
8993,-8.685015796900649,-10.857613312555623,3.1056506226172376,23.30889147144677,712.9105017060108,0.049746388367117866,2.4042419822590424e-06
8994,-8.2727915161806,-9.58976833404461,5.062074937373019,1.0031482920180814,274.8305661163884,1.2381643284856425,2.4086772853109216e-06
8995,-9.361772803395574,-6.969149908934638,0.5511706326128389,1.566052799320156,365.1123899456975,0.7609130525988119,2.4162662197516198e-06
8996,-8.788342758931737,-10.42386893501359,3.0655868208194534,1.8555915452035188,467.87610216815915,0.4531553036584999,2.4175132441210604e-06
8997,-7.228206925012607,-11.66315340195863,0.09561418282119101,1.573843257667122,366.8914024197405,0.6864825452769159,2.4178197706297816e-06
8998,-9.34892651506884,-8.824398157127018,4.098016999365534,1.257288378955211,469.87844786103335,0.23843934175206716,2.4186056795844912e-06
8999,-8.424534977085516,-12.781285628386454,1.3743648461667717,0.8163197017331726,167.41180269000614,0.10637253537395353,2.4191759682694345e-06
9000,-8.497496314486353,-11.537838736458024,3.443524337077674,1.171715228055651,251.47461100756615,0.8801067091082091,2.4199124112584185e-06
9001,-8.957649619133042,-10.006704658108292,2.3824127117112925,1.1039293147103584,468.09323329033816,0.7268612999139537,2.4207360479382325e-06
9002,-9.8893849485211,-5.281507548699044,1.1268975061207793,0.7616133849266391,184.85618145503395,0.4593898184319887,2.4289379126980327e-06
9003,-9.030634643552744,-9.74726017642104,2.160344652055643,0.8774960012945732,240.11623722579225,0.22239940290101412,2.429731635795586e-06
9004,-8.452907680306868,-11.936637880602461,3.476227299604681,0.970191368427545,270.6758477911689,0.9805564662544652,2.4302247603528715e-06
9005,-8.762478606276568,-9.267677795536214,0.6012816811893797,1.7225244375096125,467.8105103134308,0.34794522421959684,2.4359248691120846e-06
9006,-7.910099634585762,-11.211934951691159,4.720173340588751,0.7085217267989787,180.90364949926888,0.26655072735236285,2.4400565703625915e-06
9007,-9.394116580752346,-8.590831270616931,1.3513898112828038,1.112259530288853,192.3545589215485,0.1184653186474085,2.4433254659474965e-06
9008,-8.782374542454685,-10.382771128880043,3.140188057605494,0.9801685690337345,160.8792655148848,0.07782750617239653,2.4441812937035422e-06
9009,-8.711722024374383,-9.460178342448948,4.393098289843863,1.8515578654110103,468.27730992923034,0.7506569719563787,2.4448791048659066e-06
9010,-8.158613581699635,-11.22901394411173,4.29828438099219,1.4246034153386948,467.4997210152749,0.48368193008974103,2.445152235582809e-06
9011,-8.425158845284797,-9.329674731451883,5.0743848922981325,3.3241611840965923,516.1109304690308,0.7044150438841088,2.4462423411703093e-06
9012,-8.560386355307475,-11.148799066980793,1.4866981783428732,0.8999175618080262,231.94454103131574,1.075206199106483,2.4517640967872826e-06
9013,-9.316441151396045,-8.369505383200485,1.0587786700404807,1.0049926575812256,402.7928180040878,0.36187877516515776,2.4526051132317925e-06
9014,-8.722989904294995,-10.63417044801802,3.1144009327468245,2.445617087245044,451.38319934596177,1.8965719773108516,2.4550369217458186e-06
9015,-7.921961439642883,-12.052911772233813,4.542682852159246,0.8846960656927328,468.03711921167053,0.14449816146587313,2.4569350740813995e-06
9016,-8.381150501331405,-10.454349716526952,4.186680856371464,0.9272366190460615,252.11322600584998,1.16922194558125,2.4594787630279466e-06
9017,-8.131777092737313,-12.577313988848378,4.1288475461938186,1.021120008716293,248.71712842887808,0.7697645315061594,2.460251497982028e-06
9018,-9.180838490955052,-8.928611272500603,4.229244846806784,0.8479086724762199,198.16983966824142,0.5136210021451282,2.46262281156101e-06
9019,-9.993534076972924,-8.333643275003407,4.006214707671827,1.8226600169184777,436.57662462263613,0.08776538953828616,2.4634307460199353e-06
9020,-8.168291064704018,-6.513331749728165,0.0768830622899342,1.3790574368185111,327.4120208094491,1.8694471394848042,2.4639860358252853e-06
9021,-9.90153477866471,-8.576627178115192,2.22065799755273,1.7613064394760543,418.51521398332477,0.24688322069455548,2.4706541582967464e-06
9022,-8.579813402009005,-11.162129332155484,1.562553492282857,1.0335185647894543,219.58886115117974,0.5405546596471194,2.4709916170246573e-06
9023,-8.559369736619521,-9.599271246323804,4.529860867056048,0.9472245410154565,247.94146507474312,0.8414816046516149,2.47453813972128e-06
9024,-7.798021816372321,-10.92866720627218,0.21425490286549742,0.5070345120831812,124.30132442391272,0.6916365910552411,2.476544110098457e-06
9025,-8.39322150433184,-11.873970559007013,3.638489050198409,1.675222325039207,468.02329961231567,0.028015528893733155,2.4847253311849727e-06
9026,-9.233876873938243,-6.324678939619339,0.4220967808162798,1.5260559576258608,322.5451633969662,0.28531736632456184,2.4857476233361203e-06
9027,-9.424269187583011,-8.974209841298485,1.9765263115609195,1.4676648045753344,328.15132413751513,1.031256765424291,2.489339390736032e-06
9028,-8.401086466895933,-10.17958332438802,4.3198076084990396,1.091684881387351,288.5163042524825,1.9415516872704055,2.495519844874291e-06
9029,-9.072877374406776,-9.72964483099886,2.584157047085593,1.0107515683032866,467.7228529546866,0.5629522041504078,2.495858574120089e-06
9030,-8.730492790483183,-10.350915085864901,3.364765270104841,1.138141622866585,292.130963858691,1.2669013350491491,2.4994793258962894e-06
9031,-7.687640272570693,-12.039229840766803,4.8802117321486485,1.5572291340143118,470.18956791124435,0.05956965682906201,2.500602075914333e-06
9032,-8.62887067727097,-12.018276450890927,2.489033416002048,1.8746604197309056,468.74279255642443,0.14698730882078603,2.501773323332177e-06
9033,-9.62340507312411,-8.436137134725241,1.5124520725072694,1.1656199708518755,467.98187903838027,0.3595747336024697,2.503232290906785e-06
9034,-9.903989483895431,-7.922563505572141,4.853219904379858,1.1592795926053678,300.9180990147318,0.5804780915486178,2.5032608990594587e-06
9035,-8.807585153917653,-10.257678930767723,3.1649026131100086,0.864924005464781,227.90663673441748,0.6405519693698887,2.5085588294165395e-06
9036,-9.547812815495856,-7.933467097877708,1.1364173021508852,0.980738118347429,261.8381159294444,1.1638910448008053,2.516014278766783e-06
9037,-7.905840717728797,-12.364212905487873,4.5276266936882585,1.1644545676131715,269.71868348395935,0.10384695025694857,2.5191175659815136e-06
9038,-8.768301091955257,-9.35255197254806,4.40197509353989,1.8843241840840552,468.27595761844674,0.5084143378890333,2.5194763751599322e-06
9039,-8.346442634661882,-10.858535864840483,4.045419415481871,2.649071972286005,464.68393568687395,1.013190650990441,2.5199642928439752e-06
9040,-8.26154805697364,-12.868400475100524,0.9695180937967456,1.5163794983096681,350.446316327917,0.8726073849370968,2.521036949886171e-06
9041,-7.527832920966144,-10.45923232780703,0.14463911969555376,1.1283871178482474,294.40997224741204,0.8398801227808264,2.5240775631988432e-06
9042,-9.738379020758416,-8.778629273014314,3.2021582047250154,0.528699048016088,144.92682017370927,0.7739018832504234,2.5277359298466257e-06
9043,-9.283155343779777,-9.34328701003372,2.800740751508641,1.5887190564458948,367.0206755848341,0.46296901349754815,2.5278810771016556e-06
9044,-8.471638318520132,-11.099750117096928,1.26129827204182,1.1852813269135056,467.653068091588,0.321712160529545,2.528731048696386e-06
9045,-9.077817041576058,-9.374549664217945,3.659677799585721,1.8158206429199681,468.47811168688946,0.5709278662460813,2.5301043438149138e-06
9046,-8.729166012290195,-10.943923817678895,2.5196569295384954,1.03868854187403,222.32136056839457,0.446397615198566,2.532260665171706e-06
9047,-8.054978589434933,-10.74912629233322,4.629858256066629,0.9658681366756594,466.99385584082216,0.6820620647404789,2.5366561853858447e-06
9048,-9.407859664042574,-9.155750492711078,2.974410730862432,8.47849689461217,751.5382090325355,0.3541391917172829,2.5385491748662837e-06
9049,-8.745588889484413,-10.833245549054638,2.468155001419864,1.219030168316681,262.8544151604284,0.4929889122972355,2.5428211647315317e-06
9050,-9.099171286686916,-8.987703846370316,1.252567946705539,1.1148264378171395,291.7548555699003,1.2435517312329898,2.5449489614766915e-06
9051,-8.199124188060102,-10.055439539756264,4.773992589421287,1.920013428912734,395.27779774665396,1.7832414048531673,2.5511095261455305e-06
9052,-8.181424467874061,-12.601617696002053,4.01690930350168,1.3227181575522573,310.0087098299752,0.1727080373407155,2.5596875019977287e-06
9053,-7.607552147200642,-11.221198954328013,5.123054706200633,1.2049827273310685,467.3813994852154,0.3069504740884952,2.560068176073496e-06
9054,-8.541781251556166,-12.126399230645486,3.100804898764748,1.125618804829495,295.9711480491514,0.742146632187187,2.5615030757068915e-06
9055,-8.612063792900372,-12.313330897722883,2.3869115878018756,1.8587860676292982,468.46948541662545,0.6430811086305983,2.5647349422271146e-06
9056,-7.785319031585379,-12.453248897461899,4.696239454347934,1.1697336000044418,185.67521296023537,0.3014229744411576,2.5660338132594528e-06
9057,-8.171684545027002,-11.456434760279448,0.4226689931703471,1.0729324452123845,286.328215940811,0.9251384319041271,2.56663738691464e-06
9058,-8.608255427744231,-11.565595155999631,2.9697637187768966,4.174695386321447,577.0271584895868,0.7246218365890238,2.571459967076279e-06
9059,-8.833667358686657,-10.401240023424853,2.590114707449103,1.77553477581919,419.4710456653111,0.18232906803287552,2.574332031610832e-06
9060,-8.284807464155154,-10.967459994052497,4.119322928266115,0.6956875415112177,467.9789218075444,0.3753096648073928,2.5764533367793126e-06
9061,-8.247686873295244,-9.760051500253143,4.922439232984667,2.7270723571115463,234.31318441780184,0.2632443745623947,2.585666846936748e-06
9062,-9.249782521339199,-8.573103620899708,1.1394893196903577,0.8600432680288088,234.2026866874829,0.24223959809275897,2.5900182258564224e-06
9063,-8.475405032914392,-12.409352085164151,3.2885150759595927,1.0335040811809755,243.79877858391768,0.9132648277385309,2.591165050360455e-06
9064,-8.563945961805572,-12.756741242478926,1.9958162476333394,1.0519713451278396,256.1420259934889,0.6079152753265822,2.596735494871878e-06
9065,-9.072466281786637,-9.48838185716808,1.854545688802862,1.5917947584010945,468.01646341663803,0.3755820007139965,2.5979274788190424e-06
9066,-9.518538837719584,-8.952780868794262,2.2568352206660256,4.2245594418964485,427.6417340564285,0.013287411927091597,2.600571921073897e-06
9067,-8.615892836368749,-12.084234355375546,2.280231376182203,0.6744304956655355,139.919803522561,0.2613433574641304,2.6043808439258854e-06
9068,-8.190978012038572,-11.823495460196245,4.0814782780241945,2.7662550823468393,481.0130692825641,1.9248482431701115,2.6090530761896725e-06
9069,-8.303298024593488,-11.236035373715104,0.5619145618988058,1.0755040867954342,467.45301911689563,0.3171094194059174,2.61512734604985e-06
9070,-9.456616875424714,-9.096157882413918,2.879641230795863,1.176238857111185,452.51149847005377,0.15821629050810593,2.616484142591422e-06
9071,-9.828632780032562,-8.487844082603022,1.920789208351914,0.7535874991335751,187.81183577896618,1.23557842212728,2.6194864918313424e-06
9072,-9.438329995888326,-9.060570059546098,2.2908828360147724,0.9066907042175704,244.16489349836232,0.8784472816781266,2.628512858167025e-06
9073,-8.29474042975549,-12.484107772189745,1.1021990611102608,1.215220343963043,468.04941032977536,0.4546829321145296,2.6287147176082436e-06
9074,-9.955600109900857,-5.710293319534635,1.2056780768977309,21.27130240302716,636.9158704950968,0.05631714423355039,2.6295609684750623e-06
9075,-9.741797052547605,-8.60053477060108,3.753360919455752,1.783447250910201,468.3826160325144,0.5298914687181329,2.632787212129631e-06
9076,-8.59297756844642,-9.974075675905596,0.7127439002408975,1.2574340994914543,311.37114549051205,0.9402552598775813,2.6408404116565945e-06
9077,-9.038037835833475,-8.977622715417787,4.391978616463702,1.5737954653593074,467.44320260813225,0.6975132631097489,2.641893171783629e-06
9078,-8.05436187008084,-11.496522173615269,4.3903156092502025,1.5722910214285692,350.7235662527728,1.4758536274234766,2.64471149623949e-06
9079,-7.616716640342554,-10.97844913262531,5.171735711583432,1.7159985026152027,404.6718806167597,0.2228105516769885,2.6477522303158086e-06
9080,-7.51082745460727,-11.305566050262986,0.16719286364045963,1.099386269973398,289.79262162475965,0.3954529068636141,2.650136154277271e-06
9081,-8.979433234026063,-9.72999761386309,3.271121175005272,1.3930368349888915,311.5160112002596,0.9193358480056757,2.6503134671299748e-06
9082,-9.191758894089514,-9.474701806326001,2.689910835434191,1.1479083055362758,298.27537987682734,1.759299366637662,2.654759323916679e-06
9083,-8.357952545955202,-9.714827720751703,4.763344150108929,2.0142825371393345,406.34199037145186,1.8468928703356644,2.6588334317606793e-06
9084,-7.722107333645139,-11.044687090693802,5.010265491991496,3.2144884752696012,514.9680214145208,1.2305651073306576,2.666884656345677e-06
9085,-7.557464600999406,-12.533257210396421,4.98051573539593,0.7391455113565584,162.4480627830207,0.05190260049866868,2.6676284225413668e-06
9086,-8.5442212908182,-9.698812253970319,0.5104949607426635,0.878834055635766,246.4518157787105,1.3793234402825059,2.6697614209640112e-06
9087,-8.652824869966185,-9.140005545224781,0.46187803313562664,0.8080055333360463,173.34004667436008,0.5808615579674781,2.673435157597806e-06
9088,-8.24668402178826,-10.341240784397746,4.479272478119103,1.129443363830338,293.4252283664174,1.3292807326728369,2.674503608174523e-06
9089,-9.047441171303731,-9.531659845711253,1.8580910491136038,1.063696723505844,468.4724439106093,0.5985111717422198,2.690323691141242e-06
9090,-8.487812396163774,-12.315731887272516,1.5526388594264737,1.7882916121344143,468.2613104923012,0.431902983091355,2.6931132593224265e-06
9091,-8.762355542451735,-9.271476311579885,4.492972522572187,1.1120938688336348,284.3370198111578,1.690809965206605,2.6983012895971963e-06
9092,-8.813196061485856,-10.441266455981731,2.4269054293052177,2.845371070554686,440.5186622116915,0.1922513387718583,2.699126337295315e-06
9093,-8.671293581725944,-10.164999822807378,1.3284447995324802,1.2920780232448326,298.5543646684572,0.1430058221716033,2.6997098801316675e-06
9094,-8.857960678597813,-9.225435901524252,4.3631595022294345,1.0520011248608538,271.5500229383732,1.4709542373357092,2.706552152440966e-06
9095,-9.43919393788897,-8.77119726832641,1.6622739669179776,0.8815138668459722,229.64275969760604,1.0897888749776081,2.7073681764973586e-06
9096,-8.442142814485758,-12.608938648464731,1.4371911595585798,1.0845394858082482,290.63585538963054,0.9584107527496588,2.708028937546339e-06
9097,-8.587769555560026,-12.644032690173432,2.561490001061215,1.8942615036044521,456.8283352044897,0.43721812834775875,2.7084846427013475e-06
9098,-8.405574368373529,-9.599461031321747,4.781725907229156,0.6717581152837221,180.56433973348123,0.34389549699403066,2.7110669767187115e-06
9099,-8.582065655030295,-12.965482878673248,2.510048855031596,1.0955160228353003,467.7699084288211,0.15372898719493033,2.712506960652549e-06
9100,-8.617922425615948,-11.926976380328764,2.56612123412509,1.0999056802452718,467.6803687784679,0.46758216054331747,2.714566365547095e-06
9101,-8.21854292343956,-11.463861887128758,4.083081281236513,1.4190480828035728,328.78024105497724,0.8482874044060749,2.7167222430677576e-06
9102,-8.520851316200659,-10.35727062309429,3.8986869210189137,1.5346989707908691,353.407157552449,0.800573861181749,2.7214528262737563e-06
9103,-8.458218999087556,-10.626320230087265,0.9829324485531532,0.711008873895242,468.66083440323285,0.36050723961256015,2.7221885473467867e-06
9104,-8.410378219841261,-12.349143003908676,3.4715683348349797,1.0308224661418166,276.0198476415475,1.8785276143408574,2.726156657953533e-06
9105,-8.896955874198794,-9.923570753375865,1.9044195721182915,1.328475880936879,207.9983348768116,0.44062182409940487,2.7372942642582074e-06
9106,-7.519182135694041,-11.792421403606093,5.098644136050581,1.8492282810384257,448.2566601113081,0.48295962918881674,2.742580444781372e-06
9107,-8.901673934907315,-9.231874240899916,1.0465915614705446,1.5826463171447755,384.25054683127496,0.607316323980231,2.7453086809567148e-06
9108,-8.103493597134147,-12.648905521961266,4.137991124840026,1.3085545433723365,285.8744125085043,0.09077818722887265,2.7465909256339704e-06
9109,-8.21545728015026,-10.081795856001497,4.699482985218225,1.0636093506986994,468.0336405604021,0.034085029063049,2.7476084531426474e-06
9110,-8.577784070760671,-11.256422038592586,1.6452601236230826,1.5923210511553205,369.80797975006925,0.06315721038691091,2.7499272890389927e-06
9111,-8.567347850930178,-12.281618225960914,1.968134426031991,1.0647149226788513,282.94663320535653,1.175532245123354,2.7518640372830523e-06
9112,-8.66105873935997,-10.985231741618408,2.992869895205825,0.914070683639593,256.4582394664072,1.168533814864042,2.753905244071524e-06
9113,-9.13359440585752,-9.459117116354223,2.0960521163360513,1.1437258909607029,297.7890171574921,1.4399629062901758,2.7579340524013807e-06
9114,-9.99000822886244,-6.37698221533262,1.2558131913258002,1.1144209985654,278.81236912018846,1.3614319548109126,2.7640052928539632e-06
9115,-7.913321088998435,-12.77494970116595,4.452964146762744,0.722278894212463,468.71012608860127,0.42751381127211197,2.7658107676511287e-06
9116,-7.511168966436063,-12.573137548511408,5.024267111225551,1.8523582973757233,443.9603086520493,0.08627958797452262,2.7664266031778116e-06
9117,-8.67540345669065,-11.155978698970916,2.210311124511372,1.782870169374565,422.9630623459991,0.41314525188751183,2.766459686975429e-06
9118,-8.820162273297772,-10.358285208031624,2.7850281279625975,1.0834807438714047,222.1809452787467,0.316936345476436,2.7682697945831315e-06
9119,-8.24175533720879,-12.921696240612274,3.834358476369321,1.8432912659246379,468.33265186237804,0.18628279199520037,2.774212704007593e-06
9120,-7.6717565016360485,-11.39686014413431,4.975462569448098,0.7205518434754561,202.1980418570506,1.2159912102180126,2.7753987331716327e-06
9121,-9.54302544138458,-6.1629470362529215,0.6763525385857626,0.9311492595949924,258.4246890495851,0.4022069895993683,2.7761826768482646e-06
9122,-8.576927590352103,-11.397526111683272,3.1246983446329577,0.9670302436953351,269.4045323644857,0.40789628636454456,2.7764327620104865e-06
9123,-9.12615381122501,-8.756634355284888,4.564310965154746,1.8129900941607109,434.0026355077903,0.7368493614764295,2.777454537378792e-06
9124,-8.955404174219982,-9.079298034199441,0.974679735101129,1.3099662111691481,466.73752100642264,0.7563418370394155,2.779381706911263e-06
9125,-8.520028497652058,-12.802180796468605,3.0103080171894945,1.3227100923933444,320.4186124197888,0.23106769887423528,2.7849084942308867e-06
9126,-8.497155904848366,-12.48049089945287,3.1541114079015196,1.0798020879652395,467.8486467634143,0.9412872927338372,2.790516340754948e-06
9127,-8.77754340728307,-10.435386338730284,2.058511504117603,2.9529190459180654,493.71701815001677,1.1922262728636115,2.7914640338078494e-06
9128,-8.854020671296556,-9.303142793596077,0.9305556074559775,1.668104725574111,391.523870345103,0.7265801604824365,2.798378302417363e-06
9129,-9.093049324995121,-9.063469065648738,4.113917106381364,1.867741389609961,470.0376871892358,0.05088869215455638,2.799701791838519e-06
9130,-9.930051831311088,-7.898796226409448,4.816665380880658,1.0491808745658637,468.39293104451366,0.5336930483187148,2.8040996284458344e-06
9131,-7.620423220210894,-11.09556610568592,5.115443495465221,0.6191441225984922,128.0278382967296,0.1840133073064809,2.806423196963765e-06
9132,-8.506635835636969,-10.34988911120584,3.924652824508612,3.415152864001019,352.56108307359415,0.05945755873450764,2.8084688638577777e-06
9133,-9.660619026310046,-8.524792386119614,4.041334150314025,1.0378173837654825,466.9992207515261,0.5908496139513462,2.808518457129367e-06
9134,-9.751773341740943,-8.507792126020894,1.854147558422017,1.0700223593439615,466.689503461282,0.3799399584421197,2.8138145463022236e-06
9135,-8.551675295192947,-10.687293400759561,1.3252262426307246,1.9026113683059958,468.45371379381476,0.6188061384635031,2.8143407837936632e-06
9136,-9.596009458606721,-6.641359260222931,0.7956055717816058,1.732625785585791,408.61979665248134,0.2779877362056764,2.8156603308901947e-06
9137,-9.609716759287608,-7.850775076701419,1.1853226031823663,1.2024056664015792,246.92874765941858,0.43124259682636445,2.8166478592270797e-06
9138,-8.3018199490907,-11.902271821684039,0.751695380767822,0.7915029301330301,426.45110445916725,0.5014273729976111,2.818677584886505e-06
9139,-8.607178305308377,-9.865617394745133,4.100775274772843,1.119945454341022,466.0938902207539,0.7006462998666665,2.8205345320373764e-06
9140,-9.297327576536201,-9.1769870264969,3.3283614181241443,1.057091477368113,275.75540159991914,0.6556907712703808,2.8228524136585653e-06
9141,-9.008117786970242,-9.47930013529955,1.6372470413997144,1.226798765271109,249.86597239177274,0.09118060247700477,2.823512098235704e-06
9142,-8.438781279640034,-12.539494762888797,3.3458659767102703,0.8584890818240146,218.80042736974528,0.565296492630611,2.8245011897364577e-06
9143,-8.672038019785337,-9.525760969265747,4.3323406712905,1.2115402116617577,299.6208752660107,0.21051333672518258,2.8302867914215847e-06
9144,-9.235658326823138,-9.322985633762919,3.108130224101656,1.815779764385604,458.82624843067634,0.9185298728059239,2.8367296393482016e-06
9145,-8.642129296905095,-8.959168061081604,5.110674771025112,0.9120825472233789,468.12214881372614,0.7433036006622489,2.8457939456130425e-06
9146,-9.93555364698707,-8.011089784574352,4.620317477344262,5.612778461865034,375.24516917229624,0.15358470435529448,2.8460453919470743e-06
9147,-7.386943974233646,-12.806293919073559,5.141038079829018,1.446960664122397,320.43289670743377,0.9052658062169554,2.8509367225983404e-06
9148,-8.04224070399658,-11.36602979402612,4.4153000192092575,0.7244244598976733,452.6554743811381,0.34153486979752135,2.8540321897886685e-06
9149,-9.550928871135058,-8.668520309204254,1.7495571819061573,1.228564867504755,271.0089817372359,0.2072162266094244,2.8651367775823383e-06
9150,-8.778693467108123,-9.202674376251249,4.528653383476274,1.4712665643968226,468.0695067644832,0.7136050880153393,2.8658057300746134e-06
9151,-8.562923771300248,-12.176304733679782,2.8777839590109404,3.919945255613022,525.221105201501,0.1712437955789179,2.8667586554315238e-06
9152,-8.359427025272119,-11.308461839810771,1.0617262668342928,1.0251829538922617,467.07843614394346,0.6159487218775679,2.867517526704259e-06
9153,-7.947186748717699,-10.423371423336679,4.914779859688822,1.2903697333801116,468.1521788285789,0.4795479981708022,2.867628715244153e-06
9154,-7.563728290940937,-12.649824309548299,4.945044821273326,1.8050036328268464,429.9994718422109,0.3158552861441448,2.872533044564621e-06
9155,-8.533442639470838,-11.727447505799967,1.6467762445306333,1.0112040435973133,258.76267988785514,1.4833974188698216,2.873882432165409e-06
9156,-9.933709287685245,-8.339828588360774,3.9908350655324325,1.5914847380445591,384.05750500927695,0.6774983695315386,2.874154679612574e-06
9157,-8.56986213442338,-12.302216988448054,2.0179198865337598,0.7256470096639495,174.61048872837367,0.6835468323527705,2.8757380304842317e-06
9158,-8.841181824654635,-10.264311449168344,2.7494450600025377,1.2484541612015085,136.324169949445,0.34224158230484747,2.876363583621732e-06
9159,-9.031102635254134,-9.73077334536054,2.3508446917737054,0.7150486205813605,467.22217166121834,0.3460214923423681,2.8863063120338413e-06
9160,-8.629752104931148,-11.152329181589046,2.982264746544171,0.8450782589631218,197.31488967000098,0.9263433146725175,2.889232470102541e-06
9161,-8.313807114970501,-11.232677645903319,3.9211431377031825,1.3436603179502873,327.8030025083863,1.3113300393623666,2.8919845311701316e-06
9162,-8.710603840017303,-10.89218120136211,2.290876041635819,1.2547285255769722,303.40173130214174,1.1426050250886997,2.8922329634527703e-06
9163,-9.412675339735621,-6.434016027935741,0.5648842533831169,2.545918639888396,461.5231564364307,2.091401684290374,2.897998533061529e-06
9164,-8.56020711985704,-11.510449444629922,3.1158297364456553,1.6874496098276908,399.0910457353059,0.828378287497598,2.898173679151706e-06
9165,-8.186165863826016,-12.418267010950784,3.9745056146427715,1.1909072418983384,302.58443968534044,0.7161105862239321,2.9003753967255027e-06
9166,-8.473622741171022,-9.701679811519933,4.525569442560603,1.1185156403264782,331.72004916544654,0.7406762663900901,2.9016692570354545e-06
9167,-8.345058249902372,-11.21833647518376,0.6731744173464492,1.7201023187560542,345.11174275406034,0.5257183878222831,2.9100865894254433e-06
9168,-8.53071967974228,-12.729371608642692,1.8608582083509564,1.1153676793440117,264.16161016591536,1.4111672575332177,2.9157333344469936e-06
9169,-9.666032610898004,-5.171508599349901,0.8066077184438141,0.7744592401582081,156.06096352491485,0.15961028692810864,2.916139430946356e-06
9170,-8.74086434601075,-10.174790447991645,1.5734061133300044,0.8948160263528645,468.39976677425733,0.4683371031407706,2.9177066761982427e-06
9171,-8.76167744083816,-9.896203873696301,1.3750606646794745,1.797787952261237,468.49384742510375,0.7510540342901217,2.91942093100795e-06
9172,-9.420150218970768,-9.08593075781174,2.4414886051779368,0.704111940735056,158.00938451326675,0.9610200389231078,2.9195287467934997e-06
9173,-8.187279346278448,-9.970732997293574,0.3113482280240695,1.0464713674961537,467.74714225743463,0.40015825591469234,2.919645381931888e-06
9174,-9.211877402308255,-8.601270481713751,4.6513122729368055,1.679546210355814,468.6453768598966,0.8248402531769994,2.921129392988149e-06
9175,-8.655420135266064,-11.224391069719195,2.7265387099884957,1.0919516501332474,468.30459466448156,0.39574085294427963,2.922560441208504e-06
9176,-8.586012129698402,-12.421682675977468,2.4444935967872867,1.3152971446205215,320.2960870198799,0.5915528584803047,2.9238621653853957e-06
9177,-8.555808168074037,-9.887210364277141,4.179239402703056,1.3483734712338782,428.16545377062573,0.8229303983345222,2.92397187274087e-06
9178,-8.80826221886714,-8.961902802752487,0.5413064900439091,1.6660390301300239,263.9163313178407,0.04312391618821465,2.9250596534213555e-06
9179,-8.941498071607112,-9.222126934725123,1.1823586465618023,1.1164935756015444,291.87247734628176,0.7472342267932239,2.9259655018258293e-06
9180,-8.549210456738292,-11.349191144887781,1.5968735633632067,1.857807782939687,466.813082982185,0.0896969175711897,2.9259967985770806e-06
9181,-9.909862385516712,-8.590753661020123,3.2695782861883216,0.9892496776646797,273.9707901183762,1.633744372099736,2.9265476476347644e-06
9182,-8.894500704750634,-8.960160506062888,4.648637261254573,0.8762879953133577,179.25966232900225,0.8569294448341074,2.9304339119127943e-06
9183,-8.383358263584824,-10.496916342742031,4.0852638964726005,0.8127970902912693,399.88790291487527,0.15273333981317538,2.9307388494186913e-06
9184,-7.637667826144199,-12.866425610321906,4.833507472613561,1.617813013840418,356.6061171515802,1.4674281498466248,2.931938082856978e-06
9185,-8.621204783726489,-8.94332216127918,5.159069926595863,1.6849025088158236,468.1294032745174,0.07161181232992053,2.936790518900054e-06
9186,-8.73199362827566,-10.485548307896023,1.8788278441971589,0.9210096882348768,182.52358314885686,0.19833828660005892,2.9397810254530676e-06
9187,-8.670753177560632,-10.835038516754489,3.013306756497498,1.6733970712203308,393.0895485556205,0.5956467372295426,2.9416744556267026e-06
9188,-7.71026214880006,-10.556022227316337,5.180239443564952,0.5103964461894391,126.33006256268779,1.1141198908851733,2.950603909814267e-06
9189,-9.4256362473322,-6.030024657476623,0.5501029044745617,1.761445523121731,468.25202838184083,0.264066098630094,2.950816257497408e-06
9190,-8.663244238019391,-10.434293649091071,3.4079250424375505,1.9299536456433608,393.9004352697561,1.4608446394684451,2.9512986765234184e-06
9191,-8.261662322513569,-12.599178452447655,0.9170383393093504,0.6584938426587128,177.75828108683913,0.5462754469020741,2.953495610558842e-06
9192,-8.737557351043684,-9.837282519247488,3.800716262865584,5.73697788327876,372.38587348620473,0.1540552455451536,2.963216373077534e-06
9193,-7.629745325030406,-11.87715516839322,0.17960775293595835,1.8692717326121076,467.71507978428883,0.06885984725534211,2.96958064163225e-06
9194,-8.383006677344623,-11.03573601766419,0.7866916947227186,0.47913796267474945,109.01208288914901,0.2638271191331194,2.9736102311372762e-06
9195,-8.487278195792195,-12.634930210113355,1.6404418868626416,1.6195560573214685,372.6099847007454,0.188898486713577,2.97438067927539e-06
9196,-8.748604224019719,-10.320509158739096,1.784848314443356,1.398451119524083,468.8972713439004,0.9134669292209141,2.9780771148285555e-06
9197,-9.925467248391177,-6.694366519574595,1.234748336536314,1.654111227094184,388.2680044731862,0.9592260202640768,2.9791882466278845e-06
9198,-8.925033865376545,-9.999219360049409,2.684501638984282,1.4096297174258163,308.31380613710365,0.3494967897046859,2.981508256140288e-06
9199,-9.633276711465022,-8.868669494529222,2.6995777297709287,1.8397923611961795,468.0361308908809,0.6015042500709606,2.9871259910543144e-06
9200,-9.279111994160413,-9.284195984973373,2.49457078972007,1.0366093730852408,281.1256103024553,0.9629592998061307,2.9876950256987576e-06
9201,-8.55593937993757,-12.283356656961342,2.844835147330559,1.2111610736082776,277.6401138733224,0.649782183628445,2.9878383242815306e-06
9202,-9.615462867240451,-8.791507905726665,3.414612494797554,1.1423019635944887,296.4282004454837,0.9188826780121824,2.988238532926932e-06
9203,-8.740274469630156,-10.711545719863578,2.47392869050868,1.1256715237286585,467.26926327297366,0.5852580478864686,2.993056233346663e-06
9204,-8.589845520862454,-12.222568733616338,2.495297921597605,0.6846364639852524,153.75215534061803,0.3704237900072469,2.996179837776209e-06
9205,-7.65311739848776,-10.751443241202967,5.169549300176131,3.471870612229434,417.4045814027298,0.057560922397309255,2.996352938513019e-06
9206,-8.163464834491204,-8.623665821504488,0.23589947421948237,0.7252260257927695,467.10629514532934,0.3200716425444323,2.9974450766023606e-06
9207,-8.774220056532306,-10.195731758116061,1.75882300535245,1.754939844506685,467.79221774594856,0.8096602450554817,2.9984365690336924e-06
9208,-8.494492902388558,-12.44778544634198,1.6501547997247956,1.417724180278846,330.4803579210968,1.4227693334830889,3.002335176156025e-06
9209,-8.179206401520524,-11.873463309749091,4.0447827956253795,1.8282438052132248,436.05878385653716,0.4752413799920019,3.003656562872465e-06
9210,-8.92141921280537,-9.024842428197848,4.487960996184851,1.1998357329893035,307.50989732754886,1.4982847063529965,3.005429143827888e-06
9211,-8.218891508896677,-9.682029216091875,0.30676479067431256,0.8070642987007925,170.25509427770055,1.1201641241488316,3.0117654992258664e-06
9212,-7.53628372614309,-12.64617455388593,4.963741615946285,1.5123546288790612,344.1554298583384,0.6830437443023083,3.0193328830793187e-06
9213,-8.706648062863755,-9.05864802892946,4.842081898763294,1.7699306326663282,467.7648393002612,0.44850895734280716,3.021008651478683e-06
9214,-8.537832394277789,-12.892290333761318,2.81780624897083,1.3773027596090408,330.78214779765483,0.3870408196400037,3.022883966971364e-06
9215,-8.14892625597946,-10.48444037028873,4.531920185387529,0.7806354289566613,221.41290801174793,0.9534721867186082,3.023968079747845e-06
9216,-8.517039214935336,-10.566884414948172,1.2144646204640324,0.8392452555055487,244.94793093533318,0.6669307251513308,3.0242329441342275e-06
9217,-8.112249034928631,-11.887590469191366,4.164385961728091,1.5659481915042737,363.99662003446747,0.3533531566936352,3.024548351310669e-06
9218,-8.679593402256536,-9.80206920083966,3.9732963576511446,1.3687151058573255,321.0778550124316,1.3762868955867118,3.028624886868447e-06
9219,-8.80878868777969,-9.839348257372219,3.5859958545751516,2.468304358422431,453.72826121123467,1.8775341017882603,3.033187520454176e-06
9220,-8.47924699549764,-9.460619008212289,4.756674430132336,1.8237638696080303,468.12806383634444,0.08115895055857703,3.0336383212858775e-06
9221,-8.211489998361747,-12.768769470175926,3.874493725710891,1.0848293735512364,233.42131802875454,0.15720662046936074,3.036477945870753e-06
9222,-8.975633066668145,-9.511374222389986,1.6107332188943957,1.1787194405535464,260.2906228145613,0.4694664140329037,3.041104155885423e-06
9223,-8.215905309157186,-10.8397535105969,4.244212493444569,1.7391917658936433,418.68541496049914,0.3972873753557833,3.0415546073067513e-06
9224,-8.142946935943378,-9.932183166462123,4.898469531177603,1.4277865952312112,468.30025558927053,0.9018130508880047,3.0471314661830925e-06
9225,-8.635363493334179,-10.812876360682466,1.7105204426568867,1.2931246913407128,320.78489757478167,1.2562141089356063,3.0485841343402215e-06
9226,-8.255915033793253,-12.684755591915778,0.713711896326814,1.0630828560146353,468.01639878915813,0.025923465942356394,3.0496695653392107e-06
9227,-8.592426833397573,-11.861658799510542,2.1185700312900426,0.5559620466019748,108.65362229130284,0.04136626520955389,3.055468250468443e-06
9228,-9.024416443632026,-8.871379955063597,4.522247494081692,1.0298787908885485,280.31336876485994,1.0344991643584054,3.0555620559313827e-06
9229,-9.646136683841728,-8.48032115325777,4.116333000707617,1.6911790924312746,399.1269627854234,0.6148160667429057,3.0565309629872323e-06
9230,-7.7793632878193595,-11.677587266427441,4.745105814199078,1.6740057589983972,393.1000525308574,0.563759897444398,3.060467794973525e-06
9231,-8.772225391767819,-9.676120161963668,1.2357132283414343,1.056502800082208,212.3100557218391,0.011959617170746561,3.062115765692542e-06
9232,-8.99885362895142,-9.695833217691014,2.0706239065555683,0.9479951267956667,264.57274148205033,0.2555569216649287,3.0653204516121773e-06
9233,-9.150296410247105,-8.637715827956665,4.676535464922295,0.8859709126814489,231.10168002487126,1.039528694640489,3.068141803516827e-06
9234,-9.879600644914246,-5.6161685982428216,1.1529533754023316,3.117320493655632,508.67259366258116,1.456178138335205,3.0691518349619607e-06
9235,-8.453370956277103,-9.974154366082796,4.294243378609502,1.106440915921075,467.6518233280044,0.48839452656545834,3.0694308619802113e-06
9236,-9.886487700889642,-8.610991970175686,2.4865979634119446,2.1766189357856187,411.1763556204946,0.6939046548500789,3.0695660198293934e-06
9237,-8.368743770740073,-11.756004019312478,3.624727923508014,0.8527331275987461,184.95477605630046,0.3116940277045881,3.0752430563342148e-06
9238,-8.790350279936783,-10.442079186531647,2.6397205573249485,1.1145346316268387,286.60313913299956,1.3153566700454604,3.0762944204573344e-06
9239,-9.376354582698816,-5.860540288348006,0.5117025481057673,1.2445537441936925,303.12398464921705,0.7773827746290491,3.0797511499834856e-06
9240,-8.176942332669803,-12.53235125696033,0.49501946539342556,2.685841485796579,468.0100108952968,1.0498333150475263,3.081064410341301e-06
9241,-9.921548419922745,-8.181892837126561,4.294665038700376,1.8472462636354947,468.130621434691,0.6612050658293898,3.084297837807587e-06
9242,-8.77235782458989,-9.472688092904487,4.145733969598985,1.9022431828901143,459.3568671377141,0.4757663992243337,3.0956726977427024e-06
9243,-8.948599864787848,-9.028225682284177,4.4157458399701826,1.826279183528783,437.45961901278315,0.7960623732014414,3.0971524207207183e-06
9244,-9.149533618842725,-9.493190412447028,2.733593315473948,0.7266341092643696,143.81144025310823,0.25514550366636435,3.0972500066155677e-06
9245,-8.71884269225788,-9.858313853001048,3.8011058069304684,1.2985613907476607,312.3638394033681,0.3926608358121584,3.0995946059955544e-06
9246,-7.884813911952609,-10.688452486377134,4.859155663581954,1.3264738076484626,282.4886811848472,0.584682702611719,3.1100299533078753e-06
9247,-8.640342277101333,-9.841895747665863,0.7943685783280561,2.355459676396165,441.63143200442266,1.7182164693044673,3.1148370014251628e-06
9248,-8.761515795793995,-10.421879316878982,2.9453934283482117,2.2134354884721246,179.14702548372614,0.32538342504651663,3.116489002621492e-06
9249,-8.56613467489667,-12.455695236938157,2.6344932039913345,0.8655865264531425,225.24668136960693,0.34378244617916387,3.1183119375893226e-06
9250,-9.349035731329774,-7.503403932113077,0.6371104771493865,1.8592244619527456,469.88144546198606,0.017875440293535938,3.1194655545877173e-06
9251,-9.011597011813185,-9.101294661885522,4.168917789041969,0.7402580241235661,158.3278124856639,0.8855939053564059,3.120164745181103e-06
9252,-8.442727926829916,-12.66789416592691,3.254017839264426,1.8457495153786718,468.14125121943437,0.664569652052367,3.1227030715305243e-06
9253,-9.41508883448208,-8.92821001555032,1.9697369468587964,0.8332752725050766,164.27991773526148,0.10599223438544936,3.123996702477022e-06
9254,-7.408444024941391,-12.40150050604781,5.120529760382655,1.5707328206359372,371.5882050414587,0.4271258627497412,3.127054796987329e-06
9255,-8.84790849606311,-10.09174775905397,2.044038194274487,0.8382950076912492,189.56405804648517,0.6131180485129004,3.1345361766063267e-06
9256,-8.349141273010945,-11.743587124019221,3.669271948991642,1.6558344075152627,387.17761772949297,0.15784577661288068,3.1480602899096145e-06
9257,-7.95389578971358,-10.352047928965463,4.913349464596437,18.584706397611,622.856280803699,0.0502694456091719,3.150056040101484e-06
9258,-8.253934484189564,-9.502141525508987,5.089779009096308,2.3282606427574906,410.4320854881557,0.2249012349601598,3.1518022104576907e-06
9259,-8.64955140410842,-9.954766752504906,3.864017025974911,1.7977924963753225,372.45489762856846,0.8443965884119953,3.153209422304525e-06
9260,-8.339290891805057,-9.150562064442711,0.3117068906007445,0.9274952836588339,243.51643707870457,0.5559912358488859,3.155013915145507e-06
9261,-8.997927658673385,-8.709371297596526,4.81327453655761,1.5309671430119949,346.0358340066229,0.3939257100082294,3.1555208523666623e-06
9262,-8.560536666068963,-12.7097612332304,2.557599915632219,1.5606463535675201,350.28945577245076,1.6900986106397609,3.157497179033207e-06
9263,-8.53701769379591,-11.6588540241192,3.0945376430205176,1.1426596005752427,466.2470314243264,0.16661624261504304,3.167802006810217e-06
9264,-8.599254286095775,-11.740981766151513,2.14315961967862,1.442110484138146,468.66117770003893,0.22086335794000522,3.177278948853181e-06
9265,-8.561293823991184,-10.299042950295744,1.1838255089742633,11.014961001015699,602.8242183533118,0.027656368401524745,3.180217625530283e-06
9266,-8.392475717920078,-12.169086725411104,1.3272682836495184,1.7840603475317738,425.5096397598565,0.7418764754517291,3.184931506133293e-06
9267,-8.63680890863886,-11.387240238299574,2.505846577312936,0.8706397913116349,235.9457759371136,0.4923367078174943,3.1858718262771157e-06
9268,-8.935041986241064,-9.947357887546326,2.5272274258555023,1.8642858968979317,469.7134855541228,0.00503342599512191,3.1863332861178487e-06
9269,-9.835203059201314,-6.700548528305451,1.167241749829514,1.5206586249858365,342.8163923965927,0.26139294284614234,3.1873634026782267e-06
9270,-8.512692203179785,-10.821060912745885,1.3159651483254902,1.862079117526147,469.4651539357597,0.10289344945848455,3.188733814100777e-06
9271,-8.784666974975696,-10.34760360728864,2.8854980859995734,1.4442980123522973,153.61673402098717,0.28863752033497025,3.192253135338762e-06
9272,-8.906447271921323,-8.838195928183005,4.775769325840051,1.612854574535793,378.92495894760407,0.5886766625064643,3.1943492987999713e-06
9273,-9.86704017892414,-8.282002170847587,1.728830652901648,1.7292506000147614,410.94265272079576,0.9518053139999596,3.198207632623441e-06
9274,-8.524194052436233,-10.273615801115795,0.8618345173204479,1.1778488260786306,251.8331188690734,0.2048092969875519,3.2026646050262026e-06
9275,-7.505077464008037,-12.96374298270505,4.966527534767927,1.767199082687821,467.95365230362904,0.4845334586988308,3.204353566822925e-06
9276,-9.554689708977843,-5.624957349015674,0.6806635739078842,1.265278094507725,278.48685591638923,0.5212321257227339,3.2087307071550574e-06
9277,-9.647950254657179,-8.781283772301741,2.339009787307058,2.2582601837687646,426.9077566276626,1.0797375892869683,3.2137654448016164e-06
9278,-9.738260523419868,-5.0346533140708445,0.944775315927419,1.2430927326851189,310.71679910222423,0.3623237360492402,3.2280661520475068e-06
9279,-8.52287381439639,-9.878169546417428,4.2149152650962085,1.04041610855412,275.81702313689874,1.6142323503740394,3.2301893333571525e-06
9280,-9.731091800494164,-8.41827490229277,4.074428081397608,1.852025100715144,445.34446856504985,0.0113306913790856,3.2304221214876438e-06
9281,-9.078449569694374,-8.820392598863023,1.0513843832230942,0.8270892274572135,466.99532548749806,0.023425284770842936,3.230437456462611e-06
9282,-8.548590346365188,-12.534292594203341,2.7269402605308133,1.1470114554365067,209.7927533248351,0.08681154973773442,3.2355146291933897e-06
9283,-8.477493962734867,-11.511396851901287,3.3527372738985983,1.196994970085011,305.89019188754827,0.6324308409633064,3.236016806412903e-06
9284,-8.684399150255317,-10.945967132574282,2.2803433785540497,1.7919502034290202,468.43046126915107,0.561258328792313,3.2385500278081193e-06
9285,-9.113822448694439,-8.673797018266448,0.9103453762834794,2.82628058318763,484.9128845098181,1.588656982399936,3.2416184969750202e-06
9286,-8.502070788889885,-12.497024034233881,3.016924775648177,1.8742741129068092,465.65243896200656,0.10035772712311264,3.2428384851416072e-06
9287,-8.275489627135585,-12.523216202923036,1.1079921573877012,1.6178023529859555,468.46862064700014,0.18192283597600412,3.2451293721952478e-06
9288,-8.402690388417835,-12.208133592690372,3.424325898719233,1.0606748636948855,256.8424099154337,0.7415667665186438,3.248987351179814e-06
9289,-8.113646379152094,-11.855850599746656,4.144711229133309,0.9685244325193069,269.65808834410126,0.5745630091473197,3.251352104036386e-06
9290,-8.192848633602669,-11.117591980780036,4.156912779585795,0.5461088898115587,166.94353582247052,0.685480820930727,3.258138011191831e-06
9291,-8.429541060799163,-10.686338209794707,0.7700969656083614,0.993728316247451,148.5199499210585,0.30821255104680745,3.2590979057963048e-06
9292,-8.725460408169322,-10.6938949520015,2.288084720864536,1.3140977651162529,316.7458619708946,1.325163179895057,3.2616308797257236e-06
9293,-8.727484414033167,-10.539997153437781,2.022926593116393,0.9172063047996122,242.25360837465,1.446458679421604,3.2690164189954526e-06
9294,-8.56406411555655,-12.51755902942503,2.5134680027071554,1.1919999766748928,162.42130807371313,0.2643319838732596,3.271797300365103e-06
9295,-8.57687213120719,-12.21143433358955,2.315471109097932,1.7552786838285137,416.9607722020354,0.40844314650113134,3.272953254168086e-06
9296,-8.493068191617706,-9.472577847660018,4.6879581712969856,0.8937681765809846,223.30391792715244,1.2420624601410166,3.2735313674951306e-06
9297,-8.048091903049023,-11.732020975976035,4.282091698452593,1.1656241436802581,299.0493231688715,1.5051366852372592,3.2752877071973157e-06
9298,-8.523681760630838,-10.209335837672388,3.918870314412848,0.934503842111607,467.55576397164583,0.5710527110566952,3.281694968290785e-06
9299,-7.9749561323242775,-9.87488175040488,5.186908844923205,6.6792434540603125,601.0676276817652,0.10859715287992788,3.283260824722231e-06
9300,-8.482088253493252,-12.098614375491747,3.1676666953704187,0.8248714981611126,180.09768744734976,0.04003693637808414,3.293342825740461e-06
9301,-9.028492559097614,-8.435628123286953,5.168490363729261,0.5339810604249386,114.64503432994225,0.7262568819026987,3.294512366364046e-06
9302,-9.402269176414663,-9.061069617146268,2.361129057164412,1.3736772980792422,326.3196186795482,1.8596681665401222,3.2951531517619856e-06
9303,-8.54671868507634,-12.90889871872352,2.1637650623506355,3.487972419014674,291.7829412224889,0.15841112521181966,3.2979984295974337e-06
9304,-8.292905235157749,-11.869492633236344,0.887963304367258,1.0869539535535162,256.5527418061345,0.24064221125288743,3.2986940718954833e-06
9305,-9.178813072540216,-9.415494735475352,2.554365766887104,1.7527852431696451,376.27561016875103,1.7114452283623933,3.2990819988288853e-06
9306,-8.467704897423001,-9.213621216576426,5.032340834576869,1.0651361570714089,468.062101886058,0.8346855614569586,3.300166885396117e-06
9307,-8.14844010824518,-11.648416112079403,4.108015089199722,6.926657589138501,670.4753022734178,0.23293321321061722,3.3032931937063725e-06
9308,-8.705043104622522,-9.277915971198935,4.511962732612445,0.5289841747029453,138.1716110355859,0.9779423124536466,3.305429789440102e-06
9309,-8.53381201680163,-10.475944888055631,1.2304178316798478,0.7667736783034366,160.68896088567936,0.24938501072661712,3.314401806395723e-06
9310,-9.139499417617932,-8.723555673576199,4.517621907321238,23.50429898968942,633.9036046156267,0.059172093454845864,3.314483411784466e-06
9311,-9.945460782394601,-8.493170440919634,3.442080080713991,0.9833451772179826,257.6583216906962,0.8360640091757983,3.318179121662428e-06
9312,-8.375220092708242,-10.734384817066603,0.6017085950909399,0.8010479195762024,159.6507845224304,0.7211054985212,3.319151305644981e-06
9313,-9.634629185891004,-8.803538521172271,2.4025873767124772,1.2474553273271116,299.6775446624673,1.2467345009585484,3.3241988568726976e-06
9314,-8.319692868432425,-9.755810949896281,0.36320255000107343,3.223358664072013,516.1174674165728,1.3096219117268602,3.3266899968471642e-06
9315,-8.214221996492867,-10.566425304374725,4.336988547009255,2.3460113453299742,435.96954534483626,1.1424680946344328,3.3283482300884093e-06
9316,-7.9288185949182814,-10.584604284293416,4.816103124690185,1.548540778009831,343.39970597964043,1.1252529430257203,3.331999765515629e-06
9317,-8.818922553171776,-8.719974721297797,5.085011042578911,0.7343148208731225,146.67309995211318,0.5367601989581958,3.3375905320284345e-06
9318,-9.6776312943551,-5.672306136024567,0.8630248514122479,0.8353511796654215,189.40052560450704,0.32268536637559375,3.3452350858518092e-06
9319,-8.68114167734494,-10.647199786961135,1.8641093109925368,1.7277016242043832,468.6545084737243,0.49366719769120504,3.345274376435023e-06
9320,-8.432645646551,-11.162901313492545,3.587950379460346,1.0730478609925531,467.92075759668126,0.8868550106239592,3.3458803553574365e-06
9321,-8.455807530139344,-11.967378844346007,3.2772784693832087,1.7424447886303343,454.3483602512958,0.5099711951816284,3.3467243065151565e-06
9322,-9.332355052416487,-9.140365731395788,2.315053430145288,1.7734140739504813,419.0185004669764,0.5573598374505684,3.3504268693195323e-06
9323,-8.539419618278913,-5.434383496977841,0.15093585247338104,1.1270977925944647,231.79381928778722,0.6229260722891885,3.3533889218283198e-06
9324,-8.586276279758062,-11.83179477113816,2.202778934366709,0.960573814065741,264.1184850295546,1.6422902567014015,3.3572276735270494e-06
9325,-8.301449939768403,-11.498102691434307,0.6521116893582757,1.2427374481922646,247.9597396681584,0.016028533382406174,3.37553783198298e-06
9326,-8.115014571841941,-11.456374145903577,4.203970314779569,1.061498491364357,212.32736170134885,0.6147349700834042,3.385155346257903e-06
9327,-9.059636740052659,-9.535444866171556,3.1313681404845894,1.0718414766227806,279.5173821735109,1.0080228122437562,3.3858157825821498e-06
9328,-8.752529933738739,-10.33345577111991,3.046087097578769,1.6227610208775858,380.2975297273141,0.4941417858633166,3.386855960799739e-06
9329,-8.54986659165613,-12.877791394605524,2.3436907050516154,1.3224215205249796,292.2786681440898,0.25882266444060065,3.39289790867188e-06
9330,-8.344556747214035,-11.634119158554483,3.670135670819974,1.9493779990604179,326.2940436184298,0.08110523623962251,3.3931932512233687e-06
9331,-9.861807892866567,-8.31812343563962,4.052102233974382,0.871142289104512,467.47558685554117,0.5749974450302995,3.396162229113809e-06
9332,-8.301794376153659,-10.356182785802595,0.4313482182218309,1.8315149145133514,435.8665605391788,0.5885463833399465,3.4042054849577337e-06
9333,-8.485198266019685,-10.865325984118948,3.569877811134272,1.591447864890473,375.16793982579213,0.24143899688062032,3.406975131751376e-06
9334,-8.317246205162578,-12.513919259006753,1.2215345739273433,1.0795885609982703,282.03812066869904,1.6723988885712417,3.4104354634275462e-06
9335,-8.545558846079675,-11.71830283319512,1.8143303728077733,1.2187530646941485,230.00501571252994,0.031211678927763664,3.410947331238725e-06
9336,-8.536189781722797,-9.22756177861154,4.880796071200719,1.0746036386144049,281.01632760346433,1.5644897198328342,3.415670057959019e-06
9337,-9.086104521375955,-9.490482170556575,3.1127824461172344,1.771581038656685,467.9334166626505,0.3128380323339526,3.4200340913051178e-06
9338,-7.47783083694743,-12.184743230659869,5.036007786776057,4.1654885434675775,578.1646028261966,0.8590192894432631,3.4225203487462025e-06
9339,-9.53289299556186,-8.6532660906853,1.7520479711405548,0.966097135010948,224.8481887930662,0.36337369181799595,3.4241281959429936e-06
9340,-7.947068918729814,-11.327411290946358,4.5226733578489595,1.858261829402413,445.58037993735326,0.29182993788505396,3.4242282230119256e-06
9341,-8.193562414037709,-12.230942576610696,3.9130703567700995,0.8902298969594984,178.61484292228585,0.7699813298988634,3.425974770993722e-06
9342,-8.742306717818323,-9.722668896651015,3.8511003547035303,1.087334969119226,219.62880039640564,0.015939765337830814,3.4261093175976596e-06
9343,-7.687556128384411,-12.10063364102838,4.781218938536246,1.3962210921441127,311.98709321157185,0.8758627545846407,3.426390058983487e-06
9344,-8.517963281554497,-11.581789535391964,3.142758682424254,0.8750784952388984,199.75095265931313,0.40553022792634597,3.427254494980161e-06
9345,-9.026248853226535,-9.416405274134465,1.6931194113495447,3.5121461707986317,529.5392107416453,0.6644758380006852,3.43500103291104e-06
9346,-8.35367216967295,-10.979297352828727,0.6368991768899195,1.8431664536477037,377.54098368349395,0.42110188306713514,3.44011376090731e-06
9347,-7.9038816952813615,-12.502584610521591,4.420730667294958,4.555752513468202,411.2302302794587,0.041042762238842734,3.442848269836504e-06
9348,-9.895922981979936,-7.798294747016202,1.4089919516367815,0.8320009749931062,469.2889780997548,0.13786463998770682,3.445056076347967e-06
9349,-8.394246497888311,-11.549393651272176,1.265632502484024,1.1659670275510954,468.0105662074282,0.3727531484243718,3.4460918906040856e-06
9350,-8.646882848937961,-9.827544954898304,3.9608671054496076,2.1455888749694103,410.86519991709037,0.861543892087643,3.449328461380343e-06
9351,-7.820400134771914,-11.567133470068999,4.666911569139486,2.9413168353940753,377.77122453492746,0.042172105804350046,3.4561393408707645e-06
9352,-9.502785095219359,-8.767665894882224,1.9107771836750305,0.9163645663680048,238.4888804442077,1.4967687868072614,3.4608503072858127e-06
9353,-9.137088973725215,-8.950982341976903,1.340015559160192,1.0894372692696346,281.92068029001655,0.9188517255272757,3.4633284513049724e-06
9354,-9.049590041153081,-9.578602904861384,3.022798077440864,1.667166027670981,469.78107160106185,0.2408372711804878,3.470883646239704e-06
9355,-8.660785301534734,-10.22731203835045,1.4041450807751263,1.6644931366582716,468.3982704564095,0.5358534413242486,3.475476720644944e-06
9356,-8.393854019130734,-11.039447138466688,1.1256879113371108,0.864254626114002,228.56577142309285,1.067155894775568,3.4781570783046663e-06
9357,-7.726843933622339,-12.668403732636516,4.6722346692109715,1.3858467013531748,330.11049539588186,0.3723465369025911,3.479367578869565e-06
9358,-9.006297490686423,-9.498702027326797,3.419399262013319,1.0717337497401696,278.9681408433269,1.717868846904433,3.485093408586447e-06
9359,-8.815631806354048,-10.26580463189933,2.5507886363036443,1.0378996972573515,274.6995804842049,1.3942194978102593,3.487389920657243e-06
9360,-9.637317038552743,-8.757992449587206,2.286561423465684,1.0520917393961218,273.8213416537019,0.6670412730159168,3.489273747838797e-06
9361,-7.435428822987472,-11.85709124462404,5.119580638567102,1.5636113881535036,468.0448359266947,0.30729497840312003,3.491112843540586e-06
9362,-9.246718520910212,-9.289865750379354,2.7867719965926665,7.612657593252098,680.338247405191,0.20301752426807784,3.4954002575145937e-06
9363,-8.601782457215759,-10.757753565198191,3.2419252274923402,1.0916379964467002,289.09650641950793,1.4995926959702048,3.4958126010834094e-06
9364,-7.924684912292863,-12.074792176010266,4.422263595043671,0.7003402370604279,213.55632418114038,1.4102061959462944,3.4960173748608034e-06
9365,-8.38814682390244,-11.008160486642783,3.745550217151917,1.3093864065949647,300.23235360338515,0.4033195098881963,3.496162782700148e-06
9366,-7.929848793424002,-11.508923329605503,4.503193325957307,1.0139517669412321,467.9781913600435,0.2702295132370214,3.4988606126820232e-06
9367,-8.367515336297098,-12.794044358883008,1.3426826801561873,1.0443926248976565,240.15882250801027,0.40766473257775626,3.503649983339199e-06
9368,-8.553603376703583,-12.554074500826992,2.333065438919776,1.5684725251903082,358.45567170913563,0.2737814365784761,3.504927581604172e-06
9369,-9.82400398405236,-7.9376606700585075,4.785981296464671,0.7364631181672948,192.9153734564205,0.8135073733697489,3.5060735572421967e-06
9370,-8.415118550857024,-12.823989778033758,1.4589255158668444,0.8083324676188525,229.44851269530406,1.3228107670295453,3.5067833982908315e-06
9371,-9.122770615001699,-8.789030735766975,4.409797288153784,3.0668444922079967,477.9145965543988,0.3207689372732201,3.509798896319171e-06
9372,-9.639647013352239,-8.63785267289029,3.6789879510928007,2.856612379100512,480.7728272163417,0.8754365987221613,3.513207268226864e-06
9373,-8.229489983536531,-9.850628211097332,4.770655437018211,0.7075733723061092,433.7314011310726,0.35198802535041995,3.513653400381925e-06
9374,-8.785936417199977,-9.08162445917594,4.599223029766831,0.9566783076770651,467.6780929856757,0.41424853944338746,3.5170035156831436e-06
9375,-9.697159096446155,-8.663889363883325,2.1807496980661427,1.4863219021605494,467.80062251273654,0.2525118105013986,3.525735610223347e-06
9376,-8.594860895021764,-7.354561888023751,0.25703085588514524,1.1380939538596364,248.29827901363103,0.9111453657510529,3.5299247582512563e-06
9377,-9.471694895191144,-8.975323026215612,3.014853774215686,2.8945809915505194,471.8279652940744,0.2206356122339157,3.5322139332008797e-06
9378,-8.541523155816565,-12.973359488542238,2.453075156193309,2.7433221553055342,475.0914697200715,1.1567894603221003,3.5329339064275704e-06
9379,-8.926964236739694,-7.103050042735975,0.3192479627248524,1.9032293997734526,462.81773558977693,0.5583846333399292,3.5453457578006867e-06
9380,-8.89938053267407,-9.896308594629087,3.0033178253384136,1.826648044355142,467.51918379869863,0.9260174721313756,3.5462864615320995e-06
9381,-9.149165960203026,-6.354956706792235,0.38407131159179997,3.183945055323202,512.6594362762851,1.2159076491524035,3.5476270705748053e-06
9382,-8.450023622124883,-12.2401605347796,3.209919604052617,0.6977568476967916,467.79974737602316,0.38074434092897835,3.5493006870728936e-06
9383,-7.337620745307142,-12.460312807475814,5.155490456202882,1.7191580676062175,365.4059054362993,1.0500675845774188,3.55257164340378e-06
9384,-9.966131137756383,-7.436661709225843,1.3622514020710013,1.8466257947636129,469.87986548362875,0.09220636612789246,3.558236676937154e-06
9385,-7.435985593075996,-12.570980712967623,5.039852310148977,1.07805705833055,468.40180373818237,0.5370369310500775,3.560184824416363e-06
9386,-8.554594320036095,-12.449764278602261,2.342676391508434,0.8566862801965447,468.3149581949338,0.503910866451089,3.5631415167745084e-06
9387,-8.589404954956514,-11.398926809856576,1.985355416166419,1.011256174882316,468.4715845629831,0.491179801262696,3.565190741948466e-06
9388,-8.577934912836756,-9.2611926384644,4.748472560185848,4.368407936233998,577.2503048538605,0.3208501395591252,3.5702406058254852e-06
9389,-8.268799928767853,-9.99460360140321,4.574562249386733,1.7365387580844553,411.5713187774399,0.39109172910177836,3.572157461643379e-06
9390,-8.2552784980329,-12.925269053867632,3.692935026465245,1.7671840144130564,468.6756958898526,0.907390488560794,3.5749891427567336e-06
9391,-9.854863172150806,-8.578426124316934,3.27141124541733,2.232593551905981,427.59802402135335,1.4993342770345182,3.5755145002401423e-06
9392,-8.836297501094126,-10.161995467192472,2.322028494471851,1.7125544620836304,403.43571293455466,0.07803079450272321,3.587516096099954e-06
9393,-8.887066525730198,-9.540776847389596,3.6918874104717245,1.8494707877030063,443.867004171737,0.2919810880829239,3.5917670603107247e-06
9394,-8.455362054425668,-12.914545638692216,3.090083911317358,1.3936324857707336,363.844716127446,0.28648137002555263,3.5924583594419832e-06
9395,-9.916429086729702,-8.578802326129852,2.769090180466781,0.7816012974162587,160.9915868998315,0.48250901280855896,3.6021042939306177e-06
9396,-8.57048584835448,-11.8758261468092,2.1284476434997663,0.628935464002293,158.23977557870126,0.568312727384396,3.6027021947800267e-06
9397,-8.533514775093726,-12.955018563833296,2.149821133029994,1.901924259205405,461.4310322558493,0.6334060257573793,3.6031957121185878e-06
9398,-9.912601811922892,-8.474973169849463,2.2185496485480445,1.5984598990967775,467.91096390195867,0.23280122868545572,3.610251981288222e-06
9399,-9.914016820453435,-5.892288943405963,1.2104197026781898,1.6336094180782945,383.7817549545641,0.5451045836870518,3.6126968716748273e-06
9400,-8.391845208277429,-9.756567882978892,4.54461271434255,8.16415116182818,348.1464175491143,0.22755521802636292,3.612890383860631e-06
9401,-8.547855910217992,-12.601078025980822,2.3187965972130336,1.14216810713925,466.5952836115826,0.13002798086901546,3.6140728805790628e-06
9402,-8.090262858035587,-12.762414749115237,4.055225966176741,1.7130895575052496,469.52612841079093,0.1800364920845956,3.615102423338721e-06
9403,-8.53867623796975,-12.86832568485041,2.475141626457585,1.3514030823291914,303.5430300429861,0.24338724895814678,3.618559379471221e-06
9404,-8.097583636494779,-12.395360175819063,4.069693110116863,0.7765969985754149,155.30383660532578,0.6692807917648631,3.620123578419458e-06
9405,-9.632816002954435,-8.820122324183561,2.813645219800703,0.5106474574690831,112.8348919866078,0.38644126018312086,3.620230529632665e-06
9406,-8.654331912205198,-11.01639058899418,2.2330898008580284,1.0831086252305122,126.77701702727413,0.34528781766590644,3.6286883022886695e-06
9407,-7.3230329163352526,-12.560799560351954,0.13190453545607358,1.3525221279396868,291.50622751724086,0.5978870921744859,3.6314457787349242e-06
9408,-8.639042122853757,-7.651837628810789,0.2876254155640725,1.559777588238333,341.9815401213329,1.0766513698869096,3.632953856832174e-06
9409,-9.357598301054207,-8.33957049901904,4.759630868420695,0.9168581688813777,465.47780112199933,0.8916869632624076,3.6354662099287304e-06
9410,-8.566324287368143,-11.716412099005256,2.7678237298135975,1.314617088856126,468.06295212323073,0.7098865880951433,3.635893858940086e-06
9411,-9.154353086647328,-9.080960021824483,3.793657089024099,1.2677178557764464,468.73311317771504,0.3927066482823749,3.636305156937072e-06
9412,-9.249306471795618,-9.103983137437396,3.467387680011458,1.8361735907682373,439.6044724354516,0.12752041915300438,3.6422631212729142e-06
9413,-7.861927702090799,-12.543452694400903,4.464304627950783,1.6408683245626854,422.5745030462896,0.38193060586876637,3.642766606583285e-06
9414,-8.50473987663116,-12.963639392924641,1.9233310327307416,1.8450106439266014,469.5990066047012,0.0010553640473496273,3.6493505911424483e-06
9415,-9.566880431928315,-8.856734222540027,3.0861568419446495,1.1276010623052957,227.17614171910097,0.38693511492348787,3.6526348903654953e-06
9416,-8.5628683351036,-12.121125972831729,2.497932014694288,1.030963707306918,275.36881050333056,1.8123419032209194,3.6545539664870475e-06
9417,-8.331637213251108,-9.25126293202613,5.185636592644044,1.116641059661181,281.10726430422045,0.1828447079022828,3.65998091192667e-06
9418,-8.983462334278595,-9.089760806497502,1.1851908371406468,1.5481892472644962,245.85352964270717,0.045923748353051685,3.6620944860116604e-06
9419,-8.141311566850693,-12.30806763307844,3.986985932938012,0.9645262155368074,251.29447519177296,0.9647677514807436,3.6634436689474334e-06
9420,-9.832046301765562,-6.487402535455768,1.166137626852118,1.0002497595174649,468.0303086794293,0.552251741833417,3.6656716074792376e-06
9421,-9.40615526091246,-8.631098578393841,4.143508172552852,0.9962412744035767,467.91502938067987,0.4506876291302495,3.667366338060844e-06
9422,-8.587833155798805,-11.493700846712409,2.0671437781859576,0.5295722466269001,118.86037223784808,1.178635343311412,3.6720733565129613e-06
9423,-8.353728903819498,-12.914401958461296,3.424611122587496,2.09004839024948,409.8484559044361,1.2351214017188212,3.677402591553834e-06
9424,-9.209606200540739,-9.29542904993525,3.0117013405887767,5.906371261104657,452.07939956310315,0.06994377244784555,3.68443130211968e-06
9425,-8.667238455942195,-10.936260398191447,2.306816212242134,1.4022249651980836,467.94084833284523,0.26935736517020903,3.692474569142141e-06
9426,-8.850040648609731,-8.4604497499646,0.4631387901759115,0.8686436500795875,245.80858033793555,1.00334161165347,3.695281470723952e-06
9427,-8.334665083953551,-10.592589774003425,4.042343523721031,0.7144564288894155,468.44437422718744,0.4761710796694798,3.697167128232721e-06
9428,-8.598511588494915,-8.911675279909755,5.1541154436737875,2.6681938168513812,466.0266625898529,0.9570421973224343,3.70127402050604e-06
9429,-8.573906164172843,-11.044755674347147,3.1119664755090737,1.4716919753360804,350.2010674292007,0.328403459699552,3.7017183107960888e-06
9430,-8.718589588544459,-10.131307901634893,3.378982266402067,1.8886909642855878,467.5537563303967,0.34605259657094667,3.7110890317079637e-06
9431,-8.13757496031955,-12.102044279801943,4.013694484932171,0.9618249557024798,467.93656166404884,0.6091546825768264,3.7184005082271204e-06
9432,-8.594759921944778,-9.03828930414803,4.985620732530252,3.6811210541478463,549.747122024074,1.3038147019242396,3.7247494790755504e-06
9433,-8.24133119196478,-10.943775563760644,0.4632386164188074,1.0359971811675115,173.4036083811646,0.426081877844128,3.7267711443449436e-06
9434,-9.122525487722633,-8.921078077623747,4.152840304686105,0.7792200437680789,468.1422660461666,0.24652098678095502,3.7303883695508996e-06
9435,-8.17290166709832,-11.431016130092447,4.061086964338942,4.550169706789528,597.2231893833218,0.6036279924389385,3.7311087381030753e-06
9436,-8.211107527847863,-12.347889997086682,3.826797431593034,2.164439727790811,411.8379128891964,0.8179494292198886,3.7351608080158954e-06
9437,-8.195572815792255,-11.660971397874277,3.963095004341156,0.86220833366768,170.8923586839277,0.11489072339115314,3.741200718226096e-06
9438,-8.421733145083248,-12.251167200924808,3.269266339101139,0.9499363610543168,246.7290021376588,1.1514446736232564,3.7488537119895536e-06
9439,-7.6358910571914915,-10.862581356235072,0.18844152605177808,1.484083983671885,341.7332241666552,0.26660389148853536,3.7585521201679987e-06
9440,-9.760041260001048,-7.954793143181048,4.808271499105264,6.945111030972721,438.3276013102345,0.09385681982304916,3.762501413434328e-06
9441,-8.328635667988456,-12.740632722149236,3.495358122911399,1.0099740951314111,275.6791624231638,1.4303071696788612,3.7628258409941858e-06
9442,-8.6078206575675,-10.111916187263956,3.7250915248031693,9.28928828022313,584.2061406071078,0.014698005358465771,3.7631025471244923e-06
9443,-8.768260833000891,-10.301144446707198,2.0715449987070693,1.0356254307571036,270.6609378895449,1.4869061770922238,3.765000046835744e-06
9444,-8.215369484165471,-10.117698666721198,4.560066480801657,1.3136772850391218,309.20013214695194,0.5028014583518052,3.76803620913547e-06
9445,-9.411149162739155,-8.795675718453218,1.7662209287311925,0.9328282694083257,185.50988628918137,0.9806470307984467,3.768452529383903e-06
9446,-8.716275825935144,-10.494192147632523,2.8910539428717184,1.3060170449245105,287.5169466239591,0.10960368570136048,3.770088391791462e-06
9447,-8.228843554441209,-10.067442929082706,4.571260101785842,1.8001017109832387,428.82127472580464,0.3197107629520959,3.7771221219009325e-06
9448,-8.18678531325403,-10.502144929584947,4.375176687940757,1.028449021452703,270.44755716437896,0.761235642124853,3.777534341069765e-06
9449,-8.187554619574328,-12.716578821951963,3.840065148243769,1.154456700558748,299.70883740859955,1.6647636312006897,3.7805099229127113e-06
9450,-8.050325419492584,-11.44501135448284,4.2856744079289095,3.812103990225972,555.7464841306385,0.9264323922458058,3.7845277898936323e-06
9451,-8.039568650156298,-7.193700852210629,0.08101612476439628,0.6792810923972562,170.45152713267677,0.5106508128216625,3.7871593408498957e-06
9452,-9.893506898252536,-5.202388588684125,1.1843899177234256,1.2654908110947578,219.15040675115407,0.45113058215062285,3.79041605238956e-06
9453,-8.86639599135035,-9.675108141294995,1.54721900154443,5.180485163316609,495.53907622130583,0.026273471347566968,3.7957792307464092e-06
9454,-7.996510684492728,-11.379414583503355,4.393730189370043,1.272250372832721,289.93583774631077,0.12355749224637957,3.800277658799785e-06
9455,-9.01181729217131,-9.229158457948497,3.8492851392787926,1.3516184467706993,336.0486368835171,0.09495559497978157,3.808078699589104e-06
9456,-8.52071969507208,-10.754289334740081,3.4634056285569277,1.7524531096207943,414.5846297897941,0.4025581072220943,3.8092389669338504e-06
9457,-8.603211419055473,-10.879747589503602,3.079781416696826,1.5505073440930406,158.4122554672764,0.4051050736766433,3.8114108872786135e-06
9458,-8.791466368431502,-10.302555928708742,2.4782600945640527,1.147093738498167,300.3907190836981,0.6803453641689199,3.815336287304077e-06
9459,-9.630362335015965,-8.007552612757642,1.3098412462524553,2.259826699133458,424.378605166471,0.9437155431719386,3.817646744423601e-06
9460,-8.43917333062728,-12.280739222834319,1.5173763155538462,1.6803163150074458,468.4254476303493,0.6373546845724505,3.818509846619207e-06
9461,-9.897722096548472,-7.816782224874651,4.849318038335389,0.9948521144573582,194.7572154328993,0.19383127041880677,3.819409043683887e-06
9462,-8.810852838384946,-9.926732254201914,3.2983851504263426,1.0974931929995224,467.45287783607466,0.10234624451643182,3.819849364712251e-06
9463,-8.446637600254107,-10.576766024820198,3.775738825604638,1.819721247401395,469.17623476454406,0.18104815930595386,3.820625693337634e-06
9464,-8.52844499772041,-12.936846593021166,2.4969424392732593,0.5203593183535234,139.0445127237891,1.0719405012476022,3.821252224030177e-06
9465,-8.400692890503114,-12.496267370213674,1.4188270157098797,1.890456845336522,468.09439013205053,0.5459718522233796,3.823573770326481e-06
9466,-7.941248636826037,-10.019172406046081,5.081917694007155,1.1144036051953397,467.9519927733978,0.11494534292900838,3.829508099251299e-06
9467,-7.673846400990379,-12.417484628695275,4.735716899694538,1.6460558856080225,385.73131987357294,0.5691662321270847,3.830811101808231e-06
9468,-8.339978997891476,-11.365013109031818,3.693362069821376,1.820602562158162,435.38364075349506,0.2881430903598039,3.835811383464293e-06
9469,-8.952267916520357,-9.67853077148163,1.9703807730181557,1.3732332690866649,309.6905777957574,0.06566376374066873,3.844077193100559e-06
9470,-7.627410955550097,-10.784063947452402,5.118306473533154,1.3942492023932724,467.8728857953924,0.06110353817688807,3.84522804677406e-06
9471,-8.84875570035412,-10.001072799280088,2.9666216493993547,0.9031603158497455,250.93018911171947,0.48396498731231485,3.852491673756316e-06
9472,-9.50204757677421,-8.620313459415517,3.9545785385789536,1.214348916713796,293.32617833218916,0.4076158897619404,3.855051563208896e-06
9473,-9.286900400846584,-9.126759622088125,3.2078281342562933,1.3261248663122152,327.46716165385914,0.35794128179808293,3.85548597287734e-06
9474,-8.71043589215425,-10.494857330359421,2.903337366218603,0.919454393697134,228.1098472082325,0.7679453016062423,3.857126837995634e-06
9475,-8.42347255841388,-12.402167000315195,3.227531829252523,0.6851176853460116,162.90929206691735,0.346063349724651,3.858363656239934e-06
9476,-9.985371339825777,-8.24335383135169,1.8922941996253948,0.5572761037592917,118.03414404647164,0.4315794197814311,3.85899403707666e-06
9477,-8.53108801104884,-12.751476152054963,2.467192460905442,0.44589151185458015,111.35690765716528,0.29745035340655956,3.861054801877457e-06
9478,-8.22080850682908,-11.808592339053138,3.8673106705208284,0.9361199213872485,468.4108197137815,0.6427755687634837,3.872637490194294e-06
9479,-9.222426178308307,-8.358574039207044,4.912033210795209,1.1140380495878892,467.5877357713947,0.8136997507045107,3.875823565573872e-06
9480,-8.4739864793807,-10.234440357760086,3.9399472639946898,1.1290078688188565,467.2261372396605,0.4322234518960668,3.876355290199224e-06
9481,-8.716790452950347,-10.483991114846035,2.039919351465531,5.448730538633206,644.7148508214196,0.5627702851333476,3.88023764246896e-06
9482,-8.304606081985998,-11.00286786729257,3.898635929715705,0.9509245202203841,256.75614343251556,1.5010350039186102,3.880797709767985e-06
9483,-8.794718790943588,-10.205007147472449,2.849470430162005,1.287722732490226,270.55974037394554,0.9200107110453137,3.880926817870911e-06
9484,-9.808749134339937,-7.768336729763963,5.013480955424893,1.5580786337116386,468.6269657240955,0.18339740349148403,3.888324169961076e-06
9485,-8.507632093391123,-9.433527095775421,0.4405294139500613,1.0149127059188294,277.1451532856237,1.2140039416263173,3.890113892624405e-06
9486,-7.35320924774003,-8.665750383220363,0.021111968421443895,2.9658775418834926,486.988366267364,0.7183473618404657,3.893675779597835e-06
9487,-9.026308452628374,-9.576331345447622,3.024677229992452,0.8006328687078501,159.64839212526718,0.16807442276716866,3.896049448685447e-06
9488,-7.670647375940246,-10.754028263446262,5.0668582141265,1.0669841673593086,284.9296553302841,1.9532865284678467,3.9015031142637854e-06
9489,-7.416684984764821,-11.733175127809721,5.127277113826257,0.6573752691291097,132.9957696290272,0.4312846873835996,3.905048861457253e-06
9490,-9.369220308694032,-5.2194680147522226,0.4932211641530454,1.6350275954039935,358.6200828665612,1.4880702729607762,3.905238062235551e-06
9491,-8.077811822051503,-12.28546174358913,4.0893972001790795,1.843884864130161,468.46403299590276,0.8889584201407965,3.905591225990982e-06
9492,-8.700002767428952,-9.057826860265644,4.754594234877374,1.1353967950683113,466.9299111795335,0.6151551661407728,3.906754922058069e-06
9493,-9.671423282114691,-8.665672293308429,3.427969101498732,1.8898136927709823,458.2894903929381,0.4843147740169238,3.907084212323704e-06
9494,-8.86579680752197,-9.58407043955848,3.6320571252300224,1.1059001791329142,448.25002964680453,0.7458646285887447,3.908063540964544e-06
9495,-8.069842848163244,-10.305067932249925,4.681779749219153,1.1764958401793968,249.04424452366462,1.0400103327784729,3.910932591505594e-06
9496,-7.465415741572405,-11.960282699115714,5.038886600892838,0.850505649137869,237.47890342289017,0.4960194960369373,3.911331429708261e-06
9497,-8.301163012999677,-12.436464766534725,1.2100899210444223,0.8877553445124458,251.71329057067135,1.4503636757296166,3.912058659317162e-06
9498,-7.708935402801757,-10.454703001309419,5.147684026091943,1.9059963890963232,394.58190284976155,2.1037911051683666,3.91324508468784e-06
9499,-8.37553894989557,-9.922978494739539,4.395149222493155,0.8603341152727746,167.8527292332898,0.04028604210954523,3.915450064206892e-06
9500,-8.665340679962197,-10.331186433929709,3.309548283628882,1.032967322134828,219.4953317370319,0.012626109226077098,3.916812213201881e-06
9501,-8.19013215811092,-12.39081537671509,3.8482131151521664,0.7629924226814422,203.19130388613678,0.24365363565255116,3.917202759868223e-06
9502,-9.283718500125527,-8.918071200398735,3.7708462288028297,1.422410852864338,313.6019161604664,0.8148694546759563,3.917291148556864e-06
9503,-8.245636755239898,-12.362131473983046,3.7222589895130525,1.4273663907436813,321.54724225908336,0.35881737669852853,3.926210623389209e-06
9504,-8.550708799089147,-12.171738626926336,2.410740820564975,1.0135117042519364,468.57590273309233,0.40208135135933976,3.931995249331813e-06
9505,-8.759543698931303,-10.142060546484993,3.157421964895235,1.0150152782857091,146.27652601460164,0.25870537074649747,3.932117499150164e-06
9506,-7.4689860883048524,-11.51611887320318,5.101816695948915,1.1226874084174179,290.6367929762747,1.0776481673767595,3.932897686914612e-06
9507,-7.607764747316308,-11.462012595438896,4.944720062982157,1.0309603177885855,265.832439363506,0.7120897298421793,3.934213467960587e-06
9508,-9.102844941981546,-9.492151911887976,2.6487506639132046,3.5465271139537173,540.2386211644733,1.2947160925181391,3.93817346670152e-06
9509,-8.430530996065924,-9.371516042604156,4.848367163389935,1.0635410741551414,227.3169646156054,0.297457191266405,3.9452254420354955e-06
9510,-8.605224039830206,-9.480395928882297,4.38196759995772,1.1622650698745267,467.09449977347583,0.47288860115146036,3.9489552558590505e-06
9511,-8.525018190016883,-10.013779267377311,3.9988384756949764,1.7680290972824146,420.03902730284943,0.5838088514735533,3.951268141598514e-06
9512,-7.700802134705187,-11.976992919417865,4.734785244669887,1.0421622241285753,272.49826859475854,0.6589548055857568,3.951764545490873e-06
9513,-7.797290492427615,-12.638786896693047,4.531026627936846,1.6773958380159226,364.91243036288944,1.7010801315825788,3.958105821003537e-06
9514,-9.081679694509878,-9.498968967137433,2.3079020584225125,2.958688338028778,477.53869880986844,0.4709858486399918,3.963651792359797e-06
9515,-8.643424772150896,-10.112904026458738,3.5943513750669904,2.3812780346826226,426.213181925477,0.5205339965112445,3.970568422273321e-06
9516,-8.184268869364269,-9.967004927700124,4.710990974645646,0.9046480432343289,469.44371974053263,0.03731656336508227,3.976585278999308e-06
9517,-7.687124726174272,-10.989187785367772,4.958769273428801,0.5003068228584023,142.2032355278154,1.1122813264041262,3.976938229379586e-06
9518,-8.499573685866832,-11.15141461943777,1.4576493820584768,1.336242391303854,328.26554845447595,0.35955789922762627,3.9842858488988735e-06
9519,-8.32632074924215,-12.166410459958437,1.2435052719895265,0.9949853010666628,470.1005305183076,0.09468198011844642,3.986121739129732e-06
9520,-9.58573960372016,-7.690796695903918,1.1329193641934738,1.0594485973593306,276.59338422137665,1.469960419522181,3.9868686443963336e-06
9521,-9.872862835471343,-8.028643781947121,4.515907156482926,3.1628141069786078,510.42765532259955,1.1443927312128723,3.988403866488046e-06
9522,-8.049168460379144,-12.993257879947913,4.083053623418343,1.5900168173738312,372.98721115493925,0.48622843421861095,3.9889550723934035e-06
9523,-7.616566338826938,-10.93641006437448,5.06583648343785,1.069264184331298,285.3351735734357,1.3939689239695428,3.9934484473584955e-06
9524,-9.207165272450402,-9.281585314618301,2.964833201898045,1.1026447829294026,291.7174120623838,1.1730353833876856,3.994717539187869e-06
9525,-8.075005988298251,-12.206000420362672,4.095090462681191,1.289455375676068,283.85518823423956,0.12937596523426098,3.999967670272902e-06
9526,-8.477244245571788,-9.744309402460207,4.349107407839793,1.8632738789071073,467.696464385695,0.30275475600135415,4.000881235802134e-06
9527,-9.331144859815673,-8.78342997097134,3.9391615410346885,0.7710667158054818,468.5065268282388,0.3226542714006344,4.002388736667487e-06
9528,-7.705116305306888,-10.515194727906806,5.11656021650758,1.2816944337884264,300.67724223920726,0.2981686643479762,4.0039767381580125e-06
9529,-7.973888440979442,-10.257120659795353,4.859957533246924,1.6899969079151298,395.72008160684794,0.0926711059407177,4.0064243078863315e-06
9530,-9.169830956115517,-9.166235218487627,3.5014181033110128,1.672126372502053,468.20695470897516,0.44247489043063837,4.007859438504113e-06
9531,-8.535060976652243,-12.392597445780254,2.214891360748978,1.1662914581887018,247.55703173238473,0.6952896724801514,4.008012416162152e-06
9532,-8.056021170874123,-10.258392600712229,4.725208832169361,2.0724131200130502,406.05555658510866,1.0851415361399814,4.01398467088613e-06
9533,-8.106802789929633,-10.255254156318191,4.639132916802919,1.1193452794177046,287.8506701534326,1.129654545446436,4.018856501243892e-06
9534,-8.420624879431395,-11.902583358118331,3.298093298705928,1.8423527455343267,468.0919073165489,0.7262557229823345,4.022704978550733e-06
9535,-9.193816081146078,-9.215232316577271,2.041113507685525,1.1023788157253762,333.7743965953433,0.982286057323198,4.025387604123345e-06
9536,-8.345495720193787,-9.94333303207391,4.424701837592742,0.8319036636545133,167.18241175730668,0.9172446348830627,4.034416297160911e-06
9537,-8.906376868425761,-9.59968942839566,1.6210013622231205,1.2340928490759375,246.160047192811,0.053611506526395125,4.036354365403541e-06
9538,-9.710693952620872,-8.442163066866016,3.922719343424066,2.245554482650991,412.83297891896945,0.4323452907589944,4.064048662274802e-06
9539,-9.031005890719541,-9.550255493678632,3.030564421236471,0.768100887891338,222.44664287789126,1.2257683832103359,4.0640704728363555e-06
9540,-8.083541607620324,-12.450521614846014,4.048338318421373,0.9974727582848311,352.90362376128974,0.5613593834184902,4.06919357668917e-06
9541,-9.50116634472704,-8.783340456967057,3.5053979182484745,0.9091527764025908,142.95666055153342,0.23841841297287658,4.070379590541587e-06
9542,-7.355986505702818,-11.090455647696416,0.12271127130591918,1.8492803581530413,467.58800817871565,0.29682089730363703,4.077014366788897e-06
9543,-8.105279922452329,-12.616549826599291,3.9901896649139528,1.001899385604239,273.4231314893249,1.7224816987366127,4.077129876744459e-06
9544,-9.319305751550147,-9.090384456493695,3.1162574986447695,0.5559170936673987,161.2443628391094,0.7075647984728173,4.087316782479609e-06
9545,-9.237913849284137,-8.904530795740978,3.884770778268521,6.3645059799710655,456.41696415906404,0.08278360110890493,4.087344568178869e-06
9546,-8.652560013446806,-10.566498478358723,1.765264741245098,1.2341871702912914,311.92949670562206,1.5547663169260817,4.088577605476994e-06
9547,-8.37737849548626,-10.766152810581872,0.6500882833983546,0.882449273932822,230.38748257870722,0.21244591150690173,4.088836828285006e-06
9548,-8.027660039062122,-10.525872538361558,4.616894227906182,1.7135805643912432,403.83953330936146,0.5299129127878572,4.093737119237368e-06
9549,-9.803889258484437,-5.996632510142488,1.1201939241056758,0.7082151428783175,182.54730206270602,0.2571179469375524,4.0965023621171e-06
9550,-9.113474326035202,-9.429324800219788,2.318496083570121,15.595601230700009,777.1624371260546,0.17757243397502087,4.097805638450512e-06
9551,-8.48806713397458,-12.341800387095438,2.9114924787094267,0.9523107433910101,266.6016789252309,1.833190903912719,4.100616968992723e-06
9552,-8.635042119180985,-10.570677926289479,3.1506090217022815,1.1077704520573222,215.28372505847307,0.21278369428245814,4.103507281349947e-06
9553,-8.855819707035899,-8.81560479686231,4.796303172295115,2.3588740667060644,443.70160422542506,2.113852311432205,4.106225528017226e-06
9554,-7.4304528813881765,-12.430200100640839,5.016344403908804,2.5975663542595497,466.11617219427603,2.0037922932174874,4.109355349312576e-06
9555,-8.043354744202455,-10.709106120278701,4.502067558130111,1.111203697823587,462.593084551317,0.7722025334752312,4.122952424083643e-06
9556,-9.560293553834068,-8.849268777816931,2.610266189924563,1.1684518297878774,467.8402449219276,0.1391619344642807,4.1283457948753415e-06
9557,-7.865371586929758,-11.183911722025798,4.629959229921567,1.1109515150212819,467.5422766821771,0.2056547329421159,4.130987993619836e-06
9558,-7.905583540782708,-12.615494120268053,4.3487383571029845,1.6368287926984797,399.4381576430049,0.45982606863043163,4.135365730082878e-06
9559,-9.398161987566517,-7.969425844026979,0.952105933778504,1.114005827018365,287.5780160862209,1.7389393858108964,4.140368854991202e-06
9560,-8.048219694978808,-10.947946652145493,4.39953499564981,1.0571509287682677,284.8178700295035,0.7020590205575967,4.142588089779794e-06
9561,-9.93833591345634,-7.568150251984161,1.3910762789277478,1.0671261273375214,273.17411276238414,0.7404702742609217,4.143685164955103e-06
9562,-7.804908347649221,-11.793738173115043,4.5940965019172335,1.0957957721865708,285.1817196006482,1.041337549964223,4.143751827596648e-06
9563,-8.652275393033069,-10.697068911934927,2.912295948502193,1.9083377779076642,467.6662821460845,0.5184917765719579,4.145630853101294e-06
9564,-8.396202846143925,-12.909076768510372,1.4654729444955328,0.882013303293717,467.6465181037559,0.23473542746547782,4.1489687649069675e-06
9565,-8.998522554326561,-9.089863844444503,1.2463113323293082,0.5031429436349817,126.24703189806445,0.8127638946254061,4.155084881083806e-06
9566,-7.465863301956146,-12.278223613476158,4.986563265951899,0.8599389452841462,468.37849967564193,0.5282889546533136,4.167378054388199e-06
9567,-8.70235099772601,-9.845817182619216,3.6962306963642946,1.8915715557169595,456.06998029129477,0.37548067474801883,4.171474747410231e-06
9568,-8.057556602165889,-12.597381193524354,0.3909781571206159,2.074165268763413,411.50900517059057,1.5900440849770643,4.172090506093725e-06
9569,-8.87828040578645,-9.917836388249164,2.1482485050525217,1.286764305730793,278.03192228179796,0.07568620605451937,4.179813190092696e-06
9570,-7.971652161853251,-11.449516949952146,4.388336786860248,3.2895591985938024,514.7424223001087,0.7490582188526904,4.181322045898838e-06
9571,-8.481841989009775,-9.018675276063593,5.17007986542136,0.9664997996868696,468.2620822320686,0.6619408389733854,4.181556717377661e-06
9572,-8.991034945887186,-9.500714573977653,3.3253502653423785,1.4061398858711318,313.1798440626538,0.98624163064743,4.1864952713008195e-06
9573,-8.70262456283363,-10.525753374176912,2.7940007464067373,1.5957055751713007,468.20840959003834,0.2015488196424391,4.192455554776009e-06
9574,-8.56454855644184,-11.726856593810199,2.462505496709527,1.6647993516973607,392.28468115340763,0.4989142961433233,4.195049060464751e-06
9575,-9.787103234171019,-8.634042767885358,2.6075032128970053,2.021637918191812,404.97228729428656,1.5154980663811566,4.1978350078454705e-06
9576,-9.151597400518385,-8.802943062526996,4.248541923699202,6.317982579880873,374.72765005791535,0.19849897326406118,4.202217982288882e-06
9577,-9.154588884276087,-8.286325176654044,5.1004375095800425,4.983471964998065,618.9169660917278,0.4166114738876736,4.204232324032277e-06
9578,-9.783090623974209,-8.510624711034264,3.568864526907367,2.1550055992428514,421.00685332974723,1.7498691351706421,4.204590373716569e-06
9579,-8.087855569776236,-9.824584484313284,4.969220993605456,1.398171243573028,318.07000695969225,0.7089431921999951,4.205463074507395e-06
9580,-8.563088994890705,-11.368267777121208,2.8376509038375106,0.4494265938796866,122.92349278428932,0.4107525877823237,4.20670934242674e-06
9581,-9.793358034965113,-8.166533235651883,4.349515534296844,1.4954703826558962,469.5205180807331,0.21613064815916694,4.206779116999134e-06
9582,-8.65832165667654,-9.200416193186012,4.606535958999166,1.299526311545165,320.6276919044463,0.3846589148540671,4.210666699529697e-06
9583,-7.403942102062985,-12.899461991399871,5.008137603675782,1.469523591745351,328.56466195179013,0.0037106342786517033,4.213867481971214e-06
9584,-9.558535801579493,-5.3346808487061805,0.6989574714340994,0.5083502266981147,119.70976375122216,1.0661781517555085,4.219257557834379e-06
9585,-7.688128837362216,-12.25514535433333,4.701368803676349,0.7066057864987216,143.78154152672613,0.17942508141867552,4.221567636652174e-06
9586,-9.465335284389681,-7.608239581304352,0.8635994219329862,1.179667513328157,301.1842209528568,0.4216251919377738,4.22171032335447e-06
9587,-8.721514218963243,-9.774458552909838,3.728137383448045,1.78735034548344,425.6947388042217,0.4865406707815687,4.226320592387619e-06
9588,-7.19345894094203,-10.011943865242802,0.05671010899045402,1.0900147641193665,283.18690506458677,1.649003809330197,4.229219437251561e-06
9589,-9.007697183470897,-9.604526236493184,2.936895561424785,4.498197209055435,597.7101700014513,0.8236752558843738,4.230031136112927e-06
9590,-8.13294495571285,-10.617112160173267,0.34840552074452513,0.8805008666279392,467.6269557099061,0.7964686470451019,4.231841372602602e-06
9591,-8.554655133751046,-9.36954534150094,4.589292043977836,1.74070835119031,374.2969116510349,1.9775377283414857,4.234083470916076e-06
9592,-8.632472953951329,-8.901990247857427,5.058728134347032,1.8726105297544704,469.03714925893763,0.2023588988514975,4.2350864254785055e-06
9593,-9.035241264080215,-9.580520864990735,2.3689907464949065,1.013680163667696,467.40291735265333,0.3911630743020025,4.2357424231341685e-06
9594,-8.64458107002941,-10.587864764480019,3.0640085830677055,1.3037802238330587,320.5602312365485,0.25121719760301886,4.236658464702774e-06
9595,-9.073153926780133,-8.601004928429223,4.735567992560161,0.951728056761192,467.5799435088464,0.2604114908000543,4.237134726692128e-06
9596,-9.321201427652667,-8.700167224236921,4.096057482354101,1.5988672949374227,356.10666235832616,0.7087066603898329,4.241596578687959e-06
9597,-9.991621884736158,-8.113782562022415,4.178121801607963,1.5718207759300369,464.01715076721393,0.6307026814970706,4.245311214185563e-06
9598,-8.528886959106332,-11.665364732549817,1.8599333894244037,1.8270784939457954,158.57721782316776,0.3365807658963229,4.246177445699902e-06
9599,-8.756105497839993,-10.277182084671015,2.8529449059941143,0.8771522205550832,202.13340596632995,1.0812677539928162,4.259475495058125e-06
9600,-9.708032289438995,-8.02050930384345,4.715748879964177,0.9099886549658843,234.78349264983214,0.8940930535833358,4.261507500856286e-06
9601,-8.465487695907742,-12.743549816946429,1.7650345052534169,1.164601570984292,293.17759463371436,0.5592326759742692,4.263605814088764e-06
9602,-7.593031961544083,-11.005266446072035,5.055273003546411,1.373040281915851,303.3610605073211,0.9643876977770214,4.272169419921421e-06
9603,-7.425761057162552,-12.628110983038962,4.996119786686526,1.0315369880884004,143.34919075931765,0.25652081142236494,4.2732805043287596e-06
9604,-8.496080515904376,-10.246308984448758,0.7196781228904122,1.2915748607711939,470.0133937090175,0.038365842184939325,4.280585960924087e-06
9605,-7.390781694079541,-12.033281173902502,5.087887939548506,2.0256853982688163,399.8442169848005,0.9774840505312428,4.2811766877134665e-06
9606,-8.099020962567584,-12.777272880424466,3.972225723751467,1.7609161007113507,468.5750295979635,0.8385962090018735,4.28120821144107e-06
9607,-9.481432709961632,-8.734725103468929,1.881034384143304,1.1012550742290936,292.19039599672567,1.0361157041548381,4.281437017029326e-06
9608,-8.295752096780864,-10.388843549227996,4.178021626015175,2.5943370953474614,458.8717998067978,1.0193664825561415,4.289537804487316e-06
9609,-7.961881715894553,-12.801281976683189,4.226312944161618,1.1554742537555789,277.1548431993731,0.7957841354828856,4.289938857615623e-06
9610,-9.646301651838781,-7.020496910687821,1.0126218012490418,1.7924594872441038,469.28388668410815,0.15062839736329003,4.292504253136898e-06
9611,-8.6894280448576,-10.633684160682225,2.2211559805438044,1.145652287811394,293.1654736232653,1.1083470145053775,4.292526382952434e-06
9612,-8.758457317598909,-10.297847802174806,2.767794108639621,2.0889583942795666,410.26083546131986,0.8685707727665548,4.297140159914032e-06
9613,-8.443217104896943,-12.883415667427622,1.668433351146277,1.0524908508331432,467.04252712025,0.6150090723985713,4.298398782918796e-06
9614,-8.463185028337321,-11.74953584270743,1.5533670953035856,0.834792924938223,182.15188594751814,1.1618075143990936,4.3003928333312535e-06
9615,-8.300326226277198,-12.179595154233766,3.5701432705519176,1.5363331504862159,174.6768332439603,0.2427111260181869,4.3014203291002256e-06
9616,-8.73259165908177,-9.85593099815498,1.3688390406605073,1.9493635709914905,190.73370350375635,0.42716208232026087,4.30163062588818e-06
9617,-8.472733525517857,-11.414303422321167,1.4910378985066104,0.8678445608775043,242.22784026335188,1.4201795597782665,4.313282898660914e-06
9618,-8.624208027501844,-11.075453649142872,2.4353430483223644,0.7308184876882785,466.0445058053568,0.34046936818891727,4.31567065726966e-06
9619,-9.358370260471276,-8.960667236451098,3.370244984342145,1.0893964578418527,282.0729558374534,1.8672984773983838,4.3204336494187965e-06
9620,-9.305170413581315,-9.143009718866235,2.682264566768799,1.772995809330933,420.36914840189826,0.1276390902088167,4.323150624762979e-06
9621,-9.846889930801495,-8.58663647957371,2.858092251497168,1.1287801964319164,466.8592784779149,0.6760654597102826,4.323366615228285e-06
9622,-8.726431592514341,-10.407655164618479,2.785778643089133,1.6522212714658526,469.77708891105004,0.0015015853668485235,4.3252097391847815e-06
9623,-8.59175009224485,-11.198451538467083,2.7260587709872763,1.8308341213116286,378.6115346952596,0.9646853467559717,4.327854323717385e-06
9624,-8.499290859022791,-12.35596669162578,2.7802062153116864,1.3259031723697636,295.50186594007755,0.886588746603759,4.333121940167873e-06
9625,-7.79838723185903,-10.256338451461204,5.099776873846498,1.8379654583140816,438.86146276056047,0.46277448228225904,4.344418575700976e-06
9626,-8.385623757111569,-11.692810041992548,3.421925594807386,0.867250920477307,243.926538986671,0.8626115799173784,4.3481962640460914e-06
9627,-9.66767006702215,-8.727922589805296,2.9826948740139225,3.1718907858362155,211.21461782938957,0.3219083049326299,4.350878147542438e-06
9628,-9.457201639280932,-5.187555186373688,0.5739974175062308,0.8986159093241517,469.01019625435333,0.1687251715144189,4.35657859871452e-06
9629,-9.220864619311456,-8.378702459150563,0.9037567862818481,0.8629330190766866,244.7879595408529,0.5921807035344697,4.3575231163477525e-06
9630,-8.369006215033389,-11.45799889929328,3.5286787749235953,1.8744286451776624,468.1167157900578,0.3133820139331984,4.3641965563797734e-06
9631,-7.332136692977775,-12.001912368369975,5.148800565534754,0.9950745180084776,275.07934740031334,1.2020100899782102,4.377753828746885e-06
9632,-7.50048658542488,-11.570485418580962,5.026058763334099,3.429851332339351,529.7592979012782,1.0027930294246978,4.378469841022683e-06
9633,-8.423752738178969,-12.283466522989636,1.5161373279278247,0.9829562529072171,271.2875959516473,1.0876407543431101,4.379169669674353e-06
9634,-8.629319531164487,-10.838899837861055,2.8259281851907114,1.1614409335632339,260.4340484459286,0.40264874138858264,4.379699466174943e-06
9635,-8.85298489447587,-9.43851505976777,3.8260549282964607,0.6069283172189457,143.60907239395758,0.23339151273122827,4.402085177423305e-06
9636,-9.813836618259163,-8.225362875770994,4.178695824602688,1.2831621984725785,310.53751257355447,0.19745462156360993,4.405001245467633e-06
9637,-9.988319604383657,-7.295395647231767,1.3738651138017144,1.8621150207202632,467.8018674676594,0.44135905182134394,4.405245866691809e-06
9638,-8.351234407376415,-12.903331720252908,1.3693452211083492,2.1155025932773595,417.1328986923821,1.8661097768001191,4.407866099572817e-06
9639,-8.90422864366181,-9.516225067564012,3.5525982318959457,1.1717048269129648,467.1953965016806,0.2573074879572106,4.4105934681152865e-06
9640,-8.452675800739993,-10.323806530307818,3.8636508732038837,0.6009316935350922,167.7417644482156,0.5732953920329198,4.416302697998839e-06
9641,-8.3635125777786,-12.211448161222219,3.373002650605812,1.0297572111088007,467.94551524008466,0.4515375203792491,4.419000707471804e-06
9642,-7.6035450666779845,-10.948820420688598,5.04936010183279,1.784786688575237,467.824824011611,0.3567555682414971,4.419430950282887e-06
9643,-8.071458544687113,-11.320667725383217,4.220602833021682,0.9163102421479187,245.8050864165984,1.5970716956123931,4.421918649302075e-06
9644,-8.329769955519284,-11.20381942262383,0.7211592893110916,0.9237705257394351,183.15328555724213,0.1423616677317492,4.424298092685694e-06
9645,-8.630381758534345,-9.427802914555237,0.543940459584446,8.877985707801145,531.8515912649274,0.04934197076344038,4.42979369259697e-06
9646,-9.034324678324293,-9.227980642447426,3.6983447820111452,0.8887104778056566,237.39565960548026,0.9368907677555605,4.433329099913967e-06
9647,-7.409759959898168,-12.026224721513131,5.057668419798067,1.7289797006361691,370.73874289921145,0.9966167495941054,4.437807362144187e-06
9648,-8.359577505352236,-12.402435260446081,3.3543225472250837,1.0743262952129542,279.61657743714204,1.5903599366793086,4.448563263344856e-06
9649,-8.567782693936355,-9.551298102882914,4.328071104819687,0.8080940286059326,165.37853867394688,0.08505548515750583,4.448952354079542e-06
9650,-8.436620583780016,-12.721799406208513,1.6379076898084926,0.8051799567942206,467.40960253305747,0.053507671933961554,4.452503031460581e-06
9651,-8.720438579704302,-10.252970926922611,3.070821507399927,0.4828166316471292,136.4439312383373,0.7064065552580567,4.452680276237427e-06
9652,-8.503813670253393,-12.995744971658958,2.4504655418606873,0.8727987763608388,171.10788106638256,0.5979419193126381,4.469660293156349e-06
9653,-8.973999871181098,-6.198810841181983,0.29915189040897705,1.6177656123069057,469.4345623784918,0.1810212858800142,4.4723423431615354e-06
9654,-9.442730766254174,-5.351388338848668,0.5658553208203517,1.8742274623362334,464.12360549446214,0.09023562075542735,4.476943695046116e-06
9655,-8.663730333006374,-10.033773067166543,3.5481903614013,0.8500675496948034,193.7580883047582,0.6194538773223748,4.48062764759634e-06
9656,-7.7111963505388434,-12.804448417222021,4.608685538521273,1.0815764948587059,286.20745856996155,1.3142849661474258,4.481075300299601e-06
9657,-7.960377551039991,-10.629044077271022,4.649109154698167,0.8005705871133814,166.82744432770298,0.07688179174378273,4.481845974839209e-06
9658,-9.650344249449892,-5.223127141634148,0.8339601186027256,1.9065136699207936,468.20671721076855,0.49679817825511474,4.482946379574983e-06
9659,-8.063947994138664,-9.963026600702243,4.877841353712074,1.4205254476866234,333.40147210572377,0.3342120678084779,4.483588920317173e-06
9660,-8.540938517139047,-10.960195687573366,1.5817822341177026,1.5460167931020667,468.60976443900944,0.5266280844040168,4.497653101333214e-06
9661,-8.455977163907933,-12.38683550100594,2.987865038079202,1.8406854918039353,468.3872019931783,0.5316267465618125,4.500954661130441e-06
9662,-7.415710114262291,-12.998104497152342,4.972509770496192,1.4418845458228065,342.848239263286,0.4013017782791586,4.503990297795143e-06
9663,-8.349649707807702,-9.388099577604052,4.923011647192861,1.2318133681433903,306.89932858661024,0.7351485856474342,4.509139494121112e-06
9664,-7.801008742527237,-11.659911725359423,4.5950604406749385,1.637384624417186,378.60479608933406,0.09143308802369443,4.513038518859175e-06
9665,-8.449638202879825,-10.540435900194735,1.079559018222478,2.362656190692175,442.8319230802903,1.7560045003893476,4.513405726928142e-06
9666,-8.20706282298895,-10.266986133922176,4.4094701700231065,1.2215325281486522,309.69052149887506,0.5289303108507317,4.523023629284959e-06
9667,-7.688210714024324,-12.498032410370422,4.659206207130126,2.5467533215044704,461.60980203706225,2.026204098606553,4.525571997186557e-06
9668,-7.519287588519218,-10.139077949663504,0.13545562307001394,0.8501814575658485,467.54693822433177,0.4062667016516066,4.53069290057414e-06
9669,-8.017759143195478,-11.736729236976911,4.221299686477039,1.6847278897186968,468.0297372727293,0.02998286758356894,4.540147887661343e-06
9670,-8.610801037147688,-10.06307178973713,3.6621025005422663,2.0150025835254555,391.8936071712282,0.7027133042144555,4.544562412278956e-06
9671,-9.061873842724374,-8.686386586687245,4.581943645385268,1.222201283324934,310.8198686043834,0.5390780537438813,4.549467995284887e-06
9672,-8.00527424264175,-12.087782122594415,4.192317121473711,1.8570847991338808,466.5316149637487,0.4884801267460839,4.550327217012012e-06
9673,-9.727921170598774,-8.033157700278977,4.638353234077726,1.164199140262613,467.77426538441307,0.2806957991589174,4.556914074133725e-06
9674,-7.7934337686143,-10.278801789934189,5.08018425529045,4.849591897367974,613.9769382834764,0.5901458215202107,4.557762399052195e-06
9675,-8.58632379036161,-10.138008086418754,3.6538379857251275,1.3112593610636045,321.9604110231844,0.38938612236127046,4.561224396363555e-06
9676,-8.291804053234177,-12.3227701928867,1.2143013194753411,1.3182388710147728,469.14545136685126,0.5973184209371665,4.574790575746522e-06
9677,-9.507698663910142,-7.704572822045776,1.0317815021890553,1.922911581061249,391.6898734145296,1.2261604107133648,4.581447287584492e-06
9678,-7.3872914974413995,-12.485019614331556,5.028767924738575,1.1588464137065495,295.87126939024705,0.564235452734418,4.5845118517456e-06
9679,-9.516821770447631,-8.85126129122902,3.0286216082448414,1.0537022409389425,282.5976400520496,1.206108496250489,4.587513163951306e-06
9680,-7.3438709890768115,-11.924278377487767,5.132519706404628,1.4597873710652014,166.82114520661898,0.2397548238029934,4.593724827956598e-06
9681,-9.144168323158093,-8.898775015440947,4.0428548858939335,1.0259729974134644,196.25282032689532,0.09426176644330919,4.601029283280829e-06
9682,-7.676493108934524,-12.025963467021104,0.19556833708555052,1.3724619341746405,329.8711236794832,0.261436910185437,4.602284928524936e-06
9683,-7.506854951837926,-11.814646549851105,4.96348154841364,0.8480580398253731,176.95638979675837,0.32417959271417107,4.602438107386753e-06
9684,-9.852250846123226,-8.538323748560948,3.1393831269592782,1.863340101800807,448.1010727484582,0.41086505422376707,4.61093178627719e-06
9685,-9.675915088339304,-8.292104551314308,1.5692157851507575,0.9751622900285305,260.0456731835077,0.9147521507167538,4.612174289703896e-06
9686,-8.914944506448876,-9.591890015000413,3.3452399099665047,1.1043290233844478,467.4461812701674,0.6671286016189297,4.6228669114101174e-06
9687,-9.441664336488017,-5.879087707598398,0.5863668718384546,1.7120129686782752,470.08651591826685,0.1226222293321495,4.626027576833166e-06
9688,-8.260943417781137,-11.002717576562326,3.919143160803702,0.834551325351434,468.5476340321579,0.1740272403125216,4.6439316808736055e-06
9689,-8.503720558757164,-10.381109250589095,3.6625718855853178,1.5446642633666037,468.87729682563673,0.8882855404590968,4.647021825042067e-06
9690,-7.915642254010789,-12.68872693026291,4.285256421748811,1.5541064910127886,468.52204014539205,0.6682945563967806,4.655750185397889e-06
9691,-8.98551308175109,-9.659322417541553,2.49814052743302,0.8563067144609329,181.28969017560237,0.2610674258768535,4.661597246851538e-06
9692,-7.942664394791624,-10.165884880137101,4.916988764211422,3.3227362613723055,523.7063542159651,1.2810189095404843,4.662543956918522e-06
9693,-8.528669677999169,-11.019319496341467,1.580687962059308,1.6796570959678832,453.8931324918638,0.305292485012461,4.666324959710305e-06
9694,-9.642169084653032,-8.682654319105435,2.2910206116795173,0.8413886786333583,131.1920076604995,0.16733314115621933,4.6704576118039834e-06
9695,-8.791093891026703,-10.14257864589595,2.738633897441581,1.7719794895448828,421.42208376675,0.8410872806781695,4.673025475040116e-06
9696,-8.53015913710996,-9.359713534904067,4.6087935923678645,2.4924571005416203,453.95840219936775,1.4086525716419152,4.676119118089692e-06
9697,-8.127927336376317,-12.273933898546783,0.45824664827084455,2.0205354505647817,391.4094220161212,0.7161115441456429,4.68006818698537e-06
9698,-7.498831508674028,-11.160501571512183,5.09858719377349,1.656671442142841,440.3222759264325,0.59414091254851,4.6805463700271396e-06
9699,-9.287634575366724,-9.014363831401418,3.382313330234317,0.8337440150495127,216.16129059099814,0.9316840587880302,4.687135173884222e-06
9700,-8.590775628324476,-9.663844710174033,4.126174402988004,0.7734688631740139,147.38724024076285,0.18550336315994986,4.688702218914341e-06
9701,-9.754382516987402,-7.314039631778193,1.2247836870860642,11.835073723542541,479.7117161206428,0.1670342017066231,4.6939894458420744e-06
9702,-9.09691943779341,-8.835859643159198,4.245420435054243,1.2390938922756676,310.0936634879608,0.5263313845744637,4.694036057593882e-06
9703,-8.49765753292896,-11.489089771314754,1.6747679968502378,0.6832900296003658,150.71765408417323,0.06904776155199599,4.6973248210784565e-06
9704,-7.890522466093437,-10.977340226199864,4.610927441221061,1.735451327400526,367.37215505451076,1.1823080300745072,4.698412794920914e-06
9705,-9.589257464794605,-8.699948054530243,3.3836384367501564,1.8741980066914419,450.73358334595696,0.29581242416631337,4.699502310716507e-06
9706,-9.290160810264657,-6.1621807052000515,0.47299148226609034,3.447170070171763,492.65251137588797,0.2167055899710295,4.70475545631152e-06
9707,-7.294390798518745,-11.867943795236336,5.182866280787353,0.7475829260000826,181.12811150875075,0.037911154267116665,4.7051319289698636e-06
9708,-9.814547866538573,-7.24663178515999,1.2641186855139888,3.9228022957237947,544.222554248962,0.29656783323850444,4.709750930578831e-06
9709,-7.744701066467902,-12.408754117628664,0.2249178465923479,11.706386002000796,354.66969580879385,0.3263421227335641,4.711145227853952e-06
9710,-9.188981869311165,-9.246301690473478,2.9977568760581192,1.851810351216831,443.35751088362974,0.16477354721598036,4.719330767303294e-06
9711,-8.707823846370808,-10.462640257306717,2.188812034135315,1.1050215850178247,284.99187500565284,1.4014526314301028,4.721826722484371e-06
9712,-8.882522927128221,-8.965723878444834,4.4547996721348095,1.1165279861742035,467.66693758112837,0.10879602400568267,4.725073120011692e-06
9713,-8.090355096403254,-10.676441130113226,4.387160362896011,0.9310876287526767,263.673990575325,0.9061480757503402,4.731298996506653e-06
9714,-8.516826403518742,-11.382051452795555,1.7322416708829347,1.4309016450747924,326.6258727033816,0.6705433478253591,4.731937711710614e-06
9715,-9.476040457131145,-6.781277304300995,0.6953497639386339,1.8033063004242187,430.73713357720084,0.6274547128388619,4.733824016334354e-06
9716,-9.134204439288649,-8.837523837718795,1.291634274451326,1.3916332738154669,326.6241854184912,1.1964543796692668,4.754738940660428e-06
9717,-8.330057363956698,-11.099292941770141,3.707467619963004,1.5812607923035653,348.3815969669971,0.9503090459825474,4.755939648338886e-06
9718,-9.585366389036388,-7.779391157869495,1.1936379895439087,1.3217883155883676,298.89926354828737,0.20992008669171014,4.771394720009393e-06
9719,-9.127699344236017,-8.568669804844344,4.6392767586624535,1.4992168904514755,342.8322309323825,0.2083084896834757,4.778577537547961e-06
9720,-8.532160715625446,-11.899099643222087,2.216554443182782,1.7298122707480041,411.42636286758375,0.13797880209624136,4.779580324755019e-06
9721,-7.472716017137571,-12.33017371418954,4.933529714393875,1.0909851854535249,225.39792274469536,4.333071919049303e-07,4.780488515814737e-06
9722,-9.831659605925626,-7.740813253996265,4.947984477441248,1.0557682511798174,283.66703341056507,1.6719060611378564,4.787853283769751e-06
9723,-8.76378287354338,-9.238027039061647,4.288555166291746,1.846651253424606,386.83733058725664,1.8860377768063588,4.7888460499269576e-06
9724,-8.232488528492548,-12.645563977928479,0.8000708344327914,1.0309449981374976,267.5550151105235,1.0209649872938735,4.7890358901543495e-06
9725,-9.322197306374031,-9.087409619338034,2.7428913648840707,1.0150126088733769,207.00782791711777,0.029010664186157165,4.791058422996324e-06
9726,-7.957332598967749,-12.76568288378541,4.198737024353487,3.9053191495207114,392.6066005409527,0.05110976586869409,4.794388308859844e-06
9727,-8.95508578857751,-9.462939120536678,3.4289340174808896,1.8647477951516993,468.098804221746,0.3932542793255669,4.803845196604358e-06
9728,-9.877084063753056,-6.5742589101857805,1.2432057435976247,1.7770770578741633,422.5320537144895,0.272600502682419,4.818969784863067e-06
9729,-8.467908621053743,-11.246705330049402,3.235307454773189,1.4961526653902177,467.94926919900735,0.5924899025266814,4.819210942755611e-06
9730,-8.407929136310738,-10.017257406633838,0.487013566155289,0.8962633467802009,178.51887547006203,0.40209360507252523,4.821240650478669e-06
9731,-8.700945118382055,-9.554229652866804,3.9951994826607007,0.9169944085639988,467.495546018904,0.07354108467031217,4.821388333541527e-06
9732,-9.763271626102036,-6.558157768009289,1.1267509965324103,2.448634531712232,452.9399248690547,2.326113078857092,4.821727137572912e-06
9733,-9.929152913790052,-8.486053973441628,3.020280138357583,1.7713070525623953,376.41729722853097,1.6524801595514491,4.828792441245172e-06
9734,-9.660784069172028,-6.405830632689225,0.9473905466091878,1.158958018425802,468.3656488086557,0.32934017990097075,4.830190900867038e-06
9735,-8.247533450805905,-6.259158431495075,0.09485174194213264,1.081076677022247,280.57168673644736,1.604820825612415,4.831333597328805e-06
9736,-8.913391060654648,-9.805662456757013,2.423501668102653,0.9428655075285698,468.2795943994668,0.858288511795128,4.835889073125194e-06
9737,-8.958574758996587,-9.534964396684135,3.2455659595480384,1.5306090297233745,354.0961757140608,0.30204583551612796,4.851185405018107e-06
9738,-8.650612192386951,-8.931555452022966,4.935024015949532,1.767093491864466,469.7339881648017,0.11374120591505577,4.859160895407743e-06
9739,-9.018776537572414,-9.572151673806502,2.537840424093091,1.1720577056046084,301.7771264347965,0.6428726466526173,4.859163502906443e-06
9740,-8.166033851267272,-10.931578548304282,4.126025487225084,0.9367227159108549,254.06820078319208,1.4853127054856934,4.864400556325449e-06
9741,-7.692624542726489,-12.921174649267943,4.602502302435891,1.03602949047028,278.7730685385875,0.9478596505583434,4.883434760226277e-06
9742,-9.739668128040323,-7.751474527738671,1.3306910240442917,1.7796723273486652,470.0596487659697,0.22240335332703598,4.883570796093507e-06
9743,-9.930396565983267,-8.321305606792864,3.701476697742631,1.528340704068697,336.9360049539884,1.0034846868205074,4.885950677202747e-06
9744,-8.838562409782613,-9.265689199256089,0.9722506335344686,1.684784443295704,395.23430800980066,0.021520833678160933,4.895575471551164e-06
9745,-8.679213515583221,-10.474218979396769,2.8583271571709075,1.0120485711478275,230.90128216450032,0.38679154291398365,4.896010012889413e-06
9746,-8.708232050838392,-10.477309230003307,2.4529282609901313,0.5205333710439769,118.28963621399241,0.6897221551002479,4.899831593316993e-06
9747,-9.585148539888788,-8.324319816507714,4.285025159142339,2.930973852117577,339.7231775979579,0.03636191142204037,4.911276196647063e-06
9748,-8.263961859971044,-11.94659370158113,3.633914572458944,1.5436390138694145,347.6396141143405,1.5395890797267313,4.916101933644807e-06
9749,-8.204895362713918,-11.50265322946902,3.8653833055848277,1.7773156151565876,467.9781262313559,0.5830419140949505,4.922640617870523e-06
9750,-8.959183696368582,-9.667623335859698,2.8177126881632293,0.7407900663779896,151.04672108777405,1.0764979474659722,4.926610339932384e-06
9751,-7.959306485736812,-10.219429057909755,4.838359789777409,0.4577969797240621,129.99205109865798,0.44820982027975464,4.926676992369722e-06
9752,-8.301391988969787,-10.061620678416668,4.339987136995417,0.9247892651349462,191.13578630331656,0.20880310006140945,4.927883427615638e-06
9753,-8.505454856369903,-12.129604156352647,2.0632706418025912,1.4388585516737675,467.99049897179884,0.574611667013496,4.934897420513838e-06
9754,-8.430997891426973,-10.557981027350015,0.9696998193966814,1.8450087682506162,465.87873445101604,0.6187452383466612,4.944508094506241e-06
9755,-8.278880260975075,-12.917499910313158,1.247792050797678,1.0178421404432105,289.7170931980583,0.46462598928304377,4.945778500961863e-06
9756,-8.646452757294842,-10.740618653947795,2.6092776829386555,1.78322572519081,424.1523134698746,0.4108496270053772,4.954681479537388e-06
9757,-8.552001555976148,-11.401091099626385,2.6693936087628725,1.0699070702258018,468.0894301087003,0.8448021949180449,4.955234995419338e-06
9758,-8.176288826979139,-12.749334488432384,3.748703287889315,1.1857980067145824,467.53658076267055,0.2766552015469843,4.9570801842126515e-06
9759,-8.651324512916148,-10.173733856059936,3.3702973169805763,1.2425762552406054,468.8438751381187,0.4924382558220337,4.95743393928761e-06
9760,-9.317992666977965,-7.132584465065177,0.5700335435628336,1.5899665628558013,413.9995644519334,0.8662636119298481,4.9672339314339265e-06
9761,-8.29459034033984,-11.433277375339467,0.703111140425513,1.5231756833334937,354.99078246738617,0.23166579267519527,4.972111434958206e-06
9762,-9.679291285255216,-8.238078754256009,1.5359540686531155,0.7484201839097785,153.82848598770647,0.4092413883670156,4.975130073317632e-06
9763,-9.833418453249426,-8.440740435844097,3.5341869563695854,1.2557586240942116,273.91238271822084,0.0017594164807430701,4.977418655674972e-06
9764,-8.426254144726249,-11.741365718351581,1.4735030723068498,0.9983870546268458,267.533406447559,1.366292235588114,4.980761721077536e-06
9765,-9.621627578448244,-8.732471487302512,2.5387417529749454,0.9213425150036915,468.95263047781833,0.13413484509719797,4.989242331673434e-06
9766,-7.625288633057963,-10.864906066656115,5.013456773355329,0.8904036600938531,336.77939850307564,0.9306678810119609,5.0083201811628686e-06
9767,-9.08184166623169,-9.368541878268456,2.11072039085825,0.7836039216385425,467.8277501909421,0.4836674197281603,5.011490722353348e-06
9768,-8.26740840776658,-11.209547460182186,0.5662766920973678,1.3097444150329554,469.9837378245237,0.17297297121534516,5.0115025015031095e-06
9769,-8.848981477808154,-9.737515430725402,3.2504717535318313,7.562099602730503,718.4952241623532,0.31323920476012734,5.014581592669768e-06
9770,-8.174254982777668,-9.532961999014791,5.03226417493841,1.0508900193012831,366.9164672445825,0.9248769931314618,5.01463328785615e-06
9771,-9.019324767373414,-9.308254621691574,3.497611185983167,0.971384926704738,468.5884873212388,0.11514129598234302,5.024795581627812e-06
9772,-7.735883206281368,-12.658252241384465,0.22335907496931948,1.9281132444485,394.7145434549479,1.588280671678179,5.027561038047907e-06
9773,-8.497293394856872,-11.132812315705639,3.154699013676915,1.9255879823067819,203.3093403639668,0.17813294608906372,5.029825954270384e-06
9774,-8.340962640023369,-12.733765865235428,3.3000837455558663,0.8512031393358702,171.53485818441052,0.9152321332073532,5.036829235530964e-06
9775,-8.255031257080525,-11.44605656356636,3.7545872280261094,1.6227467902583803,376.6676556420192,0.5831465208041644,5.04229568173406e-06
9776,-8.632874182126805,-10.843126555770763,2.4363313183071074,1.23425749815345,170.95903314071367,0.4316672328441067,5.051763676755843e-06
9777,-9.850133741696911,-8.499708351339322,3.23765053405374,2.714060908833018,338.4281501333259,0.0036454055998369483,5.057973528438528e-06
9778,-8.425825361387808,-12.683247410235348,2.985263837199126,1.5966769557512377,352.43312300614997,1.3609417553422931,5.062200918804647e-06
9779,-9.068191153457082,-9.452370432817338,2.7748545718631563,1.2545559667331818,296.379537952071,1.0536815264174129,5.0715173841332646e-06
9780,-9.719656126156908,-5.2636241850421195,0.9906871818432161,1.3181474698456872,270.09607801406014,0.2869861355458392,5.075861529082517e-06
9781,-8.083037712697177,-11.761001060441792,0.3964327884300056,1.893970712540562,467.3984019142247,0.31761770147894364,5.07826177977885e-06
9782,-8.46631015638808,-12.158752581267374,2.8766209016873696,1.0899324877721401,468.05551100461076,0.8426599376445898,5.082423568783552e-06
9783,-8.62835582643828,-7.640316453541238,0.2914063574470141,1.7969404002356941,468.14623334549674,0.24573929777956938,5.086103559051275e-06
9784,-8.453530268055957,-12.902793294149571,2.7962306669268284,0.558085706825866,154.45180049503048,1.0457018627469692,5.08915606880911e-06
9785,-9.257459489177393,-8.932984627021435,3.6254319336220107,1.0127502604135252,263.4493778620198,1.6769818350533061,5.093176195084812e-06
9786,-8.274389524520556,-10.684043143149678,3.989623383890406,1.097115236801858,287.1511667262364,0.3488660284714351,5.105906015522468e-06
9787,-8.800750552182224,-10.008528500046902,2.0227987182390716,0.8953902500775405,468.53440716949217,0.8216384094610101,5.106851039528841e-06
9788,-8.475367929526449,-11.978342824238801,1.7905601698491371,1.0632139227336563,468.0290367889293,0.381023238846546,5.111669959587228e-06
9789,-9.890952472271051,-8.408458373197373,3.4749112087179514,3.7216548742586038,550.6979762155396,1.0212225974005618,5.1117198271135885e-06
9790,-7.963335467449898,-10.142739960266283,4.869074071125457,1.7486348611759357,368.38767656555933,1.0891009195716537,5.1242674185047965e-06
9791,-7.898081194724118,-10.46174940223819,4.7863035160050345,1.0841170502646806,467.08140754156307,0.05893064156831951,5.124300257636543e-06
9792,-9.893755837780446,-8.263443175340639,3.883160467835088,1.1471430587365217,466.21677133836505,0.1608350525704143,5.131633760468647e-06
9793,-8.466713478941276,-12.661163790001678,1.9218580876678522,1.0277176828073598,203.521072233864,1.0237978201575482,5.131664865884163e-06
9794,-8.259841844859546,-10.68939493880847,4.01727473528427,0.5054575548419049,103.59086688013001,0.04166073472523468,5.137566948258502e-06
9795,-8.4571964294741,-12.210155186792822,2.9008707643571348,1.8174994083715224,468.09585253554513,0.7285226956154922,5.1449220044007705e-06
9796,-7.867633184914608,-11.230155291577493,4.542773495953847,1.1146885574593635,284.5054413871125,1.4105363143887306,5.145767209615892e-06
9797,-7.920990459974685,-10.057350906195229,4.990861653074492,1.0595348412363765,467.65645477418303,0.21821408652443264,5.1472057500011625e-06
9798,-9.342365263976701,-8.938548054399675,2.064735507301188,1.2504483632718797,296.1494327743587,1.0832365963997654,5.147414356480069e-06
9799,-9.159769066142173,-8.110617065772923,0.6367753255303847,0.7336421463366621,148.11337163258077,0.9501817939895361,5.148392877014191e-06
9800,-9.901905127388662,-8.110093502452182,4.20345059427788,0.9917863553096545,226.43195166783948,0.35713636955766237,5.150395087785321e-06
9801,-8.622732704991721,-10.09901972773175,3.519441872065061,1.2260887391755373,309.03414110353685,0.42185729017591544,5.153982873860902e-06
9802,-8.481424378157243,-11.590973375579502,1.6901056864660793,1.9063561671007132,468.48922339017264,0.4945020803328344,5.158117349585862e-06
9803,-8.97400837249963,-8.924764404666245,0.9119030807332692,1.3458303886920213,317.3504296844296,0.19094771956185497,5.161665056908833e-06
9804,-9.46881813577855,-5.114580423614787,0.6058816644285412,0.5512792138869388,116.59009552474441,0.003501975208314967,5.16223685657513e-06
9805,-7.60802002136897,-10.959805302363064,4.994674036215345,1.1021903001830746,285.14262650047215,0.8920632650235243,5.168221550994818e-06
9806,-8.22390168324264,-12.736135115000005,1.101529533423326,1.0760253501295967,279.1674442773466,1.3573683510270156,5.177256405108757e-06
9807,-8.332764871510332,-10.511719432486688,0.5144534358403778,3.585899554593305,508.78745999188493,0.202348134911861,5.178555683218034e-06
9808,-9.596120698631458,-8.675199643755743,2.1845814395478986,1.1110683747148724,290.82966944590726,0.9920019941537825,5.183917292176896e-06
9809,-9.795884142064995,-8.236085185533797,4.0983883228039195,0.8492143528843149,220.51113897995492,1.3920833298836737,5.200089465980952e-06
9810,-7.802437310546269,-11.322532424251019,4.617830658417999,1.0927332692046448,279.05021644337774,0.2036248022001832,5.200555627735673e-06
9811,-8.540308711355244,-11.330348738192443,2.774241249761,0.7300448266797733,221.48300181898298,1.376969495317148,5.203048949954012e-06
9812,-8.480632211020492,-12.700270020210606,2.1042418594716588,0.6999222537517379,148.4513312035394,0.34908182839889434,5.214549219624651e-06
9813,-9.236199147525623,-9.177108848220684,2.5113131356506617,1.464009640704618,336.61047910715916,0.00695467740175193,5.223049664714163e-06
9814,-7.3131474206010925,-11.9359443418305,5.124810976276549,1.489570688981934,340.58751476415665,1.5354301471018585,5.246063725346921e-06
9815,-9.670361655293755,-5.072404066358522,0.8899483825988949,2.5520646773887794,455.21038199693896,1.0305154069824267,5.250379016486447e-06
9816,-9.573724580012497,-8.561716096805071,1.8534278906392816,0.9274646547610855,230.89017416260833,0.09884790989955672,5.253789303887388e-06
9817,-8.09194303903806,-11.611348685607465,4.052450709435829,1.8682873805039277,448.8553503507825,0.3192742375250601,5.256743626124826e-06
9818,-8.579477854813964,-9.961895892530002,0.930419914973541,2.2458155415581254,417.78654599778184,0.7578221240150418,5.267022502724428e-06
9819,-9.241987450659346,-8.996638349858323,1.850046630793282,1.1442511072646606,467.92698894492185,0.5452437125346519,5.280673392189212e-06
9820,-9.747438294452962,-8.267195172346607,1.686626589080327,3.7173478318197564,548.5225194636947,0.8608125969135774,5.281497843200741e-06
9821,-7.676764289745453,-11.249124948568845,0.1974695808011693,1.3228054501690998,318.15858611559315,0.4186655725133157,5.284466066541077e-06
9822,-8.527846935430166,-11.207689359273953,2.921131690193051,2.5907744268025197,466.2863586769919,2.3333934724964367,5.2946214817026015e-06
9823,-8.920433269548923,-9.495089260955252,1.6306635355542471,1.024822238068537,274.0164639083397,0.7639017644924753,5.2960276527575834e-06
9824,-8.185411611335297,-12.418334155514316,0.564626963804703,1.0963239987595996,467.38147739663714,0.074730020652793,5.2974509746109606e-06
9825,-8.473432440656183,-12.72640215375494,2.018014524939069,1.8670253114511741,460.74616144721966,0.6280380095035252,5.297788745995626e-06
9826,-7.112937413866244,-10.836395109443611,0.0652069725210601,0.87454373543839,252.04256021770152,1.194394031621524,5.299474970807036e-06
9827,-8.715218352305259,-10.105178059068976,3.15670996346118,2.01183961885242,404.680391782191,1.6271987957140839,5.304399324115246e-06
9828,-8.303841511123897,-11.411220871423112,1.0952546783840915,1.0886485319372168,282.6750301793831,1.459621413834281,5.306733932723596e-06
9829,-9.857791554158533,-7.713777558947859,4.9113083794244154,1.0117477729446698,427.8594563655648,0.37609345185450227,5.30817070732797e-06
9830,-9.39125918511545,-6.263130994902056,0.5718777700347006,1.0822668927945807,278.50432326289706,1.8167264830931638,5.313742875135603e-06
9831,-8.029554220387409,-11.923175019181244,4.112948158718063,3.3005793804356562,314.09346051417697,0.12538639936079488,5.319562132261937e-06
9832,-7.661514302861173,-11.974368459157024,4.69921534312081,0.9667076488867153,254.62530210193418,1.0195939572025852,5.324509516708711e-06
9833,-9.29910233771356,-8.956118223332858,3.406414684529208,0.5051703800431578,105.86956392462203,0.11065683399137871,5.324951262990274e-06
9834,-9.825151102211874,-8.263271262343565,3.976645740214969,1.3329883366720991,322.8145474402301,0.246421824902324,5.33759196277792e-06
9835,-9.35309132313494,-8.859524740031407,3.5042232346886037,1.5539328793354101,468.73331813287376,0.11502460333355291,5.3389706441015955e-06
9836,-8.496789775233584,-12.362196258182355,2.397580865521701,1.142925140024237,260.9770104005255,0.924660985979215,5.341435818682115e-06
9837,-8.822698164063498,-9.83581412999391,1.82808398852829,0.6079458609122026,183.39722065950684,1.2899037793373234,5.3421092020435775e-06
9838,-8.392095155248105,-12.196934119642634,3.164971968470416,2.74352802849255,479.3902308360112,2.0360004263705385,5.3438828893890395e-06
9839,-7.981159628551964,-11.205307822222348,4.348474605109548,1.0338236807634558,467.6801610893525,0.33128948880208675,5.349547316292433e-06
9840,-7.398484229397725,-12.648622667087656,4.961763981393521,0.8749344497830082,336.3756419995194,0.7406457132437021,5.350779455000392e-06
9841,-9.646047096933017,-7.934282028064453,4.83959448394931,1.0159262729294734,275.21210860732475,1.6577083039237817,5.351709057938767e-06
9842,-9.476770714903733,-8.098471016559312,4.8127047189401875,1.9184949963933708,393.74394106253305,1.4093976243733835,5.353682248679576e-06
9843,-8.39411158184081,-6.966556661250316,0.16609176613047333,3.260275211371826,343.3484929859859,0.06290291191989006,5.369227513675554e-06
9844,-8.640739207287615,-10.470086327782774,2.9962984144537437,1.178995099348268,239.42604324255205,0.9590835841888259,5.377587220026706e-06
9845,-8.059202079025525,-10.664771064332385,4.401846604689967,1.1695627606445367,288.8232331419812,0.6143923211918789,5.379601994833681e-06
9846,-9.17154645604713,-8.988797111928932,3.696291983535573,1.0066350902213448,467.6125464176444,0.6155299135338659,5.3821001782317805e-06
9847,-8.213939441896859,-10.718109385810049,4.079631072073488,1.014252691851435,468.20621535340337,0.6335906059802623,5.389036714153138e-06
9848,-9.543614854494892,-8.551337420064218,3.8179113403048475,0.77432273845656,405.65449912247067,0.49669285811119845,5.392309176815633e-06
9849,-7.893614724184538,-12.150665863164903,4.32108958985998,1.188278607500199,302.25607679378686,0.3671234479383809,5.400096156226867e-06
9850,-8.766148029816149,-8.761479412568676,4.932438742728725,2.1307237842115705,416.39893062491814,1.4420976507619514,5.402045543216898e-06
9851,-8.835286905913176,-8.703346984220104,4.893368450818758,1.3648203387713551,304.42132042476646,0.09899792825683207,5.4031140935032335e-06
9852,-9.694002795037408,-7.974494159445011,4.707566177908236,1.8939849514153158,456.56890941451906,0.3588211936401917,5.403678288577421e-06
9853,-9.563213007586938,-8.385880225304536,4.148472715418694,1.6518462155380464,389.77232276379056,0.9682883299481135,5.406080853860913e-06
9854,-9.208733221900614,-8.660030501310525,4.270943135367204,1.2737413604637686,267.1261828801887,0.04402274936540618,5.4104269361799236e-06
9855,-8.88805969967381,-9.102026620586336,4.16707647615142,0.8273786283616875,430.3025832100021,0.13688787387901957,5.4104641762148946e-06
9856,-8.980163938607179,-8.620230683260157,4.76691448636413,0.8214233811857894,196.96860255997728,1.0899594888111297,5.412953247082837e-06
9857,-9.000494793632257,-9.449333716048013,3.170830064291264,0.8684294014062536,245.2904507359327,1.1872348051546888,5.423544311090173e-06
9858,-9.488311112553662,-8.62696251178483,3.7555217593358465,1.3587846174238143,323.04832182299515,1.374678466768902,5.427210658024233e-06
9859,-8.582539873405228,-11.109021013216394,2.4952731736991836,0.979646356296749,214.9410849905226,0.022469070019518256,5.429919526665822e-06
9860,-9.23595703018055,-8.306475744363642,4.834933067648935,0.5080859635818198,133.2736892559462,0.8898167118975442,5.4322637641940425e-06
9861,-8.345275415046858,-10.472544714738978,0.5272041032624695,1.5844857477522372,350.2066161308755,1.3738897348494428,5.436762125092841e-06
9862,-8.600820813377085,-9.91971603513259,3.746953611262511,1.6412222030151307,354.3209631507283,0.5157996447534936,5.440804682269577e-06
9863,-9.2424299381762,-9.158499102838825,2.740161259498678,1.7619158167686264,468.3042201322303,0.22044037356968094,5.449842061592925e-06
9864,-9.93907951108459,-7.8562015496857205,4.586852425219829,2.5859769892942204,452.95971326805886,0.44240663741183184,5.465294155138121e-06
9865,-8.101030306878615,-10.6877082228254,4.3101657645540055,2.040178570556742,410.2061579133231,2.1768880142966873,5.471902500653776e-06
9866,-8.52594794990825,-11.011195173568506,1.6488649412822212,0.7941931915312187,177.17635744674914,1.0140256741482245,5.476232850494265e-06
9867,-8.984100269258464,-9.49611462168429,1.9944338647762834,2.4115286236947444,449.2786712051764,2.2515483960219296,5.481269798578604e-06
9868,-9.491420891058985,-8.42555520671023,1.484335474889861,0.951179547969648,250.7719639935449,0.481363193079833,5.485244256492007e-06
9869,-9.045368497464864,-9.320106680266294,3.3110196624552,1.9093160907612736,465.2827548309207,0.6122819691114332,5.488153236925164e-06
9870,-9.252681933640408,-8.837667888967447,3.813574500205303,0.5409101360602686,132.06375186606155,0.48038305600803444,5.488906076035766e-06
9871,-7.5166234531483695,-11.487651554318974,4.956532804524468,3.7679227870661256,543.0633235626117,0.48579185524948176,5.48907497396567e-06
9872,-8.863370512918781,-9.794189675040212,2.0106365790409573,3.3859088487655455,529.4005957456693,1.486527361257127,5.4903703945660534e-06
9873,-7.3408267968163745,-11.489891530688077,5.15659892054115,0.9676106454919391,206.26426107105138,0.36605945381076666,5.490394718172508e-06
9874,-8.371409346619476,-10.791543976920451,3.6698428567355545,1.7398007489908565,369.2383390317881,1.1896113650709923,5.502874256186744e-06
9875,-8.539003002611317,-11.316037503115586,2.7100405767710396,2.162051469428956,410.7472540411724,0.819794251113863,5.506184032564e-06
9876,-9.150648413792156,-8.813192822185718,4.092639580806408,0.9257547130259165,467.93979573170316,0.15557423940011095,5.506600069429077e-06
9877,-8.699179869621526,-10.388083290216699,2.673639031440053,1.563083426173997,468.6705328169461,0.5691110372883026,5.508901677580832e-06
9878,-8.305994211268626,-12.355508213394062,3.407619933197621,0.8956521915384772,468.0769894269584,0.014903902513019318,5.511418047060439e-06
9879,-9.889673342194403,-8.485269938357678,2.9623451900640196,0.5034418473382913,120.39837549571976,1.02457045546993,5.523778213697769e-06
9880,-8.996968800574901,-5.4572134065526665,0.297662888922343,1.1624640808729167,258.0774808411651,0.3022498782411125,5.524609220371943e-06
9881,-8.562233841444208,-11.125434291021843,2.688585755803953,1.6484732837639158,358.2861384205433,1.3188605427753144,5.527705212881266e-06
9882,-8.138768511947953,-10.423269188767653,4.368539537154013,1.5232696796398137,339.0264525957658,0.3269118118416001,5.528442745918355e-06
9883,-9.363059528768622,-8.639695054903324,1.520577014424868,3.035875732317276,500.3481643042827,1.2114186301352055,5.529969847682258e-06
9884,-8.928420940979885,-9.113606135102359,4.047219446621294,2.5609809888760084,448.57934764705766,0.6927983687247261,5.534055822421831e-06
9885,-8.150395192645519,-9.653119747616184,4.920959672031646,0.8768299717145919,226.06738032817046,1.266070007783143,5.5378919487137065e-06
9886,-8.67671436575504,-9.652463794495919,3.8541143457653244,0.9426367217681603,244.9190152579588,0.5926003299928224,5.551538115441355e-06
9887,-8.608654653305193,-10.685866944799212,2.876372812527753,0.932140733637024,199.7580299567763,0.17836366880744503,5.556701816071457e-06
9888,-9.332767789867981,-8.391619046801388,4.520250766027109,0.6632010368775881,193.98274035670582,1.0333980402170164,5.558804537627083e-06
9889,-8.769797985435227,-9.3956467065792,0.8848995493298748,0.9904949381646335,267.1954125453013,0.21369648637802108,5.562920706346415e-06
9890,-9.764448621566597,-6.713489373339311,1.165183891314539,0.6494763081133801,134.92141639148417,0.9410104835538453,5.563475375485745e-06
9891,-9.165630497375547,-9.26433536478539,2.5017705085223993,1.2009336826984107,249.55973639044672,0.017782261229003282,5.565287418190924e-06
9892,-8.185045343407594,-10.394380974840125,4.295866226370323,1.1021811592233626,467.6250995805684,0.8988055117019078,5.568141900615037e-06
9893,-7.274441252272419,-11.814411321039156,5.164201615382602,1.477526756543051,470.00137858367975,0.06907220924717272,5.580607131853137e-06
9894,-9.472293868136745,-6.82289591173906,0.7095650085499619,0.6625831494538034,154.40691078972776,0.24696438774173401,5.5822431994682595e-06
9895,-9.135889041921669,-8.257078999570574,5.06610554602052,1.680681219832584,468.5126322722974,0.015572171441191607,5.582405151063425e-06
9896,-8.803922597662966,-9.151289067631708,4.256815800438247,0.7923726898761831,229.37490461339965,1.5487860014401784,5.595152391961933e-06
9897,-9.880317911804948,-8.33336649663061,2.0572601835848547,0.8173061928338305,428.09129183129176,0.1588158372923134,5.598345651528611e-06
9898,-8.471942691670721,-12.303566801808435,1.9707043340991144,0.8610203536209186,241.71821538687038,0.3230056892204569,5.603049720799472e-06
9899,-8.47320767736712,-10.964776619564283,1.417458433884895,1.3761583977549185,302.0451783447265,0.13206792029504832,5.606841390168927e-06
9900,-8.670041068528894,-10.520832691415492,2.205271882651752,2.0413624508641215,401.08130191918696,0.9628360818758477,5.61458505192479e-06
9901,-9.55083267389836,-8.650616069128503,2.033962566604096,3.388204194540692,232.52159483613832,0.2728342296604378,5.623158833177617e-06
9902,-8.252198308673432,-11.711872119850979,3.646979258665392,0.902596346282505,469.5071680604218,0.15658116610594952,5.625753857458281e-06
9903,-8.568497330900275,-10.748961969295161,3.021569054414174,0.6460395408783188,171.9137629773587,0.720102228898976,5.62797321460709e-06
9904,-8.227616863727762,-12.473803348363857,0.8057055469493416,2.499847443567154,456.00657759240136,1.7548002760298456,5.634012513172077e-06
9905,-8.4798545981082,-10.648265077611912,1.3071665744594798,2.40543242014156,448.37248848481846,2.1071006017512888,5.6350460485195205e-06
9906,-9.107826218485805,-9.101785952123084,1.6246803430558034,1.9747422569490838,400.0500294600011,1.4241533492704113,5.63704792346348e-06
9907,-9.515332377796907,-8.813553940309129,2.8677825598652844,0.8680318958207939,467.44994628122186,0.8069303379429504,5.6384584203755116e-06
9908,-8.517717063415105,-11.496828379276224,1.9794189983705934,0.7590914807957589,205.88108653950852,0.8243041910974327,5.643962562820852e-06
9909,-7.679120858401942,-11.131676103302237,4.820809446217482,1.751589441690906,413.912671319788,0.017522342625121645,5.644866165622953e-06
9910,-8.570832308466606,-10.418514113249632,3.315153123096322,1.1487381684324751,451.5337228595718,0.26130141955239683,5.645714411098203e-06
9911,-9.033230713895811,-9.488863351792205,2.652398978381333,1.6996525877424156,399.5963647447066,0.003148356637583838,5.650948460656496e-06
9912,-8.327653294697527,-12.501337963615343,3.301508021485964,1.3668018176066237,324.7474775038318,0.21516590124576407,5.655731617590063e-06
9913,-9.772333238448905,-8.160391469015039,4.241924713427036,1.052156777699507,279.2997006361511,1.7434012969740396,5.672596194596554e-06
9914,-8.524752099621493,-11.55138150221073,2.5620977414606942,1.4984289515446458,243.16139342429716,0.05664368111791607,5.6847190562131335e-06
9915,-8.184688847652225,-11.107081285199886,3.9636981215685734,1.5282617970494021,466.0518796572282,0.32989338546820957,5.686452300380487e-06
9916,-8.837043234123655,-9.800948307652469,3.0645782583850902,1.0092904245473169,199.30699737017193,0.03412368916011044,5.691385632175042e-06
9917,-9.4103231330696,-8.345346798347325,4.459223900140417,1.853237470574505,444.0797183133075,0.2527955288245378,5.691715583589237e-06
9918,-9.049020728853936,-9.111109409943753,3.7358254602917293,1.8134513217248562,468.03945063924584,0.03286821505913462,5.695314369008679e-06
9919,-8.867459466102058,-9.814942292130487,2.1449120636610033,1.7443747375059153,444.95038775474274,0.11041852507958971,5.699644429459893e-06
9920,-7.791695657217906,-12.56274954448377,4.427109425501415,1.668366100275794,390.72571429188986,0.1497430436754401,5.707403026576308e-06
9921,-8.486656119706442,-12.284470394719929,2.1654795724858107,3.6966717960874576,217.498439940893,0.3240367511383955,5.710415617624663e-06
9922,-9.674716073826852,-8.098149476868242,4.497820441952838,0.6713338283014879,134.99122015188527,0.8469410114491396,5.71274987971646e-06
9923,-8.278005271043755,-12.380742367761346,1.2429907779700757,1.832389211360537,439.1575720811152,0.5514236747129759,5.7142058311722915e-06
9924,-7.24314141091595,-12.576550400111977,5.108475394315002,3.7679117430748352,536.6540517859361,0.3334242790800621,5.726937650582194e-06
9925,-8.959966396030461,-9.588935055302652,2.8887010659206758,0.9875188982311736,271.5115206834096,1.8593980683557314,5.730114038027562e-06
9926,-9.885966054821733,-7.877227025477699,1.503716156319788,1.9029323244465202,463.64843465542566,0.582855091283716,5.7421755042379035e-06
9927,-8.26218781104858,-10.668408588423802,3.9751125879119775,0.8170374443997694,232.76899527349883,1.2161850267233891,5.744624800320509e-06
9928,-9.859051907335386,-8.474372398705032,2.471896291515409,0.7471497598038185,196.256965257693,0.7392173553199095,5.7450309735528504e-06
9929,-8.940385730778509,-9.107243139216276,1.196468870097696,16.77526693772521,605.3773194879135,0.05673342142462001,5.752158704218583e-06
9930,-8.472914873751145,-7.857744826466563,0.2808641350778045,2.3135997995963065,261.71752943796855,0.12505859081923898,5.752931451564684e-06
9931,-9.568299667435191,-8.74620249878089,2.962760511567508,1.3125446814106896,467.80893540107724,0.29232216825874335,5.768321472882599e-06
9932,-9.963470136870997,-7.708077190193918,4.767909465223363,1.0987090877629293,277.28176578906647,1.1040067262907964,5.768493390862961e-06
9933,-8.233929087557058,-6.750168023061305,0.1074154577849165,1.4325111940981166,467.9607376289405,0.5988947093741777,5.769705904886326e-06
9934,-9.09873354391589,-8.556116765726888,4.628398549092406,0.6992844570268675,149.42339741355195,0.3448914916746393,5.782603032174387e-06
9935,-8.145312530330877,-10.492049664132924,4.302907599074437,1.1021340019821178,135.96976585684627,0.375635210822181,5.785382119827407e-06
9936,-9.486979796022924,-8.191777572417607,4.605124031568476,0.6190107560024718,126.75525366853454,0.37497018430498485,5.790725061391525e-06
9937,-9.461774338443103,-8.683382278783137,3.6236688458885418,0.9898624266184182,222.10849752383328,0.043675718995832113,5.791158045849449e-06
9938,-9.233652799106896,-8.281479653595913,4.855103469502177,1.7879425230113848,423.11860990556113,0.6109865888328265,5.804391895391214e-06
9939,-8.513100988070986,-10.059291292664787,3.7980980596727334,1.1537366208613273,258.05474373729817,0.8977709550826143,5.805010809405319e-06
9940,-8.438057511539254,-12.70288377142604,2.781060227898957,12.2709169062226,573.3156992617378,0.05558150553596519,5.812266586726928e-06
9941,-8.34762526385934,-11.415644744929484,3.4516860975469354,0.8094381826923971,163.30715663372567,0.7418020442491544,5.815241188500285e-06
9942,-9.129304519449722,-9.265606976708854,2.9991765312343324,1.5931807201378068,370.88191191416934,0.8422751709738412,5.819138261325247e-06
9943,-9.795135873763924,-8.311646088299058,3.860853648487627,0.799932148045793,470.1151653422725,0.08646793896718297,5.827337285570042e-06
9944,-9.012152347899606,-9.2395201946923,3.560199952400438,0.7595276247424343,159.4130340800963,0.1396887364407302,5.8274546270582e-06
9945,-8.23327101467943,-12.443223568313341,1.136802449877993,1.726513430187094,406.8003064885222,0.0067440681545827275,5.828805310319547e-06
9946,-7.358880422198574,-12.250650629358386,5.011869802067193,0.9294358520423672,469.2373476320275,0.1360085756656888,5.838454166103741e-06
9947,-8.656095293891843,-9.85529812929429,1.2481199305333077,1.398651082644997,307.56857203788024,0.11740659721519187,5.84392668929356e-06
9948,-8.593556472010786,-10.566588268953836,3.046865967892062,0.9786141912861597,298.67433453581145,0.15569615144108173,5.851641627489173e-06
9949,-8.520913545038425,-11.631926653377795,2.2463946835104114,1.0624402282745895,466.576406536459,0.6255340033785091,5.859886566509656e-06
9950,-9.215920587266343,-8.447383342020316,4.599333065764906,1.0864689327083177,466.75961895182945,0.895044758870716,5.874821761343589e-06
9951,-9.807971013610375,-6.7753462483654765,1.2237671956530987,0.8718922571359975,467.3070169298885,0.597189807363824,5.898644057826417e-06
9952,-7.914177879756638,-12.911772118711703,4.1913121383234335,4.286742512069283,575.2215052214196,0.33869607880722796,5.898843619582902e-06
9953,-7.846745438241361,-12.65034918052519,4.3242154036406415,0.7495408321480157,468.1201067598552,0.30562160906963154,5.899284335696468e-06
9954,-8.600745278521364,-10.89419446786265,2.2770672807924317,1.2588986672162548,268.8838730094417,0.45744173975775304,5.9054025292388705e-06
9955,-8.214808391046411,-10.324045055965325,4.25729683464382,1.8861327400916001,468.27656486863333,0.611082377281936,5.918253145508355e-06
9956,-8.502229135999531,-11.720093808784545,2.056096521641619,1.1397565108746417,242.08737547255848,0.009252158182531112,5.928561789991428e-06
9957,-9.381575894866694,-8.851036585359342,2.0621385062384348,1.072464066886081,280.0146109566524,1.6640075346100547,5.928943295249856e-06
9958,-8.12035973724931,-10.057179789565968,4.612950486666111,0.8386342190499723,467.91122382576555,0.2381801216482291,5.932189947387716e-06
9959,-8.830343874398581,-9.552311337319283,3.527052562838001,1.3746809832788462,305.10175696291304,0.2027887145996381,5.935322146751762e-06
9960,-8.412775190461492,-9.96229053696793,4.11244516845971,14.83045611166892,755.9460377814517,0.14192036833648114,5.9506494208215275e-06
9961,-8.314945786142312,-10.013943078151094,4.274980381881353,1.0960615477088225,283.1897929641867,0.7562245685648952,5.956513339270523e-06
9962,-7.900146422957935,-9.857793353268079,5.123760515515635,0.6085406709914086,128.16592021640602,0.07057332838890318,5.962501431080152e-06
9963,-8.87970762968219,-9.164120301327769,4.039074769006502,1.2853634984249784,282.84683167150575,0.9835265690266732,5.967595312981887e-06
9964,-8.103395532270778,-10.364751171916962,4.44028671938317,1.056430453495688,285.9158807292518,0.9901270647915572,5.973397507548706e-06
9965,-8.686139832657993,-10.433053531025532,2.415390859345819,0.9833714815297925,235.77793925044,0.0787958540892264,5.97519839646064e-06
9966,-8.004050113015506,-12.21682752076074,4.081336923981915,1.3737815630547554,311.5718117108327,0.3709922992081731,5.981935755315323e-06
9967,-8.373287618259486,-12.405319817420182,3.1214839043515945,1.4025137355669506,307.5945998603512,0.24511839415589787,5.990282813407707e-06
9968,-9.116787166911411,-8.629043106988707,4.452828235091821,0.8388430857122964,243.14167450193986,1.394374505687625,5.991224300022605e-06
9969,-9.515745786376156,-8.336792730836116,4.277572119112961,0.6824962807334104,146.6667486129309,0.7517386407239064,5.992628060912628e-06
9970,-9.40657646272697,-7.901893405705621,0.9840560073812571,1.1050320990796996,466.31630714432725,0.16949141940732027,5.994453128203491e-06
9971,-8.541990367475858,-11.36665320619445,2.3733187451109545,2.4996910342168115,181.00174917848184,0.33065734194181484,6.014604665704785e-06
9972,-9.669523615507874,-8.496537689203432,3.602786877239908,2.1895865010101785,426.84566640584546,2.1851917592849857,6.019752928095931e-06
9973,-8.732244719282962,-10.065675934812628,1.8211438870802437,1.7048514135946484,402.7045037491404,0.7381996877508774,6.0226973788393e-06
9974,-8.649015386966777,-9.051627472361941,4.683169553697005,1.7704346460490838,469.8231560890811,0.17098723605624322,6.023679901482109e-06
9975,-6.767221638013375,-11.91462544504387,0.027186266112169247,1.0419176343453882,241.78666788792256,0.33437332302268974,6.030226040106832e-06
9976,-8.96181911674022,-9.433110527444882,3.2791979261232345,1.8246012354352616,168.1497330281903,0.41222731091108056,6.033722962869785e-06
9977,-8.127677676797681,-11.40602814185728,3.9724162974556934,1.3702299668914257,333.0774833063323,0.317755050244771,6.034171800134552e-06
9978,-7.886861066135783,-9.226284698398882,0.20258636843147768,0.9605166448380711,468.02258909057144,0.3782064689668321,6.0543162771609145e-06
9979,-9.708935683838384,-8.528576362197967,3.3883495225729643,0.818125071859487,166.98935999306528,0.09014323785799228,6.054564970691927e-06
9980,-8.372665968604943,-9.819412201299455,4.322649311276411,1.7897655545309445,423.74726463741257,0.5972939482340767,6.054742394704451e-06
9981,-8.24775491117377,-10.632122475089458,4.00392699437853,2.6104995666536865,461.3586509918627,1.0332739874064076,6.05675432293315e-06
9982,-7.326508226849964,-11.844995480934838,5.082915741832137,1.1534017472470741,287.5544341042499,0.598540071662355,6.059526754217518e-06
9983,-8.74992038071227,-10.114097989375113,2.072760947194651,0.9781253560574674,271.0283785493509,1.7033312178739264,6.064231428113194e-06
9984,-8.017863651674894,-11.740297187196369,4.116182243567691,1.0755022240515206,286.0965165617983,1.5866460754267946,6.065713535093091e-06
9985,-8.235651231675616,-12.33312628350503,3.5545568236563114,1.845613179248102,468.1788787487343,0.08036622479549038,6.066339767174994e-06
9986,-9.189249980336538,-8.590301830154988,4.377595651824843,1.0376985657937234,468.378114000785,0.6753573072103158,6.068917524298654e-06
9987,-9.567535615106918,-7.969852234398742,4.837227679308016,1.8570091607007642,467.6555447479618,0.6486876312287739,6.077582274487692e-06
9988,-8.196158686022581,-10.330376640576299,4.277100538044191,1.103376638203044,467.4294038207251,0.6489387927783667,6.084611476349158e-06
9989,-9.519392262269614,-8.671564651812616,2.0472067085087686,1.7195216002147895,467.6835975013922,0.697236848586896,6.088074421271382e-06
9990,-7.97083547823122,-11.500332023153288,4.248056285140748,1.5471759290422868,468.05417986511213,0.7048397716642212,6.090980970507454e-06
9991,-9.599154490714449,-8.66417439111684,2.30371262690005,0.8937417360858307,234.32636338817687,0.62147349552433,6.099550086870373e-06
9992,-9.363233577975448,-7.314569385092801,0.661006410904566,1.2341573011980047,470.28595493564393,0.018499212990677805,6.107848873728927e-06
9993,-9.355611491261719,-8.860787612990793,3.381070841085792,1.087229215139142,280.111455773399,1.2737186022741316,6.110735586888852e-06
9994,-8.2364244799814,-12.13283328161677,0.7634559969497798,1.2576162197820209,297.83076299856407,0.500554360864645,6.128302490091689e-06
9995,-7.599502832654567,-11.21828321343422,4.8814333140261335,1.7802060937495356,425.21235086427885,0.7960842647855042,6.132894448539504e-06
9996,-7.834827381509529,-10.623772907107782,4.748205853912469,1.800531750419526,166.16067364401465,0.4079973164396824,6.139593968915678e-06
9997,-7.611987096432014,-12.140342593499266,4.703399972368988,1.1462713630252155,293.0408418150947,0.595107940313647,6.151611420887173e-06
9998,-8.523561967454263,-9.696728710846646,4.115795652304613,0.5323066428847635,145.41669796827566,0.6744231857153968,6.157614262390569e-06
9999,-7.446417460253625,-11.775562147993613,4.955963522222646,0.6264566512662401,138.52869215703194,1.0820793325942963,6.168868358940345e-06
10000,-7.203838337480871,-12.186341131148248,5.158049244049833,0.6899050415639699,454.1567835034093,0.37413673245067436,6.1737442999948696e-06
10001,-8.474800849707636,-11.408825935518346,2.9436198334487464,0.9704828856024219,467.8473046864134,0.26505388304955435,6.175548031034507e-06
10002,-8.58007930775998,-10.776870062109563,2.8288480419293913,1.2751685470568597,289.53633226749014,0.12058644140503727,6.187319718743438e-06
10003,-8.80472743400147,-9.728363010430893,3.275330404332831,1.0035525609773153,245.2353447987145,1.2274282410279698,6.189711014975239e-06
10004,-7.93475614845441,-10.790527827586434,4.514612601779387,3.713081408630494,280.6471024585633,0.4797540704675116,6.191004295413021e-06
10005,-8.636637078698765,-9.018466068859944,0.4618351414795753,1.8207664675410395,467.72190654302017,0.2720146708699396,6.191308694750594e-06
10006,-8.508488360804764,-11.454050342984047,2.6836784093759123,1.683414930664819,392.4851615881552,0.26642935647734056,6.191508538276974e-06
10007,-8.52439907403138,-10.958195005940421,1.6873024390741682,1.5161833150247868,255.7211379887805,0.10157294768851965,6.194196829017933e-06
10008,-8.427526454339642,-10.978570816653779,3.34954312036607,9.938190285410911,614.373977588622,0.05886555365521229,6.211576748286404e-06
10009,-8.722420410756405,-10.220188992858837,2.677382756345035,2.878936529671411,480.58948522365546,0.7708734855631905,6.216238934437094e-06
10010,-8.066446038720342,-12.054489453927507,3.9645759597520374,2.767063216759436,476.05425709387123,0.38613143184351983,6.2173937953772875e-06
10011,-8.22852477909378,-12.311258514985838,0.8387390720387583,1.1328500540883764,290.25720664531195,1.0968465674153753,6.218369536321769e-06
10012,-8.212546067163103,-12.678455663668093,0.7362629945612532,1.1408271225977304,467.35716502433166,0.34225623397110105,6.218381451247123e-06
10013,-7.439485355575428,-10.914732155352244,5.160401143740961,1.3404990866569195,444.43607827341947,0.8082911351050397,6.231246317931929e-06
10014,-8.36015351055037,-11.467308090445679,1.3125244803402303,1.0411559388844271,448.33406503188195,0.44048129225247123,6.233656313016249e-06
10015,-8.985184975365751,-8.861685195496278,0.8781264175869306,0.97731957057148,171.08478704257737,0.14861163478768002,6.237576916825855e-06
10016,-8.68338731898403,-8.71678629730577,5.08569079925555,1.1258030063094238,468.14305939031425,0.24167300870947717,6.25176901128695e-06
10017,-8.070770238746183,-10.058904795046933,4.679862275214083,1.7991602379517433,428.3544194062395,0.5747860625782524,6.257425643202286e-06
10018,-7.270493594727499,-12.871560880487872,5.039174403500786,1.3190884161030483,208.54309039299363,0.1121464744622287,6.259477699729389e-06
10019,-9.739836270185199,-7.964612151754937,4.597254168643329,1.296590988044275,254.15654394349133,0.08509267507580898,6.260761611838785e-06
10020,-7.330625351807656,-12.092040595572275,5.03782116076819,0.9317654272392953,180.72009749706575,0.5156667621447335,6.2611621910583555e-06
10021,-7.643773186565195,-11.020655822161604,4.869643672460785,1.7884204239261074,425.55705569291496,0.18095612785175597,6.271097645038317e-06
10022,-9.910792191737258,-8.341675288425112,2.1996570983989208,0.6820157803630557,140.51714819984574,0.16846186131988095,6.2731842438996905e-06
10023,-8.686507633903698,-9.724175852171008,3.665989264186035,1.291453662824132,322.0857307982543,0.3886057220012571,6.2733506522559285e-06
10024,-8.4794584297012,-11.922904127986769,2.0285350510485958,1.0193884842653147,195.23835867816211,0.31775343293860736,6.276934962577894e-06
10025,-9.412399762396397,-5.754580332953908,0.5728197235925072,1.155618345619219,467.7181360699873,0.1580038503218839,6.286677280652518e-06
10026,-9.264744366569946,-9.064289241132634,2.929882854725757,1.3499569576863863,463.12119131574275,0.3156685871810403,6.291212116518259e-06
10027,-7.865969739892721,-9.802191194893513,0.23828763533593234,1.0441439816377645,228.71671266600137,0.12735611272650882,6.29156191464558e-06
10028,-7.8987856497248785,-12.613091156408915,4.216863391075015,2.5665322904740724,463.8600666880161,2.204263814344631,6.291716691474162e-06
10029,-8.673217967064689,-9.249927844993165,4.338304359205815,1.2680657451503188,266.1467316042603,0.7309599768231285,6.2964227264317505e-06
10030,-8.462266815632594,-11.671130225375268,2.8666249718095536,0.693117212096123,467.9253221772132,0.4299894804176354,6.3027944523725495e-06
10031,-9.40530565564688,-8.87582979616872,3.0578431122463567,1.0047932797125438,467.4123875360234,0.4604588838880064,6.311007337489104e-06
10032,-9.53353545235288,-8.70560408806213,2.233412173897176,1.8521842761596221,468.5042321887782,0.653285662727864,6.3161320452767744e-06
10033,-7.54628626599298,-10.892544486967557,5.0348149258955965,0.891345985031339,238.9700211243459,1.4287136967771703,6.320190904693574e-06
10034,-8.17521523670053,-12.061639066577502,3.716124300083452,1.1864838792715944,303.1691714844003,0.8196221245365631,6.340517944398299e-06
10035,-8.55249139143044,-10.014895229959784,0.8739607024850756,0.7746337481532899,158.9632309322234,0.696330900191886,6.3457919239272325e-06
10036,-7.898259477142892,-10.023132875662984,4.982711005662605,1.052840664526529,467.3109595721609,0.7591487039404674,6.350712182584945e-06
10037,-8.432060475110752,-11.78731976124664,2.96817117501576,1.1709660439788594,467.37164462884334,0.322687404618498,6.361411870973761e-06
10038,-7.3227616900087344,-12.488946443093097,5.006347812313317,1.1760074613679479,468.02669704383544,0.5766748008316709,6.37090772846171e-06
10039,-8.37784090541199,-12.23214270380879,3.0928467875161316,1.8369139562127395,446.05072864279896,0.9078335384553062,6.38895676128189e-06
10040,-9.323029747170189,-8.899006643576492,2.0295036484084776,0.6903166369311885,182.30145041960947,0.6344523954796868,6.3897457146158e-06
10041,-8.816565876697634,-8.85416900975541,4.627352313220232,1.0754731068989105,467.05866158327154,0.9306888287468267,6.390831278046267e-06
10042,-9.795408401733576,-8.508626515569961,2.5136130964356758,1.1311551765234462,242.0081522501987,0.920016390936488,6.391594310086777e-06
10043,-8.500481385097443,-10.979373174180537,1.5917348028300977,1.6219648976910637,375.193357342611,0.5457373070500315,6.396082139324582e-06
10044,-9.22391360514474,-8.683187955501444,4.110397095210766,1.1361034406405153,291.50174710741095,0.8505473535838064,6.403648957592119e-06
10045,-7.735773670424502,-11.433545126002471,4.6264711536341645,1.5073229515014388,346.06546257469756,0.031776115676030336,6.4043191322789925e-06
10046,-9.436076995706179,-8.682107073975029,3.61984057269541,1.5658543070187223,352.76752409089715,0.8282740697075806,6.408014121722622e-06
10047,-8.284492285902651,-12.523785359895966,3.368286274500858,1.5557667172876952,349.5258738870986,1.7837772711989652,6.410995669770867e-06
10048,-7.662973420985011,-12.10393330432972,4.623256545290428,1.177422483351006,467.3569089682923,0.23887105204126158,6.433804194630308e-06
10049,-9.77219038167935,-8.13747334308599,4.223827223381578,1.5977689615518154,468.74822912817,0.905706499016568,6.4465271180421335e-06
10050,-8.412287933205263,-10.558742427485713,0.9719448868042944,1.7453121676791057,430.13984298544517,0.15189886290484989,6.4490384758774435e-06
10051,-8.659303176464395,-10.061346339090292,1.4703920488596265,0.7499985429222024,256.9893229577181,0.3727443995656765,6.453567843561028e-06
10052,-7.690061676351187,-11.886759878838998,4.611079125842626,1.1953837270154752,294.97687773325276,0.4378907502634233,6.4542785014737074e-06
10053,-9.083392058030732,-8.466703196600914,4.7591839694698415,0.8694159861279531,189.25006207844928,0.6182834079967403,6.470109682753105e-06
10054,-8.50276512955658,-11.474373676406366,1.9970110829552572,1.4872735908017949,468.40663959411575,0.6069062409844479,6.486816015690355e-06
10055,-8.831989964723881,-9.620916782408749,1.573829391873009,0.6291339551134437,179.185317405501,0.5244896094770137,6.489739957348908e-06
10056,-8.492768502375212,-11.800247450176672,2.1674778460105673,1.3065496703628963,467.83878629127673,0.786199694429925,6.494346540716216e-06
10057,-8.182984262853704,-10.55350511309059,4.149749743167555,0.6692486908855494,135.48233295006608,0.4934817350066334,6.515875884570537e-06
10058,-8.70562515294161,-10.241525639721253,2.0844285150406274,1.4186481428211326,319.0289208182064,0.12311546614330737,6.522669479227346e-06
10059,-9.668038551983413,-5.999522256085859,0.9687183432571528,1.0623099494611923,285.6666935835865,1.4388837068809837,6.5250359357753475e-06
10060,-9.66467490671401,-7.8089440549244875,4.927438397895965,1.7033312007805728,407.8020132786468,0.1599488888507281,6.525841618903103e-06
10061,-8.503222155161271,-11.637554178896302,2.1777581180434105,5.6844774539432885,528.7626160764609,0.048953365270528515,6.53716985930171e-06
10062,-9.727893135004019,-7.549977924885108,1.2972070031157295,1.8377873615317566,438.55240761226366,0.5477049678198309,6.537829659598899e-06
10063,-8.256896404289511,-11.452387060642359,3.628689264216839,1.197818190462903,376.6723135658697,0.3999089396224944,6.5401762669824114e-06
10064,-7.646039115456529,-12.10587254212779,4.641648563293601,0.628503543105466,128.21175435882418,0.6005213218345835,6.544890912485978e-06
10065,-9.16512325274963,-9.059639056308772,3.401587175910185,1.7197885288558938,406.838628540505,0.687807381300491,6.5463292544468945e-06
10066,-8.966203144958492,-9.48629064544374,2.0105387360469202,1.0768768297309848,264.2713124662004,0.5728351031291874,6.552203614135215e-06
10067,-7.89072394119558,-9.509519627660994,0.2361824852437011,0.8402287927076838,172.14059214417338,0.12159993699716498,6.56009074612297e-06
10068,-8.087069190736244,-9.894968896265667,4.761969350300822,1.772491682204059,378.17406152419625,1.9552807953405145,6.563650622969927e-06
10069,-7.654299285990238,-12.80206683664337,0.19873167286607563,0.908953258331014,139.52686524416023,0.26271369926927957,6.567267066578228e-06
10070,-7.758541790872547,-11.732540113627184,0.22913769499951409,3.388708989873309,236.19441261009567,0.37436853702890627,6.574653960251351e-06
10071,-8.310418610665794,-12.271834832512562,1.333319362601665,0.8282943228457772,178.39882831986102,0.15998108784584097,6.583785160757529e-06
10072,-8.456452707125898,-12.391233674333492,2.0822485074245938,2.5715440163653236,461.2332941775797,1.454659352459772,6.600140246359295e-06
10073,-9.970889632226438,-7.915677095390551,1.6403992410884205,0.810580629144443,468.8509984781558,0.040007817233475684,6.600266567277074e-06
10074,-8.299633111487216,-11.212799000208912,0.9865976020054483,0.8153040876939279,174.82548020915556,1.1491752101519008,6.603281823926021e-06
10075,-8.31783624633267,-10.221022718576585,4.068852240803357,1.3019216394173578,401.56905082950533,0.46985094328237675,6.605931838745504e-06
10076,-9.008635127924208,-7.512046484223678,0.4200688530516447,1.0083610172124073,201.62659894470193,0.9474259434673167,6.608945195516222e-06
10077,-8.609558808983355,-10.507297795722886,2.915512001068815,1.716830366930152,185.41671480315406,0.43428670328389885,6.609097449518738e-06
10078,-8.709477253038694,-10.2468672897799,2.157393832727606,4.25349111835858,299.1926439077447,0.22723617583874667,6.614165302235939e-06
10079,-8.6047686266441,-9.102964372323715,4.657690257477954,0.9319365649392104,469.01987626789327,0.041382397114458236,6.626556268566393e-06
10080,-8.782999418607481,-9.98592329534385,2.7236494668103477,0.9610861060780692,269.10252243892694,1.1620116180258373,6.639607530332186e-06
10081,-8.696465039064712,-9.608029046774522,3.7654987495115178,1.1311152638340218,466.27101467701607,0.09750323935139793,6.647225083329219e-06
10082,-8.486070225230852,-10.84518815719528,3.1756470677058695,1.593223258669912,375.2953903641729,0.5705011293468472,6.665019118020291e-06
10083,-8.69443462295306,-10.167686690106084,1.846945622548577,1.064610517099075,286.24456188873654,1.1700401952359112,6.6677967922133965e-06
10084,-8.129947240767834,-12.783258164685758,0.5181276481914342,1.0923436478108917,228.9051975661119,0.027653926298202514,6.6764481996643595e-06
10085,-8.246282670097083,-7.0062434011021955,0.1277059932269705,0.9367048865618017,188.18117211419673,1.0456140134553769,6.682018067269668e-06
10086,-9.688451434672906,-5.5017566386284145,0.9838714617280993,1.6942857025261129,465.3922853271738,0.8924148195416768,6.694017657186905e-06
10087,-7.611117883070863,-12.972398458151186,4.616316859007554,1.814624578371751,433.2617944073436,0.17132649854423931,6.697262988455399e-06
10088,-8.575869882490572,-10.482354581009805,1.5762515442061742,0.7437661430390656,199.7958999208973,1.1853300570425125,6.700713903979369e-06
10089,-8.263537332856298,-12.799092794205812,1.2750045637180598,1.1909225234578624,263.1262625164335,0.46077031210432473,6.701658179512041e-06
10090,-8.555247766957084,-10.677597946528214,2.998818417198242,1.2273571966287884,301.9984821817302,0.8710161301028672,6.7024849131744655e-06
10091,-9.215329190736906,-8.445675409603346,4.54176244223904,1.0209659892125187,468.15317552069905,0.8444973598227152,6.711105962406843e-06
10092,-8.428894425159168,-11.762728679538213,1.6393618584853666,1.867495009414296,448.0683065561587,0.36540636724523967,6.722988966667442e-06
10093,-8.698446987604445,-9.959372880402812,1.528334008003265,1.0520026250319667,422.4750198248072,0.8022445304896513,6.724445337399284e-06
10094,-8.285493422392612,-12.11825303090711,3.3937399921465574,0.9536513275475146,189.28957321883698,0.4750410423376996,6.724710342046874e-06
10095,-7.7873550377576315,-12.669232749284749,4.374486952761881,0.9670155062181643,267.62776617798283,0.46157185375977594,6.7263219495608554e-06
10096,-8.360589877246433,-12.188841553350272,1.4506773729567992,2.8213276588207217,483.15441951784925,1.3571510317895177,6.727836723821604e-06
10097,-9.048340513947077,-9.395788401702267,2.4436127801345235,0.7572885274405312,172.83093376728885,0.8844193840568808,6.730535480453049e-06
10098,-9.026413772395058,-9.174840691591351,1.551298127171287,1.3969012140082055,468.0311279101288,0.4453457145091084,6.742745334909529e-06
10099,-9.121351807368335,-9.01322065381806,1.5713555169558333,1.8838063645545595,467.28708819462855,0.12248801412329069,6.74613912701978e-06
10100,-9.045709177014999,-8.578624730037,4.61900045047495,0.9068664540861082,467.75315628914456,0.7661052552286955,6.74775276012179e-06
10101,-9.217681137398516,-8.214560278832911,4.92571126025417,0.720364660222411,150.0539206962038,0.02106609176554297,6.760400501607119e-06
10102,-7.737295627027242,-11.73756923505147,4.549246280249298,0.7272152056745317,170.10077652079423,0.1821918040425503,6.772079200632382e-06
10103,-9.118275038514497,-9.032009414775906,3.5895239764510696,1.8681683110144471,448.58318728414014,0.3161730712317832,6.803598940022888e-06
10104,-9.084204170122446,-8.363633896294068,4.9032664765078735,1.0407855498224308,260.31590091235097,0.7143040108609613,6.80466904083199e-06
10105,-8.607452999802522,-10.658865887957589,2.64141283576266,1.2567932434150757,273.2015772400066,0.01959697036735264,6.804972188362802e-06
10106,-8.690304354124573,-9.809294332537831,1.3411474255970992,1.0043535018171694,468.4990119694722,0.6393063442112021,6.808331843976556e-06
10107,-9.357070315840756,-8.91629926083272,3.0099477645728108,1.4806653691693539,468.1171291501937,0.7405189605946356,6.810575435339093e-06
10108,-8.919719970866444,-6.7324632654538785,0.3122241019601336,1.0678129859052266,286.5689994127603,1.1135363584471687,6.811586850727802e-06
10109,-9.819968417924713,-5.803995781414108,1.1975906400999117,0.5680149679716119,118.74724284519398,0.3234526469282182,6.8167825329632715e-06
10110,-9.856681402385089,-7.999988440000996,4.340271799954896,0.5917837929250929,138.1456983044729,0.10562499664316949,6.834629439096046e-06
10111,-7.974716685836381,-12.8669590327179,4.0344982852559275,1.0568188780946222,258.89102780851476,1.4697344720988283,6.835533303565326e-06
10112,-8.712352046590215,-8.833529613610008,4.82666504686809,1.8833302311405489,468.3896948292396,0.049869728031760374,6.8382765510820635e-06
10113,-7.770787120221956,-12.64426489502774,4.396590604101165,0.9388908085698467,265.0615883528237,1.7225142617090077,6.844056762566364e-06
10114,-8.638241291026272,-10.541269713778757,2.255780623274559,1.6260661581885676,447.66354856679925,0.3716879321753117,6.852955201176685e-06
10115,-7.862073793679229,-10.317358139994614,4.825188684685412,1.2897681800174563,468.514681354219,0.4408981687447078,6.85465779038811e-06
10116,-9.579771918044203,-6.6980951962291515,0.8843850305869394,3.902004725975314,559.1663400880907,0.7247681380253335,6.855543151177635e-06
10117,-9.808603663654281,-8.490600132233475,2.595474860300211,0.8907126486814048,256.2276179491055,1.1742347176477121,6.857148828206628e-06
10118,-8.253326096377371,-9.622342780882327,4.694871929930584,0.7854015887279574,136.84957759883704,0.25053964740364876,6.860110747057962e-06
10119,-9.065077466204034,-9.036419413194377,3.7263010612411347,1.8342125963225167,383.6513403703553,0.5143008852268682,6.867259330946187e-06
10120,-7.928776678884443,-10.662055147152223,4.542966515987363,1.113540285930326,468.130758906705,0.5002780618906417,6.869979270211468e-06
10121,-8.40220385556997,-10.259928550374607,3.8269325437461017,2.6621189667124416,471.7609500882321,1.9242192142437036,6.872223828945181e-06
10122,-8.527344823540158,-11.055490197434008,2.755358856009232,1.1987331435648352,285.21443307327155,0.5047554262454055,6.896854609655445e-06
10123,-9.504689367586902,-8.76127391933218,2.4882696862494607,1.0510919216185461,229.2983033672145,0.025282144039999288,6.903194607234805e-06
10124,-7.634086461751862,-10.70433259535618,4.964674832288838,1.2131941081297666,292.25139056566496,0.3269011096827823,6.9120205091848495e-06
10125,-8.256246819926144,-11.130250936525767,3.7054286564321846,2.5316628904558054,449.148999299374,0.8189065918896103,6.922753655993315e-06
10126,-9.455060307314012,-6.539725208966357,0.6737043619702712,0.9869844846775637,468.0050303493689,0.2227857864588234,6.9279550691181e-06
10127,-8.5192987111746,-10.464979488855793,3.3198119364159355,1.1716210760226715,469.53573835278223,0.009606425339543812,6.941171831306283e-06
10128,-9.914816152425619,-7.898870344757158,1.579619413619247,1.5847620658005137,421.0996764900508,0.16790982216626293,6.943150097718904e-06
10129,-7.452181883001815,-11.302642500069338,5.004185407132793,0.9263417316636171,468.0665809940921,0.3447297642784184,6.947405378470847e-06
10130,-9.055416470442768,-9.3560549611899,2.2819657741564727,2.5198083143278294,435.6251992540668,0.30552809846032947,6.948028274167141e-06
10131,-8.021812588722979,-10.59073670886226,4.4113605145088925,1.7950460747751091,428.30084018947446,0.4293859160734703,6.953036126677022e-06
10132,-9.670221782512685,-8.532720368024556,2.2053166960830195,1.8280530068721144,435.99798413569704,0.4744093842188777,6.957023412449899e-06
10133,-8.634346389345609,-10.276653113176485,3.0504140096661714,1.2939787862962997,277.8962753822228,0.9793242465126761,6.960169233677724e-06
10134,-7.505786665191479,-10.999169013462284,5.021464297281384,1.7711248314010948,421.27201340084287,0.2903961005028055,6.977778775460662e-06
10135,-8.64500708721881,-10.333333298994862,1.837066916490346,2.446231911297229,451.2978152694395,1.8747297954973936,6.979710962883089e-06
10136,-8.91634646426541,-9.569331132087115,2.987378708584879,0.7374193814917949,193.6198931138049,0.35159579412382147,6.982042147594469e-06
10137,-9.787805079894795,-6.12265514448779,1.1759959377235492,1.1350135215631838,275.2170952375855,0.778696614509049,6.983712786437066e-06
10138,-7.953431602098207,-12.607305700661358,4.082538220856093,1.8375002314387587,469.16882001438546,0.1485806580885729,6.991454221215815e-06
10139,-7.9224233385198675,-11.745246023338655,4.237566530677046,3.4395207252410467,523.0836739188973,0.6319067719965119,6.992121253863743e-06
10140,-8.938450310142251,-9.49239245180907,1.9159945258164102,0.8996084865224375,229.70172707372083,1.3282505619550093,6.9980618744622745e-06
10141,-8.135978412187427,-9.619195556593986,4.89884255100734,1.1728983220201827,251.74359920409574,0.04120751620418783,6.998640483456597e-06
10142,-8.216417231031542,-11.723504074563586,3.6334917422770614,0.8925500866526959,343.11087940874523,0.2725091965744397,7.000181762759186e-06
10143,-9.639448722631279,-8.012648626435311,4.603894798891379,0.7196117883996442,155.42030915636073,0.5280887031484172,7.003576917048199e-06
10144,-8.801243829663346,-9.912443999802855,2.152569415660031,1.1662653659134898,468.0274754799848,0.380316671327253,7.016619702884774e-06
10145,-8.805305811491486,-5.673924997738779,0.2534711380510472,0.8087509087647358,176.31511831564936,0.00015785009590185695,7.0210275407105104e-06
10146,-8.43183793119238,-12.477529962243747,2.654383579129006,0.5388998097564213,149.7817335932846,1.0579143260103097,7.025403545963847e-06
10147,-7.688354753676782,-11.017522113568582,4.774172572836087,1.0576871686408154,208.8460694334133,0.4379664767232674,7.029853942511681e-06
10148,-8.965453557152465,-9.492517927068183,2.9193836672672924,0.8249484472484324,469.38315192950597,0.13800390900863224,7.0316090151666045e-06
10149,-9.987886750714473,-8.275100370183868,2.2741513470970403,1.1559183356377674,234.4599340521307,0.4616811990274714,7.047458736870468e-06
10150,-8.832135293618423,-9.643577965381333,3.2225665322317982,1.8656183711118726,468.2066468134732,0.3687326755419429,7.056506043410871e-06
10151,-8.23510176426357,-11.97081303983686,1.122634510099853,0.7960717553654749,177.17133550139843,0.11691031908388005,7.058937665050018e-06
10152,-8.415253965247443,-12.699128343470072,2.7221360306370976,1.3826215820503185,301.23746497887845,0.11505399273190786,7.05935982394458e-06
10153,-9.102765380360054,-8.92666416158034,3.8400224740409343,1.3487259892758279,225.03632081458446,0.027922081403880306,7.062959055977111e-06
10154,-8.67830530234275,-9.607507639731814,0.9294493579297259,0.7858288806780275,467.6358714543506,0.2869474817631925,7.063261196608861e-06
10155,-8.961971994490417,-8.697665810229232,4.5539168410170925,0.8055878204108963,169.40192032557906,0.18286844096217347,7.068248505577887e-06
10156,-8.519168071799248,-11.316516673509497,2.1795102796810664,0.9679529372917025,270.4236859206089,1.8185672684777785,7.076679468216275e-06
10157,-8.463078260231596,-9.596472002798379,4.299029374596028,1.6882660753511098,397.21732473484457,0.4120672053064993,7.080294897031253e-06
10158,-8.316843161815125,-11.624232081559349,1.275517115301909,0.5378546392921064,160.15395943255626,0.20222840600901737,7.085866041854255e-06
10159,-8.513321651480037,-9.321661033011681,4.5194592396624484,1.0806527765891794,149.68787191676756,0.24590852116819928,7.095725035386533e-06
10160,-9.869257921495771,-7.884824790381953,4.505953153495185,1.5023501493329077,342.17217679016863,0.1261644588231654,7.113432939236953e-06
10161,-8.815789409923962,-8.84555543871854,4.596196431681835,1.8281840848753552,382.31658533289396,1.5177315981074555,7.11466802622274e-06
10162,-8.523095967765416,-11.295682573220803,2.3100168556921425,1.6446984834423253,386.0949505207977,0.5890337435091677,7.123995177353377e-06
10163,-9.513800069424104,-7.424870512273386,0.9607349601905346,0.9277087620177398,246.35079721924686,0.6583994521912162,7.130693402048264e-06
10164,-8.356329215797448,-9.884087744442084,4.229367067499563,1.2445957050518983,308.98340604543705,1.1468574837515018,7.133565863169657e-06
10165,-8.458644148950244,-11.794296541388972,1.9135765017432844,0.5070668044143842,117.79905449121685,0.9048447966007336,7.136408741637732e-06
10166,-7.873860528765151,-12.995651092455462,4.19040152560373,1.0194161269504467,275.8265660082327,1.3638853206473058,7.138926341771283e-06
10167,-8.915858468646162,-9.18496013736414,3.814201464500617,0.8889060548264104,468.9037444571982,0.07644526693411535,7.141875903803594e-06
10168,-9.429070043985199,-8.832187977547498,2.4522871458071647,0.7331199276816908,188.57235504153667,0.723040647307645,7.144620970940514e-06
10169,-8.196419219063404,-9.716662235718395,4.692277704920173,2.6733466713203735,458.24998548633846,0.6487986592743118,7.147156285487779e-06
10170,-8.37453678617352,-12.19527474309986,3.0286401927398945,4.2532275931203305,576.736698470853,0.5076574854792026,7.148533101483552e-06
10171,-8.781504177076261,-9.196919682499681,4.118915684836921,1.8750197987142756,470.01018990217807,0.01663941817482506,7.160432100031423e-06
10172,-8.01989811479826,-12.498449336397554,3.95512944112626,1.004707954197488,272.80476992235316,0.6980848453940576,7.1617325581293675e-06
10173,-7.532846084461743,-9.189449827920683,0.09440909780974835,0.9634939686327522,252.2288849154381,0.8553099385282179,7.163964017868284e-06
10174,-8.419920013217244,-12.008845280839585,1.7137474336664988,1.4193084883518852,321.56210537934356,0.9167540371662328,7.164712788671792e-06
10175,-8.545971398425841,-10.64061027865297,3.021633763443929,2.402573030986191,445.84830805991004,1.6364624967137251,7.2006912626078006e-06
10176,-8.708886619563502,-10.21721173600896,2.4844817789121945,1.7066801961322497,403.904576974828,0.8406852587525941,7.203371606333723e-06
10177,-9.7800065739708,-5.872799635340788,1.15947718495027,0.7670947682613876,442.0535300841636,0.3052311784058448,7.204540320851095e-06
10178,-9.129024521515742,-9.117705797343408,3.2788619041240943,1.1902431657294403,467.86042794187557,0.2840964912691417,7.205978539863643e-06
10179,-8.629402406501667,-10.495110740377049,2.0599390820043464,0.8347045599079659,467.9242906489671,0.2083553825194322,7.212843833107813e-06
10180,-8.863291469182917,-9.195202096327085,3.9240599242139385,0.6790316684323077,134.41704896659067,0.1494005503454714,7.220034864839802e-06
10181,-8.588024428126207,-9.986393966892862,1.2295276271201103,1.1631451855175587,466.86075647247515,0.19367939223755837,7.220406829274516e-06
10182,-7.970143519482759,-12.514888507665418,4.0457762356171125,1.0376786718538735,282.6049162509568,0.8473304655001721,7.233321974985517e-06
10183,-8.1196154027973,-10.670893355441983,4.173750604042268,1.0407161216401821,267.5168174184285,0.6007035285533044,7.235573338478799e-06
10184,-8.66207489437292,-9.786434547086184,3.5741450975843954,0.5756657233963184,129.70719127380735,0.9118818471791501,7.238597578826883e-06
10185,-9.023170754227312,-8.40186279337198,4.919115268039724,1.4178385242793936,244.9432964906118,0.01694317127046041,7.244056287343187e-06
10186,-9.789866745371544,-8.094485062505523,1.6240838572738578,1.2795828051447733,468.3265239560422,0.5084434421077999,7.249055979201166e-06
10187,-8.415894777939386,-11.26933235927872,3.147187109718422,0.9376586023195548,257.43815791310294,1.056347261938794,7.254975888407123e-06
10188,-8.685452736924498,-10.285557317708006,2.168323550527164,1.756319603444212,416.7658702958745,0.8146150664178684,7.260735613689774e-06
10189,-8.503337458962566,-11.041950638984208,2.8758762397548323,0.9352994221449984,182.82226426675172,0.7276463007527099,7.271255799195975e-06
10190,-8.646221426938796,-10.404897147828523,2.6866122772155,1.8584569969951377,470.0728750179831,0.05302341070741967,7.274723528592558e-06
10191,-9.742134235901252,-7.986919212534596,1.4805513951663463,2.222269652947426,178.1058905118606,0.4147628623776196,7.277098515548302e-06
10192,-8.529229535349314,-10.324332728938964,3.3819788571895466,1.3194332564697588,221.30946243069548,0.08508307828489414,7.28513429507072e-06
10193,-7.587984571329304,-12.41282816285236,4.657826874223357,0.8989343130925939,469.08316578064233,0.043010635681784315,7.291419738852315e-06
10194,-9.271791699225055,-8.989423337844755,3.0557227718019147,1.0903615467101555,467.32951392678115,0.7849316634539818,7.303801184854867e-06
10195,-8.295668426703799,-10.6133992370669,3.8226758863818135,2.425001538433875,450.9730463101027,2.418670879385971,7.317816172825621e-06
10196,-8.54876857059841,-11.035162540524905,2.2813729471056887,1.7672423639163026,418.56692110131735,0.4399599927127822,7.319735094112419e-06
10197,-8.849205196059405,-7.664576034692072,0.3568484403262542,0.9895556500526285,197.34272919293684,0.05236958382782042,7.321641424050504e-06
10198,-8.213815408444026,-11.843290357058027,3.594532792190554,0.8547935004137616,241.40522742740254,0.8719783410201662,7.334585917859861e-06
10199,-8.454668707441988,-11.949365271969688,2.5955233615987963,1.8086309192642491,467.89757888234124,0.20898748464939754,7.343018771582362e-06
10200,-7.550138381543894,-12.098974729716112,4.736061679749774,1.853176516971545,467.92157312772963,0.6881530493293537,7.343358275844039e-06
10201,-7.400265807364118,-12.53275536261871,4.876702038106083,1.0863294362548175,290.38987692498705,0.7595659019259271,7.3545812495809154e-06
10202,-8.153750514806926,-10.771532819095782,4.056556342875954,0.7079923740869778,203.15309621891794,0.7953173038813022,7.3546114158312335e-06
10203,-9.666130540679639,-5.605412346194262,0.96307771432319,0.7971742997229914,160.98872250362712,0.09863688044063501,7.356396642299003e-06
10204,-7.1477151817943865,-12.950163020930376,5.103880431468441,0.7991928175337869,219.3890345112406,0.289376400460184,7.360132981542986e-06
10205,-8.475134196614714,-11.804465204129961,2.405682120240007,0.8230995139045111,470.25273191875306,0.22176788463016006,7.363115388341345e-06
10206,-8.80328146713174,-9.802868099995571,1.9000439761513574,1.3223503736950186,290.2450367660857,0.28815856543597196,7.370679512295633e-06
10207,-9.027978704920766,-9.072412951092563,1.4240091448642895,1.7696232633904714,378.4828198684647,2.119170368512381,7.378349873984319e-06
10208,-9.528197216374146,-8.455285746774102,3.888483647799796,20.114676879337882,588.6663136267986,0.09572312173317332,7.388894438996236e-06
10209,-9.938054536036155,-8.29081985754932,2.2407268340862396,1.031553503588311,264.54962395757207,0.18194033272732568,7.39496694797285e-06
10210,-9.898010779063847,-8.10445924710322,4.0257915056835225,0.9891109548997543,272.13536378754543,1.7890765996319358,7.39872658529045e-06
10211,-9.194930794778871,-8.467040196786215,4.495954936299086,10.275541770104278,789.6829206282916,0.3238683111670033,7.400774932543975e-06
10212,-7.256422527544926,-12.26879660599122,5.047596262289968,0.8511884644130918,227.5455702086756,0.17742740221549536,7.406130299925544e-06
10213,-8.806175302557389,-7.9830008222505775,0.3859560467051534,1.3230545391984834,310.2750508063476,0.1755722739630663,7.413415400121746e-06
10214,-9.208286758316044,-8.798648778412986,1.4903382186352776,1.2661403106915854,153.3162359836253,0.22685078753595267,7.416845954911517e-06
10215,-8.462922780143924,-10.93365379076566,1.4713210522479265,0.5435826996767283,113.64390263022744,0.4699597551829484,7.426239250607592e-06
10216,-8.4372101394746,-10.126779513970465,3.8085643793024007,1.7899358455941807,423.384780462533,0.49963045059956723,7.427321611165494e-06
10217,-9.360871887826963,-8.36714256662177,4.380610070743299,1.0279491737555224,278.2705478616794,1.258097488609474,7.42998562200583e-06
10218,-7.297037357064951,-11.19459668608839,5.182718110742111,1.007224607840146,210.58196881213132,0.6786071659470636,7.432774464249541e-06
10219,-9.712436003171236,-5.183762502922067,1.0389377954318315,1.8937395221446012,469.69455209085106,0.16443388789779423,7.451748196532191e-06
10220,-8.919417708963017,-9.349157292197061,3.455288155074952,0.8972285490472889,468.4165186884475,0.6718966770457344,7.4571351190524645e-06
10221,-9.278481351950461,-9.012809033453168,2.7776059310934347,3.5146043885474483,536.7669135156431,1.103160084673216,7.459016920789382e-06
10222,-9.825731343650977,-8.457388595848975,2.6390732337940617,1.1194087551333312,467.42160186689733,0.6651649120055003,7.459070104175738e-06
10223,-8.272171448873529,-9.575441908130255,4.67535563935963,1.293889146759159,306.34776402532225,0.8527925574213269,7.4706671438981084e-06
10224,-8.569942551241128,-10.712365284448516,2.746358770514787,0.8474042139605616,468.0826858485469,0.25742811781131625,7.4766662500628084e-06
10225,-8.671476029689511,-10.306884819989872,2.617339444978641,1.5867537387561745,364.2084835692267,0.05844092299364956,7.4956752025383315e-06
10226,-9.836453678047173,-8.371273831484626,3.3993922897365323,0.640422963247322,168.2923042792316,0.6274264724644318,7.50088920143811e-06
10227,-9.857937195423274,-8.024901256397909,4.241792697206181,1.1108406852977986,260.4008068716285,1.2419285582972064,7.514731367522526e-06
10228,-8.259320646082738,-9.993171741361841,4.313628182801719,4.521537766324072,289.5323563713568,0.48319873750866726,7.518830556409343e-06
10229,-8.43719791745773,-12.365089558109787,2.0239647499428886,0.7774433639886841,169.82109716070352,0.6019323416073403,7.522031741288511e-06
10230,-8.936825543536656,-9.161843090075969,3.7686483747992017,0.8196307132085155,149.67842005353168,0.3947884425793715,7.529852822481364e-06
10231,-7.561625674003034,-8.9018496726539,0.08611386161672102,1.2302801776240209,307.32572987583615,1.1728201148430282,7.5299025223688195e-06
10232,-7.378041492613146,-11.381966376651917,5.048059174662195,0.6026856959138325,160.535597682442,0.10368357417010365,7.539746844722042e-06
10233,-7.586528359287111,-11.835796280579512,4.713804393414923,1.249415359234805,282.33240746521295,0.10757762106913482,7.54469562409785e-06
10234,-8.530834723062078,-10.596217880620669,1.5334322421433897,0.8669279612049481,226.1877270848337,0.5226199102741527,7.545090111124126e-06
10235,-7.688799154540188,-12.530855640710657,4.494583932652496,0.9868736160934483,468.73829347990164,0.0821680490847223,7.556810904547555e-06
10236,-9.888620617629575,-6.371773157893698,1.2925277377166016,0.79432105231974,467.6889134327847,0.5334178018194713,7.557400543685517e-06
10237,-8.3963463652812,-12.165339691553207,1.6543205392604443,4.924733733226608,266.53846176222993,0.4238781960685154,7.559162525035138e-06
10238,-8.431783897918608,-12.773675771061942,2.2676948614308263,1.1267014699933087,292.6113042901256,1.7398463993956002,7.559767361449785e-06
10239,-7.760924693465906,-11.433851939569506,4.535284229536399,0.7521750896203636,152.40871850840853,0.12985440561193062,7.56527011982321e-06
10240,-7.496609863499121,-12.111737677146847,4.793149626043588,1.1104740534284592,280.595410313824,0.2907998692947391,7.5671624569763795e-06
10241,-8.2617358891826,-10.118941562053472,0.405697940352958,0.9734326599175698,467.8217365354398,0.0976497283483111,7.575225640840629e-06
10242,-9.12594990482168,-8.29373455963167,4.903132878458233,1.2052852264936789,266.8875375968153,0.31345147291991005,7.578051036459275e-06
10243,-8.87387147081387,-9.713684502435148,2.589606795952428,1.0215807001326682,271.6772905575443,0.6921792111625527,7.581967817321876e-06
10244,-8.488981354063561,-11.399025000145256,2.0048090654014565,0.8714361886338462,237.32186829006193,1.108228979018139,7.582734051303126e-06
10245,-8.302611962994654,-12.722736685952226,3.1899362152706217,1.7219555791917764,406.2708573726527,0.15634384647211252,7.593766427140661e-06
10246,-8.327340141697027,-12.212934574276707,3.1740322528761613,1.6772193339207202,364.24101408401066,1.5331479691463237,7.598885861419288e-06
10247,-7.997940065624093,-11.418916621442717,4.134243417372433,1.7666126720021156,468.23852430444407,0.8119326945583625,7.608924375910481e-06
10248,-7.745113095198561,-12.47894061053663,4.414515604001279,1.237452178753309,312.32336705149135,0.543812601032843,7.610449853150061e-06
10249,-7.657448589806601,-12.999545786398308,4.510143394026789,0.650063582262517,133.12944597928953,0.14124007786952486,7.620896448102734e-06
10250,-8.414281734089865,-12.522959505573162,2.6683956794967476,1.096205485635829,283.11672727580753,1.6943937441720855,7.62846556663775e-06
10251,-8.32230623924587,-11.131187294463833,1.1680765969422213,1.7785738568888834,424.33882693956343,0.7878519115359017,7.647179364542602e-06
10252,-8.425207605669694,-12.444292289251052,1.971560798341796,2.8090446511647276,374.86588863569096,0.042955602844926055,7.651377873857613e-06
10253,-7.801708504636039,-11.415148104360055,4.470404544821401,0.9253678668313419,189.45726420219256,0.7743335823758066,7.653682160392207e-06
10254,-9.35227559684034,-8.170545084489026,4.73211727326484,7.302669306140493,638.3803508866272,0.13499419136834856,7.655107906329909e-06
10255,-8.24428532142013,-10.639449343978082,0.4690923874489277,1.4289696324295955,322.44559679987384,0.42636250997854486,7.669686319107968e-06
10256,-9.816675617309821,-8.459129277867053,2.6242464541106054,1.2824786365974197,470.1918965908903,0.02041968290395335,7.674830109957985e-06
10257,-7.921887670461049,-12.40606365743035,4.120810524704885,2.053975408880369,399.1814139552545,0.8599274472327343,7.695425070119184e-06
10258,-9.537811874056754,-7.8942663959368815,4.898727713422973,0.5575428727898782,163.8302700006325,1.0439708704783497,7.697681356395105e-06
10259,-8.20901510898541,-12.826268336901162,3.4592080453598903,1.6098033327551426,468.1669836591922,0.2713973520831088,7.69829882927818e-06
10260,-9.262226811532907,-9.019088377109107,2.435236238099204,1.3569411740709307,322.9542120744008,1.558284387947114,7.700182226197733e-06
10261,-8.184120860761123,-11.07517168593175,3.849413618556888,5.9341037471222515,664.2254456586405,0.3409686872192763,7.706368797804114e-06
10262,-8.762270902533063,-9.935542549218315,2.007605637506633,1.0474885587171436,468.12847948983523,0.7466333061580572,7.72689671813619e-06
10263,-9.579173794019226,-6.025987672807693,0.8237316034778754,7.290277590841328,293.6453958402297,0.36958759501454885,7.737978489710576e-06
10264,-8.275519872050204,-12.219046194399862,1.2935223090413264,1.7326416859722458,326.3500964943801,0.28816185667400607,7.767780013435588e-06
10265,-8.587067438227574,-9.912262407986416,3.595857205680772,0.679619275079568,365.900530587995,0.41321734829574996,7.785835654173965e-06
10266,-9.540386036666115,-8.592677420277639,3.4424602986608708,1.8100665421180702,441.82145558620135,0.490441358387419,7.790795953174647e-06
10267,-8.275098403648439,-9.407947257889042,4.835241955280752,1.966180916686818,375.4498825634866,0.5274781602525982,7.795935583290732e-06
10268,-7.448251560301916,-12.67119617718869,4.795350500071353,2.4460051075766756,449.2373907722252,1.4416957892242461,7.798494330930184e-06
10269,-8.285311824204253,-10.043117816430657,0.4129056599457607,1.5405125063792398,351.41107925599636,0.046166366036605844,7.799214591451677e-06
10270,-8.563633801757536,-9.375010106643613,4.30965870217203,1.503930156674735,342.8001458985021,1.6887322556168352,7.801712412272567e-06
10271,-8.403746984753422,-12.097446179039583,1.707501548251249,1.11754377635625,467.5488318568933,0.20772691690089484,7.814576501836171e-06
10272,-8.421594970838804,-12.469808002098887,2.5918100273186573,1.84056335816249,469.34095903858935,0.10362990566995833,7.829414414384066e-06
10273,-9.86510724982428,-8.344539417987527,3.377940778066842,12.436039136964203,578.0938421202221,0.01957564919919097,7.834283892431183e-06
10274,-7.538277613999419,-11.520142014986044,4.818322932155268,0.5231525685144918,113.68804866433734,0.7067907046606123,7.83460918412426e-06
10275,-7.524668303189287,-11.526727163456318,4.834137689800556,1.315264241411351,317.36142402703075,0.21326913468658493,7.84523005896354e-06
10276,-9.383570976129091,-8.778349056289187,2.0569218890279455,0.9811455436017238,194.43406158545795,0.5577536815267639,7.867711175723198e-06
10277,-9.660226295158338,-5.395421652115893,0.9483999553993031,1.7590453109024355,468.31321157254587,0.5032723139210598,7.869964737456519e-06
10278,-7.803722284428704,-12.527760471975311,4.305161920607087,0.8984305290434931,208.86982135110082,0.40221078646908026,7.882840724175707e-06
10279,-7.405576649451,-11.640151762124688,4.954022853015936,1.86733531564368,468.10665986684586,0.4684542798778981,7.887655082398173e-06
10280,-9.13333322505934,-9.16642513794038,2.1938115148030084,1.465449865589684,338.43520343314856,1.7339214105338785,7.897760921970462e-06
10281,-8.441396280939733,-9.746686860046657,4.13634927403985,1.8636465086614349,458.2678798204434,0.02545834854529705,7.898745676661752e-06
10282,-8.129536826159779,-11.786341223914409,3.773895208446244,0.7825898751280101,162.9946911683659,0.09563987949862529,7.900205036942815e-06
10283,-9.995952541656019,-5.990254594142673,1.3654118340820312,1.664002509415463,469.3437017145249,0.17842467650399474,7.901616421441652e-06
10284,-9.374090329246195,-8.828252764985468,3.1486950800615205,1.7210742572352966,404.47638774837657,0.3059650083580481,7.910224830845695e-06
10285,-8.594923508700393,-10.476212732778107,2.8549096094960795,1.8659126904434764,447.3225435865052,0.4042837581104415,7.91501241235005e-06
10286,-8.213203399378129,-12.69924933025125,1.1956053011440655,0.7085280745548539,191.63304737444966,1.3383061207143268,7.925347246950933e-06
10287,-8.214691613096136,-12.715724513711466,3.439301672284223,1.8109144572167668,468.6424919203562,0.8785856458657504,7.94444713547976e-06
10288,-9.05103579479062,-8.33600251297268,4.938889251217423,1.500411336011903,345.0473785057026,0.36685618733687164,7.946002525747228e-06
10289,-8.262012808531674,-11.431786909528531,0.9582455940537904,17.21721176026621,678.0564994081466,0.04736925576431972,7.958592728075906e-06
10290,-9.599733682000254,-5.591025633401275,0.8384181112033772,0.7902792618271293,179.08463872753038,0.5233334223489976,7.968884979776954e-06
10291,-7.865432550910688,-12.531990676093702,4.1961192930091675,5.712904135595132,653.8409906862184,0.3265834389902773,7.96945953238098e-06
10292,-9.86873202186639,-5.15849134636596,1.255260719258642,1.890823926383103,467.1891069609439,0.48532369995086455,7.971501618766935e-06
10293,-7.968870372768606,-10.860652483914269,4.342777304394229,1.1386134515674606,299.02774244949154,0.70490118824726,7.973727295159181e-06
10294,-8.56529119988953,-10.37780131331323,3.12698125870271,1.994679714854554,386.6845558049909,0.4719011765699568,7.97922828609055e-06
10295,-9.30929386086012,-8.958483067507558,2.6622762006509473,0.8553681563187083,202.12948781144772,0.621594023397086,7.983959372499967e-06
10296,-8.593784558868704,-10.05423804209845,1.3330243967195965,2.388603204589293,447.20689365641937,2.259493154316419,7.98767181381794e-06
10297,-7.952420274814421,-10.781385424054745,4.40115546783475,1.1678224835761053,467.69668749802116,0.15138458210252903,7.993582480619837e-06
10298,-8.645944884102793,-10.21020426066525,1.7463787600619638,2.364250571938349,442.909898461744,1.7492463497375832,8.002747110327785e-06
10299,-8.571742151977283,-10.77707842793437,2.1521623268177676,0.8972789420166944,467.0758952950184,0.5336495834867847,8.003281234949097e-06
10300,-9.24881496945506,-6.216676605009291,0.4680021424596766,1.7922487689235085,427.58081480972027,0.4546918958267119,8.014562413553278e-06
10301,-8.229507420021111,-11.882205731833908,1.1180126829471704,0.7897064923104784,227.67700075617344,1.2796626658681038,8.02175560345066e-06
10302,-8.109778997268588,-9.759539638172345,4.766786144861787,9.862883384482364,785.7455653151327,0.35597834982439824,8.023587883413234e-06
10303,-9.808513853292785,-7.867274409935546,4.557602019577091,1.6788232682691298,187.73630268897796,0.32408738299354045,8.0326804556379e-06
10304,-9.829073724602456,-7.821901557572279,4.6071910815598764,3.7201541502904627,538.6991975597557,0.323116801557517,8.033339044175492e-06
10305,-8.411676223608074,-11.119338521938634,3.168279869101257,1.1320164823518526,469.7715979395146,0.033273922302497816,8.047382640137285e-06
10306,-8.779013325942124,-9.762049043316473,1.7184838921682115,1.570658858904102,309.3556097353195,0.39355140553958634,8.058505952999018e-06
10307,-8.356777077414396,-11.526862923452022,1.3832205750520514,1.140795575955892,368.39836135225136,0.6445146425048707,8.063708552267176e-06
10308,-8.434096814585482,-11.767596572629138,2.734304960254847,5.903224006646804,493.82670720253924,0.014501865387797075,8.07013562914551e-06
10309,-9.001182318286343,-9.0931223510382,3.68422163065118,0.8798134891654985,206.44845498946847,1.1575443862264345,8.072989335901863e-06
10310,-9.329585894977255,-5.595688321273264,0.5084367532602152,0.9352181053513762,241.94847620976887,0.9889738438967219,8.081239928978804e-06
10311,-9.009918212970742,-9.189623468542027,3.4417425552831875,1.1607203227223555,296.7182503756257,1.6983750026967481,8.085069221286326e-06
10312,-7.492558446988955,-12.49519508275602,4.742815342930755,1.2825352429362196,283.76966104823185,0.7880060385103009,8.094794875618804e-06
10313,-9.864976882042036,-8.21490151199069,3.754998654087125,1.0030931866770132,262.76834745166764,0.816274777142107,8.100149225206855e-06
10314,-8.426732681112394,-12.569958529407618,2.1403836982666538,0.49994160103687574,122.32510028340366,1.0535778149647284,8.109998507024966e-06
10315,-7.691448242590465,-10.581535816467685,4.888883709619167,1.5839813258915132,468.6390235984079,0.420303133312637,8.115339281582713e-06
10316,-9.819790829563637,-6.404924044274909,1.2455511484632336,1.762273528755804,380.48017943561456,0.8066938311661032,8.121592890462266e-06
10317,-8.633672954913504,-10.44580661160617,2.2637540104020153,1.246514159589956,467.47414210511863,0.5168723818947862,8.127123384320268e-06
10318,-8.486586357779942,-10.788977055143388,1.5203753000211788,1.3444462292411126,468.87183185664145,0.5611150288997653,8.141165392603314e-06
10319,-7.881752797762202,-11.767625299950836,4.251606701291608,0.9530199219803278,231.98888493574384,0.47246034860032005,8.155398731220656e-06
10320,-9.260163592135276,-8.467431964108258,4.332186109766915,1.8317475363979652,436.4634013035835,0.4636215008588369,8.158700026403845e-06
10321,-8.404198451804561,-11.787383388721054,2.89728819590688,1.6009532363574328,348.93196780744165,0.6896559504252604,8.163328899262535e-06
10322,-8.943661451510165,-9.19905916249219,3.6209259252699844,1.7832149297456688,428.7595874075425,0.36667614498280976,8.176012494778659e-06
10323,-9.85277957099948,-8.183240606884425,3.8565445080159426,4.060725663880179,570.1116017735172,0.7660761884296603,8.179112006747577e-06
10324,-8.942641328653192,-9.34635718993794,3.3024428867578726,1.0637389482399315,251.7672750395252,0.7092275803018087,8.186347809123759e-06
10325,-8.361854628940478,-12.726767960639508,2.8909760503378075,2.3113512776739293,438.09907427636966,1.88779848838906,8.19702991352925e-06
10326,-9.938136784727675,-8.34865830103444,2.6589556910526735,1.3792505508379678,309.58494051948367,0.2619507556118581,8.201805594115467e-06
10327,-8.300115533069844,-12.148929217618194,3.2307307627267425,1.081002614008597,467.938852756788,0.2250878040391715,8.202824046125871e-06
10328,-9.796271530075906,-8.441105302102628,3.0959520364513144,1.5084783752105748,391.7757021630759,0.08074115345363087,8.205123582269247e-06
10329,-8.23384212714248,-10.067344816755078,4.268312947521143,1.5868029185654515,365.82138956794,0.29293391581728034,8.221163284590623e-06
10330,-8.277382413189413,-12.771497911355175,3.2245038215360236,1.6552185781472573,468.3316308513153,0.510416589968945,8.226880515056982e-06
10331,-8.329577646250634,-9.573605284127204,4.52993052425914,6.414608351072682,412.99564936457756,0.12149869064735608,8.23223556683935e-06
10332,-9.42683556369134,-8.517348457008838,3.892151540087192,0.7831137452232243,230.3822548161374,1.487331405584948,8.235108946758136e-06
10333,-9.957169897382272,-8.124481091410773,3.8144151340902885,1.149237067073519,467.61604922684046,0.49036396364043444,8.236383857305158e-06
10334,-7.92977582168002,-9.675697020856386,5.127982829089822,1.260848156365167,281.16506121384583,0.6149175902342812,8.24289488234895e-06
10335,-8.327013475026693,-11.368741352378919,3.338693289215611,2.543113268635436,379.22821835900623,0.12668819528643827,8.261166033198847e-06
10336,-9.024747709289265,-9.339336687449357,2.1541989710074416,0.8856166434344601,468.53176539863017,0.8305501441103749,8.274350364430042e-06
10337,-7.585954994416902,-11.466696403674522,4.749983157843561,0.8590195726669217,467.50741019324977,0.6343377848971352,8.279358429093658e-06
10338,-9.443156100842351,-5.491795386621531,0.6218326058363359,1.5410158440711077,352.55546420156577,0.2174121929702988,8.284087160418925e-06
10339,-8.477135467237515,-11.143669633655003,2.8145894737413992,0.8990191169412965,238.43666118229308,1.2595198294345655,8.290363872313113e-06
10340,-8.325536069804258,-9.24511670308185,4.908747353451211,1.2068967188250306,256.30060978316334,0.35489125749734374,8.300817911862808e-06
10341,-9.434008916498055,-7.210576993456879,0.76008547062317,0.9695007033470807,256.20644441810543,0.5067328709171806,8.310721618712923e-06
10342,-7.192832353541851,-12.183869141221493,5.08357672229253,1.1361175689663912,291.17697365530586,1.1886483996089048,8.326736271230439e-06
10343,-8.807764590609569,-9.785893808154354,2.8181857532283945,1.8043388488571854,430.1940411907634,0.5785549037526234,8.32792531241889e-06
10344,-7.612569195620548,-11.182431707021054,4.7791373888491595,0.8676300160740166,242.73646818169584,0.9725238885803682,8.32831322054895e-06
10345,-8.610045371599673,-9.920258656487004,1.2738070120742009,1.2110229555753735,299.1691856001722,0.20389088273524525,8.331802575535673e-06
10346,-9.095140948955972,-8.88951404089116,1.3880686604799277,0.5372971668264143,112.74125079383369,0.5264528354303621,8.338883144141088e-06
10347,-7.697804590814718,-10.754559456512908,4.799375847760464,2.2981241031380994,428.7761711203762,0.9299768754642885,8.343046100521888e-06
10348,-7.99136400392052,-12.700728585120746,3.937266453800219,0.5646075777332153,139.32639473967976,1.2097250025589448,8.345109610263197e-06
10349,-8.767967843703103,-9.136564176219462,0.6473260123140657,1.4981756996041309,339.7245664235894,1.0811430773663657,8.357307317424799e-06
10350,-9.121203057469584,-9.164624031612346,2.985625697076363,1.7283753546947038,470.4819268562851,0.22327133639190144,8.357571710471309e-06
10351,-7.236776126562207,-11.870739848453074,5.077823515973527,0.9477399455585609,244.9226177493224,1.141451449209498,8.364565523432564e-06
10352,-9.412508707083457,-8.470487200390505,1.5068727525518795,1.248849557211411,279.58552180245994,0.016088679860684962,8.381821881443152e-06
10353,-9.3372638370476,-8.908658702847493,2.712986815335273,1.0960846846387335,467.3174564680012,0.2574081680611009,8.384657544354575e-06
10354,-9.887414986567205,-8.0129440283022,4.164191617734049,0.8386319522529371,182.04681877012717,0.08246723833347058,8.392820494594778e-06
10355,-7.275500290430643,-12.076797965490929,0.12556696488581828,0.548261095700267,127.76396532020983,1.151628993711097,8.397616742126475e-06
10356,-8.865096163210122,-9.594742497634423,1.8869479417251225,4.984616333233244,299.1627315940616,0.2219572207518592,8.403074204311016e-06
10357,-9.548968778633347,-5.946630914302172,0.7766213255434394,7.204857817629042,643.4402662860732,0.17543759222033728,8.403538643637623e-06
10358,-8.826225015793389,-6.559735089096532,0.2826641752763118,1.8346054631917825,440.34084021868506,0.7903142265546146,8.409554009556052e-06
10359,-8.162537924589035,-10.730221546478838,4.003529727017672,0.738776182169569,467.21406920428075,0.24952344965848017,8.414580503449358e-06
10360,-8.062457640093655,-12.151542241392718,3.838106816402825,1.8114962475308185,468.06848108512764,0.5434375562374951,8.42975613558797e-06
10361,-9.044085567332266,-9.273869530311098,2.9949291116763463,1.0914529760257792,283.68515567987714,0.8572544025151876,8.434311128587916e-06
10362,-8.27831233411141,-9.189083324029472,5.054308420190911,1.520821410990483,468.0504018399075,0.7026404905590775,8.4404968641561e-06
10363,-8.934621820376174,-8.993433380394908,4.020080562786531,1.489360982669362,333.48180669036515,0.9343040671759093,8.444690044818375e-06
10364,-8.80657576189094,-9.538510656697007,1.453726287158201,0.7956573657413303,318.4934417544151,0.17528849089837095,8.45974927036054e-06
10365,-8.478188980549124,-11.492341596778378,2.33329387764935,0.9688162585722009,250.26447856423664,1.301096076534309,8.459955760705794e-06
10366,-8.346890084121796,-11.600972014160002,3.180871713814547,3.2546468827018584,514.9085459496524,0.9142196037821604,8.468287314954417e-06
10367,-9.605090500397507,-8.61970250880923,2.6113047359662263,2.229459618018344,427.92775374412287,1.6068429290513313,8.482324304323695e-06
10368,-7.304192022239148,-12.783142179377947,4.924659603323875,1.6433705322715673,386.4216996010207,0.5695234351618641,8.49828753439784e-06
10369,-7.461400972407965,-12.018650232006772,4.81138021573404,1.0393550406543397,149.06897726783032,0.23981960080253284,8.525722727318639e-06
10370,-8.849747386599901,-9.686901897539535,2.1028309732150428,1.882147073489363,468.33275474406236,0.5007621613857003,8.53012161763578e-06
10371,-8.505922563322288,-11.047399640814382,2.6536332232339492,1.2303917988373774,254.2822302524551,0.633846429002145,8.566366970239307e-06
10372,-7.361922917730071,-12.531452997622322,4.8754544055807525,3.7543870463151787,388.24248686649867,0.04392320216364265,8.567305936375857e-06
10373,-7.433095009134355,-11.74768904917026,4.880014732004196,1.7546898577642163,415.8236612065913,0.3480191938328945,8.5832757217105e-06
10374,-8.056168337678569,-12.502008118290725,3.8049606294050644,1.8785108958912808,452.7148671519297,0.18340835320381377,8.583611760409954e-06
10375,-8.326670495226095,-10.724282679932504,3.6046458777197934,0.8662971900317706,468.52408787154076,0.425224265646734,8.61238171357084e-06
10376,-9.202820190234782,-9.07254864538017,2.4539183030545915,0.8740702783169173,221.5463913329937,0.5292987166180154,8.618160668038884e-06
10377,-7.3020502290535525,-12.934688286086478,4.9133329532779735,0.9646715274683872,269.0695586491331,1.1998887522211241,8.632941906759931e-06
10378,-9.447199460259506,-8.531505165128179,3.780139220671732,1.8268556105144806,469.2664772999296,0.15067035022041697,8.633673057719947e-06
10379,-9.87054190680107,-8.353665512585607,3.204171214952306,0.9729724469176753,254.30021752146826,0.8505912429747511,8.637624620648466e-06
10380,-8.414096529561062,-11.3567189980879,2.9846971181059065,1.3819712036716867,304.2339044410607,0.36972542055872903,8.648571057533318e-06
10381,-9.503056420067475,-6.2857395700169025,0.7403364657808005,1.7045010816414055,402.085098056389,0.5555126184424193,8.665835384620085e-06
10382,-8.60439979252876,-10.474109270990425,2.654769281777543,1.9613624723963008,395.6658417104539,1.2731951699181936,8.69323359467791e-06
10383,-7.5815814895938916,-8.294855105226834,0.0512600370204941,0.7813194193075504,206.15257370482576,0.8525100531297083,8.696206797549651e-06
10384,-8.93829780723621,-9.520178200211442,2.5322335163967145,1.7465032174365078,470.40818686503746,0.019508599645983615,8.698565296998761e-06
10385,-8.729405551636555,-10.043981917329958,2.48059060720628,1.0827079046870218,232.49162707280883,0.054415057573811154,8.699836547832217e-06
10386,-9.946063508073559,-8.317963340665063,3.058419005913351,5.597958898791825,644.8246528773628,0.31309733094127523,8.701270812449702e-06
10387,-8.116751845309311,-9.612750235830248,4.8607386389472715,1.2561854293837806,468.77347656152995,0.018228071975534554,8.710940154059763e-06
10388,-8.455437871119146,-9.629718890177397,4.188175912104571,1.2261186853881894,271.24939054643164,0.08921828844187107,8.721383550414441e-06
10389,-7.318130402220147,-11.210418791257949,5.1104195047385375,0.9547751407122244,236.41916343768347,0.6465202971979798,8.728481645786573e-06
10390,-8.239614165128225,-11.577705319412205,0.9685942018668542,1.1302599439817416,272.43068893710154,0.25308260097275337,8.729246866268466e-06
10391,-7.747157935352744,-12.661213059156426,0.2394897716386497,1.1736124670346408,301.59010175221925,0.6791509645582297,8.772265093939855e-06
10392,-8.216670503260527,-12.067183604433522,0.8208866841619934,0.855744229143784,379.5547021697946,0.08521231725097778,8.782202681082961e-06
10393,-8.412931361611411,-12.651782984453758,2.1804808007491547,1.1183941223340346,467.19040334520815,0.6362516599492816,8.791991515985619e-06
10394,-8.382585164688672,-10.690033789264753,3.454401683572729,1.8784345927850223,468.67720889188087,0.5268717754737411,8.793908626004701e-06
10395,-8.466219706880972,-10.436703169280994,3.3757562408491597,1.2166134133775193,295.2193129607579,0.6978716693335132,8.795651895278855e-06
10396,-8.111932135282922,-11.009773313551737,3.974966738540009,1.8201056026273805,381.68179670144394,1.4411817793637782,8.810768619517085e-06
10397,-7.571954069246233,-12.628029846180022,4.604705383888215,1.3470343539277105,304.69445662082126,0.20407163889846736,8.814340099358199e-06
10398,-9.287080997506402,-8.956320493629143,2.550321853629891,0.8648843256591715,457.7818484163359,0.0011594674963379958,8.818850092330363e-06
10399,-8.130252835774455,-12.34135224570936,0.5268445336828264,1.859908568388684,468.3549100453748,0.7760349649784928,8.823188470071974e-06
10400,-8.01252468883359,-12.477114569214187,3.8897572643516205,1.272410830325007,284.5972729308738,0.33943015151835887,8.830189997534704e-06
10401,-8.461890057220002,-11.616017570724692,2.279667191077961,1.0280828996008784,234.4600816837871,0.4843715779367894,8.84842901536263e-06
10402,-9.721206801907666,-8.119499837924252,4.1666585315091105,1.1072684083317865,468.12774986242874,0.7462084146671755,8.861610454788661e-06
10403,-8.417200367799875,-10.669922083100856,1.2730668775194764,0.6046668028070497,162.77871738909644,0.7774653606916369,8.86307349965039e-06
10404,-8.098389337474988,-12.549003983143786,0.4819409245715217,0.8524505918066982,468.2217297716286,0.41602402211005707,8.870286593158386e-06
10405,-9.849401625791732,-8.231116427303489,2.011308945698619,1.655407108837544,385.8085214581098,0.011482152619000097,8.882735430712328e-06
10406,-8.96839367598041,-9.436152245569435,2.2536074886807316,1.0963358584857175,291.1503330669548,1.0342350678023182,8.899719320829152e-06
10407,-9.635499031929449,-7.824857939572513,1.345452532278733,1.8869084773112283,468.7363317199661,0.17218269443197176,8.912516449432983e-06
10408,-8.206169699979482,-12.599082026898156,3.412986257190991,0.9554009415267347,467.1893187196814,0.0564964759690163,8.916981159337435e-06
10409,-8.48773443599913,-9.508857386511028,4.2476871185389875,0.6797207969765487,469.0166137502589,0.39217204577010456,8.922530178058706e-06
10410,-7.728808589030818,-10.57877022917433,4.807264454569277,1.8082989340730544,450.02261218275527,0.7567013685955315,8.927890688542157e-06
10411,-7.372341475980788,-12.362383727521078,4.86561623368468,1.4878229404415697,469.2039294557971,0.6317687634576092,8.939144170870624e-06
10412,-7.323851648097124,-12.059671062068297,4.948108102270205,1.981448279420907,402.63350888112353,1.9354863086007699,8.943801046078243e-06
10413,-8.859497760333598,-8.944822017103848,4.24460025480077,1.813431640473437,467.8659410674136,0.6106077125760789,8.959887926774784e-06
10414,-9.779294013481703,-8.442523144118098,2.555168186646197,0.9302008589332562,243.37369569413198,0.8368121716809087,8.975987402278582e-06
10415,-8.255123707303703,-11.156565218551378,3.5778590304827094,1.477395659938605,314.950770307074,0.6308846759778115,8.977676245049323e-06
10416,-9.249179700281024,-8.982148767351402,2.316234692945879,1.2212701966598267,311.44538504368364,0.5060844322580715,8.991858462673248e-06
10417,-7.910894882003676,-10.491898575626431,0.2589242523142544,0.8336243100483394,210.56143384537958,0.8254132022399956,8.992977332632177e-06
10418,-8.970757485067082,-9.32596100114651,1.8386296281495291,1.1196864169306342,466.87265725129373,0.676356438518142,8.996290690796099e-06
10419,-8.307204421654001,-12.534080543410626,3.086722983304442,2.0983944386192737,413.6798501121339,1.5760193428224598,8.999186013335255e-06
10420,-8.417478366139587,-12.328671783418837,2.411319926017974,1.1814921293981484,263.83491577483034,0.32132916157801095,9.002702283349846e-06
10421,-9.773671014317566,-7.631203927453528,4.9165114337333105,2.6308286846139066,464.8918566762071,1.213631982615702,9.016204280572016e-06
10422,-8.47938206779445,-11.325044428080364,2.113306951142945,1.518317234062395,209.25949607976654,0.1397531721091516,9.028118177874984e-06
10423,-7.70002178186408,-11.586709340429973,4.538485883935521,1.278173418466376,271.69181419717603,0.07748347882838136,9.044881379277349e-06
10424,-9.552817664823412,-8.580683964273204,3.2823228978357104,1.0086678413154404,466.5543700427904,0.4982804693646683,9.052355027056353e-06
10425,-8.564966256068336,-10.719493684767546,2.3248818155385154,0.9674365719592665,216.6882775577505,0.36857440029921573,9.06340112365164e-06
10426,-9.565519127561002,-8.484083386775936,1.929049041448831,1.6382906824616028,355.63431715445995,0.3793086865603259,9.073842743576225e-06
10427,-7.672671773515905,-10.16670201517687,5.1048621243864405,1.3590031492919914,470.53867082869004,0.046577163051853,9.077625536914401e-06
10428,-8.557374428471803,-10.109826375986191,3.370078637289205,1.8569336117496726,446.9159382291568,0.12432738146065692,9.078200579440922e-06
10429,-8.850442354500812,-9.51501700734368,3.205660178226436,0.885078432465249,468.0688621503295,0.038747175852101634,9.087235561792086e-06
10430,-8.431693682481772,-9.815963765403893,4.02424388039091,1.155592330201384,467.2851619240081,0.6744140116364017,9.093958400243208e-06
10431,-9.0066706847487,-9.323316578413499,2.0752532378406725,1.8081114509413503,469.27463723394146,0.15083416974356556,9.094911775160047e-06
10432,-8.886856931407847,-8.914913710691586,0.7191240282404785,1.7861891995621684,426.49945647900427,0.7321759652384383,9.102346814081748e-06
10433,-7.444324207943063,-12.564111125913461,4.761252660899873,0.9003660017914896,468.0662338713167,0.7117432894311886,9.10789322193857e-06
10434,-9.224324293825811,-8.770089329800788,1.5562242858073767,1.2867899877702447,277.59765091111524,0.6579128919537931,9.128176077448379e-06
10435,-9.319646117728073,-8.906501354347995,2.6870282296803456,1.1186537093952023,283.7161028171899,1.0613606618040174,9.134344222118348e-06
10436,-7.692173442799374,-11.887768618688416,4.495736524332728,1.7931486051313583,468.0787748858017,0.24038016913365112,9.14939640901764e-06
10437,-8.314730700570477,-10.941188286605572,1.0083093708000357,1.7464584933105844,447.4227210914146,0.41036480479669724,9.161175261454122e-06
10438,-9.772263475031385,-8.317584051937544,3.566124068929786,3.493278207268948,534.6314459362284,1.03951601728751,9.164746743944431e-06
10439,-7.942735112692608,-10.62201115356072,4.438530772387734,0.910147796135474,429.0480964694972,0.013644051835710158,9.165640235772148e-06
10440,-9.432024830099515,-8.654688825320001,3.4343821465316178,0.49549272289708696,154.35087780004346,0.603510249535355,9.18572989230767e-06
10441,-7.6112186548088925,-11.7338829760447,4.634173083300814,2.463578934376912,452.9654593215404,1.8842795831640418,9.199210401787757e-06
10442,-9.75259492299483,-8.44353284124842,3.112585373504109,4.136974286668439,558.6675937501919,0.22929717388537707,9.20067524712736e-06
10443,-9.498828482721805,-8.639863862315194,3.2427737324798143,1.7225303516197528,467.91208327353445,0.3401588560235842,9.206005013936446e-06
10444,-8.17470307704006,-10.312952080743534,4.166274851037444,1.2984086898960678,468.6346870483944,0.32552896505790496,9.213762894812242e-06
10445,-8.410025514858564,-12.476435164705233,2.3799587325272658,1.2105290871581667,294.9133944513395,0.6626365680828039,9.220197696878987e-06
10446,-8.151962373615694,-12.579602715534186,3.5450910655517007,1.8544443804633266,467.51457852912586,0.29418081599346824,9.227167466890825e-06
10447,-8.664401369002746,-9.509915439855714,3.8108230260513514,1.4475791028582259,336.97476633390346,0.3192825483291468,9.229769366954501e-06
10448,-8.382143229155938,-12.028722795438263,2.8192258168338364,3.3471281724089144,202.8871837276793,0.3587408652469195,9.245526428696142e-06
10449,-7.418783264589189,-10.826322630849894,5.099909610102035,0.7998283069962432,468.0422640903356,0.25832238055502366,9.251477232716261e-06
10450,-8.170127467714435,-11.244616740134132,3.7443479523675824,2.274198688475679,435.8338509697609,2.3801614425199915,9.252773395925438e-06
10451,-8.228037103515046,-12.011557062655596,3.409828320023297,1.0678904863414036,283.3107570557362,1.1932142968814103,9.261706960674114e-06
10452,-8.536326735822914,-10.864286695606493,2.177777933590752,0.7250321544788264,438.61740333310166,0.3344138267732335,9.272533599387847e-06
10453,-7.717834602751499,-10.80834466268707,4.715870501850185,1.630793033113997,379.8378304558878,0.019843303013553637,9.273257232204806e-06
10454,-9.606631171257385,-5.465686667911987,0.8678172314473055,0.9106990895125515,470.26701568850376,0.028647005020381755,9.275248527930359e-06
10455,-8.655247120841459,-8.81467997426323,0.44849619990972467,1.116587684664127,288.2543615659145,0.9135716781902472,9.280951199118698e-06
10456,-7.47987671660333,-12.167827104788064,4.746638578292919,1.3041596800561774,317.0690049780553,1.6752192798394079,9.287387171311043e-06
10457,-8.320977223112951,-12.593163321471673,1.494120543699946,0.9115409600393612,254.6382380666155,1.1668959797939769,9.2893988177667e-06
10458,-9.120247408677562,-9.161605578063202,2.8065144372329365,1.0165229058504324,245.61080107192873,0.5458927695958211,9.2924737482191e-06
10459,-9.093467943390936,-7.0972644041260855,0.43361475716165054,1.3840629516503071,327.94565734475344,0.2730395930778933,9.29720195376962e-06
10460,-8.208840083255996,-12.52480068390554,1.2111707563204184,0.5652231194370521,123.18934884786289,0.04860959971749779,9.321074410815989e-06
10461,-9.11531830273606,-9.099448676647272,3.1361322843398525,0.8124888456643818,240.19892311671043,0.8461048539686455,9.327270591129323e-06
10462,-9.741243977508596,-8.462079547222023,2.5229145729672124,1.2066521423440262,132.30413970257104,0.32041209744257504,9.328104164948415e-06
10463,-8.60847100953972,-10.472736724205461,2.3105731236945464,0.9028346103561228,468.32353706237535,0.5572274441414118,9.328630036743382e-06
10464,-7.8408598880055225,-11.713956296671299,4.283954399221363,1.317670730188852,280.7625127149055,0.3652465159067111,9.34016966976831e-06
10465,-9.349250312806127,-7.763848071309507,0.819505489452279,8.582234599261357,754.304617777567,0.3520362828588999,9.352390312066662e-06
10466,-8.099279392694658,-11.098067962075474,3.946538809796881,2.4752128943590175,453.4721392679876,1.6841599879291662,9.354681089723246e-06
10467,-8.782594500127676,-9.45832719551978,3.5416457943465436,1.8560547698322267,467.95079356142617,0.41504032704339533,9.359847000129862e-06
10468,-7.613287258608684,-12.611621594577773,4.530661091671255,1.1896237145538062,263.07389971938613,0.3524899804580235,9.359948175259893e-06
10469,-9.90127570653001,-7.913993755337409,1.6490172977583244,1.0080665019806376,269.7665201268836,0.9318943938511675,9.3722079070562e-06
10470,-8.964772899945268,-9.058957366884336,3.759831898948221,9.967760074792057,555.7166351580896,0.012390507707229048,9.386568689863716e-06
10471,-9.09196157169952,-8.944495724831148,3.644381851365471,0.9468039233783597,468.20767596174204,0.8277019548079236,9.406111656026035e-06
10472,-8.20301121283976,-12.782007112988307,1.222998771193218,1.0237195290755159,275.4773677651207,1.1473125810388867,9.406844100668505e-06
10473,-9.935976143787101,-8.277887895798772,2.3956133549552185,0.7466266129061515,220.61998895458453,1.4815600880405357,9.409797586379128e-06
10474,-8.128298877015176,-11.34059466295816,0.44499739099704294,3.124281062818409,508.0416720354711,1.2392132069405246,9.431083540099184e-06
10475,-8.288544266424605,-11.892783855670942,1.3277615597741346,0.5673218699779918,178.67303339787864,0.38520155428742875,9.435231272888902e-06
10476,-9.89602085009258,-8.197375372236046,2.0596513337407005,11.212806345967472,641.7954900444907,0.04528632407623512,9.436223178410429e-06
10477,-8.43007923661399,-11.166257179323235,1.575113908453598,1.77633663483385,422.84915929720415,0.6895530724124752,9.443731960939772e-06
10478,-8.238979350432363,-11.625508465800442,0.879180464341694,1.1058286895045972,278.9182726263732,1.6260054063635145,9.445650408638555e-06
10479,-8.60764899046897,-10.208133468777135,3.0011653362496844,1.3395251906948569,321.1654124858658,1.2906400862638971,9.463383955354412e-06
10480,-9.048928088922095,-9.076234306563332,3.459805797458099,1.0668963423439843,279.2525398969048,1.2150036718304245,9.470966842243567e-06
10481,-8.250038735587896,-11.523235867736117,3.445104794083658,1.757005602293932,432.2815042812597,0.03862626135528391,9.474953838471929e-06
10482,-8.596378042331652,-10.383417690951878,1.8493099217814044,1.693782704766395,398.2622135819567,0.6232202566595006,9.482067097037135e-06
10483,-8.967506906177091,-9.397548583066335,2.8471647643471694,1.6872724265255763,395.8323903002614,0.21964572532909532,9.499045411807305e-06
10484,-8.441209884174249,-11.686445080596043,2.433592350989442,1.0707896909361811,281.3378978327903,1.5051403701453436,9.499285490431363e-06
10485,-8.39742338507714,-12.780476575525492,2.2607196478783704,1.7853033977079624,467.556852558062,0.05895153567703115,9.49941564728943e-06
10486,-8.71227680512963,-9.910624897334149,2.967777195314,1.7867412303478134,455.5186569442756,0.1290882536149187,9.503139414041423e-06
10487,-8.481912161342574,-10.060333372009644,3.626644717455455,0.9052880958393592,189.18149928766675,0.37630267140246776,9.505280348382004e-06
10488,-9.691535521726458,-7.782031677736852,4.774550591881047,0.5950420150285577,125.4196084955813,0.00029985042367020043,9.512952026271446e-06
10489,-7.177529274772875,-11.551510019292227,5.149032159063931,1.2420008445606838,311.38724886955345,0.3153918345324067,9.513826524034368e-06
10490,-8.138978224832226,-12.385478333284068,3.582800784266749,0.6861030251834073,202.41852380939966,1.2456473211144834,9.52343879827279e-06
10491,-8.968624143150596,-9.362402535071809,2.9797296641710402,1.0701584071043824,287.5291763602757,0.6588576694774533,9.54120078628388e-06
10492,-8.283987342838241,-11.898685138577301,1.323557894558273,1.5285026690529955,346.8203247942285,1.7880730867772696,9.565285955933656e-06
10493,-8.232348791743842,-11.695239534690774,0.8765628525307204,0.8821088318583434,468.9645508561429,0.07990126458933311,9.570499912883672e-06
10494,-8.336954883341603,-10.214620575096099,3.866825004153016,0.8634507419096317,469.4766089544339,0.16469342949876076,9.574175383266676e-06
10495,-8.089730759855293,-9.743066087901154,4.752849245279529,4.22827361012488,382.87310015800404,0.06658823814183013,9.577886152204477e-06
10496,-9.671514021042151,-8.38571342493925,2.00272831355929,1.503009761799217,338.7481926336439,0.9897941049660401,9.579570944909495e-06
10497,-8.521428590623366,-7.354457605387626,0.25174773499010955,1.7518823138889403,370.68771455028747,1.2362882689972787,9.580611902012236e-06
10498,-9.554941547334822,-8.435804568459877,3.705617430507451,1.4510967141744169,468.75418950832153,0.603243912017744,9.616989113248511e-06
10499,-9.937404016062214,-5.179021017418267,1.3415438087408933,1.0319878773718891,276.7105568487408,1.702340263716752,9.617695578419286e-06
10500,-7.80732529063848,-11.387294456824664,4.394809040373979,18.81029856159175,544.5582222792418,0.1326292390549284,9.619604555728379e-06
10501,-9.057492813614589,-9.061274375842427,3.4559297284170434,0.9197227713597322,237.74302804752648,0.9287527429684888,9.631468681988523e-06
10502,-8.266511519620233,-12.959585480920445,3.1451052554113446,1.6708541342136762,468.0647610858581,0.6842432595781061,9.636187158217481e-06
10503,-8.597640384657764,-9.50914483865851,0.6019105745575991,0.7953048512508453,159.83745217468777,0.6895915654635436,9.636456424469689e-06
10504,-8.241001369741554,-11.556290749730572,3.453022305571902,1.0879777863263431,224.93844097811845,0.26479263453341595,9.639962968464026e-06
10505,-9.167324117999069,-8.469843536642097,4.421206946842986,1.327626083538202,306.3900485169999,0.9372199649178112,9.642641181042337e-06
10506,-8.782105578294509,-9.347623852938314,1.171140113169683,0.9103250297667473,469.11113357571264,0.14504141237220836,9.659240688998046e-06
10507,-9.440613488597643,-8.009562702928351,4.762058748077746,1.4414326902214558,468.2178170001943,0.30686363216323276,9.660041324269289e-06
10508,-9.296936602096919,-8.920055550197546,2.633178366722907,1.3408651259136077,215.06753432664757,0.10562089532568741,9.671868271297769e-06
10509,-8.265556685357078,-12.859089530588317,3.1567925603620917,1.1277931972865392,246.74619318610772,0.06930882036407038,9.679708672495086e-06
10510,-7.36912618052723,-11.229986983998266,5.019663211847129,0.8952540511463303,188.5440552168541,0.7919860427208274,9.687297392134021e-06
10511,-9.809646967980246,-7.491421440308675,5.028424263910269,1.1030442729118126,287.3507102074189,1.2800378078208192,9.691516551887497e-06
10512,-8.495789470568834,-9.710542811765357,0.540582264693992,1.0274080551988687,277.96295479844264,1.4604016220645173,9.692568902822606e-06
10513,-8.520645111238142,-10.860453354214147,2.030344195383833,1.1256931428532593,288.21341144865585,1.0742692503751874,9.734952169951573e-06
10514,-8.581401152024055,-9.105508496012622,4.538254202713734,1.1123597445176923,467.29614238932965,0.2586008318416315,9.7357284756504e-06
10515,-8.293706351463968,-11.21861432677271,1.1895215403575032,1.7977623554760578,428.91865013294876,0.13070136781814856,9.754058415719168e-06
10516,-8.355986419015776,-10.694260750416287,0.9609558099370973,0.8803353855000372,469.3484509491122,0.03765029944629372,9.779941092408023e-06
10517,-9.52939734729334,-7.468261186247809,1.0802337130715485,1.745885929341855,368.4165900868582,1.1308604809869331,9.787347609516509e-06
10518,-9.49775558137117,-8.141675715920154,4.433245985170153,1.760320876993683,374.23326363495516,1.5108669978302487,9.797624115111874e-06
10519,-8.387190180492468,-12.686156799853721,2.4799158312463296,0.8682438682105164,134.4119981300014,0.27081549700784624,9.810026393982836e-06
10520,-8.627074494140727,-9.622189557323743,3.717593266837411,0.6279687211442792,141.27082968086737,0.17659023502778215,9.828108156774201e-06
10521,-7.4370977895992585,-11.26644239880887,4.929421673510167,0.6870307738787612,466.7078004261808,0.4126562150953852,9.846842245166521e-06
10522,-9.469604048249531,-7.5576752732144,0.9926845006838744,2.632782936603223,398.2804918107617,0.14413250733769534,9.857593017209185e-06
10523,-7.792390454173303,-7.472291104675988,0.045458300337574926,0.7653659133748973,188.35553288586732,0.4258400184853315,9.869018279599881e-06
10524,-9.749125202441508,-8.332100178814184,3.51335857085048,1.1081107142766018,253.04898799336996,0.29383908058555797,9.869218298678225e-06
10525,-8.376150160320714,-12.801503243320871,1.907571816302939,0.9173603198804926,467.3965808990398,0.47248057759582185,9.877870016917146e-06
10526,-7.753848919562246,-10.287734035596667,4.887008610792823,1.0238509271316616,273.67987868603586,1.8201203542207045,9.88795847919237e-06
10527,-7.937177508179797,-11.372579422092501,4.163818508044872,1.4213837225000603,314.2019351372093,0.4418317616725078,9.895267076546675e-06
10528,-8.80563721811778,-9.667047992994696,1.8430259232269575,8.978294693752614,618.1419430722399,0.06850560803786454,9.90381041761838e-06
10529,-8.274012143421537,-11.556065662801243,1.2461249445556617,1.7553924443599396,416.67168190474445,0.3342019484221632,9.908766408466968e-06
10530,-9.294351539624259,-8.454189087972212,4.191378930689491,0.7086715955400493,179.14182127622945,0.2807956201759234,9.913287121600694e-06
10531,-8.39877007124986,-10.212322981526599,3.6928796212520583,1.0497439147097651,468.07351751880884,0.7156765736752071,9.91670838799568e-06
10532,-8.620869489001086,-8.742257028530771,4.981967285509271,0.9343934079231204,185.81349089704455,0.345739103613929,9.917033161277769e-06
10533,-8.33074344064121,-10.77786098739309,3.4912334174593833,1.2005866025681229,304.1835950370428,1.3187563976737229,9.919386422408721e-06
10534,-7.405126755053231,-11.421556651202046,4.928992269616582,1.2608132717974248,469.34967547844315,0.11460632533634829,9.93221595039835e-06
10535,-7.786167469534782,-7.1131131976708994,0.026479154307072914,1.0495501909264235,274.8526281529092,1.2407868597857439,9.95264456396929e-06
10536,-8.051447875121607,-9.446557479486255,5.091236942159472,3.7425141476317614,241.35422721142345,0.2912759833073668,9.957843354402553e-06
10537,-7.1369148549719625,-12.159022479837768,5.087222897938693,0.8962282985987561,208.64540503985967,0.25074675029681437,9.965193625863346e-06
10538,-8.869197436632763,-9.527425090942558,2.9847774661732833,2.76962879197612,475.4241316232387,0.4381213692174919,9.972828799581178e-06
10539,-8.91575753100274,-9.268010833353262,1.484240294037452,1.2480914359791888,161.92594808896365,0.22848846154981395,9.990123505882266e-06
10540,-8.926679711758661,-9.259309283524956,3.4144703266430603,1.4355728403016395,331.14460232060077,1.1226191216376487,9.9972940834341e-06
10541,-8.764484048711111,-8.448687793450327,5.163936849139436,1.8482699706410721,469.8687012296272,0.09048301004127524,1.0012443452602411e-05
10542,-8.456590917644668,-11.313408912886375,1.9476776291794662,4.944258722932523,618.2743188332403,0.5414567866433133,1.0016654207180892e-05
10543,-8.305457904258118,-11.494668605292857,1.313324981790145,1.0496077163349864,466.8371718276263,0.5963370280992395,1.002451616148157e-05
10544,-9.174758233656352,-8.50579042193159,1.1607239919774355,1.894832751805154,456.9069764388806,0.4465887923048415,1.0025776598520583e-05
10545,-9.531702098017501,-8.493869288936974,1.9089628780490102,0.9264564368036854,193.97622370832255,0.6838780272381131,1.0027332342920596e-05
10546,-9.865727005722983,-8.111764499738616,1.8695099561904893,2.3893346053165323,445.9290192560346,1.8168372386609066,1.0034403866018252e-05
10547,-8.98603711497092,-9.2506086423757,1.7815937166203186,1.7964086767348046,427.58500390844864,0.19599903023948873,1.0035410895464282e-05
10548,-8.798780707927591,-9.536392453023378,3.2853305243994684,0.789894365867786,208.50043423267465,0.7017983858095542,1.0046575431633963e-05
10549,-9.370679018091515,-8.662109910453918,1.83390014753388,0.6855778899311222,142.2637754776479,1.1392839673344097,1.0060221099516928e-05
10550,-8.610634991087808,-10.392645792824071,2.467085375361801,1.7570470274162047,467.7779521620702,0.44511359095168235,1.006822819943963e-05
10551,-8.368445342114141,-12.076496130594238,1.6776958124822825,0.7444792473504129,225.26923272908584,1.5174024785994105,1.0081888506912034e-05
10552,-7.602371902553205,-12.89877562879052,4.504280347959355,1.0504326105076942,272.9720818920326,0.41328518240018486,1.0098485146922787e-05
10553,-9.041900785442296,-9.250036479238798,2.1907168148178693,2.565162595027912,463.4154249372527,2.047586868169047,1.0099744018655753e-05
10554,-8.829960639408212,-8.823028345311236,4.444989462745908,1.596259450950217,365.72681425082624,0.33011964767048596,1.0102778246166036e-05
10555,-9.996816015949271,-7.468357930025239,1.50923543141461,0.9054939022611664,468.7173296796544,0.40036296586583564,1.0115290018917514e-05
10556,-9.910184265976282,-6.556457403223894,1.3537268498954718,1.247653229655259,262.1007915240972,0.4852275583797958,1.0124110707361733e-05
10557,-7.372899203768678,-12.219632044262754,4.841561450438395,1.0738239290135425,256.12782150167754,1.4015685387892267,1.0131280897543976e-05
10558,-9.725268085957211,-8.439129036972123,3.12229546056154,0.9350997132885744,467.74219818407664,0.015663756826074682,1.0150983255024604e-05
10559,-8.862333757633072,-8.718627052906651,0.5854599873546464,1.0706784696763163,283.0223495730943,1.6859005892622667,1.0153584692119837e-05
10560,-9.715486471238057,-8.408098311677328,2.236703547314246,1.6864851672868257,396.0216291454133,0.063633440283831,1.0161751693898727e-05
10561,-8.434774204891571,-11.050375171207502,2.9290094125430954,3.510336793708189,530.733245651552,0.715596489772568,1.0169622114801035e-05
10562,-8.35148675071911,-12.72881251606621,2.7413780021906824,4.252219292077261,581.318972130201,0.7091607897654839,1.0170676502361302e-05
10563,-8.732798219676813,-9.530958809383012,3.5229989843739675,1.1258196284227255,467.25036098681454,0.6708630441588177,1.0179935172456646e-05
10564,-8.182765966197909,-12.396033621997244,1.1489322686754537,1.5614082528444397,334.33118154412887,0.7862670038377191,1.0184302783531657e-05
10565,-8.333515220146321,-11.6581714322066,1.4212970198119979,2.8925262216209577,337.6166924306881,0.032309081180250665,1.0191083906440543e-05
10566,-9.392947523870776,-7.81942564478587,5.1020976093619,0.7791281416445637,156.94030906625238,0.5107078280583437,1.0196264273030744e-05
10567,-8.444760810708459,-10.670700990237126,1.3911856383274293,1.8314333815966115,455.93329898765523,0.1052256552430455,1.0202039702026177e-05
10568,-9.403100346473824,-8.118379843833427,4.609493594556066,1.7759775839111107,420.1773060121411,0.07272096940281614,1.0222606702508524e-05
10569,-9.571418916523687,-7.600299384749995,5.162607967247765,0.638925783750589,132.34200859309072,0.21747441047553995,1.0238110316615485e-05
10570,-8.333255152168284,-11.279778390043644,3.224690103265422,1.1163644576521654,253.8838537174317,0.8079503985622587,1.023849892928778e-05
10571,-9.91050183081712,-6.92350473376727,1.3818550798960751,1.0846962681287933,281.4565144900238,1.520888803712074,1.0244804777946926e-05
10572,-8.999858111156271,-8.825624703575913,1.0955220911622199,1.1870732765141245,468.0064910119206,0.3708856202021309,1.0246556862819282e-05
10573,-9.831494460983896,-8.217882072998167,3.6441900415802224,1.6852230082912343,400.92708468803346,0.7592288469836701,1.0268565479199833e-05
10574,-8.023892938601243,-12.389868691290976,3.811092927470958,7.148643495395376,458.08023126017093,0.10426645065342122,1.027844435264798e-05
10575,-7.216977041229058,-12.684888981604162,4.962043317123862,0.8325863429916475,232.50636927318084,0.37318323607868553,1.0285577819061467e-05
10576,-7.894991688411151,-9.669429392888116,5.113590036356056,1.6818940718909487,393.3506808369267,0.06068576002610193,1.0286847633557481e-05
10577,-8.919943705587684,-9.369624171607573,3.1337236337194962,1.5033822448438132,467.832437040288,0.33194126383696343,1.029100201591668e-05
10578,-8.693890532802202,-9.228678662219645,4.09472319083963,1.7660495493436683,466.2933710416028,0.54694759019005,1.0298549164403366e-05
10579,-7.887796315039443,-10.891298522684366,4.38121940869522,0.7200953966333791,190.2257132529396,0.8365788164884149,1.0325720077161998e-05
10580,-8.44908096377144,-11.488724494561923,2.2278469639056584,0.661002579220305,133.8018086064076,0.4609233523245502,1.0331581290427725e-05
10581,-6.598430238503911,-11.85514632300963,0.00912896513303336,1.3458187536812716,299.8370679244538,0.5389535360245192,1.033656023731506e-05
10582,-9.76435599303937,-8.093777043552512,1.685798565700498,2.6325036683805245,468.81273695825286,1.83127895779469,1.0343007563748963e-05
10583,-8.327151729695986,-9.492208312278247,4.5324587982441145,1.647885760764988,350.05363294043957,0.8643598290568022,1.0359010275978334e-05
10584,-9.99222386142261,-7.848928465394287,4.225076282974645,1.4337125250192126,347.09354575128987,0.5888324577561113,1.0361335451833775e-05
10585,-7.8864963921177775,-12.195328772098286,4.101136658819254,0.7605376726455513,228.53474782998265,1.512733638079668,1.0364661181378325e-05
10586,-8.53300522798405,-10.678833778101128,1.904486363825543,1.3167597139320808,295.476854933042,0.48556734690984715,1.0367050751739793e-05
10587,-7.248311393792955,-11.207610088105234,5.132833633630375,1.8859614606306934,467.90824915934223,0.07378912221454925,1.0367675838323867e-05
10588,-7.976188019404267,-10.163387883063178,4.592692198829265,1.884753727429201,388.300210328053,1.436732339956115,1.0383948261154642e-05
10589,-8.82195394006492,-8.543723582634993,4.902363644445821,1.1159600769878986,289.0389293547693,0.4145389590475945,1.0390901197009396e-05
10590,-9.146651683865407,-6.768646748220418,0.4413214636363011,2.5627501036605853,455.59437933764696,0.9931482649849848,1.0391095817255393e-05
10591,-9.209325551578816,-8.985865186513394,2.9348623707580237,1.6627703530523772,387.6904263299409,0.7493295708996692,1.042327290226724e-05
10592,-8.969354001455054,-9.308922628075084,3.0540322978111853,1.3318660942840872,468.30895599070556,0.27275450304786375,1.0427576275602389e-05
10593,-8.246581505144203,-12.007910251774613,3.2885480726510785,1.480882986897025,337.10347493184764,0.9344016869051313,1.0438935898665873e-05
10594,-9.481167572594215,-7.9614085128294825,4.744860267296389,0.7074145257611494,450.9941843078574,0.3954773422482276,1.0458457271372465e-05
10595,-9.051980742590061,-8.634964495136316,0.882271356656748,1.543486361257952,343.31039012768457,0.9359446034545931,1.0463646575251686e-05
10596,-8.803686522704123,-8.380878861731578,5.1802836003491555,2.069397062591936,401.91603702823943,0.7883888225680051,1.0472083024283418e-05
10597,-9.845362926276843,-8.361661025751625,2.8652280836481827,0.8913134300080158,468.36774235784594,0.6712115824318863,1.0475003495064734e-05
10598,-9.858111592822748,-7.87988809018922,1.5954508311880746,1.1267681982201885,470.2145380372451,0.059262142490345227,1.0498165184595001e-05
10599,-9.4884487196816,-6.166228630070617,0.7252415410245497,1.3543280100453285,305.8605721074293,0.05771209951309508,1.050251407431259e-05
10600,-8.642540458246007,-9.318404272552586,4.0735657982634805,1.8774292128124717,450.73522801540724,0.6352700163164782,1.0503759937845122e-05
10601,-8.735928961618637,-8.727252806250657,4.770974554027709,1.5427214690665176,467.8062785197125,0.29314970668605067,1.0514862710442299e-05
10602,-8.686321119616778,-9.904134371840982,1.6412412026946996,3.3986286384299156,528.3010872482522,1.1396800819948067,1.0524426586748325e-05
10603,-7.038158905011143,-12.288670344958016,5.139783350888602,1.0381745668895621,467.0848557680866,0.6285557541039033,1.0531284583908369e-05
10604,-7.5845354632388595,-11.303616780498523,4.713111807588789,0.8655053802074835,385.8533854481764,0.35914338412435853,1.0559485746356807e-05
10605,-9.300348904066286,-5.485582971665047,0.4964944346797261,4.9125351546133915,618.6570986881288,0.6417137573000646,1.0562059501207643e-05
10606,-8.382279211604562,-11.569063083662593,2.870680652854287,0.8521853550273278,167.76654312207623,0.08913407756471692,1.056641232737241e-05
10607,-8.778551355082238,-9.80639894021928,2.257037991936477,1.0945708016701494,288.3605028283902,1.1594128423250885,1.0574290451657062e-05
10608,-8.462159071374744,-10.873775617117314,1.619109113607179,1.1771393647769761,299.9307690642903,1.683721487274913,1.0581414594112135e-05
10609,-8.87601322765892,-9.580008346829352,2.4967272237475417,0.4723459354949935,123.4887625100507,0.5157727579991436,1.0590647650152922e-05
10610,-7.456444131057334,-12.880944406943163,4.680970316101666,1.2392563298943817,312.2412192321035,0.7517248204108196,1.0600223176472178e-05
10611,-9.713318996080224,-6.406105672530116,1.1631415049275942,1.096381023395116,467.10482951788276,0.7619081315639544,1.061084835342858e-05
10612,-8.21137380209174,-11.674884049776859,1.0284614204859142,1.6788081757495588,391.55091261001513,0.25044097173258084,1.061959241946476e-05
10613,-8.948629973324719,-9.30073825712122,1.7615174196159813,2.708426535136092,476.41872978571365,2.1254163722321664,1.0628802068402702e-05
10614,-9.614427581094494,-7.868142202311011,1.3664742600079995,1.3124889779864801,323.11796472741617,0.37496584022237744,1.0656564222452826e-05
10615,-8.682019015782961,-9.20627405406784,4.139489983831159,1.5784617105237602,360.6984748728665,0.30232567675858224,1.065773292063621e-05
10616,-9.72010985275878,-8.210494605002786,1.79821790068973,1.651504239552689,389.1791915363583,0.7775735084767437,1.0681211005788708e-05
10617,-9.906482335832315,-8.083123311851821,1.911716913388093,0.8563705839869604,206.57232763236223,0.6269191603678737,1.0685579122783108e-05
10618,-8.361069339216671,-11.825768712575634,2.8697189161408434,1.0869854735973958,290.03323262991915,0.6212043725631338,1.068941335502616e-05
10619,-9.012769010683536,-9.078420782439382,3.4864586020978607,1.87749151568413,468.33759841353196,0.534482718399242,1.0691020236582519e-05
10620,-8.408384631727596,-12.020746619047442,2.313053106876966,0.8650040835572836,169.6267972819669,0.08792606913458823,1.0692461918782194e-05
10621,-8.575175145849961,-10.299574473452504,2.9224816470060087,0.9320624892484383,259.4610350968058,1.155425510853557,1.0699894463829818e-05
10622,-8.907042607936859,-9.432633323561996,2.9684947371263926,0.8706242687391511,245.00863221332312,0.30834454601392647,1.0705311504023886e-05
10623,-9.079013177120144,-8.462871948222784,4.548237856269144,2.1182607686244643,411.5719782762982,0.8054789301508523,1.0706214182104729e-05
10624,-8.344847918223774,-12.510826557713605,2.7649070710087473,1.084317139778649,288.7924794364649,0.7038834952061732,1.0724349349365763e-05
10625,-9.672659662478084,-5.66818209899363,1.0492001190049371,1.1039088419337992,220.3203886895756,0.9295209185147248,1.0754355032316838e-05
10626,-9.535173177821658,-5.566096003012018,0.7644229760946852,1.7455182731181345,467.97747061293785,0.3577007653963049,1.0763145958067025e-05
10627,-8.391390650098105,-12.343684835011066,2.095440527610955,1.042661333574015,262.6977830571838,0.39645103845188956,1.0777185401327058e-05
10628,-8.135325854046817,-12.502952213199325,3.519287266375653,0.9752054043939072,468.2357628338918,0.8631494379421758,1.0798361285333321e-05
10629,-8.06181362571534,-12.185215242340911,3.7296612073880246,1.8399956460453943,467.42930774242166,0.06998079558975068,1.0833642159641498e-05
10630,-7.437860895577152,-9.167585898576753,0.07429765634770935,1.9061208831855436,460.21319159476565,0.6166777929441958,1.0845491299627426e-05
10631,-8.4370175022216,-10.351576761124305,3.4201334264759504,1.8750417046405112,469.1073298030706,0.6348626688506949,1.0849855565567547e-05
10632,-7.3857681135991315,-12.033577582788547,4.826737410694827,1.7346997175238357,410.447491637638,0.2841862253705303,1.0857435563169253e-05
10633,-9.570713093966232,-6.679840470204116,0.93192645456423,0.9221259796934339,148.31308095398094,0.21852632597433175,1.087185363233748e-05
10634,-7.87271042847058,-11.990303277498349,4.131372878742268,1.107490803965651,284.7768121048826,1.7430037224304433,1.0887055859924153e-05
10635,-8.328187996780818,-12.354304315915346,2.8789049380176714,1.356534266873056,321.95062163946073,0.4733599514658282,1.0888983242560121e-05
10636,-8.261394331016199,-11.20224439776364,1.026733417703741,1.6360762166873382,456.2321653027935,0.3636233051902158,1.0892254072226443e-05
10637,-9.961322289657877,-6.4960345855138915,1.3941828173563995,0.7199381673398746,191.41541884290314,0.8529836619876177,1.089424194237092e-05
10638,-8.451977651931047,-10.876103893588388,2.9142700019468024,1.581004914258932,350.8120318402382,1.2476874496597619,1.0898964259838461e-05
10639,-8.239035584683258,-11.513886928900082,0.8774579438963682,0.7277771976306022,445.4691299393226,0.28565844126453044,1.0925306898227695e-05
10640,-8.224267102533602,-10.88674795490462,3.6726896267863944,1.6957944934497329,469.4073034039958,0.044103800155450124,1.0927603302928723e-05
10641,-9.523579377072565,-8.479927798850722,3.5586851222193516,2.560147665503865,464.0531970080835,2.6444035468661724,1.0935225316224792e-05
10642,-7.678831373324602,-10.087316432601531,5.085669970500664,0.9000904503216708,256.17903806060184,1.491306928521463,1.0945449895292803e-05
10643,-7.183645582095739,-11.737140106819302,5.0721158903178,0.8518604629987613,237.8485218320283,0.9674809669617632,1.0960305452695569e-05
10644,-8.090153408977136,-12.052736837168336,3.677712596904067,1.4453203548393367,329.8569320992465,0.2973996651984603,1.0982190994415727e-05
10645,-8.386258004577654,-12.435736595670154,2.3315384570211632,0.9197511860359994,252.3315743234921,0.5335764112636676,1.0983287799144889e-05
10646,-9.054795739888219,-8.66485957295167,1.0016608659760107,1.898517166589469,394.2218402541296,0.639885215638027,1.0994630562387427e-05
10647,-9.704283031358928,-7.808043505293647,1.4261061223264948,1.3655194202818906,324.44833460999513,1.585954639108647,1.0999672044455895e-05
10648,-9.373015195923127,-8.279948380822084,4.33552162114682,0.6968145969067072,135.42839084972252,0.12819578018088418,1.1003744001568642e-05
10649,-7.595652508550653,-11.916112842411497,4.572258159588256,1.050188757945097,228.6517330999049,0.13275729541586756,1.1013272619738505e-05
10650,-8.4803562644194,-10.886486383441143,2.697453658100669,1.7039099337426686,399.50271537514675,0.022377066464277284,1.1031858549263541e-05
10651,-8.072890462137373,-11.571347309208011,3.7994491224798144,1.467144472579477,345.0812146804094,1.0976722222442206,1.1083928247703075e-05
10652,-9.328815060523102,-8.799256601756458,3.07445974602052,1.8166758495108275,470.0845461510594,0.13058717991344349,1.1093345661395456e-05
10653,-7.771572175614923,-11.248521334809013,4.437353958173455,1.831693958599448,436.5525378199963,0.5248203565507383,1.1095657479390511e-05
10654,-8.436002797480764,-10.698842167017096,3.1173480175375468,2.051303484661076,400.22760419902124,0.8718441387424454,1.110436998292679e-05
10655,-7.084462338611242,-12.303281264147293,5.086622774938885,1.7134549159549657,440.1912753747258,0.7782469464419384,1.1111397697481727e-05
10656,-9.077682375726672,-9.128718933923938,3.0254753199030917,1.4333099918293832,468.3684891153132,0.5245401435977692,1.11119815782477e-05
10657,-7.8787385660163745,-10.544881184517097,4.516290886778176,1.6136975451043654,470.4168915250517,0.08703687501579793,1.1117995634765377e-05
10658,-8.29767874122001,-7.022801411315653,0.14545196028544968,0.7983898389242827,191.3675564722365,0.2364318022473526,1.114334203622071e-05
10659,-7.536993520084211,-11.968009932503199,4.640314884426702,1.1296504879616456,291.7384807417834,1.2318822287994058,1.1159722996422579e-05
10660,-8.76935391380663,-9.472481082906148,3.443130620891616,1.003592302643062,227.85107027302442,0.05471168161111617,1.1169151117635926e-05
10661,-8.449737538308355,-9.06770861295318,4.7922464497994,3.843931251407097,247.41829055042857,0.34686601504320524,1.1173100607329897e-05
10662,-9.341636700837672,-8.537556462070887,1.538060414050225,1.6199379657081039,467.71095403795476,0.05459748333463921,1.1174734909535752e-05
10663,-9.28966215847361,-6.235852714990831,0.5170805984274598,1.0037854261703232,244.29481388628173,1.201476697620147,1.1190187956011315e-05
10664,-9.68893393202663,-8.463415025810137,2.5194642003600984,1.7395118454203637,442.90563393033034,0.5421624190590455,1.1190543940039357e-05
10665,-8.655551131847716,-10.140008620431404,2.5459378062169753,0.9823288934581524,467.9070033882299,0.5813449196557867,1.1196964043578974e-05
10666,-8.93858804887324,-5.627300397571031,0.2932024784276113,6.020459396521123,671.4990713433108,0.6008482009807503,1.1208228495953202e-05
10667,-9.9855778420113,-7.940221127970476,1.8383045063876204,1.960395366838047,400.53468253105365,1.780300181018796,1.1210463755599238e-05
10668,-8.921093963367259,-8.50939956222637,4.745049858324373,0.9958460194804667,197.06688012300015,0.5356772315482354,1.1216482813638303e-05
10669,-7.852718894088299,-10.049148415528933,4.848318918914294,1.256943895594109,287.17402691082924,0.7395422244179857,1.1220488687050796e-05
10670,-8.318598185402024,-12.942026134424612,2.808127817853268,1.2962362246676342,278.60327077467895,0.2053906225359432,1.122576783224053e-05
10671,-8.36819950226537,-12.761059687429281,2.4209838165063617,1.1329735642526146,294.8932037378327,0.3085247041590291,1.1257158054542592e-05
10672,-9.666417349326847,-7.759051473990024,4.769705703132586,1.8590243670326092,467.4841657512104,0.4362624195235325,1.1285403876463433e-05
10673,-8.730151800409377,-9.73552038619031,3.082260169433095,0.9825494988691121,466.92344436554475,0.6252233177959932,1.1295556286063486e-05
10674,-8.093843290778155,-9.918125904003794,4.533960620022401,3.5721554883385416,531.173707317529,0.5643722703215266,1.1299347337599037e-05
10675,-8.348046739786149,-12.8740383472258,1.8347970208345725,0.7396437995521784,160.14465035257368,0.8537044361036505,1.1367958321583016e-05
10676,-8.989061983734562,-9.184626640684465,1.6997991659359881,1.173006173286454,238.7607238677422,0.7429229248455131,1.1375639113058436e-05
10677,-7.877928859699216,-9.249213611915259,0.2129991523382864,0.7269931190921454,148.8573423624574,0.4233783611372832,1.1384369606046147e-05
10678,-7.6442774443830785,-9.583530608099002,0.1585634818247113,6.394973951463152,464.214497940156,0.04274324652245021,1.138533410743479e-05
10679,-9.65864098203362,-8.497490653707896,2.674383123665783,1.766391530180447,468.32565569738824,0.6660935649234245,1.1399326562797275e-05
10680,-8.088428068321162,-11.797220051054774,0.4525729478404631,1.8615837955350705,468.1917611772696,0.41820954925072673,1.141493807309851e-05
10681,-8.37567464816513,-12.03730141216728,1.8319203533889359,1.2442960289411837,266.1227790629891,0.07187891724540751,1.141958738039752e-05
10682,-9.795940748503568,-8.353013715419214,2.4361966247823044,1.7636303079185125,469.9804106103703,0.16049443152099574,1.1419751641034963e-05
10683,-8.643953967312864,-9.323846466039914,4.020936528333114,1.06285562739404,214.38681240387592,0.10532986614649875,1.1426281528361601e-05
10684,-7.989478781030126,-12.742300488766874,3.8106249202866724,3.164203428130965,343.8802488177875,0.05195458068785097,1.1432971021305274e-05
10685,-8.210789350865085,-12.078609816578819,3.338486631575777,1.857519544885544,444.1579802379645,0.6367039088069353,1.1435009192108876e-05
10686,-8.679352163907067,-9.592117533524199,1.2137030653274443,1.8576982411477845,445.46926338102384,0.36273793931033627,1.1436281743689135e-05
10687,-9.553874974224126,-8.016007143313727,4.499974217411297,2.2796346579654303,373.250331957725,0.1281355376770028,1.1460466867722357e-05
10688,-9.165369750033884,-9.041294373592992,2.7023896263478857,0.8850564935658208,224.7529309868623,1.1688161204360021,1.1470728007219994e-05
10689,-8.767757678670426,-9.377902074901938,1.222021647851558,1.0681017808103095,285.6110453950365,1.626952114646083,1.1487360360550416e-05
10690,-8.070683245770184,-10.236185317593803,4.337926691894231,1.0306312852310744,467.36811869626104,0.4568799997390469,1.1529612624696414e-05
10691,-8.449221801824288,-10.906757398042883,1.6289831899337943,0.9159918713518908,235.5043713341605,0.1117935847829612,1.152984060038511e-05
10692,-9.126867240207606,-7.871221440405493,0.5806650339012872,1.0329829421513212,240.79681990575025,0.564034074437501,1.1571444926843269e-05
10693,-8.470875501930307,-11.11344759865857,2.2412944857631745,1.8448551599094278,468.00131817359943,0.6887775250584278,1.1584242147656435e-05
10694,-8.956644670328638,-9.385459117749615,2.517252507146396,2.188535549375277,420.36065433565363,1.2162640160205536,1.1600135481409739e-05
10695,-9.537735583236769,-7.992150714731314,1.3624102507955946,1.8684231180515876,366.0501236950569,0.19890919835185716,1.1612553690393712e-05
10696,-9.143164085146749,-9.070540641386897,2.376630641903216,1.885386123040669,385.64868625131203,1.1847293286577534,1.1616347627564003e-05
10697,-9.647389222839978,-7.691226393099173,4.884001942493167,0.6978689521792014,173.92681165271676,0.3358788963687944,1.1626725164201933e-05
10698,-7.404516749574871,-11.117510410532637,4.956418732953947,1.0823785571461624,280.7603178800724,1.7990959508327302,1.1631399522903617e-05
10699,-7.028451607472599,-12.795160949304885,5.082490469535703,0.8142844972011339,170.3629258720862,0.09191360304043972,1.1639464048789092e-05
10700,-7.457364059260993,-11.95754779564224,4.730218806690871,1.8047717784543345,428.04740254971966,0.04304313628580747,1.1647767332928375e-05
10701,-8.175865748647785,-11.874490239053355,3.4636921484267256,1.096783878023396,285.5999176197243,1.1233414533013937,1.1649258830972793e-05
10702,-7.992041317987269,-11.881945703244636,3.8940255764878815,0.7932828798141258,143.44906880267146,0.20002777836881247,1.1656051851091151e-05
10703,-8.063657353643107,-11.442308551974424,3.8295206057943947,1.150703176906193,203.17428614623958,0.05140254405393563,1.1673818184635189e-05
10704,-8.885419656044531,-9.393344215666096,1.7201323445813375,0.7991233889828561,173.7971163824985,0.9260173499896762,1.1680406439805645e-05
10705,-8.304885883584447,-10.944586341184229,0.8974540059856304,1.040066410953247,249.8617424931148,0.7435889519919501,1.16805823582355e-05
10706,-7.979964357225507,-11.186192705554992,4.071900246609192,1.1414341471193408,467.5602120275302,0.5702461492040554,1.1690974334049307e-05
10707,-9.852539456368977,-8.32218249420938,2.6027000025986284,1.7558797848388192,414.9127338819489,0.38640175478151395,1.1701634758205254e-05
10708,-9.048711167866225,-8.51544226466735,4.472135115176322,1.109784118916215,286.9972791354109,1.5184233361965989,1.1709143582035292e-05
10709,-8.445246657453202,-11.013120912868276,1.7150598695491621,1.0454376107991084,279.7645024179229,1.311370793907412,1.171147046328511e-05
10710,-7.9015644644427,-10.3239746317822,4.577347329285971,1.7847857721924671,468.6990367141819,0.9219500028812515,1.1724143890425675e-05
10711,-8.189182014989536,-9.702984345864527,4.532040864324055,1.0876083373328986,467.62143292712256,0.5638339384676998,1.1740665891630721e-05
10712,-8.65071500838827,-9.246761165224644,4.101149735205072,1.066463379926072,279.8766203432777,0.2255572448604406,1.1783913715333078e-05
10713,-9.255883221121401,-8.16207256411325,4.713330383421469,1.8282721575337741,468.59495425911985,0.3620288238841818,1.1816637199084646e-05
10714,-9.31895286170279,-8.803105108352657,3.0189787568306796,0.6799798981448182,139.65627937270634,0.6867220742599143,1.1829836606147414e-05
10715,-9.603720517819848,-8.529660143337498,2.5235453208838785,0.7621377210866127,155.01598379058478,0.8006600370986998,1.1838140189368202e-05
10716,-7.954915714887444,-10.715198618802594,4.283338787248996,1.1768739955673044,302.29194335526125,0.6353934795556961,1.184593003816478e-05
10717,-7.464683626392435,-10.992980848970603,4.9156590337096775,0.5416805619802388,157.1146563651912,0.8436826437199771,1.1852541828945105e-05
10718,-9.750009989462214,-8.33477207916266,3.3215513877763634,1.6963938552089528,397.196242060298,0.43217436269555076,1.1855259062837305e-05
10719,-7.942422617974319,-8.312336261456505,0.1464807322011419,0.9767439141142173,176.74322569254574,0.13184738907128057,1.186154064888111e-05
10720,-8.152908229136646,-10.057508223143126,4.293122293526866,1.7330511428096862,408.26181214812556,0.060509003232547265,1.1881107680178068e-05
10721,-9.584386616040891,-8.541695408063244,2.4814540687576767,1.3828937349758272,468.2140558488142,0.6850587099750491,1.1883889458250215e-05
10722,-6.903426079949961,-12.88564390740288,5.1610463405684115,1.027425134675758,267.9704959940879,0.7084213954178953,1.1903524992945863e-05
10723,-8.465062508011316,-7.4662901671704285,0.2459115211098425,1.8441581075935307,469.0810518162008,0.5988802388629777,1.192282487335249e-05
10724,-8.13288354521964,-12.939718680376137,1.0647070258891114,1.0774284672153969,371.5143009845724,0.7373769995937618,1.1925497301087342e-05
10725,-7.29306399581729,-10.799110922201075,5.173460485030805,1.6049801665948362,467.9217756429533,0.5953765313061821,1.193544000844452e-05
10726,-9.290962096602021,-5.016711470273789,0.4869459288494249,6.748511020195699,603.065657157868,0.10729739605488398,1.193813181375966e-05
10727,-8.585758914227332,-9.629828364037012,3.71256154465385,1.2358382865114725,468.50808506727486,0.6583625395932691,1.1941860977449315e-05
10728,-9.524188687650552,-6.907946570599031,0.8954812817567802,2.477116705739078,451.81066034134267,1.4285858390163675,1.1946444498679604e-05
10729,-9.298661288962968,-8.81816677802173,3.054979294736578,8.62959780191456,303.9517698371328,0.372766327873566,1.1954195767062872e-05
10730,-8.284780428472976,-12.759879603122348,2.9434159658455714,0.7224494609366863,467.2612803125013,0.3497693392202077,1.1999684309337285e-05
10731,-8.499331071460457,-8.760989049939845,5.099249862352178,0.9487909572174646,468.2525688295747,0.843301327052238,1.2006291495839405e-05
10732,-7.928910732353362,-10.87626664124612,4.259070241176459,1.2127470031263836,306.7965200106794,1.5478150186933162,1.2045103100214593e-05
10733,-8.31529365950825,-11.1493294553878,3.236667313826269,1.861374965467708,467.5519171828538,0.3412165894684902,1.2069008332427544e-05
10734,-9.396825556086053,-8.602918019919613,3.467757331030325,2.7560216604088557,480.62317390240617,2.0875938159121787,1.2078246891219298e-05
10735,-7.3859664428026015,-11.815363589964152,4.822970427372366,1.049791211243896,467.93679288274825,0.46584389001637483,1.2097898473687827e-05
10736,-8.145008339358245,-12.447718867847692,3.446059953083481,1.1431175546165955,296.43750095365255,0.8210776291930886,1.2101249124861553e-05
10737,-6.957996158717321,-12.310602214984767,5.157857812446847,1.8366257166161395,440.0113126832007,0.2225697655522776,1.2111682344821909e-05
10738,-9.29079877640815,-8.768932312450758,1.9552633257871375,1.2340367748243188,274.56637001819644,0.7512976607471247,1.2135257780196367e-05
10739,-9.626997043710192,-8.277100161941462,1.7761910231115532,1.775317710334563,468.65830191272636,0.9072408097868623,1.2149749532413784e-05
10740,-8.460644020782043,-11.05451549468055,1.9744519140014025,1.199141751510762,245.49168850078908,0.8083083022668713,1.216979183600787e-05
10741,-7.93990757298808,-11.314745041576849,4.097869056347865,2.8279389345707697,485.538775482615,1.6112764193111495,1.2184005252096086e-05
10742,-8.51413765987925,-9.920844813896586,3.545947564476755,6.693279218537842,674.0063420938781,0.25589107693615887,1.2192689356862363e-05
10743,-7.752164739292779,-12.805460958996711,4.223187329059342,1.3566686090553883,180.27301816566077,0.2693235077254572,1.2194692144621865e-05
10744,-7.411591100417812,-12.758459694360539,4.699747189769434,1.2695830011023883,467.96376027386526,0.6975551255906902,1.2199593383273884e-05
10745,-8.602524936715417,-9.719119776069567,3.5329986962750435,1.8144859586220752,468.1556924736305,0.5840947023845446,1.2237811369645776e-05
10746,-8.3477932714219,-12.300974208154635,2.6600303993186647,1.0207929181054693,467.175262999387,0.12106838366840922,1.2250803892449202e-05
10747,-8.794211059907695,-9.445569637668363,3.342308067155283,0.8218169402988925,169.43149234055682,0.2870962701703119,1.225360609297062e-05
10748,-8.22838012354444,-12.416802211153433,3.190381425621268,2.2507551802177628,429.70848676966733,1.5360542157375852,1.2264095192784189e-05
10749,-8.178603488577629,-12.291238806591386,1.1806436996894563,1.50392468105712,340.6111368991617,1.1879707261603416,1.2266637556668801e-05
10750,-8.3473384464478,-8.913460363269202,5.149745407783336,1.1382753153071679,242.0736757605305,0.03917602056330782,1.2268386425181243e-05
10751,-9.12281611418962,-8.94476887040059,1.737489176552301,1.8084392324200222,431.5746593810309,0.6129430050856328,1.2278392362857289e-05
10752,-8.31190129133911,-11.878814857937709,2.9734282038317748,1.2467115576407302,307.4525252901683,1.495531817475542,1.22876223791685e-05
10753,-9.088626271547659,-8.769365892164352,3.8770073144708634,1.2882090696395865,274.1392464257957,0.22019700641668027,1.23049497700142e-05
10754,-8.349262097751367,-12.58215873833278,2.544167074276448,0.8177737707747427,468.06316294720926,0.5420954105455245,1.231388145163944e-05
10755,-9.93998681986852,-7.507721869224361,4.754344528442799,0.9755336258926928,270.11141903140754,1.1799582608207944,1.2321212418763942e-05
10756,-7.9353663795667435,-11.03790844345449,4.180020647658358,1.0697766343577795,179.74702264014428,0.17845709353958572,1.2330365241442158e-05
10757,-7.653618934562769,-12.845940220227776,4.370285758309776,1.011990948731994,277.74497748017995,1.3588494383745617,1.2331936303154052e-05
10758,-8.10156733472746,-11.740494298586217,3.653229444056862,1.858288740582798,453.0927725081127,0.2892595013212995,1.2333309641710718e-05
10759,-9.730407568984047,-8.411616046709348,2.6519303723958587,3.1428741377421994,212.18657189539536,0.3095065122246856,1.2350650198370502e-05
10760,-7.692942844591255,-10.136501872196554,4.9964336795922915,1.3147200302965065,308.48099447685104,0.17286317080517666,1.2354408672126016e-05
10761,-8.36221408502211,-11.775392590610883,2.742526030890627,1.8445844330654686,468.14399862475506,0.24617942858094022,1.2356961172690884e-05
10762,-8.343022002056982,-10.297143888234597,0.5461793543019213,0.998223585790267,260.32939545323035,0.9948503463654861,1.2428310936143707e-05
10763,-8.252268851129845,-11.112226415184963,3.4384709672355385,0.786560899086083,234.08088970285348,1.4775389440786224,1.2431293177646924e-05
10764,-8.805061817445717,-8.65045273976487,4.687193574469719,1.8776289778640598,468.3729127410331,0.3526660190010702,1.2446148180653004e-05
10765,-8.386300032478578,-11.435053472909955,1.6743152697653594,1.093322074741604,261.0467629624437,0.4994186965163099,1.244636655855923e-05
10766,-8.435136468768201,-11.308388182468398,2.4099805955440337,1.2816058055879764,313.7793262630135,1.3260568876007515,1.2448308180562148e-05
10767,-9.849805475089578,-7.498076734813588,4.867964608457768,1.108006833269625,256.5815131786576,0.5264445611988346,1.244984109622193e-05
10768,-8.095490841410282,-10.8144980488149,3.9444759045680637,1.005192925603683,273.2310137191564,1.7770697626489556,1.2519909448618983e-05
10769,-7.122390671706686,-12.861081675855575,4.981832959929371,1.166470740258513,238.25793035350245,0.34961961698431043,1.2522600272476348e-05
10770,-8.486776820804877,-10.617634608164028,2.8477986396122454,1.8015839980741297,467.97046135714436,0.4760251777728879,1.2523174934545975e-05
10771,-8.563219900507214,-10.345281751917666,1.7875110620617336,1.1423531860661176,290.74832893469255,0.20876045106411212,1.2524504000587652e-05
10772,-8.13626503752716,-10.072428183122595,4.293589842619328,8.193417360172175,711.8780084374401,0.23330942800522525,1.2529754735087276e-05
10773,-9.812402369731904,-6.223109244853025,1.2871317363227897,1.8627173683281955,448.8906204391873,0.4829538567194671,1.254335097029901e-05
10774,-8.57268946787471,-7.64245122202408,0.2994244534515007,1.8127659245446668,451.3158707102505,0.0636691718802549,1.2555405671396783e-05
10775,-9.425272764036238,-8.210569056070371,4.3079479798780405,1.2021798429506725,281.63148309837067,0.8519065369593575,1.257115096542415e-05
10776,-8.328960766240506,-10.365049032407123,3.638317343434562,1.4048756047491995,320.0484928937724,0.7404938045163387,1.2571665385034069e-05
10777,-7.484098157157785,-12.940090638566168,4.590520768234715,1.2136777185033332,308.2839989524583,1.35833646983206,1.258379522031737e-05
10778,-8.458868897452044,-11.029814818954298,2.508848611399693,0.6587961233049887,196.9007508752487,1.2114538512860529,1.2596525267895365e-05
10779,-8.038922035246978,-10.533399361504493,4.187283576701227,1.1034158296056173,288.26067234644813,1.232442709203771,1.2600296419376405e-05
10780,-8.710116646004922,-9.548437793390821,1.3023202962055267,0.7205044643511247,147.99943186769505,0.0074849197161901415,1.2615510285418814e-05
10781,-8.348978145339512,-11.536079545682677,1.5218665469860553,0.9028974572158724,183.32207532703907,0.8606966326199448,1.2640382777536912e-05
10782,-7.802876126052782,-12.226078466067019,4.172188746146165,1.8375686685438366,381.9646450943471,1.304886312863986,1.2644882011762637e-05
10783,-7.758234634987003,-12.722923603836328,4.203460405111422,0.8042974840721999,173.071158447435,0.24731790771005624,1.2658383374241859e-05
10784,-8.474675458788596,-9.770337527907788,0.555480865218867,1.435799457002154,468.2715838788914,0.5824269385060674,1.2668369209124026e-05
10785,-9.84581078040372,-8.284491597704124,3.1360173272386294,1.7171063816600634,468.07293867773325,0.4068425446560804,1.2686028868012671e-05
10786,-8.452599969720367,-10.944319020137728,2.6735352882724346,0.7502911635463098,148.3361074160268,0.18149717029564538,1.2702072592288236e-05
10787,-8.800441310998373,-9.446434351494217,3.2803583980057245,1.0602192355204272,468.4609135893984,0.6548583446748477,1.2704315027109917e-05
10788,-9.174033389393271,-8.92837458119439,1.9777044394913315,1.6812294819905775,394.2813544301358,0.673432974065407,1.2736431170974316e-05
10789,-8.012918689751642,-12.46093751933674,0.41416101950980694,1.2150515421510966,211.6068555033979,0.0917950906747782,1.273702982678762e-05
10790,-8.113913670701326,-10.980700209296874,3.826154932848181,1.7917145719360583,468.22066176090993,0.33068096629830546,1.2742388696059669e-05
10791,-9.260940753098097,-8.598572282609192,3.808468463305509,3.448568901109597,516.6582253030699,0.36217755576382604,1.2784961729328118e-05
10792,-8.337423495196035,-10.713187805514094,0.9232244168261762,1.360699609918874,206.78806080922462,0.4574192062263984,1.2789541387960806e-05
10793,-7.718084027265299,-11.837005196145466,4.355985217611688,1.0814630106836476,246.36479662306394,0.47994144843038367,1.2790795746979917e-05
10794,-9.996792154235576,-8.200281156967844,2.864638562882219,1.6472356033901574,460.4750503671271,0.8710216808217712,1.2796256174660902e-05
10795,-9.164424067984667,-8.671632008587567,1.3844544179346616,0.8720141977840556,179.2453922097003,1.075638414442011,1.2818803042248877e-05
10796,-8.35198083976104,-12.080244028894976,1.7710857662631627,1.5404249662800902,468.12861109439626,0.337534182211237,1.2862092519984756e-05
10797,-8.236066583479742,-12.17071899922036,3.1730499590959216,1.8058528768510562,431.5913066890323,0.6217722821755567,1.2863396779720952e-05
10798,-7.975635305003024,-9.527099277882124,5.044550965231148,1.0715411907059842,278.5115334994907,1.260131613039139,1.2875444905302972e-05
10799,-8.572243307330245,-9.529165924588057,3.8491722423405625,1.2319695281705354,312.2233489563791,0.3009274960612984,1.2876570366689192e-05
10800,-9.752946249778358,-7.360345966386729,5.137348304799556,1.5726137567919034,181.2991952529747,0.4443041393593026,1.2877816485367193e-05
10801,-8.275898631864136,-10.855537955465557,3.4683906977857895,0.8681047438321097,211.11160584134564,0.7914572507673743,1.2884579050093643e-05
10802,-7.685561240381957,-12.577122736355367,4.323677589581363,1.8865318270534417,469.6160884103479,0.24023160245853514,1.289684739205583e-05
10803,-7.984174469413835,-12.598365121485623,3.784336904950369,1.3421863896773416,328.1237230917752,0.37582091378356,1.2905129415018345e-05
10804,-7.867476274811596,-9.888114524497519,4.8966659154208365,1.8334113865661903,468.8637096446418,0.10923600124998512,1.2928702141830257e-05
10805,-9.38269371356953,-8.739173518021666,2.525112988925296,1.1734242918067372,467.66287626396377,0.17905515315562948,1.2940226458937172e-05
10806,-8.420449888337192,-7.707845982993361,0.2531185745291866,4.64504656142914,254.07026488072782,0.3820356468839661,1.2960906756271334e-05
10807,-6.977437669652889,-12.991663302083206,5.080717754595253,1.2214464133363752,264.75818478932024,0.13824889167741272,1.2964469695534812e-05
10808,-8.438139357144934,-11.104275383361736,2.5899632801059265,1.0014701154148733,171.60605512128566,0.429261567506372,1.2966286005561428e-05
10809,-9.830063447383514,-7.257576625912576,5.155462749172136,1.8684949345785717,447.2895620489084,0.6232715112822689,1.2988543714842704e-05
10810,-8.605015742754775,-10.173493837555581,1.8266974417462418,1.0324640262920308,131.93530657075837,0.2957747871967671,1.2993756286974778e-05
10811,-7.599856009351052,-12.796005574231714,4.434019594361671,1.8029551696518578,442.07176702621894,0.5718629594448963,1.3007183465284254e-05
10812,-8.932412726488556,-8.872536498480343,4.0176406960498445,1.128505343143196,304.0060491355077,0.6587984518002425,1.301170995751542e-05
10813,-9.346865730588119,-8.680834549099327,3.3014587880742314,1.6536491800439086,385.00976865840704,0.49901571826595337,1.3012480748554416e-05
10814,-7.823400375080249,-10.383839525831329,4.636019578685569,1.3920292725063597,468.8993814936929,0.9144068770471945,1.3029724590613118e-05
10815,-8.4437019840587,-10.231703407273644,3.3956458612977545,1.3295074811871552,319.5321388648796,0.2197896374986925,1.3030500878606651e-05
10816,-9.934847675773707,-7.186836817860443,1.4558244611393127,0.9814807632216345,467.3245181039175,0.024409360684838788,1.3031663515257819e-05
10817,-8.08815470697736,-9.603868488175845,4.775629030979987,0.865983747082681,216.9232883289149,0.7112344214218824,1.3035124167860985e-05
10818,-8.281978317557373,-12.669516654891883,2.9055710298046153,1.141016576219579,467.9869026574685,0.5839741031239045,1.304331063778023e-05
10819,-7.639990265438437,-12.9007222509249,4.3689550649844024,0.614931209005097,176.16308082932122,0.9767284827730283,1.3048707543988276e-05
10820,-9.552631218410816,-7.788150460398178,1.2987562900496539,0.824470166944934,242.60934760861113,1.666876510305916,1.3064135357501938e-05
10821,-9.900646560558977,-8.081919143115119,3.710437672555938,1.7357929584628358,468.3647851845416,0.5145953723217094,1.3066728284089544e-05
10822,-8.107797552858818,-7.651125780319968,0.13794124281541448,1.862548794576007,448.009327489995,0.18942678255944312,1.3080458661761612e-05
10823,-8.365702557747113,-6.879582409693346,0.16193195114490772,2.524442511198737,208.41486667151173,0.2680313795002185,1.308139486061449e-05
10824,-8.70020992778002,-9.059441099658972,0.5584133848067493,1.0247782316632683,203.59654188262965,1.0313545455204531,1.3100365557057444e-05
10825,-8.63858363783313,-10.12997957763082,2.439753797310275,1.3065104629709396,281.6027198367223,0.6730876674964827,1.3101644487090122e-05
10826,-9.843063472852167,-8.257522320498921,3.2444226278249446,1.1691722004719323,469.57273236348783,0.24353835785191524,1.3145526275002324e-05
10827,-7.2144821979220595,-11.460728585050651,5.039109173401583,1.0543940061859876,284.2627546111072,1.125496491268529,1.3150555207673067e-05
10828,-8.758178876125712,-9.50684741498863,3.2920461837905064,1.0855093541936298,282.25339900059447,0.862176568141253,1.3160351194738981e-05
10829,-8.896545109750804,-8.573255565868983,4.612517228103803,1.802557777561832,429.09572699648885,0.47756502729826256,1.3182592379184658e-05
10830,-8.360825692562436,-11.133788398466747,1.4350160844377702,1.115382294531786,168.12156312438623,0.17476264505777728,1.3191946729882103e-05
10831,-9.638403650595762,-8.204715565991421,3.904920875903599,1.0536114941785648,275.70293000153646,0.6141599093909571,1.3195773465022392e-05
10832,-8.636564752597069,-9.593802007610776,0.8386585845484799,1.0946492449842482,223.6039789542063,0.11731472471362192,1.3211472252694877e-05
10833,-9.879377179900743,-8.257146779817209,2.503361528314753,1.8022912567589138,377.9371889987979,1.3184560758957469,1.3216305280347387e-05
10834,-9.0392470744492,-8.235726715383024,4.912675639251355,1.1590879574770216,242.86298264977253,0.12882445704085388,1.3243719358962509e-05
10835,-9.601227719467404,-8.330575707137818,3.6492978009625623,0.5686007436874476,120.60843986275505,0.7042114466190279,1.326393961241431e-05
10836,-7.459734444554311,-12.220963098356293,4.656895195632267,1.1125118322835994,467.45806994224495,0.48937452267039205,1.3264700012864953e-05
10837,-8.040833677067287,-8.704294687172233,0.22509399138367545,0.7844433230129672,167.9393894503592,0.23496038594199664,1.330094604595578e-05
10838,-8.3368594659593,-11.951130001279253,2.74923308284965,0.8804186955319419,180.6423957933986,0.03155059966181195,1.3306182896489408e-05
10839,-7.563251585666217,-11.785900292784268,4.5752605164905455,2.0444874765568604,401.06122124675557,0.9057041538645931,1.3307039596646694e-05
10840,-9.169740453411594,-8.25201972437096,4.653429447975312,1.081224783450844,281.24768685363546,0.7649938047548508,1.3332275664010582e-05
10841,-8.411459920961828,-9.990717503941283,0.5499238212140206,5.301511617971555,530.4906443236504,0.10096232090824575,1.3337095502806943e-05
10842,-9.981057305703814,-7.22860367137245,5.004914131676139,1.785912365793908,423.9938007941899,0.2404079536402257,1.3350322437168936e-05
10843,-8.825225454884167,-8.885749996003561,4.221610445963558,1.141185706624846,297.3148781630125,0.40557477481693827,1.336126177052259e-05
10844,-7.916261870533155,-11.517241834422054,4.057650837954552,0.5083242292177252,114.70590432659966,0.4721096351306082,1.3365757521265977e-05
10845,-7.451719968961559,-12.214793875371539,4.664896078219488,0.828660504461491,466.829614260498,0.09472812014178356,1.337884797533903e-05
10846,-8.40079756578505,-10.652628755423926,3.163534142646268,1.2263278451268358,310.1292466785379,0.48592709804980494,1.3380746132125677e-05
10847,-8.138590889569844,-11.331349352113183,3.6274735460678835,1.4462974785723313,467.84186395027103,0.788586573599118,1.3395848979437219e-05
10848,-9.138137764441895,-8.205710092300984,4.786469839794201,1.7647296294289023,467.2278700840769,0.09707825812959747,1.341726733221842e-05
10849,-8.953248151674257,-8.964018517457763,3.766083781109586,1.7604219637891623,416.63287994715205,0.4799765013724757,1.3423393910895383e-05
10850,-8.508603743761352,-10.66561201343295,2.037526718310367,0.8519079198367809,180.93995308092397,1.191672528836385,1.34346974520034e-05
10851,-9.048149980268121,-8.813648415049663,3.8308805991690273,0.7951100497648913,157.81027404131342,0.18742558689813738,1.3438171429857855e-05
10852,-8.536839933352015,-8.829675594777523,4.890284831818121,0.9463060814407799,447.09089046350954,0.011568904229758203,1.345572988884989e-05
10853,-9.217147479433464,-8.921036054511955,2.80461829343804,0.8106394915701546,237.05451774735656,1.0124385694250781,1.3455771806222883e-05
10854,-9.804095627193522,-8.330864361562458,2.7863416475191296,0.6319911682909721,191.14388686423945,1.2860862431120559,1.3474278317191766e-05
10855,-8.008012631976907,-12.7514152485162,3.705399237952655,1.4954684085509184,468.1319995008412,0.4987275043647834,1.3475637690684599e-05
10856,-9.284574993293685,-8.841144032966092,2.7486143259755074,1.0299612271340337,269.52855483462343,1.5381502477149693,1.3495795592059042e-05
10857,-6.89191738719767,-12.68754313614532,5.143951105177728,0.9810039362002941,191.68190937471584,0.6701854126771876,1.3527590575253436e-05
10858,-7.57846903027763,-11.458405290945386,4.608238177264775,2.485136957524611,455.84395935339796,2.0581398946447296,1.353222179693874e-05
10859,-8.092725649813183,-12.031003206695772,3.5831737023625365,2.130682706845644,419.3180820896368,1.9254098976641787,1.3533868332074312e-05
10860,-7.663569114533865,-11.240488377450102,4.537635062912309,0.9810841427150364,267.1802165656447,0.012795566188697372,1.3547573795543178e-05
10861,-8.364962896866299,-8.87555781747696,5.1340711429108925,1.1707637048127635,262.1158191908311,0.3662592786823229,1.3572815835130736e-05
10862,-7.822364420236802,-11.485044103699249,0.25968535836820095,1.1772912931081414,300.2434210715673,0.8683551609446312,1.3575600240210537e-05
10863,-8.044685539330366,-12.007945748063152,3.698254302108216,1.8182243979722306,468.0672024712535,0.2550002091693395,1.358024682915831e-05
10864,-8.277879090017494,-12.544860645096701,2.911463573647277,1.1407284894563905,287.0931843767667,1.3227200443618266,1.3587944984935055e-05
10865,-9.563043170447438,-8.465242712885495,3.287418882476715,3.0067634459235726,500.5577578939349,1.6742803092236853,1.3607118283857205e-05
10866,-8.380926886215608,-10.124005764547244,3.6547412607701073,2.7647842544420866,463.3835033373589,0.4962550840603601,1.3619018561825873e-05
10867,-7.0886233062153785,-11.858104812804667,5.074608546561718,0.9189319514434646,193.2871256057272,0.41869464439194726,1.3625245375973982e-05
10868,-8.806847020955932,-8.826134217689425,4.354767586883406,1.0727070134925136,283.05691070468396,1.327325581443545,1.3652641835010332e-05
10869,-8.38789267017173,-10.380996842233866,3.412684301102409,1.207939872053318,469.8673167219978,0.2369257758236012,1.3665471765043108e-05
10870,-9.791836714815545,-8.336871467609539,2.6719372386282254,1.0030778239244897,467.1346046770834,0.6290206479492584,1.3667539064839775e-05
10871,-6.972048584012311,-12.574929699127711,5.093002793298684,1.1004415605964244,468.40474698120823,0.5381419993783263,1.3675634612738856e-05
10872,-9.88378299838756,-7.382316374532116,4.934497141530843,1.0464175999092966,283.1065505785328,0.8191557357312105,1.367576462383388e-05
10873,-8.027448289174714,-11.277831405649469,3.8868426079476697,1.0921741476769788,467.377665781107,0.4152435306562081,1.367705494528708e-05
10874,-8.19904826666851,-11.824300757881879,0.8505128730625996,2.538730605639194,310.0590367506114,0.049413463292320436,1.3700228099708591e-05
10875,-8.34594439260145,-11.690741800431695,1.6217841426021053,0.9633892956912756,190.28143747443545,0.38089322377159096,1.3703186143785511e-05
10876,-7.7939241880755485,-10.856588602541775,4.449677105694983,2.7988867230089016,481.66106664931135,1.3913921983137074,1.3767662063370187e-05
10877,-7.654890704600122,-11.136357841929541,4.572501663556577,1.1346182933494953,293.1536815911555,1.0613574438652833,1.3770059387467476e-05
10878,-8.354711163885755,-12.129042612611578,1.9236548153485415,1.1603587546806235,467.51487250354086,0.20764026108860367,1.3795490980483174e-05
10879,-8.58687758720041,-10.266104907472622,2.002670510083368,0.660407980386656,138.66789004858296,0.2831538758393064,1.3812647329712714e-05
10880,-8.3842988032306,-11.618735354434802,2.496510605285217,2.4506620277214113,443.490584670364,0.8576803738028067,1.3825348001845238e-05
10881,-9.899055446350463,-7.847105273304448,4.204688401820667,1.1133904749664048,228.65849530211298,0.10670913630952406,1.3833223660130026e-05
10882,-8.793691732911862,-9.40203075608687,3.3424753310581106,1.5024783842700808,356.7758852086336,0.35657047095717154,1.3834968083539546e-05
10883,-8.605552094439641,-10.182698813060638,2.6057151187595538,0.99734049464811,193.14305676167683,0.34959936251796275,1.3838041905076728e-05
10884,-8.131936497428146,-12.581087848426986,1.0632698688354476,1.6111334568392732,467.6068626550191,0.38879500532686784,1.3840821283793997e-05
10885,-6.959724465321253,-12.533134160805561,5.100384067639812,1.1073632331729995,224.9984400235828,0.6544133847963698,1.3870749359141715e-05
10886,-9.216284553118697,-8.838642295483805,3.2009708274721453,1.6164908378315905,376.60395042404326,0.8113403494542828,1.3871012025120528e-05
10887,-8.351119743842874,-12.05434447782452,1.8500112377793103,0.9122476966492087,467.29534824695344,0.753348696109355,1.388264737513189e-05
10888,-7.5202104247342225,-11.188514055281253,4.741661168177702,0.8201392689066618,169.46932508566965,0.07933691691783817,1.389969158410098e-05
10889,-8.199453454110678,-9.90907777161577,4.258746094992464,5.386904115161921,640.8416477023445,0.47942880596222626,1.3916120366539796e-05
10890,-8.32020268322086,-12.772579627220164,1.7950820661580824,1.6505653854252305,388.96109830326645,0.3597967773739228,1.3927795242943691e-05
10891,-8.344351813848087,-12.379858825509562,1.9357155955775653,3.9591027297155024,564.9313803607567,0.8674635351976763,1.395923825727443e-05
10892,-8.014946703961169,-10.93973807684144,4.016446968653845,1.1332586777056524,290.8654967051206,1.0891020004343277,1.396663200748217e-05
10893,-8.765919383058678,-9.245930121186788,0.8565887170614483,1.8556350754070206,443.6693412085218,0.5572971006385146,1.4004097703967099e-05
10894,-9.842719796005865,-6.99984330267552,1.381362167169367,1.4603374112491077,331.14892900162585,0.11109970987887507,1.401689985388242e-05
10895,-7.662563088605047,-12.082402217378565,4.377091018907501,1.7936666075434187,426.7135941308708,0.1327103949853523,1.4019387603980363e-05
10896,-9.8605565800432,-7.640394672402391,4.601477179035841,1.7438829917941505,468.3493706627186,0.5172322454126919,1.4026714260199652e-05
10897,-8.348620088541486,-12.25499093358345,2.453408609721615,1.6763303607095086,467.6875071454177,0.16617532535333446,1.4033265541538883e-05
10898,-8.4189036450251,-11.26860781266986,2.4274953404494433,1.031118189860042,276.7962071553673,1.2125115525509793,1.4035748194645494e-05
10899,-7.428174604591348,-12.186885001278501,4.681725123740026,1.2732928372848873,281.75774694083105,0.02920510615735683,1.403825990229274e-05
10900,-8.437351013065808,-9.493576744103622,4.168976523262699,1.755874787942759,467.80845214229333,0.7474268432677773,1.4068150029734489e-05
10901,-7.926305409601101,-10.495180609427358,4.377735440358365,0.8886908581982388,178.82068187248484,0.35580953996490994,1.4072862144555513e-05
10902,-9.159889585722492,-8.206679602842797,4.723695359995898,0.769948104821188,162.48323357195318,0.9875564734995068,1.410306004134439e-05
10903,-7.624103589265514,-10.482036546861856,4.856216334952961,1.3152980055866959,294.00201068055793,0.30182766854370247,1.4106670552424232e-05
10904,-7.633208693269091,-12.199740785740996,4.406546666704885,1.7715025236789335,418.7723556175071,0.3297498635608678,1.4112811002475752e-05
10905,-8.294836187905823,-12.639648224615133,2.76763650808982,1.1146759751421618,238.06177933438119,0.13805147775781723,1.4118491880904483e-05
10906,-9.155924494881921,-7.998124798382524,5.065177661512229,2.298584733155494,410.14577217008605,0.33513167392628507,1.412232846106215e-05
10907,-8.1643226070191,-12.920962896985458,1.2506508592583798,1.6132706207692962,467.77237376499033,0.38040228873858783,1.4151593114588158e-05
10908,-9.59288736959148,-5.087355904399948,0.8951807894569251,1.3670539495869862,322.9829162749081,0.20394483984431755,1.415248804635018e-05
10909,-8.427441151205953,-11.131796136462311,1.9265731945198183,0.9954144960425194,275.4503551284757,1.6496251608762433,1.4178622556066678e-05
10910,-9.587668145793131,-8.470872279236536,3.1055907143381143,1.4004909615682155,336.4405834417068,0.5051537298035598,1.4199893183383238e-05
10911,-9.338226878420347,-7.64839512398747,0.8055081286063945,5.731856794729624,654.7105327192064,0.36712300512047324,1.4206997317852711e-05
10912,-8.519318412927802,-10.600477416562274,2.2383216661932304,1.1234739531173252,468.10839939367065,0.7354134444583549,1.4213876873742932e-05
10913,-8.433538142715255,-10.92536690474013,1.7146329394113446,1.068503894460918,278.3723696777041,0.9477354036268997,1.4219663927700636e-05
10914,-8.893979676581871,-8.639366337426761,4.46988501590397,0.9698275921156225,468.02645665219524,0.5854827660043442,1.4241674600593307e-05
10915,-8.225106218883438,-11.8222078589538,1.277132591625253,1.1218663328872915,468.55470198228176,0.5573563746180872,1.4246174751026289e-05
10916,-8.266650098653308,-11.258660203608734,3.2590441211435404,1.8528016932863263,442.4004379445769,0.6190711178664747,1.4250205963371022e-05
10917,-9.605726410944454,-7.935729081241773,4.456949515366565,0.9344839931201065,181.56513509672942,0.12439683240316768,1.425802244444187e-05
10918,-8.41253625132606,-11.370781480828116,2.2266111830302786,1.1001360103481588,467.8871971336661,0.6996551666226454,1.4290662016021233e-05
10919,-9.979066076767534,-7.3690342347845865,4.824024161352666,1.5596190800973668,468.91719243372717,0.5263730420664947,1.4299257336550579e-05
10920,-8.142364931483389,-10.700123188332645,0.42041813338268785,1.427920333382941,319.9028536080828,0.15546567166912784,1.4305155413956126e-05
10921,-9.51170184676888,-6.491458972141213,0.8316262214033848,1.6010438409536187,468.2662974016134,0.21720191632907593,1.4323443390438882e-05
10922,-7.750918485649921,-11.627522687557677,4.299997747080942,1.166563815486489,243.5847088153941,0.17553675032233773,1.432925809777361e-05
10923,-8.23447190252149,-11.953493879789583,3.1518046428720035,2.0807130770443525,402.6877248967535,0.7878848406466341,1.4333012090418415e-05
10924,-8.372416430976832,-11.592580437643134,1.8095050888791324,1.10649040832004,266.76878223104177,1.0320636251012196,1.4367124516992394e-05
10925,-9.433723676928906,-8.571864630754721,2.0379604266095006,1.1649415425453407,297.04534409436775,0.48065015122735577,1.4370244151224187e-05
10926,-7.428939196578182,-11.097638997093341,4.868786394478754,2.267688121821281,426.84674551088557,1.0015440749663789,1.4393829157466957e-05
10927,-6.932525382063757,-12.73833697680065,5.095813065673613,0.9728870993485933,468.5890707387316,0.043246775316958974,1.4393950925223947e-05
10928,-8.019173748520243,-9.985181688177814,4.52730042282171,1.0599441462221946,261.39066689950795,0.14109532857266593,1.439760535157443e-05
10929,-7.507513898039905,-12.942226833031881,4.518089499808931,0.7971571313028711,170.6418855245425,0.19951187876484955,1.440733493940154e-05
10930,-9.970958852788504,-7.525516757251044,4.625568679977868,0.6729173994705316,135.54063259016098,0.1759812881580105,1.441666717639542e-05
10931,-6.89976181365225,-12.434499256050074,5.138432570408148,1.6204621247652775,374.87400297172616,0.0747574466062586,1.4425970583794233e-05
10932,-8.336687017256565,-10.810902615348873,3.2407686245909617,1.5173198660003993,347.4386104851348,0.34556879693826925,1.4440095089172902e-05
10933,-9.297404553231214,-8.510513365467988,1.4785059253394366,1.7470978235365462,412.76767918554305,0.5142533442686528,1.445027016058149e-05
10934,-9.843339623893232,-8.015648530449122,1.82292954662274,1.0155901771933769,201.4987339499297,0.6331824320779242,1.448182927696403e-05
10935,-9.102484831393001,-8.862137052180824,1.532932471977092,1.2039265006941686,308.5281683432954,0.45255654145428625,1.4493286227595812e-05
10936,-8.606217554074089,-9.678645481792493,3.4728586391651497,1.356864196968753,317.3068479821624,0.1867564798666992,1.449385141058882e-05
10937,-8.37196479134209,-10.931707983857613,3.0143575230444735,5.185092148835913,332.96606117453086,0.18482580681613658,1.4514613054431473e-05
10938,-8.635820498226893,-8.571989707851383,5.060240854930058,1.742671777531018,412.37020806339495,0.3270346213884494,1.4534716843020902e-05
10939,-8.403311686882716,-11.104602945101368,2.708849993250621,0.8157202342891291,205.40890079159243,0.09557881699762394,1.4535987764833743e-05
10940,-8.508956367429132,-10.308129793417784,1.4831866754947762,0.8835997910490498,262.8286366573438,0.7348201811141353,1.4543552469168434e-05
10941,-8.392865798251123,-10.79224573783435,1.414247959575263,1.1777137799226804,301.4978988917545,0.6821296837500865,1.4565686661034577e-05
10942,-7.916651338349764,-12.294382648638317,3.9033548948528978,1.1015347858078668,288.3872418634021,1.2623036707926767,1.4609638782314476e-05
10943,-8.626648958378079,-9.049138270375863,4.351190508056045,1.0957952505797257,467.39404701343074,0.9344152344499417,1.4614378553563253e-05
10944,-9.293310483662404,-8.553671008228083,1.5351350287429584,1.1266582929514042,230.13547821182019,0.5985864985306888,1.463605200151508e-05
10945,-8.487415138358351,-10.730560146696721,2.4107163826530686,0.8672622111661749,205.25589484480432,0.7886787311746994,1.4647963713193547e-05
10946,-9.826287359118643,-7.652881463648328,4.6070222195936745,1.063098329511209,168.44193004981625,0.1767422477178302,1.4661561575752892e-05
10947,-9.924736218026352,-7.799829906298949,1.6884962210540095,3.2211048647883835,473.1959650780291,0.21218024998051987,1.4677446698673805e-05
10948,-7.006438690552205,-12.386992524358252,5.061419497490605,0.9631482756543482,468.5836295322041,0.2676839605910981,1.4698536046099645e-05
10949,-9.499630170126649,-8.382405715001664,1.7629900745574665,1.882141305084836,377.25685282765454,0.39893929007246864,1.4711106673256252e-05
10950,-8.379103802858314,-9.876145415703924,3.8622139746619397,0.9718291477033876,468.22454027244777,0.5273159888486658,1.4718522065326228e-05
10951,-9.080239389755754,-8.86764955088873,3.556269551404986,0.5919144326582502,122.99113528510313,0.5254326725329141,1.4723749552519561e-05
10952,-9.79430662703045,-6.3065895197389725,1.2948281949431801,2.351082271064858,442.1551233335458,1.956510135501671,1.4728005184598267e-05
10953,-9.637492836768887,-7.5711329882124145,4.96549715892968,1.8216574696024752,434.413344174775,0.39235815864649215,1.4733650622251187e-05
10954,-8.397057098046014,-7.973684165493379,0.28525640170625943,1.0351985257363365,282.08064198827367,0.9193266799634339,1.4734680809374604e-05
10955,-9.56094479306162,-8.16455840739653,4.0724609879366795,1.0904536016585227,283.95025938961425,1.381481513373724,1.4742064006132622e-05
10956,-9.8994904589873,-6.244704669838912,1.3802630402003337,2.71015892168231,474.8889525557839,1.6338685994702624,1.4750070870164532e-05
10957,-8.307310431483335,-6.136979779990966,0.11444085967071936,0.7429338904664176,468.1488554222959,0.24522025153556104,1.4750608779583537e-05
10958,-8.787230955875183,-9.625706849118636,2.039101297476694,0.9358755973886204,233.66549405931517,0.8818322986398703,1.4775400605580247e-05
10959,-8.10552898676754,-12.877023969275744,3.413792827574475,1.0780408725965227,192.34241051873082,0.11178422106805908,1.4787448731679999e-05
10960,-7.498380928546964,-10.502779060507565,4.996892030216217,2.175190757770262,424.7258810845672,2.130864515025988,1.4801901726594363e-05
10961,-7.966659158192887,-12.886736333178927,0.3876991429112412,1.1086464704246437,467.00993533893245,0.6351008246914125,1.4823339871517333e-05
10962,-9.641907235768691,-6.22865308336518,1.0839180361778016,1.1972232995692806,244.45182733923318,0.6846282307556777,1.4831666695155302e-05
10963,-8.183620317198454,-11.386417661928801,0.5745206755284666,1.820814421599627,467.86819475076993,0.5786965364030703,1.4836106657049112e-05
10964,-9.58072813697792,-7.562559198402102,5.0505459247462365,1.326230067821722,397.19470378109395,0.028740292514482846,1.4839253002088738e-05
10965,-6.8579174103849025,-12.309350558454339,5.167931230230914,1.3850858386631608,301.66056948967065,0.41224430005662516,1.4849050842862582e-05
10966,-9.481094699839574,-7.954846527125482,4.5997577443801125,1.4299771758290025,468.52982242012723,0.28533471824640966,1.4851731354318602e-05
10967,-8.194377537987787,-10.54672442951876,3.780943453098277,1.2056819968384942,268.9637270914012,0.35406507677415444,1.4852323676055645e-05
10968,-8.87124278644481,-9.467985286022778,2.341519568033646,0.819368770341456,138.94529430091728,0.08303727277276263,1.4865607988772288e-05
10969,-7.327002153140438,-12.066550412221083,4.794191006036105,1.3521576970815936,153.7387995421063,0.37919681183879295,1.4886279693882437e-05
10970,-8.328253122284403,-12.971470696870101,2.2120234244609995,0.592890733464953,180.56391792645076,0.4931998760548568,1.4890052575307783e-05
10971,-9.265492152590118,-8.119021769385801,1.0020545278411852,1.6524001425274157,383.9076653504665,0.17823453690403657,1.4916560247261058e-05
10972,-8.781296026359199,-9.633368344729593,2.6766687426407336,1.0421626421024577,467.04377769094503,0.6765911598526015,1.4916598165047753e-05
10973,-8.424696676372797,-11.097428710420287,1.9269885129436897,0.8520531813923458,223.69981986635804,1.4093692564527363,1.4934924818944297e-05
10974,-7.97370428629684,-10.903872814350388,4.085209860663702,1.0326553105915908,251.2463356403075,0.7580400004711807,1.493510058487825e-05
10975,-7.935234007859719,-12.530156552543914,3.8321059153594663,1.1358973621103179,293.5941575411773,1.101554714785455,1.4939533252123606e-05
10976,-7.897852699651427,-12.394215682302537,3.9212892411017277,1.1349841244860928,291.6843604022811,1.2279994952310478,1.4967846069673618e-05
10977,-7.722364275577299,-10.22220234761299,4.837960285042197,0.9691515252817963,255.8410834322902,0.5842036207069166,1.4971780117417052e-05
10978,-8.819358266452355,-8.628087584533732,4.614619238301876,14.904343832654414,691.7888686464487,0.051179982139074376,1.4975473625326976e-05
10979,-8.016568094721375,-11.151281162543013,3.9124712121815355,2.1433179288696484,419.64628494286404,1.6685852422232506,1.498226457148938e-05
10980,-9.129819700900104,-6.423772465198907,0.4263049763371459,0.8810190316735349,467.5354406016295,0.44011695430320597,1.4988882634711678e-05
10981,-9.793702452220744,-7.755327671403667,4.475727193306371,0.7320866446899411,194.92314509441937,1.2592314267142806,1.4991710559928155e-05
10982,-9.593434972816274,-8.244859146959072,3.81028146317604,0.9784713140841239,467.36787381343646,0.5415889800000846,1.5003646111073894e-05
10983,-9.833326872386417,-7.9627813159668,4.027295297286157,3.231185532481676,507.4022193913042,0.653403463778945,1.5025469737981083e-05
10984,-7.530973759737515,-11.647349755921457,4.602680742332068,1.582190689911962,365.5147546384421,0.4039160848765109,1.5049812322908162e-05
10985,-8.127563701991276,-12.987734522943056,0.6434517219556816,1.50818684552284,347.09721961167287,0.2890855444966931,1.5050155311918897e-05
10986,-9.767034438975447,-8.285125389419072,3.2223138488353658,2.4250191636482823,448.98015905133843,1.8252142435676975,1.5058799877587622e-05
10987,-8.606727515910174,-9.762485407045085,3.3178677189675922,1.1544869427794684,280.57802041743236,0.34137261346298686,1.5096003174148934e-05
10988,-8.434456379374772,-11.081398257612534,2.0843845793699423,1.2224895660354678,309.00359369565564,0.27849749602854423,1.5104170101047442e-05
10989,-8.182392972925298,-10.620371599407553,3.758079833220992,1.0441159543815397,221.91075499761962,0.9278479362020562,1.5106356340464835e-05
10990,-7.962131913752012,-11.391294688157213,3.951946120654237,1.156746133807818,297.2366924238238,1.7023594745233828,1.5118309194622393e-05
10991,-6.741995017788164,-12.905167774186783,5.187227581629933,0.8293768052994445,207.86303212869845,0.07064294995287401,1.5122229807014577e-05
10992,-8.353525356961487,-8.936276537539566,5.0288459208695215,2.338595295386343,436.9272969603236,1.3020352931555923,1.5122302129831258e-05
10993,-9.371819473471849,-8.477813548173671,1.6207867231137552,0.9331975906495926,468.3280063875315,0.5089118582797783,1.5130561608405818e-05
10994,-9.085731651393292,-8.958908681530726,1.7400285353863116,1.8636492846699062,467.2473432408925,0.40277499477308165,1.5136345373692186e-05
10995,-9.570560499682232,-6.829681881473854,1.0272704636469105,0.8275869526288698,182.269002268153,0.18121950874822357,1.515553077723163e-05
10996,-9.239619795788363,-8.706270542178455,3.466299577663112,1.168626480860922,297.7975973163168,0.6880593653639355,1.5160127447852594e-05
10997,-8.132731529486557,-11.384975722769648,3.5692104084208722,1.2967616654438074,313.5493365377939,1.680993089284998,1.516366776300594e-05
10998,-9.880981329550218,-7.413630295678127,4.855845358060732,1.0500425065641765,184.70416180366232,0.1290605626298813,1.5178839008181359e-05
10999,-8.418235068374265,-10.647906472723514,1.4341059518531898,1.2788674282769343,282.95928595526266,0.09921224740513335,1.5191273801861645e-05
11000,-9.116272500044577,-8.206632912986015,4.768089483395688,2.3044792980036903,435.9570004310365,1.5955045929619756,1.5196255558730705e-05
11001,-8.355389151990126,-11.08670732369829,1.4496321371233947,0.7411097769184386,467.2757355087965,0.30503596060901295,1.5217705428492383e-05
11002,-8.467473203763268,-10.839768431786496,2.2010349389789274,1.4274488739015807,322.4026799247616,1.0077845221087118,1.5222534948109267e-05
11003,-9.127905445176244,-8.06235511529334,0.6641092672606661,3.675054757858399,536.9020953335609,0.503874851172716,1.5281688284160747e-05
11004,-9.369311473838179,-7.844787113427568,4.936173390326953,0.8535597516418655,194.9530836622777,0.030037594687567726,1.5283907284835307e-05
11005,-8.84966972089755,-8.596217026985393,0.5584485809224946,0.8994435879835752,255.79478287954723,1.4400408605176196,1.528508412983608e-05
11006,-8.544967711677787,-10.358519476374155,2.5672359878482296,0.8745923068766718,468.54590821711724,0.878342180230467,1.5295821934341283e-05
11007,-9.29020683817607,-7.834776915480335,5.070022459951929,1.8225066547628528,468.34254134703855,0.6725883798419359,1.530567544146279e-05
11008,-8.014787561842274,-12.5456659149523,0.43443227493634456,1.851508906081557,469.35037803148606,0.034551073278909605,1.530678263465193e-05
11009,-8.155958172467596,-11.119222114348487,3.592700745570888,1.5785035815407802,388.31763149491616,0.15694592424011233,1.5309388276806532e-05
11010,-9.543417966421119,-8.473806735145102,2.179562281931739,0.8938319108006844,199.2122013573972,0.2509917182396233,1.5337534760182376e-05
11011,-8.289481808319257,-12.519685807371618,2.7455560622217976,1.0652788688502524,408.13099251357227,0.23157077546896776,1.534069018621129e-05
11012,-8.309644409808147,-11.412617923024618,2.9821575852367657,3.1458443239470495,511.729567214106,1.6657937614709395,1.5348030641623427e-05
11013,-8.359348605492745,-11.949913293222183,2.2229216252545423,0.8862659197551116,252.34924835539454,0.3693064630187388,1.5353811393703135e-05
11014,-7.869281104128112,-11.445249660994582,4.110105501236075,3.660358723389068,542.2770576985566,0.7093739977976172,1.536602002538604e-05
11015,-8.297531862608812,-12.375254562213518,2.727912388070709,1.5897831807029503,302.367131313707,0.08985978490836377,1.5374917648327394e-05
11016,-8.365664366481589,-11.513825077546917,2.6083958649927497,1.1295553993703948,292.2799017842283,0.36283067945313174,1.5384192026355493e-05
11017,-7.440065618609832,-12.659785710691267,4.5995240908246755,1.2530950260441374,262.8431437815344,0.05681268758065716,1.5389826630056734e-05
11018,-6.778928190047659,-12.509472749541679,5.187177895871042,17.33860206387791,740.0857326824339,0.11530212357356007,1.5403878643692615e-05
11019,-6.830818475875988,-12.87475252147825,5.133322277067924,0.872094484645854,467.7080746904252,0.7611114853850536,1.542783104220928e-05
11020,-7.70322746771931,-12.721559104476045,4.226418703147383,1.840561558288902,443.00579690622146,0.32098152486422915,1.543365719292685e-05
11021,-9.263527103674932,-7.270492721746088,0.608255129975173,1.079418066136064,221.71475689569073,0.677269546795368,1.545468389550031e-05
11022,-9.318255790335272,-8.736551898156302,2.9913325347788624,0.8471676355301783,194.50637954718403,0.40885637909847183,1.5455171426131506e-05
11023,-9.25757438779063,-8.379126756961009,1.2969203636976,1.3647938404147588,309.5558719879343,0.8409114214029865,1.5456627359104332e-05
11024,-9.590995068179929,-8.468174877013123,2.476724017395948,0.9092736964968534,231.51660020392703,1.1173111447778616,1.5594560840121523e-05
11025,-8.912153282031726,-9.360131455127082,2.210749071295468,1.554440698952468,469.88840813297077,0.07150140078986578,1.5632756041360795e-05
11026,-7.641160750360456,-12.846735899480956,4.309951600099059,2.0279726258154818,404.58000164189383,1.3015130513423738,1.5654592349207363e-05
11027,-9.727148576880145,-7.926922257778066,4.243648986380048,1.8926530450764882,377.5684731645311,0.770143735726557,1.567560787351242e-05
11028,-7.643365118974542,-11.563023781393841,4.44628207229914,1.2930962497515577,290.3042822705309,0.1564683816056993,1.5680446538439416e-05
11029,-8.599993224085186,-8.612075583061351,5.032724786457261,0.6011975596296824,133.2315678420147,0.32536544077127605,1.569052814141596e-05
11030,-8.325493040309771,-10.620970450694177,0.6670813702290662,1.1788387753440634,304.5008577622202,1.5643384473092512,1.57057374686622e-05
11031,-9.791375332267263,-8.213830541789896,3.3963819774240185,1.1016773358865868,286.17161088030207,0.646628602647696,1.5721899392954173e-05
11032,-8.54344969587035,-10.188883029640472,1.5539462584367876,1.115369418818418,263.50373153392974,1.3829432639843047,1.5723080010060912e-05
11033,-8.550372302094475,-10.202107502767262,1.6214917228297894,1.0931554872045353,467.87167216682633,0.6952343621860448,1.5731483386533267e-05
11034,-8.132163104148258,-11.211756920271739,3.6053678874409516,1.541959557008089,348.6070553371732,1.4548991586662554,1.5736180860835463e-05
11035,-8.79837448369901,-9.39361024540531,3.239924688047515,0.7376355546459669,153.42963081661748,0.3198549877521142,1.5737286280342933e-05
11036,-7.491141506685466,-11.877385626024926,4.604775026088339,1.1361435524994978,466.2388235023883,0.1621640305166876,1.5740836035588227e-05
11037,-8.488668106314233,-9.312499216097505,4.241814959909216,1.861718130638697,447.2637952471499,0.15442336057518968,1.5740925661924914e-05
11038,-9.477774722753649,-8.0776664390709,1.394379748621939,1.875863336905753,467.8618775658823,0.34914141921971087,1.576091281990291e-05
11039,-8.534460549822594,-10.436755794808178,2.372300123028608,1.1789561582663537,243.2650083415621,0.7854211248163114,1.5806790007845844e-05
11040,-9.998075665940357,-8.125766039715803,3.086796027111971,0.6379960626583704,126.06282168113835,0.16155602545284875,1.5807823384316488e-05
11041,-8.020997630458245,-9.670007976182124,4.759114623334893,2.0393892875466073,390.12415961162895,0.6458720572615908,1.5819659878396814e-05
11042,-9.645032865909991,-8.42040887772584,2.5696193519483104,1.1060405148938652,468.0238331668369,0.9079984567522823,1.5825431993120327e-05
11043,-8.463602320106927,-10.439555124156733,2.9636765009493646,0.9167510930480804,251.39490016724307,1.2694671947283416,1.582952247414164e-05
11044,-8.274419435272895,-11.915967636102637,2.940502608723247,1.2314586493685868,264.80647584650166,0.21570277831553586,1.5839743730341627e-05
11045,-9.63396853795948,-7.833481424203394,4.542380457931596,1.6319007918626187,360.1595133754852,0.66702471932261,1.5840337681723367e-05
11046,-9.955199373855558,-7.962425224599077,3.7821406063832135,1.0651058832941547,282.52219035130224,1.3520741132709082,1.5841751111531438e-05
11047,-7.268773947293585,-11.4833463533428,4.926699102201825,1.1180663770980959,468.0913770191875,0.7257967813842523,1.5848860294848764e-05
11048,-9.821048238221408,-8.256400524854858,2.478903686761292,3.787814359286797,548.6648752210933,0.6179850379216312,1.5852985761992684e-05
11049,-8.466968081004541,-10.50720378955728,1.5456880188405102,0.7838965992867054,234.23378401073,0.7905049749894264,1.5891635408685538e-05
11050,-9.043368730727458,-8.04049527869644,5.135354128854113,2.830863320236598,485.99152002569787,1.7346313997435638,1.5897150157707347e-05
11051,-9.721699206422832,-8.35894207080052,2.75676063045128,0.6218829093129742,131.75075861680747,0.1029396562926248,1.5899930215562474e-05
11052,-7.789318670589949,-10.124656462989284,4.7790433558697805,0.9830477536110137,468.0775842976572,0.3234474507184606,1.590013217953585e-05
11053,-8.116020604484312,-12.2614661276235,3.409532477760387,0.8086502769225469,161.05055337676015,0.08158564704366977,1.5902405516660515e-05
11054,-7.702738875071198,-10.3849094042207,4.754723677554768,2.0019735212080665,405.90105653629723,2.1540557291974993,1.591516668374278e-05
11055,-7.157269783513327,-12.487029001999543,4.905286167380428,1.7057367946663515,400.48417548810966,0.09613500956464893,1.5918765145698908e-05
11056,-8.029674347571165,-11.912483798682093,3.6768123813789777,1.451280763737235,328.5463897275901,0.6103863215032606,1.5938059231304895e-05
11057,-7.800855646090708,-11.738418467699184,4.158419467226023,1.205408800324713,467.87577642732805,0.588317768137351,1.594028440671859e-05
11058,-9.97635091765166,-7.5703150686895695,1.604495705393083,1.8138104408519613,432.8577096716288,0.286499164481536,1.5942461125191512e-05
11059,-8.627705475477724,-10.038629814503864,2.5560870439849666,0.9670235605034846,205.44134415608386,0.22760099288510371,1.5943498805353402e-05
11060,-8.324864764924028,-12.056147374996375,1.761990940959183,1.8158401571564275,435.0786566163663,0.8825936535543795,1.595983105600087e-05
11061,-8.785036095585767,-9.593877995245723,1.9746002819425126,1.305979809605478,293.2334150143782,0.4506028309914756,1.5962462126107554e-05
11062,-8.094769310840675,-10.596934054152864,3.949273814971407,1.207111601972446,467.7405030414675,0.2206939975355029,1.5973266100697688e-05
11063,-8.206705647648933,-9.508482622552005,4.577500370850528,0.9223409683369422,257.8566707963093,1.2673520606108486,1.5978878127483975e-05
11064,-8.728735497268671,-9.769120817555908,2.418349143589057,0.8135450945798655,234.91657038946042,1.5104744818852085,1.598592367374625e-05
11065,-7.18509426009574,-11.895436943943992,4.938154615395206,1.359900954284135,298.8617005927113,0.26136979626594936,1.6006398827777907e-05
11066,-9.381664237031186,-8.494318309388756,3.6115179939535,1.33078695686504,468.8242213082759,0.32842228581899047,1.6034486376486845e-05
11067,-8.499968729130252,-9.91886300291991,0.722697570739993,1.110936609057331,448.2652110790471,0.22132123021806205,1.6035920481010253e-05
11068,-8.045642063984406,-10.322765806530693,4.203631286623555,1.1301524656438493,467.2523177783493,0.4475293111116665,1.6037093514052536e-05
11069,-8.342974105068526,-10.727967120524564,3.203427374637136,1.1251170258207142,451.5718705615342,0.3479904036877821,1.6060464150351473e-05
11070,-9.259376516470175,-7.775196219243629,5.1835717381487125,1.6140727689473058,468.5113975157474,0.5810724561445815,1.607087104326219e-05
11071,-9.531428029517174,-8.145290631131697,4.118891260782488,1.2838224332440764,440.3447897951198,0.4776045646699725,1.608432103468066e-05
11072,-8.601998728498325,-9.747494358729293,1.2602161037498723,0.8842295348920459,191.31123340090502,0.7572205195966895,1.6102697766876027e-05
11073,-7.666494685435788,-10.105973091253837,4.968295852853714,1.2949554810866533,320.3151990471871,0.4004707645836474,1.612398758847576e-05
11074,-9.68706876847711,-8.267689333843052,3.4703004836223816,2.188669988685237,408.00714941068236,0.6175443122758582,1.6139303771863545e-05
11075,-8.198464798695476,-10.325510080459022,3.875023647035982,1.500600633519896,354.1869741199798,0.5416390562982274,1.614465683483762e-05
11076,-8.104224546839642,-10.27183786375194,4.114919553866491,1.7761131513280628,377.8627010885911,1.8084496658281024,1.6160048417562753e-05
11077,-7.277048788400288,-10.735089593084005,5.123829532088266,1.3209105991030183,308.8829477187386,0.17006831106021547,1.6189387847676332e-05
11078,-9.478674914348131,-8.580470660539259,2.598623509028616,0.9960786603521999,262.2894407851051,0.5164531535093717,1.619225388192538e-05
11079,-7.833693977860708,-10.202664935615754,4.651916305036325,5.6844620303850055,656.1189690419479,0.578172893401729,1.6197412517976512e-05
11080,-8.247394299767203,-9.573142376400341,4.423895083612504,1.4590133469139444,241.95536596591293,0.061334118864288634,1.6203320695476397e-05
11081,-8.15444932843437,-9.916232119073364,4.280693748145676,1.116115911846744,283.0563487775489,1.3681276388619326,1.6204416428024424e-05
11082,-9.001848492360633,-9.014156243606308,3.367280481426053,1.760062855496603,466.7536616254786,0.11922662664267225,1.6228076043950692e-05
11083,-7.760594994657133,-12.602022045094095,4.122457233871465,1.1900549848100295,467.99503047967755,0.36566704237316827,1.6244050264090594e-05
11084,-7.288740085930939,-11.466256832766526,4.900427305623961,1.044573055482662,271.85591566239094,1.579680968057989,1.6271534489224758e-05
11085,-9.971196788032847,-8.144225993169847,3.0269976886900913,1.8985120586508877,468.2362624016128,0.6122143544296152,1.627492257079077e-05
11086,-7.8570586931306154,-12.476246861942368,3.9592716923683735,1.1061852061437305,467.42750488726733,0.6563768055237942,1.6284793065387777e-05
11087,-9.448197728564951,-8.604394055319494,2.503891538375094,1.3919680143544286,310.4864904470095,0.5261687100827324,1.6329032858565592e-05
11088,-7.397917755309631,-9.613475349621279,0.095065861654178,1.7051195861561523,401.6785559547123,0.2797986326625903,1.6361876647956624e-05
11089,-6.990156100052456,-12.833533081639048,5.013568205618026,1.8342867369916,439.3334577881395,0.011629569442940912,1.636405410232641e-05
11090,-7.632677926408799,-10.138573681504528,4.989246754776871,1.4113036616691463,327.0054692635319,1.4879887792848931,1.6366237837993856e-05
11091,-8.082943367369719,-12.60199335865064,3.4473392883962934,1.86967066812575,390.94437270187876,1.9874830950415392,1.6373920553193824e-05
11092,-8.137666299502024,-12.518059867389368,3.301092323659481,0.9722146050759002,182.98852779032106,0.11419816377523961,1.638899354035719e-05
11093,-8.620069801605268,-8.56666063383441,0.40295801936949,1.8903517366704687,455.1260503575001,0.547769768629915,1.6395895638280078e-05
11094,-8.841288558997398,-9.093912847110449,1.1077785039884749,1.1443143386828227,467.24483522718066,0.4505533818233953,1.63995014101468e-05
11095,-8.649229417981367,-9.913214357327236,1.7981316453861957,0.6589849882348742,204.4289621165401,0.6778031922223615,1.6421753602608455e-05
11096,-8.06661301516177,-10.377997616704256,4.1179216878495915,0.920429078475335,468.07011289863027,0.7936451536471258,1.642545505834487e-05
11097,-8.47223783852458,-10.36330704403321,2.978682372266785,1.524199167213679,254.16082781289862,0.031958002156235565,1.6449971796400798e-05
11098,-7.357559785536416,-12.305713924230941,4.704384862241774,0.8041357119996742,227.9988683411275,1.3656619696181886,1.6469891871185636e-05
11099,-8.750193126093821,-9.69933005159566,2.4491004769462354,1.3683602525098524,464.9789816952265,0.42434484373027637,1.6496672818933142e-05
11100,-8.958396156070181,-9.24438729447585,2.1195135013201694,1.2020110120037466,300.9879460000665,1.5079376789563979,1.651258775327769e-05
11101,-8.262384434536141,-12.443299318780193,1.5116260356196778,7.6245502758579695,700.8289199760484,0.24314481473014826,1.6529318609920613e-05
11102,-9.448479069073644,-7.816556885445501,4.8263606436974325,1.3674268252415491,328.8150862236424,0.45839738589753765,1.6548948704309788e-05
11103,-9.365756099309458,-7.406862366309206,0.7758126186904643,1.0310326475975555,468.10024910732204,0.7308617415632215,1.658585263843389e-05
11104,-9.134987244429775,-8.595682491609534,3.959650921300263,0.9804328497239203,272.1134222575357,1.4530122688721363,1.6593068917019866e-05
11105,-7.987596791007783,-12.670542508313924,0.4140650350633895,0.8177044268116186,237.94381804721615,1.4652595769589185,1.6600166308684235e-05
11106,-9.621237890003332,-8.400045601810815,3.108604981182537,0.9725741827016772,468.74184111614886,0.9126560420951861,1.660021450190669e-05
11107,-8.325924863499282,-12.501138402498157,2.1865488531669794,3.655427413955462,520.6650488028855,0.2640644664385787,1.660232763296844e-05
11108,-8.108546535909984,-12.760564314369425,1.0511142084624188,1.5130811944256655,414.58726846053617,0.30505514350607843,1.6611516675034104e-05
11109,-9.73189534807263,-6.0622682484048624,1.233400686238703,1.6199902580459524,470.4506435966416,0.0492364420863467,1.6611531832596873e-05
11110,-6.971617358347069,-12.473227598012238,5.045586034938221,2.80806708353093,463.5611293989987,0.22118251160939462,1.6617991323481352e-05
11111,-8.501711428294588,-10.532781594275345,1.968736995667914,0.8751670932248157,235.87452461199462,1.164143935947238,1.662351915523229e-05
11112,-9.831130975258295,-7.896932131297241,4.111375895754195,1.5590128441317574,369.4739393129757,0.5232503940605051,1.6649489847602e-05
11113,-8.250744088234113,-11.588574831261928,3.09702299242199,1.552447851242935,467.68880464264043,0.094448855608948,1.665712253158029e-05
11114,-8.31978675957223,-11.94062594551013,1.7153715369977403,1.8633812960433076,467.9450182595473,0.07448874008392092,1.6687008266766355e-05
11115,-9.59909895862411,-8.450121331489429,2.5572260075974236,0.8430798836879508,194.50250697985106,0.6195809062923718,1.6700496063575104e-05
11116,-9.751682943909964,-6.404325888448644,1.2752399703246406,1.379341601603912,334.1013000139126,0.31034179030335185,1.6730138512565103e-05
11117,-8.690137926817583,-6.8748354033102785,0.2813281195888003,1.8496543477319483,444.1069342091899,0.15625207993473644,1.6738657957337727e-05
11118,-8.522259607868518,-9.2868737457846,4.167414773136357,0.8407973366437812,204.92429599728445,0.0871961966094732,1.6742566344782788e-05
11119,-8.744642850841386,-9.687685687626267,2.0395025250737295,3.479137501167376,533.7445321016386,1.0756648581875465,1.674406724734318e-05
11120,-7.275742956001221,-12.441475864323685,4.777098607195325,1.089757674498009,221.53851840773282,0.34375854012236307,1.6767226407371245e-05
11121,-7.7227989744561345,-9.632482522562574,0.19866644976407727,1.8738481907800006,451.7615339733864,0.1969770216504214,1.6786807066851644e-05
11122,-8.043747111261519,-12.743787356883644,3.522100284666909,1.0940738273569717,287.8065743332673,0.6024902652711113,1.6804050227803535e-05
11123,-7.704620648600805,-11.058139299042162,4.454712374570975,0.836899428020043,166.94457331926324,0.9934997494020088,1.6822682744655654e-05
11124,-8.128976382224103,-12.927717574694373,1.2082384582084749,1.3945390366887873,317.82501394543453,0.8584237393396892,1.6825058095741856e-05
11125,-7.296298143681356,-12.646261894419037,4.7385078232173266,3.0576543959041325,503.46942555646785,1.3514990101916844,1.6861292210317138e-05
11126,-8.558155800534351,-10.063869891835695,2.9541756741372738,8.642052137024969,711.9889723930821,0.2241718098857648,1.690000923743573e-05
11127,-8.905536650516655,-8.14121399532889,0.4921431284264155,3.218434482725503,338.2387896741001,0.08306444387362522,1.690764305502552e-05
11128,-7.9392525336314,-9.675942823381057,4.868513822550446,0.944822055498448,469.82685001551164,0.1181759420503079,1.6915187937469772e-05
11129,-8.32531229178022,-12.260227162484734,2.3736349289956458,1.153602824537965,466.96605446477946,0.49651546385789747,1.69230450833446e-05
11130,-7.213542145671876,-11.470193544163399,4.965008103498926,1.23493131473268,198.04778684725298,0.12232066584167978,1.6926205963406588e-05
11131,-7.822001300065802,-9.562540737933745,5.1612583033677994,1.6838688855960342,359.7479907513529,1.135426262420144,1.6930786148977858e-05
11132,-9.471534856580943,-7.540408986851786,5.1775678247518195,0.8164969141412901,165.6981436457718,1.0540259227842128,1.694124468024214e-05
11133,-9.993356660636348,-6.861510111749474,1.4885538921675063,3.827525509709927,526.915187791624,0.21300810255224167,1.6947441010538308e-05
11134,-9.558977782099735,-6.885978365802933,1.0378473288409054,0.9839658988121718,272.3134470133857,1.74753606104853,1.6964560954040745e-05
11135,-9.812895397578236,-5.989153081424329,1.3199358863825472,0.6525916751237895,195.15028729596003,0.5388391342307459,1.6981909015837282e-05
11136,-7.004328151947472,-12.02341614188363,5.057858343832505,0.8917135013599155,228.57020826561697,0.7440338945895197,1.6988780839924922e-05
11137,-9.570254469984155,-8.158395257042184,1.5967802931805577,1.4078169098846003,315.5185389554995,0.06286418132232008,1.7002394994853514e-05
11138,-8.312040730720902,-10.818072092438866,3.2184853375334828,1.6592744835032784,390.49167348212103,0.5073070071756387,1.7003861660658497e-05
11139,-7.644994601959229,-10.992695270653227,4.56106309265879,0.8898547573942261,468.2703174578732,0.5642387287152273,1.7019216195135237e-05
11140,-7.569464041555905,-11.53299446711258,4.531323827586649,0.9074117596201233,237.13562071120685,0.7519610859465207,1.70199755316405e-05
11141,-9.269630244318936,-8.7478726375005,2.0782154977662333,1.827509729448875,438.0344149077552,0.05364093368856171,1.7034195220384976e-05
11142,-8.39162532247026,-10.500080321671664,3.1619119032571428,1.884682159980921,454.4163071065783,0.2546326707087134,1.704686845799091e-05
11143,-9.11071282256359,-8.970508653787116,2.0591850432062513,1.1139853060119744,240.84267919600876,0.30946757070257735,1.7052485947705912e-05
11144,-7.773744994121309,-10.50616901042509,4.559489864035916,0.8610694295406335,185.4496601613373,0.09717930202512637,1.7058724044712032e-05
11145,-8.159784273570724,-12.574606413373958,1.266713165808724,1.0348862353356791,141.481642346357,0.3498782188341272,1.7072627595420516e-05
11146,-9.511345472944482,-8.455496294321382,2.0906301237189417,1.8146477143559516,467.6253080643648,0.4540069828897906,1.709469296265035e-05
11147,-7.481590090293103,-12.65358865021716,4.5136005820234155,1.4107048693480904,329.2727767418047,1.4785350528818704,1.7106334602181447e-05
11148,-9.76232171017797,-8.221521131308151,3.3678521999526834,1.076192638113852,224.36857818386412,0.3804832575720507,1.71202800821901e-05
11149,-8.179071558056851,-11.630482997974006,1.1277655469146575,0.7159440879110648,146.84155912405376,0.3599752020012641,1.712460953624671e-05
11150,-8.27351326229931,-10.599633927140397,3.4714322496963135,1.8450340987398302,469.8452227562887,0.12658863543667298,1.7132180625298712e-05
11151,-7.482682466112106,-12.529914303836708,4.520786389049242,1.1163280902732837,273.94030111900474,1.2614771443599642,1.713398970158283e-05
11152,-8.571847070486811,-9.744952153812026,0.871790323583957,1.3812080360256596,467.7730468314591,0.08342929101465568,1.7142975597055906e-05
11153,-8.297410908509853,-12.57818685450248,1.7866657414774059,1.0143605346568836,264.4902990209383,1.3300801432463354,1.720361806834206e-05
11154,-8.861781416033633,-9.405719142389135,2.7263212446540335,1.156189972238492,467.41276786508223,0.30150249934715934,1.724670505573262e-05
11155,-8.017659879910159,-11.882036075085091,3.674878526258243,0.9433319888749152,184.1584965082934,0.5346080185812179,1.726434004777154e-05
11156,-8.352906717695028,-11.462351100859298,2.6000799815349107,2.3384112398400734,437.3108469594128,1.3462028388598695,1.726473593336832e-05
11157,-9.64495366657695,-8.366859412783759,2.311089864583152,1.0643369902102806,277.0344241077965,0.9639697918737822,1.7268334080813264e-05
11158,-8.302187743549748,-8.027513217889371,0.25116023639913143,2.8734852156084907,486.0504175246847,1.128825160577823,1.7294501301513176e-05
11159,-8.282613160180793,-11.875952859598815,2.836286878143894,1.871501273017393,468.0453791200247,0.28370603827378016,1.733344038040899e-05
11160,-8.842595079440876,-8.802618417310732,4.201051272315029,0.9743217662765097,132.95081612103996,0.3137361588243506,1.7335408138616236e-05
11161,-8.784986960891853,-9.281293303991013,3.456068856929342,1.6737944070120934,468.5483064165905,0.36027890891149283,1.7355038201779623e-05
11162,-8.851929816228376,-8.897210435013172,4.00950516161729,1.120041293077235,468.1218116930239,0.7429159117275983,1.7361587402589872e-05
11163,-9.433944795762592,-8.561169071766024,3.118928445734096,1.786447399818612,431.7389941166541,0.4460982226771133,1.7370711401831996e-05
11164,-9.76740266115136,-8.135093328999467,3.6266845421864033,0.9656109619799733,468.58722049419987,0.5989822819947879,1.7375947859203207e-05
11165,-9.813216292863848,-6.235541138503419,1.331418416684914,2.1020616529993945,409.3856889262563,1.0806696748807783,1.737917628252919e-05
11166,-7.451672374277194,-11.76004015521454,4.640571109783716,1.0164903955720248,278.08721082478115,1.4263354518132312,1.7387364917073696e-05
11167,-9.519689997655622,-8.245371167555904,1.6294716134699831,1.4638984060135791,336.12841136964107,0.11680286415836338,1.7402393599926103e-05
11168,-7.041458087057763,-11.868992804672976,5.0415600765294775,1.7000596114804931,341.2935838149819,0.2013130130685381,1.7409936860598735e-05
11169,-9.967516159827005,-7.081246224674252,5.053153764264208,1.833338971309485,468.5521903226257,0.46390797591195376,1.7435962931443094e-05
11170,-8.289528763412807,-9.14142553467795,4.823060180812657,1.252316122429749,310.2751458988272,1.0828948325746923,1.744042097399117e-05
11171,-8.151471492757196,-12.475811380079765,3.2311061585442937,1.8543373980901103,468.21484811422613,0.29653265161302134,1.745300247237807e-05
11172,-8.452478551139894,-10.74671528928641,1.8913311304553528,0.6362856532605047,171.68605230372862,0.903606493593407,1.745575286026951e-05
11173,-9.84729775440335,-8.069626620147869,3.6404598314288608,1.7848615956549776,468.0661651384553,0.3723611334851693,1.7486399152671397e-05
11174,-7.774934743876898,-10.217859673825206,4.709024467099024,1.1601514123481316,206.54047130236248,0.08870508112739284,1.7513849590279733e-05
11175,-7.932284646309874,-11.960956277546622,3.8399473504370905,0.7413037543700136,148.919561962541,0.6646563146082265,1.7515362917915274e-05
11176,-9.449786496790654,-8.34384398499218,1.6340583905426211,1.8435935500038128,441.8287499996535,0.02642733832116484,1.7528812237103685e-05
11177,-8.234940024065253,-12.844753064749582,1.4774279596899618,0.6716499549315175,133.0489600968703,0.1214861918818908,1.7540796328046257e-05
11178,-8.073057636880899,-11.09353233610759,3.7390705535340123,1.0792965271462032,286.5626625431382,0.8606905920545671,1.7542098270675034e-05
11179,-7.318840449013281,-12.074107846497704,4.752378846360213,2.463495536503736,450.580062457449,1.3522700667579324,1.754901936205773e-05
11180,-8.322022498642283,-11.144689932017453,1.4237572792587803,1.776109056455647,369.6060392370896,0.7461872349243484,1.7556459123285227e-05
11181,-7.474213739983319,-12.79901272357559,4.506588832745204,0.810353609955134,467.7199614553851,0.07791231815181465,1.755749184283442e-05
11182,-8.360656004178725,-11.33778289466706,1.7287045646511543,1.0210646688957348,467.34724540173187,0.6438858314339262,1.7575582138260943e-05
11183,-8.886594099252461,-8.339011417497215,4.896357588773925,1.1002407581590135,284.37937185279026,0.39980663603382727,1.758158182567786e-05
11184,-7.533162390225551,-11.664411862726691,4.546666846107933,0.5840188856789968,131.1570164025231,0.32868369853647383,1.761177462000684e-05
11185,-7.02280827387775,-12.286107311185129,5.005762698262827,1.3442182934978018,323.4240173539014,0.3125542798338108,1.7626408899200886e-05
11186,-7.869666580483114,-10.765101380498757,0.26923014985725935,1.630483726438064,385.52303658047947,0.3249535825669465,1.7636063547734727e-05
11187,-7.915576235577051,-9.455931689621181,5.106756708197499,0.6855601117244047,189.2797460163205,1.2887593576252003,1.763862644906087e-05
11188,-7.545334745060396,-10.567819670712815,4.852437934504278,1.0764494735660683,467.50934990403505,0.7651156992316475,1.7645949731696483e-05
11189,-8.291784236262256,-8.954952183712802,5.056742907651007,1.172868811857878,301.17638815224797,0.9775146112832092,1.766213999415344e-05
11190,-8.297055243017859,-12.45485122874428,1.7781214770461824,5.375991670306701,640.7114546407987,0.5174083764325106,1.7693720354329726e-05
11191,-9.375428151835541,-8.660756343501962,2.4388171136208103,1.0440208802426652,275.21984356626643,0.36972002037221596,1.7713828800167254e-05
11192,-7.505538268942179,-11.321592728740217,4.649983882825681,2.177373813219695,424.2972757016266,1.8901120304079155,1.7743526783564052e-05
11193,-7.772722609161461,-9.70947455040817,5.085155988436898,0.841393106820062,194.59342680267707,0.37517080433570005,1.776142924485149e-05
11194,-8.423390616506444,-9.524845932661574,4.061344484119796,1.886383985879875,468.18451194220273,0.46674540150266264,1.778268800865284e-05
11195,-9.580091630939934,-5.411735704253146,0.913066865496331,1.8285651258310673,442.86083396667726,0.35495753397687047,1.7825455184490882e-05
11196,-7.3970933756209325,-10.823526047679751,4.928703056187793,1.6195699140566475,378.5403048364373,0.3797242249469841,1.7845765570348465e-05
11197,-8.293139772813511,-12.202781992934657,2.634891273161023,4.0012041326103525,339.7949237698782,0.115784483362952,1.7890800706469915e-05
11198,-9.287817865592396,-8.415735539540119,3.9621252116995245,1.0010661347030019,208.49042490997343,0.015284369718307822,1.790484736262151e-05
11199,-8.042981155951237,-11.657779607617188,3.6428405320176784,1.3104928276660743,321.43308045113713,0.5636531665010134,1.7913250287286904e-05
11200,-8.846443422272086,-8.19890323272962,5.177862932846455,0.715372485296819,204.2885960450413,1.3236639471534772,1.7945733571660192e-05
11201,-9.148965863110778,-8.748677440785364,3.504704606102422,1.0703003185170379,278.7203422548766,0.7614163405285366,1.7946637135847493e-05
11202,-7.834968882684139,-9.700369754296704,0.24980205961065638,1.095711663789141,291.6410705504748,0.919097809960304,1.8026601615732675e-05
11203,-8.869323747776154,-8.643076132074324,4.403505497340483,2.660694009931868,468.1250913245389,1.2172762261879706,1.8073878023565198e-05
11204,-8.120991462397047,-9.991218662302732,4.242038542008176,1.6147720057408799,377.41967079409613,0.26352195866689065,1.8081554322067538e-05
11205,-7.980866292661114,-11.145723998666291,3.911420104803613,1.553012987641223,348.31690028382206,1.4831891083983733,1.8100784552053365e-05
11206,-9.036293575370118,-8.5207364569441,4.27945171733473,1.057277825937981,277.27437362884365,0.8264227078453548,1.8116210820170167e-05
11207,-9.874175976509406,-8.191313604878996,2.5737565469988617,0.5298620057270251,125.56931167304103,0.36310635471031105,1.811739738576493e-05
11208,-7.335712439707396,-11.247920336588766,4.866506307047798,1.2859890581475697,275.07344792593165,1.0375979741168058,1.8122109681669932e-05
11209,-9.194390403717254,-8.8720725315749,2.3102763667860913,1.5720399105271055,371.06676705145816,0.3678741154129943,1.8134250818637665e-05
11210,-8.312874562518008,-11.464681086862509,2.8033357134606898,0.9024766489427041,257.87653736334437,0.9711325439643179,1.8138797777520645e-05
11211,-7.034757687000962,-11.8702358756152,5.035333688280567,1.221620444641439,309.76170570824524,1.6157906814082237,1.81440486890192e-05
11212,-8.542175765781861,-10.32138442530502,2.1245392338201583,0.9595537474129974,170.7352800310057,0.3602685386698923,1.8158685084633298e-05
11213,-6.9598936728151255,-11.470026932229192,5.157330404901669,0.5315413442558324,110.88346212795246,0.26039731580724457,1.817224283898602e-05
11214,-9.108385437429188,-7.909426827702535,5.175236394187646,1.500189200342886,337.74335445676303,1.0757348782285758,1.8174953549746415e-05
11215,-7.43518563210522,-11.10404921063213,4.788448819431701,0.8844734136420656,467.9848731378308,0.5688700932870949,1.8182801523543486e-05
11216,-9.119524937737593,-7.915011730264227,5.147770700950275,1.4072622477179668,321.4128121489286,0.9453356740493337,1.8188523283052187e-05
11217,-9.680266480076924,-6.546471955755084,1.212755878630581,0.9164520809427645,177.3921625365772,0.4381120836358656,1.8195396429049206e-05
11218,-6.822817458715657,-12.42675711917886,5.120473599482444,1.5466021543943227,346.5866742831031,0.4363212108185843,1.8204744720548478e-05
11219,-9.986345952793394,-7.860798289804833,3.887346038737227,1.7716517462570975,421.0595112446097,0.07559309114624302,1.8237646928208484e-05
11220,-8.284354229271226,-12.803410665819047,1.7930673856432544,0.9848119614795647,466.5114392568272,0.2787427804434026,1.8238905381812667e-05
11221,-9.70329395976293,-8.295438459101893,3.168808739788246,1.7751080591887378,420.4851561233975,0.5498565846214714,1.825933876734372e-05
11222,-8.358639934906233,-11.485970973343353,1.9081016757454945,1.0257325419603078,300.1438740774286,0.19135873904017675,1.8264965167994097e-05
11223,-8.439904434416807,-10.688503400534831,2.6358013704936476,1.504015472611965,340.10341939748366,1.0727775018157422,1.8277179567783387e-05
11224,-7.112587132680973,-11.333535119370543,5.064031941485884,2.4786131033551877,455.89891222548476,2.3243013467891984,1.828375758471005e-05
11225,-7.515668228147368,-12.234387652677789,4.481650605594023,0.5097766787931691,136.1058988347097,1.2065012979365308,1.8302668861303927e-05
11226,-8.67182136509532,-9.86972399565341,2.3574739598228183,3.684122580005717,549.081575432916,1.1614686179054141,1.8321119059367853e-05
11227,-7.30154014465955,-10.689895741791958,5.0784651593206664,0.8734809924006772,185.39604147450953,0.2603438212688749,1.832113976044633e-05
11228,-8.029063569361245,-12.410070650280169,0.4534431579398999,1.0262391748831678,275.41059258122846,0.3450093353803334,1.8332665035186232e-05
11229,-8.396036104727399,-9.641365242625033,3.972857047293304,0.6728217399510322,121.10404289741939,0.002634271571188229,1.835012109557258e-05
11230,-9.723149842221735,-7.492630088826641,4.867110246771525,1.6520971149614743,389.0198415485899,0.627627288865181,1.835587939259397e-05
11231,-7.529316538342465,-11.86476357919591,4.505827556578482,3.3190688458328417,522.7222773881053,1.1611583411400135,1.8383180595441193e-05
11232,-8.184338442135573,-12.69765857187432,1.3545679833703073,1.372762873307742,301.36638205445854,0.17357375243482043,1.8397160304296483e-05
11233,-8.351621676023477,-11.602253450163772,1.962609992520239,1.1222154329066358,467.2194588569679,0.6361608411575572,1.841000809706928e-05
11234,-7.886317250421537,-12.621090219647837,3.839647803373617,1.6419825160219867,469.67700115519494,0.20822823639797772,1.8442945728745554e-05
11235,-8.405615069839794,-9.610512722494438,3.9823895171927437,1.0901571852743888,260.73931675631195,0.47362277079639714,1.8479822434440904e-05
11236,-8.164091183105445,-10.844642013994713,3.5974583265857234,0.6527190246301534,183.592453861929,0.43319053380936623,1.8491507221261306e-05
11237,-8.063235833452644,-10.167216290726657,0.31912141603178606,1.1560014948688635,288.0221035558693,0.8448624137870366,1.850915678680736e-05
11238,-9.626214362848277,-8.370168519817476,3.085435192941121,3.265460144105517,274.5760957682638,0.4934776033205628,1.8519387923555153e-05
11239,-9.144045360358525,-8.749724600905697,1.5538790892790224,1.2112585318134956,259.7687629815796,0.06349138840163615,1.853739310335183e-05
11240,-8.464874944923924,-9.576297876255524,3.8778844671693906,0.7732842396710418,212.7398582555685,1.38002962436222,1.8554647915021228e-05
11241,-8.444915203943665,-9.052287079655219,4.616654348155386,1.6963882107749257,367.82689104748295,1.7889381514295453,1.8558667237980942e-05
11242,-9.619550513795673,-8.146125515414683,3.8653556137999243,1.852527689010333,470.2228507314084,0.08567984654774463,1.855920879266417e-05
11243,-7.159677687553361,-12.759382538337325,4.839020907443895,1.1721446055157387,288.58994157894983,0.5122885878634547,1.857901773175021e-05
11244,-8.212323832843879,-10.301451085527006,3.7935272477642004,2.502608294972777,458.1151697824794,2.3275630663191613,1.8582356461822962e-05
11245,-8.251255154851938,-11.30412367232038,3.1296276911094676,16.304678955340314,615.0905597367093,0.04340182406748383,1.8591014616376427e-05
11246,-8.860015290716902,-8.865586722230926,4.012009225326147,0.9504306323448617,267.2432197847058,1.6716022774314343,1.8594185926584918e-05
11247,-8.056248674180452,-11.089584528611038,3.7512652881815445,1.33721323552432,287.6357824631977,0.10505206916120002,1.8605644217521134e-05
11248,-6.960088599049534,-12.615847788013935,5.010565108287738,1.1636069739820492,241.1637789106846,0.4205160768174805,1.8608097747354883e-05
11249,-9.068968824080986,-6.737986033135209,0.41463094424245595,1.1235262710941145,466.08079645597,0.6985487816024873,1.861517257177986e-05
11250,-7.448653035760575,-11.051913212823457,4.779283174311952,1.4583815350578855,342.7287445031569,1.006315888232436,1.8642774314901757e-05
11251,-9.710884492437426,-8.064657646195291,3.8799113116367137,1.1349611452573147,459.9369227741887,0.3859563687629235,1.864573433102573e-05
11252,-8.668088275068465,-8.418239070871799,5.1392733998835425,0.5920982065342547,122.61406664139699,0.5598732859569502,1.8646025281017603e-05
11253,-8.617137700155515,-10.02963808342595,2.3328554814657054,1.1708151680341246,223.28466673091657,0.03392968478206182,1.8658196585229042e-05
11254,-8.440159399778612,-10.615454179172833,1.6270825068841168,2.3443719686198277,434.9535737249348,1.0744845461764339,1.868970894066223e-05
11255,-8.943445791575165,-9.104759761257911,3.225178332898885,1.1876283587200038,267.66186079265924,0.33673716438137813,1.8706235773109258e-05
11256,-7.8542718823005995,-11.732321168864651,4.0055608738128665,0.9716514940335594,274.23639499483016,0.37598738735205917,1.8758701711277825e-05
11257,-8.310118466723996,-11.170743227951643,2.9499330146013447,1.2381932505301558,263.67131206983856,0.12214464822195303,1.8769497598849758e-05
11258,-8.200438519568765,-10.807789466464431,3.5087720919965166,1.1489198167429533,468.3722824813397,0.5258116805489133,1.879949002722485e-05
11259,-9.848309676744133,-5.214230361786841,1.356930131378946,1.1084684655392851,287.09480441763753,1.4376765328658427,1.884167994886448e-05
11260,-8.734406121770814,-9.677813985939018,2.518498609004675,1.2304755928474942,307.7378145913796,0.9417132462016484,1.8857492709747716e-05
11261,-8.255891291873269,-11.817282631242211,1.4378746200367807,1.7449428200438024,469.1376550656896,0.5616535852872842,1.886682394751942e-05
11262,-8.281143359905334,-10.987736158058095,3.1632331203101334,1.0525093670092736,468.10591138987553,0.8428675834789319,1.8880585986148306e-05
11263,-8.92740837355532,-9.279034250950678,2.514028446315798,0.6860805780987009,138.51632524497805,0.8927007237310978,1.8890679771735744e-05
11264,-7.563512106387248,-10.515243471056262,4.830383751284675,0.809934763577847,468.54276326962497,0.32304702109886474,1.8891428782004273e-05
11265,-8.524886930454253,-10.24847017117718,2.6930646728619605,0.9397448203622185,180.76529593145065,0.11042404453958543,1.8892974820939714e-05
11266,-9.648185238562363,-7.847301684169438,4.41736943197166,0.5474093864866824,163.33447697915395,0.5931373753217981,1.8921960970752907e-05
11267,-8.57499548881293,-10.14716834409442,2.4645680812768145,1.1024172234722156,467.4796732437372,0.6868455698477893,1.892654044269095e-05
11268,-8.211013674890168,-11.337651488548447,3.242047695487298,1.8659728442470291,447.24095023955795,0.46231134694353315,1.893292982126055e-05
11269,-9.027693892227706,-8.5588345539988,0.8334918362934927,1.0857102110761865,274.06022755510963,1.5434223901156496,1.8940644051007118e-05
11270,-8.301646487396779,-9.528496780214521,4.297755988035117,1.0207976000790515,279.9679317618248,1.2510198256049465,1.894464445590213e-05
11271,-8.535234261626998,-9.111999594311332,4.33718851299471,1.8855375539758652,467.94451518779374,0.3348516322730193,1.8950665778231746e-05
11272,-8.20594619985592,-11.86934160416139,3.0977644061876712,0.9957385679729996,175.6241551972755,0.14830317441619556,1.902159152429107e-05
11273,-9.119134122518117,-7.909475090289707,5.140262370179247,1.056862416660177,189.64920924060198,0.1443349365203579,1.903268362174237e-05
11274,-6.927591136433582,-11.871032589411112,5.100343990114294,1.080693331593965,253.08649266008038,0.5663552484946317,1.903448316182851e-05
11275,-9.268648770908861,-8.060627576494264,4.652120112224478,1.0917541197251308,165.48204746387313,0.19174053832059457,1.9034591686989725e-05
11276,-9.64335421366638,-5.168267068363012,1.0763086063655851,0.6972280749938123,191.09597304687355,0.41367692805120804,1.9059643836382993e-05
11277,-6.902467323443039,-12.557603768706954,5.047702081954127,0.9239687420049888,199.1008710406964,0.24993292730217842,1.9063415074771754e-05
11278,-7.316659840450573,-10.944390279523873,4.958651788774005,1.8123433104301574,469.6176860035928,0.23525485373304633,1.909069808370396e-05
11279,-7.664794651426597,-11.857254236209751,4.300182282522395,2.2923306194640176,206.46207554229875,0.24292832821658195,1.9104204696594516e-05
11280,-7.8458289580852,-12.722158862319787,3.8987693171832953,0.9631739615366819,467.95189093990905,0.6096317531172515,1.912194618849579e-05
11281,-7.02864154200531,-12.421980740889108,4.964282740569547,1.267933982300851,318.67301179927546,0.42745310613423104,1.9193572481351072e-05
11282,-9.753803241321597,-8.207985103443074,3.3214200324899092,1.0012948454051354,467.77640423512065,0.6061642201470896,1.9198843838470787e-05
11283,-8.656539631744323,-8.472540764061968,5.062428962855296,0.4653500569792948,131.75457151585852,0.6208900044712342,1.9265360845974973e-05
11284,-8.757528195625609,-8.418679949802188,4.965099439837961,0.8264927237143745,154.87807838879803,0.21984964712030308,1.9267047177099647e-05
11285,-8.182091012373208,-11.760545353912676,3.2010783446541424,0.8024463835407433,234.33193965326524,0.24870930754542808,1.9268699560860858e-05
11286,-8.345100230535978,-11.647651167012917,2.067201015041949,0.8333783483535421,200.44516437764472,0.6506115028159369,1.926903502221537e-05
11287,-7.606200912759339,-11.83211705272916,4.3881537672550905,2.8487374389113866,449.46499384898226,0.23447657270418354,1.927103459618068e-05
11288,-8.124289740199094,-12.360216909377861,3.275187366341234,4.325910420284862,581.5534829340711,0.5225815820493009,1.9280522781056832e-05
11289,-6.8168512734034845,-12.097960301965779,5.138643697340571,1.9071363766230172,468.39772853653034,0.4010656308802112,1.92806119150115e-05
11290,-7.785498302226625,-12.71183871162848,4.008882991664585,1.2120553054749168,254.36283649016232,0.12957198160544703,1.9319963879928986e-05
11291,-7.512149588897553,-12.84316516851001,4.423987971064809,1.5268569067645086,352.2907903143211,0.7174816115968969,1.933029768028193e-05
11292,-8.174605026217158,-10.209128860083226,3.933060693045415,1.0480443665306862,263.8959487073705,0.5683326974825365,1.9375965752440322e-05
11293,-7.337526583827821,-8.421756331281257,0.0059919466062951605,2.283060481254802,435.5833612960307,2.014150512604833,1.9398157481509312e-05
11294,-6.819170664965769,-12.133013759614242,5.131648892658377,6.801124272313421,468.6722643946261,0.07453760310640245,1.9403909468763775e-05
11295,-8.514076414330926,-10.248694996106668,1.6200595848640547,1.1653458337055898,240.0022083607429,0.06382880484902387,1.9405580709964847e-05
11296,-6.613820168964573,-12.97669119768674,5.17157029555292,2.67244741558396,468.1670035798805,1.1890064394781783,1.9411190088012823e-05
11297,-9.167223030146358,-8.893173829634964,2.346250435294536,3.0970432242355788,499.9562205381249,0.7393033269773692,1.9417581473749386e-05
11298,-8.873683415643164,-9.35281689282559,2.0678398093149224,1.8457704705176985,443.43089250590856,0.12117126494375974,1.9458600002316585e-05
11299,-8.5732033431892,-9.864930266789237,1.3705477036516183,0.9513459940389454,247.10824517930587,0.5209589722533625,1.949874000545492e-05
11300,-7.015999882341232,-12.75585335283567,4.946646156574655,1.6855347961603109,468.2603027985585,0.7941211615717334,1.9499115290840708e-05
11301,-8.331745210205948,-9.900256216297569,3.8177134345469446,1.8395269198058664,467.95557752915715,0.25023704037975225,1.9519596665207883e-05
11302,-8.22817923619549,-9.263306547754917,4.74147982612082,2.5517044230646104,455.91184366299797,0.9904223976640951,1.952921603842022e-05
11303,-9.723735013815464,-8.248580643334744,2.2591266170025146,1.1268556943515757,190.0321187538212,0.15536170197252464,1.9531774434996003e-05
11304,-8.674801973208075,-9.816736160042801,2.4946329838133274,0.7662396866153491,467.7291633199287,0.48889168266352456,1.9536953939528085e-05
11305,-8.292659295861956,-12.626040416626342,2.3446180346885734,0.9399420851064495,188.40243853053778,0.5080283730989104,1.9561372625479834e-05
11306,-7.521502773777062,-11.677611857898901,4.526047259717717,1.226504143665083,270.5396701943322,0.16851044584478814,1.956331810272121e-05
11307,-9.359340694515955,-7.829522234929072,4.870054412514909,1.8656170269071275,447.31307953215605,0.45598376257311646,1.9585764678267023e-05
11308,-9.759911935603474,-6.883938283712121,1.3428384176914012,0.7785669864377912,467.2132312295003,0.2786823085601977,1.9598061402049208e-05
11309,-9.40823913277241,-8.133632744852493,4.258993087560191,1.4027947157992373,468.66781526125436,0.6475369523841765,1.959810631719976e-05
11310,-8.282765078482472,-10.660809912904053,0.6181129101016638,1.3451218454322091,468.4487932563771,0.24238047047430644,1.961005549945486e-05
11311,-7.7908457616582965,-12.992222903840352,3.975447617668001,2.5366602081165386,453.56714959130574,1.0284796977676924,1.9665424584316634e-05
11312,-8.43317128717104,-10.806112021789062,2.336910123368277,1.7221932271269476,368.2163753191954,1.1387429329541767,1.9672661190618072e-05
11313,-8.380825033885042,-11.214678998768829,2.2527323677305837,1.077778985854112,249.59232692128862,0.22286332756595062,1.9679541724365086e-05
11314,-8.113001402619318,-12.369793219732513,3.2938228393873077,0.9845355541248043,468.33403134134517,0.5112244448220649,1.9691166423157866e-05
11315,-8.384970625640134,-10.356840768130354,0.8654680598859156,1.1429918948044382,291.40452799236056,0.7879028653406435,1.969559475997769e-05
11316,-8.553822159252256,-9.148476036593875,4.222989444401274,0.7473639977101283,226.09420982799315,0.2989838787561254,1.9710856344596768e-05
11317,-9.89714928791258,-5.478896422058503,1.4049822716035567,0.7177256928894552,201.27232466779733,0.7640005282895395,1.9735105169455416e-05
11318,-8.719873668129487,-9.654718087885234,1.8251757871321226,2.737990207250875,472.1730304485535,0.9732911692808415,1.9753971428694276e-05
11319,-8.354053510023268,-10.12009109782721,3.543520765386741,1.0972316565675597,284.64578647400293,1.568717426813321,1.97597694909694e-05
11320,-8.782795569517445,-9.19324960340038,3.555607051727491,1.1494235874635494,290.3140152805018,0.7714034129016758,1.9771814477904325e-05
11321,-7.733472790332158,-10.798036127588947,4.4449376643912455,1.0627155429814128,280.5807390307536,1.3992532552489942,1.978275005282744e-05
11322,-8.422095048702639,-10.753637140335872,2.5867187220411183,0.7852346430779608,211.55465980117233,0.5939668501798412,1.9788557157889734e-05
11323,-7.4463295067384845,-10.52354384109076,4.960753397327243,1.4124513973505042,337.4894013613103,1.1064500820763818,1.9840388181222897e-05
11324,-8.337535038458332,-9.926006217597193,3.7685359103059985,0.7093014817290467,145.51632524308596,0.09120974338134946,1.986171824602534e-05
11325,-8.238825821224886,-11.102605995596853,0.9327757139599113,0.5744950814511476,138.39778114188826,0.984719464239169,1.9876954991132317e-05
11326,-7.084204732117382,-11.616906781327087,5.007089031280899,0.96866564529884,189.04143959451469,0.17499538218304878,1.9921604659363735e-05
11327,-9.27682281502081,-8.291475849374187,1.3009344669197336,0.7149654378206083,135.8653182694142,0.25760830051368266,1.992542543525694e-05
11328,-8.869686243026845,-9.375446173007076,2.4034284631293987,1.4144640444764471,318.0615289214267,0.1299634634710536,1.9928513838888152e-05
11329,-9.42298643046583,-8.48587464927661,3.32022483694498,2.8741949969367067,489.71124981033313,1.6883154612511495,1.9932478072659126e-05
11330,-9.465091800510102,-8.304872794951262,3.749984482884154,1.1058824470073574,273.11999319446795,1.5590364964360734,1.9933732157016594e-05
11331,-8.308848612048292,-11.204538063393878,1.4495683967844721,0.6210550983523025,125.87617273040281,1.0197227603633356,1.99442029303734e-05
11332,-7.122063889676133,-11.134247848954113,5.079158511198738,1.0462032254945814,468.46551966502534,0.7992448931833529,1.9950592956786428e-05
11333,-8.899747017217564,-9.219657956025035,3.0063352184583416,2.5029731190657647,458.08950295759473,2.268568550884587,1.9952069985270744e-05
11334,-6.956105664358071,-12.917343895212566,4.975330985653602,0.8451004712890687,467.8096330909416,0.3160046465497732,1.9961798193207433e-05
11335,-9.193423544184933,-7.177454450581112,0.547912285417889,0.5622908386888947,116.50192353757927,0.5279855119785255,1.9979088442017388e-05
11336,-8.356238322810757,-10.361053961564412,3.3032165606091586,1.100745926444239,251.78247861443052,0.3446886844398316,1.9980518357334732e-05
11337,-8.133717920789257,-12.188431445156093,0.635238608112331,1.7908447483040286,427.20649713290885,0.016773127139326327,1.998225528023078e-05
11338,-8.221492015866728,-12.69064008024689,2.8423504735843443,1.1054586529032655,467.51856910735006,0.6848850795926493,2.0037886581652007e-05
11339,-8.689992744543144,-8.431579633436487,0.4245187320300967,0.8968358929003382,468.2252048518241,0.9110855622335778,2.0061110156149427e-05
11340,-8.15350240168367,-12.298344793397245,3.1672401082674932,0.8852650405302147,247.98384638732784,0.9159818301081941,2.0065541220323585e-05
11341,-8.658842964964245,-9.529502765503299,3.3164789952899145,0.9994072320321891,469.6938548430702,0.053318357472696754,2.008563150294881e-05
11342,-6.841791860928316,-11.791301080696254,5.151825645352298,1.3695128827428467,324.28309451234577,1.5641236511402594,2.009728551337514e-05
11343,-8.189444339707737,-11.0900103517841,3.3751818018377917,0.6066654685589675,172.3581112656793,0.30915089761231673,2.0105096170131203e-05
11344,-9.444347554423771,-8.039215996665156,4.367064147635085,0.9939630089292031,271.69310761413544,0.6538381822301744,2.012559568274297e-05
11345,-9.40607634351107,-8.448241937014053,1.793305489057814,0.6911494660778843,172.5882288127706,0.8089711433142943,2.0140855146847858e-05
11346,-8.816320713887443,-9.37754248432104,2.9550241767815857,0.9781449328560226,198.80443233627776,0.7557302960543568,2.017903483910906e-05
11347,-8.906183936481886,-8.71830615527041,0.710995898351072,1.1400186047156227,191.77911595751334,0.14146728865590852,2.018133463724041e-05
11348,-8.09266961108677,-10.448013209891414,0.3635704191306084,1.4470178672800573,318.9973640921223,0.17984529388494686,2.026308455307951e-05
11349,-8.705702452710934,-8.82019939724354,4.392836788307802,1.838199713331407,461.95729529518275,0.14083999411983417,2.0268663671013595e-05
11350,-9.69634512189735,-7.992493119871857,4.020050694129813,5.043499242340486,619.0153578948215,0.3445533041343829,2.027307771935605e-05
11351,-7.644419576164551,-8.499286265466775,0.09027480521599841,2.4808596748366374,401.50795362004067,0.2149252327350153,2.0287831853854192e-05
11352,-7.59719139189305,-11.164044134551583,4.521205227074857,1.0505234227004858,468.1114685385044,0.8634276100903149,2.0291866443121656e-05
11353,-9.740017624085057,-8.279884817676542,2.7035931351975453,0.826095466383773,241.74060939050463,1.5182994878698368,2.0307686286453902e-05
11354,-9.170297932189191,-6.595123428252895,0.4831404069579424,1.072212053319178,467.0479528475467,0.13859392437683926,2.0309848797350983e-05
11355,-9.193928785227392,-8.376312059535568,1.2164343740215782,0.9920195467520491,269.9312897407293,1.3308159371943926,2.031571765314242e-05
11356,-8.485325811959786,-10.506282882712048,2.235306975926368,3.6232742730934686,386.0930797816441,0.014595896970538647,2.0338256746172148e-05
11357,-8.11432220648676,-9.81798988924372,4.356981525737612,1.3370039021209785,298.76997937191203,0.9995636485822201,2.034200339783042e-05
11358,-9.201670400757612,-7.837595178026993,5.086367499794119,0.604335933227031,185.88012123469156,0.6840553254905917,2.0347450827242633e-05
11359,-8.483035924777704,-9.029459099559757,4.532002773529067,0.6121141814185129,176.92644476061943,0.8290908257606633,2.039582576368834e-05
11360,-7.9035131226020505,-12.094474237783446,3.8182641768780803,1.1856532667706534,260.26675007296564,0.03606057702568588,2.0416452429230228e-05
11361,-9.183282597265013,-8.552891572903992,3.811878121622284,0.6940000902427632,468.43416781828716,0.4665162062711756,2.044613766118291e-05
11362,-8.279083340349569,-11.288986692238959,1.3974562790658018,1.0899023387705962,290.14747606517955,0.4174442098417144,2.045530550439423e-05
11363,-8.3019799128912,-12.290196742727693,2.0808823266209697,0.9866722357362514,272.69226191286816,1.4815708949887645,2.0498018870505957e-05
11364,-8.298399731401126,-10.117656267956233,3.67547814858559,1.5895669781622868,343.29675664035375,0.8917803169551304,2.051904886892961e-05
11365,-8.576654080329586,-10.01932109255003,2.698341267511694,7.757992597843583,417.849342177795,0.17588390717242852,2.0564101623853255e-05
11366,-7.877745654324407,-10.267123128975882,4.453336144004038,1.1101867021848866,286.7057080936771,1.5418522740867902,2.0566143774636174e-05
11367,-8.181989854030256,-10.311105227143067,3.8116890661044613,1.8086594224826833,469.2645733977457,0.21651140208325792,2.0570137469255788e-05
11368,-9.615740836145811,-7.657881416287605,4.729681766478082,1.5425835204220422,349.9772771167286,0.17275918345000907,2.0582375151539544e-05
11369,-8.622447485038714,-9.967158744532448,2.1930075391540407,1.2914116250327052,314.9355002653802,0.7932365357242377,2.0584210453128836e-05
11370,-9.396551653081445,-8.214216569622458,4.093945545565375,1.7457289184704117,413.65391613794895,0.12733665452318288,2.060486410505373e-05
11371,-9.90480415870126,-8.120010375625064,2.4793301578906903,0.924249220982133,253.5592905282816,0.8765441407434276,2.0607416509350302e-05
11372,-7.771148304807896,-11.782534490091681,4.111554057440223,1.101675165084031,468.70494229242684,0.5939927421196165,2.0623541692565805e-05
11373,-7.379390429889876,-11.995123444235205,4.641335314465992,1.7857598544263482,469.92452255442174,0.060357689039071794,2.0693478515952773e-05
11374,-8.780688630552367,-9.18011611832855,1.0125504375271077,1.2753932595589577,305.9204679236107,1.085427052573018,2.069557222840858e-05
11375,-8.557651941324359,-9.112453524798962,4.246804474633074,1.0132407316960033,272.2039300987736,1.4512872741237537,2.0702717687040937e-05
11376,-8.686616085784854,-9.522324936671785,3.201385903819078,1.105279441382149,467.09632881550607,0.9293222485972441,2.0749851811117024e-05
11377,-8.319310416570307,-11.728522044781101,2.424480009953944,1.8496450622319116,467.78943542087484,0.20925554401157154,2.0751250634464553e-05
11378,-8.356832452632869,-10.15959978399165,3.4669614207137607,0.9686333771771725,270.6667012369451,1.4092608459842726,2.0752430426095072e-05
11379,-7.018063121859939,-12.913865578099799,4.918160520364432,0.9907839869812812,224.11864504192138,0.3224229894597048,2.0762693387081607e-05
11380,-6.928626456382501,-12.667124590795932,4.99667263772015,0.8807536302510173,213.1067803365939,0.6211841065451678,2.0789714441324318e-05
11381,-9.197114000580767,-8.251398460400068,4.397133876731599,1.2165285383156406,296.7492833688495,1.1206997311475169,2.0790849346679626e-05
11382,-8.257914740912023,-12.768279732507855,2.5699394053624434,0.887625416556092,252.3320730626515,1.456299684753458,2.0790951021816263e-05
11383,-8.354546749029932,-11.275153848462963,1.8248053958226027,1.0459916241159486,468.7431707943381,0.8424284508089368,2.082074142999532e-05
11384,-9.380204819783375,-8.547686205647668,3.207348795755995,1.77130889555036,468.3168681711405,0.5046961984927849,2.0836658201233244e-05
11385,-7.2375473730399165,-12.019525806083971,4.792422563680021,3.758464947187451,548.0630899245954,0.6807002606036585,2.0840320613393467e-05
11386,-6.8584472814990916,-12.182654851519855,5.081869862390095,2.6047371671140143,463.46518217184246,1.297882322898368,2.0851716050307095e-05
11387,-7.919006402903532,-9.474815148107288,5.02162222694758,1.1349707478769981,259.9967935015066,0.5706645196307027,2.0885857551640786e-05
11388,-7.509250714464621,-9.989909016906282,5.1763962426989645,1.1623642799729268,468.70316133733434,0.017540134684741027,2.0889538968144833e-05
11389,-8.389924498246781,-10.394152037215024,1.2772727337672396,1.7733240378562838,421.2800409196028,0.1958729533981023,2.089463445269298e-05
11390,-9.355475405986438,-8.616572338511165,2.978511833658435,1.412193536670237,324.64648804148936,0.27153484631423463,2.091730273919063e-05
11391,-8.491423237214509,-10.456365415865656,2.2109843172256443,1.0624832401738609,282.82446785707543,1.3101630038749557,2.09236729057261e-05
11392,-7.650840097502037,-10.74278018992263,4.573840138611617,1.244760757369136,188.84124024699472,0.1529672990359323,2.092513985412058e-05
11393,-7.057184857624051,-12.15703236711817,4.9409269376588965,0.8983123271231729,468.15375585795175,0.5583126275250212,2.0929545340498303e-05
11394,-8.505349776760598,-10.31424361758528,1.7694394804583664,1.0876102887987835,288.2641012894231,1.0222799555976199,2.0941806354436617e-05
11395,-9.803279524258341,-7.861110706897414,4.095637030669279,0.926565859971486,469.673245295447,0.08944260687560135,2.0963655021695706e-05
11396,-8.034336367452031,-11.739401073267908,3.576410144312135,0.5802002553596463,119.92949265211531,0.3026087282049632,2.0968794400412097e-05
11397,-8.138105388036406,-11.152548939376006,3.470782409884454,0.8078609090820515,179.37496634027923,0.04098572102254838,2.0973260246628125e-05
11398,-8.142591147942063,-11.596023844041383,3.316938171133609,0.82074655764281,242.16572830801624,1.075919706811054,2.0974523780305176e-05
11399,-8.477865346555237,-8.91534747632004,4.696065633082177,1.56187716262967,357.9180633770123,0.9218169089371768,2.0978266007443267e-05
11400,-8.234896222305741,-11.233463506431633,3.140473857820861,9.165054568472348,515.9826114717672,0.07758986722537387,2.0989432553292086e-05
11401,-8.539325253972184,-8.68767636568405,4.916579659280318,2.0350818099832124,403.3706215350731,1.1843215718868843,2.1003164914057167e-05
11402,-7.485015539173263,-11.30742678139436,4.6263653443883745,0.6832338220846723,136.48708810137455,0.03528905034590313,2.102280995764183e-05
11403,-8.31709121942501,-11.829904103530634,2.3379056543553234,3.0669618455075986,503.38748216670433,1.2349031664462435,2.1027871385016034e-05
11404,-8.230345394102699,-12.906557432572193,2.719159720454765,1.3068024978238457,312.43319049873367,0.7446138785218723,2.108178356352825e-05
11405,-9.12403124534691,-8.627597151968256,3.7678738072514,2.144125352568838,415.1387037936348,1.0355644309811556,2.1130878497952527e-05
11406,-8.052855839383179,-12.556720578148427,3.4046239492190984,11.434665604111764,516.6545994707394,0.11421830140637024,2.1159306550319077e-05
11407,-7.925246103818588,-10.36796265809438,4.298354821470042,2.730226488857644,475.9507120156674,1.4970177320246245,2.1193133471645783e-05
11408,-7.466850068329546,-10.814858137431127,4.794878655571667,1.8604709698263062,448.0955369405465,0.05297107845779969,2.1200570525697835e-05
11409,-7.965918434677919,-11.155314428616721,3.8732725145330624,2.2143040011546047,427.7853234309808,1.846863471834756,2.1200768023205634e-05
11410,-9.157257245366504,-8.599358291224599,3.7411358216455204,3.0926508400408195,502.14017746458416,0.9143412183475172,2.1220248234671944e-05
11411,-9.212138406506819,-8.022187105848982,4.764264304828026,1.111591154431026,286.40440300593025,0.19990633474688302,2.1225080182597e-05
11412,-7.215291182188642,-10.767942622378538,5.091920307685698,1.2314376723304779,302.0984185483291,0.5980171184986416,2.122668640753485e-05
11413,-8.35660164168584,-11.357529489697718,2.0826398419004963,1.0936930325171037,467.0109757841272,0.6289398924704228,2.1241574693927235e-05
11414,-7.105870087138918,-12.993889019981161,0.10280133059030006,1.2976350741405682,312.1326378763311,1.2152496801388102,2.1245009078881016e-05
11415,-7.11348686249121,-12.911092906463363,4.832240813853861,1.869648089182955,449.1246775289278,0.30167886104545705,2.1253726166588085e-05
11416,-9.139029009074035,-8.151640794514176,4.671366634718674,0.8944175665483522,467.50228204009056,0.19852874851434965,2.125637281643942e-05
11417,-8.463306623185353,-10.028081442440403,1.0058769755788348,1.1319105021160671,290.7094271969176,0.7008394086402188,2.126831723739105e-05
11418,-9.716172111259226,-7.6150616739184755,4.640543949760781,1.1446212785432093,355.1563943911666,0.32580483648055925,2.1270468708755474e-05
11419,-9.353517711644587,-8.645526296579293,2.533647833637699,1.1082496162362034,468.10606842290224,0.7341000101304633,2.129810111764237e-05
11420,-6.697033406293107,-12.83008021870346,5.114979785019092,0.9392622150534263,468.3191221589952,0.5999448341747327,2.1305078500832323e-05
11421,-9.601919713585254,-7.92839818049888,4.277437492882177,3.0728079907160892,504.74991411072364,1.3897034973587639,2.130945672410316e-05
11422,-8.514534553727366,-9.236240636771207,4.149644909417147,3.1086586917145973,507.6325116221876,1.4067429932575148,2.1316550278364685e-05
11423,-7.108517769342127,-11.455544553363852,4.99690907091786,1.1231218545191342,286.88326044551917,1.3115606156390607,2.13444047492253e-05
11424,-8.19636054642608,-12.780552265887408,2.900402146491883,0.7235027964300994,174.71307578379776,0.29967038476253016,2.1361063675780053e-05
11425,-8.619469449303669,-9.634373821586806,3.233475868608768,1.7563585073543533,468.0495383731755,0.47522534904040814,2.13940101429188e-05
11426,-7.830909516031387,-11.21475152439875,4.1153021231559554,1.7928241589042841,428.93518015151216,0.9530841384595421,2.1398154610065264e-05
11427,-9.504717436351612,-5.61699280907035,0.8010443922373756,0.8959231628883297,179.29366468809448,0.8586900944012505,2.1414758266883807e-05
11428,-7.621934603073486,-11.384537629933632,4.4131545716804075,1.8062343224006177,468.2478456534766,0.5562826395624603,2.142782856392845e-05
11429,-7.847457772072007,-11.98759821935362,3.9259237626109895,2.567064663983099,463.2470392764053,2.0026676266807177,2.1468139581207417e-05
11430,-7.485149120831105,-11.333390349309001,4.612836668325989,0.9978365381778364,248.2339497319083,0.9018430723247857,2.1496962850348567e-05
11431,-7.970467414159741,-12.513006041602658,3.6074923552765217,1.1858232992126616,467.7393774029528,0.42388967936275,2.1505008250910424e-05
11432,-8.143992323987609,-9.89482219149211,4.2074626342508,0.723680400789389,149.6011635903793,0.3292498562997537,2.1535229315322366e-05
11433,-7.769722457206375,-11.209270340850155,4.221015362584959,2.7382295650747706,479.2002603931634,2.1828221045669878,2.1536821285775297e-05
11434,-6.9893935886993095,-11.4501026442998,5.091136838450356,1.7941825868991907,425.5507824823149,0.5270433009388844,2.1543034715823932e-05
11435,-7.510693719776139,-10.382627185191758,4.925238561155863,2.637974123453765,468.0180138867367,1.581890570398527,2.15443643514717e-05
11436,-8.770048914501732,-8.419897943049577,4.89191605305845,0.9009930080875619,250.03805287040998,1.141997755292416,2.1545138850423175e-05
11437,-6.677212195512505,-12.521056635154507,5.140570644999788,1.8485056385343166,467.40472432175767,0.12407567589159552,2.1569658872319652e-05
11438,-8.872135706557545,-9.309093878795558,2.708424886656077,1.1909181306544852,467.54698195205816,0.3175266968474757,2.1617772886403898e-05
11439,-7.318724675295978,-10.875994456311478,4.940502906164478,22.26754895391991,851.2226738891574,0.19652327356411003,2.1623128096747923e-05
11440,-7.984937522579261,-12.596568872053261,3.563230490328217,1.858943031019698,388.26942546197404,1.8205686668942818,2.1640149738554705e-05
11441,-7.828878338241571,-11.579012967498883,4.026970547395438,1.1831307977564813,133.92180117430823,0.36675610716835916,2.1666462901161256e-05
11442,-7.373306881474493,-12.654448326106499,4.573101392631836,0.7048437197795993,291.5346283324724,0.3908970004818668,2.1678904685700287e-05
11443,-9.838183822276694,-7.824953134700858,4.092762916206271,1.7677229891910573,433.2185913777448,0.9066002334029877,2.1699643310984202e-05
11444,-8.291455696823837,-10.703535886117058,1.0140065284093631,0.9554693859571757,467.88975823528915,0.42031973931574296,2.1708646366197554e-05
11445,-7.015358617714185,-12.878849830653058,0.08085839860488646,3.4581738222933005,245.84401204416912,0.4206053686188307,2.1708688647595596e-05
11446,-7.879588414596282,-11.962695536885604,3.8602139861430884,1.2394644234927632,269.1303602990239,0.13976319286948158,2.1712715411512052e-05
11447,-8.530229517109166,-10.205969735646546,1.8022360985155783,1.7522765544011412,415.97471298454417,0.4444522169198235,2.1722082469193736e-05
11448,-8.086474660942718,-12.193629315229789,0.5351951066914642,2.941245487419042,437.7732865507214,0.14748371203957245,2.172398985820905e-05
11449,-8.452087448300205,-9.847823834471823,3.4893603156682653,3.740188959070045,531.6149919739728,0.29037290719853726,2.172616765985668e-05
11450,-8.201086892190288,-12.949222868703098,1.4664507456622418,0.6044759349288175,124.66327489664458,0.05576082774298641,2.1751020244194534e-05
11451,-6.877996415865953,-12.748062784643214,5.012034728459033,0.9177140563247989,137.5124332639932,0.2891452187793213,2.1756782793598747e-05
11452,-8.327700078013759,-10.90989326135154,2.91936680511446,1.0485918572307014,284.6667189824243,1.0865066279517412,2.1780338904117706e-05
11453,-9.240070304688198,-8.75044091702195,2.881515869755687,1.022226125350842,276.1548331390465,0.40149664655995654,2.1783143971697612e-05
11454,-9.08419886091771,-6.050150217017399,0.3925785259808367,1.1215416504017794,466.88277082517703,0.7568218401662561,2.1788565012003437e-05
11455,-9.257755113962066,-8.749522152177807,2.6489767204946073,1.479121704279686,330.0037418107803,0.059900202369827404,2.179190540166806e-05
11456,-1.471736062595273,-5.0079169722197205,5.172752562437691,1.6590513311550759,385.5976857271674,0.31693490689973913,2.1803492463177338e-05
11457,-7.889315955400155,-10.162857368383973,4.4777842225617634,1.7556773203759908,468.7720453449517,0.5679512663767952,2.183106976932263e-05
11458,-6.985537540630052,-11.454993677987614,5.089108248283253,1.7831262869481097,423.79662950103,0.22705422875282277,2.183402374750395e-05
11459,-8.206308330134403,-10.379167161157186,3.6783084299959947,1.0727485084480584,213.73477394011405,0.5305351479121585,2.1835224738674207e-05
11460,-8.543704216452346,-10.205253247582284,2.314089356922666,7.864658034722634,707.3192559722469,0.2531393410224707,2.1876703540857745e-05
11461,-9.314418026341372,-8.269327082800134,1.3652894702411487,1.1154173126188092,289.77795212063603,0.7907886014395125,2.1902770458120383e-05
11462,-9.289986767969149,-8.640242801893615,1.9913595824015364,1.11278531198934,466.91484989580727,0.5952974799104771,2.1952185393754726e-05
11463,-8.19147869095846,-12.839323505592242,2.8940323959597185,2.0675985235408727,412.6256985108046,1.9284635950951676,2.1954557855946855e-05
11464,-8.40689022781729,-10.863689067247252,1.944287763431197,0.8923462628319588,468.1614547199293,0.14933990232073402,2.1965350582469116e-05
11465,-7.044275605149334,-11.542297829479406,5.023887572367727,1.1917295781381332,301.80169764700776,0.6637753683836891,2.199715915391822e-05
11466,-7.996496700891173,-10.4907881323544,4.079927482674002,1.0367886834784825,468.1903463073565,0.3966288277861594,2.201230020079304e-05
11467,-8.308087895773038,-9.2879870574766,4.506939908192443,0.5545306789946807,176.46134914876276,0.47671537500572736,2.202362158710427e-05
11468,-8.221549887897444,-12.974747333389441,2.7157901883620537,1.0636902764592497,466.9606040267491,0.2285794124433469,2.2050075424278365e-05
11469,-9.160007586704094,-7.875010253062773,5.0667041750968655,1.0894295309005229,282.64819997690887,1.4506778577484667,2.2058381839057905e-05
11470,-6.753194360743677,-12.123574787830634,5.132546673126353,1.9835516062689107,397.31647955669644,0.537326974502327,2.206922988523962e-05
11471,-0.955563302358529,-5.208506873340737,5.182059150034446,1.4856953935026962,341.23471277821807,1.9035369524797252,2.208465548921549e-05
11472,-9.785582848576153,-7.552850291027631,4.621372491063043,0.8033156451176215,174.03155728673633,1.198442372985709,2.210623976086522e-05
11473,-9.251910099926784,-7.976230977059037,4.7546361764037375,2.852557956426773,474.6084688821497,0.6461485722270099,2.213759241939889e-05
11474,-7.845140519517554,-11.53119614231861,3.998715307836457,1.0691751109324183,212.74961756026246,0.0175014168226042,2.2148573872617157e-05
11475,-8.518850326414704,-9.283677747725044,4.054169934757155,1.0523819912953982,468.1451741087619,0.8738007784694126,2.215531116030835e-05
11476,-8.962055535044378,-9.105373909710222,1.8175981640097039,1.3652828569971442,306.94038819049143,0.2475649309893777,2.2163918228397937e-05
11477,-8.274918528051414,-11.995510290869165,1.664061111057465,0.670591107703953,140.72330534350507,0.4345409863290257,2.216782599607736e-05
11478,-9.090813022033872,-8.363342528087621,4.3633016653235455,1.0088916960514243,263.4138943484046,0.8301003551872572,2.218631135052529e-05
11479,-0.6925062741498724,-5.256791961974055,5.182150240409432,1.5310292756135668,360.56018570828496,0.36814106166906146,2.220386032834894e-05
11480,-9.402441039671455,-7.004555054742829,0.776965599643519,1.7648193013925646,420.4959344672362,0.655136104541616,2.2213925092598844e-05
11481,-9.645660992563243,-8.329522515708984,2.9312668291663715,2.7505828882204653,473.5055105861121,1.0206048041596647,2.2222323916866035e-05
11482,-8.325014980764415,-10.706081988186632,1.3029290831448925,1.0598562038778456,464.99005144438974,0.9098016615006452,2.22413822236125e-05
11483,-7.365900585367273,-11.27997897228217,4.762140978964996,1.1970936099083163,466.1495588771454,0.1631235281071488,2.2241689080716742e-05
11484,-1.5096367775841788,-5.321880985170767,5.1867664125901145,1.2181103579290429,213.96728648151452,0.04091100552338656,2.2254770754392043e-05
11485,-9.134359652142775,-8.249778181415726,4.485908652404463,1.9821321529585931,381.72673452213274,0.23809776770725222,2.2260778373210257e-05
11486,-9.778554585175664,-8.222086095628264,2.842145286225285,2.044711358538091,391.8221520761371,0.40117391999667174,2.2279013483080295e-05
11487,-7.938637992487934,-12.746900350859098,0.38699344115369205,1.7787088252944925,468.5356718170542,0.42090781509428243,2.228365168817862e-05
11488,-9.16343321871208,-8.796605537614154,3.090625866909728,0.9563977113910983,256.82948623185354,1.4803405046184546,2.229713050573856e-05
11489,-9.125104425494815,-8.480810098179788,1.1864474799604392,1.0696818752281183,282.10028073276743,1.672840594207476,2.231872023920323e-05
11490,-8.768762758096534,-5.100132697716452,0.261790523144868,2.248917157280468,432.6726866789832,2.082023366230769,2.2341072369273926e-05
11491,-9.597313722088755,-5.894467899805958,1.040288604397617,1.1311380508580615,467.397496992816,0.6599479984525498,2.2343366146246304e-05
11492,-7.959558596474824,-11.019370224119864,3.9117175766527477,0.8653046782861977,198.41474594976805,1.158472060989343,2.2371125271460153e-05
11493,-1.1079040824821647,-5.261272349484946,5.175439081671617,1.0265527736070053,204.22319176957342,1.0398742133642793,2.239256754410726e-05
11494,-7.98779024758081,-10.070078513669385,0.28559437171074187,1.814610373482248,433.47529220787607,0.33910737092718524,2.2392791854458637e-05
11495,-8.275257967670361,-10.730840750595368,3.2309207662099038,0.8335564508115424,469.6801238282974,0.18464850016708745,2.2397339070371877e-05
11496,-6.553117024448591,-12.727973473395089,5.166996851089331,6.585557995033957,277.18960226125097,0.4196055432924872,2.2398889781372617e-05
11497,-1.9861235313066103,-5.369994700573833,5.186159878202005,1.3916287552937052,467.6845604984275,0.588904625190505,2.240479415677293e-05
11498,-7.322032722108093,-12.316954947428068,4.648223027374307,1.9575227137855746,169.68185098341996,0.39400087790891103,2.241011076612682e-05
11499,-7.647076188642513,-12.219158827574379,4.226623367198663,0.9797948159437135,177.71328447613016,0.34030518435535395,2.2454784608530187e-05
11500,-9.40505473064826,-6.436019776820225,0.7017320447209004,0.9454749608013354,468.1067500760712,0.7998433268644822,2.245509391897789e-05
11501,-8.653301078908225,-8.780247218187599,4.518975690360947,0.9818673044617311,261.9084143408003,1.1706716307359537,2.2482020574955838e-05
11502,-7.9532108834138935,-10.755819017593414,4.0264466723356795,1.8137194322905579,468.12590646713295,0.39107431262635917,2.2491733609122772e-05
11503,-8.248342775018227,-11.108515786939048,3.1049407353408807,1.0388656573873591,468.02898513637973,0.029746840925034768,2.251007127088409e-05
11504,-9.021083070988862,-8.791984378572124,3.6213055902160076,0.9357472669114553,214.0732246303641,0.8546045139887202,2.2512653238521893e-05
11505,-7.143881545363691,-11.853300095195294,4.881290912194353,0.926379585906601,389.1253867229404,0.4911032227826819,2.2521644474888302e-05
11506,-8.871317155275365,-9.2594090834911,2.897049770930141,2.2069722973160015,405.04033571236755,0.5491094052031942,2.2536724867052008e-05
11507,-8.153666733723458,-9.377697910863517,4.690232206138353,0.7466187665164871,468.0774637242329,0.3142026080760356,2.2544529677957148e-05
11508,-9.939454931940082,-7.982651878497346,3.4874354030800827,1.7974956642165225,467.0971485089399,0.087726362359966,2.2552283914624815e-05
11509,-8.173190064163645,-10.588267283959466,0.4601336743351315,0.8949381562537531,466.19268526317376,0.675454351539817,2.2568172899313507e-05
11510,-9.97379703915245,-7.267972432550322,4.749092873420518,0.8624126568334367,245.5233825850627,1.1654299775249664,2.2576806065218044e-05
11511,-8.442670735201052,-10.575480504855232,2.4835073456991963,0.9443739608068066,189.19798509376932,1.0967218989294691,2.2616821850459085e-05
11512,-9.325969532824008,-8.332048912756216,3.9305422817511424,1.8360284248861278,470.1761604154683,0.1860969156324055,2.2620554518729684e-05
11513,-9.283982105449947,-5.958782571576049,0.5394237954346599,0.8044469855614846,466.8852497703854,0.024546262776941496,2.2625485240419593e-05
11514,-6.995358451382582,-11.905272694210723,4.9962197101032455,1.3565320395923068,303.14752222602954,0.1804330541210275,2.2630019169564467e-05
11515,-7.408647002325581,-10.44753136914233,5.003019758917707,1.0692919386162705,254.89801385501787,0.10032204758198571,2.265473259665129e-05
11516,-8.326572978078564,-8.989174053599761,4.852672611349633,0.8784988685648124,253.75775598325367,1.322386678238881,2.2673998531863963e-05
11517,-8.91307007768832,-8.803653889501806,0.8323729611379356,1.4306855849874769,320.48019433660784,0.023739866706472768,2.2684255615965055e-05
11518,-9.02734707869408,-9.047648882633348,2.20813933433119,1.1426121680766452,469.9984443359003,0.006206693320860879,2.269792190834381e-05
11519,-7.8236062574411065,-11.09833636248764,4.139872313102223,1.6941891660045412,454.044850583217,0.2833390002802121,2.2705404365167107e-05
11520,-8.185377544984723,-12.860015188474613,2.8913282799567206,1.3397210440745029,470.01581583253176,0.05001508928616616,2.273478011355189e-05
11521,-8.273685271060229,-11.933495822433981,1.6556857829695066,1.1707672184687512,285.364470189712,0.7426400739157453,2.2778743094579794e-05
11522,-8.123394417130651,-11.471628270657565,3.3655805170916278,3.00062350690467,281.20314478907045,0.14711766176285934,2.2806324250465963e-05
11523,-8.897099231279425,-8.958755658677296,1.2180172952914152,2.0432770109525342,405.01515929297807,1.270814891880943,2.2811697779755745e-05
11524,-7.277179556305008,-12.066437535414185,4.717726321468432,0.946193118007371,191.314083058223,0.8805944035024158,2.2813388956333118e-05
11525,-9.48555273791464,-8.480463412587607,2.47667654244267,4.13110329094587,319.0807165240458,0.17774771928975763,2.2828313233648636e-05
11526,-8.132063241528424,-11.136804170257594,3.4525240851810843,0.8743860051620148,213.3759645839338,0.48598313906270274,2.2832905230069273e-05
11527,-7.767524953908014,-10.445676373943618,4.498667602811539,1.869928851723658,468.1988812775851,0.5026466041830835,2.2890316009399877e-05
11528,-8.152644612922584,-12.893236114497004,3.015675965892655,1.3670845892521546,467.9045779000007,0.4427856490478881,2.289438495136852e-05
11529,-0.5704979345872516,-5.4145064321923,5.170173153717614,1.0040022378981015,136.79411127573778,0.2827933566353771,2.2909039438625207e-05
11530,-0.9970636178863579,-5.3587765037535995,5.163858966738203,0.7986042443083895,201.33539800549744,0.50235861943416,2.291570377439416e-05
11531,-7.7076299797926975,-11.072377644977417,4.340029626641544,1.4892239111358327,333.55596992775037,1.1588879119451274,2.2920186267066347e-05
11532,-9.727009281030064,-8.172440004690863,2.1422209430792467,1.7399738022005378,409.9472111502778,0.6068675611977792,2.2925677163536394e-05
11533,-7.202999377828846,-10.907116263270183,5.03179992406898,0.956001774594655,247.42303245786576,1.164965572884987,2.2979672610517014e-05
11534,-9.600452968266291,-6.2824141682302965,1.0903912441438446,0.8319095115851013,468.48885738662904,0.2909299714431359,2.2984830454716806e-05
11535,-9.431721018061818,-8.531434033165635,2.8137194835672057,1.1203202786960411,467.3965080450559,0.5816268411760985,2.298700454593841e-05
11536,-7.686985926765721,-12.312381431143285,4.144886750156912,1.0082018962428752,227.60064995334378,0.3029176349851168,2.2999885430581185e-05
11537,-7.905245988217244,-12.1037450509745,3.7667809434032287,1.2159893719083006,468.1755412504068,0.30065024040055555,2.300268405415507e-05
11538,-1.4947105817589659,-5.058366313041411,5.118989558352576,1.1286330627326044,358.45552657223664,0.7655588930569079,2.3030071481290825e-05
11539,-8.035853389271647,-8.31603657570626,0.19063167046730506,1.850918491662178,469.64459772457747,0.19456845383431354,2.306168002222972e-05
11540,-7.260993437029221,-12.141404775193926,4.722866683498894,1.75265879766601,468.3710953756402,0.6079148939772052,2.3081724773125933e-05
11541,-8.011847529019011,-9.887745975509542,4.443115403402034,1.7053242839989118,401.83576968343397,0.05079058637716205,2.3089922182341908e-05
11542,-0.9149088623048272,-5.069984169673477,5.14589882011917,0.9694481464814136,269.4637728490215,1.7548458513247729,2.311313657796795e-05
11543,-8.315460339372418,-10.543086748406559,1.0638083029284509,1.1739579166272178,301.1672283230833,0.7383710712472871,2.3137292183839768e-05
11544,-9.334130941088322,-8.264617896962342,4.047318935906148,1.1070880077084684,285.8850617144605,1.2021856423340287,2.3215384623950335e-05
11545,-9.690159323555477,-7.631932991997091,4.61059471688303,1.0987220768745243,279.2291975535873,1.696731836368376,2.323388922702293e-05
11546,-8.091559085227496,-12.504964758432953,1.009532872870436,1.1016523637973834,467.51604863956555,0.9032661546228438,2.323556323056172e-05
11547,-9.09187819186927,-8.80587840467248,3.3205785990756476,1.1346518676453816,127.45819598758786,0.3303837839240247,2.3280796994577635e-05
11548,-2.099373045715282,-5.4528006987794475,5.163514713190848,1.8147667659696245,467.9299116486478,0.17598933035666953,2.3281492389485162e-05
11549,-7.4239971293524105,-12.878445999860396,4.476233115517489,1.0997891789388203,291.42516708920687,0.9122375708011274,2.3289879014793462e-05
11550,-7.253452900379772,-10.785024284651012,5.020288993687725,0.5346069826759597,113.50441299660656,0.017148699261608336,2.3300606651707148e-05
11551,-2.2295348629096043,-5.176814578931758,5.1176455809382455,1.789482119361664,426.26138759786465,0.6221875308111517,2.332025677242578e-05
11552,-9.029872617455235,-8.234747755425072,4.684471428642005,0.8874067722568074,145.46659302838572,0.22539619309493641,2.332791879433271e-05
11553,-0.6014827328257848,-5.200512863361158,5.150884194346414,2.9744333518929045,471.5072752346866,0.26276004400799824,2.333386820666087e-05
11554,-8.181572551594186,-11.289612516805958,3.236868340415739,1.5307418485837887,342.19537667676184,0.6433233954158499,2.334846483489707e-05
11555,-2.279836796472459,-5.504241028043131,5.164649669806077,0.9705488629741846,442.3401354186332,0.267761882771298,2.335258932784627e-05
11556,-9.126998228715118,-8.229831162495419,4.512545057408625,1.8250057157559016,433.67561004425323,0.5896620642124004,2.335651384534175e-05
11557,-9.362495918042066,-8.430068086535435,1.6861542748621694,1.0162900652539693,264.8319704481466,0.21070884251442745,2.335941146707966e-05
11558,-7.599962442489654,-11.52832318184397,4.385144900804917,1.2199234346898513,271.9324046099694,0.02385399735665228,2.3365678729758846e-05
11559,-8.268047994098891,-12.391752822809947,2.4213259804587697,0.6067508280704731,129.67828120907902,0.30611100035803496,2.3376530578355995e-05
11560,-0.35346852891836633,-5.4050211773387975,5.162516717963788,1.4882555147304288,344.8476286880009,1.0161196206644396,2.3383584561357642e-05
11561,-6.88303051355849,-12.795075782543798,4.985164574728927,0.9725011325818651,239.98001799489543,0.581739603319332,2.3392668440117404e-05
11562,-8.147560894998197,-10.744923768097664,0.45961748005145586,0.7820094219242568,184.68839589478296,1.1167260451285062,2.3401073586967464e-05
11563,-8.267193482628,-11.863099713534755,1.6092275871039288,1.8175344154134558,431.70130429458817,0.6135175358612566,2.3425234962607327e-05
11564,-8.766739296428517,-9.430749174480347,2.9180655952758308,1.5047991871266535,468.02206059448855,0.6343143463340954,2.3432229188900438e-05
11565,-8.938160726115438,-9.190531816118519,2.1461175637891055,3.3382312409265498,524.8899801077978,1.2882397624875965,2.3451650790388596e-05
11566,-8.567960498779566,-9.826455438524809,3.0303721616010404,1.3751633860919374,187.68741173423456,0.14227807987804475,2.347456255634811e-05
11567,-8.518245171093916,-9.374832007309715,3.8971078854211654,1.0981153201223905,286.8114997960203,0.7614354018279785,2.3482837962038415e-05
11568,-1.4215852591062923,-5.0611383341922735,5.102263301064101,1.5967070233972807,406.55036274463407,0.40652804998794245,2.3486226703142307e-05
11569,-7.954152951120836,-12.390211723722695,3.615378537117938,1.8453821699371828,468.75805520610567,0.25449587085184966,2.3512103862632556e-05
11570,-8.330660336653564,-10.418301417949777,3.240653674199308,1.8090864070646844,436.1684465910995,0.2955090786816763,2.3525595241855632e-05
11571,-9.524448684765982,-8.438124944016131,2.591525228848425,1.020997767836393,215.86941366658436,0.8635481237285552,2.353172242482265e-05
11572,-7.554387435104317,-11.879265552494939,4.389289223993586,0.7537603278519164,468.6052428049741,0.36011733367828747,2.3532937813219288e-05
11573,-8.756968326610739,-8.242142360409849,5.161190656802338,0.9444051226859363,467.54302894769313,0.34252075612258626,2.3538746529463092e-05
11574,-2.719049109398598,-5.153863355860452,5.1336805457043475,1.0887601375016727,281.90169438559224,0.7765734883105049,2.3539819986887634e-05
11575,-7.993603591003044,-9.219971538634521,0.28574809034022514,1.6756283014635653,392.10716227256245,0.6611006283760439,2.3540142688919462e-05
11576,-9.203101553391845,-5.3253272808199155,0.4602543659520185,1.8852652107183745,468.2668799193841,0.016406029180786597,2.3556838564384424e-05
11577,-8.95318703821791,-8.193419495995874,4.887903345192878,1.11335150161789,178.00245539456608,0.2741242333721239,2.3560539234279134e-05
11578,-9.574482461641827,-6.70496517812855,1.0987781639802734,1.8062716884794634,431.1970726087293,0.38887786674824376,2.356193678758206e-05
11579,-7.185515371310789,-10.877497192092912,5.051114291178132,1.7655638416843296,469.27236247630844,0.6295699020063603,2.3565869329871848e-05
11580,-8.283726602295578,-9.668000082131071,0.40018983061093233,0.979382088500097,165.55908960094683,0.1706028718145447,2.3635828296898704e-05
11581,-9.77804941951275,-5.2019386413798365,1.3193284546585091,1.7419275724271492,468.158387831975,0.5402849551976425,2.3667133814503822e-05
11582,-8.187805860292766,-11.160434530112308,3.2600977325019826,1.736931159502777,461.37837995665524,0.30829030924035816,2.3684608882810276e-05
11583,-7.817930253148844,-11.437367874596024,4.043725358088162,0.8415499765125318,163.30673500848536,0.06761364143087967,2.3692412582677874e-05
11584,-2.5804231059276708,-5.408973620947798,5.125876747438094,1.6239970673204853,376.61310429591543,0.8454611866742914,2.369267150314119e-05
11585,-8.256744048329026,-10.058988491319482,0.448244694758415,1.0143801939617527,201.7825448249476,0.9810888757727403,2.3710971986389926e-05
11586,-9.490693595443386,-7.633708234791454,4.881350629674174,2.0550229921841145,226.47562104339832,0.15322187041986712,2.371507722819479e-05
11587,-0.741667568701418,-5.375505746645493,5.12079053999064,0.8390004263326083,470.2942918639467,0.022956053582544378,2.3730185478347133e-05
11588,-8.115312342187641,-9.919912062898405,4.203547583840727,1.1552364035373477,468.6336479285839,0.2920058198796278,2.37478429703652e-05
11589,-7.993240991652818,-12.931831857528724,3.4708708565980855,1.2267390341964985,469.9704644656101,0.16580634578475806,2.3786655279880693e-05
11590,-0.00708216823482033,-5.217857136489416,5.133981930314955,0.7518535915785343,136.54636775996389,0.21844901225281443,2.3800680917428727e-05
11591,-9.860774874109167,-7.919297051863981,1.9066234208462844,1.522970340040987,345.2471222320767,0.6108966281848351,2.3807101044529817e-05
11592,-7.237726840359925,-12.758037040650981,4.687293186944484,1.3132118580658578,468.72934467907703,0.8020374350005932,2.3820473669556613e-05
11593,-0.9570562749542422,-5.2058540002133675,5.131715658282127,0.599864423320599,123.35897368000619,1.037600962089674,2.3831273759027128e-05
11594,-0.8163854343573256,-5.415427962861273,5.119985877062255,1.1516377989907467,257.85387647343543,0.8291223280079398,2.3864139817495083e-05
11595,-8.308345104457448,-11.611993461883,2.413616584475328,1.3532694460416923,160.68149430070218,0.4141272277482271,2.387913003814069e-05
11596,-2.0653243851142733,-5.384133955181858,5.116131815943077,1.110700582504511,288.0738703656323,1.3480602024659385,2.388271325701764e-05
11597,-9.46097484929127,-8.501353625230948,2.6297495108190003,1.4746011157016221,328.27925964220816,0.5179505276127001,2.3937600295947002e-05
11598,-8.135413455198638,-11.931982402177141,0.6429080974089165,1.1316995180279543,215.99437946062582,0.049248848849554605,2.3964991349357628e-05
11599,-0.13382205216498555,-5.288232554802964,5.133808377730238,0.8683195335926752,469.8778329708911,0.18802362253210259,2.3999280568259318e-05
11600,-8.247132668241706,-10.989692107756877,1.2297119366291205,1.0301312114214176,468.1011433185514,0.7313646639891518,2.400863178875843e-05
11601,-6.925076059790301,-12.644655106331449,4.9590668737972585,1.8935731154757849,468.17474017782376,0.3378353886476866,2.401399880793052e-05
11602,-7.458309973057694,-11.68546920907536,0.18358205559703641,1.3584029325094134,293.7623522288041,0.790662965334886,2.4023474937185334e-05
11603,-0.4839804116898687,-5.694433772384798,5.1662140873315225,1.8497280369090858,468.10156510529976,0.03660700014113516,2.4040255998270346e-05
11604,-8.173544315598347,-11.009439426315637,3.3607744258478354,1.7430457952428762,363.0174356444671,0.5769279795111881,2.4045725443510426e-05
11605,-9.096719491925425,-8.846243504189037,3.134470156028657,1.0645923860305502,276.8936860338108,1.3786857289436085,2.405475987857097e-05
11606,-1.632203215985582,-5.464306811171987,5.11800746093792,0.9498131721935833,468.1920472083245,0.3277523240997988,2.4062429483739582e-05
11607,-6.837831211964845,-10.240325166420725,0.01818288175370164,1.8780305138950584,468.8281821766217,0.4252435336711997,2.410760999275058e-05
11608,-0.08654230213231706,-5.114704408548871,5.0831922352720085,0.933443375505699,468.1014637155453,0.7932703630742788,2.412372036842684e-05
11609,-2.1058137732659477,-5.317478696616711,5.131127860084442,1.6046703152262705,379.5173491725518,0.2803646001729838,2.4158521384261423e-05
11610,-2.5206848963413755,-5.305984266685896,5.130154655850685,4.648600034127563,584.8500102728673,0.26567619733275105,2.415991443126009e-05
11611,-2.1379543644314065,-5.375634872170008,5.1360198403279504,1.1643368887312977,301.67066575444585,0.7677530494724669,2.419799717679568e-05
11612,-0.5877028122610533,-5.373192592153013,5.13565717842844,1.0113851899438582,467.2676831743524,0.6527567972846162,2.420044458022229e-05
11613,-1.060650065841017,-5.031030919856584,5.076212636137266,1.9335849528564852,389.51574292571104,0.752907827074174,2.4204573402704394e-05
11614,-1.5273259022022927,-5.483339858872417,5.148098993114334,7.3971698007404765,565.3094784892055,0.034467580153980215,2.4211112386107906e-05
11615,-7.592637237948836,-10.230992580341027,4.8617794239732754,0.9348615848714286,469.3451222012425,0.044168830576261975,2.4238108518376777e-05
11616,-0.5179692706787407,-5.464914892201171,5.144685126916535,0.9665564553418168,215.90828968173636,0.3685696042042492,2.424423467216909e-05
11617,-8.128589417941843,-9.541092840533612,4.529791966114266,1.3789678056817007,332.7528589427949,0.34037740799223926,2.4258885990741473e-05
11618,-2.0600346846395166,-5.845424698208742,5.18031352590517,1.8359800317122525,469.33174250870314,0.20609453241809117,2.426064764717292e-05
11619,-0.10178267141230002,-5.193363403002927,5.084686201904315,1.1378090904051805,294.89089083695524,1.7488711175852876,2.426368631457914e-05
11620,-7.910784074958157,-11.193651425706118,3.920994130311564,1.689418158446442,468.5366435072048,0.6521300652690103,2.4268579622588087e-05
11621,-8.80512677697943,-9.097523205438122,0.994906417450026,0.962409118695642,253.09958114400334,0.32234310194186744,2.428588589215579e-05
11622,-9.119876811299065,-8.413170357184178,4.161635006968241,0.5526106015205461,117.8434545093951,0.8476649275082746,2.42965613953708e-05
11623,-0.3000343672898129,-5.295564368725106,5.092045576244858,1.4612192528664305,337.1164509167065,1.6143208310653003,2.4314108341755846e-05
11624,-7.756822939476772,-12.025860868692563,4.03976973837302,0.9787890278681425,155.33238073749405,0.2625032393161204,2.4321189259493876e-05
11625,-2.6582909405484223,-5.440257727758126,5.106132640167416,1.4043870460156935,310.2181716963351,0.06317798056031254,2.4328190660316892e-05
11626,-9.388312172594214,-8.49159726209385,1.991040293849537,0.6680364888234445,464.22849072987833,0.46295510226728087,2.43419136559887e-05
11627,-8.967064006233151,-7.4845767041995135,0.43467457372152146,1.052848205056781,245.22413680856502,0.5906787258785542,2.4343543887323922e-05
11628,-1.78117384693455,-5.388049700142069,5.099571142412344,1.3019026653566548,407.46519975890004,0.3103381491763342,2.4355561464817473e-05
11629,-8.220956348556417,-11.079499832797035,3.168743839555597,1.8909463286129116,469.0266474375813,0.08179572644181832,2.4369153830183424e-05
11630,-7.966515437030781,-10.820717108749873,0.3243343481044315,1.8552936591994607,468.0134560382774,0.37417314905547805,2.4386240640326947e-05
11631,-8.122375197305148,-11.50222033883344,3.322113035584333,0.8351474196047475,172.32934565232733,1.0908046347281308,2.4423337685958863e-05
11632,-7.489262738155576,-11.420878722642147,4.546331110552129,1.365951661893792,300.37538179848127,0.47655517160517746,2.444375223073026e-05
11633,-7.208435058799519,-12.710101756037089,4.711313522315631,0.9708427931008388,271.10621447034157,1.7114403740649315,2.444602933366462e-05
11634,-8.897927367543678,-8.957828681343234,1.2457090770051114,1.0176259245116654,455.43263126991667,0.5571248495121139,2.4450389639042857e-05
11635,-9.822254276515418,-5.385176143702304,1.3701434065490397,1.1531285354396832,452.4289325117689,0.5187820668941603,2.4453545215006475e-05
11636,-7.267374207439522,-11.570610857307646,4.780055417815832,4.324300548169545,578.9403917528314,0.3824912940422154,2.4455165934623073e-05
11637,-1.3880263263163002,-5.475813515596807,5.104925725813644,3.5580840437415597,539.6969218027008,1.0862272951676628,2.4464910545097917e-05
11638,-9.586230638084862,-7.53570227177385,4.869499904113085,1.4071098471058348,361.99085691231255,0.3473774072172615,2.4471029382376886e-05
11639,-8.18064632322181,-11.721325006028524,3.0663945820001164,1.2459504166718531,263.30203744636583,0.9848291714077204,2.4500065083717806e-05
11640,-7.345742818499308,-12.542586132869843,4.574059998218083,0.8472621392096812,143.40339109635283,0.37713643009953035,2.4526069581965453e-05
11641,-1.4211155941365323,-5.085836819255552,5.069867224279166,1.5271081951619778,467.8955364295336,0.8077892730548868,2.4554414516192637e-05
11642,-8.70927408676884,-9.575597389403496,2.764733866309775,1.776391148823858,467.7390339350664,0.6027285266463904,2.4560294230026338e-05
11643,-8.273088107353955,-12.06690209501118,2.427838919315655,1.1279166773143494,227.39552608585785,0.7936711365520681,2.456573060841752e-05
11644,-7.95565671305587,-10.724971617773868,4.000949799964526,1.0068406321084205,264.6121103933803,0.18151082018079556,2.4570261429548806e-05
11645,-0.6184644730467532,-5.275006109132672,5.080144829587175,1.7296670971383588,424.9593751335454,0.46054989717160755,2.459458361816073e-05
11646,-9.520226649078506,-5.946810478138717,0.8758335539765036,1.2514588437058358,313.83235736181996,0.2715046775780072,2.4600285486207897e-05
11647,-2.724924375332706,-5.318031296070884,5.076437694957681,3.3042262076214253,511.2881692674234,0.592954267624985,2.4602592705508838e-05
11648,-0.7040469962653333,-5.624666301827803,5.117080510401952,1.4103987610532207,318.09379011676236,0.049093569927650016,2.4613723240959373e-05
11649,-0.6517863965347139,-5.902402025877383,5.175584106362627,1.7860600652961842,453.73397214489836,0.3802798981948632,2.4654748975460358e-05
11650,-1.2657281630044412,-5.476145611070078,5.0980868349416095,1.098862430398607,284.36126743139334,1.6671384218544807,2.465976080118469e-05
11651,-0.8300960733840483,-5.701288399061014,5.158977873037665,1.9073070373218133,467.2037071582905,0.48128488462283237,2.466432041971714e-05
11652,-0.449708815806666,-5.539559028685801,5.103934451880364,1.622834213660929,469.7368699440146,0.06538095999638127,2.4696735807330845e-05
11653,-1.1180197921479387,-5.375883849894323,5.0855138658848835,1.7379482565841953,467.59081784011767,0.11913360192300537,2.4717726051181332e-05
11654,-6.809776237761429,-11.50006468041679,5.160835663792807,0.44062622924451533,133.09112679550373,0.1888517050960159,2.4728337495438156e-05
11655,-0.9807353428545831,-5.096277031685769,5.067688073242179,1.3831557923371622,314.97683353314346,0.13909929339282723,2.4728890517393436e-05
11656,-8.737293812408305,-6.845607837539174,0.2903421027135908,1.9027124780136797,467.83411188116537,0.34873274426521483,2.4742954600948532e-05
11657,-9.202442116046308,-8.295080446722833,4.216420908277213,1.417873733734471,451.837188605421,0.047636555882133,2.4754693626554567e-05
11658,-8.482160575004507,-9.011074194602964,4.477452137126982,2.0512506840899163,405.9269922107607,0.9897729172721812,2.4765183926024334e-05
11659,-7.705723577323526,-12.434886726632966,4.07431669460223,0.7283332049513801,150.93965988944035,0.3224340538536339,2.4790462414710376e-05
11660,-6.6441358408986675,-12.094349093409154,5.153983300744376,1.185512570016317,291.6686663472239,0.8387731054478786,2.4831193505837987e-05
11661,-1.1989472658881404,-5.631846866382043,5.11027264447425,1.0325932571927192,215.67704080008457,0.8355558890299077,2.4834387449674703e-05
11662,-8.048623151486181,-9.565828000252715,4.644949171757147,1.70465073266431,343.3669606783782,0.506900443214592,2.4862392632264856e-05
11663,-7.381623086017939,-10.599077235190066,4.93380908737569,1.2188086222725332,468.77836827105165,0.6425492666183912,2.489065666479438e-05
11664,-7.999880464905322,-12.237181877051933,3.5003927032134503,1.7008945485083535,399.85739840185283,0.018148839374465098,2.4896467750478965e-05
11665,-2.2727241738721027,-5.539183004088271,5.09555932355401,1.1524269328651142,294.6869056005403,1.0582776082272654,2.4935271496579376e-05
11666,-7.6041317083040365,-10.703840572310728,4.599426988397452,1.4310491690782998,331.8509374485051,1.2174930675435878,2.4941262029474816e-05
11667,-1.1208880524472047,-5.957061978968091,5.174491469399118,3.2846049645334543,516.4116518464733,0.8755401572502537,2.495493515145848e-05
11668,-7.334101406336099,-10.267567986473397,5.154162362642854,2.299127484114434,297.77019976830763,0.5227235912015891,2.4955163749572876e-05
11669,-8.094304386203715,-9.744389268619265,4.384230906918696,0.8610645237070726,168.65033295371563,0.08057183476859908,2.4957831726062207e-05
11670,-2.5527640581533237,-5.632813036713642,5.140862366192677,1.829063670421328,467.14440401266114,0.16467234960110755,2.4979429074271047e-05
11671,-8.210866770901902,-11.049994116248419,3.2014655751450665,5.535468104254088,649.2356669660242,0.5842257114044278,2.498218305786721e-05
11672,-0.6574028400898442,-5.969122525419944,5.175553197045923,1.3005240540271985,468.9045182377177,0.9166892971654192,2.4986102164503028e-05
11673,-9.14367119128099,-6.09612267911267,0.4442751886102035,1.6559030556356726,389.87459175402785,0.5785354101971789,2.5002412982720526e-05
11674,-8.721947993574897,-9.56762206477771,1.7963559256780228,1.5496786990347697,351.10100420441483,1.767274762087455,2.5030277695128353e-05
11675,-1.4694351761615447,-5.340572251648801,5.0732895634595145,1.250473553973497,468.86891670015603,0.5955079594529673,2.5031691460267022e-05
11676,-8.540817559247634,-9.749903591671092,0.818537323982833,0.8456121837531788,231.3072223834791,0.5252778798229576,2.5053171947755376e-05
11677,-0.09653472823520204,-5.629632573222719,5.102310416169577,0.5959753467750375,136.39629382970796,0.20432094660237698,2.5055663289610685e-05
11678,-1.2592321658419223,-5.7878004820512885,5.123556845662305,0.9567695390316604,468.68095303568447,0.8447022823625154,2.5126591475598906e-05
11679,-7.097039904998583,-10.786217388630341,5.144276950961584,1.7994534976843162,467.5550398108658,0.7862292053110433,2.513542481882847e-05
11680,-2.235547052959319,-5.548586800303384,5.088897740681722,1.0196491666036471,203.170993679255,0.584396055397284,2.515870053011957e-05
11681,-9.349410170185076,-8.604697728553253,2.468761824059872,1.1581522178955461,235.04024050607686,0.5269243380360047,2.5166355793829734e-05
11682,-8.985275848489318,-8.944367488633397,3.257142337244222,1.8592746398140754,453.158251998371,0.4120222609604234,2.5181422476628932e-05
11683,-0.2007703108687089,-5.624823517074422,5.131478679027769,1.2415170126884565,257.1068872969755,0.8592991183495959,2.5205977493624902e-05
11684,-9.188663943158918,-8.378391944742816,4.066485751231931,1.7980903347790766,425.4241688855958,0.12099284935612786,2.5228439571746247e-05
11685,-1.0983235002736684,-5.710851331982063,5.142698158458794,1.7114678528988017,468.6352950630408,0.2552245260810926,2.5237661989371187e-05
11686,-9.531059959243239,-8.263920483182305,1.8589635031581724,1.7036195595392305,293.4985387305012,0.5175151438627301,2.5238047487624647e-05
11687,-8.294948295427634,-11.796238691556988,1.9831358851224896,1.1213910082619536,467.06891395979306,0.7620941810321336,2.5245070998869025e-05
11688,-8.647079225789527,-9.769877631510152,2.5447511369603015,0.942049086107733,468.080375071746,0.7510570979012234,2.5254775721685538e-05
11689,-0.4112724641361414,-5.757545890759191,5.114034407437544,1.7573495275198618,373.5036461441631,1.491401161386471,2.526435624617097e-05
11690,-8.52468157346972,-10.155890901412889,1.8043910156140135,1.816854995357683,435.0863764534034,0.005728762179148639,2.527113117413675e-05
11691,-0.9159537149281132,-5.652599464124773,5.132396712070752,1.0479647932187492,278.62913546226457,0.5381867095330515,2.52917153469343e-05
11692,-0.7744555137229785,-5.643897340754789,5.130839717226287,1.4777592563030382,468.091588688399,0.726130311096786,2.5301286749662305e-05
11693,-6.958718822020948,-11.607760323889583,5.0362487650204155,2.635971831978599,470.27369855690796,2.283607206842442,2.5341425247291445e-05
11694,-7.363026296600397,-10.4770704400715,5.00606465279982,1.0185394390777303,202.53118614694768,1.0078403624728285,2.5405047012657444e-05
11695,-7.789916941745663,-12.97745016954039,3.878645463960508,0.9431349158458543,259.86521491987844,0.9248959535601315,2.5436785935749263e-05
11696,-9.645100770258551,-8.274605812766904,2.321842941256024,1.797501955312451,432.57681915059806,0.4497405918083244,2.5445628267556426e-05
11697,-9.509228230656113,-7.4798204371758175,1.2151126669262269,1.5011330303719728,467.7944313476405,0.48174712663241426,2.5445645204065882e-05
11698,-8.833790314416017,-8.629498153126022,4.340510266830816,3.787953068326555,218.21057889264975,0.3364142018108769,2.5455054671566437e-05
11699,-0.5689614777692569,-6.0527765360151164,5.174778935499371,1.8830586951471706,468.43970935660576,0.29783523756297114,2.5460081393738006e-05
11700,-8.350481311443227,-10.819428466379373,2.727595692804975,3.2874562731984227,503.065096659,0.4223515695236175,2.546239709949188e-05
11701,-7.9087819067107645,-11.212324618185587,0.3139147734396375,1.0690085440433443,212.96477093647135,1.006918433703535,2.5487280157287646e-05
11702,-8.67415095140247,-9.727049424833945,2.2670725979560036,2.5320872289905823,460.96762761309384,2.421165961028116,2.5489427436852575e-05
11703,-8.18888952236893,-10.542252884367283,3.5389879620153524,2.6179341097083304,464.437775540471,1.2677770959737389,2.5493684677209617e-05
11704,-0.1432733846480172,-5.5393267520603535,5.077533368831682,1.333375462025518,247.0375663911508,0.40421358002068075,2.551464606787068e-05
11705,-8.295231771910895,-10.792811242973226,3.022890719952969,1.1313425390112957,294.43794024042154,0.9875905800061391,2.5532570599695605e-05
11706,-2.2219053527303956,-5.098711129701764,5.056446265843978,0.4950392645418763,141.50231434923452,0.9146461684306688,2.5547439626869527e-05
11707,-9.523353147384045,-8.228127447332827,1.7633896621476277,0.4536835573312875,111.93433341271873,0.30200216511822564,2.5561348473726615e-05
11708,-7.8844811991587,-11.789264612771461,3.8133800965366187,0.6807925301521254,148.0715286980327,0.5866888789431419,2.5572446614754865e-05
11709,-8.35499435613741,-11.091448330510893,2.319874841429874,1.1782034126766814,287.27619520262806,1.0631660438860715,2.557318293671288e-05
11710,-0.002434188665885628,-5.731435998598459,5.099386920047664,1.168604441329105,296.0222148541446,1.5142464762297339,2.5574829977572692e-05
11711,-8.040754599723511,-11.337070301639942,3.5712125803178423,1.7785032083644632,421.8417152663896,0.07030352787838368,2.558082899320498e-05
11712,-1.7513470264489346,-5.823882542759188,5.147999120997444,0.9519255648078638,267.2314329405766,0.9429061377574994,2.559485189033946e-05
11713,-1.4927317958374324,-5.052517531154651,5.052763761087991,1.331255632449993,297.6586554909958,0.7177707800185518,2.5600750547726886e-05
11714,-9.322809288649282,-8.07362546342514,4.396250444248661,2.8197414419412348,342.7838522379902,0.015199467806374933,2.5636012715886862e-05
11715,-9.268023541980847,-8.187062582590709,4.28292784389436,1.8374331861977111,437.4031807613197,0.6213979161543133,2.5641577020446195e-05
11716,-8.153138649045928,-12.721037154124613,2.9580330906551784,1.6117811399698945,468.9293455681542,0.879639563579226,2.5651952355170628e-05
11717,-9.187247545549683,-8.797220576287671,2.450794055694294,1.2763599934124108,363.1854157551031,0.5196388970546435,2.566914953136476e-05
11718,-7.718213669424612,-10.969639771205138,4.31653214490053,2.625404655271518,468.6378213348018,1.9476430202222241,2.568889778902996e-05
11719,-8.46455852372514,-10.27096173584669,2.727124143128899,1.8129269276529085,468.06355770931503,0.7102028452004747,2.569061583904516e-05
11720,-7.451850822812059,-9.987328595329338,5.184937215021504,1.2092390239666582,470.3681178355689,0.18666948568799047,2.569114048814283e-05
11721,-0.38681414517697377,-5.824333592591953,5.110181765842313,2.3225607222947184,440.26915956458765,2.239878512397504,2.5692796771422485e-05
11722,-9.23668985730767,-8.489314870385723,3.676316856879653,3.9251072818874815,358.47311546429836,0.1084335617750023,2.5720174205148382e-05
11723,-8.252727390406477,-12.430639136381709,1.8121012372311673,0.8975302433882317,468.8631871005433,0.5429615678565778,2.5722965523138897e-05
11724,-7.189324675206212,-11.734415177925772,4.8154585060958714,1.078530471326271,154.65776231349895,0.22865096013815478,2.5739317108540044e-05
11725,-9.861790047052878,-7.956174793483608,3.6348177696525,1.5552090167377768,357.9969739014244,0.09597059522838602,2.5779322409943986e-05
11726,-8.81549839082546,-8.16109352564016,5.145472863809713,0.9479825081194088,154.82991943793076,0.1862710823103475,2.5788740317008845e-05
11727,-1.2375032522208596,-5.279371424291678,5.059230700874999,2.624856065931728,449.35508394843623,0.4732986283826621,2.5815865276712683e-05
11728,-0.49403297894676257,-5.105024183609596,5.049638455276552,1.1437723577958196,292.7929924135735,1.0480913116047725,2.5822519442892855e-05
11729,-7.1358549547666765,-10.998717105860475,5.029802511138946,1.8235558783515353,433.42907150858116,0.6365657800677083,2.5823328449555134e-05
11730,-9.914714949997967,-7.559837154064211,4.365581365979423,1.1235863441751588,189.75028170165353,0.1367897758821508,2.582478639643099e-05
11731,-9.024975314436876,-8.998423095088153,2.032504087540548,1.3331524375915624,309.6654228952348,0.42876883941852206,2.58411748783127e-05
11732,-9.97762466221034,-7.343018971315569,4.5915704002138025,1.594875155882902,371.94491939249536,0.411287729055263,2.5865478610426214e-05
11733,-7.016835482288254,-11.982772141003045,4.930648856072967,1.5959853072939676,365.5576460461747,0.42520919779474387,2.5865657605622504e-05
11734,-8.36768826540845,-10.699023083664654,2.739331309608667,0.8539228867591849,177.2833835397613,0.11992321375300108,2.5871321895756178e-05
11735,-9.579504929443404,-7.26955243942344,5.175841653501965,1.8346120694973098,438.67893155910724,0.5998403243070021,2.5886696606467926e-05
11736,-8.299836570698384,-9.20474193259235,4.562910523370375,0.8887409100975024,244.10728762542297,1.0215135428683952,2.5898572628649107e-05
11737,-0.46913835531096026,-5.523196698606831,5.06948713286099,1.2738680319228086,317.29787522915615,0.3574097684419488,2.590487319030345e-05
11738,-8.320067971922223,-10.761220743579193,2.931978463587601,1.352726463505788,321.9754499037144,0.7259980284488927,2.5930808063357733e-05
11739,-8.461270530079352,-10.147916916225245,1.3848065860821348,0.9839676412586639,262.97675155072295,0.7138977164980558,2.594464440991671e-05
11740,-0.8552395879696348,-6.07721674470197,5.166667882481039,1.5869498364890045,349.5751718950287,0.5107716741598418,2.5947472050428495e-05
11741,-8.753282267230576,-9.489258190862236,1.8263485767129986,1.0716838568998641,467.9962401841619,0.8960642896085531,2.5953666447981115e-05
11742,-6.451340112177692,-12.518541346968945,5.171452789739304,1.948788653409075,395.0450511611688,0.5675475558628742,2.5982592351306016e-05
11743,-0.6257499989448672,-5.824611349814972,5.134874297586621,1.7831937968880438,467.4232907040391,0.6931059762553753,2.598566644710133e-05
11744,-7.987074323227137,-12.208904062183922,3.5144657582896546,1.8501180914708726,451.9289839081271,0.1555575304225325,2.599814680969381e-05
11745,-9.742343000931752,-6.4878623658824655,1.3350488780941279,3.107510167028537,485.88748763810526,0.29502893244112904,2.6010052460834525e-05
11746,-8.505816871548914,-8.635161073096612,4.971647214042516,2.9863541369525723,498.38303984708404,1.5633652402672897,2.6013205888242026e-05
11747,-2.0970670016205473,-5.971542262327552,5.12516570950107,1.5557174672793377,338.82102825093887,0.943830520491507,2.6015965037786747e-05
11748,-7.486094333886724,-11.16412995320976,4.591639550830026,1.0953069913027151,282.87816105567225,1.8420280053647984,2.601667418826011e-05
11749,-6.799035365134886,-11.807773076505901,5.099141436064479,0.8831119793517005,468.49474901855064,0.8763546305459711,2.6025784019724443e-05
11750,-0.18017147452706084,-5.142830107406087,5.045389773182357,0.7833760844923269,165.89899307748325,0.3245762904057834,2.604560421291857e-05
11751,-8.875265858213542,-9.213306493837248,2.8591406442415237,1.1180671191511484,468.257545294224,0.21842895792267125,2.6052030706713943e-05
11752,-1.781418296193852,-5.209632513852769,5.050986271795983,1.8753434320317077,467.93030354459273,0.5164648816937376,2.6061625954078484e-05
11753,-9.507939577696774,-6.380262380291191,0.8998605884479555,0.4990877820972542,139.84064543885296,1.1977023328773768,2.6065692995418955e-05
11754,-1.0623181918794717,-5.138659861475186,5.01440214491221,0.9771160569790357,259.4893527214924,1.6451476653850934,2.6085203430012207e-05
11755,-9.627801274573724,-7.544838399975696,4.771516940478974,8.23983386862841,493.60817139098384,0.08729184476912888,2.609682316030363e-05
11756,-2.2915847795782627,-5.811248683421106,5.0936889278289295,1.257703249956074,304.5998234490824,0.1904164236336774,2.6119315471515344e-05
11757,-8.787149066610292,-9.44791017283061,2.0904758394062886,2.3824866399728917,439.87809007996447,1.163010940541107,2.6127378463985658e-05
11758,-8.259299554691134,-11.708759941230756,2.6467921414989357,1.15682487564045,468.32712709892064,0.508513744684099,2.613111669435025e-05
11759,-1.8737525275298896,-5.917454662788253,5.1113880066221125,1.0385424027353218,274.04086044165575,1.1440875772089507,2.6133615016294936e-05
11760,-8.193271206120423,-11.870551719572953,2.9344212955485305,0.5198766700172899,142.50403018511824,1.2180174778558026,2.6145403810147837e-05
11761,-8.652948323056812,-9.458157176165841,1.155271702572415,2.0910703461292237,414.63096924540366,1.8798136119232227,2.6183572467322264e-05
11762,-9.967164143235603,-6.598954646698378,1.5122393732669035,0.8485943677287067,210.81867991560958,0.6445893136190977,2.618737254052157e-05
11763,-9.454369676181924,-8.19035715432846,3.886935005020363,4.18310233683019,248.44798769590398,0.2787574404201445,2.6213568212949414e-05
11764,-0.32051952362186675,-5.655606815426579,5.071992974114239,0.9481339553959989,468.02183740119983,0.10653768769403626,2.6215773115142576e-05
11765,-1.3304605464127999,-5.327370721053504,5.057438733540215,1.2924763779565958,286.6648857354263,0.10308030825201442,2.6226795309187328e-05
11766,-2.375194020685516,-5.012572160650248,5.029504873144253,0.8422820716687971,467.3041423058497,0.053395027002133943,2.6228318435540503e-05
11767,-8.308910518471542,-11.338436174455122,2.493534594851454,1.5945123967786627,267.9999314710362,0.00043503100497499503,2.623257055980083e-05
11768,-2.7533417970219283,-5.309526013680502,5.1382197128097555,1.220406998124711,375.9965452072944,0.2684355664742366,2.623633292978073e-05
11769,-6.955790639534328,-12.298926928408168,4.937841274710028,0.7931742713940166,159.28402995657862,0.3340175108911039,2.6242168687177982e-05
11770,-2.0386843101643084,-6.008607483826263,5.155588595259583,1.305581211509105,291.55501153672213,0.08837291405835668,2.6265452367873724e-05
11771,-0.9312148093143584,-5.225727917126161,5.015469985501762,2.0920602263599197,415.5493652903503,1.9490117566015863,2.6275179588536057e-05
11772,-8.838616900304812,-9.048816841321015,3.4889786011412354,1.0094421899276707,217.08316186607902,0.4203835276526613,2.6298383333951334e-05
11773,-8.062312845972437,-10.518563574615321,3.8484547225191905,0.8611285310866958,468.48230862177337,0.4942133894675731,2.631366570478873e-05
11774,-2.16173874451282,-5.516837887445043,5.062934660413696,0.9064030238524325,468.2088479450884,0.9170439219442779,2.6338691752225445e-05
11775,-2.196507862579687,-6.261850348056788,5.188258814779659,1.0771470559749243,281.0233343368622,1.598853702630774,2.6357702527410573e-05
11776,-0.5236865282216208,-5.110934688216046,5.0429973482029045,0.8300244227693581,173.65472492549614,0.2410173080122151,2.637190878999909e-05
11777,-1.8375072819188194,-5.083424866132933,5.007009418738925,0.5504571646956381,158.76844658812362,0.6350011594320186,2.6372452635791408e-05
11778,-9.478138556752375,-7.555368941719297,1.2014491704538293,0.9879455635037557,251.4574240918357,0.22814818428589767,2.6372551613960185e-05
11779,-9.090952298989148,-8.914809749060536,2.239961803578398,0.810865531384964,172.73363131877824,0.020326032068004984,2.637999385989288e-05
11780,-7.9615015944044245,-12.939062292523511,3.5006104367221047,1.0239000998024792,279.9585346233621,1.3386199429513566,2.641278732333988e-05
11781,-2.2088827838792104,-6.247900104449503,5.182992108980359,0.8844901081164519,467.8498108521109,0.3370697021392175,2.642240770189914e-05
11782,-8.839329991827485,-9.005655407888254,0.9918331719841664,1.5819214400836779,468.280718027672,0.07394595466116449,2.6424267999392914e-05
11783,-8.791519982499505,-9.437596352178105,2.1317826605886183,1.3684834018549854,308.0650345153278,0.06550122790459145,2.6456243964099867e-05
11784,-0.8062376245131819,-5.278276721849317,5.014150139272793,2.109766828630954,417.6392378512336,2.0519351703789024,2.645687043849062e-05
11785,-7.159498953110249,-11.42030460414443,4.893630380185407,1.404592970218219,318.50506855021115,0.33737281288540455,2.646500760386891e-05
11786,-9.545489681604124,-7.717056482384552,4.628473378630624,1.1046131928486198,290.3241501279094,1.8367158022019607,2.6466660272812727e-05
11787,-1.817692228918233,-5.083248910047453,5.027355506946082,1.1978041979095604,249.70168646987054,0.5052588799763944,2.646977970028816e-05
11788,-1.1562017914315206,-5.269622212664942,5.012859159214642,0.9050556614744789,254.42179587249575,0.6003533604073903,2.6471082325317575e-05
11789,-1.0481187911116248,-5.750856829991168,5.073494273697411,3.4860002935478414,248.29484204411204,0.2545880246700518,2.6474169944702283e-05
11790,-7.328894724535475,-11.495242828344193,4.701517931362352,1.0329902993798905,467.8849314913135,0.28171124820256477,2.6492040023275333e-05
11791,-0.8430142052779548,-5.06570186325245,5.034958633276269,1.0670432828646068,467.2896687940868,0.4320408626065566,2.65012230884118e-05
11792,-9.878882099544839,-7.441954452587169,1.5665464013927928,1.89303186120409,370.0854900558559,0.37425142180837323,2.6506495344312663e-05
11793,-0.14387368232813458,-5.121404860508216,5.029040744857326,3.034621224180337,493.91090071967216,0.7513373579465146,2.6520669189170426e-05
11794,-8.540131946683298,-9.969378560715308,2.776921235782789,0.9975984616352203,207.8256388106655,0.45055618917726115,2.6536464471738734e-05
11795,-1.0381738418511937,-5.286712755789971,5.012159685957377,1.01365381812798,278.51666519311055,1.2744486965574673,2.6539544027610966e-05
11796,-0.8308779776014941,-5.006551551597238,4.981507598707613,2.226992530776641,424.96980019853055,1.2650124333393977,2.656880333381838e-05
11797,-6.297375763133717,-12.71198178334118,5.190120040696954,1.1648822052877423,468.36001037244654,0.5213175863570392,2.657151339506684e-05
11798,-0.603974306714548,-5.270175483288711,5.010006412549656,4.662935964314818,603.6866728087917,0.5936291014647246,2.6631223829529838e-05
11799,-8.614901304785244,-9.69038381861898,2.9581173966306684,0.8303751953970715,468.2030018498115,0.3702737238963376,2.6632258721458935e-05
11800,-9.044880577223104,-8.986648290803856,2.474213727699595,0.7692446235045991,467.78606994178233,0.25939316441492277,2.6632816854043887e-05
11801,-8.250463076767566,-12.643996243372225,2.0097685863624224,0.8924111176562075,224.6816423639698,1.3519717224143024,2.6648577707442844e-05
11802,-8.340008131308549,-10.839348531856876,2.729776182419687,1.1049356501055183,285.7330325298237,1.5452261492212864,2.6649857059400875e-05
11803,-0.03906084910718022,-6.164792418741307,5.163200650169134,1.0415849293280695,272.7740944356046,1.4820304202403616,2.6651562077082143e-05
11804,-1.545496493892717,-6.203341439474846,5.169606371318514,0.9141395253499371,468.43057345859387,0.6415488775073745,2.6654590978975025e-05
11805,-1.6856820065695715,-6.019833286821262,5.146467732771653,1.0199520263558035,279.0597073335533,1.6333950544998608,2.667084399369611e-05
11806,-7.582525239224275,-11.76316265148158,4.32394690429483,1.0931566759666216,262.6247163857354,1.5932874483753148,2.672638563042218e-05
11807,-7.347804282777255,-12.020951895274283,4.594653201381772,1.0254916374479761,226.35478663562807,0.21538270777451185,2.673042538002937e-05
11808,-9.365937307275196,-7.904884189775326,4.599140980788102,1.2372265693244118,301.063933270095,1.1797460656300034,2.6752839607961116e-05
11809,-8.79257803785848,-9.413151450058972,2.550882948454835,0.9743571119947818,264.8091329254115,0.7775695578374773,2.676362407981629e-05
11810,-0.14003864398399912,-5.022871919054847,4.974409271636405,1.3445489020348005,292.2767646079186,0.41516811355761174,2.68152694641243e-05
11811,-1.7986784065133765,-5.992888940594547,5.136388580943475,1.2070566577182396,468.2395259882473,0.07088252836697606,2.682351666124886e-05
11812,-7.824440608236637,-10.471764881133126,0.2510829202848899,1.8996032198312067,467.94873205599197,0.5552466545634909,2.6846951753978028e-05
11813,-9.567607968477702,-6.710795693347334,1.1092768403324509,1.8292381090495269,436.1409582634708,0.10382157809875281,2.6853153326092757e-05
11814,-9.500323809409236,-7.633784895404588,4.8145655664035605,1.103100831521731,468.63511280281193,0.3670910866684016,2.6854206766925874e-05
11815,-0.3682252914581241,-5.8676402958428895,5.078774849451702,1.866277272939845,266.9866047325852,0.046390835277843046,2.6856575106674108e-05
11816,-8.348164971041271,-8.68144495994304,5.176908388443231,1.4298858033458293,334.91508078157256,0.4111209713429753,2.686241115514789e-05
11817,-9.606079936984631,-8.313880608404393,2.4113574310440966,1.0807260858622236,284.27496568178447,0.5097381034653701,2.6885544565415698e-05
11818,-2.7433866150901896,-5.289389025439745,4.998590164762359,0.8148228682054799,164.56540039976502,0.6377286084729912,2.6905023352820444e-05
11819,-7.29258669930907,-12.988709887893487,4.578283710344431,1.422755779616137,322.61821139314935,0.2072491015312341,2.6913070955456037e-05
11820,-1.3173954738269664,-5.486192720607958,5.019025874802656,0.8265682050950465,243.17823182343707,1.4491236546493056,2.6915407879997764e-05
11821,-1.5874207846279926,-5.859907201447512,5.075397474663816,0.9558205344650287,194.5282767906988,0.9352891306325963,2.694690636626325e-05
11822,-8.754618789583139,-9.050780981653567,0.7041906507889635,0.882720757889983,468.18015527783643,0.5385995746459793,2.6964740889590216e-05
11823,-0.23052546161352971,-5.548186578218558,5.05769595381865,0.9275038290078441,155.6958661915586,0.18970226732673545,2.697453307153486e-05
11824,-8.117044292115557,-10.079923065707947,4.016088038769251,0.933433687011524,470.4633923538214,0.1527510827065166,2.6975809314746274e-05
11825,-7.921543620701286,-11.563095394360888,3.758735119616946,0.9749949520283184,467.691232915959,0.579576235089724,2.697749361699243e-05
11826,-8.304774210770109,-10.454998095229001,3.2175575318344034,1.0233391142375066,268.42288733752275,1.676270504673445,2.6983811550632406e-05
11827,-7.743465666238024,-12.220401355797954,4.001251584986288,1.6762568014983912,390.69157955017835,0.06018663952193304,2.7000115991890032e-05
11828,-0.24306609891955233,-6.0267936476116635,5.102455506344877,1.130318572379685,467.4080295296933,0.666352483551031,2.702626390821896e-05
11829,-2.39177855308761,-6.058634336763934,5.108574198526979,1.6516883974669487,367.2179825896468,0.8579398908161879,2.7031583971582353e-05
11830,-7.859192772737101,-11.812104312608396,0.31051679668970233,0.9655027908932674,134.43315626038367,0.36676544170446146,2.7054940510560622e-05
11831,-0.2838395107220997,-5.41694912744571,5.010312225167058,2.2445864091180594,431.9864453012504,2.1216082670601617,2.706462131399612e-05
11832,-9.67630889256236,-8.17814601582217,3.3304561244966435,2.4268172939038615,443.1670202319398,0.9016251944898235,2.706729709794743e-05
11833,-8.217531486408953,-12.551372827745642,1.6098238885496752,1.6453529032649268,383.67719537387603,0.896581787337964,2.7118802299400865e-05
11834,-8.384760327316219,-9.388266357455668,4.12486047226026,2.601737776876652,466.6100281840707,2.064915259053926,2.7125194272215548e-05
11835,-2.006462413897099,-6.346165701794955,5.183260472532214,0.6050413968986611,145.65589090866087,0.22333363468700362,2.7125385121820517e-05
11836,-1.1484612420729494,-5.270022650246242,5.031495569670494,1.028763163573425,275.67401592921345,1.6540944197266318,2.714995075756192e-05
11837,-1.3195702985092996,-5.208796559702976,4.978638715552336,0.49420473845113855,126.69632475392987,0.8695196398830394,2.7176255192809516e-05
11838,-9.12362192426359,-8.72617585677059,3.3140239962602713,1.5849578135130156,350.3983988230331,1.3606535741678618,2.718129035761467e-05
11839,-1.6846008412391598,-5.2375627959554025,4.980438466502071,0.7793849235273326,206.90722861829357,0.10847506721188704,2.7205499500304547e-05
11840,-9.115638360468047,-5.849197619724327,0.41895043096015655,1.013903590703328,274.8065367307373,0.5891657650207449,2.720625736766678e-05
11841,-9.937793335453424,-7.843482758736213,3.743888449928923,2.453698357104039,448.9381512000191,0.33842925319557526,2.7206509939002398e-05
11842,-0.7003527628989517,-5.1066555092131205,4.992808509610613,1.1803425071082525,299.9059710710693,0.7932212512363108,2.7222011647295356e-05
11843,-1.0514123292439326,-5.91611803147895,5.075916864816792,1.2251430935891447,259.53477891981174,0.9774445318493923,2.722758629485613e-05
11844,-8.26428935410026,-11.426393105594544,2.7127514832394106,1.1387205150654962,248.8342557434266,0.5154525134599579,2.724367701204799e-05
11845,-8.464439602674902,-10.047469446887309,3.025856053645249,0.7051241727229169,183.16633178925218,0.6756539724009656,2.7247680628729455e-05
11846,-8.280670373728999,-11.37432410089195,2.647919962631721,1.101923730728537,466.9834836399613,0.6207449950490611,2.7257803853331417e-05
11847,-1.4884237128241722,-6.0791900499094815,5.138584418990174,1.8540157240903956,463.56601308281853,0.4282949113312524,2.7266978555280185e-05
11848,-8.552637018897311,-10.002222517477499,1.7238543897745544,1.0902301388084,233.78112796119655,0.0403032671171113,2.7288019326397355e-05
11849,-0.8371874558244006,-5.556285606469763,5.047516364618091,1.525877568973054,383.0245596104395,0.5393688776471572,2.7302457651778057e-05
11850,-1.908199307119716,-5.55753092377578,5.046983538617258,0.8941451982629256,467.790624376829,0.5750883446623218,2.732358961551014e-05
11851,-0.21906790929936903,-5.196722286435566,4.972298997987072,4.788854340419016,263.35511123235295,0.27610369243021093,2.7334820637089115e-05
11852,-0.7767643126377024,-5.3969400366152795,5.029365744374188,1.5505760288069228,354.6653454604661,0.9054089008550923,2.7354487351924197e-05
11853,-8.416498799128407,-10.618548870153607,1.8936472991918973,1.968028020699804,399.8325529051916,1.592777541956722,2.7365421185060603e-05
11854,-7.363344928215144,-9.741783612885968,0.09917510510692938,1.853870400669828,444.79390101268564,0.14458695723415005,2.736635760727033e-05
11855,-8.088017835092707,-12.810924443557557,0.6444360347371495,0.7411124670203124,182.51908920262986,0.2703769054348486,2.7392924450333864e-05
11856,-1.3935515622205923,-6.089784977295214,5.103105044357808,1.4499163457603048,321.5223750968912,0.3822609313892409,2.7396307546664252e-05
11857,-8.984315058996415,-8.097930557542819,0.5657912283817754,1.846966471169363,441.7513496534265,0.4839619078497952,2.7436972691600628e-05
11858,-2.6906861815849403,-5.33137998926185,5.049165376201948,2.9607781887777826,415.66285382611215,0.11741554638945484,2.7447283544228583e-05
11859,-1.7273547524550033,-5.137095760484425,4.992000803843758,1.905720869297152,460.00569158418483,0.5570490877750442,2.744915769019608e-05
11860,-8.121129517251124,-12.979606856518867,3.0090146370047526,1.7802130687334883,357.6904668464436,0.5382366754729953,2.7452825365105242e-05
11861,-8.193411438436028,-11.359549217933662,3.0667639738505534,2.7434105548637375,479.6357526725901,2.180917536378316,2.7458815310404388e-05
11862,-1.5519495100354845,-5.122154717746195,4.990993198005986,1.1377401334203117,468.3928851177696,0.5336542744019734,2.7497178184897163e-05
11863,-7.476428789454045,-10.57107426184913,4.799526309999939,1.1972754088709878,466.1317448388445,0.15878190774240597,2.7508044043873822e-05
11864,-8.402911749955498,-10.224724262577475,3.0558147411398133,1.4900055045734526,343.90637207580806,0.3573197502557859,2.75264542090125e-05
11865,-1.804786722567549,-6.227789469972739,5.158559817165138,0.7922840099092825,319.29804279749254,0.18265572652623963,2.7537893873086814e-05
11866,-7.182162005952957,-11.841169704520425,4.784806219481335,1.01722564337609,268.7739865682048,0.5218631436205081,2.7608078551843365e-05
11867,-2.302261169585491,-6.039759149793117,5.083924372619809,1.543521899697216,345.6207175672433,1.344725493579923,2.7682535630869384e-05
11868,-8.551302593485737,-9.713391770785519,0.9231636604038485,2.6936517985393986,475.4470467710458,2.2569319352060786,2.774545446861398e-05
11869,-8.293289970035943,-11.661972264659049,2.1226640094886275,1.07107264588722,281.38905665958384,1.0836635444883784,2.775262875846896e-05
11870,-2.3884999462879817,-5.081970994941776,4.947513971716138,1.0700698052161837,468.06102356400703,0.8364035595183834,2.7780455635585307e-05
11871,-9.464046421669812,-8.276463900852782,3.6039307826715703,2.553897370559769,459.95886478964195,1.512884899826421,2.7799589580008467e-05
11872,-6.55808333495024,-12.576776687708726,5.1120322120012,2.3735704332463343,440.670744981935,1.3255692500940208,2.7812124767348946e-05
11873,-8.412125038743032,-9.281079012015109,4.196381293825068,1.0652839283963884,159.44783538572497,0.1411263013437578,2.7814225648922665e-05
11874,-9.712102131552856,-7.923216411785782,1.7085990368929247,1.8199332136457564,437.6202166315381,0.2693810782246864,2.7824979257948344e-05
11875,-2.6087234399524926,-5.427143883557284,4.980084449310123,1.4679006993889228,314.1930160085035,0.6470817610072688,2.7852861586956142e-05
11876,-9.787567386354304,-7.8692396619019505,1.7702203281094406,2.0570074902182114,405.8569736086554,0.843977378342605,2.7880890037908264e-05
11877,-9.812742293133152,-8.136700479147901,2.81610643062029,0.6561681525942696,167.9748328387309,0.6250762450174916,2.7893364380666962e-05
11878,-8.347806616028938,-10.96421116970804,1.7412640686223912,3.0596544931181113,499.45669205674017,0.9529913758486002,2.789734751645738e-05
11879,-9.837407210768822,-8.099717859935623,2.4829928264145344,1.0925096858210095,468.0617784218534,0.8685651486631283,2.7897737108259383e-05
11880,-9.0536431771947,-8.865847698771464,1.706398476820637,1.4028449351544958,320.51324987010616,0.08852939870872145,2.7925959324134926e-05
11881,-8.726052329406032,-9.141598662313568,3.6109851653718783,1.19279356360867,467.8014763921228,0.3262741515434078,2.7940618115052608e-05
11882,-0.879585875329683,-6.11679251886311,5.0909481268889225,1.272910854353058,315.81357251588634,1.0103097213275154,2.7954581739453573e-05
11883,-0.9437256109798433,-5.602145839769313,5.0412299692338,1.298433447479888,263.30557503334035,0.046405124263499964,2.7963976130500455e-05
11884,-0.3225515037260731,-6.444455539858971,5.181817722085939,1.0732829122307346,288.53521794905714,0.8010013793838668,2.796669014131649e-05
11885,-7.662782919358835,-9.673057683970569,5.1284710656658925,0.6714782144160846,202.45399311512872,1.1274117249619477,2.798787007169538e-05
11886,-9.822036227690639,-6.935153170034289,5.1375081847737105,1.2164359034032017,307.952858017207,0.42167039403058393,2.8024032240645478e-05
11887,-2.751353476613044,-5.142007634650213,4.988784747662596,1.1483661382230965,295.8138556110377,1.7289857834330782,2.802585660500322e-05
11888,-7.730643022415628,-12.037753348446767,4.031353973436085,0.8249127229681891,468.3178318514794,0.5437578965404093,2.802793472772453e-05
11889,-9.064329792155908,-8.316361308945016,4.389753562308795,1.208585084817175,308.7372429730914,0.2960786493206262,2.8038781076640447e-05
11890,-1.0661816205104486,-6.2945359547886275,5.127697472331178,2.078629504233311,414.23905781463986,1.961948717871631,2.8042438060884808e-05
11891,-0.8253050052467366,-5.394283138043557,4.993094680470099,1.4592728860581636,327.56318440746344,0.017148781045125183,2.8060943579896925e-05
11892,-8.2091817296781,-12.936673067793542,2.549608084363828,1.1421601947852287,292.61852928340437,1.068131446999515,2.8062676817217014e-05
11893,-8.916668036288293,-8.768333296567763,3.8242227042154253,1.375398389591094,310.1414153983038,0.046566429292007605,2.8071484858727823e-05
11894,-0.3854579037707513,-5.314354725905365,4.989800034279589,1.1134302264918488,129.5646680569553,0.3371654382743534,2.8098943954086833e-05
11895,-8.598319565805362,-8.991329292826164,4.197976413645294,0.9974742125227355,236.10593784044494,0.4212057372876181,2.8113911407508278e-05
11896,-7.779987911741898,-11.183509776205776,4.113896758784294,0.9164657458235561,224.55670274151305,0.09339503264311322,2.812517569549765e-05
11897,-2.7923912557561312,-5.366172705202918,5.075253316537973,0.6806126515188459,468.7182261747004,0.4002916258312057,2.817013326534189e-05
11898,-8.091719329175605,-10.326267564806363,3.87233534739712,1.8699631125505647,451.1217545322353,0.19454327033272723,2.8183263402198556e-05
11899,-1.866027565257685,-6.246461235462712,5.144477842026825,1.2798029396894408,312.8939132912383,1.4877734876452076,2.819574955430033e-05
11900,-0.16245533906077192,-6.4829361775065575,5.183797425366861,0.723305634670552,154.53273870308126,0.19346778350683724,2.8234564538881853e-05
11901,-9.164127973260578,-8.567900624152642,3.614231136668041,1.0616153788124791,288.76126803524795,0.05823739537001682,2.8282800852672076e-05
11902,-9.525423570249748,-8.390055833222114,2.523793667567064,0.8831923262378298,467.86357880049496,0.546743962225932,2.8297690422254328e-05
11903,-2.3223424207823262,-5.853351029491598,5.057419443988846,0.5582222974142417,152.79501050994347,0.9681397474504321,2.830076964639309e-05
11904,-0.9526505386313637,-6.31814957338858,5.124943216251407,0.7069957310349554,141.99882403410095,0.052899821453301854,2.8311395321188e-05
11905,-1.6295667344617186,-5.459823038799152,4.968054569676964,0.8306409705167829,468.3777199668312,0.18326252773239204,2.8332428298143234e-05
11906,-8.850792548534086,-7.355843550367909,0.3627185532309276,1.2943925147214872,469.5407936662476,0.2163412595130545,2.8332715522703918e-05
11907,-9.607735698925842,-6.5176334680855295,1.1726446581858265,1.7263459366064005,468.07353653934143,0.10820155088829875,2.8349938739695247e-05
11908,-2.070310784381716,-5.1830776690125395,4.937961149246728,0.8203740140902108,241.02462927246165,1.6428387978002084,2.8355699205346293e-05
11909,-0.37863577344127997,-5.487485166346859,4.9948220952399955,1.1788745658546376,290.88410648578923,0.18260685768497886,2.8372287694494735e-05
11910,-8.137937357849713,-12.004998468757,3.0628644343284166,3.1859372377387962,512.6380160638736,1.2274954505555007,2.8377580468668537e-05
11911,-9.093688605339587,-8.1379433548939,0.7053478355567826,1.231741609282607,311.08326417976537,0.4183483330018474,2.8398376006562015e-05
11912,-0.7367797873748891,-5.807174642689586,5.047273201850653,1.2428915292310079,310.8248193296839,0.613442464403442,2.840207045765392e-05
11913,-8.209342052512946,-12.635137663600586,1.6127024959211194,2.484612284684283,449.70736652578336,1.1298598665450905,2.8426499444345055e-05
11914,-8.019005586999528,-12.59211046612015,3.3468788744973343,0.9709479219820705,467.9633730194419,0.6040934210527187,2.8428869462670196e-05
11915,-0.2660899932425167,-5.54282727066026,4.997678098742604,1.8966282899358118,462.5887894279143,0.28671515653638213,2.8454914645160387e-05
11916,-0.6810947179828855,-5.600231065457621,4.981801528259224,0.8788607366978044,468.47244681199095,0.6726935520666455,2.845951286484816e-05
11917,-1.0728485439643194,-5.040540487989921,4.921982450611777,0.5249941945341028,153.9357378644992,1.2543733385816003,2.8462887037089085e-05
11918,-8.924302657964784,-8.808688023552268,1.0092676330774586,1.3923238869297327,467.79077316085863,0.5576344973140284,2.846902997339278e-05
11919,-9.896497728478199,-6.2476086103156,1.4661859468135923,0.6712896144129739,174.35312493927555,0.5744935389351751,2.84725277800074e-05
11920,-7.632328423991719,-11.843048081918754,4.213818949844943,2.0902862066157017,391.15657561319324,0.48940218371691824,2.8476999798014425e-05
11921,-1.6277486492910729,-5.683510446898568,5.029837236265342,2.5732549658977923,463.7975318516099,1.9104240612861156,2.848337563898942e-05
11922,-6.939615012013955,-11.8668686430715,4.973718165714429,1.6395218287728783,387.5665886271471,0.32280176144093,2.8494881866668216e-05
11923,-8.302336823218802,-11.496982202768036,2.073482580160444,0.9124731866106028,233.2229869526735,0.2970203103790938,2.8510949735444816e-05
11924,-8.054713621020888,-12.905456357885082,1.1383265946518677,0.8681655216749791,131.83041370535204,0.3060241210621495,2.8516403291851428e-05
11925,-9.056781093635722,-8.920209272822717,2.802266979944141,5.685989304017896,480.35612797448954,0.014783821827796473,2.851778011576562e-05
11926,-9.112242851389219,-8.60947248181089,3.6460492080323683,2.6167195923524558,466.53261879486683,1.6587127179356864,2.8525386529684913e-05
11927,-8.240603951104426,-11.604889996249815,2.712062428307637,1.6509730067515023,383.60695257321726,0.018956565045536777,2.8571856837696154e-05
11928,-0.024273636913813235,-5.692342385928214,5.033329147163582,1.2922663002895463,315.39892889289007,1.7050484382478928,2.8578257702761657e-05
11929,-8.851119357010809,-9.251033947827633,1.813320108127714,1.4603477442155022,333.3310393698423,0.17738361435558314,2.8595675282960927e-05
11930,-6.298309383515983,-12.426961306613073,5.18854083608975,1.1291855173574077,467.2511492180652,0.2546113521265534,2.860960842333334e-05
11931,-8.68777850773174,-9.595887179118709,2.656069931639386,0.6659104724802312,193.74721115496283,0.3851534417592406,2.8633634115088687e-05
11932,-1.0442024742899232,-6.288627595029422,5.1405107104180345,2.481602717370418,440.09565109382527,0.6718026049053627,2.86357273635161e-05
11933,-7.602170766581793,-12.228627262893506,4.209714999467095,0.7340566970347167,421.3297849951901,0.37482353242542565,2.8639704636127294e-05
11934,-1.319150086038432,-5.208960789212543,4.931121419049251,1.0697339069806908,279.02426492242864,1.8083857426357568,2.864690925270945e-05
11935,-8.24183666749164,-12.045453940581927,2.5063565471087106,2.3925235638685844,445.1745612746376,1.6812098473671346,2.8665194175801124e-05
11936,-6.261841797910204,-12.984694138372383,5.159690820692311,1.4333803296002787,468.3634029315376,0.10798689472520362,2.8671144911541046e-05
11937,-9.303523265482545,-5.720644216913658,0.5622794698281159,1.136956655355565,297.81011516936115,1.711016865935262,2.8683846902139244e-05
11938,-1.4355884293550751,-6.550069576237712,5.1881776909874215,0.8682175206890528,212.10428640101765,0.9464803445916212,2.8695402876444586e-05
11939,-9.22630277596261,-8.410947487737308,1.4069712830093062,1.0517034342491332,225.91438198279604,0.20351137525605445,2.8697766815300496e-05
11940,-6.829912340163219,-11.483383900307986,5.108210668694051,1.8649830180302427,467.80075160808514,0.2628887921625349,2.8704526597171974e-05
11941,-7.765303105137299,-11.213773224306392,4.1224094750440745,1.719318816488334,467.965192582542,0.9010758304222053,2.8758755866503003e-05
11942,-9.61371610356606,-7.75702667087555,1.469333312167089,1.7720985190859098,420.08526133921333,0.08099025067078003,2.8770005850988528e-05
11943,-1.9780110175571934,-5.331095018112524,4.939546977560894,1.0556569202188133,467.6699822037557,0.567914778514857,2.8772915107304798e-05
11944,-9.179320232593447,-7.927477332631652,4.8403071877901835,1.572602017383975,468.88603497284817,0.8548872858324144,2.8803497310592943e-05
11945,-7.777539881268056,-11.95449918845701,0.27010962693496043,1.232140637922747,303.2658138004439,1.2429461291219353,2.8805508217020855e-05
11946,-6.44901928639991,-12.070063139965187,5.184362999622716,2.58993979362086,464.17956079984685,1.6162191058901003,2.8825158053819323e-05
11947,-1.9521981129441848,-6.2127037723560825,5.084084247471152,1.0662171958771447,282.17873232772405,0.43162417534177155,2.8842893942984872e-05
11948,-8.081813117246508,-12.230022434389017,1.1348215528358314,0.8638618157783227,401.72669048034845,0.785117876923846,2.888078614899195e-05
11949,-7.4392656415057985,-10.08653369052203,5.0966161736962725,1.3698633457005873,298.7554830134581,0.9200640383270935,2.8881928733815388e-05
11950,-9.763710537417479,-8.032349989611022,3.538452659030178,0.9465364281282262,468.39679577634024,0.43828045095183565,2.891797799434513e-05
11951,-8.064563540751323,-10.89796803612707,3.6099347877205425,1.5236572796592929,351.43531794243665,0.36130120859278847,2.894050346000792e-05
11952,-2.5852516968372825,-5.821767795595636,5.007444540518111,1.5660995311532815,461.0836858842664,0.15085598730331462,2.894849891680919e-05
11953,-7.381111984318413,-10.918285930873719,4.764720931382967,1.8204552190365304,468.5487969036091,0.5729479867476304,2.898177523381528e-05
11954,-2.43571142825863,-5.625164328322041,4.992664424183399,0.8646919176211691,468.3463944695275,0.6875959033569767,2.9006181617402015e-05
11955,-6.838045403254854,-12.909167954209552,4.943644591411969,2.4253998385270648,451.01623038845077,2.460348780919402,2.901354499837948e-05
11956,-1.6145055214772004,-5.212384028216554,4.919734854092488,1.1772005879923517,291.8540061542813,0.18863348897708931,2.901691098968768e-05
11957,-7.8575346885025645,-12.048075373950812,3.777325571169149,3.8025943023385698,297.7722044550303,0.18025355983067026,2.9020557721865263e-05
11958,-9.249965789151162,-7.6823870152725515,0.7473978906358278,1.6923202483156572,308.98905460723006,0.1823366529503696,2.904923858068245e-05
11959,-0.4573714370408357,-6.456917631824774,5.161674962176965,1.171066155168184,298.56851929464136,0.9180404993421254,2.9053830875882234e-05
11960,-9.403962539021828,-8.510420350731572,2.5195237463388573,0.9076910556092153,423.2529055087748,0.8518555329328557,2.9057046193089846e-05
11961,-8.012714677365048,-9.9141039781419,4.331867409937808,2.5517488441215095,463.0130210523126,2.488980278525254,2.9061905219042335e-05
11962,-9.54604335862102,-8.32857401666192,3.075942515216042,1.897375139433813,469.3467866828362,0.20638452551280206,2.9095535965070755e-05
11963,-0.3124603555186507,-5.468959244729965,4.945110787751761,0.5143708034331652,136.63975400167746,1.0422640453135612,2.9096480366234756e-05
11964,-1.1446088053659018,-5.584736514198949,4.990744179166495,0.9020493163838887,462.22230196609905,0.5146599968427834,2.910571965319925e-05
11965,-1.8767384640922629,-5.8055195488159175,5.032383146433933,1.5137353204186146,342.4632607296992,0.027030648507337496,2.9114491457171074e-05
11966,-0.32822090751999156,-5.957445726308391,5.018818682862214,1.7895511218326565,467.74156287340753,0.7575581220602476,2.911714855936021e-05
11967,-0.2825697363772246,-5.676320893117947,4.971255264403448,0.5351568227413545,160.1366421691643,1.2826312186632398,2.9136582121610623e-05
11968,-8.109623336940995,-5.239180920114714,0.05930104028103946,0.8778103933213868,165.8943401555859,0.006355815223801464,2.915270389735458e-05
11969,-8.862685016298062,-9.111310422720182,3.1545254137927445,1.2266355519723042,260.18888454978094,0.05971960675729715,2.9206825521614715e-05
11970,-2.236333180407435,-6.38068089263464,5.145313564845286,1.0385729748800803,269.6578881307902,1.2667834471004298,2.921529234818744e-05
11971,-9.957692459829298,-5.79036110578566,1.5067930266106284,1.6694682498137876,468.5604843845586,0.5788635260162014,2.9219274013048653e-05
11972,-8.35335445989241,-10.884195351316407,1.7322791391078791,0.8424152943856249,194.5704430832999,0.6192679024314645,2.9233756779968173e-05
11973,-7.0659694400428315,-12.061152925696938,4.844011681180056,1.1728267376997654,299.45883685640445,0.6895815982261224,2.9235026706805028e-05
11974,-8.580522739067792,-9.611301971498417,1.028876898615553,0.7827551828103629,216.081041676806,0.4671810111516024,2.9247220591170425e-05
11975,-2.561389377016309,-5.561723170788581,4.952195458754446,0.9023444161472497,467.17884951843916,0.29295360924216585,2.9257973100417595e-05
11976,-9.08634601473724,-8.901338677511845,2.4553058557272394,4.696285700089571,406.4704095450955,0.061770914852964154,2.927041303733124e-05
11977,-8.190764972212959,-10.979497022397434,3.2100797566897685,1.2090741878412263,468.0815293887594,0.6060922602267276,2.9284252838121905e-05
11978,-7.916708448511409,-9.9856979320042,4.448947513623099,1.7357790147651877,411.1750530319453,0.04635896793840644,2.9288239101693432e-05
11979,-1.524456842070018,-5.172032281473189,4.907261800126992,1.762469050605876,458.55294865263653,0.7193159624878982,2.9291370872115585e-05
11980,-9.335954750587751,-8.583233864840276,2.6592589390448245,1.1752995842090548,461.7698586190122,0.011577800785030234,2.931704057327313e-05
11981,-1.4247963032900302,-5.967742583886114,5.04595478062194,1.0141051004321577,144.0422333458221,0.21010074267747214,2.9356642651698264e-05
11982,-8.917093599843344,-8.721713860035102,3.9008142514078465,1.0017216410980616,275.5181111655215,1.445725450037055,2.9380011528215238e-05
11983,-8.005683227963196,-12.724726221150329,3.3552314130043355,1.0962444432562568,466.9316850325142,0.5936507346061628,2.9382283286375353e-05
11984,-0.40554527608530044,-5.801804085128702,5.025618333249455,1.0785963181246587,467.73574964821626,0.047474166414408714,2.9382484975980474e-05
11985,-0.9883149363200445,-5.7853158117021,4.9793272543960345,1.312881637802241,317.7622301565705,1.5501287237691406,2.9407497204025183e-05
11986,-8.2066503112902,-12.41325979303142,2.6214764335190806,0.7460692006553215,467.85421915042673,0.27354755054050806,2.9428798861926456e-05
11987,-9.323879969849497,-8.222464886874569,4.022591886005776,1.8332643392877164,295.72016714256887,0.03856487824984889,2.94421837875011e-05
11988,-0.5551794151232823,-5.999798570364743,5.049426840747304,1.8888313938672794,467.8294865369709,0.44889287190638694,2.9443338759061024e-05
11989,-7.421587240163676,-11.673600636464032,4.5238484283158,1.5367832227065383,361.2874472529698,0.5301369021848767,2.945577758708041e-05
11990,-7.0803657930059085,-10.804237326514919,5.1054579879888875,1.0823243164199041,283.1608798138255,1.612386927913291,2.9456521860025405e-05
11991,-8.576444756081777,-9.58304941656235,3.2584297475624746,0.824435596464201,201.22091772560603,0.32142814178927015,2.949289690440493e-05
11992,-6.385123195838584,-12.249359317161826,5.174821966596275,1.3999588536381777,468.1631056314178,0.2990748524071476,2.9505671884943596e-05
11993,-0.33072604068844313,-6.451867529133042,5.121684391415049,1.042335214042953,468.0902309616912,0.7251717450412221,2.9524155844888532e-05
11994,-8.393950660909796,-10.641166116729718,2.4270561039102065,1.1465378577320413,223.25854525652397,0.032068208836583345,2.9528824296744932e-05
11995,-1.1955774068438956,-6.178342984515851,5.067097198133907,1.3436724298347311,327.4484525650534,0.33019268373070876,2.9537454039788252e-05
11996,-1.8074062252643426,-5.382360265985849,4.920286399634139,1.2056402418593735,305.87615937085496,0.6564127318419084,2.9568808383984124e-05
11997,-2.5827413694590264,-5.750329126324792,4.969303977590378,1.145664462081914,299.6129862501705,1.7716767328874994,2.9573781309401284e-05
11998,-8.891983635793286,-8.42232800654167,0.5823803905133366,2.7841392522627775,292.8159412886083,0.11107722317406044,2.9574901840213512e-05
11999,-0.8141274306710962,-5.206257812426397,4.900948798680577,1.8228253918431478,370.95357745343307,0.7129062083611633,2.959771215529987e-05
12000,-6.454903543547203,-12.141275370941301,5.166312423715547,1.728369861075892,372.85432785790596,1.9788513734575925,2.9628644699148123e-05
12001,-9.972311904167343,-7.0211106020392675,4.873856850760722,1.8772272137878985,468.7446780766447,0.1099239528915783,2.9630490318699812e-05
12002,-7.888968728025308,-10.314647622512204,4.271727757033844,1.53177740254782,356.781628391125,0.3468545479842797,2.963452963793621e-05
12003,-0.4260580316204994,-6.591518649444979,5.172297733562216,0.8413548691987466,203.5038988090499,0.47862247450590534,2.9635197837650057e-05
12004,-1.002888441612674,-5.461335405258073,4.926806941928793,1.2614257906071322,281.70545179988653,0.10173106006629506,2.9656510942913957e-05
12005,-7.949603168831245,-10.245399543335674,4.198505329204652,1.1173177193169994,263.352854501741,0.320121638054748,2.966047434513739e-05
12006,-1.0498822090637354,-5.968981909160463,5.009302514051408,0.8234947726755153,203.31982598063112,1.2852259752891833,2.9661754245351003e-05
12007,-8.204428694922928,-11.951770239088448,2.7534282806884463,12.96121639006548,305.77957211655666,0.3856922718630553,2.9663862226846447e-05
12008,-6.715679660445671,-11.643463459965929,5.131381384391057,1.4707118221290074,338.4009927927216,0.9313541007641026,2.9688620290650052e-05
12009,-0.09467259521346882,-5.047872820017638,4.889943419850947,1.3300397683070075,300.64790274955567,0.00752813812554276,2.9691497612069555e-05
12010,-2.7475359121492904,-5.245835199156355,4.892932825871534,1.3078602382994604,160.62351506894814,0.41488257871159107,2.9724859610574818e-05
12011,-9.985907297826515,-7.4863341412375055,4.315623803787063,1.7961937619494537,470.22897743693414,0.19375281669348077,2.97426515070577e-05
12012,-8.22749750269669,-12.929198117115787,2.202597695797146,0.950986840762278,190.80911108794683,1.0417602301848605,2.9759523923508027e-05
12013,-6.817745722337927,-11.364738737778568,5.129811837137126,0.7089660638776196,215.81625181359956,0.8282435640771064,2.977054269380888e-05
12014,-0.08204049243938272,-5.680792152820941,4.986605749472545,1.1204712095798484,288.8320401614732,0.2521734202522943,2.9780982448820728e-05
12015,-9.735208496395174,-7.085304001939554,5.098021327166117,0.8065351506368222,163.94586619233553,0.10669259629475558,2.979980831247561e-05
12016,-8.015650969724568,-9.458939199278342,4.746952505801557,3.645708596631834,543.4740428779797,0.879159845488581,2.9818585189124932e-05
12017,-8.257347622525526,-12.073337483796234,2.127402945690317,1.7758736040340053,468.3377860581055,0.35307121426143073,2.9855392041339447e-05
12018,-0.24723885067774276,-6.464821459653968,5.149094683863341,6.996504046331488,705.5826251648364,0.33491667551407467,2.9866828819269074e-05
12019,-1.6131527390784388,-5.7567488869425745,4.960891033052281,0.6555683757662201,468.123510471098,0.4460185835617301,2.9867370411602724e-05
12020,-7.330267897700355,-10.455985827784405,5.001767890446799,0.9006866735541253,237.94521862694953,0.30289254246691844,2.9892632970245206e-05
12021,-8.059183171702617,-12.963332140407756,3.1668857725797066,1.744138971397787,366.80105256837817,0.3841619987672269,2.9911529286203545e-05
12022,-2.077730575702863,-5.636378260925908,4.941205390268731,2.4531762314153696,452.57026583567085,1.9885938502115161,2.993148133889933e-05
12023,-8.012291822958927,-10.273254624031214,4.052906612803125,1.1381528968950616,242.42866906468043,0.04733325273944189,2.9941216657674715e-05
12024,-2.678935643134725,-5.8335207477340685,5.1629402293355415,0.9744138214442244,270.13533103642965,0.40572332833003877,2.994836994944984e-05
12025,-2.44227930986482,-5.593186798880507,4.934121315183101,1.4556195076371268,331.7447622150765,0.859500692287182,2.996915140360061e-05
12026,-6.627691100763528,-12.934752177390747,5.041076898947726,3.1210747137450356,509.1444010021285,1.5131141845411653,2.9972906313525917e-05
12027,-9.902137729785032,-7.291018764403395,4.678417224175814,0.6054520861601951,155.18266425626942,0.5670000083493214,2.9996810711440443e-05
12028,-1.4372454482958936,-6.088353812512872,5.0502860987730545,1.882385507753249,452.56142971485133,0.5990819718565366,3.0000006888518684e-05
12029,-8.507420897055509,-10.160670824249149,1.9328682449503947,2.4713055278967935,453.721165223396,1.7604135120942193,3.0001618314003794e-05
12030,-8.05995991941527,-10.090027405795647,0.3311657607602266,0.9640865979639803,188.47134411764998,0.04484502994785888,3.002201963004672e-05
12031,-9.721126744203959,-8.00296865076502,3.6908796551726835,1.1769947096992903,246.86726479629925,0.04741959842899224,3.0028131029862668e-05
12032,-7.348470100384603,-10.256185669846307,5.085941255278773,0.9244445327860873,262.25888870952167,1.376465640548683,3.0038425101177454e-05
12033,-9.50228523579687,-8.163518300275738,1.6588644065051144,1.1708693400431844,246.68527604649628,0.23845175346435887,3.0043888413730068e-05
12034,-0.25014133409319506,-5.351447659604582,4.902154091616756,1.106252273207955,279.1660902555046,0.18340237961797,3.004495213560491e-05
12035,-8.087123204645996,-12.535404881509967,1.2381651895848618,0.953006973122398,207.63458418556212,0.013485625673399504,3.004594506310583e-05
12036,-1.6331705647767016,-5.5849648451786615,4.930406186301439,1.2004880878458182,451.66539245927964,0.27308150198999837,3.0053993432609882e-05
12037,-8.38437045997712,-10.05685192717723,3.2633520824387636,2.260853888914553,429.5867883591496,1.3560930779694083,3.0075964122942746e-05
12038,-1.9404604288718978,-6.118204457423306,5.053496994454378,1.0743169279302707,284.4748909427433,1.3015447578383847,3.010164608396287e-05
12039,-7.345240081981058,-12.818497695758637,4.4920565514192985,0.9944167267291338,203.38335481660195,0.03151623072714127,3.0105250023670828e-05
12040,-2.1795193296402315,-6.256170203821977,5.0673060636997915,4.8996554109717465,615.2525233286649,0.5092047831434927,3.0125717390233224e-05
12041,-0.260652599224354,-6.44240158437129,5.101152848093079,1.8926146535258566,468.94309245232387,0.18214604937902923,3.0130713595315326e-05
12042,-1.5684087553576571,-5.934773179672476,5.000703222047162,1.6721401201288635,258.81406806519794,0.04566958541738142,3.0143262742845932e-05
12043,-0.830911627215718,-5.6720319321222386,4.939567585264396,2.7325627079659554,441.23520917398,0.2690339178234096,3.015250940995508e-05
12044,-7.4672937229636815,-10.951321455787111,4.633092233866102,1.6140128468608728,278.98123855855647,0.051429393585968874,3.0157065170591938e-05
12045,-0.5225983191248638,-6.120409020035578,5.0522360152844366,1.62685748278418,376.9602092266777,0.05909522485199137,3.0159317180575987e-05
12046,-8.237881314915072,-10.251417219078387,0.4829374882150579,0.615011749573227,181.30968281964235,0.8932814144268342,3.0201084104167533e-05
12047,-2.5547288033435587,-6.1015961594604455,5.137607333108833,1.7043672015760767,468.12709760446126,0.5004123925354049,3.0203808316647484e-05
12048,-0.1316011587968564,-6.065051730539414,5.0426467998245235,0.6715638775043806,137.44605815681092,0.5028804610188429,3.0264264337817054e-05
12049,-0.8334002330430206,-5.890579020097478,4.994190382801535,2.1499596981262856,205.90210067358677,0.26943205893961153,3.02822650216181e-05
12050,-6.4808758042713634,-12.242303017414912,5.141251937697924,0.803143818024939,166.47973507382903,1.0328038376341793,3.028948876714258e-05
12051,-0.996706484177178,-5.226533923798974,4.886632151353321,2.4085437141434176,449.49751624381486,2.4695981047094264,3.029801086889162e-05
12052,-8.664042631240033,-7.416243675744354,0.31659365441928095,1.848314843941377,443.6955771062506,0.41272336704739576,3.0324027210710654e-05
12053,-8.172866988078958,-12.385409786064097,2.7856115281433524,1.503368471709892,468.75871604504124,0.8434758764379824,3.032998372906057e-05
12054,-9.712374612775996,-8.0150678041971,3.6696444021335384,1.087987583171421,468.1226530300058,0.7734517270509622,3.0337060496407865e-05
12055,-2.4451183207316713,-6.514031517781059,5.147073240732854,0.821442730186931,127.00317593230487,0.33716905407162034,3.035214752849799e-05
12056,-9.784993283466829,-7.764319072746638,4.112638798957178,1.1425315185847924,468.34479176535007,0.5428909793087113,3.0364201485564353e-05
12057,-8.368901089695848,-9.907194186427837,0.5392673756487364,0.8814251461817643,253.78778691037527,1.7313271330313045,3.040612290957488e-05
12058,-9.361604972118949,-8.06330641192687,1.3443471968883953,1.0962314394968944,247.2062416824021,0.2580485384300717,3.0432644393714688e-05
12059,-9.69283565606714,-7.521926385497599,1.465557996430201,1.2288371289079711,312.8315257513673,0.5170034359098334,3.0452777319354665e-05
12060,-0.7951797361039059,-6.160302445231938,5.018706863042169,0.9394673998721518,238.73242654993203,1.2764465689779856,3.045491031518711e-05
12061,-1.7966956442624529,-6.163260967530317,5.054629156223414,1.5259306223472497,275.298583864541,0.03445974164792709,3.0481343056971e-05
12062,-9.368139637319869,-8.138214574889155,4.0935376835399095,1.7371348322462938,467.6638798873197,0.9268449791731115,3.0484305446810187e-05
12063,-0.4889288846672315,-6.009895328670285,4.984225531036343,1.1849561585806734,467.394339659426,0.3049648295956269,3.053705018570254e-05
12064,-9.114399548673108,-8.631672513270699,3.5341128249091627,2.03635527031697,407.3928968150912,1.4538453295029106,3.053807749376466e-05
12065,-8.440412498557622,-8.60177028837394,5.081411309936761,1.3101295991127133,323.144786733991,1.3665944073497096,3.05457633240242e-05
12066,-8.57134071291146,-8.740124801442825,4.615473956307833,0.9457067794907076,256.61669791099854,1.2109382435308325,3.0565412477148835e-05
12067,-8.196265197431826,-9.78543990097287,4.047901082784838,1.1411042850918833,233.82079724812752,0.411679554185703,3.056865760316469e-05
12068,-7.346919804382473,-11.842025357115105,4.576096146021087,1.035443859494942,281.31189874450837,1.2060454787448416,3.057620758999945e-05
12069,-8.07267155665876,-9.448497571913038,4.645198239836878,0.691273603078342,142.6517708954385,0.22866852013454597,3.0619437014393687e-05
12070,-7.177000375608207,-11.269388952976431,4.866341522475205,0.5037566232809471,139.478962863638,0.6769151867160996,3.0621832605319675e-05
12071,-1.7485926471102253,-5.855517409676105,4.953443741276934,1.0115700814360238,277.70131440364236,1.1404546986297035,3.064568202273718e-05
12072,-2.6199864250873137,-5.631795029498656,4.919308501398941,1.1154984559805523,455.9072925754497,0.7119354337626715,3.0654381206731466e-05
12073,-2.269084705332812,-5.2355392851554,4.876460379766618,2.3081155663585813,269.3950603436377,0.4672756133409832,3.065606863443284e-05
12074,-9.251452933252825,-8.642235712284862,2.910856838146586,1.2344583555888677,255.52603635698108,0.49960969485070716,3.066399465972277e-05
12075,-1.5911103658819297,-5.276876727926401,4.880157460459959,1.1485962707622352,234.71248142407023,0.011894432986626846,3.0665928008758535e-05
12076,-1.267707876991313,-6.554140203533192,5.115694858013731,1.127158282369566,234.50604314884,0.4157954189687265,3.0691755183792265e-05
12077,-1.4228044467695575,-5.591508066390032,4.911678424709215,1.5592474173936697,468.3870618483311,0.5316034319632079,3.07029066260571e-05
12078,-1.818344689766393,-5.661224186246177,4.920993115398416,1.526203313485858,181.64905504151483,0.19899037741285142,3.0717724816931576e-05
12079,-7.853277396254473,-12.943767911114909,0.3383944504771819,2.373804515957744,445.3313364781974,2.23143429277713,3.072826709229939e-05
12080,-8.129290367698312,-11.866087959923652,0.6719770944904581,1.779721856244739,423.6593175809968,0.017495750921630027,3.073164731842739e-05
12081,-1.2516241834309465,-5.295498315986794,4.879798048917813,1.2610137839478133,341.55982596040417,0.46024934390936334,3.073819206233363e-05
12082,-7.071279223942071,-12.354915385594822,4.794039419549961,1.5874629753926808,433.2381544220886,0.14236188838760988,3.0745784106078926e-05
12083,-8.661144206032988,-9.429923376004975,1.2324470244008126,1.305793948475298,321.9908639148167,0.35829787402032576,3.0766196547092685e-05
12084,-1.100411101094572,-6.182514991674032,5.047208204237748,1.4956459419003394,456.40254871389516,0.46714271576718147,3.078421860161683e-05
12085,-2.0864796143360227,-6.389066607628502,5.071928028074856,1.8545840327079597,445.24409029665645,0.29305404809828595,3.079351593022974e-05
12086,-1.815952378102823,-5.560567679068864,4.904685598865612,0.7261423536358983,185.6116312838363,1.0886565445111422,3.079752765894096e-05
12087,-6.260407930677532,-12.824928993873502,5.146997775869107,1.3631636551694863,330.4900816940663,0.2732764768571929,3.080541135770939e-05
12088,-1.5320982965329133,-6.525418386707273,5.136850517051652,4.27722690521818,511.53767744704373,0.145362581306256,3.08110965096107e-05
12089,-0.8474761736037433,-6.548436848856585,5.110163263157195,1.9027338068782058,392.14161538493977,0.5519404790776008,3.082691732061462e-05
12090,-9.302402165199467,-5.021948141636584,0.555222329939962,0.991343101508618,274.4291117688718,1.6133198910382953,3.0834992191174445e-05
12091,-8.22014727345278,-12.95526766521082,1.9313719975306296,1.0724582886562293,285.6843457986487,0.9133395879720476,3.084499984447261e-05
12092,-8.825883334797481,-8.179164307014409,5.025356736209768,1.70709211162923,402.3853843891508,0.503161975931306,3.08715211823894e-05
12093,-0.4341906054780651,-5.890649454975384,4.987987832167576,1.8828119913504326,467.5955859255224,0.34743144685521177,3.0873396651067224e-05
12094,-2.093982541496045,-5.465385907687513,4.893530314722086,1.5320352340265524,359.13166636680995,0.3921990632905876,3.088852821713318e-05
12095,-9.932971748049738,-7.155974592211616,4.77552906753443,1.1148457047246525,291.7961946043701,1.0850995449189709,3.0912537660213705e-05
12096,-3.3702791081058567,-12.51011333978227,5.176436808126604,1.0920823138199125,217.93140026657628,0.958646254938281,3.0947745918391426e-05
12097,-0.11261027331541484,-6.528527673496455,5.1008243870433345,0.7125959029962222,184.9766590724697,1.2373394321025044,3.095557589220831e-05
12098,-6.8542598912409005,-11.848985187585921,5.00885700846231,0.9891550306565906,259.131496983271,1.0781610172852378,3.095983021162332e-05
12099,-2.186109544122992,-5.952321740821432,4.9609848500214495,2.8261159405281733,486.4724297132243,2.0147013671782474,3.0964151045964036e-05
12100,-0.5586128518543525,-6.18748275323232,5.012329707993436,1.279951806127707,468.10114927942845,0.7315421497564323,3.097139468849897e-05
12101,-0.3429284677189184,-6.186222725729955,5.011847462908778,1.9120870242697354,468.4077645710589,0.536451618703647,3.097821422603959e-05
12102,-2.016009068538194,-5.594399866002282,4.903505503101378,2.1232219495182636,418.69440427723737,1.9831482317913052,3.098941594689877e-05
12103,-9.219767171529426,-7.355593245014894,0.6245244140661668,0.8996584996821211,191.95987372016694,0.9273265313736268,3.100046538810954e-05
12104,-8.217278813649996,-11.572917466358339,2.7827935994673694,1.227503573777402,252.06836176051775,0.6853282792808537,3.1004571814511956e-05
12105,-8.299489337441342,-9.5166538611215,4.101365588673281,1.6643163257323597,296.6632193289977,0.12389360772050217,3.1027654562301665e-05
12106,-0.28850428191726074,-6.610578320651325,5.152421456013258,0.781392699808365,230.97243190741656,0.43557971977449395,3.104746238979157e-05
12107,-1.5897848265936467,-5.487548431743486,4.891090934973539,0.9749310954231156,271.9410416519355,1.750018488793958,3.1054611485958234e-05
12108,-9.811896991998502,-7.042888233183368,5.022854760970373,0.7987752276876982,468.33131499440367,0.44673922655092735,3.1059660332936424e-05
12109,-8.964669993954708,-8.217090776696082,0.588005732913671,1.886668984021425,469.45352792099516,0.1003416088232898,3.1079210567656605e-05
12110,-4.102845363350127,-12.62088743476092,5.172998012721168,1.7535783552627715,469.5247579706182,0.04197153852815827,3.109373891675169e-05
12111,-0.72967732309802,-6.179914556276733,5.041808777467132,1.7656385772788288,448.32657928316024,0.37798078565830817,3.110024992055547e-05
12112,-7.668373990342781,-11.682016160598998,4.151594590655874,1.0528534601388169,282.5976981791883,1.2797023507186216,3.1100584034749914e-05
12113,-9.551601649279796,-8.339851540667524,2.727355454633069,1.3857957537348136,334.66870622158984,0.4352638482022533,3.111526486625084e-05
12114,-8.743662895018588,-7.8121550843104846,0.37402822764268084,0.7227156036069352,135.32967008909174,0.22705312704325475,3.111725343239705e-05
12115,-6.523263932889412,-12.00201533004096,5.14530290339801,1.1380827750315516,291.8152322672228,1.276175361409293,3.116715278010983e-05
12116,-7.65617996729509,-12.283236686960509,4.090140728814688,1.3664756408030914,306.623535248988,0.27724704025924307,3.1181198467351676e-05
12117,-6.646371174524204,-11.995361780092981,5.097860971700796,3.643290928456829,522.2396651960076,0.27240179291072497,3.119878988972479e-05
12118,-6.34833728631249,-12.929442095069657,5.1194373174396075,1.2121411194283578,258.8273109729175,0.721065372077506,3.120373689250537e-05
12119,-2.3446464116497907,-5.060866473522687,4.844387951134049,0.9595308569548305,466.54130036472577,0.16554236640983966,3.121333800758129e-05
12120,-8.045755954585152,-12.17560281657747,0.5143883584312785,1.2434265871770696,310.91783344481615,0.6137172649126743,3.1220699984789535e-05
12121,-2.168242831206716,-5.4744915984963995,4.884167632436426,1.4036785699065193,467.86465519184225,0.1212471583241852,3.123381605413615e-05
12122,-8.170595964775146,-11.451727825291627,0.7978504380862457,0.9810394702671776,271.3955088433272,0.7220777902502382,3.123466848682725e-05
12123,-8.318275639505625,-11.202038399292203,2.076774203654979,3.1500372733591218,289.15958488231513,0.1674542973402806,3.123557011321154e-05
12124,-0.8803838469265894,-6.098807276584141,4.9813567696637655,1.2683498857759,264.93548059073527,0.13468529876888535,3.12389703366038e-05
12125,-8.279519458389558,-11.126271556155563,2.6884070138127423,3.1496931815042117,499.7885525481546,0.537377932882138,3.125418083494625e-05
12126,-7.788688385550209,-12.594314344668918,3.82542139463692,0.7839803784514527,470.1565218991443,0.19991667532003188,3.126072870198866e-05
12127,-7.0785029335381875,-11.087621696194136,4.996984753130934,0.935716028266174,233.97337059654404,0.10583302911616776,3.1260894526510504e-05
12128,-9.533978656272945,-8.353755576718616,2.7881317187290082,1.1615150448880207,296.40110037121667,1.0127341832613697,3.126692902246236e-05
12129,-1.1047174714430223,-6.103601410841526,4.999733486977907,1.5666316516215248,371.0514734383202,0.26897581856337904,3.126979554462986e-05
12130,-8.101203540494485,-11.919507699088122,3.1437963226670806,0.818405679120935,190.3008927112026,0.4646452240264889,3.1308330956832556e-05
12131,-0.5059138998620334,-6.462676862667512,5.073868484228517,0.9695651249699377,241.3140619893578,0.9311145501182887,3.1344041904215005e-05
12132,-3.692457940692556,-12.603715417402725,5.167412848974868,1.7898787268397227,469.2429801062543,0.2196434345132392,3.134798203349948e-05
12133,-2.147962580003818,-5.512140214408816,4.885177006257039,1.8720198520064797,467.9708264863178,0.40348620907654986,3.13491540096226e-05
12134,-0.6361039439029277,-6.655221038789838,5.125766488351273,2.0253973306608932,408.89785539891335,2.041592062031307,3.138450390135616e-05
12135,-8.745921351718234,-8.54512929933428,0.5025067318050171,0.9123505533866223,467.73142856756226,0.6582372152431741,3.140983633647274e-05
12136,-6.701116025364323,-11.517716551237482,5.1450837123237125,0.9451263877037407,226.91761784687213,0.5759041367101014,3.1410924518343005e-05
12137,-0.153595400876684,-6.108641400374918,4.977961810043904,1.1191923944728266,466.98670169508944,0.6321202089685629,3.1428188401016276e-05
12138,-0.30510097485585064,-6.5706965761408735,5.131542409012076,1.8492894871313743,442.15244820753753,0.46430071576437637,3.144771711317048e-05
12139,-2.0873776904867647,-5.049559330974126,4.836370444335889,1.872309933055694,467.837064892595,0.27785250525222427,3.1450539131220304e-05
12140,-3.7203484343864313,-12.384129001610454,5.180545939100278,1.8235222966686864,377.3276752388231,1.009583708845029,3.147988302069929e-05
12141,-8.20628848032545,-12.238532291226397,2.6017935501228484,0.9795290767220101,469.264855759695,0.6298090103587048,3.1500365579811113e-05
12142,-9.233105651283974,-8.659351531404663,2.1140419921293185,1.0304302224224908,467.3224338510817,0.42691290656032077,3.1511463281750985e-05
12143,-0.7801101861519673,-6.167198373144412,5.02268664590705,1.8794002429255958,466.8814684887503,0.022302616502492434,3.15616171172576e-05
12144,-8.876596807888054,-8.599513709829932,4.19109953326458,2.001948836480024,388.01349789929867,0.3435123172358443,3.161279885383145e-05
12145,-2.0466316353400584,-5.450005169276494,4.870023600749072,1.2539753994924954,468.0395759425471,0.4492769609018339,3.1615053624728174e-05
12146,-9.38535742922168,-8.424642447360267,1.9509238854584607,1.883093701978172,467.79987455260994,0.5500575708942099,3.1631128588439954e-05
12147,-8.236326822896475,-12.05204748231834,1.7522169923273732,4.577379355470824,581.0264030122236,0.26826927162802683,3.163944255093533e-05
12148,-8.624869463933788,-9.487546352067467,3.193857018246495,0.9740457846281195,203.63837573011742,0.2555943440333879,3.168778746018272e-05
12149,-1.9099983951273494,-6.625138940036866,5.1407669603936545,2.628198454505599,455.09085764591777,0.5372725865364218,3.168838992736243e-05
12150,-8.771089500355144,-9.42371446338116,2.2411432560981566,1.047079979338275,252.41636734633744,0.5114816701938745,3.169019520837201e-05
12151,-0.40505172065143213,-5.142200952508637,4.8368425890636155,1.8671918365383797,468.2769135035522,0.6113138965660516,3.169780764749075e-05
12152,-8.17812171725143,-9.400831783431707,4.482646020886153,1.2841864394770344,270.951487791908,0.42689113468513273,3.1699156044311e-05
12153,-9.320050417537745,-5.59391443226091,0.5819115445920983,1.5100247075416893,343.53740901478625,0.05349871029873032,3.170359423768812e-05
12154,-8.062025165078719,-12.466910047412329,3.1728860383162316,1.1896417037241602,281.0575321516731,0.6390253777167922,3.1705350346373984e-05
12155,-9.338639000954783,-8.522055355558297,2.1317658600418117,0.8711707994905407,249.165157534978,1.5976042577819172,3.170539719179492e-05
12156,-6.60027709004393,-12.605754671484384,5.055001358367204,0.966499495587068,200.18384608377679,0.01948942799070874,3.170643586086652e-05
12157,-8.230876257687607,-12.427694762319744,2.2499477202122677,2.126677637998844,419.44346311217095,1.9056835885756458,3.1721501604832794e-05
12158,-8.253163167500851,-11.740443231237293,1.7308835164834746,0.6715508770877808,207.08666621205458,0.7773920738578379,3.1737077334521624e-05
12159,-2.554228807827003,-5.194951981270253,4.840598146878221,1.8766668588117623,387.9152475760678,1.3951582740350466,3.174730851677997e-05
12160,-1.5387092421639572,-6.164695145441289,4.980754648640935,0.8489552140827751,179.49536925983142,0.3293868985203572,3.175502184426518e-05
12161,-9.95032619220806,-7.992337348391301,2.746773571519983,6.057505534248409,514.5280089669089,0.01107645430896742,3.176297276134652e-05
12162,-2.403900341244012,-6.72111401292152,5.160458134970776,1.0188203622464174,467.25209431548507,0.7084304291261221,3.17920097522091e-05
12163,-1.733382335917799,-6.687096157758994,5.1538409248718375,1.2804694552657634,134.03255250453736,0.3539062728418534,3.179494792580463e-05
12164,-2.6243284403630085,-5.618479523030708,4.883007699295422,1.7276505165131555,468.05707880204415,0.40322131858957366,3.181747560007404e-05
12165,-7.294443407630126,-12.977835732783824,0.15838959921029738,1.1368340266530772,292.5545669813453,0.9846821154431709,3.182446028064183e-05
12166,-4.0211768914924475,-12.421865572235118,5.1804311237645395,1.1108931720370652,465.1326016449714,0.6345810883612195,3.1834845609554506e-05
12167,-4.467837852130392,-12.78773955281859,5.161905151440611,1.8283313032599502,435.2589040771865,0.5330937537502658,3.1835750035624153e-05
12168,-1.05820905170728,-5.855281552300268,4.918419453945926,0.9084812189686836,468.7531917423505,0.8763557961642912,3.183672391962972e-05
12169,-8.023291627378004,-7.1651266602926755,0.0968114578286765,1.568284651523403,467.925570843748,0.5736984526907936,3.1846331822048455e-05
12170,-1.1299171964289165,-6.233676072408365,5.032071331168632,1.8321904703273777,468.140159797236,0.5061190188884863,3.185700233269751e-05
12171,-0.8288633701740462,-6.272005487371888,5.009060713667728,2.2744524340566694,430.7846406445602,1.349401501351145,3.186572595857549e-05
12172,-9.21001070743168,-8.70000051310502,2.754627067493877,1.021211843749641,468.0554413485575,0.3230453410048453,3.1890416302251936e-05
12173,-0.11336448058098014,-5.870800164970934,4.919483670785879,7.854626006099336,500.257811883579,0.06579161407796352,3.189149192779758e-05
12174,-7.92050445840049,-11.163446196362123,3.7968358655592245,1.7563085701232324,467.8981318475679,0.483678371318355,3.190392575772176e-05
12175,-8.195675242172703,-10.9646605649744,0.6046265085707586,1.658838739256098,386.4528518094847,0.018084784873376947,3.1906920023916184e-05
12176,-8.101337119239279,-12.38176175399625,0.6804532675485435,0.8900102568036874,467.69954077612016,0.07054214004215886,3.19188677719216e-05
12177,-8.17261130120414,-11.321004925279535,3.0650587532001614,0.8397434018361747,467.2247773259937,0.1937042367133861,3.193513121037693e-05
12178,-1.0887999153278276,-6.012996296773754,4.943750144091756,0.9055658671158499,187.8225058141641,0.719001576695625,3.194667858817306e-05
12179,-1.9070221936911977,-6.191507120307949,4.9810989541295605,0.8087299612520946,231.90992836432557,0.23053843493160286,3.195374003488607e-05
12180,-2.281803657012885,-5.45092408029215,4.860190152983336,1.1090322260788645,144.20417259924517,0.26824048123609945,3.195505542485718e-05
12181,-9.966526223786142,-7.296502847440932,1.6244490080264284,1.6780358737647905,212.8819894729927,0.4744155623676951,3.196567966690747e-05
12182,-7.80061057408941,-9.442403368914484,5.098219834947917,1.1057825078774812,222.5569105432575,0.24309864285315363,3.196968056669342e-05
12183,-9.356910836548463,-8.223842042132079,1.4729896442456816,0.9280893465713592,245.5659445084483,1.3089481415829782,3.1978752241143465e-05
12184,-1.906843765610736,-5.343026947302976,4.847574857454573,1.3682956007088851,307.2427730112512,0.8506707773123843,3.198577184411077e-05
12185,-8.36833277864664,-10.802294243238439,2.1289184653778745,0.5500415334848187,166.23668809637942,0.5609659722569482,3.199569172902852e-05
12186,-7.587897524391544,-10.813005112038638,4.495753594512142,3.5737571479073735,530.7058931519748,0.4340896987061402,3.200279744888336e-05
12187,-8.503940237952133,-9.896546130757754,2.9507927719720137,1.103103054907605,289.5716766978344,1.5563827921495381,3.200442657985184e-05
12188,-6.94230958202165,-12.634453706339313,4.861213657742166,1.3246260296001473,287.4309937021197,1.0275643462505188,3.200593005657595e-05
12189,-8.519772746670982,-9.8307287808952,2.990443574272206,0.4756799530230222,105.47782451529346,0.16435395770861572,3.201940693712993e-05
12190,-9.338354934184038,-8.209691973526095,3.972515027960649,1.0507291607505675,276.35290006272,0.7061377692961903,3.205027418325567e-05
12191,-6.801922348423659,-11.76953195232311,5.041423253222938,5.436347482411377,315.1412788075816,0.2561865905657017,3.2054901880778665e-05
12192,-0.41487919244479343,-6.010793916544536,4.94013521269109,1.3656346709539369,330.21509134034824,0.29155925199654753,3.205784070882672e-05
12193,-2.381675015009784,-6.348800081139657,5.04923087961192,2.274835963135037,428.7814298712206,1.1547960567440958,3.20788531831511e-05
12194,-0.7907349028886514,-5.737431818409579,4.894620561859096,0.7216725742744694,145.31846586744462,0.6935857438721529,3.208393158672106e-05
12195,-9.009166797543056,-6.7088591016912895,0.39911691770431296,1.5483536303382877,365.54829836128164,0.5360767723744511,3.208571272852435e-05
12196,-8.055731340075134,-12.064418068283379,3.246843650899018,0.8520092078682618,239.3445283051733,0.6661995942409993,3.210771018301383e-05
12197,-1.620010454396816,-5.995287826702962,4.935449262286247,1.0493002910542046,232.01709803652352,0.18551992765651093,3.211806541323641e-05
12198,-0.7776563332387294,-6.007109481103555,4.937514338336878,0.8293301839075792,166.15172226094174,0.4561119575537642,3.2124625927472626e-05
12199,-8.222981119027825,-12.464867818164121,2.340211999434345,3.719609220574459,531.3224765194408,0.3140863739987685,3.212900285105175e-05
12200,-9.226714188967028,-8.690692594399469,2.470069100796171,1.0002287493953648,269.69512352246625,1.3175527425821985,3.213936976384131e-05
12201,-2.543103806114165,-5.778276793639156,4.897050507062603,0.7598200291586525,229.0288284127266,1.0349923397658696,3.214910130681238e-05
12202,-7.102337792614332,-12.619473003787574,4.732720479710351,1.095018101973376,285.19145659775495,0.8204097334545732,3.215037134534511e-05
12203,-1.1350294386173196,-5.720560617817187,4.889913901977777,1.3074483625753963,297.81424879438134,0.13341196568487934,3.2152532375631616e-05
12204,-0.8394415527025529,-5.749616578327407,4.8943578551251035,1.1106765033656207,282.25965208641855,1.2255454787990283,3.2160483116278086e-05
12205,-8.166216161052812,-10.950949115453119,3.249927663900898,1.0957020529230783,284.41116868668695,1.6801883194024283,3.218551624208486e-05
12206,-8.258352884470431,-10.47720051614101,3.251777738978248,1.071131301178729,280.18353547888876,1.0643171606614121,3.219278880618276e-05
12207,-0.8363538985480083,-5.952500615999349,4.925131102111463,1.6860848188071782,396.24625363204694,0.38623120361019314,3.219940413518131e-05
12208,-8.696945602418221,-9.582820968858613,2.295336020825438,1.2859908934992792,312.53394539451415,1.4681609159225344,3.220901760696829e-05
12209,-2.5878185911842717,-6.232159896920765,5.044761404238227,1.1124866983778747,468.07742636690386,0.7178327745677882,3.222150660317336e-05
12210,-0.3325917078780414,-6.6880075136167685,5.144532448349238,0.8853978797157179,467.8980259144506,0.2864929449316129,3.2235724518766975e-05
12211,-1.9205255695427503,-5.343499181785197,4.839543597620322,1.7582803586838307,416.5228998419312,0.15715146913082556,3.22629618441803e-05
12212,-7.912148166337972,-12.168656290363016,3.599414390489959,1.1496215125912486,460.1620136434538,0.43685773983984877,3.227171382611133e-05
12213,-8.304087588181924,-9.864469436725305,3.6781357351730217,0.9466591680969887,149.52963285465376,0.238789020297828,3.2277760411784764e-05
12214,-8.872728340421403,-9.066978102794732,3.1461623742662357,1.8181777507398176,468.22079823199397,0.46402333351662417,3.228054443713795e-05
12215,-0.4438241203569486,-5.126597896186746,4.81825054847332,1.8229752929025445,436.6918596735322,0.6961905776034563,3.228278747206886e-05
12216,-1.0343898057087149,-6.263684678436265,5.0235952538329665,1.2926253707965432,296.74774375444457,0.1363845921052338,3.230135623545381e-05
12217,-1.2841676468599612,-6.369594556974714,5.047794078563274,17.60847019213683,826.5696688769051,0.21843972863479166,3.231533588699842e-05
12218,-0.7591865476669071,-5.354749571224525,4.83891659232972,1.0347812300227142,467.59915176356304,0.9306983095220085,3.232505532265617e-05
12219,-5.822198604591316,-12.917252456788393,5.1685406896932005,2.052127258647717,261.88072525488894,0.06592846005744146,3.232513959611433e-05
12220,-8.208769490540405,-12.753210237629956,1.7688296680822877,1.9045886569203225,225.8267663062781,0.40973229935978317,3.233761432187969e-05
12221,-2.2357375949545544,-6.238168253021057,4.980692141057404,1.518178426844212,454.29450394141276,0.2999544098905558,3.2348135014494786e-05
12222,-8.268529384740951,-11.723340063066608,2.152661112306817,1.8155002329459862,432.9367907671065,0.02329038905410208,3.2353619666101174e-05
12223,-2.3018896690310076,-5.989432014167894,5.020702114796275,0.9638747078166082,468.87798853478034,0.07917642420971038,3.23660615203781e-05
12224,-1.4803097818184714,-5.91555578083921,4.913507909990739,0.835342675895322,242.94103368736015,0.3861106957364635,3.237152180735348e-05
12225,-0.31411665263231114,-6.2563165273197585,5.024007419917711,1.807150327296176,466.4480986105685,0.6496870727265085,3.2372639216637034e-05
12226,-8.075356605793033,-10.294848337341802,3.8692725824421035,1.2927450611920046,314.35704855522374,0.21333825303034448,3.237597092968425e-05
12227,-1.6679596881790655,-6.160811824273537,4.961969697134502,1.7864730501742558,424.01323120399974,0.15930588460399697,3.2385564033590466e-05
12228,-7.910317821772544,-12.871690923762852,3.534813251564833,1.065447303586339,285.1746956274481,1.078250460160982,3.2390640288226586e-05
12229,-2.72502337409672,-5.231140299611873,4.817542375129601,1.2118459341447723,235.59988530650025,0.01204068756730603,3.239348195682223e-05
12230,-8.091296406013885,-12.107866700528666,1.211248379299686,1.758197120589467,470.2991030401497,0.05375915098219508,3.241077367877368e-05
12231,-8.51481164127834,-8.49294852964257,5.085343173643959,0.8653989380209912,466.88592121020434,0.5517940761624791,3.244139719696035e-05
12232,-6.834488060862846,-11.57510218573302,5.05186254607907,1.8785677199685367,468.5921898689661,0.45837395816635595,3.2452301728128824e-05
12233,-8.155035807611634,-9.29063673760931,4.648346498604347,1.154323001315788,237.46445596671037,0.3936319924843614,3.245837360359874e-05
12234,-7.765148825452629,-10.83334054220096,4.202684542385109,0.9271939764100778,239.247570517815,1.0358755009882277,3.245934695573391e-05
12235,-7.100276955387136,-11.096089214908945,4.96409944523515,0.5631359114772377,118.22512972364092,0.9513367217779667,3.247543192516265e-05
12236,-7.961040427302148,-12.76833624547808,3.4176491042194876,1.141261114815013,285.08334479957034,0.5608612407742202,3.248404382742591e-05
12237,-1.4533636733258337,-6.308233495692769,5.003575974781528,2.0804665325556906,253.6506654949197,0.11276244216138043,3.2543807230942534e-05
12238,-9.739973489379224,-7.6802975455423255,1.5770863284489198,2.6655511062046413,472.90646566725053,2.256615833846994,3.2544351495753916e-05
12239,-1.710524723909856,-6.035125446180117,4.930604673435804,1.1221260153242754,295.6376570334633,1.7829993014471652,3.255738976153553e-05
12240,-2.471484353444321,-6.178048957354652,4.960711703308296,1.1837885906372623,184.20119732567244,0.084775571060546,3.257168773376093e-05
12241,-2.3794723699212685,-6.470240784113426,5.06049148716788,1.6870505807718053,409.4443427415773,0.7720167522992503,3.2572930979449564e-05
12242,-7.697697590564546,-11.190020462525935,4.1969633147437175,1.6434478650656599,385.94544926911743,0.5838529345287915,3.2581478514376085e-05
12243,-5.606634572559763,-12.793519830456068,5.175296388012965,1.7036119223278228,402.6108218355071,0.8970804618729051,3.262648706298827e-05
12244,-7.11067574015574,-11.297627011949002,4.901789542068376,3.3063406166374874,523.3308899039018,1.4401323648740654,3.2628047091404046e-05
12245,-7.675844384130496,-11.424492015373371,4.173821275949592,1.571384905434594,359.3464822180488,0.17072121953187835,3.2630794629102276e-05
12246,-2.053613247317262,-6.75325796983287,5.1214726356766835,0.8378963187260806,205.4573354377478,0.6268848316343973,3.2638659401345424e-05
12247,-0.37785399488859994,-6.198334155424828,4.992164382867776,1.1715522303050103,296.0694647144901,1.4451087699602416,3.2642353212062134e-05
12248,-9.141484109482839,-8.184093658222732,0.8479949293846331,1.485401642502624,333.0021548475144,0.40810507365343707,3.266173480897704e-05
12249,-9.47060077360302,-6.134255893806158,0.8296508906224129,1.107316079618859,266.3103896199973,0.3449704611242215,3.2708626515869904e-05
12250,-2.049140540802198,-6.115027801900832,4.942462307545848,1.220817874666064,307.0692918636238,0.4594247949136401,3.2720680723658504e-05
12251,-8.211977400685736,-12.742472306192326,1.820921340202753,1.0215861852298946,157.80129318740836,0.20171752012590183,3.274360188864472e-05
12252,-2.1319357625397606,-5.37247429029639,4.828565563525054,1.2425651004580394,265.0926808509732,0.06739338249340587,3.274836637228775e-05
12253,-8.277080668731825,-10.138713464366713,3.4702382041720465,1.0703965940844664,468.87383284238854,0.9133150575366358,3.275110208680617e-05
12254,-0.1370171281786643,-6.1739480216735485,4.988436711091691,1.5998564996277396,372.58723196840583,0.2732754100577317,3.27782934274227e-05
12255,-8.097827391859445,-10.51578439348142,3.669042135445623,0.8335413103213608,165.50244953359513,0.05661361990011571,3.281079288054285e-05
12256,-8.350198705883342,-10.811756733795551,1.7327623095439129,0.9180436175644804,467.9432581147955,0.9358112954949069,3.2814416907554745e-05
12257,-0.5432678164999594,-6.057100449880537,4.92732217602751,0.8037626856322799,263.38178141855286,0.15531379942092283,3.282731354276551e-05
12258,-9.301401727047548,-8.594592943516076,2.470541593960446,1.7345788375005762,468.3918823510155,0.4191337679091145,3.284068548034396e-05
12259,-6.958435203558048,-12.113365433359197,4.887189467409295,1.4024930548370667,467.8115384599215,0.08975551307503338,3.284186395164954e-05
12260,-1.9241426469425296,-6.37620722550655,5.008260272284264,1.853237901094141,470.2702234111769,0.027268150752621345,3.284216402847987e-05
12261,-9.126747379431864,-7.152150611449993,0.5209056571886249,3.048779984352264,493.26434284571116,0.2654875936215122,3.2848869935799695e-05
12262,-2.3048502370746196,-5.836015911957398,4.888994180889479,1.936663315668692,395.46578072000216,1.5550967757498944,3.285067414432676e-05
12263,-6.5893814013353955,-12.638832930225814,5.046627112900366,0.7001485266421245,198.97028346839804,1.0155099668958298,3.285081768325469e-05
12264,-4.394463897178054,-12.701202423299364,5.156058422003223,2.3974127457215215,436.91865292303913,0.8704072080452265,3.285446273437293e-05
12265,-2.4851753212242125,-5.4594061083366,4.835312874702406,0.5264480380844985,125.47546412345619,0.054838374415169255,3.2857057096306355e-05
12266,-9.276442582250802,-8.592521054820484,2.93286398039819,1.1101748678062755,232.76818547823262,1.029012308835532,3.2880016660906016e-05
12267,-8.083730803559211,-12.63092441694317,1.2755850425496154,1.0606017035384667,250.00535775161023,1.0224647660983122,3.288061600312146e-05
12268,-1.6458292177416975,-5.518486139236879,4.841200070391541,1.8949174699552336,469.86304163730233,0.12382217213198743,3.288830362643585e-05
12269,-8.208937639770985,-11.429560022030739,1.401130590477388,1.829125123708043,438.2975654172917,0.5455200459917089,3.290601211723802e-05
12270,-8.151074199756481,-9.36620027248949,4.560376498680173,1.4149277606747084,468.00335661474793,0.27087723526010965,3.292147291498976e-05
12271,-6.140621114879952,-12.778056582214184,5.146915279887513,1.6869517606394817,393.029679389462,0.07031793345256077,3.29296210088995e-05
12272,-8.785130010804808,-8.782372228855587,4.04088952579826,0.9684005120454331,292.5610695221487,0.44015015022014925,3.292990801917927e-05
12273,-7.980519306408379,-11.63899312546137,3.5190928207786176,1.7416664868034417,467.90100497842366,0.4843163399710635,3.2941220915110595e-05
12274,-9.63162953042866,-7.980835759654545,3.8671388880980975,1.8676409985638676,177.6924012323786,0.43017299945017484,3.294360279119606e-05
12275,-6.48968354675858,-12.937879950562857,5.063815185016028,1.1615129643962205,467.9272843320189,0.27233148700197507,3.2962031463616875e-05
12276,-0.4238979212251106,-5.667149772045968,4.857775957181906,1.2035860308750546,288.8187327722657,1.0770319764974827,3.298408519858329e-05
12277,-1.0516011835288115,-6.856912069320892,5.164400443532322,1.156937577731651,297.4750007883302,0.5382249576281302,3.29905637353615e-05
12278,-7.972257526918055,-9.263970765575317,5.000213672331002,1.1650400350459758,297.289717442977,0.46076611910812204,3.30001706225596e-05
12279,-0.5776917040530094,-6.653981060061482,5.080569042434949,1.1307173448168144,247.56652719224542,0.24686882627125772,3.3001986710787185e-05
12280,-2.0025925383449934,-5.897182891863771,4.895215354032911,1.1110372366695376,466.9762728254073,0.6233702239184797,3.301669168523319e-05
12281,-8.235890120051707,-11.830645924098274,2.477884564787025,1.0304301242148857,220.74647149000336,0.7918746478127847,3.303044264346396e-05
12282,-0.5492049669203407,-5.027118230103802,4.78789845334237,1.144907855262237,286.8161338085613,1.327855198052382,3.3038484521712544e-05
12283,-8.709550208740662,-9.546623195124694,2.246971471495929,1.8511559810848284,443.13014714043743,0.3361324074012044,3.304099222308516e-05
12284,-1.4630635170987514,-5.8248903776312755,4.880664302138449,1.3758358226979173,317.61676907367445,0.22315156606079967,3.307350615750371e-05
12285,-1.722776613955661,-6.3489736423058805,5.02644433638984,2.2213140702922245,395.89037883006466,0.4155112506135348,3.308391244839454e-05
12286,-9.866700724031904,-6.422693005654477,1.472466162212141,1.733421441865352,410.0011224953808,0.8123278158754816,3.30903447127368e-05
12287,-8.292282716912645,-10.516320852104705,1.083367772206127,1.8297685430617607,370.3447320952075,0.704927863843297,3.30999532075979e-05
12288,-2.455259731448689,-6.855889899445054,5.159269396467345,0.970346076560128,255.0940398851948,1.09335089121321,3.3106579268835154e-05
12289,-9.872165237311663,-8.04292076397373,2.7459962819090418,0.8205941262786344,219.09383541863895,0.28741094710792847,3.312092040004626e-05
12290,-3.4008144191952265,-12.35640527103878,5.166572037409828,2.775839151792321,480.8502146713489,1.6558446878407507,3.312657322904603e-05
12291,-7.1053954658761,-12.612063193107263,4.72104017977075,1.2614870289693951,310.20807693383296,1.8411389779625837,3.314475316975727e-05
12292,-6.875138806905575,-12.391528514456159,4.91463452438647,0.6959939759514912,186.60239845148237,0.9645681745326771,3.315791593117077e-05
12293,-9.308159473067276,-8.126780194119636,1.3176958704921287,1.8217312411102757,469.74111220321214,0.006040257563504348,3.3212489640872606e-05
12294,-9.264856148570052,-6.627147860545716,0.5888674498394655,1.1436327200521632,271.3162294438174,0.22974213040381208,3.325757930185125e-05
12295,-1.0926494818781762,-6.943589908687999,5.180924310385713,0.7799227774636878,133.6912132937087,0.3549307723710573,3.328928544460689e-05
12296,-0.8775165521491282,-6.141492039897712,4.9319178389192135,1.1120025928995827,294.84168425742365,0.8416879775353356,3.330342295493585e-05
12297,-9.241805176070256,-8.113964164383596,4.340135640062549,1.1624746774152863,197.26530920305743,0.13102322840100555,3.330689851281201e-05
12298,-0.29615708632721827,-6.010427304594096,4.904414347658057,1.6808353292806988,395.76056445621776,0.4354593978070902,3.33164136748042e-05
12299,-8.170372820510396,-12.792313821883607,2.6497156781235636,1.4618841639432483,350.2751315269585,0.5777545067427763,3.3321014274213066e-05
12300,-8.096666318070424,-10.908361689232436,0.4584121812227866,15.883204050553688,818.6254179828704,0.23075986969760276,3.332158278304116e-05
12301,-7.41269504117838,-12.986682012698099,4.369090284202023,0.9165393099672993,240.3305563241452,1.2258694487710988,3.333833781139587e-05
12302,-2.147324936073547,-5.682035106123644,4.84986648390384,1.4177427681801391,310.73606108790244,0.867935155561602,3.3344583649933774e-05
12303,-1.9092828952712875,-5.364416656634447,4.810549109729483,1.1147570436240644,287.76193788717035,1.4143561948116465,3.334798093467933e-05
12304,-8.23044794910765,-10.454089685859653,3.33654102383383,1.0915272035714123,231.6687464312752,0.9823746086123437,3.3370875685271976e-05
12305,-2.8428422547798764,-5.45824374266234,5.0976414985229885,1.3580484926605514,309.4805881611521,0.8324009914090764,3.339088468891995e-05
12306,-9.869110295677116,-8.043693283080973,2.8059104256785004,1.04744809108361,162.94292389505335,0.22706320479619357,3.3414599546805244e-05
12307,-8.665767430276812,-9.645281405981867,2.021773540158598,1.3422917157624215,322.0253297746418,0.16513361590302278,3.3426487976699e-05
12308,-8.74330157333972,-8.29304026387738,4.960543740616946,1.839880979659818,385.8777964935657,1.650331785709498,3.3439278053810157e-05
12309,-0.3332958027575881,-6.148460625835417,4.929067179167313,0.8155413809854428,178.34785678121196,0.8208072947186587,3.346161360352989e-05
12310,-8.768199394959383,-9.280806681130489,1.458130919993938,1.8505727985707796,443.55647968819693,0.24348071391133796,3.346242122965783e-05
12311,-7.490024526390506,-10.422731710576159,4.789551689648615,0.8763355032537449,468.38954667854597,0.8338541256465168,3.350908300414114e-05
12312,-8.560910018988297,-9.932638090457672,2.257882439148158,0.8939868562148635,218.41148556505425,0.08228987804936239,3.352207923217778e-05
12313,-9.526762843567735,-8.22110650015421,1.8994218718358935,1.8043024679736026,470.2389293633928,0.22015852358332477,3.3535273110732505e-05
12314,-1.920666890247281,-5.506003573342421,4.8210290243391976,1.8110836460431499,170.52082256456796,0.41921923901300495,3.354627203629207e-05
12315,-7.58711853062299,-10.827551651848596,4.475253798369368,1.3745871176586792,378.7581541954555,0.8465872600652871,3.358461673731931e-05
12316,-1.885085142730789,-5.187112120884859,4.786051912942132,1.1337329253635902,278.5369687649909,0.15602604591573588,3.3585773449575726e-05
12317,-1.06884630560136,-5.2293213068754065,4.789920721708434,1.0157350362033635,207.60544711950203,0.027162788121230186,3.359069665131443e-05
12318,-7.7053802093424,-10.516647404321935,4.429335688013494,1.0624191010705233,269.4656333101279,1.1549593434141494,3.3610784237771116e-05
12319,-1.813051924740341,-6.177852875540363,4.931229144647625,1.1578275457622775,467.4153354806534,0.3040228212434597,3.3622157754066664e-05
12320,-8.360900656585438,-10.796076847929715,1.9824581473703815,3.697988152129654,504.38713947613525,0.17233286046455643,3.3623246630765974e-05
12321,-7.957975192101124,-10.31005745093314,4.09312085703868,0.9062223801930406,182.7050689677402,0.3539007512003387,3.3624665409631484e-05
12322,-9.543807369176797,-8.234511915319544,2.008934245176523,1.0836260844488552,467.13155948202746,0.9299320276184604,3.3644617626683777e-05
12323,-5.366583222456562,-12.612893932888566,5.175518628745557,0.5691215568774726,112.08289423711629,0.05541526834454569,3.367361359891751e-05
12324,-8.423641909405314,-9.689573557534493,3.523036733960964,1.082908131851116,280.3403135658538,1.2036776103043874,3.368110582187243e-05
12325,-7.10255914082664,-12.091141004240214,4.764853387327706,1.22514157520281,268.6196308837079,0.08262833170246164,3.368998203373799e-05
12326,-7.529248926426144,-11.968414825734165,4.29191913019452,1.0738225075989651,288.7332356448813,1.0543207713019154,3.3721825325807016e-05
12327,-2.1485126018417517,-6.345154038828189,4.968386831342385,0.9816859095961421,190.62780783887553,0.048590381750647005,3.373398368029187e-05
12328,-0.8180827932794887,-5.416564878676106,4.804499782362158,2.260667851719336,434.1873939149787,2.3190051316496536,3.37638251903872e-05
12329,-0.5446397689285813,-6.488030479366763,5.01129338680392,1.0315933863807734,242.17623020001494,0.38508199233094853,3.376875864471809e-05
12330,-1.1706514816689726,-5.031948316669775,4.768748016354525,1.050568364398754,174.75138132920407,0.15570458976007995,3.377178292562572e-05
12331,-7.497619916634863,-10.490583948786226,4.742928583170092,1.7515294411499769,438.22438348947935,0.18218938284002473,3.378383700141519e-05
12332,-1.1667733740012451,-6.412021851754255,5.000439374374496,1.3867486832354345,467.3572745710927,0.6253505549692013,3.378992910398804e-05
12333,-8.079128168339281,-12.673437201091895,0.8709134866580058,1.0028024781811529,262.31511271711383,0.7483585819365652,3.379370608095762e-05
12334,-8.660239270633776,-9.008458394528084,3.9296020328953714,0.9039489029665735,240.35863878756047,0.4433867196528656,3.3799861708686136e-05
12335,-1.208515413263374,-5.839329850315352,4.862560928565103,1.338251804653961,327.0804749148643,0.3439907046126782,3.380959334766842e-05
12336,-8.351584913719977,-10.788744506436748,2.3740545497830365,0.99611845134319,275.0078417548011,0.634142861740397,3.3824996509262105e-05
12337,-6.992981383443093,-11.263965163792129,4.995456208940792,0.970147157982153,257.96054873132823,1.5133401588313733,3.383010123161159e-05
12338,-9.271436694188193,-5.855244251719106,0.5487869762165223,1.1038850845573889,286.4689567281006,1.2114240719956255,3.3847426759783155e-05
12339,-8.366780995431336,-10.242681976568925,1.1981657064918658,2.5480756923369534,460.9392764649073,1.8240634719698354,3.387316756675626e-05
12340,-9.54981946735034,-8.18270249312403,1.8831971206782803,0.8985710914289964,467.584533915558,0.5952602619808003,3.38737673593088e-05
12341,-0.08035461121208698,-6.253261909387879,4.94179994273177,1.5306421885411017,349.0399218974322,0.13358204927652828,3.387762731355781e-05
12342,-9.644622489988778,-8.222710449702166,2.468087084951145,1.1093232444684429,290.33499810605866,0.9290852073893783,3.38946301971128e-05
12343,-9.187634963878583,-8.052988621121273,4.541801161441036,1.4386156222405262,386.5444923780377,0.1634801817188185,3.390917427562777e-05
12344,-5.057186830399702,-12.428248391788092,5.179765312614134,0.8057208281066202,165.5240002922713,0.318094957240711,3.395028577180118e-05
12345,-1.992660447071545,-5.94993159753501,4.878703175438834,1.2803096944104218,318.77249987661514,0.36978922858424745,3.3953701183661696e-05
12346,-9.204788041392653,-8.541927798688034,3.4199212491233375,1.8570355693923575,468.26098491488546,0.397341958949295,3.397816835515257e-05
12347,-6.875603380677084,-10.92592801832174,5.173706481671457,1.0173072825747456,468.0747779174409,0.017208211764740078,3.399192921726234e-05
12348,-0.9717180993082728,-5.788332116123998,4.848403527756063,2.5110661754885055,183.19146346185337,0.4044292013493225,3.4006819189217836e-05
12349,-4.419290710971432,-12.905754457867896,5.129395763288747,1.1306171999907368,292.8833001631506,1.038420586250246,3.4014821541438655e-05
12350,-8.853010995909884,-9.004522629108845,1.2795804560038304,1.7541118656446546,414.89559484298786,0.22903624873636375,3.401560255151226e-05
12351,-9.957043663940995,-7.805743096992087,3.6395975741457427,1.1206784597422785,205.3088434989829,0.30761041892370056,3.402787090380341e-05
12352,-1.3370541900253041,-6.991323839295117,5.178005273310424,0.9272102372717043,236.83295513563812,0.36875637311612497,3.4032752469201344e-05
12353,-2.500298073906105,-5.985314487708228,4.882869518357357,0.973878466201592,271.40839188975605,1.8171538245090089,3.406118349940111e-05
12354,-1.795155986653171,-6.306226290945268,4.949435547304764,1.629171975193522,380.6827558990521,0.22355458184664467,3.407123622128382e-05
12355,-1.3314841278932175,-7.0108753619248585,5.18382829212675,1.0002576438523278,468.00240622293325,0.3690454800506151,3.4071298115736015e-05
12356,-1.0544239776278879,-5.756844370556156,4.841181465566198,1.8089565678734898,469.34181069113146,0.041927288527511486,3.40799008854931e-05
12357,-1.8056172986842594,-5.3173639793301595,4.784450675583295,0.8659848892652728,468.0619625293957,0.7092608523779758,3.4094398536278403e-05
12358,-6.646413843543117,-12.57365935116617,5.0162231272817275,1.4957042780122816,339.4819938055519,0.7467799406545765,3.411206360351663e-05
12359,-7.197476166606211,-12.248355704868636,4.655610768638272,2.5761336609516934,465.21889469103354,2.4406187971953965,3.413739793250312e-05
12360,-6.764865632373359,-11.504541448940653,5.089851955266588,0.8366710073014045,237.7661135582683,0.4491142932104699,3.41431976938109e-05
12361,-7.901493763658538,-11.169595092879533,3.80715505937832,2.3921768247797917,445.19941227373624,1.7028610322742868,3.4163253787164384e-05
12362,-8.69322557553783,-9.417749314557057,2.9733164727321775,1.159424954694561,467.0761779055609,0.1260802376200587,3.418220286931554e-05
12363,-8.26591900918287,-11.619478369574225,2.0527995452183485,1.6364931266667135,468.80928572322017,0.46682388339187053,3.420632234775019e-05
12364,-7.884543853415572,-10.589331739491392,4.071443344413755,0.83590037266861,228.89072320866651,1.3270901904003738,3.4239257646924786e-05
12365,-1.8603486551258612,-5.325555378749838,4.780523380460705,1.0312425005004655,268.9139001130301,1.4690495622442787,3.4264167105859914e-05
12366,-1.4323778615514602,-5.146170768127574,4.765005274495305,1.1356946481849735,292.79836221964354,0.5170769659638461,3.427389313924765e-05
12367,-5.980685512992236,-12.664917777983904,5.1577636095183195,1.5001345972347708,351.2305876167601,0.40084749892353955,3.4277136787315724e-05
12368,-0.0029128619937086597,-6.273607664456732,4.935389987706168,1.12668716782818,272.8946198303954,0.9095048309589613,3.4293173145591186e-05
12369,-9.432801578770622,-7.425886630343475,1.0902400762528281,0.8459147869976473,240.61898633575663,1.5037693878323877,3.429924792745878e-05
12370,-8.868935972552212,-9.133526890061422,2.8773747164606758,1.0815633578018562,295.1916942162991,0.9031748930770389,3.430281610420218e-05
12371,-1.6122938275119516,-6.721887303559748,5.070696613095726,1.440881860224,346.6886874985001,0.49898423499829736,3.430577580097763e-05
12372,-9.169900761350316,-8.299582744464415,1.1809335783690917,1.1624765220011473,254.0630037444453,0.28883199082389677,3.432361870383906e-05
12373,-0.8668682340588507,-6.418382290524224,4.994298200722937,0.845986643386476,467.86545556139686,0.00932118428866957,3.432743255236087e-05
12374,-9.955258796232053,-6.635551171672829,5.067987675881677,0.7398249213636068,194.2117813628036,0.4078697647593632,3.4332850790154456e-05
12375,-2.058866878875655,-6.13354471093034,4.901465224999989,1.0822293237076464,228.2040616465413,0.8484431279095279,3.4344816008615376e-05
12376,-2.5247082563581733,-5.201617744042495,4.7689242084784675,1.7678193818549577,469.298927673527,0.14855891609448424,3.434484842653955e-05
12377,-7.008182900820644,-11.462652475701061,4.935630157915544,1.832222050878175,468.6112605549814,0.6495023844946584,3.435348029858614e-05
12378,-0.5258594281150284,-6.893175585812189,5.122008769685367,2.1322175658388636,415.88969153180204,1.3583601382935706,3.435952795939024e-05
12379,-0.26825402635293827,-6.153698779494981,4.905102719985181,0.9517434216636428,190.9696008397076,0.8394366550356365,3.4375838348873655e-05
12380,-6.150933199536482,-12.743044293961226,5.1348198501445115,1.2710158830238245,309.38314252976164,0.4258773226231485,3.437998721862267e-05
12381,-1.9168566387069195,-5.8678825919628075,4.851408896280764,1.5069574776977817,260.3061945694103,0.1437794894556772,3.439725278561027e-05
12382,-0.9679707763157346,-5.999630427712694,4.875854060144706,1.9418462356459196,335.05158551945345,0.0894587900741941,3.44088575044864e-05
12383,-0.8491309998647179,-6.875644894997914,5.114685195345878,0.768954306202715,210.1723784314551,0.5883959873435662,3.4411851471540065e-05
12384,-1.323192954523515,-5.037737994176498,4.739243525318207,0.9091121794452925,234.95831533283453,1.0653616016387266,3.446022407084072e-05
12385,-8.795834027292653,-9.315357583778557,1.8346923572392317,1.6723715288951075,466.3783339632129,0.19488968729548084,3.4470531378149924e-05
12386,-0.7157923276411733,-6.150362220950978,4.90100274598476,1.1380186383784874,179.33130176847797,0.00211845232730834,3.4498974672622126e-05
12387,-1.6902600642772079,-6.847076338457095,5.101979633158195,3.9917361723672413,490.5945982075024,0.11676301633534703,3.452941074691896e-05
12388,-6.810539089179605,-12.444934487061333,4.937553632193528,0.7484889657139633,156.92568539751073,0.08873829751271511,3.454787243619197e-05
12389,-7.369063266117976,-11.212547049360838,0.16141824225505794,1.0236990899733396,316.81327582792824,0.3124675642083954,3.4605859110507396e-05
12390,-1.1926714208045208,-5.660049126757664,4.811092071787209,2.2765465545730432,419.5557223501505,0.7029587599613736,3.461964852689021e-05
12391,-9.309647918522744,-8.025328583824642,4.360022861807651,0.6755941246854651,133.58256735010573,0.060077670761883084,3.4634426391883004e-05
12392,-1.529858817019484,-5.7863797641389585,4.8303979680041715,1.083332752352327,467.495946649253,0.31226425896861976,3.464965801330179e-05
12393,-1.9878144082968099,-6.083440324631777,4.886121134983488,1.0774722066002298,280.4341728369938,1.7583379852459364,3.466487452795942e-05
12394,-2.07397637632282,-5.2660907875840275,4.766021175924229,1.2048456867556088,254.38657807993638,0.37174297763869557,3.467867171604097e-05
12395,-0.1818603099508902,-5.3958573146389845,4.77643198809402,1.1720331959218797,303.4779852073269,0.5422379322710489,3.468283731214494e-05
12396,-1.215808983386017,-5.211446082362453,4.744169218634351,1.215302792449164,207.2980152916747,0.10217951923791002,3.469229369259087e-05
12397,-8.384647589104558,-10.527843996830567,2.491026383414355,0.8734930182483821,469.969345742892,0.08610892945434045,3.4700111806053676e-05
12398,-0.5480760622683114,-6.553994183528617,5.0357910131138075,1.411143707733165,284.3026204469929,0.1005729947730174,3.47142737364859e-05
12399,-8.3637919879629,-8.33097027822337,0.3299957364254818,1.525129554878962,370.4391279998158,0.132017797474707,3.472015281975348e-05
12400,-8.556788412832207,-9.665346589091286,3.0593112376928917,2.74482449697593,479.1497087049681,1.923587015945551,3.472371357617946e-05
12401,-2.080783953066266,-5.20614611563109,4.742200248210963,0.5762283064527303,158.42208516233097,1.1053899196179726,3.474230406627916e-05
12402,-1.752460679280908,-6.394424730571427,4.988126723705215,1.6226060845523005,467.862285772074,0.2507654801266579,3.4752041635193715e-05
12403,-8.118471549961946,-11.84164546521458,1.266396469577104,0.6908333854632237,468.43321831364665,0.4663015303947926,3.475217632041366e-05
12404,-8.039262760662467,-12.867110337890866,1.0322084970513936,1.8035005275657643,431.44267384175157,0.7238732101384224,3.477831267557109e-05
12405,-1.2769694374472245,-6.925465298545718,5.122162367006492,3.3179286996517954,264.7158155609773,0.21572642845757617,3.478399533904407e-05
12406,-1.592909470842045,-6.629572929308539,5.053108450741432,1.6014223542897257,424.456149554232,0.4245360682333681,3.478742057340788e-05
12407,-7.5200488116828295,-10.32801713104242,4.787774699358688,1.6197193796728004,387.1277245018702,0.6003868651963247,3.4803201661008454e-05
12408,-2.4857893131845703,-5.60440688913701,4.7984979460909365,1.1091439221155237,286.9758834080047,1.268057372250941,3.481215580426641e-05
12409,-9.293476628713469,-5.478299691177943,0.5624276120533588,4.484425913727454,595.5387176309788,0.7159440674163875,3.481640453259205e-05
12410,-8.149595135707319,-10.239417281115847,3.7031814384579333,0.5028303482955256,112.9401556485659,0.48038065743656855,3.482492237865185e-05
12411,-4.5329205841072815,-12.937367741837333,5.1273037849552825,1.0273974087086386,467.2045125462576,0.5893490932145191,3.4827515245325874e-05
12412,-6.7829936237828345,-11.910075846797435,5.007343124266398,1.6504167307807858,350.15551169409474,0.21252947424781166,3.483246834063483e-05
12413,-9.008257402630726,-7.889372702687931,5.1088916868891525,1.780043996065118,437.74485413637984,0.029645002861457215,3.484472992769952e-05
12414,-7.515709260599095,-10.702088114866722,4.612793788426325,0.9191047984651295,239.81978840608932,1.481537757784003,3.484684839443481e-05
12415,-8.23112546284641,-10.666462511031893,0.59755373647309,1.2284487944794733,308.4981042230365,0.5754683816141801,3.4851345594145514e-05
12416,-8.306455982977162,-11.091736603582087,2.34791202511162,2.6158623775977676,461.0783069052909,1.0247872332288024,3.485224444249095e-05
12417,-9.562736249224484,-6.378472850839864,1.1068666504857945,1.4627033917512042,337.3681806725798,1.7649218468845094,3.485492584743734e-05
12418,-0.617706612923044,-5.075663823687359,4.734110617777841,1.0023643097697592,268.4991451784209,0.20965220706273247,3.487017317004455e-05
12419,-8.09895278414975,-10.581414421920288,3.5987943249469607,1.7765661305411584,422.53999772126707,0.2727577888226884,3.487815918122481e-05
12420,-7.067056854214516,-11.425044139165555,4.890505835286418,1.6853109148578367,396.1852940638904,0.56233195545349,3.487857198933539e-05
12421,-8.624455851799494,-9.497882140835365,3.094993088078799,1.6918753775959676,398.68872732419266,0.23631216787748954,3.488360360597261e-05
12422,-9.43922152988603,-8.179050398468094,1.5954084644843942,1.6798664974895576,389.2731521226483,0.19578763106844832,3.488518233552602e-05
12423,-0.12686521765368752,-6.990009640725468,5.16285070898026,1.6768222746803783,470.43753581903565,0.08563208746591666,3.4910768828802105e-05
12424,-7.789666473403803,-10.408900591472008,4.3310909599302185,1.0152059651663836,253.2229613821075,0.5792771656068014,3.49119347650715e-05
12425,-8.251804826788067,-10.035269674893215,3.606149972998832,0.7875274890891318,170.68923941370036,1.0036986005899022,3.492067817816681e-05
12426,-2.180630693218374,-6.6109622932689405,5.014766159702668,1.1141493094803467,448.84801247430175,0.7295126715312978,3.49306729358881e-05
12427,-0.7900099243634564,-6.077750119067087,4.876071529348686,1.7516725886271434,369.7256223598267,1.1463031674592719,3.4989619615219416e-05
12428,-7.958667177573073,-9.59093727802814,4.653844682036294,2.2906631176044843,433.5707944964561,0.3604389910416934,3.4999623026236106e-05
12429,-2.3906818665655702,-5.097383063540501,4.7598100516207555,1.1703391166269572,468.87625703031455,0.6417763991638061,3.501424067099972e-05
12430,-8.202670617382791,-10.290846250668118,3.517186256982536,1.5300547419617838,390.5611785974447,0.6643727484300319,3.5040496224137935e-05
12431,-0.5719132248468064,-5.910737333547568,4.841032317343304,1.0186045846133351,468.0760331132314,0.7170947296327057,3.5065602989502145e-05
12432,-9.892106956352848,-8.008295660027166,2.9204279948075578,0.7471887504259968,155.86823064871732,1.0907478342570736,3.506969905869604e-05
12433,-8.896165431170282,-8.83243052350696,0.9810983580683553,1.3966873536456008,318.5923032153881,0.005266279708037835,3.508098903999837e-05
12434,-1.1038502104558017,-6.867219193012951,5.094371626275927,1.8823996916005843,467.9566418224475,0.33435033437194583,3.508867469319647e-05
12435,-8.287837052509179,-10.17271570962724,3.3689920439868817,0.9813465077783474,272.8987588122796,1.6109151272871935,3.5110496468775244e-05
12436,-1.014916152163293,-6.458361823525692,4.991145224112198,1.0957588510909337,386.3720932097694,0.9708480219231062,3.5112473763560804e-05
12437,-7.856495548850674,-11.86540899237613,3.728996414657018,7.02513097435513,445.6998320020347,0.11644631903960168,3.51171275557402e-05
12438,-1.536075003699164,-6.524851858816991,4.979777981252443,1.1899484089626917,253.23392205950864,0.05112387866941592,3.5123992520878394e-05
12439,-0.5890200023210532,-6.2424722028700925,4.9051547182973705,1.0470182063772762,207.31059741139546,0.7349744103659406,3.5136548869695486e-05
12440,-1.1058230510858174,-6.2873076678911275,4.91496359775775,0.6895227933548328,468.1862825106347,0.3826787614692799,3.517761821229114e-05
12441,-0.6214306822207885,-6.156992636021143,4.887888645320852,0.8239690554494545,468.74238534151533,0.10846827861079067,3.5193456949291814e-05
12442,-8.403184796838026,-10.529919400810071,2.0201460586620756,1.002914184798052,245.26452587398347,0.607414847445912,3.5200236314669075e-05
12443,-0.8302255878445397,-6.274580435981521,4.910901744370186,1.8842634704748205,456.49261340558076,0.2929260049999485,3.52125989906839e-05
12444,-0.10025851116374973,-5.663155567428277,4.795128003436938,1.00082749209671,271.44816781705623,1.8589117401667403,3.5221048381370884e-05
12445,-5.2527463636467555,-12.597102575099829,5.159351445162464,1.7671986276196432,467.989012808072,0.581242751592101,3.522903851175812e-05
12446,-9.61137722487883,-5.531860974776374,1.1444252681811893,1.0683010245750355,232.8357709571854,0.2260024486336354,3.522913672274473e-05
12447,-0.216944739245422,-5.038931056231391,4.75634498786039,0.9346663416462302,147.6547365442555,0.3976464419357484,3.523003608036157e-05
12448,-0.4234187819539432,-7.0572799786930505,5.170646150777963,1.8590516417153482,467.7676964739742,0.27712788325048177,3.5257021151283895e-05
12449,-0.06170846128288687,-5.99053190882368,4.851108451453754,1.0774655360022058,183.207008076153,0.15361397081229367,3.5257907725463864e-05
12450,-0.419341669307677,-5.532072861595731,4.7766808971429695,1.615723423494067,382.5999779433372,0.2598418837057439,3.5258881447553924e-05
12451,-2.1357008717883144,-5.936072466281633,4.840524167202455,1.8950141575418844,467.858401142046,0.41382703740005855,3.526067353291265e-05
12452,-2.335069045367023,-5.47486793845706,4.769576673414626,1.6944231138358659,398.83537064791665,0.5386455748094816,3.5262017816471784e-05
12453,-3.4551724439267684,-12.455785105980688,5.13589724694386,1.840058350181091,467.55962700346714,0.4327330505331668,3.526925165511832e-05
12454,-0.7766515953334014,-5.570936478103865,4.781270035847182,1.22997200509859,269.26258824650813,0.9295376910159652,3.527267088882016e-05
12455,-2.627845040760465,-6.011156041430602,4.950766818456727,2.0900500187741415,411.4053245023407,1.3318642563228087,3.527803995800657e-05
12456,-1.7255062129462964,-6.956603049075241,5.120398716201608,2.8115793502562596,484.5058084000486,1.7827313356734216,3.5279553232273976e-05
12457,-1.980808709070498,-6.926505592637237,5.142048976899037,1.291695718639758,188.58009664929446,0.057984104063866226,3.528191478917111e-05
12458,-2.65316020006966,-5.637131303334801,4.790583227056551,1.0892202675791889,467.8248213923745,0.9202296356153932,3.5282080396284064e-05
12459,-0.6010063040353906,-5.554324148454651,4.778804095645945,1.0419604000573437,257.3310150509017,0.8664453141157074,3.528447912075937e-05
12460,-7.823879726666037,-11.839193383212677,3.7956993090770386,1.086954374265258,468.1585200060643,0.05001194484612359,3.53024671711307e-05
12461,-0.010194461833652468,-5.2843722688246855,4.7393090801876845,0.9659987023002737,266.66196581804024,1.828955344592626,3.531268032837372e-05
12462,-7.857772012927715,-12.928000793875707,0.3466444934701174,0.8759922548027712,230.81822567744467,0.39315378081180175,3.531511888835668e-05
12463,-6.48265997170137,-12.3332957319188,5.086691893495182,1.4879654692796085,333.9369126040999,0.7286879953245515,3.53159053074541e-05
12464,-0.8219111895321767,-6.927286376817928,5.1080491059304585,2.1667684325437193,225.8671644264777,0.1809592676580225,3.536256182775314e-05
12465,-7.606401246163647,-10.343674447499724,4.651748675559986,1.6519866048742389,468.53726892958537,0.9403986402446352,3.536671875565849e-05
12466,-2.404271811775155,-6.305508158008674,5.023437628176461,1.7281341965375139,470.1837110075551,0.12020368815088656,3.537046492610305e-05
12467,-3.806386914545941,-12.044412995644748,5.183146111374951,1.4972336489475493,336.53732954579397,0.9289378682247387,3.538294151208352e-05
12468,-8.741671034435118,-8.298644157150829,4.933056991962267,2.6034754385344336,467.45374173114055,2.3302103659175595,3.538624270662131e-05
12469,-8.111804731516965,-12.58306205017815,2.9154186235267527,1.8439090671206315,467.8964866952908,0.8819629208251296,3.5398054258882044e-05
12470,-0.9014587168770447,-5.060119747174764,4.725582471088603,1.5461750829146041,365.02015018710324,0.6049079621531677,3.542145908067308e-05
12471,-7.452060336940152,-12.836623734645038,0.18876062273857602,1.2351843144793544,251.10368798728206,0.02875694087552727,3.543663014948449e-05
12472,-0.5009859213695762,-6.547575635224969,4.978139760688138,1.1340137240065435,466.93146161332436,0.6150351946020409,3.544022679393391e-05
12473,-8.21213322637043,-11.169952888451155,2.9025962594854327,2.7068142970828037,443.70857211044085,0.34710424997745637,3.5449653777694314e-05
12474,-8.346627793574442,-9.698441752679447,3.703356486854979,1.3225858196291778,320.5036441258834,0.657004113077071,3.546935157209384e-05
12475,-9.108903968346992,-5.887797658666094,0.42731774443113746,1.8049533269147795,428.9679100990467,0.4553429550384891,3.5470578152944645e-05
12476,-0.5548799045787725,-6.277883785991664,4.904265335176159,2.5723189001673457,463.8602868395196,1.985888583356152,3.5492611038206976e-05
12477,-1.3263201810092262,-5.018298129263487,4.728349700676477,0.8016597312688446,205.40723955318546,0.4030373159029823,3.55073177473856e-05
12478,-6.370805759905743,-12.060689218772614,5.143828427633969,1.0270327966695791,467.5401265339836,0.6575432710204181,3.550815111619314e-05
12479,-7.307342699056553,-10.228383318540752,5.096274361612102,1.7679631961396942,468.23042363283815,0.04420189518238793,3.5512446896254806e-05
12480,-1.4198570851048302,-5.399966679253992,4.742463297043164,1.7170171983604046,355.5057985291918,0.44770817197867796,3.5514979576612147e-05
12481,-8.883073295579814,-6.706261772833546,0.33432096142299605,0.708993556491445,153.9831918840007,0.3222731367766247,3.552002848941507e-05
12482,-2.5695832112282213,-5.592436280876349,4.777736182755572,0.8875972188202689,242.27780449131535,0.5133447482408533,3.552578719708005e-05
12483,-7.982844260797538,-11.353031712203105,3.5495312704773685,1.2862153568197343,303.71076632824327,0.45995545309962527,3.5537699755543754e-05
12484,-1.5608390821450193,-5.921075300170876,4.828728744499031,1.2955587548058245,278.24276465337823,0.9679468024817854,3.559503392526113e-05
12485,-8.608838395290817,-8.614553990699426,0.43486256397498435,1.6963734854976467,398.20867429094443,0.6264829165593548,3.561095349376552e-05
12486,-9.176089857203758,-8.023102282709388,0.811579300710806,2.149491595770501,421.42751605983443,1.8916096781784626,3.5612705852110224e-05
12487,-9.597040725306375,-5.91486028073085,1.144151532112771,0.787633791237069,196.05890478038057,0.12697413171663463,3.5615950126366707e-05
12488,-7.773429811222303,-9.98994369201734,4.619245294079062,1.7773728611730988,422.03115380933747,0.3700452335328839,3.562532797910987e-05
12489,-9.393196968588654,-7.76856497681393,4.647157516362548,2.841400391571835,486.96363012772093,1.7469372879600007,3.563866495722577e-05
12490,-8.442290096468591,-8.642973649506764,4.950995834341595,1.7379426829199869,467.8292433177649,0.4507080118213471,3.565778745722517e-05
12491,-7.993124231201291,-11.24962170035895,3.5553275862765075,1.4843198006137603,468.1180912949819,0.5798792902062759,3.566036546151959e-05
12492,-9.373343675372897,-6.465327775537917,0.7066208920004826,1.1606941376221123,205.60988024819952,0.09383716122009123,3.567772929543912e-05
12493,-2.2735908955539514,-5.583436342347964,4.77163902647331,3.6883254025885295,485.4463081158596,0.16206541501549943,3.568632961114543e-05
12494,-1.0351655716755221,-5.72244015900741,4.79149552724227,1.4384677644726465,330.40145906882935,1.4572420885123867,3.5697951803068226e-05
12495,-0.5876532722667811,-6.501233388444451,4.957630354154533,1.3794229769755102,327.07513125475447,1.7575993892193376,3.570986241041765e-05
12496,-9.362982047586732,-8.502142927757586,2.634252320687914,1.713141397975992,404.13030768204084,0.34048262497613724,3.571822155735767e-05
12497,-8.041458988292137,-12.345093157152458,0.531573017200431,1.0760644495308003,407.34723662777947,0.9038342610438201,3.572616857215045e-05
12498,-9.671005268716321,-8.160319633669385,3.0941532113068595,0.8981462007654644,218.75947513040956,0.5798305927276042,3.573696645847672e-05
12499,-5.542161758513179,-12.770312582561326,5.148652911479996,6.315172410374925,374.9414885728683,0.19576115690154072,3.5739250656230944e-05
12500,-3.605305586004672,-12.135864350645608,5.167272895571212,1.6011727107893883,378.5919294313285,0.37887136656457443,3.5762975620363517e-05
12501,-2.0933385699447964,-5.450679975736725,4.744732996014645,1.6518041628809037,389.52128877233486,0.4623089455294025,3.578870873315782e-05
12502,-8.36664388588622,-10.625599892111094,1.6813117777312232,0.5643474210035893,139.22540816448452,0.049339972870826365,3.581637877563488e-05
12503,-8.260420022843268,-10.825331484751226,1.3370968459555574,1.386835099322174,322.7854950451594,0.9951198835036488,3.582473174756509e-05
12504,-9.39468882925621,-6.388358892236276,0.7323257208144857,1.0929396978559849,467.4658527953477,0.6694269541314446,3.587635556111971e-05
12505,-1.7181923584074745,-6.9508115384057305,5.103269222221124,0.792836854747383,145.02234334905228,0.03315651321907431,3.5879306451303386e-05
12506,-1.4117464897122183,-6.483533202941749,4.947947380468874,1.2449376465062154,266.6874416575042,0.032408823603994996,3.5886693654695405e-05
12507,-8.26303295961667,-10.730362567699945,0.794477848083885,1.7228269396713567,366.9702024796569,1.1297342631759024,3.589201358264324e-05
12508,-8.553282848264711,-8.477927358229545,4.994043524204342,1.6120764709888777,448.9296874890426,0.08282516598812517,3.589811009249334e-05
12509,-1.1100895022174555,-5.247248925787851,4.756119481442664,1.440639927966594,321.32395315580607,0.028137243327434724,3.590229435391798e-05
12510,-1.0958764868179944,-5.567146863700467,4.769349295657601,1.297732479042934,468.41659114047786,0.1773999017464396,3.5915464735841916e-05
12511,-8.48750104671754,-9.54902376186825,3.491943490306222,4.101781403933002,486.28924016662006,0.08280720061831026,3.5918234415700464e-05
12512,-9.035836914778008,-8.58643049336171,1.1992862169166545,3.101931110176041,467.71903034931563,0.228813011405415,3.591951466144872e-05
12513,-5.286475501659742,-12.681734005788922,5.148348102816843,1.241754629218865,294.689767757542,0.5558781918252889,3.59202787922069e-05
12514,-6.808605545561166,-11.206324588272535,5.117064043100479,1.060652727174835,468.2439003283743,0.6411378646285586,3.592330697500053e-05
12515,-0.01991106281734112,-5.199427575857494,4.748223228956053,1.6533289584011535,386.0986112912194,0.6329484194986552,3.593204293403593e-05
12516,-6.86127537274008,-12.070942013319893,4.930930513138358,2.0302656787886466,372.6983047043586,0.1808056568809766,3.594054619414345e-05
12517,-8.50495980090528,-9.861404149635778,2.9057296890762263,1.7988589675325275,428.09114534064537,0.04400802846908558,3.594686859896317e-05
12518,-8.249957549250903,-11.46589445373825,1.6440095538247312,0.8432470842470607,469.0068014585031,0.01422293736868685,3.596297143261593e-05
12519,-1.8423773454463834,-6.294053052651029,4.895838246836845,0.9831195476608229,271.2504271502985,1.809528319123804,3.5963438444864366e-05
12520,-2.088172267637133,-6.04116501635171,4.842281124595136,3.0257905713014233,451.37646737779187,0.19898701000027064,3.597266195169012e-05
12521,-5.842456700336425,-12.966574714072651,5.132801368508808,0.856674808153621,171.98619663590006,0.8261629033862672,3.598382633313451e-05
12522,-8.012867857337351,-9.537642351536423,4.597872340868517,0.8434424197519087,171.97827043353254,0.7924275166657422,3.6012975069134986e-05
12523,-6.993151983005357,-12.834887913590668,4.77520911175912,0.9757124098967896,271.334079658232,1.736517175383356,3.601504602728005e-05
12524,-1.4934282674412422,-6.946869456096334,5.0983732508819815,0.9810055400515243,269.71322090334337,1.6364501993493787,3.6019640565152044e-05
12525,-4.211966958529696,-12.566177813283261,5.129193121702245,1.8233105667250273,468.02833546075357,0.02952983564914824,3.602951396828606e-05
12526,-8.769667245173606,-8.873890144920644,3.8571184558779494,0.8952944778083008,239.3935048045954,0.9875255732997887,3.6053406928997485e-05
12527,-2.6904664319818767,-5.333513942820414,4.730808934916956,1.4972186016108378,344.129039076967,0.14983591265625762,3.608540536990885e-05
12528,-0.37881336372911,-6.675518491362981,5.007289261730112,1.1697384845916088,299.4299230878051,0.6510955073782005,3.610476276043211e-05
12529,-0.4533925592775976,-7.09506218246854,5.16551670848942,0.8618731679643274,174.7453027097751,0.11346453168701931,3.611199169286795e-05
12530,-8.31656347232514,-10.860484987721602,2.52091943355416,3.1570370968288706,511.04335775761376,1.3320376646885155,3.6128750465586623e-05
12531,-8.401263560205942,-8.947367101411896,4.573540886194993,1.7054768901124258,401.71437400048006,0.23407146550385516,3.614791511484721e-05
12532,-9.36274897607241,-8.433098814722563,1.9882215350121024,0.7974552743096284,203.49362808186152,0.3384343788990982,3.617590063700813e-05
12533,-8.015863530169963,-11.225256054258463,3.49945936265942,1.1686827703240708,177.8131524925053,0.16587548251280904,3.6176119930348625e-05
12534,-1.491020938261892,-5.9990089858092475,4.82784049305446,0.8586172283327108,467.896864572084,0.28844906764217715,3.6195889187679625e-05
12535,-1.0202275175156323,-7.002118933090585,5.145258759577163,1.3286113581218013,469.47577226432037,0.21395849671216371,3.621494564464109e-05
12536,-9.357766837488478,-8.44932791074751,3.0920381063440594,2.3794522945073613,445.8297612406598,2.103320788364223,3.621920330988778e-05
12537,-6.71263164899815,-12.926415492575183,4.945186378467549,2.282900278254814,436.1855351556508,2.188653657088322,3.622148777401218e-05
12538,-9.680752605847335,-7.461198184841586,4.664936876266145,17.066581055623857,845.4308904603879,0.25662238706761364,3.6224461655641454e-05
12539,-4.308623428867067,-12.120259292677089,5.1724634895646115,0.8110500506528057,238.52664274600443,0.40136399683410495,3.624628093982772e-05
12540,-0.11649205051807243,-6.378890101663289,4.909596838612685,1.0279823184689965,429.7113959532048,0.5378176504872245,3.6268794157813376e-05
12541,-2.6836024153337394,-5.380696742371589,4.730915591471029,1.0494736278930228,284.5045024057753,1.1147213635952689,3.627990806307814e-05
12542,-8.712423863995038,-9.268787599811215,3.208884686646784,1.5196809294824645,341.1664037921835,0.29060128564350496,3.630491580531419e-05
12543,-0.22435659613126724,-6.180412229447289,4.863659347841787,1.4357283862727404,317.4017118693586,0.9403708164248181,3.630722739186615e-05
12544,-8.16171752661297,-12.224841796734825,2.721569119342761,1.4026786311022819,226.56931804551917,0.06414845457894547,3.633568822461617e-05
12545,-0.3083798447027881,-6.707844984363277,5.009947788887678,1.2942206853911364,313.83599660517746,0.4681866742271845,3.635315435948194e-05
12546,-0.9887532786347588,-6.656844175175459,5.0233067568171474,1.8146415557573619,445.3582748958847,0.9092665743575434,3.6356739551793085e-05
12547,-2.1009811871299515,-5.058684061950002,4.713701699116254,1.301238237076798,332.1734734140183,0.5665791126626463,3.6380538309322804e-05
12548,-9.238018751007305,-8.63413821194564,2.746961685039599,1.7711208423802616,419.58051821905445,0.4188920436995369,3.639104519035166e-05
12549,-9.499145471261613,-7.639178850987794,4.67230036895739,1.752415104783377,435.01400061410015,0.35985914379437123,3.640271819105307e-05
12550,-0.06872994492828965,-6.576644381233806,4.991296683030009,1.5785100464423762,373.3962146555755,0.4718892226048137,3.640816843811727e-05
12551,-0.7962579866484809,-7.051704405266743,5.154444638239517,1.9377812819166906,394.3186485066205,1.4085007163436947,3.641203212621338e-05
12552,-1.777911638535759,-7.194407596302813,5.190346207849391,1.5390435527698025,436.7613501169604,0.5021487705305292,3.641353406610588e-05
12553,-1.2674183552249971,-5.854323072122171,4.793883670156164,0.9798314799773055,270.23355664577883,1.603862226136278,3.6447150831136763e-05
12554,-9.670023550805494,-6.4024543129565314,1.2977960282134877,1.0554452033862798,163.73475740933375,0.19226504933203525,3.645655463588091e-05
12555,-2.5786066816627606,-5.13268328248,4.7094963949126845,1.102861667569189,292.78464138915837,0.9081057678771147,3.6459757794290505e-05
12556,-0.1143424418282688,-5.387619241021332,4.756414228941882,1.7608883788449865,469.7459707313436,0.03319974185654928,3.646695351532229e-05
12557,-8.48696749164423,-10.084162594862743,1.632503706048367,5.3861687449437925,478.2347585504617,0.007353921005855746,3.6468038329169574e-05
12558,-0.3993791618078113,-6.156730082321292,4.853502110274068,1.6857066285399211,436.35733293416695,0.7903123900820956,3.64912748613577e-05
12559,-8.56356656362643,-9.696589123243278,2.9213436821405554,1.0707240966988103,286.1129369858425,1.182569491114747,3.649677516223623e-05
12560,-0.6772710086995115,-5.769997495889713,4.777669702912718,1.4637045981613865,326.21729351911256,0.40934167381259723,3.650593932857192e-05
12561,-1.7745609044241117,-7.046623694530765,5.1215765320612325,0.9424370639036657,468.6420996155909,0.11005868996456325,3.6522325355419086e-05
12562,-0.6461861819121051,-5.391833541373336,4.755564667356702,0.8681485682496132,468.9958351170004,0.07793454469896322,3.652243020337592e-05
12563,-7.970269649063646,-11.636295461411406,3.494708763172723,1.5939778033168814,459.41905985658155,0.49125781871823104,3.6525939943397706e-05
12564,-0.9892890204993101,-5.369479207945749,4.726641073329982,2.2416420452298467,430.2983336405473,1.6882264066742545,3.65295378837988e-05
12565,-7.828172688310145,-9.70006407618464,4.7582289180732005,1.907152708030495,369.16458252766273,0.228405177610723,3.654232429884985e-05
12566,-0.7451113218020229,-6.72141050328339,5.039300877078497,1.1249547834623903,285.41741148558384,1.5016338254804813,3.6545844265145414e-05
12567,-0.1604723329394755,-6.985106509911011,5.098655913536363,1.5195114889371166,347.2475136920735,0.462082424777142,3.655454469565966e-05
12568,-1.0198394758529599,-5.351139632736663,4.72365807347957,0.9418116799866402,467.89890705408203,0.04651133066356383,3.65619795752596e-05
12569,-1.3556211509951854,-5.62415009596457,4.744651932465864,1.776164355173847,375.3319300712901,1.425309186515915,3.658842723355634e-05
12570,-2.5198805233231756,-5.56866631646269,4.739810070373908,0.9322396414455313,465.86885813892985,0.29362217747196073,3.658955388414544e-05
12571,-0.4334798924478278,-6.023803880841782,4.822375976369295,0.975667409570356,197.90979204582422,0.42346439012264536,3.6594076119451104e-05
12572,-1.1691480354095667,-6.762007860200726,5.0481406505195805,1.3016031341121796,309.9467454587645,0.392329927312427,3.6601904057540185e-05
12573,-1.0861119347985753,-5.368793893387409,4.748324398265693,1.4944486457509805,344.93095641679804,1.4767350298604658,3.661254942594655e-05
12574,-1.488937058309041,-6.664306587754471,4.999226203716333,1.1052078523296773,466.9434785567406,0.6028274240988809,3.661849516115144e-05
12575,-8.557549455234735,-9.74267800316509,2.844551390652956,1.402524420983732,317.4464532538731,0.7392565817445576,3.6620095442203835e-05
12576,-1.9352202284056332,-6.965359652786044,5.089750809788812,0.8806382396642334,469.44095077509746,0.1608731544904698,3.663078287151478e-05
12577,-1.4382734926662053,-5.476292510307636,4.732949513621379,0.7826618989759528,223.0174790167797,1.28525225947834,3.6676948231850156e-05
12578,-2.232118041838767,-6.299155241397235,4.882295011724344,1.279132986328507,319.803654692779,0.4257925000794369,3.668026668825735e-05
12579,-0.10912396996096163,-5.695747224525873,4.7674635458057315,0.9160974884329848,468.3591936660883,0.520908620493211,3.6693013388179226e-05
12580,-2.022283308591252,-5.8146498049716815,4.779890308326874,0.5250549080861099,161.8156138570056,0.962553225161856,3.671059107914674e-05
12581,-2.1384107275526105,-6.7478844316451925,5.042696345533002,1.8729735503054057,454.5180846648825,0.04507761931114285,3.674645796914542e-05
12582,-0.9990652958659325,-7.01444972980622,5.136547983383709,0.9896767790267315,273.5969927434993,1.3762834090709175,3.6747690024438906e-05
12583,-9.913025460204857,-7.089971283307735,4.785022918803662,1.8168387912700759,434.82080442437035,0.0831916172170235,3.675065427464538e-05
12584,-0.5793444290745136,-6.072666240488971,4.828355706849873,1.8321272097850734,438.59598633008653,0.6398993186570179,3.6753462190989466e-05
12585,-5.970596404144832,-12.925569124982294,5.121899142550627,1.862085790637459,467.9070551522489,0.3453403176844745,3.677376320148837e-05
12586,-1.7667409871210324,-5.725791677156053,4.7693269523117605,1.0049687110136032,220.38493396187235,0.4131293803040377,3.680188966915574e-05
12587,-7.52646767458326,-12.392018275975953,4.2191882505587675,0.6433510566608465,140.1644907022298,0.16792486919674499,3.680792253355316e-05
12588,-8.338130994625688,-10.131553262333632,3.2151237588142703,1.091197049049615,280.57900167070466,0.8630685244404068,3.6808945972943665e-05
12589,-8.45303243638334,-10.267610645763611,2.198732576194731,1.083219985718722,215.6425624276152,0.25330412705573035,3.68114688276718e-05
12590,-9.95684545343045,-6.71989200882343,4.995927027367534,3.16271715611758,511.6374625718704,1.3627675375473745,3.684822208952831e-05
12591,-1.870191620475385,-5.718652377120813,4.766863923985826,0.6449703806551546,132.47079794788604,0.2445315488403761,3.685094099049114e-05
12592,-1.6202777611781798,-6.690648520354721,4.985739799202699,0.7353248389826245,407.10006986922156,0.4298136037539759,3.685529609419451e-05
12593,-1.3807553441242622,-7.0053041859131016,5.130371803776234,0.8801201493181975,242.83723833975037,0.4125472160362431,3.686552138056416e-05
12594,-0.38538067104630436,-6.204779503496094,4.854113972498733,0.9367215840672134,243.2637967370537,1.487056385927903,3.6891045365935566e-05
12595,-0.41458467447387726,-5.805754308684728,4.773358490663332,1.3676487555132621,293.440455975352,0.11989758335768386,3.689923292709602e-05
12596,-2.3075471724579124,-6.152130592690058,4.841513096391493,0.8953500474461701,217.25588515711698,0.8455243140364965,3.691381780556179e-05
12597,-8.04212688959823,-11.449625822196827,0.46637155663197416,0.9766614765269146,467.1447239465722,0.616053719857848,3.6977344833231754e-05
12598,-8.439005615081935,-9.98834601987328,2.9853358558405487,0.7659108329779186,468.6527858914587,0.4930070062052243,3.698469877367803e-05
12599,-8.987531213565946,-8.941131468625844,1.8385862430208075,0.5165038549171198,156.4899707188475,1.0401528381388205,3.702977662300318e-05
12600,-8.33405669315064,-10.69690781359768,2.562231195835969,1.086776472902021,282.1938234850163,1.0698201068250723,3.7030416470784484e-05
12601,-8.000641379612281,-12.74190434446935,0.49605735579405186,3.1664347066842495,505.54945437128384,0.7964672148789687,3.7047152156525904e-05
12602,-6.6613920160012,-12.508006653140555,4.988481541869902,1.7704612500508239,455.44016035410147,0.36661216581126954,3.706080182030941e-05
12603,-7.878800851468368,-12.628281006897774,3.5636159459902976,0.8692829397038622,467.45185303317703,0.6505866325137424,3.7067032265783133e-05
12604,-2.696648543018422,-5.7643320945525875,4.887771250496869,1.0253182880826235,468.3332728638417,0.010443088979108062,3.706724338510826e-05
12605,-0.34507199803479516,-5.240372544541178,4.7120628481409135,1.2365804229344848,280.08364567605116,0.10430757760193377,3.7075082681408574e-05
12606,-1.5870657059748066,-6.683772090581805,4.978031014461882,1.4672573623832486,328.50693225542506,0.4520901545510192,3.707521269752868e-05
12607,-5.1882478990857095,-12.268390779172494,5.167980402378767,1.4069043447057734,318.64331041773534,0.09555170206641783,3.709844665012912e-05
12608,-8.235504046452691,-11.548431262852725,1.6268591360625002,0.9206896950503392,468.63610929657676,0.9086817582698243,3.7105214223808266e-05
12609,-1.9747931531210146,-5.51197568163159,4.752004409410464,1.4406589764396882,319.7552869533827,0.5787315951821794,3.7110161172187476e-05
12610,-9.326971156497383,-8.377707528151742,1.6778705419891558,0.8925842091907659,232.1062636676448,0.5566606347575602,3.711856670353279e-05
12611,-7.9023520360731325,-11.11853272971307,3.785776054993539,1.0965069597509578,231.10044247216518,0.14882500855443226,3.712239112887399e-05
12612,-8.424466681160869,-9.829997655087812,3.2745918655076602,1.8233479812836424,437.2534540120417,0.817586671377506,3.712533076578983e-05
12613,-1.733823370123737,-7.060233909211718,5.111428167241038,2.186834672896627,423.22663035959414,1.4516188838463853,3.7142946625896245e-05
12614,-1.7805468397902562,-5.440652447891996,4.717355855014486,1.1331158021616734,468.0701021948793,0.3252964897555204,3.71919161434278e-05
12615,-0.8150995224957054,-6.646070865284895,4.963170102024681,0.8123945278837311,470.1077400812982,0.11927668706782146,3.719450486328883e-05
12616,-8.930881622441499,-9.023467651771025,1.7524618361696036,0.8056332614650729,468.290061101243,0.018216011176726887,3.719523132523862e-05
12617,-3.394213163131557,-12.638165412683765,5.109940680179186,0.7992557580690753,212.06061569827287,0.8402147210039272,3.721062837908485e-05
12618,-2.223211818616053,-6.253065507758555,4.857139479661545,1.0946415427022886,467.47245324955367,0.30533433404543864,3.721851898317969e-05
12619,-2.2052854449422785,-5.01228516060367,4.692398032201759,0.8599902796186817,143.78565949017036,0.3875591480065772,3.7254546975041546e-05
12620,-4.468988367390755,-12.826181167616364,5.106507395469352,1.1499913449827557,179.75234310312288,0.16190079725541384,3.7255461470358394e-05
12621,-8.245156880693685,-11.382570306088837,1.581885646612254,3.192423213448783,513.5398250706958,1.2775093320269804,3.725661450236081e-05
12622,-7.871007666699569,-9.544189734448326,4.826993167394139,2.572706783518583,220.84543142751684,0.29222301585929333,3.727474230040865e-05
12623,-1.1588795616034062,-5.845646361680541,4.770415394561829,0.8710280308255115,252.04006372778204,1.5797859824222025,3.7278859281214885e-05
12624,-7.174583551625211,-10.660165128245366,5.003828993061361,1.73656454918835,373.0889257824734,1.3368556149817934,3.730003445719434e-05
12625,-4.0265667136916985,-12.96178900262399,5.0958508004759135,0.8978872706547806,255.02923182585337,1.7000096007306702,3.732213794254121e-05
12626,-1.1528862378881417,-5.8830107499290945,4.776033257192962,7.663769006281954,733.1722503098096,0.4855178316043425,3.7323842297634725e-05
12627,-7.386022091861522,-12.81921114766311,4.373830347333627,1.3773224489968654,337.9523121774865,0.46131602834818075,3.7355073515346436e-05
12628,-1.9223971223233942,-6.226556131062311,4.847292108337565,1.7861778382921232,468.03310727363606,0.4602823337429127,3.7355449080393895e-05
12629,-7.878181462414717,-10.59218850590565,4.0496355402289455,1.2548342728805315,309.3434429279997,0.7786414003189179,3.736134302226174e-05
12630,-7.707769161015229,-10.522577407250846,4.38385721363079,1.6101030787827673,374.0006037683522,0.035328487845025514,3.7367699586127476e-05
12631,-1.0349716519753365,-5.554195116841011,4.727182820988671,0.5402929978895664,153.30446037631583,1.1485152816686428,3.7374955514571076e-05
12632,-7.845395664869505,-10.595335229115008,4.1087449167007275,1.0550247815929368,277.55399760878777,0.5554599100275288,3.737658008424465e-05
12633,-2.52241069814377,-5.234203661017399,4.705114343098408,3.682375398806741,549.904631567659,1.3150394888028396,3.7396095632158495e-05
12634,-8.556312686699762,-9.895906793159352,2.2791070294643143,1.037895916194134,263.97685100715603,1.1153901755372155,3.739754326878127e-05
12635,-9.156163644527284,-7.3341550131098145,0.5765803650822515,1.5250540496126672,470.28333717801877,0.025163442853220808,3.740270318184706e-05
12636,-2.6717255783431506,-5.725959929464264,4.767599252484804,1.0249890101294132,278.19842487169086,1.2883797488910789,3.742520597541388e-05
12637,-0.5280240826523812,-7.050930618034397,5.133203198753248,1.8328821588271005,438.73177720136783,0.18919372529767475,3.742892702955788e-05
12638,-4.129993494185294,-12.727889803937558,5.105382918906651,1.0659833068637008,139.3338418286767,0.36737470935797756,3.742898776306946e-05
12639,-0.22890899069872894,-6.382546619939992,4.884440288789836,2.217020083950993,428.3609649445901,1.9273589846909358,3.744864715146988e-05
12640,-7.651441277458737,-12.689408617735364,3.99627924709357,0.6324530893515606,130.06123121160425,0.26360126461775213,3.7459706469318506e-05
12641,-2.1313964204746387,-5.507842034385732,4.746690331167108,5.517452332062375,490.7586247231843,0.02054582707668562,3.747059164216454e-05
12642,-9.066922615624167,-8.131854634681948,4.579011641092398,1.9681106353203217,287.11540147454895,0.0412274795911296,3.749199658616939e-05
12643,-7.3062271164785635,-10.72256444530256,4.840913530546155,0.8028680263958891,467.99561866346016,0.4061773316696762,3.749297240846456e-05
12644,-0.8696636271529261,-6.210613126275406,4.839958780082172,1.1148734862182976,287.955047061954,0.9561811822304058,3.749519525078518e-05
12645,-8.12691000404733,-10.340850426116784,3.6478716681059766,0.8397686442964245,195.38264848517446,1.0378321225216842,3.7497847774507405e-05
12646,-1.7594564808742934,-6.79719311614319,5.040124657568593,1.4949851778407282,468.0048643364767,0.6239677432593522,3.750088032948788e-05
12647,-2.4430355883203747,-6.357339250568486,4.98765998171773,2.918141650864851,491.89408389253805,1.3558142538117286,3.75221357232633e-05
12648,-8.290278288243359,-10.315179485017634,3.1808229441814078,2.3515730549935627,433.2456410538911,0.6522693475369215,3.752232783582017e-05
12649,-7.730946494926766,-10.280273406371654,4.477272585219051,0.8702709050695422,467.08807437873406,0.5684390805589397,3.755818632881205e-05
12650,-1.2077090622744695,-7.201657377802554,5.16910075272601,1.8211899403144511,468.8315716127815,0.5707701379129597,3.758439119285505e-05
12651,-1.355013520812692,-6.889580102203895,5.0600242611822335,1.1112532786927407,288.94390106872686,1.192090622998541,3.758591638028167e-05
12652,-2.690368216480773,-5.487082639471997,4.739045367876145,1.5591600382842024,365.76940951382943,0.40581960348923474,3.759020734855752e-05
12653,-5.381406042753975,-12.433999041993381,5.155681059630141,1.0610879670685558,283.60155448064245,1.890711725007697,3.7595713035483246e-05
12654,-1.0891578000690565,-6.42078170433511,4.8910154328404225,2.46028094098741,454.5160875929149,2.5596881204580963,3.760306580097336e-05
12655,-2.2884383444806256,-5.973510670302999,4.785583542791189,1.8538117766995967,444.05157613124686,0.49615969716131314,3.762241822414145e-05
12656,-2.204811309690106,-7.21804145256171,5.171178195420839,1.273949671227221,214.86879969437373,0.09343025839401786,3.765271539976115e-05
12657,-1.6923960635374495,-5.533130507214756,4.716792041962073,1.7022847434710449,468.3987675385521,0.8006948561959577,3.766059866484706e-05
12658,-0.035685396600884545,-5.99930137260899,4.789415336986211,6.4831451628444725,485.87353877688304,0.04459191580155597,3.767327342264224e-05
12659,-9.628374232758748,-7.079758886413867,1.3308496679636548,1.4066285599533535,193.83779532683224,0.3523052405997005,3.767972016650217e-05
12660,-0.7863017024665648,-5.998413474386018,4.788908914812117,0.8173966350283866,185.09222183626292,0.35066647612689383,3.7685933528763856e-05
12661,-7.320712272938321,-10.271700946167101,5.037682518520045,0.9808804067634914,204.98345742019285,0.015036565628920862,3.7688253129651147e-05
12662,-6.882867566647368,-11.724048816163474,4.9500122004116625,1.1119073188024946,467.2478132885945,0.4360108815752879,3.770347074169133e-05
12663,-6.7013396900351525,-11.43445836645958,5.107249806563862,1.006373533357636,468.62828335833046,0.6489156949118922,3.771140394283985e-05
12664,-8.33450856993664,-10.538545371716701,2.748917739701313,1.7345942110406602,408.23574369874785,0.20421394320717923,3.771333515609852e-05
12665,-1.7449900741523656,-7.165892489642993,5.160594983965674,1.2098016653266246,305.5713864933655,0.7193348355129867,3.7725169424043394e-05
12666,-5.893370299030003,-12.590399833512924,5.138782701559409,1.1705359134619981,467.7079525620336,0.3922523813496417,3.773033256949409e-05
12667,-2.0592388423038432,-5.021057320401384,4.645731710337819,1.0905848726436709,290.76832044310703,0.9477961938040398,3.77349801524255e-05
12668,-1.2287175931275982,-5.566481790504258,4.71919928451675,0.9394958251413571,166.21189569530173,0.26470476868188175,3.774073959810214e-05
12669,-0.01896436939419921,-5.807648866413456,4.742511878855165,2.4289963149717697,437.5445412858159,0.7269576927110863,3.7761547843363956e-05
12670,-2.5080079327187317,-5.359451337477993,4.70044960151401,1.4646004543178641,333.4366375167804,0.7276690902013678,3.780176188346111e-05
12671,-0.9607387908392102,-5.983946002338649,4.782804594278685,0.6365270878495962,180.86338678249268,0.4844797315538871,3.780990713304983e-05
12672,-8.20451839764917,-12.008711677976853,2.4736744483765856,1.670840530138288,390.5495831558369,0.8564340904061014,3.7811590595789024e-05
12673,-0.5850399769719719,-5.641543225976446,4.728041478970496,1.3845974867105881,300.973714823635,0.027975460615929926,3.783647593382017e-05
12674,-0.3819889214886665,-7.075071692648364,5.132151117652749,0.9762329412091343,467.4232247259805,0.16887008451609553,3.7841144460426544e-05
12675,-1.9516264088276518,-6.758901529684018,4.999009347363425,1.1177820757698425,288.0397798483914,1.229578831177375,3.7842961126464455e-05
12676,-0.2343967838537111,-5.360462242171405,4.70707882462861,0.9540535709046728,185.01139946895415,0.37371504107759,3.784733826134883e-05
12677,-0.2678412824364571,-6.820632648530073,5.009468522525175,1.1858537407121956,399.0438207572662,0.30541049033461665,3.7869823549037504e-05
12678,-0.6492187611114826,-5.074026065494719,4.6465073959659975,3.1430346583528013,510.1915872643812,1.3549287348969292,3.787097372509809e-05
12679,-8.40702127439761,-10.165443812622607,2.8531164136147624,3.031632725641302,501.24637792843515,1.3740046488983007,3.788060451403272e-05
12680,-1.8684300822412254,-6.185735686468986,4.824186478506792,1.6667188920468268,468.7830818326002,0.7506654319557811,3.788680278584161e-05
12681,-1.833896250574206,-5.046206800918959,4.643315318880848,1.5236778180939092,468.7860503347462,0.1522401734666463,3.790152648950047e-05
12682,-9.451777952045319,-8.26626667854484,3.415039803626291,4.534686651438795,313.5318328298426,0.22151558469046861,3.790647744276456e-05
12683,-7.310094502161538,-10.353603432144464,5.002645257497918,3.4074298777573655,523.2452732043628,0.28891323634823873,3.790859411402679e-05
12684,-0.3954056475058536,-6.3340283239654465,4.859332661531962,0.9372777355988534,185.55450507451317,0.2827047184620479,3.792942575015825e-05
12685,-2.211048353754582,-5.744966372006979,4.733532528716138,1.4456523238190782,331.0220444976963,0.39480551218985305,3.794770995457583e-05
12686,-1.9594085513114532,-6.635605422500962,4.941064471404007,1.050680108035172,271.90770927551887,1.5738509196883657,3.795021085341587e-05
12687,-2.076685441926605,-5.899984251902253,4.768493236405872,0.7128822823673926,467.75018086135003,0.34964546960512255,3.797365695975284e-05
12688,-2.30363694049855,-7.25540600537501,5.1771129398740765,1.059609598424513,275.346295608999,1.176900079404164,3.797408626807984e-05
12689,-8.419261827018003,-8.925811718479807,4.547339592532837,1.0258613338192173,280.471031292445,1.4323107421207455,3.7975604407242525e-05
12690,-3.3979911567816554,-12.980327802238536,5.0833962036026765,1.8517696849629532,469.5674355392854,0.0016213742880806237,3.801291606731807e-05
12691,-1.0135585980305066,-7.15796410078683,5.125379608876953,3.837574399224353,427.52065173698224,0.010217154617213176,3.807154237271754e-05
12692,-1.5054628097551088,-6.529334284293816,4.905048038851967,1.750832309622361,361.4615346847315,0.8142936824624707,3.8093795266473656e-05
12693,-0.011457981238372383,-7.103794598664227,5.136703032895961,1.0006450013984616,467.7276798156789,0.9013874663576598,3.8095039792421894e-05
12694,-1.7458763737028313,-7.127039999877537,5.113200007217196,10.590033139560964,754.1140012449524,0.23242440940061204,3.809977436641485e-05
12695,-2.5243249661643974,-6.1168359015282565,4.8031112483441305,1.2395969000375016,467.9794614370477,0.8087645659634681,3.811960933176777e-05
12696,-1.6999782149748217,-6.8506789657890135,5.0428672071420335,0.7592449031879763,227.41488146232598,0.7250704258648932,3.81268347154361e-05
12697,-7.81138211547826,-9.848574557793883,4.643397511585922,1.8764924070729165,451.65670787723707,0.0803585218822862,3.8140076492044304e-05
12698,-1.3430945318787355,-7.086949798376259,5.097332995297644,0.8964026010003566,175.57067390535875,0.4907816002885843,3.814267724985611e-05
12699,-8.099176853721529,-11.611579725757359,3.110190837309777,1.5647476929120805,469.6772783564614,0.24353366516756925,3.815684422738993e-05
12700,-2.0547690927231983,-5.623464178578706,4.716601273325567,0.9686370812154655,270.18892459730944,1.897870269451154,3.8165181787383674e-05
12701,-7.453829346514754,-10.328317959471407,4.843807961749331,2.6509470130141923,471.5844532451717,2.2531268743455337,3.818048400193378e-05
12702,-8.194636578744804,-11.467114925374602,2.7674796698797834,0.9033968802304867,469.4998833117653,0.005241257900186369,3.8192124056801035e-05
12703,-1.2080926085653552,-6.7863289162078475,5.021135434927481,1.8221834788683047,451.16923156462104,0.3052047376083591,3.820009550842461e-05
12704,-1.879789987616613,-6.587062652844962,4.919825738778698,1.8963909961991499,386.3527742859508,1.141460550922134,3.820059120333805e-05
12705,-1.8412030905870473,-5.072654723805977,4.637498247888281,0.8088919304301988,159.45598191991775,0.009183744905970848,3.820105052299909e-05
12706,-7.961935717890938,-11.258440967653474,3.5973857622376393,1.7321353344926937,368.4365779126651,1.1776056379205455,3.821187675607844e-05
12707,-3.4394414766583603,-12.851370185565651,5.0886091928648955,1.195592279247636,467.4775409727165,0.20579603304101202,3.8214789294024186e-05
12708,-0.5323014604474032,-7.138416539526827,5.114695393511209,1.442639919288937,325.11544754958146,1.063004266817674,3.8216076016846566e-05
12709,-2.423180887469072,-5.719081665988009,4.755633787370738,0.7007181519235364,199.97651393363338,1.3870983513989357,3.821781886152146e-05
12710,-2.2918212823515196,-7.2699616579997635,5.17660850840055,1.0074623788324262,273.59602491466507,1.1439534133121354,3.823044594164992e-05
12711,-0.31001137857392536,-6.196511416082537,4.817123871319017,1.4858634917831577,468.32156867052356,0.48565813380534006,3.8264118651812786e-05
12712,-8.176174454107603,-12.11124941036717,1.5225625512808734,1.8596076840556344,468.2006850069163,0.5443915793652385,3.826430961392403e-05
12713,-7.5227895456110865,-11.921835008577723,4.263394491560257,1.5214820789731838,345.79831786392396,1.8382669298855534,3.828175092849339e-05
12714,-7.8753073785084755,-11.219552577281764,0.31114601605136966,1.9773287829194086,378.7810696178117,0.41427573917305605,3.8298287056559524e-05
12715,-2.076081945847892,-5.615424205874306,4.74875195265255,0.8870813463520617,173.77871092733403,0.046062845683796816,3.8312381107862704e-05
12716,-9.454587915249522,-5.1941369177212255,0.7715328597998036,0.9861640197778072,271.48422624005065,0.9273115946022559,3.831671978241373e-05
12717,-1.1617413870178783,-5.120100327902917,4.672102503589834,1.519780079404194,329.77079195960914,0.6838842961902687,3.8359043148280227e-05
12718,-2.201936289849934,-6.384103681651866,4.861600725043647,1.4064235017346762,310.83355281205974,1.0014262222905934,3.8371521237743054e-05
12719,-9.028512157932091,-8.486565557400217,0.8983981338021335,1.1509052370311068,467.7947286386913,0.46554645595948774,3.8376844799393045e-05
12720,-2.716760407866495,-5.420036889374886,4.697861943448891,0.7468831024013818,151.49950359235248,0.23328583790788304,3.839162498866438e-05
12721,-9.416756097473131,-7.345812440446316,5.1571162319943396,1.01232770765471,243.2634286705957,0.09467215818973873,3.8403269204972846e-05
12722,-1.0950713245100232,-5.314422989248302,4.698005070124801,0.7780303928218382,228.16608030399104,1.0479595260317494,3.841007015782735e-05
12723,-1.503262598588515,-6.1620545164953695,4.805507306462796,2.4277492758797026,450.92793582573916,2.3441458810557645,3.841017959329627e-05
12724,-0.2870861337578372,-6.723779417469516,4.956924092709181,0.9924136963638112,225.87436144342703,0.2844421217536217,3.84529655812033e-05
12725,-7.123891300100394,-11.745498678487236,4.750609433948223,0.9898897904758615,265.1646462050471,1.4983161569205619,3.8464752998855234e-05
12726,-8.78304478049818,-9.07561029072205,1.0539870903614963,0.8229255384572943,237.73480553219738,0.5710458847118609,3.847447915326187e-05
12727,-4.899328710511494,-12.136661968364075,5.165824850542006,0.9098109755456782,468.07667767197,0.7175139000273107,3.8496910461355144e-05
12728,-9.954110057901204,-6.652550302285648,5.011062014907849,1.2879765887148518,271.3080950435219,0.44848651747887924,3.851633423426686e-05
12729,-5.738394755961281,-12.521893502812008,5.14201922486971,1.0150742376289759,235.6707093871555,0.48429354507533073,3.85247612915346e-05
12730,-1.845053077008357,-5.047663421129421,4.660679313912893,1.8467244624026227,442.41010129584754,0.3011019973016351,3.8533556603948104e-05
12731,-2.1725109382970995,-5.383854067013994,4.696354867477151,0.7287926073588112,177.30394621132533,0.4503241431126721,3.853416095438202e-05
12732,-1.772329654565345,-6.863790062022117,5.036514234798927,0.9530460710932994,159.20781514072647,0.17167270521344236,3.8576489216573764e-05
12733,-7.804622490815864,-12.3957071585798,3.7276603304669154,1.1712887302254429,301.6272726146535,0.6940305163329121,3.858594039100448e-05
12734,-2.8883824610980433,-5.260521594249203,5.030391906238096,1.0718656326662845,286.45224604919605,0.7630554392205813,3.860438739688874e-05
12735,-7.070033912070858,-10.49406063010082,5.16206405507643,1.0914213288255588,217.4548411091749,0.02522157485912846,3.8604389634906674e-05
12736,-8.407860029344526,-8.821077811206518,4.718629930864073,1.0095644094734961,140.19967590192027,0.35678498725486474,3.861927389642566e-05
12737,-1.8842682216791111,-5.727435883166838,4.721553047410262,0.9747191520968355,468.0968497149847,0.7291197824659674,3.862418253194866e-05
12738,-0.323388224056373,-6.879932749937585,5.040842736291023,0.9144912078811901,467.7013880396859,0.03652033980790659,3.86280364674465e-05
12739,-8.618014354402252,-8.457818356316249,4.872226473771023,1.8947027140809234,456.87352016928685,0.47008110875661213,3.863689223826371e-05
12740,-2.7256749284149384,-5.633721454591021,4.878770470477438,1.6221901061590407,362.3189420365336,1.0523902938272593,3.863823184366418e-05
12741,-0.1609112623382405,-7.1122932389955436,5.094945636020088,1.8033627536714778,467.8567324603336,0.5479910475898837,3.8643765489190965e-05
12742,-0.3459293943982171,-5.744731668915351,4.72393545584045,1.5582199242474808,350.4519919817824,1.8659295615519813,3.8646057359146006e-05
12743,-1.2171841920965942,-5.096994553487549,4.662192165081381,0.8038110329796265,469.3310792839061,0.07715810154931191,3.865024070802219e-05
12744,-1.2477018370627242,-6.367841681161479,4.84954675950875,1.5567619221980742,365.2174420008418,0.38874281208204575,3.8678880844701064e-05
12745,-1.2956728284220347,-5.943419529212672,4.763720209820201,1.176378570013975,228.51693935245584,0.024026574062996353,3.8699791517834724e-05
12746,-0.05127117735355036,-6.3495706519278015,4.844121980616188,1.5656583732768874,369.6741870406669,0.36223047079415593,3.8700520722580566e-05
12747,-1.332162403438895,-5.52540124072706,4.7054200291842285,1.7768816599200539,421.4937542336701,0.19618835273937307,3.870658184956522e-05
12748,-0.1790521167742991,-7.08767706222867,5.0841518985263,1.101810564018007,278.8991259566038,1.4000547602864062,3.871393699466844e-05
12749,-7.438590424593962,-11.300975731510986,4.488962841226686,1.1526417749778584,229.4846905897589,0.005823859863498093,3.873958198387051e-05
12750,-8.832885518789599,-9.222455187933976,2.5256130745388505,1.8932509078299327,468.18903055906594,0.5442481918692401,3.874394961314466e-05
12751,-9.749464978129136,-7.056114113799691,1.44744685057432,0.9000390930800835,195.6192437941243,0.07553459970815446,3.87442215939145e-05
12752,-7.100534132735697,-10.664482810316374,5.058286474763482,0.9383375979214502,223.5310604187057,0.05214212470153523,3.875894658897128e-05
12753,-0.493395893017345,-5.5547048206785625,4.700202790923645,1.4947930754601537,344.1443155752933,0.2030130887649264,3.87652029973734e-05
12754,-7.343370725201659,-12.9287467362965,4.408098108922442,1.0828460319693414,280.914577823223,0.5104900676020847,3.8777493897766054e-05
12755,-1.8358403910140435,-6.3323144288349535,4.837586823344965,2.445711503727805,452.9871591420031,2.4584564410302248,3.877954141726986e-05
12756,-2.293664469072553,-6.929008578617498,5.051577092908951,1.7944954257204395,469.2569860714994,0.0740499891905424,3.8785989778456896e-05
12757,-2.2491100264895225,-6.537136170965005,4.894676583242285,2.682748578210264,202.4687792829717,0.31733976640350914,3.879648414351674e-05
12758,-2.4846195618113063,-6.825578195907871,5.058545745874786,0.8407923069633093,468.04827835505387,0.26209686164838164,3.87979328341945e-05
12759,-9.687499715847927,-7.177126163647739,1.415845096906151,0.8780054360839966,468.05427688200905,0.14453274556117712,3.883641023894529e-05
12760,-9.338709677139924,-8.48567429104492,2.9028806034393915,1.716554932152203,404.19076153356093,0.40574015508088124,3.884764686360627e-05
12761,-0.09868851679604518,-6.230527429221721,4.810204174682002,1.9326147681317056,342.4522783668408,0.1208321621384627,3.885981490501252e-05
12762,-2.58033267926173,-6.518756297878213,5.1484788219260755,1.4150947279076471,331.9549185767611,0.4206232255062865,3.887949922518784e-05
12763,-8.395916724028341,-10.480557424294192,2.2510793858463445,0.940237858054419,188.87347845537673,0.9208689749827998,3.888281223066589e-05
12764,-0.1838664511673791,-6.186900260826688,4.798895659093229,1.6022722902401456,468.09200982435925,0.7263706658209736,3.890088762062032e-05
12765,-2.399305407803239,-6.514201312602954,4.884746054301772,1.9282196808730994,392.5008255594523,1.293881343415741,3.89230171638894e-05
12766,-1.8793270106393063,-6.912292369725734,5.013962219316637,0.7242303912371252,467.7567411754875,0.5081488583497,3.892930030254885e-05
12767,-1.7201978982831854,-6.601880990667052,4.906202087916868,4.684479923156573,608.1163919488299,0.7848575852287167,3.893914689363566e-05
12768,-2.1314431990323977,-6.527333168336189,4.887071946305777,1.033487500323706,280.5658023427486,1.6404356359359165,3.8985906913375216e-05
12769,-2.016607267879664,-6.303060269788644,4.824833666735533,1.8019083465279329,468.4768428693031,0.4683579004147944,3.8987865591721155e-05
12770,-9.328119620065635,-7.799415354064266,4.663068624986016,0.9229773149219541,184.53255274401005,0.5678940123489076,3.898898910452143e-05
12771,-7.9614661932529955,-12.641695149317599,3.3376372019236036,1.6245490803923013,377.63679833534866,0.17912412677025724,3.901108406595828e-05
12772,-0.8984880359459133,-5.350314009058721,4.679662749701069,0.8363948161795733,238.94103876208294,1.2720866795874697,3.9012380906666064e-05
12773,-7.55410578555175,-11.249275855888655,4.340958437407495,0.8781607830558293,174.12364468574603,0.7660957661816958,3.9027109102001275e-05
12774,-5.11462321349371,-12.348287417110766,5.14439904683007,1.038434840444604,279.87116092066987,1.1182199338116208,3.903053059631179e-05
12775,-8.194105327650636,-12.755576529384141,1.9578843004617725,3.0980449500642697,259.07603152916835,0.2183673503903094,3.903421259729802e-05
12776,-2.587283501811126,-6.140576507903622,4.780173280483883,0.7956792505121575,427.775716555178,0.2594257218140674,3.905625719209511e-05
12777,-2.1960757161573143,-5.184935634315299,4.627997460500548,1.8067741324869508,468.2349810669772,0.417978319947081,3.906241152923597e-05
12778,-7.855334068982561,-11.856363060298385,3.6871143155449375,1.8842748328567014,468.69474161142494,0.4588657151048361,3.907352559945042e-05
12779,-1.721164755323061,-7.3165777475600295,5.174559943415517,0.9918082123117332,209.88405532622286,0.25151475632273357,3.908412601107121e-05
12780,-7.895089527824611,-10.2688696146704,4.1812458661117455,0.8881137600786957,182.4705439561905,1.0129969042510654,3.911480545998891e-05
12781,-7.049215371063069,-11.616178627317103,4.8326408063486745,0.8026104450468448,159.31699231040847,0.15001001949485726,3.911507549375202e-05
12782,-1.8409166878137224,-5.310392420315955,4.635886646291124,1.7943910786675534,427.95629303195125,0.4878915704379576,3.911613564244653e-05
12783,-0.5285992204644643,-5.267561127200287,4.667382238668101,1.4385588227804182,330.85202508093414,0.710288276084845,3.912025742763678e-05
12784,-7.148967717829972,-12.65024987462742,4.626866538083672,0.8588572823756906,468.06188992151954,0.561639571517726,3.9128642337740034e-05
12785,-2.7572013162475617,-5.461842300638682,4.771547772722522,1.8128750517646037,433.3919604341005,0.6346112260449042,3.9142069227090605e-05
12786,-8.752761341759182,-9.205234411849682,3.128673660202864,1.5603410366033887,355.7944724229102,0.1647057892208279,3.914853297318387e-05
12787,-9.973848983871575,-5.48104136244156,5.087393606852895,0.5516716363467913,164.67650482435167,0.7745816397734968,3.916133731284166e-05
12788,-0.21037971756078377,-7.23070567996791,5.126823481706261,1.8023981915973246,469.2291177556582,0.00834309864450411,3.919007009544795e-05
12789,-6.320127371803405,-12.729798587301802,5.067263358573374,1.5214871111535742,344.10627986580454,1.58942616163176,3.919534151150116e-05
12790,-2.375207471006896,-6.7810456639138135,4.957920395486214,1.8252653136929202,437.20219072500083,0.05604873831821955,3.92011903490476e-05
12791,-8.155444178693486,-11.484470659795155,2.927038585217658,0.8951499190764087,252.248568813436,0.7046999065591768,3.9207232865756747e-05
12792,-1.5808722769232535,-6.441039838914046,4.856389562590126,1.0551179834398545,281.83306200063186,1.162714308306115,3.92183503357518e-05
12793,-4.352677119930766,-12.98585405468478,5.082388953612885,0.8297239990519747,469.4278749647643,0.012633807010497655,3.9244547721908876e-05
12794,-4.145961432437005,-12.951135070961039,5.082025823451856,1.0879219852076678,153.89894480663872,0.22660506880447162,3.925718018720852e-05
12795,-1.5717531941457565,-7.190103189914435,5.141423094336233,1.9024213744604412,465.39457232365015,0.44447598792387044,3.927600558481139e-05
12796,-9.703842504481,-7.573140282538335,1.5334570881566885,1.3359386474952826,285.0318231201673,0.12974311270384575,3.929385130619832e-05
12797,-3.753152169313436,-11.76620283768901,5.184428070745487,0.8047195499850228,449.751811183707,0.3121844904866906,3.9314774404278676e-05
12798,-6.350126328052073,-12.647255964776985,5.064953182428833,1.7687103840683365,417.64192504873074,0.6092782368029566,3.9321344260782226e-05
12799,-7.546455584212015,-12.051612808933374,4.202001900813788,2.7115475845436174,451.74516062598815,0.3606092643636529,3.9353466499709997e-05
12800,-9.252944943163506,-8.038689787053265,4.376057419645936,1.1733857852808036,235.77823023348506,0.5056520777503293,3.938140082257275e-05
12801,-0.7600222025414389,-6.7596639854951786,4.946118083347539,1.5408012370752833,365.19577308645654,0.5616362544402831,3.939291842358058e-05
12802,-8.046036088682198,-12.277302056374232,0.5578626615258684,1.0010909896102027,213.70922303989636,0.42419652259556173,3.9394596798690256e-05
12803,-9.098871964587063,-8.722433774805179,1.720229231407433,24.524680901159712,749.777246468431,0.049801751162742214,3.941362258378878e-05
12804,-7.032718951531569,-12.381475476456547,4.747080975842574,1.344950063366443,297.871082755281,0.0963526884732806,3.942483934002451e-05
12805,-2.2057883890425787,-5.261318915383202,4.624222347288975,0.8391443406837951,219.0800627984816,0.06346490694507967,3.9436095941081055e-05
12806,-8.03512884522925,-12.902883166049323,3.09002894837496,0.9272508430583276,244.92036728502336,1.2095268632197067,3.943852335900119e-05
12807,-8.991508470173523,-8.92513655825227,1.8685177879386026,1.073051224757239,230.06619125105024,0.09002128726219283,3.944993553862273e-05
12808,-9.924601919255306,-5.552871319949288,5.145673334586177,1.605505847960395,345.4482896871935,0.2656727818809168,3.945677276089259e-05
12809,-7.925772052595975,-11.906727543369307,3.5153296129146514,1.208007034532907,303.6460859802315,1.5826951613144322,3.9478644769717974e-05
12810,-2.0074455154534157,-5.29424545198375,4.660963433709319,1.1298660314954652,293.2736185618753,0.9474734965337861,3.9482498296036106e-05
12811,-7.659406548108426,-11.223715169860505,4.181310548408081,1.101573442145067,466.84844940759024,0.06224620269286696,3.948273684356319e-05
12812,-9.919741720434454,-5.9498899364469,5.165701770030388,0.8340340111824055,166.87702383290565,0.09061152266701011,3.95031451700913e-05
12813,-9.459159744548268,-8.370868879908866,2.736391929980283,0.8825566244988123,238.75833732559667,0.7288896430168208,3.952866917263565e-05
12814,-1.897704877202223,-6.33300966724311,4.819141074118121,2.9479462439312267,496.6469549689003,1.994085747765518,3.953245676791605e-05
12815,-0.47303127916296184,-6.505488075412654,4.867203764613959,1.8278101473051085,469.57423484228974,0.004074154137833297,3.953428159649328e-05
12816,-8.941390660712432,-6.551552655039734,0.35452909907247254,1.7672041771583407,454.9588139153916,0.29555541595391954,3.954468706556995e-05
12817,-1.5286365946705303,-6.3788629115571975,4.830898567260762,1.3981186140716746,330.6106043254236,0.2367095490244875,3.9555211839283125e-05
12818,-9.847788853742074,-6.089168201909351,1.4738613332100015,0.8376252730101323,427.8312413054867,0.22591387433899168,3.958231066567763e-05
12819,-8.152148817556078,-12.300380049423053,2.685589151331897,1.2478909289180817,262.54659087149963,0.2545899856655671,3.958404203452322e-05
12820,-1.352455054702725,-5.439704259497483,4.675686890366282,1.0102837717722444,433.71711745967565,0.3111289363603804,3.958960803387337e-05
12821,-0.9441165607986477,-5.337781807463363,4.629553488192524,1.4549038929110316,331.53162081992616,0.41426258607008837,3.9605226923888966e-05
12822,-0.3909964838165756,-5.3124649730700915,4.625002020728196,2.5594089644024725,278.2528926406716,0.4878111779979095,3.9630386441980146e-05
12823,-7.673735497007841,-12.205552112032404,3.979659407826197,1.6410411182983125,353.9589766502224,0.3849545610178735,3.9648851757278e-05
12824,-0.3521915610673769,-7.104129815666485,5.071899437760945,1.7369547178603162,409.2125104651531,0.08633970981494432,3.966330924795494e-05
12825,-9.132928195491374,-7.885370293891224,4.846375857213996,1.0970295598189295,281.1181814538442,0.7299000463009913,3.9675479508899095e-05
12826,-0.9413938067987004,-6.237791750373577,4.791660311671798,1.0833621146990233,466.9809223000892,0.6065336598525386,3.967763122716582e-05
12827,-0.4758597666823601,-5.445970532558926,4.674087540939373,1.1296046715727834,295.8236050972076,0.9533118353471446,3.968312388713799e-05
12828,-8.509272179830791,-9.971042396868079,2.482854156355967,0.7555191996099343,168.51739453251312,0.7839363192861741,3.968380833388201e-05
12829,-3.191132278975921,-12.52086669397665,5.170341680488516,1.1929506543863508,271.15000310743704,0.39469410000090743,3.96954333127194e-05
12830,-9.328343580987745,-5.86507322642194,0.6243905591879187,1.8053391454487175,430.9366355100303,0.3571148240124833,3.970233696753399e-05
12831,-0.619726750893081,-6.667463724204479,4.908388872278627,1.8880764175617464,464.3619731335051,0.0876114104668213,3.970353426106873e-05
12832,-8.203812115326294,-11.5548794598148,2.637535349880182,0.9457595623547256,251.95241908313886,1.062610628179673,3.972226760968084e-05
12833,-2.319047259406739,-5.692573725066739,4.7027926729478065,1.1239765341606969,468.739166149271,0.5975038894868456,3.97441243429431e-05
12834,-9.438217620622085,-8.061965247163553,3.9639407370571873,1.7674737860886856,416.7576706120096,0.21352895718202003,3.9745599597258305e-05
12835,-9.204961115514593,-8.144879733133678,4.2593225242384305,1.0542786397107913,282.9720114643925,1.1757128090797098,3.9758401786235536e-05
12836,-9.755065268630853,-7.640178846157139,4.2350729724053915,8.422413787249413,293.29169811795026,0.3854316902140642,3.980488789747431e-05
12837,-8.315834880057615,-9.882402104551668,3.513866507376161,1.1431225201230397,234.5708919270219,0.01151462991471952,3.9808702131939106e-05
12838,-9.02240707304435,-8.895869571366964,2.671275480098452,0.8821070450486964,189.69614026132703,0.13302529663754203,3.981936370213343e-05
12839,-7.61154797735699,-10.23605616709092,4.666204054853015,1.250888014581398,265.61000548886284,0.781827935850222,3.982880534325987e-05
12840,-0.039386646628168265,-5.58001014950333,4.6489432575415535,1.5878816111299223,372.87330284211157,0.5686514212186466,3.9837226571833017e-05
12841,-1.797881972549737,-6.887938422492107,4.979543266543199,0.9396453878584422,136.51574176057156,0.2871585502205596,3.9847950759960825e-05
12842,-8.10873579026625,-11.598122487985975,3.057452499074814,1.040065478451991,271.8172156635775,0.1821624465750249,3.9850369310275815e-05
12843,-7.590690168359323,-8.515392878876495,0.08320538009672057,0.7364256564265655,148.83147222209,0.369646462904357,3.98648214754613e-05
12844,-0.4111049542835694,-6.4089920635389115,4.831360449834421,0.9232788312397869,192.95737297751626,0.9141268694806959,3.987582025513144e-05
12845,-0.3832276044775256,-6.061629035311794,4.739016084782433,0.6984056186929891,466.88243492939756,0.37312164683615645,3.988420576033822e-05
12846,-8.076329410260895,-10.709559748486841,3.518384513153894,1.6410928951414059,383.64339504011,0.14446350138788144,3.98887084158685e-05
12847,-0.5950076664205532,-5.75026045661197,4.707474382318964,1.7782608782048612,467.1827763048577,0.09669887197636573,3.9910359400786634e-05
12848,-0.5621734176163784,-5.409614594324067,4.6634538525005995,2.963688333965909,495.06218692231477,1.2689899100783313,3.9918639553823556e-05
12849,-0.17670739821884318,-5.18599364534666,4.616743367119828,0.9732730226140782,469.88374955272167,0.0719790908177469,3.992012122412816e-05
12850,-0.043693756355875024,-6.808495604991618,4.950091224526229,3.824199077584607,231.0373354713237,0.32516219887732145,3.99214447847594e-05
12851,-7.257387366315327,-12.114250708353387,4.556897169196907,1.1599179389015766,468.770360803726,0.8485742230043831,3.993084724518639e-05
12852,-7.291948225106051,-11.521705683074972,4.6075018674147215,0.7886858713726712,469.0101985867457,0.5303389405024506,3.993324880318036e-05
12853,-2.5090070257361052,-5.874796634008325,4.714973227109833,1.85829649535994,469.8230956850549,0.1613639665226323,3.993723272985063e-05
12854,-0.4001591780156666,-6.432994508991491,4.836276505231186,2.210811495379017,415.0302136472998,0.7892116235443769,3.995011850725786e-05
12855,-0.9674645421360566,-5.501469218879826,4.673814712196994,1.3391553368656215,322.20147851093935,0.5519489642558515,3.9978817065968434e-05
12856,-4.937466489758608,-11.863327012980083,5.190008508694622,1.0452477475198492,270.3027991205807,0.1780145750264186,3.998362544257834e-05
12857,-3.5257758304133375,-11.730231920877436,5.186419301514318,1.1078836145489332,259.65370938804176,1.188586667442066,4.0003355849682847e-05
12858,-8.248018307400761,-11.563252729946655,1.9976919001164473,0.8040954257554805,161.53175471716338,0.3095956197626615,4.000937387092432e-05
12859,-9.45626042820383,-5.88388081033305,0.811181211619122,1.1036857150386548,289.8107495384014,1.209473476684603,4.002668386680285e-05
12860,-2.8945103614180647,-5.46356916321205,5.085990684139227,0.6902729175374457,121.79283410967093,0.031237104580267072,4.0046301416146846e-05
12861,-9.342874033444916,-7.951005551677328,4.363483200673496,0.9257845597250555,468.213727255842,0.8174712028273206,4.006175323959597e-05
12862,-1.333125836407289,-5.60066473183423,4.645894604054841,1.0653740038984172,234.59636666249116,0.01233987233263889,4.006345291393963e-05
12863,-6.99381908935146,-12.414912795119651,4.770248275911884,1.1433939343212445,467.8119319895303,0.1754871318952711,4.006763824203692e-05
12864,-2.1757667973250863,-6.579082990715234,4.876380669163182,1.2851863328831499,317.2674039597104,0.9407708979012019,4.006768407980821e-05
12865,-1.295595771915817,-6.145091181329582,4.765442638833232,0.9862701899037646,156.31195610859706,0.24634332946519688,4.009583215991898e-05
12866,-4.8084551040166525,-12.128378524615043,5.152133707387006,0.8746730026155913,195.44824919522893,0.009407942477653641,4.0101128063373424e-05
12867,-1.515059494193551,-6.35811588580836,4.811576722841152,0.7984264788504156,469.8932516449977,0.1255377324861886,4.011613495195398e-05
12868,-1.4543687697587089,-5.483098082842621,4.666485614806704,1.1442947489406787,290.86669543864645,0.9283789844769048,4.0170391256160984e-05
12869,-1.368400860994674,-5.981795959590974,4.749659953989212,1.4511241673282682,333.2842541605745,0.7327986202758838,4.0196244342327424e-05
12870,-8.920684172019175,-8.790202471455729,1.1627365756229133,1.270042119175485,303.0049628134293,1.2802406948954088,4.020262740190802e-05
12871,-2.2325470763626996,-6.31695072394231,4.798335284930825,0.9177418271206732,467.8490651042029,0.5927946351857232,4.020989372592638e-05
12872,-0.9891436796647941,-6.006059589282247,4.755870610743538,1.645799224754874,387.9109161117829,0.5511427609797312,4.021281178722173e-05
12873,-1.6116336924918215,-6.469731628220035,4.840289976075264,0.7086445268965434,129.46928777751532,0.08828478592413891,4.021755503150738e-05
12874,-3.6916579901286406,-12.206235459878393,5.123820339452174,0.9634535735269361,144.4646643443404,0.22301081219706553,4.022116591002185e-05
12875,-7.511763779795855,-10.208747957586503,4.820435174900238,1.523210559625946,470.1518044473562,0.1273130552859998,4.0229364848097166e-05
12876,-2.053701754262419,-7.05495021907803,5.0572685030077515,2.598191261253437,458.01833257302013,0.9170680865581309,4.028696096876339e-05
12877,-3.567549403683693,-12.171931609074614,5.121316908276318,0.9286724676946301,263.168241998467,1.7975849745389256,4.033941278087932e-05
12878,-8.149751984791003,-9.839650678689278,0.35938392094417754,1.4867127515052463,468.8447169792922,0.5354553799464599,4.0340482254244144e-05
12879,-7.5018728243155435,-11.671062502483583,4.314164214237439,1.5194497684390083,244.73335428774664,0.00080393257996203,4.037406530148116e-05
12880,-1.9372775279847634,-5.667648608319621,4.647022009836395,1.2378986926663538,468.27025112844757,0.20548548192000027,4.03830125123484e-05
12881,-2.9072084609744113,-5.371765264468621,4.977448018975712,0.8005508161504885,142.00218176900287,0.22329430436294917,4.0408863446911074e-05
12882,-7.926108044897457,-11.34035038002703,3.6294600182530328,1.083160865820596,217.8318912498529,0.5551207288300413,4.0426391948650845e-05
12883,-8.742810552339762,-9.318831798033287,2.793149484466605,0.9020771148635822,467.9985156869895,0.35381616569721785,4.044547599059555e-05
12884,-0.36881979350804883,-7.1346577501516695,5.068696138656858,1.5939734087289315,441.93974896508604,0.05357569604760215,4.0449401320526004e-05
12885,-9.964670872765913,-5.933724074230604,5.101677118824257,1.1304772921374948,296.05832829043527,0.287789811440458,4.047113902344176e-05
12886,-1.826627189944988,-6.019397592881534,4.753936228177165,1.8466065389425745,469.90182247651984,0.1918194075378814,4.0477969668124216e-05
12887,-1.743811457262602,-7.247700985641758,5.136076792219651,1.847328407244796,468.51284883535567,0.5394260852127823,4.0478753912279815e-05
12888,-8.942761971972887,-8.990290608989731,2.7652371716381725,1.7681288432926767,418.6774995748549,0.0631288786843891,4.0479666219076105e-05
12889,-8.569643765256021,-8.98980957856635,4.090684107444559,1.3367604939481346,320.74673001385645,0.2397395888662599,4.0486559743825405e-05
12890,-2.139847788001238,-5.735672239073525,4.694692007889037,1.0755989735524927,467.49449815095437,0.3080937359503322,4.0486663491899915e-05
12891,-8.397590519969604,-10.460095902197043,2.0524142541122505,0.8050770311799827,467.90575616237146,0.26253257580357836,4.050833738049586e-05
12892,-7.582001740645577,-10.529684915080356,4.5447192172966675,1.0397597145420987,209.65118991501984,0.1901469386714938,4.0536473298619473e-05
12893,-8.085297349379575,-12.057442074185397,3.0134780553255798,1.53355160617965,350.1666894237467,0.22966190921195118,4.056864736809328e-05
12894,-1.6852165841164073,-6.199781432256222,4.7650444922082755,0.8590465421870851,469.902020861466,0.1868568462266369,4.063661519463224e-05
12895,-0.17827621526874537,-7.029314801785125,5.044185572464406,1.1378645130341716,294.99001464607676,1.824924273212897,4.065648946043896e-05
12896,-2.457015835986555,-5.4911266344953615,4.6548418132111,1.0525035286146642,273.33907323885154,1.674560527119339,4.067617126394779e-05
12897,-0.7051769085645425,-6.480457599558116,4.832259753478525,1.1787277253208255,302.5344474613526,0.5333841919414253,4.0681601767417254e-05
12898,-2.9307049906262908,-5.527439592357024,5.118029714305216,0.9311374502790293,242.0408816489665,1.086450287066297,4.0708487930430344e-05
12899,-2.1941880175743647,-5.02931843829222,4.560231176461198,0.6977751708270292,351.4679684069087,0.37039180130632143,4.071350436211671e-05
12900,-1.8692435402328087,-6.961213497565408,4.98481607254922,12.828331327025134,747.91864587386,0.1499193341624423,4.075773516179258e-05
12901,-1.6872998780587878,-7.433260833528058,5.181447872716217,0.6534930904120099,145.32824622293822,0.7324579235892719,4.076356912357939e-05
12902,-8.2968695981834,-11.000706507432023,2.315804775398442,1.0247526404812575,215.29435754426882,0.07272653970159837,4.077502943828371e-05
12903,-4.047373815254317,-11.979570833247491,5.149496713754258,1.5251679366781365,343.8271183286255,1.5709618577405466,4.079043655316485e-05
12904,-2.991527589232322,-5.35073046185922,5.093735578629436,1.8552993073517785,445.3453276807451,0.20716651571149747,4.0792801552355026e-05
12905,-8.225278955825232,-6.084723515777454,0.10594641434528797,1.1088050605441608,468.0077891601292,0.8360140279649704,4.079473363099987e-05
12906,-9.210417693763898,-8.301036205223571,3.9079080482987054,1.8652294395421825,449.30893136330025,0.2152751705351923,4.08035712736254e-05
12907,-0.8237908151673583,-7.287401709402264,5.111728498336032,2.2479886132957674,432.5862764419924,2.061478206233443,4.082691513826318e-05
12908,-8.189342866951446,-12.568597668884486,1.8658748475510605,1.6527299363542343,390.7256174122541,0.2897676757664671,4.083116515212471e-05
12909,-0.09160488227263208,-5.545145128649955,4.658178552820768,1.1695018982521346,243.32294959349056,1.0110233989155342,4.083377306367432e-05
12910,-2.597649183766576,-5.57036693826334,4.626963233009995,1.7265299592010317,408.0941030703583,0.647883275156734,4.0833842715481375e-05
12911,-8.650957942096909,-9.610263990744052,2.0305949014993563,2.804385208948847,481.3362446239043,1.2729872072488568,4.0871233750053156e-05
12912,-8.292479688085418,-11.095276278196234,1.951046232412294,0.878716160244673,218.70082814486022,1.1906606014818744,4.0873910909466115e-05
12913,-2.8382098910997113,-5.501922465742436,4.941933440297152,0.816048342944009,153.4592472111169,0.18054118359891103,4.0881008283732726e-05
12914,-0.5656215576152377,-6.554219473403362,4.8491165967744685,1.2301084413098018,271.770349178498,0.15777058919929132,4.089452362077749e-05
12915,-1.6248697723979948,-7.267321040817726,5.134160703965186,0.8696607261735836,237.70437966020404,1.5277596138280929,4.090311750767225e-05
12916,-0.7050645123076773,-6.237290166511032,4.767672276259545,0.5472883088661652,143.67333841642417,0.8286651795491045,4.09046646840363e-05
12917,-0.909764812430188,-6.418010936659814,4.808757901258388,1.8262091615704463,436.8546242447192,0.30665502689005475,4.0917031106682397e-05
12918,-8.242980444114584,-11.541009226510448,1.8459154103350468,1.3896083052500923,324.8986360644113,0.6520191508079582,4.0932331096278955e-05
12919,-0.775734883969383,-5.06221802257798,4.594235500199314,0.7073330836637647,181.3402841485191,0.324517634411837,4.09324199488228e-05
12920,-9.299437490395867,-7.751193274202871,0.9504738389070623,1.833613598767525,439.02167622638603,0.01770813474256805,4.094060184971637e-05
12921,-8.549582693147098,-9.675137930786253,1.2985092699112584,0.7839959915504389,205.73939976351377,0.5766411862110656,4.094575239610927e-05
12922,-0.8635191497147829,-7.158923689282625,5.068354246362771,2.841888458986352,473.69694565756276,0.6469608859968519,4.0955364868791996e-05
12923,-1.9485241025844875,-5.738834456472603,4.6422837992915325,0.814322878366984,234.4324160563389,0.29591428682534815,4.098699134260125e-05
12924,-9.461603318599384,-6.448681380139115,0.8836627995604703,1.3672310399852163,310.14146973833687,0.468234187586793,4.100488647707012e-05
12925,-8.611336264906791,-8.28670360307217,5.128372155204943,5.952816914268213,420.354526365232,0.1184339123003113,4.1013145530903634e-05
12926,-1.901051825583444,-5.577727185221819,4.658236349120559,1.058942605509018,276.9787279205193,1.742219563286107,4.101603257378074e-05
12927,-9.614897127441587,-7.855705299588602,1.5971534375449938,0.5521097015173091,155.65229702481085,1.1710337902654366,4.102093673241721e-05
12928,-3.9093190601234182,-11.979171947249023,5.143416885504104,3.3256365632854066,521.7897020032359,1.040372968483596,4.102573735451402e-05
12929,-5.420464895728003,-12.19795345094321,5.151475111513084,1.5968473782302226,282.35297323576054,0.05565048714704712,4.102669848622763e-05
12930,-0.06319671032337304,-5.0755018731645425,4.59246739109181,1.4281318404461891,320.308660489159,0.7886668679069766,4.104897551888637e-05
12931,-9.238199107057959,-8.574439902560187,2.031185599863845,1.8502780859354708,468.2510734789902,0.5546875848123554,4.105851089327115e-05
12932,-2.4429813187683935,-6.947151913776686,5.035288971393016,1.0548872970499428,252.6097149207158,0.10226304673668718,4.107141235127243e-05
12933,-1.4361204927288362,-5.724338761438551,4.679067796092963,1.014282113614292,470.1393390196576,0.08604060335107988,4.107899335097972e-05
12934,-0.5076439617897819,-5.72102301465281,4.678476576220291,0.9347857395211516,253.43989030980774,0.9092435927708644,4.108085955414547e-05
12935,-8.228617770438184,-11.737455712803182,2.212427551731745,1.1324615783383076,290.44747053120204,1.1049147624566364,4.108295335143028e-05
12936,-0.3055996790883224,-6.9813434165060535,5.021518732738895,1.0348892126302687,259.97879361169566,1.306032872624706,4.10874680579404e-05
12937,-1.3488409530677927,-5.113477094994583,4.598049112486617,1.2349974451367622,273.63170271596147,0.9754592579465928,4.109868102966506e-05
12938,-2.081626913546928,-7.453300619917088,5.18098834247855,0.9987244483574121,138.61869479360772,0.273532185649942,4.113717931839354e-05
12939,-8.061208188902075,-12.78793939627606,2.985921267594948,1.7519051173627707,413.7352781554856,0.503317997239157,4.116840282587254e-05
12940,-7.901321718666225,-12.699578602733071,3.4592906440005127,1.3146076271424412,467.8298095082151,0.7519191750609595,4.117412957268689e-05
12941,-1.563236658377745,-5.213989568066564,4.60939364868089,1.0811756768322494,230.34722738718614,1.0115284444549415,4.1183150389698614e-05
12942,-1.6535748810286677,-5.935486465417451,4.707335320830583,1.0529513889354039,276.8756500711208,0.2411401291679054,4.1188344214881295e-05
12943,-2.8162830699493844,-5.251029662346581,4.806007392809436,0.7581724192384217,145.67527091193654,0.22695508895423355,4.1197705435698556e-05
12944,-1.7742213424334565,-5.765163373419488,4.682893972349005,1.4849838822795836,342.61142563317605,0.7451045737342801,4.119783500704846e-05
12945,-8.409784750975064,-10.373546777363936,1.8040358667841163,5.454336721653721,644.2863972609957,0.49178470223668125,4.1209401438007725e-05
12946,-2.256229599481588,-5.716357061652436,4.674440336256224,1.5042318320037222,203.64307534424762,0.3822182934741667,4.1213182133068284e-05
12947,-1.8268451929245337,-6.434980226428848,4.806344625845015,0.984434432957214,198.17034881972072,0.6330138059849579,4.121943091549619e-05
12948,-1.9514208636711121,-5.197164838320332,4.602757152876816,1.145205121496787,468.33636863268936,0.5120857070701046,4.12231686590699e-05
12949,-4.805237692935103,-11.779974221008153,5.185249719655041,1.8767714801974174,453.15500834554337,0.162934492302365,4.1231966895529495e-05
12950,-7.719691002723749,-12.660328425225623,3.8423055754036772,1.1054762750169336,239.4880257555539,0.19138245348064142,4.123304045742632e-05
12951,-7.9320973778889545,-12.097314787594417,3.449508349809932,1.0743113328953389,283.94097438710827,1.2964066886076422,4.125430298090169e-05
12952,-8.160287973552139,-11.86644575199734,2.7173164009861233,0.8773353970781899,467.3723458872818,0.6297892428862246,4.1254671448813774e-05
12953,-7.172287371998165,-12.09009283891086,4.636692506103505,0.9480251576158457,468.0039492501428,0.30170889211548513,4.126048008754321e-05
12954,-9.450816707489448,-5.896586692498301,0.8080841910663604,1.8009975237587292,370.4913502245622,0.922046175716523,4.127171652991628e-05
12955,-5.794858202275263,-12.831891791097904,5.099456232641077,0.9093577950225903,248.61772370023237,0.6540314620576888,4.127526877626999e-05
12956,-1.2866197975018139,-5.16450826683894,4.598116790638094,1.7728342252931906,467.8400968053186,0.6796631849689438,4.128368713749632e-05
12957,-5.925759249173436,-12.946708591131793,5.087943426375762,3.062849064971767,188.9292111569497,0.3737349760096622,4.131204953131272e-05
12958,-8.282309287322889,-10.991012090999622,1.6175044004597685,1.7854301085218818,467.8406870146486,0.10053124079252562,4.1328989274398214e-05
12959,-7.740901859536141,-12.266001959451845,3.8370355387894803,1.5096783684972608,346.6323862444549,0.06107918379281685,4.134069759324956e-05
12960,-1.3587012392187816,-7.3434201413248,5.121984780284572,1.5640481863131446,367.2631732223834,0.5691255373721642,4.13431795388218e-05
12961,-6.656756537644965,-11.959225389321917,5.013280612919961,2.556866873897905,447.5753700260686,0.6286895269016517,4.13445292993082e-05
12962,-2.0689450421239,-5.235929032086741,4.603289901670967,0.6619625119617981,186.49295735064211,1.2382980364030898,4.135375687900303e-05
12963,-8.439352712432418,-9.588705195441124,3.4999033119767238,1.368101778843957,251.76233140054293,0.4478507136109924,4.135569919104731e-05
12964,-0.637990472603386,-6.723613858585804,4.892171196144846,1.7699317556049945,421.60176421917276,0.6738283256921251,4.136164221956193e-05
12965,-6.292295863981284,-11.73269138801895,5.160481062474794,0.9907746990191151,274.4735892619349,1.7837485835631801,4.136265513880195e-05
12966,-9.531105169182982,-6.019530799837338,1.0092295316525908,0.6390081934804636,135.143497121202,0.10247529222402729,4.140403243452572e-05
12967,-1.9715022675365326,-7.04759848377307,5.00844526014708,1.0167098827923937,224.46579552407596,0.05229699380440689,4.143496504882454e-05
12968,-8.179199867399625,-12.98093657159046,2.1956487136413894,1.5809043328331474,470.44898576901437,0.22493291135816484,4.144079796420637e-05
12969,-8.653029022570728,-8.970090684622924,3.9058923014671048,1.9718183025213685,400.5296423429884,1.518569548954627,4.149574941053089e-05
12970,-8.542810093828718,-9.346055263319187,3.560872732202485,2.4277252713881046,348.9285290277018,0.06793741399163977,4.149965879906919e-05
12971,-7.925801774239373,-11.867610807992854,3.496784714653058,1.800098802771627,430.33756520752945,0.5660348896795631,4.1511725350646107e-05
12972,-6.016666655959525,-12.705661905514349,5.093994033779478,1.6126015712071544,468.7899994055483,0.32138244369654867,4.1520886660480066e-05
12973,-9.755934335215644,-5.012239150137938,1.383440643868255,0.6671831125388217,181.75776355757498,0.3304684651989387,4.1543684643261204e-05
12974,-4.236909066585475,-12.529210378285013,5.09039604907445,1.3374113238935776,301.747038211696,0.4248378494701184,4.154392564987441e-05
12975,-0.16901516982474085,-6.097219387762521,4.7211539937447675,1.6555755195906778,468.3433676951053,0.14636038318137246,4.154560252013289e-05
12976,-0.06132630761621094,-6.3426793029423445,4.772709347959104,1.1423446817586673,295.845022306714,1.4338322331128603,4.155442583046788e-05
12977,-8.154698979919353,-12.710662226325343,1.5855307807111572,1.3395389518538037,297.9263528437775,0.688411095805078,4.157600623147322e-05
12978,-0.7063265171095008,-6.423138431183407,4.794453761016902,1.0039515811994193,197.45115986106737,0.23866814976327522,4.157862700010747e-05
12979,-6.322202399559762,-12.423931688262059,5.07083321276385,1.7988238363342353,466.58108001917674,0.1631287480250352,4.1586857813676494e-05
12980,-7.866714562829496,-10.846627714671353,3.9131786221129694,1.6999892287647944,399.11393387681284,0.2031711417046118,4.158775741854874e-05
12981,-9.426349673253071,-7.5387428098470135,4.867549480959865,1.5344608216493945,349.72498823494254,0.3109097401180305,4.159057792314681e-05
12982,-1.8374892035238304,-6.8163585026188995,4.9136994928734,1.714887553471671,405.22129357412297,0.5974814912134896,4.1601572562151855e-05
12983,-0.009234601698414835,-7.074743547847606,5.042398371089247,1.862510921984522,467.98625661950774,0.27975993694169343,4.160267434981052e-05
12984,-1.4523036673354621,-6.086107909901943,4.716996575932565,2.7271057241561794,475.229991223828,1.4213254472783854,4.1613624930999476e-05
12985,-0.2418446820045279,-5.19132693350161,4.563646641208153,0.6925006933936722,147.23708914402243,0.2647335658715084,4.1617467129306114e-05
12986,-0.37516141348326393,-5.359611159107238,4.56713944892979,0.9233454068246225,135.71969140322668,0.30900890801534864,4.162287282936205e-05
12987,-9.908424458279358,-6.336018377562831,5.123959629505908,1.841133183939011,442.38399929538406,0.06368766193047826,4.164721518350063e-05
12988,-1.7262019048393142,-5.235256422646317,4.5925183102242935,1.1868324414729328,223.39423360146048,0.4006293739702347,4.165957016385932e-05
12989,-8.655798135228794,-9.564275232442963,1.737707506734678,1.9046417925817485,468.65936787738906,0.49411739475246996,4.1679743529788295e-05
12990,-0.29879919962550083,-6.440940017271249,4.796596472840337,0.8142973556796109,157.191971262367,0.19102104674728881,4.170248106407398e-05
12991,-2.0106245095460693,-6.169323920134693,4.728700869375037,0.977628587206856,238.8282180010553,0.20823229631694407,4.172530234826996e-05
12992,-9.046144051849767,-8.60208492834833,3.599004480193197,1.2024998360657968,467.8255295395685,0.3873039256049582,4.1740912945173036e-05
12993,-5.616946661295646,-11.916724114739443,5.180685134139389,0.98945068639314,260.11647499030033,1.2009729617600753,4.177208873750483e-05
12994,-1.744094662798016,-7.484986846406497,5.179261782254707,0.9812040659748242,257.4813539863444,0.1857178860766302,4.178026077056774e-05
12995,-2.524934387695682,-5.698326259088837,4.657960333759072,1.1353669820257881,468.01392815490414,0.29632343680997497,4.178137827632657e-05
12996,-8.580617985351479,-9.545345303040172,1.0258550956370969,2.1328906443848803,386.2575732942272,0.4243068991690544,4.18017540473246e-05
12997,-9.155047291430245,-7.789013998963963,4.935901696159469,1.1526735542111801,468.3341186902958,0.5112161993337416,4.182898592909392e-05
12998,-6.624812843718775,-11.693791504429319,5.062182824200736,1.5839770275392078,366.1911613850964,0.03058731268151771,4.185147555228167e-05
12999,-9.057962115551005,-8.33863840990078,4.154021319036269,1.4919732140637822,207.0626085661897,0.09793867180345917,4.185414461491602e-05
13000,-0.377190402094568,-6.87831280156075,4.9292293528531985,1.073477462017802,468.0501684986534,0.7023064975345115,4.187994210166375e-05
13001,-1.1805513729524346,-5.660548114855012,4.620121097720162,0.9573116595010048,200.68843551963883,0.0801080587145746,4.189027904627144e-05
13002,-1.7576317332910723,-5.175143233793729,4.558141469635216,1.2994470835392535,305.21054265638196,0.6427765857011405,4.193439358591338e-05
13003,-8.578676966629889,-9.773309499654744,2.3485756076017172,1.3450547062892888,316.14178043546,1.2170250832746365,4.1935017134682505e-05
13004,-0.532453401054827,-5.911519732364679,4.648907821790399,1.1784209781294879,468.0304798723961,0.45311871625945077,4.195664744358223e-05
13005,-0.648611327615356,-5.071275996474565,4.57940021172639,2.8178249161472113,445.7315169532672,0.16165286298979975,4.196081468843669e-05
13006,-7.8984680267624965,-9.324104704106709,4.97086388183358,0.9168044880454024,183.98240135429475,0.0780915369326447,4.197336622183961e-05
13007,-8.819926734768046,-9.216067594095374,2.5465470239704677,1.0941054438906892,283.28285675707764,1.5665889526249375,4.197592030912572e-05
13008,-0.4537315793328389,-5.799696675655658,4.669065352979407,1.5601460366547208,468.49654640908375,0.6587905855211895,4.1996085304705095e-05
13009,-2.6253315826908654,-5.576876561655793,4.614288657993538,1.093409165186885,282.6297025606915,1.6390262299663112,4.201080457054177e-05
13010,-0.33243968059107054,-7.317869294443307,5.096258718263203,1.7072207257875378,366.8973028542813,1.1117293102340264,4.207728295474001e-05
13011,-2.8152534560121714,-5.066288790678778,4.586726647021653,0.51077732169212,117.58412613872882,0.49690394780150626,4.207906171806626e-05
13012,-2.1364263108064403,-7.361795086135587,5.1131387777936075,1.5463286457404053,439.3573245970045,0.17522552122424795,4.208394278203574e-05
13013,-9.119940832607195,-7.955952437857166,4.728831846200729,2.884028381527193,228.62316778511715,0.2430611581309483,4.210271526164934e-05
13014,-8.62053131526904,-9.55775103686294,2.781008864710561,2.471419916254448,447.74544772217365,0.4441635844606324,4.211383437059728e-05
13015,-8.159191927658242,-12.50239579466848,2.528325065726435,0.8064454837576199,205.66922824981478,0.31271846746383236,4.211939234305982e-05
13016,-8.387299995704886,-10.478186673851352,1.8902534410700909,1.1110824255358638,204.40017339372662,0.0011999955024171172,4.2144386274587594e-05
13017,-7.290071041915452,-12.018534971733297,4.5153427154884795,0.96042441815002,468.206402011804,0.834124376482178,4.214679107876902e-05
13018,-8.054411429531488,-12.927839456804707,0.8423558729917536,0.7842199737107798,234.20505345757422,1.535550273785609,4.2185969047774116e-05
13019,-8.578328746757304,-9.785795690856649,2.236931549280019,1.8747443654469553,468.17882417137815,0.5411574350573085,4.2192806977956536e-05
13020,-7.419412071794778,-12.62511803001254,4.302330097378686,1.8357528204940083,440.23829319731163,0.08223460731260701,4.2197406609941846e-05
13021,-1.122848235865419,-7.408362180008146,5.128587054187716,2.45939567500724,288.84001449664726,0.09495383309239092,4.220246224482702e-05
13022,-8.962100606066732,-8.914699273849473,2.9495083613800905,1.109789564129335,467.5059397782235,0.9371975397640488,4.2217639369932885e-05
13023,-0.20097898686492321,-5.785624116673112,4.661222027443035,0.8681785990469981,468.51643558054,0.6726862596601624,4.221858268121519e-05
13024,-0.3007298176487243,-7.334078932659824,5.0993326791876905,1.0625231310825596,277.5528300634328,1.8069690783455954,4.222684689148143e-05
13025,-9.321801389763126,-7.660389158803014,0.950772621518364,0.9251779956755799,466.59812420953153,0.09532418665306519,4.2240772391660277e-05
13026,-0.9840698980157665,-5.98301247947849,4.69538881150754,1.0643183500994249,279.1791736320051,1.0126256788874635,4.22568603384677e-05
13027,-9.53579834110926,-5.618887489342973,0.9977141051977242,1.8443370670209462,469.5004585376747,0.02347823879451294,4.2258709345983517e-05
13028,-6.66489961935714,-12.032749292260492,4.992932148991008,5.184048441833505,533.0840951103758,0.08589771750859576,4.22794753152714e-05
13029,-1.6574664441247933,-5.87735652971996,4.675947094195466,0.794408867408122,157.43000414568294,0.010015887128496992,4.2281986486172254e-05
13030,-2.054178397370274,-5.192595907184349,4.581245265298488,1.7151568094438985,467.7972209627674,0.4166552940968362,4.234417431112787e-05
13031,-1.4432367148361127,-6.840399084992694,4.904854194628823,0.534447697787486,143.1212689931271,0.3635463340682099,4.235923424737003e-05
13032,-2.001563198283617,-5.879719278342018,4.632820470516557,0.9432641388573723,198.78071836026353,0.13487364327126183,4.236548380530141e-05
13033,-0.3846766619136197,-5.431871823158205,4.598447531812396,0.9448383639757045,247.00760065959844,0.9331404980621345,4.2402858113891994e-05
13034,-0.8152576572879511,-5.925261397725138,4.640671500950454,1.275972716889999,313.29988151395685,0.8904395927244879,4.240403449872628e-05
13035,-0.0924097288729655,-5.930570325374275,4.682929364582652,1.5345948414738855,468.71437956297115,0.3926777376387216,4.240947989025983e-05
13036,-0.35890174469031244,-5.294779503084598,4.5585289533943865,1.3047475738089453,315.86033940318924,1.7774500557706467,4.2417969788973204e-05
13037,-1.1052092638162136,-6.700748442214174,4.86014594746937,1.0538781981514487,284.95753927403393,0.737586555421581,4.2419513457848465e-05
13038,-8.273703516637738,-8.795098502671838,4.972541682571452,1.885211636973237,467.10996232390465,0.28378124261066784,4.242558153498359e-05
13039,-4.416795068616768,-11.698972680378034,5.184296623864972,0.9120154098435664,245.55848850153546,1.1701800330270533,4.243738731966828e-05
13040,-0.24256223950320432,-5.943109422212775,4.6843210616792454,1.749890035392449,341.5243829130004,0.4641775075462986,4.245280626267531e-05
13041,-0.8513059302303141,-7.374762977056033,5.110076347552045,0.9405848601126259,240.33955946011838,0.804973984120191,4.246279228492433e-05
13042,-8.266161780435896,-11.24376733889435,1.8561993067322684,1.7880343186986924,467.47397587775646,0.11760515233337276,4.246446523392989e-05
13043,-9.184709430374193,-8.50757993176882,1.5475186167761106,1.2486323220049265,312.009825646252,0.3953926468189879,4.247668712399612e-05
13044,-8.009809519294706,-9.030635248349009,5.126232064880909,1.186914444060332,290.19809704549533,0.4481931981544802,4.2491535383543776e-05
13045,-6.291854139014937,-12.747652769472268,5.047314269291234,2.0622850467115565,412.59436583092423,1.9842352288385205,4.250751104555026e-05
13046,-0.8916818535793212,-5.1012474018773935,4.544583748959067,1.0326822389850647,244.4015606560754,0.2649038117126761,4.2534339934631154e-05
13047,-5.284115753501678,-12.025026096251834,5.155905126329503,0.7451218918005619,150.54427517936568,1.0091328960259265,4.2555343692506545e-05
13048,-8.472550135447872,-8.67311227276716,0.38247692166885294,1.1028936909111824,468.1255438387307,0.7600573931760755,4.256317911625212e-05
13049,-2.3207820590469197,-7.3760551388683915,5.14009748713026,0.547445711838492,133.11056122333198,0.8185839377138171,4.256773847548477e-05
13050,-8.759095112306342,-9.110940947595992,0.976543284006966,2.820815888261149,414.0686180103128,0.15246838439072263,4.258986115992414e-05
13051,-1.7244692101128454,-5.322973984811168,4.585927752759747,1.0112926042171204,198.15921873826323,0.31510049324020084,4.262041836615391e-05
13052,-1.1126732024632897,-6.245051660659855,4.749914736776047,0.888405549609151,238.2057444099047,1.2439493228538892,4.26287844537333e-05
13053,-0.21590514879117073,-6.540043169545536,4.804089962991664,0.7633108049086877,448.59366993811227,0.24213665783195903,4.263468339474528e-05
13054,-1.515421801541656,-7.379405921627883,5.10801005425923,1.8424010236580328,441.98339863766495,0.3665766291287307,4.2645409192125024e-05
13055,-2.0969421052402657,-7.212529420305708,5.062302721666606,1.060803502632326,221.33851496821882,0.21140612945815906,4.2648279596111504e-05
13056,-2.407173429863322,-5.520502210760387,4.603542912120433,1.8439763773015077,442.1283653268294,0.26639728857200673,4.2653634193226634e-05
13057,-7.886217353003463,-10.078076687001538,4.294559275650095,1.1483355290151627,256.19707454511644,0.05717719731144921,4.265404653768135e-05
13058,-2.5016189703621103,-6.755183782561506,4.942322530710097,0.8933582162702648,171.75210360453127,0.019336623691079247,4.2666566881637925e-05
13059,-9.242996418369255,-8.519924311377519,3.135635932397621,1.1289866253139165,469.73644982012183,0.11281580286818826,4.267205171952341e-05
13060,-1.1188623986069164,-5.106385009345693,4.572812472904589,0.7859202262580628,211.49731201016957,0.4178152273196334,4.267447958067473e-05
13061,-8.335774980800256,-10.192675922593212,3.053281254505199,1.7192496387427099,406.3599144941879,0.9116992412654836,4.267581049991278e-05
13062,-2.2486545895991705,-5.21369249421687,4.569708023232566,1.7220824075423158,407.471047943324,0.33031757961209784,4.2677758860463195e-05
13063,-8.37676732135238,-10.524883743583825,2.017320606417045,1.7342323028270348,412.1549117044308,0.7298060488630629,4.2685540483313096e-05
13064,-9.816530932831187,-7.747107614436159,3.8792918371595757,4.536828050884216,601.3269398840201,0.9557602023072809,4.268957337070553e-05
13065,-6.612163474094832,-12.131163284630547,5.001435729610477,0.6943011957831843,139.05522920300365,0.22236787509818612,4.269553875279612e-05
13066,-2.2016755044297103,-7.038988772587952,4.970108326658071,0.859304185252786,197.25015098845407,0.22281085022193992,4.269925286913687e-05
13067,-7.878243782484269,-11.188291806748811,3.7584160551828085,0.7174865114987355,150.33979665643758,0.6603953564337273,4.269950312382148e-05
13068,-6.355367724759093,-12.287294156061673,5.0674525046583225,1.1146130815982553,226.24857954039626,0.9046334324898249,4.270766434539021e-05
13069,-7.235221110604337,-12.22053930496772,4.547788552524219,0.6614253368198487,462.9785449601679,0.4382548192280531,4.2720315830448326e-05
13070,-9.78569296639256,-7.507772299261743,1.5961212660014314,6.608970921879143,694.6089386943818,0.4270672534908906,4.2728659882690206e-05
13071,-1.9498303165189483,-6.748219050093389,4.868942324504613,0.9867628285491697,264.17485213135285,1.3292422921301963,4.273124851965119e-05
13072,-7.579174283234747,-11.42834101009011,4.228276651429511,1.1046673515110548,209.59620293146534,0.06656327918955807,4.2767327856691515e-05
13073,-0.5157962312635966,-5.456233590059064,4.589715374763752,2.9260999825730494,465.1670296099032,0.2505138052861877,4.278714529845923e-05
13074,-1.2843984546018437,-7.194383422070893,5.056265077921032,1.4466325445524493,324.16472483525655,0.9015870998346633,4.2802090427577354e-05
13075,-9.673216911513812,-7.362425878356128,4.727741856067757,1.7465983072052305,412.36499002632263,0.016813265150901202,4.280855658666374e-05
13076,-7.425019154245843,-11.727777170772928,4.389082082682573,3.2805486900393372,516.8411319259651,0.9011200675759037,4.281027970101899e-05
13077,-9.921199440139148,-6.384754129224858,5.087288279831905,1.0965900652893124,466.94763847024547,0.6002443121057093,4.281298868166845e-05
13078,-0.23776971580673312,-7.156145609830503,5.016296781029492,1.4340973313826302,330.2944848651039,0.6510798233723323,4.281562728795708e-05
13079,-2.7565726547318237,-5.2277967876812745,4.545198048238413,2.7793801035144488,476.8130078502014,1.0698298666489086,4.289840503914584e-05
13080,-9.642946606764198,-7.899298558686431,3.8635586588463657,2.376776821554458,433.02604366411424,0.8009712384909387,4.289904957563639e-05
13081,-0.20122667947209116,-5.511477156499752,4.593982838620983,1.1700034127908745,302.43178837130506,0.7052904013911494,4.2916730755390004e-05
13082,-5.330619593453026,-12.396171178963808,5.114423378826677,1.425240105566352,333.5049226998437,1.928048093359127,4.293317585732133e-05
13083,-9.27242424115998,-8.454927965438802,1.7650742875167624,2.3500758962031165,437.98292582599197,1.2137499021241052,4.293946011845799e-05
13084,-1.9561472550776529,-7.0677680912178875,4.975218276712866,1.691402953900327,397.40224601517394,0.5094730715526401,4.296377814788313e-05
13085,-1.686623937017794,-7.080640592299704,4.979723430254645,0.8302771582751407,455.56913177932546,0.04044828859488536,4.298222321975586e-05
13086,-8.320778848746794,-10.843376813886152,2.157306918308968,1.4122321891216703,332.5887257165345,0.9476427696450651,4.298241624141654e-05
13087,-0.9568691729732333,-7.093376637246832,5.019924715406899,0.514003056893322,156.30034701144663,0.40233248508452757,4.3020444292759014e-05
13088,-7.33780930683988,-11.410284717225894,4.553658845817582,1.829410756675271,437.76340364535946,0.01777032247544863,4.304082715254069e-05
13089,-6.998148781556594,-11.040865763455168,4.9786109553513,7.735416872522476,735.3028009206915,0.4642662586002224,4.305858595539783e-05
13090,-8.606698838607658,-8.932706288721628,4.0668298823380935,1.0338317930042187,309.4086692237401,0.29040031447582226,4.308342545686135e-05
13091,-2.43182276625891,-5.869726160751557,4.654903099691357,1.882932416524841,468.6148817117711,0.46454248180338187,4.3098776987590356e-05
13092,-3.4617647592740353,-11.806480597732124,5.148854046773816,1.1401695478087253,189.74261538043226,0.058282679128102366,4.310857882054455e-05
13093,-6.429327202670786,-12.77184853280789,5.008940856637425,1.7844947108990368,374.0873585236634,0.33299563626437845,4.311221768280304e-05
13094,-5.3054850596428,-12.84091540199433,5.082549799127771,1.0881337244737954,467.66996815652965,0.11760943977294414,4.31208799210799e-05
13095,-9.98115254661622,-7.627908761586568,3.8436114753156536,1.0475448768996045,283.0602681649388,1.1673246853881318,4.312300378635321e-05
13096,-2.7850783096408183,-5.5665881137105675,4.784290218360316,2.5053963219087083,457.5674191705736,2.030038622280493,4.312573730722817e-05
13097,-2.008721737229373,-6.233347125482264,4.7503815358211146,1.1673837782536345,153.6365164623112,0.22784818538343732,4.313603679335399e-05
13098,-4.242491386091912,-12.545010555586648,5.07475226574322,1.000218748062685,265.04934515355563,0.7945723734284948,4.314045237637436e-05
13099,-2.237086109375065,-7.104015838089639,4.999132835886247,1.045777093157933,468.03833106342745,0.3852269482914581,4.317226301100227e-05
13100,-9.417448555668113,-6.145191140585677,0.7741954126693862,1.813200218770337,468.32748500355706,0.5087903265826386,4.3212374486297236e-05
13101,-3.0405082715762264,-5.1924192225829735,5.0193500818380254,0.6493994850640868,194.64403151884665,1.3017517901758247,4.326602057668506e-05
13102,-9.455209055586874,-7.059645898184067,1.0207683967845385,0.6767585870991403,155.11797335495405,1.0664460106340021,4.3269293860428574e-05
13103,-8.275793970448962,-10.600168489873887,0.8286837137852874,1.9502581711562674,398.3542206347255,1.6742761953737961,4.3272045950450844e-05
13104,-2.015246377196231,-6.724222480442141,4.848478357689798,1.6863985988598087,349.55593856617645,0.7217716536011141,4.327895713568715e-05
13105,-2.076452969220864,-5.0047746318065585,4.516184082478651,1.5079059509064205,349.23036376980207,0.4160679781931558,4.3287099181722155e-05
13106,-2.2175803425873832,-7.182693514245683,5.015982478736216,1.0642354478359197,389.1625224544458,0.45766550054802924,4.33072316758429e-05
13107,-9.515951881638042,-7.128056287678607,5.19039056138479,1.0439049310654476,468.0027984360823,0.5566238338093923,4.3321606180713604e-05
13108,-7.815138786534108,-10.485346411197515,4.164008185519221,0.9386125132175686,466.6096065926205,0.6965302320776887,4.334271429565614e-05
13109,-1.2321557244026682,-7.234255665058028,5.057623294436399,1.503751683170406,343.77082004504666,1.9424718322293684,4.334401260474319e-05
13110,-2.0725062341440426,-6.205899206998554,4.710727028233239,1.3121792319787593,295.4328800872723,0.6731719829460641,4.338006613696488e-05
13111,-8.186280065252864,-11.15636555404766,1.3305324181228229,1.001850822190837,468.2950921087517,0.6566188034249567,4.3386858730603025e-05
13112,-9.279012835243952,-7.8566516191496145,1.0040090584108148,9.915621942369496,615.2681474751888,0.04045341932150759,4.340945001224941e-05
13113,-7.709981255380622,-11.668663906146964,3.959542925120129,0.704432037951291,210.56951189205896,0.39663413995351604,4.342654982036993e-05
13114,-2.8907492474245347,-5.399273719047219,4.896272687753551,1.0710512190444952,278.2932198953603,1.4757249726219293,4.3427180520668024e-05
13115,-7.578363500670836,-12.44232077152252,4.079978657576741,0.7730477221741204,187.01626476267887,0.1435172847852737,4.342857032291281e-05
13116,-4.309588365616232,-12.75075347075529,5.059692510191184,0.9425556202034199,264.9895362782405,1.6622253501110675,4.345665916657748e-05
13117,-9.20773486795005,-8.02193477884449,0.9397320774255832,1.3039501411299934,321.0748096796053,0.48342910366109315,4.34819468411928e-05
13118,-8.044207197351243,-11.621146867186251,3.2082826107263136,1.0755114147925902,242.31876523331513,0.502774038286451,4.3492738269423896e-05
13119,-8.334181465313847,-10.329403734299493,2.8791817648416305,3.493297585258821,522.1778312874692,0.45506628605644117,4.349808583728572e-05
13120,-1.866323389708743,-5.0005580709691335,4.510413083843636,2.316331911362295,440.1594983865482,2.3255890380653037,4.350261060170868e-05
13121,-2.615380232764119,-5.619791453646199,4.59745266583311,10.918552414375245,368.8753507089029,0.24550908825584106,4.351590629008104e-05
13122,-9.872617989269212,-7.665203734566606,1.8315193825860763,2.319113946734452,410.3626045256983,0.3964013621120186,4.3516174669578167e-05
13123,-0.03910090548502332,-6.892966984686874,4.8976803462800165,1.135905711038047,292.10066474716683,1.0084332290914437,4.352158738534024e-05
13124,-8.850829864301543,-5.1076983938148475,0.2924553489603972,5.51553526225247,271.55631309185065,0.34591878954330735,4.352378327699395e-05
13125,-6.981898843278241,-11.882879282425494,4.811220412439057,1.1193076124921686,266.6934317752868,0.11758753595572013,4.353189254704764e-05
13126,-0.6145968866606317,-5.359721699542097,4.577277715009988,1.3920886976016162,314.48248852044355,0.8540645603532697,4.353838636143731e-05
13127,-8.177385018926541,-11.582820825816759,2.6953593358555548,0.6494030902981727,139.6030020692532,0.23821862318867915,4.35528530353262e-05
13128,-2.19822575294745,-5.965323512739496,4.661128494247038,0.521517406790399,137.88471050493493,0.9064437914860308,4.3603105803101614e-05
13129,-4.0322839411211575,-11.887218914767496,5.139301847831609,0.7698369749364411,158.3934481041907,0.11018567605482854,4.361084612757831e-05
13130,-0.5325645661034422,-6.092949588406492,4.688926522779218,1.0377988144364259,467.63614730792614,0.514392416494287,4.3621570743923925e-05
13131,-8.177719407336498,-12.791310286171113,2.045204954593115,2.640739997713403,469.80132895096637,1.9404303602504784,4.3631721004996866e-05
13132,-4.3235749598979005,-11.612872236437083,5.189785288854725,1.966543951320576,398.8581598484557,1.5770433757476825,4.364588046419794e-05
13133,-1.3678131949060486,-5.919878361031531,4.651136164589519,0.6596183202542669,181.2886481110326,1.0193948725025708,4.365037013224198e-05
13134,-2.3530192057765653,-5.180861984516873,4.525007280239031,1.7926196485811225,434.4590046862158,0.9242833571005278,4.3660953122149224e-05
13135,-1.8389015248988585,-7.026374985666662,4.944204120159675,0.8465644524323149,466.40294294896734,0.5592476902165737,4.3663387085748016e-05
13136,-8.70659481943549,-8.96259810449314,3.7391531093038073,1.1906072798425917,163.71021189491813,0.2444337917871353,4.366522799969813e-05
13137,-2.1345039416362486,-6.3273786690550144,4.727332235232456,1.0615958750165215,269.91916042484866,0.17439682028325,4.3673955238509576e-05
13138,-4.2078091160754845,-11.896687877272461,5.141807704454532,1.8784426107806211,453.5411831643709,0.1995044995404447,4.367739391225777e-05
13139,-9.861664634853279,-6.1441718452899865,5.181611466493489,0.47447541011096483,117.20151525236044,0.6288340221160151,4.369290650682182e-05
13140,-1.3482350321700327,-5.3680475843780275,4.554208223659359,0.9850899905213946,256.53509405464996,0.18202611084072995,4.370984575257542e-05
13141,-9.254906127261176,-7.934150567329944,1.0160823080274959,1.3377276264959281,302.44052318176654,0.6222923862320711,4.371497168652397e-05
13142,-8.117433233434939,-11.630030479140514,2.9536131317712018,1.6285037564779596,358.54521927087126,0.5558741536487588,4.3773331021663736e-05
13143,-1.2738944573637347,-6.051092525175462,4.674634637980225,1.713551267015001,361.0878945950259,0.45407564450083715,4.377614150891522e-05
13144,-8.99065899438812,-8.668409921091474,3.566426810530153,1.1476718038749536,468.79169983526316,0.45929332186992333,4.3778384112996984e-05
13145,-8.168092586842127,-11.301988890082722,2.869980891569789,0.8743948952765841,276.45878902496867,0.48356946781689825,4.378414992927946e-05
13146,-2.125645635644064,-6.043258977553195,4.631857657424414,0.8903579436413854,242.9221005802414,1.5618410315222127,4.378783668555445e-05
13147,-1.1969356554442676,-7.453369006443775,5.112887458273039,1.5998187263223416,439.02648950905075,0.11064140738385664,4.378843331990513e-05
13148,-8.535315358382666,-9.872430240673841,2.3852096820861766,1.7855351191149869,424.62461814803703,0.14993026158016232,4.379474300648921e-05
13149,-1.8605522909041206,-7.005211786067218,4.933110935068179,1.7503586744106385,414.10814607367985,0.05460107186970742,4.3804763640193346e-05
13150,-4.496484927268334,-11.91885320415971,5.143281528063348,0.6112514866945117,125.07390186719948,0.7939319252480876,4.383607261007601e-05
13151,-1.5063174648365276,-6.652046201291916,4.811806867241621,0.8444357765918523,343.3148874391548,0.3632329696986707,4.3843887954807576e-05
13152,-6.413739386493939,-11.637939859824783,5.129987004853443,1.3643309528968635,327.1027444111685,0.23102239144636805,4.385302239584429e-05
13153,-8.708156445682945,-9.036597700396726,3.592393803293786,0.8426576865503189,468.07226304291214,0.2633628202172762,4.386900610822578e-05
13154,-1.6017351672722349,-6.378393568216402,4.755811568876571,0.8669974646607977,467.9765277415884,0.22137296840137655,4.387954627529771e-05
13155,-8.09253845949225,-11.28460760697903,3.1553057269910196,0.9789159311008052,160.92097851148043,0.11269422386922123,4.391710546674219e-05
13156,-5.6757924275390845,-12.65636293006048,5.092389026908281,2.082733732713089,205.1538759632638,0.41845578085762813,4.396725062183543e-05
13157,-1.4616815667645042,-5.349302817228103,4.5374412081046955,1.8971519586239736,463.229867194824,0.6209979045086955,4.397054921234601e-05
13158,-1.781940446121423,-6.767352277786105,4.84745851277706,1.5857870780373295,352.96252110632497,1.671418384883319,4.397989309382502e-05
13159,-0.13017129850308073,-5.312365122775092,4.532349136689915,1.8700182097496476,467.95299641072927,0.49292803168045474,4.398878594772695e-05
13160,-1.6668421851566624,-5.153051192313705,4.5132036684430155,1.0969374949974513,468.4507817421757,0.07594216553068378,4.401575413657948e-05
13161,-8.184457039909347,-12.194478004539299,2.3495339834080866,5.23122300156048,540.8446030868326,0.108806120400744,4.402817673944808e-05
13162,-9.434617205885923,-7.260285083736856,5.168699630897595,1.1659787304665905,302.0830144704048,0.563269530862633,4.4031667996565295e-05
13163,-9.770133582910805,-5.476652360695974,1.4113610362730036,2.9000262152705756,279.0220887982782,0.14321568010053287,4.4057611246967614e-05
13164,-5.273290552022599,-11.725486943978161,5.189081065553203,2.4210161915240294,428.02127774706537,0.4941900955690164,4.407595274627052e-05
13165,-1.6388921376609158,-7.112334888587398,4.9676027185735965,3.9159218652531345,553.4375526482411,0.49464533625282225,4.4107057277777786e-05
13166,-7.583003620957592,-9.790009661997544,4.989629144872912,3.43053158060041,532.3918606839627,1.406984548219147,4.4109463869586853e-05
13167,-4.199551825481507,-11.933917605505531,5.12924778374266,1.201298387573757,305.78983671051503,0.7536677379319112,4.412010132590167e-05
13168,-0.041433242211489585,-5.0917173795033435,4.504111792689177,1.6038146122923171,360.3237160067801,0.7993386047786881,4.4121566785235166e-05
13169,-2.193123431889968,-6.8492593107346815,4.872902813444628,0.7335737404142499,153.10883452405008,0.10835393397642523,4.413204998302523e-05
13170,-0.8127952272003718,-6.785321318510586,4.850278224834729,0.9503994602559952,468.3314212904899,0.5102259897896202,4.413357804276409e-05
13171,-0.01494136559440129,-7.408957818934088,5.088449569170906,3.466043483723988,512.7876049716183,0.2968770253126811,4.4135657903223785e-05
13172,-6.652398329757304,-11.46407477564075,5.0760241199935905,1.10580834711702,285.64323380107965,1.0222178376338844,4.414270649440045e-05
13173,-2.560459384454842,-5.124195027794786,4.507775889962972,0.91122526948306,467.471753954302,0.08030205314315264,4.415482490780705e-05
13174,-1.3751362808638419,-6.049244465987804,4.665269178591515,1.1587434862002255,467.067646970101,0.39985841353993923,4.415908287367646e-05
13175,-5.741448797978565,-12.507758782176492,5.101117495385648,1.0448176911133948,268.37871499767067,0.19548812905201007,4.4171298694365765e-05
13176,-1.4548218943390605,-7.029686418718457,4.934324563606108,0.7414693917198444,466.4729291408896,0.2839777784071664,4.4177166973680644e-05
13177,-9.37325166696722,-8.432703859093976,2.3385023417820783,1.6961868927557715,398.8755135453462,0.21534259327250282,4.419540138922164e-05
13178,-0.820129629348834,-7.1593659521106945,4.9831307222997445,1.605929040613045,468.21044930487,0.4119954418032856,4.423694950410159e-05
13179,-9.84541298781491,-6.473439976259605,5.14167703283624,2.581779739828872,464.6884501083493,2.0335324237552994,4.424878213234145e-05
13180,-9.662439335712609,-7.308683941983344,4.793802033076805,0.8431030494974368,216.3553786494678,0.9155310229346698,4.425029868946759e-05
13181,-2.4768356535597738,-5.435265678893496,4.54214018687378,0.748975123491857,202.28904398063574,0.9070093086637021,4.425861413279073e-05
13182,-8.940178225594954,-8.852635048835268,1.4188627425555915,5.396130359374626,642.2798482800832,0.5739292918803907,4.4269530704162113e-05
13183,-8.759374233113622,-9.095893801253299,3.2805208344771257,0.9094957781813884,249.79019117690078,0.42407773675465865,4.4273340891273706e-05
13184,-8.53204580291752,-9.667445556358974,2.969143194324541,1.046160476914347,271.4402629187354,0.20060380245257825,4.431030147934085e-05
13185,-2.491372349838965,-6.868131812778495,5.058348581552865,0.7720666624429905,222.55078842653236,1.3551576319761844,4.431153908445187e-05
13186,-5.514207491681186,-12.282187917140874,5.120395369094007,1.3682130986108134,326.0510739880725,0.22267959542065885,4.431644101484728e-05
13187,-5.615419810450215,-12.291934484376815,5.119280374372873,2.4915784659346047,454.4202933413735,1.5101116167961957,4.4325625052415574e-05
13188,-5.88190741231134,-12.792979848878437,5.076811230106227,1.8258168728556892,435.900731750129,0.3767204239675408,4.433354071623358e-05
13189,-1.3926557804935182,-7.47751471783481,5.142466694152461,1.531206279921264,344.43946226762137,1.1736403868216252,4.43431754383748e-05
13190,-9.308802662692342,-7.652140334648245,0.9203906809701635,2.0188206409942238,406.771193869405,1.7872402145663786,4.438876217391975e-05
13191,-1.015036666847669,-5.822471320145275,4.608977744069,0.7299278879633256,147.11317134598156,0.10237088260818172,4.43970573403777e-05
13192,-8.289299143918651,-10.966610981559416,2.2989558429945984,0.9841760750304691,205.26724646561777,0.028136355046966877,4.442019823221839e-05
13193,-1.0550556474935604,-6.16939022754643,4.68768593635088,1.8895091043733443,469.404085824637,0.039742014998399355,4.4427077471848184e-05
13194,-8.475964370638781,-10.094199348218423,2.1016218349537956,1.5261765314924627,350.0221345073661,0.10599718757288557,4.444171691187565e-05
13195,-0.24605442634585017,-5.123484437367818,4.499296641060754,0.8352832038318874,203.59525192297139,0.38661862062479635,4.445261001666886e-05
13196,-1.0407439974104413,-5.015744465821215,4.488167621597519,1.5636041877479836,360.4869621565973,0.043864889423160136,4.446095255994545e-05
13197,-5.952601424687332,-12.110632717221335,5.1288081880691045,0.9411070557972216,245.1133329874317,0.9746682606224235,4.446827566583334e-05
13198,-1.2465869907628377,-5.10553481533174,4.4966308836596145,1.609066883762411,468.47724547210044,0.5367402267043095,4.4484212432236335e-05
13199,-2.3224222014946996,-7.132206220198377,5.026810252615353,1.2935184925307184,275.25307085970684,0.07927512025384154,4.44901990766487e-05
13200,-2.340280332082896,-6.320926957964278,4.709704865147581,1.3852094313420438,327.4186991047059,1.770068022823211,4.4527939982842406e-05
13201,-2.2726014446292053,-6.843526922273637,4.861506317756878,1.1108652713889045,231.60948754721113,0.6525386942685723,4.4558864176822525e-05
13202,-1.538232509749344,-5.112661171071481,4.495215206066561,1.0563047594652928,284.483952754267,1.4511789395235697,4.4572436231895184e-05
13203,-7.0056605455402,-10.499894391765086,5.166871187637852,1.417231241558855,313.40124727938183,0.16817055701830785,4.459341868879489e-05
13204,-8.039602646138917,-8.966794316047222,5.138309454632663,0.647902253710211,139.87782156073553,0.17768891527682218,4.4606348911979935e-05
13205,-2.80821814804726,-5.747237880449369,5.0499427788737075,0.9440740331160439,468.35549089357886,0.493575103483356,4.461562299086526e-05
13206,-1.707206944816427,-5.779789779226563,4.56519634702906,1.083160429111925,467.7413803339412,0.12925679062828266,4.4633805987062096e-05
13207,-9.359826320585713,-8.246810433126395,3.61240121486563,0.5114397939765771,116.44661055298721,0.7050214465824896,4.4662852207342455e-05
13208,-1.231251147748404,-5.2040220135307615,4.502914951138691,1.5674133034867708,359.9435451117067,0.020107252697536993,4.466626856674507e-05
13209,-9.514595093477698,-7.652076471377219,4.53059016339933,1.8627946275672795,469.796521799876,0.23365247346283713,4.4714057380726824e-05
13210,-2.5870384147163428,-6.739788101760289,5.156231272374501,0.9894130156388641,268.6861223392179,1.4878103318900644,4.47153399022654e-05
13211,-0.3746155352866296,-6.791943633599809,4.839657776031265,1.208825513969917,248.39233893495052,0.9380412432945056,4.4720724772680564e-05
13212,-1.2157988278203842,-6.941764923821508,4.893853488957544,2.4890984442471735,444.5038859599723,0.5841294905108816,4.47213216845446e-05
13213,-0.5208462715888249,-7.083359363908835,4.943178745243709,1.046711026032944,263.1689354084027,0.20780890273996633,4.472625906020804e-05
13214,-8.29674113277925,-10.472941838045351,0.911145923147348,1.4223614648708038,468.00569813899773,0.624533689583644,4.474081051538892e-05
13215,-9.622199207232523,-8.184575444023647,2.6415770946831145,1.1616565488246857,301.2484009861575,1.7727286839771361,4.4744861621827235e-05
13216,-7.303844836533413,-12.133851367738211,0.16203199990613257,1.1643380661804734,455.3105980746253,0.18135827860229092,4.476765069005717e-05
13217,-1.4221288003587809,-5.543755399268795,4.544682153122969,1.483366399354881,336.36018826046853,0.8337843218349841,4.4783718480708354e-05
13218,-1.3365974149361861,-5.083493607997445,4.486883603614169,1.5279122575961361,467.85539081395376,0.2274377314506033,4.47889952208994e-05
13219,-0.48633852398854316,-5.306020395921436,4.512007910814273,1.068155288229441,278.3768031753303,1.058481811120724,4.478999671787372e-05
13220,-2.1548091272900827,-5.636484521964927,4.56935783491281,0.5091847733366557,161.7397707795432,0.299058168941964,4.483572892325752e-05
13221,-2.6182821347134553,-6.415629638683023,5.0698053239898595,1.1798457334363937,288.56636064802774,0.678731672768845,4.484506783617937e-05
13222,-2.4844330635025704,-6.435330622366017,4.725863185954557,2.4186920716442835,446.51282657070846,1.4869407045513947,4.484632497593162e-05
13223,-0.2830628746027042,-5.6007387361740655,4.575770764562252,0.8769471650986442,467.04093095671533,0.17460536373909807,4.484638645403907e-05
13224,-2.9824880570071706,-5.273671845446334,4.984164058413486,1.7102012333304535,404.23687766453776,0.9683517284817986,4.485924927979746e-05
13225,-1.0228908363508378,-5.357527117750398,4.5166715971293545,0.8681567890616461,468.053553410472,0.28223352410927927,4.486640909954102e-05
13226,-0.6954780137700016,-5.4255988927806555,4.55255984325822,2.8962715143754862,490.92706670525473,1.5860198392415858,4.489583788347894e-05
13227,-0.6702748077795686,-5.597310091537933,4.549657263217017,0.9842265888745053,251.5896751934158,1.4929766575989776,4.491985338147063e-05
13228,-7.544273471560438,-12.16302962247147,4.145509436330011,1.1075108188309095,293.97771557631535,0.7300201008248033,4.496913655170701e-05
13229,-0.22273607917600557,-7.245965542439107,5.0083503431294725,1.6640985190229374,467.9992191496148,0.44397614043605227,4.497962466135015e-05
13230,-1.8494098798251635,-5.833390656139152,4.562001682527117,1.2575928950056832,452.7082905320398,0.4761843388346323,4.499434633780924e-05
13231,-2.693975652486797,-5.02491588340745,4.49489654110445,1.1389053318724023,292.2188000129265,1.2700135402019255,4.4994521015518465e-05
13232,-1.7271271902519576,-6.353988865748801,4.710348080354859,0.7242909263214353,220.41950638202812,1.3203260504933363,4.5008319454839236e-05
13233,-8.461658680650018,-10.030124458037351,2.566063609632134,1.2558257369451755,132.35139442743133,0.35741472803477503,4.502363114562614e-05
13234,-8.10847978535561,-12.918904405696416,1.4727059648356902,0.9451084368523474,249.32078591835617,1.134546879736793,4.5039736181028315e-05
13235,-7.7037617978847495,-12.010418157978515,0.25481718948062015,1.2217700265685887,468.0140215650724,0.6291189258501548,4.506074992532498e-05
13236,-0.3035963425324013,-6.237692005034787,4.647648382960735,0.7279733136344282,446.3831860383629,0.3412629430819738,4.5090706641371066e-05
13237,-1.0128281530645769,-7.284821369434946,5.045517726779571,1.226237619022792,307.923334228672,0.6752440148333756,4.509772758731502e-05
13238,-8.173979165191009,-12.697504230506894,2.1883295347093568,2.229271517131401,430.1455288037246,1.9915825463884582,4.510234645435161e-05
13239,-0.7406796122640262,-6.887519470004926,4.865354659238036,0.8237197229637261,195.53181313843194,0.35789464937438353,4.511256513839489e-05
13240,-9.936318524223257,-7.794094719835776,3.4728012687299876,1.6374645767428608,382.36513260473856,0.27049340209767525,4.5147413239370647e-05
13241,-0.6239862890460177,-6.989655117838107,4.898044036661018,1.4678612132415445,399.29065469623475,0.18936681314047554,4.515572931865833e-05
13242,-0.8691825600805156,-5.761968897498436,4.586156579479885,1.8838207460874357,468.60942708415877,0.32350866230561426,4.520889312929218e-05
13243,-9.347574874938191,-8.451010927721352,2.2930521281790988,0.6827166674988603,149.55872074054477,0.7198648321422025,4.522156613756359e-05
13244,-8.603300604619974,-9.340372894618948,3.3071682804217093,1.0650674987906077,278.21543475725974,0.6581128414106638,4.5254483683999175e-05
13245,-6.594630348253515,-11.337849158877418,5.120831107965852,2.029252181604449,409.0533881076072,2.0098629061069433,4.527745995186095e-05
13246,-2.066725852069812,-6.62548354655632,4.770778536749229,1.0511165051177391,319.97631198662805,0.10366999070445715,4.529244797080309e-05
13247,-5.910036671901407,-12.682989843470308,5.075653932244446,1.0936864714479078,289.12357945035865,1.1471304550545742,4.529830809984872e-05
13248,-5.763168211729587,-12.797019279146307,5.07333444760129,0.805518116977494,469.3069178453737,0.23848768206381887,4.530407238663402e-05
13249,-0.9869571409623514,-6.38006513418801,4.710608237564908,1.4149504498225902,332.23486221235885,1.898070081377968,4.531088759778062e-05
13250,-3.5270891232229182,-12.737381352580831,5.042134762202653,1.0435563797794998,283.3762425688147,1.1199031615499022,4.534073325103774e-05
13251,-0.2124061775067947,-5.7790841119078316,4.585727940885764,1.1294716605558863,249.54391471137032,0.3813599425986398,4.535117839916063e-05
13252,-0.29366080173331355,-6.955182304254505,4.884329933741746,1.26582885872005,276.9249298641764,0.6494984756234619,4.539558089543561e-05
13253,-3.985975239995848,-12.027221369749958,5.109329512526142,1.1001866326569592,468.05072401138983,0.8451880136270447,4.540578769564955e-05
13254,-7.890028409965378,-11.151536306600901,3.717708441324005,0.9808276083879709,272.9388271902079,1.283428931962038,4.540588221718903e-05
13255,-1.9471997777722514,-7.456179653091842,5.080939895807467,1.2830393005764167,306.1606385043428,0.8222331453189069,4.541723277408496e-05
13256,-2.0910411939558777,-6.138974553349098,4.62347699460978,1.0454882863560646,466.8927898501436,0.573413519882803,4.5463343076109305e-05
13257,-1.9202870302070014,-5.134651585421054,4.4750872086003035,1.0257506252709319,276.48207566379335,1.371093960878368,4.5494971665600704e-05
13258,-1.1142784820341234,-5.734914020686955,4.568714556016245,0.7575510489822147,171.70037826867184,0.08487305463723782,4.550202192787085e-05
13259,-2.1855882880136237,-5.920855376831407,4.60113652077101,9.533954421240466,568.4926702426146,0.01641991153517708,4.550912435625152e-05
13260,-5.145659901339757,-12.990636320229497,5.054751453541837,3.59923879471534,231.99182042017188,0.34585081040359356,4.553030287355398e-05
13261,-3.3548615465702083,-12.408716102161677,5.0663186086660925,0.9984281438811662,225.30032555026193,0.34895266517857415,4.553101608900144e-05
13262,-1.8314536932863206,-7.560865122635203,5.119028472572362,1.5915078620010954,468.8257768020184,0.46637554516525004,4.5546779657593634e-05
13263,-8.063853902016652,-12.133509110499444,0.9584793730148149,1.0897357601964823,270.6032273935108,0.9322470979163588,4.5550135620534676e-05
13264,-8.754793523370424,-9.108290334466536,0.9735623590447142,1.3432097615382856,291.8313506632839,0.21750057555011537,4.5573901141375996e-05
13265,-1.5491003448868295,-5.463748205283147,4.513906354796896,1.5011763284514499,344.36835840583933,0.003318120540932945,4.557848262668998e-05
13266,-8.337347299750034,-10.685397922808141,1.9363728925931902,1.2016202400202531,227.26815217332182,0.3904143762666452,4.5617713105694944e-05
13267,-9.67283890745236,-8.08789655628864,2.2647025094173103,1.2318518687846418,294.6510514290556,0.4523412151387953,4.562039804677031e-05
13268,-2.4659208093237686,-6.962451339605066,4.949884593159885,3.5250761236985406,396.7257668072659,0.006474287869898454,4.56307156181786e-05
13269,-0.9832831250457605,-5.910583266524279,4.5957445489606,1.6931761689316365,398.39273891181415,0.03379340538068387,4.565576914344255e-05
13270,-1.8984625823566113,-5.877884944751095,4.590075615437839,1.53391903451296,328.0253019406943,0.733463056013715,4.5657812613220305e-05
13271,-0.13531567673872225,-5.290285254381933,4.488748628959008,1.7219186021225323,407.1315032180182,0.8559572757184073,4.5671868017469944e-05
13272,-1.066056823180789,-5.257018432249034,4.4841624107736955,1.8269365597725196,436.7710144546962,0.40586955855117424,4.5694837191047566e-05
13273,-1.7700278260317877,-5.342374789143504,4.494496789724134,1.0040770265588055,275.9850369613863,0.8003973797421553,4.5704863014239493e-05
13274,-8.006037242900945,-12.050026442878417,3.2013665956904402,1.9980098268719546,384.26940642508316,0.6203422584515659,4.570985918394965e-05
13275,-4.818920113207761,-12.779588554129203,5.0566240934671915,0.9058062410552558,468.24723590223294,0.7649942316912322,4.571644606993546e-05
13276,-8.306121468149044,-10.070642247946399,3.2559825704325918,1.5377259293861123,356.18326826668675,0.035331529149176255,4.5722475245952794e-05
13277,-7.249906975545608,-11.608012206742961,4.593214677956776,1.2699158601737692,318.89236401639687,0.38806537067205493,4.573960775499436e-05
13278,-7.41991437239426,-10.175780843497268,4.916846765597973,1.3845583176365248,319.61791163460055,0.48270800495653354,4.574364555471831e-05
13279,-1.9324541980648977,-5.462393613620337,4.509668122060207,0.5605752495820028,167.36083496348797,0.8432628162984503,4.574762042940373e-05
13280,-1.9701326811156896,-5.084268593878303,4.463253614133512,1.6099673310570977,354.2514956729995,1.4690953367396187,4.57638586732783e-05
13281,-2.0221187363917315,-6.208446262724724,4.664522001599308,2.889966248049634,488.9134698642944,1.3050682532609477,4.577427156778122e-05
13282,-2.131081125453008,-7.283516469882458,5.0068361130205075,0.8366043080797692,174.13936151117116,0.17689762797583253,4.577612280946648e-05
13283,-1.7354949419741423,-5.504921728743354,4.514928404915011,0.7954700028241033,394.92199861649135,0.4759797769116867,4.5784361158076794e-05
13284,-6.1997799234113105,-12.575763389643004,5.051906618285243,0.8050963268299275,215.3158317532631,0.7934568490424647,4.579403369106018e-05
13285,-9.584699984959936,-8.171263231219168,2.222442963930901,1.8579528753519092,468.24618254950354,0.834215738687818,4.580642352593336e-05
13286,-2.42656811635566,-7.031699077857209,4.97411126474426,1.0401012035014257,282.64467618480256,0.7051179331960862,4.5808191268726496e-05
13287,-1.051970748973103,-6.5102799520542485,4.752688837117923,1.2418368112350489,314.264479561745,1.5502325106182129,4.580819530731207e-05
13288,-1.5616650888086188,-6.818051029614361,4.82523923505646,5.923414578743914,527.8678967369573,0.04798566917972469,4.58087725767672e-05
13289,-7.854554315188282,-11.928175343801643,3.607639997001177,3.348831760470321,526.9291877548994,1.549543684469742,4.5812834386211546e-05
13290,-2.248554763679574,-7.4015892854705605,5.065330810991751,1.16901370143612,244.94128960867187,0.1560233963620794,4.583701814568843e-05
13291,-1.0403344385285678,-6.3998456685608645,4.7056121698311575,1.3100586170342943,291.3587723503203,0.677071833271202,4.584858118993421e-05
13292,-2.0977094727383774,-5.668128695477195,4.538734176536902,1.1556453739696309,235.87903901287524,0.07627323733372915,4.586199512661e-05
13293,-2.2910219230742417,-5.6883054652052305,4.541703187327547,0.8116066944556233,467.82805691940393,0.08057443613680704,4.588093595131796e-05
13294,-0.09293143060403075,-6.7804290121195026,4.8098817001341905,0.5454793651964261,118.44320922279883,0.04177306590626895,4.590125780449107e-05
13295,-1.5964868384940338,-5.589884099810813,4.524782178967851,2.3220552411532185,332.6418908542504,0.03241799657799582,4.591357691813321e-05
13296,-0.8591991623059414,-5.316956540876545,4.485392252990772,9.352873177203252,375.5747140359345,0.2287550663296889,4.5949817296030946e-05
13297,-2.3514372575229547,-5.655220773266262,4.53336878921419,1.04261827491962,408.145106465764,0.6560450635793549,4.5997644005010087e-05
13298,-0.6769149049866794,-6.940065983159859,4.865297620261043,1.40156860200577,150.8435023070959,0.39336119156893457,4.602297175214186e-05
13299,-1.1061861134876079,-5.3510342732472065,4.487927486769098,1.0518957594781042,271.5064765383767,1.026645538069877,4.602571101334933e-05
13300,-1.6841013187916172,-5.496274212404173,4.507714636345907,0.9387864742399932,467.99476932810643,0.9426633710877246,4.603407457111244e-05
13301,-4.169468129234751,-12.691422446985982,5.043772039698757,0.7401004050955712,191.36141634558572,0.8743748647670708,4.606956135783865e-05
13302,-7.271278379358963,-11.4460968748329,4.598967519699102,2.756584268051091,467.99624075659005,0.7064988105307082,4.607507718882862e-05
13303,-9.782847042348296,-7.769293588156126,1.8256884745806157,2.980538834091977,475.84100235059555,0.2081460435302782,4.607907264264882e-05
13304,-2.047329660353549,-5.371964898100025,4.489205370508499,0.9812565110176641,254.80263214705005,1.000801204642431,4.608671142789715e-05
13305,-0.9037084845996297,-7.519417264949416,5.091387410474045,0.7607326334828513,221.72744623571603,1.1214007107325115,4.613688733310131e-05
13306,-0.03761107513057205,-6.228275337397321,4.626257853379946,6.267071365475901,355.55213081252685,0.186657494380305,4.6174235767912296e-05
13307,-0.529169983685545,-7.561231937046639,5.1067970681185235,1.1525765322526809,223.5788896388173,0.35530974099632306,4.617768060325857e-05
13308,-1.2154218586298846,-5.3199648959897194,4.478787640992473,1.2170356954360708,250.97851225811473,0.04031018069206649,4.624173369655048e-05
13309,-1.5810994850520395,-6.880747751857643,4.838613602308102,1.0305533680721903,272.70082183908676,1.0490820101034988,4.6244237183261644e-05
13310,-1.413332531235973,-5.742840125162103,4.542629055235385,1.828789775783009,438.5371816545591,0.895256645330206,4.6246344839000885e-05
13311,-8.445841331041919,-10.17807652624695,2.0449802408118605,1.6242075233250692,468.3333663760881,0.6070998489945367,4.625046899641864e-05
13312,-7.563690184831119,-12.795862803618855,4.05323374854148,0.4925507310446148,121.49839850655806,0.7403692174834458,4.626563590326065e-05
13313,-1.1425645279822962,-5.3924096218558795,4.4875792991730625,3.1625635659497195,504.951320106738,0.7399968625596403,4.626896335954986e-05
13314,-6.786772969313208,-10.91963419733592,5.137810708565617,0.9882504329581153,408.7002831654946,0.6042140332868717,4.627006454528422e-05
13315,-1.0838850645934723,-7.046246376523577,4.896126433150914,1.0351741002176147,280.0683650255345,1.7479215814625801,4.62735028763992e-05
13316,-6.435995910412757,-12.620583438445747,4.994986161661392,1.046159658343506,278.36182219169206,1.6075619493248867,4.628554087375223e-05
13317,-2.330764795683166,-5.170884679956583,4.459992450370864,1.2728614594270453,468.59144657310753,0.4901249235480565,4.628627266567358e-05
13318,-7.256042385704618,-11.094814716180586,4.700635166993578,1.7008197448006384,468.55272692169325,0.29489899689258703,4.629915237445177e-05
13319,-9.410008980453966,-8.101390795287395,3.8317913858323345,1.7856603274971468,467.6938063164889,0.596298894215713,4.6306952817986186e-05
13320,-0.26272900054717674,-5.967298043864921,4.592972757001106,1.291553662437825,319.22567827982624,0.42683395841067906,4.631473820126942e-05
13321,-0.9200486545431659,-7.332871048770072,5.0423216371103905,1.3980564175028667,333.91728368547103,1.0074488163550042,4.631964071255794e-05
13322,-3.5443095285302695,-11.748320216846865,5.1331362587222715,0.6293038350827838,135.51736238378294,0.20185982159014149,4.6332810437451486e-05
13323,-1.8820132721497522,-6.323560194512542,4.642218574689912,2.559073777864263,463.94403601150003,2.6157784647786304,4.634511116200564e-05
13324,-6.673607933069368,-10.98085358625219,5.176007033770821,0.7167105369616008,197.65873375996154,0.39895333722947957,4.640236968134521e-05
13325,-8.729387773947323,-9.141301649978843,3.251118946685598,1.0740387644281728,215.88319960953135,0.6015260120973203,4.640982483161309e-05
13326,-6.7574886554487845,-12.19513429773462,4.899953670812767,1.1041950813629062,286.04788293736954,1.4758973867508347,4.641365950360666e-05
13327,-8.777094925656304,-9.114284676122221,1.3008137608101045,1.0034235187011544,268.0620143704074,0.5784685225915522,4.6427329918102706e-05
13328,-9.604004064532452,-8.173108935507654,2.962800203744306,1.6750211579056502,405.47485137307933,0.5112547700548777,4.644375655119038e-05
13329,-9.561203018245907,-8.15057639117757,3.2731934346320872,0.8431505219678571,219.72714403439537,0.5823841024410354,4.6444920550547754e-05
13330,-2.0582846916674598,-7.549562814357871,5.097003741702108,1.662258991029063,388.43530400788245,0.02634133924891824,4.6449462096198e-05
13331,-3.247209325188594,-5.118023628763293,5.175069623001793,1.1723566624238497,266.12860375379637,0.39953218095379484,4.64785357859742e-05
13332,-9.571591725732956,-8.00247038069675,1.7355785808143862,0.8706065215751772,467.75670691346164,0.8916380145018588,4.650037714365002e-05
13333,-8.094558872028186,-8.99787254782543,4.986352772424417,1.8688890095193893,449.09771957517,0.2883588899595617,4.65189386483369e-05
13334,-5.587846822693601,-12.113248119852674,5.122665305054854,1.1080582275433615,286.2339855095621,1.6010452934157717,4.653373889879144e-05
13335,-9.406373711043894,-5.234880993968188,0.7234353239518548,1.7197499307722903,405.82426270894973,0.46355325183948093,4.6540388277735645e-05
13336,-1.8658332323283506,-6.348553368244383,4.68401967172728,1.1512136733069818,248.02945466820188,0.9129335282346434,4.65441158154115e-05
13337,-1.7090719011351148,-5.930833763168149,4.585650641814063,1.255293395087696,310.50440355902265,0.27372557140457854,4.6545835580983686e-05
13338,-2.2871270228261,-7.522058693590214,5.083877415764856,1.3176628999388256,319.69033208225875,0.4155529646759568,4.657540480122046e-05
13339,-2.644404444993956,-5.953790312768062,4.658831346269724,1.149476511205627,288.7632642947937,0.1833367319858139,4.660985055526084e-05
13340,-8.47407174537206,-9.513956906575574,3.426871718972643,0.8301504396206677,164.97229049357952,0.06908809501068713,4.6611352644601635e-05
13341,-9.23354736761,-8.489919022196556,1.754772359355979,1.0639272791641334,282.2503292550391,1.216552306162634,4.6621659791605214e-05
13342,-3.748044799348685,-11.743350254572643,5.133542795134116,0.98655732459588,201.85453458696168,0.13755752783664388,4.6627066053135576e-05
13343,-9.140905668576895,-8.504737208400488,1.4633729595054545,2.2695210720016386,430.6951964581997,1.3249359810822652,4.6635658470782243e-05
13344,-1.3443360461207572,-6.3596385751320605,4.645699284878399,1.5301112336960938,333.28267522745455,0.8690550449906818,4.6642429674953507e-05
13345,-9.460618357068915,-8.320512882593306,2.335970341389106,5.074785560256172,482.30047953318274,0.018834114713405903,4.6669263519276695e-05
13346,-8.10043999521588,-11.45426063336828,3.0328640042801753,1.0825606368052405,468.2042413447351,0.8014683249265646,4.666957879158772e-05
13347,-0.6005542712750458,-6.040410447963246,4.598912900946614,0.76346374208736,151.15032666604415,0.04841263059821088,4.668013716336291e-05
13348,-0.5974943115809772,-5.644056092439557,4.515119168445753,1.8344777131932084,373.5030319754524,0.6402879572041966,4.6694171287716646e-05
13349,-7.763025180142108,-11.94884223072364,3.785741013438796,2.427311307678658,436.2194406704553,0.6867716574909624,4.6702416277099835e-05
13350,-0.6148320295298557,-6.723216572727649,4.772174081723341,0.8135700147421597,240.476437993485,1.1549506792054505,4.672873870843506e-05
13351,-2.2604736201562137,-6.852423789092519,4.8179375416918235,0.9962460457845315,232.72400832363394,0.017760052062836706,4.673063999741923e-05
13352,-2.123659757260593,-6.286766844970836,4.628791552226153,1.3798776626637725,309.9675461522022,0.1719111935228712,4.673574749482124e-05
13353,-1.9729375943928247,-5.3003817279382925,4.464201272280041,1.844974738640662,467.9971759873361,0.6373613442054582,4.675063681796871e-05
13354,-8.783510777308667,-9.277456843981104,2.237114774764146,1.3103050202946724,314.0800193026953,0.1994292996532323,4.675130980580423e-05
13355,-1.9083269991597636,-6.678993143444747,4.745383834049991,1.7993571517114912,448.876279744525,0.4960980567416229,4.6758812853506566e-05
13356,-9.285690066368376,-7.835169600896835,1.0313731965155344,5.36525353730728,456.69351713835505,0.012931655456534408,4.676055792166434e-05
13357,-8.549998605838022,-8.548402918934784,4.77962910841201,0.8699272131050422,468.0676820405735,0.35377198573673585,4.676935222439444e-05
13358,-8.579185439744906,-8.36490903297669,5.011464478823795,1.1095537168229355,294.03369046762776,0.802551640289181,4.677625649031697e-05
13359,-0.627502999725257,-6.0921594715829555,4.60836080601201,1.1752778509477828,467.3920081834972,0.2788301228258474,4.678393988524387e-05
13360,-7.874425652357781,-10.578248702954047,3.9737406944402665,1.2512124973205005,381.77992761886856,0.5246075036715201,4.678465677371741e-05
13361,-2.67467592548404,-6.501424266407558,5.189663351406101,1.5695424904869226,371.45858973907684,0.3870620157966336,4.679364322173423e-05
13362,-7.752724500888633,-9.948096493424785,4.587267349804329,1.737580917749936,468.1320738019433,0.653660194611537,4.6796119687849344e-05
13363,-8.95896204418637,-8.13634003147965,4.673152720268841,1.70829403035784,468.6320586076371,0.2881577606890646,4.679729769782974e-05
13364,-2.425800633145947,-6.53620807486649,4.71702642419006,2.1928342530420784,426.0469381467058,1.9979944171907542,4.680284225342812e-05
13365,-0.08409856455848974,-5.314134446418111,4.464511676143895,0.8466228603766349,165.71929880510544,0.006859023425008992,4.68102396587893e-05
13366,-0.9888327703051871,-6.070339744848119,4.602007556086923,1.7371739408623765,411.8388273008564,0.7708639371768173,4.684182362105938e-05
13367,-0.08040046143376678,-5.369691103989071,4.470635973681728,1.0368050812916128,279.90311611651174,0.31167050868201596,4.6854836266289e-05
13368,-9.313169071098395,-8.464263840349076,2.9047324830309376,10.720407361617237,509.8628917489946,0.1002788354053914,4.6863518759572125e-05
13369,-9.852437251851915,-5.245326656500931,5.135258820423478,1.28856721663457,287.2609817613409,0.10514358399923651,4.686545087312819e-05
13370,-0.7158586321364169,-5.993353893909967,4.587922738364668,1.2436035704029167,191.5541695052528,0.09872375096942942,4.6888948132290834e-05
13371,-8.232227413696776,-5.459259821823035,0.09447235135596714,1.8917445417224332,469.705920246152,0.09624480812442204,4.689564417329334e-05
13372,-8.04363353919663,-11.72934767007798,3.1408737722170104,0.8566558140254644,198.43216809845282,0.402908288145035,4.6910501631320016e-05
13373,-8.162155647687214,-12.38807169059032,2.390352549511657,1.1411509964032724,262.5498975572964,0.9810472296486354,4.692777308224503e-05
13374,-2.1484088799604786,-7.3845172527297445,5.018460767605527,1.0979739792563046,285.35937165547375,1.330652311408719,4.694776854219731e-05
13375,-7.8947570694831875,-11.632534224574956,3.5604106444032277,0.628395658171454,146.70747614357393,1.1938878120910754,4.695114002203529e-05
13376,-3.578699592031197,-11.816119043366175,5.118414651497822,0.931262042953303,202.1364452872987,0.0016315629975443002,4.699689322380611e-05
13377,-0.2735786260278612,-5.372034546542173,4.467344045870414,1.5507620264904556,355.5185497973915,0.568888945375499,4.700703645200966e-05
13378,-1.9700382641302294,-6.967617464216883,4.854989799596294,2.4003371421603723,445.3000695022816,1.5844170276950402,4.70075295082259e-05
13379,-2.7166821740493727,-5.821871636914168,4.767479106478706,1.1580570913857433,216.81137649084445,0.06065407064650419,4.701216315994253e-05
13380,-6.5608792735882435,-12.922294857266346,0.020193345569121057,0.9537339275114838,265.07180068244656,1.031463357169355,4.702249087198142e-05
13381,-5.50461873184201,-11.679008234378475,5.179635212673711,1.7637986660889926,419.7739117208638,0.8458200559411981,4.7028689428695114e-05
13382,-7.940188902278189,-10.891512081876597,3.6873249300035105,0.9031272081454194,174.92864830631981,0.003651627781725786,4.702899441803288e-05
13383,-5.430690092055276,-12.583595865531496,5.07398822107135,1.7099328061143215,467.97987011622115,0.358825727309811,4.703394091546671e-05
13384,-1.4565263878924242,-7.318292134928657,5.001154314610552,1.079095064392251,257.5459183823115,0.32098982845391255,4.703552696185975e-05
13385,-8.737376079672565,-9.329953852968101,2.5684335525841258,0.9351445720020686,134.42207865346447,0.2845308518782472,4.7039146367859756e-05
13386,-1.3224042515147083,-5.54961995237272,4.491567502411305,1.0044552932035387,262.6547492161921,0.6122884186716568,4.705601682785222e-05
13387,-5.654981264199797,-12.651418162910288,5.072333084966488,1.967600823841038,396.867764212544,1.2984983076033139,4.707392940886256e-05
13388,-2.331182662113271,-6.996385674887795,4.864491031802125,0.7644255401551733,211.89554420181403,0.652760828943376,4.707933925998359e-05
13389,-9.291789876319898,-8.228786783931666,3.791015482615425,0.7813179777578453,165.72427824877465,0.7427622603369732,4.714887654555977e-05
13390,-2.332786393381838,-6.440107530769627,4.695236808307323,1.0737791172413207,466.21312542700775,0.6969819362766083,4.716642541291649e-05
13391,-3.3321922465619522,-12.974635439075852,5.019743273730141,1.2930132994205277,289.7249811335184,0.20746892696332964,4.716672069896313e-05
13392,-7.591387121435894,-10.331007400130373,4.582221904893585,2.222893520300644,416.96848250687657,0.5371770848770039,4.716784925012465e-05
13393,-9.48460644277101,-7.795974224218789,1.4333873235161922,1.1144459544568006,226.4997996230244,0.536055602789081,4.717014935988341e-05
13394,-0.48378884713479664,-6.001418264799454,4.585315669112968,2.932147659060848,436.9189938710961,0.18587890286385544,4.717564114657135e-05
13395,-1.321670938552348,-5.708963663674575,4.514299446113523,1.5082571041972113,345.7533254238601,0.3152710603804163,4.720253873231037e-05
13396,-2.1007224165236957,-6.848290310349825,4.805410642119839,1.0674353831596268,280.23424447565776,1.743452196614446,4.725105967595223e-05
13397,-1.2551898407561008,-7.0748139307694915,4.8913183815708114,0.9020577945834133,252.86234071013726,1.0441056390777588,4.7253626699465106e-05
13398,-4.664993187305758,-11.767793484635016,5.141857200858366,0.5626780996135913,115.50627795467582,0.015494459978850905,4.72751403462965e-05
13399,-7.350512485162053,-12.17960655426491,4.389266686993074,2.6280642647380072,469.4296748273998,2.214742100014494,4.728174288301064e-05
13400,-8.294330084910108,-10.481309432235093,0.8578500368169222,0.8041040866159638,468.0271842169379,0.029151179332640886,4.7287373838917535e-05
13401,-4.484275510506332,-12.503918756417443,5.056211630510559,0.9995287351527368,254.57819647917088,0.440193676545773,4.729706784413333e-05
13402,-8.767388898268,-9.1807572332567,1.4113019030769194,0.9245753677742705,198.93333659892045,0.10784498685903454,4.731039193326366e-05
13403,-2.0827349179281622,-5.125810636006188,4.430569725437179,0.9072297362385023,467.6407740354371,0.32186992122299696,4.7311942120255956e-05
13404,-8.234104884663578,-11.414164113222606,1.8204747088662727,1.3832756394207006,333.504556142151,0.32101152060631666,4.7316391690627875e-05
13405,-8.10659873672772,-11.45451380686034,1.212530047113242,0.8814766939320204,212.93948593610745,1.0011690530859276,4.732514264324834e-05
13406,-9.370096458452267,-7.933640363183747,4.261733767927193,4.320064466477229,228.27385756315408,0.3176455254826589,4.7327986362223984e-05
13407,-9.454614515450032,-6.557724117737232,0.9116788453814765,0.8469186819186345,175.6520764866789,0.20027044922769743,4.7330941967189284e-05
13408,-0.7898171111070766,-5.31382941609262,4.4521417718509895,0.6675108777528654,468.1129384814617,0.41732766226271867,4.7331396030527665e-05
13409,-9.108181812306263,-5.833113637331201,0.437955988220694,1.7811810929570238,464.72460940320417,0.7141990855103684,4.7353059580952163e-05
13410,-1.8590467694473372,-6.317690881472593,4.625315762890477,0.9459302731822913,467.13677190068165,0.5922384719888836,4.735366712727759e-05
13411,-1.5414485871154078,-5.879178498475562,4.542163554295039,1.6820304663803989,394.9514536123815,0.5845418865726089,4.738032693003723e-05
13412,-9.638572137104823,-8.137785328109008,2.9516720056929633,0.8355139053801955,468.1178240495812,0.4981289554517252,4.740265328230839e-05
13413,-1.219934097591631,-5.744499492265906,4.515942326537707,1.7549540096773555,211.3078411476675,0.14531731743454301,4.740404258521361e-05
13414,-4.5340354612366145,-12.112976881759874,5.090554439270335,1.4732491510180967,338.27166170329605,1.6357900961391367,4.740796438912499e-05
13415,-1.30830056675412,-5.878414238605566,4.540880121365537,0.909688886575079,469.8347762591558,0.06287040447867209,4.742948572868671e-05
13416,-1.3060623360309762,-5.136828331118801,4.428861608002443,1.0574651965333661,275.7824112184868,1.1319777592394606,4.743450538890423e-05
13417,-0.9178676032169513,-7.584529222052184,5.091446265977228,3.8535617396660156,248.0645547426337,0.27068064210069664,4.7438866579281616e-05
13418,-1.5910234550939997,-6.925541782510999,4.830046135149313,1.823489270978968,343.9906963100129,0.1436366062325849,4.744101384318355e-05
13419,-0.8393663616712459,-7.012831849812575,4.862934840178568,0.7375344831030386,148.30013971590066,0.07209009202715944,4.745897054607471e-05
13420,-9.546173954693604,-8.074255458176843,1.8131596773730037,0.7927142191187834,134.64073240820824,0.22701725570556874,4.7496647674915355e-05
13421,-8.182147471351037,-10.89633095386467,1.0703007580378272,1.1341647076176027,233.78703598587458,0.8612384539409108,4.752773199196554e-05
13422,-9.283402542887842,-8.441269804421715,1.8456928461113014,0.716120585870809,205.39718478097956,0.44610331359304123,4.752970348639836e-05
13423,-9.122483940185726,-8.673196606659332,2.94320890920796,3.6614866304379077,548.4187977632548,1.319943279431656,4.7529761605285455e-05
13424,-1.470067944637691,-6.357213550499551,4.663771579019158,1.8290008963242905,443.58039123937107,0.15938810548138616,4.756572217564424e-05
13425,-9.366986265145085,-8.130352042537673,3.845031558846511,1.1896361823036896,263.7521315341876,0.10538124349378197,4.7588296568034046e-05
13426,-2.274226069119658,-5.3308575294536285,4.4481454051799005,0.7312357453215521,468.33201352087633,0.29080496799729527,4.7593248944433024e-05
13427,-2.5875900289444553,-6.507119561383991,4.945998978477583,0.9728853923228356,253.97081673008202,1.4244253386003773,4.7606804753044624e-05
13428,-2.805279947208109,-5.193715959452664,4.606674374018098,0.7888125469510711,208.19331546941717,0.19944882757602933,4.761548012377272e-05
13429,-1.0743776214124985,-6.130706695652874,4.598270019750454,1.6312245193165051,470.4364307823566,0.08477421302576715,4.763486228422071e-05
13430,-1.3874428130667429,-6.1534995369070415,4.602651167450721,0.9572554486460182,244.18098516277428,1.0241755295395798,4.768610740060006e-05
13431,-8.083853992164794,-11.561020156120374,1.0940119385641456,1.0212100632564751,467.7992197816368,0.18853603848029277,4.768921582757058e-05
13432,-7.206213336498752,-12.842721235107064,4.496521620896528,2.0279541953331206,399.54923644895433,0.9848947074067906,4.771640847279996e-05
13433,-0.9876754703011876,-6.51172522374527,4.699406017000828,1.301217029217196,468.6345497288355,0.670717275674515,4.7749365516192766e-05
13434,-0.7607270610754533,-7.197395584477246,4.924999205903212,0.951741742134141,252.61571386460648,1.2595070202893153,4.77823849923311e-05
13435,-2.1278804475627986,-6.137566611098956,4.5965223976245495,1.23270211759236,262.2327113094461,0.11890502389260416,4.778674167983091e-05
13436,-2.383735238901357,-5.432103982726118,4.457185791541387,0.8838715760297388,191.08173882350818,0.6314468740102512,4.778743920563655e-05
13437,-9.966884440763966,-7.571234819346488,3.915271739348376,1.1206379985833614,467.90790300974714,0.698859366747234,4.7821016244392375e-05
13438,-6.706826589900144,-12.240470992505664,4.91221696659521,1.840698913033018,468.20045184133687,0.537932615261977,4.7839590308818686e-05
13439,-1.3460490627274826,-6.078150311635105,4.557226517927149,0.6603617241083526,133.5578931971356,0.5359578315809053,4.786046915417452e-05
13440,-8.114742893146596,-12.943246076761552,1.5143752545682163,2.099246203790289,201.91666323938986,0.2560666949874175,4.787619634414124e-05
13441,-0.14676050342533387,-7.039689078836016,4.864283202423773,0.624166953322356,150.4838456754582,0.37711768153340675,4.7900928868127196e-05
13442,-7.792825141046128,-10.77918118878062,4.02817208632391,1.5898237509999014,371.3044861641045,0.7644875857754183,4.791383131379297e-05
13443,-2.210198524142122,-6.642867919982846,4.727291986683167,2.482072380688727,448.7801519585078,0.9821806676796365,4.792186166217265e-05
13444,-0.5110430413333802,-5.598337261011364,4.478878668154102,1.6288130035197745,377.3437774492184,0.1785888770124462,4.792805791688073e-05
13445,-0.08376196399721714,-5.842865299652761,4.521758246781801,1.804804043155312,468.45061242244657,0.4372435915336279,4.7955451972753695e-05
13446,-8.13030661840283,-12.22817138870179,2.6416163842575777,1.3743441072980498,326.44166597213007,1.7076544639901705,4.795666200339932e-05
13447,-8.638039779003869,-8.887923249825526,4.013922855657276,0.6709623113880505,467.87256564935325,0.4299781642334537,4.797102664890908e-05
13448,-4.467012445616241,-12.705878673977317,5.038136889470076,1.029413116273548,188.48305799974293,0.4504485779695724,4.7980574984434676e-05
13449,-1.6037512724410448,-6.79703684632982,4.771427315886966,0.9662699970471034,468.2541776817073,0.6290072916396978,4.7982211821095334e-05
13450,-0.052370703671249075,-5.192074732636239,4.421776597064274,0.976343692975604,466.1759176706356,0.46873628276613033,4.7996688233206224e-05
13451,-0.91450631277384,-7.040245037867863,4.862403805545543,1.8577806638560503,468.3172719225958,0.8028722156000692,4.8003604653939454e-05
13452,-8.60901601922696,-9.594906551235573,2.573414875982259,0.7420333918666391,164.0134623446626,0.33532774880935445,4.801022951989375e-05
13453,-9.848663132034568,-5.72851303614614,5.157058975318339,1.2141458492917214,468.86721985664747,0.5312330920831325,4.8039904892368995e-05
13454,-5.984662061775781,-11.58191360210546,5.180849888406649,4.4394646127422615,559.8354553043114,0.22738321535531814,4.8046019243939484e-05
13455,-7.941483764440234,-12.558238998182981,3.296557859672946,1.1418305793461354,293.53245991992395,0.904389985489944,4.804760182284257e-05
13456,-5.8044367789643365,-12.942604534532174,5.046932010170734,0.6405119551548147,121.58503161311343,0.09132089805745025,4.8047910481757414e-05
13457,-1.870928042937507,-5.399852617477214,4.446381706545871,1.2019535373292203,306.13276213330613,0.6955839591968385,4.80588555865611e-05
13458,-9.764126795571228,-7.558948051291503,4.256592372726015,1.4501210205153405,317.5211590398858,0.7751252087995146,4.807355555375593e-05
13459,-0.3806258899865238,-6.834221153829829,4.782856973097345,1.4185358187326622,342.4569498128293,0.563268384642094,4.8080155240894196e-05
13460,-6.461360288347535,-11.789414805372598,5.063883690364972,2.3624300420623903,335.0628298671089,0.03866958257221853,4.809840579447967e-05
13461,-8.425470793673892,-9.59736406760859,3.4397578069982937,0.941222057747671,468.0500962811989,0.010818375575150085,4.813642735852231e-05
13462,-1.7439838046832552,-5.998085000917755,4.549606893714542,1.76108241601838,468.4999586863172,0.45915297833729785,4.815546182250903e-05
13463,-8.166632454038236,-12.422641194636824,2.2657304054718033,1.078163992952829,288.28133139633513,0.7850108199873844,4.8163224434728593e-05
13464,-0.49138204562289545,-7.846988759180122,5.185712635033049,1.0420218065949298,250.75673478629145,1.1741802572453421,4.8168519672218076e-05
13465,-1.7130464936876049,-7.062335036934649,4.867482820921797,0.9506180460393222,248.25578227857432,0.9669849540652029,4.817895945032968e-05
13466,-0.7531061713844096,-5.875174900204832,4.522894017958971,0.9248367105189047,192.0719156740237,0.5350656308886279,4.8186861892898085e-05
13467,-3.2955872674588607,-11.952222068493564,5.105692993218603,1.1462669463543536,272.5638544793215,0.7475162960277633,4.819100075850562e-05
13468,-9.859768461185697,-6.86601402108265,4.905582819590828,0.7830844793588843,468.677746068343,0.5263561503712886,4.820604724800958e-05
13469,-9.053129134485763,-8.572536379274798,3.552328192575037,0.8844149529118359,205.00829917963486,0.4344821729039303,4.820973437459687e-05
13470,-8.63876122388512,-9.549754088885686,1.6478925215310851,0.9478293276554293,185.7058899623799,0.19873383044928428,4.82149707789798e-05
13471,-2.43588938021281,-5.695803152323316,4.488472682880453,1.123624307263941,226.21210137624746,0.15876242975893806,4.8219655825064726e-05
13472,-2.163565950837871,-5.824128543199172,4.511887818722499,0.879995248659665,468.38428523052767,0.37883294415645796,4.8227258549908145e-05
13473,-8.12294950421469,-11.506105504502502,2.9026581929762183,0.9299223173028774,192.45926876499817,0.6524880716878609,4.829145160787529e-05
13474,-3.9080294816329166,-12.769409979957263,5.023939281237343,0.9163912175522233,257.5085923040543,0.6451453336609942,4.831877989947158e-05
13475,-0.4464456256786562,-6.3623692446260725,4.619855066808438,1.7369879387663172,468.0690661632986,0.21264250876994062,4.832393546859188e-05
13476,-2.5791921072982094,-6.373797143063247,4.773054810430796,0.6784807478438419,136.5293817270852,0.9905741750631556,4.835216629990913e-05
13477,-6.525113930195362,-11.774599852389883,5.04362597691681,1.2280866756659534,193.5264042641922,0.14160993892390739,4.837391492893839e-05
13478,-1.5723313319341763,-7.741490491887516,5.157687072264102,1.1891264354434357,468.0225295691991,0.9303863766537992,4.8375129166254234e-05
13479,-7.915264310757337,-10.788460496449959,3.7741285309684645,3.477125785489919,523.2764373616998,0.544380374297412,4.839740940833182e-05
13480,-1.4235872324947998,-6.2030468646360095,4.598794044583175,0.7113017648164,143.36227802034304,0.3242489094771459,4.841485592188672e-05
13481,-1.573523040074578,-6.983452982235497,4.831559971396975,0.5248996123391768,157.6226524267412,0.2921849117655002,4.8435118916704506e-05
13482,-5.325457479768515,-12.82244215265428,5.045240866607372,0.6922496953100429,147.30276594016664,0.3981923247676358,4.846710700479114e-05
13483,-2.4827052073987605,-6.670552071319173,4.71518749433703,0.8390750904737728,468.1348577572136,0.30983278236617817,4.849698314233761e-05
13484,-1.792607731302935,-5.451530816299899,4.442488297377141,2.67691313501964,473.61472690586135,2.087107890586247,4.8536666451998e-05
13485,-2.2040754486932084,-7.32441713515705,4.961209886477163,0.78514291801418,218.25885936139412,1.0837389793301684,4.8548804155387214e-05
13486,-0.7172756990077715,-7.122677992426694,4.883796521796555,2.50207666839762,454.47514323172857,1.4534800458533494,4.855460905769546e-05
13487,-2.538789084469986,-6.4338222588048435,4.682544495820827,0.8754275348267584,194.69035346343276,0.9735240284944231,4.858893269719202e-05
13488,-8.323696088992088,-9.379462645053566,4.01096305556465,0.7162434890521252,217.85199871941538,1.1410464741233053,4.8595675498583194e-05
13489,-3.089188362223294,-5.367660945283448,5.126738673866493,1.1194867470045209,225.1528548568599,0.06320463665346399,4.860340694483684e-05
13490,-8.276382001301261,-10.927217745926741,1.6502580153866495,0.5950002592103472,164.12453132790347,0.8009415696684217,4.861831919066338e-05
13491,-8.130887873391508,-12.26135906328123,2.6240670510511808,2.929644619685684,494.5565800015816,1.7683504979989486,4.862439207169819e-05
13492,-0.11091356018128451,-6.976103410708482,4.824714153181474,0.9919009375532898,191.60592154039819,0.011910647472056723,4.8631640627564454e-05
13493,-0.22416506519975954,-5.182372950122463,4.405597949183167,0.8440159479698832,310.93525047006307,0.14393158788538152,4.863887391930983e-05
13494,-0.986221535694952,-6.197451029784142,4.593387948042334,0.9736063196141622,249.7955857036569,0.587462936747607,4.8649924979139474e-05
13495,-4.494722167589831,-12.984629103789166,5.014962979765078,0.6860995010910266,209.5543105661312,1.3877629159716403,4.865766078969533e-05
13496,-3.185513108072638,-11.992699655487431,5.1630124108834385,0.945682637089003,149.29550660250254,0.19388736014051844,4.867418094423493e-05
13497,-6.307855611930039,-12.416645214490238,5.02622006350853,0.6846225698369431,138.58213339508274,0.4546283196077603,4.868615564002269e-05
13498,-0.7141137863686211,-7.634737695128436,5.087258311677566,4.074789170425701,492.84852582168344,0.10385120933333614,4.868630304608982e-05
13499,-2.329283102839547,-7.094573287093845,4.869704924340327,1.117827765615595,466.2189711652969,0.08390465210646258,4.870069264075789e-05
13500,-9.840335468129284,-7.188808763799474,4.643687675714018,1.1126483471120656,286.96250810148905,0.8249411573843854,4.8710919394838926e-05
13501,-1.0206841899730428,-6.912814155653748,4.798296354004644,0.6217671577544257,194.79715267289293,0.8332739851557323,4.874309137789359e-05
13502,-1.3630554778638686,-5.809005597005073,4.496255477629962,2.3420849955003553,439.8111452873877,1.5795220016514788,4.878511299283415e-05
13503,-4.791238605974506,-12.339364026803759,5.067968188879257,0.8813291193180107,468.6022520869397,0.4637955168862211,4.8803388580372205e-05
13504,-9.412901032438793,-5.656215150273634,0.7457682866555588,2.439349500459579,438.34941257953,0.7628768878036487,4.883841742536609e-05
13505,-1.0759679383233394,-5.663336137332605,4.468344313375838,1.824995597854077,436.87917610655387,0.16791363321843544,4.885207612512238e-05
13506,-1.7003879043594257,-6.493395718480718,4.6370332425405865,0.849896108085012,225.827064197496,1.1322204788493968,4.885861369540988e-05
13507,-2.2963873473266467,-6.536338938410838,4.690126703919563,1.7870399609038878,470.03662371881575,0.09590256428876742,4.8873667627676306e-05
13508,-0.9397949593516479,-7.017134049659729,4.835527084987017,0.7492866062586265,213.74398388299497,0.18891326094909378,4.8882257641301946e-05
13509,-6.984797566371235,-11.132760806732014,4.923184897682581,1.3550152430895799,328.72576613116007,0.5286287860440959,4.890543856873549e-05
13510,-7.924105275208528,-12.953135680657834,3.299434950306114,0.8093555869871892,162.61896630015985,1.0514723173949383,4.893455959842953e-05
13511,-2.2421153319744027,-6.018477714922134,4.552583170346965,1.0194420437802414,468.076152037867,0.6336422972793301,4.896631006897506e-05
13512,-0.6823888759230545,-6.038206171746587,4.540189990481108,0.9372647244754835,154.49980727234234,0.3771294221619277,4.8976991383946887e-05
13513,-3.789127247860417,-11.642241796304768,5.139912983222938,1.0455626570387513,253.99191045248892,0.6707169033346787,4.8998176358643374e-05
13514,-9.616683457015455,-7.382551757318675,1.4247358842264743,1.0268891492598915,467.8346806619589,0.6189118996075758,4.900189833861945e-05
13515,-7.262401362360017,-8.805291284244035,0.030546924432751355,1.7233690552800747,368.1060571400737,0.42614762376049864,4.901360459219111e-05
13516,-0.9722334901186169,-5.297141228948831,4.410653940551014,0.6155057083114542,145.64889234153588,0.9914928911653256,4.901414476760763e-05
13517,-1.3800207466357488,-6.023506430125517,4.552521180651703,1.730085927323069,409.0214830373348,0.037882224447748136,4.901616887984077e-05
13518,-6.7323477813009935,-10.985001686375247,5.128401688853436,1.2372008278323952,312.52363649901105,0.5018312629680564,4.902187422664973e-05
13519,-1.5124829740408945,-7.059941404428666,4.848803500924966,0.9347013157845123,212.5530200603062,0.32331054504364776,4.90574480987792e-05
13520,-8.106432195039499,-11.980698071048122,2.8074789873132993,1.0566595571740562,274.74974255326293,0.9512530610318786,4.908014715149945e-05
13521,-0.22976126542650732,-6.5750271264793385,4.694616865221714,1.8972191631392523,370.68408881371505,0.4582710505516019,4.908944977127012e-05
13522,-7.308427533815426,-11.828464539624365,4.470558469387443,3.4895702471003474,534.4091871363614,1.0662661133653968,4.9114892437569324e-05
13523,-1.6932943198163013,-5.415057544350408,4.423780530939707,2.633651111966867,298.70017107605855,0.08403507950872857,4.91228419084128e-05
13524,-6.559292398886223,-11.03798631858782,5.189486414314673,1.8352599292726377,468.35273665616484,0.8349539178659979,4.9123953647546406e-05
13525,-0.029259354161929707,-7.707562508915963,5.106680224344413,1.893322547230802,467.9629748965676,0.35157717734781535,4.912738324355296e-05
13526,-3.865162978169775,-11.697268948556399,5.130454391029154,1.1763441973091557,285.04934236782975,0.8429733811371269,4.9128159088672264e-05
13527,-0.6865884607711745,-7.210776366839711,4.903561958685644,1.27194422989035,275.53211410913684,0.08271909046026504,4.913071340637857e-05
13528,-7.8022524831252,-12.000562634900334,3.678821065713584,0.7788287715455049,164.95446817187369,0.07544536952708913,4.9132542653811585e-05
13529,-0.47465407683779937,-6.441888971958285,4.654275455117181,0.983608423923373,468.4344709160755,0.5639261062394452,4.913426857946404e-05
13530,-0.15514168417775132,-7.247871340694559,4.918585486544453,1.8686500537818274,450.53686811741085,0.06122797036286087,4.9134396247585404e-05
13531,-2.129033953302775,-6.786150181625493,4.738642362314398,1.649062744322631,151.64694285099577,0.3248922998073427,4.9155265451596955e-05
13532,-9.793151343748407,-8.007065711813533,2.70484498835842,1.8126003628137797,432.3570390388183,0.31149661364671033,4.9164917708123224e-05
13533,-1.8514300813603963,-7.017409745208565,4.8292137584993124,2.5077523896663196,459.0102242282757,2.558248387135067,4.9200180576223276e-05
13534,-8.094496408040591,-11.888363067164189,2.8842073273864473,1.5838793657490815,347.9770146102252,1.2123658018942143,4.9201310339596935e-05
13535,-0.3064377106332774,-6.8783276696482885,4.775483037886367,1.0438606420724899,276.74791288076995,1.8535566606834495,4.922309124489131e-05
13536,-8.23533323440055,-10.709885107688551,2.8591783966308806,3.40780178055359,530.3603692554915,1.3388492478981204,4.9226940573914747e-05
13537,-1.1645332300118145,-7.558723034327569,5.063407896742898,0.9429439159934047,186.00298539086668,0.4001441900593976,4.9238805085482545e-05
13538,-1.7693076479287502,-7.059335616164579,4.844319607263156,1.93428109890699,358.4645216169051,0.39077291341354314,4.926910752208237e-05
13539,-7.539697037374871,-11.956813007954215,4.145459823184067,1.8005291291466046,467.9013999489831,0.27939314696243134,4.92726265205909e-05
13540,-0.49468952048491843,-7.451453963313003,5.005496536212076,5.804540109431477,576.8148646047866,0.11565652886396638,4.929679556666344e-05
13541,-9.96116782541521,-5.335820811416348,1.578854294602835,1.7790307443754176,423.86988877939336,0.5184200576783278,4.9303460079953185e-05
13542,-1.6139355581814705,-7.199739649495482,4.895589592524452,1.8669818305359365,448.8035524720172,0.19698925421102587,4.930747145378982e-05
13543,-9.783828711818087,-7.26373587419522,1.5509441433758637,1.007849142639998,138.4809976732964,0.2798150001065247,4.931706033951357e-05
13544,-0.6424755247588756,-6.637910136517836,4.702691014706189,1.3771624772633748,299.7724064833577,0.20967940028058596,4.933820579353853e-05
13545,-7.768373136674634,-12.072694544307316,3.73501661053938,1.0814451254799053,175.87556693200943,0.1846337854624096,4.938940193388241e-05
13546,-1.3121124481692235,-6.539534471272007,4.639770154833663,1.814932078070601,434.2634791071829,0.5218134436253878,4.941415688507364e-05
13547,-0.6488471053124112,-7.435496985867068,5.00172641199645,1.6702863362798845,468.0710291418251,0.27575856784176,4.9424471479934724e-05
13548,-9.924528394046607,-7.890285807993399,2.850100808773702,1.4002682694480724,306.7389309166351,0.9902866328436,4.943469321243832e-05
13549,-9.786751749433913,-5.193024053968488,5.184668497815707,1.0966823473043614,287.73514079238106,0.4573140628472929,4.94361382967538e-05
13550,-0.19279170155294167,-7.028420134136016,4.8287439011351525,1.1363925280347125,297.99840945554195,0.48288326448141206,4.943783916709607e-05
13551,-8.115998905925117,-12.182532887837196,1.4493697232035847,1.3421719887294166,294.68453642639236,0.6886021354473941,4.944210729412259e-05
13552,-2.8565134778997585,-5.2832103410490205,4.703542659917217,1.8057265825431774,467.63758194987696,0.45337577630061077,4.9476806454317265e-05
13553,-0.6351175181257638,-6.732246340558286,4.724484925387695,1.4276206919154337,324.6408998470504,0.044213408468677606,4.9503864674988264e-05
13554,-3.222632906442416,-11.601398452769144,5.185502677623687,1.0224604766099326,458.9548513470865,0.8924567008140372,4.952673367457423e-05
13555,-1.210288114252755,-5.031642199962525,0.009919312538005985,1.2372552807852948,265.2778952423241,0.07019801829612593,4.955678703150803e-05
13556,-8.22335503526544,-9.936835341955165,3.6032600189429633,1.3189004382478857,467.75721463070107,0.4129749739126831,4.955828874075143e-05
13557,-6.1203147986676445,-12.257113452387694,5.064965299347791,0.5245598008291676,114.61288228867434,0.06806350019199048,4.957594711044896e-05
13558,-0.43946183148946005,-6.001575283322843,4.518142461934931,0.9035044909126329,130.2830203166429,0.324697563614305,4.9591645751188606e-05
13559,-0.9102200733118,-5.404758639262028,4.411426652999018,1.1156388080913833,263.79415279468964,0.7697848147356146,4.959691480352445e-05
13560,-4.68751396522888,-12.149688320708226,5.079837496085975,0.6208023940471517,128.30089980275028,0.09389939035858408,4.959839852125671e-05
13561,-0.561706513881365,-5.577672536022829,4.436488796012696,1.8219713430551514,433.88030663272207,0.5404750885193721,4.962703438986512e-05
13562,-7.333029409306068,-12.798696564669473,4.344165570015836,1.8076524306749533,431.2769042232033,0.1871410763118222,4.962974402494524e-05
13563,-7.138524953444615,-11.379253495768992,4.725091295852538,1.316322953913749,286.07504419942677,0.20065818583825124,4.963057198146404e-05
13564,-8.047875675422452,-12.554539175761146,1.3083333407640416,1.148647050841069,270.33871107633746,0.9070620925409782,4.963847435936713e-05
13565,-8.599751916053135,-9.672196276799054,1.9541206084122333,1.0322764295687956,219.40776663403744,0.17792585170935205,4.9657180805803335e-05
13566,-8.09327141953813,-12.634244854612032,2.7255822286874323,1.052210307993507,263.39400016517226,0.38728079571719576,4.966380284583889e-05
13567,-8.2450134774784,-10.199715507196688,3.2784401376941354,1.798868102879473,427.82768532246706,0.2501675905951899,4.9674906419449324e-05
13568,-6.055218189483426,-12.549177350021536,5.0461524484307105,0.9010799269056184,467.8577947886838,0.27298801736999234,4.9685170206816946e-05
13569,-9.339731599813133,-5.7885278939894595,0.6467185118847699,0.9599438286020774,268.6034310679664,1.7369503993101807,4.968788365231002e-05
13570,-1.7621934025881991,-7.682597347155807,5.086876633746179,0.8443255955068183,467.9689742375476,0.210857026354204,4.969777301944089e-05
13571,-8.112597461980144,-11.188352208413464,3.0553046067217347,1.427782974906462,467.8067228588802,0.0895984845648714,4.9705129383294754e-05
13572,-7.021974510958801,-9.68560639726469,0.03348394161955016,1.2973323653381716,468.2759875826117,0.503291366822638,4.9705189498218264e-05
13573,-0.9871552745840919,-6.788023987496371,4.7572807015898695,1.7948989563012359,427.00967913195063,0.04418069444103612,4.9711252882325295e-05
13574,-7.831725809362009,-9.831568117635179,4.525717343693859,1.1382350555270042,295.03753271970623,1.005274884940742,4.9728128192383604e-05
13575,-5.0364508586570516,-12.23389626036156,5.078752344441133,1.5761175499602185,349.13787967053196,1.1291674347894576,4.9751891063392036e-05
13576,-2.7700008175862267,-5.763499583067563,4.764633652422999,0.800637475507074,161.44161689453554,0.4010200363990428,4.976562068640478e-05
13577,-1.4858514811330927,-5.000113580922969,0.01912303070824033,2.8144681580687925,460.1053182695423,0.3517532790790696,4.977612433887051e-05
13578,-2.2449208818602244,-5.26796013240172,4.362894822055504,1.61059181505239,343.3827378037211,0.7541407380415635,4.9800188045675674e-05
13579,-9.839867993983976,-6.6374751147703694,5.038932026561204,0.8570300558575531,468.34696220809616,0.516254930454628,4.980428669880641e-05
13580,-3.01041007726924,-5.394196447591751,5.072447235214302,0.9714837625279908,190.250419638522,0.05372207194474132,4.9832110213791266e-05
13581,-2.217119724351729,-5.02537869393885,0.020378711927244973,1.0866365237754905,468.0706828574285,0.7140709662798779,4.983874870466552e-05
13582,-9.464320959332182,-7.38187654993763,4.933721006668587,2.264960073931805,434.4173237699536,2.1135763972035306,4.984259641571008e-05
13583,-4.029931587269321,-11.425367793701852,5.180033205347771,1.214815046855455,261.75825593272367,0.06687881522318584,4.985039902434882e-05
13584,-3.9487344929403454,-11.977641457158587,5.082145338450005,2.558037743491655,461.5911414448292,1.6879017000870098,4.986520669844573e-05
13585,-7.379526536815692,-10.782364625178573,4.638701294657496,1.8697034623056632,467.69310566245707,0.23791145099303268,4.9886874943155826e-05
13586,-2.5655360921676893,-6.52444296649023,4.88510418768225,1.0226325936523304,276.5857445089523,0.8433820106325545,4.989159933650493e-05
13587,-4.6950698827624535,-12.202655653912776,5.072399266220314,0.8417917950606343,245.82373513885284,1.5327084531457453,4.9900343779164675e-05
13588,-1.1430295395430594,-6.955046334556741,4.790190893055803,0.7551324427863263,174.83126672568454,0.013902580905793549,4.993364355266637e-05
13589,-8.196847833023876,-11.281557821750447,2.6194727962777034,1.8518492841786804,468.11696722655597,0.3721084120339482,4.993773290591224e-05
13590,-8.470675780903871,-9.994883575977944,2.4308153133675914,2.8279686911563338,483.29145660516167,1.299181281251526,4.994060063965477e-05
13591,-1.0417406200629404,-6.069717550191086,4.5254904767874375,1.10897001136265,285.7128310352733,1.636220072013546,4.9969469853452764e-05
13592,-8.693335823561009,-8.219067768547944,5.002870669813341,1.2906792358008747,236.62360404476215,0.02885630851373211,4.99904070550654e-05
13593,-9.153699362396821,-7.942328042767985,4.613224685812611,1.8201613526549407,468.4722930377256,0.8490759629405682,5.0007031680170874e-05
13594,-2.16757506701314,-5.210099071097341,0.018094960492715903,1.0032664889016336,275.0886767300487,1.8494333553417617,5.0007068977038054e-05
13595,-0.908768721655921,-7.794563353683953,5.150923328234881,6.083127480142799,409.1380284349626,0.12749248720615824,5.0033725989973345e-05
13596,-7.240455687850222,-12.627444786394701,4.457080280479139,0.9265161754994475,142.56828042084877,0.24849496267262605,5.0037126598656765e-05
13597,-1.030896202522868,-5.607969023446911,4.4317276005772115,1.9091632139516206,467.5915536702353,0.5067997911306534,5.0052065547652214e-05
13598,-7.646506997599019,-11.703471165969901,4.009461663529482,1.0873126134356175,431.5035886536204,0.5859761530184207,5.005813188303518e-05
13599,-7.880495036555192,-10.662486687131365,3.8906012963175964,3.801963728606684,546.2793862246781,0.5097093754919397,5.00704880258479e-05
13600,-1.3986478125042918,-5.875202196385612,4.480342132247473,0.43614383059745393,115.98827885392441,0.24796647809199346,5.007191268482342e-05
13601,-9.45643382425213,-7.7963047824412675,4.3317077625561495,1.1225221563871222,285.34414054118923,0.7576758391775913,5.007400098954756e-05
13602,-2.408550153892781,-6.425797657570776,4.615180195182434,0.8084721852801269,469.14598547289785,0.08179136686724409,5.007713129193203e-05
13603,-8.060854858409176,-9.151183793459944,4.825413510520993,1.2567382186424725,293.36381305970605,0.36153451879799636,5.0085728598340466e-05
13604,-0.35456449844738813,-7.179672314493344,4.875906749994385,1.8684521594723724,468.2369132899299,0.6004101914989981,5.011148693178156e-05
13605,-0.05680422540306829,-7.059860357131456,4.82759070800414,1.7216248341440872,418.3740954936762,0.025148360032979156,5.011871946207332e-05
13606,-0.6269629114425186,-7.127590085565409,4.8546890340150375,0.8736024356498376,467.779589925804,0.755796892212822,5.012004307574178e-05
13607,-7.75539745929742,-11.997430351524486,0.28028405675595475,1.0537468409701491,275.5818781865697,1.765726293909287,5.012448729744395e-05
13608,-2.531745813720204,-5.34087289650664,0.012965050873784523,1.7049802007318444,401.68064676370875,0.4430696492936228,5.0132603295338945e-05
13609,-8.44941729837016,-9.034145679671965,4.194602132569976,0.7640948266557348,467.8402539987636,0.311927256769712,5.0148026649804727e-05
13610,-8.767010448845966,-9.225747282252863,2.702795054409357,1.1581054038300729,468.7095781264746,0.8220762229925915,5.016661207294606e-05
13611,-5.1254469654385035,-12.693062944429197,5.040501204391726,1.5412373881056973,361.9614627260488,0.3885308090826953,5.021739235383589e-05
13612,-3.1551664232274836,-5.089724728055059,5.045985555752602,1.216651931551976,290.7975385616616,0.32394585065614034,5.021975034099036e-05
13613,-0.8520185756611127,-5.478834114881832,0.010638554274983454,1.1633243655709187,293.05695941046974,0.9295309701019709,5.022184032043207e-05
13614,-8.096125851224476,-11.682534776698617,2.9234390198223426,1.1160946228468036,468.09497252051113,0.7278461933036597,5.02324656734619e-05
13615,-3.3630799475374236,-12.295008103253524,5.044625626858555,0.990386912873354,470.2608338398039,0.030129947321703376,5.0234902844906096e-05
13616,-1.1628494162752805,-5.3487643029754715,0.019059069093921407,1.8143361421455158,178.30382265575355,0.26826188578138055,5.023940231896698e-05
13617,-8.068834254064,-11.913309032695366,0.968439769153443,1.1703228427398578,466.34174624909633,0.30621560616654886,5.0248019052643134e-05
13618,-9.681517275398736,-7.608903410108683,1.5704293144988672,0.5385310281847363,161.80488642782538,0.9907123733817169,5.025028928347599e-05
13619,-8.866804173792142,-8.686963215413762,3.7839647739752817,1.073647740358545,221.16034881372696,0.8719438341611161,5.027927433609425e-05
13620,-1.9541702184064018,-5.182476425110142,0.029910942229831445,1.6098251220710533,390.9829990921972,0.5392457121110352,5.028806009759239e-05
13621,-2.3366736159942567,-5.668795594979623,0.00027423318267357985,1.4121482319205185,467.79173509710796,0.019706485880219837,5.02940461986489e-05
13622,-0.7216296645825242,-6.847385020912887,4.737598632178468,2.4857663571579307,455.9558896834649,2.0401053283714763,5.029939706131109e-05
13623,-1.7683164422723614,-5.797548619062361,4.459656795496396,2.652631553900415,472.005312019746,2.3809179133776954,5.030856760583611e-05
13624,-1.1815307039107807,-7.68920488096302,5.078291653268118,1.1044423011286293,467.6256431110706,0.8997319174604375,5.030869353646758e-05
13625,-1.9284653378090617,-6.55407222782875,4.629107501960539,1.816865266207469,444.8681554980405,0.9338408409676049,5.0309236311501246e-05
13626,-0.5667237287071725,-5.562333224770862,4.417556492420566,1.0494477380743483,467.2862771144894,0.8939447267377387,5.0352086822981295e-05
13627,-0.924782046237171,-5.605515370173278,0.0070369467376485825,2.5431799767688688,457.518572099317,1.3424032791358185,5.0360426867997525e-05
13628,-7.885297179622424,-12.683285985020058,3.4056854492311803,1.0607955294375955,282.20266076396615,1.4777398839655733,5.0369702481539984e-05
13629,-0.5865205455243157,-7.811333041707057,5.150713807142452,1.7514548504244853,370.00298916731987,0.4042552811410536,5.038147429542068e-05
13630,-0.871453522172402,-5.7834326133666245,4.455247122592115,0.8048697774445506,203.76183447810828,0.6948358913174735,5.038513561408758e-05
13631,-0.5129844052847137,-6.79204411173047,4.727552850419623,1.8237598276792535,435.2665077364074,0.39803636101417883,5.0386729544951904e-05
13632,-0.7678713951778526,-5.54456491071792,0.012242291918546361,1.1045420221164028,467.2745361355059,0.6448818510117817,5.038997824944183e-05
13633,-2.1939553283089754,-5.524421536383413,0.014058737566115547,3.0426181468326132,498.1687508779434,0.9276219674209818,5.0403444246713755e-05
13634,-9.974414577681987,-6.451534663385833,4.935698478461671,1.7869738773017871,423.4565420423011,0.2748914272436309,5.042325496034072e-05
13635,-0.7070618885738735,-6.377285675381812,4.565986765270429,1.5877593402474877,353.03940410005816,1.6020850186429518,5.0427787550393345e-05
13636,-0.7113134406771362,-6.941046391505744,4.774730624735826,1.0576849735865865,261.6919864422205,0.28776728773541915,5.043442166967078e-05
13637,-0.49262898292963975,-5.1387788212855465,4.354864221234558,1.7900972497324394,426.15992631600193,0.31068345416617316,5.046509493980435e-05
13638,-8.08698914632321,-11.691555195656933,2.956163009352724,1.840927486517117,454.5375594279615,0.3229954680000544,5.046857130449628e-05
13639,-1.506050752827269,-5.716231723979417,0.003016122040152722,0.9494088467974852,248.42608590190707,0.8414337731284025,5.047981206336213e-05
13640,-1.2319239745488488,-5.323420705880653,0.030166705378879763,1.818411149445735,435.97486490036863,0.7798097812618536,5.0498798326998594e-05
13641,-8.199865925471716,-9.996541889339047,3.5976880044238615,1.6398808890269783,470.18909536444534,0.12372102662277573,5.050610067307387e-05
13642,-1.3837675880313185,-5.168881331939047,4.359262040217426,0.9548268635145035,163.70884694507424,0.17794239337042494,5.050628442253778e-05
13643,-0.7838789347283743,-6.278958554324539,4.578838998730406,0.7370607890202792,444.5049249297005,0.3265123982795606,5.0550849124597806e-05
13644,-1.7506004438012575,-6.693435716364271,4.69911270312741,1.6690932319620453,317.31984243433135,0.10810528163792466,5.055129867410102e-05
13645,-8.446754096249183,-9.262847722772605,3.848308816526387,1.0869941937131389,468.1228458195915,0.7726274126334616,5.0566391819781485e-05
13646,-1.3974958307178813,-6.083775749546184,4.515649507293248,0.9354478510650339,242.6358495791142,1.265978745656069,5.056913725813568e-05
13647,-6.57661978225045,-11.071969258959479,5.163153741879659,0.9236303460834654,355.6623760337632,0.18747173390401883,5.057820442403099e-05
13648,-1.4020762577564856,-5.589994576194153,0.015915100436009872,1.3504188896578593,289.6817956566715,0.4956314039700205,5.058451679222933e-05
13649,-8.92407715282552,-8.890660103559387,3.0444390883466106,0.9694717763360918,270.9610217926578,1.8583208907885078,5.0591339111292924e-05
13650,-0.5348766324072187,-5.009429087668854,4.345933561014265,1.1501673064884035,279.7234046435461,1.042336274608819,5.0622475229052735e-05
13651,-3.778126728844322,-11.663393445743687,5.1220910403765,0.5015108354175815,135.00988583865652,0.7596941851675485,5.064403976433055e-05
13652,-2.7168108805464524,-5.447599773865618,4.364770863407307,1.1833606367307314,467.7040738835052,0.3248952436960586,5.066400192695816e-05
13653,-5.798893975839872,-12.960838262473883,5.02952123819614,1.0728345449762706,269.20669724611696,1.4997995931343029,5.0674016986895285e-05
13654,-6.14546821336514,-12.288723303310547,5.051975545293031,1.5841894366736124,350.86638500069375,1.4412420415412068,5.0680945552404925e-05
13655,-7.870292020390792,-11.83498160017742,3.5417760299709435,0.8235590755546648,198.98180752709263,0.26616972641428394,5.0701061023221e-05
13656,-2.2865636714099526,-5.236624737139946,0.04541097957219721,1.7858273672375549,424.3790566129703,0.1156725955269069,5.070777145042576e-05
13657,-1.4449396168389566,-7.868614573584403,5.15962612205882,0.550759727564334,167.071655067639,1.2694478790286965,5.0710641338744224e-05
13658,-2.635700901556419,-5.247842029038266,0.03861323489624663,0.5898535651456519,177.03198108791975,1.1984164343215724,5.071247125207035e-05
13659,-8.36026373737586,-10.441678916719543,2.3270649317773247,1.824889425701711,463.79439409787943,0.3625261740676011,5.07290586874764e-05
13660,-1.1962432288844909,-6.647474853735941,4.647952896019898,1.4776467378752225,468.07289661440575,0.7155097937896153,5.0729610490061324e-05
13661,-5.254702990479928,-12.046329322473035,5.097557633937027,1.096802736818803,287.2172770418247,1.1241733062031658,5.073685629574128e-05
13662,-7.324981194005986,-11.161377660592498,4.574831840715808,1.814421000316133,468.53601028194606,0.9079482700258952,5.073994121687089e-05
13663,-2.1349597012539547,-6.68101611235265,4.7500925671657885,0.6312238880800831,131.2440885802823,0.4171219538614537,5.076338591493563e-05
13664,-8.101650318599646,-11.941796514168514,2.813513718156608,2.139622744615663,416.1132356375265,1.23533072947063,5.078199766947171e-05
13665,-8.22113183875015,-9.455729649726742,4.130662877955498,1.178150912092411,239.16563247223291,0.4497514151107671,5.079152365516975e-05
13666,-7.844791099137881,-11.088764835082863,3.784069521595125,0.7984725302355897,161.65230868472634,0.09802385352649168,5.08171228189251e-05
13667,-7.8585403626481245,-9.187070424435507,5.123264018689306,1.714456127072617,403.8094103856833,0.5745347524606315,5.0842474701777715e-05
13668,-8.497045918313162,-9.631285487889304,0.6826538488645695,1.8068542911583745,467.65970873917973,0.4296155900991572,5.084627732509053e-05
13669,-0.4741868520639869,-5.901384760415059,3.454205264122977e-05,0.7094619226985452,148.19849669813883,0.011505211103759017,5.0848458926587215e-05
13670,-2.2578190512788847,-5.861412233265598,4.4600622874378635,0.9222222882284605,245.71221595620125,0.3134824889609318,5.085586230029159e-05
13671,-1.601104701821873,-5.027192611126215,4.381698799046909,1.176845704755142,193.9063417749566,0.4596164345281757,5.0871120350930666e-05
13672,-1.1721214939704154,-5.794730449862379,0.010462752700314729,1.1698055754755146,285.9750775783001,0.9510535611115145,5.088445746518559e-05
13673,-0.1107059311340386,-7.789091935781954,5.105045229049597,0.9511175704360165,254.58257784293292,0.8449887168484667,5.088760052794749e-05
13674,-1.1734174188397333,-5.2879798597802266,4.361424691889621,1.387565616938377,271.79618108636663,0.06893409472608258,5.09080739939838e-05
13675,-1.764061075569952,-5.430398880893679,0.04116959593908998,1.371199358095247,300.36538932427476,0.9736846308339757,5.091260201911332e-05
13676,-2.793277992807065,-6.060961290582813,5.147281138997619,1.187170243610352,296.4662312143886,1.1670906265021523,5.095927865725223e-05
13677,-7.874600487931908,-9.428864643985591,0.26689278477523887,1.2801434669897092,289.64333546987785,0.182030542641491,5.096144507540501e-05
13678,-1.8936318066329552,-7.906502983777902,5.16273265954985,0.8970387830736609,180.6050652872928,0.46063881019828035,5.097642201376513e-05
13679,-9.732077397039507,-6.794678683581249,1.4478530033726993,1.4044005901125534,468.50443801606997,0.14635253203998833,5.0997349904852115e-05
13680,-1.2679757566312144,-5.190422799636878,4.392923738448355,0.9390525870309349,220.4054238244748,0.2549130528294796,5.1004108828174006e-05
13681,-4.237494662153603,-12.063224838983427,5.068860353049175,1.862546235442439,468.09463842259163,0.41455233885100995,5.1005553148266006e-05
13682,-2.088598674436777,-5.724927795698546,0.020653684323825812,1.8538719280587426,453.36227969554307,0.3580784458640851,5.1012468556171854e-05
13683,-8.289081220093404,-10.590156189486127,2.666049349541287,1.7570445232894045,470.04478065952713,0.1585588047790507,5.101529966048308e-05
13684,-2.4326680005042114,-5.672855828436259,0.025607255399348328,18.03924201266713,668.9698584117424,0.011677447605788593,5.1039611552014314e-05
13685,-8.926720009210415,-8.071935567684156,4.801502948862195,1.7082058340256996,401.43556762842525,0.468042907018531,5.105121946991387e-05
13686,-8.291675150278236,-10.370328870692333,2.905064481307808,0.8824825043217146,238.0718822816813,1.0682867340311262,5.105874356363977e-05
13687,-3.8572123661085627,-12.000752256364917,5.068828243637132,3.000335376883775,500.1203366573261,1.6862813462303352,5.106697941549337e-05
13688,-7.261297906228032,-12.789982935056845,4.419258289219717,1.1868224589057934,305.62965434636624,1.6722407264675994,5.1075853324008617e-05
13689,-9.422332623333764,-8.254752037126735,3.279534143508435,1.203547871712561,308.72393787867475,0.32005533656285046,5.1088338422209645e-05
13690,-1.8941966729069115,-6.610203150913207,4.666073448176686,0.5077961456307085,122.21619556745958,1.1821271374912081,5.112989400847811e-05
13691,-0.6364193349845841,-7.746664460292243,5.085103399891079,1.6610850137716373,468.53240005371015,0.9397966937202362,5.1135124415440546e-05
13692,-2.4592335269732697,-5.618257167911706,0.03372371459913274,0.9584379741802611,137.73061270025568,0.27840780454345193,5.1138074224025456e-05
13693,-1.9113596459878757,-5.5194096270266195,0.04398815294374053,0.9439636298856976,265.93597686691254,1.8429894716264128,5.114384308405799e-05
13694,-0.9017397858657965,-5.013895243245562,0.07473148540438355,1.2025890828117416,269.82054537458004,0.0900496955756136,5.114404571708311e-05
13695,-0.8313839448204146,-5.956550930229652,0.005292558035393981,1.5785527103070842,346.184124529559,0.780993545104538,5.1161532944274636e-05
13696,-1.0000821961818058,-5.819521776029679,4.444905647575039,1.0935236617719253,281.3087983301451,1.6195584800146259,5.1161761218565185e-05
13697,-2.321974867925051,-5.602687661198085,0.03877156092788533,1.8469203208506038,363.00338279636895,0.4788976732762835,5.118859872374395e-05
13698,-3.967317759811218,-12.927973245231135,4.9973809313854725,0.9464150377129287,467.65736649776227,0.6833576091474418,5.1188882365910425e-05
13699,-8.190599460673806,-11.899238341214868,1.9866522813007133,0.9264310295259062,193.14801002842924,0.30831426705360787,5.1189203443613505e-05
13700,-0.6558143203097586,-5.3027169745930305,4.399672282526097,1.0915550454876066,468.1195706381793,0.13962428946903316,5.119140354124967e-05
13701,-1.9953233499578644,-5.659356004849441,4.414702676292153,1.4446928460803248,325.5469141458755,0.28143298403367645,5.11914480025817e-05
13702,-1.6087111538399235,-5.969244068640907,4.475333512461494,3.8813144402396222,439.7863692372768,0.034081695660947986,5.120007075610971e-05
13703,-6.595670840081128,-11.353553164658797,5.078656605064951,1.2505904527090912,302.8555411151225,1.3777526910005493,5.120462340900884e-05
13704,-0.531285489844592,-7.556455014908571,5.037598093785174,0.9633343521405088,193.26417112421464,0.827963116735015,5.12238383199387e-05
13705,-0.28031625162688734,-5.63680476979614,0.03736055753162183,1.8023270122831163,468.0070307697368,0.3148859410752527,5.122985364410004e-05
13706,-0.36085134691109033,-7.745525870452055,5.082705257689959,1.8303264216313644,437.4409186601076,0.34417079053623123,5.1246710283603435e-05
13707,-1.3193671880021345,-5.194519920876657,4.387796162544648,0.772469352087285,154.83839373443652,0.3914483838928762,5.1251475695249285e-05
13708,-2.084020622635946,-5.382234734856944,4.357620369351633,1.090709120564718,467.0043683115473,0.6238828550260331,5.128917807101798e-05
13709,-9.983339132351508,-5.712202410316808,1.603393479325383,1.1574247575966539,296.52652912024934,1.0138034327070704,5.1293013809364336e-05
13710,-1.773413819821526,-5.11259993094346,4.310892179141306,1.5760227296409135,361.16591636525436,0.11518730325437065,5.129803169799518e-05
13711,-9.460290066103267,-8.126019083335322,3.5815151907354648,1.1970475928548256,293.92221630092615,1.304738084906048,5.132136265725261e-05
13712,-1.2274498512187613,-5.068940564473878,4.309386515196902,1.4264312086937008,313.2190421316651,0.6384996122360009,5.1325359336017776e-05
13713,-1.7575028117268623,-5.059748027034478,0.08030160939350031,1.039996408121053,467.7026268289488,0.690986335960404,5.1339955319176634e-05
13714,-2.108498516236854,-7.875838752590734,5.1275640202279815,1.413117817059845,468.110134411637,0.7366046515873341,5.135290451218612e-05
13715,-1.0938758727962057,-6.0571257127026445,0.0020981563754923676,1.072635729555646,280.0693940354259,1.7547112157179008,5.136737184636669e-05
13716,-1.767478990918832,-5.402469645283022,0.06243861685644075,5.804707729216959,610.7185326443157,0.18553014700563342,5.138146987170997e-05
13717,-4.442065174941253,-12.57642476209769,5.0209697427455575,1.2923840150469457,262.68416547489,0.06563213916694277,5.138479929907072e-05
13718,-2.0546300785454195,-7.439243680616271,4.9535975512947275,0.9592305032717898,268.49121323607767,1.100957974585918,5.141883482162033e-05
13719,-9.81433430705807,-6.045053849221567,5.172203680951016,1.5720417848192507,346.5237561086342,1.0927539548057048,5.144089563663228e-05
13720,-1.1636100187230767,-7.3073262729169635,4.897856687284293,1.5008018472486513,467.97566335385187,0.6080685710872924,5.1481979190914676e-05
13721,-8.276908744017238,-9.945180162136232,0.4884561384384785,0.9958514195881631,264.8120542869332,1.6424226701831497,5.148240235488761e-05
13722,-2.404500613499944,-7.427834486985764,5.0271715020173255,0.9576252607266397,265.5385347799386,1.4066553580899965,5.149883876712807e-05
13723,-0.5672559055674853,-6.4630493304484276,4.604976028362621,1.51050904330449,348.7002033734121,0.036684236088981415,5.1512664511973914e-05
13724,-0.6075582548003471,-6.431957493756876,4.562665452824103,1.044587289871232,143.384876250382,0.26248195938552943,5.152709476072542e-05
13725,-2.0992261765323974,-6.0505098728474715,0.00833329736151761,1.6584144527447062,384.2561972867649,0.13950384198932841,5.153693903664145e-05
13726,-0.14396102598975347,-5.667844554161271,4.366011853510772,0.943945626685276,155.11056987443078,0.17888460747620183,5.1542712562025425e-05
13727,-8.840478093052797,-8.089812647098096,4.9253646975618866,0.5107225113278331,110.9192199784763,0.4215971547186621,5.158017393472806e-05
13728,-1.2000341771516325,-6.255538680704505,4.5378877313581825,0.724625875515095,173.5820185766411,1.0320464777899518,5.158186902352331e-05
13729,-2.6929416825165067,-5.474087622952482,4.354963392033271,1.0043192607473468,274.5813805898461,1.7960638421670447,5.1601410137187114e-05
13730,-9.701911211768635,-7.440655182261248,4.493446500630446,1.1146337868783753,242.02900749652065,0.046918734203583945,5.161024225728559e-05
13731,-1.890784328624461,-5.228147260588822,4.347952471838243,0.8689021954611211,468.3089499026463,0.5017378238467947,5.161419700222482e-05
13732,-7.876427381912787,-12.462344607180157,3.4355657700578295,0.9975184673669871,254.86515880385693,1.0593093215070306,5.161809861200548e-05
13733,-2.4353609896655124,-5.653250738445468,0.05248612910402892,2.319732705985465,382.3561129887815,0.14413393627424487,5.163262966965186e-05
13734,-1.9313655165147487,-5.410000605481315,0.07202795645951184,0.9654077880158259,172.98261802752018,0.1490869103350132,5.164014196730039e-05
13735,-1.6773241619004704,-6.131444782366473,0.0034888514211073437,2.7028455742950666,474.24878530837464,1.6219922869928807,5.1654366845368383e-05
13736,-3.419120139708628,-11.426236585067397,5.160274067504617,2.544384253965681,223.62673524252205,0.2534715862009511,5.1659208340520056e-05
13737,-6.502339408591046,-12.721285866173154,4.9342252169220115,0.923831665154308,186.1990823123973,0.8954232105663582,5.167111067075514e-05
13738,-0.9378416248979153,-7.440822078431535,4.9494131931701775,1.952519314030638,398.1713092754485,1.5649374023561888,5.167979281241079e-05
13739,-1.0312428272811296,-5.910259688017439,4.45188873840457,1.8421937981680643,468.28611850786325,0.4969014819766455,5.168503515973947e-05
13740,-0.6779362702032738,-6.253623590881162,4.534838719815403,5.1003407753839145,300.62384547416696,0.22438449974554242,5.1699839379370705e-05
13741,-2.038516851151196,-7.0484940546704875,4.791511735576253,1.8153897970483925,468.15635013462315,0.3243314775011159,5.1723095179415e-05
13742,-1.6114390995368506,-5.431303044180742,0.07416603051379964,1.0299858221887646,255.1412495537732,0.1291203103538754,5.173251359515928e-05
13743,-9.195537213851877,-8.563171373950848,2.948788212134259,2.314332444733064,433.99251077770236,0.49487248295116704,5.173703051498697e-05
13744,-0.701607670881458,-7.295121021440364,4.891967136745275,0.4963724112504022,128.60209914589078,1.1888415512825103,5.174756948890515e-05
13745,-8.12182535661771,-11.745089997669941,2.7652840310096263,2.6884570177765865,470.08262671251094,1.2328364182995406,5.174969790583514e-05
13746,-1.0045595606593878,-7.0972835093973545,4.810414463403829,1.2257615195349136,272.2765029651096,0.2818663421876604,5.1762875502018176e-05
13747,-2.5830212875511265,-6.348726986971816,4.72028930874218,2.299116221623078,434.80059911464025,0.5306544027676052,5.177026965781719e-05
13748,-1.804274364359964,-6.372843834855792,4.578675770601878,0.7865962389574124,162.86964737625885,0.06562225336056837,5.177989533752479e-05
13749,-3.202134948376779,-12.728650105139211,5.060646667730239,1.267657481419623,310.88705757295304,1.4988028230951231,5.178491502369497e-05
13750,-0.38635828040435705,-6.748487360730002,4.697728512746599,0.9571108302307205,261.1038835435687,1.0852012655788421,5.178929709991684e-05
13751,-7.972476354999035,-12.667714109287127,3.1534139659994667,0.6671381492865095,183.00065097986422,0.6180097659509993,5.180837851772826e-05
13752,-1.5493157446443728,-5.495938392510131,0.0728227020878885,1.0861263852071803,290.90579013099943,0.8831476318211164,5.181623981978421e-05
13753,-2.2849059787493715,-5.932140867600609,0.03092063311358033,0.9716814702846925,200.1254688712869,1.080229485657779,5.1828327406782654e-05
13754,-7.744389131224821,-12.586344658219394,3.707527422883172,4.156397329818377,568.8416371205567,0.41296051519660093,5.189097210101207e-05
13755,-2.4195752757457623,-5.310506066291083,0.08827673331819466,1.4432236689813582,330.4653939904482,0.38388321036032913,5.190196661680236e-05
13756,-0.7383914062639487,-5.843092445703733,0.04521307079791084,1.976585082891101,400.4756318013209,1.6440624452872443,5.1904043271978695e-05
13757,-7.343454129304936,-11.208799923766538,4.532993080377762,1.3831535364121874,326.8951611755292,1.5935044987781142,5.190438901975546e-05
13758,-1.0781116797051524,-6.376034255130919,4.576792595594921,0.7919665832344565,333.57609934227935,0.18383369726477827,5.191275417900638e-05
13759,-5.180653825805849,-12.948639753715518,5.0156462790278,1.7662121251777816,453.63725770410866,0.4148478038692458,5.192046269125181e-05
13760,-9.538038003218208,-8.014058487487134,3.6816586419943107,1.7868349167715631,467.7025345596992,0.28741252865409006,5.192083644043196e-05
13761,-2.5680813452599587,-5.8846096928878975,0.037028762967214204,0.8047435491865175,161.8328235407069,0.13256110398120402,5.19299099037704e-05
13762,-0.9328664884500633,-5.766576715910982,0.054910949208003657,0.9394820272378908,241.57166901434897,0.15785942611702541,5.194400765683808e-05
13763,-1.4619698168146709,-7.0882387615035,4.802463342683497,1.8538344194083913,467.5170081729941,0.6189016714181008,5.198434700951058e-05
13764,-9.296889524380584,-8.476771920408549,2.2828468587666246,1.155621478442142,283.71501445720617,0.8047440744226106,5.198541833132888e-05
13765,-0.2315331083400114,-5.476757175244884,4.402367664858446,1.2684545025298548,468.38132335105007,0.4374984193231537,5.198801918694242e-05
13766,-0.8359226310076533,-6.524680534160192,4.6102015965346865,2.1996035402258096,422.65171979568004,1.288273704057092,5.199675294089655e-05
13767,-2.464971737544995,-5.929437021877307,0.037892100180349456,1.5512901131485455,275.1415816714883,0.06289680840998368,5.20008772206763e-05
13768,-2.6772047720020256,-5.908015158451323,0.0341141072269433,1.2499249048864323,307.9088754741235,1.60009201975679,5.2003207917361066e-05
13769,-8.858367171185648,-8.447597792783906,4.267748817582983,1.3650752843779308,309.63071519559765,0.8745475293190879,5.200593082149331e-05
13770,-0.5104730695169319,-5.8917193462162,0.04446553130980626,1.3004139720466843,315.3105628864693,0.4809955692993677,5.201706788805477e-05
13771,-0.23348253554257603,-6.071263582790417,4.481023076724266,1.1585898663588514,242.88728028499511,0.63523839472382,5.2019968583260856e-05
13772,-0.7290578110955135,-7.970204558782916,5.1636263168143675,1.0434705664829727,468.6605746867752,0.28986613742532974,5.202345047579979e-05
13773,-2.344322056525928,-5.726285137572892,0.06197764703637705,1.980065379004316,207.40364033702872,0.36556204265417236,5.202529490723604e-05
13774,-0.6550779729796066,-5.770344397244458,4.4160866989099565,0.8856508490615572,467.81908408306606,0.284012265948145,5.2033926553715834e-05
13775,-4.630495353224862,-12.221921351106223,5.05245688606467,1.1132594825733537,468.6577211877604,0.6894051083870893,5.205004629315469e-05
13776,-1.9358917345414124,-5.639355648729826,0.07097666075956184,1.8520524395665299,467.8330799096094,0.3090579091251433,5.206115476430846e-05
13777,-7.8588609885885,-12.902544827308864,3.437233021128444,1.1117114789532374,280.21943536625207,0.5715208740703668,5.207625980886571e-05
13778,-9.64833513472097,-8.095958142724747,3.00838291466448,1.2257215592799915,294.62608874974654,0.3875095367138197,5.208063434718558e-05
13779,-1.5669298885626546,-5.222960668158197,4.36801793857021,1.8597538624968588,446.5747936198115,0.12096397173220286,5.208428898860417e-05
13780,-1.1661365514979334,-7.594466815290446,5.037051884435795,1.2456153293096777,218.19011787829382,0.4880651533374163,5.208905865254288e-05
13781,-0.35917650920464084,-6.406202581851542,4.5561819980867995,0.6297567742433633,194.4444934117984,0.7957529519017275,5.2107662132107736e-05
13782,-9.803768627657,-5.276199340438329,5.145414279346941,1.9671487809222312,400.2070158778631,1.7750580772610558,5.2116903367907816e-05
13783,-0.7319584565997559,-7.576656343827612,5.0289314421736915,1.0665450950424593,467.43621477279294,0.18014357008855075,5.2132681615097137e-05
13784,-5.951527529212429,-11.955045766473756,5.098450736319488,1.4112119674991557,392.7341136723837,0.5939527377697269,5.215916272052592e-05
13785,-0.35565939401366364,-6.6364921997075665,4.653719062195241,0.6782688325627281,192.57343545371748,1.23137668971275,5.216841051246554e-05
13786,-9.50484991902237,-8.2608449758287,2.5588141774035997,1.6919675731732917,469.8872804821477,0.09836584891791667,5.21777058709121e-05
13787,-8.094172254703595,-11.403038811185475,3.0042984848618923,1.1902936770030397,305.55182475656784,0.5601831742213479,5.218402293348483e-05
13788,-0.4566965590945742,-7.28807892749224,4.880341946687584,1.1341364574180681,468.3201051404724,0.5058023860433662,5.220910334106558e-05
13789,-7.00606260274759,-12.641376874718347,4.66206817308742,2.5684771497428978,461.88016994989823,1.5345701756731343,5.22181487021485e-05
13790,-2.29207614088618,-5.655998823590772,0.075776807162774,1.091558865461966,290.36427375707575,0.982898127611219,5.222265774424574e-05
13791,-1.2875749049451262,-6.6632095941284035,4.661427403396985,1.2486976385396333,312.2026994034024,0.5241957192124991,5.224228553804736e-05
13792,-0.9141926726213043,-6.663731268587946,4.625964379547122,2.4085901566318264,448.97313431816406,2.3000521769240283,5.224623850207602e-05
13793,-7.536762542937584,-9.636479824531666,5.126463309534172,1.0930415874951356,282.6960746812954,1.1224209062344608,5.225228761128052e-05
13794,-8.3217401066031,-10.08610970612436,0.5877511345722141,0.775431076044353,467.92656896399643,0.25974250482910133,5.225982601985102e-05
13795,-0.7861663665234939,-6.71102790104676,4.677805972573419,0.8205621458149489,171.92256251881614,0.04875293613313758,5.226169377880476e-05
13796,-1.8499217599865876,-12.750872627018458,5.18837578726744,1.1031084191827454,291.176122352058,1.5133448632929003,5.2271166477181976e-05
13797,-1.925761821197387,-5.548341608950639,4.404930492156832,1.8278872082212625,468.166760291846,0.03465296010179042,5.230897253922959e-05
13798,-0.9398726830283515,-5.350342351902607,4.35253658497877,1.2258701857378298,302.7936510651317,1.5329621091924333,5.2311104787838245e-05
13799,-1.9564540785554367,-5.752880783572765,4.406624177490883,1.331873329729885,289.0842664151871,0.7005997129315871,5.231305501282218e-05
13800,-7.481965442232957,-10.004958855273374,4.906101851718691,1.361008187397444,326.3492248497326,1.6542133223864104,5.231347875526021e-05
13801,-2.0823386010390577,-12.924392459867905,5.188822396787621,1.111028411541274,256.4821694133698,0.7191963968084805,5.2345127486763755e-05
13802,-7.53754677567337,-12.836955357826998,4.04627147942572,1.0582854620605266,222.65942784285573,0.13549223270278077,5.2351517576675726e-05
13803,-1.8645463639415212,-6.4097896093699,4.577329131066521,1.1887999467370678,301.6976301223229,0.8355707908792995,5.2355634610950266e-05
13804,-1.717212573870329,-5.53236443016404,4.401672239308651,1.8746610838514959,460.22452129413443,0.6332857408519539,5.2357986916581126e-05
13805,-9.989483872309984,-6.913251718783967,4.6754004340255415,2.4520209686328553,453.7968214644314,2.5815656824992006,5.236120031973207e-05
13806,-8.16260704719801,-12.423211835852264,2.105870598794281,1.385531685928483,328.965990983979,0.49663238739482196,5.2371929117129266e-05
13807,-7.656644185929034,-12.80254070710715,3.852133182237787,1.7393163288083004,370.6622981840188,1.3498892223521848,5.23727606622634e-05
13808,-7.727229742513657,-11.422853956224765,3.9075522573511843,1.932308197361144,315.41143921755105,0.07002764187254318,5.2375297109386606e-05
13809,-0.5077740396867529,-7.391756172357787,4.916273767400285,2.285158129973728,424.509977032496,0.7967521839922771,5.23759251559748e-05
13810,-2.2090589282376607,-6.309127328917721,4.535940480267901,0.6723636183209543,468.7018645343576,0.47116741991367395,5.2378635445378214e-05
13811,-2.2356904427697923,-5.410421515867343,4.384659506137643,0.7447665791507697,153.68547142278697,0.19359990519042025,5.240686441576932e-05
13812,-0.663304238861425,-12.785588953501556,5.185811035510015,1.7000645639070524,399.9332416494182,0.48675735049887514,5.240697655972112e-05
13813,-0.8476983970838674,-6.0796319571191315,4.474421736568201,1.8524028193676885,468.12485536634404,0.7447519847834272,5.241916656229707e-05
13814,-1.5405017788017883,-6.1158729568742585,0.03174635749519672,1.536405475211998,361.8787179746045,0.6028324489581527,5.242539936345398e-05
13815,-9.823993442576352,-7.955125665274215,2.5941870907653763,1.0722950067599777,468.0442436188981,0.8323184912953598,5.2429379934021644e-05
13816,-0.40160181922233384,-7.618722284337571,5.040191565492601,6.27336983994686,586.53515988525,0.1312604252636156,5.244929524108821e-05
13817,-0.22785243546775646,-5.729633156975515,0.06592490587802037,1.6098867215440573,347.5573326708462,0.36674210771847005,5.2449379289390625e-05
13818,-1.5646830662072055,-6.081664989567832,0.039315353700579786,1.7973567381429172,468.7731137104972,0.5629142028239196,5.2472643413919123e-05
13819,-9.456106462495354,-7.481431338920583,4.798457390300506,3.522247063940862,536.9459244757383,1.0383449111534349,5.247831108634068e-05
13820,-2.2160028799113194,-6.275843984599125,0.013229262282758059,1.0770863447862304,289.0984753388813,0.8267855533479214,5.248749670491679e-05
13821,-6.392589960842942,-12.192290151901657,5.004431128745542,1.0901687044213313,282.57918885408486,1.4323359330862688,5.248752048714139e-05
13822,-1.1271686672963135,-5.047206754257883,4.29154155664347,0.7381226924724276,436.30167958207807,0.31828100147827865,5.249182403560193e-05
13823,-0.8264639009427679,-7.015722181540794,4.768565254023356,1.018766046069339,269.39536399591856,0.29856842613601575,5.2493267120096604e-05
13824,-1.4329787757313603,-6.3127875209591355,0.008747494268825063,0.8980840944481603,248.16367770941918,0.6017233049589139,5.2497335901928724e-05
13825,-1.3134123601309042,-12.838544414631585,5.1837072739069585,1.2326745693321841,311.48504086897094,0.5344837889033593,5.250560983918239e-05
13826,-9.907925050154399,-6.602052469350541,1.573701705543929,1.1229554821460404,222.50769797181246,0.4732606406440043,5.2510782864691276e-05
13827,-0.9913797433886486,-5.480562715526958,0.05367822032429444,0.9202282743112277,469.49948811178183,0.12152995439162328,5.2542636354959835e-05
13828,-0.9854062398911889,-5.705575771611121,0.08416451640564385,1.1111332934124427,280.4578822668984,1.5804256149218174,5.2554300391314266e-05
13829,-1.0870429137112136,-7.810531396342049,5.083609108773838,0.6458918433065177,185.3332484007587,0.5200329746211443,5.2563756542736604e-05
13830,-3.19455201855233,-5.264038368374303,5.18918705759325,1.405774713608849,468.3127015747117,0.5030952853126669,5.2564448301045585e-05
13831,-1.9828489132539335,-6.196291204242479,0.026138482513662433,1.0904073216500048,299.06356620786937,1.2050047180788779,5.2571451314986477e-05
13832,-4.506570195975331,-12.684088274655373,5.007226647654132,1.1105790350097435,131.04086944299348,0.35199908992533846,5.2603624171191116e-05
13833,-3.0972298216515153,-5.417581515419944,5.110827880385761,1.1158795149354983,290.2482711121388,1.204823669429886,5.260400010847989e-05
13834,-1.6745560798084096,-5.689337636333784,4.3629948872871145,1.066857914467033,255.54793035873445,1.4943278208314545,5.26283921881335e-05
13835,-1.0327420982967865,-5.805219209462901,4.409703432187819,1.1540909514052888,468.12936211432003,0.49912078713554564,5.263019629504774e-05
13836,-0.6149981819485468,-7.0650707532871655,4.780581204408503,0.9015006201800668,467.7511632074229,0.6553890622043754,5.2632083431215665e-05
13837,-0.1850592581448538,-7.451256149268916,4.935858189334095,0.760547751411718,467.31544941858834,0.27686549594714815,5.265501803963215e-05
13838,-8.152543177434527,-12.670778376752828,2.141441583412076,0.8969700664902116,163.39249467800465,0.4140655906439026,5.2658464341610806e-05
13839,-4.2517652219822395,-12.124278156584628,5.05457752193558,1.6622625664335418,388.7632716226747,0.7242956542510823,5.265986533944471e-05
13840,-0.00033660016194403397,-5.182565304803784,4.339610792785219,0.7669996375983594,468.07036005470195,0.3979886884495638,5.2663562615431586e-05
13841,-1.5683413323384716,-6.389592349507512,0.003939108479332252,1.4123471382929476,468.68093783187544,0.6105808136468136,5.2671091472447785e-05
13842,-2.2667530091282497,-5.960491649239439,0.06316995139641364,0.9811819847423475,456.1026296113532,0.19821421590643595,5.268170671688294e-05
13843,-9.806353571228412,-7.913475907950701,2.2666407094572913,1.087250233396268,285.99055220388027,1.6828231925393569,5.2689848348366114e-05
13844,-2.288707634525129,-5.919404709562923,4.431828483028315,0.9505699077085442,264.8615670887837,0.29665840894583084,5.2692473579291454e-05
13845,-9.774753205771276,-7.012502720206658,4.862589194814507,1.824476319581195,436.7226299855869,0.1481891499749679,5.270608789287637e-05
13846,-3.0431448171469357,-5.339092924612606,5.0501702096082886,1.0860588220696628,186.4789163598367,0.13700202126497008,5.2708131440021076e-05
13847,-0.5828614904382601,-6.489746378628869,4.58896800467315,1.0361085252051618,271.2132121076817,0.8192000993005415,5.272543499705048e-05
13848,-9.214386704954915,-8.340357532383246,3.637874381430282,1.7906473357686248,426.84842222170147,0.32092478467679886,5.2728918181729427e-05
13849,-4.082520130582681,-11.800954615481071,5.0937803688711805,1.7468730257354168,414.661386729948,0.6506220307610446,5.273522205073821e-05
13850,-0.8853821248658793,-6.42212695069661,4.570587424265686,1.8857610353173366,469.4495654352319,0.03397851325919188,5.273592533954174e-05
13851,-1.1904209298180906,-12.35631914194757,5.188952824322281,1.000639445748209,468.96151676958425,0.6393182672934961,5.274130304846085e-05
13852,-1.557218319551506,-6.724750281965142,4.633552389084392,1.0651643402225304,286.38442192108727,0.4175561185230299,5.276559501709827e-05
13853,-1.1220758766285996,-5.522399950299439,0.05740191880588036,1.341269268072648,286.8018209050614,0.6790477566330537,5.27725482390782e-05
13854,-2.3396989600450944,-6.206379773542835,0.03289336828867085,1.6297752301025739,470.2182971124647,0.05763001242130983,5.2776667091299346e-05
13855,-0.7473667240791322,-5.787676836677144,0.04070594139053544,0.6613310925542654,135.60028156292015,0.9293707474409603,5.278807732828882e-05
13856,-2.4991326437473056,-6.321956472089145,0.015216436494780352,1.6805386028081764,393.1190623509911,0.3665794450877735,5.2790939630658126e-05
13857,-0.8493742336842018,-6.601382559716144,4.61392452536569,1.2011442356272986,306.97518876163207,1.46796127069166,5.279564918740096e-05
13858,-1.5363465832352379,-12.316799635545882,5.18863609005844,0.648384961591726,131.12667083633076,0.8122454965111041,5.2798469122173655e-05
13859,-1.5255289669145888,-6.236845672638404,0.028961489304374137,1.310367486392661,319.7497802350045,0.8466337139611264,5.2808910574666795e-05
13860,-0.7890251716739254,-6.39870186004648,0.0075827640196046795,1.7827620536902424,423.5129954405569,0.31680499297047593,5.282806032081927e-05
13861,-1.5517808890842346,-12.779934274074433,5.178687648752837,1.767379958368845,418.06060278676847,0.49660911478996717,5.2853803205477156e-05
13862,-0.9574918219614723,-7.500140218451316,4.952230980732239,0.7521601534009401,174.31462855098988,0.01532222238532821,5.286447013999435e-05
13863,-1.478673392435093,-7.375497877874816,4.900384692107545,0.9853132666536903,466.46641012345475,0.6988163228904583,5.28707196236806e-05
13864,-7.538336260623997,-10.742308569152497,4.42346631751062,0.5232578624009319,149.23368209668297,0.9364216079510443,5.287605104132689e-05
13865,-0.36183208451974913,-12.226735581934799,5.185581399985722,0.8250121672953984,237.13141645808278,1.4162604036136894,5.287743416807692e-05
13866,-9.962821419258951,-6.162871855350713,4.97276691966703,0.8655864274990359,243.71043759565256,1.4210874895992163,5.288672950804635e-05
13867,-7.647446859393025,-12.787112320056305,3.8662161890485858,0.585587692220417,156.73724270819878,0.9477426330143155,5.289053830206115e-05
13868,-5.668414749726614,-12.42283359030499,5.052683236778496,1.5018176015081448,343.316526520351,0.6037636764224992,5.292152607416568e-05
13869,-2.7624677356169824,-5.597152937484535,4.569762305611724,0.6178275519359788,135.29364041434013,0.22666560959754722,5.294112413510174e-05
13870,-9.96377906289539,-5.402298409299639,4.951955221624166,1.5977813180605889,369.07712135616015,0.1909041387852115,5.299599521419383e-05
13871,-8.230747417809091,-11.296706013248214,2.187263133754765,1.2407277018213727,467.8306199797063,0.7807180166886676,5.300498753367869e-05
13872,-7.292621089191852,-10.206750705640847,4.998213676126522,1.1054351534679114,467.98489315277766,0.8279327221211998,5.300896482789022e-05
13873,-0.8116096126972412,-6.91749089316637,4.722025726548603,0.9010595725701772,181.5127979348308,0.036475516262567176,5.301620724312598e-05
13874,-1.3821915289076117,-12.053906331946715,5.186468864550945,0.7485051340414245,163.65352765364614,0.25298525873203825,5.301831961387271e-05
13875,-8.593618285891658,-8.429006104551991,4.831162061708407,1.5841265189705733,364.23167295266234,0.4929054889407043,5.302746751816187e-05
13876,-0.4869797301085992,-6.806099470565644,4.693420815728317,4.8953943779408755,294.9369253639862,0.28545425747466524,5.302902145642761e-05
13877,-0.36093998351463163,-6.9812186448772415,4.734864518745778,0.9794958138206852,468.43209953063473,0.8003554675969848,5.303422233088165e-05
13878,-1.134060892782946,-12.883799539895005,5.1707398316021,1.95995902832715,398.7560428763198,1.6798898680271002,5.3036432491591746e-05
13879,-2.1076233700904172,-6.5354592218468115,4.564377370397732,0.86974071131817,440.9372134199015,0.8486271744799829,5.3052610562364806e-05
13880,-7.979495688247234,-10.400894766284345,3.7985622317701653,1.8758104408960092,462.79465287190857,0.14614517054839293,5.30631292820635e-05
13881,-2.53392050817114,-6.818101857141683,4.89866587852561,1.5272335803903292,456.54465670938936,0.6361305129669708,5.3067798596522704e-05
13882,-8.773804659139842,-9.233472472011254,1.7239238349924915,1.1001774568142142,467.6952624414864,0.9423432258672113,5.307251127642506e-05
13883,-0.2595662918212369,-7.554214156224146,4.970405807482203,1.772925059810265,468.5475525034343,0.8355231651408426,5.308416669021625e-05
13884,-2.306602193785504,-5.331158019628438,4.304355002204183,1.0771690151482993,270.95069975261737,0.17204229441739916,5.308511041138591e-05
13885,-1.2278981523085513,-5.6138510278078275,4.356347456579631,7.454056221134825,664.81964388287,0.1734826242187344,5.309196589256864e-05
13886,-0.2551244843284337,-5.939044035577754,0.07384924476048187,1.9039330153154173,468.33466449873043,0.4463776338345129,5.311111246101937e-05
13887,-0.2844909185944342,-5.30277427356811,4.3361764566593815,1.1448562860191218,299.7965701964932,0.68781888242746,5.313149391553916e-05
13888,-5.844825312510449,-11.80129049775539,5.119503344650147,1.0062626218111368,467.42442784908826,0.09278654801203778,5.313770789074592e-05
13889,-8.202520637885328,-10.981098172303213,2.739745349120074,1.1500078901268598,467.3790605538647,0.4839794099923447,5.314637162381793e-05
13890,-2.6170577918225213,-5.4059997458726805,4.305766734881611,1.5223206712017134,344.0785951669983,1.6399670994994322,5.3150842814236104e-05
13891,-1.672323438874713,-7.317681089086725,4.875022841660373,1.7242211717570626,468.00812250380073,0.5900071256757249,5.3158742954562606e-05
13892,-9.817211380767924,-5.516523430540947,5.137447272813941,1.3280319310337987,136.74108990141698,0.36652384260814763,5.316776129202412e-05
13893,-2.2489395824754013,-5.3725532601872565,4.33758414488335,6.259622533039938,285.15714780733043,0.2999934698123088,5.316974886702624e-05
13894,-0.28175403234182816,-5.229973130551787,4.295732911932147,1.0967857822785338,467.43315007148146,0.6467125399451268,5.317496728239982e-05
13895,-1.1819086177501532,-6.235164287453014,0.04623240162434892,1.382150887674043,468.0307346925636,0.47309861899543915,5.3194066600234014e-05
13896,-7.781294214491352,-9.97753121928014,4.469903803295212,4.063646631982724,467.70492902368346,0.05881289801246492,5.3196702039767225e-05
13897,-0.25242383826768844,-5.622506312536348,4.395990957576276,1.2055342986415878,253.41508711335015,0.08026286390389181,5.32055200729157e-05
13898,-9.540495299354674,-6.503858449885587,1.16180254540054,1.2844256809974988,276.28773276750104,0.2305010780719874,5.321394811883787e-05
13899,-9.906176415548718,-7.167705355494956,4.538369048272881,1.0792977528327585,283.17202071989306,1.631013571439377,5.321534562038486e-05
13900,-8.428995531874943,-9.908906921050196,1.2095574484989096,0.891927493508159,251.03765580041366,1.1997782614839325,5.325561084931443e-05
13901,-8.210457298675312,-11.515943484799486,2.1248992366074066,1.2650384118761515,311.66300534639424,1.1277949921568782,5.3257898846727546e-05
13902,-1.1383041830266922,-6.370378780053963,0.02548238402525454,1.821194645955005,434.30979193028514,0.4314262851791417,5.325874122465342e-05
13903,-1.2256970482035427,-7.477137293954555,4.9355692312764345,1.8194448845644435,435.14934834791916,0.05830466750462282,5.326316646173495e-05
13904,-3.642508629995702,-12.216759647476348,5.033663086659318,2.5849630051648784,458.3926469826919,1.035010269873835,5.326499634319377e-05
13905,-5.923625234985306,-12.51192014078776,5.036630334510987,1.5808183987427333,364.86187407856795,0.30896879651595643,5.3282373658405855e-05
13906,-1.6404813755113405,-5.98807103502712,0.08299407311568835,0.9065115706964644,241.6199144573108,1.2523405213180832,5.3290415483282795e-05
13907,-1.4673063803611939,-6.199429232917097,0.05587508249292488,1.2092914367546652,305.9902498852074,0.6574518336684401,5.329552359324213e-05
13908,-9.419480938870352,-7.377824588199781,1.132635397513333,0.9675571538741545,270.328447497283,1.4105701643525288,5.3297320302462045e-05
13909,-2.3171724389151285,-5.700222126324807,4.3638492925389025,1.4915679841292306,467.9622369349158,0.696737344447131,5.3300007653252125e-05
13910,-1.4230898645060481,-7.605793138462424,5.000551750112828,0.9610944576797187,145.45995862930624,0.2425367272092691,5.330794117223424e-05
13911,-0.534567131026737,-6.256514601970757,0.04823663741657821,0.8154017120459283,150.7267526859625,0.31029482482601534,5.3327985515996514e-05
13912,-2.470105332864687,-6.432413533060879,0.017691060741526664,1.2570864883604136,300.28043749131456,0.31739484504914994,5.3333493382038e-05
13913,-0.8533596094561986,-6.090976656689105,0.07230463892374384,0.8173033746919456,467.8227185989897,0.4363889698907242,5.3340556101478e-05
13914,-8.08856410480098,-12.167421354100897,2.7771707738129026,1.6628838196564732,416.21743894921883,0.11469094908271948,5.334684851511474e-05
13915,-1.9087373259723641,-5.160645763502514,4.316325286475676,0.7047921697606115,209.262624114588,1.303131154427434,5.335880772662642e-05
13916,-2.014519204483184,-6.118890826435534,4.4636025837686475,0.7477413070375208,378.6136283385406,0.3130937470359525,5.337718548795757e-05
13917,-0.16450325858770043,-11.796355781289545,5.18962142243305,4.592028433660379,598.9526090578602,0.5741767761048582,5.3379496029580933e-05
13918,-3.5021710272474484,-5.050456399867878,5.085537383532614,0.8334372543094839,227.7226098761711,0.9936252368568796,5.3382557676954344e-05
13919,-1.0840809109443121,-6.317617801186621,4.517036920149373,0.7923517818946745,187.26997978358784,0.2025399502042573,5.339351674562952e-05
13920,-1.8915675398134528,-6.264609998542799,0.0495827570180993,0.9281691889438078,241.9185011117644,1.293400966791892,5.339423987469292e-05
13921,-0.671018213020611,-11.993629703573916,5.181723297626127,0.975025070943859,468.038379671749,0.627538782055046,5.339444069660638e-05
13922,-0.27956168982126783,-6.04165944753023,0.06807346289070582,1.8279747158175152,467.7932921244086,0.10243564986501053,5.340724466725101e-05
13923,-9.951800609996706,-7.621413141576187,3.7658332011588564,4.252713629647717,582.9880206935793,0.8079940940936741,5.343256845014536e-05
13924,-7.750104608757571,-9.891285404860568,4.5878431668226725,2.390983563460021,438.56765547533445,0.91741040302239,5.344177220458746e-05
13925,-1.7269114100410796,-6.191812480020396,4.480954828856419,0.9929059710094401,210.85143874498712,0.6474979895582251,5.3448878616487224e-05
13926,-8.477597139563898,-9.846217528034344,1.3820002463135446,1.2002818448791461,468.1884366958282,0.364399719706868,5.346661475207605e-05
13927,-2.214783751856598,-6.877838604184992,4.704334481100252,1.4236816327251518,338.7519514779808,1.064727201280375,5.3477298397063626e-05
13928,-8.146584547785984,-12.832831155275406,2.1237976688580837,1.0992301581273474,248.6613258558466,0.33024973194032103,5.347905273862744e-05
13929,-7.998523579835107,-11.105457182775304,3.398712137442594,1.817179101675056,433.4182783724718,0.008814065673885985,5.348083656690517e-05
13930,-0.08826368784562177,-6.189816844709924,0.0498669251709794,1.8700695252418036,468.6437619136999,0.26027827280866855,5.3491055187930065e-05
13931,-7.512038568212541,-9.680056106625655,5.113050292736209,0.828989797285916,209.36589225807302,0.26832221990500305,5.349158430357017e-05
13932,-0.5964872528855505,-5.208861464556934,4.286137542105796,1.1773111697560992,466.3964007393583,0.3268687832048327,5.349423714783643e-05
13933,-9.389390361304311,-8.30244792069221,3.1581720202488093,0.9239269776804665,262.2851791799606,1.280817238166617,5.35118421498375e-05
13934,-9.60085365798689,-7.124096331436705,4.98867990261203,1.371501746838847,300.9359304869441,0.4021693202849539,5.353640199479409e-05
13935,-6.343981278705757,-11.71957122379285,5.072274370540534,1.7984267188376992,468.4625074806112,0.8203866834821794,5.354406938943379e-05
13936,-7.874246440031138,-9.704600169277134,4.535489129087292,0.9286946210672388,467.4182025128515,0.5906721232354055,5.354508776717105e-05
13937,-9.878208228957211,-7.611554844436963,3.9094306979151665,0.9672064331072692,253.62387419385902,1.5534670065709753,5.356888981490744e-05
13938,-1.0599823694216486,-11.955872620200763,5.179527828787818,1.7968362481513553,374.05537133945177,1.0954929922300698,5.3584019970202454e-05
13939,-2.380345757944461,-5.069106954714983,4.268838277560849,0.9056559672475908,246.4011324141275,0.7036195645326755,5.3590399912799084e-05
13940,-3.6944312702570272,-12.648289696909043,4.995832144117439,1.1059161286631078,251.47194530574185,0.2685644915339376,5.360420423666178e-05
13941,-1.243209587125845,-6.20981354776767,4.48242061559864,4.39834612015759,589.2424065022282,0.6573766439378597,5.3607456655391436e-05
13942,-8.55668399522063,-9.681492558695243,2.561428999406959,1.3819605564021715,328.38586558562133,0.2273895816403888,5.3612882519413255e-05
13943,-9.373975053121699,-8.199112682200237,3.570256590738065,1.8315536276969562,467.83777345076186,0.5765300805651323,5.361818676476468e-05
13944,-3.186388006281611,-5.031594203616451,4.9754119624997335,0.780297802070844,161.32617909855333,0.09606210712904417,5.361877921409675e-05
13945,-6.849987995473276,-11.338262997646392,4.936852815367525,0.8900588866738673,467.74290157084994,0.7881279798444014,5.362823163047969e-05
13946,-1.1543981738061042,-11.66450242466996,5.185788328938757,1.3293936225776348,468.61471421464256,0.013449398963532921,5.363641969048253e-05
13947,-2.6527924500772517,-6.315665687275427,0.04489172329011851,1.588747348229974,352.64525353948267,1.4467026887373002,5.36475608886408e-05
13948,-1.7528982099363315,-6.0880208262341675,0.08427415925204189,1.180720170249579,246.40707044290525,0.27316080549711774,5.3651570393647853e-05
13949,-2.4623692320057513,-5.682627315897499,4.35616530434937,0.7725706135036853,153.31823931718327,0.05816688542973392,5.365884122372512e-05
13950,-0.20692779420661722,-12.822646650330746,5.169164413689069,0.8468941124773334,214.25548812078566,0.6075827701962586,5.366671991259162e-05
13951,-2.2297916062683623,-12.949763590918911,5.1719268688683915,1.6020912786743957,468.48466846614275,0.6604367950909067,5.3671474667848004e-05
13952,-2.6985040351897647,-5.468580144152475,4.378641014976871,2.7411047033240523,479.04300499668915,1.9978819475556966,5.3686699113466575e-05
13953,-1.2514708419800407,-7.65452710189482,5.0318948393064105,2.91447723904846,187.6598498442158,0.3781805497787287,5.372328833020055e-05
13954,-9.712659299144363,-7.055721190574956,4.899192740878934,1.0925700493875825,468.0169921307402,0.8323864092817876,5.3724465237944235e-05
13955,-1.1498921819341934,-12.747361160749591,5.1688890135347725,0.8303639634547685,167.97292008710195,0.1287213954385491,5.373272135544379e-05
13956,-1.7302766469536106,-5.081031914940792,0.09544278157863408,0.8305742099159851,467.0072556583109,0.023384830893244946,5.3736576324580976e-05
13957,-1.0603282287015574,-5.725843741463264,4.372010065412128,1.7509682851554516,469.6540247056581,0.004638916322743825,5.3744579107821246e-05
13958,-2.164539749682114,-5.118922318914971,4.270535664859912,0.9358438877747856,233.63960572862706,0.7660150191246524,5.3745906138581596e-05
13959,-0.5778571790109304,-12.97240997821652,5.166505142238687,0.69793951127064,292.14725813052166,0.3793781957523068,5.374852318001098e-05
13960,-1.437506914995593,-12.029592935298364,5.171285185132008,3.057402598700359,505.265069100231,1.8516766444396326,5.3763748253894304e-05
13961,-8.17384898598279,-11.679658256501634,2.4368932888421084,1.525648450879512,347.10746892146693,0.18140528572845493,5.376939730886455e-05
13962,-1.4241576334343602,-6.372116228011556,4.524624928937645,1.1210289600317433,225.09337239827138,0.9546230696594993,5.380121386207456e-05
13963,-1.6769816903558414,-5.528191255186866,4.305994067812862,1.2083082107668968,306.94231943569065,1.6842544182427313,5.3814508672533995e-05
13964,-8.666368116790736,-9.294266389883125,3.0131691557226525,1.0013359118873,199.38187008802467,1.0017555916758143,5.383747308531754e-05
13965,-0.4026190587223404,-7.518577435572266,4.942268443279664,1.031324947885948,468.1916663692891,0.8768364915395432,5.384656443637477e-05
13966,-5.238860083013946,-11.657375794888424,5.135209891727546,1.0497139325866423,236.66611959211136,0.1407953643547355,5.386635928271349e-05
13967,-1.337221126420559,-7.445157235064867,4.911340405951568,2.360159594623839,437.28682323845095,1.132241369968785,5.387098016261076e-05
13968,-1.2228986448498365,-5.324392387910752,4.321604678519063,1.8454979743183872,442.93773114521883,0.5244379286772425,5.390059342586642e-05
13969,-1.3354367608895537,-5.243941096961447,4.281096070347756,1.1008065131265115,286.82066774334817,1.7515440852339408,5.390238054762664e-05
13970,-2.1755156635548314,-7.193982655639166,4.809583182512035,1.709075546777509,370.25753190624613,0.5999219342437323,5.390322421976331e-05
13971,-0.5319905165337193,-11.859147856836177,5.17662475077863,0.6801916550397411,138.28138478786235,0.48051596653941875,5.390667375820425e-05
13972,-5.2761536699503395,-12.234419002712416,5.056599986640508,0.889427790672522,467.96258792059916,0.09378735800630889,5.3926290771087355e-05
13973,-0.582775716748662,-6.333196066448318,4.510222274277043,1.1795245989643732,469.387466018879,0.1752284710165375,5.393797559935818e-05
13974,-2.1984900764154593,-6.844939826371199,4.69160900976343,1.4640904610465666,467.9106894247572,0.4888391929579976,5.394795726507055e-05
13975,-0.5335557099680059,-8.188773298672034,5.189307800948066,1.9145023427693708,394.61570553238033,0.7874573799730831,5.3954577158762086e-05
13976,-1.2622915742760572,-11.819776317628653,5.1767610703825335,1.142525928237097,298.4016885840936,0.7418788343979719,5.3957591865165336e-05
13977,-7.392926280151762,-12.46897615578832,4.264007173148538,1.8871551718345538,453.9237250826627,0.274934374460285,5.396817411182431e-05
13978,-1.951952364619924,-6.503276075659516,0.02813834100408523,2.2154970073154225,424.5508464867407,1.1950251089245167,5.3968429957919585e-05
13979,-9.863163986180737,-5.60559451202613,1.5257542886648232,0.9928717678038027,256.1882091923024,1.2397090995656308,5.397464388871616e-05
13980,-0.9317640265539833,-7.158171271258814,4.793194762015657,1.5659609567024606,468.4972824662435,0.6600570611186631,5.3981441158230224e-05
13981,-1.4783737001880652,-11.571985634431487,5.182826010461452,0.9779143310997774,260.552744940718,0.44348015675245467,5.399512958682349e-05
13982,-1.6390856859300609,-8.143904697060144,5.17742624320159,1.658027897797724,387.6709534342563,0.44767420368695543,5.400488058612574e-05
13983,-2.5397199868540223,-6.422595719283836,4.644447782923055,0.9088585334920148,468.016513613858,0.37559398098531904,5.40091108887872e-05
13984,-1.2205441131731867,-7.6606624386206885,5.029020501614082,1.2873473714607444,290.72762426549673,0.6965632360541276,5.4012077433899384e-05
13985,-2.07335659051283,-5.313741515097144,4.287129014912511,1.7086016324766424,468.07457463303615,0.7164472321047226,5.401359308645101e-05
13986,-1.5275827688906336,-6.234379619968251,4.480405914494887,0.6955654609764186,467.2931178262683,0.3793817091085776,5.402103862531131e-05
13987,-1.9679770528761882,-11.455669188324014,5.186032008972964,2.6730131081380764,473.54087173049646,2.223766014985352,5.402348509327808e-05
13988,-0.03270572071140876,-7.644330229486627,5.024064186991681,2.040178715350523,408.566629416198,1.748873686651872,5.402925520091647e-05
13989,-8.208251813480544,-10.781858570293048,2.84842650945959,0.9361920872511758,469.5762074548575,0.0029727602266538256,5.4032417434332537e-05
13990,-8.223756200898586,-9.485718036988338,4.061712446940789,0.7716197036789141,153.17471518818277,0.35449370105429967,5.40342528750998e-05
13991,-3.7820361469154626,-12.028842496523533,5.051720885399335,2.1836715225996564,425.5882529481362,1.9829911852427307,5.403645143976272e-05
13992,-0.25097055423862713,-5.604142096479985,4.3478129304307265,1.8735465520747188,468.0750203793748,0.03402000879595324,5.404293743326109e-05
13993,-1.6629767975403063,-7.539522055060176,4.947388830336745,1.792374647639429,380.0025749942795,1.8412225357084617,5.404436076487796e-05
13994,-3.371060261092418,-12.623312076872711,4.993748193595786,0.9886360206472262,245.87740243132595,1.3499263498318914,5.4044976912136736e-05
13995,-0.19201464997471973,-7.511641229429443,4.935790603152706,4.399774972401883,315.4724384363771,0.17096618452284762,5.4050370253558125e-05
13996,-1.3464275282243001,-5.330309047117324,4.2877058538594435,1.860905109335952,456.22443977551643,0.07411016722120412,5.408163956764886e-05
13997,-8.120220967530184,-12.68206691126927,2.477637070363726,1.2929316567961513,290.04136995194534,0.5708742093458872,5.4086024428750117e-05
13998,-1.9761544799689759,-6.358056865685936,0.06250018327351443,0.8767759687890845,209.94910780499043,1.3320495398437595,5.411998176929809e-05
13999,-0.6689830238185586,-6.00928139701962,4.421191612729182,1.090241811637557,281.60400308805976,1.463340330830957,5.4120765407143696e-05
14000,-0.37224537315198347,-5.3533124161982615,4.319857400406775,1.0222079512111006,275.83130701761246,0.6238117645804833,5.412863878552213e-05
14001,-0.7314088838914046,-5.297731114223364,4.282543008256262,2.0860725657081423,411.8809459026839,0.6449587640564429,5.4130170752484314e-05
14002,-1.8803606596986313,-11.504155753658335,5.182612967281921,1.0635710641692437,468.1076077172192,0.8504673742766764,5.414354965075814e-05
14003,-9.224640025350782,-8.48068177713487,1.7898990647739965,5.147450532654933,592.0958700784843,0.21976994364197555,5.415097326542493e-05
14004,-9.797399317365816,-6.498223514587944,5.104179589581782,1.3747994713486325,321.22391825086265,0.37064310031713177,5.4157722899065895e-05
14005,-2.3640784785429148,-6.450445464354618,0.047554593924411005,3.0888011510932434,500.62958072308174,0.859132917657905,5.4161583874832745e-05
14006,-6.320027455169076,-12.2485882525979,5.0059424151407885,1.0944635463797459,241.40148301720103,0.054238618172064434,5.4163225799393265e-05
14007,-0.9272292818336929,-7.432466370702529,4.9007408768752105,1.7040692974761436,361.12503874922425,0.9512936961506737,5.416533954415478e-05
14008,-2.9939442328094943,-5.274271932378923,4.903170941246178,1.342932181707993,302.86693308446,0.7422368093918807,5.416990806485622e-05
14009,-0.4459880431090042,-5.959780951567348,4.408637421456551,1.5654398963259337,149.79184765467582,0.33944099572047115,5.417828083170153e-05
14010,-9.581317988663994,-8.09059441676408,3.283120047326191,2.4195991235469503,447.8156796592813,1.6298658100621237,5.418016998527605e-05
14011,-2.247220401188164,-5.035736065063974,0.11169072984477824,0.8327941535448459,191.99441221847206,0.40961224254339346,5.418215376910939e-05
14012,-7.464288707683531,-9.733884948825576,5.124225156418781,1.0659245028023918,411.090883647181,0.17601662274350005,5.4193094965974315e-05
14013,-7.533466018069571,-11.889842078341921,4.129460584042018,0.951420469652592,264.64576183765604,1.1454530226321982,5.419645969377622e-05
14014,-1.026220793990456,-6.979682559975401,4.723423339997938,1.1269995706402267,469.34698451496183,0.10602199350701635,5.420598659705868e-05
14015,-8.134428987461115,-11.939654603394146,1.5011815621330693,1.838821664312268,468.87366489416644,0.25361975327599584,5.4211401901101205e-05
14016,-9.521664394825311,-6.6779008974294936,1.1530475092045576,0.8678712981498221,251.16417524039986,0.6573956556785223,5.424628996955811e-05
14017,-0.6110010920227431,-6.096837414745332,4.439550533149595,0.9568162510640018,260.25850287510116,1.4879069494732873,5.425015709277655e-05
14018,-1.8050969989824708,-12.912166443123066,5.163958707335105,1.4746153729873819,329.84964732616714,0.8771167263902457,5.425253308314507e-05
14019,-8.825166380406348,-8.899243587994405,3.3727383284936496,0.9047389122559668,240.8233512654603,0.8463380766886273,5.42645667958811e-05
14020,-8.663051135236744,-9.181216481155257,3.2928192852909977,1.5117152279805224,468.14807252009103,0.5117396866951838,5.426744644310593e-05
14021,-0.8321013012004279,-7.281513950608522,4.839443465995667,2.6439904782763803,345.34289989076683,0.025966477361232698,5.427168475978588e-05
14022,-9.599690085939484,-8.009961660951188,1.899391073934611,0.9094187831587921,468.0486938654648,0.1098778059780594,5.428212828151742e-05
14023,-7.995261059048545,-11.121684066323155,3.3943148814093917,0.9294061484078762,248.82798612879662,0.5585606996189165,5.4284789683221114e-05
14024,-1.2851750524134573,-6.462177081226099,0.05112564007929941,1.715385126312752,403.7930853411381,0.12485989918969143,5.430856126358807e-05
14025,-2.720831967797567,-6.387683290279015,5.17854633871546,1.1199070793156383,287.05325645890036,1.5341829203306157,5.431071914452124e-05
14026,-7.969828244440666,-12.834725954889631,3.119684802798644,0.8684103620181075,467.67617646614565,0.7833951200489411,5.431694816958624e-05
14027,-1.5532569847362137,-5.7074036800954095,4.384893499652293,1.7704957689175502,418.4536044766496,0.554404903021366,5.432263432721175e-05
14028,-1.5175649894436418,-11.39940398891786,5.183235284035816,0.68905575245657,167.42597679535567,1.0082320360169081,5.432278218948738e-05
14029,-9.82896187498902,-5.22672569744479,5.0955959130163215,1.2953391803365613,318.0477273895501,0.2771070479667168,5.43257925443607e-05
14030,-0.4611776939083043,-6.999932927006644,4.750088628091607,0.834986311609956,467.78000901305063,0.03631806897884449,5.432730183086666e-05
14031,-0.6260389448820014,-5.118401829721909,4.257342117176364,1.376022812384563,311.0855376514873,0.1767770810603615,5.433091845881746e-05
14032,-9.00123284284084,-7.860061843112437,4.976813787503644,0.9239694233957676,246.3004743121231,1.251318276068111,5.4339285030576164e-05
14033,-1.8357110900511984,-6.509807571294317,0.04302925512527617,1.0003533254348027,469.949469241796,0.09588602592513507,5.43397114999941e-05
14034,-2.312966680394858,-6.8438126709621585,4.685265378963088,0.876231113036803,165.20811204115267,0.2046381064568088,5.436137652635356e-05
14035,-2.132193138002238,-5.707604281497971,4.3840320274922275,0.8842295451849693,154.97644446434614,0.23491365869684433,5.436181310147428e-05
14036,-0.22710353858443533,-5.234877152926541,4.2695361307828845,1.06285238259487,467.5871841969171,0.24128810107936616,5.437316256932114e-05
14037,-1.961459882405677,-6.390776860059605,0.06643003481934504,1.5602286785017783,357.30869150116536,0.3894504971066519,5.437526598465161e-05
14038,-7.06250694685656,-11.13216221004427,4.82624818011224,0.989743572255785,467.3719171986149,0.4319055158915104,5.43795824347952e-05
14039,-2.453236607754345,-6.246981361393132,4.476374535218633,2.290932268391686,436.98306067681807,2.1682019646217876,5.438582753865075e-05
14040,-0.28188907743995806,-6.472998806522705,0.052125471998365584,1.2942468011152142,289.09954525484375,0.6077636935202042,5.438637042446037e-05
14041,-0.8260049462403458,-6.291296312900588,4.488538318553947,1.2337945354924726,270.9539502442197,0.03828352499524268,5.439661028969773e-05
14042,-0.6393412966475385,-6.190510319195223,0.06786356812782365,10.052600370853161,670.0096144072763,0.10253228331019937,5.4410281664728165e-05
14043,-0.02639152681457624,-6.558648204854332,0.03533588672939941,7.2044819086375504,342.944510287128,0.23467005899133309,5.441797424654661e-05
14044,-1.8341569214006341,-8.044413633614628,5.155416037575935,1.2920375129939843,315.5196810560661,0.5681741924550536,5.441866820235612e-05
14045,-8.050649162074313,-12.873890910603084,1.3815814836204698,1.4906580007593058,468.0819061806327,0.4372943753501888,5.442360447809609e-05
14046,-2.0921244102543746,-5.603768665520834,4.308916100579176,0.9790190062114579,195.5498543904333,1.089139670223373,5.4427457479627517e-05
14047,-1.307004969456635,-11.464768332786743,5.17941647942619,3.128992204802085,352.08128659626993,0.03626117082615554,5.442944642573389e-05
14048,-2.1382727085979063,-12.650548932322955,5.163794827075304,1.5881102450512314,369.7996587578498,0.7459205366686446,5.443874518419284e-05
14049,-8.573529837247415,-8.217820120485484,5.19020017825064,1.8438003871393887,467.959898208785,0.2714084763014162,5.4451586827681816e-05
14050,-1.5561978686037357,-8.165798212761135,5.175940672416043,1.7489897869430218,460.2456161518844,0.4996170189908211,5.4464299929219914e-05
14051,-0.2921686962434311,-6.926346999653576,4.703356167468268,1.1718395997128275,298.15565623917234,0.9678634443589402,5.4492833454021435e-05
14052,-6.62997738489818,-11.346562382957057,5.047431032985769,1.8508657631962595,468.01709578591283,0.3758160658777987,5.4495902787701325e-05
14053,-7.894281203473293,-9.063036011248938,5.188010743643633,1.0229994808617657,278.8831990614641,1.146859232349974,5.4502362614733055e-05
14054,-2.1324124351771454,-7.975303762746685,5.107833279388337,0.9167281551685638,467.7188569471051,0.4894702978449246,5.450561558047998e-05
14055,-0.535640281693297,-5.444058173760931,4.322973518095508,0.8839782734378837,175.71639052333913,0.504884714334553,5.450845967154256e-05
14056,-1.1881604693872578,-6.1317176080298665,4.442864915955889,0.7584711569256829,140.26242879390028,0.21264448775911848,5.4510567545030644e-05
14057,-0.010206483679290557,-6.796586961227103,4.664272486004058,0.910653437280679,468.60213396311786,0.4936500313397074,5.451687935510575e-05
14058,-1.1726900309299886,-6.500829970048953,0.051807826053977754,1.0892342299234983,289.74133910480936,0.9456791617264217,5.45180447701226e-05
14059,-1.3808788741442264,-5.8899237247421565,0.08774871097665014,0.6223630434168316,140.84283784594032,0.095400001662715,5.45184244431364e-05
14060,-1.9253109652077516,-5.279784636337464,4.271545301479292,0.8320096366202006,224.95040632179663,1.0411420082840808,5.452627722438631e-05
14061,-6.756961403387521,-11.058227003053123,5.059288624875613,0.8903872637934322,467.498444213743,0.42904213422915927,5.453827228117812e-05
14062,-8.400262549673606,-10.007072090384375,2.814123689726658,3.5823891688039504,260.39467132606904,0.2833740498462616,5.4546264289113614e-05
14063,-0.874738174250048,-6.694220305620876,4.611494254051196,1.062996520393958,448.2689386854494,0.049312213093549495,5.4562071830226185e-05
14064,-3.1254969763012683,-5.106123943045307,4.82092554317183,0.9387017471206776,254.854064881838,0.6058768623687749,5.457017035259647e-05
14065,-6.905535110214709,-11.66244093200171,4.830008906073744,1.9502092008689929,396.68236047506105,1.5200331737304857,5.4573534411711465e-05
14066,-7.978282162125494,-12.524442410927158,0.5006183598006161,0.5591568022771277,156.17418932184586,1.0458905390296378,5.4581935607285776e-05
14067,-9.491772152991985,-7.282607063377412,1.2532452926805897,2.9081087558998995,491.0861491609793,1.3646348912919892,5.460318177501136e-05
14068,-0.3557620745521106,-5.835696780406957,4.39993548175112,1.5910779495578138,344.5884141932967,0.46649129797473154,5.461520926612348e-05
14069,-8.165471603025118,-10.845415149933547,2.9816777644784302,1.0564334985038724,276.5416446865231,1.090420214258672,5.461935819902779e-05
14070,-2.46073344035303,-5.350402633134999,4.278430772750022,1.8751943802047493,449.9234942530447,0.5255970980999907,5.4622797260205126e-05
14071,-1.348371649251769,-11.937259495534477,5.1675548006936625,0.9184698404634217,252.99114195725733,1.6820162522598903,5.463206753895613e-05
14072,-0.8349706378305335,-5.506430761015846,0.09605715593830617,1.127026043533539,237.2611631546981,0.026844827417593642,5.463391639255952e-05
14073,-1.3870297423372477,-6.745482114361567,0.006527556319467127,0.8436493318470081,245.93413936713426,0.7112574839657251,5.4635571201434426e-05
14074,-1.6342930896490024,-6.434300712033145,0.06866277831093377,1.1157041574569069,467.4341732884966,0.6699319760180922,5.464027947324617e-05
14075,-2.287817157730271,-5.38129798827144,0.1087507739226331,1.8536016888575129,442.9848991846749,0.630147643812772,5.4644157543063414e-05
14076,-0.5286659439075585,-5.849416629093382,4.401724712619603,0.6856545707384062,121.51706376562939,0.04510633860069024,5.464435368816197e-05
14077,-0.7394270363542539,-5.200373233968639,0.11889742197328325,1.147781041952839,234.51961861650636,0.7371721467429007,5.46554021839183e-05
14078,-7.8840716940723325,-9.992920977351805,4.266190472070609,0.8081988194723504,468.89317519025565,0.49869011750464054,5.465977865080882e-05
14079,-1.0979978704739093,-6.900147202959597,4.696665775610694,1.8771566900327046,470.06087020276493,0.12076618202065603,5.4685419597346556e-05
14080,-1.6140852169748712,-6.399468985357585,0.0766186138868328,1.800330331746028,363.8220598294859,0.5662655805634387,5.469444082673713e-05
14081,-3.4530706962487168,-5.025997225247326,5.051254724206723,0.7606068332552212,205.06510178084744,0.6790645375680917,5.470189320065756e-05
14082,-2.112469522061211,-6.790294714597574,4.657751197368982,0.9206442023616819,138.84129464949302,0.37988044514754105,5.4731289263883654e-05
14083,-1.012991989135731,-11.10768098398152,5.1877170950191145,3.365858219019012,521.7588939596054,0.8132094836192998,5.475346958410553e-05
14084,-1.7715737405912506,-5.518901215962237,0.10318486102931981,1.6822998981843795,401.7222077473868,0.657799710014582,5.475628248225852e-05
14085,-6.187906651982212,-12.748534776593804,4.986938566765189,1.7517249470498022,416.2559109066717,0.4351305899935456,5.4765105836813524e-05
14086,-0.8499675547990186,-6.761792009265422,0.007727373684232682,1.6253154030364456,467.6772489307578,0.19131748574954432,5.477951397778926e-05
14087,-2.090906318256202,-5.4088677225107515,0.11118409379555907,1.692946743564008,397.04183079057896,0.03461936766563678,5.478327162851223e-05
14088,-0.16135940923802927,-5.774619129421889,4.385185690072235,1.6837421458125403,469.2840842277543,0.1831661120364778,5.48203861118438e-05
14089,-1.7380782663138046,-5.418652525213384,4.316027958583526,1.8556690676672132,445.3158987311559,0.20187258615693082,5.482659016470604e-05
14090,-1.8551040505829857,-12.37233568890378,5.160050629092446,1.8268619818455387,467.5874745457252,0.06667823621953328,5.4872597556809094e-05
14091,-4.220640767366692,-11.757381265354367,5.0858010044106905,1.068699988670139,468.9214944971237,0.6404678442807139,5.487441278370222e-05
14092,-1.3797093100720321,-6.533465191831493,0.059185203339445935,0.9305207729152078,467.9983392144504,0.3672334546790408,5.4874679892491966e-05
14093,-1.1390201395623034,-6.306296298778161,4.482302358715959,1.1351893123656696,271.53693614818866,0.14997773243437518,5.490613802222823e-05
14094,-2.4323354620065416,-5.697392536556156,0.09479480748865622,1.1343622335184096,271.173387591527,0.40417953271259055,5.492603531615855e-05
14095,-5.200455042411542,-11.371524869567319,5.1853988594282585,1.162070104683593,467.6852481004874,0.06266253657202903,5.493078055424749e-05
14096,-0.4492038543034145,-11.180974210823013,5.181911355750614,0.8383581816560973,467.323736144681,0.5547941195263961,5.4936300583270226e-05
14097,-8.12474740592363,-9.073250189334459,4.77014387806503,1.7193154585678727,468.48356136497983,0.6540298935779223,5.493871411483319e-05
14098,-7.94683965513326,-12.479648962427097,3.215973956867601,1.3729830196112334,314.5633414608889,0.4710928316197114,5.494105188552691e-05
14099,-9.794014176493118,-6.379554969002047,5.131696437996663,0.8081600596863318,165.49538698942854,0.13729706304768818,5.494558725629585e-05
14100,-8.39670770922398,-9.892253577847127,0.6488319822987361,2.266365871132381,430.1706502873384,1.3786595744566998,5.495022520695831e-05
14101,-0.8451558910104602,-5.315263099938383,0.09140471470555418,1.3852204947457007,468.8250678213606,0.3283278508717835,5.4951465951616486e-05
14102,-1.1120376589861962,-5.567349538821524,0.09734041385100381,1.0320379624990923,468.17131654151603,0.8718986227173833,5.496577122893923e-05
14103,-0.8206871032685417,-11.306240592196637,5.172677548104941,1.0696961033107797,281.81829114121837,1.5289621557521391,5.498430894439624e-05
14104,-1.107304156072539,-11.03288682543181,5.187010382652806,1.0241548275236123,202.80780006774458,0.9733784557198844,5.5012992375755885e-05
14105,-2.2399555701423655,-6.174761236941999,4.443206330012139,1.6436540033722806,468.3447253599163,0.21899846912815768,5.502927793980227e-05
14106,-1.0882948687919463,-7.650354929056618,4.975132689633944,1.1009150279429283,286.72660694265574,1.434790670747078,5.503566927668432e-05
14107,-0.6226319644271427,-11.25362280305166,5.177539389113403,1.8003104605706615,468.7144091381702,0.2459555841925738,5.503641365395505e-05
14108,-3.1794724207067695,-12.166882618199722,5.1081190567508505,4.890613022781044,219.12387744272394,0.3775267164748799,5.504960285428806e-05
14109,-1.3355805484381662,-5.6661319746712175,0.10269902474065494,1.871083945660387,385.2844657744816,1.2639003649520548,5.508802250874954e-05
14110,-9.836209320463663,-6.079055771549513,5.1136959156927695,1.046019911881795,469.67186246289634,0.003959417213186711,5.509109206294175e-05
14111,-2.2733114212437053,-7.375791855038921,4.8644115828429175,3.2443309883288025,505.1586983055623,0.5528544594101783,5.509141336407445e-05
14112,-0.7285980027662138,-7.818730212824035,5.06108200974468,1.0232400565232866,251.97624424056923,1.3309996955543735,5.509619335854637e-05
14113,-8.09649915292202,-9.133322232437274,4.74437366136856,0.9149190158334447,469.4667291078163,0.12319319519830874,5.5097810109794674e-05
14114,-0.614191890918681,-5.0984197735723065,4.212062376374303,1.4618881061420792,334.70568437900187,0.4577162080267625,5.510492080996665e-05
14115,-0.42754856882699244,-5.299429053836461,4.26097420653617,1.086256150915926,467.3383472991434,0.7879970961838367,5.511478016898913e-05
14116,-1.3416233965171482,-12.165776603001195,5.162698473936255,1.8078503398391033,432.0160424834211,0.05376143363485841,5.5117763418893146e-05
14117,-9.50965499744779,-8.030723728761107,3.6654013437492696,0.9015473132055706,468.4823433563075,0.39626513363001337,5.51238719345242e-05
14118,-1.7265150030810386,-6.574479048401914,4.570946398757749,3.6221981536524464,545.5521573663219,1.2918474490073288,5.51347269658815e-05
14119,-2.3486676887696945,-6.805496870895214,4.655543352853764,1.049672266284259,278.1752035446841,1.823251944525043,5.51416334022021e-05
14120,-2.1047004838431356,-7.099962597334037,4.74106554883316,1.6776738582323059,366.93674420880524,0.6661692136566737,5.515291458937969e-05
14121,-4.172383479985963,-11.617870780668854,5.111926472134415,1.1045009756332522,285.1840620530827,1.2659170923980705,5.515624454541651e-05
14122,-7.758300945439197,-12.135560629851874,3.701010056685267,0.8621049431595748,226.12049075036757,0.30325399033319567,5.5158881654338535e-05
14123,-0.5458031611568952,-5.512889797546347,0.09275656106885997,2.0745280360060065,200.69716519609756,0.306493219739882,5.5171240984456705e-05
14124,-0.2912828731439596,-11.03487267376385,5.184271147629124,1.385499684823166,315.12264992489827,0.7839836636578985,5.518782081735625e-05
14125,-2.3216299300799115,-5.3185990603995785,4.261575479970431,1.6612240682528738,468.59548299943566,0.5666376744607406,5.5197918140037726e-05
14126,-1.156524699009644,-12.090458305109307,5.159847877634358,0.8146306944624837,230.42775740667105,1.3499836219571266,5.519833302967202e-05
14127,-1.8224503212219147,-6.793411739489031,0.014124752630809428,1.3067143246081447,467.0360420950645,0.5876373043994922,5.520181981252391e-05
14128,-0.5955590969400717,-5.15377391729368,0.14112790855607296,1.0879841905692917,287.6351292481795,1.7641040648674151,5.520977186109879e-05
14129,-1.7928001072262116,-8.27103018431152,5.1899803234005715,0.8843373111578016,224.1756992973638,0.7022916327314128,5.521753589809675e-05
14130,-8.746856196398081,-8.088055402665049,5.070051272550922,1.10554864560601,285.2241626676198,0.9916775695060371,5.523442149608896e-05
14131,-8.284212535140956,-10.852941922482605,1.8949239829785711,1.368469430297293,191.10993223757637,0.1635335513177827,5.526270572696638e-05
14132,-0.8157675614902757,-6.816083332142179,0.012097074269154653,1.5173566229212665,317.79827186778084,0.312478166791089,5.5284686400495925e-05
14133,-0.6043344546193712,-6.855443748985941,0.004314370342566946,0.9417080036175784,468.3948946585081,0.568862932402439,5.528524857459574e-05
14134,-7.784402341738524,-12.004574225599308,3.663870428498096,1.0054472909357801,195.02994498617176,0.01642403465691178,5.528536407664999e-05
14135,-0.7614915395247941,-5.6387246997619265,4.3384347499455025,1.2928089933365123,467.3176956434293,0.6216222336596244,5.531951811541709e-05
14136,-1.8939524660535092,-7.581884767572183,4.942225362757956,1.3100747533636208,470.25042845606544,0.09059973318108927,5.5337444034380935e-05
14137,-1.0211352666025935,-6.774669597227997,0.02202868364707783,1.1978510218231282,261.0819853484898,0.2438816056010742,5.534068981110025e-05
14138,-9.459225787980913,-7.251526771441106,5.043360679261317,0.5716737324773985,110.54851656165951,0.015034870975113357,5.534841345366413e-05
14139,-2.0446056319824715,-11.560343164882726,5.1661706629380975,1.171146140786021,189.43161383000657,0.4525723597260569,5.536619659997391e-05
14140,-2.685513935688765,-6.071680762296993,4.765874027797553,1.5785719883110423,469.88383146006504,0.10085515165968317,5.5385968683305565e-05
14141,-1.7137676922546223,-6.699466722942342,4.604600493810613,1.4108045802691294,308.30540074033127,0.25980454078792103,5.5388086388099445e-05
14142,-0.07103322554388214,-11.912242980005793,5.1607061029574,1.1174140984173093,262.06638217630916,1.2377168748091183,5.5388277250952975e-05
14143,-9.007017739396222,-8.693092320656483,3.253509209147917,1.123736634603601,266.4438494367061,1.2701097804511976,5.5395422503036166e-05
14144,-1.803057491540745,-10.903818248175156,5.186987902504734,1.2670360729897063,467.9984701155811,0.4031884621361863,5.541262906484646e-05
14145,-0.16957002961710188,-5.088207548975054,0.12321055628522908,0.9560810255925053,300.36515622437173,0.536058466285394,5.5423711105423136e-05
14146,-7.451318181805421,-10.498498731340671,4.634681284901612,1.210856421706012,299.79361714367974,0.20039407753518645,5.5425417294878e-05
14147,-0.9588057235356313,-6.4407517148303,0.05069892699029208,1.3340769413395748,302.07958070246616,0.6902119721871856,5.542759584035898e-05
14148,-8.20966822356958,-10.865902407071156,2.755021846974801,0.5230197552133385,146.93464567960365,1.062304442335889,5.542985655495687e-05
14149,-0.8931748048198767,-5.39361258466575,4.266250508333202,1.5981721208764683,374.0518392593526,0.25007852053275936,5.5434188162729075e-05
14150,-2.574852041539202,-6.606862804943615,4.890863089397735,1.1252583741962237,290.2328787798717,1.2454068915504326,5.5436042789371624e-05
14151,-6.19640354508255,-12.258825573870022,5.019880689756077,0.7589024013947667,158.39828476333997,0.12889086582732556,5.544949479167963e-05
14152,-1.1151110090249734,-5.159481290136018,4.249479876640181,7.058715761480291,443.8050180655628,0.1209502078807434,5.5452455704441166e-05
14153,-8.290373320255442,-10.412303341911459,2.789802306937711,1.6428544252752548,410.633239255196,0.1974037611102375,5.5452810608034076e-05
14154,-2.4980022271422078,-5.720818354145972,0.10738405299660946,1.8464619091467567,385.0353701993942,1.609372325958474,5.546042889172875e-05
14155,-2.116771549784005,-6.4534534461131425,4.515767647176982,0.7493771322120623,174.8438859206898,0.7676068644660985,5.5464760573940243e-05
14156,-0.4835724036943958,-5.249146951714222,0.14575065578441246,3.568874239775258,536.8187651876524,0.7981404146044371,5.547005268624624e-05
14157,-9.816810495215147,-5.341588207490904,5.105321618064598,1.2879574197521673,307.4853896171109,0.9108261919851328,5.548484965965137e-05
14158,-0.6255757688995267,-6.219012352483893,4.4456537327591,1.032141676771695,222.90784997503263,0.4109133282964814,5.548563136870308e-05
14159,-2.1549491575113136,-12.976593463100258,5.1582934038040875,1.789083551491655,451.68922582709433,0.4245011216038348,5.5488674931854486e-05
14160,-0.3944529000254544,-12.45889028282012,5.159654236420883,0.7501934917486832,449.05862381207254,0.3502382160446258,5.549200487849633e-05
14161,-2.08475403372709,-5.918986781547328,4.39647521117603,7.4006626172189724,657.0538691019602,0.1781583649330578,5.549252916792492e-05
14162,-1.5765624400727507,-11.866505307009357,5.1600855502771505,1.2550312292328267,299.4559446609752,0.17021490852497134,5.549797931135948e-05
14163,-2.5460795676114865,-5.313922179062049,0.13901922924453314,1.655630151949691,469.87299989778825,0.07412988176486035,5.550794578379128e-05
14164,-1.542375217882384,-7.83469331088955,5.059895286655103,1.1138246154574152,294.5870842642948,0.8339928034527526,5.5517529662293826e-05
14165,-1.5306055011625688,-7.8500285352640935,5.063256628113641,1.3440828261702833,295.9228393978399,0.2105703956663847,5.5519264946942425e-05
14166,-0.6568758394397438,-5.649257516880858,0.11759454917889903,1.6232326543575013,376.6181497102817,0.06380105308470707,5.55254189063986e-05
14167,-2.132037505746476,-6.140194540293458,4.42367876224016,1.0797272016921236,233.02878547921114,0.7418712886696603,5.553022610551622e-05
14168,-1.7649813349867323,-6.638239190716761,0.06244684265015205,0.6974330213305947,213.9869127125397,1.2171874984145221,5.55480513615997e-05
14169,-2.540081440709697,-5.183619030912005,0.15159734952163026,1.0777778478744995,433.0108180418503,0.01333386318638663,5.55642621175094e-05
14170,-8.267530717207087,-8.825229290807062,4.835549085029348,0.8368620243194855,143.68104779666083,0.2152501416711159,5.557014125216708e-05
14171,-8.18842138182536,-11.223774352652308,2.6023090978947936,1.445626260523457,323.39463413708097,0.13657110406019157,5.558928411382115e-05
14172,-4.93557328349543,-11.554232062591531,5.135845118150285,2.8492664464657897,340.1590107632562,0.04408116274953233,5.559664490193682e-05
14173,-7.686071721769105,-12.946776258733259,3.76829411538626,1.2360361154699948,263.81554692552896,1.0447490058131885,5.559900401000461e-05
14174,-0.3555529862067619,-5.284781652949918,0.14980562474341466,1.1052569473203848,468.0790486981485,0.7185571955637071,5.561385638701705e-05
14175,-1.36477564042905,-5.437432243382554,4.26835436888575,2.48371653128528,454.4531463265924,1.7766586704708383,5.5615070410624815e-05
14176,-0.2901919023637074,-5.716515162156249,0.09226054054947717,0.523906785830359,109.45388613725353,0.23477516424404765,5.5621786183820534e-05
14177,-2.4637543119287777,-6.915017159052243,0.001160596527183067,5.60591484007772,652.3161797695328,0.5573698235546294,5.562517153849052e-05
14178,-1.920120160281666,-5.52717251357636,4.280990650937207,1.1722251881235435,284.73616658734244,0.1556523873909521,5.5634872194840687e-05
14179,-9.847332582924965,-7.883894049491922,3.156979610028963,1.8347465012871331,468.3271053691512,0.8262749395826008,5.563504736085727e-05
14180,-0.2502460049968427,-12.569801895401943,5.153126563999735,0.90267986643516,239.72973065644047,0.5966593950307031,5.5647619647461486e-05
14181,-0.20238489661644365,-5.175908514190297,4.212695756784908,0.9277105767784322,468.43090230988315,0.906570160912481,5.565558553207488e-05
14182,-0.9732154773909407,-8.173168480252755,5.164805040047293,2.6478252235957647,464.7684768733652,1.0889335418904587,5.565726163235107e-05
14183,-9.836398291988523,-5.867755182561112,5.108272253004763,1.8175384693561405,434.8985462355549,0.11129621606072693,5.566503510088827e-05
14184,-0.48725060421665667,-5.654581238760075,0.12236133242382076,1.1341061005437223,291.81383017442886,0.7118201459058442,5.568975111623262e-05
14185,-1.3286802016821433,-11.329602543145146,5.1688707129801275,0.9019307576099315,180.7012588775658,0.2744654749191122,5.569368089367247e-05
14186,-1.688951343531107,-6.8526602733432735,0.016831907733524394,0.7904277913575878,340.42933487794426,0.17701694964518389,5.5697689056967476e-05
14187,-2.2203156687882695,-5.337718949200837,4.252901892846168,0.7172455838541599,185.8447668966206,1.0449772185881878,5.570525148309343e-05
14188,-0.7799836847598094,-5.953890589466259,4.398698913399535,1.1264189914334475,267.7713316431952,0.9830187533793513,5.570577023576046e-05
14189,-1.6350116650737547,-6.7722553481207175,0.03628390121669289,1.8674719967916205,449.68085996717423,0.005914433061165347,5.5708892504605177e-05
14190,-0.45581414538580667,-5.355107150922891,0.14866430422444052,1.0544167022876667,271.2604019790182,1.6012274647294307,5.571336733563837e-05
14191,-1.7929330642351609,-6.551919949552948,0.08641525956667237,3.6687430912810903,546.8325836314253,1.0024880705501147,5.573732913865788e-05
14192,-7.881024762587729,-12.725296975705005,3.3633425529548617,1.7105008226813656,369.803348931024,1.7983788826040064,5.57404128331295e-05
14193,-1.483856422289584,-5.363962444046349,0.09069978133316896,12.201627587096795,471.74888331646093,0.13235228276045063,5.5741817678313764e-05
14194,-1.4428912087988497,-5.130578130906955,0.16869018937402394,1.3738179624100093,334.62956755331294,0.523986522969234,5.578732914077813e-05
14195,-1.4836654159048273,-11.247669636360367,5.17042589769451,0.5597431181028184,161.10118259195428,1.0746165803042143,5.579492650239783e-05
14196,-8.386987116059542,-9.739242829457638,3.2731627334302096,1.3140812788505976,317.38817469715,0.3913283453313827,5.5801266282951116e-05
14197,-0.1257879220848661,-6.672853680939273,0.032723181159968785,0.9832663752634042,261.65013753392293,1.4905898617130786,5.582647339299126e-05
14198,-0.33173867684498326,-5.592167914122679,0.106845283428443,1.8008121109784374,429.6263671735677,0.30109146400033726,5.5827927254920605e-05
14199,-7.946032765384921,-11.522972749096914,3.3829424775340025,1.1429631920370305,467.09661288349497,0.40754282753006166,5.5837252175913656e-05
14200,-8.03689800498024,-12.929584524204326,2.8546838221179973,1.5003156090306669,373.80069196039864,0.6015429916812476,5.584747616923197e-05
14201,-9.689376314748145,-5.402670268966769,1.3587482502756625,1.9038897413547617,459.3830965248715,0.6500201803465044,5.5865388012377905e-05
14202,-2.578148039334361,-6.96136488430488,5.171584696321486,1.5810060785276367,371.0811082139421,0.5433190302518778,5.586581295119101e-05
14203,-3.544941996073751,-12.959006966709827,4.962833556452702,0.702317480416691,191.15758886705584,0.3771370419864484,5.586614571606376e-05
14204,-0.641872639900047,-5.740754340064337,0.12089694724513582,1.0272356377701022,276.0100658366126,0.4795129684650936,5.588583280341816e-05
14205,-9.114110498465324,-8.618742674035172,3.038548247143686,1.8807350006892711,469.5612984333735,0.005280750425107783,5.588855117232245e-05
14206,-0.8080020996777186,-6.4263796650913925,0.08271045411565539,1.0935463407369053,468.1093328892867,0.735951903971098,5.589866465901733e-05
14207,-1.4172551518055467,-5.959086220349518,0.10100178702040648,1.35741460484496,299.0871217362542,0.47761017939749095,5.590475709994398e-05
14208,-9.44232450396615,-8.277471793269711,2.968035953828846,0.9325391130575076,250.36072564718236,0.3735299651282187,5.5905268881696646e-05
14209,-6.05850032820965,-12.324147201578423,5.027865322389883,1.0874810280636011,268.9320947848425,1.387404496005371,5.591022275870364e-05
14210,-6.787492799951628,-12.27744561310837,4.8173188699711185,1.8480537766616032,460.8515276920716,0.3465550253939922,5.591291732225223e-05
14211,-1.448781255977769,-5.190248383481876,0.16997550618899013,0.8477428207569102,166.60748352065372,0.1272551196684537,5.591685711985742e-05
14212,-0.5349543667073657,-6.647717383119081,4.581379023376436,2.3567567658176776,440.64942550044174,1.5116190112137806,5.5920945769660226e-05
14213,-2.515518621339389,-5.955978244684292,0.09970874978541118,0.8954757213287718,189.96961700051494,0.15498171916434078,5.592358365267781e-05
14214,-2.2552471976843593,-5.133521566860118,0.1740932276626036,1.6244039049836594,382.0579373174855,0.5879244200742617,5.593453427629794e-05
14215,-2.415798068282128,-5.85612916291161,4.375496944588334,1.441505570031319,326.2912179814729,0.1446594929829894,5.593791338866727e-05
14216,-3.8587645739045975,-11.531817496915753,5.114240747671672,1.8294553243576417,437.5362721516128,0.09136095040106529,5.594203116469791e-05
14217,-9.270005496203638,-8.487373433478,2.202490401893287,1.0841302502888306,283.97194628834205,1.216248264765185,5.5948266362234136e-05
14218,-1.717532047871483,-12.788284890978092,5.1295176715146935,3.212912109868684,516.246998067938,1.480975081237017,5.594919568267975e-05
14219,-0.7166268221713796,-5.56784777606429,4.3138044065885115,1.3318248672246435,312.2882233998197,0.1766567130005603,5.5951900797629184e-05
14220,-0.6978646024389921,-7.776870519005474,5.0125183892575045,0.7241793786070924,212.38642898611118,0.6539986171267609,5.595660972552013e-05
14221,-8.4072173638216,-9.696475784032081,3.2591242235468405,1.5511819490211518,344.96289477466337,0.5148613715915014,5.598043682307198e-05
14222,-7.586849816657692,-10.021615057269427,4.726584427524055,1.0063009684047226,274.63875532197375,1.6957471974333203,5.599327165290121e-05
14223,-1.743672238873918,-5.275230442069648,0.1676382049450278,1.677952382549611,396.33991384181985,0.8987081165870743,5.5997115091816265e-05
14224,-0.2786986394501927,-5.91087991252893,0.08995556577713823,3.6914685150619064,546.8122652012084,0.8338439679610623,5.600288822516375e-05
14225,-0.2980496617943871,-7.447503928084278,4.8785103214328585,3.761696512685852,371.5359125619465,0.057469999713552156,5.6005736981810184e-05
14226,-0.665235904549462,-12.755766849857274,5.147624421470732,1.1794847801580364,249.46114055191427,0.20010003637229,5.6009180760752746e-05
14227,-6.93032282999018,-12.8595585284053,4.682975899442618,0.8584234845881596,247.36147474502505,0.4164288346855942,5.601024282924028e-05
14228,-0.6671151429088606,-5.859382404527746,4.374753469218927,1.5115037108138465,347.302662388966,0.3067012198871524,5.6011126778309614e-05
14229,-4.033970672993254,-12.071327849716901,5.033083022852294,0.8133825919242424,467.393087862653,0.0679137830865546,5.601406044083102e-05
14230,-9.76571685767797,-7.576170724390773,1.6740049274413549,1.830826585349771,469.1346262322306,0.04667228063572271,5.601669317455772e-05
14231,-8.202209394825825,-11.25217168295464,1.5434998262914859,1.714258160003281,403.28461932715487,0.18951766309152607,5.6023927125192755e-05
14232,-1.6293556120311976,-5.176040385797534,4.209344243069017,0.7860002664144448,210.72497390074568,0.17968010002675872,5.602511968326088e-05
14233,-1.202147977583813,-7.785778768263452,5.043118993402558,0.8263814827621829,171.86335105300392,0.1192664204063929,5.602922128710457e-05
14234,-2.6575727693890103,-6.333376708699612,4.872404000000515,4.062276178176062,569.8302611274999,0.7414808048612587,5.603592806795775e-05
14235,-8.288856468383624,-8.970924029999392,4.581809880546859,1.4924334483654316,468.4148447748548,0.7476326196367866,5.60372625630928e-05
14236,-0.213852324905071,-11.861305400192407,5.152840075798833,1.04320793356911,283.46609938840453,1.204730306115791,5.603984088888236e-05
14237,-0.8925850966945461,-8.073027048761961,5.113803158641294,0.7312569197244978,193.8908302413804,0.571580053132025,5.60480508696047e-05
14238,-1.0441496668935244,-5.274415086837485,0.12123442388780081,1.372003164159643,313.25979854963913,0.4135619509926425,5.605377215302438e-05
14239,-2.135814631365572,-5.218489340505998,0.17347183752085674,1.826384158264268,467.6731096158992,0.482254193369811,5.605424383573394e-05
14240,-2.2432706118481587,-5.20000502752503,0.1751428332972411,0.8185426931146221,213.31296938034654,0.0910585150899621,5.606357327461179e-05
14241,-1.3995384151922323,-5.24276689849461,0.17239676455989128,0.5833236321397358,125.47743895732754,0.06318439576659252,5.606594084367761e-05
14242,-0.5417600788948675,-6.733143191866275,4.603426656742718,0.9213424162734619,468.31681611307556,0.5045821487481428,5.606617046964476e-05
14243,-0.2840007023130031,-6.62972462733906,0.07380674101741964,0.882083944951946,467.7963391477968,0.03474573487163379,5.606932963163701e-05
14244,-1.0640484320195025,-6.93041306562307,0.011313272332466753,1.2681771732031442,314.39887827607043,0.6219317476384765,5.607448245446925e-05
14245,-1.5052395784815413,-8.123876259183639,5.128241847608019,2.2844637703997543,434.7739343269831,1.7959745342123483,5.6094937123112415e-05
14246,-2.39903439617399,-5.945487405303534,0.10787410286657623,1.777252095399519,422.65012854667816,0.6271202021413176,5.610072945984691e-05
14247,-9.446224125585317,-8.300775996891211,2.689851717473559,1.6495786182606367,383.43926838635997,0.6509919652304923,5.610759646710265e-05
14248,-0.9789572087106073,-5.067402398977301,0.18159755161752372,1.5941435251735627,353.9039605683281,1.568202454914588,5.611118838079636e-05
14249,-2.285198971037792,-12.33917662166713,5.1504869095242745,0.9785683089068494,269.565912879915,1.6787280071559278,5.612467366972032e-05
14250,-7.829852879266763,-12.993017059262264,3.464592687864679,0.969522445860363,195.33791862015082,1.0706966588813378,5.61259687338814e-05
14251,-8.175051948300176,-10.841832510016776,1.1019542606597001,0.8603173644360829,467.7683916348179,0.5474524695878058,5.614083725898773e-05
14252,-3.452717812818989,-11.323669112367668,5.158657224187824,1.8644261248506677,388.3125536592534,1.742867409057678,5.61461721655129e-05
14253,-1.7858799750256775,-6.9077576862438965,0.018463728633178026,1.7613120071262716,467.56512739809875,0.05417939466914934,5.615178534528799e-05
14254,-1.6541110304399638,-5.545537444678042,4.272515541875231,1.4712029660879389,278.86048613505346,0.0829276126659213,5.615751835576152e-05
14255,-7.606699645933459,-9.99307267137336,4.716944921130177,2.667449983262092,354.7911187969956,0.023817692979805294,5.6160247367809956e-05
14256,-0.6095270568704478,-7.089183581169247,4.752494422399801,1.8494398897288777,442.91038506861463,0.33919060640401977,5.6173725323485815e-05
14257,-2.544243439267488,-5.206920862296361,0.1759386665103472,8.61211979401998,690.6478215195136,0.19175204450309558,5.617597354296427e-05
14258,-1.4899217603487553,-5.669724708083966,4.29213317605637,1.3205153671767007,306.0504074304351,1.040846779749251,5.617721336978798e-05
14259,-1.4223035484959485,-5.60890271997188,0.09109246104422053,1.1364512865618859,292.5336592219851,0.8365104781149695,5.618562372302457e-05
14260,-2.1877330226900558,-8.041158542750155,5.132079416697911,0.8986368405501958,194.28769917225245,0.18440743316196428,5.619342596022731e-05
14261,-0.2645877955377465,-12.489015593574752,5.129281270417006,0.9401172408554742,469.51909769349027,0.03543300568651997,5.619457450056625e-05
14262,-0.4065841233153993,-7.008998095482361,4.703800639409033,0.9248854082883322,241.7672118018118,0.4195740829225967,5.6205548397311714e-05
14263,-2.360745164876744,-5.417405524403921,0.16493866058436463,1.1019403011929012,470.1986601781386,0.12832067511706402,5.62223635436006e-05
14264,-1.502955252825032,-6.757167194250894,0.06047793946461437,1.0129146009098795,200.95627483225573,0.7229740066488644,5.622756680710973e-05
14265,-6.094985667247057,-12.616448162435885,4.998938425704602,3.3888716215537635,528.4082243615655,1.2532974838310302,5.624161695935278e-05
14266,-0.6100029404659164,-5.630711329443561,4.2841972316667265,1.1028150444773526,286.36492215212263,1.5940012142226,5.624429963618473e-05
14267,-1.9454710259393,-6.059069945514611,0.10065436281636142,1.0544621580303084,357.45077766264586,0.24060502948364615,5.6248422802419006e-05
14268,-2.329460113872578,-6.832348321869797,0.042245066662477654,0.877148962405267,180.03893128183964,0.7319787119594903,5.625335161976944e-05
14269,-3.0974639506709405,-12.623515503766749,5.153242532551622,0.9463554735203441,187.54222658500154,0.5542260611551777,5.625397185036645e-05
14270,-2.2509770776980806,-6.881366683337245,4.663387883296429,0.6888200316332851,144.66184687648757,0.2476172835561643,5.625512212036133e-05
14271,-7.716577935775025,-9.89179601951981,4.622366500083735,1.7934978058930484,468.3833818177465,0.491529875859511,5.62721509529938e-05
14272,-0.7428269926742903,-12.568281174158779,5.145757225706023,1.5807953628669207,370.07854632785705,0.9674441539132701,5.627344035166512e-05
14273,-1.3628937746430996,-7.414330696796538,4.859712154696339,1.2338068455663986,310.5407793792393,0.2865814940926805,5.62778590141057e-05
14274,-1.5459098764558963,-11.993993081191682,5.152991780884487,1.3023550395303474,255.77796295610108,0.19925697672424203,5.627919849268132e-05
14275,-2.456387026122484,-6.8376155049786576,0.04111500941191901,3.0132709870171364,495.0096427804558,0.8762189014157018,5.628471791769803e-05
14276,-1.0419930152269696,-5.860736571593096,4.347484686117776,1.544081501067825,468.709084985183,0.2568852135492614,5.628568665349177e-05
14277,-8.495487355372038,-9.90373682735463,2.22217458154278,1.6793884206160985,324.9492687436588,0.13845066110327675,5.628727961294199e-05
14278,-2.1991736053826836,-12.243428825029497,5.154992794432239,2.4331979777808455,448.7216110984149,1.5297413008109721,5.629052411151893e-05
14279,-0.7775194696740861,-7.013731357057156,4.704099771045934,1.448649469604031,323.551631949948,0.5790536126813235,5.629238736834072e-05
14280,-2.314828640998396,-7.498984265170434,4.89529744820978,2.108451415452339,418.1415599763154,2.1059050581160017,5.629315557558036e-05
14281,-9.777998088744727,-5.663602654546285,5.165962303206638,1.8274589903721872,382.4088590243001,1.5229976279846316,5.629869593125408e-05
14282,-9.521942359413938,-5.392715575890896,1.012437145528412,1.9253587569722015,395.23570489700785,1.7551692191096437,5.631690721646406e-05
14283,-8.033795030784038,-9.976473251709827,3.9660176051401494,4.033315401663628,531.7273955088971,0.17157862260888468,5.631711598457491e-05
14284,-8.084488951099537,-11.913500235296517,0.7245635083534434,1.0950977610920865,283.1025316246811,1.5931382322053116,5.6318440878588715e-05
14285,-0.22647499186421705,-6.874485338669802,0.032104861805018495,1.7880100567514419,425.4320597207833,0.11740988490528093,5.632518483666695e-05
14286,-8.61849952673653,-8.601630979509062,4.468010295454076,1.061118409939824,467.0484908664569,0.6260577317127245,5.633019631169737e-05
14287,-1.2019782854108438,-6.8351156201694545,0.044513492965953666,1.076635550678725,250.65247134181644,0.22764039173083095,5.633327262582157e-05
14288,-0.38358672280789996,-7.564054340668897,4.917729642940013,1.8058743263516468,434.58263754283143,0.5673064641746306,5.6334071227394317e-05
14289,-7.309990369320165,-11.922821882057761,4.41052959866618,1.0835636161344808,288.9012190636176,0.5580437841452133,5.634225032399947e-05
14290,-1.9867355592168714,-6.870734305164695,0.03495995425708816,1.0035419194803603,264.0397329551789,1.2551569239212919,5.6361136051324427e-05
14291,-1.1931018424962563,-12.477178012488073,5.149958860703737,1.9227944563470665,396.11771238650147,1.9828250232327136,5.636191333799077e-05
14292,-9.530976364411773,-7.090527378958743,1.2672924202976315,1.112201764183482,467.2906866747612,0.7782143775302641,5.636916124745941e-05
14293,-0.8521038317537961,-7.580462357479257,4.923881830822681,1.189567453535955,259.3230463942187,0.4865291949865016,5.63716917146284e-05
14294,-1.9464724526666064,-6.718248649040033,0.07482395427000965,0.8769024755143148,233.73558926022372,1.2535819690535588,5.6386157513081095e-05
14295,-1.9666658672187403,-8.105913274881166,5.1182070881202755,1.1030412516056756,291.3610870337818,1.0014153146970814,5.6400387007761635e-05
14296,-9.651305199928403,-5.194878569767275,1.3054542115725605,0.8578755843700621,468.53677282889294,0.4633507520439659,5.641364624091454e-05
14297,-8.201777115513961,-10.85401180579245,2.7859057482304506,0.747991268940076,212.5766863019417,1.061828668521403,5.6417439974404706e-05
14298,-1.4881707528561705,-12.552416808159068,5.1436815413889985,0.9731494047030803,271.48176666376764,1.571382439241673,5.642305705970106e-05
14299,-0.39515136570425646,-5.625533755396078,4.2794989172586915,0.9412094743428074,469.1199769076828,0.11683366335818235,5.6424704926480334e-05
14300,-1.2783347751671634,-5.10220061129573,4.230325800075926,1.5857964354612384,362.9363745449449,0.4328004618865213,5.644368337258947e-05
14301,-0.48411616116180944,-11.760284893666732,5.158428153630192,0.7086449386657991,467.198808890557,0.4494738794700206,5.644966193474359e-05
14302,-7.988697708229024,-9.779556761751808,4.232561139911112,1.0628482800809331,277.27654184385733,1.2179648792117996,5.6468062818576305e-05
14303,-2.2612928104861405,-6.794523910395779,0.06118811537964116,2.1624354620106367,200.3899739340321,0.2490290877719099,5.6497896155844354e-05
14304,-9.386512843544798,-7.589029016117075,4.722668330200312,1.4804984373697845,319.994936009777,0.7157331520191379,5.651172583126964e-05
14305,-1.268501041505008,-5.740995355753511,0.11590087004716423,0.6693240688318273,208.19344404293918,0.7051719570759252,5.6512545862737895e-05
14306,-0.2913380099341474,-5.960250690669112,0.11930701349389954,1.0966040736182245,291.59282981935576,0.5137429589699893,5.651603641382148e-05
14307,-0.36519290700270624,-12.939810383779571,5.1380124795108975,1.0871161722616167,459.8946031584935,0.30011129039427775,5.652122279429785e-05
14308,-1.350689054456156,-5.973116909390766,4.358901835150815,0.8579182291057778,202.83077872555882,0.9255424833664732,5.653521423794137e-05
14309,-1.5186649539068924,-6.94896939262431,0.020557481118425036,0.6784070969448113,157.81162373612185,0.8328329619261199,5.653629604713415e-05
14310,-1.0126587944316938,-5.078055938713913,0.19975995434269403,1.665355463582984,389.4824374917932,0.8391654327956495,5.654291895974864e-05
14311,-7.914070050001463,-9.871660953019507,4.295285918510806,2.4003329984769697,444.0331194322925,1.383154307065035,5.654294392990492e-05
14312,-2.254897155092558,-6.857403024865743,0.04643705843902508,1.7230141798715375,406.58011322694284,0.17331901197722388,5.654308503918874e-05
14313,-2.2558477824705268,-7.507151071411172,4.894239474932022,0.8473387825219226,196.16282696582783,0.49843637399417506,5.655189834221874e-05
14314,-8.205669987764747,-11.400854141662741,1.7168867949235573,1.9586491508185502,166.30487590722288,0.32074273481061955,5.656192620904672e-05
14315,-2.567492149049844,-5.354039036020191,0.18062728311921405,1.0809675499764202,233.8386857755977,0.4891136770597706,5.657718158589893e-05
14316,-0.1312922734917823,-12.10853022681075,5.148321981302508,1.0521730531777924,283.63971340038904,1.1079469707481264,5.6579896296755926e-05
14317,-7.883010953815817,-9.314560777907815,4.895706103583477,1.1109459775364499,268.16881804262744,1.5020305028836338,5.659438153705298e-05
14318,-6.172422273073009,-12.84007776872373,4.973596057504753,0.7540408128800964,172.49346939454142,0.5289555601608003,5.660091092635975e-05
14319,-1.070724818261814,-12.508522794294175,5.1227397062470335,0.8738052932097634,467.3575608878642,0.6185408335852234,5.660610854902523e-05
14320,-2.4228354585749905,-5.234999565078094,0.19622501627217406,1.1171513556876382,277.87283185887804,0.6961468975055833,5.6611399976689875e-05
14321,-9.926072067764528,-7.343061287513559,4.262543777313481,2.2100790689199954,420.17102966160525,1.0118409264356485,5.6623184238512463e-05
14322,-0.6740018893041615,-10.812905066269867,5.1733776368490965,1.167899895125488,468.2667065358865,0.8107498113777432,5.663097728592291e-05
14323,-5.858651994139271,-11.567204405908056,5.138962607705803,1.7734403968318135,467.9273108456967,0.3118517869931674,5.6632140773034386e-05
14324,-2.4969870949510344,-6.9623765949567105,0.018819151556594527,1.0600628524097213,257.45035219281783,0.11357634576917786,5.663593714453262e-05
14325,-0.23077937475118304,-5.881037309528421,4.343386280600945,1.551372636516927,468.03014443019225,0.4537676502080332,5.665590666918283e-05
14326,-8.304394547151732,-10.108574203247118,3.0771719569549045,1.2655506606458558,268.2303153587925,0.06748695103175706,5.666072273583594e-05
14327,-1.3570942601003946,-6.786025594768664,0.06893275265563888,0.8425295872906036,171.39950955260025,0.0903705168452742,5.666314014918683e-05
14328,-5.854683758049074,-12.99870068877496,4.990577283077021,2.6709355832280806,472.12366515773317,1.7601609845834112,5.6666233982649136e-05
14329,-2.445591802920478,-5.999380552924026,0.1190449744239884,1.0623901212567382,468.72745473783704,0.8317138459569771,5.667698472415308e-05
14330,-6.753655725410526,-11.972199810666979,4.865482403019513,1.3972691375590522,333.578251154432,0.9642908302384834,5.668104066421504e-05
14331,-9.406706502232486,-8.319106441145387,2.887134849603362,9.618606237405206,652.323354644213,0.11350473892276369,5.668198260165727e-05
14332,-2.2861072090914467,-5.587470637485319,0.1688802093358629,0.7501911370279561,211.87761925537163,1.3040125568520322,5.6685100032119514e-05
14333,-5.24199662476437,-12.064092271926661,5.05930389996295,1.1086184188736485,467.20442804267157,0.06834802922689232,5.66885229786724e-05
14334,-1.765676117632239,-5.563313490859137,0.17136437249017708,1.1531931042222974,250.1129379964978,0.9523500795677213,5.669048240923476e-05
14335,-4.0293422278075655,-12.15088390859312,5.023191902511619,1.6561225852186319,446.7012057050633,0.9481003034930229,5.6696368213252024e-05
14336,-0.842940148648065,-12.759061142535748,5.137053065084482,1.0833566811445239,468.0831329265156,0.7210678836679234,5.670017677627575e-05
14337,-1.2467645584109324,-6.259485574863464,4.431950522866161,2.250856706631129,396.90923803900245,0.35462625311407425,5.6701439010578e-05
14338,-3.054103271461109,-5.063506886378994,0.06351645150070587,0.9807911466795782,196.39461227560213,1.0769209359806649,5.670408884074564e-05
14339,-5.058757810234979,-12.045647092677159,5.057331556917745,1.5253026689061806,373.3993959657739,0.44044536276507884,5.6728003524265525e-05
14340,-8.056410585921643,-11.297964582855602,3.121100673118799,0.821297556147924,213.38756221994046,0.9882018488999149,5.6738676868116045e-05
14341,-9.850663969450705,-7.443041562489777,1.7032197365959592,0.9368821401451023,222.93368946047335,0.5844789416105955,5.675033675915168e-05
14342,-8.898885187723863,-8.507972282392085,0.6802657028227282,2.5109659529073625,453.91673717909697,1.2677432219869926,5.678927465344276e-05
14343,-7.300594643974801,-10.269058780150722,4.931405184763476,1.0912888747218537,284.978209153984,1.2105098475356941,5.679367966556657e-05
14344,-0.6080565865123368,-5.950935321457087,0.12911856127136187,1.0634707752218724,468.54085325998824,0.25459701272137814,5.6798790175792013e-05
14345,-0.8305366948337163,-6.064628301772182,4.400001673871834,0.8615848156043525,240.48324918387564,1.5153435046862045,5.6803470616946846e-05
14346,-1.6378403374928414,-5.984218541104208,4.382168614536938,3.6447349682194843,532.780469158063,0.42321061864222376,5.680821549675516e-05
14347,-0.48764634219015157,-6.898007747818811,4.659313127259768,1.5050984673762178,468.74249979630275,0.24183368652424075,5.681616930492823e-05
14348,-7.333597152505237,-12.423321073917922,4.324987605375294,2.9808985407830164,475.15077020208236,0.318653256022972,5.681883680711042e-05
14349,-9.077371890118544,-8.233535545876496,0.8234573377913498,0.9704023937892919,468.16201818713495,0.38702668965535025,5.6827020919997664e-05
14350,-0.557036082395225,-8.129792294894571,5.118535039964469,1.8617143396863778,470.2189959510594,0.030150072003199746,5.682808962084613e-05
14351,-8.173244875619849,-11.909502029697911,2.178747876563289,1.1085305164072146,467.08684372237053,0.9266649416742014,5.683245552170239e-05
14352,-1.0876359756253215,-5.272812040049139,0.1923208859721424,1.2465734333740903,263.24975985375374,0.9824928033178466,5.683441803696329e-05
14353,-2.1873196467980573,-6.1957440437542965,0.10224467366997711,1.742362652935708,411.47114771866893,0.393524763881997,5.684717131459882e-05
14354,-0.08690194535750173,-12.198706048861537,5.142606597080254,1.6743840420103102,222.72899161759082,0.07961027089373918,5.6848330417798416e-05
14355,-1.3573906395759288,-5.923445928750625,0.10965571582340486,1.9393522123520501,377.0511788473688,0.49931006412059187,5.685073590109189e-05
14356,-0.8204751742656224,-5.735243798645087,4.312456395479852,1.6575452632148682,468.693545568732,0.15132646431101726,5.6856300494840246e-05
14357,-0.5550335920898188,-5.042568049731944,0.18808551563019835,1.6713079546136793,389.9081161577103,0.03806729690911226,5.6867599989223346e-05
14358,-2.5834870758030783,-5.5949801139243345,0.17029132566270994,2.0163603283168094,406.3005719773224,1.70741876881124,5.687204409422096e-05
14359,-1.9899181361215277,-10.6141546733746,5.180747786554466,2.334550896591018,432.42335192817313,0.7738418909254987,5.687222642617006e-05
14360,-1.289762762312348,-6.340349409605267,4.452123126191305,0.9072510271868608,395.3007349543962,0.5291026788183304,5.687357112117806e-05
14361,-1.6895076396075144,-12.09122698593021,5.144067565085249,1.067697582785209,278.21474054408026,0.5700977521983299,5.6884757388047433e-05
14362,-1.2164507841836532,-5.729239469327537,4.3183408279233975,1.3701814837070758,467.9275606859529,0.5455773782105178,5.690404969205413e-05
14363,-1.3657561168409877,-12.41384823477988,5.119531233992552,1.015423043794655,467.7283504252484,0.19513672334698384,5.6904295886106844e-05
14364,-5.106263326436279,-12.736476038365955,4.99470121066311,0.7994821881494447,209.05505381501385,1.0888494473807615,5.690835311820349e-05
14365,-1.1516920208284063,-10.712691733722094,5.171241418099084,1.1522709287614188,468.11660847428425,0.4810256142549294,5.691240761348257e-05
14366,-1.0492831009093315,-5.558014781650252,0.17325650055678796,1.5986075446820507,373.14695247762415,0.8561032831450417,5.6924885977202416e-05
14367,-8.386131181595157,-10.307293602582003,1.8737534776685139,2.6176640935913373,469.1675586313607,2.569427515940352,5.693268356074757e-05
14368,-2.5730781530913225,-6.887055209670196,0.048797089753633734,0.9549652088085568,267.46128436320333,1.005304018323523,5.6933549222417476e-05
14369,-8.071160306849837,-12.711361644461176,2.710648303964087,1.8601412493364444,468.4157370115791,0.8044332248982125,5.694161904626048e-05
14370,-0.5166441935032235,-12.422957671523994,5.137556720908151,0.683410788472186,162.0707719095126,1.056125034592097,5.6943857860915164e-05
14371,-8.132229792797425,-8.941098183033102,4.9171190530561475,1.4270344462007825,363.1448674153485,0.586760820204085,5.695381279891347e-05
14372,-2.184447683022813,-5.5222860930847,4.317412012154197,1.079440300135635,287.4555427901319,0.8591005421738389,5.695660463478166e-05
14373,-2.1951439526389667,-6.233152658412947,0.10074002667230122,1.5895970486977269,366.08914627807974,0.04617491859376166,5.696320556674905e-05
14374,-1.8200689505264194,-12.47799831799912,5.1177084216300806,1.2772112620232792,306.59641381476126,0.18802023518082134,5.696554320831782e-05
14375,-0.8701610163441362,-5.220416245295811,0.1774994633025473,1.0891561694270289,282.9167884016739,1.7340159258749894,5.696846103645232e-05
14376,-0.5710692562804738,-6.178091357754998,0.09080076857294993,1.3662737833313445,467.95397621062943,0.5949145282651491,5.697685042099583e-05
14377,-2.736318167382141,-6.233013135650452,4.967394531620659,2.42976038117964,448.8809846383006,1.6169248422477915,5.6977916729980433e-05
14378,-8.276118003059086,-10.417742156227103,2.8329385047173594,1.1398293775344914,172.43609202460678,0.18005687110426383,5.698376025279072e-05
14379,-0.44877911212877564,-6.754686608748177,0.07196070080169491,1.5719805809412144,350.2739682595779,1.5926078640676264,5.699891725432318e-05
14380,-1.888414773267927,-5.301239145160374,4.209467085029257,1.1295881916228931,467.64758030616736,0.4186114614616381,5.7006794386082504e-05
14381,-1.358032217266432,-5.70842168915204,0.13433308689377293,1.0388649084500796,273.976853919682,0.8864084392403919,5.701522114353353e-05
14382,-9.750800687661828,-5.387162180069087,5.182376286747968,0.5399662895025533,145.1183575677452,0.5141633552033849,5.7017596973456115e-05
14383,-0.10039189074131194,-7.088624849526458,0.0019985318984068246,1.1583062827846617,467.5315272713648,0.4986553905886897,5.701982101390426e-05
14384,-1.3102150960344687,-5.817271915818951,0.12491354562369854,0.884804442087046,467.6561209786307,0.696614442955025,5.703122904145905e-05
14385,-1.4659808526542193,-5.564656723842519,0.1487956163328774,2.1608550061580374,409.9515110932821,0.7331654669301733,5.7045050944901076e-05
14386,-0.5342543097905299,-5.162270651947254,0.18909916395216922,2.1132832470958043,272.71296726061485,0.07043512876950508,5.705083762521328e-05
14387,-5.540134361753565,-12.552678746581266,5.017124132774393,1.5876144594325465,365.76704836936955,0.9319756582785557,5.705212276181119e-05
14388,-1.489116973481213,-7.319789270143376,4.805620851024484,1.018075465239319,468.1655225958252,0.8483040328489304,5.705850682286249e-05
14389,-0.6375873917069761,-5.511909559913581,0.1538952621905741,1.7991951929401142,469.29826657457676,0.08052162484951086,5.70637352966081e-05
14390,-2.8787333739504177,-5.2409982008965175,4.474891384762387,1.2435081963338743,312.4541257140646,1.5543277397702173,5.7064641056056005e-05
14391,-1.4730105251112384,-5.715829242173192,4.3147073355791425,1.4669759551784691,352.692097492704,0.5928890857076814,5.7079555919015364e-05
14392,-2.089328207038829,-6.2537615430073314,4.4224056281574295,1.8629885331480995,467.87666389836926,0.4603961065878144,5.70892474493707e-05
14393,-0.7435365255940276,-5.131130371792584,0.19384649512600147,0.8646574274583861,469.3772691016326,0.04035176808785579,5.70936536845256e-05
14394,-0.1846076842670108,-8.143186233397303,5.14826749110256,1.8343074800413157,467.5735184122037,0.5525718261738932,5.709471777522886e-05
14395,-0.7717433251791235,-5.435504620629636,0.1611761458529748,1.1299876166013514,467.9361104762595,0.4056745396922823,5.710082852115675e-05
14396,-7.810363388596958,-10.88695498358944,3.879724000811375,1.8804154000570799,388.94178775676136,1.573824274412785,5.7105233109472876e-05
14397,-2.171268258142046,-11.905484338035688,5.125917978414739,1.6489164304807848,456.759240345468,0.5645157227834092,5.71101413624682e-05
14398,-0.2917112678339375,-8.067848920422021,5.095305753728637,0.644842343433527,136.6563070253894,0.1124262363738211,5.712501941357449e-05
14399,-1.992988660573527,-11.775908161002459,5.128769105583579,3.066055431792942,503.26008151647704,1.2591792881810866,5.712631232492322e-05
14400,-1.9036705354401224,-6.064007237180944,4.392899628822012,0.9168245484750278,467.23441945115246,0.06003457791245648,5.7142973696121455e-05
14401,-1.668031216246714,-6.442571855338726,4.478452891474345,1.93466317653195,394.8690182507268,0.6005942062299008,5.7146167903228984e-05
14402,-1.6605151750323515,-11.751610509253204,5.147838172591611,1.6494170621141275,386.6293587556413,0.29074057329566916,5.714823955788232e-05
14403,-0.7418214758412027,-5.688633328260454,0.14144090672674164,0.7862304701392507,183.07119516569924,0.060809554542307964,5.715140937528098e-05
14404,-3.9668921696872905,-11.503323764020221,5.119148508470989,1.098449927210557,290.92418415298687,0.9240152853205492,5.715621377008548e-05
14405,-1.5846605532079945,-5.590731046082007,4.258223579372646,2.626239318510164,467.3933376876446,1.6488401093609246,5.7157650982793314e-05
14406,-1.9658380678496599,-7.457359708484112,4.862662543931794,1.0926043933342993,186.00343946568816,0.13949112870158498,5.716038554978947e-05
14407,-7.493530759296201,-12.805345983741908,4.082411126976226,1.0803068155192166,285.4609168898122,0.532295951517475,5.716416204020066e-05
14408,-0.17102050481931386,-5.83046028596964,4.301672766870799,1.0430045469883191,267.7518726713927,1.3561357337998912,5.716788731862165e-05
14409,-2.8121170175535894,-5.829045341601119,4.842479625512456,1.1849783182888738,301.76472259066884,0.8285264623022748,5.7169474794708e-05
14410,-2.104250463471314,-5.854846937724922,0.15741786220207918,0.4996516422659918,121.28880368227448,0.9739786319108257,5.7169784144985876e-05
14411,-2.4509252991087296,-5.8136769908656225,0.16224205703060507,1.1091172543734575,286.92556301884986,0.6010750668021769,5.718369314083434e-05
14412,-0.8623405819222398,-6.724460724106862,4.559044132300412,1.4682389367266653,326.42558960636984,0.6329191260159908,5.7185669906704906e-05
14413,-0.21822955838355185,-12.51120755076511,5.1137371088941475,1.5757639880201129,365.9354422237744,0.2902223198883096,5.7196841669769104e-05
14414,-1.4419536401131499,-5.7344968042343485,0.13856225712575293,0.6980978603759451,160.06779592313745,0.011132654454164559,5.720965241059845e-05
14415,-1.1782026017266585,-8.08777355474173,5.130310734593133,0.832379842072318,243.82820746325197,0.5629830334631158,5.7211867450924274e-05
14416,-8.099716342790181,-12.280003025654276,2.635677983758161,1.2363701029074727,468.0609181650566,0.7087233365987027,5.721898583113465e-05
14417,-8.209704126685002,-8.73878263533378,5.054263821468044,0.8654723460057365,244.55548816153194,0.5126636233656887,5.7220398619614386e-05
14418,-2.2392941531646287,-7.750799651411751,5.025062821551487,0.999940914693923,274.59692991823914,1.6210623364610637,5.722648739312257e-05
14419,-0.542078133319011,-10.841076109339024,5.167449132485424,4.748899368036671,606.0641785384239,0.4378630106307879,5.723253144019926e-05
14420,-2.5882095180911247,-6.031831905408256,4.398055833549645,1.2495902636350453,312.51478680802455,0.5517522038146874,5.724224609035254e-05
14421,-4.654995673803323,-11.727345482042777,5.090356031751645,1.0344124382723092,273.9058917784663,1.212542155070211,5.724350344639995e-05
14422,-0.7309188729235867,-12.91046431515013,5.108550958812492,1.0553330631372748,468.0643653144418,0.7105064198247648,5.7243839153827684e-05
14423,-0.968758252098489,-5.424613329121073,0.16708325489684,1.7387979617640121,468.1294219105654,0.4990277097814788,5.72621293521828e-05
14424,-0.44398316541253635,-6.021373059671921,4.352662889376937,1.1540382178775688,242.81820332883095,0.034774465020432466,5.7265099080086524e-05
14425,-1.9037103298470353,-6.765554654020334,4.5622115943372785,1.1359193650131507,192.7397435806782,0.15299842698955235,5.726546780091127e-05
14426,-2.652164033263338,-5.686804460468106,0.1755648285086058,0.9994840628749639,262.3842780757052,1.0116645589311304,5.7270994277498664e-05
14427,-0.39322718185457006,-6.223405925810046,0.11090319332995259,1.535750322270136,355.61639251820645,0.29997539603528534,5.7279469344488857e-05
14428,-2.3612492267267715,-6.307881685943681,0.10013233494374857,0.8246391801971218,469.5628816652101,0.03975785339453264,5.728229271959491e-05
14429,-0.8047881996871205,-5.6861870700598285,0.14562277183233702,1.0045860285380928,263.5635303475902,1.3688410791163292,5.728695569745821e-05
14430,-0.2180186873172154,-7.657079930978557,4.9397948861533365,1.230816844674909,468.6563964839614,0.6115025457444352,5.7288011112134634e-05
14431,-3.017667082799896,-5.091859931999231,0.08583431974541546,2.897652773358611,346.2874333224269,0.01784434585867789,5.7345335289358134e-05
14432,-8.25882371074419,-10.45756410280973,1.0977234531183462,1.8011579476911836,430.52568176060845,0.6564612437168345,5.7345442128374446e-05
14433,-8.05532205597437,-11.4065573854934,3.080015401948392,0.7258703027033131,147.81657924574193,0.28125182807330606,5.735211418750168e-05
14434,-0.23200350732025043,-7.943409679985801,5.0646100302772155,1.1555506260555564,297.9911030952732,0.2727821232307912,5.736443935738307e-05
14435,-9.094030047248705,-8.371342401329631,1.190231860269646,0.8225222833506733,213.33578413098496,1.32784801273072,5.737295896748904e-05
14436,-0.023449350396235857,-6.916390960750635,0.022741998205394656,1.790145194696727,427.0748383936999,0.9229229259733271,5.738278236681484e-05
14437,-5.662107367728875,-12.179504348404688,5.050221153778906,1.2914901162060284,305.0895641000355,1.2036590175126864,5.7389289459107456e-05
14438,-0.27810502319340635,-6.147461042542844,0.10113114990760953,1.6620003705514186,394.77603510232643,0.1109413720255219,5.739327731035496e-05
14439,-0.9210342294300684,-5.406050357403089,4.208972570305205,1.0206740648796353,278.3535943320978,0.37823822388767425,5.739344732212537e-05
14440,-0.7643581906508476,-12.428074460749071,5.130561828461046,0.8585386364061118,469.22258816102897,0.10431288643323722,5.7403317812465614e-05
14441,-2.1367706309962973,-7.060358895835734,0.019517932606380173,1.8444863103642744,385.39734792758514,1.676891681372548,5.7412602642684486e-05
14442,-0.7966713494590909,-7.186557785716528,4.738066025774482,0.96326491917976,265.24639922199515,1.0385922750267822,5.741281961109293e-05
14443,-1.7591262172532183,-11.859646751992528,5.14112091187865,2.743545435342818,478.13385982564023,1.6048348043550353,5.741738463139314e-05
14444,-1.0570680994465107,-12.564737677978043,5.109659231740837,0.8332784729753895,470.0544899629462,0.22799232131821423,5.7420442439713626e-05
14445,-1.787814408281811,-7.031650192724112,4.6981674568870595,1.1347529819343503,247.18100109845383,0.022892785116812142,5.7421774290466085e-05
14446,-0.11878093175305082,-7.310640189060654,4.795238251924963,0.8587596255909327,179.9031587503304,0.24235402466192202,5.742438569442757e-05
14447,-7.3934976020630225,-11.920080616740178,4.300736656762999,0.7815792850543367,443.9735559124967,0.2446103732967666,5.743468743290825e-05
14448,-1.6754825860948976,-6.580869625752057,4.51900335502414,1.8928221336415363,456.2527107292713,0.5333178943826535,5.743700879988052e-05
14449,-2.263299272929168,-6.6738679326775685,4.5520294985248215,1.299253438935582,315.53185303882594,1.5937518517353277,5.744216340139686e-05
14450,-2.3811296701670726,-7.385385971634087,4.826770982336317,1.0625361544346477,278.4737582402303,1.4800504840768207,5.746350872996969e-05
14451,-5.14416560090069,-11.9764788516836,5.063005249828556,0.6577849814465329,134.40257740364964,0.9199206145142771,5.747517432440855e-05
14452,-2.58126160990688,-6.354854218422539,0.09613802287776756,1.285371906043771,467.9287402448624,0.5462641420338974,5.748125688141385e-05
14453,-1.7260678040089452,-6.9176584662787794,0.06450019115643714,1.6665419052071047,363.4293369229003,1.6733051587580752,5.748601797959915e-05
14454,-6.888555458743734,-10.487071142438618,5.180357098824942,0.8470081375083454,468.35997699545896,0.32817577681172505,5.749186216468219e-05
14455,-7.415618140152924,-10.180477349105448,4.8440588061342025,1.148495366343539,294.5119190456341,0.8398239557349703,5.75134163856513e-05
14456,-0.30123224305081386,-11.610325830135961,5.150293063975519,2.13336090731926,414.57231871783637,1.2249213041957097,5.75194996253948e-05
14457,-1.4658503115320762,-5.585911913499639,0.16739653379727829,1.2444231392937775,300.251725362948,0.508463526284852,5.752325682269514e-05
14458,-1.4179356224100186,-5.841031108509423,0.17402215196980012,1.628530534865989,452.07092683857456,0.4854273074407347,5.752849943897449e-05
14459,-4.486089768159691,-12.589735995264551,4.987521260444424,1.2458682113153432,309.17397273623794,1.3045055867597286,5.753480382783764e-05
14460,-2.1544217940252857,-5.823978748931156,4.292637943723212,1.8185811636134577,456.4165980705966,0.20934906513131768,5.753700565250619e-05
14461,-1.3411780698019378,-5.877981483264471,0.16904531559736932,1.4543416932971942,333.2157859698027,0.36438925741870776,5.753714159782794e-05
14462,-2.448265539432043,-6.84278585455023,0.08487800463495868,1.1148866713564713,222.96131959797387,0.5949759384192577,5.754877047420356e-05
14463,-3.3493576854443043,-11.801685818004554,5.061898623334009,0.6035580104188704,186.27867338004526,1.3340777475474104,5.755047846516123e-05
14464,-4.9728927851506075,-11.457710560143003,5.147435862766788,0.8654614671628316,468.26568408211244,0.04905989545326239,5.756995339735364e-05
14465,-6.086531360128398,-11.548930086131147,5.121931881904656,1.248526512021741,253.24096839495073,0.03155424352623104,5.757469219294851e-05
14466,-9.300738533254494,-8.317821274710832,3.372533246148759,2.5892966092356757,466.5696800907327,2.5467555076423825,5.7576102241447986e-05
14467,-0.3479241165685458,-10.373791320776226,5.185057390220826,0.9226777994387296,468.0933080069021,0.5559706641859146,5.7580848019245626e-05
14468,-5.831589589470082,-12.994818184915074,4.98593145377171,1.0585785796158047,276.0320458598862,1.7917708725534576,5.7584548885617055e-05
14469,-1.9762070129197813,-8.350428964968216,5.17188676550958,1.7542220790620453,415.53786511998806,0.07624064733982738,5.759355554491862e-05
14470,-9.490070228975442,-5.791560223625305,0.9492008132214617,2.684819479231932,457.10410810899975,0.5569030443802392,5.759428189460936e-05
14471,-3.7039627305978797,-11.4963358170773,5.114862559645285,0.7847859539394006,168.00597222971498,0.045983517224285286,5.759805904767898e-05
14472,-1.8830734252279537,-5.869507146653681,4.326756519519217,0.9908744534272754,468.36253747580076,0.14526164016324028,5.760670623586677e-05
14473,-0.15062049467581495,-12.928228522098495,5.102553748690967,1.0887748535699617,280.38076617559966,1.4746586594306015,5.7629829504516636e-05
14474,-3.371531594551602,-11.596551594149911,5.094484420849226,1.3409356402942272,311.07649822090815,0.17956174064177777,5.763850114272964e-05
14475,-5.343183500781095,-12.183070476392581,5.043455559477938,2.2565972010623114,433.5729860926243,2.102582647232671,5.764049107133301e-05
14476,-0.7236066603753617,-5.4134211763201945,4.209906519652854,0.9587995405358348,457.4305112529547,0.24015970445148138,5.764097506651827e-05
14477,-9.875433902634677,-5.917057724146812,5.041961264769469,1.766577843219102,418.7760466316112,0.7567304232798042,5.7641968638961595e-05
14478,-2.657914219941059,-5.853851677568835,4.440573603761836,2.1921576163014,329.70463179201454,0.09166443118448964,5.764482826734497e-05
14479,-0.37965457371555367,-10.491124435483187,5.17651498330806,0.9319553852177014,191.11211709096617,0.1332267489005714,5.7665316045731474e-05
14480,-1.5837361741361153,-10.942965716494832,5.160341499933364,5.540358209411036,596.3205049171341,0.16319598329928642,5.7667000799909274e-05
14481,-9.317563112231303,-8.437190476800527,2.555877415001187,1.6444196472626151,468.05412149024744,0.7048058117783738,5.7686363219670544e-05
14482,-1.9546315279728574,-8.170563336544266,5.1466461682934375,1.141300429573588,297.22241085847367,0.7191730575303845,5.769853632236598e-05
14483,-1.6722170455172929,-11.909208228350883,5.116913579041296,0.8876687674446933,223.82862783079364,0.13173012339093582,5.7700576861118084e-05
14484,-0.8239501132385829,-6.415187602572524,4.458486555121327,1.4496161211182428,328.2914738539975,0.43748012816074944,5.770769856729187e-05
14485,-0.7609297810060092,-5.380526844707712,4.201906513242151,2.3035498128955774,438.17765114818405,2.192403566904205,5.771194903016468e-05
14486,-1.6929383410483432,-5.8542295434537905,4.32146321117677,1.889573000991003,391.1585512298017,1.7500878956860584,5.771706937798109e-05
14487,-8.378011752457116,-10.101494543567412,2.715819070753188,0.9551629576665976,467.5597377945076,0.2575149227004472,5.773909587743413e-05
14488,-0.32728157674536895,-6.433853522787781,4.463741852046513,2.3973035206626165,447.6036912062152,2.2063201115512063,5.774283883661491e-05
14489,-1.1838883451936617,-5.794916436064815,4.282004122814161,0.8042592541175325,468.97229866393576,0.1516740821477276,5.776188309000186e-05
14490,-2.836203577701034,-5.7263619634372604,4.794785790478261,0.9788348238052077,266.05762891732854,1.6878685707976908,5.776522420579997e-05
14491,-0.8529798012863736,-6.427433931042533,4.461085362650769,0.6036490559561196,163.68908234205603,1.2008787408066146,5.777291372188752e-05
14492,-8.064226039899049,-9.080290268951263,4.852815841919187,2.5725812019239434,378.96915805098433,0.12292513885375556,5.777688830878051e-05
14493,-2.053080212180131,-7.101555679013583,4.710946360710049,1.8583911578687078,467.01166806594796,0.16354853149775828,5.7789106456742346e-05
14494,-7.948201649170725,-9.176153381223404,4.938203884885944,4.914785111324698,384.37624951011003,0.12461825014039185,5.77907591673248e-05
14495,-0.48336091525260727,-5.443341681221825,4.204359530242832,1.855595029507242,385.46889149478534,1.3699963029840934,5.779144655090783e-05
14496,-0.9779759450763397,-5.799467571291767,0.14813168654127729,0.9214815225313819,467.7499037065115,0.8019991453562598,5.779365428569314e-05
14497,-2.098177742425288,-10.43581751997404,5.178015279799929,0.896056649624355,444.02967697253126,0.4871065248289712,5.7802370904641744e-05
14498,-0.06097529345494479,-11.41168179304784,5.1295443597536,3.760523908440784,333.63557684671025,0.1271023319287874,5.780455565686126e-05
14499,-8.09816763699827,-10.188039595433263,3.627338919051388,0.8523292103274153,467.67353090215556,0.4483528718217027,5.780736708061262e-05
14500,-9.011640869811474,-8.817179010880933,1.9818652275958135,1.1284926367906136,218.62658292526675,0.03946153025249366,5.781155512379406e-05
14501,-0.9022938559087574,-11.28600348995633,5.154670745279051,0.9289281255106673,466.7642125675639,0.5929580001443027,5.781883490846922e-05
14502,-4.828721867020661,-12.715052258533342,4.984452414665891,0.5387515404344749,121.83376625064695,0.043681227206590734,5.781981818105311e-05
14503,-0.679213382162045,-11.950056961517838,5.132933364262203,1.662277555514002,444.53246332852905,0.09690139841838619,5.7825916386442026e-05
14504,-0.6838548181694168,-10.722658409468925,5.1650771982709225,1.5757931593694914,373.17950658647084,0.4752652704013096,5.7830452703133986e-05
14505,-1.236565787297394,-5.9115928882194195,0.155055955668652,1.522915401570888,372.0096339176553,0.8337868466127825,5.7831191163061145e-05
14506,-0.855728288544725,-12.549313332634016,5.103477905188429,0.7712760438986132,191.83424532516185,1.2393770850155583,5.7844674547024585e-05
14507,-0.4824600758405566,-10.262071434289835,5.188058942562925,1.852582560052652,467.8894126895157,0.302550467319322,5.787460504795462e-05
14508,-3.584958234968693,-12.65946437024171,4.969115355086495,1.12284207016848,289.59475728338924,0.9638207752369921,5.7879546669102916e-05
14509,-0.32551708247498823,-5.811524968990745,0.1933217183257731,1.0248058660170094,222.39372728582603,0.6449591610678533,5.789082316285066e-05
14510,-0.7580182979843944,-6.1140763469930475,4.3889774086843305,1.0981860354092052,219.48540765257755,0.4619253968162118,5.790594564994169e-05
14511,-7.7913279313441945,-12.284796298474507,3.594422360588757,1.1259999738635749,291.67089619476576,1.0515995675536418,5.790841067671543e-05
14512,-2.3401025310129278,-6.798548623200588,4.592558999499474,1.1605398422362936,243.13367185916715,0.17056222677084154,5.7912690334575295e-05
14513,-2.6485667471752254,-7.103270892970194,0.018279950090575887,1.1376506787427707,298.120210741871,0.6344265033555354,5.7913250935201606e-05
14514,-1.2708969934182583,-5.373459794927002,4.200665710474018,1.7744469220591077,468.3120379829741,0.4610086479017914,5.7928027527497465e-05
14515,-9.142658774253569,-7.98840617061625,0.7942168974730983,2.253793192958499,181.13668978493126,0.30141670778971363,5.792873364987221e-05
14516,-0.3529150472625613,-6.2834263959198715,0.12204087112536452,0.6964148082920808,140.38448557137238,0.03295343253632321,5.7930164449063825e-05
14517,-3.7372433151780537,-11.580395152735667,5.092508269653443,1.568023099947818,397.003460578329,0.494601432055509,5.793642191198455e-05
14518,-2.532837149544913,-6.329889506554977,0.1135029286370814,0.8452110308991202,232.38316378684485,0.7896230758306713,5.796376730117807e-05
14519,-9.83609487729579,-7.88333216873622,2.3642019494094897,1.2851693862343325,318.0532782827005,1.527199861343175,5.798944679236945e-05
14520,-8.157805380192269,-11.50561931363349,2.567842462619966,1.8745487969982864,467.8796082676192,0.479345264455338,5.800681551365728e-05
14521,-8.015136563738464,-12.32727142636244,0.5504634167822733,1.2262452198151557,308.73215258386807,0.4212854934241852,5.8012779890356925e-05
14522,-9.797976155973561,-7.067587501562567,1.5525308202397476,2.2232525255708744,429.8300464424825,2.0281350355595373,5.8018535015429026e-05
14523,-0.14568570873246856,-6.416093770879865,0.09017306505653491,1.1958801599075608,455.64270340304927,0.8101537166837351,5.802751551823987e-05
14524,-1.1822349332090951,-6.338446976230099,4.428193676247407,1.8496664369078295,468.5080139159914,0.8558218379928952,5.803282029480201e-05
14525,-3.814533024327692,-12.725951686321457,4.966282034287161,1.3102213189762808,161.9659664235383,0.40449412096371073,5.804859359010799e-05
14526,-0.3695630713603322,-7.091987092581825,0.030364922543407006,1.0910195582010354,407.2947839094624,0.23205961408276465,5.804964420302207e-05
14527,-2.294412058537727,-7.421811639470161,4.831724138921342,1.5430047721889744,342.7574675904918,1.2548657749696952,5.8078367646897716e-05
14528,-0.43460687688911825,-6.128206957895161,4.388844722274886,1.7992226165153304,429.4985273774988,0.09070920847941366,5.8078708125048076e-05
14529,-8.1402720303868,-12.083807788129388,2.4149112977938922,1.1249091328408714,267.1506840559724,1.0958984185408172,5.808137452190701e-05
14530,-5.052979444691645,-12.78915357694072,4.985675786540994,0.8775500657428393,468.08772025238244,0.6685225656558638,5.808997012359099e-05
14531,-1.4983025522211442,-12.26717396728358,5.103579810545378,1.1105946811753,467.6197865270431,0.8996905665080446,5.8118462384591656e-05
14532,-7.652083178488208,-12.475499532829003,3.843868254615888,1.1252581592782966,226.8867655764677,0.19951879223446856,5.811861716235197e-05
14533,-5.1697108078504606,-12.686618206745951,4.993201205573768,1.2506357799622365,264.53548254684625,0.29559350833760156,5.8124683934668524e-05
14534,-1.4284687817203103,-11.595612455342575,5.118781624154214,5.752148253998837,594.7662750282431,0.15690957586625398,5.813220161617511e-05
14535,-1.3617312743961172,-5.86601443654671,0.19260965255459492,0.5079176195349406,105.60346478891609,0.1319924211768777,5.813349786320935e-05
14536,-1.9591624643691716,-11.621861574769452,5.117877519623549,1.2188632141343767,155.8135843799257,0.24797435396592604,5.8142479357559926e-05
14537,-2.53493207526879,-7.159224441083253,0.012996978336727513,1.7537562126053505,416.20541389621684,0.35768543358022864,5.8154420886491064e-05
14538,-0.0778895843384948,-12.040593045083776,5.107015164042238,1.2652130738854275,315.34892060113725,0.3474563326326816,5.817236217454623e-05
14539,-2.015395423813623,-8.122972476082658,5.0957320781181075,5.240456914561365,636.2416162258887,0.7000923331990982,5.818192547348627e-05
14540,-2.027459526164596,-11.672752025853733,5.115662779436251,0.9007140041865929,166.44334149435494,0.281320129284957,5.819380412098769e-05
14541,-1.659575230764185,-11.75756978103379,5.131785505625022,2.7417354563742804,476.6001744133041,0.37762500820527745,5.821977878361071e-05
14542,-0.792200472197111,-8.158234079155417,5.105120855603635,1.8849635772865134,467.72235892129214,0.41837215494141233,5.823435099540659e-05
14543,-1.2161258524139171,-5.765410594742084,0.1966122247197003,1.0907753597854055,282.235376994945,1.7267826000523305,5.823785916007499e-05
14544,-0.4142689636689294,-7.228919614016374,4.739613737020063,1.086332742955176,282.9579552343754,1.72178171823552,5.824278215015432e-05
14545,-1.4291277776435063,-5.9575617336394044,4.331589806389909,1.8897090457240804,454.82814249602853,0.5486361533905315,5.824373348719165e-05
14546,-2.1990600789231154,-6.163550690768418,0.15458960491663631,1.7905341079473753,468.6651567547781,0.750011013328451,5.824537939371951e-05
14547,-0.5961942585438145,-6.125973157780242,4.356285140401854,1.1449594049202194,299.4114758801546,0.4126599750893307,5.824723759833217e-05
14548,-2.1494270145060854,-7.117441047070179,0.029075645972729186,1.1715249701544934,468.3943126498376,0.40830996452216173,5.8253589590832414e-05
14549,-0.7988807603078705,-11.65393674973318,5.134116013188144,3.328573630494675,524.1585494997548,1.2917963295474832,5.82551121934761e-05
14550,-0.5735448099257994,-6.710205502274173,4.549725861419936,1.8337459928931785,436.6995566939336,0.5291142413836498,5.82566466702525e-05
14551,-1.098545830199967,-12.010336162516062,5.106370773576285,0.7245772311646764,149.57658113198497,0.17332411357331257,5.825838052590078e-05
14552,-1.988057786472142,-8.155659923999718,5.133700095875692,1.5397059064258651,352.40350188119265,0.2279185696130206,5.827814516086517e-05
14553,-0.11752824351890823,-7.735521721297905,4.987123021947755,5.419113756826318,516.9495131383451,0.060258875371798304,5.8295093289160966e-05
14554,-1.4738818612600912,-10.580774807271833,5.166412023336395,1.7571063002213063,470.0096031181167,0.1625789585766464,5.830256431782574e-05
14555,-1.2898631508301115,-7.044985577990188,0.057546403023153156,1.8021774904906738,467.66756522019887,0.5197395560827376,5.831899703344333e-05
14556,-9.712595979638948,-7.827872066493631,3.68541642045068,3.2579824003129034,519.2854900878474,1.3510747991069012,5.832417427669635e-05
14557,-1.8644693477292957,-11.370501314964198,5.142270007529495,0.9078424739048507,196.67888392805654,0.10874581842804609,5.8324235478298074e-05
14558,-0.6992504885773378,-5.830525502905857,0.17455895119708892,1.0320908183235815,133.84668131661576,0.30139424863673625,5.8340369967990245e-05
14559,-0.8215557390494208,-10.978187798370858,5.153878855530456,1.7750610467411467,467.96784197760286,0.5499391346681346,5.835694990087544e-05
14560,-3.1083429440907375,-12.258761630855549,5.157355683288586,1.6216859659349623,382.105526969042,0.5656089603573884,5.8362831294814514e-05
14561,-0.593021203206284,-11.395159010251806,5.121737028622704,1.3405941498640042,300.2871176477605,0.1745937926468084,5.837444630192882e-05
14562,-2.136123431183524,-6.237415097880411,0.1449702690070681,2.075645946494059,411.3992908560289,1.4899601412693828,5.837687882718506e-05
14563,-1.433081581813969,-6.055433029300191,0.14226264892444893,6.934501107686599,278.92490737723637,0.41277872704477137,5.8377504100237044e-05
14564,-3.1351658282401127,-5.499554465043123,0.0007438433030266114,1.1843772247076574,244.5143009334416,0.48645558912652653,5.838572464008489e-05
14565,-8.156376547480303,-11.899320128265076,2.3478253208223445,1.861829348050846,468.2198469896556,0.5582018239660655,5.8391469933162334e-05
14566,-0.7458967825958709,-6.977463195800332,4.626509159351187,1.4746624696891422,468.0154177512051,0.02563339864217351,5.8401072643450864e-05
14567,-1.314387997244852,-7.118858795929939,0.03647836493482351,1.043100488419832,468.4714879113952,0.2942659268712724,5.842994147346111e-05
14568,-1.0712404173627643,-5.755320131884731,4.2600591142224715,1.3724882289656004,317.747140928751,0.36871907988196817,5.84344068153872e-05
14569,-4.342366410689257,-12.08946740543835,5.026868783941106,1.8277244491027471,436.87792954293565,0.10091948975536535,5.843460460969337e-05
14570,-0.5177384690500659,-8.094805227420782,5.083367024374746,1.567039123970237,365.09177070118494,0.9672246035585506,5.8435971597713395e-05
14571,-0.11024591944429574,-5.826830262485553,0.18169884472872677,9.289824174704885,714.5560283048487,0.18506373982627888,5.844182798226848e-05
14572,-1.6749672913417601,-10.162661705139172,5.18936411078595,1.1630925822169758,236.96365788129162,0.7767085724084364,5.8455008056181985e-05
14573,-1.9089096714519176,-10.562476546027991,5.165266847874539,1.212343480288734,138.1031094610628,0.29904397436885954,5.8460851445414146e-05
14574,-1.3908517311341644,-12.5868627372801,5.093641293309489,1.7285078478141185,467.9401320327095,0.41056106771747825,5.847052624391578e-05
14575,-0.1854995351764046,-6.043629250834421,4.309454141202338,11.069997478840763,749.0294056760639,0.1941163470632894,5.8470976998508734e-05
14576,-2.16967146790841,-7.00706843364317,0.07358425443032264,1.112946112047937,468.06580767851506,0.8777586953728678,5.847334000149552e-05
14577,-1.2348110297235557,-8.048305280640134,5.071211861920431,1.532627230755222,345.90367832965984,1.489462692444092,5.847667150366867e-05
14578,-0.408592798658967,-8.243157664165357,5.124631205623796,2.0692973248440354,361.402165717843,0.1432210687054507,5.847800518120851e-05
14579,-1.871091834437257,-6.500329424920606,4.470947634622011,2.591541632778418,445.93911538933867,0.42926354238375897,5.8482451325108586e-05
14580,-2.2755303538937586,-10.887455111087053,5.150865229743012,1.0566382497959699,268.0555048668016,0.17164106607475205,5.849129723245099e-05
14581,-0.6041773666749926,-5.250043382678607,4.192425314388359,0.8222747749925406,218.94496238785723,0.38112606761141965,5.850251469684614e-05
14582,-2.1662923274554675,-7.113686278652566,0.04214125011783736,1.0403218572449056,279.18889453084154,0.9742651757066856,5.8514229412157744e-05
14583,-7.773598106189391,-12.195006038842681,3.6355420091590456,0.905526579658314,184.06890585627983,0.6166722242478473,5.8523678333925606e-05
14584,-0.4007360736279093,-12.627370712244025,5.092320663041548,0.9642915174259877,468.4500633833067,0.5328604890499582,5.8525408787450904e-05
14585,-1.4331582167071701,-6.003923425128807,4.336403317684871,1.6799629419140556,467.83985648183574,0.41926529916061206,5.852687618916813e-05
14586,-1.7022628779507833,-5.41516798396705,0.18043352932614015,1.0719828758312389,282.3927427857786,1.5512163644676624,5.8527148773912064e-05
14587,-0.4881845748160991,-6.637604817673546,4.5177932794626035,0.8526185735621917,467.64842040693634,0.44912824951788455,5.853305551374416e-05
14588,-9.714435281325743,-7.905111204282535,3.452332464080724,1.1155272985359628,467.7046770897294,0.5690828571842417,5.8537850818438745e-05
14589,-1.0989556485698504,-6.112397953348546,0.16426177479618048,0.8502655128954131,195.23249770717524,0.7288443464055909,5.8540112209566405e-05
14590,-1.8950292543146734,-5.3177101576137105,4.193642000085391,1.0849351634176332,281.01171188847576,1.233408607440837,5.854811052420664e-05
14591,-2.047081412131271,-5.814263578801715,4.269155996411413,1.755232973129775,467.8612004674998,0.4495335973862691,5.856989231116345e-05
14592,-1.6284110242227356,-5.5747583870219195,0.16906233304439397,0.9395071032001354,190.12260243245015,1.1059787832403636,5.857291587493481e-05
14593,-2.5046564293226403,-6.380361647399411,0.1246375880344036,1.407293116096172,314.806924862503,0.7924243659037549,5.857514784114715e-05
14594,-2.334607322260471,-5.550920208094859,4.2056261232079315,1.1132705809361136,229.4163364206566,0.7050535752406004,5.858062896980304e-05
14595,-7.887247800043206,-11.468134269870609,3.517203557434527,1.4410542059193976,331.15416843527197,1.2969537686694634,5.859296867189627e-05
14596,-9.593777982056723,-7.164539006171141,1.3787275010684,3.008461192745466,498.0414988565148,1.160732236722267,5.859529576033626e-05
14597,-9.351626382585046,-8.089388683794411,3.8443186853347364,1.085607467860668,239.66189134681304,0.044002555736769366,5.860338295512868e-05
14598,-2.220080313972405,-5.185866877499555,4.226828153143067,1.0649706070997846,238.28602418536698,0.04289049686967239,5.8606940025470646e-05
14599,-0.9989351766076009,-10.653132079222036,5.1620086845528,0.8902356056455069,176.71296165292725,0.17365479216667,5.8614303395295464e-05
14600,-2.9569343786641165,-5.074998031167362,4.490463202997277,0.6191556715232179,181.7822839227522,0.15979489255929025,5.8616582691644334e-05
14601,-0.3659754664231869,-11.522572638382206,5.113888153491065,0.7614192071482259,153.85099087123768,0.12632972335697001,5.861844369658543e-05
14602,-6.233208525531283,-11.72925979898864,5.064437377518907,0.6869201090899116,195.08312119162693,0.5528750000729064,5.862279227144092e-05
14603,-8.152880353661676,-12.266936015749366,1.9156603601951734,1.219465242052627,275.3444186885513,0.17809153447558845,5.8624142341490475e-05
14604,-1.3189876707012562,-5.32065706180829,4.216499439358962,1.4970148729360286,343.6465738754815,0.2389514791414653,5.863702009793224e-05
14605,-2.5616498420853606,-6.752514045847353,4.879624855921475,1.806729486958936,431.5676210850664,0.11592383126500927,5.8644818839645973e-05
14606,-1.5610173173321815,-11.142171669263174,5.1465096009439115,1.2709041569529527,282.8378867943404,0.3093027933708399,5.8645967293557534e-05
14607,-1.3959951063655414,-7.06011505304612,0.06417530480175448,1.6791292223874144,394.76604548785406,0.34189934960479107,5.8651085803838255e-05
14608,-0.5253517247849597,-6.420859560177583,0.12264724802661432,2.249767724266297,427.6531601861795,1.1937734598495906,5.866153992185054e-05
14609,-1.85837346775293,-11.87940807764698,5.103257544004641,1.234464430688241,311.0125927654277,0.42787893343016936,5.866935273315258e-05
14610,-2.942957366758481,-5.262816201034354,4.582204139228456,0.6276190714310225,131.6961514640756,0.5225331118931287,5.867082009813802e-05
14611,-7.621552162100093,-12.753644818786567,3.8730107345553977,0.8501377719316371,172.490326875505,0.48527501347073887,5.8681937701497114e-05
14612,-6.763361718608456,-12.985653742997174,4.767838315972282,1.8711236366710888,382.96865565823873,1.124235573322963,5.868287737727418e-05
14613,-2.2534227851804776,-7.351391897754187,4.790758417771853,0.6284827272296519,196.9164225718147,0.6495786659160467,5.869173942193208e-05
14614,-1.6826238332642092,-12.073520361318483,5.098410096516542,1.1605816330828427,296.41838340664805,0.8381838034764302,5.870828153733009e-05
14615,-0.3506215185510797,-5.615860204494217,4.2107148237491385,3.726154364730081,542.3466970880141,0.5183367589220014,5.872402326353591e-05
14616,-9.975136905102502,-6.9965551305765,4.565295296519136,1.4221646173814306,291.7407444362115,0.16248516199959528,5.872785877849608e-05
14617,-2.499726543678938,-6.047237435643169,0.19139011197523384,0.8354144393298704,467.6874759976803,0.5449068353795594,5.872815110766612e-05
14618,-0.5751537659397012,-5.922193388907419,4.289064946299451,0.8315338741108799,467.88487959511696,0.20539839876445232,5.872946215150858e-05
14619,-9.3304219683987,-8.201277755342746,3.617917124851636,1.8364390532556356,469.7517538066556,0.19641856901081223,5.875014386128676e-05
14620,-1.8540714299000456,-12.108945727203743,5.096877754406942,1.557067916214889,468.66232078383376,0.18434415423461736,5.876531777796503e-05
14621,-2.378707634444086,-5.158708400620495,0.20192441251474094,3.606923613343411,465.0270270335049,0.1301597020045584,5.879130824356961e-05
14622,-0.46278027870824623,-6.912225676612432,4.612121875419166,1.779975277035094,423.0177662315485,0.27404601276293405,5.8791487256568386e-05
14623,-0.6277069220782518,-5.870720458753723,4.276381948789583,1.1785336374001163,281.9382098899849,0.5284687071462084,5.879671691926679e-05
14624,-1.3517961640250657,-12.684234982902296,5.0876004384806235,0.6001309359906207,115.14188352875598,0.11655828747193997,5.879737117153271e-05
14625,-2.049709306051682,-5.402728778864951,4.197089589162789,1.778064536115038,423.96480182830726,0.602150606027128,5.881573409749975e-05
14626,-0.8223215378671238,-11.705117418660857,5.105524101215959,1.0637357264270946,467.4384599135918,0.553658573275392,5.881852771619699e-05
14627,-2.172311972299262,-8.203777717665536,5.1387044144777905,0.8748165753901411,467.04200689683523,0.28235376169327164,5.8819427257809326e-05
14628,-2.9049900915004248,-5.614676004026619,4.81219653773416,0.6879660483097294,181.58759565176152,0.9522544805631643,5.884114759629118e-05
14629,-3.117047650950412,-12.242521310315198,5.144706621395798,1.3512358886066667,327.1910413187374,0.26319282402864275,5.884155251592158e-05
14630,-4.648197533493773,-12.742933812435883,4.970616411318834,0.9873267196723029,266.8806040221971,0.32725801428861434,5.8866427572671356e-05
14631,-8.100686312103328,-11.288731999401037,0.590905909035118,1.0545403841286087,467.16969078519867,0.7633694722492939,5.886728309926829e-05
14632,-8.110811143583517,-12.815612042161442,2.4236259410434187,0.9773844840206846,235.27090927664332,0.08438829483417631,5.88804432263641e-05
14633,-1.0777311493511128,-12.220843771521745,5.092931607014788,1.1035794051359473,467.2800732194607,0.25197531204668344,5.889009884264411e-05
14634,-0.01868210845691287,-7.603444267868843,4.894992678813186,1.807498300204874,379.99748572670455,1.369907196526162,5.88947077064551e-05
14635,-0.3432764369905925,-5.215880452148288,4.190031348896693,0.7415794446604806,178.1516088462767,0.4582578574651217,5.8897731906812265e-05
14636,-1.7428029775565346,-11.152893463011013,5.123430374126348,1.0707551821956418,286.839615303109,0.5919878934822753,5.8900365363976495e-05
14637,-0.4456557458425401,-11.44146381753342,5.112258813875641,1.322516448571616,324.3261232053053,1.1244158356411953,5.8912965676695124e-05
14638,-0.005116191287683591,-6.644128451074176,4.512715027547356,1.5861070083299826,374.99986122655844,0.3767123907086001,5.891940906784771e-05
14639,-0.2304922497241897,-6.970304881258713,4.620062962081161,1.5086985428536417,347.20615584430345,0.33796562218209125,5.8931820125034035e-05
14640,-7.903128080971872,-12.260434063967333,0.40853381979448344,0.5529238910386822,149.1347546669374,0.08149004299448226,5.894801200409968e-05
14641,-3.0827670135378558,-12.90874333195251,5.1407108747897325,1.1565519831351134,293.46669028637956,1.0668552714607378,5.896096900300422e-05
14642,-0.9602681087893963,-12.970354831114381,5.082214555734276,2.401205176883394,447.7337584442282,2.037285875913372,5.8963786634741386e-05
14643,-2.003262668619147,-5.50433790976266,4.225274690075869,1.2073906919669757,277.0653971690256,0.3425802415833461,5.898608717926792e-05
14644,-1.9294709805901729,-5.709901267073396,0.1601460347387617,1.645269009156368,384.8386825430856,0.09069698955362959,5.901698700675682e-05
14645,-2.342246020068748,-8.244779773703833,5.1500634630866715,0.964818866586077,257.48951892783623,0.726316605760716,5.9035262553853224e-05
14646,-7.143711193972164,-12.266875894877371,4.531672089070119,1.8422863434889496,467.547912474262,0.43142601788319634,5.9036394929362794e-05
14647,-0.8958052421910043,-10.992117729098144,5.149434763802975,1.0600155816770378,469.8393055112348,0.2360820597709523,5.9037509102731025e-05
14648,-1.542915794172222,-5.105244702785681,4.181445865003211,1.8024641905353684,467.54591561295683,0.23263412653732107,5.90501432915874e-05
14649,-1.154823596559174,-6.48439329825134,4.454320913495113,0.9618755237039159,266.471581325781,1.5912995235907266,5.905849132461015e-05
14650,-1.4366892789133399,-6.000460156012117,4.324111918359351,1.661832944679475,468.5809599246433,0.2952150892508998,5.908322770177495e-05
14651,-1.452169845464585,-5.111515269571119,4.1811691199608925,1.723818487210331,436.0102296986637,0.6173491367077713,5.909534015748337e-05
14652,-2.235291063550693,-12.945278768556783,5.146304403098879,2.3088144559993955,431.3469539673882,1.0758844985439904,5.9109685940644474e-05
14653,-0.16880930109073056,-7.741241039576013,4.943455030014141,1.534627805845857,341.2186691049543,1.2477943476546711,5.9122254828192206e-05
14654,-9.82875255484913,-6.399784557394475,1.526364801349492,2.15272364361461,421.96478416622074,2.018517401904967,5.9122757726954594e-05
14655,-0.6092993843231636,-5.908963472688815,4.277931373660177,1.8316010644488143,467.7119426826021,0.41532758583707263,5.9128745478111825e-05
14656,-0.946697622128367,-11.274669378218078,5.115045155924326,1.0883172787781863,285.3008440601185,1.469916630955412,5.913870581696356e-05
14657,-1.9353048514487199,-12.543179566474313,5.077034485235378,1.3647031862395467,315.49678138655446,0.4874990722204524,5.914537443713489e-05
14658,-4.575461766799604,-11.343187147893467,5.153152028129815,1.20455250430136,285.2697992071309,0.38021806825653126,5.915896727816647e-05
14659,-3.826696112601047,-11.718703351958675,5.065125270508293,0.7447185523638058,455.00453661662965,0.2639286076990617,5.9159976966852965e-05
14660,-9.739256970853997,-7.567315904949842,4.169646576853376,1.9390366337148175,393.1810476056175,0.44033002463729254,5.917454843889517e-05
14661,-1.1880604478353014,-7.5580075656543775,4.8709769491278205,1.9046293524503495,381.37312013568305,0.4608767040383581,5.919185855647053e-05
14662,-0.5243458713402696,-8.056481252590192,5.067577786672581,1.7232648335126273,406.3763374641076,0.13203473437584368,5.9207414397506094e-05
14663,-1.5922778964449034,-11.157005949644823,5.137745535452193,3.926531353486261,563.0681640317598,0.8713302881335219,5.9209883506889605e-05
14664,-5.498118017548888,-12.127016613742198,5.044001734660262,1.704109815436669,399.5108146613852,0.1634469465260624,5.9211511281992085e-05
14665,-1.686993899524996,-12.6796521511549,5.074166312727405,1.1361863369823049,298.4035144058963,0.7570239531259739,5.921905933542759e-05
14666,-0.6827560761211906,-5.533871420956606,4.224951156807942,1.1670434516431665,401.10870515193835,0.3070462170645323,5.9225176958147906e-05
14667,-0.29333953251787825,-5.124314546034202,4.179779284144356,0.7838216209308279,468.58987686172776,0.2668244270365703,5.922776837426937e-05
14668,-0.08853935397744905,-8.12329553668512,5.079900573268675,1.0437054974198112,467.8632687080494,0.18064596484027984,5.9229906827298614e-05
14669,-1.0066494705534996,-6.961315658217231,0.07056306647396514,1.1936114844574437,288.5779009560983,1.1102342114150288,5.9256340330118237e-05
14670,-1.3373134506342232,-8.21368045574306,5.134554719494788,1.0060029279316245,261.9154732016054,1.3511959170899575,5.9269622755336046e-05
14671,-0.2074929936351495,-6.006749451481597,4.321723868174558,1.5483299154565666,468.7746125153718,0.49374003229534846,5.927306790363554e-05
14672,-7.741144385127499,-10.300315416319,4.281266954748158,0.9608971508634252,219.77437438249888,0.3863692883354908,5.928245220875903e-05
14673,-0.7359238002108519,-5.186269518048644,4.185286914917117,2.9106522216630597,486.9369858136419,0.9711939953643638,5.929375788931892e-05
14674,-1.653063555112551,-10.982656422334612,5.144222764859431,0.7830618567296578,158.7545662161403,0.1487927406017775,5.930450497470017e-05
14675,-0.9551915725681042,-5.598963224271945,4.234093744593257,1.2451805203600073,266.71221946326665,0.06979898799107165,5.9309788245905245e-05
14676,-1.845574088221415,-11.532614343019326,5.149853435690539,1.0535580544008933,467.7802535898618,0.5122311384536893,5.9311171445446756e-05
14677,-2.8479074298740095,-5.881751964581238,4.924922745095676,1.8111435940203087,431.7800556117997,0.010777724243060227,5.93319329661076e-05
14678,-1.5232594456036992,-5.017481802120659,4.1663784707115505,1.095803591880811,285.75271759234664,1.453958890045973,5.933928283706778e-05
14679,-0.2903060641003492,-6.116466217278621,4.309119846398961,1.1421565984713553,297.5290937722291,1.7416525563883942,5.9343585717550285e-05
14680,-1.6071905170364431,-6.210962056694592,4.383952139448808,1.124119926975805,273.8239452265853,1.0224032190910854,5.9344439822197264e-05
14681,-1.6025956198641857,-6.373109235581414,0.09848608263540432,1.6996027686739903,468.66867216220874,0.5758306143693286,5.936292991199841e-05
14682,-1.4802803029050242,-6.3983136671142296,0.09803713178460939,0.7065453057383732,166.02480139555905,0.7700593705222891,5.9368667971676796e-05
14683,-0.11505551200272279,-6.89653267236557,4.603327617021729,1.3168169410675479,322.8519575422326,0.31623795891195083,5.936915369711245e-05
14684,-2.5157688141308903,-6.381476519776324,4.440252149893977,1.2416626854643982,216.56783879172366,0.43306011233673924,5.9375689825532186e-05
14685,-8.052714744880022,-12.473069603451869,1.3797593168603752,0.8155331490183142,161.72504037083363,0.08154595676508603,5.939940994585744e-05
14686,-1.5418123175166798,-5.859249792074963,0.17777841518669624,1.1714186964429147,389.4957178004186,0.33246017916101867,5.9400168523572186e-05
14687,-0.6479545781093883,-5.014485553442004,0.21085705555642736,1.2631977947107416,265.9443420595776,0.09620645996297128,5.9427778304707e-05
14688,-1.7503511097072852,-11.280145801579486,5.110478567227547,5.114639210358062,626.5393005562373,0.46445435539119995,5.944059190217253e-05
14689,-0.6819060118913054,-7.094007262789649,0.03755957082749902,1.769718755551,468.2052009200606,0.2983578563640128,5.946511211069488e-05
14690,-0.586934138912035,-9.928988319446809,5.190553643410939,1.1567022976852996,243.54915082625706,0.42333508848765433,5.9478944242932544e-05
14691,-2.3458749724146166,-5.216662641457643,4.18484463090878,1.0712478433860124,288.1521244555652,0.9896897101156465,5.947967130550623e-05
14692,-2.1071183419298603,-5.1713176398730205,4.1796535361439435,2.574057568059417,463.0475248676553,1.7011555581475655,5.948241765313745e-05
14693,-1.033311829496963,-7.389505273935102,4.79345657801122,0.9376080509474561,262.90604946299015,1.6030025103413008,5.949766004726478e-05
14694,-9.104167542480447,-8.305784462486441,3.9254608388311754,1.7937361378713474,314.7587128447319,0.08001630989048092,5.9500807429493975e-05
14695,-1.3075832485125645,-10.120781539434514,5.174458063569546,0.6620818326542515,466.96295168027,0.44924216438219844,5.9504516282789996e-05
14696,-1.655995912748784,-8.608679429293609,5.187905983934112,2.115195684405557,412.04587359820124,1.1849327588256005,5.9513346982899225e-05
14697,-1.542137696109231,-8.572451031771251,5.182780389385056,1.2979681580364875,470.3537105894535,0.05748169295830596,5.952026000547298e-05
14698,-1.7029187236863113,-6.835434737192821,4.557197203327647,1.8270538549023214,437.44904152302894,0.4730262087719508,5.953261479936535e-05
14699,-8.4517068495077,-10.013642314642237,2.2555451965439963,1.127971257915329,290.83629960464975,0.6060565593439842,5.954210785386548e-05
14700,-0.7199289067648103,-11.639805496871293,5.0968095135232865,1.828196761188859,438.5752361830165,0.8707020086218398,5.9542904890732644e-05
14701,-2.1216841116900556,-12.293654287289947,5.07018531159137,1.7379911521448406,408.69169639502974,0.18818325424295068,5.9559462803903975e-05
14702,-0.2035794637475199,-10.842225130381781,5.147518903610034,1.161912959283576,299.21593031956417,1.438999071622745,5.956439671358964e-05
14703,-0.5937900227218957,-7.226671034499956,4.728395918832524,1.7333411926537328,409.1335454372739,0.6560658914086748,5.95674503183308e-05
14704,-4.619109685482022,-11.681569171231448,5.080061307430416,1.0766993951981583,466.32041387089424,0.09088347493435478,5.9574779380186354e-05
14705,-1.969003108252716,-7.20683471680179,0.048023490869898766,1.2571144322548213,312.02780054921413,0.565367145707266,5.9576009759498216e-05
14706,-1.4435049802275692,-6.305216416385095,0.1460762399445958,0.849462741178739,176.04913307184535,0.5567953700810522,5.95779697335383e-05
14707,-1.449103583528741,-12.168870402742044,5.083763150013729,0.7800795452574698,468.54723676540243,0.21994525406841525,5.957802269650671e-05
14708,-1.2559408708073327,-7.312406313832917,0.011762718987521027,0.9015575395570891,468.02875165925155,0.4285674338772285,5.9578573254457546e-05
14709,-2.6171496273278736,-6.105846730130609,4.431766643275447,2.415889154788075,443.7841893067266,1.194871705807695,5.958394413922719e-05
14710,-0.45840417237556963,-5.996857847534621,4.288705121095817,1.117935015287172,466.61639156125705,0.5741438979554205,5.959045625270835e-05
14711,-1.197236103509578,-12.435969880818574,5.079031778325907,0.931380858495126,260.5746256907803,0.9101907970093563,5.9597947992135806e-05
14712,-8.16458120396025,-11.963447680005778,1.9292794755427385,1.1265087717995799,467.64072855058913,0.10609885365687699,5.960596590270242e-05
14713,-7.761452668795479,-12.221423115231435,3.6505153643162283,0.9026634841196767,181.18946144937735,1.1389618707813423,5.9609480295719515e-05
14714,-1.290993424265265,-10.964572476922228,5.121488341428954,1.1521606771294979,297.6977322853659,0.7106848169591133,5.962480236940478e-05
14715,-2.0891679994329238,-7.249553358536986,0.03314715551020246,0.7985425998473553,161.32452988948927,0.10561386785327453,5.964139033857683e-05
14716,-6.181871504828969,-11.755096258260934,5.062761342861138,0.8794518759121173,173.10591234820933,0.11115044298362164,5.9653128822326544e-05
14717,-0.41976659802599947,-5.254246002981802,4.185745660831848,0.981830669461351,269.6067375760058,1.6096389489081888,5.965551582522807e-05
14718,-4.39720603696539,-11.636632910346222,5.086483557261264,3.984681708012397,567.8197090709047,0.9576516083205098,5.967585297927339e-05
14719,-0.6212795465904755,-5.290089081785503,0.20372791381801805,8.65244310199398,525.8420710994816,0.051644432026612286,5.967753671560109e-05
14720,-2.9921415725049174,-5.346579371854928,4.699688476432651,0.8914277701183866,175.48215165078858,0.17381287338483364,5.967857882324404e-05
14721,-9.804774686658751,-6.213271534217829,1.504881997672375,0.9150854570781225,468.36942032124523,0.8671180091698911,5.969231978896489e-05
14722,-2.6757074687333215,-5.806595223803261,0.15843656622334268,1.623105227715088,364.1301055592413,0.9139922271775545,5.96956741138398e-05
14723,-0.9513101523454264,-7.793037119691157,4.95450166653721,0.7986416822431134,316.7011980449375,0.47856767041990533,5.969776643134455e-05
14724,-8.303355098715278,-10.552690027065669,2.4263118733614935,0.718346236269238,152.9771957977154,0.006430243599690577,5.970558399659859e-05
14725,-1.245738683643232,-5.194306704773519,0.2052596417825893,1.1054187343655728,284.3400826190205,1.105997083028444,5.972747324142604e-05
14726,-1.4644596510549608,-6.1663390637572935,0.185719734092563,1.053878339466531,264.74123527595754,1.1560427728663685,5.974002447287815e-05
14727,-3.79085470742473,-12.571603485503454,4.967096663715891,1.8395431948555816,467.84177832766807,0.5499884707284588,5.9746233594808854e-05
14728,-8.204370914601254,-8.806535608315059,4.950465475780356,0.7766297660038427,189.98596712108846,0.33740718427129845,5.975173466807656e-05
14729,-0.8840979584492796,-6.551426910964357,0.10635349480166208,1.1622848668157089,296.0451047536194,0.19843581357771622,5.977401343282769e-05
14730,-8.086567011219554,-11.841524866762668,0.7860070031323173,1.0209497804525465,468.18535906122594,0.8708356238160322,5.977983841174055e-05
14731,-1.6811278549079063,-6.477137475531934,4.437498299384824,1.1209931257662291,225.99633248615615,0.20580723982375648,5.979626062332673e-05
14732,-8.114042113635529,-11.896789834140069,1.4705826038364622,1.295721381069632,289.9059328370253,0.5412141391330954,5.980950845510748e-05
14733,-3.3842658489116477,-12.198852616421359,4.996481993452987,0.8629665551635063,195.13836826835848,1.1248148818473895,5.982673008390091e-05
14734,-1.4479541306397277,-10.246957481561106,5.1660698825205875,1.172667178019373,282.5112907851869,0.5468644271597354,5.9827004961656826e-05
14735,-0.2943755388843776,-6.588026128191007,0.10527111540368211,0.9253462861358778,468.19401497857837,0.5723902540158914,5.9829842495188305e-05
14736,-3.5853079941658796,-11.641147287206076,5.074438802407952,1.4723764590990984,331.71014981519784,0.2006200969755758,5.983479082689271e-05
14737,-1.0546729521530764,-12.227986679559223,5.078893886777199,1.2234776136368584,296.0835431566552,0.39481553303390804,5.9837338413649706e-05
14738,-2.2879406575309176,-11.593809090168545,5.141191493978016,0.6035151536890526,188.87373368244252,1.03951562270424,5.984360113748645e-05
14739,-1.1710899333830298,-10.91130445097022,5.139748711892579,0.9986236572385417,260.43842701556366,1.2409067851810454,5.986359059824088e-05
14740,-2.340076948615442,-7.052279158015037,4.631282037768578,0.7918072857598885,142.4369129113105,0.049555341676200904,5.986526086048402e-05
14741,-1.3396570526439842,-6.517747280280809,4.449780381979151,1.6381886718612018,470.1776117684747,0.22940939426719353,5.987039697159401e-05
14742,-0.5812502513036009,-5.238376801051008,4.178952932210271,2.00366222257941,403.0228757904875,1.5574240380218063,5.9891162278763784e-05
14743,-5.477078496974432,-11.433934759139406,5.151311533157762,1.1140503401328086,468.34440464571543,0.5151759439441284,5.989156141381897e-05
14744,-1.2349146014293897,-5.072039250214487,0.21577590336049912,1.390390895651126,328.9862111598409,1.615090923422521,5.989591408567503e-05
14745,-0.19886573871689706,-6.557275101149697,0.11219714493505377,3.16562497699997,490.17197787264297,0.3766774291238031,5.99066911746157e-05
14746,-1.3156985242351062,-6.238602728821886,0.18973698363358485,1.9151713699930086,388.2840258523542,1.1291311222148286,5.9912061058988735e-05
14747,-0.44835350828974896,-5.131009629462623,0.2214804982932705,1.6780394506665248,468.7376360582436,0.0818141279168092,5.9927429841312924e-05
14748,-1.3090339809902645,-10.82043115742578,5.124317913400348,0.5275392354425951,117.6351050443001,0.5808759436274604,5.993418664669064e-05
14749,-0.3546862905173942,-12.184515676993907,5.078224801735938,1.7588811646993348,437.73094043205253,0.5492976821016784,5.993718886418173e-05
14750,-2.637259772239031,-6.298958662886986,0.19170288425049745,4.152248542077541,230.19962990999997,0.3635925461517324,5.9940311010166614e-05
14751,-7.512964815027867,-12.069328337498693,4.098698148948704,0.9008764705868195,245.8601272480477,1.5542513166089487,5.9944697928450067e-05
14752,-1.015913922952926,-7.2587460250414155,4.755224328683494,0.8223393856689328,221.59126106343652,1.1760600748716383,5.995039581460085e-05
14753,-2.3312022971285966,-6.2830707675587085,4.390681268000808,1.0998732745328692,284.9743226847642,1.1754959481098926,5.995348322883613e-05
14754,-4.700748302112656,-11.976908835537355,5.037091090877735,2.525181040214588,453.69754734337965,1.122545060141424,5.9963648994846737e-05
14755,-1.8878508189747851,-12.00556769894293,5.074199217294162,0.8562583856261171,213.04187311491216,1.3114986909598576,5.997456936539333e-05
14756,-1.5516031901965324,-5.30110078588463,0.20336687056239278,1.1385505561004552,291.9615020357902,0.9754002750800677,5.9983888971776384e-05
14757,-1.579944807038629,-5.049371251580654,4.155944927213949,1.2210318517842567,222.1130430630181,0.05579138576301723,5.998700092858189e-05
14758,-2.107955934961785,-10.741743790732398,5.146941134718406,0.822604826258105,468.84068677619575,0.535704839603758,5.99904955932282e-05
14759,-0.6714518117790558,-6.277748159882751,4.3886123941017425,1.139454677581078,236.12008801049828,0.3552615406285513,5.9993951281902934e-05
14760,-9.818439426286428,-7.840301136699635,3.355485563072711,0.7163332835853293,445.6938378641023,0.3235057861745938,5.999976662019568e-05
14761,-7.310713285982677,-10.813159341593984,4.648127519489853,1.150695705443005,269.1590367950717,0.3176486345611105,6.000759648099552e-05
14762,-2.4831721835863156,-6.840501126754449,4.718105746849978,0.9548469799840813,256.3530515607624,0.22277248459722276,6.0012245634444934e-05
14763,-0.8358589328864436,-6.406679029421722,0.14151667811484242,1.2287241043358468,297.5036952525094,0.5991593841671312,6.001938670764822e-05
14764,-0.6493095652529721,-8.348917888849208,5.1279017604628345,0.7226752366825784,467.9961418906375,0.3395961580092024,6.0021692620191744e-05
14765,-2.075192084981974,-5.439403903223448,4.221497465512527,2.9200134139463216,479.8289569696198,0.6242577322745229,6.0030003662104006e-05
14766,-1.1002916242711187,-7.333878453466508,0.017460766349744944,2.5834242802776735,464.79959089041256,1.9455597692486366,6.00352129926034e-05
14767,-1.3781584250535808,-5.419843510514022,0.22471892486295197,3.6378782707104693,545.2228528154998,1.086551694260815,6.003913893069181e-05
14768,-0.6820338231101797,-8.314715136486015,5.148046930645771,0.4644109799020238,114.81392927927237,0.05845518048539233,6.004256036905704e-05
14769,-8.13641080394622,-12.586631778201305,1.8871374288287657,1.8615836245192159,467.7266681630354,0.20190205077252532,6.005811390346029e-05
14770,-1.3494724616113825,-6.033303192268886,4.287800455260862,1.1397054368910202,291.88558058753983,1.1497084919678597,6.006942673947292e-05
14771,-1.0314059334098307,-11.846567208237865,5.071716008233516,1.70508872136049,225.57720088879637,0.12354791669520004,6.009423387181712e-05
14772,-2.2380063788547258,-5.240680828527561,4.174826525984274,0.8641027186036785,174.5938219707774,0.9583319387787785,6.010080286708161e-05
14773,-0.8597576795267639,-11.916241055574329,5.0743290651781106,1.4153898540644978,336.71939132889725,1.0835886484403998,6.0104703409771604e-05
14774,-0.8345886868084929,-12.355239024797987,5.0677572200309555,1.9018239111627986,467.84202987316326,0.3672231774190413,6.0106570472786845e-05
14775,-1.7972030833044474,-11.996049728062527,5.079540138869165,1.1195696287732395,468.3790835797588,0.6891590810111596,6.01085737795225e-05
14776,-0.8756998321213896,-7.162216066868319,0.08118476746230958,1.3174267349861846,316.98499046009874,0.21177016293917017,6.0124548548703865e-05
14777,-2.0889544166990586,-7.3855169352112835,4.781040622220264,0.8023837852517142,189.5015466399709,0.08557052467324056,6.012771127873657e-05
14778,-7.559873963307885,-11.07794425414215,4.227936196588159,1.0926101951164713,373.7261285155136,0.8482148659306299,6.013414141083139e-05
14779,-2.556170326981854,-6.140864722379809,4.302687873988759,0.9533226161413908,241.23017310182433,0.14044862293677163,6.013511456705046e-05
14780,-0.9368856391969551,-6.280646045066133,0.1757301743621252,0.7038192605130733,151.16486251163772,0.2995530461342435,6.016501768921253e-05
14781,-2.6447515527139256,-5.903683444564715,4.386472843869823,1.6827515626217753,395.6615487880857,0.6221319865192934,6.020316220953071e-05
14782,-9.887999690616457,-5.624261604626585,4.9943195164290675,1.7836808715226933,425.2320387624744,0.9332564454649521,6.0203571539983844e-05
14783,-2.5406862704080444,-5.694226800392193,0.20384730324851752,1.0901085080533137,467.8558121722212,0.9047298205320642,6.020424455031116e-05
14784,-1.1411960286370046,-6.568490024274043,4.460787207871804,0.9535461940040431,468.124370246214,0.7445422670821831,6.0212706862227746e-05
14785,-5.388049152334408,-12.840766720802893,4.977136276626849,0.7498165252615958,467.9372404015962,0.2780707422140667,6.0215473163136376e-05
14786,-0.24965043261308573,-6.088317651116029,4.322723626281146,1.1853866545524925,467.0401271043837,0.33451927856421637,6.0216097060492585e-05
14787,-9.958217010469749,-7.096545320876497,4.484697774272341,1.8653658449159787,467.9862302763027,0.5382453597921781,6.021813064985309e-05
14788,-3.657543650961724,-11.362178323386857,5.128997261377036,0.7577800564316235,150.55388662259978,0.4192836272744165,6.021918076566565e-05
14789,-1.737488727947273,-11.361429870619387,5.096092139951437,1.7280830106495289,370.33430073026676,1.3375822175252265,6.022817889724658e-05
14790,-1.6021775041510082,-5.684121433038273,4.22971065699625,0.9442120865139051,467.80655961696516,0.7538014382384981,6.024298404312377e-05
14791,-1.4685405469926707,-6.63038225935186,0.0889523589734969,3.8674821342580517,547.898233477745,0.38190156136382836,6.0243490672059345e-05
14792,-0.5360935007867802,-5.689383465777731,0.20838432446766803,1.2666108289424824,294.8450819448678,0.2803045777140767,6.024733782154988e-05
14793,-2.503137772224071,-5.142761827649644,4.22782260789028,1.198671210309777,468.1852723816399,0.45194475974736026,6.0256348018687626e-05
14794,-7.422818160539981,-10.763854884773513,4.527092162567969,1.1699028443196966,153.6717486759227,0.4037704906028976,6.02564568538941e-05
14795,-1.1997912499728027,-6.461584029551767,4.423285767453482,0.9791272832999827,191.93438653142852,0.33030336081536227,6.026034153765035e-05
14796,-0.07178405231369389,-7.217674403417128,0.06669417324516944,0.7874131946145968,175.10444910993866,1.0619826631537528,6.027045819573527e-05
14797,-2.2144600437926885,-7.726330639256824,4.9186844221887345,1.4746077384221132,469.19408109398154,0.5956555940827846,6.02997200503393e-05
14798,-4.155633963119248,-12.903422903172178,4.948428419878799,1.5454608419369018,356.1076460461285,0.31201523315054125,6.030219069677822e-05
14799,-1.3654062172134456,-6.547049628406155,0.15614843647980461,0.6767509155079864,172.09284950192398,1.0352222638378992,6.030311158287747e-05
14800,-1.139617454886725,-9.968121017217833,5.173640512961936,1.850751045562124,444.85310996376546,0.1281954327927961,6.030389376124375e-05
14801,-1.2251148843485709,-5.321373646422522,0.2146438402430607,1.4284503040312595,339.34192619425653,0.7672701359067693,6.0304097181991015e-05
14802,-2.2406275792684465,-12.313807660854023,5.138396156901684,1.6465708872103977,468.36131109358917,0.5402363187868788,6.0314064022409084e-05
14803,-0.19921923204971748,-5.965011043695967,4.266087822051795,0.9476158192816025,266.62116423323675,1.4360694062083335,6.0337336280289376e-05
14804,-1.1902640480457922,-5.700796517222448,4.2305226284602035,0.9393398667958119,265.23575873114356,1.1584993749261328,6.0353728801834674e-05
14805,-1.7827098589877597,-8.392083662023818,5.153814963975644,1.3231510944642644,324.33448396891333,0.43579961475743634,6.035383567473761e-05
14806,-1.239393146749121,-12.353789658320228,5.069702591638007,0.6904421042251868,167.9517861106373,0.41537784740542527,6.036411810488049e-05
14807,-3.5594691540705368,-11.242862747435556,5.152805738866223,1.3009921007504004,469.638896600537,0.008870718287586676,6.037083904107425e-05
14808,-1.9354587638750953,-5.25063524770131,4.170249092917348,1.8548197808817128,469.80515690166925,0.12055216622965137,6.038283986229523e-05
14809,-1.200626599862563,-6.559457859668851,0.13549967148877112,0.864561543787861,221.2404928491599,0.458625335377004,6.040021037685932e-05
14810,-9.553786432021035,-7.056943937733162,1.311901104725452,1.3037067277153256,312.4329839688128,1.3380161247751143,6.040568441386092e-05
14811,-2.0892733085885347,-7.3563515439818685,4.76825236784675,1.0317781236061818,468.4944486102801,0.6536461587920401,6.041231497022416e-05
14812,-8.452263260398091,-10.009822655747874,2.204730633013239,0.6117266253311762,167.51254800054878,0.482033497391785,6.0420621634978235e-05
14813,-1.496066784856346,-5.236371473543492,4.1677443983503935,1.7527568662730557,467.88331010219986,0.41614397070455933,6.042098090571576e-05
14814,-1.0914065370456516,-11.729105987094936,5.0812012529406125,1.0210049914796206,275.555027244869,1.485590521991587,6.044660960822707e-05
14815,-1.7287439826932776,-11.611238465942757,5.084293237969037,1.6975269152044523,365.956384442382,1.5067690231247282,6.046899032523764e-05
14816,-2.520479066128969,-6.4566712243278115,0.1818356086646079,1.0962125226281458,282.9039971458399,1.3690465814451906,6.0476223500120214e-05
14817,-2.819826951018184,-5.5699495879624425,0.08509770006194464,1.0453165549108272,283.635138764776,0.9011615910623982,6.0477306874425363e-05
14818,-1.6181771496338477,-8.36721348243799,5.12531513931302,2.5181310586471684,451.471409710644,1.0104565060769568,6.0487249278572494e-05
14819,-2.5340499140041617,-5.122953366050833,4.224637942327662,1.1484890106229295,236.0073338469263,0.11070862941047821,6.04886755636145e-05
14820,-1.8837949965458893,-5.422645370131018,0.23978347873978173,1.044408967194826,280.6412549357467,0.5665430665082454,6.049453103950515e-05
14821,-0.7191119097899641,-5.608343425918692,4.218230557185489,0.8283879868582128,469.28528531184486,0.07809815593216474,6.050425086666707e-05
14822,-8.667025081458947,-9.41632987313998,1.6286991850029833,0.6166212465399112,131.13194263786883,0.05792601698344857,6.0514967356305516e-05
14823,-8.475642370872277,-9.9461513145422,1.7735847804301628,1.4129451226927854,312.86177023402445,0.009546823617079703,6.052320602443312e-05
14824,-0.46644056276466195,-7.90557009392974,4.983523479157019,1.3231108494301336,310.83576551597133,0.27364281473071905,6.0532711773660955e-05
14825,-1.3983322312167914,-6.539361298078794,4.444344963299917,2.308765794624444,435.88445647889756,1.555233093356489,6.053841696279689e-05
14826,-1.256070423916352,-7.190579692583634,4.701708453807153,0.9794123600702137,270.55353176447767,0.7681755439901581,6.0550781521492664e-05
14827,-1.5468629154380267,-6.198969367366785,0.1687068143868082,1.5321687260711456,354.1692139972434,0.2297070003762638,6.055682384459384e-05
14828,-1.046818902664512,-5.052333518185529,0.23880026270669746,1.249964422768395,261.1941676593785,0.541855528288635,6.0570320147457696e-05
14829,-0.6611752240098312,-6.7635407197713,0.11385103691040008,1.842934631686357,467.71601591341454,0.47612041066419675,6.0572609064090526e-05
14830,-1.6394771000004642,-7.205352029426408,0.08185592740905866,1.0031962252560025,467.5152618955256,0.040076164654078816,6.058034684124585e-05
14831,-0.2815523880522761,-5.7655554838172804,4.244533371506367,1.0685674566438315,467.5726892747199,0.036653446389436795,6.058113260445499e-05
14832,-1.5280478573525844,-7.309473132447939,0.045742822913095775,1.381422820493798,468.9032497413856,0.8583660568543179,6.059845273484397e-05
14833,-9.979901538614598,-5.263017592572077,1.6256971292059272,1.2229447823571329,279.72244895969465,0.5935233617182298,6.062326989015714e-05
14834,-0.18288941103421408,-7.740234077474256,4.919020471085246,1.8534412214477283,444.33695187998046,0.29412754151722353,6.062642842172982e-05
14835,-2.040947960584881,-5.2043792864242695,0.23277962720010567,0.9146926791262832,191.95820259692994,0.3372164348004736,6.0655062513504106e-05
14836,-9.576349310333638,-6.538502187238247,1.2640776717525295,1.8366496445487883,438.92798156728634,0.4245522851124912,6.066016759716948e-05
14837,-0.4986343711609109,-7.755047411234828,4.924263528845098,0.9838176602315637,239.55448150598787,0.7919615713025205,6.066812993953039e-05
14838,-2.1763325663497284,-8.244497418105782,5.092725041381511,1.8719807756122022,467.6398883058478,0.3120996745746174,6.067006456972546e-05
14839,-0.4289254618413487,-8.361974793089733,5.121415770123235,1.0063492536033798,468.5675766020392,0.651043579444381,6.067766052341658e-05
14840,-1.3568789226733884,-7.21036664773137,4.708051306953912,1.165174093365039,298.3012955025561,0.9278243113043692,6.0678845640888664e-05
14841,-6.8618089827630415,-11.83304940082713,4.798881386308153,0.8659092433201849,230.5694791745317,0.40260300454817344,6.068937150529627e-05
14842,-2.0422511681096136,-6.557198262289805,4.447614265694368,1.5284507381054604,356.5049521181,0.29327123468775973,6.06928931390216e-05
14843,-2.238497449177947,-8.164618628545963,5.072328483762546,19.537418540971327,501.19398875477714,0.19960377211959113,6.06934819001578e-05
14844,-3.2535095867924513,-5.358065650022929,5.1373723970672085,0.7158957176494742,179.29259655678376,0.20804156967493892,6.071827244760116e-05
14845,-9.178691818879681,-5.588254952604348,0.49204896491737415,1.807052124395981,429.14981988789555,0.030672985349387005,6.071981477126321e-05
14846,-1.1556166460733994,-10.585326308517175,5.145465690355413,1.8614850725098038,447.22917586458,0.18296189689913955,6.073549461520369e-05
14847,-2.6536792888129304,-6.142659437363672,0.1883045388963957,13.963034507320893,358.2067017466583,0.3343320441515969,6.0770648846382286e-05
14848,-0.07420123330416573,-7.27860623895998,0.024525572795093445,1.8691819915108827,388.66443346617604,1.4814716778616726,6.077401723151856e-05
14849,-0.2481544756663272,-6.707267854387702,0.13158101255196003,0.5652287078709001,132.7051563318956,1.0952162510765033,6.079506147319102e-05
14850,-7.237667413660784,-11.400054505985114,4.555228971811204,1.893315394017561,180.85634714268636,0.27001837649376803,6.081802641013227e-05
14851,-1.6655781725452936,-6.937748213475955,4.563997129190916,1.5442427323273409,343.83177291112804,1.0265602004403283,6.082059075690596e-05
14852,-3.9645425439292996,-11.461748904718688,5.102778572054749,0.9502012167896638,468.5569952409551,0.11627450057986977,6.083454914140113e-05
14853,-0.12153857823500758,-12.644169573763586,5.064781226769671,1.835099039570123,383.6167331330116,0.5776987813011409,6.084382341481822e-05
14854,-8.725562950274277,-8.045568856866582,5.136650756493325,1.1782472199578469,244.3194919141535,0.10389222481151261,6.084832575433705e-05
14855,-5.900077441816615,-11.59569097330564,5.109391774482139,1.2455680398576505,468.41817146191175,0.6045539640754196,6.085152178840319e-05
14856,-7.076469025201602,-11.82941858417033,4.634988779031479,1.0668946413829992,281.45486539980124,1.5495096322485287,6.086008010849837e-05
14857,-0.8037481471568757,-6.095024931959173,4.316433566702215,0.6938859479526489,165.69418763217874,0.2958067101135011,6.087174380749842e-05
14858,-1.6881008793645105,-7.146630808011893,4.689154490435599,1.1633718057223787,468.0639485381764,0.35224323523862555,6.087761412481193e-05
14859,-0.6983745602816391,-6.385895107758078,0.18933680409745432,1.120556435499682,291.41946719388807,1.1738154173886715,6.088826500166002e-05
14860,-1.5205284665518057,-9.829660548610995,5.17200926612749,1.8342908204375532,438.79885999066863,0.0366848565568727,6.0892866010244174e-05
14861,-7.560317754597651,-10.104991737729897,4.677469518128055,1.2900287991652584,301.61371675268725,0.15700658388219324,6.089817810457138e-05
14862,-1.194666058707206,-6.727962112313813,4.506352862113834,0.7956311755477856,236.5368492051078,0.7828370844631918,6.09037335738594e-05
14863,-1.522972322153107,-5.422032061284656,0.22640735737037965,2.7539898050209484,207.02651690745543,0.2932193910896519,6.09050765088672e-05
14864,-1.4985056655651299,-10.423183188399406,5.1543229044105106,1.020467804570046,466.4457250164139,0.09743637674937933,6.091066304553306e-05
14865,-2.5867613837299857,-5.767292814305986,4.200514342142593,1.0641682556364644,213.01707853581493,0.9147061257847797,6.091680459758581e-05
14866,-7.912839187576962,-9.210610603894297,4.938031418311295,1.351253665307582,326.7618566839403,0.2528347134087152,6.092036768018382e-05
14867,-0.26966322080617466,-8.675578705145428,5.176289935421696,0.9297751216167898,468.3409882954297,0.5139196334503868,6.0934623492713753e-05
14868,-1.954474404710675,-10.507851665312064,5.128057195651117,0.8702193509747043,468.00964806017373,0.3724211887544877,6.093867390723183e-05
14869,-3.9730233115888325,-12.354234487496225,4.9806533657542,11.272182877224907,370.5040944886545,0.30528221116775267,6.094346466477691e-05
14870,-1.2370512727513052,-6.543157127753832,0.1626145915774706,1.4819906448621474,339.54942235237013,0.19010585117409473,6.094450856735481e-05
14871,-0.6093969348681831,-7.700739974121077,4.897966662488434,1.1198473855769688,265.0943001249846,1.19919755276476,6.094645980551643e-05
14872,-0.2386993866864735,-6.752116371632323,0.10495865542573303,1.6895076377444802,468.08093807129825,0.7200041748647701,6.094660873671163e-05
14873,-1.2342608146171283,-12.98304634918198,5.064588009633873,0.8817972944638209,235.4005369964439,1.5132669123405504,6.0948223174147335e-05
14874,-1.1889226876912549,-5.184434915283541,0.28156644932012703,1.840107361514909,441.54128751931233,0.5068025033777888,6.0960687190533114e-05
14875,-1.2910930830101215,-5.6716293728441505,0.23259750326419,1.187811720605589,205.56207129292812,0.1080248182043615,6.096074212720849e-05
14876,-2.1648657653159953,-7.400810482283518,4.773496529575789,1.2626490748921955,306.73952974447616,1.544593196317802,6.097375701589994e-05
14877,-9.41521278909512,-8.252438511347364,3.1149587383335944,1.8143257379235347,454.9088440999449,0.5979569182697277,6.097613375155559e-05
14878,-3.824347257211791,-11.412693227219613,5.1118702414548896,4.053916658060809,557.7211853438968,0.34677718438037974,6.098362573615271e-05
14879,-0.09052361155771926,-10.611823639289073,5.140417972693833,0.7892112168846176,376.56150443462036,0.17348897081277315,6.0985744758922556e-05
14880,-8.005523920171619,-12.284588288493493,2.9981750722269713,0.5095475530256862,109.60456195318416,0.43101302103472516,6.0996239394534303e-05
14881,-1.7412150780633482,-12.807634854073894,5.060709306918614,1.7187086968104697,405.137913303468,0.5531673994262878,6.1002686199629775e-05
14882,-2.0585962583923703,-5.29441544689893,4.162673910364344,1.1164684387115187,353.81707155279963,0.5745828336301981,6.1009867012636834e-05
14883,-0.8980471799605478,-7.375894023612208,4.7666390273275585,1.5799243818235065,470.17894084251907,0.09275420720566974,6.101382646611845e-05
14884,-9.788027926591267,-7.632637410179691,1.7818015635366848,1.105008634876617,172.81613594470934,0.42891588755776944,6.102044886147562e-05
14885,-9.949147939813393,-6.6663760417867675,4.796996998648112,3.7430781543181304,553.2317449108134,1.1566065895426876,6.103532387284174e-05
14886,-0.16070874503647126,-11.897978769248294,5.066199092607174,2.311470875496808,434.17192597118213,1.2019307198305897,6.103943923856811e-05
14887,-0.7779741195577223,-7.214602040520687,0.05652364858282624,0.9172888240976985,183.63421108231904,0.3532977416924661,6.106652819961969e-05
14888,-2.1944148895482325,-11.405992335809675,5.071304948432305,1.2770937269029219,468.4089142681805,0.5398649341057267,6.10738750404614e-05
14889,-1.2921083025719788,-11.357641735955141,5.07729382493971,0.8438462614209336,200.2913111640605,0.6343763051641593,6.107883932935626e-05
14890,-0.9663534321426539,-7.5602774061652,4.840956583070763,0.5405120257275045,155.17821519800282,0.6475426585100079,6.107954738983062e-05
14891,-1.5083161131976812,-5.441082522538485,0.23198737850723158,1.2758840362479933,277.1063927032443,0.2692994839216132,6.110081348505729e-05
14892,-2.256193593157681,-11.31968789267691,5.085404757730854,0.7578238596946877,149.71935656563494,0.1142576847316068,6.11053225660851e-05
14893,-0.17069791326782102,-6.416388821264107,0.1916014446426701,0.8522702713636804,132.35946517288986,0.2893629128841626,6.110816143475674e-05
14894,-1.0084223328957727,-6.286299675100194,4.310823976631085,0.9946599865988472,220.89458277702482,0.033361302768811996,6.111072753758774e-05
14895,-1.454144224984013,-12.522669853019021,5.062606842961135,0.9974957452243471,466.45083351292817,0.03405590053324303,6.111355637942556e-05
14896,-1.4356928783215501,-5.979544490984556,4.2535988554232596,1.1097429645104253,467.61982260240694,0.899426642113446,6.11260063586054e-05
14897,-0.0468623343289547,-6.2803263207684275,4.3666194514712595,1.7312831246616045,408.00463482036736,0.28202466728759656,6.112830998570654e-05
14898,-1.5297242707847563,-5.61342826040267,0.235252637489024,1.8146344841077342,469.07138034635335,0.1502359985189674,6.114032839985406e-05
14899,-0.5630776339113339,-12.901150535950888,5.055506316220664,1.1544882044685523,271.2810173613944,0.1140533546404443,6.114156979168605e-05
14900,-2.5014130307743034,-6.595072794868165,4.503330547578995,1.02863595957901,219.04583495203246,0.259272672610936,6.114453508111044e-05
14901,-4.537579229889897,-11.805022220598495,5.053487312005381,1.2290427863563462,308.9003442804711,0.527548721062284,6.114956900628826e-05
14902,-0.7902843187619126,-10.521078396963274,5.124268097909472,1.0171553175086907,265.6710644501692,0.8616423320497182,6.115229888986497e-05
14903,-0.5212428931334614,-8.386241926751193,5.119756367310658,1.802563749264772,468.14330309911827,0.04137427326731036,6.116924842573587e-05
14904,-9.976140223047551,-6.6348659679073165,1.643998403404676,1.3514889383707407,470.2525182903572,0.19436121127820005,6.117454100688829e-05
14905,-2.02860967805762,-6.857509862518126,0.11044247149214409,2.418929433429051,433.95592053550183,0.26051813805466484,6.118600395580898e-05
14906,-1.202235329894748,-11.320546116320386,5.0725461737870985,0.9750878972444655,255.8744551836007,1.4203198572568985,6.120506628867241e-05
14907,-1.578675501789693,-11.334690965225205,5.0829831742398035,0.7567690508977685,189.48628363021265,0.3696339344758277,6.121782481640537e-05
14908,-9.448243187119267,-5.7971773566100655,0.8619104431510497,0.9320563162417501,215.7393008063468,0.08504280956674481,6.1218162997481e-05
14909,-0.44982966582693784,-7.409097446596549,0.025507781996716945,2.2998825058288075,433.91755600257505,1.348128410880796,6.121817410382102e-05
14910,-1.1783639446491616,-5.3010319538851,0.2441843608802278,1.227792325485981,234.35303900315995,0.01499858444768254,6.12187259291296e-05
14911,-8.834951245870956,-8.61735608788785,3.9048643306671456,2.9544440291377594,497.0107027924823,1.879972759023862,6.12248027246861e-05
14912,-9.489066367711693,-7.018727439664206,5.181340346839594,1.559119861399162,351.69016199035786,1.6276185040505586,6.123368506819906e-05
14913,-8.218288491377718,-11.089484195354371,1.5897441962749705,1.9942917216276927,316.7999260354013,0.04659345847198981,6.124907851011499e-05
14914,-1.3631390152248795,-5.802611968493355,0.22744038739664454,0.9028185629768967,241.10667499893154,1.1733516103940342,6.125279498249876e-05
14915,-0.8646953556809365,-11.455378501700439,5.078050006632231,0.7036403443007933,141.5590972181299,0.7350076639764742,6.125872963206407e-05
14916,-2.2499479285151622,-6.687365502588284,0.1566224104669754,1.0980172105673478,265.4063020690174,0.7115086974385347,6.125927762355505e-05
14917,-0.45271637455765834,-8.764039200929934,5.180877227469197,1.337880342345923,319.50527327796556,0.4169802071832036,6.125932979601097e-05
14918,-0.09947208638661387,-5.87990168873993,0.2040049787815173,1.1906738225218108,302.093183319772,0.7410620406521646,6.126956324403725e-05
14919,-4.317778324530099,-12.16713294278804,4.999455836679279,1.2952296459737178,319.7837492585415,0.4236365300003939,6.127026431163562e-05
14920,-0.3443201275885439,-6.813699517110415,0.12198401868545118,2.408307333437946,444.71721716239597,1.3989018963352953,6.12708259723426e-05
14921,-0.18314965106158887,-7.5369934472841,4.8277831160442215,1.146149880713538,386.75638958486167,0.30586584328869115,6.12753012316768e-05
14922,-1.9244036367044544,-5.905467116585585,4.248033089845933,0.8791897940106196,189.27311715018072,0.7796281018962858,6.1281651762626e-05
14923,-0.7471304765257063,-10.582149353887159,5.137918206021961,1.1973397130266505,467.384997457304,0.305568654564925,6.129469011923083e-05
14924,-1.482489998487102,-5.835266124107815,0.20484624927148362,0.9271138334928961,252.33189870538752,0.5941109451241253,6.130720504772545e-05
14925,-0.012618308662796451,-6.319477449822702,4.374503623639993,0.8186073031886092,166.92688731884346,0.14369601771198237,6.131180283523657e-05
14926,-2.4490692316236284,-6.747454568526208,0.1371319397693799,1.638512576235604,379.3768798946239,0.4963975995608152,6.132059103518217e-05
14927,-0.7288865007639913,-7.900887398136293,4.969641350566083,0.9689219443312155,253.0364212428779,0.04892508248987415,6.132574194947332e-05
14928,-1.4877548087352643,-11.099215709744483,5.090992149497351,0.7686299617606417,229.9979513226577,1.3659534653681709,6.133738885693119e-05
14929,-1.6906216046191282,-5.296601185048089,0.21348294681476138,1.6080609185848842,443.2450056848908,0.35239524686893997,6.133911512643156e-05
14930,-1.8150802003299393,-6.869159343417779,0.11202347261710077,1.2758539955802695,381.9605503154498,0.844213102613419,6.133939678205562e-05
14931,-1.6597208201797322,-6.1882861198173,4.326814087058032,0.8042040911392099,162.00076109001589,0.2370046728873909,6.134122581751838e-05
14932,-1.2478471376204219,-9.56590311409755,5.184008206645378,1.0609780066793144,151.41004700188734,0.23636417432736234,6.135166365685702e-05
14933,-2.133538257635223,-5.993548936214524,4.252400844145808,0.9742529528426769,271.0931690625972,1.4295305738963355,6.135263937602557e-05
14934,-1.5134132009396577,-8.295538059272591,5.095922469671632,1.7730632554719314,467.75051133257796,0.6024179092219244,6.13578493893423e-05
14935,-0.9218883217955813,-5.222614084382094,4.146542881227542,0.9786231083185518,198.6456073244581,0.03643827002195632,6.135956771026478e-05
14936,-9.502419561647947,-7.367697452030534,1.3212887596669216,2.6769615011467467,473.7382083841006,2.1555639565958487,6.137528530757212e-05
14937,-0.8074337545535766,-6.575737335645143,0.1543343748424769,1.8414959675519005,468.0994361171979,0.04748967258469072,6.137534558058109e-05
14938,-1.404778283876043,-6.6759297262183965,0.16546880830302435,1.27602722271179,277.6768415096256,0.020871811136964347,6.139808479442002e-05
14939,-1.2419350377916203,-12.122521900060313,5.064882761884793,0.9769225189946689,200.57799480944377,0.8723079472549502,6.140614358012251e-05
14940,-1.10844325922724,-6.620634597419745,0.17020249879557986,1.805871442616027,380.9925126484975,1.7232737978411476,6.141063709721079e-05
14941,-8.534963694630166,-9.19668650299695,3.6062459237191473,0.9714403520631907,195.11964026102638,0.3965210427797663,6.141498505556829e-05
14942,-1.251733711111827,-12.33414218707197,5.06097030950386,1.8554807343596809,459.73586967369846,0.31702526562663813,6.142581942884424e-05
14943,-0.3377037268769616,-7.966980862151159,5.024729092396102,1.7352996707496398,410.2941889602396,0.1271704210781257,6.142801129012447e-05
14944,-6.417875418332844,-12.335985303727298,4.9347691916116965,2.971448095172276,277.49326520073515,0.17292499915563386,6.142897870330066e-05
14945,-1.6790215915321678,-7.189110717584449,4.693083399142805,1.0065307121160716,129.76792662370025,0.3012521880894683,6.144076560988069e-05
14946,-6.506080315016839,-11.098481045466523,5.1211747847918785,1.73619010963552,410.95241847035265,0.2706172398858522,6.144565619170678e-05
14947,-8.019774894746924,-11.111880835203873,3.2621798730133436,1.5729120069981488,351.574542337401,1.731169570025778,6.145698413218964e-05
14948,-0.17887360860628654,-10.840966856812932,5.101790386446746,1.1655458906549674,468.0367591778358,0.3843855298006531,6.146232029946088e-05
14949,-1.1765180233533563,-6.64706718850441,4.465360941506614,0.8675807785298695,467.3932251492084,0.29505028979264747,6.146508588171562e-05
14950,-1.8416475180718308,-12.797435459284815,5.051651895076375,1.636060071630915,469.94125668471963,0.005696449592432984,6.14730268865592e-05
14951,-7.62831689728463,-11.744617324655177,3.9546428612908198,1.3221810413523707,324.771698406929,0.40716043802699264,6.148345164586315e-05
14952,-0.27401653616953503,-12.38204954236702,5.063190485400233,1.0911670085453895,283.3104349889615,1.2203191684404553,6.14869848286139e-05
14953,-4.597684029512914,-12.432780870356428,4.97760610996709,0.9342647633975351,241.64555254656804,1.3561226594456075,6.149106406696926e-05
14954,-1.8426535998515057,-6.424669810001319,0.14569195184356742,1.8256811081290565,434.17125476224396,0.6238950924897813,6.14918475297955e-05
14955,-0.30470484323017644,-9.43458410834769,5.188123763697057,0.6883925976411757,137.55916001278564,0.2766658118965575,6.14928678930505e-05
14956,-1.5562571428853609,-11.29661261323089,5.073722340603379,1.430578819816913,326.8908619498859,0.7001372195831204,6.149415660373628e-05
14957,-0.37762066349760914,-6.823457560344517,0.10491768349580984,3.130465243858286,510.2172574704536,1.5836278594397646,6.149562473464781e-05
14958,-0.11849791249311004,-5.296401531550024,4.152761793977423,1.1096092082334255,467.1359935809782,0.40872846469986257,6.150023295730784e-05
14959,-2.0705905760683505,-7.03858892662551,4.614551942881572,0.7326803811601228,429.0936398530889,0.3211036853822753,6.15373107513696e-05
14960,-0.6856480535515743,-7.916769010295227,4.972094252599204,0.5131506267565684,115.9297658388668,0.45051455905441795,6.1541928614888e-05
14961,-0.4910477891274674,-5.330082240174521,0.25325598068143174,0.8634262003192084,238.20384718857747,0.8781263248488811,6.154352133665758e-05
14962,-1.1533513434761904,-5.047116654662342,0.2893614266932662,1.797682112599214,459.7409882763998,0.3526152754725729,6.154832856492355e-05
14963,-0.2025286614037718,-12.878772707943117,5.049694812568592,1.3849074199612517,306.3029513099889,0.09093710192631566,6.154844712157677e-05
14964,-0.8993916133312059,-5.044819124975018,0.25214835056541396,1.1663157845553551,151.71898542194305,0.2205645542073773,6.154981003323587e-05
14965,-0.6829105589825204,-5.1405579087912265,4.1330070078257535,1.8516442204672117,459.7429998487494,0.4824405790786441,6.155049265493837e-05
14966,-1.936164065792159,-6.254608822560185,4.305313861955821,0.9489128837252055,225.32584199367324,0.2173654984265827,6.155364340187228e-05
14967,-1.3105103767553778,-6.236150510857124,4.303986342828935,0.8950277499366657,181.50689584224227,0.5606822395448354,6.155618014822355e-05
14968,-1.986479882015347,-7.8432902830899796,4.944670984972693,3.3198849908881547,518.5614121685169,0.8335803365225436,6.155838334236735e-05
14969,-0.02392751735196441,-5.129184890874535,4.131564743793916,0.9587023367974731,194.586783530938,0.8576213273540549,6.155848764278295e-05
14970,-8.259903898397303,-10.91370481615127,2.0041873805418473,1.437288490649515,366.72852486456895,0.6241826549093412,6.157000809222666e-05
14971,-1.0890506393107309,-5.172227784485809,0.30876398625433665,2.960639568789807,482.89613472943154,0.5969357622378118,6.159848532002778e-05
14972,-2.241626629791382,-6.048327038503842,0.20995919321272336,3.4298967466471377,529.2905000110168,1.0010350672831345,6.159990847873455e-05
14973,-3.4004143129482776,-12.92094569911653,4.931863282648466,1.8397623025796994,468.4844198323361,0.8885473976379474,6.160175193920046e-05
14974,-1.8601608911385092,-12.577947377208083,5.052287002327305,1.284058794812685,366.3854060959936,0.8946221110577115,6.161528484030652e-05
14975,-2.1667958336493687,-7.36282165683894,0.060223614750806634,1.277768849940708,232.24973768745033,0.03775059706814776,6.162626607921695e-05
14976,-1.5278615013049794,-12.143930065991098,5.061540413232574,1.3269170657936589,315.72195799508165,1.2421310687890186,6.16271253215827e-05
14977,-1.610076712386764,-6.372432222677289,0.1764496604307014,7.3528905582906985,722.4800614849015,0.4446196783017271,6.163232522437835e-05
14978,-2.0127178319857677,-6.222555525629773,4.330657288116515,0.9240348771065606,177.41822095262881,0.11487579899568079,6.163278678779082e-05
14979,-0.23375230842497174,-12.815836247376376,5.0488345573922455,1.105507144834562,278.97014105015484,0.7753138678892304,6.165479864363067e-05
14980,-1.243931022884885,-6.3863933418438155,4.387554975054526,1.557121074065584,366.9157188296257,0.43676458151614916,6.165572088947061e-05
14981,-1.1934290737601252,-7.579504246671062,4.839486050403173,0.7506889509215128,152.19014736949472,0.13398880138955072,6.167792976486212e-05
14982,-0.3653277449020269,-12.598149871656362,5.0510892136515,0.9848946007784495,468.1101812374632,0.7366315570676276,6.167869676033662e-05
14983,-2.607269377232746,-5.573484771329524,0.2689628630953461,1.837248355622332,463.1563551655327,0.6628754600591575,6.168292605772947e-05
14984,-1.8299827876659887,-9.821267789625875,5.169399031447909,1.1346565268356943,249.5320713773176,0.07461275511457455,6.168521354087712e-05
14985,-1.1929633075985553,-5.7653075032240375,0.24739613942803737,1.4056321291367717,336.4390917603812,0.5308843086536204,6.168923745023861e-05
14986,-0.2779680870923187,-6.628408299567368,0.19100568141137686,0.9260569199545008,198.22206411916022,0.8423739865260318,6.170400614530966e-05
14987,-0.1840584360824966,-5.692127696599659,0.22756587323895777,0.8725876187819578,231.860394646252,0.7012501451197428,6.170613204999309e-05
14988,-1.788354845613096,-8.457929671748312,5.151633671488312,1.1125275911955443,132.10187058371926,0.30523097243077135,6.170939028453334e-05
14989,-8.044187834608735,-10.60293928743676,3.4472264101748213,1.5690552333257703,360.06085660224,0.8678323022616912,6.171726285994924e-05
14990,-3.5517422296967567,-5.141398705745924,5.022654619717966,0.8187040824075565,240.45626825216215,0.27661199250024815,6.171864165799983e-05
14991,-0.02449220216253778,-6.596969926473741,4.442255020148462,14.782525061522861,465.32306760449785,0.21644413438658283,6.171938303296374e-05
14992,-0.8659893935790812,-5.943191034939454,4.247324283759003,0.6753608531411709,133.25773505305767,0.032861690917295405,6.172672784945128e-05
14993,-6.055105710318928,-12.80775158677387,4.96185925539142,1.233037679459788,309.72643461758565,0.4123480255786225,6.172894556452604e-05
14994,-9.767975863394197,-6.331098380561688,1.4829949146767851,0.9982658064739762,262.2709944571759,0.9739090942798763,6.17346297811136e-05
14995,-8.201232728467133,-10.365702278641324,3.1396065437230978,1.8764317789289318,467.38418325273153,0.23286988044660006,6.17387339391977e-05
14996,-0.30786665296706595,-10.44771028920482,5.1207244544384,1.7642406436652112,467.36783220994374,0.6104679409435194,6.174110517199463e-05
14997,-0.76566688003237,-8.75510929053531,5.173431804851523,1.6645571514361572,468.4519075349797,0.4613092867633144,6.174544174625478e-05
14998,-1.4269306379225917,-6.799160829765394,4.518466420037972,1.6019678509397972,352.86956089177073,1.2697411002280452,6.174584493731908e-05
14999,-6.2606228669346615,-11.524228933742188,5.080101240080832,0.8231196062549899,229.95429631294004,1.2030403617987533,6.175233004349305e-05
15000,-1.6503477496760492,-5.322116936385593,4.150731288891046,1.2404075560192525,310.7458975441163,0.5937344915326284,6.175868767821208e-05
15001,-0.8709893769655572,-5.63973115089056,0.23462008052568017,1.531018020873974,345.00719927038176,0.07866297394291788,6.177082691972266e-05
15002,-1.5564972442057794,-8.949071303168868,5.186198680030384,1.3547994091097209,329.0719287182293,0.4733127175547933,6.177222811392909e-05
15003,-0.3987215019616439,-6.36588762111948,4.37890197541559,1.6695687969994493,389.5653913384275,0.30772166273017465,6.178689105659478e-05
15004,-0.39890491344704415,-10.857896268975265,5.096393933933086,1.1069387869516938,467.254532886537,0.554191946121886,6.17870469724701e-05
15005,-1.0337110122515973,-6.058416649005329,4.259389587951158,1.7040518947373695,399.27808792407825,0.01689848607644162,6.180085241905353e-05
15006,-2.214687291135772,-12.996682359984739,5.046428386811995,1.8580147264430098,468.0529819536834,0.6203129320417,6.180827399869992e-05
15007,-0.9427541317123449,-11.211481559883214,5.079493008181129,1.8040120571260725,431.78763064434344,0.8457016586542414,6.181216136177416e-05
15008,-1.3508956085469954,-8.19631199382287,5.0687154721566845,0.7712803449642852,184.25736332287818,0.6642498271593418,6.181750275494384e-05
15009,-1.118363444077918,-6.62793792873862,0.18508783623231811,1.7031813061924466,468.5161107491566,0.326384739679102,6.182249879435808e-05
15010,-1.658762719340082,-5.34762942905972,4.152418180314731,1.2692776530363172,283.967272088279,0.3255011176090994,6.183985556102445e-05
15011,-0.8246677602091665,-7.5279708495020285,0.0038401695529546214,1.166262876560285,246.6723404274293,0.24030452623930287,6.185110898118036e-05
15012,-2.3034737649079604,-6.976713167832817,0.10216193581036409,0.9975964256725656,467.9672068799074,0.4921103339627928,6.185956338153365e-05
15013,-0.17846818424207278,-12.499035933574,5.0498477147612,1.6591653472485717,389.862780038394,0.9776371313756185,6.186245645621294e-05
15014,-1.990540687596372,-10.432630099067477,5.11996781162533,0.844339152140112,242.70704022236555,0.3395625172587682,6.186832636205523e-05
15015,-2.414918514481781,-7.496100675823648,0.01428199446009251,0.6750700710761323,176.8028445929089,0.973468490832694,6.186997295102221e-05
15016,-8.80731323126129,-8.785668105562731,3.6103341649311043,1.2650768893722526,277.19147350960645,0.08828482569426388,6.18751208651312e-05
15017,-1.1182043350755588,-6.248060615536215,4.333130452761622,1.7342122946836322,409.73242352646884,0.25298593352010545,6.187941215064171e-05
15018,-0.03978744161845249,-10.481587798753791,5.1166500280968785,1.9283627733676825,386.71265824965593,0.808740365098628,6.188381763138635e-05
15019,-2.8431678749024485,-5.182010622439421,0.13451445061382636,0.9499914017504636,250.98047222459283,1.279233739853118,6.188496783573262e-05
15020,-2.2646213638834833,-7.35056416246907,4.758960315118596,1.0339135041002594,279.2753542259896,1.3851279874746938,6.188599005584846e-05
15021,-2.7707714175431413,-5.205974869633327,0.15553282983486008,10.393117769112404,455.89654689513196,0.1609988960530151,6.189013001252161e-05
15022,-0.8002565132540376,-12.296904956199254,5.052389883900241,1.0867504561251533,468.06039734246787,0.8655352813113693,6.190960641817264e-05
15023,-8.295829854726454,-9.328869796738402,4.030377444349422,1.2895259187733445,310.5614721275357,0.5543613631386703,6.191175771914156e-05
15024,-2.1994923242830735,-7.602222895261748,4.845423899173896,1.0016491893918515,400.80510639891025,0.03121321986697101,6.191244271155088e-05
15025,-0.07721024989490033,-8.416388190637388,5.115285745343098,1.676408811507348,467.7499042567032,0.33317284658488866,6.193860713878987e-05
15026,-8.979189372563074,-8.810220510878622,1.678852297947366,0.7878970210845196,467.64314695079105,0.274551242701464,6.19401282524595e-05
15027,-0.4979064599211114,-6.317325134212502,4.347052300790259,0.9354900747507688,262.9882747206063,1.7806213125266757,6.194099744490229e-05
15028,-1.0495840550705928,-10.569136931004971,5.110287229201464,1.7175374439165672,403.93067056074847,0.5696237246917866,6.19562203734664e-05
15029,-1.4762460030783,-8.861441796095114,5.178777059653031,2.3673007133078,424.35313301537684,0.3071449452102657,6.197409154568295e-05
15030,-0.1911683083083684,-6.591649826351768,4.435439710643896,0.8767538409990485,198.0925916101605,1.0237471335606143,6.197837936014574e-05
15031,-0.2470111345347199,-7.662015997676237,4.869276302666606,2.571207408536863,461.5847542906033,1.5538362430799868,6.199197085720638e-05
15032,-2.2998361995006675,-6.250840565223166,4.331647070558224,1.5492498620486665,348.77281981054574,1.6077046761516014,6.199216661772901e-05
15033,-0.1519794659069511,-7.6784940896216725,4.875786682770092,1.790502471255751,426.270729548619,0.39199031679707463,6.20125209542346e-05
15034,-1.044955119503916,-11.950419065133795,5.060205048307634,0.8667325345247089,176.41716227931042,0.8502822820617757,6.20125427163349e-05
15035,-0.8967880063014562,-6.712345128072379,0.14133829835566317,1.0323674492930162,277.2849747923338,1.666907382024318,6.201329559247807e-05
15036,-2.2959980014951364,-5.605304127278493,4.231950096644827,5.296580334515444,522.7199836878367,0.05932006975582649,6.202774957860579e-05
15037,-2.163807890801065,-10.691028138470582,5.102150084681576,1.471388793126776,328.79060949397785,0.6716653256512002,6.203483020531493e-05
15038,-0.17029724364448917,-6.66779953039576,0.15468285036862098,1.4673228953884327,337.8498098958406,0.7968551702073841,6.20353051831234e-05
15039,-7.959920693670407,-10.161355830355586,3.9371082992204927,1.0827675619611403,257.92582331185173,0.2987099250961345,6.203864722794044e-05
15040,-1.9158552822864934,-5.36755843735192,0.3097259517183908,0.8292251550458288,175.44748489889162,0.18748593486510767,6.203867229613987e-05
15041,-1.4314857100801461,-9.917425343522991,5.161745273656463,0.6813886380142168,467.175260731248,0.4459796101668969,6.205497735123185e-05
15042,-9.854182479358926,-7.831187457954861,3.2209835527580406,1.501728938330995,425.92915785752047,0.587667862400969,6.207208547696333e-05
15043,-0.44792069149917424,-6.817507963676745,0.14693513237517264,5.198528519265791,635.1061330428751,0.7726798262456249,6.20790850648663e-05
15044,-5.549505218803793,-11.303998998027701,5.16967566172141,1.0393273846599524,272.77288459166874,1.7000187743065744,6.209608644567508e-05
15045,-6.502501988951451,-11.408295805687175,5.040797592590508,0.8972440529948379,469.8365231218504,0.05077331700909404,6.211800534354075e-05
15046,-1.131996113186176,-9.749612818169473,5.168179022705192,2.3458797393873536,443.12745457091864,2.328465145440986,6.211808054795416e-05
15047,-8.478488789459211,-9.020348009032517,4.04618654793641,2.995363732529946,499.6328726090515,1.6400244194434626,6.212714169230781e-05
15048,-1.0076478626727319,-12.746657431370108,5.056790465465079,1.6366770693976562,468.64206231807094,0.26171830807973073,6.212775824350487e-05
15049,-1.1746965268490328,-5.4430035717300385,4.159636980743571,0.8715190814824694,468.4536553336875,0.8468111234460904,6.213089673291407e-05
15050,-9.591712902556967,-7.923198555308779,1.7784433745872013,1.939027355593836,389.33627136485615,0.8966830084389157,6.213115451442684e-05
15051,-2.4320635620447195,-7.420236913371148,0.05376109298607803,1.7949316425386674,467.8338974062376,0.3395638146772324,6.213603022052998e-05
15052,-1.6291343860636616,-5.926262312919045,4.2417158285192915,1.3472368542203588,302.1499090600618,0.5809151762990776,6.213923824094243e-05
15053,-9.662737341375683,-7.3263659275405075,1.4978553161901649,1.2199363121396285,268.45841556859807,0.08174272976474573,6.214717461013485e-05
15054,-0.6319949482829088,-7.033997762624468,0.09754201234410977,0.8981631388610405,457.83669780876176,0.8153656258788482,6.215167937206153e-05
15055,-0.10183067932709555,-12.238315334767638,5.063960991290874,0.9177853728867893,245.7129661827951,0.7106672192520707,6.21525574948022e-05
15056,-1.5751513144210936,-7.188146990663618,4.646672856732143,1.8171399375372175,435.17305070909043,0.5776098779031971,6.215514584730302e-05
15057,-1.0219254315132957,-6.599503843359182,4.434901677856709,0.9648800196036695,182.15799947489657,0.10963186306308348,6.215758741511545e-05
15058,-1.563668611827401,-9.94131228000636,5.159818261699318,1.1974204841797773,289.01894651529284,0.16362121953793807,6.216058873509875e-05
15059,-1.9999009429080612,-6.344306771883046,0.19094625622707304,0.9836909752639859,240.9886249688687,1.0996392930210321,6.216077354992519e-05
15060,-0.2587346579312566,-8.423079319139191,5.1135312037561516,1.4782727416120733,335.86897213660905,0.09971039215624078,6.21624346733772e-05
15061,-1.3579537127987447,-7.4772468046435625,0.028124867615771938,1.5434291531692372,356.2345973862274,0.49250174837545124,6.21733119257589e-05
15062,-1.771095594607031,-5.171559852157671,0.26262894820627747,1.8529768181639232,468.0254953424322,0.04264412083958202,6.218993265893107e-05
15063,-0.13521861248034206,-6.742419824705843,0.17691381235415143,1.2926622026862356,133.7028589006018,0.35573957170194603,6.219719535286306e-05
15064,-1.075645515293715,-12.385236501094626,5.046825110938613,1.8546694376849457,468.6368411647322,0.3286663135465231,6.21988872414833e-05
15065,-0.3952503360120314,-9.91723293967266,5.160785428102286,1.7967435740116313,373.10786270913206,1.000661278301422,6.221093612165096e-05
15066,-8.03160166854053,-12.376019028677808,2.8735000817461533,0.8996361403154806,231.43875041839595,0.9264044949185779,6.221997293782915e-05
15067,-2.2188541755936093,-6.76406479870782,0.1720888955800186,1.3015817941301395,320.80415822191617,0.47822427840054704,6.222395881209735e-05
15068,-0.44721982529728166,-5.705059543901751,0.27921410251502143,1.1939578150366623,303.31338866995696,0.777077620847094,6.222407111671987e-05
15069,-8.30917244283918,-10.600153730425781,2.166725574826123,1.8945605022969485,467.50196319890904,0.3539735994320221,6.22378439546836e-05
15070,-1.6392767098154142,-11.75960677751199,5.061756510320481,0.4979853388953618,114.91409499407223,0.2484505131599688,6.224737775937867e-05
15071,-0.9092827584039664,-6.577385588927615,4.425219053987454,0.6981499685222475,188.37522123515845,0.1275850712098867,6.224753365805262e-05
15072,-0.1004215684180334,-8.842825493426766,5.172442589963262,1.708657575796002,468.03993541349035,0.5782810596116832,6.224873704111432e-05
15073,-0.4976155917582439,-5.11128821543784,4.115164200579849,1.1539076710915874,278.5444284758077,0.36713054652343313,6.224988399741468e-05
15074,-0.2848714794849805,-10.229667632578206,5.127941857660248,0.9323084422930368,253.49994009154003,1.1912318490143123,6.225506682243042e-05
15075,-0.7426262616064889,-5.937689001865386,4.203022068193567,1.3194101610463893,290.0182624802068,0.2761175781123901,6.22589320623007e-05
15076,-0.7921783169785925,-7.353200668054157,0.038842062449848266,1.0263109894498248,469.04382696855487,0.004338907059616481,6.226282844461633e-05
15077,-1.7839535512086524,-10.64778612300794,5.101323474178805,0.9535365659776435,192.263891053457,1.0169041436660526,6.227185780135969e-05
15078,-2.076307900579911,-8.856807877031127,5.174424402332219,0.5783252299634677,112.15100248882531,0.017178815952553883,6.227837385653201e-05
15079,-0.25936484414173755,-10.296377625384482,5.122848415991673,1.6852766361619622,397.63777956625376,0.4283670323463147,6.230415404017395e-05
15080,-0.49699535741619805,-12.458611802731534,5.043969419602186,0.9588687276533545,236.31778972176863,0.3628118331956527,6.232030836386057e-05
15081,-7.781813115157634,-12.302662895052135,3.579561360117305,0.6750401622202101,137.12899957355685,0.6760505524616827,6.232103404408454e-05
15082,-2.1459771161813626,-10.029320791272658,5.159551687183702,1.7276286076484018,468.03805241857447,0.7598074591569386,6.232733345469985e-05
15083,-1.4395151374042285,-5.37717448456252,0.2894308294282833,0.8358579157318331,467.6700395617303,0.23923575292734522,6.233691208417055e-05
15084,-1.397350484830259,-8.539564174285996,5.156670130844402,0.8409691471653539,468.76580210095415,0.04052806644844775,6.233918471225847e-05
15085,-6.730280015101067,-10.854977779689003,5.0989697766775315,1.5549834115007772,340.7646444494319,0.9108164090922779,6.234122576122881e-05
15086,-2.069507605823854,-8.910267400296739,5.176665148070705,0.632210672578042,151.07591171506124,0.5523356001775506,6.23483844672913e-05
15087,-7.898398813774004,-10.994266968685986,3.6138145625689497,0.9722721176244025,264.30912065829455,1.3213706947591257,6.234859383760959e-05
15088,-2.2238365093025667,-6.844010308209319,0.1502183350344238,0.8250150690803333,467.35123052196974,0.06039128019729123,6.234983086059462e-05
15089,-2.428811451566797,-5.460032171212197,4.157469192234052,2.095283691752975,413.2315496248663,1.3692642478396913,6.235105098077173e-05
15090,-0.6532737292098663,-5.181945259206234,0.274432988081547,1.2097580904711758,254.5336390836122,0.8139667877241967,6.235287217118333e-05
15091,-8.360767152866288,-10.326581062197516,2.2541765813448933,1.0590595300614827,277.8819037995732,1.7427524535348473,6.235770755107048e-05
15092,-1.7337570584597657,-8.06792380155155,5.014821850086805,0.9783849550123479,272.61996884783724,1.7127870659322353,6.235842414100612e-05
15093,-2.290230965222798,-10.103481034032155,5.14067531811149,4.604383742404809,412.33541900756967,0.058292455965060164,6.236243165943328e-05
15094,-0.4435805403233086,-6.1114016694188855,0.20737511915112797,1.7689349145181066,427.8634756411659,0.4886879773468662,6.2364315395316e-05
15095,-0.05821278693649745,-7.373293108763067,0.07906922409682311,1.0839734095696691,281.03186117890357,0.9778779218152787,6.236647176352063e-05
15096,-0.18589650973270544,-10.859038843140059,5.088238654243326,1.8228002498541722,467.21216608692635,0.7016456314428021,6.237256769618043e-05
15097,-8.121551755556363,-8.963475850020373,4.87298798629899,3.94977209475773,340.89002929192753,0.11173502795471979,6.237702055126799e-05
15098,-0.081900493917761,-10.79266489169563,5.091633225434159,0.7662961191966642,190.14909292612907,1.0410004959132158,6.238290542134363e-05
15099,-2.202048844891941,-5.32974111222706,0.2221955609381376,2.708188752732118,466.9686306456515,0.7407527400008291,6.23852694592214e-05
15100,-0.5332773197055047,-8.549945223718803,5.1526276255309815,1.0522278960997957,282.84487406525415,1.3141225713969016,6.238910226440087e-05
15101,-1.3440161706234992,-10.371570735672215,5.116695653980331,0.8549750704525994,194.224204513833,0.264687531334757,6.239452702576388e-05
15102,-2.1466695107996117,-5.094121739500383,0.2351763526934556,2.8213417842936055,378.4394246223895,0.05964121845936887,6.239612937057966e-05
15103,-0.23177754907580628,-6.751782122007875,0.18243842512530523,1.4117958372056554,320.69177088496593,0.34734253222688327,6.24018677680148e-05
15104,-1.4351970530363989,-9.316088842318255,5.179797672211684,0.9151648942574819,244.08132958982796,1.0708636028956136,6.241044698776387e-05
15105,-2.06727724214411,-5.036237689854797,0.2973048483172867,2.8905477067307506,486.4663408544953,1.0708864123204114,6.242205397722694e-05
15106,-9.580579370050785,-8.070628388498974,2.1106576146626197,0.7686675152718783,204.18034780049163,0.26910089022035955,6.242700444723679e-05
15107,-0.030782523070175927,-6.956010580900395,0.10126184549894496,0.8679585055974368,468.0469574498329,0.279925200582003,6.243398862516347e-05
15108,-2.7573661386820456,-5.223442265434536,4.143079074242694,1.7111583293447965,468.6411729149992,0.7693984631440252,6.243722496766533e-05
15109,-9.483762738722888,-8.209413817014141,2.9568447455559186,3.4401237264039435,363.0538021940488,0.05818107318602639,6.243970321985086e-05
15110,-1.8428949797223186,-5.42609368097186,0.2591083131581396,1.122615148002103,272.1992860477542,1.0629664909127357,6.243993127418589e-05
15111,-4.413681451500571,-12.46949340540228,4.968433281488649,0.5677512039544239,122.06310070567035,1.0926417849069958,6.246270128371452e-05
15112,-0.2916925374696806,-5.386819406925352,4.144819543189124,1.1364116353414009,187.97412461117798,0.1504759394536146,6.246718008947092e-05
15113,-1.9551468240898267,-5.154072267745202,4.115421177565352,1.0108089372518891,138.20752553083545,0.2777852647339012,6.246911717731061e-05
15114,-2.9070600945995224,-5.798992036089082,0.06214754719535395,1.086660375878849,467.87859757329784,0.1448663759548543,6.246916558337004e-05
15115,-1.8781942925282866,-10.311548840634178,5.119394134681985,1.2061808058169088,304.4251014312515,0.7700759613171249,6.248733786083925e-05
15116,-6.427218196495972,-11.670443400140915,5.01120900137775,1.8739402784453074,467.9132238781188,0.4832942997536671,6.250228693970391e-05
15117,-0.05605170329593889,-7.903670181360715,4.952747850652197,1.0100035513606,274.1645791444649,0.3125385192869796,6.25040911453383e-05
15118,-1.1322292845085897,-5.072304722148139,4.10549230359492,1.052771113310931,285.0605364215654,0.9410206320891783,6.25108495345986e-05
15119,-1.8762493820931088,-7.407761658985981,0.07109978401430059,3.9954303055891844,433.73956114397544,0.03676334303970474,6.252051392616411e-05
15120,-6.508031838466373,-11.28167439148315,5.066919068029542,6.824222715247212,586.3754473321136,0.09981239966533195,6.253037879553133e-05
15121,-2.156792054341423,-7.596517251172106,4.832988194268425,1.306955018649171,289.9317040813336,0.30742297905722005,6.253880101660155e-05
15122,-0.20264529175629775,-5.925981775081777,0.2278705846284275,1.1985600952136108,246.5844801576412,0.7352413967235796,6.253882255994411e-05
15123,-1.0788273238430417,-6.745977132066975,0.13911262744977523,1.1587800391971803,278.87183412942295,0.90093883153967,6.255435864183102e-05
15124,-1.7296536750497324,-10.2182921434608,5.144204460241619,0.9366059790956204,187.05818811471445,0.6715231545234905,6.256060917348349e-05
15125,-3.6667157875658702,-12.312176562501715,4.972209526861038,1.0653610023893787,284.5762474987906,1.2976237434299138,6.25750138037729e-05
15126,-3.5063311337287164,-12.706690147516492,4.939901362202747,1.4478243037502212,468.08010282641783,0.7195237525181328,6.258325145269366e-05
15127,-0.07609272200974715,-6.541672298980482,4.406139380160405,1.5003938705721087,340.7242176148945,0.3917751868758943,6.258332698657346e-05
15128,-1.1353737946925904,-10.194536356667873,5.125841767495274,1.5118022987175597,341.5521593750033,0.08637037582343243,6.25859147348742e-05
15129,-7.532922415660636,-12.96853609554437,3.9804794577382947,1.0126129009004374,274.81026337093635,1.6854461437953026,6.258668370926405e-05
15130,-2.467778466275128,-5.77668157881754,4.192009841942242,5.11198624537573,630.1667855035132,0.7314925082653385,6.258819380386535e-05
15131,-2.4863382005846377,-5.867949523759536,0.2705914800845761,1.056199208529943,467.5115812711075,0.30759137031803085,6.259821145103233e-05
15132,-0.10386406460228415,-7.425764613663615,0.05868040133547477,1.2525562975845244,247.84521259378425,0.01276334655948741,6.260385764580601e-05
15133,-1.2570132970093084,-6.006711549085606,0.2462260019185627,1.6770506697204306,468.01332772567787,0.3741671481568938,6.260907138367567e-05
15134,-4.579383475516189,-11.465756486933094,5.1083854713398384,1.3932714655812262,468.3993545127093,0.2145148457827455,6.260950063724467e-05
15135,-1.6918039338415927,-10.938655048221005,5.074072774236756,0.8727616328181882,467.66112251095217,0.4076791753498936,6.262532154428376e-05
15136,-1.872466640062024,-7.145136785500815,4.658026485009803,1.2807915831414654,313.4904527150419,1.1093575694035307,6.263591089417851e-05
15137,-0.044036193911695776,-8.409576523743528,5.10410553899857,1.192552282527622,468.0699435111029,0.3216747275618852,6.263690606445102e-05
15138,-1.6961409263819114,-5.136942210337728,0.2911481018388338,1.8264069762330497,436.88085813245925,0.6352491237792153,6.265045889761463e-05
15139,-2.184510120701301,-5.133194121081686,0.23924942659542095,0.997583438639004,258.99180890121505,0.6730566202056112,6.265451610689878e-05
15140,-1.728374102592225,-11.969576719842717,5.048464632835345,0.8531340393475308,216.02829314098312,0.3083086699883051,6.26610659296973e-05
15141,-1.89279878679881,-12.127853570679314,5.044927180401094,1.1260563105590067,467.4203556722112,0.682147282419094,6.266837936517074e-05
15142,-0.04611517888439742,-6.649848651825258,0.1975131308888145,2.628041895107288,468.08642382355197,1.7799545226729565,6.269735184118105e-05
15143,-2.191844014418564,-7.5465898924483605,0.018133035678370664,3.383101355121668,526.9813209674285,1.1194326632653269,6.270097023633159e-05
15144,-1.9981991175633684,-6.886279844345507,0.1500541882268556,1.6149359534387917,438.2092946438167,0.26202074802023567,6.270984174126423e-05
15145,-1.0689555689545038,-5.655096405310419,0.306316212824682,1.1367238697007307,249.85944948542786,0.10510123412294003,6.270988039508797e-05
15146,-9.35808903384175,-8.3609418001497,2.3052553806423823,1.4877069201695419,339.39427104952307,0.9573304777821203,6.271913734885915e-05
15147,-9.519296653209725,-7.274680002580338,1.3193254961643786,1.0240677805913303,272.6264048106451,0.9163177301680259,6.27334511157453e-05
15148,-6.991427728508581,-11.931518913673932,4.6827094620466845,1.3738368099507154,332.61056152654254,0.5142237338152453,6.273844429133261e-05
15149,-1.6171230672561006,-10.045800689852326,5.154378677801995,1.1147963529635736,236.9871767089631,0.06589862126356483,6.274630590366316e-05
15150,-2.639147662587657,-5.026106441495315,4.143837567444626,1.3815139441275737,467.9803751939888,0.3590626241970458,6.274890847880006e-05
15151,-0.2952326613560565,-5.2553255618292765,4.12138397360503,1.7630240191589472,418.72289627822533,0.63819922415838,6.276590758456741e-05
15152,-0.7329601189019606,-7.035469416896716,0.11037606142031035,1.0954006385604949,259.15594008404304,0.4016168443907029,6.28017763867214e-05
15153,-8.262266424515612,-10.864536021499845,2.1438625800213726,0.5434628585563165,109.3181588320842,0.04168595953416965,6.282540997120324e-05
15154,-1.435881382133548,-10.47929303393639,5.1039829764387115,1.4292398123282957,331.5210794495941,1.5365541103353957,6.282564820238391e-05
15155,-8.959600040353106,-8.799053561770508,1.5286750915610516,1.1187090463250131,458.658782475833,0.4442274056839173,6.282784192880861e-05
15156,-1.7286525746506172,-5.5120105241775095,0.25232952093682937,1.3386771883344672,322.2509713262941,0.5561481952018905,6.283024095973995e-05
15157,-0.7536347307622453,-8.619569780928739,5.159503554530105,1.612276375367731,376.18079979268396,0.28087549319244864,6.284107647896635e-05
15158,-1.820583001446673,-11.680734030836918,5.053392755754643,0.8540807859994817,188.20352351833452,0.9398834047809466,6.28577676358559e-05
15159,-0.7210152970547519,-5.71920391291038,0.24357100361401185,1.9684833448585708,401.155657654977,1.9238651931300774,6.28642001758015e-05
15160,-2.6108208546912905,-6.359118110674244,4.557673141145212,1.5361592524850158,350.79889988521467,0.36606376894846626,6.286432880205374e-05
15161,-2.0271635577333953,-11.752317017183927,5.0511891668674345,2.2745857592162655,435.8683333931344,2.3672306060593815,6.286858553511978e-05
15162,-1.4298604004566773,-6.330851581619154,4.337844215905448,1.0494748467800064,163.66270730798644,0.17741534342897936,6.288548955486277e-05
15163,-1.9928548872625385,-6.781306793268334,4.490373796908023,1.773135866763493,468.47021270407566,0.016243876530578127,6.289270991903985e-05
15164,-1.3939025803845517,-6.603538898262134,4.422498949184271,1.836589163398236,452.083837131287,0.8977314238147391,6.289588342740709e-05
15165,-1.2934779569772967,-5.827469171728889,4.213966638986678,8.075903491680831,476.6489839242397,0.07693509535044374,6.289861057027722e-05
15166,-1.041195877928363,-10.22686449271137,5.139044675045191,0.8372532467849902,175.49550506821043,1.060933061990954,6.290125097177414e-05
15167,-8.69656202599404,-8.915895133589354,3.650244343570832,0.9928303445401203,201.20634099849892,0.0566977000431832,6.290251121868775e-05
15168,-7.865595865150402,-9.567041213135916,4.620769654172466,1.4276154025843286,313.9883316707556,0.224310703985533,6.290911800360728e-05
15169,-0.8603841931320293,-9.313730145133128,5.171138849108291,1.0824660409928084,467.2403386644725,0.4850689492335265,6.291204425210598e-05
15170,-1.1304907933737791,-12.494276140679746,5.017570536895069,0.8635476050633268,217.47011454896392,0.1586972561873239,6.291212612899177e-05
15171,-9.74889409569868,-5.800412625747933,5.163091669367238,0.5953591757643024,172.42308083235687,1.1467287297424988,6.291353560347027e-05
15172,-1.6940665106033954,-5.149289964284202,0.2736515912401703,0.953200999958085,466.31000021141716,0.023873297860864007,6.291787509403845e-05
15173,-7.847199000425207,-12.17586045454149,3.444737419181306,0.8832643932652453,231.24365838645727,1.0162259932999875,6.292162448938822e-05
15174,-2.398823424434788,-7.6085699770078055,4.952442071819527,4.222745787870824,577.8803576880715,0.6157425185808387,6.293405140936519e-05
15175,-9.951788971405856,-7.368375264529644,1.8157666087781492,0.8523230806382079,179.90347431404126,0.318967735493227,6.293605063602717e-05
15176,-0.24024542994768794,-9.033612903395069,5.173525285944412,1.2533306067534435,266.8362014916943,0.08890724717761067,6.293619606843908e-05
15177,-8.175515838724698,-11.028183930175787,1.3856983809274754,1.0040688814259797,274.81313589156406,1.2800429981936592,6.293658539122589e-05
15178,-2.1322419522827873,-9.700639510699226,5.1647327274883255,0.9389966029771869,469.7908730167005,0.05029979734267709,6.29425662106639e-05
15179,-2.2843575835884478,-5.707993618981591,4.232251467274106,0.664450319391633,134.13375507558007,0.9696634060944964,6.294688416578719e-05
15180,-1.3896743996898575,-8.603100682802815,5.157952489399771,1.7902296721990036,427.5780842986188,0.6639148106819688,6.29580412188285e-05
15181,-2.46466794634091,-5.42466333651322,4.1396753242140045,1.2524708816192198,448.78320851333837,0.5394144669731515,6.297582674663515e-05
15182,-1.152002018053242,-11.339956381775142,5.064677922515809,1.0590191375131226,282.0175595336655,1.0340623619657325,6.298461988663649e-05
15183,-2.03720516695285,-6.98395917410651,0.12763614954070437,1.7302803120872425,468.71734803444605,0.43076552974557636,6.298790824116852e-05
15184,-4.582713961981277,-12.186841366102016,4.99265102746155,1.3993123041001305,229.82483920287498,0.013263635547028585,6.29924350247722e-05
15185,-2.035481665722269,-11.297261973861112,5.058819954880535,1.0651726929197192,282.2902133531925,1.5256895563201738,6.29925519054387e-05
15186,-7.023515688961009,-10.721916796229456,4.949790796747027,0.8549824575691773,178.31475180916954,0.2294212876569306,6.299487630139814e-05
15187,-9.739795305173264,-5.344705666473485,1.436155064475775,1.8187736248611555,435.91104699443804,0.894502806761472,6.300269570182371e-05
15188,-0.3795348910690617,-5.871722058742689,0.2315025666676027,0.8325425969357299,469.08815745898954,0.22324808975820165,6.30184899280266e-05
15189,-0.3527886311834898,-5.281630450339656,4.119380176658368,3.631749600465028,545.225481459333,1.1438134651870202,6.302377658416814e-05
15190,-0.4639177334566327,-7.178849861778704,4.630865750864121,1.816620026524532,434.42472052034844,0.2355968022282804,6.302816047220887e-05
15191,-2.2758740590283058,-6.025884829578766,4.208521832847627,2.578050472399426,440.0055804267558,0.28490920662593844,6.304479743842782e-05
15192,-1.9708334655047164,-6.242220562624065,4.284129371940002,1.9031612436901313,467.9343571224189,0.4360644751889051,6.30610015922173e-05
15193,-9.198930988529497,-8.555386248519719,2.53330109889602,2.4656462525006075,455.1733335375224,2.6185418891814223,6.306185958680439e-05
15194,-0.480444560331998,-6.095233087763121,0.24809053534986994,0.5146579260687452,144.19003636702303,0.6785527863125811,6.306552103200845e-05
15195,-0.5813519551912059,-6.779759823832205,4.486531245217598,1.7114979882566146,402.50358919438304,0.05080674004305141,6.30694169355378e-05
15196,-0.11114994461714467,-10.870049643159366,5.078038197156566,1.2404827026118115,293.7453010914359,0.501597835710073,6.307359042659168e-05
15197,-3.2759949016281897,-12.027700544294138,5.016074831827156,1.65056184633838,360.9278089437805,1.213849241668112,6.308968391637615e-05
15198,-1.3413882620774373,-11.56241857753037,5.053828192865383,1.3159133569242225,202.43145487797605,0.3714670887294309,6.309323660565224e-05
15199,-1.3588176289583043,-10.287389434009615,5.112818876058671,0.6779503466683942,136.7501075562943,0.23515676283454567,6.309385339126182e-05
15200,-0.9749407897997759,-8.83484148766393,5.167231048003234,1.7190739939848778,415.35254702283316,0.4994391034689256,6.309560046255722e-05
15201,-4.992191717248769,-11.784899868760391,5.055902132042974,1.488758867912754,470.10438626782485,0.2303109278013542,6.309595208481853e-05
15202,-1.2391089058531737,-10.112756568534177,5.144049268635461,1.1595834696942684,268.41268726092267,0.8535128401905814,6.311466032307197e-05
15203,-9.908759797473408,-7.6189034194170056,3.726634650922304,1.8303310881363049,467.7629205651036,0.3101386638137287,6.316056725905925e-05
15204,-1.0655658821858633,-6.853905821676703,4.514532521198815,1.53474648504723,349.8072721859699,1.0536038978303823,6.3171581928018e-05
15205,-2.4005815077804025,-7.099726094443278,0.10471835965613226,0.6655077060048279,134.13308836830194,0.05872091146323033,6.31870102846614e-05
15206,-6.97193533918504,-11.570161196029767,4.752046471825492,0.8497735013223887,169.75099547516402,0.08497488293101174,6.32026195846951e-05
15207,-1.4354830536072019,-6.660748087326944,4.437749852835735,1.744166906659293,415.2064573412073,0.9481113809647832,6.321722910577148e-05
15208,-0.5176769785263815,-7.172593859352327,4.660096196165524,1.2664819555713027,470.51107589712154,0.04607503977317062,6.322153817174465e-05
15209,-7.805257509844531,-11.979904670755547,0.31880072313479946,0.6763681358892496,151.60786228173583,0.5011015344649676,6.323976897324563e-05
15210,-1.7984868416128705,-7.633440969240193,0.002302489945346381,1.4187221145804054,330.5024186044162,0.48228570727743936,6.32503177744995e-05
15211,-7.878335292112837,-9.51603062551505,4.648766700505757,1.1987271133586825,260.97331504469867,0.44896415349042407,6.325815064405899e-05
15212,-0.42863924492467653,-6.514343219876029,4.397236707060749,1.020624355118264,468.8554885884267,0.7745011824623305,6.326310039536132e-05
15213,-2.545850666562785,-6.051149897157859,0.2629336026188362,1.1435224723622976,285.64857017356513,1.0870784789893264,6.326438343308293e-05
15214,-0.561564360662727,-5.929305471608315,0.2676035360070013,1.11015197158882,287.02083578320736,1.4976573159168174,6.326725974762719e-05
15215,-2.1212424793202995,-5.125735683681239,0.28769406121844887,1.479593821406836,464.9540124431056,0.45762111764687585,6.327460255163012e-05
15216,-1.9674476405982748,-10.763024822712383,5.070441444387134,0.9019440037364225,186.39822542816356,0.5500657382545784,6.32766476499142e-05
15217,-0.9620018105349146,-7.924377838958528,4.94860392349118,2.299976826784022,438.4820227178081,2.2726300180170016,6.32827909880265e-05
15218,-2.6019108278219285,-5.185484419415197,4.142822945037197,0.7450953989779344,204.48925446936136,1.173048820176036,6.328352369736181e-05
15219,-2.6188047544267254,-6.04544443062442,4.250374125154835,0.8273739194893309,145.98497163345226,0.24636160173375288,6.328831507938811e-05
15220,-8.04437562925862,-10.025631570908939,3.8466439352320747,1.5004664214825205,468.39000403784826,0.621653985641462,6.334588400407832e-05
15221,-1.3042060132105107,-7.366454161479048,4.725611954184915,0.6776305043597566,135.06690102851357,0.23863666698613972,6.33465827517644e-05
15222,-0.19539482455236623,-5.054404878624494,4.086032066184408,0.997665377787811,274.5451932692452,1.7611430593046462,6.336086187617383e-05
15223,-4.8709956838892765,-12.677872201434802,4.959667828169448,0.8961330603871108,467.730400139339,0.5568726864716433,6.33673836015273e-05
15224,-0.33519196988227407,-7.998715934368814,4.973410472869625,0.6781437879672134,142.16423475178,0.25604536471808803,6.33749685200033e-05
15225,-2.2904875088429586,-6.273373820613095,0.22924056753812078,3.204314575665088,514.4490186027247,1.2861240150526134,6.33904654295127e-05
15226,-0.9652549746763768,-9.41789777344191,5.168611996674,1.2146323881088228,284.4537752159141,0.14773800757857547,6.339451493001238e-05
15227,-1.309722377562494,-5.222947512044333,4.104285805817392,1.7780085441720268,468.47736785764687,0.8156428862753637,6.34006546208598e-05
15228,-0.9850636940834683,-8.965254715300588,5.170200684746621,0.7845048117733842,206.556776318256,0.8687120467555305,6.340592079455851e-05
15229,-7.6676218683794275,-11.697330702953538,3.8819801636528917,1.7248292173399182,467.97701746065525,0.41173982690937105,6.341203559312976e-05
15230,-1.9841022513215627,-10.181357413766069,5.135300657333902,0.9501462178543996,245.33864643406454,1.5236815781938775,6.341860530751102e-05
15231,-0.4284440269784824,-8.411131734628825,5.093428011438368,3.2238068244687597,516.8731063389771,1.448790483889141,6.343077469455266e-05
15232,-1.7547451586201372,-8.018016803533426,4.979074421585728,0.8080314542165805,468.9405193103053,0.18117319738805193,6.343445624907298e-05
15233,-0.28563116371425323,-8.472871371227633,5.132333790400982,1.4225142673012434,468.76783077144324,0.8474084183842452,6.344163981164514e-05
15234,-2.3429806210556867,-6.47798668817766,0.20123164398807591,1.0468802675228837,467.1352490245218,0.7562888192325614,6.346420209947878e-05
15235,-0.5433487114865372,-5.521512440130914,4.143788471430208,1.8237264314318842,436.5199390253713,0.43672851974471083,6.348009736379762e-05
15236,-3.294149767935865,-5.358715869060382,0.05500682612413662,0.9372233388845881,468.21233353518403,0.8240268471225916,6.348207235957096e-05
15237,-0.9995932578850883,-5.996177663252058,0.28685577142868574,16.96077892325622,769.6677508351411,0.15461170740540897,6.350319989911478e-05
15238,-0.5184976454715269,-6.794832252956098,4.484537868989557,1.01251115787133,274.41332437382255,1.4009828673753182,6.350897198245667e-05
15239,-0.37338583517513513,-6.078231471556969,0.2375631630349807,1.5502757956104156,355.23953347455,0.06548444134396991,6.352900065655727e-05
15240,-1.5566550252517288,-7.967266226254298,4.9883278973482685,1.7619251153341262,425.44069987400593,0.22774734364249394,6.353156082189154e-05
15241,-0.27731621743381574,-6.023099440679586,4.235506010070489,1.806875923705389,430.34888651744717,0.053212267239137745,6.354165396135144e-05
15242,-4.650068228061928,-11.788214718506898,5.043794085260091,0.851414505751332,228.037926220676,1.3237100318503439,6.354424140304701e-05
15243,-4.837192171074313,-12.736361608730014,4.953229439192272,3.918151447311472,544.7754501205717,0.29200087418696175,6.354593608759684e-05
15244,-1.7480309031638992,-6.1546920213997565,0.19909731178654533,10.990042815156649,522.7291583377435,0.09892588717270545,6.355004467362023e-05
15245,-3.433137206874674,-11.161072797955075,5.155592238547048,1.1991060050852693,308.06142968799185,0.4468683474776798,6.355780321828278e-05
15246,-1.398177209967784,-6.852070903643574,0.19446750821172895,0.9252854862174787,468.4949790845982,0.1423300871269788,6.355841661982347e-05
15247,-2.940477806753732,-5.868922694654766,0.07044582247817495,1.4837906009081445,337.7601031018,0.5245215213833223,6.356308315845487e-05
15248,-3.342599994876685,-11.590092201582515,5.065877444949774,1.728473161640862,467.88244186850693,0.4875054148739997,6.357182109595413e-05
15249,-2.17739226675981,-9.433245148569881,5.165762710874172,1.6712724867172226,396.3044628838326,0.14505651645847895,6.357371715881447e-05
15250,-1.8794567387761614,-5.624195418651663,4.158306364753989,1.3208230471249176,311.7061093450824,0.6350374301133224,6.357884154631054e-05
15251,-0.4059023553353249,-5.178261919303549,4.095182921758124,1.6481748019055626,469.5344476016832,0.04234610105315273,6.35830379447768e-05
15252,-2.355801844106134,-6.259793999918426,4.279039258454856,2.5898150771012958,466.4409589938379,2.449676934781948,6.358914408904793e-05
15253,-0.9109630484466464,-6.114474861846588,0.23452438193603428,2.0868778652722804,413.131255061084,1.54435566089336,6.359315892240041e-05
15254,-1.8468890047892508,-9.98168469592954,5.146352953227178,1.9897362440905562,400.1949206769554,0.6147131087940894,6.362562530564579e-05
15255,-0.5015650571547408,-6.479876144500313,4.379150135396382,4.1920110415831076,339.2585136715647,0.14853631154847502,6.363070545941219e-05
15256,-1.5742894361644915,-6.295641211593285,4.31499207819075,1.676203841731543,394.4167533106037,0.7528908334316702,6.365071809913109e-05
15257,-1.2003679549159916,-6.293562812963835,0.21225855842310892,1.7101918803809957,403.42581786028893,0.4674285087265275,6.365413229643795e-05
15258,-2.3061310568819904,-6.636390725967417,4.420106312342141,1.8362105305427572,468.3486483387848,0.8351477686973832,6.367586044031725e-05
15259,-0.05058780811861219,-9.300324955468891,5.168271473389303,2.5049505676678296,457.042296490397,1.9015247696777884,6.369600004113879e-05
15260,-2.2310506173492994,-5.330204647777204,4.111762928779547,1.1525734587578944,467.82189701850444,0.5250103928947327,6.36993366822886e-05
15261,-2.2649433906155814,-7.072916002107949,0.12341498603784189,3.9684402491378177,558.1434837021046,0.5195250813640087,6.371324834872069e-05
15262,-0.3449934526396543,-7.120439078480105,4.6118627386719595,1.106674386438308,469.88651919509135,0.07234898666125122,6.371653783200106e-05
15263,-1.8973316633345974,-7.037031745716838,0.1331004906460113,1.8308774843459428,468.0875308995475,0.9414984492585594,6.372028667311834e-05
15264,-2.9213816664890224,-5.034756833452267,4.347538637774593,0.7145469139090241,181.9468845034162,0.6543134733402729,6.37289737387945e-05
15265,-9.641685589082511,-6.316582447534545,1.3501972747543423,1.8722239540156338,451.2272674335709,0.2638968984962764,6.373302808638449e-05
15266,-8.319944226809811,-10.294950382180001,1.3707916535798896,1.4546968000357698,264.72876694900333,0.05247628171549046,6.373404538296641e-05
15267,-2.7960132281735017,-5.120546836430154,4.200949770587281,0.7981697724808373,211.7654629153181,0.772707131855296,6.373461974989898e-05
15268,-3.9672061037524315,-11.237189167576854,5.140930821513066,0.8866919607275473,468.1117431281363,0.7374932776697358,6.373562155551996e-05
15269,-1.1803090903245952,-8.116964661251394,5.038524805234532,1.6023347613002552,375.6740019891211,0.43089497996597625,6.374359339807714e-05
15270,-2.543521592804254,-7.461301345654235,0.08455704934214552,1.131101080767896,467.3985913447424,0.4842203163737162,6.375052525061966e-05
15271,-0.12204608962029972,-8.071684341729998,5.025501701249259,1.206360088912394,306.7539611787121,0.6632612662490613,6.376202415293667e-05
15272,-1.518285272558355,-12.542904332820621,5.005720436826907,0.9422476881000726,265.48859454711027,0.7874433534182677,6.377273676555515e-05
15273,-2.257973241064053,-7.254653425113195,4.687369518507365,4.5417183508403784,596.9784374317304,0.6028822760192947,6.377691796134651e-05
15274,-1.7069937787297693,-6.891953493904365,0.11617868591412331,2.385295499065223,443.3569076978425,1.5089745917291868,6.377875207641223e-05
15275,-2.1885631815099647,-5.270442021022345,0.27160570696567793,4.108813036665405,553.0691558166952,0.27101717962918936,6.378444750409338e-05
15276,-9.804830454041339,-5.757811378402138,5.082581645695131,1.3668127723208816,329.72932214005147,0.5481771406877103,6.379095670097781e-05
15277,-0.38922013717491666,-5.2791236434264555,4.103212375900123,1.759221558574485,416.0398254895089,0.045791271465554395,6.379378703642402e-05
15278,-1.5941847731972114,-6.901258712275687,0.14302115718746794,1.1371675892814617,139.7046672670878,0.290082486333362,6.379591575043087e-05
15279,-0.836814017447761,-12.336030260711881,5.0107911499203075,1.8226907113861905,434.8736531978484,0.19323260644807938,6.38013211685331e-05
15280,-9.994282628855196,-6.848556706520689,1.684392780330955,0.8701316258837953,223.54549932699823,0.7688475646830648,6.380276873870438e-05
15281,-0.43708990844571005,-7.057783710109676,0.12962751064182249,1.4192097856466594,342.3094390431933,0.5741455669666218,6.380443694506815e-05
15282,-0.19507302179227892,-9.82974737337836,5.156794475857374,0.8939261724261316,238.42640184707938,1.3799251239741848,6.380467545567907e-05
15283,-1.0913800361360284,-6.002949735946113,4.236213883295716,1.2006745667589516,468.24165869345404,0.3011691232109843,6.381247014986784e-05
15284,-7.604541274138976,-11.753370415489869,3.978727508943031,0.7354529545394443,425.8190017993633,0.3286614038866551,6.383423790090508e-05
15285,-9.940781327800012,-5.312584912961526,1.6058364492152684,0.6795310224621625,425.49702804072615,0.41008038526720103,6.383539445037479e-05
15286,-1.7421990935523208,-6.131972436094057,0.2079802105589265,1.005379216136831,467.3828131121158,0.019580500239972487,6.383581276765174e-05
15287,-0.6079200167046146,-5.760378504880374,0.3099903291737209,0.9632983339841051,467.4691527797404,0.2965937092310442,6.383700819447721e-05
15288,-2.164264838342019,-11.350943029706572,5.051267389894069,1.0773223620586783,251.3893424399553,0.08799709254415333,6.38413593065385e-05
15289,-2.4006673632979467,-5.885806061780975,0.2942322274468067,1.2445161748645714,246.5907240459743,0.016667447042381767,6.384754370726519e-05
15290,-7.989313420447048,-11.82786598281768,3.1116570886522017,1.145878102898736,293.43402330688576,0.9619125394706698,6.38558732649761e-05
15291,-1.933946934946622,-5.294957013355164,4.103959525899246,2.5491339754002316,436.9758833595432,0.3344694404884567,6.385656661435332e-05
15292,-1.600224302390668,-5.296010895690759,4.104082317573396,1.136539086405732,297.9225922420678,0.7349495935598851,6.38572710264705e-05
15293,-0.8677858694048961,-5.570629417469012,4.143867144885007,0.9338315559249841,468.0631341754325,0.5071896628970807,6.385794340021428e-05
15294,-5.490435870093585,-11.848150241780015,5.055121918104833,1.0735478590020173,285.0135789436477,1.1719667879346334,6.387803301308128e-05
15295,-6.7055872259855995,-11.006774397574395,5.053068315010617,1.8623598872564824,448.34557462187803,0.1706128091125807,6.388244343919209e-05
15296,-1.9796956682788753,-8.54386457165138,5.138164009029637,1.7848511291864004,424.37258452680453,0.1910497916028593,6.388642318007393e-05
15297,-2.6082978547027613,-6.746003536546275,5.012250925922043,1.4060773811898648,328.3893328758417,1.48880904991577,6.388801560284909e-05
15298,-0.2486067994642589,-5.948611782988729,0.24985206134712784,1.407277462261673,316.6110457144093,0.03373088200381158,6.389219868602723e-05
15299,-2.0318885688545247,-6.234311360516268,0.2559516106654402,1.8195412795336954,467.9449885581928,0.9341209664618466,6.389563022553109e-05
15300,-1.4948517622829751,-7.194589170195266,4.658382093904327,1.30363325937915,314.3360571482847,1.4997653141043994,6.389841407928764e-05
15301,-1.183240539320595,-6.075538460818327,0.2680456765962733,1.160095465191056,468.6831063727709,0.3614928193541065,6.39012202217079e-05
15302,-0.4022137302157489,-12.4323152633691,5.011429886553295,2.1469794920317207,403.2221916257228,0.6516579020226585,6.391836175801695e-05
15303,-1.9919490104744924,-12.698914341555316,5.029276745003199,1.0668881272630886,239.72437768786017,0.2192276110993232,6.392125612436138e-05
15304,-8.810055038808796,-7.901484096775876,5.178927762111087,1.1437998474397262,296.347660349175,0.9928047272893821,6.392442177467627e-05
15305,-7.382151370881751,-11.853167229488479,4.286858387458043,2.1920398870122497,425.01492602114797,1.6655148285238335,6.393020036939789e-05
15306,-0.1761977328071893,-5.983553878755291,0.2665737663002936,1.145174652372326,233.1891416367719,0.05680058031103119,6.394772675848827e-05
15307,-1.7331651461008644,-6.098566587368643,0.21637396865488734,1.0727265637133987,256.29676161742316,1.2733418338526592,6.394949385926787e-05
15308,-0.7174370760177933,-7.436051855820334,0.07239820598045267,1.8997083608173,467.54968908921916,0.5742185184911133,6.395064984436664e-05
15309,-9.756397298503067,-7.953628908439798,2.940449396296717,1.7475172025726253,469.148159454227,0.5631196435369352,6.395405703154925e-05
15310,-7.307434321778099,-12.416956667204598,4.315900563551571,0.9342129813340037,134.9083743675079,0.283865383099692,6.396077264020659e-05
15311,-0.4636569789954361,-7.650426857918722,4.833480034944577,1.6604040721368587,468.7688567438234,0.7705113724736252,6.396384546730458e-05
15312,-2.428570528659967,-7.486200851864237,0.08390928918926281,1.2485941025551974,295.085651686861,0.4438312087341174,6.39740281626915e-05
15313,-0.6730604344784581,-12.819369521717329,5.041245775246395,0.8805352608846734,252.8789402374975,1.7491792898352116,6.397534827861906e-05
15314,-0.2639646241979037,-10.286754933749496,5.100985664544747,1.8788298216182975,454.2226485619671,0.49188506791956055,6.398512208447873e-05
15315,-0.016077754500560815,-7.671576060175267,4.842045457361419,0.8480322076943699,468.08827257206843,0.25789247422290185,6.398705528619427e-05
15316,-2.7554694880973853,-5.58471479797982,0.09012139512416051,1.070262802562222,468.0615899371165,0.8582186382168162,6.39893646415526e-05
15317,-4.869100375202409,-12.950272261569486,4.939692977278125,1.7398895504633054,374.4596719716169,0.6244468151445721,6.399863408409455e-05
15318,-0.29313552421639955,-5.180911042553694,4.086992343962892,0.971910017783875,142.25350574956437,0.15708505159628938,6.399954477866835e-05
15319,-1.29463813209599,-9.794302718040367,5.156428587126431,0.9644997674740692,269.2750354647062,1.3312636515061405,6.400494936366759e-05
15320,-0.6271823287716831,-10.094965835985708,5.113613944713736,1.310360665041805,311.85043056523256,0.18791914527882358,6.401252901183806e-05
15321,-1.1532737688561792,-12.684460270223711,5.02820673220429,1.7950457749678075,467.5182062234697,0.05278153297652732,6.401380459821173e-05
15322,-1.333412092281959,-7.064785267743384,0.13351475840500818,0.875365529040848,467.32920494964776,0.5803274785083241,6.40226547485967e-05
15323,-6.950195759165496,-10.568867530106482,5.066012994500672,0.8795849413941591,212.49933271231293,0.8438600832935519,6.403198752798777e-05
15324,-2.3231268969796766,-5.1611452324685265,4.083907899884825,1.6746940488520132,468.1252391703508,0.06965007208720753,6.403417478418438e-05
15325,-2.1908416702094327,-5.534147872929362,0.2601556898393659,1.6421010434329597,383.0731828550153,0.655626623471794,6.404266113744825e-05
15326,-1.2663748203063587,-6.064161623968043,4.23576206371934,0.8352161503706222,469.59219399673844,0.1322095411131956,6.405006547424077e-05
15327,-2.2153785852339745,-10.215516574252614,5.104756046390956,1.5778348185182538,362.41194749806937,0.4596476924708144,6.407273761124348e-05
15328,-1.1128694025800794,-11.459419546251599,5.043845852542248,2.2539162112308126,428.96977658660796,1.285520878976043,6.408018926883204e-05
15329,-2.91601678642008,-5.433256250805948,0.1423651456144539,0.8701269313575607,467.7206450698459,0.7943864095458553,6.408528462411573e-05
15330,-2.595259329160492,-5.517792583835096,0.26672058967997797,0.8429669207699846,139.13342470859828,0.14124965360170982,6.408711292262231e-05
15331,-1.4128518804541894,-9.758127996848044,5.157589534840646,0.7247989878514194,145.22840499216548,1.1247724944521371,6.408768747064153e-05
15332,-1.4979891209211225,-8.619069657970723,5.120573407512759,3.0648652914724877,504.9323131479383,1.5833174465137105,6.411304381977771e-05
15333,-8.543952989540658,-9.182142415706952,3.5818671055672615,1.546147713298292,361.69213283851275,0.5099992334105554,6.411718538643054e-05
15334,-1.5102532356914882,-5.758890360206088,4.171244598091766,1.3130029719227823,292.24365107657746,0.2077631555856687,6.412164134746067e-05
15335,-5.207402237980752,-11.587925273820707,5.091280952952536,1.100996412808864,282.4034435152004,1.6212363285167273,6.41219792527069e-05
15336,-9.978221732521273,-6.729613441386849,4.709143787368632,1.10952798573824,272.6930092042344,1.0360595117833995,6.412376829251401e-05
15337,-7.402148454537935,-11.264801291558525,4.375615347853685,0.8367939878819453,468.08009583341783,0.2223023930068715,6.412866445786893e-05
15338,-9.482006381246993,-5.90088770995338,0.9630167605822145,1.6663577930495503,469.7794359100844,0.0022340750233160733,6.413484256763245e-05
15339,-0.4557044117725244,-12.915274142322092,5.038092189225168,3.774612891397776,546.3893188569954,0.5800593692696348,6.413593450379117e-05
15340,-0.4416749986749213,-9.33557496267478,5.161358920778435,3.2915281273505057,512.8039570063571,0.26798605433344935,6.414208133777493e-05
15341,-1.4405350895075788,-6.6436776831282875,4.414101286171517,1.8976165696891576,468.68992727869795,0.32929895948299137,6.414759189131825e-05
15342,-0.320691735944596,-6.7979691226605805,4.474216640259389,1.7644908051155748,417.34204135394583,0.3191180674585308,6.414830813560019e-05
15343,-2.4769531955883153,-6.389485963769638,4.296409167852841,1.0247200094347328,271.3671808265991,1.4560375064972222,6.414853741345522e-05
15344,-0.2538847793106829,-5.023246757254567,4.066585955329891,1.1399988103922218,467.54770607634634,0.5600814737208681,6.415182313949747e-05
15345,-0.3578521030158548,-5.286863434233657,4.0968270666534,1.099682067192907,228.08645168124562,0.05847014001033912,6.415328632304934e-05
15346,-0.214712772557073,-6.845512987773763,0.19256791234709944,1.8480627303493766,441.9431792239332,0.4518087906510262,6.415395627163696e-05
15347,-1.1395794039548726,-11.205791662587762,5.052860384000594,1.0163001366919433,246.7957184851045,0.7620847577342333,6.415748889861498e-05
15348,-8.4538192622377,-9.641635864628004,3.0716116764468238,1.1263379283446135,466.69782585200966,0.5755791146997327,6.415889211383966e-05
15349,-1.9732865719148425,-5.975027684897869,4.22125731889785,1.027261117534057,278.97512730008106,1.0927919584127208,6.416428070330376e-05
15350,-7.7724222549518895,-11.12272822141476,3.8229921443494415,1.0388985194213145,468.0313645536761,0.03037493328427754,6.416978005244743e-05
15351,-1.9723474317749954,-8.415638476568649,5.084211383926174,1.2641040533080288,313.4804990927957,0.26151231217888427,6.41722657401279e-05
15352,-4.023574385613118,-5.201198169151685,5.157810449937563,1.2599199859853238,264.822534034023,0.9104491842706102,6.418198924477757e-05
15353,-1.040695935446296,-7.414417484260642,0.07763116367740194,1.6283008676642596,384.7219811631821,0.3688581081983875,6.41825231057865e-05
15354,-1.4681199467892672,-9.47232997653663,5.163672865011768,1.8213024890759213,468.4655720397508,0.6546801529617685,6.419657664553068e-05
15355,-0.24610532717377076,-5.996375395183815,4.217813238692844,1.1115280078194512,275.9324678886777,0.158691610270699,6.420410846082482e-05
15356,-1.7279799933690558,-5.978595838338691,0.24175225063127084,1.1151325412228734,463.28434417644786,0.8055044723634355,6.420490855890938e-05
15357,-0.4143636299864877,-8.976313697987962,5.16411956901354,0.9293290891353185,468.0800294439461,0.39321011703383046,6.420616517015751e-05
15358,-3.610480696135477,-5.123529649915278,0.019249925482180047,0.7017896374453455,147.6931678121133,0.9654122757130157,6.422414148174276e-05
15359,-7.5059250168402,-9.702312282228991,5.041027579769602,1.1000890803951848,467.09850672439006,0.761519070844523,6.423149416298755e-05
15360,-5.226510237861525,-11.883515854127054,5.042936989532191,0.8991430038803505,467.54879298148035,0.07008855874999487,6.423335743139707e-05
15361,-1.2599713425364119,-10.563839806818649,5.073466067078684,0.712617451065149,148.37929817282276,0.05686884625427702,6.42377304096969e-05
15362,-6.753755025074595,-12.885313841022548,4.749716315823402,3.4492760388061403,517.1548905494641,0.46642587196514196,6.424006314635184e-05
15363,-1.734957754766116,-6.709598881894777,0.1902271475267136,1.062689428597067,281.9783002374081,0.836746581078037,6.424700773124845e-05
15364,-0.6218691004492829,-7.499472646021672,0.08726800610212349,1.7820469398223966,424.3600889364032,0.016535968735743367,6.426898145493379e-05
15365,-1.2607427139500285,-7.5094532872389514,0.08365778948385938,0.668736104538939,189.4702061440723,0.8232959300093095,6.427156323179711e-05
15366,-0.6520608396676817,-12.147740961937668,5.005314961549529,1.1064588582740187,230.40588803519972,0.37218518341953466,6.428364038303841e-05
15367,-2.53765729952549,-6.3637956673461025,0.23741359896578118,1.8453343534940188,467.9220848215203,0.2531231689136133,6.429402337696505e-05
15368,-1.2902797896259184,-7.443269702039915,4.73364783274992,0.987987814173993,467.16105058052557,0.6307216476442798,6.429722125925642e-05
15369,-0.2899217682983348,-5.858136666861298,0.28144008066906123,1.6990251811454042,366.15901348517957,1.4302301124620929,6.43006474670874e-05
15370,-2.627966884990654,-5.050622136189336,4.1115934505276215,0.8771610610227489,178.85022897162662,0.4347576725619904,6.431299926908582e-05
15371,-0.72578237401496,-10.526443046681543,5.0748438453062015,1.2243433311974041,308.23900795258237,1.1911267145634943,6.431329159892494e-05
15372,-2.2060255698189586,-12.292497370157635,5.008191589704465,1.3822228050034742,313.56967602171056,0.21444952192531286,6.4326796239326e-05
15373,-9.05002645024574,-7.720947829082583,5.0274871584510565,1.1597823352499068,300.73462259823805,0.4091194740908959,6.433580205886114e-05
15374,-1.9448537566898025,-5.370138382090276,4.104202257291437,1.5232686226823275,467.7308526123796,0.0952505698764039,6.43358642867338e-05
15375,-0.7173672421846238,-7.562715498701597,4.789748372954019,1.1732246519747658,464.69271081651715,0.32532399226412867,6.434465126398307e-05
15376,-0.3004258097331878,-7.904248374766561,4.92539223051871,1.0851180634058057,215.63040986620913,0.5363671378984707,6.43463645140519e-05
15377,-9.91559719597569,-5.482683086039842,4.922264432287711,0.8054150474383067,174.71943509228498,0.10964277573709147,6.435844131002843e-05
15378,-2.114713939105056,-5.924697659135923,0.23082943692521046,0.9689496051834774,467.4604955883389,0.7560383475535382,6.436232252098765e-05
15379,-5.737695515375005,-11.650694626736636,5.086127884402623,1.0333622029950398,275.39361242687414,1.5666800747120213,6.436561582306431e-05
15380,-0.5487945575636193,-5.949170561755031,0.2681066563815547,0.9114264334167279,468.32813452513227,0.8462548829850283,6.437083362879818e-05
15381,-1.3745806291848872,-8.61445524549249,5.116062078468925,1.6831188654750313,364.30018045635586,1.5198992469613914,6.440175032137867e-05
15382,-9.855115933438093,-5.921223926982972,5.018315172391678,1.005225171493583,467.37812821131394,0.7599239465705496,6.44035832213596e-05
15383,-3.3063077842986477,-12.338023691481673,4.966342778536897,0.9189980389902853,467.20606650916716,0.6030705027164851,6.441770401462924e-05
15384,-7.822262608891171,-10.292968102655193,4.1077251866063245,0.8524760332231409,235.81590649809755,1.113442439390389,6.44181055397768e-05
15385,-2.580516365671114,-6.982383853714216,0.1782642125548838,1.3611196976674962,326.8499809481563,0.8770445456711036,6.442492140533272e-05
15386,-0.8050885212045937,-6.114151419785944,0.28048014478437505,1.8145032757365651,432.9623710315366,0.0890626624379296,6.443697288097561e-05
15387,-2.5086629556620332,-7.615630065176088,0.03979082351212863,1.7228042089106828,468.8588605516277,0.642281722424606,6.443773401000963e-05
15388,-2.108018079879236,-5.697043735791294,0.28476000246835986,0.7634068459261839,157.43453457440933,0.08631094923832716,6.448253311501964e-05
15389,-0.6285330971541665,-5.086888425003595,4.06626307766958,1.4095022547441969,308.1577029358696,0.3140262196586212,6.449610459894471e-05
15390,-7.950049003407121,-12.255491504247749,3.1499713404464247,1.1672740290906651,332.73174648832213,0.4110874230647923,6.450217557754908e-05
15391,-9.932731305234784,-6.0814016123676335,4.9196891747978695,1.8072887189340963,374.2734039659369,1.024590791741601,6.453038035578083e-05
15392,-2.880774705059718,-5.510851485135169,0.15593508036990777,1.5693962709291875,362.12651627690224,0.16693680008933232,6.453182461941561e-05
15393,-1.9495233487663128,-6.762263407122598,0.17267207885989047,1.5270064790417432,181.48444245030035,0.302382653714397,6.454252750187971e-05
15394,-2.271826092591274,-5.550479076870179,4.12641286365598,1.1992535777695434,274.2567172463012,0.5601773691849736,6.455618498916152e-05
15395,-1.834783162381047,-7.98133862415229,4.950060329905708,1.1195826851020558,175.84718569136024,0.16717922125617335,6.455922600992759e-05
15396,-0.8869506571640908,-12.830025145257707,5.019787073109774,1.0136751864248827,266.3906699955919,1.452699199665192,6.456296778081607e-05
15397,-0.4495791123711417,-6.546181239527627,0.21553244349173717,0.8918536222142442,242.36486911759735,1.3873550398339782,6.460236211174455e-05
15398,-0.13004678791187096,-12.298545417161447,5.0395178219405485,1.54414123422642,357.2259116547502,0.07277302941758634,6.460750299933957e-05
15399,-0.6135867436913003,-6.806285173686797,4.469102005362836,1.1705201777467258,468.6532156583321,0.24989507425702406,6.461842385432608e-05
15400,-2.7779851413626453,-5.317264744669831,4.271305329893973,0.809112794958135,165.54308183446958,0.7911604235542695,6.462741759587348e-05
15401,-1.5894413995152163,-11.915486046892607,5.01162625683897,0.8580979915959662,230.62737191438438,0.6274471146191845,6.463568405735314e-05
15402,-1.2605784610673751,-12.172398829065987,5.02759801510269,0.8824946899370228,468.65909798074284,0.8857472283737282,6.463960816920005e-05
15403,-1.2084687532640466,-6.415680489351119,4.331416958436994,2.55714735377371,449.2682854628333,0.7044307812108519,6.464974718949778e-05
15404,-1.9377278523567938,-5.117843119365323,0.3203798418835719,0.9983689107949222,260.10286551676046,1.416728711684482,6.465331020122115e-05
15405,-3.002007938565537,-5.5302530119173285,0.10950826661948058,0.777867018380562,157.8417029572393,0.6317451150118645,6.466133087380052e-05
15406,-9.76808468582833,-5.791298676549942,5.122573703115085,1.271315714757471,284.3955533398434,0.2939827380322928,6.466857280677608e-05
15407,-3.605459410392074,-12.137133629224106,4.97869543125804,1.7683629236035125,469.95354984182393,0.006889361203767486,6.468040183125585e-05
15408,-0.2629983050519886,-8.703712791631652,5.123693375894654,1.093630580941991,305.2016232137074,0.12753953172734622,6.468203075150348e-05
15409,-9.733829340262304,-5.12862568398276,5.125488256413079,1.6947953451016642,363.58633189915935,0.9207639735813542,6.468933818253958e-05
15410,-9.9405999316879,-7.165833905915292,4.396130187781559,5.47834990578952,485.07284290027866,0.0030425802662117363,6.470316505107782e-05
15411,-5.236051183422842,-12.516132513266415,4.972384509812787,0.7284269225906591,208.6919574482681,0.9878125017719315,6.471800404744284e-05
15412,-8.793135019683486,-6.629465409534512,0.3166702241142567,8.826373729600634,267.5410917928267,0.3376909379390378,6.475707294790902e-05
15413,-2.037526653754674,-7.143989077086703,0.1308788077453974,0.5574119157714631,161.6491959052369,0.7290766959719361,6.476517420204994e-05
15414,-1.206835705933603,-5.235052232629478,4.077810088020596,0.5046030684547802,156.08414596057997,0.5525338665206707,6.47705356634698e-05
15415,-4.8001722096775525,-12.663681259009701,4.949692103317831,0.7055089701254614,184.14622310017106,0.6368295484950197,6.477719788694189e-05
15416,-0.4066277393092328,-12.03208504543593,5.028645404234966,0.540834591890487,164.9557968590062,0.5924638617220443,6.477899435270193e-05
15417,-1.981506449568073,-11.410414237358472,5.01806709696496,0.8580679464058343,468.97166640850804,0.2091163977584527,6.479611552813289e-05
15418,-9.272954311747661,-5.8569728069436495,0.5998968053743295,1.149527101197458,267.52973031312666,0.8426476540876724,6.479614098759548e-05
15419,-1.2104735618117637,-6.605561333925311,4.400085965280701,1.182004951135861,256.5497964367667,0.9369291827969688,6.479752898300239e-05
15420,-1.736744902121302,-6.03482269117363,4.193835300729386,2.333553752173227,439.7130902841066,1.6865359943398763,6.47984002452711e-05
15421,-0.8384363451407015,-7.658814761908417,0.030852132530957595,1.0165613522765475,279.2608109022322,1.3577470595201078,6.481388915150879e-05
15422,-1.0880135235749773,-6.153641657979873,4.20598346437259,1.2089704343274015,267.6781199147597,0.6378967312547674,6.482401794100198e-05
15423,-1.5768854523727533,-7.538128445565951,0.0882097027794399,1.8424892170274427,441.4521441566005,0.13817897826810288,6.483513509119345e-05
15424,-1.7020297103234192,-5.892562925168583,0.2793565934700861,0.8011414211536838,173.10960200880933,0.8503099688359725,6.485332174284311e-05
15425,-2.3014660859768297,-12.285160161126587,5.079002962155225,1.8422424851150354,372.6642242208328,0.5943000161492451,6.486993789273187e-05
15426,-1.320011219612585,-6.908954920649186,4.506989129569004,2.7167202721148467,474.5477308785184,1.473675335374577,6.487386279107024e-05
15427,-8.021005232374378,-11.184477634781302,3.1969132802701226,3.31263912657385,494.26828751868453,0.23933195201088875,6.4878942241871e-05
15428,-8.672713454594005,-9.159969877653774,3.170108540513141,6.177122808335227,675.6734959017338,0.3886875362980895,6.488269104800081e-05
15429,-0.9267462805257072,-9.75101377121787,5.145003147314892,1.1568946534195241,257.08987696630084,0.19203234529047908,6.490016127489018e-05
15430,-2.4208663482198993,-5.013449952543015,4.0499644589644825,0.9686032895179417,467.35224376115934,0.4721123458867593,6.490834406576805e-05
15431,-5.0873779464243825,-11.305428543558895,5.1459879898400045,0.5329560216378146,144.81849899234976,0.4043146230476511,6.491174633194084e-05
15432,-0.5008440312376763,-6.06295104883676,0.2702925910079636,1.5875476534110589,177.64449610809473,0.31897529758659005,6.491415979715512e-05
15433,-6.6334669475805255,-11.274427955049553,5.007803688035164,1.3789504015158085,333.00109766456205,0.4653934871479839,6.491953255630265e-05
15434,-1.2603639679374865,-12.005758829964511,5.040688040161423,1.0344877474028775,467.74370591046875,0.5720428294626103,6.493450426312283e-05
15435,-0.5925989244672518,-12.508216990273265,5.031661217459537,10.113280147850258,633.9475938629181,0.08141798331201766,6.494948952848825e-05
15436,-0.28535396010836145,-9.927612433036378,5.11263933615503,0.7441463883767641,209.86483857508202,0.13737563577866663,6.495128832628451e-05
15437,-0.9632725414275836,-7.67888723520776,0.0258049942482078,1.1489808675209077,247.89175592230683,0.4002166499951221,6.495148100297218e-05
15438,-8.026720014866191,-12.620221956382254,0.8485153252894213,1.8750773775601461,468.3745045488187,0.5023140116087488,6.497203300603667e-05
15439,-1.213123081924632,-11.821906236768731,5.013108256622044,0.991693552454968,467.7958471476916,0.034242144505139294,6.498436002848997e-05
15440,-2.280226440622992,-6.743684616800671,4.437289537554999,1.6670221952247637,468.45888904994644,0.39790204130724316,6.499250345240892e-05
15441,-0.3289297698925342,-7.0055037360938055,0.19674315861506542,3.0364278462646936,502.9955172018865,1.6571148429654636,6.500747200503938e-05
15442,-7.374023513454329,-10.79343677824447,0.16185551787641955,0.7634689059768914,130.30867640623978,0.33783999959136235,6.50163074940005e-05
15443,-9.324085576199243,-8.22333658653173,3.487351603153647,1.3680690688967845,334.2631070841894,0.5627903678198454,6.502440372388484e-05
15444,-2.759557619158551,-6.086787313236546,4.707634870985562,2.145433481794899,419.27101311132844,1.6215791138933318,6.503321419872818e-05
15445,-1.8137595741378867,-7.067650301816148,0.17336697860406056,1.243874365546587,260.2071836320089,0.02063692288663166,6.504347365996719e-05
15446,-7.989579358881031,-12.419345180251405,2.994351828547167,0.9402505684359758,466.92407577774895,0.5647864026051934,6.504366434055085e-05
15447,-1.9571455814567997,-8.862175239412327,5.155238510690454,1.668452181286307,391.6797759359821,0.5640222332052547,6.504621239887369e-05
15448,-1.710230131055054,-5.841616829963749,0.29652329699698415,3.1466951916609345,510.08870078270473,1.3103282925348525,6.504956465963098e-05
15449,-4.0764047502473755,-12.860265554758607,4.9247968067019,0.7603119993554422,153.84611624822722,0.02371048995561953,6.505154185769426e-05
15450,-5.76487870631782,-12.361925119606614,4.990683727466023,1.6738189536841237,187.35195101248533,0.29765901292230534,6.505503377823927e-05
15451,-0.16129012101158224,-7.291142871953981,4.64379083873438,1.2307784412113492,311.14675025356576,1.4500393917846637,6.507111031750265e-05
15452,-1.0912484908380087,-6.209569178652821,4.247083391865872,1.1202848231472946,292.11230057077233,1.8501672323000369,6.508165629582318e-05
15453,-0.426133513407672,-7.235041011481374,0.1132323774400221,1.133475982830528,291.46458543424285,0.7552811325114712,6.508174386740719e-05
15454,-9.894096294430849,-7.778361126873409,2.323881695367075,1.6862232824796053,394.82530062833035,0.07708380471967136,6.509206801396507e-05
15455,-9.57707432347083,-7.920824133394554,1.757561924446567,1.1170878845990604,183.73935640641855,0.1505604661122799,6.509282268602398e-05
15456,-0.886493431035916,-7.709138446418838,4.840738187008407,0.6728072524055907,136.59158452167088,0.6101094906717277,6.509619005422186e-05
15457,-1.4968537538076667,-6.354232833554435,4.2786730727491955,0.9114496276675134,467.83544451199435,0.8824115395168697,6.509975310499596e-05
15458,-0.2963913962891347,-7.213595479303691,0.10205076568077404,0.8425518161854625,210.7386717682227,0.22662879527857438,6.510049600121957e-05
15459,-9.76453256635387,-6.516714112044144,1.4932306899423091,1.0131567391935206,270.18750114848285,1.3331151942322368,6.510736169889979e-05
15460,-5.6463772531089464,-11.96630214908596,5.034627567279537,0.798872789317938,161.1122667913769,0.11874785751076011,6.510857870313488e-05
15461,-3.2537177090915046,-5.677521159845352,0.014251643925670762,1.042573044199221,468.3602338389702,0.5214028646030906,6.511454049358342e-05
15462,-2.3914253072781904,-5.738737457684453,4.218472776105311,1.1339209301362099,468.3764221384309,0.5273734608071141,6.511516125503324e-05
15463,-0.5448076122044831,-5.922450005335233,4.184206488519815,1.6766083378345271,400.943043283583,0.9224219732769603,6.511860537132075e-05
15464,-1.0014166152845796,-6.160476013692881,0.2959914604052398,0.7272783568763583,467.72740081447984,0.5022136104897061,6.512490091972251e-05
15465,-2.234327164545703,-7.1077372203960225,0.1613181638232207,1.000328443796772,265.95380217803125,1.3396142529439183,6.51249380605418e-05
15466,-8.55625253863645,-9.67291016141414,1.672391934094912,1.8837757581747252,467.8148452003058,0.04429799046480998,6.515471887800619e-05
15467,-0.13946343111027915,-7.233269415161214,4.654479737487802,1.5515899906639752,356.21915391678056,0.05673307395225624,6.51675379578895e-05
15468,-7.940325639483045,-11.608777929078464,3.297871523400577,1.8288545773946412,372.91132736540186,0.7272164413080358,6.519531421705665e-05
15469,-1.0724325233766994,-6.0757983726207305,4.196848821233608,2.229357369957826,412.5107198183239,0.44148816984058303,6.51971585639331e-05
15470,-2.585933070105911,-5.602972227689653,4.220710265722879,0.7128448819514028,143.25735268949177,0.38654701117542345,6.523147638022379e-05
15471,-7.739805362121203,-10.346967104790883,4.21887183157655,0.9329443701806721,383.9757563383202,0.018559061394162413,6.524571124216067e-05
15472,-3.7910045396676875,-12.737747703118517,4.927191416577773,4.869191623009297,614.2623217357199,0.5473074647687737,6.524884658578482e-05
15473,-8.413950677813705,-9.944175951004642,0.8932023613195011,1.2142124165333585,249.86741400194765,0.050333674636047654,6.526361545077417e-05
15474,-1.0905451570168463,-11.696183618994336,5.030661629614084,1.7040362163684397,400.1356084785971,0.6159015937148746,6.527188115482287e-05
15475,-0.09770225751028505,-9.619955386019656,5.149559904711463,1.0302044073182632,468.34289734711587,0.5851265126057905,6.528092087941942e-05
15476,-1.7798424727231303,-5.763852855621588,4.1489672993707485,1.2138502847025574,306.1751317040279,0.3229546745976384,6.528610152203255e-05
15477,-8.30652873579777,-10.420941454564247,2.5101372354431812,1.1056061322608253,466.12396678592154,0.695502539585724,6.529050179280206e-05
15478,-1.5720902756007042,-5.725019222870879,4.1415266118497795,5.740357113682128,275.2481729739893,0.4228563465441999,6.529563317998734e-05
15479,-2.0556088169561617,-12.850926846584487,4.982322586931258,1.982822029672001,403.7729913362323,2.163633079198732,6.530051356511184e-05
15480,-1.228624763166147,-6.637807591004302,0.20283853948259079,1.6611854042281136,467.86264747744616,0.2334869251000251,6.530374031807324e-05
15481,-2.754031103748245,-5.968608440820527,4.5828752186043396,1.2427626748557472,467.9082197629592,0.19509561843683354,6.531404996762672e-05
15482,-1.4662811909758169,-7.763509970239029,4.85982893193595,1.6872159608147195,396.2777820459602,0.2808694787333872,6.531461848000798e-05
15483,-2.4143206336623715,-6.727730857814835,0.20230147866704104,1.333704655264233,288.7310099610304,0.003778288832542387,6.532399469155334e-05
15484,-0.0005011719315426433,-5.526378443909697,4.10685217088975,1.108872097530431,225.21355531999217,0.7848738608746082,6.533886980706595e-05
15485,-0.8641021631995933,-9.484865965093489,5.151565460228286,0.7370579734925471,467.45685604935,0.5075696112807053,6.534260076771727e-05
15486,-9.921938334386693,-7.684449040674918,2.1597451098054794,2.1539369070101624,422.76449212348183,2.236688753206356,6.535328121899326e-05
15487,-1.0287173804831244,-5.14575647829763,0.3387033260365326,0.7202452924205872,149.53263221057878,0.1169135097380325,6.53822445415788e-05
15488,-6.408762121599109,-11.073214192409978,5.139018355589836,0.8778052504747756,444.05449567719586,0.2546762537053171,6.53833376634454e-05
15489,-0.5676545659323011,-12.985340187780654,4.979625205058074,0.9654429750978586,269.7382599516106,1.5032996264398228,6.539797846005294e-05
15490,-1.6098201305856605,-9.734786321913642,5.139470457013549,2.7389332523172665,407.4662436214157,0.13827722145276233,6.54091340417535e-05
15491,-3.981404006254504,-5.035544967998679,0.020300426490858087,1.8368600535922464,468.6453488326577,0.8836654017283747,6.542447542989333e-05
15492,-0.015802334388029138,-6.605982490782313,4.388533514147683,2.31132220267753,439.372444619161,2.2713013124800803,6.543642666193758e-05
15493,-1.2487090366502134,-11.451108000795427,5.010885547024117,2.5951858820872418,467.04425620874116,2.5303965913947195,6.54398704913868e-05
15494,-1.457906497959339,-11.546956063475708,5.011180048738227,1.1684262336119908,272.3015987770178,0.627439607340091,6.544425976058626e-05
15495,-0.12315638445215527,-7.46484474397824,4.755151435013845,0.5366562557726379,114.53608268119902,0.7593910455887594,6.544738792006728e-05
15496,-1.2486728292013733,-12.611369140379413,4.983016145768648,0.9380210795862082,468.56009416169513,0.29110516941498243,6.54542657106232e-05
15497,-1.4790878778834209,-11.523554700794318,5.0117034948025445,0.9018528107836615,470.24174378791247,0.01586381860359154,6.546383630278872e-05
15498,-4.76642254477973,-12.570877777135665,4.953160699489389,0.9862216351620816,469.0458554806893,0.5982260061262599,6.547827183111907e-05
15499,-8.085336125154777,-11.723968595925498,0.8183040895901951,0.8704007733683199,467.9212204024022,0.9036818801645738,6.548866122913527e-05
15500,-2.298091257798605,-5.311399642763261,4.072833857210708,1.903284918058928,383.4609265334874,0.9429587111138096,6.549233230745564e-05
15501,-0.5146803721515099,-6.753858456333067,0.20225691358751938,0.9321358941472637,196.5502072819085,0.7551794887270091,6.549860868317368e-05
15502,-1.2914342572278041,-5.314176109617265,4.073127755577691,1.0614770206366282,276.35205209184556,1.074725258506942,6.549980278705266e-05
15503,-9.781491634443782,-7.873351620870235,3.229493256092151,0.8020271633480234,186.4592190564159,0.1251925628789312,6.552710364063143e-05
15504,-1.338308485398919,-12.10303776580666,5.021802673381034,1.7523214570834782,414.64304509136934,0.08471768698489157,6.553406039435697e-05
15505,-7.796667167783019,-11.405262882264962,3.6839991219181063,1.3614928603889798,303.5281850698777,0.18401935360360344,6.555591289722256e-05
15506,-7.089244427416277,-11.564743063088285,0.1016044101665241,1.8224812512015183,434.4805111505394,0.32357755260534216,6.556218184204997e-05
15507,-0.2108971958951642,-6.477269491712252,4.334823488162115,0.9422068521384641,247.77631440216268,1.3174200489307717,6.556655170394623e-05
15508,-2.1262160425219054,-5.737989564387143,4.138449162617926,1.048836423236497,468.76469457019755,0.644776812087172,6.55682846827717e-05
15509,-1.7900656813730151,-12.278559539546896,5.022723606568665,0.8153801818064719,162.53794893485298,0.01451464587626905,6.557658537273413e-05
15510,-0.400227212527831,-12.868955104435914,4.978252110737117,1.486869860975879,340.477264138634,0.03785117079684408,6.558256388573418e-05
15511,-0.7541398027932704,-11.510125323226314,5.004675037267647,1.8861087023937435,468.04187442126715,0.046065949721752375,6.558952695110997e-05
15512,-1.7708610863017888,-6.191073644082694,0.2678041633836726,1.1843867784211437,468.1783992906646,0.39192397983370064,6.559439870601224e-05
15513,-8.96749717458799,-8.865334132982959,2.39300854373258,3.773271670297355,495.58045705779267,0.1739658372351398,6.55961584689719e-05
15514,-9.337380733730873,-8.344345824560305,2.0502500515794027,0.7910103095741748,198.89176409916223,0.19259885963806145,6.561056297152117e-05
15515,-2.7716602861051562,-5.525676255397937,4.2487998030326874,1.8845367521452563,390.23070479566934,1.704599443377174,6.561131010148384e-05
15516,-0.7891728579065287,-5.867793658602382,4.163051235481906,1.8998385688841994,391.6900773602308,1.463518878720656,6.561343545910313e-05
15517,-7.083468701832828,-10.674871331755057,4.904627972371607,1.669411632231007,390.67716222810844,0.5697850410297045,6.56139987457196e-05
15518,-0.25613005310115433,-6.655637574364034,4.403059294837512,1.3669923838383888,321.6861705824216,0.3109671291189935,6.561951815654291e-05
15519,-9.70585672305639,-7.994309065525472,2.4721080092325534,0.8671734114109584,467.59791669143016,0.45723450359886986,6.562174687940161e-05
15520,-2.3320993864341597,-5.128968315270978,4.047867368124946,0.9428976839456803,468.2205738255612,0.8298242377834262,6.562300171606614e-05
15521,-2.0603325865036037,-12.999447998096304,4.976436691683794,0.6084412739597904,181.6282005332639,1.207555475035834,6.562533279474557e-05
15522,-0.6627705807689726,-5.4960873247738,4.0963063840630465,6.129002817331006,449.06577513222527,0.08351381835740401,6.562819033625422e-05
15523,-1.906214117310995,-12.440230606271644,4.982908633316659,1.749195714042907,468.1511354602866,0.0385496775118348,6.564377147847958e-05
15524,-2.406110436785667,-6.711268992137916,4.412687927396003,2.0870223353892543,411.48137537391415,1.4466007446469868,6.564505530484729e-05
15525,-0.9381972865356865,-7.054173617607172,0.16331858165733118,2.455991452025088,285.8719933945135,0.09615135559121679,6.564811106966823e-05
15526,-0.14763537331304022,-10.07627034336106,5.09348739680754,7.150218432631535,708.5871300071651,0.32887100851426343,6.565449536470317e-05
15527,-0.9255885764784413,-6.535374384031944,4.346864807314704,1.3975379623427433,309.36227425312524,0.5902938797254356,6.566140949248847e-05
15528,-8.88943844424705,-7.980949015197498,4.907344193709209,1.0943240877309932,287.2914074078522,1.1741125519526596,6.566270393269762e-05
15529,-0.3418747691299231,-6.428393501253687,0.22721575720384923,3.1414260459247525,212.78161585415359,0.36052300645120905,6.566327369981646e-05
15530,-0.7028834612582155,-6.233525899424068,4.209957853195471,1.2542296647513451,134.94829593790854,0.3661817504303633,6.566517521894129e-05
15531,-1.25243057848661,-11.407692901337592,5.009414260846709,1.868715382587891,448.1243998569898,0.5467012503632986,6.566726730294992e-05
15532,-1.9803518719442685,-5.712479129479827,4.131639581867807,0.8084008161968409,194.20088855364386,1.1808531419997754,6.567538490745599e-05
15533,-9.255526066045926,-8.463986908841846,2.1568315452803084,1.1408145005388803,249.1125404373101,0.6754352568835147,6.570662015749328e-05
15534,-4.441753694805314,-12.80058829741861,4.9276978981245,1.325145756273833,467.78866839237287,0.5710637172447779,6.571173406304763e-05
15535,-2.143929164734689,-5.4620028861647985,4.089454794069799,1.7048106295560577,401.1246416157966,0.2983488370516225,6.571333446822021e-05
15536,-0.4686619189405885,-12.764028301381485,4.977583094297077,1.2272579198706857,308.4341592693264,0.5954575989218212,6.571595522587334e-05
15537,-9.593839206700045,-6.242854569424641,1.2818280168363654,3.7177981686765578,552.0511039136443,1.260586962691817,6.572953098212285e-05
15538,-2.9678414474265544,-5.6522000161595445,4.920757499305035,1.8666464335281099,468.1801212437183,0.3594477766318951,6.573325493769112e-05
15539,-1.81233616919274,-6.817558252587776,4.453756379962972,3.8364762901958973,534.7427938935325,0.27133225400649597,6.573358732983515e-05
15540,-0.7323801686314795,-5.355749004873646,0.33473512614908435,1.7114120587673192,467.34189612497454,0.08319050688291174,6.573487168028334e-05
15541,-0.9661180826294942,-11.851929691205314,5.033384205423241,3.1586576661400327,428.4152551915507,0.10287438672093874,6.574462247845436e-05
15542,-0.30421049283362045,-9.58708175180389,5.12288812875707,1.0988281392143813,292.81558442777896,0.9486809003292338,6.574898338269206e-05
15543,-0.2149828295315288,-8.687743273274126,5.132741149820255,1.641222401315207,467.67338071849434,0.26584828859749177,6.574914645502736e-05
15544,-9.548402553132785,-6.294313469949993,1.2029627415749975,1.7434039886502142,445.59601123098366,0.42390165743548813,6.575172633183238e-05
15545,-0.05856899272570537,-9.767962591507525,5.132961703937303,1.9102684688254883,468.13134897834044,0.5501513181970976,6.575481997355674e-05
15546,-0.49935097932652717,-7.6800797824517,4.818471648370908,1.124920712484826,277.45153780620296,0.855404533500689,6.575617434355927e-05
15547,-2.7221341212229184,-5.258102701823541,4.1307213048434335,1.612840232598715,376.79821981925954,0.5145169787861423,6.57603643161251e-05
15548,-0.755191021680341,-10.645933286229315,5.062119371535421,2.183477873861795,426.11767280617346,2.2928846535973504,6.576249741346008e-05
15549,-2.7518893198066934,-6.4272446762108535,5.133082301904176,1.5498918484155104,362.75546302012594,0.010111076994846258,6.576394838338357e-05
15550,-1.6619214796778188,-6.518600079916788,0.20482104430880604,1.8348052707195253,468.4014422157318,0.6210063550721117,6.577642680051702e-05
15551,-0.9966703033429738,-9.537476480679622,5.124988147895117,1.6586459024186984,363.94591913049914,1.9250034308571529,6.577730762897715e-05
15552,-0.323790905577102,-5.731138242367769,0.3167079819632702,1.1714165955568594,246.72672094921325,0.9923992764351821,6.57776349519219e-05
15553,-0.8101636534687309,-10.857579176284437,5.048232705479661,2.4354736750009227,445.0962164343559,1.1006491508620586,6.57915127369754e-05
15554,-1.4322759011673298,-10.125234321472572,5.088270698518069,2.183936289046874,423.5041192329702,1.5540071178622776,6.579769457265248e-05
15555,-0.06567888635595764,-6.94151869349457,4.504576585623388,1.1062092535020918,292.504834025542,1.0887853641983893,6.579917445975029e-05
15556,-0.8904630364517434,-11.790137969279431,5.034177745599023,2.1234401168930392,413.59047916911584,1.2409652871754142,6.580392524633247e-05
15557,-1.6803711423360248,-7.825334302271757,4.876991700256732,1.4882949930633271,339.13813859030915,0.10677555598433397,6.582383180817744e-05
15558,-1.8191381932926287,-6.002130013668641,4.187662653470324,1.2100992117339315,466.8463109629156,0.1946804944139089,6.584657361325922e-05
15559,-2.1134438691167903,-8.086238513945766,4.991389596721091,0.7307676404847814,467.5412563637499,0.28719765223071114,6.585060331883718e-05
15560,-2.8726527015017886,-5.673270161895679,0.10399256120692477,0.6078855136566935,180.94095109525045,0.9899365734745915,6.585379283733586e-05
15561,-3.052276802420187,-12.91483391772356,5.1514919586609285,0.7655612363304538,304.37747367807634,0.23492787892677391,6.586643408029396e-05
15562,-7.029734805513882,-12.781614964962603,4.559732779294642,0.9561377996945659,316.4590926853964,0.8478521430484021,6.58749626978425e-05
15563,-3.1504786928590782,-5.526288351620625,0.15721620826130736,0.999617574177008,275.30134648862133,1.5516877678198204,6.587924649164861e-05
15564,-1.6428795757094878,-7.456584562431788,4.74638523645925,1.861481429852743,467.5299176789312,0.5807042228022565,6.588941792661221e-05
15565,-1.5370029350381245,-12.812718610244227,4.995268552832236,1.7662032503534468,377.29097898272903,1.9370049119516457,6.589466734388015e-05
15566,-1.8629839741187233,-10.224389750035963,5.070380617259741,1.7359874731576352,370.80753902130795,0.8521523056636413,6.590803842314976e-05
15567,-0.8053056430844858,-11.696358589207515,5.035190692508608,1.8222085764807732,467.7066442637086,0.19769047798096384,6.592073081109201e-05
15568,-1.8846492870643239,-7.797592403634753,0.00411033131396841,1.022745685838331,273.8425153699759,1.6715777326865622,6.592085131671712e-05
15569,-2.117130346588568,-5.077811151320446,0.3124893267277292,1.066031186284113,284.2408616226064,1.2845531925548217,6.59242190456463e-05
15570,-1.0810873901882534,-7.289642360492777,4.667503593280083,1.0120243070868773,221.80154744968863,0.5152228795357852,6.592721558858181e-05
15571,-1.5527635160337443,-7.028638671853288,0.14326336289332214,3.991647801020924,563.779146619362,0.64955263795422,6.592771458987932e-05
15572,-0.29886437722118764,-9.932371701927472,5.099694126495497,1.5303086503777845,353.2953234157723,0.5044655295895524,6.593195959395232e-05
15573,-7.2047140612158245,-12.261771642710281,4.4348348301784855,1.6841324106668631,468.9769947138808,0.5275080368265552,6.594035624565537e-05
15574,-1.2137970342492501,-7.939741007801923,4.91503755181689,3.422756019639033,326.8028873736623,0.11859890032023923,6.594353324700427e-05
15575,-7.065614505439887,-10.155982251961813,5.183915972201302,1.7675859447748379,375.72609041433884,1.6093214640222397,6.595189983291923e-05
15576,-1.6716950654449203,-7.50637377601828,4.735389733436842,2.18184182802314,423.8213614473486,1.6999105696594876,6.596339431252053e-05
15577,-2.3267899685435802,-5.344947564812868,4.06750126658844,1.50108817301804,320.89495017479953,0.4517604417349972,6.597873599389434e-05
15578,-2.1653734485583396,-6.232005183966897,4.205269539528653,1.0395956961711514,172.45801188918526,0.4126707107586016,6.598051279901057e-05
15579,-1.4682598031088627,-9.539964483905472,5.143191100570593,3.8115310940373344,547.5703429734914,0.48130973910879327,6.59824382891988e-05
15580,-6.549156662471374,-12.352802931659019,4.8692354868516015,0.8482576852827239,136.70873642927506,0.26455774730941517,6.59827615601302e-05
15581,-0.8262051393761656,-9.579670625048744,5.120212417018528,1.7164969349283599,404.68676330782745,0.6304057757597716,6.598947032653155e-05
15582,-7.932551402218361,-8.296651495266481,0.1722451767809681,1.1712298708545512,295.77711156736024,0.8366615830840223,6.599749074326606e-05
15583,-0.692234088467762,-5.305324563961219,0.3357317827597646,1.119527262348475,468.32417755882835,0.507537596013262,6.599921227438235e-05
15584,-1.8288891509063934,-6.9048291428343544,4.485257934139465,0.6149449033331542,192.62013627351834,0.5025251880716493,6.601090847299366e-05
15585,-1.8647891023570082,-11.472682765893511,5.0080630761074065,0.927783702795858,183.69351874324548,0.2161050547435357,6.601101290129722e-05
15586,-5.192524390655585,-11.727650571360254,5.056993302406301,0.8608075983703997,468.40271827381076,0.4217623782697659,6.602170854252299e-05
15587,-0.6834763470961462,-6.272950656914912,0.3031060413319122,0.8554146868597264,192.48460392560108,0.5255967994782917,6.602829988842011e-05
15588,-8.100732622203713,-12.41453396197544,1.570131456919385,1.1401579447816377,289.640258092486,0.7387923424851914,6.604451331337791e-05
15589,-9.45183048361156,-7.861741781165357,1.4911293978678415,0.873254702219117,468.21904052405,0.8840991393754072,6.605686539716192e-05
15590,-1.9632056138923737,-12.030543501632456,5.025857619457283,0.8897733617853424,467.34729740345324,0.6333322523073264,6.605917999354661e-05
15591,-0.7138435213392995,-8.902679019328817,5.1229427460703025,5.90149028357726,665.2973311411204,0.448466323970071,6.606065297692207e-05
15592,-7.205826139403671,-10.955988463670245,4.681551017751968,1.8545880134346662,468.3244812582165,0.5883847206993043,6.606604047122727e-05
15593,-1.4261263604265562,-7.667048126555531,0.06854838060536421,1.2816343715135536,279.12878022038603,0.5165795959232762,6.606908967034745e-05
15594,-1.1686770249965601,-5.54724566791188,0.3221192530465533,3.6384175839600297,544.5781479064603,1.0031213930806517,6.607470377859494e-05
15595,-8.283556832079961,-10.70422634765995,1.9985847186918493,0.737309133779439,150.47391036152663,0.21145858777043802,6.608700941649365e-05
15596,-8.062746337378414,-9.421158446118241,4.3907872860952075,0.9046115580961405,232.303677761404,0.5883528168521979,6.609179199153919e-05
15597,-0.5150819151531021,-10.584363891766237,5.061599067978455,0.9202710042053995,467.83826167606026,0.45692748282792905,6.609267781401611e-05
15598,-0.07852020144811078,-5.630234539682405,4.108707010559022,1.0192070620949583,150.2894083983549,0.23386210400645702,6.609412638745342e-05
15599,-1.2776857807548652,-7.2146920193528405,4.613540957435676,1.7413139851716886,413.0815012474801,0.649419726982142,6.610441920266083e-05
15600,-0.08683956253845082,-10.552931285576342,5.065996807898521,1.8235537752127315,375.572040651143,0.818285807387376,6.610859052504549e-05
15601,-2.181353873010882,-5.794283475033747,4.138360208107566,1.4721609403947473,328.5040224065697,0.4716198557690996,6.611190353153734e-05
15602,-7.505639158852526,-9.611717901989982,5.111657965519385,0.9816178767658807,260.4680079265778,1.6359151981786004,6.61208256497572e-05
15603,-0.9249943995639409,-12.76084978570507,4.971753694252838,1.2978204589239737,283.7305016250131,0.21296911210903158,6.614896418354966e-05
15604,-1.4377414133895687,-5.239276739062144,0.3293445165280089,1.1400731935470014,296.27943162385225,0.7849164570924128,6.615695441724196e-05
15605,-2.35733989468737,-5.096529578559088,0.37994734565400917,1.3526706261259438,300.74465431527597,0.6756005429471168,6.616433418206967e-05
15606,-1.779602711376418,-5.399735703141667,0.31874095438025934,1.5495642849506244,469.29150605249333,0.6289268456964825,6.616575921893467e-05
15607,-1.1453331300314833,-9.496455543850557,5.142922413100897,1.119499801228805,467.9799282294351,0.10622216323966072,6.616983065882983e-05
15608,-9.810299662567017,-7.869023343829522,2.3546992993722773,1.6078781203072863,469.50839344696965,0.10562836246773255,6.617186380394478e-05
15609,-9.877206100040018,-5.696721630456592,4.96736694394437,1.4260163540095527,444.3947355000883,0.09450898791355034,6.617593200992752e-05
15610,-2.2775359774593813,-8.22309767422723,5.007493883387654,1.790222689712366,467.84364008126767,0.4166557626330363,6.618031973366784e-05
15611,-8.30285005295676,-10.237546285561697,1.1736774596521298,1.8707060125304944,470.04132097857484,0.11969600647298595,6.618351913164652e-05
15612,-2.5381854996502273,-5.25728686990191,0.3655419649992286,2.2698325580669767,430.54200604522345,1.3222928730365622,6.618722770036241e-05
15613,-1.1294681898054861,-12.151870986859246,4.980479984491209,3.8444447262131263,559.5461061358062,1.0842462679507836,6.62000085455382e-05
15614,-1.945621292134934,-12.339873166745075,4.997547612179141,1.0263131477607652,275.90349407255155,1.7787752189204324,6.620099387324481e-05
15615,-0.13031895057694243,-9.428292925536566,5.124153991078479,1.778685618801096,422.54307587820836,0.2359972554430767,6.620648942491577e-05
15616,-2.058177314358936,-6.479943867081969,0.20609992391420506,0.8233389286183931,162.4111532631037,0.027898145093703697,6.620656932680587e-05
15617,-0.08891848568910987,-11.329470741208468,5.0307307193211095,1.0590381140415193,281.7292801655588,0.6651735347651639,6.621383169672389e-05
15618,-2.9304758445053105,-5.729055874889531,4.810672786797341,1.0806062250006006,279.8936821444101,1.7026253720878062,6.622512911838181e-05
15619,-9.517615852857046,-6.07897010809368,1.0951546056309864,1.835670860409999,468.4910251149829,0.6896456085450549,6.623842310075072e-05
15620,-2.612281513327435,-5.3922816630602,0.37080011011627617,1.5066056067083924,339.8035765435528,0.8698668327932664,6.624275006558653e-05
15621,-1.8346485590902333,-10.583389839250621,5.062802897302804,1.882090709949815,467.58657436624435,0.25079002770029124,6.625873586869383e-05
15622,-0.6889050613114751,-7.157085126597666,0.14425399505237224,0.7614855204641614,214.64948870712587,1.2262868226120993,6.625907485232024e-05
15623,-2.5710567372337287,-6.392225768594267,4.360955939436681,0.5488580432164715,144.68820507782925,0.24789174118808877,6.626558831987054e-05
15624,-1.477924302498364,-9.179092695274012,5.128219952589703,1.7750134213625106,438.412859916273,0.7541972389697529,6.62687450613892e-05
15625,-0.7140525019885597,-6.361745793344172,0.26060516805647244,1.1524131316360247,240.10842745756185,0.16827426837720516,6.628095608071953e-05
15626,-0.4569130427036985,-6.319743288917577,0.27077156576646394,0.9428208747246825,166.55651011897007,0.42250132380646654,6.628369485245247e-05
15627,-1.668843005950805,-6.635848356721509,4.35940641892595,1.6376910497310575,229.7979669127006,0.39421338263380346,6.62921925230706e-05
15628,-2.2187749018297875,-7.2615154695698045,0.1344761229342757,1.8092199926108026,430.34349453921374,0.4142698101146749,6.630121599359734e-05
15629,-2.6927478398381126,-6.229358899083883,4.756854003393636,1.8781970343836336,466.93680111193083,0.45667945478846317,6.630359822106103e-05
15630,-2.4554727867520683,-6.561844339203926,0.2688617262104542,0.6621723451236257,206.62583877403466,0.6826474024513072,6.630390859065419e-05
15631,-2.2856408376863824,-10.293256928439504,5.18501346151662,0.9069780475261073,181.0462565531327,0.25341243224155363,6.63097898093435e-05
15632,-1.504378090359383,-10.139670798879175,5.07081114262901,1.8532975990766085,467.45721911361125,0.784145708459179,6.63389395556194e-05
15633,-1.2156214660047446,-9.255398831662495,5.1505908729429635,1.8805142266617565,454.5127577914862,0.03293464967527626,6.636059803933813e-05
15634,-2.6128931986946267,-5.021577834130883,0.31213838880149536,1.6363037023822242,383.213847168559,0.4660673748763893,6.636636516436295e-05
15635,-1.7359424440335065,-5.1677893310870635,4.0353670079207955,1.433761101712489,470.0908266660126,0.2316968188598718,6.637195196319557e-05
15636,-1.3397498216324895,-7.952954683726782,4.913627584135635,1.1002912932883917,467.8027135426855,0.15610096252749717,6.637361158303455e-05
15637,-5.589429670502144,-12.944936707857332,4.943660741155429,0.954854989999431,265.7506232924834,0.8276633059683975,6.637411554762398e-05
15638,-1.3945991911001805,-12.698782949675163,4.969437569768585,1.6459421600532786,386.0569731435658,0.46413653323356385,6.637521350439326e-05
15639,-1.5938576077819775,-6.573775489831287,0.2308910917659262,1.0549703128246075,276.3893680457871,1.0281263657655009,6.637961734522019e-05
15640,-8.973609635207255,-7.859068217242575,4.941686092635237,0.8168461710466293,466.9485195584568,0.021778956130148686,6.638594004839576e-05
15641,-1.7320052601906717,-6.331831099733131,0.2615639221853333,2.554416174638811,461.7522548704856,1.9058314719631015,6.639249989399805e-05
15642,-0.931451835932295,-5.806996069620732,4.134804861823877,0.845289592472813,189.68135341436533,0.3441054239937369,6.642044015097805e-05
15643,-1.273947627974847,-7.957375326132241,4.9144404370548065,0.8411765514427315,166.38890450921193,0.06682144418675673,6.642829883680356e-05
15644,-9.849921838966019,-6.8300256953248475,4.792583254853281,1.4456593176702621,328.53003201089797,0.06896076849330424,6.642845895026453e-05
15645,-0.8387776225301362,-5.781100024992066,4.1295231992381325,1.0403228112412788,272.88709705217445,0.7012265682911893,6.643077311721306e-05
15646,-1.1754009190265506,-5.3158804376294135,4.054423951496651,1.8317377097011827,439.02697468509706,0.019366031980584175,6.643955864908337e-05
15647,-2.5817093889011202,-5.5048351722241415,4.0281527981770875,1.2876129303503805,314.1401713625327,0.861169309044624,6.645090890318775e-05
15648,-1.3425223909358017,-6.758444427920196,0.2194334389177187,1.763372967044386,416.31468729448915,0.6033752743654386,6.645545268375918e-05
15649,-2.507965113631987,-5.556643210407772,0.33353046825711824,0.7785565775562664,468.1464035800014,0.24570449643698122,6.645795806993346e-05
15650,-8.907333490820653,-7.300142605375165,0.4186387650318063,2.529308169657881,460.42234226820267,2.2293593208075846,6.646124035635483e-05
15651,-4.234587954779576,-11.112721554606923,5.165227175234534,1.0557984477915636,279.5529109658582,1.796155422556672,6.65067388325015e-05
15652,-2.9171311283229207,-5.641995325973605,0.1713412982005663,0.8663358589804709,468.39965135366873,0.5363417066837703,6.652234571680937e-05
15653,-0.20446923090896973,-11.400284310012847,5.036766903789748,0.7893970543289446,189.15384626706276,1.1489477973427968,6.65227412892982e-05
15654,-1.3384537359979767,-5.061019992022349,4.01136951983336,1.1791646686526995,265.3259829727077,0.3862416589397881,6.653423934357152e-05
15655,-5.891593845846658,-11.415103142731628,5.117938015179034,1.1533262944556213,233.0961269026825,0.008728679808820416,6.653978402871163e-05
15656,-1.144162969777188,-5.93806378950895,4.159808918611693,0.7892030806049594,205.4599491614451,0.4143086523624069,6.654077129276368e-05
15657,-1.4183560296165965,-5.338865290928247,4.055359970182067,7.166650953239001,491.42114652057245,0.05839094266816769,6.654616524490173e-05
15658,-8.441736064165443,-10.024288706305263,1.8884980031623642,1.0702813258625876,285.7000529312341,0.5818854027893643,6.654948447115237e-05
15659,-4.616776272823747,-12.630174883340096,4.9403983778071785,0.7065552967093762,143.5276133022452,0.2849655945113465,6.655063749754701e-05
15660,-0.9146813938419456,-5.14515145742029,0.41675357937462487,1.3929665582478843,304.24579512642885,0.8672641320271115,6.655975556345834e-05
15661,-0.45090932340989553,-5.8503924356959,0.3248555457988464,1.386526464233494,304.02990240082886,0.07576955934503093,6.656705152433404e-05
15662,-2.5097016118829654,-5.857475002566019,0.3215983980229032,1.565130179080095,362.62487729692526,0.1835945369506229,6.657869719477858e-05
15663,-1.9820248725239527,-11.296110662068443,5.007154732982666,1.4030360252602,312.01752536203924,0.23314422483747688,6.658328992016364e-05
15664,-2.2498169389048126,-11.29946506826879,5.119898209666635,1.6476128645147452,336.6271983336138,0.5897807413164831,6.658814451229413e-05
15665,-2.287488561246822,-5.441629736527235,0.3348800251743835,0.7895010477745745,221.4367270256794,0.9244222641962905,6.662304817571407e-05
15666,-0.39291944383938926,-5.068259691149171,0.38304001297678764,2.283108403763288,433.2632702597603,1.4865012446531907,6.662542375248608e-05
15667,-7.36060194430353,-10.629425922880722,4.6276889574096085,0.8785473380071641,242.1611390983999,0.6894554108592681,6.663040741676357e-05
15668,-8.938078887081923,-8.791341702162072,3.0515443356866836,0.6286039901408456,197.75839335006572,0.5549183807595943,6.663173026699193e-05
15669,-1.0541804885874146,-6.412338143324732,0.2972103397986349,1.505916185070272,470.25645414703104,0.030808407445284125,6.663491433217769e-05
15670,-2.635100035471715,-6.037222443025889,0.30291927838029387,1.3209621728983199,468.4001700993029,0.5365694017720397,6.663810658838563e-05
15671,-1.2314192500589076,-8.468690464182405,5.0663929279462225,0.8610371158313103,469.2093126236153,0.2134544143250583,6.664109293112978e-05
15672,-1.3049875529634143,-9.836609296185859,5.096907135716231,0.7979518001245498,220.35027511719264,0.49946308999999367,6.664457576474553e-05
15673,-3.405277331659901,-5.341710019110777,0.011388699043858402,1.9101355457307618,393.4962278848279,1.7416633418284215,6.665341661476925e-05
15674,-0.2431947332958746,-11.841387441537739,4.981289245533495,0.7990656245819991,162.11207744438516,0.8096594785133489,6.667636471435016e-05
15675,-2.297948396854398,-5.57688304812977,0.3459671826111347,1.1312209931906432,291.773978434746,1.2528610066176977,6.668048072702182e-05
15676,-0.5943110237437388,-9.948241760988509,5.088976127754253,1.3383146271651902,417.8412466481272,0.2639399918232419,6.668842731062706e-05
15677,-7.570789059928874,-12.664700979166682,3.914374248822997,1.7831512868375026,288.46461302628757,0.10248374894999746,6.668931327670521e-05
15678,-7.564334565028215,-9.880996984466037,4.802816093979121,0.7412897405054882,201.3177158408674,0.5784325193964461,6.66940681920948e-05
15679,-0.48989107574454493,-9.655809482369715,5.107134769942222,1.0223293802889173,218.48566022712123,0.8221360266055289,6.670324195968414e-05
15680,-0.40448340139963435,-5.225393421082016,0.3891411654872213,1.0452753684158718,207.17869922097864,1.086347635814696,6.67039315809238e-05
15681,-0.05083245039114104,-6.736837141935901,0.23022925963198715,2.387288265128557,420.7637597760549,0.19943654345401463,6.670432090835808e-05
15682,-4.3885767375638025,-12.27405441141946,4.965151813005068,1.6471585496446046,347.1248246034724,0.31068804031323705,6.670632395924237e-05
15683,-0.7058908387512748,-6.383200890095344,0.27346716076461286,2.633399555238136,469.92144559041463,2.1666204503689004,6.671441423777087e-05
15684,-1.2170313141166798,-12.248646751353345,4.971716719626566,1.7347095774536692,412.5822391721537,0.942561977875739,6.671455609591121e-05
15685,-1.4069107555567726,-5.009159242896726,4.007846253412554,2.922514697261151,494.6008778672876,1.9877492750951626,6.671541511442817e-05
15686,-0.7159668446200094,-5.38100500616296,4.057721831057681,1.0481671103265124,276.4333909272064,0.39893007007342707,6.671761473190236e-05
15687,-1.7911242952229642,-6.4417476712393125,4.276598556666764,0.8030940007202473,197.89747017904838,0.26795270998350507,6.671806144771495e-05
15688,-7.267112305427966,-10.863261894219804,4.644261678807826,1.827968218869168,468.2694784550965,0.4208370116315754,6.671899561833911e-05
15689,-0.11030586133053433,-7.852261278796715,0.001059620178656741,1.3010630565967976,257.3616064312727,0.032143569165520525,6.672301685560832e-05
15690,-1.7964886998012233,-12.220753151470927,4.9946090699294965,13.907500429843015,533.8391904933227,0.12350605990330354,6.673231433192764e-05
15691,-1.3586325552878122,-6.853817087736313,0.20810278583003222,0.8383337235242172,172.61546211281058,0.8541100067341558,6.674001308199365e-05
15692,-1.4008958069390403,-9.393705428152241,5.1185896672832545,1.2433328691910819,241.4736278222606,0.004138702297993291,6.674237613810395e-05
15693,-0.3606271733934907,-12.979726715247626,4.961474010586931,1.2798667383946527,318.54314234382673,0.4021855192605832,6.674267995531934e-05
15694,-7.563069200860134,-12.130516823792911,3.976069455856623,0.8227889796371672,466.917356967533,0.15713733277190034,6.674610978969166e-05
15695,-0.6373241911621221,-12.33344474373307,4.969768059140021,1.091902824735025,467.13794127468765,0.5149688236762477,6.67471692168344e-05
15696,-1.6505805186390017,-9.31391108760942,5.142322898131876,1.4645122753844324,334.47714404646246,0.6537688677932865,6.675083582646351e-05
15697,-1.5191207775566724,-11.501470295311671,5.0219857798115655,0.7299512241915109,135.45460562451498,0.19923077733065764,6.675299504471537e-05
15698,-2.245027380797562,-6.0077833980133395,4.223090309675534,1.0744203410330446,279.73849483520195,1.4955260540870743,6.67540984776934e-05
15699,-0.6961978456433098,-6.258574264951537,0.3093493558826643,0.878978944301942,182.1804428776347,0.13349348463746402,6.675521114883224e-05
15700,-0.9096686305701205,-6.435967774181602,0.2864949893285856,1.6263196868182188,382.75968231658965,0.6053371511775127,6.675578380318178e-05
15701,-1.0497150426438786,-7.338650014166856,4.676309667164426,1.8874476567243095,467.6543700171228,0.37855140044512225,6.676248286964655e-05
15702,-5.879149705702249,-11.64736147808813,5.071636412579139,2.8378317175717136,468.3915597449945,0.4941112370002374,6.676373376549378e-05
15703,-7.076594827465737,-10.42795056712656,5.018263507016678,2.7757676763830728,467.96380221111883,0.5812578270007984,6.677341557102233e-05
15704,-0.14370729118879488,-6.481238182233744,0.2696705535909861,1.567513449630946,275.727310281967,0.15595348671093934,6.67768678340143e-05
15705,-0.24653985737402806,-12.475578838976434,4.9669256962779285,1.055015893801648,259.7595714142755,0.9020305235917938,6.678862171052265e-05
15706,-2.109080085295517,-5.368965445256168,0.3459616614607968,1.7417609982196147,467.6504746810838,0.22781939219054603,6.679378147331414e-05
15707,-2.2688962633208813,-12.819899050128718,5.021392884065137,0.753507057589036,153.79988984013016,0.3767695996111735,6.679611204038691e-05
15708,-2.053812099207418,-8.010956942515099,4.928025672906175,0.9481174906617609,137.64770201257602,0.26733806362767076,6.680574686276755e-05
15709,-1.6701901887511,-5.4380036158236225,4.064058320565505,1.6928275964981314,398.5777364390062,0.1191811929572113,6.680856004183914e-05
15710,-0.4092848565022269,-6.44396641595563,0.2604951350624177,0.8597764770773987,175.54605189361158,0.6026545156368197,6.681163077489379e-05
15711,-2.4754062547533904,-5.034397021651934,4.008385083128996,1.1452148028129447,203.9627473499832,0.47032816107969655,6.682755336857654e-05
15712,-2.0991569924706024,-5.362284460176166,0.3505343240980089,1.7794390160447158,467.98740201374665,0.21114367522940647,6.683208722443879e-05
15713,-1.4265770712559895,-6.654464129592926,0.23684331722741253,1.820518676105972,467.58016286826904,0.6028719019041189,6.683773137319913e-05
15714,-6.559875057656219,-12.646746588595132,0.02198044364619861,1.4120038629270222,449.2114125339212,0.33310227575333684,6.683793859176008e-05
15715,-2.458299158338474,-7.816054453244564,0.016548058982642826,1.1538987454988865,468.3289132444571,0.5092021249264382,6.684268337591263e-05
15716,-8.739403401720336,-9.104536229426744,1.2540883908613645,2.535051737069129,460.7797669383062,2.1153622091292794,6.684338817391891e-05
15717,-1.3495927864049424,-6.277481549697842,4.241099649378538,1.1914630640632689,301.97119635662233,0.7801956791351712,6.684624477935669e-05
15718,-2.200622832922803,-6.7121944410912295,4.402025785364013,0.79056349276711,177.599580558756,0.01998514714778299,6.685143851385908e-05
15719,-8.937090737425788,-8.89447859801296,2.5155459556139825,0.7887925849674284,214.97149480639084,0.5901722111342345,6.685414424578352e-05
15720,-1.4073885685965557,-10.507514884523108,5.0553905812712925,1.350316746834383,468.71767348546035,0.32612337351736453,6.685820555223545e-05
15721,-2.248891860972525,-5.260016890641303,0.39233302166608575,1.0601930599487133,277.4777893335962,1.7457290635554576,6.686636596505525e-05
15722,-1.7793918494034688,-5.059486977318109,3.9697411491920276,1.6191471087463731,355.50341655372415,1.3579118567062176,6.686862283127365e-05
15723,-1.7149539961462086,-7.7687335915979085,0.04229360295216314,0.9082497992930303,252.3039908076087,0.7268022408763386,6.68715506557752e-05
15724,-1.1215854236094618,-6.6945891735896375,0.22347402277103637,2.5980087311341418,467.12641838520165,2.398469138298144,6.687227445199727e-05
15725,-1.531491189170481,-11.123271390253937,5.030867447667616,1.1051857131137524,264.3423226248457,1.2381172686173691,6.687667269580789e-05
15726,-0.25662081757193533,-9.42158731306033,5.137166177297141,1.4186580224923913,326.4779377111875,0.6629494091002543,6.687929241147647e-05
15727,-9.500758316400265,-7.435316251107086,1.3580300186382719,2.131462041152917,410.2720640367534,0.4417544092429315,6.688908956146689e-05
15728,-1.2827660901778888,-5.457797303685786,4.065240943355118,1.1812379153156276,300.88841002610155,0.4996078475965531,6.689572048696446e-05
15729,-1.2537414953870183,-5.098123018645642,0.39323460061353,1.6518668233013798,468.1006041885411,0.4110902802774117,6.690776330267561e-05
15730,-9.714644573544213,-6.227278623395717,5.169565450228645,1.7702846676737591,419.7878568528221,0.4621975298002363,6.69119344491377e-05
15731,-5.840604841869693,-11.13190447547385,5.1888940472739655,1.8950556831980723,469.97392357427464,0.11906463643866072,6.691201395033228e-05
15732,-0.8340797384586836,-6.751661734349389,4.40595030303098,1.0589826021659812,468.1074729543817,0.8063887738970781,6.691366126089613e-05
15733,-3.0080243704516434,-5.705891966688641,0.11489279086180186,1.156923308396419,240.40113741509566,0.8314297578509509,6.691572674568423e-05
15734,-1.8399065869616749,-5.807915221285518,0.31184836198975624,0.8109273364324546,193.72399468808007,1.0093399529388485,6.692748917737349e-05
15735,-1.4670714239690597,-12.23599619206013,4.990952471451587,2.24341653657064,420.3373195213646,0.8422195791235332,6.692892712059845e-05
15736,-1.7472587838180829,-5.4039701628661865,0.37963257022984226,1.0996013965913987,259.6961665241142,0.47180091944380376,6.694182509397944e-05
15737,-1.787461060133527,-11.618208186280448,5.001062088286465,0.9380571925138838,187.74631876940933,0.49687471461953336,6.694732805443131e-05
15738,-3.398665449593734,-5.244215262285357,5.015367884686272,0.9421944844161443,135.95239477603008,0.37601880416657973,6.69545417848289e-05
15739,-1.0898600555921707,-12.058235102042637,4.972354097620642,1.0184637962156151,263.89077862198616,1.1269339835550394,6.69549322806017e-05
15740,-3.4920380334353887,-5.205545913520041,4.990297226871751,1.8683040563877333,390.025043671568,1.8230257923214968,6.69593359530361e-05
15741,-9.08907456602371,-7.767711946866401,4.874239450399435,0.966213442275315,467.47374982421945,0.7862171457518228,6.696228622750444e-05
15742,-1.6968763490987406,-5.05717009878073,4.007658172289757,0.8301127852939172,467.1605502340142,0.5227636461419429,6.697113455156384e-05
15743,-0.8289700182967117,-5.657007826096004,0.3194528101274704,0.8019137668352639,468.33186601775424,0.01621198033626481,6.697226541884108e-05
15744,-1.8103041865657765,-12.157426296336478,4.9699972957625995,1.0714666156142705,284.19846914302764,1.1631909025183038,6.697649190069394e-05
15745,-0.6259765353211133,-11.10060573868289,5.030602535060498,1.095068482574613,256.8358094750343,0.8037327610613128,6.697731278597902e-05
15746,-0.7896733176259154,-6.563995125455521,4.304418297912898,1.2022188438580057,250.47933790655685,0.108781786684923,6.697845286972416e-05
15747,-0.4315243885162481,-10.406809151692578,5.064487814346892,2.675876641942251,344.77401357800005,0.009133252226541266,6.699113841673413e-05
15748,-1.738578738691782,-6.70208749117573,4.395732418782129,1.3795202116170275,468.6387570861103,0.11340029754078795,6.699145096915798e-05
15749,-2.3164283666853365,-5.519875115981275,0.3714387674516101,1.0627591687240179,433.4015724488543,0.5202541441043778,6.701982625432106e-05
15750,-8.304141727585664,-10.256991037245546,2.754746447835942,1.0206665566428779,275.64447897096426,1.8109699286954433,6.703029324462005e-05
15751,-1.5026237776054678,-6.602843664889327,4.309807344004983,1.1458169636707958,297.5174045253604,0.8301270519753645,6.703323249199552e-05
15752,-2.5583411620982535,-5.433908875529128,0.40224352394727636,1.2450126850297785,255.37049852196344,0.04529958957862412,6.703670793993245e-05
15753,-1.515236494396179,-7.1163473852813945,4.56804676546131,1.8893184188845693,468.25348101687877,0.5544830947094219,6.704564439860851e-05
15754,-4.079046097179329,-5.128196758552625,0.0032585676125635515,0.7392144480454911,177.07669944582443,0.986995725413748,6.704944652957779e-05
15755,-3.2951949521837705,-5.535908276209949,0.06084170954127172,0.8577393632927858,230.58055196355065,0.6265845509123222,6.706524719543598e-05
15756,-0.37790843924973494,-12.595081389357011,4.961521045227302,1.1714021450137537,318.8651363469321,0.4779424397639156,6.706536559255984e-05
15757,-1.9528426949039641,-10.974597650844803,5.0173298189698325,1.8526174712496288,388.3575646349643,1.8242971013453015,6.706616879636345e-05
15758,-8.4750689290429,-9.881449798050754,2.2662139846776594,0.8993896205943404,257.7184024520925,0.9726529104030801,6.707283797895149e-05
15759,-2.213703229311408,-5.783597740076357,4.117191857944739,1.7598905694745925,467.93042626912853,0.7910905031033595,6.707445610784205e-05
15760,-1.0185543337182672,-11.774829172609635,4.99794178241985,1.3682640620575228,297.7867637562363,0.784223029794636,6.708517743359582e-05
15761,-0.4999403052268345,-8.992117954359008,5.1143049523718265,1.7666008222818674,460.5342716449316,0.17573948076766133,6.708721182714447e-05
15762,-1.2997580815241587,-6.686996114541898,4.388263712351833,0.6819477155396343,208.2115683236554,1.168708682939359,6.708764027618185e-05
15763,-2.9756366635031952,-5.381411752466358,4.603672548514427,0.9992325123929785,261.36265019502684,1.6505607441000665,6.70876662202003e-05
15764,-0.6401508589439295,-6.386725502636992,0.28855881174655873,1.8478433531920986,444.11008953644824,0.12471791426539713,6.708814334386172e-05
15765,-2.6515864198650867,-5.5657180623267895,4.150088863988542,0.6895054299280244,147.60772324625617,1.0737182924164328,6.709601187524456e-05
15766,-0.11733940807132903,-5.742267635971368,4.10887645718288,1.0837524865187118,283.41354681359843,1.5990087561227329,6.709711148250556e-05
15767,-2.295323293616316,-5.644476526865861,0.3514696335331266,0.8391144752219037,227.0224269208572,1.008792484404637,6.710262064352736e-05
15768,-1.2579998455284898,-7.324230630498524,0.13346764941359918,26.617724287307908,659.8058976085865,0.05174600765662607,6.711799002831656e-05
15769,-1.6817335137194949,-7.436402547124837,0.10249298025271526,0.909206893510589,232.64875717289195,1.4563685716942638,6.712365654911396e-05
15770,-1.7644409566866734,-7.354334038160446,4.677585561709492,0.6495019008657349,201.69883685500847,0.8752859167055256,6.713089534524773e-05
15771,-7.9135437860405595,-11.416708111347932,3.4042891163490285,0.9088687829369962,467.7780502494018,0.2655030461589627,6.713179835298671e-05
15772,-2.313786055065913,-7.013455041124594,4.512743541800068,0.8837701155716462,194.6575144835535,0.20900073956843013,6.713613995582326e-05
15773,-1.616528430322198,-5.046801977979587,3.9630511963650794,0.5207546394485777,130.3604448024695,0.8730846085590818,6.713728463364068e-05
15774,-1.3812084946574874,-5.587999218333369,4.080800291359808,0.5993359894695345,127.6856083007516,0.007528807547403815,6.713967504447822e-05
15775,-9.800371684179561,-5.521593767191099,5.046684609779452,1.8532218328778964,468.71367047354494,0.24574580408546076,6.713980184115045e-05
15776,-1.4500933899404842,-5.6812974229707125,4.096668649860357,1.1119249464786336,467.99570414059644,0.8581133436832866,6.714623704376112e-05
15777,-0.21197036082849152,-5.164016069747001,4.010417337106844,1.0808936440821324,284.625284221213,1.2828325480024274,6.714704608888863e-05
15778,-0.6158287520554211,-7.680516892470077,0.06265948931366168,0.9364628977083083,180.9028514192053,0.18554976443111304,6.715118009083131e-05
15779,-4.05437757003053,-11.128702111447428,5.155882832521948,1.7806568588775749,468.67039068092987,0.6474444087954456,6.716701786274582e-05
15780,-1.5449533528375863,-12.699652374376226,4.989047058039301,2.9513758358791353,491.5442435230875,1.0576464335054219,6.717510538106788e-05
15781,-0.8632662673198865,-8.620053844846401,5.080323583715856,1.0201680610951092,165.49130022805443,0.17519941100192327,6.717898043797232e-05
15782,-2.2306156442296663,-6.482777544080748,4.281772993259431,1.8356327411471944,444.17213014064004,0.4486446205675092,6.718669295158842e-05
15783,-1.3498419146910372,-6.704721809720485,4.393243991208428,1.4855422418858357,335.32277066012756,1.3121021586029533,6.718725121829337e-05
15784,-1.6456060467193172,-5.039029548833853,3.961153684358595,1.879265538343895,385.1273135422852,1.159454776118518,6.719693838460553e-05
15785,-1.6058220452852723,-11.283556614275993,5.0202143770940895,1.6935973403928286,360.3964796811521,0.9880525420046089,6.719981910607606e-05
15786,-2.7800600087062763,-5.591635498517655,4.308652655729916,0.8643073486730153,247.0181992289848,1.4628602346347135,6.720892365476023e-05
15787,-2.7173369815960244,-6.172649373668125,0.04557377943962199,0.8190950324770522,235.4489695987474,1.5449731457430405,6.721510947391832e-05
15788,-2.2587782017176234,-6.534937008092782,4.324337354039956,2.4248828769898294,431.9231776324887,0.6238974123702254,6.721729382803386e-05
15789,-1.6609390958940722,-12.097065961587905,4.967962677931968,1.1628944364487168,295.2197430502282,0.2169458573943004,6.722270710997585e-05
15790,-1.123060100883368,-6.5468610308124155,0.3099092632741823,1.6519283374592544,361.55835990656783,1.6151694300315862,6.723071814779243e-05
15791,-1.9137524809978892,-5.7208897798465665,0.3493185966794999,0.538285963639021,164.15132530013358,1.0497849127138403,6.723102252524149e-05
15792,-0.27964415961684885,-9.102151547275339,5.13804900366605,1.268760767897694,468.8960737229774,0.7743980767166336,6.724055357902871e-05
15793,-2.4117632863688554,-7.322844747890096,0.13862038259282825,1.813037393732721,468.47675675028114,0.6046261290833259,6.726369565314634e-05
15794,-2.0187900746812186,-9.451626830099178,5.109907311307013,0.6001231795873984,175.3635315936529,0.8617943583158336,6.727251397021828e-05
15795,-2.266369409960464,-10.014729220027352,5.077255285643764,1.1250736687412268,469.94153616045804,0.19669976133336675,6.727529411240953e-05
15796,-2.1649839419501156,-10.511091761918427,5.050138756528749,1.8803008489143467,454.18134592716456,0.10998866960015086,6.727842600005075e-05
15797,-0.7155187622939003,-6.912128411425651,4.466220262394914,3.7161358136196867,434.0646744934867,0.038450488869012034,6.728082450817303e-05
15798,-0.6803406444834792,-6.874301352901665,0.20419747703216948,3.595830347270333,541.9701968669573,1.0534586448762875,6.728496137189945e-05
15799,-1.8168955892125584,-6.478683907338631,4.27839780801171,2.92677224694923,343.4051443274105,0.02439402721244388,6.729396307126418e-05
15800,-5.647301259667674,-11.315990548072598,5.141710210004637,2.484314440419099,456.05200836397654,2.1915611870744796,6.730068584383777e-05
15801,-1.2683855803737227,-8.755312020655264,5.095011459863272,1.6750659353635533,359.81330774487236,0.9263716053541549,6.73103617053384e-05
15802,-0.9361247162813484,-12.202912399420233,4.964618133962869,0.8706144687825349,247.74421020834725,1.0305566652737026,6.731256492545118e-05
15803,-0.33684123144788103,-11.456979397833635,4.984660776149543,0.736226519869084,149.07158171962223,0.228346119722457,6.732500109597862e-05
15804,-2.030543227045082,-9.15937365978913,5.114821382102964,1.4466132998234593,344.9736147921657,0.5222998790543514,6.733261845060611e-05
15805,-1.8867533578339888,-5.198661727217831,0.40035482792150145,0.6352983157528884,176.8767362054864,0.3810903143218356,6.73373772170937e-05
15806,-2.101766561088737,-11.984127103926005,4.990665498319572,0.7155120423886421,407.69333370520184,0.3250843048288843,6.735402710510307e-05
15807,-1.7264067561241774,-12.575258238578277,4.9875809722642765,1.7225784458890865,404.84170125988754,0.2256926993186097,6.73547680842975e-05
15808,-9.058513997650879,-8.515054386590156,3.4432747104193635,1.0331111916581786,230.90387497031878,0.19584851308469808,6.735912236756693e-05
15809,-1.715396808482506,-7.24651062948771,0.11179271396310939,0.6866065859310936,175.32151371355374,0.6357506694226887,6.736084707498576e-05
15810,-0.15939416617856494,-12.695763554307103,4.955787836211018,0.9911696342013722,468.9193739996978,0.6405289946950132,6.739734927224476e-05
15811,-2.3051766921574455,-11.224947431884766,5.0785288166934714,1.0110551791392086,467.8507698488013,0.6345919029617146,6.740947098147957e-05
15812,-5.44306477710819,-12.872100533814947,4.942085423924269,5.9211502500540645,625.5987224292568,0.2150844186048877,6.742805740746078e-05
15813,-0.5912963731050187,-8.153986843147706,4.9905291808303,1.8402180258037704,468.59163627177844,0.2545407769020738,6.74380502983281e-05
15814,-0.8510103753485669,-8.78056759749032,5.0954657226323485,1.253584808525667,271.5453322391552,0.24454254233286132,6.746892057578146e-05
15815,-0.4152765083728376,-11.30692572895607,4.999364223691056,0.8644467390498772,450.5994434962825,0.7411994685196381,6.748261414349183e-05
15816,-0.6937018444400742,-8.45965018789549,5.063679578951106,3.1713370244889396,193.9928586974887,0.38126460931805095,6.748390139797898e-05
15817,-0.17235487204733602,-7.135812545593035,4.554246380404525,1.5012989165091994,468.32408065728055,0.5075003269905283,6.748562562133743e-05
15818,-1.5589840672654933,-11.006962158558128,5.023136934650931,1.2168846880335946,296.7464587378678,0.29596980640935744,6.749203099824093e-05
15819,-1.918335296656366,-5.141223019118345,4.007282616183123,1.2198705065178974,303.8562679508879,1.1372891716421867,6.749933892450252e-05
15820,-0.7526637105416842,-8.22593142434142,5.019452022391148,1.470806001067421,336.47235621177714,0.824941331015915,6.752501644221542e-05
15821,-7.187987396890744,-12.40489243274596,4.431590761506367,0.8914311967673804,238.46900907099325,0.6397552861907219,6.753640077137633e-05
15822,-0.7011109962185245,-9.491005801366528,5.104931567288845,1.5106694834159793,468.6422755757693,0.5286921829255817,6.753846095083161e-05
15823,-2.904107000283597,-5.207009796859345,4.474307320841737,2.5881828237429754,465.6091471923601,2.169964011710963,6.75457126982405e-05
15824,-7.904221365075998,-12.684057631535415,3.2037892867754887,3.117140918685369,495.2567391186264,0.5819897805099767,6.754761033185043e-05
15825,-0.3029130969630742,-10.964840522396226,5.041972635063642,1.8253803872717433,434.16161264660695,0.6084570916573133,6.754829311879543e-05
15826,-0.6897398468021088,-12.235914167865207,4.960154645449221,0.5264862851521326,121.88598844125985,0.8761538802716062,6.760194287645095e-05
15827,-0.5809826227135044,-12.062106751516005,4.9887556759485605,1.8840010744002706,453.3504036516614,0.2739556865429442,6.760225764574814e-05
15828,-4.255388225166272,-5.034535886326641,4.996300473762875,0.8899040677847965,468.12638844166054,0.14141102783401838,6.760422868722157e-05
15829,-2.3741021960933892,-6.92840889642136,0.21019996799020352,1.040194344007956,239.35531185720902,0.06855465336002986,6.762403458277843e-05
15830,-1.0303485974736795,-6.580922072547183,0.27901825500307426,1.6998268348517398,399.4855893190247,0.2290312938748622,6.765346270490114e-05
15831,-0.062041437733821425,-7.216308080859287,0.1727642220873634,1.07647705274011,282.02620491477006,0.6985056264297436,6.766142611883045e-05
15832,-0.7553972866659713,-5.7827146476194375,0.3582333962485301,5.0471256181388195,236.55670931976528,0.3774128760870008,6.766451741586025e-05
15833,-1.6647564986636638,-7.219068865434556,4.597832224691715,1.1056226505636886,285.5393156928739,0.8814697324529517,6.766935315833303e-05
15834,-4.115155281298147,-12.845602793773761,4.9132720428763745,2.5061070235402125,456.13859518213957,1.6638863576542846,6.767770054394391e-05
15835,-0.647650751031847,-5.847584709496288,0.36923280762967015,0.733827697072025,216.62219081729674,1.0472589727242863,6.767875324101782e-05
15836,-0.4574257588275952,-7.432198274283831,0.11391054412931974,1.1470171669415996,294.2214200569901,0.8421558970115024,6.768279721672782e-05
15837,-0.7882123466010178,-12.024320697446795,4.96329476875644,1.3197739400131372,323.8926148505428,0.44143630892800356,6.769608893395185e-05
15838,-0.7207303814332597,-11.992500202618459,4.9639513967687865,1.6079181860645935,468.46565441681344,0.7997856550543956,6.770185291170365e-05
15839,-1.3467649893655054,-11.204950931236716,5.000673957596747,1.1548259531869185,452.9292159471863,0.36643754016240226,6.770932773387874e-05
15840,-2.7729147097540396,-5.094865603032317,3.947530233077602,1.1124788380083392,139.0308498308891,0.36112470595034374,6.770935134174629e-05
15841,-1.0943783633981958,-8.350881927498381,5.017650864631987,1.893907917098833,457.14131634783274,0.2818630755708451,6.771183637553415e-05
15842,-0.9516838536841625,-8.896657887971303,5.101427989968535,1.4565755801346185,468.665179893137,0.9049969462625915,6.772435797939484e-05
15843,-8.106920634489096,-12.764813122293313,2.227156807121731,1.799471169197323,426.26902944819284,0.11874499465162991,6.772668645256766e-05
15844,-2.188383597349687,-6.87976339852499,4.444536541473648,1.8646018937929751,447.2520447439565,0.45475138159176787,6.77354900611388e-05
15845,-1.0012387687143853,-11.544044048916064,4.975655418694663,1.2758629876027276,314.4688561374083,0.6432188798185248,6.777991468905737e-05
15846,-1.8702733986125217,-9.053007223393267,5.10757537436996,3.5747039806812784,534.8796092995055,0.6885878106184329,6.778449491315714e-05
15847,-1.233082866567349,-5.610733576499595,0.3694164079225451,2.2158040547675304,350.6003098829337,0.11489793236407753,6.778494588472988e-05
15848,-4.979096722312617,-12.069726401937812,4.995197430936647,2.58389725784521,464.5089557425198,1.908967791808621,6.779386764016558e-05
15849,-0.24074227268973303,-7.752086873403557,4.818118436189145,2.200889649005389,422.1729553447579,1.2579230141608688,6.780051717233243e-05
15850,-0.5691413000086971,-6.059937959222651,0.3155852958154678,2.5651342096848384,464.47160169384915,2.582084749571848,6.780183140576893e-05
15851,-0.32924230400140253,-5.686081225516507,4.0846211433796045,1.7928848424274748,468.6622500038232,0.8721726512443899,6.780209193943892e-05
15852,-0.09877981105723954,-9.845025511056065,5.07307378478917,1.1039656478262336,468.650595160442,0.32561073597780243,6.780838312336645e-05
15853,-2.867465150479199,-5.659624080036409,4.729328354979816,0.8842230699301776,468.02948884138226,0.146004624774144,6.781223089812581e-05
15854,-8.524506077780838,-8.893530227516509,4.102960771537916,1.481951510495435,468.07339712239235,0.29705470887950103,6.78156962135967e-05
15855,-1.5089567077457282,-5.396542381514723,0.3750735303373707,1.090270674915537,467.5956124831011,0.21204587114153473,6.781814010272243e-05
15856,-7.313846616601431,-11.908029106292084,4.343636254829934,3.0535414334514597,504.50412628761285,1.707800815889482,6.784011449349883e-05
15857,-0.4861105724107091,-6.624089360646702,0.2859598248831275,0.8068391891919544,469.73613968730456,0.11330597207960924,6.784016065850165e-05
15858,-7.999352117616558,-10.472673184464114,3.5957114481292667,0.9383162199306931,468.35538062378095,0.6002719854016956,6.785069062478675e-05
15859,-2.0285953086688915,-8.006256781714562,4.911569834317069,1.8026283698358068,430.703496374756,0.8954308443933501,6.785324702765798e-05
15860,-1.582838463411953,-5.723690131711366,0.3576537987593312,0.880271947364668,469.853241470765,0.18917591453380744,6.785902509979838e-05
15861,-1.8854786549936247,-9.056593333616087,5.106696420862942,0.8059436484001999,468.2109410158288,0.015254606466721832,6.786240080081731e-05
15862,-8.13307888024588,-9.359261517693321,4.307917966505341,1.3974841293470595,314.9948451005479,0.49611352565824873,6.787575772602239e-05
15863,-0.5333567042997647,-5.402940533558346,0.3765608907650921,2.061842585027323,411.5547044706512,1.7530759819221728,6.790442676373567e-05
15864,-2.111678233578904,-5.59863641959019,0.37380135692507843,0.5849067938539924,126.96399272985305,0.4352398045294663,6.79057769651303e-05
15865,-0.3536641112309198,-10.458390694300853,5.056693816023225,1.3926059371382713,304.7602196679365,0.10749934404962502,6.791394278443163e-05
15866,-4.872304207662376,-11.193444237189908,5.15357430322593,4.483636776883554,293.39453106052423,0.2657904813158245,6.791797180178394e-05
15867,-9.708118825802677,-5.679086209163461,1.4215140916772222,2.5245203948809656,460.12196725214267,2.2668165276850525,6.791949950297231e-05
15868,-0.04623074867638266,-8.926377148498936,5.100702561812575,1.2834853495751302,300.8350778003753,0.25358368573121126,6.792199439923253e-05
15869,-0.7169577469480846,-7.085026410850412,4.531128818431064,1.316938939658664,467.8653752531341,0.1317629178379809,6.793213185512103e-05
15870,-0.9187052517729217,-5.657212638219005,4.076872272137857,3.947511295193839,551.7658437350477,0.36856263999489425,6.793573408515569e-05
15871,-0.14196541917413086,-11.317046890818805,4.981952555247208,0.6672887224349453,156.37515159144505,0.19219526642324425,6.794150309095597e-05
15872,-2.391346624976002,-6.05607685146137,0.3144144790643461,0.8709511795746693,467.625114270667,0.19726501646558514,6.794150476432561e-05
15873,-2.2844243153567145,-5.124069934156727,3.9528207686540835,1.8703790541405059,450.29803955711174,0.20004487935081894,6.795344055256464e-05
15874,-1.0786895131668413,-12.877503400861677,4.946218946630261,1.114334533611539,286.9614162887645,1.35666276542978,6.795764007404142e-05
15875,-1.0525030752951654,-6.086815952654445,4.167518027293294,0.8954121821555661,466.67241942442007,0.16638214572181909,6.796151617844257e-05
15876,-5.350471679276659,-12.641651620534292,4.951318217699777,0.6715286627383517,467.0926167655539,0.45254040114625127,6.796422156050653e-05
15877,-8.672335575125766,-8.794515305562577,3.912591202346157,3.5898294449220125,533.5419679001193,0.6013753292128969,6.797192975627412e-05
15878,-0.6011780840939593,-12.43358954221034,4.951808794028927,1.274064273019322,247.00076448067344,0.009282777337460857,6.797277889865481e-05
15879,-1.5417824763420445,-7.654822442376548,4.774070057231669,1.471687696730531,251.43698876648324,0.42879904388855206,6.797717410496549e-05
15880,-0.806099340706325,-12.021252226234967,4.987053961160366,2.673850787820607,471.1099369448912,1.5479226734946687,6.79785119957992e-05
15881,-2.0296910220644353,-11.060270162589587,5.031556519957931,1.0423783907810233,261.94457805953215,0.15156853139508542,6.799330703018286e-05
15882,-7.060754451896227,-10.884702546938112,4.8329719609959785,1.1571571481897578,256.84155335099854,0.3430059136784971,6.802353943417837e-05
15883,-1.6067705038210534,-11.937995453399127,4.961020390649272,1.7420069296991574,373.8838176426865,1.362004805567647,6.802403947699078e-05
15884,-1.9350988578145607,-9.22972694330363,5.106043943501692,1.7862734768349249,423.6644282564046,0.07074854589426227,6.802443892272774e-05
15885,-0.8025490828019013,-7.528130458305797,0.09370232244722447,1.2383741509824222,310.1623366222281,0.6041027414433016,6.803497178920101e-05
15886,-2.9484079340603655,-5.818136263230899,0.14949430779297648,1.603449824929934,379.0826858006543,0.3086401814930033,6.80587006288828e-05
15887,-1.1615519552940015,-9.725992253779586,5.086047405687178,1.0850640928902935,228.3831385832943,0.5839202980487572,6.806092366512934e-05
15888,-9.938628242049626,-7.78742730474511,2.709434432067696,1.20017542909585,220.53087612560617,0.06555210625429542,6.806441068371328e-05
15889,-1.8916604463333684,-7.4166395676979855,0.12690348073158703,1.254760570292048,470.20125592981367,0.19428993041601483,6.807955942204391e-05
15890,-2.306752942843274,-5.226066582020187,3.994909290531344,1.1347600342154873,202.51221298945222,0.3389920299723901,6.808187188578285e-05
15891,-0.542121368298428,-5.786039485033241,0.35200477032609956,1.5573312888045414,468.75033474784567,0.22269344681657177,6.809115301948641e-05
15892,-0.34138459048864966,-8.107093817293649,4.942441768449012,1.0586538792539693,468.06753266014204,0.7123039072834993,6.80918754163013e-05
15893,-7.993053010838152,-11.671334840806228,0.4826902291110981,1.0209178217348027,205.58972258990292,1.0762276870685765,6.809974715897797e-05
15894,-0.5871872892849854,-9.123098398247453,5.1046269782658245,0.8523764743016394,467.67943143088416,0.4523412370451698,6.812503416661075e-05
15895,-1.0336708862744217,-7.930970348050543,4.88415311133461,1.157763074117148,278.64195032593346,0.40815172962219215,6.812515127076088e-05
15896,-0.2878492021303014,-11.196807459198578,4.984592017867317,1.7409174358876587,413.7202703983257,0.837195700444826,6.812841247160201e-05
15897,-1.7236570742248674,-10.930242130578721,5.036096811184206,1.08784791594302,283.88312394340966,1.5059142009225441,6.814150761695021e-05
15898,-2.4917339310713302,-5.144825586590066,3.9514810045615105,0.79210519152986,470.4898013062196,0.2243208169941866,6.814355563665304e-05
15899,-1.0144844519137024,-11.003502461645597,5.032208887870286,2.297829448949738,414.9006499843655,0.5506275162109411,6.816097907356865e-05
15900,-5.13937130469578,-11.501536352396112,5.088178467655196,1.538219404562691,468.7383676612237,0.541356206497027,6.81621439832457e-05
15901,-4.169137480498425,-11.81356866371555,5.006133113922302,1.0335453269963193,468.8405651560996,0.6428037185315167,6.816443020301311e-05
15902,-0.3426991346263346,-9.702017666289821,5.086190072148593,3.1292127148472995,504.0197157625451,0.8693754329704158,6.816477742728316e-05
15903,-9.654925472282295,-6.141129844394638,1.3705028428615609,0.8271640017904998,171.16795201190442,0.18987786200269685,6.818854940881065e-05
15904,-1.491449193657166,-9.221378302594509,5.103824104823362,1.118091699142049,293.99892967240356,0.41892647685212925,6.820661575772125e-05
15905,-0.6420879437688303,-10.820103195633948,5.0409392319577035,1.3370680988064305,319.71533029171667,0.2767974713059349,6.821174503612753e-05
15906,-2.1204772939447327,-7.580769199469519,0.08881084438261702,1.682484556647683,394.42862784564124,0.3300130674028203,6.821302269369613e-05
15907,-9.983470555701699,-5.743172033037265,4.829087277341586,1.1799963653983008,299.7566871420612,0.8398775823066389,6.822721394004634e-05
15908,-0.7265889708934345,-10.327209095745308,5.050427800756827,1.9006952539685609,384.1544292463707,0.8209158659506253,6.824350189145785e-05
15909,-9.495256283779337,-8.065592234839215,3.4311230996242403,0.8168304651936025,469.904014645315,0.06738084352889917,6.824498666377395e-05
15910,-0.18440714467422126,-8.598435906931687,5.0665989628745605,1.3806282322946966,468.73763963865514,0.048194319632847815,6.826441198285906e-05
15911,-2.1163731736683014,-5.713484508941565,0.37201482003618347,0.9860444814115705,197.35140506329964,0.8788526457058898,6.826676383404566e-05
15912,-6.07591790235476,-11.999419113564056,4.99839781339512,4.428147792799111,592.1852253308342,0.7178700378667164,6.827781131566897e-05
15913,-0.2792132782068819,-8.2189876317644,4.9739470695403964,1.2571664801849995,302.14074931739395,1.3532877576288103,6.828193493948727e-05
15914,-0.5707019328815495,-11.265219838642466,4.979617736752541,1.001871542192826,273.95733461857935,1.2342611756140203,6.828593312414875e-05
15915,-1.3780624059959283,-5.329830514025602,4.006596693185972,1.1815069577143535,303.4865402761042,0.09354344139048454,6.828792510376682e-05
15916,-1.6566590699442187,-5.978291685930578,0.34610594419972535,1.1155898396255126,468.07573774317495,0.7168913698895159,6.829164658857648e-05
15917,-9.872287636924012,-6.203272906208276,4.957562519513094,0.9479162313250161,264.5094272334685,0.7420435435012118,6.829822646081867e-05
15918,-1.0529835526729716,-10.820247670115354,5.027950658675656,0.5379825229269661,143.93948278782946,0.3202961211645894,6.829917684329465e-05
15919,-1.8378698081737177,-6.598773070992104,4.302420407024484,0.8696793465395539,468.48496384710046,0.7510979955002872,6.829919909382669e-05
15920,-4.1122811311670535,-5.1775286440439965,0.005062739467830533,0.6842032642793751,138.50423473471486,0.2703654869121177,6.830624837368323e-05
15921,-2.2525542263087397,-10.733445534212658,5.041387943584804,1.9441260448797861,391.53459583540194,0.7282237728622638,6.830904419129328e-05
15922,-9.448804726090673,-7.917287761401804,3.930426067175482,1.097732992547755,283.94000883349855,1.4463654382579119,6.830969793871153e-05
15923,-7.861681636745111,-9.508909503331875,4.656094538927306,1.2973816228169033,314.64331866571285,1.5762751997048197,6.831527983139854e-05
15924,-1.5584806973659457,-6.827969491341073,0.2260332667460621,1.5233044875787227,468.1849302156065,0.5807528417620436,6.831874841124311e-05
15925,-4.442312932978457,-5.041012584555013,5.112430494380502,0.9540161062566136,201.2776608967802,0.644423631505453,6.831931557015861e-05
15926,-1.910482926170351,-5.832478774169938,0.35896544353622956,1.168190408662016,285.9960673547271,1.203416499401694,6.832508082138085e-05
15927,-1.7899419915822339,-7.179045692297886,4.576846549645149,1.0703072926962425,273.9466237184838,1.2532706383776508,6.83354354120813e-05
15928,-6.061067565107809,-12.116014317559658,4.985511069566366,0.87093634066436,468.0231648079478,0.0279045927550694,6.833778623734134e-05
15929,-8.225521518315649,-10.861074508855042,2.4422564748807356,1.438423843831103,328.6216542476285,0.7121186429688677,6.834409876106486e-05
15930,-2.0020020061471486,-7.775781380678306,4.819970600235225,1.0394748033776475,222.5993374840022,0.7841778423625945,6.834452437045402e-05
15931,-1.1377942869542697,-6.065804566066366,0.35024969269171874,1.123739659191999,324.3302362751447,0.6330242904209555,6.834618679042467e-05
15932,-1.3259647563969406,-5.684394710730674,4.073591354060239,1.106379786787902,274.18054646314584,1.3786028455492465,6.834853883765797e-05
15933,-0.94383206052939,-11.856998463391188,4.958697561024597,1.1436832838809248,296.565444019186,1.216880137743929,6.835861686121872e-05
15934,-0.1915435163987329,-6.606002405489619,0.307064554947837,1.3903483718665606,468.71589179431237,0.6460180383341028,6.836039133713495e-05
15935,-0.2729675896631747,-7.461744063752983,0.1190116464363311,0.6740976498874441,141.34101889741152,0.3581578348253993,6.836925153814748e-05
15936,-1.0193820234774833,-11.117863431806681,5.00156317335633,1.7890840108138097,369.9782728902146,0.41919056717072944,6.83813748874394e-05
15937,-1.1743731143939566,-7.800275735086668,4.829388486056927,1.8007410335602438,376.6754068237375,0.3702788559971193,6.838617976125897e-05
15938,-2.284113286055508,-6.520329332195045,0.24449398422851465,0.6959059945807757,183.278512136142,0.6945683721612914,6.83935550197766e-05
15939,-1.8267903176323106,-5.057671037012871,3.9353328875518843,1.1911852448415532,283.13034233366693,0.5290378244842655,6.8395824283088e-05
15940,-2.1109836778272033,-5.5227327822753205,0.3899672350658345,0.4791075204085022,133.39965859236312,0.6434461224925254,6.840721491535389e-05
15941,-1.3269354841376444,-6.9873057684774125,0.2030189003625615,0.9957055594692478,468.1244320668203,0.620463633922788,6.84356932086592e-05
15942,-9.449911586243973,-6.169233681235119,0.9161914251863307,1.7034438477644323,402.19547529410227,0.4923464413308203,6.844108148622242e-05
15943,-9.149999487495247,-7.969538676993925,4.423213369685437,0.894608798469216,467.80174049026385,0.45121260660537654,6.845467608849453e-05
15944,-0.914700804972604,-7.08458995485832,4.522151022284659,1.8246470526338932,436.4810658562034,0.2519732269362329,6.845765416716941e-05
15945,-2.10996439874084,-12.343838312733858,4.946923677989926,0.5481269342735444,124.1468986450092,0.35362021943151056,6.84579471727948e-05
15946,-1.6765021991042381,-6.569126650991704,4.314404075628073,1.7693913700869883,419.3549565745145,0.4981546896333269,6.846767744095143e-05
15947,-1.5640501522759873,-12.760183592548378,4.940735281662948,2.612373431379408,453.17327695948694,0.6703274674606226,6.846859201824402e-05
15948,-2.334872779394056,-6.362705458029979,4.318886310272092,0.8934035047834893,206.8504023091084,0.2636330713336257,6.847131881465817e-05
15949,-0.5270506471108725,-10.900245589718976,5.020920750040005,11.572017741882647,545.4751492707394,0.07827275020688251,6.848477620942448e-05
15950,-2.3021118145642863,-5.923694938610861,0.3411084399243612,1.0635607555244808,217.6933644423143,0.04997574924279036,6.848901288260766e-05
15951,-0.8115196717971802,-7.7541694547353135,4.808799394446178,0.862358235067501,230.90087281665532,1.3369878623915978,6.849387217895456e-05
15952,-3.373283474693557,-12.51571803662583,4.924313255248005,0.886862912171267,217.45295121398317,1.0452018531453016,6.849447834109323e-05
15953,-9.930123992963953,-5.969674557188272,1.616552961544461,2.759496519913651,466.9979417037523,0.6692508521152432,6.849995341567709e-05
15954,-1.648439507903488,-11.327021745411132,4.974169610161776,1.8601936475457375,467.0266245735994,0.17017142506064697,6.851159971713208e-05
15955,-2.0579320326068293,-10.195652104127403,5.057567246323159,3.619549356734324,487.6173483227982,0.13134494941004693,6.851198913502631e-05
15956,-1.404645322132735,-11.262810125374148,4.976644352207957,1.6131837082305969,432.3179094674715,0.45703444015376427,6.852398542163007e-05
15957,-2.24656150113994,-5.0899022259975375,3.9378280143051048,0.971744600957248,259.94737874679294,1.6596785774616194,6.85255845515426e-05
15958,-0.02011482189538505,-11.210083626463973,4.978845667243544,1.2210506540138648,302.5919279960212,0.6525180573813314,6.852855638338518e-05
15959,-7.436116997989855,-12.86650269666597,4.095668033835716,1.6686306595144464,467.7592888984984,0.4706592242319889,6.853577667720529e-05
15960,-9.503231636978784,-6.596812694359803,1.1439580923738437,1.213570866342095,467.1253210325141,0.25634256752418416,6.85363580282876e-05
15961,-0.42889232587711135,-12.978217850033248,4.9372124326613935,1.8600374197861593,468.04826296066796,0.16794294767648132,6.855862878281056e-05
15962,-0.38664175635990716,-7.204898209075438,4.557921316364677,1.2823109693259367,284.168250840685,0.9837089948539477,6.856941980548147e-05
15963,-1.4572353453921547,-8.337875827130066,5.0329744255056035,4.6333046968490885,402.4428373056121,0.08020480610994607,6.857524913858006e-05
15964,-2.2574153387898193,-9.952095376381898,5.063563719088132,6.433281298042058,662.2681646805581,0.24560068571417837,6.857661215228636e-05
15965,-2.306287705874186,-12.422521801358313,5.0739354953015505,1.6532731657147142,455.1856246236589,0.7314342162339633,6.857855588863102e-05
15966,-9.69690342750142,-5.284477466307332,1.406837238860177,0.8620129914622917,421.9832190478671,0.7673956851824926,6.860652238372517e-05
15967,-2.4561840932129444,-6.022917621334472,0.3477387120320311,2.9573261873633743,492.3559634674357,1.0763624988065716,6.861093704469938e-05
15968,-0.3596869574072521,-5.645614745061603,4.025386791014417,1.109244790815507,468.0914834272355,0.7258609864525409,6.861169475055968e-05
15969,-0.42450385102776167,-5.585234902516659,4.051234709331532,0.7721759037610119,220.3098632945432,0.8418388249608304,6.861229096841532e-05
15970,-1.8527888266819659,-10.808917071909741,5.036306554718333,1.1052226649596744,466.97546888458237,0.6188005593284265,6.862100240438784e-05
15971,-0.6404930837768656,-5.9220051145378,0.33336342489757725,9.28260992255296,507.5703919279702,0.09140778497284341,6.864119723283398e-05
15972,-0.4956062170754443,-6.674956915300848,0.29042680402613563,1.04681797702815,255.58209763747874,0.8894858483530088,6.864273221546309e-05
15973,-1.2853166451091287,-8.888104263254668,5.089352337899688,1.6833233771322815,395.98744305305945,0.562376585979063,6.864323933912899e-05
15974,-0.5985060645366644,-9.566124668765951,5.087690284160328,1.2833285018167628,468.337025147334,0.10583138385237323,6.864470890779382e-05
15975,-1.187457075703195,-11.236575782054057,4.9761533453821745,1.1617434671538056,236.66200802294514,0.9997977894136723,6.864857672271002e-05
15976,-2.15813339942748,-12.902403180087635,4.936746766651015,1.0986780933260263,467.07392837238734,0.06068323940960685,6.865615988503363e-05
15977,-8.15699470730617,-11.684537232377373,1.7484407340169883,1.7090537817395666,404.132051270303,0.8357724569013465,6.865983020902603e-05
15978,-0.3675014811415451,-7.587784424921712,4.732129878624671,1.037800292346499,273.7928840438119,1.0602313325303294,6.866034241546437e-05
15979,-2.3776435416644537,-5.162843667032841,3.942666469960019,2.565976356250034,460.45222950688316,1.3559019423247198,6.866092141623243e-05
15980,-2.1268606229522566,-9.316501227291395,5.096775088842339,1.1193612386458431,231.59662997823622,0.24158764994935833,6.867018520607937e-05
15981,-1.2264797865729342,-5.691170161018709,0.40550945345706857,0.8537642525898852,468.21534312440133,0.04502104865467427,6.867322388512418e-05
15982,-2.10933939084203,-6.389201570007959,4.203874915052985,1.7554603773217108,468.58664323996044,0.2555071473512234,6.868620417881996e-05
15983,-0.2711781545923113,-5.14043279702761,3.93940943034467,1.1191903793678635,270.9768496869722,0.9533174996298097,6.868672049063898e-05
15984,-3.712848998511178,-5.307829587028205,5.134432901351379,1.1922083228340015,245.0976088230102,0.9963908091146854,6.870191476358142e-05
15985,-2.357239110214657,-8.014218106880957,4.978425784785597,4.61486763222065,587.8505349269233,0.2588070656737287,6.870650972339819e-05
15986,-2.4650318509232143,-6.808160489579189,4.444874189026968,1.2272615770847717,463.2658285152442,0.12376914096649916,6.87270619610153e-05
15987,-1.074241931753571,-11.365480510829181,4.969832755833434,1.6444440419897535,358.92995736812753,0.328406797525969,6.872898409078188e-05
15988,-1.0713215905458267,-11.013844782510482,5.002038511523257,1.0291474534180902,209.58990637228828,0.8800410411593456,6.873110872566878e-05
15989,-0.7007618452254771,-5.850592129874254,0.4168508084933143,1.1804928309763107,375.99514123588136,0.2873630155167417,6.874649718514038e-05
15990,-8.44866260733259,-9.548857331869613,3.207063757961375,0.9616305557184087,469.48414535227715,0.06166631978133452,6.875616399201046e-05
15991,-0.27300219983979623,-11.500713221514857,4.9643896285009665,1.6491112644568149,384.04568449034844,0.9391474637597534,6.876129355522593e-05
15992,-0.4453117735955985,-9.412105785320577,5.0928475504801645,1.1339168626634124,466.26032987183464,0.09625974857026787,6.876393933121435e-05
15993,-7.546160259821818,-12.183482994546635,3.985539947905607,1.2927932307093213,313.3732865231762,0.9907747501528936,6.879677435926787e-05
15994,-4.682470602205946,-11.390077308414323,5.09698433380808,1.1136850140819545,287.1506288171494,0.5899725679727768,6.880135893744004e-05
15995,-0.02784697450344531,-8.382959822214072,5.013615933769779,1.5441278026396517,351.2421429585374,0.09898034593789973,6.881116866225121e-05
15996,-0.7653644106562645,-5.84523463432879,0.3324753247979019,1.3475094114976145,323.4105854910953,0.3247884425251977,6.881935581202246e-05
15997,-0.7320235752060498,-9.418656056998708,5.091779095515825,1.726296158492029,407.25686074657335,0.17571786507009346,6.883219783247463e-05
15998,-0.02652152585043943,-6.763346917856716,4.3869921408056705,1.2351986536463033,287.6985154177548,0.45483345853591395,6.883428509734861e-05
15999,-0.6729268424427648,-9.094004432199444,5.095347425383699,1.7041992778093136,468.2160162599132,0.008258650458361494,6.884047078333519e-05
16000,-0.750970513202132,-8.348065033837567,5.031866295098026,1.7969618583683664,428.10030466302237,0.2666513112545825,6.88467109351755e-05
16001,-0.3802175665094314,-5.153380330025959,3.9357928140699303,0.9656438670492582,257.7195694806528,0.19941813048283663,6.884780994934265e-05
16002,-0.8538202238411223,-11.64483814379216,4.95841819209762,0.7047909748716349,467.6200961029206,0.40878164638366865,6.885103960572759e-05
16003,-8.990825555595197,-8.77253166765674,1.7052383754125975,1.1078225689691303,261.6889689287134,0.10527189860217323,6.885819611019228e-05
16004,-0.07090075450865285,-5.622613573789422,4.052673674879608,1.1529938072806452,295.14776832063586,0.901572715412482,6.886024484588166e-05
16005,-7.9480333545819555,-10.145762567587205,3.9288559773237695,1.9032162380638644,459.608920206489,0.6363354082146921,6.887095186106647e-05
16006,-0.5004913491442924,-5.9422460533259285,0.3385358684018958,1.877059320512052,450.32089893263503,0.5904449269861685,6.887149372176855e-05
16007,-1.1273452324652666,-5.637915065897051,0.37034192455738846,1.0112328378722595,199.81933719623945,0.8757488568453473,6.88734016950601e-05
16008,-0.5399354472232627,-6.95163345291333,4.455943088380797,1.4661900892752566,468.6921757277121,0.9050939518921446,6.887461379069419e-05
16009,-0.46787722713457747,-9.093980421992399,5.09484637543839,0.8739808050797637,247.2563573053368,1.0407513005494256,6.88810618896076e-05
16010,-1.9028355399874215,-7.944035980038322,0.010281365652600134,0.6358342801816125,200.1776964534679,0.37006141166670936,6.888507414337457e-05
16011,-5.028494746782308,-12.311289500696773,4.966020898903227,1.3749445756413967,300.33780243594606,0.09134508436632416,6.889369378256419e-05
16012,-0.43772656529657716,-5.861163245061331,0.3745189940737812,0.6427322523608364,198.69773861769121,0.47117642838594787,6.889956983525097e-05
16013,-1.8552369934814799,-10.597207994649196,5.011360706679672,1.1427579275178121,295.0616305367696,0.6776690482239944,6.890139048970787e-05
16014,-1.8260142303700224,-12.106952161684866,4.945603455719751,1.3716843309336724,298.1572033587235,0.5601857557008953,6.890334548900134e-05
16015,-0.013416275395213617,-6.039263604540103,4.137185945527279,0.7515280140096016,137.55646693519125,0.14955612451621914,6.891195264087086e-05
16016,-0.9310769353064714,-6.118541157902149,4.157762431680643,13.280446073902535,813.8578575070117,0.2653614148669883,6.89151587195708e-05
16017,-6.247747470754897,-12.431443556662332,4.927806616731592,1.7094779618166474,400.327275445066,0.1872806372696374,6.893087724267114e-05
16018,-1.716775228422767,-5.175465588205323,3.938178897994501,1.1051036176325981,468.0027635286762,0.8570758938199345,6.895167513690975e-05
16019,-3.727256452437836,-12.713118054404047,4.909928226609476,1.838520594206907,468.07467628714255,0.7164528754659205,6.895709031452281e-05
16020,-1.1232617547873893,-5.6144739310731655,0.4143130518496511,0.7489314075368718,207.69063926140183,1.130690350291104,6.896090957476589e-05
16021,-0.4550742151873557,-6.832691555383783,0.2577812433579533,0.9550335335702865,199.34138944489771,0.3673326262470802,6.896221495890066e-05
16022,-0.8301542396996382,-9.507410155036949,5.086549653389863,1.2110332728237725,467.31407100190404,0.27967339219457,6.896582798520335e-05
16023,-2.572312290527666,-5.986565295733769,0.37773148869326234,1.5396244384992048,362.0990805265752,0.4110196568980973,6.897011279624421e-05
16024,-2.0142450909565754,-5.678339568274793,0.4127291150035291,1.1264333545448837,467.84488712888185,0.1440607426793763,6.89770288854406e-05
16025,-1.159274557071944,-5.7652673618612935,0.3536387078433504,0.9486275138437321,184.24332926101442,0.24055660309481297,6.897912207758111e-05
16026,-1.3463569022670576,-11.132282700119132,4.99626194107334,1.8147047436998966,431.20656289891554,0.5381302640817696,6.898819132415208e-05
16027,-1.6317717255745947,-7.590250856183248,4.755412812955939,1.712234444063812,468.163313206393,0.3175552304340794,6.898847125548388e-05
16028,-0.8769343382351185,-5.844248087011996,0.4126275342192492,1.111126887803784,287.13495252555,1.4540029808910564,6.899419834543935e-05
16029,-9.379647730981036,-7.58537784168598,1.2158287540702577,1.0080981471178958,262.15510075836613,1.529868826022036,6.899813705418432e-05
16030,-0.5816346612003596,-9.381868969640292,5.09085664825524,0.7402434727502366,177.96088879771816,1.1719163634112384,6.900673517839366e-05
16031,-1.597308371948678,-5.915940123425427,4.106664620101224,0.8387368903744034,166.86277791360712,0.8197707420696636,6.90132560001449e-05
16032,-1.831516132616951,-11.928446450431274,4.94827656542061,1.088929726313917,467.34940655840535,0.2619930805261621,6.901570783186765e-05
16033,-0.45531468081249216,-6.577005355626312,4.2816594196436,2.040213985236116,408.88351007602245,1.8501969137594534,6.901832017163196e-05
16034,-8.04876984285937,-11.332207107348495,3.0142953965363404,1.1653190952110215,301.22488863034346,0.39502550571596284,6.901837005381789e-05
16035,-0.25805072282622454,-12.735369761087602,4.933748392875723,1.7982175617932856,426.05780467024823,0.5536444435456245,6.901963792794274e-05
16036,-7.346852619629788,-10.864592931570092,4.539031593742824,1.7681047565148433,468.47043864816953,0.40102378330072685,6.902656132926536e-05
16037,-2.6734217462217904,-6.031159099981939,4.356164698771027,1.5142574448394708,468.05699465982406,0.2734394653421246,6.902969924371095e-05
16038,-7.894817493990093,-12.344175192100458,3.2568759494518185,0.8536489380886055,192.16030556031885,0.3721212280455086,6.904339539064012e-05
16039,-2.2921643409523487,-5.523402688794206,4.015942112535543,0.8434820844659396,467.97477097017776,0.27625708290188644,6.904644522944519e-05
16040,-0.8587087163415834,-11.203509568434349,4.972440048785623,0.8169571014612427,162.79085778292824,0.0023933551675812126,6.904962813531459e-05
16041,-0.7226421703312376,-8.409511858676673,5.016505595376226,1.6630272517787048,390.3166403088522,0.5272244514480997,6.905117739521386e-05
16042,-1.9612379377106475,-12.229680213452568,4.941138361060469,0.8269203228373084,190.6732078365075,0.2691097430688254,6.905411990709477e-05
16043,-1.8511993543602756,-6.3857376106675,4.233562541243283,1.8461877356325278,468.8144275220453,0.10978825751909405,6.907490007839515e-05
16044,-0.7688028034945837,-7.958902564127653,4.8810255689025315,1.821085649608057,240.47167333266574,0.42888566124580496,6.907719861425554e-05
16045,-0.1771457124777438,-5.568116986870811,0.3909157955485183,1.2107876082442939,467.7916230846774,0.1572800296636636,6.908073866789533e-05
16046,-9.790059695647289,-6.507030524289351,4.999526464123802,0.9996795358779591,212.24172115577653,0.9791868976333378,6.908111429861381e-05
16047,-9.905555315660864,-6.839649601393826,4.695831843629809,1.5491238372106082,358.8344757726646,0.727511278829355,6.909847284517242e-05
16048,-4.650558374794329,-11.280313357363468,5.120636781974428,3.2552239559819056,518.9354230184952,1.3566836897236687,6.909914113010654e-05
16049,-0.14488024917630682,-5.5711205386914395,0.3912104121537662,1.6634005427098568,357.9246703479657,1.017425488381071,6.910066697091746e-05
16050,-0.8385791978347434,-7.3480397491388585,0.15869477124945972,0.7710691270998186,127.4740973302504,0.16567120962105175,6.91180259628548e-05
16051,-0.6901238708773594,-10.20065466215597,5.048586005017252,1.6018878887542167,193.26412751915782,0.1893891020545997,6.911865227098587e-05
16052,-1.3991333015432996,-12.46868711689853,4.936096886650282,1.9578258605891201,394.3393159333979,1.1613733132205972,6.912039874325825e-05
16053,-0.4669770057344742,-10.770949743972043,5.00428502128272,1.2895827353856444,308.7476921639533,1.3959110182071583,6.912335381510388e-05
16054,-1.1800209050002515,-7.6010467711881935,4.7564503820610895,0.6991091375411238,203.64967233498675,1.3450183273312488,6.912798356456e-05
16055,-0.5686051658442821,-5.869822498026885,4.094448263582241,1.0709302048539326,469.6670071747652,0.13732269749058457,6.912985662446434e-05
16056,-0.33064497761741407,-5.535734614382726,4.013992682764405,1.6017384509681027,350.7655535981718,0.27357563612770175,6.913059787865535e-05
16057,-0.23803170085738934,-6.469920421123416,4.250079577320212,1.7786583974160657,423.3947757432957,0.4706486696224923,6.913120509458556e-05
16058,-1.7661767687224135,-7.065287033505451,4.502012348964303,0.887523664425485,363.73649820467006,0.28011098446453975,6.914303370441044e-05
16059,-5.217363131338178,-12.45949266927558,4.955491818094739,1.8418299108851532,441.00469506755815,0.2747000512375033,6.914462338545942e-05
16060,-9.54967627895844,-6.542742483034184,1.242501443630218,1.6933044529238996,431.1457019931768,0.39346193502764226,6.914522898979142e-05
16061,-8.017534697572833,-11.82566696570781,2.9703617421059767,1.023590352649682,276.7105430129452,1.1773742832065022,6.915648941479001e-05
16062,-2.150142537573588,-5.914519474041958,0.3556581526658611,1.8309761704115077,467.7324400864223,0.2985331946206422,6.918086661289635e-05
16063,-2.326355308202036,-9.490739631696188,5.183196122299279,0.8307814991033285,223.22478203539583,0.47774774001694187,6.918181491664304e-05
16064,-6.649082783010831,-11.680318347517833,4.897494548616769,1.7687144124709986,416.8832634993623,0.011919964907854741,6.91917120445371e-05
16065,-2.1255224406846,-11.08658680768942,4.9757484190843435,1.2150743591365896,305.9766277698552,0.5629385495941266,6.921557303254121e-05
16066,-2.3653873605294233,-5.5494637629260195,0.3967487195985835,0.6900737490896091,170.61037656357635,0.03083235690992403,6.922680919913666e-05
16067,-1.4578153486349628,-7.881480408668979,0.052685215781618625,1.053920053606953,237.21023931388342,0.19878132634093237,6.9234615250852e-05
16068,-1.082537611150837,-7.025715559720207,4.482565566936863,0.8782408835769985,228.33305581397806,0.40460387959220157,6.924191788374832e-05
16069,-2.144076972340578,-8.785820518493043,5.070297208085317,0.9759567224754755,468.7261312216031,0.8891124941988799,6.924915928109133e-05
16070,-0.25373701862737796,-10.38443293490743,5.018625002605897,0.8131209283132395,239.32936988623058,1.156006475942367,6.925704695162942e-05
16071,-3.1030049177934993,-5.125363707738635,0.24537581367679373,1.6404419911979196,359.6534738102188,1.5976661333033721,6.92576829613058e-05
16072,-8.659828496917218,-9.416904549156573,2.0549093006423553,0.6951540849766734,140.07626206218958,0.9026738728206416,6.92650169842238e-05
16073,-7.393334451136743,-11.271324736775588,4.358038247162878,1.4287756653002364,470.2949792780086,0.022357382606450926,6.926564164450407e-05
16074,-0.7048769390036007,-7.201365113316572,4.555029413333884,1.1427141899250248,298.0270091199689,1.6593070859281598,6.926720570109536e-05
16075,-0.866179626721669,-10.886256847555892,4.985098678272054,0.7881972182683642,159.5893880293221,0.4045784297235251,6.927886588606062e-05
16076,-9.752762114178493,-5.441793579855265,5.093238730746558,0.9173806500688861,454.61031105389964,0.08312819296875418,6.927979933187775e-05
16077,-0.9009352094883454,-11.82538724136659,4.947397487056929,1.0799959106790995,445.66932149950367,0.568826777151271,6.928917285214232e-05
16078,-2.241449329975681,-7.952654002375665,0.015418135693715862,1.1921856648500058,244.36934516420084,0.20246591116054358,6.930426318354959e-05
16079,-7.421293237401942,-12.542135000646706,4.131828671795829,1.442903309630176,334.33462517826683,1.4202723366714052,6.932791458006939e-05
16080,-2.0427123552715223,-7.92200597548508,0.03058131930386229,0.8731229916770356,224.06652548208504,1.3343705670845019,6.937474441147652e-05
16081,-0.03528659721020588,-12.500298899897427,4.932178150471015,1.4755231469034122,331.75033391103494,0.03747960437909814,6.938205991041583e-05
16082,-0.9847301455166768,-6.273948702286396,0.3228977524642945,0.8116353666564411,171.12473897566448,0.17883246766554528,6.938899274579346e-05
16083,-1.5310661553172586,-5.821967060682102,0.3892453610608138,1.706427208856818,468.0285123610911,0.550196227750801,6.939187132973841e-05
16084,-1.5498066995434296,-6.992623915068158,4.46516730299,1.2546002420555384,160.04143597589245,0.238378150315933,6.939751970693404e-05
16085,-6.1309924435416505,-12.092680899856935,4.975900613790908,1.0278961487928115,469.0699650336983,0.014963525235467401,6.940922592004511e-05
16086,-2.280026817813119,-10.956872061827752,5.021299461337305,0.8567746082241414,239.91947217040683,0.8529686653387012,6.941071129985327e-05
16087,-0.06634806711288199,-5.003260666480135,3.886299726954254,9.663923414272228,752.9292389312476,0.2410208390217372,6.941363758794858e-05
16088,-4.313138015731105,-12.505674714407567,4.930861286347142,0.8345769760748764,192.96969724931148,0.3503619137840088,6.942248065885883e-05
16089,-0.5796261730030707,-8.270717557750956,4.992582257604887,1.1014601988716572,278.33558637218897,1.61785548727316,6.944108692400233e-05
16090,-1.6235167754265518,-7.443646249740117,4.682373922440562,1.4364523234713882,327.26916623008407,0.46520142975180434,6.94442213270374e-05
16091,-5.310618073160617,-11.638084876608781,5.058960121783678,1.1829266174859512,136.8217027223077,0.30735087594106414,6.944593238238702e-05
16092,-3.098805267865652,-5.041559715640828,0.28381576215320653,1.6185619876776103,467.93481648897296,0.3877242740764961,6.944909040993502e-05
16093,-0.8185700890393282,-9.512930818378479,5.076152940308237,0.977612412206399,272.0070155825051,1.574823577896641,6.946228194045158e-05
16094,-6.03114320647241,-12.74846412299822,4.929335414124046,0.9167285428952082,467.6587154640385,0.3108007611396095,6.947978830367977e-05
16095,-2.3430300232204493,-7.469200285557706,0.14556022900235951,1.6320484359098297,378.5699350147134,0.8133296934095728,6.948176633889749e-05
16096,-0.8164558710649299,-8.885076866643784,5.076740599607822,1.233241851756053,309.516373633552,0.7449333959104818,6.9495000754164e-05
16097,-1.740011401363816,-7.9287094182253695,0.030469766078843906,1.8995303799832386,458.6728178782756,0.40336945620415854,6.950274953097646e-05
16098,-0.9286791115162671,-5.7796386657158365,4.0686436426285875,1.0458171478937117,428.51909056729426,0.6117633189143223,6.95173131815556e-05
16099,-0.7920972712036889,-7.617628619383487,4.757527979938018,1.0292217739487668,451.19724417090924,0.9070273306298136,6.952712088605785e-05
16100,-8.27080659849979,-10.742809019763522,1.8748064061202465,1.0330502049323809,211.82508077395602,0.8488000738852453,6.952967402892311e-05
16101,-0.2081683800751435,-9.496790757907782,5.079954162917114,1.5761676484140281,160.1111735632891,0.4071074689848464,6.95433722625512e-05
16102,-0.4647266927798679,-6.003588059620409,0.3739603284832017,1.5121774450588212,345.9263759746758,0.1391324680873094,6.95438600692436e-05
16103,-0.9392257146337748,-12.104902885310713,4.937236753782464,1.810350359666757,429.5345547741674,0.4687910230449823,6.954559469626807e-05
16104,-2.380265824687865,-6.725343132819402,4.391812271225075,0.7536281452969853,467.58045382098214,0.2799971731303259,6.954597936022115e-05
16105,-4.150560124084888,-11.525579187365352,5.050054523837828,1.8471221131214826,444.09470124984705,0.0654722678795654,6.95671395099986e-05
16106,-4.346847408820763,-5.106574838398049,5.104095502433986,1.3137788037513458,316.77786346113436,1.3444405949956222,6.956813753270816e-05
16107,-7.958121959183881,-12.924067082465182,1.1953941701624948,1.3573270248314084,306.91300600565916,0.96089235466936,6.956850363350822e-05
16108,-2.467081571341475,-6.239563799954399,0.3339225672287226,1.5416935059274899,468.52816143598517,0.6524325334786321,6.957227402952649e-05
16109,-0.2540128237509762,-11.211607146785205,4.965385532606254,0.996514268830502,468.29780791229774,0.5445714603546978,6.957391837614466e-05
16110,-1.0044913298999187,-5.6857229928250765,4.0201903057741974,0.6345767161512604,196.2207246081625,0.3707921702104029,6.9592314954964e-05
16111,-0.205069712344363,-6.916502324629751,0.27287203998643855,1.359355781638938,409.1861575223612,0.08170811795313693,6.959271597535518e-05
16112,-1.1894331136966567,-11.061190834351248,4.972020604476001,7.39004721657932,457.52123220936494,0.10080257738170584,6.960049528487917e-05
16113,-1.3572929836715542,-5.413341194063365,4.004704069943628,1.2986583211610412,467.69771448303123,0.2436909443475761,6.960187866886931e-05
16114,-1.1618797389060393,-8.613701936240762,5.059007857728903,0.4971543210060422,131.62974336016265,1.047484752037695,6.961550399879154e-05
16115,-0.6956711602035863,-10.457952992143312,5.015102769528038,1.2039320080476925,256.3762101594772,0.22523176981942772,6.96176266560729e-05
16116,-1.940833290959329,-6.0649774411924975,0.3629582021173921,1.5948353469922463,371.2518020675341,0.18398462704079588,6.962364789433961e-05
16117,-1.2942086467370224,-5.684612320763629,4.048521602071158,0.4813656857228706,122.37697717014585,0.7458648223095352,6.962948891555648e-05
16118,-5.748174443137782,-11.604564749839275,5.069985889282557,0.9773489201024502,466.9979317226349,0.6809068902516939,6.962985060128265e-05
16119,-2.011554456192231,-5.8576343442990595,4.082043136435398,1.1326040810110687,250.94894083465246,0.5205370466937209,6.963957810724234e-05
16120,-2.100368863014703,-6.283262983467868,0.3106392582566674,0.7117023252977092,156.72285208597242,0.2432495553410181,6.964335377139573e-05
16121,-0.35087100436798657,-8.421310379792622,5.038067802475149,0.8035185091872667,238.53621442203098,1.2202484742285309,6.964760886501562e-05
16122,-1.7462282210643334,-11.324264807699585,4.959524312728635,0.9060776706977046,183.30488235008215,0.6852110435467775,6.966125775842235e-05
16123,-1.0330083341665013,-10.887979271896139,4.980163136634321,1.3050688293992587,468.80656383843814,0.597367039091317,6.966179174000489e-05
16124,-9.586309917112985,-7.864058509794765,3.7445012700068325,1.0513809074749427,467.36535358742765,0.03709084103665372,6.967984056617383e-05
16125,-0.10067135207043698,-5.397489697917502,3.9829107816591227,1.1682710383320898,256.3980408201018,0.28264695112644844,6.968108907167796e-05
16126,-0.6030082848550986,-12.303109433377804,4.931534047302345,2.761218976899465,478.18030904915844,1.330138101360915,6.968160302591005e-05
16127,-1.0172367622286878,-7.821979896510814,4.819418313734544,0.967985611848129,262.74501808834617,1.1015069047042623,6.968941007463992e-05
16128,-1.5312425387598552,-8.751130166479985,5.066742531728099,0.906367940805985,195.41589710522587,0.201694614109587,6.969158003234196e-05
16129,-1.0817001004439373,-6.116935042074966,4.142353456850907,1.3056532668524377,283.3095542503493,0.11051975835777039,6.969965145831019e-05
16130,-1.724333160543063,-7.765425633751732,4.7955499059247275,0.8822616186010052,251.57069916229062,1.0652721217901133,6.972780282197623e-05
16131,-4.836774319377942,-11.312145509144633,5.111587982882852,1.5175393419515864,354.1730998663941,0.32638242775713255,6.973351795665819e-05
16132,-1.2992187165410982,-5.794715383027798,4.0673264391158295,1.0962529072975413,468.3136179329255,0.7929376213688171,6.973820931115597e-05
16133,-0.16506752836965433,-6.495641607757519,4.2479186503503685,2.1722717541441696,404.5489887042054,0.5617515823508246,6.974208705599757e-05
16134,-0.7449531274956378,-11.280230544427983,4.986216775254488,1.0361238657397709,271.01753688470484,1.5732425601289695,6.974335920609595e-05
16135,-2.475853681042701,-5.461678134843256,3.962144700959808,25.514994935562573,895.6131537028542,0.25232898169543017,6.97437692758158e-05
16136,-9.931206835419623,-5.310304193370459,4.85571002163737,0.9181327216764315,257.54767227121704,0.39233260776043455,6.975310016875402e-05
16137,-3.4304930371022753,-11.182835138253832,5.12434691531455,2.1139564390836854,417.1871303769808,1.7908160686247543,6.976008412559913e-05
16138,-0.6788753587936789,-10.921541924382128,4.976984088308082,2.4914375155775903,453.54906487441355,1.4115529836844285,6.977081240778619e-05
16139,-0.5265422292280935,-12.338382352111996,4.929600711073949,1.2136089464623045,252.54844535040178,0.2253630836400431,6.978153592129931e-05
16140,-1.201609286268404,-7.132997743425726,4.522191684595208,2.026414546283406,390.24131314803907,0.25677891751887305,6.978743584282388e-05
16141,-1.3777319561036592,-9.466699197573378,5.074254933534828,1.8102365949491075,469.9628073660897,0.1611778844594074,6.97901782346998e-05
16142,-8.88172720454425,-8.985299481487061,1.9821261935774335,0.9842835846960883,270.5197523343035,0.6222809976755288,6.979334255895379e-05
16143,-0.7883974493742674,-12.774732859939805,4.923096199728741,0.9885248636222308,274.25646630370926,1.3053278673608055,6.97948464016528e-05
16144,-0.36961886658641063,-6.415035606412935,4.229957786478523,0.9346963715277369,467.6660237964856,0.3789981408426737,6.979861621242057e-05
16145,-4.873651540498701,-12.172468955039264,4.969889597510736,1.7365606332434833,369.16214732601657,1.189783566237863,6.980750974387518e-05
16146,-3.4298613815440024,-5.002096893023331,0.1610494676566705,2.149569239840285,389.7974831917608,0.39242626732410546,6.981303970580962e-05
16147,-0.8624492500083996,-8.438519047266148,5.039584660753366,2.403484907013701,445.73184954513863,1.6169692705144163,6.981405637575501e-05
16148,-2.832537433584789,-5.203150639667113,0.26874780450488867,0.8086938483674636,235.14084842973776,0.24999701053548673,6.981453048024608e-05
16149,-0.3150581808694426,-6.063028412415671,0.3529454024111437,1.0989763127124856,467.2138476981108,0.47596588979747256,6.981480282356871e-05
16150,-1.3152607387127997,-7.540549766033983,4.707769856851297,1.5839834575975509,469.4285603362456,0.1506069542994286,6.981920710180499e-05
16151,-0.2076979761414517,-8.672254892743618,5.065744209109073,1.2721056231937287,275.61247323735006,1.0181933954407425,6.98224245389421e-05
16152,-0.7601272785748794,-11.049762041783827,4.991703762794436,1.681993669254758,467.9460768832153,0.1008872437701136,6.982587005467883e-05
16153,-8.139400496191376,-11.638286787938837,2.412675623583319,2.9008131604235077,492.36519814734567,1.8471997939623774,6.982840015828679e-05
16154,-1.6489255549815276,-5.484329799397138,3.995234637408147,2.5342756819122654,457.5426170836412,1.4498541226414696,6.983479717732881e-05
16155,-8.020813579598245,-10.379223270642997,3.589794685096132,12.614485654910485,622.9365744663853,0.028960901500908243,6.985847385334233e-05
16156,-2.047122925033017,-6.689505363019274,0.2927836251461732,1.5600624967359564,468.10537841952987,0.7913624159585,6.987612377400922e-05
16157,-2.669827850893655,-6.455836292693498,0.18333036435021777,1.8097299433727778,432.5448652877283,0.03670884075325098,6.98761765280237e-05
16158,-1.677264137883288,-6.113455068477773,0.36690138005379463,1.4076343676315428,162.4404216829218,0.2680888290801269,6.98809207953052e-05
16159,-2.2988553599482433,-6.020324303028409,4.113800474753501,0.9913007595620305,413.083316382341,0.07054466670864912,6.98823198694441e-05
16160,-2.0184204194585718,-5.905417165997209,0.412222786711379,1.72764862314409,410.453420439114,0.7430722095240672,6.99063146730319e-05
16161,-1.8221622531886688,-11.11469203716798,4.965533737693071,1.4053808481823487,318.3588505373997,0.10302213699599871,6.991114527515035e-05
16162,-0.4692768360625159,-11.150994745673428,4.963539682445593,1.6972231110952603,243.94126162829426,0.08614817069336844,6.993372974954943e-05
16163,-2.147237403546505,-8.078414716950032,4.907687536421522,1.0730993676138785,231.95857121430922,0.09448961185490656,6.993612970653832e-05
16164,-1.3927701895222384,-6.77850407818906,0.3095099104826439,2.5066827266645397,458.57745242198246,2.3495544722502677,6.993934428174032e-05
16165,-1.5238771981701458,-6.641842216109867,4.312469007482179,1.4435175068293915,330.6623000170854,0.26569671284452934,6.994165862212604e-05
16166,-1.477436181553598,-7.37799833561696,0.13508738836330283,1.5670829314969188,362.40020277995114,0.5629872921246699,6.994418878842377e-05
16167,-0.5505135585709429,-6.913370640369503,0.26548194899973776,1.0507307218470316,178.60963651912624,0.1694039473019071,6.994862424705943e-05
16168,-2.0220022889538027,-5.47920454098249,3.9605602853200126,1.6578418635386611,389.7419639255212,0.5874772138204838,6.994977571221219e-05
16169,-2.4261357415193343,-7.120296771567882,0.213952081223744,1.5468319142059783,346.9419913677954,0.3464199721268457,6.995740870016153e-05
16170,-0.6701133250719824,-6.837757813927226,0.28165536707259625,0.8491147571642791,468.01310773294773,0.2180090263291694,6.996638331454142e-05
16171,-2.600541818163741,-6.021449234749391,0.31596850942622134,0.8695464690170586,230.03281573207548,0.213978343941295,6.999864248290271e-05
16172,-1.070477753918908,-5.495329612591374,3.9619006915105697,1.1619188880758726,235.79182294736157,0.734298605060407,7.001127493307052e-05
16173,-7.839678997071333,-11.174630658661206,3.6275516860784935,2.262499506379586,415.37512978693184,0.5200535885960713,7.002453693004145e-05
16174,-2.8144664494784957,-5.649982623789652,4.401040939548538,5.109567730417815,626.9360698775419,0.5250995123222904,7.005566781039291e-05
16175,-0.9246045941359284,-10.068759545424486,5.056908933682543,2.1089619621457643,257.3069792675573,0.10651376240126265,7.005615043290686e-05
16176,-1.5816528452456087,-9.053994785232064,5.079365567493343,1.8546543390253838,467.60714592088374,0.5537073752662094,7.00707004166653e-05
16177,-1.7252414712420148,-6.834476648524435,0.2694791475406446,1.7214215606979633,406.78539424291023,0.8399879274354367,7.00902614317461e-05
16178,-1.0422005381444883,-6.954015894105984,0.2767864140378146,1.0961442859758113,285.41441462129825,0.6274801282206308,7.009875857056563e-05
16179,-1.7493815914447648,-5.893181162940225,0.4106195415855546,1.4075885193935198,319.2175336746058,0.15484487769157518,7.010755131653329e-05
16180,-2.306820623938256,-9.881927779673443,5.1035628849479275,0.8035884202599158,235.03872971167985,1.4717314669989596,7.01100539334112e-05
16181,-1.8382011923564843,-6.211212192918971,0.3805528660575103,1.1141654824907734,468.0164837165643,0.8405358139972856,7.011627215618374e-05
16182,-1.0116206955968678,-11.764972362445409,4.9383909937847745,0.9075035998618516,468.3893567321121,0.532381521326001,7.011648230346964e-05
16183,-1.0504274825591757,-6.309799816927738,0.34316664284493276,0.9105590448742272,212.4596196397523,0.05450916818977447,7.0163117236025e-05
16184,-1.2696843798489859,-5.98811644312107,0.39254280886007475,0.6811562316583654,468.99550045449166,0.39279896937333003,7.01634200792042e-05
16185,-0.7948027058772773,-10.455786365841139,5.027043567011575,1.8172668054110555,468.38373697537537,0.8165304055611182,7.01771770485924e-05
16186,-2.57255992735384,-6.082744001704724,0.3302565458940432,1.1251715899594699,295.70948334975895,0.47548903365805995,7.017772251950386e-05
16187,-2.2621241224950186,-8.092787812950355,4.909254104622176,0.7586608934532252,468.29707051353046,0.326662728628059,7.018052462454974e-05
16188,-0.9366892544739098,-6.133606114518383,0.3781085854162163,1.8622483640908059,460.6841477770411,0.44694149904621394,7.018061347811322e-05
16189,-2.005588868594904,-11.75450063765448,4.93765221597252,0.7630375751198404,154.49854334530303,0.22220793717834209,7.019997226393922e-05
16190,-8.803448371332497,-9.069867378714768,1.5332472893323277,4.410428357283951,262.2546322701347,0.2681348015552709,7.020242062227397e-05
16191,-1.5087759772406635,-10.323733327067561,5.016881645832905,2.4798603675682016,454.3177960901203,1.8341057549252007,7.020899538671842e-05
16192,-1.6401194569415303,-5.552130248328268,3.967209747595105,1.8313177789368427,379.0340871315585,0.31391807188710263,7.021328532066899e-05
16193,-1.214588762811399,-12.189567621757137,4.926744857008596,1.283290592530974,317.7474940133472,0.4485511893528251,7.021705907682569e-05
16194,-0.28046455320530583,-10.786449638495153,4.978757300097491,0.9832430301265235,468.03908211806095,0.3855503941059002,7.022623979338333e-05
16195,-9.17526790672026,-6.962168658964989,0.5814781896492971,0.8110608939813551,161.640479099087,0.6754271355226171,7.023536166142633e-05
16196,-0.059647893725001566,-10.76369334335613,4.979958921799771,1.2032188516878533,303.62666341552483,0.6897057426925759,7.023608125717765e-05
16197,-2.2503620275581184,-7.42661692497101,4.7488439190309,1.5160462848743224,358.8756814710768,0.5732704733107132,7.024210506743688e-05
16198,-8.7214752901218,-9.044460444735687,3.2000030607485734,0.5328560285645579,168.02607901026562,0.6744372922483919,7.025523675423445e-05
16199,-8.460725709392198,-9.734876329374481,2.7739711081986225,1.122167310144964,286.0801397098596,1.3792391285878631,7.026614771375454e-05
16200,-0.21578554152102747,-10.834047121508444,4.9755275786482445,1.4168812016064094,320.92581834598815,0.1764210248337319,7.026725198873746e-05
16201,-0.3694625015682682,-10.42128889462798,5.028244376175463,0.737113940115462,222.89585480365946,0.45636827058657925,7.027194852504019e-05
16202,-2.039746780849616,-6.1178008416759235,0.367704399758961,0.5075978533742598,133.48613130078576,1.0659303828553464,7.027605084354625e-05
16203,-8.245217621844862,-10.842583755262627,1.66790757855352,2.8197571273050777,481.4965567634087,0.39634905775570406,7.029632875355784e-05
16204,-1.1400724628243637,-7.897395505746668,0.07362234131160933,1.4845234805562821,341.77377799105744,0.7898665979978734,7.030226961708704e-05
16205,-1.17579723264034,-5.109210784011915,3.921815350632083,1.2325637504037137,261.8128247400069,0.12489190181272125,7.030553933302433e-05
16206,-7.731774419681489,-9.8409655328532,4.558363981540745,2.548148432664768,462.4848202093695,2.3604289664417104,7.03129827842831e-05
16207,-0.5021421518294318,-9.21340189010747,5.074686857325105,1.5222810407082639,346.50715454972266,0.021578646147752956,7.032379633636653e-05
16208,-0.1092781712333668,-6.9043835783200596,4.410586178104325,0.8511924479710518,282.53939232484623,0.24850850280829295,7.032588923007453e-05
16209,-2.149779600573984,-11.511641768848126,4.943891232012139,2.4293991137946906,451.3896255807553,2.473947960281442,7.03291365983296e-05
16210,-1.44644058837018,-7.944556026787085,0.04872871792855826,0.7429415613973532,151.39220675110872,0.6624854145088053,7.03335045572917e-05
16211,-2.790607146806284,-6.012137073282869,4.799775525396707,0.813269782414628,469.28928984465085,0.23859033995012613,7.03350812984319e-05
16212,-1.0443233062876072,-5.8649393647133055,4.070151040829443,1.1859677574045455,250.01374881285216,0.04649248577678655,7.033537052996845e-05
16213,-2.0722957240394067,-7.851404758538535,4.821959156162352,3.601460640114983,542.3753742795618,1.0601120536796707,7.034542138526748e-05
16214,-1.184284292966991,-6.163634790706369,0.37179424475255285,1.809371912127448,219.55481588095464,0.39058605310041283,7.034594182393783e-05
16215,-1.9726511320609497,-8.23127267655704,5.023566581876179,1.8819977242804833,465.1373673137707,0.13155997385887996,7.035029257859899e-05
16216,-7.994419446998572,-12.094260611774148,1.1568358048372616,1.1044383508480389,467.27580965205425,0.5806611502608181,7.036001919759185e-05
16217,-0.05281533807859162,-7.919163656228986,0.05593666963839812,1.385589089245575,469.62601062065914,0.040639641674667715,7.037051209236243e-05
16218,-4.048516596649697,-12.256959407716197,4.943810364644321,1.3819750950850092,468.56425593084134,0.3694888048730709,7.037460867888133e-05
16219,-0.7732625018382446,-10.418569058692507,5.006459868391184,1.887939930695626,169.03812217095452,0.399017275010479,7.038055214907181e-05
16220,-4.1076367364440625,-5.219249145416764,0.0489450591927772,1.0560265716439896,274.42094933717135,1.7400850381255148,7.038455818987791e-05
16221,-0.03222597619867962,-7.470923462542733,0.14028136550874648,1.7322152264530015,408.77580906063895,0.5249147802140177,7.03928245945199e-05
16222,-0.1965398954636015,-7.055935918625806,4.477005388890415,3.237026246127906,508.7857037141353,0.6680988203230145,7.03933433664991e-05
16223,-1.0567298650567878,-11.158893041748252,4.957286885921763,1.817373552180327,467.47539634225035,0.5440248825345089,7.039939752435836e-05
16224,-2.2803512315359553,-11.236161743190298,4.97835986803175,1.397143173830304,304.9441639230732,0.7780806910179789,7.040118516119338e-05
16225,-6.757868117442085,-12.649601196560171,4.731669716417614,1.770209787748913,446.39175158824435,0.013682838672722575,7.040144201043964e-05
16226,-8.122410522715303,-12.357127628080955,1.8894109601113331,1.0835918750692888,267.7204086893062,1.6171026560238504,7.040934782330894e-05
16227,-0.6008626105924435,-7.645940656730753,4.73201699850171,1.443473768946897,369.20909073648943,0.8391144999050733,7.041630320117062e-05
16228,-8.028463498152592,-12.492995614225046,0.8255587692335871,0.9843595832140797,272.13521120603383,1.840548347546302,7.042068879052713e-05
16229,-0.3619923063410937,-7.937356445663789,0.055820706334639085,1.0132248352202013,268.5789374650332,1.4033962454749407,7.042081503763761e-05
16230,-2.9667756114022934,-5.4698056410697555,4.747189653450256,0.8761047603493398,216.47723346353726,1.1866878251077253,7.042349356156763e-05
16231,-0.8154601656777292,-6.009142448450179,4.100647501414639,1.1771460067241142,285.42706379587963,0.1591963579748077,7.043179224560551e-05
16232,-1.1115602410637866,-11.101835533181633,4.98918798685536,1.597604360845671,374.49807874212576,0.366438957232158,7.044122586238397e-05
16233,-2.562855848443494,-5.177502632214405,3.9259050745852075,2.9802609971626595,493.0825121747612,0.9618154153398928,7.044620974554581e-05
16234,-0.16605457933272127,-10.326161053646523,5.013699372032223,1.1159563785808253,272.79337124980873,0.942348057354871,7.045096954928872e-05
16235,-2.1113618541577486,-6.680734989325388,4.320815825941474,1.1272385611244584,466.97799340129626,0.6327405622298183,7.045401863213543e-05
16236,-1.1648893078756704,-5.013923073512948,3.88252792844603,1.2326323113592617,242.47567826930128,0.02797418199623003,7.04601073645522e-05
16237,-1.2174507855586807,-9.166500276301331,5.070339598795221,1.0993387006544169,239.21624131591415,0.14757180384884805,7.046453487204295e-05
16238,-2.927869971608011,-5.960724476199796,0.1176676077213069,1.067861451480907,279.60144232209683,1.4047961850988768,7.04784107004901e-05
16239,-1.4975481243632132,-8.438608864450217,5.029642653766159,1.8420985813162276,467.66698632158585,0.7648490448721192,7.048621116712154e-05
16240,-1.2873209112380835,-5.604765525537855,4.002353042252562,0.9939380951412813,467.34847513323314,0.5519760352928698,7.050237740094686e-05
16241,-0.31071676333007403,-10.763115770435045,4.993469185643825,0.9499145966177508,200.3223154009462,0.01242947718081222,7.050581340416475e-05
16242,-0.42766107060119474,-6.527760614702795,0.3241928004912552,2.341205645219551,441.49364474426903,2.043126059504444,7.052724228958387e-05
16243,-0.6586159463648329,-6.220141203570911,0.41020134209853604,0.8155033280089667,469.6854334346265,0.0040769092151906605,7.053009749371975e-05
16244,-4.0466740038958875,-12.674459861626765,4.909071412690909,2.441688507062787,440.35081800720553,0.5581305098337053,7.0532688876356e-05
16245,-1.9085865563177187,-12.704979328296428,4.914026121153551,1.8008879774977546,429.93988141746325,0.4670795114093673,7.055784304468354e-05
16246,-2.0577370494037828,-5.053338404468392,0.42818748038685633,1.3162601448283429,324.39141129079184,0.3128636432861702,7.058850474971918e-05
16247,-1.9943209901526444,-12.500906307750459,4.916457344226826,0.8488642982133178,204.7802322144558,0.43787392833830996,7.059001506382486e-05
16248,-2.240569657124083,-7.180554991596734,4.530754602048078,1.7973539498670088,375.9925253928715,1.1900671465300325,7.061137799148416e-05
16249,-2.1149049465493865,-11.633752824482714,4.935980593741174,1.4811066143437617,346.35158805326506,1.0818149067874652,7.062207180361977e-05
16250,-1.2247611223494967,-6.272522185324723,0.40076828248498986,1.1423420756221687,196.8760468471503,0.12097752665389816,7.062921615666364e-05
16251,-1.725738086131381,-8.135919823517657,4.916903031311624,1.7790022946510058,464.78843109253006,0.28676361136910167,7.065584267160233e-05
16252,-8.08115012752877,-12.29887237546206,1.5076574707282908,1.0432408954819012,282.564243796596,1.3346821927296952,7.065825033954923e-05
16253,-1.2619273675827483,-6.0863452276227274,0.38939683425910054,1.1088098368177026,227.2194849273908,1.0491545796487722,7.066295047552563e-05
16254,-9.000384990924243,-8.460772923121135,3.726497156920408,1.2558786314570272,311.8878712090285,1.0324929620190888,7.066784543164953e-05
16255,-1.4631732513172206,-7.461222775114051,4.6334558667286405,0.8710074422395641,198.2663652300357,1.1896347885084237,7.067109948168258e-05
16256,-1.1053327366640247,-7.928019347357244,0.06744450170630571,0.7143211399199626,218.8074351616648,0.4269740292396742,7.067254525815891e-05
16257,-2.3699278655012224,-5.647252874950863,4.009004563488294,1.7397962540098162,412.86437949703185,0.4985008915777316,7.067775891082135e-05
16258,-3.3632646678058666,-5.135131948961836,4.841490153480584,0.6540718630432888,468.0893048756484,0.43589582359100465,7.069333719270257e-05
16259,-3.667966724596999,-11.112997868649993,5.137652396931645,4.178266168782249,578.2188465425792,0.7968775926705236,7.07176350178717e-05
16260,-1.0383865216536812,-5.237215853594751,3.8870594261350297,1.2697628506454424,314.51445327671286,0.3229311142862823,7.072659762967322e-05
16261,-0.7917121190798841,-11.021186402706489,4.959701878139534,1.8353849263741233,468.74663001748337,0.6087771921649239,7.073454740010882e-05
16262,-1.6462057165090407,-7.986089782250124,0.033822085622633294,1.1133091521362963,213.4713076710932,0.424672795819407,7.073720651031923e-05
16263,-1.6274612569045548,-7.211146375885615,4.542892232619318,1.8282888965240538,437.3686715480155,0.24722465340941646,7.074126865966372e-05
16264,-1.7401246859170243,-6.234869146012159,4.156403309386804,1.0205479512348254,466.39718187147525,0.08807794789399725,7.074769411417626e-05
16265,-0.3088274916565954,-5.719897020445126,4.029737524169275,3.4542452771656587,240.90722216017332,0.3134769768724892,7.074833744452436e-05
16266,-7.702848465413787,-11.113617119069863,3.918460705278256,2.988393951143765,495.657998014397,1.1389713534068866,7.0755075981678e-05
16267,-3.3977118340405355,-12.542425514169524,4.9102623359251165,1.279035792983197,308.8843619549689,0.19063057391273386,7.077145013724497e-05
16268,-3.0311775208440483,-5.351055324670319,0.22748376451145774,0.8162186038776524,182.60428718750245,1.154092057903621,7.077409948044081e-05
16269,-2.2304898467082355,-8.398966799774062,4.997987258263031,2.3168206633229835,438.32134146945845,1.86166662803769,7.077513635660901e-05
16270,-8.221238527204864,-10.882411638841047,2.4112453325133925,4.4793403526282285,379.0916784243779,0.08988780498441518,7.077872248493694e-05
16271,-1.3316014063220436,-5.216598809110069,3.9239477003487027,1.67393400519313,389.8096660030179,0.11590111787462387,7.078369084213097e-05
16272,-0.15031993316822145,-6.950593752118709,0.26355213120311805,2.202450150325327,212.21396613522674,0.24250395900138955,7.079258088416893e-05
16273,-5.6598198716513455,-11.630306074390193,5.060342432974127,0.967279572134498,256.8279287451323,1.3699124772823366,7.079326320119375e-05
16274,-8.835685272361562,-8.279183622508098,4.47639435137607,2.9230958107160028,493.63808524357034,1.6837929307714985,7.079791316318827e-05
16275,-1.4799121485457238,-5.733970514283447,4.031304676464711,0.9919148586662726,269.2722817655415,1.7708216824081795,7.081085490215393e-05
16276,-2.3511288388227918,-6.756333200034314,4.305227451857531,1.5434891913072617,353.54529340464904,0.48140698745338106,7.081277876428349e-05
16277,-0.47916192486483133,-6.4246279279400245,4.21733035628421,1.473183525203915,336.1553036975419,0.1047087118523331,7.081285718975395e-05
16278,-1.9497109073010996,-11.533048067984948,4.936836627206419,2.9842362828770894,494.12381813360145,0.97860773148681,7.081911522787248e-05
16279,-0.07083030072377205,-7.052552302832542,4.468408414312922,1.034643389397513,280.11804210660904,0.7278743520283983,7.081961171720258e-05
16280,-6.3674393265433,-12.741097392341988,4.872887463921758,2.8987031816073063,487.3862314875445,1.085653266856883,7.082755454104601e-05
16281,-0.9657689824101681,-11.787735364350024,4.9282016010204295,1.1027071277283464,225.93143217255945,0.40843608250948105,7.085868492792363e-05
16282,-2.0759788350823545,-5.1213180816876145,0.4434796200857528,1.1905796626777565,301.8859969207028,1.4398180777779643,7.086536583892891e-05
16283,-1.377449117387128,-5.3957570688191385,3.9854364847842936,1.0951437771372705,248.4296451427689,0.07226836053659724,7.08715538079286e-05
16284,-1.2849540712846714,-11.94027546247996,4.923635276619999,1.9418641072721334,398.63258416153104,2.055122353244899,7.089495409516425e-05
16285,-1.5733247839913886,-5.735370529139384,3.977528092716462,1.2816094203562223,313.9389316245351,0.7265029981874127,7.091639459751015e-05
16286,-1.5023654192041018,-12.061415693019752,4.920329003495317,0.8284410910924089,176.95835742897307,1.0098932494531931,7.092689555323143e-05
16287,-0.6238344358967769,-7.076938307437109,4.4776760831197215,1.482788923635149,355.46869736545085,0.598359437948127,7.093357039255496e-05
16288,-1.5542965960296016,-8.427781780479453,5.001030925624001,1.8750259801123477,376.9075653905415,0.5264711341540016,7.094643137278163e-05
16289,-1.8134561369920732,-11.41710031643152,4.987283016025766,1.0259214142160478,203.25624235489613,0.5108950275968231,7.094817983483348e-05
16290,-1.3606377316248075,-6.358422266138399,0.3318658286197353,0.9539740496802062,370.27170236194144,0.5522966928107937,7.09500004417547e-05
16291,-0.5018509834799101,-5.4521997010436385,0.42524888192654836,1.8929230081404576,469.4390563160771,0.23890215622566036,7.095299781662615e-05
16292,-0.09960348992182055,-6.076143472849662,0.41425764078191124,1.3995898688527708,314.10857319358155,0.009836284327104927,7.095899257176617e-05
16293,-8.58754382839584,-9.39430465836945,0.7807971101802385,2.136792390940514,416.64100119117904,1.2425706009331234,7.095918505162193e-05
16294,-2.713306671182095,-5.961069270041274,4.448840311012633,1.4072506756203353,318.94600799781347,0.16011652301282542,7.09698818424399e-05
16295,-0.4947820582036506,-7.070449395781918,0.2541961987526181,0.7895797449088663,190.56438858228907,1.0097422172892205,7.09702915280083e-05
16296,-0.08666601459805712,-5.593282331406507,4.004791471673946,1.5671636863996468,334.4639550864041,0.592570724276051,7.097280330169269e-05
16297,-1.6485307699690352,-11.276981786857508,4.944789838620268,1.3039007947961474,314.88918286335024,0.21093175295721522,7.097356890080389e-05
16298,-9.793213532698962,-7.874703618068671,3.076558749977954,1.291815278017813,468.89397396797307,0.9119953796504108,7.098525146065194e-05
16299,-0.3894016187892646,-6.904644726872024,0.268393627288333,1.2456409581159436,467.8934702809176,0.4993555740521112,7.098634632513621e-05
16300,-2.2976846870710137,-10.300916844323433,5.1640620274410365,2.220736143631832,428.01098315680696,1.6240671394371562,7.099366813259472e-05
16301,-9.136994168941406,-8.580087808227237,1.960206568772185,2.64585408906544,468.4002265707753,1.5282085846792066,7.101207452494956e-05
16302,-0.8644028880446797,-6.727242184618006,4.329423377407418,2.7272214125020664,475.31035481404155,1.4310045883954858,7.101898013947086e-05
16303,-1.6768843134616098,-6.389611522061913,0.3549800969220603,1.7225193267640704,467.8831203195721,0.23725021704856708,7.102097445140548e-05
16304,-8.313058894127256,-9.365086819584402,3.8701648212440714,1.2617323056756868,216.50272516595751,0.0864232462265706,7.103281871402634e-05
16305,-1.4540388538736622,-7.2549335452865495,4.5674238977729615,1.8827024606709892,467.8944217997533,0.4471241555496155,7.10360628859484e-05
16306,-1.2078362395823188,-7.855142953693903,4.813666351347181,0.930025735547458,468.2531518357561,0.8332519030484873,7.103831268751143e-05
16307,-2.5673395371039707,-6.411783590270314,0.3714513897635973,0.8589130311873922,177.21112508867807,0.7809597391348175,7.104224369745448e-05
16308,-7.6949860351517,-12.997768374629958,3.6444851156139038,0.880002932601711,177.42867573887227,1.0336131398343857,7.104308950180038e-05
16309,-1.1919391341530883,-5.888533774044582,4.061482042258617,1.0361825545361687,271.4246017876284,0.274039329150809,7.10480682536433e-05
16310,-1.8859539949214525,-12.703637705828923,4.9076625147731905,1.035825700256468,275.56452791081864,1.5400078397490624,7.105035777838231e-05
16311,-5.868296215189121,-11.454200676666117,5.089598458955055,0.8206620831546932,235.02226921459408,0.20805034563311242,7.106769896412328e-05
16312,-2.815970530264787,-5.999710127378518,0.12564660784968906,1.3794823175216522,300.8653512106244,0.10898806867851807,7.107380971156253e-05
16313,-9.825022077681888,-7.687353579724213,1.995533376877989,0.9700848936946764,468.3572879638899,0.5201604240743718,7.107454022757622e-05
16314,-4.588103365698139,-11.56566686623581,5.046875428573674,0.6505157882234691,131.64848552608726,0.9998623163353324,7.108295382510783e-05
16315,-0.06894110525416508,-8.476574704023806,5.029739190097784,0.9175332694084642,468.46771688217086,0.14834082384021574,7.10832821768888e-05
16316,-1.0673515279726846,-6.504759900124091,0.31272571576854746,1.7589723875330159,417.6776697055233,0.267093106393264,7.109136885463581e-05
16317,-6.920353460472243,-10.721327590889864,4.990173651637799,7.4289838967818955,719.4048845061483,0.34175372954680494,7.111298932227905e-05
16318,-2.4216755019957077,-7.17242493346416,4.57537977993736,1.7446179371316144,413.86777954527,0.896404958519363,7.112822935791761e-05
16319,-0.45253487322985464,-7.886006930990802,0.08680412914234428,0.5428278516359547,116.56830129539341,0.881997734933976,7.113199438877551e-05
16320,-4.6336651805537805,-12.340751778685622,4.942015609556643,1.8440308589024972,441.84999522511754,0.0773648815248551,7.115021332534562e-05
16321,-0.8902732645547964,-10.89118278396783,4.9612937915569715,0.8579972427586415,246.07103259668565,0.559515221536266,7.11541617278163e-05
16322,-2.7592760055245176,-5.632250866085068,4.2891695064098805,0.8148081139312549,231.72083023821364,0.8658319376676555,7.115417372071051e-05
16323,-0.511891270427693,-6.120894046767127,4.115744080771246,0.7866791264330746,183.99050433845628,0.6858244251523962,7.115446207241232e-05
16324,-7.17509232217882,-10.079118593777705,5.106888379282689,1.11461227082527,287.34524484292,1.2906487425539614,7.115773909531082e-05
16325,-1.9584757157718489,-5.516961333489071,3.942390000444984,0.8230762833837818,165.58354853068298,0.8663394454163056,7.115872378965381e-05
16326,-3.9910611931215776,-5.029424954626608,0.08872098454023343,0.5628298701643846,131.74757899142034,0.44811817972229395,7.116318881560369e-05
16327,-1.7324443655319648,-10.969141539028385,4.986945424590045,1.0697584562892166,287.03803357909317,1.0642574225674624,7.11670419714594e-05
16328,-1.1429807966679242,-6.240983351991008,0.3677447834307691,17.05289194483559,629.3860314752819,0.01778652918200141,7.117783098686439e-05
16329,-9.411461956123992,-8.01215544982223,1.5593802201751548,2.695580053988392,457.0990279909435,0.5715836486837045,7.117888056656712e-05
16330,-0.16572406711456367,-5.9845828600243784,4.080518700923256,1.3867323767672037,305.63465768351364,0.8430230621592765,7.118285379968709e-05
16331,-8.1369171127462,-11.97977101408976,1.8237361592498862,1.8197810544635775,468.0594076726794,0.038221357664348865,7.118525495118591e-05
16332,-7.707270238462167,-9.764910458511984,4.657364823946425,1.6112404298846696,346.35854185267544,0.5948822943987322,7.118740650548675e-05
16333,-0.8326561541005102,-7.496938036884258,0.1525910724433272,1.5909508090829345,468.4240472464455,0.281246445284121,7.118869789910863e-05
16334,-0.7886351811289778,-6.626941782707146,4.2614763136928,0.9878113798824486,468.2137899891936,0.3263784259317175,7.119771121823848e-05
16335,-0.6999435978531707,-5.842404547182226,4.020827028542412,1.8010694684674928,428.32868742859085,0.44042459604024575,7.120320544221221e-05
16336,-1.0063391512865252,-6.709338119420479,4.3189786683536555,1.889431151998953,469.89736235539874,0.06802050759986411,7.12139103562361e-05
16337,-0.5529641517774344,-12.350750793130711,4.910663182419237,0.933649696692505,469.28625784820844,0.11457934522445079,7.122767051233832e-05
16338,-3.452578082132314,-12.34053537733548,4.9251200803056605,1.5099407863598606,346.8402058565702,0.2868470506166476,7.124004241404977e-05
16339,-0.08288897579707033,-7.325601499150481,4.561918664932672,1.0735456313275105,467.2813258078458,0.4307256926772274,7.124896670627942e-05
16340,-0.1646332588459778,-12.21520622803121,4.912879781550668,0.9085210446891252,212.4034579525078,0.28027797782420993,7.12525811953463e-05
16341,-1.2535455605032944,-6.339536390277302,0.34297885223638747,1.1237593676844944,468.0993863503358,0.7303389368525668,7.125746148261651e-05
16342,-1.8550596715401273,-5.2717363196588645,3.926523216112178,0.9794779451884604,199.7197980844442,0.4931702051939224,7.126603620021331e-05
16343,-9.783115962665333,-7.228328458766711,1.6023768724059904,2.240751897657906,431.72822140779016,2.092350695493015,7.127250923162179e-05
16344,-1.769071956711553,-8.141502489945836,4.91014346234374,1.6393065735537127,467.98092232789406,0.4559516873020657,7.129615735922112e-05
16345,-0.859915843538392,-12.350989985964514,4.9097670066348496,0.8890058022810646,239.6081692506293,0.16135040536477518,7.129703475336371e-05
16346,-0.9058431618695213,-6.8557373620208315,4.358354231444776,0.7526434568586475,212.04464851866638,1.3012280196943218,7.129769712758707e-05
16347,-2.748181258294313,-5.393028361595504,0.24698246345666997,1.71337965633432,403.84127832939936,0.2513219964861646,7.130391689639802e-05
16348,-1.6115209867607625,-6.368097037914316,0.3572083735037589,0.7452419770024216,152.05592561434347,0.14660485084124542,7.131079218802032e-05
16349,-0.5887641212576238,-12.463580151185557,4.907597646177323,1.281835598700262,468.5337971808637,0.669200310079149,7.131919171366591e-05
16350,-0.8823118867967317,-10.734495493422072,4.968165825194295,0.9948200199866616,216.33033183262106,0.2831073950341292,7.132414598102666e-05
16351,-5.904205714806619,-12.754940083921554,4.927062191570868,1.121910451596331,468.1288241213003,0.5000109545652878,7.132879962468795e-05
16352,-0.9744892902910074,-7.503088178081938,0.14937373998237033,1.8430700804698996,441.3391609060057,0.19885439302127672,7.133972349383608e-05
16353,-2.4641701066934596,-5.121723557773992,0.5081635429454378,1.2483342191056541,259.222926412065,0.3686760087636278,7.134013493664815e-05
16354,-4.034598872557926,-12.306936598494339,4.934285656730878,1.0970113967605586,467.22666926730517,0.8930624035429657,7.134335908885456e-05
16355,-0.041674971165688746,-5.100307588470502,0.44012107867889294,1.6664394648640466,343.38464776399337,0.2015715048561182,7.135051269851945e-05
16356,-0.41053261090153015,-6.395262877475945,0.35036127820940255,1.8952900245120308,456.7466277370677,0.548048007599105,7.135558497482074e-05
16357,-0.9874156505828608,-6.441673047871173,0.353306453834792,0.6860600535567285,154.50610813178088,0.8983071709947597,7.13574403570266e-05
16358,-6.1513954113273135,-12.524968237891139,4.924080445388439,1.6382399654671376,384.1993609872595,0.48053242174777644,7.136393746654457e-05
16359,-0.06502109746367424,-7.7991183065966405,4.786132721476702,0.6598488016238999,182.3236931008722,0.7864850868096012,7.136779127930099e-05
16360,-0.7743850409039315,-10.400566355922187,5.02044945089294,1.1503326841726966,277.0107480892482,0.3567689409631756,7.137133021935749e-05
16361,-0.21761083075928234,-10.632634208706166,4.973816475164296,1.0052417770224171,191.16523102803927,0.09419414076266097,7.137302939280713e-05
16362,-1.5977923122328956,-5.273170950423769,0.42565194359438324,1.7598752601438747,467.9049840674867,0.27164471153311975,7.137447587350626e-05
16363,-0.7393015951455624,-7.471120880249544,0.1810651152407646,1.8247640104970202,468.21482150654225,0.6614627699683018,7.138137598163634e-05
16364,-1.732809044682611,-10.913162302434717,4.986996417753052,0.7923364547951407,470.1537535935039,0.20016590791517075,7.140596075978262e-05
16365,-3.640359598810802,-5.065226676706969,0.15060933027525522,1.5989650262395505,457.5354106946358,0.6709323253280219,7.14064092390617e-05
16366,-2.1477890230733054,-6.738497636162288,4.327074958460356,1.1879029749849972,210.03820342102253,0.09356170029757038,7.14115930397224e-05
16367,-2.740878358676932,-6.388562164497911,0.053802882926921126,1.6720780514577582,468.0732902873423,0.7157299613051604,7.141524279076437e-05
16368,-0.8517405672205278,-12.526135297838696,4.905307207325245,0.9299964746828223,184.3236940582359,0.3121802808852774,7.142211643658173e-05
16369,-2.1309441203707866,-9.20838328599649,5.066237250593635,1.7951478785659611,429.47879588858,0.7895073017864531,7.142653484913386e-05
16370,-2.3853184126724862,-6.073028454679723,4.097236476804386,3.1864173787278802,505.24007205804946,0.7120806474010193,7.143032908232688e-05
16371,-6.729572143839288,-12.420827401139892,4.759748974202545,1.761946571447531,418.33088259529916,0.24631937284354244,7.143297380927672e-05
16372,-9.962960269316147,-5.3251376346366746,4.8025936131799725,1.8625668408605005,448.7864197857186,0.23942532795654614,7.144399841875764e-05
16373,-1.1933151108355062,-7.891945684283488,0.05993938493260205,0.8826201507365997,176.86961390109514,0.6938514049636497,7.144988944442045e-05
16374,-2.081464097781886,-10.568058795461106,4.993724382992605,1.132942377616014,468.1116412113309,0.36426153363004676,7.146005316391209e-05
16375,-2.343435611551338,-5.903677612415005,4.056727071312016,1.892574068989817,456.73297382040283,0.5399446264868999,7.146091267707402e-05
16376,-1.9362041567412511,-6.353833324907185,0.3679361198831896,1.9307415351458428,386.55584063806174,0.9267737247807526,7.146754205505667e-05
16377,-0.11969322323891163,-5.916945691319347,4.059491487925033,1.2177286626975194,306.38327987879126,0.3490547775815189,7.147651259403036e-05
16378,-2.255567966456976,-6.73959116806772,0.29240042822297513,2.130424522123703,411.6069644568803,1.0291247932013032,7.14790948553887e-05
16379,-3.2343747585290794,-5.389356942055019,4.988547223304089,1.0159578428646026,208.4550872252694,0.0762169843025875,7.148521397187612e-05
16380,-8.075671060651413,-11.663741026908063,0.8849942347882798,1.0856867169410396,231.0104322697836,0.7632955888128405,7.148959019847768e-05
16381,-1.5530329485323549,-5.611612475247482,3.951983654513096,1.0041171543861465,466.9498524081126,0.6767480510728037,7.149652309872285e-05
16382,-1.6702562547353175,-11.998791382484558,4.91439587986152,0.7880453419251179,159.04081388880587,0.06829542463584293,7.150504920477781e-05
16383,-1.533427276633601,-5.449221631217725,0.44384478174078057,1.7648691507713727,420.80566577754905,0.9258200556092175,7.151016976048904e-05
16384,-1.4214271283667639,-10.636156991770639,4.988900442540394,1.6358418896968043,383.64511209275884,0.45481338255828074,7.151053817459272e-05
16385,-1.2444865014530606,-10.84215514759864,4.95937873533726,0.9620329224815468,196.12372488647108,0.044882075200717075,7.15280858545075e-05
16386,-2.020951117884903,-6.8964596871349375,0.3042485902916579,1.8134088814300815,467.4583561739636,0.5872536711890115,7.153179318217497e-05
16387,-0.5613256635600337,-6.009609833136127,4.079519160990531,1.4291432643081856,469.5826107184907,0.10562130697599681,7.154713289664017e-05
16388,-1.3333670775716975,-8.345134805950018,4.964155640980318,1.1765406336992867,260.6927050068178,0.07707270349785666,7.155892643080838e-05
16389,-2.2528004025413626,-5.946315760813967,4.064419210083207,1.0666075163070428,255.91800451258933,1.3266700616281142,7.155898203357511e-05
16390,-0.30167757915680404,-6.467933157636196,0.38075758001255666,0.781582819743036,163.8135545609786,0.9528807990764312,7.156113818260655e-05
16391,-0.9519958001319502,-5.268288895112889,0.5044444294489211,0.561356217834608,165.19069259565157,1.0254671515564544,7.156353652200975e-05
16392,-3.153524465924753,-5.560057551874451,5.081229207126208,1.4876586379321086,341.4496785797964,0.09724713352478087,7.157629026038912e-05
16393,-1.954073808838178,-9.683589026061435,5.054958742091766,0.9357813660024102,457.7552294386087,0.5851112882804665,7.158228606523284e-05
16394,-2.2550187970111955,-6.737324385522111,0.2988516429047805,1.6827829528663663,393.605784551152,0.02225447782263945,7.15889320433251e-05
16395,-3.331793589382082,-5.1889017396186645,0.18202176021389935,0.9530332956154796,266.48677411559083,1.8429277693997,7.159423303309013e-05
16396,-2.0762262430918854,-5.339130635599823,0.44959988429029846,1.976890666558354,401.14561965936076,1.6816015892083493,7.16098464080004e-05
16397,-1.8161726727923835,-6.147580610032167,4.114642320760028,1.1816134826916906,154.28035851997865,0.24295733565681932,7.160991748423935e-05
16398,-0.015349132735037685,-5.075224872519444,0.4550580146721227,1.713990365014208,468.09081401781873,0.7256862875513868,7.16108452628345e-05
16399,-3.0783253840779956,-5.399764407961873,0.22984481056798844,2.6451924872012564,471.6117445824149,2.5144696345424418,7.161470335046046e-05
16400,-6.6277360761856965,-11.02936325433116,5.047520468179999,1.5996586741009966,372.8219482067112,0.23177873643072378,7.162583025505758e-05
16401,-3.5515666947254934,-11.554998026478861,5.0312074467401535,1.40325602160007,306.6860549949967,0.6769212727439138,7.162999914979057e-05
16402,-7.3614853192775715,-9.986949775161392,4.965563961784437,8.906058480263397,296.378778220955,0.3986807207386196,7.163852566917023e-05
16403,-1.8291363357242147,-7.886920498832511,4.817831506223686,2.4005638810548304,442.06675080867143,1.1945394523918678,7.16447217318785e-05
16404,-1.1054956983021942,-5.758716557055306,4.008843125466777,0.9528405476108612,265.4981697583429,1.7279678582025992,7.16551094201555e-05
16405,-1.117402150641304,-11.699088625317929,4.920524257516094,1.129286431843411,370.8165921824356,0.8139487555821239,7.166875746829797e-05
16406,-0.8082229439763715,-8.54863884756655,5.037446160595352,1.4382530209595923,300.65000133644804,0.34664554368529554,7.167922115469706e-05
16407,-0.6763362868550917,-12.903233877301421,4.895060440475488,1.906847758902943,468.3096452416769,0.4664958414899081,7.168444458291948e-05
16408,-0.38825523907036086,-5.240639788978394,0.5145635095981727,1.4647351901037402,324.72551413018056,0.05638578745680878,7.168600920405954e-05
16409,-5.011464205828434,-12.210541614017515,4.959081317533758,1.066392073448302,282.565385741336,1.3633577109035544,7.170006010645712e-05
16410,-9.016467162248237,-8.229363748922548,4.180123965325878,1.3470332285302455,303.47927650849505,0.7195555817981019,7.170127414719028e-05
16411,-0.1800597846974057,-5.176291496737982,3.9205514748354826,1.8674120152477087,467.7615988187558,0.4850280374675773,7.170471823642214e-05
16412,-1.4480299930540426,-8.293498806639441,4.949144934199793,0.7398553284634549,150.13641196705007,0.46943656381092236,7.17069604776218e-05
16413,-0.2999180047518948,-12.187338123637796,4.907483368378453,1.2657064675724221,317.6333020564819,0.3372879710827297,7.171791708088621e-05
16414,-1.3549105531362855,-7.8321079277105525,4.794619157501053,1.8620953611644977,448.38857428850105,0.1862923710447797,7.173038800540526e-05
16415,-0.484646758597135,-5.126335862027402,3.8649435401226797,0.9623151711329647,268.8368283237299,1.8680597915732688,7.174090495614834e-05
16416,-0.7291335410126951,-5.1234280788277715,0.4745228921194172,1.7010960215574034,368.5410959749447,1.7880319478223212,7.176355830138357e-05
16417,-0.9373095435248011,-12.846885521984788,4.896614001491411,1.6185089789464806,376.48290523824187,0.8796465504613815,7.17734900023093e-05
16418,-0.05543561217703186,-6.168849883564338,0.41163898413724503,0.8174695781772017,470.15623999846275,0.19994528153020763,7.17803718778759e-05
16419,-1.2540052450451302,-12.578286727535055,4.899938153318012,1.1101088449768808,286.4469154209214,1.320162209917508,7.17806426606002e-05
16420,-0.5078264567957262,-8.258926317666424,4.938777712504308,0.9135791106285861,468.5919280859168,0.8320120112586045,7.178551242676163e-05
16421,-3.623669474138805,-12.379736323922767,4.920641201132941,0.773368640819617,163.61962284006344,0.6174258297940218,7.178875193427203e-05
16422,-4.300895081772471,-5.068734144420862,5.052098041584969,1.1309919495451044,468.03738633423876,0.4633300014461428,7.178985924879261e-05
16423,-9.551261291720953,-6.046681512516011,1.201195267287615,0.8782701229179275,174.82991017516332,0.16169254772977393,7.179064971768249e-05
16424,-1.2072377150552303,-5.094162932948725,0.48799642846218566,0.7583035755068707,466.6531675071311,0.2834137618785002,7.179261925026693e-05
16425,-1.2492862764438701,-6.194678867629281,0.40732474711022165,0.9045733993524926,467.68768943652384,0.5404863393726531,7.179544673044956e-05
16426,-1.0978675442700094,-7.583358786849524,0.14259202505491447,2.5276756548902246,460.9036767809902,2.5272214555885135,7.179569491527127e-05
16427,-2.1243202432865926,-5.048580909921727,0.4839224071482489,0.8137680582572584,193.67286376305162,1.2607017591910727,7.180971705480882e-05
16428,-0.5840104984236643,-7.501905946206256,0.17852563026197768,1.890011072150299,467.8983695844938,0.5011326898984789,7.181680477129106e-05
16429,-0.9658671431000592,-5.721776547369831,3.9661172466603247,1.090688708785641,284.0020488744551,1.6634577869757967,7.182540147202523e-05
16430,-0.6210993566499532,-5.004275019953092,3.8480692850040517,1.4651774066691758,348.8501345612704,0.3801995643893461,7.183309431882943e-05
16431,-1.2752071997329768,-8.066030097901198,4.880893004801823,0.7748537768103814,385.33618179145606,0.2945288408320872,7.184631076744275e-05
16432,-1.4652517344187412,-7.216956868861527,0.21014404123625005,0.946018169132992,252.87515296179063,1.2008670610840557,7.184702315314381e-05
16433,-1.199908991893878,-8.083335811837836,0.012504026981700932,0.9806293753452285,257.34970340970926,1.5387812646322319,7.187821108658824e-05
16434,-2.437310890253242,-6.065882733744565,4.10532992212563,1.9803115106870313,402.49764682986535,1.8476794965096266,7.18879864972632e-05
16435,-4.35297557346944,-12.661389060897484,4.908911386286488,1.0393885258601183,267.0496895348597,1.3572201183797352,7.188898255942769e-05
16436,-3.932555444502068,-5.234042886323965,5.012186427753393,1.8793426705163143,469.8991490175237,0.06930154367726438,7.189036140483335e-05
16437,-2.3976117621371795,-5.222406013671475,0.4380867458120249,1.1969240748826782,303.1495171362185,0.5650544533736435,7.190209817153452e-05
16438,-2.714862606076119,-6.423917479971987,0.03584342298134377,1.3871424891068977,304.9948340026312,0.7247790483196015,7.194014303227218e-05
16439,-1.891703721690428,-7.688143774570411,0.11623322429351175,4.518026554726317,592.2703648627563,0.4548027373452346,7.194562998939827e-05
16440,-0.20594503823800459,-6.609238147886623,4.249778878887081,1.7989078458643981,428.07971742611267,0.04691864051684025,7.195500166506293e-05
16441,-3.990175326384228,-5.452463114928987,0.0031377615315377537,1.1285320857309487,467.4125119450875,0.6676561418726612,7.195873713750175e-05
16442,-0.5126586858039897,-7.272533816188641,0.21530047165564717,1.3172088747521666,290.8809842437217,0.17529429143981812,7.19635083967263e-05
16443,-0.9251169929619945,-6.3148868580099355,0.3762821380421596,1.0107057537704023,272.8338376665653,1.620902744618296,7.197825048397088e-05
16444,-1.6538556960301332,-10.383238552204986,4.982658076034736,1.2905891078618394,283.11987407954484,0.9041618733173227,7.200208238949428e-05
16445,-1.7923423816046586,-6.606884710883748,4.247756189951297,3.237679279266915,517.7224401456893,1.389455221137613,7.201979384661452e-05
16446,-8.320876660096717,-10.27037356681754,1.4043548600644573,0.781880424088835,222.4484505403354,0.7596742207618847,7.20268751741652e-05
16447,-2.4124632532696175,-5.9372282753641645,4.0542998270323825,1.6077895859486755,375.83654665466884,0.24942139213812897,7.202841309841148e-05
16448,-0.4720945346837837,-10.069024152228687,5.012678114450402,0.843388888651606,469.9317777904267,0.20750772590280064,7.202986853359555e-05
16449,-9.00670383438862,-8.775317991570429,2.4885911212111544,1.0314729379782372,274.94939052522415,1.5575902814228701,7.203751840100373e-05
16450,-9.743151160466324,-7.169755838135547,1.560696916818887,1.5527760625898084,211.92219582035574,0.10463586819500481,7.204047619854758e-05
16451,-1.585524318543989,-10.935181765796305,4.947623231813507,2.8903318609227036,474.0006707899797,0.49697765282815975,7.206237305477489e-05
16452,-1.3407502337323436,-11.52655521117332,4.921247349894363,1.0545748118430849,274.65085210917664,1.5586709605622708,7.206628907139696e-05
16453,-1.6424980292073847,-5.1693272173468525,3.9044618063340484,1.5126433074511012,347.4909452405116,0.07580406247813531,7.207455321795883e-05
16454,-1.6891176012699258,-6.90046523026712,0.28675393933371496,0.9378522607975874,468.26413185875776,0.5911018563620098,7.208421377890877e-05
16455,-0.2162444547072102,-5.1322858561025235,0.4660425969304558,1.006344691087295,468.0555536115543,0.5866524606977341,7.208683112521216e-05
16456,-8.299731954368038,-10.052841314897574,2.998391798135096,3.5859745510478036,542.0167305047424,1.133453445535828,7.209608788675596e-05
16457,-0.9919246114406306,-5.351888295397687,0.44097089556342833,1.1357017875971258,292.0561424200684,1.0552157169375533,7.210294483452035e-05
16458,-1.070679268941042,-5.310957777194057,0.4266872330592545,2.4067381960067875,448.774950139548,2.2741840967975078,7.211340777589486e-05
16459,-1.6669859265874614,-6.048079165720657,4.0781652875922765,1.2524462489464008,309.87087349365436,0.7728855747832162,7.211394877522534e-05
16460,-0.6694197487596512,-6.819139943834696,4.342216297214509,1.1428553296408495,292.52017001683134,0.45218661431134777,7.211794819887624e-05
16461,-0.7997938243725518,-6.948892835619863,0.29681857458179645,1.1958329446435343,264.2304389851337,0.2847906370964992,7.212442082079268e-05
16462,-2.133658105437516,-8.040628233671455,0.04289968486812519,0.8780556527963108,467.59529365065634,0.4002878703750534,7.213223193350432e-05
16463,-0.7754507861692552,-6.61598800589393,0.31370517846547025,1.729980986695763,368.04367396771323,0.970848747520356,7.214074295057656e-05
16464,-0.7424845563099023,-7.713441328191615,4.7346244699192805,1.651776026105397,425.76450637544747,0.40121080374855556,7.214714337543716e-05
16465,-9.483976318853653,-8.171164143756325,2.2098356548543965,0.81246249398335,229.55735421092274,0.5594499267683952,7.214725683408563e-05
16466,-8.153038238902031,-11.728034517056475,1.9462317742361632,1.7289320130215777,468.1080161614014,0.03448143005102633,7.215606833270486e-05
16467,-7.935890728718677,-11.261090075971902,0.38855502931576147,1.0986030985983974,467.39359880342914,0.3488927827129329,7.216608856328159e-05
16468,-1.4797559414809793,-8.94458767817809,5.062981544290047,1.1050603035115738,288.8747671338285,1.2723968543603323,7.217354610567491e-05
16469,-1.5600109028997373,-6.282213669108617,0.37682257711277745,0.874553060119022,468.3698294910854,0.8239688965313912,7.217376501986671e-05
16470,-5.185765353049681,-12.223469649588358,4.96227788210128,0.9611117456932758,250.80390029870753,0.7994856089907207,7.21813692240031e-05
16471,-0.036855583500782885,-7.546898408011003,0.15925590853703595,1.8043543863404148,382.4954634626576,2.0659511317973154,7.218808245600202e-05
16472,-0.3645727519055306,-5.46884146684932,0.5048511609904972,1.6068173140332376,374.1647660217814,0.026977137310409738,7.218916822787419e-05
16473,-1.7731334201570021,-5.100981727231016,0.5045258819733667,2.057195143564662,407.84999274828783,1.3983551445943787,7.219322749972941e-05
16474,-1.197531021651626,-7.915754968282453,0.06754888555434116,2.071313823495303,413.7558444217637,2.1684903816637204,7.220443162868507e-05
16475,-2.32788098571101,-7.983862115130785,0.07766288552203116,2.9408467160435987,337.7916859461104,0.04206541660974761,7.222403685932499e-05
16476,-3.037737342800934,-6.080504311643734,0.09885194804137318,0.8228582236910601,452.3995716047533,0.16619001859993787,7.222527662431661e-05
16477,-1.6644279221996054,-5.362442718212367,0.45186821810753447,1.8195377676948732,380.2146701943694,1.4092901749786542,7.222649265192179e-05
16478,-2.0941962578467823,-10.596399653921782,4.98985684857586,2.988528401964557,498.1720436820653,1.483745343823382,7.222744590017827e-05
16479,-1.139245105748369,-6.642291625804347,4.2519896615671104,1.6804849578842351,279.22041186242126,0.01381707374102259,7.225650326476239e-05
16480,-1.618612227527997,-6.172586147650784,4.109620956344605,1.826219550901282,436.6756756941951,0.15164471895883924,7.225893853966146e-05
16481,-8.536605415437167,-9.705444892176265,1.8079498952794482,1.9684842508737797,401.6948984079989,2.0686529329358097,7.226080497566093e-05
16482,-0.9923588603590918,-7.226895855099769,0.21734905295791454,1.7281255869977354,468.9040577532046,0.569098946079408,7.22749959008028e-05
16483,-1.0908041125610897,-5.6008536766058565,0.4224062323757342,0.9941717420966361,239.20320663263334,1.0465560543233554,7.229218319601811e-05
16484,-4.384924229602843,-5.0236485323932705,5.046374532134287,0.973070254050042,256.2759653563473,1.558407901034621,7.22931262670719e-05
16485,-8.138375391858032,-11.598483051050874,2.400003974644458,0.7759837434806984,175.81659041424723,0.10129832558643503,7.229547308488386e-05
16486,-7.547408046682691,-9.620830940842355,5.016392421875393,1.1701447087331132,300.8374801455947,0.6609255686917797,7.23048289879502e-05
16487,-3.756356759244097,-5.141309572228737,0.11367439131504418,1.1086243015823924,265.4876124671205,1.235027736367651,7.230666120365626e-05
16488,-1.6023032227579872,-5.386723422808908,0.508730939761032,0.7720498266123896,468.3298200307085,0.4477043451753264,7.231097331957059e-05
16489,-1.3065746938942553,-6.366163785768765,0.4152942591786503,0.9459696370996635,258.1237179585845,0.7173217712337552,7.232522468120842e-05
16490,-7.379185258252188,-11.490005979366913,4.312088494911545,1.8082721268468744,430.68434678541746,0.17599314867490445,7.233649766695109e-05
16491,-1.73796731196364,-6.729911517630354,4.282111080651082,0.8791644586458663,468.8107146966673,0.18465033771483608,7.233825292453534e-05
16492,-2.7615962755694206,-5.626273027319167,4.29941535883651,0.514036514972237,125.77123590475138,0.49000720618772764,7.233889483609786e-05
16493,-1.2058028632783078,-10.693028237637154,4.958104338066938,1.1123141338869698,253.75215811477042,0.3017478739729915,7.234818398064544e-05
16494,-9.201499484292889,-7.805137879317186,4.583732615806181,0.7986165762592122,330.68054902266033,0.01608725180255277,7.236911606318835e-05
16495,-3.300414188991356,-5.744025839579414,0.05287089850781588,0.8429243088689597,467.23912747035223,0.5576467837129577,7.23725848032535e-05
16496,-2.78357384680434,-6.025629158808483,0.1855278418813224,0.8527345863196011,221.66387336008756,0.8687297598744728,7.23753599865323e-05
16497,-1.6526033036720111,-5.342552961406368,0.49637905602950255,0.7261231979349269,207.50271724921996,0.8375331895101388,7.237737411879993e-05
16498,-1.4270323123588895,-12.213095306502698,4.89853426913776,0.7985905443573018,158.7681052347155,0.1851065779617196,7.237962895992736e-05
16499,-6.570249808671034,-11.716300588396507,4.910009258806355,1.510024453678552,347.56379330446947,0.8157103082155377,7.238332328382102e-05
16500,-0.45713928452173214,-5.14916103755697,0.509183813503564,1.3634063552714757,330.09007470716796,0.28361089157829866,7.238656439856064e-05
16501,-0.7163747409609762,-5.233351358057257,3.9126650348831387,1.4178691221297257,337.5166850223788,1.1196069666601192,7.238691570269342e-05
16502,-0.19986157335814347,-6.399727342647242,0.3680009062269311,1.317038318692819,305.3835555568795,0.3355612932845453,7.238799349668074e-05
16503,-1.88257019633412,-11.539915549053553,4.916691146807172,1.7074213066174058,357.239099375846,0.8014514016612182,7.23926917377041e-05
16504,-1.1196600346932524,-7.043375148637557,4.43830791929581,1.6406154687469428,383.7910829769172,0.14044272615634057,7.239532887794347e-05
16505,-1.5638952452678332,-12.905359297311554,4.885567606777482,1.2007483699569703,266.19824632551325,0.20955764238622887,7.240574120698133e-05
16506,-1.2610819937292543,-10.713662474419678,4.955936155674506,1.8973385517400667,467.79583275164646,0.3117979026384683,7.242182865944352e-05
16507,-1.0146980404718295,-10.067663271271947,5.006280377662396,1.6943331629605505,368.15089585914205,1.8774204809294757,7.242664627359375e-05
16508,-1.4234324238325229,-5.001326501042784,3.8982879101168284,1.4623108417425912,331.60307952875445,0.4794310790344616,7.244901698173698e-05
16509,-1.9131146858368702,-5.41623370566752,0.4919901971620736,1.7007042937056045,405.8438702583421,0.42192144256285324,7.244923128740181e-05
16510,-2.4270571493349156,-5.810693997445614,3.97165050231991,1.7571177713444,467.9232497868742,0.30250020396311594,7.246937204916131e-05
16511,-7.471741989355252,-12.313517272365162,4.065160135963134,1.499055160683469,340.9413600114946,0.15658095878668288,7.24936998404996e-05
16512,-0.3006610430203853,-12.735699688360558,4.886275420008783,1.5925097463207467,366.41004562376276,0.20278130652176518,7.250660106315523e-05
16513,-2.1150634981658225,-12.3142046671546,4.892776550880241,1.4856935514624796,334.4820140059626,0.08280490291537745,7.252139428268211e-05
16514,-2.3073391682661466,-5.194337157950958,0.43684763348326383,1.7525037932306862,467.72710653659624,0.47119709091299544,7.252212318929322e-05
16515,-6.1621875669872255,-12.393086365662626,4.928248025271893,1.1779707959312884,468.7473956934694,0.32435729315940076,7.253200506154633e-05
16516,-1.1687041658052362,-10.428127468208134,4.9944879501635215,1.158303013085522,467.85689604680084,0.221732574442842,7.253548945331736e-05
16517,-2.212402627033777,-6.578267848206939,4.202467488601303,2.517364546318954,457.4905244136681,1.717972808514486,7.253585000082321e-05
16518,-8.187492277793744,-11.30149934504872,2.0961628658595672,0.8698467477350207,468.6008136583055,0.8035352016362838,7.254311434105147e-05
16519,-0.710592786656731,-8.990564297720093,5.063305825139322,5.153613436735726,262.84426272994324,0.37723721280097955,7.255006647334694e-05
16520,-1.4191650861891336,-9.211356893514402,5.0614877911039,1.753570923410371,414.4282858633382,0.14493755047716217,7.255141605283276e-05
16521,-1.062121526848344,-7.9112497603781184,4.8148109886210175,1.0735523224452217,280.6125617872872,1.7834212676939503,7.255310745780587e-05
16522,-2.1571180638995644,-9.652580172768358,5.045899929614474,0.924739875387464,244.02813631613458,0.3919703190475792,7.255525624302543e-05
16523,-4.563795358942988,-11.605862525520697,5.028416233640115,1.4550228153686418,171.87784670091682,0.42574891731087927,7.256941590427456e-05
16524,-1.988108456318221,-8.362418756029612,4.955432589572078,0.7971738090180394,468.078084852464,0.5342540249134373,7.257123966034133e-05
16525,-9.534125420919661,-6.275945803096872,1.187232448233023,1.9098956297625558,465.1644765406509,0.5657687458043723,7.258419997271323e-05
16526,-0.13431940934238007,-6.997496444049664,4.4142122006576585,1.6208087680853744,255.08737746314281,0.04695305199529276,7.258521185590375e-05
16527,-0.49595588182816996,-7.934832144753076,4.823473878914441,1.700771688920846,468.6416513790784,0.8287662785325933,7.258558461530733e-05
16528,-1.2263054463520842,-6.924072813596449,4.38980538252924,1.3125614751573733,288.595349984756,0.45972196764776196,7.259441893113661e-05
16529,-0.7513577396551145,-9.134937111683769,5.063215125542005,2.0464862575239198,402.0560281588269,0.999663648354109,7.259811811444539e-05
16530,-1.3765074883511783,-5.638668063553058,3.9374507525623446,1.8668678295379633,257.6272005902864,0.06922728276021584,7.260969836640833e-05
16531,-2.169002436223587,-7.340469648260808,4.581113505006165,1.7704736207249105,420.0824565776757,0.1664126665940886,7.26097337539646e-05
16532,-8.504482011334945,-8.757219037533147,4.341485289666404,1.088720429589268,468.9002120444249,0.9188352192360894,7.261144517986781e-05
16533,-2.0452223252460167,-7.029619764095828,0.27048959457847643,2.5428887259395996,461.517217216459,2.157853327902415,7.261207105710142e-05
16534,-4.796410824196405,-12.757682119788566,4.90817434042842,0.9502215940211972,467.45210133352094,0.10172241341211663,7.261295499817746e-05
16535,-9.598714248029156,-7.816244743941034,3.8042002228470833,0.5301026978843794,168.0604499405901,0.35789156837373515,7.261651342043626e-05
16536,-1.200943582523191,-11.106401298945277,4.93197270081005,1.180760636937399,263.05942499621653,0.01831151017467203,7.26178060093122e-05
16537,-2.15025217179896,-5.226356211535848,3.9012280925601743,1.6230272979942537,266.157230057072,0.03195978294719293,7.262140887889046e-05
16538,-0.6513993621373082,-5.036825366846977,3.878165505559693,0.7396147753913733,170.6488404786597,1.104377634145636,7.262808029282348e-05
16539,-0.22037903342744158,-8.595216443942968,5.033548850910349,1.314609907692871,317.7613196572533,1.0997538187796403,7.262844609764611e-05
16540,-3.0811842098252704,-6.286667577425042,0.05947904728936154,0.9530629374227232,231.00462529033038,0.7717448483105658,7.262936047473849e-05
16541,-7.804506320940096,-11.495918662727687,3.600099108881803,0.978243953095088,200.65701205002318,0.9819426269656377,7.263105744550059e-05
16542,-1.1594670088220873,-7.500370416847579,4.6603457686538965,1.3062783410443484,294.72416698215477,0.4010429243070943,7.263609268063072e-05
16543,-8.878162945111404,-8.908156256100341,1.5079040513327644,1.2535439170938092,309.3994733268064,1.4742857405374208,7.264261974363246e-05
16544,-0.607613836265168,-7.986751003675425,0.08614914151866745,0.6209891016220456,162.9686983206755,0.7310433513748782,7.265584704077849e-05
16545,-2.239762093657922,-12.432502142634311,4.889097363870017,1.5056270043991566,343.32576598799415,0.4497656941196917,7.265746394500387e-05
16546,-0.7879298524015894,-6.184762795203786,4.105525729423557,1.2154052559420734,467.95706278877924,0.693301874529828,7.266735347970516e-05
16547,-2.3941621764696226,-5.073642852437953,0.5191765842392322,0.9451081683922317,254.05308166216003,1.6527998032923081,7.267269066624175e-05
16548,-4.18629193880716,-12.930630981115737,4.886491099650314,1.3883685655025049,468.7299939918466,0.8310206274044445,7.267310695864088e-05
16549,-2.464322605304875,-7.1970434169163475,0.25861825456954485,1.2307926021589686,274.3013416694538,0.15226759264189482,7.268131477793128e-05
16550,-1.7482388308872956,-6.548809582172283,0.3736236930717289,1.900832133383623,468.22362914887833,0.3993592302643387,7.268521509205755e-05
16551,-2.4403969601338265,-5.039433122833744,0.47780369517898186,0.8679517722655784,186.48529826335414,0.014188746785538164,7.268735769353342e-05
16552,-0.7012355770118663,-7.745605048785997,4.739185806399142,0.6094036652077581,179.49114728963605,0.150775381913415,7.26897711257493e-05
16553,-2.832056651587898,-5.56620903167727,0.21920523350875212,0.9645997400704597,468.2543084126978,0.8630979956325753,7.269310415846694e-05
16554,-0.05716000832251389,-10.325218570494227,4.9972768805443835,1.3561682347932646,433.8292170661571,0.036785528086160646,7.27023437836425e-05
16555,-1.022394526679843,-9.500433587403931,5.052533988851817,1.0398139453304687,272.96982656284456,0.6644626401930784,7.270842408674095e-05
16556,-5.146355356362668,-12.57388951494908,4.929549510436293,0.9279806752465282,467.7297112436021,0.5925035424230822,7.272348418630577e-05
16557,-0.24943650453460542,-11.083666552477098,4.9316219766525595,1.3447732144164604,321.1186363109395,1.2027751547201637,7.273605191998257e-05
16558,-4.716113011982755,-12.599929453677282,4.915794478181358,1.0904199272848327,286.3971631361639,1.1399367096676505,7.274587432757994e-05
16559,-0.4277031167751524,-7.560074395666713,4.686447195444007,0.9456596169916582,180.27562247451365,0.1283113820018622,7.274782297264743e-05
16560,-0.6194096765249171,-7.980004241352315,0.06305397518768348,1.7068197963928535,399.74703112413187,0.40093737497477466,7.275643288422087e-05
16561,-1.415512508885305,-6.564597590463186,0.3213062779653754,0.7032184364501278,210.23799244587303,1.294989946878549,7.275881728087771e-05
16562,-0.6530605579821103,-6.134489995116257,4.089159290848404,0.8806356806850397,232.9342211471463,1.1282517511314856,7.27651695736897e-05
16563,-0.5173769301109967,-6.526321253679333,4.194239868717065,1.687138636110347,397.5408648215089,0.5897612890582877,7.27725423229567e-05
16564,-0.08908972035878726,-5.205600566029294,0.5199380346937853,2.077438389499962,413.48306486817876,1.8379262186102325,7.277331857130368e-05
16565,-1.0289710499115703,-11.736254824788475,4.905395347485101,0.9642127276133801,470.2532455098159,0.031117640517173584,7.277734806554382e-05
16566,-2.047868318802606,-10.973003748942121,4.936780495401374,1.00339197911582,276.1215034221973,1.1264759820238543,7.277979798821369e-05
16567,-8.289987629020686,-9.906780788777086,3.213584222096699,0.6750227692778887,132.8081180991038,0.15862413267950348,7.278637556120219e-05
16568,-2.03123771579388,-9.501848452373297,5.051537467812652,1.0053696076222398,262.1094585617376,1.5221596936475805,7.279075139750933e-05
16569,-8.50423314798487,-9.749967680597287,2.3451710447683713,1.8464317128356897,470.26136163579486,0.029825502703524798,7.279107582924928e-05
16570,-1.3476407442695493,-7.166800396375828,0.2784894596573754,0.8763568143596323,468.6642303912808,0.8794917048575108,7.279354131002806e-05
16571,-0.8067555923413607,-9.970509386367805,5.029914352704484,0.6185333714213641,179.457476033699,0.7631341053285148,7.280862668363229e-05
16572,-4.037108487883938,-5.408169588544444,0.03843495933389353,0.6602811031791684,152.7788195735824,0.41597778983915834,7.281143374628047e-05
16573,-3.767625740895932,-5.231397029314076,0.09007221564723106,1.5751217215546485,468.8922706838441,0.6043723879100202,7.282038886496445e-05
16574,-3.4518195188308507,-5.52454148551856,0.07119354233953933,0.679492117106119,204.85087434220065,1.3376028737240189,7.282160918733682e-05
16575,-0.3979064960415162,-5.31991922292584,0.48152209298169046,2.291528950080761,433.9903260778928,1.5329341481918322,7.282192546764145e-05
16576,-2.5048153654942844,-5.719134311838645,0.4176747569290875,1.7609637019907187,469.3137850348194,0.6281717731342225,7.282706509338519e-05
16577,-0.4224155430534893,-12.733987672253997,4.882112387841849,1.6332041218884938,359.79603846517216,1.7762282175045732,7.282759778905206e-05
16578,-9.925054598867133,-7.510378221746547,1.9573242589607374,1.340885373666032,290.8299671915205,0.5174810586781273,7.283687141857038e-05
16579,-0.6499615703381796,-10.668886617233508,4.953373417570756,1.3736599082449124,302.4548753865949,0.8730563196429015,7.285841024121045e-05
16580,-7.875808628060807,-11.421677565601756,3.4546070109260696,1.5021753152875021,339.4053122551674,0.5273392274374205,7.288370597208796e-05
16581,-1.3987316203383813,-5.995183391220234,4.050637909892564,0.9890325065209215,273.27218559527444,1.2063045174409188,7.288643275608003e-05
16582,-1.055166547952254,-5.391370310749352,0.5023350821580295,1.0113686735628336,264.0719648933398,1.4059624028068791,7.289410357141677e-05
16583,-0.40619375374827094,-7.079327531973437,4.446694514581202,0.9920713784463119,461.3770260686575,0.056654710352970206,7.289897312115869e-05
16584,-0.09436749208701656,-11.519323578927947,4.911039669970998,1.4532380789432073,345.34192932773595,0.3106311513905462,7.290122511521905e-05
16585,-2.196784440894355,-9.219740886993787,5.057109278704807,2.2887913255170775,424.28006718345074,0.8007428144785207,7.291202899727608e-05
16586,-2.1052096256271193,-5.074407891618357,0.5166962427394478,0.9818732312061765,272.45041108723365,0.7087771067563233,7.2915386769766e-05
16587,-8.20352109388835,-10.74291144611221,1.375199666980671,0.9315984384330421,250.43283931114868,1.2419470137086455,7.291597343918038e-05
16588,-1.3911479759944463,-6.372271105445991,0.4015614427087162,2.0561760429122287,402.88961105090686,1.0065246401132644,7.292330744939673e-05
16589,-0.43501140791534176,-8.868274690785281,5.054385217174532,1.5079891971412243,343.420234237159,0.5026838111911731,7.292451030907224e-05
16590,-0.3396854232904758,-7.7380605928109585,4.734241920031367,0.5838405750639258,120.11160780420643,0.7261271095264306,7.292691877447666e-05
16591,-1.7659089274750492,-7.625853893210621,0.13993186301138727,0.9013539990432015,231.5420265731021,1.1233941994354533,7.292864813236375e-05
16592,-0.726362905416174,-6.611082892977525,0.3176891310193235,1.5445209361571937,468.8157621597952,0.7696672766266097,7.293024595556706e-05
16593,-4.588608479948892,-11.363466491122399,5.076972095642775,0.9520611399475076,260.06662698276835,1.216651086441769,7.29353792090376e-05
16594,-6.992042596566204,-12.214986619930427,4.600500513418433,1.042580240676152,261.16779098876316,0.14892294303324682,7.293608884911621e-05
16595,-7.772838579385608,-12.767310186796928,3.486853887867411,0.6622918421573764,205.4336517311034,1.2691478104382732,7.294758646009281e-05
16596,-0.4446646783703372,-5.734977761932593,0.43182212579665147,0.8436765383016258,137.54349421123538,0.28797447451596003,7.296273549772263e-05
16597,-2.101211260103292,-7.2667059837279995,4.533853868378972,0.8616097261531471,232.58667902973798,0.6579947617700599,7.296574327468425e-05
16598,-1.0098901312840667,-7.810704572586892,0.08924616876823821,1.2552426016564797,247.90373691595263,0.011121492168846281,7.29778313162666e-05
16599,-1.397710692136668,-11.401557535276577,4.914526271623636,0.852315959976431,469.91278502499756,0.17250649228089632,7.297833209423929e-05
16600,-8.645690479364738,-8.26845278781074,4.854097021185732,0.9996676894233122,129.84741687685576,0.302993088590914,7.299830429727647e-05
16601,-0.6086938812754212,-6.643763354836484,0.3401667076807781,1.8184278957152067,435.27485190721336,0.07662625915898857,7.303666983923118e-05
16602,-4.868032492581019,-12.717071834775172,4.910991726511473,1.0815766251940329,279.56213445686296,1.385463219486689,7.30534095956981e-05
16603,-1.3545036448802836,-5.537201026812981,3.886336419858306,1.131677776775544,467.40410623195083,0.6650037186773439,7.305771108432126e-05
16604,-2.592375285373337,-6.842861836655367,4.8476441940000035,2.50748182808233,456.1654364508437,1.6459977882885468,7.306154369725024e-05
16605,-2.441162858659851,-5.73050845389198,3.9924036453408522,1.7594237718105679,417.3557423750797,0.5057980031404972,7.306207247417555e-05
16606,-0.7512240279849376,-5.309115262766122,3.9157493574312516,0.9222342696353836,236.74378747008365,1.2088307915385244,7.306287707326808e-05
16607,-0.22728360185276308,-7.154242389891852,0.2950958110345,1.0249294525898998,210.107464684131,0.21223924653034754,7.308973091202512e-05
16608,-2.1819349968249,-7.107379976787833,0.2213421207980163,0.9367959473986986,209.82522683480943,0.05946013331447553,7.309185807911688e-05
16609,-0.25984381747790763,-5.3245215894087785,0.5200939090415092,1.8505022731408585,380.89316738235124,0.9948191929058305,7.309586425761329e-05
16610,-2.8846067598490466,-6.474190719652019,0.01973907941362364,1.8321444270064695,436.3336116194735,0.49471069948400714,7.30964719631916e-05
16611,-9.59881296720662,-7.7086789703514835,4.02959497578254,0.8221730491929389,216.85119770672097,0.6755577435522637,7.309925208791064e-05
16612,-0.1727049265907965,-8.560214795612586,4.9993079791537065,1.0855820285126314,227.81163403795597,0.7451953576029622,7.310837655464668e-05
16613,-9.911005809885085,-6.344939984783067,4.856860395236033,1.2078459025566577,257.63516875930463,0.0556796764194436,7.310861780899237e-05
16614,-3.0044915797174587,-5.793755374584188,5.057982346914507,1.7273634326186533,468.80148847525993,0.7762046498008983,7.311171056019884e-05
16615,-1.6626485258497716,-6.512259600461129,4.192252023092623,1.7253735395644596,364.3755507922415,0.8670513169239689,7.3113610803469e-05
16616,-2.6636186927366676,-5.6729294108715855,4.061626501764538,0.8454899402455168,167.72667161492524,0.16762423718293018,7.311687972001875e-05
16617,-3.9632914969556197,-11.386514440747954,5.059365410025481,1.098555525514704,292.2806378238566,0.9864566059400728,7.31211109026288e-05
16618,-7.0888277896916385,-11.025963150328662,4.738734565127445,1.192439884695602,467.51460062602536,0.238358682176103,7.313590487790222e-05
16619,-9.953413277279516,-6.113759903294715,4.828575649876491,1.1488723583424019,304.19379360386205,0.0144590599611778,7.313781675840777e-05
16620,-1.3877976115818669,-5.617610725715361,0.478032703953106,0.7873442419142406,201.86239035551245,0.5898220613805867,7.314423058166797e-05
16621,-2.4394148839954477,-6.91160143362288,4.389563337272488,1.732945097910799,468.56528031080904,0.6713734335584585,7.314544696472258e-05
16622,-8.083628098016423,-11.290437053303867,2.855760581842423,1.48306060050066,344.6668640720938,0.8691566302648823,7.314636687553982e-05
16623,-4.114887466333307,-5.152189219951722,4.966484986012151,2.6272860779887535,468.53156696632067,1.9315738982991304,7.31486637820573e-05
16624,-1.7277707146709282,-5.337389838222672,3.9178239918271345,0.9941721176314442,468.085213506357,0.32189471813994697,7.315200570141664e-05
16625,-0.24080878235722025,-5.311015521699129,3.8627635650317913,0.5929391910136358,124.45644515930526,0.04860001476795439,7.315977384868261e-05
16626,-1.138110505891909,-6.46144585339535,0.3896096886168217,3.9012447909190233,562.1470936375491,0.9421244518841592,7.316004494040369e-05
16627,-8.6511538889678,-9.143229281191939,0.7059229318854447,1.723400165518732,408.04656291127304,0.7548029539820806,7.316425131294922e-05
16628,-2.8706829860875436,-5.520233958826966,0.23801554520380275,0.840384421785283,203.53970103928876,1.2566419504026767,7.316640004887289e-05
16629,-3.9983038643905697,-5.0036980296482305,4.9131425427519435,1.1300686806470273,266.44300406280377,0.6783132738889384,7.316729686829149e-05
16630,-0.14537168672644718,-6.361305258912732,0.3980552793966361,1.5918603459164322,467.9219071050674,0.4547734770104048,7.31674948376902e-05
16631,-9.68659630615788,-5.6018167962145435,1.4066638822624242,0.6871090984497149,159.78633663560788,0.10314744534380704,7.318455574595564e-05
16632,-1.645941823954196,-9.838963366334156,5.014993000388774,1.615205775148571,468.03409122393793,0.031297800026610645,7.318640939485627e-05
16633,-1.6005109785407576,-5.29052395974744,0.47771239423021705,1.0390087974767808,208.92338513164395,0.22924983414645705,7.318664011182302e-05
16634,-1.459826789123353,-5.963976456844168,0.435815680363493,1.06350829356217,277.7023585917534,1.6542155831617746,7.318894862894778e-05
16635,-1.0803418125648374,-11.785157707938785,4.898755012421646,1.1332652220875292,292.72284031239093,0.2263764385758522,7.319070008292078e-05
16636,-0.26593529413314876,-5.8604512666798865,0.442785655183239,1.3593393018087507,469.8767348745115,0.10149765392346399,7.319105842317646e-05
16637,-0.17350915267983602,-10.620626184819937,4.952355210358431,1.4080459816171875,308.9979830475504,0.15719372464774128,7.319402498736617e-05
16638,-0.39698459152810983,-7.512368661351112,4.657503519091381,1.1453840590381545,294.1198701930484,1.1240288054020118,7.320572444761556e-05
16639,-2.018051886881117,-5.223896910697576,3.892966871341423,0.7397040823060482,204.95455682630595,1.2511530448831172,7.321014180260893e-05
16640,-0.34120085707988146,-5.037206310920937,0.4779092774778502,1.123790864079736,467.79251071401944,0.113435200198575,7.321136014759157e-05
16641,-1.5048132582056155,-7.123017318758662,4.461747480170709,1.7573065713479408,329.4267817000795,0.1814769186425078,7.322848420961747e-05
16642,-0.5336166713679873,-5.395587668416618,3.8746700210735563,0.732093370849336,468.29017270694715,0.43816079023884846,7.323716932237325e-05
16643,-0.8643584739408219,-12.433108682501015,4.881257137396816,1.5870571406249634,365.8120315346198,0.6862829533405881,7.32410637578089e-05
16644,-2.717790005717128,-6.442237557932902,0.0769713284276851,1.0403579245370496,283.2778322775642,1.1677911023616012,7.324122372282633e-05
16645,-2.0917211490168865,-5.2236239362089965,0.518589582587242,1.2747623640286587,451.5627837592515,0.23975421510117734,7.325078734493964e-05
16646,-1.0935168436393319,-9.089146178494417,5.054914794885971,1.589075553692304,468.30856066864226,0.5016244217610835,7.32551230299342e-05
16647,-0.9294442376410004,-12.296428692495388,4.883388605717638,1.138505865821179,286.8766943319464,0.9523098294715968,7.326948619430043e-05
16648,-1.4776563043073274,-6.642949020037153,0.31809488890767834,0.917370500058979,260.4773235055715,1.2593366579760374,7.32706698119172e-05
16649,-2.1331792592986307,-6.989407164321956,4.364889767554703,1.0994751913496412,467.85765560336057,0.1849332855005823,7.327184375773227e-05
16650,-1.4087318370567576,-8.943558041697427,5.054449675688482,0.6546989710393579,160.17598374207478,0.5312108824151371,7.330912252810357e-05
16651,-9.755552610686655,-5.843216743047078,5.080804110657228,1.0474030566987398,467.9873535211774,0.7977875383838002,7.330940369312473e-05
16652,-1.1522720010402594,-6.819383749323676,0.3257637983610318,1.0517176843619735,281.11582770309747,1.3428280221253415,7.331135847150686e-05
16653,-1.0583129005127319,-11.826575424182707,4.894037189285954,1.598281955919995,352.09031531766294,1.1879273155719527,7.331914481928966e-05
16654,-0.6290479616238045,-8.005468219376176,4.83987725652777,0.540566518649435,118.21912630833558,1.109225748970279,7.332044855716644e-05
16655,-1.6748975693505255,-7.302800625134839,4.545498878543201,1.042915307696979,282.9591878459397,0.7573012156169794,7.33212021685803e-05
16656,-2.144676847521602,-10.22689009219921,4.977849943229642,0.7335355263350236,468.46613706196973,0.3394148357748632,7.333071720700318e-05
16657,-1.46042268607275,-12.594494162407578,4.877405297698984,1.484903072739463,468.83669734543844,0.42159424353291275,7.333941459353004e-05
16658,-2.502391512229999,-5.732587582616694,0.4558430862682786,1.1572460635185235,231.53795788946002,0.005466890397674007,7.335525026064755e-05
16659,-9.908098932933866,-6.513199763764723,4.815839704690546,1.5968947675425156,375.9963968299576,0.48626090688974255,7.336392274983328e-05
16660,-1.3865814794769946,-5.173203386468376,0.5022843281304606,1.0854004156048798,282.654100122487,1.5445321588515126,7.336993596598799e-05
16661,-0.37647836829375514,-6.620772579880449,0.3388143652420688,1.306258256441501,313.9069963657904,1.2539944921496486,7.337983116740734e-05
16662,-1.5641931878516946,-5.410609435628764,3.8742109396533766,0.8272376763358625,176.57400073813983,0.32310592859175724,7.338681925440888e-05
16663,-9.237573680700809,-8.280679965444197,1.5254876586159587,1.422034288108551,313.27067542981615,0.5681348374030089,7.339679331951784e-05
16664,-2.9572998445169425,-6.103781131196557,0.17118541670303702,3.29886828988824,474.76478648928884,0.14751577263385496,7.340404755722943e-05
16665,-0.5789149152571778,-12.509431131699523,4.877823082835226,1.3684944609967846,329.5775336022014,1.3848325851688807,7.340864660034239e-05
16666,-2.125160735691476,-5.3660433113102695,0.511421169641918,0.8382034313024843,220.25693439399657,1.258601276112758,7.341484952898198e-05
16667,-1.7292295185118576,-5.970138035070595,4.018188358162062,1.665319281109586,225.94073895239183,0.12411038137021979,7.341580563511443e-05
16668,-1.3739705871784071,-7.21486530338413,0.2499742663837761,1.0969566438832712,362.56621341867105,0.9998140819143364,7.341843226130448e-05
16669,-2.2925136965502357,-7.7907567672901195,0.1085522385140476,1.5788985562731772,354.0451214891012,1.5015559093891797,7.342010182105904e-05
16670,-1.1865865549762162,-12.147811583284202,4.884287553388757,1.625678988097707,468.5893437800038,0.5781701423341472,7.343947419171408e-05
16671,-1.048693504583424,-9.902631636577404,5.0363047287791884,0.8683452167344169,214.8763188966157,0.34128296892849175,7.344643909429313e-05
16672,-2.115361135812334,-6.432543586151051,4.2167823836206235,1.7019479155285402,467.08445144503264,0.008084674048443041,7.345114740162861e-05
16673,-2.160064420507279,-7.036215871626947,0.2741087133201109,0.8515893942625374,170.61340003326816,1.0302726874219417,7.345869104950409e-05
16674,-1.5763193597922847,-12.105681790427125,4.88491867051057,1.2815258377464003,276.3334620278632,0.033137187244110855,7.346447645733692e-05
16675,-3.3645498309292075,-12.907806190445188,4.874696737486231,1.3028298956772735,224.46713817557085,0.060417495991220704,7.347517593659268e-05
16676,-0.23787826954005808,-5.700993286820943,0.46548512480051624,2.55659009575206,452.1300480978603,0.8341501521498804,7.348106471960447e-05
16677,-8.008623612289265,-12.673641619602467,0.8911193473092186,1.8205460454967428,434.5073456354111,0.3347032478548444,7.349184096058703e-05
16678,-0.4118490860359767,-7.114951101707635,0.29809851544770594,2.0718043895563363,389.06118788158665,0.4462730013976275,7.349270173825757e-05
16679,-3.471615439222278,-5.291023498404793,0.10981671716008151,1.77711250095039,423.1671472482899,0.4273973358551375,7.350350591418881e-05
16680,-9.788437396102559,-7.375520832649048,4.272737254070738,2.6345757520303525,250.4541580859252,0.17054797193291638,7.351036251912967e-05
16681,-1.7537400338616909,-8.523281269270576,4.9779735385077295,1.727258894293823,470.4530945789889,0.22821011751151854,7.351200398842971e-05
16682,-1.0665142815942836,-8.008149685927847,0.05218574939041216,1.1011605475200827,235.89180590868426,0.1911501071252193,7.351863016909473e-05
16683,-1.76001231831202,-8.352538213560756,4.941009983019523,1.0583306182156893,275.48104536778044,1.4918559572540344,7.352183628185924e-05
16684,-4.077661808492844,-11.998820245172505,4.95887731995113,1.0339864523940865,275.0937918340483,0.4364564308091685,7.352494511273514e-05
16685,-2.5626948299037755,-6.555734755159,4.397796226764183,0.8837954731240566,228.89500339422688,1.0415722599210122,7.353025453385043e-05
16686,-0.7711858892786321,-5.086794558989445,0.495770419481712,1.2055723669836724,268.0522699238447,0.2911491545691929,7.353800448426424e-05
16687,-0.33055110225195605,-6.732147082986412,4.262431671030259,0.7327052967417619,214.5579414698149,1.4038938245959782,7.353957587175553e-05
16688,-0.9578112205240981,-8.528020147555983,4.9953893232979825,0.8094448993124713,174.51146798675344,0.530180018057469,7.354151240858542e-05
16689,-8.63911410090352,-9.124003400691347,3.291752556622023,1.0813445577243397,282.7961692041254,1.3052866153911742,7.355073357646646e-05
16690,-3.419061379222418,-11.81233639365753,4.977085918359112,0.8227422356817229,200.9621119025071,0.8648883428273226,7.355105328642435e-05
16691,-1.0924109672323858,-5.208322854357305,0.5109023828932243,9.231596666138921,721.3931425878292,0.20180351451101775,7.356061397158628e-05
16692,-0.06105000792090465,-10.81509875594688,4.935938264803907,0.7497288699580986,467.54922681555973,0.48968640365307525,7.356225994788212e-05
16693,-1.8856364898631632,-12.851925197423146,4.871128431660475,1.7465267375780886,413.20027877093804,0.2201578664288366,7.356900850029135e-05
16694,-1.4127526709090166,-10.152946604645583,4.995127912282109,0.9014108960061241,194.71110538234956,0.3363862549243306,7.359185485678091e-05
16695,-0.929521982023024,-7.703595523736295,0.11786593449418101,1.2463568338449758,256.0382467110943,0.04058818596083569,7.359190236108958e-05
16696,-6.427561921887014,-12.557300205902223,4.857575829168859,0.7877625295114618,468.5227541072322,0.1432442175842139,7.359317051536505e-05
16697,-2.130283727270468,-9.77024092572949,5.0086779748797605,0.982705095521327,467.6638823533368,0.18036591286597936,7.359611412407864e-05
16698,-8.801859104943842,-9.112237106282615,1.896062697399327,1.0898527824477273,282.8523130757565,0.4502637037068,7.359909402508299e-05
16699,-1.8158380811790682,-11.126679340214148,4.918870905097898,3.392040653490235,528.9704504271099,1.3020170236784523,7.360169434663955e-05
16700,-1.1036400137414972,-10.15791583694843,4.998343102379778,0.7592638026304576,395.47456410868654,0.30750088113771223,7.360331835956722e-05
16701,-2.4583875585024026,-5.89786193596471,3.968652238331756,1.9138733810606847,468.95412286044797,0.6027088708595887,7.362221763214726e-05
16702,-2.671672630357806,-6.643302187549992,4.992359191783845,2.506587603873808,449.5966607545552,0.8808071528194059,7.362499277953715e-05
16703,-1.8616142555813973,-5.467990541199504,0.4911207797009179,1.7893034621311763,423.67852505095715,0.11894212088241574,7.362592158119104e-05
16704,-6.947485620736003,-11.865757476700797,4.6742762743244315,0.9122948644887847,469.4784604943454,0.05824371436335518,7.362643116962647e-05
16705,-0.2172504946609024,-8.993650796180342,5.048747413263997,0.9378352104738251,264.6128702955455,1.1370229063181219,7.363523366730494e-05
16706,-1.3540304923165305,-11.51405636202415,4.902052180757525,1.7774176722167783,434.7162268849964,0.8649184934180996,7.36387880389702e-05
16707,-4.743814599714278,-11.576854871032658,5.033178501825241,1.0778128097180069,150.63553123527132,0.22904061273175103,7.364589902120777e-05
16708,-0.6077427977272478,-8.503060756192337,4.992758152609314,1.0409123162524643,247.09517459373146,0.47677656705676963,7.365329446906503e-05
16709,-3.5211511032077967,-5.236109029589933,0.13846736630607367,0.9074032645124435,236.71529314793952,0.3929623009690504,7.36572283238352e-05
16710,-2.7050373535216625,-5.387755978243758,3.907773221518148,2.3331965908973316,429.0524946334906,0.82159630200539,7.366000294493185e-05
16711,-0.8315602067628518,-5.566054152186052,0.4826641307355602,1.5844952061324684,413.31331066910593,0.02240157572100987,7.366397787656419e-05
16712,-1.1597643693209658,-8.427408824339345,4.956304903236528,2.536698840175381,458.25429649934654,0.40007287345140696,7.369437017557727e-05
16713,-0.85090200369266,-8.744969281145304,5.040744373583692,2.0477386687691723,408.68432604712973,1.6396192869515236,7.370408168735812e-05
16714,-6.531880795794602,-11.398504357638728,4.978974204507101,1.7966440135408228,429.02111195374215,0.011005690766084264,7.371082167072267e-05
16715,-4.021774568643974,-5.208470930011744,4.983279106510788,0.8750139538981535,183.0387952068851,0.37003456406093616,7.374660218025276e-05
16716,-0.8099815181754781,-6.233866713302798,4.099630784631495,2.603142367041048,466.3369658984557,1.824463645127123,7.377671531020825e-05
16717,-1.32478336124586,-6.495137625188528,0.3798288178408201,0.8645402382545702,216.30624247352293,0.5547907518328321,7.378524049083937e-05
16718,-8.786131802081815,-9.119083439896226,2.4573264085140667,1.1184128383109586,291.7418932132926,1.133316849314041,7.380160346267036e-05
16719,-1.7420366847480473,-6.817293875300883,4.293559263891697,1.0368770641701528,467.0557847159423,0.6135668119032989,7.380514319522837e-05
16720,-2.3675121577091396,-5.410133346309938,3.9152432690118872,0.7338024187873783,467.60318020495646,0.42110277111450944,7.380638714238784e-05
16721,-1.0106357318623864,-6.419622102161839,4.159460509535317,2.0729103903208177,403.56571266610285,0.9457153366620519,7.381964092680061e-05
16722,-3.4875559381215515,-5.0753802341836955,4.785692168509544,5.661319266364634,655.4309136556511,0.6002557611595636,7.383869788658139e-05
16723,-0.5784283192622652,-8.481745768350613,4.990150772075762,1.3975036317053213,467.9907598851036,0.4258431195652692,7.384867259686968e-05
16724,-1.4333387510492628,-8.761936408004898,5.014256934084631,1.1525800563765083,300.64809190472613,0.7128676049944422,7.385336952803419e-05
16725,-1.162676224690392,-5.878004148338206,0.47330849115105506,0.8640094142209872,240.3452738196161,1.4093884151842024,7.385605744224346e-05
16726,-3.05150427962341,-12.667001206641649,5.128906753536239,0.8182074473335235,241.03289524714506,0.6000676802467062,7.386012684983391e-05
16727,-1.0041570605320835,-5.260710030541386,0.51796575013718,0.7587088649033327,178.2414169758958,0.16470978206929843,7.387016859466539e-05
16728,-1.5698690435420026,-5.930270327688314,0.4322248902840426,1.8223738636296063,468.07961168901,0.43907624963774605,7.387393786436003e-05
16729,-7.350997807415346,-12.411695341392585,4.212301715033345,1.510580772856034,343.44854610232807,1.7201376305534684,7.38759533907899e-05
16730,-0.20431980519500215,-7.544329414176715,4.662458931154455,1.8331550729947328,468.0452431027799,0.263797043838621,7.388425963313556e-05
16731,-2.2013812379811455,-7.689778850298419,0.1691667017634043,0.6332972210591582,197.8542574556377,0.6229450546652613,7.39080484747824e-05
16732,-6.371519631515408,-11.607586408205208,4.983963852764208,1.4634061082396497,324.2930790051412,0.25262540221511376,7.391377896747434e-05
16733,-1.6086442594591865,-7.5751682722508535,4.676337590534082,1.2487733570443804,312.6290818594938,0.5584986226830226,7.391514977401753e-05
16734,-4.187079992621703,-5.046062527912772,4.904006998910812,0.8915136778050944,186.56741649171465,0.6638723369853574,7.392393487831009e-05
16735,-0.6180021086489127,-10.717809946117288,4.937382238616074,1.2785698332822,268.8917807235706,0.975842600431573,7.392536577666466e-05
16736,-2.0431545888265585,-7.849574495312579,4.7711532946038755,1.0889250699752266,281.7645951520134,1.7334248508617494,7.39364550659479e-05
16737,-3.7725717779007875,-11.945079376256315,4.959907145135164,0.8563076815255132,165.93903570471213,0.1336211724733003,7.394176713298823e-05
16738,-1.0248489692459355,-12.129421762393376,4.878112446155265,1.1356154679614479,467.30568359778744,0.13035000994625623,7.395312627712861e-05
16739,-1.3767554307951162,-7.224380560404127,0.2912306517032024,1.0365082633126805,207.78966466380916,0.9896789572994864,7.396387712587745e-05
16740,-4.09799409376318,-11.12456883635137,5.127216529309863,0.7391042208330555,466.4682171986259,0.3153106075128216,7.398204854386291e-05
16741,-5.269198383560319,-12.807881349927063,4.911651548295773,1.0252991555037443,469.0671631060754,0.00578853774359267,7.398277532268431e-05
16742,-3.2703806678291887,-12.674145264821444,4.904921133321711,0.7981078186797642,468.8839706178235,0.1496846385811006,7.399548672830305e-05
16743,-2.267998182000839,-8.941826395974033,5.042520760627198,7.888354789197953,623.9600505257552,0.09517445999036855,7.399845879569752e-05
16744,-1.8481269840235832,-5.986144121689827,4.016607965403669,6.438577157158134,589.6188681740847,0.12712358255761735,7.400334919358251e-05
16745,-0.6521990217275686,-7.479568575114384,4.61234252869799,1.5689574238953587,468.21704280202766,0.5489827661462527,7.40177567242534e-05
16746,-1.7769363528475637,-9.721906471352863,5.041104905922566,0.7319326045008144,214.41171914015933,0.9771735630936176,7.40216253331356e-05
16747,-1.9860338002888298,-11.15025487497595,4.912526340706633,0.8461007713466429,466.9508076832377,0.27425123542292784,7.40278656215939e-05
16748,-4.267537073474937,-5.156102592410643,5.02245839110736,1.7724998563777803,469.5325320249463,0.03644245431028903,7.403003614723209e-05
16749,-2.456785740218038,-5.758365977122632,0.4434120264407997,1.1413307380054032,277.53824241813936,0.8990133332954944,7.404377845295932e-05
16750,-0.913323320261652,-7.197125093190441,4.483752753150308,9.244445443871847,753.1606655926264,0.2820082242700295,7.404932485018676e-05
16751,-1.2833649310145336,-8.625135000774463,5.019984188479723,1.8336485606773771,441.52435324917076,0.4210104216062973,7.405220259994859e-05
16752,-5.669397583644588,-12.315566625275764,4.954431922210987,0.8298706853787218,469.392952848518,0.010158606660440661,7.406242295203397e-05
16753,-7.261930988332652,-12.502130432342426,4.310958014277644,1.069584000588949,256.90615530167156,0.2168471505883387,7.408150549440512e-05
16754,-2.282958066863241,-12.729471769822181,4.937089653846195,1.0577382338050538,284.99087255937786,0.9001704554486905,7.40833312702562e-05
16755,-1.8697160787435951,-8.17239668181503,4.885818791016582,1.1038699621468455,467.9722234699637,0.8236197688595768,7.408611719355654e-05
16756,-1.150598048837244,-5.889291917898667,0.45115651627250053,1.8454865644832819,468.01735566090645,0.026189249286369787,7.409504050813766e-05
16757,-0.9962617180361839,-10.806873076244043,4.929907007854771,1.699063647280983,468.3114998707235,0.04300917271043048,7.409891453058675e-05
16758,-2.2268227733683226,-5.862260161097016,0.47347637646513846,2.1898351052920915,419.12344201256894,1.0748678584356925,7.410176240596467e-05
16759,-0.5373329532689208,-12.567202192604654,4.868095925806822,4.400710455039927,592.1047591406175,0.8231184494212505,7.410471619814813e-05
16760,-7.070651673448844,-10.653205326148314,4.885674201013543,0.7408352543799106,148.4444786591318,0.1804228729470374,7.41124173504193e-05
16761,-0.341462294383847,-5.498455125200625,0.5136240617208004,0.9180009486961502,182.72039434252943,0.9322485179815683,7.412532396897988e-05
16762,-2.0371272035485593,-5.48515394012445,3.872281990126743,2.029122125879959,399.9422714876344,0.9708239083514938,7.414137012017054e-05
16763,-0.9851121569297234,-7.752673062790059,4.753372276786354,0.8789643565524645,152.18559433727444,0.1855085743490985,7.414786729177978e-05
16764,-1.8589189980188223,-5.321137018140977,0.5246002120724235,2.286376720313875,434.74346635884086,1.715861598574409,7.414813728538484e-05
16765,-0.709946575889159,-6.680005948500028,0.3300830789140538,5.212937383671004,632.1747010400549,0.49305100576669236,7.415282540162227e-05
16766,-0.14630241695872392,-11.759705194725639,4.885040678921755,0.9663631082689946,467.10419843492946,0.09845353027400616,7.41836839123823e-05
16767,-2.1070564446717164,-12.305301292172725,4.871575056835172,1.0252967274313192,277.9612030795543,1.4741273134588333,7.418399497768893e-05
16768,-9.52959470155548,-5.966474395482836,1.1557682814649206,1.7958816817230974,428.27439845397276,0.0006064105474008485,7.419307603089393e-05
16769,-2.119437052184887,-6.263397359807443,4.100942059542119,0.6470673306571263,156.35396069431593,0.356111785904238,7.42002579371309e-05
16770,-1.8823159356187542,-6.023975531040642,0.4223555755225135,1.0390379799065401,140.10317365593428,0.3706104544199311,7.420877676964526e-05
16771,-2.1144108344052936,-9.462349925108928,5.019150065179355,1.8674781487578196,448.3292503744596,0.3260315200446646,7.421517530575902e-05
16772,-8.453484890135504,-9.02658229857963,0.4516132498872213,1.8577678014354935,445.07215771994095,0.39909381689385537,7.422103551653296e-05
16773,-1.613503920906016,-7.131707401703162,0.2671515474124568,5.4787161409420335,412.3459218311648,0.10913929182400661,7.423230065646398e-05
16774,-1.1109124359495226,-9.930752731566214,4.9989214849034305,1.4960490428630744,339.0250502062037,1.4698313023014888,7.423236541812278e-05
16775,-0.5803600901270087,-5.797398302439524,0.4593593598705493,1.3945337916813458,468.5795367615937,0.8126554238891339,7.424512451032049e-05
16776,-8.140704809584406,-11.769749464718391,2.186722177554365,1.5881615073898496,313.52838107750495,0.25327702218484305,7.424762450973498e-05
16777,-7.81589834451346,-10.196765407577066,4.126229942621904,1.6655322985980043,390.7401215007044,0.5233308430343024,7.42514765243352e-05
16778,-1.9060818960164791,-5.492804607091701,3.9189084442646043,13.416012499315368,821.8333856369095,0.282454166721247,7.425331238806214e-05
16779,-0.38156955599639986,-5.469389311656072,0.5270030766790955,0.8782247025161332,467.99192837499004,0.36433383430008526,7.425539072671453e-05
16780,-8.17856349967678,-6.629343321691881,0.11713664913394417,1.091573646444702,278.8942359805935,1.8169685246159348,7.426446734730798e-05
16781,-2.0806222832506815,-10.16223874901985,4.97145539137923,1.8077259486237973,431.607433405993,0.24666228911544064,7.426526142993396e-05
16782,-1.083049921086479,-12.964127554571233,4.860908526133055,1.484167243208449,339.82898955137773,0.4182561347596394,7.428077778204969e-05
16783,-2.5104448378023694,-6.7864572332840725,4.4236442326047305,1.0029076536004184,238.70494789095605,0.27268435182420525,7.428527994390464e-05
16784,-1.2555541347712413,-5.7016457666950195,0.5244492506013578,1.5551498372721249,346.303769680167,1.1733323206403554,7.4292460709057e-05
16785,-1.9950813053866447,-6.470573178141681,4.168452767139633,0.8008650348940418,469.3394815118242,0.0008821633726805445,7.431162693817078e-05
16786,-7.842243683918166,-12.241817257229522,3.369498219315769,1.6581824748543539,388.77496217650844,0.2958048554372992,7.431827279917817e-05
16787,-1.6921785804403946,-5.825916674201692,3.9389884806497397,2.08841896989052,403.7999020109561,0.8538165480907951,7.432788004857611e-05
16788,-1.971881688960016,-12.601856373224967,4.864792893013471,1.8789177458043076,391.16267359367015,0.7006823709559873,7.432894704471196e-05
16789,-8.938794206216633,-8.773549768104049,3.006506663904905,1.8529148949646541,467.00091685785605,0.15376763876122812,7.433220224901401e-05
16790,-9.454042486802713,-8.108501680070912,1.8602864234787762,1.7771171626321738,424.25914520953717,0.7881981665112816,7.435785192761035e-05
16791,-2.704582195903681,-6.614190424744781,5.0623649270556506,1.9331573123432702,179.86638620367606,0.3534753312938319,7.436226917638949e-05
16792,-1.9844494569222562,-5.8311618636610145,0.4730717222961009,1.1215814907818853,288.7117614214684,0.7339568792854898,7.436685814135664e-05
16793,-0.5701147922063292,-8.088489684740079,4.855056392452927,0.8474767545315388,185.45307765507985,0.3206509091905252,7.437098906354811e-05
16794,-2.3657121416241402,-7.519096238368455,4.614238817379487,0.8975186278181064,256.0668743144131,0.7301997300926653,7.437682957381808e-05
16795,-2.322086646673263,-7.678119689185787,0.1918356302001327,2.439150541121091,451.9899166387291,2.24554230487328,7.43785443740184e-05
16796,-0.47669408825259296,-9.948740202946457,4.985570885550518,1.0113908284559772,236.0103257493503,0.07170516557140338,7.437975708786682e-05
16797,-0.5434351493808247,-6.62238925699418,0.37814570301084566,1.7681164443374955,419.3352074364117,0.2412619225757453,7.438666147054952e-05
16798,-2.4829714793615665,-5.156790681968421,3.8165130135258623,1.8928456446652555,391.5113597943282,1.6979360513772734,7.439549158020956e-05
16799,-1.7114678935428564,-6.089380137097633,0.41829411683486356,3.0246837832617572,502.31786681862184,1.7499854390739928,7.44017521748489e-05
16800,-3.577241180143824,-5.575769144923607,0.06580800844494218,1.1929843813021421,262.58046138326534,0.13081232628443473,7.441653616633446e-05
16801,-4.768069912634912,-12.753915494901598,4.899446984142877,0.796354479620542,138.4416970376028,0.23665407662307647,7.44226346039977e-05
16802,-1.5416338628949653,-5.503840589162801,3.8700961606857547,1.0869861806499224,279.5651502437732,0.5961813047654649,7.442567325876538e-05
16803,-0.2605153828103255,-5.295980825034038,3.8353155378755712,1.1121558071491802,467.7609067238114,0.9096499266693838,7.443225459787587e-05
16804,-8.100560921489151,-12.607930653162375,2.193974582349325,1.0647812066540194,372.411626522355,0.9769155378295205,7.443349615794285e-05
16805,-1.3178243258131026,-10.34004555761392,4.956523763260855,0.8189504392297715,234.14218310909854,1.0944150162084512,7.4437372851027e-05
16806,-1.389598376338725,-12.12305119302179,4.871941608879551,1.0190118357877413,275.87134453473436,0.8112075214279226,7.445275055312079e-05
16807,-5.145880148990201,-11.413163769194998,5.076493164691523,1.7592925022971464,153.6599443911043,0.3685516501175181,7.44570991888309e-05
16808,-0.141890614675372,-11.303418539405833,4.9002807718452965,0.9116884811473176,467.65829643631,0.5825658285054196,7.445979390204388e-05
16809,-1.4707158974353476,-9.606604672664634,5.00862321148545,2.3644745047669944,445.0530771058778,2.4565582362196556,7.446094824780592e-05
16810,-6.696211156254894,-11.73131962472729,4.843633140790774,0.9121751571432456,211.58984736306067,1.1098431643019948,7.44762903368544e-05
16811,-1.806108096116363,-6.721975941928894,0.3723723027718625,1.0934889193728945,289.81638265831924,0.6429755649033959,7.448147511165383e-05
16812,-0.9307989859225465,-7.050409103312592,4.407528319991321,0.8484890732713072,325.4262701559391,0.14573171626269144,7.448675207153012e-05
16813,-1.3010350580494574,-11.787576052925289,4.879743248794671,1.0732547269696908,137.6716043553026,0.36339698278071086,7.453434623254745e-05
16814,-2.346308512655253,-5.00169833304348,3.8973082560058363,1.4546038380811934,336.9164985542262,1.7524916952596676,7.454666503079824e-05
16815,-0.3673572454373968,-7.21156615746271,4.482289244244921,1.2900666381350814,305.3187135005506,0.254943844884278,7.458202293703421e-05
16816,-2.091683712613297,-6.025064288660243,4.0124129276827665,1.0232276780354286,271.94312046119524,1.5100708443459743,7.458265226901602e-05
16817,-1.8497451966263494,-8.544259134764474,4.968590312638095,2.060717708140928,371.14150324612035,0.3541808470054173,7.459088041714074e-05
16818,-2.568704145811658,-6.048441957965028,4.029620851718143,1.4474409708294185,228.06065431154676,0.015721309628268898,7.460301447262487e-05
16819,-1.958666365494464,-5.926481499576207,0.43905709393510006,1.0146005718102487,278.99087786765296,1.4727092075938515,7.46265627194372e-05
16820,-2.0034696654057456,-8.699386120456364,5.026019547174113,1.8386581403234912,439.41822993802543,0.11705259599832196,7.463491474526557e-05
16821,-1.8284191706948825,-8.37650023584656,4.932810479814198,2.767143471761185,429.16127657419054,0.19744064605319434,7.463917750276742e-05
16822,-1.396087967565089,-5.51071114206527,3.867171050575972,1.0422594409900119,275.20537404254407,0.6688474520444236,7.464012064556025e-05
16823,-0.2016157029645047,-6.676391830130432,0.3618785257544529,2.8712377154413975,488.8781178806497,1.6045611554361123,7.464591929401968e-05
16824,-1.6340711959948635,-5.219996016662352,3.819661430977731,0.7848908732795876,167.36630370564785,0.2724144880276107,7.465392343281736e-05
16825,-1.9847936733091842,-6.1264166590894735,0.44493207370535176,1.3037101512551725,295.88288586283807,0.1296670437850862,7.465439860823277e-05
16826,-4.351536475578749,-11.207833574809461,5.106608389447979,2.442647470047497,451.45099574825133,1.9944397496106818,7.465685500691447e-05
16827,-1.6332326462748412,-6.625999452360564,0.3649796644756404,1.0462991460154123,272.37217778805893,0.23461957182419635,7.466241258445152e-05
16828,-0.7389170725381966,-6.033428011769069,0.4472421196738996,0.9068328490199223,467.83337463599224,0.10788678434157539,7.467405989822743e-05
16829,-8.156889578099097,-10.773467095918239,2.840342449161413,1.5065874536867758,452.4323159877604,0.9435786976638143,7.467557174542145e-05
16830,-0.767428570894813,-11.189632105913343,4.902713465371192,1.8250962711810885,466.7249398903223,0.8998416625571917,7.467723071249379e-05
16831,-1.7657697955376825,-9.673718357414657,5.006516080290789,1.2812224499058673,468.4075466785994,0.3050193072933487,7.467727729465604e-05
16832,-1.2056722667815087,-8.287201453572386,4.90951133785744,2.57314479531938,319.2553689612459,0.03677772250136524,7.468080885140275e-05
16833,-1.6685380087412511,-10.435688413290727,4.946856113395905,1.879943921663752,454.13877899760433,0.10819541567498892,7.468389038912384e-05
16834,-0.9694294252223035,-11.850595956956655,4.875727491859332,1.1408336648130415,231.93100075130656,0.025946838825571028,7.470389217510997e-05
16835,-0.9011201246219276,-7.181668943471372,0.28278496861624375,1.124496763137686,293.10583603971725,1.0040392529467317,7.470845445439975e-05
16836,-0.04869183763423557,-11.983420950894413,4.872048256155262,2.3815941492067076,445.89996101428096,2.0744469848927105,7.471185658998474e-05
16837,-0.5835522671344151,-6.390348272242139,4.132959139864403,3.666604887555877,547.7555139814551,1.1193526261311728,7.473248226131397e-05
16838,-2.1157017644913223,-8.906430752000368,5.016049845259849,1.0620896588415083,278.4158710851861,0.4473080774986693,7.474894193428251e-05
16839,-2.2177592954125878,-12.994733899715827,4.854764520478372,5.500611776083639,647.3827606126772,0.5731591664175744,7.475646713110071e-05
16840,-0.6181194897966122,-10.908420770514944,4.916133220410744,1.1603479035239457,466.98564488387484,0.4563508647521326,7.475749539657405e-05
16841,-5.99379651227784,-12.692918780299056,4.911744375471051,1.1251272876869984,455.12924310929094,0.7046644687947898,7.47620870508786e-05
16842,-0.9703661069087932,-8.089911471903465,0.08238471772195485,1.8466721266531658,449.1823777384698,0.3187141384008827,7.476924917446042e-05
16843,-7.990590931556571,-11.73979012637443,3.0342584810147883,2.4561754366219337,450.87754234185167,1.5925028116373072,7.477025773745398e-05
16844,-8.089810396202203,-12.438658038934518,2.3673474800140837,1.863472690410391,447.50624957984695,0.06028270798072288,7.477664474129694e-05
16845,-2.5272014927845667,-7.307783801343756,0.2737324876605049,0.7153834463570765,467.8412085432146,0.3426656262454735,7.478435454633476e-05
16846,-1.181373410510508,-5.730711162363753,0.5277161978638737,1.1838756715947347,301.87027441270084,0.595448993915844,7.479203683800157e-05
16847,-9.43938116942369,-5.1639336515363015,0.8419849689377292,3.1947336098704486,515.444497650073,1.6367309925761004,7.479451214628473e-05
16848,-1.2358479073722215,-12.748911095454101,4.856678467191363,1.0739528513026666,282.39829687747687,1.2307904530964802,7.481533089844678e-05
16849,-6.871269971914826,-11.511501204214603,4.780777908209572,2.6890022544023457,460.87358290724416,0.6822337841056116,7.481726355173473e-05
16850,-4.465338215425115,-5.0760352212367055,0.04102462477453495,1.1245035471122848,280.33860510584555,1.3461095125640306,7.481794236139549e-05
16851,-2.3273671954446655,-8.053922114444996,4.836970571162332,1.87224900221464,449.37910255517426,0.5401500082784354,7.485643719503666e-05
16852,-1.9533041376272227,-9.970457831701655,4.97845960704158,2.959712456423959,486.1188511331476,0.6736446302383401,7.485784120932468e-05
16853,-1.7457009659882363,-6.948096023348446,4.31158093567057,2.5192742478068997,264.28913333996206,0.13774808408082162,7.486101752186336e-05
16854,-0.47880968558966686,-11.420195509944019,4.888516573221969,1.3689071579695749,468.6963379021974,0.29455299718470584,7.487255554878116e-05
16855,-1.7647230588327147,-7.947795261660513,4.797534351902808,0.9635172382368841,242.59477710398053,0.9354238472156409,7.487321864615965e-05
16856,-8.009312913210948,-10.119331067871027,3.7765433684356267,1.1795620121803054,255.30179243224055,0.06181536973515023,7.487342086054628e-05
16857,-1.70945309330828,-7.4679046458865646,4.602123895313643,1.850692483749564,469.8583993693185,0.2325911166581296,7.487426848314453e-05
16858,-0.8338551079910914,-8.070323121795042,4.84221427001288,1.29514379964603,469.21694269057764,0.6313498887216307,7.4879321071377e-05
16859,-1.9507093243531273,-8.761529241045967,5.004167249736227,1.2922486728020148,176.3025099181133,0.1925898211272754,7.488871115054312e-05
16860,-1.6732241767690823,-6.737863095245905,0.37551238972834505,1.360351671654259,312.19890990905037,0.21159888422635564,7.489027786522493e-05
16861,-2.3078026806478054,-11.213624143212883,5.052187331090528,0.9429949928434833,213.2974495333456,0.1953409374230075,7.489031791390916e-05
16862,-1.053108148590061,-5.908224473282483,0.44845061643144524,1.869698581142309,448.3627018048081,0.5058298085972721,7.489740191996652e-05
16863,-1.3849059714904435,-9.630968718898465,5.006433363286658,1.0365788110331269,467.73584182268235,0.4879015294551605,7.489979189847816e-05
16864,-0.8731480424257754,-6.680457742890816,0.41088164247262576,1.7514847836822736,468.1511305322623,0.3824478870530612,7.490065152550323e-05
16865,-0.835759617089888,-8.06445624295635,4.8397043681606,1.1340701674453273,259.22716817783214,0.9403667653691743,7.491607671627839e-05
16866,-2.1424120132908264,-5.984877197946618,0.4407124304424325,2.405022014746651,436.01762130736614,0.7456311619949787,7.49164445179956e-05
16867,-1.3022832603404773,-7.613684153635859,4.679570570168986,3.6520829824026215,542.1983005555273,0.7616442422012346,7.492592974202326e-05
16868,-2.0456430395499954,-5.8036123950635865,3.9295234995442154,1.21094104878256,289.5663777324479,0.26712693853813185,7.493663270159679e-05
16869,-1.779082502029727,-8.601394999611145,4.973898500490376,0.8826260445150081,222.697792432165,1.289805723341054,7.494519723085664e-05
16870,-0.19164046651996358,-10.683082176118617,4.927237273201687,13.888602915308988,578.8275908905384,0.061479657498197504,7.494979658552452e-05
16871,-8.581336875494385,-8.898600470110146,3.9011571932803593,1.312617970820659,240.94530653389083,0.008819801305327779,7.495084749769108e-05
16872,-0.33021171996511,-7.767062788353019,0.15107086390641694,1.625201510865598,360.2537222525979,1.7677011248279735,7.495592835978036e-05
16873,-8.112847908839118,-12.328146604333828,2.099700266468226,1.21730090600949,469.9907987175271,0.23421281961825446,7.496189481206051e-05
16874,-3.4336054381039807,-12.81506758947256,4.8714990749024905,1.4117406921481925,314.46584589428187,0.17901476808707706,7.496232046424416e-05
16875,-1.480701481274414,-8.554198728948958,4.96581187692152,1.0655300148898257,467.5891595462954,0.9042845305560281,7.496352758195244e-05
16876,-1.984539089094012,-5.4330179651604125,0.5095321777400664,1.268871114450236,467.5256641843579,0.5226358818548773,7.496609155895829e-05
16877,-0.32666980679911184,-6.668047526335113,4.236632669615254,1.138401425172918,291.6567335178818,0.5909461441704211,7.496676524491568e-05
16878,-2.2463867876480217,-5.448386429594412,3.8496202437824185,0.7216226497140725,467.8732796784266,0.4764266011152225,7.497070131000028e-05
16879,-0.8139816619156566,-11.58675028662022,4.880554547159232,1.0243404000764431,279.0889239808431,1.2967047827696936,7.499849947730564e-05
16880,-7.796113008501455,-11.703188290698938,3.5563489384121874,1.2921531086157734,312.90448424024436,1.389411261206269,7.500487048842475e-05
16881,-1.7023227981469642,-7.599185045839967,0.18166586294479445,1.0189113011542745,273.62245090937745,0.22341009194975125,7.501104244572654e-05
16882,-9.445536301189456,-5.214968101088253,0.8552508556775718,0.9853271508539283,468.2310770000015,0.8667677268744596,7.501371879632093e-05
16883,-1.217608979348178,-6.614772464462125,0.3856317638997566,0.5991791182652785,165.503716866148,0.9522243004150139,7.50177156719948e-05
16884,-3.7638281367982396,-5.008941278620449,4.823270167347791,1.2910606309194137,297.5971285622185,0.5069277556645373,7.502043863467769e-05
16885,-1.6453136127816883,-7.612766593365383,0.17570083163004788,1.8485748767346777,443.7303034008195,0.13826871301104227,7.50269438718393e-05
16886,-6.180416565733214,-12.1191653662893,4.941531259429798,2.5292331308779805,459.3987862576664,1.9097991131044392,7.503758790751214e-05
16887,-1.2201009138767596,-7.388823111071362,0.2403033016669412,1.0446157577846396,236.29446606079094,0.39591867304472306,7.504978812827245e-05
16888,-0.6988831310007342,-5.4781418364262455,3.8530990056841516,1.7793339630607679,468.6213729481622,0.6123410902302053,7.50611850764797e-05
16889,-1.4958729172229113,-8.885192778513332,5.005440703640676,1.0408646983444854,467.403404760843,0.9316359143131807,7.50746253913763e-05
16890,-0.7626549726658194,-5.895515056969967,3.9885200900424103,0.7732403506072553,195.21860786070653,0.8027237302615946,7.507552657159179e-05
16891,-0.3046247598159173,-9.426432244371124,5.015733593340055,1.0203362662461717,467.70161655836995,0.293739994858484,7.508134617676502e-05
16892,-2.1733663437014226,-5.478028425329998,3.852625273621874,0.8312773431024791,166.07269525550714,0.9666187672840918,7.508434097595782e-05
16893,-0.7858513929892812,-8.658123575913514,4.997458968987832,1.6835891551013087,360.6096529931595,0.9097013859050955,7.508586190401469e-05
16894,-1.590077667412448,-6.785876476470899,0.3581055880477395,1.1363390345916016,297.8250244471071,0.8834556333722077,7.508647523299852e-05
16895,-0.8837848271361501,-11.986964926458596,4.86730141291444,1.6912392176155937,468.2038097533133,0.6142077799645778,7.508784514384763e-05
16896,-2.167472539182686,-9.779073790356598,4.999272126835753,1.0755512750097256,467.3471554930687,0.7854514021051111,7.509802804810456e-05
16897,-6.765845635275603,-11.135472015860492,4.932219529625866,1.3359253951274004,468.56513669033023,0.5570761820863863,7.511690723621679e-05
16898,-0.49845390691340796,-10.351645951274026,4.94758851726152,1.0469640262958038,223.57004290662968,0.6891051512588495,7.512308682077237e-05
16899,-1.7220827665658476,-9.803746944463567,5.002049131440191,1.504880831519902,335.4086050599371,1.1413460843424739,7.516665128586244e-05
16900,-0.9370161291057588,-5.9281644259862984,3.945986190347306,1.159576897158926,296.66488824848244,0.9924644015129074,7.517481138033073e-05
16901,-1.1280973213636099,-6.629676781407429,4.193413720542147,1.5260668674088942,351.0044927476807,0.1696435032542336,7.518033365888199e-05
16902,-1.8695017804083598,-6.832623484918579,0.34061309484458857,1.0346060301047975,273.64851626006623,1.410650386200655,7.518196081529347e-05
16903,-3.297155456117368,-5.401620625843459,5.038690178805067,1.3841120350057814,329.1074269817126,0.22371696562299537,7.518441628506255e-05
16904,-3.372048964030597,-12.919471592997327,4.8630197424374355,0.5047821806749235,106.34090957684418,0.16967447337151942,7.518509846509797e-05
16905,-1.6806500966515152,-7.220441334813525,0.25257016202848914,0.8421611051319581,169.7891385490278,0.4144138305383427,7.518607230422521e-05
16906,-9.180313168015028,-5.887141049709628,0.526617170510255,1.6839343680952732,396.0322904808586,0.5783544357443482,7.518830881137573e-05
16907,-2.844768186238963,-5.028391473861001,3.937289141454655,1.8383979992089443,467.53980065893205,0.6100627005831756,7.519316654145386e-05
16908,-7.494702187222938,-10.634008061241104,4.408590192270783,0.5360231413847716,163.97819903102965,0.943342102743304,7.519842167715314e-05
16909,-0.9001569659220934,-9.519567236466,5.0307649616705605,0.7951461749608536,433.1964700549926,0.24389603099392598,7.520934563715405e-05
16910,-1.1579341016961138,-5.984475051987077,0.5070992831362655,1.636043233402051,380.2268106734442,0.6254165016608528,7.521326057865048e-05
16911,-1.9834935660965858,-6.8985062953845135,0.3306850337714508,0.9454651020352193,193.2467188162511,0.034276135614531356,7.522264169324415e-05
16912,-1.9483745746635002,-5.300808606800165,3.8203201532942495,1.2516071132224793,467.1300450192334,0.51308006085294,7.523016483645347e-05
16913,-1.672985508425315,-6.792552076805409,4.258857706646877,1.339094786337429,327.20067316057947,0.29974650926857027,7.524058202330302e-05
16914,-2.9801880447758746,-5.406685501960772,4.644472291834124,1.6164224891645693,470.05866398111874,0.2338315573107188,7.525937149839035e-05
16915,-1.1965178659200344,-10.775058064378138,4.91778317124117,1.3076812642044502,284.2817867929959,0.3806753563724872,7.526426430678334e-05
16916,-1.0752890102656103,-5.589574691012978,3.9148712554668132,2.5147458434510357,447.7807634824482,0.8257423544083302,7.526531926007582e-05
16917,-0.10334462495083763,-8.034054054686022,4.824320524732098,1.0275073299874058,280.6629898515922,1.5008754334802061,7.527215482149791e-05
16918,-0.21524430366420333,-5.5994839390506,3.9161795996661466,0.8686658257542202,255.73103707022926,0.8480417122559967,7.528409735349203e-05
16919,-0.7788315156105501,-6.1111188412216775,0.4404032005844446,0.9956521401101572,275.07260033199424,1.479424128027456,7.528676584283267e-05
16920,-0.5678294837499536,-5.837268366292336,3.9319513409451794,0.7392908244117481,218.31973426778907,1.1118208878872284,7.529137620611155e-05
16921,-8.007566034552847,-11.866011522851393,1.1915893866276621,0.7753517423617434,468.56412691962316,0.49520335562408047,7.52958475090713e-05
16922,-8.285264038158886,-10.118131859213824,2.9424577091884334,2.3619312031083277,437.6377836979962,1.13994829268752,7.529630847850104e-05
16923,-0.8146080287799098,-11.276860919383198,4.889324138767773,0.9390414367765134,467.7355055589685,0.9333292438308298,7.530413333621518e-05
16924,-1.4457671526832243,-9.268853588338128,5.0171813572988935,0.7167833471914912,168.40515094697028,1.007444037199515,7.531884857228607e-05
16925,-2.469271715833001,-7.3538398390671365,0.2662211493141055,1.054915360647256,187.62977421396965,0.12215872676341633,7.531977194105246e-05
16926,-1.5614604300623558,-5.90652830361831,3.9379797018661518,0.9811936089515169,264.40543806867845,1.2024725466671473,7.532874628091567e-05
16927,-2.0903103347554177,-5.958151429592912,0.4738624086650401,1.5047450586582243,354.209386316522,0.5663526465345115,7.535317182461214e-05
16928,-6.659886515795566,-12.270219431965668,4.79008715243488,0.975095245252757,271.76457091723273,1.6175424697168816,7.53581453594774e-05
16929,-0.4183798355155943,-6.05912590458859,4.010734641003642,2.202521062384173,418.09319813577656,0.9345086342463711,7.536518195581025e-05
16930,-2.306419232329459,-6.878626638365448,0.3276536277049298,0.87862173002908,468.0830595681413,0.9336328118967065,7.536763723168571e-05
16931,-1.7501240856068847,-5.983831171487984,0.4710853384183045,1.2857003115306795,467.7921312282009,0.05260787715716564,7.537929180617086e-05
16932,-2.026765225323947,-9.88155162219708,4.997064846456777,3.065481034540985,487.00152403768607,0.3761806660667899,7.538459301583351e-05
16933,-4.023620181313522,-11.157642949309333,5.11149774835396,1.1527055069274879,466.86418614360645,0.3368972151686185,7.538512860254616e-05
16934,-2.478905175434482,-5.9104875205055505,0.49831233266248176,1.1606221459138506,256.52328533220634,0.17060908137876307,7.53928773158391e-05
16935,-0.5178993012057234,-7.739681839251811,0.18464010804641576,1.931162362262494,388.9616152523944,1.0440680955824524,7.539553045164374e-05
16936,-4.158673077610363,-5.409721858873754,0.0633975633692194,0.8773446907591246,214.53659431753888,0.81281411333139,7.539836280146542e-05
16937,-0.6576060671909723,-8.96238752336256,5.0059027256390385,1.456997727042858,348.06090750744886,0.5566556575934083,7.540485301234083e-05
16938,-8.14801161623746,-10.87559986760851,1.249607401043218,1.8629051707233304,467.4638034486375,0.43420702144692935,7.540597841822327e-05
16939,-0.46627741826773494,-9.527565897640994,5.035488243835126,0.7467295185544947,148.0767276342109,0.014333150286399032,7.540672944270312e-05
16940,-4.274513919666071,-5.135716779973862,5.072163100597325,1.7360614967398296,432.0214821294162,0.18344026907154198,7.540906958104024e-05
16941,-2.4682336921140386,-6.613494459219863,0.4031664713376855,1.3214967261908395,468.2395151508979,0.44376836454846824,7.542696481763543e-05
16942,-0.34654737127826785,-6.954084896784038,4.344103124764719,1.8627877943161435,447.06825857475445,0.3345928727758105,7.544414675624815e-05
16943,-0.15139179539847092,-7.082256380200131,4.407029300959471,1.8803624102463308,467.9939005617845,0.17681289588923033,7.544867932098252e-05
16944,-1.5637271984364993,-10.797183795278986,4.914176349538127,1.1011704344689288,268.0717123478158,0.9568763623501964,7.545482909010621e-05
16945,-0.2539657286092094,-10.358911194730755,4.9427425641269975,0.6330445820169179,179.4105638266752,1.2482354965270845,7.549071129185412e-05
16946,-4.118627691731426,-5.3060943942916285,5.166843115483405,3.9638207656439883,492.9462114535251,0.14171086028458557,7.54967561592856e-05
16947,-0.4718960376954584,-6.123741817474696,0.4412261636909292,3.341746517705944,495.39270153917295,0.23805924140897528,7.549942579056076e-05
16948,-0.9569589682531738,-5.7201926395944875,0.4965520692121681,2.2272975644325164,418.0904324503991,0.27578062291054106,7.550211150853579e-05
16949,-0.8826686965497714,-10.9913814354227,4.902623350744776,1.8691757771237,467.72077373104497,0.25134012122540295,7.550325165845964e-05
16950,-9.632751460715625,-5.032173416536625,5.182287275249571,2.6189909856232148,439.82302751036,0.35186648224970174,7.551508091298157e-05
16951,-0.5605107920103727,-7.499738141670874,0.2054816048825174,1.9124851942458831,466.0845233501182,0.6345074414529215,7.551611181006384e-05
16952,-1.5690695205781005,-7.4227791346665155,0.21582816753554532,0.6631521220363373,144.65420672826522,0.1213062691888469,7.551924567011926e-05
16953,-0.4628030441074653,-5.620969709549545,3.8710854608508782,0.6431603078451221,142.54234696819458,0.9898263673435368,7.552767741071075e-05
16954,-0.4518215638976315,-9.099575317573223,5.009651991624078,1.046218622415257,467.90644475503774,0.9407878107318384,7.553259368818915e-05
16955,-2.534752681411911,-6.859307408395788,0.35911700999230756,0.9490938365138696,257.4002373282738,0.30413913147832616,7.553302981436324e-05
16956,-0.8846116949240415,-7.667922375791467,4.691430997687949,1.1669981272622576,303.21844088415406,0.528613967798794,7.553405493718546e-05
16957,-0.40047018996308203,-5.78159111149969,3.9235627487634526,0.7821274559796043,163.1326177476275,0.053578975119919825,7.55449137894999e-05
16958,-0.2965039062412558,-5.918950754009191,0.5182571831998335,1.997667294946817,401.8152027982543,1.4484285514993243,7.554725266800495e-05
16959,-3.461460827284223,-12.797467721732755,4.870155795444722,1.7243309213587064,368.7680908397901,1.398327326098066,7.555250555493803e-05
16960,-1.844710673906862,-9.087617373107863,5.014074984039484,1.3853173708189666,320.3992040802055,1.1585890704606605,7.556100174061005e-05
16961,-0.7127611033972272,-5.860676587662098,0.5231817491688658,0.9900383365615797,195.34928699868652,0.4324125664530465,7.559151936757709e-05
16962,-2.209244204774235,-8.64711520243383,5.0249867369116625,1.5907267733011772,349.38489213485803,1.2010623052267588,7.559485634143354e-05
16963,-7.718960992557378,-10.776144587621369,3.9856864114311494,0.8204459158132845,242.07419663459035,0.9215002786474562,7.561175501997858e-05
16964,-3.909937771684203,-11.648958429551111,4.999991081499482,2.5730361589797806,462.3053663558666,1.6272661460125333,7.561334819040923e-05
16965,-0.7278045361585548,-10.85485363822967,4.908777017329972,1.099904069234888,467.6521089222367,0.14732451178725814,7.562326017886183e-05
16966,-8.272987568033365,-10.404179240565407,0.9162496250204326,1.8945324853868695,468.416943382491,0.3244080786898005,7.563582418276485e-05
16967,-1.973190310099147,-7.590600303954356,4.658717497751025,1.0646320704695724,249.62903747236578,0.36233462389727666,7.563765103671787e-05
16968,-3.4134344542013686,-5.447940299632278,0.08845271748396458,1.9006610101007952,393.17765080145335,0.6218363385789187,7.563812019012079e-05
16969,-1.40675322639615,-5.296107938666077,3.8114831208748186,1.3399002370323096,467.84386396965084,0.5436309786888236,7.564195122067073e-05
16970,-7.233505912617915,-12.12662565377366,4.371007798866229,4.788375790494226,612.9775891769325,0.7335481471468261,7.564485247984744e-05
16971,-1.2943572174484341,-8.227670214038893,4.882782613352843,8.173198537936752,747.1738454048184,0.4057589751419952,7.564656689408476e-05
16972,-1.5395609573914868,-8.411979544937658,4.928680842557638,0.6876927300369551,141.67098321430097,0.18798866354410126,7.565162099047311e-05
16973,-0.7650084640618573,-6.833931053469559,4.269663980877596,1.8327952422310616,467.8786413210914,0.7478490001564202,7.566329412820962e-05
16974,-0.15588039016298438,-11.92713295676354,4.861716307540581,1.7033134980397344,402.7003813035046,0.608174319295034,7.566734950976143e-05
16975,-8.142481332859743,-10.944170737579604,1.0099019951120196,1.044449382033667,215.10733089883098,0.749340637236867,7.567327800204312e-05
16976,-3.19099179161205,-6.2187982110378925,0.003979028180246941,0.8684097671322857,195.90422184524564,0.2248309047251258,7.57106359819974e-05
16977,-0.4056040485095558,-5.834447684005987,0.5270310095228686,1.2117571458457705,286.7262919443179,0.4705365439598008,7.572820278773046e-05
16978,-2.8367008690527307,-6.204260474832755,5.047132957574445,1.7748723685370216,468.574541554117,0.3266907270881694,7.573759783692964e-05
16979,-2.350791251252673,-8.591509614099369,5.14461401001684,0.9918216533133732,467.1606539432146,0.05878050229887943,7.573809460435106e-05
16980,-3.673940587631918,-12.945508870328757,4.865179508283187,0.8838241209029853,468.60927959183897,0.8054554603516051,7.574330901537971e-05
16981,-2.2269166212885576,-6.808938424193435,0.3946276691629454,1.826009800087508,436.02889260411604,0.3175584439930246,7.574406679718082e-05
16982,-1.618903801083663,-7.259128050800393,0.28948184942028904,1.8868162362812162,467.52741786864306,0.551808078738433,7.574858015170548e-05
16983,-1.0774603375824157,-7.529081217000976,4.6114114032680495,0.9578896270934216,467.69955408917593,0.2386585813237554,7.574893457504955e-05
16984,-7.794597111955376,-11.340120782399476,3.64178047801783,0.8785261906363104,468.12385917001546,0.11051430085704261,7.576057704028453e-05
16985,-9.43267531503456,-5.67591033582986,0.8496417564676626,0.7546660267083422,447.1250235988818,0.24157799540443037,7.57609300574392e-05
16986,-0.09827910552105124,-11.81105426955284,4.863713311216785,9.681914045887808,374.43283585944937,0.28176086937675127,7.57707400983174e-05
16987,-2.7254479816256874,-6.181872896544768,4.6782685376845725,1.0625186094661272,286.46008077682046,1.121808239868919,7.578728590086986e-05
16988,-0.18518301821302074,-11.732431880623786,4.86586754763652,2.1962138243619767,419.12265158603134,0.9839679960543961,7.579077308502723e-05
16989,-0.6812939618187599,-5.292514784243005,3.807910214320039,1.0374165896148893,467.2415258211016,0.06700460430761446,7.579525818319863e-05
16990,-8.506739884339318,-8.597978458124498,4.57623676071933,2.5985742272957264,466.4194865437161,2.091039269727294,7.579815977420027e-05
16991,-8.108001334473041,-11.930456366131567,2.398877293319589,1.488774651502648,468.3763799831952,0.5063009417972255,7.582393103924888e-05
16992,-5.19946016627606,-12.221486271177985,4.9467463872770665,1.0078748661562364,214.65018516149323,0.08020055329867937,7.582732349625407e-05
16993,-1.8617740696439906,-9.002043349874496,5.030460388535884,1.7452954308371993,468.6291768236449,0.8492931059207418,7.582831727875701e-05
16994,-1.8394827830833052,-6.90000743964274,0.32300303642364214,1.6058156644730148,372.299000742787,0.4170150368697181,7.582960991556317e-05
16995,-2.294314934679935,-6.9010965248436005,0.3530227533372117,0.8170799787679391,232.14962206933302,1.1559050072074344,7.583948325031318e-05
16996,-0.2758642466181236,-5.20736680837153,3.7941644279555145,0.6485242374848116,137.4521924070004,0.13016173525659358,7.584950945648656e-05
16997,-0.9783801687523326,-6.070929526075574,0.4933605276503123,0.9807285129130829,468.1958098829604,0.14191125281390438,7.584981304401135e-05
16998,-0.3871002658055094,-5.125024778031841,0.5831012790742632,1.5297225183814083,425.2127803937317,0.3664874207379496,7.585304608475211e-05
16999,-3.362705117158617,-12.381032560181936,4.900564404908675,1.8626126846010256,467.8656066960666,0.10727777260603322,7.585591343773703e-05
17000,-1.5822906775003673,-7.146998313619761,4.431233529850854,0.9967501772951333,266.0707501883091,1.6055823778081626,7.58663950542031e-05
17001,-2.7031500785530858,-5.295309817455657,0.3051380115014711,1.1227124454801511,468.1041696089218,0.7330226501221251,7.586693738092701e-05
17002,-2.5837686149701398,-7.873931950591838,0.11808023657956418,1.504132630466331,381.69437100947704,0.7069868879245229,7.588316043130074e-05
17003,-2.5366071542287925,-5.781398493996822,0.4332469426897018,1.554192679748227,468.805047078953,0.2913097205056685,7.588907492296748e-05
17004,-1.557695722668246,-5.068864376404783,0.543311502090374,1.4252535281238488,336.72970233010767,0.3478382726952587,7.590947614098899e-05
17005,-0.5249444402580803,-6.407739729062805,4.117501466973665,1.6196768402375024,379.51881165001157,0.5880867340012115,7.592335169452823e-05
17006,-0.060652708417036294,-7.341296218700499,4.523693009320311,1.089787386979495,467.9649128924436,0.814506407453961,7.596080492004264e-05
17007,-8.33034902439758,-10.135463526657425,1.0452271282265668,1.82485302322851,468.1587103813819,0.46697768215798785,7.59727390537721e-05
17008,-1.1158152914701809,-9.605336771780811,4.9996431534732295,2.166829840663615,417.31840136470805,1.1455346185890845,7.598065545945475e-05
17009,-0.3122641834140545,-5.985513104968081,3.993102828424263,1.0935112413461336,282.8156303791333,1.53901798507703,7.598727738768092e-05
17010,-1.1638739920990187,-6.196724144839257,0.45692542574500805,0.8494920262321823,183.23104487904828,0.8545669092714645,7.600092901029783e-05
17011,-1.9400379972472397,-8.69727009486995,4.974827212043377,2.8842246329278876,488.92876961399514,1.405659380971655,7.600813361624591e-05
17012,-3.030460447108645,-5.084133001227252,4.4794328510652965,0.845022052943487,230.67222121402554,0.5122512198686833,7.602601139234786e-05
17013,-0.30978493171040533,-6.205121403247164,0.4413705000873672,1.4790791718748402,442.76780754079414,0.7847799634125847,7.603669725993394e-05
17014,-0.7306650821891036,-10.376321337128664,4.935036970625263,1.4773849584053949,161.68002931349196,0.27021606222019123,7.604171356769855e-05
17015,-2.188000605038103,-11.640208180045382,4.865896917954755,19.355753045310756,786.9683810852594,0.15130844632305074,7.604298299149274e-05
17016,-0.8432169293126979,-6.075221245196887,0.470588526801601,2.6052273067846734,261.012949955652,0.16484767294765135,7.604659420676048e-05
17017,-2.8728349888514737,-6.617147483786763,0.004717764908309986,1.0062363308855562,468.1285632659559,0.7468573616433067,7.606544929582259e-05
17018,-3.4005491592956885,-10.950585961871822,5.163221409001524,3.365037158222994,517.4233839729527,0.6377363401649623,7.607414520614754e-05
17019,-1.223312037023824,-11.102522271102131,4.888194177841584,0.8451943501088605,246.53650956427646,1.037620963009422,7.60826286183033e-05
17020,-1.293275939866108,-8.21930892311519,0.03596646719754023,0.8463486638590352,146.21342497894776,0.21910769769171168,7.608267560525133e-05
17021,-0.7810992599189976,-7.945025960145983,4.780308925393595,1.0645123772177094,264.75001820848854,0.3245099885228706,7.608596038980611e-05
17022,-7.366613620447154,-11.474552751418027,4.313670564360302,1.8593856654946925,469.06925487462354,0.6360867027779387,7.608799744031583e-05
17023,-0.4728594687308494,-6.698050576381685,4.199335918926545,1.581995800548492,362.98854235574447,0.9279472898365135,7.610295947576293e-05
17024,-2.5891972439520616,-8.243961898978327,0.01861386736893684,1.008408095075365,468.3417932220464,0.5142030355973732,7.610428085347507e-05
17025,-1.8676731498548058,-6.099075653756361,3.974096674241633,2.1351830967539764,416.6907705318605,1.2594277807865257,7.61071326871198e-05
17026,-1.1147071254812602,-10.774827474837695,4.907746312793209,3.431011825164056,526.2742062428189,0.7652208497966724,7.610773840570469e-05
17027,-7.0450101312111455,-11.503031994555974,4.645531491057257,1.7977219492891683,468.430867844918,0.8026405021529497,7.61089810485691e-05
17028,-0.1674807948798236,-11.995713069552101,4.854329342115669,1.0183186756010825,240.97561194724324,0.08084189836025679,7.612378305529738e-05
17029,-0.8592973348203365,-10.556477268730076,4.921482002227715,1.3551871084013913,298.0293755289379,0.48385740485014406,7.613159311391335e-05
17030,-2.1739739471752486,-7.38585716443409,4.542325607101243,1.5342123068069442,356.3085034067116,0.4355625805497594,7.615942873408183e-05
17031,-2.550125340314885,-6.81100367559864,4.66805121981244,1.1948388291371852,467.3865639266717,0.3051944039614298,7.616063088582389e-05
17032,-3.7507837344411232,-12.799247800500954,4.872145993634498,0.8527369060153736,468.1891808912023,0.4165355909552888,7.616292717103584e-05
17033,-0.9457202338802428,-8.133558504671317,0.047870591426554046,1.8204984468624301,433.07290681900224,0.5697920669152179,7.616513321750619e-05
17034,-1.6945993415764775,-7.348264922031867,4.52388982220807,1.0369976241025811,281.2003161191446,1.7259795464766414,7.617223101034379e-05
17035,-0.9976401137196316,-11.75542865916194,4.860350585686188,1.6581418061416584,386.99071096528,0.6217597491676061,7.618357923746292e-05
17036,-2.220517386569356,-5.020021872990025,0.536967237632218,0.9927096936013494,468.7511485250941,0.6451245035374464,7.620313056520471e-05
17037,-9.59944572457916,-7.578599111936177,4.240107197021875,0.8381419480730813,152.55862073700774,0.2120143201880893,7.620660957439142e-05
17038,-2.5871162048663985,-5.540697885603271,3.877150171676582,1.1396364758923632,217.56023048686728,0.04939019096325037,7.620956694918609e-05
17039,-9.004805546320215,-8.433436703904931,0.9137026074992564,2.6752582959945057,467.49627368906494,1.0573291204406843,7.621107665642428e-05
17040,-1.780186682646061,-11.83532460654179,4.857617276779273,2.328858588130146,431.17114651963203,0.9218619352458761,7.621194670583759e-05
17041,-8.7491201974229,-8.979465660864637,3.1865184312854518,2.667694726956249,468.3176385933273,1.151446687388698,7.621883624448348e-05
17042,-3.114455114721725,-12.866030200860012,5.011554103355779,1.2506229443489294,261.243880342151,0.9296435506616563,7.621934194401009e-05
17043,-2.0437553036016407,-7.3401016373221015,4.57850715724734,0.75277342030801,158.24128410275281,0.0968627671830431,7.62203014374601e-05
17044,-2.1505935959306814,-7.953162018717969,0.10079015518882739,0.9319040146176675,467.2429673119787,0.6279528814943331,7.623308120526221e-05
17045,-0.37265082215639467,-5.219168424678547,0.5558822851962317,0.7082555119970658,141.93764364030542,0.017354952329495354,7.628367221945848e-05
17046,-0.3830423543499748,-9.017613537738999,5.02372211368923,1.0300360975918554,280.5253489657854,1.6497529117846046,7.628387506914233e-05
17047,-1.2980372828066002,-7.400010860859861,0.2764273100335027,1.5315049906685656,346.9644107154305,0.03223228128997668,7.628985249372018e-05
17048,-9.7945958180799,-7.86200175641867,2.4464249852140063,1.1855495911932539,467.754022038766,0.22614826700942636,7.629010349035111e-05
17049,-1.8760550153021214,-5.133372070008862,0.5594674728150114,5.267701342426127,635.5556496053196,0.5616297413658193,7.62952139250247e-05
17050,-2.27485764101146,-5.208139825420513,0.5285139794012405,1.6181524832751153,469.6737950702433,0.03986455173225334,7.630712818990219e-05
17051,-1.6215945365440891,-9.235391912400534,5.027457087156781,1.1494240249441516,380.87363361590985,0.7248450154601809,7.631030785417007e-05
17052,-0.970000820488286,-5.38497354833061,3.812529683960133,1.5230949793614523,351.2237120997518,0.2461210517735477,7.63156967973229e-05
17053,-4.273603150314388,-12.043148073160802,4.944385940133554,1.0046848611618984,273.88202065835145,1.575058342469518,7.632175893936302e-05
17054,-0.23224134679088948,-9.107830907487777,5.027275158481051,3.079494509415988,505.8961720380384,1.5165389515641357,7.632561527042961e-05
17055,-2.2340981324565856,-11.77720592004778,4.858038618953046,0.869266035768878,212.9592619580959,0.6181736604549615,7.633309278707329e-05
17056,-2.348873952479684,-6.280482803657815,4.067132305501166,1.5566911792001485,350.17967232344125,1.7179173184212848,7.634676075512559e-05
17057,-1.6899056217857957,-6.330252245489465,0.45561741655120946,3.339722565995333,509.3705019685979,0.48443684262624664,7.635280859691908e-05
17058,-2.411485866840078,-5.793038563747954,3.878854594293019,1.7227900689746152,405.5333707072672,0.34694935148614725,7.635832675737534e-05
17059,-0.21842801719849092,-12.44268614639629,4.841918523586812,1.2572477244842428,306.6375552169117,1.5361061794087139,7.637099811268404e-05
17060,-2.0499566693732705,-7.7345422624203835,4.700608566005038,1.27935262666774,274.05219779135797,0.7078727091743362,7.638535766075656e-05
17061,-2.412346991278093,-6.356434647918251,4.116430430193019,1.342370995314484,329.7469625991975,0.353258366823332,7.638888905290657e-05
17062,-4.023839932988481,-11.456294481559322,5.032040880300192,1.168819571677763,299.635605453849,0.9568653774731049,7.639474619436848e-05
17063,-4.584039750766741,-12.606756621338926,4.893347624685876,1.0165495577939279,259.9112611464417,0.16642812782539984,7.641046244378312e-05
17064,-4.523248105113275,-5.107113498019346,0.017274295393817297,1.4134698359947901,311.0453347327872,0.004158416764216355,7.641335112457625e-05
17065,-1.6671478432487081,-7.02510432110382,0.3115891518777836,0.8553933573646468,467.988054474139,0.34667800875771704,7.642813602167647e-05
17066,-1.764153124028475,-11.38297288261819,4.870782638054203,2.63598889163628,452.06367311234686,0.5706248352853365,7.643467185123001e-05
17067,-1.4946425411253905,-9.724492014385692,4.993657190308898,1.0768263101608793,467.4461647092737,0.5724361631734016,7.643900435338888e-05
17068,-1.9852946331304988,-6.784204805180605,0.40589455370222494,1.4446311622438899,340.63164070637805,0.29413090850855195,7.644488225083744e-05
17069,-0.7644073887491096,-5.989007641634381,0.46774132683775244,1.331893071307227,311.88467748124987,0.17606053169661529,7.645043419381164e-05
17070,-1.0749830972582188,-6.15076028504186,4.011880375728691,1.0312596493942372,468.53473770641597,0.2954468838870632,7.645283456030273e-05
17071,-1.3280675906938306,-8.479415872036814,4.933611390555519,4.074704478440858,574.5450029628512,1.0985389945735697,7.645404188723009e-05
17072,-1.014849568655583,-6.961075324350435,0.3261721954630536,2.0234022056366197,403.6285263537036,1.3553064669551818,7.646437074937477e-05
17073,-1.8885819644026345,-7.20352241632372,4.449061723488195,0.6651172081620291,467.66378277429175,0.4488988315905944,7.646822771619674e-05
17074,-3.8546529576555733,-5.269767667243759,5.058118292435314,0.9456713784928472,247.1143581435147,1.2641261757265356,7.648401044431052e-05
17075,-0.1374689325782441,-6.036218666846671,3.9490465917923054,0.9549578773241935,213.866915818577,0.11953567263047038,7.650450280970628e-05
17076,-2.2407470395548836,-7.174500451261975,0.28832871124543247,1.0395394649808554,206.83272907734136,1.0368460731616986,7.650840974066931e-05
17077,-2.0033998688779775,-5.113978046695087,3.7680705197964786,1.6833034063174994,468.44896174936287,0.38998694916254006,7.651205586080306e-05
17078,-1.6498809974729376,-5.596227789137139,3.8471170621447115,1.8877840322049104,455.37764475924286,0.24392729149965753,7.651535593362926e-05
17079,-1.8845037789985408,-10.334432962489513,4.932308670253678,1.0365854999347333,263.73848068192973,0.49587625269924285,7.653621370763689e-05
17080,-1.7154272113712707,-5.141931052906004,0.5754006729761003,1.7912278651492686,467.32807842437563,0.16716631147420546,7.653924170364863e-05
17081,-0.6696921098378041,-6.969673098314492,0.3288029969472138,2.676656323521372,184.61532643715634,0.33933188533494985,7.654567785373502e-05
17082,-0.5138145756008115,-5.8189077348744185,3.8833280989601873,1.532653063140817,349.6909999594899,0.8478477142724925,7.654826443248428e-05
17083,-1.3295364979036144,-5.414827102323534,0.5292953629652636,1.3492836004924165,293.35702605316607,0.1156353944862305,7.657362503099087e-05
17084,-6.607549014149483,-11.423157688075886,4.932371816995591,0.9542721697497999,468.4344976594785,0.5741899618073125,7.657498209334692e-05
17085,-0.7171464049040512,-6.28648871424245,0.43630816676782863,1.7085184166504008,403.8822686015543,0.4739838263302305,7.657689256594376e-05
17086,-0.4832743287969663,-6.9403661042547915,0.3341426177156102,0.8467906409130534,467.83204103654253,0.20938258533604515,7.657898346923756e-05
17087,-0.9283429084389976,-10.033084219182811,4.953912491806074,2.4631527270661073,434.37113657124326,0.5802942847759462,7.658357576556884e-05
17088,-0.10245834871728654,-6.024718725651427,3.944188998128497,1.269956301032771,305.1869274905369,0.18225073593343577,7.659539915161024e-05
17089,-0.1480946821153637,-11.811536231112163,4.8535450667930276,1.7694412540706481,418.10089048220414,0.59825654652197,7.66024573873004e-05
17090,-0.6350093611749568,-6.8226995777503365,4.251689869925953,1.2115264093732614,308.1851291968631,0.48817338870764626,7.66112518113369e-05
17091,-1.7394058119779459,-10.685052656676026,4.907376270379313,0.8309772703390411,467.090825027962,0.1676723284610686,7.661411484432294e-05
17092,-0.265895582488092,-5.361570157561231,3.8028128358525923,1.7093174985333597,468.0833557903435,0.1050727587677791,7.661412513653389e-05
17093,-1.8133786159552407,-8.596430944540746,4.953055012658213,1.0068865538697145,263.92221488382216,0.6490284587905597,7.662377991821261e-05
17094,-5.900691450451489,-12.882276317091854,4.897313387399631,1.788725154074921,470.36220842669184,0.01586296858644598,7.662772981181139e-05
17095,-2.2566649611667033,-8.867869353110901,5.015150654515968,0.8834992256826657,254.46590688515533,1.1677978730095218,7.664993606468269e-05
17096,-0.849792507972376,-7.829683230240124,0.13208983643625843,0.8209014027597606,467.32023528114905,0.5208519912204039,7.665015932062053e-05
17097,-0.8161322277181835,-11.808265503481206,4.852979989153763,1.2568601975655096,467.9777673326197,0.29629067270776677,7.665692453339424e-05
17098,-9.551737930314328,-8.037784450685914,3.212308496984227,2.776497286708453,481.2938473526303,1.7469703499138332,7.666085272687963e-05
17099,-1.9930158791616872,-5.4068184719926045,3.8094393783367377,0.7443151509436531,459.0977403399988,0.4353381023171883,7.666217101360446e-05
17100,-0.9778541285612228,-5.243858144203372,3.7834195503460517,1.0453961021251483,277.1961187910594,1.4514336630519393,7.666337913580841e-05
17101,-9.80912833706088,-7.482301494126964,4.047096891731036,0.8474686919219444,247.08896132129584,0.6246989481241352,7.667699913565149e-05
17102,-3.8238551317951677,-5.309465110921129,4.998490689313247,1.5111557157698927,467.9420092080714,0.25095243895677033,7.668493500226848e-05
17103,-1.7322171651651583,-12.101483178308815,4.8448154180341465,1.014566201870374,133.64773084780617,0.2899927016847732,7.669241467752412e-05
17104,-2.0352268300201812,-10.971462662248078,4.887682029456903,1.8339273346306622,437.55607377903675,0.5039492865317801,7.670744138214975e-05
17105,-0.18858276625921455,-5.63887130532724,3.8888541479765224,1.4145544188056558,423.9008465348362,0.8235637232379682,7.670835050657694e-05
17106,-2.5560301074690885,-7.425180694115079,0.2728933505170635,0.709016410936673,175.07206920494733,0.9057464349385667,7.671441598334813e-05
17107,-2.3266605300309333,-6.327036191791322,0.4182285728277562,0.8773135892324531,468.4386947602464,0.8522713733739113,7.671919043645009e-05
17108,-2.00114570072828,-6.324073369354651,4.0746666362377555,1.2308801553543434,311.37435315971015,1.4987239033322357,7.672180869281798e-05
17109,-2.2409027392606298,-7.17163099782406,0.29833416924582484,1.1349027707722026,467.25057215644534,0.27552862390548594,7.672786291888854e-05
17110,-8.062663185552225,-11.5696605333573,2.791593572329282,1.713054917735782,356.6421435755049,0.7516993909690859,7.673175431138186e-05
17111,-1.9417155371278199,-8.67203796525018,4.96293193705907,0.835609539270675,470.0659997512198,0.18577133091029996,7.673840873084299e-05
17112,-1.5774313237228483,-7.054483215038307,4.357348675695491,1.0335810150565337,273.2957919159934,1.1220569818636603,7.67751172322956e-05
17113,-0.010421258582283599,-9.750389028390295,4.971508607542538,1.8309009343976457,468.2374940020582,0.4626293665995762,7.678405959545994e-05
17114,-2.546728168771917,-5.488449416676383,3.8224332899370155,0.808527150130122,162.0114281080754,0.883015598796014,7.68013003262993e-05
17115,-2.132932214241281,-6.1461260576875185,0.49188101735661044,2.5284241955147637,454.29549106507994,1.149680182480263,7.681710731171548e-05
17116,-1.7270233382908629,-6.017807789591437,0.5189508171518007,1.9457545905353515,395.56624332445165,1.4478549719999512,7.683422574325752e-05
17117,-0.2148156809776829,-8.825960457208193,4.995914406913249,1.0722157656014928,222.96026138307698,0.40679273841476515,7.683570890372876e-05
17118,-2.1486016367688396,-10.460559017829759,4.919862870338001,1.8974858341327716,466.8975896758973,0.3858012702903695,7.683755961391037e-05
17119,-1.3814481612567402,-5.555681458287232,3.8329086356172426,1.3886395360248085,317.60388521010884,0.22739086322397206,7.684190117255848e-05
17120,-1.2834035893998177,-6.862743018950548,0.37241545941620874,1.1203473511747952,458.23439982430887,0.36860900073746006,7.685299044766373e-05
17121,-2.1626167421204334,-5.325239084572213,0.5380793308287669,0.6930467248221027,145.2191879746085,0.10695607298362386,7.686320801971252e-05
17122,-2.2692280872890613,-11.561765337593837,4.859007620435337,1.1161914303492424,264.5348945853248,0.11113959980219867,7.686671273651737e-05
17123,-0.6966406586213889,-6.813289711289906,0.41361302186752824,0.7138999876135602,467.55628337611455,0.35484294215093914,7.686952892020752e-05
17124,-1.400618037938706,-9.689395653602134,4.974350782721629,1.8560011956045206,446.373147158469,0.23867079404018376,7.68737837717387e-05
17125,-8.909526028354316,-8.506911717158644,3.8101558230783668,1.5129724678779346,468.04137149719486,0.4527384630730813,7.688762904810654e-05
17126,-2.2395904172120016,-6.308114838521765,0.47165021049408146,0.7055744981357506,144.08995824959158,0.3636473746684805,7.689366282043956e-05
17127,-2.766844797007063,-6.252096154053741,0.18564947505972562,1.0463127438113662,272.3652307974174,0.9348633203295842,7.689815479831248e-05
17128,-8.087957866848214,-10.642798456310302,3.171272707632931,1.8243579235673728,467.7708224334947,0.1019795568984394,7.69220413809712e-05
17129,-3.0156726444178528,-5.270493230621089,0.30538104213297773,1.6791291294166186,394.9011430316374,0.9588103784347899,7.692875623960133e-05
17130,-8.43328749909996,-9.58686855213442,3.1225371043208403,0.977686263581119,467.4123698810709,0.4472174466881853,7.692894134921855e-05
17131,-0.9773366203224771,-10.075256321629851,4.946782192333429,1.4084953078194218,470.1476121063175,0.16232774680384043,7.69341075551112e-05
17132,-8.867521969578831,-8.426710099064158,0.6268060460810717,1.7030831108918987,398.77932776434085,0.09651782030951672,7.694512548921627e-05
17133,-0.09573513586340354,-5.695929266877051,3.859349958457937,2.629674896201879,465.8803922768104,1.365844559813529,7.695053701587505e-05
17134,-3.7603442410626364,-12.924415630571561,4.861939256924793,1.1997150345100636,445.68708065414967,0.006098774084323466,7.695226736477086e-05
17135,-0.7535546466704641,-5.8293050851936625,3.8843646195040633,2.145570181072452,404.8615722099825,0.7051546651010527,7.695328340422873e-05
17136,-1.0895305818453611,-6.411131360706088,0.43179406546197907,1.3203677596895926,288.1806357442064,0.41599698103158733,7.695714511395707e-05
17137,-9.071672878251983,-8.308023930065895,1.0099428114681082,0.8901826060439426,467.96794972237035,0.31300632872537903,7.696562423805931e-05
17138,-5.606756930607565,-11.143915510017727,5.143128045468242,0.8214124074735534,467.3422319560637,0.05358805509904041,7.69791855664693e-05
17139,-0.6027118892583498,-6.2164894695252775,0.4377626764497679,0.8745327267693748,185.4442847842958,0.5190068868318125,7.69852645807415e-05
17140,-1.9459878244733968,-8.22142256104038,4.864048051139686,1.538548801530301,468.34800891375573,0.5167097241466934,7.699095194347932e-05
17141,-1.9088030849981443,-9.058036974614952,4.999789407193743,2.024792868143632,394.14441187120195,0.7942227641383868,7.699869980594587e-05
17142,-2.0713269979210436,-6.1522486260909,0.48628750149961736,1.7784178583168675,275.9109987655857,0.007754720503856838,7.699912563113981e-05
17143,-0.6312593607650623,-6.904300494225,0.36020156755737887,1.2043765298950206,304.63169308183126,0.7233483768002325,7.70017345316744e-05
17144,-7.708470218732161,-11.285767322529043,3.82459090732456,0.6939850259262487,149.42613383496533,0.25618084420861376,7.700384265616293e-05
17145,-1.3378927607565974,-9.781445780527259,4.966861863435495,0.8618697356073088,467.42979479346087,0.42475886915823136,7.701298520844899e-05
17146,-0.7602599426384522,-8.686795559270678,4.9614155814241725,1.165611343511465,237.7165784460361,0.08966389449530343,7.703275824773819e-05
17147,-2.2817429233403086,-11.523048423518315,4.9301874946023085,1.2040583444985111,247.35032869725273,0.198706585204369,7.703441682668948e-05
17148,-8.069131330575129,-12.878100897224346,2.3881315602949993,1.1345393634317602,270.0899645462931,1.188902517354152,7.703922913659517e-05
17149,-2.525333814394765,-6.204037962509722,3.9681727426969964,1.0249746958927715,468.0614616629551,0.7088607753413649,7.70571064356596e-05
17150,-7.033924322836652,-12.18934594722889,4.551225678648757,0.9899177281014655,273.9956986815885,1.8826634297311697,7.705919726786956e-05
17151,-1.646644322409566,-5.035135128510838,0.6029965101617802,1.1364208122405417,467.1478767292028,0.13673281812125726,7.706065865377852e-05
17152,-0.9376381966917045,-10.269499327119853,4.930940891960058,1.6947104559906365,398.169820724763,0.5142197775495676,7.706164522800834e-05
17153,-0.42277296665250397,-10.472281425494144,4.9163156293775225,1.4884799932819552,338.7454908447393,0.1792051792697542,7.706614422851388e-05
17154,-2.3544087075940725,-5.60162160131498,3.8375890933156778,1.5138926052015973,345.5656829338732,1.9408804915508355,7.706638820356478e-05
17155,-0.6824215510844169,-12.935717606750412,4.826405274911895,1.272775073535814,319.32660960328934,0.4614006883161963,7.708003255848972e-05
17156,-0.3519144920590449,-9.862326002547615,4.986726028797525,0.6843929802682689,138.88883278827728,0.44168100954242373,7.708429222133369e-05
17157,-1.9264448404510421,-6.284332934562432,0.4529882699945872,2.356848205546376,442.2794910437865,1.814083507463855,7.709350991161024e-05
17158,-0.5632343983157675,-9.268279227079676,4.999569757106843,1.8784391906086044,451.83123010391864,0.28486694573307947,7.710389641765695e-05
17159,-1.473450471486336,-6.454944293330806,0.4413116957418842,1.602632054146439,469.5215968221945,0.07945424318903616,7.710441687623076e-05
17160,-1.4476849280465824,-9.115721039688781,5.022095645885214,1.1813910734124122,255.57320246414537,0.06206755812055764,7.711011819063649e-05
17161,-0.13192766096668151,-8.962037167558726,4.9849490835673596,1.4207954968910268,469.83920294087477,0.10239371720006929,7.711287449653816e-05
17162,-1.8870346207628312,-6.785943623901726,4.243111079366105,1.2521530168378396,314.2362299561903,0.35614710635009494,7.711654323287613e-05
17163,-2.6560551086747637,-5.761622622994032,0.3272848706948154,1.635669404363263,177.54643931090436,0.19230311048837923,7.711790500131667e-05
17164,-1.1534948036648078,-8.303908284482713,0.012338753706493163,0.6947919494848215,137.3483198388487,0.2652363434750473,7.714104894585446e-05
17165,-9.331367698088648,-8.08117686016826,3.739125975303152,1.8345846979417657,469.9523589706223,0.08445724117060482,7.714149779965278e-05
17166,-1.3789877163396902,-6.6895625827386835,4.190899485472439,1.0584568254393625,398.53154648594017,0.07515333055070172,7.714189364299284e-05
17167,-3.022693084289033,-5.432004998968777,4.700273509410928,1.3604156295152907,297.8138610264265,0.7956278862345494,7.714451806200648e-05
17168,-1.9409016284961833,-9.440973875701475,4.984255818185226,1.703325060961763,399.0468968772686,0.18682686727579068,7.714578549287775e-05
17169,-2.0080709044475666,-7.4875846372603325,0.24957232319184286,0.6578433717264609,467.3152303240425,0.4424206482508346,7.716219738753403e-05
17170,-1.8296062141651444,-5.044259745046247,3.7273722978811095,1.4970087307525544,345.44480242983246,0.9793758689592442,7.717783045103362e-05
17171,-0.7611182270260937,-5.178501504014154,0.5569371936621814,0.8925821290983044,467.85304319912314,0.14117690198708477,7.71888372998141e-05
17172,-2.188649563462885,-6.950697398673913,4.32176044861734,1.0103027687887733,206.77095878585897,0.6939214215617904,7.719841888558696e-05
17173,-0.6852699388505368,-9.570570660708363,4.977532261625344,1.220144711205679,307.93958835785935,0.3697256033066987,7.719862667274927e-05
17174,-2.0170426695035593,-6.251242100905129,0.5021932341979873,0.7675065028520565,165.44333104564348,0.14135981994544533,7.721450352506592e-05
17175,-1.669297772793037,-11.20513103775774,4.869324406156321,5.967461600199397,528.9262182491004,0.06510794785688478,7.721703067364147e-05
17176,-1.1040346790531093,-12.943161961786272,4.824565579320564,1.2630496688324877,313.6090251141331,0.6932268514741322,7.72232313935233e-05
17177,-1.8190628451319828,-6.50266787255186,4.128303647955827,1.9491457355920565,291.26171488234155,0.5188582412077132,7.723867022813708e-05
17178,-9.47952236544523,-8.11125369495421,1.9993592920712016,1.311366152218381,470.47618308621014,0.05433727050540238,7.7247415796878e-05
17179,-0.5654222153551043,-7.3694970712774674,4.5179681648513395,0.7084256828125239,139.21084677897906,0.22876784135081163,7.725941400306044e-05
17180,-1.8475340523244181,-8.291986696356481,0.01995776807292216,1.292581952703856,319.9594835423752,1.1277661063028956,7.726000169916272e-05
17181,-1.8853011668037105,-7.732381255617774,4.694786082874762,1.1581254888742256,301.7768167950882,0.6807578994797936,7.726180037060964e-05
17182,-7.763587890130017,-11.301625566804166,3.7090548323063275,0.7588710049895331,468.82269173542613,0.3566067121117005,7.72632198390363e-05
17183,-7.776267486073248,-10.759381897140456,3.874860321370606,0.9236754018319441,182.5234751479478,0.013185454999192103,7.726828041646562e-05
17184,-1.9563216921467088,-5.271920438526045,0.5383457383707824,1.3068644232382784,284.1404786439542,0.21043028267688424,7.727411871482256e-05
17185,-2.0217520317951143,-11.051180396215905,4.876313450564124,0.9153639651489416,243.58726308674025,0.9178589883536201,7.728387623204249e-05
17186,-0.6332531160827113,-5.388875430779932,3.7941933687215363,1.1199047018645758,467.57530041428186,0.5610954304824967,7.728722412737749e-05
17187,-2.181227677433034,-6.275664040979203,0.4372693315504034,1.8759042873184846,462.0271685658857,0.1818244987399149,7.728906738533845e-05
17188,-9.973660580680466,-7.252447900532491,4.140115883031732,1.6761870836312396,354.92568202698743,0.6765107813425546,7.729076488844964e-05
17189,-0.2178860483406968,-12.356569052357775,4.831894000925002,0.8782534907426258,225.00166696521015,1.2798362302367616,7.73147403354037e-05
17190,-1.8691002840419166,-5.26882026421646,0.5448353701352256,0.9179250844584794,208.89481036260753,0.041538254468599156,7.732453789959862e-05
17191,-9.577585002549315,-7.003263663216588,1.374956286561961,1.5789286741476538,342.64255861242316,0.6484259118794924,7.734434232097189e-05
17192,-2.185283871962702,-11.422897909723122,4.858228733675362,2.4915914621322504,436.4403509599435,0.41040274042812097,7.734772528770793e-05
17193,-1.9258847557933851,-10.032933969953135,4.944906803478221,1.7065250144170492,468.32578959266056,0.2823270462490308,7.73732877092262e-05
17194,-3.9413515808426265,-12.051397541977753,4.9335437379257066,1.208563369843613,301.9818953964827,1.0599320573345894,7.737426485999495e-05
17195,-5.218888008206619,-11.725928978562642,5.006581111415369,0.7780442699716938,167.91105912277663,0.05066233904315798,7.73833715230258e-05
17196,-0.10131628282550587,-6.249465875105239,3.978327541991911,2.488735924615621,433.82517071437775,0.529117725351143,7.740838792506809e-05
17197,-7.629154905621345,-12.378515357340858,3.780592948577661,1.1836802307280527,170.7550095047121,0.18820098617729997,7.742582366585321e-05
17198,-0.1893390976592162,-11.3246731033112,4.861235257293989,0.6812445019843414,134.945754657556,0.06736238832610564,7.743593931956781e-05
17199,-7.2529178932429925,-11.060443568338997,4.545390668219936,2.8995352340032126,480.46052921281097,0.5242708378508025,7.7438698619036e-05
17200,-1.5831257724824717,-5.342780157919194,3.7834553326848446,1.5821727790586042,351.15991994011097,1.4373946817644123,7.744566529730579e-05
17201,-0.8425501153690789,-7.801384884322029,0.17898400496749778,2.682154877034025,466.9760173552867,1.005727687615832,7.744846108532564e-05
17202,-1.9677041547454106,-5.3036735550744,3.7771159890852144,0.7318998430867354,397.09348821440113,0.35488513757864304,7.744924349209915e-05
17203,-0.07500790030380244,-10.616545504582943,4.901971017052414,0.8025562662646332,469.7743502609833,0.005469059466126858,7.745502403576436e-05
17204,-2.454733092754119,-7.068506608298873,0.32978580756132064,3.9279282928721932,521.7360873830902,0.208719423973581,7.745588590248457e-05
17205,-0.5820729017094877,-5.417329478866494,3.795598028215794,1.852566100961254,469.3621660613374,0.03626711007305072,7.746421548926619e-05
17206,-1.7763899877807336,-6.229657287533301,0.4695752195466871,1.0372335628876652,177.06816349319575,0.060644670677095114,7.74738496816719e-05
17207,-0.2633062859754425,-6.288816884540783,0.43735032989125205,1.0952901614042863,130.93561183011295,0.31566054945783417,7.74775976545747e-05
17208,-1.942348825788594,-7.11797887501163,4.399729637002385,0.9997562367979147,178.49843092534778,0.43445230613453933,7.748128890553544e-05
17209,-0.3678078833364111,-7.222897394166434,4.4428408559408,1.8840623944776216,453.12516630331663,0.5991456699603193,7.748357007679487e-05
17210,-1.0927943987390485,-6.394510985042096,0.5140475085070572,2.254116542388549,419.8994405330556,0.7607654383187183,7.748368978498997e-05
17211,-8.649829609156313,-9.080593991419493,3.310961715049247,1.6001530992752977,468.17597781486074,0.3426808359919553,7.748799192482608e-05
17212,-2.458806449813313,-5.778160558910746,3.8674205865697924,2.035445808890884,353.96846026108784,0.13934936404664544,7.750036391457655e-05
17213,-8.634902535150644,-8.779382716109595,3.966260646024086,1.8166691266927513,468.7919935198853,0.6440699607833755,7.750939642236829e-05
17214,-0.552812432511331,-6.116230778983969,3.9530835425164392,2.184748874517664,408.4637608740134,0.39392307103348134,7.751141247739951e-05
17215,-2.1148150908098815,-7.4097410565982145,0.22170953756840092,0.7301879010322324,468.8113436596168,0.3298787258826721,7.751622378059053e-05
17216,-6.327288076747818,-11.408799930378642,5.018808941004576,1.1888321019472523,467.7589662421199,0.2821227552302803,7.752343534804664e-05
17217,-1.119392245847905,-6.414806685516321,0.47134031293683903,2.8309917358520296,474.17676453201864,0.6930364373519149,7.753491209390853e-05
17218,-2.58588221426442,-6.916063867464731,4.852471929775923,0.8604981207067676,184.827376694419,0.5181304226472756,7.755068306308682e-05
17219,-9.48046016127543,-5.766358574894561,0.9960032694454628,1.4851913096755354,340.8212608288686,1.713401505719764,7.756109051829914e-05
17220,-0.49704702028025416,-6.491011147017997,4.118186859628126,0.552427702327664,110.89017119469928,0.002891910302690981,7.756735010652421e-05
17221,-1.3013895898657974,-8.270378928737088,4.87124340804837,1.052152168326926,348.2876782641868,0.6658901941639019,7.756774582990838e-05
17222,-1.5559480548390852,-11.639924707072701,4.847326482480288,1.5263984822018377,344.4336737052005,1.4618194990220585,7.757102618579856e-05
17223,-2.945988932735908,-5.561446631857791,4.55652364965778,0.9981826881402677,467.4173425187886,0.5504286918447319,7.757378931292665e-05
17224,-0.36683623530688614,-10.731627564858037,4.891653164805315,1.7483415014665122,412.1829428847001,0.10434313824288122,7.758312092915694e-05
17225,-8.036516929451647,-12.03265031521742,0.6314828247049942,1.7876440334677124,423.9952442987739,0.2547843014879323,7.758332354664093e-05
17226,-1.819723245072888,-5.950579577937082,3.8872017070860245,1.6043039772082437,468.8677542570054,0.6051726374494937,7.75923077918166e-05
17227,-0.22923615975659573,-5.033065966190762,0.5357455118337366,1.349828551978198,283.6421787487538,0.22100494978994423,7.759995600580914e-05
17228,-2.4837509976047034,-7.836438899258731,0.18966906905548964,0.8645938982128871,250.72797832218117,1.694719980099837,7.762294488614617e-05
17229,-0.1466798360717796,-6.879272935972222,4.257213393961377,1.0072850212513165,276.5739615242305,1.9053223367144616,7.763425360235598e-05
17230,-2.2965337504829675,-8.880455404688728,5.100651658132369,0.8689698286274377,177.56822982179423,0.3566430720888727,7.763821951324554e-05
17231,-2.4580478973879796,-5.368877600487826,3.7841411283528337,0.9131006765292052,223.9965937026791,0.5306088292102542,7.764297400226465e-05
17232,-0.7071409371665673,-6.268141312584987,0.44512725005561443,0.7299201101627492,467.3843113432115,0.3304345520695122,7.764393979343031e-05
17233,-2.010345922978373,-6.971083351566479,0.34525243946803535,2.8013646133512142,484.6769356429957,2.1414641806465555,7.764803627491338e-05
17234,-2.3047794588803274,-6.536996226765285,4.217768159137065,0.9450795651641261,231.35198839196485,0.615838906779639,7.765664835490246e-05
17235,-2.408921193150384,-5.661409241425827,3.8384412506322048,0.9973100554635197,468.1829795187217,0.8586965573669936,7.766060259697969e-05
17236,-1.9970573566338263,-10.178331999225694,4.9308047179722685,3.56952556856267,526.1354571529679,0.39987375893965993,7.766360011330308e-05
17237,-2.03845360264355,-11.925186136135485,4.83741342845015,0.8426233358574773,193.8737105413235,0.3989721993464146,7.766920897690397e-05
17238,-0.8140470489949401,-6.826940068190845,4.245863000211783,1.7464764147436491,468.62051439535315,0.846220207047061,7.768736113461142e-05
17239,-2.2812114119490436,-5.775178726528369,3.8625472843864794,2.062891398314961,401.8443014318738,0.8788196995036559,7.770840555943508e-05
17240,-3.310807071713402,-11.966048962790172,4.944601586993852,1.4301442897974876,322.8029550457407,0.23640310496733363,7.771057367905568e-05
17241,-9.7934407421252,-7.787786890032317,2.1806444151291267,1.1374129508968671,467.2001884166527,0.10563241280190194,7.77196097033496e-05
17242,-0.7402811308634512,-5.705423743820527,3.8889029127588777,1.1008083667375568,268.6337649306876,0.32201706876712777,7.772373775694407e-05
17243,-6.85181291238659,-11.088893154600571,0.04887975694375858,1.1726457623431017,467.55120195642786,0.14995524480795286,7.772634339752172e-05
17244,-3.323905123736094,-5.809476444971627,0.07234959115829115,0.9157301475040281,256.5584475847646,1.4488264956751662,7.772980911384449e-05
17245,-0.268961318932762,-5.675293374258155,0.5707962410532561,2.635718947308977,468.0473473944061,1.6034639701367581,7.773360067128117e-05
17246,-7.152367961760561,-11.512412047510981,4.539277811321747,1.1003506251771542,284.0622867176488,1.5558445490319928,7.774654671296976e-05
17247,-3.773168363609445,-5.446246552818651,0.0926176112222666,0.7134772824887327,212.7805293576617,1.1230489069903324,7.776495292397039e-05
17248,-6.30370524770369,-11.25330428038577,5.0595310100677136,1.0932249885643193,467.89747231248265,0.6122760972603585,7.776797260381579e-05
17249,-0.8182407028326573,-7.454743360887537,4.55177232976727,0.8799605056280944,211.5301700029452,0.4935205144755326,7.77884620189107e-05
17250,-1.3276132957752989,-5.367225682729113,0.595517255673641,1.4260781714334136,332.96744009976436,1.628178473232861,7.77910892986466e-05
17251,-1.2589578455105332,-5.531264915014937,3.8098137392562585,3.2326981368825054,511.4825407596382,0.8290751274302366,7.779583934402534e-05
17252,-1.776468842887196,-5.154844737897764,0.6088914391319542,1.6858731428607476,396.73509706835904,0.01090731578155868,7.780104159441426e-05
17253,-6.099994944478331,-11.83084960615362,4.977248381682978,2.7826694475062856,462.78037024689274,0.44384895777143285,7.780998541994803e-05
17254,-0.7412855334255024,-6.3607939720705655,4.067427823098705,0.8695003868811305,251.28141524220206,1.2915538968286713,7.781443258355455e-05
17255,-1.380130351237721,-9.291589423255424,4.981030289530296,0.949979390230041,466.71959685581845,0.38319178686553546,7.78257298483185e-05
17256,-6.724645609924176,-10.747523027153585,5.071359560474071,1.4227260612812558,338.4879494143289,0.42217486607381094,7.783300977373527e-05
17257,-1.4043349389726814,-5.96256231386382,3.922997082509289,1.5001870780648145,336.6978158892941,0.11479348572045733,7.784697253403346e-05
17258,-2.5558743567926987,-7.46139418494316,0.2978769800181504,0.7690619745888088,184.01457306632355,0.10481450805979353,7.786514584586375e-05
17259,-0.7104243227244638,-8.729931971957075,4.956886166157386,0.5463757526798912,126.6608919753828,0.014433741363979458,7.787998069525781e-05
17260,-1.9425900481699596,-5.081651094635638,0.6115763349234126,1.3982401016858872,306.6966242808545,0.040923997702286385,7.789536707668342e-05
17261,-6.7144183487865945,-10.862513172851983,5.034422629121782,1.6899014528382583,468.03436564161177,0.4764697582097819,7.789776972252268e-05
17262,-0.9023224712972819,-6.993154909665932,4.3301067375042175,9.751689487707198,785.2633511703293,0.3740225246140918,7.79076515227191e-05
17263,-2.157054754504938,-5.519285744635677,3.805134456860114,1.8383108980599916,468.08143939235123,0.7202398557748122,7.792069945532497e-05
17264,-1.933591569994725,-11.358653760648705,4.8539636309061605,0.9205255213564665,253.52489659157487,1.0202098607171637,7.79239170015471e-05
17265,-9.170015472780827,-8.189909984601803,3.8619336320729056,0.9104760850492738,469.5697534566165,0.13086376041725867,7.79380878628703e-05
17266,-0.9937119411560236,-7.051974514560744,4.348045887396853,0.5564624570495154,160.0515511530693,0.755265203053523,7.794261013485173e-05
17267,-1.372068738559907,-7.548460336322345,4.595823087485933,1.4365263753910542,467.9368069984738,0.3316757967988728,7.795505101921473e-05
17268,-2.5775661171844515,-6.229220358990496,4.017057154371367,0.5801038431735087,136.5836234298599,0.4079035208739379,7.796388109406393e-05
17269,-3.047339821975412,-5.105084279476676,4.428755336713634,1.3952624203202326,326.78690133447975,0.6322792543275453,7.796930436307284e-05
17270,-2.2863472092052906,-9.236872808134809,5.103659141759199,0.8338821180569856,243.26121085797092,0.8678248949711795,7.798101756427904e-05
17271,-2.287581236506221,-7.084048305753929,4.385427357745121,1.3117246768040458,206.48835284308964,0.38561054656789384,7.799770750137753e-05
17272,-1.69856344228781,-5.197064589238732,3.72713585943501,2.4143091320656866,438.29494123245064,0.8286372847103829,7.800802914879345e-05
17273,-1.0666982895434014,-7.891406063931241,0.1478968908521229,1.1384131491530711,292.2460665302542,0.8881869367772905,7.802304737716054e-05
17274,-2.694455402842224,-5.304170698187858,0.3826244061033325,0.9645859086334257,467.9922975403253,0.03892190659010453,7.803839996923968e-05
17275,-1.575057060559562,-8.993987173947641,4.975790981503738,1.7345499269385427,345.68302111269196,0.17230594639640717,7.804662186647576e-05
17276,-0.8218962744209701,-9.43147895433709,4.97446239756464,1.0236389793346266,467.7586802840237,0.0639972570354077,7.804711212118448e-05
17277,-1.9728505122188071,-11.103602481418967,4.864510598417549,1.1566155182735782,238.8730085040774,1.0565987839215536,7.804735502297309e-05
17278,-4.16496343086131,-11.287835566726951,5.0684674283362225,1.1583214652067968,298.2929201145027,0.344134107743284,7.805700868102435e-05
17279,-1.1316867279020961,-8.822494215586875,4.96412958407251,1.9750291625761236,319.35600780722984,0.06186458683395646,7.80809980743395e-05
17280,-9.307609079126488,-7.674808007098238,4.5700461771029595,1.7285250247114536,408.6193706021427,0.6496488146822683,7.80997203812085e-05
17281,-2.1184927722914315,-8.119091877640463,4.817487760959864,1.05008770581522,396.2568603480123,0.09687901768697227,7.810014877100985e-05
17282,-0.599583165698526,-7.436211726494669,0.2925482568131216,0.972882892299916,261.56346366861584,1.3453611139504442,7.810207594323814e-05
17283,-2.0104769217759575,-12.398377512329818,4.821575036059461,1.544573754221382,157.38094777549793,0.4011813008786964,7.810272222382693e-05
17284,-7.9049445976813235,-10.87138228153146,3.5449818392123036,1.913662137655193,469.0043062643319,0.6011206377381297,7.810455252950693e-05
17285,-1.7586007030219761,-12.482349316062772,4.8200101219533105,2.0982407593753516,410.8846867898102,1.202728866189477,7.81098114110074e-05
17286,-1.9100338962944647,-5.012559776192127,0.592822864578693,0.6346428975767077,129.8279599233094,0.10382476458857415,7.812313764274513e-05
17287,-1.9017037775329229,-5.004583509028317,0.5936893690114189,1.4832086506448572,341.15535769060375,0.24438354412313856,7.81382170376817e-05
17288,-0.6287722474941262,-5.654672414386059,3.827817879575887,2.347730646375222,443.3945966118407,2.4675975524025233,7.814134778757941e-05
17289,-2.124869085530255,-5.165862233689354,0.6068424980756743,1.0846350406381093,281.9382850607582,1.2244589888283874,7.814181972451683e-05
17290,-0.8664427988215913,-7.229011099937324,4.4356294538316385,1.1578536970490556,467.99378672548534,0.36510569361450873,7.81509283303688e-05
17291,-6.170089438712104,-11.419107266388737,5.041797071893104,1.0491882708348175,272.8407171245485,1.3128030444621208,7.815273324751241e-05
17292,-1.5978725927155608,-7.71331889693221,4.642059530749585,0.6660737649372684,153.75895597517913,0.6410189885687494,7.817053606786052e-05
17293,-6.353461668940243,-11.499567846786547,4.991161000406458,1.7842805835552211,469.6151423511375,0.004609697237367705,7.817426145164008e-05
17294,-1.8858945475351696,-7.92549911606418,4.760144330051035,0.6922724986646084,467.4631081030517,0.445178827884094,7.81766335289686e-05
17295,-3.173256618313758,-5.127360459064606,4.6350228120276755,1.068811869357759,285.51452399095666,1.2033216660322905,7.819995893837706e-05
17296,-2.1857412818934705,-7.528922044859176,4.585150978607894,1.7379626596492237,411.28253228919107,0.38401884399863295,7.820330340401954e-05
17297,-6.8526128959411245,-10.495441637808927,5.1044396924928215,0.6889689322010132,165.95565917820343,0.26793348026058794,7.820610618936075e-05
17298,-0.660377978674715,-5.104484798252939,3.746994423607343,1.816789807633245,431.4674471407026,0.625611843545129,7.820803255807946e-05
17299,-1.8145945503007983,-8.823574467585665,4.989337285591332,1.0386067238276202,273.9049928590855,1.5381520391709937,7.820890602395175e-05
17300,-0.8184205903036261,-7.285331053121731,4.462172956567649,1.4309436548898176,467.8011478241428,0.056875940982022755,7.822523613617621e-05
17301,-3.375811485048178,-5.3837684389519245,4.995751770431314,0.9409484304346405,467.74520012572043,0.04556812051235859,7.823602883619325e-05
17302,-1.156914067057368,-11.994424970374562,4.8286457371152,1.8726219874019463,465.87597633780337,0.12058415249862708,7.824119755043726e-05
17303,-0.6841475723468822,-6.964100372664967,0.4094707154152571,0.8025297021217903,172.09146528295304,0.0941899639329229,7.82511744592635e-05
17304,-3.366362199728572,-5.411648635187259,5.101373231502445,0.9142152349338887,177.55122044230305,0.05057509667355209,7.825474139817689e-05
17305,-0.4138263596091498,-5.291435608140684,0.5376009327554842,0.8155476891983847,226.18572651075175,1.0087560241494744,7.825480464677761e-05
17306,-0.9767798113650006,-6.265952097601586,3.977557968448894,0.8087939893377623,466.7166604506759,0.02573645290517579,7.826403128650837e-05
17307,-0.9124634361253321,-8.838402376993859,4.963342068819862,1.8686353797185133,469.8594598774376,0.07546721543285617,7.827277026189284e-05
17308,-0.38245504769365546,-12.52660818446948,4.817292140860885,1.7878228675594738,426.45956281965107,0.43512784311191943,7.827323230970109e-05
17309,-0.42323446432172496,-5.008574757627213,0.5597807007159713,0.9811771996862806,469.71956394027455,0.05300246900970684,7.828819692684811e-05
17310,-0.24978173589286,-7.625659124790424,0.20982889698016108,1.8321337756032636,468.01591967424457,0.25513807623554374,7.829349388181269e-05
17311,-0.6715127335745414,-10.339478811418978,4.91160509800785,1.1642379539202306,271.39058748003276,0.44285949812216874,7.829736180071759e-05
17312,-2.055835234643606,-12.4216555158711,4.8187499032514785,1.0857436031524763,280.9507987486313,1.115496618740047,7.830215935982804e-05
17313,-0.07647113470397571,-11.67321632845148,4.837267816624841,0.9570538286310923,159.34484831631684,0.3960358471344092,7.831538443519577e-05
17314,-2.020444344846525,-5.406614060930223,0.5817761796924477,1.546117081720471,359.61899169193896,0.3189903620714656,7.832379443319256e-05
17315,-2.74031378247333,-5.713738958356159,4.132157830588536,1.2156045959294506,467.47341985797254,0.3152075678445767,7.832738450136774e-05
17316,-2.2229453056757196,-5.151525217213867,0.5581382531182496,1.829247517188279,435.86509739697755,0.48912462934932766,7.833015868976457e-05
17317,-2.5403021851964898,-5.299271895043272,3.7603591752257737,1.1631241112703734,298.2244678887218,1.914717076082872,7.833254753994944e-05
17318,-0.2630845608059662,-11.377447966272939,4.848210030447868,1.1167503005897965,276.8429486385976,1.058250163259567,7.83385756451809e-05
17319,-0.24383435756474547,-5.521400068012418,0.5500021980000354,2.9001580688566166,466.75500325026877,0.3199340422775103,7.834974325593606e-05
17320,-0.5946094901588115,-6.289130259061588,0.5226849485929127,0.7654786138239276,178.82129104764937,0.34317397673741734,7.837238852708963e-05
17321,-2.702473656248613,-5.478462134139263,0.30583871848107047,1.6947003142341626,362.1726778813174,1.1770199516937891,7.837806757738377e-05
17322,-0.4672739305957627,-5.298655825052573,3.758034211514396,1.6313698613028587,468.3240703281968,0.5836047140613205,7.83807999053585e-05
17323,-2.978210597591552,-5.131710956329824,4.190835728614631,0.9763426304034994,147.43716038825153,0.27675149606858707,7.838408139928171e-05
17324,-1.0738834781279856,-11.347861993804797,4.848921143921586,1.7830752158034704,468.2049078802433,0.3244432317551711,7.838547275858769e-05
17325,-2.4909020097319274,-6.32909745062823,4.023348700846532,1.770157474868944,468.2363079590073,0.5483122667267759,7.838656371759164e-05
17326,-2.1391403497100043,-6.986293370448727,4.293963692336043,3.4666948546572183,518.0002026564157,0.45005485696659964,7.838679454878567e-05
17327,-2.1072706170907693,-10.647208169086884,4.887712882711862,1.0086938761926993,202.86499421265762,0.12010345005523337,7.839083134823607e-05
17328,-2.5291194844946805,-6.194035898952221,0.46564727387430427,0.9637796527687943,151.95626888701156,0.30491287331949213,7.839118262450839e-05
17329,-0.06147803705617605,-5.382607697284616,0.6188381255408182,0.8472682510217289,244.11674196745665,1.2170091956622855,7.839218768608383e-05
17330,-1.1135348481800573,-5.538770149593686,3.799603981163805,2.7406591901034507,335.56966455331076,0.016745398327695504,7.839857637001624e-05
17331,-8.986275846774234,-5.1436237579395865,0.36673691793079954,0.8968807360214482,469.2879551555261,0.038887314394327355,7.840330347398847e-05
17332,-0.8804483167151727,-11.86562516207575,4.830119474260607,1.5757137903423475,368.1671321963878,0.8740813843044579,7.841087876591002e-05
17333,-0.12387977689520824,-10.16315928282247,4.923276745142805,22.279333546172964,731.456432897747,0.04378214209553999,7.842064466264065e-05
17334,-1.1788184415611518,-7.478983040850286,0.30259425920539235,1.106002800208039,290.1283483239874,1.4264249906229916,7.843606191877633e-05
17335,-8.072365056544214,-8.759117317588979,5.147708449931338,0.8250241943206434,237.19817490091592,0.41679911109743983,7.845093013328524e-05
17336,-2.5006247875449406,-8.042440551266024,0.10132085866427652,2.063561338516002,409.5277074853438,0.6421435620799203,7.845101156461904e-05
17337,-1.9545212696121599,-5.877680988298887,3.90462661125621,1.04367388320446,231.27839765976015,0.10849355908740321,7.84644784035357e-05
17338,-0.024090229477689462,-5.665473315511192,0.5734129279116914,1.2027752271055954,301.3048322806782,1.6694854493527833,7.84794146279304e-05
17339,-3.525311222938889,-5.094405679970786,0.24142617302945749,1.7562024498256967,468.6292776033693,0.4248727167971662,7.847977085222376e-05
17340,-2.3860585603509232,-6.271446288049929,4.014874410030528,6.386548494580086,686.3249463413514,0.4781388985359811,7.848595196474873e-05
17341,-2.6008724892738595,-7.063761157642025,0.2407307240460615,0.9453737810906406,187.30998534680757,0.08062713546053235,7.849545575274746e-05
17342,-0.40644655061618806,-6.611748779432384,0.44474493184836966,1.1883602357171552,286.99609388108945,0.3953767805719144,7.849570385684591e-05
17343,-2.971320651980961,-5.231699306218544,0.35933654465080495,1.3617516108743561,299.8263271549489,0.20752601225485545,7.849803069003853e-05
17344,-1.8311800457809806,-12.642375503900825,4.812793278311476,0.968124914395211,270.6722399215519,1.8963774485188916,7.85000406671169e-05
17345,-1.0601055958479684,-11.619883724402156,4.836809827349816,0.5535773113904333,114.99602990974422,0.02205238802627907,7.850764924649574e-05
17346,-4.270835326317018,-5.127956193151255,0.1154851489402322,1.0914729686991018,466.98699139772884,0.6153050439769254,7.851044166547849e-05
17347,-2.001612592577347,-5.627992607412203,3.815178509417231,1.5159600099687254,346.0797151784454,0.09986049614107717,7.851151860977347e-05
17348,-4.350716059927052,-11.47816934888029,5.02693918652607,1.0656153915727036,188.25104919816414,0.4261682341846562,7.851467440898139e-05
17349,-2.209301227229563,-5.684228464891394,0.5594090341306068,1.4376338056891917,337.9952842409165,0.40209790455379135,7.85270671748988e-05
17350,-0.43525476828439125,-11.122367020987067,4.857844967474935,0.9654863275066312,189.32777100595462,0.18900744037479988,7.852910762426537e-05
17351,-1.9745640144740264,-5.8241603579147325,3.858329602798629,1.0776980092747688,467.9933921867678,0.8191056658341678,7.854044252862906e-05
17352,-0.4355642718185653,-11.19936997854465,4.853857921095891,1.3867595443197869,292.7411880132335,0.11000172563192656,7.854323388904941e-05
17353,-0.498994384140941,-11.692443442141146,4.833819181515544,0.8343854520488946,454.31714886569813,0.0897878348836274,7.855015924193562e-05
17354,-0.16019570233478042,-5.081270315556299,0.5928716224200331,1.4165327972754715,332.21159350495566,1.7891926342920748,7.85533416432822e-05
17355,-2.1263908865770134,-8.036278298954915,4.782614317541092,1.7912174650316057,427.22971449066864,0.005746949986366268,7.85594579253778e-05
17356,-0.6962862702133332,-6.995736289855538,4.29538935433948,1.1774868387385555,236.3128826542066,0.0028324747452286303,7.857219196494422e-05
17357,-0.6923767049446603,-6.584333705124969,0.43251890240925983,4.138336618141354,543.1756224484137,0.1829209032521959,7.85751454308725e-05
17358,-0.39438690805393506,-5.365947468242662,0.6330605008843516,3.1722019256303415,507.17415293856936,0.8589686735181958,7.857892847788464e-05
17359,-0.5202632856155738,-6.403286005967529,0.5113371013203556,1.6816797765794853,354.4761347214949,0.8427616143954042,7.857943920282558e-05
17360,-0.6380566218569381,-8.005154443565836,0.11643935613637875,0.9072552767167938,469.4047284224794,0.161348998663434,7.859043058639096e-05
17361,-9.254040792762883,-8.24750915174129,3.4804940596591223,1.1790308728148697,303.3611569335857,1.695131678685966,7.861212077713124e-05
17362,-0.9164554294475362,-10.602808098835107,4.888068396939973,0.5260401220827904,112.34704597603496,0.45070201292529877,7.861478517077016e-05
17363,-0.24760363804132446,-11.019218360105677,4.862111731238742,1.0171248185184036,402.4132310016764,0.4807992260753151,7.862836259866859e-05
17364,-2.227928517712879,-5.284146753167119,3.725284507137881,1.1300840581224632,182.0143451904834,0.1146697940216379,7.863218946745957e-05
17365,-2.1878329221152004,-9.68256650619162,4.9814665597860825,0.9089096388950744,140.06585910352024,0.16629817814227188,7.863682368992525e-05
17366,-0.20956402009714026,-7.942626049796584,4.740510837948836,1.1435480320555653,467.2711071676922,0.29421928375454787,7.863714953145449e-05
17367,-0.8250928992641136,-10.681279230137415,4.8823833272945105,1.7341879851378186,409.9180920383026,0.4959766555495255,7.864482333475975e-05
17368,-6.2309511256359045,-11.787956215601108,4.962761659115842,1.6234026584337709,356.5556149592117,1.4991611507647837,7.865355365618563e-05
17369,-9.234778690064969,-8.312630173215435,3.3415751190950687,0.8564870075950268,242.72767361725883,0.6969774663232835,7.86586795438086e-05
17370,-1.5624157666538672,-12.566626644052219,4.8119178124063575,0.7183878260352635,193.00956632670673,0.07912439919538361,7.866507337805532e-05
17371,-0.5681673439475574,-7.874472341352593,0.1595215387781777,1.8133380671565722,432.04195553378304,0.08844266586130001,7.86691382482374e-05
17372,-2.1707814665883474,-12.156371827817273,4.819579556208981,1.0393882465690627,274.4421579477809,1.0621529140843773,7.867633253209324e-05
17373,-1.7773615695636416,-5.808774310038515,0.5742580456596683,0.7229449771510997,208.26596726129137,1.281681507118658,7.867783339676354e-05
17374,-1.2807376553459253,-12.818245970513217,4.808162939632482,0.8002855313851873,235.28747404291892,0.854667243320864,7.868705044569915e-05
17375,-0.5889807079401148,-11.206749252700913,4.8516650576225375,1.7777709446463001,468.9391174121257,0.6372050980685859,7.869900998426312e-05
17376,-4.235304043765023,-5.211662166086186,0.10151169992217357,3.717809372323175,550.6686145921229,1.0623537262287934,7.870221517083726e-05
17377,-0.12018437185554198,-5.303926064064386,3.726238139450893,1.0202006405438087,454.605869619351,0.5823730436969408,7.871220489136488e-05
17378,-8.157076725602357,-10.916967094217352,2.686342737277613,0.9554843780092357,259.8283834741018,1.6608867733020185,7.871624156785349e-05
17379,-8.095505024862602,-12.490844996524544,1.7539594547028805,2.6893810874575723,472.2103487526908,1.4706856537123691,7.872408878198075e-05
17380,-8.073490946179152,-11.85838430341037,1.4442443894366903,1.0858821004172898,467.43311345587165,0.47910115206012716,7.872451999269196e-05
17381,-0.4229627579533908,-5.283489381000612,0.5483645498436597,1.089222714407632,256.5253104773344,1.1520355833147535,7.872531448030882e-05
17382,-5.255392646500222,-11.634573950279654,5.018388522223652,0.7231321449145275,357.1967660050154,0.31337719845585976,7.87333256060478e-05
17383,-9.468760906361144,-6.904603688280025,1.164336481146201,1.2408018696802923,292.62026766342996,0.8080251348801211,7.873746855436145e-05
17384,-1.1660367096708857,-11.379803259393192,4.843325378716286,1.736459741276561,468.41401572097857,0.35106178230372365,7.874221193125484e-05
17385,-9.406667045001297,-6.318757432868018,0.8582068165919549,0.9588788428210836,139.72015929840884,0.2593967831270838,7.874505125534696e-05
17386,-0.6644094806882865,-5.434161579514794,3.773387764610148,1.650077674614686,361.4045051104624,1.6466770974954272,7.875649149863423e-05
17387,-1.1659955575998584,-6.585435785618742,4.133311341198869,2.2898045022668745,433.36368989409783,1.4606439902726498,7.876480286861861e-05
17388,-0.48772576085630703,-5.610360229525858,0.630270989797502,1.143695095814474,293.045044705679,0.7803881150983658,7.876685605497899e-05
17389,-0.4821893148248897,-6.549758027319095,0.42311097649381296,0.9795372802890405,468.6533179101592,0.6333936429882083,7.876693079911644e-05
17390,-2.042016982385075,-7.420132439372171,4.579646704756248,3.7673713999376295,548.9283970395098,0.6942230545837065,7.876775602543106e-05
17391,-1.864898096004703,-5.370233877307362,0.5636881064560549,1.4310314101760218,158.21069869463088,0.40826855443382026,7.877453831591862e-05
17392,-0.6058188395573154,-5.7867379791215985,3.8448993425138904,0.8714165318757857,468.445776927406,0.8437661855951868,7.878210415622891e-05
17393,-7.566544709850952,-10.527790660196633,4.335806488046865,1.2149439081902502,468.6914243697819,0.5951603661898419,7.878577775879641e-05
17394,-1.5274987956729191,-12.2741429928395,4.81551473997684,1.0570524574043583,226.9210119505372,0.4020953415723669,7.879894325823777e-05
17395,-2.5038881893274825,-6.111829910476154,0.4353122828353075,1.792521268996911,427.7657807612073,0.48579878623766515,7.880601823005416e-05
17396,-0.9316206946698653,-9.381531309592685,4.967757262534187,1.008624403180882,268.62235600738387,1.07574637781351,7.880656066171416e-05
17397,-0.4560063841680293,-7.747257135197599,4.648585195966505,4.0559724770068994,353.20851911627227,0.12524094639096628,7.882345778470393e-05
17398,-0.08143151826011064,-8.182269127058731,4.829032454999202,1.700827332624835,402.24583382236773,0.3910221383137049,7.882380172775866e-05
17399,-2.7004301031539724,-5.1589807978111875,3.7444474762829385,1.2783171354290026,293.9223225403397,0.13810621476541396,7.885046250913501e-05
17400,-2.267835228312034,-5.5690671225129,3.796598223839079,1.0755655379183882,467.3368446000773,0.7802612191261824,7.886035359779093e-05
17401,-4.693564453118512,-12.633503490920836,4.885974085488279,0.9455559421103852,202.69259871319647,0.1495440949406346,7.887824175028877e-05
17402,-0.38429290792639925,-6.014187947064214,3.9217688536212685,1.0046139302527686,272.4772705501746,0.9732348893512173,7.888706734541678e-05
17403,-0.08765986106954315,-7.387212051317544,4.502585356209887,0.9435567678287042,190.30493408769485,0.7194194076071874,7.888915294254353e-05
17404,-8.14722240905796,-9.945982013915437,3.5584295887833624,3.048818567954772,504.19811555564394,1.7398985429883078,7.889835569093642e-05
17405,-2.424006077143983,-6.514590394162793,0.5098779705035167,1.4789409432291922,330.2917155705213,0.7424293880632629,7.8903211633553e-05
17406,-1.957278717592315,-9.107056412193824,4.969184516515059,0.9424593721415908,248.85752839049795,1.0979837530750443,7.892495866216252e-05
17407,-0.33888413081925073,-6.519236262528482,0.4551043071742624,0.8659321118838156,145.54370545556628,0.21105118899607334,7.892514859101148e-05
17408,-1.9944292901892489,-5.370290558851179,0.6170599273477587,1.057476706916716,285.2425329418445,1.216051792997515,7.893247107417424e-05
17409,-0.8361402801295981,-7.071551126510921,4.309422023544532,0.8246200950299224,469.67631437863156,0.060923977438948285,7.893745947441309e-05
17410,-8.16999378476343,-11.142497532228168,2.3924813031295313,1.758364285687851,468.6880260376711,0.2960990074616392,7.893866064115468e-05
17411,-9.836121502698498,-5.7845078771740335,1.5657120349254878,1.707423628426801,369.0617316395715,1.7738323326668874,7.893896537757651e-05
17412,-2.181421695442859,-5.62598038673477,0.5699274269790807,1.6256188458423253,468.88374740758275,0.806075748860188,7.893908667309832e-05
17413,-2.564230829637988,-5.064888735570448,3.7145128499554874,1.1601657813566348,298.4774668293372,0.855851849537907,7.894656942264188e-05
17414,-0.27123407637066954,-6.296409225323964,3.975821415142868,1.7703284303228883,420.6118316696413,0.3500556832740802,7.894684500869515e-05
17415,-0.05184407706664551,-5.91800137359361,3.9055382109273813,1.7909317317681666,379.6394480798856,1.7957939635528612,7.895055747703786e-05
17416,-2.3317940682482527,-5.576182945864696,0.5649981053084795,1.8627179649345607,447.7175879969843,0.2450661814529207,7.895353444691274e-05
17417,-1.3346859290317923,-5.0600203990849035,3.7226425475514118,1.604297042442486,346.2903311763713,0.9902310064437216,7.897118027627477e-05
17418,-3.0061468596054963,-5.469142202945146,4.6871513093182715,1.0314318629983878,277.95381516580494,1.5012246131145224,7.899136825483845e-05
17419,-7.778876262218384,-9.376570303909471,4.879503458953547,1.8674393216720497,469.7793492012621,0.16457812178194065,7.899382621822682e-05
17420,-0.3194439836472043,-5.856075549799144,3.896702333047052,1.851949083707773,468.3158507141427,0.5042689961228879,7.899812169147568e-05
17421,-2.1421792148432086,-12.956424628990854,4.802394978481996,1.054370308408944,212.01346061158964,0.03434925695649049,7.903643297761731e-05
17422,-1.0340557336267953,-10.212743868489772,4.912502866300526,0.6858742959566803,203.47324050677963,0.7960228709320027,7.904386441211412e-05
17423,-0.8815135230125044,-12.71493219425452,4.804839578724947,1.2972313837777276,316.0441509901183,1.5739984159033504,7.907268583358081e-05
17424,-1.026144713390483,-9.350370458856023,4.9656955931858375,2.1167558811238467,418.28731190027713,2.1088028305537767,7.90760458347846e-05
17425,-0.8487306248373354,-5.422768539517268,0.5465531799030786,1.5817612165410342,364.6347506842366,0.9710973210086271,7.907900292797487e-05
17426,-1.5556610812504594,-6.028363046374813,3.8834011860432627,0.9540123457411231,469.59872785389643,0.09497302289453913,7.909958813362192e-05
17427,-0.501150982109758,-8.666262324355685,4.934623214643745,0.4900056263759357,146.20125801194422,0.7562947664204183,7.910092286735591e-05
17428,-0.8122217991674496,-11.203143820997356,4.847074635442642,3.1889668318455575,510.52840507632396,0.99908889896827,7.910398795341912e-05
17429,-4.563572644660997,-11.408977094021983,5.043188293865387,1.1820330421182275,467.7417528067947,0.14219485611415283,7.91053327698842e-05
17430,-8.73744355806139,-9.019224207315812,3.098657755860637,0.8392664287849858,467.81121695962383,0.0348595904099005,7.910677176019492e-05
17431,-2.2664724326596417,-6.111867988997025,3.9301926653998627,0.8942091730148617,469.74212341927716,0.11175474302952892,7.912440687724019e-05
17432,-1.7976956509464905,-8.15100456762296,4.8150179321038244,0.9302225738671492,256.89868600140113,0.6627266205188551,7.913756848446695e-05
17433,-8.06589911693742,-12.835217208396465,1.5894331022977235,1.6867918001711566,468.4013851535229,0.0730175853440036,7.914722586321243e-05
17434,-1.7751073675867168,-9.760526377153255,4.944113294835221,0.9400439058527174,468.7695397346933,0.6726979780183342,7.916123140150052e-05
17435,-0.4301580779470058,-5.235873698464279,3.746709748447232,1.2814009275176697,299.97800054456854,0.2568440166444006,7.916200050707051e-05
17436,-1.3492036951295798,-6.493441034416778,4.090883474387222,1.8361259986567215,467.5085333910836,0.5796006905214499,7.917401336948442e-05
17437,-2.4983662801656203,-5.46289490463945,0.6123980927015538,1.8528558665921087,456.34058508721654,0.012090632288415115,7.918369417895128e-05
17438,-0.6677731009230765,-11.575233736581975,4.830322166833834,0.5356961127114441,154.63841389622218,1.1076433995535284,7.91885453834786e-05
17439,-1.3589437332469174,-8.988807297715903,4.989494409840964,1.1057102172319644,292.4399676022022,0.7177293562349076,7.91934941674974e-05
17440,-1.8343759481845812,-5.820505117604984,3.845113742242002,1.1999082483967787,226.70274951504945,0.040190323513249915,7.919487707056341e-05
17441,-1.6009608717604689,-8.302898129171902,0.06234131561016418,0.7086775708257429,184.28740602318183,0.5268964880167077,7.920136114315664e-05
17442,-1.1263595352347782,-5.10513023633295,3.7123524688454848,0.8851511139944462,254.8504517428631,1.6258059430833196,7.920797161758529e-05
17443,-6.9233418467468475,-12.128883168986526,4.634521362281691,0.9012452455680557,256.90180559541284,0.6779821763270197,7.922341896552531e-05
17444,-0.16101340393116814,-6.960873952656937,4.268471234187855,1.5389246055430708,343.429135134725,0.7078210146598707,7.924352210598011e-05
17445,-7.15731664784949,-10.59469120704145,4.808193098633934,1.1899640707620307,253.20552888324846,0.02850820992194425,7.924907283197183e-05
17446,-2.0665612882368602,-5.361243350852788,3.7510622926785997,1.0321745737518309,215.71882851064743,1.0685670671429728,7.925860011080269e-05
17447,-0.20869642715502046,-7.112235028805528,4.370701635305518,9.943832824715642,390.5881272677389,0.2082770685205162,7.926153210093008e-05
17448,-2.262011188367529,-6.43295172320471,0.5225559251114931,1.1676095887776259,248.33456088627054,0.2239846159366108,7.927911599755536e-05
17449,-3.0857877468212624,-6.179957796813528,0.12675382830145637,1.052620210697887,283.0372597323683,0.4260069633702166,7.929624207336281e-05
17450,-0.37499319024571065,-8.282563132657419,0.04772308546807184,0.9898438575194066,467.4313612005592,0.778224016319613,7.930281090813774e-05
17451,-4.057914759272311,-5.235731749323339,4.943084817371282,0.9433489675324542,245.53521785163272,1.0500383118798515,7.930560384356425e-05
17452,-2.188939207865136,-5.761394731391124,0.5831608553102644,1.009403566504724,468.44270933500064,0.7978178786801449,7.93207875208278e-05
17453,-2.202458659713267,-12.805034184830458,4.800764830437108,1.213720869571165,298.0000647396134,1.4152621593881838,7.932300781928682e-05
17454,-1.4208287808339897,-5.789926545611424,0.5903249488984194,1.05540720861423,283.4276897171691,1.441742245457724,7.932389704454296e-05
17455,-0.15577435179297794,-7.064803210173829,0.3634685449879891,1.0590196310549946,466.2603051565455,0.7005651997900442,7.93248833131814e-05
17456,-0.7184888201953505,-7.14251701305961,0.3866312579095931,1.4076431854085543,313.5550080653262,0.9472964288363706,7.933079902976197e-05
17457,-4.13144772596298,-5.221076735195844,0.17158643270656612,4.6756620648670415,599.3757095453212,0.36257549557009394,7.933259976148296e-05
17458,-0.28578728598745684,-11.793073758702093,4.821137615098149,0.9754138358628296,262.0399304448468,0.3374953619587844,7.934423394516647e-05
17459,-1.610166329539446,-6.042303827482855,3.9252427243521395,2.3332270324225535,382.8715435956973,0.1666909984997007,7.934589894713661e-05
17460,-6.936235306956146,-12.76163182132315,0.08212968873390616,1.5167515038836459,347.489204570255,0.2698907417008547,7.935605397488858e-05
17461,-2.1683072004551196,-5.894595081361955,3.8880732333338552,1.010188509532776,466.19674711243323,0.023428502130200535,7.936184187616877e-05
17462,-0.9220909001403381,-5.661954529830885,3.805940964087776,0.8593507966120362,134.39004054426826,0.33354731076364974,7.936638882922438e-05
17463,-0.07282968404615353,-11.189302175783885,4.844586495325765,2.576354783329745,464.52569591737165,2.14034658272739,7.937357582090941e-05
17464,-1.343397141679457,-7.157191350304482,4.389371088326783,1.1294841983487407,467.4859041018838,0.4859290841227173,7.937503641444628e-05
17465,-0.2850087718596477,-10.32216754068561,4.90057367634234,1.0460923910164175,467.1857341924896,0.7647174211948151,7.937791182351914e-05
17466,-4.449309691542139,-5.179105496839609,5.048970534204047,1.7437075777631288,369.0635687900465,1.1287224060463865,7.938190436955615e-05
17467,-1.5950572268657872,-6.261611441843308,3.963663079465994,1.8067539126414742,468.37395175608674,0.5423593383473007,7.94027214755376e-05
17468,-2.303505666669066,-5.875818458220768,3.8548029067174,0.8650901106538791,213.541402986183,0.6821223177830644,7.940407738398376e-05
17469,-2.1008495486723238,-8.62868105371674,5.021318664128591,1.0605230288982221,278.48960517621254,1.3137338700259535,7.941669689755513e-05
17470,-0.25550869081570227,-5.229437175865869,3.7166079854028466,1.5131180178573649,468.5076763834175,0.6590052521745067,7.943598775099852e-05
17471,-0.051363523885202156,-5.913047045725273,3.863681878342076,0.8174205638985029,213.6031981182313,0.15650958714407182,7.943714267878077e-05
17472,-1.5903289599157304,-7.349144130172798,4.475528245261151,0.8336004268223098,181.47470465716563,1.0543550328373028,7.944688178753204e-05
17473,-1.308919170330908,-10.633640236376083,4.876161007503761,0.984527330481768,263.91763103679,0.7406884849751565,7.945011228077431e-05
17474,-1.7685167467680216,-11.821960197621625,4.818976807079487,0.9553596236943903,468.13768897206137,0.07914436814349113,7.945296697135989e-05
17475,-0.749475814198135,-7.023358061588948,0.3949841289895757,2.181114826886288,262.5499982573301,0.08942710985927604,7.945630544225204e-05
17476,-2.316851442389237,-6.264387870174312,3.963485781582311,1.6551443262977563,319.3818364554951,0.11663520047639953,7.94644464785947e-05
17477,-2.2214301959673497,-10.019238880772836,4.922355004202478,1.1542179106874138,467.62117416245445,0.4184591963105122,7.946873680298167e-05
17478,-2.0815715386825593,-6.441486602979492,0.5194326040827746,1.5530773378858873,348.4772892691775,1.3356215249307581,7.948277749633791e-05
17479,-1.567503120778687,-10.436391260243079,4.889738891412204,1.1218006287978808,284.6649831181889,0.19556703672485032,7.949464234298166e-05
17480,-1.693469553109857,-5.534342496686155,0.610712205213801,1.7470897939101977,413.07535466736425,0.14550098569329517,7.950211313000084e-05
17481,-1.9650601619282817,-7.573396943212753,0.27833640298100687,3.767956469307035,547.5532530015579,0.6114485547219752,7.950722830498623e-05
17482,-1.9622646434880906,-7.572667434859701,0.2771576992386435,1.8762742446658203,390.7757626061476,1.9920840613289714,7.950846494788814e-05
17483,-1.859125694930249,-5.908110599708159,0.5324016486419172,1.1062933517182028,467.00795804859825,0.7531277004746473,7.951757331775218e-05
17484,-0.9148339237744452,-8.384713826944768,0.016330954063309443,1.0094095587897036,264.3941963062789,1.4177423605637491,7.952206290569074e-05
17485,-1.0073016433199307,-5.44778784757394,0.5595376135431632,1.0318130026890182,281.55289331755824,1.2972928154983174,7.952523592803093e-05
17486,-0.004945542802321512,-10.712503570848023,4.869929497118344,2.1228202935773606,419.05789393336016,1.9434669666034603,7.953606828730194e-05
17487,-0.5123914556393405,-11.293899768774633,4.837724866851888,0.9870615806419761,469.24250183669017,0.6305264477821027,7.95377321436306e-05
17488,-8.444372330276051,-6.812556987740401,0.2153289093476404,1.3415621319831488,298.3937441302771,0.2154233015754583,7.955553654045431e-05
17489,-1.7206002066818797,-6.678659589556083,4.157588928647214,0.8594808870264439,171.68631679799435,0.21727259170856694,7.955666165565231e-05
17490,-1.7185977335575906,-8.335109793503982,0.049829546885243624,1.3967188153144507,257.1436907407943,0.01379964425275304,7.956256824439119e-05
17491,-2.0709731444054533,-5.846238902960032,3.844381787524157,0.8177156855093126,467.59492614015926,0.10288131665949063,7.956727477254838e-05
17492,-0.2179029587309742,-5.751899065905068,0.6156967572470654,1.0765363231565792,204.04702571368387,0.4712397467763525,7.956809438117557e-05
17493,-1.0030908264563685,-12.138700690353549,4.809151192624012,1.7899770404882152,439.26231812583427,0.810120696767985,7.957430429749689e-05
17494,-1.088828612082846,-9.761204185612142,4.939412620421804,1.072724018370374,248.83829904708168,0.08801615493045123,7.957896805835405e-05
17495,-1.4212639917103669,-7.09107030518592,0.3613384096824036,1.1438229360982277,467.57308201025404,0.258065409588232,7.957986722987283e-05
17496,-2.457758879585495,-5.513636386633644,0.5820534847528308,1.1673227511522106,467.0253946933285,0.41162227809182905,7.95837566979719e-05
17497,-1.1518844666167958,-11.914420291533496,4.814712385322862,1.520516088148513,344.40256737654914,1.4927683396856812,7.958528377314968e-05
17498,-0.13616974182575703,-7.2815510252714075,4.43985132259429,1.6195043389689872,374.26269515021556,0.344125454640813,7.958872019847548e-05
17499,-1.1309901725296498,-10.87303803104637,4.859242658896311,0.9712650177335169,447.62184811403483,0.5479069898644537,7.959168166554349e-05
17500,-1.0568776079163253,-6.01231966491122,0.543747976368271,0.8982356621270461,255.4556659151871,0.2800609782287742,7.96065928495162e-05
17501,-0.41624853203482104,-9.413780195998374,4.9577541862392485,0.5670768274632244,168.53083520188713,1.3015931802451757,7.960889394851352e-05
17502,-1.4883642407190099,-8.388524707356044,0.01611770678363318,1.1855704340024222,166.12176944029258,0.19931032333697107,7.961436811383209e-05
17503,-6.3725386835634845,-12.254068762576214,4.872511437414604,0.9052098306328464,238.46250229524688,0.8793496553309446,7.963141166821317e-05
17504,-0.06921115570404623,-8.082960894874956,4.7857252166056945,1.6760378394477675,389.31501592555657,0.16415948973421113,7.963437837229488e-05
17505,-0.051420625837053535,-5.579869767045713,0.5467205255176896,0.8874774209072953,250.45198333275664,0.26728789387984,7.966308982640257e-05
17506,-1.62390467368661,-9.593157501130973,4.948753445615319,1.5004881694330325,340.6512740822052,0.44820768202837424,7.96635003480444e-05
17507,-1.0703888119424274,-12.232952511878118,4.805873718251227,0.8996647210149094,179.9820860961616,0.778507892913118,7.967464757328654e-05
17508,-1.6571964039570446,-5.938794292537123,0.5634103488780174,1.0833178792086784,271.80837890353456,0.16797658617171063,7.967757966428779e-05
17509,-0.8445685942230075,-12.347991496518212,4.803370227054357,1.7411635243724282,467.3887090768966,0.5216909414278321,7.969039811322422e-05
17510,-0.4721399281415053,-7.65515743269013,0.22364253434849266,1.5248838240652498,347.9278122415241,0.6358900384707296,7.969319703852067e-05
17511,-0.699883955784939,-6.026073270575365,0.5438552364765245,1.2536583603670124,312.50609290815413,1.4643011497430338,7.969901750092871e-05
17512,-1.6078056210426706,-5.98231625236167,3.908291207637167,1.8488089795686957,387.54673069484795,1.8148094610469512,7.969923668193758e-05
17513,-1.8728198424650948,-7.190330248974941,0.3458952115694125,1.7997474421919617,432.24730248867894,0.5300640068722648,7.970206314023621e-05
17514,-0.763424059187944,-7.164095565096905,4.387659392262429,3.137278602106067,501.6195296151116,0.6984256359127698,7.970725370612299e-05
17515,-3.6978914104532628,-12.751733204934483,4.859293114853309,3.1622774748157356,508.0463967500071,0.9585928946504412,7.97080975224142e-05
17516,-1.6871793907906536,-11.799423782626,4.8165537567776555,0.9514127847429483,189.00568992778332,0.5861726730045635,7.971457263319877e-05
17517,-1.908684922637672,-5.92720029664699,3.897711860537921,0.7878977312020213,234.79869626808886,1.621624897304847,7.97190353403781e-05
17518,-2.3523153484425032,-5.426956488051484,3.7256010489656535,2.952047377345012,491.26383983970123,1.0183670074055042,7.97231678840344e-05
17519,-0.6818669006110074,-11.417124447792252,4.829963929388613,0.7458775633975625,150.00021014452696,0.011741943245602293,7.974269658371681e-05
17520,-1.5773913162656505,-8.657295907462593,4.925859536768925,1.007852466990308,261.87473992145374,0.2012719209772902,7.975249946167954e-05
17521,-1.214705840806829,-8.38232371191352,0.02155414752074019,1.1379944733220133,296.38583326598416,0.7006059378128056,7.975760987113988e-05
17522,-9.956303820604896,-5.657441079466996,1.657593487182198,0.8130750184937349,204.79831227495052,0.5953738576687035,7.9761006913828e-05
17523,-1.0869468387135868,-7.341503716830196,4.466830311437344,1.0949701851526477,211.33050087692513,0.4751526143302378,7.97785283204115e-05
17524,-1.0824300440383627,-10.234920740692557,4.902531009974837,1.3896814153848394,308.16138276278554,0.21159432808224476,7.978037165641899e-05
17525,-1.5344695349097552,-11.47479970424605,4.827151192927702,1.0287426742666057,234.98935601061893,0.29780732445417346,7.978245789479721e-05
17526,-1.4188918656890976,-10.94836811961942,4.8525956262582675,1.8653462129544942,461.06280975660536,0.39703471207141927,7.978432541311592e-05
17527,-0.86651085406017,-10.321679807513124,4.895857034107772,1.3340826584529277,307.6873727219138,0.16043678564953368,7.979818314951642e-05
17528,-7.966133838970876,-12.713998016329244,2.907541427584036,1.8508385523445086,441.9138992339151,0.6110499518665584,7.980816783849903e-05
17529,-1.298229611260128,-12.59191757749435,4.797710457549496,0.8508955692693875,171.2555669195167,0.1623375804219247,7.981369955572547e-05
17530,-1.4731479500580509,-6.647137678652021,0.44254151977488054,1.2092881148437846,307.4192547001227,0.7061129665322534,7.983977426348332e-05
17531,-2.710851122091828,-6.4174292899406895,0.10996928663720612,1.2377118772600222,269.1345335370973,0.46031622019822027,7.984378343698739e-05
17532,-0.04110937745466536,-6.562777117641516,0.5034387294902855,1.767062810333137,468.6334896908413,0.29498705260229574,7.986577207115375e-05
17533,-0.6665311856390268,-6.52186811010754,4.089497711774348,17.146092262006604,704.6245810116335,0.06852088937104117,7.987146366366513e-05
17534,-1.4164127039635286,-10.130046595358706,4.909392571758318,3.250227613413849,245.6844644512806,0.23205300645936244,7.987250701113823e-05
17535,-1.104969567942181,-8.585835738506589,4.913213664557038,1.060893683776611,284.9269666056743,0.9120155547865663,7.987678431639843e-05
17536,-1.8913989904466444,-10.527527461017232,4.878614822287281,0.9243946977585032,257.52135699229063,0.8170657552153431,7.988204546879537e-05
17537,-1.9838491727218805,-9.431131878048312,4.954085403595972,2.2375297565663916,426.0691210345353,1.2659949836564168,7.988510755081144e-05
17538,-1.4042900334652337,-6.673574288607138,0.47142682850571116,0.900627927879253,467.247140140089,0.6044104276874807,7.991462927488236e-05
17539,-6.234337533285898,-12.064953130789211,4.919886145312366,1.083898783713716,289.0168272053136,1.0631562939938126,7.991848869593179e-05
17540,-3.4451918071030354,-11.098660612418598,5.103411668538285,1.5517302809043916,196.47049572431683,0.15327849791132309,7.992113912081411e-05
17541,-0.5846238731764579,-7.899380569842765,0.19059036405978158,1.112012804848065,253.0808511009183,0.8698757146234737,7.9924179047959e-05
17542,-2.8713934325660615,-6.377519192798782,0.18191328662790224,8.004332950530602,544.0841141860934,0.012954988228599085,7.99251558847405e-05
17543,-0.5791648068099757,-9.211709812453552,4.958149952798102,1.231833585140843,468.9089361264392,0.8608098362261343,7.99641365952512e-05
17544,-2.574695223382527,-6.9285378996860025,0.3146781083036592,0.704965547608531,143.6540502631519,0.24053690204958578,7.996651611552029e-05
17545,-1.1010723780212945,-5.532488713131241,0.6164658189691025,0.9969003007496614,126.40251159756743,0.3241840579973605,7.99670336724567e-05
17546,-2.9703122506441098,-5.292574684342268,0.3772790558231453,2.4762183783750906,445.91897165531356,0.921855465900423,7.997693059513193e-05
17547,-0.7603132893933555,-7.912353460611248,4.72223568340123,1.625310238295581,468.80973797120953,0.2893485396733899,7.99783059078578e-05
17548,-1.5419589316665547,-9.06482535174979,4.956449772465724,1.226348053633285,286.87289640815385,0.1677527883925789,7.998703542056083e-05
17549,-1.2101192650298547,-5.502641540678976,3.762009103699634,0.8122890874953513,187.82830720728552,0.04919845426163594,7.998923815083713e-05
17550,-2.5120190322323737,-5.829760211565493,3.8333026067236253,1.3449056271714772,468.88680160642406,0.9087827024202664,7.999008621759e-05
17551,-1.0709896448039817,-6.510604622483364,0.4547156409575436,2.2799631542498147,423.6368874945344,0.7783591786860713,8.000285797345931e-05
17552,-1.7416120070263776,-5.6333197654547345,0.600130093499864,1.876205376223025,468.3746039107607,0.3526925927003237,8.00238834660797e-05
17553,-5.710466507818973,-11.486475107518373,5.048268768096777,1.0371631891717885,230.61695272474878,0.14744965675098776,8.00245254352709e-05
17554,-2.795724438448892,-5.716434987506012,4.214738635312198,0.7114860792149584,467.6314547281477,0.4981505078615953,8.003776223633943e-05
17555,-0.008940736388959536,-5.055636878039879,3.739706698442233,1.4337378985242766,330.4392128231978,0.7639751561858406,8.003881635104069e-05
17556,-5.044929688148509,-12.182560911429478,4.928117249717719,1.0537311801568314,276.9857918959201,1.8444052586075097,8.004777688007451e-05
17557,-0.3373647662951704,-6.5403235782765226,4.093482201814301,0.8548747444367643,175.89773160817182,0.5373742515030315,8.005024217435907e-05
17558,-1.583423274858287,-12.980967622626617,4.78985364579943,1.8693995200228257,449.6874692691327,0.23073755470692703,8.005050026565907e-05
17559,-2.7195262546820285,-6.065601404176008,4.4283607696361855,1.5273431499844208,347.45393917881484,0.17074706562041797,8.005998550166359e-05
17560,-8.926014429282699,-8.685005205011318,1.2549589275996094,1.1239805914684022,468.8043238671526,0.689865321717166,8.006167172604899e-05
17561,-0.26532096357492385,-6.043181593496708,0.584544881318384,0.73719141843069,156.61589575908084,0.6761099359257932,8.006206127061087e-05
17562,-0.5198480272908288,-5.492204084674994,3.758564526689915,1.7199011037600545,469.72340683700065,0.02471046887349715,8.006592379668662e-05
17563,-2.321519623003879,-7.034589362189943,4.289991766748699,1.0985873747576125,468.0825345711017,0.7207167773897014,8.008204964052193e-05
17564,-0.6990977481819574,-8.957444973267405,4.951072076068383,1.5076500840337097,353.2966222999182,0.365214793937211,8.009192040403087e-05
17565,-1.4743133386628955,-6.981051842968369,4.264343059032217,2.2724439088350286,432.1279914054141,0.4021461486621005,8.009548134068488e-05
17566,-2.3105672698905177,-5.796643536720037,0.5677566904908518,0.9091990509768317,240.69804902886762,1.5205296019767305,8.009556943673855e-05
17567,-1.7612837509838073,-12.203743052344745,4.801422328560528,0.8233556410147247,224.09087819703217,0.6188618349678627,8.01018010738948e-05
17568,-1.4279946669780994,-5.9439170148417775,0.5988922540937104,0.8367226795454364,201.0177550932117,0.8158195019035785,8.011168538168404e-05
17569,-0.3797722823989922,-9.076688043383783,4.955335418905778,0.9284687501466529,184.96284206110298,0.034836384375658724,8.011389786912437e-05
17570,-4.217091512437456,-5.180222074941853,0.17781549500173316,1.7322741459642341,467.7947909522776,0.4350238683033627,8.012000193288919e-05
17571,-0.18358801968001792,-6.193922351632097,3.933861322596886,1.1037263467623641,467.7739299884233,0.9086647053237984,8.013315714846552e-05
17572,-0.703441599399536,-6.436255306293203,0.5060470132701339,1.742014617089899,424.92817046866435,0.5279854191950122,8.014182924935659e-05
17573,-0.31954425517321816,-5.993405552562475,0.5541992155181567,1.0413586200234466,279.4406381100097,1.5090241949608414,8.014261191983297e-05
17574,-9.749060375103486,-7.437533394993058,4.194295122782279,1.8148446468969117,431.6300555813574,0.3583647206158256,8.015521796877733e-05
17575,-0.9900330687105949,-7.522671334786794,0.3057668215001153,1.1185021160605508,224.59809135299437,0.8537165844441876,8.015779454247561e-05
17576,-1.02970727693579,-5.864478173144878,0.6155368721074098,1.3627314639841315,330.3955329865254,1.3366141921385077,8.016889771938228e-05
17577,-8.122288792952562,-11.728215022602058,2.2983662688274467,0.8447101718683889,210.16333474395134,0.014831151785045016,8.01812689609647e-05
17578,-0.47905236843833876,-12.164672026616266,4.801303649990089,1.2319453475844375,308.6860816725417,0.5203211357313418,8.018379414030979e-05
17579,-3.075509220677503,-5.818445955529718,0.24482557639024063,1.0631653877531997,448.332334254532,0.6503150964325508,8.018513598837965e-05
17580,-1.6938667178934779,-11.87838326793941,4.808470153223529,0.8570239897014235,223.0606887503824,0.9983901703703824,8.019876758945747e-05
17581,-0.1177766354472265,-7.205658223684285,0.3391010381657502,0.8076547556673188,469.9381267304014,0.0908551039436043,8.020359672028295e-05
17582,-9.328078831046566,-7.785538229619113,4.337640330760188,4.082320452586315,262.1345830748836,0.31647114832562107,8.020363460125259e-05
17583,-1.3138378090800753,-7.075130211318246,0.3769040628574279,1.3936261901794815,172.19879468303918,0.21677931041609177,8.021636545577685e-05
17584,-9.949603442791043,-7.307490495546832,4.075453955981751,1.262147291463527,310.052421890851,0.7807755823918203,8.021849560272231e-05
17585,-0.5967661461326479,-7.941524643458407,0.19664392262344446,0.7240572054171658,197.32022898781037,0.7477941848540901,8.02293872142239e-05
17586,-1.3315622113714056,-5.08418791630191,3.7056020877933498,0.8955995417199625,250.25190002859918,1.590570301170584,8.023160838607613e-05
17587,-1.361856176792772,-9.287770914413164,4.954262598918673,16.053166163874685,853.6927947475833,0.2897504105012674,8.024030633427352e-05
17588,-0.650133260003992,-9.998082710273563,4.915149394272173,0.5269925891343011,148.07497868224462,0.5880327215151224,8.024405337659617e-05
17589,-1.1444586540769883,-6.691143652004294,0.5054163734837495,1.0952084397212318,286.18233803062066,1.1785432291475457,8.027322693507419e-05
17590,-1.5930372393630936,-6.5899653870123505,4.108976696122118,1.710052793146329,468.33693402306426,0.5124627610037171,8.028174766495073e-05
17591,-1.2234908510384468,-7.7185301181548915,4.653312257866935,1.7367767524278488,364.5643832232119,0.8427102128942634,8.029333334086198e-05
17592,-0.697995130329998,-8.052817489598812,0.12445135705864499,1.8689451250344207,325.5511817459775,0.09116216134773403,8.029551573499509e-05
17593,-2.637917845505858,-6.561627029174463,4.567281925521975,2.9803196395363147,495.74751893953504,1.1494952963547007,8.029808775841915e-05
17594,-0.29750712149558467,-5.366873279283285,3.744859403965852,1.3811512326199131,313.8132632135323,0.3653110650278739,8.030045998439064e-05
17595,-2.6496867389451335,-6.240488466187307,4.294195853572333,0.6625440308762263,193.6374514719331,0.5856839779571237,8.030905715836514e-05
17596,-1.7977961482453981,-7.689005864185392,0.21446209600290572,1.6417845069963992,344.809335194962,0.7708485888482643,8.031706402039918e-05
17597,-2.7282024332311146,-6.15969071282571,4.439172754865007,1.2501555685224222,297.7501050885895,0.5114835582669874,8.032000716777014e-05
17598,-2.329563611004879,-5.83346733248453,0.5671033704217721,1.1929096403339832,294.8379473440434,0.8940905557443388,8.032665554257047e-05
17599,-0.5781805083471347,-8.098209259055906,0.10900863632081025,0.8052463475032814,157.62084556604853,0.02609069757844029,8.03359199108931e-05
17600,-7.894497194495537,-11.59349633215289,3.314217434118322,1.0081080121918162,274.1760250644933,1.84282807044145,8.033723421604887e-05
17601,-7.714603234565233,-10.62215096319435,0.2465713076314737,1.6673016109899512,336.40913918992646,0.23776106604118752,8.035397268721946e-05
17602,-0.839203565841121,-7.239390079541162,0.34463704316204247,1.0456953649126597,213.9103205374674,0.4819292810963036,8.035786520549142e-05
17603,-1.9444111221424816,-5.748181882488291,0.6138084951314541,1.2649257906979694,316.03758545223764,0.5206973316050609,8.035945754596228e-05
17604,-2.845996096887575,-6.017312691222725,4.7198391958710415,0.6566624241175842,132.55198591901043,0.133629573921608,8.036248782056544e-05
17605,-1.9289112734022158,-9.723042342097106,4.9331948868464,2.3156693676895395,438.2423025990719,1.8722814584176115,8.037008589394009e-05
17606,-0.07763324113360603,-5.442175997567855,0.6244661488651412,1.4360296355298077,467.86535286622205,0.12385969994922341,8.037351021876274e-05
17607,-1.0269728200124035,-6.609905410102409,0.5222518172436492,1.0988923776975799,235.5998138978245,0.033563352356005716,8.037481381577983e-05
17608,-0.08154871994310398,-5.533251111058856,3.7603047635878806,0.9777166267485621,199.75358314081663,0.31483029529365414,8.038101941706759e-05
17609,-2.1651280230644945,-5.934008493435859,0.5446494742676538,1.0871416732277566,467.83035377297097,0.938493445052135,8.038566366135849e-05
17610,-4.288911393846541,-11.438045142252964,5.021832062135353,1.8050924643496922,468.1801808128001,0.3496014187592671,8.038758488276372e-05
17611,-4.529479738246853,-11.316129493677803,5.058512353879183,1.7866244594115743,470.27428786663177,0.05046086733878141,8.038797898042213e-05
17612,-3.885709311657493,-5.762252026842436,0.027124693656983154,1.8446028930232141,461.0104550097994,0.7267505626122874,8.040879714418618e-05
17613,-1.8002559596062984,-7.138883215876675,0.39639562443349957,1.8280933277040365,468.0482358342547,0.5850075789676916,8.041659585126637e-05
17614,-7.9838173928548795,-12.821372016490582,2.822840178539024,2.940773877611198,482.0259558998184,0.6242181973643914,8.041989579064143e-05
17615,-8.46171093178905,-9.683146154330942,2.7570411955661713,1.708643455414556,468.2137465521126,0.2418025324982116,8.042746381429491e-05
17616,-2.1917036630146205,-10.73768239729415,4.8581077660980405,1.3478650518692303,396.19913749858506,0.5004489239759993,8.043136518937756e-05
17617,-7.401900115114749,-12.883552140242655,4.08400289009488,1.8545865887167787,469.20107577097247,0.5594063725693985,8.043960423664177e-05
17618,-2.8710967968149417,-5.902766607168327,0.2582762207840895,1.0629981709474858,468.05734479476524,0.7064797974397683,8.044001910349886e-05
17619,-1.3857359994484888,-5.7720887297983925,3.810127945380043,1.058255882504452,279.8745716106769,1.3071679766059239,8.044060183318094e-05
17620,-0.7938709657640395,-8.157882705393808,4.801030369616923,0.6082387400766035,125.33908253924487,0.13544744601019065,8.04484680381604e-05
17621,-0.2918352045559871,-12.637756478829173,4.789348287509243,1.2249068175370441,305.48787786107613,1.5872183437504086,8.045456207863183e-05
17622,-2.129370796001089,-9.902193172771666,4.919438838718972,1.2696828509414637,314.96273536646413,0.46877163641930064,8.050081372691027e-05
17623,-5.074885311336574,-11.74634469836553,4.985341038690113,1.8359661860139058,437.44783264870193,0.5816422991798049,8.051640175925911e-05
17624,-1.680097284468328,-5.771972970834908,3.8086387447850374,0.7473499466709443,430.6249496396803,0.32341645218316284,8.051788426615147e-05
17625,-1.0110825285192444,-5.764497066203791,0.6080209220195464,1.088028372673657,468.02577380848567,0.687829884419128,8.053176897453747e-05
17626,-1.4086164689103242,-6.799823975192131,0.45460740691031526,7.97508618044024,741.7893243709204,0.41156871428366504,8.053508430321632e-05
17627,-8.465716702228361,-9.224611657553911,3.6069261908235477,0.6808929325265577,163.70650217422258,0.15701756706861847,8.056109493791723e-05
17628,-1.4139401805992495,-10.369288799658625,4.882484521169978,1.6706775283712783,468.3147326067895,0.5038681657117339,8.05620892395793e-05
17629,-9.908838040445836,-7.252257400434426,4.211035653390651,0.6138971975402148,125.37998524183868,0.7224945495959725,8.05629712556522e-05
17630,-1.3677379073219296,-7.280530937541738,0.32083443974658427,0.913034806351867,242.11759073380915,0.3022424928548748,8.056528425159833e-05
17631,-0.5807303598982312,-9.427949102220737,4.946607412244826,0.8268958410994988,166.08223223186508,0.1691122699291574,8.057453008101815e-05
17632,-7.694749551404307,-9.568267861090357,4.812397419908526,1.8656490335520688,467.44777184748114,0.4312707579761197,8.058231734933988e-05
17633,-1.5345264542403552,-7.211463974241081,0.3724469507592979,1.164805696563073,242.5410017548743,0.1592369986005222,8.058709229646589e-05
17634,-1.546548815059527,-6.15538873229799,0.5437059622291684,1.8902486025966363,467.9210231772955,0.4784369761707792,8.059070619140486e-05
17635,-1.537668007464223,-5.963491975356055,0.5792404164144946,1.2776418603363955,277.64330140656216,0.8474442358420768,8.059440707087765e-05
17636,-0.5194820834792342,-7.616558006693466,0.26123664141158287,1.0564068862586966,278.50092658933386,1.4192254951684697,8.061226175074176e-05
17637,-7.24307062008863,-10.502254281662257,4.756566317156177,1.156836668874957,280.84169271859406,0.6995313127877969,8.061494176722802e-05
17638,-7.910447669984719,-10.826407318905268,3.5386707403948456,1.8067004079223639,468.56185808558115,0.4304047068717818,8.06248749023834e-05
17639,-2.1963409153510307,-12.945338331768381,4.783265413750287,1.3912012902002544,314.9863938198086,0.7505264937414902,8.063891931844556e-05
17640,-0.12942515869630533,-6.616687525457328,4.113569113477187,1.4833726541693613,335.57268037634964,0.6073412611902169,8.064022796263683e-05
17641,-1.345455216082799,-5.9191976392356285,3.8428007989576782,0.9000945667959573,247.9353176497504,1.5460072572313273,8.064282040387461e-05
17642,-4.083195020539034,-12.945843558998748,4.849493047500055,0.7702168936812184,446.656780300851,0.3607828353332314,8.065941172137653e-05
17643,-0.9564034318854606,-8.070888939503458,0.10138737346664935,0.8020688570255583,234.84790452225442,0.3597265189156724,8.066357685546491e-05
17644,-0.08778675099798505,-5.834664156913473,0.6340040037090205,0.9335162506667123,466.469005468017,0.15500432378604234,8.066389352089797e-05
17645,-2.0449826951128642,-6.328237520344073,4.034654152465119,1.8422039978397697,440.8165956135489,0.356518322729074,8.067599852579537e-05
17646,-9.163354175001771,-8.32840915936985,3.503159918225402,1.535358691469126,208.0841375098134,0.34883559021744937,8.068015326576903e-05
17647,-0.8240741870076587,-7.086484386423873,4.330879678478774,1.2559686707042343,432.6587465760009,0.14169047352232678,8.068660490465162e-05
17648,-0.7284631703168891,-7.216022937476849,0.367821090246614,0.959212294345428,467.3780435120052,0.5496475651422665,8.069332840245696e-05
17649,-0.02910999357428068,-5.7593638681325885,3.802000821536028,1.6690645055942346,393.43493541343673,0.46413990025354845,8.071368960113803e-05
17650,-0.7209088003076669,-5.957025675039458,3.8510510301127283,2.911343951044588,491.3866554598766,1.4307711473529086,8.074075137385882e-05
17651,-1.9166261161146938,-6.492742356859117,4.063223460412824,1.2321267409437935,467.97829579226357,0.8803226202233319,8.074919464568856e-05
17652,-1.0780108594668079,-12.428906382333619,4.789183222474499,1.0164121998652704,209.94356069751748,0.4860880857939014,8.07543978882859e-05
17653,-2.0543308408665606,-6.534692349834464,0.5105712242601104,4.496515735381582,494.441730456495,0.06719865654391732,8.075461194564518e-05
17654,-0.5201239239953406,-5.968930198701101,0.6237807599286747,1.1345174097380104,236.59742125270762,0.6927020619856012,8.076469251692136e-05
17655,-4.4441508535987495,-5.441001637934987,0.017505504172947585,0.9656817065540373,467.54524182508345,0.0815324752184754,8.076843108962709e-05
17656,-0.9931391171812454,-6.278279491320448,3.9445947063913995,1.3257109728118317,325.57446731552835,0.4164664502468076,8.077128157364406e-05
17657,-0.371381325460014,-11.244205463913444,4.825627559828965,1.6228199296584715,376.86267913229875,0.06608202644972394,8.07734003610825e-05
17658,-4.752045686936176,-11.02403101241573,5.140468799685868,3.0660493131567543,504.6121131627386,1.4978700540346717,8.07834409515203e-05
17659,-0.394114536505052,-5.858843536381178,0.6232242689284647,1.1019826622139082,292.68656130396596,0.8611577482959198,8.078351103377236e-05
17660,-0.6929640580880552,-5.968346846816788,0.566977379391854,1.1564286604095544,295.64568491455066,1.0819779668545513,8.078425392966322e-05
17661,-1.3232260921825052,-6.643439388038287,0.480767354526087,1.7143015271179536,366.40257595022365,1.2614022698728062,8.078665736468464e-05
17662,-1.443090784673558,-10.460375485683368,4.873100039507252,0.7803014673854967,214.38224295374616,1.0286591156790452,8.078832691541012e-05
17663,-1.6091451926747755,-7.620884358275024,4.590975740134605,1.3137898544955078,468.0245466495877,0.37918234369489046,8.079633237686147e-05
17664,-9.942638207994841,-5.143845199740591,1.65146891306631,4.868520779356095,541.4951375741713,0.1144480029475341,8.080947996209773e-05
17665,-2.603966741885479,-6.228186149793306,4.158612058146972,1.834742646470794,442.4431001026266,0.44484307222556563,8.081931097596224e-05
17666,-3.660444157343923,-11.880408810272707,4.938138360315194,1.745731912460143,371.4671167799699,1.357796822290017,8.08275009126747e-05
17667,-3.0825026951802776,-5.3171371488640204,4.573026024783149,2.527647723044536,457.28709644040816,1.5125036501061873,8.083130177654982e-05
17668,-2.316788604605023,-10.316621522840443,5.102490365711985,2.814188045223092,482.37809802222233,1.3475734036222038,8.083657096444594e-05
17669,-0.8381650505295486,-6.639288070551066,4.119281704960268,1.2328716647096138,298.54243551590173,0.24183824693898703,8.084809616767019e-05
17670,-2.928336678773219,-5.852288343092712,0.28440940777841545,1.022991151898842,132.55999672541085,0.30644380618670386,8.085073119594755e-05
17671,-2.797124188273882,-5.777974189703103,4.280187357389539,0.8090861710773146,191.52501095284705,0.2604599804380774,8.08523615557614e-05
17672,-0.2695414877969782,-5.674963680032111,3.7799852260070583,0.9351159394678595,456.9338680694708,0.0009710991966871418,8.087412893622229e-05
17673,-1.2529918887374674,-6.0604564648492945,0.5543967371162877,2.387528049835468,444.681673296545,1.7141556703634313,8.087899984699401e-05
17674,-2.29649773854344,-8.321128216814497,4.8453643700405875,1.6332938209918872,468.4305840647862,0.28279412224102707,8.08795368358579e-05
17675,-1.8408782356416058,-10.20301778460767,4.8916393707271855,1.1002150114078444,287.3001892578684,1.4226906241594461,8.088501229603479e-05
17676,-2.436370317099829,-7.664785264863824,4.848560124300451,1.5070589593476873,346.45380921183363,0.06866165102767674,8.088967410886445e-05
17677,-2.8793964882925227,-6.0701081664699545,4.9520140636255565,1.2081541597600216,305.5011700849739,0.5171064589738581,8.08912481934586e-05
17678,-1.0018578853656948,-12.800777276505611,4.781790756193298,1.1308116894900297,468.2410510879682,0.2123861899293873,8.08966971874409e-05
17679,-1.187340282165927,-5.615545256022861,0.6092707620561635,0.9722304810003038,468.30163932996817,0.6327306003694204,8.091203576490768e-05
17680,-0.9721928593435845,-7.202144085607239,0.41069958038727505,0.9598272513858285,258.8458220681335,0.6830310586623165,8.092882435000915e-05
17681,-8.010891762593179,-12.45982873010456,0.6320462941191238,2.43334172515569,451.256338061409,2.156563564481199,8.093157268437665e-05
17682,-1.8044688469395407,-10.808735924812645,4.847772610456736,0.7878016612822384,162.3968748699916,0.14313016663199463,8.093300312505603e-05
17683,-2.7300650159375124,-5.379149062423163,0.3956874304526426,0.9787166367684723,254.93168338540016,1.3396706662459712,8.094338310532074e-05
17684,-2.1930833628483715,-7.19473229529839,0.35298093320983376,1.3659910056482742,326.94200352573097,0.7760849077319385,8.095243384345803e-05
17685,-2.1625535560350695,-7.5637815919967215,4.568640112673785,1.543152738716361,334.64278229642747,0.7677138078391232,8.09592913821999e-05
17686,-2.159927413916777,-10.368293454699696,4.877506336995097,1.0123046337910666,264.327571378964,1.545744976395178,8.101014047641582e-05
17687,-1.8521175139648367,-5.017125592238208,3.696836858526491,1.5876364252713404,467.7640125629846,0.25143209291331825,8.104390846777741e-05
17688,-1.7868671335792357,-6.093789248775443,0.6266134145975205,0.7909869132384627,158.43407250687184,0.1781370594242615,8.104599107890028e-05
17689,-0.22110090894233458,-5.804283330756728,0.558556209739821,0.8443012206556015,220.51607303910671,0.9638408189862284,8.105511541785983e-05
17690,-1.3179546992317235,-11.765967647550971,4.801662612278238,1.8388209244609794,439.1943681827767,0.42758362857175936,8.106693324149198e-05
17691,-2.3053394386323243,-5.918811579144125,0.6043009400581865,1.288866702340864,467.83092274181746,0.2261556614874376,8.107992695980811e-05
17692,-1.0730453679137533,-5.199224955771542,0.6740407597634039,1.2492528747995424,314.8466015287628,0.3942782765552062,8.108076984641977e-05
17693,-2.6481063920577617,-5.457083808407439,3.748212086072511,1.2163190406998041,250.2586207955644,0.25397384291849345,8.108563319266506e-05
17694,-2.5893551211146146,-5.941332447027282,0.469921355960928,1.3032743577509522,468.73435852179796,0.8329226056935246,8.108987592060875e-05
17695,-2.171049586699054,-9.022657130830048,4.942830859716462,0.7082741749716248,152.2542508723986,0.34797644837050346,8.110668159087182e-05
17696,-0.9624912673770929,-5.247557326396296,0.6393305675960983,1.4793288576067045,313.2962913723995,0.5556397668490369,8.111041994849541e-05
17697,-2.368479725924888,-6.002525506603311,3.8566091666103817,0.59657417165245,145.9099437878626,0.013554291375179162,8.111754114545045e-05
17698,-1.6627434724101349,-7.547129261132654,4.5490543444108225,1.3265610873636626,313.20037996230593,0.35743201627912224,8.114265226065505e-05
17699,-0.1614843557543839,-5.814629487485301,0.6024819212027449,3.3005357183688764,521.412294098159,1.1861527911197411,8.117239843719078e-05
17700,-2.0545305231700537,-6.093102707151442,3.9111476192539265,1.8133204983832474,432.6503854556443,0.35107170794708065,8.119769075568406e-05
17701,-2.2862928642986127,-7.890356048966132,4.701339492782209,1.553093422684374,349.9112053028509,0.6115468324254918,8.120413401569115e-05
17702,-2.2129843926221424,-11.919177278359015,4.795478413767962,0.9651581505487683,253.42656050119982,0.9878799348751661,8.121423838764954e-05
17703,-1.0721461100670933,-6.074945169482039,3.8755721064475446,1.3584027301772508,330.4493899838261,1.2968426452780024,8.122021270426956e-05
17704,-5.280587791153843,-12.481896154359418,4.903641845240593,1.0477372360942971,272.7758383519869,1.4894532145043629,8.12207980463239e-05
17705,-0.515226759206314,-8.924059204021505,4.936511151783649,1.761542255125503,417.30273131693184,0.32777203803998045,8.122882527360133e-05
17706,-1.2819732700822843,-6.900946329569665,0.42271506510236634,1.6110457340409752,169.73172752595926,0.42104447898163233,8.123452565742066e-05
17707,-2.5402801567857356,-8.02509106918885,0.16124196408848826,2.082311670831376,250.1445575032632,0.1088031569191541,8.12395610656304e-05
17708,-0.46680186194872775,-10.11029715153261,4.895563949172055,1.8687822581370572,449.40874271526883,0.133579077305245,8.124961902106118e-05
17709,-1.7755558906108213,-6.640893513115137,0.5146597633465991,4.8891630987309505,616.8471218708746,0.6352512411621554,8.125066831108363e-05
17710,-4.662233150437059,-5.064872412938457,5.048972147858433,3.9253522547144746,564.6333022522036,1.0503736904464764,8.125671828470535e-05
17711,-0.6023500993154833,-5.459086141479578,3.7182210405295892,1.7923568774265475,363.7857009086544,0.6897518008941601,8.125672026183529e-05
17712,-0.2533537569483233,-12.962704814708172,4.775394247242867,1.094871852943963,282.1915306872889,0.2087581750370946,8.126963461204786e-05
17713,-0.2038081038254287,-7.221612907164517,4.392470922295363,5.047245235719361,451.7989311581949,0.025278014508363533,8.126980175707182e-05
17714,-3.8350035314433883,-5.160946430639117,0.2224823527376073,1.4771820783951226,336.5689967653094,0.0016373206802375861,8.127278911321531e-05
17715,-1.310098901806935,-9.621026264977655,4.929448157179557,0.7684240552611501,467.3470916491929,0.5232286505425217,8.127873163006753e-05
17716,-1.511862161114232,-6.676768687362098,4.127707335784716,1.2032637383903892,291.05816223000164,0.5520434334031377,8.128135264654529e-05
17717,-8.253765367806363,-10.660257674614806,1.6195555860509103,1.4104924773589116,468.09476000958716,0.8981662952162308,8.128286204169161e-05
17718,-0.12911846263392057,-5.255695408834481,3.7077098092402756,2.3597574236854144,429.7637678496294,0.7302208933991858,8.128361774134655e-05
17719,-0.4486416259923036,-5.996292964656456,3.8517465708094543,1.3952179634037964,305.547794259554,0.05403674431883587,8.128600926055838e-05
17720,-1.1864576095051689,-7.016325960332465,4.262247222449372,1.8484671755605824,445.07044382158574,0.4801782713197875,8.129144082477902e-05
17721,-1.365576998224551,-6.023600753179941,0.5941037290562537,1.518955937627207,331.45819672936295,0.663121206422268,8.129237843655821e-05
17722,-0.18305067566719657,-8.824310450238325,4.9276370017757,0.769668666002909,257.49040208289364,0.31815896202264327,8.132832315949296e-05
17723,-0.9006599619195725,-8.551259374170884,4.891886862555843,0.62392278830878,127.41034698354268,0.08028011050165329,8.134689842850587e-05
17724,-2.0989039314947036,-8.464235168664384,4.874429681081822,1.8550804229732822,444.4928251947589,0.24966406611292857,8.135945290025433e-05
17725,-2.1816163588463375,-12.319011287742597,4.784152976088572,0.9737975176468174,193.17933365080808,0.585373207807101,8.135956058342935e-05
17726,-0.7566240466076639,-11.879581267820194,4.794754069908483,0.7551323867245673,152.96721022837013,0.689850740868283,8.136087293912426e-05
17727,-7.680390656055904,-11.3927981229949,3.826677947463289,1.7776316774690746,468.313239426869,0.7969489687093008,8.136307775752981e-05
17728,-2.398621062257095,-7.710544277678671,0.24300555954844524,1.0430426797668517,276.4201928992446,1.7344730458505673,8.137354000618211e-05
17729,-2.7649882800915346,-5.104954484829255,3.629899786275051,1.5631441225304639,195.64467243181306,0.18043686671211034,8.137669577973599e-05
17730,-2.18020487825918,-7.971944744200841,4.728169890180208,1.8350976550016287,467.63350437308384,0.4576067269133137,8.1379918345846e-05
17731,-2.032624224813171,-11.69761478474333,4.8002675943426505,0.8161810656809495,469.73801875239053,0.08584733309851966,8.138136236311838e-05
17732,-0.4660729503589476,-7.636194627142616,0.29414528481647767,1.0131366153945482,278.5673062703008,1.4969235275639488,8.139094213405529e-05
17733,-2.089489976893396,-6.642438002799573,4.111318411241582,3.404979191714303,519.5102059400703,0.58262341253669,8.139196059585515e-05
17734,-2.319757703460229,-7.321965495337483,4.433328433854812,1.061601279666027,467.87132130746124,0.9182303562573653,8.139203428599385e-05
17735,-3.6322724198058856,-11.468576741322329,5.0069747654088985,0.8765979203024461,467.67461386733623,0.7944990590328027,8.140723107524737e-05
17736,-5.794402833261284,-12.80334667331768,4.884081606385876,0.7948300073693508,169.7467118862444,0.021803280640877,8.140820678629825e-05
17737,-0.3523158501290151,-6.125763558276666,3.919934143897616,1.8049725645263615,468.67403542445487,0.919979477277078,8.141610621720781e-05
17738,-0.960891188487814,-12.201534860128758,4.785863744647752,1.3964845237918513,315.08831516256714,0.735664461365606,8.141668784137767e-05
17739,-9.569541910948988,-6.624406988041879,5.183335463963372,1.072296806541276,280.3067937220481,1.458455028898916,8.141731954395404e-05
17740,-2.195093857182729,-6.5641959813476625,4.07914556947539,0.9811103168423752,272.7968210236619,1.718924296208077,8.142339853405677e-05
17741,-2.2184901977401337,-5.025098527255426,0.6712057173713745,0.6769373253979682,438.9999388694364,0.4321244973057725,8.143184272392902e-05
17742,-0.30854723614678115,-11.965906748072426,4.791385625827094,0.773417129439201,469.6146028853024,0.20644312970785528,8.144125202287267e-05
17743,-1.307194385068513,-12.30650290386369,4.783338663023125,3.5242098023626993,535.0976217879204,0.9025529723197634,8.14417634843797e-05
17744,-7.261416494743122,-12.779036726597223,4.259492163557362,1.1898139199370017,467.98078255139444,0.35908400795344253,8.145094703000227e-05
17745,-7.570051353660791,-10.246729890860015,0.21666968718955312,1.604723131754862,371.28106554845965,0.8329259940881482,8.145348316651352e-05
17746,-0.017629008375573463,-6.336279176146721,3.9520593048201365,1.2942593392140014,288.1506885554797,0.09601034267905995,8.146308339276215e-05
17747,-2.466341843305284,-5.582677172445501,3.731261867380736,0.712131821936885,143.74334496670383,0.014885954643178323,8.14765119145566e-05
17748,-1.4021383928354858,-6.757366989057561,0.4752171237338469,0.877466365812045,217.04978635781973,0.8885717807043338,8.1479543790443e-05
17749,-0.7420828037413898,-6.606590787506659,0.47720469665568804,0.6546888979378345,148.57542403909537,0.7224684816177644,8.147982553401136e-05
17750,-0.1622947256701721,-6.3988198142865755,3.9738468465454284,1.0755367022138551,467.89732298027445,0.46502323719165606,8.148438160975381e-05
17751,-1.0575377998725628,-5.48450952493572,3.718293712001938,1.0181885685658763,274.4383489553923,1.158151049001547,8.149207735719381e-05
17752,-1.5563772162594987,-12.677125270600868,4.7763457839763745,0.7273635584750474,213.05629515149192,1.0775054252237188,8.149334163225891e-05
17753,-4.634558141851062,-10.968275391535283,5.153096458050548,0.6818403861471839,191.37402101982028,0.6058408579763848,8.149923331487862e-05
17754,-1.1338139721075162,-7.43630221340022,0.31516743501325084,1.9091447377494208,467.3149957565173,0.5806182795474983,8.150748745574046e-05
17755,-3.654559048055754,-5.623293213990659,0.08550217457357842,1.6778836790811928,468.0374679088805,0.3848528351488838,8.15157924399938e-05
17756,-0.27986000900527586,-6.93467290138137,0.4208644159636502,2.1326317178270067,401.6451587969918,0.6583522951611345,8.153476204242913e-05
17757,-0.38497839762545993,-10.61368113828496,4.853728775877074,1.861651541666202,447.53208121577643,0.3783903290272157,8.153891779958402e-05
17758,-0.5266855032005591,-6.327316203494049,0.5384778320663803,1.888750311740566,454.70436429905345,0.5994611639271561,8.154572611058941e-05
17759,-0.42147681539259807,-7.773766212025453,4.6616600334470455,0.6122296230459445,133.49740034698237,0.27198983329137505,8.154832340460072e-05
17760,-0.2545545303908767,-6.311836610871824,3.9418778678359923,0.8278770160212096,210.49343226591424,0.18725644120275042,8.156025383666699e-05
17761,-8.20985713240771,-10.987188754570187,1.7788728731817471,0.9320867028968952,254.2643583257311,0.9399095444998169,8.156026322663897e-05
17762,-2.5417551801551417,-7.233289290039621,4.993969644782255,1.5199412145437323,344.5125707080359,0.8008671811073187,8.15657518747729e-05
17763,-1.6903211334543133,-6.037372794035602,0.5548464190559308,1.111709946805153,372.44538228603074,0.042835186921482915,8.157882141332882e-05
17764,-0.9805840290391359,-7.131186834311216,0.3997728591708771,0.6010981917480706,126.88628978345423,0.06344254841531605,8.158198985226534e-05
17765,-3.427734069408576,-5.1007205084106975,4.756918326262473,1.8432748031225343,440.99046265783204,0.4379748262889258,8.158289466407834e-05
17766,-4.059744087411308,-12.84466691056506,4.850671814644236,0.9311450195281802,467.0709987619022,0.6774653283385881,8.159835898749515e-05
17767,-6.344563293671005,-12.87718380571787,4.82398136873262,0.8898604022497463,255.65886507890946,1.1505753866780966,8.16292971115986e-05
17768,-2.8838135020845943,-5.527647195792521,4.231739785182744,2.828630768041706,484.926966224653,1.4736861489605788,8.164092642637122e-05
17769,-0.2528135877547939,-10.416586418406347,4.866593155341609,1.5468430238350153,168.22288233033444,0.2507314854106246,8.165440828987968e-05
17770,-1.7851968503223095,-11.9961650007338,4.7879476366854385,1.0415219445055837,278.115747779325,1.4238025264866074,8.166468115584138e-05
17771,-0.1979799680308112,-8.087664860204406,4.767124031383444,1.577868584606906,467.90249846271615,0.8907782102494446,8.16732213445939e-05
17772,-6.898978998902963,-10.442761418076786,5.085608304305279,1.3208584447546072,468.1952697894624,0.07005489334859671,8.167452067252452e-05
17773,-1.609756007671482,-7.359187684104709,4.447897411340228,1.6809231649363843,393.26482511524347,0.0008529298628880966,8.16766319340437e-05
17774,-5.448980322294462,-11.49222194818018,5.0373111276905895,1.0874323558605317,175.1222503123661,0.10181679364917873,8.168815414721632e-05
17775,-0.6133818492010281,-6.920443462555369,0.4443511952865641,1.6312435396580376,467.6405512850984,0.023820983774583304,8.169414389256383e-05
17776,-0.6699116426365155,-5.137233437897822,0.6535613777228552,1.7493787142609594,413.8529861202519,0.16760368606106635,8.17025535444104e-05
17777,-1.6545001138755868,-5.9451341733913825,0.6353398703683841,6.848397692737941,697.7045761094793,0.3292756289162764,8.170292432203837e-05
17778,-0.3551966328476226,-6.478482600265468,4.041174311648871,2.09821010925937,415.45676956762844,1.9006333017199628,8.17041544381894e-05
17779,-0.08307861965914753,-11.809583038781682,4.792827689258753,1.9097109845163065,467.68748929569904,0.5222221078850184,8.170546659313467e-05
17780,-8.114805972054468,-12.041358882083923,2.0298859934672744,1.0158666256019495,278.4485501344375,1.3429067400241639,8.171249314678118e-05
17781,-9.726493913127545,-5.239582749210921,1.470082879905929,6.08577908740253,674.2112035628812,0.5822158255172161,8.172119657079949e-05
17782,-1.2670899423259545,-8.056152669807194,4.743776298044649,2.76169926823839,480.9176594319152,2.022252009221524,8.173640994506496e-05
17783,-1.7921428188920991,-5.99919949460889,3.8439673941180197,1.6688486777437455,470.1954025289991,0.15473087168914024,8.175160466265329e-05
17784,-1.3775990392458564,-8.402762165985411,0.057976556498315374,0.8927357554368628,239.524167197399,1.216242280602847,8.175167731962229e-05
17785,-1.0802183202535591,-11.625731670533987,4.798413799464628,1.8265110460045477,467.98234430214467,0.27722736008219684,8.17529722451089e-05
17786,-1.8995128509866834,-5.476166357634845,3.716191511916097,1.698376723862064,468.0158409860763,0.3753009976427002,8.175305931046985e-05
17787,-1.4387636234858814,-9.246469665413878,4.937831175935216,6.325091275088441,684.4002361499347,0.5791012887890838,8.179788645174509e-05
17788,-9.37710294090445,-8.147832069684192,1.7361481041699842,1.6174594161826472,358.01657821937107,1.7792784042159262,8.182362743613078e-05
17789,-1.296897239272429,-7.09672023522145,4.292743557066544,1.0958751696097875,282.3168681041615,0.9533316707346868,8.184132465015842e-05
17790,-0.8234725046683415,-6.371092902549001,0.5338031082932495,0.926952032777536,185.40343488853478,0.3817339870033125,8.184170418509223e-05
17791,-1.8471536292427118,-7.207091166108479,4.37654374382178,1.121616723568139,288.3570683300089,1.339484812756182,8.184653017067197e-05
17792,-2.124667792309049,-6.767508223277527,0.4421764529925252,1.0923043359118425,290.155797346855,0.7551973158152352,8.186300702615936e-05
17793,-0.2612943707242952,-9.486201715828347,4.930114875230631,0.8316858428918733,408.4826239217454,0.2539555905254023,8.186510830329875e-05
17794,-1.183351105436767,-8.360799158824477,4.843902270026351,1.2050387107343161,308.960647271717,0.48465870063533956,8.187700371027734e-05
17795,-1.6665432184086786,-8.883846181877818,4.926492139638356,3.012623756245851,500.9008449639429,1.637856271747256,8.188425839373186e-05
17796,-1.244894996232631,-7.514353065570429,4.522493584082169,1.6488715089146948,467.73840383954865,0.5874736325324976,8.188907505155323e-05
17797,-2.048173146812288,-10.4482653946704,4.861641965817297,0.7580047243768859,188.0283909091444,0.7084504821040367,8.189054232218342e-05
17798,-3.3231353716633905,-5.337339481079862,0.27782851761387667,0.8046716628213761,469.80682597965244,0.1971381801873795,8.19246064515859e-05
17799,-1.648326210495668,-8.057909786991395,0.10716816959794145,1.089266074166345,276.01097934696344,1.5709975846859967,8.192707289216999e-05
17800,-1.639901107590644,-5.29829014635532,0.7122714760422398,1.545824687766455,467.98378014530994,0.4322055962464546,8.1929354142475e-05
17801,-0.5608497975871636,-6.038681707999234,0.6344007342526455,1.1563080726780617,467.10085690931135,0.4739742297642282,8.193121095502039e-05
17802,-0.12693127269293036,-7.776541830107446,4.657744553329386,0.9901097990413759,468.4115751691133,0.3931392496627426,8.194029817999847e-05
17803,-0.9447651654455917,-5.947864350300904,0.602863483773197,1.0649436188238746,286.7909452337251,0.814490033339081,8.195444748618086e-05
17804,-7.920859067427055,-10.589126248281037,3.6243405776812314,0.9967474543297369,260.7803586917912,0.8371864479684588,8.196132349414546e-05
17805,-0.6432396465723755,-7.338254147258342,0.35544233062477454,1.8824342629968223,461.2143308350325,0.04058806088208211,8.196295141487867e-05
17806,-0.039814042793596016,-7.285022363117425,4.40628526485614,2.7649574920292297,476.20221106349067,1.0990163079975312,8.196333239238842e-05
17807,-1.3951265909218638,-5.0133030841575446,0.7142180218105413,1.6262568664793173,376.8112674607053,0.39283539074003837,8.197165154998763e-05
17808,-7.139816429184304,-11.557123734766503,4.525173242268043,1.0185522685126103,272.2909227317189,0.2041236897529224,8.198018298040172e-05
17809,-2.2768490097157903,-12.612279121675323,4.79762858907519,0.87678393715904,468.47491566668475,0.8183994735958526,8.198503722363053e-05
17810,-1.1784352010870887,-10.715945526173256,4.841719388579525,1.6585737003144803,364.6393657149844,1.0292526812429443,8.199092693431525e-05
17811,-0.6047831451260155,-7.715984480701867,0.2563905439254808,0.7691896676472224,463.43789067653694,0.4183311495075923,8.199109124049545e-05
17812,-1.8060094581925554,-7.2267538127114985,0.39963698417062643,1.0510574206884227,249.558219644363,0.1170212587442423,8.19923974837873e-05
17813,-3.4534639148120103,-10.864760775831243,5.169222265282585,1.6315912628668212,412.8366546109793,0.17685258779497293,8.199591709878525e-05
17814,-1.3719665143523727,-11.250796435527386,4.810918638862147,0.9921969607229486,196.77114785147216,0.7373509775696556,8.202132936222996e-05
17815,-0.6524595964066435,-8.875174917294014,4.924118385006193,0.8868853350419037,468.2351608718715,0.9418084169053627,8.203883203051364e-05
17816,-1.3081716727535042,-12.437813120971029,4.773573156731694,1.1525984037162935,233.79969122559513,0.1787350938481067,8.205351086413087e-05
17817,-1.2011844180116977,-6.934230012783017,0.43283195443213984,1.4641528916758486,328.1167005176927,0.7218698184766916,8.205490111574075e-05
17818,-1.8738386009439498,-7.38520126301844,0.31362175475750304,0.9557352507485057,217.8858283451883,0.22837623882889968,8.20590287818857e-05
17819,-1.5451374959137105,-6.587544591412608,4.077563734414315,2.7896404461414828,481.41833911750285,1.5328708234756858,8.206517957591591e-05
17820,-1.9308409130755866,-9.378313000100233,4.932114580524305,1.2070530857563428,282.8735194464352,0.12915629714807153,8.20688271243463e-05
17821,-8.117551676929969,-11.487455663827301,2.475195443989063,1.902775979738241,468.4907773716416,0.4995363348672006,8.206944966095038e-05
17822,-0.465992187488224,-5.307657355884147,0.6598899744568164,0.920172053845611,187.14337624858427,0.9199492244428278,8.207073187075616e-05
17823,-0.8768932332040382,-7.25722135783896,0.3947628211080409,1.2051775698020928,276.2739967277341,0.24579110146444538,8.207285027566422e-05
17824,-1.677491927337245,-5.221548596181521,0.681633003723688,0.6653719737822404,168.75666518981686,0.7378676631927625,8.208230905521445e-05
17825,-0.2802332403817349,-7.161138071102542,4.34074439055457,1.9771272861369682,391.92692237751476,0.9271718879330697,8.208559588199018e-05
17826,-0.06812102273857157,-5.755470306227313,3.775119750413663,1.748505757441348,413.21782489062406,0.20742529300773782,8.208738675893934e-05
17827,-5.288604153644149,-12.519199630828341,4.897633729327574,1.0270917480358872,251.25095005974822,1.0153298771113084,8.210838601488012e-05
17828,-2.0534988384114117,-7.715373911759912,0.20442826127189923,1.0676838975855496,287.15018029835437,0.8118908076050442,8.211388689597043e-05
17829,-2.210278802127367,-6.093133448975962,3.8646225667830603,1.8689532453745705,456.3877742541368,0.16467190514578967,8.211708908297521e-05
17830,-0.40206825238189836,-10.247234996816994,4.874274863931727,1.3835541211337048,329.3139418987626,0.45688682203540587,8.211933324113613e-05
17831,-1.9076950788461708,-11.948685001263456,4.783891604007984,1.7887858226407745,468.352128549738,0.393819920723514,8.212001338775006e-05
17832,-0.9367391981430675,-6.105346858808579,3.8680089014003722,0.8952880517495896,231.28417810952624,0.9538264818343505,8.213424614432726e-05
17833,-0.00533773385541636,-9.262479927769213,4.933937791893779,1.6463681469608258,468.8847320956663,0.2890214683376868,8.214001235475225e-05
17834,-1.6421898098334058,-8.280766333476798,4.818903660143265,1.3286799463182366,311.0017205793771,0.9038298804876881,8.214022828221386e-05
17835,-0.9877371344532513,-6.739209387271755,0.49785932788458886,1.1062399091760142,317.80192164004205,0.8230376627792646,8.214320717759005e-05
17836,-8.189561586459945,-11.070418233095397,2.207032986795646,1.244802198172555,292.0927481224176,0.9621691369506911,8.214400200328342e-05
17837,-2.1541431022280015,-7.33914765854215,4.43096865418098,1.006738744068697,269.35839880010695,1.1667012062169455,8.21460524791733e-05
17838,-0.7564397063755166,-5.22233214235239,0.6769303038917633,1.7714242734137242,421.0993560066085,0.29630714194238994,8.215218411078819e-05
17839,-1.6598401250321366,-7.96863416884969,4.716817112973954,0.8455852501139749,467.86324440624526,0.24550571389066533,8.21729882185778e-05
17840,-0.9075968821810338,-7.661271552369651,0.2477004910834968,1.8316146464760172,466.9630133330255,0.09680641844441862,8.217320946264174e-05
17841,-0.988464862230737,-8.495744336899268,4.871409485409041,0.9358338551115228,192.32544994470362,1.0112571433273745,8.219019964972679e-05
17842,-2.47200317239889,-8.126112292231646,0.12377827027454137,0.8206243425405487,469.5579233537338,0.1580466314622715,8.220320898082644e-05
17843,-8.119900100896889,-11.05518690802746,1.3133820024168525,1.533746829858618,468.79930002136496,0.6072699179772991,8.220354285334711e-05
17844,-3.615776212008166,-5.4025301617186665,5.073243242903674,1.5175196589292104,425.7460748369405,0.2882876768219491,8.220641352359265e-05
17845,-3.0830821236969115,-5.778463785290377,5.02006280930284,0.8533126438101126,177.92889712276542,0.04982447277825219,8.223894938432419e-05
17846,-1.0820989577787667,-5.846371729494144,3.794249588722155,1.543882860391232,345.30998637329384,1.247259875545006,8.224130798794308e-05
17847,-1.1947768384470745,-5.978522275705061,3.8291118922483847,1.8803301595368895,468.6512582710153,0.11336956761182115,8.22434771670291e-05
17848,-1.900042493756409,-7.97901782690687,0.13659172237904482,0.5258326386861725,142.56388730769865,1.0392117491796258,8.224573643754034e-05
17849,-4.827274842443096,-12.76948722293447,4.8646339843225395,1.0608131416513795,280.7393154008957,1.4458979211362992,8.225749373436101e-05
17850,-1.9156607121486342,-6.711480677648235,0.456656232729122,0.7763954670498333,228.95993668797678,1.2351465785674032,8.22579301820818e-05
17851,-9.631789615090021,-7.957821884041007,3.1629909974994543,2.017717513436042,404.4415919071464,1.2939089188962223,8.227607289655775e-05
17852,-0.6311124469213887,-10.25688870381746,4.871705904969732,0.9717239705126548,468.0581050180815,0.31160171133152215,8.228418987080246e-05
17853,-0.9400814236196524,-6.772744636834475,0.48076066369079024,1.1769498254614983,297.1291755041353,1.1481063536773286,8.228435914137525e-05
17854,-9.630243491330793,-6.326528543189547,5.176961822144286,1.0120345191857498,274.6807990508411,0.9283624980598866,8.228692925466472e-05
17855,-0.8839361906780923,-5.501347326932726,0.6742750975219586,0.6384818861342061,169.89741003621253,0.9909880916640459,8.22951144820644e-05
17856,-1.188331119061944,-6.630955962315854,4.091263381358527,1.0224155790329532,259.8145928993733,1.3363913147103403,8.229663020079473e-05
17857,-2.146968876140659,-8.465337077272817,4.86374889466633,0.9722167604749995,194.98057582405107,0.671668859073284,8.230330885269738e-05
17858,-0.45638295883630775,-7.133896966587227,4.329344039126205,1.8533795694712956,467.79503652018724,0.21207891923043398,8.230545142021708e-05
17859,-8.333475086954,-9.565957689880712,3.455703479217605,0.9130494426157222,220.4958339712302,0.10974315076184382,8.23096925406881e-05
17860,-3.89473708133597,-5.524096120501627,0.11663568056194189,1.1914423277871495,209.357297411341,0.09730216217031451,8.231215509010995e-05
17861,-2.1289717517120064,-5.33673704823535,3.748602638979347,1.7792338723452068,470.3231680786201,0.045344002923962456,8.231225398592912e-05
17862,-3.361453264303936,-12.057924454447623,4.908586600989378,1.8598332456984843,469.0058904476667,0.3918927685247082,8.232941837916168e-05
17863,-0.8561693708183977,-7.205193476761127,0.3793993646633001,1.0878317801204174,467.85425686769554,0.15371481786238217,8.233120044738887e-05
17864,-9.05163328175137,-7.952193439904309,4.5517405597805505,1.8107295949306295,448.46385797040546,0.6387850375071329,8.233947022645148e-05
17865,-7.958927844402956,-12.278313295894229,2.9742202632230166,0.7193774388572298,468.344937980028,0.32191788384499365,8.236892405303009e-05
17866,-8.900778949719367,-8.587350445825537,3.610028628453299,0.6809947504089794,153.23816662404704,0.2742925534663927,8.23871646075346e-05
17867,-7.937960443841842,-11.461992278454625,0.4209717118790425,0.7559250941870518,182.45618324885203,1.1731870493274323,8.239579202607904e-05
17868,-2.5690933008519323,-5.848491134089106,3.7930413234474907,1.0298069914940293,264.4453858729579,0.5960479905158111,8.242013653022514e-05
17869,-1.3209319926054715,-6.6952488849116785,4.116367999346537,1.2592645382629675,317.26392251023975,0.400105200008289,8.242769198787534e-05
17870,-8.139134425963217,-10.857368156585897,2.7794992286044637,0.9561887606049555,204.05082279681042,0.2442569495968856,8.244884451222914e-05
17871,-0.800569328338872,-9.117482946580676,4.930225877035126,0.8749781251879405,468.0991179427286,0.7303782620785411,8.247757811065347e-05
17872,-1.3080121989346765,-6.245509310745071,3.8855413107549546,1.3255732218937348,291.45178553388695,0.8534562493405735,8.247886191586781e-05
17873,-2.0572921959332877,-5.752336480406573,3.7669318258460587,1.6000378535369186,169.60800423198734,0.22849895099770112,8.248163495678206e-05
17874,-0.1941843294327512,-6.925865725811212,0.4355023803233863,1.8607190297229812,467.9875971908332,0.362358855632106,8.248528043440003e-05
17875,-2.3399617503940915,-11.35375728124347,5.144782409244826,1.390879744256105,316.5709166724396,0.09660852240820095,8.249253358566828e-05
17876,-8.154332871244794,-9.260342561880211,4.303600484710052,1.7428083438593553,410.7372029384375,0.5021863097925072,8.24936283160952e-05
17877,-0.2031134388423954,-7.419649045782774,4.466556703365636,1.7710524229685212,421.959891973779,0.7542606332192241,8.249556941200816e-05
17878,-7.431663353677636,-12.519261653698127,4.057396567891242,0.8677717093928546,468.86422056990887,0.10966142916691801,8.251767059785983e-05
17879,-0.37041724430010703,-7.339765917025386,4.425861398700035,1.0121937291808736,261.3416160014108,1.2455533513559818,8.251802217994313e-05
17880,-1.3125812442844538,-5.642582442733542,0.6567314553616982,1.454896525891888,468.88863226277033,0.8520393494418874,8.253029835077633e-05
17881,-1.7915915712967223,-10.605650225617275,4.843136701572496,1.750421866210002,418.4458693388349,0.4583014008166737,8.25323468096499e-05
17882,-1.8261572256219374,-11.722176419542386,4.785826522692201,0.8059959810591898,467.06898030160426,0.020585541334864565,8.25483970574743e-05
17883,-4.092282966382298,-12.66599611083796,4.858208644276764,0.5781742841753735,118.80244194157108,0.3604980888175513,8.25603649338645e-05
17884,-2.29731276026532,-10.207031485722045,4.9425335660090335,0.8585000317986808,387.55542817493523,0.08859218577102279,8.256882981376222e-05
17885,-2.061211926942722,-8.747386341319846,4.905709120548775,1.1485777097089171,298.3917499387511,0.7529914544554979,8.257678975547714e-05
17886,-0.7552201043140965,-6.261110340572991,3.923244211767532,1.6573905106011446,468.44022594817085,0.6191600416571648,8.25788829561466e-05
17887,-0.8207892644122499,-6.15879265480246,0.5766191141035623,0.9496851476635206,265.8777886412432,1.8144930048808954,8.258553815021659e-05
17888,-0.86991885991376,-9.94695548263157,4.892582974261988,1.845733620974275,440.1368925069779,0.589904665664446,8.258906062215215e-05
17889,-1.8490140405898945,-6.837059465899762,0.5011111362509955,0.8287734106941677,236.2095675261119,1.2230849620762827,8.259634037838576e-05
17890,-0.9897507818597653,-5.7167894255497576,3.7268585492585147,1.8642099237223404,447.72115025682376,0.26881280317361433,8.260417172359312e-05
17891,-1.4654308441192079,-8.00178966849736,4.74602581921354,1.8602063161228595,467.81908933215266,0.35661449625736896,8.260533374674e-05
17892,-0.5948836235999302,-5.135640158240347,3.691154449262058,1.3369974461993903,322.046784965885,0.22373981931662268,8.260593015201363e-05
17893,-8.073538281250512,-11.530067632333934,0.9058597317669455,1.2178623609926995,287.22918468220183,0.13746359406906006,8.260847364405859e-05
17894,-2.9623019302614235,-5.920961694584916,0.287483715840421,1.0873487009813088,286.24588865926876,1.290195596684403,8.261042808630215e-05
17895,-1.5832888289485538,-10.934428933442284,4.8209711088310305,1.1231838316287952,165.35411068403707,0.234778388008821,8.261785189154644e-05
17896,-1.3887767384357428,-6.408612172101462,0.5334911439180026,0.8921956854405676,230.23322576293478,0.8705750285780143,8.264210915242408e-05
17897,-7.920437663736871,-11.50481527908097,3.25262971085214,1.1169106668988908,292.9072013244081,0.5946886541204188,8.266988065481096e-05
17898,-1.7356226520792557,-11.301566189247715,4.8011035271544555,1.6027734010114358,375.3900688124545,0.4894770631121492,8.267106292613733e-05
17899,-3.227984474269883,-5.966643189210472,0.172968742222575,1.3635137745437604,325.8193076175904,0.5158553370932699,8.267253724884437e-05
17900,-0.022860878405285945,-10.867925809852666,4.824269364091218,1.331501165220965,468.53734194379825,0.475503911441856,8.267941491094563e-05
17901,-1.4837286459955266,-5.15368604128786,0.745942100630128,1.0594116425564981,274.4517393940542,0.22564830534890223,8.268256552066417e-05
17902,-6.728801154495119,-11.669093459532132,4.8047191732881585,0.8402829314875951,244.78437823861748,0.36019291818373045,8.270059517263746e-05
17903,-0.4354125716645676,-5.05439150358547,0.7257307080129687,1.0844901597395642,286.83898549858765,0.7924295783598581,8.270555039482236e-05
17904,-0.17367251478848722,-6.161494928428386,0.6317698625711252,1.00644582498649,254.4130750233103,1.5239447528594372,8.27166112355338e-05
17905,-0.10602734530718472,-5.5811706410608,0.6756346670891464,1.8648513372774285,469.2407154992219,0.010801855635287794,8.273311619231817e-05
17906,-2.5548683644297103,-6.2376582507970975,0.4746444560948585,2.255692099592397,433.67516996006884,2.263521333747515,8.275197766156727e-05
17907,-9.489366752821022,-7.8764490939909155,1.605959897001832,1.8435631964614974,358.1831500720867,0.20848868568731316,8.275863668772518e-05
17908,-1.7570387250735688,-6.1823447585995215,0.5764472411140511,5.433273624074624,521.5830568617281,0.050748737768393504,8.276593718183798e-05
17909,-1.637397367092909,-5.972401583158376,3.817650026236459,1.7037034512419675,399.39241633757996,0.03952567096040127,8.277154933078705e-05
17910,-9.734081385309548,-5.213877978482809,5.016624491098537,1.5088015225212164,344.05313206159644,0.20731025741205222,8.277561546054285e-05
17911,-0.9675886594044911,-5.345637688691183,0.697797473160326,0.625458074132865,127.53564087054585,0.8467501858743782,8.27784538203064e-05
17912,-2.092085542237106,-5.146310675892092,3.6430224877289796,2.3923934224862435,444.9175003372154,1.6370828475789851,8.279611354877555e-05
17913,-0.17854020653467728,-5.033172845157979,3.6738769665097077,1.3083910614765182,321.6771454113455,0.31734273654261447,8.280501164180451e-05
17914,-0.3512817186471171,-7.614350609193054,4.567649543887041,1.4929198888406028,156.70766432857337,0.403569547703019,8.280880592525482e-05
17915,-2.1492264134167467,-5.267410923540248,0.7309641831707464,1.1752470668373183,259.4640163856532,0.2830653903676881,8.281115042450169e-05
17916,-3.3532212597236954,-5.257391869854402,4.885286749434965,1.6777404745967923,468.08513734087336,0.3119920882027376,8.281296565532935e-05
17917,-1.7496761919167234,-11.42609372628066,4.793953701996051,1.1070724216009398,287.7020761402312,1.2705221613139477,8.281522278905051e-05
17918,-2.5939174475364135,-6.175499065209562,4.044707910401787,0.7290470808097562,147.07860453266295,0.3769708381140644,8.28179718369463e-05
17919,-2.2366238129811364,-5.122485358306629,3.685056965178677,0.9981375927604936,262.6237722854388,0.20479075809582792,8.282513955336425e-05
17920,-2.2081769869279944,-10.642541354286676,4.837361437868976,1.5335905147102973,354.64877431005937,0.1997930317742922,8.282985053231967e-05
17921,-2.2125792791775183,-9.101644555882572,4.9261929588931315,1.2527983408541452,260.40379802332666,0.21960147658922846,8.283504470204946e-05
17922,-1.264798256516631,-5.184348008417119,3.6933240662187736,1.74361577434037,467.58887624305817,0.12042896432706574,8.284054489070156e-05
17923,-4.52694930097652,-12.147041273324342,4.906636416257566,1.7944092041849165,425.4167584616669,0.4587739950331473,8.284732557321964e-05
17924,-0.6695165573154274,-10.603168628497135,4.839776901334153,1.4557425212564559,321.937973254783,0.0483545285575131,8.284739196100811e-05
17925,-0.4661206231919408,-7.803691628682887,0.2326799978822027,1.6683374188135998,391.4213504502032,0.41579135213147556,8.285043161498549e-05
17926,-9.730826124475394,-7.5543578140894185,1.7228580764612922,2.722150498141477,470.16362018387315,0.9618045416718068,8.286105947828294e-05
17927,-1.195626572907459,-11.75169561923271,4.781093465806346,1.312359314479718,322.85527021934223,0.4132087676675047,8.286926166250228e-05
17928,-1.32264590216462,-7.129218844240477,4.29301434905626,1.0212110304188384,272.99673477700986,1.1580068335945901,8.287490504128609e-05
17929,-1.8106045388034708,-5.172877388253214,0.734363594280411,1.1475293879439614,283.52845963498476,0.1722000067814573,8.288961751796362e-05
17930,-6.910120740756499,-11.538190597156909,4.717192316362736,2.652279601706234,470.6385575041876,1.8785176063300506,8.289950255135044e-05
17931,-2.490229256813511,-5.9464140792154465,3.808721539615864,1.8937150140295131,468.6476995974211,0.3990306366406031,8.290361234462697e-05
17932,-2.267726849842431,-6.012550609576878,3.826466766870983,2.455389036915408,454.136141474614,2.584342632552514,8.290745150616012e-05
17933,-1.9176991584217689,-5.662722250086363,0.6421672039397833,1.8411194203438754,441.787857856974,0.42055801148343175,8.291480649623694e-05
17934,-0.6514554123591214,-7.859457089856122,4.644141080693852,1.0673935333019728,466.2407381771219,0.7026663929934438,8.29292731021472e-05
17935,-8.90056273926092,-8.723998177192266,3.2406869311744426,3.3983144169900483,529.6343300337605,1.318733035618055,8.295393325703799e-05
17936,-2.9105874257423903,-5.506370063160519,0.35638154954280754,1.0959454426559476,256.65760367109715,0.9498895397049507,8.29611322885694e-05
17937,-1.8786081680834208,-6.164362422603097,0.6059267040948743,0.8841020751758188,251.59115237046092,1.2502223625530728,8.296186351427608e-05
17938,-4.076267708953169,-5.055033420127436,0.266604833115498,1.0077039118150213,273.4410301330781,1.3828459734927918,8.297444946104725e-05
17939,-0.9110532395215927,-8.218645434993501,4.79014875407745,0.8388264171802561,175.68387693517997,0.1771892760845617,8.297513650445953e-05
17940,-1.204507744199434,-7.930732634982604,4.699615879380627,3.979010829527531,558.1224191215257,0.47283644000584424,8.297629700320214e-05
17941,-1.4110823314554661,-6.709154399899769,4.112916919524608,1.8715644626523387,450.44430005782226,0.22096974553367232,8.299580035684227e-05
17942,-1.892679359394819,-6.151194702546866,0.6349575037722437,1.2465913864996434,312.9658990049293,0.5216786499188233,8.304062693812227e-05
17943,-1.1494469212917373,-12.76521224949939,4.767181449741618,1.0376520838981973,268.64222196148745,1.14036051437244,8.304515090630709e-05
17944,-1.9934173320130917,-8.918193802111023,4.916169892350921,1.3963062442481295,314.6002247224123,0.13617405024317808,8.304981317343563e-05
17945,-1.8736652609867939,-5.639539107302365,3.743253273558637,1.4644111126362485,468.78868123940225,0.4937023485188776,8.305306536465461e-05
17946,-3.5035469838388096,-5.903795225461944,0.028688096418807416,1.8392167857111146,440.27279235709244,0.2864473856556664,8.305330121733851e-05
17947,-9.812022512207287,-6.958055311665288,4.640512101949741,0.7023479985404432,215.37847384558387,0.2695552722932417,8.306382335435095e-05
17948,-3.4946829731319404,-5.597850120711978,0.16011009945835905,2.0179456283855775,403.87039007470713,1.4489486595540013,8.307573947550158e-05
17949,-8.420703102322298,-9.765594424916772,2.7746481076478537,3.355129283604137,523.1664761051147,0.9635880649665189,8.309070192800482e-05
17950,-0.9992947974746897,-11.737861012430768,4.778913155743512,1.0038895944631856,141.9769618046504,0.3409753537749687,8.309653857725973e-05
17951,-2.0799344462314506,-12.625921465857465,4.768575491958803,4.600770662599748,603.8578143141623,0.8303347241237331,8.309955670767761e-05
17952,-1.8538879659770977,-6.5823222121788225,4.057560751950584,1.5256776761743676,344.5738774981992,0.07827979168749533,8.31175543861978e-05
17953,-2.7082958556306957,-5.832732969822889,4.030574982517427,1.7982621361585605,428.038453670156,0.5816904199599593,8.312773266139444e-05
17954,-0.3717928643374453,-5.4340597340809085,0.6651513568759433,2.8601497702790617,486.6969917435213,1.3156101396817386,8.312944897574292e-05
17955,-2.024991995064278,-5.0475115245537925,0.6660049662086659,0.850438814353585,170.21452921006187,0.62149514508123,8.313378455757699e-05
17956,-2.0207272532911436,-6.663675750377091,4.090787741046279,0.9443514032814042,261.8148086684045,1.3722527440207495,8.314348621657526e-05
17957,-1.9506413993309515,-11.509314103915838,4.78675578854408,0.9228009289993928,368.5050583518533,0.9515604841932914,8.314433582907035e-05
17958,-1.0834559015036263,-7.2769574735510245,0.4173464222823947,1.0691078427742533,467.23417646499263,0.3352307308191369,8.315239813113179e-05
17959,-9.180412526457895,-7.964671361377621,4.2752494698440495,1.4057445155620258,324.31119087633533,0.19349797851279948,8.319664842987028e-05
17960,-9.924983630009859,-7.727357735763702,2.965976531822035,1.5067383804986993,352.2104450697808,0.46816292554951033,8.322490690781313e-05
17961,-0.5232458199386407,-6.468453160586768,3.969313580578735,0.9214865373308365,256.05751073792317,0.6453540346774522,8.322784831066952e-05
17962,-1.8177149892850188,-7.295613068680768,0.3990688699264899,1.4192640173476243,311.5497588674303,0.22419533338047692,8.323438859909275e-05
17963,-1.856468284723169,-6.729449258061866,0.5098143277616903,1.5310003893377755,351.35984927190293,0.13988453853348926,8.323969047579964e-05
17964,-2.119731174522766,-5.0001981230519785,0.7069857295037959,1.6770904113428626,391.9497496703347,0.4902182797618604,8.324105661772576e-05
17965,-7.4288614239976685,-10.974862449787112,4.332636042747027,1.5091851389205702,348.513912362735,0.33602427885291064,8.324121379379812e-05
17966,-0.9529600711351431,-5.285881451003307,3.637416548981611,0.9091597634699299,215.96017172984054,0.050578905475226144,8.325035916498762e-05
17967,-1.2082145301776688,-6.933872556438655,0.43627339054578096,1.050031755298694,222.85120220457156,0.9702273063665743,8.325202982592177e-05
17968,-9.776423311258906,-7.43744144175499,4.128388465679715,1.5010578981271467,468.10712484754833,0.4696645902556522,8.325299573234549e-05
17969,-1.0463460215366354,-8.249016488929694,4.796201981002239,1.2156257525127854,265.3483715634039,0.08224945603859979,8.325858349998857e-05
17970,-0.5783925318012635,-5.824415427926979,3.7696136583850968,1.694713963375408,469.4448011301429,0.11557010240743093,8.326215242264576e-05
17971,-1.9994587064844858,-8.531591706600565,0.009298777947748287,1.137814565244569,298.5489754406513,0.7086006785384713,8.327154883033694e-05
17972,-0.4506047524395349,-6.52216370655912,4.032084244311661,1.0005693130409095,275.68853278424297,1.5558779256215844,8.327471234657871e-05
17973,-1.7366504293093445,-5.574812268240205,0.6503485604994987,1.881653778342539,467.1203889501053,0.3832844632254728,8.327783631290678e-05
17974,-0.7789594675996216,-6.90181643390284,0.4305653108118832,1.8487111861419698,442.44899097880636,0.25657050262604475,8.328179363719266e-05
17975,-9.172686182259085,-5.4769564392391406,0.5019358289013506,1.0908779737827827,289.51897813025573,1.2402905068778827,8.32871773203015e-05
17976,-0.9076072776240061,-8.336572689246555,4.820878882949749,1.7237757346746185,363.1044462531525,0.47693441563743555,8.329811054486489e-05
17977,-0.15568118857365043,-6.508820638782358,4.012043463360719,0.7766601699867298,470.0204712672409,0.22032679665451393,8.331451456950737e-05
17978,-1.263087932268931,-12.603361240090898,4.766272087124758,1.4610084851101937,457.4134397427066,0.652141110922213,8.332031236680441e-05
17979,-5.655699752011424,-12.769297139190408,4.8802317962456865,1.51689549789038,345.2482143263974,1.9021615710023516,8.333500477406697e-05
17980,-0.13105089598578878,-9.924870822888812,4.885999247589815,1.7576937473664014,373.14093115103987,1.4615309067267557,8.334108038649004e-05
17981,-0.44265699898134514,-5.385659368951399,0.6962093302323953,1.05518116153225,278.8061562377265,1.0235529826658842,8.335488434337184e-05
17982,-0.9442598029397349,-6.814954002113294,4.153809145905174,1.7146843680464652,359.33234429456866,0.9210850532867596,8.337314769803692e-05
17983,-0.10378225887058079,-9.047923074718256,4.918908263039014,1.1858306849081495,467.4585962209905,0.3191497281067246,8.337521855843587e-05
17984,-2.6658294350978213,-5.619197528803398,0.41251657277201115,0.7707676595770883,200.74476844447318,1.2929007872464675,8.337618373599056e-05
17985,-0.22351152240428362,-5.153589767392976,0.6717863488735152,1.2001858633703353,253.25627086883122,0.5801357056244303,8.337791981466222e-05
17986,-1.114862060960082,-10.188671716675678,4.864876111030283,1.5565511508562568,342.7090710617788,0.47358341840682616,8.338731252401171e-05
17987,-2.239330717068756,-9.64344416963034,5.020670659555017,1.017037586943016,439.66710061568864,0.7515288950495664,8.338967980982768e-05
17988,-0.4663782448772533,-9.22420212310591,4.920822087282981,0.8646193754442153,169.46158625387372,0.11871435224574611,8.339187055185734e-05
17989,-7.6233260267835306,-11.709190561860517,3.8517184335317722,1.8630648711491402,447.5956994349987,0.1928599897362373,8.339397824999354e-05
17990,-0.7399219862652657,-6.974532349821359,4.200085225689341,0.79926171723819,213.2625755764818,0.10022924884584494,8.339663632760495e-05
17991,-4.077725688786887,-11.716093281454157,4.958341038258596,1.7919700211193204,424.9610414843654,0.3339660702368201,8.340003748125719e-05
17992,-0.3630823201805118,-7.9160763524749695,4.6932133927893815,1.0878088274634459,284.36016150677654,1.5832600105784609,8.340151391189326e-05
17993,-1.8248280921610753,-6.326601293164297,0.5868728327993309,1.314879016639449,308.02795323653805,0.31700570017000107,8.340512231793596e-05
17994,-2.2383486107221895,-12.64373346981011,4.76493099581211,1.3201019136922278,307.820830672932,1.0424694097723686,8.340535696952499e-05
17995,-0.4545285502809815,-10.87208261189167,4.815707939591852,0.9782662903458975,265.1034752636176,1.4981593010032137,8.341787718153935e-05
17996,-0.8040047414481695,-6.853747601042374,0.5097102167151107,1.9330528650051895,393.84534129533284,1.4078200101959402,8.341972121997664e-05
17997,-4.213289602723233,-5.37958110317646,5.079978515385168,1.5306223920188948,353.06862866417504,0.35955052590901726,8.342580114149218e-05
17998,-0.8118735461206548,-5.128858307826298,3.6740709008204875,0.7553515861709066,188.60430800629254,0.3932631627599106,8.342825642797037e-05
17999,-1.0931760711120582,-6.094323887910369,3.841071355557464,0.8060950558015867,228.8140206297812,1.4387723791329714,8.342872434403326e-05
18000,-2.1894376492289878,-5.245178237472619,3.6905023841299593,1.7367864972830918,469.1824772317319,0.08590463943237214,8.343892358380103e-05
18001,-0.936972505448292,-5.2635966677637285,0.6400202106460102,1.1813955192353638,300.87184805831373,0.5564198191654643,8.34604904087719e-05
18002,-0.17473495228965774,-5.156608604615,3.677116681848669,1.0221682475216711,268.3451947881611,1.4493505824421034,8.346772962609163e-05
18003,-9.910872286382403,-7.521779667791339,2.0149371286699016,0.9271301968017086,262.18479880560426,0.5598443717739192,8.347502327845746e-05
18004,-2.538461325441517,-8.085297157241897,0.1799714810550616,1.8388724725721044,441.73073454749436,0.014310910468820381,8.348773959892282e-05
18005,-4.300148954598039,-5.2868932814103555,5.09215674521645,1.597333171063814,353.894340781083,1.5951403232697965,8.349220722279125e-05
18006,-1.6301983863425349,-8.440673566008247,4.844520484876335,1.3025819001274768,275.39455205976816,0.2081712254343211,8.349436943845853e-05
18007,-8.04664673622723,-12.103786735953822,1.4388700624963133,0.9515478287178402,468.7169380745071,0.2465596184872112,8.350393665789589e-05
18008,-1.9908082412001278,-7.8300563348224435,4.6610739771891,0.7470184328331396,200.3060756538702,0.22018406947229963,8.352002060860719e-05
18009,-0.01673538583667522,-8.509677195609985,4.858938632057118,0.7997567258741857,469.7602522499971,0.08854149854233118,8.35286430300847e-05
18010,-0.4313602938307284,-7.320098979333614,0.3933988982022261,9.43896509289777,653.660927725903,0.10548567588407654,8.3533042667868e-05
18011,-0.05116104748368144,-7.361323350264832,0.36130351899324176,0.7339469717921044,468.15471871201106,0.2950814209066843,8.35421832683898e-05
18012,-1.4032139673006512,-5.323079793513868,0.6809313842648853,0.9527809936783799,462.25588251078494,0.7234529286417226,8.354985599146015e-05
18013,-2.4189470867452556,-8.150698996940866,5.1587100589799375,1.4885571558357258,465.4104377744502,0.588996033834916,8.355313703098158e-05
18014,-1.2428543940491679,-7.399740655544387,0.3453911671941477,0.9246683724848833,468.1074479578635,0.7350826638377734,8.355825655173038e-05
18015,-0.7457402379231901,-11.328593675061072,4.789683224084687,1.5228123397180093,255.78638647548073,0.5096477779677802,8.356214606924459e-05
18016,-1.6265776309485673,-10.104775203721392,4.869463423889455,1.3427461715355824,287.6056817771853,0.7719122158631393,8.357007002563067e-05
18017,-8.057823353155392,-12.08866081906481,1.471077720922588,1.1286918469217724,239.53911698523714,0.7950760336240519,8.357058722920325e-05
18018,-1.5679856883590233,-6.45099373078187,3.956392248719443,22.172229052780455,629.4459847807827,0.0595328695713242,8.359250792440754e-05
18019,-0.7878933425698342,-6.921501681486392,0.46243624443308834,1.3359391037200452,290.05307082778063,0.5435528351302095,8.360137134132365e-05
18020,-9.410620675114822,-7.590119082699354,4.493732581971993,1.6354378369514264,379.4733376321331,0.6456784489430962,8.3602875522283e-05
18021,-1.4014968545782907,-9.05044633201077,4.916448371352824,1.0511245513076384,281.2775221894701,1.1043582345490428,8.36108724707188e-05
18022,-2.2493802179766025,-10.194262917728617,4.86197335029771,1.0182691549624876,278.48568138145225,0.5424856448626967,8.363126930060939e-05
18023,-1.484434494682663,-5.495243214733737,3.7022487438585285,1.128459431006284,245.4235025493932,0.66335204568822,8.363327878836149e-05
18024,-1.628252086735877,-11.76784164729478,4.771682925174082,1.0383962765642705,467.3901807890145,0.7849228863578519,8.363552372378866e-05
18025,-2.0442357560117657,-6.344480065862747,0.5653981453547822,0.6790701522855583,190.05160343808978,1.2932708880162673,8.364117121519714e-05
18026,-9.14116730637792,-7.860615951275792,4.529175456573861,1.1329403263224984,284.9010365830866,0.33480364795237616,8.365146217759283e-05
18027,-1.0986257119866583,-6.036522632940312,3.819565527171584,1.1072349044958159,283.01035497992626,0.7334324410245374,8.366013704181455e-05
18028,-1.173924835794626,-5.165725241877214,3.674209066927756,1.4667239293272056,326.0295988532195,0.2717969604792012,8.368111887737008e-05
18029,-8.028793286172903,-12.7044476914206,2.600503134894111,1.0973101682227353,272.64581186660746,1.1715241489049557,8.36825557831387e-05
18030,-1.7776414948990755,-7.357955594606469,4.418101105210219,0.5275466293401723,111.761071246889,0.2959596390439705,8.369375952325126e-05
18031,-3.5083080676056353,-5.656062670430758,0.11502020885984351,7.0747360612526515,413.0717981564989,0.15683066042511395,8.370030499204787e-05
18032,-3.0854189128265874,-5.577282519582566,4.7509585560366565,1.2753589415272786,275.2092762045893,0.08097184209199604,8.371282101933507e-05
18033,-9.693842581976448,-5.900206198710793,5.107419669521856,1.7126864279820924,403.0193899520157,0.5947215741580179,8.371832483462616e-05
18034,-0.8314877303914461,-7.305578962013334,0.404993160860092,2.2150156403825374,428.6178791134911,2.0459415317722973,8.372340069559556e-05
18035,-1.4582243566418374,-6.940871829426485,0.44480792346532916,1.8552469074862723,469.3368809783965,0.006931547782662584,8.37529136700044e-05
18036,-9.289714050627396,-8.327689763293403,2.9838557250216837,2.481387703970262,232.76329067291152,0.21020490504585165,8.375298803429875e-05
18037,-8.279745455938736,-10.381971551594358,1.4279985830808044,1.288818710794619,320.9094144859821,0.4427997914222539,8.375787424386875e-05
18038,-1.3975439677770236,-5.551387260476217,3.734006204013933,1.302763389780337,322.1238492791078,1.3136892667191225,8.375832284706307e-05
18039,-2.123987473389927,-6.823370861022711,0.4808756854746043,1.4954732725500515,468.914695060757,0.9212086707986069,8.3773724178994e-05
18040,-2.234435248019551,-5.015976745008017,0.7277800548485694,1.8517781270846445,468.2983958160168,0.9056539935854913,8.377784005257714e-05
18041,-2.104908093841516,-5.20069030224668,0.7068858137422802,5.401875049824189,638.1348463077182,0.3546072444239501,8.378174772143787e-05
18042,-0.2055138613647891,-6.349844797966104,0.6281426570117785,0.9796656014979008,256.1152249889844,0.9007206935612198,8.378281255919375e-05
18043,-1.9378993509892446,-5.320282180609531,0.7273241622792216,0.9752327950289925,467.9876651435588,0.5131879754460025,8.378338991618776e-05
18044,-0.5093270218440455,-6.748687552761694,4.11729856727818,3.227105959301002,516.109401491127,1.2658886365236812,8.378358647756625e-05
18045,-3.409893747125513,-5.907106243463372,0.0540245986666334,3.0524802722102433,503.76906231619876,1.5437339335266707,8.379943985433099e-05
18046,-1.5400476770778866,-6.462460382227335,0.5512751122907845,1.1369243200902663,273.0687295898787,0.3674646760690994,8.379998907505522e-05
18047,-1.605648163076145,-5.487844876623785,0.6996969376890189,1.1243355029290292,468.86312555868557,0.3946359386950986,8.380265103775781e-05
18048,-1.5686499414544777,-5.681129032341861,3.7159879353006877,0.5207547709309086,109.97609188182848,0.13064132733874434,8.380699591640213e-05
18049,-1.1511865683104254,-5.199537233119601,0.7423597928985616,1.8338734823867189,468.92054215802267,0.559417302621835,8.383753368767099e-05
18050,-2.88983457381838,-6.01131270974099,0.2709389100855101,0.9851344469000494,266.60742814931945,1.2478705599607238,8.383868214589541e-05
18051,-2.2206432034302406,-10.714872813013393,4.8212003644537065,1.8793567070866701,467.863200895558,0.5576071283206261,8.384259757953135e-05
18052,-1.4159170641257717,-5.233261513887811,0.7393923627489905,1.18720682205896,244.71580627056292,0.8507661748236615,8.384307773561587e-05
18053,-0.8525847903942871,-6.1954114565826925,3.865509303067085,1.6366651463848194,382.07745178680705,0.04125202526872318,8.3847934413963e-05
18054,-2.900061309691707,-6.542416047760715,0.11379665451132152,0.9975045022039775,467.38302832465996,0.44362754485178524,8.386103881182153e-05
18055,-1.0286440982634542,-6.271175032849815,0.6048207907021281,1.0858405812521539,467.12475477034485,0.7639529768461726,8.388551286974263e-05
18056,-4.477447206759861,-11.67616102086951,4.966713155880258,2.2966829294586995,437.86150282203346,2.225004900222296,8.391225694467035e-05
18057,-2.249099953251319,-6.8508985291400695,0.5157447069500279,1.408727061219783,329.8601013183842,0.2757455508850368,8.392564377882904e-05
18058,-0.8569735064374022,-5.291868971859826,0.7442114596722874,0.85590523119053,234.545378618372,0.10585139484125605,8.392745952674247e-05
18059,-0.29111211941921233,-5.607200637290388,0.6652329196709975,0.871074310776721,467.8273601031458,0.48945190408212014,8.392856343831124e-05
18060,-1.3841463667453429,-7.04165325915034,0.42742236663560595,0.6505553676317046,172.9823570309181,0.07644855065451939,8.393302445307113e-05
18061,-0.37692204674953445,-12.191931575168635,4.760666000326855,0.8968459099771955,242.230534227087,0.3121718820471804,8.39365905048291e-05
18062,-0.6805431429404472,-6.466951118733214,0.5534354785185721,1.653170391164435,384.52608163292666,0.6025967649584043,8.396202834595673e-05
18063,-2.280706290179408,-11.39309666327084,4.819062804779382,1.172581748210333,136.42360797658895,0.37123981627493574,8.3968124185533e-05
18064,-1.5594435240017432,-11.578535256853051,4.774499578874263,1.4065570911103482,315.2073990320349,0.8242732709380576,8.397247243800816e-05
18065,-0.32539470284718774,-5.534565951493316,0.6823993391879883,1.0728998598957349,283.39562354830787,1.156085047670441,8.39792747084096e-05
18066,-1.0755723091730847,-5.102841096812441,0.7230061726865111,1.0863293970675891,467.9944378057414,0.8232478260792773,8.397932226674311e-05
18067,-0.5245083201286889,-5.551537097606739,3.703719853710557,1.0887299456151258,467.26453738745414,0.7594589408821584,8.399047578418673e-05
18068,-8.443499194406803,-9.753860470949194,1.096815972360921,1.7548481869288775,468.39997972059484,0.5364939228302292,8.3990818424525e-05
18069,-9.71913023249119,-7.675659571808008,3.774720018796339,1.073715242578151,287.2830026291579,0.7072731821583629,8.399114954193895e-05
18070,-7.234394431567969,-11.666523850964944,4.399497312795715,1.5178026227784944,352.03911917340133,0.6959033876645275,8.400073261459024e-05
18071,-2.165445186588757,-6.256331616277969,3.9100865163239193,0.8304275775746917,298.769087573258,0.48783422426243295,8.401596129891071e-05
18072,-1.3900372731000665,-5.632557873645485,3.7402788843141446,0.46588018744524523,122.22792705996689,0.5092237268339579,8.40175680566787e-05
18073,-8.033209583336985,-12.397934647436363,2.6277882460723996,1.1104147634849653,467.26413616272396,0.4435596587060804,8.402788110071736e-05
18074,-0.6455106551504954,-7.027469231393438,4.242995576033736,1.0256297084652835,466.4525647173311,0.17177618824833907,8.402940687243939e-05
18075,-6.935369505412176,-12.268651831142346,4.592612655634197,1.6954748946141764,189.44658421458738,0.29521492394593185,8.40344472421306e-05
18076,-2.196955858238465,-11.241038555526618,4.788455848834791,1.8273116818002764,437.3511659847343,0.36525990150286614,8.404339358320202e-05
18077,-1.579799275652027,-6.514085214892999,4.006525082947897,2.264425585453384,430.3734270225416,1.3970106933710156,8.405291634845259e-05
18078,-1.3375780634145968,-5.47730386058065,0.7258671581095996,1.019958297132779,248.08716517463193,1.0898047907203514,8.406291431498133e-05
18079,-3.5204641664749268,-5.047199858292972,0.3058944183102677,1.2424639244494544,294.6811962272257,0.5660260425300327,8.40724335457586e-05
18080,-2.361498361681841,-7.421270984326096,0.3531353837728794,0.9766483614086944,270.97978824035994,0.48049879495117054,8.40773439035843e-05
18081,-9.876477502920771,-7.1092853512300636,1.6927514160836714,0.7944287309411244,178.08218980964372,0.03222829116014658,8.40842098424542e-05
18082,-2.023480639797927,-6.360841610036438,0.6300684723804815,0.943174595077987,190.52517166959805,0.5113774057280986,8.408541829465764e-05
18083,-8.212648834961104,-9.977695704030888,0.4692290820461104,3.8436920551934373,557.793285086574,0.9111351633841966,8.409447067927588e-05
18084,-2.8724440412419483,-5.588741126394223,0.33166614991018945,1.399384960131435,467.4386408172927,0.05913877104169707,8.410818312459042e-05
18085,-0.23098754078326422,-5.354178484243058,3.64209920201825,1.1329788103198746,272.8497448137584,0.3856262027213653,8.412407335950155e-05
18086,-0.708178521016178,-5.297074041280213,0.6846988671526395,1.6500919734409898,468.77327780843547,0.4215440200495273,8.412697917832582e-05
18087,-1.7497290714542562,-5.2714900643816,3.681035564722825,1.27949855790198,179.66007294663441,0.13518340138173546,8.412838961918269e-05
18088,-1.6957921407692513,-12.477508924943658,4.745305894310977,1.0538992008146189,221.86854599625337,0.6070660263595755,8.414068217192197e-05
18089,-0.8628984828029864,-6.242331579352345,3.90509049452697,1.01762035773944,468.13502888276133,0.6299912695969638,8.414239588903948e-05
18090,-1.3547516935324424,-8.392944122496324,4.825689871786383,28.396289780819757,655.9989002316244,0.05102943867309673,8.414358728240448e-05
18091,-1.5522489702061932,-6.07045948670908,3.8207807248476464,2.7285206341642505,476.4157080387244,1.6035890410835423,8.414450832022073e-05
18092,-1.4094090875184193,-5.62878322897229,0.6710896516213402,1.163174990170171,293.55813501264953,1.0680200085462106,8.41538676495535e-05
18093,-8.266964298159714,-8.735222571758325,4.798704876503645,1.4364124804541767,331.47654762344024,1.587064973551481,8.415408134157998e-05
18094,-2.426799275293801,-8.078355174814163,5.138500597645253,1.8660501417251123,459.813346360923,0.026308696646481167,8.415697119527661e-05
18095,-0.3554028658691024,-6.143182084893399,3.842939941855952,0.9747192517372404,259.11671952114403,0.24769082917146434,8.416350617596863e-05
18096,-3.7422028614973355,-12.527329182796183,4.857002956938975,2.5205191710726003,459.698622878319,2.299545198742053,8.41662469113733e-05
18097,-2.217640421708751,-8.366218344468844,4.818699187009973,0.7119484960796303,202.87376882104468,0.6617207162427823,8.416685549903695e-05
18098,-5.157160811306446,-11.553672429913968,5.006687815774616,1.109497030077008,273.0577142495329,1.1965369817843952,8.41693945446431e-05
18099,-3.6705170965326586,-5.460732800022159,5.065403265024642,1.7079051227342537,369.25301168686394,1.7666271810848686,8.420355328772536e-05
18100,-7.801214291681383,-11.969199732092292,3.448204157007001,1.1173150139318582,274.8017908787778,1.3559662795421668,8.421427251718323e-05
18101,-2.1018490675203267,-6.400544061979702,3.9313807239798813,1.523916628373688,361.4641597653732,0.5125674463318886,8.423950108905383e-05
18102,-2.242360538273937,-12.85868189742016,4.757421215339984,1.0312729102867988,179.05298453493788,0.06787703814880874,8.42403549683727e-05
18103,-1.4239411057558868,-7.837955441203054,4.655264931292983,1.8940789856722535,462.33593458602013,0.40426243183657995,8.424241353155685e-05
18104,-0.6661681021649564,-10.052130407025784,4.866219162615877,1.1188415537743142,226.8725114639523,0.0032512565680935523,8.425030043872312e-05
18105,-1.9049837385430344,-5.4031115641145115,0.7342664804247295,1.7749027884552742,421.4304141382731,0.12739147459851452,8.425383780996098e-05
18106,-0.7912638966279815,-9.772831941901385,4.8872826767892885,1.1990699079953822,303.4826762480761,0.6521214548668306,8.425507039339527e-05
18107,-3.6251205432592926,-5.325456516949035,0.24269153292244564,1.058360144179242,279.6884636462118,1.7785415245988698,8.426006099146108e-05
18108,-1.6603830297228956,-5.326250430268026,3.630696826564505,0.8130123172458188,467.39072812037307,0.0676404090218643,8.42699919479256e-05
18109,-3.749013618221352,-5.2957314922044825,0.24564208960735673,0.954233995747848,190.39292516599087,0.9651606443865708,8.428810731980988e-05
18110,-1.5592423822225072,-5.360720653822238,3.6921776675033224,1.3963383225440653,468.1204336262405,0.4104818854931107,8.428863208391334e-05
18111,-2.304119838637405,-9.690637187796904,5.063082901223545,1.0436051384551797,208.34468086215333,0.4819799756230827,8.429794778345112e-05
18112,-2.1590211300635955,-6.861402664470936,4.159944774180986,0.8868202772613863,469.632050306397,0.08677294864006146,8.4310231903005e-05
18113,-3.361736603153015,-5.052229272833182,0.3489670428959778,1.255819340637935,305.13452668349726,0.3403077766025291,8.432183162704374e-05
18114,-0.2303858061999371,-5.3947506337369795,0.7192354339938956,1.1243529694321515,211.90360708430313,0.035910227831625896,8.432583780384827e-05
18115,-0.08804106515971633,-5.5923167645722724,0.6843632424514698,1.8344045801159226,468.31579186768676,0.5042492341798335,8.43469027771953e-05
18116,-4.726253553028553,-5.068555958740181,0.053189255714284824,1.6195570891262916,470.0717331241862,0.13048745298153186,8.43604810545266e-05
18117,-7.836397835865354,-12.638244601541395,3.2747982596884033,0.7437624507193944,195.22878462511645,0.8320292133212766,8.436196741851384e-05
18118,-1.500080701245917,-6.512621713537909,0.552565796730158,1.2169524173492439,269.56414758787133,0.07802609299178087,8.43641882474907e-05
18119,-0.7150835031722149,-8.72265300780522,4.8846497387150825,1.696044454663176,401.42722496233387,0.8134133702294895,8.436462337463869e-05
18120,-2.766077848912029,-5.3451980300981985,3.7616108426442167,1.2100300682455227,469.6027052493312,0.010442897872247059,8.436473987742653e-05
18121,-1.8819457061562854,-6.0978472291326185,3.825030955295691,1.102654319174713,285.03933136688363,1.6523080115667037,8.436929693609091e-05
18122,-0.36472291796293455,-9.43957398613676,4.905217104924179,1.2653704739365152,284.8330816660116,0.14664544602481033,8.437470465876828e-05
18123,-0.40486126541038736,-9.284604157087466,4.909650731393006,1.3769670154660245,312.0154910091398,0.34688951917650446,8.437616642012054e-05
18124,-1.8164544587740856,-6.490204405893493,3.957605656646058,0.8095037801660225,169.40717181680114,0.04909487402956181,8.439386730622647e-05
18125,-0.17169143987411672,-7.717871369226652,4.561476372551342,1.8972045112191527,468.0592120201245,0.5845293544581702,8.442589932349766e-05
18126,-0.4303320850774952,-8.227402076229065,0.1169818089636934,1.004323071184208,275.06159905193834,0.6602082191544261,8.443067516856707e-05
18127,-1.2543913108942668,-10.736301375599066,4.81297264218924,1.0560594275249182,176.84880730389602,0.15433699040232973,8.44427210930047e-05
18128,-0.4765142045730002,-5.8874921072386215,3.7636487708873876,1.6913162320946928,468.37422912985636,0.34218601209906563,8.444363484830044e-05
18129,-1.2811356914457939,-6.964474899930168,0.474767264749418,0.9288188301196106,253.48391926774806,0.9492670005045376,8.445807642757946e-05
18130,-0.9188585259957573,-9.58631607562995,4.897101549724347,5.9837440060183695,666.0054119211461,0.3355676243927057,8.447133979930517e-05
18131,-3.6574196456891332,-11.190897191903659,5.061024297663068,1.220509870974624,247.5576575525969,0.02215357773921678,8.450025408914008e-05
18132,-0.46844151402345346,-11.319200398001655,4.779192110803319,0.8798489411276895,468.4777581443901,0.8890620528723296,8.45211601772187e-05
18133,-0.3559577829581997,-6.883262534126574,0.5134342859618476,1.988772827492836,401.66507922998335,1.6165058892301127,8.452650720830947e-05
18134,-1.7147382600843475,-11.907473342732091,4.7639947929697914,1.8981616880676002,469.8801086564549,0.2213458488052913,8.452748718435686e-05
18135,-1.7825203452101661,-8.92948760031296,4.900867242637165,0.8499405635825952,432.54243503018563,0.31638440519593036,8.452943659820125e-05
18136,-1.312425815309295,-10.827517612079621,4.805966146872533,1.1514264013729902,237.59208739124242,0.5278433874691677,8.454044188761358e-05
18137,-9.315007979273165,-8.240731999922241,1.7607919630070203,0.8653344301423251,469.5312482364493,0.03236550983254549,8.455530983564136e-05
18138,-0.8924649121912829,-8.092699467690636,0.17718609748933442,1.8657420648333467,449.4111146134438,0.0182331334710355,8.456729285555646e-05
18139,-2.4528845693856454,-6.856217863921693,4.146363420666949,1.0628101759700228,240.82381253219344,0.1939779598252338,8.458359494785144e-05
18140,-5.848721224747547,-11.908429714667577,4.9548150469585766,0.7334804348082107,468.6198657773792,0.29900131039556754,8.458578438403098e-05
18141,-0.4687225599686897,-6.493999166727123,0.5390700492498035,1.9983007034679832,374.3152015658025,0.4743034613135251,8.461165604478967e-05
18142,-2.4526345214778464,-5.120377872259618,0.70757774290236,1.77605084094777,467.5927859318003,0.9297591311008064,8.464866529610706e-05
18143,-7.620700587734078,-8.696977574460782,0.1137453417239395,1.4084061087935849,328.5886120738603,1.1865311387004374,8.465946928768067e-05
18144,-1.3168772131526438,-11.385641616946938,4.774593763104324,1.753676196865366,470.36309910296495,0.1543256531734185,8.466029277459116e-05
18145,-1.8390099209553572,-7.400238597648824,0.373520431208508,2.9649133822107276,222.4751614114803,0.2744000194300362,8.466182644159977e-05
18146,-0.5001035443524717,-10.175181016634369,4.852073104649786,1.0129789627217145,235.27926876464994,0.2965502367555155,8.466263644204557e-05
18147,-4.402868437139147,-12.344878931851472,4.88061147368426,0.8562347962063311,171.88867102455407,0.22840107756274364,8.466399786125375e-05
18148,-9.76543331110965,-7.844924627860218,3.096945241133352,1.6967619495556552,399.3185615891129,0.3574441290903616,8.467411948877706e-05
18149,-5.512394968372615,-11.678386365130848,4.9923087241156185,0.9923458984669385,243.50570390901817,0.1365427428814039,8.467723416568022e-05
18150,-0.07808393099192834,-5.860255196343715,0.7126261530757253,1.3229581386207507,317.9955146597562,0.4804780679583347,8.4691082028029e-05
18151,-1.2710153254884045,-5.4467194922002395,0.7412493632841044,1.9518005017784619,289.32157857861245,0.03101575481950558,8.4691586579701e-05
18152,-1.0015236297596353,-7.42117617710994,0.3848537017069888,1.4464414798147178,341.2759731912848,0.26308472468419186,8.471306565566976e-05
18153,-1.505623972104111,-8.241856521307739,4.7765948236893525,1.11889579657659,289.03391425055304,0.3816302024686733,8.473487004710303e-05
18154,-1.006994385959704,-6.10745437842959,3.8212450712569455,1.8280435927269967,385.428911649691,2.107050017601857,8.474072931233817e-05
18155,-1.1643661916153007,-12.108748564044157,4.74304691894159,1.6429846881755625,468.3053394431116,0.6403132135805327,8.475430836772318e-05
18156,-1.3964060112162624,-5.486868541159987,0.720686512154646,1.859048192560064,468.1061600371569,0.734292649180655,8.475791194413262e-05
18157,-1.1816895003800596,-7.1304634765188375,4.265086301778384,0.5142531763425093,130.50805145090476,0.6593778870071967,8.476410496067953e-05
18158,-2.9187943026781227,-6.1384820605112544,0.21508466751487573,1.677932506094093,392.05806059537923,0.174353218148128,8.476444152116553e-05
18159,-4.565065777341846,-5.06196910509086,0.09771751222817769,1.266752757729565,292.971095828759,0.40057146796223897,8.477444813410891e-05
18160,-0.6021986949350726,-5.638326872978149,3.705225673152378,1.6814622173108298,469.3689436745961,0.18203076519674788,8.478200160916942e-05
18161,-2.977837498944405,-5.724803032329734,4.770837999312004,1.619849521494597,378.0443163026308,0.40085118468202463,8.479351825310613e-05
18162,-2.1758947161591564,-8.132547544127666,0.18249235039642694,0.4569210531846503,128.85778862229412,0.13155584053778036,8.47995629511001e-05
18163,-0.9689709417019525,-5.747996394449979,0.6710357077264301,1.4040160431357152,335.9928991994518,0.3434533620966862,8.480308408481423e-05
18164,-1.754950512201436,-12.237016673250597,4.760257943243297,1.2709522506116615,468.2456072924115,0.27682328612262275,8.480451358939138e-05
18165,-3.6069985858758935,-12.016885023843782,4.9034301197337875,1.5629008773122786,351.18155790439545,1.0069320121584822,8.480717073656558e-05
18166,-2.71968794224179,-6.615475249229816,0.09628234275408665,0.9795464188008265,266.2477918030139,1.3862742098193612,8.481669622056136e-05
18167,-1.8934690954843543,-5.6061451553306005,0.7221592842470553,1.6829679179565624,468.6333677844812,0.22462751576838347,8.481685597088157e-05
18168,-2.117010483003112,-6.465489793311011,3.9407642589785348,3.6921731095319803,548.9812617945468,1.067869841846787,8.481765797691353e-05
18169,-0.42206025861866436,-7.3458592987490015,4.364800286364663,1.1727396765271063,300.0162378463016,0.8717919769859055,8.48215900670575e-05
18170,-7.981959591902994,-12.564820799620861,2.821920405537398,1.2131337364098151,289.2968400901362,0.3801645569174843,8.482328756406766e-05
18171,-2.5147770932564253,-5.329487936361264,3.6769848998479473,1.0023094430435062,467.4490566949212,0.04142406548661093,8.48377405624277e-05
18172,-1.5738705627707983,-9.45614026044391,4.899414554963728,0.9560960009166197,257.10816066001723,0.9240079082625039,8.4859157998097e-05
18173,-2.22788566121263,-5.433657666331353,0.7210339337176895,1.8119774318524495,440.2931556275935,0.16314471215500248,8.485953347984952e-05
18174,-1.4981468382620218,-5.27984041434254,3.662643529632873,1.0124343266839608,199.5629454301535,0.24716926210950962,8.487040192267234e-05
18175,-0.257391637087089,-5.895879998855592,3.7314059623013875,5.518880339585174,464.07523772185914,0.01529415440015125,8.487425082790498e-05
18176,-3.8503404475797156,-5.230012277998614,0.2904858032663526,1.420247649142238,322.87359946172245,0.21093331982542907,8.488972180010719e-05
18177,-1.505912855020437,-5.823392605619036,0.7008622867007878,0.9223995392797769,468.10835525961835,0.21772294990711316,8.489006478051644e-05
18178,-1.8329633062282866,-5.283941627175943,3.668026998150652,0.8175825648879623,469.4435453620176,0.24268939712715998,8.489583516624217e-05
18179,-0.9471734642483369,-8.118055886480736,0.15516664382834494,3.963252513008997,338.1895664152502,0.13615178073676049,8.489646880697456e-05
18180,-0.016362363966356597,-6.007650285404272,3.788153992906563,0.8894446117860548,468.376838670524,0.5276079217267453,8.491250890722229e-05
18181,-7.713774473768712,-9.93865757904963,4.441576603970135,0.6368882443408289,129.95314057241504,0.406983034993992,8.491667863182311e-05
18182,-0.2994832600766486,-7.072295575117509,0.43434905631957477,0.8916291032337679,467.47329553557626,0.9282341026592968,8.492310652506764e-05
18183,-1.658411324039566,-6.122731944500563,3.8223641628657683,0.7536419071580835,208.7358964023462,0.45212648194171035,8.494228174360853e-05
18184,-2.5390522621588287,-8.561848541735959,0.020002502115801814,1.3113698053165581,268.7783759386713,0.06558505323536412,8.494675264458231e-05
18185,-9.402193396404357,-5.42787870871084,0.7996285871816584,0.8436646520713454,237.9491053524884,0.2832521201783722,8.494940803842827e-05
18186,-0.6683865809309015,-12.393750120723857,4.741125736912641,0.976968905176883,271.22996814232056,1.861147524283246,8.495465547120052e-05
18187,-0.28954741891389624,-12.4520332073294,4.740011169005758,1.8264546967868807,436.1360921236943,0.3721533595249342,8.495616928294681e-05
18188,-1.5924470755332827,-10.211375196824164,4.845945276746417,1.119755321025692,282.2273233472296,1.1106363935991004,8.496631179249411e-05
18189,-0.25546689836741265,-10.812045019997045,4.8021444329041865,1.2748842429645897,267.5450378908633,0.5523035043558862,8.497452592509968e-05
18190,-0.673580185224127,-8.822342700700226,4.888951981218292,0.95876192761652,466.53072913521055,0.23364876772014576,8.497539556770541e-05
18191,-0.5459912118297598,-5.881492644857113,3.7518793324626545,1.8897529079467528,469.16408913426903,0.6330576299310549,8.499197743951978e-05
18192,-8.174434842322995,-11.148873461739134,1.6424301010818128,1.308132446796324,315.80930940775875,0.555471353475439,8.499307502834796e-05
18193,-1.2338400614624057,-7.208694560586046,4.301024784601437,1.6949894927354818,468.0577209936189,0.4585314781235601,8.501755605827816e-05
18194,-2.3212615472628206,-7.611733067076603,4.580752202010258,0.4585253460521113,141.24477768297032,0.1808453440494926,8.50230207544093e-05
18195,-9.527859479594593,-5.416776917169798,1.1499654317929835,1.0146041700163675,257.35125776387156,0.8588529593491261,8.502865421226974e-05
18196,-2.8449860368490976,-5.049447500484557,3.8326660149405987,0.8236446261177861,137.0778690507374,0.2711328728932356,8.503316647725082e-05
18197,-1.3541380175514757,-7.106342267495162,0.45617074663502327,0.8808097675665222,192.67446790255676,0.16535381939250993,8.503453578995292e-05
18198,-2.4618173453186927,-6.274066471556913,0.5359229611226421,0.9755084980314339,467.1591035665867,0.19247320871002138,8.503553110572535e-05
18199,-1.8000475820752087,-6.971567841031944,0.5080678138087592,1.6054163997969013,376.11517521514816,0.4732947558419891,8.504427896963626e-05
18200,-7.383028180126335,-10.239492433553275,4.716130626934281,1.3416592892900252,298.8293194182207,0.5184485463865345,8.504712481672092e-05
18201,-8.315117269105558,-10.176913996456586,2.5821242918050267,0.8913891994910521,216.25944949121774,0.7977625734038654,8.504785611381252e-05
18202,-2.26488037878028,-6.833106238350015,4.134986801130764,1.0594981122758964,279.3396995215945,1.7417537587753023,8.504837751145e-05
18203,-4.818347830496432,-11.705211253323059,4.96824807352589,1.974829414085245,398.40551650822107,1.3726180938951194,8.505429035208287e-05
18204,-0.3132091730282056,-7.858389758988131,0.24651211834829562,1.1320077155257724,303.2321898004189,0.793385569392119,8.506205359314585e-05
18205,-1.7390541433287101,-12.267275016566368,4.734294765082018,1.9109650447980486,379.95419186856856,0.5448901373414206,8.506518667854843e-05
18206,-0.12039510411265653,-6.49841373252823,3.9491649253193652,1.087393584740047,290.4135071927447,0.7247304706462927,8.507312321158723e-05
18207,-0.03283960779480921,-9.376779087010766,4.900057553409756,0.6804127097700682,167.1743991117188,0.9376219928580323,8.507398822412454e-05
18208,-1.5433295910338938,-10.501508437480641,4.8223396297231,0.5223636604919002,116.23363393336275,0.8236711889563724,8.508927768413209e-05
18209,-8.891878106880533,-8.689458812431184,3.351950791080501,0.5530940880028805,118.62859101106326,1.0246449157801987,8.50896296819481e-05
18210,-9.742289738611406,-7.695096545520034,3.6650022036951744,0.7731348813439913,189.46878086086753,0.80758552095618,8.5104347213248e-05
18211,-0.48052713234281974,-5.693467475094064,0.7284344039604497,1.4567895337242405,347.99214917548784,0.5108478032330153,8.511004924974768e-05
18212,-2.2521650390290073,-11.100470916861825,4.7837764923013735,1.0092027296669115,264.0799372009305,0.9698169100270873,8.511366486096351e-05
18213,-0.8630615521177951,-6.484634686971308,0.6280204694211002,0.8578352919220279,441.3758708495204,0.2903539555565322,8.511521746625225e-05
18214,-1.5762455905448967,-12.093832937194852,4.759734317843088,1.76630028839991,467.8481268235132,0.6811341064553815,8.511642264090706e-05
18215,-2.477989950771925,-6.308245068480126,3.879033745226227,0.8609761351342472,171.2872659807811,0.07529283645345153,8.512016276956467e-05
18216,-0.5851259283095018,-12.110011635680266,4.737219306309018,1.150995105808309,227.00826794021273,0.017054146644658097,8.512772122952378e-05
18217,-0.3990940032188455,-5.316780678482887,3.6627456485666205,2.5038638131073974,454.9594660557569,1.4151582516897552,8.516928503780085e-05
18218,-6.422606257063087,-11.629194711453819,4.921745502970441,0.9336223822291958,226.9942935837067,0.28969627268239684,8.51705851578727e-05
18219,-9.847670250731248,-7.797190204898925,2.8241507277763587,1.2679005453243617,469.3817820322333,0.21944504657244757,8.517289610132876e-05
18220,-0.28079697424364447,-9.736430864163156,4.87990824616016,0.9903583804896983,469.8098808647579,0.13525427026356862,8.517639135621051e-05
18221,-1.2297435608924019,-6.438483817852208,0.5896740808842973,0.9086833121621387,223.26396279571102,0.9067406551871597,8.518647168769211e-05
18222,-0.7067439847156791,-12.530243805551478,4.731878638567124,1.1967474634186457,261.91238421823056,0.7652157967159363,8.518873908603476e-05
18223,-2.1447043257992293,-10.907905607768063,4.793645083318414,0.8773907549346492,228.7928150708256,0.2264999105427581,8.520665925980732e-05
18224,-1.0930989113017588,-7.341825379725178,4.362541170483111,1.311277723699377,316.93168138113253,1.1934532755232485,8.521479025108679e-05
18225,-1.9741499526877817,-6.610764016487599,0.5327599619380613,1.7648429844519424,419.945475134535,0.3933263934069702,8.521640358830671e-05
18226,-0.9646366542753189,-5.199624354168372,3.6150232740958055,1.8555209100242738,468.11327992833515,0.9372050719169591,8.523030173518337e-05
18227,-1.1346856789009614,-8.250584327557952,4.773416132670699,0.7967539903921473,213.3502986262244,0.8420202378834292,8.523695696822299e-05
18228,-2.5162150664308927,-5.150774069527107,3.6159609293442263,1.1757794231554404,298.8064936031535,0.8044818519001629,8.5244667983795e-05
18229,-1.964681506320808,-7.971617517116046,4.6928973470566,0.6797364891038286,145.30594624774145,0.3212013785245533,8.52463317990927e-05
18230,-0.8462816192948885,-8.999662452401378,4.896956477065183,3.9825416871199106,557.6518069024222,0.4670533572811246,8.525072567425716e-05
18231,-5.929811015515379,-12.359264308287976,4.898359757320705,1.290165462877943,279.165410750273,0.8583518716821983,8.52510977484433e-05
18232,-1.757329858733419,-5.159312285494096,3.6166165521019558,0.6655554335875715,187.6419432861242,0.7789884802718134,8.525296771881889e-05
18233,-1.9526414935388061,-7.039482145649437,0.4372067921885223,1.0744578609661302,467.71955923916147,0.4678999997813804,8.525367146664626e-05
18234,-0.37310486472539317,-10.75357514361696,4.802769017109911,1.8997415759710814,460.5711878531412,0.5185938419175846,8.526334083320128e-05
18235,-1.6254868909993867,-9.82899839929252,4.872376598994666,1.8331717574978403,439.1170013384159,0.6147462201264613,8.526419790559049e-05
18236,-8.048422686425722,-12.400993924918508,2.5187353789670577,1.3001666198104724,305.2808171137668,1.1078625226467134,8.526898753240158e-05
18237,-2.3102705473783205,-6.445641273644398,0.563525811520654,1.0062182319880686,468.64962463296706,0.2894141744435679,8.527563000223281e-05
18238,-4.8394229981914405,-11.527496252475974,4.998298868175391,3.3366839314634715,442.86423615102404,0.1243841503131966,8.527658412791764e-05
18239,-2.2109274285794003,-12.109530335710094,4.760296156075284,0.569659967569085,118.0208885549952,0.35132354844695346,8.527679299202987e-05
18240,-1.501375919298738,-6.079796692883031,3.8028556795822537,1.0719408703313789,225.001604326569,0.18908684593968506,8.528203275709738e-05
18241,-1.3465296821122923,-6.501324098096473,0.5883204463475658,4.4037756135262915,591.9614099426873,0.8045099507112274,8.5282046960475e-05
18242,-1.6387903763909115,-5.5209278657553496,3.6956854197351623,2.06208960456048,407.29282961258895,1.2868973296574309,8.528262355965256e-05
18243,-1.6311872273152659,-12.065982998469606,4.758258802795389,1.482975592704866,350.2473873419085,0.2882092243512604,8.529538796842532e-05
18244,-0.8770396655745252,-5.688089682457857,0.6772223345657561,1.204989360430072,246.62655551257507,0.026312883136054843,8.530587633255822e-05
18245,-0.9528406637654445,-7.754251774783899,4.564669293674657,0.9432754661072833,456.09981331618513,0.10335428853551054,8.531234111772963e-05
18246,-0.5506985807866567,-10.973798658018282,4.788378989133653,1.1082232605331885,286.8666911193366,1.5077720991925014,8.532022220767235e-05
18247,-1.3161978195799957,-7.409468531458831,0.3704422180206065,1.4951477354510307,354.41968940491313,0.2880741994205467,8.532271475645152e-05
18248,-0.2761099541224219,-6.686865446153704,0.5320721328648184,1.168109032931571,300.51135636985106,1.4935875420716096,8.533345252938264e-05
18249,-2.0117530111747666,-6.4692987043208525,0.5763483634672734,0.7786481704217573,468.5532451162894,0.17659639551891093,8.533460859299006e-05
18250,-1.8242302964281016,-5.697309693791697,3.706697471266806,1.5405724523293651,348.4674887491237,0.49100026866729696,8.533817072038543e-05
18251,-7.2193764427897005,-12.998923629737988,4.278832063309066,0.9426732079276284,187.99225721968926,0.5349122418157028,8.534688625155319e-05
18252,-1.4231642143728838,-12.817888839821714,4.75111763449403,0.94421958657603,235.21892612614076,1.1675554907890424,8.535235168821431e-05
18253,-0.4912494425309948,-8.214447113795554,0.13498434299303647,1.8165357524253725,379.61629333902727,1.3393778867696744,8.53592298626449e-05
18254,-0.4809617786764129,-9.450610950423574,4.894017712980095,1.839233870278922,440.6684645624481,0.33384044152667247,8.540135537400307e-05
18255,-7.091688588308903,-11.653335736829716,4.539327385341405,1.8334533359052614,467.5764277902158,0.6209213305866763,8.541359025581817e-05
18256,-1.4562921403758065,-9.87524626672853,4.867360981645561,0.9173911245924411,276.2419051331433,0.20581733873399077,8.541432260069677e-05
18257,-0.08701695070130988,-8.137691398357418,0.15968333625838976,1.684184983451363,397.67994089356483,0.4718796232956981,8.541967926788816e-05
18258,-2.0576613322280437,-6.8278736621331415,4.126568416460402,0.6088567809728691,188.89462216250143,0.3207999784134916,8.542301955249669e-05
18259,-2.351665008069946,-7.790900833140229,0.28491860980059275,1.6702217607070764,390.6461825857802,0.6247743454469479,8.542689449690618e-05
18260,-2.198140916533344,-10.790816383785353,4.798570321242706,1.236288277658692,236.11473341906353,0.017532026573158,8.543236215442673e-05
18261,-0.22627727965172717,-7.082975601399312,0.4490325758669484,1.827057861125983,376.56867565172126,0.9840883328219396,8.543327010937484e-05
18262,-1.1779677934815762,-5.830871542676764,3.742324804578595,3.6342714303073484,543.6178993433831,0.9518401086578647,8.544395765426742e-05
18263,-4.2616825309690975,-11.748026024363178,4.948209878512448,1.3950768752447822,308.9627214269158,0.9381500080538894,8.544657223991364e-05
18264,-1.8376734734823899,-7.625093381308514,4.528285011819885,1.1842469396599375,157.66763957179455,0.1799998326383374,8.546278391386065e-05
18265,-4.9258923050146475,-12.683493155479601,4.863259634603056,1.2835049828388707,286.58719615700295,0.6130752001956381,8.548217491044638e-05
18266,-0.3422151873797912,-12.77557746304721,4.755269655163825,2.185424848286445,420.23555164675327,1.2391752741472457,8.55000540664959e-05
18267,-1.5689016158848705,-10.0486441480844,4.853065566976391,0.8334966399255797,240.63997513194622,0.5945769224120072,8.550029346946225e-05
18268,-1.4197485901224454,-7.432612821483696,0.3616850498554853,1.5762486805011466,361.0753467795639,0.873529258307217,8.550094179850129e-05
18269,-1.502766577892146,-9.36893856171809,4.895746627682122,0.8793222962476729,468.218281034558,0.656930357638454,8.550633976944173e-05
18270,-1.4317049384744251,-5.629931040709535,0.7455645487495223,1.0358424629149525,203.93721653317786,0.008097325616950535,8.550931030573479e-05
18271,-0.7980792703200059,-9.73901258730995,4.875991949447594,0.8578914690632025,455.1094304936616,0.6137030601999269,8.552520915978009e-05
18272,-3.018440319431929,-5.614560351762783,0.34800003483271824,2.1543407924006064,422.76121009008824,2.057951036565192,8.553196967806681e-05
18273,-1.3103940024938705,-6.9967026185594765,0.48386897370938137,1.8772943786165481,467.5407655378002,0.1765814147591156,8.553239741438823e-05
18274,-2.761925824154164,-5.387894161656278,3.7653002546074488,1.0876688405360349,467.1426862648243,0.13093904158794345,8.55572020184323e-05
18275,-0.17583184211510883,-8.48445153244367,0.08575136694277943,0.9196306031760997,468.28741079283975,0.6570495152686826,8.558404909167047e-05
18276,-0.6087882445382533,-7.501454307251246,4.464648033316406,1.7975090286517295,426.11242638700594,0.4066819780081774,8.55868137152306e-05
18277,-2.561899478282453,-8.150903944468695,0.16929680208516748,1.2597988525033028,468.01083266032265,0.5858185511566898,8.559096826365194e-05
18278,-3.3453893801747503,-5.390468854994378,4.907448851674451,1.1283114850770495,138.62152067527353,0.2861926461121138,8.561701793607982e-05
18279,-2.1199446688730648,-9.828780477574078,4.8685765405785,1.4693477125458696,335.6867394255316,0.8971540861197118,8.562803408177964e-05
18280,-5.256631081473999,-11.678641586177397,4.97980754706433,1.0019242372663366,468.2248695660625,0.3528582434260903,8.562861971962357e-05
18281,-0.8861182355286346,-6.58569566937295,3.974789758196256,1.655440612105154,431.6242689153094,0.09611812988159496,8.563026485908196e-05
18282,-0.8999261946295878,-7.235017316086345,4.330740039994837,0.9006893758045267,181.82530268867174,0.9972359179117865,8.564251011896874e-05
18283,-5.0027234784069785,-11.068346845215714,5.115602100963053,1.0283323944390694,245.35415586443173,0.4934389965632855,8.564432533496757e-05
18284,-2.00147874959114,-5.4005893401232195,3.6677741935945893,1.328532415479098,325.97293008284976,0.3193014443136102,8.564534504293883e-05
18285,-3.5937467768674285,-12.154436574014554,4.883889020009088,1.1154404317898226,466.907188471346,0.591769946875556,8.565338700861541e-05
18286,-2.2201867717344737,-5.453786741118485,3.6818027738420604,0.9545754033814438,239.75303487318993,0.3502764466723489,8.565453957837955e-05
18287,-0.6698256248509047,-7.81582227936881,0.2621591758382729,0.9821916787346476,262.78962215998337,1.1569130182508491,8.566143278089347e-05
18288,-3.9437609210211164,-11.55568026391889,4.976128427742338,1.7067725888342045,401.7550236668419,0.6070165143824431,8.5677039105476e-05
18289,-8.158350376488611,-10.332021526337948,0.49338175405794593,1.1655325648785875,273.1017302728813,0.3601382804017277,8.570001985015509e-05
18290,-1.5983137299499877,-5.360970209513769,3.6190423652297383,1.216830241343162,268.78297132848746,0.6748447931961659,8.57147468549241e-05
18291,-0.6835622329246789,-6.510955397107626,3.9812410111056002,5.504727346553772,648.7858796523352,0.6628091959714366,8.573136685393926e-05
18292,-1.1866860684767673,-7.214042564717967,4.292909502916127,1.0686051827409764,468.1272326431648,0.7459371323615498,8.575441591276707e-05
18293,-0.9843878256223988,-7.514179574556708,4.468495723904276,1.185045054426046,262.2228504992056,0.35714335519144047,8.577744040607523e-05
18294,-1.3735759344388772,-6.169501497131309,3.8221000062125015,1.114600342373816,284.07495318666815,0.7125778883834473,8.578809898698755e-05
18295,-9.234357798037017,-8.32694729150882,3.2098572001558723,1.7701802265116702,468.7232294445082,0.39691149795669833,8.581166395192917e-05
18296,-2.6398160554604724,-6.251917155212528,0.33823360684989784,1.6940276012782807,367.9667464807572,1.5706583846760696,8.581377647733801e-05
18297,-2.0755330142015795,-10.8985721372216,4.787371797700912,4.155967660826055,573.0499618267961,0.612717978602574,8.582240843592076e-05
18298,-1.2373510485385903,-12.558385068983817,4.732047673170265,0.7743477333303798,222.8543196294823,0.5878968263478432,8.583052059573314e-05
18299,-2.4678838505672305,-6.99225169219769,4.290978291016249,0.8614499631665017,467.60397411240996,0.5827329968355057,8.584895307091544e-05
18300,-9.499065203328893,-6.580055324665753,1.1881903013729889,1.2730267857956328,279.16557475055805,0.949054323474738,8.586378234796614e-05
18301,-8.589244596826438,-9.250801577620999,3.080769412164499,1.031986305221009,468.10229231833955,0.314679979348095,8.586487717413345e-05
18302,-4.662608793929969,-12.153250101264085,4.899090235146439,5.253245128395407,541.6506033871007,0.12062416783518426,8.589607068900118e-05
18303,-8.105348517898252,-11.784428222215789,2.3268069727362466,1.7893095858185335,468.30635115408273,0.46245014541381213,8.592496142053888e-05
18304,-1.2724094229010525,-7.4264633612640445,0.41246436588002505,1.2496904535482884,272.88005670938685,0.6944876351580627,8.594408668194618e-05
18305,-1.7116127434498178,-7.208278501216736,4.312301551592452,0.8813519077477397,252.766377486117,0.8477385681027787,8.594520385260388e-05
18306,-0.8759447192602394,-10.760449880489281,4.794679817063407,1.8817481056556964,452.52149303036975,0.4764307086007591,8.595866316496594e-05
18307,-1.8092364670074765,-6.1286272751718505,0.6431784561385637,0.8328260212022305,202.61169142498653,0.29843914590263054,8.596277358340387e-05
18308,-0.6970144553366282,-11.941574158964997,4.740265230649681,1.1081470439069585,468.2511725651168,0.2430870649904291,8.596337254839657e-05
18309,-0.5300586380967705,-5.7617973402254945,0.6720178799622284,1.1258018260627176,290.10964313452916,0.7085916812049762,8.596653973468438e-05
18310,-8.111505053058188,-11.708339297647257,2.314798547679531,9.110097471032153,701.7659084170386,0.17556309297138828,8.596971751371247e-05
18311,-6.136868257144698,-11.165237988945742,5.077753078371943,2.251219734689996,425.9822815269556,1.1266026215867013,8.597825413492982e-05
18312,-0.23289344825600544,-7.463701828082433,0.4169000501423506,0.8472693544209554,351.1226348365792,0.30493024874344776,8.599535239366455e-05
18313,-0.1190176518381385,-6.358558052159508,0.6258135606745322,0.8171188415839327,208.49150760789075,1.3295835385300316,8.600193252338481e-05
18314,-1.3756324507111692,-12.485227833334344,4.74865285338859,1.02887335970708,207.82795849821673,0.4735043678109898,8.60045447509989e-05
18315,-0.650595310103979,-10.746928316410338,4.795035817668509,1.3895307335910023,324.31100127718787,0.5178311249890601,8.600828374670726e-05
18316,-1.310669831766905,-6.268383262181013,3.851638027622111,1.9059660947336592,468.1870590968987,0.59914369645512,8.601283230281195e-05
18317,-0.7648315701821389,-8.231301189509225,0.12158005913990746,0.9410824663672384,230.655102276457,0.42466747871418153,8.601676665072261e-05
18318,-0.3829631794068611,-8.200442690745025,0.16195133629494077,1.2253921081686288,297.88787575531643,1.3574059476537137,8.601771398436255e-05
18319,-0.8287692541428484,-12.596546800859315,4.723729857091164,0.9279388518222521,186.7075506349443,1.0660872751035457,8.60397044527412e-05
18320,-3.614175140562388,-12.387298678463672,4.859728606629256,0.9800675701002036,193.3239466129182,0.5148768706714071,8.604247745301736e-05
18321,-0.0747285163852105,-9.332981634023607,4.8912100265697385,0.88124734998746,188.19128297869094,0.839357980253987,8.605375388013227e-05
18322,-2.512562225367871,-8.625011282608456,0.007812944541618743,0.9882382397237063,202.89065559852153,0.9021545739142498,8.605671908067458e-05
18323,-1.7039208136468318,-12.616755580472962,4.7231542732862755,0.8952365927339073,466.61278532999836,0.08680168503747954,8.606096204351655e-05
18324,-9.704744583029587,-6.214373924583635,1.473091894849076,1.6618198185033186,388.87148390267294,0.05383321668776375,8.60615750993213e-05
18325,-2.4723889444313096,-7.195278850846132,4.613944441314609,1.3672550155811596,468.151165881964,0.47909634048993066,8.611528402791855e-05
18326,-8.9165869787108,-8.253300604616044,4.255666208082555,0.9630193681752646,192.373211775439,0.7845283588535681,8.612660168837687e-05
18327,-1.491854843776487,-7.43729597567384,4.424333086716283,1.0782110329736248,203.60072506429162,0.07741666052517182,8.612677116582635e-05
18328,-1.4055985428392663,-12.1717738956041,4.753190154291143,0.7724451653274145,468.91381554361055,0.21262379660992625,8.613473632330121e-05
18329,-2.324039177332674,-6.038791056841138,3.892238745041218,0.7614491630311494,136.59131612133234,0.20701027746200307,8.614021471763028e-05
18330,-2.684420407995453,-5.403336134447509,0.4725731644795066,2.9732453800164715,433.3976723506237,0.14048140428417621,8.615050449062218e-05
18331,-6.625441847443154,-11.44488676196759,4.882557162199482,1.1061018795146826,290.2509377060491,0.5009330664107159,8.615232731417172e-05
18332,-0.22040089492479353,-12.289921532114027,4.75601724308409,1.1490283799528136,189.33722388888452,0.14304212129968263,8.615426533223051e-05
18333,-2.2115765805067706,-5.90423070131228,0.7426763129990671,1.7753919689184405,422.29757898852085,0.6047748274547633,8.616927702907672e-05
18334,-3.330939983629529,-5.064142708769255,4.564773911956198,22.738688451192047,707.987618248874,0.04839494340814454,8.619057439969616e-05
18335,-0.5945950993309079,-5.575243868105089,3.694321045821623,1.6211632765960808,435.65685092281757,0.304055228676404,8.619321915493136e-05
18336,-7.893319609781026,-10.113952830570186,3.971602287539966,1.433666417565637,207.79377484959068,0.47914851431785266,8.619540124385556e-05
18337,-3.8065536639148023,-12.444718785498925,4.8563248883904695,1.857358379945099,448.8254308119468,0.6200090256734443,8.620039157809651e-05
18338,-1.5891287713797073,-6.563641718594775,0.6156255250434095,0.8314230728794978,202.00298095630856,1.1197210395433812,8.620774293561412e-05
18339,-2.0735498669641386,-12.706608034076908,4.720032087917622,1.3558765254349487,325.11598682428644,0.4222907080343701,8.62095824244434e-05
18340,-0.8376426658783327,-8.00484182124917,0.20076944566282706,0.9823780509927879,256.8980037569021,1.5938653322404877,8.621433992721345e-05
18341,-0.1597742777139004,-5.026310573322098,3.6064983813170977,0.9441730510217685,467.7408294039222,0.8071058260933457,8.622586542561403e-05
18342,-1.2040221366922363,-6.740569578418281,4.073410745085468,1.4736144280190393,350.94169249519956,0.43762105788236294,8.623728682536921e-05
18343,-0.10664361346986517,-12.035108381171176,4.756726082277607,1.2364359681258028,291.13650629770444,0.3766969189683218,8.624227983332018e-05
18344,-3.23987738735775,-5.535145797239443,4.976707834478483,1.0948338985011465,277.35115076780625,0.9479612438164677,8.624442461830154e-05
18345,-1.6224559542329757,-7.460252381539623,0.41202374266142555,0.86952197517175,194.94791645148723,0.9824821671039876,8.626759776905602e-05
18346,-1.0300911618566637,-12.282246849679511,4.726895509509197,3.020900693052375,442.90673528309713,0.17484727969282954,8.62857648322132e-05
18347,-0.24844154222050463,-6.713388968777215,0.5452512495336986,1.146017830378041,230.4719048570386,0.33127981439454857,8.628633447608094e-05
18348,-2.3519798794892077,-8.128957358404222,4.781289910089471,0.7007741700467097,150.79224421585758,0.3417416058725671,8.629295135290782e-05
18349,-9.198842904564884,-7.995312824291313,1.1106567490431885,1.0484440726967124,276.3450506586935,1.1756724309320532,8.629378625948087e-05
18350,-0.017280581380173743,-7.966863105600598,4.647355916891041,1.05858939268665,279.75811135400244,1.781460854795827,8.629406625688783e-05
18351,-2.0056363612997554,-8.998607443710076,4.8867675490052696,1.810045420195266,432.8468549907998,0.029048321996548943,8.629691271211323e-05
18352,-0.1819747684290327,-5.940866750389595,0.6952483671151952,0.785404848790059,469.78637160012715,0.15286007829434922,8.631026392903925e-05
18353,-2.2672858932068873,-6.108295135933445,3.8969793409939295,3.843037499802446,425.98235861510045,0.03780987932578217,8.631340456861461e-05
18354,-0.002235608752517493,-8.543667257204987,0.06361896824825,1.0966662651623198,285.5177619608961,1.4200964358221064,8.631468956777758e-05
18355,-1.9465926535582962,-10.152039123007619,4.836185526246593,1.637313976443157,382.08916231118883,0.3022197047841795,8.631559615615415e-05
18356,-0.8669829698577303,-5.294660405998484,3.6163526786246143,1.733184582749319,366.1424467334559,0.5643245421550516,8.632106771841278e-05
18357,-2.1074618384946007,-8.047353324494253,4.702545842445059,0.6112379485569011,137.0694852618887,0.04012078501876282,8.632408585199417e-05
18358,-6.7771753888572,-12.979889617442566,4.635893416138749,0.8812905925714667,467.0954583634659,0.522993867177866,8.632935184037875e-05
18359,-0.294599580599602,-5.759075202397296,3.703784799088162,0.7173528210092551,467.44897044542387,0.49254206761032915,8.633060417852262e-05
18360,-6.3809729560115205,-11.03692972277633,5.068593029919384,2.2345858733569304,428.7595110857841,1.5820008026358598,8.634222112758145e-05
18361,-2.2828072384922464,-6.742709827851846,4.072414048208571,1.900764716463931,460.07926364551747,0.3610858547317548,8.635278400484412e-05
18362,-4.860310630175006,-11.710117561312119,4.963448149712193,1.3274112524632473,284.96633150066185,0.6130914230328512,8.637586197138565e-05
18363,-1.5861559189852894,-6.311591807677655,3.8605001175432525,1.0506483041171584,280.05144782256184,1.4847669505786394,8.638324090521929e-05
18364,-0.19680718994196766,-6.716189103604952,0.5324935604295881,1.7147773938587652,403.43822008258525,0.22002337198021493,8.638998991799148e-05
18365,-3.265041979753703,-5.1402265482092995,4.6632235097876755,0.8070346707028249,167.93807825463315,0.21675345397432455,8.639749798726948e-05
18366,-8.082031740416983,-12.7068297397865,1.9624283273683214,2.8723942242722207,487.662610110191,1.3027775813127267,8.63997273660049e-05
18367,-0.8867875617633185,-9.902080586484002,4.854887514934142,0.8377525874627176,235.24646518657696,0.7875266454799705,8.640052689663692e-05
18368,-0.9800607906338872,-5.66178759823426,3.699485214969075,0.872193835780798,467.72694858986864,0.4335328989059706,8.640061148093332e-05
18369,-0.41476998361932793,-5.584212755282328,3.692126223904363,1.6508869471933143,379.8956245538197,0.06183876563231738,8.640103321182572e-05
18370,-2.220464407400943,-12.39437470307148,4.728797305065443,1.5080006898862472,308.73582286778986,0.3867966716905409,8.640533760471645e-05
18371,-2.4780613578623836,-6.52754545787801,3.9732243710174977,1.0613859159416232,281.82093826928036,1.49986499426931,8.642176658115315e-05
18372,-8.341231159388325,-9.708799185564425,3.187733566462748,2.401744278456072,447.91376393083476,2.1706525238434544,8.64345304511986e-05
18373,-2.01674016980805,-8.656409444906945,4.852719592789496,1.1196103969214881,257.3043404081051,0.883422725058117,8.643807537541209e-05
18374,-1.190161946658458,-5.847034854616119,0.7083607781991991,1.453579350591417,321.77583081358705,0.11685011324859484,8.644422244126803e-05
18375,-2.182623195277272,-6.283593311681678,3.849342769441721,1.8198578047407403,435.78919407104775,0.5254731709444007,8.644589647137661e-05
18376,-3.187188529954561,-5.000354727301311,4.391231378747827,0.9517211684127475,466.800157875419,0.6271256014344377,8.644907814670846e-05
18377,-3.697165274036964,-10.869209875109343,5.148562030614481,2.250546167360049,423.8869902237025,0.9868885889856305,8.64574681232102e-05
18378,-2.134074084313178,-6.755075533032675,4.076131347584724,0.8319525941792008,230.4458410254175,0.5248575440103558,8.647025961307955e-05
18379,-0.15818310077404796,-6.069368325013031,3.7779686572456,1.4268708762979323,326.09819244200065,0.7681772724331077,8.647091703019126e-05
18380,-9.805865916712905,-7.480469373508272,3.980615283301978,2.0522825020981377,409.6059464735143,1.619109556308664,8.647355197011767e-05
18381,-4.260187533192235,-11.450509168679165,4.994862344670949,3.9234528126364956,562.0927256672211,0.7979343293324481,8.647697809539052e-05
18382,-0.3991826309025832,-6.5128722058191935,0.5588234227932654,0.9346808487840063,197.48269756362643,0.3261441408197632,8.648282889861997e-05
18383,-0.015704699174060366,-8.119698725751102,4.720776520177356,0.8109822359586708,222.56367878363096,0.2592122430593493,8.648920390735601e-05
18384,-4.184239080484579,-11.744323469198363,4.943287184548016,1.1996204048027819,258.1664834954995,0.2326589467093676,8.650841461317708e-05
18385,-0.5847319776881772,-7.19720486817419,4.27313877146029,0.9614255579768268,202.66037281841665,0.11617579899979535,8.6509169188272e-05
18386,-2.086727560743289,-5.865383506133703,0.6390812851164139,1.3419650370357359,470.3999213451926,0.19037080517723393,8.650932656340253e-05
18387,-2.1748293697128904,-6.706885932880898,4.053244534045465,5.102238578046187,519.5597456411487,0.06838688319474873,8.653973174721322e-05
18388,-6.6025563943415815,-10.753722270276477,5.092828611340579,1.0673691651243338,261.83214023638953,0.12078297397086413,8.655249793492794e-05
18389,-0.9768075171625874,-8.126991233477458,4.7225708331694,1.1796798388915797,303.46205526377787,0.6357400831195719,8.655457172097987e-05
18390,-8.750973625796219,-9.111161420167301,2.5966526765816327,1.2505577698831731,468.0289392600013,0.2363783972498874,8.655458096581658e-05
18391,-0.8550287759115989,-6.586932905324316,0.6175503860231858,1.7913894649372157,468.89214037837866,0.5690477200279362,8.655783054709236e-05
18392,-2.232249488193075,-5.161273322157839,0.8067203888439131,0.9079373011946569,259.3206218244018,1.2182290919475038,8.656311635903293e-05
18393,-1.9383690641758964,-7.520523202458335,0.3577043852557473,1.5301108104691916,338.79122085816516,1.057645459138759,8.658715809147744e-05
18394,-9.91832085227249,-5.4522588667539065,4.769451431004552,1.8584854329222011,468.18164658580537,0.8135316886727004,8.659054564401301e-05
18395,-8.287978277252405,-10.489239758019941,1.7321881786621078,1.052570098412141,210.6342002954304,0.7411455126381226,8.659217829351686e-05
18396,-0.09744083794122638,-7.504363767442524,0.3518170627146451,0.8945753484980433,381.29203775720134,0.05681455808156333,8.662328704238354e-05
18397,-2.337357237725488,-12.290937230987529,5.116162089054582,0.765634405448771,438.32193649192465,0.2218187806853278,8.662507102476615e-05
18398,-2.1884524129712872,-5.516137016638124,3.6745799443108456,1.2737052283657375,314.6797963982142,0.2312768365442457,8.662782492405063e-05
18399,-0.21358618740499757,-5.48952329584575,3.664848955647279,1.7758686534401578,430.0275254226797,0.2812120618869729,8.663370975864224e-05
18400,-7.260493262856292,-12.715328908133253,4.242918457367139,1.4292641139707423,143.9336942227662,0.3739650854124026,8.663489388075774e-05
18401,-1.4971708045000298,-7.773239201879074,4.560361444365012,1.8574118346905106,468.13505285793576,0.5465117795895029,8.664798057777353e-05
18402,-3.5187293877068795,-12.757250433512306,4.828296324343076,0.8928980234661633,467.5649902632157,0.5923476942863992,8.664886916581296e-05
18403,-1.956983686589611,-10.564729855465904,4.800724150831564,1.9613300362536232,398.95081234819304,1.6639244498353127,8.665565747923845e-05
18404,-2.472279867739654,-7.623900553471774,4.9528955438936535,0.7666211816755091,161.08306020473196,0.056869209703309664,8.665668483915548e-05
18405,-4.51358696302504,-11.086779349079551,5.09184426458074,4.0899651954419465,563.1275289798091,0.3717928424036385,8.665970918015614e-05
18406,-0.6687585369208779,-11.294192930579195,4.760726892769301,0.9405275427896286,261.1919844552715,1.5677228706823216,8.666248405390329e-05
18407,-1.6951735848320748,-8.364838907552908,0.0967435385873781,0.8619942885922172,182.0188466628006,0.8744967813173448,8.66679535084078e-05
18408,-0.3063202822455988,-8.425164080484313,4.80478008176222,1.9039094947904198,464.0048067992525,0.5346082340448701,8.667590793296206e-05
18409,-0.26157134974326546,-9.151421509501391,4.886527534013787,1.870729113695396,452.39625157881653,0.42219865668563816,8.668026950302096e-05
18410,-3.4529969755948144,-5.440852715172679,0.2581859309590553,1.0792207435551822,287.02453187365086,1.4443446932265216,8.66825319494265e-05
18411,-0.12333658301734118,-7.068206301796992,4.22551095267497,1.412688337309881,329.08639632148515,0.2486893021344505,8.670844568816149e-05
18412,-2.370971361110385,-5.829585581040571,0.7177576217300218,1.191765957085009,244.0486534091111,0.27464037635966854,8.671123092451474e-05
18413,-1.4894781309863117,-6.3888268342689285,3.9096902271374683,2.105910415453961,414.4715268484172,1.5770035590457923,8.671457290823006e-05
18414,-3.6050975664623417,-5.165206711529827,4.770321075724075,1.2630136759528412,196.16945711800906,0.08467214706822457,8.671523029098889e-05
18415,-1.591640290163772,-6.029042541255474,0.6869389735549007,0.7707044990079962,198.94518418523907,0.24700926560592062,8.67338314765984e-05
18416,-6.69680081985261,-12.228961590823461,4.730424411376383,0.8987317924345269,247.73383501318273,1.3819691882404124,8.673753250666429e-05
18417,-7.005099087451459,-12.569899002786865,4.502983145887871,1.0324214722777432,279.6891241273389,1.0167113909291983,8.674561516714013e-05
18418,-1.8608863206180075,-5.514382030055272,3.6210589147362127,0.7879409010178681,458.60226527511105,0.22607539695523737,8.675737892414306e-05
18419,-1.2458888416981715,-9.84313292641032,4.855496845060562,1.212596545416666,305.72754545857146,0.4915109910599602,8.676264414550848e-05
18420,-0.9886435783993583,-5.938173212343671,3.7464588777196526,0.978851171287303,266.48167315748225,1.4277353553597107,8.676292654793252e-05
18421,-4.4495725778775705,-10.871112031702157,5.16373568154039,0.9948191535875276,269.87534516823615,1.5307211282230915,8.677561530605095e-05
18422,-0.8593036181919054,-5.837313298404945,3.740582342118792,1.0186456102031447,267.631940786969,0.7221115082100935,8.677633902093745e-05
18423,-0.10613805329888493,-6.49487640555435,0.57307862018857,8.303524301574154,518.7389878432464,0.04136124253622686,8.67858020131253e-05
18424,-2.8058884999490292,-5.3708900144933365,0.4063841195546199,10.075982924863133,780.4281194928365,0.31146706770349386,8.678949303437059e-05
18425,-2.4806461350137035,-6.395502786900188,3.9109880931781995,1.11754488529026,466.09263550085893,0.6960002621395498,8.679358364972209e-05
18426,-0.0540545166228501,-7.882786701548989,0.24826728498499737,2.8637071264733063,488.21808395749025,1.5947049915012448,8.680332111672809e-05
18427,-6.064302585575012,-11.200596776398717,5.073147355000788,1.793937119519973,468.1599996926681,0.2847681764781633,8.680569604075371e-05
18428,-0.9503263826257253,-5.601515387183626,3.6877524958441636,3.575510094679132,539.9565592528259,0.9840139523269107,8.681161196391538e-05
18429,-0.13754506603662797,-12.454692735873529,4.7283033407409345,1.1093024969595573,227.77249236705785,0.5421857055846511,8.682331203914702e-05
18430,-1.4690357861869252,-6.071449507331042,0.6699690752054913,1.6810169741566148,364.78966717253354,1.572473289394849,8.683689990192063e-05
18431,-7.064519096107494,-11.134137573434112,4.67353296344331,1.8845435692125752,363.1448906765018,0.4926004826902828,8.68375936119799e-05
18432,-3.9209516435609695,-5.371570822822436,4.953473799076066,1.1696843398389276,296.53702941408886,0.7805633872676259,8.684593438636545e-05
18433,-6.375894248086477,-11.429319274995,4.96680945093928,1.1878403545064595,300.70743903110963,0.6444185372357234,8.68483616483955e-05
18434,-1.431606001761562,-10.443918801652334,4.8075953625012575,0.4854368015495736,127.19633781013007,0.9337605325054303,8.684994630465986e-05
18435,-0.9842897832486894,-5.392612964376184,3.615143158451817,1.8826327386626753,467.97530979828684,0.6237119031167326,8.68525235444541e-05
18436,-0.27698073607738394,-6.850987459933174,4.11439466480857,10.532338200633157,781.180576347041,0.2737805581915902,8.685888292284664e-05
18437,-0.602642865883702,-8.385583747835728,0.09306963378812606,4.567915038720506,287.687093963472,0.2854069358398901,8.685965997792785e-05
18438,-0.36247323392693076,-6.707986249570203,0.6122730007115392,1.5386085037135966,469.95273445390245,0.0638804383602869,8.68659478876227e-05
18439,-2.290793524413167,-12.49715029999114,4.812624599733466,2.417801774698767,326.93868562234167,0.008758695017092144,8.686857025100514e-05
18440,-0.197553768597297,-7.088384031535991,4.200442808035751,1.8825756858093474,453.4399694916005,0.2660929863545842,8.687625915200183e-05
18441,-2.8179087500514974,-5.1283445752557135,3.812298885495074,1.5934665227161966,367.18649471671944,0.35411574775370713,8.689045795168038e-05
18442,-0.25960275517335774,-5.285461574391938,0.7959446149979876,0.8490188275055469,227.88886812676805,1.1032648955000148,8.689371808090288e-05
18443,-3.849285047643023,-5.087772097072809,0.2978193927854143,0.7117580616222712,135.4386998060068,0.2325555029778954,8.690139502347838e-05
18444,-0.6284664779807834,-5.882880171945365,0.7064944330205202,1.0605808035749356,225.59298990287076,0.552917826044923,8.69028858323558e-05
18445,-6.176530757580152,-12.1435002729233,4.892034029537126,0.8735171300609296,190.71688257629435,0.9802398371133414,8.690927081482283e-05
18446,-8.219206893944007,-10.754403146573777,2.32213007518397,0.6314819903609152,119.58534488611548,0.04815759573438605,8.691111853957873e-05
18447,-2.0038897858516194,-5.882520408957982,0.6833562996104307,3.5324055792810043,537.2785366416891,1.0497540841276578,8.69248333440095e-05
18448,-1.7122010991255845,-5.041886492655791,3.594113706432476,0.6629638065199563,467.68604548789847,0.43583770738705585,8.692727856920494e-05
18449,-0.7850840611921317,-10.797047661717906,4.781526077692456,1.84333240845643,468.48527149110186,0.6539670701298999,8.69376256069363e-05
18450,-3.8924650617654795,-5.025540977093798,4.715677322799809,1.198824331953819,225.1630684248755,0.04289762359312732,8.694216667374883e-05
18451,-5.8175334792620275,-11.390910428502378,5.040405853586027,1.437892957280452,328.1724566940363,0.7016806220468323,8.694572172721956e-05
18452,-1.0382272139666338,-7.164951878559037,0.44706944622421363,0.7110636733193995,209.73172575931,0.8400785509859601,8.69491980766838e-05
18453,-0.5136884914187796,-9.257419290226553,4.882687398294978,1.3574323992974864,467.8482770336217,0.48066961632244176,8.700839020344419e-05
18454,-1.2885894813414218,-7.2529980713112385,4.320095021168406,2.0241461222719144,398.65551796733644,0.9708291254277119,8.701060164188176e-05
18455,-0.7794934986380788,-5.407340142227506,0.7722514150246336,1.0498579529474608,171.24990801110016,0.16866493447380204,8.70114150422887e-05
18456,-2.0161973784756793,-5.50857626330813,3.6606669814162625,1.378746425561781,306.7413146898449,0.6110252357785662,8.702597669403423e-05
18457,-2.4445264780167975,-6.671268165372467,3.9696253946238826,1.5771535565446286,355.82146550452404,1.0187186339920533,8.703024787068025e-05
18458,-3.285575060803147,-11.376027351902383,5.017255575380948,0.9744035594188546,459.1134714201142,0.6746493088165098,8.704950904583669e-05
18459,-1.5404167548807983,-6.009044223644608,0.6406044779445486,2.066989187749914,407.86578219828397,1.2862586946090735,8.705540085336241e-05
18460,-1.4723453855807165,-5.836965897602237,3.7053331990700347,1.8210180775103888,435.1152764125266,0.18655097280055255,8.705701332267818e-05
18461,-1.3680638368806868,-7.15255747331294,0.43043794559682114,1.711992514877146,402.5788313681207,0.45641611289875605,8.70785946622023e-05
18462,-1.4550585981500355,-5.019759293287948,3.588246549077627,1.2005240182793249,263.6002998665848,0.4389210400284229,8.70808870131571e-05
18463,-2.385802928054921,-5.465844115265637,3.660213042274395,1.1093847323249841,467.6225902998034,0.9002880266989992,8.70938199847569e-05
18464,-1.335905935829068,-12.217515511906461,4.71894489161954,0.9965117315648699,226.08989406285048,0.4708356647937082,8.709961923565513e-05
18465,-1.841917998180909,-9.2523035888988,4.88176303094254,1.3556690892254302,319.89707748585874,0.6926549464176386,8.710434448411041e-05
18466,-2.30437122010162,-6.571960864888682,3.9443088865034137,0.9973543881136455,270.9089730638573,1.7445655008570293,8.710759112976843e-05
18467,-1.886464171110763,-6.581797136285791,0.6191328061846727,1.7346202788280636,468.5939459812237,0.2897771838660992,8.71208412682985e-05
18468,-1.802212441833884,-5.042287732822965,0.8204207856511858,1.659334403998453,467.70137855514065,0.3312912345021788,8.712226377928311e-05
18469,-1.3933028406668413,-12.461520554060858,4.746496668917982,1.8097024466619838,343.5246058369386,0.4033099985432287,8.71311686924211e-05
18470,-6.438555669008055,-12.158186551192495,4.835846955347709,1.8777291037011734,468.1547151523282,0.11059300603802136,8.715280624951075e-05
18471,-1.5663829187733,-7.840531254899215,4.609057874540351,0.6021117207096023,188.5875485238414,0.763026545067782,8.715397505209337e-05
18472,-3.4606003076824097,-5.204779283389178,4.670856636657199,1.5248450192467873,346.0206929452712,0.015751198697978808,8.717451755781165e-05
18473,-0.4725984713244298,-6.834493102993975,4.101446500056241,1.6733287053134853,468.3817320852926,0.5295638091659383,8.718093818202037e-05
18474,-0.9780291881395442,-6.0077080720211296,3.7241497405136186,1.849586349382217,453.7603758177664,0.22358744013805243,8.71922991003019e-05
18475,-8.405190538534377,-9.39484873956038,3.457968656319699,1.4816439213593715,338.7007612875449,0.9982815914711693,8.71953552180912e-05
18476,-1.009324252983232,-11.585820287398903,4.729445907603448,1.5956665870913114,408.32550142230997,0.6381753202244962,8.720087912677902e-05
18477,-2.028423379248472,-5.101836293476952,0.7597591966440396,0.9209108131829792,251.34077562657995,0.3562085163597155,8.720782516645744e-05
18478,-1.2087627443998414,-12.130346998255463,4.748096737068128,1.1967017224666276,302.6812387676079,0.833899235166017,8.72093596337356e-05
18479,-1.6943488321025928,-9.085573100505673,4.879937350902329,1.5165505706429598,468.24450583703623,0.3691850025986705,8.72121740045013e-05
18480,-0.16064551478185507,-8.561206870877431,0.05901534976560218,2.672826601716949,464.61872756625786,0.8872535361989167,8.721600613019558e-05
18481,-0.8745862474796713,-6.464386222117351,3.9219896035508053,1.4083558991394236,467.885592178872,0.2279439285940148,8.722953943960113e-05
18482,-0.5357537051500412,-9.129308044492568,4.880511546963447,2.5763013275742113,463.7089243885601,1.8452379677625403,8.7229685492505e-05
18483,-1.5180042979594752,-9.215669570189345,4.88073076010687,2.9400888963245504,494.9860170407717,1.6356268677633432,8.723396231420732e-05
18484,-3.928763783373304,-5.352193251550705,0.2349733719311233,1.8279991147096246,437.1597979674299,0.18218383311278874,8.724654355205403e-05
18485,-0.43674171018283836,-5.160229858116197,0.782968217829784,1.1335689555386996,290.6525658478098,0.9646221286058223,8.725839746779865e-05
18486,-1.680420125892411,-7.498385651447791,4.440149421211528,2.2185552293977415,425.703187402856,1.4111052169342768,8.725943305718233e-05
18487,-0.9028712048331755,-10.384485045574724,4.807683823727042,1.7789523809845955,420.848724672269,0.5226227783891293,8.726794352586637e-05
18488,-6.953620939547214,-11.861124053847467,4.614502302815415,1.902006433070569,464.86865187588984,0.6052786692577801,8.727804377125452e-05
18489,-2.4706809306592445,-8.223625224202328,0.17666334986554705,1.086408324282749,283.6168766203908,0.726109211401484,8.727952548351757e-05
18490,-1.1007335543945196,-9.728304445966579,4.857964430109193,1.709813496981861,469.6041388073011,0.24058028905654982,8.731025959356872e-05
18491,-0.5523035084386123,-8.567115040942248,0.0707595139643701,0.9329410289114509,266.26945059660216,0.9574758958486722,8.731030981250824e-05
18492,-0.33366558704084426,-5.964008426641807,3.718639317219536,2.500017061691345,451.5981569336244,1.0928885159306576,8.733162933709296e-05
18493,-1.6531358665386104,-11.109607349503072,4.768294524358626,2.619502704421819,469.20907223406874,2.475539879837875,8.733219237522776e-05
18494,-8.410966374567375,-9.028806527021214,4.029201821207067,0.9201547018511765,247.50735458149572,1.0832413949111066,8.733972632415128e-05
18495,-6.859946991859526,-11.65408894194584,4.712366924653897,1.5849063601530375,342.9979002953269,0.6179725941571776,8.734398519201385e-05
18496,-2.273179484128792,-7.525890049597732,4.452887039184642,2.6903066346125954,321.8832395605303,0.04726145553908356,8.73602745368777e-05
18497,-8.883667458195275,-8.82284814491502,2.939769035242449,0.7838857594369523,219.52779245452734,1.460502425982896,8.736847454945576e-05
18498,-1.456444190255965,-6.239978881533743,0.6515284957659991,0.7122990633817982,203.99579989288335,0.5772210328477083,8.737166858483752e-05
18499,-4.5481139670877315,-5.143372539534344,0.14349395559009084,1.1630985327461458,234.98124029739807,0.6431777759897814,8.737467287224717e-05
18500,-6.897505738544923,-12.504340148864749,4.586335296226127,14.958673470535317,498.68570613138604,0.17500843408520161,8.737646834423464e-05
18501,-1.124331945396154,-11.75375353198056,4.751466158804756,2.1065591228979654,409.0640488606232,0.8605675870822873,8.738970768772652e-05
18502,-3.8471692693544224,-12.229547867264273,4.871912899464436,2.120718871887897,418.6788006365156,1.9874828273343406,8.742147515222463e-05
18503,-0.4318160943352609,-10.48091651413505,4.798652925410616,0.8107440131025601,168.00826054256055,0.336519203989333,8.742206460572038e-05
18504,-1.7384075274813107,-5.373771666477354,0.7584723737040917,2.0822414525345585,256.42533558776245,0.10411052809218102,8.742820609679962e-05
18505,-0.5216148545827828,-10.48724825540164,4.798093638823482,4.866718517891333,585.636321685699,0.23598091720518521,8.742968248749511e-05
18506,-5.561869815914729,-12.347204991045771,4.896428861765719,1.3793685104449578,232.00120688934786,0.02874538038797958,8.743987733980241e-05
18507,-1.4640644096969062,-9.253094324970338,4.87800460685262,1.6888182544068753,468.2521680336614,0.6545306715509955,8.74595175072273e-05
18508,-1.7362143559109668,-6.735571557269361,0.6264277132932263,2.997130817520662,481.4934787911108,0.41504699023435343,8.746336219572846e-05
18509,-2.643221883405782,-6.0233870436574195,3.9497345239040738,0.9288451919131676,258.9966274524719,1.1211531231032783,8.747305103078587e-05
18510,-3.245572127879428,-12.28197315625294,4.8903449136096775,1.8227040509972197,435.80262344585617,0.3124090132013686,8.747410454099202e-05
18511,-0.39555156574011363,-6.422399586861519,3.909232837167919,1.6819077575781818,396.30724513717325,0.8918388531517074,8.747601349035571e-05
18512,-2.2788958980546266,-8.236473867526708,0.1721442598431264,2.8989763467968075,481.61242945045274,0.7229105650053604,8.747696039560758e-05
18513,-2.401759977553146,-6.143666930438017,3.782407982419997,1.1061507279392928,466.9965115370443,0.6296446743190964,8.752090231826494e-05
18514,-0.2601517202847532,-5.194623659389265,0.8270360585014179,1.0702925122593179,259.70531811644247,0.6973955977394537,8.754279250539988e-05
18515,-0.07690931809593948,-8.564415409611856,4.824843134103296,1.4449538051569124,320.23394450371546,0.48641153043994567,8.754910365639214e-05
18516,-2.7937059344249704,-5.110354041485029,3.730510015570499,0.9948598084894378,263.1087033558761,1.0968738556235396,8.756571934206552e-05
18517,-0.12007370025161102,-10.436816818227207,4.8004530200412185,0.8251111943431143,467.3800331110512,0.06483131947543441,8.756735826548703e-05
18518,-0.009375564863340458,-5.080124865973926,0.841181575927889,2.272591406060445,426.33168664634195,0.9754434376406493,8.756990217917753e-05
18519,-7.736101726478261,-9.207569845960265,5.095420924191839,1.074768028076847,281.32065785661064,1.8053164003123676,8.757446401544568e-05
18520,-0.9507232748532495,-6.1644905716546905,3.7880853855099077,0.5569525010244731,114.07499301598534,0.04007198080199004,8.758409839411511e-05
18521,-2.212371430525158,-8.012591418808151,4.650105856386156,1.6815588424201602,397.6764557468515,0.3129318968547441,8.759900384811284e-05
18522,-9.885486003095576,-5.615147079914829,4.816468838782301,1.1127576524316,276.82636296036816,0.988738975337994,8.760096234262425e-05
18523,-0.11162858361488226,-6.362314964322469,3.8578337870048887,1.4031297312276414,327.4095455666318,1.2168549503078534,8.76047673335147e-05
18524,-4.126404123290728,-5.397379790357537,5.1113241283485324,0.6772260836302976,136.59356354383146,0.6982160451423134,8.760698051904569e-05
18525,-0.31862466969888104,-6.482049952007713,3.922375042282183,8.893332188452234,364.20706728966144,0.26694590078269265,8.761410662597268e-05
18526,-6.122577978116154,-11.860426155028316,4.932449920010164,0.9261033986430627,243.75093610881046,1.0239690165346316,8.763367946797917e-05
18527,-0.148447764527889,-11.390334328255905,4.744587720298669,1.1494219673809143,468.3769189136401,0.5275591995197448,8.76456875920094e-05
18528,-0.9975442304318971,-10.012453562470949,4.833171715645095,1.7794493922959096,468.0322803894917,0.16077142357288388,8.764880166116528e-05
18529,-2.1462887655305183,-10.264862236457398,4.8130393528880715,3.0444436311682104,502.9283075895072,1.4717911744899626,8.765320468640149e-05
18530,-2.01867570132862,-5.220864294491257,0.8100359922532107,0.7043653616532038,176.27943467785505,0.2394561566879263,8.768370963883456e-05
18531,-0.7615432989277551,-5.070416383741771,3.582372637386907,2.7438792517519968,232.29763068846128,0.24342135786938712,8.768887229336925e-05
18532,-2.532338035289036,-5.195915171038601,0.8401980821047654,0.8590234991651625,468.0328982458649,0.07538541811988253,8.769493512082274e-05
18533,-0.23699560933657438,-5.367715390529436,0.8483832661773216,2.5761038144423285,458.15075869928626,1.0961227358046566,8.770011768327505e-05
18534,-1.8868154723529678,-6.643997205860063,0.6152420655497254,1.6357452704626403,469.88010496238354,0.07394507510364345,8.770426002716302e-05
18535,-0.11602635361758473,-6.673100590324386,0.54574575066007,0.9365073905729191,191.9815691378089,0.9984168181479083,8.77091163379515e-05
18536,-8.102738138409926,-12.08620441948848,1.8553401874927873,0.903923481893229,467.7694710952387,0.667017816185802,8.771028652252155e-05
18537,-0.6241168347127548,-5.3183207393982554,0.7612315009656279,0.9134518906784835,468.30582186357464,0.2890608544889197,8.772012380393551e-05
18538,-0.6240338116384976,-8.233227388966494,4.734958870612325,1.1596520885817645,298.722567494988,0.30550537175685033,8.772473876850437e-05
18539,-0.46519560152403017,-6.328359069963104,3.8430218118097317,5.56529213853149,649.6785186001144,0.4707302917004723,8.772511467916142e-05
18540,-0.6887110272464838,-5.056531739869413,3.579885212960522,0.9758745144712526,207.25069606814742,0.5761383561510485,8.772594185275736e-05
18541,-1.4332374475667784,-6.9622881159410195,4.1546728704132345,3.0402397328331516,308.07350490969617,0.10556664416956796,8.77259842073791e-05
18542,-0.27071742087199624,-5.454960800387001,0.7979312074725341,1.2587664021164382,276.81535935854527,0.12913343999241444,8.773570563266595e-05
18543,-4.442877162048822,-11.709970367139064,4.948809520524576,3.5405949825035945,535.3033765589133,0.8243755340690084,8.774137828542817e-05
18544,-1.4513084909722824,-6.660114352493874,0.6345027972815922,0.8505970051474271,142.68226727618116,0.22755905022500134,8.77462700321179e-05
18545,-1.871949539855315,-11.058439860742748,4.766565045208104,1.6842715690578154,396.9519879934803,0.3332332885435987,8.774663065899929e-05
18546,-0.3981422969676167,-7.135293121977473,0.4828087586059843,0.9597314342386226,199.92134275711132,0.5894199741157022,8.776045733191504e-05
18547,-1.345325544857518,-7.532665737591613,4.450812431491829,1.6953366975771846,468.8459483864294,0.8743809377278646,8.776941106874667e-05
18548,-7.069703478732633,-11.806843599305026,4.525192323668832,1.647198418384623,354.01341431333105,1.0854594312460106,8.777638675556073e-05
18549,-0.843930696091709,-5.975266838272632,3.7122236424837616,0.7240130881922072,148.05574189962127,0.7266785269718108,8.777878930886078e-05
18550,-1.2345782647989818,-5.11494487791651,3.58626987722948,1.4210973582717181,324.0050672369127,0.18597842641547313,8.778259622116224e-05
18551,-1.2996574584990448,-9.805282768827826,4.847413348779491,1.3983687961368008,319.00396046241906,0.020024903587610332,8.780048860553705e-05
18552,-1.9455372829728645,-5.172309068801789,0.7724516962407368,2.7927170854930097,361.54871996245515,0.031630817079719264,8.780658162540481e-05
18553,-1.3664575500323082,-9.465856458043943,4.8680110443306965,0.9784850813701075,468.44542044815,0.5695301643623116,8.780892613908113e-05
18554,-1.760304788961939,-12.095644379244368,4.74661006105533,2.24322420966604,209.93159877900925,0.2621515994764616,8.781196669552622e-05
18555,-2.085979576029901,-11.187749971645449,4.745476209520203,1.4462092982316639,322.33028150582874,0.569545828019753,8.781499138776589e-05
18556,-8.055159492032239,-8.840199645680222,5.022897900650714,1.5899017324483251,364.7465838993209,0.7892344087727858,8.782035912365388e-05
18557,-4.972773969270355,-12.092514110320543,4.906465333512894,2.0206431350839833,406.0617544739705,1.7303493056054409,8.783788548705258e-05
18558,-1.591456015470417,-6.796094222189954,0.5608204432815388,1.178650015025866,304.43609581509253,1.7306615386094046,8.78428693113804e-05
18559,-1.9523124632640148,-6.690043572595436,0.5768263801545105,1.5406063184999534,359.723296859431,0.3949195750272718,8.788562830496204e-05
18560,-3.4060924366565173,-5.4723297941488,4.979134293581918,1.170381232413735,298.64355078449097,0.9082948817402494,8.79014660574715e-05
18561,-3.356007761946892,-11.591446215768318,4.9574281626229935,1.8569289859686442,457.7721138739529,0.1280118283676135,8.790738587333557e-05
18562,-0.2513366524258025,-9.16158764935105,4.873567138360209,2.400173360386499,448.13953856507277,2.289668487744283,8.792081257757817e-05
18563,-2.258811271485345,-7.170711238868928,4.212669151170918,1.869566580825331,451.0438239785915,0.02149203331810501,8.792210354794682e-05
18564,-1.9984640433384477,-6.102315973808066,3.7617589328401384,1.3844966922007187,325.90557957553506,0.33856264899718,8.792423333034546e-05
18565,-1.792749037150072,-6.707367826710842,4.030890065676338,1.5673744300865249,467.831095908261,0.22714938479053792,8.793257742420785e-05
18566,-3.115638157900448,-5.729468381458467,0.3024661849252339,1.4109224412515977,316.36740769032895,0.6207333572835143,8.794285539937894e-05
18567,-3.652517006437387,-12.12769639229028,4.878584991107462,1.9836273722084408,402.4379524167504,0.5565661160340625,8.794921546288677e-05
18568,-0.46978327960642474,-7.355343329025567,4.350709083171193,1.678311296563266,395.3407253619646,0.3227318507404089,8.795017658053993e-05
18569,-1.9989524993428933,-5.642793716966314,3.6243077306915494,1.894920960031354,469.45621627510076,0.23712370108490521,8.796800253902862e-05
18570,-4.92594957363886,-10.871971277521869,5.170633757942262,1.291512419230614,321.8436678346756,0.39036227834259574,8.797241789375946e-05
18571,-0.2897198023388725,-7.19391770913807,0.4538159608675975,0.702371778187959,141.39234724877934,0.9385419059193358,8.797346509312401e-05
18572,-2.0605152208154376,-6.4462811160233455,3.9096040003535664,1.2645483203220447,306.12370318296627,1.0468944582606392,8.799202260842102e-05
18573,-2.850201505253681,-5.635497858006408,4.139818898063271,0.655639193594046,468.33421955876787,0.430259980467838,8.799667834769417e-05
18574,-0.22984181949368399,-9.6458940785685,4.856245654674475,1.8811137542170566,391.5573828699343,2.0313117186146377,8.799848324143154e-05
18575,-2.3892895747048897,-7.099304877150518,0.499725836624839,1.0738758185641413,256.8664161333295,0.4711375549115173,8.801717850524466e-05
18576,-2.278575273199042,-5.354462335213285,3.6114579350914506,0.7198204207035075,174.97978721026013,0.3117938689393869,8.803308670519514e-05
18577,-1.2641569491041125,-8.560709877721191,4.818783192619246,1.0630729914517032,280.49245397244937,1.4667671956161419,8.803942791789326e-05
18578,-0.9440404326067124,-8.577371907431846,0.07813038337656486,1.2138982162000724,288.55814309551727,0.24971578350569512,8.803955891552008e-05
18579,-2.112847550227384,-6.200641353981957,3.7919226344669896,0.9926011322275862,251.23790840497873,0.15041900228596372,8.804644469124896e-05
18580,-2.2689688743533125,-5.601757593358381,3.6180774425290587,0.5762687644423952,178.8736595293262,0.2116099884901148,8.807546075335452e-05
18581,-2.417908087055136,-5.060779176259098,0.8020708447797945,1.2314162663208326,312.34355677896673,0.4834328502377554,8.807702176292773e-05
18582,-9.025121217844287,-8.707325638832433,2.2835482733237153,2.8912283456495156,486.5224093585686,1.070670080037888,8.809657689816486e-05
18583,-0.20216629893425164,-6.049744095481284,0.7361184786855435,1.6427878875593798,360.582209357657,1.6401213831392427,8.812534545391522e-05
18584,-2.244535935518959,-6.011813180328206,3.716025762847789,0.7305036182324836,147.33822175850008,0.8391913252488727,8.814179505747875e-05
18585,-0.19383479399374615,-7.507209286747328,0.4135235874958319,1.7083594485182727,468.52935516076985,0.5644023009109356,8.815087434976688e-05
18586,-4.059398201615338,-5.323658780920748,0.2480186391187417,1.280103904185614,269.9223927970747,0.6342688449595686,8.815879863098364e-05
18587,-1.6048120164169397,-11.584630415929858,4.748962383943441,1.879410762381097,451.8833589282138,0.47440507689512934,8.816424704155711e-05
18588,-0.6994665020423874,-7.176997674234564,0.5068463507428423,0.9578325298088418,192.20513156556876,1.088557070080383,8.816835797611673e-05
18589,-0.2516997144655875,-7.2894009366047605,0.4524071110946389,0.5237201403771687,143.89206449904694,1.2102540347583801,8.817854160385296e-05
18590,-0.5235161003333975,-7.848675360226592,0.2921328078399179,0.5272016599531608,146.34366865729044,1.1109059640941545,8.817907944861373e-05
18591,-1.971714444856385,-11.631841340452876,4.724543082827885,1.753809737251239,417.62116624451807,0.8815488280352568,8.818110829158248e-05
18592,-1.9562619290317063,-9.247054010102673,4.870481272986351,1.1826051715947499,295.4054298558046,1.1049716475810722,8.819306379199244e-05
18593,-1.8482885422140551,-6.228923480420424,3.79896589333955,1.6912725757925862,397.1276065566669,0.3249426778991227,8.81964062846349e-05
18594,-1.2815809716960374,-5.223106774450903,3.5930090283606524,0.9959730883949925,198.21673263635236,0.9198953346766396,8.819799345879812e-05
18595,-0.13681171576027396,-7.38595355921901,4.3737618547048465,1.011026226324099,260.21371494611645,1.1559192022901508,8.820055558679398e-05
18596,-2.23318809321933,-6.069973430431278,0.6690861848453086,1.8665231282071872,468.06459679702266,0.286305073950877,8.82013811565682e-05
18597,-1.3132142549155823,-10.028733894212717,4.826087670644701,1.08549080488374,283.17780646817556,1.1748531835848892,8.820184458661152e-05
18598,-1.4507307816841504,-9.028339712849274,4.867704483853304,1.1046740182495551,281.0309804016189,0.6069368315139227,8.821733859046742e-05
18599,-7.821177849857525,-9.299939807596676,4.852398640529516,1.6863317660588115,468.7730820573596,0.290708085899019,8.822081643049877e-05
18600,-1.9633095875238133,-6.682926713863128,0.6151851314467977,3.875320187612381,562.2132190077597,1.1832334166038398,8.822108976465585e-05
18601,-1.5482950967621179,-7.853659475760126,0.2669590912959694,0.6758425586931247,135.90962535578984,0.17734349830903273,8.823147231883091e-05
18602,-2.3471501547180305,-7.253063182231895,0.4156714773766067,1.7405804580622306,468.25312858010113,0.5543118420705548,8.823711072515081e-05
18603,-0.9548560641244936,-6.661750043763651,0.6071921634362666,1.6089821432828801,370.9657611301007,0.3731011145704528,8.823790758339703e-05
18604,-2.339031943801171,-9.627310900237704,5.0175276680666325,0.986123316421697,468.2094119639507,0.8483081075948737,8.824465305708053e-05
18605,-0.9505502194739961,-10.755539436057713,4.770029878959825,0.8306616431109702,172.9560702602996,0.47842437728878107,8.824894302893635e-05
18606,-3.269223598161365,-5.524754950642492,5.064344295556329,1.1296158186347658,468.92112102171876,0.5426455232043308,8.82522415602141e-05
18607,-0.7098171235002688,-5.20945694665894,0.7897798303321394,1.1896792449487734,242.74764492196238,0.8741838627928642,8.826365597352643e-05
18608,-9.943094689287499,-7.676811666056468,3.0917903917983516,1.1295473543011512,228.55748309991773,1.0678398548688905,8.826383899334105e-05
18609,-1.3794191972988852,-5.071855989785844,0.7856596544287174,1.1703901080808938,241.80711807192512,0.8920076042094385,8.827344282856336e-05
18610,-4.15768046305506,-5.348489446014913,0.18811221464771385,0.9244158953418329,249.87247937056452,1.5122806124273014,8.827457791084502e-05
18611,-0.9464370500725554,-5.415889535688187,0.7642852974460927,1.2336734609028417,247.53710818049586,0.01805463793993667,8.827711969468787e-05
18612,-6.749729865880994,-12.735166564271807,4.657592759995586,1.8618406860914511,468.1532982970347,0.18857353725310588,8.829084628107908e-05
18613,-1.7584343654874068,-8.107577822193456,4.702023713786312,0.6281535506064644,172.04181616612925,0.9657862958038379,8.829588533921438e-05
18614,-1.19522655072943,-7.995902590399089,4.67165531742678,1.749522511679916,467.2468493229172,0.08841005175217642,8.830864332570358e-05
18615,-0.8030708814674252,-9.107152236164417,4.8688873865534505,1.4731250349824032,335.19085317186153,1.380997368304862,8.83107582412028e-05
18616,-1.35631793366516,-7.304167102269042,4.328146129905554,0.9298113961491555,467.72400977401446,0.8835197544829949,8.831193821291133e-05
18617,-1.4661995065693265,-6.264716741402901,0.649119498563516,0.8479252454046919,470.2132714851326,0.18835063454789935,8.83136101042608e-05
18618,-3.3822446432170326,-5.496804261446924,0.26927413048065774,0.8477007927219925,389.7987363509109,0.18660839450537647,8.831539990938117e-05
18619,-2.6223452151765168,-6.545092445418778,4.483221692291259,1.1935477157062158,468.8192807150957,0.6066138800161536,8.832015088288376e-05
18620,-0.2372826385017337,-7.696020425546759,4.5254608275764525,1.045601206068877,466.89835102005065,0.5837549443340126,8.83210216889419e-05
18621,-3.6675270887342206,-5.990732874924003,0.04748528472815619,1.8880933956362136,469.8731804526586,0.06660640323598965,8.833157754312043e-05
18622,-0.8351466007750741,-7.5965951492710175,0.3928465834073338,0.8705586398370858,222.88914083772428,0.6529401834871935,8.83329879929226e-05
18623,-1.3759842636499613,-6.668449992378212,3.9648051317258193,0.9619622658052728,468.08267889946916,0.797510848009817,8.834129295463618e-05
18624,-3.879868158744822,-5.04568025690795,0.3767769735207526,1.676609159117716,468.00460843125046,0.880664875271898,8.834506132610685e-05
18625,-1.5411354948223845,-5.262307350055606,0.8500555934211781,0.6102573161627132,186.75118678586207,1.2156197793473034,8.836234405902697e-05
18626,-0.30702154864601106,-5.030803917389615,0.8336584313145665,1.357222363660086,306.98860387635006,0.6328733568354226,8.837225213291684e-05
18627,-2.2388831984140687,-9.760694830290513,4.96080234821296,1.983789205044406,378.563989816922,0.5556891410927864,8.838331548831743e-05
18628,-2.5017037070706047,-7.130374754632026,4.583826725571591,1.0878946000060443,468.0539814186025,0.7047246627432662,8.838407538233214e-05
18629,-0.6540440039938673,-6.445803839608652,3.876670620118866,0.9550670230625065,127.80102693356042,0.30719841303876816,8.83905957387917e-05
18630,-0.7547192577579178,-5.379665740807043,0.7787134299072282,1.7854500716897397,468.5420626700951,0.6400534431681768,8.839070410864332e-05
18631,-9.32529034272838,-8.061273723587217,3.7116184109656594,1.002190908508746,469.09932786038956,0.03836563933338866,8.839632978769943e-05
18632,-0.33555552497471197,-5.066081620893025,0.8090706574632878,0.9519734329862086,263.40550074171915,1.785922896905907,8.839902900416775e-05
18633,-0.8136007445907385,-5.604067927174035,3.659731804082306,1.1361198632971798,298.21803492141487,0.6585407667412886,8.840119144383875e-05
18634,-9.141651916651105,-8.514245980429173,1.888900682619238,0.9600354294077105,192.00352252851715,0.7065495547422795,8.840123420803648e-05
18635,-0.22447555844326672,-6.020872178155749,3.7139676808837967,1.8631302679418964,468.3411625600673,0.7758031476308629,8.840160518075455e-05
18636,-1.8981980732520078,-6.668489566850541,3.9637911277987503,1.3250091552850443,206.84254944879265,0.38295233292231234,8.840421312810722e-05
18637,-1.150294743281286,-9.254574057064076,4.868049257953298,1.8947617356198168,195.3636713723816,0.2713270990453571,8.841675527229618e-05
18638,-1.8735166689666531,-8.310371639654129,4.762246021357516,1.5007051366607813,468.00613768382254,0.4091506526635227,8.84192316342315e-05
18639,-0.9639914971169894,-11.87173377386962,4.730545369441167,0.9612353558651903,252.18817555939157,1.3893330901177707,8.843808484240174e-05
18640,-1.9357724039823445,-9.9030836686859,4.833418184371036,1.4031963750511236,324.781126047603,0.42501521361551386,8.844526731334566e-05
18641,-1.292706228818398,-11.842114390979994,4.731327264032644,0.7168863172875339,144.71021693980572,1.1130989452252829,8.844963180714717e-05
18642,-0.020523926796808922,-7.183138387013994,4.2114841143911,3.5137075547395025,536.5990052006063,1.0868907127584828,8.845051983541188e-05
18643,-2.2666984003872495,-10.025373314609643,4.943217457487214,1.9745568018518647,399.5715660979589,1.511610375499088,8.845350637118548e-05
18644,-8.880476768107025,-8.913268169452394,1.7463190280313947,1.2495912763128452,253.6117901176895,0.031046335736156117,8.84548885441397e-05
18645,-0.9343850321820231,-11.603718385245594,4.722502839063047,1.6733771536573625,393.0287409009898,0.4868905220353863,8.845772773989764e-05
18646,-1.7889564293177767,-10.937546791487415,4.765644402975595,3.6400222032435994,516.0672244784515,0.25067756788860773,8.847861014580777e-05
18647,-0.4972330567857757,-6.20011171784316,0.7018718264566867,1.1087142856955163,287.00986688634345,0.9076942614184658,8.847932578573653e-05
18648,-9.726949084769132,-7.362658179887881,1.6305856234492173,1.6271848877766661,379.23565793982726,0.013515946595745731,8.847973738759512e-05
18649,-1.6134258223978009,-6.338732610064141,0.6921302872234655,0.8963222194831839,467.82000615486675,0.5188281701867545,8.84815744498755e-05
18650,-0.9239341867005013,-5.502245064418161,0.8273074385754483,0.8362143930058645,185.87632274685242,0.27617628397247795,8.849087001592047e-05
18651,-9.75760705035498,-7.814433394875396,3.200922496384963,1.170708993366995,177.4077821443628,0.17020657093795766,8.849201595395144e-05
18652,-0.4107865782125302,-7.979187806491357,4.628285703132904,0.7877079352699315,172.75913501889553,0.1332388233188908,8.850621887360572e-05
18653,-1.6636358597804684,-7.00830653890213,4.1653238687901215,1.2275269863522493,258.1579882674937,0.05044191192534253,8.852256843544948e-05
18654,-1.5001996160429698,-11.069657338624188,4.741594330013485,4.785625878592803,608.9690377082854,0.5179456735713588,8.852332646027752e-05
18655,-8.943169469840221,-8.658485666521372,1.3187231857709456,0.9298811357426715,394.08211804968937,0.5032749158062932,8.854062103856747e-05
18656,-1.754386668801354,-9.485816139204285,4.859452059534975,0.9279927636612839,467.22183098449403,0.471261690990203,8.854983787351338e-05
18657,-8.818490356237412,-9.015034197584585,2.432638587517534,0.6809351374217307,196.00961077262465,0.4686525528142109,8.855310502692327e-05
18658,-4.802305600984256,-11.89111203581207,4.922482465381922,1.53148233017438,353.45590382246553,0.3755120901194742,8.856832128309088e-05
18659,-6.3302038553492235,-12.88441902009667,4.80002256101724,0.5046655736334396,140.72669975406228,0.6821369318572463,8.858582511284044e-05
18660,-2.031731445789063,-6.641367431411563,3.9487471751948493,0.9883541702771663,211.75596583505654,0.38953155119733207,8.860140546293237e-05
18661,-9.474894340347548,-7.419889274812471,4.6039713892016545,0.5551102405806456,115.42740019613892,0.0003350337711838236,8.860406638287857e-05
18662,-4.234194104843079,-11.137817067412016,5.067209941603983,1.6732639222196535,392.61829999125274,0.7508119299526834,8.860618497413905e-05
18663,-0.10586967525734892,-6.775276359399389,0.5619515550840668,1.6751399794929487,468.2006025807734,0.3159843740834676,8.861018743691874e-05
18664,-7.605217218195198,-12.556818374751066,3.7501210760988175,1.4315907421594338,468.0271371987329,0.34956359235853807,8.861311705604347e-05
18665,-9.97583110740598,-6.905443270779998,4.427791018354334,1.1065152223882626,282.2269348058849,0.8610160627038654,8.861860155858399e-05
18666,-0.8095842586557751,-8.3784952426958,4.771264431475059,0.6977827290161484,139.92661276581623,1.0430850982625293,8.862315347155149e-05
18667,-1.4177139027192247,-6.114732231144628,0.6894812753820101,1.037166248534994,256.51295062058324,0.547841675464463,8.863692375673316e-05
18668,-1.4561189422447498,-6.112636034085326,3.752053336930331,1.1201841540726942,467.953778483011,0.24919855933020507,8.86423351795628e-05
18669,-0.08838128190396333,-10.655828325587596,4.772589050017905,0.7250170907946166,147.88281302463716,0.5292072040488662,8.865434941047402e-05
18670,-2.103667913852635,-7.244172237453613,0.4336753788345144,1.3873546100808238,303.01021555927537,0.06946300037140496,8.865770417506796e-05
18671,-1.263939782187407,-9.406020902536909,4.861563577806094,0.7328721955761811,198.57102320902504,0.9956860853234337,8.866913177299288e-05
18672,-9.901436618562428,-6.713653764330493,4.64919486763883,1.2814950261808637,238.82397047623937,0.3937205057147919,8.866935465700243e-05
18673,-0.1262308217513155,-5.960337094589328,0.7297763444261051,0.7863312745019728,219.384099848406,0.20280274089406358,8.868166258405426e-05
18674,-0.378490305879831,-6.35332921034066,0.6934448491920684,1.6660119118116616,390.7096844372488,0.15395614822650483,8.86837019250532e-05
18675,-0.35659175909563423,-9.062427962907943,4.863850368954761,1.7756595872641083,434.3840760054504,0.4198887638519144,8.869589405828058e-05
18676,-1.9557565707024196,-8.783766481656297,4.845161971046689,0.8658476775192915,468.1573463402762,0.17649837479569985,8.8695901390687e-05
18677,-0.22095555060097283,-8.365040123670834,0.10639804293962886,1.7141061888205393,468.59130668496203,0.6502012755859177,8.870099853500929e-05
18678,-1.7010236859905419,-5.254640858076963,0.8257328490727599,1.7234287048860204,350.98178361728316,0.2078112704431616,8.870408527976816e-05
18679,-8.779773735715088,-8.308421491216052,4.4316463857532025,1.744376931879176,467.81284976692103,0.7891388893332518,8.870656575669526e-05
18680,-0.24953366263600252,-10.009540593953979,4.822174684695295,1.3512236408490572,299.9000406810644,0.6288186101639992,8.872335595454721e-05
18681,-0.6468960268575135,-11.754271712926595,4.731009577902004,1.8299264454069566,387.55859740344863,0.7195287728035398,8.87331150518969e-05
18682,-2.4597004559239544,-7.200012840327633,4.483043096995612,2.4337360916801796,443.2738396360382,1.0201434342514544,8.874020439448225e-05
18683,-1.191309694449048,-8.31765191881461,0.12729304179554676,8.744604069009277,736.5081209557728,0.26733868920095016,8.874671913091853e-05
18684,-0.8148050229634869,-6.160941531986382,3.76590399795858,1.9504785778100153,397.3885248115344,1.6296984052680399,8.874820646638755e-05
18685,-0.2734345248028358,-7.488203567389373,4.413968748614818,1.223413106481832,266.9381602319193,0.12373860548732107,8.879329907613949e-05
18686,-2.8910944188028873,-6.07380650593134,4.886375796850812,1.1038768594210637,466.9782253946866,0.6171433266375175,8.87988687122472e-05
18687,-0.5108147098128146,-6.1253047557759555,0.7428663853002565,0.9449140998763144,221.44007762195682,0.2365214408936458,8.882122405331703e-05
18688,-0.3061552974652386,-9.445832370667938,4.858382221595489,1.900970177127062,467.913854032279,0.36980566482284605,8.882607753884589e-05
18689,-0.09339973899254161,-5.259109647922686,0.7834760940270676,0.8352947331635825,183.66818375888002,0.40805890690690827,8.883832216356986e-05
18690,-0.5975643134892898,-11.146901413255021,4.740341683647719,1.017540734882034,269.4230533297466,1.5376720984957553,8.883843883078809e-05
18691,-0.6059427829007031,-8.033491362713985,4.64332282935787,2.928766808259324,491.00352753943827,1.176708087374144,8.88465655416851e-05
18692,-0.1600696164328994,-7.184837213027106,4.211129554662422,0.8800995642094848,466.98409202511766,0.5440751363641505,8.88522938648637e-05
18693,-2.3970604533537916,-7.488035015651274,4.4737361997716265,1.2613731323191175,268.0698413561119,0.7950818369219199,8.88528889657106e-05
18694,-0.7710122177412835,-10.066805539505461,4.816127608604901,1.8438335118406448,467.6682441939072,0.27100276718215266,8.88646064517214e-05
18695,-9.022919569971224,-7.588007171429598,5.124042797661587,1.3168578729514524,285.1927824253209,0.42121830390742776,8.887467739170157e-05
18696,-0.020259479535358338,-6.321086975588844,0.6502451506514545,0.8791563937073752,468.80565640352813,0.3604464109939247,8.888730864654074e-05
18697,-0.18424677612179785,-5.377428127527265,0.8390418127162969,1.6057292057905452,468.12338586125753,0.3079459242041773,8.889633825954849e-05
18698,-0.4500875177513475,-6.274899936793298,3.8026617289938804,0.9568703825603332,257.65197630740477,0.7765513744919597,8.890449062912526e-05
18699,-1.1062685589400605,-12.699924520383668,4.69931284307167,0.7774170720591413,470.1361125258893,0.20210058921942586,8.89160622188065e-05
18700,-1.7585740837844241,-8.68275051909723,4.829853641576818,1.669491860290178,432.49338681091615,0.7589099126799344,8.892138340180045e-05
18701,-0.10765034527585016,-8.026565692379776,4.639650899324696,1.2063502815304512,466.95338274686014,0.19559132165565085,8.89230264884486e-05
18702,-0.03255733106691494,-10.825680885782393,4.767752573363347,0.43364789117137964,115.98614007395983,0.23390541241505236,8.893433291548138e-05
18703,-0.09474677480986315,-5.066446490767509,3.5569420194204984,0.5251905061840337,114.64564121597975,0.7679908830623896,8.893753221169471e-05
18704,-3.4173123129209957,-5.59614695410626,5.150705225688948,1.617773130170164,374.3857394152322,0.9253487821741375,8.895865225469821e-05
18705,-8.273371042563804,-9.171568732317253,4.129686140876354,18.9673110940532,771.4216050163998,0.13357993827107517,8.897080293653956e-05
18706,-0.26932942707579954,-7.420487826215832,4.383523525495893,0.8999273247753755,467.96707895834646,0.3268592771778369,8.898417826693397e-05
18707,-4.9292527870949705,-12.318168882218778,4.8762618753749205,1.8509905862573668,461.1385260454944,0.34850592896070065,8.898815268315499e-05
18708,-5.47931901364942,-12.279654745478256,4.894200000026093,2.8577722660239315,487.03021579694814,1.473013907004491,8.899690230531513e-05
18709,-2.2850752658561015,-7.862320444848287,0.308421321703495,4.919231371159113,616.3439000705882,0.512063022207184,8.900981271736613e-05
18710,-1.919490680853066,-5.536436467704469,0.8082423371188898,1.2401506719176982,313.8975837153521,0.4194525997732743,8.901156737556848e-05
18711,-2.152033208574392,-6.880335209887171,4.0941713889121525,1.1278465804781885,293.0359146250417,0.6272039793187387,8.901578404308366e-05
18712,-2.0163868219893697,-7.91007759714058,0.27148830440455574,0.44128096904660313,128.74913961186743,0.24770635262982843,8.901680608229953e-05
18713,-7.967125776055934,-10.681514887530362,3.422717080261845,1.3108549394306774,289.4421318219732,0.033666377605957365,8.902937263851373e-05
18714,-0.16195339075467352,-5.630816723772787,0.748127016433647,1.7583020315116213,413.58666449777314,0.1498502294548576,8.90307899674398e-05
18715,-6.961062045088125,-11.569267666777314,4.649313865535147,9.117003960511969,655.5805473792105,0.1309712249296906,8.903489966915358e-05
18716,-3.352678383687967,-5.29589369542904,4.81129768531647,1.1049104438968183,467.2998086195857,0.7786598738426251,8.904095649236504e-05
18717,-9.749750716141879,-7.766932795243396,3.411344978889801,1.1053403338292496,283.3719881273282,1.7005488201721688,8.905412196773118e-05
18718,-1.3727520823813837,-6.875942377760964,0.5659378834108131,1.1026973100340718,284.56749622700204,1.7209674851726051,8.905429219902129e-05
18719,-2.354125760010385,-5.690292343598159,3.736385509113647,1.0910985046635842,446.00349603131616,0.40115000320431005,8.906126323737289e-05
18720,-0.8933041348360309,-8.48026149994356,4.790974032253026,1.7177784699620107,405.2388123119882,0.23782808073213335,8.906521083069046e-05
18721,-7.868147454911652,-10.440898826437206,3.790763793779331,3.795343760713323,548.5906021441798,0.5954888287538651,8.906703229976778e-05
18722,-5.23874984004534,-11.210026693139781,5.068529635056835,0.9257640261365325,467.82144559874826,0.5881780749721406,8.907489069981708e-05
18723,-2.151729635321624,-7.188658882905472,0.5198489887213684,0.8352504056052419,244.9406859386441,1.4396622333537588,8.908499732452538e-05
18724,-8.17510526946279,-10.503294559833325,2.8626570241323694,1.5325096963887195,354.41653496867593,0.06716793187210435,8.90871803580437e-05
18725,-9.981238380147959,-6.864620548272563,1.752777147771986,2.466868997220281,451.2425990079038,1.4820302757448323,8.909543721369751e-05
18726,-1.9609621620995235,-12.966254464431733,4.712410722689071,1.8762069417323537,454.9625474981392,0.49841580953483344,8.910556331121809e-05
18727,-1.019543174767838,-6.766679582484238,4.018903305224171,5.786841900867411,660.0341577199121,0.4537221191155636,8.910616204829278e-05
18728,-0.02578864604459774,-5.5513276480679625,3.648400311023014,1.2523653681409392,312.1188476907834,1.4345501990767815,8.91136168712575e-05
18729,-8.21369007770048,-10.86571970068082,2.0655749826538536,1.3885368331520727,337.637819975229,0.5391490834769206,8.912338880077348e-05
18730,-1.4589083902396087,-5.881112717580584,3.699498570074779,1.814978251267215,382.4886334639523,1.5045306541207237,8.912962216667081e-05
18731,-0.9593059949028717,-10.042268263999562,4.815225824831113,0.9977811495123093,264.5107961849572,0.6451448667678017,8.914055473392469e-05
18732,-1.0485774711669738,-5.984078238695947,3.7410431113517526,3.281685883856575,518.3312612369159,0.9823468342198671,8.91452610285792e-05
18733,-0.7843203435871562,-8.708734903698645,0.015942597891223768,0.6920197805058912,209.9577625900251,1.4492405047603603,8.915109103083231e-05
18734,-1.6346807648291168,-6.430074193984013,3.8908434682967616,1.7013602583684122,467.48339782126357,0.1923475672156405,8.915843779973195e-05
18735,-8.668540150062768,-8.6923026966133,3.9710348549614,9.965334015627189,585.3259515844111,0.0012017682630904858,8.916200041298902e-05
18736,-1.8223161301601074,-5.494796814297047,0.7792852330094453,1.234165417167451,293.3501899869432,0.24240576010617776,8.916543256461616e-05
18737,-1.872783908306232,-5.673843038990372,0.8004961796898512,1.1525643265312797,285.9559231010792,0.8503488954625373,8.917031199606359e-05
18738,-0.5296962676673349,-6.154765602789685,3.725565238143628,1.4585298798067137,338.5371989181453,0.33723561589502893,8.917080662238479e-05
18739,-2.1308099881087443,-7.585442406356194,4.4584500629041495,0.5566776072373922,153.72730280355614,1.0314311232554205,8.92166049659608e-05
18740,-0.33829749200350356,-7.233109237447515,4.2521780059453995,1.4479983391884308,469.03559164820825,0.6305560924718172,8.92295924396737e-05
18741,-8.191893165740451,-9.308050981056414,4.1269205508098645,2.351947738596123,425.76138563405186,0.581968829555847,8.925164434919267e-05
18742,-2.413742754258079,-6.523373763779085,3.916751083016249,0.7461932473800879,467.15949164682917,0.2874897169962507,8.925794915862172e-05
18743,-2.0936590102381007,-6.39957971665438,0.6465492679520403,1.4086896190676486,311.31459566423706,0.511269167936466,8.926256259646609e-05
18744,-1.663354722513061,-6.258175051022038,3.790239789911002,1.5885855433146194,468.141779957443,0.2466124785298991,8.926560876401953e-05
18745,-1.4367461443441307,-6.934530991236753,0.542554763319259,1.9966948454448719,403.4063764742929,1.7507709394599997,8.929130798610341e-05
18746,-1.2219914086584112,-7.682550467677744,0.35478887120373437,1.42728188089437,322.1110583519558,0.12515523449467203,8.929576770341693e-05
18747,-1.6995652683712663,-7.903933866186668,0.2695137369870752,0.9292482054008352,201.23002730306848,0.32488302121176016,8.929693432847243e-05
18748,-1.5680125517577341,-5.3668935641387945,0.8568891607908357,1.36079803699424,311.182079460065,0.36137464527947305,8.930111285315463e-05
18749,-1.697380701206784,-9.23476886102113,4.859121395285735,0.8241045435123345,467.71103516310063,0.13766172413233235,8.930546075864048e-05
18750,-1.1024487649290364,-9.711029338826012,4.838011183573189,2.3351084775945252,430.0984011121863,0.8220950918130265,8.935192234127133e-05
18751,-4.307888514891372,-5.852610550440518,0.006040556697584263,1.8656344301798677,447.14161687352555,0.40789101242203607,8.935458319737337e-05
18752,-1.8325314620169237,-5.595368439501895,0.8091932464270666,0.6809969968376839,210.5074250057877,1.0711798059489857,8.93636411207967e-05
18753,-0.30980391558920495,-8.305632476859309,0.16455400974657078,1.1104281701997385,254.965760352684,0.5235626922753926,8.936402430919217e-05
18754,-0.8819760050578864,-6.4011382231947636,3.841895190079798,1.7469795499623197,412.6634206333653,0.5384384351518436,8.93789225680185e-05
18755,-0.42400241765535895,-12.78287847183907,4.696135961077865,1.3260877705542966,224.00250204689743,0.07435026506174491,8.937985236956259e-05
18756,-0.5875119212288826,-7.136239219872649,4.195558465707325,1.7674729488754843,417.4429124708729,0.034536403249556535,8.93804298971838e-05
18757,-7.124249361882242,-11.142999084621206,4.605791728550043,1.5791170731729414,468.60846544360805,0.35242397935568537,8.938587736457095e-05
18758,-0.15719094751487184,-8.28833931362783,0.14727198940571304,1.2849189087972317,287.0025794878212,0.9905702404384664,8.93881043925836e-05
18759,-8.716160122428786,-8.753091024014193,3.719712479493195,0.8057037030027412,469.898807867885,0.07019600501210466,8.938944664709092e-05
18760,-0.8501406532576681,-5.559920641972338,0.7929794959244122,2.554974152722256,455.65360926800884,0.9514764526807378,8.939185723512663e-05
18761,-3.046138536145805,-6.445381163253953,0.166265636949147,1.1063389716639833,223.94326515603515,0.2457222327304862,8.939279191308677e-05
18762,-2.4134353911729933,-5.3202283543140965,0.7905428862988956,0.9655150469530724,230.83152765786156,0.07571469761354521,8.93991469754866e-05
18763,-4.4015206535816045,-5.054627749003091,0.23564231408308411,1.6215231789074185,384.0115561377113,0.3811026436345921,8.940048081207255e-05
18764,-3.298392353237719,-5.955200204471545,0.14052225151255937,1.8600564666205208,469.8695928744279,0.0747939591101554,8.94157937106848e-05
18765,-1.7483641069290954,-5.389900912718831,0.7806771560484954,1.7402048553797906,468.3123094048641,0.5457259590365986,8.941600202900427e-05
18766,-2.0675077653499603,-7.66658403932526,4.496704027249919,1.0711777202341453,467.39799410831785,0.3443267664692087,8.942119889721032e-05
18767,-0.5557717166388585,-5.770462748629822,3.628856825633025,0.937457812439203,188.0684653925768,0.960224883100496,8.942171847870238e-05
18768,-1.3771909800511377,-5.614503664101759,0.7576616435100682,0.7775262789758335,160.73415419638425,0.17073991297095947,8.94371452357657e-05
18769,-1.1723727622882745,-5.650004136657186,0.7637322865221404,1.0575611609126194,188.40265476380998,0.13714968405752703,8.943727605101362e-05
18770,-9.643006575409798,-6.7317778235283665,4.987830034445865,0.9707272397554563,468.54149578026846,0.8844258543684544,8.94373788311029e-05
18771,-0.17005265972881745,-5.3925354062714135,0.784897748141457,0.52537647767935,143.94239332705757,1.1551052800278478,8.943800311809521e-05
18772,-1.5890137807786093,-5.568428851674041,0.7556173088797412,0.9885462912226971,467.2758090647718,0.0697820683581023,8.944078770767213e-05
18773,-3.8025800160485765,-5.162367969425887,4.699552137670426,0.9708486334209067,468.52296027563125,0.06603216646434618,8.945843537100857e-05
18774,-0.29669489460559717,-8.30459697385928,4.736696218011957,1.7855192351730784,427.87366598024676,0.42664322945444777,8.946014605921072e-05
18775,-0.1306068375942555,-5.399616597856457,0.7852668403746407,1.5315646642037954,358.9516299568131,0.5124307908250332,8.948306673158216e-05
18776,-2.1266024555812066,-10.214401681481611,4.797743670172483,1.9667043343710944,398.1849866633863,0.5058179101287044,8.949207234613501e-05
18777,-1.822696889628288,-5.5299576256619964,0.7997954526821628,1.2175046350531527,306.53692639782406,0.6812567719629179,8.949435662874888e-05
18778,-0.9154517467347709,-6.087684895996217,0.7091480891782868,1.488433902989866,335.6014137487915,0.5468831836327341,8.950714485277564e-05
18779,-1.0832833201654886,-11.392543622896177,4.746092655519577,1.154936020967852,271.68433334085205,0.8190870957134218,8.950779770980721e-05
18780,-1.5843097831611868,-6.9416618625497915,4.116660190373191,1.8471564009870955,467.5694451917941,0.33779466425180527,8.951663266834388e-05
18781,-1.6431454219660964,-7.9106635668154786,0.2549280141713437,0.8584950721091376,393.75891017502033,0.241120777502271,8.952615606048816e-05
18782,-4.452552629901372,-5.312496095098545,5.118820488258825,1.6670652929276106,391.5375374730273,0.8495210755821487,8.95343258107828e-05
18783,-0.5466148753231543,-12.690746272749788,4.7111401491646445,1.1512121438715222,284.3363834793641,0.6482068607903475,8.9534838721107e-05
18784,-1.1212346065190744,-8.606539987171507,4.811032933332085,1.3545201075521114,468.0146722493326,0.4374914386261626,8.953491111711638e-05
18785,-0.02491732852768891,-6.960519536544577,4.1255888031941055,1.2911200010632227,282.82095667779083,0.22618916637930742,8.95496641952332e-05
18786,-0.6150502475755726,-11.35179635139696,4.721307892078622,1.205690160035011,467.76088931444974,0.4559089670945413,8.955238235406508e-05
18787,-7.856656578172117,-10.031074315105558,4.093253268149218,1.8055782040217156,462.0201378065892,0.6211036750834849,8.955946650477856e-05
18788,-9.774972829838324,-5.113704972074041,4.9174605134922125,1.4587950055652779,334.18508894785003,0.5058264577490883,8.957271748596275e-05
18789,-4.392723121814682,-12.997490457733411,4.817374333700899,1.0478033685494432,467.4445955925005,0.6857257549337126,8.95736961325675e-05
18790,-2.6667518822377643,-5.266284748461564,0.5361074232817112,1.267505782178189,303.0567961799006,0.9855331899500737,8.958153167393339e-05
18791,-2.481864698404915,-6.275550528910448,3.791445876055725,2.037268602531767,195.24494672528635,0.22963897311325798,8.958295694941893e-05
18792,-2.1475310125102105,-12.681849242478405,4.710643914407428,1.9032494029769107,467.5876122549304,0.41952881787479424,8.959316122912621e-05
18793,-1.1116298798478006,-5.321003126482544,3.5801316026766976,4.592803925955745,430.06374552304436,0.0320466215569013,8.95962096677581e-05
18794,-6.307182561613971,-12.231370103389622,4.850393305928614,1.1439128742733655,293.0993350846857,0.9088166410941962,8.959874257947537e-05
18795,-2.131654655037326,-12.865054279106664,4.692679696873158,1.8971650388527124,458.78581189487454,0.3888457992329428,8.960202543351395e-05
18796,-8.244314523292452,-5.439566073519573,0.10643309526352634,1.2927212187187729,321.7101322621568,0.352914934371376,8.960219003752612e-05
18797,-4.204153121815595,-11.361103869210254,5.001826313071941,0.6132091904617459,170.8038162175332,0.7918524863946388,8.96210612175286e-05
18798,-0.606776883888525,-6.698195748500507,3.9569709266007873,0.9798746145646818,270.68409827960966,1.1516932293299371,8.962205409139536e-05
18799,-2.5991340542834482,-5.13610517156715,0.6765449053977892,25.06463111792915,896.1760039310151,0.2593054761138971,8.965071336721066e-05
18800,-1.3944898219587554,-8.31119208956565,0.14002314344321415,1.653238113066856,387.92764754200346,0.8694600122640255,8.969017931845919e-05
18801,-0.7482155395311416,-8.42916800095595,0.10563942728634962,1.0016053649807066,271.86844714220246,0.2649713332804655,8.970503269809217e-05
18802,-8.027918737280261,-10.234573613327973,3.5536217594381903,3.245010938608199,510.75562730945364,0.7411327463191606,8.970601472384421e-05
18803,-8.04274284577426,-11.98761309937699,0.713872304323511,0.8092136961034326,233.98781032438535,0.9946830213856055,8.971060181994455e-05
18804,-0.5135996023552529,-6.698571709179503,3.9556269006984506,0.7116515430358334,139.73749989116465,0.07511499177411807,8.971475337321246e-05
18805,-1.060578802502425,-9.460919218066838,4.848615461724882,1.2837656089770793,318.4204811443814,0.4712353924584809,8.971611359117818e-05
18806,-0.5855641945448635,-5.188581456094273,3.557789152275861,1.0698740374874522,279.1161986411832,0.6607228260122175,8.972193461039417e-05
18807,-1.7038560927724706,-7.9881632859469285,4.65153673759467,0.7958246932762629,185.48074203757443,0.3150746826974862,8.972501678541332e-05
18808,-2.252320332335902,-5.7692320707796805,3.6688961054174087,1.8286860778320935,435.3005517560256,0.5801466283292447,8.9727575697443e-05
18809,-1.495627574322727,-6.187234240145865,3.7571154353469423,3.12662842723707,503.00675580499245,0.8266805437263613,8.97286435951659e-05
18810,-3.620607299980988,-12.934530779239227,4.8042479463066226,1.0539052314413346,467.76457394443963,0.6550791782093954,8.973433703382223e-05
18811,-0.4930637086500962,-6.896140223157817,0.550149830938804,0.8343067482008396,166.95376589430109,0.15308820473766538,8.973711333440515e-05
18812,-0.4700850988505838,-7.808555554274499,4.57024896227525,0.9372513714944964,193.97203276196802,0.9726963039379823,8.974028663604321e-05
18813,-4.956947707456943,-10.985567068216142,5.126101495186362,0.838455910859033,230.39335087337565,0.6710232821678392,8.974167319565082e-05
18814,-0.559718607795606,-5.257135293319758,0.8559303385718686,1.6061999266447602,469.8923015243277,0.07036763830671777,8.975106639389944e-05
18815,-2.680473267734741,-5.098603023721965,0.6141550986854893,1.5929815746483005,376.8043522828529,0.2560702146693643,8.975497743601167e-05
18816,-4.434427077939763,-5.392774041158048,0.15695445858043428,1.042990986933444,271.88143635401525,0.9090097288504806,8.97616924568516e-05
18817,-0.35493499439513343,-6.957222935934656,4.1203160469965905,0.9577076415406443,468.15925650223585,0.1513263345869511,8.978375598652668e-05
18818,-2.4298509855914006,-8.118490569649257,5.122519630991984,0.8372798634286208,244.1619807789464,1.6059619797759819,8.979523419137787e-05
18819,-7.1471344855827565,-8.890332542657951,0.012049450210415555,0.992688452523081,467.50466647689734,0.8828117310606975,8.979901510522775e-05
18820,-7.284209203137775,-11.444817243396827,4.3622240988195555,1.0968879876181552,463.7377501117848,0.3327758881444316,8.981021487513825e-05
18821,-2.1284652041406327,-8.323920031084413,4.738312006708739,1.832930850471442,438.50801321803823,0.13245504940112784,8.981081055103141e-05
18822,-3.2464482128494794,-5.1717392376350615,0.44024689223193697,0.9568059785128127,468.7236582764911,0.5415120695652815,8.981720107467252e-05
18823,-0.9258525567929432,-6.44860777460055,3.853236910682925,1.2283998754763679,311.6213486484745,1.4163784738716432,8.98185717963835e-05
18824,-1.752077925259318,-5.784429569004998,3.6208655452836496,2.5539930491478935,462.6730558836421,2.1945526903835537,8.982385229744285e-05
18825,-5.522603306990967,-12.238721651872574,4.896995522023503,2.0899193336230737,413.5008981119672,0.5940141089674542,8.982489378598903e-05
18826,-1.9955936124686975,-5.737537636927914,0.7790905292419613,1.163697854749128,281.6446085036993,0.3626309951778648,8.982636360274161e-05
18827,-1.4206434158039034,-8.23949197014274,4.722754624170042,1.21842759993327,468.07593948395566,0.7172094544940446,8.982951291009443e-05
18828,-7.737586757249842,-12.15196913659937,3.532241450296734,1.4623045012416707,322.22249505428096,0.7860815699812376,8.984555291205676e-05
18829,-9.892917858261933,-7.72149081547643,3.0528927272249318,0.9499766030203871,267.1030576410476,1.5719806647302716,8.985417442343109e-05
18830,-2.3249412490449277,-10.737366646201227,5.014661536112235,0.9209599068839972,140.55192113104908,0.25536560269313036,8.986522249702976e-05
18831,-1.1481922769457427,-6.228340547607356,3.768896495770419,1.1353291973231079,281.4923204659719,1.179343478825789,8.98681072560428e-05
18832,-8.062108896536767,-10.848134878480925,3.0375068044568154,1.8959705454770828,467.38154469820745,0.1679923139572299,8.987183986764728e-05
18833,-1.7845928201941632,-6.787097041347715,0.5939626617972232,1.7278362344007765,469.01049194468203,0.3914871243758169,8.989427662121057e-05
18834,-1.2676184894220892,-6.827610817643068,4.054738502976334,0.6329088355468067,121.96834332431291,0.06882792802567295,8.990692581377218e-05
18835,-3.4087275570041875,-5.542152228860688,5.064091069636011,1.264886715147952,302.6510892327488,0.2471143537365199,8.992013651197389e-05
18836,-1.7936276746111126,-7.24370668755509,0.49938965782060873,1.8988953339539647,468.2918506979422,0.6425422689672073,8.992276499326349e-05
18837,-9.723498934821997,-5.625328893868318,5.021041721867144,2.9690242048499607,496.9973614959395,1.5554651582918755,8.992488732113767e-05
18838,-1.7098125125849055,-9.888839848769607,4.819191580884123,3.0499225414874953,504.52727088753693,1.7844173278478141,8.992675980772687e-05
18839,-1.055362030971006,-5.308604335049231,0.8436743045920131,1.0284440981155374,275.25171295870507,1.4526504547146013,8.993001921527103e-05
18840,-0.7774509714588085,-10.697446425291878,4.760777793442841,0.8192973861041272,470.2472487091319,0.18622788435090243,8.993354233879346e-05
18841,-9.623124414884586,-5.333596832137924,1.3543168791168894,1.0668960504642238,240.48508938044625,0.07474128267450553,8.994796334198561e-05
18842,-3.8397581267142282,-5.468299871152083,0.24109457108338989,0.9337444612834114,263.1352113241225,0.8285594755564452,8.995961767963896e-05
18843,-2.2362368338750036,-12.294570072799575,4.694035714674663,2.3158067718287794,381.4521023682247,0.19570755383375005,8.998144080724447e-05
18844,-1.340631224326227,-5.5237799797294835,3.607384245840462,1.043220109583882,283.08684622511214,1.123636952877903,9.000130787894901e-05
18845,-0.8845738558926612,-7.608528364380531,4.459751936734638,1.664413463633926,390.543037702599,0.23760887130166264,9.001065714431807e-05
18846,-9.927328111714179,-7.7099274810719445,2.782716555909875,1.8153159403955808,433.80097945656706,0.4566239763849387,9.00152806807709e-05
18847,-1.1967490905706182,-8.289692047990162,0.17125404520719711,7.593795978335848,425.42304080156606,0.12885821858121993,9.00210515569077e-05
18848,-0.18525558388381036,-6.811319365030155,4.020382684881979,1.7996775838620398,451.4494831142672,0.11689379665744681,9.002228246659195e-05
18849,-2.2234448448576583,-6.970544695446511,4.123136330313159,0.8767658354741749,244.11888339874093,1.6004732394648231,9.003198559372113e-05
18850,-0.8741571590663195,-5.932483625990398,3.6431626953073017,1.7210174676330252,468.947028867481,0.6029577375256974,9.004131444415778e-05
18851,-9.801382885878969,-5.8506677512100005,4.926859212330575,0.9307037820865729,243.9405155631612,1.1188100752422079,9.005833649608326e-05
18852,-2.183406315374974,-5.02457150095632,3.483075808414056,1.7950226245660268,468.56787696716003,0.8519294732653222,9.006877878990871e-05
18853,-1.366048385035846,-10.026931692407327,4.806771275230763,21.071347525268294,478.8280671068271,0.23134137363333007,9.007661895942582e-05
18854,-0.27189470445376784,-5.031221219805677,3.5290323700980575,0.8351171921798596,165.9228942562236,0.7057749896438361,9.01012201478099e-05
18855,-0.8545163572948411,-8.62976686613436,0.04331940719013124,1.2504361951140932,198.22908579326068,0.1072487283183694,9.011109798266033e-05
18856,-2.0919829551062517,-5.150719891587053,3.5446062754537437,1.1571428887788098,297.1670629070545,0.8563526395392236,9.011662400881652e-05
18857,-4.187676818162142,-5.395214748964143,0.18704653292377368,0.694938248031159,164.90693638689805,0.29188681400968886,9.011731184382002e-05
18858,-4.179773163111906,-5.312135095009402,0.25383833663016725,1.0197501348054114,269.3009289462339,1.2819988889376033,9.01252726450742e-05
18859,-1.3514064983574876,-10.44106952948766,4.772874642816663,1.7651191942873252,419.80904385586655,0.7906898110138867,9.013494238897332e-05
18860,-1.6919019035490024,-7.047243416607537,0.5331833490667132,1.0712894484423834,223.60956249990133,0.12975030176799596,9.013648125804285e-05
18861,-2.118256018918073,-10.956713607434386,4.7293005072524,0.905275835031113,195.95645709282755,0.0030803391378499967,9.01386881931726e-05
18862,-2.1551725939156983,-6.961609009996874,4.11698029156323,1.2415140045252056,268.5631565168338,0.4427531554167281,9.013961980018646e-05
18863,-4.706722213709648,-11.927904286384086,4.911806393955875,1.6601009890821135,390.2201902103644,0.3406684276339167,9.014246892925e-05
18864,-5.829686062290931,-12.262083254794534,4.893237919428125,1.8459580710580754,467.38842573360324,0.8952731737181541,9.015495109900765e-05
18865,-0.6266619700251042,-8.31546960427487,0.17673252867689093,2.8959056647901016,395.51851960870147,0.08831538534052363,9.016000439520851e-05
18866,-2.5128964317216216,-8.039589030974865,0.2487437300455826,0.9664150235124214,268.07996763398626,1.0774946203333107,9.016054188481547e-05
18867,-2.9011096599937725,-5.868755463282062,4.576647746326817,0.8664951682072045,231.7249421390001,0.7780947607773205,9.016292307413168e-05
18868,-0.2352315385522843,-12.26330122127936,4.711763155923172,0.8010106119396541,160.57234694664436,0.09033674923765034,9.016740159191634e-05
18869,-1.19545684072075,-6.517161960841048,0.6737261465084782,1.1055088439225764,222.85177083869672,0.9323371870106145,9.017208465236477e-05
18870,-1.1529469028620625,-8.961043231152974,4.844239863074768,1.0872569181375977,283.43624660424786,1.4515872395174192,9.017543897268311e-05
18871,-1.2938453976863293,-7.7076431119842,4.507256242132184,3.7427302435271064,551.2263690251086,0.9371187427526761,9.017879960589834e-05
18872,-0.026114663808833427,-5.250729893324481,3.5576851152048206,1.2245028011394066,253.6925104814316,0.5442592392709429,9.018522852877748e-05
18873,-4.28914816806441,-12.881876200037917,4.818930455757477,2.064917312884047,409.49580242217274,1.5185979100122298,9.01884530751338e-05
18874,-0.47409348678736407,-7.410658969502396,4.348197816937937,1.8244203443318288,436.629648023202,0.5576529847184686,9.020075740151611e-05
18875,-0.23916074622670358,-5.108197786013916,3.5370854985173175,0.8363431658751938,243.87190874323872,0.6357066890040901,9.02025403777507e-05
18876,-0.3831357626333052,-6.315282281836608,0.6963736343544451,1.861808147701548,468.8683770684967,0.5266527088518336,9.020516670559707e-05
18877,-0.9160223909075143,-5.785693150921676,0.7627708351846696,1.2459235058223428,306.7605258287159,0.2485603202374369,9.021471644241296e-05
18878,-0.8489960485688979,-6.85283573409342,0.5777418304599328,3.2354937853286656,508.592037964966,0.6832073344148801,9.021902240078384e-05
18879,-0.7434484240042778,-7.363625434538126,0.4500551941444723,1.0239935116229748,224.78640686506046,0.03187291033972883,9.023132123872636e-05
18880,-0.7855659137367024,-6.694913147831961,3.9454575673537864,1.068373777547931,276.17217242934726,0.947971064518704,9.023745193722316e-05
18881,-7.382607943368441,-11.268245712606406,4.279835765916949,1.3064062709577324,321.4655669371021,0.3439459052147873,9.024013899232742e-05
18882,-3.100305993913227,-5.703126223391649,4.887434305724792,1.2926554224778672,285.34541916485335,0.21032757612934638,9.02478690786652e-05
18883,-6.293371201482012,-12.359892361675907,4.838465282058947,0.5560927740583184,114.54434228544405,0.2068672941135663,9.025187575934994e-05
18884,-7.434682812325855,-11.510606385038992,4.1541570335358,0.8550679041297307,468.12851590156504,0.4131466123734979,9.025223104846854e-05
18885,-1.9190347190802477,-8.188263272169099,4.708103855696691,1.0995715742635246,285.56339450783025,1.4364064172127327,9.026739748672989e-05
18886,-2.071661819701048,-6.360717467099952,3.810563738714836,1.480331183254725,336.2492791009507,0.9689993267542594,9.027532278386188e-05
18887,-9.936426667583786,-5.582051148801755,1.6647607914579543,1.1154796842712067,468.7032788520916,0.08158218014315022,9.028986198305383e-05
18888,-0.1902560700603395,-6.514943024099733,3.8724171340300306,2.5831688244743627,461.5794572357845,1.3515668070643958,9.03022289994532e-05
18889,-7.035847271743712,-12.423919207057029,4.475073791454989,1.3499062765494123,253.36481111161584,0.2059243566275697,9.031400191582904e-05
18890,-1.2864723659296367,-5.882127722216801,0.7581287579473313,0.6920835856530998,138.86760976695328,0.7487713711726327,9.03223498406284e-05
18891,-0.8835600728835544,-7.34603029203965,4.296502628619945,3.3749467840047163,516.8502166330065,0.5837726134456185,9.032266838644677e-05
18892,-3.9749687713636215,-5.004466258990505,4.652786912325104,0.9264880835901709,248.3596175982704,0.6524341536717211,9.035646289166101e-05
18893,-0.6387308225892259,-7.39164905241543,0.45373293306927365,1.5208550429327854,350.10843841412037,0.08286425672117215,9.036557440002978e-05
18894,-7.182252300530853,-12.06096982025338,4.3723704347405015,1.0839471129013938,280.06255825701743,1.685174529466276,9.036917536229392e-05
18895,-8.987312058984056,-8.294918344953356,3.986927761947073,1.0198401821567444,265.72401785371176,1.6794495240477163,9.037868819587416e-05
18896,-5.649266390296728,-11.600489546595968,4.985391483272944,1.089579438730563,219.68515821625726,0.7266852858167487,9.040185701578434e-05
18897,-1.3126173987086496,-5.541091121082291,3.6027641661554624,1.8988928082758458,468.3769561528222,0.496016572326341,9.040293813288249e-05
18898,-1.2760378125570213,-7.121920893193196,4.189110408508425,1.1003893022120246,288.7533451379199,1.12646411625163,9.042512385448673e-05
18899,-2.076924124476597,-12.148384139970034,4.711432541765829,1.008016087562574,276.17176950890564,1.4217079930006422,9.043589537022174e-05
18900,-2.437732692327624,-7.267606417728908,0.47818902089263016,1.2679177840182427,255.9794140308891,0.03301838227582987,9.044437010210016e-05
18901,-0.07272052263072837,-11.026101038287587,4.755967838522094,1.5597081586384842,362.8955716714797,0.4497093212824659,9.044502371849098e-05
18902,-0.1721262205944214,-6.966172806623819,0.5511498259747754,3.207271322409509,510.08781110766733,0.8447671291303553,9.045830468080905e-05
18903,-1.59654689544125,-9.233242348736725,4.847213733772837,0.6991767900570471,444.699963819211,0.3618644958532018,9.047090923350792e-05
18904,-3.0737956805315294,-5.462994180834762,4.629432068205895,1.421707699537293,312.519414755852,0.3391432227946183,9.047814348332414e-05
18905,-3.6643248539938247,-11.243027292367179,5.024475142245235,1.0119599472085696,273.4355455228918,0.8009884709174075,9.048027218265977e-05
18906,-1.0394647029526762,-6.833592435069598,0.5737135835524413,0.8961384892160962,175.8563119231629,0.6035918290863371,9.048395880270679e-05
18907,-1.7534714069602817,-7.704756283751103,4.5014307478792,0.8877803037081945,468.3925299113547,0.9069250137815024,9.052373725569039e-05
18908,-0.030198749663576052,-5.916668127450125,0.8205525353092046,1.6001080287234952,320.37379582827833,0.1374177903752738,9.05308183242187e-05
18909,-1.063688078127262,-5.143988017806613,3.5352756523598106,1.42088813903377,332.502676461355,1.880515565330806,9.053666739196231e-05
18910,-2.763164111894712,-5.110738299612402,3.6412625099469116,1.847880541178577,441.683537842747,0.5199462570657358,9.0537101762256e-05
18911,-1.7119363379024488,-7.716196105855006,0.31732475563675144,1.6693494671870783,390.9802795144475,0.11301672774098659,9.05399897774031e-05
18912,-1.3358674287150762,-8.920574102229311,4.837774419621358,1.2511708969037023,311.5457858782156,0.3020034092972512,9.055742345944465e-05
18913,-7.456240678087058,-10.770292883714045,4.339422830139128,0.8965700369949414,151.4429263151653,0.19788331059400566,9.056375668514092e-05
18914,-4.119342992222106,-5.397166403912385,5.007749711444326,1.0026005426088662,263.520916361646,0.6102861736069416,9.056602039541192e-05
18915,-2.195555146362995,-5.2366633276550365,3.4884712471703896,1.0848849800064642,290.0234203280209,0.8405711767677264,9.057599126495198e-05
18916,-2.3889879880021914,-5.752974912880981,0.7844769891804185,1.1032858557181253,468.7301583525796,0.6456579593276031,9.058111253395265e-05
18917,-3.811624656743426,-12.448911480683229,4.839312510162713,1.523398474437933,468.31624400978495,0.039347812099770785,9.05822593196521e-05
18918,-0.5736339246015305,-12.23481797312611,4.692704220572104,1.1490391191997051,467.4267034995855,0.6252677125695136,9.058679248725516e-05
18919,-9.913914523797839,-6.117080911653718,4.774936812700079,4.020983757924439,560.6572208190687,0.4804506308973808,9.059649987557073e-05
18920,-0.9830824399874274,-7.234766059308194,0.47634539495850353,1.9812961361992891,403.73884302734297,1.9880997353615237,9.060292934480197e-05
18921,-1.7721215847142062,-5.021892887701068,3.4704765511633564,0.8193398698905139,135.6617107750852,0.2915264811796012,9.060977285391646e-05
18922,-1.06539986508621,-6.425468289502819,0.7350604740853547,0.7604197090847928,171.375566344381,0.3242959302766293,9.061096834000927e-05
18923,-2.825205089929428,-5.049726630972326,0.5178852859629494,1.3354510079907251,297.84373198548633,0.7087329928226263,9.061808117711788e-05
18924,-1.0787856857421154,-6.740335171086514,3.9594532462202525,1.7996827678498561,429.3247502195009,0.7538887966956915,9.064476843694089e-05
18925,-0.5888523102670806,-5.130667148853059,3.53088793347902,1.516680473793393,469.4082819576304,0.1463872615584343,9.066115155795635e-05
18926,-8.49160901152181,-8.259079537426961,5.068797122525292,1.1532045133508897,235.8068480219912,0.9705978090742269,9.066954719840751e-05
18927,-1.4059047779536815,-7.64004546005672,0.37634082237702005,1.1230300144622751,292.61489942644613,1.708361124883944,9.067187763066695e-05
18928,-0.03775880738799664,-12.029008239638515,4.711634982635591,1.4085181677828227,339.050742067446,0.499543141146229,9.069015203579412e-05
18929,-1.0268805315327754,-6.815813986731198,0.6203299233210959,1.4104166749350815,416.10810927456447,0.2565618872382158,9.070439777030749e-05
18930,-4.280808169108051,-10.868637567034602,5.142369203764681,1.8125332496205244,433.68451098488566,0.6278671336761468,9.070457742289114e-05
18931,-3.1983728741559867,-5.280419808129979,0.4307929029381963,1.3937609231172734,315.7971928102267,0.07200965621397604,9.07072726396774e-05
18932,-0.09139677352732711,-7.279556006638179,4.255527897371587,1.771858513629648,427.68147900383246,0.25404169777882935,9.071599805136383e-05
18933,-2.2128933851730945,-7.665780684713357,0.3523977091598793,1.6770625209137364,408.12249720211287,0.29547069778988355,9.072167901764539e-05
18934,-1.535652674036493,-8.002078905763014,0.2550762434522461,1.722322129000999,406.82534567225036,0.34255820944967486,9.072426301688597e-05
18935,-0.3314028582775528,-10.380050645859482,4.771393893665508,1.6012347584839168,374.9985203723939,0.3526971320316141,9.073471928823122e-05
18936,-0.09388320985288878,-9.624943498041937,4.8294637895647465,0.9410462652670021,256.3866070216628,1.1944979019783775,9.07379721070695e-05
18937,-2.025884165284886,-8.363831151122657,4.740320255574385,1.8037388471502946,429.01497918686186,0.30685857464341115,9.07397275020929e-05
18938,-1.9034074841570447,-7.670687084973719,0.3804124392649518,0.5562554456775478,165.18879820982528,0.7867509499555974,9.075119508595832e-05
18939,-2.1646496226242355,-8.337128900060502,4.758012002732701,1.574185088942733,371.9150919208417,0.5684101444545933,9.075602525756456e-05
18940,-9.895410098784877,-5.485372858195866,1.6357425193137018,1.638413204555336,468.73651546515777,0.43072805580785545,9.0758378268625e-05
18941,-1.0746809382845317,-7.609035402530731,0.4083349564023626,0.5086818944873533,117.43858063632238,0.846845314259796,9.075918888515776e-05
18942,-1.676316116605964,-5.228184370047758,3.542790028516416,2.0733724841375736,412.9889997787082,1.9492803277131747,9.076571308448885e-05
18943,-3.717345073115559,-12.512261402438337,4.830542426205958,0.8552359029178586,230.03611449657237,0.7926811469654487,9.077484968215002e-05
18944,-1.4363797250727668,-6.860468016561499,4.056892454389316,1.2036728628930482,261.6369811594994,0.5901116874137307,9.077515324401094e-05
18945,-0.20978145270303905,-7.339036888465023,4.313226379394652,1.3589147243522022,307.22281933902264,0.8228064288240651,9.078048388575535e-05
18946,-1.889518132231979,-5.196332780533745,3.5376173807953717,1.0732525228761045,232.18965713349468,0.6976088993254672,9.079078295785699e-05
18947,-7.922656833217486,-9.011887160487891,5.014876124345718,1.1014711144052594,290.7499925257404,1.0361858469009633,9.07971257343955e-05
18948,-2.0436178866705283,-5.082907742488809,3.521286297509098,0.6436467106752013,142.04332617133434,0.060849186233094876,9.081116380798058e-05
18949,-2.4728196127883884,-7.197563364224391,4.4575876796479,1.0909931095270013,287.2041796355651,1.1727577105520828,9.081435458422254e-05
18950,-1.1143027295361883,-8.732704119754949,0.03000529230355107,8.072074261811702,745.5611929062215,0.45326334874725305,9.081956393578345e-05
18951,-2.120860690100997,-6.456520593117003,0.6821424511918172,1.9126481972007197,394.3499859752012,1.8680135089905798,9.082996429522401e-05
18952,-2.0765377053493026,-5.455686295658677,0.8439504610925733,1.4895816369642485,144.68158687494804,0.35144622414953997,9.083015844265287e-05
18953,-2.0559850189349387,-5.873760137464887,3.6261323134078762,1.053839946456344,467.7059336519553,0.10748156696964628,9.083604836836522e-05
18954,-2.444272964480567,-5.070632111270782,3.5191362559867736,1.3064141733955361,316.13563491520694,0.7649013210660307,9.083999501517568e-05
18955,-4.162902385467476,-5.283761929603082,4.877076631236351,0.8295485105681105,234.5865113579867,1.2596310891589617,9.084135543326077e-05
18956,-2.122838666645034,-10.873474623560167,4.756778557586465,0.9823584092717651,468.4393114647794,0.4691743198223799,9.084393149939227e-05
18957,-0.860982785522431,-7.4048138520265665,0.4280261047888854,2.8261539268849463,478.45700620395087,0.8625590487188113,9.086167049516404e-05
18958,-0.48579219896872416,-5.492765562085461,0.8429306432904676,0.7998609826341048,461.40440061937136,0.08493714299274835,9.08620582433352e-05
18959,-1.1991419565520367,-8.008362762175038,4.619449436876004,1.226825633988401,469.8825052770169,0.07334471857939295,9.086326191617481e-05
18960,-1.0648093967523913,-12.05998983406379,4.69389723416822,1.3469629598340487,313.3294921609654,0.40801232239587915,9.087275831737101e-05
18961,-0.9796849418707012,-5.158364366760469,3.5304787620284115,0.927769228285942,262.62073087913126,0.6556694519328747,9.087351491856862e-05
18962,-1.6365143631197228,-10.046161872389494,4.797018657508633,1.1161728533694626,274.7637208375804,0.46282898858300126,9.087492491854434e-05
18963,-2.1514129292308564,-5.506963782572438,0.8049136657224321,0.7391109103353622,222.03545586264104,1.0027855825939804,9.0884206505894e-05
18964,-0.26196504000241916,-10.834852661407348,4.729229747235141,1.564599259298039,467.9595472131972,0.6765489928183692,9.088714872659647e-05
18965,-1.101241620407924,-7.727952633092375,4.508198607673795,0.9031351313460538,242.86829191963702,1.555666082863457,9.088793017126332e-05
18966,-1.53286379397289,-7.027714490780141,4.139231928814953,1.0292376551477866,271.8270901388248,1.0985704644206846,9.088993348680743e-05
18967,-1.2971864347220414,-7.464663906516599,4.380715131058615,4.113197188531111,565.1922106363712,0.4336703512566329,9.08910827603933e-05
18968,-0.9636696390433226,-5.816158894254626,0.7704184335305231,1.7540860064116626,469.8829737371138,0.07261570075232449,9.089325614662611e-05
18969,-0.3820588573953483,-9.965937838385853,4.803238295361498,1.085565584173523,468.1236022603895,0.743923501423505,9.089533739383182e-05
18970,-1.0068172046529948,-11.900954312527578,4.712946032659137,1.2237271994091687,311.3260015052477,1.5533893580410627,9.089914192770907e-05
18971,-0.4094304789833423,-6.421381966851238,0.7283223645742698,0.5133802542910044,136.37388064089566,0.9132045978399539,9.090371529976814e-05
18972,-0.9743338000122073,-7.68182056507547,4.485038773420959,4.1764575438241724,578.8726294988219,0.8558490438402471,9.091497946536911e-05
18973,-1.0139199549333036,-12.869762460712757,4.688234805258905,1.7088333519215364,470.27332388228825,0.021077535158852356,9.09159457315199e-05
18974,-2.3603718316576003,-7.705887835584491,0.3630091125174959,1.0679995884098308,466.3168927023412,0.08759372899323825,9.091640198570185e-05
18975,-4.467925447752856,-12.089845316828203,4.884554999033876,0.9366425390670462,255.1037546091015,1.3339568369493797,9.09185854545234e-05
18976,-2.9616331364530923,-5.9103418361663635,4.867734316965791,0.8266842411330382,467.9465238697525,0.4279246466009612,9.092008167253477e-05
18977,-1.9631703496792436,-5.572731917514067,0.786712899793743,0.6875361594529655,467.6901517616074,0.40476547517220407,9.092113051367524e-05
18978,-0.6697571051106266,-11.044896795208695,4.722731009707664,0.8784228304030085,468.88310934696773,0.14210741042880226,9.093220195504788e-05
18979,-2.1956107184872877,-5.9400298912695275,3.688814566348178,1.3724556471248497,323.1496770859222,0.5945108439575781,9.09374268624749e-05
18980,-1.2435561846072787,-6.188756670966618,3.7476156623604497,1.860236136103954,467.6333068075598,0.5197165063538396,9.09404531383382e-05
18981,-0.6857281095201131,-6.831665451123213,0.5720007640105709,1.9598999642341135,398.0518109648521,1.5645506759490857,9.097114770159036e-05
18982,-0.6752592565997837,-9.640187303122673,4.826134797097394,3.630368136974938,531.0671726202802,0.3873598702761525,9.097261692647195e-05
18983,-1.4391615046672133,-5.112144238394454,0.8803016751355733,1.8689495240834542,450.6984288991719,0.17508263193770102,9.099471844100942e-05
18984,-0.9143347391293783,-5.828484365121221,0.7807078391370093,1.3484605453019511,468.3401249694183,0.32029812561906024,9.101535538234823e-05
18985,-4.514622489436464,-5.367774381233011,0.11791753636816206,1.8689280170624634,450.2067648309463,0.17287471304192614,9.102630232540301e-05
18986,-2.030070386655547,-5.867294869724516,3.668128068175392,1.038205773254052,276.16005714061106,1.8610019478511477,9.103666909844863e-05
18987,-1.3385475860230027,-11.795936343995507,4.71450406520893,1.5793891899384738,374.0056847013736,0.47300906827584654,9.105497233514514e-05
18988,-3.0182163031297096,-5.002688447964614,0.5234192876282859,1.250074810580577,303.2934672932384,0.4394133655124479,9.105886911418716e-05
18989,-1.1940852319442197,-5.313422662929923,3.485584205318259,1.1465524221708294,467.3970155984257,0.5314795294254919,9.106464364363213e-05
18990,-0.6370538846997125,-7.292612050050511,4.257486720807781,1.4014752136000999,468.76082631577964,0.3651647553224029,9.107028652061892e-05
18991,-0.23977285276927418,-5.436977618446526,3.570501490209029,1.6757038831367634,390.71524053772544,0.16194717073696285,9.107240806139042e-05
18992,-9.829541087848087,-7.658067610449027,3.4995630660779855,0.974602416820344,467.86344819816196,0.4346141974863995,9.107291123935947e-05
18993,-1.8427148073437856,-11.90034175594899,4.707943132004173,0.811161614439103,178.54021623255062,0.18481916449743174,9.10834769894073e-05
18994,-4.96264412107452,-12.374932515491233,4.862680860717068,3.314871975771905,522.2940615757843,1.1802730485267388,9.108621539840936e-05
18995,-1.1846774753985052,-8.67997473604396,4.806427547543186,0.8864291351019304,196.92073517585067,1.1819759332654192,9.109365848723271e-05
18996,-1.9790373614171735,-6.277069439878104,3.764599267838709,2.0712180014213053,407.19797519235374,1.1918804768494953,9.109487865255598e-05
18997,-0.46159222324204485,-8.094429454935637,0.23932879015647268,0.844515132486276,466.2213221395931,0.5214177568792788,9.112148973197387e-05
18998,-4.485739114905474,-11.700259859780616,4.938739579528835,1.8940991653131274,470.40810176212136,0.22324491238293032,9.112764875697402e-05
18999,-9.786311216007254,-5.276109803636871,4.903856526593158,1.0598595625373703,467.70885145957857,0.9366304287439577,9.113052912505745e-05
19000,-9.76835648032377,-6.889501244831611,4.703996333817589,0.9960372662546767,227.67828498432826,0.4829867987969747,9.113146466694612e-05
19001,-8.232988243503476,-8.631798214298481,4.9821085056620324,1.3772119708628674,304.6896728905479,0.4626458395003832,9.113185733411569e-05
19002,-9.005533674652275,-8.082033548718176,4.360658971643619,2.672443445263781,445.3946507725218,0.37173735711274514,9.113240897523539e-05
19003,-2.29343897246801,-6.390041594192918,0.6948635929121976,0.7649008581163207,201.65082967406636,0.07940043178726253,9.113819926772569e-05
19004,-2.048474019501664,-9.371885881487454,4.837466202205039,1.5154446827108639,467.92727709732634,0.15933832231264056,9.114987882044284e-05
19005,-2.2995658528978637,-8.377870863433003,0.15113321103597568,1.0949603137160209,467.42781854208584,0.48079480707561384,9.115329804210533e-05
19006,-1.0364014955467233,-11.88291368010065,4.6959072902715615,1.0870771239454984,290.0129369352054,1.0223210412456112,9.115641524660985e-05
19007,-0.5484043215510113,-5.146429119735089,0.8812726270299907,0.7643722335844607,192.00911118191024,1.0991128847094407,9.116770822864742e-05
19008,-1.5006046037507783,-10.031650609204878,4.795171230497675,0.6057875538538882,181.21722681245592,0.864421500435463,9.116952899769624e-05
19009,-1.9330566289554767,-9.905494187597268,4.805149572003074,1.0458752888362188,272.2685914615622,1.4634201020550632,9.117596594421472e-05
19010,-1.8141058855451533,-7.371425314335281,0.4295742362218508,1.8310839504825243,468.09734496692846,0.2841082079588473,9.118121011221154e-05
19011,-0.8458244255201084,-8.061114090753424,4.663337126172457,1.19331124508325,289.8460519562362,1.1709091525965603,9.118731989779606e-05
19012,-9.830147782316924,-6.329167682285182,1.594765599240936,2.9887246769995044,241.42356153695704,0.27454126915812527,9.119119493809964e-05
19013,-1.3391295515858843,-11.018433775498831,4.721515664665146,1.7716549121112248,469.2806287904593,0.6292936692620188,9.119159639476448e-05
19014,-2.019033975275832,-6.020035888635995,3.645366480842497,1.5452398787278385,355.75456940744516,0.436804024742945,9.119397882656846e-05
19015,-1.7838994782648783,-5.827124496762967,3.6549296293845015,1.347787159899623,326.6110674272865,0.3517829423408534,9.120422147699525e-05
19016,-0.07660764465731162,-7.656200915646516,0.364565499504331,0.6451002202625552,188.16870439279882,1.3274004504533865,9.121317973685329e-05
19017,-2.3927423103688694,-5.855955822086092,0.8044935911832409,0.5729863716795148,157.28553359303672,1.131358787217411,9.122029711234467e-05
19018,-1.6947574360538358,-7.354147501369717,0.4583207733958613,1.008059337478322,197.6399903916542,0.05608715334774317,9.12396290497198e-05
19019,-0.12025058850019654,-5.888258081899943,3.6222418377663086,1.1905267686915515,303.024134003596,1.7227325118748595,9.124135710280665e-05
19020,-0.7586595671587766,-5.252659436764977,3.4795307838149467,1.4125205836106358,140.4986310578989,0.3620870054377825,9.124656050843325e-05
19021,-0.4253367626504616,-7.346977283696562,4.284020314126586,1.017803966284049,467.57016359167585,0.6676583615477591,9.125388156250468e-05
19022,-0.08072147936725926,-7.4971322609125535,4.39279084945219,1.836230406787648,439.3080407596331,0.01887061964523884,9.126548673113047e-05
19023,-0.3848881850492294,-10.919344592368516,4.749119262438322,0.9455800750354338,468.40467892776013,0.5703324294348775,9.127208256101039e-05
19024,-1.3884406314995896,-7.784048194138594,4.530363170575157,2.038229763827032,408.835608351977,1.791697173909788,9.128319557479045e-05
19025,-1.9634971287019685,-5.2351829856092,3.5333004200392355,0.7719014405964075,411.0484831613992,0.30719366988653807,9.129378936267286e-05
19026,-2.4773275776330452,-5.073002635956567,3.5099362473752342,1.7770917280596443,421.84063735799253,0.06851420562587318,9.131898666030701e-05
19027,-8.546108486200078,-8.371437837690902,4.78412658964472,0.7520596180797152,218.1645543755001,0.367361210945341,9.132729543327356e-05
19028,-0.3809701934360614,-8.936448775798315,4.83085458193871,1.8412379640785697,467.5590369273885,0.624318717964548,9.133181504727674e-05
19029,-3.224458884208664,-6.374784316070025,0.06624999011240701,3.8765324569650366,424.39497649443297,0.030883226720740176,9.133189867998942e-05
19030,-0.9858148927910797,-9.369774669345741,4.835599739589931,0.9505067984050224,358.64232959923027,0.0700482296507472,9.133771153989246e-05
19031,-2.282161127804315,-5.625442282174042,0.7997474626351572,0.8615207389212309,466.72084606739924,0.09325585273683945,9.135014376986987e-05
19032,-1.5880328771884802,-8.86135174901517,4.825008002863831,1.0036043342915555,265.7357676172525,0.489533322850229,9.135299279665065e-05
19033,-1.0953065250436982,-5.543452746436752,0.7743358929819091,1.7442631820038423,468.3598155638755,0.5393925084172659,9.139093837646036e-05
19034,-3.654614306740217,-5.5714269456740215,5.164903145578977,0.7673963428105683,467.4849648756201,0.25114368618601457,9.140668287950477e-05
19035,-1.0883305078586059,-5.356740601155322,3.4860844174589367,3.264228649480129,302.0046259929742,0.14346033280546777,9.14225100902307e-05
19036,-0.1737106494608085,-8.424473682009948,0.11536171905775834,1.2022924671574329,303.67182240458885,0.7178754941559164,9.143650114764637e-05
19037,-4.743259951860846,-5.116495021438803,5.005584840994686,1.6336827610928584,397.79861278679294,0.5962518871126852,9.143793840678553e-05
19038,-1.4638555452608255,-8.417497538260488,0.0993298162954018,0.6310495574283304,131.02376723139508,0.06453982214854026,9.143970854866355e-05
19039,-0.10513572392376958,-5.803480104125318,3.6488524221472525,1.127245867736356,238.9389575618236,0.8285311739375265,9.145080761928315e-05
19040,-8.212436673763092,-8.926025393811866,4.593124510182479,1.442598323649116,319.5880775120017,0.38065044008417726,9.148002308951878e-05
19041,-0.9899734301973044,-9.94124512349049,4.799155993764022,0.9089663207466239,232.55984265710566,0.13104943277766345,9.148742281255472e-05
19042,-8.323873562356287,-9.037700372987617,4.19436082836004,1.3131934078892638,295.4333183346899,0.33741728094936807,9.148784022416943e-05
19043,-1.1421083346235044,-10.46006799087038,4.763911844637543,0.9148850846259562,218.92732446454568,0.5279591761794658,9.149105522391105e-05
19044,-0.016467316932182285,-8.786563869969036,0.013670668991907685,0.8304091847050322,467.87428613035615,0.5495102105438372,9.149554842041899e-05
19045,-6.554557459271535,-11.61568099926425,4.858541658370581,1.0489411748068995,464.5778625115297,0.6251169430948407,9.149911445744046e-05
19046,-2.0589250031646325,-7.762008953660498,0.32114090843024495,1.0761791796614009,468.1223389300124,0.7432260534317718,9.151664867453692e-05
19047,-2.4506726184355188,-6.220023178062198,3.748261974076522,1.03551347154578,467.95656325848887,0.14838779452801454,9.152130616102305e-05
19048,-2.141927923968737,-5.64612717654625,3.6014449690413755,1.66052334265063,467.69628051913327,0.15863162850291168,9.155176098530189e-05
19049,-0.047029143752268965,-11.020126966326714,4.717273987679763,1.091389648827579,283.8715166511342,0.34492386965095445,9.157284066418651e-05
19050,-2.0539683555711736,-5.920897041081667,3.624925226741647,0.8580091021712676,244.44240457983176,0.9227247058857779,9.157756477397435e-05
19051,-7.503810529973983,-11.029685861516171,4.173536990108616,0.885486360236459,236.38258420695456,0.991209594469928,9.159772212764644e-05
19052,-2.0826848903865747,-7.83053980439045,4.548347130017652,0.5065560712710205,123.58713249699497,1.1056566041975788,9.160195980029064e-05
19053,-2.350814584053956,-6.038341551648468,3.642982647677763,2.073250079047153,315.37159803101827,0.03257673483018664,9.160744299788514e-05
19054,-0.19555113171942295,-6.944112315743384,0.6151006397040604,1.6953266878821016,399.63562248272933,0.589868259330923,9.160870127363809e-05
19055,-9.501725730557192,-7.261941836820321,4.744111377178525,1.7079067552778047,468.10593923943134,0.7342336359592734,9.164747786525526e-05
19056,-5.512542110361707,-10.928591185039494,5.151907671888078,0.6922925675645788,152.17396511879448,0.3037419684617211,9.165664553262957e-05
19057,-0.4632031314709568,-7.362206571048108,4.286470994144764,0.9537082866628119,468.066887696006,0.6181204768241217,9.166508612257153e-05
19058,-0.103226569530257,-5.194055449732792,3.5194736272194054,0.8914954541565427,467.7294317137468,0.7778229351662844,9.167066049482833e-05
19059,-1.333963093604046,-5.640531191669149,3.5977082602159145,0.8477758054208386,211.11146899035262,0.6424961485758205,9.168195072249309e-05
19060,-0.5172321890411773,-5.3536856670057364,3.544221835122801,0.674440490040525,145.6349359727442,0.1495526242372085,9.168715257981084e-05
19061,-3.0764906766218036,-5.1246626555450625,4.151868066146037,1.2317430089108061,468.470606047166,0.4652977639053928,9.169119142679418e-05
19062,-1.8957246300358772,-6.586028716911476,3.9053585046801462,1.5468819620699772,358.31601465600454,0.39012377102366447,9.170642761337474e-05
19063,-8.733045649594079,-9.015813326182538,3.002985825037966,0.9594228455074495,126.76884638366447,0.3413687729241106,9.172696918704962e-05
19064,-7.471395263781354,-10.881564086374794,4.2701369881698135,1.263767833444988,314.5937399697973,0.5319824297614266,9.173628474585659e-05
19065,-3.114828475718893,-12.051275840828138,5.017801980384212,1.8061139903613332,429.99510296960983,0.42826842216449723,9.178100455537205e-05
19066,-1.236848024585818,-7.936902880750911,4.594765735806047,0.974916007056401,258.1207963271089,1.5424253086488973,9.17810948066557e-05
19067,-2.5707557093519657,-5.431504738125649,3.4868816427023943,0.7519751390634296,198.71414647239737,0.7868114055590896,9.180073125524032e-05
19068,-0.9237924488662923,-6.891234050115355,4.025097700069323,0.8690877130897612,167.6920782473621,0.2930156323727031,9.180293199146774e-05
19069,-1.4255345063747615,-9.399502807291665,4.829904488378222,1.1077731016061982,468.05694451156194,0.7062298589227272,9.180498577731955e-05
19070,-0.2869368668403869,-7.323555689203401,0.49369703246898333,3.138165402230977,496.1797847915471,0.5383282689309503,9.180530129656514e-05
19071,-8.339189850638233,-10.169126191685244,2.3032341510261287,1.5753221321440838,366.97939923222816,0.2892741451135601,9.180594677659665e-05
19072,-1.8584532653811685,-8.696141210647856,0.076499737933563,1.3908282896595234,260.66319179824336,0.17318227664859798,9.180930790084824e-05
19073,-0.91841966228262,-5.624339017886086,0.774885501412281,1.8146049469231134,431.11420573777235,0.5773740541093497,9.182713362908169e-05
19074,-8.225602264865895,-10.565049967934716,0.8280970597165354,3.225243134267654,508.7215218186953,0.7164968640752045,9.183271442816926e-05
19075,-8.867912591659493,-8.782681428269612,3.103948545110278,0.8540497679424722,239.50215293483126,1.0744925036055681,9.183556983312695e-05
19076,-1.4931564145269451,-12.18406400855162,4.684969842628075,0.972342970388923,264.2747953688659,1.205850493734867,9.184875213618675e-05
19077,-4.642990497035511,-5.250451936171534,5.145680483658378,1.2729621672445615,310.6714444530609,0.4933630221835159,9.184880844371734e-05
19078,-1.0151040248816727,-5.720430475816364,0.8022894263315097,2.8913164702873027,306.6388308544285,0.10365746838345746,9.185760428407082e-05
19079,-0.052126067206151205,-5.225140707742343,3.5203240041152144,0.9946992403496031,196.4496548847122,0.5930685962073676,9.18588391495923e-05
19080,-0.3077260565591651,-6.961794699009853,0.5470549995672913,4.67718775596212,314.622160228729,0.18256494601118245,9.185920778501222e-05
19081,-1.1616284558422425,-6.7126469355801515,3.931880242377991,1.3977676762273303,155.36705634680146,0.3794889889732449,9.18810039210619e-05
19082,-1.006192512057476,-11.576537994059914,4.71322670016791,0.8440536912356256,233.60767474156762,1.2950538820009667,9.189265270271883e-05
19083,-1.3207400435153342,-8.573556831781863,4.77983530439091,1.1041226968245323,236.89381318636984,0.5317946466517478,9.189321287072117e-05
19084,-2.6023038714755478,-5.253320168456832,3.5253253785720626,1.3070222510167098,306.36174596406545,0.49286597268288723,9.189326586366643e-05
19085,-8.149604395478967,-11.25779272164236,2.2166958226207703,1.1849685557617893,260.4597785410538,0.7344578375820747,9.191969207254088e-05
19086,-1.3249596892836397,-8.540530467991864,4.77297315281624,1.0701379609229587,277.5545017786901,1.260519820871651,9.19210509336563e-05
19087,-0.4992335473853231,-10.102059251012102,4.781659991113858,1.5161582253991455,349.80562755685827,0.49468981915632426,9.19284424084783e-05
19088,-2.390418047306998,-7.549234501156461,4.46495716413443,1.90613698569749,464.1091847895152,0.46296514169831227,9.192853707461154e-05
19089,-2.103507264968573,-5.274068092465013,3.526146149888627,1.8985892645590081,468.0682046814699,0.6191707488065177,9.19468118601627e-05
19090,-2.3456950055820283,-6.80718872023078,3.965621519106453,1.2697994637121786,468.59796118668635,0.43167679388317826,9.195097033592668e-05
19091,-0.8421588318527391,-8.99083165488464,4.827586640868498,1.1318562733787838,467.6409482973915,0.5584900222898037,9.195580847469965e-05
19092,-0.5321059543380375,-6.314255840575707,3.7631703777011496,0.8463744441312765,468.30535137444923,0.5534247848389162,9.196104182214671e-05
19093,-0.044745735493211924,-5.243165538495489,3.5207632502268273,0.9374391126198698,245.95306620060023,1.2520642798714983,9.197360888290843e-05
19094,-1.2028079807384469,-6.069483157597709,0.7765669040424736,1.2171710642112628,308.10547860019346,1.7960534831389845,9.197544404656242e-05
19095,-6.548423979991295,-11.245439064594791,0.011592248381403186,0.8400679930486626,238.07909663685666,0.3451051202559947,9.200075987419578e-05
19096,-1.6369736918901285,-6.0807365919574,0.7631183694414071,0.9682533761046478,467.3550607021115,0.47497816481187805,9.201000591194154e-05
19097,-0.31237060433652175,-5.608233500742021,0.8262973031198737,1.4624201802370598,468.40240964220493,0.7658060935724764,9.201066812311999e-05
19098,-1.4371016983486555,-6.010194865237284,3.632371566911193,1.8862812080334126,378.39853374806836,0.36142612921144135,9.206661342198192e-05
19099,-1.4795935527961017,-6.943800861360171,0.6078442003804212,0.6971507864362294,141.67387196261654,0.5259961431247708,9.209181333334616e-05
19100,-0.2607575651038516,-8.423695274294166,0.1387647301160182,1.4879732897204254,338.3455820882959,1.5521014886596438,9.209251492069342e-05
19101,-1.822809905527146,-5.154919333518725,0.9228875809643102,6.31782118034012,308.88936484546275,0.3144516623438305,9.20928047475411e-05
19102,-3.4337652503280482,-5.580701503098838,5.095073369252601,0.8469114764871769,467.22104125993246,0.5242840000872411,9.210841924846206e-05
19103,-5.151475240332731,-12.567959086901332,4.850832962670641,1.622396980542739,360.43175543052183,1.8097924279202324,9.212534986682222e-05
19104,-1.1375865342382117,-7.95373362237075,4.5977112812024785,1.0539696825976441,278.9464370138719,0.695687213931329,9.21431256263494e-05
19105,-0.6344983869139948,-5.890533623835919,0.7890357914990616,1.7394049646064726,468.4039478270371,0.9377006586181968,9.216298111450911e-05
19106,-3.980792290452614,-5.121575997643461,4.737157409390021,0.5490309820323183,168.46672441043933,0.4019905805112236,9.217525534599423e-05
19107,-0.4051750193782624,-12.365520632573359,4.677179465600552,2.5037156843661714,238.45288174263095,0.42503500292950935,9.217678845393291e-05
19108,-0.7182716052258851,-6.980042257831803,0.614464456363719,0.9678927684930142,189.67658897846087,0.015937583399374233,9.218907156281865e-05
19109,-9.98892638612856,-6.884835500810142,1.7726847429451824,1.8156101476979596,468.1592148281746,0.04756096523977771,9.219167907206522e-05
19110,-1.478081786241642,-12.222972238869863,4.680205478529027,1.8276618951328925,437.3229209998259,0.305530501945106,9.219273074886936e-05
19111,-1.8892554031304538,-12.026005997905742,4.685310606850426,1.0617081235511148,468.14352102298267,0.8772079077337809,9.22010230178516e-05
19112,-0.47937632413358244,-8.697807716531571,0.053141219576890296,0.7885852711047274,233.85799289808588,0.3692475383179845,9.220105626850977e-05
19113,-4.091973767600496,-5.708651921441102,0.16095799051730378,0.881352767997435,233.86666918142015,0.6097596501800995,9.220474476889097e-05
19114,-1.6143830573726046,-6.081951059572864,0.8477354659683086,0.9549584892422142,264.5994780351383,0.8216682726932278,9.220597014940499e-05
19115,-0.6035942375236836,-5.742352425034108,0.8052715117213075,0.5439255400401937,119.71147471633118,1.1681863421115484,9.220738764829463e-05
19116,-0.05365749464325198,-5.142702483701643,0.9439661536622801,0.8355300069991883,186.56721096204674,0.9491461790868128,9.22170152201654e-05
19117,-2.2089585011593993,-6.433523028017982,0.7444164124632296,0.6324290879466095,135.95701663124234,0.058820370865951155,9.222052896483891e-05
19118,-0.8580733696291531,-8.155286951397287,4.649870187563532,0.873808198505826,468.5334429713693,0.8494582824166867,9.222347564617132e-05
19119,-0.9724374228552062,-11.609264536425021,4.69398771812208,1.8436473854958375,467.6470321758348,0.3648883520569184,9.222574421743761e-05
19120,-8.50073889737036,-9.711086233921066,2.007172782321274,0.7259652215861978,146.5390016572561,0.6327809294248103,9.222601957981708e-05
19121,-5.976130038939539,-11.089892739208805,5.091642149552793,1.2020014847526872,282.86720704159166,0.49355192821177685,9.223788047624118e-05
19122,-2.2541823447074902,-8.790389711418516,0.022536878348354144,1.2910290068238555,309.14430809440887,0.35127770322513197,9.223802048685363e-05
19123,-1.3629853777594487,-7.4719143033030395,0.41860850745629397,0.9289800829245664,467.33214833643586,0.40482665742432555,9.224442647115005e-05
19124,-1.3066549004181311,-6.205101504910058,0.7480801306752176,1.1904597387548213,266.796358952975,0.07465728088590051,9.225710027345529e-05
19125,-0.9586539057571599,-10.08277298381287,4.7798294385389966,1.6819464577379317,361.6524132918822,1.0673689723373174,9.226271736405304e-05
19126,-2.9120170673030668,-6.299861377716039,0.23144765138654497,1.8237597771966938,468.72156615028416,0.3286401153683478,9.227839876273445e-05
19127,-1.904370464496763,-5.072598783740697,0.8901436362192656,11.273725815309637,468.6159587517224,0.17256142672359331,9.229097384087304e-05
19128,-9.591110010703837,-6.84102112476597,1.3989759506001607,3.1769073614261405,501.63196461899685,0.606725364391659,9.22917689966963e-05
19129,-2.3172961242778563,-7.323369120592599,0.48797407237967716,0.9311989694056204,241.6418801141209,0.148399893925105,9.229568635504427e-05
19130,-1.7757798683366879,-5.948300926088737,0.797434230876523,7.228917225149689,715.6824784741681,0.3823000539788106,9.231257347198333e-05
19131,-2.0880526112756117,-8.276977111757297,4.7132588205050965,0.8089278450308603,206.32661525721815,1.272175859449736,9.231900735607843e-05
19132,-1.8381572806790984,-5.992222026555946,0.7706789887503538,2.4740434090924808,440.7075743665446,0.6936098731381355,9.232301896883904e-05
19133,-2.2453307290147926,-7.324344374323092,4.373233310748475,0.9085091941951982,468.1132744290751,0.3936700746304629,9.232595284915714e-05
19134,-2.4945422711120626,-7.715856877202271,5.112993323316517,1.6562086690477844,468.5658328016274,0.14884213007524938,9.233409548922716e-05
19135,-1.772053198311296,-5.174946888327598,0.9542856009551999,1.2640287067859237,265.64790981697706,0.528840246014509,9.235122985030805e-05
19136,-0.12753282989039505,-7.962800937824859,4.599163464469953,1.7422920678127922,468.4953203033932,0.5665944967832806,9.235479965200869e-05
19137,-2.854148546739337,-5.018699087989653,3.7135764844593493,0.7185786720576723,155.6107159178191,0.2388921809857143,9.236459978176639e-05
19138,-6.800334694025938,-10.307154222920799,5.1816588883007695,1.75238949274278,415.7978800943373,0.003920376315889484,9.236535611294623e-05
19139,-4.329294775589325,-12.267742563775865,4.857233481766164,1.8587268644932882,450.0620910620346,0.020016282023868293,9.238502081725987e-05
19140,-0.5193239992804752,-7.0764061142891235,0.5542994212558815,1.150464229543512,249.14514374361,0.6666613988809642,9.238545974816749e-05
19141,-1.9885564201364812,-8.031309393919333,0.2927315891005109,0.926652921850577,242.47734849324763,0.7243673159222892,9.238682626280841e-05
19142,-0.41928559306531277,-6.528264189329891,0.6893909211716475,1.1084043609319756,467.4690484187479,0.309876861966047,9.239739303766332e-05
19143,-2.888784519156154,-5.582969076963798,4.178819481009889,3.3579468512813007,508.83553171905896,0.42175202036269344,9.240535890805721e-05
19144,-0.7871192281569428,-9.126900150127137,4.827272075224809,1.4744469239941236,334.7958017421425,0.4203176537363964,9.241240609967302e-05
19145,-2.429375142994533,-5.569452120756346,3.568920259041439,0.9594570361633772,468.79373677023165,0.8637195731107541,9.242229906233657e-05
19146,-1.46178453863258,-6.585810918653852,3.8780122347175556,0.9405294599930624,467.8710243300806,0.8127776884492022,9.242582206822474e-05
19147,-4.0003655628162775,-5.739674953420571,0.17363114842011157,1.8304354402879421,468.7176666074084,0.05140389365177622,9.242687689314151e-05
19148,-0.8299488779880626,-5.934888435643716,3.6600071098617923,1.2905727863608678,467.9126236516453,0.48690405028717354,9.243100006347628e-05
19149,-1.6896764982078647,-11.51805272259016,4.695364812554774,0.8867980825070921,192.7217369164833,0.08011900841017905,9.244267423840837e-05
19150,-1.54964019381344,-5.245513747256483,3.511447153445448,0.5097879165615956,138.9736039969501,0.6393970052056375,9.245040756672542e-05
19151,-1.0046767679339688,-12.576847262520308,4.6445814238223075,0.9518953088044028,469.46818411280464,0.08819312184669048,9.245584233464664e-05
19152,-0.8736481598388437,-7.331376248074682,0.5229396293035142,1.4743529027445783,340.255020802108,0.4287505705621939,9.245629966051019e-05
19153,-8.509852973591073,-8.414020863566897,4.7813434088453235,1.0259655321306633,268.4184261612994,0.8877237320822742,9.245749736835402e-05
19154,-1.5452751544588068,-5.168793695520994,0.9520332983124112,2.215864518163163,425.07900709127745,1.2396875311811568,9.246097566525969e-05
19155,-2.3026533663927875,-8.074753917501978,4.621933437097943,1.3235463981524487,317.9112158531682,0.321053935310613,9.24682074747177e-05
19156,-0.3463650746783795,-7.71819578714058,0.4125851467107287,1.2288304176723501,257.08373881466406,0.4379241595625061,9.24682597908894e-05
19157,-0.5385708598420926,-12.98416470905497,4.638097466870639,2.187435976595721,394.42812506454624,0.39556426749640483,9.250041162225738e-05
19158,-1.8883897541421995,-12.42870773923936,4.646898396643001,1.3894244640314284,326.6578474883271,0.9153498123105228,9.250237237847253e-05
19159,-7.965533337601499,-9.123332798053568,0.2996291220764181,0.6710034606938109,169.87677390210152,0.6945059623558381,9.250465392358016e-05
19160,-1.511623539958176,-7.323721860650076,0.4855023234307375,1.2068678090617224,468.7075438249492,0.8211843468386801,9.252317629169005e-05
19161,-0.9628100920299474,-12.752348807055872,4.640787014332275,0.6704028348509677,135.19412535024642,0.5002714703843827,9.253936307479715e-05
19162,-1.5615147476222315,-7.611661694696672,4.428315536905844,1.1457439600320651,282.7457053921986,0.4832525469908111,9.254792674349751e-05
19163,-2.2502740443211238,-7.47355517140348,4.3498460681763,3.700375275664345,382.3452540422005,0.0440113601637,9.25555913738303e-05
19164,-1.9637218092097601,-7.024611708521232,0.5706069443031543,0.8126938060918981,467.3943448884225,0.3456232125138694,9.256286427625285e-05
19165,-8.268368167452186,-10.41398506481628,2.3904958428245497,1.090461020216908,290.77753269214315,0.8603114718207836,9.257489292074192e-05
19166,-1.0420623647042646,-9.375927194947629,4.8228748613997965,1.0357259214267205,232.56775837942854,0.4815766063403766,9.258557184775203e-05
19167,-0.4408389607554337,-6.865205036491061,4.031430562507255,1.9032402035698837,393.1832204557342,1.8276172663832186,9.258967355707262e-05
19168,-1.405649555804855,-5.774934386540616,0.8396293525276334,2.9550121933152793,496.31048773304536,1.6448559454335507,9.259700774915305e-05
19169,-2.064427053776786,-11.958152998533954,4.682823185014109,0.96603811611369,469.7458954930756,0.13608826204842472,9.261157006818702e-05
19170,-2.2023550998495782,-12.491578198914759,4.6759069019843755,0.9884714249450332,211.34519508780872,0.01770416958624743,9.261662638768721e-05
19171,-2.1444218944848616,-5.037588130537382,0.9218098666851442,1.413396747388654,319.2694505566728,0.5233719209015488,9.26308883718067e-05
19172,-1.5666649789308913,-5.727068387125128,0.8246249476167254,1.03998900795255,468.0612644810802,0.7087413828028,9.26366951396778e-05
19173,-1.0872909775917918,-5.631017015998464,3.5770913909761517,1.038278683308997,190.8208319191639,0.12021448770976395,9.264407920825683e-05
19174,-7.022062557432019,-11.1928501065426,4.67185223753612,0.6285987407257494,161.97451463018263,1.1164821439446646,9.265968632234792e-05
19175,-1.2926378743898308,-6.510362150854233,0.7415375407584016,1.1027572827499246,289.7700225913785,1.1406226398069164,9.266130318272159e-05
19176,-0.6154985373825319,-6.036859724244608,3.683801076557573,2.0487539461552777,254.7148447037327,0.11127799442529884,9.266586821423138e-05
19177,-9.325063181286945,-8.31078451900063,2.461438214115313,1.3292242765371869,325.4998423130053,0.31888006421631765,9.267113052531576e-05
19178,-1.0077654113924037,-11.509381376594142,4.704631675438686,1.471665513570896,338.5767211533588,0.7032407289024887,9.267964201048182e-05
19179,-9.958527760829792,-6.700590053118327,4.56158266806156,3.243666045101997,519.1719728889099,1.620476101750289,9.270057085348905e-05
19180,-1.4591442330622826,-6.084688459276382,0.7512744969521032,1.180702754889532,154.9419693488079,0.24094763163178978,9.270611681000645e-05
19181,-1.2033090366807322,-5.920190039366196,0.83354512254966,0.8850257704961432,237.63885529881298,0.64677108300853,9.271165398337441e-05
19182,-0.14919655277217458,-11.517579984731963,4.703923976281768,0.7480255436349625,148.16527818630786,0.18805519031027895,9.27149215678963e-05
19183,-0.6783284191160952,-5.278982712544157,3.5112869940598457,1.292584237967106,316.32519186248214,0.23932710585074446,9.271932266398209e-05
19184,-2.62659626122887,-5.585446167420083,3.6528774030315936,0.9129628585419495,464.26683773491163,0.8736567113194953,9.273151608597877e-05
19185,-9.505948374201454,-5.315939388425685,1.1027707310189026,1.2134946024253086,251.2460922240904,0.2786307502866583,9.274304485199373e-05
19186,-1.1852640994600154,-5.914382686238737,0.8121341865806211,0.8187561021683848,240.13951106014323,1.2657215850119856,9.275774398180537e-05
19187,-4.591326814478595,-5.302537274978514,0.14901429854920864,1.4635892169006977,339.39682228684796,0.34473703706832026,9.276233478601017e-05
19188,-1.2818354757269432,-6.0566004331126635,0.7812919530761111,1.5420862656156433,350.2694777766403,0.32894248084357525,9.277189122728927e-05
19189,-1.8451945004236627,-12.675764354782721,4.639187940460802,1.7768515383277776,449.38750891556884,0.1934493490676532,9.279151095577926e-05
19190,-1.2242543338988394,-7.75678314375437,4.498368887269426,1.1754595919350845,262.5149010141058,0.80668729771764,9.27935192358881e-05
19191,-6.022917118653721,-12.706170947109134,4.83817887970249,1.066325946096964,279.7337365367769,1.5904343400694563,9.279874262445718e-05
19192,-1.1644157749965895,-5.127584253213405,3.4040631363307345,1.370756364200009,325.8292813064796,0.2722727905263431,9.280349399632735e-05
19193,-1.8083186874111163,-5.041188667271417,0.9459794244810752,1.3286891093046542,306.93771274842544,0.15854920163451514,9.280975148726976e-05
19194,-1.347592543902234,-5.975043502521547,3.6623816876528266,2.4681068013892506,454.2065527988777,2.1231354835565037,9.281289300933856e-05
19195,-0.6033685772528479,-10.648950055494963,4.7554886318540515,0.6359639590381636,187.47864601694116,1.3276449332002054,9.283084069020203e-05
19196,-8.47334634741258,-9.740183079266814,2.318400395833397,0.7326243309616727,159.3914477700797,0.07919436554117443,9.283812793295735e-05
19197,-1.1524768058127997,-12.989611843309968,4.659812431338089,2.993622975395334,498.1959011245301,1.4009372044323172,9.284897918909679e-05
19198,-0.7929071560036398,-7.168498615800047,4.184114574754525,0.6796817239540217,179.04286463346014,1.053963449228676,9.285799834391479e-05
19199,-0.4201903159781377,-12.124604989847738,4.649853754204964,1.1978218328622348,466.95757977089573,0.19232901804841962,9.286575716334801e-05
19200,-8.500221498253586,-9.287486926221565,3.294600754368204,0.8480940636591292,247.77135951597725,1.091840643804665,9.287221458147229e-05
19201,-1.8773967772747024,-5.058286548962092,0.9461512404166397,1.8156297745745085,431.82670345471814,0.5106761790044274,9.287322676092039e-05
19202,-3.3235333458721437,-5.099054730755056,4.490511418498018,1.4155243217238584,325.61098021621444,0.22049993565834036,9.287845419565357e-05
19203,-2.8596466102835505,-5.062744903543693,0.560359580041893,1.045331873072325,271.8940437808147,1.2120162546101776,9.288853781702093e-05
19204,-1.2609537960729664,-7.008219527450204,4.098828578157187,0.9113312987274604,239.6595815799867,0.7251819941492608,9.289122806194803e-05
19205,-0.007246332253462384,-12.888698733580362,4.660559241920808,0.8711028461060971,212.89094937372323,0.41219131220598815,9.289470722548622e-05
19206,-2.0852414069188363,-5.520794289488104,3.550267250503007,1.625137968822454,378.742682712084,0.14223932956395569,9.289491537847804e-05
19207,-0.06617424773556024,-6.099880073729431,3.631073301024465,2.6109207608028426,462.2993173575388,1.0905123826366827,9.289492419767872e-05
19208,-1.3902479800783816,-6.620697215936277,3.8749656208250007,1.113677380674488,289.0440769013058,1.114243907235191,9.291594831164674e-05
19209,-4.4931882827574565,-12.61352164759697,4.829791491204324,3.0642449416846067,504.4104327380615,1.462024337272779,9.291679469752038e-05
19210,-0.05190415365282952,-7.459339439260718,4.306579655034148,0.7564357481927096,161.28722023266647,0.9112839088443794,9.29295129716153e-05
19211,-2.4476369752048877,-5.220280125141192,0.8813019815667696,0.9807601845750553,203.69943186627395,0.1544256016041734,9.293066159415178e-05
19212,-1.315021624639062,-10.641045092775666,4.7508588049009735,2.028875370760274,307.68537963258945,0.08673571126371904,9.293580084139338e-05
19213,-1.463379314542566,-5.996087329088679,3.6213212244765525,1.1981325164133636,256.38190882948055,0.06339396931814534,9.293720058031246e-05
19214,-2.7440006442082465,-5.977152314631676,0.3145464584846007,0.730308094333797,448.2868580932651,0.34791283828904085,9.294139587395158e-05
19215,-0.17818482247083267,-12.131109503684119,4.674139411258247,1.5030898801769128,468.8183199563835,0.2629824692050091,9.295330034545985e-05
19216,-4.080039370954581,-11.635565893843681,4.936051255376286,0.7778142772526914,163.7778834277878,0.07717353023702778,9.295449758418488e-05
19217,-1.09597833837333,-5.870965479202762,0.8553780692237826,1.83379755716727,468.0846863752682,0.7221146965836249,9.296304643550447e-05
19218,-5.6972954506902775,-11.170374125508147,5.07511325735179,1.2641447541167372,245.17822329559297,0.48591548443569543,9.298367410800839e-05
19219,-2.062382015360903,-5.774230931452741,3.6029304325076428,1.1472939102002573,284.22947379154874,1.3015096855064296,9.298865324733812e-05
19220,-0.39379987659758875,-7.388571840734268,0.4838263019676904,1.048167808595708,244.9452645609661,0.4454791203064028,9.299478590845023e-05
19221,-0.5872396745330892,-5.961781559737026,3.656859340883602,0.5966295240121304,127.43587583260765,1.1196058588052287,9.299964674276649e-05
19222,-2.750761344023794,-5.154430991433302,0.5282973625352805,1.3478903343381043,321.2830619171449,0.549735025627494,9.300568905277502e-05
19223,-0.9478406471343455,-10.756666927190595,4.719400858912138,0.8338418175171435,204.37817897096934,0.24688921883031067,9.300922799581112e-05
19224,-0.49900916412077123,-9.08196069300855,4.820346869184992,0.5927554468382806,139.90464764282007,0.45655811303297344,9.30104212108718e-05
19225,-2.629199541993943,-5.424288567974529,3.481933990348122,1.0773435399538023,467.3475145569063,0.7870627683736595,9.30142915564208e-05
19226,-9.680120181844769,-5.34073828385794,5.042202861875756,0.827363957230797,468.1331023329641,0.14464960626947487,9.30175120779469e-05
19227,-1.6491950981589483,-6.1629627237141555,0.849512795322131,7.4817869711573115,354.69265588686255,0.21153016894264098,9.302233036859381e-05
19228,-1.9428110954415327,-10.458224582188478,4.7342023124635455,7.517599150443202,438.9989062960059,0.14306798811224208,9.303227166526721e-05
19229,-1.8526495796647602,-11.394614176237413,4.705806363108011,0.9185903186686675,134.87885326429696,0.2809215264831648,9.303605923278199e-05
19230,-0.9461156959248758,-9.710119999830015,4.800696074470036,1.773149334356968,419.46898982320806,0.49904281104806003,9.30426210339965e-05
19231,-0.11586907771560284,-6.575489387552586,0.6717733641787655,1.6429412525887346,307.30494051055956,0.10373003951337889,9.30593521392597e-05
19232,-2.4724808593427836,-6.1218007417292775,3.6913981213484903,2.4798658434296716,451.2874040013453,1.3087692782673352,9.30604033956773e-05
19233,-4.43912603358382,-5.499776371367768,0.15728921181476127,1.515448885537305,337.0755436824373,0.9043130438414062,9.306784987261364e-05
19234,-0.8276772309804237,-11.600356045663872,4.692194408022932,1.8036349311113902,427.3648679719225,0.6185118359631705,9.306890500699401e-05
19235,-1.1122412698924329,-6.130592396302863,3.697803209109546,1.5846928982018242,467.5839273062315,0.31543956519191063,9.307093900661862e-05
19236,-0.8683462964148578,-8.343726039194493,4.718062062129718,1.1677889854293706,260.0962999914931,0.6641401459880241,9.308094572994628e-05
19237,-9.43650319625482,-8.184277048674987,2.4521242416835336,1.0114936812250725,266.89829714088546,0.6500489032877486,9.308197381256021e-05
19238,-3.810658088341059,-5.576618446209384,0.24799412726192446,1.5127772646798798,350.1565180025759,0.9871331556450516,9.308315159489434e-05
19239,-1.3725564176319214,-6.810798109904499,3.9537257214695125,2.5668156474891273,443.7752205322202,0.3898416933515554,9.308465117276658e-05
19240,-0.9094546823764702,-6.164917129428605,0.8507974573976395,0.8077193177785261,218.3181957304746,1.276778251570291,9.309043860783003e-05
19241,-7.930736776226016,-11.492517220146258,3.1629464619646583,0.715483025581329,143.69373292082494,0.20736545006990603,9.30929510559824e-05
19242,-3.945938416367426,-5.294017239580945,4.851546631277423,1.8514889983200156,468.100097378718,0.7308889716464284,9.309940319523325e-05
19243,-1.0244549621932535,-10.409516762039637,4.737314832527444,1.011860348317571,273.60042177545733,1.42669674842894,9.310482833329774e-05
19244,-2.1010507511824184,-6.682331963548318,0.6927772008424611,1.0013151982012036,202.2818931016679,0.6978722240386537,9.310520225326723e-05
19245,-7.131269488752337,-11.942606385937253,4.428810280912966,1.7914112618190128,469.63025551216424,0.19845397409687493,9.311103033312642e-05
19246,-1.6493735156641947,-7.1094384817378655,0.5617276001805112,1.1606801124834238,297.398735440769,1.8652015412760905,9.311462757478743e-05
19247,-1.23256241218877,-12.31561314445677,4.6678850003641355,1.2455067875366206,265.2983803104886,0.06655429675612456,9.312249399015344e-05
19248,-1.4015500123883111,-5.9695500993882575,3.656596663023366,0.6857139725577663,151.43071586543718,0.03930656756720197,9.313091653746659e-05
19249,-0.781923454627151,-5.4651283593064885,3.5350698866877206,0.9609886864417652,254.36444228956174,1.500506001438068,9.31388200419445e-05
19250,-1.3264172900429845,-6.938706701176906,0.6094161024720997,0.8211935945275733,214.3923311644245,0.9678223484246855,9.31464456063447e-05
19251,-0.5646583428804224,-8.62305016020004,4.775705631143955,1.069190268993289,467.4962673142032,0.30595962096983875,9.314790916591744e-05
19252,-3.1660591825181372,-6.349653825038398,0.10695143502158938,1.198598284929484,307.4652577002708,0.4235348724386574,9.315412879255954e-05
19253,-9.253126677594587,-8.387288381268316,2.195275726415896,2.8940465809352047,489.54655977652055,1.3744947714128264,9.315460028255037e-05
19254,-0.5101024201769135,-8.119126486685484,4.6296164322001765,1.211628593900777,468.1096996389327,0.7363605370659014,9.316327533662807e-05
19255,-4.898714314809491,-11.698100066077705,4.940032571866484,1.8627460045850774,467.94416936704556,0.3208906203758888,9.316435639266144e-05
19256,-1.8181531825160562,-7.044017923651315,0.5961197879999744,2.7861143476196646,471.78750109758136,0.7546398390127242,9.316797267806789e-05
19257,-0.48039609523656424,-6.669088351920905,3.915831495723558,1.8145974033242822,468.60665660123317,0.9134164425860325,9.317002028798154e-05
19258,-0.06400122250682827,-5.024015138805304,0.8886332096846424,1.049228642201236,269.6063420695864,1.091344590103187,9.317354684874382e-05
19259,-0.6873209616291103,-6.217987360324946,0.8201773860198281,1.3275169757749758,318.43201763443545,0.2891715807356814,9.31774940711533e-05
19260,-0.906011273924209,-6.317529052470557,0.7539230758619847,1.9049316866328954,467.8805059924956,0.40439861200022165,9.31788796980619e-05
19261,-0.5353178165462875,-8.754860720209223,0.06631981073351714,1.6575361644525501,389.21627504478573,0.741051376745653,9.3185678484119e-05
19262,-0.6931871039348323,-9.061775683396116,4.817993605180813,1.048851300875675,213.38419619885426,0.9910083513169434,9.318745723017771e-05
19263,-0.47926293389303254,-8.045087236665292,0.2708646326966558,1.0282063551008176,209.36151273022253,0.1664210040777112,9.31875988110931e-05
19264,-0.7244298231785358,-5.949743681220787,3.653627469221554,16.99078879571085,842.9366647625776,0.2519518938341827,9.318901033687971e-05
19265,-5.92276195936307,-12.025462508036535,4.904103891772383,0.9722719162138925,277.29469014195206,0.39532180554867313,9.320524112975353e-05
19266,-7.997079625677904,-12.446597022668085,0.8868246315623523,1.206904628002431,245.09796958903272,0.02482418036305134,9.320846902855163e-05
19267,-0.5460307902693913,-6.942053538712787,0.6096394150596975,1.3444678296701056,320.4131061210569,0.2057757499965609,9.320928094028665e-05
19268,-0.9114618058231478,-12.210344983938382,4.669352144041348,1.0109255067124703,233.67073889383508,0.36493435220391834,9.32107199209905e-05
19269,-1.7388335777566954,-7.137126085486626,0.5503604041729064,1.1621654728855053,238.78494379588832,0.7984960867306627,9.321579276023576e-05
19270,-1.9406979979339454,-6.157344339457316,0.7748318554933196,1.8424662869046378,467.30990215235437,0.5236655481097126,9.32193538631657e-05
19271,-0.39821246848040914,-12.447397521637345,4.664088457109719,1.394963076229703,467.81303185608243,0.09133586385823111,9.321953640710549e-05
19272,-0.5400635621646384,-6.083955486163004,3.6323136668399947,1.0729989387406222,279.5595273330005,0.9930678938409256,9.322019600323364e-05
19273,-2.0228562682893925,-8.738391016741293,4.792462591725311,0.9385973900843042,261.54580430275234,1.6831107801915302,9.322562693960126e-05
19274,-0.39470668747738813,-7.633199163974218,4.430695592769239,1.8774544301253444,468.01545017499336,0.1461446374517772,9.322699638132013e-05
19275,-0.19312031331094737,-7.796019335982254,0.3322858618594626,0.9415312868701676,255.30408502672734,0.35506439908863463,9.322742562446461e-05
19276,-0.26717623333809115,-6.022569312503205,3.6238274392248204,0.5361605935000754,168.51820382288318,0.4163173993098246,9.323172936272945e-05
19277,-0.46181896696507074,-10.392320771561465,4.737042760913126,0.7158800887034824,147.86525354084878,0.3712186265661659,9.326552983442539e-05
19278,-8.12937367818919,-11.073330313170658,1.422346153961278,1.7156935760489787,468.0144182528995,0.23869364026519957,9.327047655844167e-05
19279,-1.609302435156728,-7.792681558927335,0.3334729603489167,1.0859382284829124,287.84551124926776,0.8811223127283236,9.328674582022924e-05
19280,-1.282582123837706,-8.83891868293334,4.802914098769368,1.1770998609444299,252.18372114397212,0.05267061314704602,9.330949848151275e-05
19281,-3.067120289127602,-5.675771257805785,4.714113230586222,18.18701563945174,771.0018802879686,0.14603312996031104,9.33097207175869e-05
19282,-0.04274550478900707,-5.560712800924004,3.549935961469139,1.7518104571531483,412.573004994811,0.25596306102852306,9.331116861507216e-05
19283,-1.4376010600451803,-12.035768491833734,4.647227013985349,3.2087191755183815,516.3637020126264,1.5770761340234989,9.33234877987672e-05
19284,-0.9599022019839865,-7.036726640700944,0.6198053794711519,0.8083499688160874,469.91268882128486,0.15878315984672398,9.333419319730873e-05
19285,-3.1392145109827174,-5.330908428043865,4.550903242712672,1.3782465409701552,326.2028349392005,1.4059643251740974,9.335787349824371e-05
19286,-0.39306093904079553,-12.168506926452345,4.6432110740236965,1.7313443253769787,410.42166673206765,0.6396638161117734,9.336147534979868e-05
19287,-0.4331912167920908,-6.708891584245023,0.6485736591881702,4.328940481689375,589.6807755264716,1.0189563705878708,9.336923994663702e-05
19288,-0.11231401970894339,-12.057651311385168,4.64593971147045,3.2804875416498582,280.0791155136962,0.47438380302801963,9.33837014955532e-05
19289,-1.1298985886510664,-11.417367734886827,4.698213389692461,0.9608811975919758,253.9352672966431,1.2875348620048959,9.338852825244277e-05
19290,-0.7638789583625147,-5.690948861436842,3.575514209171624,0.8638669110558745,467.91415075369434,0.3100818857904679,9.339262214230774e-05
19291,-0.7974077834079356,-11.65586760508456,4.684519894706225,1.0687156043431782,287.0717790913076,0.9985028106895628,9.339990167029984e-05
19292,-1.1324612776897443,-5.009830620535563,0.914676709903891,1.0982402750312066,266.37844640041976,0.7228847574370763,9.34034152377392e-05
19293,-0.6833383850400967,-5.363032797017044,0.8705538194615893,1.6345215002692106,379.65270366203106,0.12352945405326476,9.340358379943952e-05
19294,-0.07885392238233102,-12.605921597605706,4.659181457123853,1.2239222833380063,272.3432402222907,0.010066518484340925,9.340405324299794e-05
19295,-0.4266678585889636,-6.379742666712297,3.7633954705191726,2.6744994748808404,472.6390015574505,1.8113804577524233,9.340406264833407e-05
19296,-0.13052384964201913,-11.74641471876773,4.681060287634606,1.0436161429632507,245.94420531172273,0.08366037003281246,9.34049896729528e-05
19297,-2.1933143980058523,-6.833871196488432,3.9957020050125944,0.9394287047766416,467.88751113456277,0.04741116257668043,9.341720486300249e-05
19298,-8.45443257342741,-9.70028683525008,2.6095291227949238,1.1491325878921157,279.0216807636209,0.873192823530129,9.341731557816996e-05
19299,-8.197265064480325,-9.973264701229583,3.2953157492087506,0.5197899919036086,112.42812648907157,0.6530826732419888,9.345124785991583e-05
19300,-1.2309057201892042,-11.60244128451216,4.686050754067504,1.3274458979355956,288.6696577377445,0.7541135706739563,9.345486933260863e-05
19301,-2.366333447577004,-5.172410135801627,0.9403799060248026,1.8934485241630716,468.29575016071425,0.5398699486119716,9.347750232544848e-05
19302,-1.5582653372041708,-10.1839807139786,4.768327313770488,1.1075392424009238,285.50614931094475,1.5993423977326797,9.348552220842364e-05
19303,-2.2987190299958185,-8.787792988845379,4.795904009414737,1.1948576066697596,246.88858108525747,0.9560403183869495,9.349543940686528e-05
19304,-2.018309459076349,-6.618979018955786,0.6972359616591032,0.7940924387144745,186.84435755887358,0.06704832249371773,9.350850660815977e-05
19305,-4.44629070055038,-5.82333868947738,0.041811324142529034,1.313478827062781,319.45277767582786,0.44470551395137825,9.351970588222502e-05
19306,-4.763707732314234,-11.586906728830085,4.955642802207079,2.4874166005711134,457.1973271129199,2.6060599550120873,9.352630028810872e-05
19307,-1.3603335478140757,-8.729886491716936,4.788193498955184,1.60533258056654,469.82009776787817,0.23618321238515083,9.352861491332694e-05
19308,-2.05849962626764,-5.3453450196403764,0.9528101948042286,1.0067201279768658,470.27742631712397,0.02593983671963951,9.353750548696114e-05
19309,-1.3838973440644384,-5.2810514025524515,3.497800884927866,3.8489430270111566,558.1176696178854,0.9014461747398084,9.355364922803875e-05
19310,-0.47143350489070635,-8.50561461689852,0.12259450325363473,1.350005724670833,326.86964812847117,0.27031597958191966,9.357543177222988e-05
19311,-0.4645430530588186,-8.500214154107486,4.761197640645702,1.7968841795008257,425.8900684432441,0.5830327608847039,9.357635310239319e-05
19312,-1.3627762017581073,-7.490119228470867,4.311149372261002,1.4903875722372424,337.1269895032876,0.9233713565423587,9.357931333264837e-05
19313,-2.536893613782669,-6.098155095114447,0.5849419941361383,1.6749671121216456,391.90488252940713,0.06602696688996801,9.358314285652819e-05
19314,-1.4711475651998214,-10.562042607865262,4.74750836518212,1.3281700174538515,284.21352132074566,0.40400683249716085,9.358449994940474e-05
19315,-1.1837122503525865,-5.5791548510278,0.9363084707804065,2.461713631055993,454.14719719500346,2.244920256761568,9.363809663515343e-05
19316,-0.8238235012920541,-8.711517216221903,0.06402187826295967,1.1807386597563287,300.89849158720455,1.1854680588214856,9.364198813487825e-05
19317,-0.7742415081007383,-8.055120972729826,4.615096551067934,1.4998791381878536,467.4448532799696,0.48519422621293185,9.364683059802005e-05
19318,-1.249991364143554,-7.551798605397344,0.4338486266095381,3.1717694107324537,509.644704822733,1.0016915102848714,9.365474500312666e-05
19319,-2.3301842520423435,-8.237075794773602,4.688414357479769,2.430848074074707,451.4766331731163,2.4022910367941694,9.365759402187664e-05
19320,-0.008349813443054188,-6.310877332227384,3.743081044834842,1.1290440091870286,262.0696358905059,1.0668481363656035,9.366046134798927e-05
19321,-1.271151575746778,-6.0964810469826185,3.630711239381276,0.6813742112970406,467.70462196700964,0.4449275739431542,9.366271989719927e-05
19322,-2.3440230767020758,-11.29789273646682,5.059110667019837,0.6220831240282935,167.99992361405825,0.4855860917132322,9.366464295965018e-05
19323,-0.14610267424835754,-8.83950082577758,4.799344269189151,1.1918686398307232,301.9542858418491,0.537635997351229,9.366578371548532e-05
19324,-1.8300097139668754,-10.643545764941353,4.7461980016034255,1.6412925463224033,366.3498010576131,0.9134256686839288,9.367022915301732e-05
19325,-0.4157189502652052,-8.447936212457304,0.15512565724186314,1.2829434017543544,260.1784403520616,0.04144546978298802,9.367025677563713e-05
19326,-0.5568102504046628,-5.451854313857244,3.521963780253898,1.4474708993351664,424.1946836186739,0.7544739917340575,9.367178205555011e-05
19327,-0.7331251496585249,-11.605494799038997,4.68355910450928,1.8570255379508565,468.3993710504643,0.6132268353065529,9.367323585737943e-05
19328,-7.580811551475871,-11.347790664550415,3.955032179165682,0.8275334873143952,160.63259252752826,0.012679363993268744,9.367935500563074e-05
19329,-1.8279172509287474,-7.9752247026144545,4.563006777166148,2.8406383564888866,295.2583423668362,0.1282928852031784,9.368220550771341e-05
19330,-0.055065375636484504,-6.26309382624372,0.8209548730970335,1.5416429743490678,349.08477135759733,0.11166299292562254,9.368251765655343e-05
19331,-2.1777816718670824,-9.876676299303112,4.781841391551285,0.78030965033108,203.55275441851663,1.000492216769013,9.371235451970632e-05
19332,-1.6256468860580036,-6.262943230516318,0.8218941841424457,1.7651567187866042,460.5278947887514,0.009194578349942972,9.372098518179623e-05
19333,-1.1623722003948753,-10.652950624839127,4.72821763932342,1.5919276439709351,372.34689000841485,0.9750497857771281,9.372207285229804e-05
19334,-1.3948271990471142,-5.480379845785241,3.5262430144395047,9.845427983070264,540.9815011435833,0.0272075994081602,9.372560430063366e-05
19335,-0.45232138810922073,-7.37122705096664,0.49534728754376667,2.1788024880319594,411.7514870616702,0.7274560276408479,9.374389699789633e-05
19336,-0.9666776781538058,-5.6520143705483585,3.560056035356028,0.866662836442213,468.31411288418917,0.49226842326795417,9.375887672522625e-05
19337,-1.3748846738808655,-5.26239101467629,0.9571585771743709,1.4253527147773197,324.19001364073097,0.5076096633198199,9.376002806325057e-05
19338,-2.9482363164735386,-5.559228483197624,4.465396311698159,1.835142387679208,438.9941926292897,0.08176423651027687,9.376979784839106e-05
19339,-7.982584034297416,-10.098452653974624,3.7538484261746166,0.8696921079801366,468.8763005568664,0.2533683883070159,9.377648945827815e-05
19340,-1.6746467200601582,-9.267469024408282,4.813533187756008,1.264972712542851,309.0830593733962,1.344860633113048,9.378213971131571e-05
19341,-0.8194208454703951,-12.512005646607832,4.6566411355606245,3.835590994738966,490.8842568984071,0.11522241474891626,9.378921129116067e-05
19342,-0.6299981860576018,-12.54524184785889,4.65595129976273,1.059457427376819,229.3175789737304,0.2615976841391321,9.379684619877836e-05
19343,-2.4077018755608854,-8.319838625889009,5.097409206443467,1.7935935494886828,468.3816925592401,0.5295339404049839,9.379726585033752e-05
19344,-0.23428493467674372,-6.806872572402043,3.94031451982227,1.3051717964800904,322.0779520430924,0.4279374948114594,9.38090120711461e-05
19345,-0.6341487053027066,-9.879402365113071,4.780494277071523,1.842220148112689,467.4972095770763,0.64446001153794,9.381809702503837e-05
19346,-2.293270053886048,-6.652898585486752,3.874781327661309,1.8547098161204636,445.07517739624876,0.1618646646340407,9.382623972962881e-05
19347,-0.20041667440332134,-11.207937554815176,4.706480183374634,0.7163589222540777,158.30986755395088,0.7285831581416575,9.382961536659615e-05
19348,-0.710972118835631,-5.165678268617974,0.9209837253722231,0.8077435881680383,165.80516829741487,0.27582138285392066,9.385310975565865e-05
19349,-2.182362296751937,-11.554401568042872,4.696591595588726,2.4945242363859643,189.26570878421796,0.4235734834728371,9.385402353454484e-05
19350,-2.330479904509507,-8.26003261189227,0.20490520685195737,1.2890085662066402,283.0615714463179,0.467804540144404,9.386098453199397e-05
19351,-8.148276915967385,-11.318822684095824,2.0684061523312254,1.784926826190883,425.29906890795587,0.5326969293179529,9.386099801840766e-05
19352,-1.0385352685494382,-12.456682783607349,4.656678407064862,1.7910762347240865,468.0196260196715,0.4602063889399277,9.38823497001257e-05
19353,-0.8667300604261623,-11.751832589702744,4.650281005044132,2.045611157156259,308.60593354105686,0.035892456075951706,9.388268852668115e-05
19354,-0.9168992085762344,-8.488916994537156,0.11156269454564542,1.8572455297428878,457.6760605334671,0.4809258706442785,9.388690129081854e-05
19355,-2.5437392447217224,-5.760283405470556,3.5827035484388965,2.314265230842615,438.4175961509511,1.9063681632998657,9.390012228832967e-05
19356,-1.6250346119808885,-5.995708004566189,0.8309531122483398,1.1492027267437044,288.18494372950477,1.1196832896518343,9.391267120987147e-05
19357,-0.2335225571630133,-12.296148744580034,4.659675093078131,1.3068188786533885,316.13932403881836,0.3837922126730282,9.391645031606695e-05
19358,-0.7324657469278311,-6.815612814914671,3.9858222972573705,0.9664518458969253,270.26069665939843,1.7744086728292556,9.392571574791308e-05
19359,-7.9632855601602985,-12.455371302588588,1.2959115612564123,1.038362273031802,223.11611119129384,0.12344753469527969,9.392815134596598e-05
19360,-0.49803580717215823,-7.256348209467531,4.2217811880355995,1.0806323678351955,288.85215967010834,0.4074361286026802,9.393310936367298e-05
19361,-2.3806462402243165,-8.731275469180527,5.125455283253684,0.9801492273020405,205.14218585886536,0.09660985141592437,9.394007812639324e-05
19362,-0.7582580168235005,-7.119464054318184,4.141976324221052,0.9898916651987406,467.8037935067688,0.04018158982554354,9.394561977538043e-05
19363,-2.223760263276385,-5.038493997982796,0.9526375009829249,1.7437850651393871,432.3779840560387,0.8300030463463797,9.395265619749608e-05
19364,-2.709892512279656,-6.037914873078672,0.30832432128978865,1.0817468488640585,170.26232870627993,0.2567856134203188,9.396032860576302e-05
19365,-1.9508065555644674,-10.612709061316407,4.720051121615299,1.857102578132077,376.1499792455133,0.6341021638587465,9.396288458883421e-05
19366,-2.4537510172363497,-5.5859985066782825,3.484480393636189,0.6311818849394105,152.2197546809649,0.12063424131855616,9.396909092946168e-05
19367,-1.0874144936972243,-5.172903695303022,0.9596485044596326,1.625051160203863,380.080760262279,0.7701103752588194,9.39691639830154e-05
19368,-0.9315811369528433,-5.627177878491202,3.550579960706967,2.896336390593707,486.7123701029481,0.3167754994434464,9.397721692614622e-05
19369,-0.20512241779272067,-6.4490774212582656,3.781784312406674,1.3919011045139846,468.57945619701195,0.9375263810694205,9.398394639320913e-05
19370,-1.35599602548581,-5.823729487540035,3.5965810569744057,1.2243772983184664,275.4484960407441,0.4016593361997556,9.398453279219427e-05
19371,-9.614561276363805,-6.321286585701721,5.1388382696597015,2.1169047131946215,211.7427246118454,0.20755831359874488,9.398589065310508e-05
19372,-2.3404483096635005,-6.693276858822141,3.8785782970575395,0.8728765667473041,187.61591254781231,0.022497030392472972,9.400694978276078e-05
19373,-1.5902582965376517,-12.297305543923892,4.658635001018405,2.087847225024705,398.4370283625662,0.5860441869261743,9.401005162459756e-05
19374,-0.06326929485172528,-11.744266698928449,4.6744902290707575,2.943976536593931,476.7180816970946,0.49409138773540295,9.40197799056639e-05
19375,-1.9013010090264082,-10.888823743645558,4.700342017441743,2.5582782359577134,459.03215323664125,1.269477547383027,9.402815886289589e-05
19376,-0.14953113358317083,-7.506631408760403,4.347610289822439,1.8535446990035487,445.33547051514,0.5090131342883888,9.403001416878308e-05
19377,-0.2547407966559341,-5.696262695132623,3.5642758446516423,0.9497661176968412,264.6012097715963,1.7812105037889943,9.404057232510823e-05
19378,-2.931391863762056,-5.068220232187285,3.981718762895318,1.9771712730840834,381.52297087682695,0.4488160476221781,9.404219719959807e-05
19379,-4.19258730919687,-11.727256029314947,4.9182236503388,0.8065839677032779,161.94045817467412,0.13523218469829423,9.4062901330413e-05
19380,-0.6203366155787258,-6.765037838351863,3.9284341932224347,1.4346335640900116,328.47347706796324,0.4754039729128232,9.406319960138715e-05
19381,-1.6012333351799075,-5.720388939637584,3.5691859206500687,1.2609734228837004,307.7219416395392,0.5085233002940468,9.406623994204078e-05
19382,-2.002946489321814,-6.1556714839837365,0.7916969737356082,0.8561704313221437,465.08135905683935,0.4659421529750345,9.408192917386184e-05
19383,-2.420093303876966,-6.04193202710382,3.6595424352752772,1.3970771093997485,305.6490154577188,0.032542447696190635,9.410543122448657e-05
19384,-1.050395514258625,-6.827053686458175,0.6435700719679218,1.1700570265413879,279.74389392769973,0.5053860455175672,9.412045057202609e-05
19385,-0.5895572742795459,-6.467328982302721,3.787101845071353,1.6702819551187789,392.7870288350192,0.6992846257595833,9.412283463647073e-05
19386,-8.03367662116975,-12.458790002478251,2.4955195682091778,2.653159220906171,455.9518229703945,0.6254812182483152,9.412714673665024e-05
19387,-1.579834284872991,-9.150292045153172,4.810391803835967,1.2727730477715065,299.0287160498899,0.9853315730829957,9.412909578855742e-05
19388,-0.46540362319458417,-5.558383224721437,0.9178564985848862,1.5776611868250183,457.5397094703695,0.9370852209730147,9.413156427968629e-05
19389,-2.350938335981702,-6.574567312955945,3.8336110356893625,2.5150618758709644,453.42582255587797,1.1366958883466625,9.414690059145088e-05
19390,-2.2784398375887243,-7.872639305462775,0.30983866377920655,2.42646147481248,397.96976522464985,0.13145861895757704,9.414971492514461e-05
19391,-1.8258762329438802,-5.340188395998451,3.4957355587565715,0.5050896346737683,117.10187608996961,0.41175397354054066,9.41626108538256e-05
19392,-1.4936315131325415,-6.56437655575772,3.8286344804734704,1.1144298356913762,468.06523483097277,0.8781807120901624,9.416926364291693e-05
19393,-1.172736719644794,-8.542488075201009,0.11001920906958942,0.8310683396369778,467.6277956198315,0.19781125966128954,9.416950769734342e-05
19394,-8.203687229135246,-10.68068007495845,2.458119466705412,2.3662450716269148,437.7058156994036,1.1164009095920564,9.417346433892057e-05
19395,-1.3303397201158251,-5.766129614028891,3.5780671676752847,1.0764913060074401,234.10154588801083,0.08177657179942699,9.417679748526426e-05
19396,-2.0277684322877407,-6.201097105887648,3.7002935056211395,1.1217772742710295,467.83668983855,0.4665130683381866,9.418006279406226e-05
19397,-1.6870528870936035,-6.246100479572191,0.7885299293241356,1.2764761488578087,469.7705459575453,0.13752988786361797,9.420199213172359e-05
19398,-9.069126503058463,-7.394720751067358,0.5684392022593787,1.0405198575731252,467.7007423475607,0.8127261930398406,9.42094110805047e-05
19399,-2.7162955920205185,-6.085621855628214,0.30092323077177124,3.5425826939042224,523.3375962976974,0.39083857302260405,9.423369632130418e-05
19400,-3.985055010786147,-5.237285068358971,0.3749031044991853,1.2515064816503443,231.0413618694353,0.3735586299618836,9.42447844301656e-05
19401,-0.7292068781274921,-8.128824468724842,0.24225183268873696,1.0344623520258105,272.6233303161616,1.0074534399057447,9.424585726859483e-05
19402,-2.965331757726455,-5.115537660154149,0.5495807240521196,0.7941713963752237,193.26984039666436,0.3240760607487907,9.424628709425457e-05
19403,-0.3528656946208937,-5.227967997478282,3.453394181807343,0.9846324099795621,468.7671031148946,0.5728819275166197,9.425449357622787e-05
19404,-7.797493142455366,-8.128342951443024,0.11971435910657217,0.8996596856199994,467.23944890083834,0.33171710426504397,9.425991488500026e-05
19405,-0.38967012919476574,-5.975331583226209,3.6162033449927242,1.2597623858445737,295.04313181548275,0.4536958458796869,9.42618028037472e-05
19406,-5.64471760629429,-12.621979696351321,4.8494749537395485,1.825728264521633,434.3325902399401,0.6067436025228057,9.426507136817564e-05
19407,-0.00858510484354369,-6.276674036409903,0.7622973302718289,1.0055324928792047,466.761276960206,0.020580079879048974,9.427172209854939e-05
19408,-1.5068832230394964,-7.801534376176337,4.5017969992973645,1.1025040331633746,289.3864321065174,0.9504037447764722,9.427647686351255e-05
19409,-0.5294504171159993,-6.431193008585271,3.769237161190575,4.30199552750407,399.05720286207406,0.04577877762659188,9.427765605432353e-05
19410,-0.8728868195831101,-9.20600701630054,4.809068405757518,1.078691845331877,284.7636151321857,0.2782926075381775,9.428410560811137e-05
19411,-2.3241148833948095,-9.300205630896171,4.952540913230099,0.8941173165754833,180.06024753954864,0.8164734138695584,9.428570717933706e-05
19412,-0.7243183150175803,-7.464091060953668,4.330997639661744,0.9927569116242438,274.796363585415,0.9676333288478665,9.429753334639748e-05
19413,-7.018287769770705,-10.319520303133668,5.012770904256884,1.1015771968110317,292.78523593673646,0.9110041588226556,9.430044643812685e-05
19414,-1.0532351675290261,-8.224321781511463,0.21596898761357167,1.2278212763797727,307.1391621386505,1.9325620297175528,9.43004624145435e-05
19415,-0.6399048488571637,-5.1298346034261675,0.9292774904670652,1.7413322841845182,468.5244753735576,0.22487750923023953,9.431688752010246e-05
19416,-1.7200663330662973,-5.04436332616535,3.4468717112342375,0.7875748514577939,466.9363284172685,0.5290636698498146,9.433983047915817e-05
19417,-2.3206127827548526,-7.464312127417376,0.44569087760597276,1.1293033315627385,295.15971973228255,0.8929650630743744,9.435052662108392e-05
19418,-1.6372165674795909,-8.313386848709563,4.703181891035691,1.81109538673139,468.034936505505,0.3837230441451318,9.43522373655582e-05
19419,-8.01350133545508,-11.613249212136175,1.2478118859646106,0.9062428501246969,253.17297871624675,0.5273452257545612,9.435732859210985e-05
19420,-0.5475805684943431,-11.91620151722637,4.639440102991025,1.0760844533947775,285.50645088839167,1.071553407559942,9.435961235290628e-05
19421,-1.8896092105832523,-12.409422168169058,4.652468367766948,0.7814385990895693,224.71961511561807,1.0011291006145226,9.43609465801913e-05
19422,-0.15773115973719065,-11.47641585604595,4.681493180682419,1.6652270402921172,468.13844139044687,0.2472775278587358,9.437701600221216e-05
19423,-2.2258250988312076,-5.30931318770658,0.9125805316849404,1.1478893832697716,468.71376615013367,0.2886426576335639,9.439905587768188e-05
19424,-6.710781399269466,-11.86849615571153,4.739388253774308,1.4097708375544555,448.70246812093495,0.6992954440148873,9.442334093307601e-05
19425,-1.3793132233339698,-7.961611498808759,4.580598541016979,0.8809911507937882,230.1104516411452,0.46802588178912874,9.442496469278476e-05
19426,-0.791651580581199,-7.188735446085024,4.172218459205048,1.1102738887105106,273.68412749526686,0.60370843623416,9.443901413927345e-05
19427,-0.5563599416440219,-11.453455617294667,4.681857115004628,1.0046405106400762,468.0317375591653,0.4107792309679841,9.444031708058703e-05
19428,-7.829436176443666,-10.617493343295449,3.753125718927964,2.655648012424938,352.9032307184373,0.018471317154945766,9.445033640478411e-05
19429,-2.173641974167875,-7.433433726961164,4.286903137609626,0.9180085912023037,242.52855145798645,1.0409806182787618,9.445595596470992e-05
19430,-6.655889180605568,-12.483928026382285,4.699160740250494,1.756933724709266,467.990470484807,0.48600797571597365,9.445881885949586e-05
19431,-0.14012350283995012,-10.177129059515194,4.745593746469954,1.0922555446775821,284.0232887799034,1.669462259872767,9.445971221737103e-05
19432,-2.4025104815255824,-5.395108249006656,3.4733734148210846,3.118587166510588,508.3397556129584,1.3616920643939725,9.447997468313851e-05
19433,-1.6207366110052064,-8.206300477329066,4.678223359457209,1.1164214119664189,468.3364451240079,0.5121216540329305,9.451071886723064e-05
19434,-0.9845536382852327,-6.732190186889315,0.6696725926188458,1.7573979358997107,416.2906323994804,0.2267777354834033,9.451204353052977e-05
19435,-1.3633096144596184,-11.079968240155457,4.706202184951728,2.7337322866663767,472.31416863090834,1.0346515128554419,9.452223441987082e-05
19436,-5.184933013851104,-12.894411830048325,4.821657548731445,0.6817888305537951,154.90174809963008,0.5113486774544649,9.452813056774658e-05
19437,-4.177094518464138,-5.2103763591981815,0.29347163519371916,0.579515531873754,127.90784556026418,0.5560498716500479,9.453188497922977e-05
19438,-2.032992701070345,-6.411598703718017,3.7258899021117036,1.2319112422988412,275.6817277096589,0.42153500002744604,9.453311507041458e-05
19439,-0.6440999105628702,-12.881132087764676,4.62936160894627,1.3947169919897167,239.0216260397969,0.04358336006955543,9.453463731705284e-05
19440,-0.8126877467968061,-5.538971186407959,3.5212234675894813,12.962618951744407,812.2476225513467,0.27353152695002514,9.455153753639315e-05
19441,-1.5020472954252178,-8.43487553853441,4.726331338413547,0.9833979751669253,140.69995024498272,0.3696967539206666,9.455640498804422e-05
19442,-0.3899608133583392,-8.835547703956882,0.0401180309906143,1.8163413053907138,467.9876396203209,0.3153300193977264,9.456329381113626e-05
19443,-4.2067552539956345,-12.417158085627692,4.833250956666576,1.7713786747086138,419.8150737010216,0.4704748297695991,9.459085535188146e-05
19444,-2.5060014923891707,-6.1717393087989185,0.6796665469197225,3.10971994854671,413.8226533386502,0.08303796303785305,9.459258733851305e-05
19445,-1.454650417492413,-6.201224302559424,0.7783398054721461,1.1088378677407835,468.45676473924635,0.6652475259107868,9.460373910904949e-05
19446,-2.200967827980084,-8.013931063418646,0.27574340155826355,1.6772314985036207,468.869743376028,0.5962652482926805,9.461023881632715e-05
19447,-0.40060121148195904,-9.523487086902893,4.79648229030523,1.6165471635466022,374.8918775879528,0.710283503883427,9.461636441375437e-05
19448,-2.02984503167316,-6.090185793483674,3.6637979006637136,1.095257418238984,283.61639335957847,1.3980119936121014,9.462507380315502e-05
19449,-1.2568416443282189,-5.254880096811821,0.931377889408457,1.0884535666185724,281.5841180638424,1.6384351727531596,9.46311109595721e-05
19450,-1.7247913782054898,-9.349587455084711,4.803293521621636,0.9277925102922473,467.5281168762593,0.5876005051206539,9.463823242121302e-05
19451,-0.12121971623884242,-6.695349690894039,3.905815032812415,1.2049403741816997,284.04985106358015,0.4960553314041469,9.464994170418728e-05
19452,-0.7478688908958002,-9.15862139616289,4.805293749265117,0.9954562427066284,264.8259388342999,1.6225548835076857,9.465080598759086e-05
19453,-0.13181480441393845,-6.789074875494562,0.6506239937915596,1.6642791590532384,389.0533644867317,0.10769244731496297,9.465237897784111e-05
19454,-2.401164937609023,-5.219681970132353,3.40019508890429,1.1675455198055718,467.0638056357142,0.4055753865034326,9.466219278148313e-05
19455,-8.84883843750531,-8.762833244842746,3.2238431614301026,1.0416163622498515,273.72234642027763,1.4629503503892103,9.466717600923336e-05
19456,-2.415679565684668,-5.472604291239958,0.9006568997143871,0.48691225818279293,128.2388622469778,0.09002128989335123,9.467070326063977e-05
19457,-1.6403732749558682,-7.315790300593241,4.203288787689378,2.101183245912145,415.35335581481496,1.6527199361292277,9.46928588556483e-05
19458,-1.877542238104283,-5.49773135855189,0.9502854266713564,0.9790309753146068,271.4125744469157,1.8876296598066107,9.470424709325302e-05
19459,-5.933243922768228,-12.190711033609997,4.879336214453004,1.1000125522019142,289.26500081371535,1.5612638564353327,9.47048252742857e-05
19460,-6.070566756737717,-12.599430201364378,4.834368247440281,2.5584532309695143,451.4087140926508,0.3730759477015573,9.470562132796873e-05
19461,-1.480082306466402,-8.81805403712742,0.05555281486591329,1.6834518973352708,467.76142803270244,0.7785270242479392,9.47112262071198e-05
19462,-1.8453485376901906,-5.395286921133285,0.9262300763003795,0.9748909209072865,468.0552630839459,0.7053156230219804,9.471440820350621e-05
19463,-2.5556292377775316,-6.430499273554056,3.946597784013713,0.858934830880471,172.88224212695127,0.3545784360568671,9.472961072272458e-05
19464,-1.821730622028518,-6.427734669038979,3.7599325529476735,0.8097789387986198,199.6538458659791,1.1956466560252332,9.473194121916183e-05
19465,-1.212743068397561,-6.87124212860173,3.9933348671659226,1.2037782023210137,302.5156388496407,1.836838135564876,9.476142481565547e-05
19466,-1.6842607855176155,-8.217383052065067,0.20093251423674424,1.0571252263143847,466.41197222171377,0.5892677942500351,9.476554304203185e-05
19467,-0.255244188554137,-7.506763741736368,4.30740950326569,2.830369818980047,485.34435782592254,1.6071837725130793,9.478580509006007e-05
19468,-3.463911107785761,-5.449125493933934,4.8795965332261835,1.1682205620069448,236.95305199982243,1.0031368521571116,9.479253729805567e-05
19469,-0.3137685315983987,-5.1329758651144655,3.4496178533553827,0.7434939477896103,467.71218540060636,0.26047554348369406,9.479623131252296e-05
19470,-0.7121269024470873,-10.25365124777991,4.740153967762029,1.357419919073871,330.9099739394698,0.5494861497562775,9.479764505984429e-05
19471,-1.5514348080154345,-9.850925736150444,4.772907533665077,0.985591232771736,272.5764771071712,1.2801062873192075,9.480090948456817e-05
19472,-2.056472601444584,-12.138569328540672,4.653948957757154,1.4264169304549654,326.52864768595134,0.7278159980104837,9.480784790791759e-05
19473,-0.9330448949568328,-11.069443011857498,4.70360312851889,1.0606060124546197,211.37197364415715,0.8038811454325421,9.48329373592029e-05
19474,-0.15882314125636654,-5.676549521171069,3.544646376080803,1.0617780354379154,275.94417032285503,1.7528442849583614,9.483490575527172e-05
19475,-3.2551720319136512,-5.17809078556497,4.522701513312736,1.0903668784658527,219.76278362227922,0.4077777515169849,9.485633639522481e-05
19476,-2.430037376945898,-6.165104864287271,0.8253343322682855,1.124384860700687,465.60917596503003,0.6477638885435697,9.486405252759511e-05
19477,-0.63429363823745,-6.014265829440303,3.6164726940767915,1.848647817842845,467.9104516938939,0.07809201103143337,9.486737589429826e-05
19478,-0.7126381608273089,-5.529872059128111,0.9117571046193148,1.4728715301789748,337.035128602276,0.9357852419984667,9.487026885114014e-05
19479,-2.5975099835153026,-5.483247495600317,3.505029040182841,1.8681616624588315,467.87260520842807,0.487721479133163,9.488011509513552e-05
19480,-2.2135220341485553,-9.653615356539568,4.786258819472295,1.2035221806209397,266.1762419887918,0.4702386507827896,9.488969431162236e-05
19481,-0.5625705958923071,-11.33091276292271,4.687839097490898,1.128244870386103,280.4393811312595,1.3088290644183074,9.489627331700028e-05
19482,-0.399543177202343,-7.241828735256331,4.188517989019405,2.644762882626873,470.19760654186103,1.8956915428563574,9.490393660598986e-05
19483,-2.1436786096201885,-6.302368342148044,0.7779024692912395,1.075569201994865,213.11758007267264,0.0369541189171354,9.490883964639399e-05
19484,-2.444074126835602,-5.379737777616665,3.411554420106135,1.836368974272106,467.93799204502903,0.3432538242073564,9.49147539240506e-05
19485,-1.2952031408007443,-11.667251449711612,4.667615828576031,1.176325513868165,468.78604764263696,0.6442254348911982,9.493132525349387e-05
19486,-1.6681778504449216,-5.445029750104811,3.4988798756948003,1.033664835240511,467.3266897166767,0.8101276921684937,9.49476515855413e-05
19487,-1.037340036495575,-5.244502505929895,3.3981286900541003,1.6249512640633834,374.93552691276483,0.40216938497296173,9.495561520701557e-05
19488,-0.37935087192611583,-8.001526912729002,4.560990454860939,1.1948754441007343,466.712234157068,0.2951920723253192,9.49629575784125e-05
19489,-1.8310325134174867,-5.490467211745583,3.503355212651055,0.8398404845368643,244.48924853477422,0.6408039749642755,9.496810554685856e-05
19490,-0.6487945843085168,-6.668833535309514,3.863420019990189,1.1752654305983625,468.4418558202595,0.2812731396102732,9.49720567408543e-05
19491,-0.33010507328608263,-6.201284458126839,3.692673708196364,1.8475280336930493,441.02329228268974,0.558430739187826,9.49830964987715e-05
19492,-7.174197707034446,-12.221646041571796,0.13955391813384524,0.8727859796951688,181.00342822438282,0.05665642096390844,9.499383361581927e-05
19493,-1.9198770808194112,-12.773002243474869,4.6258960791726675,1.6149695430542128,469.6916691273623,0.0070548855941838795,9.499601947838745e-05
19494,-7.72050603096833,-11.664298426609808,3.622523366856623,1.5190619546182358,341.006360658674,0.8912342537356226,9.501209208663964e-05
19495,-0.9459420680896926,-10.468084298923724,4.745767427694939,1.727028217264524,444.9044486630956,0.27525969746030743,9.501420491839151e-05
19496,-2.1776007477893087,-11.446834897732526,4.676232029094866,13.86399011880026,692.3362118926518,0.09062926505697888,9.501592977047522e-05
19497,-1.3371917903194728,-5.092506152625336,0.8793440879069508,1.785713544385658,470.3219351243095,0.0201878207158801,9.502217352043759e-05
19498,-6.600515749497031,-11.658757679922417,4.821335562621304,2.14933595844307,404.8587970786012,0.6031635100971338,9.50226892289541e-05
19499,-0.18833249261038176,-11.901829466577443,4.658316872294354,0.8711291315366082,173.89923812279983,0.10252402025410934,9.502929588531874e-05
19500,-6.505913588558543,-11.895272574560595,4.819257162330262,1.9437540588536182,389.27172847350965,0.9565059918549101,9.505924919381749e-05
19501,-0.7470186249913784,-6.8773708590031575,3.955681131221582,4.115773973941454,576.5673128137583,1.015741616186168,9.507584258297791e-05
19502,-1.4869478854045575,-11.54799209885919,4.645328800322953,1.885408630033534,454.1729978830715,0.2994758995684865,9.508238607326622e-05
19503,-1.4868790388099669,-6.790962655883832,0.7036401149133906,0.7909420213243643,468.79767618774156,0.14096784783057625,9.508346896277951e-05
19504,-1.0602779086625524,-8.144971268627444,0.2873704934415673,0.8259943916755185,444.7880012431084,0.0727676209436181,9.50865380380844e-05
19505,-1.4903263761363092,-9.184426003491131,4.80112526188106,1.1546064200254922,299.8103761839536,0.2761245986301244,9.508708208166424e-05
19506,-1.0011393730994058,-11.699443439283042,4.638999545018943,1.6421828913127006,468.76607441267777,0.3221560989721146,9.509722952388227e-05
19507,-1.2746669444810586,-11.514856477834018,4.672071536364404,1.9408735842928808,398.3814267974483,2.0087920088995785,9.510127902365548e-05
19508,-2.5049114139908015,-5.222874498041053,0.8680645326183689,2.170460989145937,368.4717551306676,0.172932444490991,9.510543013559724e-05
19509,-1.7239004441186747,-5.135095154785852,3.3863891250660476,0.7595806316182332,152.77646193071777,0.9976983103510761,9.510674037678341e-05
19510,-0.9775750442312017,-8.819157039319474,0.06213039253787475,1.251418231528188,470.4024694708695,0.22181276385078785,9.511004380472467e-05
19511,-9.920649562975585,-5.588630077804827,4.73000420138345,1.5741368695347357,338.38303410236307,0.8605052473571337,9.511211731395826e-05
19512,-4.22057382553165,-5.4564219056923005,0.2273392537100925,0.8027235025787044,237.0152371103566,0.9683124763129651,9.512557767726976e-05
19513,-0.06903392773987349,-5.011028679441938,0.972917639203973,1.3656555003228303,306.66668199549565,0.8229239900473955,9.51256028903757e-05
19514,-1.2235667533206094,-9.640285545033262,4.784337138478239,2.1193098512044686,403.68869048985215,0.7188871163155293,9.516050120909157e-05
19515,-0.8865633297937379,-6.9395051669762635,4.029343544706758,0.7824314658739387,467.7965417705791,0.4022183483268629,9.516776804914408e-05
19516,-1.079787607900558,-5.728439151982722,3.549789041718286,1.8374465412775036,468.1180991213448,0.7410070068620476,9.517549177331538e-05
19517,-0.021973454505987533,-7.151717454001909,0.5461293118861296,1.1973432781173208,467.92152658903785,0.6458907490179167,9.518429795460018e-05
19518,-9.668502034432278,-6.07233790052936,5.082645013762923,1.1035755472150244,285.4886455909617,1.5995386382010226,9.518556950298538e-05
19519,-1.1571079413040462,-8.517089058093083,0.12220723099819342,0.7518336451538489,469.8046317694831,0.2370412473357959,9.518794586873842e-05
19520,-1.3553566991035115,-5.714292753393058,3.488214721260916,0.9523965741515235,468.0293626978621,0.48420984252318977,9.519761323379536e-05
19521,-0.40884314376916997,-9.99938152452164,4.766111956104366,4.571916841268495,401.5037943108458,0.06800784225668632,9.520450879402317e-05
19522,-1.9227409449487727,-6.633592834069377,3.8428982584958056,0.9558434194782053,380.9737172669361,0.2210031658821512,9.521250928992139e-05
19523,-0.8478167837914299,-5.479980265138329,0.9005962843220362,3.0698161645654776,505.19612208950963,1.547164603128662,9.521938473766218e-05
19524,-0.6201096826085166,-6.776125643216822,0.72796064686549,0.9887098035443762,441.7522025066316,0.29764009573616956,9.524225791973038e-05
19525,-7.8301709242951745,-11.076813805891305,3.546247343906807,1.4600098137207391,351.4479981489272,0.13752827271973267,9.525117615512651e-05
19526,-0.7578873647147368,-6.174139825571399,3.6788411442327615,1.5930701234644054,347.2455293326487,1.0336447414137968,9.525583052827729e-05
19527,-2.6353603530516034,-6.09709366839921,3.905972722482201,1.8476481520853407,443.8988212219354,0.7140745401182098,9.525743090661853e-05
19528,-1.5627968668851615,-11.683113567456406,4.637804711980024,0.9459168349783978,259.89772224672913,1.7466147051688923,9.5265550375549e-05
19529,-0.9356806014203158,-7.174376526562303,0.5618639743611359,1.1813588441465876,467.1616362448613,0.25318850052529296,9.526662082478518e-05
19530,-5.039977638227776,-10.799998043899357,5.174252731464037,0.6958254556490701,467.29330941657736,0.3792758543750816,9.526943221692872e-05
19531,-9.030491604809358,-5.888612537121638,0.41617912900579457,1.0064216362521248,277.4631430299453,1.4346383522491868,9.527036232235186e-05
19532,-3.389477942077268,-6.170515655703737,0.03999654055296285,3.8195560522224223,558.6123645234834,1.1900426770281625,9.527876902764405e-05
19533,-2.2077690892725403,-5.649798061280981,0.9092337940610472,0.9823831664700694,213.84806122339256,0.14724707034873408,9.528673761717897e-05
19534,-2.3177197489575816,-11.658547997167368,4.899770160477211,1.67557941162031,392.9855697542071,0.278168534385725,9.528869514320333e-05
19535,-9.430789313797337,-8.184733999355448,2.4487110892506063,1.0279995046655774,269.8497393892557,0.8198693184900749,9.528967665811478e-05
19536,-2.077686602274241,-8.59432123195046,0.10834074631471143,0.8668999366829413,469.62790815395914,0.13017827272352633,9.529638098541156e-05
19537,-0.295618692493651,-7.152210949144552,0.5478383100553992,1.9765420499563935,177.48784169629803,0.4244092173980585,9.529912889656293e-05
19538,-0.4773705198945404,-11.401254831400857,4.649637277663583,1.2628103115071097,311.38217366861045,1.3191172555254287,9.530407670449606e-05
19539,-1.482015595076673,-5.498801462245014,0.8923997285025469,0.9851322704407465,199.95312047452754,0.850928563804378,9.530613196655071e-05
19540,-2.1200051276803507,-7.449956087943232,4.312003198596776,1.5076754307531917,340.65905795913875,0.3749588960363264,9.531170357189692e-05
19541,-0.6945042349655015,-6.718507141357795,0.7203817014793872,1.2442598469961528,215.58032172492042,0.10992981875561192,9.533271189663585e-05
19542,-1.919736299261075,-7.503943124027343,0.45074648000315065,0.9772864813548805,256.2904338798916,0.7287888458186291,9.533310680698855e-05
19543,-2.287398779571417,-9.126568307816994,4.797864201969487,1.4943763311904164,468.3066212281976,0.46851286696254846,9.538772172383106e-05
19544,-2.331675734739215,-5.103841658252605,3.4193486906610295,0.958378036360436,468.1853082342895,0.1847212257630897,9.53888440014546e-05
19545,-0.5968318459626527,-12.357318262205961,4.628927835895803,1.8705233345224057,448.16698373014054,0.5308458418867721,9.539038125595088e-05
19546,-0.5147166234636718,-7.203735862229624,0.5698832276841755,1.0216468245528458,235.04153921352062,0.5859001029409923,9.539486627691094e-05
19547,-1.7087303098620357,-9.598433233384732,4.784619703217768,1.1381177220193226,293.61482365573266,0.9087404285550962,9.539642533567606e-05
19548,-2.590822345523561,-6.618316804445546,4.24272985233635,0.9366485849045397,247.6308265989744,1.0838884091203216,9.539647880563249e-05
19549,-3.013614446771104,-6.071773747770053,5.162213644720757,1.094735626110457,197.96909646703665,0.10569161418967266,9.540418716949877e-05
19550,-0.4996080139353438,-11.906353296574757,4.654155892110188,1.1298155433325712,228.00529763542045,0.8383257909837516,9.54050766191645e-05
19551,-6.915998733307225,-10.449656798446748,5.019517511294612,0.6920931034252077,183.1304447159459,0.9373112174159344,9.542297166536397e-05
19552,-3.2125355169094743,-5.071044729658985,0.5693631320001509,0.4937187076808496,131.64353524384813,1.1347257586908137,9.543276623362743e-05
19553,-0.09030189297369162,-5.641676493329463,3.5250817211346015,0.9349934290022557,186.5045622670407,0.44626071042727844,9.544503977104767e-05
19554,-1.7930170671543308,-7.368185891299335,4.21258877876618,0.8657432855979742,444.855725447203,0.5986597535757907,9.545332074399127e-05
19555,-1.9924587843334525,-12.051797733547094,4.620720994457923,3.8494355315264936,554.8406845157645,0.6919797434476971,9.545422321535458e-05
19556,-2.1985014937863596,-7.863879541049271,4.517170716196739,1.117619338716109,290.74914131117436,0.8856959065259895,9.545569898174183e-05
19557,-1.2737115265481904,-5.95466023712115,3.605211899621893,0.86941107326221,249.58372301504005,1.1595632978492345,9.545790148922217e-05
19558,-2.577882140525192,-6.13908527965227,3.619013060495401,0.9994401155987419,467.3790619926174,0.2740091025876126,9.546326381403811e-05
19559,-0.21371256662506433,-6.883337474787439,3.993004527583216,1.885831823202264,466.66796487793493,0.059618872272051426,9.547955269696343e-05
19560,-0.34033375292742996,-5.778707344836227,0.8655829073467567,1.4086411621085009,310.4175206960431,0.40628367370554397,9.550963131983926e-05
19561,-8.064675485113803,-11.840972705904768,2.4807557466004826,0.7352199202688968,139.47532866036067,0.22271394509339615,9.551010894915285e-05
19562,-3.8039853466678197,-11.896524174682387,4.881626444190392,1.6665550402518177,367.7514863239459,0.9755681651006718,9.551135797795913e-05
19563,-0.6564557412989771,-5.823228764564055,3.5674085501342194,2.797723688063093,243.5724564846024,0.20712087802627188,9.551296469174413e-05
19564,-1.9807239891030761,-5.1837080213783695,3.442335974000658,0.9662813390053713,468.40706200403525,0.5390512748312855,9.552527308953133e-05
19565,-2.5679454266935213,-5.294855502688075,3.391874886276543,0.8158437167170014,224.6273669935091,0.3483278694596903,9.552750542837562e-05
19566,-1.0909245120145936,-5.267714678899194,3.3859255222413256,0.6162617619821761,141.25168617034038,0.8379312181011382,9.553905500880974e-05
19567,-0.6996430484143943,-5.601990233720861,3.5143988916759237,1.649759253507284,387.46642376187737,0.7867659388440922,9.555140657652132e-05
19568,-1.7987593654940746,-9.527900407675462,4.78695694238438,1.8039471822658195,469.2776564942494,0.15059858607977628,9.556408023215536e-05
19569,-0.7227796388495467,-8.857953505569714,0.045518637063298555,0.8882744256902115,366.7532231773647,0.5161611975518241,9.557499545285208e-05
19570,-2.268120724029213,-5.748139026995098,3.4877944765527746,0.9740351531397222,467.6920097532804,0.2121006948758879,9.559071449508498e-05
19571,-6.403770716578499,-12.989112332389324,4.752756939059636,1.8000911929263383,449.696248840422,0.04336553878929639,9.559331216955489e-05
19572,-2.0151062592809987,-11.662179960188638,4.635113847930441,1.142289896270168,294.38029410673437,1.077471583086953,9.559660600966783e-05
19573,-8.124689292585451,-10.192943386114855,3.2878957006318004,7.0809295236728085,519.0062971457374,0.017780673447309603,9.559763723055023e-05
19574,-2.5643996480772593,-5.592530773045566,0.694955013872585,1.99293997564037,403.5955267171758,1.7770317127969077,9.560950319197788e-05
19575,-2.7638343332505038,-5.8256676610771425,4.172437237945866,1.1554559812251093,251.75140451340783,0.45473410117151847,9.561377391805271e-05
19576,-0.8056744908478102,-5.001965748771557,3.361617538566095,10.146969418363527,575.4132713692837,0.005533402376743268,9.561820814208085e-05
19577,-1.5327561863043666,-12.2044146196797,4.624574406829541,1.524651639485897,349.0432220510574,0.4528716101331689,9.562306668616405e-05
19578,-2.3127264445531743,-7.89225358690986,0.3288381810087821,1.1595382593598953,240.39415957615887,0.8199332574817761,9.563628722766302e-05
19579,-0.5443538298705892,-6.787173600925417,0.6958029157996379,0.9464903030486937,202.84612475395247,0.007922653713877459,9.5638706314715e-05
19580,-1.3298618837583707,-6.781536217387631,0.7257860966126963,0.9999343608811074,468.5587105596625,0.04337030056246238,9.564103320120494e-05
19581,-0.6599919687517257,-12.277161506010385,4.622291142718263,1.8482567187883752,441.5631051144801,0.5544031387342088,9.567535244218265e-05
19582,-2.2822561297975232,-6.171067473277717,0.8452993901481208,1.494998157330456,390.17829877329757,0.6842818467018494,9.568625902481367e-05
19583,-9.581742448019549,-6.949513411250254,4.904750087669797,1.374064301155689,332.3248502647807,0.28812210304323127,9.570423813281473e-05
19584,-1.7924251917454619,-8.653410344805291,0.0935302310294286,1.2577494941671974,313.6563336071254,1.6853258865513743,9.571063312658771e-05
19585,-2.1326136349007427,-6.565642309119959,3.8907129474265854,1.403301899141787,307.52523292578843,0.8951425261706225,9.571609745730963e-05
19586,-0.9497112619599548,-5.917527860721677,3.5892462167923767,0.8603281802612514,469.6429113138144,0.12956346155070886,9.572659712447572e-05
19587,-0.511796762456795,-8.505867228600604,0.15580368242558942,1.1538397740379278,295.1308598891802,0.8755595749441811,9.573487006812824e-05
19588,-0.0860642299087857,-8.203061466752615,4.663598646837037,1.6233394253070415,378.4931946042481,0.08316306478153646,9.573556266790446e-05
19589,-1.371115562539778,-6.256454257337527,0.7737300179302418,1.3512439171081627,161.52240582825618,0.2851277999845756,9.574002641156242e-05
19590,-2.6142428053744826,-5.367175060629005,0.6578998441641078,1.5790873768385953,467.9661153046855,0.6136747551546913,9.574640491225115e-05
19591,-1.9792129595614831,-7.458388784670243,0.510939890281227,1.3641889842676125,324.0052193235447,1.5943454045052095,9.574738868613573e-05
19592,-0.8475269664245584,-5.923334255928747,0.8809992485862008,2.4225123876019357,448.49396174622797,1.6918730521001537,9.575523817106174e-05
19593,-7.783502345976632,-11.008558017401532,3.6703161937568334,1.2548884604974169,315.0635374295465,1.2365681924183498,9.575599678515456e-05
19594,-0.6534773017574729,-5.847997588721153,3.5692788983222403,1.3045426189208003,321.509225619747,0.36606940743136906,9.576417074216356e-05
19595,-2.398147896204909,-8.325720705542057,0.19937747056249294,1.098984689347277,466.96847949098947,0.6103976146963932,9.576531640652057e-05
19596,-3.5518334936651907,-11.015599807516008,5.069160972302372,0.6985118315455248,427.69517733882543,0.3798478860945176,9.57701445069596e-05
19597,-2.463956937147894,-6.115227776358733,3.654207253738984,2.4138285617037587,447.46642165098035,0.45777583084357243,9.577402095057745e-05
19598,-8.631868732151101,-8.803701474194646,3.808322787823218,1.269517186164465,268.6391776804162,0.42520045881789326,9.577464391551403e-05
19599,-1.2521301091355443,-7.83699993058982,4.5006137553041645,2.2128252117526466,423.88658158176423,1.1601359095913466,9.57765461798949e-05
19600,-0.6428590150554179,-5.567244653882833,0.9583940798248654,1.006463040832135,199.1412130722432,0.6483261232973154,9.579111083031775e-05
19601,-2.9970817868675894,-5.63427377836471,4.568277148303713,1.7571630091500634,416.4962495790309,0.41553679873617533,9.579121491147682e-05
19602,-1.0764895947393107,-7.45283402499933,4.279371081908183,0.8695246583515323,175.30191323128133,0.0747821498924841,9.5805477594588e-05
19603,-8.38608512719796,-9.54967756876645,3.2122786738452493,1.1746601925529194,468.36776670120366,0.46785866304993995,9.581443525141415e-05
19604,-0.39004445694987133,-8.074467879962636,4.605862937582911,1.1586447222189789,423.87992776234967,0.39405873698487515,9.58273879515535e-05
19605,-1.772468892802312,-6.538798132482615,3.7891786729317474,1.120765561181879,261.0692708664585,1.0510876492741579,9.583113145042388e-05
19606,-2.22827290716212,-7.495886124600448,4.302555357438927,1.3419418965960632,312.70026466058835,0.48137519449016075,9.583221434459943e-05
19607,-9.866688531620094,-7.43061194307264,3.8956367221032773,0.8485648091759578,449.8506573991701,0.07991862866800936,9.583958042603727e-05
19608,-1.885286749239949,-6.389280940679604,0.8031980290813302,1.5670791124681969,350.4947547045987,1.326041235653996,9.584844654707165e-05
19609,-0.1299370263182631,-11.250449947349267,4.676933682213706,2.470271092151184,438.65494343598255,0.5270788339357573,9.584993615049786e-05
19610,-2.06521875020532,-7.071077924534415,0.6243281824900734,0.8805687381519784,208.95219720063088,1.1312996214549527,9.585343845706444e-05
19611,-2.4178539841614306,-7.0641318376639495,4.2016747049663605,2.7419008612859224,246.03221319339062,0.19142411615958732,9.585943305019055e-05
19612,-1.9695786196651426,-5.636986386956162,3.5156143755179925,1.193708977322189,302.913275150559,1.1805320737108733,9.587235464188089e-05
19613,-2.81167878083712,-5.120207244012614,3.535156623145935,1.3497781117117704,468.6140839041201,0.400870019535021,9.588355202096978e-05
19614,-7.985767362081178,-11.410982881050963,2.999280534329773,0.9754923030893319,467.54083419797126,0.03961647964015835,9.589868107637625e-05
19615,-0.8336031453012964,-6.804945949533301,0.6827952823762606,1.0555760021474472,467.81840703457453,0.9252490249661829,9.590981090458151e-05
19616,-7.909594970658764,-12.47922266884456,3.0155371929217325,1.7145450299834526,467.87391481188035,0.4510084575051154,9.593065191824187e-05
19617,-3.4248107259646057,-5.1696716336232855,0.47610234510885885,0.9095826179795392,183.21668589238695,0.4992675535722393,9.593402156693584e-05
19618,-0.5893525308535548,-6.851342629923443,0.6522689387618694,1.5408614551834314,467.93989039552594,0.23323058222738968,9.593425414450039e-05
19619,-8.130161588097566,-10.8853431649303,1.027452090651006,0.8821533879709764,467.72695112078975,0.2575104942993365,9.594501299176758e-05
19620,-1.7808319409734459,-8.951682399387952,4.7852539346417995,0.6560524059580742,134.37320312085762,0.880289904875327,9.5954278524105e-05
19621,-5.854255899053663,-11.14133037495965,5.069568591446602,1.0836558765834783,467.73999176393346,0.6372239510768019,9.596715614486066e-05
19622,-1.780925402271368,-10.0995228521656,4.73395907514238,1.1055189291386103,468.34260485873943,0.5144895557196536,9.597658282473984e-05
19623,-0.7856389161528892,-5.660425407045162,3.4773463320893585,1.507493510934413,346.45622071625723,0.7451591511628761,9.598426871211858e-05
19624,-2.051898789854894,-6.8973563695986915,3.9920113261531283,1.0586613101213462,275.2928349583544,0.6881821585572405,9.599975671131488e-05
19625,-2.040190960472751,-12.359294196768317,4.619395516648081,1.1084820377336113,466.91713725426547,0.7557007516236682,9.60045093219958e-05
19626,-0.30217966081583114,-7.288973676876072,0.5450739744398745,0.9446713389964383,245.64562597632536,1.1404873142710157,9.600849672431083e-05
19627,-1.564508775619304,-8.0870485111247,4.608569300905941,1.5431496828415838,468.1974917410195,0.10348923733251336,9.603448192600032e-05
19628,-1.3652727707070795,-5.064748879459827,1.051756677414553,1.2521145963411044,309.7485220155585,1.073879676350085,9.603544170953432e-05
19629,-1.5133793701109575,-11.66716201707175,4.655895173502334,1.6141817439316815,468.36846419088147,0.34764830356572585,9.60360620064474e-05
19630,-1.7739646337942006,-5.730820985725004,3.533530361500805,0.82491630258071,468.30213510227367,0.11023719953238054,9.604961059096955e-05
19631,-5.1525372361177455,-12.429000313664734,4.846091425209432,0.5171837769795058,119.72160958483657,1.1197021007176717,9.608210523028878e-05
19632,-2.3708621773692364,-7.188261698002123,0.5804792320266515,1.6447457951796234,468.3577083807376,0.7659663382993047,9.609790863566691e-05
19633,-1.4093978845128898,-8.503207412909623,0.16566272804884674,2.5221470265381725,435.5293430612926,0.21911043262053287,9.610241908171467e-05
19634,-5.10720640744446,-11.108581677369097,5.07012315964496,1.17552977789676,467.02747487855737,0.23537938817678672,9.610839814809213e-05
19635,-0.07620723325744017,-8.261826629708928,4.6434974035616525,2.936711425118715,492.0877857507246,1.1689663992358472,9.611373288321648e-05
19636,-8.012102889017077,-12.396252399813015,0.7555200191053153,1.1434019229790577,291.82520135594274,1.1154643184101607,9.611464296069628e-05
19637,-1.5410893670346706,-10.719614200580391,4.699871847799852,1.7154228653928758,404.207624705212,0.16045299027633142,9.611709610438059e-05
19638,-1.8452015211861053,-5.857743863973433,3.5652026677140363,1.1443905204193494,151.59640418819453,0.2476914335421565,9.611999359847001e-05
19639,-0.05812175139941189,-9.42295425094477,4.786325975007804,1.8823026408768082,452.1800415837358,0.5568900073569791,9.612016917584866e-05
19640,-0.8428924736706325,-11.103262862508958,4.682110710792019,2.392556249651145,447.84358803786523,2.439925943868939,9.614505733962542e-05
19641,-8.627917555962686,-6.909970327836346,0.3074454723127717,0.9986329169318695,468.9221276229256,0.03522130141071678,9.616059753986487e-05
19642,-2.1793636450937477,-6.514278935703017,0.7508727532551864,0.7941037263204581,158.60742744533704,0.13249534708023436,9.616172598597648e-05
19643,-0.6395578804841566,-9.621879317657358,4.775594571562752,0.8839785410125526,193.10305319495203,0.8402260483001678,9.617079689329451e-05
19644,-8.08940326110351,-11.953721166205183,2.191215408499771,1.2520006463020532,157.667766696772,0.24319675952594633,9.617311425631688e-05
19645,-3.068095522990884,-5.5309602409618615,4.618367861501424,1.0099888594884687,269.72507683272033,0.7740466130372363,9.617352232650243e-05
19646,-1.8518574157292775,-7.506457802746365,0.470411162677359,0.9254913042911168,467.83115669328777,0.5754830052251059,9.617710109545736e-05
19647,-2.2511809901391278,-7.837909819281261,4.4961516157310735,1.877543302881371,466.7194907660324,0.09133430360763395,9.618511959505986e-05
19648,-6.616519564112936,-11.400577311517175,4.86048278091696,1.0510533221355893,279.7014270551661,1.5331177742125401,9.619453951629883e-05
19649,-0.33613082668693295,-10.788253344229673,4.699667863146679,1.3404091787849441,248.6858073572485,0.1202165828188333,9.61945870116031e-05
19650,-1.4190269637668607,-5.543175548814138,0.9297738299166873,1.1228251415640202,468.0644448269446,0.710526217944091,9.619821976889033e-05
19651,-2.65664754617665,-5.096472484190169,3.4141251045546355,4.658263237965227,599.9752386151156,0.42867397746860725,9.619996138142155e-05
19652,-1.6034083306601552,-11.24196680533194,4.673694787207687,1.0410706968668269,274.474261593978,1.7660264528018912,9.62034732655136e-05
19653,-9.342097230763388,-7.274824730836817,4.956186588376245,2.842683411694917,215.40569133255062,0.3712558620865627,9.621364345470657e-05
19654,-1.5789059319939032,-7.009625151877487,4.0494601352057344,1.0748050144714836,285.98487354760766,1.4725627195224682,9.621462630708558e-05
19655,-1.959657805567911,-7.7866190630997805,0.4045196699732441,1.879071118196728,364.8749101242199,0.3867651267385481,9.621571611521903e-05
19656,-2.1145673778457184,-7.311712638658819,4.19437320908446,1.0691758073833777,285.80587764724794,1.6220753897761435,9.621766899299306e-05
19657,-0.1244330367797879,-5.087536047790649,1.0546819519794433,1.0930603157139718,267.5911897486116,0.9497808314980487,9.622215297351775e-05
19658,-1.3360012642917045,-7.253443377179634,4.182333615803514,1.3638686354799285,318.7961337662079,0.7797953530885069,9.622879647567918e-05
19659,-8.84812846420828,-7.789264363214093,5.1096127912868905,0.6831836038786281,134.21847033270828,0.28052681275155233,9.62387451497498e-05
19660,-9.718956080759725,-6.8904521479136625,4.747942199926924,0.8213958031163855,214.5583545543158,0.12511135628268466,9.623929854713403e-05
19661,-0.23325024887743417,-6.855252499521737,0.6711491881967739,7.416983973731822,724.7359476381334,0.45306814818393804,9.624872976522417e-05
19662,-2.7411183337429517,-5.119601965419644,3.428434475419325,1.0169975089998862,467.24197508470763,0.4098197489436517,9.625204712107523e-05
19663,-1.6343675675451692,-11.203521366428719,4.649745674006945,1.5118255107061542,468.11519394534434,0.034165163250764685,9.625720917487323e-05
19664,-2.1342222102780326,-6.3524304581071505,3.7376316179321156,1.627683601726065,384.1546616969889,0.49698943310948174,9.627193758092178e-05
19665,-9.326863764544429,-7.534432737185942,4.651180676780607,1.2303709372144043,280.3457630629942,0.42440403887169253,9.628335937191413e-05
19666,-1.5488489345307848,-5.876521522486735,0.8691588179485771,1.3979974584083332,305.29131407505326,0.32662387648847435,9.628609964099557e-05
19667,-1.8520782308384138,-5.793287177013759,3.5447881273038457,1.5244732021265652,350.36026121724717,0.1922143984039284,9.628733088848964e-05
19668,-0.8814867780680551,-5.689957010144229,0.8889787193749239,0.9289128742532291,242.99533989150353,0.9746558016698303,9.62977596623137e-05
19669,-0.13872100098013185,-5.572902273064148,0.9502514052809784,0.8095674451794308,187.44855334838627,0.31033416301254757,9.629863147076231e-05
19670,-3.2572979400019877,-6.2174948795227065,0.10418073995084623,0.6991976002578685,449.5530166056184,0.39871683805727276,9.632457054083254e-05
19671,-0.1666824455274103,-7.1954374106565435,4.148687698341586,0.7619164680992209,133.58806447142334,0.2358060141926659,9.634022673763987e-05
19672,-8.077343025296196,-12.29420466899738,1.7901403648469962,1.0805249222926876,280.3859978317498,0.7161476256853101,9.634815518080555e-05
19673,-0.5665669654522123,-7.287564255908983,0.5442490410161842,0.9721913689855202,467.53827893594445,0.5981127317591151,9.635317043281369e-05
19674,-0.11486882558105904,-8.181752642196962,0.247232792965477,1.2934199838703726,307.83937917946,1.3046056928147456,9.635844939017269e-05
19675,-0.49159097184606715,-10.11725133181098,4.758177840719868,0.823956529814829,466.7300733312596,0.1245283633574017,9.637393064646126e-05
19676,-1.9338606188610612,-7.9603506127743096,0.3142249577044791,1.051919572484165,130.947505529691,0.31459225709945215,9.637417435049885e-05
19677,-2.1685077886220094,-10.1890816333012,4.73146789187392,1.2750334187723158,297.25467870903464,0.976903896879195,9.63777167735131e-05
19678,-1.49286647039197,-7.692000579501027,0.42759874550861704,1.8965643389948281,459.308024733966,0.21430287098785428,9.638746488602159e-05
19679,-0.676625943687041,-7.281776697795597,0.5529457596976619,1.1019865966004299,290.10579254570916,1.6374026586544765,9.639296348780704e-05
19680,-1.3109291199774695,-7.605130461557107,0.4470093658873328,1.7363082918729926,371.2984616307523,1.5233566145261213,9.640150745153244e-05
19681,-2.8875554158551004,-5.468190024226968,4.216655036296338,1.3638009508835787,308.3877219570133,0.9444641211165292,9.64073688523081e-05
19682,-2.0730745745764043,-6.731039796236331,3.8773941069263658,1.229802979424299,297.7680953051125,1.1033818210378827,9.64234177142745e-05
19683,-1.8666157978030604,-9.084924119303832,4.786497541726669,1.1408936753998105,294.2102937094906,0.9173755801803987,9.643128263334935e-05
19684,-1.7697703230251527,-11.321138509013196,4.667186886691054,1.4830171869586581,331.24236209305894,0.5021093596761608,9.643444069830973e-05
19685,-0.16786781553293473,-8.90314535603063,4.777035747769358,2.12347942612685,418.63304763831513,1.8269957992388024,9.643602391671004e-05
19686,-2.2658223692794532,-8.477683061152176,4.715526431859898,0.6804060366893913,193.65914407956902,1.2566826680833705,9.645917347935127e-05
19687,-2.1668633337429437,-6.244579774488692,3.6301316990564234,0.5708244761497115,178.59558614183553,0.6909695653775954,9.647241306057769e-05
19688,-1.7743356028148938,-5.875431024582764,0.8954501966473002,0.8033944709806614,468.9434590111602,0.2405646102217185,9.647341998866785e-05
19689,-9.477034808638132,-8.094120222303983,2.1584977456634205,1.6547371513881235,360.9197633946609,1.5362988420029842,9.648264410624291e-05
19690,-2.7673330545338466,-5.2514039673528,3.5300757227148862,1.0124593288811634,265.4689282975796,1.2015527881824415,9.648379932449442e-05
19691,-1.0816913947325908,-8.46885071039319,0.1901703610742387,0.8281118203443693,236.7297731229245,1.411271289030716,9.649978966815739e-05
19692,-4.4119305542927005,-5.642820720584021,0.12533085440960504,1.085731542818011,289.2023933760007,1.0706626019420558,9.650947472331351e-05
19693,-3.7117331002186935,-5.438850326255856,0.31314167291667266,1.100661179767132,467.68156978385167,0.17749642006824828,9.653807408372347e-05
19694,-7.997226888602247,-10.794872019750144,0.42094821251161285,1.1787478600407655,226.5758297130913,0.03240476545319204,9.654089394209229e-05
19695,-2.085846169557165,-7.20390796292134,4.15034019128454,2.752219582066019,477.6225916538641,1.4403251426960804,9.655030020912293e-05
19696,-9.846374248346393,-5.1964919238833405,4.7972342368609455,1.0321003489418163,274.51609573632095,1.0369821463845863,9.65732035334139e-05
19697,-0.813026239602129,-6.876376669904067,3.934096228266304,1.8425012126291374,467.5797105710178,0.4463110340439682,9.658213180667243e-05
19698,-1.9116182784186915,-7.558292346040049,0.4492470591631753,0.602372784893451,131.4702305750065,0.8356883502564187,9.658733587377701e-05
19699,-1.773802200135643,-8.505923037703528,0.17503968628223276,1.0062089480766698,468.0820407393041,0.14266272520738799,9.65909005669048e-05
19700,-1.836128503314919,-7.845121439917664,0.3964812665417513,2.56200563106969,441.7825079304558,0.4636457062055541,9.659209100702734e-05
19701,-9.723601197135057,-7.842417101199422,3.109891051707477,1.084143285381198,467.97962087805865,0.6403721347312192,9.659785777940455e-05
19702,-3.5796734691579317,-5.477819877945465,0.308091086486521,1.032001500156037,219.66131251875476,0.8147189972037312,9.660800080655629e-05
19703,-2.3255654510182033,-8.147205138145729,4.634292761455907,0.8502988176015753,469.34242066997035,0.13884086835647835,9.66092756814634e-05
19704,-3.537997374345859,-5.184012525234017,0.46543418018683574,1.678336574180709,468.04350201460653,0.44838542813159865,9.662162997613027e-05
19705,-3.7420368621021973,-5.41765993051853,0.33036141017041076,1.3450270825046517,154.19200037414421,0.40260309177014353,9.663643666305912e-05
19706,-4.742831527169234,-10.99249984449328,5.093173093373549,0.6157921462279795,171.93460236966294,0.07905655956844804,9.664018179769296e-05
19707,-2.204120878494863,-9.019367670646451,4.782164435193699,1.8598600109017487,448.20049460366926,0.3304752945460647,9.664303537820406e-05
19708,-1.9832123908252122,-11.439516295454007,4.659273134599206,1.620804996555738,377.9772253059449,0.6922471503318102,9.664403995230385e-05
19709,-1.3159798974511094,-8.286620913359304,0.22831916334992275,1.019129407149291,270.219277246688,0.4625773864521978,9.664526060838712e-05
19710,-0.6349418831276346,-5.443432312259291,0.9401320965234535,1.0546095347434472,467.91231660016575,0.15561106679199366,9.66502832976909e-05
19711,-0.07117538135050161,-5.570047201932053,3.4072486099537693,1.7189305303246383,405.93944877425105,0.24279289862456377,9.665033249018323e-05
19712,-1.1970655824654113,-6.147856578664177,3.6491746601345243,1.1859047427532778,253.29665016052576,0.8257926172422083,9.665813153644765e-05
19713,-3.4131511257908826,-12.116145953528067,4.842237445395639,9.072042543998311,760.0605864006837,0.301933743082178,9.665898441249595e-05
19714,-4.078986430977563,-12.991588828984185,4.784472460888071,0.9191942954688608,183.1429873491173,0.319543135952304,9.666499435138405e-05
19715,-0.8953849712262887,-5.9062485260557125,0.944844081061324,0.8830059745298126,233.5055519591858,1.0025195467827244,9.666654683291035e-05
19716,-0.013985675297856659,-8.590545795939882,0.11127817635786619,1.603434123874384,378.95104614978413,0.5263785822183511,9.668246334607605e-05
19717,-2.111942577082166,-6.733252215187967,3.8666830676736024,1.8649037838253375,449.34001862948287,0.13703383139662417,9.668682366817203e-05
19718,-2.356693488636198,-7.30086531806999,0.5241533401862856,1.5642518962140386,365.4397124871002,0.27133077242092796,9.669726259656554e-05
19719,-2.3288174132511754,-9.804979357456864,4.994565863594461,0.8884484936019265,230.86482825315625,0.4406964203739898,9.67085534263742e-05
19720,-2.4611148781120633,-7.498906300362239,4.744257986101346,0.922984520103918,468.76206999741044,0.5948176867765547,9.671178014013777e-05
19721,-8.33435931001262,-9.861039516280355,0.5862163168910444,6.782793443788322,666.9390989455203,0.23752672946153286,9.672303503794118e-05
19722,-8.242282095336043,-10.50921092219958,2.378939616125594,1.7837694703228169,422.648829658144,0.2290807941284383,9.672791381785115e-05
19723,-1.6725635653806172,-5.937157176544343,3.576140140874322,0.9092670671892548,468.19815948431017,0.9043498076093277,9.672792147446399e-05
19724,-1.8523467609304785,-11.284732617741685,4.6402787271806645,4.520003598859904,315.7864001045045,0.17449638846391746,9.673604881764725e-05
19725,-3.3153249230114596,-6.257081805299922,0.06171518301781114,1.481771127534803,468.749658981119,0.8395612885626198,9.674059561222246e-05
19726,-2.46162266146258,-6.036749534175576,3.60351802316918,2.3803484006639506,427.5822418509458,0.5055914550634304,9.674595811277363e-05
19727,-1.8804269594521958,-5.906758868924971,0.8773781978332551,0.8128187633105854,466.9029570092889,0.09000251994698072,9.674710704995295e-05
19728,-4.4783062284705935,-5.091829085335513,4.822685131757177,1.2971807518014484,250.11703129397472,0.12907031567038807,9.675175906269083e-05
19729,-0.19072789373821308,-5.182801766956788,1.0167909747442538,0.8804431301126704,197.93778571972402,0.37008253320963647,9.677140256172802e-05
19730,-2.078565277091556,-12.111320340365065,4.6157139445044,1.4987879473008443,377.004734977493,0.5698591065721095,9.67826683213999e-05
19731,-3.8671586479780062,-5.658020049855474,0.24949880553049367,1.2923435354430457,283.3223011650472,0.18519184282269396,9.678897783254913e-05
19732,-1.2394637513685396,-5.768178567764177,3.4821686596612125,1.804002271584355,467.8816147256574,0.6919706993270749,9.680247154812349e-05
19733,-0.3057324165124733,-5.012410423877492,0.9889820555832795,1.3572645021320935,468.0078143272148,0.4341894247613931,9.680753347943228e-05
19734,-0.6139182726432466,-7.300462093127342,0.5510182970723355,1.170237882838893,265.1135079754099,0.7545458610327467,9.680985904330074e-05
19735,-0.22340047735424484,-8.460580308550181,0.19650685522116723,0.8184700450418296,223.74770777478244,1.2661741012277412,9.681928004902627e-05
19736,-2.7288183697288666,-5.751438997960887,3.788514906341917,3.5697212468208877,541.7750183821689,1.2840960563613697,9.682296715696322e-05
19737,-2.1106320135355823,-5.291451363952176,3.3807856802334486,0.9019032130937901,468.25420589957804,0.8861923674957826,9.683098338509711e-05
19738,-1.6755512164199775,-5.308793414102395,3.4356048921076527,4.537736715724411,600.6130908708192,0.8536125395858702,9.683443416058955e-05
19739,-6.857879262466696,-11.981358296248146,4.631220391833772,1.821913188945295,468.136790230259,0.2476150603808538,9.683767458883154e-05
19740,-0.7959536722128124,-12.086408596126779,4.615800550713014,0.8254484089589971,165.07517960121166,0.3209427606595039,9.683786728905971e-05
19741,-0.3792923590740678,-6.192393609997478,3.657714243239722,1.2677452906263775,277.512821943709,0.08833181968605874,9.684495014740402e-05
19742,-2.2860033395236012,-8.823208754353274,0.08789217719187627,2.7422611269783883,469.7236195695318,0.8450376063042908,9.686630788992444e-05
19743,-1.26738389883743,-8.321878352968966,0.20779853877269822,1.0699176726398627,279.19432885521354,1.85778607554544,9.688266548546319e-05
19744,-2.141837751353398,-7.888645455566304,4.511742635359693,2.6186210109455526,442.8313329690417,0.4642889860491968,9.688364464491216e-05
19745,-1.2706370412210966,-7.332597943079666,0.5433937421362833,1.7287054675662306,338.9925340158908,0.41892847100366115,9.688702183413439e-05
19746,-8.719293382824944,-8.89982293351969,3.326238519992237,1.3056498649483752,290.86915418009954,0.479972168089434,9.69024703448735e-05
19747,-2.3159875471352773,-7.158335850687133,4.223560392797675,0.8076796134446537,220.0439486089492,1.1068274748609168,9.69049978338608e-05
19748,-8.498748560448297,-9.652964963074036,2.3371100915748553,1.6497943859599613,383.8219422016346,0.6479984574379145,9.6907265963242e-05
19749,-0.2590391497787756,-9.970141159293986,4.7353162741901,0.7984001580291578,237.1407807939153,1.1472558466731675,9.692784365631816e-05
19750,-8.237439376081038,-10.594452425953008,2.253109026342721,2.588445920939883,465.76621127494485,2.1403928024777175,9.693890550596207e-05
19751,-4.674791031236194,-5.6772508306549945,0.04028717908417036,2.7567735981402044,469.95988484535036,0.7894486225271349,9.695876830833228e-05
19752,-1.4553580194946285,-6.813442380689522,0.7054829957355415,2.6104240815496147,458.4413663002512,0.3278303817636674,9.696432046904727e-05
19753,-1.1879012406641927,-6.612890439695265,3.8041211968372313,1.0315783058717072,219.85440876562686,0.18658834793037293,9.696634178829989e-05
19754,-0.34561870814332885,-8.075954305809178,4.59394860144555,2.3847619081159857,441.33631855693824,0.3382987789355596,9.696756274161971e-05
19755,-1.5673985903633785,-6.748621795889288,0.7089735445032689,1.8585379633972687,450.7783535029761,0.15597427765798688,9.698084608081114e-05
19756,-0.2563829817191561,-8.03431933344794,4.558457221738089,1.870922460210588,468.2162538525627,0.22359915345034231,9.698376646872625e-05
19757,-1.0794596868175859,-7.760258865413523,4.448406983874139,1.8821171123396185,452.1448056455337,0.4969269933877678,9.698621227878843e-05
19758,-1.5322181736252105,-7.814355093850954,4.47513894531078,1.1527043689929524,295.21241684780017,0.8993146554654796,9.698702839318105e-05
19759,-1.0515298915208557,-11.356420008809298,4.6336680111856134,1.926895071359553,333.82333937181625,0.1168555711422794,9.700613793740625e-05
19760,-2.395585504821768,-8.9137072685107,0.035220922544209804,1.338719915047175,326.7808694968197,0.3486722410185825,9.701003399016643e-05
19761,-6.108037475809567,-12.81654889483712,4.809237196569023,1.1282638317847367,294.8207880658109,0.7549333088189067,9.701006278700104e-05
19762,-4.768355312213411,-11.610637831336927,4.936313951613313,0.7473942282251642,132.8945199261713,0.2963648509712984,9.70104080729197e-05
19763,-0.3171192959562692,-8.82084757269212,0.08016822950278324,1.1962540469805516,468.09116766441423,0.22194295676356202,9.701761573020751e-05
19764,-0.14832321994159692,-7.386736233968515,4.208272334989731,1.4929129123125284,354.4527225622098,0.4672588353633831,9.702113989729971e-05
19765,-1.0972101322204075,-7.173078061757948,0.6328227232543241,1.8807904373753022,383.43070481989685,0.6248602438160509,9.702798525001439e-05
19766,-0.9766913757661051,-7.15155264309777,4.114502016232476,1.1157444635987153,468.0879377639048,0.7755551165796977,9.703477840419544e-05
19767,-1.133085292557796,-5.302038068511694,1.0503241816592734,1.0191200062853207,466.6786489749653,0.7479564769064657,9.703522924637386e-05
19768,-2.272226935515789,-5.958000206660644,3.5765120735917497,1.1267384227508366,258.33575750644786,0.2967454929721054,9.703544465381463e-05
19769,-0.6822360557399634,-5.30629664189996,3.418624583951589,1.3005318009404798,294.12859495062395,0.1255151897451272,9.706359781125704e-05
19770,-4.0384349535702,-6.106634558971057,0.03387099029277995,1.1112492654879773,279.27718968308614,1.2473515516863438,9.706688189436992e-05
19771,-1.5791104385974073,-11.989221601301619,4.616144325729495,1.240510831533814,469.77874548284376,0.001865547737208928,9.707331565654882e-05
19772,-1.1492383519274352,-5.609119031001749,0.8763743880214658,0.7758269170113946,153.93749226529383,0.566671954798001,9.708816904877871e-05
19773,-0.29513822288519265,-10.214275772916602,4.7456710738948065,0.8781504409853401,468.3761748622965,0.832116098899454,9.709393726015626e-05
19774,-0.307923889214166,-6.388748998515791,0.8083535383386906,12.826177175111109,523.1671131841507,0.11627191152860394,9.712326066243136e-05
19775,-0.8594326849361416,-5.450963874354492,0.9728159302666606,1.2600258629286798,211.7084758203385,0.07077108775784335,9.712763705814978e-05
19776,-4.1415931480369785,-11.753496168212585,4.90228846552954,0.8811948166133621,467.5731947709798,0.3753366256695623,9.713266104395896e-05
19777,-1.0723870885307747,-6.496378142871074,0.7675038035107945,1.3586148868846244,327.7336374273445,0.921181464363932,9.713287190095243e-05
19778,-2.314414289428801,-10.309868012498782,4.852936172011703,0.8128609578085619,214.1935382494831,0.861976064679296,9.713764309432444e-05
19779,-9.858710250453658,-5.831209956635935,4.809781182124715,2.007811729801691,392.7672316236174,0.3133588231222726,9.714360488200953e-05
19780,-0.2866901430982196,-7.4800825702534235,4.276516077305851,1.0692192181544193,229.9247376015705,0.18490249043994744,9.715029846694596e-05
19781,-1.175196614788149,-8.55754467617632,4.747646960227754,1.0865959178556062,146.81190663849233,0.3134415527908745,9.715816934078694e-05
19782,-4.38571108212603,-5.47378787625694,5.183056512062465,0.7916072977010411,230.88505268696156,1.5364924130466067,9.717411277141643e-05
19783,-0.8114294946738791,-10.615398883541062,4.71160103751456,0.9821559014759422,247.15596365327264,0.5986107133905572,9.718445747966157e-05
19784,-1.192034804842324,-10.248192496820995,4.731053679002606,1.3351555497546501,468.1814609601505,0.17463365118618146,9.71860880804535e-05
19785,-5.857142468071234,-11.102924903835481,5.076331892634401,1.8528579115805557,444.7804537285324,0.2989413605121358,9.720390417896905e-05
19786,-7.562356775555379,-11.579715298523897,3.9190774465649403,0.8243009764839421,467.5250772523781,0.03589422462748715,9.720730754500856e-05
19787,-0.7817441829535507,-5.121001860721507,0.9858946813971535,1.122909781730666,290.7683305903433,1.213770727238301,9.720919840590652e-05
19788,-7.77171129999178,-11.926325110336833,3.456421479754643,1.0653533583937547,227.96672291708992,0.023482889108342953,9.721389605351048e-05
19789,-0.6658771818180202,-6.414633233346491,0.7847209368513868,3.4301984595387416,531.2549056900353,1.221101896346374,9.722285420914816e-05
19790,-1.9810770637035446,-11.629672362502422,4.631025000735808,0.9402597025550213,470.09367898724054,0.11836157991913865,9.72366362877478e-05
19791,-1.1009303772570327,-8.678670662382139,4.74077614405081,2.7329457188366266,257.4795074107217,0.1849768999119652,9.724130521391238e-05
19792,-0.9221586193554678,-9.02894378972719,4.776621283916991,1.0593143340896436,270.81221902633786,0.1751460033805703,9.7242394208547e-05
19793,-0.9248662562501302,-5.363120293657998,3.4362717586185023,1.1065102068503114,466.40703111834836,0.38752295205588716,9.725711032892818e-05
19794,-6.544571044525432,-12.0836679176665,4.773644696072225,1.1163270882008591,467.6510270486165,0.10645979615509749,9.725930808387353e-05
19795,-3.328066551945459,-12.57144074380521,4.804371689121808,0.8219829411710579,181.86700226124833,0.40160571062956674,9.726412942340931e-05
19796,-8.41302893705271,-9.472408100020118,3.236238349097218,0.9195514622271977,468.1352098136236,0.4995097868018705,9.726733510705954e-05
19797,-1.285753392460661,-11.67189469793521,4.628857503570814,1.9065868007100728,389.5908310264578,1.2515526790871396,9.728071845544807e-05
19798,-4.424335192786696,-5.663835449909227,0.11458138656275332,1.2288257234447448,254.123263513507,0.9818636023284695,9.730679718616283e-05
19799,-0.6598873088464838,-6.2235367982774585,3.659874445518289,1.3365834183204306,285.3581793000577,0.43385671682580895,9.73232252544468e-05
19800,-2.585398809504337,-5.021313185386776,3.494005677810105,0.7421163811284545,208.50459322131354,1.3255428931456104,9.732720945513573e-05
19801,-2.245793939768702,-6.450130002212535,0.7736197946915903,1.1580197390804556,298.6769477418935,0.5410201811567426,9.733026972708202e-05
19802,-0.29641544590542956,-5.8070534223869545,0.9634074727676201,0.8723774082764448,203.3074251045672,0.9130590899499476,9.733608352742482e-05
19803,-0.2661151089158249,-8.251006283058397,0.23989992314242378,1.8194656678387002,435.11567744336577,0.3128389679885455,9.733822257779847e-05
19804,-2.22169721349741,-12.222398574138765,4.617128568686933,1.411212004176268,320.2825362587911,0.21625042918373438,9.733878417329755e-05
19805,-2.8861946338592563,-5.147610941209608,3.804134318154001,0.6356016274860273,129.2397900461387,0.5235430456137209,9.734113006862991e-05
19806,-1.1689032759824727,-5.18792087775647,1.0692326700628165,1.8881739520780036,468.68819725984946,0.14432735598227264,9.734359695029075e-05
19807,-0.025533259828979027,-11.161489156532637,4.666235260862608,1.01108261090018,277.39410257369383,0.5893919595492312,9.734894417121994e-05
19808,-3.1542562091938597,-5.495050944329739,4.687269099654483,1.2144021843555366,306.9584434304617,1.5132940222781555,9.735231316283685e-05
19809,-2.5935004875628973,-5.014472194342768,3.378001857940919,1.0871532379893327,211.18742382376837,0.050502652462293796,9.735334044821447e-05
19810,-1.3108215595498933,-10.220813940452679,4.717455594955052,1.3876178753065773,321.4473069248689,0.4161330543407624,9.73742898893586e-05
19811,-0.04028899260147689,-5.500795111137489,0.9718330300813119,1.765887797344119,419.19438354630717,0.436092697070686,9.73761780787834e-05
19812,-0.4711957729632523,-5.357813539102693,0.9800591297247343,0.871239817292668,210.6950199221023,1.0504328209539917,9.738597681064187e-05
19813,-1.460505173639902,-7.898143871873741,0.39414137801744376,2.657750197831096,288.8284075409468,0.10750114788247433,9.739270515869614e-05
19814,-0.9650618193364764,-9.170489591940983,4.778401273778974,8.005740153541748,703.7126498711352,0.2324321650313994,9.740368595599631e-05
19815,-2.2181179852731017,-7.193628918535435,0.6172163398178977,0.6831473343627253,166.80113661762135,0.42623223341466776,9.741773951835551e-05
19816,-8.141192102958792,-10.894858603820287,2.5946388683886203,0.9249638242546325,256.0908650886576,1.6682019481772299,9.741920543008932e-05
19817,-1.7810449688502477,-5.793767470954562,0.9404854335988817,1.7741993742100501,468.5107246875687,0.6417375986877643,9.742595227409359e-05
19818,-1.4544453934936978,-5.436032370932006,3.385278337047619,0.6618849015090148,467.6337778618821,0.4542686614748854,9.74278615586735e-05
19819,-1.8391693171249734,-7.3537341908055645,4.19885087110867,1.875941592369836,468.38804374302276,0.3902536700449124,9.743210151992964e-05
19820,-2.2166294844276058,-5.3436831376574245,1.0132880652758367,1.4563987607391575,173.3092264751003,0.43255434515903257,9.74598534516686e-05
19821,-0.2047640478158801,-5.04222482448751,1.0443104944395374,3.692765117284286,548.4127147837465,0.9742979273923273,9.746516191001708e-05
19822,-4.10068527587986,-11.47576533570637,4.951242053469008,1.1124501579462227,468.09396013400595,0.7272717134573643,9.749014101851517e-05
19823,-1.7327023166658364,-5.284860779656021,1.052930626902195,1.6611943921508008,468.59639854397955,0.5669480253549386,9.749696394766541e-05
19824,-0.009991943726264552,-7.68332830366604,0.42726143096480873,1.7632005339268153,361.6658428265626,0.7540980363092027,9.749699654308577e-05
19825,-1.5388509976512061,-6.393334732308737,3.7029262322257805,0.6059447238952246,166.72979903267304,0.6865181756548511,9.74971872441149e-05
19826,-0.16027047702432995,-6.456188554913014,0.7499720478263532,1.611743338212039,379.3688393928165,0.32373054105082666,9.750023581887293e-05
19827,-0.1455938037126181,-6.914183145374092,0.6868712999973995,1.3245578013699655,312.5658175061324,0.7533399883191416,9.750093482931182e-05
19828,-4.703545811389272,-5.410336745969128,0.07590427352325653,3.7247473971706135,550.6503776362897,0.9736865658276193,9.75097829801814e-05
19829,-2.2653979174506436,-12.432969824521237,4.617041091110334,1.5328166978277018,353.9471063616905,0.20339546578161372,9.751018965620476e-05
19830,-9.706209696354707,-7.876194569785989,2.9729167451051177,2.794215673216123,483.9113695112528,2.0908685743596154,9.751377895838032e-05
19831,-2.159420185583148,-6.847474425110887,0.742248931610216,1.7348836946436343,411.97784618255685,0.6856858635780645,9.752580648321043e-05
19832,-2.4202039686291705,-7.341057037679799,0.42586321140182276,8.047612371408427,550.0771712918753,0.00585300576553216,9.753529284529544e-05
19833,-8.747402497589766,-8.002683664949771,0.43885439767740964,1.1346462374662851,296.3743228510889,1.6784063546223233,9.753623331019993e-05
19834,-2.159250555473591,-5.326838449860405,3.424548945807618,0.7222270494931818,156.82362403345653,0.14537325032840975,9.754119045944096e-05
19835,-0.14307125321077052,-5.2174629084827435,3.3556923604302953,0.827624216720441,470.17644279436774,0.15620351159645196,9.754203732765772e-05
19836,-0.8884451426857041,-6.952335522440378,3.9562843809642647,4.833561432466371,450.9543391108124,0.020401594709075432,9.757218000164822e-05
19837,-1.8052941539095038,-8.203385822278339,0.24860357853996723,1.7198583631209936,405.6811752741335,0.09592888207525707,9.757621418128495e-05
19838,-0.9473242961042079,-8.616003314974154,4.7529246426505924,0.6886982782831423,174.60481226466612,0.39837348908341585,9.75792502389562e-05
19839,-1.8535629847334132,-9.806060173196396,4.74372485281643,0.9147424859879087,364.8842038222372,0.31469627750100404,9.758039096440802e-05
19840,-1.6672714076093502,-5.148978680739435,3.3427828449777155,1.0679933517160598,217.24202863463438,0.5129624359573253,9.75810320204479e-05
19841,-0.9697077253991466,-5.868086625224325,3.540343299911287,1.976835042187978,402.47776014490836,1.8120637105354778,9.758300065744012e-05
19842,-1.3666444896002528,-5.251102397684461,3.3609483281030843,1.1107992171722663,467.78024845965115,0.9177014135632771,9.758439977519558e-05
19843,-1.8993996101315105,-7.539114999878624,0.5108057170730335,1.0054484035445157,270.8204578341109,0.43238548525475196,9.760475609101538e-05
19844,-9.193174232744136,-8.45653270483505,2.3837824884486585,1.4009338542213914,329.56194312547086,1.6964539970086951,9.760475673842841e-05
19845,-1.8818099889128383,-8.298042850931068,4.674008584882542,1.6079816761760888,350.5207617446196,0.9586628110158788,9.761028772396661e-05
19846,-2.636323128290292,-6.207242641443839,3.927612327075203,1.85187891843222,443.5340706485616,0.39691419788877,9.761197451533877e-05
19847,-0.5859740090098846,-5.154742656964288,1.065858187574188,3.803412778781777,556.976577045906,1.1182589555095994,9.761703146940722e-05
19848,-7.371405008505976,-11.845845494451552,4.152012334472798,1.1051012954321728,285.30064642024445,0.9392916947080314,9.761901657413074e-05
19849,-3.0565185432951534,-5.934367936444049,0.3569066440785044,1.6630487838765615,425.346778341253,0.6247027449041171,9.762372575725885e-05
19850,-0.153845048354869,-5.60714465141049,0.9424636088812003,1.4579176373232905,468.5041317886919,0.6566737504355036,9.762793708116953e-05
19851,-0.19848695466007626,-6.873323096147782,0.7236156988240818,0.943433731352166,468.23003114337195,0.833188502777614,9.763767690358872e-05
19852,-0.1563767933517859,-6.790673603634281,3.9040118975150024,1.027176690253966,280.7037081851398,0.9214928724979847,9.76382130392016e-05
19853,-4.011490617705277,-5.8673723521052406,0.1597772287596191,2.041545322197993,408.88409857519076,1.8061059501403678,9.764064800509717e-05
19854,-0.3090426180762833,-5.884166129001809,3.543665395160065,1.2698314722795319,314.02588581752826,0.23941809637011957,9.764634261623194e-05
19855,-7.483175629464176,-11.872059677357235,3.9916906032318598,1.0761012780036843,468.07773450052827,0.7180179818877921,9.765041149509463e-05
19856,-0.9562457381180174,-7.82258246296155,4.471145667995377,0.9814316570474603,264.98892496508034,1.0478808429121935,9.76536132299919e-05
19857,-2.646922296926056,-5.294590672059187,3.429305045983345,0.8270877230150038,469.22676776860635,0.2292570339666664,9.76548830930266e-05
19858,-2.64139253280132,-5.8900853994089655,3.583864436378193,1.4130256179930156,321.35528630219136,0.3469511099625846,9.765500158297389e-05
19859,-1.2886864070975186,-5.17599714329425,1.0647909691625517,1.4145235882300082,310.7342405518617,0.87422338601829,9.767594870937379e-05
19860,-3.6503838506915276,-11.098741856406036,5.038197943385425,1.1237463138517763,293.4901678767247,0.8296484156271395,9.769018094502845e-05
19861,-7.13001117934072,-10.011867369462637,5.092757010355719,1.294467342850977,319.7483886428612,0.38892707119169856,9.770751322026246e-05
19862,-4.502980751743433,-5.226454365784451,4.945831013456767,2.7151289251831057,472.1129080451925,1.10679059822579,9.771523537746323e-05
19863,-9.63411881959662,-5.560234201513261,5.102808537925685,1.8319477398039057,442.2089068288245,0.019851193554175417,9.771695468043095e-05
19864,-0.5273237862219684,-8.069017237871346,4.583486009038664,0.8948980622514838,467.6022359953039,0.39984500588732175,9.771903115039923e-05
19865,-2.6368874962289652,-6.328111974442678,4.104804332289696,3.6911405672725923,540.6180283864996,0.5871124640813941,9.77417681445364e-05
19866,-4.375316819939336,-5.413176386684924,0.2244478662679218,1.7309172475888908,448.79036210664657,0.44837502025103504,9.774715627454136e-05
19867,-0.31267516127902617,-5.95230898884166,3.561455819961866,0.9173420847208474,192.71538532458763,0.057105830907389965,9.775047049987046e-05
19868,-0.364896329360775,-6.431651687395906,0.8345843124513153,1.3294042460470756,317.394774033878,1.1361313033899032,9.775149755341356e-05
19869,-0.761864617500791,-11.589292858928347,4.6272071142613544,3.9908936887800888,338.7020358138797,0.14425956501334625,9.775478836530107e-05
19870,-2.6517163077025145,-6.731891271869065,4.609472396529297,0.8777528602134735,467.739572986972,0.7646317620171503,9.775974086903447e-05
19871,-1.7562506947133851,-5.4504316749941415,3.4412392741235194,1.1105680204582518,465.98830230331134,0.891731056057127,9.778516849932571e-05
19872,-1.6744120791889543,-11.601304771959285,4.626223091665624,1.2979977039211439,320.5174694922879,0.25630399001960846,9.780303507385334e-05
19873,-9.71885946748528,-6.608891784141521,4.897580818170036,1.046479343618804,468.1115546529348,0.8421282767627156,9.781661503324985e-05
19874,-0.24035826736484722,-5.800899523578199,0.9288742319215957,1.2309868857386501,311.0468856258435,1.4873810269141687,9.782500569019062e-05
19875,-1.906161870403361,-9.329594154248522,4.7726651059727425,1.3156168922603038,325.308587986948,0.35222086181522716,9.783571620877442e-05
19876,-1.1917532012730785,-10.177355788841215,4.7165299298688295,2.296632080767127,438.03981129535487,2.359420332012169,9.7844000635907e-05
19877,-8.000963842627531,-9.90184487409024,3.85791243506806,1.195612523914755,440.4044768296528,0.02638898664193423,9.784608329006167e-05
19878,-1.1646362285816725,-7.470557845709948,4.261981544951254,1.066091001744506,197.23638820412023,0.12714397765512953,9.785555824560011e-05
19879,-2.232650473136122,-6.424402252869766,0.7941452182579603,1.930749453619007,391.5444460559807,1.1837529833016367,9.789834470622563e-05
19880,-0.6940972179254032,-5.182696941716549,3.341746225658235,1.58998678546836,468.0976178499114,0.23724845898397096,9.790212880987754e-05
19881,-2.2197479613994817,-7.288188644766857,0.5431251322540115,0.9874908701123494,274.01746859615827,1.3186517901377952,9.790532190954792e-05
19882,-2.1993579787913724,-10.94817989567798,4.677740495885144,0.7310330123631792,149.68805706165261,0.0014354054142291517,9.790855761001511e-05
19883,-8.045286604670508,-10.197013566630563,3.4939542347613477,1.1637564299806946,295.9142051177643,0.6654444689542194,9.79153486640024e-05
19884,-0.0856321013013357,-6.499816882867606,3.7475779950098165,1.1644424513908502,281.45472074012525,0.38781858254985924,9.792021713891753e-05
19885,-1.538992980236653,-7.96664291777457,0.32737627949523096,1.0402392762415835,468.0036953247109,0.36943832919470054,9.792306106824179e-05
19886,-1.827787419232516,-10.596810812007137,4.69345987462739,1.3965283586310113,333.6631929728176,0.46125788496089726,9.793536856346661e-05
19887,-0.2780528267256095,-7.616098892513819,4.371551844601317,1.0135167176179867,269.8962611559798,1.657333193926962,9.79360756936241e-05
19888,-0.15597411970873054,-5.342895256159311,3.4177033695750545,1.5464315898702623,346.23701724481856,1.2334439928373033,9.793671460636974e-05
19889,-6.906381850167051,-12.755342907214448,4.52505207951089,1.1093992613619814,466.9693274375968,0.6184577983313782,9.794261625022426e-05
19890,-0.8541968876254558,-6.934581277339593,0.7144256744553302,2.1763623801405894,252.49604952509478,0.1269742541058685,9.794283372042323e-05
19891,-3.7375641879340815,-5.168985131513718,4.667731166518632,1.1004901148091506,468.09244392669746,0.7264127335986075,9.794982387153411e-05
19892,-2.2624112205779277,-12.767690572807698,4.736795413800645,22.007015023451995,885.4480820860692,0.2610043395828745,9.79528451917875e-05
19893,-0.5598798625378194,-8.720935007586547,4.735769416267141,1.1970766368376282,289.9249459793433,0.5385143813509581,9.795465448201029e-05
19894,-4.509149607735993,-5.5863168665409155,0.13266473043899235,1.254276124504932,296.99696496331455,1.0975867090104439,9.795504782470132e-05
19895,-1.1624138372334016,-11.658434433967521,4.616442096395084,1.1646495709405271,468.60427526858456,0.6497480334634869,9.796169103294275e-05
19896,-0.813151749469835,-8.95558277879191,0.02595361211068812,1.0100758117630073,468.3919581142251,0.5334645746597122,9.796705778972996e-05
19897,-0.9915590003069656,-5.331221845821089,3.3681967860051625,1.8959833468469667,465.90334531573706,0.2920342920810697,9.796897475466202e-05
19898,-2.9650539543374235,-5.418201527728305,4.0716139430872476,1.0260730510964697,280.90389778801847,1.1856288471909116,9.79735347368431e-05
19899,-1.3980837704160969,-6.082536280036092,3.5978040747562785,0.9031094960797911,468.72843573313605,0.8708732576769913,9.797913777245919e-05
19900,-3.9536577900558516,-10.872926082599351,5.108678493903871,2.291979372071384,437.43211026040433,2.2433718364591764,9.798365337974701e-05
19901,-2.5228080140975484,-5.576725298527702,3.456556644813711,0.8030858307788739,163.85674869173891,0.7787977669515538,9.800139105362953e-05
19902,-4.245729898170221,-11.076754741973378,5.051475033455261,3.113609343686806,507.7951721277645,1.3364102399069582,9.800466302777524e-05
19903,-1.6651118959084474,-10.978855645092857,4.644851214681288,1.336071871802499,467.83098637314305,0.7809625303210099,9.801516985778776e-05
19904,-2.670646688087203,-5.574499651182791,0.5515604152069202,0.6052785039199037,129.60163343453516,0.20227396473299386,9.801899528655937e-05
19905,-1.5739801236026079,-7.390306545534049,0.5405473772738575,1.125014549540018,467.53210024757163,0.38772658716655073,9.802615501270909e-05
19906,-1.1335305379213327,-8.620964627223504,4.731377128724662,0.6725922515890005,177.40455718256118,0.9573766367917971,9.80328917112117e-05
19907,-0.029695209781788634,-6.5982872176756695,0.7971725723857938,1.2526459411606408,305.0448836598662,0.49966489033150907,9.804365756686059e-05
19908,-1.6735659240945626,-5.9180906110978215,0.9614260641838575,2.4535826290728386,453.8393847855605,2.5048969961474894,9.804614813682235e-05
19909,-1.0670615316963836,-9.231149041293165,4.772149829507987,0.5594703558717944,175.16538076773318,1.0303583136287324,9.804953068588914e-05
19910,-4.263155627664505,-11.737992420610352,4.903788876676318,1.3910889327954603,468.6979579615284,0.8170300588657344,9.805194168591673e-05
19911,-1.901999299075655,-5.672614118054322,3.403570575743929,0.5115628078881882,126.52247223494314,0.9471992343359572,9.805440221366254e-05
19912,-1.9290890099338007,-11.474597162413627,4.623938719578176,2.244590568935544,183.2594503037726,0.41848747422031796,9.805539282550083e-05
19913,-1.2808463724697976,-5.834021862901935,0.9622397074939024,1.2405521470865537,310.5153910844194,0.32774694986752895,9.806564892838084e-05
19914,-0.35613878254163644,-10.906876916040208,4.674609222702061,2.267654244723753,337.3462478507181,0.08932606685847677,9.806770540841584e-05
19915,-1.029997593789858,-8.107738542474799,4.594507051610821,1.3300389386939298,325.15244737762976,0.2980042426238141,9.807144055729272e-05
19916,-0.4171335225568864,-5.18580683194385,1.0378198798389295,1.3229556191800498,324.38159707720894,1.1048086513005204,9.808984814307142e-05
19917,-0.904999982336772,-11.083500692163904,4.66310220346241,1.2378923122593557,309.3613313254118,0.7594249520608445,9.809652336511813e-05
19918,-1.033228147709151,-9.137923086013362,4.77132320061763,1.0622561533030015,234.17173374032217,0.1380794259668603,9.809925142221178e-05
19919,-8.013308172263976,-12.810211286958253,1.5061150741552316,1.6237780600612632,378.0371503940754,0.8712793535286982,9.810460714330774e-05
19920,-0.49552014697977853,-8.326080244320167,4.6423574078022956,1.807386803756551,468.776623903007,0.5284027416515231,9.812569559818429e-05
19921,-0.7764770044269671,-11.288029653602909,4.651256179794178,0.8337616065997947,166.2797406086349,0.07605697136553502,9.813024635475307e-05
19922,-4.735328078072191,-10.852116601769533,5.133472574959986,1.5336013976311675,356.7448739107463,0.8869168801026133,9.813498944525548e-05
19923,-1.3676714921578164,-8.577006523670105,0.15321762584348753,1.4058113586980165,468.1590971063751,0.48262723280952446,9.814181859326912e-05
19924,-2.116890018127715,-10.867098253265794,4.676619656649335,1.6974552186909018,398.4615027925723,0.4505404357118481,9.81475950942491e-05
19925,-1.2936293876025466,-6.993394524452146,0.7124404727430687,0.836000642293134,208.01923979136637,0.07269799616643269,9.815260091626682e-05
19926,-9.079361594083348,-8.500678498306355,1.5451660605966626,1.633938429256981,467.80130908122345,0.9246176530645096,9.816055838027765e-05
19927,-1.0072025042961226,-7.5628215637489395,4.334001406982348,1.1168031426225395,262.81065971450334,0.10330841529196633,9.816454780576652e-05
19928,-3.628134928924548,-5.2903527158382255,4.765330894857106,1.9483332910949729,395.8623653720612,1.081315602794974,9.816752340094358e-05
19929,-1.5721280609543484,-5.1727765377008765,1.0722303652477372,1.728433012863023,408.18931695499197,0.2670692279126827,9.816995925149683e-05
19930,-1.377911965751034,-8.228225183565222,0.28359088785858566,1.1597474405645318,370.2425983308838,0.2560786663073129,9.817754163638289e-05
19931,-8.12738671060553,-11.336922562673319,1.5890415910171465,2.547749161537834,462.5428843662006,2.3882733684526603,9.817808679465482e-05
19932,-0.5881692667314748,-8.163995559110635,0.3026946854309396,3.270200020551014,518.2116271993877,1.0574583926900365,9.817862747233197e-05
19933,-5.521539258704333,-10.899803919874993,5.140354072468241,0.8123452635318636,468.86119196189804,0.22304764122512655,9.817887635010753e-05
19934,-0.13442198497903135,-7.2091241155491375,4.130061143349042,1.00520146105193,468.7032084582065,0.18858452459655872,9.818616104489259e-05
19935,-1.476518032966128,-5.990573476894519,0.924683653819929,0.5554933399762704,122.92276594776587,1.1524570429886412,9.819558453804845e-05
19936,-1.0371115505146715,-11.415399797297033,4.625123151802095,1.004906328722943,280.0498357946661,0.1403688163144876,9.820225487769411e-05
19937,-2.487852278054625,-6.9491319614663905,4.1664883985848755,1.213206126463083,305.73722326662056,0.6407672448558843,9.820432429922817e-05
19938,-5.814429434279181,-11.699689753939587,4.939024584256605,1.7885470174961076,424.588458215613,0.33775214357762895,9.821418782839634e-05
19939,-1.0509882829041288,-11.158115040520787,4.631690493922721,0.8646822360950907,467.2725450607415,0.6769400379964212,9.821599676518082e-05
19940,-2.6506637301173495,-6.347430503609146,4.2784920871661285,1.106497743819144,286.52995011500695,1.4886214268528795,9.821713624517817e-05
19941,-0.29074513074258057,-5.99576736337575,0.9134112409136673,0.8610514515123866,467.6069013679555,0.4509661906305018,9.822200574650246e-05
19942,-2.3040959092800044,-5.400000141356889,0.9745199712498647,1.7125490656010465,467.8364371652527,0.4050540969193923,9.822472074166186e-05
19943,-0.319747372479938,-8.893510791238207,0.03184699130982935,0.8861001264905054,233.9105181506876,0.3379691938159306,9.82313510838398e-05
19944,-2.0996291113904473,-8.191957724882526,0.24691963067881326,2.1467547339713153,403.1864548755612,0.5686630827731909,9.823345872864993e-05
19945,-0.023145878641290807,-7.29975222100251,0.6010672261528274,1.4132886761684986,323.783884387425,1.1534305563777982,9.82344625535429e-05
19946,-1.5881818785342467,-5.053196035148522,3.2663031823341684,0.7379955389788491,215.11347963155356,1.066891493905124,9.824354093956583e-05
19947,-0.5298804407486646,-10.043028200526008,4.724186869408963,1.0288700597909153,203.60660250115367,0.5260320987644578,9.82471151572011e-05
19948,-1.6740177896520745,-10.360563822623853,4.708674134974804,0.9603377153644289,253.91223367580744,1.2179699374146367,9.828307537618052e-05
19949,-1.0512464562070782,-10.75648911216032,4.687596992548601,1.1371480719516691,291.61425890452387,1.0901968932757393,9.828351274696114e-05
19950,-2.601675810458442,-5.513871561271744,3.4435610210629957,1.1139647244724233,363.04074167001227,0.5993377308465453,9.829155204311367e-05
19951,-2.746171009909686,-5.780694940080156,3.9160402062609134,1.0626312076938416,467.0791313682668,0.052807193576083655,9.829755598337911e-05
19952,-0.5717736213617144,-7.564979633323448,4.333357076115354,1.7914674164351454,425.5200541612922,0.33563613993127017,9.830653754638564e-05
19953,-2.417576380299699,-5.268002337649772,0.9715962894677783,1.0252645173299963,466.9445494085658,0.5444271206475886,9.83195771980754e-05
19954,-3.9539313710001203,-5.332851055622938,4.834467605622973,1.2042096965659799,466.8140708925816,0.2948930018973881,9.833171709951898e-05
19955,-1.29578138462443,-12.723372016055453,4.560583618025759,1.0569413684328288,210.33398256918633,0.8311363065141757,9.833486701476423e-05
19956,-1.8108878659447445,-6.055353834360674,0.9328958314909815,0.8274762156930228,469.9375937628445,0.06691186395970572,9.833705984065354e-05
19957,-1.012212501514341,-6.715357257207014,3.8311173323181613,1.1251706949931242,296.49841275862383,0.6618325818153066,9.833748067257778e-05
19958,-1.5955261925617688,-12.493905300603021,4.609866380174652,0.9218996876371144,243.61878670668597,0.4389653546997456,9.835688727895292e-05
19959,-2.084162234860769,-7.589554408973673,4.306269007142726,0.9285889516198713,242.6303113568666,0.7869187654225183,9.836099638229186e-05
19960,-1.905467315998763,-5.287452413350953,3.3509030848633623,0.7095866406862478,148.31226627989108,0.06216180325867526,9.837930208429957e-05
19961,-0.32357826469667295,-6.608772587965457,0.8484345929077401,1.5185629795252271,334.68957201652523,0.4549100431268922,9.838186481922753e-05
19962,-1.0131147203069801,-6.251014607195887,3.6518162536138083,1.1640807919708251,187.52806240893884,0.08405960312321703,9.839469840978578e-05
19963,-1.1161894528373928,-6.406304855627364,0.8254658839947986,0.9615374436603281,469.0205524529855,0.595620102420706,9.839590951686506e-05
19964,-1.0490675862350702,-6.84684962535768,3.9186130887496655,0.658932200415506,169.87057934661482,1.037032431209246,9.839770148888431e-05
19965,-2.2619741937439377,-12.346458218233582,4.605974431686524,2.947755367717531,489.31559604601483,0.29089587780935133,9.840784537561609e-05
19966,-2.098744214108325,-5.461787560291685,3.431042573466605,0.9399748926189346,190.9420605764132,0.12718211088245113,9.841119061474844e-05
19967,-1.3098657349609386,-8.230731597165,0.29399314571094975,1.7452691911534743,446.38580496209613,0.8085274989139037,9.841477154526843e-05
19968,-9.704528035227058,-6.842539724297112,4.791961552980199,1.4033457332437242,317.0444502530764,0.1430261494645686,9.841997270019335e-05
19969,-0.64728495348343,-10.033125725227185,4.723269047475269,1.238500449732419,302.99623905606495,0.28669581330803684,9.842627782311927e-05
19970,-2.342773551762215,-5.107996954067998,0.9899811639724827,0.8290923151165147,238.3275010736059,0.7908976842804449,9.842782691464529e-05
19971,-0.5082548525971333,-5.377572485588165,0.9861347130337071,0.9957265339369644,274.227169440157,1.0842983698654258,9.843155026085966e-05
19972,-2.0668632250316934,-5.082305010470733,3.266388579975911,0.9646012209873186,269.6473967355933,1.431252011201729,9.84438064784051e-05
19973,-0.16313549448544862,-6.970111183576855,3.9525652871475403,1.6680129795515872,467.77743940556365,0.5154216117907211,9.844431262093516e-05
19974,-8.404849815354996,-8.642611217809257,4.5986836052052995,0.9750393847318619,467.68519822220316,0.21101486766271282,9.844446762797394e-05
19975,-0.2680139670835775,-5.898714157703474,0.9317664583730563,0.6774397255399984,165.66715136792124,0.5056712887270391,9.84449569771159e-05
19976,-0.629449140290717,-6.015073503624471,3.5674718978892694,1.1975920577093362,302.83717293886593,0.8335057975207798,9.845217138038667e-05
19977,-0.3807900758691112,-5.997791448118117,3.5620978422842584,1.4387033432918672,468.28121573792413,0.5900046969738693,9.845290250967371e-05
19978,-0.5164466466430113,-5.300792996097842,3.3516067063929356,1.21582628063514,276.2389651801075,0.10286742779062141,9.846791475288187e-05
19979,-0.5127386464485326,-5.132948454088518,1.000330643907858,0.889830069607374,470.25146582606976,0.15378991476926096,9.847238773317874e-05
19980,-2.013716907704584,-6.094937130897326,3.592714453289335,1.2873426482326662,278.5991097132326,0.7830343827848516,9.847254336301314e-05
19981,-0.3261147929596113,-5.226582789169219,3.3373164055841658,1.0379030846596071,281.7152855425664,0.4397889073086816,9.847639378987427e-05
19982,-0.5246672130688506,-11.655158151271372,4.617546619525527,0.89982099567423,246.9024767396028,1.0494723926107605,9.847782395442478e-05
19983,-0.19954482747768765,-5.083147975094333,1.0803235405287928,0.8762720489077818,248.3684340147358,0.9711231153483517,9.847816254708824e-05
19984,-1.8554019495485221,-5.097984926084291,1.026676821654422,0.9579156750318649,443.8094980643801,0.1115084836663609,9.847856015433095e-05
19985,-0.2631917170468636,-11.014530390834697,4.637653964799357,0.918510624043615,346.7514241610942,0.755923108811297,9.848529400141813e-05
19986,-1.1450944684441673,-8.671313225128191,0.09779400854297102,1.4174872969718502,466.5642748476787,0.755701283842126,9.849527572396551e-05
19987,-0.8435723905394568,-6.0243583038766015,3.5695742416052347,1.009282269591725,269.0389918940096,0.8979039315214967,9.849544359031284e-05
19988,-2.4912512707397223,-6.333477506183781,3.6747170905268245,1.3503255713683047,330.7725978356939,0.34832351129798855,9.850989747834165e-05
19989,-1.3122445564311178,-5.895600683350686,0.9655810509941568,1.2872010971014036,316.2192530209912,0.49166483263034166,9.853781770259058e-05
19990,-5.026796628408992,-12.100401513885046,4.8683270758549195,1.5778866893118115,359.2276966247737,0.05311876553539374,9.85780391801673e-05
19991,-3.3352386382183674,-5.556907274247799,0.3829648387033177,1.1291290162016534,132.0408196026178,0.3581427236970338,9.857841288018427e-05
19992,-2.138639789662151,-6.640214479077276,0.7695240602245365,0.8987704500902078,134.33105818295726,0.2859668420628756,9.857900933231623e-05
19993,-1.7293840204503592,-5.347821052767278,1.0245908896785194,2.5827180558307083,454.22176194149984,0.8084494523795263,9.858299500876364e-05
19994,-4.195585108145261,-10.71905859046931,5.169914809721783,1.550030982844362,468.45229066196146,0.9344606969055391,9.858345394364252e-05
19995,-1.69044035562802,-5.851102980844015,3.516239332435857,1.3845742179761447,321.48813196141583,0.4586440146218118,9.858414646357272e-05
19996,-0.2214026148141297,-5.1124856184421645,0.9988430774481236,0.577352925303522,117.85687239600345,0.01274408908496838,9.858461973690207e-05
19997,-4.2450031775749615,-11.254389504785749,4.996502499478111,1.1069228925255619,285.91282036118605,1.6187259933868834,9.858696725047829e-05
19998,-0.18792530336670588,-6.551112765692267,0.7868665745370841,0.9945850178748333,263.03300610802796,1.038024360857916,9.859135919259054e-05
19999,-0.5642630723372051,-6.540578894766694,0.7501512316633283,1.0715419479574866,467.1879294874969,0.7945904366548193,9.860044325026827e-05
20000,-0.3318046076565242,-5.961757151561429,0.9583215359810261,1.1750845441944906,299.7980084349602,0.8433282023980277,9.860194332624456e-05
20001,-0.5593199995999338,-5.177269658664639,0.985186478308935,1.0947280914065924,415.95473722605556,0.47176572348653956,9.861092274896253e-05
20002,-1.329193023713671,-6.05721178471932,3.5777580015078994,0.886869418947781,255.2083549868777,1.6507461158287233,9.861703258963314e-05
20003,-2.5486349564299724,-5.287069321311186,3.3477148422079916,1.0251091785077011,265.18556265359047,1.205278947315903,9.861780843541375e-05
20004,-1.5301559396078162,-5.075996523774692,1.042661636675299,1.0158355151583698,284.0348443133307,0.8835004941677465,9.862465361460155e-05
20005,-1.6497892302264567,-5.451465528871074,0.9774985231911383,1.1679271794412174,298.93530271516215,1.3420584366298645,9.864269168091859e-05
20006,-1.62667437990636,-5.422814126444613,3.4177885996390596,0.7729630457336382,218.3175325325507,0.9691601143549677,9.864696789647448e-05
20007,-1.5374234573620562,-8.641627472985608,4.748928252704602,1.8474174040996054,387.2888460607403,1.6955851312455028,9.864752416629712e-05
20008,-1.477898238788601,-10.294302943827237,4.699959451805038,1.791751598551653,468.12501174325376,0.5000720192120651,9.864764596421822e-05
20009,-0.0697517956552236,-11.36807931649648,4.619851376277374,1.4036432889169561,309.1266547579541,0.23437008776596624,9.865619373790099e-05
20010,-0.718135368729877,-6.36276702100506,3.6324471404889604,1.8013179415896168,467.6937084612805,0.6305544031023436,9.865847643323389e-05
20011,-0.7820888301768001,-7.657323739979098,4.381854152769022,1.8784662387687663,451.92146537533864,0.32586132299791526,9.867214996293006e-05
20012,-1.3053422504435215,-8.512550080157691,4.7083876291718045,0.8504187633410843,469.2753009056365,0.1989045723211742,9.869082882823915e-05
20013,-1.7822244329433161,-8.950592956584,0.045031419478300715,1.586923341413452,452.155457443462,0.47889489708272936,9.869119064673713e-05
20014,-1.9520382547214474,-7.0613276974965595,0.6472840255920564,1.3089631855976211,299.6422810846855,0.14031506526239568,9.869161019611967e-05
20015,-3.206865776284208,-11.304679787637154,5.035733981312724,1.6189756365531398,374.9911795375281,0.058781841450954886,9.869222003549759e-05
20016,-1.550751353988101,-6.018345811037135,3.5638450306743583,1.8363124517615177,467.8638858477312,0.3471601796349182,9.870235718241105e-05
20017,-2.3928716894741395,-5.313454276317824,0.9902696535389032,1.5581888364544005,358.0076196219274,0.25137782634981587,9.870767193830974e-05
20018,-1.135890575856326,-10.832577412886453,4.672857782778523,0.8522029402538731,223.71534793870816,0.6265088818320761,9.87415385421368e-05
20019,-5.882145142803823,-10.80026771894271,5.17134127365728,1.2380146678886745,299.32182034406094,1.025626075663225,9.875863126802257e-05
20020,-0.5030476243373592,-5.894732683656134,3.4788525870264513,1.7048373804487056,468.06125973353556,0.20054590655518822,9.875930157699337e-05
20021,-1.2109362698711426,-7.53780214988305,4.287224829508487,4.127419217385987,576.9958464029487,0.9696495802456697,9.876557680452116e-05
20022,-0.9292884408107032,-6.710524650257491,0.7488238432053805,0.5627873713671678,166.2398578933134,0.917767525406707,9.877126570038122e-05
20023,-3.2504595371761393,-6.445921781826454,0.04768160269162882,1.3963357670229761,425.08843919114304,0.2636618045966719,9.878455080563773e-05
20024,-8.535152665766848,-9.428151354107712,2.771120558799863,1.8082430383978252,431.69674212342426,0.08322713907786561,9.8795773108806e-05
20025,-1.0521979457968218,-5.338067130594893,3.3519050930067547,0.7632428773469804,154.22643985037487,0.30843607355274116,9.8801900131129e-05
20026,-0.9152320418667319,-5.428903753533893,3.370724797511452,0.877361107509906,227.9269611499545,0.7142713358573749,9.881119995294926e-05
20027,-0.5538472834739032,-5.132206139931315,1.0418694933942199,1.0714219345401919,467.0914963180213,0.0588116077500862,9.881514440627129e-05
20028,-1.7294976727997895,-12.651248976273537,4.6072562502759,1.8442267161983465,442.77841257122816,0.5081339168692418,9.881749767982706e-05
20029,-0.5187723993133471,-11.283018409394328,4.6252220413577225,1.1133777173107675,467.97164454926224,0.8271096677731871,9.883514286325184e-05
20030,-1.1987654119297844,-7.573747235956532,4.331297949109377,1.0780846158238804,281.46991238212786,0.7944796410402661,9.884154056661348e-05
20031,-3.3229943807998827,-5.614057390564767,0.3560990103186275,1.8685320814872586,469.15451828321176,0.04014227117457292,9.884677628806623e-05
20032,-1.4944049744289867,-10.857282084325629,4.64439746915857,1.6521711405336807,364.8553512720592,0.6933232904154876,9.885030023525783e-05
20033,-1.488894752111264,-8.983599277713866,0.025206954156163936,0.8191854366519729,238.84458398738428,1.2816152412795647,9.885173153493485e-05
20034,-1.8219588144177177,-5.456060943299902,3.3802994254021694,1.039148695551563,185.2522281830626,0.04431919088950931,9.885355522706858e-05
20035,-2.158588281633013,-9.747362390704154,4.740965990577161,1.040105825013295,466.7083153116554,0.8914092307257429,9.885953864870676e-05
20036,-0.5488064473128915,-9.005056658421594,4.767288141740271,1.484769659544304,468.6521804476664,0.22090347935745402,9.88907836847523e-05
20037,-1.2451980446849582,-6.920514020697639,0.7206320840843494,3.5593210252941323,520.4905544159362,0.32059214566572525,9.889281930105247e-05
20038,-0.7978837904041374,-6.9347494990176335,0.7193636397983116,1.092679203937054,288.9851493179052,1.1255475960481727,9.889780787057163e-05
20039,-6.228486142991203,-12.805681021288148,4.787079761574015,1.26532053871278,276.71946578024307,0.2364113021742078,9.890166532403613e-05
20040,-0.2783585908450217,-12.801983279349177,4.603937118191667,1.1440244178239778,293.6661768274404,0.9728689333934941,9.891043781368124e-05
20041,-1.215329158847128,-5.088687101658285,3.3032341133024636,1.0727066772127174,276.02603239938907,1.5183041655264313,9.893123665087928e-05
20042,-2.482247164618247,-5.222718745503253,1.0612227849558922,1.1371613848348343,467.2847168677045,0.568778609372794,9.895129248946034e-05
20043,-7.9648139807571585,-11.494786768949854,3.020926929041104,1.5605503546350552,468.8961596315184,0.9152259776450133,9.895874508138453e-05
20044,-4.987401131181958,-5.069200811276871,0.046809475456691126,1.661274523326996,387.6404962611025,0.18945859172058643,9.896009936273344e-05
20045,-9.056628018037935,-8.578392859754533,2.844885326833561,1.7978841695170575,438.08460702723556,0.7722782627027094,9.896264086829446e-05
20046,-5.005680228722778,-12.21029505212703,4.854311359763214,1.6449147417545857,448.1038741108845,0.5864192490846074,9.89794250926753e-05
20047,-9.638757863230085,-6.077595256835314,1.4167386409281686,1.2291900705668752,170.0899093932561,0.388716786581246,9.898406523194288e-05
20048,-1.218168512474838,-6.996244719019826,0.6705968335192306,0.8039435851963739,225.95539792840427,0.6771439254272362,9.901208622444954e-05
20049,-1.304756279031393,-6.268684798593949,3.64802198531871,0.8560657222603074,232.70329482096594,1.3232034071280534,9.901480501478999e-05
20050,-1.4793072199973913,-7.022286738047797,0.7329726923030669,0.7889451396802809,233.9078790811825,0.672285436370097,9.901817990337514e-05
20051,-2.2613874557020885,-10.26089063813014,4.696200869120411,2.614599876767848,223.80272471837358,0.25970206671389295,9.90185488188899e-05
20052,-8.418678393687562,-8.56608428120266,4.690529136022999,1.6009998394535525,377.86609933221206,0.4362876663129702,9.902107964543821e-05
20053,-0.6618106823506533,-6.713119682434746,3.8188850766886895,0.8374461627686913,245.2922427596519,0.9399892930204672,9.902283428397353e-05
20054,-2.078736681464158,-7.825723293605965,4.456134359263292,0.7222064905948692,198.3082088853791,0.3369259424513471,9.904228085091069e-05
20055,-1.4648177717392414,-5.16184302600875,1.0352103387867146,0.6674436439711189,179.5191212737835,0.4623719530494439,9.905093770317542e-05
20056,-1.1504693463857247,-5.949014282393739,0.9025834252746293,0.8856842401416056,418.8462365006196,0.8300997754626893,9.905592679745517e-05
20057,-0.7973317154158348,-12.352297101276822,4.566500508780977,0.9233199887891077,201.2595151302687,0.0019154166060602051,9.905759734069775e-05
20058,-0.40236582782029906,-5.244321370982456,1.025783123472905,1.0804147480311777,467.4069309576646,0.3409172277622199,9.905943905425361e-05
20059,-2.4939045792864345,-5.086629448323244,1.0574954109115464,1.7017848361543086,468.1471167527768,0.03858890396073811,9.907349783413053e-05
20060,-1.1235202055265407,-11.7057779665388,4.610634706316391,0.8830774367931606,197.01737106749948,1.0719517251804644,9.907709398548897e-05
20061,-0.28916402439635824,-7.0009193832078545,0.6705047282914095,1.8914312842593504,467.8350450800086,0.4662101980984268,9.909399827067502e-05
20062,-4.308724657039123,-5.840751181884776,0.08636326974230092,0.8108280493943761,469.9353948071785,0.12810721540752645,9.910736767429911e-05
20063,-3.2375707171115096,-5.727926134116489,5.118868752773011,1.00704367418263,468.9151252946551,0.04090075153542205,9.911349563379126e-05
20064,-0.07337023131622544,-5.268345051661704,3.2713563907084424,2.7931861257871486,474.4761068613089,0.7943663104968861,9.9119762252527e-05
20065,-0.23645297517622588,-5.762371192226402,3.405150270106377,3.829683276150733,546.3489287833845,0.41205376444868325,9.91499811221341e-05
20066,-0.901931071057744,-9.873066888368836,4.75167745481458,0.744132323571153,222.0016037958701,1.2086923435682992,9.915231768150342e-05
20067,-2.9740208293407484,-5.3188175822442325,0.555065456801793,1.0977525767478855,393.7785926063573,0.6071640150822786,9.915328972965192e-05
20068,-1.3803579111638413,-8.617846612455807,0.14419927862009166,0.961936551833765,194.89465027884853,1.0116640461512363,9.917559454470833e-05
20069,-0.8418825730025077,-12.91943766971858,4.599385304983711,1.8232253010652004,200.76600241769557,0.45213070260971566,9.91894343860461e-05
20070,-2.0819415963301946,-5.217691987944469,0.9903155998538086,0.7503038595836289,153.73081594052562,0.1217458147442958,9.919822336873664e-05
20071,-2.934350946299354,-5.683280819134343,0.4588606570077937,1.3072648600870134,318.1396931801516,0.24435386597866238,9.920366045715502e-05
20072,-1.7521052566914452,-6.995369722356918,0.6839535831284244,2.1595752967539688,312.2361128528959,0.018239191386115294,9.921087975595506e-05
20073,-4.778395392844079,-5.613554520748275,0.01004119229349097,2.591854059721457,449.6434881523119,0.4681694470034916,9.921130832163547e-05
20074,-5.835920228025469,-12.836407941458248,4.816606892471061,1.2309426421357434,254.05751795403265,1.0478466136516174,9.921505972377559e-05
20075,-8.583259263500537,-8.715897830822854,0.48474285314244275,1.0336312815075401,277.22180764390845,1.8367054823800073,9.921567009915355e-05
20076,-2.800163664611734,-5.7380664073265075,3.967390007984713,1.8738632758386922,468.7018362385186,0.45874541494858345,9.924076725781307e-05
20077,-4.655478546648474,-10.84389766057611,5.133027591938228,1.0623693360168236,275.5087916550068,1.5575832158067682,9.924177936628096e-05
20078,-5.300703740151293,-11.840957236858262,4.907790372131633,1.3254919588907244,326.5423665115701,0.34819463235094616,9.924750280727023e-05
20079,-4.319786894456266,-5.779017015316272,0.13560189121851796,5.057404799648455,622.3324195627249,0.4033318345090118,9.924842297306682e-05
20080,-1.1825346896839424,-5.928630203511079,3.5260281609086976,1.665571661584551,467.67163047324095,0.39784897597282676,9.925177383255262e-05
20081,-3.9292095447391144,-5.699717719754498,0.2262101252960001,1.3044204945679312,316.50219831879724,1.3227656760113815,9.925258151402545e-05
20082,-9.752186405022037,-5.569652316237571,4.928326997555671,0.8570855411981804,219.7197387265056,0.2910817846307223,9.925323491202118e-05
20083,-1.2758934058996676,-7.395008476487142,0.5531214774014015,1.8835941462152264,452.66868890740864,0.6098791175215572,9.925407272047738e-05
20084,-1.8502543395433833,-8.88618751891174,4.7430997064240525,1.1782757463688351,300.1199030912394,0.862021729663442,9.925635976207225e-05
20085,-3.2325124639860405,-5.176421336791931,0.5468008085375681,1.652207128227365,384.75068123234485,0.7375204034848339,9.926590465882968e-05
20086,-1.3957094664987562,-5.78194869076766,0.9711684031496596,1.1273581807263164,292.3200866691877,0.3092296836816999,9.926825826980474e-05
20087,-0.33853583630115125,-5.023560937040245,3.2851495145449063,1.0203769590040674,470.25978786343114,0.028954203341787554,9.92713966036872e-05
20088,-2.699516363171637,-6.308934374051074,4.229178067374195,1.6822805410399004,394.27084885229317,0.05858992351338266,9.927766448551092e-05
20089,-0.07898491867952373,-6.0602079179007795,3.566361889166374,2.4025217888713004,439.671204397181,0.9071576026809218,9.92874553511399e-05
20090,-1.0537576890913627,-6.443717446011009,3.6993910239684586,3.25305046282333,511.4001030674887,0.7401034566266596,9.931133322132297e-05
20091,-2.461434801938255,-5.976591687354173,3.5394560390783383,0.7592943652559032,251.53982886632133,0.36617436363224076,9.932579034491805e-05
20092,-0.670381911932969,-8.008873126584957,4.537215012633883,1.762297512803327,371.7163273780921,1.1827000016994589,9.933584447160127e-05
20093,-1.3599834486135833,-9.03037137732792,0.01123055687449306,1.00882773169128,194.15496354077266,0.2821939293254081,9.933888580576191e-05
20094,-3.2277477732273017,-12.418595205055206,4.847978343475017,1.8988245461490028,468.2721906218631,0.5905838998860622,9.93456610342156e-05
20095,-8.241427061140293,-7.842329157320659,0.2435073837595912,0.828364077629514,212.51733274525648,0.3261317978666387,9.934729600373717e-05
20096,-1.146044431301748,-5.048882492414318,3.2872131089257253,1.0981127393984624,468.0502113041116,0.8677542777437202,9.936132254840935e-05
20097,-1.1554914868625517,-11.014919741923302,4.654394073160693,1.2012099400217198,465.39423323074044,0.6384107655517957,9.936496172757017e-05
20098,-3.102932739839165,-12.517994053109582,4.956985238388287,1.3606273912320757,468.899749761622,0.8568571020312712,9.937277589989893e-05
20099,-4.236899535092872,-5.829988326126266,0.12619705453028104,1.2895547411185218,296.56334290732553,0.514985215757922,9.937442550168098e-05
20100,-2.4674626379464373,-8.569496550513314,0.18612929964682307,0.9622085050561608,467.188574928155,0.05892345997732917,9.937730813573655e-05
20101,-7.470831678454415,-12.669130177778404,3.9195358813228918,1.079819872182218,283.31115778537287,0.9658131065218658,9.938326681756257e-05
20102,-0.4455204777703621,-9.325490044488017,4.766284884098205,1.7883704730318923,468.45970316133645,0.8148316488510865,9.938831277348713e-05
20103,-0.5843188421743566,-5.991803532290834,3.5426345270177126,1.0219409931146795,266.4497485550609,1.0388611603221385,9.939600578329016e-05
20104,-1.7587337084887693,-9.663735293634039,4.734719809058481,0.8010175627942803,459.10959614997563,0.11088548082490934,9.941021400594683e-05
20105,-1.2425173449529954,-12.736040316043367,4.599583529583423,1.149447689707276,234.47854536768435,0.4743760873974665,9.94180481718719e-05
20106,-1.9282830178050503,-8.337546689784617,4.666617331142169,1.1408430345743754,295.90010153482046,1.2352251273210149,9.942198290449678e-05
20107,-4.138237260311549,-10.994441124530145,5.065545004182587,1.5481747263932624,363.5346321008184,0.4585682909730249,9.942900988880924e-05
20108,-0.5282448787434042,-5.785460150488621,3.405865846272411,1.045933819621675,283.9396158158123,1.0627489977618998,9.943328591147468e-05
20109,-2.611243878110292,-5.8474652811183025,3.458892059904742,1.1377982405198892,292.34321156491154,1.487480589745859,9.943508145124423e-05
20110,-0.25626966047856037,-10.318261280422231,4.711971520552798,1.005380908680764,270.55867183489465,0.6920638833888537,9.945730426900647e-05
20111,-1.976985721217062,-7.034052294077224,3.9720315343932278,1.0631354568392295,277.42074493462667,1.422673952882156,9.946693370007262e-05
20112,-0.42573763766873185,-5.34671389610054,1.068380016706714,0.8753498819735757,470.27072074673913,0.028008535582863203,9.947092638953992e-05
20113,-3.342645948063012,-11.952145718264005,4.855320118340599,1.9718222773092244,401.1404270353357,1.6026893531443198,9.947369681958126e-05
20114,-1.1256806041396743,-6.417325620186396,3.692739549377783,1.7931296035308188,288.5387270901413,0.04161205138944535,9.94952900192075e-05
20115,-2.070278191355742,-5.9720978086209975,0.9547449945178952,0.8146354873059991,467.48186277412856,0.5416084821811351,9.950006536664319e-05
20116,-0.6308246380573586,-11.21629517993657,4.621998877851916,1.0507459921904376,282.7946589763091,0.9938691627764173,9.95028075889748e-05
20117,-0.4650514976204114,-5.335314389973882,3.3363051578795035,0.774150957267437,165.1129349627279,0.0224577890436084,9.950608148292247e-05
20118,-1.2292659835104054,-12.732522769367723,4.589472787247781,1.018982457595578,256.89389862925117,0.8796051082092893,9.950677626468467e-05
20119,-0.6549808718803352,-5.502071984290278,3.4165685962814845,1.6334195946921468,444.31956843938644,0.4935679358323233,9.952654582827462e-05
20120,-2.6554214688469884,-5.083760901199348,3.302272535853896,1.1189312599393904,291.87785465252045,1.2025526204081132,9.952843195249756e-05
20121,-2.5304072472158143,-7.290281381911766,4.812907437298747,0.8199661663303431,238.05953759241777,0.9868084081019726,9.95287596551771e-05
20122,-0.3106959064911976,-9.316372704278379,4.763291445228262,1.4441291523323427,468.38240930808195,0.24183962926989278,9.954747817887103e-05
20123,-0.2559040631841505,-11.06995812665866,4.620995025132271,0.8507432763411965,439.85269302430254,0.5393914697403348,9.954838574707643e-05
20124,-2.967178161725519,-6.424519236225069,0.21785502535933365,1.0399758604834421,274.6227381782116,1.1171771336942227,9.955754922430469e-05
20125,-1.6253076216040103,-5.607888468829085,1.0396426030378947,1.2370988930822264,191.87206146630643,0.09411856780767724,9.955823141242077e-05
20126,-0.06865670125773882,-5.676018173755086,3.451754862357317,1.3128607855695427,315.80019817498913,0.9309493333399788,9.957255231572441e-05
20127,-1.1233293957767838,-7.724416470666325,0.45611596947273525,1.1088895475550269,272.24402759603794,0.5536699350655638,9.957882573917472e-05
20128,-0.9496517319152744,-8.775946163210039,4.732443928185519,1.7957582050963627,378.9918883023395,1.1864857938670417,9.957995326915603e-05
20129,-0.5134882679041439,-5.158578241942894,3.300986709822544,1.054481625442008,274.2987660324575,1.4805261601496653,9.958173671322805e-05
20130,-2.0335104766929195,-8.700408379669895,4.729725226218411,1.1185655820185982,467.95102522232946,0.4495126188883054,9.958689948745116e-05
20131,-1.2088314072084518,-12.609901786233554,4.594365952646247,0.8473478834505529,396.2080272382124,0.016892036569147173,9.95927241382598e-05
20132,-1.5785917657151955,-6.576630476303446,0.8081859699277965,0.6405734321787149,199.36672148173855,0.7473166057303997,9.959304903322933e-05
20133,-0.11565355187462245,-10.32490352046566,4.70821527572493,1.1636785585591962,285.5112377803261,0.7781730703199132,9.959739009863817e-05
20134,-4.01416192993568,-5.908575661290102,0.1591989138553778,1.8626344857989068,446.3087290583144,0.5363346722632514,9.964174145864996e-05
20135,-1.4009271300982071,-6.222818027747849,0.8668924314879556,0.8922652287519287,193.2044120332989,0.5994803511507563,9.965455176722218e-05
20136,-1.0828617452935791,-12.965048012863594,4.582398591914577,1.08392311463383,240.45140650022302,0.2246433116296913,9.965971354619413e-05
20137,-0.5379437557297724,-5.293905593736405,3.3242130227093716,1.4470632755453257,330.38853147894895,0.6043529200501725,9.968133311575114e-05
20138,-1.4416771768724441,-5.519447308170794,3.3728304602642853,1.0420602450777798,295.35728191364655,0.05216433572971102,9.968515727638047e-05
20139,-1.9301613970627045,-5.87823891467759,3.5025914445777224,2.5674067846285036,454.4646900989405,0.9015252192195868,9.969144524166884e-05
20140,-2.0339274580675237,-5.482128232401979,1.0643031123638915,1.1972315198090242,213.87834454846484,0.08744298564629016,9.970378656505875e-05
20141,-8.799776622370711,-8.697556651632832,3.5242565016944947,5.2932632817827825,365.6194025945366,0.1474937977642945,9.970490029952318e-05
20142,-9.644158938856906,-7.898051694740725,3.139489129379453,1.148500673804413,231.43685941236498,0.7093519471672023,9.970626268748863e-05
20143,-3.216539841063364,-5.688548760113779,5.026240570774156,0.6750750017763766,202.93015964560638,1.3162243754147749,9.971323511391292e-05
20144,-7.334919630942838,-12.70703610432925,4.1052814078289686,1.1884533159315336,250.95756627835488,0.17264044594767114,9.971562103576931e-05
20145,-0.06839223547805773,-6.674044358968201,0.7580080084666582,1.7083697434287592,404.43527139274653,0.6559040143150874,9.971894470707248e-05
20146,-1.4851802950319062,-11.442900586252136,4.618735519706558,2.979969412421194,498.65170927126985,1.7277357618683036,9.97327131325977e-05
20147,-8.366370921895278,-9.555511359009447,3.2490653200033823,1.0416966435112696,467.19193987548726,0.764442760848989,9.97515059407316e-05
20148,-1.7550721857537575,-5.381951991879869,1.0782462372923205,2.339245915557356,421.44124779333737,0.4271637655585634,9.975411537137265e-05
20149,-1.6916449233633948,-5.1504249756796145,1.0406077095296,1.252353233117188,304.35583387383423,0.47593554171471286,9.976857582581362e-05
20150,-0.9881474469578393,-5.3509242732451865,3.333859994169284,1.5914870285736684,366.2751306648975,0.29275312748546334,9.97696559792479e-05
20151,-0.7833812462965728,-5.523640918925276,1.0196856201861064,2.481602706429154,442.38569613703766,0.7247661892557646,9.976977394037492e-05
20152,-0.09936293621294823,-7.017076526586921,0.6840037942949746,1.1719138109769758,172.10081091943533,0.12842818535229839,9.977951248153767e-05
20153,-0.9426737363221562,-6.174662931415368,0.9031922344097477,1.5324129753059026,344.3019986342265,1.5266670964202982,9.978451978454398e-05
20154,-3.2131569065893553,-6.336749430144183,0.15229638885069338,0.9820959244001781,245.22661886213297,0.8937027948348879,9.979404030896347e-05
20155,-7.117172084678678,-12.816629234874325,4.339114852114836,0.8149511435139464,197.47552563774667,0.31509971155737926,9.980382967274673e-05
20156,-6.192440377626291,-12.443979379601249,4.815143052672424,1.1447528949583305,245.29868084652256,0.04440788968391196,9.980400992844143e-05
20157,-1.5743706575724996,-6.983141040695052,0.7462887583663206,1.4109530048894299,321.6478327112672,0.14387689514525714,9.980448243811234e-05
20158,-1.4114273741288699,-7.658343869380618,0.48394259227403597,0.8630116395032933,468.1149307430307,0.18823597257916536,9.980467809940689e-05
20159,-0.5065377275385714,-8.880909000860983,0.08232725226103411,1.3020009704327096,316.11664733903825,1.0032884045815456,9.980783368819346e-05
20160,-2.546282472654463,-6.00753796880963,3.5472168467155867,2.3411337049548675,429.6228330313899,0.7723714397028392,9.980825191255924e-05
20161,-2.185118164836343,-7.282384341147274,4.14862913393121,1.0592906679108542,468.1019421703401,0.8443461423595204,9.981410443072277e-05
20162,-2.154315558459534,-5.913679531235759,3.5106708200356858,1.182082156218701,178.55056618499182,0.16633694901909468,9.981531885838367e-05
20163,-1.4307971366325916,-12.035313972345655,4.56674211751172,1.1396028347688498,467.0662161929557,0.5886548370317319,9.981790185748748e-05
20164,-1.565225839922057,-5.346434651700838,3.3318337089049943,1.1847808660574914,201.62896329489897,0.012313487517761956,9.982067594758335e-05
20165,-6.959576920151444,-12.613432284268601,4.488723081215803,1.3036166631033816,277.01405548272993,0.21934844845209867,9.982642124748591e-05
20166,-0.9823579989087889,-9.435503382144988,4.759960121943103,1.5823085011483884,369.4141679680761,0.9768608508782739,9.984572107232456e-05
20167,-0.23242630434922518,-8.4042204356779,4.68080578675701,1.3034806023753598,319.14666194718785,0.30987580590483166,9.984806455995676e-05
20168,-0.38130055309824584,-5.314572373502366,3.324576675786409,1.2741486216148294,248.58396411190262,0.1630489054273907,9.985593113798133e-05
20169,-0.7852067435045207,-7.867291546279502,4.466579623756377,3.8661614135127262,560.9204638444363,1.0774484706209515,9.986646136532861e-05
20170,-1.471928966214346,-6.018934088879641,3.48550451215136,1.001978512704653,467.9971345907404,0.9235440211646546,9.986657675237186e-05
20171,-1.294727000356243,-5.3622291995435,1.042673415164061,0.8742775310863542,467.1064482681984,0.4562825639058854,9.987658239122241e-05
20172,-0.6885289492234978,-5.40045531120814,3.3416594857355237,1.5067240338582941,339.30422134966295,0.5747909065328827,9.989433525849309e-05
20173,-1.0256233794909004,-11.99865484865084,4.5607702384135855,1.0721203378142168,467.1212654878127,0.8068628573600511,9.990347249401154e-05
20174,-0.7275646069735036,-7.196311310927273,4.09843761033346,0.7686104896464253,163.44517419655935,0.7881754215775585,9.990754853980012e-05
20175,-0.20452009916095015,-12.607817174031291,4.585113062774349,0.912835917761699,237.98976218706665,0.9782270426635256,9.99127957214593e-05
20176,-0.8820118671513306,-11.748784834410309,4.611632415161338,2.0932213828374118,410.2072034460797,0.8639527710686625,9.991437702240149e-05
20177,-0.9525649443861077,-6.597870796497508,0.7906087580203545,1.4398293832856166,340.3626258166154,0.5435697831154434,9.992463282276195e-05
20178,-1.6974637097810223,-8.408047578175049,4.680921035479852,1.0396676579700639,467.15893690164205,0.8806409362409129,9.993681875009086e-05
20179,-0.9753884009727631,-10.701653617690809,4.670318592051844,5.187486851776767,630.4780947395196,0.4738561239010126,9.994365242210248e-05
20180,-0.026934439860703208,-7.792099278449262,4.428244209201704,0.6568025118921478,189.71730958127208,0.32040439422763,9.998230777210569e-05
20181,-0.5372138803698832,-6.167661763789635,0.9138055799339615,1.0584483444038886,283.5881991860297,1.0930188573515958,9.999546575431375e-05
20182,-0.47949020756940897,-12.072788822305784,4.607487551684704,1.3110415292862392,317.8910986222437,0.4543946878279259,0.00010000870454481193
20183,-1.7748331400926247,-7.455674276249567,4.20718950033783,2.3943006899931674,250.24053760962892,0.1484146691083632,0.00010001440203677069
20184,-1.299946007966593,-6.760897055364102,3.827046520037173,1.0906405187340833,285.66237984989147,0.633835779513162,0.00010001609993938602
20185,-1.5195235398809377,-5.042488910932294,3.276738350547968,1.8051353839194402,427.34366656651395,0.5906939312116792,0.00010003199379038198
20186,-1.209329575650651,-5.398014793075238,1.0476100339096521,0.7008779216849995,140.9391132063411,0.1982810613335415,0.00010003715648678218
20187,-0.4884455708637425,-7.686760926138113,0.5258435163015345,0.8777196256829382,192.35745824680689,0.004011468972261234,0.00010003941469643295
20188,-9.247558578655433,-8.364073757975941,2.7262391825628547,0.8769671044903412,465.11103946046006,0.1918707935795121,0.00010005601244643816
20189,-0.5983984694319915,-6.611459421260684,3.7520085846804814,3.2256067161381337,511.1141326717439,0.830925204229378,0.0001000565364240005
20190,-0.8020553190614699,-7.7082231787225695,0.4621423344061684,1.6798212205738667,363.6525703370949,1.509248837855286,0.0001000598571062428
20191,-0.4343018813818862,-7.042587572173699,0.7052863801802294,0.7892085826412713,227.2823941742941,0.8854853696775526,0.00010006063370977196
20192,-0.18496082401515856,-12.14753052465439,4.604873257477029,1.2595419153150695,310.9116884608564,1.4020544013041558,0.00010006490695227985
20193,-1.0506384071596635,-6.534089986973473,0.8258582097043812,4.6074801357005235,598.0044507860806,0.46574454725931513,0.00010007478884114993
20194,-0.6293344180137765,-5.2211524936722,3.301563961391823,0.5193139524511129,161.48809302538714,0.38248244085331695,0.00010007799271105752
20195,-8.553016640381848,-9.49595684849783,2.4054904036278004,0.9150860837385858,468.7225143090765,0.24804004572851923,0.00010008597950432638
20196,-0.5340675794422172,-6.133480770049645,0.8935862969965411,1.1183914808998225,226.3477009113794,0.26025487345282006,0.0001000888680739294
20197,-1.6260954988069294,-6.139134158310118,3.5779323366908513,1.002062142237566,263.3890481199815,0.6396162658298019,0.00010009422085627426
20198,-3.684440312661441,-5.306194233337361,0.40003687243589076,1.0996986301766283,164.51163700093198,0.1978259948369816,0.0001001106579146298
20199,-2.3472355073307423,-6.022013503794811,3.538574147038627,1.8195533175362184,468.3705180157581,0.8158851437540529,0.00010012265874252825
20200,-1.8542578860060175,-5.915454357891655,3.4724205570591815,1.9906362620003553,403.19211273155366,0.5752139580830571,0.00010014037532401026
20201,-3.275030271380479,-12.933167562264082,4.78548487405111,1.1745815485858773,238.94633935001306,0.6038436800310611,0.00010014665927686052
20202,-0.3163096988955747,-7.001693113265851,3.9862480516022742,5.236073844206004,399.6633949635477,0.11951829351922516,0.00010014826240477913
20203,-2.049558326615041,-5.409956060273599,0.9973962015301668,5.629097359038086,653.3973660997033,0.5389202039040386,0.00010016066352316647
20204,-0.6912217909345806,-6.7362788590003815,3.8120066357791353,1.826577701463314,442.3915003849995,0.7022903195720192,0.0001001688397058663
20205,-5.87562455799864,-12.563362144757361,4.83093696326293,1.1341168277384788,214.2402760948403,0.04262142968283111,0.00010018054730164818
20206,-3.2905990310470257,-5.9407567873318055,0.2684810274020891,3.054553545279576,504.81126789024967,1.7806594346173288,0.00010019633334858593
20207,-9.503166414699184,-5.503260742086337,1.1275600128921248,0.7014234410481212,145.43524691331976,0.0933153006906613,0.00010019791679305593
20208,-9.446883693059416,-6.898408935813752,1.1645479164185681,0.7955326090586992,468.940238086396,0.17757823324239208,0.0001002135327382311
20209,-0.13372860443270085,-5.655163452909889,0.9894383724518675,1.8162598026826164,468.4039993935496,0.4405765634476815,0.00010022132262105121
20210,-0.1272759207680707,-5.618233296154156,1.0084185569137722,1.131204306338849,295.0321793414863,0.9035972181180698,0.00010022200984734186
20211,-4.368816905086676,-12.116236172287016,4.8465631579211035,0.7012954135502255,141.57362058353422,0.08498313754361053,0.00010023941803479518
20212,-2.37317264480966,-8.88930511560552,5.04737208700627,1.058803232914943,227.0232610395126,0.3337826232218042,0.00010024579673588525
20213,-0.5756348008441332,-5.182789268200228,3.2903084148467294,1.77118047842504,468.38601948672743,0.43667413434682256,0.00010026662661544563
20214,-1.8522908598609167,-5.357201430854069,3.3240948002817534,1.886220893114983,469.4072022332979,0.16854783094515113,0.00010028471263688035
20215,-1.1720549452341906,-5.082008661739131,3.27836438963786,0.8893333181901651,183.3951331905207,0.6428688004709633,0.00010028696369033574
20216,-1.9613630907980095,-10.409575441694944,4.691894314814481,1.6432759564408264,469.39340383760054,0.1722622836250034,0.00010029150781555833
20217,-0.01795365955138095,-7.085459418583754,0.6633213365864511,1.531222482489985,347.5599200931994,1.3815589633409573,0.00010029799692754164
20218,-2.068393391226822,-12.45449714847863,4.595358388565482,1.0979902231668854,283.9530164385644,1.1792116228830354,0.00010030026892022277
20219,-1.473646226402236,-5.455980465914882,0.9781562524482016,1.2033142590481636,308.2389960087286,0.5028253761816037,0.00010030445440206003
20220,-0.9175821178758845,-8.55959878271867,0.18801983281170787,0.8633318655177692,175.8339567945146,0.6570557388720664,0.00010030971126118316
20221,-2.712517383131421,-5.1983453261019426,3.2557107508530243,1.3630675010438513,415.2737132596538,0.6863684625213864,0.00010031118024951095
20222,-0.5780760482255065,-9.298779137139515,4.760036792640374,1.368446981575786,310.26514208331804,0.1696400007771759,0.00010031353834156994
20223,-1.289155536319548,-6.156298397891239,0.8934410808518035,5.625995251564796,550.0703742718091,0.11072917029955054,0.0001003162401646846
20224,-1.3329339708247918,-6.096765183110618,0.9503256296973667,3.1996290242167555,514.5162511142236,1.3427326103018364,0.00010032565462542846
20225,-1.0152404517778262,-7.006915865087387,0.7384136440881359,0.7830284074011769,156.6925096913933,0.1432891018012965,0.0001003308430835383
20226,-0.9571157241770543,-8.301255092283796,0.24519170249749644,3.874843600210553,529.205029863352,0.1854790774885613,0.00010034362339136315
20227,-3.0611102925372062,-5.337864731046156,4.306662472413932,1.4977152193680632,344.36529524869263,0.9021737184428646,0.00010035823793204472
20228,-0.19053427007743196,-5.380316121249498,3.327150800448325,0.7539232988405031,466.4029294377272,0.31495906650473504,0.00010037063390445827
20229,-2.884039674225855,-5.5803334665865565,3.970736864573161,1.0164429961224413,276.18919422063817,1.4276935028367648,0.00010037173819341352
20230,-1.7476441351654763,-9.46824577935614,4.736720164133412,1.1377724003285548,466.8870204731816,0.594233135641578,0.0001003771945101792
20231,-1.7481628834975673,-6.67953800347038,0.778602951138599,1.7383258858417279,411.0116633269097,0.49680471821834615,0.00010039455084412132
20232,-1.1485224840935064,-11.054304304059123,4.62729589331168,1.169656414425573,245.07753138919355,0.017422496293057144,0.00010040322630560287
20233,-2.882326194523891,-5.221953032588748,3.727231741901315,0.9630859642655426,267.68937493338814,1.413173041491551,0.00010040424702914358
20234,-1.1666245516052633,-11.052501145345621,4.6223275527393755,0.8359126804868354,181.9722056814919,0.433154443876667,0.0001004143810731629
20235,-1.8627649310881473,-8.595152754266316,0.15589181530404422,1.776490601312061,375.83944271939305,1.480397229261139,0.0001004166496250597
20236,-2.528480919889329,-7.226233863723412,4.71767710325675,1.5876312216240345,468.91908554049917,0.8711228598327496,0.00010042046799409721
20237,-0.2366595590553846,-7.938309888589956,0.4112630155299581,1.0166527504138576,179.69893566148392,0.055991995525462634,0.0001004262525945155
20238,-1.6893399495071932,-5.4381902144109455,1.059466375339996,1.7918883395142313,426.2210941064384,0.3388131232486744,0.0001004319530595851
20239,-9.995153789092688,-6.411904413261562,1.7377936834039474,0.888376072564589,242.16720028708147,0.7333240530235603,0.00010043229733764222
20240,-1.6952484156781917,-5.347731585359305,1.0067618571303303,1.0323034407494913,281.7321227832013,1.0039866114139473,0.00010043416598868996
20241,-0.5200136506277246,-9.431684000955787,4.737718956738781,0.9971478146891647,468.0895209216111,0.016856390170533864,0.00010043723455931502
20242,-0.6681365678739564,-7.366279202201141,0.5897308135455251,2.430338496423706,450.8521181963456,2.217037693102342,0.00010045467571896002
20243,-1.8860864223841602,-7.089447990576452,4.0158610331243985,1.6490159028333413,384.84023948099997,0.38021136219629437,0.00010046029769281839
20244,-1.0480561799287909,-9.855816270513792,4.730838048158872,1.6470018189351976,468.3647030992511,0.07562220523239915,0.00010046135890264469
20245,-4.2007854970891305,-5.1740694846369335,4.637344340413574,1.6898595441384217,468.8084164517085,0.8563971039379901,0.00010046418050043625
20246,-0.2647177794260216,-8.640539483403176,0.151950695979829,1.337831320279001,324.7964810201964,1.1902353281320304,0.00010047612455343819
20247,-2.4432042313016042,-9.022035925972867,0.030144514795633095,1.301674929270634,296.39345935865737,0.27159599091734243,0.00010047911215606998
20248,-2.001868256612461,-8.376864135132013,4.666690509988921,0.5997676190269912,186.3200845578186,1.3861554184143374,0.00010049063627354154
20249,-1.6148347388079394,-8.954532601699544,0.07394476433585435,1.1355182858255544,185.76634597687888,0.43940712010128635,0.00010050111913935294
20250,-0.35147611807886037,-7.858130639274992,4.454613725122461,1.7116298077655243,468.44197378808,0.08086470398912038,0.00010051152512924532
20251,-8.702028090853272,-9.209316117669314,2.216537185096218,1.5850532921799672,468.16753249414177,0.2764030087711573,0.00010051906547782472
20252,-6.2065034699675286,-11.777464915784092,4.88864310438215,0.8342010850851077,467.87444226948264,0.008633368521453022,0.00010052196343900308
20253,-1.5677454628384329,-11.514177124535346,4.610058956930951,0.5039812218221533,129.90969890980094,1.1124461309273412,0.00010053520021589836
20254,-6.582665833747106,-11.400398181091179,4.860093980685393,0.9811357806368586,257.9844694163001,1.3493427085971996,0.00010055566830251512
20255,-2.4007582379906705,-5.472984889040209,1.0770954587324493,2.7950082266945455,470.95274987076033,0.7003435937981815,0.00010055813731697292
20256,-7.46513608891652,-8.076874404030526,0.026249635749303453,1.193427809838769,275.1001571010243,0.7044254553861906,0.00010056146044183059
20257,-3.0076691265136146,-5.723839344081116,4.6547938974433585,1.1396567642380446,467.984219154303,0.36068709798741505,0.00010056541439120234
20258,-0.48146298115300823,-5.257849529574397,3.2977986054498287,1.1763421843071025,468.57786863112284,0.49093968911006325,0.00010057158949200292
20259,-7.702577046723569,-11.663668116953346,3.6342962432890458,1.049192426683898,469.5643629614253,0.17605989712180037,0.00010057224832268368
20260,-3.6665860681445377,-5.1901952680050885,4.627081769480995,1.2325703019247336,277.58276698804184,0.26892390385705145,0.00010057707723019676
20261,-0.1837548603378849,-5.623854787459514,1.071513243408529,1.7322316867421017,468.5080134253681,0.4414488484269459,0.00010058129584051945
20262,-2.548107821176453,-7.2710022055044785,4.858313545670484,0.9010812309251928,255.97349323700823,0.2645326566008652,0.00010058180019828215
20263,-0.243527500272533,-9.878077871512064,4.715247367936632,2.6472372140762563,471.35352413812063,2.305421929412975,0.00010059308927534453
20264,-0.6176005139923753,-8.578281215537714,0.17632712303522305,0.6998494631570045,192.37804351145115,0.19255944531854752,0.00010059613350381438
20265,-4.894139163051086,-12.412056890245069,4.827277940229864,1.7523838861015022,416.4130519717834,0.1631395107580742,0.00010060608457218018
20266,-3.1880172741019397,-5.284504145497363,0.530300248112411,1.7378172648432662,467.27648564585064,0.08607387978540348,0.00010061740399709599
20267,-3.4408592616657536,-5.0535403365978775,4.408189758121676,1.8569267230901905,467.3754268001251,0.12280475898755139,0.00010062118314857523
20268,-4.713531119385249,-12.68736779950984,4.80305092853146,1.8209768685227292,468.57354732831095,0.9142003621343813,0.00010062539987197347
20269,-2.628232693674475,-5.80170103346818,3.452975619504822,1.2644832013821936,468.2310643244462,0.6448592506469097,0.00010063157190205297
20270,-4.652276743665364,-5.141729103755835,0.2155995709772312,1.8897450372224596,468.3271302186627,0.5345260931180187,0.00010063512881821457
20271,-3.2262138342563524,-5.033953009562944,4.279876917404365,0.8778820542133196,231.14522780702,0.9842849731145131,0.00010064664982205596
20272,-0.5000732734948006,-5.034180324561974,3.2541841799279205,2.0091347011736627,405.6302397044675,1.8138936233247458,0.00010065213466179425
20273,-3.637907423568758,-5.336943174612486,0.39857970138418036,1.8695654232666643,383.9901543739229,0.7788403933803574,0.00010065364149892558
20274,-1.4639628869937624,-5.523320288465724,0.9955758819153009,1.020401240107709,276.54205889899237,1.6141337790840993,0.00010065451117653609
20275,-8.081460478535954,-11.869697793944571,2.254121144125895,1.6140258728311285,421.6437849050324,0.2778385533734751,0.00010065839161501297
20276,-1.9200148052516397,-5.581543163981192,3.3839673725444195,1.9606322325987309,400.5623088873183,1.9284905912739623,0.00010065853712190975
20277,-1.2121713901940474,-12.560384805349617,4.565597752267687,1.5078382321591062,339.8421764173993,0.030472196540044294,0.00010067411443876689
20278,-1.9469507694135118,-6.244100138776388,0.883235475763422,1.0449224749955637,272.09825782329034,1.1531149124790483,0.0001006745627949942
20279,-1.1772760112476437,-5.538493938569061,0.9812896939816351,3.6561854696589196,544.7294980685926,0.8732377862358325,0.00010068145737811877
20280,-3.855429391775937,-5.532435381350601,0.3006719339830396,2.7873812620456397,477.44531491248154,1.0482237368964666,0.00010068306993569924
20281,-0.5579939318113354,-7.028939657648636,3.950901273961068,0.8271241967738915,242.21545502019575,1.2806292198381586,0.00010069997164376135
20282,-6.854607391258719,-11.993073984982868,4.618677586233981,0.8566151437691125,220.84657485075837,0.5488301556200854,0.00010070332536396823
20283,-0.7548796190944387,-5.220967845701018,3.287748807012056,1.1141577158041065,222.40545522227308,0.3025314494197273,0.00010070628192609995
20284,-0.43878728349851315,-5.549768911651764,0.9929964199979996,1.2330005580531678,270.86167894358323,0.0793717966742431,0.00010071552736539761
20285,-1.0399851436927925,-7.712917471132603,0.4444475422392267,1.869811248915891,469.5131123899328,0.13427195565697136,0.00010071664167806623
20286,-1.898312266967526,-5.773851384549503,1.035613783188613,1.0503370420023403,269.1744246529479,0.589071961653203,0.00010072325980903663
20287,-3.79419325350713,-11.569943604921765,4.917144445842134,1.2166764625487836,306.69002821367576,0.7090210281302705,0.00010073542089492363
20288,-1.1563436727827323,-7.1949094905847035,4.085866091037512,1.3215854988800626,237.32524301494664,0.01032850538911223,0.00010074042002892588
20289,-2.303970157916031,-6.4604031859947,0.822351290611805,1.8370707229932741,468.5552544135961,0.8656865074152522,0.00010074415175731241
20290,-2.0389342242184707,-5.186353243866081,3.264337451773582,0.689975252707841,139.15676783475254,0.803964716029208,0.00010074875595089603
20291,-0.200277613926513,-7.416718665562612,0.5922610421315659,0.5685218145033555,135.91149878737812,1.0337861604610472,0.00010075609436435851
20292,-1.784191466298763,-11.463152745604173,4.610100988979164,0.688675398613738,148.02605427612372,0.4164494158325427,0.00010075837750077314
20293,-7.875937763955895,-10.82298994212799,3.516307719481787,1.3241253552998327,264.7462692110632,0.04459113654403968,0.00010076764217285658
20294,-0.062124131166482854,-9.080498294911678,4.737829031641031,0.7525306495138352,468.1461629869895,0.2574330487005678,0.00010076808918717062
20295,-0.2755103977210709,-5.690027243878289,3.4316971082160155,1.4116195534959302,311.4654342913589,0.7771493008454193,0.00010077053143040802
20296,-3.117333719511178,-5.028948098517369,4.083530272429657,1.1955860582934201,467.4650558447495,0.3318677393118419,0.00010077370101857905
20297,-1.0705114437924674,-7.726128694811675,0.4502720619790507,1.018682995264484,468.70653613271173,0.6462565941957088,0.0001007881391000004
20298,-1.0510914653921883,-10.70555316757618,4.661610047889899,4.731976721399634,608.3902526849165,0.6371277855436075,0.00010078868303066596
20299,-0.18762024642039954,-12.16824682334123,4.5967805947696165,0.8669432295485486,467.22131679481765,0.6912111100557601,0.0001007945185703029
20300,-2.3933960630774784,-5.984961380164032,3.5138589555354156,1.1174536204957615,292.4274704635541,0.9720802946758127,0.00010079729150199899
20301,-8.010467531860147,-11.758139086931882,2.748399946087186,1.3980585943356258,322.34633054652255,1.2838978915465118,0.00010079810798629842
20302,-0.9575236160913327,-5.63915246055828,1.0472230080634233,1.3365446777730592,319.37289645921453,0.2073707776091691,0.00010081447190713497
20303,-9.961490128093367,-6.261163891518657,1.7075876742810194,0.4703299759355234,107.62704877333469,0.10266915328736292,0.00010081929717098605
20304,-0.12354902255721356,-5.151962593120296,3.2774266014322837,1.58270716812456,469.8491169753205,0.038615007611327634,0.00010083121822074169
20305,-4.160323983395051,-5.190334332331807,4.634194712969752,1.529283094789117,467.86964731253124,0.6204442627929749,0.00010084006656468245
20306,-1.2520894124655477,-8.737223201048796,4.719581758486607,0.7345146957743446,201.8247563764075,0.3828495085985191,0.00010084888110407313
20307,-2.134368286197236,-11.855624897415602,4.605553648667829,1.8486732178964025,468.04074726946584,0.5183415457280232,0.0001008503476463218
20308,-0.8681941008397658,-10.385037750672929,4.686936751186696,1.2249198024001253,308.3837953747677,0.6225294536889132,0.00010085247677296207
20309,-1.4147696516028656,-6.28620092171245,0.8683266424866083,0.8592938223434172,467.4862403329875,0.6334222381294401,0.00010087480585152021
20310,-0.6446435055798148,-9.666458321056108,4.730341693778048,0.4929174781433616,123.54325953674983,0.4764422397190229,0.000100892903722861
20311,-0.881179466473208,-9.088373258936066,4.736835270627388,0.7935691839570636,133.5661741763611,0.2695639709906734,0.00010089548560737326
20312,-2.2771254865384627,-8.684868016303195,4.711991540775956,1.0736722853501033,221.20116129215208,0.4422845067814558,0.00010089573815319635
20313,-1.8622762147126455,-6.7617533996215196,3.813348001292086,0.7540674949985142,467.04496944499704,0.2999666182373071,0.00010089785250939411
20314,-1.1587032886505853,-9.026364821392129,4.734415513062342,1.8076855442274826,380.10314169680714,1.561383788798099,0.00010091569856608808
20315,-1.4867311186392733,-12.825459374009018,4.546842759658603,0.9119446393704056,234.46980906118037,1.3960647109107134,0.00010092456943250783
20316,-0.894170278059427,-7.11033817505334,4.03652215546439,1.0126267088939125,271.991470932498,1.6669380674720982,0.00010092939599457762
20317,-1.0226451691278076,-5.5419398608449635,1.034076199674247,1.741434302467462,369.03567734354624,1.1976377469820125,0.00010094259952853509
20318,-1.176691503125733,-12.981447922454638,4.544205891099324,1.8286690139407542,468.56845141157606,0.25437816308868655,0.00010095967402526835
20319,-1.9853414838501742,-6.67234404143207,0.7976581755304265,24.52813949540806,605.7220459464855,0.09373253850668206,0.00010096316959463177
20320,-4.682340072492862,-10.917137652722744,5.10298109116867,0.9152068450664353,467.8416432160417,0.2978683920835028,0.00010096506178242708
20321,-1.8720965795682503,-7.147548291961035,4.024597152423056,1.896290748180569,468.0880797764201,0.5055135351027031,0.00010096565339294564
20322,-0.8171553892921644,-5.6850718214132465,3.4267589720008425,1.8821349218535028,467.2872100065478,0.11981478200384377,0.00010096624437183503
20323,-1.2515976615096651,-5.708864621103663,3.4321200072423363,1.0372633735277608,281.34595140565193,1.5316510756673338,0.00010097039685528806
20324,-5.57839852428175,-11.341235943441134,5.002608057928805,3.4630214715117096,490.8114242107021,0.21282753307200153,0.00010097685686917963
20325,-2.923334034585576,-5.061799491562324,0.6260013068372078,1.8664141388632056,467.92082011558733,0.04072538601896625,0.00010097948768498587
20326,-0.5467285989808861,-12.510470074746062,4.551934300967586,1.051602089535337,206.633014710415,0.04553832116971002,0.00010098162276939149
20327,-1.2356648227588067,-5.364103630913108,3.3103476888308467,1.8633671054104801,447.4942727243829,0.15100590905454414,0.00010098978954831944
20328,-2.407038090128083,-8.407669382158563,5.075373102158958,0.99658968091207,217.41084319630625,0.1662830629663592,0.00010099162831652124
20329,-0.505313884883682,-8.676154898676636,0.1385044823054121,1.1124995584720865,467.5923058670388,0.5437169233829033,0.00010099269404686157
20330,-2.1811182159478975,-8.021592070843582,4.523996944461279,0.9134986628564224,183.36857643408095,0.6538983087965047,0.00010099757839268029
20331,-3.4172427381283432,-11.19154750282241,4.9985443280876725,1.0668202659172903,287.2814531849358,0.716650132475797,0.00010100580039146448
20332,-1.5111901348122814,-6.356695534541274,3.6494038027629023,0.8314084844591576,196.94038364398247,0.3139863265973206,0.00010100771406755556
20333,-0.541625117147861,-6.462934434886981,3.6855588937492603,3.4989247884356733,531.168846465765,0.7655878329063173,0.00010101523091809257
20334,-0.60666769281214,-5.508322899190591,3.3422044482526077,1.2813588880877014,278.6251555300636,0.7403198645384608,0.00010101675405607861
20335,-1.5250974456355575,-5.827788118031457,0.9827140795925494,1.5614964000700469,358.2624970923993,0.7246452770602447,0.00010102713915875369
20336,-1.0271784738233372,-12.696295983100903,4.54785213376186,1.1393210088728676,231.76775198130304,0.17293028169710123,0.00010103079624500645
20337,-0.40934475868464126,-7.4578979690622775,0.5505919054444678,0.909537760831466,467.6740568891073,0.31348602340980225,0.00010104004093929562
20338,-1.6109575432230336,-12.55106391157805,4.562550084354379,15.358020501193941,702.2035690672875,0.08489279431386976,0.00010104576828068516
20339,-2.042498739912439,-5.6473380411349146,3.3761261518540118,1.8713246682594549,449.6270759045691,0.5899816335369703,0.00010105445396815374
20340,-3.036484235741204,-5.026779468199874,0.6316279783856299,1.9653666258836373,394.71233105194716,1.1230179011794412,0.00010106952320612859
20341,-1.2664130995667637,-5.291534664993247,3.2930845713751156,1.1830942503907111,295.930094131598,0.7559918005152584,0.00010109220826427571
20342,-0.16869885559281173,-12.444804417665123,4.552090669756995,0.49747093406596204,114.51030217381218,0.29135084559661273,0.00010109995688059508
20343,-1.192436546560458,-6.218871117155083,0.9362615172953584,0.8298874068389772,223.66204521880243,0.8151180146406594,0.0001011161268461134
20344,-1.5741976947330159,-6.661945056333933,3.7590597176789946,1.2051443709274028,307.75465832815763,0.5464785202012941,0.0001011173191667101
20345,-7.978690052809575,-12.019404480747585,2.80792437245959,1.195972407605227,467.2896192057218,0.35188918865306107,0.00010111892763608218
20346,-1.098296369172587,-6.6140789337597,3.719796849729777,1.2993622057274268,467.9282268571862,0.5459655043922824,0.00010112268593376305
20347,-1.5958857026556466,-7.557772880553069,4.267803790896959,0.7165436650420159,146.1920335480758,0.2026064882532923,0.00010114816863206953
20348,-0.06602287756004088,-8.370579913683311,4.658060437657543,0.9187569338029661,467.2625260741377,0.6239073552349712,0.0001011497460455979
20349,-0.8574816278520778,-5.786401267730081,3.447504607440541,7.737419355580617,451.38130575115537,0.1101963812046316,0.00010115053540890594
20350,-1.1408619436965637,-12.767993130275801,4.545282458267299,1.8198447045032036,384.0647567878096,2.010136756540941,0.00010115771154083943
20351,-8.235715174612169,-10.65979268091127,1.8207941069400755,0.8920556245644786,467.4835630941397,0.7894788969955195,0.00010115896864368638
20352,-1.6641160085228375,-6.871379824738099,3.867040776896786,1.1465956832593016,261.53150381118303,0.591480003292788,0.00010116072986769535
20353,-1.7259727050206628,-12.00361941785335,4.597591288771739,1.5886074343981957,368.94691165144593,0.1567606137706079,0.00010116291883016434
20354,-1.270981584157587,-6.79012204391359,0.7618013122868256,0.6848397074380442,138.2916020187148,0.7270348711854764,0.00010116765694201134
20355,-7.2150695980527235,-12.995256374811778,4.2250060526104605,1.1350267627868451,235.2175659090216,0.5679958736644624,0.00010118878602502905
20356,-2.1214980835332042,-7.050611091053647,0.7411922094024599,3.8859489535404763,550.873986061395,0.47152299597117775,0.00010119590665623957
20357,-4.024322340716113,-5.687244894126094,0.2765905024992605,0.8070985444900763,164.0484753620115,0.8126519389690143,0.00010119904824470225
20358,-0.45689305418543213,-10.569292896862365,4.668188840413451,2.046177795992538,406.4175831410414,0.3876465666130784,0.00010120067670245344
20359,-1.157289622539956,-10.511360746060578,4.646795525151553,1.8494722007637594,468.4437325711227,0.689100613983963,0.00010123390957095904
20360,-4.680438277835778,-5.772478689533028,0.04707878232290179,0.7093702918838635,190.0677155165612,0.7880106031065779,0.00010123685747904551
20361,-1.10597550716221,-12.704552608549767,4.545318831443905,1.2226286261172299,247.18148616014133,0.01844915671637981,0.00010125562450635039
20362,-0.8374104213872453,-6.439249888462711,3.6710309392119584,0.5087052584275489,127.84473617919194,1.0626843523938065,0.00010127256083032199
20363,-8.660834094776959,-9.298260672677424,2.135747182583798,1.1315313633660826,466.20109623346247,0.08445621991550833,0.00010127352391320186
20364,-1.0016665137958043,-6.143736991403211,3.488741811713457,5.158150769403773,632.5956256375478,0.7364867759297118,0.00010129383102042703
20365,-0.5376506132598298,-7.820463053467459,4.426896253572072,1.1474928752419897,290.2498569754919,1.0283270364316754,0.00010129413047082511
20366,-0.9128986547827793,-5.626575613748556,3.36572984635687,1.4171647400836147,304.46955131244624,0.13909510179915952,0.00010129436088249256
20367,-9.81856123548482,-7.517802351156062,3.77696131624451,1.2086425311942344,467.77957542234543,0.18626763619688358,0.00010129787051469246
20368,-0.25238403105069906,-10.916811605362993,4.622219236800368,0.5525824371985457,123.79458017764107,0.15023994673452012,0.00010129842402905977
20369,-0.423567270707494,-7.576877486665509,4.2764038047763675,1.8677713067595296,469.476089903761,0.136546745882292,0.00010130557387956444
20370,-1.3271005873452744,-8.597001628127797,4.702862249008118,1.1238511390971762,296.56590182832946,0.7076213480554685,0.00010130596418102249
20371,-8.481388973016305,-8.654266480590723,4.406979472914484,1.1233924880558546,359.5643642919311,0.9447138528198602,0.00010131094973907824
20372,-0.542640936138616,-6.037639285066847,3.5209834703326988,1.302238324263376,468.0486639712875,0.8957576232420452,0.00010132217016444603
20373,-2.102088831875678,-7.448841828839927,0.5423308222780903,0.9052898656827073,469.7688848256612,0.08762790917950536,0.00010132331440201318
20374,-2.3938928539654345,-6.097367969145025,3.487329655802822,0.8259518376817048,137.35412155400692,0.2351276600454817,0.00010132378326317691
20375,-0.07732453843617293,-12.984956709118572,4.581961818151444,0.7508911179552605,467.9097055194669,0.29576557838571116,0.00010133784473664962
20376,-1.8396322165709726,-10.656206563182195,4.634063208143091,1.265307839002859,286.30997035750784,0.41903796201236165,0.00010134005397694539
20377,-1.9957958561062465,-6.620460695726557,3.719154443125982,4.004861544315934,569.4777314050101,1.01315807954259,0.00010134440787044533
20378,-1.1811240031922647,-10.874796920253626,4.629490934843615,1.8041739377405495,467.9477933067463,0.5209433665078835,0.00010134537379680303
20379,-0.18917238024966032,-11.902183401309685,4.598876618575524,1.0183154462427753,259.9275074432979,1.240675740010869,0.00010134780164209375
20380,-0.49832392664468017,-10.086203019697589,4.712497231001615,1.7892917531405128,426.65599160076977,0.48162401255313636,0.00010135764021162524
20381,-0.21445992963480975,-8.987518450466862,0.04027713003507448,1.8859311514347203,461.244838630903,0.5720247666783322,0.00010136162500935737
20382,-4.486282486290217,-10.808585299040676,5.135630522409817,0.5341665624535312,114.92738081468377,0.10511369581985885,0.00010136210111277388
20383,-1.269536175784939,-8.091989244503646,0.33728344319385184,1.7775582879733287,423.78438239495006,0.6207758783296891,0.00010136423718669731
20384,-1.1937697426280565,-6.649268548889717,0.85571454937273,0.9182830795963821,203.17941093403059,0.6372869359281639,0.00010137379096766937
20385,-9.777995538584605e-05,-7.735614338278775,0.493252844031258,1.1384391469082067,293.3135963186515,0.5004922202092148,0.00010138059980909685
20386,-9.410558037851366,-6.2800743553786536,0.9077035931275312,1.4792893178703501,289.8773678153449,0.33233953217983725,0.00010138259426382737
20387,-2.037098244486483,-5.6024584318005495,1.0454285077169443,0.7527232515539293,153.36531691429033,0.20969154614266916,0.00010138792073529492
20388,-5.833116160143123,-11.831924427291646,4.9068294481970955,1.8597024730457965,467.4157960063064,0.516880428844714,0.00010139456799446873
20389,-2.0299520819412384,-12.9488668436034,4.582121460967964,4.123698760921466,495.08486796487057,0.09621255209424007,0.00010142523092769873
20390,-4.007522423339111,-11.619632349907674,4.908430582968457,1.7328740845321788,468.4732914487046,0.8011096934117825,0.00010143414320994032
20391,-2.337901940890297,-7.065667189448146,0.6385330421433026,1.8631302607470825,453.11904257571354,0.5131346098295939,0.00010144371948780257
20392,-1.3312756597469448,-5.61159253642928,1.0357140875587898,3.756983981741191,539.8115110906804,0.39129874731192604,0.00010144938905910276
20393,-4.32941049150243,-5.2829917257467836,4.8172161725545415,1.2301529762707966,293.21703222586234,0.5618500314895556,0.0001014517760618246
20394,-1.818062361154043,-5.744845389124342,3.4308419857199954,3.787965213105768,543.4459129605767,0.31619612206733105,0.00010147137061630738
20395,-1.5362300014138732,-6.227885588053765,3.584531761472023,1.6727390377280158,392.40878331860813,0.3712599740008047,0.00010147815083051493
20396,-1.831366868189468,-8.314984240234079,0.24887597452474589,0.7456358549587392,165.74879354817816,0.18263193507153108,0.00010148816354656753
20397,-2.0155846574151575,-11.604640721787398,4.608494439942031,2.8787178197805368,488.9532022361233,1.4964763759522732,0.00010148859887942126
20398,-0.4943845776522764,-5.767555288596827,1.0181880378029289,3.0771406162511075,505.9601423157291,1.5685601057717573,0.00010149759369339813
20399,-1.7735808159295825,-10.697772763271221,4.655198399070619,0.8734889318058816,241.46762426558325,1.1168377632970143,0.0001014987378611803
20400,-1.083395265052765,-5.341117348200105,3.2694863189911554,0.9492460495734913,467.5316806401528,0.27319102540754336,0.0001015065109942839
20401,-0.09561887304531247,-8.015486769843356,0.41746918680278083,2.5750046761236094,453.8132976880728,0.8287249615030037,0.00010151262095777686
20402,-2.012238342855807,-10.17561122218587,4.70210053515659,1.9162593813659554,395.25896036198816,1.787939234629703,0.00010151430618689413
20403,-1.6972964628238678,-7.739829224359988,4.39033876744498,0.5391829417806592,174.47741875918177,0.2675231110187566,0.00010151608422911077
20404,-0.19494023994534437,-11.656606070127065,4.605596667690729,0.8496033865713577,237.66718312812645,0.4442755033145831,0.00010156320805156783
20405,-0.35757314529755213,-12.792530874107923,4.540400810971827,1.7959549866028999,468.288841980578,0.6603984441086661,0.00010157958744431391
20406,-2.812801267228508,-6.224902796592882,0.3045395778993504,1.9642151405240373,401.4769392717816,2.139594498462709,0.00010160484010945058
20407,-1.8933982405704484,-8.458213127913027,0.21160825485940712,0.9040383616011342,468.0582637611195,0.7070914176962875,0.0001016204198041402
20408,-0.26374721611168006,-6.255644314694643,0.9244476429021994,0.6824076028635244,467.5420351835773,0.4776025466551408,0.00010162455441561186
20409,-1.1845592557231104,-8.022903356638725,0.382317732840821,1.1820328501079862,303.8176705626918,0.40654802333062445,0.00010163424609866113
20410,-2.2062125249199074,-12.021514115244857,4.6866376713391675,0.680508922777195,207.19138891210835,1.3928461249980826,0.0001016536595541581
20411,-4.221756035589845,-12.702080164294644,4.78775625365362,1.1320407872219966,203.21199631803898,0.10827737992291553,0.000101654565683101
20412,-0.9354308357005934,-9.643675515656232,4.722943635176219,1.7406694079615688,412.0316269106866,0.3031504605803841,0.00010166684521940019
20413,-2.241192602189609,-8.055644388602051,0.31968426521267607,0.8321552630758161,469.4397682741276,0.00037725248451625504,0.00010167100067540084
20414,-2.8000999709467393,-5.0938007213758585,0.6847125005301776,0.986998637276965,271.4228298125676,1.2168984040787922,0.00010167111996790415
20415,-0.04008359055430688,-7.150026408321832,0.6632500642920638,0.977100621902555,266.70442566419797,1.0622704654412134,0.00010167283979453633
20416,-8.401669199094721,-9.692658508596658,2.843543363713764,2.2815605119730282,427.8955847715237,0.8155604908916727,0.00010167754142905852
20417,-0.6300232341982728,-7.868845536362025,4.446140051306135,0.851706627526464,221.09145218545083,0.5763078801659729,0.00010168532007600299
20418,-1.999611147411219,-6.689030623419424,3.7291667657946657,1.3777121973666027,298.75714034666134,0.3464671484992552,0.00010169296876378865
20419,-2.637006482110918,-5.1614933297031245,0.8314908799551498,0.9781967066354341,271.4778981117761,1.1727398184967246,0.00010169306367972927
20420,-8.19527068252894,-8.863195908025011,4.674160951928329,1.6130626996666149,468.7691997566606,0.8862947151011165,0.00010171386231867563
20421,-1.7213881153632329,-5.622840416799051,1.0033780142828284,3.0578898471488287,504.70777152170473,1.6673495221573598,0.00010172337850313881
20422,-9.946387027043079,-7.158114824274436,4.1388748953371675,1.0569535738373195,213.06385228454482,0.04393837787557242,0.00010172834607545876
20423,-0.9189789520133527,-11.396428974578095,4.567365991324414,0.6900681840111277,147.5793876386516,0.34578715357360945,0.00010173679392960214
20424,-0.5899993782313722,-8.878217436444094,4.731419831837383,2.4923220118046436,436.31098124242266,0.33507513627802954,0.00010174694084990108
20425,-0.5388249880531717,-10.551471033136123,4.638304342978535,1.5263626973129496,352.7022629659245,0.7508322822177371,0.0001017533803406921
20426,-0.6634252295029466,-5.718096619129253,1.0746287791669598,0.8738903750671416,468.4940588054445,0.49509470430158853,0.00010175351960770148
20427,-0.02805428202832161,-6.724850308602897,3.780426149038711,2.354594229272752,443.36431128931457,2.0801735391952514,0.00010175811841191395
20428,-3.4717044816814404,-5.04129036614483,4.454344667062245,1.6179473894664083,468.5876264566296,0.7490850039428807,0.00010176505744222697
20429,-1.9192164455055778,-6.202308341694749,3.569762815730008,1.7867129340002752,444.06348593572267,0.8706415802587495,0.00010177712424714377
20430,-1.8685448716223458,-5.881963514461807,1.0291477620789191,1.2763967977744137,318.73856591148325,0.4212465517853188,0.00010178927872534361
20431,-3.878310333873239,-5.509210817498573,0.3762486034746905,1.5803471728090566,467.95034825358385,0.5779666578415394,0.00010179010943938019
20432,-3.045003450842538,-5.002606025836083,0.7164227319973582,1.0203314351308785,266.5573440914557,1.0306389203321524,0.00010179128529018585
20433,-1.7031172741583092,-10.494441633207058,4.642231821846125,1.1192703875147851,292.2369926446275,1.0944920208608817,0.0001018363644919558
20434,-0.7642353995340123,-6.693986029613388,0.8277913452527037,0.7955601711270321,467.2616666766779,0.34273999560271395,0.00010184066243550004
20435,-0.3893473662424505,-12.730996977288765,4.538585585615382,1.0796650272876778,468.5791050066632,0.6506331977554245,0.00010184742788756046
20436,-6.709755118459899,-12.327063485650504,4.6622327757696125,1.36659399802503,327.6400881802256,0.3094640948557652,0.00010185725570708343
20437,-8.54249249179857,-8.134116764489967,5.121755750148076,1.3617135813447199,468.06929348983243,0.3106577326684148,0.00010185956624864045
20438,-2.0215958129715634,-7.181939913380493,4.062513364989215,0.6335410293109996,197.12419934156193,1.087110410373846,0.00010186360125650857
20439,-8.169822685031164,-9.776639021427533,3.5443117339740247,1.8115650618167818,468.02183474588696,0.34450169943453357,0.00010187383515561657
20440,-1.4916873657340908,-11.89051502039336,4.582557934994031,1.0740538643732565,468.88459584676787,0.5712829456348762,0.0001018748572124636
20441,-0.8934178804582018,-11.812854262707983,4.591185187262151,1.059931230985773,284.30895121649496,0.7975783869107023,0.00010188091374305836
20442,-0.8469868789431914,-8.267377819138481,0.30206419716878274,2.0101219959854983,406.88791477552434,2.1725106486111887,0.00010188162123448606
20443,-2.973734996485571,-6.061418486122131,0.3672877000267949,1.8236925460922753,467.8579125182427,0.20928752940511686,0.00010189362435969015
20444,-1.8218011537886483,-7.170531093691231,0.7108105896972623,1.331654458851435,468.32045345055394,0.5060952412981017,0.00010189667681625201
20445,-0.38226821121185317,-5.333971902625083,3.2587248767071095,0.9864240400177146,257.33988510318915,1.4424157351587548,0.00010191365115926048
20446,-0.786099913253258,-7.203665479664153,0.6739885675646717,0.9678821577014476,242.4032523264447,1.0388731463839216,0.00010192229648454055
20447,-0.553208350854824,-7.484706905234571,0.5969507229548157,0.8176003518995574,195.39668082045426,1.0813701857807567,0.00010192295751191241
20448,-4.232862757292949,-5.092608740844103,4.693195471562816,0.8563658000567262,166.3252213184688,0.03330482692828429,0.00010192714517259415
20449,-0.5106596767904659,-7.322552704282132,4.142690881525311,0.9020653311021126,467.9874370816062,0.36233038696310427,0.00010193216484485592
20450,-1.7554904182411928,-7.048433751858699,0.7291563152223326,1.0800889101016184,468.3575533021447,0.5202320716935214,0.00010194597181663965
20451,-0.1183166425259472,-12.890453238493182,4.53491584621616,1.5986551921222858,367.30549924397855,0.2053676963764426,0.0001019540536488987
20452,-0.7008461477367085,-6.395007553753534,0.918829226166025,1.1289589310651835,291.77198560623833,1.2281290795077116,0.00010195588301434076
20453,-2.100284190132448,-12.19149105208921,4.549341744975934,3.6898269892391014,242.17340081281588,0.34856416207226637,0.00010195822065563659
20454,-1.1871656188132462,-8.804784815762837,0.09001200971186528,1.7849423541776779,358.582661164018,0.5871578242975533,0.00010196293027117323
20455,-0.05091573257794835,-5.092882618601527,1.1578699623298034,2.518048867448386,459.81112942027244,2.4243930474790094,0.00010196485573726854
20456,-1.1257877117516646,-8.39453505975439,4.656313553507983,1.658904552500375,468.10054934097485,0.5520639836951036,0.00010197421853359208
20457,-8.692008862502108,-8.741545462444378,3.735221996005355,5.1568567923503235,632.4384362603264,0.7303619953617568,0.00010197573822695969
20458,-0.918270283307967,-7.439766954601641,4.2140268614127026,0.8579365509533713,468.7084234374251,0.21444559799541807,0.00010198986923905418
20459,-3.7548607326169083,-6.055927098077139,0.09695116654295627,0.9804031436870646,348.14739388495974,0.11059784864581257,0.00010199238077309664
20460,-0.1724659756378326,-5.899746797849202,0.9695810940518184,1.952705600172946,398.8212004416062,1.8280002408849718,0.00010199661866569484
20461,-2.382264494921845,-6.3404239213745806,0.9039390104684093,1.6067446990424537,343.8980397096096,0.8831945281643643,0.000102004898766065
20462,-0.5527791246030862,-6.729418459645785,0.832946685228189,0.9233941456800175,192.5202682155219,0.5907162614369392,0.000102011881792569
20463,-6.3731540049319,-10.658017312481231,5.1548991617698405,1.1510299753179143,222.64520656281096,0.4918353607506569,0.00010201438682522446
20464,-2.848968957391582,-6.855787226525441,0.16054587250483857,1.85205532934629,468.36358718259663,0.5226458933792548,0.00010203261601452124
20465,-8.088666206448353,-11.925321705607779,2.02059237505433,1.035136699672934,467.1660897878968,0.10277889598389489,0.00010203903396222405
20466,-2.5530926132848197,-5.427522529768275,3.2648657505819165,1.8818824161296424,452.5420259819201,0.4567350706004989,0.00010204635062751203
20467,-3.013905188612859,-11.79270717950368,5.182175532219303,0.9765369487445056,272.1138416863149,1.469243934298052,0.000102047440538333
20468,-0.868877101545209,-7.53138448596594,0.5451148913020216,0.8495876487333748,467.69977909820284,0.19162466614942364,0.00010204888510287174
20469,-1.7275668300420985,-7.705209279647031,0.49420521082279273,1.1075105173436752,278.99653669704213,0.09678252068568227,0.00010205396731404685
20470,-2.0010187508030324,-11.75723012850009,4.585503562745938,0.7541360123173535,174.69056629654744,0.5989122745873603,0.00010205504816820384
20471,-0.4198007216786692,-5.297623465871485,3.2787990415181514,1.6813174849975219,392.3285643973172,0.19396382612638874,0.00010205809241797684
20472,-0.686997095357599,-5.754548132698313,1.0757189171252788,0.5021618152018118,128.82275601745366,1.1083148550480013,0.00010206127978076062
20473,-2.526186050610689,-7.00736464755181,4.332086503987332,1.0744556955955973,154.70827188853858,0.22780199845375826,0.00010207154766136906
20474,-1.1348533274153656,-12.231534583167887,4.56376207537443,0.6387207371714336,186.8971064247338,1.183504621871827,0.00010207198810774927
20475,-2.7523828897004456,-5.073925923799273,3.3230395116087,0.7274410108598979,467.7105949051317,0.3432035449893549,0.00010208343286735938
20476,-1.6281644614617612,-12.53184127119858,4.539696881605878,9.293812647199987,537.2991174316109,0.05102901945075189,0.00010209711301647135
20477,-1.329303240098671,-7.257918361433558,4.10256638022381,2.071350663740732,405.6873463517795,1.079595593195843,0.00010213253324385229
20478,-3.244190617849762,-12.446082794159109,4.826591760957399,1.12148193548394,293.5602797953169,1.3204797793270995,0.00010213273254473099
20479,-0.9782932296722251,-11.702953995851896,4.588903959440129,0.9733859391921086,466.9601811936546,0.5753314651376185,0.00010214486027197581
20480,-1.4352175691956823,-8.635399124180449,0.19294291928304425,0.9717488355376477,271.3651253513922,1.834935323477839,0.00010216203075381837
20481,-0.7030837244880637,-5.994772925301144,1.0546503422909277,2.4555987024972814,447.9757225801149,1.218487589959767,0.00010217697509686474
20482,-3.0040710606214525,-6.704228787833756,0.14720520277984933,1.3704778965468536,468.2057701281226,0.6843771725683405,0.00010218210724550492
20483,-1.176974405791528,-5.768710523750629,0.9929728526083045,0.8669265285937844,250.74040085722964,1.6196892172259325,0.000102188709507471
20484,-0.19250507912343018,-11.629096569871283,4.600336791643926,0.5029082464361521,124.43926997746514,0.7566362531984128,0.00010219214585793718
20485,-1.5813407974959048,-7.166684717853929,0.6821802035966485,0.5003277059630896,106.20024906020578,0.15425241638727183,0.000102238298023138
20486,-4.495391791062335,-5.0939823899404,0.3566368413521547,2.1984346571683364,427.6876252919458,2.239136843056013,0.00010224416069861684
20487,-8.454395303227269,-8.265702832024978,5.076939739112092,9.408942028627397,697.1362520811559,0.17882617297420467,0.0001022502286977941
20488,-3.9832051435239313,-5.076241411235468,4.480811030045901,1.5557315719371578,353.8530181306674,1.0625800450344887,0.00010225808960953176
20489,-0.6705917186226831,-6.324490295696862,3.6078341691277678,1.2021415988563113,291.6999615218026,1.0438904521536534,0.00010226049868397283
20490,-0.31672489569238493,-8.652945491651778,4.704050996705527,0.745073528993022,219.23198823160172,0.22572338468807907,0.00010226341091751598
20491,-0.32462337894825843,-11.706486908312876,4.5911019477016355,1.4825529217471196,352.71148243620604,0.4324065396388921,0.00010228014783867811
20492,-1.4827203421809845,-7.568667446809371,0.5357278827574977,1.721074806709836,358.190269107717,0.8535946124829978,0.00010229442568692445
20493,-1.1656324342901812,-8.04149669569001,4.517929047571625,1.42157249824857,329.48270404566307,0.22779473468498512,0.00010230646898099098
20494,-1.7865626493069566,-12.77451203757319,4.5589065736406225,1.0021332141723678,260.4622398958052,0.6962968506366431,0.00010230713615071239
20495,-1.126206606937961,-8.317388804374074,0.29207542647475726,1.4337576264744736,338.4136416363627,0.3789427695081118,0.00010230757618979689
20496,-1.2697238787200273,-6.280605858916043,3.5894186543113475,1.8649912252365353,467.70729007335933,0.43524778945363085,0.00010231633445962085
20497,-9.538255481557687,-6.187294744942336,1.269345045035897,1.279287761567251,286.5236605202493,0.14996407299590064,0.00010233060071270961
20498,-1.9281603020984512,-7.742982897242106,0.47401079508915733,1.190167370573726,468.0274416944861,0.38045786335536835,0.00010233475686385861
20499,-7.711844604594573,-11.161708629824961,3.734407469521411,2.1977392266354863,424.0388514026708,1.5379014158550524,0.00010234146903645292
20500,-4.675392077029451,-5.1374643531957185,0.25858670813945944,0.7991913327858307,213.6296721447046,0.0973094552751439,0.00010234728006512945
20501,-2.2614096822901537,-5.095666595549047,1.130094672794942,1.8732574619136235,467.8918882720169,0.04353659524195219,0.00010235064190878738
20502,-2.1498063261413307,-5.0230322432548515,1.1344810769813705,1.234035804929038,259.37841188897585,0.05383769701464658,0.00010235305582630133
20503,-2.3250552000881752,-5.678042605201456,3.3794109737019413,0.6349934837325235,133.3308765295727,0.052856904974794894,0.00010235857817402864
20504,-2.7641239746193467,-5.824842344642525,4.0458756898210595,1.652662465988059,388.50161307242024,0.7843180879577032,0.00010236198825876786
20505,-2.2271451613712294,-5.996951997155454,1.0119618550253426,1.682868585467608,396.797665766191,0.4575463563225197,0.00010238308445355381
20506,-1.5332554904524933,-11.091036435056406,4.613264318643365,1.7723697723135088,467.58915031728225,0.4179783861343713,0.00010238588406865233
20507,-0.628331446210721,-12.865201571989934,4.53068130198484,0.997264047946198,198.4085135199975,0.12174512601916021,0.0001023893168041461
20508,-1.5436641389071344,-8.51715265341545,4.650436961555659,0.9636463333202812,189.33362690835804,0.018922674273155415,0.00010239705145396735
20509,-0.4300955315195836,-5.790591177573361,1.077631624502611,0.8576223832881856,467.81570743791775,0.5810577830834651,0.0001024012433187417
20510,-2.4489839710831998,-7.328369561096582,4.4220118190750615,1.6154482899795006,467.83043588176594,0.4479600196339524,0.00010240194092185197
20511,-1.4434056384064569,-12.32665056931155,4.541085670621768,1.0360877159385227,275.97824440951325,0.8585194832354777,0.0001024073633748613
20512,-1.0430395879273497,-6.183264804092048,0.9080164426466623,0.8833012246682326,468.26345254088454,0.5686537406072061,0.00010240844084615781
20513,-1.2388058254947758,-7.53437326639229,0.5365210534461803,1.0059488488473716,468.1301010400035,0.2717820020333601,0.00010244413646443608
20514,-0.29065470793687176,-9.521322659886442,4.723146776066814,1.535689566465803,163.12997644484685,0.40866606134887196,0.00010244501023978145
20515,-0.6392575751802365,-11.833655696855956,4.561211481891096,0.7214940188970559,169.54103901762798,0.007497644798318603,0.00010244787516528935
20516,-1.9249463793720967,-6.291452935945044,3.5911976821433247,0.8506449676286665,219.52765654707466,0.6429877291723818,0.00010245204981541098
20517,-1.9959004499590112,-8.345708183177807,0.2912623001568574,1.7024226596618086,403.33688432909094,0.24482456523636387,0.00010246195260556707
20518,-0.5214274328526187,-6.720521042753954,0.8129306297756037,0.8795612260254224,468.62100614540543,0.8584501360798695,0.00010246777868823898
20519,-3.395361461360144,-5.128672719880261,0.5666369993214531,0.9223652484161989,467.650304907638,0.5941431976475764,0.00010248771305793016
20520,-4.029672730886301,-11.216546842676525,4.994107721757513,1.86651533604959,467.56004966722463,0.5408522697556046,0.00010249266588190512
20521,-1.411117591988452,-5.701995078328707,3.361082234116699,3.5267075686340728,533.5260939930998,0.7877438583315319,0.00010249426222170333
20522,-0.6048694573502384,-10.349393981540677,4.673908509001211,0.8769460404562038,467.53869002801093,0.6760449938245481,0.0001024976408073769
20523,-0.1054493520423172,-8.540636288854795,4.686720269739917,4.554625530098768,593.2336650110786,0.41433889373100463,0.0001025044369648917
20524,-2.225978353910893,-12.780132082030072,4.665175856913284,2.3582462984438735,442.93249059394014,1.9611188403656632,0.00010250738209032502
20525,-3.9065062705257683,-5.534541002158972,0.32900233302780435,0.8386153817600355,468.0733937890936,0.5395462729122968,0.00010251524701994506
20526,-1.137405038946513,-6.230666517941787,3.5668856768285053,0.9665603699570312,265.18886562184645,0.6808380767219147,0.00010251611664842622
20527,-3.7022222457447675,-5.564607400762968,4.996068551304251,1.3795883514366414,331.5772309930377,0.5020701340435894,0.00010252200734109352
20528,-1.7466980063574038,-8.304198767159647,0.26289459313807945,0.9011488615005651,466.30076968332605,0.5823407389122384,0.00010252247045047246
20529,-1.3605864707284816,-11.53948761127981,4.600789769066738,0.7621167727004458,160.38048013903557,0.031453857694885734,0.00010252560188534286
20530,-0.8402962960205453,-8.972966167548357,4.725982212988284,1.5976553220872558,357.13835661834304,1.0927156356886156,0.00010253542538404133
20531,-1.3420825136205838,-5.927843147719327,1.0275608020033904,1.8856130970290064,384.6032053472114,1.006224459810495,0.00010253908144422088
20532,-1.0493079513563934,-5.398716577319641,3.2839476185767875,2.012559771475227,406.1978282397123,1.949621885379412,0.00010255058804214781
20533,-7.923824406640101,-12.590528918118498,2.9099063453340883,1.3095758754661204,322.30256169398274,1.2908953399251493,0.00010255269826442752
20534,-1.1457803865635494,-9.153086263788241,0.0016076134918841243,0.8797973833456945,237.630277661794,1.2625029439105813,0.00010255484836973648
20535,-1.3405115594258703,-7.301073951846288,4.121590348341026,1.5763397500867056,211.24804594970868,0.4428396417664153,0.00010256907339432256
20536,-0.9645279366569124,-8.12724609919239,4.550033704864985,1.7905828607903873,468.3542267128727,0.5190920236992804,0.00010257359059770779
20537,-0.23012111629416765,-6.860138880279894,3.8388554002754507,1.7119299874566574,468.4425411475352,0.25431363512722793,0.0001025807498868521
20538,-2.8133178631206324,-5.066029475632204,3.3535273094079137,0.9044109813846791,468.7065203789359,0.5618580946727194,0.00010258900030116563
20539,-1.341754265618647,-11.625430489693722,4.5852378012082795,1.8482822776216912,468.6134250087318,0.49361485648048387,0.00010259051069127772
20540,-0.5634192372304199,-5.8439374591298066,3.39114191095687,1.8320121771678255,436.9670182951512,0.5053141716508645,0.00010260017178865523
20541,-1.9947973283875893,-5.7523188367623765,0.9965168039975041,1.391025254940799,157.5711696853134,0.27072723315522573,0.00010261666727292499
20542,-2.177281912622001,-8.11572795203012,0.3116417527461019,1.0756917643234154,282.6125864129917,1.288739029043236,0.00010261845214504718
20543,-1.4195261393022154,-5.819137261701318,0.9939973907259472,1.2732378996234825,274.1593243664579,0.11922497014924982,0.0001026185074873113
20544,-2.71471135540862,-6.985429306298253,0.1639681113044772,0.9267617779722216,212.7590086332829,0.45330215187369394,0.0001026281338364426
20545,-2.7092843697949007,-5.512545738516114,3.493764235374783,1.0231383731799912,252.7089492620765,0.12538865379637265,0.00010262816695651726
20546,-2.315289251941172,-7.535871520289211,0.5239950499199871,1.870926242366627,466.9514450668525,0.16201036512266587,0.00010262871946508424
20547,-1.8038984856682347,-11.559350248228444,4.593689707665026,0.9645801312474755,188.00646144497418,0.1362346503754246,0.00010263090309750249
20548,-2.3275294378245057,-7.649805562239472,0.44226961388995745,1.2199673877868658,305.0893396140602,1.6607700017335079,0.00010263539795813534
20549,-8.153996901575972,-8.63260045673497,5.077431991552414,0.78780709310769,199.6394361342721,0.7307295136040386,0.00010264456929982065
20550,-0.8857909476115928,-6.851788732371108,0.7695842407825686,1.854400698285201,467.4891212706575,0.627322120941086,0.00010264861721278375
20551,-1.030595526719015,-12.592019864675219,4.574954204681498,13.705865839189347,383.9506241526228,0.3066921062988266,0.00010265362831771053
20552,-1.6272410652994722,-9.367298961656138,4.749774203845969,0.9571055819001553,468.18804439979897,0.8111198835618874,0.00010266358836451355
20553,-1.7525660807853747,-5.43509018780075,3.2896219364447292,1.0204792213886145,208.35387429559637,0.20904054362586066,0.00010266817997297409
20554,-1.5996031886073432,-5.547023231585416,3.3163018238535167,1.8035784571406333,469.3319588236538,0.039229990399202386,0.00010267672000891069
20555,-2.263424214768067,-7.42246020071639,0.6043592723472928,1.7656378801654113,417.0760141219626,0.1734804378556154,0.00010268570962860281
20556,-0.4806210447242254,-10.025135992470663,4.695104654306303,1.0312087833234047,278.5892680329165,1.5300394052008661,0.00010269233184902104
20557,-8.050212180451812,-12.709183609564738,2.1513299827390653,1.1264999571848713,244.41137809973702,0.02524292062537814,0.0001027101365371866
20558,-9.530881475010293,-6.511920077851031,5.173678318855732,1.9067668409854506,468.5086056407068,0.6531288380452089,0.00010272055986251662
20559,-0.6942614387190673,-8.733584975658518,4.7122333315738745,1.2264529304390492,260.90576960616875,0.05801382421204959,0.00010272440056392455
20560,-1.636460940089087,-5.842125150188816,3.4322215018801012,3.7126576861713576,547.4725836699844,0.8195205035281914,0.00010272681524654122
20561,-0.4858762789698883,-5.130155657987645,1.1086258921850423,1.0027573622758883,467.31397897057735,0.07817817352352563,0.00010273400595914017
20562,-0.5775285708634144,-5.032462674512763,3.1826542222093184,0.8241167605733108,218.46548982956543,1.0185837670842357,0.00010274670405952376
20563,-2.3793908663357914,-5.14409165109934,1.1661604689425666,1.1087007934582735,266.46524480286485,0.8163474995115498,0.0001027581276444379
20564,-6.335889929260055,-10.851092435711072,5.085213001022015,2.550431593986936,462.69776823570425,2.360340492460435,0.00010276540352713445
20565,-0.23235251881320984,-6.491418958987325,0.8596289074934866,1.1591966350130862,297.56810832273885,0.8619755593015537,0.0001027734055405381
20566,-9.98713803463496,-6.704246439644006,4.460302910524208,4.590143099034719,421.35837024601875,0.026393514538471052,0.0001027800703664535
20567,-7.3391516050616445,-10.87078554969744,4.4116849881534606,0.6600108850418177,467.79731194974363,0.42052910726485937,0.0001027808073586968
20568,-7.192586618318986,-10.995616042645715,4.535588369979401,1.8360551789428659,440.64722995277924,0.7334956172799201,0.00010278829495598597
20569,-4.309304235049956,-5.277855290403102,4.80771179224618,0.923070363095413,467.9880881949875,0.5809604403906841,0.00010279686764571338
20570,-5.676724228560959,-11.216008557160393,5.028817200281945,0.9622279677005189,268.7218247482278,1.6231430956283361,0.00010280498192958307
20571,-2.309728857782477,-12.395983576185085,4.732812946088032,0.9950235180528796,468.8680827760569,0.6420148231525227,0.00010281054022714283
20572,-0.48108156006582625,-7.0830413719644305,3.950210557354136,2.629189913704023,469.8819814114509,2.353093573678896,0.00010281183346437101
20573,-1.8774372209056018,-11.599424843473408,4.584063047286629,1.2877019137105334,303.93769704042086,1.1827531677875944,0.00010281596047490089
20574,-0.6372901704865104,-10.006462096259781,4.6955128239699535,1.6751827974604263,393.9118109442317,0.3877179915871869,0.000102817842571241
20575,-1.4470160394216958,-5.0645119533563925,3.1780181960080007,1.0360575973575732,205.97118816709374,0.3419539379929697,0.00010282273438199829
20576,-0.007689363839599395,-7.599928090284029,0.5296330529117604,0.8941704902913308,240.87046654600402,0.577161326000514,0.0001028287008381918
20577,-1.7638570943592597,-8.676023593718563,0.11652368805146139,1.6460773869131895,355.12044155116445,0.7780908778526738,0.00010282944623532477
20578,-0.9613850166450959,-12.307690392817426,4.578717562410965,1.2760548182092208,467.97524920259093,0.6072735739722193,0.00010285274566503384
20579,-2.610190104042327,-5.739405633742488,3.4313866448539434,0.6784111290748942,163.12388188938047,0.8727889071709756,0.00010286510404574278
20580,-0.3268182305092395,-9.066932022180687,4.74871641209541,0.9402306497460505,467.8038993889434,0.2980086348014259,0.00010287797193460185
20581,-9.22842631563541,-7.753480448290605,4.449016209693996,1.0315010771845585,467.54873335005243,0.6668608298266312,0.0001028971883941546
20582,-0.1174321190562182,-6.869838255843618,0.8496994699398995,1.8992634950784666,379.88316442864607,0.6890576286442007,0.00010292081693115912
20583,-0.6987706838544288,-11.54945867828308,4.587426088332187,0.5751696910984705,147.65996036210348,0.15778069552340046,0.00010292569509431291
20584,-1.3530622935838998,-5.835620016227882,1.005011865346603,1.1366331503388791,234.91879153900672,0.016644586995748334,0.00010293793638656988
20585,-7.978333217627172,-10.488762357383301,3.4367707020669154,2.9087041025599447,489.96584798421577,1.196885360223063,0.00010294602059607334
20586,-2.1953401340776724,-5.2212303404064055,1.1831706782248241,2.6172395873295566,458.76900187006385,0.875903476009773,0.00010297154746653146
20587,-8.149224252684169,-10.75827374546497,1.0282133769406998,1.2979392133347247,274.13471492231565,0.8105129721868227,0.00010297223842094759
20588,-1.1003810368481552,-12.296263977956738,4.535886059762708,1.1295699786450966,467.2981202714034,0.48531281909624546,0.00010297719854887691
20589,-5.801842228597227,-10.84652093513592,5.143033121257115,0.8897727759097925,467.2890431323922,0.6112348833034345,0.00010298233429813507
20590,-1.9550701952763436,-6.890880008064492,0.8006863177089278,1.0061402345878796,270.85052663497896,0.6519779127870908,0.00010298272046573522
20591,-1.232815250551564,-5.022274806923015,3.237192499014686,0.9892802674425222,194.70481752542707,0.313053962359656,0.00010298789151927755
20592,-2.178022089243469,-7.04896018156439,0.7092372677278377,0.6424835160601083,136.5284304997518,0.14597717385088238,0.0001029934240448091
20593,-0.71521674730276,-11.905738878387982,4.5637282357704665,1.7155675885996509,369.4322728239938,1.6220417857053802,0.00010299400107954468
20594,-1.651053266221556,-7.400560551163854,4.173470345953391,1.5022048169063764,466.7186958755681,0.8768263131826037,0.00010299719615922752
20595,-0.15841131090665783,-5.104845140853288,1.3907904670481963,2.203598545065168,409.79339739737816,0.6616452898172627,0.00010299902279812994
20596,-8.071617498917572,-11.67402755012022,2.4328375681488907,0.9951621782919581,270.7103822327441,0.44505502185056134,0.00010300039786011536
20597,-3.5545285272983644,-5.603702642180784,5.021181037030584,0.921838035033349,262.1763176213253,1.6054591918689534,0.00010300132338287443
20598,-0.34347878266844134,-6.251779907281322,0.9400215791870146,1.5865123036750406,370.5438123013859,0.9797728118595481,0.00010300268939143433
20599,-1.1087220833678337,-7.523704954709825,4.242294835611645,1.9405749782921426,398.2846885759923,1.922032725551146,0.0001030118101726803
20600,-1.0365201120276026,-9.540658410438233,4.716709291211635,1.0685560292882132,260.3323870069752,0.9758847660781482,0.00010301248428179455
20601,-2.200898112230817,-5.9972476586259775,0.9769394168741944,1.157578109775276,466.1868551275429,0.1574891856784646,0.00010301909590417655
20602,-0.654186901057507,-5.564505319754358,3.3132760276171687,0.8328735935730945,191.23412521979796,0.3098087342951805,0.0001030244847860926
20603,-2.2337990147942923,-10.795559041739939,4.685396928819065,0.938760546569475,467.6545538570296,0.6433011040154168,0.00010302749044318871
20604,-1.7593249420147643,-5.641896868263341,3.333460046320892,1.811139573762295,445.6222109160345,0.5857356121419786,0.00010302774410205695
20605,-0.9140277986552228,-12.340561622620864,4.5706537584812,1.1088571926982143,226.76405402612124,0.4397759552851248,0.00010303214352010926
20606,-0.6221082058921894,-12.351931379745224,4.559080707034511,0.566655467258387,116.51818836051214,0.5537691027232015,0.00010305099794139313
20607,-1.7795432341324062,-5.788765839055395,3.3799805846340467,1.0170279268101954,466.1779126321989,0.022270916362585602,0.00010305341186341848
20608,-1.9836729750239375,-5.732261756919207,1.0162683137056303,4.627599565939324,604.0031749479078,0.7136719214540834,0.00010305380872726963
20609,-1.4441969346790309,-5.775554604814553,3.370645516525103,1.7727052825795813,422.7853744659053,0.8109863285112562,0.00010305440865625816
20610,-9.669123054290113,-7.892866664616199,2.9969336188064055,0.7702024625271389,149.55022097249628,0.03992575970843326,0.00010305759400055584
20611,-0.7055087665125619,-5.119506733384981,1.3905519214401738,1.053371116946419,273.7645596284391,0.7344740441295281,0.00010307191692075604
20612,-1.820882275922692,-6.314823256835359,0.9034209174940419,1.8253272928221083,435.92774880459365,0.14197263425380058,0.00010307352706542117
20613,-0.1523014849541262,-12.048742242763833,4.541524330297213,1.7221884063265245,405.6442189755977,0.052901942142153935,0.00010311619631102932
20614,-0.10568610992324423,-6.8202245317098535,0.8541142492143382,1.1413019088466267,293.7857835248419,0.3633531128517049,0.00010311751342408482
20615,-1.306132859373534,-11.461593547559392,4.59323966618832,1.8702290987882226,386.9206253437198,1.4437545405137024,0.00010311821103782929
20616,-0.543959819957939,-12.410389746960927,4.568134212023923,1.184522015895001,182.61210928319258,0.34171448356911327,0.00010312743523366603
20617,-0.5666645760917,-5.992448304149585,1.0634378358303034,1.0527740144026587,277.9995803013246,1.582614348097338,0.00010314263529643942
20618,-0.04503547017232279,-5.953177775163239,1.0001532481307922,0.821896358801399,203.92390698631056,0.2557971530653438,0.00010314634857674319
20619,-9.320115364311752,-7.581591433542719,1.151680887839354,0.6888574963265703,139.09093575757336,0.34040622295069856,0.00010317588487141009
20620,-0.9395917586316536,-10.21587050462719,4.679021725957654,1.0406966702727007,277.69449375535686,1.6430603609570449,0.00010317759138586587
20621,-0.7954356833937979,-11.234404738221123,4.560658431714078,1.2003877773798919,256.2363976695724,0.26429283576480866,0.00010318853528205615
20622,-8.011384492983824,-12.270604620623489,0.7712578173300461,0.543705568345316,155.38862271616523,0.6982459710377285,0.0001031897126954511
20623,-2.3417973377571304,-8.361046657594873,0.2761223112238165,1.7122528285897953,163.2933034684158,0.29374229210880376,0.00010320359844341662
20624,-2.76955772515098,-6.132496994443072,4.408728242889683,1.4451819764718916,322.33815764008364,0.3784231040162416,0.0001032098953210742
20625,-2.1066268788541436,-6.813910035062503,0.8017301372383907,1.099688785162296,467.4774318548601,0.1430683991599926,0.00010321599064622633
20626,-0.8962776212997365,-6.392116368346576,0.9222983774489746,1.201235228413222,252.34967829144642,0.42407384255844516,0.00010322546722949914
20627,-0.7215369205856721,-7.144598458060109,4.009571963231497,1.0953969174464457,280.7042268189106,1.8390545523122759,0.00010323245730617816
20628,-2.6179566915990087,-6.185768309348761,3.8128594577338224,1.901218523953501,249.72750970368685,0.10253260341977999,0.00010323586405324085
20629,-1.7760442034593673,-8.778512950974758,4.7136067969423845,1.686221283434742,468.12495766918363,0.20940637951855745,0.00010324800200984173
20630,-4.327621400248326,-11.966639646814427,4.854039498414081,0.8161258058467192,170.6852705549039,0.25391903464689936,0.00010324954432295566
20631,-0.8713761741555608,-9.195494378097704,4.72538110410795,1.0988008218325822,222.82764677474364,0.9034750829936602,0.00010325083259441446
20632,-0.054311859178074684,-7.32277475000097,4.12474857518115,1.6239050916263835,376.10672615990666,0.6102874945185279,0.00010326505462224735
20633,-2.2028723060991915,-9.035630798403773,0.07313483262722276,1.8556922212545106,467.45530474423975,0.592822084202802,0.00010327594467779873
20634,-1.2584423931128867,-5.409354239273884,3.2581379134959603,1.0878012393165806,468.05481273824137,0.8416290583999881,0.00010327603937576349
20635,-2.057491239213176,-7.769240113294812,0.47976925871868004,3.07828707197149,499.44836801860777,0.84859284871182,0.00010329071397631657
20636,-1.6638232833131603,-6.821551107791692,3.8065817859851383,2.886491645475777,488.4564718547924,1.3148653881309773,0.00010330683831290706
20637,-6.619233709124311,-12.203927165433404,4.711209703057444,2.004138491412462,328.0633089646192,0.07612965275323091,0.0001033120649316583
20638,-0.16117983007725378,-11.99582377709652,4.582081552227827,16.069318622442925,430.8619114895667,0.2540025772242567,0.00010331341922440248
20639,-3.47450361198801,-5.447237547891913,4.804182941989169,1.6806910756250681,468.2204734500269,0.5051914229824286,0.0001033148796005036
20640,-0.6806942035499084,-8.649199454483483,4.693971017060774,1.176377313530573,239.21062118802288,1.0238535490958425,0.00010332333504656123
20641,-4.221920324812684,-5.081476535125471,0.4924518786230243,3.1371517330961693,500.95492419478313,0.700124994171456,0.00010332671353332775
20642,-2.033165486341133,-7.215240223824952,4.0607123004420735,0.5012909169997862,113.99081340798783,0.3048678622485914,0.0001033578446325369
20643,-9.436182564559797,-6.941170807806929,1.157469582025263,1.6957825729288392,467.65117953951193,0.17185286884119577,0.00010336576964571703
20644,-4.396268560420395,-5.253242627223115,0.32584474018704973,1.892842597950126,456.65145329791494,0.2758141651139825,0.0001033770549047123
20645,-2.222157790382533,-6.793083569605981,0.7486626189612635,0.8973292377345256,467.57493446162806,0.5721784828607772,0.00010337852100561274
20646,-0.7770283603718156,-7.2277770816353595,0.6647369902637602,1.0558212687601685,250.8143147296908,0.34868501571375976,0.0001033825260093682
20647,-1.0476885251762447,-8.677652744930946,0.1652904191068964,3.3951559791470376,516.1795555195357,0.5190718765742153,0.00010338383832034391
20648,-1.8321869721799864,-7.175284486712922,4.037071630947267,1.0798332421033492,281.79976644607996,0.9971074893210972,0.00010338715362898953
20649,-3.1099221794514076,-5.192358346109755,0.6143055983583242,0.5718267451678813,134.3661841113961,1.0402866233177415,0.00010338936868049135
20650,-0.8243931257041073,-8.750370568068888,0.11493810547615807,1.7194668788258167,355.5591166661415,0.73536256846897,0.0001033922261757637
20651,-3.4648597663621814,-5.105889986565778,0.599812009474765,1.0412303706733987,468.7817915213283,0.32876368510774245,0.00010340293583504647
20652,-1.47156654566421,-8.434792216919657,4.62405314221118,1.1514796362704887,297.11683031386383,0.9440104782160246,0.00010342043686587931
20653,-1.109703731633351,-5.582619899592277,3.309146144175593,0.7267423607897785,146.16506363807176,0.8199363286682315,0.00010343486421860817
20654,-5.519949819346292,-12.633112897427404,4.8171950785602,1.1438748240084995,274.81080871743535,1.093633634882056,0.00010344901307162915
20655,-1.9221916138541282,-6.049105440157141,1.009064918422939,1.6023660403401694,371.2730551896544,0.4795518962270524,0.00010345431501115392
20656,-2.43607815400895,-8.068550922233896,0.3713954294768271,0.9335483782645635,191.70479774494726,1.1553026111078974,0.00010345914340134996
20657,-2.093219650035305,-6.543441881890417,0.8708314083652302,1.4064463242531404,311.71968494608103,0.019723600028376254,0.00010346275926169516
20658,-1.0258534539704023,-6.912903081550344,3.8539497007541614,1.5354241716950392,357.09462886101437,0.9408667521931573,0.00010347545340124084
20659,-0.16264504486961862,-8.083839242041156,4.522766648055903,1.3493081313554767,375.50664061724314,0.3462213454006955,0.00010348065407929565
20660,-2.1247087511202336,-8.828057120140272,0.10657283009775136,1.8240778340776511,468.34299100648064,0.4907451897173285,0.00010348236759962521
20661,-0.4885829877914247,-6.098261172885772,1.0124773606690505,1.7554832892409917,368.3913115186416,1.0339591043213856,0.00010348474125717878
20662,-0.3970967097607616,-6.476119039630741,0.9468517750012414,1.0916675085930323,282.72655531382543,1.5539206390605926,0.00010348566671628997
20663,-0.36674447213084704,-5.275478611170405,1.1334275257961437,1.3210258836279416,330.61803234374975,0.2747985979595198,0.00010348816981404635
20664,-2.289367210705743,-8.096604766462153,0.3921638366211333,1.5663979341602752,393.2778044873764,0.6843613336920429,0.00010350234931224266
20665,-1.6444106219386025,-7.149626121823623,0.7437019909636156,0.8360407541222927,218.0255015417523,0.2799335959280702,0.00010352600438331859
20666,-3.2456732419807377,-5.317028660451341,0.5743310907582447,1.1428475260461906,274.61773620026787,0.3752963556100104,0.00010352742212222122
20667,-2.1539892384679913,-5.380080670340249,1.1008705682261646,1.109057052857756,286.9028914687685,1.2822055513029857,0.00010354420278147948
20668,-1.0421488650896347,-5.7111392590973225,3.2715557752144035,0.5034443287920917,113.06936303065021,0.6771341561997728,0.00010355092296614701
20669,-2.3374165691443505,-11.333843307320823,4.940900691819994,2.583005662298479,193.4795619689993,0.38443863459052974,0.00010355866255091887
20670,-2.931947763892384,-6.142306365880077,0.34723693564645053,1.4629096548887506,191.7686217113421,0.13112535150583948,0.00010355982290690865
20671,-0.1421558538971457,-6.936666242928799,3.865879377305746,3.3753766109067653,388.23523611274146,0.013238077213865829,0.00010355999571859601
20672,-1.134539451363386,-6.8755010644075005,3.831963209068146,1.5472305302488973,468.4289366601142,0.3035406242509522,0.00010356181074080224
20673,-0.6977085075986675,-7.90228566795594,0.42808739374809074,1.5370942098563598,466.0291172132574,0.17639029823695207,0.00010356314136051474
20674,-0.8821207630839272,-12.133744848135708,4.570327699146068,1.0421947965408878,468.69649254873883,0.6465493915996783,0.00010357206050029593
20675,-2.249446892916805,-5.200424937995313,1.1749505318853088,0.9176140191105926,246.0058768297228,0.8249564868402297,0.00010358086067461633
20676,-0.4009510021697764,-6.286402119864258,0.9080683441468071,3.058538529630398,503.489818678467,1.376901848016967,0.00010358173689808938
20677,-5.310354427705141,-11.24263932490723,5.012921133975465,1.0411856807843647,208.7680598736436,0.6474551344893191,0.0001036070661881561
20678,-3.360300819753528,-5.250146105086803,4.609164741736741,0.8557003833017998,169.3628345089817,0.15140847322075324,0.00010361054190835474
20679,-4.419753828626753,-5.31557428409018,4.849392406237055,0.8538487532884435,469.67929685422735,0.1262829545617432,0.00010361533409525671
20680,-1.1704013238556144,-7.860363775939103,0.4452775356292504,4.5916242490246315,276.39453068729466,0.30508532079501993,0.00010362129592386831
20681,-1.861477282493567,-10.136273285020136,4.681889391908938,1.0767321390878957,284.23922586790707,0.8407343470810158,0.00010362202326484978
20682,-1.3661724491558314,-11.272609033627237,4.602890174976521,0.9873415670122566,247.3295106697728,0.6161976669970182,0.00010362246935571599
20683,-7.8157965209284885,-9.043573031604945,5.102923866541257,1.6702599418080741,392.63084934414326,0.49025376119736475,0.00010366295828923769
20684,-1.4651305724119652,-8.772709620800601,0.09602241271835484,0.6422618455597657,200.4730812739796,1.0881337270622868,0.00010367568399193265
20685,-1.521951505221402,-9.147705349769717,4.74682901285396,1.1128786333863305,466.95931921183774,0.6154266222512117,0.00010367803227894608
20686,-8.392168346387834,-9.843594616259939,2.553549715951771,0.7324608414353482,201.77042916968082,0.40701513981930404,0.000103679303574661
20687,-1.9094549440940511,-7.690277224916791,4.303438299730214,5.704883014227925,655.5601356901251,0.41643364738163147,0.00010369605131654596
20688,-0.15922199731732967,-7.728092395795607,4.345962367738187,1.695413661781835,252.67961311545847,0.062291549913498834,0.00010369936089512883
20689,-2.1756644802783276,-6.4649980136535445,0.9311825408439797,1.067891814156576,280.21412473333936,1.8723959444709761,0.00010370359314133822
20690,-0.9444400695862978,-12.133261765152524,4.574313304186567,3.396163017300393,444.9551933035784,0.07983058890178363,0.00010371723552998382
20691,-1.778173704937382,-7.1929170021426865,4.042546334578118,1.727060099214441,467.2094893244207,0.44901742985333293,0.00010372584423560256
20692,-1.692817300031166,-5.224896512696995,1.3870045358663616,0.8111093513676413,469.6323393361025,0.06488723227792992,0.00010372659226047992
20693,-1.9671494094600401,-7.167937958408046,0.7156599206503879,0.8494392506015561,467.38112046753633,0.29645053231793383,0.00010373773056118223
20694,-0.10534801041662689,-5.7160453743583775,3.3390410303966194,1.3814431154934068,312.1913960194972,0.36031350812161733,0.00010374300928446834
20695,-1.3519839132228366,-12.035703483783696,4.57139802150052,1.5926206628657167,368.44826749800836,0.474589591715767,0.00010374323118046228
20696,-3.897218758884364,-12.441981331456105,4.790829396901994,0.8556085233772391,467.9552668456151,0.4599797652594493,0.0001037647116321946
20697,-1.7402950972515754,-6.925073123915993,0.794289273244998,1.859541708544148,446.90648112632266,0.07419907679786064,0.00010376596330480953
20698,-2.1879840973349367,-5.333251378562117,1.0887590156055336,0.876592307259629,468.63625535182473,0.8691307422689123,0.00010376645036687613
20699,-1.3054111276641116,-8.532876324074284,4.640389544709264,1.9612323848334063,399.69678874949557,1.7397142850384917,0.00010376932569094394
20700,-6.147737418253376,-12.516737026058333,4.802327815130431,0.904467708537218,468.0990578875432,0.7302609243439102,0.00010377632826291121
20701,-1.1321925976131482,-6.891349580109968,0.7917948954515502,0.725390642321453,141.3157092802743,0.11464770862574891,0.00010378954672855782
20702,-3.875360272183281,-5.809624913576526,0.2346979103465354,1.5564770367089054,354.6976238689018,0.651545116958002,0.00010379701769544814
20703,-0.05574684376541228,-5.233966575404908,1.0892373701100773,0.7841875837615022,211.64340472986726,0.6798209683963403,0.00010380762082910979
20704,-7.988926754656532,-12.906977294601065,1.4597599961499554,1.5136371262291393,341.8202978155409,0.017210218192436955,0.00010381371326917008
20705,-8.82344251233356,-7.7429325416489725,5.187521058883253,1.5113889789953023,339.7841581187818,0.18634442892255798,0.00010384257541579014
20706,-1.4089922309576544,-6.136880682481459,1.0104372590116295,1.492390160817457,468.9487165813096,0.8777722684207907,0.00010384258880911881
20707,-2.0399560961983525,-8.100667469594242,0.37444775616223996,0.8091742960715737,161.78825398959856,0.0911311659517633,0.00010384647147356437
20708,-0.6328944595444739,-6.429921454389099,0.960994834513184,1.8118551055973147,379.523277240431,1.4382527528341278,0.00010385227275044203
20709,-2.6339773294846385,-5.4941758324195735,3.3056367394935244,0.872928705758706,205.5861386245031,0.246843718988786,0.00010388547390762609
20710,-1.1680104090011252,-6.603033542388735,3.6443541746662427,1.1488525440132307,467.2436336887517,0.453414913084889,0.00010388633800902271
20711,-0.6875668551521343,-8.688670108200796,4.694739388319218,1.0618222760936666,468.1468897606741,0.8781173438943277,0.00010390488243071337
20712,-1.2051300194132146,-11.798210851593185,4.542260635243709,1.8123370984522884,432.01912305946536,0.01802096812242837,0.00010390590676550367
20713,-1.0444038588863567,-12.898878262685763,4.514076873986842,0.881908387523513,150.46642274080116,0.19230735114751507,0.00010391691818038319
20714,-1.9580301122856412,-6.997255965416345,3.914711777375861,1.0930653909512,285.4900486295436,0.735672713588273,0.00010392223434481025
20715,-1.9247993258355276,-10.288597627039124,4.63951246274601,1.1730325551020946,240.49250868480638,0.6293101375313421,0.00010392856215118778
20716,-2.4274781782598973,-5.450295906658172,1.153973089882977,1.8045625711033386,469.27889003910474,0.07626000515710363,0.00010393320655110715
20717,-9.934146053705746,-7.486562118731756,3.5767955180001154,0.6816955347477331,466.97162659938243,0.3882676928184843,0.00010393324118056262
20718,-0.36712109846429186,-6.186423754471699,3.4801123867038988,0.6170796898738651,138.97195136752757,0.49848214100509036,0.00010395850188869384
20719,-5.376465907353133,-11.54023309385618,4.9461656475830535,1.7639946073849597,418.4093124592741,0.29781407962279527,0.0001039596984972009
20720,-0.6074499577539321,-6.036447960171035,3.453459191472077,1.4236369480532247,319.9611790782212,0.4759497053306445,0.00010399561145724808
20721,-0.3865897092046904,-10.3552173972135,4.632933709488815,0.8721086136113637,467.67113551151425,0.4907090490412074,0.000103996695149544
20722,-7.240706526028189,-10.800754638356477,4.546887713534495,1.2864356003752762,318.5189807372944,0.40419371907915647,0.00010400323223348925
20723,-0.6195072409937481,-5.149877008730477,3.235590467323606,0.506915289569826,144.8711113209152,1.1775646536196573,0.00010400473284968472
20724,-0.9105412879458026,-5.745078658934984,3.3419615851261835,1.1827540489932018,264.78731605106935,0.3318864172257596,0.00010400634643435231
20725,-1.3194920810443218,-6.639617504399731,3.702153422370904,1.1859216897519573,227.57629584661623,0.033689355563355505,0.00010400838114487414
20726,-2.574332385476998,-5.113148690223383,1.3724279564938702,1.0377131920573914,250.05580086737274,0.9818121819445853,0.00010401564541009534
20727,-0.7665961617330108,-10.205140361735847,4.6719360084989265,0.8736658800705026,142.081151290559,0.20507271541482464,0.00010401866850103245
20728,-0.3144826677068995,-12.207130391808557,4.527353642321791,1.0279453652584032,280.42086028462455,1.2439531345993844,0.00010402505966102267
20729,-0.7120345902525198,-6.346696849433782,3.5851800490952797,1.5756621941804076,468.27700220617385,0.21481798262631546,0.0001040311834025713
20730,-3.6124594254041718,-5.227331153444359,4.61533494941658,1.1154731677192402,467.8703939842382,0.3936242173652582,0.00010403370589068351
20731,-0.04125770002131013,-5.980617482073263,3.392833523868718,0.8632044596806464,249.2358005069056,0.3369124263552292,0.00010404102730627978
20732,-1.7215291876130259,-11.125915072004728,4.607054017592082,0.7332718773529808,468.34937487888266,0.3283487518594175,0.00010404343742968004
20733,-2.29707049934213,-7.012071021004729,0.6578603364667174,0.9094601740595898,467.88327430745596,0.33712979627359463,0.00010404437331949937
20734,-4.648282076862905,-11.185999987484653,5.0075777957190875,0.8730933189456365,467.73789313878416,0.43862975476022203,0.00010405519610498203
20735,-0.3758415782000313,-8.08910203418003,0.3812708668119331,1.5490872654730945,470.10864666808845,0.19487366836427622,0.00010406354487130065
20736,-0.5823087636864628,-10.41845253968565,4.652838821763409,3.929657857162866,559.585112325244,0.6731342292360987,0.00010406869820904546
20737,-0.7645750107451263,-8.073739111103112,4.512097796144997,0.8833285458429607,254.2891541671233,1.6464672410830508,0.00010407586839892125
20738,-2.1102996277738786,-7.576975907704745,0.5344111939308211,1.0545373242858165,284.2742991050794,1.4182908675484294,0.000104116513952734
20739,-5.031952833807095,-5.181155272023665,0.02636033123191605,1.0421270821033517,264.5523158430734,0.16988838162649955,0.00010412937755915934
20740,-9.876160385812735,-7.474291361015312,2.001799923726262,0.747038396034286,235.49503739929932,0.286009997790873,0.00010413971902221332
20741,-1.5393750583274333,-7.87532542106992,4.4209663996677415,1.603484611716983,378.69905287750396,0.5698247098007352,0.00010414182103495041
20742,-1.0166982694512967,-9.853801200137665,4.695629707547156,1.90713671504987,468.47931960299945,0.603452122931242,0.00010416285160377029
20743,-0.3772049396041197,-11.815783292808181,4.5389174430318135,0.7290877492978908,159.88848582980484,0.35456312879005747,0.0001041641441185272
20744,-2.232759129537744,-9.188945296880746,4.718771524911647,1.5710478550908726,231.61896001196476,1.5723261884481587e-05,0.00010417605026138148
20745,-0.20835854220459282,-8.755667858928312,0.1412516435598353,1.2789802306728992,317.53844349674,0.3984961713434805,0.00010417696436917208
20746,-0.6639689846842245,-5.57188323602851,3.290132176564083,0.7481063973196598,467.0662008471781,0.3007059182729179,0.00010418897225399427
20747,-1.5756895571563074,-5.316189388232156,1.1714997952041628,1.6909695933127327,396.63252780770625,0.10029140564003303,0.00010419128017697489
20748,-0.21668109461470664,-9.791237349495004,4.707588959811086,0.787336805666193,161.95871771267406,0.021543917926705625,0.00010419510555868897
20749,-2.506718177051102,-8.567627046099275,0.19050375689909718,0.9908289341991673,195.78471239935865,0.48679856495295937,0.00010420047422942331
20750,-0.7533022971929189,-5.144359396251479,1.113796722117373,0.9887423026377817,469.1279259077948,0.03450789361476936,0.00010420193307354832
20751,-1.3499816401499825,-8.090449164197299,4.517457032889682,1.6290970446910131,379.5492364504587,0.7760826835774317,0.00010421977939387885
20752,-0.9077477187078191,-8.828659581484455,0.09290692220164301,1.8381883811228765,441.1002859425918,0.6739905821238734,0.00010421989334035953
20753,-1.9659699445245487,-12.074346940606468,4.529255058408544,0.9256422547793384,183.99585336640433,0.9083676934590317,0.0001042208949714645
20754,-2.135992234259594,-6.584995281893624,3.685654889703326,1.0717199761766463,286.60666612725925,0.4376582485927658,0.00010422670616625905
20755,-1.9789138239718636,-5.481012676711415,3.188488217540804,1.280060848191783,305.6856568895084,1.367806245798472,0.00010423078317689548
20756,-0.31043837110163963,-7.568824036140321,0.5613030433317701,1.3448131803433951,469.50794733470974,0.15091655900277257,0.00010423444310970907
20757,-0.767094112525669,-5.706946340350042,3.3258574149316504,1.0651621263491964,284.39878253229637,1.3163202308474284,0.00010424600200939615
20758,-0.16918363713377893,-5.596850043848914,1.139688850488484,0.9086168690092776,256.5555307126219,1.2818211902891727,0.00010425498356887024
20759,-2.39458651394326,-6.66964198522595,3.7038961331235916,1.2954917696499495,276.9100619312474,0.06421056405417769,0.00010425833455599324
20760,-0.17876549534599206,-5.797666802733644,3.3522650461881662,1.133773722567715,467.696133974617,0.5546588375663486,0.00010426934312692936
20761,-0.05979579182938721,-5.51177175737198,1.092105105898652,1.5776561698372251,371.9923878966025,0.557570016724668,0.00010427727138047009
20762,-9.450032066722853,-6.4744254320740335,1.070567090085402,1.573530962049842,359.9005807089088,0.7811153400739945,0.00010428113299734129
20763,-4.677720575218337,-5.213202171599239,0.22315086561680889,1.6738171152780923,391.9561237174725,0.2849480411817664,0.00010428585888619731
20764,-0.7085841697303703,-8.373164303739648,0.2790606111255866,1.4012055800711214,457.16832439387304,0.6621306016686885,0.00010428769265483647
20765,-2.1089230834637025,-5.770921880385771,3.3436779634344855,1.0184484126190012,277.32049834691713,1.4148081615754409,0.00010429267222331946
20766,-0.7928879247695413,-7.378818287778351,4.143553656643511,1.3503565089501561,330.0304217177499,0.3098288761969945,0.00010430297220362267
20767,-0.610997000692489,-6.943630610378394,3.858436552859602,2.833383639633561,486.85777614416753,1.9186110169796375,0.00010430479590736363
20768,-3.0178573004721017,-5.99427947823877,5.01939388917074,2.1000828091314387,417.00310482188974,2.2311499816238696,0.00010433277046346121
20769,-0.42231541710119025,-7.282742659086086,0.6901326592133605,1.2860337280309133,172.9975747283165,0.2701419390152697,0.00010433503838150034
20770,-0.049023491646844164,-11.129995933988669,4.603791140327098,1.8707911507177246,451.183228358862,0.1464397097170913,0.00010435069847288847
20771,-8.562172598047084,-9.436709302144449,2.496634558951093,1.7934044674214589,468.16699367492424,0.5051962431865711,0.00010435223939907894
20772,-9.323722231483856,-8.081000667429578,1.573728591138423,0.8603286745795337,469.59247249233516,0.08852525256251464,0.00010437347417900643
20773,-2.111568681948473,-7.410058635682245,4.16048219933759,2.384870628704145,430.79679050266355,0.4025004719215204,0.000104399142714976
20774,-0.8708398833168616,-6.332731137195705,3.5729333725096835,0.8881255421438096,468.10786278254403,0.17569485367510662,0.0001044031825961366
20775,-0.5788414723636652,-12.951978673039662,4.508089659989967,1.1153716222138037,287.563575142649,0.44302422699477884,0.0001044138737078491
20776,-0.5002303871648568,-6.359379463408356,0.9426537479357607,0.9177443418004257,467.3983799541909,0.7623978984928979,0.00010441391793761557
20777,-1.3297486539675027,-5.269166859232603,1.1610739892240423,1.6299949929773039,377.6102126992163,0.5677168781114448,0.0001044163396015078
20778,-2.238178171656358,-8.530656137652315,4.633296916741525,0.7778415862350138,190.5241424098571,0.8401907285749086,0.00010445011676253926
20779,-1.1139914775460706,-10.032400426320548,4.6831247064293455,0.9196899218012983,182.333403802912,0.8649364263480921,0.00010445677077302877
20780,-6.109630553128632,-10.741770709496006,5.159438783542026,1.6891192299035236,396.9039843219206,0.3573300926966878,0.00010446256461174638
20781,-0.1926000516933808,-10.047532604725347,4.681614862933686,1.060758846355582,282.32160570405506,1.618138747124699,0.00010447465613243799
20782,-0.7621148943641405,-10.2633325272594,4.636352021169949,2.7973058233617576,484.2752623947755,2.169706069193757,0.0001044818557597403
20783,-1.1578674417077863,-7.219651721260616,4.0475905478890155,3.3463997719494296,396.4469230137917,0.032442116405408505,0.00010448210153791202
20784,-1.9982412604053454,-6.04423841008805,0.990348205179777,1.0650775235666043,444.65754519419175,0.3124985499957589,0.0001044951252779035
20785,-0.31256200164555814,-5.653463547439679,3.2667658801922306,1.0708300532536978,468.1449543895328,0.7721691591907831,0.00010449859080304383
20786,-1.6204545164403683,-5.861708479850118,3.3674252055388876,8.847727527346974,564.8264645350529,0.00491574361016589,0.00010450674948179828
20787,-1.3005159078853463,-5.4055401392838,3.2458920574350025,1.0697112211775486,263.95151208782903,0.5428559071201837,0.00010452487938637969
20788,-1.008150813588868,-8.708155928255849,0.16797549202725137,1.1098023222479094,284.6895885666199,0.7609945071862683,0.00010453711746762267
20789,-1.3135781411318774,-5.300562184352877,1.3986855133731204,1.1587532578713402,289.9837782500639,0.11057981497166924,0.00010455126515693232
20790,-7.829740999315588,-12.88520918378529,0.3940217968343618,0.8240893732213938,468.04032962507034,0.03311952838626109,0.00010455345860835733
20791,-0.8039317873670768,-6.518479977173511,0.9613304609915126,0.8077293467183305,162.86525692465307,0.21727262641785305,0.00010455703253754943
20792,-0.13763832851754465,-5.693588709822661,3.3773572290290588,1.021349269386302,467.462518154387,0.09715432493773779,0.00010457006709399706
20793,-2.240328656838063,-9.193683077305117,0.009885480094842728,0.8137469195912432,184.9118611901803,0.22203233316120308,0.00010457354722566286
20794,-2.787734164474327,-5.979711990837611,4.07820755948949,3.524418063277524,347.3189645754095,0.08619970662835019,0.00010457959542041298
20795,-8.27996166112632,-10.04933494266405,2.8021362249595216,1.1118966327750206,467.8631560030545,0.1875390248274451,0.00010457992531727503
20796,-1.8899979622658876,-7.858838654924137,0.43341048415310224,1.4615295301644915,332.4411383043037,1.246459380408755,0.00010458080728727805
20797,-7.154933875831884,-12.3658608569271,4.318112271212108,1.0707562113357612,467.65163860468004,0.8978710145752649,0.00010458502122777768
20798,-1.3250838059266385,-12.457617274394371,4.515180171888894,1.0610084170605296,224.96931020398765,0.033207704312913755,0.00010459073210683299
20799,-1.0977917208673915,-11.019479837633655,4.608222085390515,0.978776164955251,469.7793165597287,0.23873250859233952,0.00010459402915983544
20800,-0.10142260771723066,-5.040607991244262,3.1625538064927476,1.1310382351259252,467.909344829587,0.603592574184252,0.00010461075701489217
20801,-1.3542026375927296,-5.585607917652488,1.1544515446882135,1.7368242688107671,426.69929624058267,0.5698142749333863,0.00010461839246609736
20802,-7.8597450375978575,-10.152101577093356,3.9303103976223865,3.550560708291721,539.8192462100748,1.1701264186496134,0.00010462116378085976
20803,-0.43827944357730253,-5.014900777326327,1.2495135125297896,1.7008663414611462,467.7497550065761,0.781444515157653,0.00010462460960870468
20804,-1.2086249643048905,-7.68327723432063,4.293855444531793,1.1337111355555902,292.9911039727603,1.1363656834402747,0.00010462982502593805
20805,-4.458519929102779,-5.201017092794571,0.3761757603467928,2.271563538117073,433.540960534797,1.6819816932948326,0.00010463043220466296
20806,-0.8721216586904799,-6.527136482182326,0.9533091430881506,8.529957125528997,758.693345798619,0.43754411262853754,0.0001046318756903246
20807,-6.1046956877228915,-10.814323943097696,5.131056374605354,0.7717698414753245,212.41935461258961,0.8720385046845296,0.00010463477530866418
20808,-0.5966326327881539,-11.626967569935594,4.541877220115696,1.1751437562269171,299.2983858042592,0.7717553411483911,0.00010465253139424284
20809,-7.8362084580516544,-11.515686970575937,3.3511803522984067,0.8516556644097294,201.98543063694967,0.10504693930379272,0.00010465555335731211
20810,-2.035869685170989,-5.427654055166119,1.151530480963999,0.998688086877652,273.2493261340482,0.8711412283354036,0.00010465767006423936
20811,-3.68747887516977,-5.0945721650832985,0.597118916141828,0.8649642911571247,467.8160104180719,0.2642773798758222,0.00010466606488730937
20812,-0.21618945118673594,-5.352794850100894,1.3996346123985037,0.8847604538040641,241.3329175346409,0.3213361360891209,0.00010469190677279412
20813,-6.536957588005864,-11.28853273166235,4.890100553302761,0.7830704992248604,170.59062902789208,0.013550685636218418,0.00010471444378216381
20814,-2.8963940672662316,-5.827028546543069,0.47673567004551837,1.4377313416962312,317.13330959927686,0.9544334519351514,0.00010471821408977478
20815,-1.8958286424481106,-8.088150713104126,0.3833646533692403,1.4077478327825856,328.1469072043579,1.5925510229072692,0.00010472352147333926
20816,-2.5726818433256966,-6.81006479803737,4.287804450027787,4.55941639304837,443.41305297137757,0.00945624879369067,0.00010473220946433951
20817,-1.7363585047135324,-5.010642674142251,1.0929237110337597,0.758810253095573,426.4120068188059,0.217719415791632,0.00010474374701065775
20818,-1.985164216471473,-7.388154280635589,4.143119410389024,1.0985600769534751,290.29975841930576,0.6676460610601653,0.00010474693691976954
20819,-1.6858586250077732,-12.836808136321704,4.5062669807545666,1.1045164754612595,284.34167069890464,0.2370079325174368,0.00010475366714237935
20820,-0.854646980467825,-10.429324977344487,4.6302122809892685,1.051497015603703,277.01862060630634,1.7722565035011355,0.00010476336705382706
20821,-1.7193517181372808,-8.085468698444565,4.509471646024381,0.9655649281557728,313.8842789789313,0.018834802099103598,0.00010476728931582539
20822,-2.1832670589126764,-11.520533126630637,4.5456832635255795,1.017187116389809,201.43225417419796,0.8963731950605487,0.00010477088384300778
20823,-0.8233919041613387,-6.302575741460806,3.5542196832049555,1.3261253871102727,284.820348457377,0.6669860608736604,0.00010477173595883527
20824,-2.4517920367736643,-5.8792079550035865,1.0303128060359064,2.947344311902034,489.60848753143205,0.9387658669860439,0.00010477397039774276
20825,-1.3722141365091822,-6.880565172437867,3.8157971613662887,1.0645325644576131,466.09387680616874,0.022318456917658658,0.00010478250057358989
20826,-3.512846830757418,-5.445153033918104,0.40995535015323364,2.2503183515278873,426.6183808251258,0.9919875125683904,0.00010478874757496744
20827,-2.590996195456272,-6.076219947833637,3.3872134406814842,1.125467712464136,156.50722859456545,0.15149264625047554,0.00010479887819341703
20828,-0.7865993617501115,-11.784839735477133,4.569057511681745,1.6402404891318403,277.52111393261,0.058654247110075275,0.00010480624790100681
20829,-2.389857382038664,-7.501625406426656,4.368288030864851,1.872203944663243,248.98080855004721,0.10031182711301678,0.0001048149855021075
20830,-2.2168720884835107,-8.721357143672972,0.1778857785450326,2.5870288932047574,466.19635839687135,2.4339524927056315,0.0001048173547302836
20831,-3.3968844160034637,-5.667540405756333,0.3754756757916316,1.7869574194004607,423.63182317721856,0.3709317940537904,0.00010481938035457696
20832,-0.265619259826531,-8.801234811049959,4.701726009630869,1.288404049130738,285.4794141570967,0.749354490166545,0.00010483194332999882
20833,-8.140388131948423,-8.831102481243384,4.811723928685864,1.1259945840656411,226.12689838550483,0.7224507294781519,0.00010483603403872328
20834,-2.126951695132984,-8.794757892412235,0.1315299420768935,1.3548694564510073,302.075486511404,0.012321179757009304,0.00010484254817228863
20835,-0.6498910624532641,-12.886567691459016,4.504526854980258,1.0519569704210305,227.69219011914004,0.36559533134343436,0.00010484656007759793
20836,-7.95526471044818,-12.807140504564344,2.746113215382487,2.3136563620333903,426.15410531712115,0.7323616364145442,0.00010485342232585148
20837,-0.5452226859907743,-11.860328519039182,4.530131469590385,1.050772030148559,258.4031043798353,0.7163224076216634,0.00010485363981304573
20838,-0.9809195136277662,-9.988467749933772,4.683244603819646,2.004318457639046,397.64090853678704,0.9851014888393008,0.00010485370187112687
20839,-9.903542507718942,-6.078727055325137,4.712559589974435,1.6946920684062017,397.98157147178193,0.5024835889067507,0.00010485503052048283
20840,-1.9363527751169247,-5.389462021927426,3.1868676039180706,0.9044028237517043,468.6323653018586,0.9219547376588366,0.00010486363315265787
20841,-0.5725519776798453,-12.873484810527279,4.5042481667612755,1.3100320462160953,276.5572047760246,0.73031281682265,0.00010489238587214874
20842,-0.7298661457435909,-7.407085257336632,4.152195575555022,1.8854134418697512,457.6225154981763,0.29019793144624817,0.0001049006933104228
20843,-0.0688466244342365,-6.500927949253989,0.9259092634742114,2.3376997687580436,441.2669558092481,1.9376966098133792,0.00010491221802728663
20844,-0.9926976917934844,-11.019910067273388,4.605014792414706,1.1184011698105893,288.97919216212597,1.1101248472756522,0.00010492010593621145
20845,-0.29931044136335494,-8.189653846569314,0.34255543877756983,0.9376000213122826,247.93398835549291,0.597803160225328,0.00010493248144669924
20846,-1.5879136423512357,-7.329224347994405,0.6382694605917236,0.7921432648577289,161.71307511798102,0.5545989600982226,0.00010493518185396645
20847,-0.16427242664318342,-7.780084836856887,4.353121077617191,1.8278256770772903,467.67259899993473,0.4835958440708934,0.00010493647986001305
20848,-1.9972500415599619,-5.0861699883705125,1.4016299315718899,3.038544925045719,503.06887814588356,1.6265379090761778,0.00010495139304966784
20849,-2.0472656582261717,-7.680995022849071,4.288753246358574,1.042134505820164,271.1431767735192,1.4653205143868115,0.00010495173151772413
20850,-1.0230458714257011,-7.2331703016947175,0.6889886995587958,0.9105395762688314,468.54116255591686,0.15113243239571972,0.00010495422874247476
20851,-2.300469477039769,-5.0098946711328605,3.1507899089523654,1.6737508580631044,362.4927739385069,1.3644160663896017,0.00010495717185259599
20852,-0.6331108427370129,-11.128795886799693,4.592921713287998,2.2072722064056864,427.8290533754479,2.038683928079748,0.0001049571904680709
20853,-0.5718708530548113,-7.226805751375896,0.7430277202128693,1.6461279250848477,285.33527154058567,0.03489797650667814,0.00010496585463786853
20854,-1.2128484571740632,-9.157108619661694,0.029671602780293255,1.2320888166069393,468.1497367831585,0.47845786265612844,0.0001049681984284072
20855,-0.2669520815184825,-6.28963563486945,3.545465580696551,1.5365977460779632,346.03593398403876,1.580310372965278,0.00010497174686221982
20856,-1.8575457430333788,-8.17145406990901,0.334250953755722,0.6723209546728587,180.3279000551292,0.9095362572408421,0.00010498346683607076
20857,-9.950982465419573,-6.33969396259792,4.623495994943113,0.5086215923209707,108.82339569798077,0.22440579332427735,0.00010498906532159876
20858,-0.6733085169745987,-8.340672154803745,4.604952171739076,0.753540692790766,300.27829071161045,0.4583263084657361,0.00010499009265742201
20859,-7.964904277418206,-11.38165797379393,3.024031782362066,0.9171005439701958,254.8854358615313,0.672125338221865,0.00010500036585658319
20860,-1.158307751601086,-6.038493706507703,1.0361860732302475,1.730774483366874,407.6282334779745,0.44130838709142317,0.00010500081483121893
20861,-4.124098446004988,-5.070085438228397,4.578352968333316,1.1385607904328934,256.8386935374258,0.34411946607689803,0.00010501246930317738
20862,-1.7228049844698798,-5.707707760956231,1.1038524177283773,1.1494126956146737,274.3820231035239,0.12897119294027082,0.0001050235338692777
20863,-0.6130057904498045,-5.475639845143138,1.1689454711172933,0.7693981485239333,220.9925568214769,0.32855184011749383,0.00010503448025126067
20864,-3.5002530910955123,-5.7213625519712155,0.2917506943679094,1.0123896785224769,274.5345570585076,0.9310842018430696,0.00010503492539559819
20865,-3.5454094522240576,-12.54408282039161,4.773885167860053,1.095302017869108,416.02057146166476,0.8279901424613572,0.00010503720268262173
20866,-0.7791199088804923,-8.556252030346752,4.633088619096224,1.0773989584585766,247.24717476152938,0.4253480434926784,0.00010504280591027313
20867,-0.8911665000235303,-5.4338281114346545,1.1063245656856344,1.4621762831394196,169.54021191869685,0.18583438112463657,0.00010504314758651356
20868,-0.03417240342964334,-10.965172907347497,4.607338861084779,1.894315976720316,469.17559831966713,0.2143515185906777,0.00010504670212976634
20869,-1.2591581672908028,-5.2308832019889735,3.2282618292654406,1.6957359487543386,398.86271998287674,0.863875236863513,0.0001050537585517578
20870,-0.5477525979521385,-5.005347694031612,1.3641828622596026,0.8212242528748239,221.81945160684592,0.9390269420391961,0.00010506243352391111
20871,-0.2474442622464661,-7.840107878857237,0.4732208285719564,1.8536633706125758,468.57554454067207,0.2688241467959074,0.00010507132561339509
20872,-0.5998641140844256,-6.580745013192833,3.669348874714973,0.9658453024773671,269.9416343414592,1.8348550680334048,0.00010507689509786476
20873,-2.0395310494412433,-6.296638188395401,3.546317971137692,0.7995784094564645,212.79784870267153,0.8232408359403989,0.00010508039479243663
20874,-0.7594932885721413,-7.141460474307465,3.951086217437964,5.950605872647724,655.1061203004731,0.2945368712152181,0.00010508566029087634
20875,-7.9817725647732995,-11.881884241424425,2.8028232301281606,1.1066045522349386,468.06167499967273,0.8742860911357573,0.00010508762979854497
20876,-0.014335267548110764,-5.701439119271604,3.306309601983797,1.7418571409790446,468.72442686682325,0.6458003851182212,0.00010509420709433426
20877,-2.1807115941632667,-7.201070647446456,0.737804535425996,1.2741176157880347,283.8600632924628,0.44484149721362787,0.00010509528241733623
20878,-0.9736031157789409,-7.858472065044596,0.4596594549706576,1.8386024285971707,214.1182199906966,0.17013699582607877,0.00010509703133336539
20879,-0.6161234684179462,-6.864274488262869,0.8437905892704152,1.7991151715211267,467.5485733855638,0.9245284251014594,0.00010509909295407116
20880,-1.2598273993671825,-5.376825082518424,1.124842696342408,0.7035223131356786,468.2651556422542,0.4270408391016085,0.00010510401512450289
20881,-3.0836540362832787,-5.411128898091188,4.3808055450051615,0.9446094904606351,208.8794396646071,0.3449766308065021,0.00010510918662963994
20882,-0.35448393964018976,-12.346902094622727,4.512401583924097,1.6526904101230193,380.42116354549404,0.06463039553640293,0.00010511122320888348
20883,-1.4974470137998654,-8.755487682964944,0.1266619725145398,0.8425178294488083,467.9686230882114,0.21188593376659792,0.00010511411580484881
20884,-1.9349185128875064,-7.80553524925485,0.4853889295868105,1.0268975231847577,267.31989193845055,0.5177142101541801,0.00010513630797959825
20885,-0.5675072284865088,-11.86873348981938,4.526849562511499,1.1138693856993316,467.94692490699555,0.8199376176493391,0.00010514312944785904
20886,-1.1379930671017107,-8.56540486755738,0.2002420985908518,1.7829017493368517,425.373988319719,0.6077000382617976,0.00010514352342822866
20887,-0.2665347816303214,-5.472151654548162,1.109715912057443,0.9967804070574288,260.569584701192,1.5055761136557093,0.00010515693247111819
20888,-7.452786310642536,-12.553860834985954,3.933495518965841,1.1318133526115042,467.4308814049157,0.5427013140221559,0.00010516432507855034
20889,-1.2216651905352762,-10.14171362109521,4.666646337122443,2.928893038905164,489.5642705323175,1.0518285367793014,0.00010517394138425338
20890,-2.0942846489413895,-7.2212827096202155,0.7268413122332337,1.751299057076609,358.8153331732414,0.7387462498252946,0.00010517491067282787
20891,-0.808570470808899,-5.116632027078065,1.0950410038473042,5.698064616173318,512.1907888595193,0.024732400571200408,0.00010517815414533715
20892,-1.4181551045738452,-7.853149365773509,0.4787656557274951,1.2282890460503049,265.21252543939846,0.07100892474757448,0.00010518620636943813
20893,-6.714058159086797,-11.045651941302047,4.877563674165565,0.960068776379588,252.6824317526206,1.2074987849904657,0.00010519219544448954
20894,-0.8076889261743538,-11.110249032996853,4.591734144572477,0.9256649355477061,468.4321283618838,0.13867980684186598,0.0001051927384968372
20895,-0.35302832635016834,-6.6463313284031695,3.6434713581259666,1.1113350585325896,241.19369801059557,1.0009133934594212,0.00010520465692766335
20896,-0.25177630548868457,-8.234183612716278,0.3227818524145398,1.1159875453669996,240.901877689325,0.02481186419455561,0.00010520697519235811
20897,-2.803061488633352,-5.319637205873017,3.5057934715569057,1.6283920270968226,325.93157651552303,0.160129904269529,0.0001052090902197166
20898,-2.2913999644697327,-6.0326877438934865,1.0012385698442992,0.8928619254706635,141.24818787107188,0.24886877296042975,0.00010521111710200475
20899,-2.264062449387019,-12.50837889122364,4.642533267310916,0.91980406459356,259.57569316548637,1.559455948937285,0.00010522496349362066
20900,-2.140742093440605,-7.161551317118644,3.996644354463638,1.6629112969544984,387.5915060921168,0.2285626006369954,0.00010522509303488067
20901,-1.6590466992528778,-5.53051089916353,1.1074069566271159,0.9746765641680649,298.03118741589213,0.07359394142800113,0.00010523541544569468
20902,-0.225147540626347,-11.5940300956213,4.577631988043197,1.5234854995735527,468.58294137256996,0.9394747058679593,0.00010524269096993491
20903,-2.041946486545813,-8.204215688267887,0.31260799169289133,1.7548257136212704,467.79645185119085,0.6053542259053435,0.00010526140276824773
20904,-0.9787256915117144,-5.123643717328946,3.16207227645793,1.2476124475421713,254.18453920088234,0.034201312317668986,0.00010526364114511909
20905,-9.691106882484563,-6.189228560032669,4.995424348504622,1.851231219505423,467.5630068013665,0.1917785129692442,0.00010526933860785565
20906,-3.2322581768410217,-5.085182292144831,0.625887139633611,1.5040571101749591,338.07795503891407,0.14168382386543765,0.00010527355637334137
20907,-1.659247264114688,-5.599781538324272,1.1246472139021122,1.547287554504022,358.06398530950736,0.10601270614277691,0.00010527616357847222
20908,-1.2063420909167064,-7.864740794113539,0.503989955490893,0.7736747248503872,448.1523275748862,0.23888662177224074,0.00010528207267195627
20909,-1.8628180516728818,-7.139912160099202,3.947210485054128,2.2776678668202255,414.6101975960001,0.4098771999366315,0.0001052933053371082
20910,-0.7164627969829631,-5.704844873208637,3.303033484308048,1.2134749338199047,468.05775830758176,0.7069077638286618,0.0001052943774832681
20911,-0.39735983096512584,-6.026674211862948,3.4387439281887646,4.9705540242507595,263.470339678489,0.2880824321053348,0.00010530239168115855
20912,-2.349066245207501,-6.806459284801371,0.7832927372199859,1.0689698832442984,467.922610017083,0.22189263635161183,0.00010530314956445086
20913,-6.89748424242886,-12.875078503042483,4.499935893601183,0.7272820519495414,145.76365864697485,0.47668092759955716,0.00010531129416590906
20914,-1.9488544103252075,-6.79060362795067,3.7262050770878825,1.271978755850551,313.199766668537,0.814330836432978,0.00010531162873058907
20915,-1.2445108207830042,-11.683671832475639,4.5321685524869135,1.1187168456422942,270.20998483042,1.1632817187160667,0.00010535784145495078
20916,-0.035477668307482446,-5.1394709708675546,1.3735396057125966,6.783304142644489,702.2518919036079,0.5002039662589661,0.0001053597269989513
20917,-1.7091176062413638,-7.781947972046992,0.5188609050760048,1.0749317844940949,285.44473122252055,0.3491560237091642,0.00010536737624040638
20918,-9.67743091786833,-5.715085247964733,1.465910837568897,1.2798720737892586,316.89296818600275,0.4371527430465667,0.00010537232900340264
20919,-2.2974184084012865,-5.583973329052144,1.1582431161262743,0.8298574380670823,243.52603743431243,0.9003947808961748,0.00010537869322538121
20920,-1.1551090013683663,-6.9737652544743485,0.8189727265658303,0.8529379048630494,208.38662045901648,0.49573464854811,0.00010537875921742792
20921,-0.9536531890301667,-7.956665510184951,4.445818656511212,0.9604941092747059,428.6905446563353,0.4403187804951765,0.00010539065353832665
20922,-0.858122716300441,-5.509442469374068,1.3920314190563436,0.5605938298140081,172.91747212729325,1.1189474041804397,0.00010539918520791816
20923,-1.8360288614407576,-6.320860170479105,0.9741712259131947,1.5322699430433881,353.7072768920987,0.37707976206777083,0.00010540495499680491
20924,-0.3732790907393948,-11.101171692599427,4.590201271524926,1.1706263255604428,265.0650693781392,0.786104936330335,0.00010540526730982789
20925,-9.356002713464864,-7.6559239133557595,4.367830539113732,0.6211049900799128,185.83701230545418,0.9092226891465858,0.00010540770789539373
20926,-0.8695136080983268,-5.942128429374504,3.3848726253864254,0.9066063364084194,468.0678524031757,0.5771712117526393,0.00010541381593184761
20927,-1.863716974689405,-7.388547680494804,0.6379729371906996,0.7410533820912242,162.7923692899065,0.8666208722012447,0.00010541525275072265
20928,-0.5010704663717664,-10.084697286662669,4.643220529473361,0.8856047220560362,468.02669034911014,0.20849494216280284,0.00010542744532175021
20929,-5.370672792982628,-12.078483953901674,4.859093625479753,1.3008958455341084,290.83086857996096,0.18354236091779708,0.00010543071261674957
20930,-5.519742096614958,-11.46063282798953,4.961151239062409,0.8403768086528213,235.693675369084,0.7407590404288023,0.00010543568049675138
20931,-2.096287165213081,-8.122072269279435,0.3646159261122912,2.6712947550247694,466.0413976799472,1.021028404440182,0.00010544140594075639
20932,-2.2274260506994805,-11.896205792614325,4.661832334700515,0.8680372520671967,230.9842856384963,0.8057508813066026,0.00010545384286779763
20933,-0.3239344075660995,-10.186784710451217,4.633841195621841,1.1517843218460202,203.47656196861428,0.10347429056300594,0.00010545520174632506
20934,-1.5670179098077952,-7.695340157778347,4.29043818356369,0.9265495761790705,191.26999516037753,0.9780023721792688,0.00010545945376169716
20935,-4.668008554664667,-5.866223120710457,0.060046656457760875,0.9310565121410505,246.54864806844498,0.932761895544771,0.00010546127254312998
20936,-3.0556444983429145,-12.057019146141137,5.053696981978356,1.011757920881761,272.10762348480944,1.079697636672651,0.00010548534202492119
20937,-0.13867174730726006,-5.521903617264951,1.3936495045314543,2.7890379863143764,482.5371029999206,1.7634638184834488,0.00010548911563292487
20938,-2.3524494129091966,-5.032114527801199,3.141299862464866,0.9704922240223028,258.7000742617248,0.9488136180169509,0.0001054892352756554
20939,-5.331559565844074,-11.265343622564432,5.000980594845419,0.8007554628525755,177.0698710413058,0.9693177767950685,0.00010549399175495067
20940,-8.195754062567854,-10.82520042863028,1.6614961479513166,1.3319504477149757,467.9795444181493,0.35867590072712474,0.0001054941046686223
20941,-3.5846998685026445,-5.434762361098837,0.42030243918355875,0.9194422881292295,196.8904418205328,0.18215904137389227,0.00010550129121208479
20942,-1.034654609804523,-12.626159001423181,4.502082840895317,1.2569310129336844,283.31530064463055,0.10886021301684679,0.00010551212224407972
20943,-0.16307609584422877,-12.887862580093586,4.497500363308535,0.6942827636503189,165.60082572086498,0.835046917967345,0.00010551835349683258
20944,-1.1755484620873666,-5.5572638693861585,1.3817366069414598,1.4408836953064679,253.0598668267132,0.11138201573071349,0.00010552142433144659
20945,-1.0933164671093127,-11.326242705504724,4.54845549364646,1.0575539733072605,209.6162570490943,0.7231098793683488,0.00010552345281753248
20946,-8.673095201027845,-8.259945702090498,4.653485834068634,0.8827987373292379,468.64391068971094,0.8616016106501867,0.000105525018828144
20947,-1.7138275912032004,-5.905116966272209,3.360840212720711,1.3415912146899205,315.1793934427274,1.35101661762402,0.00010552574018178089
20948,-2.6497100690552324,-5.702891118215512,3.2608517201589216,1.5849996893947846,367.13159852341687,0.21501532304255644,0.00010552954226120453
20949,-0.10804030934466624,-6.519088295309329,0.9625617898673724,0.8562974522283322,467.8664326165026,0.010831916369907546,0.00010553427255235003
20950,-1.8626846766290903,-8.3368835441807,4.598162826222493,0.8801138567730099,174.1639994908692,0.17789375137158991,0.00010553998773332465
20951,-3.3135455616851246,-6.206811934738322,0.13554696158593468,1.575973374591162,344.6159632334332,1.0825943306491972,0.0001055464954609959
20952,-0.16515456816756213,-12.266265783163789,4.509966130217245,1.322749903911411,286.2138993377027,0.15361459739859207,0.0001055488614533999
20953,-0.8231656496554933,-5.669373330680873,3.28702625183065,2.418814349505941,433.20384634940234,0.6024899397910826,0.00010556433747369051
20954,-0.4756072641649318,-11.077291662569895,4.584026386044809,2.58653559014917,464.44643568335016,1.7489631466188795,0.00010556595972074211
20955,-1.6297884918503005,-7.582466608200446,0.5808822105130529,1.006081504412071,468.16727641235747,0.6082469011961331,0.00010558337248103313
20956,-1.036276209964738,-8.165483999834235,0.3807164276978163,3.918458857052738,563.5924044837598,0.986804292079877,0.00010558552115664076
20957,-6.844721877340968,-10.414031174632179,5.053918662942924,4.346226570584282,589.1246751184235,0.856313088544618,0.00010558583777002481
20958,-1.1022045410136236,-12.112399093587756,4.554696403679325,1.1789194077885727,239.76802145615326,0.4380832831612951,0.00010559126880457883
20959,-0.9671285570029937,-8.7140106326884,0.19209195900984613,1.6548025232929937,468.2200693087382,0.3168269059286102,0.00010559506069723334
20960,-1.2903031479709064,-6.004111957978598,3.4231599056369335,0.7157839655113276,132.5403241017432,0.18633435609239424,0.00010559619392503845
20961,-0.97777941728069,-10.956481750499336,4.5661437451643305,0.8717322576625043,468.5702690344682,0.8585554691379178,0.00010559674631583194
20962,-2.421183889924425,-8.447873011966987,0.2717566237960454,1.2271953379537395,302.91833427442367,0.6791832142568843,0.0001055975192645638
20963,-0.4991520039157784,-6.199548968578346,3.4679283063815483,1.1432264920624882,295.85662120526666,0.6671022556750374,0.00010559908017880238
20964,-0.004323646221948252,-7.4306759205167126,4.156778389607693,1.52449092219164,346.6916865908535,0.6350804912998322,0.000105607088909812
20965,-3.509313354320506,-12.337960529368466,4.793701900603243,2.358624036871741,437.6818699363579,1.1059157509777702,0.00010561656043780516
20966,-7.741091952611406,-11.862178953188257,3.4941795174771553,1.033878931346451,470.0344194594532,0.058287271881640734,0.00010562493834975238
20967,-2.9155362019510953,-6.067392853114903,4.780925613211791,0.9074864219877256,246.9637544497003,0.527126025319979,0.00010563850206760161
20968,-0.04876020317208507,-5.065101272744006,3.1428524802849473,5.902526461044209,665.811509902055,0.5437310201615828,0.00010564295582939418
20969,-0.47086660167284755,-10.19227957867226,4.631527503547712,1.854313394962895,386.3448549871763,1.6501997298199074,0.00010564581704982651
20970,-0.31761987695661986,-5.559482272342661,1.0925757031425536,1.053769258484697,424.0496787893401,0.28748189783556466,0.00010564854707232192
20971,-1.274209250152433,-6.982713943822838,0.7917735676118935,0.9993946960732201,271.32946219409257,0.4341200454858418,0.00010565967868164113
20972,-1.2754280924859032,-11.517150271536492,4.536769982342724,1.0674642342802203,234.3419102220437,0.04292571605099571,0.00010567128539950164
20973,-0.8322778687564867,-10.168519754334355,4.659475585772258,0.9605233508370599,189.00661530932211,0.8711712674889407,0.0001056814239243095
20974,-0.4306484300538127,-5.069580680011816,1.3585512328793052,3.9757589750277242,556.9952746492129,0.4543135145631547,0.0001056970549331529
20975,-0.7719157757695179,-11.641802779793863,4.530458870809122,1.834273533148264,439.8879753682946,0.13182804684153115,0.00010570962664914172
20976,-9.922345064966398,-7.562014394368874,3.390953151784939,1.30446571965469,164.05378684918682,0.4161790972537407,0.00010572165734464103
20977,-0.026499349392670624,-11.449931383669298,4.539598766221221,1.51727672004013,342.07504612957194,0.1474104376115868,0.00010573117086787815
20978,-2.754356915733701,-5.1094250222084,3.0567135092583904,5.917013449117196,664.6475803172343,0.38539861357654015,0.00010573556634858897
20979,-1.411538753022139,-11.289290623972175,4.557527053930466,0.9868460031009679,129.51771524923038,0.3140120239087514,0.00010574853676275887
20980,-1.097093884131036,-5.284187708600218,1.4063816469517971,0.8204492710612514,468.6710802920415,0.3941580178623356,0.00010575657359542662
20981,-1.7807143182126453,-12.194385139192036,4.509786326244511,1.0907090373908574,467.11264008602757,0.9253822792515898,0.0001057592617393053
20982,-1.4453415245241619,-5.717805089918386,1.157428358269588,1.0713342761799185,231.12988832202737,0.6658089702939494,0.0001057620620732465
20983,-3.1601237608877133,-11.244046368994214,5.0694601559442205,0.912776433649191,158.16350148377236,0.07076124926572103,0.00010577203027063964
20984,-0.1994574006752874,-9.48027714331731,4.712689455667398,1.0287993865117122,275.3242864761518,0.44971898598205673,0.00010577366902646746
20985,-1.2721260013550566,-7.772034087111825,4.3445198371538485,0.9891274030152665,260.7881678006287,1.2912111945973619,0.00010578193717918813
20986,-0.7919186948252523,-6.644077513250365,0.866528996891345,1.2474689548592355,261.4426196661638,0.05080587941391457,0.0001057829318711273
20987,-7.967546237224405,-11.969673452053275,1.2573862870988357,1.8688852068006907,386.6432975667348,0.417234574380263,0.00010579240695639894
20988,-4.255481020005001,-12.89840228899061,4.763153438167769,0.5252958619841379,104.29086888934305,0.042511537314373626,0.00010579251598173465
20989,-6.413378075814214,-10.89238710469523,5.041903078052716,1.1629489383435323,301.95538515676134,1.6314334451341814,0.000105802897328031
20990,-1.7904162621250759,-8.135520696493925,4.518599292935444,1.6119648519151992,361.6235973331349,0.8170965859199315,0.00010580794869398085
20991,-0.7507055155339,-7.614974073060988,4.249170868608123,1.0988119054490093,292.2635001563044,0.787468287187508,0.00010580945234779612
20992,-8.130667940307774,-10.003817509924296,3.3964547871001023,0.6563549780395003,468.4623434787011,0.4598436752757973,0.00010581290989467968
20993,-0.011536614526898248,-5.092077305606506,1.3610285110337323,1.3806951758530774,321.14460884597383,0.37868547000185604,0.00010581857028948738
20994,-1.990164248659399,-6.183152364110166,1.0222317082110555,2.44192065695531,449.5082190986368,1.5945479661788733,0.00010583357372498443
20995,-0.7567942272862656,-5.794207533680207,3.377127076255535,0.5642940970982957,124.88319804769165,0.8960582638418506,0.00010584157987179573
20996,-2.051090019470516,-12.800253486656294,4.49551195442897,0.565510164366089,179.33683003876146,0.7074361485211131,0.00010584293586401199
20997,-9.719965708717186,-5.844856267466849,4.954675884774276,1.749930100506637,414.724842620183,0.40913428502087523,0.0001058551307949769
20998,-0.24503161019936748,-5.493658210904004,3.187606091868673,1.0181063416633027,202.18451476488323,0.7731594675142004,0.00010586336732213483
20999,-0.6169799147431707,-9.252553593092212,0.003198957936078571,1.0291380311523464,468.0078071816879,0.37152342979235176,0.00010586998649568356
21000,-9.92865308289774,-6.290233662819157,4.657265777151349,1.1077585357690496,294.3763032152999,0.7755473193555078,0.00010587143828429597
21001,-2.2554181541447527,-7.821160535929762,4.356470248238691,15.57191998689219,516.266047988668,0.14409555869772905,0.00010588939660295035
21002,-0.9520998867642767,-5.1331191056149885,1.404331902859939,1.6725141841229685,390.4297472238643,0.20595452156077787,0.00010588967505314888
21003,-1.7383604993079906,-8.137300179993204,4.518408738417917,1.5192541962591608,468.26485245364563,0.2036809794915122,0.00010589208857541908
21004,-0.7268581581649176,-7.628019336076597,0.5844066961733402,2.0148626398444183,383.4915711432149,0.566724572689588,0.00010590451591947531
21005,-0.9855801673458977,-11.537841011463355,4.533377178239593,1.123545762351531,268.66841051119513,0.16101187011909612,0.00010590587146372945
21006,-0.7270879002397823,-6.9829579725366075,0.7649661088110035,2.6840485715704525,469.4939117700428,1.20214446398822,0.00010591157764889163
21007,-2.093149195187901,-5.107677076223659,1.3544061817640327,0.6784093395421926,468.7083097985169,0.4012131954168696,0.00010591305178048527
21008,-0.8774243712229044,-7.2988267612435225,0.724765915023036,2.599377132624252,211.76951121803592,0.2600843531285788,0.00010591594009438247
21009,-2.3915201645525377,-5.573585221934383,1.1372272128051923,1.8784986627435063,467.7754460204973,0.06982529929371228,0.00010591677071397443
21010,-1.4220224848470444,-5.55225498492547,3.1838181389700164,0.9632618425966591,269.4669821739693,1.8094529986904897,0.00010592139378172133
21011,-9.97022998223479,-6.644170444575846,4.497394117933377,1.0240552579488666,301.2523822939003,0.8420150099251211,0.00010592531460294351
21012,-4.750550005489881,-12.645765920036572,4.789292467839103,1.3366787590839209,311.20508121535534,1.129331054479577,0.00010592761054344817
21013,-8.098041891893171,-11.722115276788282,1.8097620837828197,1.050340882351812,468.160576506407,0.8769227523783361,0.00010593311325871091
21014,-0.3222222118053466,-6.826306345441513,3.7675539349151492,0.9516115618138095,190.71125116346917,0.854342266603684,0.00010593816990855842
21015,-0.7059033297082369,-11.448932047169999,4.572070295267276,1.8240346214631291,434.0736860561761,0.5704690559490802,0.00010594278197082025
21016,-0.9257251773165045,-8.612833811632104,4.636100697987005,1.6223010247972776,188.40965105478296,0.2925003128756414,0.00010595433388397298
21017,-1.124225294901155,-5.190808841388704,1.1919243705819882,1.344910667365349,292.3608935688511,0.24441891242673464,0.00010596185861998881
21018,-0.43682384298422505,-5.263122463823298,1.3736777564928657,1.0234303637381257,268.920919181481,0.24533126366756353,0.00010596707447611996
21019,-2.859951266030622,-5.1872348531678645,3.5598325879380748,1.1615896379146637,296.74942330438716,0.9167831084514608,0.00010596940109711456
21020,-1.5647870532018953,-5.0263618490318445,1.341759127005437,1.5790346738618493,467.72971504021007,0.02420968491588482,0.0001059706822205982
21021,-8.91591568418224,-8.609980909164603,3.319458229643018,1.3499687089144556,468.37387179455936,0.4974929785672897,0.00010597274842024389
21022,-1.631523100549792,-6.299989594679295,3.4837321159296497,1.3313385921842549,313.0166525226381,0.3303639552482611,0.00010598591331436211
21023,-1.5944113392595156,-7.184293881461875,3.999180938277922,7.908514912643909,268.30569057145146,0.3237265644514622,0.00010599255634407301
21024,-3.1921435502027107,-5.533364555273483,4.717894387519309,2.4669528498619266,454.1356422286235,2.0323560442651756,0.00010599323101881555
21025,-0.3034844271623811,-5.247678091849194,1.25646122881432,0.8326038924264149,234.54274087607357,0.5917310323270994,0.00010599985168710838
21026,-1.0922044720820363,-7.556651666896368,0.5860869396617074,1.9312780530483198,396.60237817183355,1.8051048736626791,0.00010601166226684206
21027,-0.11173697513473435,-7.197701069627729,0.7325798339894691,0.8448421195451356,469.61806152051685,0.1671637782018527,0.00010601691697779683
21028,-2.2334077567858994,-5.008448582481726,1.2464848439443896,0.9221263825510391,466.6208351372384,0.1678327199119618,0.00010602486372498772
21029,-0.8419236165920339,-9.485889843592341,4.710153326810868,1.336227689040544,301.2030339285827,0.3441163760584418,0.00010602551489592199
21030,-1.7855990540125308,-6.059777422137583,3.390776658238982,0.9247440438554446,188.97599482614177,0.11225719092906328,0.00010603942123965903
21031,-8.43562654788547,-9.807312888330614,2.2347866843664352,6.974296637617061,341.69466499057563,0.27871770907698057,0.00010605340472529124
21032,-1.8256773489321922,-10.183004862076288,4.654713936999271,1.3250712962642588,325.57485848876894,0.3084701681841695,0.00010605410419521601
21033,-2.233519041471311,-5.29173848173389,1.3692763192274569,1.9884679479327059,376.5192970178713,0.47340456148239074,0.00010606805389948076
21034,-2.329060412171536,-9.182244271530188,0.03567571780237559,1.0406930427916699,257.87464300418003,0.3352426308789802,0.00010606940710974007
21035,-1.763737936213122,-5.296509177796971,1.2491625720740693,5.295524625629695,596.6581560487632,0.2132511927752061,0.0001060789322458933
21036,-8.959531883002144,-8.698377979677016,2.7822137933693627,1.3635481525923867,326.5990281475827,0.5137728626882616,0.00010608166362826346
21037,-1.8524980391501895,-7.537916904239256,4.229868671972742,1.0678793057351026,341.4648890623448,0.006130097496990672,0.00010608319622421797
21038,-0.09889692624025948,-6.231228925037214,3.4107866981783768,1.886179144098761,453.9925863540748,0.508324978524521,0.00010608900570309771
21039,-0.2977525610373597,-6.340636403497558,0.9706056039178994,1.7402018033547972,412.8063402862815,0.33751864985296276,0.0001060962659847331
21040,-2.5066713446561364,-5.562693761719621,3.1832243372488285,2.7436558624287986,477.7827275422978,1.5993331865408154,0.00010609991742868393
21041,-0.12055154654040656,-6.979914070651177,0.75207738833821,1.2142359335584545,253.6159088051905,0.042099323762735175,0.00010610361802018823
21042,-0.2541969414777725,-5.915150101887943,3.3521261844241708,1.4539096949011947,340.32624574210803,0.5153692851357015,0.0001061182440961353
21043,-0.8065520486221409,-5.266975455780558,1.1506599187353659,1.029451295431573,275.67789706108766,1.0051272983950383,0.00010612193385188965
21044,-7.919111366592963,-12.849573802282757,2.8769128157722217,1.0191174836989716,166.2549188990597,0.129756633852252,0.0001061258926400247
21045,-0.5217607572581713,-5.095119674840453,1.3373816721903697,1.0772223615465817,467.4868803885312,0.6686026760453716,0.00010612860391788145
21046,-0.1712683592296944,-6.0710990935954845,3.437597182722702,2.3945281752623204,446.82518467118615,2.0078903147649765,0.00010614762020319345
21047,-2.3586435242880732,-5.573787078176836,3.1837496312079216,0.9283637687187287,262.165848263567,1.737671286104396,0.00010615138444807691
21048,-2.1555905973459977,-12.767790250853036,4.4926770127799545,0.8620112269218502,467.4787258645628,0.5720053515652834,0.00010616659267035737
21049,-0.07563299912345833,-9.32420557358786,4.713731626707569,0.7496011133844965,430.0701345302998,0.23679959730060762,0.00010616668584653092
21050,-0.21343512895697891,-12.37844070838538,4.500709846591836,1.2345531787991746,273.3864688633391,0.8200981721658032,0.0001061681946777505
21051,-0.4894370357443769,-7.605611470992146,0.601238142794061,1.2055310893903661,234.4294612782045,0.01583003115142212,0.0001061742981886586
21052,-0.9502913428779252,-9.180211618870468,0.03949347451947393,1.6660099901917402,467.637010324039,0.45270183931270136,0.00010617632039555871
21053,-1.6286137330206465,-8.500053546638012,0.21283807441066266,1.34064960359391,322.1848169194969,1.889967317978873,0.0001061783472836701
21054,-6.192812456098,-11.553390355611459,4.912096250101365,0.9891204402615966,465.6129844605104,0.29403432660798945,0.00010619909810130409
21055,-2.059630311323298,-7.616073597375749,0.5505470025995484,2.2211759803347064,285.02230930136767,0.0665408008227466,0.000106209152983669
21056,-0.9166405405548712,-7.375083831694146,4.115993459590679,0.8672641712829658,206.94582857528056,1.0424643772684323,0.00010621570076012121
21057,-3.000357667789717,-5.539675263319484,0.5383842638411994,1.7672757629714857,467.79419363407,0.6200760316991252,0.00010621654599527369
21058,-1.5226855792175815,-6.202890800550559,0.9697622960373709,1.0774480427131476,147.01716310783064,0.17610601544031024,0.00010624358859456902
21059,-0.029734867696424416,-12.1359906307781,4.506487062616546,1.1914685964405718,328.8006876986512,0.45059329228293077,0.00010624865960380097
21060,-3.94828714586125,-5.069708219227769,0.542865068608731,0.7452352296978171,145.09835753018925,0.19494464351793095,0.00010626874085187391
21061,-5.106740587486358,-12.968217582640323,4.775233854735172,2.227217785573253,430.4120147639279,2.1958395999257823,0.00010627838243685542
21062,-1.6213347659337352,-9.248759071634582,4.713395106915706,2.0117263162305066,401.3006084529897,1.2446854309875333,0.00010628197362716581
21063,-1.6132279227259705,-5.16669401388314,1.352561190544846,1.6967713198786154,469.62314546892827,0.170465541578654,0.0001062924306276309
21064,-7.667177835762411,-10.88303574741733,3.9007765240219854,0.9450412664577357,467.91963537607353,0.5782499191496111,0.00010629710401045726
21065,-0.5554397592395262,-12.269032984614283,4.502187430707412,0.9570568830438645,266.5993727165376,1.4422181513566867,0.00010629753124224299
21066,-2.511854717988607,-5.0258183182166105,1.3351247757572615,6.971506994012441,709.4691935200066,0.5368209894831351,0.00010630117298149738
21067,-0.3215210779424087,-11.049392650049212,4.565499179343648,0.8458000503394798,190.81719221641794,1.2145672983483342,0.00010630575631887867
21068,-0.3177547384232593,-5.262125991386232,3.1654845196528494,1.380136014903304,470.0564670482661,0.10065033686091329,0.00010630826222341056
21069,-1.021095155440193,-5.128906324373842,1.3423536684253234,2.121444728802405,417.15759358941096,1.5554300766884657,0.00010631630288124045
21070,-2.1478331350393187,-5.023992950158193,1.2650241622173595,0.7135551404156417,134.95759429502695,0.3151625722735014,0.00010631697753273431
21071,-1.5873871139610802,-5.909336937461025,3.271934450761071,1.1252044407624502,290.01426903697154,1.017909743432094,0.00010631973849251606
21072,-0.2348052312632909,-12.813871938649534,4.490254395414761,1.065148639417861,255.56724640686406,0.26751262084585026,0.00010632806315969455
21073,-1.7775795776574341,-6.435377250127549,3.5821372699457825,6.044307180829791,334.9186493740792,0.19780033463397473,0.00010634612360981409
21074,-0.8166805433393627,-11.331130286971751,4.539883117418175,2.4398845425377136,430.6261188821504,0.4731054320747754,0.00010635181460918231
21075,-0.23754582933890767,-6.946547071720501,0.815521935856046,0.9556142198657807,201.34036550630023,0.45370933468534513,0.00010635930942212612
21076,-1.4924599273032157,-5.336344723324029,1.1474678481916682,3.7435339013912103,551.3117613583418,0.9403997953941223,0.00010637312785272433
21077,-1.6321092787617317,-8.396104844744592,0.2606387860497891,1.8122823229005736,432.8052210878077,0.2069298860284965,0.00010638625897020801
21078,-1.8748538967829003,-12.25839339200052,4.50145537745744,3.211176944273379,515.0334603101592,1.2764278959363375,0.00010639617889313974
21079,-4.082249216618693,-5.279615836841566,4.764451166683359,0.9227207379127174,416.3506011827457,0.8734163383970204,0.00010640351556544901
21080,-2.3869444358470524,-6.83587379361404,3.765430515377911,1.1158212539867463,468.1392172416559,0.7598804988838816,0.00010641302665358074
21081,-0.9089776891104897,-5.259439995520029,3.1624229337763614,1.3595907938701497,315.7878831631807,1.10326541563225,0.00010641908282011246
21082,-0.5896758114108902,-8.33939397187206,4.564183638264881,1.9018432207168154,366.3415792011721,0.48909602396722907,0.00010642157775242609
21083,-2.098204327071203,-6.311081237159283,3.5278164909551313,1.1381061269204094,299.0942154447619,0.6950189835088274,0.00010643033177805637
21084,-1.704940125592211,-5.269564344389779,1.1879716013764114,1.6889312459656676,425.3764282715386,0.4159234785002468,0.00010643310932680805
21085,-2.4243829747337218,-5.542981692188701,1.1135771393094211,1.460090209822184,330.5516780916518,0.5756016785070077,0.00010643417602116768
21086,-7.8031859832987465,-8.35751344364322,0.1429087666595563,1.000529697471193,276.0877368127761,1.3833342942712408,0.00010646054458374968
21087,-0.22702845292078955,-5.2988719938069675,1.3437546309106927,0.808154350972272,469.01898307658485,0.1413736273053834,0.00010647318879022051
21088,-5.899494688780517,-12.582510551385832,4.808290993904817,0.8362785661277384,142.51674789161825,0.0038709910592444885,0.00010647378894949155
21089,-1.8010065369650299,-5.212819746477466,1.3467542959379382,0.9891983302319391,249.24637475885748,0.9802967866579042,0.0001064876452250119
21090,-0.8441822987235135,-6.301228044874813,3.5226639753398463,0.7498185073332314,219.77819727450608,1.3059967350018944,0.00010648818363777851
21091,-3.9393867551642394,-5.086509320556882,0.5241869878816114,1.6424491680150912,187.01241058120843,0.20720363812184228,0.00010648842635118935
21092,-1.8472028728861698,-5.270385174824478,3.1628435093137024,1.2084907512744523,306.780215270099,0.5412865636916484,0.00010650162970019909
21093,-0.8670583395406943,-6.661391960266261,3.684745923885808,1.093115756179821,221.83383899890265,0.48774119766236446,0.00010651967719931961
21094,-2.644224874069061,-5.557612896150293,3.1723166403169403,1.7548669954271265,416.6644365371905,0.6674650357777621,0.0001065228478148886
21095,-0.18167232864415084,-11.790204237771587,4.5158358495637945,3.0191608230484537,485.7722246992146,0.5250605089907951,0.00010652459208794295
21096,-9.185395954618507,-8.405796247232423,2.834918236787665,1.327734193809408,299.06850989609666,0.4924395780705968,0.00010652463112513815
21097,-2.13500734504648,-6.228082165913351,1.0594849170447012,1.0328931565258932,263.44985474499106,1.0592896387951418,0.00010652499318897011
21098,-0.8930432559665178,-5.316382709228952,1.364527514819308,0.8135740672715267,182.37252495661818,1.040488556979354,0.00010652659524275883
21099,-2.361103968272179,-6.241331896405547,1.069364422512586,2.034594650104988,403.7599204923953,1.1276299610419134,0.00010652883390866285
21100,-2.0316667829522936,-11.879659132152959,4.5122379779026955,2.5316651428119186,461.1177714196475,2.444227878663037,0.00010653427501007275
21101,-4.105483590978047,-5.01275225604685,4.522403879246307,0.8405969318026105,207.2328017304431,0.858984543481661,0.00010654959402525635
21102,-3.5452100476167923,-5.704578874560594,0.35616566792579174,1.6922810173032887,467.43316927769376,0.4892794480913665,0.00010655099544042318
21103,-1.7574093291997421,-7.011568465476022,0.8206566261349819,1.8900883213923882,456.8446625668746,0.4447998260360668,0.00010655346340336002
21104,-0.5673518734050838,-7.272711573098675,0.745404102319446,1.8119484836567437,467.93946994490426,0.2184516176949769,0.00010655836620975395
21105,-0.10098813717072375,-7.003502293921981,0.7515936225116517,0.8534517679083664,210.51631495608422,0.6602009076084618,0.00010657180947643791
21106,-0.18041887338483598,-7.734458607743048,4.298393546605518,1.3328075772569072,290.117580979823,0.4327841341045433,0.00010657409213398951
21107,-0.4866413855653011,-9.433762494105627,4.706346256159634,1.4965328542008627,335.2781929463728,0.6697843399058128,0.00010658305265382107
21108,-2.7029121031661143,-6.658960404420358,0.25024727449292866,1.2059619933383536,307.8549714093391,0.32284794246048776,0.00010658805549984943
21109,-0.5519976894164422,-11.683915300955537,4.519586337804726,0.9323444073031338,467.2465032731603,0.11986307140001085,0.00010659790055515825
21110,-3.7869542739121673,-5.4230569517843366,0.41595174904911414,0.7885477182540902,191.33627606891048,0.9048434416679578,0.00010660115655649436
21111,-0.27903556042624444,-6.2460769132470295,1.0217812528647716,1.8762773043827272,469.5083837197128,0.02574209719548559,0.00010660758011490603
21112,-0.45611725316241447,-7.9304350423468,4.419811024449638,1.7149513243394,361.5483915212238,1.009648088060307,0.00010660763952281004
21113,-3.221405728312236,-12.99963341894124,4.789497772751377,0.9883958782343522,239.2264711659258,0.7238804941625245,0.00010660776695647093
21114,-2.0121442094266238,-5.651726399116676,1.3819417727030177,1.7015910215658256,469.34064369711297,0.18230194115631893,0.00010661332850099964
21115,-0.41773491531820817,-8.222961014474837,0.3487630019118161,0.8740473355675932,224.4975534938238,0.5559986374625696,0.000106613810195774
21116,-1.3985977349881438,-12.554809298744573,4.492077345234467,1.739460714666185,373.870184056181,1.9157050755644933,0.00010661860636285087
21117,-0.9698101319281172,-5.85683940736398,3.322159400249214,2.245652669397501,204.67628052767725,0.3491868110988543,0.00010662186647504755
21118,-1.2700935611365036,-7.72840800577023,4.294125880389597,0.5243031212841456,132.7050952042345,0.607024361002674,0.00010665801832431892
21119,-2.2895710920707337,-7.209978216093052,3.9648851844785193,1.80448652547483,430.7093817587559,0.4192776763391777,0.00010667224065923235
21120,-8.317504508823358,-9.245428069030561,3.825660807534424,0.8454289892237922,470.0876127794288,0.19218847302820752,0.00010667787984908262
21121,-1.854529018411803,-7.852709982713322,4.387764030617255,0.8018023807085869,469.88976305136214,0.07145775772003482,0.00010667793498274742
21122,-0.09664791536519957,-9.197301692614287,0.03816133261767275,2.0458510124094733,404.69385816082104,1.214565247502434,0.00010668791336055787
21123,-1.6555086043650515,-5.387288248478874,1.402494889891332,1.7820524200849488,468.3684854924341,0.5245279305304029,0.00010668826226843325
21124,-3.693874558024044,-5.14947327005083,4.466384117135662,1.1521660517767607,247.15098292991473,0.0541314791855978,0.00010669080118106776
21125,-3.5519364268357725,-12.570095025815434,4.767102126671227,1.6664482249833568,391.4172150359463,0.38233273869589723,0.00010669291664106523
21126,-3.0666646526410037,-5.210244626536672,0.6926141609022792,1.8535758671885338,468.21868168462845,0.07622670388293873,0.00010669973535023257
21127,-7.282013701993698,-10.74583499759033,4.5128732891473815,0.648480443297052,197.93989653743716,0.3354581866873687,0.00010672151159930083
21128,-1.1268015476216284,-7.886156095620589,4.403726748961461,1.938860089063035,398.3498574842287,2.0040521892742307,0.00010674248169215184
21129,-0.5175789688210379,-5.452670544037839,3.2823680314996477,1.1079491992434052,292.4530724883253,1.4791821810022787,0.000106750048013396
21130,-1.5848571813925219,-5.188226106627051,1.2046353820841853,1.079928515559551,467.8847278429665,0.09738873680588167,0.00010675316755919184
21131,-0.17464546291235905,-11.39155056742527,4.532436464241685,1.063680794947133,280.6871317203891,1.1543521854249983,0.0001067574102493694
21132,-8.311116857818927,-9.976734181588679,2.742336427938045,4.253404595577953,584.1362533617095,0.8879346501921335,0.00010676230645792366
21133,-1.9210581716445283,-5.368405034855023,1.3428470140511513,4.16267080027947,425.83855857164446,0.006868679444483661,0.00010676312859369053
21134,-0.7327224838343689,-10.876998644191202,4.5883030712102295,3.0119282621358012,500.3589836249195,1.483148543647741,0.00010676459899402296
21135,-2.2864379982323175,-6.511138336995138,3.609048843741842,1.7530483648734894,413.8854878760782,0.4896792725031256,0.00010677490951790094
21136,-1.5005034203717518,-8.781865158679803,4.687548989711375,3.25829884290509,519.3528058136238,1.3790073847658757,0.0001067762733865934
21137,-2.058704298706388,-5.048328907863405,3.059248467863442,1.8231622929533828,447.29902478569124,0.06906819463412983,0.00010677642717763006
21138,-2.301048446413639,-9.77709157458051,4.851351889511838,1.5066039795311814,346.03178271964276,1.520708250388295,0.00010677997589324791
21139,-1.1830853698046067,-6.735211245136143,0.860907380359093,1.0336488617083992,269.0295726300238,0.041956338141225125,0.0001067833339513833
21140,-8.950678536788278,-8.441449662440613,3.647270145990111,0.9870142324962953,274.15050039126885,1.5587445188871971,0.00010680164269052093
21141,-0.5197287408325266,-7.562175244039454,4.195586984346956,1.1835471460934004,300.92743276178345,1.656663622718754,0.00010680366490704603
21142,-0.5367712142906864,-5.386341098145348,1.2551555328446997,1.4996964965198691,339.6156256070727,0.008816570599715412,0.0001068129779002844
21143,-8.962610215545832,-8.165402301676725,4.211378638415178,0.9047454137670313,275.8432273866933,0.5009448255997659,0.00010681827411584215
21144,-1.9207214352180397,-7.252507440498497,0.7333307606488004,1.3420897218239607,316.9315766135126,0.19306184284810168,0.00010682644133082052
21145,-5.5004402184592,-12.399896067167143,4.823807593242125,8.754551259276923,524.1407675541033,0.026502665779794654,0.0001068398509387798
21146,-9.819328224083218,-6.406479059407894,4.777456063161542,0.973079422227064,247.8191553049925,0.4880191315206499,0.00010684175800477703
21147,-9.110975440047003,-7.49087287672676,5.023690726225256,1.7318238483940012,411.5754278389845,0.7064707699532375,0.00010684330691485766
21148,-1.6539485177580175,-8.23577312281482,0.313956569508704,0.7241143273017439,217.9027052303734,1.1856291284755214,0.00010684614447597434
21149,-2.137443829818978,-10.481142388790449,4.614843440251599,2.115693195966736,418.70076266281814,2.2123643682656997,0.00010685687787884626
21150,-0.7336407310966049,-5.459899645793514,1.1413266888858007,1.257855751050604,304.6467905580596,0.35035695465762107,0.00010687753148456387
21151,-8.823319591890565,-7.811272508626416,5.073005309867768,1.871334692429474,381.0028334501462,0.9942070868196593,0.00010688598636193708
21152,-2.215541541128893,-10.060958935871064,4.631663702954334,2.5748300794448236,465.30388445936296,2.5829200255827285,0.00010690031020142627
21153,-0.7436934787127303,-12.535920483827411,4.489479814826668,1.1341954211738012,291.0930364853621,1.0670126690144874,0.00010690868107152229
21154,-1.6675287471735416,-5.90577308198915,3.3326087504093556,1.042579328992559,201.96389203995815,0.06736848453870614,0.00010691029645246519
21155,-3.196342791648953,-11.038878732716606,5.090677082197136,1.0803503816571485,468.3384057210351,0.5128845383063174,0.00010691697982670781
21156,-2.6614301984893842,-5.532809640875066,3.3261234298416964,0.8844498078932702,248.08918201731845,0.549594612826648,0.00010692087928730684
21157,-7.420124666992887,-9.66694909814084,5.010507664834578,1.1555696830077968,296.6196625865998,0.8099686230033987,0.00010692426457016381
21158,-5.826174972537699,-12.7731825185565,4.796683679018686,1.5711126604474255,363.2940028423994,0.3171133264747992,0.00010692592320739455
21159,-2.7347733599193322,-5.099333876820306,3.1161937125215315,1.889264872091626,470.07026963253537,0.05579611321538813,0.00010692837969204879
21160,-0.8222424999352889,-7.905753626653215,0.4445611993238692,0.9408562065689172,187.933461585562,0.11457420809926955,0.0001069299373682998
21161,-5.448631214073767,-10.958768836309645,5.088122108880975,3.0467044157481826,499.9857496864887,1.06309988481381,0.00010694155465710532
21162,-1.0826905332330075,-9.32878003968934,4.7060402767741305,1.1661232654591718,281.4795938465924,0.9195733582875816,0.00010694453595581183
21163,-0.36404920497791693,-8.72690600986044,0.19451465138013213,1.5409932031333347,355.8883193289624,0.23047274348813662,0.0001069543136958505
21164,-1.6527466668380253,-6.633635502665973,3.6645475743685734,1.0599387943167005,467.2108106137497,0.7947819256831314,0.00010698691836666072
21165,-0.8212743333312567,-5.193968348503195,1.2371451511027092,1.102999984295128,292.31332544813745,0.6641660494151553,0.00010698904583594333
21166,-1.0042238639207657,-5.628664712684018,3.247897297153368,0.6122630369840859,131.50639517317316,0.18695335279064373,0.00010701198777967142
21167,-0.5355463958341353,-6.106883183631107,3.4334760338047725,1.6551721655233955,468.44990581165456,0.3910639045959412,0.00010702385628195106
21168,-1.8998031255664323,-5.086304708212027,3.0604851746065864,1.1349748399812454,247.58007348373084,0.766795678240503,0.00010702949405350989
21169,-0.3734359744017386,-6.237527843033108,1.0308557740920776,1.908279769670755,467.9402367862242,0.5175829517785235,0.00010703457835795026
21170,-0.20873410532260195,-8.165637392094057,0.3718486731397263,1.6894878942852847,395.00956502878387,0.16164973368203572,0.00010703469782748264
21171,-3.293115506279144,-5.308930427892358,4.615354615778131,0.8994757805730881,227.27393496819295,1.1878027039202221,0.00010703969706616988
21172,-2.406752408381089,-7.194508278935456,3.994232388607773,1.422883149498202,336.55919964536554,0.2525413459199424,0.00010704087432334465
21173,-9.167507950023232,-8.428660929176484,2.8132807799989163,1.3762547481472882,389.6886640297341,0.2603503694146143,0.00010704775561620259
21174,-1.85744511973809,-12.473488430458413,4.489357700124902,1.8793350007079626,467.92813183121456,0.04009261527234553,0.0001070530942316256
21175,-2.187697595717247,-11.874712287314019,4.507100620118455,1.2063638983724088,260.45557764268597,0.45278078020911217,0.00010705533488651241
21176,-1.2661037208504986,-5.902844257723181,3.3285938076220645,0.9833926629674892,258.50160322695257,1.6134106774726513,0.00010705577758514711
21177,-3.3853702305468767,-5.948232050417022,0.231973334523869,1.7797356085403806,468.72359779001283,0.7766338291519785,0.00010705700649656713
21178,-0.6029222708030595,-7.62859343368493,0.547243669386158,1.3863847534358225,315.1214746471668,0.8343049772891993,0.00010705948008038321
21179,-6.299388902078055,-11.21967483909464,4.966184125886738,0.9768744011836805,269.3626357484169,1.4258831298445518,0.00010705959642102392
21180,-3.9010274584183247,-11.916440477717861,4.841243680833862,1.481521769126193,339.0751100967096,0.2374499989031813,0.00010707089896444115
21181,-2.263754666360189,-12.240009965986316,4.541605852971991,0.8584288694583986,446.1152681531674,0.3921407535867072,0.0001070716367607604
21182,-8.703647696525667,-8.582861534977749,3.9970007555575098,0.910909341370808,467.9780167079275,0.31965907959466566,0.00010709490737819671
21183,-3.8514259852759256,-5.026543068172991,4.3248827749527985,1.8147019155611503,467.3470568653353,0.3146101610351977,0.00010711385576842802
21184,-0.8772198504817492,-7.5413372021358045,0.6259495084902568,1.1197078875426887,466.8943623821936,0.2954312705340323,0.00010711911186555775
21185,-2.023800716552251,-7.240512482510309,4.011152366794545,3.350633943565691,237.3050984948869,0.40423228233981856,0.00010712072577010222
21186,-1.2133464286085882,-7.21572760446447,4.002060765964926,1.0776678674391238,286.2658907633799,1.2320114234221018,0.00010712134781773275
21187,-8.032441220872094,-11.799672261627038,1.4364752235350717,1.210935326724424,254.93826675150711,0.04885011895090763,0.00010713498318905889
21188,-0.8543494509155032,-9.270040968127049,4.705038004386118,2.3679012643978035,443.5191608783344,1.8708175723540714,0.00010714146380078522
21189,-2.2532983003295417,-7.709837671026193,4.32329084060672,1.8549124307478408,465.68811209418834,0.6476490222762008,0.00010714226242472888
21190,-0.28325989514189587,-7.446224747332422,0.6555890971148121,1.421139406549293,323.82266685999707,0.06489915352652886,0.000107149269691259
21191,-1.1458805490771624,-12.338084550642725,4.491318224566323,1.199057318312163,305.5733730878132,1.1545623861252556,0.00010718064064283021
21192,-1.9879333094071505,-11.030675526837667,4.550729822886826,1.255043211507997,467.8259290421753,0.19360190545767786,0.00010718621427000724
21193,-2.08339351251864,-5.251493951432615,1.2232725567279752,1.1365027281974214,467.72556014638013,0.4910475051243308,0.0001071903029910209
21194,-1.563433867317924,-5.446047398567455,1.2542525193383487,1.8857100626789156,458.028533738703,0.4106436250140302,0.00010719159082974651
21195,-1.5807336331712225,-6.106113740774677,3.430018241940554,1.1066895519907296,292.0312676253946,0.67443212225582,0.00010719226066599717
21196,-2.5213902745567554,-6.016491865383288,3.3632798453109527,2.9513257345929658,410.00567018179584,0.11090081207719837,0.00010719528717311274
21197,-1.0841536563888035,-12.402901772401139,4.489543073879172,1.2713988374266774,315.7562087646797,0.39398891416559767,0.0001071962169228278
21198,-1.833711929712301,-5.7415019627448425,1.382626000560791,0.9443999352303206,468.8356274723515,0.08120620852736682,0.00010719660017279647
21199,-0.759861897812188,-5.126125309438936,1.2947702937495993,1.0370194858763015,269.81255302787594,1.4697633004306594,0.00010720044895713261
21200,-1.9298516015110394,-5.781662382075414,1.0959201869060473,1.4486567056448654,338.5782120815886,0.7817132857403672,0.00010720882707742481
21201,-3.1242860569750253,-5.043404890652655,4.119969904040444,0.7871267311765012,179.83238706482126,0.10518833048070331,0.00010720988006551394
21202,-2.253317534538267,-11.177208596937104,4.544317451718739,1.7339602735661286,369.5873063109863,1.3224553022083176,0.00010720988464139284
21203,-0.16858556758249676,-5.182968484675997,1.4680676823230014,1.1422699059808703,292.49953715918065,1.313244676724299,0.00010721856827121963
21204,-0.5289148342881926,-5.074365525160563,3.1335325120618953,1.7016281304178713,402.36557266357755,0.5450149728257552,0.00010721940796441711
21205,-1.1621389266731796,-6.478470561677261,3.5862192265129904,0.9763970352517793,258.0414293881934,0.656241384455412,0.00010721997583825646
21206,-8.937331545489602,-8.730365109287426,2.7630942462816224,2.0890450145309987,178.9714796805318,0.2937718238461926,0.00010722169331186679
21207,-0.7364382105373046,-8.692811598701407,4.669476647678566,2.5764519650336055,464.233932131255,2.0035735681342244,0.00010722207838219854
21208,-1.4131234609903789,-5.087002595738622,3.062376922772598,1.0884603687584482,468.1182631087969,0.7409516003759018,0.00010722737433717273
21209,-0.9585292305058406,-8.003870236017965,4.447223276019552,0.9358877287969879,239.98742613102402,0.1597356391124105,0.00010723212436339653
21210,-9.316347797503216,-7.852865733106938,1.3723301927185938,0.9952948911579277,469.72240337788674,0.051026646873951975,0.00010724470589817683
21211,-1.6917945142184205,-6.518309289058882,3.604127358414403,1.3119049657577568,287.42786239113667,0.6913522055233434,0.00010725156466794674
21212,-1.7471117031535517,-6.140479092967533,3.389058650233723,1.6079073857703328,469.8218416097337,0.00010805086889842386,0.00010727630243251837
21213,-1.7511475597981132,-5.382712023781312,1.3488125418573373,1.2672384568859076,305.73682458759646,0.556533884328342,0.00010727812094762363
21214,-0.7456614736061375,-7.8816299216885355,4.363802482755583,1.068674917335435,279.5056544161597,1.2881981341990176,0.00010729604145411381
21215,-0.06770085741848142,-5.855057190736796,1.1059272264455424,0.7332158938540079,147.5114989487767,0.7335623796199533,0.00010730481261719822
21216,-2.6824182307289,-5.523053403648933,3.292603066946264,0.8117307709266762,467.3590949727788,0.052360935180934653,0.00010731180738119793
21217,-6.695319884556763,-10.891591961002137,4.930315023510117,0.7938487465901644,211.99035087149818,0.4218109821536524,0.00010731339813864524
21218,-0.9846361588469126,-11.618696772866194,4.515307782199121,1.6229587137162684,380.55716925724687,0.5954068488498558,0.00010731596031139021
21219,-1.3123557711092744,-6.291721260680533,1.0070027943666846,1.030503805460564,281.7275582783518,1.2540483926751795,0.00010733965202176581
21220,-9.452969541806969,-5.430061774594238,0.9665519225960869,0.5391868059993389,165.17993605229447,1.1872351159385497,0.00010734909684720554
21221,-1.4451287957935968,-5.990160261449174,3.353409119134893,1.8370151595482342,468.3652780174193,0.523291734465583,0.00010734918324634094
21222,-2.4691126003009733,-6.590908441425813,3.6501137686537484,1.0252901721681138,267.807967262327,0.7316371256292458,0.00010737001965450653
21223,-1.2222732115016086,-6.277303585027916,1.00475780957729,0.8578282394586881,469.47906015632924,0.00019788131821307786,0.0001073846696322939
21224,-2.640548139000739,-5.39375195721016,0.8012521640049913,1.875687898164214,469.2435259988441,0.15061335439068202,0.00010738797399384694
21225,-0.26949567549495335,-5.101971457146026,3.1342752123932778,1.288046534701296,468.2277712196239,0.30983157247436655,0.00010739812303870979
21226,-0.8320557404290714,-7.212135305684365,3.9960358443684725,0.8554825233507148,134.30018027874038,0.347198094244086,0.00010739824414506791
21227,-6.072599142904345,-12.470241298975477,4.801886510336118,1.172292985324628,300.1797410151135,1.552603599932338,0.00010740158669553381
21228,-0.5620396136304979,-5.076842244906791,1.2314687563257898,1.4396726745824073,316.96550173112155,0.2205300996463233,0.00010740866600510489
21229,-1.2765333026280992,-8.602361920904938,0.20573261490964576,1.4949204292487765,322.32884465994306,0.17398581381741973,0.00010740969459101872
21230,-1.1500008162913904,-7.984571135727168,4.436185164233066,1.8897432483488457,467.8533922800149,0.5832184956219058,0.0001074325759396469
21231,-1.4013899139623636,-6.317772212914873,1.0725692657963908,1.723507428917334,311.98599536812077,0.23320719760624709,0.00010745675240712194
21232,-2.23205461452668,-11.18566022008362,4.667403758305857,1.1926423404604634,467.99165265071724,0.36412059199400115,0.00010745867962418802
21233,-1.0951861562934706,-5.530743697568896,1.3687571807654064,1.3790995973928184,312.4382241919885,0.1403239151359399,0.00010747017008810273
21234,-3.2844114171155745,-5.653141236908092,0.454786169587415,0.8282702912439501,192.09388873782146,0.5470754189681895,0.00010747225979831359
21235,-2.705108955700873,-6.530033184932808,4.479005113547505,1.5517216509034517,467.95674893403196,0.1296615624517221,0.00010747288950281348
21236,-7.887078163695346,-10.368969470467777,3.711855418902705,2.8439032972926066,480.567975961193,0.9339501576947766,0.00010747356896779236
21237,-0.037559728548872684,-5.454457685398329,3.214469468622466,1.7011829901869966,400.22065939423453,0.18791572726802386,0.0001074789621506461
21238,-2.0079122911504275,-11.034092736799554,4.580615112294787,0.9504301846738188,255.28203787017003,0.6970735631465024,0.00010748534314615051
21239,-0.17947095383377842,-11.0682972808787,4.564348678066906,1.0481287570270752,282.7325645303496,0.9339389494800185,0.00010748586950766443
21240,-0.473124772986095,-5.232446703021336,1.2929850351776109,1.1143131826538324,278.30814537990875,0.7009316072780605,0.00010749286751539519
21241,-3.179315593163089,-5.707173125768302,4.85278621835116,2.188106155166549,424.5836758729921,1.6344303562973952,0.00010749907399706695
21242,-3.770016128267085,-10.938853615421769,5.057509092268377,1.0009921551036194,268.11936520702045,0.7984082984079448,0.00010750603119669334
21243,-7.762748731608486,-12.007276723429115,3.416087587917102,1.32883140140654,443.5213046166841,0.5211370155172688,0.0001075060956094463
21244,-9.92396497887518,-7.369360187551157,3.8187204614121275,1.00883103904528,277.2986714709301,1.4558498967339242,0.00010751019422360296
21245,-2.9897165747619017,-6.785266623451734,0.13537116363039473,1.1669604444010824,299.78428908449644,0.8353358857053834,0.00010751892925506103
21246,-4.287264367741229,-5.244912620603717,4.693522693201111,0.9225970103885933,468.21247921342496,0.8147351321455352,0.00010752475997134005
21247,-1.5441663508783794,-8.325835135413008,4.557292958036918,1.4001648579086656,305.3642933284473,0.4846941564085956,0.00010753006087939927
21248,-9.648869755923098,-6.653277466683745,1.4760120272456494,0.7568503275608836,468.6133975576752,0.22401944753218128,0.00010753200538880343
21249,-0.3552311449524197,-12.554727722184772,4.482663296528639,2.5001773582876123,458.27986651859413,2.5597393453316,0.00010753288971714019
21250,-1.1980947264506518,-6.554457113881736,3.6106665636422526,2.6853034677798004,459.5604821796746,0.6287747996323647,0.00010753291042607955
21251,-8.324460229464881,-10.203504635964581,1.6259164119499296,1.053315471962602,207.7518165618682,0.46878496869431796,0.00010753695880057913
21252,-0.5629016462475143,-8.838055784495257,0.14434595629954347,0.7741349714774566,209.45187476876268,0.24962611457667006,0.00010753941712941235
21253,-0.6881206555888504,-9.274343422394246,4.696752620999713,0.4783307124271682,135.77195100737023,0.7791476049465951,0.00010754031523693499
21254,-0.7280253202325966,-8.838797530037212,4.685731915891267,1.5350188015509048,467.9891352589126,0.43254376402242123,0.00010754701120171323
21255,-0.4264082227849144,-5.762219549554172,3.2763160474652686,0.6458293208332833,195.27863903544744,0.3432648282007982,0.00010754727221872512
21256,-1.856911528921989,-5.119834539499742,1.4683800133123452,4.595077144307986,448.54083002503353,0.008097910131945163,0.00010756696818358923
21257,-6.893048523737393,-10.489934078956338,4.978175288545003,1.1611013530290242,258.98782412789797,0.4080905101602994,0.00010757231447251876
21258,-0.7108703948016633,-5.003653172804031,1.2147948209052044,1.18776387620895,234.99578211997022,0.005889561337356852,0.00010757413932811137
21259,-8.570130773300873,-8.850786455273045,3.8186040900165503,0.9842416236596556,468.0094853335713,0.37230277050607175,0.00010757438088744962
21260,-7.856963115615931,-11.7546449038006,3.2265307776216554,16.92931535775092,783.1199862829253,0.14598422608645922,0.0001075837469637769
21261,-2.428292321440189,-5.130172338284354,1.2766971319196776,1.2197685807121448,231.90682739921277,0.010224433178178671,0.00010758658691648413
21262,-0.042477666676838055,-12.324895169712194,4.487481153065045,0.8864151753582453,233.0717516563317,1.2628101795651672,0.00010758796840205432
21263,-2.203786425210019,-7.052444788970648,3.8984064589795366,1.9125466451944841,468.6924870570112,0.6101482390262918,0.0001076291273062375
21264,-1.5656198082668134,-5.767374449121432,3.2760150958172005,1.6158259000810995,470.16407074964104,0.09886318743241151,0.00010763659293460578
21265,-3.1882650894224156,-5.1692553335161335,0.657473249404041,1.165142324590757,297.29272636961457,1.0045100764952561,0.00010763979754935095
21266,-6.029034624643864,-11.584928765424195,4.9188301473615095,1.7438758140735702,466.7408825122576,0.12436210692064353,0.00010764125298164392
21267,-2.164444976654769,-7.686831239977519,4.259600392140123,1.0640503282139397,286.0466399650991,0.980965479154932,0.00010764515231855716
21268,-2.42778647358585,-8.831558563831342,0.14885220918844314,1.0840462964019149,467.75168822003224,0.7700093712888085,0.00010765236864561701
21269,-2.9822768405083044,-5.887316835528509,4.696412745928739,0.5190627425844389,145.92566536563297,0.6170881637062982,0.0001076567429537133
21270,-1.739943530983524,-5.5040458187150385,3.2308600057186463,0.8378478223164799,191.60281769724335,1.1810418733550803,0.00010766313256582721
21271,-1.773354593276732,-5.744304099732597,1.0809102513638715,1.0928810555633834,469.6723315081708,0.002559054252504467,0.00010766434106281122
21272,-2.4218303536079864,-8.613784069435084,5.174195399796427,1.520066912856409,469.54631122813265,0.2137286874262605,0.00010767687922857982
21273,-9.71104926973969,-6.688921132934586,4.824928369010633,2.7026176798268557,457.97415309347275,0.22869990327856105,0.00010767993729042358
21274,-2.6870378081694346,-5.107247421790048,3.126243137452004,1.1029185603166902,150.61010400611676,0.32018420947583337,0.00010768126846936516
21275,-0.5044198471925831,-6.021934195840134,1.1016758748151023,1.888050697065381,467.71520613695395,0.011692785104910008,0.00010769596584912556
21276,-1.1777431442200363,-10.990917965449043,4.556806998218277,0.9942889648829982,258.3174886931021,1.0280768040903085,0.00010770101348164293
21277,-1.2828633903876856,-6.735611481634474,3.69774419378295,1.3273786929560647,311.9030184928389,0.17870826694423236,0.00010770398270761005
21278,-8.074385117722251,-10.976633145787265,2.7806717125367046,1.0493166299591803,274.37985420833877,0.8084668952017982,0.00010772005936858662
21279,-2.4462047745692423,-5.428211672514542,1.3897805984436817,1.0747296459903641,231.07802892172987,0.6899652311186761,0.00010772196948159501
21280,-1.9172580795072296,-5.340262063064062,1.2779895739156464,1.0685880632611422,279.3655891614579,1.128763942997801,0.00010772511858135409
21281,-1.0961915674214104,-5.566341458486337,3.1765854413184837,1.0968851615885182,469.4715070755062,0.042244384046961514,0.00010772691356858594
21282,-1.074520529253883,-7.923716787803384,0.5142563888568702,0.9328512886153912,249.16624351989336,1.2884510886176441,0.00010772706090685923
21283,-2.9679725812545223,-5.891568189248668,4.558300638181754,1.05994164397998,276.5745746422888,0.8442732648616706,0.00010773236183906166
21284,-0.1742945715754569,-5.453641646883207,3.2171502427970324,1.046631059040823,142.6962553784825,0.26155098575733593,0.00010773614493390986
21285,-3.7218468530088646,-5.68147766955262,5.072877980976889,2.0623102903719626,391.5831611040129,0.35127117418499587,0.0001077561292591267
21286,-1.3999418999272724,-6.63332552053544,3.656231489950245,0.8834966267666864,468.2842421696845,0.9126414179983007,0.0001077722640268125
21287,-1.747061658898879,-7.36488993831194,0.7067165019610072,1.7116824570874705,401.3753513921547,0.23163536571072907,0.00010777656129023969
21288,-2.5749772387626617,-6.281530823648125,0.5463777910801318,0.7971266538791042,141.89251324902722,0.21513532240899913,0.00010777763044475048
21289,-0.4914024822690841,-5.457412874829953,3.2170310055817173,8.542465026493968,426.1991489429255,0.1820542015234654,0.00010778243623903492
21290,-1.793478739445165,-5.439773137974367,1.379503194335988,1.542817995137231,354.0302185903713,0.07982694774363441,0.00010779075737161647
21291,-3.5297220899587103,-5.2592101436602166,0.5165153647130586,0.9006791499697825,257.82385969569475,1.353361579382372,0.0001077929782138703
21292,-1.7736025061968306,-9.87233593253369,4.639355028860706,1.9019678744369162,459.2408267622482,0.5070331714280654,0.0001078075443443593
21293,-1.5165888779628265,-6.061824334216378,3.3709141533692257,1.2927357806915727,321.38227668754297,1.3817199849327908,0.00010780776627209067
21294,-5.288763158011462,-12.775233605659917,4.787111779010083,1.8656016072737083,385.7184248796003,1.36428381042185,0.0001078146431243757
21295,-2.3132985804127664,-5.8197216291167155,3.284758212753338,1.0561165159389816,275.6282349818145,1.7273156733671255,0.00010781492794603899
21296,-0.35819806594036585,-9.731991045652354,4.677053120219334,1.8268051527989284,468.7286797807201,0.45872269407177324,0.00010781689254688392
21297,-0.24405821674955241,-9.623585837119853,4.68984323531238,0.9572568832000233,468.52642037329,0.9044392636513328,0.0001078245738363754
21298,-1.9396172096890112,-12.189001414714257,4.488800282733071,1.1185570135976317,289.46894864483966,1.2323993611131048,0.00010782486658553226
21299,-1.3014113038818689,-8.513877521695653,0.2607091994849251,0.8288129177688395,468.3180791012565,0.2607831051754186,0.00010783675207108789
21300,-0.2794787536122918,-5.1753580354367825,1.219639484017387,1.1057554601946615,467.4623267334754,0.279351797280774,0.00010784036301479892
21301,-1.1550095994487304,-5.0603879897457675,3.1168508367074756,1.0267353219035864,468.02597380015715,0.11598361669151291,0.0001078445606893857
21302,-9.866125648463225,-6.8168463952967935,1.6768943576258655,1.7879132637087034,469.85379077046076,0.004873017329464879,0.00010787839139938611
21303,-2.8708094444685663,-5.216911781620864,3.611690216827548,0.8365293677743493,197.86573839747035,0.4574782084337725,0.00010788006520127952
21304,-0.34462257594079304,-7.81668593034825,4.343463125173489,0.9866373474629836,269.2202797124498,0.5621807153470053,0.00010788756877917119
21305,-7.043185221869139,-11.942145331784547,4.460215861009477,0.87341841920981,467.88053131486924,0.3645398314211805,0.00010788819352610425
21306,-1.050771409185801,-5.2049983222408756,1.2833598243213271,2.1372172275656065,421.38052868971926,2.1486165212491803,0.00010789230773614632
21307,-1.2554317547011866,-7.986539276822273,0.4494095873273095,1.5740020554863183,353.4189227056915,2.0093600704923427,0.00010789434773709007
21308,-1.8276642800104383,-8.172873608211727,0.38466713736287494,0.8316101699254647,467.759241333578,0.19706423312873955,0.00010789722111272833
21309,-0.9206731523761835,-7.638294911293562,0.6236701388217223,0.5998588753719052,181.6586979174951,0.8920399869590296,0.00010789894700546081
21310,-3.8475498073061427,-5.355339094414915,4.76640857712443,1.0835366065789283,467.0826320666354,0.059204527834351595,0.00010790408731456055
21311,-0.4236212395451684,-6.046023635188555,3.362883478529455,1.0685486208170973,265.5498880732599,0.8271225050424436,0.00010790776529654083
21312,-1.456711782907993,-12.903728033937378,4.472416591349178,0.9877667235741588,468.2693845760962,0.6135688801384012,0.00010791633799719524
21313,-0.22502330367402834,-5.028483501733493,1.5101496914431745,0.9691921942385631,191.0052479398587,0.08412610628600348,0.00010791990975704534
21314,-1.994105722716398,-6.569204880921884,3.610949044498567,1.0281058721882206,468.6810122121603,0.01564667631903749,0.00010792976631792146
21315,-0.4737485614281862,-5.800180096256544,1.1192861577787545,1.4155652909330354,338.1300305938422,0.45092206877633334,0.00010793073568168684
21316,-1.5246280296010415,-6.326228497957234,1.0743536954896347,1.3904185348800409,468.90828282698163,0.32906356700584993,0.00010793409153668544
21317,-7.708892152766342,-10.910269536105728,3.80506981348534,1.2563407415522208,468.8903048806192,0.8527664404598871,0.0001079346297485125
21318,-2.7750661252531037,-6.310145606766955,4.440091660183475,0.9068626782702849,163.7951792239057,0.30976743500810144,0.00010794893441602808
21319,-2.4401417875154774,-8.351503801417753,5.129056342398922,0.6401866078711962,131.16087342079308,0.1767704273684103,0.00010795807973458665
21320,-0.4160957058020802,-6.108054829639222,3.4165286148620413,1.472415064011255,330.9079356371788,0.8817382089093702,0.00010796762062606789
21321,-0.36051957339428675,-6.333729215995775,1.0727791763347005,1.756949939477092,467.586872772002,0.060564927262086954,0.00010798107009631853
21322,-4.980853601663153,-12.229429454252585,4.820236120044513,1.0724793170556695,467.4871122920119,0.08774473654103954,0.00010798172413066764
21323,-7.97622696590149,-10.464480059715658,3.43433461324878,0.7684021043769946,211.35257873851035,0.7295728403576947,0.00010798726153449566
21324,-0.9309040013814656,-12.684255398647974,4.475412720476312,0.7245158602607369,145.52299776297858,0.5217300847813364,0.00010798783879052881
21325,-0.4317475881827608,-6.391849655664305,3.534046484321225,0.9992370630415329,269.17322788365345,0.9043753615412617,0.00010800075307660392
21326,-3.4467023314884297,-12.142457360572477,4.804608188667095,2.844165612827304,486.5491274916565,1.5729604293018253,0.00010800098781342304
21327,-8.473119799123156,-9.651701641099105,0.9755933414654544,0.6531772784139771,186.48163983078518,1.2418220271138765,0.00010800647110310086
21328,-3.2040981989493336,-6.23014142023882,0.28089962174808414,2.3759035141797016,407.99846579775567,0.31293165497296904,0.00010800777873892423
21329,-0.9321665903621188,-5.921905267494381,1.181859478601075,1.0375512590754215,468.9934042070594,0.0012220164720959659,0.00010801264460451242
21330,-0.5238951979024353,-11.199591935118143,4.531249598165479,5.387731497546819,458.6008171435768,0.03772974704604248,0.0001080213923633423
21331,-2.0360860336216833,-6.359814445633471,3.519613496440333,0.946079836537591,265.90793143680105,1.8666233493275435,0.00010802152351680069
21332,-1.3299826920886773,-5.634026971991396,1.1411198354130196,0.8590963597300587,467.2682664931001,0.423530857902386,0.00010802671802272461
21333,-3.690016985814432,-5.4659763507401316,0.43150267793232827,1.3606384117297203,242.4444756739971,0.012835765395061927,0.00010804260597058161
21334,-2.4384107739495224,-8.204787650703615,5.051449331797343,1.6694498545737362,468.00208974406013,0.27228366833984285,0.00010804843266516249
21335,-1.795355176632878,-6.310053872029666,1.0328017114287462,1.0716128589315095,284.6427895679176,1.1536389806059288,0.00010805479003510963
21336,-2.3940985062586204,-6.236583043400207,3.397978588699448,0.9188178217147841,259.12454921332596,1.248668244678747,0.00010806476064388623
21337,-1.0163447136673547,-5.072873054837318,1.5074957387554182,1.8591343106924467,459.12532440091763,0.2870029152679745,0.00010807090301316975
21338,-1.0165858109754833,-11.277396586235993,4.525949213988722,1.0602289682300272,468.09539648624565,0.7281084791463224,0.00010807164071703363
21339,-2.2054594637877836,-7.305875291137315,0.6640783871157057,0.7042820856155331,468.2587065895286,0.4641697846978605,0.00010807536047994258
21340,-1.0065765309545096,-5.052895545533318,3.0524447334324734,1.0261523535108203,201.69718434319253,0.5402157003840733,0.00010808220659533143
21341,-2.2317194735646826,-7.858291562939062,4.389664378834163,0.9610299700728929,264.6613253668766,1.6986509745784772,0.00010809004563198688
21342,-3.1077871820539045,-5.616005767310326,4.589835968905323,0.786075965028175,167.3375478493545,0.06524606649143205,0.0001081049378538279
21343,-0.7773596408272834,-9.792120098993244,4.669307611554032,1.0193574239267333,468.2934972081609,0.8819135134653271,0.00010815038793210198
21344,-0.3101828467741292,-8.018785082372933,4.443959429409879,1.0852990460585152,279.6868292153677,1.4324617068739727,0.00010815196503757794
21345,-2.052415032286593,-6.753196822256236,0.927749709405541,1.0915638017960632,256.87574140998214,1.010976292231022,0.00010815270630741867
21346,-1.7014384166867274,-8.418523440129496,4.59695214966675,0.8350632930837424,169.4699997794571,0.39672623821449626,0.0001081668855501156
21347,-0.4699709498443241,-7.111401204333248,0.7711148567441829,1.852624779718358,470.2730200209802,0.08390674972534917,0.00010818043170793
21348,-1.0612064658612184,-6.724582489277117,3.690402703482783,0.6329017845270543,166.71329036475524,0.41790609323572614,0.00010818724696323027
21349,-0.1499115907522004,-7.348926097897746,0.6967322614536127,4.387786465672881,592.8869528590222,0.9905752555589364,0.00010819240759158702
21350,-0.049146046679148014,-7.33809782926593,0.7391216708843066,0.6358029878304471,125.08222379327148,0.01777094061807727,0.00010821063530278733
21351,-9.66964490582776,-7.603214704639988,3.853353524879776,1.6484643420485783,384.9681692605573,0.8595473028856526,0.00010822449186320782
21352,-0.9814328393698197,-9.907108505432134,4.65901146030411,1.3150861064362445,315.1109391234348,0.19673255177137516,0.00010822759916868657
21353,-2.4081733558969978,-6.3619275653093705,3.5166472504173445,0.8268136303821272,172.66099876808693,0.44932583437960805,0.00010823704859966824
21354,-0.002601084385656094,-7.6934101967423265,0.5353854208996657,2.7078431799446663,472.9091095394973,1.3423976247295082,0.00010823872404485822
21355,-5.113429936744722,-5.016780784061318,0.05614844832405645,1.3454512937340102,318.77308161202706,0.8110044873999014,0.0001082440578100241
21356,-1.7187098116736585,-8.8579194000536,0.1435655968770982,1.0985019206721098,283.95269517411435,1.7349649105089027,0.00010825023594015278
21357,-1.601448580990958,-6.1302656368249595,3.4136127148468884,0.5737279405928862,134.14856443362768,0.4133939201817123,0.0001082538422591155
21358,-1.127616933584898,-5.011268267430149,1.4920210172657218,1.014470029330423,469.2184147674975,0.17472504318960613,0.00010826695626686686
21359,-2.5981032886989563,-5.215519276022494,3.0507771597757025,0.8702250136268764,469.3727072285537,0.06431093342171135,0.00010826913001115872
21360,-1.7317331971063314,-5.819873064090352,1.1242800802001534,1.308157030660292,468.17116396293045,0.5517205024644216,0.00010827384241358272
21361,-0.5992246011388644,-7.927804001472197,0.5120263576529582,0.784524601863195,467.93624908302843,0.5310755815649033,0.00010827495819860332
21362,-6.415247634638565,-12.115610099569428,4.774884119455183,1.5081266902319594,339.6959522828443,1.0550907804796834,0.00010827658727322212
21363,-1.7025289042106966,-7.447552246140261,4.1321305388378695,0.8095744897805275,164.2834933890833,0.6717084372803361,0.00010828219573171423
21364,-1.2187531404232708,-5.850500913479973,1.1266334265898255,4.26719478209993,253.84558398590895,0.28091432834480834,0.00010829281928262304
21365,-2.061599452410502,-6.806561917748082,0.9133216881805822,3.5074743672399413,537.183441288908,1.2639130806837997,0.00010829306924666701
21366,-0.9904123947810941,-7.433671089302379,0.6482753784633456,1.0729033188324653,204.93373854940188,0.06070474886560984,0.00010830215565416357
21367,-2.212058626552114,-5.649124413931043,1.3786347042060778,1.1527733209470024,286.89059337790525,0.8442264235853196,0.00010830551376241846
21368,-1.4299410470607548,-5.371439102210103,3.2036163450140718,0.6335217847322164,188.60365517218693,0.9180369023426529,0.00010831714066639262
21369,-2.1265162436896965,-5.467531811988511,1.3505771603524623,1.3922991820033712,315.0627667090773,0.06488842573545028,0.00010832159963802356
21370,-3.0625122706437713,-5.94543070337905,0.39613304551554224,1.0457313857484012,467.78628885734435,0.04184888236825035,0.00010832585343046882
21371,-1.0676482713453535,-8.867426551113775,4.681352519021879,1.5707920879545487,372.89946300622285,0.48650130555757976,0.00010832623550404853
21372,-4.4547177685593375,-5.332662534753752,0.33110364139737314,1.227777600445554,252.23457608202372,0.9839884869010431,0.00010834357863515253
21373,-1.496492465987382,-6.063734001015156,3.360715545012164,1.462693665751961,468.50273138492184,0.6560739062453829,0.0001083529262643239
21374,-0.9518398898065232,-6.619109540841086,0.909731412600555,1.8171146711658828,433.22036091864635,0.3208919328272488,0.00010835680440344143
21375,-1.0372756192892538,-12.206928906038002,4.482873020913983,3.3608619634210246,516.0539122929621,0.470910970231297,0.00010835704177709226
21376,-1.446647217751531,-6.649752006705066,3.6179876987801705,1.1944100703067297,467.752610519922,0.2814374888348281,0.00010836497192795353
21377,-0.5162088272111163,-10.690845335027173,4.5870501514121065,1.7741207273614075,419.1026398683541,0.6219512643829397,0.00010836611435672671
21378,-9.478005338661077,-6.99284110107484,4.967245375466036,13.020347513081012,479.78355798182986,0.17334761064428594,0.00010837267351735162
21379,-8.646308384713956,-8.297328250242447,4.630586339458925,1.0550885000151562,280.10168909739787,1.4475645946549998,0.00010837399342390832
21380,-2.912560077223519,-5.793234360686707,4.3232361092616545,1.5022645350608497,338.0664543631115,0.13649592235528996,0.00010838004479837627
21381,-0.6842039091110994,-7.702595103647885,0.5850595441042961,0.831777407483713,208.27291618652765,1.2636189240462619,0.00010838035700554445
21382,-0.5831833981628893,-5.348573502796818,1.2953557877835653,1.3458060485816001,302.98224284154384,0.34443252338224273,0.00010838183524375988
21383,-9.952903293710913,-6.028618320020648,4.628167965787664,0.8396283109011667,181.4430241839203,1.0609945526677835,0.00010840643546071643
21384,-0.3151348167363217,-7.853684039324582,4.371155216445489,2.3591490848142462,440.4709176953601,1.4686143924554633,0.00010841476185641725
21385,-1.147747879626662,-5.17677691259635,1.22032736584943,0.6668936140385051,123.47025966948142,0.10938280165597813,0.00010843613188127973
21386,-0.32203028820012847,-7.869940280119652,4.376448560084487,1.0137053840827361,218.3086980609357,0.3398818856510788,0.00010844214878006835
21387,-0.13115412242202495,-6.414042122883429,1.0275566625314485,0.7023021393007493,209.0312330053122,1.1140060946313648,0.00010844897797521348
21388,-0.45883048545912786,-5.265891917444931,3.0604352975592386,0.6936305723593069,421.14573522692984,0.3805069166843822,0.00010845178063320675
21389,-0.8143906270989429,-6.2833089094416446,1.0392989688462504,1.0557989513409904,283.7500162245051,0.9014059617888668,0.00010845624968218001
21390,-2.1292097758255437,-5.931310557618279,1.164940711862794,0.9647034246369109,251.18464138022838,1.0827755228439981,0.00010845715235987674
21391,-0.21926267941903177,-9.668712066490958,4.6490004542456775,1.2634044596713288,447.7204227565937,0.6608623662883977,0.00010847536545313677
21392,-3.2354521781783703,-10.724076491175435,5.16984334940834,1.0825946041063188,468.150607354876,0.6876155724864157,0.00010847975920779544
21393,-8.092957210361021,-11.187102023850601,2.5459627729167376,0.6710444935253602,144.06160643752924,0.28358652705427634,0.00010849205333531735
21394,-9.51396844246587,-5.027287025307361,1.1668145526118892,0.8531149894901264,468.15231229241795,0.4126545208111798,0.00010849743014237353
21395,-0.6607310934564943,-9.173610609772393,0.03866343612515504,1.514507315528102,453.2342028038269,0.15877679441332582,0.00010850322340198273
21396,-9.714175217606606,-5.340383971528531,4.921089952761335,1.0763861806453625,287.5263838843356,1.0037482895635064,0.00010850328201320466
21397,-0.36995931593260245,-6.574333972609511,3.609229943469264,2.158396407635164,414.1052488623855,0.9943103257110728,0.00010851489538885565
21398,-1.1627668576127803,-11.834537474246225,4.493934185608584,3.709785469823796,548.4188448704597,0.8981532990821579,0.00010851777952645332
21399,-1.1910260086485778,-8.923014581475286,4.68436461786089,0.8610831482173471,207.6004838224641,1.2955784697902706,0.00010852091567227353
21400,-2.079083444329952,-7.063134621634282,3.8647419514905517,1.2991404483551783,277.8066895381135,0.07820413459065012,0.00010852291070465881
21401,-0.7762155924453715,-6.001285903411632,3.270407952151405,2.1273870439009706,418.03451105169466,1.7627049957703216,0.0001085269427065428
21402,-1.4725279846615997,-12.043369147829512,4.486140535081715,2.4354410087899123,432.29867051900175,0.4201843962802734,0.00010853601677285485
21403,-1.6802547785808741,-5.530585616030759,3.2184371504799087,4.733274323881817,607.8220741557323,0.6151123337577529,0.00010853920474938521
21404,-2.1458866985520517,-8.650482412771819,4.622513750238769,4.5187358771204655,598.6509072123594,0.7824208009591098,0.00010855568385859721
21405,-4.0842455218641724,-5.290451110512414,4.744028200864727,1.6839193499858962,469.93583103450084,0.2322111474871189,0.00010855677565073873
21406,-1.97072993845142,-5.168625649373767,1.2368132961066352,1.7671267819757908,241.8380887447902,0.10315162543930345,0.0001085748172131881
21407,-8.443032569565677,-8.506198131043574,4.697364472006461,0.7642223971643359,154.49278658363804,0.07673579239658768,0.000108578074671419
21408,-0.7694565094303076,-6.4027738380891694,3.482839971357052,1.2539068758808853,276.0011699610355,0.1603710443884685,0.00010858266848192107
21409,-9.817720070889479,-7.650949728435049,3.3838300835565756,2.453701347308796,449.5623766044497,0.4214543666721342,0.00010858634086376065
21410,-0.6770916539170084,-6.750345053882494,0.9140528644816541,1.2196209910763156,468.3338741732845,0.5112842173680336,0.00010859494219089975
21411,-2.3205950641228075,-5.704897993001038,1.3638699821228975,1.3237517661127014,286.71494106700993,0.43771227342214747,0.00010859746840774313
21412,-0.4626475872429907,-11.50600102875152,4.50800157057995,5.9033410611262855,338.5076127145819,0.25220402049859647,0.00010859835597175247
21413,-0.6482141250937872,-12.036241324147385,4.485624726610265,1.3584725093726138,469.85436438331084,0.001783075453547056,0.00010861059862902442
21414,-2.7751813080991923,-5.536877861413949,3.6297721022482303,1.9919915085255713,404.5684599255563,2.1197923567502617,0.00010861545295263843
21415,-1.1278110325739128,-7.333487999983954,4.059006956680602,0.8799170428836898,467.6738638102519,0.406274613193891,0.00010862398552399539
21416,-1.5678906136435966,-7.262394130768434,4.006674824553328,4.354245441668577,587.0436103113443,0.6789468077014504,0.00010862970601770993
21417,-7.5403564125426605,-10.329165057113325,4.364024111307609,1.091052056552465,289.21200075861583,0.703685988867341,0.0001086331696232371
21418,-0.6070597920463641,-8.445113946561609,4.599898905947405,2.2295241986682766,430.8726640329946,2.1859493499001923,0.00010863670538448081
21419,-0.042694989952643425,-11.028609127810475,4.574772430709991,1.733293050765586,409.1037755305312,0.3196631106175545,0.00010864322316878481
21420,-8.00590811124426,-11.638887432838342,2.7514978876381373,0.9020570173571446,128.58651906970104,0.31777799968159925,0.0001086505594731038
21421,-2.0248042340266723,-8.683567017389713,4.654263925025319,0.9868948056977683,203.76948767763275,0.797745046154902,0.00010867889063511148
21422,-0.4665127789836898,-7.111218251094251,0.8144034174931184,2.6691115941822763,472.0735821527724,1.7995568673515052,0.00010868310112367756
21423,-1.8654285281472092,-5.340407508949004,1.2852956372305688,1.2445790883946821,243.06888907688372,0.0025630384850456878,0.00010869294057372642
21424,-1.4612883956685572,-6.236962653255663,3.450924709008828,1.8840598103199613,453.2530955862588,0.3959257266364542,0.00010869323118893446
21425,-2.141403129512696,-5.481330870849908,3.2090705757742404,1.3930838241809465,339.5318758466192,0.5863765446237039,0.00010869725766589956
21426,-2.3980176287213526,-8.259766371682334,4.832082806504222,1.041806505880547,467.7510929449302,0.5581512446787142,0.00010870324773505722
21427,-1.6436794398758536,-7.178212401759612,0.7603122747324856,1.1005157704846578,465.79297578383876,0.6132968077582328,0.00010871610388105619
21428,-2.3009404687747814,-5.519941630258908,3.1719158364268734,1.0450214015959833,468.1574549400659,0.07524990893618533,0.00010871928792696356
21429,-1.7195155765732615,-7.141758939854241,3.885124432109819,1.8969301051821874,467.48766775185095,0.3497633527794255,0.00010872612720778463
21430,-8.471835267637188,-9.161389045945926,0.5173550398221647,0.9177396621099354,202.58482419198856,0.09426891869278631,0.00010873294829211995
21431,-3.3654018015510534,-12.559025885364196,4.765178717974886,1.3792247771620116,320.53270636010666,0.4139007894479052,0.00010873442765850521
21432,-5.883596691338643,-12.426819741297123,4.814117688346057,1.8685192803010144,449.4934514094123,0.22425590432103082,0.00010873926001563083
21433,-0.5160740542329769,-5.927285625711581,1.092643436401766,0.9164545536240308,467.9803617069723,0.3056494186206331,0.00010874752733145973
21434,-5.785781014988237,-11.750503967419624,4.8971978163364716,0.9944167596999176,270.7440943893477,1.4396554773459913,0.00010875480463423349
21435,-2.01125102095257,-11.412118707325547,4.511376665056316,1.1221422243097148,293.746368862566,0.864304266759814,0.00010876039275566414
21436,-0.25502552767348696,-5.850872987444062,3.1885215826863416,1.213734277258877,151.58373859998161,0.2624945090062889,0.00010876725644466433
21437,-9.877135891630688,-6.191669364585521,4.725012223838675,0.6329789562061344,132.87530150391535,0.02390007424080398,0.00010876992126581778
21438,-9.366475559809796,-8.104504767540057,1.7600554429499673,1.1151423161650005,211.6989295944081,0.06367235384622116,0.00010877709532751841
21439,-3.47627109591013,-10.991840226702642,5.0328632034685326,1.0361320113633745,275.59979734967226,1.1527759837803666,0.00010878351781566721
21440,-1.5699921079024062,-11.99291610731466,4.485309863345726,2.46329047687358,452.38049659632287,1.7002682945959657,0.00010878843785497727
21441,-0.1441166458190999,-5.44463222039073,1.2702164295541414,2.077175844756587,410.5363433644766,1.4557147777610355,0.00010879494379262351
21442,-0.5161146084385084,-9.167648647441066,0.05665711513245183,1.6475518711907717,385.5322528321608,0.13493615935361092,0.00010880995811669226
21443,-0.07411520023060092,-10.867330388372231,4.546965149420396,1.1137413367135038,367.1311051770326,0.5830285245453046,0.00010881276709315644
21444,-0.0303423886718015,-5.134381567426003,3.048165236771981,1.1186745081138818,430.7540816104398,0.06925650148561147,0.00010881379171554446
21445,-2.238712653544135,-5.708190460304082,3.1789584011347074,1.043026264418569,211.81126254827055,0.02425323879650154,0.00010881401453020269
21446,-1.1963266685798466,-10.982067292766114,4.576165852498783,2.222615115785473,411.4468967552259,0.5751692631431258,0.00010881710431635568
21447,-9.499271618750901,-5.872354330799717,1.1660844429369466,1.6054165481632934,379.65546556000675,0.40242996524736174,0.0001088388379846574
21448,-4.615579488338465,-12.156414240838526,4.819625148766867,1.501768637939012,351.5212302028679,0.2556229776420489,0.0001088389114566404
21449,-0.6622140115866824,-11.12761275002686,4.527906509872476,1.5449660915377523,353.42007855991045,0.40426667572962227,0.00010883921723867195
21450,-2.526379015851637,-5.204486383146106,3.121359313550926,1.8896950018837015,454.61217597370046,0.4966052279544737,0.00010884597624278863
21451,-1.8512056050307812,-7.748204451360277,0.5341724586500944,1.2315190786449077,136.71950888840166,0.3688110749070592,0.00010888014163735626
21452,-1.3223651431465928,-6.808620272774659,0.9516882344382407,2.308451525865487,439.29526469485916,2.374842593472793,0.0001088910783575592
21453,-2.2263659136262817,-6.154111114083698,3.4938465384888095,0.995565286641854,468.4851400619653,0.5818888749141617,0.00010889211101360755
21454,-2.464590654779033,-5.190493382781912,1.507635195803476,1.874157800915101,467.82625188278774,0.3559713567067604,0.00010889538392616706
21455,-2.246679553001778,-7.939354315862224,0.4555177943573166,1.1916226487765638,468.09811229811544,0.03629241725917609,0.00010889893460717061
21456,-0.45994225662078314,-5.993086718939958,3.322719329529002,0.7545312696519505,466.4040124625983,0.31460361902564227,0.0001088999578211697
21457,-1.169540400255455,-5.143064040755594,3.1074362107799725,1.8427642471836119,386.40585254200266,1.7757170935134106,0.0001089000799339843
21458,-1.5194664660554515,-5.00548433548804,1.1937531761204696,0.8831652774749126,468.2093163319592,0.8020004876802771,0.00010890295743833179
21459,-1.6797691185266057,-6.386405430833253,1.0782181994748767,0.8292493581233941,191.06717464033315,0.29321853635609774,0.00010890638954159777
21460,-0.3644069578240341,-7.423767408662159,0.6402908562782568,0.8525491624128737,228.07367498791726,0.6707089891948632,0.00010891202841063126
21461,-2.5290614292239324,-6.176504681879502,3.369295291546735,0.831375880238044,469.8974876679411,0.06971156436291626,0.0001089178754895571
21462,-0.35484755806177404,-6.399949186383013,1.073053844193859,0.9649635137210235,230.72912525028445,0.07531933180261152,0.00010892485665549168
21463,-6.41132699253076,-10.587224656938364,5.154557716665054,2.543155597112781,456.356008490169,1.157721097499297,0.00010893769554156329
21464,-2.4636573728839437,-9.318480076863096,0.014372513303644889,1.4020669545952864,317.16151898934805,0.028922601809322046,0.00010894973082221151
21465,-2.449685236650076,-5.297773133527768,2.9835560760094904,1.7200744266751429,467.9938533699143,0.30573136791376054,0.00010895297905478878
21466,-1.5525429917722207,-7.772398463465258,4.317283655877441,1.0632995705470767,276.05966471971334,1.1229426365381867,0.00010895397836292705
21467,-2.384991799182357,-5.0997526825905215,3.0560494317873483,1.2462512683907048,311.3693010069442,0.24382126915188174,0.00010896142070414217
21468,-1.4592105795390022,-5.209820615250765,1.2679822277078325,2.3592911570081117,405.547891390854,0.24091318672391537,0.00010896773535473056
21469,-1.2922531974226974,-6.039963025797835,1.1591952652221058,1.209027886264928,255.11015601881036,0.48157438275719944,0.00010897790675712792
21470,-1.1343976077921702,-11.788374912142574,4.491135014721364,1.0499165145123441,129.1063165598986,0.31527674841433306,0.00010898267052022065
21471,-3.906216901851902,-5.166031337998063,0.5978506644865463,1.174457614618686,299.0920900015295,0.5165080620015186,0.00010898677948572856
21472,-1.8996902912318898,-5.147989617922168,3.1061522831599797,1.0313651781339122,468.2887316097711,0.5990150762391,0.00010899594795036737
21473,-0.6894316540190903,-8.762329093711742,4.632428746230105,1.5799794228908868,247.12927269549755,0.021446809526699084,0.00010900219558993879
21474,-9.01489423998004,-8.283334699166613,3.828904241550954,1.3542636110695565,307.55909258729116,0.39657354875502904,0.00010900991189441104
21475,-1.2894602574613945,-11.947142690085876,4.484675294937697,2.110255225675404,412.687546331016,1.2453194261410934,0.00010901286323043371
21476,-1.9463669465668598,-12.055938429456285,4.574900269649289,1.149514581270026,193.8154000569512,0.04069719587700327,0.00010901600580217282
21477,-2.40930028236217,-8.61495551570949,5.092185248827872,1.7082463204667941,467.61177207632426,0.17111066081208115,0.00010902027377634134
21478,-0.1921906389872703,-7.090676730686986,0.854666962938608,1.0448776012329968,467.32400511748267,0.43914228599404215,0.00010902242553323357
21479,-0.0075812182145718054,-7.13654730369785,3.8816360507568435,0.9255981478432425,216.98985172223917,0.2926644992355367,0.00010902557175526465
21480,-1.0316707728489725,-6.746292781865761,3.688247671807672,1.8826565692803572,469.2626354425181,0.13705124168510086,0.00010903748738388404
21481,-1.3856701419324082,-5.082661134303918,3.092740358334218,0.7890195990725437,190.47046866424904,1.1750959245645634,0.00010904132427621875
21482,-0.3455242206349638,-5.5832364452707965,3.212441829442751,1.1199749770495866,288.8515307939935,1.3788423169156578,0.00010906968683587026
21483,-0.8854137516251228,-5.441381348750376,1.3981810228227625,3.793012382267808,551.950966395441,0.7547730821152774,0.00010907309899746114
21484,-0.7784579069015436,-8.190826623955065,0.41624502726452434,1.6517571622906857,468.3657809558473,0.6550694436396158,0.00010909272283188214
21485,-1.2645858065866964,-10.576510130904401,4.592874757228841,1.7670330183531484,377.7218397734021,2.01759736947072,0.00010910173700989129
21486,-0.5582026138699714,-5.465352604393973,1.4707596675936614,1.725186946548395,467.5957368859802,0.05249865615417715,0.00010910455132081263
21487,-9.093373902208974,-8.202795096775816,1.0548076806002087,0.8859903915456487,249.56241399056577,1.5975226995264977,0.00010912975727565183
21488,-3.318096139807464,-5.185059936158148,4.477559397586658,2.8172863365839134,469.62878901539875,0.6050907198806641,0.0001091305709599256
21489,-1.7145256178507555,-11.478794645733029,4.504070166477549,0.7940440613501689,213.73527358286415,1.109512517254041,0.00010913656348738252
21490,-2.517808614145782,-5.655908704758973,3.1706688275671904,1.6405629656937262,384.30418489940513,0.5105758968918108,0.00010914357143763641
21491,-4.590887391967559,-5.379108031356602,4.973211945590014,1.7953642550064575,467.93880441815503,0.44710821437471626,0.00010916792796569438
21492,-0.7904299321560835,-6.015457349069831,3.3256264959057877,1.1140453485882438,458.76656086190246,0.5259339724591943,0.0001091681404137503
21493,-9.054236720434695,-8.469973603959552,3.194419548944846,1.7066752944290542,359.2425385146208,0.964966370453082,0.000109172103513837
21494,-0.4704475601198066,-9.356909185680879,0.004096522791267584,1.1916537739506852,256.6544672616947,0.25601058614601246,0.00010918883385954268
21495,-3.245435962708852,-5.403475473620009,4.612031005962676,2.5124767041035434,456.4547153933088,1.5099973547070684,0.00010919770390481397
21496,-2.4996536114188137,-5.154511430843497,3.0437070141255846,1.0886901139952703,468.11136889726976,0.7371000011197504,0.00010920144890975926
21497,-1.8272974802259725,-7.1333570644106645,3.9161260865646037,2.3084879844701076,438.2207809148764,2.0207142597175194,0.00010920850554814478
21498,-1.2876515266748925,-8.2063595560093,0.3804399693520426,0.8775406599753354,248.45916186091236,0.7587279230383617,0.00010921220164032301
21499,-1.0594291114568062,-5.54262790940391,3.205182827254894,1.107991239430324,467.51144012783175,0.9043684000043974,0.0001092200959793278
21500,-7.281432696050068,-11.256793714426589,4.341917321257329,1.0338634660817156,276.5703229812627,1.5820901017195066,0.00010922385991571725
21501,-1.669709489555533,-6.036358358101614,1.1186810105558027,1.6874095845634196,367.71953381221186,1.9726133743775716,0.00010922871217649225
21502,-2.208051015255153,-5.774414914364621,1.3984299373339992,1.8526956672662522,468.09864990645644,0.7300731167623189,0.00010924451902547146
21503,-3.7405562033844495,-5.592904144351259,5.026351807736402,1.0199937299492048,406.3403886056897,0.892372196173139,0.0001092512230030011
21504,-3.995659335000294,-5.147788659348722,0.5211311888829139,1.3630222068259248,298.75212321860755,0.19985860376050724,0.00010926028236549404
21505,-5.040472752607853,-5.35750564067189,0.011558203987490356,3.694852542918807,548.825996996105,1.0268370530960427,0.00010926778286112072
21506,-0.06299451242444931,-5.025742641126721,1.4522377242099835,2.452747098539301,443.6568743682551,0.8746270111789674,0.00010928895705439231
21507,-0.9402441294084731,-8.782503427712832,0.1853829974484918,0.9757782029889934,255.1004240144556,1.2974529993645492,0.00010929312753941128
21508,-4.672028026155325,-5.34364184801042,5.005085870148974,1.5543909519807027,366.2523381512506,0.39491570299750833,0.00010930505093788715
21509,-9.85299767459199,-6.264830437077089,4.745855751495049,0.916569216292203,188.87550670390934,0.040562241600295756,0.00010931034145980006
21510,-7.56894024580193,-11.445917439529703,3.8904750281067524,1.9117468982272512,382.89558286824916,0.808724042959887,0.00010931437667613975
21511,-1.1064116908803268,-10.57961611121147,4.595236849652441,1.678367171458769,393.18338036158997,0.9569794215291569,0.00010931523559806125
21512,-3.857191864749975,-5.723297334709043,0.3000799439526302,1.1088152392904747,467.9837940727887,0.8289264676301,0.00010933424231321528
21513,-1.8604023361531912,-8.836799825929116,4.668904736258734,1.0751262837495745,236.20984776727857,0.198901002788201,0.00010933997817780658
21514,-6.788902837130161,-10.386119519954919,5.0913384111513,1.3836317595307628,313.5031350379358,0.47900073958583445,0.00010935170559156684
21515,-4.040289746276221,-5.312775794954931,4.660265146264624,1.225396850864599,215.93171886622818,0.021813785948190834,0.00010935376551311719
21516,-1.4904911171846784,-5.111947262901499,3.0365852229078985,1.8419246099800708,470.1899523833263,0.15563529897883654,0.00010936692983169159
21517,-0.7242704941535383,-6.728250736706531,3.673030890325041,1.1446500616805697,279.2390380818992,1.093692524448083,0.00010937201917066623
21518,-2.535237803943442,-5.023893727557736,3.072471350509189,0.6742574409992453,425.57432291965944,0.44099830328535905,0.00010937989813272989
21519,-1.8836602785025551,-5.152056545927235,1.4756931078949955,0.9590779023895707,468.30031579880347,0.012256752278522853,0.00010938330286116097
21520,-0.005056622450554826,-8.709131972954363,4.626626327653425,0.7440524765124307,223.73324525309854,0.28399059931424464,0.00010939503420879643
21521,-0.4539115121271191,-9.21450668449499,0.06979375186039836,0.9245649074007852,215.731151326215,0.41028702005580797,0.00010939614233942064
21522,-0.1251926638848353,-5.9636120017556715,1.1123659085732263,1.5907232172777603,370.65812984661096,0.438842486880783,0.00010940311678937886
21523,-4.9045689451758605,-5.40196005135828,0.07269739869206135,0.9193909004556367,244.14325869617292,0.47614566106054923,0.00010940431557368612
21524,-1.6939867566536702,-5.389010981790325,1.2144109490815174,0.7168669418328012,209.60052446842556,1.2579061233319235,0.00010940659983030411
21525,-1.1869153955122886,-5.207675832539529,3.0484922682244537,0.7626524892978532,221.6905069100688,0.7481561022778545,0.00010940847472019632
21526,-0.8100588569350222,-6.206462424739467,3.4255236234927713,1.4696364182322366,160.65270793356478,0.4123715474042564,0.00010940978379113509
21527,-0.09989573771647642,-8.56470495054709,0.25688983834459295,1.102898880430357,271.9034953272426,0.17018734220618636,0.000109411577481235
21528,-7.33166889221868,-12.598628963386039,4.082899888594485,2.6989018484278398,467.8699686091245,0.9621143161088366,0.00010941665002146695
21529,-0.3674527593342365,-6.201793170263777,3.4146529740250346,1.6319694078881717,222.03569571295577,0.1058075398294962,0.00010941683682348769
21530,-1.7663321275588508,-6.779524824685832,0.8969862408304483,1.1790499068679723,247.72517530114132,0.1506883002829591,0.000109425063676464
21531,-1.0819821614200507,-5.958704322872814,3.264465939070147,1.2476164581049858,313.7268299241542,0.38479082655744,0.00010942679588527074
21532,-1.4141105623553525,-6.103181065515452,1.1850411889560548,2.832282136716257,426.32749511558274,0.15838258891279988,0.0001094279593651809
21533,-0.568483852619373,-7.6372384889127325,4.232448042154662,0.9757482022048906,261.5821790499099,0.96325313478604,0.0001094282626167229
21534,-9.260633836230943,-8.167940203651195,3.439052177414169,1.7518022983425376,468.5795966276743,0.3269361709706766,0.00010942878680372408
21535,-4.249185335228816,-5.078409947130723,4.602856069887945,1.453138405864309,325.5677448296289,0.6014694561859626,0.00010944175234052711
21536,-0.9621639817095691,-10.452263108964146,4.560184829798532,1.886065255749522,461.4233492323524,0.3240459580557751,0.00010944773321223138
21537,-2.480029415609211,-5.57708722739969,1.2888524719330634,1.4912362940909007,342.9651671437754,0.6785411346352399,0.00010944931547035808
21538,-1.2578174551090289,-7.32731751288548,4.044193218345145,0.633412254333648,184.1112843275204,0.12409010918789765,0.00010944974995452951
21539,-1.1106507002295416,-6.009970641875579,3.3177028667355386,1.7258925972230619,407.91260505033046,0.7449572116981082,0.00010945135663471549
21540,-1.5943814337391267,-6.07328633265439,1.1398680526922116,1.054733436913645,245.9729629189738,0.24611879075172283,0.000109452220676546
21541,-4.033499934303977,-5.413214397329515,0.4634626668497559,1.304054002107472,296.9575690173948,0.13136153361805913,0.00010945329812179476
21542,-0.4582296824020755,-5.72297958371759,1.255491996578838,0.650371410196153,203.18899790218057,0.28002428221225006,0.00010945683184787433
21543,-1.1719553929026105,-5.479169281781667,1.2820357529306743,2.5793602371730544,465.77555637585795,2.6194492383889516,0.00010948283371528047
21544,-0.1445903986877859,-6.426162197088966,1.0696646667435736,1.4436090373470156,330.72146387248137,0.2396734686784452,0.00010948855665235787
21545,-0.6189444764926328,-10.034004356091017,4.6193561294790975,0.8025446714771944,469.7306856967422,0.20503669305072147,0.00010949329620796732
21546,-0.17149079510306464,-6.453054610476622,1.0185804130369327,1.757097722175979,468.2714844285371,0.4638856677016987,0.00010949344040671898
21547,-1.1878625766307387,-8.788478816502518,4.631402438198523,1.5654524874662161,468.386918809949,0.4717255489236658,0.00010949377833978035
21548,-9.277734439727181,-7.792400497291334,4.256054561138754,0.6482775766986763,130.74838212170332,0.1108815506768801,0.00010949749221555294
21549,-2.234656567207142,-6.717524775201513,3.6663985503584504,1.1745934706570333,297.55300768126614,0.8930878263714446,0.00010950694439112248
21550,-3.3405657195133838,-6.424398965131101,0.03549827752487334,0.5367266988670111,110.65052532793518,0.18534231320655792,0.00010951391877981401
21551,-1.65195390603294,-5.608657512723525,1.2715150056390256,0.8642499335336656,467.9178871567007,0.6662768005342121,0.0001095184218478678
21552,-2.757724536682696,-6.257643425910928,4.2996618968001945,0.9023445913015591,467.770807648423,0.6380956400380482,0.00010952230646481923
21553,-1.489891333537841,-5.184859471079197,3.055901449111799,1.829792308707716,436.92212420145165,0.19443931004981074,0.00010952640505235869
21554,-1.8170686690471012,-5.524891046725036,1.23253388546434,1.6618441450722072,469.41191872041907,0.15004617058390934,0.00010953315762625424
21555,-0.7515156110247219,-5.053107075271542,3.08620544464956,3.5464602883667355,536.4940305636177,0.8776155073131839,0.00010954085336352002
21556,-2.1528849718576337,-6.205832059786232,3.4138905997502977,1.7590100749473256,469.7776321849017,0.10639838435238058,0.00010954620868762058
21557,-0.588544299930847,-9.711879393441153,4.662851115374718,1.5040323025804483,467.71933750008884,0.08620333045210682,0.00010954982434494513
21558,-1.3815905104302004,-5.150603387836057,3.093489117853275,1.420252636103256,331.85390811633556,0.8689104356121193,0.00010955020832112017
21559,-1.9719608450315302,-6.557994748800217,0.9662284806181727,1.3699724809074358,165.806769478008,0.2308991386972883,0.00010955624335254465
21560,-1.876842874618383,-7.529390785759808,4.164509661010656,2.9457552263107356,493.8430816259973,1.2952445423579073,0.00010956200609534005
21561,-2.4890470357532015,-5.251540960102509,3.1139884644327993,1.1322864527711194,221.7448151050796,0.2378892991668069,0.00010956759207173902
21562,-2.2075874824875292,-5.354305811868438,3.1351025985785315,0.7467073189834244,156.84779789554355,0.20656761859953665,0.00010957123265568638
21563,-0.5997130178970913,-6.812253165919865,0.9014282021926784,1.144952515080953,238.9264444025619,0.035528326893624396,0.0001095936295112649
21564,-0.6981733303825575,-6.549431501060654,3.5785741034431493,1.8090941009542763,429.2901798248008,0.6098468529108052,0.00010960022856950917
21565,-0.11816672568001785,-5.368301935588937,1.2431115864155537,0.9547760748890715,467.4761019767206,0.5496623357127737,0.0001096011505902497
21566,-2.7340156226377497,-5.654351896114078,3.535655629257321,0.8937513409513251,416.9856194001557,0.04710782199173025,0.00010963040876638147
21567,-2.1947586892187783,-5.200180944066448,3.041507658569472,1.1649361142912034,303.17263825736535,0.6595650055623468,0.00010964038256499364
21568,-2.4530810543390285,-5.100198585166704,1.4263802862973527,1.4601849526727984,323.5623271832675,0.12162739054535887,0.00010964898318132175
21569,-6.104225637890286,-11.27662927973225,4.973239537697183,0.9365762392924175,243.7529571594621,0.9969161618892617,0.00010965948045484738
21570,-1.8153983172048562,-7.390156182332829,0.7397999261906688,0.891855571257333,468.52223972523444,0.4693288985615771,0.0001096656061581714
21571,-4.2301501734569635,-5.038374389490932,4.540610660699681,1.234102236173627,255.18477705374863,0.8193698036732906,0.00010968104423312184
21572,-1.8711285979014551,-7.504526504861791,0.6432757393681233,0.9988423808195382,275.8469545783497,1.299900948951076,0.00010969877206231448
21573,-4.576967500522397,-5.217393197148367,0.33670708586497655,1.5938948028024968,368.2094333307025,0.018505130721618634,0.0001097031367907657
21574,-1.253176352198821,-5.888217659865959,1.1376622986486802,0.7658325654966293,183.51866373536066,0.4372369928527631,0.00010970531400088712
21575,-1.6775360933506516,-5.151878213167598,3.03587408021577,0.6086869249737742,131.63777843583463,0.22538008335473148,0.00010971083967947774
21576,-0.09309612504172371,-5.080312158987784,1.4357845662532063,3.451365743107854,510.87392820035683,0.22786280547389115,0.00010971764595402275
21577,-0.9352183785212844,-6.000761973465418,1.3822714701423513,1.1661436776625662,467.8159791668262,0.32561614062249244,0.00010972115566545319
21578,-2.0474760492314665,-9.412537304075496,4.679116954590905,1.8404284417339594,470.20405297784754,0.18667166578685812,0.00010972339004446746
21579,-1.1884927110492995,-5.4739354976038666,1.2385506097555476,0.7055966669762075,467.80472451829485,0.49475840296814777,0.00010972962186176
21580,-1.4669095918073598,-7.1877061359196945,0.7957408919417506,1.1353048441929678,250.83631332911312,0.16654905646496765,0.00010973267371901516
21581,-1.4362290209644897,-5.982722332404346,1.387391527571648,1.6763697912576305,344.82592106834085,0.5109085501639496,0.00010973533113082781
21582,-6.305503466670146,-10.602345287326848,5.1707477432766735,1.1199707935927956,467.27646447992925,0.12114138997966606,0.0001097382961618896
21583,-2.4534765721390546,-5.119712648904616,1.4270471085672802,1.4945572268682767,342.55881783925895,0.43821947350825585,0.00010975047065445224
21584,-1.2913464221922624,-5.570403169658679,3.2068571960219097,1.1664929665192825,467.6891925027079,0.22145051417475603,0.00010975676626314108
21585,-0.611291814090503,-5.248581346236642,3.108416779175688,2.384594375539093,444.7491753791707,1.7410771630492485,0.0001097585437492495
21586,-5.797416910493203,-11.419470789691534,4.955738676859025,2.986962543492849,496.1540827023862,1.1567682476093006,0.0001097614151991685
21587,-0.5189316521710108,-8.275862140133686,4.5295281598876675,1.024949199486196,272.33358059181,0.7844540339468535,0.00010976233400131804
21588,-0.22831281141865034,-5.2009277407395835,1.4509602500035628,0.9836819021594198,187.79497572861635,0.4019677916044584,0.0001097699885880059
21589,-2.717425322649296,-5.454556021808325,0.660748498892919,0.9521282963023084,467.0799764962076,0.6084058450810854,0.00010977555951276374
21590,-2.2005260897498156,-7.0684183593688825,3.8495483623324427,1.3341649908013098,327.39347329561826,0.3442624374083003,0.00010977699644068696
21591,-7.984077550983471,-12.630331423755171,0.6681559717355859,1.875876840536204,468.48208281853834,0.6540826140859783,0.00010978071237910991
21592,-1.1398544253910181,-5.126021518008536,1.3201514529260154,0.7189653968066242,438.6026832152542,0.4363936143360334,0.0001097933028143521
21593,-0.11371760690921562,-5.165542712779246,3.0364375138898345,1.1243415259745206,207.948872207518,0.07960212852010162,0.00010979918613863095
21594,-2.2045129453646384,-6.506937019650782,3.554739964362219,1.1712615851092103,265.88008600717444,0.7223070031042269,0.00010980982481396246
21595,-0.8488752431795898,-10.772668003495646,4.5449347126475805,1.0031350186675234,247.2693815106367,1.4219684334250884,0.00010981089294972071
21596,-2.714521424061279,-5.006998441218403,1.6088103311647282,1.6972213779006586,369.4939769044334,1.022695444089904,0.00010981421758129973
21597,-0.477114509502119,-8.156799023611624,4.484917561516681,1.1197622429664003,467.4803814121538,0.0754497437533388,0.00010981459674238764
21598,-1.451417691785828,-6.463029613839943,0.9776269245592436,5.188692053398274,418.76999323342903,0.08717791701520472,0.00010983558065884456
21599,-0.4658644531573888,-5.555059918954058,1.2439434656065746,1.4273165772920289,340.5614981781266,0.5077705469731892,0.00010984178428073223
21600,-0.7982310654960401,-10.415787404239248,4.604026534291354,0.9326631722666799,241.11866113666022,1.4566025057458303,0.00010985088227864484
21601,-0.3513543325113595,-5.230485919032327,1.1961808965947625,1.786448672691187,467.7226813564275,0.3123111219581851,0.00010985482921561164
21602,-1.5472915804338108,-6.715218946628261,0.90569305302267,1.3828551880534408,468.4786206095129,0.043372757023727004,0.00010985743398778018
21603,-0.19487145602086287,-9.282297571573263,0.04515650593673988,1.1441424714375719,294.39337157682706,0.7050763641221733,0.00010987925693590885
21604,-0.2681312945995966,-11.415265239166567,4.500133767667532,1.8541872774424903,443.7848660284126,0.27872588683076405,0.00010988220934640951
21605,-0.0899597557181977,-5.2453811033727495,3.104676788151326,0.8404315320089754,170.76245759673878,0.4585213813451139,0.00010989366904203282
21606,-1.5159509201679242,-5.507833190948786,1.2897750092633162,1.0175257458027225,257.05391993919517,0.46000188088601135,0.00010990166633708741
21607,-6.759119497249302,-12.857088329490882,4.572917351014867,0.8015372018602668,469.6782747731673,0.15648595955132105,0.00010990717953711853
21608,-2.1092256189578427,-12.679166784400547,4.455793843426105,1.8405644442496483,468.73958138124397,0.6454150675486598,0.00010991552166830468
21609,-8.088209545839941,-9.487362051471528,4.04394790593899,1.4237362180265327,318.8750514115466,0.1160617501591279,0.0001099253580756265
21610,-1.9592817240313831,-7.095650900257018,0.8528717029376558,1.4599347709533725,327.05104060737716,0.47567534299621617,0.0001099257765011694
21611,-2.1556822112062255,-5.094966867490702,2.9270983613463897,0.8179459523070314,467.27748379473553,0.036189001492081374,0.00010993113715678051
21612,-0.8959363115254142,-11.35897602137721,4.502797106598967,0.8820971973075908,158.44129804852554,0.1494960014626292,0.0001099344029009858
21613,-9.651184897784198,-6.837200459580434,4.81823411416304,0.8281210942466346,424.6515292790597,0.17981180767053928,0.00010994696990407599
21614,-0.9924510944057054,-8.30040845059802,0.3517377095168268,1.185060909055389,259.6109683269028,0.29055361094457677,0.00010996149991376253
21615,-2.153625799806745,-9.074380575910556,4.650669213630633,1.8570290813851187,467.4963847792294,0.4378444143386,0.00010996469600998411
21616,-0.6131048849691325,-10.461323272951748,4.594542207962751,1.1782264097196062,415.05363311334736,0.2939110779549665,0.00010996494503298372
21617,-2.8956727807146923,-5.881247490500033,4.312974944290275,1.0094527411915097,255.3062128454194,0.1502332598635414,0.00010997318628516458
21618,-1.5892141311914436,-11.999162036497301,4.473160007077585,1.1304262169912387,468.54749731267464,0.49104731060314055,0.00010997429646592729
21619,-0.36863380034165516,-8.076995770674184,0.4283157966992357,1.7064632729507612,318.5801415860567,0.3011989403482831,0.00010999166849470775
21620,-2.2461414624212193,-5.518830454289834,1.4970757602358884,1.3134177429669778,292.02272408366343,0.13700990105850064,0.00010999177446383354
21621,-1.2972886691656313,-5.435706512395497,1.2421178118433358,13.575929599536288,758.9912577319487,0.1793956048800629,0.00010999344748248789
21622,-4.610980813205895,-5.55537681497933,0.18501854645334492,0.8979982251836796,237.20513997465542,0.2724279727400214,0.0001099938040191261
21623,-5.483074347646274,-12.185797369638086,4.834804802103794,2.2192943321358785,428.3595695298907,1.736885985924296,0.00011000394955436821
21624,-3.338413406315844,-12.086016625049451,4.806901273861396,1.7988205541862587,434.3139065440651,0.8128340690818705,0.00011000434273125173
21625,-1.437016005617318,-7.2021894145888545,0.759098956177822,0.5180865109013195,148.89455374275724,0.8741790071841882,0.00011000789498547403
21626,-2.0865884556365257,-7.246775193782818,3.9865368700386665,1.4228947812154145,324.12088806066123,0.7164480556601891,0.00011001711945070497
21627,-1.388340110321355,-6.112920451442991,3.3466386925223035,1.0023472882943776,468.6857680418911,0.6469210341772067,0.00011002538749156831
21628,-0.0961800404183819,-6.0557869234625334,1.1701202859643387,1.0754376922315474,280.4120030444987,0.8690029375791806,0.00011003506483177027
21629,-1.3668542540942923,-12.11999565582516,4.468481407972943,2.159932916910884,422.2360465755536,1.9177994824029048,0.00011004006943490205
21630,-3.5722555517064407,-11.607177275414719,4.87771335488312,1.4505976901522648,334.2029510278796,0.36913828484159605,0.0001100474894152363
21631,-0.9150909789338648,-5.286409606937933,3.0500007470681907,1.2928811044903228,319.3080403726696,0.3291172090734742,0.00011005291737941363
21632,-2.2072879509617094,-6.1678069376406714,3.3684528039603507,1.1481313497087995,296.31149327349,0.5310456951869593,0.00011007421807940919
21633,-2.156116062509625,-7.434871301396006,0.6787246268124064,1.4300453784672607,468.78828403036044,0.6414990335333206,0.00011008202986114595
21634,-8.367030962371397,-8.668132702045327,4.5869091912050655,5.654705947251056,654.6456895779675,0.553082717183945,0.00011008937425759224
21635,-1.0156990291040593,-5.126957040107996,2.9292538976981484,1.3816322364642886,304.30895129357594,0.07702590029898904,0.00011010082629864545
21636,-1.1156537061362553,-8.847294109346194,4.662974120888423,0.93933425498796,467.8596178524187,0.48813222119535293,0.00011010163948448389
21637,-1.1843569478918496,-7.094089471962268,0.8565345953800089,1.1925607045943112,307.33295248324214,0.5473109216984513,0.00011010510678208043
21638,-0.6163534111571369,-5.53197237107612,1.2281690273397579,1.2762675950894664,210.42366607664954,0.4288107329243793,0.00011010561617747592
21639,-0.5350487507867854,-5.230304055094454,1.4192741922409255,1.2563338920613902,305.11238322815825,1.4351149555403362,0.00011010569356151836
21640,-1.9675415824620721,-12.414844623102924,4.459537342278477,1.2819110277794774,274.6963423510826,0.2943262641961839,0.00011011232605511428
21641,-8.67252336467132,-9.139778758583077,2.741488436105269,1.1145018249063374,153.20061896965,0.18706531697628304,0.00011012254493395587
21642,-1.6138678644803246,-6.019449959433606,1.1613500447733165,0.79120097665766,161.01740896138676,0.8177026894216768,0.00011013281204931882
21643,-6.8449629019924245,-11.567306604839743,4.661227321822624,1.9079318528577998,467.91261096378463,0.43602625267075634,0.00011013503134557375
21644,-1.256523145575004,-11.527938414025051,4.491643187827152,2.467071935706372,451.76301575512605,1.5589525553669725,0.00011013631613272723
21645,-2.032254182596728,-5.048829030430771,1.305171377844293,1.0716542487166847,282.43935940802334,0.7293443617445083,0.00011014249869042426
21646,-7.691762943430534,-11.194197429176326,3.7327454335705523,1.9098655704353165,390.528940976591,1.3494114565498476,0.00011014679195078181
21647,-0.6007596665806805,-11.732944992356204,4.481837916415569,1.5650941915411334,355.91913997574284,0.2655103855604368,0.00011014854811898708
21648,-3.7324548786329625,-5.531302728875653,0.4068746989510653,1.6334907012775115,359.9486375276443,1.7621462633023208,0.00011014908063065472
21649,-0.2843877239998829,-8.240033397901284,4.512954335883029,0.8714202719972871,468.16226184341537,0.1823413707396231,0.00011015443405612414
21650,-2.3112675770958084,-8.323694217298382,4.533125598300195,1.1230462607127438,467.45077007144243,0.6841813813921132,0.00011015675868049214
21651,-1.422565542394663,-9.043659508008615,4.647480474931514,0.9864823006493671,468.45422554656744,0.04639396106334015,0.00011015949259475294
21652,-0.1936064195488303,-6.025199055809771,1.1201476417983478,1.5116397094987135,467.9424435062858,0.5892695441335851,0.00011016070585681709
21653,-1.8651804126486553,-6.0566963126542825,1.158417193621155,2.4894040053953725,446.3182402464729,0.8651129232925312,0.00011016156180207363
21654,-0.11285180605216283,-7.187662325819535,3.9247772179375033,1.15899947868977,150.5790136704222,0.255652164052127,0.00011016467813876541
21655,-1.559621759670831,-6.035576242083587,1.11743049433885,0.5594773076507024,174.2408846798824,1.1854702828654426,0.00011017735048539139
21656,-1.6620725154853773,-6.5015291288423525,3.5457672765401433,1.0531132505456808,273.4757955617109,1.459693174514034,0.0001101805189574055
21657,-2.5625093355176043,-6.083274501824492,0.6620330858015775,1.206200820866526,222.86748039104597,0.057471833753410806,0.0001101859775818793
21658,-3.2725325985460962,-5.929694137413157,0.3791636508679016,1.6120261303501235,346.4780545817511,0.23646040590102047,0.00011019614722516554
21659,-1.4439471226786988,-6.810112249207673,0.9299183455663075,0.8702267385054172,231.50386515442855,1.0502699911159779,0.00011019732180122017
21660,-3.5342479941491813,-11.523990990647443,4.89279344073647,2.397030294368115,446.7880323482419,1.9174902940806131,0.00011020619808151375
21661,-1.9212521265841787,-6.858458842169926,0.8833198664499624,1.565805675446197,376.5246108617589,0.5553936139763112,0.00011021710687872739
21662,-1.994959571584852,-10.843651898140617,4.567749549816901,1.2067599233478865,258.28992231967294,0.21726993132525063,0.00011021960364801517
21663,-1.0309077571568022,-6.04769582741801,3.2655368449836524,2.839224534522052,480.2024154895398,0.9273215644244894,0.00011022146201883011
21664,-0.8750199677692656,-6.849551879011142,0.8840375352708204,1.473923997885552,402.3514080989664,0.15554155882583576,0.00011023774007489394
21665,-2.0673482797718776,-11.279515552041813,4.504514776315317,0.4925853928243146,119.08637312871042,0.6364499671720214,0.00011023920635550857
21666,-5.275282157521314,-12.99773755254078,4.767994004612612,0.92664458195658,196.5193865275736,0.28237297794331795,0.00011024034290439973
21667,-1.385866325429033,-5.7351320430781,1.3463803751903793,1.0816830842010998,289.2890013700256,0.8212936299272009,0.00011024361417208336
21668,-3.2396863665112727,-6.461761168624358,0.08831795946361165,0.49199372786633105,115.92755549878036,0.32573124272196896,0.00011024674982277612
21669,-4.504805566877566,-5.336450356518233,0.32176939912831287,0.7961753568522292,171.02321670976374,0.006596010710266498,0.00011025245060571553
21670,-0.2923957812095992,-7.42439864097498,4.0927330636610275,18.943617253144424,515.5887077083551,0.14315218404177354,0.00011025375762863706
21671,-0.903639875533985,-9.464512952214266,4.644723913977713,1.395363097792023,344.9728401128419,0.21113448186702755,0.00011026560909322844
21672,-1.0534546293776241,-5.5381598957763565,3.1421539373113654,1.413428664634062,316.68570086288344,0.6506567350320038,0.00011027332016007297
21673,-1.7877877077971718,-5.8867744052239415,1.4054066870937854,1.8879533231176415,468.4173623786582,0.35839143620670466,0.00011027726525196059
21674,-9.030793874514167,-8.05532859778392,4.264101894598516,2.931316010383302,475.5454952975713,0.49019172953506374,0.00011028332377421116
21675,-1.7635895251216915,-6.603393671747375,3.5933263082868403,1.0151900845373232,467.95134054205545,0.9153837195071768,0.0001102895822115465
21676,-1.4680307661455831,-6.790019304649568,3.692040719750675,0.874739416581912,466.71725907270456,0.16486592090376373,0.00011029161038862687
21677,-2.1530380492426797,-5.322343111388924,1.433720858124307,0.7320597608591787,198.59028931846674,0.31815847318183277,0.00011030349764176851
21678,-2.209898905989496,-5.143496319234277,1.622943235325992,1.6478483454131072,468.27590576518907,0.3669103270810039,0.00011030365334035986
21679,-2.335737101320227,-6.452492447477581,3.5203573399273456,1.7741352774765362,421.52335038943613,0.3130711102219701,0.00011031100790539031
21680,-1.5065982843712096,-6.693720094627769,3.6501407371272703,0.7868291115794563,469.54578741042775,0.2005767426006635,0.0001103138162680173
21681,-0.7619786045272612,-7.938125556635368,0.5240761783326224,0.9854074068175516,272.29365386532635,1.823031892801752,0.00011031769461474613
21682,-0.05569288697984476,-7.715207437222253,0.5744758622142915,4.960680538452385,618.7552964402325,0.5268555778591297,0.00011032337271831247
21683,-0.0648943912765656,-6.81863608408644,0.9128707568361646,1.802451480791763,373.1561227248253,0.3127270246375975,0.000110327855587013
21684,-0.5829612184203388,-5.377622182237506,3.123097861252186,1.1355185655011715,291.9147157509261,1.256190114576932,0.00011033642876873897
21685,-0.32809767054351546,-5.597500714530413,3.1572718140986478,1.5467432892611774,340.7956116156601,0.49000808968837184,0.0001103367601043195
21686,-2.0748798913386945,-9.83864041452118,4.628981539554646,0.8603955141035554,467.53171044481115,0.06925170889458876,0.00011033785056004371
21687,-8.712763347058964,-8.514430352018273,4.091654211351424,1.0397387296761866,275.64994418724285,0.8884598660242382,0.0001103409812058798
21688,-1.1037643572193172,-6.911778137588176,0.8584810685279896,1.9001270748190047,469.1683087952198,0.560509623349529,0.00011034304242524753
21689,-9.04385345959367,-8.532300513810837,3.004849585422235,1.706297975657572,401.5940854980403,0.006905912783255808,0.00011034484021674678
21690,-1.3307351751584342,-6.846954121114692,0.8885749323308703,0.8530696008597051,238.10682275490453,1.3010252388934775,0.00011034600525013014
21691,-7.201375533960688,-9.877140519563678,5.07925716944516,1.0103666260169168,270.21987409477254,0.4644812039564927,0.00011035053685736385
21692,-2.638857483464143,-6.068083871493506,0.5227249973284364,1.8227194808092926,436.12278121185756,0.34556225036053245,0.00011035210654802977
21693,-1.628983717895947,-9.873741576949564,4.621841054166303,1.9003811625066076,467.834326450259,0.41033626740775997,0.00011035599274794635
21694,-5.453236524913503,-12.258916294832447,4.825486798902386,1.8920849957446881,468.89522263775723,0.18459897655841395,0.00011036488963461718
21695,-0.09221086198989781,-11.282621863365085,4.502845652297525,5.1435082375943,628.7012904832055,0.5035106118466333,0.0001103912616694018
21696,-8.63343234081395,-8.645657394762116,4.032539740616011,1.0820328746858858,467.83049896435676,0.9167387539233918,0.00011039250533543854
21697,-2.9267545036647906,-5.035350649021325,3.5745472600188695,1.8326305675399885,439.1338825493271,0.35624806088859806,0.00011041301933719545
21698,-2.24043015500974,-6.719658460857369,3.6203636059759696,0.9164005110463094,322.22312991263135,0.7051405181567958,0.00011041482455388162
21699,-2.368701173953057,-7.240027276682622,4.03757018979316,1.0332182733094712,277.9552786252388,1.6351278859886724,0.00011042170517730508
21700,-4.816741240447585,-5.155155912785206,0.21264628590793275,1.4588271019775827,339.592330625498,1.1568900177953614,0.0001104231886929597
21701,-1.7896302846220244,-5.326583144319575,1.4317592835326243,0.9846416013618831,466.50360817966515,0.09710822079044679,0.00011042623621268628
21702,-0.5224933521071655,-8.284723792977426,0.37110510618940346,2.2758269795095982,430.75402972161135,1.2762540041494743,0.00011043048145520353
21703,-2.0297883200666647,-5.8455847925137014,1.3794507335610209,1.5156247422528994,344.54244687626647,0.05332996859733452,0.0001104402786126629
21704,-1.2824863392298695,-5.950688327421608,3.256129786404759,1.297411143470478,308.93987942650676,0.12436043567814092,0.00011044739476710695
21705,-8.128017176418737,-10.782807363107814,1.2806092820195396,0.74350969133102,209.91026604648934,0.8935574536041875,0.00011045700419698719
21706,-9.886003977769535,-7.288372013054759,1.8697221858479312,1.200755687857094,466.18754929266765,0.17457970053678817,0.00011046027965359292
21707,-0.1827590148286049,-6.052641390470797,1.390245956296148,1.2523553142975739,309.85205787619697,1.8537988643583683,0.0001104728099214759
21708,-9.500177078970632,-5.639238219802357,1.1487604071000719,4.902522962929843,319.1271648064827,0.1908032404479183,0.00011047443424459331
21709,-7.971284484510592,-12.499298241379098,2.6830233889597688,0.8379535127270216,209.4731497470115,1.2992433486338308,0.00011048690883683864
21710,-1.3772911309323792,-5.246692969428657,3.036391644900475,1.3344583234498268,320.01692146367236,0.22046202885402355,0.00011049330287883342
21711,-2.09075841838418,-5.96023634300429,3.1899018743460874,4.240276628983132,578.3411594981069,0.5887391238725757,0.00011050040179599062
21712,-5.815794850262525,-11.276770478179584,4.987695948710496,2.2963313327223163,435.02761021032217,1.6320593860439958,0.00011050525351405732
21713,-8.36718042949557,-9.925671802374495,2.4575963251313664,0.7423941070701581,149.41114275592008,0.9505606360252381,0.0001105107017630267
21714,-1.5309092832090432,-6.829423858869554,0.912081774125094,13.329695705400756,562.7523526935587,0.07840499146847524,0.00011051280047127085
21715,-2.1820509320988233,-5.246298696694916,3.0899569501047104,7.98019917088977,532.0180210726227,0.02716437247650383,0.00011051958057992694
21716,-7.807864359567079,-11.661839767670024,3.3594160100708987,1.1433150683653002,468.3965117737604,0.5350261885001002,0.00011052806870107229
21717,-8.082841031392212,-11.871649401242959,1.8873661690850203,2.049551176344833,404.0457235661683,1.1159999099403812,0.00011053013409292104
21718,-2.3383822676070913,-6.7866615953713945,3.634178229701272,1.8939105184976754,456.6959761199888,0.46861990521674723,0.00011053674020043369
21719,-8.740399861986926,-8.640720600498675,3.7622405226593796,1.8992564493928539,467.3178862165754,0.2514174107102569,0.00011053999181520719
21720,-4.208361815811416,-5.161775808705928,4.606656367548021,2.010248922185454,230.12915792400085,0.39730336609643135,0.00011055536920372514
21721,-2.670283005990788,-6.012759299868067,0.5022247829830887,1.035744938054295,467.7047543483616,0.12689377508878863,0.00011056630667517379
21722,-1.9653911495609595,-6.4917990471444735,3.534362990285713,1.777488976439658,421.3104747262791,0.21003214364467748,0.00011057084614073158
21723,-0.41588086598184937,-7.703955618524772,0.5796388524771998,0.7026987348445157,203.44272788728009,1.0498930110296278,0.0001105906839512914
21724,-8.035789527168573,-9.902281816537677,3.7220543690938186,1.3906046455698686,468.3298051931761,0.21388328574772775,0.00011059247816421078
21725,-2.266846302534484,-11.336723450411517,4.553614586970659,0.6758052224297812,203.58468748099008,0.767746023047053,0.00011059584534461825
21726,-0.14029800564027717,-5.632347856134222,3.196977271043919,0.9672992980097457,467.22677362172,0.12434026210594862,0.00011060203146554697
21727,-0.7167824457467855,-5.500098870412229,1.5097253346488828,1.9868603157025009,401.4630276506954,1.6172922289954998,0.0001106031747129866
21728,-1.2847669395799706,-5.256015337696795,1.2994396103862416,0.7972160657928634,470.2504317036027,0.1907309390692591,0.00011061424700862915
21729,-0.8971756273203404,-5.312318241631005,1.439901467899178,4.889352809218959,602.0757731588171,0.282254266460237,0.00011061587708535676
21730,-1.0357555196426116,-5.793926172272748,1.2761781588476528,1.4594363818929306,334.58028288158636,1.5702527932998516,0.0001106250688586923
21731,-1.360839190421462,-6.489057667788121,1.031432056154963,0.738396136226012,467.73383462345487,0.33173918999699215,0.0001106278284571457
21732,-2.3656294299742164,-5.66484609086078,1.2402419251655867,1.7980981789929305,426.78288591190034,0.5315254691661,0.00011063283575247209
21733,-1.6589825132591702,-6.097031633077698,1.1135044714758486,1.7590137552008975,416.4179705328453,0.12938176986642436,0.00011064986742248851
21734,-9.376681007512396,-8.200073399980687,2.667942584829879,1.2990023622550686,316.36847442973084,1.598790324896604,0.00011064990720922292
21735,-1.0548803965085245,-7.448727217979009,4.102333352264581,0.8019057408394463,468.15893656834993,0.4781690103475631,0.0001106545110435204
21736,-2.0214270298163495,-9.074062722748653,4.644327967894806,0.8162131144713246,467.4023037230628,0.06498491553212382,0.00011065472526218355
21737,-9.626374850824895,-6.749238043545375,4.900715234328908,0.6662736289418434,183.11737952845075,1.0618474716301263,0.00011065917702315323
21738,-1.7758419550829316,-8.124588986145103,4.463054482535753,1.1280735430324467,393.6757754160094,0.4547615088733661,0.00011065918513364844
21739,-1.2590883518236637,-7.804628589549933,0.5318349091031057,2.5213601535288226,458.38158728829325,1.854248918718711,0.00011066287781747701
21740,-1.0311767248445651,-5.870106455194645,1.364368501312865,1.8141557628598075,433.7041701640864,0.010320158212603125,0.00011067800137375938
21741,-0.8227654356267227,-5.381241767476294,1.1983248880154065,3.167423441006205,503.64234247578247,0.705506809365831,0.00011069425472564775
21742,-1.0035838326871218,-5.547918328464988,1.2218661674338387,0.8575334819326974,462.25405401633174,0.16632992820029013,0.00011069571370075871
21743,-0.5261425549060199,-12.29808565651851,4.456649692556353,1.4358599688703197,325.90600646425924,0.125523746004788,0.0001106963598914443
21744,-2.550385131047072,-5.142969600858281,2.919102098851249,1.6393732444151587,413.5484775729111,0.537636787477477,0.00011069697090214096
21745,-0.012349770193827325,-12.41423138201494,4.45357477833281,1.420179268278604,329.00864688080975,0.45720661455667155,0.00011070411203921027
21746,-0.01804163236508316,-7.984427486233188,0.5067548737135824,0.9710382987870985,469.72799336476066,0.016405751432976068,0.0001107053596985352
21747,-2.5714721361707067,-7.033577815550349,4.596612170689981,1.0045640397777122,468.1144408191722,0.11070857940974488,0.00011071701179500707
21748,-2.542753992168713,-7.603429063810853,5.092578200944945,1.0709151375229897,285.6340753117992,1.7828278465093321,0.00011071961773210807
21749,-0.6336136911541885,-7.704262035326761,0.5859515670811586,0.8730028827273236,467.8743701899647,0.6703580527562378,0.00011072810713020641
21750,-3.0695161630746703,-5.007278760091242,0.8243947265424859,6.030564836245368,412.135209688892,0.13317615556075335,0.00011073006008309578
21751,-4.372675597819118,-5.494114792480022,5.064531143977291,0.9625424562836731,468.1060974485706,0.7340381024632601,0.00011073271288416291
21752,-0.23749324126244176,-6.622819655330379,1.0502362228201894,0.5582335167983246,154.53707202616064,1.0452668648371644,0.00011073800168487131
21753,-6.839886492668038,-12.321196834035662,4.560915383848343,1.796259286084998,469.411243142477,0.04557979202951756,0.00011074463672923132
21754,-0.3136474720658704,-7.395183581252237,4.068504287826324,1.084185081454763,219.53090918889998,0.07311382435022296,0.00011074874249671376
21755,-4.412157551106105,-5.513567265611396,0.28326151448576864,2.1191751809332575,417.9127280193317,1.941544570035254,0.00011075218029474657
21756,-1.7417486707675813,-5.645335740306448,3.1618250942802058,0.8727138771562386,468.04393331107656,0.6592066385860305,0.00011075451432834665
21757,-0.09684204849821576,-7.116446458002045,3.891880852117488,1.5095637492882994,343.60039687032395,0.7768808745451148,0.00011075953261598899
21758,-3.580969125683632,-11.443903382902118,4.908070736486818,1.7054891637538319,318.75764655138397,0.303509401497597,0.00011076447203534955
21759,-2.0925866029840323,-7.987924930159092,0.45650141353094914,0.9090020022319355,469.30381001478224,0.029020540845229092,0.00011076769200317374
21760,-1.2175344989808092,-7.185135469697977,0.7512433563704308,0.6883549883153401,187.0878442761662,0.784364543337932,0.00011077333793441639
21761,-7.042308037882248,-11.207282025652649,4.591816819174567,1.3639994317699176,468.5692405780233,0.48894837662120505,0.00011077700197039603
21762,-4.276152976354036,-5.459149152833418,4.879693545021302,1.2487537036677854,205.50515163158016,0.3753123092937196,0.00011077932153391534
21763,-0.44313196167517255,-6.868160161671663,0.9017864730145674,3.052679043910906,490.7864931015443,0.5992749751675834,0.00011078302162456259
21764,-3.2652798571587436,-5.637384536702494,4.893713629441653,1.039032818101788,279.18094180073797,1.1683174487755013,0.0001107839483142347
21765,-2.5315298438618896,-5.86829428168747,3.239400626724707,1.0369751623884542,466.16664242713824,0.7491241758640177,0.00011078445739596286
21766,-0.8380807713911693,-6.4122932819778065,3.495418765227304,1.2133410563806277,304.0132295096664,0.5384055015048856,0.00011078826499178828
21767,-1.992142266277213,-8.376187921512509,4.55146178104652,1.4743147426553076,331.9391200306273,0.3916867286475929,0.00011079021106134103
21768,-0.5790233306810606,-6.052007981790048,1.1384817854604208,3.173732986482919,507.6837400594014,0.8790550929720125,0.0001107919971631846
21769,-2.9654540206297044,-5.577536394105613,4.2084281337391545,3.4318178423605663,414.91319178270095,0.05744922592995039,0.00011080000079594543
21770,-1.0956632537164754,-9.485444499499762,4.638892990612826,0.9249135512383323,241.15590244873397,0.7022094175107352,0.00011080266094502781
21771,-2.696881877346997,-5.049258410030512,0.8679318315452873,8.10644394865208,559.7925590712258,0.032528336746664444,0.00011080589496362554
21772,-2.466107379103427,-6.439509392171428,0.5459935652952678,1.811108404072431,467.51201974935935,0.12403545537678795,0.00011085069337731525
21773,-1.2160224931596613,-5.941606984007689,1.1474412149157316,1.9408447880932704,394.0525685554749,1.078732814787263,0.00011086493352216727
21774,-1.0980131447720272,-5.53976232306136,1.5084896026246783,1.7851704773552108,467.69377102675725,0.43105628714014177,0.00011087438464289042
21775,-0.308987141279335,-8.090060531477853,0.439765948137433,0.9527029407290368,247.94471985609906,0.5893917286486836,0.00011087577537959333
21776,-0.1760300166163855,-6.92583399620102,0.871040080109498,0.8232624577398645,202.10582190820531,0.8075890638034142,0.00011088714193082145
21777,-2.006976696610529,-5.541816810609066,1.510703651810137,1.8251525609257426,434.73050464797745,0.3472471448932284,0.00011089223982536853
21778,-8.114551195927069,-9.852146392751354,3.5694277549232014,2.8101083630227506,485.00948976049295,1.9819699813577811,0.00011089238441233436
21779,-4.253203477605111,-6.074184105921549,0.09213940272584138,0.8300184373999767,469.60803892682804,0.2323538322423051,0.00011090069142604214
21780,-0.8132519861109966,-5.527823236510217,1.51339117238395,1.7491333953440487,426.6564114278205,0.5445511040749862,0.00011090647214287037
21781,-2.2044953332637913,-5.9203981689844865,1.363395216931996,1.7323881729978055,406.6818707500825,0.17629321116934982,0.00011091335774036922
21782,-2.446300874533998,-6.1044576009207345,1.1603382262981234,1.1148917852893785,289.0730725599256,1.171119538553464,0.00011092305234788396
21783,-1.323305756375584,-7.170155469764141,0.8456252575700264,1.7843871285502797,467.79996624631127,0.678197204762431,0.00011094309163054218
21784,-1.3452350080039857,-11.93010126114953,4.465768608720775,1.8028425398766894,428.4166308442211,0.4486155158784628,0.00011096177818063442
21785,-2.1025635231101445,-5.899851103308006,1.3341815731165017,1.2630944399286868,314.77623285955275,1.067210135295447,0.00011096503373092504
21786,-0.05372832446252218,-5.204127020463535,2.9227456131844853,1.8388716643560952,467.7330884925762,0.30916527222459766,0.0001109721306593278
21787,-0.018496847978234143,-6.845781738075583,0.9245124016118892,1.003762047876936,276.43186135894933,1.4506781490005958,0.00011097444034953811
21788,-1.3147485356717947,-7.516774316897293,0.657757139387307,1.72126492305527,406.4726199487192,0.43571099375070954,0.00011097524204167633
21789,-1.873343660368409,-5.384246090015636,3.0575255342180236,1.325109206361122,467.8012277308021,0.6918494648958964,0.00011097575130216928
21790,-1.023487922704435,-11.076949550986816,4.51059396788541,1.2167667848419108,256.88147297004457,0.680895199891622,0.00011097793896033431
21791,-0.2575248665940606,-11.330296829886956,4.494249662524601,1.3035888458104727,320.65571973980235,1.512988919322285,0.00011097864874577414
21792,-0.13771668833091155,-5.3479013644624365,1.4383192563600813,1.1926179409175848,304.1683056766605,0.688439252725777,0.00011098127885932639
21793,-1.8345311434469185,-5.769338011140972,1.1883803153225485,2.471628572568361,439.2436566931611,0.538997060693946,0.00011098217488944565
21794,-0.43211793157882106,-5.1454628698123654,3.022282489756333,0.8044228748776108,180.21797286821942,0.774410508844098,0.00011099309987460502
21795,-0.8928361485505629,-5.231459574612283,3.0852482839799764,1.836419048533245,469.11064936847436,0.15053543165189254,0.00011101268575591593
21796,-1.4340198462643041,-8.914392605472987,0.1513684231712175,0.8136355264311171,136.08056249748194,0.32708601412603766,0.00011101653960808517
21797,-2.1210156055215093,-12.589155979481458,4.573555685467205,1.126461707518828,467.2343867753571,0.0956392899927323,0.00011104232930258238
21798,-0.7133424594079969,-5.783002766363806,1.2713035443113814,0.6857357265974635,139.93102154741499,0.45930144401175355,0.00011104891065225952
21799,-0.22579498692513056,-5.768090918565352,3.230337613628751,1.7895131584616257,425.84063387604283,0.20194445422793095,0.00011105274821131747
21800,-0.6642037931535931,-6.899735767418173,0.8743230706818766,0.8223318419735572,415.14904057331734,0.062135059914119495,0.00011105448524052171
21801,-8.939659886887336,-8.397765719943376,0.7599100893505996,0.6781110231902207,137.95139979421552,0.5399515304567029,0.00011105561190999182
21802,-2.6085869092432716,-5.085600746304329,3.2038293288766235,1.905003856136113,468.40413971678146,0.3621739994203681,0.00011105902452867714
21803,-1.9179501703647954,-6.203035153050723,1.1785987936049978,1.07131911889904,467.83176793742183,0.908325580136836,0.00011106008550825087
21804,-1.9969869846266572,-6.540190848496755,3.5491440663799163,1.2351080253520745,257.9186956069396,0.5577876123805687,0.00011106027532532913
21805,-2.761469175632879,-5.098779802220039,3.096274305742655,1.206734138326125,467.68304011238746,0.28064076293024165,0.00011106446848853218
21806,-0.5628194159254001,-5.06310115810655,1.3265429135677407,1.0638096707763072,468.0367363464227,0.03198157083620323,0.00011107018221109275
21807,-0.26793790194030365,-6.108561123246955,1.112638768259504,1.7467761553474945,312.66338411199047,0.10303258277956928,0.00011107079191920533
21808,-0.8083566494351473,-5.280063014313523,1.3274408745227002,1.5651099033454956,468.3611270492619,0.5844320679781561,0.0001110799352253332
21809,-3.6362183491820197,-12.04847106225252,4.808105813183521,1.0436918092302445,280.2482094039254,0.8810894629731321,0.00011108422368868626
21810,-2.3236848979629148,-5.920665999625521,1.3751014794290801,3.892220506761555,348.0409081216519,0.1231402657321965,0.00011108801601529012
21811,-1.5082686130976217,-11.887942137523027,4.466069837651597,0.6338299465716216,135.89395511485358,0.05815147543643917,0.00011109235698435934
21812,-1.61571210741468,-8.830982417837532,4.6520621010051615,1.0050814107126609,262.7740248039684,1.0037664191209954,0.00011110164407006186
21813,-2.070618805234421,-9.11397465251706,4.6701803271988265,1.2678212303545604,217.86699446067843,0.061284620590024375,0.00011110861830207776
21814,-6.5211217471977685,-11.437690598092807,4.842787404766919,0.9157083691034675,467.655850112502,0.2604421098124856,0.00011111196114628081
21815,-0.27857404103951566,-8.277815311020866,0.3544881511360683,1.3462406223245524,334.98140188984434,0.6498421204496436,0.00011112517198941922
21816,-0.7818311375440974,-11.32661567926503,4.4928335241244906,1.5023222942879593,339.47216966204,1.4398952947770827,0.00011114619134718392
21817,-1.7505121113401394,-9.357024085444314,0.026178774699509345,0.8291044636964074,468.0381508608308,0.03244049086449685,0.00011115836218251237
21818,-2.5598189031178373,-6.449169387376604,0.5232263016703506,0.8471871177983628,231.02934815882898,0.17595039399514256,0.00011115901831163262
21819,-2.1907514451752172,-12.06368973381722,4.45901590318297,1.1667152591446053,266.17499201874404,0.7802112892899915,0.00011116251768589444
21820,-4.400230456252755,-5.186131891522515,0.4118322818324127,0.8613191480237283,163.53702036517598,0.020760615556973505,0.00011116268873617287
21821,-1.358520585382763,-8.973493621964277,0.11332743089757438,1.590830199730176,353.9364275520442,1.6185515946096993,0.00011118434643650462
21822,-1.7019590925105508,-5.456252114740842,1.199714508358277,0.7413308805247333,162.10658367029538,0.3032226163416363,0.0001111856129981408
21823,-0.913980352099486,-5.009339084571477,1.5894766126266608,1.3144669404913052,295.9335777645941,0.2640784767404627,0.0001111903785444437
21824,-4.149827442144675,-5.65873672293367,0.30049667853904716,2.0534407314351575,396.5732506909345,0.6629546323394564,0.00011119039318790567
21825,-0.6101049158435963,-6.621522572359046,3.5872071907920726,0.8303475797857972,468.0375147481826,0.032250526859951556,0.00011119482370987352
21826,-0.9880299111530473,-7.332420918083888,4.011566706050185,2.8619711203808262,489.2035113639258,1.902616685640253,0.00011119778839805292
21827,-0.4944770907554723,-8.72074661447807,0.2102631457415218,1.7869768962122794,424.66819485354716,0.3549783649809166,0.00011121990281386502
21828,-2.193719990142328,-5.169497736786822,3.0216919283946018,8.946900108912734,506.0940322162392,0.08521511497546808,0.00011122136970941571
21829,-4.5462991407661,-5.906431491668526,0.08698040623703578,1.0027613523876806,208.348316295678,0.4067976609628241,0.00011122202494225705
21830,-1.665462319810981,-10.937831270730793,4.554480227266243,0.9601894307089538,261.25683123033957,0.7571872739629386,0.00011122981438776739
21831,-1.1315128559383254,-8.23457558884047,4.500022627308437,1.092106043199777,266.47257861018284,0.14764214692614708,0.00011123309247566541
21832,-0.608340149816776,-6.825799551334965,3.640257383061647,1.698652162203436,399.6528282960594,0.4731714675144554,0.00011123546214565844
21833,-2.735717801659302,-7.330638082520265,0.02172924197182766,1.3370875101033197,324.57378629115124,0.40072257379501064,0.00011123899140106268
21834,-1.442774346553021,-8.9737218836346,0.09514140943704781,1.307189843110334,319.5273514656586,0.8817092227972916,0.00011124200655689666
21835,-1.4335836453757818,-6.136242172049967,3.3312884086834798,1.1006342306252508,128.00403706664653,0.3235215626704342,0.00011126506005877258
21836,-0.3879665425012053,-5.011984501901641,1.6150467997210964,0.790668622151805,230.97155238162264,1.4570984658620887,0.00011126565957992616
21837,-7.8536637825675975,-10.012648375356184,4.022880779358727,0.5013366632634181,124.37917467574505,0.9445675608522377,0.00011127257519808731
21838,-9.832601325237725,-6.312498956643741,4.755078129598891,0.6800372504371868,154.93678302237245,0.9271906863263943,0.00011129565450015128
21839,-1.1692259742658422,-6.094421642792689,1.1534847322180506,0.9715193574956821,469.62990947597194,0.08871557206479874,0.00011130000090558878
21840,-0.04788727880199062,-6.230865509984023,3.3713651777117515,0.7720793570443566,210.77677257661887,0.11455418690343233,0.00011131548012999756
21841,-1.6500611682707635,-6.853084242063332,0.8801849607733045,1.4547852898511173,325.69500931628926,0.9705924194931059,0.0001113201940267121
21842,-7.956556952204245,-9.559462616058932,4.234948133608239,0.718149073531065,146.39635699266944,0.48042727683286834,0.00011132108072530375
21843,-1.6733726503194326,-5.268149823031407,3.085480443610482,1.8756334876549057,467.8019478540322,0.07368603324287815,0.00011132811967109586
21844,-0.43282628328864803,-7.4672644038251,4.104657729877637,0.9578028599944328,268.04795873404095,1.3170671777852467,0.0001113537757846633
21845,-2.2073648934641534,-5.388734507777392,3.1024821069758137,0.8823554028170492,229.31764553544693,1.278500226399875,0.0001113596315439952
21846,-2.1584952629272633,-6.313144145845964,3.432739291201075,3.478229800037423,382.1540399512907,0.008302615639499855,0.00011136530278407603
21847,-2.5989344510048404,-6.623710715935463,0.4411915010780425,1.3636379487211874,320.09619059064084,1.5200645504800248,0.00011136642635238688
21848,-1.3968493748963873,-5.876175030162144,1.340791908343264,1.2145471075248475,253.49777654918847,0.1752777772866052,0.000111368908654554
21849,-1.3537468815213582,-5.526204156508692,1.4154802150190193,0.8527456444334447,206.50147090748357,0.7127749047734913,0.00011137448355079734
21850,-4.205185500585149,-5.1704672271944805,4.604818907818366,0.9274105096362464,468.5740431809829,0.8154399340225975,0.00011138295887671513
21851,-1.0597588026992355,-6.96369601570225,0.8691080025934255,1.4410899323569535,467.93969508896475,0.4975109814579808,0.00011138442682135666
21852,-3.088197592076172,-5.43223411073432,4.190619451125729,0.9709362977331463,254.88379295471506,0.8996061389442724,0.00011139294006746786
21853,-5.451378107874476,-11.96820842068598,4.854902501786931,0.9398635165248859,259.93290355649185,0.26808543467085943,0.00011139548460913097
21854,-1.306774817335505,-5.779363136583454,3.22633670050116,1.9793323451443288,403.0508379740842,2.116945720314672,0.00011140257896369281
21855,-0.4441724594368175,-7.999813336865683,0.49905867982187796,1.384550890964922,323.7868538363125,1.5308751678650996,0.00011140388774298461
21856,-8.337859954605864,-10.065447060939057,0.8367779237290645,1.3218053707339985,324.4955940186299,0.36074795815330507,0.00011143229615834756
21857,-0.0701540118655366,-10.642958987222496,4.540486731071621,1.0418833186724048,260.26427851312496,0.32837503117603006,0.00011144090993116216
21858,-5.463121441550834,-11.72137820199648,4.890682114203991,0.6229968891813301,131.3284454573818,0.015511892596919985,0.00011145025730492505
21859,-3.582680590742279,-5.816778336254548,0.2959160804317476,2.3930942166350926,447.30597750809716,2.1891068880828364,0.00011145913841542207
21860,-6.966879581288301,-10.90462478598819,4.742602297627455,1.0894504381989703,279.21802722944847,1.4818998838471238,0.00011146014042780673
21861,-2.0688539924219906,-5.39082375939947,3.0412812866244585,0.7113519710723747,156.97134780670086,0.04964987913300334,0.00011146125960902627
21862,-5.812722356781368,-10.865026747584778,5.10985606169814,1.1912726249362497,467.3845315844744,0.30242302887423644,0.0001114647153910893
21863,-0.8968195612963221,-8.240285570578788,4.499678273658494,1.113995384790305,288.11666138739713,0.7292174770835826,0.0001114726231499542
21864,-7.20603439526799,-10.042090068678828,4.95329129813852,1.8751491420935074,468.5360134614168,0.3215665334976334,0.00011147491199029903
21865,-1.2122280520126,-8.878862321108866,0.156197315528333,1.8088072900859662,430.8381282716862,0.37251550172768066,0.00011148782029242291
21866,-1.5002783784833014,-6.868661261583912,3.7024483035928664,1.57676151517954,371.92281670437154,0.3049488088517416,0.00011149551411151248
21867,-1.873462270610995,-6.9146414034094335,3.715242943297194,1.8959615157797671,456.99290890873107,0.4573105178475876,0.0001114967425727845
21868,-0.8748181329193727,-8.66339710579794,4.614066139598837,1.0298609975394004,152.77453982584296,0.22350752256296058,0.00011149845554972169
21869,-0.581493933323129,-7.203802336412337,3.8831911600146682,1.2998505229325252,318.68747064355966,0.5533579542291447,0.0001115081021505553
21870,-0.9582346846730356,-5.421569666181162,1.314882963400043,2.162099525818192,405.0417077629513,0.6641603818493858,0.00011151350379221994
21871,-0.13342807589870098,-5.557042539034196,1.4141437629152596,1.1562220409920079,298.9055783324714,0.7568763276120629,0.00011152484552158451
21872,-0.054620854736095126,-9.518836330205783,4.657858982824857,1.0931705421171383,291.589324047731,0.6983676130926098,0.0001115282462292224
21873,-0.8162186147119357,-5.003836539028024,1.3034997676476512,1.7364552751758366,373.1272524387751,1.8513782226966535,0.00011154409578577283
21874,-3.5530918700958622,-5.4666508115154455,4.80170124661042,2.931133655140647,490.54151349414286,1.04650884970561,0.00011155622193255446
21875,-0.14501755390953797,-8.356226378495105,0.31674913527852044,1.005949998349934,467.0856688314158,0.09901484104459168,0.00011155786595551155
21876,-0.9576440161718978,-7.557386627358453,4.15626030710831,1.7562078063589166,468.19301712432247,0.6261274628407056,0.00011156573202474616
21877,-0.8662774727461038,-5.452921784285345,1.4448017805815754,1.792305510115219,461.57516186082813,0.42459766390982434,0.00011157498918821907
21878,-2.894796560405931,-5.119283701262584,3.509336799166685,0.6803370127834877,467.9921428899031,0.39669975886813535,0.00011157564114418957
21879,-1.0460599555232282,-8.580161695325653,0.2801632235531886,1.818088809820121,434.5020089745246,0.12392429352613021,0.00011157857852279127
21880,-2.364686039184961,-5.445279073160009,3.110914485911989,1.1737907819593156,468.37503345886853,0.6148602978043343,0.00011158281029965457
21881,-2.85701854990267,-5.266634728398853,3.549342236657904,1.0548323461024192,468.13887765702685,0.8731932522374954,0.00011158855966864536
21882,-0.4779097998033883,-7.121602804401674,3.8555977542715203,1.5624918627504478,360.40198255726676,0.1419525582772332,0.00011159440395765513
21883,-1.2850641093237911,-9.066246183163702,4.635435376421136,1.2643545110650012,214.06243867907514,0.09672763983545618,0.0001115976470157434
21884,-9.047748911146131,-8.272570877334143,0.9482324085922104,2.576025249688375,463.65688827451584,1.8995751645485326,0.00011160157452474041
21885,-1.9071470717621768,-6.303282367915453,1.164758634507525,1.2076418567343397,467.5980756025999,0.1780669926656202,0.00011160886547737639
21886,-1.397854809430413,-5.161738295600762,1.326805527982973,0.8996275595199824,454.3351587474641,0.32453455448849944,0.00011161079649703807
21887,-2.35290245530088,-5.951855933103333,1.3536425079055596,7.094518371081837,555.1420410093436,0.027969353182371037,0.00011161118939055386
21888,-1.1364807789937732,-7.772779878663963,4.260306671092762,0.8015898214652208,160.20747535696125,0.12855207315599682,0.0001116240722965319
21889,-1.8855992401856199,-7.9565549675689695,0.5166449612550725,1.246543448104285,314.89093492436604,0.5243143255414822,0.00011162891168670003
21890,-7.718864049610742,-10.853327304863537,3.7952533403115334,1.842883569838457,446.97100886742857,0.49788959951447076,0.00011163072466867328
21891,-1.6991411120426996,-8.907960710643597,4.654736612274539,1.0154516539900629,210.89826833759716,0.5731231143817475,0.0001116338298417868
21892,-4.337960390396088,-5.287788235692394,0.3991675830510741,1.1949633406130957,302.4873679592082,0.5141612325478127,0.00011163801242728237
21893,-2.046204940277523,-6.993819052962208,0.8609718171674421,1.3602318337974426,468.52739376380873,0.6376870600605562,0.00011164982447683475
21894,-0.6273184835962677,-9.583483572117252,4.652908710375905,22.1500930992093,463.4217197903781,0.23533663374779845,0.00011165471600382609
21895,-2.28055530038338,-11.101587019745452,4.573353187935058,2.1427139932057115,419.23598641777295,1.6988824387584867,0.00011166279047624406
21896,-2.171562404635057,-9.212404438604906,4.637937568564006,1.4098123612282736,309.7939793642613,0.8948716661573455,0.00011167950168828622
21897,-2.2898155008635888,-12.424818921285834,4.61044215827938,2.759392493818502,479.0387321548051,1.5089213112762607,0.000111680648007809
21898,-9.889166558594024,-5.978351307255728,1.669107661595987,1.566309139371655,470.1282185385938,0.030988946294839614,0.0001116905904179383
21899,-0.4332870026373392,-5.923275822722977,1.3652052145663287,0.5618177897774957,143.21973795593553,1.1847857254402987,0.00011169339388512618
21900,-1.0906644947720618,-6.660614409834091,1.0558433744865716,1.3066551883939725,468.006485991683,0.29610915603896704,0.00011169491940781977
21901,-0.9270792721727652,-5.289128594143161,1.4579936045919566,1.0703103457907919,215.4939117115693,0.07981486727326637,0.0001116964196962107
21902,-1.6747033482209766,-5.848292743404286,1.3767182364696,1.7980415987619394,468.52816083555024,0.2552956824816457,0.00011170049356527882
21903,-0.8225993401745146,-10.924992797426546,4.514788220979425,1.6105058176379263,275.95105580814663,0.034974338313936926,0.00011170175003479139
21904,-0.3723014762192616,-12.233577970940024,4.448337965712484,1.4550022875679376,332.7165114032032,0.6806149854749028,0.00011170517231186894
21905,-1.5081223796427565,-8.017385936656503,0.4947792052958691,1.4677307254269087,335.3639636255904,0.20746240706721775,0.00011173279743690459
21906,-7.265832796807097,-12.09353210621661,4.202551321008259,0.8183522512873506,209.29253004174035,0.10201332933813756,0.00011173329403757463
21907,-1.135196211405173,-12.354559251010924,4.444682628431169,0.9909293445502586,238.38344104318261,0.007316080213512599,0.00011173824347305281
21908,-0.8221786596050915,-11.897714516138025,4.459263013462851,1.08118021845008,468.3081944438238,0.5013620126595875,0.00011173972443804083
21909,-2.3023678256372033,-7.204539983991465,3.9200256131311235,1.0872543544491358,218.7819173950149,1.009632310723311,0.00011175240515310773
21910,-0.004704094510469048,-6.077676380949923,3.2967347856930993,1.3752276546971804,317.0130864271976,1.091840027558928,0.00011175897757100946
21911,-2.507201928980985,-6.157703630744708,0.750681099694963,1.2785921518172585,313.4686912599526,0.3006299932371075,0.00011177253057192621
21912,-8.104497436484522,-11.237251049430323,2.388039251866804,1.385591546525101,194.68504849343287,0.4622432244751744,0.00011178337072971007
21913,-0.40848777802655967,-6.210471596139488,1.108682942306393,1.1827443928745411,293.08498028753723,0.881516810894837,0.00011179359140442658
21914,-1.192113176355452,-5.779945180965275,3.173311308989664,1.0903752686863697,265.224148304629,1.3641675189157363,0.00011180773476947361
21915,-0.14875138022276957,-7.605339221056021,4.181619048691823,1.0508361155664883,464.20277948648913,0.5950800274426955,0.00011181187962932284
21916,-7.850614508832692,-11.09285911333292,3.41882219018556,1.12626525246581,270.9863997849702,0.3257074545999421,0.00011181319964941025
21917,-1.1911757056689805,-5.968706491875431,1.3759374895095469,1.4031446934396312,313.6978794419205,0.8225944604915023,0.00011182251786930233
21918,-2.801004140665998,-5.326134867361574,3.436319136394309,1.828113597376507,468.55802193784285,0.5679544782425099,0.00011182884250992271
21919,-0.14819540720248447,-6.1544437113237995,3.32758223043442,1.0793208661037583,216.6562801189846,0.07227671593184848,0.00011183188336137657
21920,-0.8946424342461086,-5.355533408616109,3.0285213874327184,1.5999985783149575,375.6387815543721,0.36631687079054487,0.00011183820141252725
21921,-0.676081880264837,-10.586835512081656,4.541543695815034,1.0950905076021629,283.4334693462545,0.8509874897028746,0.00011185917980589626
21922,-0.0279891531423182,-7.799706314829991,0.5552977373475487,1.4408911065136867,326.4858060682548,0.9231446575830251,0.00011187039649294094
21923,-0.536999985718591,-9.665122345311113,4.623997665818513,0.9816213800026727,253.12447436206483,1.114408573121108,0.00011187635705959665
21924,-2.3724941538193693,-5.036613390084249,2.9795574699362284,1.3928983120124359,305.07589481152274,0.11515285317774726,0.00011188303070152544
21925,-0.8401420680888627,-5.0150586996068025,1.6093610206797109,1.1826789203775894,301.40116768508545,0.39924039613325313,0.0001118870955772261
21926,-2.189595565603886,-12.628551719490405,4.436790397755309,4.6232417825744365,601.927585796385,0.6256684704110844,0.0001118889020534268
21927,-6.547147878798651,-12.876499738490907,4.661512709601016,1.3387472324809953,295.18756090683155,0.0702764400543554,0.00011189522017588479
21928,-0.6643701854282664,-7.784833271234822,4.263601271672123,0.9132505943795443,183.74763663476242,0.3250474281393485,0.00011191141965267069
21929,-2.276979419984788,-12.443812908240258,4.627145585066658,1.1227605340347464,288.568742152819,0.6230322378802704,0.00011192505119839276
21930,-0.045200425557727186,-5.018728315082505,1.6109373769266453,1.2878645569450253,318.4917421741804,0.5017991980371308,0.00011192997855795325
21931,-0.80103042446075,-9.609298969529634,4.630960494394518,0.6413553056191044,130.08240106906825,1.082800946223906,0.00011193178085442196
21932,-0.3024592221050941,-5.5577694819030325,1.2021132739783358,2.836681061210572,359.3203082641833,0.02286204638607714,0.00011193636801644523
21933,-2.1055756217718393,-12.714249902893716,4.434570916101048,0.8717475239316808,468.1288943712173,0.8117987529135684,0.00011194507182892195
21934,-1.4698194465204466,-9.265992748389278,4.635235854147673,1.8806544632628523,468.35795860521154,0.19009261254506882,0.00011194743360213418
21935,-2.7048845762831144,-6.869247138325728,5.02481281226795,1.2324864273556742,261.88161205419703,0.9835891958234049,0.0001119545651812994
21936,-2.09270072979262,-12.934600697835535,4.430371667778405,0.8681733537693263,183.3484570354647,0.4136133431694775,0.00011198918613987126
21937,-2.023953087889061,-7.024956573162122,3.790416326113333,1.7071673378269834,468.4955003456941,0.26365608221099457,0.00011199098591455444
21938,-2.8517520949885586,-6.197629347117645,4.61197037680405,0.9805976452052286,467.9551636547727,0.34581249845608664,0.00011199142150546072
21939,-1.874685320834855,-8.232711183884273,0.4148869640609125,4.012760275732757,408.40743745172534,0.01056771314400251,0.00011199161940010734
21940,-0.39083623260564515,-5.65833554573854,1.2739593398342337,1.2213316790000401,468.70154458814744,0.8185879745620861,0.000111993097533853
21941,-2.2452462189906566,-9.87593713656646,4.6167350730389805,2.319926613926709,438.4396551150786,1.768904119136745,0.00011199877494094293
21942,-0.8619446500985983,-10.582324423940236,4.571672066454194,1.1226809151191817,293.43795852501796,0.6764054372057133,0.0001120063675782221
21943,-0.9747236902425129,-5.789104720809364,1.4736471371476327,0.5385757451479833,172.59221106801516,0.26214346668578425,0.00011200703617420609
21944,-0.8654984165782977,-5.53279522478689,1.4249001252280942,0.9533582340455722,469.3218212307192,0.017648065077227493,0.00011201288908855256
21945,-0.6924732656462282,-6.648596329893088,3.5873451599997774,1.7559316901257334,467.9958711352701,0.3071532564835868,0.00011201462799747682
21946,-0.7647432431475156,-5.834950341231009,1.2695401428226116,0.9553742810182935,468.0080356464943,0.37164949741133047,0.00011202884145029241
21947,-0.37735298922050475,-5.782557689460223,1.2861638718470014,1.1007964060047262,284.0751347296781,1.469926359781665,0.00011202978442821511
21948,-0.009691752865055747,-6.20763402371164,1.1743513264499479,1.530863061034256,468.6878270394817,0.04794153126666156,0.00011203309116585967
21949,-0.103674497186244,-12.930173284094092,4.429977324446458,0.908242496511887,241.02882542468336,0.9533047593297708,0.00011203688778010458
21950,-0.3263498480342193,-6.152444523360217,3.322534806085361,0.8122581219727182,468.7375877540985,0.43211350958763983,0.00011203806652799825
21951,-1.5079829683185402,-5.220108820013747,1.4758614018335272,1.170827616427862,299.60821919748594,1.0652216323529844,0.00011204607737935153
21952,-1.8808956076399355,-5.189685231600662,2.9140798024005194,0.902841274455563,192.61818750887963,1.036734460179363,0.00011204752282059886
21953,-2.1172141625033767,-5.413103671932693,3.0919272768492148,4.254368457583185,584.7365155429806,0.9624029500911986,0.00011205653138587805
21954,-0.8306760374854321,-6.8461311942719245,3.6386552913664043,1.027850604126515,207.93358352351777,0.8410204436829298,0.00011206796689503014
21955,-1.0855503668085493,-12.487652160501304,4.438093222827648,1.4072187710417678,353.4899974732216,0.25801198926274704,0.00011206887061262442
21956,-4.158559606375492,-6.298562451640782,0.04359209066045586,1.8368891294170608,386.2972293207958,1.7492723919830704,0.0001120771869406339
21957,-1.7880686256939544,-5.4991525854851,1.4472103615299532,1.6581618585664637,390.46443427723284,0.5554383405390384,0.00011207917173918522
21958,-0.37619967377897545,-11.430394825767989,4.477709884707026,1.1743628023449464,242.16316743925987,0.08438845536474915,0.00011208473943488251
21959,-2.5545046707355645,-5.458400513833962,1.4313664447050705,2.971178885286738,496.70663950846705,1.4414750956964868,0.00011209095686643258
21960,-0.6536246475414664,-5.164787004587417,3.0177445798038347,0.9091978176816404,137.07399966168845,0.19248910779090522,0.00011209426338284146
21961,-1.9539197905188406,-12.72583396338749,4.432784736138151,0.7235303953353266,200.63946727061546,1.0060723983056583,0.00011210206465386744
21962,-1.4763107567778349,-5.677023117171388,1.4099617338585644,1.4038152459299393,467.8157437752161,0.19129913614892846,0.00011210487245253426
21963,-1.5533521766572065,-7.108147316178341,3.839840288150028,1.8318714948293962,468.0527930014864,0.7039868879048718,0.00011211043918090013
21964,-2.0191291025670557,-5.296372777298995,1.6264715214734042,2.727659721263196,477.09527139948926,1.7812122607613654,0.00011211959746588852
21965,-2.6025446996198287,-5.209352770792943,1.1694346702042253,0.8597710088232231,227.16858559499292,0.3903607002181504,0.00011212693121423214
21966,-4.470093661349034,-10.847447213490726,5.086245529938497,7.200757807770918,683.2207608426576,0.23919078471611677,0.00011212895530250706
21967,-2.4812962764905775,-6.13111299683287,3.311667561447059,1.0062669734649348,151.66055270595282,0.4004495851416703,0.0001121628254339968
21968,-2.5172885795769293,-5.233845902574269,1.5851108236187093,1.8591965918644628,467.4976452712131,0.4424496051231701,0.00011216761023048267
21969,-0.8375446345425708,-6.138730388881574,3.31372498823104,2.177580602795669,421.78548139880047,1.4113097119825317,0.00011218083338542917
21970,-0.011155357668860333,-9.115933842988746,4.660544352902757,4.860437958426684,248.27422672034905,0.38635617988661597,0.00011218252289472869
21971,-0.05316412502270573,-5.172522916537171,1.588581981385663,0.9179659145049677,186.14507667250604,0.7094766515768969,0.00011218307095015144
21972,-2.1999882238153736,-5.6291837822036435,1.4276834040832882,1.173322635565726,299.778044870683,1.8729957410572835,0.00011218525381463038
21973,-1.8680351258844734,-5.853053829673983,1.2687403007219629,1.0576622967940754,278.48541450245096,0.6772709882979839,0.00011218879465504694
21974,-0.527820589675974,-6.526123368630731,3.5225279941868615,1.5677560025478354,345.63984219388163,1.1857702070889973,0.00011219387558804458
21975,-0.9482816165069963,-5.76072078409261,1.2089534357180969,0.7110612964944206,193.07626576031916,0.663422391816753,0.00011220425288205035
21976,-1.628891088799021,-6.901617261055017,0.9464613315885527,1.1279749034533069,290.12041558156807,0.9149358005487223,0.00011220626520446687
21977,-1.2923478773335333,-5.696126843158944,1.482789001162839,2.054241295383832,412.10362093880235,2.063983722208608,0.00011221221218486734
21978,-4.0234265213658125,-5.2203332005298115,0.5806156293712678,1.820296607766329,434.72306654854805,0.0554969262960201,0.00011222076559662915
21979,-4.51484385258961,-12.669579822036514,4.762110259296848,0.7945371269491053,162.2909851046659,0.7571796594338798,0.00011222218561372838
21980,-3.511158659875406,-5.141074063507727,0.6844497330042698,2.4849801991212943,450.5234582208505,1.197466289862196,0.0001122319532359768
21981,-0.739205708077252,-5.19554353276374,1.4608166720090512,0.841875845852204,173.3258021286724,1.0450781804247997,0.00011223602106765362
21982,-2.323557952269831,-9.342305706619927,0.05202613216930574,1.9083855222699728,384.2474756215614,0.7818876599467286,0.0001122450025490918
21983,-2.6190676918074365,-5.632084944754429,0.8161338082001156,0.9364025202669058,468.35985976573363,0.40630723954158743,0.00011225176849622693
21984,-2.3879477459972147,-5.00225586578276,1.559085503287794,0.8696605846725327,467.65425637128385,0.7595472698178289,0.00011225217728830828
21985,-0.08083313107174561,-8.983826696165336,0.11928075272300247,1.8039836595139414,336.38191980416343,0.3372253809759158,0.00011226194801584181
21986,-9.8078438811891,-6.364192050614158,4.779527939185042,1.1304281179441342,295.11922474356874,0.6827867724213066,0.00011227386920433739
21987,-3.4523381514910465,-5.394472139989525,0.5122645551909247,1.8013637553200235,429.8118308285212,0.35697705293140025,0.00011227492032608745
21988,-0.6111355544117387,-11.192753872829778,4.490214462118429,1.0859258618424612,468.3715895982703,0.5257119706662552,0.00011227781974199576
21989,-2.380122414398893,-5.5627940704410825,1.507982503820586,0.5399848794113408,148.5270632260447,1.0742693759414204,0.00011228009352091665
21990,-8.78221573857293,-8.356401516982928,4.22006149995799,1.9501981011128284,392.0381488616107,1.0223644740595477,0.00011228302134453876
21991,-3.416032938300293,-5.196261431371452,4.466146769766751,1.0532281748084305,283.67874231689325,1.6263959685717788,0.00011228481938438986
21992,-3.45753462113524,-6.046098849521483,0.19915846188039113,1.378679844518408,318.40042190562525,1.2263170007474242,0.00011229277963210917
21993,-0.4922149192474379,-11.549127857277405,4.4692912312383335,0.7687584226071222,217.04293918956708,0.19222362050771746,0.00011229912414705606
21994,-1.9051660940867254,-5.326203797585202,1.6266447030552391,0.7756246757561887,172.9816352388188,0.045388472859421825,0.00011231113951649061
21995,-0.03897000498489156,-6.566101573857256,3.4858158828107526,0.9564958365443003,263.64395130186637,1.1089070073730207,0.00011232001158406446
21996,-9.540255545355137,-5.8110609494430685,1.2734802139223242,0.5444287580790154,159.0278027675367,0.7562733884107304,0.00011234979886438647
21997,-0.2177644152758802,-5.80891415793045,1.2886244141658585,1.7892816507823983,426.1837471975525,0.0565706124378762,0.00011235062247461323
21998,-2.35692035615502,-5.145966972671775,2.984127169582997,1.5038455776261557,318.0639766981182,0.1439381344746904,0.00011239018512083457
21999,-1.2173860351562045,-5.565235990811312,1.4275248818761737,0.7105535579506039,166.0147933632837,0.25554580756597556,0.00011239260276231824
22000,-1.8041561403712656,-7.67668310641788,4.222876562746375,1.5925693946032153,259.68346470744353,0.01381455939768994,0.00011241792012980285
22001,-6.79179365244499,-10.845703496120372,4.878910748518502,1.6196695925037254,376.711102903731,0.32385624607199226,0.00011241963919464636
22002,-1.5549559299547457,-6.128094900420469,3.3042029533701225,0.7311625431695847,467.6224635979253,0.5041121044424708,0.00011242256005262856
22003,-9.631122178976483,-5.240927062092579,5.013649685022971,1.1759606206211495,467.4933279029971,0.20594786062596881,0.00011242840044738879
22004,-4.366076492340623,-5.996457707473655,0.15820721178536415,0.7791860027279971,159.90191108638928,0.07914286308996132,0.0001124303456600809
22005,-0.8296017050074038,-11.156910025677899,4.490996544608227,0.9377665008175763,263.4214005679229,1.7810647532320232,0.00011244352006421673
22006,-9.948810609515073,-7.588119131555812,2.5095675160675786,1.2483301224881385,294.5339011004544,0.5411185525142121,0.00011244598448151971
22007,-2.405651332426805,-9.090116623201181,0.09793862740411498,1.1167416457132562,283.7520110708728,0.8847735342871674,0.0001124495086450134
22008,-3.1678816083420136,-5.383674478080121,4.368227630981581,1.0970985393613542,283.49012150148985,1.4298463311943719,0.00011245331930285079
22009,-2.1315863741184575,-11.559681584888375,4.467216682863776,1.7045147426388738,397.80517854078084,0.17314540193960148,0.00011245428752441787
22010,-4.552974946130113,-12.687350100985968,4.761094832494337,0.8533256267040942,468.9669110208181,0.025481385797428757,0.00011245897616654002
22011,-2.0758198978539077,-11.430942707573777,4.473828471835857,1.8268593751742206,470.2920805474467,0.02306985494830993,0.00011247912453783105
22012,-0.9640095043230037,-7.263482165278797,0.8521138450212191,1.0449927821448772,195.58939045142367,0.09872157710721208,0.00011248068040411611
22013,-2.405536036293876,-5.194701486600292,3.008640086490464,1.8260785792380996,437.68806197467745,0.9033033997289861,0.0001124838112682671
22014,-3.6772110261362183,-6.000005205767538,0.23006972798291134,1.4250781752272126,337.8702249933403,0.42386313035536816,0.00011249913485352254
22015,-1.605002975207766,-12.522484275201247,4.432883406540416,2.141755182223781,197.4405556231856,0.25461146368501897,0.00011250880798920354
22016,-2.2826463091979647,-5.172083577221976,2.985511610626517,0.8786888076673619,166.38635075770753,0.13383787748497245,0.00011251145596497218
22017,-1.6319993210061021,-5.63290287844256,1.2482346947874001,1.7836683620564944,468.3888599461048,0.532275959980506,0.0001125253116753783
22018,-1.539818034483794,-7.563882384999746,0.6672142430498758,1.477195114457935,467.8299037088848,0.7802394751297106,0.00011252782770875363
22019,-8.005102722970364,-11.75944511474033,2.6933195055350945,1.6576917533113815,385.99558331499145,0.10845737285907209,0.00011253412849252282
22020,-1.430660321963364,-10.534235326278582,4.540024536653981,0.7254721197432323,148.72443476327174,0.201599265159774,0.00011253436966597294
22021,-2.209507147985878,-8.480762726164265,0.28034576891677493,1.9053249009383388,467.3759257815846,0.44846449440774183,0.00011253543404929139
22022,-1.7158579956371884,-7.718890353484892,0.623645150536717,1.6838185319058483,467.8640644058586,0.4061381661232053,0.00011254035293710323
22023,-1.2667163109444264,-6.68782951491268,1.0159503330566502,1.7888897632659122,469.88472275279355,0.07242343084228775,0.00011254600032093478
22024,-0.12700184021084482,-6.029592198764289,1.2485792526953732,0.8948204320643375,231.72357972607688,0.43565430280500284,0.00011255267345063379
22025,-1.6506758628817195,-5.189805363014699,1.595195546921526,1.1603409777187252,300.97797275365735,0.2879520782769269,0.00011256384136047787
22026,-2.4713575414260314,-6.070163330471844,1.3675073028942217,1.0596057407153707,470.10105814920496,0.09270014849375574,0.00011256633379429547
22027,-4.632700977347732,-11.08646052249062,5.007322950872452,1.1453988461953648,207.87175430684954,0.09718933966790111,0.00011256791101726985
22028,-2.651124438901996,-6.431547398105956,0.4499670146490001,1.3904426790744104,326.9895167270335,1.0532278797105343,0.00011257014587325155
22029,-0.5566535685847622,-6.648850252348556,1.0447509516003675,0.7902689328668322,465.0283348533327,0.41824960691086144,0.00011257410776856348
22030,-1.3198268612575017,-5.739847140635312,1.2146608141488298,0.978001391274438,240.0916024149742,0.6250687207047259,0.00011257732033500005
22031,-0.1553277722232913,-5.733036354518249,1.5127664360152169,0.8991063931374318,126.3756727817522,0.32654558007830925,0.00011258342993455561
22032,-0.21325757342876273,-9.328424809080735,0.020453349086845495,1.2445879928428236,309.033489964987,1.9132989160112954,0.00011258436160954967
22033,-1.42714652745609,-9.481843236797264,0.0009834212925095643,0.6234783820943031,164.10024441945714,1.1235725203435418,0.00011258691506689737
22034,-0.010614687318904359,-8.493036880567761,4.558122708890216,1.2970663889828407,308.93738895990106,0.18406300422535793,0.00011258889948746978
22035,-8.12491676019758,-10.694740127184357,2.7280631381622245,1.4116978404715743,337.9595698829947,0.40182722583133756,0.00011259692055656932
22036,-2.193240925234093,-5.463856490185745,3.0916737797676763,1.1395406885313584,240.84194189979254,0.7066898354282802,0.00011261080959237734
22037,-0.6616368812368094,-10.19313700419372,4.594302932885513,2.7847001328352503,393.0086199552365,0.09353713825962462,0.00011261126982228837
22038,-1.9897893677164706,-5.070685494035189,2.966363922653809,1.652165208266975,189.28123276450398,0.19974049691857498,0.00011262031844529802
22039,-0.30965351959148535,-8.739059218517813,4.610752589695372,0.7492089762257839,223.62694844285994,0.7976037338671231,0.00011262646822880314
22040,-2.3876644206892976,-6.606722913111106,3.555581022931522,1.2836598042286556,313.517437948305,0.22357586297781396,0.00011262840256686937
22041,-3.258164498682264,-5.456334531967541,4.630617062291959,3.4149968922022915,531.2658626449075,1.4305634675681267,0.00011263030182679442
22042,-0.7093140420703392,-5.103637179422989,1.524688563632308,1.1583132118363433,167.12129736307764,0.19366983279219774,0.0001126321674005411
22043,-0.10973993112006397,-5.481718165046213,3.0953722280586704,1.0233465843928002,216.17966470100595,0.10090600645587511,0.00011265162387988824
22044,-0.6593146473355542,-8.084710701701255,4.425021204811761,1.0862591453997328,467.01042395866244,0.6239610687401447,0.00011267727380781687
22045,-1.683540458734317,-5.59280401472022,3.1241294450349373,2.9919069618627683,475.7293495296559,0.35526248932999493,0.00011268186168022984
22046,-0.00310506396017729,-6.107316729038159,3.289964858905458,2.5350741957961884,455.23824205304834,1.1591733114138743,0.00011268225532277578
22047,-0.9552332277062856,-6.312037156934381,1.13992376413079,1.7275629422156193,467.8640229998152,0.6796642535824979,0.00011268953415677693
22048,-1.36599635866183,-5.917331178945025,3.1759465916688403,1.4163814914168913,309.8706371346796,0.26722741287118623,0.00011269518905153909
22049,-2.03966485126608,-5.239836230851236,1.576112356023142,1.7507933757598435,468.20780096635366,0.44378380005640583,0.00011270095768666234
22050,-0.08464065937732457,-7.513327087314593,0.7025902353049175,1.234142209904006,309.7801489978154,1.225709596562278,0.000112702025208166
22051,-0.4454707841124499,-6.930357117439765,0.9127883264809429,1.0989682645997803,283.62955670803547,0.802384716612857,0.000112709312327288
22052,-1.3261894432305628,-6.692980996120034,3.599596542708074,0.8302229531593603,201.69847176836691,0.807236652640948,0.00011271189338348764
22053,-1.0614580863638494,-6.2325930037586925,1.1615885153853376,1.1850502939547367,301.07091729496864,1.8588074277931215,0.00011271359539493392
22054,-1.5272577657463025,-6.660206187640611,3.5815781369100383,1.2081980481255403,256.89500930490584,0.0981041355013188,0.00011272307511640005
22055,-8.107857826410278,-11.224966769867937,2.3637589963453682,2.644616881314846,470.77956365928617,2.1811249947580613,0.00011272373618328087
22056,-2.129545059952827,-6.4281458446943365,3.45447392112731,0.9419776159713366,470.537111548299,0.22318194661762636,0.00011273869407103524
22057,-2.2361818214027442,-10.801687101804312,4.514741674728775,1.1286126876351954,289.27170932231155,1.2774936442667135,0.00011274372926259804
22058,-1.6209515712916271,-12.789350578155426,4.425175175127614,1.0911835900124371,281.8967128785701,1.167304725511098,0.00011274416675591496
22059,-9.407517010626755,-8.092113348821616,1.9337742631151287,1.146192577533787,467.85531006381007,0.23509822684634063,0.00011274434784107722
22060,-4.970405500400287,-5.117965955216732,5.034943789191582,0.6193428891196031,128.42024330606847,0.002544276564138137,0.00011275320636873267
22061,-0.4485036297440974,-6.024465489190565,1.3621008956486251,1.9104006573057395,383.06429661736956,0.6717595062839674,0.00011275662101160172
22062,-4.8594757294964275,-5.575841806383641,0.07513178402431654,1.1737993837614702,300.68178524610795,0.29478818733462475,0.000112769634602939
22063,-1.701501995402296,-5.943642383327668,1.3661862601272265,0.9755033160600508,270.86660476150206,1.5679591575088683,0.00011277341496704342
22064,-1.5912087693376886,-5.880604161877767,3.1738293489432645,2.9608789844390997,399.99589294957553,0.08462183934788481,0.000112774201915856
22065,-9.379489631782482,-7.925732538162283,1.553462962957541,0.8115184084436198,469.7424142976032,0.12757135227726923,0.00011277636225495156
22066,-0.7991324027865812,-5.612855027955679,1.4470905476790248,1.525125448008665,358.3928252859505,0.5526992627459464,0.00011279953733574441
22067,-1.1373546239537955,-5.977075313369516,1.3482353346058156,1.659285389123828,358.80402780308725,1.14337683721791,0.0001128060975909912
22068,-0.1768416635626675,-9.609137153434954,4.619727495855367,0.7947548093197968,225.40441315049986,0.5924500315655576,0.00011281017934390782
22069,-0.5038480821757716,-12.876351989280376,4.422958571804587,0.6488458822417456,132.15307890149003,0.44966200475016027,0.00011281746365724227
22070,-1.6047105996704705,-5.507291035022411,1.4800314570612327,1.1111336404659793,466.8789627728618,0.807097603079244,0.00011282177309836555
22071,-0.967031279620004,-12.079994979462107,4.4419912369253565,1.2669277076974192,291.05309921796555,0.4068989374585543,0.00011282191412443978
22072,-0.7713132320757907,-5.865748239524436,1.2118185265438355,1.151169140752372,247.9203602056397,0.3043478196563143,0.00011283069796366854
22073,-0.3290514351667433,-7.327589400634234,3.9571058713645595,0.8474939507103817,467.7636635849489,0.3178468651785691,0.00011283114457039083
22074,-1.4383203887968605,-6.27852483742708,1.1697295802502683,1.714342602638814,369.6486236977162,1.7107192739459203,0.0001128321393335115
22075,-8.025396966119272,-12.720673024986683,1.6338005747474267,1.6579040611411984,387.2546555361429,0.719477273015146,0.00011284778642471765
22076,-1.7973035889795224,-7.486986574508313,0.7220686353842876,0.9141647107759321,238.4514662992567,1.0590495139819422,0.0001128534122293011
22077,-0.8976297661312689,-6.285079983917618,1.177032672650916,2.343424589788131,208.44166351260748,0.31949954474535947,0.00011285356867893398
22078,-7.439975246614772,-9.5637544822632,5.060335083699165,1.4592054663351426,323.6065115428695,0.6782492486665666,0.00011286576549589143
22079,-2.5627523653668716,-6.084011536730476,3.252872624062533,1.2355915183447117,291.87245444258315,0.14708800122480525,0.00011288149905908607
22080,-2.2628094537184618,-7.524987999266067,4.22441421627637,1.3515226644258338,322.56050656678184,0.4477047904868714,0.00011289958740320352
22081,-9.40371262291929,-8.167010245648333,2.6807743994338624,1.591651187203702,353.3309087086939,1.5636305550161067,0.00011290688840934291
22082,-1.7250441360595552,-9.482440444840993,4.625288600806519,1.7766485298624903,378.2935826236129,1.8952482495199492,0.00011292139428827862
22083,-4.721277722919143,-5.3855898979244605,5.0996816032242736,1.7003137795937655,398.813326532137,0.1026962914244427,0.0001129319167007032
22084,-0.9196063174956883,-6.273808532770227,3.359233376834687,1.1125520205474912,468.07122407961214,0.8790031251899668,0.0001129331270847444
22085,-1.4343210462024487,-11.231825557371247,4.481360408052764,1.8293673669956998,436.715647560629,0.06369324525253184,0.00011293383063690092
22086,-1.7732395671574768,-6.312114278901338,1.1763278279872398,0.9595184762515209,189.64535498656184,0.2605142634801636,0.00011294525493291681
22087,-0.6774189550327279,-5.1376447331774004,1.5326147464719688,1.6213297485239053,453.4244511230237,0.550546297480766,0.0001129469837668281
22088,-3.8787476781703267,-5.3393543907320815,0.49845480867472575,1.4978103724111935,337.01703208414364,0.8770789061037467,0.00011295045255954147
22089,-0.505479560020877,-6.443569090457808,3.4583980125598517,0.8397674616743572,238.53452813805598,0.9196484941299241,0.0001129511677997854
22090,-2.59977001586919,-5.036068171649692,2.9526559229236615,1.6820508908244225,394.7856791935535,0.4975054180937013,0.00011295525644087497
22091,-1.0910901994940954,-5.336606087162605,1.6128050621370094,0.7643753891454761,217.17367574801392,0.8456591825750523,0.00011296782881860571
22092,-1.9243413209210747,-6.985732359985379,3.7517425164965084,1.044076329881605,283.8439891361819,1.2144379897037103,0.00011296822648699126
22093,-4.781217041607958,-5.2775011676035835,5.039678852839525,5.541911421857094,528.7375370569926,0.05728748897583902,0.00011296989528176487
22094,-0.6554764425233373,-5.424044387192478,3.0749855830436257,1.8393305962079174,467.99793535202343,0.36710681222944874,0.00011298391061483655
22095,-1.5512793127861322,-8.831898563436528,0.17820828422484977,1.46660800815459,348.2554675728833,0.5474291270706351,0.0001129878282169204
22096,-9.784301016137876,-7.218887504956662,4.251558874650144,1.2035287018851895,307.08095298300526,1.516987926962254,0.00011299296842080598
22097,-0.09996480738828595,-6.875742317386138,3.6410132245714695,1.2800516328915124,317.2790190668566,0.48416992168215867,0.00011300777689386147
22098,-1.3707894882615275,-5.877491134143773,1.244772192333819,1.546881006682753,354.4805068999189,0.16540782871603543,0.00011300904312576319
22099,-2.119148516266943,-5.90721112097581,1.2393043643909119,2.7708904486603743,462.92787407188655,0.49322642222879676,0.00011301670597539169
22100,-1.9368928838897688,-9.023804415630606,0.12589370805796699,1.6664042637167418,468.3296915913267,0.043890912365225354,0.00011302157868470122
22101,-1.814998697871827,-6.189977961950363,3.319055812680712,0.6790824214606367,467.9882768311315,0.43158297348799035,0.00011302354082284616
22102,-0.5242499515038759,-6.148791847189958,1.143196520197907,1.2332512483077946,291.3728411667657,0.48702524811248704,0.00011302871059049652
22103,-0.03448027839007928,-6.317178149600669,1.0843987136827473,1.254010113685854,468.9009681423952,0.7763949583963248,0.00011304393407562389
22104,-0.44574119564064674,-5.881345483594783,1.4927517164525899,0.6278413462948801,126.43616144133813,0.09347245290362238,0.00011304563200698993
22105,-0.8373133106683781,-7.794168544462605,4.255674744410812,1.3637606324644644,327.9377749684776,0.24768467384536574,0.00011305104007633754
22106,-1.7965813165993652,-10.701352305656698,4.575614351694694,3.5155677316372373,530.028506113483,0.6749433338673212,0.0001130574043843026
22107,-1.196035543759784,-12.990235914076932,4.4184813060045425,1.1829835975677556,248.93148250989617,0.29282963460140454,0.00011308535093043234
22108,-1.9997062837515287,-10.038125699062608,4.5670944835742056,1.0516380479062828,260.39645785734325,0.5052812790821228,0.00011308941325675961
22109,-3.311411597056467,-6.349933916685073,0.09048277254823303,1.652681812029722,470.00410889126135,0.16639093815768558,0.00011309088338695953
22110,-4.086752671660598,-6.1301852652902555,0.12707135728353194,1.487832596235873,468.5092076313287,0.6387538115898899,0.00011309588510237914
22111,-2.2396531505881523,-5.888886576355509,3.225693746884384,2.1911452197090058,425.6724745037452,1.9471485562051845,0.00011309822467778679
22112,-0.9654591459813684,-5.741634308022477,1.1954864158805665,0.869318667125553,468.3501425489277,0.7686913567331484,0.00011312435588809139
22113,-0.5688280024690435,-11.38781034083397,4.470012865208285,0.8277042422972518,199.45916119654646,1.216750267682765,0.00011312484532703515
22114,-2.0959184436765588,-6.292347191192318,1.1726134097386265,3.479335606704514,533.7014978999059,1.0547661913878814,0.00011313834081029436
22115,-2.070163644472764,-6.5574262045402705,3.5214431187119963,1.1953144684151187,268.0800677850278,0.08749450778597989,0.00011315353441312986
22116,-0.5081251787783962,-7.346951100767771,4.000430409707486,2.1203543538859964,409.23298411708095,0.8664631292464842,0.0001131584736513135
22117,-0.7372547189107106,-9.33535369351807,0.06798681809565746,1.780232353388479,467.8148414771533,0.06901497200986029,0.0001131632260644876
22118,-1.6787445686241416,-6.689646068918289,1.0112215402062086,1.071015040409355,282.4875421910656,1.4717441892046184,0.0001131702600683609
22119,-0.28050658276909957,-5.2080183144137555,3.011471535898692,1.1236094754135146,468.00808432806934,0.37178192458167647,0.0001131723920267649
22120,-0.9134006785320246,-10.73686096133233,4.516053587729684,1.2918725369888941,181.5847857366467,0.34130920545696153,0.00011317835657851917
22121,-1.7054987244558735,-6.8104098401702675,3.661175027675348,0.8950802811714844,240.59941431569737,0.8315237470702259,0.00011319378524359949
22122,-5.677788563845213,-12.674313948413824,4.784709588484925,1.10246742180211,173.59685285220132,0.19409720722998713,0.00011320590498109357
22123,-1.614131148615364,-8.478656351231947,4.570750273388367,0.8372971730363454,216.07114125837612,0.9348029926964658,0.0001132071074235856
22124,-1.739368539736443,-9.402720985888966,4.62967708836197,1.486131927554561,467.93748561417203,0.3731065174464643,0.0001132071969259156
22125,-2.083269666800166,-5.459035903851132,3.083780743982339,1.3397892515515994,289.593691010852,0.1299168003084663,0.00011321598921726063
22126,-0.36878808292684795,-5.787843333246814,3.1520544715782455,1.0169362417641263,227.43527176333293,0.3836623016430405,0.00011322832022745959
22127,-0.6973449874314781,-5.922533525187215,1.2337887262262082,1.3185981851459805,169.50193549393006,0.2119101449598153,0.00011323780465781088
22128,-0.3240934107105602,-10.679151367978218,4.5204087213537605,2.073063554371317,413.0598862795045,1.8336843596073544,0.00011324479167586968
22129,-0.22283019003455706,-6.325965247391658,1.1638280862346382,2.973386707620925,497.9381607826459,1.7007342971459707,0.00011325561881489855
22130,-0.27452026664328955,-5.810031325676043,3.1935046548601846,0.9350132857875174,195.45931676566406,0.19727501470184006,0.00011325925618691151
22131,-1.755192034495332,-10.453211412410257,4.558841195081778,1.0895921867793792,232.775294508765,0.6978500760198418,0.00011328141207249089
22132,-1.8835998396211213,-6.287153646003513,1.1104934333094703,1.4577365651110468,467.53207524514005,0.057346184440313586,0.00011328759034717935
22133,-1.244168339979458,-10.68713760356724,4.555094083245749,1.40362983678376,468.7048112198936,0.8200031826170067,0.000113297590714405
22134,-1.7756677656375928,-8.185981712128878,4.460635178794548,1.4669480957646666,326.25618545613014,0.7774225475110121,0.0001132978317084247
22135,-4.175396335161356,-5.89643656255881,0.24603354545251285,1.4634530391479996,329.42008950780433,0.0230040684699917,0.00011330573584390842
22136,-1.209022080693165,-5.9238418180252115,1.2820996964569633,0.9218168310377728,262.0925073186207,1.593202489562894,0.0001133134140507117
22137,-4.311131254705575,-5.412378289589174,4.9195977391799435,3.876796579314376,561.4864301723234,1.0443718684742356,0.00011331361277817714
22138,-0.5330401338635333,-7.889057501730742,4.328414193036481,5.661508659256588,302.24007921678367,0.3063498793894741,0.00011331519655576505
22139,-1.6666075110406506,-5.40408552163266,3.0694504784942027,1.3282310696832345,307.50020215985705,0.16144652070818832,0.00011332305963307598
22140,-0.8228919588822006,-10.26723594144098,4.58038168215383,1.2021901112162152,258.12985255800544,0.5681813563345548,0.00011332329624789384
22141,-0.48477194011019265,-5.96298067994877,3.2370662790982245,2.4188814114215407,449.42776684517673,2.096002298179373,0.00011332752407291445
22142,-0.3353407235284269,-5.2920536488818275,1.6091523068406632,1.1646190923780793,469.15147060420713,0.5971136360655427,0.0001133280734568646
22143,-2.9316563885129714,-5.7795438891463995,4.206546070062777,1.0123979115756374,265.192231456349,1.4894653698824074,0.0001133480299245866
22144,-1.806482499784579,-5.324684525349816,1.59973134209102,1.2501873170309037,305.94400661016647,0.6931549055487247,0.00011335823894370064
22145,-3.1009308883863955,-5.6446389879489995,4.597139218513693,1.0824083785804302,287.2093252087079,0.906954394158408,0.00011336199717671813
22146,-4.291253460009701,-5.053868653122163,0.5813306613431171,0.9210006689621437,467.34641931946067,0.9324628728663722,0.00011337240639542043
22147,-1.7057757067153574,-5.349075112879989,1.5928161221146782,1.0061944354611656,276.895341469746,1.6367235410528105,0.00011337272879729793
22148,-2.1751728861575828,-7.095535293094126,3.813706063428421,0.882723574523106,466.8060818512499,0.15375062559971742,0.00011337382465666273
22149,-2.348577451553907,-5.010617090506394,1.7019167526070065,1.8116589030319112,432.72508323989166,0.24618484152288378,0.000113382807306165
22150,-0.7490160162136483,-5.609627580119689,3.1130209372550315,1.253701133363468,303.93052644227396,0.3841015170866804,0.00011338945098402024
22151,-2.5490515392309767,-5.7239920937769515,1.460544240631973,0.6473839801051091,199.96920512729534,0.8150015288721013,0.00011339365478198691
22152,-1.4248458532153627,-5.43552339990223,3.078728568201657,1.2470337111172531,312.5205502417103,0.3957277551640592,0.00011340304937543827
22153,-0.27021461252887846,-10.157778827706268,4.594715757884464,1.8584076384348134,380.00695498687804,1.0218926410508864,0.00011340731342216784
22154,-6.756745042113089,-11.717311218285884,4.677653971179133,0.848078050819842,169.05716852718737,0.5769690729120898,0.00011340965569737279
22155,-2.358951131865844,-7.041680844842226,3.779625887735478,1.0550367755665755,246.9556403124622,0.30998990982844443,0.00011341341859539036
22156,-4.652407319760039,-5.3539267549972225,4.919622253245253,1.5713083338027212,371.47803515575794,0.3126087873759946,0.00011341812976243947
22157,-1.0652076318507486,-5.405150685225791,1.4617734713313197,0.734514216970507,197.60349517219444,0.3203928482206093,0.00011342094321272205
22158,-1.84957210050419,-6.040577462840852,3.1866062568269005,1.854797263509972,466.8098214680251,0.08499165598805458,0.0001134292348028192
22159,-1.4167844470659947,-6.08172289945114,1.1891172999219954,1.727501538072706,408.7735938025305,0.2956548377029877,0.00011343580958635042
22160,-3.7788155861344572,-6.208766594993023,0.10803508599944703,1.9190121224478272,366.80519525363496,0.1807984351698977,0.00011343626895290753
22161,-6.216500369068233,-10.984451556185702,5.030531813352816,0.5958991573001584,142.64191693741233,1.161673879611671,0.00011343778719993561
22162,-0.9031736941038702,-5.176356729904056,2.9632089109173325,1.0245718684410217,274.62570714546445,1.004563755662991,0.00011344149339727894
22163,-2.4046459439504355,-9.124587310877885,0.09557403316062887,1.0446367171858733,255.07325247133693,0.36818683659493434,0.00011344162075281151
22164,-2.778992102266624,-5.0567635804971385,3.0207299793343125,1.0644714662859123,285.03951271885757,0.506604756904081,0.00011344621637789181
22165,-0.13672091703564604,-7.0719854745384225,3.797877826352248,0.8420612229431075,230.8525084718706,0.7733537611925589,0.00011344930967737476
22166,-0.7934841671159489,-7.515659053805708,0.7185511596387373,1.6931115689140506,368.2229885600812,1.9404531910028355,0.00011346126851037647
22167,-0.13808452013664052,-5.196467554776124,1.536173374381077,2.299501459681145,437.92769927173697,2.2155672231627728,0.00011346459458209609
22168,-1.2237503724726846,-11.292630099982691,4.472314549790739,1.7057072467870658,400.3626485247109,0.2819820748154571,0.0001134754193800226
22169,-1.5792917094499614,-12.96142176798347,4.414965653031151,1.4682759084065056,301.27103800269316,0.10674667529525816,0.0001134775009356703
22170,-3.3204487377411596,-6.160099596136934,0.18603854747637558,3.3202499974151682,520.2998381601176,0.9094058084199332,0.00011348295881438269
22171,-0.43885950555174347,-5.173895285549721,2.9071398540429403,1.5811822962323165,371.08196944104446,0.4450742399689789,0.00011348691351142822
22172,-1.8940335697982462,-5.335624915911464,1.3047104030582921,11.209320154936114,652.2640980884959,0.07752375530782363,0.00011350371606669772
22173,-1.964241546416737,-6.0914509032841675,1.1879214751057567,0.9466816029492325,467.9794339623796,0.10770116985545553,0.00011351455551490476
22174,-6.850331354971243,-11.464867184223415,4.6680044661700855,0.8696067835195126,179.3940514148268,0.8433124542367993,0.00011351758499783945
22175,-0.7825718134816864,-5.984741554863808,1.3349486653158682,0.83274262314815,200.80866738288262,0.6421890883375498,0.00011352812686275843
22176,-2.1848715184754663,-7.073607131451063,0.8804664184516608,1.9129614789422995,469.3143684401567,0.6281511768732431,0.00011353694027591254
22177,-3.7394904005028975,-5.381583680199047,4.707148012145683,1.7701241523860354,374.90531740826157,1.4838240015762638,0.00011354136908965808
22178,-0.21056543302717934,-5.884452929103818,1.2207146827422475,2.05593109079198,411.4521690139839,2.0535369453883563,0.00011355026623536597
22179,-1.118963791588202,-6.722284333736898,3.6019435334225283,1.5216025422037605,344.1009282129552,0.30623297221330237,0.00011355075279597968
22180,-0.6274379373270627,-5.333076398368591,1.6068402681699052,0.8541886800953623,192.94349097362144,0.3568817736985066,0.00011355223750833525
22181,-0.36145918752711026,-5.465637169028072,1.3059199984304464,1.6796086346038943,468.58068756322183,0.5700191317875509,0.00011355256065161742
22182,-4.58717960796324,-5.232574142358585,4.874523204637251,1.5671572205769628,358.65348543583036,0.26645953500105346,0.00011356144147965293
22183,-1.9078500665980442,-7.012759357923997,0.8821520938414629,1.1249636733474184,267.6366100209504,0.5315265410987529,0.00011357342575923443
22184,-1.938900483768908,-6.371500426792812,1.1671858071221253,1.456371673430733,440.12434915160935,0.09398408194880936,0.00011357446232994453
22185,-1.810437124983384,-10.490870409588766,4.534374061082308,0.9667908665666536,256.10391849036284,1.400593629308574,0.00011357864252832501
22186,-0.41239667123835133,-9.469576561296382,0.015279187327048535,2.3300077710368448,439.55178649688526,1.7688118759999147,0.0001135929420815314
22187,-0.2634575332100866,-5.457883160795655,3.077132570678155,5.710130778631354,655.0184408260839,0.3931798462011642,0.00011359468067237358
22188,-0.048915544973125336,-5.344098970980562,1.5791479100747425,1.143213324645507,468.7156278708248,0.24629031305028182,0.00011360138122898249
22189,-0.7438436120413812,-6.681962610416644,1.0374338725784917,1.6698771816924272,467.36225134247155,0.26389957564569944,0.00011360161033724194
22190,-0.938608454318663,-5.150991215120836,1.5350327643559805,1.857654251781518,460.72400429343236,0.443049279809407,0.00011360533666831735
22191,-0.22797195648864843,-7.8899398950548525,0.5401089379846751,1.1941275006210859,467.1876751925425,0.26372987461370023,0.00011361578499587039
22192,-2.2657610567352418,-5.134527604942203,3.077070249233038,1.5420279226494111,359.15457403181443,0.2981139973709892,0.00011362022341319173
22193,-1.8174839187203045,-5.252878627521121,1.5800680175414281,1.0551850139221954,462.58761692880853,0.2365066268802236,0.00011362940564597916
22194,-2.57612237369377,-6.615849714122883,3.944041828073706,1.1698621951131865,302.3205752598162,0.5578802102483609,0.00011363032913137424
22195,-1.400167087059815,-5.189561430506598,2.9605270001146056,1.3073272761594688,322.96978819547803,0.4511457974432256,0.00011364087442864018
22196,-9.147722695675713,-7.275925632678977,0.6354997168930676,1.8743382419371784,452.1429583198579,0.20363414971998584,0.00011364499478750691
22197,-1.235229980461586,-5.375552843861327,1.5853376159959964,0.5581749836909491,128.57275386544876,0.3969272482767172,0.00011365247217507496
22198,-8.12393652702465,-11.278921958381014,1.699205774454907,1.8353460912566493,439.8620318014695,0.1994929279533446,0.00011365284463379757
22199,-7.850999041793353,-10.731431672224431,3.5609925152346187,1.8357386468494858,438.63902092920574,0.34906829823165,0.00011366282011903674
22200,-9.900371868355549,-7.636069194030519,2.5124568378885357,0.5050539017593658,154.2102022444922,0.17731089218182383,0.00011366992042409606
22201,-0.10691890360015321,-7.395276633897804,4.015129801041519,0.5572292649391437,123.58721578287121,0.870341615655434,0.00011367819012195257
22202,-2.104693362567536,-11.536577971116825,4.456380751696279,0.8719364406764805,222.43394676919016,0.7487944606728201,0.00011368848585488878
22203,-1.269316774915163,-11.851456507985707,4.441772416858988,0.9688293544854305,270.2791208883189,1.8196643212506514,0.00011369810872931373
22204,-1.0656125190079404,-8.611566391651676,4.590761686562557,2.3167092776178304,410.475555206322,0.22810815450385746,0.00011369905609539578
22205,-1.7784682721234386,-5.131465816557616,1.5302021245385249,1.0278271860418509,467.92007316573705,0.9124338991843812,0.00011370080257375577
22206,-2.9266740737616264,-5.5682922964108155,4.171846137364484,1.8523995269041091,469.53834888836553,0.2385157331796739,0.00011370263463663245
22207,-1.3414436570142154,-8.741915925395954,0.21937694470422806,1.0017465254631117,269.4543189424424,1.7746826350532503,0.00011371112382669648
22208,-1.9543878533969519,-8.26483356224654,0.39538502022607824,0.8687288791521905,196.69772224589894,0.8572848027022033,0.00011371998332699015
22209,-0.9451471648380387,-7.787328041426793,0.5939835065518881,0.8248346215527812,191.58416635187504,0.320008595295457,0.00011373702378622712
22210,-1.0007413679487183,-5.261108690047112,2.9708087336749576,1.2548539397134368,312.54331012965827,1.7695873792727523,0.00011375114296499777
22211,-0.846872592497089,-9.329152099233916,0.07786325950502418,0.8584670566811295,174.50787099713256,0.08587237249740554,0.00011375568324440249
22212,-4.032379721768215,-12.16204508953755,4.790428328908176,1.8632825794394225,468.39961678909697,0.5363203808086583,0.00011375722117709261
22213,-1.6160041369869091,-5.225665112000068,1.5222582347057216,1.110900374563996,266.0448745997294,0.7768019556406394,0.00011375791987974027
22214,-1.8099292242818876,-5.366091071964804,2.9125539505443965,1.137773255792058,291.9927100288565,1.284087471884928,0.00011376393896859968
22215,-1.148980628058938,-7.479450307450249,4.081570019388329,0.6269088484531349,193.89266585875114,1.22988163674954,0.00011376463250974329
22216,-1.379927244314663,-12.302350067963786,4.425753730856559,1.8956319092664289,459.98444784602555,0.3065267787700767,0.00011377591603443162
22217,-1.1950424693412511,-5.995038558782284,1.269230783145088,0.9279310676360117,263.0987343796484,1.7694767760761243,0.00011377609441389889
22218,-0.598967228968899,-6.23041118736575,1.0970518950401151,0.8674010868069294,226.82245598290925,1.0217486662194277,0.0001137763591986146
22219,-0.16821479811474482,-12.262869733765905,4.426854034272706,0.9166646596687184,209.87412656566892,0.2286100459625633,0.00011377718911457345
22220,-7.952338302772504,-12.23086348841457,2.784134801916953,1.7802949777742703,422.90661426533154,0.4276843772268988,0.00011378119533934251
22221,-0.1282218939524018,-6.033521669593017,1.271169991382191,1.058171244625349,148.1818696797316,0.25780503234765195,0.00011378861022641069
22222,-1.0323376337145103,-5.077687812459224,1.5441700544682164,0.7743701427166878,469.15484331110906,0.2043558480244565,0.00011378928641679297
22223,-1.1026234547744043,-12.159399244750901,4.429818859560092,9.974892552442249,447.73863722259864,0.16989868602848368,0.00011379132883413896
22224,-0.8479461634575998,-5.9128863038057276,3.20997728843301,1.0572833808579245,222.1358922775191,0.997336688592898,0.00011379745323269127
22225,-2.137332169317431,-5.0417344142092535,2.9320490050464585,1.8682886870533382,465.1143114419955,0.1227282684421187,0.00011380177541861295
22226,-2.341046086926121,-12.575191239896878,4.882734210067234,0.9255772442195249,467.53420090048076,0.07411130063078719,0.00011381454408842348
22227,-0.3251551126154144,-6.6740900882518,1.029500554837228,1.660291479663781,391.92343478259005,0.846400880687967,0.00011381475956070819
22228,-2.26164638138735,-6.353096938341138,1.0917325710442367,1.9966710067213858,397.0079760934388,1.0200881604405216,0.00011382165548970216
22229,-0.11425711204834954,-6.125667229739633,3.2792780632049277,0.7227219697233993,145.08298985643205,1.0752977004632305,0.00011382881201363318
22230,-0.4623037952647149,-7.82836279128724,0.6128606971898855,1.005611943111943,191.20575814533595,0.09350996791164601,0.00011382945586275862
22231,-0.7118610641680547,-6.314375602732637,1.129349095273075,0.6756384926951197,137.30101597196162,0.26674882095387886,0.00011383206223536708
22232,-0.08736045380627466,-7.24023105491769,0.8131381991628494,1.0479182778218044,270.2942972193922,1.3948759069123042,0.0001138326754669894
22233,-1.1943787577345244,-5.712105232856628,1.448667094427769,3.914478649152961,564.3402944688497,1.117007634510549,0.0001138329641934462
22234,-2.5728580795246225,-5.690331414532809,3.12732652561621,1.9000557538138312,467.91634191084404,0.6264390427056465,0.00011384711493279685
22235,-0.8079846780093352,-9.302265721825382,4.622797387302517,1.0306779193796844,280.1252657904248,0.9957808585331724,0.00011385549908841628
22236,-3.24029496594021,-12.966997428443149,4.754225887626702,1.6310204598873168,379.57130837789634,0.01968741870678148,0.00011387208802300473
22237,-0.1676562785957394,-5.099524184532943,2.9393218681261915,1.171472279752696,280.4425350387716,0.5057344728915778,0.00011387649266602963
22238,-0.725143101911268,-5.944713536155195,1.2246646162436725,0.8320847736306758,201.9819050030901,0.424522296589946,0.00011387783457687155
22239,-2.1264672627142804,-6.059593112809942,1.3411950481890373,1.0941928861664103,468.12197652747363,0.7430174957382194,0.00011389105132044981
22240,-3.691498997044244,-5.592030129909036,0.43299526210416306,1.5277559307708521,347.8451804568775,0.6438188730018677,0.00011389660258901636
22241,-0.03196318838239165,-7.493430995173004,4.08844492595983,1.1147683663968695,291.3788869644978,1.9050983799744818,0.00011390232992874381
22242,-0.44809911972251726,-5.734455969564796,1.4318854776196428,0.8667187883031918,431.05484773878345,0.9280837425563782,0.00011390234366472922
22243,-2.322535293791274,-5.968504602769796,1.3331653464596644,2.8316832558151344,483.181044682047,1.2329122743321488,0.00011390627651057436
22244,-0.3297595549733856,-5.099204196749249,1.7358645046746093,1.85796221013037,467.79045419823524,0.24169920679704138,0.00011391731278057171
22245,-0.0039833484234801375,-6.56763224590431,3.513311920989815,1.1321001800488388,290.95562512163747,1.2670453751160853,0.00011391753438161312
22246,-8.277225576540813,-10.096875838779559,2.671855763784073,0.8222673367973787,467.06574840038803,0.09507442055786708,0.00011394164631752027
22247,-1.4775761400694947,-5.871230700941975,3.1652094278125733,1.8935444666452734,393.08640903103077,1.8796332348889786,0.00011394726210792865
22248,-1.3313942076922185,-9.752784797438096,4.613642289031011,0.7849705401716113,467.9582555113023,0.3997741610820684,0.00011395181206776268
22249,-1.3831131111381492,-5.894528543579915,3.207588848311173,0.44998164987164296,118.13218033483759,0.39274641445105196,0.00011396647951028354
22250,-2.161004089348042,-6.545128568768769,3.500921899090393,1.1243681106121188,467.6594466322861,0.18173997969924915,0.00011396693385359509
22251,-1.302165231114854,-5.884137729984327,3.1692575445712023,1.6644417810029193,340.3683757458973,0.4240454476346427,0.00011397139329505722
22252,-1.202939521574919,-7.004327753606705,0.9346688314040493,1.4256915920397857,449.61623027619515,0.49796517967204235,0.00011397344104835318
22253,-1.8167505905311092,-5.254399921612204,2.963996685489871,1.109443301698541,293.41379099778624,0.553305442112908,0.00011397364208900482
22254,-1.5826151051735131,-6.352878103912602,1.0895811807017162,0.8882909713842839,183.5330651785208,0.21006665876713893,0.00011397586986606855
22255,-2.4406606080352358,-5.563401623821982,3.0326617499257265,0.9616572839662113,259.00510862107757,1.4327591598692306,0.0001139769368203127
22256,-0.6244550810576186,-6.201513178565198,3.3048735333262163,1.8210848802401036,435.35577433328405,0.19840535730777376,0.00011397851225196483
22257,-0.5378455869956458,-5.326397043918128,2.977772645259199,1.2974752078019618,320.5190278431945,0.283757939159484,0.00011397971438288915
22258,-7.831219585258777,-10.465335815475665,3.749365766988614,0.6191682225186839,144.5396051663715,0.409674555933047,0.00011398116647490055
22259,-1.4346000234891303,-5.291972842367912,3.00185912954786,0.7513481522159252,225.95860588431142,0.36969730015517044,0.00011398303348572488
22260,-0.8183605070572941,-9.735949344804204,4.61119172940811,1.6188214025604624,442.49456174274724,0.03463629254890943,0.00011398576484074975
22261,-1.3773663709368407,-10.827702305781898,4.500850984306887,0.8173612306508806,298.27175132199955,0.2908024017583317,0.00011399025049115284
22262,-1.6860776311407761,-6.209675975588579,3.2676176333364775,1.1092472842934058,289.05442838459396,1.489627965743244,0.0001139933477240723
22263,-2.530117877538821,-5.947817006504699,0.9638581911856122,1.1812327821455015,288.66977624307833,0.4977669028519953,0.00011400078665210264
22264,-1.0064197753541322,-5.749955711917313,1.4388766511604922,1.3227311306958573,468.07877003433543,0.7187825445278788,0.00011401789803805221
22265,-0.21022818382121145,-6.710899412378385,0.9902203087714252,4.313616496663743,588.5830882149813,0.988567068175958,0.00011402054240057123
22266,-1.7891745938577053,-6.429365773423154,3.3895130830817277,1.1021094923386205,173.54970464682253,0.03172985477197088,0.00011402058101908247
22267,-0.12436379093882266,-9.978355848831827,4.605245259155353,0.9740219094403032,467.4017190694631,0.4395328559078884,0.00011402253443206846
22268,-0.7657855209007582,-7.03685000130157,3.730334738937558,1.663390303255075,387.81497030388573,0.046485300875229285,0.00011402721190168152
22269,-1.5163281693014259,-11.565961788614391,4.45155734295575,2.7112574529416933,475.8477164040084,1.847076990513166,0.00011403028793378191
22270,-8.9449522775665,-8.763172271458288,1.9642854729578325,1.2828101354988652,286.668479142045,0.10781164967686685,0.00011403032022560437
22271,-0.21283808567052276,-5.420823294633567,3.0751841663960318,0.9875087732419974,264.0596140309618,0.31110865344278604,0.0001140646264031231
22272,-1.699201813287413,-5.09832822233222,1.7201948529496949,0.5430352022274881,117.28766328163522,0.6000753430065338,0.0001140807283805312
22273,-0.31746457327812294,-10.837367427193836,4.499208143855781,0.8325457666355576,163.51223801639884,0.07342066985615148,0.000114081137786373
22274,-2.447251588316874,-7.843893031388744,4.73986513800339,1.6798123600142532,396.0019008375808,0.5175016499752454,0.0001140879980087536
22275,-0.5418701003753714,-6.177684208103947,3.2916892246957743,1.6893806927862838,397.7251976018397,0.37450255275552724,0.00011409212235307619
22276,-1.5906565833971396,-7.577920440793729,0.6863865767563604,0.9672884149905073,467.75167863360633,0.899257584469134,0.00011409296267262864
22277,-0.8486189550963648,-5.835881035135028,3.149441947756538,0.979288336312511,195.6789637331572,0.8334822808675755,0.00011409484054804723
22278,-2.561417839667283,-5.505860499976344,1.5897089575201184,0.7871869358931195,211.3086537367108,0.716532205187435,0.00011411895681590328
22279,-0.5544682959233924,-7.308582472950852,0.7517777733548241,1.4372533457081464,468.8973706190741,0.7749278668226465,0.00011413571410937395
22280,-0.7241609376670013,-5.560144156687703,1.4762086877092284,0.9381517915264863,265.1815691196889,1.76155668114174,0.00011414069205030762
22281,-3.8849374987972336,-5.989893004456098,0.25192602370636835,0.5174086921612994,141.22415412537075,1.0923688422198463,0.00011414509109404505
22282,-3.633183267401769,-6.254233863460659,0.09321488097554026,2.3213932551757517,439.8163691253059,2.1168820825640786,0.00011415227896170248
22283,-0.7409956716881325,-11.926049719672458,4.434257428091867,1.5651652144372208,468.2777983746345,0.21361842064641134,0.00011416384251640805
22284,-2.0006576906348696,-7.327727099151822,0.7693196456664273,0.9967244959673054,269.22729472606903,0.9574697809665134,0.00011416740364902273
22285,-1.1108680329195657,-5.081047704909682,1.7130909541494568,1.3020015822200401,409.6383091060316,0.24216182039398682,0.00011416856571079484
22286,-2.2741339811776378,-5.508021131042547,1.3053934548783641,1.3898157828873432,337.40986009375115,0.5606725021277263,0.0001141717048668606
22287,-2.0169403602041633,-6.9833566590304486,3.715296356050053,3.2620684283749983,518.706234964718,1.2024933150785673,0.00011417463550409167
22288,-0.05697202572122784,-5.495696300814892,1.6152714563516497,1.0549104714878932,285.4565816377294,1.1227268015388683,0.00011417749959077846
22289,-0.2953552564632549,-5.080932070994333,1.3257720109723283,1.4507919294429994,343.48373450747147,0.5737308273750577,0.00011418352213737498
22290,-1.1094714796526457,-10.330260983306207,4.577884220872731,1.2379305551283584,296.9849508024442,1.110910784795407,0.00011418849579775543
22291,-0.21168646048407247,-7.15064625930772,3.8365544669256173,0.9418552659525383,431.03214302675514,0.5596339490019098,0.00011418945893558199
22292,-0.2033207253781697,-8.336474008701373,0.3941158152581008,1.2147264611130508,294.38995331579656,0.4671069372349921,0.0001141914729149943
22293,-7.846824674153709,-10.457217316894075,3.7184847675161503,2.1463693284374408,420.6894940343934,1.7587829242558515,0.00011419191201898571
22294,-4.442499528892924,-10.614815440771507,5.1740031201847305,1.588090626800078,370.9083058057482,0.3511070026624159,0.00011419312896143177
22295,-0.9062774572071888,-5.318298000025229,1.5748034939691025,1.0625325444118123,248.98595109989398,0.08761721899814479,0.00011420059717632227
22296,-0.9337824015638851,-11.4288101936679,4.457254637582799,1.8391367439540542,440.340645065833,0.11327230679372935,0.00011420189640444907
22297,-2.563558580354907,-8.854378893682002,0.07603370950077164,0.8395471375572656,467.84087692894485,0.2072580778441262,0.00011420539387729797
22298,-8.939752751355103,-8.030092745370473,4.475684857308818,1.8388798326061155,442.7755623245337,0.749461985721136,0.00011420698472706313
22299,-0.06591788433722812,-7.0919107783821556,3.7991713353132415,1.1253774495167699,293.1244321169332,0.5791786113463919,0.00011421384750610436
22300,-1.1417807725054416,-5.82769850287387,1.5003234584467677,1.287819715722657,318.0993218191717,1.1810619846574175,0.000114218239937174
22301,-1.5094906038724947,-5.3336230714689545,2.973226578057009,1.815727289350447,468.34937954235863,0.57350201715417,0.00011422270151231371
22302,-4.85240071942076,-5.236756568105107,5.021971043257766,1.3780955020397334,317.7002910683332,0.3648018780981017,0.00011422877478427506
22303,-0.008153809997162753,-7.162676053629789,3.843561802843441,1.1574519084664188,297.22507968753797,0.9827405180937729,0.00011423166384168976
22304,-7.306128355745145,-11.05072587973805,4.35321550256353,5.082817414344701,624.8485561987703,0.45678907308986627,0.0001142317660784973
22305,-2.8753404640165856,-6.218920703316018,4.777165131189205,1.0319449168283208,280.9385591931009,1.5539562231474227,0.00011424169396038867
22306,-1.9077692715193368,-7.369999801580234,4.034488527925961,3.15016327640917,502.1187181358073,0.7027608519951736,0.00011424198831205897
22307,-2.0676828267136607,-7.019558367502,0.9199686941194666,0.9067763335585132,467.55036315854295,0.7855681128301688,0.00011424646310344546
22308,-1.8071322384839323,-5.658512136359469,1.311446073516505,0.9040520983741582,468.04464132104187,0.7961691721939053,0.00011425215424211913
22309,-1.8269083591106998,-8.411909146760479,0.3281112580456016,0.7177267090804571,148.53455870597992,0.3393458616112195,0.00011428029244164383
22310,-1.9986346810743143,-7.252639738101703,0.8562701262069232,0.824052741014448,242.7600283628786,1.237234311581365,0.00011428055095857826
22311,-0.26886491242251864,-10.342879637481587,4.559469846624974,1.260516533447491,260.51141064889185,0.04616324758324897,0.00011428290206216273
22312,-1.1761061307139258,-7.802909581638102,0.614580407993034,1.5674261915532868,439.1081087189234,0.32766334744920744,0.0001143042274178589
22313,-2.2840164530275606,-10.888296983737119,4.55567114215653,0.8966246357598855,467.56362719983065,0.15343106368493942,0.00011430741387511242
22314,-3.778349623490625,-11.910787595338402,4.816216015097492,2.3229468778019196,438.8037150061319,1.8132219189276197,0.00011430946778332892
22315,-0.7873548715493364,-5.331545647120943,1.535732916390327,0.8967945936627275,196.1017510953634,0.7840265182842865,0.00011431628190109137
22316,-0.2863288781622835,-5.206618861159494,2.9462994565038687,1.847860982699141,468.0582988667875,0.7071558267548435,0.00011432777453618224
22317,-3.124806313126957,-12.230751484706902,4.909750584072683,0.8697535735430811,468.4757892526062,0.8454425173487783,0.00011433051983070547
22318,-0.7248797020935509,-5.67735782311152,3.110827339192294,3.198488745344604,515.5106864333176,1.5679847603380717,0.00011435833411698343
22319,-1.0186266190014877,-8.346939612553504,0.3887266164747614,1.308681281882308,143.72214806713382,0.32174093291231554,0.00011435949916032735
22320,-2.6735925007017913,-5.073549599527352,1.6426602094889255,1.1187147169628069,467.9355376569113,0.8180829686168325,0.00011436486705471475
22321,-0.0736843073076372,-11.515249269697222,4.450855696006701,0.5955284390783162,147.54641064942277,0.4350578643468159,0.00011437472956496785
22322,-0.5526108788161626,-5.8348238296068065,1.416116382581335,0.9905191282470587,273.28329238597144,1.7351379543612042,0.00011439911613517725
22323,-0.4322015139924229,-5.891055395737359,3.1623414707734576,0.8454658533215623,240.99160125001828,1.3325674727757866,0.0001144078276287429
22324,-1.1356149716116466,-10.245823243676405,4.550397339277279,3.7423762741804185,549.6837037425889,0.8165181830182071,0.00011441558817742083
22325,-3.715214121144516,-11.752178117238,4.838842761295518,1.250759817935305,297.2995846273315,1.1019830642972783,0.00011443629133376779
22326,-1.2983395844433616,-7.8121916491977235,4.251859728891326,1.45735018891934,334.9613892358881,0.819791759833902,0.00011443701617825074
22327,-2.0679911994097013,-5.425846474591446,2.9871384581607403,0.9460729047410176,234.5693574304938,1.2812855016920164,0.00011444088231319124
22328,-2.3583327974165,-8.276309641871034,4.6598341002324695,1.9174833249279508,393.191324194677,1.3274680583580567,0.00011444328865373031
22329,-1.8004981575334398,-9.11237528560371,0.10945604697307658,1.0336573299593603,280.48034486398916,1.4186646499225501,0.00011444897321141307
22330,-2.4337156228773438,-6.243517409428549,3.3602222368336663,1.1525230252412821,297.0977463075857,0.8816930252268751,0.00011445281674310144
22331,-7.754140624967432,-12.607717062878686,0.32974919501040667,1.9082739603963232,468.5437670653464,0.4745881315942695,0.00011445471330578122
22332,-1.505360808540484,-7.882555080598167,4.2872717885479625,1.314871945872525,322.2667545332542,1.1491649790243628,0.00011445582236073439
22333,-2.605364382692531,-6.208971030352508,0.5477733255894153,2.025416407372248,407.97526828487696,2.0188923525178533,0.0001144574477287117
22334,-3.8326763257019394,-5.3475213919723705,0.585734102096575,1.8748973859187752,450.6110662715437,0.27526073492640446,0.00011446662700754083
22335,-1.9457519910295034,-5.849779816997286,1.4883921470033525,1.2433234767861125,313.2370319487532,0.46478497941969277,0.00011446947254125891
22336,-0.9490994965851041,-6.515220468094016,3.404793865418782,0.5439795439902723,119.34766928376946,0.32143602811933025,0.00011447341866077684
22337,-0.06442297373543582,-5.485837012413356,1.6144045841352925,1.7716952118171807,418.43295215496687,0.5254846233296027,0.00011447359399288602
22338,-0.05306059596686019,-7.861837602591294,0.5696550234838579,0.9524169473891391,251.90500263894296,0.6952077928528073,0.00011447591902871472
22339,-0.5536827459022486,-10.036839684885562,4.5960703771774325,1.0315340892723153,467.4778614892444,0.5552233222941316,0.000114479258056252
22340,-0.6736252986600704,-8.80148121002744,0.1999445310403542,1.771911957524605,363.2946253337267,0.29999941326518176,0.00011447997388745172
22341,-6.759770332711353,-12.830912746555889,4.559764120871148,8.224052295520078,678.9911544274978,0.16303327258986933,0.00011448470485813826
22342,-6.863827468715695,-12.267373056403514,4.539423520562517,4.246081719508233,417.9491903848389,0.03431886433839981,0.00011450181310897356
22343,-2.4419733125942864,-7.770123866311191,4.722601246529172,1.2796496188524311,314.63682826120316,0.5030553854688602,0.00011450430742445514
22344,-0.1694628225539887,-7.333157980513767,3.9382396958196466,1.1617235037445728,220.87118713705675,0.07060471992058925,0.00011450441832988602
22345,-2.097299876958507,-10.720758666244572,4.552879536403557,1.7099645899886644,365.7882194675473,1.1995086713863143,0.0001145062280005472
22346,-2.400309416115788,-6.388889611027371,3.3800213741824994,5.121793432646084,518.0888042590461,0.06389561950125078,0.00011451554905802796
22347,-0.7161488624398924,-11.61558404363479,4.444362590883969,2.280731284315884,343.99675439590044,0.06798150338106002,0.00011451561943968067
22348,-0.28237934892902317,-6.244196025836527,3.264995923115188,1.3605260046626328,296.24646302802626,0.13537516725544574,0.0001145204928650294
22349,-1.5703162085967168,-7.869786816685588,4.279763984959878,1.0947993675591137,282.00510867596745,1.6689164745763252,0.00011452790142776125
22350,-2.3760674544216904,-5.081389108387023,1.7166362571403555,1.666111876736125,343.424524879064,0.645379419302115,0.00011454012875223326
22351,-7.097284918782264,-12.336345237708592,4.3458819594868805,1.8476020995347135,441.89545070396616,0.4875445209716043,0.00011454192066157097
22352,-2.3619597751862633,-7.694405912633206,4.17247898117958,1.0599164203972444,220.1921523664263,1.0244967901637771,0.00011455395667305315
22353,-3.0082196860581707,-5.939469238844245,4.77054719198066,0.7543586981984419,153.66419020594364,0.36303005583561276,0.00011455919320005799
22354,-0.06352687353571262,-6.208867738163859,1.3661438329755082,1.0561617880112772,198.94304287222863,0.08523890717673588,0.00011456091345872739
22355,-1.9393081973663708,-5.451133228464998,2.989685469468465,1.251333591683786,182.428143334312,0.2618811752727961,0.00011456452651533232
22356,-1.3025008732173884,-8.470964860157405,0.3150802173402432,1.6441627259483498,379.7873909362922,0.39001345304346735,0.00011456852899331223
22357,-0.30159996521482846,-5.539840717981344,2.917768833388893,0.5760822023416875,120.08829416130837,0.6639320216311866,0.00011457065824093249
22358,-0.6825313027319595,-5.851890717257799,3.14439724449586,1.2352237787628355,312.1230497343204,0.5345568814211461,0.00011457968201458352
22359,-0.4028899946462534,-5.358802569861528,3.0028844269453643,0.7637661240830632,159.3347236718122,0.2696114626994399,0.00011458441885464393
22360,-0.7792044093924684,-10.177410399455423,4.5807821967954885,1.7561705660581792,467.730131579811,0.12902183100682407,0.00011461457212394002
22361,-2.383119746473719,-7.365971340188384,3.99030535557129,0.8725151947509909,469.44374390750585,0.12013387114496421,0.00011463770386965213
22362,-2.410292133841444,-8.426582988917556,0.32721142948035037,1.318161646121189,296.42070786982447,0.4916449501515725,0.00011464416336166107
22363,-2.3264808275118742,-6.991676297898188,0.928904802504164,1.5613752234195852,358.33997552936756,0.9124603962428122,0.00011465333450230701
22364,-2.289145208459601,-7.56210318498034,0.6945478143779026,1.5290269382787567,357.85044709996663,0.48174926401720075,0.00011467559880320362
22365,-8.071966280772466,-11.24474593184489,0.6397671688011503,0.5919805839782781,116.2202376831357,0.039267406934380134,0.00011471725439688055
22366,-2.2251812701391884,-6.291564328029664,3.332398257341321,0.8087153257499297,162.66854065938605,0.6682609386886496,0.00011472037854745452
22367,-1.939495898455748,-5.9205477468419785,1.5146610541008398,1.9576839479826809,381.4024175108502,0.37085095892930386,0.00011472147071856814
22368,-8.143206454440866,-10.477188121296704,2.837038636535878,1.1216082469676587,265.0993970819682,0.3485316416511095,0.00011473189075968073
22369,-1.64610585007574,-5.201824243057461,2.935029797950268,1.8582854104935915,468.5879994827335,0.4935291325783009,0.00011473893472185092
22370,-0.17267150897722772,-7.298595702483541,0.8013877839008072,3.0459790917216147,500.26264003450535,1.0799960041927905,0.0001147405816520551
22371,-1.5303826635503803,-6.355809424808789,1.1351763506134502,1.064978289139526,286.9525329855328,0.6776707587437825,0.0001147412843226502
22372,-1.3181610119501013,-6.342434933841871,1.3887995650231446,1.0662469351506485,467.8530486548362,0.9138366540834166,0.00011475284399799277
22373,-1.2855131565549378,-6.2297553938677535,3.302148276058228,1.312178837929275,305.9136393898466,0.1635601661216759,0.00011475564613687906
22374,-4.553361118577982,-5.403384490700258,0.31352368806458286,0.9054382934650949,238.64156134139236,1.1541019511287702,0.00011477695505375285
22375,-1.2778018773719477,-6.898601960879292,3.683713544176543,1.2049514413493452,465.8533316525877,0.5885500853054291,0.00011477944751260639
22376,-3.087063050842903,-6.920876768340887,0.00998197403706319,2.074453949326089,410.88888335354255,1.5547421991269745,0.00011478311150733225
22377,-8.250599008517927,-9.480203944755933,3.632081787794773,1.685095414478309,399.316749277299,0.5330036882926503,0.00011479323462746959
22378,-3.952357456212267,-5.398392633578081,4.6418697498301995,1.8045192346072307,467.9487317076738,0.5806822565248577,0.00011480874267988447
22379,-0.3748294892299935,-5.071474203587161,2.993212294512951,0.9744102950940561,467.2319383537571,0.6125569650783129,0.00011480976143178669
22380,-2.822037686786233,-5.699489514965828,3.9058643471131274,2.359586780775065,444.50717456014985,2.357497498891573,0.00011481091910103734
22381,-2.8175340060381826,-6.608679366972036,5.109412066569703,1.8218859046429179,468.05310442205894,0.4879777224114301,0.00011481242160083315
22382,-1.5008653403702823,-5.507744670858902,1.5781374418899066,1.0736633877000066,145.89410845761793,0.1924139869140964,0.00011482091916505687
22383,-9.187144011885884,-6.674626610733816,0.6017860142426081,0.9075272587525149,188.7290975856717,0.799741622814218,0.00011482205619053739
22384,-1.4401387052408303,-8.671108809207455,4.5894941383651835,1.8633937203413704,446.1785820384554,0.5982418899365767,0.00011482433665911137
22385,-7.024305219605373,-11.78036226446726,4.478289400288827,2.746133104693157,464.8747392602913,0.624768455589396,0.00011482612870828931
22386,-1.8463881031535152,-7.308263203075607,0.8389339937271131,1.2394109537726916,275.8694899708842,0.23278605951355136,0.00011482694370351846
22387,-0.2092293523965587,-6.847198574310009,3.6581372279000153,1.6022424029072402,355.2932587296786,1.6916777013358013,0.0001148334152634314
22388,-0.057920397452550176,-5.151674579119414,1.63026435849859,1.1400838843641938,244.63497530297596,0.057583906844214106,0.00011483582835430488
22389,-3.0555520101390456,-6.247302496762597,0.35184123289106684,1.6797490640431865,366.6581379933082,1.9543534427585918,0.00011483936610072087
22390,-0.8761852090507123,-6.771658345379225,3.6088485035942646,1.8587353578813006,468.10928386069185,0.7360594174463833,0.00011484089911148668
22391,-1.6418934147889352,-6.457735695650016,3.436406707317797,0.954351311070126,265.1855222781203,0.6544024418491228,0.00011484329263448365
22392,-1.9340632809127776,-6.207561569736815,3.2894813320197054,7.151479653398143,353.605057550558,0.2348127083455056,0.00011486622176476426
22393,-1.1671201264508824,-11.501211004816065,4.446821802087322,1.7508682756976333,426.3675692976301,0.4073626871276099,0.00011486996343545166
22394,-1.0024921993985867,-5.5697230625683405,2.919001089977522,0.8364735801922435,277.7005831586536,0.29239384730379125,0.00011488912233727375
22395,-5.395922528808419,-11.023081568524915,5.044428135492485,0.9389186221986714,185.203760708904,0.6869634118128642,0.00011488973788918942
22396,-6.5578131904381785,-11.24882532964937,4.862032515718082,1.0524130716031623,276.45761974520906,1.4783005231066868,0.00011491380990453449
22397,-0.2316739480271135,-8.707088065216205,0.22817221542000338,6.361724821515897,267.9162489032994,0.3046694056299284,0.00011491793893396152
22398,-0.0981969500670683,-5.620388685388617,1.6228450869376632,2.6199513775497123,448.3239677238158,0.5261221752765808,0.00011491881899823986
22399,-3.416884883736529,-5.5590403083438,4.802997259192698,2.453537403998601,447.9120857451253,1.2406454251865489,0.00011492205267292588
22400,-4.47545697950501,-5.489680945835627,0.334688715757929,1.1026293416226358,227.8692018798333,0.7031350599166517,0.00011492602379127496
22401,-1.7843787790486854,-5.110857438915074,2.8515156608362457,1.1547478000547695,295.94280199469,0.8978216710477644,0.00011492884000930931
22402,-2.4930092795625436,-6.0106162639171945,3.223179021337124,1.8556587380994942,444.183642249938,0.013251087639486236,0.00011494889767011605
22403,-1.744730767427905,-5.626037032977811,1.4647377395326644,1.2236219791138871,468.12683114257857,0.7459039655316078,0.00011496158140408262
22404,-5.859773802205487,-10.822429699756798,5.114008433415177,17.79735858578594,770.7497369738159,0.1354281666912618,0.00011496789192993698
22405,-0.6843775757994344,-6.075107864803051,3.240897918114476,1.8826169199428067,452.7593519447481,0.3970102084770417,0.0001149712401553334
22406,-0.9156109856409955,-7.6283697684379845,0.6527839231776154,1.1464600559118228,245.9202903478669,0.4101222175549557,0.00011498143962262265
22407,-0.3670579752492973,-5.599135586314351,1.5895832174587317,0.886933013023484,252.23601895464103,0.6944403658391387,0.00011498228861327604
22408,-1.3783394162987097,-8.566867196009351,4.5737687121277535,1.3886549810264956,326.34271559244786,1.0121269541972646,0.00011499239162289726
22409,-1.175235923388641,-10.96360829223443,4.480621631322352,1.5042688577028946,468.07987309218333,0.7193936311794502,0.00011499516571176443
22410,-3.787842640137608,-5.163360022732352,4.428391884662721,1.456201382862969,334.40195478079795,0.22813678722361885,0.00011499986338749256
22411,-0.5374573380219463,-6.152031795064867,1.2950431060381196,0.5077323573697572,105.33114930883723,0.17955439836732534,0.00011502016805536552
22412,-1.4705259386023268,-7.811986609497574,4.250551938902739,1.028111839811804,204.93190974900455,1.1053226449698021,0.00011502318110995836
22413,-2.2265691178361777,-5.77764650970476,3.126496527199352,0.9941687495773983,467.39334241421756,0.4468466549292964,0.00011503910867570668
22414,-2.0968155384997083,-7.8490100955204785,4.263001556635688,1.7439950763884033,468.5830223816837,0.5708889679377096,0.00011504607324132111
22415,-0.12853317553281052,-12.111797168626719,4.418752320001984,1.0094299359824157,467.52665156611346,0.3571631540426079,0.00011506731302213621
22416,-2.6056813021247542,-5.005417650109251,2.836224955845752,1.0401437442575874,271.24726177737597,0.9174134596200485,0.00011507097370841115
22417,-2.393062284485562,-7.770374629924449,4.48742457591916,0.9788456748509997,272.3425071595334,1.5927842834401424,0.00011508280918906746
22418,-0.4655070285849412,-9.507936788836066,0.019328228277561383,1.8421766018019918,439.7757498934246,0.4686134908347279,0.00011508397893189912
22419,-2.4860759577380653,-6.047930309575845,0.909606505115495,1.266433632652899,469.9440284127798,0.005025645026148773,0.0001150876720515332
22420,-0.12985158139717257,-5.045500748680477,1.6796190890521299,1.4486585485957586,322.70645384349996,0.16354397271157417,0.0001150927910599192
22421,-0.44128130982384484,-5.23998890352502,2.932888147911597,0.9391475823901118,469.5712944797586,0.12710165147674157,0.00011510206361721258
22422,-0.7390805088417611,-6.884550710906018,3.6702099000008164,0.657150186271535,181.3410556171183,1.1474797491969513,0.00011510453475331073
22423,-9.013377614537003,-8.327102720893624,3.701291560304732,1.4552876856409478,467.9687885323384,0.2952506945006439,0.00011511397218131517
22424,-1.9055105122830902,-8.113537846094934,4.412207944889158,1.411165398496247,468.674423904691,0.6473072477561912,0.00011511707622077626
22425,-0.8229269008998266,-5.986871967259131,3.1733948585229723,1.102090703918131,468.45811443894377,0.61865193112226,0.0001151335551187449
22426,-3.8539669506216754,-5.103456984117103,0.6384641799932644,1.9982686583637714,404.5540701364798,1.7968076671355329,0.00011513356002494461
22427,-2.1096157933749513,-10.045198323040761,4.564867462875173,4.1355774033603465,561.7425254956221,0.31817713627296396,0.00011513700671087954
22428,-0.7992001958700286,-6.007329624328774,3.2247908302334967,0.9839458392175888,253.40271429822073,1.5097631417184187,0.00011514027402699056
22429,-2.584919362745797,-5.067230138225924,1.6810413274180753,0.9359222618906604,467.59907444951466,0.3510262920357601,0.00011514370871349149
22430,-0.966899982669009,-6.433515838242073,1.1089620627397143,0.7048244486075107,178.10572452603827,0.4966232711689438,0.00011515135891195294
22431,-1.6809127582534238,-5.335063673831818,2.9503559885934343,1.626125732602245,468.1629200863448,0.19919635084275988,0.00011515202670642932
22432,-2.8409203731048835,-5.0703426276637975,3.200556598212423,1.411338281690691,467.98337634444744,0.29559929442319977,0.00011515593450875652
22433,-5.193074659194088,-5.046453101824,0.004982834175329334,2.1390602635227367,213.31584323927285,0.19965268393130575,0.00011516147305813339
22434,-3.164680296418359,-5.681414009031446,0.5546266387908195,1.8272516770753382,449.88503242264363,0.21097319398889258,0.00011517124941664684
22435,-0.34849656222159275,-5.3896299560932155,2.9613048833910107,1.1378061317212391,235.67983640696596,0.06586258792359967,0.00011517294622309216
22436,-9.947477623434075,-6.9762148468723115,4.25437856549755,1.53057537616983,343.46369282037807,1.1910676031908336,0.000115183621065891
22437,-0.8892113379160769,-5.6956747502866145,3.09761997154588,0.9828381628823849,196.34646470613066,0.629212222466303,0.00011518420772971299
22438,-2.418585045401417,-5.267049414279317,2.935571554415034,1.2247024516506664,307.9745690392233,0.5530281428441084,0.00011520055253293837
22439,-1.1376391783003985,-7.051310772968585,0.8927878595549069,0.9079191640438886,232.39880601481062,1.2295579851456617,0.00011520176048560724
22440,-8.09361015778474,-11.53709412157364,2.1756994842619797,1.4490908757511145,321.87509227652185,0.7717207786051974,0.00011520212634866261
22441,-2.3096611209557274,-8.972776809231577,0.1829701322796084,1.0411280992217078,260.21434963899594,0.024981966207858974,0.00011520689362999853
22442,-0.969052215318646,-5.9456522951159405,3.1653122914708547,1.3080574359720296,324.7049084624022,0.363870373074354,0.00011520799990120658
22443,-1.226946238807333,-5.529317223716716,2.9919363678719417,0.6752732136297267,209.13142610284098,0.7844231341237817,0.00011521635127674653
22444,-7.448408460033918,-9.846668764820183,4.799042740885329,1.5531300395184866,155.75910942244212,0.39848144957519427,0.00011522024906131894
22445,-1.9208565235795536,-6.168519756960169,1.363733369426627,3.2410656897080443,515.2654279248186,1.0193719983298744,0.00011523092009016941
22446,-1.06814762124805,-7.120509344340951,3.802260022207834,0.922348208861662,405.9270115274634,0.3413772436742555,0.00011524818378634483
22447,-1.6524726762487347,-7.073945217656032,0.9259590564247367,1.1308939792214066,435.6576064674553,0.4147565062683798,0.00011525115395205058
22448,-1.4853508158365383,-6.061231670257363,1.4695346320628742,1.4969079012247146,469.8959481052271,0.0012348711924481393,0.00011525422900610361
22449,-1.6169326647054536,-7.25883489041353,3.8788906713446654,1.037846619093105,275.4794354669101,1.07166701203242,0.00011526384783298106
22450,-0.9213703258214689,-5.221389162426392,1.7253743751011126,0.9261857171652331,226.74553126300802,0.11349544693147173,0.00011527539818405216
22451,-8.552226435394141,-9.078865548608874,3.3899112981617425,1.5151592856152791,340.75785511958696,0.06955507936659178,0.00011528134247282462
22452,-1.7959705227506078,-6.092640996008881,1.2824013881966725,2.4177656013916238,187.80798010181272,0.30783065694498646,0.00011528447191107194
22453,-1.3632213108435742,-11.772385996733256,4.429535625876701,1.0499418991189418,276.33322721297947,1.4742993772646278,0.00011529189266097165
22454,-1.7125997240435407,-7.645226646201978,0.6659238024236213,2.1720439262902396,418.7381474038921,1.155497493093221,0.00011529211210300015
22455,-1.9341644851438886,-5.13387346245965,1.8502976138803486,1.8231821222691786,452.16451575981716,0.6508775215988001,0.0001152929791264693
22456,-0.7505471489697015,-5.297950195923293,2.93909612321046,4.143495174505738,263.35226048140225,0.31613931377604043,0.00011530104540364769
22457,-0.6305808680381926,-7.873099083404457,4.272820513441675,1.4323064943456372,322.72779762583514,0.09198426906561874,0.00011531417946305096
22458,-6.5788964553994305,-11.70614196138848,4.757564689348242,1.5532661430295625,167.41298362939227,0.4074317909841332,0.00011532504728742338
22459,-0.9380836858999722,-7.290009223852319,0.8556628985664182,1.6197860721511579,350.2810343660301,1.0810361783683833,0.00011533419417974683
22460,-1.4992454620187345,-5.090016969377118,1.629028934434764,1.5084545698106524,468.79304358668105,0.257519458666005,0.00011533710948803253
22461,-2.1962941296798544,-6.004195957025811,1.4374767807619775,4.977019881401146,618.9831287541972,0.477259960276573,0.00011534809797080604
22462,-1.321403632809469,-10.747054128790541,4.4949391597978385,0.8630901762912188,469.3321015726475,0.20653394397574232,0.00011534889391012465
22463,-1.5066341456631829,-6.495953063241139,3.4467850222341516,1.2068377523166314,304.4725289914845,0.5029974692850159,0.00011535159943541469
22464,-2.107861416550529,-10.283117730241838,4.5678625827495045,0.9288163769535281,311.03924282528396,0.993142383754468,0.00011535951656308765
22465,-1.1862086831232297,-9.52530746727818,0.017230107582512408,1.1854646736034373,213.47640314856395,0.06709351476266878,0.0001153837893197816
22466,-2.367377644346557,-7.242640133815475,4.033241095779646,1.2534052310815929,261.76189485830923,0.42484876396521454,0.00011538412951704786
22467,-0.13828947877621545,-6.397478181915965,1.135226064501165,4.884878243458074,391.0129697117869,0.08688213032562597,0.00011539191195400544
22468,-3.2576080485881933,-5.612357308309314,0.5136167237370802,1.86983841023215,454.28822114808827,0.47410537898399774,0.00011540795122550563
22469,-8.393403381749197,-9.700497684164517,2.7616414245341407,0.9612951872853394,249.63467597407535,1.2678077920785862,0.00011541275770539017
22470,-1.4495913111115915,-5.075750930115607,1.5520911908987265,1.7137377183219618,405.1861043750029,0.6273142867855936,0.00011541417105653508
22471,-2.0791032944313645,-5.8543152073212275,3.0581375231440457,1.7484333530350864,450.7395970520026,0.40004538598892925,0.00011541894029372725
22472,-4.3950911320460415,-11.252620134564198,4.94708351873342,1.2666775103535282,290.3660540642552,0.1274281482872226,0.00011542805632923687
22473,-8.069252052721122,-8.773279863123971,0.30605753901860855,1.9144392339618697,388.4394070617216,1.1433414602206904,0.00011543132660913688
22474,-2.2535489013890295,-5.906842456264886,3.1457065202348526,1.0246555498104228,145.9976951309629,0.270560587581282,0.0001154343284381265
22475,-1.9991223796147466,-7.580305132081564,0.6978934266558103,0.6941111256327114,131.49906758059893,0.23129410075335688,0.00011543520552679837
22476,-0.09543416802182314,-5.377973429875346,2.907105061998383,9.96596625971456,670.8554789154894,0.10753366729251113,0.00011544645664215508
22477,-0.4742790565547992,-6.735981221295112,1.0478084985271074,1.8094619749823684,431.4711375558281,0.349869350876415,0.0001154466894513757
22478,-0.17058272676118946,-5.626367808954166,1.5949492519738895,0.908616096217537,466.9788026799708,0.1272471488286433,0.00011544717591976336
22479,-0.6851278856321006,-5.00826856251687,1.6423552457327888,1.9125889374970342,469.18920964812344,0.5597575501160925,0.00011545381774927572
22480,-1.7765399188747786,-6.001696503148086,1.2358329884200672,3.622885065366147,241.89392360291527,0.30742688133056806,0.00011545661166772789
22481,-1.9886887666384538,-7.56611718851923,0.7238964763651252,1.8099871706560775,430.8660886869022,0.4554425142171219,0.00011547069174952596
22482,-7.80661551628402,-11.149652380801141,3.4837656066039795,1.08416892868533,286.58881753608443,1.3989879931171574,0.0001154720933962409
22483,-9.752474991783165,-6.7374037868937435,4.70991226300669,0.8302313222168136,230.57349378461052,0.15341928314310582,0.00011548182825319018
22484,-2.096432060636401,-12.194528801617352,4.411938873857496,1.2445571321513484,468.11691487693776,0.740398955916949,0.00011549097250893827
22485,-0.2526272997287684,-6.277924430369343,3.310286666852371,0.6197426093452117,126.67879003966574,0.41642587122199526,0.00011549422044764492
22486,-0.5549889520382898,-5.494294608099396,2.976680330357279,1.7063869123040338,368.52696382033224,1.6941373261719521,0.00011550325678535337
22487,-3.8535203466378585,-5.120821243977831,0.6239709287240506,1.0913720365004087,234.76995517800907,0.9219127332060308,0.00011550422324497537
22488,-1.1508680511776408,-5.6944957271528045,3.0895243014491864,2.5818590730941136,465.62685587345254,2.397573568515928,0.00011551372742913263
22489,-0.3790572959204894,-9.008672313626086,0.16253847170249092,0.728232905815776,163.50869619150896,0.6795643270203486,0.00011553469073288113
22490,-0.18603277552594832,-5.126510386727134,1.6784249494184675,1.5612287990294635,468.34554774097404,0.5157656510152231,0.00011553870859660109
22491,-6.007252405951706,-12.238193438386752,4.804138815465384,0.9156212649300424,467.9864754240778,0.2803764408557301,0.00011553876552583625
22492,-0.5685010275837428,-10.44931199496349,4.52032201864515,1.2655118654983555,315.02893124100973,0.5298355969895994,0.00011554128513124743
22493,-4.568136696729383,-5.384483905544943,0.37427215941684544,2.8994736378236405,490.12240256083754,1.339169070456025,0.00011554856237125587
22494,-1.919333129010246,-6.410143548186072,1.1786668379862189,0.9077451329531155,182.45963568906276,0.6870409387887397,0.00011555629162082298
22495,-2.624709033766459,-5.147290170102649,1.1046255622094734,1.3087316026661682,281.39449564942225,0.6229053809485956,0.00011555989395185244
22496,-1.8278463205542614,-7.097827912530438,0.9349974338061878,0.716296532602486,467.7851290041743,0.35073970530620624,0.00011556635135906352
22497,-0.17728218150588404,-6.585930561127528,3.4956389104651966,1.1267099129277016,466.89516267845323,0.4985677519125469,0.00011556805039884066
22498,-9.132525940498105,-7.856446807916832,4.395460775954809,1.8990140768424115,469.86728222837854,0.1562881720521192,0.00011556938383164356
22499,-0.77283617936809,-9.924052068476582,4.588498730724317,1.1985986299842057,138.42116567365971,0.3773208726575543,0.00011560868834415089
22500,-5.514476288705005,-12.066294084163657,4.831235004742367,0.9729491173818019,269.96248303095723,1.3097508876305302,0.00011561091739316545
22501,-0.4292692543154022,-5.428537241529744,2.99483918462977,1.7573179569170347,468.7338105500165,0.865784946727433,0.00011561179196779839
22502,-0.40398603080388185,-5.337610973704087,1.702579467773928,0.9394318468470122,467.0409415744,0.03507927103847219,0.00011561522145520913
22503,-0.7396674263396505,-6.150417566127497,1.3981217142616187,1.8281794476094992,467.4812986064045,0.13113485225658206,0.00011561753352459587
22504,-0.4221347969753566,-5.40639272521707,2.953826265088683,1.212179389713782,250.94427348523604,0.5621746717519445,0.00011561895031186498
22505,-2.1118334380972925,-5.99733501532975,3.208821511565349,1.0286359809732313,468.48637306963366,0.6539364174445348,0.00011564326042707265
22506,-0.20524003529902224,-6.295930450071486,3.316033537424957,0.6901691394117814,152.85676937667967,0.31853189783447444,0.00011564811157959237
22507,-1.1039027533917487,-12.126191570211432,4.4125561445706,1.3459537663081302,467.82558000087516,0.055418602762210334,0.00011564985145233457
22508,-1.071421378505951,-5.23605768091226,1.7174081160149035,1.1308768271466567,233.9287334345316,0.018580999921185004,0.00011565340612650315
22509,-1.3534294548232086,-5.324211398311525,1.8468925920809902,1.2207082979415125,307.0782893675131,0.6101871135938532,0.00011566870074268745
22510,-6.7732705516865215,-11.000270774829534,4.828460948765619,0.8412158886498758,467.1401611430508,0.5488019370495483,0.00011567993167078272
22511,-1.14624924265528,-6.339669224474754,3.3370356441309914,2.184622927028332,425.8181097522222,2.0391299148226345,0.00011568966995327036
22512,-2.4656131380744633,-6.509940175278626,3.3868012284413327,1.0188182416581744,468.7029483245317,0.7506054404364173,0.00011569125721565267
22513,-2.09858980980243,-5.22401303905172,2.840404777723488,1.4586348065669332,334.961824395345,0.720363949193902,0.00011569166881382843
22514,-1.5934906416016918,-9.85589654768205,4.601057514355126,0.970832026449011,267.8893375349964,1.5744985605666901,0.00011569256943199935
22515,-0.6473332746680924,-8.425821810306715,0.35646208971946314,1.7742510648955199,421.1523859727943,0.6203824303359342,0.00011570662141839548
22516,-0.3158359575426104,-5.992103125380103,1.198552913070269,0.9331467320129907,185.21264142489704,0.03473696174611529,0.00011570865444790891
22517,-2.300271886491837,-5.4699900647037625,1.6999695328326883,1.1326441691926454,176.61491871252142,0.16781826191037474,0.0001157219756812123
22518,-2.6609642196903396,-5.01948034819095,1.5517520751814362,1.3031965561733863,468.9218049072818,0.8663035824098761,0.00011572351802661548
22519,-1.064493520183369,-5.964738247414722,3.203213681428816,0.8859990127419,244.8780667171041,1.0643753978793633,0.00011573706737085748
22520,-2.4051437271065748,-6.516088130045992,3.4476158278997993,1.8156255344825731,381.8956060163853,1.6644784253917608,0.00011573779075549747
22521,-1.3888869816021465,-5.6733366657552855,3.084130591946547,2.4348324480183163,452.1560278201248,2.584678856469572,0.00011574623029238862
22522,-0.9108341159500437,-5.1026398646313496,2.9104821649754062,1.0242200123864655,467.81964250651976,0.04083588723169651,0.00011574896788982705
22523,-9.923057965604322,-7.1922895406878355,4.050444942106119,1.7540485307220137,369.16203926998844,0.9703251812326767,0.00011576071134219297
22524,-0.6502550073383393,-10.407878358935363,4.522298650140406,0.8628485724502011,229.7003669146913,0.22536073236068788,0.00011576312507559724
22525,-1.2713459680634376,-6.212005208492114,1.3763540967776604,1.8162249677277167,433.50221980173967,0.08763886633140494,0.00011577149957915649
22526,-1.4787466295926883,-6.990303331011241,3.737542465062829,1.4204308885975148,152.51173173945986,0.3973458703903452,0.00011577409447148763
22527,-1.475587312436362,-7.61186213255207,0.6813021982255836,1.428581994670087,325.0947324269506,0.4284172503654178,0.00011577696517613357
22528,-1.8202083336887895,-7.658970205116884,4.165831855226222,0.8706435305368941,468.2019333387372,0.016967573099980093,0.00011577776626857607
22529,-0.1153092940346685,-12.175987704298382,4.4096461214971985,1.4786086900996023,341.37220457479157,1.6614054897834958,0.00011578351162866593
22530,-3.121658900952835,-5.961442865108715,0.4404780513470643,0.7456343664185285,152.7441443861088,0.22585873260344247,0.00011579166160942685
22531,-0.6132642073384211,-5.421811135608376,2.9527051743674266,2.067651655006927,394.8454463732962,0.3585569849638661,0.00011580043295927262
22532,-2.5924590797969236,-5.751143280534763,2.94474052952365,1.1635882004595914,301.99212353719554,1.5640325618319446,0.00011580555244748776
22533,-3.05492618682477,-5.7317447279042755,0.5677870319006483,1.0990573315196561,279.7109849421302,1.4948331334423157,0.00011581585367791719
22534,-1.3301706406680296,-5.338676027692859,2.93431743432501,0.9522266110415257,431.91620215187476,0.8452385627772516,0.00011581786364335832
22535,-1.6327240434017458,-8.636028284911148,0.2491152447195065,1.9028283181111647,461.57127913284756,0.4888262822066496,0.00011582777608856395
22536,-8.241201638995765,-9.852177291870337,3.1580838279040497,1.6310537122202564,467.9589630597266,0.4448151452955864,0.00011583304320221238
22537,-1.4505979462097436,-7.024419250585313,3.7486580330373833,2.130025092967208,406.4848789355228,0.8070677214611814,0.00011588159035522439
22538,-0.17080956604870323,-5.349528918342252,1.7165123424246724,0.5537371425450368,156.69725086675396,0.698167693811512,0.00011588465865693552
22539,-1.9846337946351902,-6.136082312306346,1.2076544496490895,1.5216132656138457,467.1783172188016,0.4232363639930421,0.0001158900370274451
22540,-2.468195489751178,-5.258606151649136,1.6361608929132883,1.8080616710941497,467.80606167417614,0.06804959789229148,0.00011589062060910113
22541,-0.15203234417067613,-5.0927312820583905,1.6420980174234245,1.011329220611229,468.39661808036635,0.5350991336697568,0.00011589105945697452
22542,-0.49582841230256314,-8.569273524174022,4.555169640037159,0.964254106275964,269.9057947007858,1.8481031718347207,0.0001158955928490532
22543,-2.2694943947105406,-6.3763789035690985,1.1187810724153617,2.0847680827935196,220.9050210350046,0.18288092291499325,0.00011589736567031132
22544,-0.19098399882365058,-6.424200815789377,3.379736949414938,1.6798325988724874,366.3241211501801,1.8629395435441056,0.00011589784214112785
22545,-2.665038164413719,-5.828650009250528,0.6707573179487178,0.989023443957913,273.93985988008365,1.1264283091675624,0.00011589956386181905
22546,-0.9785266034751992,-5.231263862239504,2.91620183994364,1.4269083317356688,318.8575551307551,0.5728465003309564,0.00011590859235676209
22547,-1.0928506324872949,-7.361925158407676,0.8267508775651987,0.47536607966616756,110.29704531795122,0.24587888850798834,0.00011592421045078264
22548,-4.44314357476903,-5.264105461330038,0.4703409279507582,1.1355790364087777,266.48100882405805,0.7044612462779165,0.0001159310910009983
22549,-0.18117022520787884,-5.214099561480562,1.5466309857266096,0.9695668551070102,153.81164738365024,0.20837181006656014,0.0001159402638200674
22550,-3.3989142675414605,-5.019805754520243,0.8020074014901559,7.388760645438581,712.8777690069337,0.30894092173929355,0.00011595376333243309
22551,-2.407218977583117,-6.234156472045328,1.2775935929361868,1.7612041097834965,468.2272554398929,0.2853811973074398,0.00011598371328660231
22552,-1.6257541417548023,-5.274662242737601,1.7183807646571192,1.1683258414375122,295.573355576515,0.8996530802116922,0.00011599794710893506
22553,-2.1809956836627507,-6.196059957941907,1.337415699134523,2.8104040056442217,483.0146222434658,1.4481828524370952,0.00011599978780066556
22554,-4.793276668563038,-5.659827951424387,0.16777217540103534,2.7164726744486756,251.1253440306343,0.48753719212519364,0.00011601093799775614
22555,-8.293055969879626,-10.133579364120148,2.48220633918937,1.105600631964049,467.6166354094163,0.06965861668899809,0.00011602556005476979
22556,-0.5262454813372646,-12.626414568016889,4.366046029693558,1.1874300969882476,300.1097699133462,0.5430674548659544,0.00011602589918423784
22557,-0.6620353228935407,-7.4557335153063065,4.038129093850095,1.6094001378734015,380.25549492843663,0.3990841853524021,0.00011602650525726776
22558,-1.3357814961268293,-5.852988677534248,1.4416067355622662,1.6188657417395949,376.370214486041,0.21211221700348037,0.0001160278772949723
22559,-0.6457359710674275,-7.3849252034965716,3.951005580411788,0.6915048350460745,200.0156954443385,1.3264762190220596,0.00011604145638172096
22560,-0.6431205485252871,-6.483156422197915,1.1625982642058907,0.9285783480760386,469.9069156347988,0.0674965008605346,0.00011605092248996614
22561,-1.0962251511118648,-5.206537669141888,1.5540438008157034,1.0197324723486791,467.3074271081321,0.10530354056084956,0.00011606427734304697
22562,-1.2908041714252754,-6.041322198043056,1.5153431172586727,1.8852725984746868,468.32427233322295,0.258356639300513,0.00011608829418788932
22563,-0.7005284671992342,-6.522841805317578,3.3936153309825836,0.9445003180827217,468.3408525981973,0.4728037855296483,0.00011609033540476106
22564,-3.3073406653766613,-5.556538157728379,0.510163594482228,1.8637916073824305,448.0328728420653,0.2189071515254648,0.0001160959553926905
22565,-1.1407091039064117,-6.3090835576264475,3.313295889817856,0.8662933235546663,227.16094844578197,0.2102131366341249,0.00011611130341748649
22566,-0.20584895208511256,-5.376441104712752,2.9349049407082117,1.6952387022611828,467.9541410256149,0.5165112745664819,0.00011611183671654155
22567,-6.033762174997087,-12.451353233934356,4.781596410401704,1.7687782088092983,419.2776030099586,0.24829785325257525,0.00011611643624983127
22568,-2.1787791381668145,-5.0447305067109935,1.8088737000765536,1.393135366008855,303.4781789517919,0.035965786118277165,0.00011612779379519678
22569,-0.5035534110796966,-5.764663623522971,3.042912722249293,1.1217082966456673,261.757289923402,0.6894022667226478,0.00011612784744593089
22570,-2.6864158770789075,-5.896298340104917,3.5320740279920817,2.7232458449183072,474.04987123571567,1.2402653916330442,0.00011614096714825975
22571,-1.5422383032983866,-8.270618822767599,4.464028396958965,1.864705934417153,469.54033375137215,0.22972521852453553,0.00011614568960853807
22572,-2.325953734182252,-9.355354430214824,4.750991437403126,2.536100842473326,458.7362347702825,1.5774878026835983,0.0001161475673609675
22573,-2.3786587740119502,-6.326449794399428,3.321216754881814,0.975322982468581,246.36780745262442,0.6172436576409241,0.00011615152601215013
22574,-0.9761788515138186,-9.862698419762275,4.596482660500189,0.48238868521681993,112.08886312102902,0.3974923102182526,0.0001161550463788311
22575,-0.043122465475574856,-6.91609678213882,3.6727695758410737,1.1370554279022835,293.3979236121045,1.5408710793348588,0.000116158661198266
22576,-1.5811559507167168,-9.485223811101921,0.04367793204524414,1.1306164100355187,294.11211257933127,0.9110317204496337,0.00011615906743271044
22577,-1.3766177250250173,-6.105611198804859,1.239519411309107,1.249206147784779,315.72631887296865,0.39545873952996846,0.00011616137411489282
22578,-0.38582796575645695,-8.080528271434616,4.395640878657599,1.9474613475624047,397.63567041299933,1.4114878117807264,0.00011616550434195916
22579,-5.585130117318608,-10.818706336172152,5.114598370604578,2.0842464858217316,385.25680739061573,0.466745470290328,0.00011616851843766067
22580,-2.0067620874711833,-5.6562520272799315,1.519410210196146,0.7990302809551557,202.67437250952665,0.3325821255692034,0.00011616931839081972
22581,-0.7476007583669464,-5.653902851328646,1.571999264000019,0.6926724706994856,144.18621677238323,0.3063797223738671,0.00011617460592489528
22582,-1.1513703749629993,-5.282262309205797,2.846008457000467,1.0005967462479213,269.0053858283869,1.543218570783682,0.00011617523804502921
22583,-3.184234729306395,-6.237090458665002,0.2907777345711613,2.4894572062784386,457.22469666100955,2.448453210325966,0.00011617688138167772
22584,-0.3420072129251821,-5.456085938123144,1.7356651851231117,0.9981166366460756,265.29390363434845,1.0805142249855049,0.00011618349346705144
22585,-8.189000078879548,-10.021886660606345,3.135475187259006,0.8709394546780086,469.35640003067255,0.059814562533238025,0.00011619209480110021
22586,-9.597558808325283,-7.955577698877357,2.5923509559868827,0.794644646791629,468.9385068349405,0.5326888751386951,0.00011619415480480929
22587,-0.34219498498294953,-6.470741423561946,1.127164946758869,0.7556395531520996,428.52011184908486,0.2440512504679324,0.00011620187306138955
22588,-9.425021659982727,-7.996215548576384,1.7574791330889574,1.5389525772099255,189.71071041830203,0.3504030178937869,0.00011620411048715769
22589,-0.4324781341530546,-7.055085755143762,0.9629702575449314,1.2352346266606997,267.30690487735575,0.08403631247755339,0.00011622756072964933
22590,-4.099337512038359,-12.745063455720533,4.732962846709113,1.9508064992707688,392.1759543322148,1.065736046840077,0.00011623003182237189
22591,-1.4465285315262673,-6.386986035385789,3.3505675854648485,2.4337351963311002,433.1512618750439,0.6009716363699971,0.00011623672751701345
22592,-0.9111162223048712,-6.818331192159119,0.9981571960955578,1.8757529335983996,467.91932141127165,0.36737559350003934,0.00011623747715210081
22593,-2.5274336714660706,-5.133339634960382,2.834070202445907,1.5330314027223075,351.2813225640691,0.8321932315528686,0.00011625423866377024
22594,-1.2550797223290395,-8.792931321228185,0.2255558813421825,1.171165282412419,279.915189392472,0.6904177165936041,0.0001162636529386039
22595,-2.207970563625307,-11.952367634040915,4.412631928009679,1.6259185125783304,467.5457721699589,0.5171092708018579,0.00011626883890666665
22596,-2.251352908179003,-5.821625849999584,1.61201170479564,1.119957759676407,261.0061608838382,1.0683222197151556,0.00011627442089705659
22597,-1.7538926759788627,-8.344988139919076,0.40829739993826164,2.613432559803356,463.1817753801979,1.2329806980260214,0.00011627510683361976
22598,-0.5853335442269518,-8.546342710236392,4.543898628085343,2.967866684676229,484.1642920861728,0.6088096338313305,0.00011628040093660337
22599,-0.3431118670355744,-5.21707382100585,1.5621095145164858,1.0134275773141905,468.42926484525566,0.6347926170340568,0.00011629088128223016
22600,-1.482391871477338,-7.24734220936682,3.894983322597525,1.780011331637953,467.99455355825506,0.4782540462787326,0.00011629587449346208
22601,-0.7312467864082244,-9.84394477816981,4.59281731716926,0.9340588837311709,244.4847341385851,0.7786952473225766,0.00011629732586863694
22602,-2.113296816084148,-5.7276019699042395,1.607350989165972,1.8408760764193033,440.72391945341695,0.022085675597027787,0.00011630253543758956
22603,-2.301389884251682,-8.905626596178749,4.600557028090392,3.0491255774417088,504.2745447056195,1.751371175425919,0.00011630357914608523
22604,-4.803290981493177,-5.42399328514836,0.1849103955143847,1.0959158880955364,271.8678439911844,0.8534620558338357,0.00011630606227518999
22605,-9.022846504317727,-7.599263411009825,4.991805787877412,1.3404857249742146,301.5882763105053,0.42884907969790476,0.00011630859999013512
22606,-1.8055068576576367,-5.46152917622024,2.9490383672980336,1.80333109372449,427.8830124897846,0.5029032228822663,0.00011630912482578815
22607,-4.266289693700217,-11.948193448728418,4.814509576002941,0.739657373968402,146.43422415472105,0.14201156705906737,0.00011630942242043934
22608,-0.9311905827636995,-9.035252573809043,0.12833522430670352,2.82752669385507,484.58489633730295,0.3594227615566643,0.0001163111616823641
22609,-2.714967794418306,-5.629390871704203,3.2805600859754467,3.5926500696585406,535.3813533800676,0.6572916020150119,0.00011631270106112836
22610,-2.0686675451030636,-8.445324164237213,4.518056056944396,0.9496870624847872,248.10411819171182,1.0866429678138738,0.00011631286791917538
22611,-6.9851228336075355,-12.610558662608234,4.416717858538206,1.0599519288387802,272.9155773334295,0.6603851099024274,0.00011632125163682387
22612,-8.910890142611034,-8.570820673155435,0.8843248419885645,1.693026207799262,467.8449391169634,0.40098557818806224,0.00011633569112933008
22613,-0.8014963996499382,-9.418791059037535,4.613142486479529,0.9399706281557199,260.24287032839214,1.4616711911720381,0.00011634425692588365
22614,-0.7867020513796064,-6.716671051016989,3.5524261251503804,1.722699589113301,406.8431123272819,0.24213521937026794,0.0001163513529968191
22615,-1.0560770768247725,-11.503571742237055,4.432401273081512,1.8646456128852533,447.76073109144875,0.04226458904664554,0.00011635648208051895
22616,-2.409658134890563,-9.455223225802111,0.06012646137224482,3.7964513681787313,238.64402354386823,0.29948335795228864,0.00011636060837373068
22617,-1.906939197810365,-5.742497316370752,1.5881003455316753,1.4373570332700045,326.6241459100292,0.15005245875185658,0.00011636181551171569
22618,-0.9039383342486467,-6.497964733454178,1.1109719094317396,1.7155598798836529,468.6522187056374,0.8404023361472719,0.00011636203726515079
22619,-0.9566807139257367,-8.46100250877057,4.521859754822986,0.8247150797986572,469.6182843560857,0.2320647376235927,0.00011636208946233605
22620,-4.088065360646853,-5.342429838051758,0.49379015918040653,1.0658494236392826,467.2995266373642,0.43815299250708595,0.0001163660565350701
22621,-6.840091560696112,-11.33545942187932,4.694931701860146,1.1897434196356964,301.47984644617355,0.79841966780499,0.0001163739704564385
22622,-1.537339268817849,-6.037815912758696,1.2023328437626517,1.7648816308583029,445.4033647512918,0.0626013561307941,0.00011638174158251592
22623,-1.167404021159573,-5.140645262067283,1.6730989476172757,1.0481238857366122,466.12395154966765,0.022599425040565002,0.00011638882668022388
22624,-0.5049810746491428,-8.429690694817584,0.347207191800961,1.7596544944418773,417.72079042645515,0.2863444740811083,0.00011639300858443944
22625,-2.54669311705619,-5.598037408637361,1.4400812521433615,1.0023702584693837,469.3972363379463,0.06546802054463452,0.00011639556038697787
22626,-1.0099756378278197,-6.307126883801956,1.3724845705878477,1.0338250668721722,270.705230334519,0.6989342731376622,0.00011640316249529939
22627,-2.3948185696726014,-5.79361682110794,1.6067264790081381,1.292238789854339,467.7494815626827,0.45391012984846757,0.00011640851453099839
22628,-1.7209494293609886,-10.140848972225442,4.575506751808479,1.9305101749686437,392.30315101518494,1.1779295197503856,0.00011641857400742407
22629,-1.586220521150949,-5.085286662006538,2.0234221292683623,2.659456902970749,270.41475747306134,0.13703405232233212,0.00011642663374136338
22630,-2.057531528677016,-9.412934673185234,4.689282355321252,0.8726234905189298,324.685080224784,0.11087545389089293,0.00011642729781538927
22631,-0.08013583610235031,-6.567008701454894,1.1393728877759575,1.404828217932044,339.02097116676134,0.5459653883421716,0.00011642750484004481
22632,-0.7661824148133238,-7.1450261566227224,3.800956991400425,0.9291954416493033,244.7675207090254,0.2325431966671454,0.00011643017661685948
22633,-3.7693003135528205,-5.652788099920368,0.4538951697160974,1.6967279856795825,398.8934952159253,0.28709609389901036,0.00011643030630037216
22634,-2.146760278793306,-5.583907342039004,1.5714995722410008,1.2492810103025427,259.3760683188926,0.8862071726482137,0.00011643210208076975
22635,-0.11102857966269752,-7.392131317682357,3.989363699897548,2.062423704992066,412.197596445251,2.0123910904048676,0.00011645390704177135
22636,-1.2442844645426288,-5.495396685935976,1.7335004830109495,1.7426506178477206,468.00115461990043,0.3686043802539283,0.00011646672938639366
22637,-6.719109676190026,-12.626582250888674,4.588810287240689,0.8103508459443366,184.9423420448248,0.02961241987923824,0.00011649020932885378
22638,-1.1456782961580192,-7.417927756416846,4.00164208638668,1.8057693850060725,467.0492559712005,0.08546558493960976,0.00011649457187850388
22639,-1.1071526513756602,-5.3156697004384315,1.636311106664055,1.1063460431657903,288.8860656252266,1.0720391975116401,0.00011649934241870382
22640,-0.5641707342018272,-6.203475342747733,1.294653700275361,1.0708673433282399,467.4470028694293,0.6740117962590597,0.00011651575281834204
22641,-2.1726927324484304,-6.19503682234292,3.245503930725869,1.1097245386574652,467.6675931853199,0.108143353328221,0.00011653654717028343
22642,-1.4084168822607452,-10.243789866759482,4.5314858771106215,3.711833932539625,551.2140682523154,1.1735908520779486,0.00011653815551904864
22643,-0.9935996190568215,-5.267891568203811,2.834915413952292,1.0349895737918382,468.0502294916925,0.7025397639759872,0.00011654516336291636
22644,-2.235034740365763,-6.07806090167822,1.5053290054412827,1.1022739322510755,255.2379144416103,0.4873668836901315,0.00011654813280267411
22645,-3.7864555980236636,-5.193181221238434,0.659974395571337,2.0464755499659626,411.3412928985427,2.0717353742068907,0.00011654938426026357
22646,-1.238140080832462,-8.214648855129635,0.44244275991744975,1.654133769405536,468.5381859192416,0.5323223656536866,0.00011655585698497652
22647,-2.0502470255234773,-5.174516523121516,1.8128750866015249,0.8440556883742056,241.78540978647007,1.1886201755559904,0.00011655610787554792
22648,-0.047238642290439614,-5.327290510307098,1.6364544744311886,5.502260403195279,277.2021813428591,0.28412804966150684,0.00011658311163564108
22649,-1.5986750487416632,-5.287362020193879,1.558303146958807,1.1363443603505468,292.1170119414296,1.0563398818558705,0.00011658575204027404
22650,-0.4657843091137366,-9.80926763987161,4.593102549787236,1.160364006083541,467.3095748547079,0.13774695250041447,0.00011659516986696836
22651,-5.406336526291844,-11.367487633873141,4.945216848736938,0.9516956048223764,262.0356765635613,1.5133646946201695,0.00011659615242266645
22652,-0.09458119432557766,-5.541012414853935,1.7304798247360729,1.3178487130497119,301.07057940218095,0.1412942631875156,0.00011659673633909674
22653,-2.258366003321772,-10.076589428572715,4.551877768888797,1.7847025396739813,439.11096873473616,0.2566487200559635,0.00011660639658144887
22654,-1.1851008184668768,-5.311846289399398,1.8082160463785335,0.9434153979487206,467.8749033660412,0.29633827963045967,0.00011661479243855754
22655,-0.23474514311690342,-6.452685057114838,1.3891675315761658,0.8614042079916423,141.03528877815788,0.21819052637499325,0.00011662575053390456
22656,-2.3343653666298607,-5.2880428976808265,1.6264504372955804,1.8712445796583546,467.84706374847036,0.10585508521873432,0.00011662884522940885
22657,-9.696800096312609,-6.0666800077367,4.944844617849411,0.8130250095955668,184.87747839241962,0.6083741321497271,0.00011662974728485239
22658,-0.025078414713695096,-5.7993033203985895,3.0978713259383017,1.258812681928798,310.84722323843056,0.8504371983033403,0.0001166442171092448
22659,-2.29608881119585,-5.336551650456195,1.6536844785036275,1.795476193547054,425.21673765405546,0.621614323229962,0.00011664785816812487
22660,-0.40409878079202066,-5.1043678924904565,1.7794998704860727,1.167150267312702,277.6928305202978,0.4145626654082539,0.00011665631111063543
22661,-2.068795777577975,-5.142610335481701,1.8095878923440691,1.0186957463370814,468.071339640801,0.35030544014187637,0.00011665678539586524
22662,-3.0113271456711157,-6.901702676799074,0.07714096431785376,1.056070026801162,468.8778715717637,0.0036258004276819022,0.00011666854078356082
22663,-7.391125988122573,-10.324738936952706,4.547068104103864,0.8330128510720245,244.11006280734856,1.3111960850207325,0.00011667081031756436
22664,-5.02472625185523,-11.212316850085358,4.973643768693633,1.284267924046672,258.6783188833406,0.05983418558134712,0.00011667267607911841
22665,-1.823211629819232,-11.399128196086473,4.435266563931118,0.8656385234168856,468.18767876828036,0.4608640561833175,0.00011667280227636849
22666,-1.9260829329409788,-11.700718369801253,4.419319332170227,1.0125306689303017,467.3684345657328,0.023310657571035343,0.00011668002987873626
22667,-1.2474203857889439,-9.328928276552126,4.612943304035745,0.8555791042196831,213.07089538023365,0.6021641855571227,0.0001166836778330482
22668,-0.8512102456522506,-6.6473405437465924,3.5077319239485667,0.8254024493977903,239.35985064445666,0.5932168924192593,0.00011668632107570021
22669,-0.32448195226390375,-6.522277267728409,3.4364954053922765,1.1742655436007634,242.7972892285202,0.07546763161599834,0.0001166895221154055
22670,-4.613331456438301,-5.28566378026244,4.910566110746276,1.718586216906664,468.30793665632325,0.2837940542888884,0.00011669167994089318
22671,-7.902242622821138,-12.655267763249228,1.1840736609909905,1.2225108587949451,263.64209925172844,0.22413107615914196,0.0001167232539420718
22672,-0.509817228763092,-5.208208153255484,1.8169055199287505,0.709012505088846,452.01050156493415,0.3542758605686416,0.00011674398098222314
22673,-0.13669181209573367,-5.780959512617906,1.5909002552588472,2.6005082137665667,465.7765142758887,1.84976334277163,0.00011675656193399617
22674,-1.4187744384374419,-8.091418625160852,4.394510114862778,1.1567570700609633,466.91487680240186,0.40080245614977805,0.00011676341470722298
22675,-1.6743993236799941,-6.172349615696467,1.2244471511348878,0.8894975218552094,185.9905219632903,0.03837924079083965,0.00011676556251597202
22676,-5.309723882526763,-11.971975040830749,4.834410701961756,1.8532235239233783,444.4022810842232,0.08572271517944152,0.00011676887148103334
22677,-1.2042864042037795,-5.183360638181853,2.8923121625573383,1.1416973527679657,296.2780099564421,1.197759875436355,0.00011677609634717937
22678,-4.048851488224025,-5.140266370567491,4.377065964183067,1.227535235776883,310.1819415589929,0.5366020594057135,0.00011677640163053362
22679,-2.0311825682120688,-9.194367271722294,0.10407283286724886,1.1385054724584356,233.28615244316276,0.09388619726601188,0.00011679099792556596
22680,-9.032992339027022,-7.778213821209493,4.710283442623929,4.856715174099924,615.6549467379953,0.6584857371129571,0.00011680489666400417
22681,-2.7170749834903907,-5.863509518854812,0.5712069862084542,1.2282635413724141,303.5635454536813,1.161000107397868,0.00011680634719085192
22682,-0.8190606591055722,-8.15429089444151,0.4554025037162118,1.0203184130689162,246.93320331445608,0.3925173407110707,0.00011681582062629611
22683,-1.9797778503615007,-7.097590779946398,3.7279088063310217,1.2981526253520277,290.99317505840554,0.40630595600964803,0.0001168172432728265
22684,-2.276022520462071,-11.44864055294611,4.514190569494042,1.5724793365644072,361.35781568960675,0.05038500070608709,0.0001168323601712828
22685,-1.1155655274977931,-7.87148699071622,0.6005625510257936,1.5731420095984674,468.1511654992741,0.3717229501208559,0.0001168334852966034
22686,-0.872674306152101,-5.852906258342793,3.0506268671469536,1.7964003110329219,467.6943767203767,0.3400929079821209,0.00011684049524148083
22687,-1.7675081258700907,-6.507901053642057,1.0945659750099908,1.6357837324231734,352.79630146192585,1.100653908444495,0.00011685400373295396
22688,-4.709464724389082,-5.811143496193045,0.10974745122967101,1.636008712747843,452.137158284992,0.9498466524222406,0.00011686783142064032
22689,-2.2097038985601074,-5.004399764256818,2.823624543189597,1.1374092596735534,243.02259300429424,0.3568004763370807,0.00011686883804203554
22690,-4.50792090963419,-5.007719454010417,4.5876925992788316,0.5980412460902735,160.92515599453353,0.8357972699667027,0.00011687529970762629
22691,-0.8235888082741631,-5.8306907771009895,3.049008281089955,1.5622328187326324,370.20002434832884,0.6005258545127088,0.00011688593180745101
22692,-0.5919134766142591,-6.9340782019833345,3.6724360878868128,1.5193559145920839,340.66372148032,1.1589418872815669,0.00011688891922682177
22693,-0.18923292981254392,-6.176585186354409,1.226072492575156,1.8407554287517687,441.6486283666976,0.013815166051791117,0.00011688917960623558
22694,-2.198094456055591,-5.03177228215821,1.8806214163597184,1.1478179613619455,198.25735205572505,0.11427930920238705,0.00011690156999402093
22695,-1.0284386794948155,-5.332337239390216,1.678010154856199,2.5826470941057256,458.6269848751916,0.981444075111658,0.0001169018229123089
22696,-0.47749269225954194,-5.983648284952188,3.1429841437786954,1.815593780912013,355.79484524631647,0.46521343583566566,0.00011691262020563454
22697,-5.322650623479015,-12.941754509839798,4.752068194080598,0.7440696947714087,204.1059612596011,1.150375296681557,0.00011691644853802422
22698,-0.06013490028290214,-8.670121436835759,4.57784518706177,1.3010249065470851,468.4256888021125,0.1800065396487085,0.0001169165844562103
22699,-0.3926227317468225,-8.921292037859626,4.608893833789753,0.8572011352520177,468.9967922752986,0.012924783485963154,0.00011692641364223567
22700,-7.808052109570598,-11.782204144884542,3.3034027275039275,2.6706391812913264,470.75589037172995,1.5041517647721543,0.00011694864580962162
22701,-1.938126500759882,-6.717977638406237,3.5432211471888273,1.8880833940560193,468.37162169477295,0.37093025803656143,0.0001169497812322815
22702,-2.285534807567103,-5.057508756218704,1.963560256608014,1.748715544655188,410.3693288074504,0.1933334448138666,0.00011695457880362042
22703,-0.6024270583597211,-7.690503566240598,4.170622124557174,1.1930992406411294,297.42345655861413,0.912528081069218,0.00011695794363832721
22704,-0.07156026228373591,-9.460362417996414,0.033237001166693037,0.9309729928287233,259.87109183007004,1.1780402537941432,0.0001169613560562854
22705,-1.879043860645055,-9.782376316151767,4.588680905428973,1.7385440557639096,468.06971064034116,0.7137177768856215,0.00011696748435785606
22706,-2.2165108884967655,-6.124159181520415,1.2544055819237923,1.4423250769620224,335.3018294565887,1.881815809149404,0.00011697178349493309
22707,-2.0634749972392905,-7.652212339076646,0.6793079346814006,1.1354371111357564,236.7000727594438,0.13072362147410033,0.00011697835541154269
22708,-6.950344812926517,-11.65634563820247,4.552174514564511,1.1093325299887524,467.53319597535204,0.5773138985471737,0.0001169910917878405
22709,-0.5267619147708746,-6.531880465201295,1.1632049344138535,1.8637353942055752,448.9681282030937,0.1217878883441097,0.00011699231456621781
22710,-0.5391380406918778,-6.635382879239447,3.474009463229452,1.0973337730142407,288.44821897918223,1.717028682089448,0.00011699537306403722
22711,-0.06742288988642464,-5.845039231179599,1.4650651476581353,1.0569667061555723,467.971274011094,0.5802982890287307,0.0001169959896532081
22712,-3.084631847909879,-5.964268754094033,0.48687913738642824,0.6726137609563786,196.96451038733605,1.112676159827096,0.00011701379821914563
22713,-9.535968620305654,-7.986651731359341,2.988728859489772,1.2237391477668136,311.7860234937451,0.531132457762145,0.00011701815411024062
22714,-3.690940358910165,-5.67679425944988,0.4048319942215402,0.828519327112643,187.9633881221503,0.7132166041851393,0.00011702056324329502
22715,-3.0027324622043308,-5.771226860486135,4.532699369578416,1.2908462323120162,469.4023548448102,0.22175327266555112,0.0001170212773265582
22716,-0.28200313480605743,-5.79775974041473,1.302513617160371,0.6854420812049073,134.04973437957807,0.1590391032144174,0.0001170220068383365
22717,-8.435947158143208,-9.043237992419035,3.7890107752232676,1.176206946975646,467.95484911241226,0.6791591289977186,0.00011702621394381812
22718,-2.2568180766120545,-5.03927343379217,1.8888094361497618,0.7683892600181531,229.45621154919647,0.6852328815542998,0.00011704428463567335
22719,-0.0044778769984645805,-5.941596180166077,3.13838364324644,1.0000219926461171,271.76299912025166,1.3958133468382101,0.00011705967549348987
22720,-1.1480875522727203,-5.178704625279453,2.041585879271298,1.0297331842767452,212.34949683937683,1.078713972618977,0.0001170681749532887
22721,-2.0949821252316037,-6.822523978359254,3.6024930596270455,5.197676687892478,288.0067720340451,0.3156895728331319,0.00011707141215282728
22722,-2.57085281082999,-5.792480642956859,3.0330498927775076,0.8633686398559732,150.08366533764413,0.05642684355734229,0.00011707339396095657
22723,-8.577010911034979,-8.95182205313235,3.554997621495423,0.9704584934882801,270.96938676309384,1.5374913857365344,0.0001170814365822332
22724,-2.3492838630698234,-6.114589137236169,3.2262782565151915,1.6166664751083013,469.61619690546877,0.0772697823277495,0.00011708346580489077
22725,-4.356437276048528,-11.64923327406557,4.860437557219409,1.7749788065893986,467.4853418136514,0.6997378760960258,0.00011710463118005375
22726,-1.0616711576867104,-10.008153122772807,4.54991638303433,1.5445464261434962,468.3482413309938,0.9025411313682055,0.00011710707029192379
22727,-5.656129431039267,-12.626227989482398,4.776785983082405,0.710129641700029,134.10164010296418,0.17922151746543502,0.00011710835572056598
22728,-1.2372896842373624,-6.678601663993028,3.517623911665654,1.0648810067616055,468.0555098086501,0.8538560673903204,0.00011712333137863547
22729,-3.123670390598704,-5.991309731602622,0.450783594551797,1.1695424921024131,248.2633709489181,0.10139127772490575,0.0001171247583311823
22730,-1.8029772452915598,-10.319269916481893,4.518683619211855,1.1539748469956292,269.2561515834492,0.07486436410556596,0.00011712741440526968
22731,-0.29784369293043156,-8.427333304107322,0.3868367467234151,1.6801494106390709,394.58487091570953,0.14706042168733635,0.00011712741569236911
22732,-0.9914880226353002,-6.023168216159176,1.4908268286460213,1.5869268006092012,292.4677629261189,0.5134468399628771,0.00011715009792629983
22733,-0.034209563024294454,-7.97352369129923,4.330313040012158,1.5165289814035101,469.87828510832986,0.16964527484016312,0.00011715080301358965
22734,-0.4265490646891088,-5.751837110419619,1.5340121125645716,1.8124436367653982,433.19214002448035,0.44169310474326906,0.00011715191110199165
22735,-7.789730405171364,-11.685428732005107,3.3697623009758235,0.8669752102709064,249.09841934345425,0.6487581215322757,0.00011715604739546993
22736,-4.888763659995576,-5.201841327778679,0.2325964375570099,1.1178191714080647,467.08263652924137,0.1183431675187725,0.00011717020707058907
22737,-1.8491542151774443,-6.092828443078332,1.4999697546741666,1.5282738662968345,347.74254723528236,0.8383900729511167,0.0001171729122223658
22738,-2.205313379848306,-5.442872235267908,1.5245165383745316,1.5414508289241664,357.391324616006,0.4247422465525199,0.00011717314136322015
22739,-9.916032618774528,-6.564968170213714,4.550216536486696,1.8376229580853651,468.8534365036187,0.4934929889939381,0.00011717531829731644
22740,-2.130054714857362,-11.354290385931542,4.433107495685721,1.9082479044611436,467.55252018996316,0.4884810337256509,0.00011717991204435986
22741,-0.8899185970932937,-5.190029979025186,1.9411907285075531,0.8302504132189215,154.56147720300478,0.11005209071285549,0.00011718747239148674
22742,-1.0002114608241914,-6.229847005676801,1.2839887723802847,1.8771126235807167,467.98251289178813,0.4682658639703652,0.00011718907140561222
22743,-8.849897935171226,-8.89827916474818,1.688290465215219,0.911870308007354,251.2922338463769,0.19233488906040552,0.00011719092787659002
22744,-1.704152435804863,-5.750079921672223,3.0783730716913293,0.9551418179883399,468.0215277057096,0.3154437824985008,0.00011719296794557207
22745,-1.3056900691100566,-5.266726781718097,1.8227427487054175,1.6273669411865308,384.56197325886205,0.348711778851988,0.00011719343068218967
22746,-2.3024060412173517,-8.027859807911263,4.336041356730318,1.2827783760556204,276.2865585319591,0.1888270345656169,0.00011719381740943938
22747,-0.3595922411657746,-5.001786457918327,1.7960982521830955,1.9568076203062585,373.65685032311626,0.4202062611090245,0.0001172008885358048
22748,-2.5538352578179957,-7.020214482537887,4.382256139493119,0.8413497713694528,204.19417834226493,0.17517318512266034,0.00011720441714139056
22749,-7.981835456628362,-12.363104184939251,2.602349128268333,1.5937469821733825,469.54105774212314,0.2129387100704081,0.00011720519459961115
22750,-1.8274591220498735,-6.779611623874045,1.015625947926917,1.8887563159908554,468.37425755002107,0.2979356088805085,0.00011720984629196002
22751,-4.162289926154203,-5.580634173290317,0.3846117579421817,1.0247516453504026,467.3688418599571,0.4513014730198357,0.00011721437648691336
22752,-0.8786949758172575,-8.076306469566763,4.382880341062157,1.3291772582993167,306.40037520417104,0.15566577298301443,0.00011721473236791233
22753,-0.2321566852359993,-5.379032237243355,1.8423205485525656,1.207415709281253,263.2451565659406,0.7811160858390869,0.00011721719470331592
22754,-1.9306517542165977,-6.135010500159188,3.231923429296436,1.1674685733640395,468.49045890532557,0.6576082367184357,0.00011721833757579432
22755,-1.7729426945833087,-5.056820792119557,1.6641512705732107,1.064513781524649,287.18367382878085,1.0834383393232203,0.00011721967064398611
22756,-1.3868091366722108,-5.248341341322743,1.7803847859035231,0.9031997901583395,468.620166441745,0.5317138200982061,0.00011725332114847528
22757,-0.3286284766816845,-5.142392416217061,2.737445019756757,1.1604535181433993,298.4385226289742,0.7121869850003693,0.00011726150156755737
22758,-0.20390493878195315,-7.104862969217246,0.8748263404518819,1.327639360723366,290.56622585292797,0.05759601418971627,0.00011726234503605133
22759,-0.8841123350890499,-5.126867379620385,1.9418297147882095,0.8124908489251542,469.1321948958463,0.2232811396085106,0.00011726786660232248
22760,-2.0952453637416557,-7.379903175898327,3.9338094639227004,1.7647658114676679,374.76243272437665,1.5001713057387702,0.00011727643310783919
22761,-0.33696819951135026,-5.7944983306099385,1.6090848210707371,1.0724256188685235,278.7707302003235,1.8182564627346656,0.00011727739692146057
22762,-0.9969576980737305,-8.688133377769553,0.27999242437990757,1.1086985377551557,456.2134913243732,0.2655225587143546,0.00011727850315641199
22763,-2.1277859481678982,-5.730157112451208,3.0691793378344405,1.119166268290867,267.81784660496896,0.45821533575300055,0.00011729266059924114
22764,-1.3096503223593192,-6.558254564551801,3.4450255822998685,1.1765466253952457,467.08592559539767,0.19490196795025394,0.00011729603028387474
22765,-2.7882115425013163,-6.307736657049934,4.55981672450876,1.6847759873546535,467.80171523038285,0.2952598555269459,0.00011730251245369631
22766,-0.39146144426887375,-5.576442357593247,2.999831372821242,1.8980089244638843,469.77108220685045,0.2308147392515174,0.00011730731333751003
22767,-1.2655389756737758,-6.515362340113662,1.125742977403713,2.547973133155054,461.692240395326,2.082500985827761,0.00011730906218065361
22768,-3.89627524134184,-5.191548639103262,4.492463452417502,1.4417142103136338,392.76943708806823,0.9636658568908709,0.00011731650108893411
22769,-6.982678250524348,-10.61353704082137,4.825302430876748,1.8330182091461198,362.2452687174959,0.49147445484821173,0.00011732145136360194
22770,-1.5648648620715324,-6.140554804493374,1.193979093828508,1.2056989996150498,467.0386470130764,0.29612163946736736,0.0001173268862835453
22771,-1.8765657032787182,-7.247797722335577,3.8955418508089594,0.8615437140917142,208.9751281323304,1.181634932868909,0.00011733183622365975
22772,-2.045545021943038,-5.53920353558393,1.720808367758,1.0365459380240887,267.4685699769332,1.495655639028893,0.00011733188657841144
22773,-2.163051689769513,-5.044424658904346,2.875527762633205,1.162983825128035,467.87319283087453,0.41927635480513903,0.0001173368405748655
22774,-0.04840056308322538,-5.554100514426914,1.5649158646104366,0.9926276558852343,274.59698718001084,0.8387036993320178,0.00011734012728365621
22775,-0.458356007543383,-5.887391786700595,1.4615375176407173,1.7882789807419972,423.9729154911266,0.2054612818068735,0.00011734971851535861
22776,-0.2036201449066244,-5.139777637869289,2.066920457780146,2.6674285608964747,472.5046266181067,2.0418028698238517,0.00011735550423840434
22777,-1.1385734720506626,-6.466428295943247,1.0988533671089358,1.025894043306821,355.91648354520555,0.15206883544666372,0.00011735962544422899
22778,-1.163110508153128,-7.27678937353084,3.873086251274979,1.9787147556224685,398.1639815955093,1.294730604380705,0.00011737336604208037
22779,-1.72300185812629,-7.122945042822328,0.9236201407099086,0.977621463017364,264.44878710575887,1.4772849467683669,0.00011737470375954821
22780,-2.2886929448861606,-7.852101878180527,0.62512012211291,0.6126537730844553,141.74117155726856,0.30331015185501364,0.00011738085897653299
22781,-0.5293840459540178,-5.947967618706274,1.6260748296459073,0.6531303135153848,198.29247982900662,0.2321183360057555,0.0001173838310356262
22782,-3.93314421693069,-5.162020660556522,4.481140994337484,1.794796213081791,468.41545198215573,0.5588087492112788,0.00011738816527365675
22783,-1.9449099075211365,-7.642070648855918,0.6955853414526165,1.9053865529279315,468.61657400198743,0.4277607164247641,0.0001173903447755523
22784,-0.18108457303615566,-6.477738120976381,3.3769152290223374,4.4494762140998825,572.1887661425104,0.2625793300457797,0.00011739339786665717
22785,-2.621893574544405,-6.157812192755491,3.4906214409430523,1.5270638588123744,468.1224011809482,0.2787782060333166,0.00011739770657217628
22786,-1.801311435358162,-5.180675132234706,1.8024180029597539,1.164818208617695,299.66905104206495,0.8347786084213178,0.00011740098642853951
22787,-1.6076897968966968,-8.823308173190686,4.58907820763389,7.033768520218423,699.0870072055585,0.3060545347766137,0.00011740175010531759
22788,-1.3275549113518252,-7.4911220815986805,4.043097535612894,1.297665472167017,320.33337456892957,1.0635175321031758,0.00011740397482781057
22789,-2.842332582901758,-5.979361886912965,4.322025403180593,0.9309959383383394,448.80115082974675,0.06569185288700208,0.0001174109870094756
22790,-1.4909950271519747,-5.542742565639258,1.7158518120260875,1.5936681193055293,379.13167658809454,0.0808086885411754,0.0001174160255979618
22791,-1.0643148347551996,-6.49863199855295,1.3825798553770958,1.8527644331262623,467.7851422524436,0.07207520250339083,0.00011743289100862641
22792,-2.26367682886064,-5.885911381635226,1.605791085565981,1.3931366872709308,200.28281567420035,0.08021038817399528,0.00011743896535447988
22793,-4.062338374047276,-12.492636529016652,4.750259702428926,1.815827162061902,468.06612312792987,0.7116604668466122,0.00011744257245415957
22794,-0.6291632688353985,-7.090865781520012,3.7231752351348852,0.9254926368187228,469.7312855436772,0.06319145322285014,0.00011744782649051328
22795,-3.0605545619279626,-5.530016794686234,0.6127548806691183,1.893835069807611,467.7857186455498,0.2528416839692804,0.00011744977179050025
22796,-1.462133221178254,-5.10457745938939,1.9015755716928364,0.9884533276945392,293.2708956532555,0.12644897392799503,0.00011745164629232146
22797,-0.5264310296005625,-5.886258802745711,1.616996542330638,0.9777337355174175,271.93605178442573,1.9149389054912245,0.00011745384575753644
22798,-1.0654375637475493,-11.212560588643996,4.4395002664927175,1.1129192476426168,202.86705518446968,0.4452770425659063,0.00011746278567080365
22799,-1.445204408732339,-5.116433686219828,1.8950877467495866,0.74775363081143,215.03878713046035,1.3107216109734265,0.00011746945585656874
22800,-0.39064568980073844,-10.794569237933034,4.471240159872837,1.0699534958757053,284.83320544132135,1.6301896489618288,0.00011747163812724922
22801,-0.9300404341612136,-5.157333996671336,1.9527707999304096,0.7735475091858105,213.4708804876033,1.0618518201229366,0.00011747792354447934
22802,-0.2638840578287862,-5.932171189240456,3.055119080486517,0.7967930285084468,193.05234708785545,0.557496621421067,0.00011748001903127057
22803,-0.003345955091832664,-5.122744687581339,1.8942580070293182,1.528653616874367,350.3804711279572,0.07218736392558434,0.00011748668982028674
22804,-7.738489354584629,-11.163264077393464,3.6220211907094497,2.1153027382770992,415.0504015712348,1.3656983141172505,0.0001174886571537582
22805,-2.3262199776706733,-9.627084637185163,4.806644870799644,1.0463230917059536,274.2004297235574,0.5136588793603662,0.00011749198000892371
22806,-0.2950382885297227,-6.883153637081427,3.614538567070647,9.201645176422941,761.0878042379481,0.30981206814882256,0.00011749314881506133
22807,-1.392540439406158,-8.167123615774237,0.4677302426847047,1.5931785083790064,366.3987280552519,0.649938835487343,0.00011750389196705565
22808,-1.76097385556848,-10.271436261807482,4.520045059287164,1.0378357995544494,468.5278593950281,0.6524491039000528,0.00011750818846204919
22809,-1.0310533817526153,-10.544368761780188,4.493325459888836,0.8928422029944769,468.7855849257362,0.010213253453787097,0.00011751636228546411
22810,-2.4774183555259253,-5.298355469114516,2.057173556217181,1.5135368965082439,359.26606287650407,0.44772791503451526,0.00011752035409662046
22811,-2.364489881131451,-8.844200906160303,0.21044294537917652,0.9516938040903157,267.6474478186267,1.6757166275510853,0.0001175214634718174
22812,-1.33948386800596,-6.598425056955386,1.1576384405847548,0.5871516830438983,162.8844386166536,0.5186036719264449,0.0001175257732762665
22813,-1.1085612936161944,-8.691761371736375,0.2949110028696909,1.0213819534284665,214.1499503705443,0.0035622086015338894,0.00011752726703457188
22814,-1.4825495107308928,-5.925144957969044,3.122231751814904,2.872454955381333,488.1756785071665,1.4583813840492423,0.00011752941521975327
22815,-0.5537801643245448,-6.867286044686794,1.061170693794056,0.5624872037599584,131.01006094947454,1.142084822389462,0.00011752951843624256
22816,-8.723803041293012,-8.938276361849983,3.056624951126716,1.0046719924377416,197.8365314496113,0.4906916758892619,0.00011753352172347596
22817,-1.5339001465544406,-5.116361808423492,1.9023909246035722,1.097023471225991,236.17342785542536,0.03579096993576769,0.0001175364551702512
22818,-0.5112254439253423,-5.2433752490489205,2.0443836553625867,1.3126725399982928,278.2022562420316,0.46412441728521703,0.00011754364216372661
22819,-1.9771366437458937,-10.650595931397213,4.575426645202745,1.037848968791891,278.67894888208565,1.3568812870644598,0.000117544793174139
22820,-2.3950509880760933,-6.366881262561884,1.3830973729711582,1.1052302431418466,286.02745580509634,1.5896812194628502,0.00011754578815433458
22821,-1.6039403467504414,-7.90787927911346,4.266702576350458,1.689728451760401,353.83641496973434,0.25065978227107966,0.00011754828141619366
22822,-1.2135830175153508,-5.953372716266801,3.1321264618910165,0.9206552259485711,259.9791851742171,1.5462437561169713,0.00011754938712460499
22823,-9.72388957695139,-7.822951135296797,2.701377168939753,1.2703425602269365,280.8079382260194,0.30190781602506256,0.00011755500947263521
22824,-1.9813971810144828,-6.181963318819837,1.517129076317979,1.0601080583234284,467.4963387175591,0.3011951497532248,0.00011755689634145723
22825,-1.7212165099470838,-7.211965877843874,3.8283733643560867,1.4758514681586299,339.0248065558001,0.7231318420542676,0.00011755867529654572
22826,-0.2345521178858938,-6.922201929806162,1.0570000004485904,1.4174061724378522,320.4161421908139,0.10154898934357881,0.00011757498152553646
22827,-1.3852073207934232,-5.004981496375706,1.66461305715796,0.849845061630364,467.11206489340174,0.5552777333358749,0.00011757627771530708
22828,-1.9917945035811897,-5.176893984199458,1.9702887725417686,1.1487187566972754,297.33857190623075,0.7294341154152804,0.00011758879724802209
22829,-0.9288786325649756,-6.595719466659157,1.0840474521880745,1.8958213897867098,468.2767974294952,0.609261925623751,0.00011758900029071125
22830,-0.6061576624171288,-5.480087431285743,1.5495452417547122,1.83039298901699,470.2239699624006,0.18569873459076724,0.00011759925815285543
22831,-0.6579564142730181,-11.05063239531947,4.4496069100294005,1.8026634790419984,382.8036923840548,1.893950830989584,0.00011760339033549916
22832,-8.279808095337637,-10.344248998244034,1.9378896739682245,1.183611443571658,468.0324912835048,0.030839344314546047,0.00011760691568838255
22833,-0.2937168049134584,-8.177730650239317,4.413836249932612,2.1991446588441237,407.14553548196716,0.49006786734583585,0.00011760858033163959
22834,-7.4364199412591,-12.448433264145333,3.9234617801534184,4.893876211024689,617.4389763321246,0.6320826766817804,0.00011762714782849547
22835,-1.1683770196763383,-5.322287263115938,1.6768271911328325,0.589170370461474,165.72290456606538,0.7254956681544895,0.00011765253903782645
22836,-0.4488430083737498,-7.625289264772556,0.7237589788020623,0.9624443885672168,265.81214701839855,1.3107020894790873,0.00011765456326768443
22837,-7.429768633671491,-11.26945980777212,4.118983483561261,0.8592262785397845,467.160402373649,0.08898762233050572,0.00011765641175045306
22838,-1.303101197361956,-5.8746900164664115,3.1009574534208633,0.9906913531483618,468.37887454680435,0.5284720238416529,0.00011767302060965753
22839,-2.0566186107443984,-5.99436903242805,3.060590800468314,0.9203913234390254,467.5441816765403,0.6357329908705251,0.00011767331460409742
22840,-8.29410996541965,-9.539192808364708,3.4102516288872398,0.7042992885886948,468.940352196999,0.36012982021770235,0.00011767826112201875
22841,-0.60694125131422,-9.07169365309453,0.13729261749493998,1.8801932072882026,468.66415193400013,0.4981278124298507,0.00011768041353655519
22842,-1.4810275462340456,-7.927867111541061,0.566724735745746,1.862846391514856,448.82003622309765,0.08522450793685987,0.00011768614513622162
22843,-1.1119679530337088,-8.121216443067246,4.398557262588847,15.188473030507529,385.20328062584076,0.2809050647558191,0.00011769157018361996
22844,-2.6638220929833167,-5.084677338133699,2.7258219674544977,0.9215819315569178,237.75268792553047,0.997488091312186,0.0001176961517886691
22845,-1.9132187936302163,-6.301564694164972,1.3412813574583193,1.1290061840587142,293.2526850309042,0.7578021476956893,0.00011769823584370142
22846,-2.142510286764141,-10.028813477785821,4.5425896823054615,1.3590212025306323,325.9736028477262,0.23352653241552446,0.0001177077873581507
22847,-1.6757821555765702,-6.953911406238515,3.671999660583283,2.797179210542956,473.41828951835623,0.7728581062847946,0.00011771179814146278
22848,-4.581706966820879,-12.443067264956232,4.764245694643551,2.1760385712900994,420.26590571039304,1.3359825929423526,0.00011771894452878261
22849,-1.1781447478485152,-5.0975899482737885,2.8197115942443514,0.7636509143097083,199.7147128328306,0.444146082404953,0.00011772493848228925
22850,-1.2162109946955013,-5.142086363881507,2.8290598210749662,2.871787214972313,489.83087862061825,1.812316188772285,0.00011772585924335178
22851,-0.07148748306699382,-7.961080910534072,4.292178961483306,4.524338798253767,600.3173515959339,0.9180640695570714,0.00011772607054285151
22852,-0.10306734089435032,-7.134377932954472,3.7754190336763314,1.244036029071944,268.9959942464925,0.2233201006842549,0.00011772733021544496
22853,-2.282472923427753,-7.111341674361151,0.8806334323801472,1.2830416156170446,313.88934933043816,1.701320224699308,0.00011773755252832602
22854,-9.517386385063176,-7.957209604168533,2.0211125645965025,1.4183170796807796,335.84265935353886,0.45019504849625225,0.00011775108718063246
22855,-8.050489374028128,-11.964104009497817,2.2642392898440074,0.8042607136465973,469.34293499305585,0.20754860615615822,0.00011775234098428538
22856,-5.319779682579766,-12.987391391425799,4.747135830743701,1.7481153449314617,371.9657329758866,1.1390914587563978,0.00011775389227189684
22857,-1.0062247104136457,-6.260871067923296,1.2876175335126347,1.684123098266085,366.5085571537603,1.797732411988112,0.00011776364945281017
22858,-2.0060225335571484,-6.584004142225413,1.1665483209099476,1.6169023317989955,381.6194956546046,0.5179464359222843,0.00011776519875440398
22859,-2.3602977180268994,-5.386555474242817,2.909655416086218,1.17076237690334,284.1455355372575,0.08114397868229073,0.00011777340222642807
22860,-0.4399690374152865,-8.841733605736184,0.22304531489910154,5.238229346663358,281.5450557946979,0.3329068787865106,0.00011777866275259392
22861,-1.1537814287929464,-5.031085823523081,1.6432615945759834,0.9560346345372,215.8563348390077,0.041635335106435356,0.00011778407691181135
22862,-0.14698579027435343,-7.675560658760756,0.683170089850398,1.9695542244273605,393.8229810432168,1.0684246680608505,0.00011778525780552709
22863,-0.5025107638440325,-6.801423896576507,1.0481518865965251,15.419743552402785,747.541033374742,0.1286502593846608,0.00011778739109989024
22864,-0.4078795737627736,-5.818562082358327,3.0853522293265763,1.7703561869644708,420.6585357955686,0.2716561919373648,0.00011779780532292947
22865,-1.7360917575372898,-9.068516739054122,0.16111695413976618,1.5566842873455455,470.4785710030647,0.05247204366722258,0.00011781521827975578
22866,-0.3518795446386047,-5.604699900372826,1.704532565173545,1.7904830504760172,467.69561899551127,0.6070148652822089,0.00011781991317572833
22867,-7.9459616206791575,-12.831698277674873,2.6982957658646898,1.1022896281827674,468.1926097642505,0.32386199651847125,0.00011782033321904567
22868,-1.4830049790305857,-6.132839797065808,1.411857309357005,1.1756789569908803,253.49553634951252,0.5914183545779119,0.00011782134015323064
22869,-2.2495085515053956,-5.163692148242157,1.9058544228416423,0.7339132626745415,468.7257744092819,0.28853506037463905,0.00011782670620913916
22870,-0.7356995657727996,-5.556060387629207,2.9341785362702226,1.2723734057420204,462.433476413297,0.5749445340781252,0.0001178285196677049
22871,-2.0750690676020875,-5.257206020430874,1.6331124644446173,1.2968527313361429,320.00892126601366,0.48987325421240513,0.00011782943025465367
22872,-0.261042605304473,-7.406572431521062,3.9416323225137124,1.8479635858229586,441.2688189951332,0.6013637327247876,0.00011783047691547245
22873,-1.3320094196438532,-6.2214359703141815,1.2452579346693808,2.3885162141234435,447.2404754603185,2.350645273929521,0.00011783827759556708
22874,-9.633613395509311,-7.045604166327511,4.647868570158445,1.6058386052503921,378.7972423782532,0.35757420492008496,0.00011784086758330305
22875,-9.625302261198689,-7.413761722449573,4.219260906455918,1.1663938057069911,302.26499894596054,0.6892606079870278,0.00011784421558014841
22876,-1.625825104384873,-5.398183363171003,1.6407715898982767,1.724260415172725,369.844289287532,1.5354374811637905,0.00011784583142986999
22877,-1.0190003789794169,-6.905141975731668,0.9703457426895388,2.742377853253239,181.5500084381276,0.3654710171992539,0.00011784911858402467
22878,-2.1397106222485167,-12.199945869880796,4.364081323938352,1.011934601100731,466.45721153881044,0.09693398820769072,0.00011785025136436036
22879,-2.340970581563594,-5.479644108229995,1.685022528803546,0.8895777534219349,469.1340537906724,0.04693971333058755,0.00011785620009026682
22880,-0.31820078531928964,-5.657979720221165,1.7339314985836347,1.8741462663494888,469.75821085566895,0.16245649273978646,0.00011786230720910312
22881,-1.4062062880112567,-11.369965200262488,4.425662487019871,4.623970754948385,548.2575118933352,0.1681361356132829,0.00011786720063712225
22882,-7.086287706664249,-11.350870385795144,4.496733480056594,1.2112588501508583,307.4270281700766,0.5993618459670129,0.00011787200017360295
22883,-1.0306329831631302,-5.287188635710657,2.0372310079864153,1.0191785544601217,267.4422182878785,0.49901482585916224,0.0001178787323975712
22884,-1.57727391831129,-5.034286291468409,1.6479141679426685,3.3756582812888234,511.37580482726247,0.41203406168945733,0.00011788105484299583
22885,-1.6673929432967594,-5.115621805520497,1.9420693069512074,4.384706321673312,584.683976478669,0.5051415785143769,0.0001178812702873883
22886,-1.9505811528173709,-7.061087814269487,3.7105734003595945,0.4354589064067754,112.8904674931421,0.15705111051887677,0.0001178886549529315
22887,-2.350377624551534,-7.386987053348693,0.6842045494639875,2.804962026270798,482.81143343499383,1.5413737051257002,0.0001178909044000657
22888,-1.5067032382119088,-6.242795635384884,1.227036202003942,1.0996268512656746,260.7803157552868,1.0079794669356898,0.00011789760548846937
22889,-0.12674063878008823,-11.16450409340813,4.438590990578268,1.426424445713702,313.89013063960834,0.06538450684211128,0.00011790800354307238
22890,-2.2311955975791307,-11.906609658155617,4.398490478158362,2.1314174994997965,413.7179293298719,1.1657883899777337,0.000117913375129508
22891,-0.9458534068500075,-5.1171967608830204,1.793654743078905,1.8241249690981434,469.82968205401573,0.16439626364296966,0.00011791465060581286
22892,-9.42385412991376,-6.03629184901416,0.9562614366895411,1.798815279285887,468.5867427962391,0.4252826411323447,0.00011791509853960697
22893,-0.6187563944116032,-6.1533263015322515,3.1742791931639798,0.8476431344742941,237.75390137602432,1.0951780883051114,0.00011792009752242267
22894,-1.1580922042819157,-6.678558084751279,1.1032031835134668,0.9761048243462767,211.06547783911492,0.12001805814540667,0.00011793261061080859
22895,-4.138033443308688,-5.550256870100961,0.4140294028662666,0.6517827461052753,180.35477596476244,1.301898973121144,0.0001179536826586145
22896,-1.3665827057678097,-7.413474569852037,0.8141993067994846,2.271555533267163,430.95041745073115,1.3704317518049587,0.00011795652786453409
22897,-1.1546718482039608,-7.984137535643549,0.5387310107645166,1.800717853250096,428.5778508498566,0.020596602526903318,0.00011795705967902062
22898,-2.2603223101512127,-7.472863511914097,4.011790515619428,1.1492573405429483,295.018242688391,0.8786687010108176,0.0001179717995514654
22899,-0.8616206545025555,-7.487972521875953,4.01702822951348,1.0912782683059814,467.53075081737734,0.9030191353969927,0.00011797213243929234
22900,-1.3544344163097506,-5.003107119904501,1.659887735946437,1.2406759505011218,308.6933017680754,1.066796516767675,0.00011797267791779138
22901,-6.006102154409409,-11.746119487110969,4.861434395886778,1.649269301366574,384.61608610149057,0.4912442573014175,0.00011797566939160802
22902,-5.72768415146758,-12.538004999112234,4.779985003328159,1.7629206667055017,468.12754363980207,0.7462895803834391,0.0001179761795861807
22903,-2.304980010475303,-6.390611133524022,3.318141591071745,1.164627550649591,467.6092101775961,0.4182788881957764,0.00011799003790148325
22904,-1.1482409498081054,-5.578264198417452,1.632899686372266,1.5152818112342588,468.3700017246573,0.5251122684365219,0.0001180122087236105
22905,-0.6562735301656843,-7.7786968052208385,4.215255577686625,1.758695976890278,468.52313444731533,0.5807743106625649,0.00011801357777633769
22906,-2.1207364586346618,-5.8835045991934045,3.09634373423121,1.8330233030079268,439.2576130498409,0.4432542483030435,0.00011801568985616324
22907,-0.6640970024568542,-5.410187342251909,2.904626471691963,1.0019160043315611,266.52959328396565,1.5818397502069637,0.0001180172507713185
22908,-1.91091479865438,-6.622657059549857,1.1677359090157464,1.7789064473324105,467.51811562654615,0.3890136850723058,0.00011802511126488035
22909,-0.4577602869143096,-6.1094352459665995,3.1715729807396196,1.8525062955700058,467.76613817782646,0.37823089588109493,0.00011802723665669306
22910,-2.6754664406298705,-5.071975852083953,2.8049248262929103,0.9428283237874912,467.586979793586,0.5065844664121499,0.00011803777491697672
22911,-0.5051141168049291,-5.886910335008068,1.598597829422175,1.6150865362187592,376.9456726990964,0.5020657432038238,0.00011803831791988436
22912,-2.3548355006040236,-6.364312193525221,3.303141854513665,0.6750347028967295,190.1822311101093,0.44105938845659676,0.00011804106065308943
22913,-1.0352082634648365,-10.212874290129978,4.521157560711603,1.167518230134709,298.1331884155789,0.8995083066736536,0.00011804452511693603
22914,-0.012429164178556107,-5.030142939349589,2.72265171932407,3.768607953901627,536.483955725967,0.3133387741990701,0.00011804743780217776
22915,-9.359771331164715,-8.176296126229307,2.06514965181325,0.8219625097376472,187.86240485221444,1.0059120685422505,0.00011804875408692732
22916,-1.5172665839864514,-5.119524184118387,2.815861870235731,0.9857338434866226,272.3456195731721,1.4787972256560602,0.00011804885952703672
22917,-2.236760009016309,-12.771116640815723,4.380245942118311,7.419753998705435,725.1242625168815,0.4948292748248946,0.00011805788979748576
22918,-3.5520047212757753,-5.53528452494251,0.49670875012858606,1.6646002518001062,387.8065971612115,0.1321632072671468,0.00011805960789149052
22919,-8.522609228474112,-8.145998786465649,5.077389966448573,1.5673444176286846,467.9351214258239,0.6974303413392784,0.0001180624958242635
22920,-2.391908003689319,-6.537655522660922,1.0692480835790086,0.9696506493965845,467.4262842821961,0.44969276042409945,0.00011807184026636684
22921,-0.8470069802595255,-5.633492214824749,1.7043567722046464,1.3836146126183344,313.3478226787708,0.7616918181401457,0.00011809102991986276
22922,-6.589683182962061,-11.944946370329728,4.709835842643753,1.744303910733409,469.07154364370024,0.14667388419079952,0.00011809891470884416
22923,-2.068573664043022,-5.962412198898923,1.4604851692878396,1.0287071961949559,271.9191351943317,0.8367126224627333,0.00011810420452576936
22924,-1.8437200391198267,-5.982377896000985,3.130982845529397,0.9438979772931638,198.35909452643642,0.8985231464943642,0.00011810520176921314
22925,-7.849470218449143,-12.836136841970355,3.0419725772104536,0.9115834363662214,259.2402229075594,0.6949730145125566,0.00011810602183330407
22926,-2.341309493260936,-5.423194669034656,2.9106156395103313,1.2273139245299842,256.8204344069404,0.7465398296512014,0.00011810983583635142
22927,-1.0858400752173694,-8.136559270117683,0.5215167028289897,0.8234106277654587,164.15065687769214,0.1950622055591209,0.0001181101095482168
22928,-0.7010827408787179,-9.721603440017406,4.565386447853264,1.7199150154151834,410.5378823409011,0.14348743487888083,0.00011812397825843997
22929,-6.459340633230454,-10.7674687381018,5.038461315326701,2.3198649634178783,190.24540857808918,0.2904076242234792,0.00011813942032331381
22930,-2.9066841143972137,-5.056401826375987,3.401845651005959,1.8953202643466642,467.6866878537694,0.5558795136994519,0.00011814692820104482
22931,-1.8079275518761104,-5.315063665688939,2.053129220899532,1.8795462776805347,451.24265204139977,0.49806753322084774,0.00011816387546550119
22932,-2.0492356873063287,-11.016255802569152,4.446908833830547,0.7845950059885525,160.20892237629033,0.6288280832953346,0.00011816979594041014
22933,-7.224278627078843,-12.05894507888426,4.2340084823679955,1.9138194631598755,379.3606804370951,0.2649621369228239,0.00011817543579310843
22934,-2.554483771539214,-5.157402608106673,2.8789866349999964,0.9043522964464501,195.4501908888146,0.9321655307942995,0.0001181790979143984
22935,-3.7652680056609036,-5.6609345730323115,0.4867837249921708,1.7706295602972997,468.05167101529935,0.2724095486937541,0.00011818909101150163
22936,-1.1415944820001442,-5.23764790564218,1.8791304038613121,2.4303607045873763,445.22669557612363,1.1333419878130178,0.00011819341180513274
22937,-1.2489361401832664,-6.31620703812501,1.2458629944460282,1.5072389046032195,320.0241567525565,0.5991858030960513,0.00011819392115297428
22938,-1.492078895142674,-6.419411759159872,1.37513185699692,6.12401455041061,640.64819805611,0.20788780039775823,0.00011820738318495276
22939,-0.48788072926581805,-5.135800861459338,1.6654568851619422,1.2045121496641444,216.54590579578405,0.08085292928424614,0.00011820977448742168
22940,-0.7790956351306573,-7.183395496241128,0.9301070910837065,1.057076310004112,280.14048738564077,1.2285507690495425,0.00011821364646481423
22941,-1.1476487104682125,-6.907903262414611,0.9809932135077742,4.703268575309348,259.42249400103293,0.36154298020446785,0.00011822000563755797
22942,-0.8086524599072593,-6.613731378080319,3.3966607929599446,1.694920298732564,450.3244969775742,0.4898404839596795,0.00011823065106147303
22943,-0.5111881080043084,-5.697774124099346,1.7334658457211565,7.309228121226931,265.44610674788544,0.3498700746282726,0.00011823373930887901
22944,-1.972251261919368,-5.125557065909764,1.6486659681956102,0.6050054240369731,185.268300901893,1.1396116380275343,0.00011824265349848917
22945,-2.5121740767514975,-5.557878953195947,1.6716281783667613,0.8971154052288347,254.84780395388984,0.5026085914093041,0.0001182494162138882
22946,-4.312835611726574,-11.90650738679971,4.815424549000918,0.8662334596953003,249.94137161854292,1.3976445872211665,0.00011825788109033068
22947,-0.4541134987753903,-6.361234966266202,3.297143444118139,1.1148428665940755,467.9614021770921,0.8246782252349307,0.00011825799715477225
22948,-0.9541304005237059,-6.590328931311866,3.445601193310279,2.7615600244915353,479.9015329634443,1.7244745016297243,0.00011825848123288064
22949,-0.5552204821914319,-5.900961721546742,1.584446781469244,7.576207899031493,579.6348017721814,0.0459451934574302,0.00011826694600039809
22950,-2.190420758203656,-5.595470023317453,1.6649578219633687,1.6022195601494698,349.5071250858853,0.4517788837836454,0.00011826700529965303
22951,-4.610442231571506,-12.552086902105923,4.75468614023625,1.6168560163144239,469.6067678410563,0.1800778985900191,0.0001182682689947851
22952,-0.238947802243894,-5.787143476190389,3.0203590296739917,1.6538131597728767,356.246764162778,0.9895166508956157,0.00011827277786866736
22953,-2.5396303527418596,-5.222259101855897,1.6462153468499132,0.9143944434072515,194.20911839750372,0.7503625114060037,0.00011828658435625815
22954,-0.26878012146078056,-5.412634095952839,1.8254258909454861,1.0720791781205905,280.781761457915,1.8162595151654584,0.00011829299274792212
22955,-3.0433524377554546,-5.281926975271182,0.7228899657630998,0.74117249159907,468.58451061070264,0.2675769194345392,0.00011829305150389245
22956,-0.9612513320810141,-5.052564032994131,2.7948027445217827,0.9400784404323871,252.76067359919674,1.0375959044575174,0.00011831275189054905
22957,-0.24235783730009253,-9.654632555693004,0.011015877116879003,1.4594150941348365,468.19030015893185,0.5813553262721394,0.00011831766249588111
22958,-0.4610563609701668,-5.210440061784671,1.7959553374091923,1.7605914630981816,467.5719287539203,0.12114359292444998,0.00011832126220560065
22959,-0.41615180420435394,-5.341016155960851,2.0433833751504973,0.8360987932861387,229.73344214368163,0.8552539015602081,0.00011832248782068301
22960,-0.027721653721876294,-5.054183544916138,2.7188002653558963,1.1125795065151205,373.64374063626946,0.3211602048223767,0.00011832313986239247
22961,-2.0000902253192345,-10.138288664994326,4.526182649612215,0.7844014804169697,155.79811775120464,0.02488187687663057,0.00011832700359757216
22962,-8.393032468627267,-9.521186053828853,3.091020555207438,1.8418604108971688,439.4947972263564,0.32305432085146624,0.0001183290645395816
22963,-2.051591294709228,-7.309372296078497,3.9022930159646245,1.2089250839392405,300.73382608223983,0.7886850530956107,0.00011833054687560317
22964,-1.418664668387562,-12.405552336837594,4.362934956403321,2.1175963218845686,416.72717364408476,1.6122777191979205,0.00011833308893837628
22965,-0.12043202457193658,-11.49141874617689,4.4140839229748,1.1598669066248912,242.24854512267015,0.888385282470419,0.00011834469871019498
22966,-3.502097762264932,-5.303821566031241,0.6576240961648404,1.8885425830134699,469.34065363413856,0.00520424110030504,0.00011834470281609236
22967,-0.8955326430298562,-5.632235315665491,2.9416159827106516,2.1577484431249623,422.0104677408782,1.8273424345080036,0.0001183469898533387
22968,-0.3679777577583536,-8.574126102139022,4.530961497491949,0.6882562635003959,467.6562806332351,0.43310312329629586,0.00011835969437177225
22969,-1.047027219810147,-5.547536878363843,1.561607651811075,1.6267946893926264,353.9885114760581,0.24599973392032037,0.00011836067651301626
22970,-1.6363687018786148,-6.068940722652658,1.4421289246768156,1.4240770219888461,323.40207663989634,0.2652628332361777,0.0001183642226574357
22971,-8.047670513338591,-12.059003836814993,1.6351413419233118,1.8527755741456509,468.7885911351578,0.460101708870174,0.00011836501149275415
22972,-4.598094034165333,-5.942983629020117,0.13303410684189107,0.5143334055301952,113.02310527554137,0.6016366733097884,0.00011836665086267322
22973,-1.8659317151787693,-5.138969128997446,1.6523793270084226,0.9399780758011773,189.14132495735234,0.5867028904889802,0.00011837210651046233
22974,-1.3718245078018896,-5.517940299137296,1.6720951055403979,0.9797094376013329,272.13891555690304,1.5882756372622504,0.00011837826437229317
22975,-7.812631810764533,-10.12808316199703,3.9907594827345303,0.7888590847566402,193.57729066624177,0.14586645631443051,0.00011838198448873178
22976,-2.5609411992216247,-5.711587912097522,3.008836668593055,0.4321400709047038,111.8102766156467,0.1745773442506069,0.00011839552780413837
22977,-0.529019266457718,-5.0364669731298815,1.9276187628588826,1.2750153191036755,310.24080195034037,0.4411285065131736,0.00011839773629318214
22978,-2.149662899772009,-5.205098617412001,1.9032271085609695,6.835949474252544,703.8098809728316,0.45900484418200005,0.00011839877808197995
22979,-0.44040254409966195,-6.697721693370577,3.5066155043440936,1.817176708722348,468.8742482624417,0.5695700575985176,0.00011841469577955379
22980,-1.2059526633120612,-5.298599573357018,1.9575625419223512,1.7109936149367513,468.02597997794396,0.5500831702711908,0.00011842066068644091
22981,-0.10905079206142254,-5.599075235205119,1.731059977396339,1.0082072483702478,467.6418781231709,0.04030274836035641,0.00011842628298841031
22982,-2.403192214750347,-5.006063077363552,1.9222104434758864,1.6462924315283176,387.0371870092793,0.9079087056148198,0.00011843435794095189
22983,-1.254759979573878,-6.060835886926081,3.1416695414353994,0.9860359732245163,410.6567023921678,0.44100163390155434,0.00011843809076756905
22984,-6.851490219413524,-10.987513090491971,4.7775726634986375,0.9008515850273807,225.40988999102368,1.1268139309440324,0.00011843815779232346
22985,-0.5141100008134796,-6.164473356442442,1.4158906375484057,0.7186295044109221,467.472452784987,0.5013822320581758,0.00011843834594787182
22986,-1.4404892374950968,-7.154779264149656,0.9633927427696286,2.2825767944634916,435.6801013800575,2.063743880319052,0.00011844234018525264
22987,-1.5403472795271629,-10.456832253814138,4.493299286626319,1.6233475058595297,359.976299546767,2.0544463884649273,0.00011844758556425465
22988,-2.0224757311171224,-8.68069639385769,4.551060512543644,1.8690742563981555,467.8604384285297,0.3637779206964682,0.00011844979624295436
22989,-0.8560950648378505,-7.013846005152498,3.6419402476206653,1.189706375758913,202.81458720847337,0.08778333712790065,0.00011845016564402124
22990,-7.49579692467861,-12.282940409931712,3.845222074655694,2.2350926859298688,180.30861814787872,0.41931135886494975,0.00011845427602105734
22991,-1.759726595690882,-7.233512255890299,3.82980422808144,0.9764924866472986,249.89535974567517,1.5609756523128437,0.00011846887605967822
22992,-1.4433450220885202,-6.598372158917602,1.1540850773541078,1.3930673233265263,193.09208896169147,0.13072877359779245,0.00011846951075344795
22993,-0.3740957897977317,-6.080081061568986,1.321486177695443,1.0482645826184105,251.27044207555977,1.1647356656958427,0.00011847112853460926
22994,-1.1507721665481032,-6.22954650249074,1.5187871274202969,0.9483808611196001,193.72385493468082,0.7017789963807299,0.00011847629468698239
22995,-0.7734334729770271,-5.173579869872008,1.6471544417521558,0.8942513639105314,255.8516531885291,0.43550723599398644,0.00011848343682646855
22996,-4.782456318714904,-11.659325681676135,4.86332430382534,0.9298498379059326,255.14099801598456,1.0824474890353457,0.00011849543297245796
22997,-0.8019758211579813,-8.499886890139111,4.512047589709206,1.3100427408687974,317.53806603098695,0.8684828730440985,0.00011850005245014039
22998,-9.267914782189001,-8.075493768445657,3.6187160375201954,6.362666938731785,555.5011412086683,0.06110035408189507,0.00011850262161707671
22999,-2.0590775904383074,-7.948505311704663,4.277493520895363,8.759365667783262,291.29484331016965,0.40156738195109387,0.00011850762096934416
23000,-0.3216868645401476,-5.081543128111567,2.7185293851425647,1.5892777696501614,373.064622638052,0.3821709089748664,0.00011851043697060802
23001,-2.2560134153081055,-7.783799523034132,4.31564347970646,1.1209262219057623,235.62363256453466,0.6475091576790142,0.00011851315527991746
23002,-4.592862744891402,-5.253520299097499,4.714770619008251,1.3567990969438024,319.50227606877365,0.24654532951768804,0.00011851977277800528
23003,-4.507277013959961,-12.946152497964084,4.7267948671694215,1.755652106545522,469.82744158643567,0.06285185742993438,0.00011852122560205948
23004,-0.8689529694527653,-5.038793483549393,1.915750741056245,1.1548339151479046,277.9082571063521,0.9813974255555031,0.00011852251738192699
23005,-1.9006982356830786,-5.831591986779864,1.5345027286565196,1.1838712344388516,213.00497798776678,0.08212127140763048,0.00011852765155317452
23006,-0.4311664774871051,-5.314993406321213,1.971034628413961,2.096716027243562,415.6335327855809,1.9649594697576447,0.00011853197326566654
23007,-8.140920246609966,-10.704552429073026,2.5944012534889316,2.259267044882751,433.3650897521731,1.9502593988609824,0.0001185568515709541
23008,-0.3759707602278475,-5.940150382575763,1.590509417290312,0.7326970095168043,213.98106436783883,1.338162288727614,0.00011855896116810195
23009,-1.6750403516024566,-8.299136606321238,4.450574892451811,1.199603947724302,283.24121543624483,0.43106533427899496,0.00011856473082640755
23010,-0.23006735166214298,-5.110572887156953,1.9196163626535905,1.7746119312783983,467.38112029776227,0.5214207421768702,0.00011857275307254325
23011,-1.2625237327636647,-6.025687436019257,3.137589514899319,1.194446041192254,302.4843333160475,0.7029138496561629,0.0001185751081494021
23012,-6.182321422727419,-10.995444692348029,5.0176727990261965,4.062792023085022,361.3445165750139,0.11305709185760637,0.00011858254479935921
23013,-0.37217805817914495,-9.045804998645266,4.6030090619130455,1.100884257121118,283.11212913921486,1.5370020101163169,0.00011858422051615255
23014,-2.338277332006853,-8.676950465076764,0.3038930185591113,1.870860077457873,467.33778064599414,0.3873358137803127,0.00011859058692620706
23015,-0.6953399643970197,-6.165575681235342,3.2140261257591662,1.4584169184777447,337.6976637804584,0.4551646170527519,0.00011859559294014822
23016,-2.6459367221428938,-5.250260000487943,1.923733387158594,0.7067182214921215,132.71217177509297,0.20947737954345236,0.00011860301294088552
23017,-0.4733633181216419,-5.03000191560375,2.7821140136293305,1.9550726390234052,397.13587425587644,1.390513689590061,0.00011860741203786715
23018,-0.2932822490702449,-6.3319564750182105,1.2952657522637714,4.144869207851367,577.2406320850124,0.8968224903711901,0.00011860876960018885
23019,-0.35851782524888876,-6.616340405847525,1.1721604690145753,0.9101933788466496,160.71593012141685,0.41197418342006475,0.0001186090378012952
23020,-3.4798760854816617,-6.108453084616031,0.24845547993916597,0.9560629680055348,468.13079999987565,0.6547087837117802,0.00011861365502628964
23021,-3.092613784271281,-5.917693507380452,4.855245521056876,1.7201955582464066,353.1241482749024,0.2237867943067151,0.00011861425199219642
23022,-0.6909011431555694,-10.421421897962011,4.495260289667294,2.3631655823753803,435.7451862256927,0.9887049347368482,0.00011861464502769158
23023,-1.5256001850272263,-7.448927100417211,3.9589746395537184,1.2651232498655471,224.82943182903503,0.06389527699205555,0.00011861576544500144
23024,-0.9047312644709002,-5.6991681666282,2.9538585651221454,1.006027960533822,467.93069414117684,0.5564601473858053,0.00011862456301767273
23025,-2.3270284813880817,-5.435412639226304,1.8302608356953516,1.8808111688243332,461.60509136067867,0.06846039241629143,0.0001186358330002461
23026,-1.8851582517701075,-9.225783463514677,0.10953920018649019,1.7529758210238866,467.44184198150083,0.16224898974879842,0.00011863722354974323
23027,-0.007432564991015411,-6.423232249873012,1.251006015461286,1.0897853848319774,282.8563492762771,0.5458962902194395,0.0001186432913720956
23028,-0.20001652034322426,-5.7732502390333105,2.9765016727050613,1.8212427519626848,468.3313510811325,0.5102817347437325,0.00011865006957951043
23029,-0.2670790768451212,-5.728777877958821,2.9614480947963666,0.9573737649183492,253.47504678022537,1.031541178066612,0.00011867392992879047
23030,-1.7028416161336146,-7.667175029560274,0.6935522287662965,1.4035526137610146,319.59831838571193,0.5261661433924614,0.00011867608825894906
23031,-2.3850031621084735,-5.747156508038075,1.5370067717939662,0.8421794728963528,170.65617652060533,0.36464246179301796,0.00011868064547849037
23032,-7.165817191985731,-10.55115564406859,4.685703510313212,1.4025917185238674,238.56247917400236,0.0026481051216462603,0.0001186840348016592
23033,-0.19124003824738622,-10.985400723104846,4.444508349701981,1.337081397187981,316.4125092740809,1.1208517742166109,0.00011868431684216597
23034,-0.14427081462581093,-5.28675840331306,1.894091789217002,1.1258982227940773,233.17470789036437,0.6804905327219082,0.00011868867176190846
23035,-1.9021364634034228,-6.937360245274768,1.0244770857333294,1.8600977903876441,446.33019597252706,0.06253360515029005,0.00011869375984362694
23036,-0.10505073818189636,-7.050093926996109,3.7025883455722397,1.4726807291257338,337.89492784915836,0.34398541748973344,0.00011870048927439114
23037,-1.450195448683461,-8.140986127932338,4.397074670647066,0.8354890297491502,167.57429965847393,0.5045968459278773,0.00011870938677825587
23038,-0.3582564411387672,-5.649463238260039,1.7180240938105542,0.9914163162483278,260.8015495837733,0.5784027170096797,0.000118712268219928
23039,-1.0791681801929816,-12.928349756542824,4.35792695210757,2.654727609506791,471.0523592113419,1.9062822154003873,0.00011872049505166157
23040,-0.535915148678999,-11.09325887569241,4.436058159961132,0.9527609741429517,468.3839311299899,0.5938477189800331,0.00011872097391127696
23041,-2.6508616843229618,-6.237500754563757,3.7328376268016292,0.929061298229135,185.2454701123957,1.020551016814717,0.00011872430158448022
23042,-3.7576993534287446,-5.576367120741589,4.8361236619563,1.5429660922550836,354.57292028331494,0.6517667431356511,0.0001187381511832184
23043,-4.46007948709674,-6.040692242408211,0.1581564779522304,1.0985110979488775,285.3904616998477,0.7905111103866416,0.00011874043253231764
23044,-0.6605907595715781,-5.296936528677582,1.89537611147435,0.8814006896864645,376.90529552393616,0.21888129174345217,0.00011878015321853528
23045,-2.332367324528086,-5.527723750790856,2.851021123119893,1.174305257824654,299.0469290447236,0.30935355431613765,0.0001187819363770314
23046,-1.5369360852094598,-7.014984945364116,3.6373200351147488,1.5072754896619391,468.427113547713,0.4395746594177181,0.00011878264253350743
23047,-0.5456744274770244,-8.555889680174994,4.522944906545474,1.0652072696147485,280.75228373373164,0.508620092381495,0.00011878754586913478
23048,-9.965338547438476,-6.2944467232942625,1.742681248281792,1.0016434789951258,267.96722533102013,1.5404715899485968,0.00011880743395319985
23049,-1.0060032064640065,-8.98269446914028,4.597358042069932,1.5518221088878674,469.3986655790691,0.14610348224427305,0.00011880987620269363
23050,-1.7914448991037268,-6.682741214751081,3.4105689093647946,3.6235725191033414,537.0664527732961,0.5881815588892003,0.00011881432314711876
23051,-3.0256438874306486,-5.819608478477222,4.60206709830014,1.3003307647169002,310.50569475017875,0.18589628717840068,0.00011884091577358119
23052,-0.008742307663354154,-5.007421405773288,2.769666631476742,1.198225618592052,418.63318117842095,0.2195275729875812,0.0001188564815186186
23053,-1.8539601408509334,-6.699021728001661,3.4707215307371455,1.0471110878638366,283.71279598432466,1.0396846465394018,0.0001188603689341841
23054,-0.7411779145126047,-11.119940434201375,4.432720071180568,1.5219813988824398,359.5268644359285,0.3866284940890923,0.00011887239750378131
23055,-0.45261453010847674,-5.715455963871813,1.701767877465841,1.1473386844997628,468.6128648444193,0.18808729439913474,0.00011887955931635056
23056,-1.1209966111011624,-5.5742888838577285,1.8430969830094126,0.569373830085392,125.17475842284085,0.3435384747447596,0.00011888385835407293
23057,-4.772176556506832,-12.475361954689616,4.763049107807546,0.9323642599793183,251.8363339519675,0.7357352959910068,0.00011888831569510442
23058,-0.8093430858548132,-10.363107484947854,4.498532630666715,0.8952813058507527,252.46873304633795,0.5414335014926008,0.00011889353201061696
23059,-2.4391143795298458,-5.364221791265245,2.895035953632942,1.8321208801349638,467.6235906293421,0.4458031727043483,0.00011891938539830167
23060,-7.902887266214448,-12.449718468647175,0.48304740629287174,0.811707782040523,470.4399505508282,0.08499689693390167,0.00011892221289015037
23061,-0.9491794227413699,-6.204970510192338,3.2267755905030953,2.7105277749018084,473.94381391379466,1.379189158235877,0.00011892368449509752
23062,-1.8843987673541207,-5.723080012624454,3.0170804678661494,1.826019603802148,436.732265271328,0.2376599727250266,0.00011892674523506595
23063,-0.0980057086802848,-5.1792242984158,1.7489283441993244,1.4001735352030116,316.82910024458766,0.3551848974409948,0.0001189604868934175
23064,-1.2806835997562889,-8.263290559608114,0.4466496446031318,1.6896812912684844,362.7372171426151,1.1356919918887218,0.0001189607696670781
23065,-2.1123420327479288,-7.444502559357557,0.8122613320425011,1.0249629278078964,467.2612662512315,0.7889506434261433,0.00011897559637944044
23066,-2.15684457502703,-5.370008660610944,1.962814202695942,2.6943270228845457,387.96924027286855,0.06505472737908402,0.00011898267665384361
23067,-2.808867459002407,-6.400946501061272,4.736912148945012,1.2860614467944553,314.20780091373075,1.5578480968797601,0.00011899217526355682
23068,-1.121430764346501,-5.89241636196039,3.0843600881196394,1.398043363977817,317.477917766173,0.8956460976398857,0.00011899272749968199
23069,-0.46954062973034283,-7.138863999830042,3.726459162813397,0.9054554307628526,468.26664755242905,0.2406986410878007,0.00011899470453734304
23070,-1.2362653299587638,-6.633810130036423,1.1731165240037515,1.8963785790014485,468.9918822121385,0.6014645897194137,0.00011899773981352367
23071,-1.6192692804533948,-9.29088687799054,4.603459501409326,0.8629343706054149,468.3204934748088,0.5060474498582357,0.00011902027801131737
23072,-1.5746690423956693,-5.265305635208123,2.8237567260698486,1.8618906278068261,468.78816409222486,0.14425883597008582,0.00011902191151705916
23073,-0.890842028154152,-6.1516021815140425,3.204968810310331,1.6947977765765858,365.6258386214851,1.4853401265403772,0.00011902475056452782
23074,-2.194515464727128,-5.4217384494356216,2.0433193682795285,10.297305336989696,562.5415875430153,0.037368452244849415,0.00011902871561240896
23075,-1.2917982163604709,-7.513478972955746,0.7610196499161469,0.9590418937668472,266.0752590281057,1.8203567958904943,0.00011903624586782874
23076,-0.4941762591482206,-5.952969179566932,1.610589766391467,1.8359054881042711,468.4037741993775,0.5379003211130415,0.00011903883668035302
23077,-0.31101090223792305,-10.93535982294646,4.445070947764444,0.8341598761318222,467.3123702792754,0.5436340082443047,0.00011905005657661708
23078,-0.9912277755799117,-5.68667079007654,1.6333289324905593,0.9786205016813269,463.3135836888792,0.8414149060602503,0.00011905555129919522
23079,-1.3671895633848443,-6.854695370971137,3.5899577331460204,0.8276018885519918,178.93771831811893,0.27315580595089717,0.0001190589942120894
23080,-0.20663012289096017,-5.737475497216118,1.66787058685479,1.7265554629741289,464.81469339690454,0.2170342901817639,0.00011906026871964124
23081,-1.986399646151284,-12.758863901072278,4.3575601415110485,3.9008757944896058,552.0416961490711,0.44487045145168036,0.00011906159850175687
23082,-2.44914138496304,-6.186312732747185,1.3999138731514262,0.6262564823147537,128.11273664077746,0.355327281254076,0.00011906539918464058
23083,-0.03067192148736453,-6.709467849700618,3.4730843745781836,1.2177603548570364,307.03695084426624,0.6425133776031773,0.00011907405378977116
23084,-0.7823844576313927,-6.19935898076767,1.4848666977333909,1.0759910872371967,281.8850402169395,1.6945457891071154,0.00011907753927395921
23085,-2.288207645453908,-6.341192631630608,1.4983429754774658,0.9781772171753865,192.9266017250552,0.17519474128671408,0.00011909313447610238
23086,-8.756334274960224,-8.992415988229189,1.3778478283926432,1.365379817451943,331.1294529830417,0.3341391131886615,0.00011909451334065897
23087,-1.0900453805174735,-5.7174017396536305,2.947634718170499,1.1714463856329445,198.86419154881892,0.12181347814962784,0.00011909562131359318
23088,-8.676303341389456,-8.709329768255744,3.7529475948286195,6.782228457118302,684.7397133075787,0.2742218917984456,0.00011910698881069445
23089,-1.6470161617812913,-6.163296947448947,1.439853320800851,0.6823861514576084,402.42097392233234,0.39368745384472703,0.00011911506622207184
23090,-1.0432259354693478,-5.657590150290628,1.6917022724447646,1.0082592139656958,273.4425364565388,0.916856073999381,0.00011912354229580383
23091,-2.816847255868801,-5.871528571911306,0.5424225766295989,1.0477061718059573,247.11577310949374,0.7188759672318223,0.00011912937664429059
23092,-1.61280932717637,-5.276297670670175,1.6517055920923016,1.6204380541118124,352.12666861452414,1.1575235697494213,0.00011912967816089672
23093,-1.7112345075303974,-11.29636432781017,4.418255511710264,1.7512032866037859,414.2906311663224,0.4234460541853666,0.00011913695854114551
23094,-2.1923671612042783,-5.6133487321558855,1.6861808972489578,0.875425368038282,178.4079169222092,1.045544834537524,0.00011914939375569287
23095,-0.13906885328309748,-5.883352015981643,1.5235759425397362,1.9125987755678997,385.75504722070553,0.9989994833603406,0.00011915134376766785
23096,-1.7516687610248436,-5.228828275559176,1.7874623801612146,0.9667506485995242,468.3465271551311,0.5160247276723302,0.00011915305901241459
23097,-2.0753140160670203,-5.271303810895668,2.8215495075104733,1.7480426378383596,468.7132250204256,0.9098123348126332,0.00011916444480214546
23098,-6.953489066102094,-12.077598377518033,4.482144696544877,0.9178364177525355,246.25974777114322,1.4838261749830073,0.00011917410003743128
23099,-0.1658800740012154,-11.438628808938716,4.409218042277402,1.4144882787049373,468.66407410673906,0.5608120976307926,0.00011917463585558622
23100,-3.5388954272991864,-5.101560967033541,4.175128892273244,0.9309189793630659,251.91955463386287,0.8596923805178545,0.00011917994631824629
23101,-3.23018259026332,-6.226864860019478,0.28256439787054843,1.2365810757484699,241.29054903551577,0.0052970326154193614,0.00011918311620649743
23102,-0.3037598738416776,-7.223582660687903,3.813211620245529,1.211835921724386,253.67731499801903,0.352865064423483,0.00011919309405132728
23103,-1.5077605761440367,-5.345463154114415,1.8975166892133355,1.778664187362796,467.7107103491925,0.40417687123908674,0.00011919476200124574
23104,-2.2947917674459752,-9.068065222998227,0.18580564058678953,0.7630795898225945,468.90242999989584,0.4946812836683696,0.00011920841821047106
23105,-0.6670549802040977,-5.568846883499967,2.8523796697670147,2.2781701970791772,436.1191186254561,2.2312093162624143,0.00011921333189920491
23106,-2.4280905606136827,-6.266055506862744,3.2384872923698875,1.455157381747054,180.6247535780543,0.1508476272377237,0.0001192182454208322
23107,-7.812789466893293,-10.194857787699027,3.9397832864208087,1.7524786087043285,415.2511025537893,0.23150547717218029,0.00011922333848929816
23108,-1.8195827788209442,-5.240137818406102,1.7886431437371506,0.9076716043274085,197.414457064587,0.03588932563444036,0.00011923177632440005
23109,-4.411468463360668,-5.872975136891079,0.23440983246033126,1.1366999772977864,289.6150749304003,1.175049044760379,0.00011923405073505547
23110,-0.6188476606172522,-9.729190764722446,0.0017289484507352288,1.1139165702548872,288.43126738306773,0.351271563572606,0.0001192484065243625
23111,-1.472023438381445,-7.183641224345905,0.8723846047241482,1.087197522953969,466.17865860159634,0.6983642607319203,0.00011925195032750205
23112,-1.8909372343018607,-6.693858819347542,1.1588487820561897,0.8895500082762389,428.5543689421366,0.5011631312174627,0.00011925392009377408
23113,-1.757133428217955,-5.462522440868604,1.7521256790999893,0.7722899065129843,380.6018000699104,0.31552112504456087,0.00011927186123787453
23114,-1.6962642617319545,-5.9515280462723075,3.0413902427651083,2.3661461205592675,443.3340496267877,1.86531456736593,0.0001192826823955131
23115,-1.491599900855629,-7.60006502646662,4.0883031848821325,1.134628506791635,291.4795419650587,0.7134108659552298,0.00011929016404241881
23116,-2.259355500049397,-8.519115171180928,4.509584112923549,1.7277166413557838,409.8041381823087,0.34461529455122086,0.00011929332407547303
23117,-2.2063227568561974,-6.341330963605616,1.2259162444422709,0.8304327316999127,467.5183847892703,0.13182427718229128,0.00011929772601569502
23118,-1.5188200539389225,-10.895235703355697,4.446001726272299,0.9124922774362799,468.6058274560575,0.3958317425286344,0.00011930155393605837
23119,-0.8372167260033425,-6.671760943008096,3.4049428555542995,0.7355231878256897,467.80513753320224,0.27595201292408333,0.00011930234199985447
23120,-2.1958720683184074,-9.804105122053608,4.550121879531854,1.738428035110149,411.05466462336386,0.23821285385943103,0.00011930640639126931
23121,-1.6123463816069616,-6.291213601426009,1.5202157106972563,1.5181942823659407,176.74619442751518,0.20978647238977288,0.0001193068753171877
23122,-0.00646359764545501,-5.028452458325405,2.1457768949822547,1.106386502763051,284.5697231926266,1.7040502154245951,0.00011930859226472426
23123,-2.2031031941247363,-5.361851636113872,2.883287610992603,0.6038348590367173,124.2682538483564,0.055255857142156195,0.00011931495521377731
23124,-8.09935402546958,-11.096200601894992,0.8985028989291135,1.110751413517471,289.77395889755024,0.7983526299256711,0.00011931497932490317
23125,-1.031582773952394,-5.309945498648622,1.6503541083469888,2.4025727986778653,445.545441841574,1.5934762150158948,0.00011933094316892779
23126,-2.210663133601967,-5.425132396628845,1.951467750308696,1.1045476766046425,229.2648815541728,0.005144821525563614,0.00011933373228422302
23127,-1.7529935937738816,-5.231115203113573,2.8073339033845213,1.0454402031406311,154.61513216572132,0.22071689303271658,0.0001193349214245313
23128,-0.018569902040825426,-6.417113222495074,1.3521441884261276,1.7942006524999592,425.1590834480325,0.022918640964271653,0.00011933510847029711
23129,-4.0148989185730946,-6.234423203759416,0.13629694863561465,0.5452530216840362,128.753229833944,0.036822489501793676,0.00011934879380296171
23130,-0.21733695253190888,-9.012998760443923,4.588978469495633,1.148292220719636,293.75987344579937,0.8834343205621522,0.0001193525051004694
23131,-0.32248418889480845,-8.174709606047873,0.4975114774357734,3.1373021959792524,511.0019245389853,1.6663064862389811,0.00011935610582239044
23132,-1.5342893075027515,-5.8591372980837315,1.530576330387483,1.1009498488641154,287.155332970126,1.329214875296274,0.00011935826452746833
23133,-1.0426038860348292,-5.5335236859279755,1.6761779671577828,1.7738654647499,421.838351264744,0.08082308742561928,0.00011938098270924454
23134,-1.5394651971333708,-7.962504212549376,0.5772878934833258,0.5182747223314692,137.6663057895722,1.0614536073852276,0.00011938249524391714
23135,-1.2039853882936313,-5.647060652600995,1.8465150997850122,1.5020534824315452,467.96877894119245,0.6042173090093765,0.00011939284532818516
23136,-0.7337907075799048,-7.16810325232717,0.9287445511355839,1.5205912076539538,347.95344311168213,0.7654832980547841,0.0001194061855386891
23137,-0.733001429823199,-6.918998684408871,1.033891592928224,1.5317195709725495,355.9171246292516,0.6994778635517331,0.00011941274329812962
23138,-1.694611264558338,-9.859765284992694,4.54407119543571,1.5621375170974756,355.52105136090415,0.3046574635395336,0.00011941349768037243
23139,-0.3199031175443334,-5.5375793728556335,1.831455853322951,0.6890291845497801,137.17383759882492,0.054170167951000714,0.00011942418955453022
23140,-1.6278826032878477,-8.037544311018578,0.5398627870701936,1.9779175258628787,403.20617922188984,1.961557012265172,0.00011942526881142713
23141,-0.9064241898841843,-9.097438295379257,4.5979339912015185,3.1704822942134947,513.3294149659855,1.5873627035577087,0.00011943478790282295
23142,-0.7765037748257981,-8.165892749584087,4.400622568345976,1.074435774113393,266.4463623419383,1.3289934786462005,0.00011944137030895116
23143,-2.7839373023729754,-5.667514166980295,3.665747753111408,1.4516690604516285,469.0662628657319,0.6361839551388435,0.00011947439645846082
23144,-1.226171755668636,-10.455335448322336,4.484188465716091,1.0266924769787327,211.8788643551192,0.6846102134037908,0.00011947955411083592
23145,-1.9791550446229191,-7.692844982518714,0.6900602454290794,0.6966775170238205,137.99273916706525,0.0012831443882754812,0.00011948369396206055
23146,-1.7291487594870496,-6.812056616555883,3.557100090889904,1.283779544193222,318.12109766292684,0.414470111778777,0.00011948406982314276
23147,-1.4524401271405711,-5.6327658734497685,1.6787835017679207,1.0410498609162036,280.8290903947712,1.4554876722877568,0.00011950424757224599
23148,-1.0208817787135516,-5.586505419931721,1.7549315076449563,2.2345481019395392,431.10538170503537,2.1956717397661114,0.00011951048472816036
23149,-0.08790188769143015,-5.692789091535032,1.5595921461020306,3.3642284150686077,524.9197757617742,1.0548879827874513,0.00011951492804621641
23150,-2.0030776574438676,-11.221583212092705,4.41956863731137,1.6837280512386932,468.55048859294266,0.5606850050870529,0.00011952328736590246
23151,-0.7151557969583351,-8.167230303846011,0.5185490884180463,1.8043972613639725,428.7015714618964,0.5402199561694507,0.00011952396798845994
23152,-9.83196240332976,-7.496207633870223,3.6694923986664945,0.9564853369372843,189.94636578154052,0.5363500114535595,0.00011952967835703268
23153,-0.6936436446232825,-6.382057298571282,3.2826202260976394,1.9037525512939253,394.03770611909755,1.9959131548582905,0.00011953677930586265
23154,-0.6578896356605632,-6.492823042069004,1.3660661617021137,0.8248735646874888,172.7373306340034,0.25021970958503825,0.00011954419105575654
23155,-0.12081286592121998,-10.223927050408184,4.5067496804557425,1.5857097228227406,401.99836923833453,0.03459898768182068,0.0001195471724935345
23156,-2.2448518431004105,-8.3966367720466,4.473233523485649,1.1124955301318165,420.0349654850854,0.4760535621855153,0.00011955566342290544
23157,-1.2307290639256436,-6.39569196601233,1.2459264079146906,1.1787951965376207,467.06626953520396,0.409400876051925,0.00011956594643067233
23158,-1.6549979182461207,-5.7297667096284135,1.547760487612778,0.9802521882470401,271.45798750564614,0.7595310796369938,0.00011957339677616152
23159,-9.603941117357833,-6.9905971242253475,1.4801739521742223,2.3423862099064667,229.18308903578716,0.2004867435131752,0.00011958368096218631
23160,-1.8579262828894016,-5.706827969966902,2.932250903024937,0.796211147502929,187.26566017190385,0.9371324698200025,0.00011958734541753348
23161,-0.3727246657761967,-5.256358614158288,1.924605853920363,4.370499795403036,583.9330381572556,0.5025490356510565,0.00011958773524033599
23162,-0.2365583819561614,-5.563086825642438,1.8238046290140804,1.7798888802046076,468.00997813034587,0.3726355404242483,0.00011959063668941956
23163,-1.3353035739265202,-5.334745029960322,1.6552282895481818,0.8875509392226997,229.0283742677336,0.6905599375389118,0.00011959470564692045
23164,-0.7550017413435075,-9.3825132284683,4.593336106975863,1.7006739866134988,341.5477763404746,0.176716279476409,0.00011959547139570282
23165,-0.18756044251550996,-6.283687034306212,1.4824841806704643,0.8467417936064631,215.23701899146906,0.35157351368218315,0.00011960307972360006
23166,-0.5317620774593497,-8.880712900770735,4.5804232175226245,1.207472174748983,423.7489119456034,0.37539261743998065,0.00011960574743691232
23167,-0.39128870070245014,-9.092330163989558,0.17449735862502957,4.8328799442892185,259.17178463250167,0.3769780002392027,0.00011962062155669459
23168,-0.32643908468581806,-5.4793769039762195,2.056399988463327,1.5931217404261835,376.37784314494564,0.48860589924119235,0.00011962189277842673
23169,-2.011915513424137,-7.453887152190681,0.7844551230814857,1.7930765867454135,467.3686000473247,0.6963226664768163,0.00011962644460893785
23170,-1.65547249828591,-6.158906774405528,3.1595659983276354,3.016238326947799,499.912984913393,1.3865978325137762,0.00011963445437508481
23171,-0.7752874914874077,-9.027760210130957,4.584759833439817,2.7716371636495563,472.1787740808828,0.2806964259495661,0.00011965204658428885
23172,-1.9369425558551718,-6.414152592476617,3.2977522991870765,1.7752645440106403,422.89379281574566,0.6027780216629717,0.00011966554660978586
23173,-0.15609591566948566,-6.431361055896337,1.3589497421330028,0.7878848133374109,160.12088063266827,0.7120712702634693,0.00011967321904359052
23174,-1.65324846773688,-9.337280569217473,4.597088840044214,0.57683481902808,144.05316406657653,1.0765463498224683,0.00011968308697116725
23175,-0.2006895411342171,-6.599163519646234,1.0980920189396353,1.0017567133058927,200.26471875293123,0.7464494471815657,0.00011968897125898423
23176,-4.322459468925059,-5.212417711432659,4.608933564350287,0.9788383357036861,207.2925497547321,0.766469049733356,0.00011968971803668436
23177,-0.8189655900334305,-6.82632730235327,3.491130522147528,1.3025017421823217,468.0091508341896,0.5437099425452825,0.00011969839623280077
23178,-0.8397726992892132,-9.453398128346299,4.589682323940331,0.8610585692819736,201.60283691138207,1.0114227673225837,0.00011971363915429456
23179,-0.06628285834142744,-5.31069031510177,2.8170216610691186,1.0527561853808352,280.48812015727,1.2927836011814735,0.00011971809659141836
23180,-2.0379924196156916,-9.047830916334055,4.565530512841112,1.5358380884380898,452.2677788294711,0.8459727751908508,0.00011972188690129022
23181,-3.387144813159672,-5.111643906360006,0.7260785266005306,0.984214761896555,467.95341509228444,0.6382001682067253,0.0001197257739518736
23182,-2.7953407457693666,-5.030757124868402,1.5474839094957706,0.8222660907114258,466.22472999914874,0.12291257094320596,0.0001197327114857472
23183,-0.634603509553278,-6.702440074839813,1.13156850831629,1.7548819143891126,468.55518129908944,0.6409387331390919,0.00011973275855452281
23184,-4.206227781894388,-5.118533879311743,4.494834868634057,1.5240130558005047,468.89216743198375,0.9114795456430977,0.00011973380075940097
23185,-1.8312370936950693,-5.490865308821488,2.052210148184442,0.9344554599062885,264.36719870469403,1.328303809272362,0.00011974034282466957
23186,-0.6062892868384822,-7.718142713463806,0.7249170377892948,0.9629058687452752,468.0143021366578,0.3744961465611878,0.00011975068870322894
23187,-2.017628589645467,-6.100761001806909,1.4653830999293378,1.8531123831483973,468.0719437477886,0.6867543144229353,0.00011975748549347756
23188,-3.463012875538335,-5.945347437783724,0.3067042505151294,2.022371634856441,408.077772260762,2.1613935544407807,0.00011976328971356897
23189,-2.205518263973935,-6.331244498523635,1.4922346232952313,0.564075740843568,109.78294629790615,0.11278491859279516,0.00011976397491208067
23190,-2.602836517204217,-5.3705069265928005,2.813266170412645,0.48178732277736275,138.97552226547774,0.7733850786680874,0.00011976885713519317
23191,-0.881322161568793,-9.774027380828034,4.577762561640214,0.9135318709600541,234.7467740533419,0.35670169980906064,0.00011977620655333422
23192,-0.20642826333382658,-8.161310024813265,0.5236153324710255,3.369605521303839,391.3554891560295,0.01987001504335062,0.00011978710851162095
23193,-1.428375957235012,-7.5179554824811845,4.015012507673696,0.8076538262107974,158.79983971101112,0.19602574175305953,0.00011978873993350745
23194,-1.9812066711215088,-9.364164065033833,4.592146237202717,0.8008300923800569,203.10781488636312,1.3314915153755011,0.00011980073442222048
23195,-1.8577122528525951,-7.725200593813922,4.158263921179649,0.9297479231107171,468.20871760961825,0.3131289615149031,0.00011980366282556131
23196,-1.4312676460623912,-5.31297948258297,1.7847439359372423,1.0304872726828482,270.2001009675651,1.4259941695981597,0.00011980606196219682
23197,-3.199804082495313,-5.498373718912617,0.6633625845780301,1.1496883325411276,298.7302981116625,0.6855365561548457,0.00011982025966453637
23198,-0.31198394900808424,-8.456910869223758,0.364929306435344,1.504497275873536,346.29235090726945,0.266464758299783,0.00011982860586869578
23199,-0.020379821428957,-6.162790287795775,1.453150575260959,0.9320703325962825,240.72510031283207,1.3453486220184407,0.00011982884941341003
23200,-3.6828995418602375,-5.067037565917362,0.7992525655440158,1.804535287806514,468.1215616542186,0.742961399970949,0.00011983035017504594
23201,-0.5276215621051747,-6.403070891916115,1.280903607700128,1.139433568700635,298.11995017725957,0.30921263719404024,0.00011983204077415832
23202,-0.38447477649628503,-6.126368995926874,1.3113024526243013,0.9637251193137212,468.32237326782564,0.5067260939718983,0.00011984216985949676
23203,-1.5022978158257203,-5.814344199524874,1.7189388643637602,1.1418104515303962,467.80753256860964,0.4657805164314581,0.00011984582644258376
23204,-1.122108165011797,-5.322519674205496,2.872602871267346,1.912076020054238,468.64916361848674,0.6002663193068258,0.000119849991535264
23205,-2.2156745538974736,-5.788143491436343,3.010184346000792,1.1563919252934602,468.03200974215645,0.3824578753404957,0.0001198549273477511
23206,-0.661360996521692,-5.131876945303976,1.8712379179661256,1.0959318264296682,466.82090254027537,0.6786609780810577,0.000119855721073624
23207,-1.9398080542732945,-9.801543517922195,4.571610222626588,0.9967027506729484,275.7973167434734,1.2298159546365754,0.00011986948865803666
23208,-2.1464937658154826,-10.133860192744773,4.513034560867604,1.1765867105678613,307.9893301278554,0.5663762103670686,0.00011987338822346665
23209,-1.4580840100981067,-5.012672592082009,2.757381097631355,1.3804134049161483,468.7758195086562,0.3939603590774814,0.00011987365395200741
23210,-0.42041891467113324,-7.626400189831949,4.0975936534182695,0.695734225950996,143.550029123205,0.33734210630320494,0.00011987769646745446
23211,-1.5424934746766326,-5.488265970183904,2.893952734102901,1.7429137775702033,467.9550541604968,0.5488462323514467,0.00011987807079138849
23212,-1.8162245951083928,-8.856001674803009,0.21304947487631412,1.069684732041159,467.4299054867295,0.49685290313143415,0.0001198844296134756
23213,-0.8494234965592931,-5.067813731492751,2.6938098557930172,1.1021202360431281,240.3098273235053,0.1268723372087246,0.00011989294024939958
23214,-1.1129768775156652,-6.0018493401652355,3.048432492404165,1.1034148670349104,285.2681005655917,1.5813293185042303,0.00011989414001414389
23215,-1.4386195527055268,-5.04529379542507,2.699316759529563,1.3056012588037547,294.51706976375453,0.10391373802595538,0.00011991434774603113
23216,-1.0197755464833076,-6.414916503268463,3.293117283548953,2.238210352909573,430.31937093913604,1.8720064274433517,0.00011991925205420937
23217,-0.9737445619199363,-5.248949907258177,2.0626153398049993,1.3557766380789855,322.21891335461373,0.20475914312536414,0.00011992673865422923
23218,-0.13026128501182654,-11.374712214444601,4.405938493118889,0.9281338433653992,468.8176891180756,0.32915558054604155,0.00011992681916014288
23219,-1.9118105492190711,-6.116577973925119,1.6175885470800355,19.06552578523966,798.013005161831,0.17217321475627312,0.00011993832406225564
23220,-1.7699601109280518,-5.517901911342638,2.0345398722544608,0.8175551633046988,160.36037805664571,0.06273761041793158,0.00011995418278486478
23221,-0.5728727926506814,-5.80486482387198,2.9556377243171914,13.22637597758959,559.349209069017,0.08105752794879795,0.00011996114618872902
23222,-2.009445448334728,-5.408595356075731,1.7860761783151604,6.810597997283711,545.957400537514,0.03092904377179284,0.00011996779403216506
23223,-1.0439593942500345,-8.481057337569755,4.493517910405623,1.1256208380489217,289.65552354520645,1.3677181187214371,0.00011997050234095873
23224,-2.0853128693124017,-5.299168984225163,1.7492183316042265,1.8088771638364378,381.7133475454382,1.7874845798656933,0.00011997075226621497
23225,-0.5711316740014745,-9.51849633234472,0.07923347015800557,1.0811965583751506,277.3781475699386,1.3514288512083814,0.00011997589358491372
23226,-2.1966829476990597,-5.354392861964463,2.878021514812736,1.4899801691456513,468.33308857031693,0.10644581226819305,0.00011997910232062864
23227,-1.2378412718732932,-5.644275325629176,2.8402703302155308,0.9171298284126934,184.6936389553904,0.4115669031169693,0.00011998439771333521
23228,-3.869135441263757,-5.717688222836751,0.3924627456917265,2.2133367630652745,428.9432441349498,2.0541127739146834,0.00011998568328186793
23229,-0.9285701861903881,-9.58512779340963,0.056415920662815054,0.8934893980422522,470.27079363012996,0.027856711177459914,0.00011998669925048689
23230,-0.8179629501321948,-5.4363538865659145,1.8973748561105885,1.087250592195762,470.2697183304518,0.027950608329439852,0.00011999043040555227
23231,-2.338687518252355,-7.8380216106106255,4.182015300959461,1.8633197561924848,470.13576964910345,0.05754917449505026,0.00012000155467119586
23232,-2.022605778193177,-11.11209690955153,4.422783230142418,2.8198389216523,478.51120888550713,0.844778870293335,0.00012000242889800577
23233,-0.2797421444458408,-8.134387139417449,4.381071457565154,1.839756119980224,443.0157037409454,0.1882840453759398,0.0001200123067689184
23234,-8.007109827316441,-12.132435393808224,0.7447041919630648,1.1097397786775358,234.8068308054538,0.17115408394767417,0.00012002674818743329
23235,-1.8235721488574068,-5.080662400915218,1.8558122636736383,1.8203314210259984,434.69609198753295,0.28392893463179725,0.00012002675405046777
23236,-4.935845286016396,-5.592643591496375,0.08081571873654743,1.0389417898150215,465.61790633642073,0.5458605336269908,0.00012003131480950189
23237,-2.1399284819301645,-5.789860039485734,2.9482985672305517,2.3269813901414937,432.5985498834728,1.00853923682722,0.00012004115817269498
23238,-0.8350454404355379,-10.49592180949396,4.475202617198652,1.5409540160973338,356.89675130430993,0.506191931194623,0.00012004184888456756
23239,-8.525170468518919,-8.773112891090014,4.022299355571832,1.1575766685825315,378.7262759230341,0.4237197624036728,0.0001200452230566602
23240,-1.5583287373717418,-9.211817356733889,0.09096829526905897,1.8456547327252175,441.7383404872349,0.38408672081147355,0.00012004614945272066
23241,-2.652637872998012,-5.570652866505378,2.816836886413883,0.8017475219723741,470.5188178177276,0.026281160839096707,0.00012005496510055966
23242,-1.9990235802028096,-5.806874648245212,1.7247525311134024,2.440459137117231,452.67336254939744,2.538668965219868,0.00012005888546015674
23243,-0.11366722860042344,-9.118512616480821,0.14310120014168493,0.9780471755082607,467.6554676332434,0.4139762332088228,0.00012006648772363645
23244,-9.213772933397523,-7.975600310042468,1.269964506793492,1.0108104536822786,278.075950665587,1.5337424639470987,0.0001200774877707142
23245,-1.5695024147816987,-5.029920984729785,1.9926849113020024,1.7734817759414503,421.81419308615284,0.4134074514674868,0.00012007840493032501
23246,-2.3211867254663368,-5.963200420558172,1.3181712817103384,1.8938311782852149,469.26597143627197,0.6297737694217131,0.00012008049490811506
23247,-1.3485864852988314,-6.234688546563719,1.4368721671320501,1.8323855038560146,464.94887331935155,0.3583585863674097,0.00012009129052969851
23248,-2.034406972758852,-6.640312632211593,3.441623557416054,0.8792721155394684,222.89122260505442,0.9791447128361392,0.00012009601500105552
23249,-2.190323385069208,-5.795507582692598,2.9481859074715624,1.8390996556707693,468.4867052849386,0.8879375347929823,0.00012012761416714997
23250,-0.12455448209187026,-6.398555216775104,1.2767121608700862,2.3532199783156087,437.25336999146083,1.1433867798574395,0.00012012994927126733
23251,-1.30208597861815,-9.614225175168263,0.04668936633041432,1.2494809011338943,278.92940828600223,0.1763464125551213,0.00012013077419202583
23252,-9.351781410239346,-6.914421924147562,5.171674107406,1.731636860569907,467.60951257694353,0.1228184184204677,0.00012013098720953251
23253,-0.21836088585350488,-12.936492462878599,4.361879724389269,1.8131081521619434,468.9861719768779,0.6016661747423973,0.00012014444554446448
23254,-2.4620716915660026,-5.83414650395008,2.9617285974649206,1.288698861507723,314.2933746923662,1.0764986515567703,0.00012014654125328854
23255,-0.08504124971475413,-10.709366978835424,4.454239009843194,1.26167799826054,468.2303030545791,0.3119884201744254,0.00012014913352233578
23256,-8.587600146447379,-9.057909215301038,3.28736458989802,1.4799087189977582,343.9305366592183,0.9567272520551846,0.00012018190289480113
23257,-0.2632308976513862,-6.641655148134804,3.44086770762137,1.0173207244247413,242.88215242232158,0.44444331563822725,0.00012018326110704542
23258,-2.807706406473125,-5.109935568561874,1.5730589223687597,0.8800517842715427,468.0130732895286,0.20703057245123357,0.00012019446452914812
23259,-0.8856308918436984,-5.669268996119005,2.9090050828261607,1.1938429479812065,468.3910966814972,0.1782025807733012,0.00012019514826172734
23260,-1.4289039580970968,-6.010262827446919,1.5764294319990746,1.678373812473701,468.0108166221419,0.5488936811064997,0.00012020271241281124
23261,-0.9943910170847232,-12.41840856779612,4.358403746346026,0.7955182069189183,467.15799229253855,0.5339795564100713,0.00012020293503527336
23262,-1.6367966547967043,-8.742070106729376,0.24475743192538368,1.5151765307572296,468.5837617885367,0.434032300212464,0.00012020907773571524
23263,-1.0747201364257855,-6.210661338179573,1.3000467866418057,0.8007471208757128,469.1190768699279,0.08162795736420225,0.00012021250170642244
23264,-0.29082992559782284,-6.365381515026804,1.234940510249346,0.8916937565818267,371.44969839987715,0.8360926494391956,0.00012021310177060047
23265,-0.732582803204922,-5.454845565811901,1.902853828839298,0.5530952928672085,156.20012658189492,0.8144590499360698,0.00012021417268698958
23266,-7.776191469447574,-11.008123729912088,3.58466005622156,1.1666483560033554,302.7358910551065,0.6297537307246239,0.00012021994540934237
23267,-8.2907118514726,-10.198393128681962,0.9154249430559487,1.8259394220801286,435.8940508462456,0.2808577328893227,0.00012022664202389814
23268,-9.634844906301955,-7.669690017770983,3.7078911195364315,12.707543481903516,459.60491749825155,0.16755894973309182,0.0001202410317734656
23269,-0.5436869005596279,-6.067116867617792,1.600107017977115,2.1307664041228556,407.49556694836104,0.8353169854736509,0.0001202555641938628
23270,-1.56916918027801,-7.447954478423955,0.8530921834795437,1.6846905433883308,468.4944171786269,0.4918257397804586,0.00012025909766217887
23271,-1.701660256599844,-5.310430281463536,2.8571527946892905,1.6825561271748115,328.2950042435913,0.3967566289033888,0.00012026378466278308
23272,-1.7263481514155927,-5.565847455007817,1.6701323990696149,0.8782128774508706,179.75453945710186,0.8453392627581362,0.00012028443867702612
23273,-0.2130845152083829,-6.276406799653667,1.4499666727365763,1.3603337531091884,327.5741669265488,0.2601557025307484,0.00012029374233706866
23274,-1.8214427101203459,-6.03093629045757,1.3221855723641622,1.893686924445438,457.8350786620735,0.27453144862627976,0.00012030111383152312
23275,-1.824662672818926,-6.4200026759351685,1.2742463513971767,1.1057420810712815,466.12293690333615,0.6951012483685135,0.00012030725415132333
23276,-1.9246052064009476,-6.358237193719657,1.4724280953294715,1.3587794180421446,311.14744622941737,0.4016334217757018,0.00012030914892104486
23277,-1.0157388793248234,-8.512651830389196,4.4985511114021985,1.0441800912923296,282.76246443840404,1.2747980515516044,0.00012031266778877653
23278,-1.6303444830454303,-6.432601015868908,1.270106345008791,1.0309399015353014,467.69361012959615,0.5622666234136542,0.00012032250640655084
23279,-0.4122074789513732,-6.560404157992852,1.4084546563985676,1.4564211198443222,322.13618258515817,0.4274333649561006,0.000120339036172501
23280,-1.0974764234958165,-6.228870298133405,1.3128312781383602,1.5652934479241865,379.16706161953954,0.5467731461001044,0.00012034217259349021
23281,-1.859402478146123,-6.152807006212681,1.3038569577043706,0.5433645984747786,167.60854818854224,1.226977318440385,0.0001203550997967947
23282,-1.2423837045653467,-5.678685074491156,1.6347155570682295,0.7073986730933478,150.23727887337236,0.7312919840235557,0.00012037047360815935
23283,-0.1567553117754663,-6.767968304089205,3.515501786123062,1.1668690613444943,301.58352012187567,1.3915573417691958,0.0001203733260418761
23284,-7.3991762192197825,-9.728944941670058,4.94264594362078,1.1762537393798875,300.12746932898125,0.6751596756311091,0.00012037532286968144
23285,-0.2543906505613407,-7.000120234313585,3.621018053422457,1.467731024234858,329.61242728257633,0.2924837018398838,0.00012037836082000482
23286,-1.0866503994476524,-8.717336721339779,4.53985209024447,1.1161471326965446,289.4016046298353,1.1787907286827064,0.0001203834221923752
23287,-0.08336631910860959,-9.434906277900676,4.580164078591857,0.9597029247073374,467.72997415594455,0.6082638971570615,0.00012038618495119991
23288,-1.5655176893190852,-5.4690623288671425,1.643827671214033,0.9866690704360959,353.98433836860545,0.032905251797102686,0.0001203904938668386
23289,-1.599408001384253,-6.316114564652286,1.5007890584337296,0.7500644121049888,179.45648935198267,1.1153590659904227,0.00012039396213828557
23290,-6.733726106746997,-12.479980659394961,4.581154729046132,1.2784432664513479,309.5674013061251,0.8777592459713857,0.00012039596404243415
23291,-1.77949856371829,-5.42573462876408,1.9319307065990958,0.9382867400100356,254.17193181103394,1.1347362682281927,0.00012039994847394882
23292,-7.916183737649854,-9.16709378615959,4.72749316747864,3.270866873623905,519.8942218364417,1.3251269415955171,0.00012041401013179033
23293,-2.37533212175493,-5.796081555355674,1.649556803437388,0.6422683269577881,187.22467991766098,0.7775977403125447,0.00012042466836979714
23294,-0.38122205845735024,-7.9484046716870145,4.256941247041472,1.1398713125423894,268.1423100126363,0.13069154138037042,0.0001204265245079257
23295,-3.5133270094400775,-5.555181778284456,0.5100283663274235,1.488625391560302,284.83852657974796,0.07152318302457861,0.00012043025251503123
23296,-1.526530888733907,-6.604317797096291,1.1497355869172934,0.9880522424904866,469.8935214467154,0.06995579290201004,0.00012043312717808259
23297,-0.37570408461745686,-7.569734467233355,4.055513381454926,0.9093664951491269,184.79307199378226,0.04158185502803757,0.00012043403361235928
23298,-3.7844670271275316,-6.146978696932632,0.18415499577711136,1.8024948141808346,468.64296370211457,0.5765038457336518,0.00012044617308826568
23299,-3.937188846493771,-5.095950715882261,4.382737088949052,1.0698490318282228,280.5684009285827,1.6831782861693574,0.00012044973021521297
23300,-4.497424430403818,-6.259712552508851,0.04866306408908479,3.6724032458211417,547.135949223897,0.988426006686649,0.00012045285923614326
23301,-1.4970378521115997,-5.602025270462996,1.8479831698585703,1.367781785563719,306.61537333622834,0.8343046211292604,0.00012045472507430803
23302,-1.6621388015740965,-7.376951678763116,3.9160598876910884,2.3161175168784784,438.5544498609215,1.8944871489040942,0.00012045628063886394
23303,-4.0170678179384955,-5.668351786581551,5.0827674371271545,0.9706568916606373,270.37656222853315,0.6641768099123899,0.0001204709292748093
23304,-2.602497125683901,-5.313104576680968,2.0633880133870632,1.0125752034460362,467.22702704864724,0.8097586387059996,0.0001204720158127571
23305,-1.8435093873122597,-9.335188724029187,0.09401866739846343,3.452714417866829,533.7237773711172,1.3375138576718424,0.00012047435411819999
23306,-0.8036354614422372,-10.941016922729776,4.431447649159363,1.0671695603809108,280.5157753935168,1.7839297775540173,0.00012048339210596397
23307,-3.5648832573872626,-6.330688293894873,0.09763124700583749,0.9753795030962794,265.14823587873883,1.406666191515332,0.00012048958862421429
23308,-1.533844883998734,-6.4035992900330925,1.2264428807784764,1.0919104282164132,238.11408903400383,0.2406221191746587,0.0001204928430244596
23309,-0.5248744345074794,-5.030512111215575,2.1372913041634796,1.854244954200369,467.57108684097426,0.545275290433044,0.00012050947720261688
23310,-2.2299209749623214,-6.445527428134936,3.2612098587865366,1.201949244488907,300.73714321758365,1.7313817103862705,0.00012051124977705457
23311,-3.7928106807931874,-12.999886864053218,4.704426153090322,6.855106024528598,705.0190559980946,0.5059739071111222,0.0001205354225727967
23312,-2.2482007777970283,-5.006781042634187,1.8643480152675695,2.040322719708647,408.3146710279725,1.758288088814738,0.00012053631331754266
23313,-4.34787042409435,-5.64869200851497,5.151030596878704,1.1338780283847532,232.4644240369918,0.5972156094462386,0.00012055126634039497
23314,-1.3284395911082054,-5.585701541328172,2.0710925684611174,1.017866771816922,277.49953785277785,1.0134177458700862,0.00012055916300834972
23315,-3.7453975154946377,-5.715981223294084,0.4702735818127406,0.5623563977559589,139.09601657683646,0.7354941280323724,0.00012056831635472668
23316,-9.244732688340092,-8.1820292497945,1.572229352469182,0.8785565746805662,467.5668125635456,0.6087341028883424,0.00012056838613632136
23317,-2.0263376544143528,-10.28611611895135,4.491435976486172,1.0167966248617804,276.8522365360931,0.4234046270871188,0.00012056853257386488
23318,-1.282265839530634,-6.328240364665836,3.280788678805487,1.614574164226172,374.9386039780935,0.2454275466748035,0.00012057515519995098
23319,-0.18457449650131608,-7.030884645176512,1.016185913778939,0.7279330474028773,132.1757340073367,0.20341214695232068,0.00012057669671172361
23320,-0.7604048306568849,-10.834196077091644,4.439435987319782,1.9444361150880265,353.1333451261405,0.18011087016685767,0.00012057671921149104
23321,-2.1829972521002325,-6.220771413805925,3.1684431962559794,0.7328411811844856,221.1107643720016,1.3495486996075643,0.00012058928513964346
23322,-2.3932643900277792,-6.624164304262852,3.423255526545301,3.3370970391786363,493.71981170634666,0.24447240489099809,0.0001205980677652096
23323,-7.955328197071825,-8.630273959055431,0.2304870058906488,3.3708645955306205,527.0009087424663,1.2456097104694388,0.00012060334355214128
23324,-1.5524615137393756,-6.307568700030524,1.4840429714577192,1.1037728198936758,272.8594657628644,1.4522732147336121,0.00012061619439194297
23325,-1.5775980409594599,-7.500988122522511,3.9674479095425323,1.1693583848069244,289.42692678475845,1.0900168755609725,0.00012062013771965887
23326,-0.6655894283173733,-10.873947214053821,4.435637742018827,1.4892604779172731,467.91306005421256,0.2464101962083074,0.0001206260910980336
23327,-1.0187577325871384,-5.408348595189962,2.875637610372037,6.151229517296964,621.3084679307054,0.1672721331393463,0.00012062912695422312
23328,-2.422045392086912,-6.126309335672038,1.1870928531237948,17.376274989338775,587.5325447134137,0.08442932058723596,0.00012062975598947886
23329,-2.203300914253462,-5.50276995700174,1.6496297666421464,1.0278493721597368,466.894808422277,0.8972737180769554,0.0001206451898162984
23330,-0.4764366889554097,-6.018755478764081,3.0389002625980748,0.7633629204446414,221.45115087408945,1.1360425956481324,0.00012064578358644616
23331,-1.4739245586937475,-5.4579321166280925,2.0681628689182845,1.3849366957179707,327.0554698000991,0.24084148800306338,0.00012065188809524255
23332,-2.1688719204753584,-6.101962565422021,1.5891732869409396,1.798956258803157,429.3694105594366,0.8411227356222755,0.00012065976732860834
23333,-2.206868452028262,-6.538806902098572,1.3700111240900152,0.7101257363978577,467.89879858514195,0.3620350988658636,0.00012066947614445518
23334,-1.3219724610763564,-5.8760106444472076,1.6978275728052803,0.9135947760464276,226.32617538166184,1.1215164939936564,0.00012067418593419071
23335,-1.7106526383238538,-10.180631091226653,4.501254242216561,1.6300244933476327,359.5883151155008,0.9674279351391535,0.00012067523665350526
23336,-1.2925332673888317,-6.0271311958044445,1.5256145616375851,1.926511356254999,391.4560900563586,1.2181224575348457,0.00012067576739282595
23337,-2.388641036330741,-5.768411006152852,2.842925921622972,0.7983798560909529,468.1308907730561,0.2488053795811327,0.00012067981918419467
23338,-1.3816187073104196,-5.700499817202706,2.915167380297232,1.0083575022159568,468.0866651265816,0.3175222018108963,0.00012068013469923132
23339,-0.18150187014265917,-5.138591293769697,2.0112639657318794,12.607484418731469,518.1188800878892,0.12523877213946744,0.00012068477566592571
23340,-0.6405130192014887,-6.363092541668436,1.1969879214410595,0.7533180426244814,173.3646395034633,0.49927767248407573,0.00012069721177678472
23341,-9.708404600165727,-7.664832090012936,1.9790471414436248,2.52913477099335,458.10871530631346,1.5249767716656324,0.00012070733554928006
23342,-2.3007323332083853,-6.094550795124777,1.6155994062675718,1.0343156335710977,280.1683357233257,0.6543259314338785,0.00012072913490297918
23343,-1.565039240520857,-11.06231024212248,4.41967994024003,1.2700493080460826,467.9725762539902,0.6225477195165583,0.00012073572834476741
23344,-0.517434278294985,-6.092776738452135,1.6062150406705613,1.6793274795133284,467.9762010670198,0.34369705507645953,0.00012074031117381905
23345,-2.0295683040594916,-5.275702627879961,2.7803304386996124,0.8984866610644409,467.7217773204686,0.7887053350183004,0.00012074985643481343
23346,-2.5752977682762266,-5.669138118866046,2.0505094863683833,1.2760647573464887,467.9975758207624,0.36698914099869473,0.0001207577046087971
23347,-0.975588911311613,-6.716143726345493,3.4600479085218816,1.448556463298181,348.5083943856358,0.5214770690809649,0.00012076686674082034
23348,-4.073740723104119,-5.168868875657857,0.6873541681490375,0.8618108343002998,249.4800893387426,0.4452516328686942,0.00012077530467025987
23349,-1.3011879672347622,-9.873382764671987,4.530901993461298,5.251966202171119,550.985026593641,0.10533491108784165,0.00012079179568500029
23350,-0.21635400027531837,-6.14711605574713,1.62366708451022,0.9809408813144664,256.97794937661945,1.6096210149266215,0.00012080704622331795
23351,-0.6156282780846869,-7.194013867938136,3.7307074432362275,1.8778844536119383,387.17410829304305,1.351061593719792,0.00012080751416315506
23352,-1.944657718017396,-5.4102690453649895,2.7276740088544433,0.9225552338626593,244.5354043876061,1.143250777435405,0.00012080867926776172
23353,-1.4657631793815078,-6.866763514832012,3.5693434509361657,0.7288371091736784,148.8504023248708,0.44013493397750825,0.00012081625753408511
23354,-0.15482076969329306,-5.144450972529858,1.7632606002917508,1.386598692996431,468.51783856186034,0.6625010596142689,0.00012082610225131733
23355,-0.8860445914462076,-5.174256372447064,1.8679605370390524,1.107365548001888,334.014992140475,0.7447364626603514,0.0001208333433571416
23356,-2.2573658531969016,-6.980205183600753,1.0399391817434982,1.8430819982518287,467.55560400274254,0.6249419558241778,0.00012083348747780306
23357,-1.5176814955764844,-5.8783610466881235,2.961364684055591,1.1899440895942377,468.7247480347692,0.36158779741806146,0.00012083966420679018
23358,-1.3876625641905669,-5.604375013627926,2.0322307263014516,0.6753331903310447,174.7096920693175,0.05700033242825331,0.00012084840866464473
23359,-2.9466367431782228,-5.552237104043089,3.903772940992639,1.9460686005352867,363.3694808930492,0.41801187278399166,0.00012085321032601403
23360,-0.34696685900201807,-9.711360224931529,0.021824401726430593,1.0903035234456246,128.39284662686745,0.33308306761685813,0.00012085593680714692
23361,-0.04306999095106079,-5.8388186746975,1.5568491094389745,1.8769127368838712,453.0014003123546,0.20214506441938784,0.00012086235543115889
23362,-2.6550676244668914,-5.5582197489245155,0.8792969912322394,0.9401450102107478,186.6236503411773,0.38309743021619447,0.00012087117897177272
23363,-0.5501821710429731,-5.05850954801569,2.090032861248425,1.0675876862330749,277.14714497719814,1.537671689237465,0.00012087220260841087
23364,-0.15284605849893218,-6.863442870061315,3.5661927547304635,10.474338708696552,605.1600493704724,0.010512565977906618,0.00012088332941238711
23365,-1.470887749261653,-5.006806998652921,2.1045279395420344,1.0153397839154248,235.10693828257314,0.4724211055638543,0.00012088487321140194
23366,-3.149625591700003,-5.7985702592736565,0.5087899700686176,0.5562918675226628,115.5464567262409,0.2036121115488836,0.00012088519735307451
23367,-1.1045080169082944,-6.5282242687957455,1.2567434452004307,1.837021295734725,440.02137931560054,0.22318497003627602,0.00012088569055860581
23368,-0.017585127216966256,-5.841746282628928,2.994563946985782,0.9148535384026812,467.2999281909982,0.09585065739543097,0.00012089844818329548
23369,-2.1898219235883944,-5.271653516240315,2.774541503924819,0.8466238735308479,467.3839191824585,0.33119521338562574,0.00012090555758323034
23370,-0.6068950509832032,-5.024718562156673,2.1142033386328105,1.3344378688643999,245.71904899946796,0.060412688713193496,0.00012092481577965356
23371,-0.537572922321166,-6.10095473484097,3.1179379341344835,1.2155189771276012,247.12932310896068,0.16484192641999496,0.00012092666543056899
23372,-0.15256494626298434,-10.883301013155535,4.431871256998878,1.0047148639400554,273.50822905290767,1.3824160735198836,0.00012095378483867667
23373,-1.952584309082523,-5.026975840305387,2.1090048182388808,1.4506368286477995,348.2710896243782,0.5752761974323306,0.0001209547707918788
23374,-2.4680902521441084,-9.648062526954531,0.04132906161581352,1.33644093973954,313.7707630606353,0.5423272182688992,0.00012095874594891916
23375,-2.0482691861791693,-5.842237100175452,2.9447619264241185,0.9150837390788761,190.17758020388428,1.0920376656489248,0.00012096189188307672
23376,-3.4584446716779684,-5.725650430992304,5.016774568765215,1.0282466858093235,468.0589994772247,0.7074458733676954,0.0001209654416467641
23377,-0.6928660127930613,-7.473472527742613,3.945014843129433,1.023088065062582,202.90246799186,0.9142251210449013,0.00012097456404228858
23378,-0.9580255991813633,-5.830175411861503,3.0032356617642852,2.3102373319137297,439.0340742986044,2.2405301629611456,0.00012097970109330205
23379,-0.5156242954739483,-5.150340295008968,2.0585615728428825,5.285923300670854,636.5603697786232,0.558665327696052,0.00012098262606841097
23380,-1.1101727482889032,-5.6115124758428045,1.9481968876081004,2.9532987413554213,496.8217684336169,1.8542260881931503,0.00012098394061999376
23381,-1.762700039604896,-6.664402774079181,3.4400711355024582,1.909637229350075,468.93788326228986,0.49790674716272054,0.00012098964193188137
23382,-2.4922679133683676,-5.280181570388258,2.77530001303316,1.0867742805208414,468.0619407529684,0.8433155374377694,0.00012099512760152437
23383,-0.8548285071259176,-6.267353306470526,1.3138523275890583,0.9718092992853631,206.5749170599954,0.004238420297257406,0.00012100153826585195
23384,-1.9229052792946018,-9.568817704252616,4.567477316857137,1.1777864262904676,285.0543543036486,0.1525492976303564,0.00012100613254684945
23385,-1.975458686651212,-7.09025978574245,3.7004051724642393,1.15374250991721,275.83936794302133,0.8853192479039427,0.00012100992405645395
23386,-1.2354601854781535,-7.47012796292874,3.942356051372707,1.107952045382041,286.46969275117135,1.5417512160756344,0.00012101106216648164
23387,-0.48599266686238707,-8.16048014784479,4.3826230738334955,1.0479393297689834,275.1260920156424,0.9740472454898752,0.00012101687923271899
23388,-4.161156615691624,-6.218104567602587,0.12574918762028242,1.7309900093471349,408.84389445102056,0.4041513095089435,0.00012102967526704822
23389,-1.3743503368456729,-10.93386708390684,4.426955205823913,1.007778642828821,375.6048200766145,0.15102133061216083,0.00012103756554864044
23390,-0.7029591026304303,-6.881562876219729,3.5750705322953804,1.0407370996055332,279.28182333257826,1.424943551440526,0.00012103875102189824
23391,-0.9086696727114649,-8.479484327634673,0.39727747806994407,1.611786390338161,375.96825498240486,0.5974876914310316,0.0001210405051701634
23392,-2.4362997891056484,-5.684696217139169,1.7986312525803463,0.9619267183307488,469.3737097639899,0.08396763775041549,0.00012104426805788274
23393,-1.221498748307729,-6.302802402982513,1.4293033389840475,1.3494820056640109,308.38278133960017,0.18519943480364365,0.00012104782074137652
23394,-1.3027051373572114,-9.870760405049595,4.528943426570864,0.6798461349733828,137.60727945045394,0.4440934091930355,0.00012104872413847611
23395,-1.9452627642947,-6.545767794375766,1.3339184512398656,0.7847458372612861,178.0246970296427,0.29656219289250707,0.0001210501452514276
23396,-1.4229976702196652,-5.547107679910855,1.877403799287478,1.0909324165755339,285.4573234690916,1.0127793993108343,0.00012105028164791781
23397,-3.5268532068285072,-11.291702889070011,4.912167065104058,1.1179220271160561,454.55801952044783,0.41054773431200076,0.00012105136026703692
23398,-9.152896978781165,-6.256127272564277,0.5412156999054254,3.05090696948555,504.067752244362,1.6484551813893527,0.00012105855928688447
23399,-3.7609243741154117,-5.477404787765338,4.63616521105884,0.981749121890854,238.93983001728895,0.6697651433673775,0.00012106664088505658
23400,-2.3795767599124655,-10.14918580312726,5.130203127727621,1.5170246124305335,468.1293096177475,0.1745699784741932,0.00012107145163069127
23401,-0.6525152473318272,-5.5507535477613565,1.8946050123868496,1.6650301236327536,463.1974744984425,0.7021511511114209,0.00012107202604814285
23402,-1.8802599919915526,-7.496040040227712,3.958528270054264,0.6074065979133703,191.18001462254264,0.5174747332928291,0.00012107586413644444
23403,-3.3354334096197524,-12.6493485809184,4.72398614679693,1.8842340562253985,468.7563524971456,0.1733663706089832,0.00012109074123794702
23404,-2.11885820769409,-6.711752756515284,1.1068109048918167,1.8139026263610931,431.4252680452525,0.5471761891919948,0.00012110112087825259
23405,-1.7995213618542412,-6.140395595725326,1.5929638936571502,1.8050181037867,431.48996404159914,0.008214562473360942,0.00012110274103328142
23406,-0.8142208650263818,-5.056644749030018,2.1126789638027406,0.7432064331631215,431.91576869810393,0.23329855883292172,0.00012110787707499343
23407,-1.5434681076641876,-5.446747035431427,2.8736047818757022,0.9412878364119774,468.0144882814992,0.18794497525269804,0.00012112084488572888
23408,-9.988292943555075,-6.907378829456981,4.228467527709745,1.7665349776008072,332.80088918827175,0.13006872730434083,0.00012112551642437081
23409,-0.33935601918819813,-6.958194624383059,3.6121887301225275,0.9576512645223397,267.43198036574955,1.5996888415865627,0.00012113486211719466
23410,-1.2840719345042437,-5.160559854343637,1.9950408599563658,1.2874759014152564,279.6177046602184,0.9084980511405698,0.0001211551722152219
23411,-1.104848309261218,-5.309833572380826,2.0118983399696084,10.043824773321637,567.2001085917218,0.02643460199001968,0.00012116610471215625
23412,-0.9463052754424641,-6.022508511780727,3.083696989112595,1.039435232747104,223.8350118400609,0.31061175234158966,0.00012120115488499439
23413,-8.332466652607872,-10.130278341673993,1.9167496473500105,1.5554255745456502,367.65999309116376,0.5484542237176226,0.0001212074619310318
23414,-2.186627369603052,-5.999939285800915,1.5362704681558994,1.2087600985753004,283.22023163822496,0.38912366369651075,0.00012122184252028032
23415,-0.43624652833717015,-11.102337234224429,4.412135387415992,0.7140819350687803,178.2725470124928,0.24347483683526594,0.00012123107981624677
23416,-5.360786862466273,-12.831259808247566,4.7475596311067765,0.6971778356224674,160.78152759324306,0.08601472466697668,0.00012123520569405925
23417,-2.400936912041672,-5.974368540588517,1.7200568264058764,1.308631857556871,323.79098185630204,0.41411124164708024,0.00012123589403584527
23418,-7.659279554317704,-12.554414809598581,3.515290480258217,0.9580418537788591,467.4021483732485,0.4279772983851027,0.00012124215887606671
23419,-9.111778686831927,-7.721998509449156,4.636135592975662,0.6163698080359568,130.22977803124658,0.22012437555707098,0.00012124393445203073
23420,-0.01703148620388717,-9.186711850734014,4.562329947708598,1.2955404880309838,319.9155861328065,0.42658905082481624,0.00012124411308805358
23421,-0.7289090366030049,-6.7559720516954425,3.4960343329791237,1.0938830288265613,283.01968236040085,1.7928679986356642,0.00012124882272197348
23422,-1.390981858190365,-5.729568855390284,1.8185991561628108,1.0702430773872655,277.44034726826396,1.2475352746989339,0.00012124998063808783
23423,-1.1642011590267138,-5.938138651140789,2.974589302331967,1.8347916228991463,437.1213230166792,0.6020904684723094,0.00012125384013669624
23424,-0.4540998337235216,-5.536534814275809,2.856064487009806,1.8604543145787706,467.6471149874352,0.5816022226986997,0.00012125970869154325
23425,-2.0009383473962377,-5.4384950540804455,2.721787900367265,7.8944877220999565,551.8467277175133,0.00017283128359135702,0.00012126390384087907
23426,-2.7009681251036124,-5.749468377756834,3.291768538567364,0.6408784209410031,178.68455376785798,0.9054395166159486,0.00012127174758717992
23427,-2.1564500891930516,-6.387211473705511,1.496276576562441,1.5283310820190559,382.84728332678594,0.5815332372476503,0.00012127247940361505
23428,-2.1830598400212864,-10.44520879197491,4.469201640123386,3.1964361601196165,506.38227894213276,0.6836118641943383,0.00012127288136855641
23429,-1.9811722052659704,-7.500231774889466,3.958765737040834,1.165535661519738,467.227243894685,0.4530526894051965,0.00012127619554781624
23430,-2.219052403876871,-9.116543633608579,0.1875360840936455,1.2016273185414712,303.60982919164144,0.63010458793309,0.00012127843390812879
23431,-2.3504813694355544,-5.6311192182635645,1.9569436183424969,0.9239865213699666,183.38394095557032,0.17478468919503243,0.00012128324517666955
23432,-1.046466318540805,-6.095345113594521,1.3289551330958531,0.8761269345706915,248.1133863224007,1.1126046670076652,0.00012129104334987084
23433,-9.823131406613431,-6.556600231235801,4.664612868173331,1.9002634767269915,386.49242730764416,1.0242822250085863,0.00012129192640799417
23434,-2.2737212756846628,-5.658273911820949,2.072344198616128,2.3053687665022413,439.13827993566764,2.331556892835011,0.00012129722782399925
23435,-2.067708203322768,-5.096166071367793,2.0974725540393813,0.9072784520236314,256.79576659492386,0.2278815544322148,0.00012132473526002239
23436,-9.664555892923675,-7.475578526446503,4.031829172798876,1.2590525419552254,269.8854663034787,0.28015953206214483,0.00012132523888572568
23437,-1.6210107112398155,-7.299628557322408,3.8344525657783683,1.276416776946926,280.3190660196398,0.10733890746204278,0.00012133435378786611
23438,-2.2531239358901605,-8.686518501492632,0.26855398376449224,1.3536848793554344,320.8763636028765,0.3618010817472408,0.00012133626820472613
23439,-8.48485120248124,-8.753909625493018,4.143029507078736,0.97714707669075,258.4895594576252,0.9784521459022688,0.00012133771285488792
23440,-0.3867423405363173,-5.914463543981221,2.911649601928815,1.3155439629412746,312.33526061075924,0.1849379237134796,0.00012133782817931765
23441,-2.248159316894368,-8.485044728951468,0.38149177774087606,0.8292979159524478,242.70634252712554,0.9633734088899786,0.00012134239682661073
23442,-0.028609463624842846,-7.015992642393625,1.060376068010499,0.8109195849379213,386.7634320971704,0.1470558601562848,0.0001213426014602163
23443,-1.701303742295881,-6.200560725345525,3.1424884074641493,1.1660741249381872,298.17528642634187,1.785542958674796,0.0001213437686480251
23444,-2.7058871371617883,-5.4495222392071145,2.1352726965407665,1.1272885290574006,262.66216311917805,0.5144907238336076,0.00012134999264068527
23445,-0.3927646941463916,-6.338549363822842,3.2333925901839975,1.8425508361674163,444.8303885886929,0.15082033131227224,0.0001213710502768785
23446,-0.9565426138319086,-6.669401818187989,1.3952610764540996,0.7759232507571495,196.85813027006034,0.8806558940994389,0.00012138643274007978
23447,-0.04045895200032312,-6.061994578314043,3.0909373457289937,1.4861587337797966,468.14166788775736,0.9314918764745999,0.00012139104022107643
23448,-0.025395365412618887,-9.203273612149738,4.563582384165336,1.6997301062028556,368.5066724366984,1.7942207325197188,0.0001213969194326618
23449,-3.8603574371741534,-6.272583157850572,0.16675452857772768,0.6263609118590865,183.89787390254426,0.7660558328545948,0.00012140052801605534
23450,-1.7170877371897593,-6.321602290789374,3.230247921321132,0.9678854376019294,209.763281787595,0.03647205099849682,0.00012141876037758706
23451,-8.363083284449077,-9.936038951051396,2.341836703646507,1.7650178910168406,363.567463486427,0.22877138042046852,0.00012142275877637023
23452,-2.4142310770081536,-5.953715785462406,1.7083628357207727,1.2446315905316834,302.0976505414209,0.4638477191718291,0.00012142334124533123
23453,-0.9994816206736861,-6.3680509881843514,1.4145010856282967,0.8852578181311626,218.28853141530234,0.65781804105682,0.00012142584268367933
23454,-0.21414035197008907,-5.119863014758807,2.1206164286192117,2.6216452606839313,467.903071332953,1.868166544818716,0.00012142788024838639
23455,-1.6300119302200304,-6.378249266087009,1.5009608709281468,1.8855222967666567,468.56643270081344,0.5789537992185219,0.00012143192684573377
23456,-2.0696461887260407,-5.684809003533365,1.7768524253389966,4.291823070392255,587.3632370125757,1.0091573928405895,0.00012143498034481927
23457,-0.3493053640580399,-5.229035673954431,2.138878517489754,1.8252521953070526,468.1057085708278,0.7340645381534667,0.00012143960943964895
23458,-1.8127260506380036,-5.043040462632586,2.1005557549654656,1.4302215975942054,343.1622788655389,0.48988149466109476,0.00012145431390673651
23459,-1.9510658934039604,-5.061903833661586,1.9083973699870207,1.6632784964777978,348.6821045761509,0.6554313104000968,0.00012146116075653389
23460,-3.20064042242831,-12.727800077391445,4.772314682010524,0.8755161360900215,181.316404868002,0.2937043230213954,0.00012146993124032934
23461,-1.809777528738767,-6.764865498823173,3.497709043106854,0.6142019865614653,139.40427283374405,0.37530791758116155,0.00012147406920198119
23462,-0.3303343335865634,-6.818994593555716,3.528782020938899,1.1035516908606584,289.2073590438671,0.30432413879761455,0.00012147590650344277
23463,-1.2817250103138953,-6.356556080731666,1.4158043629454027,1.6056802110431077,369.9036078081833,0.08212438027855207,0.00012148396477389222
23464,-1.5793158110155918,-5.038681139775954,2.5908716913676124,0.9385874952029339,468.1667621594027,0.10652802484553892,0.00012149736895618545
23465,-0.5800293691634408,-5.904124719988652,3.0129842880405744,0.7348466886504305,135.20113745693945,0.24351604846983665,0.00012150043442541402
23466,-1.14391953333047,-7.012629142744988,1.0767852079172546,1.285320768483912,267.1260382028169,0.08558443714858122,0.00012150052396805594
23467,-8.13849449842899,-8.625498458516441,5.048699188420079,1.0271309436820089,257.3623910065162,1.0318210403610877,0.00012150602710062189
23468,-2.0240286798558387,-8.154328492818099,4.374908348029945,3.961855066135568,567.3374291635563,1.092984651838857,0.00012151350476583579
23469,-2.025550850516286,-7.697490947225526,0.7295861216057553,0.846649817744314,186.0706320313252,1.0450113148939044,0.00012151453348194128
23470,-1.6568200061064946,-5.706076064008412,1.9354623115680034,1.1894293245809697,252.1370164264643,0.8826038302668229,0.00012151525297978528
23471,-1.3325959298118804,-6.276547283053527,1.3231466412736999,2.465789705734496,319.22439312183883,0.01148304611250417,0.00012151575598821986
23472,-9.297644897004197,-7.0590721150377265,0.8229118226615857,0.6047239631724104,124.60049189420975,0.93396999609645,0.00012151678730965374
23473,-0.9477955439980761,-6.559854249878054,3.3462488949176663,1.0454924651636082,255.62868047061562,0.8755350240307438,0.00012151777134783823
23474,-0.24101452851000715,-6.163079298402257,1.5966848945322605,1.1519291278686616,262.8017069082079,0.42294530129363306,0.0001215218222020454
23475,-4.256992613966164,-5.558864125571543,0.41034205794473017,1.6584716884119672,334.3674703918357,0.20657225353486997,0.00012152194411279722
23476,-0.10713012173131986,-10.381914147858735,4.473335272308098,1.8274516179281353,385.75870709368354,1.9355814955081758,0.00012152225743003593
23477,-0.34278780438456025,-5.333439229705543,1.8593883930869046,0.8780319812988461,269.6308952878261,0.6351396498473294,0.00012152839037861793
23478,-1.1673317937460759,-5.790707053401796,1.805013318686709,1.239172635808115,468.7239338161232,0.828373591885156,0.00012152968499543145
23479,-0.511638799330763,-5.254799894664591,1.7667357633083793,0.863169151540335,187.3444714635627,0.028161687030062943,0.00012153078939142957
23480,-0.9290817291708127,-5.803079141108403,1.6378449892633589,1.6109396077551519,377.90586980913395,0.2842079132840487,0.00012153451653951973
23481,-2.7084677395392287,-5.214817977366325,2.7345813426008574,0.9348109461741636,469.9370177472015,0.121962311905361,0.00012153764241462524
23482,-1.40526172997712,-5.306967589909615,2.765695569115085,1.3210813606581027,309.4233646250577,0.2781208932267578,0.0001215408476236153
23483,-0.636897675083155,-5.462422788716453,2.732233350438007,1.0589720005796253,467.47023622510363,0.31887496913681534,0.00012154155189396493
23484,-1.297062655352173,-5.9505066101264905,2.972583828208146,0.7678008837349865,175.57240982349617,0.38888563770645934,0.00012154428334034914
23485,-1.6839427295636273,-5.8969323643968465,1.7308123076611006,2.227662713090299,430.48642648387374,2.1793003386885426,0.00012155131355242815
23486,-2.2629710134592065,-5.954334121773386,2.9738688979937664,1.6828228935093392,360.31027977796975,0.593311819091686,0.00012155543353774498
23487,-1.1951685105708911,-10.432933209366112,4.467878683471996,1.2081954402188908,279.1217754555841,0.22722325208474192,0.00012156162745371741
23488,-1.7344543432390722,-6.683085061548813,3.4411081719082266,3.569831707109433,510.12534185412835,0.2428561001360663,0.00012156801838720227
23489,-1.618338513834754,-5.467266997167895,2.8670498546445624,0.9488500969462171,468.9894432302505,0.14728037849742215,0.00012158114953207247
23490,-2.177446243159441,-5.683811765987525,2.0715112566322342,1.7819911165680662,424.16965141201985,0.2800067903112078,0.00012158334769162377
23491,-5.018843366872872,-10.609291841937232,5.1709280051345585,1.2936132630593058,283.2038887440817,0.23130795980299368,0.00012158438357742441
23492,-0.3850390849358867,-7.0325214265428135,1.0409387972400523,1.2163306409610923,308.64250712105064,0.5187560762779659,0.00012158510584579159
23493,-1.3941102854417657,-5.386096093749521,2.787010222877893,1.6901871167430136,363.18054226665964,1.3142916535044469,0.00012161698281830345
23494,-8.022543240253787,-12.348974332414132,1.591312961210045,1.8925776147877529,469.50910323795694,0.06343935298852621,0.00012162442678472154
23495,-4.485607130836986,-12.873139862782402,4.7212206301441855,1.6978850436908677,399.9270221556881,0.2536596867111447,0.00012162531639640624
23496,-2.741355453691402,-5.620655025023997,3.3442256149360157,0.9612013565491887,203.1958683377023,0.23486562926548427,0.00012162588036709742
23497,-3.28613444242259,-12.635764998732865,4.7324952619628355,0.9869084366975177,399.47798672075436,0.635860488636184,0.00012163033868154509
23498,-0.6713338684285439,-7.916846437793724,4.210240059426272,1.0333830386080178,277.9854049096044,0.911870333171338,0.00012164194578302889
23499,-2.2830699650242794,-12.229040473656497,4.487634739484516,1.0982356997966591,467.602774099391,0.5605731634521565,0.00012164309918740974
23500,-0.21257946154973517,-6.701683528167501,1.09624890886085,0.7472527645851975,219.8574583058497,0.5781728669138024,0.00012165181606812805
23501,-0.12871562144926685,-7.475730383378993,3.93787175207438,1.893386796433262,469.5324449872027,0.05978556343587993,0.0001216574104211516
23502,-0.0920912262653566,-11.831689904608222,4.371939425969532,2.610332873467514,448.75220013646054,0.5273758778638742,0.00012165963651141548
23503,-1.123952473439088,-6.076318725250273,3.0415159079607035,1.013672486773142,247.13084579494753,1.321506993577949,0.0001216636151505954
23504,-1.1820380441561706,-7.550128557056136,4.030317469660291,1.598749670665816,355.2551645771799,1.792970601778027,0.0001216692422179038
23505,-0.2904190210055706,-5.804085199116639,1.6344037563767937,1.5923523059546827,467.69648525948355,0.48802717009498586,0.00012167706952649769
23506,-0.8784794796511282,-7.782927245786296,4.170836073449598,1.2775317580369017,227.31466031860876,0.39610881003661547,0.00012168754200007976
23507,-3.1771528730121865,-12.782477475209566,4.787577862326853,1.3244111138456942,470.35511291608935,0.05739308650018682,0.00012169046651064805
23508,-2.388221163139712,-7.827168508774131,4.371355729864584,0.869738759750217,228.74162839330117,1.4703415351003768,0.00012170075642313512
23509,-0.7631834651815392,-6.81191604219531,3.4788232444465783,0.8638842492044672,467.8812822752317,0.6833323576222403,0.00012171826705970554
23510,-0.4307857140141973,-8.65968452964725,0.3119364646769102,1.0220821127810822,203.4997165659897,1.0193455360940211,0.00012173700062140873
23511,-3.923242497896161,-5.904000953438398,0.3105924102931008,1.5172738707764784,468.38218789519965,0.33206119467950845,0.00012174231646920764
23512,-3.9102796915244564,-6.280183504688915,0.1475052075242666,1.6618581776058927,386.4523330517302,0.47155339035186383,0.00012174269927575674
23513,-0.9980751862276609,-6.180974979112983,1.3033025825616766,1.6946790616256195,397.213068606838,0.13111671039051398,0.00012174310170936736
23514,-1.5110402674515147,-5.065467080531052,2.076169617889193,0.7109463906939639,144.74468769448978,0.00805172897184292,0.00012174542043738606
23515,-9.780804114833371,-7.580701473189689,3.566778477505603,0.9378765588224116,251.91953004677927,1.130347040082527,0.00012175012829298746
23516,-0.5739795605085245,-5.723620826674279,2.9101241381290532,0.8509776916036224,188.7784527026577,0.5373268661453681,0.00012175643951625067
23517,-0.7294966187359009,-7.8670314592413515,4.195486528753877,1.5983734689035465,467.7672903837687,0.19275699157020743,0.00012175653335726137
23518,-2.142814463453808,-5.053699574149343,2.6034109442658466,1.6540670477843216,470.03397221784894,0.2344267853130253,0.00012176988955683688
23519,-1.728831506148424,-8.614709104708593,4.508712628487341,1.6464207734414649,470.3712932154918,0.08638856516454307,0.00012177046235592423
23520,-1.6536653491221678,-5.681715151152904,2.832016956140422,1.2599367742129226,313.39163559884213,0.2501152538115319,0.00012177684057358817
23521,-1.316929345442425,-9.444306267640727,4.567514549970532,1.8398437876015785,443.7883095708766,0.1400496853190658,0.0001218004134654567
23522,-0.5407782900932396,-9.543778393342517,4.576284134596402,1.798279827573791,428.1172410534696,0.3406056059320459,0.00012180424631764762
23523,-3.6142543714042885,-11.410673274743024,4.883095317621571,1.6742115030154168,468.00875460130555,0.37208843826127236,0.00012180801759039794
23524,-1.9126058552497724,-5.418592988977592,2.0166207200652675,1.8660417389158144,468.06788191192766,0.04539534075330476,0.00012181358894844383
23525,-2.1000460934400866,-6.756145448020886,1.1795378350049432,1.82530384261493,436.2969608824474,0.11413279910910479,0.00012181541941202708
23526,-1.9388239150582294,-5.193487941892662,2.1323441269260957,1.5303905547730368,347.50415207134256,1.9575145438163508,0.00012183886800746901
23527,-0.7269459951062682,-5.693815795783929,1.968366436199357,0.882299812044853,321.92693029227166,0.7664216964890427,0.00012184538609553102
23528,-2.2997233436312747,-6.42600964280587,1.4889709885554556,0.8201324216423265,181.57240864579828,0.32340115640668277,0.00012185353704930646
23529,-0.6056742789028835,-9.339783662193266,0.1018079022682926,1.1555677050736755,248.90357658770128,0.23924829666195713,0.00012185555849054226
23530,-2.7365696452620956,-5.202690267674169,2.488445251044281,1.6457549436373071,384.59178035656095,0.7489411828630574,0.00012189639193796078
23531,-3.3924417186402103,-6.529212487526247,0.026907957903152147,3.668343527911685,473.5781193735589,0.11344234227272665,0.00012190391782354652
23532,-0.9834892072526547,-5.505352308760651,2.862360224664035,1.6802731180595432,363.6460691563875,1.4797126495174302,0.00012190821604031715
23533,-2.228456066212675,-5.186726193728005,2.6124861127849575,1.696933556126269,401.57276037472724,0.814296758904149,0.000121925047918488
23534,-2.0778028863214164,-5.343094432410312,2.7621941670587575,2.045726349607726,409.58345003839634,1.760397408645864,0.00012193466648242693
23535,-6.065501069501721,-12.643055849859751,4.7468054854405555,0.9779075013232406,467.6622825799452,0.12599735269021384,0.00012194537844396016
23536,-2.425950420301062,-5.880678498021106,1.5220432008829268,0.8135332937235391,470.18984244326606,0.054904305738060266,0.00012194712121916656
23537,-2.4292204840675584,-6.535358821530705,3.323260007683267,1.3546859988991389,468.1856987521325,0.4379400027385403,0.0001219491364267421
23538,-0.6054806234176393,-9.556166617028932,4.574273282735866,1.157438267907758,229.3951546961049,0.06770016946697321,0.0001219636282481643
23539,-2.1921930550608675,-5.3793645338318825,2.7751168253419944,0.7696450736463283,205.85184446402698,1.1196037057931756,0.00012196523165195702
23540,-0.9242228965627515,-5.907944786637991,1.8501088256269087,0.794407743017302,153.48839878032976,0.23760754224653713,0.00012197002735295042
23541,-1.769530554356555,-6.442716393412359,3.2522006732226703,1.2291682114967646,257.2023263956945,0.634709191951953,0.00012197014783638026
23542,-0.0678450854415793,-6.685290255694154,3.3880362061869853,1.1307643202107303,468.03963311359007,0.3856480863964338,0.00012198275935774925
23543,-2.0710780481852984,-6.290395240331418,3.2054440518428127,2.46324131542938,444.76514314463196,0.3312095810538507,0.00012198522856653636
23544,-1.5833926860202894,-7.673350064005529,4.101521509777104,1.7417224268427391,411.9552146910198,0.14433685582321587,0.00012200869832614034
23545,-1.3824830360650644,-6.332587459314319,3.2234206009507296,1.0281994554961138,410.84492775992845,0.9014285626533658,0.00012201839063397041
23546,-2.2753619655949517,-5.067447980691228,2.0954588060386126,1.220519919897521,266.6594420303024,0.13398341353440824,0.00012201872941183
23547,-1.4718381406353185,-9.482331856992225,4.577558055362348,1.6706028373203763,468.1090746087561,0.43887701597311146,0.00012202140880652694
23548,-3.816231764579335,-5.724579769013694,0.47810447394215855,1.0762379311647057,282.73040151914864,1.5985382704181434,0.00012202373306851921
23549,-1.4843702073185785,-5.953531047082587,2.962265392532916,0.7006928401869841,133.8397973129367,0.27593929435377706,0.0001220258174215133
23550,-2.153496973906001,-5.643111855708735,2.8313355375166043,0.8580822316387676,249.36028436502463,1.2649374801428737,0.00012203835838533145
23551,-3.880224664164781,-12.20774228621635,4.759439251876876,3.0791036039991453,497.9241454988158,0.7278339521095614,0.00012203889516031705
23552,-4.90371040985853,-12.77283719365501,4.736615214249707,0.9447966608265234,468.5816000856922,0.4684673027748749,0.00012205981639362035
23553,-1.570892077549619,-10.834914969190228,4.425884614092093,0.9632182161753844,468.3800258391736,0.5287959904250075,0.00012206371482913019
23554,-2.5389271655890413,-5.688952697828746,2.024692394551479,1.0260238967723225,467.6542424188149,0.6562129817308895,0.0001220769963723372
23555,-0.5750653154129903,-9.122879799609276,0.16571024139765678,0.6307433762896966,140.0877741345042,0.4232863432350227,0.00012207867692266738
23556,-1.882604104021647,-7.737788206514425,4.139795194101278,0.9085967516226853,181.42992417287567,0.9337227747723107,0.00012208108346100144
23557,-1.8655270778744288,-6.106285794062657,3.0454614383496077,1.1410375759349471,467.77180412720287,0.2937239728750667,0.00012210037668774546
23558,-1.670332682226956,-5.574952763280131,1.7856697134695299,1.643388048856734,341.89123804139933,0.21651808654157456,0.0001221022121636472
23559,-1.3490295856112837,-8.02711585597633,4.279952328419213,0.6921820750401909,467.0573623388936,0.3801142399406485,0.00012210856897330974
23560,-0.2165815484109661,-6.192182501213646,1.603420619650714,1.072369353499128,262.34684961991866,1.3010647738526915,0.00012210936891644437
23561,-0.9615022350629481,-5.9035758520146375,1.8444271525688596,0.6953205262320393,141.4298033858688,0.6580426545004086,0.00012211090043077653
23562,-2.5183223859354387,-5.390631235598286,2.7757139085694704,1.19386454581774,468.057158746537,0.18314900778758503,0.0001221122928500715
23563,-0.4998412531952674,-5.65242823878631,1.7402532003081241,1.0395442914831847,236.51211422621134,0.06090313758765298,0.00012211265495146517
23564,-2.1952790704999074,-8.608438011372506,4.5043496689115825,0.9218706226024599,467.8641357934,0.7669865931060986,0.0001221136973210809
23565,-5.223004810669346,-12.27743260456689,4.782376139253592,0.7744513864342625,196.62625886929854,0.3947310826199599,0.0001221139640073515
23566,-1.6648144736006838,-7.085388527222965,3.689996366888084,4.283185938766142,429.5174511199477,0.012771828922070405,0.00012211930336386386
23567,-1.593582546785914,-5.502612359639283,2.8082948716470186,0.9772219338530448,238.87931623456217,1.1346738231663638,0.00012212341395678231
23568,-1.611123933905052,-7.284517687705276,0.8769160483522656,4.907512634051706,608.6129916067858,0.2900731028296528,0.0001221280597103564
23569,-0.969514703188338,-7.031320413820317,1.0292721789993344,1.249164844853941,278.0304277242804,1.0321865169182463,0.00012213044132802946
23570,-2.214900220809567,-8.549623052771866,0.3275132881129568,0.9710229821250277,268.2245179766707,1.554701831929286,0.00012214136604202428
23571,-1.9466344192738099,-12.812509412187522,4.403788965541009,0.899901491249511,248.7674166017715,1.6314744539365806,0.00012214311777148444
23572,-2.4138327824905463,-5.290903452719872,2.008346792345652,1.0691243304251026,279.00796186545006,1.7287464041990273,0.00012215094856792575
23573,-1.348450820395989,-5.335948101571162,1.7698508483545428,0.9240779906527257,240.0894639774878,0.12361077635944362,0.00012215293057937676
23574,-1.068764293191201,-6.1097734545955875,3.045147290310114,0.9283727828134849,222.4655730117819,0.5807606728597916,0.00012218753163888943
23575,-1.9850754329537992,-5.857405906975365,1.8446158893309965,1.6415733811805402,381.2509310656209,0.004851573348467753,0.0001221902962159809
23576,-1.2113005998987028,-6.846516916366512,3.4846015848814704,1.7263168360182308,369.1547144897779,1.3712612108196778,0.0001222044531806699
23577,-2.14356217777301,-5.253908519685911,2.1374885255067606,1.2717418056815637,294.62407270210696,0.4412341930592385,0.00012221427306925047
23578,-2.3714432236935252,-12.242422505771662,5.152199561406968,3.64112167354154,528.8164682034677,0.35201063165218116,0.0001222154623261352
23579,-9.725580431212999,-5.895537336102055,4.878391067709823,1.5777264677869591,347.5684910016175,0.8265625750761005,0.00012221783688475815
23580,-1.1499274427723147,-7.985898814242932,0.6052175491757389,1.1820490998889037,278.4079035334832,0.7829713097097262,0.0001222222457137173
23581,-1.1224649086572036,-7.977135920030732,0.6026037551984393,1.0657318397035336,282.07119907396867,1.5473501783812669,0.00012222565179041597
23582,-1.4041562620572652,-7.165380341279474,3.713679187613421,1.5242656669216401,348.0952184588959,0.306576201118693,0.00012223046825222766
23583,-2.8187020589416587,-5.010762948014364,0.9392744504642792,1.0482833613016425,280.3598641994877,1.5095631475433429,0.00012223387781261575
23584,-2.0279893074521125,-5.380408161120233,1.8626997409124388,1.1300701204978951,342.2557708832745,0.5551932170929001,0.0001222360027982428
23585,-1.7253278120966815,-5.096385814979578,2.6926435990186564,1.4637892903107927,340.46845579765017,0.4255222878586089,0.00012223992935029977
23586,-0.4799348811228761,-5.3212071055201395,2.7006526513502087,1.8211842315339661,467.6324802664686,0.3418199304924583,0.00012226775407238563
23587,-9.346630310561352,-6.238812487059564,0.7953279141759244,1.797667193874009,447.1140745267566,0.22412645780103801,0.0001222697968628323
23588,-1.0976147141104384,-5.101842167277551,2.6930215504200925,0.9350782759912535,190.27268044989034,0.8223685737647459,0.00012227200774444705
23589,-5.826958446472662,-11.114076927651451,4.998063510595776,0.7700472310500139,177.6545113947979,0.32836037923378214,0.00012227364528804386
23590,-5.226438758515053,-5.180129502277562,0.02646362673707473,0.5071981475278845,132.3767952950573,1.1852552161847028,0.00012227915250586578
23591,-0.03163823463057369,-6.43520263607261,1.4869500502019874,1.3132800667796967,468.29660488793286,0.3986162908191888,0.00012227931346277612
23592,-7.975719782358543,-12.711100807042245,2.527376906582058,1.2176284489643245,468.1881410116132,0.9324678076655752,0.00012228648853931657
23593,-0.9942712385995165,-5.9657748985300865,1.5532342835817605,0.9643280743551677,263.9221938209342,1.0411340738460266,0.000122286506489557
23594,-0.39451135103598745,-5.363781098216885,1.763990464049624,1.0819049235187048,218.8085043935414,0.5628607839228401,0.00012228748756215415
23595,-0.3342363510175552,-8.560620740057423,0.37025278442684234,1.1877922468583912,301.71148298207333,0.7528318158982694,0.00012229072759637144
23596,-0.4410998501687011,-6.457949051222948,1.5201182246203526,1.0985634799434425,284.32458308920343,1.0566069814220702,0.0001222962847386257
23597,-1.89024080913679,-7.33434126540432,0.8932549584561584,1.055636919678136,269.06908212482557,1.6517637897326667,0.0001223008265138306
23598,-2.672940033137631,-5.407096764461987,2.037874366130921,1.0561042404838408,279.9045833525175,1.2564704507326647,0.00012230316357224116
23599,-0.8716864606265453,-5.935028276096225,2.9479083570514497,1.7862030376905822,376.6281153686245,1.3817334081540773,0.00012230960527389665
23600,-0.9584887089912346,-6.337548542872451,1.316827382630024,0.8846944739648664,469.6002737396621,0.13043987690832548,0.0001223115637784053
23601,-1.8263886814207044,-5.3686878284979755,1.768141795972888,1.1809769137041655,467.3544311147581,0.2390676757357495,0.0001223324368414832
23602,-0.3541579864023312,-6.868619274573968,3.4878772956508706,1.3459659573401186,462.58580738757496,0.05238259091294761,0.00012234165337964058
23603,-0.6800954296744717,-8.289044004326145,0.46261758656009005,1.6028976362974199,335.3813827222694,0.6008102007901792,0.00012234589266052327
23604,-1.8171830838245722,-5.316080829930101,1.9843511110971703,1.8668581366994859,467.60229555876583,0.558628123540144,0.0001223484878369793
23605,-0.1369720249885713,-8.662824500995441,4.512996310390663,3.9906373534617496,561.8395845593974,0.5990794927963874,0.00012234880947666798
23606,-1.7178294744048817,-5.3808327410843395,2.761722125253685,1.020950873969614,201.71915459275363,0.7084982195217808,0.00012235338150669764
23607,-4.47264071740827,-5.48802596356255,4.964516442947491,0.8791576922361889,175.69901677063373,0.18562481195191172,0.0001223738936693873
23608,-0.21718621922421733,-9.514746091437276,4.570343372934709,3.1384341082350735,509.87954635312724,1.3742261646694596,0.00012238034803682612
23609,-0.9781928064078613,-6.702820805873327,1.4001341726164236,3.7470225138871456,548.7859111543094,0.714274651436626,0.0001223862476802185
23610,-1.3532859656774257,-5.069408524826029,2.6189378746813485,1.7801159170671557,424.97868861160197,0.8806838783673046,0.00012238928639506363
23611,-2.7100773560779317,-5.800723044787862,3.381670662011839,7.755643806681688,733.453049824636,0.3852707035842977,0.00012239563887010696
23612,-0.28081842491377884,-7.833340144216608,0.6554195543978737,1.122673194288914,274.0075531382353,1.1933867203122643,0.0001224063202169625
23613,-1.0133024721278652,-12.673170341625461,4.403905191543981,1.525423254660186,370.74924977461444,0.5105438428801916,0.00012240647367685656
23614,-2.363137941101674,-5.016830158539189,2.5845519262075802,1.2208544852567687,304.28911471405405,0.8011289955852945,0.00012243444240606622
23615,-2.3339673028852514,-10.291159502868151,4.814429800069868,1.4505881986294191,468.06788566040257,0.712689782525656,0.00012243811677133598
23616,-1.356415173327857,-9.48056688977738,4.571518455215663,0.7387207441515814,158.013792132439,0.826844845979271,0.0001224498412043524
23617,-0.14227583668936283,-8.75916024456538,0.3032323474762222,0.7772095690578256,231.5012175068186,0.8884583411136857,0.00012245463712132266
23618,-2.0292014000581693,-5.6884341900884845,1.6528432719890696,1.847693356195596,227.71264898670384,0.1437531322980412,0.00012246879273839035
23619,-1.0719055053642386,-5.905854082542916,2.9322311596006165,0.7221397999602822,199.39703854624912,0.49482437605545027,0.00012247220056469158
23620,-1.1401257296782283,-9.629050084538916,0.07085157907809626,1.0733714831550343,468.3972341993066,0.535315690144027,0.00012248043647297268
23621,-5.266646857594131,-11.41763100923678,4.91408984229624,0.7532780766865392,215.36205424700375,1.1522894832753687,0.0001224887488513989
23622,-6.371055745609125,-10.813978296897488,5.033252933922655,1.8684788895097524,469.49526705851355,0.23905916323292953,0.00012249246437303336
23623,-1.3470741532540274,-10.77319001470639,4.427345156709362,1.1368053178940913,314.60402648164444,0.7127487048723298,0.00012249889651974445
23624,-1.2491589991913639,-7.044333137541846,1.0796487963875943,1.3569608712412722,327.83323463214657,1.1480143927719952,0.00012250359440454887
23625,-1.062053750554247,-6.297880887778427,3.166576133490662,1.2981055512659587,314.96709343456547,0.5644757364754636,0.00012250839953946302
23626,-1.7556854352402276,-12.266498586356013,4.361675193437944,1.656642188634861,388.1454464156656,0.6089250057555216,0.00012250854041489804
23627,-3.086481801716677,-12.803025631518198,4.8856645572782655,1.4958048077322184,339.80069012737005,0.06366905668924172,0.0001225103537728224
23628,-1.44370105783673,-7.285680843169749,0.959774212413053,0.6747524037046098,467.3936101904136,0.416908414536727,0.0001225156893266574
23629,-1.9673454513897788,-5.2772559729627355,2.1124948656056697,1.1226421760406742,289.4075055593761,1.1798395619131155,0.00012251742276156994
23630,-0.5462398399005348,-8.859949239362468,0.24927163373583824,1.7945618850803895,376.9626744519286,1.3573151030496495,0.00012253908972800206
23631,-4.385635831456644,-5.229157752694002,0.5753258008890151,1.1125155314650386,292.0545600884272,1.3503882099693003,0.00012254856893171028
23632,-0.6356547737789437,-5.83362989043639,1.8274804285655324,3.0219580072890744,502.20206092556646,1.7922606143750839,0.00012256303169713958
23633,-0.5313236041744869,-9.811815419077544,4.521492080191651,1.573291973507265,467.9693990687209,0.6137695412223225,0.00012256612781276054
23634,-0.34586624941521826,-5.674673608983112,1.787714392980662,1.108915903162469,467.00331852068905,0.10078538128487047,0.0001225716600420109
23635,-1.7346428091609116,-5.218998785181847,1.9943606415502386,1.730096022923407,468.5003574684312,0.5630872495344343,0.00012257253559260625
23636,-2.4880624386863452,-5.998861819308029,1.1161708094868954,1.855398916248745,467.5489403166044,0.6337400877129431,0.00012258147542538198
23637,-0.9917985904003963,-6.453311392755946,1.5167450894486465,1.1842979695711835,250.74680936302744,0.6955562602688019,0.00012258212616272668
23638,-1.950086976108448,-5.699662358332353,1.87956865922017,1.460765139067978,468.19921965386976,0.7610473983546653,0.0001225883263108325
23639,-0.9715531692371009,-6.372786400354573,3.2322347733746466,1.6653247975945373,162.07707894329923,0.40550780840094447,0.00012259090334917295
23640,-1.9411999370535362,-6.507923973058954,1.228263834278677,1.549522557348245,355.28925562029434,1.0116721540497577,0.00012259207907528268
23641,-2.9202421665590617,-6.168339979971917,0.43749628904185933,0.9568249860943776,163.0987737227791,0.16527818880258138,0.0001226074554435888
23642,-2.4281631180934298,-6.211746995054853,3.1331280787059206,1.1905537002031277,245.623432005833,0.04970930408755425,0.00012261653572007492
23643,-2.4578875993389024,-5.127187889199775,2.4939953485145696,8.481981663098601,622.0369820737283,0.09921731779727683,0.00012262126718408272
23644,-0.24121726460881376,-5.97642827449983,2.9571715147591373,1.3439836694554517,294.7256830527614,0.047945999081831836,0.0001226293588606528
23645,-2.0058237330110638,-6.17210854413027,1.5221484369334328,9.098227974424631,729.5465506065061,0.21746887713121055,0.00012263029266134504
23646,-1.3127616809644653,-7.300514644529632,0.9552936792183326,0.6164492968061581,128.14895526670693,0.06123606907324941,0.0001226320008583354
23647,-1.6959009554041131,-6.390828512333796,1.424413556184018,4.426968159998554,369.44909834250285,0.1227327608898765,0.000122643791851358
23648,-1.9962356536731498,-10.49659024486139,4.451852117359312,0.6996556432759027,185.12380339885374,0.8520413680238903,0.00012266141137259933
23649,-1.4724333167212915,-5.303020031106896,2.119704137431493,1.6609839778479023,467.8341422026683,0.4233352400225687,0.00012266434498914595
23650,-0.12966093716853244,-6.154503986037493,3.1047164546441928,2.824916013272547,482.41325905041066,1.2351051389576542,0.00012266689709492762
23651,-4.128789339446288,-5.1847596235340125,0.6963043624609017,0.9921892243709257,468.88133453618525,0.6416296006578506,0.0001226684388624287
23652,-0.45754663917399974,-10.806732830217125,4.422723926421843,0.8260422770266984,167.3641567348069,0.8217965791702673,0.00012268439770229557
23653,-1.4125307611422038,-8.592865335670165,4.495838305471078,1.1199725983116309,467.1305104155786,0.7892375413437422,0.00012268952309561824
23654,-0.6815153889539936,-6.227967301224143,3.1393321570681136,0.9074823303439171,237.1178706219095,1.1906718825093376,0.00012269216130842762
23655,-2.8844742302683866,-5.144620635253602,0.8479117753815039,0.7945799496617635,175.2987499365387,0.021962240214402406,0.0001226925237226962
23656,-0.7529332004338727,-6.997586523601756,3.6138613794593213,4.087582569927882,569.0518146732543,0.6109787371637676,0.00012269390506850967
23657,-1.5553717316680213,-5.847383689481483,1.6744644617703333,1.4617393008502484,323.81795001897177,0.9232263625079096,0.0001227030259861267
23658,-1.6271780875684563,-5.7240540712044155,1.8065812302540472,2.7375581974739083,454.3683027715155,0.31534363911178076,0.00012270666237181575
23659,-0.11570109165717568,-6.2455318365238375,1.3031780270661761,1.8802943023311471,466.9111915732002,0.09611235170386312,0.0001227119946359972
23660,-1.6520154555130304,-5.7051701342782835,1.6527408275498277,1.369212243045818,467.0186512986816,0.5908104282601876,0.00012272141687170147
23661,-2.226422951058531,-5.44583531362664,2.7736183660037796,1.4532929492795352,340.05116715872884,1.1676532001223894,0.00012273963260360906
23662,-0.5109859658003337,-5.777776708565131,1.9559806977086363,1.0318902054747614,468.34221056092883,0.375610321442176,0.00012274226697403222
23663,-0.2570839528970694,-6.750014115551632,3.4538857243565486,1.0605419676877752,468.5044960300629,0.4916698787086853,0.00012275188595818736
23664,-0.1459638303455364,-7.076062212510492,3.674287108544823,5.415512052583913,442.05863626081225,0.060549188547187605,0.00012275807173156884
23665,-0.5696521981219362,-6.2247790132313,3.1363614780014757,1.3441873891080534,312.0881017188455,0.17176845859434486,0.00012275954721597553
23666,-3.4486005119119074,-5.521080980008108,4.747395054449806,1.0780721248977359,142.5799256539129,0.26896281981370507,0.0001227700687004216
23667,-1.539640916976845,-5.740099763728217,1.7946897331706284,0.7152012378944442,467.8650991108768,0.4524575974921685,0.00012277062337615876
23668,-0.1384533184269383,-5.781480304242646,1.9501697384333878,1.8563542762139362,468.4632354703232,0.2963634194867657,0.00012277067563078135
23669,-0.054223549594444975,-6.021755576673142,1.711341805759557,1.5803133875941329,469.6640561570821,0.007782803841545949,0.0001227813092651908
23670,-1.6240309720516084,-6.85835949768123,3.5321851692719908,1.1321350461664281,253.10121816347504,0.21733343228818303,0.0001227902806850998
23671,-0.313465365089753,-5.213617204767256,2.5941537089880984,1.0024047864236156,264.3540304550235,1.2622220227928533,0.00012280223677490462
23672,-0.7975916359027941,-6.358647141361701,3.174159366823368,1.4260005100965865,468.00060548455434,0.3683575229286742,0.0001228065820164531
23673,-0.25728406253846714,-6.569368862863066,3.3274235764089903,1.7212776528474905,468.57679056560784,0.39023369461953017,0.0001228131624937118
23674,-1.470107500489684,-6.555787990664198,1.2135849052067358,1.2409493579706279,259.2434955564719,0.6810011306403156,0.0001228158807153285
23675,-0.1946508922015049,-5.179529386349138,2.0962669812244203,0.8935762617813384,438.319953600254,0.6978433000450881,0.00012281738845642336
23676,-0.8516385707529732,-7.995760852219743,4.256526749699732,1.685501904530938,395.418928576094,0.444819148243937,0.0001228198484581056
23677,-0.43269640363077855,-6.842992817666364,1.08422367056458,1.100419321388129,467.131537217888,0.9308380898279589,0.00012282290764381603
23678,-1.9401942540011934,-9.059302691733784,0.16520699525695928,3.3984508841813237,522.2266741663428,0.6901226106758207,0.00012282961600248538
23679,-1.6220490043347837,-6.042993767395221,1.719011085616503,2.232561542390036,431.27913144220605,2.1511559962006936,0.00012284572731586832
23680,-0.678043221150272,-6.826519711416389,3.5107204654490176,2.774329371182152,482.3868356942075,2.1908915373316153,0.00012285254051013232
23681,-0.44969375987941085,-7.993221437847057,0.6364963134980411,1.0573007196997732,230.22030387061454,0.14697527045481706,0.00012285264672684285
23682,-2.101589249239865,-5.40628213496198,2.141693807380359,2.391127528942301,446.6174703049794,1.967573052212595,0.00012285412377034197
23683,-2.5507077016624056,-5.929472705427221,1.6637030149125007,1.105624794233601,243.81585670804836,0.019792837544018838,0.00012286008204557603
23684,-2.112191006769514,-7.746829399340337,0.7049047425440941,1.0990679638692842,288.89229897591593,1.375667014101313,0.00012289963066238412
23685,-0.013656512148203959,-5.206004782859615,2.587495547856284,1.2770773800512598,319.9372106114524,0.3555349997904491,0.00012291133431001334
23686,-1.1984423401102546,-6.068391254397751,3.069169751319665,0.9020230838861303,242.6764369464086,0.4802335429093416,0.00012293085639470948
23687,-1.7329785941622973,-9.17041899833305,0.12140819421727628,0.46394425127543415,136.37195073100926,0.4155101740291469,0.0001229315052461883
23688,-2.2437633348282207,-5.583194124774512,2.8129062847017856,0.8473276664589439,467.7554350744888,0.2142992179247818,0.00012293303365460976
23689,-0.3250422967410813,-6.11740212171018,1.7270905219297101,1.1626308219654826,467.02902135779317,0.41100402195607266,0.0001229402480312656
23690,-0.2062087712160512,-10.57093526542389,4.442045864666721,1.9477767169503646,393.75927372621817,0.4493508759906515,0.0001229509864293533
23691,-4.919089635546551,-5.379912918749402,5.126275954204743,2.2125080135331143,416.0490150382603,0.8025855078414272,0.0001229609594423436
23692,-0.14987695374528087,-8.34488847315465,0.42981660716733056,0.762254834703987,183.0068686860106,0.17201059220832438,0.0001229683136058764
23693,-4.894404565022788,-5.354673375559142,0.2171923026577078,1.5224969124769112,346.3844361480935,0.5515348431532994,0.00012297186966521578
23694,-0.4378665525667973,-5.604963644457021,2.065412272787128,0.8263864739039763,469.4061486535646,0.013536329409325809,0.0001229826536837879
23695,-2.69873471526434,-5.627660354438932,0.7189359340217113,0.9340171560993198,468.3576264545492,0.5203022875703089,0.00012298693202472864
23696,-1.867945741331912,-10.322898079110265,4.466466804481136,1.6570711446638628,468.74020380546693,0.07686904715957521,0.0001229881323897652
23697,-0.36279655589470394,-6.008525636821735,1.6921705524513242,1.1476978829668547,136.11561499075114,0.31354015473257935,0.00012299391163267758
23698,-4.2417606292654355,-12.646911513181157,4.725482871467162,1.8284659373950893,436.4670345818071,0.29184073069483407,0.0001230108770236535
23699,-2.5011425850246303,-5.262652533214914,2.595763202447732,0.9645689407667357,258.03435976142845,0.89234339287687,0.00012301190612511238
23700,-1.8454671094948747,-7.596845024251763,0.7648426288862948,3.546318425027862,539.0644122484341,1.1111521351159572,0.00012301402096236082
23701,-1.8534394233964395,-5.939719065725107,2.9325979370692505,1.082926829067596,282.80880205684514,1.641178313572774,0.00012301599152336369
23702,-0.9835159530347788,-8.179504489540054,4.353755160588984,6.240290426785034,669.1312869261105,0.3031798452932035,0.00012302092593164418
23703,-1.3262436701645601,-7.702336631362475,4.107521347606538,1.1828008088182658,262.1595008675215,0.08584542796645156,0.0001230297791561627
23704,-0.30543891282154156,-7.541459256700829,0.8307431194494952,0.8840390866676407,182.34981616419753,0.04435663333797901,0.00012303915676738263
23705,-9.983919049010256,-7.496783524132091,2.451487498251402,1.0756451710505086,148.09932956288438,0.35289324220926765,0.00012304022532471346
23706,-0.6046230835423234,-9.235217667959398,4.551564634052076,0.9480654020672195,137.8584378793129,0.1730632375704948,0.00012304985241389272
23707,-1.3915590466578482,-5.540208755320349,1.8665941457201534,1.5944626441205583,371.43558356403526,0.34570915646805656,0.00012306158527854402
23708,-0.09102903756856051,-8.841058035521158,0.2475007730123738,2.247713157496952,414.3627387324708,0.6114447554491305,0.0001230626302461977
23709,-1.9149542358492084,-9.279310730019116,0.12977747179905902,1.8178167646025138,382.8360238813999,1.7808980708877256,0.00012306388633224696
23710,-2.399186577754664,-6.254344362996737,1.5209232444520626,1.582280359160272,334.79428589517363,0.6367562772739914,0.00012308134392597877
23711,-3.1822153398111883,-5.322712171633746,0.7580976392386283,1.3780958023495415,308.89334953400567,0.15558580008395761,0.0001230912283484592
23712,-9.891121998122,-6.092211452064052,4.646230872191331,0.8851548162020499,249.44142315790265,1.4875162453248123,0.0001230955188852642
23713,-2.2038292037132132,-7.293482160793304,3.8063875386985244,0.9360174556036499,252.11069293382985,1.3422454824560957,0.00012310296665556697
23714,-0.33444490624333056,-6.00103303748418,2.956046747039187,0.8759708238077947,233.40684052295836,0.425887866263305,0.00012310657676602404
23715,-9.929575525749664,-5.341611163776504,4.559009365215277,1.0608554043012937,279.21258863740434,1.4535579664155245,0.00012311478128129567
23716,-8.007030982711038,-12.479300083540078,2.3706553656018845,1.3782931231067899,207.78188794829072,0.12118970756922476,0.0001231167611240809
23717,-1.7780412705210864,-5.556227569315876,2.7991098238727674,1.1093248833776066,152.58972912006655,0.22565053949927183,0.000123120525982858
23718,-2.005239142100965,-5.31359764858576,1.901817405293371,0.8705725220338845,468.09899369363256,0.4126006031760898,0.00012312540850119118
23719,-1.1808240780652195,-6.2734431246659845,3.1407059968616466,1.9091655059064587,461.37298056323505,0.6464093957232038,0.00012312643845882089
23720,-1.2030795037432327,-12.908994531302053,4.393209008129445,2.242229668708794,427.54424930373864,1.2661009525550169,0.00012313760251303038
23721,-2.3577246356944492,-8.226793617193817,4.565946595445329,1.895244037519543,456.3575272625807,0.5920180379029807,0.00012313852260501556
23722,-9.216940889600469,-7.486132463355465,0.7989236007241675,1.661222691058764,386.8883792105266,0.1711509084718177,0.00012313899211452027
23723,-0.1812648034016533,-5.712293462914247,2.0702182498978203,1.7178982388203148,468.53140815997074,0.5697548203656471,0.00012314740919433599
23724,-1.9267675385434408,-7.816812626434573,0.6682434839103044,0.6873155548917479,176.64435236661052,0.2745096906452771,0.00012315012997550517
23725,-1.3527942715234609,-8.010091459467457,4.26052223455696,0.9537479434569714,258.95423910916793,1.369867833727552,0.00012315146825020814
23726,-9.30930738180157,-8.22926403506817,2.0537713520207457,1.0340843142097902,279.04517740421096,0.5237999046806454,0.00012315181582924452
23727,-0.13811511279359934,-8.005765205600923,0.5955885583935713,1.80332237403453,431.412887702122,0.6860597495171401,0.00012317038904211008
23728,-1.642577036384175,-5.241444556465752,2.5893060761130746,1.6071102091603189,370.98217071142983,0.7045778831847072,0.00012317768592654422
23729,-1.974040210062352,-8.10052141751003,4.302786121418358,0.8049840324650098,163.77394582902184,0.677551495186326,0.00012319850300719144
23730,-1.7303270101492192,-6.041683854243866,1.717091659994756,0.4890044155145747,121.0395777426155,0.8580696963631205,0.00012320459137892234
23731,-3.0949010580069682,-5.469715299569641,4.215929245233577,1.8580138941911852,444.9130348386801,0.5346368962177452,0.00012320750931681313
23732,-2.083818881984362,-6.292476647398475,1.6100053194588597,1.0688995519263622,291.8800705540164,0.9797272986528656,0.00012321195068617217
23733,-0.4519493806980108,-5.2898861056769055,2.7441982523283937,1.5363680373442832,343.46997230074874,0.3083731368180116,0.0001232127791428402
23734,-1.4558484876900337,-8.03994806206458,0.5921266162086576,0.781511801375093,469.6792908002248,0.19052783779604798,0.00012321947307240258
23735,-2.0768691335175973,-5.666310821498806,1.9183006176486086,1.2001516852832432,466.7827400669445,0.19179281228134748,0.0001232298886442695
23736,-3.699324758694158,-5.512750976451214,4.676810506591621,1.2686885177107772,304.6761671102293,1.4428483750246928,0.0001232322791389272
23737,-1.7460818240243245,-12.60632539807658,4.397447794017171,1.658545053601117,387.5024912443548,0.5699894070257736,0.00012323447953010717
23738,-3.1534393569689207,-5.506117101023221,4.380395321717252,1.6675983069328295,357.7221805959722,0.8920604628851692,0.00012323804213369087
23739,-2.46879012230933,-5.5936986683590595,2.613560138344771,0.927920088170401,202.54032325722636,0.10125741136583688,0.00012323950210856984
23740,-1.633393803084477,-7.288118906089549,3.8008068363375442,0.9681114949286586,193.92936677972713,0.044911214729531856,0.00012324175079153136
23741,-1.718371774653276,-5.640938329790444,2.824310265625426,1.9862247272393805,369.14797053592895,0.4311344469568015,0.0001232436853995827
23742,-1.106919782049168,-6.325431944207377,1.465340485931522,1.847484017544662,467.68374234128964,0.45883765017204414,0.00012325014229182615
23743,-0.37997139977662897,-5.382950054635252,2.1388007968448397,1.6899164517017897,396.3160022106346,0.17675095424059073,0.0001232509671718097
23744,-9.503999327922118,-7.588582912299179,1.53717419849789,1.5898656043410595,375.832644017329,0.4715390747045669,0.00012326017072662477
23745,-0.9455622977062266,-12.602577746517769,4.345675331561823,0.9898303793138711,470.29210690956165,0.023346918023968044,0.00012327159537384635
23746,-2.9102253571013463,-5.437792664170072,0.7897589117163811,0.8744634157073748,190.76213298976637,0.09708723325412638,0.00012328177945084234
23747,-1.7319313854920146,-7.30059732539317,0.9124956198240757,1.7729747336866057,419.26082846907207,0.5273057161554977,0.00012329295290370155
23748,-1.1325481278147276,-5.827103101253663,1.947332339486283,1.3564529543263244,292.7254174687347,0.9759950106516646,0.0001232969902919035
23749,-1.397275443825304,-6.647560883837787,1.252128179790628,1.1626457460531419,259.3003817285523,0.010403106306815069,0.00012330318720001635
23750,-2.234528098385658,-6.625375859208479,3.3530082103368333,1.3611000062888394,288.2045354294319,0.22643267597142636,0.00012331166275573072
23751,-1.7963333619233204,-6.810504121364503,1.156339956309644,2.805795969954902,244.564222008921,0.19233846555772782,0.00012331574386372274
23752,-1.8155184399456274,-7.776592935381621,0.7142549731730832,0.9208978226367249,132.60584061722543,0.3534944154099664,0.00012332003075128382
23753,-2.1257418475906515,-5.6522674332109535,2.826204501974991,20.07906700537764,647.3613013382964,0.01985661318848564,0.0001233224524140449
23754,-1.2588294043426735,-5.9216848994417886,1.7531021927450436,1.0823772870572692,282.3391015731535,1.1983895545516488,0.0001233371469817099
23755,-0.004220700420621171,-10.484105085095495,4.447089274057865,1.5730858933013205,466.8006559689246,0.05566500272224584,0.00012334173050562844
23756,-0.45856006560191,-5.792805451270797,1.7953070887572062,1.0415390509708307,278.0668724715286,0.7179841509670934,0.00012334260134521448
23757,-0.6071291313498328,-5.812164526725922,2.0220932531776934,1.0796399115339044,285.4536459241906,1.3561348934191537,0.00012334602515864482
23758,-9.998115722550958,-6.114397733775057,4.494373636115821,0.8547056358493578,469.43433734532175,0.13974119640197635,0.00012334797387659983
23759,-8.854133678221238,-8.534200513146734,3.611107587586549,1.237399769436651,242.13531995687862,0.11640340318321574,0.00012336135613229008
23760,-2.708360505587266,-5.591116742588844,0.7750233470945717,1.8676948570871483,253.70032247990767,0.039329625386698375,0.00012336556754354415
23761,-1.1301746926840082,-5.498126519555648,1.7620393005843642,0.5593974983841168,177.73617153172862,0.6213839094897091,0.0001233681909725903
23762,-0.16483550898822763,-5.458796833923312,2.0136376157447096,0.8333296135087482,152.528456669052,0.1846929406242781,0.00012336896157945623
23763,-0.8502412812108222,-6.052202109931093,2.9717536298403564,1.2017401466305915,171.16944793744983,0.19265423568829654,0.00012337410500447697
23764,-2.0503669551620174,-5.082233496269054,2.4869597537166563,1.80675422196296,431.32362490624246,0.6009503316045377,0.00012338480301767044
23765,-0.6619586905170731,-10.202009001823866,4.475477356496138,1.1103382162031166,292.8218210107229,0.9568319604546236,0.00012338654225899686
23766,-2.3688580993330186,-8.05467917675924,4.4369494733853605,1.638391230187122,468.43434342198975,0.1429411714252833,0.000123388071772981
23767,-1.27921375801251,-6.55563425534976,1.2272500542385325,2.4762726271205686,452.15077408618384,1.4841413419204388,0.0001233948608596409
23768,-1.9826598330999907,-5.779139346762958,1.9078035616424887,1.8045933120324849,430.224297243309,0.2989314634338376,0.00012340069818615667
23769,-1.9280535670938175,-5.393398840147423,2.107871035150326,1.8505762841070763,467.2467262956304,0.753776898906473,0.0001234043377943752
23770,-0.8866688528638385,-7.533357086684998,3.9540210984401534,1.1685970010816722,238.4829770237144,0.7744740539912991,0.00012340865428830592
23771,-2.4473770271286917,-6.829838097918538,0.7361589967787953,0.9081660190783517,255.58901336596912,1.4416192142696422,0.00012342375763502034
23772,-0.7006213436136353,-8.591053619435893,0.3569592343916198,1.1288220403721863,263.4957225050128,0.6222623376777614,0.00012344405035444116
23773,-8.660075591532951,-9.215404545898402,1.489841593890569,21.737990063943023,837.0485979684192,0.1761044091337629,0.0001234508092971411
23774,-1.7432791881214822,-5.816644021128671,2.0341747283904756,0.7016560528187386,145.37425382166595,0.16552743056126484,0.00012345508525772163
23775,-1.7032031887393,-12.320578754589006,4.349254894913556,0.8448376007412116,434.25565455933844,0.20354760663125138,0.0001234669662531094
23776,-3.2982890728863072,-11.483560169152845,4.866704526687083,1.0707321480295677,284.1984034071858,0.3972268847287834,0.00012347541782521752
23777,-1.4082229047363768,-5.502089304408689,1.868908078988332,2.332957176161557,440.8844274353559,2.0544952703936277,0.00012347979029605097
23778,-1.7532986970907896,-5.6679632596037095,2.7304242831226158,5.975580037308038,494.0777499350193,0.011780528226392306,0.00012348612155507722
23779,-2.810751679493471,-5.376486880997714,3.272576308887852,1.7173915661089503,405.6780299279872,0.3842810062657387,0.00012348803348407822
23780,-2.1828758080585082,-6.87697139651797,1.1638018631415699,0.8009486605024779,184.31757018025868,0.9873692086201453,0.00012349942637601577
23781,-0.44616355709658073,-6.361763015293222,3.2084722933458725,0.7519088415860014,159.9815625512272,0.684889035484666,0.00012350675362588975
23782,-1.5480215683449075,-6.3926176667047825,1.3218936699982624,2.8058629027965067,473.39708318135433,0.7469734477200562,0.0001235120820742032
23783,-0.3669221526646602,-11.579864626314953,4.358272923336372,1.7705301471244832,468.0398895473022,0.03301060343717932,0.00012352186235734983
23784,-2.1835467349477273,-10.405903262940317,4.453334063386459,2.7843826096160087,475.8100021799794,0.980963005733372,0.00012352243157271256
23785,-2.0980650458103742,-8.570039683343516,4.483093247968387,0.7034967202979916,156.8254993967639,0.7856296487163705,0.0001235422630222391
23786,-0.22409506069630503,-5.691865023394901,1.9206673857183962,1.4953831999431255,469.12985912948506,0.5977501278670481,0.00012355343320104295
23787,-1.589613398409325,-6.773210410280466,3.454234588271659,1.1944266808855686,285.98626046430695,0.1511057334390946,0.00012358538576534258
23788,-1.8433674664411601,-5.72863919743121,1.9238025874502749,2.5130273916214994,458.31456723946525,2.0244593426971065,0.00012358950382644572
23789,-1.1046757478641567,-7.828450677595513,0.6861174330576687,1.0866586918734635,290.7450485719895,0.9999516264795743,0.00012359890105785576
23790,-2.4131778491660105,-6.787898217333131,0.8739030140205053,1.0135955207185445,467.946816878794,0.4582256799511315,0.00012360088386015715
23791,-1.5431944810637521,-6.757725279336556,3.451830882613675,1.7570850541709528,417.8859539366287,0.7588759599577077,0.00012360466455390637
23792,-4.983782297986922,-5.524327259024109,0.10587322620962215,0.7393117870665443,215.81264621417307,0.1825529789921294,0.0001236146007336125
23793,-0.626482652209944,-12.782289416664646,4.390570445015408,1.2904804037116304,292.09753171597737,0.12361729177646819,0.00012363442694465825
23794,-1.864261788954531,-8.025729644514325,4.314068031994643,0.8417323008956231,171.26070037803436,0.29743647805639206,0.00012364311685280138
23795,-0.9867321623075842,-6.6261789885953775,1.3517372423887184,1.5273086252101402,352.2816289936609,0.10295083585678633,0.000123648480077354
23796,-3.850570176578362,-5.944029553458013,0.3148791418516956,0.9122361935097605,467.80109795855554,0.43704504821312273,0.0001236602944731066
23797,-0.7246182959634897,-7.787239101466023,0.7087166099218165,1.7862168673068377,468.25726288624054,0.6431118608402446,0.00012366731001873656
23798,-3.418957345417466,-5.771337139058983,5.110525801040074,1.1527797343958823,468.7359243681957,0.7496083815658432,0.00012366877751726675
23799,-1.3640595805217046,-6.330149813917245,3.1591021704614195,0.931581813888438,133.45993515657582,0.2884187777245577,0.0001236717065366087
23800,-0.4199391664959702,-7.208922498490939,0.9740599726065297,0.8789336729684014,299.9830003470353,0.8838908666438501,0.00012367373259186186
23801,-0.826749303029441,-11.48231676960306,4.357718802192698,1.8709910546818762,448.06128261538436,0.624342144466782,0.00012367919877612115
23802,-3.469313754668396,-5.500431684116427,4.692437713548108,7.877156175462884,717.5575883728038,0.27735396246978095,0.0001236802510819425
23803,-2.2255722874541606,-12.250251892422003,4.318139295308796,1.6260237828283293,383.5966687937294,0.5437335126040876,0.00012368045675007408
23804,-0.9119397840914498,-6.123087574703173,3.0783259297793917,1.2846686054530982,310.29421424175126,0.4603047831690015,0.00012368071518039882
23805,-0.5844354523461472,-6.040026307371603,2.959049571188775,1.7357653863243516,409.5393496208994,0.49779468181741926,0.0001236845696970116
23806,-1.8467665728379945,-6.462088432434434,1.4435963337429116,1.162072193637155,468.19613715278297,0.7614563888095889,0.00012369028571434682
23807,-2.1868336810205102,-7.124808683640523,3.6377137145595433,1.1147633054642407,276.1586927496172,0.33532279873441606,0.00012369071705580135
23808,-3.407976578550893,-5.126216725360607,4.161954093264826,1.286750539489292,246.7912551389495,0.0188421806621637,0.0001236953258192295
23809,-1.9963313697199343,-12.943732629652372,4.38726547772752,2.4808782842912005,193.82074081028188,0.38217783531417027,0.00012369601393292937
23810,-4.145275803256757,-5.203291419114355,0.6964207012040244,1.8179180765363596,433.9439721666488,0.1717942872084519,0.00012369644997720856
23811,-0.35585458310265317,-5.581013349055634,2.613972455487423,0.8655509678320704,218.05903612627102,0.8982806723125423,0.000123696784454415
23812,-9.659216664933034,-5.664333471277795,4.960365717767823,10.379983757382002,643.2940042995604,0.07670891751574338,0.00012370243936876704
23813,-2.3627640433536428,-9.837973360651237,0.01985160997928083,1.4989618345608906,341.35316986702134,0.0007829599508939467,0.0001237186722304713
23814,-0.40983625359213605,-5.448834323524976,2.1356975030769743,2.8123708040465227,484.57508756337376,1.763273531948415,0.00012372401045734888
23815,-1.1760772020459829,-9.259493500222824,4.5455624784906545,1.1048109496549814,276.78880437369895,0.4888514710775764,0.00012372771660824897
23816,-1.0491796609761952,-11.72325636222739,4.359558175046954,0.91824119964103,191.65432558619068,0.2193677631983837,0.0001237387924413759
23817,-0.49425126032643973,-6.863536389688192,3.5199758450338505,1.1854973391146508,300.90965616085424,0.8238655594566344,0.00012373933141609676
23818,-1.2377428150056975,-7.684196142117409,4.088096657092952,0.9333142788731644,215.22572570251194,0.3403369656411064,0.00012374636866915571
23819,-2.039896833267462,-7.56013751718475,0.817493126968001,0.8811296512768017,254.11862903087118,0.8469230798512912,0.00012374725480617446
23820,-0.8354419200810206,-9.935134217292727,4.499533408972817,1.5071933884800508,468.2715815910156,0.4122282389255192,0.0001237608782462278
23821,-0.5411902255835717,-12.785426194055974,4.339182956988954,1.7647693224527385,417.8175957114119,0.1367272965700579,0.000123763731566125
23822,-0.3837408488556022,-6.865943008594877,3.479744853319782,0.937927066086376,453.63859507595924,0.019161919709709707,0.0001237690979023928
23823,-1.4972200271964216,-6.641584503234035,3.3546077224499373,1.8168302283326825,434.95435547231415,0.06129600961628512,0.00012377857365363158
23824,-0.5310112824381985,-8.316277161995306,4.406700328171072,1.8511468064697858,443.80696872873585,0.2680998739837266,0.00012378481902315604
23825,-0.7077532267654281,-6.966320840680453,3.586399590192498,9.436420068151273,505.77388880191876,0.06143407499268161,0.00012378706542540718
23826,-2.5497033742180033,-5.700696700569332,1.8816593327969393,1.501169562201248,469.79110434469175,0.24105475747427896,0.00012378931623291333
23827,-8.01537831577767,-12.702860213482225,2.2137263335304636,1.8339155731338637,439.4009641553999,0.39074560246558665,0.00012379872676553894
23828,-1.0363106634380888,-12.954849183208392,4.386183704988981,1.8457433419711535,467.20465745811674,0.057679443843634104,0.0001238185704161804
23829,-4.205406145024869,-12.18892063599988,4.761318596126395,0.6634567653379317,171.6757841483373,0.6713071812464877,0.0001238196665849107
23830,-1.5061034602987053,-6.464669552375136,1.4192304208326896,4.487500392961583,561.564853242454,0.2233599623877458,0.00012382727535433023
23831,-6.746355527918444,-12.53153932424962,4.560532651267491,0.9045491686756579,181.87886083464622,0.0754694537677798,0.00012383029783529686
23832,-2.108793867204329,-6.29950486614242,1.588737766121421,1.5932318742102447,441.62610890632794,0.4033373643003779,0.00012383033895951596
23833,-0.7953585778093206,-7.774661697099992,0.7471971247217821,1.2566373806223712,284.6537963020624,0.39872937293057564,0.0001238384917885733
23834,-2.1576334979995,-10.799357166002894,4.412963109529897,1.8615524407224344,446.18610417742957,0.4001046214634014,0.00012384129329145923
23835,-2.3660408085935742,-5.5693319529180565,2.1382357096238582,1.5281093759368152,468.2599420379462,0.4749668341809308,0.00012384594939609625
23836,-8.36246524641655,-9.897695240648424,1.3202865651011013,1.4978136283037313,468.80541971939516,0.5970403709626844,0.0001238460613854833
23837,-3.3569330451836965,-12.340833090903441,4.736436231694615,1.7984516229787457,195.18273379977683,0.20539679093136876,0.0001238473998036856
23838,-2.1681481399212483,-10.221226558350175,4.469440456845539,0.8613584356377156,182.0935643281803,0.26351504980398044,0.00012385351260352887
23839,-2.3625363101045105,-5.929258341161551,1.6573332851059428,4.063959354392888,573.7418256452535,1.0739391140601091,0.00012387580943988062
23840,-1.4586655962278705,-6.541870975925495,3.289704871612464,3.179706474960187,499.51659178490587,0.4919697059966879,0.00012387942012387603
23841,-0.7279052387001475,-5.887718793052371,1.8120741047375946,1.001185394690291,468.0970322639376,0.7290608638081304,0.00012389246974070712
23842,-7.316314082970379,-9.584350627143667,5.159388044120566,1.1494488797624955,237.2273309362405,0.8808662567377965,0.0001239171735159852
23843,-0.32345553355858847,-10.798213466209223,4.412337235577982,1.882443333139788,467.9243270371756,0.5152106131781231,0.000123923335543872
23844,-1.8877130257281234,-7.594358795052672,0.7910222340191742,0.8588286553119862,466.24843961197286,0.6077472729516282,0.0001239266320073312
23845,-9.382824496247924,-7.5561666386995,4.397411561203868,1.1599886204037404,299.48584965892604,1.3592852380046399,0.00012393028342341935
23846,-4.837020788187023,-5.205282019267181,4.833039966341438,1.5836591183266278,343.57654058207294,0.7599892062867273,0.00012393843295559906
23847,-2.685854232904182,-5.055350583665513,2.556270950057033,1.1729887083978077,467.9148274239725,0.24044279584620298,0.0001239444490539578
23848,-1.5570560146881025,-6.563877982785633,3.2620263442674573,2.3916438116665457,440.75866305748303,1.1545859803466758,0.00012394499011832258
23849,-9.621473144266247,-6.373640668862406,4.990013540769416,0.8369631585544105,219.21594713986187,0.7409154507587319,0.00012395140204737393
23850,-3.36867852444653,-5.675098032892769,0.49555679538835967,1.22621052851634,467.94037644674836,0.2292101859764486,0.00012395918627120748
23851,-0.8389910267651857,-5.745445930406426,1.7477155854481836,2.8203717497878973,470.377931464167,0.5850001125158206,0.00012396266553617338
23852,-0.26467498012564583,-5.969101350746726,1.7529272184901246,1.3124123291377305,315.05360791329537,1.3710488194899773,0.00012397221687524712
23853,-2.109775301880921,-5.630365877513295,2.8018028815400617,0.9074929813732632,468.8481312086687,0.13870919638064816,0.000123973130701984
23854,-1.2838416718943826,-8.853057300757111,0.27343116757161484,1.3536439606594195,328.900547617144,0.3954055214545624,0.0001239742265283298
23855,-0.5145330576066289,-6.012379801728827,1.6729477789873806,0.9588198844479019,223.6282521021548,0.35329354050155715,0.00012397553465606822
23856,-4.545726123830401,-10.691324485705767,5.110720418078433,1.589364316533786,369.556022323424,0.0909554511181545,0.00012397612842070658
23857,-1.8372438929421993,-9.663408632594942,0.07640713048246833,0.8583016936843947,468.3085866359432,0.5015823107676942,0.00012398238680550537
23858,-1.7461346310860897,-5.554561018879479,1.7744096706664885,1.809494463705054,430.3795675884081,0.11702681128780235,0.00012400760935734202
23859,-3.118494701856431,-6.086061295386328,0.457687896575344,1.8178513458486933,433.85278103175443,0.1464240321962489,0.00012401878437714884
23860,-0.8236215267492302,-12.620252382788413,4.389917446163472,2.5519320722060126,462.7638641988248,2.3258393880673287,0.00012401885831946516
23861,-0.6282258378511099,-6.6007583507912795,1.292202157165269,0.8211619479343986,470.27471974552697,0.027070599566824782,0.0001240191613279463
23862,-1.882489691956863,-5.713536728153033,2.06397045592461,1.1405398411865562,280.4930101238966,0.15758324924097789,0.000124027156284786
23863,-1.1163523391380998,-12.269670354864477,4.397727434997259,1.872329367826581,449.1830352999644,0.5744217521878872,0.00012403685801714302
23864,-0.4706689995148725,-6.626358143334462,3.3399812728415936,0.7911084136889217,180.9375020511846,0.050283584435017126,0.0001240413776940777
23865,-0.489777006202857,-5.375220322323137,2.0737071062261356,19.46441721110944,817.9471817306047,0.18517037629560562,0.00012405714351367155
23866,-1.0679171591908627,-6.123599560882629,2.919684429823751,2.299905235709543,429.3991276577614,1.010247976931022,0.00012405989273660018
23867,-1.8019709131431423,-6.8674798121148255,3.5172810797329186,0.8639183161376379,468.1094135068097,0.10823014029308542,0.0001240599275192004
23868,-0.9841236245057434,-7.687982862577151,4.086689868263338,1.4630587370193042,468.0173039102009,0.17261807908610471,0.00012407195455413301
23869,-2.2099773145638055,-5.941958842001234,1.8283568770758265,1.5703002404848512,468.43425652437685,0.07661554061280107,0.00012408397927333705
23870,-0.4154525467911778,-6.7194581704847085,3.42134400122605,1.442941539086182,323.30126815426837,0.635988953962694,0.00012408544322584932
23871,-0.4515668471079284,-6.087845862137602,1.559293999779638,0.993846965414556,274.7224689664305,0.8674066601763082,0.0001240862740918451
23872,-2.1574275911453196,-6.13867362349595,1.5419971616469543,1.0939926722146311,467.98277551008636,0.4608406700512244,0.00012408655300426597
23873,-0.3226247816527881,-8.834660940816693,0.26935434251368134,1.3060905728755767,312.327432374938,1.581294432827847,0.0001240987289661177
23874,-1.4655168375107053,-5.947724094638159,1.8323000781094092,3.0902366405832242,493.02867419086135,0.3725341509258291,0.00012410993948340208
23875,-0.4587954631851314,-12.206985568935842,4.398615698276584,0.9061075159681428,240.88980795005,1.440351831050502,0.000124125637379695
23876,-0.6164338065116954,-8.448029220046928,4.445957582316073,1.077377891793028,282.32943126922066,1.6024821892776648,0.00012413877335587333
23877,-2.5187736318160443,-5.4313856964201355,2.665259425250436,2.087306008039212,412.2783069043572,1.4694157994784725,0.000124140104886028
23878,-0.28128666237044087,-5.866378399997769,2.0562659219449113,1.4580363877529867,467.3565759773095,0.5532747638565256,0.0001241447759174365
23879,-0.4063563082416426,-9.922811048604945,0.006208609751194946,1.6680349384469617,470.2679236217563,0.06153920896750176,0.00012414556181446998
23880,-0.8600243716800406,-5.7033104355908275,2.7235415229774342,2.2795529595325132,375.46147037456757,0.10969358982748911,0.00012415266619990366
23881,-4.039285032912469,-5.513181516085683,0.5508374420734065,0.4990876296753356,143.9216482008155,0.7104549147622272,0.0001241549482536878
23882,-1.3753022200158966,-12.616648950496101,4.30621354055663,1.792774910750192,469.3779386116841,0.1393101976211648,0.00012416415640259808
23883,-4.269030086496782,-6.027089911813942,0.24487900696105702,0.7710484894886244,209.11877261174638,0.134367955570875,0.00012417120571724192
23884,-0.3494255771908392,-5.629089692309638,2.7075716710340805,0.5920431952097132,172.81912028321753,0.42510145505411234,0.00012417223032111264
23885,-0.1524090769164843,-10.254430223417188,4.463233615455567,1.66368681870992,360.95736606362595,0.2986590814115635,0.00012417319902364567
23886,-0.2914925316628114,-6.934875301722984,3.5596461799763253,1.9061796610455517,379.78733407919214,0.7846794260229801,0.00012417414871463363
23887,-1.2043432583252187,-9.9801738614855,4.491516395500664,0.9240581207773906,468.0096228116281,0.1107152563992484,0.00012417465036413153
23888,-1.4850254290561473,-5.897483490303227,1.9467333763161119,0.905680986371345,238.45019722302933,0.5286882742905776,0.0001241774911864421
23889,-2.2150330984027207,-6.407666208266565,1.4578788648742371,1.8951285449882342,463.40064655649604,0.449462359044686,0.00012417768778200683
23890,-1.0145911650031696,-5.3912267357691706,2.0801576283018597,1.002633963100473,198.1388827464312,0.3282983384050997,0.0001241818066866848
23891,-1.0412844711899574,-8.044739416852625,0.608381236874832,1.8196462256522024,361.21859853137727,0.6113695979554796,0.0001241823925007208
23892,-2.0351516316894784,-9.916444359978208,0.007887449900682901,1.32935438858296,327.68996267622487,0.3469847629563274,0.00012419222708504727
23893,-8.043873414752529,-12.174246029335116,1.7350917344133845,2.019142455121076,200.6023140535887,0.24769239501041884,0.00012419363869419818
23894,-2.0196353905532245,-6.175628320497785,1.5438920236783218,1.039598876017457,277.9698923796177,1.6353166603679838,0.0001242030169893311
23895,-1.216655145918823,-7.198615076405203,3.710294678710316,1.690440185006813,468.11792331900176,0.37569705350250704,0.00012420342738148697
23896,-1.9623128868689825,-6.839780788621022,1.1020787093327744,1.2817172619066732,269.70769729796984,0.8188956006782746,0.0001242401219179431
23897,-1.5966900230816599,-6.842415931677904,1.1524287002986888,1.7650543675672536,467.9702332066857,0.5507012071566022,0.00012424218329883877
23898,-2.2530499103141457,-6.795886625399491,3.456482456111163,1.6182309355095492,370.0650384333464,0.19807319816796554,0.00012424262406345848
23899,-1.5865296186695197,-12.957508349929611,4.382050241389299,0.6473708635199512,132.62271448966743,0.12124758138496006,0.00012425896222596726
23900,-0.4116125952330769,-5.965402138469968,1.8228631306710172,0.9676323929879451,465.772528981965,0.8677140085825883,0.00012425943835943734
23901,-0.42317332641249905,-6.09918595835589,1.5602289696967373,1.703335621699059,468.78279452029096,0.7511775932370695,0.00012426053755659123
23902,-0.9554895252738049,-9.226964243688895,4.541415897792161,1.453308755390646,323.8010335238026,0.19356519511636794,0.00012426731893266392
23903,-1.5580372203003225,-7.559034950242695,0.811880032078728,0.8816253932074501,225.92033166737275,1.2971302869216608,0.00012426785522446794
23904,-2.1356061469807734,-5.506174740413543,2.1352578234698223,1.5786709956356824,349.79449209425735,1.1610465469141422,0.00012426878585494023
23905,-1.4641408502317557,-6.592206098963736,1.2646944203771844,1.5311682352372986,349.3445406584798,0.7644884748614418,0.00012427641292568246
23906,-0.8986321078368142,-7.2652554195571915,3.770911300083921,1.0058133742528932,276.8531155022796,1.1153884238002734,0.00012427983615897779
23907,-2.0102742325335505,-5.9622578788017275,1.6566115158814843,1.8686886807005951,449.7170193096091,0.292676272916947,0.00012428254018219986
23908,-1.2604673705908827,-9.352288325336637,0.10487915682211862,0.5388620260649398,169.26444682904116,0.6109069373542022,0.00012428501061829923
23909,-1.4083621335050882,-5.279977745182024,2.580171586864339,0.9508455409762188,468.08815743233737,0.3455309983097381,0.00012428660126820196
23910,-0.8888321735111262,-6.474121810651906,3.2409794479134915,0.8232469209385344,218.74108574527128,1.2739344044081093,0.00012429146602706
23911,-0.3522665321382217,-5.556844829488305,2.1426395073191986,1.3810951840473535,261.79864443705327,0.042497189112887135,0.0001242931421376633
23912,-0.7802805269328488,-9.17316666882167,0.16729583156865982,1.193429046444043,467.19828382108426,0.27605231579021083,0.00012429868665390565
23913,-1.523044906114512,-9.156046711850273,0.18698166386084322,1.1492863960712683,231.60563707092288,0.23725194965777163,0.00012430060716381547
23914,-2.442713804651726,-6.0960243800435565,1.8407057054716225,1.414524890647764,325.8992406313299,0.20641739743738086,0.0001243008259456023
23915,-1.3222106003246221,-6.727506185320177,3.4223896588856735,0.5883083228152308,123.09242319721629,0.03727203756720954,0.00012431296065274942
23916,-1.57053289841107,-9.262681004117141,0.1071120163632611,1.3735371014039435,436.5730456437152,0.48034708823419425,0.00012431596243606485
23917,-1.0025355003565366,-5.451655304215198,1.9792687130160946,0.9090712534190677,469.80646874385945,0.05271178879960203,0.0001243173504206491
23918,-0.5658114984006826,-5.411784258543926,2.078269745682894,1.431778747000087,337.15956158371284,1.2344723305049756,0.00012436891558360817
23919,-0.5730725822454499,-9.713927002334353,0.0654470813591591,0.9687645326967642,270.72345026445515,1.486616922893929,0.00012437622771494945
23920,-0.14600885495427107,-7.183484543907782,0.9691751196459963,1.0931383220732431,467.36507108027143,0.2669920758504922,0.00012439222460405714
23921,-1.5939789565852678,-5.7028637832480555,2.861264274855217,1.5153781893360179,343.8657967874456,0.2934485336543018,0.0001243954379489848
23922,-0.22325666552582923,-6.560328241833785,1.4832427378159774,3.329403093364938,235.89527454205674,0.4219377521234744,0.000124402661523145
23923,-0.5308902319578088,-12.347016528885153,4.392378732433406,1.0999184772176214,273.0897781782448,1.0199998855489865,0.00012440289083155264
23924,-0.13887489213759885,-5.727019233319714,2.725012841435676,0.7070947820139508,174.37681097022642,1.1232436931125678,0.00012441344758215567
23925,-1.815631187087451,-8.036992021398131,0.6109554702059724,1.3621843513251495,317.2674331287673,0.37612311766029816,0.00012442661990647792
23926,-1.8543045449279685,-5.980884689863591,1.6683454197133945,1.7948624810301093,428.36958878878374,0.6591568541779393,0.00012443486240894307
23927,-2.7809034031500888,-5.852472505803248,3.858065959040599,1.71231624627126,365.7780811160856,1.1750650465870711,0.00012443663952400896
23928,-0.7562525046099129,-5.6785483435172415,2.0115933656118385,1.868543076834706,467.63053571658725,0.30408724688669775,0.00012443858054993266
23929,-1.9059916760885063,-7.903120645499722,4.213608584621061,1.4448848731273476,356.76354788914676,0.005844521572670125,0.00012445840443054066
23930,-0.14272302595878017,-5.975360390018499,1.8286297051103988,1.408779430942642,467.8892690988899,0.06320036737637214,0.0001244617958936352
23931,-0.4136036804917005,-5.535206338108673,1.9969272284311634,0.9043927233228946,184.1795845392125,0.45897058427297477,0.00012446289298840437
23932,-7.853122647882296,-10.03172747103632,3.961404182659172,0.9153569098605552,248.85641363274,0.44739766846929196,0.00012446343625477894
23933,-1.940314131876308,-5.411542165944696,2.4991693616598822,1.8617647018096584,449.8096627842773,0.08263616661928896,0.00012447128078610736
23934,-0.31734550885965085,-5.912294932080935,2.8992585595326905,1.843515362385542,442.23934555182973,0.3748736611078529,0.00012447462351887985
23935,-0.39581446154926603,-5.493554122538301,2.757258708474758,1.7236392062016979,406.44247133770966,0.044205317828978075,0.00012448217608704496
23936,-2.293748588106645,-7.041278740851331,0.8690561845448331,1.8227271876767277,451.86251512325,0.9207794283854662,0.00012449301277515652
23937,-1.9935340352437194,-11.908396863239187,4.354423485639336,1.1852222738503952,252.1845661106672,0.1784862097365041,0.0001244941921684967
23938,-5.326483093374657,-12.515816951118849,4.758820801277759,1.4833018505982165,342.2956458580817,0.28790893930387185,0.00012450385483500648
23939,-0.2558134633094049,-5.249265552452143,2.4787223716646354,2.2938323309050412,388.40145179277914,0.17870518259205337,0.00012451046223765916
23940,-2.2227595565457614,-10.871322686543394,4.4006641696181195,1.4075175879151525,328.29303668797166,0.9852951035795199,0.00012451567533015016
23941,-6.2362698287640725,-11.86781455589404,4.799197477530274,1.2666702219413934,266.06989015552745,0.5515030732692354,0.00012452571646520374
23942,-2.0068157220798195,-6.924767852187496,3.5471192902121347,1.0097487275447594,276.3511379446,1.474622419756444,0.0001245444496130985
23943,-0.9418814687941417,-6.592981129843192,1.4940449887779312,0.980141328594733,272.437270541988,1.2143003349875512,0.00012454785536508616
23944,-3.8460594689339302,-5.192678964183528,4.271418440285735,1.5922196797407748,469.43158615086406,0.1378505432767465,0.0001245657195046334
23945,-1.5644712815611985,-5.516413716811357,2.0539220931864066,1.7448246926592865,460.0963789263738,0.2297894210739031,0.00012456689730055122
23946,-5.346430579513832,-11.13271234806311,4.9823648870370025,1.8082408249430182,430.75730593023496,0.3360614830465556,0.00012456805874319274
23947,-1.9772680837571492,-8.58304470169573,4.476820352630779,0.8732224770027036,467.6960321971346,0.062394727074768674,0.0001245751319093145
23948,-1.6018226796644424,-5.817771645262389,1.7457563726097514,1.8403182110925762,467.7851961473678,0.20359658216432486,0.00012457976800980933
23949,-0.6437399577659821,-5.449728645536598,1.987779894680445,2.3049206404803337,438.1643922465606,1.998282571910166,0.00012459464919214452
23950,-2.3952035016152005,-6.027234043185,1.828576556527711,2.9439822958246644,478.9636278275035,0.5371846366424684,0.00012459553161031433
23951,-1.4939393588538437,-12.726297691812322,4.382564884400124,1.2244826163961116,299.2860733169861,0.7344002330745729,0.0001245996442264546
23952,-0.987990025584228,-5.440918820075761,1.9916693357600033,1.0960408614280606,268.9962310780077,0.2884367230761491,0.00012460092466100092
23953,-2.712949914830637,-6.2481120113050865,0.46851322516256017,2.832207146128534,483.7654151740761,1.3269261659880334,0.0001246017947673939
23954,-2.434932700121011,-5.612503135559864,1.852149031796501,1.8097665629883752,458.19915389404497,0.8711737863049631,0.00012460204556261328
23955,-2.6289210809628685,-5.7592098752420195,2.71528329695976,2.6901763653243984,464.6490943908538,0.823273956983047,0.00012460690250021015
23956,-0.8816821805922466,-12.121042290324793,4.396663046357201,1.0766569489452087,468.0745606140404,0.8650487968779723,0.00012461096947588508
23957,-1.3859910587354172,-11.993312177195556,4.400711017413892,1.5792857001021896,468.8904487909347,0.8575948055931066,0.000124613258008344
23958,-2.4924713108962084,-6.051237560104446,1.026273688979153,0.7336110380082412,467.6354598572878,0.34935520718717594,0.00012461990677633983
23959,-1.810221095735951,-6.931760763303212,1.1603310700307121,0.8465454070014139,173.3606930081719,0.0783781249661466,0.0001246294193575681
23960,-0.24413834786116695,-7.019420742303324,3.6088850209666905,2.3394062770134663,438.0899774118787,1.4205281756628354,0.00012463426242425693
23961,-2.974897895221016,-6.963023705295483,0.10257086667527462,0.8286857441488938,469.2738480251874,0.006982448992189028,0.00012463652704794532
23962,-0.27626088477107125,-5.930233029964711,1.9636986503851048,1.7470104649914393,468.08087084619643,0.7199614296985386,0.000124640364930655
23963,-0.7454832239575051,-5.553268299005384,1.99720433092799,2.0009474818922435,400.67494895654,1.1449970021165372,0.00012464968015259736
23964,-1.0533948218414775,-5.6826922649864215,2.802715262496591,3.0252188237984297,233.67046793793153,0.41162847994158014,0.00012464989928410785
23965,-2.1232786701949315,-7.877746984044949,0.6345612138252408,0.7308633436588127,167.3218291548304,0.26782056687729305,0.0001246551631674949
23966,-2.5774189215131296,-5.47816155433582,1.770898407420719,0.7638567761287088,467.5636155017921,0.2794709060752023,0.0001246584840131582
23967,-0.18804011532571963,-7.641364933153652,0.7977024518063283,1.5969024000342373,377.83417431164213,0.5820034701698287,0.00012466006879480637
23968,-0.2842295066438254,-5.045071422696432,2.5702051585000434,1.1352596953462637,249.27250628218906,0.24559961822868193,0.0001246676814482044
23969,-2.8866458079135393,-5.712791448695761,0.6590581397807105,1.1880414299934536,251.3685315412961,0.3588781911005565,0.00012467383357923364
23970,-2.69525096596365,-5.2751931452650584,1.3325259789743256,3.3357136363335336,519.4476169788647,0.8015654387256941,0.0001246851404405002
23971,-0.04371224627604775,-11.99323111698307,4.34825470266694,1.0260573278987655,276.3766988275289,0.9001913080698065,0.00012469180296333668
23972,-0.6654634258090439,-8.937480598895483,4.528380256307223,1.6528734584624323,469.4227458478662,0.08218305597129838,0.0001246947583656077
23973,-0.6615914646678522,-5.906970015592532,2.0259187208572262,16.106273892422315,430.41736932006245,0.22245961595080477,0.000124698589013832
23974,-1.6986634902570206,-6.023916066240356,1.843693718094036,0.8012129407358526,469.8154585754726,0.10659722616905842,0.0001247220823022205
23975,-2.167129051066503,-9.400379024759609,0.10889525913183072,1.1208347405752934,467.40754620691376,0.6569040700582347,0.00012473400995334855
23976,-1.8306530363503732,-12.971416710279714,4.341259663526536,1.4028622454602688,317.8232609114452,0.67372671237995,0.00012473812820945696
23977,-2.020208714511594,-12.920117851873377,4.377862493549694,1.855773609562723,467.6821253000412,0.10190834344524458,0.00012474145055763955
23978,-2.8136553436259266,-5.006225122515455,1.879758139809754,0.9736264888565579,271.7604954535102,1.6681941728534389,0.00012474168184323415
23979,-7.895533754392833,-12.923129764156235,2.844101569203878,1.2714678738864829,318.75281544493123,0.44295244895181174,0.00012475316737687938
23980,-1.7350654061464397,-7.114204875028298,1.030882979444412,1.9019096335517205,467.6577434060143,0.5182779187964561,0.0001247587851362378
23981,-1.2420372838848355,-5.415633153978484,2.751826031964129,1.165773831334093,297.22228461056983,0.9688971662791488,0.00012479416688646738
23982,-4.60705823150289,-5.288842673515771,0.42489365629694864,1.865134121034922,455.43207651633213,0.0365683068228444,0.00012480071059673922
23983,-1.5800807542806492,-5.945526769311825,1.9488080688331397,1.5824145827209617,326.32184258303613,0.15602212121758985,0.0001248174405738631
23984,-1.1229533357773374,-8.866730013940987,4.5208710507843834,0.8667439442552903,169.94904244949532,0.025619014087737035,0.00012481927287981125
23985,-1.0374704235261039,-5.75849468228878,1.915817729158894,1.8047673602610432,429.12713568365547,0.1505654229724387,0.00012483346783075526
23986,-3.3306629277581656,-5.749757774815767,5.0345530131883915,2.492942682892057,453.1042054698722,1.3842998719742052,0.00012484771193957634
23987,-0.7466460291618109,-6.897555332817928,1.1071273914318236,1.0602809128598762,467.7279922155577,0.6912742463066666,0.00012485321865414188
23988,-0.5815347390439101,-6.62994704335072,1.2250797922899832,0.8876220815283914,191.33557137836604,0.2927899536810683,0.0001248558755052068
23989,-1.0513367864873722,-6.852376425978688,3.4648191567455027,0.8587132184229074,470.20122379642345,0.18906670126104164,0.00012485675749675872
23990,-0.7979918818352854,-9.383536018820124,4.5325108632163325,1.2926453621670602,285.972193753331,0.1485357808122112,0.00012486630446053825
23991,-1.7104106610657492,-10.678349833832172,4.414829754476253,5.62054983287562,565.628844774331,0.10785108810749655,0.0001248694651041767
23992,-0.045999336587939865,-5.801939025275485,1.917436611912575,2.381062474756875,417.2528450377121,0.18956059157747074,0.00012486985434688499
23993,-4.425523146042592,-5.233779970815638,0.5827173241695728,1.1534102877898142,295.2878958089515,1.006085240482264,0.0001248749353032399
23994,-0.7162658144849239,-6.716809846546751,1.1873983628874634,1.706153971029071,468.01035138257913,0.372483550931924,0.00012488046339878485
23995,-0.9275599154566301,-7.384025182525231,0.9021842708516511,1.5214664715828905,336.81083630856466,0.408380770844615,0.00012488904614735047
23996,-2.683167774610271,-5.136989959809544,2.6219273532205425,0.9114238435094684,469.2275016819878,0.03331360071106371,0.000124892021426787
23997,-1.8393653517926953,-6.284939795769785,3.0561283213427597,1.5704600716603334,326.3536084745941,0.6002206266301231,0.00012489531981000473
23998,-0.2898627161067182,-5.473392093225322,1.9910977536901961,1.5726415966917509,364.1959827391511,0.19723130842972747,0.00012490751824806878
23999,-1.040031261369684,-11.877477076836565,4.361166883476234,1.7247456296298773,431.5165428778003,0.390532879744522,0.0001249152963306408
24000,-0.3903322647361591,-7.184063781221742,1.0129114971055952,1.8422484988727093,439.8454626973031,0.4839853789093018,0.00012491788330339798
24001,-1.5257583738244378,-6.260025707524476,3.1079549321574507,0.8713012800123013,468.5958709953844,0.8704525054038132,0.00012493421599660783
24002,-1.060778290241828,-10.069263062820513,4.475937456856109,1.6952252557365124,467.87507394210127,0.4889915201968442,0.00012493611264836795
24003,-2.295118644801385,-5.911605180118342,2.8368779568579114,1.064866285455851,467.66371799654104,0.9001367370822058,0.00012493969655589921
24004,-0.6327928953286328,-9.625529988810197,4.5172715387935725,0.6118536288249871,132.6094024500893,0.9621414619456123,0.0001249477061794816
24005,-2.0266778414283513,-8.051543686931424,0.5752207737293006,1.1762369854998769,242.2556060772407,0.6920788157132636,0.00012494907708764165
24006,-2.1976032261912337,-5.930477788176898,1.8004342227519803,1.5056838710565452,358.7628448751676,0.5193876136206521,0.00012495655253850167
24007,-1.6243900288537265,-7.926415776420897,0.646375940264861,1.5215359164378501,348.8478844850896,0.83679847043192,0.0001249584192563359
24008,-8.036930565015926,-12.403813980800408,1.9706010817670456,1.5172817565884453,341.7227154705362,0.13537102026278625,0.0001249618439939571
24009,-2.2896107878325136,-6.22556845699776,1.3172379971559487,1.7960368772474666,375.6746888399395,1.2420828728395747,0.00012496223365188427
24010,-2.0664972446046725,-8.926206246299751,0.20600604779390785,1.8130265835075634,430.18663841166534,0.5581785257672562,0.00012496712319892686
24011,-2.389486879971395,-7.05322561236887,0.8367979736813573,0.6196539779593171,139.47739970905252,0.44225710147709396,0.00012500005996134384
24012,-1.7599052885216597,-5.219060109554452,2.2815687019902344,0.7676662248213765,136.93674616671146,0.07451652119230534,0.00012500963764412447
24013,-0.19458743268048018,-8.867683818507416,0.25451121943076854,1.5815969763736828,362.7906120655805,0.04624246063847082,0.00012501380596756782
24014,-2.1512460917345333,-5.43744800992558,1.857383372862749,1.303874163688248,304.0323183784515,0.46039905456154084,0.00012501987724934297
24015,-9.584137448472319,-6.282782909241109,5.053681091132048,0.9434410227831739,467.5325393906309,0.5909233474609037,0.00012502472469427066
24016,-1.0378195439824278,-5.567505802071579,2.1082812469569503,1.5783778866352058,457.47091499691675,0.7868580060933281,0.0001250251043284747
24017,-3.7649416865142715,-5.375692435536418,0.6201432468959138,4.1463879849089915,411.3244814153115,0.03792466737916467,0.0001250257211538283
24018,-7.235554320695835,-9.700800916188435,5.144156261062611,1.8038893512704823,430.0918160259588,0.15894957817636257,0.00012504577025802816
24019,-1.084281013237451,-11.559761244894625,4.3566006323474245,1.775196478441991,419.65802778670167,0.5467612816422509,0.00012505585309967147
24020,-0.6442144206721228,-8.813262586455696,4.512600709342225,1.8316288611028386,468.01759595134575,0.2551027842592264,0.0001250681524014835
24021,-1.8972780265832032,-6.8621871232058655,1.1018839905735214,0.8589566228451712,467.83672676348584,0.5816235568445807,0.0001250695108470489
24022,-0.796122908075338,-12.280615770649904,4.387841000196365,7.394103217531515,719.8066402348138,0.35573163594052915,0.0001250803902479859
24023,-6.256582796121466,-10.93397425373777,5.0082998342955865,1.1292957372929193,204.85042297763803,0.45582612224664487,0.00012508456259936564
24024,-2.2685248955968724,-9.418836053428034,4.578858351842646,1.033428507896682,252.91344424474477,0.8757201787672226,0.00012508707595179324
24025,-0.9598069884385261,-5.933392027820642,2.0231113852851,3.391762493442711,414.0263939421993,0.05987381860175134,0.00012508718843580745
24026,-1.9307797470894013,-5.734396562891812,2.0156378929873013,1.5168105137829475,350.07877896778075,0.5818990505250516,0.00012508775056888847
24027,-2.22507285035359,-7.395829345210768,0.9430859580368349,1.1243461302893434,249.09439570362656,0.6371689889755308,0.00012509209857649616
24028,-9.592765001358208,-7.383337331370712,1.5668621007672885,0.800217286851006,234.31256872330658,0.5511291664193108,0.00012509485771389347
24029,-1.6156810131749673,-5.514143473358715,2.1001175785911497,1.4754908042236785,336.43274190674833,0.7310325007673795,0.00012509829815565089
24030,-1.2638965773813222,-12.397291514419738,4.384743280485739,1.810460655894631,432.98262543877115,0.008254217162282806,0.00012509889977183598
24031,-1.2907303227947615,-8.663971007239862,4.48893111241438,1.6318254674207018,467.87591767320447,0.675742574805759,0.00012510148806393282
24032,-1.4818963140831762,-5.7912440297407075,2.730736533693487,1.9512873889660816,390.6177829053424,1.01387357910333,0.00012510460420430363
24033,-2.4735838017320875,-5.396723879081087,2.481904184976179,1.016480785664156,256.96028392164646,1.5177376251182269,0.00012511133657030414
24034,-2.3319944364819367,-7.9135837582612645,4.2076112938016506,1.2514822427206902,310.24894938666637,0.9555209120408596,0.00012511223565730026
24035,-0.3656782009424262,-5.534901778184644,1.9833380335659125,1.6413433708874678,468.5971696693937,0.2531924596827153,0.00012511424147086976
24036,-2.056922578175814,-12.628382880571793,4.379336050534333,1.4192712340861617,177.54738976088154,0.17685636012523087,0.00012511450994506933
24037,-3.4879960113989554,-5.859475250032655,0.39328204007879686,0.8508990187792446,189.3004462022788,0.4700308812287677,0.00012511694101423378
24038,-0.49095914604977153,-6.732744260404318,1.4010597022582616,1.8631799616577307,468.529095623121,0.7495583190732438,0.00012511916027501898
24039,-0.3170913670472846,-5.501626824633567,2.7503487994444638,0.9110541861226669,249.64963544388687,0.8146613130942759,0.00012512370096289706
24040,-0.9963443185123495,-7.8165880326029304,0.6897041894593583,11.89158353523307,313.41616803216147,0.38326967324189987,0.00012514185036158218
24041,-0.17807421033195325,-8.126524722630773,4.323130175097235,0.9462441634639803,265.36426666438814,1.8249200144303472,0.00012515676104392977
24042,-1.0878564221638527,-12.480079142559257,4.382293199193304,0.650144307552689,154.32029413914242,0.21523519781212652,0.00012515842737822493
24043,-2.1259191106244133,-8.48595194535713,4.4472827223237905,0.8846155978870924,221.36342895206158,1.379725781786295,0.00012516908954642288
24044,-2.767659799829082,-5.988892107408113,0.5439311032460714,0.8559524701699099,467.65287576012577,0.3670164937917795,0.00012517665142303892
24045,-3.571429705094661,-10.719221916432378,5.084860673157069,1.0380526140439814,269.0429672862698,1.0061870212160349,0.00012518199768563027
24046,-2.1746714796150606,-6.651066125816568,1.213670449404358,0.9289121060962016,240.5218647228592,1.0748258339365604,0.00012519455825880696
24047,-5.004915451991323,-5.503565518643076,0.153034414141145,1.6484340180224761,386.1300473861711,0.049778464704540504,0.00012519775035315313
24048,-0.5768798802689403,-5.380394707684975,2.619059685307217,1.6994311015739287,468.18522743419567,0.5540535657044723,0.0001252221664872612
24049,-1.1386060122473758,-9.85705460900735,4.4947815702745295,1.3934043990616791,405.38461879673076,0.19599334477690444,0.00012522246552839635
24050,-1.6083404356194997,-5.327013626630767,2.4791922858613895,1.7254355285900538,407.6607856687992,0.3401769388029541,0.0001252318084357147
24051,-2.268635907225729,-9.412401640791145,0.10937237393189869,1.187790744364722,301.80084784629435,0.3769249532003025,0.00012523573256864733
24052,-0.7129523078550495,-11.93454181337677,4.3535610251513335,0.9156092461882188,318.08588442157014,0.5775236025341419,0.00012524137151282032
24053,-1.973988992314128,-5.248405301326881,2.281602976337501,1.1181604436562145,421.83023588033876,0.3290092923805057,0.0001252430419846196
24054,-7.169213641854738,-11.389162186167034,4.385621706876755,1.8393024953445525,469.23307461907586,0.2176011624830565,0.00012524820217286407
24055,-4.14916690900137,-5.697894089362298,0.44631667426647387,1.4458585439173082,467.8406155216346,0.3322327845861359,0.0001252504431471925
24056,-0.0751658511912332,-6.580255275199337,1.4982484819368143,0.6203776857867764,180.06129357417538,0.7220916633052594,0.000125256945772014
24057,-5.048531275233687,-5.407463938934647,0.10919044165301894,1.2662219763743783,240.99382208583475,0.011002514713012168,0.00012526426156270708
24058,-1.8871978890370862,-5.745384174224392,2.8642474072646906,1.6901202583942185,467.88245034127146,0.6142040836609253,0.00012527466987359567
24059,-0.35700230977927205,-6.59594698322442,1.5192241170157261,1.2369031408907187,339.7453675245036,0.22610462022717837,0.00012527713665007654
24060,-8.290092236242259,-8.747313030976269,4.565340477457639,1.3513881411056399,328.627537750281,1.3010683281575508,0.00012528958706468468
24061,-2.1394048234941687,-6.392263784708789,1.6005838852245438,0.9948141728927573,260.63438626153584,0.6366865275996227,0.00012530243676544457
24062,-2.300898800987442,-6.34655536632984,1.5236193797078605,3.3954545258003845,529.0984030755362,1.2845522788334263,0.0001253192630809179
24063,-8.13971026429282,-10.926310593813943,2.276551590880194,0.5426873849876541,136.95125675241758,0.07506518097482129,0.00012532067735086642
24064,-1.7648569517739467,-6.580996210661825,3.2862865408910764,0.9168097783130158,257.67388864693174,1.178921647974132,0.00012532273964072744
24065,-1.6705971187604476,-6.088518046078724,1.6392148331338197,1.475099774230494,330.4198671495352,0.3982729135000538,0.00012533103130007677
24066,-3.020859434997554,-6.3838166296074,0.36254318258227497,1.7666146688829987,420.95737880654093,0.7615220647569219,0.00012533941081919718
24067,-2.155496551496711,-6.891057971825723,3.511878101192625,1.145672266831486,467.8870160522613,0.5900421146097692,0.0001253401629345111
24068,-9.803529796512203,-6.623850652423527,4.6494978181838595,1.2933140759584194,285.84995003065944,0.3710583269311565,0.00012535254307551678
24069,-1.9064908299550822,-6.101627033235066,3.0023636752208103,1.4019977742798022,334.46259723093516,0.9736762928539759,0.00012535373529366214
24070,-2.6801566046199676,-5.001613688734445,1.183446861455379,0.8603409554116226,347.1627747814688,0.6974454656776308,0.00012535411511098904
24071,-8.137822694691,-11.015041353170686,2.1413859137469315,2.286826781583204,426.8732340885069,0.9221691760391755,0.00012536097182522173
24072,-9.923177089263671,-7.2957293707930555,3.8450558515455935,2.8584558468572747,488.8066044011288,1.873043527998127,0.0001253741049943117
24073,-1.2633992623573782,-9.847560944545704,0.03597279753279291,0.7176889225750424,468.4268879845252,0.4965794020033183,0.00012537680833085992
24074,-1.7107271750718862,-7.146438043220005,1.04111915724656,0.7354324778107805,205.69637087044293,1.3115915556255606,0.0001253781510971175
24075,-2.729372485329902,-5.039845679673189,2.74658529102823,2.1239088609144567,230.06132738826972,0.16239950352486954,0.00012540608410081545
24076,-7.734588389663984,-12.537097722858068,3.3376671480417763,1.058998613970462,275.0298415261891,1.658426482255666,0.00012541385921621678
24077,-1.6714956610347471,-6.7578909580342765,3.4222133693286025,1.0311042052991612,467.7166225293118,0.8133626003331189,0.0001254284763739909
24078,-0.1372926759344164,-6.721584939505253,3.3792519672676073,1.2744727455543954,281.6247829456832,0.04494117757492688,0.00012543008609224303
24079,-0.28962123292692965,-8.6232123009755,0.3541576457183749,0.8199287252268732,239.2138580609717,0.8560887192834938,0.00012543093163350024
24080,-0.30534432693855607,-5.972882364291451,1.7819638405892924,0.9622691144470185,467.5191762248383,0.532490653996966,0.00012543316092827292
24081,-3.322415956785674,-5.435676971466295,4.593062394627362,4.048883976586254,572.8024328461624,1.0710886194727962,0.00012543621961964106
24082,-1.4365126505137802,-5.680531696830538,2.7807305766657318,1.5118013062439553,468.9160589723348,0.8638885729793175,0.00012543745454532946
24083,-1.8807613210416392,-5.023784934800968,2.5525467330260065,1.8815210562423308,467.9335098892903,0.3029669269294004,0.00012544834194040108
24084,-3.8300952217355455,-5.6798080707629905,4.98613368355713,1.3697095684393181,297.3601056269645,0.46650496973431377,0.00012545429224901554
24085,-2.025098836126917,-9.783796990261102,0.05743908989613919,1.894974606657488,469.0948558042323,0.632547884997325,0.0001254573407405503
24086,-0.19598219965554975,-5.794414857000004,2.8799146983021933,0.8165011978647227,163.84559869439855,0.35068583574010326,0.00012545923469613928
24087,-0.35477905463635473,-9.19470205625724,0.17610041738586055,0.8924795189504016,218.08800694008022,1.2121320711965753,0.0001254635683274939
24088,-2.5825395253719154,-5.315706707407893,1.3066281975405605,1.0335194666538,280.50962538614135,1.8555396335661714,0.00012547422710955413
24089,-0.9231100195054083,-8.072953860303894,0.5743838654880479,1.0538873874753565,208.4386930109783,0.5883946281664292,0.0001254780671882159
24090,-4.543509519416691,-12.203495103544713,4.76383460984205,2.335948021822605,420.7897270635754,0.3766916193647232,0.0001254806445061211
24091,-1.9971292796390987,-6.933483945703547,3.485065453290469,1.7175681548759827,468.322758347075,0.5069873160403979,0.0001254831982721465
24092,-2.268371517845419,-5.658164343246984,2.77012183187935,1.3653154340772073,324.5554892936639,0.21395435320392941,0.00012549035620483559
24093,-3.970203017790281,-12.29272819398971,4.743440652765193,0.914943321522296,460.1723012140216,0.37629354303654683,0.00012549223505560117
24094,-0.8203226533896171,-6.148178194097031,1.6371803733552606,1.446538402830969,324.4691716604652,0.9053976212920256,0.00012550447809088358
24095,-2.2993429621835375,-6.12615487077081,3.0091512733097523,1.9434515569266118,389.1845454450946,0.9411389424365417,0.00012551625748973724
24096,-0.4967287875939306,-5.604318079079832,2.742090849102607,1.340075988107592,322.47134593134535,1.89378294994839,0.00012552545309937462
24097,-1.9554828787048155,-6.175039502952426,3.0231747530513498,0.877023477791377,457.714735464037,0.9033117171507117,0.0001255300282086712
24098,-0.011964354317555603,-6.696853890659749,3.358255252425877,1.5347219261455949,326.7203595870307,0.20049887712146042,0.00012553361615633943
24099,-1.616767543674822,-6.7162775887130275,3.3711099153844764,1.002270937139398,467.7899118022514,0.42090464408030126,0.00012553612139982762
24100,-7.994134152609297,-11.830797360558096,0.6009865574659768,2.3157259941306587,422.17365346101553,0.6695277993995274,0.0001255374805657889
24101,-0.06365719638483824,-5.598672899616709,1.9779560596450825,0.7547652631557041,208.2880023375581,0.4756332663852083,0.00012553966744427574
24102,-9.96364203552706,-7.125752266038903,4.017886258802493,0.5592564245257247,158.97243944516683,1.0167941650728718,0.00012553977297489715
24103,-0.8049537322346261,-6.410218001437552,3.2001617848696347,1.9322749944036837,396.6175438477422,1.864315572815383,0.00012555669672775215
24104,-2.3466796408276425,-6.3241906349890415,1.572286633172646,0.8899516603361938,460.6128781860123,0.5053087724641729,0.00012556100858559247
24105,-2.342816704798711,-5.533100645682769,2.074120834442619,0.7541485470746832,163.33495364572858,0.9223527749519995,0.00012556277284140276
24106,-1.174417286836892,-5.755850049942596,1.7781634239532607,0.8899984327789786,215.18402664861688,1.339524534710323,0.00012560006678014762
24107,-2.8336136628268314,-6.306823354711521,4.647365995310411,1.8230414381422166,467.417898844026,0.3306199020783671,0.00012560262085047167
24108,-1.3458384866558006,-5.403862444509001,2.6194476297246485,1.1284138571932198,278.88607925782424,0.6673614330364126,0.00012560263342774393
24109,-0.28807620034863923,-9.215282190983325,0.19217068632957524,1.1256400215069184,261.20920840867063,1.12497620536511,0.00012560278867553763
24110,-4.231286181538358,-5.122052944057523,4.300898640540218,1.114168063666524,291.4888393326377,1.9480939863534559,0.0001256076823263343
24111,-1.9220529661294208,-6.131537063273359,1.6330992573868548,1.7781276634828098,421.7865470416911,0.23701005702729017,0.0001256154015468924
24112,-1.3595744012257036,-6.913508151502323,1.1633385794869022,1.0222752055638589,195.9344980812812,0.08419069775610044,0.00012561879517374722
24113,-1.738926038225575,-6.481836061415956,3.2302087463366718,0.5630649108849675,127.07676263102388,0.38029538900423443,0.00012562624341334733
24114,-0.7352321644224684,-5.542920561818735,2.086365575586769,1.7889442459491969,468.53161755076366,0.49316646635637884,0.00012562799246891115
24115,-0.8973590679874963,-6.776989517731753,1.3736071125765879,0.8587371937204987,245.10997106895712,0.6330446932440648,0.00012563173029833587
24116,-0.15219130966439742,-9.932875667724002,0.018020871198628576,1.0721579639928263,468.13620642874304,0.49998302378790616,0.0001256417782082652
24117,-0.03739939539471315,-8.072671520034547,4.266736503887324,0.44203874805246846,112.70968602896698,0.24315841669100724,0.00012564563989219708
24118,-0.18596300988934367,-7.714982525888752,4.085376797524715,0.6272820195920823,183.7485643136817,0.6469639985287374,0.00012564797597175556
24119,-0.42528987202480906,-6.063145644775543,1.818165951778073,0.767076750596251,153.80042308640068,1.0836166920035746,0.00012565868763782074
24120,-0.46385519144243936,-12.501260434954322,4.341569895283612,1.7836722676951668,424.9379112604238,0.07549585897669076,0.00012566059079170618
24121,-1.4049891035863276,-7.123555233113237,3.6248329623138047,1.84057784327213,467.44493462374,0.13169412485441523,0.00012566202381901132
24122,-8.154706984788596,-10.111971596777563,3.1061168255850147,1.6840956924217114,467.67056575703714,0.5225441852415775,0.0001256629384534939
24123,-0.08457477614119391,-5.891151942946819,1.912206187467786,0.6959700858532217,449.79914842009174,0.3770516722012962,0.0001256698218843795
24124,-0.029597947611533115,-6.366854566884828,1.5219375995930848,0.9909823556980256,274.4363243098476,0.9238724201782214,0.0001256796423568723
24125,-7.843196590696262,-11.377234897466465,3.2776202459389654,0.9635177026849872,470.04614482341987,0.16118213375146517,0.000125690703669074
24126,-5.767408188431107,-11.110392085937345,4.990423841829864,0.9260015462322119,235.45683796003158,0.325311694572636,0.0001256945030420429
24127,-9.734869374509797,-5.630752008443481,4.84098352800531,1.5080578196077536,342.10478021127807,1.607181861101429,0.0001256975244805593
24128,-2.4348554208632747,-5.07557783967778,2.358952355408233,1.3193299266273257,282.69560498715487,0.7019721956548821,0.00012570305340604306
24129,-2.388576131678467,-5.199168744235918,2.1729128556382475,1.226202902543997,298.4043007624631,0.9036056718444501,0.00012571319410765265
24130,-0.9971098538934111,-12.557917698783935,4.369499523398232,1.760228184257317,467.90782525470775,0.5533981949107902,0.00012571878543545268
24131,-1.6724274382059008,-9.426036829641141,4.523431240427744,3.8116979194430005,443.3183212554572,0.07102665977191425,0.00012573013081427833
24132,-1.8469316537192135,-11.848519382919758,4.3457580945288345,1.7120928870970376,402.950468084085,0.443575357779908,0.00012573388222257751
24133,-0.5748549946938901,-7.6949110483194785,0.7599846434724443,0.864114526195144,243.1918582157815,1.4456752751826638,0.00012573542726889214
24134,-0.8833381370281082,-8.122447044940355,4.289854810560234,0.6875102643338723,139.00369191880887,0.16809336330227698,0.00012573957925575546
24135,-0.005753413409005148,-6.809755181402565,3.4484986404956266,1.0937151648729504,278.1311767836269,1.6403108204197823,0.0001257599528171809
24136,-2.296869108212551,-5.985865067864616,2.0477388946153816,3.3776208538332377,504.62364504074856,0.24520533090459118,0.0001257680308673316
24137,-0.5984403425972893,-12.225684849938725,4.308525261226378,1.3936459002591306,332.5306531308633,0.2964010207929828,0.0001257827595823232
24138,-1.3607269263151718,-5.768833584427487,2.8057016706408553,0.8782779686351655,468.0950535042776,0.5833170327137074,0.00012578553070024935
24139,-4.186381561240551,-10.674962567575204,5.1047789907857455,1.1307973371901134,297.2449897478033,0.6630176656602051,0.00012578789951184666
24140,-1.8597198691905916,-9.256149472386156,0.17070941684834554,0.783380592518814,229.74313157788276,0.3537448828477574,0.000125791942708797
24141,-2.3313410188648307,-6.315506631474431,1.5342136476011505,1.1012837595929823,465.3643606108693,0.7550822482843591,0.00012579767967398604
24142,-1.0026568755927752,-9.050985472055714,4.525781201853793,0.7183792285985549,445.25898918312595,0.3160664466331289,0.00012580245015713832
24143,-1.370452496891108,-7.395930317658081,3.840592943814111,2.7215886992245277,476.4699027121762,1.7645788275087098,0.00012580319662911925
24144,-7.896270501621428,-12.78496201289306,1.2523516222754598,0.9261395502130592,468.02713459240874,0.3802256637747812,0.0001258062722326906
24145,-0.36727186457361505,-7.191530037160494,3.6990110944778207,1.978627128357433,304.592973969945,0.05422444100651003,0.00012582107272697234
24146,-0.661242290467376,-7.180422725292682,0.9916245806396314,1.1913478483550024,248.72310906686593,0.5007187968659359,0.00012582750538118673
24147,-4.726384217470178,-5.3368103989422515,4.8819544860196,0.9528459911293455,186.00449355243663,0.1591992932544608,0.0001258323233462408
24148,-5.345003525151888,-10.694151536106459,5.131018005723015,1.1172496573552113,291.1999918879571,1.0801983064446317,0.00012583239120532926
24149,-1.4610406168002399,-7.943143215908184,4.221754165963799,1.1127119331344946,237.42752695169375,0.8123945487734963,0.0001258352542786281
24150,-3.614366647509657,-5.212275917245422,4.366396451927427,0.8273215431832188,216.2964127847601,0.5686250275171618,0.00012584496567398057
24151,-2.6835061336785957,-5.216333679076868,1.049573056473456,1.0758805203562776,226.56147766840834,0.735965646540774,0.00012584920831646608
24152,-0.24584350462849613,-6.404259367175336,1.5915247060556805,0.948021327131777,468.36442021219983,0.4741700373614952,0.0001258517344482657
24153,-1.641691590438903,-8.05831283767619,0.6214780666947577,1.0618243437156836,279.19905644325075,1.5592519110150524,0.0001258606592734089
24154,-4.548068253293911,-5.411285107650174,4.88109268337398,1.1090363378548627,292.563130671045,0.6284500277474283,0.00012586726320577824
24155,-1.7070853594484063,-6.182250891858487,2.9736422760718666,0.540231245634085,161.3853813068801,0.968529159111502,0.0001258677197305439
24156,-1.2883594864457297,-12.268131156499253,4.380956949387408,0.9447411550891444,394.90997103958205,0.17438599447672498,0.0001258692178096241
24157,-3.4663416225906785,-12.055434767872804,4.761659826824734,1.8287891298386698,468.0774291929075,0.717996907591707,0.0001258732823138113
24158,-2.109859679273846,-8.992686519715349,4.522111598910862,0.7856567697735208,154.97345325285482,0.07564302050175797,0.00012588941453202352
24159,-0.7189597521952056,-7.8270699645414625,0.7414610865982646,0.9996724392242465,267.0096592706784,0.7837746077139744,0.00012589676932563723
24160,-2.1569354218505463,-5.567923651028297,2.0862372004980254,0.6924193466850612,467.3188565565571,0.37953761525045326,0.0001258974075424076
24161,-1.6741080382216964,-11.72022416852985,4.348329754198202,0.6086869295947398,125.69467669679274,0.7196759961950638,0.00012590588885096564
24162,-1.7820063778548043,-5.5584173650192845,2.5973839692927374,1.448373226078363,467.93669665568524,0.6194220384224858,0.00012590755531853933
24163,-6.631942661253207,-11.53962447552687,4.736165201774878,3.7726929153216155,529.6811796154338,0.20459636880833898,0.00012591108681142936
24164,-1.2317185184205268,-5.973668181031702,1.7429664571923569,1.5850567554953177,364.55440522894617,0.2744029908865242,0.00012593809017026985
24165,-9.295209788115521,-7.073015217717333,5.110556856773871,1.8862377193449686,372.360235499999,0.5834531257872984,0.0001259470463826397
24166,-0.9662053237540515,-8.868961282775878,4.511464479428528,1.1070610673564099,466.1280215380378,0.7003778632879278,0.0001259494058771524
24167,-2.2347454421089816,-7.630428758208207,4.012591033683018,0.7093592886608714,187.22536878435875,0.7117443603396927,0.0001259514711672075
24168,-1.5325454783277763,-7.559667516498926,3.940241656844588,1.6800715777002284,392.3051871461392,0.262840027679176,0.0001259548867472828
24169,-1.1521184494494356,-12.488655538551432,4.368723853089948,1.1413925828195612,290.66552055105086,1.0089343910552309,0.00012596618921716142
24170,-4.94690959102542,-11.040587756565301,4.990817522449789,1.8432405543659744,387.02308516907516,2.0025966543158225,0.00012597526724545302
24171,-2.5504452605311236,-5.126793111109435,2.2688554502338967,1.4073824429518877,315.3774786298191,0.05119462217550197,0.00012598999677376402
24172,-1.2092395354692833,-11.118387115225222,4.3735243847014384,2.437494068649564,415.8191396095846,0.3552242447603442,0.0001259932796332278
24173,-3.5679823783281623,-5.045892772125973,0.8808670476136299,0.9832198160607855,469.74647281894926,0.04972382193197422,0.00012599711453553268
24174,-2.722927934643665,-5.102675763060227,2.4405793072736985,0.7182313663854829,135.59791694517256,0.3284973074977833,0.00012600525561226364
24175,-0.10266750960679616,-9.759349175764608,4.497245524970842,2.3557929150328922,439.1306694835263,1.3508896416085365,0.00012601041683473377
24176,-3.6121974864067248,-11.91433464915903,4.780093672586661,1.8251823874238389,467.6462933695603,0.4430727535712746,0.0001260221820318967
24177,-1.2149319962451646,-8.069597476178444,4.261391461372677,0.7163782255975913,448.35412649358983,0.3273241813743475,0.00012602601513037848
24178,-0.4736589483924085,-6.4785604756865105,1.4666662167731126,1.1411041955242924,296.52679385356987,0.31358928956205734,0.0001260389712821835
24179,-0.331607163839422,-5.017213427750634,2.2088973851974893,0.7235121784675054,217.08228765357032,0.838943429138447,0.00012605561608033852
24180,-0.9448914570603684,-12.119248576510879,4.383407436954554,1.459901800176867,294.1884598125122,0.5183413550263847,0.00012606846238819654
24181,-1.3581937607399759,-6.426837880178604,1.599363567792945,1.4110457655552875,281.3698543111764,0.07456259352081851,0.00012607277791681597
24182,-0.8442671057634055,-8.986898435250506,4.520168145899387,0.8868454467547547,468.28291790567886,0.9178633399126257,0.00012607663100546688
24183,-2.3641812908704125,-6.342992291524323,3.127605409787504,1.0191506385989275,153.699428868058,0.4021055287725783,0.00012608005017720707
24184,-2.390585188599813,-7.597106234722049,4.105699581893094,1.074698110620216,217.7207249805607,0.08140762450328776,0.00012608064698805386
24185,-2.332113193404756,-6.828037769294125,3.451040111860322,8.117698995595047,288.78982713222496,0.42143371266464147,0.0001260839635416497
24186,-0.21331938001067385,-5.6576554728948665,2.1049111418349304,0.4896711352335039,143.70556925237565,0.29817937689634455,0.00012608866333549914
24187,-1.5263764512871933,-8.544201473860015,4.453994622043157,1.204181967946938,217.0289105576353,0.08205890028309071,0.00012610639085245526
24188,-3.403205729463248,-5.334816454788726,4.4143112567314615,1.8799533234231705,466.6995895001966,0.08931397017735332,0.00012611175965834487
24189,-1.5917922160708002,-7.4367729662238515,3.8644474711101013,1.1103309046768082,292.3884935334594,0.8010781392976378,0.00012612538696590516
24190,-1.633002192178198,-12.01232081943267,4.386282389220365,0.8705029106695367,236.2826015040894,0.5507087877991088,0.0001261281816559413
24191,-0.7686731080874463,-5.730275918778763,2.0099454371268175,0.9471639757997167,196.9198945999611,0.057456615432625036,0.00012612837828280293
24192,-5.071235030745755,-11.937345274035179,4.807856719281775,2.271241099550752,435.49955188361605,2.3586863760783148,0.00012613256661875598
24193,-1.6813822383250852,-11.726885653658357,4.354074936596944,2.0952076979963654,405.4407725585797,0.9169208604826382,0.00012614044298198243
24194,-0.29974020275721536,-6.658787470417268,3.269105167819816,2.144810314901863,413.248592824503,1.0343035604476247,0.00012614072673302273
24195,-0.3058241609372363,-6.919222798917497,1.1238042274649562,1.7539595576300253,366.4573752668183,0.9446238555707742,0.00012614582231624738
24196,-2.6257731505754442,-5.4268602396277945,1.0609403619746682,1.0710350249360312,223.50702870423734,0.5034226321428452,0.00012614665752940334
24197,-1.1652611848509196,-6.249188496979204,1.663161508485899,2.513287585719576,455.07252971653907,1.384774578808817,0.00012615139536067363
24198,-1.9295320641899298,-5.022563423040109,2.516393437625356,1.8291450184152647,470.03148050404036,0.004863736778557559,0.00012616527638737145
24199,-0.6178545272886531,-9.15533946160247,4.525410285631766,1.0838275379725115,225.47498005849548,0.43852509751185664,0.00012617118037377568
24200,-2.4036194796253874,-7.041382667414636,3.5778056181773334,1.7153599126968377,467.3450718001322,0.0871197688301768,0.00012617605514624882
24201,-2.518822510681278,-5.695290064547579,1.8516006721189309,2.014243529972647,216.79393866121472,0.3880013020157902,0.00012617757496399717
24202,-1.4709475197296946,-9.373757875442266,4.521925463617296,1.6702387088347252,468.3205661266251,0.1460642396341436,0.00012618802099052104
24203,-1.923956924824676,-5.1935789865974265,2.6767954956061826,0.6523454948736628,150.94587738666846,0.17068082617728386,0.00012620041930049285
24204,-0.0443281459851157,-5.854027354736309,2.735837007726248,0.8164875501309625,231.71796099453363,1.0165880961813114,0.00012620466613469681
24205,-1.3309202348727691,-5.022323436182507,2.2311845852281347,0.7347906395711638,468.31710587001265,0.49663316068620755,0.00012621098293595978
24206,-2.1270479279183245,-5.147044527218103,2.5600958468197197,1.7011991194235923,360.4033038282321,0.6859817243886344,0.0001262123607175238
24207,-0.9494543475103061,-6.002345210121813,2.036663746535613,1.8665363491687272,449.6569844359724,0.3654226407726666,0.00012621375393011134
24208,-4.223625330989647,-5.66083762603297,0.4265356266820648,1.1468321452943446,172.55391580414383,0.39083505206596936,0.00012622165979851564
24209,-8.246144707871743,-9.907504567935714,0.5159718051415652,8.968969816492649,716.3339945016528,0.22213503622305808,0.00012622791418943194
24210,-1.3019564809986512,-5.019013639321114,2.366838215416926,1.09782378559841,289.7437011693033,1.2648287516050054,0.0001262302895131601
24211,-1.6398157515690315,-5.112930616649376,2.6529210693738987,1.859981699010847,447.77329565060853,0.17811008188241306,0.00012623982955835638
24212,-9.456327205552908,-6.768750498110016,5.081095752082853,1.7399182885856865,468.25635265319414,0.3691183377212264,0.0001262409674448544
24213,-0.40531963603238275,-6.242490600905972,1.707819573180517,0.8658523300022412,468.1118899096955,0.7375547468345216,0.00012624367977890008
24214,-1.0086358483885292,-8.405192289388996,0.4329206065769853,0.6820199990194644,137.941214119034,0.6949649782172047,0.00012624856675003354
24215,-0.18020630401706228,-8.347716823217453,0.48038027182740145,0.8280486574261987,166.56557003638693,0.04238123431581897,0.00012624981984808695
24216,-2.069145352093594,-6.856266201525089,1.3824148762160686,1.853565145973202,387.992821909441,1.907208029730361,0.00012625082898895656
24217,-1.8563275592388386,-5.045159288270895,2.210584021365775,0.9120072767547546,436.3008161135496,0.004575645739263834,0.0001262596935593952
24218,-1.42263653941108,-11.700858584426156,4.396974039750666,0.9821012201068048,273.20173816366764,1.672036213563584,0.00012625987204332507
24219,-2.5028807672954025,-6.295366521055707,3.19887340389052,1.4575042961327715,324.2595561407563,0.08987099691515699,0.00012626536589698898
24220,-0.7205188265656588,-6.952650694505774,3.5383223827550188,0.8649140541819107,410.53323764039044,0.7367250799505092,0.00012627041463697793
24221,-0.6650883464657387,-10.321681932972774,4.438168478310688,1.1417366028057079,237.98869848854395,0.14269624030298544,0.00012627046093877358
24222,-0.8743683181459456,-6.420364598360626,3.154910935939305,0.9006053230286026,244.97844314089429,1.1424140200591824,0.00012627224495557495
24223,-1.070861053285002,-10.34803411583057,4.435408645875136,0.5399579923534934,154.53942606859027,0.7652226664563004,0.00012627261927626278
24224,-2.738635446829921,-5.253759690832708,1.8263854904929961,1.148373658839427,297.30318638072634,0.8169031796674062,0.00012627610218293852
24225,-1.8625236498601812,-6.156675487258164,2.9514102288748902,0.7061229301858236,468.7528939154782,0.36179114104568644,0.00012628139559072669
24226,-1.7336034042485213,-6.0030298326012295,2.0491921857320547,1.2061395468136291,468.3714709073924,0.525667175296463,0.00012628301627644193
24227,-2.3757573228411317,-6.599032155089219,3.2486041128624024,1.1403311795512958,258.3339197579691,0.11878179237993525,0.00012628658252481065
24228,-1.718449468623394,-9.991555556588123,4.472474648843437,1.1787559540664072,274.3796967734776,0.6651257257255265,0.00012628677985551358
24229,-0.7468048431982552,-5.965630483679806,2.904078462257196,0.7945489616333938,445.6456130274708,0.4998841921883601,0.0001262943853894478
24230,-1.7415998244848225,-6.153891231093657,2.949622269192246,1.5432002673709528,349.57197703068834,1.656136964119809,0.00012629897205192124
24231,-1.462206683834573,-7.01819721215456,1.081182947525111,1.4399147914995603,317.54465018561655,0.7577957418512673,0.0001263004879806248
24232,-0.07945592031081006,-5.318642905658904,2.177429122240422,0.7648521495333134,192.69254813151687,0.057442817214760744,0.00012630714770169274
24233,-1.67386557297392,-7.42745394443108,0.9030302588352287,0.8303798365580798,468.1870312330155,0.18486165754957806,0.0001263262404497329
24234,-2.4082511235823354,-5.2221466341248375,2.2608055004562773,1.64270723811337,469.37603214714466,0.17841680375642976,0.00012633741646598734
24235,-0.5097069850569724,-5.599913288085077,2.0986148365511657,1.129709571980636,245.34352517969845,0.7833870378005576,0.00012633954105237982
24236,-1.1467714236421696,-5.959867124587022,1.9165398137006335,1.4343899697817784,337.43545362337704,0.8530454876826825,0.00012634242399780837
24237,-1.2581849560744232,-5.108773664096534,2.539261028674607,0.7333093870091892,214.32653626508943,1.1860492557780775,0.0001263451281864354
24238,-1.6486883436207123,-5.041072884111056,2.3651963024805376,0.7522099871911173,344.24891749642154,0.3523098145899475,0.00012634589717578994
24239,-2.1663786441060733,-5.8207207455149685,2.866250164501232,2.231823464616084,398.94694340379544,0.43289948934193934,0.00012634702525876772
24240,-1.490038645356325,-5.728310314058177,2.773983930677794,1.462536384259175,468.03014970218834,0.030106503559005127,0.0001263471774896891
24241,-0.5861003429023981,-7.357202125211787,3.806633758332961,1.4375856028274878,468.06745324179445,0.23561320067683234,0.00012635113408305154
24242,-1.5057017812356772,-5.52177507313063,2.586629541520152,1.067488904843655,468.84404223119424,0.6000329519761172,0.00012635670427958945
24243,-1.4485916499929115,-5.249363258628498,2.3674270787349396,2.5201120388944855,455.7416737484716,1.326094678754533,0.00012636115320432202
24244,-2.227043491091486,-7.629488045163516,4.010097804956007,1.3632641623467099,468.0961663794339,0.19655119313027747,0.000126365058051168
24245,-4.092086761577086,-5.756460641010614,5.1750301165900545,0.8067236053668512,468.4573708733523,0.1401442264377497,0.00012637413923993868
24246,-1.0078461110647812,-5.209901962258174,2.162468098360218,2.354643620900717,437.3218386847071,1.1788923253516055,0.0001263768859897403
24247,-7.355301501676572,-10.894589033728003,4.307581974324704,1.7626948813225367,417.77995826975194,0.04962179615688722,0.00012638965692395702
24248,-3.2659188154547714,-5.1332716973611365,0.8658733343388165,1.0223384218523366,467.1064555826348,0.051695223715293004,0.00012639285233630995
24249,-1.0596729316266504,-5.672974339212944,2.0951920255639176,0.504407577889644,145.25871464031837,1.067055559075647,0.0001263974139286833
24250,-0.8532215035191726,-7.58895423529638,0.8528179095758464,1.395673931210337,317.33054518931885,0.198367104819682,0.00012641214871079992
24251,-1.5819782888023877,-6.666761345395019,3.2689896065436765,1.4765673471082053,334.9110075621136,0.5464874713043253,0.00012641512146255868
24252,-2.1183062118417855,-6.724488149001633,1.2890434788076988,2.2808037851914826,434.80071330566113,1.8884589990311973,0.00012641883054641687
24253,-1.6162699567619807,-6.105165588082018,1.823367914828134,1.642581908560097,468.157345717794,0.20283929740980966,0.00012643216072842094
24254,-1.1839759449473615,-9.582728782881993,0.08725127371138912,0.7767862651993707,142.37848475813308,0.20884556049942837,0.00012643597851541666
24255,-0.3052207571739114,-6.470465610552391,1.6123300836516856,1.3197751087670764,323.5632913646059,1.0694488512797031,0.00012644386125697308
24256,-3.7541756992987523,-5.215529879499833,0.7987073641246124,0.8714988876582055,194.6679524458728,0.8341745567426786,0.00012645158735985124
24257,-4.183393796086111,-12.691806815072203,4.709925976893899,0.512149860626167,126.82327720765053,0.4656604325721414,0.00012645462901468408
24258,-1.6003839002965883,-7.86288287700071,0.718145374651396,1.0098197228210357,167.95203571833667,0.4218800675536025,0.0001264564274025042
24259,-0.6849257344783783,-6.768472422797552,3.4128768201012676,0.8741402438444137,240.7925445157399,1.3442520716825417,0.00012646179711988252
24260,-7.460187460532438,-10.9684109667128,4.139515166678977,0.45836701860424756,144.221371235229,0.18259294016672545,0.00012647291995587063
24261,-0.7272262193188457,-8.252816255306815,4.369575757610102,2.097821306280387,402.4922264348291,0.7505227792209999,0.00012647452289768602
24262,-0.926468460769863,-6.295182019241439,3.0926609539122203,0.9027803808631598,190.08115038296415,0.8550038199093626,0.00012649259051617813
24263,-0.23573858778906143,-5.2064743746214655,2.1714093547687447,1.0341653489651548,269.61804216783986,0.9147551102593772,0.0001264978208187954
24264,-2.330921830277898,-7.4114977650400435,3.843177247963914,1.8094461926817376,430.68675542390133,0.4492113323782032,0.00012649945925010767
24265,-2.017999297365681,-5.07666997188745,2.2061546751010774,1.1147307799417043,285.7573473974943,1.503032841705572,0.00012652099088471358
24266,-0.7709736258680948,-9.870572624546504,0.0439370583273124,1.534021542094149,344.6043442493997,0.513520008594579,0.00012652805628313136
24267,-2.254340350037004,-10.711812420510403,4.424961336820494,1.5722896434378602,431.4869962362544,0.24993613042113338,0.00012653023491923968
24268,-0.2145214647011855,-6.116241926389387,1.848105391954629,1.6353806558290587,375.57237952269395,0.180500130818106,0.0001265316613222382
24269,-4.058337878330828,-6.131419621714624,0.23708040764117394,0.9902929363676025,467.9099904835474,0.8940619550336857,0.00012653999391749865
24270,-0.922788737687112,-12.066838182159808,4.3807514108728265,1.3394970528257473,323.15734678370933,0.4687825165805002,0.00012654144496910074
24271,-1.703318019292066,-6.967376828827003,1.1747210797993013,1.6788546724567404,394.1307891459311,0.010989697752728844,0.0001265424080820969
24272,-1.8334460732130733,-5.189879257759192,2.2736307545632135,0.9230816710580583,143.81872081839091,0.12230387003448762,0.00012655622377966572
24273,-1.78347708603658,-5.912753456710892,2.882759440712779,1.048655132280595,276.2067686948101,0.9301792298259048,0.00012655797569991544
24274,-2.373633245137813,-6.3038056362840065,1.7311965987523623,1.0158110118272323,277.095082627748,1.4413726032422973,0.00012655953945093655
24275,-1.609640160143739,-6.987507041082,1.0850772712716714,1.8946529054666164,467.6971439999663,0.47457499544067705,0.00012657969967551195
24276,-1.9236490705946423,-9.706280922811322,4.497110777218274,1.1813240879388152,301.40450418508186,1.668296176720749,0.000126583860396388
24277,-1.2418881851949344,-6.571261745007229,3.244041302419876,1.1356325293046021,292.47986397704346,0.8164337216617197,0.0001265916819267466
24278,-2.689252094976543,-5.276551933117295,1.9543784336345065,0.5074849178883936,110.86722962485568,0.3054602005888203,0.00012659663972372764
24279,-1.2786668240917507,-7.68038370729232,4.0527425087925755,1.5193265245910212,351.86593324143536,0.7450844205255462,0.0001266032959272694
24280,-1.2975732325042895,-9.183859728233243,4.522023423779084,1.5488707644572242,357.94171201863617,0.0027652622901008783,0.00012660450518532263
24281,-1.2813790596794075,-6.80312363309423,3.429649571922065,0.5790725099866043,133.88408233629545,0.19332850423583636,0.00012660770438373533
24282,-1.9191794386192935,-8.433502371335267,4.419111642846282,0.9220762525302904,209.45976401745645,0.44663654898086147,0.0001266078854631714
24283,-0.677693876663195,-5.076404544324283,2.5132364965134424,0.7933241562411113,177.3188589050962,0.032095306821364744,0.00012660955872122892
24284,-2.4113908850832217,-5.084727132787368,2.2162912611265275,0.5907839020355855,161.6857547818365,0.9529343979568088,0.0001266156964496195
24285,-0.923617693466559,-9.673346678802307,0.06457899190341065,0.8608230920607198,467.45836627998773,0.5932419037145609,0.00012662345518215843
24286,-1.5137561013877505,-9.120428739190263,4.521071855031411,1.8781436963785056,468.1924273094449,0.2901450795700944,0.00012662497261146002
24287,-6.1887977049785174,-12.151188474954456,4.763864641090458,2.6948995102740745,473.01511813854046,1.534540939314721,0.0001266452046008654
24288,-2.720350889949862,-6.316968634723153,4.2050283191969795,0.7341608650693527,205.9356323688823,1.2132276843942167,0.00012664661173181013
24289,-0.03813574571651657,-6.137407415552221,3.00131057616499,1.05002409205624,466.85636158082053,0.032936775035715904,0.00012664886239795663
24290,-1.1291433142368152,-5.0669452338699115,2.50775290026303,1.8148971704112433,368.59950084063087,0.737363424426551,0.00012664980373160625
24291,-1.0645069986056281,-5.082985186852727,2.513687483663966,1.744195267106229,410.1480094306778,0.08522704296339256,0.00012664992899463713
24292,-2.176652227370349,-8.671972500691231,4.4769088629786395,1.1177784155886261,259.64633399458296,0.9020855829065946,0.00012665220517892598
24293,-2.7311205445917395,-6.0307472915025135,0.564499795064023,0.8018295395748636,234.27445525092054,1.5189140581879874,0.00012665271706495255
24294,-1.1470591758373754,-6.717192041534836,1.2973217685943819,2.1034871252031277,395.9224435766276,0.5250095034045845,0.00012665560479530676
24295,-0.18063209357163323,-5.167202722069682,2.258166669303308,0.9895506659506643,274.3202765253539,1.3607935543249594,0.00012666092555413608
24296,-1.1799224764323633,-7.478837279517646,0.8599887037295559,1.7477035859022105,468.7053682789299,0.3210123949319277,0.000126664407658579
24297,-2.7456506900360633,-6.720466456360188,4.85077751350785,1.4890512483248992,466.6934637762661,0.589871236854159,0.00012667360216007235
24298,-0.6537235327461506,-12.069868011329687,4.379439986979739,1.1141235151526372,467.83556967196046,0.011928108554522865,0.00012667540164446788
24299,-0.9186938789875025,-5.665643715401201,2.0847030371905633,1.8541117170142263,445.2373925369902,0.26749183113015196,0.00012667888107590567
24300,-1.1895520066695742,-11.68687740797513,4.3937901680050215,0.9697675167563717,193.2597076990095,0.5904501716559682,0.00012668230410845535
24301,-0.9095274171486967,-6.039541812398308,1.9358627893947795,1.0640103718392928,210.59900260071075,0.3862407276961788,0.00012668798235171316
24302,-2.3329099350251505,-6.335359912784534,1.6986069425194483,1.7394865127418713,412.41369686221486,0.22647067128277332,0.00012671158420252853
24303,-1.4034261568391209,-10.406729369523516,4.425522462500986,1.7287559475369882,407.79081805774274,0.20183608342525705,0.00012671524738792314
24304,-3.1976960947605626,-5.615053064111805,0.6858686373762836,2.7360778670087877,478.51036641189285,1.9803881428600043,0.0001267195520342961
24305,-2.063989512773584,-6.963605823926834,3.5385501825051446,1.7213849386668172,371.2305641294016,1.4756991590882533,0.00012672567361830329
24306,-1.5354731177926446,-6.257140632270902,1.6327539761737109,1.0815373738638852,468.1621744942101,0.04993870010519519,0.00012672979777276277
24307,-1.7922207250685762,-5.753854683344922,2.773471991273372,0.7289882679338642,154.56367258441995,0.2522452885806068,0.00012674159634791182
24308,-1.718846880556729,-6.428471271432026,1.5802337835950757,0.952870167475395,466.92472986075677,0.6157897035154907,0.00012674765710924538
24309,-0.31476679195775503,-12.214703170917712,4.368410986837384,1.0154662252911397,273.4904164381506,1.8020848042260171,0.00012675202316245882
24310,-1.8732569711278337,-9.316184033605651,4.5191418065790865,0.666917267971009,136.09532974786765,0.2640303367057797,0.00012675651960745987
24311,-0.86261300934488,-6.185556922915495,2.9543977934612413,0.9391870912345617,262.62327776515264,0.4432310563109887,0.00012676047471452858
24312,-1.8139279030056414,-5.714667693246211,2.1164445482577032,1.4386791815314213,330.0770586826543,0.3811450145776929,0.00012676709640144877
24313,-0.014114253235975482,-5.875969712944194,2.823976574034147,0.9083026324380242,469.2940027395953,0.032438077798937925,0.0001267751125165594
24314,-0.7926471234124453,-5.446106374918003,2.1774888782256334,0.964231495456521,269.2530173981081,1.7222830850880841,0.0001267789599785412
24315,-2.0871785409148877,-5.794981642047706,2.7898778098409704,1.7271462672080724,468.5984473600499,0.8281717947755682,0.00012678212359804955
24316,-0.24627412046387853,-5.690619323478085,2.099266525747364,1.2318459137262556,297.0919713101704,1.0249462359170547,0.00012678627614956298
24317,-1.2984377836294456,-6.312240220347638,3.095463171434404,1.1546625762504916,219.18788402170503,0.04695587383886135,0.00012679674746973125
24318,-2.0995388381582627,-6.513921953289988,3.225268263971353,1.040305561038426,163.2078888239535,0.41560989996892506,0.0001268005763958913
24319,-0.9228209621522723,-6.542001684276723,3.1768657322778155,0.9983534775523121,467.41605561758234,0.07370155014479973,0.00012680253007781207
24320,-4.15829318253834,-5.48929914016461,4.700213487112704,1.0314837216902075,225.65284511672016,0.02940706969204232,0.00012682496082693686
24321,-1.2134438392346674,-6.517879265819853,1.625562263720122,3.8812995934045023,511.70273696176884,0.14851342029151748,0.0001268387459878003
24322,-0.7214376577828521,-6.598595308827795,1.47963469366337,1.115559328178456,220.4434450049168,0.1614260449579188,0.0001268391776168454
24323,-0.9610181397661517,-7.903250281927643,4.183434899435601,0.9651064697633853,468.7844122453347,0.6074648111041201,0.00012684017600879586
24324,-2.848655117436559,-5.093098055357529,1.5243749629785386,2.1132443297835923,412.7779764879305,1.2680398432892508,0.0001268455831190957
24325,-0.21435718904334422,-5.129985878212162,2.3602531190939042,1.1426434102881156,232.65923291550197,0.14199361706588665,0.0001268494589505698
24326,-9.913658795571841,-7.602293257633071,2.9315982512676233,1.797899667768398,468.0042580396293,0.3700048890778147,0.0001268541466746919
24327,-1.2476404207733847,-5.474018697275502,2.3822094054153196,0.9320466506646871,467.73429653721456,0.21286247240787404,0.00012686222215021445
24328,-3.772280588371255,-10.709152714249221,5.084225812822258,7.9023396977925975,278.9870232574543,0.41180248687632126,0.00012686539642884706
24329,-0.7695238662200587,-6.267596977814625,1.667216534758743,1.3784566665818574,468.59205254739317,0.2664814824390289,0.00012687332585173907
24330,-2.958110236233855,-7.189174550493312,0.0024747591963620334,0.8466977951148051,208.55373971690022,0.682739428828909,0.0001268749607431393
24331,-1.7026696722093089,-5.200564893082253,2.458531022044379,1.3578530864202953,303.4750302661837,0.44997411880921057,0.00012687740179935332
24332,-1.1267530441691385,-6.063923034714234,1.8076895249684508,0.8028761589894174,440.6809203360863,0.05337877791341583,0.0001268793116990438
24333,-1.9720129690963475,-6.265813762960898,1.6302395221115793,0.818762848926082,469.44375670823507,0.09977309512254617,0.00012688090290217713
24334,-0.27267080792970155,-5.998939884125989,2.904223799365655,1.3231306458323842,287.33546483768265,0.5797230724870248,0.00012688821827322406
24335,-3.8259267252344777,-12.464563064680883,4.719312801464032,1.5074528906530849,467.84433863081455,0.9287733863095182,0.00012689919725782166
24336,-1.894207909386994,-5.836789680131667,1.767464970586913,1.209082469392872,309.5788159576278,0.5435942181491926,0.0001269015287686654
24337,-1.2200610816230562,-6.894978156853422,3.410115497431107,1.8714181980421418,468.6649541867126,0.537328785526932,0.00012690321836709753
24338,-2.960180394738181,-12.581808983655582,5.120691475306298,0.9829152083737621,468.2023728286358,0.85724269837712,0.00012692242705497972
24339,-0.38837280423218346,-5.301570113148136,2.6847706913595344,1.6301921378346722,468.6076543708142,0.5277979412227856,0.00012692582323727773
24340,-2.2162484309714774,-7.703694835531485,4.027343234269174,2.10096911560406,377.0186375339151,0.2624699978393954,0.00012693685912202498
24341,-3.3538487870823985,-5.769587016575183,5.052913359544397,1.8522857808509745,467.75205496125534,0.5211105262582914,0.00012693912380007993
24342,-1.0609874583058545,-6.648353539908604,1.409061914962544,1.865396842700642,469.4174124161127,0.03839547343202021,0.00012694010778997215
24343,-0.15748581583491017,-6.267123750448919,2.9916091342569646,0.9219378842734377,210.1005156189079,0.37520357683090744,0.00012694816721401045
24344,-2.098820469367536,-7.8911361520000876,4.17538246046471,0.5620189728753467,112.88582995859929,0.03622010824604249,0.00012695636448707755
24345,-1.0092801588273907,-5.088898684277176,2.445524528377477,1.768911555061447,467.6010095116062,0.3511443035530908,0.0001269611125667375
24346,-0.05079362489677841,-6.046793752223699,2.038908481881533,0.9132346997929527,244.7247845416179,0.6899042127343487,0.00012696204627281638
24347,-0.13294858757647532,-5.158866198548099,2.263440349947404,1.3001034511377196,312.6028698232652,0.2812733711026869,0.0001269671837613692
24348,-1.1471743934018086,-6.331715439785948,3.1026975204632112,1.227148158138947,300.00416758204204,1.4340232096590935,0.0001269688837146679
24349,-0.4600253111882697,-6.334370988344315,3.1041456134540413,0.8795445151433193,215.16278128744023,0.5594639120628333,0.0001269710872860956
24350,-5.912476761410485,-11.117089891356178,4.981627200261551,0.7969395819853229,220.67164860381038,0.7465879388296246,0.0001269803823185707
24351,-1.8664045499119215,-7.70223572549091,4.062178039082444,0.5060800166610907,123.19220444185031,0.9207677276556563,0.00012698395030204344
24352,-2.9112059576971347,-7.0424079332857845,0.11703632772067404,0.9521343547927463,468.9973668553857,0.1018802828641876,0.0001269864415671167
24353,-0.4596000009146568,-5.982550521294983,1.7853288189478724,1.409716059440253,170.07287206210617,0.23135254744680633,0.0001269954875331052
24354,-1.115795722173882,-6.56282073566907,1.322914471257081,1.7668921158821411,468.3651558969975,0.5232718703234633,0.0001269987315455809
24355,-2.5958104301862326,-5.2373722653974255,2.4227594762137357,16.480862051820655,719.0551815629876,0.09996674387241455,0.00012700720775819582
24356,-0.8027504652590025,-11.599937164946539,4.345620769033193,0.9835800835405809,270.824812277667,0.8016103084535073,0.00012700752958814487
24357,-2.0681037368552557,-7.497988163172709,0.8689357339310168,1.0141543533181023,466.2362713903896,0.02003373507988382,0.00012700989427214064
24358,-0.669265637267479,-6.919479561168927,3.503803011126164,1.1507277472172124,286.5802705535926,1.3415568451845017,0.000127010337657788
24359,-7.893720129021808,-9.90869419750462,3.9713031790985394,0.86885237647526,466.56538742638116,0.042586899606906314,0.00012701112031003207
24360,-1.2712025781758935,-5.7893085570645555,2.1440888510046414,1.1099194619114612,315.99266835994683,0.8433065454491979,0.00012701354609457108
24361,-2.586492618162114,-5.8639565046913225,1.6128397226270907,3.0384310552836817,500.5139083948416,1.2175709607282963,0.00012701423042647472
24362,-0.10855650578725218,-11.265974318160424,4.356099505225694,1.2914763663750557,294.45467938132253,0.40564674075745266,0.00012701738648841323
24363,-1.8576587460719889,-6.787598277022553,1.3616514914429967,1.3905243992873555,319.30558239933913,1.143702803673099,0.0001270403603855523
24364,-1.7403023720195385,-5.659558092856875,2.0990564717835802,2.313069648390584,439.2512075548341,2.1076887536858147,0.00012705114354288807
24365,-0.31277395064519986,-5.238419948848563,2.6608964319477306,1.7067218711347731,441.4781762212882,0.007945552881470697,0.0001270512385811883
24366,-2.1401622437849364,-5.18417109974269,2.644312744938614,2.391998100889321,435.33773507800623,0.7676294859429076,0.00012705456763791197
24367,-4.293361052766723,-5.449859590097224,0.48940784068668397,1.5285039766805657,346.10003214443446,0.48285977170242234,0.00012705991459269238
24368,-0.4635424347297068,-7.6183317563790425,3.9657335484886573,1.1992489831166186,469.0979509148863,0.6351647241102372,0.00012706733542677633
24369,-4.8096211686624315,-5.5654812898706485,5.167483270004334,0.9093436572821333,449.6153244434172,0.9452445103302018,0.0001270781684535389
24370,-2.023202531662415,-5.712866514126754,2.6107590461295076,0.7470243619049283,206.5180505568494,0.3664267287348624,0.00012709896864133492
24371,-1.4319751354007852,-6.438684226508189,1.5338870338198363,0.6770740681186198,197.87881126456688,0.919194234420134,0.0001271105191917236
24372,-1.7237866269311812,-5.744690093858004,2.0037943527310698,0.7977028787810798,274.0561756378373,0.18007421126469048,0.0001271200912591654
24373,-7.758130851818281,-11.748429233840758,0.3160376853005179,1.281305856972356,305.59520100348396,0.4506300024862169,0.00012713849647412733
24374,-1.814208462396726,-5.373243414451053,2.2749535306906576,1.0910304490779483,467.133193547119,0.12769692864746318,0.00012714099411458506
24375,-1.7120931240035784,-8.764333444082556,4.48813600761448,1.0614937305280394,468.18603008092043,0.8813059268364833,0.00012714121685476979
24376,-8.099643355227997,-10.466018393165395,2.9550393280646974,0.5717482856475098,176.91645715027033,0.8722955955777225,0.00012717145262975316
24377,-9.509548774207452,-5.090880788139957,5.125730483810147,1.0901252697135313,468.0446116335433,0.83954976412232,0.00012717946673435906
24378,-0.7175227829226767,-8.751016422098989,4.485790919917974,3.730564051176692,543.9966165114262,0.5984205374690061,0.00012718075725284787
24379,-1.3093538026323515,-5.12825352585369,2.50462281561312,0.5218899613459985,112.53573797281858,0.5651855577660561,0.00012718225533342396
24380,-1.8631839487343154,-5.8601472031875605,1.7675026663365416,0.9939682429409525,468.42354320649946,0.2842253781705084,0.00012719091861020278
24381,-4.164616486024947,-5.018593704415769,0.7498631491155828,1.1474130146404524,251.59441154116305,0.06770336139048805,0.00012719236374522704
24382,-0.7046554764459518,-6.665781071865076,3.306437865095166,0.9918387299320177,229.83883235823012,0.4784019339541272,0.00012719323847261806
24383,-4.400609735732745,-5.044612710199123,4.296254585414062,1.0276130825383765,468.1093234025713,0.7356169434425102,0.00012719645212927344
24384,-1.4689069477355492,-5.732452846844406,2.6062874340960405,1.5304735344962552,345.68877222882827,1.6523820409571526,0.00012720344511430492
24385,-1.7197980423652126,-11.987472081014038,4.377384887454835,0.7475812917792811,210.8221473939411,0.3061733455243161,0.00012720384632522065
24386,-2.312601966022857,-11.576147628282488,4.604421700677346,1.0496819352452567,276.02535048869055,1.1017827836679492,0.00012720583719280287
24387,-7.328247254635469,-9.728119160780478,0.11032508415628117,1.6515184807733165,388.0023110288459,0.7967378570090586,0.00012720988128286912
24388,-0.421805611569372,-9.289500020273907,0.17234359597615584,1.82047988578616,434.6420153584791,0.31439944232960837,0.00012722214783824568
24389,-0.5513602769393398,-7.389066698126667,0.9061353204651434,0.6846881651154662,126.81497817186245,0.0996847021526932,0.00012722586369526992
24390,-1.4957204183477781,-5.182242029858952,2.637597032390372,1.1815108816978126,252.10509618965241,0.011596417837444584,0.00012722701916154772
24391,-1.3882498639348544,-5.187398032267536,2.360758212269757,1.3217591392295678,316.59431935706846,0.22215418916462415,0.00012723104422921843
24392,-1.8241736545574483,-5.754790556566183,2.1254959645763782,2.28629014947504,427.2872455812924,0.7259004511442262,0.0001272321174618063
24393,-0.9633649734407719,-5.091514439257758,2.4404088374309305,1.0650664460530563,466.96397897720516,0.5906511399010137,0.00012723263827659802
24394,-1.2749845403495002,-5.3295281273160215,2.463068289897343,1.7528505413524709,468.00322995826093,0.3695488291305198,0.00012724508096519953
24395,-0.15858294851444654,-5.218649885304444,2.647819813389479,1.08618101268022,285.1185728133925,1.4167263897735198,0.00012725012020904338
24396,-0.7027771776957117,-6.968027049547132,1.1766255473672582,1.7135246192819809,403.7868133254616,0.12870985409328384,0.00012725021676707077
24397,-1.2794597561919616,-12.846397475335136,4.329128565544263,1.1542370785205784,295.3598825884985,1.12452988238197,0.0001272509161252044
24398,-1.8533515339090396,-11.617392713853409,4.391657004374251,1.9128645322414528,390.19480871212613,1.2553636976859623,0.0001272577895416484
24399,-8.225944130814675,-8.57135465091961,4.949290150724733,0.7920626196652273,178.63339506317936,0.4036250964900461,0.00012726817622318908
24400,-1.4585094055671082,-5.895091501146327,2.87437206661845,0.8916161518342574,468.85674783716274,0.5431315444772062,0.00012726993504510537
24401,-1.6494950633511465,-12.049585671152474,4.368798690118212,0.9625363256924037,258.12318421636866,1.6201922336069252,0.00012727374340457424
24402,-8.323546100852063,-9.949000372850941,2.5564274902040145,1.678897037597168,392.1929263606472,0.18382642862231346,0.0001272832196803399
24403,-0.22456541603603597,-7.410616156934401,0.9620291388810556,1.0371249911008023,468.0132967992999,0.37402148576807814,0.00012728439286697677
24404,-1.751472075578409,-6.185482721188081,3.0138199162872064,1.1204529754412083,203.86694468962844,0.09588761080537989,0.0001272864479009269
24405,-1.8624388609148426,-6.091232880940674,1.6446260336351757,1.2439477952314453,302.16192391843595,0.3783569218104086,0.00012730127984849376
24406,-0.17661736039282516,-6.25158617963653,1.6824930852611184,0.9470642371409963,190.23351689756896,1.1241033493481138,0.0001273147045568483
24407,-2.533028740332761,-6.1068042072064275,1.6605572071833758,2.8390835969788246,469.6289251879878,0.5547447752304171,0.00012732021358245432
24408,-0.9656111987224243,-11.63884420162556,4.390215884338641,2.167462418975356,383.61363871936373,0.18479308990473964,0.0001273212992218377
24409,-2.3184524828452426,-5.820654727124919,2.012462972317508,1.0606854771501435,281.7359937052769,1.117428144210117,0.00012732399702435434
24410,-0.5155881942871847,-8.628293934330022,4.462332225872197,1.0101691994753517,275.09878821996045,1.7327545721680835,0.00012732918304149632
24411,-8.04310190916527,-11.879999116370081,2.2620300705945544,4.51644121110053,418.9876047259909,0.0442473843647333,0.0001273306965623313
24412,-0.018319891595622195,-6.249081910636374,2.9734652573484395,1.5451332210349036,425.3601840596548,0.20833952212109974,0.00012733392477402503
24413,-0.34473270031348413,-8.14646568549064,4.285412633535237,0.9320899534698799,246.74099550970575,0.7400757795999899,0.00012735220343600137
24414,-1.9590666818186655,-5.2319116087230775,2.1586578867352246,1.262666238980809,315.0452015721299,0.40638148408140307,0.00012735835964939376
24415,-2.138996454178291,-8.296986465861607,4.3785343711791525,1.7142750720901847,328.63118502096575,0.3538489035352743,0.00012737063879466739
24416,-4.785096069630449,-12.998078711072777,4.706228605055684,1.7221754950930148,406.1743837204164,0.5306183122837513,0.00012737261414362216
24417,-1.8082847440880059,-6.601839448438734,1.478194621174235,1.8336583991200028,468.0829413927615,0.7211069842138391,0.00012737783048526088
24418,-2.1749116765909013,-7.4313511047227,0.9432272711024928,3.439427112532275,531.4880835406673,1.144253112289161,0.00012737980678540452
24419,-2.453535287720224,-5.616778466786063,2.379881666732792,0.9924442057244586,232.79115684226917,0.8418785952556167,0.00012738773822952318
24420,-1.0058740315965888,-5.759355744820352,2.009377473776651,1.4584243967360415,309.0136731079121,0.5859827934220254,0.00012739897723770938
24421,-0.7853964324800842,-8.774304511644097,4.487351872662607,0.9346615925486679,469.28261159900063,0.042804695694033335,0.0001274026937459416
24422,-0.9172648429752464,-5.166463883270827,2.263046143154579,0.9641928689199147,252.00539102951151,1.2961486592990896,0.00012740419797834963
24423,-1.248005393218822,-12.36187201270705,4.305558281983683,0.9738346266500193,271.5606591225345,1.6277867905100196,0.00012740423847755768
24424,-1.4998347126684521,-12.02624545495739,4.3681277701918155,0.6681661020424671,181.5572878738425,0.6689836205542923,0.0001274278589126374
24425,-2.7375919789397916,-5.304441561819889,1.5973295285510114,0.8639025573585102,469.8540604138743,0.18601075875288942,0.0001274279832629913
24426,-7.318586460855481,-10.03831409455062,4.785044334929879,0.9411049190886903,265.6196594815075,1.8031961734227835,0.00012743277233551547
24427,-1.5495594129176098,-6.5984834440904585,1.2979579044670453,1.1067521941962488,238.74531407962732,0.3217535423247728,0.00012745745082853817
24428,-2.6973764049008286,-6.069763401859312,3.5803711971470014,2.2717781735102727,434.85441319301196,2.0525006210225634,0.00012746234569564887
24429,-2.2625562325932336,-6.025453892189389,1.749412219405579,0.7816779955409926,467.627141674217,0.4206460178760434,0.00012746241852482868
24430,-0.4555369235958686,-9.913136172768628,0.043364553950423775,0.6915659386706853,467.9727556720027,0.4744269199495186,0.00012746250163921135
24431,-0.2841997353003851,-6.700297817773143,1.4778904291781,2.4664688581903365,446.0727001504064,0.9215883952447372,0.00012746931656025152
24432,-1.2800413409835087,-5.453052201216057,2.5663907572158693,0.8769530978013241,468.05315425412874,0.6553184977612423,0.00012746992830158242
24433,-1.0331168208895374,-5.094240781262499,2.1571259357031147,1.051122667959808,280.98367999613026,1.0656731391715901,0.00012747242581205643
24434,-0.7569475182683494,-5.143265152819316,2.2536391674357708,0.8077648993834796,229.46282018486002,0.7389958430556458,0.00012747247577587435
24435,-9.455542054736558,-6.936096143415316,1.259408190234206,1.0482463847378118,468.6899409340387,0.6467758409791227,0.00012748006662687615
24436,-0.6559911016522051,-6.960430525993192,3.524304577297103,1.4935107829574785,421.73516332834964,0.8681413249169934,0.00012748194257881872
24437,-1.0360492774518768,-7.684069879208017,4.0448650512944395,1.0549525442201209,275.80262154675523,1.688600986348857,0.0001274902523435923
24438,-1.0808841129396978,-12.935787592636181,4.299275245968568,1.0147231880642675,467.1083698296094,0.6244704484160009,0.0001274940771949386
24439,-1.3872109412299807,-6.495233744016026,1.58578944850911,1.0040567266722382,203.38549434581128,0.2765669529653998,0.00012749583222162653
24440,-1.4019814061954232,-5.2258739721696825,2.3603680147101382,2.0651925454782476,400.51753049750357,0.8413899921995993,0.0001275134164032758
24441,-0.611726091848988,-8.723464161394993,4.478485525955135,0.9675644766806281,253.18809090186642,0.19827064712096032,0.0001275189577765856
24442,-4.165532203853248,-5.055450491783565,0.7884018638137816,1.3807919860160571,301.8548312292911,0.8242933413238474,0.00012751959658339397
24443,-1.9903233042928683,-7.408564351281765,0.9323423282637229,2.284380097067178,436.4949806177262,2.142487073951666,0.00012752182938005263
24444,-3.0746264395942324,-6.848224819081032,0.14675061705287684,1.2533167694952878,314.4227650260662,0.2925476826940727,0.00012752913842858525
24445,-2.7001844594857083,-5.528561862697047,1.6415417236806407,1.3657437499013374,309.5046662309441,0.4987217638338892,0.00012756865675422936
24446,-2.307420154530936,-8.61410597875696,0.37073731833218837,1.0178840718976914,278.19159218161633,1.8833763966018546,0.00012757087779956096
24447,-0.2115136786244669,-10.43131425093707,4.415399115551158,1.683274129374259,348.93260108473686,0.5010653157292015,0.0001275949899766026
24448,-2.083582880341101,-6.2002043559802065,1.8110219183651575,1.817316847151707,284.3540184998981,0.4948542980738493,0.00012760120011992213
24449,-0.5322462706466453,-5.868347014127908,2.799336849942116,3.3941876326558655,526.6429263630854,0.964251571072011,0.00012760179488340085
24450,-1.5995717658830415,-5.224718083100726,2.5229809320506376,1.7920236223281285,427.28567037761826,0.01591686485406818,0.00012760604856933532
24451,-0.9279824236379159,-8.326532391802996,4.359099582906399,2.0341165604667624,317.0741837338124,0.06857412851415479,0.0001276098190946594
24452,-8.228764295760927,-10.476571681484508,1.5500900514444558,0.8086879250240647,467.3763024707722,0.05330974453800774,0.00012761547571381982
24453,-1.8066197176876315,-6.345591991407643,3.0472310005759975,0.9676129506028327,190.1267112301562,0.2685045216478388,0.00012761772297656754
24454,-0.8534362732649257,-9.725289075576818,0.060413208559713376,0.8243741101754163,469.0607866580149,0.20980683823691404,0.00012762127251945973
24455,-1.325734327045799,-8.804597051936451,4.489598150954973,1.008597150696404,198.65147277743708,0.06304499281592779,0.0001276283767143129
24456,-1.0779699718953282,-6.656380015342139,3.258946837323323,0.911639166387279,256.8128446912216,1.534630582880923,0.00012763053448315817
24457,-0.18556291058907703,-6.063386445802651,1.8820497990077303,0.9671706090096431,259.3859662767483,1.546111616827253,0.00012763346912584265
24458,-1.7791226837852872,-5.737315536653534,2.698104709590143,0.6838132992230975,194.88410113744715,0.5544994645369608,0.00012763735617272713
24459,-2.8261436254900287,-5.033768865381126,1.348759220824786,1.18936587839194,301.8714144214631,1.2797707748815776,0.00012765111981534122
24460,-1.72324172842724,-11.3058125762381,4.404385951373732,1.1219053130276095,252.0025575360264,0.2928803508107256,0.00012765813186034516
24461,-1.4022869996282967,-5.213307474326744,2.5150201551146685,1.894938928005554,468.18498596296337,0.4383507250996912,0.0001276608149129599
24462,-1.6379080941099744,-12.970675250693644,4.323188713633397,1.0276484796199694,467.1048456149509,0.6288544087841581,0.0001276666483359703
24463,-4.469323717429412,-5.761914381300541,0.2997918468106465,1.8379349891040102,377.80909001927046,0.9392561285053302,0.00012767098082170982
24464,-1.963055786003192,-5.808821917357187,2.7073879852064704,1.6978301770434636,467.74848516537435,0.9273945720401366,0.00012767149183527869
24465,-3.4929153386571876,-5.512609189612746,0.6673013537730889,2.951750625802486,480.80897137941923,0.5705926907175565,0.0001276737189574544
24466,-1.9816546205674044,-6.5778309279372005,1.4560586407378024,2.258620817526064,429.082527730841,1.3427372022183164,0.00012767670539840374
24467,-0.08588195618705541,-6.800538128377867,1.3447005749784802,2.3578585469822837,420.76290136222826,0.5019593012276031,0.00012767742280092383
24468,-0.7223622026764804,-6.474908009834778,3.157238548163397,0.9959778164013418,272.87665118888555,1.538105092766151,0.00012771957699246988
24469,-2.534545276407636,-5.417095159271172,2.564283019220087,1.135456061124958,467.5034678204704,0.2005472736642817,0.0001277442861740261
24470,-4.2280951747180655,-10.507178394859158,5.176116075486939,1.9671300049159113,170.27291614650073,0.39266718722482263,0.00012774688113611083
24471,-0.07450460324093733,-5.787470751596691,2.110071101500908,1.0238146354382354,260.9700581375207,1.235036919713564,0.0001277473483715319
24472,-0.5190494534774786,-6.079513793371217,2.841774586545447,1.8803160881976773,317.7957973974749,0.17076167152720956,0.00012774763856812613
24473,-1.9559675100373415,-7.339309079387322,3.775451293376902,0.9595048368781505,468.23886468289936,0.656841831251703,0.00012775222816738732
24474,-1.5443855634222068,-5.92473370030134,2.8620286089115163,1.4994867656048825,335.8993751993315,0.3450089244466721,0.0001277632490618424
24475,-2.373943919942164,-5.897426560176612,1.7644414815135891,1.2861553196000672,314.2988674012798,1.2201385123196493,0.00012777026970552227
24476,-1.0545534510893102,-5.8704806181605536,2.709666670976309,0.8995701469627966,468.2458475790597,0.9218505318147079,0.00012777266129964485
24477,-1.684938766460851,-12.757483119573102,4.3258648459737055,0.8896105880010522,175.53558111845524,0.14007115696308325,0.00012777266510553806
24478,-0.926845278892003,-6.008883744715697,1.9185765154994407,1.7520069870426622,470.1963087418122,0.19150563600100057,0.00012779127201042887
24479,-0.9115846282961595,-5.7706831662453055,1.981127237822307,1.2501139980411746,290.019290043531,0.8090194612435173,0.0001277997885135986
24480,-2.1705147120360637,-6.833788478050745,1.1902540471482033,1.0952984254588942,267.63763742191134,1.594237127489925,0.00012780973877963065
24481,-1.8402490236651552,-5.179948925219028,2.3459266745233847,1.1252040198092863,271.34232071328245,0.934725249153904,0.0001278134524575488
24482,-2.607168947530724,-6.593813857590416,3.881692909235057,1.766571196124029,468.6972708888733,0.8612069729779153,0.00012781466462352862
24483,-0.8542792930347289,-5.88078909723271,2.712544899861262,0.9710911488751339,467.292240852908,0.408871222563028,0.00012782241352664788
24484,-0.555382751330745,-6.510123256470008,1.6014868802742663,1.0376574311024038,467.81022553131857,0.5742587622874469,0.00012782633120083249
24485,-0.09019507166353513,-10.006364291467369,4.457977439344626,1.7961981026679517,426.03113835339644,0.48107434487391654,0.000127830914817111
24486,-0.8356653159795648,-7.892725294163857,4.166971824925624,0.9008208020651898,230.15718141798692,1.4556938040691332,0.00012783536354931972
24487,-0.9363751356558652,-6.6040076598854744,1.3212028378520215,1.7351767874260817,409.00180657880827,0.5570989950075633,0.00012784866160360622
24488,-9.466249510931076,-6.708725249849669,5.093261715025712,0.8519480444818711,232.367000725515,1.3455033117382609,0.00012785978650653682
24489,-0.1986046602461311,-12.987957081885101,4.318590521501484,1.8824602174582539,454.7805961488428,0.4098767168295323,0.00012786256106933028
24490,-5.012219591568787,-5.099177696499529,4.886599944929921,1.2218478662475238,251.8363073264551,0.8659807324400726,0.0001278713879965064
24491,-1.238068087062242,-5.1864745119333415,2.442518413001706,1.7721017695612131,468.05126272216575,0.7031328721592995,0.00012787229830523334
24492,-5.506434561666482,-12.076637930028523,4.793626144701999,2.3997206070751655,441.6059069715599,1.0337708746029328,0.00012787308237135095
24493,-1.9948189261916944,-5.741947761955145,2.0764049789536347,1.714107432394042,403.0133265065029,0.22327241446503265,0.0001278737196853453
24494,-1.2606044609259364,-5.256937091171999,2.249529201503032,0.7761154726659995,470.4810929543167,0.22460258234613217,0.00012788030304640557
24495,-0.05259381458505885,-6.728100329910413,3.336286658579511,0.8732961875959816,213.94504236617473,0.9118391367704914,0.00012788408608720985
24496,-0.8209190686948507,-11.513231597727513,4.391070086695076,0.8043899865882344,469.3503103400015,0.08252819013478518,0.00012790027856787522
24497,-9.285357102123584,-6.028556381203568,0.6862844943627447,0.6607758419787787,197.27913132711146,0.9855078656399572,0.0001279039369383947
24498,-2.1272209155330524,-5.805969797081307,2.125256884035159,2.3690986446703644,445.30057919487234,2.382500845381448,0.00012790509389963938
24499,-0.45926700549708954,-12.949964836801739,4.295094469248583,0.7380661015486673,216.0427215805582,1.2974935218323917,0.00012791150198430807
24500,-0.6302010692123581,-6.016470881774345,1.9197211695222927,0.883816884282432,236.62829483210868,0.5917326365041395,0.00012791485844183668
24501,-0.9733133973863666,-6.455468196846993,3.1410850100540264,1.6838430244641915,395.71570078723107,0.539191294585212,0.00012792268960840734
24502,-1.2736679527732502,-6.569634349374304,1.621832648902919,1.841795749920149,439.82080111955486,0.5202192771728686,0.0001279265490878558
24503,-0.5599002871816374,-6.394770271536575,3.1177261907563656,0.8839715075879805,468.28092594309106,0.9123156672180217,0.00012793355978192575
24504,-1.3410609995061868,-5.910962825289478,1.7687087440216234,1.5867063405380042,351.075921389668,1.0456630299482388,0.00012794384960167126
24505,-2.2454034179271183,-5.419184423015092,2.5693860989821387,1.793023624350333,467.7042491907548,0.8096240065326121,0.0001279456572491198
24506,-1.0164679618679013,-12.8880902145091,4.3193751979937005,1.6751101657759595,468.5284735526562,0.8842975080591868,0.00012794935493445138
24507,-4.383546483332021,-6.276829033366278,0.07318188170206157,1.1652697568025465,296.9378771944203,0.8935744020099454,0.00012796006090706733
24508,-2.0913594755134532,-6.597819991857541,3.2418632474555977,0.8557700940409677,467.76643844957823,0.45869499699136096,0.00012797473990903857
24509,-1.7321976568113833,-5.396344176668197,2.1638463091396205,0.8179350551079858,213.72153427407966,0.5711578902811096,0.0001279770272309818
24510,-1.3529135096138472,-5.806149563526745,2.1182313725488284,0.833483521807877,221.26283992402278,1.0435852939013355,0.00012797762574824997
24511,-1.3246734912254912,-9.968712686500206,0.034662560023363584,1.8486395441300254,443.96773279898594,0.1652985574030046,0.00012798195142963242
24512,-1.2387193247139638,-5.0616864810299615,2.2427181019291473,1.0214130104705887,468.10939794165967,0.7360185584758518,0.00012798890884032973
24513,-9.459573878346502,-6.83640384733025,5.030991663753384,1.0193455901418145,182.646257881847,0.1402302138348288,0.00012798959310680657
24514,-0.7763947268863554,-7.0560089124709755,1.0875712847257932,0.7606042583584679,468.267067575777,0.29217573147651876,0.0001279936684147007
24515,-4.805377805517658,-11.373920994310689,4.8963780152066585,1.776175506206673,422.43569106546755,0.01163288956524866,0.00012799405273678652
24516,-0.21882460521671376,-6.575178465300152,3.2356559320844753,1.7314816657494203,468.79602277195926,0.8724415881242349,0.00012800455402069936
24517,-0.12228210756136448,-5.201545046855692,2.4494988589131297,1.8990417308696277,468.9973123609387,0.3926367073389745,0.00012800787531609938
24518,-0.3201844667875253,-5.345521928371001,2.456132271846482,1.1152794277942124,251.13364241929963,0.29215488571770454,0.00012802362216245502
24519,-0.49746549444046373,-8.956499919187838,0.2533493612674584,0.8624774864641689,242.1209800061056,0.07282134530590323,0.00012802449572339248
24520,-6.272545069980195,-12.297905730356822,4.731603707219112,0.7112764620326888,182.02227467365032,1.1218666224658866,0.0001280258558000934
24521,-2.7457058774932293,-5.439649422603906,1.5236994533677133,0.8852912796268202,468.30276184569766,0.9222160157359367,0.00012802616742836232
24522,-1.2471011318632303,-12.708278290940168,4.298335930980642,0.6018755225280226,124.70012037032883,0.12957564775194097,0.00012803154039522948
24523,-2.883303425529496,-5.125311033223479,0.9931894087959752,0.9314361651160181,183.66390796350063,0.07603211184548009,0.00012803226311450727
24524,-2.872342757789191,-5.007945347586351,1.5440104944116242,1.0813916649798898,252.01488463494982,0.6473931362189091,0.00012803444176773997
24525,-1.6814471868755696,-7.896814771256601,4.167164298433615,1.7531870079215144,467.73774944891505,0.13522983964994584,0.0001280353094590298
24526,-1.1598752963556507,-5.918761818712655,1.768666116900715,1.466526278273829,467.96789501496363,0.6760219207760985,0.00012804585265105767
24527,-0.36389628804269947,-5.329001400812565,2.45701609153378,1.7685780823662602,468.69786757205264,0.494164390394233,0.00012804944502307818
24528,-1.5251805655786956,-5.377356396767597,2.670943257755983,1.0325475217639328,467.98753537624947,0.2846208490640496,0.00012807172003031678
24529,-1.8089987551960167,-7.534195884310733,0.8610548953977867,0.9968961850696222,270.2691869980618,0.6603645313640012,0.00012808810315196827
24530,-0.9510946343610147,-5.231030353361747,2.353144961360321,1.0590367021917786,143.95201081096164,0.2701136715196446,0.00012808852182651093
24531,-1.9240246477094498,-5.859788402212316,1.9922737538666362,1.321474006508022,138.9801577237373,0.32406187103526296,0.00012809742116108233
24532,-9.8042800738976,-7.6824173622137994,2.40303347141246,1.017610028721399,240.73222256375104,0.604689448162472,0.00012810263597222443
24533,-0.9256181946077362,-12.978132311252699,4.292796428381965,1.7980099457887069,467.7155455771677,0.5437074933567283,0.0001281069603520625
24534,-0.8610636449228561,-5.270891551582916,2.3584198067648354,3.6689007683011967,545.7104030257224,0.8946412191805848,0.00012810702746352573
24535,-1.043730868634782,-6.2577619377942115,2.960089127551723,0.9256061838794386,469.5796394549867,0.12811659094400962,0.0001281084143452351
24536,-0.7212786187597704,-5.817718871992396,2.1247830092119133,1.3762957427640048,467.53903571530026,0.5153720449365631,0.00012811058809768057
24537,-4.583382715451752,-5.3651557249182265,4.753873104956088,0.9366019256458546,468.36445645862835,0.5229057329984892,0.00012811320803941283
24538,-2.270890398626893,-6.805869648722913,1.1099060255781956,1.8451646493734644,467.04199161292223,0.6988273137115497,0.0001281224175551867
24539,-1.8470389225472115,-5.374927351138343,2.668206632067338,0.9414275829539884,194.95050263193622,0.9542893623902247,0.00012812605840130262
24540,-3.262207393710419,-5.351712039958752,4.409974523262517,1.0398267996997472,275.7835522417522,1.7416775149266472,0.00012812634888762807
24541,-9.733171156417944,-7.742184188068318,2.313719990126945,1.3144239070297665,216.2359152167316,0.09818559951178951,0.0001281339711071243
24542,-0.860522276334942,-9.924711228371422,0.04845253549913047,1.2980400231017872,320.3389922848396,1.214076087430267,0.00012814365573665112
24543,-1.4754632575603637,-6.20272596910831,3.000853517915395,1.2973158652596113,468.4169899404727,0.3613066219296801,0.0001281504215166586
24544,-0.9365414047167473,-6.144563785436876,1.6468702596383564,0.801746210106703,154.7531588164937,0.3905815084751696,0.00012815608860140362
24545,-8.191322119280233,-10.491346512326293,1.3686850417293785,1.3667074053697823,321.20206051278967,1.2574574244701555,0.00012816799888675358
24546,-0.9207553922563196,-5.427225326451199,2.4671471018303013,0.8719463611786141,467.4758024525679,0.10541511336120735,0.00012817400258432327
24547,-1.5628758626758206,-5.362131253833418,2.55992710589121,1.1638886091145346,467.2921241405613,0.2434613250558364,0.00012817676467706974
24548,-4.22040678963824,-5.916172879309485,0.344676207785563,2.893916413777386,487.4724560856439,0.3157675107487803,0.00012818664952927867
24549,-2.436540817076164,-5.733326285976849,2.739613979587078,0.5992323414972819,155.1704603368072,0.20356898219564723,0.00012819653831998667
24550,-7.911457376597179,-12.611832335251435,2.8004320142219257,2.144428117902242,421.1334986245374,2.0626350476607733,0.00012820521913560546
24551,-2.9891151376677847,-6.588203402519835,0.28193301421046185,5.699433971959541,654.9586106081058,0.40252491962820525,0.0001282061704673865
24552,-0.2475528449022324,-6.991733613117128,1.124953572507549,1.1195419863248275,467.69413798382715,0.7699489813683948,0.0001282163066703778
24553,-0.6892737488304146,-5.293083502058533,2.2228129553551867,0.5006185365175406,131.6948292545286,0.8213438780826676,0.00012821828406925923
24554,-1.045985646791296,-5.5591759159948575,2.3757849145812093,1.817676825730609,433.3457771094289,0.5404275566048531,0.00012821953710431025
24555,-0.9021528371310001,-5.231635414433793,2.349331660869058,3.474304465961245,535.3954966839387,1.364852777457238,0.00012822307004264696
24556,-1.8588478967849955,-12.965184972008966,4.291990278659817,1.8524806788921615,468.0072871748413,0.37136437952899914,0.00012822319229261134
24557,-2.3124443769331195,-7.654948388642685,3.9617877799531835,1.7329879914927597,367.4122234091152,1.0510252760494643,0.0001282235147563885
24558,-0.7401400370627496,-7.27758376897655,1.0541754064494977,2.822155294568544,438.9712208933786,0.1937979039439517,0.00012822590297662106
24559,-1.0552812613120892,-7.286670692806228,3.742135003231464,3.1185499011136595,509.5915417816302,1.6733106781759455,0.00012822823701292438
24560,-2.159559353307582,-5.9756854559873425,2.730548317457645,1.800525546131876,430.2471811778394,0.8032275133641313,0.00012824010825634676
24561,-0.6816199028755232,-5.3516491108632875,2.6561389787385514,1.1885488194983787,301.10282399007644,0.6110237796972644,0.0001282419153840171
24562,-0.18233692668276014,-5.371163857200966,2.151165582262635,1.7446847110386048,468.3190980804205,0.5055667705369205,0.00012824822456914287
24563,-9.537588052766937,-7.544303895818761,4.116281956423655,0.555582904474593,157.6315692205657,1.110381233695505,0.00012824973174249089
24564,-1.3491069656561763,-7.631009886662666,3.9600271669907583,0.9066303056145573,249.9465791985448,0.9850675772998292,0.00012825436336108757
24565,-1.586626261557008,-8.635833855864178,4.455764369818813,1.5204344890102526,357.85988788180765,0.389404123976127,0.00012826234268346786
24566,-0.9024338860335224,-5.343801685503719,2.5446437362827723,0.600421079781624,184.90965156146163,1.2486910271425744,0.00012826470264850652
24567,-0.7264379213937442,-6.102904775121385,1.8804841177549827,1.0146470665013199,467.4676691436402,0.6015805017236131,0.0001282752606417121
24568,-0.783116358367069,-6.141694374775933,1.6539399610655743,1.434893275254288,327.6669351597347,0.37356703498347876,0.0001282787580931368
24569,-1.6908860106593266,-8.822116191329698,4.486283867551933,0.8262088224765497,187.37893664549264,0.22373496130949722,0.00012828371157194734
24570,-1.8966269103480133,-7.611491205473376,3.9467007259772746,1.091723607349175,468.8883053312033,0.9131788319796899,0.0001282862176666786
24571,-1.0021182126815944,-6.119985466736997,2.047854737456744,1.8309828147071285,438.16145402484153,0.1869085416474059,0.0001282889076652559
24572,-0.7023697603927221,-5.424151272126237,2.557684901176365,1.596408133672239,468.1173128029674,0.2759684529392725,0.00012829144071260955
24573,-2.1159760547271897,-5.892210937196102,2.0454084394763616,1.275917451165531,318.6875202160042,0.36457710690405154,0.0001282963803911836
24574,-2.0059420248686504,-5.320449195872018,2.543491408128137,1.0938792287072843,467.43912686232693,0.3198611620773111,0.00012829660103836742
24575,-0.983359516088063,-10.174554406663248,4.436338686356101,1.0924336930232053,275.88513114980134,1.1622142668782987,0.00012830507005103878
24576,-2.7312124828574715,-5.353113262150514,1.367983725050046,3.2668941262621836,505.9869320498731,0.5388526146700405,0.0001283071898478697
24577,-4.7395585857242,-5.051052698679541,4.598327878079451,0.6691518122400633,137.0169229837233,0.33093740206861444,0.00012830957842437533
24578,-0.1496638296646715,-7.93803081985296,0.6672616042959773,1.116814525514458,291.82563475688943,1.0943885412940118,0.00012831561779588443
24579,-1.129323943604799,-7.704394117330323,0.7973598573211195,1.5131006227957322,344.43147179660707,0.01201874632441946,0.00012831601000134183
24580,-0.7740712539110604,-5.0988407204524036,2.3365641999316824,1.0069996237393923,211.3415254924034,0.44146283111343454,0.00012831992153404257
24581,-1.652182756598803,-8.421661457267906,0.44950652703355026,1.0867052873667744,467.9756552327271,0.0499074762647993,0.00012832391108854503
24582,-5.6676825363864385,-11.932456431664006,4.814084673563448,1.46536451685352,319.4406755441903,0.16296244596233844,0.00012832824696320028
24583,-1.2192668398288156,-11.273147222070376,4.400422064777496,1.6190701070744309,468.09011288350445,0.4766987524819877,0.0001283288706779876
24584,-0.8104820491563451,-12.472337786937278,4.300716260574471,2.4881025719456407,455.70562036982966,1.9560550879749732,0.00012834407432678931
24585,-2.0290434117343006,-8.856714419035919,4.489848060849198,1.0930674922302897,288.3582162780366,1.903603669939323,0.000128347374017408
24586,-1.8598463974581918,-9.62391235007256,4.489155083227102,1.20202524942532,469.99070855366807,0.06775765951465651,0.00012835618523116232
24587,-2.0026420228682955,-9.979662808911424,4.456342658358962,1.443942303690542,468.18397330779845,0.4025308485007404,0.00012835620762093164
24588,-0.17771210835226903,-6.3686007065774675,3.0933877685569287,2.4259232461096794,448.8992627562223,1.764351435030382,0.00012836155967236768
24589,-1.0915311501298692,-7.781733444044956,4.095853179645016,1.0601350089716168,467.2453263095757,0.8781211266483337,0.00012837183194297275
24590,-0.7714825406981145,-9.410534049845577,4.502311443928972,1.2840025271628042,309.5101917863537,1.3154135935186924,0.0001283799497118231
24591,-7.243626502983442,-12.784909889122284,4.120266257271775,1.778443779557858,377.3791663454498,1.6693253518939182,0.00012838008560844103
24592,-1.2503050477109454,-6.511280325766634,1.538340934067617,1.291468177556481,317.6252153620681,0.2505576674967971,0.00012838430211558035
24593,-2.1337586402951363,-7.050365590736713,1.1642607783218815,1.5138806689126307,340.39171261753415,0.4455163741400776,0.00012838524314479432
24594,-2.323324180713823,-6.137454285424197,1.9297146558478715,1.1372826376891187,347.4575249951189,0.08628191698612664,0.00012838629640577303
24595,-1.5136031593362027,-9.270976413444023,0.17462384934412184,1.1436930140044992,282.1200146816181,1.0718776757614101,0.00012838857738039697
24596,-0.8399515593910643,-12.349658527065976,4.3138994756448135,6.575445493162835,693.0786567070343,0.41568548869701427,0.00012839246827020583
24597,-7.756343929729341,-9.820181901524904,4.306989716007644,10.946607466691521,545.1226622264118,0.04228971119963365,0.0001283929229596994
24598,-0.6085986459332453,-6.500591527248193,3.1588885622834506,1.1029988859104884,245.94326587457022,0.16505112617963036,0.00012840317585203787
24599,-0.2791816320108591,-5.746056553738245,2.6891021547138783,1.7060713426417735,468.1043945562826,0.3451805442004048,0.00012840761582836511
24600,-9.95448061330574,-6.276726135474251,1.751244889964629,1.198977379536654,305.4762964427537,0.4037252432189309,0.0001284079958934852
24601,-2.1470357844411616,-5.98119491339876,2.829203527452177,1.5588387815893778,467.9787933946734,0.5467281129483705,0.00012841340481153387
24602,-1.3487702244729043,-6.104787404469028,1.877472930401025,0.8577002177154508,468.9169819657346,0.031671381150927935,0.00012842280052504236
24603,-9.815003654869438,-6.939719755686533,4.423166888769622,1.8247545292162564,469.32877595313477,0.21347255090455253,0.0001284264049597887
24604,-7.96075958183906,-11.414157305746627,2.8958326137477073,1.0221326820532828,278.96548671751736,1.344796860109211,0.00012842856589630533
24605,-2.2527548970834177,-12.643635937992856,4.30175770438264,0.7221443716639818,133.22083593623807,0.2900392268129659,0.00012843040230966186
24606,-0.2728212710926101,-11.724856261466684,4.376473068701967,1.6835052062337044,468.5079371193402,0.3513666803116946,0.0001284345403561726
24607,-2.3228982528508144,-6.742999083015313,3.3363742390429882,1.0845523280102594,283.65129726663184,0.8960256386098999,0.0001284444175207112
24608,-1.5034323009673987,-11.755207161438664,4.3692689570908065,0.5784783244810535,119.36692494174174,0.2228031118540832,0.00012844671245270317
24609,-1.0674447609994004,-6.375295340447641,1.5481567100458113,1.2006601041650709,228.83736895236132,0.010528875630173573,0.00012845337310053742
24610,-7.066719016216145,-11.696731379713155,4.415694725488463,1.4266895921798377,325.0224970807741,0.9295013353746304,0.0001284547288027047
24611,-2.145193996925043,-9.293515737330003,0.1896098845665853,1.1153325412622632,257.8826518600214,1.0151394182594595,0.00012845507153465892
24612,-1.5555819220642881,-9.056018350011145,4.503788114601329,1.2839307869602532,466.11745629425644,0.4710186040766464,0.00012846691721059
24613,-1.4242760753569073,-6.1689142412693325,1.7818802653552392,3.976075107867253,561.3123031691408,0.6186425080398754,0.00012848685537669285
24614,-2.021395456101544,-8.17425053141525,4.287356318759262,0.568409480481837,136.77595718974686,0.4996418147471342,0.00012848807158149866
24615,-1.21056285549645,-5.467631866689194,2.2760047298309245,2.7200634147336964,474.2540215939472,1.3768900986113497,0.00012848851471857446
24616,-1.851658939645782,-8.758068763477077,0.3141685709522776,1.1967573536074474,468.3251816022754,0.6244548339477527,0.00012849296149668472
24617,-0.9313447440428124,-5.320742408416423,2.2301494545857365,1.4077426019339843,470.4624799940684,0.1586061646454633,0.00012850029203245877
24618,-0.07186503608981454,-5.404832839038035,2.4590939251844635,1.0043172221629546,270.1488016691583,1.436422140134141,0.00012851169604866287
24619,-2.2418869191441324,-5.909064198436199,2.0413936671120005,1.112914667285687,293.9001577667551,0.5049555981598299,0.00012851246434166126
24620,-1.0123797304033602,-5.572819245442953,2.5760266505442444,1.0748935474868062,279.10604604594374,1.7180893726178583,0.0001285385897296833
24621,-2.0158802512956555,-6.774961684444733,1.236271376865627,0.5847270884561817,166.02474118634197,0.8156063880107789,0.00012854612078942748
24622,-0.2701817455350817,-9.254700622580101,4.505644091524531,0.9321085118516085,219.18720985902505,0.25987871088140935,0.00012854794521713743
24623,-1.49631808045201,-5.308194077298869,2.512221488562668,0.5909743474602599,147.40097372789802,0.42791125328984325,0.00012855313140146797
24624,-1.608178839896805,-7.2690986304971155,3.7392580264294657,1.4525253944915675,292.6270492389539,0.08884932688324998,0.00012855515059609547
24625,-0.7145408306689163,-7.003335124431035,1.1273909823757513,1.1619457355793799,468.72768481160114,0.8300119639932655,0.00012856580369846593
24626,-8.392343758856835,-9.631851418519336,2.816881070561773,0.9799230443598262,268.4757767643117,1.6256886697607653,0.0001285729311456358
24627,-1.8745438051334364,-5.434947650854205,2.1770772455226153,1.0277527152641452,459.03129415400235,0.8369088414459869,0.00012857355706973785
24628,-0.10674735702644078,-8.00782412624427,0.655607304585622,1.015758591138567,275.8125853984585,1.3310058316054034,0.000128575405648807
24629,-0.8618704164128079,-12.784137633250396,4.291715877912214,1.0804251016994013,284.3346608432904,1.4436943274563516,0.0001285769142018078
24630,-1.8236709479694717,-5.631540589897441,2.491443340329398,1.401000078932675,334.90359482755576,1.06775368523678,0.00012860531860548716
24631,-3.3985867915521144,-5.885083325460843,0.4353473889052847,1.1985185526272564,289.08320332652994,0.3333952009908492,0.00012861664210269444
24632,-2.529319900140684,-6.09367018985238,1.4761414462016096,1.3412937670372662,319.57488921226224,0.7804823210351852,0.00012861895467477255
24633,-2.170214078357491,-8.968686986216081,4.497628812397212,1.720901670708812,405.5827647114518,0.3904101141451548,0.0001286276238933829
24634,-5.577356771679233,-11.26445147134943,4.940578253736562,1.375772354349641,470.26048957534096,0.08943695879419433,0.0001286316203909795
24635,-4.40584610917756,-5.115993318054291,0.6720456352493814,1.404627878656336,467.8804066365745,0.06144536927927202,0.00012864653217719923
24636,-0.4104734614836971,-5.4283229505579245,2.669049443700335,1.2760405775241312,291.2838577937228,0.12680276501771548,0.00012865279706242958
24637,-1.421971231806861,-6.124660102463028,2.9006543990454534,2.0501288069952337,203.65734702878888,0.31741746887572564,0.00012865372397755315
24638,-9.755724626508659,-7.757532366170854,2.855594253887936,0.9144312672015473,218.64679907462198,0.16405344381512954,0.00012865505175380486
24639,-2.655551417256339,-5.591943762876911,1.506256784881434,4.73754298713792,608.6790758799596,0.6387643556659777,0.00012865516200005276
24640,-2.4755429929889914,-6.014992210114155,1.1710874356379317,0.8037042268748477,217.6507131340544,0.668024321968482,0.00012865522215094974
24641,-2.178541836646791,-6.1205928036986865,1.8789294410821435,0.4787359396286268,108.79759999684165,0.17102062837852472,0.00012867021616702487
24642,-0.9492260949217695,-6.282515750246906,2.9602304511386293,1.2790910264064488,272.12295081908616,0.440241453890466,0.00012867464981309876
24643,-9.624626028749736,-7.584608682612965,3.8696619907923266,1.2135723217967747,282.7654213694048,0.499306933919363,0.00012868223534220254
24644,-0.7481692020289987,-6.038136475840113,2.889664514929863,1.11595780262886,467.0019646112839,0.7963174465937781,0.00012868727280031296
24645,-0.08671783529161381,-5.235485674425156,2.2465501770040186,0.9375129664203085,242.83271202897726,1.365146448333351,0.0001287080019425702
24646,-1.6967325111483191,-11.320009536958924,4.39433157695116,0.7697072044884995,470.4503044033585,0.22765926769073452,0.00012870989758997066
24647,-0.2675664230505692,-7.334691686578654,3.759269986626215,0.8841430401050265,195.4975439074778,1.1364060034258694,0.0001287130140708356
24648,-2.61232479223613,-5.849061353351599,1.7510520971681862,1.867549483043161,467.56066007224524,0.6245256140632609,0.00012871485594092758
24649,-0.8637201315455876,-6.180741954972542,1.6466373792833497,0.8449248120235636,225.6563430425233,1.2752714812219574,0.00012871852418725013
24650,-1.8678022442681534,-5.477863013136287,2.4677411783823273,1.7759708380383326,467.88077879158413,0.4472932196235062,0.0001287326376944378
24651,-1.4984305766326589,-8.163770041752443,0.5815377425217341,0.7408648767427989,468.5359844693922,0.3256683306469368,0.0001287419299693483
24652,-7.713244552570469,-11.35791803087467,3.574755226889621,1.2122323759299924,456.6480600596736,0.6088091088407381,0.00012874649646700268
24653,-0.8042256398053702,-12.509198523738807,4.31957448702764,0.9245499166814682,466.5963131309391,0.1629239931694917,0.00012874910301980655
24654,-0.8779393231807102,-6.548568223629694,1.604954770977216,0.6407950007827061,177.70110989426345,1.2505031997757792,0.00012876924969594002
24655,-1.3015461505905446,-6.89894219266263,3.4524722386649374,1.1257266642075072,294.48969143305453,0.857193343706494,0.00012877221509245292
24656,-1.6476736722247693,-7.928293168797581,0.7009518280295838,1.5065429271550623,343.97779153833244,0.43708344090385065,0.00012877828008042336
24657,-2.2714468217219963,-6.5386483336325405,1.5309985971511078,3.000841396619291,491.3563828782137,0.7826771304109545,0.0001287907213645162
24658,-1.4840353523288439,-12.53962648552001,4.320982393863867,1.1923240473213557,302.4970953994932,0.7886881716432939,0.00012879083287999177
24659,-1.7702288574449963,-8.147536725065624,4.271910686057782,1.8492573171565734,468.7896842815715,0.6441297646954229,0.00012879358090957642
24660,-0.8685848880374358,-6.7425215184312695,3.3295095412529645,2.116898792335242,416.9999967778019,0.5868001493600525,0.0001287980350824508
24661,-1.4483836684964437,-11.342992618567612,4.343896751317033,1.2146290857249629,304.40176796199125,1.6558626371675746,0.00012881251054748597
24662,-1.8670335483616274,-6.250327641215016,1.817714214237989,1.1758819154618307,468.1297901236511,0.24901781115326305,0.00012881706525335685
24663,-1.7453150739928436,-7.00652062553233,1.1810608290623559,1.204562451087889,275.18834709636644,0.10311103449986447,0.0001288280231264222
24664,-0.5006664597760633,-6.942495001055314,1.3961617052014168,0.7889717056759699,469.0115955164683,0.18373795136788917,0.00012882870830888775
24665,-8.667967039204315,-9.195693694312896,2.2811942953366597,0.6524670247076652,189.89463631841915,1.2777481363200964,0.00012882884151363806
24666,-0.6276990917297098,-10.326454211435887,4.415766364483183,0.9843952367110416,467.80167904501633,0.3165285559555695,0.0001288306811888217
24667,-0.5811495880187305,-7.565615168031928,0.8582372192311883,0.9071939755630948,180.30186427396515,0.15486218988537903,0.00012883969772325087
24668,-2.0095306769019485,-7.005172106017275,3.4845417128562466,1.0311617573219254,278.1140460507179,1.6499519479989972,0.00012884246103395987
24669,-1.2937409758940142,-5.34681720676566,2.203879801088678,1.0607090986847154,277.1127022985299,0.9594958610946582,0.0001288435960469742
24670,-0.5915456749952934,-7.022893078755319,1.1760477415427606,0.9164161089310324,430.6729367332625,0.6929287443069905,0.0001288452694352692
24671,-0.44935257613839497,-6.276911751536216,2.9531945297345885,1.1901991354517243,242.8121715115517,0.7764455504818928,0.00012884626283554478
24672,-0.8773819407966084,-12.878540073473964,4.28745171201888,0.8906466403819162,191.9009164376803,1.122776795405005,0.00012884771789504443
24673,-1.834810040924662,-8.306308102984701,4.3686062792413685,1.2895576748054944,320.496466555346,0.3382728144231679,0.0001288504578705252
24674,-3.4281994085474334,-11.112497690453731,4.937700615971991,1.2168225445310623,293.2737116220042,0.5787283231861702,0.00012885100278235118
24675,-1.4613764056238523,-10.359396711243498,4.412113468447217,1.7928522533258382,424.41179210304955,0.5566891704050629,0.0001288519458816691
24676,-2.1370462191369297,-12.265609060962179,4.312341290718458,1.8254479049790244,384.07608711909455,1.6584911374702518,0.00012886048122969136
24677,-0.8919871188688369,-5.874595919753612,2.136450419459196,1.0195719879787306,278.7756935172368,0.9968881077061775,0.00012888201873713029
24678,-1.3085077230950155,-11.214892468503036,4.398947976129511,1.0776354754380397,288.70636051981046,0.6821116595401433,0.00012890205787416208
24679,-0.8416120817588713,-6.680624322585485,1.4349686795018077,0.8828560694328464,174.55512480427214,0.7069142673004469,0.00012890388493871314
24680,-0.04228995326900886,-9.443431382831308,4.496420516642138,0.9442081037466903,258.014006694615,1.0194417509184595,0.000128904108912039
24681,-1.7413732210655137,-7.4605207392750765,0.9524467106624266,1.7496600196033703,415.17743277974006,0.7864881002934565,0.00012890952853069466
24682,-6.059034670111942,-11.85853042183785,4.81050166990501,1.7693471563880916,376.29877247826477,1.6119614832463798,0.00012892319080305123
24683,-1.8758159133930405,-5.4017387132496895,2.5403804137562638,0.9878224358024037,468.31105708427145,0.8037379144270025,0.0001289242169414645
24684,-2.3594394491771453,-5.970897735027296,2.7149826139882762,1.1089130564223422,466.3130612418003,0.1702560401354143,0.00012892815798336616
24685,-0.4549953675726943,-5.6029478769482965,2.576066579032449,1.212629481129541,170.7262601410471,0.3073506545112492,0.0001289337752689678
24686,-0.6916232892768512,-6.390472519883915,1.5553528890342136,0.7227184894318842,468.9899051981226,0.4613619420784536,0.0001289393088657896
24687,-0.46967915745712396,-12.895359977303311,4.286269137205832,2.245359397750501,430.6506513157192,0.49731443218520255,0.000128942400651313
24688,-3.8090034702349733,-5.404643172334173,4.510063813858092,2.6275602718481292,469.29301088451666,2.1533819007315094,0.00012897189848859838
24689,-0.7193592368870831,-9.892996275553681,4.459944159544776,1.102613182666141,276.9966410319463,1.2041622835305583,0.00012897454221216228
24690,-1.4440226958654439,-6.019727485822358,1.8706923794752248,1.222468177624093,296.4935615280163,0.41330468657876196,0.00012898431334086162
24691,-2.108514771101606,-5.293606396548705,2.4393418705363965,1.2871586245686648,271.4128708194877,1.0358511893353635,0.00012898469072541782
24692,-9.633562839483906,-6.5662560298655075,4.901383000781557,1.3902039489709817,303.7233748160259,0.9853322189268043,0.00012899451736005983
24693,-1.7108071108702756,-5.5533362797232915,2.475506394352323,1.6823079994099992,396.7641693883344,0.45772840306782303,0.0001289959278457695
24694,-1.6807906226757456,-6.301622815178375,2.96313691680736,0.7879124922242036,233.22155453911165,0.38868591576123723,0.00012900019571465083
24695,-0.48481165540903604,-5.966135973017791,2.61565005949553,1.385941865448932,284.2086784651326,0.1412748730839457,0.00012900076784566893
24696,-1.3667972348846202,-6.713907963674223,1.4864158944607653,0.715819737923616,208.76104760166058,0.8383627436269432,0.00012900295753459046
24697,-0.89435535801511,-5.531621902613754,2.4815428118814413,1.0819976094001482,282.8081758238571,1.6798816712292552,0.00012900495720717098
24698,-1.704817052523195,-5.397971509050707,2.533338089430732,1.869310568258872,467.7658736169722,0.1040010542749572,0.00012902074974236713
24699,-1.4253290482629364,-6.827223088800689,1.280742409416043,1.015553636356595,276.792176177903,1.224771743254819,0.00012902678032200858
24700,-1.028825421862697,-5.3619540744814325,2.3512009683948474,1.7788068881118198,421.7831693405023,0.2801351135788659,0.00012902802547286768
24701,-1.432782436708365,-6.572809435287871,3.2166879627473413,1.7643554195209952,429.08013917337746,0.11829532157997402,0.00012903469848699986
24702,-4.9924010703834885,-5.341403299981749,0.18991047507283199,0.6534436804477123,187.246527849215,1.1521838686210852,0.00012903706521576262
24703,-1.8124677900627866,-6.531424948311299,1.535094286038282,1.0748450999505994,262.2824579732501,1.1492468651883323,0.00012904441336653258
24704,-2.0846121559244555,-8.445185260029195,0.43403134177664215,1.7972516791289936,382.3493406612151,0.864480902841974,0.00012905281157418074
24705,-1.659431033393929,-5.079792281520501,2.305697515109836,0.492727358983959,137.5301361062558,1.086398433238272,0.0001290585436622223
24706,-0.2302647357876264,-7.108169990410466,3.6037140070838345,0.7228613949069191,467.89496545457973,0.3437984187587242,0.0001290587824408523
24707,-6.937398672082413,-9.975157071408606,5.189477683400227,0.9446536628581664,248.6333276332932,1.4774509777965914,0.00012905918133478562
24708,-2.166693846519795,-5.413829114331789,2.649408369821495,0.9942468024817392,271.3701325155254,1.2068649310909274,0.0001290599603621798
24709,-2.214118700408065,-6.716571845497344,3.262338296856743,1.1996489787156326,467.3408674337176,0.31598849179431454,0.00012908029183834543
24710,-1.5653309016021808,-6.840194474288143,1.3574559807401307,1.845151143669543,468.8372500514479,0.10851292986210304,0.00012908250545248952
24711,-2.3895680602069493,-6.06026739317096,2.138023749341192,1.8668964042489542,467.4884471000619,0.45360649196913005,0.00012908253509049604
24712,-1.9830690003981744,-8.118903195058014,4.255285920988856,1.1888570889112096,278.857541214719,0.12209174368846032,0.0001290859371324963
24713,-1.7741631429049143,-6.612985307540002,3.177227809123069,0.6388161183966559,196.7756456648018,0.3120002478172266,0.00012909439434608908
24714,-2.1732136974928355,-7.033823500474027,3.550129882722301,2.366353021538546,437.65726865596065,0.9787686347624147,0.0001290967805861837
24715,-8.002241664974868,-12.337009451728497,2.384794828362065,0.8259494050853579,174.83477578795336,0.03696048861915102,0.0001291007295074541
24716,-1.1418491569105989,-6.732803773956813,1.4883815801880471,1.4411221509842735,325.72147177700725,0.9932105987418103,0.00012910301628930024
24717,-0.2459138709608748,-5.3887029231646855,2.260679951537227,1.092117244498107,285.521554966366,0.41551650292659303,0.00012912256046914572
24718,-1.2285638351927055,-6.363716025550857,1.6291579259660198,0.6700772097088971,165.54432224441408,0.9708216390849556,0.00012913257223947137
24719,-8.063561508427494,-11.036498238887162,1.0819036901028956,4.301752142958123,462.05613078754334,0.0598389133567272,0.0001291356614139657
24720,-1.82837237383381,-6.14213412473505,1.890149165207047,2.2458261753863336,431.9996309879753,2.093949743876532,0.00012914194760758145
24721,-1.6242858321289617,-5.8149567659077,2.4989814056954205,1.3961641875087074,468.1370358583411,0.500369328426677,0.0001291422644986827
24722,-0.8809386464623898,-12.25229939708276,4.299194128580568,2.5126485210842437,459.50658566979735,2.551759578614928,0.00012916054032423876
24723,-0.9604464982346013,-11.400455174098795,4.385782408443268,1.1504044537478941,295.026292636455,1.0707830871138642,0.00012916834772659972
24724,-0.043506066595440984,-6.533127260763453,3.1635831334735984,1.7287101104560199,409.96873077099747,0.6324640165953648,0.0001291695156152848
24725,-0.04170368057043916,-12.953505608105653,4.283042057084529,2.3102631364638113,389.30894472555246,0.1921864600400598,0.00012918120829480469
24726,-0.7186830288279271,-5.149839572247518,2.24103966065635,1.3745431020465015,297.09967018605664,0.7962860293883445,0.0001291831895477768
24727,-2.459974576330916,-6.234959304212829,1.3350863447528043,1.873338009960095,389.1699356619009,1.6056255173501084,0.0001291854395269713
24728,-2.372397893676311,-7.07150362141903,3.5729762672673138,1.2021500979809527,269.88574262047257,0.12051407967107064,0.00012918876297484985
24729,-1.0353968889347982,-11.668867859619967,4.311300219828566,1.8419884505401263,440.33533618851425,0.45519355524512495,0.00012918941279297614
24730,-0.068238189119457,-5.441566687298956,2.655047930621156,1.0545207142582,467.97262608850735,0.6064789640765964,0.00012919534387154005
24731,-9.480696085595332,-6.5907025404005255,5.117609607914205,1.0695969934991085,278.059375733095,1.168497599811082,0.00012919744168066538
24732,-1.1897515546051647,-6.716011236816763,1.4504980553348708,1.0148867963453965,272.8897863287572,1.6640619710630444,0.00012920480766962213
24733,-3.0391306028775293,-6.905872270435781,0.14840349479638842,0.7821294104302075,212.273270360954,1.0917095081345112,0.00012920864562734948
24734,-2.315609285272169,-10.818766326522798,4.671699915379082,2.1014529038212704,410.945073564701,1.0535683117909231,0.00012921651655923373
24735,-2.3123624370210543,-6.090127435548194,2.8894324087822465,2.5181636810316257,460.2030691808151,2.6654927552571737,0.00012922479043265774
24736,-1.5041410694216601,-8.625858074365304,4.445152380277593,1.0537199929102603,266.4842810098292,0.41727373263563106,0.0001292437057878241
24737,-4.481686934862612,-6.027581805771013,0.18030805519384158,1.84073527690133,439.48642448608933,0.5448467174915299,0.000129249717715864
24738,-0.5474886112210147,-5.401191870822188,2.226262520968276,6.369347807039649,494.13134075607934,0.0032467547902061966,0.00012925638339324725
24739,-1.8578813101923757,-11.250492545283727,4.393495885043135,2.6223566645663947,465.3253165232281,1.3871409999231021,0.00012926436503662604
24740,-0.11347407393665065,-11.186292733396739,4.397571369901142,1.3042210430551902,323.1042201044523,0.308393954289893,0.0001292657269174315
24741,-0.3381649039636443,-12.454770674183658,4.292495623163813,2.45746914409934,278.6869170917205,0.10274602733996208,0.00012927051255605653
24742,-7.922137770761959,-12.71218699336028,2.7378395702660336,0.8602584239076032,245.87110753830066,1.4166627175961164,0.00012927073020653447
24743,-4.917711444615329,-6.016666939176983,0.04585909225218821,1.0963998660592003,292.2667533912703,0.7495547101072715,0.0001292782820497808
24744,-0.5088419258321526,-6.6530830960326375,1.4763145848483497,0.8953433728427624,191.1581561886721,1.1461465252863041,0.00012927857986045184
24745,-0.27413135356734664,-9.896049801330644,0.03187857746453296,1.1071819254357265,285.3282752672004,1.5485273041752068,0.00012928573315246003
24746,-0.44371469175244016,-12.366708799831962,4.318184459509757,1.1921451767122684,235.31718092552015,0.2601884004502786,0.00012928861271310847
24747,-2.180158876578541,-6.795094412587055,3.35754390945555,0.7795553008615244,469.28273759492225,0.20630079846199934,0.00012930897664515474
24748,-0.376350901924571,-5.454294471215113,2.2649767370582885,0.8124303127282506,468.2220561607566,0.11738373973006855,0.00012931249526114988
24749,-1.458385476624887,-10.273584956936462,4.417126348997382,0.9086468201805387,214.6589643382835,0.4242505968230299,0.0001293312874528849
24750,-0.18254367593283582,-9.627830335722143,4.480752792278463,1.0435052489284593,279.54071515066863,1.3514596587415628,0.00012934300693990202
24751,-8.446303054655099,-9.716159436650686,2.126881324822439,1.835538841148631,440.6860180900767,0.842312805706789,0.0001293502745702093
24752,-2.259921389336511,-7.799671710428722,0.6940130265529795,1.462317673066855,313.4878660978823,0.6478406894869169,0.00012935117346241635
24753,-1.1422454232615422,-10.355111427212606,4.408277415367267,1.0935942141765778,285.44921749238546,1.323279198880022,0.00012935530938740236
24754,-9.621111212547895,-6.374242238733121,4.971139924752983,1.6536175654427518,467.9864881998375,0.4770654382470525,0.0001293567667183793
24755,-2.54363870990733,-5.757746210379209,1.6601495081616964,0.9860784630512541,192.1333015337972,0.2565271928177646,0.00012936085673982543
24756,-2.0824068224640175,-9.153160825088506,4.499013467025732,1.728537011459591,469.77072779122545,0.10485706879913614,0.00012936385594816954
24757,-2.043530561467623,-5.403005343850159,2.4517325421455194,1.871639453291116,465.9378897523438,0.1884880041390904,0.00012936440116750878
24758,-0.8719783211403538,-5.631986195241921,2.376412753417624,1.0652988544364188,215.12512400158573,1.077092352335705,0.00012937824621354465
24759,-2.771479213903012,-5.246162753047411,1.696161366878621,10.671180365462085,515.3211127170736,0.10308351439950414,0.00012938532843615564
24760,-2.827503903278669,-6.290318437729178,0.436040533652319,2.7011408794724514,473.90396400854354,1.5828039401134761,0.00012939176853771122
24761,-1.8424826535488492,-6.136514892711061,1.9124300672128483,2.832469290137709,466.81599323747827,0.35819473198230956,0.00012940771187269285
24762,-4.146597626162593,-5.469443064652097,4.706623355894591,0.9723599502240902,192.28210043963304,0.38006046353374234,0.00012941627794345236
24763,-1.5357212983435033,-9.75169406095215,4.469714914406797,10.861919330911661,420.89636072277983,0.23206402858615238,0.00012941695321022582
24764,-1.8783535543448018,-5.849865176412781,2.088393822196841,1.8519657069460647,468.71005433265117,0.40103299657868785,0.0001294213269320916
24765,-2.0336496723217037,-6.2066740989721625,2.0721245649592666,1.671924807860516,331.6514277720425,0.4176981339940893,0.00012942207104873487
24766,-2.30338338015227,-5.591203304590419,2.4722647288365365,1.0380200278659586,467.11574972033804,0.057331146144810496,0.0001294348919263808
24767,-1.0518452383619845,-10.060295782125753,0.029811543096304793,1.134301149998054,291.0050491956612,1.3288407799232127,0.00012944782043144748
24768,-1.0990152347827014,-7.10786955202749,3.597623262812028,2.3155953080356224,434.9490401924954,1.2632426851658511,0.00012944923263862095
24769,-0.9113556530896947,-9.998440243079468,4.445274435009046,1.7932145973173776,424.42758810585207,0.5948217249533707,0.0001294519447393431
24770,-1.648045593741509,-7.289477290090881,1.027936706335917,1.8748648998615296,450.2793573612394,0.44107853933294994,0.0001294693800375791
24771,-0.7589470305696722,-6.215206274361144,1.6545901976781814,1.6808632040514475,468.06380426194124,0.3522837758791111,0.00012947050092099668
24772,-3.581407666462554,-6.597058764302938,0.005700748051834814,1.4510028651697688,323.2668225059975,0.6181208609175473,0.00012947250105077912
24773,-0.7864562143233318,-5.49060416354502,2.362270028359721,2.6216795397789965,459.5217521465308,0.898641582140649,0.00012947266021565528
24774,-2.254076034648519,-5.679277029086938,1.9745485278500137,0.6466121551351031,173.71873631090426,0.8280009326913218,0.0001294915177908608
24775,-1.4713450212057761,-5.189047228285756,2.2413626506899873,2.3477338582671945,443.42081818858657,2.3915263812279024,0.00012949559540931818
24776,-0.8551400047525757,-7.979669351299905,0.6523271925424414,1.2750237289569928,287.8142968222896,0.11676097719206613,0.00012949824134447205
24777,-5.055516119794397,-5.128031034556715,4.896095952544848,4.484091254907633,589.8379705527869,0.4567771304774224,0.00012950088411678372
24778,-7.873116498534204,-11.534046670582146,3.1374594831779055,1.2940996457620808,311.9031192655496,0.45880950900389283,0.00012950237812191332
24779,-2.194394535848307,-12.322327210412086,4.378829917615857,1.766759842744549,420.8090840337332,0.6076827312434379,0.00012950925517460945
24780,-1.622267084203921,-6.804621219280283,1.192472860222408,2.2975030030895844,437.7269030739372,2.125561416993447,0.00012951077437553033
24781,-0.5904755573100182,-7.057006946281257,1.1658158497265032,0.793524470850373,230.80792594076968,1.416535640932783,0.000129516941735515
24782,-1.021674302517706,-11.406779609525797,4.38235129831034,0.9934107367276508,282.8125708003654,0.09242315737463169,0.0001295199852157706
24783,-9.976926612875394,-5.572385228895276,4.479320606280528,2.225585560320534,423.186511632873,0.9114198165873377,0.00012952837072503732
24784,-1.9840802584620363,-8.940498008310637,0.2908895278681877,2.2839316335045727,435.17802473661015,1.9108308808039078,0.00012953055126522833
24785,-1.2694020562351618,-5.349854194732196,2.4391930194118294,0.8814395675376334,240.30744439802191,0.4007747891190947,0.0001295408226163055
24786,-4.664183621968279,-5.3431984655402,0.39383979155824833,2.4295816583913803,450.02975242425674,1.9310847350688958,0.00012954326246703674
24787,-9.983056359350792,-6.313667457880443,4.465709467077269,0.8616717173569582,467.4591363607257,0.634038101743708,0.00012954711242126136
24788,-5.641877492516062,-12.387473271355905,4.761550893793709,0.7486363732765658,468.0992130421032,0.2703058242012393,0.00012955065811201376
24789,-0.4855818225081059,-5.787952371213331,2.087368446258361,1.4417586544132839,327.01310964250115,0.4387291427543767,0.00012955247357777737
24790,-0.3059420378998272,-6.026113403088045,2.7195106338547324,2.503111806828755,454.4688781276814,1.3737221013238674,0.0001295646540745733
24791,-1.6847490859924559,-6.1904191160375115,2.027479308579812,1.8052606587813673,430.10989594926303,0.4240284559528833,0.00012957179481060986
24792,-9.503387472500423,-5.273045345604588,1.187208549376162,1.7753410064278787,163.91800505508442,0.40270608179599776,0.00012958055922581994
24793,-0.2586179733045917,-6.577518233166178,3.211450641291554,1.4493054747556615,326.3297417524494,0.5833599167822081,0.00012959163062873941
24794,-0.7593264353053328,-7.048839772500997,1.1817132547288622,0.8931372265410191,209.09241565807682,0.05453401310182837,0.00012961012562578037
24795,-0.07829537095331673,-7.446272633144997,3.826506615609545,0.8125824989084497,178.35372873172707,0.3197256501275021,0.00012961035126959493
24796,-3.1430185288366665,-5.710154251519465,0.667706883720851,0.9343976538990842,245.39198547054778,0.8391937667343976,0.00012961475701162812
24797,-1.1603414090555155,-11.046895454922938,4.4037117261333965,1.3380456020610703,288.2980141976666,0.46351949427794015,0.00012962023240806154
24798,-0.9450555650774497,-6.596092037143876,3.220130344705139,2.1340557106642484,416.84008227415416,1.4668765934286716,0.00012962074036587066
24799,-1.2119032088025623,-6.301509245712072,1.8378558709820512,1.5593900914377967,356.7977334696446,0.6663562806026944,0.00012962994323692252
24800,-0.7923856123445372,-9.167805247232947,4.496883310084876,1.7715335843196107,420.44863057208835,0.06963642598105313,0.00012964184873337416
24801,-1.047787906149173,-6.071171013412194,1.7776606605517056,1.5779031549520173,372.77452921212813,0.41442500443269736,0.00012964812483625448
24802,-8.843894977608755,-8.807462954139528,2.7834944051979367,3.181453817033471,514.4516813869112,1.6328705075083514,0.00012965904186237962
24803,-4.511098436049775,-5.0993810461769495,4.54112243871273,1.3975895497142383,304.2296600935739,0.4600258714934018,0.00012966332772542332
24804,-0.43449352860162094,-6.5882605468951,1.6051876484449072,0.8999082280423554,179.51669834704146,0.4169232286696669,0.00012966662380512213
24805,-2.8156029934482127,-5.434568072720766,3.242191204754276,0.6869772139716206,467.87457168294577,0.39376181694473633,0.00012967049629690415
24806,-0.0942795868590256,-7.043934602865773,1.1618621944111454,0.8442798478324851,172.75514233242828,0.4166519668747801,0.00012967188715162168
24807,-0.7047821059954664,-8.907902706917438,0.30399691004556134,0.8245167290584852,468.9999744452324,0.10411546029585761,0.00012969262369410555
24808,-1.2007365626462612,-7.160358899180724,3.6143342143668713,1.1262143465555652,289.66774434812424,1.1701661370044425,0.00012970325301575074
24809,-0.2156678099296876,-8.621621943859594,0.40804723808298576,1.6687210280461973,393.7271156760368,0.40470650335065894,0.00012971087453202734
24810,-3.5169530007019283,-5.328417989095387,0.7133308606978882,1.0402343899457334,279.2276429965475,1.5364707269437972,0.00012971144178799336
24811,-2.534896596258224,-7.073690028482316,4.172877450093769,1.1709519588377564,287.44997778943923,0.5026469103839428,0.00012971235956678383
24812,-2.580656765910012,-6.046207907006716,2.8945677305290625,1.080447281142152,467.61541389920677,0.31973179819432573,0.0001297185741753326
24813,-1.3408832239716535,-7.575315189605633,0.8807246209823997,1.0941937826232682,289.37310597532496,1.28224416373277,0.00012972285675269987
24814,-1.3692563532553201,-5.615620769093236,2.4740897905300123,1.703179105768251,402.0438044697532,0.6192368378542001,0.00012973275515027326
24815,-0.33001434891886916,-11.361221693473372,4.3830176619535886,0.9432073063377895,258.4225616129751,1.3251265143359818,0.0001297328188992244
24816,-4.419077466778782,-5.61949449406358,0.3921256377423229,1.7700421999308975,418.34355587207267,0.5825193529845958,0.00012973369289332937
24817,-2.1082418901159086,-5.527909081633662,2.2667813538567243,1.1541271026118083,299.11475241889093,1.453452134533074,0.00012973475764709516
24818,-0.7335353340834381,-7.55211340660683,3.916531665892072,1.1749031630404214,300.97010883522296,0.7221723284697923,0.00012974152940603236
24819,-1.1685214314165044,-8.27691332204959,0.5286558500648273,0.9457435176496946,150.12027813456143,0.06470248429946679,0.0001297454987772577
24820,-1.7533782012973855,-12.661732523496422,4.283210471513867,0.6299463498603248,197.3355704492199,0.7600237330263733,0.00012975143262933573
24821,-2.1130778254123435,-5.878897073470955,2.7613977803038003,21.584852376962477,727.9502205129361,0.07081129976511225,0.00012975322869035897
24822,-0.9973091526378948,-12.888051065619136,4.27863133916323,2.0443025195088382,380.1776575395518,0.36601140527059073,0.00012976662761025916
24823,-2.5622330526915063,-5.956208354834131,1.9602575038163899,1.671117159204325,469.90447997390476,0.06784710185564169,0.00012977219501874101
24824,-3.5218690914108794,-6.608285870637232,0.0010303068683539544,1.0026389341606547,171.8761828059719,0.04705311075225893,0.00012977632142531552
24825,-1.9327776394849465,-7.254124045229652,1.0526673826034072,1.362374508271958,322.0338660725815,1.2607560476178135,0.00012977753403137983
24826,-2.0171107232180594,-5.970832569105103,1.9956528939194098,0.737295670253881,149.3447930511245,0.08214087090212896,0.00012977985980098467
24827,-0.12656637986555097,-8.689613030446647,4.453111050029676,1.1175040161531142,288.09338467304957,0.9467628219336541,0.00012978515446584985
24828,-7.693366762026693,-12.13650901157456,3.4633063873164858,1.516333032823926,341.17191039763924,0.2675112470515284,0.00012979267972291266
24829,-1.2727106080394215,-7.051271583532539,3.489200747729208,1.1253912589158814,293.54450441564734,1.5839027951339126,0.0001297966360751995
24830,-0.09631945887186788,-6.25771150087214,1.951968293780242,1.6317132588674383,380.14374172521497,0.04945144000456736,0.00012980401628606748
24831,-1.1435994499268372,-6.417454177476306,3.0421227035835225,1.2066218529624373,255.22281563296687,0.6434394874185907,0.0001298043567674664
24832,-0.8244136956565811,-6.2396998811353175,1.6515166204147016,2.0875293049027395,391.56134418620684,0.4649932642334118,0.00012980633491327387
24833,-0.8294957498354911,-5.423621481396991,2.5063355206625717,0.9696577085124082,217.9836608365938,0.037472810428600845,0.0001298086760917853
24834,-7.559389480202949,-8.801940055211427,0.11184376996643136,1.8224921474156637,435.04935026118767,0.22776842826485844,0.00012981370078781596
24835,-1.3993077673791827,-9.963213519762801,0.058606515165268755,1.0200755494893372,268.8632977930014,0.9489557206281587,0.0001298280401903135
24836,-2.7267783391333724,-6.298063743382033,3.9721284496931135,1.7560827729951505,416.5752943573931,0.5947341006490818,0.00012983281738243637
24837,-0.9018428005430916,-5.180964184564572,2.1869533735906734,1.8160955916585757,467.7284505253685,0.23497653734289603,0.00012983323388137674
24838,-0.5105693103282469,-5.4977849164246235,2.3613224682435416,0.558103899262899,154.5840887208595,1.1400500996811855,0.00012983423376211376
24839,-1.9942854216836867,-6.932629802874334,3.399230711708383,1.0036144609943842,229.81045622562934,0.4096035041223036,0.00012983558634451623
24840,-1.2433073128770609,-5.480047392635524,2.5359236833968994,0.8035926653954003,157.72457311502558,0.3084500354564197,0.00012983742237993178
24841,-1.3513849431121372,-5.346238739147331,2.44713417673528,0.8916309354287142,172.95982811074379,0.04196513973735616,0.0001298425529970118
24842,-0.23715717328698815,-6.356909854582681,1.633987338856493,1.6025328792586462,368.5822519020514,0.09190407115138832,0.0001298493217020788
24843,-0.13645986059333381,-8.874338355958987,4.479069718139821,0.8933680361940957,468.30951969977804,0.5019484726625576,0.0001298575499695612
24844,-1.158488290782575,-5.505139599143837,2.5490510636595025,0.8997579193805508,220.7296574808935,0.8543359404308442,0.00012985937194772294
24845,-2.1660321805091716,-5.918202286909313,2.612359329347792,3.430838139093035,531.2617186803396,1.2007647063745779,0.0001298605628831071
24846,-1.0796716743777193,-5.3632391404240085,2.342708320563621,1.2130370879616084,291.16903014333155,0.3207422619266218,0.00012987525739676455
24847,-1.9535682044923899,-7.4460188863363,3.8229427363726276,1.133080865891404,416.90533122480065,0.39807656875724984,0.00012987679213720507
24848,-0.5478234794960564,-7.838149382492634,4.1133281772811365,1.0699763289348518,285.76843476839423,0.9889219760021666,0.00012988622815949632
24849,-0.6419623199344144,-8.57494719725339,4.428082162406324,7.076836176248691,711.4648490355673,0.399181984168929,0.00012988729104817528
24850,-1.515715791426242,-11.467237753962241,4.375815976403454,3.258229591972931,513.8332571396928,0.8032256935755369,0.00012989572292406492
24851,-3.1177360781767156,-5.09117382822339,0.9250809361371936,1.4799019785642014,326.15433466467005,0.6104661410390628,0.00012989992024175115
24852,-2.3538620485043698,-5.165949695449723,2.430609683123376,0.680069145368608,467.5414279125178,0.48372384320825734,0.00012990489575862536
24853,-3.0502048450525665,-12.566767961224564,4.936933922226823,1.7462010670288488,369.63177195105504,1.1460110108867667,0.00012990491021250557
24854,-1.7446628681838217,-9.997174729396157,4.4416320241045275,1.8129511766748436,468.29617154076374,0.43198751848809813,0.00012990610919009604
24855,-0.4176128392397427,-6.693287674599471,1.3196270000734645,7.015366883544478,710.577048763651,0.4545830930868586,0.0001299117114736547
24856,-1.4588804466640966,-5.724695334649422,2.178086456025445,1.2914661970286732,286.98716677913893,0.1759312611198398,0.00012993656179607557
24857,-2.014358829972984,-6.601461347220915,1.5964553379882116,1.46717724471654,328.87164467862624,0.3017044575496408,0.00012993820694102022
24858,-2.238951626275698,-9.415651577196819,0.14946070718740395,0.5237011063439281,121.80586043454676,0.8129601654142027,0.00012995802572006264
24859,-1.1225410259417146,-6.936963756381317,3.4003121113472905,1.3240010031810376,286.8400352403994,0.34329172180597656,0.00012995933650082305
24860,-2.2484868526990374,-10.858098488506712,4.344814571545377,0.8281771719959468,187.33258525135963,0.3103157061455395,0.0001299634621015178
24861,-0.2399649223201834,-7.7868111092568775,0.7620718656028228,1.1601121882262586,289.0451469001229,0.8565439902390866,0.00012996736572043482
24862,-0.3467113251508742,-7.33524308387135,1.0109628513850413,0.6376022956366694,178.94601993807208,0.1699704891484366,0.00012997123770659062
24863,-0.8612453900542079,-5.90146913327625,2.077061987306522,1.852183168970991,388.31303075702334,0.8084142067528104,0.00012998946937239588
24864,-2.645793236578746,-5.161621637870586,2.22519302558621,0.8111035712908155,160.39061947189032,0.03678024206481911,0.00012999292838267726
24865,-1.8969401769168588,-5.497047900773233,2.5376839029236713,0.8913486112688793,183.31200910287933,0.6579375790834865,0.00012999316447115963
24866,-1.3591642991590156,-9.43905843161799,0.14135291076138398,4.621680858462961,227.0919124838556,0.40846898254947117,0.00013000059301036425
24867,-2.2838674869010784,-5.04241275022194,2.4257852071778703,1.0501112299297701,215.33676056903423,0.09613575687367959,0.00013000318474604275
24868,-7.578123058726616,-12.289693677215018,3.6669618908556587,1.1526925482208876,278.52509133192274,1.0701901229269142,0.00013000739449326796
24869,-0.8045225505260394,-6.060585765990918,1.7664056631749463,0.6019558393929131,127.14367495670602,0.5813046486304128,0.00013001129030063455
24870,-1.29127062666298,-10.306507912994403,4.407707147765084,1.3421912930360056,287.91327143377305,0.5405089957823126,0.0001300302059037575
24871,-3.662869630445331,-5.353909209673876,4.406420250541835,1.0008179946834863,468.30795477627385,0.19021198325585775,0.00013004250005087665
24872,-0.7423303510874941,-6.037352038537465,1.8685679506870387,1.8216562567843202,469.1890147510033,0.01492800546410944,0.00013005891926923304
24873,-4.6794715218894805,-5.581234000422123,0.31498892166083714,1.7004904549983453,368.28303579832345,1.7444414812987317,0.00013008164242949878
24874,-4.2882331946160885,-5.6173320702430045,5.0076208209356,1.1377672640013134,291.9072764954215,0.8512543337509335,0.00013009887261452904
24875,-2.4241395789213023,-9.980419760423594,0.05117183761485603,1.8140082710340437,469.9537245679485,0.19585718305432387,0.0001301031743609766
24876,-1.1080516450866753,-6.366363600792737,1.6390435291750458,1.7907004629108447,426.19503996368013,0.28966315593847103,0.00013010550248172224
24877,-1.4414524738024852,-6.651858204751627,3.1810128648151523,1.0108503958982469,277.59598241429524,0.8544219414688934,0.0001301058976518791
24878,-1.1060814529380885,-6.607842054545503,1.5838876101763886,1.0691727651667984,467.04059607582354,0.47149951795865075,0.0001301092106175632
24879,-2.480262623262062,-5.498759710776793,2.3529876825503457,0.937667701458759,210.23972113373281,0.3067963283875548,0.00013012426568282892
24880,-0.5020320072660738,-6.053844706333433,2.8749642809765414,1.1637037890835689,299.3501624951774,0.8277782276239734,0.00013012462981585674
24881,-2.0083098513482733,-12.293298305169202,4.28914651702487,0.8279939914080738,469.9338969296983,0.22005069061407134,0.0001301248105894164
24882,-8.034823448331347,-12.292334604963626,1.9476068842125105,1.8929568428190895,467.8161805097094,0.24438369905156865,0.00013014165480515038
24883,-0.9284199209948358,-6.379508803440644,3.0758037671387513,1.8703378335436418,448.5100937481045,0.49243157654510394,0.00013014461177022387
24884,-1.052214229185008,-8.155402484041959,4.262394176526478,1.2329735000568853,284.6012432646245,0.2986965908690502,0.000130159543768032
24885,-0.29380734613156356,-6.040942016814347,2.86680617598727,1.2443031769578998,243.52759114686273,0.11285731526626908,0.00013015983206300476
24886,-0.49348503259874654,-8.942013718792392,4.48283590126754,0.825512337207845,159.96490285667218,0.2806583938820113,0.0001301628669640167
24887,-8.1388865232677,-8.808434658481854,4.759654777006154,0.5746511569892333,160.15528844581488,1.0767841120505635,0.00013016832644272713
24888,-0.45591578732405935,-6.508726646373037,3.1394428209987715,2.601932691901493,466.47582059168167,2.015135056932702,0.00013017003389043571
24889,-0.7139783371156643,-6.436424629621225,1.6322358646065418,2.5768878455255875,462.9380253977583,1.6701769511758044,0.00013017012280949988
24890,-8.213316599640375,-10.487517545183046,0.7718266441331812,1.2482061264773583,314.0786322174034,0.3418881076019771,0.00013017059617189767
24891,-4.124560499249013,-5.438330911796211,4.6302578412377535,1.0240523109839261,213.5340757801606,0.46265034282489204,0.00013017249918698343
24892,-7.775869435577924,-12.976864074756298,3.1843409117484556,0.9401971908845392,467.3490616772782,0.06927174450588236,0.00013017543557190865
24893,-1.4417613191854919,-5.590336805622583,2.679793269996418,1.101900019988037,467.9829108729467,0.8259820189902713,0.00013018668995174563
24894,-2.0550786651521964,-7.6539876113462935,3.952511832260354,1.0817897068539755,286.45060349507014,1.7171552611254368,0.00013019051017245864
24895,-1.2865254994730808,-7.200739661970489,3.658013342419776,2.978164649690963,419.35443752164235,0.13222237834589645,0.0001301924593939059
24896,-0.7347794018470815,-6.782037190300438,1.4961212906760308,0.8809355264172573,381.7097670101766,0.9537943976337155,0.00013019459007917563
24897,-1.8698826648087632,-6.525484862357328,3.061790864658512,1.1045493746369257,288.88543992288436,0.8981990734075298,0.0001301950565601393
24898,-0.18680462660003094,-10.019749313282567,4.436876233041506,0.9279499518673079,467.480293123854,0.45080907328569086,0.00013019599988233423
24899,-1.5209680182263092,-5.057824837325639,2.2350439341646595,1.0658581972346586,276.25297645016985,1.5929720194316266,0.00013019999967002027
24900,-4.42062984033409,-12.43140809350983,4.726376300313493,6.89504855504294,703.8520657819137,0.36613447684760114,0.00013025342384819454
24901,-2.4012285735053984,-6.394941752064288,3.024772813926943,1.4100926489461962,340.9793043316119,0.5334466333135284,0.00013026840787415986
24902,-2.167631016915646,-6.700852211925078,3.2497309985753877,1.013239908839221,264.89036725174054,0.9020833879519667,0.0001302754354604912
24903,-0.08863261616409623,-6.017112022433707,2.7984265223212472,0.852178694752339,204.67729168120013,0.5645119151311455,0.00013028077600519113
24904,-1.23762513939643,-12.157565510075104,4.291656597017549,0.8312504453747486,241.71288459565275,1.4729888029797484,0.00013030060196781018
24905,-0.27546306846630664,-8.940038618062497,0.2871954429912569,1.2945306142916566,291.0665280289409,0.10978748086029455,0.00013030394135166805
24906,-2.346502193947755,-9.70757439511242,4.816501664568718,1.2047727956600975,247.670392429758,0.042162194895152716,0.00013030400241737162
24907,-0.6314788841666683,-6.4726422739553255,1.5467454546517303,0.8715949120335369,468.6011194988819,0.8707915883457327,0.00013030577128626553
24908,-4.020420244705462,-5.19416633373167,4.389736160026869,5.748160150385918,656.2592232921932,0.36146031959048575,0.000130306207443483
24909,-1.9093426926121602,-12.970009169977358,4.2722615691228585,1.6312865977038244,468.5262346053475,0.46482225789643916,0.0001303094761979257
24910,-2.8441334102462434,-5.087207448183397,1.3363674646271022,0.7614276457516993,200.78097564308058,0.20854786235066758,0.00013031810307755865
24911,-2.234175256767572,-5.958980137540299,2.0905733965024407,1.1170807102120979,261.33842584434484,1.245216703118504,0.00013032896597947979
24912,-4.601281090412732,-12.364824487946269,4.736253920183276,1.334152954641991,285.7330349710309,0.37618729518898153,0.00013033556103277469
24913,-1.5214994216008861,-5.550186087147814,2.55112427620781,0.7859204267805855,156.7634531199831,0.4704073995886118,0.00013033603055225218
24914,-0.827322511447532,-6.073133082962232,1.7746110792972936,0.7625725672043986,191.29391120888033,0.8410790970859976,0.0001303387056301489
24915,-0.49073251290679565,-5.086342036827323,2.4233231682634053,1.6627674371261079,387.65690655542653,0.8025829706835639,0.00013035261885872243
24916,-1.6894639143470744,-11.129677056274787,4.344569721378057,1.6533468607859199,363.8860603305203,2.072874184857281,0.00013035367480744467
24917,-1.9925158894219646,-5.5195795901872495,2.6445677357032173,1.241035265991365,312.0846696382912,0.563639582276843,0.00013035470215027486
24918,-0.7229751722946851,-8.77393904165412,0.3338138294318078,1.0651208746483285,278.68490175589454,1.5145831928948592,0.0001303553616965396
24919,-0.24898517346166393,-8.30163460903405,4.306429644320174,0.8400622866204608,168.51523701219892,0.4063693445004892,0.00013035944729113472
24920,-0.38216443567746694,-8.73580782248189,4.456067579565551,1.2835165906566517,135.84893677003583,0.3598594021786452,0.00013037963771640021
24921,-2.1722233066628025,-8.249871267280362,4.327892352873732,0.7422359129942899,148.75130133627977,1.0474917343186592,0.00013038465297196173
24922,-0.8369639638346218,-5.758437873607579,2.2819027811139856,1.2371506778980177,259.8514273263904,0.08747025944002207,0.00013038542506989503
24923,-2.3622543548427597,-5.502207777711469,2.251469231784325,0.9779163412009462,196.01775131915386,0.960683555546213,0.0001303876369034639
24924,-2.083784279943944,-12.050648190263741,4.32024882291783,3.325141826669595,229.3496793838916,0.30602330308528813,0.00013040691164234997
24925,-3.3237332680891747,-5.160112118334906,0.8377880100102119,1.1356193278777753,273.2047446698083,0.6157186073796526,0.00013040918082248817
24926,-4.614858782145703,-5.72224101273174,0.2770671306758742,1.1290453402567004,267.06339524403165,0.9518083694535813,0.00013041028493747714
24927,-0.41564332421645034,-7.71224571879787,3.977824956909591,0.9868310227441497,467.4704603790703,0.03829312248568062,0.00013042263554100846
24928,-3.1332708104827702,-5.563808732272695,4.3774071960628484,3.719363452253468,549.4633273327742,0.9199329482502199,0.0001304230180479367
24929,-5.301529668711109,-10.563001353507318,5.176849855558386,1.0897944839623375,468.254623884695,0.601856118511316,0.00013042501883126355
24930,-2.226126702352655,-5.867225335865518,2.600236274887475,9.085179801392707,737.2866857290903,0.23723404958658723,0.00013042542841210406
24931,-4.633138278848867,-5.093202392215849,0.516146461624751,0.8115212242782363,197.16951390043994,0.53526338743323,0.0001304481509286422
24932,-0.32980083266066096,-6.509099890167397,1.7331753936117602,2.833750487125962,480.9985414147232,0.999318504097916,0.00013044947086556836
24933,-1.7129071260963205,-9.00531138769088,0.2253248303119613,0.8595638671011204,466.9841838148531,0.5628077623005519,0.0001304579119554384
24934,-2.12025670165378,-9.811563112422956,4.45560814449038,1.3626217928074036,310.69948463776035,0.9126738168933404,0.0001304618931156438
24935,-1.1495323337524361,-12.365711636857984,4.283614219179034,1.0400830382941917,278.55771933249355,1.7327088545384237,0.00013047970054463225
24936,-0.9250057765553876,-6.864082539508285,1.2235837597260661,1.3548639765753827,468.1074426315054,0.3404067857098729,0.00013048196569881792
24937,-0.6608536720422045,-5.560442837140734,2.378517949880071,1.3222447243675108,286.12155008458853,0.6442426493759745,0.00013048526535823648
24938,-1.6912956035743356,-5.0485406689448515,2.40012158667963,1.9307224728425407,397.3047193625043,1.9535769331920276,0.0001304869803906574
24939,-0.3860177745123021,-12.476595227082381,4.280579320037788,0.8826638738317353,468.66913742756134,0.3944759718938995,0.00013048819024778625
24940,-0.4892031813512876,-6.656899228401163,1.3014721604892308,1.7436392870236257,360.77363096142557,0.7055489426066339,0.0001305034282544019
24941,-1.0377975035802613,-5.676303982367889,2.3672289325127918,4.890556851618954,471.46249017596136,0.026519326273827915,0.00013050429915920444
24942,-1.570021785987361,-5.936681368011709,2.073074113836331,0.5571094704388553,149.03467289603543,1.017688302970286,0.0001305070068215411
24943,-0.10866821033114071,-5.972016768855665,2.111263135321785,1.0060729156426371,264.44423300528786,1.3354118770902774,0.0001305103433051231
24944,-1.4168675374938573,-7.196765521662433,3.653686100390571,0.8757690647466765,468.0713747855293,0.7146343663088013,0.00013051511787269126
24945,-5.332993811323366,-12.889281329449863,4.7183414355553515,0.8530520867725659,244.04421751878516,1.5917414330916388,0.00013053042209426954
24946,-1.7740117201187555,-8.401225069471895,4.357584966432273,2.1725814273555026,423.88286934190165,1.817842800465404,0.00013053393358055876
24947,-1.5499487034720563,-11.848931483929633,4.3011508361184045,1.5321431286511038,467.84196119238806,0.9277946390221592,0.00013054903163520253
24948,-0.5244691208456036,-5.5204548804407985,2.2276630407627565,15.030476742530622,491.3543623263769,0.18596626157994844,0.00013055172541297472
24949,-1.9606493111811574,-6.629821520214818,1.5870640674682224,1.2739500479939725,314.61305073300053,0.9069855591674454,0.00013056384698761144
24950,-1.2775736177845616,-6.8481401700175635,1.2635233017794012,1.2341222002923213,263.13795505897133,0.9928250395548703,0.00013057191305013307
24951,-2.274941937130391,-6.960884856644977,3.4010384820617916,0.7699204915406203,191.88228410955617,0.09369331747339782,0.0001306014826131431
24952,-2.465857319128599,-5.540576908473728,2.349117278515993,1.4429926384889613,341.58024246531124,0.29714014660328036,0.00013063036926241577
24953,-4.205599860625551,-5.385369106692906,4.679832414644355,1.0762245859660433,280.6879812155704,1.4980274632125044,0.00013063663304756625
24954,-7.062702729492052,-11.909294862622897,4.380999445095383,0.5383873632830218,117.87193924174392,0.07320272953624496,0.00013064021887998468
24955,-7.988340174036933,-11.144375209578811,0.48438322525739186,2.014201278542376,399.34761791261565,1.0814493193909183,0.00013064282478788172
24956,-2.1603258089518924,-7.161227298461713,0.9859307242073854,0.9454095922320757,180.25764880616737,0.1448316880016689,0.00013065058822117148
24957,-1.0158026409258323,-6.906347844388723,1.3445561349081803,1.1471895401742433,467.2338207364207,0.2571905169923241,0.0001306518853433557
24958,-6.448543973214788,-11.990819008703399,4.71819010032585,1.1713975193134831,298.15674964852343,0.9629542087902587,0.0001306684555464962
24959,-3.7747526568750045,-5.491076962210838,0.6428511656932663,0.8235493576108993,212.28153664272162,0.7602007514227234,0.00013067307710731306
24960,-2.5331132962790868,-6.121069674560356,2.111566166535637,1.5727283894973005,351.9719093634993,1.6972203064369156,0.00013067439159717548
24961,-0.44629869094707786,-5.3318354559747405,2.339079572492429,1.8674932292086732,468.3424338322541,0.3493910803499203,0.00013067732967841903
24962,-1.7410060425441625,-7.136375674528756,3.599901018462219,0.9539195328573393,201.436859153275,0.8027204730139763,0.000130677442699084
24963,-0.7870131568230683,-6.661865310899791,1.3032142380657394,1.1045499707234625,293.6085010159063,0.9544025094757131,0.00013069102625940586
24964,-1.4151414211544768,-6.451628203611759,3.043830864444556,0.9485170359220771,210.70137125788028,0.19067474587867483,0.00013070008027116155
24965,-7.945754621041684,-12.058060190379447,1.3162364810871217,0.6889553395241867,345.90221881777734,0.4302851121353388,0.00013070372280225351
24966,-1.5381797160735449,-5.8837658177746155,2.691191817613726,1.733529121892912,410.0390428429295,0.7180021391122233,0.000130704116252072
24967,-0.8018435026177286,-10.236538079069822,4.409517048610964,1.8297483115692903,186.27749108721753,0.3713756033805211,0.00013070437518059608
24968,-2.539368265160464,-6.59236447206619,0.6453526078074422,1.3688729845504988,327.0017973051284,0.23313527607005735,0.00013071027420606427
24969,-0.7700508177650036,-7.320663466766188,3.7407206259780503,1.1701713418701403,468.4385566098244,0.3602345548161381,0.00013071960133770338
24970,-1.6543681936926422,-7.233529686198284,3.6686505513651224,1.1235943472969139,290.06617840703535,1.0896305650087577,0.00013073106412973248
24971,-1.66500856870808,-11.047908366364442,4.35127727108344,1.0665157261900273,280.00275790026916,1.1425308878764193,0.00013073377982297622
24972,-0.7716216269964953,-5.535015916734442,2.63702562720239,1.3805712757995228,330.1920848728441,0.24855344284430902,0.0001307416582187683
24973,-0.2854359134716713,-5.449766300390082,2.2470866698128265,1.2292101734560776,468.5764065562731,0.35201791066724564,0.0001307453977466026
24974,-1.7857657547733545,-7.096193668384626,1.1349261114363467,0.8623614081506444,248.7312796214323,1.5908232111655414,0.00013075329435401293
24975,-2.4781138062477766,-6.704634791857089,3.3252159235741034,0.783556600997732,468.3752784075908,0.4745404412149332,0.0001307620088659872
24976,-2.1929298831081905,-11.438520936436433,4.323984666431998,0.9922771689988064,197.9293880806333,0.5660908095098831,0.00013076395049754994
24977,-0.07075294850508129,-6.69509994237769,1.4642472984051564,1.623235102684759,375.1249952010425,0.06516559856094073,0.00013076547431080558
24978,-2.4707581906056166,-6.075870185186532,2.1232735305083605,0.7991966664761473,469.2618120237741,0.15538596681546935,0.0001307693605251457
24979,-7.03437233662686,-10.365178121629008,4.866815393196662,0.6697248269124453,195.97430887562786,0.6932705338922203,0.00013080736508423661
24980,-3.158768334192813,-11.312514762117123,4.976391078156172,0.7672042998311711,168.1715790500377,0.027183785457716603,0.0001308206528510183
24981,-0.7986012409744241,-6.084819840464812,2.872585390451124,0.7987320462256962,163.3248722568753,0.9052684230752002,0.00013082166271842266
24982,-1.8715785029065728,-6.363979868935588,1.666778173258833,1.038196341401543,282.93729484807307,1.1902938459534562,0.00013082241776412183
24983,-2.7881680670218874,-5.308027194028668,0.9821796541980113,0.9393599822182127,467.7231548621415,0.5443098763213223,0.00013082477608700267
24984,-1.5604323218818958,-6.904446511786911,3.4275811993238983,1.1162534998391616,290.53731598652007,0.7766766362603077,0.00013082603695299105
24985,-0.7839464749027911,-7.51965088495681,3.862481577267828,1.244138784586891,289.8293966473368,0.3786274321123475,0.00013083196410714311
24986,-8.66092447215535,-8.91399351269159,3.291999536887028,1.8946458776834771,456.29738438343117,0.6146446162067871,0.00013083887875222724
24987,-0.2662978103404363,-6.528132391235606,3.1378721667296396,1.069127731477453,279.3638924147988,0.8878989624281006,0.00013084401548643253
24988,-9.802918191883881,-7.579895989980119,3.4593395707677876,3.0567348991848284,503.12854883225674,1.3012177204421702,0.00013084467984576556
24989,-9.997766881011575,-7.479121905973761,3.1516723758453575,4.081585789246144,570.1454208790198,0.6911831784275391,0.00013084998726942978
24990,-0.5031079993234062,-11.789323860952065,4.32688769826178,0.7053924706943694,216.55084784841443,0.33064488298559347,0.00013085628964889566
24991,-2.2210329836342204,-6.329007898294708,3.006112879908412,1.204725473070714,304.5809926172336,0.6822453404228064,0.0001308717613246583
24992,-3.06070742973915,-5.546137269146795,0.772070755676543,0.4525024692234804,119.4784504731133,0.22099588134833148,0.00013087566786233523
24993,-0.934401630640636,-7.30092604396044,1.0320869452208958,2.6923559966808046,474.0637318949824,1.7824622643541153,0.00013087620901423456
24994,-1.2335118934799532,-7.754130660809296,4.050907066820323,0.9532765289525797,137.89637610702144,0.2672264575021561,0.00013087972532920144
24995,-1.6886953933847622,-5.5436639518811495,2.2202602497325206,1.1939896132192458,467.3589395809899,0.34642852738587937,0.0001308801504366521
24996,-4.429237912937171,-5.4253225831657454,0.4844536317228233,0.9890408372309577,195.65018774550344,0.531126530262167,0.00013088258569575635
24997,-1.381386806542542,-7.329030379110186,0.9994101701824278,1.098427251327387,251.26160942966942,0.45800707403958274,0.00013088723812560102
24998,-0.351154983956091,-6.47802877765687,1.7050446612114067,1.8096684314820422,376.8857453353217,1.2145809504362566,0.00013089004670963864
24999,-1.6178407561872064,-6.311167834043272,1.957590684851262,1.4913428363177905,468.9077142373909,0.918105520669406,0.00013089023607886657
25000,-4.498721450326356,-5.339819988791987,0.5547060321956082,2.437059514726643,449.80084421243185,1.770938263344692,0.00013089299814004376
25001,-5.485781847006311,-11.07016921362698,4.985240737431932,1.0091267908651353,255.2964046329038,0.8874865095360294,0.00013089640221995618
25002,-1.939110088352642,-5.543943966921558,2.2191915539780904,1.0210184613408273,274.45983553934667,1.3279365185040364,0.0001309001905516554
25003,-0.24808227315859455,-6.40678902037615,2.92666030073347,1.1487908428868934,299.95312774403214,0.7145591634560979,0.0001309017921114585
25004,-0.8570584604782301,-5.09028594525242,2.3925356210252624,1.078115083361006,283.60314711304744,0.7016422376139975,0.0001309023912108817
25005,-2.4815905352693495,-7.267445935511595,4.227628871562536,1.5515860380665496,347.24749668276263,1.5177746262156058,0.00013090535554008357
25006,-9.071530045239278,-7.693746410665,4.717617465210421,1.8693962322976825,448.5761824691677,0.4819384589751321,0.0001309095789679865
25007,-1.143860951626337,-5.081837965999435,2.388327597640091,1.8192270285679537,435.18380954906553,0.5382113307186733,0.00013090968733900975
25008,-1.2385667011009147,-5.3891708205274504,2.3365132925833256,4.027833032626919,432.7051323676474,0.022974346264727608,0.00013091807572845099
25009,-3.9534540077445355,-5.222524371960582,0.7202902279066448,3.3048559054150535,245.44870234022503,0.297910094075057,0.00013092057583607842
25010,-4.8577281166452755,-5.320374432877262,0.3069197060297676,1.6033408379346072,455.4744698510566,0.2660030749388378,0.00013092140296195565
25011,-0.6398760271717663,-5.545389676754146,2.5176098479130884,1.1213229658617272,468.0769583785307,0.7175707514460328,0.00013092863487833278
25012,-7.658866541072008,-9.323765900315635,4.9415971888574255,0.9783473976001843,467.7577420270106,0.6752495124089366,0.00013093328482381624
25013,-1.6875166658797411,-8.16409308945835,0.6102357625737704,1.4140263537203708,338.05510711210724,0.3471506262657478,0.00013093837185130863
25014,-1.575540722505819,-6.411626226701803,2.9820274482578912,1.158932552443726,468.4993599173375,0.6635599407763815,0.0001309414529483388
25015,-2.51141605914131,-5.935425798491255,1.656794125200965,0.9629125950226658,451.69877149870996,0.31222219558484277,0.00013094433991193006
25016,-1.8065109500126137,-6.316424324582902,1.9479836812559774,1.1234488631975226,271.27954633611745,0.4159556289255546,0.00013095357031727724
25017,-2.2868444791339133,-6.03502488377811,2.131235577695069,0.8973234023760598,236.0042584875286,0.2257977492163219,0.00013095477074109624
25018,-0.6065950062183223,-6.472240521735962,1.633004246378055,0.9878877086700795,272.78023737623045,0.6463000816970421,0.00013095895866922162
25019,-3.5742031465849298,-12.898091660496823,4.67936541497196,0.8485274195794136,468.0510763733687,0.17517124706137466,0.0001309656274707091
25020,-2.148317163605774,-5.590626020008875,2.6178960897494767,0.7760563816980873,212.60559897911452,1.187168425181648,0.00013098580044438663
25021,-0.5762278743259515,-5.966740465230397,1.9903008871382206,3.5432282093420335,529.7111498205635,0.36742625822635055,0.00013099316245381278
25022,-2.2909369295826565,-6.158227157302264,2.8947091728853502,1.1027842952740268,262.5878220992097,1.4684956665471685,0.00013099570053070364
25023,-2.4408188845134777,-5.961276167591907,1.9679557051697194,1.0195871118849615,274.479286196423,1.6776841986708542,0.00013099630916776954
25024,-4.929166755590662,-11.215091422517546,4.9291268422981815,1.7635272066366157,468.0107815425964,0.20811616068833771,0.0001310173806983109
25025,-0.3180530998167832,-11.01954250532741,4.350952553767056,3.316293599412582,411.99921897484035,0.03568658592763185,0.0001310184515778407
25026,-0.5581078825877963,-7.746797956079141,0.8302102886603899,0.8245889405486598,467.6128418491596,0.06749593725362057,0.00013102575718663777
25027,-9.799504651558278,-6.812377824977916,4.532199225111605,1.3444992810542558,467.956909087744,0.40028453230412797,0.0001310331852140957
25028,-3.5261037226515644,-5.411417183599563,4.503568118799563,1.4058012430448308,323.6425195701792,0.3468853290678906,0.00013103547099481427
25029,-0.038828570474223056,-12.434299197058547,4.276544298120031,1.2766506049087896,277.8860526953125,0.7681044518190419,0.00013104005618555772
25030,-0.7225223935818352,-6.145941920294227,2.885762569829772,0.9855163273158101,261.2434196098906,1.4722025053148817,0.00013104331467993566
25031,-3.5897551439051156,-6.083748792670635,0.30165499154419356,0.6915621537617043,171.05237706796524,0.30041408279265003,0.000131047046874044
25032,-9.854237540819954,-6.408051198541558,4.6228291796844845,1.1573126966861582,278.2704464069984,0.27035264734039544,0.00013104994493951856
25033,-0.23445373853822993,-12.886411648145357,4.26653556438241,1.701517928264756,366.678278851692,1.5247754332323318,0.0001310602183349784
25034,-8.358449160784309,-9.874776912127128,2.44644642630959,3.6110466413752667,262.352595215416,0.21933774635339365,0.00013107142645246765
25035,-0.33438242506915294,-12.149298140400443,4.284819469631786,1.3522036089353755,468.2086127645462,0.06973025338845851,0.0001310717786916163
25036,-1.0886173709922815,-6.734571634787334,1.3220768295390943,1.0869932198122612,282.6934168277636,1.778482791709786,0.0001310741439286776
25037,-1.1014100428913718,-5.185237310946063,2.4240437432971276,0.8706045304775667,429.1568329974623,0.7088904266561267,0.00013108710961248036
25038,-0.6976833469736654,-6.92341367055368,3.436711656910486,1.3511422008901386,470.15441831368776,0.16173699427658494,0.00013108853776134694
25039,-8.190615522147308,-10.424230026266017,2.546083846061342,0.8849273696858557,181.1762687218034,0.062254148945684484,0.0001311039586839235
25040,-2.0625908894832374,-5.866539152439672,2.5888071410010727,1.1431628486733074,294.4322948601251,0.9130362846743285,0.00013111473587982075
25041,-2.027369186745166,-8.785381203491731,4.4574772682968415,1.1581972291210645,467.0195811928555,0.24545855909625924,0.00013111505335285995
25042,-3.5788345559367336,-5.375106412232735,0.7632818204334629,0.9978914960842954,195.1293926174803,0.08152727360727052,0.0001311170309297995
25043,-0.22942380239538807,-5.551210675747588,2.4501406151356235,1.272041008816013,305.9537193728369,1.4442483263694976,0.00013111793973468776
25044,-7.574565218768386,-11.404271058828495,3.8169380155355737,1.7156567706373962,403.38745013278617,0.0022346056280637683,0.00013111802784146676
25045,-7.532187221178943,-12.84413820178058,0.23368188827294173,0.6041556979233798,180.1579021470356,1.1949286270102837,0.00013111864973318812
25046,-1.3361022678939136,-9.017285562741783,0.2639524397954594,1.5238596046658268,468.82100230537924,0.2908650753905393,0.00013112269521537651
25047,-9.212787328177612,-8.349544067706118,2.623676367981269,1.671974921217459,468.06925578745086,0.4811791377775183,0.00013112745973824526
25048,-0.09094319102254289,-5.58208581840608,2.529540066580308,1.6069478734697165,372.75641583974294,0.4280887542289564,0.00013113719079720939
25049,-0.94623397815635,-7.088264674988052,1.1776266214672368,0.9819681752693536,271.62269745318696,1.0310614922644374,0.00013114079972108733
25050,-1.5167444402137118,-7.128957384047715,3.5875711841624818,2.365821876985607,441.46714070037297,1.5212176535963344,0.0001311412473098013
25051,-0.4605737843403048,-7.319939202604384,1.0371573064680069,1.2439872556210325,278.2207446330542,0.22520808775064527,0.00013115690387934114
25052,-0.695568177193767,-5.628319086501443,2.6624898198190645,0.9218098585805586,182.59745357320256,0.21294141286491985,0.00013116372147541774
25053,-1.5778118193699928,-7.317301738696298,1.0736693809714009,1.1870789329468125,298.74674540193354,1.593382660839124,0.00013116792244904313
25054,-0.8530982598438754,-6.84778227432145,3.3626485260346444,1.5814214916312637,468.18484940604543,0.31171678446709983,0.0001311697084210559
25055,-0.5694644752541098,-11.318885497358059,4.339955574002613,1.5366163522576217,400.51618168233,0.052142974794927355,0.00013117509398508843
25056,-0.11804250006750827,-8.199724230907606,0.5769065253183815,1.2497398078789628,246.43507192277886,0.00868487462371359,0.0001311809923044655
25057,-0.12260238251067257,-6.309674739727113,1.6576233627614938,1.6396306685705069,385.2842865285104,0.7291950867096899,0.00013118297921502038
25058,-2.1863907196172008,-5.980406333174195,2.077861913119569,1.637700046674215,380.42368444753686,0.5703746704783068,0.00013118649797991174
25059,-0.9577906034845469,-7.064510158958611,3.487019427114913,1.1085774088594298,468.0946663205548,0.7276755476709384,0.0001311915525947872
25060,-0.2024020147703922,-12.17477642345468,4.282793884625494,1.6394188898188173,468.32307609670045,0.4135777350736438,0.00013119804149760793
25061,-0.21096413861987706,-5.163882501724582,2.4078124733592277,1.4403354432698516,324.24013860678036,0.23727076022824178,0.00013119893679278377
25062,-0.7408823310901962,-10.201912768222014,0.0224964872371128,0.7068213101049023,202.42684482277767,0.8027005145411339,0.0001312073668295143
25063,-9.983814526155964,-6.974469805480698,4.12519104979102,1.2851795156777415,467.63199414444506,0.5555785587009181,0.0001312077423462325
25064,-0.07372434175837128,-6.980726981336859,3.4595242396536574,1.9000056964864127,470.0457154448379,0.22215870219083644,0.0001312095208439141
25065,-1.4574872308469846,-9.742615680807322,0.08276091680633182,0.5082471265856869,135.0643239830278,1.17941504644104,0.00013121049395926993
25066,-9.171975553784112,-8.362276282603148,2.8655004732719522,0.8255156465186196,170.03007703765755,0.6256958594391362,0.00013121366559203733
25067,-1.6653224471388892,-9.94881292436289,0.07550392640326495,2.992732265308229,500.15568428058845,1.8981145059714253,0.00013121629419699828
25068,-8.856824130893965,-8.0205933628235,4.591674215378767,1.7719578427059626,375.22564122852043,1.5000077953059918,0.00013122723905286364
25069,-0.781287400529628,-7.4156599408176005,0.9779663264071842,0.6625796653486947,170.78329770596014,0.34129495727929804,0.0001312367590610678
25070,-0.39048871762019033,-6.345003171906488,3.0022652328208457,0.5474799470975249,155.99267760175152,0.617443751479338,0.00013123734212987993
25071,-1.2666168111533498,-6.744519218492073,3.2564387380156203,0.49090635718492687,115.39172086169161,0.6064917281987006,0.00013124278247694335
25072,-1.2207743130050677,-7.76139398697737,4.051415927887055,1.0865612442854073,281.95885901058614,1.5871956388002193,0.00013124515947136818
25073,-2.161564386833126,-7.141936384009957,3.595510856347101,0.85077824462709,467.6884771262218,0.5588202258202415,0.00013124591757889817
25074,-0.7211651551909597,-11.72207991265627,4.3005640380328884,1.0392358440120435,231.43539855261588,0.1401443984144466,0.00013124903661027477
25075,-0.25041858081694635,-6.580388293534223,1.5400748788847254,0.8990822799113661,176.0307458519803,0.010679309028278183,0.00013124963340686204
25076,-1.0390571470517926,-6.017010276422529,2.1085682435052124,1.7377795662565636,407.7421493784627,0.1943680340862839,0.0001312669959519112
25077,-1.83424053943547,-6.048888578241678,2.788438577448385,1.5084436870444613,389.9695807546661,0.5318444589971776,0.00013126941655556217
25078,-1.318381246235644,-7.958534395383327,0.7035473177687263,1.666223168360269,424.0797131404126,0.1351092353362615,0.0001312735146606069
25079,-1.2430294106295552,-5.334564086320746,2.2907893685057443,0.9939879994329982,268.8175598123771,1.3096815773026842,0.00013128645273847238
25080,-1.1536496937793004,-6.379836063863778,1.8365675401694128,0.8166262769967486,160.91294580396115,0.042092117631237436,0.00013128685767770722
25081,-1.4977464697023208,-7.392737455333278,3.7302275952430675,1.137261883072872,467.62558172788175,0.1475342857472528,0.00013129865350134008
25082,-4.639461552545136,-11.604971327099165,4.835670143189506,0.6681178179384475,186.53446085620254,0.7503279612297149,0.0001312998351538427
25083,-0.7560290543255697,-11.139645529796862,4.343031421722112,1.2188675854730235,307.88875804816524,1.5567581216000788,0.00013130180187366595
25084,-2.559522659711573,-5.821447845811818,2.3771761556995346,1.8167996942841933,433.24747772748975,0.3485063912678923,0.00013130287755875274
25085,-7.809113057692995,-10.84936647098143,3.5367542924406425,18.616311509885552,657.1880791387258,0.016625659267951676,0.00013131685347665299
25086,-0.047906807962300846,-8.237492023055434,4.288488005542023,1.3189932632013603,460.31763457932817,0.49901570603764167,0.0001313342169986851
25087,-2.366511443515753,-10.254108870028945,4.97279868719519,1.3872071916287165,310.3889246755349,0.924602862355397,0.0001313363186734317
25088,-1.9681010470520182,-11.096076712866523,4.385336264540195,1.6749714488857537,468.5489848561283,0.4741855843367837,0.00013134126015396585
25089,-8.226422722333016,-10.274234394533813,2.546853284648108,1.8027790426632841,430.955879481136,0.3717271073090638,0.00013134441201097195
25090,-1.0613362712806556,-6.330443088092352,1.6493249211702206,1.0562808374409158,284.20553090031876,1.7034414324764713,0.00013135556231145566
25091,-2.2163605240313364,-5.03955948870635,2.311517824110033,1.1423477250273142,296.2625954641187,0.9376274261158128,0.00013136554874903874
25092,-0.7375152071069806,-9.361440490055099,0.16348212031497228,7.282769653265071,674.9757632375588,0.22366184587373894,0.00013136992518445929
25093,-0.30273594822883965,-5.642187015164704,2.3669388085106404,1.1410722181525361,293.96258915493763,0.3211508411170678,0.00013137547909919948
25094,-0.9788163944164054,-6.4682555512938,3.0886897090465024,1.8667041311934547,359.6875885026123,0.4573309797340954,0.00013138319455618415
25095,-0.566934719550984,-5.393238420398408,2.239688273264206,1.8579944394624197,468.06860016264415,0.3879100748960793,0.0001313837377978549
25096,-2.502159406351824,-6.455521593938513,3.0990192972958632,0.9286268455315924,195.76463215185336,0.14621545619507614,0.00013138609150021248
25097,-3.3124816042842395,-5.012982782533663,3.87467783758407,1.0770948621712653,278.8095222966027,1.6159128348326588,0.00013141284594461717
25098,-1.3847129479474916,-9.650244593687328,0.09923823256451451,0.9502859829723724,266.77491565420456,1.1078814143630948,0.00013141422422998216
25099,-1.0278210538328167,-5.818066280411127,2.280541930537736,1.7853785196846206,424.3358392466939,0.03312842151436879,0.00013141910973178914
25100,-1.774738868341391,-9.130651188941226,0.20236784103181155,0.7769964884022548,178.6588832489495,0.07759477726204267,0.00013142119231522982
25101,-1.4482187881991226,-11.922162376489318,4.290078700574844,0.7784043401694639,226.60297470469308,0.7559009686727327,0.00013142295410420506
25102,-9.90179171546627,-5.561942890868133,4.579170046662257,1.1999492720459293,467.8641045667712,0.29053017644529433,0.00013142960379525597
25103,-6.884302982042447,-11.783097076708154,4.539054162153947,0.7382572825160306,468.81820522846806,0.329114270680404,0.0001314314351374174
25104,-0.8875818219376228,-6.02939264998658,2.773100991206412,1.226077742324864,294.94882632513924,0.27065029614131486,0.00013143584377543134
25105,-1.0180488315697094,-11.288262146800477,4.366745642796121,1.7967664784852493,428.5565371681069,0.8861850492297707,0.00013143670569836993
25106,-2.125364183232188,-5.633564932421449,2.654984573343126,0.9461871477696243,250.0407581381252,1.380434980061156,0.0001314424698393511
25107,-1.4677168862465741,-12.08899524278203,4.283459934281854,2.095414391324702,191.17903054422885,0.2754537863670521,0.00013144674629315264
25108,-0.30815916957857503,-6.899080467795887,1.2915930785755334,1.758538261327477,416.2895386104724,0.4149222138149966,0.00013144907380125778
25109,-1.4035148446129089,-5.557037210691259,2.2501791392456143,0.9006992294901771,184.34900027837574,0.4780412439450368,0.0001314636393107682
25110,-1.3188107491960679,-10.661557413114028,4.364722652327307,0.8839836265217981,468.50126653338486,0.8793509341586896,0.00013147218047165167
25111,-1.3451835509443537,-7.990948338442446,0.6871925169128452,2.2323944702256515,389.91174023332144,0.15143116723024086,0.00013147310849226235
25112,-0.806131393983673,-5.2144002390142985,2.414405454356015,0.8152628636089178,469.24330160511414,0.1896029997904929,0.00013149039185145743
25113,-1.8116340783978053,-12.335330201674388,4.27518644406381,0.9957897175250454,469.3943162260702,0.0017523681397788593,0.00013149052952534485
25114,-9.742470542260355,-7.760692145720092,2.5164958841104865,1.2862835983144376,319.813424593672,1.4999049296148455,0.00013149284453081391
25115,-1.8383797811603468,-7.981128364328425,0.7296661747063423,1.5035618839011164,338.26941081714267,0.8319611280644486,0.00013150154034193237
25116,-9.137967423616656,-7.990614159747276,4.064277869702492,1.396961570113941,468.5199108758265,0.6633753267471922,0.00013150262214448467
25117,-1.5024659295299365,-6.90982151354438,1.2128823389918089,1.0370083520961975,139.12065928764474,0.27752871341306307,0.0001315028228325391
25118,-0.7660535384948268,-7.969199984897235,0.6853383564610419,1.8686313252255906,449.5585119798576,0.010377762685370051,0.00013150361161546402
25119,-0.8634851804896275,-6.7542200961123235,1.4528310512852192,0.9281070271393937,262.6734934087707,0.7468068126867182,0.0001315047899222089
25120,-0.39570293658307065,-6.58873281809098,3.151929498140996,0.7840846797502897,192.22131134853194,0.9953399298248495,0.0001315110639295797
25121,-2.063887002753603,-6.047339463624494,1.8554120344237488,0.8995083393967463,468.3957092469538,0.8626133298470586,0.00013152261418525842
25122,-2.0884397515016007,-12.519795136298939,4.270090996041054,1.8452318158276828,468.3368150584982,0.1497796502875559,0.00013152414816953604
25123,-0.22259370201214068,-11.137184318233556,4.3102713956954535,1.6337219027491954,468.21494866843614,0.8815569657455553,0.00013152495994680517
25124,-1.1331123567741912,-7.264222190878186,3.6798243210243538,0.9256873994009407,468.3027409091358,0.3879640283728536,0.00013152539519001207
25125,-4.712289022252141,-5.457677585921293,5.023790548885995,1.2006850355215266,221.45939730724754,0.0584526634508995,0.00013152547937478128
25126,-1.9345006418481159,-6.141795021612116,1.8621501004299266,1.1950630886057367,467.95187090179024,0.6049132364493799,0.00013153562327012082
25127,-2.201712450649003,-5.590432623621199,2.6320723492747313,2.252778903149832,427.3959458723092,1.191910904285602,0.00013153742694546708
25128,-2.2638414291169724,-5.638437645996897,2.554799247671225,0.9877594955262029,200.72018016891153,0.3917782557594851,0.00013153796248401486
25129,-1.473386800896618,-6.225624120719654,1.9205637607480324,1.4696512656216933,330.6929285767578,0.6861859955799625,0.0001315466290168095
25130,-0.9263735879147674,-7.387855035392224,3.7263888968281798,1.5698489725849996,358.25847429961,0.34058349019656653,0.00013155794544189947
25131,-0.9396345391736141,-12.95189243033799,4.260680252307515,0.9210955193938473,467.38248305758367,0.3363081395207024,0.00013156667270494322
25132,-0.5920639437541233,-12.781905525634851,4.252079945984371,1.332845150244594,320.14219049138336,0.39448973998182435,0.0001315759840031694
25133,-7.943552799658623,-12.458659847164176,0.9673201037710141,1.0742734361848623,468.3813760667269,0.5292801587494642,0.00013158796671011285
25134,-0.646741503750075,-7.9575567186328255,0.7154043110860784,1.5777074335128727,362.6391771067569,0.7560044416779297,0.0001315884237696511
25135,-7.887520606308513,-11.466815731691305,3.1076037249058692,1.1231779284453427,263.7085259555004,1.3094329974587042,0.0001316120769231856
25136,-2.8705073115245217,-5.057337626957108,2.755161972100119,1.1668322905455726,203.10872097574537,0.1139588192802039,0.00013162155843435546
25137,-1.3210015675093683,-7.577910875015123,3.912933139469824,1.1714226154681282,301.3863397222108,0.4749092884195436,0.0001316238860490842
25138,-1.7869869302877088,-6.8973732482063825,1.2615672666091247,1.5766921056692833,366.63623406759245,0.9347662581223917,0.0001316254175623517
25139,-2.8378033453954687,-6.55250377958243,0.36038176261008814,1.7405793392255466,411.43492150525805,0.43859691993483274,0.00013162850100012567
25140,-0.4336198839728702,-7.319841642119502,1.033252965911539,1.8357180888447384,468.39878562703257,0.4954032384763325,0.0001316404925466785
25141,-1.255280909554381,-7.101630602981843,3.490947023881943,1.3896674573162353,156.0473552852104,0.4051715760756984,0.00013164062808608472
25142,-1.0167571494794618,-12.06026977170932,4.28268350819833,0.7949090454132245,181.78941336988896,0.736861586855178,0.00013164454041622416
25143,-1.8565433163547809,-8.272544746413331,4.300491704796966,0.7885210256199865,141.8495132510039,0.02308841922912297,0.00013164680340112584
25144,-1.041447892585948,-6.329499259319096,1.6618055648031873,1.2020269023484047,249.0950849056163,0.9006244284457177,0.0001316492921278351
25145,-0.7445904573930999,-8.94541120344395,4.4707832989439895,1.0043525664712132,268.4009877393504,0.8993233666560139,0.00013165333510563402
25146,-0.9941467278076228,-6.664650016387629,1.611060837014457,0.7251396569558121,145.37552396579616,0.9016283396674103,0.00013165721522433516
25147,-0.8650924068757089,-9.032571105051064,0.24605315167319022,3.0691931341636236,382.158856448931,0.0365637801339469,0.00013166022151935727
25148,-0.058729557706865165,-6.322615735952813,2.852805195373941,1.0248674292340632,467.95452618771964,0.015040498858024165,0.00013166070454252924
25149,-1.355592173739696,-6.706628177855958,3.1818178192927515,1.0848745627240748,467.57036243205107,0.20692254530045773,0.00013166149168585784
25150,-0.064271687570578,-10.288391103273915,0.0145342810196033,1.3742242733324148,326.08446123274933,1.8110182357576727,0.00013166408456992222
25151,-1.1055687509070644,-5.628042292929207,2.147785297468474,4.4212555114199725,542.9877800816407,0.15394511232832464,0.00013167357564464045
25152,-2.235330681150466,-6.553747788602234,1.5426145291483275,0.7406712006606204,450.7585264665467,0.26265278865029895,0.00013167537769679283
25153,-7.557186257584512,-11.967645926282534,3.7393402219334213,1.1572015892417897,467.6323655613267,0.18164000184356777,0.00013168696743097306
25154,-0.577958505263739,-6.428871782455356,2.9230526681176796,1.7270343443615384,407.3731178107277,0.19124220960808014,0.0001316924626632758
25155,-4.744317911673695,-12.305870230986073,4.7418552234795435,1.1520702134130536,238.79553506754178,0.48643766176200565,0.00013169816002266572
25156,-0.011061438627773867,-6.088156982085106,2.1415475525208243,0.8148210236525898,194.578073258297,0.3124788775770577,0.0001317130094088877
25157,-2.3533467733996227,-6.712472328755109,1.5505581937940014,0.888132567521625,170.57462696394296,0.1109373735803425,0.00013171305936867617
25158,-1.2196994603802107,-12.884320784140463,4.260464434713208,0.7898685084993586,469.1413608448502,0.13816478204934501,0.000131713665026516
25159,-3.2679851560866693,-11.809357213884429,4.796841147210865,0.7182545229306183,216.6413954971074,0.7347497789759911,0.00013173780687398938
25160,-1.9655129105055025,-7.799338175710913,0.7731822028576985,1.5742220668409044,469.4079106878344,0.11138844532570413,0.00013173896876016741
25161,-0.1494814358092036,-9.332321829909027,0.19301713845779309,1.0235671974455118,277.32088133747385,1.4074517367145871,0.0001317401953235285
25162,-2.5491851788288766,-6.267954703160533,2.9863490627708242,1.5515311299882448,347.94701482139845,0.37254299978122685,0.00013174845885061042
25163,-2.611485507510065,-6.682461928546722,3.9385088437598217,1.073431947076615,212.8570922378303,0.6604064631183233,0.00013175335923145353
25164,-1.3068897593758333,-6.963511978558333,1.251826141297788,0.874875672654605,469.89916354701234,0.06941089000547951,0.0001317705970183314
25165,-2.3658482347275713,-6.686365450627467,1.560101677433254,1.7432735957935488,412.98898413980555,0.4393912132146154,0.00013177563724613636
25166,-7.948728608687049,-12.607404940864019,0.6004132987663665,3.612439203096289,536.7893109014262,0.6531238201057263,0.0001317767658773007
25167,-7.589620608858604,-10.932433954481365,3.9331049264587166,0.971878781559349,271.100999783055,1.6221228962406764,0.00013177892779498687
25168,-2.267532961385287,-5.625913779893247,2.619794446070781,1.1253220747243622,291.579649273257,1.414594946037611,0.00013177991325977913
25169,-1.4145077747364123,-5.887087929522512,2.692237892040587,1.1158552080039803,218.17907206187706,0.48589508117596303,0.0001317853178251316
25170,-1.9604591379210703,-8.44937455419622,4.39343623114162,1.0491292085084454,277.00886018277725,1.25227352609482,0.00013178947882543486
25171,-2.5211205945271375,-6.126062272514157,0.9867053857006435,1.0024978912235625,196.92348285294267,0.279582431614144,0.0001317934259378906
25172,-1.5391394953171815,-6.104366514972054,2.8041467632806443,1.0941218703255862,291.9734507341452,0.9651904175518862,0.0001317977403212001
25173,-2.1971485408620435,-12.148073534376998,4.257666316715136,1.2225382492317016,298.82820118634874,1.4224455026213692,0.00013179930858408078
25174,-2.380775352986414,-7.39901918115397,3.7784309041278035,1.1209988102627404,255.5131129920157,0.49883926510731946,0.00013180274214182096
25175,-3.925303831570595,-5.02043423235925,0.8471874706800648,1.2422403117445127,272.82714235455006,0.9774692339573425,0.0001318076671033962
25176,-0.980819920451367,-10.874815520546992,4.397523060792719,1.5586968970481376,359.2871406489184,0.20760063692699582,0.00013181018928091256
25177,-6.6445920139019705,-11.26389740990427,4.777251324832121,1.3240431238934252,261.5810899840715,0.2650544476614307,0.00013181427191002768
25178,-1.711350653846221,-5.280652786912959,2.4275717580323857,1.2977274506604923,291.31193278214624,0.5922850930264865,0.00013181760280627422
25179,-7.2001586482928035,-12.293498252673123,4.196334191210412,0.9270033884362476,218.3380486227034,0.2896562827426914,0.0001318210748768409
25180,-1.2993373857696557,-11.676140458026442,4.297619681895148,3.0742610452765926,495.56712922183254,0.6941111884068594,0.00013182260882529213
25181,-9.116170495457848,-7.496688580696969,0.6561551063353829,1.6338787296321597,381.27022002059806,0.22764737135687252,0.000131830057247484
25182,-1.4469201639536458,-7.759248860281244,0.850137893568687,1.0749166353585424,469.9569433907589,0.12681830069496947,0.00013183253881003654
25183,-0.5341282884808525,-6.370793859770778,2.936983158784625,1.9758182239225972,182.77567218767442,0.27683867147222596,0.0001318421790635464
25184,-0.5272320210669399,-12.42959810869381,4.269210110969169,1.2158120426011303,304.75199497120497,0.7609308430070563,0.00013184521783940462
25185,-0.07755646516718961,-6.41772301095517,1.6695453196003918,3.53988033770891,537.7394451336381,1.03992845928122,0.0001318553422543902
25186,-0.7995353654483797,-9.472978817402335,0.12337199247766481,1.8879194786655586,468.2423766214367,0.5554886125777223,0.0001318691032544607
25187,-2.347723264622024,-8.308791539664298,4.435689866897266,1.4598329394751646,468.1517465584843,0.33754747224099013,0.0001318725294294208
25188,-1.7424984835456385,-6.064930448744975,1.9821616969980054,1.1281023950085918,269.616302047477,1.2740362553065276,0.00013187380554331246
25189,-2.4750874137467296,-5.746598330082429,1.964452987728388,1.6930063323198152,396.70710043445155,0.19924775301885678,0.00013187842395948738
25190,-1.4100777678126803,-8.849057229359119,4.459324975774248,1.1353330881215722,467.1243228579201,0.3394978680608709,0.0001318858946281239
25191,-3.8650499253691386,-5.103994008347512,0.8915142206601991,1.5725250936574275,469.7686904043931,0.2067980571920307,0.00013189890717004772
25192,-1.2735749183918035,-11.695084257725735,4.321854818697336,2.413134849507782,439.2781616583233,0.9009285112938263,0.00013190532907414153
25193,-0.3243756219563778,-5.961670355520453,2.3858720493778103,1.1910581940392984,468.3707699639624,0.5254025276975369,0.0001319063161080196
25194,-0.03145168501585793,-5.429558956343849,2.2821810534110383,1.697840914506077,398.82326200501547,0.5852513690292778,0.0001319098805379419
25195,-2.0850647071241033,-6.404542025067688,1.8164651633074222,1.8935731002500242,467.6575963922476,0.4116856150213435,0.00013191157424687197
25196,-1.032039782495195,-6.858703583417201,1.4974148717820372,1.1602347865800815,296.328028838921,0.8025997342438114,0.0001319148750228323
25197,-3.2653353666581335,-5.718414231937454,4.823497363229813,2.674436143392397,467.03315955398233,0.9929710609592535,0.00013193053272442156
25198,-0.3464873045786607,-8.756282889263147,0.34330549725489257,1.1635326272072029,467.41491640910465,0.30637802778609835,0.00013194070846594275
25199,-4.7065620164012145,-5.594422268522292,0.3007633268418087,0.6705269474339522,135.45022146252055,0.23853371692949388,0.00013194473237400006
25200,-0.5822033118387164,-5.854694075817843,2.375637795648538,3.46862116586204,252.69583473461387,0.42118145958434017,0.0001319482741874695
25201,-0.8331226209132243,-12.737811643249717,4.261024989477552,1.024924678681552,269.6830828711135,0.7384819118556232,0.00013195139840107455
25202,-5.171001974779617,-10.74309823066313,5.089211631772049,1.4068420728747633,468.9892481173605,0.35655681970875985,0.00013196190178080768
25203,-2.293111770734627,-8.324945961869412,4.31830853210896,1.1884355626116931,259.8917867420189,0.4173140491077252,0.00013196626030875067
25204,-0.9325261153341007,-6.486989982167705,3.0390608821641667,1.1307411467013337,291.93433091891455,0.9583270202913958,0.0001319678441937205
25205,-0.997477346456284,-11.711938370794792,4.294494245249216,1.1070033153131889,227.01775337951872,0.3643085662280807,0.00013197267191928977
25206,-2.1032616121512078,-6.088725936587623,1.9699915505177463,0.9609291700282303,237.450523876491,1.2553792184719539,0.00013197832529959994
25207,-1.3205150286607488,-11.41639226895674,4.336191691097886,2.2118175519881778,420.5930001085462,1.0286417564387982,0.0001319820019759638
25208,-4.283936124754259,-12.698663076892,4.695014562850852,0.9764962713712751,194.91867897905692,0.16566855139819037,0.000131988482781031
25209,-2.5768555867200282,-5.1553843623957665,2.4147916052739546,0.7559632190458213,170.61750878839484,0.1872891043079905,0.0001319911159736262
25210,-3.771306022826561,-12.74249019602481,4.685255937356787,1.0139630647795963,275.3930700333747,1.7907754643394442,0.0001320115137374347
25211,-2.092620649191809,-12.683940826017718,4.261772907559357,0.9109986643610971,133.97089232101996,0.37162451876682656,0.00013201567999753967
25212,-0.6410459718448394,-6.401486171354469,1.8283163087693874,1.74992724535907,414.13478046301583,0.4985120451307692,0.00013201579880160538
25213,-1.6623475732586641,-6.699743003523554,1.5883345505459263,1.5716885324324765,468.18446937873114,0.06716441762662484,0.00013201927608994367
25214,-1.0578696970952244,-9.462306968606306,4.470095472501923,1.390617732545626,468.7076876705526,0.25593873993602756,0.0001320210163960323
25215,-0.40218233701336636,-5.586793534277605,2.3496914939778986,1.9082443567566312,468.5536318375511,0.6515264726520451,0.00013202377424704066
25216,-4.310594390642182,-5.9113169378626145,0.32274224361926956,4.503899286549302,492.98441125134747,0.06405448517729528,0.00013202589545510237
25217,-0.6320542635103035,-12.364449591710024,4.269279230062189,1.104433910506134,285.0368598930571,0.8205183064873109,0.00013203164680936901
25218,-9.941382030048048,-5.802189960679818,4.5375299750358655,1.791655708703089,468.3145269479187,0.013833958846166006,0.00013203652164370377
25219,-1.6028253987009933,-5.791784948079663,2.380545041704513,1.9603916971332138,192.56874870494786,0.24468053178157856,0.00013203933024630556
25220,-9.94252129854967,-5.170199614670281,4.493985179313688,0.8843566645232842,215.4372866049997,1.1795622732529232,0.00013204743388905236
25221,-1.617246264537279,-9.948236320342822,4.428953044650768,8.037815956470276,502.4205974367838,0.04053331856477005,0.00013205801087541152
25222,-1.2281868334473707,-5.258464411798201,2.184318462011873,0.8790761486239203,329.6045938160756,0.9915816864323865,0.00013205932213674015
25223,-2.237457062076648,-8.519297169930038,4.394970699379503,1.6337735473984534,379.9957149624356,0.6059417563550067,0.0001320598160075755
25224,-2.944179301957223,-6.068182544682207,0.5027459251450543,0.7422785915900753,467.9326075140622,0.29031037798461234,0.0001320739682129537
25225,-1.5196305121222586,-9.608980778128476,4.459869482592868,1.1092380764631622,289.07884675412515,1.247728456033169,0.00013208769348119114
25226,-2.591527546616849,-5.595277685752335,1.224345669851195,1.0364846616544374,212.37721608318046,0.06790276569954923,0.00013209266157962243
25227,-1.003215534252588,-9.0761276752209,0.23395974097150202,1.8152308315701948,441.3196549650084,0.5162230139258313,0.00013209626253599265
25228,-0.5838664793963648,-6.400353992968797,1.8120120837899283,1.858936350569405,469.9953346956292,0.159171398455066,0.00013210284713000966
25229,-2.1196030392244127,-6.964866423287853,1.3457042221237279,1.8678824804224634,468.4901506234507,0.6172516196543407,0.0001321057768887824
25230,-1.019655988213863,-7.15312433992428,1.179576586992743,2.137509545378174,416.79354134121564,1.3543345890886629,0.00013210865374344878
25231,-1.3906860498538673,-6.915939370646212,1.2216611111214433,1.293487452029336,306.466567765333,0.40206700495531056,0.00013211060583086557
25232,-1.0873070269488068,-9.115378158933973,4.4758569883741535,2.651967386249595,448.3564869079293,0.48449595812232804,0.0001321107328164627
25233,-2.222663208587824,-9.945446789458654,0.08438378104376858,0.6772492002716336,135.5768166165374,0.14040441436814888,0.00013211649166556795
25234,-2.8913268009708073,-6.853019423164429,0.21888440787286884,1.6960059720627252,364.7723010946077,1.291028779204697,0.00013212677879004739
25235,-0.8807006443552048,-5.620001880927883,2.1488412352562367,0.935399820971966,150.55717859642505,0.1634968231768239,0.00013214425700772787
25236,-0.22127911311728,-9.794548490883287,4.443363676322703,2.2524598702849623,419.72727203674657,0.7439023594746805,0.00013215768727455355
25237,-2.4518483019240778,-6.761606663229575,3.2464385186165865,1.1075935438763036,468.3197106602146,0.5056552306948401,0.00013215989128927502
25238,-1.8630838527310338,-6.8459116001217355,1.488786796641979,1.8716323919440445,468.30274861666584,0.6254090083581527,0.00013216675600542004
25239,-1.7752799427223422,-5.295219214215127,2.414779396098981,0.8820163665368789,230.34846372306765,1.0940973945531445,0.00013217429173212474
25240,-4.922172842142556,-6.051550858372601,0.04850068550477903,0.8782840365166413,468.5096380816765,0.9149606108741466,0.00013218384842009592
25241,-1.1985279335466323,-6.85926748578391,1.5127142892575312,1.8836836117054019,470.4124489016014,0.02022024551171775,0.00013218900303639858
25242,-1.214827762752046,-7.0510856680219645,1.3827535511087585,1.9067718730455852,394.39287041368266,2.042377463592034,0.00013220830463116841
25243,-0.9947572754111018,-6.5308022295949,1.695865048086653,1.0460550887142013,466.8521752273484,0.8944264493092229,0.0001322088657472026
25244,-2.8073558080409367,-5.129910040711366,2.0289656651353964,1.1991432729247313,249.72270511488202,0.043566634529439874,0.00013221167297071442
25245,-1.1134753092222436,-6.074621465597983,2.1293568213735847,1.0287802093290772,202.68083665435373,0.20321236418004585,0.0001322163178793724
25246,-4.163821730215567,-5.177660307561908,0.7879749799241819,0.8908358548049653,201.26520686147006,0.7010773239722781,0.00013221878686159205
25247,-2.550511840215015,-5.813402243329511,2.1694967232054916,1.6379689530913417,468.8555178187585,0.8553278395305943,0.00013222070907938205
25248,-1.6911163500078672,-5.430688505861619,2.288921340178475,0.9951265539697154,274.5217323649334,1.785417726341893,0.00013224134440634146
25249,-2.5895098815820283,-5.685013315901214,2.2488816495268344,1.385218168727898,275.43361853278077,0.31515479031265237,0.00013224815370773286
25250,-0.8367381087359256,-7.331504401511328,1.0708244966951828,2.8862402593590186,460.99438236850426,0.2731743647783391,0.00013225014856853664
25251,-6.330338980152893,-11.67306900467452,4.7912822624155424,0.9049765071861554,468.0818452730302,0.45367573455819343,0.000132252129231618
25252,-3.0387789297590686,-5.228447906147988,3.578758740496962,1.7584416405907781,371.04806367821095,0.9418697356944712,0.00013225248442978504
25253,-1.2985604065055973,-9.935663354813155,4.428502416338113,5.428686977228422,479.4308423750814,0.006959706255461384,0.0001322708311713468
25254,-1.7495260767919412,-5.653075514000046,2.21438655385958,1.0897375814756778,467.7662144254087,0.4934850263281261,0.00013227098044465312
25255,-0.6430891368040204,-5.660117803982946,2.249605816727121,1.2270018580931041,244.1050272849467,0.010056438668691214,0.00013227996663237382
25256,-0.3655109171664783,-5.698923882000883,2.655786026132441,1.0925468676283914,283.6211070185117,1.5890948648107779,0.00013228072144684983
25257,-2.0136246411379632,-6.7402934022519645,3.1853527649714435,1.0128282032023845,468.02885886984694,0.3809572550287976,0.0001322838540782668
25258,-2.174570054167826,-7.749073474508368,0.8136233697182057,2.262650348193687,425.74990349519953,0.805164640466109,0.00013230660142987208
25259,-2.090244792946371,-5.238164687549722,2.228238000116,0.8091120635910996,148.6870925548967,0.3908776832271519,0.0001323178523223174
25260,-0.6060429151411846,-5.265162292163528,2.3885934217184794,1.8889892979015483,458.97118616315174,0.18952037675153122,0.00013233670885418354
25261,-1.6276601447750725,-5.664303243349288,2.2263323302802815,0.7221898639856995,207.07275575553336,0.6226737982857751,0.00013234194089147604
25262,-1.3094847499852715,-7.320069417986628,3.6997374816563715,1.5891724348590177,369.1631050148703,0.516433961233365,0.00013235518944108501
25263,-1.0718567146349347,-5.667106210563004,2.5217837368347684,1.9831599306784493,403.3107341035355,2.065934935157002,0.00013235638682458295
25264,-0.9057675350743803,-6.847697550120303,3.3414871547999097,1.4287878207791571,326.1322545324585,0.8344242597664762,0.00013235686553295754
25265,-1.6179167529093696,-9.296202426226856,4.473920304881846,0.9597349819121601,191.3315174700082,0.7075797778691344,0.00013235715572614844
25266,-0.3483446375089443,-8.794706521194765,0.3332657062048234,1.0942534657322713,286.49454638873004,1.4069431515960789,0.00013237315526483978
25267,-1.4113089285887526,-11.076962961049063,4.37792894167895,1.7336748544922476,416.7313725827819,0.4910391588393681,0.00013238197306296835
25268,-1.2397149894871458,-9.171368966191817,0.22208584847409765,1.7652193444749187,419.312650725648,0.08036185944700769,0.00013238326278875874
25269,-0.8324465944879016,-11.474421169345455,4.312981289471438,2.0957056852830815,193.11542117639434,0.26052090221451607,0.00013238921032455
25270,-1.416204127906358,-7.7986789650043296,4.062012396131416,8.071337280216271,712.0973445755633,0.24925676057110469,0.00013239989258023108
25271,-3.6539144719086263,-5.013741837705554,4.089937275325671,1.424359586497997,332.88161481204656,1.6636572243604801,0.0001324022807391692
25272,-1.6175812901493138,-5.9759982234757745,2.6910098517139946,1.6142664507381643,370.8591849029034,0.01316114091619891,0.0001324026606230845
25273,-6.8759486192566595,-10.421645435109387,4.954940327552957,1.9896573812796485,400.4935104094652,1.4295826540245917,0.0001324030374338922
25274,-0.7196128804300521,-6.332185426605488,1.7503394341971383,2.046189947359516,399.6433651941217,0.8416222420580617,0.00013240937407526124
25275,-2.219308267406915,-10.327530100100534,4.385110083261482,1.9933189945618404,400.9862303003895,0.6979241728392873,0.00013244712531585288
25276,-2.430517629870298,-5.732853920177104,2.2535445782849144,1.0440398887430935,212.0203337384284,0.02454106724093652,0.00013244792879068472
25277,-2.358278658584684,-7.224184239021493,3.6080470656451715,1.5539459452505,359.31552723109326,0.017486022245295274,0.00013244842923054893
25278,-1.0252885488374783,-6.032793213283153,2.6099961602597213,2.253525989587586,416.0747099393282,0.27565554971703676,0.00013245312638896222
25279,-1.566110032018262,-5.147891117704622,2.2018211478093437,1.6612315522845353,391.5756192259658,0.6809958428767908,0.00013245461659121217
25280,-0.22769659736725778,-6.072826581333364,2.7682242673059188,0.6872678830710858,152.68198611199978,0.0028492431422977305,0.00013245739294101734
25281,-2.3962854191423366,-7.218111125954246,3.5960025703815,1.3711502590985076,158.1968316288605,0.40976738658739453,0.0001324622320022356
25282,-2.023399876054791,-6.3852033987025365,1.9633974147386126,1.1440863928975602,298.0432005717525,0.9155521514765361,0.0001324676748076617
25283,-4.177838401127652,-5.372287233231519,4.625806887998349,1.4963062317689935,419.7447837255796,0.35004927051848167,0.00013247531051076742
25284,-9.475474241928016,-6.952939825875934,4.908855949564787,0.6058096420776682,183.84607207166596,0.39423220122434,0.00013248028843437638
25285,-1.8146462295374075,-7.049089466722567,1.398818118942556,1.8221740386925658,467.9493751828175,0.4113102584063455,0.00013248632150465866
25286,-2.693707870219396,-5.681257379456652,0.8816661518587409,0.9281430783961397,469.19757480267185,0.5948849650033452,0.0001325026790237184
25287,-1.7840330977399397,-5.722123237206156,2.2578235041659735,2.053504358587588,400.75085703726944,0.32254587411052515,0.0001325181447098316
25288,-2.5026938621240715,-6.051401923984806,2.0759062151824517,1.1708545516851927,263.8537359180903,0.7939896903780275,0.00013253550294954145
25289,-4.4782379260185685,-6.015821822617399,0.2620519582199781,0.8523696116991664,176.61887840325565,0.5159156010935924,0.00013253832236503562
25290,-2.1680135136294085,-6.841824420342543,1.463613923111195,3.5439283979877945,526.1980785861678,0.4678347909365943,0.00013253896387579496
25291,-1.5492854361691037,-6.185294922084309,2.05367350271967,4.605817100040207,592.9845341434279,0.3168190184108539,0.00013254299830081385
25292,-0.8333054872857897,-8.45005807782028,0.47207705142324685,1.066302167092721,277.69684318432206,0.8630771879199912,0.00013254530629050067
25293,-2.011621476170805,-6.2163440160606385,2.8951463374653286,0.9305608205476682,467.1755644758014,0.04509853347928772,0.00013255410103682792
25294,-0.4083060919018209,-5.151399450154774,2.1903619560207477,0.9088448026886283,468.2729405083414,0.46307499547475306,0.00013255908955913618
25295,-1.6935462333661722,-5.769409399388072,2.679454357299099,0.7472642009617823,469.50203116073465,0.2379928625906702,0.0001325859529714977
25296,-0.1673065619679761,-5.583673979503056,2.334004142173635,0.8940587810924999,468.3884105937463,0.5320279690018292,0.00013259633234631308
25297,-0.5195290940889379,-7.324779084016675,3.6998886558093567,1.7314691780639133,469.7100951064612,0.20681989041209103,0.0001325982518355009
25298,-1.7342216727556714,-7.922649402731778,4.134040581069845,1.429297058154555,467.4435994861225,0.45091510875980223,0.00013260500970309398
25299,-0.9769888477309809,-11.540635515522501,4.2976984763605035,0.7778346029381921,156.6882432057775,0.3487485721683248,0.00013260812022092318
25300,-0.40279366755705226,-6.095582531135602,2.124438227006004,0.9424375952274721,264.6157795203378,1.3269799692404396,0.00013261224011385
25301,-1.4563364060077628,-5.5111295601340045,2.182786607892781,4.103085125646885,565.4458775930233,0.425533151645892,0.0001326183310687504
25302,-1.5283989766766712,-6.101777356210672,2.780375129319034,1.0797371811333256,377.27336689175723,0.4549714600037902,0.00013262970709531082
25303,-7.222545222433306,-9.778507718507875,5.07296049416721,0.4611217499589531,118.36054740725751,0.39664399110606663,0.0001326451530886586
25304,-1.3695183195323803,-6.854380678264805,3.341309641899859,0.7025089208847912,153.3257279458541,0.8976873726636496,0.00013264841544607424
25305,-1.559871611025942,-6.980355150040033,1.1992023862597314,2.4933988856646003,456.14957251068756,1.8776997628676364,0.00013266545332942022
25306,-1.950135544415767,-6.428515859243609,1.8253880101612077,1.6228704740623219,403.0420180917497,0.9416103158101823,0.00013267004493888797
25307,-1.9148386409780738,-5.651264847817957,2.353100151543802,1.3214231304623527,322.54874438010745,1.1737340197994746,0.00013267027356183582
25308,-1.3218573019119244,-6.100693355850641,2.134750646317126,0.8330238724032675,466.66006383786726,0.5463308486201717,0.0001326818342265216
25309,-1.7705114715344408,-6.961710848558954,1.3366666728669492,1.7836568740299819,468.0341429765961,0.06965286743091603,0.00013269167061346422
25310,-1.938009145194151,-6.354145356286567,1.788461207843664,1.8503339049953014,386.10545281883367,0.5319446040337032,0.00013269239306380726
25311,-0.6022649830903699,-5.735350673688916,2.372840116435078,0.9457211806725461,136.74197218631562,0.31341370101360067,0.0001326932784079021
25312,-0.021442520285280153,-6.207398470244803,1.862360375932379,0.8026325343909209,173.25965873430118,0.15603093370736687,0.00013270130494664453
25313,-0.8242842993547814,-6.184683839390219,2.012826153517498,1.0566318696509915,276.28712159279644,0.9561198060706007,0.00013270780318939564
25314,-1.410125365178489,-6.458680748526074,1.669698258165105,2.0625932129524935,407.32766851323134,1.2785092489330543,0.00013271107957710495
25315,-0.3580532897858806,-8.420921174891435,0.48655788205249145,1.0814353308479867,285.0473446808735,0.6168103625945411,0.00013271601876621884
25316,-3.449977424227323,-5.316643037444063,4.361137434733958,1.5991880355363175,371.06457879474704,0.17074277355399214,0.00013272127164411218
25317,-0.2984367802935388,-7.353858417507648,1.0773687044546634,0.8503569655422276,165.40109105594107,0.009940545917433319,0.00013274103449880488
25318,-2.355331001585066,-6.431270750327272,2.953138128792841,1.7579638007150091,467.7974366411764,0.5073607755541927,0.00013274426142581512
25319,-1.6496467595268882,-11.299874745068067,4.312777827044363,0.9673817353220318,469.773797116277,0.004991717566761089,0.00013274922848379098
25320,-0.6938528837447002,-6.077353066481434,2.076052478982453,1.4535663351552364,342.5628293701549,0.5544147041585932,0.00013276168910223652
25321,-0.19422757196771911,-6.401119190512743,1.9445558824238522,1.542876781206785,348.23638438043713,1.7885370665848406,0.00013276639191329919
25322,-4.539648185379214,-5.013427875196254,0.6113476763084168,0.8720567515810537,468.7664375387634,0.2013193639910824,0.0001327890925013655
25323,-0.2404947357743623,-6.06840711095729,2.761752736088913,1.6363977578197306,383.3274095215722,0.40762810458419807,0.00013279395032229083
25324,-0.7344489582873539,-6.946961019738089,1.2895702640735018,0.748161809667648,151.08255747589888,0.37611268165633494,0.00013279565889747012
25325,-0.4398290117021517,-6.434430094745388,1.8334929916026603,1.7665231024600454,468.5938903709806,0.8470411573837415,0.00013280479353570477
25326,-1.4345934483441614,-6.552422223278409,3.1132976317836585,0.6256252495982866,193.66218437055528,0.8994322240133092,0.00013281517465027408
25327,-2.346857567155279,-9.533424988954597,4.774327208536919,1.3839986704927103,305.8544340127503,0.4470924046339402,0.00013283189940312235
25328,-2.1396079684305604,-5.1972380305218,2.1996971515308914,1.6300391506809173,467.9623688923231,0.4457804168617079,0.0001328354002447345
25329,-0.3473029382590145,-5.495888289372089,2.332722337013664,1.7597109440384395,416.2582010465786,0.5078291712300649,0.00013283895959077135
25330,-1.8821274870724078,-10.740048474421291,4.354660966970847,0.9444966812583652,183.8723839581341,0.31407637209688843,0.0001328427854153999
25331,-5.467343771637664,-12.244116918243385,4.764004621992889,1.8171900591262191,468.3887813091476,0.2620611160840829,0.00013285392124961544
25332,-0.7624821288112411,-5.836394070377211,2.573824768332732,0.870719242869794,249.68463147447756,1.223523470775901,0.000132860642280827
25333,-9.801792224106666,-7.4342349970219335,3.7789457785312934,1.260040574709039,317.49355621241256,0.35555532735634277,0.00013286536515902067
25334,-4.534380259950148,-5.215076207683618,4.632942249608923,0.7047877602352616,208.95222220753493,1.1495747073551028,0.00013287288469568612
25335,-1.385123743351075,-8.554049776939014,0.4257291887772566,2.117868002815545,417.9015360572989,1.9736172192069317,0.00013288200071166675
25336,-1.4498205292030324,-7.832209043998681,4.077405011592513,7.977703347683034,357.03602237508875,0.21074008694124657,0.0001328845547786733
25337,-8.370667480626565,-9.966268533622873,1.8346512234620598,1.3125103059036984,304.0500083878214,0.18580513269169074,0.00013289897021736806
25338,-4.220932768083295,-10.953822879692478,4.9850319225360495,1.163566908774643,297.8555627792387,0.6394568910963097,0.0001329194722610738
25339,-0.5165290975348853,-10.840276105835542,4.390774239936988,1.3582899207657484,330.6205639279155,0.3326257115017395,0.00013292665611141195
25340,-1.882733182730048,-10.079410783915986,0.06492071108704218,1.5218107290976692,346.70548579696094,0.5821449800406588,0.0001329381672062854
25341,-1.3441324520848053,-6.119476824588091,2.782062878426652,1.8381107790265236,468.075847739494,0.5496466966662483,0.00013293992165331763
25342,-2.7443144203312144,-5.440508307794002,0.9789847588207764,1.0673575335359509,277.4035027769991,1.0093399823403066,0.00013294716799942184
25343,-1.3084199437815176,-6.8938324030855656,1.501329123493783,1.846840815807753,457.5478050134852,0.049544036285047,0.00013295379547948328
25344,-0.00040126915678229125,-7.9846736686933335,0.7181196398961952,0.9291541245888794,371.2135497001082,0.25662488071524336,0.00013295412568363127
25345,-1.7373300732338866,-12.448017905492291,4.25850436993521,1.1006002572053193,284.66178883253576,1.0769690832611873,0.00013295688464466847
25346,-0.9844013473645834,-5.71381763494085,2.238466658464461,1.8476930713447097,468.03206355811665,0.4598719573608312,0.00013295860379826196
25347,-2.267483622779496,-8.009423070884889,0.5612708391762657,1.192078103741538,179.08040226893354,0.16576530464878747,0.00013296815808691874
25348,-0.23147544123092878,-7.694027280260507,3.946905047576548,2.072932178291604,406.74608303105435,1.122214541581255,0.00013297116714846522
25349,-1.5231857534580033,-5.538875040082096,2.335168933175261,1.6103465440075666,376.740160964532,0.7792986496898449,0.00013299228787907785
25350,-1.0639094331890089,-7.388046013717312,1.0025899154792761,0.8704037769594046,468.0447471292717,0.684879405450892,0.00013301596012082163
25351,-1.2879742595535042,-6.299342305795872,1.9172330307875802,2.470945257765954,436.02439084981535,0.44587829084108943,0.00013301885053039914
25352,-1.2012529000942944,-10.803396050624336,4.3541140397027815,1.3579145950329274,319.888012461293,1.5263937735781168,0.0001330280393300229
25353,-1.6698096914114497,-12.053458574742077,4.270279226985244,2.7962301857984277,450.9455321146464,0.2808577958319516,0.00013303122654675716
25354,-0.8781788727377418,-6.572637542087841,3.1221088130787136,1.7793146935168027,375.8077615754655,0.4167382617640154,0.0001330344567906919
25355,-0.42330893054025864,-6.355995886202643,2.0691690700722907,1.4877631005514405,384.0256773437932,0.2885662125226176,0.00013304330823236572
25356,-0.7735498649480768,-9.908379393915325,4.4248979542354645,0.8490969097319273,199.0423353513484,0.387213007421245,0.0001330534045792737
25357,-2.03431628850468,-10.093731105158094,0.06329546095457378,2.019203692287617,402.3617872360526,0.42154507402481833,0.00013305412732365676
25358,-1.7006819156976007,-5.415926694938888,2.4296453171340984,1.8280556893343858,462.959603471829,0.4374774341263672,0.00013305493334344904
25359,-9.746572307730927,-7.5825496183750944,2.001867661678564,1.015426278747734,204.49429865286834,0.8836169169276085,0.00013306532717769818
25360,-1.9187689978713571,-6.053036683826845,2.095374772953753,2.5257065252267705,451.18911494015117,0.9443986859676086,0.00013307373718001608
25361,-4.027646941311781,-11.029624881707758,4.958582407369733,3.5916930699731258,541.6369503204505,1.0477519171268028,0.00013308845775515925
25362,-1.7658703227575483,-6.566018217657078,1.632917162336527,0.8719453017428778,468.4065037018152,0.5389286770736446,0.0001331034966924857
25363,-1.3625841905790743,-6.352494596801117,2.0531518223822722,1.47151994974897,328.6834218342601,0.5845015071298159,0.00013311919116808173
25364,-0.4427615831419516,-6.345082540614105,1.894422827733657,1.7743620166322598,426.16693510302593,0.22572409604056265,0.00013311965259506906
25365,-2.562964988369256,-5.9462293322638216,2.085710522214006,1.0711043386355517,467.20333031223396,0.5416225599092162,0.0001331246583930527
25366,-0.588014038994233,-6.38393158675349,3.004349468323641,0.91171171030898,467.9964746471481,0.36647960204894403,0.0001331292401866604
25367,-2.8101338760387273,-5.187669007749833,1.1142610616917648,1.4080772515161741,319.9188090210534,0.048964875041916045,0.00013314366509419503
25368,-0.7442844576081225,-6.718615358361517,1.5674317871450116,1.7412451373139655,412.8799763090729,0.8617758949323475,0.0001331523906828367
25369,-2.214812042958247,-9.41228812608718,0.19223396872220272,2.7658543401129143,479.4388956853846,1.484868822536769,0.00013315541752359782
25370,-0.901357782395614,-6.3578918003947384,2.032168525670517,1.7024137697000439,453.563058034684,0.4060012868438676,0.00013315663693375538
25371,-2.3195780331547873,-6.534594965168481,1.6741182627676638,1.736003655289421,411.2483861301568,0.6486613257293561,0.0001331612780178313
25372,-2.8247787700012488,-5.30964389011531,3.099414821966331,2.393368171144655,443.61667898521824,1.3337430428715669,0.00013316332694284796
25373,-0.3745785842212541,-5.768348880804392,2.256026490377354,0.9192275081080685,176.15269082266605,0.17507252690784103,0.0001331845799354379
25374,-1.7655993390974025,-9.058113885927177,4.4651923369509,1.1676344204846465,425.8208535208974,0.45241658695244436,0.00013318478044493516
25375,-1.4002476960208092,-5.762948853428373,2.5466334652254363,0.960161018490189,253.6689049961734,1.4804902057894305,0.00013320088729814242
25376,-1.5745763647024429,-10.949484070991423,4.38009888133494,1.0804538349885546,280.86121626480895,1.568487478504422,0.0001332011912309449
25377,-0.33872221813032155,-11.648249145076807,4.2865961092844875,1.0054450273805102,193.26169629094016,0.04939716531364624,0.00013320176358107456
25378,-0.11243862234626079,-10.986358776806496,4.307122361046756,1.4616187588661202,324.23922114808283,0.8151781946236314,0.00013320389444738045
25379,-1.4063682506430144,-8.767448670444079,0.3417755796714074,1.0375397560898716,468.1167038691545,0.8586780646933407,0.00013320962392889395
25380,-7.942510613642957,-8.890246189744477,0.26243307836709956,1.0065280834065375,468.1526614356874,0.3758836130374972,0.00013321155438926726
25381,-1.8027143532019956,-10.958331354651556,4.311862923013424,1.962277010071349,399.6646589792735,1.7264551169822058,0.00013321994730886616
25382,-1.8415072011094153,-8.258643908141405,0.5590843444326224,1.8751726788435403,467.60230721724554,0.2685658936394253,0.00013323296639357923
25383,-2.146891388158524,-7.798324976930238,0.8214884742942741,1.0449415436657423,252.82480733341555,1.4096339629198358,0.00013323557719920637
25384,-0.6439995142171746,-10.358235963653014,0.019386399867216346,0.7827563386603835,469.9699701352129,0.19569947016676714,0.00013324065292141202
25385,-0.6548651863961918,-10.941229977313524,4.31038830654818,1.3539134070802914,174.3427143684881,0.1716472567800258,0.0001332428413094726
25386,-1.928325973716408,-8.42432435882272,0.5181918253503803,1.1059149698591242,284.5430687977176,1.7410368254989264,0.000133243827683463
25387,-1.3171229717230855,-7.564594876522625,0.9307660119085218,1.8268921929852162,252.20110167651868,0.0830530847324642,0.00013326842564073362
25388,-0.8348664700965465,-6.417131540574235,2.9321392672284454,1.2054658454306453,261.89150733887004,0.7282529657291867,0.00013327119696677833
25389,-0.05169079013755784,-9.18516216708122,0.22806751213579826,1.0432921655962368,278.5910875900674,0.8378342279319879,0.0001332712631797123
25390,-0.3705428416093639,-9.101222275693825,4.465952787801795,1.0857975622734541,235.9908297456819,0.5410600385450683,0.00013328412794953203
25391,-2.231992905130661,-5.503145215134786,2.5273359397972324,0.8009332177267805,292.96107084238207,0.019756741672781963,0.00013329490733958533
25392,-4.3756193654141455,-5.491893156165672,0.5621112987608904,1.1131590880513649,285.6342393666808,1.3150709581141449,0.00013329610911256643
25393,-1.9638096977170942,-7.026550181557682,3.4053737007147333,0.9568820853331734,467.8307226013735,0.6474327993436209,0.00013329890693622738
25394,-1.8718168775338846,-6.6490979064562525,3.157014114606455,1.0348054905976785,277.313960090778,1.5356906044144996,0.00013330414147991602
25395,-1.9293818638945268,-6.173416893290641,2.1418836329525397,2.489903694905668,454.4001358580701,1.6126362649240429,0.00013331353798316163
25396,-2.378367561415425,-6.123508916693256,2.109250245148194,0.7548066702266526,470.47818100158497,0.22653174841875146,0.00013331443543012795
25397,-0.950890395629358,-10.698518911558494,4.354328942787031,0.6013153495902742,174.7665467233465,0.9108370160888235,0.00013332435766101575
25398,-1.318401995178883,-12.389561815315647,4.256634422029041,1.013676856563774,158.56156774024234,0.24400011893648266,0.00013332653784897233
25399,-5.9663556752247775,-11.728676236585859,4.8245953892611215,1.4904064444864034,336.5043353775173,0.9521855725742219,0.00013333179617193604
25400,-1.1371584107581274,-6.610477126009837,1.7252426712806541,1.1153430339081165,464.4082787455438,0.7550280087351338,0.00013333599905316273
25401,-2.700513712431391,-5.419465365496313,1.1243996524478714,1.2168196581450927,467.9137269849578,0.47136261906263677,0.00013334952585594993
25402,-0.18348563722261702,-6.384021147174635,1.9376041049865165,1.8638193108453018,447.3168591664842,0.26708662882578693,0.00013335219489052933
25403,-1.1176925476856407,-8.083933120366213,4.194123850729871,0.9676720881118563,193.5165794152805,0.8287442759147767,0.00013336400093835092
25404,-0.12730408538142512,-10.060647370074227,4.406315785022067,2.337948616717682,339.49473444436416,0.08261360417099439,0.0001333730529386755
25405,-9.91519611784555,-5.71185674372608,4.562740302632336,1.0377216213465905,223.20370871903654,0.09184532516165067,0.00013337397955318837
25406,-0.1996003037377907,-10.775631359690859,4.346943275763261,0.6641504413106681,134.14831665607448,0.18091117919683786,0.0001333843724235292
25407,-0.7267289741761331,-7.173954666503843,1.1671279688890601,1.543725682288761,346.14983903453833,1.48999498377023,0.00013338576799009827
25408,-2.2209516010171697,-8.199936820630683,0.6092059085840011,1.007020418872436,272.6989224777122,0.7784304080668027,0.000133391256930787
25409,-3.576312004140007,-5.285207765190156,4.30148746738801,1.0983754991077885,359.0870746634091,0.1143708732136508,0.0001334060799257141
25410,-0.3198836087429502,-5.894238499287051,2.5770061195170637,0.9211996796782496,198.72373915962305,1.030690368945554,0.00013340697781297951
25411,-1.7316224425122932,-7.6738077880995474,3.9327388225571074,1.7546229681708168,467.95133064781555,0.31014664629000155,0.00013341319063808516
25412,-0.038224348195306845,-6.881107139748028,1.4823419752061757,1.3725119348771602,329.93730909683484,0.24727068331855495,0.00013341474243539725
25413,-3.6987675079683733,-5.195415278404046,0.8839195485416907,0.7322133677503379,154.2309347786522,0.29158198323507367,0.00013343981053624655
25414,-1.9624607601843476,-6.512158402535331,2.98898782743341,0.9958908606055928,198.09269479970135,0.9023440070129984,0.00013344627753548522
25415,-1.5702718623951757,-7.811698703385203,0.7774587993098316,1.7573785539514855,416.8536503231759,0.4153115181458631,0.00013344960614108226
25416,-4.551448694313196,-5.1749944359162905,4.464430802268986,0.9664973834741444,468.080921823932,0.719848466688302,0.00013346693549578137
25417,-1.51581007768689,-9.398576612498236,4.461589031230142,1.1109530159114127,289.8155634505005,1.1242003595535257,0.00013346897160416925
25418,-1.144924307739462,-5.788866779248129,2.551313953145689,0.7427791538151152,188.31829084228414,0.6280216771012315,0.00013348799540925202
25419,-4.967117493293992,-11.9800273794544,4.776945864586862,1.3546558468411327,295.65739749503473,0.20268910699301035,0.00013349443722929507
25420,-0.8008199455055305,-6.944662224971851,1.2744681816923844,1.058519367754328,280.9764730195393,1.516401158370563,0.0001335034907295109
25421,-1.8058730676288999,-7.384877712525275,1.0055790760101768,3.6364084625539745,541.6751055909635,0.7961870114729992,0.00013350611872074356
25422,-2.855740858243461,-5.52071358419597,3.456800300353952,1.1021629475341357,235.61552735038796,0.08598375505170264,0.0001335204999577471
25423,-2.159351265406534,-7.786551867966346,0.8172074249127146,0.801413261340107,469.0570083312135,0.1859665759677087,0.00013352158914489457
25424,-0.22231490592830383,-12.163924697594485,4.261821860202306,1.536555858641591,345.0146619883532,0.10291136973952764,0.00013352246778969493
25425,-3.5979019906642637,-5.362865804237823,0.740174860743406,1.694889794500597,400.5922833480697,0.7170957157780196,0.00013352816734454276
25426,-1.459488386722386,-6.498640273949924,1.6697095009704719,0.8600717849478927,205.80023722353573,0.7347026770414775,0.00013353482463223135
25427,-2.3618647970275166,-6.775692175234735,3.2451322637066466,1.8382166845086587,468.3899996145213,0.5326905841183764,0.00013353847334361205
25428,-7.955457262726561,-11.19783360936421,0.453694216963985,0.8528901281385778,309.71937753487634,0.3681156641155612,0.0001335479472313038
25429,-4.568542769511681,-5.164358968975962,4.464489548464761,1.1809827638369508,132.11604951121257,0.36240483908968724,0.00013356015942733745
25430,-1.691357916037484,-9.135070798545813,0.2052307826740016,2.25841833801432,430.93135941859447,1.4659906098372462,0.00013356050453170636
25431,-2.276434408784704,-6.142450354219267,2.084925581351663,1.2005669664512975,467.85637826172575,0.33345883219337047,0.00013356078444644139
25432,-1.8876425987448027,-6.239798925278977,1.8686662115492045,2.173484243572127,400.55408538883916,0.5536331224037854,0.0001335812575726798
25433,-8.254523988700546,-10.385104022636941,1.687913583113201,2.553372392788515,445.8137322867689,0.6443022958888642,0.00013360120889466378
25434,-0.7755213241909367,-5.723360532918454,2.45056721956662,1.4320414319781112,316.8172661907592,0.6206045793601431,0.0001336018999309576
25435,-0.5180661404330316,-7.314684449383662,3.688293652811357,3.424371137091944,259.36361921140656,0.21315882089143745,0.00013360360425989683
25436,-2.3133286862596156,-5.388616206121341,2.229149696420579,1.1225744160210402,468.0654046339505,0.7110730911611371,0.00013361176728014928
25437,-9.886224383929216,-7.60434560668634,2.9877416985045446,1.0034017911272373,467.37200895316454,0.4411754518673128,0.00013361338823760158
25438,-0.16393269063534177,-6.700664607904977,1.5354296785816473,1.831038260483003,438.3212648303652,0.10085327721435267,0.00013362359035022772
25439,-1.0734663065235956,-8.984339624193797,4.457532117377057,2.3165184312946563,372.4347058169226,0.17877432155408712,0.000133623896835431
25440,-0.4125336147798251,-9.342369621479179,4.462476284145128,4.5517225467962295,597.9173465632846,0.625177568188688,0.00013362392881248954
25441,-7.438120589007342,-10.898471420977149,4.174040113801037,1.2788776569616465,308.68647147317137,0.4922152058081961,0.00013363123181290733
25442,-0.7972435644274771,-8.788238938964648,4.436759894271608,0.5362159032212018,115.74439631507042,0.8836903659745889,0.0001336400572195061
25443,-0.11883333187152623,-5.670510959650854,2.337600725799165,1.1484008407135737,291.4229763180552,0.19902315086037703,0.0001336437598686782
25444,-1.4254197980910739,-5.817959654144121,2.565357688029005,1.1769357728872274,301.19567371652926,0.5863128206682324,0.00013364989834511426
25445,-0.4937335203497568,-6.150690956565625,1.9866235615184942,1.0738488735093297,467.81313573720985,0.13918275381356437,0.00013365013391430515
25446,-0.62516597588826,-11.342020349329585,4.300278913150264,1.4657650070494055,335.181881090264,1.3424715873970081,0.00013365481594393918
25447,-4.507776483999607,-11.075533314473647,4.950649665140369,1.5740202305668853,345.956086474091,0.48618824815714046,0.000133660363950925
25448,-2.221197623405873,-9.982791222306805,4.41225810245231,1.8084413662936742,468.2786489886657,0.46295011964912636,0.00013366111951329925
25449,-0.7083208090743103,-5.760034802129589,2.2273656604670045,1.104572300488962,242.71776897394386,0.12054578405964822,0.00013366397877889695
25450,-0.46035396893099545,-6.113134466337165,2.7033726614798916,1.0862215042041483,219.29250294349964,0.5141845760613606,0.00013367836908573236
25451,-9.841572029868956,-6.914266683265251,4.378722821086229,1.2999200816316057,467.9935000126569,0.42725073826100957,0.00013367901221856022
25452,-4.800545157131573,-5.332140769497822,4.866192800248026,1.2491233083942126,303.1023254159699,0.1864542416545829,0.0001336857384725745
25453,-9.15277895128949,-8.433197415904672,2.324681653756576,0.8687768278455789,235.74891130658028,0.4451587913700754,0.0001336867772322887
25454,-1.2558583224421778,-6.705905651692345,1.5707240782492875,1.881592313120439,468.56225682353164,0.6512226902905178,0.00013369460768665266
25455,-9.504037107459544,-6.210399271149664,1.2618614054134552,0.9661917288818762,267.33291726453285,1.417712542424594,0.00013370576965963525
25456,-1.1027479018117017,-9.138531088133579,4.463418747548051,3.881155153405309,561.0192766835729,0.9745018480805223,0.0001337095853898954
25457,-1.1290827388152085,-10.300384014426303,0.03131514240963686,1.3152921949623502,301.4382213574888,0.15356425601618628,0.00013371215521766283
25458,-2.501205757474107,-6.062711794423598,1.9540537747498785,0.860397808563343,467.79794734649073,0.34276847048318704,0.00013371985976718694
25459,-2.432757959930905,-6.273266385648554,1.8891533382866519,1.0904814352545036,217.8475177224388,0.7523804375722003,0.00013372425109863155
25460,-1.3059145890948507,-11.551318116735306,4.28693549574075,1.8331604157171377,439.56730120260534,0.47466537193308067,0.00013374355065075708
25461,-6.391302178531613,-11.707865978982973,4.767368437550941,1.1946909636456882,467.38492311555126,0.1961474601443447,0.00013374629288688268
25462,-0.6560524652419417,-5.763832784430917,2.635469557044592,1.00080601293623,467.95155276125087,0.5769510650729552,0.00013374873973505424
25463,-1.4124383681835297,-10.861946672391952,4.306025248059576,2.449799193336003,451.72193461386655,1.8935763801526688,0.00013374952520627196
25464,-2.6475844356214298,-5.983220532967117,3.1549515987460173,1.1343691027789695,288.38824500234307,1.1835592501249872,0.000133749993540676
25465,-2.0774611920571076,-8.425270540357447,0.5041832675853888,0.8005782450689629,208.21727264149402,1.1945527945797076,0.0001337600905018693
25466,-1.531143677172981,-8.664760915750062,4.414424326971958,1.9215898456949299,392.7106483811038,1.4266338037238606,0.00013376413958273532
25467,-0.4181816138131875,-7.118313103451801,3.540305850139544,0.8388502696222127,450.13624654446414,0.29606344991160505,0.0001337656659987944
25468,-1.128780586315985,-7.8277708417044245,0.8044284659837537,0.7624755049888128,469.2010392586147,0.24057237759652406,0.0001337738866466812
25469,-0.8070443323142467,-5.891678215367034,2.369084076082943,3.7669601162265978,551.7914804892969,0.854726959813565,0.00013381646847225159
25470,-0.025190869920225012,-9.175216967385968,4.463031653789383,1.1617144675501763,298.9195553661396,0.680654282667974,0.000133819589001636
25471,-1.0805353449953827,-9.625765164609014,4.444572459213256,1.350752866523648,328.88498462564263,0.37215751999073277,0.0001338262180934755
25472,-1.9291428402488702,-11.72052056763263,4.277337014535489,2.151474790638319,420.4920776845462,1.588507765237316,0.00013383655232045486
25473,-1.1074400586006607,-11.302514244890983,4.326976819436162,1.1893703523590464,301.2916330271144,1.7118940914657728,0.00013383832369751964
25474,-0.6237604341178056,-11.400208093984583,4.294975989238638,1.2379008924213506,149.34433519866923,0.3908226642732151,0.00013383842770729176
25475,-5.668039309135454,-11.520926038935274,4.868661284047623,1.0100361891013823,276.5074292275409,0.6342545524245056,0.00013383899707736103
25476,-2.906483147341632,-6.126561954738176,0.49432646754181847,1.7502322805341841,415.5283335376718,0.885916719992518,0.00013385987788614985
25477,-4.672229338599317,-6.325669474757951,0.028618311679206344,1.3299140576332424,286.91298016062615,0.1475458272880159,0.000133880261622968
25478,-5.738877030751307,-11.202687091158717,4.943038334318632,1.1367673127008153,468.3234168002034,0.5070853877560166,0.00013388140445445563
25479,-0.3228043749051075,-7.882013663778373,0.772537948995424,1.7051312546345607,401.0746081733995,0.6079097827616708,0.00013388419443950608
25480,-0.9925366536694415,-6.764223904197118,3.241640815689345,6.316833106299068,508.19521570103603,0.005993663821390882,0.00013388829542191312
25481,-0.3468254394753014,-5.896372686019042,2.369232034919745,1.5486943019105948,347.57943308659264,1.3957174471856062,0.0001338941626894089
25482,-0.15492709037231123,-7.779152651560229,4.035466998289077,1.3482963805111436,305.70274970005215,0.012335863463532881,0.00013389842569431796
25483,-2.39957604379729,-6.424012878932662,2.054838003555242,0.8871410068184934,180.16392759073977,0.5895412175080779,0.00013391229375276417
25484,-2.189275515962951,-7.099594771448152,3.4818009827366256,1.407427223878333,172.42785381299433,0.2509172130836257,0.00013391270780097294
25485,-2.2839795639294103,-5.2637676467727,2.3030888703906327,1.4988068150816085,337.99679930537195,0.3329516171468647,0.00013391346437228264
25486,-2.1525797361538466,-6.98066552921695,3.431346050834671,1.5960936899043554,353.8965364209354,1.4658200193106223,0.0001339347817188974
25487,-1.9268609131459797,-6.433267970720203,1.7671468526927823,1.1633245951385796,298.3378383976113,1.6298731600039567,0.0001339488888344378
25488,-2.3705133353510295,-10.589256534903642,5.003442509510727,1.7436849885031953,469.464466364024,0.07758035214017678,0.00013395285328958684
25489,-1.7308668818629656,-8.979114648151945,0.2706255266778057,1.294425414328846,272.72423090729706,0.49515302692333574,0.00013396710167727183
25490,-2.768308398354579,-5.381898615224907,2.8412910935396964,1.016902666576498,270.73799195726923,1.777745132844328,0.00013398393443842053
25491,-0.8901504851335336,-8.489237274634466,4.387024483302837,1.1217800400302704,467.90989477705705,0.4166749092209754,0.0001339841929079005
25492,-0.169661729951466,-7.92044608708185,4.1183108241070645,2.023874742519898,408.1888191489056,2.1271810834384057,0.00013399318782089656
25493,-3.4141075740650138,-5.011905690477026,3.98183417667974,3.122897995306769,493.2280322674463,0.2736988220322596,0.00013400147885728178
25494,-0.8485702895112652,-8.26999021848232,0.547470322732931,0.9885570994358367,466.43890060079326,0.08579005272945128,0.00013402687076414518
25495,-0.619894827806462,-10.655219154557374,4.350714714237228,1.2368944798395924,232.31368533991085,0.03234664751096972,0.0001340289100184086
25496,-2.541127372198771,-6.1367160033771535,1.5863445827784428,1.7870430919072342,424.10775865435727,0.4638573716325096,0.00013403152531991924
25497,-1.9111679867070706,-9.599568388900263,0.13034280004558202,1.8862115929150252,455.40926166584586,0.49092076652270933,0.0001340409651059321
25498,-2.7741672555766828,-5.3093908409070965,2.039862184212261,1.0542323272457954,218.2101455435979,0.02747022485650863,0.00013404459930371505
25499,-2.2228634987793496,-6.0696752404328524,2.755594075143211,0.9100248837766104,241.42075452984537,1.2477818268749532,0.00013404814856482006
25500,-0.6179725019687083,-6.456567213576689,1.970435833589831,1.4627623253103217,392.1782099903821,0.12986194163636,0.00013405032403899603
25501,-0.17958421840201844,-6.149846241823089,2.0729879614840367,1.28722092299531,307.09018955025147,0.1831310556298016,0.00013405302130410984
25502,-1.1204544796014755,-11.951241042073393,4.26482240262512,2.2881606210097494,190.85722776206785,0.4302244848963559,0.0001340658535989245
25503,-1.3558052654031023,-5.818697002451368,2.6532537279616175,1.7459720553714608,374.03685764825116,0.6524743410507954,0.00013406656029965816
25504,-9.896384047838142,-7.589308044588903,3.0356188164799818,1.229290898641532,304.927700499845,1.7630581369005593,0.0001340708325349151
25505,-1.1308795558828084,-5.463517591143277,2.397430960168496,12.14481692506346,669.6853005871807,0.0800229987077774,0.00013408190532784509
25506,-4.168416159673752,-5.5985582321979015,4.8313090852758656,2.4093719088404426,443.8869248465327,1.234381491230656,0.00013410743140165413
25507,-0.8822689479359624,-7.092679547414585,1.399391097712812,0.7509762571204902,147.51662527623213,0.10551818641611987,0.00013410892223198405
25508,-1.0829061679254082,-9.027191929969115,0.3029324917535653,1.0095579917939026,200.2285880278261,0.05328950099688523,0.00013411172338218536
25509,-4.16423160854857,-11.23943169019886,4.898552796613543,0.7023836390432688,143.5684377909508,0.044331511475971475,0.00013411964973058344
25510,-2.041356114079269,-12.791582563354128,4.239283349517982,1.5881929688281606,369.15808097157446,0.4021255919573017,0.00013412020127249238
25511,-0.8871895526990077,-8.795373077491742,0.3621650021309335,0.9571248099319667,263.5758566152442,1.4717216669213764,0.00013412468140509414
25512,-2.365424656363782,-5.491759732411845,2.1843796943312728,2.2828452728854938,433.7277742793255,1.6083087870092667,0.00013412779150656276
25513,-0.5408986164560297,-5.504208153077428,2.234695958932002,0.780036678645238,217.0768081816432,1.098934677530158,0.0001341279658836181
25514,-2.6367820951360557,-5.79905474524669,2.034741674322118,1.0060130259342626,265.3533836261943,1.6444151507585953,0.00013413472470886727
25515,-3.7149758952347733,-5.174595538743938,0.855093719012137,1.4019937338170165,280.36838362366814,0.47349900653146726,0.00013413610056359598
25516,-0.3247369364529078,-6.758841546213031,1.6208467340676809,1.0618973736542896,276.73753217248134,1.666096110799261,0.00013413814599420252
25517,-2.3372533109842033,-9.65098420294143,4.7614174118801795,1.6512940968962042,467.9764364574335,0.45790546653562014,0.00013413922571161094
25518,-1.4494467894931145,-6.138327082502218,2.606032246636757,19.620481172694976,789.115332978237,0.14874318274584297,0.00013414666723453688
25519,-7.617098385806285,-9.150979177691303,5.186879293950732,1.3488425245498508,301.0017709495707,0.5477122473930196,0.00013414930408328646
25520,-1.6385743326063622,-8.830075543544913,4.438212871445987,1.8092242665245135,432.40041403135393,0.4471191212853265,0.00013415253667278397
25521,-3.334098272578485,-5.468065284236925,0.7789515039996632,0.8653124318124188,207.3003000990445,0.6350661565556655,0.00013415314282886297
25522,-1.7475975666992678,-6.458523605437019,1.6618317654656474,1.1449505299580878,294.7703305207029,1.129469442602531,0.00013415750150512157
25523,-2.665903166003324,-5.185531987661878,2.506883946063837,0.8617175165264256,468.0156426670451,0.37518343386188047,0.00013416740799016924
25524,-2.5731031353652165,-7.141115857401354,4.524350119929584,2.3329043465523127,435.9871838012714,1.268155564165606,0.0001341707198183274
25525,-2.133292698064821,-12.074287859132324,4.259150185137247,1.7231618712210572,406.17237182827273,0.3510268000842194,0.0001341963484902866
25526,-1.6032601372462416,-6.459611903237935,1.6566986080365298,0.5810801907504948,125.45689299648086,0.15283336503163003,0.0001341989595822866
25527,-0.3524320184842047,-6.395383270460518,2.8519320092842735,1.1412974271499166,297.6268744030357,1.6276878314262717,0.00013420013008875803
25528,-1.3740403716688245,-5.809282443355806,2.5294745496993087,0.9424266104461054,470.2583166226783,0.029595559535514404,0.00013421349226782906
25529,-0.7282041434610189,-6.02528799816017,2.692445408625857,0.966919176118406,266.9644679302043,1.7058753873488204,0.0001342272941468875
25530,-0.046903383604789184,-8.532658643786178,4.3978772190498905,1.224934617217767,300.66512129642626,1.30852200280063,0.00013423017455864347
25531,-7.8359087457198,-12.325732398907956,3.0664899684837077,0.7354287731794218,465.0996545099211,0.30784456545317784,0.00013423189423213973
25532,-1.3380019079595655,-9.535325921360332,4.44786830256209,1.7772205235993932,469.92256007097,0.12790292164872508,0.0001342357083352736
25533,-1.6606966658504891,-8.739462927322059,4.424165431583671,0.7974602357498857,217.36299173413389,1.1367954048631201,0.00013423824042370526
25534,-0.4815522530735237,-6.483714851144043,2.9524398625443173,1.4631156700272285,340.27509151461925,0.26807034397480134,0.00013424215418630402
25535,-8.513638183312194,-9.484485227095803,2.3863569836440814,1.5459828904366653,467.88698928549223,0.418824295619018,0.00013425002102984053
25536,-3.521461879009747,-12.036592508117586,4.741354832339933,2.0478372798171587,401.7497773458296,0.9399366746693243,0.00013425715911001638
25537,-7.343904507226538,-12.422098065758082,4.005741020590952,1.8321474968396305,467.5313025238617,0.5981188439334613,0.0001342636214852708
25538,-2.046977946389462,-10.407571935384555,0.02260934202966233,0.9207144145494783,235.8996966425105,0.8412740845190401,0.00013428495314759306
25539,-2.874099949883946,-6.024504088056809,4.328983279653555,0.7297720689550624,157.53866808088623,0.27198074681455786,0.00013431151695551433
25540,-0.31302145235974344,-6.587237783053651,1.6895318087807432,1.0498183028949633,280.5614973152431,1.1160784730939417,0.00013431152156244205
25541,-5.821338825536264,-12.656551116394066,4.726172518980123,1.030505119880864,140.06645026774262,0.27330168988341885,0.00013432097165057204
25542,-0.06699877775339402,-6.0306970643867475,2.6923497582585254,1.6124137504708438,370.9380228871902,0.1516684347671804,0.00013433273920512848
25543,-0.4185534669431057,-5.880222184715569,2.2736642986515867,1.1142846849505887,270.3956927762538,1.5180588280297878,0.00013433514343789564
25544,-0.9467536315563105,-5.798553822279008,2.204768968303774,1.0514682010840928,466.8995270082103,0.06364683048214115,0.0001343360956036311
25545,-0.8636681400960668,-7.995748228246647,4.1579025296946694,1.7431238286838397,413.2267834321954,0.24076253262305514,0.00013434712565201816
25546,-0.7365696784405724,-6.851684356521182,1.4553173494478193,2.0470519372803,410.26048380939267,0.6239913810980307,0.00013434738296437827
25547,-1.7850302785800327,-8.243646893412713,0.5975869224589885,0.8408358700271011,189.29903569902913,0.9369898748490559,0.00013434864219104137
25548,-2.2682274799102657,-7.168628556240179,3.5693696348520416,1.6112923839189561,468.5449017443765,0.49039047178984063,0.0001343515483539245
25549,-9.574067124908787,-5.751092078954248,5.046535530869393,0.8776877314594957,469.5648381812483,0.008241994448590972,0.00013435265151834155
25550,-1.6312939205556454,-9.553760667581415,4.4456321755840875,1.510601754679623,326.88441558560606,0.7156224637197326,0.00013435889346667502
25551,-0.7640859032824849,-6.917036690870371,1.4146575394954157,1.0600911637424766,338.50540035469845,0.06480092495474477,0.00013435916315543832
25552,-1.5348129335615095,-10.8444444684395,4.308838982074505,0.8194088063007473,468.3527420607841,0.11620359296535376,0.00013436945963671187
25553,-0.8317604188742376,-6.824465757214704,3.1920310699214203,2.779175413374628,477.9186764233424,1.1699757483178512,0.0001343788258542455
25554,-1.5754392805894248,-12.97074535784757,4.2353246716233715,0.9494299384215297,199.6865275075963,0.24497106515225742,0.00013437956288800155
25555,-1.2438472763545523,-7.06077821253524,1.3741205603934326,1.1132496883935672,468.34201983830104,0.5142637427526298,0.00013438140198618768
25556,-2.5931305595769736,-5.25992578870798,2.508589637708475,1.1574920174697858,252.60038293273874,0.5575048996478165,0.00013438535465314813
25557,-0.8640619954948345,-10.856192794354543,4.371750925227578,1.188616855854114,257.24602765089435,0.0654482260260556,0.00013439856119420033
25558,-2.327782831753318,-12.284876263210757,4.638654607497631,1.0005600483438997,467.49369040790947,0.5995895687196819,0.00013441308228965453
25559,-4.786615846275191,-11.833578357776414,4.793115674113557,1.7802711842416292,467.75920331728895,0.6270235732289846,0.0001344139461703586
25560,-1.2718877265476465,-6.034763687856316,2.487685635556325,1.2103551486862258,468.71275228245526,0.45844570028495557,0.00013441421770777267
25561,-0.8939027520234717,-6.402222550684664,2.851135788801816,1.767481569560446,364.32194356512076,0.24803613791632628,0.00013441479094625735
25562,-0.42477341110459044,-9.23463653715027,4.458237669086035,0.705939502702712,155.78627816618686,0.11852121139979666,0.000134421805244779
25563,-8.417326605991411,-9.74859201291785,2.278231130055076,0.8669522312287136,179.15119039261043,0.4891682764001102,0.0001344265740174519
25564,-9.91784644022687,-5.383287085077666,1.7244263248686469,1.4424266996357884,329.7533297545903,0.44927182873089233,0.0001344296009565467
25565,-0.1266401436653215,-7.397468637067028,1.066752514541732,4.3543996676468675,423.16649377248535,0.007555568826191461,0.00013443819671521095
25566,-1.6920206391206598,-6.519971049252224,1.8376314855153746,1.412814104024308,311.252897464496,0.8605953491098894,0.00013444228689678877
25567,-8.0340011359358,-12.12547998999431,1.7231896731494492,2.5761892999004212,465.19048261384495,2.4384224188753603,0.00013445085241444666
25568,-0.5999903865503864,-8.229463519846124,0.6165035954546401,0.9176807455647763,178.00252656694576,0.0009452284819522205,0.00013445142682207725
25569,-2.0511552108834614,-6.522665823557075,2.9735753317735183,1.037720027422796,273.6715460137853,0.6374153492128327,0.0001344620980404967
25570,-1.8105617791411852,-5.833269195106483,2.3549596941496596,4.243068419837344,584.2091719716541,0.9826520823266618,0.0001344711054423512
25571,-0.8790573839668792,-6.544991737741329,3.081034500046696,0.9168226496326621,259.018783071117,0.5745096142380843,0.00013447557571284627
25572,-0.14437334660846268,-6.631681553465183,1.6996699979825296,0.8511480932728218,467.35077610683715,0.32912639006927247,0.00013449983233536965
25573,-2.1028128750834316,-5.5167216188368995,2.4057657026197945,1.8004682904489442,467.55017986257184,0.7848141772113584,0.00013450990177834551
25574,-4.176955641760981,-5.6382633434628255,0.5602477400761989,1.2637381236130052,259.9813592805158,0.04344898038386713,0.00013452425242724937
25575,-2.0414235476067857,-9.106559723307742,0.2162610983337135,1.737225566384367,372.45669520665484,1.7092978423011935,0.0001345321809950599
25576,-2.5202765648601897,-6.170073459272704,1.739319463959602,1.3005739975059352,292.8808928059144,0.1124483200204569,0.0001345335276582432
25577,-0.39948807808453957,-6.466180711972341,1.73990067614382,1.0508971656309576,468.0573973042281,0.7065138759307494,0.0001345420829223173
25578,-1.1810733876432238,-6.774822940592491,1.6066443522273295,1.0997023184171615,290.1377878332028,0.8933012906635875,0.00013454525982114788
25579,-0.3635821601106759,-6.169158596661472,2.766477452058039,1.422407630277941,313.5547911634135,0.0990747649029382,0.00013454665033868265
25580,-1.7055234471337748,-8.170761706528264,4.241683300473331,1.2674968152968769,317.7394255943739,1.424898657979977,0.00013457213879727425
25581,-0.7684644085849115,-12.053960777289253,4.246155290613057,0.6522333329806603,192.6009667879769,1.3215543706514419,0.00013457265944967137
25582,-2.272422163599189,-6.534508852940838,1.8109649331533426,1.3411091630254677,304.1065811151793,0.17392112820158623,0.00013457750164193904
25583,-1.724067583187468,-6.800832113926259,3.2454380394808298,2.1188201299892615,408.35890983375685,0.9089121195370611,0.0001345798601308547
25584,-0.24476169518750623,-6.191168666424883,2.097868755461834,1.5031210429980306,342.1281121940439,0.014809712319528323,0.00013458462376889356
25585,-2.379602435817266,-5.886004856819912,2.2449163381524007,0.9942425448777858,468.7708388559481,0.6446188112534532,0.000134603932008368
25586,-1.7369458343931985,-9.169780055569078,4.456660903491523,0.7216961168552428,468.1419602270405,0.4034604273481941,0.00013460665149831025
25587,-2.1874297219141505,-7.582106664529623,3.8601141176532305,1.867424683657733,464.0789955251352,0.4720432560369012,0.00013461143329976434
25588,-1.3691003391845893,-7.198131370862481,1.1208523317132315,1.3195220766856581,291.8620380798106,0.11729006475460402,0.00013461497265195057
25589,-1.2723815250130635,-5.818533483749012,2.6215696407577007,0.9534857139416067,467.9940983679639,0.36527314290877033,0.00013461513892645084
25590,-2.2512062656685403,-12.601779901945612,4.233099246988624,1.9508433900779012,163.39653645342062,0.3774275964655862,0.0001346167114297229
25591,-1.2226983177653477,-10.428763155126637,4.361968513431152,5.864681065984531,517.2740517432974,0.023706479879831655,0.00013462609275959077
25592,-0.3319256922594125,-6.217220572122282,2.0090373471642935,3.0273595744755175,446.18387572047754,0.13029400035103134,0.0001346365414200412
25593,-0.2739228683338357,-8.053623408439524,4.186391578457819,1.4581044381968167,329.13043618927134,0.6101417155670248,0.00013464100683006962
25594,-1.0344067651109192,-5.656758674513907,2.3077522735750184,0.832057904830277,468.19840576315704,0.18811606605462483,0.00013464508873813842
25595,-0.31559220216042405,-7.014131197126959,1.2086461661431227,0.9608932033905597,145.1007322698378,0.24362137297115805,0.00013465116170983824
25596,-2.3418242637023026,-11.348404307279806,4.751438911014918,0.9975530167012221,266.28515904150055,1.3991109858490338,0.0001346535292309837
25597,-0.2957541095718561,-9.37162021428761,4.453146768821444,1.0123717486420365,262.7550090694484,1.509660336985096,0.00013466267034507276
25598,-0.43307006998999675,-6.631467375701873,1.7095070807952362,0.9894218680240853,274.1771755990659,1.354492002250952,0.00013467167928425043
25599,-0.21685020279021217,-6.520571593706815,2.966972388868957,0.9083729885136774,191.6715242213629,0.03318629816991692,0.0001346896193599991
25600,-0.40697671307588656,-9.735868965183526,0.09053531994007533,1.1238549017109678,269.6261888091918,0.805548218867453,0.00013469370023884138
25601,-1.1238545930406936,-6.998659996640733,1.229422885939525,27.15473912937968,752.7441212257946,0.07346863875160725,0.00013469485535267121
25602,-1.461875732695196,-6.300616474048501,1.8732714861605497,1.191798426831417,302.01351141681175,0.31673291741183274,0.00013469672260963086
25603,-2.033200879129513,-6.784339884677293,1.6016333641425733,1.9277911484660064,307.83554706175283,0.10992667109681342,0.00013470847085808094
25604,-0.04012013719869678,-7.594606358439981,3.8946526091542153,1.1668048649595677,294.2072372375493,1.6150608660131693,0.00013470927937222907
25605,-2.55195437356008,-7.11270333676211,4.290210493027371,1.6521432441746626,468.3420795528802,0.623814446817085,0.00013471094120467023
25606,-1.0127620620199735,-11.859859099433425,4.262774459563369,1.3943433136258319,316.74770816428116,0.15198813029278835,0.00013472157435651732
25607,-2.064762334583488,-7.230186890926496,1.1227272653145877,0.8571366437532582,467.60523894260666,0.33496147742879856,0.00013472586264282575
25608,-2.4510797527283206,-5.626216604208464,2.311652899755252,0.9994318728531889,468.0248017420789,0.02837447311725949,0.0001347312914910351
25609,-1.8456645687621354,-5.6045740473556656,2.1855314619985498,1.335125488174098,321.58992303376493,1.8089196791453004,0.00013473422819201464
25610,-1.6442306075873532,-9.319687890707343,0.19401758132226482,2.8529368367519137,476.60107786857895,0.7095740699521853,0.0001347357324739798
25611,-4.052911296049144,-5.0560215662746915,0.8094903730927129,5.501450013145725,421.0127476166113,0.08298613113228726,0.00013475297316172408
25612,-2.3432534774384877,-6.211518428576547,2.787780769299592,1.8735707792555167,467.74393612306426,0.2666951883783568,0.00013475426079967418
25613,-2.444305491843231,-10.211479749050415,0.0448433862156096,1.5527919195679933,468.0324632663909,0.4551140816466148,0.00013477162838655752
25614,-0.4481555888234823,-6.654398307501871,3.0587122446539246,1.7436512840725529,411.27167174264576,0.049321417140510526,0.000134773129022342
25615,-2.5050209152219773,-5.544738200226647,2.406972118671579,1.325917385163922,289.05350934697196,0.973868941649191,0.00013477539536628687
25616,-0.6489754699781454,-8.30733054978743,0.5494247780866266,1.3528064292872692,319.5837500686727,0.5280763241414004,0.00013479050132730912
25617,-1.455604992999442,-6.531115962666783,3.0242301804217124,1.0477452100462015,273.7767227512692,1.4835469165177235,0.00013479946748154412
25618,-1.3500517784643389,-6.7291546104349464,1.5741131968375006,0.9727232691569704,467.284568414749,0.40739384521517596,0.0001348014479094037
25619,-0.8725051208574826,-8.771032583953744,4.424522123075539,1.104570518504687,286.7484668270276,1.0816926839263434,0.00013480285138111006
25620,-0.22249350654169753,-5.867590644776335,2.5454797282344703,0.939574774133201,468.10027724483837,0.9115329029467603,0.00013481590642071614
25621,-0.8123545614203564,-8.96215813487739,4.446202782732267,1.4483196077804268,421.5199288306553,0.4977478101022532,0.00013481906707174223
25622,-2.8397895621753904,-6.0257733658225865,3.9957428093548875,0.9272643362086522,241.60606322101842,0.7708185445272457,0.0001348204885781764
25623,-7.886070044877739,-12.860825965069699,1.0914831643139404,0.9828162932857981,214.30741572954602,0.28628834029987704,0.0001348209799132447
25624,-0.09647496904854513,-5.676603097189772,2.3174631709045648,1.6379690915011837,379.68634083708855,0.030761762954354843,0.0001348216591408639
25625,-1.5642025348049042,-6.48538296016271,2.9401997249113374,1.3000837058977663,314.1407452851089,0.39727396238397805,0.00013482663552881542
25626,-1.980106575345168,-10.607837553040758,0.007649828189817077,1.809180287410022,467.7217673074197,0.1764235222250754,0.000134829014603281
25627,-1.0617490735888317,-6.75569736697598,1.586222178330344,1.7595273786417187,467.82463195098626,0.6293600756304212,0.0001348300349140037
25628,-0.3510593886677533,-6.541340354552296,1.6701094963021434,1.8681715581816885,447.36929575003535,0.6177068464174313,0.0001348500421953347
25629,-3.759518877630544,-5.201508683541336,0.8657621327573761,0.8716653972010385,468.24573393016027,0.565416677202351,0.00013485095599109716
25630,-0.5034505087904755,-8.029398398191574,4.171310140983441,1.3181505652772154,280.44630821473424,0.37007698568431646,0.0001348534791757804
25631,-3.16056218890865,-6.960629261934851,0.0041843400544764155,1.6999853496981996,400.1233496035825,0.06508910958475322,0.00013485781030995282
25632,-1.8863368124894038,-5.83370236292587,2.5146540973234655,0.6506516063947515,203.1611098524277,0.6927616968732613,0.0001348615649325295
25633,-1.9323119068807042,-7.537258364825452,3.824924503327849,0.7995724806087989,468.6358961626975,0.14373343198530986,0.00013488779468200717
25634,-4.066022086647015,-5.859688950842945,0.40693401237821175,2.387152068040171,445.165693267135,1.7516034142612043,0.00013489708413634557
25635,-7.716938526949728,-11.936296790324127,3.4231257035141085,1.0410098185744043,210.72592876379574,0.0588282818378989,0.00013491867951618354
25636,-9.327185568400045,-8.204603973135725,2.2387737737532705,0.5613275152611347,110.73105032527526,0.030867292489317855,0.00013491930996760722
25637,-3.485323622523336,-5.6412753790881105,0.6597701905141028,1.0920477280416723,287.5677768936709,0.6634963054646201,0.00013492297842046625
25638,-8.3301520518641,-10.076977794338879,1.5742087384624128,0.9770049969870267,145.85330690319086,0.23612201065668703,0.00013492334951562137
25639,-2.8260348644159095,-5.105392965695538,2.5425177473551868,0.8708944184705002,468.3870458842951,0.20224689580575017,0.00013492647733874828
25640,-2.6881021532520952,-5.374992897586992,2.299409907326805,1.722020807707758,467.71886114532,0.6745890254824474,0.00013495570125907668
25641,-5.328279453887405,-10.690255423527095,5.108444957770057,0.6041884856035238,157.20031768154004,0.33108724082590957,0.00013495761269117387
25642,-1.1747987556730362,-6.368427122378159,2.065649503534522,0.780421725300674,469.95996315874294,0.22205734669405874,0.00013496303008265334
25643,-0.46041645512384477,-6.644661147026517,1.7071767382434988,0.933024296688576,264.13221670447194,1.0488014222035194,0.00013497564305919578
25644,-1.09943432900514,-7.4276244135768925,1.0608552686769952,1.8545713290009154,443.06090040416984,0.5853773766960151,0.0001349882823637916
25645,-0.28888716259095126,-5.677372439328251,2.2967031164304466,1.5093580014862744,355.8619109024586,0.598290642213553,0.00013499172088971592
25646,-0.5233596583415583,-7.604712506425714,0.9459540859046475,1.7001643586287076,467.40342032338344,0.7130597240849719,0.00013499410094990554
25647,-1.2436990922247304,-12.824122464612664,4.24660347047018,1.277304280110611,279.00879378832764,0.031046773629690883,0.00013501149031081532
25648,-8.297303565602686,-8.43400690739995,4.997616388676442,2.063669497983142,408.3463547464866,1.3672152276137872,0.00013501775665793702
25649,-8.226374112669403,-10.012165264366857,2.901435521951417,0.7153121176687641,179.40671481699385,0.7079536968052702,0.00013502470134424703
25650,-1.3966647116028756,-6.863991175652307,3.3057325342328694,1.6478610653442363,360.1540334490985,1.2579297270984187,0.00013502900846322664
25651,-0.7664920896805185,-9.41678528034444,0.19419969143717813,0.9416697058619875,264.12833369285397,0.5860450840163436,0.00013503392730179962
25652,-2.220886219875241,-5.436422458599137,2.19090889408991,1.266354830735165,280.9207890843122,0.4224873398929878,0.0001350360968476932
25653,-1.8057711364195832,-8.233517372382792,0.5984838938739531,15.583352679458946,737.2455120336746,0.11670954255912402,0.00013505390083686934
25654,-1.4388091093858861,-7.206425197149724,1.1859227892313309,0.9050837192852049,468.24080147827345,0.5789683942190251,0.00013507627206630474
25655,-1.0141458603310323,-6.566409624072867,3.0819464753085635,1.6056600559946317,468.1574145174862,0.5158656154328716,0.0001350803808137761
25656,-0.7910403802013342,-6.555864162791248,1.752542079824458,1.7352118110900177,468.9600430612362,0.527674975405799,0.0001350823724941929
25657,-2.0039580290661254,-5.572495822997103,2.409249510029858,0.8937739816920919,467.29168439401894,0.16346516949572987,0.00013508491298199005
25658,-0.1681421323324166,-6.539871800196614,2.971548292167772,0.9048435356724662,467.23842579279585,0.05640657292130147,0.00013508812436144454
25659,-8.029223124649446,-11.45813403883307,2.5307202579082704,0.9566180450992231,267.352613190449,1.3498056001100176,0.00013508928301224905
25660,-0.01916553959235756,-6.335993378373024,1.8762254812081935,1.9147296507530744,225.14923451203944,0.15383958083390237,0.00013509606995647418
25661,-4.698111906237447,-5.575702199877874,5.093109930304738,1.292708673536994,292.8279594607633,0.23265359703458532,0.0001351113531140568
25662,-6.2672518538901105,-12.588130473564814,4.690310963664637,0.8540981037049468,259.9059984333258,0.5261275658940461,0.00013512656579904673
25663,-0.10596767315594313,-9.770096880809133,4.42156623726411,1.979658466365241,397.1098295266354,0.4656531087810061,0.00013513930313399154
25664,-1.5234658950480817,-6.510458148968176,2.949653046335475,1.391602474235464,315.3782110493668,0.4751697395694885,0.00013514382159076117
25665,-8.699209145631839,-9.099028098424093,2.44248096869823,0.7206546833250054,152.00047286588807,0.1627341218094953,0.00013516890562278118
25666,-0.5662521814062025,-11.946379000126074,4.254963042931185,1.9897658312967916,245.95328815877028,0.09297543914436979,0.0001351761208700146
25667,-0.6969537720014625,-6.258507772509793,2.805549416595018,1.0746007930389871,285.78093064334576,1.9221229839867258,0.00013518874272404905
25668,-0.7637217511698573,-6.5675657610687,2.9888055928255515,1.818702955398204,432.55896261826194,0.5741752942054639,0.00013519306546510383
25669,-6.164979934697348,-10.562304802796532,5.144818413028196,1.8041562779683866,467.53581704642426,0.23013058545419263,0.00013519693198631936
25670,-3.5032192676444316,-5.081876852952472,0.9882026092906683,1.7345709762670103,468.42323238779056,0.2621239503765844,0.00013520238695546277
25671,-0.3661313424991661,-9.188256106364337,0.21982552099542357,0.6145861274098473,155.66672428846314,1.1236426287004164,0.00013520678686402006
25672,-0.3270489228522422,-5.966064494900987,2.162760682580983,1.7013821382209495,401.2485905389466,0.4509918564715365,0.0001352167714922858
25673,-5.948433755061106,-11.033730632850636,4.983988459591408,1.1725962189183674,286.15402796682906,0.6844105024164673,0.00013523046203451876
25674,-3.0246556426762794,-6.540491148625731,0.3176574729496414,1.7433684375119123,469.8422273645833,0.039645553987424975,0.00013523155169020047
25675,-2.0756889304081696,-8.337818643894185,4.293915603848002,7.717883405041893,544.3504860738341,0.023094996400583767,0.00013524273048384346
25676,-1.6225180293380923,-6.373194595282185,2.83585083859409,1.8627743793029663,448.7671628868102,0.2331611804714333,0.00013525496701726457
25677,-1.7942871170518142,-6.18684401486758,2.0990137664956934,0.7515497517550872,152.67626703789927,0.6400794263011331,0.00013526364858889832
25678,-2.1538833381729496,-5.9213662496551045,2.667866181133256,1.7379213892868346,356.78243675805135,0.6430972560900985,0.00013528161763998956
25679,-0.40242065667127136,-6.596272870712061,3.0421896444394405,1.0623153447673155,127.62284277749231,0.32063595903015685,0.00013528469398811432
25680,-1.351295922454927,-8.038783176732224,0.7267931374075306,1.5349772951602862,408.62791590644065,0.8262513889676706,0.00013529549423190089
25681,-2.4244960662816286,-7.075351642291471,0.5533344275862195,2.9272338375422082,491.61738867840427,1.2504881215752102,0.00013530056561087184
25682,-1.4071169796194187,-6.471919433428588,2.07110623107387,1.6754206552163922,213.85342981830541,0.39718067486526376,0.00013530435296187128
25683,-1.0549973679066706,-6.887741055726306,1.3205747444352456,1.0857474103557037,219.4848981508372,1.0791481139228543,0.0001353092189753817
25684,-0.5327577289923724,-5.894825244603583,2.5427232801024693,1.0148154453440434,277.6129872809671,0.3180175329092325,0.00013531120381326164
25685,-2.237579821734931,-6.689383384576798,1.7197742563535066,1.9034144358513394,463.1659115173198,0.535995608843872,0.0001353143126541488
25686,-0.8292161244617304,-5.882003700741126,2.643554906653863,0.5375515769418675,141.52254284354348,0.8187620359554666,0.00013532090519300714
25687,-2.160781947939232,-5.777887785317324,2.186644319854153,1.3612154397386766,296.41765616483406,0.1558191733066403,0.0001353297411520509
25688,-1.5140103034918102,-8.99102073206363,0.28336017708322403,1.582313259264704,374.2689158066643,0.479381025736898,0.00013533840004237988
25689,-0.7868951128513135,-6.509533653745263,1.9749309434062283,0.7901935044172091,231.10158115047878,1.437884880155674,0.00013534099985074038
25690,-0.3111627901429568,-10.568109521651127,0.01514458586305139,0.8555780416931748,209.23236736879605,0.6851413604396663,0.00013535368494433834
25691,-0.5476282059724085,-6.436611235425922,1.9163771975469626,1.0682209303822183,285.3561022853377,1.752123636478668,0.0001353548743949611
25692,-1.4575417070417949,-8.29598735033712,0.5672484953004353,1.037205058971586,270.60946423677296,1.5408139002581187,0.00013535764287244594
25693,-0.11466428211527635,-7.060312197387255,1.2051436790965606,1.7794598344991661,420.819825046882,0.5995224027074064,0.00013536954198744685
25694,-5.382182572497807,-12.649960654825822,4.719500135405194,1.0904059954302334,404.77764944899275,0.44992582535994696,0.00013537118243150403
25695,-0.894745802846785,-11.930377773616248,4.253820864339357,0.8194793937836071,467.44869308093274,0.519358786808847,0.00013537635088514677
25696,-0.9414097999529432,-5.941790864002725,2.6763538655814245,0.9912027970933835,272.42343920723175,0.4513204834103144,0.00013537998757976773
25697,-8.377517400768053,-9.873229240999235,0.7949050831255599,1.7534358612347591,416.64789287266325,0.5504358401627796,0.00013541795755149963
25698,-1.4626939621529882,-5.874344084834209,2.519086297361022,2.5499450458498893,461.29819167611186,1.9197751176615663,0.00013542236466282083
25699,-1.3846772827415794,-11.815554156745177,4.258408030920437,1.0310144930075302,468.29767029770454,0.7963914553995997,0.0001354283380962138
25700,-0.7107617492352531,-6.262981258061025,1.9854598761836117,1.780809923788752,423.8665320962329,0.4356474497092444,0.0001354377975784902
25701,-2.1039771116298294,-6.959244473596849,1.4909472737139264,1.8095277557914813,431.70750447518594,0.23923656497443435,0.00013543937779421643
25702,-2.256300609191724,-9.260912003404453,0.2093795054946028,0.5559046998975061,121.57385439808218,1.0397058597296134,0.00013543949495949554
25703,-2.014822822291621,-6.332129122926633,1.8740703038678659,1.1391951928923612,271.8658269757299,0.3589651674969163,0.00013544333304799767
25704,-1.5319086600138636,-6.85213557187234,1.6219090000858707,0.868508689616874,168.92475706602866,0.12392801925285024,0.00013545421978983493
25705,-1.9913220108848524,-5.682405089900166,2.288378639275265,0.7026909266177593,418.96885993670315,0.4749740241778504,0.00013545516860627609
25706,-1.0542850306028342,-6.517231369283409,1.9587219645011225,1.0576199251154585,277.2702311654004,1.161392079685406,0.00013545853774040784
25707,-2.0618648317942974,-7.454853536659084,1.0419015963614533,0.690728414533791,468.6974707220409,0.46961212464492075,0.00013545931174603883
25708,-0.13952710585176042,-5.58645814893436,2.396451939416522,1.0434137028939312,468.04235424387645,0.8195708351484665,0.00013546011978233762
25709,-1.0527464371151396,-6.503730239762383,1.9430162404509586,0.6680638458400141,155.26249001529732,0.4289798987543536,0.00013546285991279268
25710,-2.1408793217781676,-10.497675731397031,0.02293760677932544,0.9957039255017488,275.46937908356,1.4391456801080729,0.00013547056986529685
25711,-5.821774473804338,-10.993637933351193,5.000525284545847,1.5167301776614885,376.48669840888334,0.668701164172802,0.00013550277537034946
25712,-0.5444397681529463,-5.9098364379003145,2.5448756666269254,1.2414790561087503,310.54989783076843,0.6035231125595351,0.00013551913262361165
25713,-6.297489042796997,-11.989182666417669,4.743141643289063,1.1227873487718658,293.9808626672138,1.7370952251516947,0.00013552216658191345
25714,-1.0916135953681305,-7.86823233294139,0.7515361185059753,0.8287073288468091,228.58232567206235,0.961001679843009,0.00013552951708295483
25715,-1.5956601222050288,-10.465085235063196,0.026850840739021532,1.7185497803112348,468.3154210034132,0.5041360091703231,0.00013553159733734684
25716,-0.044276828945804425,-5.937789896355098,2.4641224546870713,2.8096716447411776,479.550255698985,1.0883127606331122,0.00013553760808024263
25717,-2.117727095925189,-11.622747417869654,4.267258137255178,2.5340574365075756,461.058907863329,2.3212973178635687,0.00013553909898015142
25718,-1.8615790608566911,-7.714751489398839,0.8632072112809358,0.9175221934381421,221.31410066265212,0.06652899925389466,0.00013554198243172913
25719,-4.8441444581502235,-11.568704541745454,4.836550806263244,1.8460922961392277,467.5339933264515,0.14255879952638661,0.00013554469892792313
25720,-2.176718440637641,-6.089886014916111,2.5825016972511925,1.0030369086593387,236.1807130326459,0.47336665615959017,0.00013555123838269044
25721,-4.33324132665633,-6.360587706240771,0.08203766439560786,0.7451548268662146,183.33912834100585,0.34074309064383623,0.0001355560395576847
25722,-1.4902891557853533,-8.253514123695165,0.6024111894981109,1.103890673551633,290.54656741330473,0.42129443974350167,0.00013556091243492263
25723,-1.5216212680558527,-7.681183898059476,0.85852224862789,1.0811622792661844,467.0755863941881,0.05583018755193603,0.00013556400967461407
25724,-1.2262691286444252,-10.800513525094562,4.341193538208207,0.9253831027860998,468.60176943722394,0.7685132108284192,0.00013557846384733754
25725,-0.11943496777184848,-7.462860791459833,1.0550639411161442,0.7321354714131993,467.36056149436337,0.5041031865875203,0.00013558716804654527
25726,-3.0210705758586256,-6.286375804594173,0.4395579085125847,2.4440337317441787,451.14625250860274,1.8840324053252315,0.0001355944660918758
25727,-1.7665933594703027,-6.51277711483989,3.018805422436185,3.92407826838059,540.4331897866988,0.24124596150199373,0.00013560374387557912
25728,-3.712906810273048,-5.721215573935297,4.945897221303757,1.0563412138917871,173.87637027836448,0.1626782977528638,0.00013561022148007084
25729,-9.99611373727106,-5.607472027565138,4.4344488781729385,1.0198118072075348,272.8511858990327,1.2023224386530273,0.0001356180926196175
25730,-1.1244987480628605,-5.95451558292083,2.6753965269708093,2.1207061188014147,418.62769959153735,1.878016559103254,0.00013562522545326197
25731,-2.0004907899415656,-6.817888995205302,1.5947438992827596,0.9117438110763939,438.2893634809802,0.7714076718882188,0.0001356309708325589
25732,-1.7196438467081823,-6.558740704806998,3.025341903785411,1.362712655714695,319.9197960495087,1.433689295804509,0.00013563767211716648
25733,-5.203849957954903,-5.223437180516743,0.15483946200692328,3.191319392155231,377.80489609565984,0.012380067994326005,0.00013563813022390066
25734,-2.381214049868012,-8.559045745233488,4.769774285766583,1.622725987570162,358.81366853361624,1.8651051445616842,0.00013563935244620612
25735,-1.274721696142345,-6.512173278124008,2.939281478729557,1.8156680787460004,467.8697540766079,0.5807662325438416,0.00013565097922719108
25736,-0.022704268999085286,-6.52701108425105,1.9504837336819958,1.3899418418988114,169.37387540531435,0.24408989136168113,0.00013565163924054042
25737,-1.7565903763566482,-6.765977309518749,3.2209420534674855,2.456988130141583,213.52718532342115,0.37857860675561295,0.00013565164911891132
25738,-0.5415677969298205,-6.455393912891522,1.8952329023768528,1.3397897226757522,319.1054344833803,1.2819608830179616,0.00013565255127656004
25739,-1.6419223320302336,-10.453354476808144,4.401304761708038,1.6826100361871745,402.27907749544386,0.6044307155214561,0.00013565906218410853
25740,-2.1515720873169686,-7.11249851691115,3.5068052090524193,1.756836933125026,416.68018853576456,0.6393479878513597,0.00013566136264394298
25741,-1.0479977909193554,-6.6211385331504875,3.1013200846782705,0.8829650077431378,227.1132462779082,1.0476891151490548,0.00013566957543572115
25742,-1.7643487631972725,-7.593420889942927,3.8553118292769115,2.0441054814891237,410.54859574572305,2.1758455891957302,0.00013567158913865458
25743,-1.529505653354926,-5.726845401202395,2.3308882540474354,2.283016130383468,422.6065166420108,0.7548179708181371,0.00013567315924012654
25744,-0.4294964283643896,-5.738357326854551,2.3253653403308596,1.4808223961168807,340.77572746645143,0.6456174746741121,0.0001356874375598381
25745,-0.9940619317655042,-6.9269351165068445,3.3435817920987803,1.367743736050862,328.2527033153367,0.24453903097822494,0.00013569151196260223
25746,-1.7077749496341035,-9.563131175269723,0.15725915159780013,1.8825555909529366,468.79484902880415,0.6074349311851632,0.0001357060676132757
25747,-0.7521098038373566,-7.2397856234778555,1.1640396167658233,1.2392012112224022,292.8803924777585,0.1530633434617492,0.0001357066287980699
25748,-4.101476787583897,-5.721465195661529,0.4812207859378532,1.0814743598031957,230.00049840340714,0.9385718860492931,0.00013570792988967353
25749,-0.2982230325006494,-8.7679155941721,4.4164360747531,0.9733746899311508,204.15434664076236,0.8043604889920486,0.00013571928738620678
25750,-5.8695197308431055,-10.681329030241894,5.114373241057017,1.9522905311044105,212.7053431847613,0.36140914519217393,0.00013572084927690646
25751,-0.40628533802182965,-9.810279301983872,4.413037544141656,1.4830075807285459,345.12501807121225,0.880350254432563,0.0001357259049191623
25752,-0.328146017203121,-8.392290467560091,4.33568629839697,1.799682147545842,429.30982399520406,0.1511724424154064,0.0001357369382938004
25753,-3.5922832892191447,-5.269320975256124,0.8737274792730122,0.7206792334161277,211.77481549369054,0.25944183946070964,0.0001357420822057742
25754,-1.3539550059547985,-12.927033010090291,4.223298957904403,1.5252484807126045,352.38490659158435,0.3073694726487597,0.00013574603900900177
25755,-0.19225855039471185,-6.73130631148007,3.201504909951428,2.0000353243508746,399.4353710288508,1.2083378877655617,0.0001357465585348273
25756,-8.500656631203398,-9.376295824675529,2.802901182644328,1.6124939674293388,372.9507616825645,0.08085001871074926,0.00013575284336741
25757,-0.0900991145804646,-7.472512216357303,3.767081981264606,1.0842790514914633,466.9946564999444,0.6143967603443192,0.00013575592240682891
25758,-2.9995635167820183,-5.437708261778131,3.7348241386006498,0.9198590524793744,301.23680067801797,0.020227854004104984,0.00013579871927300212
25759,-5.566950999875059,-12.358401439348658,4.7461579490855526,0.8485901554766786,467.49720982394405,0.23351752799736314,0.00013579998389626433
25760,-3.9086602504423915,-5.53504276262272,0.6197244733107544,3.0065204403068666,486.03915718806473,0.5107349919734689,0.00013580764149945777
25761,-0.014515731049774772,-6.071324900873439,2.373985472704831,0.6616547174599657,125.10908340081612,0.19651699628906893,0.0001358100478391522
25762,-4.6600239415458775,-5.460855048761481,0.42180264863056977,3.664839078075192,544.890506861965,0.8751372398809769,0.0001358122257057214
25763,-2.316575008620852,-7.504277977598002,3.7896715422026808,0.8540133291675771,215.27158962417366,0.9572914426414991,0.0001358191632377316
25764,-1.7894283959394297,-6.522494786917933,1.7975306339848385,1.109884967255441,467.93527440986213,0.9366675941555114,0.00013581989400901118
25765,-2.366661095234833,-12.008614660209494,5.031714681808085,3.619758570568038,529.7033577665752,0.4223986563385962,0.00013583211231621886
25766,-7.302579065129882,-11.636450651879342,4.155437852068729,2.380378393817139,445.98178831112796,2.0993871156097637,0.00013583643317519297
25767,-0.276672635269291,-10.556337512484063,0.02014075021316571,1.0909746546413166,290.42074441790925,1.7424503829594382,0.00013583729619171493
25768,-1.657377331728343,-6.815469801771871,1.6078378219154787,0.9028685851021078,233.75926173792982,0.46147049713922517,0.00013584733672501636
25769,-1.0257462019590236,-6.387417588605263,1.7711880010312089,0.948607805455963,155.02034654878037,0.13921163084557087,0.00013586968344426773
25770,-0.8423854781397644,-6.7954881543906565,3.238347513191624,1.049418715790937,467.02396875333966,0.60625539643791,0.00013587564580442476
25771,-1.391247035195347,-8.798805065247315,0.35374610730132944,1.3563759611827075,446.2314320739503,0.5087413001965873,0.0001358792386740177
25772,-1.2836464347384435,-10.489735415238215,4.396053192723742,1.8013499990293051,429.6979113578023,0.32538555075121955,0.00013589660238586852
25773,-8.648680294097737,-7.7857386737760175,0.38241543357937957,1.742050374746287,358.1074274168209,0.580253278323136,0.0001359071882889711
25774,-1.4845900302904127,-7.196464457785255,1.1404524744856068,3.15760728292078,511.78613533220494,1.444024468590368,0.00013591603843149212
25775,-0.28589400009887456,-5.622685621640067,2.393946201083152,1.8832271786204013,467.310085337938,0.13358049627550006,0.00013593115180816106
25776,-0.16354260653026564,-9.02524752323513,4.441364459696245,1.414929707872438,468.5810555815001,0.9383069797591252,0.0001359337447844736
25777,-1.2406517895780915,-7.093781918901055,3.4618415099344024,1.0943550860574838,283.26595361020287,1.0888657598684803,0.0001359593134943381
25778,-7.134733582124072,-12.869656737794367,4.212116174775792,1.086368882109611,283.6659058848156,1.5705452720615618,0.00013597573297815217
25779,-0.8409878886007931,-7.054656217953921,1.2826300339899466,36.068412641707546,932.4491444363363,0.2345058043127528,0.00013598162719570263
25780,-1.0019925254621818,-6.473565615534825,1.8873246355944122,0.868584396630395,232.4586380067905,1.2749443940123912,0.00013598397416107811
25781,-0.2824417298142521,-7.732879456442302,3.938413207649281,1.2556804364144833,468.39273886178336,0.6214830090524579,0.00013599401487511526
25782,-1.661172181325698,-6.8653976532328045,3.288820053034186,0.7152807448890438,132.82174167716943,0.10279738744682465,0.00013601143089333678
25783,-1.6711101656638867,-12.01799205775584,4.248454519490838,1.8641223437171166,469.82144298050554,0.1581279777501967,0.0001360139033182377
25784,-1.6512778138256223,-5.908838986876092,2.2227720769936576,1.4504728456863751,322.7784878393894,0.5047443032094092,0.00013601734007935261
25785,-1.7152916844155381,-10.575080760076492,4.34357353452689,1.610746368579199,356.91556436682924,1.6058152725495445,0.0001360182069297492
25786,-2.1910919925290777,-7.9617496837871915,4.221945966745847,1.1164076133207896,467.82286084835766,0.17443794978411287,0.00013601904478009969
25787,-1.9887024654886982,-6.4797597638974125,2.0571355240346576,0.9001291680244309,467.72814170685376,0.5776480078386355,0.00013602020658714866
25788,-1.0087713863950736,-6.465915692725907,1.9272389532058485,0.8111926233669184,238.51313100765103,0.3028770456526546,0.00013602649633077203
25789,-2.4502281933486074,-6.321567424270158,2.798766102630726,0.8258188884345076,193.05155130396298,0.36125834831348147,0.0001360371855483512
25790,-2.2763115780672596,-6.398615496266664,2.836044494802823,1.0754957630210964,280.93530133271446,1.219156777655427,0.00013603826404056025
25791,-2.2894227754793715,-6.783316256551304,1.5159030889366882,1.8694908415129223,467.5233068736033,0.06780503620228462,0.00013604369300750712
25792,-1.5392632818234482,-5.901766357982717,2.451900362116865,1.2989514871558332,290.89225315741106,0.09755464194273422,0.00013605987073610093
25793,-1.491745295546762,-7.772251586910637,3.998253331480753,0.6609388355755835,137.54187193352595,0.047202323772409294,0.00013607136101848242
25794,-2.675271602799734,-5.443926474197855,2.3861064098823466,2.0642433139866982,395.82433326210725,0.2920698905092136,0.00013607629106151533
25795,-0.0496030988953553,-12.330587548837293,4.234492888605543,1.274871033647892,270.1435550003287,0.08881000346291223,0.00013608865330459987
25796,-1.1771958267909586,-10.65114906546322,4.34296534363578,0.7353823238263134,451.5816951735654,0.36966217903979537,0.00013608875571751542
25797,-0.1286732771852126,-12.38017609188869,4.232807747589767,1.0896226261797946,241.41213028665013,0.16635672662013246,0.0001361079179270788
25798,-0.12540410148828585,-6.129858285465274,2.5919892563786937,1.5227605643676436,461.61046419568186,0.30950880594220376,0.00013611872612086833
25799,-0.5511189566875849,-10.368470768807331,4.355213813677829,1.1110080152380455,467.89310089841297,0.8048857702322332,0.00013612744831906887
25800,-1.6118760056582762,-9.499561557086048,0.14769353126300308,1.3003433637571327,208.63955537152555,0.11302073217587871,0.00013614216080453756
25801,-0.9629865778250917,-8.850898565603304,0.3455799840774325,1.4090688736334387,332.78225314294644,0.23159981324912682,0.00013615904025480568
25802,-2.517429253250131,-6.248944381320842,1.8607052854265302,1.3240673428598448,281.97282669766827,0.9675278008432313,0.0001361696546037865
25803,-0.7558150834260449,-9.162012637276861,4.4440606929269,0.9501341958319287,468.9284523477642,0.02179490570935183,0.00013617175164073382
25804,-0.09124415941077046,-9.46894740183524,0.1799547296963391,1.1232907741853337,438.70607843316145,0.14330809086889662,0.00013618139956384984
25805,-1.898206849031487,-11.444771146204769,4.271568202856622,1.4086591959323198,219.32108858360343,0.0374349423044098,0.00013618349124121284
25806,-4.417239917485743,-5.774283239959182,0.3741989300500283,2.6298854184630227,468.80307270425266,1.9246031131839176,0.00013618771278038253
25807,-2.3069199803708687,-7.760519725928482,4.049657388881121,0.9183123279203576,256.17929490033305,1.1205246207345114,0.00013618891059760668
25808,-0.4752246668090585,-6.644417952242603,3.107125056798227,0.878620700370163,468.3337766771428,0.9365689854001298,0.000136194828075339
25809,-4.845460978328479,-5.015166745951293,4.673348024711526,1.685730524262317,397.9953386288005,0.4984779649961588,0.0001361948318689149
25810,-3.9571122318999583,-5.064366030742122,4.01412766492813,1.3237289631358786,467.0501693284405,0.4707620028918216,0.00013621548399875012
25811,-0.9587629846591668,-6.404812760030114,1.8602241240258022,2.166457044497767,398.39089416188284,0.494647720490736,0.00013621889925233155
25812,-0.6421670058188695,-6.228995372429988,2.763916017776784,0.897903903087024,468.3479650725115,0.5166032653434369,0.0001362341125856755
25813,-1.1275730563674973,-6.277591733170388,2.1332875705085255,1.1661730526693683,289.8741964309975,0.8178472605168947,0.00013623972224119762
25814,-2.3246098432303617,-6.645480676370143,1.6726581161873906,1.425219400429417,324.21958008861526,0.07409187161121089,0.00013625405811961097
25815,-0.07493637513262641,-10.71497461581826,4.367897896505392,3.6656015532236306,532.1550612299951,0.40825969953443675,0.00013625655156461014
25816,-2.7706288140651205,-5.304969308701874,2.441858536014931,1.1827387607065838,251.91092454112726,0.16659763820892337,0.00013626417662126227
25817,-1.7901458853521302,-7.662143732944441,3.9142105942553953,1.7842888977144638,382.0578336477563,0.7194413599232989,0.00013628104566228193
25818,-7.112037199119861,-11.736639427158533,4.346270181652615,1.781470946244432,468.7011157390619,0.42410644553506227,0.00013629169086279446
25819,-7.987438789562329,-12.240938795949413,0.7868360013262142,1.3260682105787107,468.5849084372304,0.22038889934153172,0.00013629586902079498
25820,-0.4867476300357154,-10.041139892256156,0.07880703376887135,1.1007140331174132,468.04689772882654,0.7000259938986346,0.00013630274458291514
25821,-0.22180041299861664,-5.865189319151263,2.444111202262983,1.042445218834973,265.31222288723956,1.2031153968120814,0.00013631411529133646
25822,-9.500237250993326,-6.852727850605639,4.927924318090237,1.4384267218760671,322.68003786885333,0.3599208861812544,0.00013631875715676786
25823,-0.6173206528667041,-6.823964765755973,1.5242916044614487,0.7612793017423465,215.93467903697692,0.6264576482999518,0.00013631890108980598
25824,-4.064369487052078,-5.427316915325483,4.632373630359924,1.7071085072919971,371.3500076386157,0.7482767596670259,0.00013632440138626426
25825,-2.5425677029185625,-6.942920967360757,3.971859079605745,1.3428131886245582,321.557144160629,0.22740009097790548,0.00013634699027800925
25826,-1.606851981753973,-11.666950631602136,4.257427363446157,0.5513041868949824,113.64079660515658,0.12504081612898954,0.00013635360478382442
25827,-0.0060532451436117185,-10.749784630015721,0.008878287439575512,1.7843835805945842,423.7478169819776,0.31660635494625655,0.00013635824523500315
25828,-1.4866608690881158,-5.927747100818703,2.2138262187314477,1.8033978741201226,469.89134548918577,0.09556262743517774,0.00013636028647271426
25829,-1.498923795580497,-6.586421135650254,2.976374667375981,1.0521879902785094,281.8439972590911,0.805652039343185,0.00013636893445710235
25830,-0.7796943798647291,-6.8947126938763885,3.305791502598048,1.0650463034160933,282.5846260300873,1.469435455637421,0.00013636958139444619
25831,-1.0590468224221148,-6.084145593131146,2.479559021700319,0.7719080532501978,156.24270959484275,0.19748009372152975,0.00013637504039339842
25832,-0.6020962019533798,-7.072859336470778,1.2061826884951368,3.603903217733876,542.4338985326045,1.015092960147836,0.00013637648034899266
25833,-0.3730288377026696,-7.086665359616505,1.332734433561607,1.5631951952563865,468.178770852798,0.4422316717666641,0.0001363831104574722
25834,-1.8301652873976302,-6.573840540006473,2.9668028392543273,1.4811981347505059,467.7088146583753,0.520793685555951,0.00013638489657669372
25835,-2.564991625549329,-5.913869330002968,2.4163257612013838,1.767810839583401,468.0542736600533,0.17672339529840642,0.00013639076115657368
25836,-2.039308834867396,-6.616489162894928,1.8323793840250278,1.6282915932531072,358.44488632818303,1.6537805366787222,0.00013640099902137158
25837,-0.35741793177322556,-7.8365599532295445,4.019583041562173,1.7170353967164214,468.1260236698236,0.4678079220903859,0.00013640875533010236
25838,-0.8063124523345842,-5.776142623328818,2.28804036948827,1.910314138685646,468.7313992309445,0.6092549971834877,0.0001364129639351088
25839,-7.820012145525247,-11.082601773907333,3.3989715919395302,1.4023840632131275,468.68293540969336,0.5676853129570594,0.00013641841696986325
25840,-1.508884443741774,-7.50083343946142,3.7790814813692664,1.1222217906783412,306.8864101412243,0.9201276464996075,0.00013645304867249307
25841,-5.3742142761104965,-12.613168673896055,4.719893439229442,1.7506794164868948,414.80603018708365,0.4903107674937086,0.00013645920522365455
25842,-1.78306454824288,-9.551800065846969,0.14757339370868897,0.730322256663335,466.5252526490862,0.31523053029629455,0.00013646269549018105
25843,-9.2875187403533,-5.388524760093367,0.6639698907930616,0.8814135789770654,192.30185320383632,1.2054168870776243,0.00013648902089631685
25844,-3.789978149823611,-12.60938842947672,4.682405470553114,1.0804017132572896,468.05445523327506,0.7048004918616941,0.00013650102646063658
25845,-1.9072511189223444,-6.0415826026773205,2.383069892814249,0.9978749504844514,272.9282696538829,0.8147702306637328,0.00013651389620170315
25846,-8.050102966101733,-11.113068486144652,1.0578130215882102,2.13991037513222,411.01168327384806,0.5328119447546955,0.00013653065591297391
25847,-0.0654069153685839,-6.323090644228025,2.861187292887929,5.603126940010792,506.2922441408789,0.0498457525088547,0.00013653349825854756
25848,-0.9856223301717151,-6.005072370197425,2.674546762991557,1.663088280670611,468.2486821675167,0.3042211585075565,0.00013653982748826655
25849,-2.158789755998747,-5.993012807182281,2.5691244311774954,1.6610776009552666,468.15937136070227,0.27035882351425666,0.00013654749800402736
25850,-5.593983654178453,-10.628481185948088,5.137081390144633,0.9506078046650275,260.2290897066199,1.4829121705480732,0.0001365573236821925
25851,-4.550085512948717,-5.690991320097814,5.15117015584328,1.066202633528923,467.57021054842977,0.20419497848725232,0.00013656393656803935
25852,-0.29299601623304383,-5.939291107129596,2.5147556029977878,1.8574608852776533,467.7414141107845,0.27192303043236254,0.00013658112190227502
25853,-0.9784969053485852,-10.903757625494798,0.0014198522586072772,1.109000681361673,468.0512046149822,0.8726361994135265,0.00013658931716699875
25854,-1.3644283139850852,-6.299705759570814,1.9942027480827749,1.306547017334441,468.17719573468906,0.7589545400307562,0.00013659530262856938
25855,-1.7531874405876717,-6.375565829069375,2.884985898626836,1.7617625828815673,418.43959308682815,0.8709177658374676,0.00013659897906886215
25856,-0.8464013202788241,-5.797491391008072,2.284412744856422,1.5131810147668057,359.308209337248,0.3856383585957657,0.00013660802360763657
25857,-3.8031865394072737,-5.0473512515729935,3.971794698868795,1.0114619346388085,468.5982852532995,0.94223978054639,0.00013660830683530462
25858,-1.7712459197592096,-5.946546548130014,2.5201529959064617,1.1631419237759202,276.22099775856486,0.6592517020768485,0.0001366090062889711
25859,-2.618008483037025,-7.11402796734875,4.637571928599853,1.543906690008961,195.1136576245754,0.1348433166308105,0.00013661398821019456
25860,-0.004883018309559617,-6.615525876419203,1.8489794328271163,0.8816497855937535,226.90181292268466,0.5441961023915711,0.00013662228413940968
25861,-2.1633035609727536,-6.467730010046009,1.8493904724911232,3.0192768514694257,501.6057749947766,1.671562761484977,0.00013662389409655766
25862,-1.346233894463861,-7.663620531494804,0.8968202188662691,1.839011515801885,467.47124832896407,0.5562565779571349,0.0001366324029557235
25863,-0.9524902647424014,-6.562641073681267,1.9641002713012972,1.046801070150622,273.5190548022933,1.539902175400953,0.00013664281172192362
25864,-1.174272237257373,-5.757651962376808,2.1856249801046124,2.545866717503237,462.1864618610976,2.2980293828675,0.00013665825849700424
25865,-1.96785919617545,-9.016526992007925,4.435002980679011,1.091088370629735,282.5827924532561,0.697654175409661,0.00013666423542326467
25866,-1.0940752938761378,-9.305221828516068,4.439284297207548,1.7861387455022317,464.5117604614769,0.8516048572016288,0.00013666629798374634
25867,-0.7530410750478467,-5.8786374162448745,2.446984681639724,2.7679106888489997,478.95009527497746,1.3549055695807253,0.00013666900816663893
25868,-4.625770218925159,-10.975623985939722,4.974529773995616,19.376849594817926,771.9530100039659,0.1310545018125877,0.00013667036982513786
25869,-0.05748282046381625,-6.34575139441633,2.876270865989103,1.1165906750853163,222.7876724051156,0.339047473447712,0.0001366726095245663
25870,-2.2950884050772205,-9.294891600194447,0.20680786298631998,2.3931050798241404,405.2468242924912,0.23041709248179565,0.00013668657104927808
25871,-2.205021053663339,-6.880248220503057,3.1928503323649364,1.292646778213395,273.5199975780512,0.7341174837844875,0.00013669058807032374
25872,-8.253882060584287,-10.367489346923643,1.9676843852823547,1.8018814193759571,470.04132498323594,0.05687473146643551,0.00013670103944873627
25873,-1.654244072958864,-8.387797896569268,0.5362761932412696,0.8619644684945178,171.7911762703702,0.3871082947372182,0.0001367282673184084
25874,-1.5420659220859818,-6.76813289483145,1.5444959112006844,0.9709729555203841,247.870532153298,1.5341598022754512,0.00013673130842162793
25875,-0.30034025517305984,-9.356564353488029,4.437227099854664,0.978707289128077,222.35091551500147,0.34493553205763217,0.00013673622599957624
25876,-9.249632908552451,-8.269488891019318,2.8263228592303404,0.9922119449121406,166.8427642710007,0.37549921819236154,0.00013673755230408672
25877,-2.2743161716260296,-7.15302060789352,3.479326045597997,0.9684332845235532,256.63470395626575,1.0055023956030764,0.00013673994765325058
25878,-3.5917369585241605,-5.363758443409677,4.338086618883767,1.6780869813922268,392.6980885331107,0.13609181560696104,0.00013674662163964374
25879,-1.6008427444871547,-5.811507742732374,2.308906064034124,2.170744830716985,421.8146990071449,0.41408935161952254,0.00013675085663084868
25880,-0.46837483910100985,-9.72073172403109,4.413181669801043,1.8514843306735629,386.21091040443406,1.624380783122791,0.00013675348363916258
25881,-0.8390467962673824,-5.810212573196775,2.324069318086236,0.9022249179699396,469.2850996447906,0.20249435070072241,0.00013676067829714188
25882,-3.0057190426461347,-5.417163938172937,0.8448870871635566,1.0431506771925156,207.49296313588187,0.7025694071297268,0.00013678524680295695
25883,-2.969625966187346,-7.11838253452471,0.06772372949679883,0.5925351725113451,112.49446512398629,0.04052701644794521,0.0001367857147393358
25884,-2.2474008199468116,-10.956912661670609,4.320574444810883,3.172490720026065,475.85206049120285,0.22690007586109662,0.00013679517785242142
25885,-0.365418843770664,-8.789925750803624,4.410890394739146,0.8811732686894156,467.67262152212015,0.4049812849585033,0.0001367962141529114
25886,-0.7170973557834479,-7.993591832089077,4.131999219086507,0.6920417662351809,163.17171087344877,0.20101356998474795,0.00013679827371360263
25887,-4.1358798086657504,-5.430203757183207,4.52160224633974,2.165769834523669,399.29718586623153,0.5278988949502219,0.00013680093508656598
25888,-0.5712394406150114,-6.723280208992486,1.72074748664232,0.6830434349658299,467.7548295759925,0.4694792297255228,0.00013680176152400017
25889,-0.03116424991478972,-6.567129608618411,1.9754029846702637,0.839335015156489,467.9360258766339,0.5529744882000616,0.000136809117017078
25890,-2.759699415833275,-5.40986376608475,0.9545269118172927,0.9073478809318415,236.14746907637698,0.5363696313524624,0.000136813722162244
25891,-4.458339290015994,-5.480879026624564,0.565139757709194,2.586990487695503,465.3538669754479,2.037254635634679,0.00013681786707014118
25892,-0.9501942384153601,-10.925208126596809,4.329267394066294,1.0042747230209197,469.00385963904483,0.00813405272035439,0.00013682123205727544
25893,-2.634449764653538,-5.888662148512227,2.3457015446055762,3.0453071886876235,504.3892158944041,1.8936755152731939,0.00013683107114325618
25894,-1.8886450987523915,-8.271788438410052,0.593300926353996,3.0575870206470603,499.23671793141904,0.9536590264597775,0.00013684351830141938
25895,-2.008142819664867,-6.4989342871728315,1.9262624366295293,1.04280827802983,468.7552374599288,0.8481595937350219,0.00013686450903958582
25896,-1.8091356281683488,-5.711063597378207,2.4049402891184983,1.1887551785684332,302.29975476806106,1.2736151328280245,0.00013687445161865671
25897,-0.25843990902345126,-7.101382152618081,3.45941048482625,0.95021524826283,255.62589036286104,0.8714020658376267,0.00013687934725291803
25898,-2.497614834542345,-5.949285274204145,2.4505069354107203,0.8661330525337919,447.67412035374866,0.623899763842946,0.00013690337201792933
25899,-0.29583429678404727,-6.771990699749722,3.2079626483689565,0.8376980744270877,169.41887518056097,0.8752235292848942,0.00013690757475366786
25900,-8.067854461118616,-10.252544384137572,3.2011438753223986,1.1471080843652781,298.85260448360845,0.44093415922379275,0.00013691185976399915
25901,-9.52396048990656,-7.459650441620592,4.239410529189866,1.2057436596559026,185.75328009910666,0.15433424566061227,0.00013691339745295307
25902,-0.32428023776174797,-6.722381154033759,1.6972463008719452,1.135364458410734,467.34451764756085,0.5559076352058785,0.00013691824748795925
25903,-6.992559010009348,-11.735335898788636,4.450902127718782,1.3196219626689834,297.04047954847874,1.0110257922556167,0.00013692590956314134
25904,-1.790214331039376,-6.545539648879274,2.933699481862206,2.0630801187651784,400.3231694949613,0.745996515830881,0.00013693080957749698
25905,-4.099848475196732,-12.338898698521414,4.711556696694141,1.5155237037733826,469.003405540545,0.6011523752167403,0.00013693263626372
25906,-1.1078191267694457,-6.381125510183467,2.8303402451338795,1.3836622508805392,468.24612906536413,0.3341875445448199,0.0001369429606912745
25907,-1.8352835979810749,-6.683485958605813,1.6862663586789617,1.1717829923958238,468.21913392948943,0.04124369359244273,0.00013695984276086942
25908,-0.9998472178203972,-6.594017827812034,2.9683681215254523,1.4521418202946852,336.79661996952166,1.4210874041046893,0.00013697783657948303
25909,-2.829890682165005,-5.346364110666335,1.625646369832346,1.0973485217212686,285.7794555123843,1.4516650955238308,0.00013698244533037597
25910,-1.6556386547908613,-10.62830183069747,4.369509164083786,0.8441407303969418,171.12861177014634,0.09597148970883307,0.00013698368269954433
25911,-1.5957435824059676,-6.758553908231646,3.2023653843195365,1.730427765264621,468.27742619042914,0.6118057112018809,0.0001369982238662208
25912,-7.167672894936859,-12.559405179996197,4.195410219533179,1.1481481780158382,233.1248203502804,0.47651409779805043,0.00013699862176552594
25913,-1.9936284516091067,-6.611654654479635,2.9807344213047293,2.157802038236236,415.77650244502155,0.6144633314747008,0.0001370122632484728
25914,-8.16444166234019,-10.818813299988363,1.961656627501953,1.3611661778844386,468.112091279183,0.3422851589092035,0.00013701457587881238
25915,-2.429745887454823,-6.366473847216506,2.8036426558147465,0.9759974097718374,253.74702911910293,0.7647467096571816,0.00013702373559728643
25916,-2.4075314139255326,-7.531867180097446,0.48215468097928565,1.166088413482392,298.1814620600193,1.246573342803658,0.0001370273924620771
25917,-2.3237991371314317,-5.984914672225753,2.2323409641984417,1.3130376385750728,310.2149597894664,0.47939629985873555,0.00013703341648469192
25918,-0.20156461613574272,-10.429584571134827,4.392262645190337,1.0997632514658489,231.03044267457003,0.08790299612425301,0.0001370440321750668
25919,-0.36809144070653765,-6.867384598048333,1.598254370941295,1.0393509158697334,258.24707254651986,0.13079103337733233,0.00013704749959552817
25920,-1.801702570138934,-8.333130727508834,0.5548246049610931,1.4158926423912166,467.8373890373188,0.7852016800711086,0.00013704836417698544
25921,-0.9098790077846761,-6.861342072513262,3.1859947896605716,1.7264973614599337,409.19452017736734,0.8025494439767131,0.00013705233283317834
25922,-1.800661988496305,-8.504704103232132,0.47539607159683517,3.4885561921684887,536.4716516534581,1.3646565410243792,0.0001370679338314099
25923,-0.5747345298470776,-7.497810473575462,3.768825233142326,0.7959555629973788,469.2216491751711,0.24369421634624988,0.00013709235433132815
25924,-1.6270935894613423,-11.510530064504588,4.2594571730497615,1.0804514775587948,466.6827226290127,0.5744864827713112,0.00013710178205964674
25925,-0.9631530220876865,-9.497101429877091,0.1580826102545696,0.5279892595251245,161.88762908117673,1.090161783611575,0.00013710803278472813
25926,-2.0323306844303684,-5.771843572617123,2.3058897234483293,1.156299207431734,230.12188167233617,0.00036110138730371943,0.0001371081902122799
25927,-0.28136623297276486,-6.308586555213654,2.710020821701893,1.806275068758397,468.44863151411846,0.14965772654761622,0.0001371124357855148
25928,-0.6759986097910193,-6.072088378274956,2.1518483609967176,2.9289183763746536,485.2141128557586,0.780120148466195,0.00013711483314310223
25929,-3.1608738134162238,-5.040759320973145,3.6898574529401653,12.215410260902884,451.0596578928235,0.18977504370476872,0.00013711726197144613
25930,-1.6678715152790442,-7.368693519571288,3.6811547385477774,2.1276943519392892,418.8399513949359,1.7856423675770676,0.00013712294128653737
25931,-2.459357089021066,-6.623270942488088,3.0157466502410757,1.8920126988573882,457.28381250460967,0.24073107916433312,0.0001371256487037389
25932,-0.4297496070831155,-12.188365123232888,4.2444882540373445,0.6673918877167566,204.63907547910998,1.160868164576626,0.00013714342872574265
25933,-1.5115673096288642,-6.516843897009505,2.0291596734652435,3.2441753199981758,501.97856607737737,0.4096984541263975,0.00013715075192435628
25934,-1.431374045312225,-9.034657986237253,0.28351031986379877,1.4328039002801027,327.57427616756786,0.10632020503964679,0.00013716295375068227
25935,-0.8805636793833571,-7.029880922243324,1.4710037150655586,8.735262882850757,408.16244281376595,0.21357002204448605,0.00013716872697347806
25936,-7.674982657244309,-12.401839061633344,3.4444706067113997,1.0509597341982628,205.86288293681338,0.04945762773067397,0.00013716949337904267
25937,-2.1831227193864455,-6.14772767225573,2.4912754909625567,0.8396982337891761,168.3169566844027,0.32486438936556805,0.0001371703702960668
25938,-1.2986266321676663,-6.015283228147728,2.2575631564581715,0.7109913021288593,467.2645549770087,0.3640993582477021,0.00013718343550352013
25939,-0.006271186730430145,-6.867532249704516,1.6113354796897588,1.7042820989910359,402.4609694439388,0.30228622354287893,0.00013718581003394772
25940,-2.0410324755293,-6.918270414179731,1.3277034898861433,1.84204350753116,469.85920067187703,0.06330788887480221,0.00013719790520413746
25941,-4.758123892918481,-5.5659855814951715,5.10448067597539,2.0038872548233133,400.2619936145598,1.2488738150277987,0.0001372002348284763
25942,-0.2553667957271184,-6.337298170417645,2.615776766623781,0.5424674974510592,170.73060109192394,0.24006347598789812,0.0001372145514728954
25943,-5.813763554589604,-12.108433266266786,4.768159298159039,1.7156499257870168,374.72209346982834,0.7957252270872468,0.00013721597721959547
25944,-2.116407546385471,-11.918114950696733,4.2072527208017,1.7995690002438243,467.8285455708793,0.2990472536103601,0.0001372194250044119
25945,-1.4796968904169763,-6.984860786480671,1.4511229226679419,0.7875323694745032,468.99908763004333,0.17986117867273066,0.00013724435875107566
25946,-0.6724415784843636,-6.963236375070675,1.3120172427958332,1.1384390174187144,467.03975276023215,0.5890542266072343,0.00013725574976378434
25947,-2.374043431422649,-9.604214952691793,4.934415478981538,1.1138257372696614,236.6095609800545,1.0388566117485523,0.0001372587135760125
25948,-1.8356509426164163,-6.1189869256725835,2.1790578453219402,0.9022512709675415,189.14249301701506,0.4355413858497892,0.00013726072477325123
25949,-2.6793647717327005,-7.817687534013543,0.01135824997176019,1.8251963591339466,435.75642863157617,0.36314685540555747,0.00013727162637266905
25950,-1.9755219091330662,-7.862285934880511,4.048939763971565,1.149910504084337,193.5233507602408,0.13015938201828448,0.00013727217073150876
25951,-9.467729271413734,-5.503004447851158,5.180767334102592,4.218558959387531,581.6592181118256,0.8704008674096793,0.00013727874660811497
25952,-1.0388377296964997,-6.254291140332048,2.7606590439243743,6.012654991740044,485.1972223869328,0.013203609610790146,0.00013729226997076863
25953,-1.0107090682856334,-6.051758435112238,2.2715632709018423,1.1517413994294583,232.45512828469919,0.004747281708877615,0.00013729239888247332
25954,-2.374706871368164,-6.129559014426086,2.5707193694997312,1.3295625132756648,307.4405161119888,0.16088957262661285,0.0001373014104576301
25955,-2.131870927942444,-6.547302306096706,2.0566522336606203,1.8541308450698613,469.17363489365266,0.596250375900155,0.00013730588016412623
25956,-0.4184113298755161,-6.33445522542209,1.9861581305563734,1.847505066212534,467.93400248670105,0.6370154322915571,0.00013731547130510383
25957,-1.4061180296843183,-9.455462500467839,0.19387544126801426,1.617692547577505,377.5932360046849,0.5428062229679238,0.0001373218005157369
25958,-1.4484073685495158,-8.616087706882519,0.45465696929565014,1.080273025537041,287.0008040353951,1.8428522764028523,0.0001373250212745822
25959,-0.881083495884603,-5.743401688253417,2.404326510805501,3.8759690320307754,562.316070596039,1.1922974674887525,0.00013732717489628045
25960,-0.645108724000691,-6.591946815659927,1.950326876630336,1.2024770898704495,156.65921070526596,0.4059107585443158,0.0001373330763540554
25961,-2.1455220793023058,-10.788647670095326,4.291162615219219,2.245861396000758,427.5751574773938,1.2555083830112919,0.00013733708868237784
25962,-2.2889077276749337,-5.576682365588236,2.2932666501680568,0.6921571019625723,457.52067352238026,0.3707684630180781,0.00013734576609651823
25963,-1.3931044962367984,-7.796929150104392,3.9653647166381867,1.9088047250858713,468.14574748461234,0.5080625890690831,0.0001373744813566828
25964,-2.3805666642192227,-9.256283754625558,0.22343174616398942,1.1359526818032206,297.3496782181272,0.7369460786391144,0.00013737549020271907
25965,-2.533613787195641,-6.32378583899791,0.7114868595488053,0.6466834233513495,168.69437345760545,0.397085224229496,0.00013738081848355918
25966,-3.2689917527696375,-5.188819742562103,4.122584382402898,1.1061334524995032,467.4319605974479,0.6593961103686246,0.00013738156582027736
25967,-7.835242732785089,-9.48896403604526,4.45388362422543,1.8133208655024715,433.046685852171,0.33240607575995984,0.00013738846540118483
25968,-2.340654555095022,-9.68294636233202,0.13020987597148723,1.2973279712286216,314.38171788379697,0.5568753443514121,0.0001373908513337837
25969,-0.5402263922987274,-12.04439098443315,4.2437922431613835,0.667645444427714,142.58901611143784,0.2649609552034029,0.00013739833396597665
25970,-2.009894067335005,-8.840946737181897,0.3287122439494804,0.8935370269294263,255.30404156526998,1.2139716365373276,0.00013740464957034997
25971,-1.584738725742012,-6.533239254117067,3.0042129851921233,0.7858637624259943,225.3933662045191,1.3182140386825019,0.00013742627176018001
25972,-2.2252268435399625,-6.5023655078761875,1.7702558181464694,1.1110432709654194,467.63012568339104,0.9354923752255475,0.000137434857688927
25973,-8.180224920040498,-10.621055535744766,2.2508354616474526,1.2777775481022697,280.77267537639244,0.1970744092489083,0.00013744450296205904
25974,-1.3786426734751327,-5.928032309964886,2.447465654043662,1.3207827254164939,467.1049126862753,0.554808668825828,0.00013747612821957795
25975,-2.461388424766028,-7.41779379631423,4.260577604070703,1.7924520984860468,427.1903347630904,0.013001883426025707,0.0001374808897409245
25976,-9.372958744987047,-7.632265316523122,4.233373777349631,1.7295891276068607,408.96720332897826,0.40379469629356013,0.0001374814718797035
25977,-1.0925616990481437,-6.28503837790156,2.6068635116600802,0.7846356359114612,220.5110658703871,1.3566174027312856,0.0001374835366357506
25978,-2.537773029811902,-6.074483266446536,2.557915875937118,1.1962564688731512,280.3642688778247,0.22008836053345693,0.00013749231767536167
25979,-3.0456211143363685,-5.654243238582018,0.7730137798430564,1.437588401637574,340.6867291985512,1.0788741486949425,0.00013749704829495288
25980,-8.0087425138624,-10.037918559212583,3.5565199278469275,1.1653375838564715,299.0875998781751,1.2638213895043178,0.00013751310703748342
25981,-0.21918071629303704,-5.996063964030751,2.6334691734556017,1.1406279080713952,298.03280861639104,0.5545706219297468,0.00013752403750507924
25982,-2.416785866886041,-6.374537648749277,1.9737353780568534,1.006454246414131,467.58625631948246,0.6669354470977717,0.00013753101063162138
25983,-1.855645250131941,-7.1004564938398715,1.3418052460988692,4.211496230982847,492.12298216294215,0.1195581085336963,0.00013753919068511185
25984,-0.44670078603601127,-6.705405726101433,3.1240879729541007,1.7327858655148265,410.38777961489666,0.3730713397045671,0.0001375426969295053
25985,-5.255793132446956,-12.368355887580655,4.732241761531368,1.160174617500711,468.40872980929475,0.5397955904273468,0.0001375542208821992
25986,-0.7350614626519221,-6.754770149404304,1.7281711252409337,1.6150119333300652,378.72852498632153,0.6070150673106243,0.00013755624909076003
25987,-1.361442052551375,-7.091021644794509,1.2266041256243385,1.6507524757691945,385.08582002917035,0.18292396085021156,0.00013755714352402118
25988,-3.510721906827893,-5.324137922868503,0.8701935522446113,1.119235449106049,454.14778198676413,0.3074285104377106,0.00013758131824496877
25989,-2.2007471921607733,-8.251867606704678,4.245511395694592,1.2049548845903364,297.1018344467453,0.1936138826284468,0.0001375860933315867
25990,-3.1076839804634995,-5.839469134910084,0.6458855200322338,1.0803458220135567,469.7075005778693,0.23968060487806397,0.00013759829386266405
25991,-2.3283260647754336,-6.402601689672587,1.8811339508150131,0.8632455851755677,467.88432783771646,0.48202814308149744,0.00013760427218205293
25992,-0.46807064138193866,-7.378236503351296,3.681865773604648,1.2141645061680248,298.4899983612551,0.9403642019002527,0.0001376124891341962
25993,-0.6511015276040997,-6.003858060547663,2.622166708630859,1.3505105996344617,329.98652451518166,0.33580151034598416,0.00013761394633537473
25994,-1.9503375444125925,-7.1128646206282395,3.4035601520397694,0.9523110168526393,203.98323714985128,0.1576782278349116,0.00013761682021928628
25995,-0.6329172303707242,-7.323464092029049,3.651300479595711,1.0221496196534607,258.44598355796,1.6237947722664918,0.0001376241026023765
25996,-2.1075807278625716,-7.17485668886832,3.525203109208059,1.3596364396598872,319.67835938946934,0.19245172864662852,0.00013763487920366108
25997,-5.173795463531995,-5.39857003931406,0.09765943491700223,1.9290369942135788,395.8619353496393,1.7866339808390643,0.00013765294618016809
25998,-0.5927361051358009,-11.783725317807162,4.23977437926137,0.9518992236890856,467.7733656438813,0.4031155317522792,0.00013765798934995695
25999,-3.58730065649787,-5.304488314774447,0.8857295978201086,0.976517575296272,198.5265790830566,0.381243087191808,0.0001376612882872823
26000,-1.4325586312742011,-6.659402586213904,3.0374456415750375,1.6905971871694232,468.578574473116,0.2925505676347031,0.00013768520308362128
26001,-0.03969888191697457,-6.271980810872771,2.0943964419014094,1.1245776431966426,288.03548326831594,1.303132431167044,0.00013769796041946728
26002,-0.3487853489504733,-12.85974195794216,4.236312187324658,1.6597235103677561,403.9164928432708,0.5121517460878442,0.00013770172874981684
26003,-9.93324570420426,-6.135585334022512,4.519715957845163,1.8500290116648517,443.48506753802155,0.34088905853717666,0.0001377109976811001
26004,-1.7846077478133964,-12.847900143859837,4.193180500936503,1.8518083734729995,467.77950207671404,0.2869270754850177,0.00013771960805833552
26005,-0.009700473664915776,-6.640411701455725,2.9866215052612133,0.5518324509426061,115.55405854175855,0.49736257311247645,0.0001377250778388459
26006,-0.6199159903711955,-9.056666128058884,4.4285940553004535,1.1991731235759837,466.14054573851826,0.16166192822213876,0.00013772744320701962
26007,-0.10344268524244704,-9.712095933602944,0.11676635335984212,1.143583623589593,293.01956113663664,0.8561864408263533,0.0001377310167969156
26008,-1.4773958768284494,-7.635860987786847,3.860615877990703,2.004341060169574,395.59693366199957,0.9451862172249053,0.0001377466071654159
26009,-7.316291220568409,-12.011046810146018,4.075922553057272,1.0496115782622035,272.2229688975037,1.5628627213338495,0.00013775697937076778
26010,-0.011200363321593798,-7.263207283755062,3.5922016295344252,1.8428554478174783,442.53198425041927,0.1201465569235447,0.00013776017118694364
26011,-0.29053049186086355,-6.622042426185953,2.971900087259719,4.0478074725639965,409.94017458376726,0.016495575260855766,0.00013776156924801214
26012,-8.12321221250882,-9.245707174452109,4.165530808008979,1.1646918149305285,246.17293866604317,0.20366393591073173,0.0001377698763974507
26013,-2.4799144608039656,-6.4265638596131724,2.106193637570246,0.8191782991684661,161.26490590194518,0.1372789843370983,0.00013777782693512298
26014,-0.3371736378402339,-9.218620902820415,0.2509811181628849,1.0715360999941401,279.6989605054244,1.8303339498614708,0.0001377796843505948
26015,-8.436449867215527,-9.341876563671082,3.1522334970603327,0.9914951137932412,200.6060096991229,0.7619384907101345,0.0001377934378012857
26016,-1.5685152468812351,-9.125046142278975,0.24386446610917062,1.7734673274889956,468.349535642899,0.5172924782133261,0.0001377988566039391
26017,-0.618387426436616,-7.197657111645398,1.38805023788664,1.7048975806082542,370.22759418695784,1.6880068558191228,0.0001377994934002471
26018,-1.26494500211939,-7.708093821479017,0.8837270067429552,1.3388528899518046,221.30550150471709,0.08852099981750428,0.00013780799437311381
26019,-8.24323278397073,-9.216763304878583,3.9283183791467953,0.8472218195696236,234.83421437928985,1.2611075952433497,0.00013783423940311404
26020,-1.7956307081004663,-7.4345495222286075,3.73797641979763,2.0506289828373987,406.579135851774,1.3376649811913648,0.00013784643064895512
26021,-0.951708602141002,-11.078952798473988,0.0022742984484851046,1.4300256943095315,326.2033516469365,0.030116734760034625,0.00013784658542702948
26022,-0.3716972514777588,-8.599664464635357,0.46986146234685233,1.063075344745491,468.20480622358525,0.23102943650305896,0.0001378507812820542
26023,-1.3347842319868644,-7.248813737567311,3.5796763238904856,0.8745863348972485,230.8837032236188,1.1210619401968005,0.00013785471304206688
26024,-0.25343232183787023,-6.267608836319039,2.7416157127578384,1.798722812520061,467.9334834045629,0.2107377255911631,0.00013786785417328645
26025,-1.200439679450282,-7.287864779023309,1.171665991684294,1.0975428102151934,258.68789689160417,0.4763904698966339,0.00013786911399046132
26026,-1.4529959712256808,-7.762178167736574,0.8679895364991597,0.6953477638664181,163.71652195141323,0.20811770487868397,0.00013787327225872408
26027,-0.9274876167902786,-6.630017123710326,2.975405248385514,0.7827627929323373,444.72432559588265,0.2709577015670943,0.00013787632054309458
26028,-0.5561835255111642,-9.330867181423066,4.428651855716635,0.7797231153976399,155.82916882620262,0.7476692493807473,0.00013792688875421486
26029,-1.1995551222400245,-7.861915854742961,4.019086310721297,0.9960664383968185,196.46284048989168,0.0065348100851467805,0.00013793617026854215
26030,-2.2691448481938004,-6.706156492125273,1.6394365465725274,3.513319982371102,534.5051436942512,0.9096602995398095,0.00013794670247615755
26031,-2.206560185485719,-8.859866690810458,0.34704967685593113,0.847394593074878,467.834996207304,0.23764148337396396,0.00013797370300152605
26032,-2.3994081824525058,-7.458410724980566,0.6058212384902728,1.0876600807087897,289.74612445094607,0.44376789111584714,0.00013797463140143894
26033,-0.2571125184794596,-5.819423784022578,2.4307387223880887,0.7768544710283537,217.1394523312888,0.14768208263913518,0.00013797811996077818
26034,-1.7932351859718203,-8.284466911612338,0.6217686823116478,1.462993639824039,468.8818316008081,0.8889932139112995,0.00013800353085097438
26035,-0.28334637749144953,-6.027374113473564,2.523440653540484,5.180760346316714,565.6457564498403,0.1352065317660207,0.0001380084505929554
26036,-5.531831134707279,-10.674516434912466,5.113305521606042,1.5574663193038134,360.48568841956205,0.8078748632326445,0.0001380150986454157
26037,-0.046507764577606636,-6.596622939649685,1.7434082187964695,1.3173575372005961,295.12951285138786,0.24914178425222655,0.0001380213438134479
26038,-0.9204182306381163,-6.550533844820717,2.0233044210270514,1.0637624320386223,264.85587453954344,0.796510940232646,0.00013802716000178036
26039,-0.7168289278203748,-7.478938328194864,1.0332741913978407,1.1590608273172252,289.0420561933591,0.9875468604216566,0.00013803259742513566
26040,-0.8077728164855795,-6.3563863257848086,2.1094501400874495,0.8510851107939222,169.24140529643805,0.22159213048508164,0.00013805519264972242
26041,-0.7230542993905527,-7.046206162213271,1.5028030204041616,1.0895318123330369,466.1741756350374,0.6994631138713823,0.0001380555339075669
26042,-1.181264181705206,-8.552254873760415,0.4910398731796722,2.9879157279335304,498.6716642181877,1.5894732813555246,0.00013806037747426267
26043,-0.2075812135890711,-7.743782724759023,0.8592769846484943,0.9360640369961405,468.2210678338127,0.41611315674062777,0.00013806449793968438
26044,-3.800437598596913,-12.617476538347537,4.6779185953409215,0.8706890317911253,468.4442359105704,0.8410329307375113,0.00013806587885744614
26045,-8.782664989279994,-8.83340624507439,2.9679785581730975,1.1701060187350052,290.331086618182,0.41691031560199665,0.00013807339381031745
26046,-0.4954506791030511,-7.33506733515054,1.0849607060018673,1.805449014104131,380.17837910458644,1.5909971556594948,0.00013807726742130042
26047,-0.7249362309828573,-6.670285560546828,3.03716010614929,0.8732704990923578,210.49470620659818,0.7117669944037042,0.00013808757787136188
26048,-2.900337133417585,-5.943752357816019,4.246927924984291,0.9222251738959644,196.97734800286244,0.11567691849187245,0.00013808947222287946
26049,-1.2302580953080984,-8.089993793423492,4.17176386258881,1.0132677164431745,219.1765559033347,0.06830219949318828,0.00013809142005138827
26050,-1.0049490202448794,-7.874235570345665,0.8153069485912608,0.9892971409431118,205.7309149676158,0.18018163005303212,0.00013809301540823336
26051,-8.243467758954774,-9.171234965736275,0.3835631171316191,1.043274200710056,280.65974680461306,0.9433355059795838,0.0001380956910008147
26052,-2.3101347327937916,-6.7717726325700225,3.065174900206234,1.8479777620168663,187.42714925943065,0.4390427101585326,0.00013809738785881202
26053,-4.102614059566781,-6.453658606733852,0.08171163514467508,1.1642786855437741,301.7818755510828,0.5569127959279276,0.00013810643648722647
26054,-6.761405039539664,-10.800969110374176,4.845125925586701,3.333211154368822,516.8043844109937,0.6990431618669204,0.00013811298550154384
26055,-2.011825243104246,-6.399222880294081,2.8246579704556187,0.9740940979105012,271.7553800050869,1.8278609858039419,0.0001381185364413499
26056,-9.974631015483935,-7.514952492318055,2.7886765434747502,1.350445347833825,328.79215967269926,0.27018544964652147,0.00013812779952370358
26057,-1.6412980184844592,-12.40476394940896,4.219506385719946,1.7733939562002237,469.4967444918499,0.006481083261680176,0.00013815038859765904
26058,-9.953708545996662,-5.339648205742917,1.7622179370967477,1.0677133792014641,209.01154594374583,0.03997093748563341,0.00013815164274456242
26059,-6.845915544036698,-12.483851308048202,4.467690388276736,0.9925334260086529,271.1053101230462,1.7424168030823397,0.00013815487401645294
26060,-0.09789530302172444,-10.657527876813491,0.030395421777770437,2.1380487132218318,401.1610253648489,0.5748683883002368,0.00013815768733698626
26061,-2.133967797525057,-10.980137209508403,4.287978773768672,1.7043661724577504,400.086130623001,0.32470193323457597,0.00013816067455853776
26062,-1.629807760261082,-6.391454786306649,2.720812696233255,0.93232585643152,197.8728468346685,0.9530137502425697,0.0001381773081827391
26063,-0.6707076840083808,-6.937911148873695,3.308319601781117,1.0165905665638715,469.68937254536974,0.016395358707097074,0.00013818265254784623
26064,-0.9831677128117864,-7.652485693969415,3.8941637639872404,1.3517420294711695,467.97119364818667,0.6049605331522949,0.00013819358162890476
26065,-0.42087477071468626,-11.910869304584873,4.2307786303094765,1.100311574336384,210.92325589904522,0.4569102464011978,0.00013822825612854934
26066,-2.283267396322783,-7.718076039690734,3.920101392401148,2.7269156317386627,185.273803517165,0.3810182144916636,0.00013822916939952402
26067,-1.9429448431952032,-10.28135448744261,4.396426819649101,0.8362883174862134,470.28217158273543,0.02558733660917767,0.00013823766484819878
26068,-0.02356523829278423,-7.013329542171932,1.4424027509301676,11.617187945652502,776.4613810295087,0.24134367315631078,0.00013823798993569167
26069,-1.4576174023098982,-11.871362794874763,4.232399096875805,1.1174993210931834,294.6429714360488,0.895726886825698,0.00013824842760384997
26070,-7.5147967232212665,-12.320528084493548,3.748389534418758,2.664254901197892,473.04878573797254,2.390517283671855,0.0001382552372595727
26071,-1.478517821970751,-7.121721450852823,1.3355632500077652,1.0909256027684662,268.73291541472076,1.551845906964103,0.0001382619430380229
26072,-0.6246160120252746,-6.410322144820276,2.8284163485759204,2.7349156451381815,474.61422868258575,0.33606265367672616,0.0001382884111055784
26073,-1.8309155605671243,-6.039609849872434,2.3636310064471298,1.2621431352521921,259.9558200986176,0.04789574378991812,0.00013829060051608313
26074,-8.820954943549815,-6.776769757084385,0.3559399495822406,0.8389195173339348,225.01137667673606,1.3562290529197645,0.00013829648357382217
26075,-0.5960019490706916,-6.720281431493523,3.1200240784725213,0.6683768970138197,189.557619764374,0.6871880519912459,0.00013830192763786427
26076,-0.08238426346208882,-7.04613811150463,1.5003682210333134,0.6588289227589765,467.6324108043078,0.4607259168578022,0.00013830581087224662
26077,-7.695471409008528,-11.709695588468469,0.28421197178143903,1.4620419157753541,328.9688092540373,0.3185160213878566,0.00013831856923944474
26078,-1.1493352385362847,-6.0394231222995565,2.2240978665731035,1.2163558325454769,256.71666241281577,0.09258800577031767,0.00013832344867447828
26079,-2.700033672726054,-6.567774773675231,0.3825050174962744,0.5930392948258953,185.2202789243566,1.290883604904625,0.00013832641610291143
26080,-2.3005295333345464,-12.173965443043233,4.471774824205097,1.3103634737871208,312.22273044547256,0.42145763797271396,0.00013833013753988214
26081,-0.7447611844751219,-11.866180189841934,4.231878837159871,1.5554814613127874,467.98751154061455,0.3622797884736375,0.0001383328891965246
26082,-0.35351250292625913,-6.787807980098468,1.562356795244559,2.445952343990015,448.13525119034017,0.39942491391918455,0.00013834911751780914
26083,-2.066203554877603,-7.518839272588808,0.9676842759092875,1.894617839355017,467.8960056397613,0.26254198277237784,0.0001383494775037656
26084,-1.3989231944618243,-6.767433132103178,1.7039607911700125,2.808461944382423,476.81904847438057,0.8979109841050308,0.0001383587288517115
26085,-1.1081949881151445,-8.794587819298863,0.4185648512869245,1.0901038850325548,219.87044403143003,0.5798350618087573,0.00013835921392811576
26086,-1.1773129310113468,-8.986612875240922,4.419422782505543,0.8732430706648727,228.54676259189384,0.5639744105680515,0.00013836525753246833
26087,-0.3374969185682559,-9.67763541546471,0.1477652373606645,1.103811513108946,288.35187904708044,1.1233809552701608,0.00013836660814096837
26088,-1.2055532148794441,-6.770926126291038,3.1468846808881192,1.451180052590622,334.0173788121984,0.5804763366579513,0.00013837932111044522
26089,-3.6564001233318173,-5.795593203744381,5.060040648285763,2.0600922261869163,395.1668827825814,0.7112389104906507,0.00013838038511441333
26090,-4.919458414631606,-5.428680670317074,0.277300135464381,1.2874938567048584,280.1390164271189,0.0890123610612159,0.0001383949441183586
26091,-2.1029943793812684,-12.474342616449924,4.319704363707646,1.8952509374558735,468.2222892543432,0.41595296595798725,0.00013841012213441938
26092,-9.604492458396077,-7.871601931047836,2.977485253015319,1.0341559547508237,468.97577489568437,0.004169245142148448,0.00013841484771859002
26093,-2.0828461762450665,-9.655663781105538,0.15531865156734928,0.688891889328859,468.2279418040336,0.47445982742614046,0.00013842415865214776
26094,-0.597166816542078,-8.60692969842738,0.43035467319743376,0.9085155530524262,468.13521196173195,0.4995160031062307,0.0001384258283867316
26095,-0.1899341581120222,-8.368090666475073,4.2770024671548015,0.9208819970312545,243.57348535966437,0.20549535821323772,0.00013842819956621052
26096,-9.561454372785006,-6.616221588463208,1.408615245772075,1.2527714238796888,468.307699965789,0.7925023919713281,0.00013842914576891023
26097,-1.716212467507761,-10.939380172225542,4.288857252450798,1.2879545621641988,271.10933934252307,0.9727292986668408,0.00013843234997564278
26098,-3.13046611802391,-12.244728706173094,4.829533850639996,1.1082948240406383,423.7732964086989,0.35618261647150895,0.00013843982306663852
26099,-0.4403963608746757,-6.54103760287427,2.8506633997081123,1.097581802055009,287.9545673813966,0.9836361535405205,0.00013844855851814344
26100,-3.4608849896031524,-5.099879337222151,0.9418050173808977,1.093235752016885,285.9694197076658,1.5753383940063985,0.00013845439210421407
26101,-3.325035486747362,-5.694092607051918,0.6133939512622536,0.9461404443181427,183.35380324457282,0.04612207340539687,0.00013845600697498585
26102,-2.70854076299195,-5.562311252885483,1.717473944595936,1.0870815904086792,467.92309714991654,0.6273457127664761,0.00013845758180240067
26103,-1.029529062740476,-10.736562921829904,4.316835376131718,1.0738733852146358,278.581097168448,1.2399751524936535,0.00013848077773258953
26104,-0.20701977212569922,-6.645169253578831,2.9730129171230786,1.5405918245964674,321.8181550305119,0.5522291279362648,0.00013850754538821165
26105,-1.007405137040399,-6.374018485635371,2.7957502119447235,1.649375195640148,385.3656765926974,0.43672586547046066,0.00013851592526584544
26106,-8.044026046902818,-11.578859299665412,2.3341347039275844,1.0773120529099798,273.49814142724705,1.4411918653631668,0.0001385174098525087
26107,-6.343061028779225,-10.965255069723817,4.946500803754227,1.128413159150478,296.6991015397823,0.9150930041203269,0.0001385294536593933
26108,-2.4894657094372254,-5.816967457321861,2.390200277340528,1.6766607569848528,365.9941158096271,1.8813161007663757,0.00013855521006552807
26109,-1.6280552978320948,-7.946756828442462,4.086740459085453,1.0619598455583594,466.9877318720219,0.5987316193638348,0.00013857366760541064
26110,-7.1132361558446995,-12.9253234706951,4.222925946288208,3.0750107283966304,499.28209591645987,0.8585202574686361,0.00013857709937578497
26111,-0.7532876167319209,-6.085223016482176,2.554599319288524,1.125052730457104,178.09097301627182,0.16393430935167252,0.0001385855586658202
26112,-2.938079100483016,-5.400111776363436,3.6241134493666274,2.3416690438028063,435.58074402662135,1.069659302966813,0.00013858758747609427
26113,-4.261474443410696,-5.653668136876553,0.4961034434488577,0.6768483513328568,467.7816250495673,0.4418327204766621,0.00013859577561146525
26114,-1.7297315775490638,-7.244882185026181,3.56578112358215,1.7354159845371429,408.869251606917,0.35781730960695945,0.00013860663162101574
26115,-0.6555293257228705,-6.568900123496283,2.996054619908087,1.6280815837189881,380.864510499071,0.8179927660434787,0.0001386081101279729
26116,-0.6480376251192954,-8.45946159474453,4.3032476932139545,1.836424458251206,461.8464945885932,0.2708143775637506,0.00013862347478939084
26117,-1.8967683033699547,-7.203261339508859,3.532716588126173,1.82253343127682,468.20975863686874,0.28641498379328834,0.00013862710219926934
26118,-1.541517457738843,-8.56145785876031,4.367285027785888,1.654066016943282,349.5142090588096,0.44954801693801816,0.00013863653014071435
26119,-3.796745884014939,-5.154173344847445,4.189368889834995,1.0259888823427687,221.55403320526037,0.20053491737687867,0.0001386445031929916
26120,-0.624709385902392,-7.182432696468533,3.4772736182763255,0.8755827139752239,233.3010663334205,0.7955702919002503,0.00013864953830851963
26121,-3.7894374325757436,-12.848203496165207,4.664473485050331,1.6093552984095898,453.4403795779116,0.16142310207510757,0.00013865010872504753
26122,-1.1668912449385935,-7.771143215589585,0.8808143908182926,1.8152499309435122,468.36035998067376,0.5674570277042763,0.00013865635741094033
26123,-0.18131825657097522,-6.055519188870451,2.2156413555830934,0.8964409037326002,254.82467540865002,0.47978145913146886,0.00013866054977941576
26124,-0.7960496212016785,-6.789421004747762,1.722177205324072,0.6777996912313617,419.5154676598117,0.41330718438732017,0.00013866068133913786
26125,-1.6829680736260908,-11.823547282800451,4.209852127204406,1.8432475854314672,439.73889769595166,0.5557718610647955,0.00013868650094969764
26126,-0.6863971494384362,-7.965231531913568,4.096337746406409,1.1093218593949414,470.1756185409362,0.09223650794342664,0.00013870543364202423
26127,-8.641033191196042,-8.833829972806765,0.5869496692860002,13.262515560989046,579.9657123919524,0.05988506190927456,0.00013870604746429356
26128,-2.3648683324652637,-7.9366617746904105,4.19358609307094,0.8519289614940715,206.65591440817582,1.3247782545195506,0.00013870620862167175
26129,-1.7540651187809981,-6.079524451860292,2.540013837420293,1.0623719643955758,280.87614677413234,1.4964645455436818,0.0001387088992022779
26130,-2.059784671603402,-11.388494652559952,4.253006999975569,1.625393801582172,377.6458730910667,0.7293906049872456,0.00013871109316498733
26131,-0.13323929023967374,-6.32712837369291,2.7634975549725618,1.07964224336688,285.77714769169404,1.298169105047946,0.00013871187472866572
26132,-0.5427388471727372,-11.094956854692645,4.273685971515221,0.7983226237683777,160.58669857977952,0.4888090124081321,0.0001387184815843101
26133,-3.764022653620204,-5.260171509923666,0.8511063612008664,1.631273658603531,410.7178836810517,0.2890901766507872,0.00013872716796385027
26134,-0.40109457795915837,-6.691276437822171,1.753163687995973,2.318744284058311,437.8675906099746,1.7218251818506038,0.00013873006019007777
26135,-4.695366982374649,-5.94527948867128,0.24222169622526815,0.979599114511396,467.63341806866066,0.05515301722982269,0.00013873629943217218
26136,-1.4224302313550794,-7.053817328159077,1.5146037769334912,8.933482990101348,747.7201884613546,0.27755345132889175,0.00013874118126369425
26137,-8.647391231670756,-9.2074862556852,1.446785114771405,1.4487806594371284,331.4076874115294,0.4666677522104834,0.00013874531721092315
26138,-2.777864094913963,-5.951118106096268,3.833180708876587,1.7658320982669506,417.80787943450446,0.056423903562362376,0.00013876873968934948
26139,-1.8247433274205793,-8.651239118030443,0.42590440166560123,0.8488080044043604,131.1939365957966,0.19260072358849545,0.00013877167520314493
26140,-0.7707614685616058,-11.788270199501225,4.231641292668344,0.945760215024873,263.8773344832323,1.7417448362556431,0.00013877634026153118
26141,-1.3350331764611667,-7.713023808101157,0.8866184197793675,2.4376658930495907,447.8195528007956,1.392395704553298,0.0001387781557445908
26142,-2.0252853641741018,-10.31890280562565,4.388467908798323,0.8696526541327968,406.0443394591083,0.6921814062641136,0.00013878266573971935
26143,-0.48566352483285513,-6.89310691008076,3.2441431326100085,1.7213760270727885,447.16434829350095,0.9381734185540846,0.00013879408530900937
26144,-2.594175445752029,-6.176872137170398,3.0475210386130875,0.8906127142045598,180.71070159526195,0.07619242290470574,0.00013879481234153128
26145,-0.9852965563697609,-6.643111467417521,1.7827304901547696,2.5130344085214116,430.74007218042107,0.3071643635033938,0.0001387968463495012
26146,-1.165851650839132,-11.376308471885615,4.252866296973302,1.0465414766577141,148.71796676176177,0.39516858947986844,0.00013879764715082348
26147,-0.7370592756626717,-6.346131681307734,2.080377931921176,1.8761322347482372,468.0096860687053,0.1446545311137326,0.00013880088195523208
26148,-3.2828670374762563,-6.613405427892945,0.15144167719100027,1.8089455066085949,440.21427212727457,0.30353000314948364,0.00013880175691861974
26149,-0.4994328532323582,-10.55038989793734,0.048193237682239,0.7611366017565746,203.32795801332765,0.5795551910322319,0.00013881292182842648
26150,-1.352176130391955,-6.155592688214213,2.1496450851175912,2.0314232329242294,200.43926220563645,0.28637119219427287,0.00013882475626491233
26151,-0.258885228341283,-6.567056701238311,1.9125513301408663,1.8093146344118327,431.9911691620115,0.09323902746123647,0.00013883133670515346
26152,-0.9411543494763581,-7.509917977223798,3.75595018380803,0.8354212158118636,243.2724500287902,0.47567255696516586,0.00013883398838990873
26153,-0.17704602152383764,-8.519806741380133,0.5240439335267059,1.255841342597804,201.00671318616597,0.12484864013933983,0.00013883927673488894
26154,-0.2909800175674988,-5.847335960000125,2.40268198675143,1.5090884708033627,348.2414304451042,0.2992931466798039,0.00013884316935627232
26155,-1.1020716761985714,-12.890336594253442,4.220398779240644,1.2349554717964253,304.9672848649533,1.5018735762135202,0.00013885476082518724
26156,-1.610390284989931,-6.6983242780404115,1.84137084828449,1.4644428498515758,333.3234648043805,1.3631019846162014,0.00013886679257840796
26157,-1.4999179445934931,-6.066600355496706,2.220806045884828,1.629931125922592,377.5292798194589,0.017455395642987703,0.0001388693467602383
26158,-0.1707911319686346,-6.068025799451752,2.223052839186612,1.893191908177025,468.9903502931998,0.17784259778699862,0.00013887613235465842
26159,-1.8264201694968953,-6.595310796688317,1.9334165041431899,0.8559339189714901,467.58833764715973,0.4304690037562855,0.0001388787924806541
26160,-1.5515178924654354,-6.066435302793121,2.216151167266069,0.5303667087189425,151.3771072394175,0.9878313879249321,0.0001388823004448322
26161,-2.5611359059330727,-5.965590502954983,2.202344255146729,0.9674906960714995,469.7418876429948,0.05218653953924335,0.00013889099192550858
26162,-2.105088051928239,-5.953309748236525,2.335441416743004,1.536460852956147,347.40658086104366,0.5625750647162429,0.0001389010341903465
26163,-0.9659692571927128,-6.481424456823923,2.7376224975194656,1.7601819951828845,372.6465554386366,1.3744646005073653,0.0001389015450936358
26164,-1.3352582290067954,-5.8748158297439,2.4242070424543725,0.7832299685894345,467.79551263567123,0.27371867860502075,0.0001389211142126617
26165,-9.332104223780092,-6.9709161924197325,5.097203135729701,1.7683381789486585,467.6368574665102,0.4704221489651177,0.00013894634653178055
26166,-0.6971687874155386,-6.501808756927575,2.0155871006908406,1.835857681132781,439.2808851333397,0.25169747183020963,0.00013895553279780995
26167,-4.14064433978376,-5.3090288236054946,0.7390923114908761,1.3259060288643008,315.2195572119091,0.5332996186752466,0.00013895938929079117
26168,-2.356738954240164,-9.109648849600084,0.29431643026917853,0.8695776535349079,203.1469419796352,1.1166231183439352,0.00013896200399287446
26169,-2.978100769706023,-5.240057925369319,3.389906868841577,1.577703295058522,468.80663007681653,0.4581299238420753,0.00013897329413427496
26170,-1.4272446034421034,-6.964652526853142,1.303065583964868,1.923764604448346,384.64788716843844,0.8899847144333162,0.00013897649228011488
26171,-0.11525988836227441,-7.311479827739316,1.1748655259425282,1.0801293752621657,279.67985905022965,1.6444633895010101,0.0001389791261892346
26172,-8.325787235730857,-9.948550619081267,1.1763818816275193,1.1651503778323402,467.37160122315726,0.22553769571113325,0.0001389853902569389
26173,-1.3810161007143158,-5.873684989820892,2.418134811757933,1.3066021982216083,279.96850851567655,0.9874823262987347,0.00013900332243653625
26174,-0.3207629378031509,-10.772993189577932,4.298574675499967,1.2506077797040784,312.9123404543745,0.5277452147574602,0.0001390172294199093
26175,-4.109174715225647,-10.65374323648312,5.081477610182411,1.1000373623421298,467.37817026919146,0.09990607692280751,0.00013902165025729633
26176,-0.5329703076882559,-8.35843429227684,0.596903205936917,1.0694597313403245,468.3195774098918,0.5056124905273247,0.0001390220989426147
26177,-4.973606470529562,-11.084970858192333,4.946352209757261,0.9673131029541142,270.22476145954926,1.4439103572136132,0.00013902449690704783
26178,-1.7605886036267133,-6.0771915291192915,2.6333493471222513,0.8074107063859802,181.54331056842295,0.18806014067459031,0.0001390324592493697
26179,-1.1790194741583644,-11.03222798746794,4.275757649204173,1.8697190572119091,467.70054495307363,0.30983960436868774,0.00013905913461081913
26180,-1.0401622492493736,-6.076514265391896,2.2435752420174353,1.7984112833590997,429.607613914688,0.6744889265047727,0.0001390649828621709
26181,-2.072644563130943,-10.37453402058076,4.380855041435693,0.9815612249276313,258.16623874038316,0.6888061398274434,0.00013907080803839066
26182,-1.3746663950074627,-8.458316762038649,4.329502947565319,0.9280968785488076,241.41947923053382,1.0988085737508912,0.00013907279941730854
26183,-1.2740929191737784,-7.967635009575191,0.7727524954849743,1.8255548622819988,387.31765555578926,0.7357646248833483,0.0001390788079495925
26184,-2.1920551330418947,-6.1935283423662275,2.3764424196488756,1.0341553911943016,281.37892625657776,1.4966977271632116,0.00013908523610320955
26185,-1.02256982399736,-9.151051522898562,4.420745752461721,1.0940624627582252,237.16008024586242,0.02847308432648621,0.00013909122265855608
26186,-1.4344838054946365,-6.101474983511227,2.648506129999227,1.4961424490034931,467.53537643528006,0.4497969066704153,0.0001390956273746868
26187,-0.8041090697825819,-6.293844492109184,2.7556374253003706,1.3233953928917175,323.6988919442889,0.3064905440980654,0.00013909852548414653
26188,-0.5587091485197071,-6.794385701414777,1.667384794704177,1.140650337202162,292.150682908907,0.7078075793531751,0.0001391128697489759
26189,-0.3359554951357371,-8.379335238770949,4.275136831882328,0.9377298253925039,467.7039693348672,0.6703173345389271,0.0001391194074590094
26190,-1.6888433815251762,-6.419883436509482,2.862415564012719,1.6617596228079,390.2496083796462,0.6030770902984983,0.00013912199868710198
26191,-2.5910414990049695,-6.9756009814664885,4.278541017120809,0.7326994141805959,468.2051206083565,0.2980983140923943,0.0001391255733166866
26192,-0.9965229096427493,-6.655594988755748,1.954477114144409,1.133660624300333,227.36117308742678,0.4142827253286061,0.00013912767496013264
26193,-0.33754305340183244,-6.760187016421531,3.133793403611064,1.8131444449232432,457.63331797332086,0.6257435732868712,0.00013912830369306256
26194,-3.282383855199358,-6.461734113429453,0.21760425241049006,0.8637995254407139,186.10515026964174,0.5567583672495386,0.00013915791224540294
26195,-1.1234946171299818,-11.582022233027253,4.206878203952748,1.9857705754505839,403.1175026861579,1.8140982466643338,0.00013916505891194505
26196,-2.48677660803022,-5.980358662366402,2.314316095404456,1.4734700362222386,329.3360359388182,0.009287276850364456,0.00013921254902009463
26197,-3.353329426361295,-12.724121580900173,4.665120064588482,1.1147953661029475,292.53858880589263,0.8478934658065516,0.00013921634239487296
26198,-6.4481182192715965,-12.378224626100431,4.65564192917995,1.8485021994179873,385.44769156672936,1.5694314360162673,0.00013921685033223152
26199,-0.7698366362710747,-5.932847752224831,2.1853971634649496,1.4843835108775463,377.6162449785385,0.9354840540986826,0.00013922634683790713
26200,-1.9073168296187717,-6.154204375429377,2.273972821648671,1.6091895702605385,468.7025874360038,0.3261401718418746,0.0001392284957597503
26201,-7.325370790553334,-9.877515509890378,4.8641650335743245,4.80780619896979,611.4240550198989,0.5784228015318673,0.00013923436967507003
26202,-5.170601367655246,-11.40416981891994,4.870411405103197,1.6805074493446845,392.164883962713,0.18113647735022198,0.0001392445825473625
26203,-0.11665268622683733,-6.994792842339428,3.336764563648414,0.8725402157428244,233.2529746137772,0.43595952263747595,0.00013924515858011199
26204,-4.791724617353772,-5.521957345478612,5.011085554876805,0.8071964044892942,181.79266490324736,0.22806475319005326,0.00013928129655381622
26205,-0.3204658765307311,-6.927748619079511,1.590422339043787,1.8410232716522885,467.48510059399814,0.8810561371244274,0.00013928368041840887
26206,-0.6253533610172717,-10.321563139858917,0.047308180897868396,1.4019007339029275,315.25218639710994,0.9967952582977384,0.00013928865691318658
26207,-0.17833777234546133,-6.092001594497381,2.521845880725366,1.573271019867734,370.20930354110465,0.5921927098361079,0.0001392950583071609
26208,-0.9932298049850559,-6.231486857644855,2.3736055891289647,8.029824134589285,361.20752072239685,0.2729651660852719,0.00013930776285053253
26209,-2.9220525962156003,-5.016905833824704,1.7203089391924797,0.7569948833169071,223.2226496610426,1.2312509707545098,0.0001393238531059591
26210,-1.8169445621256735,-5.910152431534565,2.4325661059226436,1.1279494850994027,289.1309614376606,1.2116471126667525,0.00013933238612880248
26211,-2.3261497532571305,-6.54633598253569,1.9011463092656293,0.8964998659786251,242.33611362327122,1.3918967837437117,0.00013933654787789244
26212,-3.853851795773525,-11.675889097183306,4.786529219433523,1.2059426464931158,467.37894783324424,0.27934414522030515,0.0001393384517369419
26213,-3.583864032942447,-5.6537635174944185,0.6198959043163023,1.5383048956793661,294.02340070759175,0.2018817229918488,0.00013934461373863206
26214,-1.754604256534254,-6.089272385766581,2.208946526491516,0.9700058520190112,306.61767590569053,0.592267468440757,0.00013935148630588205
26215,-0.6124435610226158,-6.110620282709651,2.645685118075104,2.422044878899142,443.5881873765164,0.30460750699987393,0.0001393547521099633
26216,-2.8145360947611184,-5.3316487482489805,1.4628699567057584,1.1230148104030158,291.6382427559562,1.8283645212634063,0.00013936059767081195
26217,-1.59153466529518,-7.209030506207774,3.5263201941763174,0.958388909118985,249.58362718292358,1.5223317554830516,0.00013936517431812655
26218,-0.06555712956252613,-6.90261876725791,3.282246276465567,0.6596478256050389,467.08646159624385,0.451939655896779,0.0001393757188615903
26219,-6.339975900696803,-10.930553531052134,4.956735891627824,1.7413719926059128,412.90981887250484,0.8554565361587487,0.00013938144808330364
26220,-1.8585180857298553,-9.327758623886453,4.417011237585262,1.36270643514003,327.1446538574889,1.1637901962901402,0.00013942042366044168
26221,-0.19063289874577904,-9.341986867249894,0.2016797564048429,0.8454713599697877,223.8397409336229,0.5799132173890023,0.0001394208837288013
26222,-8.44283144700458,-9.232871707703524,3.3329482906778662,11.425729181322582,804.6267325647782,0.31159224228543714,0.00013942437565889405
26223,-1.462301047749646,-10.25974909682267,4.389053682100622,1.1168669377156457,193.72613448251016,0.12344198493763692,0.00013944263388965202
26224,-1.3326081658236415,-9.76693818842834,0.13141349479131745,1.0078120129676795,467.9573869400371,0.37837474968715945,0.00013944312436778354
26225,-3.627618153934736,-5.74080998425096,4.95683348298803,1.7599423108462295,468.4140991436921,0.29505677853377943,0.0001394496247425316
26226,-2.485863816894856,-6.354260850166983,1.6108737974384661,1.2344994851696927,254.46317202936768,0.03802029457922451,0.00013945114788182125
26227,-0.6781857804750953,-10.832141270526611,4.28941619359327,1.6056245812407535,370.0809116070283,0.9141369594214668,0.00013946715616390066
26228,-0.5132966306999922,-8.624169980994619,0.464036476030787,1.2307858202414026,255.02636429628205,0.5376086526407766,0.00013946809479288176
26229,-0.539493488708132,-10.509874527557743,4.336879932189657,1.2280389088997299,467.8867377790362,0.6167884045563437,0.00013949623180161777
26230,-0.7245104809322775,-6.463820340319412,1.9923945633959665,1.1144203688168761,294.4694080070032,1.7556526421943461,0.0001395056270568124
26231,-0.6984184252936636,-7.141873761146292,1.292572220806501,1.7894092420823529,425.822406712448,0.3120409093442502,0.0001395075884240463
26232,-9.790974264280845,-6.402151038695929,1.6389613639948069,1.2664341016275642,279.8354956198205,0.6963136145601441,0.00013950870390097334
26233,-0.3062947377315801,-7.9221935508181485,4.062126333101648,4.5186222175034,493.46572320312237,0.0960971950338454,0.00013952489884411286
26234,-8.987675290924892,-8.152863138397532,0.7233223532677132,1.64322131518841,467.97710487547624,0.2712516708663797,0.0001395259379109075
26235,-0.8103563986718356,-11.326677275301556,0.00530511851997266,1.3542071738784394,182.0954377568019,0.13347925784778436,0.0001395262181803287
26236,-9.526507692284971,-5.771438859217005,1.2937410201216835,1.0166063616090437,220.7893390279214,0.2674060733343815,0.00013952901786455754
26237,-2.5692661037696745,-5.98887101551719,2.406040290000314,12.144682605750276,688.942192156708,0.11060121265480216,0.00013953539676897953
26238,-1.376301324013049,-6.100565751463444,2.2318372514868483,1.1153463737370073,468.0148987694556,0.8652099438908003,0.0001395368695308865
26239,-0.7554620636441598,-10.261062971259157,0.05934944371234761,1.0847578656129149,467.28078611752096,0.4386567775238541,0.00013955468735718223
26240,-0.008254228538833175,-6.555136687097726,1.7681970304039933,0.860438103753327,247.6912279697077,1.4402035952292502,0.00013955911883655386
26241,-0.30267292901396026,-7.939443546669639,0.7923558879004271,1.123293149062951,295.375756060984,0.6153683617952135,0.00013956177184403537
26242,-1.2231818518389996,-6.419183497149261,2.1068922291020797,0.6740773287259783,436.5888699562228,0.4106320878180094,0.0001395681821720205
26243,-4.559451815866542,-5.245622693173373,4.582638235365556,1.8376117559901568,248.2817716939288,0.04913911692346762,0.00013957070138751447
26244,-9.20380298621051,-8.053212681887121,3.7315426100207554,2.226930970554132,415.95774044247594,0.6861178843666993,0.00013963124897739535
26245,-7.97442845599611,-12.233196096366418,0.8602767921672608,0.5387332834591118,138.27473495867434,0.6326792444228753,0.000139646652451015
26246,-2.803663751929621,-5.281005059221025,1.8136357925286801,1.8644655811737667,469.5930069570677,0.00642563361347559,0.00013965091279264044
26247,-1.7601561524958598,-7.049459348400205,1.4412211268573218,2.3309883033085987,437.4120424342457,1.453496298961853,0.00013966844956051977
26248,-2.5617819413180456,-6.46746602819531,3.3438568563343685,5.369294997126912,638.9315136168635,0.41351077448308526,0.00013966955876246212
26249,-2.7895893440592987,-5.524011068828945,1.5215901656318631,0.895168670875143,192.0437201713507,0.06935435615066865,0.0001396726436350094
26250,-2.621101260898687,-5.945788992078622,0.8237148211232614,0.8199618389401047,161.66336393264714,0.07747537221652401,0.00013967508635346227
26251,-0.04553525000488712,-7.163781468161411,1.2133188360494103,1.0673885991720407,278.74700032411585,1.8345851174968129,0.00013968006945454605
26252,-0.9699975510729981,-8.131694382290128,0.7141213038217608,1.8903376137348844,468.0334432075022,0.40729275158329425,0.0001396803098856551
26253,-3.7678541572527102,-5.254568628652632,0.8239306124130937,0.9006655224527009,192.48350377594153,1.149470231029964,0.00013969900502214196
26254,-3.2111919287900657,-5.27414881721891,0.9154917075459068,1.1215842308644892,233.29117206194874,0.282400864575707,0.00013970080265467597
26255,-0.358492510618591,-6.683549897324153,2.9766468056649464,1.6164640193139646,341.6841173233592,0.5569429812434441,0.00013970352945179193
26256,-1.2382846542414256,-6.280254761286559,2.177632766294977,1.9608208882274176,387.011273569956,0.668410244882506,0.00013970422498876662
26257,-4.68455994250429,-5.639006951347525,5.132363351761598,1.8781705598447351,458.3891921453422,0.5537429811936061,0.0001397197878177882
26258,-2.3494900593572403,-8.354305621439792,4.472852704591985,1.8299773141892124,437.54103610079613,0.2872829272339388,0.00013973304200540245
26259,-1.513963436895052,-6.618959885480962,3.0063719213561315,4.030180788171261,570.224344822772,0.9136564272837866,0.00013973659781466472
26260,-1.7042524179925138,-7.801915224461276,3.9838715178924144,0.9809945961842081,272.35036772730643,1.9101191407185434,0.00013973943474124292
26261,-0.7689256474270589,-11.259412295956277,0.009244934372016629,0.9356384850873346,469.90257696455956,0.23052102730225865,0.00013976872819694726
26262,-1.2631744768367952,-6.155114864733079,2.4684723962431083,0.6893331116427033,146.16886341435293,0.27263051061945376,0.00013977732293882905
26263,-0.7135569640398138,-7.201313540111769,1.4008804330926352,0.7151650712357746,468.6975871249406,0.35673984624682653,0.00013978077009621273
26264,-2.8974284265865613,-5.929827170435921,0.6735824002439115,16.76404023139991,538.8477832023398,0.11379892980929274,0.00013980057719946448
26265,-2.886072582137934,-5.155082607300617,1.829706971817486,0.661715472791416,467.39353799287113,0.46236252261999233,0.00013980113173149463
26266,-1.8669964813027011,-7.742559568821285,0.9240226717969258,1.1555127652635429,468.7755395295193,0.39387564107190265,0.00013980347610295364
26267,-1.0918845624426972,-7.269668587230534,3.567883643963409,1.1941111821486476,301.77708847059307,1.4478819808755086,0.00013981748767381258
26268,-7.4801329750054055,-9.453015363673998,5.038372524025268,2.498145711243117,458.1767210976285,2.594871921288526,0.00013981812289034988
26269,-0.03331671345035048,-7.94943341926469,0.7530794481315494,0.5702678902964402,133.57020124325635,0.8758174882359357,0.00013983141952446547
26270,-0.8535572708947612,-10.707728656577936,4.297847285964786,1.338399452031964,311.8942538267527,0.3459573981602997,0.0001398317242667144
26271,-0.12596147030102323,-11.760734021835583,4.223523693701244,1.054737508080167,198.23833317989073,0.086629691396924,0.00013983747607351917
26272,-1.960518506297836,-6.1697788744365285,2.47479174841514,0.9606166041995851,191.67207715342388,0.7855889474705471,0.0001398396453405867
26273,-2.387475366431464,-9.208787366495793,0.27246652407366845,1.8652565347009666,447.18259363333283,0.5357032782322504,0.00013984964173822478
26274,-4.470808780492888,-5.648196927458226,5.061688667414688,0.7966683788512777,347.29579413627255,0.36879698905177616,0.00013985840554680786
26275,-0.034503627373979384,-8.974920451992425,4.406467916672828,1.164024080891696,466.5682743862414,0.27102796896963177,0.00013988073504419464
26276,-0.5377204300239384,-9.117554495222272,4.413657228169015,1.7254124203727297,431.33034639725065,0.6618207545355208,0.0001398948665157164
26277,-3.3211617078085576,-5.170743944488965,0.9293145502630129,1.6073866041800833,378.35678166084824,0.4670944291360657,0.00013989608611835185
26278,-0.5226010874403606,-12.113735996848293,4.236143089940256,1.1551341288117816,245.74178011495118,0.9791606630661382,0.0001399069283622743
26279,-1.3032523760504464,-7.522923016375397,3.7242894850314077,1.673923202590328,392.70592913552764,0.32713972918285084,0.00013991977691565143
26280,-2.622858001545426,-5.71409062370667,2.615104559948632,1.6871154035527343,420.6504883322009,0.806067277453896,0.00013992001244568495
26281,-2.4574400350256624,-8.274019029027361,0.3440213783307964,15.749268949959367,631.1534701279255,0.015006844794679175,0.00013992441487307986
26282,-9.871887530232646,-6.656422509185062,4.473610679684428,1.7522964773228553,375.7546356279692,1.9695410732473535,0.00013993751874488933
26283,-0.24206971736880867,-6.846415450666059,3.20866236211945,0.9224958025518909,211.52380645275755,0.27343639211289616,0.0001399394375936295
26284,-1.8369361934575341,-10.895384278315785,0.027680989409640182,0.7920175940817513,163.17771041463968,1.0304214957398097,0.0001399401066779028
26285,-1.7182833705196483,-7.972699165662658,4.088120120623712,1.8849034357603685,455.57518196501735,0.19650853778805466,0.00013995315736916415
26286,-0.08315059896129817,-6.434836880497392,2.615479609572081,1.0793537379348321,466.9881810971818,0.7918212786698531,0.0001399547500633665
26287,-0.10882971278910603,-10.339428033994988,0.07265703721182547,5.2001526765249,633.0107290787582,0.6206555363411956,0.00013997070172261266
26288,-0.186321046806194,-7.985731742431508,0.7662339787862573,1.1548709058245943,263.23331618010855,0.41948066085913016,0.0001399709694777255
26289,-0.5092434574926052,-7.686164465476649,0.940770596416933,3.409938517925613,460.3082894388501,0.14268920885998693,0.00013998284608934862
26290,-4.924734234466075,-11.889793705466401,4.772781426209697,1.111211089169744,227.48222743727825,0.37444679866677344,0.00013998379213352578
26291,-3.623705352395387,-5.466616344593418,4.538013707512229,1.6197733322341237,379.84229092084513,0.3440153084455746,0.00013998834140186326
26292,-4.217313015452504,-6.0562537839207,0.35577338249782525,1.0424230758916817,467.69070187587624,0.11098729620461523,0.00014000155280747298
26293,-0.658756206995518,-6.677120825028497,1.7463140226811245,1.1016362669768838,466.2499161857405,0.08500279267677602,0.00014000615015212815
26294,-0.8777184433770806,-7.434779771043074,3.693541234297447,0.8753734439689084,174.89344459663897,0.028182818275030108,0.00014000941643051994
26295,-0.7676796649289326,-6.13946188246151,2.361038480986439,0.7717072360002054,172.66860196240722,0.3025322166607518,0.0001400145077505967
26296,-7.813142261273764,-11.535375136629662,3.2580807400239395,1.324183916884515,282.1219691183071,0.8938792304267507,0.0001400236763178266
26297,-0.13993797595904311,-10.346015800799128,4.371203156399817,1.4880605683119699,337.47707688600485,0.6939930325980948,0.0001400247370542161
26298,-2.2584891329413903,-5.912180562958859,2.390101499797432,1.1407403002593288,246.91178019935148,0.2164796331580705,0.00014002705425424802
26299,-4.873287750197274,-5.488969946731783,0.3065831158124828,3.8233739183421753,551.9167561703325,0.6511359948834379,0.00014004000485012705
26300,-1.7456581780872718,-12.046440056731376,4.2136308105568565,1.0110653805292191,262.87668625884584,1.6724275590803082,0.00014004349883638164
26301,-9.977366139736308,-6.671321704264945,1.8392765624251908,1.6875209628231043,343.798413749965,0.4651811582560681,0.00014006572521037765
26302,-7.956848740136113,-6.869345836551878,0.08066923202334433,1.8299381118845275,438.706835946337,0.368964909580618,0.00014007747255397957
26303,-2.569610615582384,-6.5836738193554645,3.5344151323044226,1.030500257077136,277.55509526659597,0.8425293889350414,0.00014008895294295333
26304,-2.396429106071282,-8.825834213540158,4.881123948418082,1.2558031522553936,300.9265244821949,0.41860656601155366,0.00014011938145884963
26305,-2.535577238881488,-5.946774489955348,2.4202611787097528,1.0512708765792387,273.4057251261859,1.551888081858503,0.00014013471904373453
26306,-2.2916118937192573,-7.532475889122552,3.7565409491529405,1.7909169981872177,427.0730329934206,0.0704923933718744,0.00014014714494572822
26307,-1.5969432996363544,-11.087872502963451,4.261921703474573,1.5970708267002858,333.5184621143789,0.6560617359134513,0.00014015849060458726
26308,-0.48362183321140684,-7.025858456476988,3.3469557466391717,1.1778207220233463,241.08757693842182,0.33714205073288195,0.00014016390802757767
26309,-2.1582632803871693,-11.488289211395454,0.005356634122482041,1.524256552139703,346.41473020978805,0.16041270547038522,0.0001401702561915688
26310,-0.9906752867417747,-7.67535496443573,3.8882160067168776,3.296996725296168,326.0934708064065,0.1067056897717471,0.0001401721507947446
26311,-2.177878410728594,-11.721252360200937,0.0004281183353859964,1.6776028602113475,468.73506128273556,0.11642639354517748,0.00014017942711924095
26312,-0.7570639767500484,-6.443851885236425,2.1135438925866503,1.7666742979345746,241.2425464084275,0.03968354532968732,0.0001401897376539311
26313,-3.154890282360534,-5.109877844655047,1.1024518731444466,1.1217860771958268,289.3905957381752,1.2460414819406003,0.00014019637501426865
26314,-2.1275856024100612,-6.897447333596085,3.177129505446352,1.0389386936014526,280.54872167173545,0.8862109981561481,0.00014021049310744159
26315,-0.35796399057684525,-9.902461238150046,0.11253058477018293,1.0608517328778653,269.85744846800674,1.1822345715941696,0.00014021778936648316
26316,-1.854184874543101,-6.185154528266637,2.1490164732850303,0.9473101434796616,467.73401966813805,0.5436893154889173,0.00014022499755654615
26317,-2.2034307533427624,-8.777662371764105,0.3182926423041297,1.3820201458578736,299.95514993694485,0.04909483622498101,0.0001402544769598873
26318,-0.6839447725648125,-11.598368129232075,0.0034044418718711207,1.4612182412429293,328.1585905718797,0.8256269587314478,0.00014026160479293636
26319,-2.8661029903569215,-5.245942248235877,1.5988988742039925,0.8576170023486414,236.9618572253863,0.40846150975530815,0.00014027390927159587
26320,-1.8024305449402362,-10.842771603103039,0.03417997451826634,0.8950572007810682,223.728873243632,1.0247275322772689,0.00014027433747598676
26321,-2.4683418682021108,-6.310337566807136,2.6419798288809875,1.1708124383851115,467.3668301698461,0.3165694023632213,0.00014027964081575613
26322,-2.4314266096836787,-7.175951342832998,0.5254778622461094,1.0922036577692271,170.44689289214236,0.17106780859383708,0.0001402799918788896
26323,-0.4580818550768271,-11.929272345506313,4.217657216904289,1.3283095902087367,294.35701434173177,0.23591644098146514,0.00014028024605858348
26324,-2.0817652187534694,-6.527940165372749,2.0200286695627643,1.871930483786231,468.62608795480946,0.5593828116047961,0.00014029001667960957
26325,-1.9756459494326357,-6.707129657426479,2.9824892371580956,1.405235634118694,307.8813212670864,0.7392711002802246,0.00014029809296135331
26326,-2.019974874301747,-6.475018843077686,2.826063709180108,0.7026540081300804,249.2284758672136,0.4021771868196957,0.00014030613617062096
26327,-2.024582472378653,-6.473068027019434,2.7288448221404327,3.723327581369881,290.32412488272786,0.21347890539310743,0.00014030818817358363
26328,-0.09377379581288281,-7.359830372423533,1.1108358947662225,0.7416003899829156,467.9631809102138,0.3080325058174527,0.0001403084317062244
26329,-0.19430390858362223,-9.374139183617162,4.408477816233819,1.5696728406433995,359.8965344500219,0.7125276678950838,0.00014031355664156076
26330,-2.155895582290875,-10.392517824073098,4.329711313468354,1.1115821160872295,286.1781808736839,1.0183616613367645,0.00014031531796508039
26331,-3.2128060343726315,-11.436541510845288,4.879393277573945,1.1492208876236616,243.21542417080897,0.09512590717013047,0.00014031796236643344
26332,-0.12922456161804874,-7.577705354739097,0.9844511358422304,0.9244055103972716,218.9677709224676,0.409358275426988,0.00014032722375613676
26333,-1.402395829251958,-8.16254644828236,0.696094017965154,4.094528106385467,570.9588882705539,0.6930694092005405,0.00014033099771882876
26334,-0.47076601979649446,-6.593748229050746,1.8725150535908532,1.7292617681087878,163.79956474174298,0.32518114268620213,0.0001403481859130057
26335,-0.3425508673472617,-11.07313896575661,4.2512788106925266,4.831085192571542,553.2857087549366,0.150198953197207,0.00014035785632165798
26336,-2.513478610076728,-6.181297222624605,2.5325230672514816,0.9838781511349746,268.1047669992031,1.2757933669686778,0.00014036692946893645
26337,-0.08967132621903318,-7.293927247563268,3.579280350741208,0.6860741942031198,202.26825389811825,1.1518043954984387,0.0001403715034390558
26338,-3.2697526811034274,-6.497071334010519,0.23433076092236763,3.3898530831229676,506.4720066472529,0.28791092030075216,0.00014037303381730308
26339,-9.174584307481101,-6.699087363825235,0.6050647109292874,0.7883835351774665,232.37779652629195,0.21898998120919355,0.0001403783613556545
26340,-0.7039785343540252,-6.504147575003903,2.01308877262537,1.0198752929980452,255.37556857955832,0.9596833228503803,0.0001403987048381136
26341,-0.23736549309760946,-10.336586980761108,0.07146035477121768,1.1349534799502707,268.8705211092591,0.9322669265457817,0.0001404107203468684
26342,-0.1991374480597905,-6.0926107240990435,2.4492889609096986,0.9241373345488932,236.21511344235606,1.3807459441919478,0.00014042153216066962
26343,-0.33204543210058013,-6.665676396210819,2.9461848615010524,0.5893034024768768,133.59608209882214,0.04901259400421498,0.00014042478199354923
26344,-0.019556225254897086,-7.97657854029672,0.7681903623402458,1.4971852493327067,226.8522163949304,0.4098693336256334,0.00014042596791658272
26345,-0.5573545131959392,-6.1288317488451485,2.3446839720596238,1.975360654395062,400.8544259203166,1.6406557871590666,0.0001404319590883275
26346,-4.570095022008194,-5.876641175348201,0.2945382569908979,1.8497861991739655,466.02066802089234,0.5057100208497056,0.00014044988533102915
26347,-2.112521191827925,-8.88863595736139,0.33201880296135183,1.6006807681075694,446.1198969789567,0.8912761085316108,0.00014045411577780242
26348,-0.5099120070197216,-11.614762930117797,0.004413907407873043,1.634318646920993,297.84419318324774,0.10843271197168924,0.0001404596305548322
26349,-0.16715091941505733,-6.6992415008959965,2.972554039776714,1.1198496107078622,272.30415068922906,0.14050040219402948,0.00014045977591421158
26350,-2.5370523251903068,-7.468918820614068,4.7190735118241856,0.5926051645602487,124.40033297643392,0.12638306716696768,0.00014046645444970652
26351,-2.0404511258932354,-6.0727685858082285,2.5096492871101987,1.084886263453311,288.83869817937256,1.1578782966480015,0.00014047365248594885
26352,-0.5794544994917032,-10.35145561648906,0.05721834769065291,2.0975331810327824,379.77820818422043,0.20458768646602987,0.00014048230935432
26353,-1.95665392894918,-10.22755011463758,4.383683540016809,0.9882792648269673,257.0811306192169,1.6365281395758817,0.00014048922391875644
26354,-2.0288975186744898,-5.871854124230333,2.187524622743887,1.097502353369384,283.2411267020213,1.7097720007547448,0.00014049372125261086
26355,-1.9112026747588935,-6.05777015506281,2.3285792662296405,1.0946741658968295,265.4335684600155,0.12168910248581444,0.00014049891547997457
26356,-1.5753666122963068,-6.187816111797654,2.661624148445714,0.8654959444169025,467.47527880282615,0.6510247339053565,0.00014051307219580949
26357,-1.8519863127899363,-7.184206536455203,1.200611617945722,1.570376786925836,468.75477013950706,0.8451471851689201,0.00014052299430111347
26358,-0.5577949466268457,-11.473731780974846,0.00826740754675684,1.1615334237442216,468.15994734009007,0.30168844434959663,0.00014053634089503567
26359,-2.455087214932796,-7.012350147297364,3.510339929504581,1.7527409165037207,376.22786629639904,2.0826117090837304,0.000140542171834956
26360,-1.5505829930548458,-6.150941882530065,2.2265110871457505,1.3792460033221046,297.96907917193136,0.809341083216264,0.00014054539946508197
26361,-1.1794258500772195,-12.22556732903277,4.22155043740356,1.0918765858218378,189.4292799446496,0.13059558502842084,0.0001405732626481893
26362,-2.1629140940938063,-8.294775752205496,4.240725770973881,1.2849088590161486,307.15289249799696,1.3923653999470753,0.00014058152588407552
26363,-0.5334180126689585,-6.73004005916083,1.7769123258781754,1.0737439468156509,137.05861886485204,0.2831449342424479,0.00014058176705690522
26364,-2.863042288303972,-5.311285731362609,3.1397738390752585,2.7893492845003856,481.31157996950594,1.448357105443157,0.000140597841162188
26365,-0.5981795590466774,-8.351885435920876,0.5714026725583864,1.7007909877944416,468.5509089150696,0.5799464079508807,0.0001406202225909459
26366,-1.6601457295269757,-10.69890010528849,4.292058891532293,5.0031784229096266,236.68146524956356,0.3424537878078251,0.00014063105220535023
26367,-0.1016399247211659,-7.8285676348358555,3.9886542225342665,0.8039917994585777,469.183357947801,0.051747042032372015,0.00014063892898954613
26368,-1.0864825069758162,-8.752125761844486,4.35787355412323,1.6378885338942135,380.878343495953,0.7300117211343276,0.000140648384645477
26369,-2.640123734632703,-5.584269646411996,2.2099010919904374,1.9718136504043295,288.55334449403597,0.001674324827334317,0.00014065474273578985
26370,-3.5773336253156867,-5.76086716343629,4.968101993181955,1.1732375119000713,259.6239321003124,0.01643983154566797,0.00014065590426842365
26371,-1.3112214289429165,-10.782432527435912,0.04243061595659485,0.9938619052720633,194.00687171864485,0.10709155919540425,0.0001406613776134167
26372,-0.6374517980620933,-6.463255193127044,2.1345899548261436,2.070214544873328,412.738142698709,1.7965945709711786,0.0001406762392819583
26373,-6.511458901965227,-11.51159931065489,4.751037630493329,1.6859140005491655,361.49746374104166,1.0664700246130199,0.0001406894224267495
26374,-3.8722045577602984,-10.860396974003123,4.993920297922457,0.5985531511012198,144.63222281471707,0.4808447408682355,0.0001406917879207453
26375,-3.0534438209052093,-6.323414914510678,0.4307458670348923,1.0285907749134022,281.1978815958356,1.2407678674460785,0.00014069426693345995
26376,-0.020084014971924802,-7.000050586035062,3.315871781009783,2.1797576458832086,409.068732883762,0.6788051713946279,0.00014069807289693512
26377,-1.3886737700198015,-10.986110747532717,0.028417124252079953,2.5406142435462136,456.2818201859788,1.2325943540035214,0.00014070203869522718
26378,-2.2323770420154823,-6.453172145995135,2.798301127211085,0.8683959469926597,468.1825066193067,0.5599833662810516,0.00014071028015365033
26379,-1.8730418855243869,-6.445061506613124,2.7915690556151835,1.2352158861930418,281.0977608728948,0.10984906477640788,0.00014071492217632348
26380,-0.7479311108570244,-6.844323801021172,3.1961978738791705,0.8436610679229294,467.5853349171228,0.23606112105032917,0.00014072317932427292
26381,-1.9862048722307328,-7.243918872832042,1.1887775268626128,1.107853312128305,288.49842180280876,1.2599888717605099,0.00014072552730803894
26382,-1.806973383760301,-8.734654307163783,4.392751608938597,0.870580108378242,464.0997310580094,0.9173940249122436,0.00014075735118617683
26383,-1.9582966370168435,-6.654124489884801,1.8822454079182827,0.920832226075058,434.12597501815503,0.5071071455071214,0.00014076761715942358
26384,-2.889298314028772,-6.185933350885046,0.5020949098384713,1.8487661864142217,469.731677780046,0.11374973723747672,0.00014077439496197627
26385,-2.020565628890659,-10.888181434735984,4.27353237145584,0.9641074979927853,259.3231420933881,0.7781612729399425,0.00014077660791649734
26386,-1.8507186571832968,-7.037570225306946,1.3194460878637877,1.1809509073580917,467.7489398507204,0.09803497002234085,0.00014077788421096746
26387,-1.5211912716374307,-7.543002217496597,1.076036236193102,2.936634549480774,492.6193063335615,1.2782032319475922,0.00014078125872623893
26388,-0.2521537060550738,-11.357935392863055,0.013326667187142285,1.689818413460324,468.05540033808194,0.30902081464953923,0.00014078611086010837
26389,-4.762674024104508,-5.125491394522731,0.5259423161389429,0.997740519489552,135.69797434702943,0.2829190977166851,0.00014078954711041787
26390,-0.11307991725762179,-6.712832958867719,1.9480891437218162,2.5397494504973883,461.8640333147391,2.4771275368043426,0.0001407957817128077
26391,-4.9513312034364585,-5.899443536376153,0.10707733432433628,1.7745936685319137,468.14491711693245,0.2459974182963114,0.00014080359433152822
26392,-1.6777561810618131,-9.564500257101372,4.365414626781821,1.8608807448611149,445.8203333428055,0.5346804543789903,0.00014080912253723523
26393,-1.0862879159616803,-6.712512631813795,1.9515125533499966,1.084468518297876,467.85078775411705,0.5951953881208008,0.00014081232948708996
26394,-2.4215456562910536,-6.30240774314309,2.618390466742322,1.1309596538383933,289.23941771941054,0.8213402258801112,0.00014082652824851674
26395,-9.439817000096639,-5.115031613570083,5.184582519489268,1.776602002710323,196.0117177184546,0.4643383421478644,0.0001408332387499677
26396,-0.10448267601329064,-7.738926647656313,3.914932840682517,1.115024354312024,291.28205820828174,0.76563498850635,0.0001408395990195519
26397,-2.308446473414411,-6.266602363136849,2.1561178230520732,0.7782276025236369,209.87310951108682,0.36210254794377583,0.00014084670273535737
26398,-0.6544358160072079,-7.082487953223873,1.4546010633961268,2.186598379456276,419.66825175556716,1.1275990003237935,0.00014085276597129563
26399,-1.5440374446376772,-6.2905855233365235,2.278604527001571,0.9838262293780989,468.38133850093743,0.06530706052480628,0.00014085596863415274
26400,-0.91266656323916,-6.96790086363371,1.5721944445994873,0.9175098931786967,467.76643791315274,0.7784809857363557,0.0001408691416634991
26401,-0.795648523217773,-11.272194198817589,0.01688473270353219,1.0276558556224107,467.24848803765354,0.10134420326505555,0.00014087230516490176
26402,-0.46462499252648115,-9.765893929018112,0.14734371980369707,1.0312929440702872,280.1656553322058,0.714512839500272,0.00014087575530124749
26403,-0.025815775685288145,-7.833703887795064,3.9512248547732916,1.1643855738474291,238.95342969293293,0.4126327201761777,0.00014088048442122372
26404,-0.663661592065008,-8.517594775317635,4.332707115772692,0.8179616322049533,168.03341213213693,0.04636384472131816,0.0001409094511996499
26405,-7.3832089122296445,-11.893394716837735,3.9945982268149254,1.9676017241083843,398.9786124899357,0.4374392245437546,0.00014093579032469798
26406,-1.1818093349392331,-6.378021924625408,2.693638806037527,0.8702623667717556,412.87987004579605,0.9559571305927088,0.000140940150191917
26407,-6.421414189075614,-12.101159832950268,4.686292456222498,1.0258204345445976,280.7337937270379,0.9926943595093976,0.00014096105866235576
26408,-1.434208812430036,-10.576571781789342,0.06528864569387653,1.2509418831949923,298.2349622692322,0.3743525222415416,0.00014096306988852997
26409,-5.834338588685125,-11.953116636768021,4.777629770266978,1.6187060655366088,309.14079416496685,0.23617356050436378,0.00014097005812835394
26410,-0.5318200642070359,-7.884162293314354,4.01038031470122,0.494383862378997,120.82118319847604,0.6792206095738944,0.00014098146022966513
26411,-9.671243137771254,-7.696612964045577,3.415364063639609,1.0538111291284098,276.00947672355,1.7320414288777384,0.00014098165267087398
26412,-0.22878887807813975,-7.381287537329369,1.128787055242978,1.1811972137867355,218.90231073243322,0.06285651803414272,0.0001409868204248946
26413,-2.8381202817740405,-5.079611988690989,2.581591256173656,1.8172850478220977,433.4395575411352,0.29488424853375417,0.000141005730241517
26414,-6.258451717475946,-10.410905031780041,5.190494575241142,1.3084634538222581,306.57857470288565,0.16931444202602908,0.0001410189415568681
26415,-1.4764356295794219,-6.89068998331437,1.5516187555435663,1.7482506448982216,374.4925318111337,1.6875392613882916,0.00014105777442763664
26416,-1.8297294438986214,-10.71772165919203,4.286757068266809,0.7878364773978458,158.37736095724293,0.15245491772665964,0.0001410582329362908
26417,-2.5888759222311553,-6.094581204000616,0.8303902805361275,1.1652317770021472,298.7612195458719,1.7952480430918083,0.00014106952072134404
26418,-3.351236728700668,-5.580114320059831,0.7678761952617399,1.1126608521092765,468.3656248790173,0.7515483295469556,0.0001410973873214948
26419,-8.82003101600984,-8.0149952277762,4.640024757450129,1.0373652237711997,193.36908277764527,0.10371990285816057,0.00014110802179146274
26420,-2.1346886611918903,-6.722184163111802,1.799557485537751,1.0801648162226738,276.6117496975387,1.2628869320952694,0.00014110867541910186
26421,-2.9244293710582,-5.1484324895977185,1.0679140251988468,0.9078132981420527,232.45464474780846,0.8836963992503941,0.00014114475895973808
26422,-9.916240966114108,-7.556249835684492,2.977245568802431,1.2279226428232344,256.49011729803254,0.3588657171397944,0.0001411471863969558
26423,-1.1181884742982913,-9.86922285598072,0.09546418825930227,1.9294285115784435,394.15512808397733,1.1022125131303762,0.00014115810532077018
26424,-2.817769331752303,-5.256562171996767,2.3048324446336688,1.085609917967124,468.03011624982634,0.8335108880059767,0.00014115948836579105
26425,-0.4578938341950973,-7.573454214071631,1.0240475042019757,1.6907509704368968,467.8694650814035,0.6058403047860672,0.00014116301698201825
26426,-1.1082074006956564,-10.147068698651598,4.346160766965721,0.878437021014749,179.73324343188995,0.9120341362043982,0.0001411694203536143
26427,-0.16167567970148866,-7.196111360123543,1.218158155635976,1.1346558619166758,468.39464175668843,0.584555627634221,0.0001411766816291999
26428,-1.998064778769903,-11.642664517904471,0.008872167632498628,1.8932097897362095,456.01448829218566,0.5199428694377604,0.0001411783013897094
26429,-0.8417047636155566,-6.5439009742148615,2.144553100506487,1.702465992633045,468.3362584470879,0.7953218920042984,0.00014118408372278615
26430,-4.706307334298774,-5.121880866603064,4.51227500708078,1.072344083849849,280.9120824766632,1.2902432961517425,0.00014119918356664873
26431,-0.8098207155070405,-11.45274692967105,0.013730035894634306,1.891094482929143,469.625415062178,0.007424050737133037,0.00014121896186699214
26432,-1.0971900246608826,-7.095424867258871,1.4413856950075399,3.3736679455047955,528.3816303632246,1.4595894003355285,0.00014122248453057697
26433,-1.7933812286569832,-9.65353031852435,0.18820194140954016,0.7433867099088374,466.80920190815283,0.5188774026035938,0.00014122923929537696
26434,-9.212277917460455,-7.735493998869395,0.9564448938588036,0.8595168392985649,182.01106510291982,1.005756389900827,0.00014123558912995638
26435,-2.723462944417162,-6.2357256856000625,3.7581771373789223,1.100699404930117,262.3889482200264,1.3978214531834823,0.00014125097426473916
26436,-0.417975843328545,-12.034254159731749,4.222419204713774,0.7566594936872357,200.88272127481656,0.2643059708494917,0.00014125296260030306
26437,-1.4791053711939437,-8.487447918521479,4.317313948391358,1.1042802240809482,285.29047225879896,1.597894393193183,0.0001412541375010682
26438,-1.003874729243817,-11.49028956322233,4.203320271372936,1.0599874379111274,275.522865200083,1.7787385568896106,0.00014125591693787154
26439,-0.8604391799469049,-8.011874454169202,0.7625080044682919,1.218798451545042,304.6210048967233,1.4106395552206372,0.00014130132937472038
26440,-1.5464993786416468,-12.985011571526869,4.187814443170528,1.794854354166937,426.08407626112705,0.5133298810837923,0.0001413055118293964
26441,-3.3779875786913625,-5.6505901897183595,4.713370207389131,1.6893371800176407,467.8493029352632,0.7549229176135537,0.00014130798470093288
26442,-2.183892019063716,-7.701896861596513,0.882365620812878,0.7902363178350077,468.19479174624297,0.5075553993029667,0.00014132047245350737
26443,-1.9743597881617987,-7.825037641690581,0.8620590624896557,0.9723575555869789,270.79208180114716,1.2696440161366267,0.00014132141890778476
26444,-1.9974099417949702,-6.212868797146273,2.6520224641660706,1.1771233546851978,244.4698019779807,0.3782828000527152,0.00014132687857231643
26445,-0.7508815722573328,-8.007314952078652,4.0945276228735965,1.671496318826409,393.58775865456323,0.44907030480114773,0.00014132927682735554
26446,-2.5702553379560467,-5.698963050713838,2.293343048603986,1.006485875882784,211.50762482002997,0.005871919185331365,0.00014133359573452697
26447,-9.953016179276798,-7.28908076899834,3.7014505527924237,0.9605439519507861,467.93901695790794,0.2794954718909439,0.00014133442329040887
26448,-0.5713434506055783,-7.623481368873083,0.9826590144412654,1.1298311363254934,222.10045004261093,0.027914141646058432,0.00014136822317027475
26449,-4.009682984756226,-5.095203260887085,0.9058971252905083,1.50423344844243,347.41417489363107,0.6323831198008749,0.00014137513265962727
26450,-0.5530488712559052,-7.965195460468843,0.8470469461819023,1.80959042144442,429.16994570138826,0.6381322965581298,0.0001413869749145116
26451,-3.16326874755425,-5.48422182037649,4.166518519872009,0.952417807347499,258.953310364398,1.0105306342410527,0.0001413942114067317
26452,-2.025479330257083,-6.649490752801488,2.9968976681901007,0.9604690104106773,193.81431348105443,0.6195425476161329,0.00014140029939170267
26453,-0.7419876427279313,-6.189155281769669,2.2140401175620754,0.6114324153826523,186.90266969852158,0.44915560668194576,0.00014140451902209047
26454,-2.952683618130684,-5.718814026715902,0.7473210240637491,1.0950413421915945,282.5928838991433,1.3903356581424937,0.00014140926788500227
26455,-1.046905937153909,-7.101822559225728,1.4260491138112004,2.582812835376528,464.09885624330155,1.8072093619701919,0.00014143672266166138
26456,-2.2747801983512703,-6.25353300624712,2.37413230917748,1.1066258816231718,285.4849801971895,1.2219893663511359,0.00014146399613106518
26457,-1.048461309354984,-10.59156931995066,4.3209243484732704,1.8923096821334826,374.35461187516546,0.6692531813230351,0.00014147150679609438
26458,-3.7703829509226905,-5.217556106915815,4.110359129584311,1.4745971757711553,347.70280078022336,0.3917966417591119,0.0001414790094360501
26459,-0.9920351624686656,-7.105687427733413,1.4404810555660807,1.953397553083285,398.42797509996876,1.5655960534774644,0.00014149898118175923
26460,-0.44194211188816723,-6.197877738981354,2.5243948861791248,0.8774156909875863,209.37571203450352,1.1566927378217722,0.0001415044361163563
26461,-0.8505845628540776,-6.963938412164353,1.5789109142252047,0.9248869343262646,238.51387848992928,0.9697257194930051,0.00014151421081044202
26462,-3.426511694388954,-5.042678769899143,3.931629580129155,1.6558728563499732,468.8449164272009,0.8549835055352402,0.00014152003558020186
26463,-0.48316896711286716,-11.278833003365396,0.021477937251796916,1.1425971142799642,277.28105586767936,0.31651820258960406,0.0001415253719754248
26464,-9.597610400333041,-5.731288197171698,4.984875108147485,1.3567370706738595,468.9172300242836,0.8643561606880814,0.0001415292195029658
26465,-0.3594608824387464,-11.762461312868286,4.214645518535483,0.8994158781135941,469.43284784191394,0.1587923682275516,0.0001415294093766452
26466,-0.8921796767401293,-7.295841506188769,3.5643446181169,2.768511813570441,475.6404368961987,1.0221545804239165,0.00014153234025779792
26467,-0.5767857992192695,-12.409965365421488,4.188751128025137,1.5692217297832518,468.2216920652117,0.5398869254490144,0.00014155000043104197
26468,-2.223942476464769,-9.427158986210657,4.396523314681707,1.1171032473594307,228.82922392952656,0.27101483630412204,0.00014155606927051157
26469,-0.4360915207841227,-6.199270410593778,2.6210277563739,4.205196235629394,575.0305736307679,0.5697986466201694,0.00014156917709161963
26470,-1.9066230480244535,-6.484501382773248,2.0841642035125405,16.508512073293193,736.6951459792828,0.09665736838528005,0.00014156965252767198
26471,-8.771132051274755,-7.9991128059215315,4.762428767922163,7.680779981829457,701.3967167628573,0.2481144779198372,0.00014157419658047246
26472,-1.07675302775829,-10.543670345809725,0.07418931781722123,1.0458955907866678,210.60890227250692,0.10599889713320199,0.00014160380557993478
26473,-1.4522891929697828,-5.944929076607337,2.1922785766383055,1.0208039619037121,277.1128335156808,1.6537453321232158,0.0001416202411209039
26474,-1.7131068319818414,-7.598436583113066,1.0159982219191497,2.372657933377695,433.3048019073618,0.79180263847869,0.00014164843684943867
26475,-2.5116236659854794,-7.498486128142614,4.560021706245867,2.4740749427130795,446.27012392230233,0.9571312977396067,0.00014167188781048364
26476,-3.058174731863015,-5.098994264195827,1.0493992963702037,0.8220005124633747,242.39062264451078,1.1786982140933988,0.00014167289046567114
26477,-1.2155935479341924,-10.706210698353711,4.282634901132706,1.2668336549689299,311.83415185749544,0.8179895986652594,0.00014167841594159224
26478,-0.625639958516274,-6.1412600484343445,2.3403409741638965,2.3938466090603496,446.4868693731097,1.9583830004393983,0.0001416785061151906
26479,-1.7539146705507527,-6.19320131581863,2.3511528779939903,1.2030936419228437,282.88538270557734,0.26386169393618086,0.00014169556781206208
26480,-1.3477248093133039,-6.605182046635052,1.8741908919628147,0.9340750809799173,227.60681865507615,1.166040307462887,0.00014170031039598724
26481,-0.0958309976092444,-9.47061447495617,0.20455122149879199,0.8815106662296537,469.88296337595847,0.07342974044432093,0.00014170212308561186
26482,-0.03851660018008829,-7.785480793289991,0.8963957575384932,1.1448044574417846,470.28945369589655,0.023751644811063066,0.00014170343461071392
26483,-3.4233058316353855,-5.534006391588607,0.7273652058492172,0.9986023330997517,454.2275445503979,0.6092496173538082,0.0001417091928456978
26484,-6.254266315359185,-11.104559432923267,4.913872338416874,0.882763344506611,467.77458248088993,0.7558787784203238,0.00014171427635101508
26485,-2.2975793872259764,-7.337504365892936,3.736973063326915,0.7605637648114099,154.00577656041494,1.0160881537407773,0.00014172530526720788
26486,-3.0205189673922703,-5.667378944353293,3.9903610979163884,3.1030085845288635,505.6743919007081,1.185141432830778,0.00014172646065953914
26487,-8.028871593865409,-12.057312590820612,2.0841195821311413,0.8056617645923749,468.81951156943416,0.21282796731151254,0.00014173458725181618
26488,-2.3210068717099546,-12.190721613024685,4.612731754832918,1.1036419598073985,285.5142407972224,1.4107614013944838,0.00014174134266388273
26489,-2.0508227779724226,-6.029143152886851,2.2342103985082336,1.6800383390880147,396.3145390624477,0.895560435058603,0.00014174240448348995
26490,-1.023161403049583,-6.5920321397960615,2.8999126131131834,0.8210954000095186,177.84830118848478,0.29863253896860886,0.0001417494573845577
26491,-6.205114338515173,-11.258212171895392,4.879051362641973,2.1061552021215055,401.82605746211965,0.699602943917049,0.00014174956427283724
26492,-0.6563779699710377,-7.13771446026144,1.50094170919255,1.0064901004480424,207.18133727319815,0.6142845451906966,0.00014175149326442048
26493,-2.112941626538449,-8.492067650808075,4.291493884073211,1.1201212057538326,288.3194219401577,0.5497825055374292,0.00014175501246817854
26494,-3.759135811623276,-11.763271596350261,4.76521446492697,1.363371250737307,300.2731125955201,0.9180445442896792,0.00014176184314568043
26495,-0.3607639420950477,-11.311418879364243,0.0220772183708696,1.48286345417308,468.8980084425812,0.9137954839001479,0.00014176290006432562
26496,-4.350968804799028,-5.239916611793592,4.349409998589973,0.9490664387916332,185.9356072833252,0.6853948092459747,0.00014176469315940746
26497,-1.6635809374882697,-8.63128213097814,4.310000498502816,0.8521259878577337,467.9876612305168,0.3623876172352496,0.00014177011456518817
26498,-9.931947360411161,-5.959626772876508,4.5133198342472705,1.8161975450433985,370.2145354570629,0.8387389973622108,0.0001417815562073301
26499,-0.6743762784791851,-9.937480364648248,4.400578954248738,1.037367412990523,227.71103392814325,0.0796655404383877,0.00014180521023345844
26500,-1.8405019812131123,-10.706948550215902,4.28136700975926,2.5878717405867664,459.37502460800073,1.083633160413533,0.00014183216091051405
26501,-4.876337047904704,-10.549499848038186,5.141480029652285,1.144486756436138,469.2790551355956,0.6293468745832804,0.0001418468579876034
26502,-8.430427286810657,-9.743580775952038,1.537045968804781,0.9618398399764493,190.5042230499692,0.3738629541714289,0.00014185006644783267
26503,-2.2642745856581357,-6.847206268739907,3.0613535246277483,2.0829747536504866,409.08213298720204,1.2388886235887915,0.00014185359476358506
26504,-3.205985191666734,-6.087328337558583,0.4895694367992394,1.096841749147866,284.6136199558972,1.5007498632630556,0.00014185617301409913
26505,-1.158642591967503,-7.005914329234293,1.613576786570199,1.1357929751121119,467.1833079205735,0.15926216988238995,0.00014186528439060953
26506,-3.5963795556126517,-5.161307891150485,4.067711911534296,0.8916006074578339,468.79023430202875,0.49728069357588556,0.00014187118474405814
26507,-0.057340901549652656,-7.457278339582817,3.6866769950949245,1.6904983837762597,398.79055507074327,0.4574699502607187,0.00014187350769892415
26508,-0.49029911878849575,-11.636013597959355,4.199061525411118,0.8547651566564264,167.85807901300882,0.056444933671747854,0.00014187654630836444
26509,-0.7628503197134222,-7.108426218421463,1.4324629881123498,1.6655529862447487,361.38957875775924,1.4263310518280345,0.0001418818916509671
26510,-9.946226194819216,-5.440453132793686,4.4653147328539085,1.6656014647636683,392.35906875289936,0.5532742965378716,0.00014189197906426315
26511,-0.42939438701808363,-6.915724282280837,3.2215629464382793,0.9975820178244174,468.91343131065827,0.6407002235129982,0.0001418983132051602
26512,-1.3688363977854898,-10.996412548355531,0.037982104541547546,1.4439325898942201,468.14615837382433,0.47685266393068293,0.0001419092807162689
26513,-1.2194628620803005,-6.544590222937805,2.003485891802104,1.8784148291139924,458.557981479444,0.44298331641056343,0.0001419175388613858
26514,-0.41891037768141004,-7.06921394366062,3.354022431222407,1.703506501193819,402.3189349111128,0.4390509837817822,0.0001419191952567451
26515,-2.1133868233913375,-6.859484256692124,3.1496665704159983,1.2691399281735107,177.73700676531104,0.3297422084815995,0.0001419198485260477
26516,-0.4503156471993677,-10.72397370915219,4.278923117767509,1.0179063896627718,260.69653289097204,0.2968850861131065,0.00014192107073902514
26517,-2.3949276559975408,-5.942889276837891,2.514453709225922,1.5054967688345147,339.67174030068935,0.782553580455243,0.00014192868866859534
26518,-4.992550747741702,-5.286963246618961,0.36200020986428016,1.2013658698579426,307.7928223700817,0.4538777013798745,0.00014193646357805233
26519,-0.3321972151059196,-8.527497302978883,4.32702062368265,1.7724499973540673,468.67203393918703,0.5314006874193877,0.00014193867936511802
26520,-0.5931925066390402,-6.5089894376946855,2.85946865746418,3.4198227987745913,529.2361211590177,1.0615195888127582,0.00014193926929969566
26521,-4.862479707743392,-12.763315436821028,4.68343786367181,2.1693349499756183,419.00591533529655,1.2714538331619574,0.00014194459122477223
26522,-3.8449683002616295,-5.482591728088496,0.7432041153957067,1.198808711037476,223.60734796283248,0.03984467961429328,0.0001419635301678748
26523,-0.5683339949969426,-12.272220100233568,0.0051217002192333215,1.3860924911483568,468.1241804299326,0.06686182281240782,0.00014196709497633244
26524,-3.0140638387534757,-12.237318595485004,4.994421811978806,0.9798037443230441,272.2100467378857,1.7002571940462277,0.00014197108028976937
26525,-1.2213876140545459,-5.968223955811802,2.198179382436869,0.5975651720524682,124.25033331922806,0.08717372922551103,0.0001419786159898742
26526,-1.1165870457805145,-10.112170573153357,4.343442277806843,2.434248015815649,451.1654202776881,2.162322658838997,0.00014198122095942367
26527,-0.3404859995895997,-7.21940779722237,1.2928710374249193,1.1434000276898362,277.32284145286627,1.0147467279816391,0.0001419937218498389
26528,-2.6404617681392786,-6.01636653157346,3.0214072159620913,1.753904649240977,370.08202895040057,1.1016488923147447,0.0001420010469751117
26529,-3.0933680815412936,-5.163507309500457,1.084321827141504,0.789822007000724,235.36990667420767,1.265248751010776,0.0001420113449815882
26530,-2.2876156846297944,-6.747576281120307,3.0790578379838056,1.0175100846453387,232.74718692594467,0.273432461497479,0.0001420193359994962
26531,-9.119755502009715,-6.510972266902254,0.537179519307554,1.171731634806127,250.79508143758096,0.23003767410130926,0.00014202139035470636
26532,-2.1169673062689256,-11.191625797501434,4.208202536848046,1.3585479489961054,301.8847812053868,0.8070988640960861,0.0001420317010345258
26533,-1.949001292738025,-11.447218374014284,0.020081457391130556,1.3189012757134075,323.25602970897455,0.3553402267543442,0.00014205574130697426
26534,-0.8974391074296832,-12.665536324614422,4.187412568112619,1.870145416243867,467.5594547105611,0.4829496231230159,0.00014206025574661004
26535,-2.0211573900318305,-6.197058398294206,2.342254265423072,1.130995034312761,291.1026163236596,1.196918583137987,0.00014206583182615115
26536,-0.9605190600792586,-7.242603762130576,1.3691984877542225,1.2414098187414342,305.25890509648275,0.48532289773609616,0.00014206611642133095
26537,-0.8286368135631346,-10.200941659158811,4.308738983605931,1.113910902499423,281.9649527390827,0.567092771410862,0.00014207179616789554
26538,-0.08621050725785828,-7.160958620007793,3.442397072302751,1.4900029859139512,309.0707907990396,0.4253145888795684,0.00014207529676402364
26539,-2.000192672199141,-8.149258151803545,4.164063644178737,1.7351028896679892,470.1583334220584,0.12742314310368563,0.00014207561218627097
26540,-1.5901498750780458,-12.232285986910197,4.1896716742887525,0.867581899419309,219.28256958900923,0.5420765527344242,0.00014207561266743805
26541,-1.6782218741585684,-11.307198941006154,0.02475482889190907,1.126524117187849,242.89074425123582,0.4150953204026271,0.0001420770261760547
26542,-2.5517563706144664,-6.746446239143653,3.700858141690978,3.341056999809222,522.382374590748,0.9580275447610243,0.00014208611927155426
26543,-2.1176202467129244,-8.64069945613106,0.4467138495099255,1.8070174167054642,430.5520935942824,0.26569135407772393,0.00014210220301732804
26544,-2.025719303356958,-6.248366082051812,2.253862756304692,1.4834006378729805,316.46910358396764,0.3802583269964641,0.00014210542299449808
26545,-1.5198174427767146,-6.740743776816013,1.9396211440607796,1.2301581198231175,258.50044296483,0.13122187346818048,0.00014210863376269624
26546,-0.0013347967664092408,-12.912883862726636,0.001831338814062373,0.504477796390715,109.01827385324388,0.13738720963740114,0.00014211259184044556
26547,-1.368664974644462,-6.516440430772485,2.132849146505859,0.9604072944432487,467.42429695424335,0.2760215929411016,0.00014211648344000972
26548,-1.9583256476311757,-6.915475703169986,1.7088958119215811,1.8947409429407147,392.45241020471974,1.8832779233980483,0.0001421165185023621
26549,-2.4553023971683086,-6.35771859323569,2.1616892155594027,0.8328070303904901,468.1820821008814,0.18638364033804322,0.0001421178687360202
26550,-0.13491186949046785,-11.629569793176007,0.015773673850563743,1.7825754639229814,370.2169802990931,0.858064947562772,0.00014212942101837889
26551,-2.5132326074959934,-6.189280304401597,2.4348174699146106,1.676069801313508,393.0777436689126,0.9452697865685984,0.00014212968768687737
26552,-1.5895487905237822,-10.59561351333917,4.289730630723952,1.8807942395595576,467.77167671788567,0.47925294988093636,0.00014213180512370147
26553,-2.2351832135460743,-12.256122124319099,4.189249179822628,1.5949531020226928,172.2596719844815,0.4281268785345027,0.00014213317174292938
26554,-8.049971846784999,-9.320856610726928,4.2117114321239395,1.638148350184899,468.23427561182086,0.3168266260601005,0.0001421430405337063
26555,-2.2662467794783403,-9.136982629153346,0.25765678173999274,1.424404235236429,322.5936863267694,0.7127450150660888,0.00014214457107570246
26556,-1.418077327508449,-6.200401947234882,2.341892792818359,0.5185544202854735,143.26088771458424,0.23373877767388507,0.000142152462858917
26557,-2.3521242523251296,-9.921169037732156,0.11529257864383727,0.8266413931777135,167.61340450188916,0.4590723728251982,0.0001421541475386032
26558,-8.940572346384474,-8.65433658018968,2.7483844794020524,1.1216492047684938,289.42401602069395,0.735309614931869,0.00014215939023627975
26559,-2.204326685977861,-7.1508060603397166,1.400935589105978,1.78026147212914,369.3353270624382,0.8612745528680792,0.00014216529782075905
26560,-0.07445436938536076,-6.539955549830948,2.879073324590977,0.7625213267995068,469.66505402423945,0.23848266984430833,0.00014216929326373595
26561,-2.0383625226858717,-12.671058666860397,4.18613388319962,1.602717255186622,336.7627468587435,0.2775524597212611,0.00014217410223083072
26562,-0.9982074537270567,-8.57755533438545,0.5163516241853904,0.5748257931080353,137.47442061699644,0.9368677904601741,0.00014218356447639856
26563,-1.3611465615068532,-6.898850782177348,3.209231807185894,4.066918772286617,495.11932497041226,0.10195181553783605,0.00014219989957693966
26564,-2.041638169599521,-11.203990597162138,4.2057569611085865,1.182480083279247,213.2191038339975,0.07606813433728643,0.00014220595976347975
26565,-1.6488245092116323,-10.827107997700773,0.05294425158339741,1.7303542561631522,468.81424833018406,0.8781856806598869,0.00014221454813988102
26566,-0.3898431839075691,-6.298805859236517,2.4806900643766423,1.3263889674781209,321.57844040571996,0.22999558595365066,0.00014222570594469807
26567,-0.7918839393806039,-7.443161635883532,3.670889461227366,2.553500397718694,460.94965475261733,1.75542512981073,0.00014223707687569315
26568,-0.03647509822404338,-11.643886330642054,0.01626667446600914,1.0693698111742704,281.59776732531003,1.6607658811779045,0.0001422457248633233
26569,-2.606850306577617,-6.207451545401683,3.0516764913320547,1.4661917790219805,327.4387344425929,0.5959184266978168,0.0001422505293656124
26570,-1.4077804406798755,-6.523145849385635,2.717386037601252,1.8977909942988722,373.3535197721113,0.6491793191618553,0.00014225194594442254
26571,-0.700946383985869,-6.122574910225264,2.2886331085980323,1.4426783872551587,335.10501994416046,1.7435679261373371,0.0001422668496926269
26572,-0.14544233245172045,-6.504197838539852,2.1007044304185993,1.3332721027825583,299.09941648631514,0.6513426984148092,0.0001422776273961106
26573,-3.625239976523524,-5.0279339928053295,3.9429608236645057,0.9374773252093795,264.70991369348894,0.9790780356796338,0.0001422901792394366
26574,-1.537975161406532,-7.410500625807335,1.1143378889639777,3.717530101826463,545.8134296874224,0.3448856718891058,0.0001423052551837339
26575,-1.6302348392341521,-10.724349623371275,4.275655778000123,1.8510988757065385,467.86753604846325,0.250860327396226,0.000142313302144057
26576,-1.7583620292400859,-10.06454450086248,4.385055342974955,1.502135085083965,345.1493962422097,0.5684452010342147,0.0001423145362475323
26577,-1.1432061177713102,-7.920204604075899,3.9785216790674296,0.8853352119951695,466.89665543816807,0.6914591987090537,0.0001423153063760083
26578,-3.1153564924334116,-5.876583650782244,0.6248703233578603,1.738552600254554,412.8110077661323,0.5788901315743962,0.0001423229689404412
26579,-1.3522892763583307,-7.076614181813799,1.4639340971998989,1.4814994905611794,309.5989141349984,0.28685898307919633,0.0001423352862688349
26580,-0.862002799233645,-6.243827136174622,2.5383617843150135,2.6790371931401986,471.8573324451871,0.37728352157952916,0.00014234305789116307
26581,-3.8241984310916077,-5.861110759932208,0.49104356803154214,2.1030803983221524,412.7360993325726,0.34211525962602796,0.00014234858051647258
26582,-0.14170324666466705,-9.016007799673586,0.3112710090229037,0.7645533684208256,137.9520331949056,0.35944825935847025,0.00014235840349629178
26583,-0.45917760028524945,-7.220723272300201,1.2283064356689204,1.1148922693171126,468.13332796553436,0.2892783775646768,0.00014237051800592842
26584,-1.5397331704327435,-7.226598914201092,1.2696263050083798,1.7030087055689935,469.40502580694096,0.22227837940337203,0.00014237139060297571
26585,-1.5358352720032933,-9.146013306421915,0.27501374343757284,1.1940173343866343,466.1571143975148,0.16384086278408638,0.0001423840278359236
26586,-3.42896868254625,-5.430451896226898,4.328948282102777,0.6824227379887506,147.79778827111184,0.1884226421197157,0.0001423987280091289
26587,-6.518735185548971,-11.807187195287153,4.69337998174165,1.472894495101965,341.4393403702908,0.4432574386494972,0.0001424014052974623
26588,-0.7940604513539924,-10.667504425020006,0.06833708416630645,1.0025404156939601,197.664379251365,0.5710624097198629,0.00014240826269712055
26589,-0.5137490320899332,-9.711327898316313,0.18005941388514957,1.1282040350114906,259.4493336197942,0.9514434421351305,0.0001424101335013874
26590,-6.678678863610356,-12.593545102608841,4.543235695494954,1.4215882906514175,330.3861799050697,1.143092769103415,0.000142411935024194
26591,-0.956002782989783,-6.307058396791625,2.4811754034569353,1.7709124520557176,468.85101399007664,0.5705093022198877,0.0001424215331819901
26592,-3.5294171435776454,-6.217716322669531,0.29484490258822543,0.9010359632010688,173.78460932391081,0.0228106734756075,0.00014242946974007105
26593,-7.738597087609033,-12.175392708480501,3.306626323885087,1.3321592008864953,312.1229323917652,1.2494362079252923,0.00014243435028442927
26594,-2.6688656587559656,-5.834783256943764,1.8545210630147921,0.9040437536270087,242.72931572475656,1.448145545910834,0.00014243490133812177
26595,-1.2613847719502171,-11.030971758005256,0.040595964225058685,0.8116882539425859,226.3809006263383,0.14917536282393673,0.00014245780711958552
26596,-2.026499434247258,-7.020909920744634,1.5882722443644475,1.1865952331970577,303.54873749651034,0.7215080304871142,0.00014245802438028833
26597,-0.8601622520820751,-12.637937032159869,4.184501415848,1.1024331182857645,291.0983761097174,1.2673185040073855,0.00014246272568677024
26598,-1.1802427709600103,-6.9245682370038,3.217820593215011,1.656078903568343,468.42119378320757,0.18182671182555943,0.00014250165749397496
26599,-1.588973103614185,-11.360721607215238,4.2425196869710815,0.825381849182231,169.26023429103617,1.1277060618563608,0.00014250310952602078
26600,-1.2509165862587377,-7.40623768122294,1.1335352126108673,0.8447557960649161,175.62678636619262,0.055301517890423924,0.00014251433009448703
26601,-1.372104844294821,-6.070641622949958,2.4078397251413897,1.9361183664476767,393.35757127009697,0.36247477114505156,0.00014252282239379427
26602,-2.372620043390671,-7.149379224190301,0.787355793459059,1.5698682923838216,343.56886275399023,0.9734983491615088,0.0001425391579461237
26603,-1.856870332160744,-6.000923033291562,2.192434915752176,1.780695877202656,378.42267220906905,1.808973706310515,0.00014255280039242798
26604,-0.1252063711172422,-7.619179145692921,3.7916250867533545,1.152280244043963,197.62797364926598,0.13859446333809267,0.00014256141553231725
26605,-0.7101766630639474,-8.417542007831496,0.5807058390324779,3.2580592597864326,519.2786934685419,1.4030310496859935,0.00014256901717537998
26606,-9.975495968854622,-7.496463252946316,2.9184753032870367,1.0517487393474947,277.3274589373803,0.831525408069739,0.0001425732476073574
26607,-0.31751719817809665,-7.066896321265689,3.340898212923979,3.2778640282816127,505.36741425180264,0.49956577055290463,0.0001425795454230085
26608,-1.6616698275831876,-12.671418608261357,0.006326194155371568,2.031093591898116,391.8702803360147,0.3589688941452023,0.00014260019781068718
26609,-9.443551052358865,-8.062663209131955,2.6595103305847254,0.9047900538515713,189.9866137102184,0.18610656070889853,0.00014260054278444637
26610,-2.1143589575920014,-11.153700090816631,4.206243849576815,1.0078581444861665,467.69462197290244,0.5878604982598317,0.00014260821817606997
26611,-1.3515033260448632,-10.365928602052437,4.334585475419895,5.044400403518219,281.2977958941143,0.32239014950929157,0.00014260843696860625
26612,-3.7466610610057236,-5.853131886997976,0.5746446625030546,1.0047196219090404,469.43818956526593,0.04979992135149924,0.00014260904566290727
26613,-4.825530873750607,-5.016183846871705,4.5566982425408336,1.1040960714220354,174.11573049134623,0.17983182146286403,0.00014261187306113696
26614,-2.008548655761601,-10.444151909413986,4.326187761422434,1.8080202471638231,431.21895535203726,0.1653673668477671,0.0001426316826714456
26615,-2.3354183818880614,-11.395005973751747,4.715388037360968,1.093747454013684,286.5416451590627,0.9475069176016646,0.00014263867179605634
26616,-0.8536398725224466,-6.721230350431258,1.8781850815727668,0.6970650445614701,204.52513197683228,0.9069660911158328,0.0001426823374562583
26617,-0.5438936688620881,-7.72397897567446,3.865757652161996,1.0169224645433048,275.2458660071214,1.5065663463238588,0.00014268375611763677
26618,-2.030699213813765,-6.505652042023705,2.0913764417267298,0.9436119552383979,469.2161524194896,0.5954431924920227,0.00014270722776886253
26619,-2.3606210688500724,-6.381669535873705,2.2777893368918605,0.9979708580040695,467.63983858501285,0.4146446206686836,0.00014271326943040815
26620,-1.6508533364570575,-12.658032406050996,0.007180462861494432,0.7987795374149215,229.5854667199823,1.250405496215003,0.00014271591507802303
26621,-5.339338795985924,-5.078386791963362,5.146587922495797,1.7971272492985333,468.2123409964831,0.5080102201517347,0.00014271993948905423
26622,-8.085677561037615,-9.635279733332629,3.7591590418915986,1.0036757789637933,373.46346177986254,0.7582364427388031,0.0001427227869913413
26623,-7.985857650515075,-9.955944679232868,3.6700932720774424,1.7031718928542423,402.08690818678417,0.37600811939298495,0.0001427401298382275
26624,-2.5745422258339783,-6.1380697703184035,2.647333218241713,0.9448683742653443,143.18220444508674,0.2494116270837221,0.0001427702558306448
26625,-8.16932202736004,-7.5444923409755935,0.1876197610151002,0.8586969123773346,182.92352033515905,0.2772862001880352,0.00014277215853879678
26626,-0.7876026557519022,-7.138631695996462,1.490489690839734,4.041330360911166,246.71647641576195,0.4079098561820125,0.00014278179858751483
26627,-0.2924829530508912,-6.246666049554875,2.456922919045165,1.7309529692016494,468.0710416134421,0.7144664232409115,0.0001427859421541765
26628,-2.0811187684936883,-6.999753875979258,3.2501519651159785,2.724114610733193,477.3208367479057,1.9344805603937631,0.0001427893884153507
26629,-1.8757376917728124,-7.414793636598534,1.163066662887949,2.0141067768728256,406.33104057225586,1.9426331879966732,0.00014279941859629187
26630,-1.0815476216668216,-6.325203508258207,2.266799277962335,0.9465849713651059,200.13011202452944,0.6730874153064992,0.0001428058819792231
26631,-0.0816679318628939,-6.544034218067913,2.1385716299781374,1.4361038124157637,465.5870000268824,0.38838803651585163,0.0001428301190514283
26632,-2.336306965562245,-6.723759923960888,1.8865012623664077,4.404506247832742,588.3755685909466,0.5727759014929523,0.00014283258819949003
26633,-5.0917504253044825,-5.15434888630614,4.930302583585135,0.8017596816639224,153.60308971784542,0.12642094419030858,0.00014283753933022958
26634,-2.1091128107012844,-8.949692609838188,0.3223554560956128,1.3601616926774658,293.05288315864755,0.3158431457108337,0.00014284909700520122
26635,-1.0280974630394173,-8.81077895205688,4.390048137376888,0.6525305665878455,132.8262772970911,0.3842902255695462,0.00014284922918374475
26636,-8.149357859376325,-10.7337902251849,0.698845623287606,1.1816080236575497,302.4486343115938,0.9572999709308085,0.00014285085513480206
26637,-3.202459923153178,-5.9125957977218615,4.979930358179089,1.4394485475049217,323.24647992660226,0.11313140632054886,0.0001428528194001377
26638,-3.9779193461538798,-5.060487842402544,4.110553199301119,0.926448173415967,420.63597555897604,0.3887134388094946,0.000142861744093051
26639,-3.6744228997853003,-5.3560468811149065,4.218864961966048,1.126732148774817,351.152728948072,0.849580376326557,0.00014286935583537433
26640,-7.997898403173752,-11.269637669098069,2.733019888440797,1.766164877764902,468.29978020458515,0.2203788021034514,0.00014288548471787333
26641,-1.434877759199182,-10.124275403163512,0.09660960579260992,1.630810799201293,468.12887924512177,0.7470311396187146,0.00014288852816650747
26642,-0.9118386363754372,-6.53833066631544,2.8105224980214962,1.6063641804680064,371.1009027453864,0.9239612192861282,0.00014291013600219117
26643,-9.095417214749853,-8.488428319304195,2.055069720661909,0.8825803625806345,168.86379354699258,0.12892835025131166,0.00014292238565391256
26644,-4.949730281475226,-5.0954141920464915,0.4540925350856408,0.796538801729993,165.35709922639427,0.33650414946297325,0.00014293757575670933
26645,-0.9822883213604392,-6.296899645907318,2.6647519325819395,2.672291604496198,448.0912333100207,0.30111749927826637,0.000142954319971254
26646,-2.7559832345992428,-5.650355006456472,2.990929211149317,0.6132163591788079,185.2761398905453,1.186651911038882,0.00014295903090998823
26647,-2.1940548870106316,-6.258027310733827,2.2117051437531634,0.9206373312995032,250.20399279263464,0.7024502041692031,0.00014296751494298905
26648,-2.073628136705505,-6.573288444754726,2.882809770988611,0.7314306874802953,467.6723696243231,0.4902761538619913,0.00014297312933915648
26649,-0.8176112503956432,-9.20235314594117,0.2752349849812029,6.195335930951129,343.5526941471414,0.24817640940337515,0.0001429801291648214
26650,-0.10197388930011542,-10.63332671510598,0.05716771748621815,1.0881444408337693,286.67726602101465,0.9358406307953411,0.00014298276028010924
26651,-2.9999666297353684,-5.341945916196144,3.54493837490474,1.715238630306678,361.384389112853,0.967448067988741,0.00014298630901772927
26652,-2.1237846672565617,-8.936502257376585,0.3221508849906741,0.4977325769096539,105.85350215042673,0.030221243454735536,0.0001430015396522542
26653,-2.403310720779497,-6.690749989240842,3.189603023613215,1.023099189607794,468.7568975214651,0.8034274315788679,0.00014300680064620035
26654,-3.2623792320316287,-5.077332244732884,1.0405576829416143,0.8894316060427025,187.34281161138375,1.1206738671831475,0.00014302252778680954
26655,-0.3258183894478215,-7.038321634625467,3.308115393019936,0.6515837852258033,193.98062317732325,1.251479653152944,0.00014303649588188235
26656,-2.2577083922471752,-9.6046185158146,4.386886597538719,0.8813927784951686,468.071173740347,0.7144596670357295,0.00014304596834358515
26657,-2.3140555164767136,-11.124245433800658,0.032838972895540344,11.83119750864411,609.2132967259279,0.022296561808754944,0.00014305149401760476
26658,-2.148117565512928,-7.596890026459909,3.7308835748647873,0.914177308349225,245.5590877720172,1.0586886390030887,0.00014305982879325843
26659,-9.56442967002994,-7.598026784364279,3.896201925570174,0.5425772088079442,112.40158892900936,0.04120647383077358,0.00014306131864589476
26660,-0.6337530505732794,-6.227069036817319,2.450674625035961,7.376513798380056,366.67003787938654,0.25465106557383077,0.00014308056643219584
26661,-0.6229991348020363,-9.670271731937765,4.373750098968221,0.9474133668204462,295.084551758548,0.5217047778610935,0.00014308155746514762
26662,-2.3497554785224306,-9.326102628525426,0.24840692764258288,1.1176308284055645,294.5566989656631,1.7641399898654493,0.00014309834801071677
26663,-3.080398785135765,-6.119919250599255,0.5104491875531952,1.8385475501605597,467.5321604339131,0.47386093262272677,0.000143114706550362
26664,-0.45475430634932046,-6.421224059241244,2.6933873246788793,1.4337850894258446,468.14600264442174,0.24577771228106027,0.00014312445567923597
26665,-1.053636037317041,-7.03649042663227,3.3044058789338506,2.775947896976442,482.1638806108908,2.023536398411098,0.0001431566149361122
26666,-0.7234726237084512,-6.172870044287381,2.3086880183572576,0.49466005270376845,148.9467338033651,0.5954427125777499,0.00014315857325448885
26667,-2.021207083276054,-8.188581965198843,4.173364432008614,1.0333211307042398,280.41372645045834,1.3451290617182652,0.00014315935647949695
26668,-0.37743891801390284,-6.70484041408063,1.9180676590339507,0.9441752544362588,467.1073209341131,0.06856779410292102,0.0001431648056296306
26669,-0.15379985429376397,-6.314600340092854,2.672912721405155,0.9552723255738955,468.7739130875236,0.7739261267299042,0.00014316793488002388
26670,-8.423159944431376,-9.035955205645621,3.7315727818696436,0.5378752173256813,154.27976334783835,1.042535670871679,0.0001431694818978606
26671,-1.2745511299112664,-9.090825528151289,0.31091304777990914,1.8195149255736278,469.12692094025715,0.1848245318856847,0.00014317022287460484
26672,-1.8932968727224093,-8.874469996196924,4.397205111061991,1.5962744154293549,372.90686763847106,0.39060137531419503,0.00014318519415327591
26673,-0.6968432641710738,-7.768254518758597,0.9295431447656077,2.7944003709846585,475.226337023227,0.855763340123926,0.00014319118387893468
26674,-1.3052431643959874,-12.832517810128637,0.009423397365622088,0.9276492987176842,233.42382641874966,0.8671450439566568,0.00014320023390167191
26675,-0.4879295964199244,-7.024841018041292,1.533524858869995,0.8829732465485008,455.2041600238374,0.14265384566977968,0.00014320821573504038
26676,-1.1748959768033256,-12.819809142832897,4.173999167897828,3.471694598578028,530.5434126853064,0.8330126241300695,0.00014321089557929373
26677,-0.6315058182655005,-9.780605968023991,4.402805935226135,1.0850836564195225,468.3938234127944,0.3970442332474011,0.00014321562897492927
26678,-1.836839888685013,-6.784587436751978,1.9590500540701656,0.9676573006404781,468.20460388634353,0.8371161175787778,0.00014322521841857573
26679,-1.2772315554996485,-7.8223959941022345,0.8728378051602217,19.41655949490903,551.6869755124717,0.11296911296386991,0.00014324633016515892
26680,-2.2605567646525664,-7.2504183632279595,3.502277050331287,0.8808219212751278,176.17411843709914,1.1301210071739574,0.0001432549048583048
26681,-0.1582474971894161,-7.460841908369396,3.671502618886734,0.9765172143031591,263.8986175568857,0.906192276223762,0.00014325557145578797
26682,-1.1542354026951465,-7.2592988770320135,1.3467336978146793,0.5297898695438532,164.97045940952123,0.7131300531025486,0.00014325693086977566
26683,-1.6361557100690565,-6.444268304801185,2.752771097543874,2.5187670858587694,453.57359830087717,1.1616302725347003,0.0001432595839698392
26684,-8.051557568669526,-11.16296980243745,2.530454650579128,0.9789739330164526,467.81391283853924,0.3366074758812978,0.0001432604998764934
26685,-2.06944644747204,-8.218168531461554,4.186589154883377,0.48989199505580006,125.07551145932499,0.964528551228578,0.00014326304061003804
26686,-0.4681318123493803,-7.557917397604119,3.747500643470473,1.0049993972310902,276.9271571904923,1.5671360357308242,0.00014326694391653916
26687,-1.0204775382683202,-7.820857978871755,3.927884297635984,1.0683870560261406,275.144494596443,0.9971390894699246,0.0001432688427491117
26688,-2.1249954123315,-6.096243685315156,2.389077730113925,0.9310825766559518,469.972553428458,0.12191018453265556,0.00014327331739706
26689,-0.01688694362108123,-12.636004321809136,4.17735347528273,1.841905468925359,441.93533858375065,0.5701302544377009,0.00014328493895826014
26690,-0.998639042292961,-9.064596397827971,0.32404216904601335,0.970263189501893,467.79612152358885,0.3895383239624719,0.00014329066748576
26691,-2.2382729427617623,-12.770354199813049,4.151142572966652,0.8745670847597826,468.67798707339875,0.06593499856325824,0.00014329924831414051
26692,-0.42799599119884135,-7.821762386282464,3.928120152298884,1.0649653875512306,280.6270617619829,1.7079635592479194,0.0001433027500741611
26693,-0.9002922073171362,-10.43506427652276,4.318819583210058,1.0298261791232888,468.15029072622,0.8647277069273178,0.00014331137047548522
26694,-2.3839371006568406,-6.637729714611145,2.014153377174547,2.393470518740624,439.3976523752258,1.034527282957785,0.0001433289251749585
26695,-1.9759497740443326,-6.744384904664994,2.059466039294762,1.1253796916692502,270.8695300752524,0.2615395840939909,0.0001433443001618331
26696,-0.5929879263770577,-7.092215948262568,3.349844006149974,1.1089457399048572,278.8496536611839,1.3990781540122859,0.00014335458716979924
26697,-1.5612153327101428,-7.254591462687732,1.2186930812085364,0.9693218762335619,251.8698344570787,1.5280797402013766,0.00014336111773287043
26698,-4.583093036795645,-12.513299346997828,4.689906535724117,1.2094445365022481,293.0319624822516,0.444759573259609,0.00014336350971863072
26699,-0.5682006495691425,-6.596415662107048,2.8903798570691674,1.816552416546886,433.885330512416,0.20240234829192527,0.00014337392269994173
26700,-1.0555064225814963,-10.10338192080424,4.308684374707371,1.0103569749385501,468.3899146311429,0.6327876642004417,0.00014337573979393925
26701,-1.706605307408898,-8.431628418266111,4.257068619782408,1.4329928134681529,325.7533098203236,0.2019703769268988,0.00014338925318707445
26702,-0.9055406091109557,-10.854525195630146,4.254435561144697,1.0306551554517143,221.2615967711974,0.49853928706836026,0.00014340123962649628
26703,-0.40257572262962427,-7.0341938885962545,1.5424750180226836,0.7761329164683343,202.54839829338866,0.8958278043560215,0.0001434053108445044
26704,-1.9410096005556259,-8.567525866495817,4.326238580706108,1.234032152229368,309.49775806781537,0.5774487482125972,0.00014341660314338135
26705,-0.9754191160828025,-6.403166111373891,2.583760449085044,0.8383483048490485,167.93078762959274,0.7308477832966966,0.00014342611393504653
26706,-2.181862440720997,-10.267777535531565,4.338395610660966,1.1058523810540806,284.3037084595151,1.5337520557502247,0.0001434367711760957
26707,-0.8415236929923804,-11.534312338591302,4.195044574684976,1.8350055861817345,468.1935429043151,0.6481243004397097,0.00014345673590549312
26708,-3.016408883773992,-11.358251579539623,5.13892123952318,1.3964773584396293,211.9263255471189,0.07735173685805297,0.00014345822262560521
26709,-1.8350463465378297,-6.305425131555112,2.25174283966105,1.657050382407763,467.89744218237894,0.4292840143345851,0.00014346860720141887
26710,-1.7947614430188885,-8.589996504215048,0.4968203762987859,1.9362338837711226,393.2000132985347,1.0784178762034653,0.00014349059518397128
26711,-1.010061510752907,-12.502732963876511,0.013516311747461627,1.8912930533896457,391.4885427818381,1.620584962383206,0.0001434964256152746
26712,-4.770985962487365,-12.799859462760296,4.674834818784986,1.1221240530286876,468.4469794334938,0.6560172961019424,0.00014349992667366914
26713,-1.6237971923408256,-11.502391734248564,0.02936896132997353,0.903569443682593,469.11173577355476,0.13111496198898642,0.00014350999632839834
26714,-0.84551093591549,-11.94271471619188,4.188260744715899,0.5688275773176505,175.5542961870102,1.2551514112215036,0.0001435138358617265
26715,-1.9831977579742528,-11.316762115919397,4.201624455172927,2.870104985770882,487.73730108044197,1.3459244768829732,0.00014351493281945218
26716,-7.374271302066287,-11.082735435925532,4.174737349766971,1.6480195462035991,381.7865130137427,0.08216764474930383,0.00014351569309064598
26717,-0.36916517952989025,-8.3998243406678,0.6154656593480493,1.8298957873152868,468.2245980813381,0.1815863270059106,0.00014351639553786686
26718,-7.833746949842459,-11.068888431030205,3.3431934099635416,0.6271164848042023,185.8251544585983,0.7441666048865558,0.00014352448545885605
26719,-1.51088270596021,-11.73863114866689,0.023792254356274762,1.1805658036303355,433.6214966731252,0.11283775104049631,0.00014353516798336322
26720,-1.9865394464131487,-6.858871285773512,1.8230374683127435,3.227504438922563,518.1793045847758,1.6916656393182699,0.00014355597859334697
26721,-5.858596289788437,-12.321294025526253,4.729956415983288,0.9637031398555235,190.4975720759029,0.46004728026022246,0.0001435685040835421
26722,-4.665870301141208,-5.111172745158655,0.6366374879139981,0.9394660702044615,442.67670321038196,0.3375154411499999,0.00014356961634253427
26723,-1.704674308476859,-7.435402172810199,1.1550773717936955,1.902932584421647,469.064786915579,0.6362308911179317,0.00014358367254144964
26724,-9.123900207135499,-7.341256802534781,5.058404321941377,1.106686156375864,466.8093239440705,0.676637276706928,0.00014358932661509408
26725,-1.8073478558503222,-6.132679162506394,2.4158825715212338,1.560659472197518,367.2095571553521,0.5534569607838584,0.00014359195843520692
26726,-0.5395278662985206,-11.476916993554301,4.19285737320311,1.1006446957446299,468.05615857222256,0.8489649739108538,0.0001435926420189998
26727,-1.1540871729707405,-7.1403348667856035,1.2983599532411225,1.8272655309725516,371.63690460623644,0.8367789201701834,0.00014359956539256247
26728,-0.39663924293671293,-10.786785947664796,4.258999951757788,1.403305564910327,431.33627179290795,0.8251327535913306,0.00014360777992368515
26729,-0.0006080308747442587,-8.901596477004702,4.364526129831388,1.1381354954954734,294.6753350500274,1.8520643719079706,0.00014361342055863556
26730,-2.0400740177470045,-6.284862259355715,2.2325393445325,1.904533991593374,467.5224036536598,0.4910939179478868,0.00014361797349583377
26731,-2.442489952599476,-6.270791733656253,1.3010975097269561,1.7475956215637143,465.0523467177859,0.5927381906157807,0.00014361964129497884
26732,-6.7094303116843905,-11.00015773874263,4.792074071595146,1.0887528969927165,468.07037226731813,0.84756197962139,0.00014362011064496063
26733,-0.9230872980708664,-7.268444461685131,1.3478987900401636,8.749234569900816,428.43390975472016,0.13895006690816736,0.0001436476667387998
26734,-0.43020591228396476,-11.8886900941823,4.189477303307745,1.2971803881029966,320.83006310745463,0.4646640743581303,0.00014364920935232026
26735,-0.7971054322745701,-12.795938323898552,0.012654077358359377,0.9374311844044547,254.93065440265076,0.473348356512834,0.00014365500743617385
26736,-2.1048980710483622,-8.209813907324385,0.6619730456399879,1.1276894117392433,294.01623319995093,0.9774286532954912,0.00014366331275851837
26737,-2.6673152443124923,-5.823837924131267,2.0123599716711995,0.8033985345092984,468.41426219724747,0.39545463715499807,0.00014366881335860026
26738,-1.1211974916599523,-9.755310245058308,4.357029098546777,1.6252737754642226,427.9045814324104,0.25113294240222306,0.00014367269928504717
26739,-4.153808623522851,-5.02351649885627,0.9934992453474365,1.2554005557786496,265.3489882146529,0.0865252710856641,0.0001436790439516005
26740,-2.7855642564004146,-5.415535869530667,1.8216127455113393,1.0909513075938624,156.6875680432146,0.21394274539261904,0.00014369046882387206
26741,-0.8258252553103045,-6.771570094158514,2.9246612911340786,1.0640213840279271,284.51844668717,0.8196618222798966,0.00014369321762245044
26742,-1.7254926234835182,-6.814618012034977,1.7425305659270276,3.002141604596768,497.3802576791389,1.1465243422447333,0.0001437070416966184
26743,-1.4890686019861512,-8.28544310397293,4.215674980449538,0.8606016100060863,467.450757826081,0.6765765829088783,0.00014370930441107377
26744,-0.9027033957154877,-6.556192373310377,2.804967654441284,1.0893159394902145,467.0204969394626,0.6301582691250829,0.00014370934985256183
26745,-0.3452075980592557,-7.65812225961343,0.9892561953618019,1.2966439562609697,285.92872131187204,0.1173349141434672,0.0001437120758329833
26746,-2.1987445051697643,-10.783663382296666,4.2549170110812335,1.6982876299545113,400.95559811102737,0.3983168594905768,0.00014371246851792074
26747,-2.1842792759246823,-6.136584037215409,2.5110773092270766,0.9073225215128143,467.72581213316005,0.6825782074931643,0.00014373089668693944
26748,-1.913074690279002,-12.649539003304785,4.17300704152561,1.0623159979686971,276.26712072515227,0.785371336823725,0.0001437315488792638
26749,-3.3980594016264556,-5.269864873246953,1.0061510449804159,1.5058576580574938,361.5352346367411,0.8263249836281377,0.00014373522874152567
26750,-2.3019697760564366,-9.5218790120611,4.476770827268336,1.1576009101121365,238.27724700076956,0.06027729968066886,0.00014375142603382496
26751,-1.903332345497816,-12.724347472061707,0.013811176251682072,0.9903889167814998,272.95920108943227,1.675363971654419,0.00014375515217381803
26752,-1.543530790405752,-6.241658381498043,2.4427370184775965,1.526786578653928,347.2354922490662,0.23804049392886473,0.00014375594505933344
26753,-0.041867131161509974,-6.849694152798904,1.6453151448522627,1.82170646724992,433.4719366539957,0.5288503069950723,0.0001437794514563766
26754,-0.15114641565932807,-10.322362548778,4.329590355368871,1.8704416551197125,469.1403726884456,0.07779393177213034,0.00014380970004435392
26755,-3.1636794191911406,-5.677080361622069,0.7345181412943186,9.198108418596474,466.6875674595003,0.12111567403755963,0.00014381300298414804
26756,-0.5171176096923311,-6.844571561647125,1.651766173550451,1.4281424831354208,327.51471278898447,0.3894455107918118,0.00014381581861539494
26757,-1.3148371878229312,-11.145237741517928,4.2289045542984445,1.7462768631136085,419.73845478557325,0.3084047791909095,0.00014381891469633775
26758,-0.991600917503229,-12.808267145531675,0.013798809502627199,1.0838962677605624,467.34070523989635,0.7877008672876897,0.0001438311841372923
26759,-0.7493980377114866,-6.127205795168636,2.3926880841576987,1.1345897182716422,229.43188295498246,0.8448975677294905,0.00014383695799679409
26760,-1.8968636047233325,-12.482098679265134,0.016144236389792285,1.859796141566319,468.80773850938976,0.6069550700970678,0.0001438466331016061
26761,-1.201855649015945,-7.1596433435943165,3.417545968041504,1.2303953009506772,203.49448091269488,0.1129048983066605,0.00014384789576569757
26762,-2.2378750556440252,-8.755154557859278,4.332796950078602,0.8255098590269944,148.0449694008734,0.19225813412809512,0.00014386134408266434
26763,-1.7267041884312242,-9.888585196619113,4.349044193353414,0.5139496929770895,112.79199175745063,0.38306230911802164,0.00014386808115003614
26764,-1.1072513733689995,-6.792762256828655,3.078608911314814,1.5735095424357834,361.88055014171545,0.14397801415340883,0.00014386808151237802
26765,-0.39642033751956696,-10.00306929493072,4.378758231408596,1.5286195382534185,350.50910889751185,0.009410752704313019,0.00014387081600520507
26766,-4.276223499321158,-11.860926309783428,4.751587703379987,2.2860320631563966,436.81423907895856,2.175245646953379,0.00014387635703746635
26767,-1.0452236650885443,-6.759987187422544,2.9474921851535574,1.0679995335705281,226.60375706296296,0.6068363190236052,0.0001438802494424495
26768,-0.6668631561064391,-6.941534065740978,1.6968759174464236,12.44081639550139,817.2654263706639,0.2958380899258195,0.00014388676529134378
26769,-0.7044825126790908,-7.666394034672686,3.810706706040779,1.203663388525328,306.8468893730122,1.639990649792475,0.00014388724302887883
26770,-2.997705915051185,-5.746447981333447,0.7497381070817803,0.8766138465805029,137.4212366103663,0.3616004139690432,0.00014389155202216024
26771,-0.7255764961293281,-6.952198025113286,1.7325064151072567,1.1071436886214616,285.6041144122104,1.6578636856616766,0.00014389852233576844
26772,-2.245511679377632,-7.982513021135625,0.7180175787541287,1.986037868743422,218.58057425403302,0.1770935299012928,0.00014390136859681357
26773,-2.2957538951210097,-6.625590039350094,2.8952099272135947,0.6224287932920282,189.89588742918667,0.8665553438888045,0.00014390586581247846
26774,-2.439039519627385,-6.469403293117007,1.089338369141534,1.7256333741961014,468.05852757914397,0.7073484214641477,0.0001439064993177378
26775,-6.552439304277002,-11.729869444137575,4.689202480975232,1.1690549180816536,467.37055840866117,0.13423851974069922,0.00014391031354681308
26776,-1.449925071980413,-7.193240498855757,1.4776055243568107,1.2659036428599293,265.6058926650835,0.13297625225454635,0.0001439171591805643
26777,-0.1928357905617215,-9.365449318317312,0.25030990104715445,1.0419013315931815,253.4119321653387,0.11518906735025336,0.00014392103113481348
26778,-2.174126047609941,-6.6677439923572726,2.905532976407714,1.4790812275805163,330.5674880104019,1.0033611558314712,0.00014392283336435544
26779,-0.861485076354958,-6.1519007194486734,2.419343900661306,2.267081596084733,426.2715048187831,1.022901556702032,0.00014393273987000992
26780,-1.6015146946352683,-6.320317761329753,2.6504506280677522,1.1167446645637988,279.7055072882123,0.17885274716322286,0.00014393783229938787
26781,-0.7273052285586878,-12.622387611063274,4.171810608292516,1.3137380172063642,279.13996368828003,0.22699637431250608,0.00014395258868803905
26782,-0.4140102281309055,-6.991765315180046,3.2744213194872036,1.6483573632714978,382.9003874846496,0.4817740404147939,0.0001439711058348735
26783,-2.130133732505981,-6.8233200660367705,1.7595710691811415,1.6079604219797994,468.06756114320314,0.171604389064135,0.00014397463090173962
26784,-0.7844538066952804,-6.576771544870599,2.0729404023758504,1.0460410472347241,456.57668201080054,0.36532027719131843,0.00014398689089426624
26785,-0.5580127990559269,-6.27760099662521,2.43738398796344,1.1086499088859423,286.4840917680282,0.6725300021517713,0.00014399354731819245
26786,-1.8559923597667094,-6.392391487843396,2.164632878153454,0.890329707999776,467.5675849923202,0.7781626204825836,0.00014399512316337406
26787,-9.756533652840224,-7.72458879183468,2.7756529482781525,1.755545313789373,415.36139846118294,0.15486172080683325,0.00014400184856974615
26788,-5.174473834455491,-5.2030699187216,0.19127885159619704,1.638668274535618,468.1391248687851,0.5084557638550349,0.00014400427761399696
26789,-0.47766918335925723,-6.843704248326365,1.8231178130652488,4.248443199438308,292.79076041517226,0.24023513680704145,0.00014400921178688895
26790,-5.376182883420488,-5.252308533645665,0.03777532576729202,0.8174551304480624,468.0165447160672,0.017480348364348863,0.0001440267820440103
26791,-2.1004242413506216,-6.250564871531326,2.3447324545452193,0.9466746280591397,244.46541000368302,1.5318547981097153,0.00014403598817750417
26792,-7.131041509448269,-12.43729585945518,4.224426369094243,1.6192601354598704,380.56023235152554,0.24813777160972084,0.00014404964606158364
26793,-1.2411646668688228,-6.983014197069828,1.5508501673156312,1.631034232594425,467.79166418704017,0.7806906881694422,0.00014405277950299558
26794,-2.0198643218499637,-7.448036656517857,1.1793470318171695,0.9530682924776515,264.39207212372816,1.5235513927325153,0.00014405907646169422
26795,-6.822342125406864,-10.381783479734677,4.982983042947411,0.9036256274469351,318.83631723995273,0.7238958530120927,0.000144072114818333
26796,-2.234853346715102,-7.831072273070488,3.927619210513633,0.9637360270695363,191.77238781644087,0.5780787342864269,0.00014407447769435966
26797,-1.5425216484662911,-7.261709164869455,3.471153446162249,1.0864620200426125,467.74937005914694,0.4134602645259964,0.00014407849719304066
26798,-2.7758985835591146,-5.505572746586285,1.773100976127421,1.2007747567780453,245.43544812901473,0.24384669789948976,0.00014407959964182892
26799,-1.179255225504681,-8.91366700106445,4.373419056945972,0.8522465865071933,467.67559891694503,0.45167976718099734,0.0001440960735317065
26800,-9.761827463058918,-6.624365954563658,4.635715569246922,0.5701955291478753,164.71785043103137,1.2387174143782085,0.00014409768752976366
26801,-1.6930292966130605,-6.219169378213661,2.3124541262501155,0.7046675195776642,159.31921405990371,1.1661193719545606,0.00014413865863262382
26802,-2.179718301966206,-10.627362829901301,0.08554935099371556,1.1042153462301894,289.4385889023815,1.2249800343147683,0.000144145185974079
26803,-1.1207596688578452,-7.885165146351886,3.9878517141384306,1.1264910288649206,466.07082383831573,0.6972125614339237,0.00014414782698361534
26804,-7.444093776993279,-12.3098025164961,3.844793341076558,0.7839045451197958,469.5426413070749,0.1966040369003652,0.00014417360000951374
26805,-4.543254073083382,-5.2775619674551475,0.6114185318796412,1.8753688145492808,452.09696330179077,0.06024078232633112,0.00014417423626875592
26806,-4.441331665449758,-6.003069268451333,0.3525238135908233,1.0244353017811154,256.3876777224876,0.9096222770240345,0.00014418487100626353
26807,-0.8307735743890454,-12.837726561494206,0.01606608575659356,1.7926150950631752,426.66275957687753,0.24099508626127975,0.0001441887794437894
26808,-6.969962562947334,-11.49891310215935,4.49408640712361,2.2335594650165045,428.7597949587334,1.5157271408261952,0.00014419354735661233
26809,-8.47238332007912,-9.500971173159371,2.5669632077377784,1.144921947154828,249.37547217696846,0.8092687756434787,0.00014420387789253317
26810,-2.7258590891040964,-5.55049245061237,2.060409232237243,1.4075684706866287,468.2061236934586,0.6845570761870476,0.00014421198582390525
26811,-1.558563686654157,-12.61369378428184,4.1696092571612215,0.7359092042538624,412.91760850358986,0.3433322963049106,0.00014422901487095788
26812,-2.1783790765432496,-6.979503149120751,1.6919051332481745,1.0476356655793833,196.44091501659597,0.10799540185385492,0.00014423376623074887
26813,-1.8914083597318143,-6.207691043259444,2.1849312397725043,1.737675130197109,410.59351738889427,0.41883539315871143,0.00014423812008243698
26814,-1.0368969338151484,-11.220123914244263,4.202340155166002,0.7333948948829352,163.64089993832187,0.3608238421525707,0.00014425081385331716
26815,-1.633916045890924,-6.5765293763638715,2.0892146190363743,1.0679300843983568,270.9171248641618,0.7732368774529101,0.00014425158828739108
26816,-0.7097069902428181,-10.371885637827813,4.2956200258587804,1.3254623903068214,295.36693875922776,0.156652662748483,0.00014425579012033942
26817,-1.415269905147241,-6.735907167141311,3.0016545192241133,0.660789030438397,135.65820227430257,0.09689908551353277,0.00014426500325215172
26818,-8.002102576579361,-9.461534422674577,4.13974600308312,0.9723097854906041,468.0510166782599,0.7028480340088308,0.00014426825455912781
26819,-1.2597099318754559,-9.838306993369205,0.14146774699232922,1.0577180148264504,275.940929450471,0.5281239764741361,0.00014427731382310582
26820,-1.8508827132332826,-12.317470205089357,0.02072575581079859,0.8896345130285038,233.35196907011294,0.313938985576538,0.0001442868839158311
26821,-2.0044738928567227,-12.559180968760993,4.224790077420662,1.0020562125795176,264.334287372954,1.1133254061708024,0.0001443112551901109
26822,-0.7671473250050429,-8.755794148268738,4.3662692016829014,1.0014124549533492,210.0619324307069,0.6140470564816063,0.00014431576809546264
26823,-1.866173531955095,-11.64774690919274,4.191605497822335,0.8329391945009715,467.4148542820035,0.549912042541135,0.00014432608711691753
26824,-3.3795262895411815,-5.882762919411906,5.136522652950728,3.0019876477823977,484.1122961316514,0.5402674722514123,0.00014433245658237236
26825,-1.6910411019752818,-7.322474380565974,1.4070629560591752,1.1309719474676456,467.56683421177144,0.5654177234890154,0.0001443353766721247
26826,-1.5249258178341396,-6.500768080264815,2.6992810141514645,1.107416740210811,284.9876723262444,1.6704368130614409,0.0001443436493387983
26827,-4.901119090165981,-5.212672339448423,4.70115829306047,1.5798900712654556,365.2962782945463,0.11861347139282064,0.0001443505618256579
26828,-9.617753556924278,-7.867787391291832,2.477768798649686,1.5907069695126332,366.0867262157316,0.9019851145743365,0.0001443523206745521
26829,-4.286035416884284,-11.82156847595794,4.75794889911138,0.729017200376816,155.36227821188024,1.1299508033857881,0.00014435252507910036
26830,-7.7242806040759735,-11.771869126637498,3.403623145210916,1.6075191905002137,374.1022364217291,0.9611543972590697,0.00014435371209040685
26831,-2.157350621673447,-11.162791014054811,0.04955956016726646,0.8445296314670365,176.27720310877828,0.39805172775781994,0.0001443582467837061
26832,-0.5032743192320606,-6.303397912420423,2.3462689194354387,0.7496899634080212,132.4756555209432,0.11160767430227203,0.00014439393774820448
26833,-0.9949094236178109,-11.619754723372115,0.032945585445502086,2.605635336774069,462.5328229399924,1.1678928724524846,0.0001444179733921388
26834,-1.3146432526628011,-7.790310633060584,3.9120419422305455,1.4404066174917096,332.77731393854816,0.9834299838732958,0.0001444189283803482
26835,-4.068090931255418,-5.055880432415044,3.94948476738794,0.6937095173768156,467.88315233848016,0.37764241790741426,0.00014442469835205737
26836,-1.9373581302052685,-6.409727482356086,2.166937002716733,0.9504825369758538,207.53953524402277,0.014024723569448838,0.00014442900896536495
26837,-1.6731910496039362,-10.916165555835914,0.06516065599800072,1.670132975862611,390.95449763379753,0.18986754768784042,0.0001444364996934262
26838,-9.65253283093613,-5.243532473069813,1.4935051351380584,1.6110898110057064,461.7331161455607,0.4014361003024236,0.0001444489615289112
26839,-2.8063030493924277,-5.37110508326509,2.7549455342280402,1.8958465092701153,463.8935403400625,0.6340142863321683,0.00014445617770335304
26840,-1.5607439759228896,-7.0930105876963605,1.624898958925528,1.8333651864094338,371.59814872965734,0.8256199686118242,0.00014445820616903614
26841,-7.59361953381457,-12.243049777675203,3.5997779651672692,1.8851968434739697,453.75323134682316,0.4201622653549073,0.00014448799596801005
26842,-0.8158013839973961,-12.317305257221204,4.175356439017695,0.5225378364109207,140.83947848774554,0.6258291627900272,0.00014451262963830765
26843,-0.812482788199544,-7.21277597141456,1.5214138104739785,3.2368006542812053,505.8806448124886,0.5897623041940596,0.00014452121138790292
26844,-0.2589022764547426,-6.455018648134983,2.588571440599822,0.8489332766714086,229.61356553931864,0.8540375181668756,0.00014452704205153332
26845,-1.6941842966916987,-6.305140411502816,2.4457995611886885,1.021186244123378,267.4317061246365,0.41744154775145415,0.00014454884800317602
26846,-1.970634469562258,-6.20813005486815,2.3002252515635906,1.2422869844188076,313.43498168112114,0.48102570617202023,0.00014455243298876032
26847,-2.29552629422816,-7.36123236930584,0.8488488516679809,2.2502002387186057,424.35325928956445,1.0067886655853835,0.00014455624122121306
26848,-0.0893167754984816,-6.626498382481515,1.9801513208590718,1.1532838143068662,296.1574234894509,0.999823559133656,0.00014456751423004257
26849,-3.1569907451601633,-5.552920902396013,0.8662287856202083,1.1322238377585765,258.6856717875717,0.08452733887462482,0.00014458085500243468
26850,-9.553096368515307,-6.593311333049282,4.952272369018417,5.166872527958761,629.5615660589697,0.43375341736935535,0.00014458674056771668
26851,-3.751932364622082,-5.216412254802704,1.0027586907112132,8.804306846034278,626.683715991144,0.07370237681367353,0.00014460470975312956
26852,-1.0793233737494106,-6.18704861769176,2.422482402723413,0.8477183498144272,467.2625460919153,0.13735969482155852,0.00014461113563817571
26853,-4.489423459989191,-6.2410777915060045,0.1677399589637543,1.8958337430141359,456.96860988765565,0.575714300754095,0.00014461429650202692
26854,-1.3412602017377662,-6.310177892770864,2.5009439867212904,1.894740863347376,458.0258729764766,0.42720650990350606,0.00014461887783554308
26855,-0.6281737242851264,-10.640135006728416,4.264892826397761,1.4898137289826894,467.73836922831964,0.08711980659615914,0.00014462138791866767
26856,-1.4737713159146661,-6.589864990629647,2.716132928744299,0.5169363388915785,132.63391294205599,0.8072106204146694,0.00014462550725815012
26857,-1.7203663089130679,-7.066851119060733,1.5377551444417719,1.121301906017504,252.79496253636606,0.37132316256209297,0.00014463398197686484
26858,-2.0387076322287703,-7.289283550588527,1.3396455117046955,2.427049164945924,448.056627113265,1.447325913749042,0.000144636845626311
26859,-0.20799376895521426,-12.014386990140414,4.185121596035032,2.3301675027287896,440.27335606795515,1.9979369194105434,0.00014463777035030447
26860,-1.440208251622316,-6.982856218664441,1.7250242854236106,0.9369504941693646,467.18846252932116,0.6085822827135745,0.0001446473467998513
26861,-5.43202840615343,-12.07011190824716,4.751244731582371,1.0300684485748204,273.89490993964256,0.9985808419015951,0.00014464773312036403
26862,-1.303638638869348,-6.340483605497731,2.547305423946893,0.8408455838086512,244.41978343118944,0.4292295313867429,0.00014465267427098296
26863,-9.002445850849869,-7.718589640104624,4.761687743941286,2.23772880143281,421.26215329307104,0.8893353729385929,0.0001446567974324506
26864,-1.689262655379295,-6.33467686466991,2.361412801700089,1.3635830625822418,331.44145712718125,0.5296869317996391,0.0001446581467229288
26865,-1.8075791050313494,-9.273724598941284,0.24494977778289082,1.6882999772504717,468.04849835728385,0.48146887808358674,0.00014466082672652625
26866,-4.118478386732585,-5.958307967330184,0.4130622875434861,1.6871177271393454,467.7474964053351,0.37432763979352934,0.00014466913047511118
26867,-1.9058017168083339,-10.434950816849408,4.285694598725994,1.0892692432682267,290.4762785902771,0.9961012892430059,0.00014467088268827155
26868,-1.7101151322879442,-7.959344965162037,4.03391170647516,2.772376973174793,443.4514170192384,0.22869312443027923,0.00014467487774387947
26869,-4.735185448554251,-5.298220361532675,0.5378586250323818,1.7004447455008866,467.90937496187803,0.48610850099085656,0.00014467572067836497
26870,-3.2069853591843938,-5.26695572825943,3.907960928407239,1.6428511069577885,381.09374021303574,0.20011315826771714,0.0001446850768890493
26871,-0.935161938884443,-9.02253466031329,4.40221268485376,2.5582411795193942,452.4703326860967,0.839011688118422,0.0001446916676694924
26872,-9.536907779558364,-7.91099774578836,3.065325527586391,0.6470739334517821,155.2509219882108,0.9394576419766958,0.00014470254053586842
26873,-1.7864435436612496,-8.679203362756528,0.45022402915554766,1.5359130986698508,155.9709684434577,0.29043115770608274,0.0001447058819470631
26874,-1.5706035836052834,-11.72450770912745,4.188361798256255,1.1412786650999929,468.37908006161524,0.34793117831742837,0.00014470777369750788
26875,-0.6484632422896635,-6.251503786444291,2.240409667628527,1.1719127699916012,221.98306080726675,0.04478816391452334,0.00014471197262631865
26876,-0.06851545545105076,-8.95330394694145,4.372349645657791,1.4495603872080167,168.27127060903865,0.4257257618351771,0.00014471244322040593
26877,-1.9143961403796883,-6.6850712229928595,2.01927422521968,0.4824730168719354,129.5617715123059,0.7759533766319331,0.0001447520810656864
26878,-0.9080114229114411,-9.4770116839781,4.358671020021916,1.4071829069896473,337.22683737105274,1.2206736811764642,0.00014475350512652756
26879,-0.6334241671393563,-10.100507073891517,4.304518103208046,1.4371353211196518,320.7246118412242,0.052362657715855576,0.00014476669819517434
26880,-8.003724770347553,-12.738002091537231,1.8690755663257448,2.551991636308039,462.3456159807682,2.1959206559968356,0.00014477428538950166
26881,-1.0737665285450788,-7.305367661595961,1.3410660458380403,1.7098246172733518,468.061614119026,0.7091205721219866,0.00014479381701985303
26882,-2.970093280366445,-12.858822761289083,5.028040471549414,0.8636715382837933,187.30656025833932,0.7083088739492736,0.00014480030943951407
26883,-1.582006738337661,-10.856937061869232,0.07244543156019599,1.5177397222265006,349.85043564444413,0.12992590263597403,0.00014481058517185028
26884,-4.293804194605047,-5.010265571354879,4.165987722663744,1.8806364739376353,468.67521087842727,0.5683473259895866,0.00014481122423841644
26885,-1.9255137815561465,-7.040443070465664,1.557119673116495,1.1753878195827505,245.33049227294757,0.6754769822590374,0.00014481639292867688
26886,-6.597802589386204,-12.133813821324278,4.614699941996458,1.7574467487284466,375.7077810925699,1.6037666779856634,0.00014483125467588896
26887,-1.9603933059852583,-10.070956974186572,0.11809627538942415,1.015649310102305,274.75062200104475,1.077866557723703,0.00014483217404955497
26888,-8.24035740105726,-10.407354372892216,1.725745200895139,1.6544830279485117,468.2028271201931,0.4851217615070267,0.00014483425209650227
26889,-1.9657536996208247,-6.826680784806637,1.7488094588624177,0.572338331033644,164.40705686156426,0.5830679316234679,0.00014483441978115752
26890,-0.1307622916511484,-8.810685785534158,4.3743198910181,0.5071448787380859,135.81756338539827,0.9082671337544213,0.0001448370356053216
26891,-1.7127341045490354,-8.783858021212012,4.352461867124826,0.6812775417079173,175.27607889244442,0.3875980563985193,0.0001448387033866008
26892,-7.274609558247263,-12.455292558695035,4.062796961177789,1.166121989735739,276.9821551664929,0.1276198432023543,0.00014485099247461296
26893,-1.0413135026937113,-6.1797511872024495,2.395823667456353,1.1748040436384097,269.1076694683539,0.4920840137116551,0.00014486248922487775
26894,-9.747386431827437,-6.536798578829129,4.684940616495013,1.027884719567488,468.3993031020734,0.5361080642824794,0.0001448681806327443
26895,-0.5301798261949209,-10.282949510344794,4.325258681863971,1.630213473363719,381.18496175512206,0.4509730921173043,0.00014488472454857526
26896,-4.530335472289469,-5.512306041219922,4.783180078673248,0.9080469221750495,403.17874019848495,0.42056958428869073,0.00014489119761062306
26897,-0.8096852515297819,-6.352155107577311,2.6449008757655528,0.8083605909310431,175.9033573670589,0.6460905575234586,0.00014490963513818798
26898,-1.903085947445252,-6.363026133574154,2.252398531308463,2.616884156733012,467.9717087706245,1.9955418366539526,0.00014491882668910423
26899,-1.4862380661866244,-8.325496391601451,4.197339533735402,0.765267789668043,144.36156245082853,0.08610611393872425,0.00014492966665640024
26900,-8.163510305663461,-10.775205041901833,1.6722164580233323,1.5273092035301903,469.1491142140696,0.6335323655560483,0.00014494604529570096
26901,-4.981915839917171,-10.594221905372802,5.116265248475062,1.8578611866747146,468.3844587657836,0.5716226634661927,0.00014494827241672828
26902,-7.4637933811475605,-12.721487670955474,3.776029236668541,1.7166975758875582,406.12281069213583,0.3762682459840212,0.00014495110656785511
26903,-8.257177018572225,-9.939571129365099,0.5485277764568306,1.1528689418599638,467.2328771168162,0.4488500517166871,0.00014496208678579808
26904,-3.962872270452059,-5.8585205113889245,0.5564355228613271,4.777895953457113,614.1859988415592,0.8836103025569377,0.0001449638812867363
26905,-2.323275171879545,-6.799022082350585,2.921787985410135,0.7497124547638983,468.06179811365286,0.48126562512775717,0.0001449668151577238
26906,-1.4380312457624225,-6.134322523578163,2.19623938217802,1.095811537905043,258.83778825644873,0.7866744925726668,0.00014497370160235776
26907,-1.2642249173158646,-8.78921450015789,4.346729449746394,1.1273587810916954,235.06816698520996,0.9398529708204801,0.0001449788738329353
26908,-1.3705853130492578,-8.801819627089221,4.369407455639229,1.125013334675785,287.5946452092656,1.1709588265174249,0.00014498092484102338
26909,-9.778280947841838,-7.015058842308954,4.340105944409202,0.8238889134837959,132.034497441356,0.2913673678525921,0.00014498488165616124
26910,-1.4213113515842295,-12.082278108122031,4.179438145155172,0.8302633912119598,242.94781777295975,1.4734053750199552,0.00014498782875789663
26911,-2.1975418452124806,-6.928275360995131,3.1496942241844326,1.8294852389179865,438.3441937205718,0.5458360436676104,0.0001449889171708663
26912,-1.4310270750541996,-8.971429266456514,0.3591958909175908,0.648317420245327,184.50355292257422,0.8664208927498196,0.00014500058626117361
26913,-2.127601373471764,-9.392030509120143,0.19831348697979204,3.668486978180218,543.1081970204897,0.754541527712191,0.00014500681415185473
26914,-1.3323024833731836,-11.65269397947631,4.189577181829268,1.3353526800962878,468.8630524865833,0.6054302032939836,0.000145014203680515
26915,-0.33846907257980874,-7.296418486851475,1.3352086346321417,0.9101416179766707,469.6766759773056,0.09105412489755427,0.00014502715997287782
26916,-2.3117020781393807,-10.240927378240322,0.08865532059399865,1.6723321389074013,393.3946367506808,0.5846295474367924,0.00014503480285734275
26917,-0.5514648194799712,-6.7798784886126455,1.9110387269573081,1.1511158588007908,297.786662452911,0.6035427055034992,0.00014503742945093013
26918,-0.10949527691776062,-7.513208491006926,3.6366582848008475,1.3515490328113275,330.1940375401223,0.38407826169711967,0.00014504341314007697
26919,-8.344965838397663,-9.661546801638297,2.8870723396052314,1.8590477796514135,469.93282481843636,0.0977322791091142,0.00014505925031406443
26920,-2.0707337169253437,-7.225827395885218,3.450618820124696,1.9086110838675614,394.33461368603065,1.9529044308599781,0.000145075954436573
26921,-0.6483308255977978,-9.633151914690398,4.356227673589617,1.316838838690072,300.7097071607828,0.5140372859678797,0.00014507664758463753
26922,-0.16188584287080232,-8.396870065308448,0.6001976538904913,0.9831421072674231,257.6898417650462,1.4393111103591245,0.00014511971860861007
26923,-0.8676910974924859,-7.76712334878461,3.8959190202322667,1.005177467513135,214.35233135677507,0.5440161420985268,0.00014512043518284207
26924,-2.348983676537718,-7.896206746612658,4.074934069994995,0.9256847038541882,241.62106819017558,0.7107280723979637,0.00014515788382117497
26925,-4.889120733889891,-5.254807664798829,4.832571718568353,1.0241575169365094,274.82173703126466,0.8934120044198588,0.0001451631098791376
26926,-1.3327746478601803,-9.968196502759632,4.36737813945904,2.068316776115845,377.59886202559636,0.40978397098276353,0.00014516938597345012
26927,-0.8848518420982288,-7.663394834399245,1.055779601267905,1.0161715817165113,467.50674837966585,0.4781797660844642,0.0001451710739637926
26928,-1.0453834192208191,-10.670460704251404,4.257256564821021,2.441687142918803,451.60354531843643,2.0052314593706955,0.00014518647318603593
26929,-2.250115110602227,-7.5568766642845215,3.735695722743858,6.629047752798218,409.6377435952275,0.15458051376074256,0.00014518877562296254
26930,-1.1393668967184958,-9.7863784587216,4.348325425115283,0.8493005695936068,467.82419723779634,0.2528691402646306,0.00014519924351293523
26931,-2.3890686107912824,-6.603888993973005,1.8186641841558946,1.81338034642902,431.2435011342289,0.41496211840782493,0.00014525152054426662
26932,-1.7433614445588077,-12.359060573909618,0.027209005291024865,1.2313497288053075,468.36313464466855,0.522508152102561,0.00014525193055676608
26933,-0.5609340840317074,-7.8057855944975865,0.9049802310327301,1.555062202378295,245.92948044199622,0.4194703826229427,0.0001452668396632913
26934,-0.5457948560195689,-8.394233741192338,0.6356172107182853,0.8601435979415144,187.48880855833022,0.07033990566324277,0.0001452679829316267
26935,-1.8621546263100832,-7.296683496318098,1.3366586190917629,0.85142780372908,187.30027043163756,0.4291535950197236,0.00014526931759127536
26936,-2.7321689365477067,-5.590175841474091,1.812488923211093,0.5817640845559552,133.02571021738274,0.9394210537007739,0.00014529481029598476
26937,-0.9404875067800038,-8.000996157824297,4.023621654702892,1.603421839118422,371.0762362785799,0.2190947290034151,0.00014529519523388105
26938,-1.2273249274762001,-12.005129465838504,0.031794252626838784,1.6944774128568283,397.62264711820995,0.21769209096330489,0.00014529524970038516
26939,-2.362358740594262,-6.530254681129135,2.756800098895391,1.0136839726542761,278.1882386133764,1.6418350010983511,0.00014529932933164897
26940,-1.5540100328252002,-8.956037398090713,4.361559753586152,0.9550730536880876,467.6864840645295,0.4118821173849474,0.00014530196177009322
26941,-4.24598130772749,-5.6417043943774505,4.915539736399296,1.2712345073465057,280.86353928698105,0.5798185005496839,0.00014531035413420853
26942,-1.6158042583360306,-6.602330738149551,2.8037564498369543,1.302717919121671,321.10318038371975,0.4527500345227038,0.00014531915472172638
26943,-1.4300078330921586,-8.028314750256175,0.7837365450866105,0.8577254763007537,467.93706559993734,0.41418534182322553,0.00014532205935785902
26944,-1.5639500001971367,-6.685645848983619,2.83660735847987,0.9232431708184082,229.8548995006865,0.2131018281394761,0.000145325626499375
26945,-0.3480952121455321,-6.481552746977791,2.4892784227678124,0.5537687132332676,164.65702779234888,1.1093998686780102,0.0001453269764487791
26946,-7.909971971082772,-11.661703312954826,2.914150595764209,1.1101358610213854,467.921881434084,0.4066281397249236,0.00014533230668691338
26947,-0.49192216848411263,-6.272304505353341,2.3417895299630263,1.018647937892376,468.2464544104575,0.7933158108273863,0.0001453366947001768
26948,-0.06024365637301976,-7.823330581325177,0.9213734552122798,1.6729340755321005,325.39730206080975,0.12677026598947272,0.00014533956149776216
26949,-0.29908470427371725,-10.475607769342755,4.275903537736701,2.3537234090780976,441.11878136748487,1.656263749522294,0.0001453440534082589
26950,-0.9032907997676833,-8.202423583209116,0.7030329086544664,1.120258249510562,292.4957528791309,1.0559684747036728,0.00014534501930429385
26951,-9.75978322035354,-5.828570230668968,4.738786928640537,1.822748601762064,436.23254167712753,0.4585905347274277,0.000145350411680506
26952,-3.1261497459833514,-5.405749293865583,3.91733541724375,0.785789972145927,233.84291115012186,1.3312452610541543,0.00014536475883009843
26953,-0.9341311578254956,-8.929719096856775,4.355153436891009,1.4484480699555333,322.9496384725385,0.8549849697643754,0.00014536995817034543
26954,-1.938402832113141,-6.830419196272702,2.977116716816074,1.8092826523786791,467.8589219251736,0.44754144695668163,0.0001453716466135901
26955,-0.3076843301762384,-12.458511653376076,4.16361422273808,1.5362693764312612,359.0348344739061,0.28766233709736877,0.00014538153410847108
26956,-1.5709468302229581,-7.99673483117338,0.8396653838824588,1.6220992403495478,357.2861671455915,1.5109465556328514,0.00014538392488360052
26957,-2.154603664341142,-7.844124598074577,0.8905709158130239,0.7256766282795308,209.99664967742848,1.4218776463349245,0.00014539026025630383
26958,-0.2041093734370918,-7.482118879805057,1.1834156070452475,1.1488510573678774,294.71861992158523,1.078128416500614,0.00014539092068939822
26959,-1.667791897614185,-12.949860510129243,4.152290176775458,2.5740543615134297,457.67997234433096,1.069950313415652,0.00014539302071782625
26960,-2.9463006772894076,-5.263262354062789,3.1656690422006744,3.352916812019965,504.03337215323774,0.3480943753148589,0.00014539444399587053
26961,-0.1403257078245268,-9.060738869391948,4.35901111956686,1.042917908097628,279.51265403794554,1.3961348649759993,0.00014541129451535055
26962,-0.8200527749071291,-6.270329486550586,2.292842038839838,1.706199505111406,468.3745506909589,0.4968644667997415,0.00014542894622452039
26963,-1.4446869837633187,-9.914429131292271,4.306532725884679,1.1718992094549023,297.05869921664623,0.8704080862854413,0.00014543371471383148
26964,-4.931829177434672,-5.21063589107916,0.4366168777952235,1.4179482919520594,333.05404745982116,1.2839772650565484,0.00014543732998026468
26965,-1.5508827654573292,-9.64373197600042,0.17413308847922343,1.8161556322041086,468.25360918074716,0.6650247137205634,0.00014544314548690284
26966,-1.7853132511739016,-7.323022577660107,1.2066947229883143,0.7415869582790683,195.81506616840596,0.6135299783258246,0.00014545202154929226
26967,-1.3244605302684835,-7.52542457535864,3.6940295185385055,1.3016717170827792,322.816861650463,0.41654138211341607,0.00014546871596515814
26968,-0.49278846139086596,-8.538238027016392,4.274393356016509,4.202510229421778,569.3506086337063,0.3554217228001635,0.00014546890939904389
26969,-1.9305600297303815,-9.055922435252377,0.3206056540214015,1.3074046424537566,296.04309018103055,0.39622608205458754,0.00014547583017044262
26970,-7.936776290226671,-11.486725913913371,2.8745945563329642,2.7623279941926495,481.4894682589124,2.2417692207777113,0.00014548509941733238
26971,-3.8769321424001273,-6.70344700380081,0.0019449273523562145,1.2247755294156029,249.05315457839333,0.030215233583317236,0.0001455118006556862
26972,-2.362129061750167,-7.068137057822012,3.2914736465582313,10.618466453335229,417.8781253830463,0.24066269658984663,0.00014551875082766184
26973,-3.381820107825904,-5.528420301748565,4.542528031495198,1.1899306558267653,303.00365845083684,0.5126107223110212,0.00014553853794489882
26974,-0.6691912138054423,-10.219753609868006,0.09417568779887958,1.1866602576067808,256.8092506598845,0.3142550167844247,0.00014553860034990655
26975,-3.0488313206079356,-5.787074723418071,0.7007973595684247,0.7795363192339867,173.34601187686377,0.35097346267396823,0.00014554494749351241
26976,-0.45324945624927615,-9.173976650152042,4.358172121004988,0.880531310724918,243.55410112441922,0.5994566216972759,0.00014554796984062504
26977,-1.6275148354564895,-8.235872125340528,0.7135479773455162,1.087425952293174,470.35455409612655,0.12314262379211183,0.00014555449733857125
26978,-1.369001039902141,-7.348533025619923,3.5506468797973483,1.0380956002112325,468.99708910813115,0.0006338931801872505,0.00014555523248025302
26979,-1.380254521431901,-6.635010739524606,2.128241051722775,0.8487555892569304,466.9727482596959,0.02055518077706875,0.00014555994733848673
26980,-7.984709731927648,-11.198867223655181,2.8107169172607405,0.8128506725128234,171.22032536511267,0.6818349095481215,0.00014556512374867004
26981,-2.218398297009112,-11.78363998716228,0.0357837983912551,1.1791676889735905,296.2021592306299,0.6692656926373175,0.0001455671912475056
26982,-1.896474713732081,-9.803539229950475,4.382992388728877,1.5493867270252581,351.5275363809464,0.3986299176884964,0.0001455720361494359
26983,-1.8596492494276227,-6.350222187105094,2.345752396952992,0.868404860455415,467.7204990230618,0.5330009792230763,0.0001455723410861052
26984,-2.8604922720029595,-5.098024807263956,2.587640627925336,0.799683234711566,197.15008949059728,0.13141727243318968,0.00014557367247015708
26985,-0.6765105434201324,-10.243310925720614,0.09119403714689327,0.7256362319149786,166.8735222781023,0.17514753946520134,0.00014559704912205784
26986,-1.2311449488935455,-6.960646508418945,3.1669974485616357,1.3388508087946598,295.5917379113044,0.592610317353155,0.0001455974957372906
26987,-1.7062107954040648,-11.346242868014171,4.196478738975456,0.9310714785127193,468.07710834198406,0.7177387755440998,0.00014560608454621682
26988,-4.093461318267907,-5.03808254817514,3.9395885610574743,0.839482651951506,166.2720637029755,0.11773675278269646,0.00014560697824537658
26989,-2.6878529316384023,-5.981691769221432,3.2554861079404724,1.1023356515683853,284.9858675716831,1.5739643858851595,0.00014561880166209137
26990,-2.884129259939793,-5.179360331264574,2.7012272976685385,1.7735005865944928,310.85726114797114,0.14026246794077224,0.00014562351615954314
26991,-0.04396432900921354,-7.143544172060358,1.3075116985654243,2.2158914067640896,429.26948330664567,2.174562773368126,0.00014563186742215303
26992,-5.057936071306695,-10.510503932416785,5.156838583302936,1.1265526986770398,469.4490818992651,0.21689686623500837,0.00014563412006893926
26993,-1.2904933284819489,-10.190100213158605,4.314827976464386,0.8827128457449837,469.72181076994354,0.14313131402825796,0.0001456384445640427
26994,-2.3534413115601183,-6.922878019569488,1.698254494188941,0.9638604695962182,269.9555932544583,1.716857320390127,0.00014564530314025586
26995,-2.229038655642622,-6.684008049184057,1.9855696461396455,0.8868847659885968,236.5542288640489,1.0567428191126416,0.00014564833263657018
26996,-2.6222127981902696,-5.843744465883055,1.0519515008906068,0.7705764256525873,205.92231185190082,0.9120995582680544,0.00014565170388035153
26997,-9.706632255239624,-7.3052284162164804,1.7044087370601624,0.9322013175959712,258.2174948332192,1.1462100589124429,0.0001456561591500888
26998,-2.1604677487365285,-9.93388631696255,4.366968457845288,1.5735817550251536,468.70547758342286,0.8245018883880659,0.0001456603157068923
26999,-2.0990014579369545,-8.250663943580143,0.6551672436500745,7.5926198209738365,729.1948873053043,0.40365265172208886,0.00014567652012770316
27000,-0.13151924152413486,-7.178767479531207,1.3050558838545079,0.6895941926490837,468.18988208333093,0.382134531053115,0.00014568236571585027
27001,-8.275187688973904,-8.546864290613048,4.838526244203252,1.0246876537153375,267.47798094486444,0.7670049495234714,0.00014568423625079563
27002,-2.1687566605160082,-7.299780867934213,3.507510745467677,1.9253894872754747,388.54939755099866,1.058050073151101,0.00014570973264946946
27003,-1.8547812392781697,-10.069332515824197,0.1250696240883444,1.0756993878076428,284.1268325116937,1.3305010374059645,0.00014571656672543662
27004,-0.42734322201313013,-7.248116525326152,3.397177366533328,2.5019743134460577,456.0774062537343,1.6457971134623168,0.00014571679122985217
27005,-1.4025761341799647,-9.156246704119008,4.402611969188482,3.4939554290915393,535.5134746238577,1.136964386222794,0.00014572761290952468
27006,-7.299862680181188,-11.333089900904387,4.196529192840757,1.0091716398754198,469.2523684541374,0.039712281504818314,0.00014573646955818548
27007,-4.670265728545813,-5.008756456646525,4.293242259406023,1.3057905566281494,307.798487618342,0.8761980608366651,0.00014573671509056629
27008,-9.789964911912696,-5.365061152164855,4.667069977319487,2.438775214032816,386.5014411701457,0.1700136218050634,0.00014573960865971644
27009,-0.36926962768673377,-11.179429561559228,4.200975485393052,0.8403386419472366,161.18003416314681,0.14892616720841456,0.00014574109703466143
27010,-1.663193918915841,-7.01890084090542,1.7383291067812094,0.7596952833540787,167.15738768501137,0.408361907070252,0.00014575126039737796
27011,-2.6694817908604174,-5.869526628546902,1.571690572573001,0.7340336732484413,152.84422413690197,0.14465496513966958,0.00014575797776701473
27012,-0.8717203372161162,-7.2259814473870225,1.4123216216993515,1.2001227238686951,252.294797069733,0.38304559547764505,0.00014576404671023404
27013,-1.330049322708419,-11.947448791974672,4.1782272371083025,1.8369638297190378,380.57115086572867,1.0181030024553879,0.00014577216590133896
27014,-1.6674695563914064,-9.834969261035706,0.12098622316786255,1.205315216036628,468.903311063647,0.9161536320998236,0.000145810630452786
27015,-4.9805110695595385,-5.248754583558424,4.879382474458334,2.832081872909627,484.22624785207375,1.358424641902368,0.00014581550116091142
27016,-1.339552873370911,-8.94184078756687,4.385349015028026,1.365860266306797,315.8395230996347,0.3171055664290954,0.00014583184055490332
27017,-2.3251802430518094,-6.896915415441259,3.114203715341848,1.1351285637786124,448.17882377066775,0.3016119991971902,0.00014583284460400615
27018,-0.6888801118514127,-12.783319697877094,0.028030942129857062,1.6833903697341697,468.1089393950832,0.735931690501106,0.00014585690366790118
27019,-1.425042932884768,-6.78797913119358,1.9214047751803263,1.8325244397301776,439.09697209916163,0.3299721274148757,0.00014586009014327462
27020,-2.3222369376913417,-12.695129959716798,0.012901563047729554,1.136972777371974,292.19460504321535,0.8928766367096497,0.00014586045190809592
27021,-1.1684796610443406,-10.954601060577067,4.20443836087038,3.287961793407213,516.5348121916396,0.8698550268800176,0.00014587957799608683
27022,-0.5283714359260845,-6.637182346731484,2.8564005734360167,1.5055858619160827,465.61028568200345,0.6472767654529461,0.00014588708314778744
27023,-4.768175722330501,-5.956766604672107,0.25956502208724574,1.0935211526645434,276.23256673500657,1.5513342041821323,0.00014590425569366137
27024,-1.210663919626203,-6.5459586167614585,2.7560274704622554,4.321987033979754,568.3606916548597,0.2791417129318985,0.00014591304680869736
27025,-2.2941346200282178,-6.863000687193596,1.936843088092769,1.1884983750234936,287.30782386603636,0.45258650757666175,0.00014591914557567266
27026,-8.588421859228266,-9.114142169118868,2.99709217400218,2.4893980177878836,275.31210669038444,0.11616786152288672,0.00014592744630063622
27027,-0.3338541751330659,-6.996578008386714,1.6995106307824048,4.355003592754635,581.6988420321588,0.43218090476588866,0.0001459558093871971
27028,-0.196680334339149,-9.221496844670694,4.40284026076859,1.8308107629773769,437.1471768919358,0.2122998459728498,0.0001459626526255771
27029,-1.7679040573871792,-9.212845404363494,0.27855417792126774,1.0612592145377613,467.8749904034552,0.9196262701612463,0.00014596336203935334
27030,-2.3829815518789648,-6.871593896083294,2.9506988736239954,3.084827843074295,501.0287067847291,0.8775697267843254,0.00014596802645277813
27031,-2.1142668912289064,-9.600992901223067,4.393863813277124,1.860825601911438,448.40303199426006,0.003449491253498138,0.00014598027912953105
27032,-0.974186331488287,-7.237248612267498,1.5177976425479234,1.1243832516840293,352.33821897494727,0.8154284281447586,0.0001459938600115195
27033,-3.696001154233876,-5.071766669871882,3.8285933204362337,0.7476264768922654,200.0927079194472,0.2693796591599886,0.00014600142789174397
27034,-0.26995554334266636,-8.217585137195158,4.16124846733307,1.0184698770745277,467.95231003390467,0.013497918955558852,0.00014601819117363748
27035,-0.13046529663099804,-8.91200033007949,0.40615064729055234,1.756235116726077,415.10010639198697,0.1797552458144276,0.0001460326108695229
27036,-6.8433176719450195,-12.064167405210046,4.491919533981519,1.3181208635818866,318.7351074717957,1.609391467745315,0.00014603928829748852
27037,-3.7808200400006413,-5.183972355424896,0.9219439169246066,1.0626203822621008,280.25549050070094,1.6927324980893035,0.00014604200144977767
27038,-9.708345578630462,-5.83616532322356,1.5624889896772483,1.2616870295810159,468.75539138114584,0.8027935438190807,0.00014604311212915044
27039,-1.929913375511374,-11.754919052791493,0.042170494655357875,1.750355982030836,414.7017647821867,0.2609667438576082,0.00014605432285666608
27040,-1.0741636668997607,-10.855834393721592,4.244159197177394,1.1761107734326754,271.6026403239952,0.25743858079192083,0.00014608076738324257
27041,-1.7044726264479308,-6.653182859860297,2.1068545869262447,0.7945627616755991,174.08637473219764,0.12319899812581436,0.0001460897576700401
27042,-4.380064735314225,-5.002468602075281,4.039506755572377,1.145053307292839,467.8311425875501,0.5930204776178192,0.00014609036850575657
27043,-0.0624808476230001,-8.08324257342176,0.7538214329286521,1.777617432962956,468.0744629195574,0.7163754422969495,0.00014610576927536688
27044,-4.741826477557116,-5.296731571620875,0.49892427949026263,1.5340031593114207,363.66332797835537,0.39794270883974114,0.00014610581985990357
27045,-0.4383872351314526,-7.389411160232115,3.576890304071809,1.6566526194773723,470.0822316309722,0.20145614800873002,0.00014611279768943572
27046,-0.7760295237925146,-8.75460648744632,4.3411003347397665,0.854253719053032,367.43357137069677,0.47540882197215506,0.00014613736782219042
27047,-1.9022270798181644,-7.953797123488187,3.9725637614848575,0.619033239335213,166.26626613119063,1.0230599106093035,0.00014615611336264557
27048,-7.620532094303732,-10.627332019747204,3.9656708300006014,0.9276020028622011,152.36784848933306,0.19366907081993645,0.00014616557185979072
27049,-1.8395840903551424,-9.418221017570657,0.22562107504805515,0.8750639956385806,467.256307905242,0.07327485106715681,0.0001461687317638293
27050,-1.1044559481061906,-8.535009926979477,0.5362365349519952,1.1446210823981933,298.31169818825555,0.746559240179324,0.00014616895484457508
27051,-0.008800370504330246,-7.648612530996265,1.0469848815458407,1.2011234253191772,254.08423316158922,0.7622616061319816,0.00014618664688390866
27052,-0.46945823890460936,-7.5104217385558165,1.0924161316147465,1.8017059981782504,468.43022482251337,0.3281289283744693,0.00014619431308904115
27053,-0.5222976881104007,-7.8406815274668995,0.9151359543359333,1.0335428855228816,169.1434518011119,0.012742251147858319,0.00014620209552093766
27054,-4.801811084810924,-5.773470741765271,0.271004608568301,1.3944838115475995,333.20081132217433,1.4534926841913842,0.00014622984806938235
27055,-0.4356371916322992,-7.316520100326714,3.5140063535528654,1.0434718352908023,465.9875170513535,0.055592962522302614,0.00014623918842212867
27056,-2.1482163276129,-6.632364856215393,2.8073739157751576,5.702337306035861,305.89090457744635,0.28527616579852566,0.00014624107368465202
27057,-2.363243062772762,-6.249401499193025,2.4032676686245753,1.1106444533492368,261.83225245066797,1.2712259775546864,0.00014625009203637917
27058,-0.7793031791165514,-6.303950983661283,2.290387125215825,4.23479951855456,486.9170256534589,0.08704467223788193,0.00014625054322213048
27059,-1.089707905065806,-9.04824208663912,4.39231330601955,2.0923302803847017,416.31410367489656,2.0706081090612,0.00014625825045874946
27060,-4.6563727910421235,-5.484806864047449,4.869540456096621,1.2231563158708239,236.03788970850744,0.013523286410513258,0.00014625915600857377
27061,-0.6414875504967394,-6.409920512050791,2.618328391436149,3.0480530615381825,502.8906331894251,1.4454934696720834,0.00014626282021468548
27062,-4.828259599353765,-11.190605494783611,4.896834207752311,1.020503912456108,274.05871110003073,1.4621780494531533,0.00014627946204838022
27063,-2.3798730190122717,-6.753116063182714,1.9932631757084915,1.0037012340241054,275.47489553214683,1.5995298446304966,0.00014628014376467382
27064,-2.162097941830443,-11.263810500677888,4.21338585131904,1.3560666878337342,312.6916910978377,0.17175335483392384,0.0001462882452414463
27065,-9.611027803081948,-7.846395382377282,2.998267571347185,0.8449230854837273,243.33479242316304,1.4933161211901202,0.00014629044195812278
27066,-9.831371010236051,-7.625465313655388,2.4990940193534756,0.8168746267045038,165.4615186058763,0.06035649156873113,0.0001462980523648171
27067,-1.9565391055157377,-10.676685950676074,4.314086630782116,0.9248405936740476,468.13107335619213,0.7970945119192798,0.00014631800939344887
27068,-0.26748740677314586,-7.651841275748316,1.0785694090628366,1.2751684098253693,319.041801550754,0.4569554964058762,0.00014632369030907354
27069,-7.769955207932213,-12.488767017866406,3.180944183376085,1.8160208578866237,468.5009762556584,0.5632253965485026,0.00014633550318715206
27070,-1.4520678631033181,-6.8896765179787,3.048821604971301,1.4649037756459478,327.29303453336314,0.5224803665106537,0.0001463566949039503
27071,-0.41346895889382473,-10.185064064870417,4.298946307106054,3.2018655657718957,515.8756208299807,1.583279660947574,0.00014636289042434125
27072,-1.904845918846501,-7.145897025145845,1.3261730521316,1.4043402566810397,325.23814323213077,0.7728249371534854,0.00014637234801247485
27073,-1.6785029684285728,-6.269004125407606,2.426131903609637,1.26737900723031,315.22407419355375,0.35865992035306515,0.00014638847149782883
27074,-3.8196292395236036,-5.190951103905603,0.9149999640184959,1.1842411284241166,300.85217258752016,0.8663098389427191,0.0001463924426375425
27075,-3.343558783048584,-5.73859950707185,4.788001147022344,1.878151179130251,451.4389260368303,0.3947601473718505,0.00014639393826144576
27076,-9.595959455755006,-6.466980097600097,4.92657947158735,0.9389708004150012,467.726282074389,0.7911704519063063,0.00014640448084700982
27077,-1.392414215838242,-6.3093508947356245,2.2876346219300756,1.6322124670921125,468.04737212571735,0.29759312975993435,0.0001464055158529987
27078,-1.946705189851416,-11.369638347195025,0.057502886114248995,0.8438183487731333,168.8344934325844,0.11510933456222627,0.00014640716752070375
27079,-2.963548804188428,-5.100013280690552,2.02761044047168,2.060750419241363,410.96130114113555,1.6630256794318443,0.00014641641643948312
27080,-0.8970687279184659,-12.200507557800515,4.162611673198435,6.921285974619298,405.9969922874114,0.17002711136507198,0.00014643628100315632
27081,-1.5351562627068454,-9.11518012883895,4.395264384947752,1.8868941687741514,455.61529461139406,0.1819906025146656,0.0001464436554578921
27082,-2.0690535215517345,-7.666473103868943,1.0631150294532765,1.04791996827475,274.64168128788606,1.4830821452058318,0.0001464536776099639
27083,-1.4134414089005976,-7.409028583709665,3.588401441087893,1.3881062879677264,318.89366516096953,0.3882189901323505,0.0001464604291297577
27084,-0.505687678857976,-8.530159206793858,4.2635354708391615,0.9822911824333425,467.4991554847513,0.255395451774179,0.00014647812585298107
27085,-0.8834711738811585,-9.723401718619238,0.19148803369665596,1.8336960725297664,379.8311489756475,1.1255801854490608,0.00014647989353662826
27086,-1.4593005108941064,-10.340402054287209,4.281210964257134,1.207548788858178,306.22696891158586,0.5932396104027546,0.0001464839769684378
27087,-1.9333989818277004,-8.477667659877152,0.5525073964541649,1.7345075132584145,468.6072614738141,0.8356395269336776,0.00014649622527248673
27088,-0.6734685580393247,-7.653262195471836,1.080244623501842,1.8556206135108246,466.9457147560101,0.6954335258329616,0.000146496740594047
27089,-4.115379519057588,-5.770142617642631,4.960657661356515,1.6290003266921869,468.48168755816897,0.6642603129402085,0.0001465006314674041
27090,-2.4712484360158253,-6.287905420064227,2.2867076699365634,0.742082645482216,151.01178065797663,0.3597521512824988,0.00014650094615618794
27091,-1.5104493423325067,-8.03026290597517,4.056765510490464,1.8687784055912833,469.0705314532872,0.11742869558451563,0.00014650970389072952
27092,-1.522811089844243,-8.075641756364831,0.7734625913802075,1.7233239377973788,409.13703109753635,0.5590596847049882,0.00014651791962491824
27093,-0.3701670202630165,-12.406654128785894,4.1549743825913295,1.1231550674350825,467.3015907004236,0.5482570144909316,0.0001465405081860841
27094,-0.07319945561821761,-9.82412865082622,4.369641357361852,0.9237770833567144,469.606208382533,0.2395830833532333,0.00014654962231276737
27095,-1.7996484761335356,-7.680190466226419,1.0078309886199373,0.812324366960635,469.03189828138125,0.08105965144707827,0.00014655460086815072
27096,-1.0004568746067797,-6.274662418599335,2.423971435992722,2.593848567044923,459.56172258121444,1.024457683030847,0.00014655607225397033
27097,-8.052230998063198,-11.705603599919922,1.7888851817408213,0.6504777606474261,132.36408894160198,0.432776858715072,0.00014656045755035533
27098,-1.38332620933698,-10.826858185924843,4.23395372713779,2.311596758457263,398.3121582052843,0.30920824644857703,0.00014657698959258126
27099,-0.21546780470020366,-7.3454750995133615,1.216203363802819,1.8961338641135699,467.6521014817994,0.41005328401504304,0.00014657762084755062
27100,-2.2892722634658362,-12.79263591720759,0.020922952512304742,1.3348091721236355,318.4403045292295,0.20062179235016853,0.00014657873262235058
27101,-1.503596166389352,-12.462294340216474,4.152971078953065,1.365985996303743,468.0456601510096,0.28626671314118557,0.00014658431650916805
27102,-1.9785702082791374,-7.086218904631377,3.2562279768644506,2.714679397506143,476.6770475906449,1.94207844148836,0.00014659704884252022
27103,-7.781637309060359,-10.535446757092236,3.7017388300236123,3.2916148284606725,512.5295390207475,0.2691596987676803,0.000146620501688477
27104,-3.6253624398785176,-5.545515798120622,4.533582394751563,0.7288039097421105,141.2441132843697,0.1274788972926162,0.00014662430122391407
27105,-9.436700721661015,-7.422577508475514,4.418678597830448,0.5627923271500578,119.21495906913117,0.9323518029248783,0.00014663136615201448
27106,-1.5341094054718756,-7.32742745054883,1.342145657097489,1.3916793999734922,468.1268361462205,0.47453242977912957,0.0001466552384011404
27107,-2.314132197054832,-6.788868803661124,2.9997524651951295,0.6729221052396624,467.4811085187659,0.4105432757347254,0.0001466633621958866
27108,-2.415980114686956,-12.534960640804142,0.008372568288219875,0.58755837331884,142.9478362130215,0.24915912910789295,0.00014666895050143613
27109,-9.776159780561928,-7.697935587425094,2.5905092578270836,1.092902148124239,409.59059956121433,0.31902675208678843,0.00014667129854944669
27110,-1.9983574587679218,-6.781847690093295,1.869950737075606,5.543016043637872,482.1912644045989,0.013932372454337205,0.00014667259871408835
27111,-0.08917542984135807,-7.5567491392446495,3.697370346702947,0.8626806827486747,210.4876262044222,1.2038117934014947,0.0001466773604596787
27112,-0.2405562535082293,-12.604460450832214,0.034693723171954134,0.7046287637273684,165.99755988424536,0.19953494448946785,0.00014668186484084156
27113,-0.7528850191007628,-7.377424272649226,3.491095450684972,2.41028819080343,449.12922939582063,2.1991334785390277,0.00014669147702879535
27114,-7.66787916021924,-10.638335835562458,3.874518669453022,1.0394186910478158,210.01786386341087,0.9659827745843534,0.00014669201824574684
27115,-3.303865082207974,-6.0226515052621705,0.49119034841475884,3.904491457923639,232.25945397883675,0.4048583692057539,0.00014669239524219674
27116,-0.42225306774149196,-12.976923143910687,0.03254516725506811,3.806707884717647,553.7826612151821,0.7960699677333416,0.00014669435333036917
27117,-9.690457215056274,-5.384834500231395,4.8070821709506255,1.1340042480175605,467.93473414757875,0.3067179730169025,0.0001467180161918693
27118,-2.861292745249803,-5.210738244105199,1.1752009415200546,1.7353932694436742,469.1460371275034,0.5262366475981084,0.0001467241856468793
27119,-1.5749106960263006,-6.6931700924972,2.8915577703163153,0.9011733613510148,468.2827790745962,0.530218012619005,0.0001467340038656253
27120,-0.29558571956098767,-6.463575241063767,2.3802111240291404,1.8543625808415758,467.6912516876838,0.2694696899669635,0.00014674869760514833
27121,-1.1581258690084404,-12.989365788933798,0.03304950384730847,1.064961046004823,467.84668790328453,0.909826758684372,0.00014675707552717972
27122,-2.3229004403601046,-6.692452951904999,2.108482671691267,1.7718391104162874,447.7647747660005,0.34053911007799975,0.00014675953953907894
27123,-1.1034200145196866,-6.395307244945973,2.2388269770817932,0.5973912287816989,121.77847562892546,0.1764165983137742,0.00014676209237038092
27124,-4.955490888670139,-5.186923028870948,0.4310560996483893,0.9895754256267361,467.7094062357389,0.008631873527393807,0.00014676341519532845
27125,-2.8365167476374022,-5.1453352617305566,2.2724174918645432,1.1043854958210442,288.2487439363147,0.7616061415261122,0.00014678214877553855
27126,-1.5461425226627838,-9.671089193407756,4.353430391510161,2.581740626981199,466.0307227692629,2.6014897648657698,0.00014678638541179426
27127,-1.0119395048646105,-7.541027096377244,3.689725060959931,1.3910514021970266,316.50762910896105,0.8417982689691321,0.00014678977262309753
27128,-0.9521835311978926,-6.899874754001035,1.781853399379692,1.0806028856785974,287.37770603097147,1.0843043080990906,0.0001467940332629925
27129,-2.09353083323815,-9.086730417180538,4.355666121685306,0.9879553610664681,261.0916228570671,1.2871637116809183,0.00014681617614520817
27130,-0.24563304496060745,-7.379985698119099,3.491500873776575,1.1100948178635528,286.16705125670563,0.6045992347639997,0.0001468187408913616
27131,-0.6638911944665615,-8.1091803256827,0.761605777843419,0.7065080965575646,147.56900148448608,0.94578501303896,0.00014682653820972645
27132,-0.5842864596146295,-8.90100431773061,4.369985780914733,1.1159949080009492,466.9584326983839,0.6172073853781752,0.00014683179772160044
27133,-1.916303078206731,-6.921112710609017,1.8269709072015121,0.8698944362635957,468.00747055118893,0.2621228108331666,0.00014684939278012315
27134,-8.049657503860178,-11.616420442143417,2.154774667948394,1.048362607566051,467.99470250401106,0.36554807121127997,0.00014685019908661456
27135,-0.21078509194510175,-6.8210017377141465,3.0158912435247873,1.0828269941015756,467.57714615392956,0.4163760469586446,0.00014686041057627942
27136,-2.333382119094143,-6.116961913842762,2.2852892336000514,2.435948719271326,437.3588901322496,0.735511113649367,0.00014686294771754262
27137,-0.3767933896901887,-7.358148241879092,1.3774183699800575,3.20824330731376,271.51612210192707,0.17757180705266595,0.00014686649119140008
27138,-9.80363776428522,-7.590820811051032,2.2402863074683563,1.4030009962604606,330.9428550880808,0.7349174965368439,0.00014687827016523236
27139,-0.5339098259488733,-8.671253766948718,4.298065723299184,1.92726646941356,393.4803388469561,0.41435593279779237,0.00014688087936619803
27140,-1.9117831484025967,-7.2362002711699125,3.388112546654285,1.0674201533654135,278.8979294468909,1.7233852091453992,0.0001468910687835677
27141,-4.029226566954653,-12.064975563889254,4.713495146733583,1.2113622541975906,142.2740252748991,0.36300614335852455,0.00014691564803386004
27142,-1.2506137476790808,-7.3396416539734055,1.367763325247643,0.9391665354808064,261.4064416467245,1.7596414101379176,0.00014693677812076538
27143,-0.47571268081209794,-10.057969334726199,4.303089605897454,0.9074763383765881,449.131445383989,0.09801333111160737,0.00014693700276380305
27144,-1.3366487903876383,-9.053432436664291,4.361034048681616,0.6511744055702776,140.39431987652503,0.49394823934301346,0.00014693770233998102
27145,-0.2736606377694084,-8.755363144315725,0.4694319009428477,0.996727154451081,181.31698687447354,0.12840733862762832,0.00014695375953411612
27146,-1.8430674440766524,-8.135613638187495,4.1111930190791774,0.7762730831907007,213.24415702822137,0.4509895670371664,0.00014695391188393516
27147,-2.352233289485665,-11.841974535346736,0.028535997452947503,1.196354669256599,302.81117476904876,0.8071440003108732,0.00014695578270660669
27148,-0.9229239426099873,-6.825656213325807,2.036904517462319,1.7200120613078689,405.2068338114032,0.399225907718435,0.00014698633977314158
27149,-3.2827153320380953,-6.189857268500225,0.47313572315008057,5.930787591728043,584.5067261338546,0.14886538380319791,0.0001469867044448195
27150,-1.6540432763517074,-10.74422196488296,4.205885989547448,1.0595586608583778,261.0509122520849,0.8965062146791434,0.00014701695933825833
27151,-1.9248252239830386,-7.372214893981101,1.3618384518126654,1.0254509132879455,467.57045542650013,0.6844841115031031,0.00014703884977949376
27152,-1.1440430680692515,-8.275497658859065,0.6960493786854041,1.0240002825330727,227.69582658855555,0.04277144339414107,0.00014704173953368615
27153,-0.8843414221423753,-7.201448763853172,1.3276593734942215,1.8275725303883597,468.02678049937333,0.48753739600749313,0.0001470456270233336
27154,-1.5991292622890256,-6.288144029145144,2.412357481700099,1.8954280816040372,467.93713944970654,0.5795176967879287,0.00014706065993916673
27155,-1.9450734424753815,-6.5342525355865355,2.1725866652875996,1.4784897361731542,179.26524032363167,0.18266130643891465,0.0001470697594633421
27156,-1.5171486370419203,-11.690535948907808,0.05193270295500219,0.8706672469384961,468.46354967150154,0.8284301242393246,0.00014707943960361967
27157,-2.9191237634870966,-5.8995609553560255,4.12759685937006,2.319094623897405,430.98696578691494,0.9372505128265898,0.0001470835949668269
27158,-4.2990453831688615,-6.11255885821097,0.3256699159766445,0.9497155656897387,467.70003363474564,0.6036927146940823,0.0001470840822715578
27159,-0.8876051083640597,-11.940433841216734,4.167317751624031,1.99872926193212,405.450851238684,1.9519972906263776,0.00014708683202786194
27160,-2.1596084645634512,-8.108671506836,0.7474389258656732,1.630984961186625,468.0359727894987,0.5484513069279613,0.00014709661329890338
27161,-3.8585837309600635,-5.285818381498545,4.239641282162895,0.780963898799127,212.9375481753273,0.12965598894304975,0.00014710745531429029
27162,-1.5105796130666995,-12.049155338972572,4.1624400257338765,0.8597014071169455,447.9669315340881,0.062336426456187866,0.00014712139693721804
27163,-1.2998252966536086,-7.800134545927483,3.8968934427954123,3.692957728049512,549.6403620367597,1.1376125812587476,0.0001471257985466345
27164,-1.3342059851090688,-11.894236663942104,0.047437331307869944,0.9626658197411255,148.19381122041173,0.22972905590770853,0.00014713264654762142
27165,-4.993087764656221,-12.863275612644872,4.668740999668306,4.666693182951828,603.6105974639933,0.5705865864815207,0.0001471332589487197
27166,-1.262474433267979,-7.1329552889124095,3.265954021262266,0.9222884577105868,257.2470569770375,1.60536476464351,0.00014713841216173633
27167,-1.9782376017215348,-12.146162122590873,0.04316158025472615,1.775407277568624,423.30115936150025,0.5760027149082276,0.0001471384696801532
27168,-6.67283378686726,-10.801892932670924,4.869830772203081,1.02725560022556,281.0829388872957,1.294496032757893,0.0001471495924896675
27169,-2.0177318463507437,-8.584811940732536,4.273774057034782,1.8751315905669146,467.5361161356806,0.10175650426366811,0.00014717694337722438
27170,-0.855588728491929,-11.58499595786832,4.184511209334327,1.7927472558233055,468.2973139599064,0.4616848331238046,0.00014718446148698596
27171,-7.422741053900014,-12.61782584722555,3.8411797686973426,2.4898530966650756,456.215679702898,2.032419939034562,0.00014719524968674229
27172,-1.3804089423988746,-6.497885549405574,2.382907349278153,1.4976447857192776,337.5109117905096,0.510299603428046,0.00014720199406634523
27173,-9.44749198185379,-7.666024322354396,3.984970486472045,0.9811501220091606,208.3087659408391,0.6076375324965744,0.00014721338057139893
27174,-9.383889191930763,-6.89226703240684,1.0666939123955943,1.1274234638302503,467.48884986487775,0.48613783094530927,0.0001472190409467451
27175,-2.0994783089294513,-12.334669361694507,4.151051000726827,1.793361396003578,468.31248754459006,0.6703530257239985,0.00014722431495493328
27176,-1.0001532536872872,-6.664882129060637,2.859635102013865,1.1133879016320052,254.18728432507183,0.16839925894011287,0.00014724029927269395
27177,-5.147865530292132,-11.953665116032182,4.752184463324522,1.1469869817645943,468.59133596670665,0.11039804298160671,0.0001472468282022849
27178,-4.005478075386116,-5.31292298905213,0.8173692663049278,1.2677807579405205,268.8760911510008,0.6881437220660471,0.00014724714381145033
27179,-1.20460575425931,-9.010417930412554,4.381505649322442,3.4866697580483907,530.7690800767834,0.7811910096084631,0.00014725927380254298
27180,-3.866968245592738,-5.744422096515158,0.6435019335735392,0.8140429756185524,159.79325032588304,0.0027398177405837387,0.00014727520429262786
27181,-3.9285541803517994,-6.203654687410108,0.35708360197419053,1.7915550870120198,468.43456583394016,0.48954923548269047,0.00014728422511233396
27182,-0.41351126613011857,-7.7000825777742605,3.796106589945239,5.05659432044367,621.0335730754643,0.3738646630385132,0.00014728966082589855
27183,-1.8800640484081317,-6.373281042687144,2.3434894689694703,0.6781590032293531,190.11254446865524,0.711455317523022,0.00014729669008827927
27184,-0.1515236721280182,-7.362133782873927,1.3682271892238675,0.8804744646598512,468.13133573725867,0.17474104728981565,0.00014730101453405199
27185,-1.8978427711131634,-11.75664833887952,4.174090827131074,1.8212342481163084,434.54724370421303,0.36562516645405996,0.00014730246547491147
27186,-0.9042681138834734,-6.342529868257675,2.32373598444181,1.5209850287041176,349.65074153531367,0.8274751177739414,0.0001473155184129211
27187,-0.7749127511809402,-7.7060343159431195,1.009107413391938,0.8943118270032054,468.284097292261,0.818288368810026,0.00014731792657407417
27188,-1.3145789918009232,-6.465068243418703,2.1523867307065956,0.5149356117257076,137.71151110455375,1.1464486430252805,0.00014732195967245439
27189,-3.7607384349245763,-5.735944932769639,4.883130819445704,1.9153658835268876,206.93639061329648,0.16828770478834532,0.0001473402641018903
27190,-2.0253745495192845,-6.375177555275522,2.3433270014461267,1.0401235823020283,282.06987065361835,1.5215833087751447,0.00014734815934015248
27191,-0.7219916447117409,-8.07922793998446,0.8210505797857871,1.878422023798359,389.89933693892726,1.6948278964034698,0.0001473565636343329
27192,-2.6311956586065026,-7.011802352123486,4.523510914231859,1.7593052080509828,468.4145962792854,0.5004544921174903,0.00014739616691243797
27193,-1.8505729911436024,-7.033886026360233,1.7245443016377615,1.2859143667716413,317.247779849545,1.1366122920708674,0.0001474009128943021
27194,-1.395522074941212,-10.307854279308527,0.10410250218766724,1.1453175308389036,289.6059511549603,0.8954562080409838,0.0001474071342265429
27195,-0.4911764381079511,-6.871736278020888,3.02681398423238,0.8562070375199408,467.7369970553229,0.32159028470359896,0.00014741351686120796
27196,-1.1496616980192425,-6.432849912952088,2.21689776947071,1.6832705578291982,397.43690778593634,0.946344712993846,0.00014743003651064373
27197,-0.674424784092146,-11.71376349300271,4.1752882946684,1.0928033892938176,467.43859504568724,0.48464170807379414,0.00014743349335613728
27198,-0.3048996233107317,-10.011030037386444,0.15068115388042833,1.590309241264081,374.9301215288991,0.40102776553288866,0.0001474529429385546
27199,-0.9776667251130657,-7.893799514369515,0.8837843308425088,1.8422378867137406,375.8894593206106,0.6882838296234937,0.00014747029407705055
27200,-2.555183737184392,-6.16402616955342,2.42550845098324,1.0911775606437157,467.6262690258754,0.5701011619933771,0.00014751037058476952
27201,-1.451103330831172,-6.908989976295292,1.7509853500631785,2.133420446214098,410.3300085620102,0.8797173020151119,0.0001475122262443507
27202,-0.01784883323221642,-9.018535884004413,4.349076615856574,0.8698318021950601,182.00887085486312,0.5183158399885253,0.00014751781829406725
27203,-0.1462861209229711,-6.809292598457175,1.8552688266769788,1.3020594379237715,282.0131468608524,0.10240214339759035,0.00014752168986382965
27204,-1.5453556617993272,-7.352095019635332,1.1960103837764489,1.6470950181157258,386.03038158717914,0.55326604679456,0.0001475386310158187
27205,-1.028173068906014,-7.1309453605243345,1.5302904164494837,0.48403863797649516,104.09630655027127,0.01585501805479872,0.00014755135084938464
27206,-1.218457155309716,-12.277585275838089,0.04441447359824714,1.1539816854446743,282.7752022764129,1.168823815831173,0.00014755546859977723
27207,-2.297727511820794,-6.4214993728984044,2.501297109461984,1.0227057003320068,468.2878149431534,0.6410000173068164,0.00014759117835594468
27208,-1.9286763049986746,-12.07043347209503,4.157287473407587,1.4508578053056935,221.94927328581764,0.00015575945034740357,0.00014760733769305498
27209,-1.16494865512529,-8.106398390063688,4.089305476020632,0.8588603570043262,247.7338749383695,1.3876930240330614,0.00014760948979114334
27210,-3.9251840994425606,-10.465566312807299,5.146049078399527,1.4929139789223453,340.9802872123573,1.3951547805759015,0.0001476248724443792
27211,-9.915678885216373,-6.690242009686845,4.360303916636645,1.123655029437848,432.4850771826126,0.5141156088061374,0.0001476339683891134
27212,-2.8056415685540417,-5.840410954194027,0.7313067225897166,4.236497196623505,418.80291864305957,0.03265309599854316,0.00014763410235688504
27213,-1.85957380469058,-12.974985013646998,0.039192907778760826,3.7308963078460504,469.93420645962243,0.12564236296979292,0.00014763648040732455
27214,-1.2959130065215945,-8.483701299626206,4.244814636155354,1.012610761086375,272.670334927966,1.5671244584738577,0.0001476694804140519
27215,-0.4586853783996414,-7.034131233598476,3.219815367056051,1.8601454361661798,457.1160392717685,0.5985825326845822,0.0001476718177021158
27216,-0.35901581930509785,-8.738975811068,0.45993843036589693,1.7703845170687271,418.94411645675854,0.5137168040680953,0.0001476898418290664
27217,-3.106569841935107,-5.417940476681203,0.9143957972686453,1.7049023649205945,401.4777971749471,0.4234527012599161,0.0001476968019482189
27218,-3.4893949407047558,-6.572093433703624,0.13620379636308225,1.095167666892604,467.0498784578332,0.19554179534938854,0.00014772438000041613
27219,-7.864995524843177,-12.840822728318585,2.849832782655314,0.9768484986294156,470.3071248154166,0.08534683468453164,0.00014772908725352757
27220,-1.4412461220669517,-7.004835560096504,3.16685063104569,0.9071661265652728,176.19275731126132,0.06561594081205158,0.00014773186062861353
27221,-2.225400330201089,-6.97836319888269,3.14169023910348,0.6911878107944744,205.6285923307914,0.1945448197806554,0.00014775963043968843
27222,-2.0794956415973473,-12.560445693239446,4.214832979607915,1.753053289290284,416.53289940245037,0.630755413679033,0.00014776391927930584
27223,-3.540737196271632,-6.435873229803831,0.1885990608769264,0.6414131918463787,152.99489777101047,0.8192368413348969,0.00014776551217773163
27224,-1.7689824009515398,-12.58387760070558,0.042974999085828136,1.1846774922252452,304.52560538248724,0.4728293965535384,0.00014778949141481466
27225,-0.08384260392019272,-6.7051163925132675,2.1235374980780284,1.1154707159405193,292.5388481832226,0.6952952732426878,0.000147791455277738
27226,-2.9189415675569474,-5.485746364992453,0.9713252505732802,1.1273181682718498,468.10976861711214,0.6876102169846385,0.00014780141194290966
27227,-1.780054802059837,-8.096070113457298,0.7475700245368078,1.6489859634042325,468.9020668891536,0.8773343413693491,0.00014780937562105018
27228,-2.4416979014400333,-6.468136230107469,2.3473780952987924,3.420443711280661,379.94661541415644,0.031337748064994564,0.00014781329631058363
27229,-2.821034838452256,-5.615011937801943,0.9887388498822878,1.7352322417479547,409.5322933102842,0.03487217202382009,0.000147844778404598
27230,-0.010933109074677816,-9.654930676781527,4.376893496573851,1.1956227004261446,467.0573706400348,0.2423652029012322,0.0001478447976686972
27231,-1.085425796571048,-8.134999481476456,4.102263861131391,0.8031483461298252,191.44291882656756,0.5223119565001806,0.00014787059357678682
27232,-0.4256238039543607,-7.542713201216786,1.105944750491473,1.2116851261330053,296.021477345752,0.4034854324382735,0.00014787098463833593
27233,-0.8279514268371848,-8.558449208772586,0.543200358480238,1.2850405574539105,276.25743626228325,0.41213467883583466,0.00014787530552605146
27234,-1.2716674918581798,-9.513805385614688,0.23038656335074242,0.9159767569378501,181.42654408486746,0.05532528021168126,0.00014788996325691605
27235,-0.09357418880556523,-6.3746796324780854,2.3104866666227872,0.4731348661827817,123.119944658637,0.38280793826975756,0.00014790348545483845
27236,-8.40543052579507,-9.575940940439487,2.751369333730022,1.045319624939406,221.5575052971201,0.22788773874181434,0.00014790448783340068
27237,-1.0675697600026925,-6.4789798732211175,2.365815481737707,1.7346242897906987,366.0975575990565,0.985077232163591,0.00014790584719939957
27238,-0.06335757070734616,-10.975096461432306,0.07631177244884099,1.8006765806253877,467.26759306306906,0.16228886555824662,0.00014791730544827227
27239,-0.3362149264489389,-6.7575850599212455,2.0052187818814637,0.7755790941993487,186.79013492216671,0.047383015284653496,0.000147918165368212
27240,-1.07266509544751,-12.216096929070346,0.0479942970529625,2.5425676370841876,455.4029325237443,1.1274944327457783,0.00014792036052557476
27241,-0.9083594921924654,-7.677844465579474,1.0706482063083023,1.659943011434163,395.2824050620352,0.5281511000921508,0.0001479223459790622
27242,-1.8076618168218666,-7.275312058113048,1.516798005970196,0.9545000513123001,260.254144084871,0.5944189334363754,0.00014792764762427466
27243,-2.275095691439546,-6.83132731259535,3.0044654608184165,9.982288328225973,692.2576175608122,0.14412923279141854,0.00014792842809251456
27244,-0.22632814630964226,-6.559979917222484,2.488101987995423,1.5534471419046723,367.20442981928204,0.5224533345494038,0.00014793427565058527
27245,-1.9188766213618909,-7.307720697672714,3.460456433465218,1.2607226847268782,470.47820049229625,0.22636888779522923,0.00014795549284488382
27246,-1.3163354262577407,-10.049443419152707,4.300967113183767,0.9222641494218651,258.33598840448013,1.5994442848413692,0.00014795710485659446
27247,-9.279791776204872,-8.234259313910865,2.1556957627353697,1.7308182503356506,410.0143442624072,0.5559262122471571,0.0001479591313879277
27248,-0.8978515303686283,-9.3102791147851,0.2755803621283148,1.079296031101492,134.11381025306414,0.3735980160306358,0.00014797210398590044
27249,-2.5913426930160224,-5.848088799116286,1.1777054275788341,0.8969411062925954,443.57557281219636,0.11383419038504261,0.00014797581840080826
27250,-1.6664254975663813,-6.4885582707530425,2.6719104500972204,1.6603597740022566,469.85427205592543,0.23255825861238666,0.00014799435025529943
27251,-1.8606761885569671,-10.09226044261686,4.296180704808912,1.186646264170438,303.6347467308626,0.6355864585816073,0.00014799971603409804
27252,-0.0809476253442849,-7.935660783861323,3.942222457078844,0.7675202748447594,150.7787178998032,0.3337571940128097,0.00014799982474541723
27253,-0.43733624056773657,-6.700356995054627,2.1004544378456877,0.6308757003758284,135.3984114970275,0.10419656926074605,0.00014801071284808456
27254,-7.0555497150341715,-11.572105430050916,0.10688384855799302,5.549071727378728,496.6424318741283,0.036720598070787425,0.0001480182215374291
27255,-4.280947016218136,-12.520793786059736,4.670223844612869,1.3177190013943416,468.73997361975535,0.8353602746070843,0.0001480372762668302
27256,-1.1888642095315198,-7.260656418712401,3.391968328135179,1.329356933838447,299.9511561963984,0.9638526500679285,0.00014804113742757297
27257,-1.1475493298910582,-8.439576512397,4.237680651642412,1.8539292523566695,446.270260956349,0.08616386730088355,0.00014804583803247653
27258,-0.3878361417619338,-6.7177496331068,2.884426738468498,0.9135920964055958,259.1708605063396,0.9885376560065975,0.00014805202920002345
27259,-0.12552084347477432,-6.918736357102213,1.9649568807007205,0.7916022515932364,198.2862921788734,0.4393612887546343,0.00014805443738898173
27260,-0.05950071324688899,-9.944576227489788,0.14856165429807758,1.1048721328109283,287.134351363373,1.242173510847329,0.00014806593068972303
27261,-0.3091117691162193,-11.252045096341602,4.188137233462661,1.4403302487181235,470.5253453266867,0.11876848178259358,0.00014806780981457067
27262,-0.878248936038057,-8.434308627633325,4.2379084168901,1.4272038759605434,313.3793678427404,0.5850179137174409,0.00014808219862650135
27263,-0.3211905748621966,-9.321321363103985,0.3018933272593141,1.8705416428859125,448.1367144289101,0.6183610471509775,0.00014808841964882838
27264,-1.633785114164418,-12.756624852599378,4.132198508425134,1.6935679172902338,468.4545278770115,0.7482730491951921,0.0001480975351009202
27265,-3.883143683573163,-5.1913755109977,0.9356273750944408,0.8622306789017866,196.8926033126144,0.09153678621061268,0.0001481143945167025
27266,-4.7616020035232856,-5.677870033110181,5.126318601551364,2.8459811654459157,484.55967742942914,1.263429499193629,0.00014812847394170378
27267,-1.8753741402539745,-7.647095093690753,3.7219707063501515,1.227598022414203,307.522064161749,0.2783062350340906,0.0001481560135122685
27268,-0.7722268095529934,-7.990657262890751,3.975225034327025,1.1948630843807855,467.0124055431735,0.2356173373472581,0.0001481561097255924
27269,-1.8979117662948592,-9.285986037117848,4.3472882124343135,1.7942001159290002,439.4764450367981,0.2746725043769116,0.00014815629450600613
27270,-1.6408392510100231,-6.546623905206087,2.6238193430974284,1.5324519969405153,354.37942687883105,0.22191094438358316,0.00014815766755026897
27271,-1.8815160538432671,-7.145936605329282,1.5752327779130795,1.853436308786578,444.4611284330004,0.08167234710164539,0.00014817962478191521
27272,-1.6736357953617524,-7.826667797550182,3.876511424480325,1.0775590958475867,276.75336681044104,1.3468671978237934,0.0001481888598051621
27273,-0.5626234446865617,-7.281396923773792,1.412670478270863,1.2167483917426927,306.6422531502549,0.27397849705304633,0.00014819355742724582
27274,-2.7127606054675173,-6.600456234589051,4.226790237411017,0.8878781510029295,467.8658437577215,0.3560586808212447,0.00014820717245807885
27275,-1.800901936531318,-11.988777318279062,4.155559783833069,1.5913751991589427,467.34248845179695,0.5925035194001085,0.00014821005018766527
27276,-0.34751225613309344,-11.2710511526451,0.044916605897987745,1.5772176227801067,468.75059844700314,0.39463915958133544,0.00014821920403654786
27277,-4.5789224384670115,-5.594643416677453,0.47650512333975836,0.9701840358401674,212.32277417880871,0.018121621415031264,0.0001482335861027875
27278,-1.8838462396932414,-10.585816259125636,4.242115625453659,19.832580181282864,731.5520148436526,0.058559667990119024,0.00014823435814506736
27279,-0.9655044257388532,-6.518028940012497,2.4764666002730094,0.7568410761946035,185.1838073702856,0.11799591269354082,0.0001482594433083063
27280,-0.8151242506691929,-6.473459065665971,2.6457869395375653,0.8041509409997103,177.27707633334796,0.04976467046547839,0.00014826162251889218
27281,-4.033222227116932,-5.372389031638822,0.875247289742429,1.1998118294488267,467.4829651869866,0.20730596063961393,0.0001482619237615781
27282,-1.8359310148791934,-8.817751083115224,0.4158270116463748,0.8535798988484317,191.04184809235093,0.70626141049891,0.00014826328221146398
27283,-1.0059038830879494,-8.128973265392432,4.0951561059708625,0.6948918036933284,136.74349213752836,0.26081777386970284,0.00014828462900265058
27284,-1.0356546069263768,-9.728032896059721,4.306920456680276,1.1189097021412269,267.8156983693456,0.7694346940944117,0.0001482910533720629
27285,-3.457206322185912,-12.895877799761701,4.633229357601587,4.217362460319104,277.71612070243384,0.25765960567116686,0.00014829206645329324
27286,-0.029088835108009192,-6.422737520573703,2.3372770635388624,0.7814397949576419,229.8661557549012,1.5216945177091672,0.00014830883039231986
27287,-7.147831425351185,-11.309507573931254,4.366442885674762,1.180841259269364,288.9853722203048,1.1280063944970786,0.00014832286947798345
27288,-5.202644151444805,-10.89687337136434,4.991458984447763,0.9618754737588168,264.8031746349767,1.7601807128802962,0.00014833306041335152
27289,-0.286225912406163,-7.305966217014331,1.4668904921251116,1.4093599302378212,339.5096417573087,0.589737335952095,0.00014833780736186447
27290,-1.968472600778064,-7.135576021527455,3.2592653398659612,2.405206712472723,447.6076042651393,1.9137884012997306,0.0001483494534818931
27291,-0.3560138106510049,-9.829050118960243,0.18646145424947708,0.7930761516323562,168.9216895450747,0.7496809316856412,0.0001483884288717587
27292,-0.3013970270018458,-8.563791624618894,4.257729411540177,2.4273506772369324,449.0557290814537,1.7263676796264225,0.00014839462188290204
27293,-0.30413543017886013,-10.005788427131087,4.302076381170972,1.8253561172660921,468.40456821333584,0.5382025672023767,0.00014840279091550405
27294,-1.836603016426185,-7.69682529650488,1.0674338312742306,5.470782877907783,552.3779901763806,0.09379422741530252,0.00014840401696803487
27295,-4.398824544217116,-5.905522054147999,0.4458472915351022,0.8480128920103519,158.97148708876253,0.24399144157719999,0.00014841643711348444
27296,-6.697110948115586,-12.501809761411797,4.526731457410925,0.8115951937915845,192.9494497174655,1.1582428121597257,0.0001484225614103945
27297,-1.075773643203112,-7.127083422856794,1.5688950677652602,0.9561615179994429,249.66998190591866,1.2755953982446746,0.0001484305670031812
27298,-5.032015581095934,-12.08168907268652,4.731943012720446,1.8644369546542,469.39484177369434,0.006607895024871802,0.00014843405096532814
27299,-4.1212553524899285,-5.0435130214324015,4.088914975690169,1.6974172506012613,468.4055837942907,0.538610508065088,0.00014843691151928315
27300,-1.535544216935687,-12.251709555214621,4.143367933839432,1.1874899581772478,288.10214667614525,0.8041173757930213,0.0001484387759234256
27301,-3.570101137510017,-5.519649368419519,4.5168618125254305,1.367327150755245,321.7397401044001,0.1994235057745275,0.00014844714955836627
27302,-4.313832231367072,-11.146741082459695,4.891275973074811,1.408435983896693,307.65887073337376,0.7407887473291517,0.0001484494392654236
27303,-0.22652777288560877,-6.490314624738635,2.657418195909894,1.3383144661069843,315.18765134724936,1.286778446328709,0.00014844956257791943
27304,-0.4150133524491437,-10.251204206011222,4.275065811660103,1.4527113723100225,330.69655857187223,0.23932574741218193,0.0001484933590599869
27305,-2.9391154944654208,-5.18654937059838,1.214951122095718,1.0203882524334815,271.25030141286544,1.203338883005336,0.0001484960966645997
27306,-2.216108875075088,-8.278594982600957,0.5263496626039791,2.4587275545579854,445.24165937529284,0.9886858898151152,0.00014850065867676374
27307,-1.2935426269519006,-9.570241930645214,4.376928824218576,0.6862113404508106,139.84021222703706,0.385775508579683,0.000148511157524961
27308,-0.7807765355824454,-7.212069236215382,3.3723778409945435,0.9421800141115264,468.58139381892465,0.7515943388493271,0.00014851304630914705
27309,-1.6922128180254017,-6.500531712696232,2.146804353937505,1.608012656135429,379.9153021712668,0.2701757096187922,0.0001485358118255779
27310,-1.1144321207461747,-7.090206790990253,1.734102491089992,0.8463574178122848,222.51307723937592,0.41646827883771564,0.0001485417754676559
27311,-0.457674351631459,-12.769166810993513,0.046872490490822864,1.1350868514474781,290.94615403341754,1.1555845037769155,0.00014855403663398788
27312,-0.4442735105123212,-6.398889530099323,2.3112107360782415,1.0348864455241296,260.8988375495546,0.8615295305194879,0.00014855717485506988
27313,-0.05786535388498493,-6.872259753988579,3.019616906634713,0.9932906948149001,258.6705888497929,1.5753175536697226,0.00014855782863423437
27314,-7.3547606324918275,-12.166014678728182,3.9782479417568486,4.195553972867017,579.7273101093803,0.8293465923131711,0.00014855819204029783
27315,-1.3903474845030228,-6.888978708220327,2.962082801040551,1.1147914274193096,468.04237184451955,0.8726297511964187,0.00014856114126175467
27316,-0.7183099307175098,-6.646506895228563,2.7643494593861293,0.9717791528928514,227.05923494281345,0.30109853296762434,0.00014857746366933643
27317,-1.3393726281243783,-11.58175158648703,0.06651106180764702,0.8276641268970986,165.5887912701705,1.0954525125616792,0.0001485800397979294
27318,-6.386658545353936,-11.446912398262683,4.782640009364958,1.844293546321166,441.6728027548043,0.18107899934312233,0.00014858024859653433
27319,-3.6711772657359587,-6.416232824005836,0.20178094915025846,1.6213234036104214,358.79822408353004,1.812773560005362,0.00014858874336779658
27320,-0.7464574489359599,-7.369331145943692,1.2439953610986056,1.583543450928824,367.4581594048445,0.0241429454055746,0.00014858926006105423
27321,-0.028537841434600253,-7.1148134428239045,3.251096251509484,2.6525602523821625,468.22039083166754,0.3503695230999675,0.0001485928963577191
27322,-3.8209675160608345,-5.743314804066962,0.6106850599972716,0.648613753637365,194.48475952259975,1.265108491434721,0.00014861506807164557
27323,-3.029045068414206,-11.190985908635298,5.15189336090818,1.1091894802597453,284.5754119976894,0.9109489052291542,0.00014862437216385738
27324,-1.0213682315984833,-6.500675321182084,2.662334564156704,2.7137695113982905,475.62667933882733,1.7445218704588,0.00014862705754848166
27325,-0.045830726798223864,-10.650410259827755,4.243191070309585,1.1247881603365548,468.9116213616168,0.8619605278487121,0.00014862814891465666
27326,-1.968991258715727,-11.871061457495342,4.157172537779665,1.1746593042976248,244.17657394529562,0.03193262749458192,0.00014863243130345882
27327,-7.73555630568408,-10.541474894169962,3.7872126164107227,14.87108613927513,701.6607623251696,0.07700878042553949,0.0001486441773935821
27328,-2.7827475890833284,-5.323224909502679,1.1652338720096307,3.887626585737247,562.211930850007,1.0593517454647339,0.00014864817868988082
27329,-3.8697101510555276,-5.204168036092409,4.159374847950406,0.8073104472754244,469.005047245161,0.040603985139467724,0.00014864824481724908
27330,-2.676245007114603,-5.929173424376902,1.8149076668978308,1.8727442482311716,450.01533770771096,0.2745670650797738,0.00014865451132818906
27331,-1.9779159576634626,-6.885610747172972,2.925365195993609,1.2278179677512548,261.091376886308,0.24709885965687928,0.00014865473910185005
27332,-0.664591672438279,-6.803684523593272,2.014770742991446,1.6269786811171083,470.00868673849914,0.06364835184015849,0.00014867766819617173
27333,-3.0137658487968357,-6.713924249026223,0.2886337593645676,1.4106225743675298,315.814580304476,0.011962220042480709,0.00014868586777170125
27334,-1.0436297799823642,-9.611838254453172,4.369072856767684,1.4875838590083987,465.8010293577294,0.3221231431475413,0.00014870379747405416
27335,-0.3066206589893117,-10.829009100308909,4.213261639956651,1.0002373542500693,236.55261206091535,0.0747188707079518,0.00014870569524261378
27336,-1.4422976259091875,-7.8822112739595145,0.9032417302704104,0.7497139108398294,144.77514154229638,0.21447886145759387,0.00014871692692676645
27337,-3.140913359763089,-5.1258559362700336,3.560110175665696,1.0567079652064788,250.4252414046906,0.5023432329940469,0.00014872175522662534
27338,-1.7542939527886698,-7.769613951383041,0.9756421520609254,0.9316355418880787,251.52194920293846,1.0969633083038497,0.0001487245153412261
27339,-0.6121041018505124,-7.013996229600115,3.156290288161104,1.0279902700901669,245.22163294451718,0.45592028050060396,0.00014874246874421038
27340,-0.5848343085520273,-7.570977633785893,3.6889572147664604,1.7418031382398351,468.0183113948784,0.9319614783259569,0.00014875806461816255
27341,-1.6926857163276736,-6.464311620808914,2.44591584726847,1.1600730696161636,301.0756803788283,0.6676868947737722,0.00014877254716739408
27342,-2.0086164363584817,-8.742728750445492,4.324820932510911,1.0658934595200409,229.16254710970588,0.7158385546185881,0.00014877606789837118
27343,-1.8694264288343874,-10.013049248849033,4.323485918087799,0.9460014051970964,457.0634881617376,0.3627873238185142,0.00014878112137519569
27344,-2.435274234639639,-6.751106235357211,2.9399642566946165,0.871346078915661,179.99145321007722,0.08034910847992727,0.00014878114589346616
27345,-1.2924557000185075,-6.51751224569087,2.263254081899105,1.6550873963950843,389.99523210586733,0.3661167138855941,0.00014878289893724943
27346,-0.9944699480825978,-6.443106626698475,2.2419930721874977,1.903508523650788,468.6582158267935,0.36294478175206635,0.00014878818616256292
27347,-2.1974481350085355,-7.063975080163791,1.6691422021189875,1.8913408332088297,468.7187602565218,0.49177327185630926,0.00014879558295461157
27348,-0.4113613798705078,-10.203604181063914,0.12768540695840366,0.6993929141666074,214.88223025188907,0.9182968101803484,0.00014880801748370603
27349,-4.891549779238443,-5.463670385650848,5.0231151234569555,0.9399362235105946,184.46403614865116,0.19696216581204506,0.00014881928264201492
27350,-1.96160089666993,-6.941378257023069,1.9551924247041401,1.1144419821517888,267.9910934464962,1.2250232026734063,0.00014882028084260647
27351,-3.8371310268113437,-5.567425550501872,0.719322020462923,1.04401614556364,468.0919835794851,0.854552226803416,0.00014882144359068251
27352,-3.2644846849922864,-5.233644613613944,4.049582067559196,1.725287476002457,470.14272920050803,0.20088775984778362,0.00014882810492918092
27353,-3.243867603177108,-6.090602109945579,0.5296836913011536,1.0505137729470508,222.67181192843856,0.9767993783270681,0.00014883668376063826
27354,-1.2766545664051936,-9.094213531903073,0.34505897983409795,0.864254017158558,187.1711409116357,0.007292673785002535,0.000148841218670331
27355,-2.2459432589870865,-6.686685687484249,2.612077944434849,0.9245258885385759,258.4943839242868,1.2965588530272507,0.0001488456035347515
27356,-7.773895591902617,-11.811610813816438,3.2630382552415647,2.494106110575301,455.4817998656008,1.6895829504938762,0.0001488464713898124
27357,-1.5520415061277966,-8.43455996656171,4.200804100496328,1.6256474290775358,468.5233836004844,0.9368758932864933,0.00014885827261543484
27358,-7.959814950158291,-11.93759238917341,2.618042511312193,1.3221821242114349,259.76063805850004,0.1959478944854256,0.00014886183610969932
27359,-0.6879403322366624,-10.534902111491395,4.211997082004531,0.6494655167150271,165.19554565121115,0.16953574601495536,0.0001488828054910916
27360,-1.4423886624878932,-6.410738887050115,2.3409474611498013,3.603530796531287,515.1306200956807,0.2557682288281553,0.00014888369889350106
27361,-2.034068906579515,-7.400886080336252,1.265551393329144,1.9871404384499225,403.8404977421793,1.9238743699911813,0.00014889955880152797
27362,-0.12257190364867121,-11.674816567339887,4.165055281019787,1.1983740354682055,467.3031891213257,0.3401356535871649,0.00014890329727116757
27363,-4.925493073879926,-5.102039042997209,4.6980504503957405,1.8421896378901035,440.16798842352927,0.5640847067211334,0.0001489035403868116
27364,-4.874209219987129,-5.572450021973734,5.112563020185294,1.006406293655722,467.39006136186,0.807232392838027,0.00014890683077649445
27365,-0.06003730975354493,-7.670073981406704,3.7548395990437946,0.995019128580352,443.72991899450807,0.40385527626566553,0.00014891175243996634
27366,-1.0907289810707894,-7.060821481316914,3.2220487838756964,0.9536529511832197,467.78144033688164,0.6349696771183071,0.00014891236391692742
27367,-2.5632950231740717,-6.542170964860099,3.318886547685498,1.7430641370195765,410.5148135181193,0.6140398986632816,0.00014892899652115647
27368,-1.1831771293872713,-12.049987765173183,4.1468199171188385,1.9303575367166075,380.51185169788005,0.6618673146162575,0.0001489313343956964
27369,-0.4327398019037769,-11.596180761134935,4.169045638029421,1.2482148237380648,311.369219886783,1.2408767023855614,0.00014895601444553852
27370,-1.538578374458071,-6.53921695108676,2.4810790053928184,1.153802419718727,235.18816604000807,0.02206740036067245,0.00014896025839685031
27371,-0.6324252898454645,-7.50606132741292,1.143672107073308,1.8317775557155103,467.64242582932775,0.13738638549283788,0.00014897191572492926
27372,-0.5604572288344976,-9.354636960466877,4.3806640381173505,0.8815448503406899,237.48702678043844,1.3219325698666688,0.00014899908980540262
27373,-9.59648448849446,-5.53807283506134,4.947193899717435,0.8887456572858213,178.70369907732876,0.6087560218873227,0.00014900868812329888
27374,-1.0558850110107656,-12.963103621842409,4.119920803371544,0.9587825339306474,265.37156594347647,1.1755757539945844,0.0001490146189915718
27375,-0.7761753288639941,-7.382702190483517,1.2338547548349739,1.7783245158709733,468.3504049774717,0.3903520859176668,0.00014902054333921973
27376,-1.7199871088143706,-9.10510525482963,4.375244812072036,1.4925968324443095,335.05550727277574,0.6202116378013818,0.0001490221894646639
27377,-2.2644185785570112,-6.857855359964735,1.8424901255934125,1.0984617056651065,286.2386601225443,1.2235475096456137,0.00014902442973857178
27378,-6.279767020054638,-12.202007852707588,4.688769248111825,0.8040817250230714,222.25646937520838,0.7913808012334576,0.00014903153061677542
27379,-1.651384889565577,-11.786793806230788,4.158028611354922,2.6601442236079187,457.9977111844519,0.670745836659318,0.000149032079861719
27380,-1.6053043847585364,-7.51536324283121,3.652554867394962,1.1585973196415207,267.9159923999313,0.4552779142641379,0.00014906810294505767
27381,-1.1986807782275744,-12.165543603952834,4.141025330302343,0.7699341688029451,218.86668058966563,0.9345231146315696,0.00014906810904318453
27382,-7.876987931104896,-10.492153062337271,3.503731616982196,1.6441335824482997,468.613945344616,0.5652961081215251,0.00014908185921481108
27383,-1.252884449134747,-10.498879311295186,4.247601500302039,0.9248040743176392,262.34926791645125,1.7564259947116367,0.00014908434132805906
27384,-0.5366089886529313,-6.363533247109938,2.403223932123058,0.9223273960625564,468.80139692635333,0.4275136762330769,0.00014909019862519626
27385,-0.5741329861468163,-8.274719488565918,0.6950181537010351,0.9951684817939315,270.67466329666894,1.2404415845927046,0.0001490997061869739
27386,-4.45133438121559,-5.694820030787858,0.5317431243286708,1.0969137880009472,467.54274906474484,0.5783680264047328,0.00014910669153043573
27387,-6.470735187320152,-11.683238912778052,4.712732738554818,0.8424656551840197,192.36231327391755,1.1909500948816456,0.0001491084491014649
27388,-2.7620512250393583,-6.600900343892016,4.565076550156096,2.3372537870216696,441.183894369258,2.0656828289690035,0.00014911046578579382
27389,-9.576121878588289,-7.032657132498616,4.631435492384016,0.8725484370672316,468.4088787801393,0.9234196432114512,0.00014911517640655547
27390,-0.44431663522862586,-12.748381596541108,4.123371185516816,1.041868662548131,218.73729422937487,0.2986330950098388,0.00014912172547700223
27391,-0.4096574545224847,-7.366101553768055,1.2431524463213042,1.0896945833119025,281.44103748820754,1.6431234510609594,0.00014914260267958492
27392,-1.5761971506596026,-12.233433574246561,4.13788846161064,12.392664154194172,810.1890789524598,0.2841816036060365,0.00014914452034202476
27393,-1.7706156304628777,-9.067161877163887,4.368731808678258,0.8505361769736574,171.69522290989698,0.13173870730036707,0.00014916303244971572
27394,-2.328527697974206,-6.494193742487708,2.53828176733627,1.0987169452698033,469.7423840039943,0.10277952776412658,0.00014916650152362534
27395,-0.7516511841175486,-12.230448648278461,4.137697894759898,0.8254508281858997,469.2297356248793,0.22924724074534364,0.00014917873281766546
27396,-1.2323026539775768,-6.74687782787646,2.117147879303048,1.7482603297217678,374.03059553467665,1.7097368724189694,0.00014918621954656107
27397,-1.7783284349379347,-8.12379605588984,4.083749318835509,2.2999946292319593,436.6574572283904,1.8663552445446028,0.00014920189334908658
27398,-3.0851593460536053,-5.152462872484026,3.4384254528355394,0.8350339472937643,139.42983562945787,0.03967648763485343,0.00014921250401164714
27399,-0.048035342479328946,-10.247562297543263,4.2698166785265865,1.0666861547394453,468.88854908225727,0.9202880825882289,0.00014921549659459654
27400,-0.5556849134694701,-7.09601272292051,3.274022570595731,1.3969915398974353,468.85605186139287,0.5613475813913089,0.00014921636047552365
27401,-0.8211543231345217,-12.880441683635123,4.119534479521818,3.3126673355459673,520.4930808316105,1.003616186553269,0.00014923883783661874
27402,-2.044495841956632,-6.494712752841195,2.2199882450801125,3.3506341330358698,486.445343849134,0.21571235916656395,0.00014924444593537295
27403,-1.1218937722781597,-6.506229216883777,2.5584962872074266,0.7616039183802056,204.25167985687568,0.5194688394930997,0.00014925025082112472
27404,-9.394941741527672,-7.688779314694703,4.042318073967901,1.632970656623855,361.91401416485894,1.2075167046638624,0.0001492514772444189
27405,-2.9911588581987134,-5.587522874880206,3.7554316710425093,1.0905889773754711,275.2841467578995,0.7514134245370885,0.00014927354447609619
27406,-0.6682473064814403,-9.209628040880359,4.3517546688051265,1.8270270727953764,442.95283816126823,0.5803820268340454,0.0001492839973468365
27407,-0.5113316880911221,-7.401302945930362,1.3713987009308455,3.990936554467119,549.8378885550028,0.29972467337040065,0.0001493063065989226
27408,-2.0729173140387083,-11.449748672519489,0.0760530511923128,1.1889417296031928,270.4237259197874,0.35028677322081325,0.00014931223990649416
27409,-4.773440807581059,-5.036972614606714,0.673401746186528,1.2144949819221187,250.50381323016512,0.016035634088601647,0.00014931752741303614
27410,-1.6113121506611705,-7.158591503274899,1.5746001220767887,1.1754509581670043,250.95152058254374,0.28004394613764916,0.00014931796259873363
27411,-0.505571421569222,-9.94533603835528,4.301204090014321,1.6291842692657323,382.92120089973736,0.7433356901618611,0.0001493209568970364
27412,-0.9637907311803389,-7.543167022472702,1.1771944082362704,1.1733420762895022,467.86092162037545,0.2236289394429969,0.0001493311602464137
27413,-1.9987951386823273,-12.862751770667785,0.05240752069806963,10.200883375424626,445.6295780163879,0.1437308472671166,0.00014933189825458684
27414,-2.76649960948792,-7.3375663855756095,0.13176072252475285,0.6519477996465282,467.33176662350826,0.45337204492154193,0.00014933707561357997
27415,-1.0932021751505552,-7.139692545160813,3.2576616614871496,0.7690761790268337,154.0430541547921,0.13805644806756856,0.00014935023684225883
27416,-3.499435325197818,-5.87444671587024,5.088794727915949,1.3662302327323508,297.9077528371722,0.10474470027800553,0.0001493615298321127
27417,-0.011849613015639804,-12.781963363696542,0.0221434824618509,1.2548455144886248,315.0035208053569,1.597572820600642,0.00014936524690027314
27418,-1.5470098373337144,-8.409429657859146,4.216240837629231,0.8265781769669596,210.51738365270276,1.0215187885715302,0.0001493654061316242
27419,-1.8053886093542282,-7.029592374444511,3.19654015474819,1.8477390623991286,467.617353773867,0.4789747364898078,0.00014937176563328957
27420,-4.092832578779351,-5.04996758845713,4.042032448181509,1.815471093641785,433.16445544734614,0.1156773993245972,0.00014938262680863734
27421,-0.4593894181588478,-7.291907502260007,1.4304085250014518,0.9858186430449436,468.112768617648,0.7379302879348275,0.00014938360939523835
27422,-1.1029581556034547,-6.391730991100909,2.4324945258997777,1.5788471778619655,370.32737710903507,0.30668294164607524,0.0001493916101505556
27423,-2.3027640916940495,-8.608391737753113,4.291315482195139,1.7803424799133212,467.8333390516194,0.2752163946169013,0.0001494119467068355
27424,-0.4823552016080903,-9.5636370405281,4.310350367807329,1.7959271343569343,467.8439309744853,0.8133176405458977,0.00014942035041299494
27425,-1.9676419619874892,-6.502312655118386,2.2269741165958217,0.596142574777731,170.94316568109684,0.5082179520410168,0.0001494251385725834
27426,-0.8684324229784277,-6.83712088077007,2.850010418924504,1.7531182748026735,414.86299030864103,0.20920845603756533,0.0001494330965414031
27427,-2.2580622211476262,-9.67127050509228,4.304768591903156,1.0942960478796906,175.7313703642384,0.1648209163261969,0.0001494342568694042
27428,-1.9940465267909406,-6.501980991456949,2.454249636400276,1.355810982722748,244.5352810536783,0.0124309584676352,0.00014943958705073606
27429,-0.2351828664558262,-8.487537615875617,4.238560439281851,2.9576315274964275,491.45866128131127,1.0102818674264844,0.00014944125848864194
27430,-0.9848102871177851,-9.913988050390913,4.3143639436292665,1.0717283901031374,288.2136673222036,0.9776749512471641,0.00014944407079353408
27431,-1.9224842224118817,-7.620507939807445,1.0030765508263377,1.1171234460098307,287.7915206965249,0.269602681533228,0.00014945498894985255
27432,-2.186206231937833,-7.161303494330364,3.261108864732376,1.178777208449578,176.27091558700056,0.17049820149859052,0.00014945640978819428
27433,-2.2402986603593478,-8.198427319672927,0.6756916034036409,1.3291872821831086,468.9218359082727,0.8663167586576419,0.0001494689221602681
27434,-3.664014678280589,-5.979009471758631,0.4834333648409513,0.657169701759973,436.3564469788472,0.4398698866571271,0.00014948200989543518
27435,-5.168950811627665,-5.713647064311792,0.07170536271308167,1.608564383016831,468.23770809714665,0.21236722211793335,0.00014949835924786832
27436,-5.010947160519455,-11.165122240092272,4.89775627261274,1.8356334644651844,468.09746814535305,0.7294200729693472,0.000149503443416098
27437,-0.2816467521471502,-7.71546856411039,1.0745656327338176,1.8126089043375992,433.6693304492349,0.8991436700159978,0.0001495070162189777
27438,-0.45466274989660604,-6.58972825173168,2.1663578689785172,0.6736648260882754,467.75488726862903,0.4448894373440462,0.0001495088549999117
27439,-1.756869499058059,-12.366588262277004,4.130221645417532,1.5920969171459236,345.49274534124567,0.98056314939552,0.0001495122460409442
27440,-9.732911864571413,-5.805605455954889,1.589643637558142,1.2130864114432938,294.5552386364406,0.42453297717549,0.0001495223556027096
27441,-0.8125080009687693,-6.717862422728554,2.6158506712588094,1.114405641123021,289.74971735096716,1.1323389992293018,0.0001495865163084056
27442,-1.8443363127109187,-7.962157063233259,0.8775238557787918,1.307433663845043,312.65740706722494,0.39096055389055184,0.00014958681753520387
27443,-3.386085962934744,-5.4992533862924375,0.8131914991022047,1.1284904274350878,292.53343246785096,0.45598907195222527,0.0001495972553893877
27444,-1.9639605128172946,-6.763764207118474,2.1378172540690175,0.8094015891347422,182.86644117763683,0.060545126882217914,0.00014960268884724455
27445,-1.7566087873603493,-6.490354439796775,2.5125148055727453,2.2660564763681004,173.90928907706677,0.38273931216488943,0.00014960752322775675
27446,-0.17570872302152551,-9.13155174904687,4.343769178498822,1.0842702993198021,282.32442926312893,1.8162863298546137,0.00014961637598505744
27447,-0.9245855196135278,-11.191300062600128,0.08769487651916422,1.454563794524401,346.76479028770075,0.3261217371969254,0.00014962636253437782
27448,-0.019205096453237758,-9.550057857006239,4.309602300896471,1.0786592556471495,284.55081960200005,1.462310630267618,0.0001496308152835395
27449,-1.7040432403935366,-6.817630079040775,2.0128050790501293,1.8146489345445376,434.01016855716813,0.05785825222252061,0.0001496445164772391
27450,-2.465209674419425,-6.638682574512037,2.341088318351374,1.8461107498690026,461.93143054413963,0.01745816550288648,0.00014966229831701045
27451,-2.160572383685758,-7.045401129070911,3.168611871656293,1.746855660656569,467.95429398691,0.3071043399815405,0.000149664758493221
27452,-1.1824297963691404,-12.567862867717656,4.12300193174004,1.19650175557605,329.4516851547043,0.21357068059293116,0.00014966914453880614
27453,-2.359085682079937,-8.544673419421569,4.466267864282862,0.5874530347345914,184.99474392108746,0.9751254265719522,0.00014967297941890283
27454,-7.736396816631801,-12.776735793250081,3.225735948309627,1.4191608854763769,328.9322462285082,1.2039987098147327,0.00014968068137540788
27455,-1.5711445032010172,-9.302841169584092,4.375864469062414,0.9023708166741227,236.38709731469206,0.45906491906582936,0.0001496878345388035
27456,-2.962961255563073,-6.210944760896629,4.790277926643094,10.105726271365404,649.0005718474432,0.10072161643872857,0.00014968964539351296
27457,-1.150300331243555,-8.542451182437791,0.5575155443355743,1.2679499254633055,268.2758988732773,0.09095841147483963,0.00014969127743362184
27458,-0.28065978672526626,-11.794532341065644,4.15184679211028,1.2986212156680361,468.29571246375,0.20712687389257933,0.00014971302373956378
27459,-0.26557406354184465,-7.560401858276655,1.182280277484669,2.0580853433708737,245.0162330204616,0.13065222839191115,0.000149742560449268
27460,-2.2866210769349085,-6.324586496711021,2.5176660935122044,1.3490094399132944,326.78401923207025,0.2705998805746477,0.00014975191777851264
27461,-8.065961047464882,-11.102442500637302,2.443166009053859,2.777828237563382,252.40411832320106,0.2016014194933371,0.0001497526865438527
27462,-0.5659533127632148,-8.35128005061582,0.6431177797631739,1.9487320013535638,392.6225944805836,1.1347496019604177,0.00014975907826968168
27463,-0.5830044759806832,-12.466625672397004,4.1249450115380295,1.1658627157701948,246.28890266958433,0.5064739286483793,0.00014976977356605424
27464,-4.435122672531008,-5.886647641663694,0.4670979899338333,3.547759412145146,533.8458448747263,0.7211417345533375,0.00014977707724078424
27465,-2.991741752103594,-5.118797353500057,3.1848342797805134,1.010478313234104,265.77222296333275,0.2814007517563759,0.00014978981195267298
27466,-1.2960267430230896,-7.586956370491979,3.6889210265177943,1.2607172731914205,296.49024198467623,0.1521739585018329,0.00014979193454298583
27467,-0.004085789759669112,-7.646708458968675,3.7106905035612985,1.1250122808346381,370.0148320624203,0.7494326517934349,0.0001497995602240584
27468,-1.4766173184710443,-7.9207029287852775,3.927153524828908,2.5955111763023018,211.41859058466613,0.2897281963523053,0.00014980305982294472
27469,-3.063029544044692,-12.592172446386394,4.8625136227811,1.5752687304576334,468.81111487066914,0.42145308015474914,0.00014980842085643943
27470,-0.9093943297293432,-8.202601771738578,4.11919858947466,1.5350703565390518,238.82496841176402,0.03139043488047033,0.00014981940045696342
27471,-2.005751081073993,-9.033802544072103,4.342907611998298,2.810745937973293,480.1374126410684,1.0641290866793538,0.00014982165336984964
27472,-1.5851030922420488,-12.443651240169682,0.05997387925881627,2.778734945805942,482.2686963355957,1.9613617765803406,0.00014983598207018864
27473,-6.896662603591478,-11.28420661941434,4.5842211097649335,1.749123001900363,410.47367523831923,0.16825695154901776,0.00014983710884270736
27474,-0.8298139319617537,-6.900652686128972,1.8536101867885904,1.8460629046187367,467.5602969115107,0.6303023296370078,0.0001498426234821133
27475,-1.4477190756559217,-11.747442684278612,4.153152657902094,1.024528049402733,467.77266667970997,0.17843017859953836,0.00014984631243085788
27476,-1.9256512212251558,-12.983168860634159,0.055720773081299885,2.406299324924658,448.6652944528156,2.1683826801828614,0.00014986264444078116
27477,-2.421373284337724,-11.201565201987393,0.06576050002070931,8.01899257357908,612.9278651567872,0.075964294128263,0.00014986727141521456
27478,-7.829230494431416,-9.014754628140496,4.979838719596531,1.5531130581658945,364.4437398217872,0.37164779177157303,0.00014988771903886377
27479,-3.43435800576128,-5.022743544648696,1.4112033407930753,2.5019937359173157,458.5058921500361,2.5261456211616427,0.00014990519189850998
27480,-3.4195323808297937,-5.315391450631478,4.18950132250092,1.0873669534043482,234.70533717695403,0.44670593214343324,0.00014990995573247492
27481,-1.3389555928930967,-7.7688349220021315,1.0128219410793278,1.7943458629016535,428.26454032458815,0.2832145414019678,0.0001499188969525057
27482,-0.48303032044138483,-10.465187417065945,4.241543242436076,1.0368476645840035,467.5330488185078,0.6620016057105955,0.00014993515564778784
27483,-0.3933990699308243,-12.463682019618966,0.0602064879816484,1.8657281011118356,448.5012037293832,0.3474076745329775,0.0001499414355351612
27484,-2.3349291284024236,-12.848249187282466,0.03611998960552586,2.0187395564479584,406.2507851565427,1.7975606185876218,0.00014995697712875353
27485,-4.406507699537366,-5.906151675603079,0.4667873672692632,1.2669549421031046,266.9532476087534,0.7026989309493077,0.00014995759141759528
27486,-0.24523385526265606,-6.798611950655979,1.9933570425220648,1.248920303928401,283.40011530343224,0.1506897157245346,0.00014995884694443744
27487,-1.4980769619166665,-6.9400864590201605,2.981547086643504,1.3573809316133627,327.2177313685125,0.24969061899305167,0.0001499650627527629
27488,-9.273589567624303,-6.057996161246541,0.6869673301089542,1.4149939803015446,468.89022747614626,0.8527328016446436,0.0001499810135806392
27489,-1.2892426351890691,-8.140518901914733,0.7814416091267271,0.5181054896285482,109.26663593350393,0.24016054107240148,0.00014998819434752547
27490,-0.9898889567182287,-6.457027208557099,2.335100396651294,1.269423007150085,280.9510938269706,0.22141762922175534,0.00014999631436678654
27491,-3.964464153082881,-10.878492200317188,4.966549437900187,1.8545463025751348,467.56228028838007,0.3996978340084789,0.00014999857887878178
27492,-3.708119562508881,-5.146568719553404,4.043920495672934,1.1154194099651638,291.73381154318594,1.5651390987244334,0.00014999974585640853
27493,-2.3634950745641916,-6.605377335273768,2.5748022954361836,1.6497988579064018,385.9005387779766,0.28487767363259575,0.00015002671566786754
27494,-0.08177496249141392,-12.389112274537693,0.0334390174921575,1.315487307725458,306.8055080217879,0.7631223048506781,0.00015005420668931825
27495,-8.749624351617118,-8.644485739169134,3.5384057074155173,1.3344320613379266,301.2416089710755,0.3452994353200056,0.0001500577871179944
27496,-0.22367582438622335,-8.92065579437622,4.337060284016392,0.9946409532668472,275.2685872364922,1.1604610900498757,0.00015006473293853673
27497,-0.43379648536362403,-9.34153376273428,0.2951895372930465,0.7024937067861092,466.8394236909542,0.37302601281642556,0.0001500665933662572
27498,-1.80211971247107,-8.717016801351306,0.47599978283692224,0.9139971766057556,184.69041577153777,0.6458459148020195,0.00015006827231643945
27499,-1.1510108209077234,-12.282769888245243,4.127991454662333,2.1555439446003875,420.16773754662245,1.589322437269793,0.00015008856028430104
27500,-1.6865044194158116,-12.356825987214346,0.06273659499044461,2.770301253966596,478.70551261217264,1.3565947127249158,0.0001501000125655518
27501,-1.3560783659327988,-7.724846500972796,1.0632644923730485,1.6453373540166143,382.38058960235384,0.5514707607470521,0.00015010123338398903
27502,-2.308135223290206,-9.204949814718994,4.526383410300519,0.7598679354759873,145.63994616575152,0.1489201754060714,0.00015011291241181772
27503,-0.5540702258792365,-6.752402094665159,2.824765611438409,0.766067176232921,134.69442853397913,0.2617475125346491,0.0001501139232467335
27504,-0.6723221134499724,-7.329523443705348,1.4783031893460512,1.7245344598221914,408.2732033034831,0.922395226352573,0.00015012037070610438
27505,-8.084508317941326,-11.104956781482628,0.8399959006155552,1.87235447165909,386.65669137422753,1.2888581560587271,0.00015012218636948924
27506,-0.2826278570347167,-6.738930214817563,2.8602096867203053,1.097460105267424,467.78828469710203,0.9101033591701198,0.0001501323515063674
27507,-0.6134859566795345,-7.251831764594776,3.3780275569718805,2.8398335353493427,484.43758371805257,1.321261572779913,0.00015013527829018237
27508,-0.20720852256271627,-6.939568529989278,3.0809473738072066,2.558914020068186,437.1070267280909,0.39430826664152185,0.00015013659687771835
27509,-1.5606731725600138,-7.438848521820106,1.378295511721848,1.7111716963580237,405.8481928839286,0.8629462517787223,0.00015015119102400977
27510,-0.6960873538400776,-10.505723291899823,0.09236593677372452,1.2071640677198292,266.67527480989327,0.7775002916505294,0.00015015912564390798
27511,-0.32483150200926225,-8.574504441245999,4.250698792323579,1.7752784517743476,422.2623734287097,0.483214235900574,0.00015016459526542625
27512,-2.630080981809039,-6.117550192985224,2.995390517373246,0.8449879565906773,347.2040573464478,0.5101826542759529,0.0001501771208739225
27513,-0.3312428226083579,-8.13605060195244,0.7659485106298858,1.4560957777424524,254.24272259455245,0.1398274293349262,0.0001501896481286608
27514,-7.425396150137324,-11.357483016850903,4.012913628360761,1.662034260045646,389.39188826008336,0.1687560110441293,0.00015019005796440755
27515,-1.3230251696076643,-12.629757405137848,4.116743804387488,2.6062395405642484,466.5782999098362,1.8514279403367127,0.0001502011469236877
27516,-1.492908210087375,-6.909510545737409,2.0345039590159875,1.941273838604415,326.4055268474369,0.09478495197790071,0.00015020334552709848
27517,-0.13631298601454667,-7.392596588240805,3.5229349836251043,1.843981165352115,467.9523237327677,0.31465972635023665,0.00015020550426057805
27518,-9.475972688931652,-7.734968645564259,3.764943057749511,1.6243317520174394,357.1776707887751,1.5844146756528037,0.0001502966304157521
27519,-2.5566097523637232,-6.774015904283819,0.6149374897994344,0.9478010106741215,235.35147926318035,0.8044328468761295,0.00015030293311732703
27520,-1.015344661425475,-10.846057310600184,0.07784866516432597,1.5187474260225202,239.0285656416607,0.06831495402637167,0.00015030385380801635
27521,-3.2480901452304947,-5.548979663851999,4.355551609659025,1.8260249242290112,447.1869720006408,0.6004420203254597,0.00015030419878031955
27522,-0.6456805150987837,-6.415525973499296,2.4150021603553338,0.7404936823084597,208.79541516823272,1.1605395063937651,0.00015030749732712194
27523,-0.14975514402072854,-10.907478454805702,4.192722339469077,0.87954891993474,239.46903855664794,1.0375198813459088,0.00015031275150364801
27524,-9.952767369757732,-6.660351579510304,4.312679781792223,1.0370270333657414,272.34617788142236,1.4981587448171299,0.00015032147763147674
27525,-5.234330253554131,-5.8289345225794325,0.013618458438709825,1.5571073206698935,468.8846482984124,0.8526885514645857,0.0001503363868431324
27526,-0.5387199601751096,-9.83441169067617,4.315317707939488,2.8549868092815416,477.204452616812,0.72584034601166,0.0001503425307099322
27527,-0.7635323428649841,-6.9301346267723885,1.778241623198396,1.2032951538202612,309.1317733791481,0.42772033281291666,0.00015034295226020833
27528,-0.3269959808784364,-12.172656565328046,4.129715479677317,1.1835500739299185,284.3635885709042,0.5425922677863007,0.0001503469515260318
27529,-9.788819044905331,-7.544950436301438,3.4569164271944053,0.7194549044141723,219.08297192704356,1.2302285922737068,0.00015035921354507415
27530,-2.7452525319332466,-5.539956669038735,1.1948381329922293,0.951210858697229,252.67552116793172,0.7612665861976451,0.00015037142918885966
27531,-1.8681806506931782,-6.909543231832702,2.94234274200249,0.9694109582984586,468.82308502257933,0.07636465878992027,0.00015037474932480085
27532,-0.8024376370852178,-9.95248704623039,0.15867181388168364,1.708733141036248,402.1902348471141,0.7081847959664769,0.00015038211776278676
27533,-0.9829619333709374,-11.93321972171516,4.139380268031767,1.3438718096043112,468.5332854279976,0.6522519269364668,0.00015038285769371077
27534,-0.039272181147305574,-10.023682168973222,0.1756025527792685,0.6267401227162842,127.09301661031044,0.5715195730032976,0.00015038815928896765
27535,-5.439623646396069,-5.139620795690785,0.014529025388995722,0.899106294430062,204.9675798492035,0.257932299177015,0.00015039371925331627
27536,-0.747575110501904,-8.710229054370775,0.5088558180911823,2.058369552093139,411.5166852421185,1.97761262523034,0.00015042985413444047
27537,-0.27779282017190887,-10.428855552310889,4.241630820683878,2.131898663367938,291.0383093544971,0.006018009534652258,0.00015043137917674837
27538,-2.0565123556233624,-8.297598331672706,4.230973200080109,1.269854561379933,316.5774381961043,0.5098158574223044,0.00015043608884876948
27539,-3.644091956870077,-6.430672169164463,0.23273415425704663,1.708484100736532,402.8991001759238,0.5532611643679965,0.00015043798194287576
27540,-1.7545155865649136,-10.312101976293253,4.253033620817032,2.7342089178088638,217.04060391196737,0.3577530331689802,0.0001504582854205908
27541,-3.2410828919892722,-5.135359751143657,1.1903022728430033,1.3829483858988891,326.641859092991,0.36060046319495154,0.0001504688575733244
27542,-1.0031271367096792,-6.526532511930519,2.529065496742553,0.9888552310503171,259.4403704680587,0.9978578567076726,0.00015047306327980436
27543,-2.163107500881009,-8.729766150711114,0.4813844118714848,0.8952498679294272,187.6576685439547,0.0357941684826093,0.000150488566731622
27544,-1.0945463940539177,-12.978342867135265,4.106411513248702,1.0911222783556607,288.93473218312727,1.619733875074723,0.000150501316852434
27545,-4.9561738547805945,-5.020172035383361,4.618027480908719,1.2294035731057271,297.3268288514635,0.5570404735580565,0.00015050757982020034
27546,-0.5637530093192868,-8.515204459920884,0.6030958643153095,0.6667397504490501,159.82574799775045,1.1661940058135505,0.00015051482813660443
27547,-0.19352436712330778,-7.417460783425659,1.3347127170407123,2.891378040287842,474.36280617183746,0.5561750020221963,0.0001505157157870662
27548,-0.971408051249318,-7.9143807384306575,0.9216206463087705,3.6043034588886678,212.5351333809125,0.3292501617971775,0.0001505307932963308
27549,-0.49002360157514424,-9.403700619319691,4.309639032113744,0.7347164619752214,158.2176648915638,0.037526998702516856,0.00015053653174147198
27550,-8.033300730252435,-11.411048013672914,0.6513927281715083,1.6270573610652606,353.8522702537119,1.2272603616733742,0.0001505386527240118
27551,-0.753723351669608,-6.554774927884355,2.4653995498341046,1.7775618716123136,377.7251859900533,0.6008202922022976,0.00015054310001599283
27552,-0.6556108052829064,-9.154466361397416,4.3391974941397855,0.8194869308673174,202.9803667943441,0.43455036403647096,0.000150547175586801
27553,-0.21219849016418912,-9.971996415934402,4.288833811546644,1.5833755678188688,358.1470857609709,0.8378122473902749,0.00015058618834935504
27554,-8.059440858268985,-11.248018238766015,1.4984742753804303,0.8420629825397185,225.94014432420525,1.0134430249533972,0.00015059101039077924
27555,-0.391054615820682,-10.747887442367627,4.214552165699553,1.086615725343839,216.07531050885353,0.7026462971972638,0.00015060162112338197
27556,-0.5574340430571247,-6.964976617843502,3.0869154287788376,0.9301373637254002,254.4742649417935,0.7065689314703869,0.00015060662677322868
27557,-2.132521182683117,-6.361630471181473,2.2968013392868705,1.5470527588573535,357.5773528117928,0.25561552182843794,0.0001506341073423088
27558,-5.57618604796375,-11.20929422177722,4.900920984930134,3.5475207190911773,527.7863851532929,0.5263031882222453,0.0001506361052450301
27559,-0.020647365871200307,-8.621970665418637,0.5306855040990078,1.8540507247699591,451.3163982257476,0.535293905389449,0.00015064890745548226
27560,-4.205649733756096,-5.150238167004595,4.07792488751106,1.8776316487393336,470.2869465062301,0.024479299521998676,0.00015064959685844346
27561,-0.20192292372761855,-7.306146092752593,1.4810042864379764,1.8416506287969236,467.260524275251,0.28519241667899387,0.00015064980082459128
27562,-0.7125931105136125,-6.761388567146706,2.864391031971726,1.0671658336241896,252.17093655015177,0.8625293159413774,0.0001506636334491545
27563,-4.443258151425324,-5.418270599516719,4.6477305157469475,1.187676403060716,301.81841685558754,0.496863491249532,0.00015066938530687205
27564,-4.4697549806211745,-5.345230044888623,4.5837165221471965,1.7219632701973067,406.37834479444757,0.12571911311297868,0.00015067752586290795
27565,-1.9703862185459755,-7.348758531747363,1.4690125084715018,0.8967129652252912,184.8674506320517,0.22787305491620113,0.00015068639410628244
27566,-1.2002699417431657,-6.748913060524291,2.861616198764368,0.5924071587968534,122.63421362096632,0.08107283144822564,0.0001506896623328798
27567,-0.850049269545659,-6.728221131155376,2.783787941836683,2.3788548574226582,423.631553234601,0.41581857998793037,0.00015069037797301238
27568,-0.3911688109137774,-7.54418802295772,1.1411530897010917,1.1256229279172132,271.9359734140697,0.44975407261256084,0.00015069540113057774
27569,-0.165214046887332,-9.373106502647333,4.311039384406811,0.7713909298825045,131.31337191807202,0.33739844121919926,0.00015069940458096724
27570,-1.0571113429408552,-12.170424152601388,4.12668699206761,1.692011459738072,398.34877559920557,0.23612796454959373,0.00015070795127680037
27571,-1.1640353640690257,-8.804533240168139,0.46845544617267854,1.7020117787501046,399.7689403444946,0.6169072898236445,0.00015071407607627653
27572,-0.6944384505849985,-9.916313746377474,0.18531219826831696,2.4791321927231436,445.95881096823086,0.9040731992923492,0.0001507145686441827
27573,-4.6801955285795005,-5.923577399423495,0.28292496249173144,1.4168849192785087,310.53120239487134,0.9118216026092911,0.00015072808537028775
27574,-1.2332238603371497,-11.619240299782648,0.08054370047615046,1.7403661567498077,436.73434206448854,0.029553645253424854,0.0001507366572591263
27575,-1.6783193795395288,-11.996985057611703,4.133503412140472,1.7348695219045698,410.1426124568405,0.35762328812805233,0.00015073682045237398
27576,-0.09260846687121571,-7.628687662494802,1.0914238746007405,1.8731771305625187,469.8901152560258,0.1971502552841331,0.00015074200668472435
27577,-9.983502827423115,-6.658310112225084,4.269857076704196,1.8755625004086316,450.7521964560636,0.4482100117172836,0.00015074306325351807
27578,-0.9214333040158547,-6.714361097963425,2.7067335137047452,1.6974493681941882,398.39437714919245,0.612586053116317,0.00015075280701073854
27579,-0.6878702161819241,-7.73343661160477,1.078671549390105,2.0362127160068044,408.34091322472307,0.6228616160877074,0.00015076688202852342
27580,-0.5227555995445794,-11.723665983230639,4.1465906782666115,2.585381350897122,226.02097645139747,0.220074929495512,0.00015077231549522356
27581,-2.474888270403391,-6.515317578063341,2.54016757572531,2.0914950965163674,404.9532651324198,0.8940495261371391,0.0001507949059590295
27582,-6.085141987770299,-11.422350742776736,4.8333158221509525,1.1247145375332521,225.7509035488024,1.0049563498848393,0.0001508110758322065
27583,-0.2852039519950118,-7.570106886928141,1.181590015414332,1.256708074839048,309.476365499886,1.6422764866749349,0.0001508217935300234
27584,-3.5451657418532925,-5.97793202636681,0.5321700929485389,0.7291345804545091,217.95393482820586,0.2263316435262288,0.00015085259404621712
27585,-1.1768621593826794,-7.20414078585305,1.5766228674897989,0.6672192184875133,468.35774444589657,0.4713954135009848,0.00015085435343798053
27586,-4.433465768658773,-5.260321541793349,4.419503864193423,0.8528008709852752,231.37274449274042,1.3013576978785961,0.00015086968943571412
27587,-2.264341792554619,-7.5770429061019176,3.66745755136842,1.2700281792920471,468.22298867880215,0.07187176570360787,0.00015089024264825686
27588,-1.6450820198126888,-7.768512757363483,1.0096023313149598,1.5858743786445246,355.0651759066806,1.3971427591193866,0.000150902119479824
27589,-2.4090612228121238,-9.499454706285787,0.2371783404206641,1.81741371849117,381.8402997581064,1.6267914678733648,0.0001509150188854614
27590,-4.01711571650651,-5.423297139843137,4.338733422614704,1.70664266367788,468.6404045179131,0.8305115082731902,0.00015092950143675017
27591,-1.7140962220984761,-6.722851149899207,2.771196227503584,0.8654696127030086,468.07791227427674,0.1463093135218836,0.00015092996908629803
27592,-3.5812352871496067,-10.81912950587957,4.9812046114667305,15.932264041596163,582.2056062685848,0.08657175254634808,0.00015093311780851117
27593,-0.3323612884913114,-6.901855021805244,1.8631312460575122,1.1143011314143196,129.3310128796409,0.345259348269896,0.00015094404079370904
27594,-0.03842220263260643,-7.716698258793085,3.7663279295978467,1.1946512451436455,253.32841616564764,0.04764288174821463,0.00015097044779781093
27595,-0.2249809139114909,-7.421756416877734,3.537538560532077,1.3427916147390921,468.7824898413215,0.644316799990678,0.00015097685117223638
27596,-1.6487378473878582,-6.796301955416973,2.0951738056642952,1.8536069022245545,443.41081807117536,0.45489892630559936,0.00015100233932135667
27597,-4.795675686273593,-5.168201042331618,4.526368101146453,1.6929546152178838,467.9403131694789,0.34557671799197287,0.0001510095553683625
27598,-3.39387330992892,-12.630831861309055,4.642795856714959,1.902381426692771,468.3478438167172,0.6233893948896441,0.00015102269126133805
27599,-1.6059043260817436,-12.06673005554063,4.128055942105024,1.031006770088937,274.1282842334146,1.7027481283167392,0.0001510263026473291
27600,-0.9774735336570792,-7.1331346226019665,1.7281280128783119,6.364064126255367,521.3853163560519,0.027143814871190663,0.0001510296918914933
27601,-1.385598215717609,-8.210377553988955,4.112056604790057,1.0642674207276501,276.3365325053806,1.3995308742407166,0.00015103943538538275
27602,-1.6518647340707666,-7.2116295016922205,1.5354154890165543,1.3295601793146918,314.80028158173224,1.4123525411793905,0.00015105277881206645
27603,-0.9347688785999608,-11.995863987832196,4.130789601539361,1.0432448214021586,210.01478258164832,0.30565070957996276,0.00015105927199933914
27604,-6.7727392373039965,-11.911868843243223,4.542463759062537,1.4116836521138467,328.85763175975967,1.6852172737969804,0.00015107643241163158
27605,-0.5067075066145872,-6.961876529064904,2.9796637370588326,1.8385877916567919,440.8595896653962,0.422633093482939,0.00015107700476665173
27606,-2.509343147159516,-6.9288358107814,3.699973464797607,0.9429876300357558,208.4744220823036,0.09728413679384307,0.0001510806974317622
27607,-1.951876344529559,-12.6046637361256,0.0670919271205262,1.800106977283686,468.1108919363402,0.07840226759600721,0.00015108351607537188
27608,-2.2880789121721357,-7.051871375358576,1.4294559696235967,1.8243866764701784,468.6534861044486,0.3576007403412671,0.0001510942196943971
27609,-1.2635263375672174,-8.713774580343584,0.5094594313214506,1.0125434564170663,241.0198815577708,0.4804834851512796,0.0001510958974200651
27610,-0.32886315384187803,-7.228293080544672,1.607144320550947,0.9333398675998676,241.14973543038158,1.2795748289051643,0.00015110335509537672
27611,-1.3873033403818464,-11.827479209064947,4.138279007367781,1.699662941651696,445.3807557834377,0.49129618055428903,0.00015110718034805806
27612,-0.7414943402975123,-10.65185131474401,4.238196074848454,0.7687007447814429,224.7829703880615,0.6563874873091775,0.0001511135688216876
27613,-2.1161992877235054,-6.987531320436366,3.045279544819988,1.9895849793971219,402.69732366283,1.6414045595129148,0.0001511223788294594
27614,-0.8797628195844478,-12.081168124465638,0.07373230874268126,1.8574345449314875,444.0569727257403,0.6367603853592092,0.00015112751171171654
27615,-1.3741320703640163,-11.651301828928727,4.147390870727178,0.8815850446440092,222.2541023945945,0.10890654702211133,0.00015115533443500444
27616,-2.4346297211845105,-7.730942765566241,4.2539726834540765,2.0920998850150285,404.67325778496536,0.9031878467777759,0.0001511728689834863
27617,-1.8355987520551462,-7.330172314069275,3.4501789087939194,7.661090600797599,729.9374877622022,0.37961537359171693,0.00015117645275668565
27618,-0.25294978635969656,-6.9826180386675265,3.039122241710732,1.3516582222793938,467.9255817787423,0.5124771766542482,0.00015118478153533716
27619,-2.623583865006614,-6.578902413920662,3.8592933508386857,0.8960262607128399,239.20166962866224,0.47074428259133594,0.0001511934567108541
27620,-1.8287295549473388,-9.709210265755976,4.333811614111724,1.7714192247165446,420.3454138057186,0.35588055845057553,0.00015119690502486037
27621,-1.9809404758046139,-6.464902306799614,2.2852162893684285,0.7745636513238859,166.4104225148957,0.03185675228375562,0.0001512024751123624
27622,-0.8427693439568866,-6.804458930389698,2.114137546721682,0.9835519637008472,263.5578018150328,1.6006362668373386,0.0001512079056387539
27623,-2.4199635874313765,-12.222168027636926,0.04153585734081989,1.1626888424206765,260.2570963779443,0.19674111673975503,0.00015120963258288643
27624,-0.9059080597810407,-7.204628314116391,1.5749811328120888,1.2854571579001277,216.9938102000278,0.05001710390742442,0.0001512117328777903
27625,-0.4057920604575713,-11.171807193305943,0.07212764782241217,0.8862955766657106,140.55394501878786,0.31524513663448506,0.00015121631941955672
27626,-4.2480477509580625,-5.292188112649368,0.7880229474728272,1.3486107539407934,323.432000733311,1.9695369728832874,0.00015122144616467904
27627,-1.7918190726546808,-9.985917569840968,0.19464721765040538,1.2995813501771847,293.9300781419669,0.11015984920885469,0.00015126398180165856
27628,-1.9849938905634321,-11.92807119912725,4.131958438656241,3.6813016361753004,538.3233457660642,0.5364707982523234,0.0001512647937191229
27629,-0.003838323013496847,-11.613848593026516,4.148555417320709,1.5012174896731927,468.03047595717567,0.5784943923044352,0.00015127564466163089
27630,-1.183601826320622,-11.946540293803036,4.131058737220059,0.7198425205780072,147.8063111345729,0.45996017940340206,0.00015128606732182809
27631,-5.630039751778147,-12.157638288124897,4.729880137457933,3.119981986941022,506.7017897292896,1.1599992987446086,0.00015129838430783104
27632,-1.2816038568265533,-11.04033282606952,0.06896078695764295,0.9250615969253225,467.82903284707754,0.3862813576096311,0.00015130224291096684
27633,-1.0761391233231414,-7.983730569975017,0.8602404370303851,0.7802774879479011,141.90440479956303,0.1771529820565263,0.00015130821448514713
27634,-0.7527172444050674,-11.604220189327638,0.08470929988804463,0.826832824818923,163.29274280589476,0.12859600917109315,0.00015132145338363326
27635,-0.9045500057404183,-11.126365591993387,0.06930253263071319,1.6347824163197475,383.1343418011802,0.4305606837322742,0.0001513232293631486
27636,-0.9346901086651371,-7.213480342667899,1.527497505129685,0.9537321887116847,250.35687920004318,0.1544025642654434,0.00015132624281084141
27637,-1.763152767650828,-9.015248944167034,4.304515708678075,0.9758998346738799,210.04475098602947,0.03999777240931923,0.00015133367736967893
27638,-0.2809853091254446,-7.972875724357978,0.8720259681923148,0.717009713928037,141.47916855247615,0.3490473686646398,0.00015133506678597074
27639,-1.383074652093871,-6.613321648387859,2.4754316225404396,1.6614896425467258,389.6262510397271,0.8404662182164602,0.00015135912879894636
27640,-3.3057765712794174,-5.137436904324864,3.761279841906429,0.6693671331253926,468.42633464234524,0.42458583966258256,0.00015136420785130962
27641,-1.3609697613259115,-11.384593881740216,4.1621874599703474,1.3018427064605527,301.5883609092592,0.6444078982723136,0.000151400024256022
27642,-1.6077869742008204,-6.810379542927045,2.109773167579302,0.8170798653020105,167.04098790291388,0.13719633345672388,0.0001514072714748729
27643,-4.849561488996921,-5.123983691492489,4.492529985921465,2.877556431671607,489.0416664605627,1.5084421887670025,0.00015142375345707804
27644,-9.463611539902994,-7.329430188095344,4.479156677512877,0.7774545853742321,470.06133958292264,0.1901120969582557,0.00015144393724321782
27645,-0.14092395885404585,-6.746517745576824,2.7828428727093435,1.2616090399128574,317.8738479298069,0.34621585393838217,0.00015144712387075797
27646,-0.06801843718348977,-11.89709830043718,4.131921452533228,1.8319310524500139,379.18490000755935,1.14787018791636,0.00015145526445429683
27647,-2.0743668923813585,-6.719325920700539,2.498251768649078,0.9363724666559637,467.783266333763,0.9338915020305167,0.00015145996474319657
27648,-5.3863179114041975,-12.024265251160289,4.7416883341153,1.6879535366344436,398.62414060109376,0.6412416279663438,0.00015147177248118232
27649,-6.80210806939767,-10.519940342624473,4.908994653215998,1.7963046978545276,380.1422293793713,1.7050390471042727,0.00015149905564558832
27650,-0.134715881744361,-7.223370161676671,1.5312372313343445,4.506767627529639,466.74217534052974,0.05305497204978149,0.0001515018729176628
27651,-1.4656544756793224,-6.5691123899989,2.209753003398573,1.0055400920075894,467.66508255027264,0.11936265546828384,0.0001515084286949979
27652,-8.03673040192199,-11.395536010123239,0.6610995286062222,0.8114356429403611,171.55974123290173,0.19469887583472012,0.0001515167246195567
27653,-2.4404696066572615,-6.561783589942127,2.1682596289871774,1.0489265818955311,253.46723807403168,1.311228153904259,0.00015153323615955597
27654,-3.027604018369763,-5.1686512885717,3.1258724655722414,1.206548558300789,467.18519265390734,0.275422340188169,0.0001515335027605331
27655,-7.912284533571185,-12.809600907947628,1.3999608748499075,1.0583313706732205,282.27359822626755,1.5957345589291432,0.00015153752933983467
27656,-1.7694988017890836,-9.028560343419779,4.339745018571872,0.976068095674522,449.0067026360528,0.8839787585216836,0.00015154962737317962
27657,-2.2185585998321162,-9.461193698394672,4.3358469744744506,1.3976451872274693,304.3553802226401,0.9334989822910513,0.00015156579593379323
27658,-4.7553145263059315,-5.140574668660469,0.665716600528178,0.97823627096639,467.7172824987611,0.5920071890432324,0.00015157079134516736
27659,-0.947292858011803,-9.713809016322031,0.19983507421949123,0.8466863845325007,230.96962355420763,0.42285527373030707,0.00015157250031863187
27660,-3.8365048458218363,-5.736628760023545,4.865406571092284,1.4802558963755181,350.54521651560225,0.33727728254500366,0.00015157581612612557
27661,-2.5092495897706426,-7.227215655121,3.9842900133777617,1.5618679543841183,351.24760401583467,1.690229101983486,0.0001515881106023233
27662,-0.2215774402709041,-9.609411131632108,0.22919625798507334,1.316823002724066,468.7612269027413,0.8445437063294348,0.00015160803667410631
27663,-2.4002626460978576,-9.627901899958058,5.12323767083781,0.9489377710548657,152.37157637447118,0.33318434445173306,0.0001516085064166614
27664,-0.7887946506569516,-6.94102044494426,2.0541475930678255,1.747984869585943,467.47489644550416,0.16732964665077787,0.00015161781779179985
27665,-0.6343466929291779,-6.548102646944752,2.50402679157602,0.7002913237152587,164.98935007728753,0.6755900940800261,0.00015162700369030155
27666,-2.233323629249825,-7.1503526365791945,1.1189752475951888,2.7752812597225263,481.72390636194325,1.8689116821025644,0.00015165731036325425
27667,-1.10504384373532,-8.544370717571375,0.5827706610594001,0.8148324708663666,201.26638410511674,0.24480186809720905,0.00015166753764898788
27668,-0.8531460693620865,-7.073882130284731,1.6461645260872477,1.818182593650776,433.536361329204,0.20940927394738384,0.00015166894356447757
27669,-9.833999803252155,-6.1082205237443254,1.6857336139990113,2.2157335782542096,417.59893148996815,0.8230256353482828,0.00015166935045329307
27670,-0.9252060122533106,-7.245221326931214,3.352804885903071,0.5909862530720611,118.57908190118431,0.0017647648610328304,0.0001516694951347411
27671,-1.4923478911958767,-9.741191983262162,4.327586232016317,2.7604035236344417,480.2279732414493,1.8507770713201426,0.00015168494203431342
27672,-2.320463451575364,-7.456672432697792,0.8673721221526601,1.8250109558642222,433.7678436504871,0.5587744961163956,0.00015168707804662717
27673,-0.6297346818426757,-7.65973384982042,3.7359036621080857,1.2405292095942637,228.57764307489828,0.041570235747039774,0.00015171117047961793
27674,-1.3712332984226734,-6.570459938808382,2.5408982637920166,1.0033858852036153,276.7196842691021,1.4065592008712224,0.00015171447748808402
27675,-7.925198166433139,-12.039725191163685,2.7251122101686396,1.5609478373510575,357.00977873291646,0.47627444642227257,0.00015172924471402237
27676,-1.733256061898123,-6.968513995144435,2.9723993650006983,1.7778676330237742,419.8919089741623,0.5591119233100503,0.00015173238297135972
27677,-4.044361349232281,-5.048687431028266,1.0619516067810577,3.093735736251967,340.98388311732225,0.051014431659551995,0.0001517348785033059
27678,-7.637741136641776,-8.632408622938403,0.12325145161159769,1.311313621374083,306.32014083768223,0.16475058662476538,0.00015173865945412719
27679,-1.524506480484579,-10.33360753297646,4.211703140524131,1.3933630516527813,332.56785974892705,1.269095514197291,0.00015174058813794696
27680,-1.1474430518612468,-12.552879944068899,4.105181713108266,1.058964889824832,455.44694517988717,0.10530621283490316,0.00015174481666934038
27681,-0.5068761216329172,-11.637421560174914,0.05829591423561509,2.4023687979261306,436.63869202472256,0.7369289736374922,0.0001517508122729592
27682,-1.700547436998054,-10.744727629463284,4.220531378947224,1.031216411790223,210.87152754580362,0.5318630747033835,0.00015175534731526926
27683,-5.038456590900392,-5.089527105928202,0.44324413272812474,0.7002131919369756,145.2865315839467,0.0586871111673295,0.00015175817475517875
27684,-0.24163924070977671,-6.895906917711293,2.998966485231371,1.2085317534150972,305.2904198495077,0.6714543142761746,0.00015176889033204365
27685,-0.7759855194644292,-7.08171052942949,3.203046271342544,4.203180992324986,580.6125616478793,0.8705113926965904,0.00015176932175138015
27686,-3.7008767429492995,-5.181578135768799,4.041874535310419,1.0272582374235573,241.8264922070021,0.45714507669394866,0.0001517757865154519
27687,-0.574075215881118,-7.00509620679828,3.097558235157503,1.7913726785913326,428.53457471289016,0.9306365746194016,0.00015178391962550165
27688,-0.21041612162076717,-10.21505541497415,0.15213435074938433,0.8669288698784182,467.9990149034251,0.36756832125070726,0.00015180010792441745
27689,-1.6502084275173363,-11.822276574101918,0.08287925022668637,0.8795796219993173,468.7175503015728,0.18186136017434595,0.00015180067126915658
27690,-0.8257784245837456,-11.537007644499939,4.148823796739882,1.063224260757511,266.6680605084632,0.4229360540723066,0.00015180071932364462
27691,-0.655287482968939,-12.07897109389563,4.120884467983916,0.7881425739531334,200.25573917641788,0.14801760219707472,0.00015180333011149936
27692,-0.7293920074980615,-11.564955280311183,0.056941784077757324,3.622336542820261,519.8751023837017,0.20236696391371378,0.00015181211691188371
27693,-3.204369641715479,-5.035629515670004,1.3310200558532626,1.1991402895284022,467.34091562606716,0.31508386826943724,0.0001518146849392168
27694,-0.7200897175158634,-7.934203750438011,0.9228131819146477,0.6163644556760859,121.2452907465012,0.10338167085387884,0.0001518158763431959
27695,-0.31648274118462716,-9.730343510916008,4.312836661193649,3.26449779833513,517.1678664006265,1.0451652222848873,0.000151817448065236
27696,-4.334372052556047,-11.940376926645422,4.719540661384179,1.0788353741537986,451.451208875026,0.129512828778803,0.0001518264432485261
27697,-8.097443091719995,-9.65440661535942,3.675953491521493,1.059424969676792,254.9329519381316,1.4656577353246165,0.0001518358088611464
27698,-4.165898079071003,-5.377497330377705,4.421364815293004,1.2951820666683531,468.0091784042222,0.6263925666641272,0.00015184241081608017
27699,-2.440513681420801,-11.197966803744297,0.07904867103472467,1.16458431853761,256.4219078703044,0.5200506927583026,0.00015184437901504596
27700,-3.23995526093303,-5.591164077426881,0.814678436736631,1.2945857858294123,273.50955053289033,0.6950119348907942,0.0001518444062519114
27701,-9.582525640235435,-7.895908031422395,2.6088979406845514,1.058219487198362,258.0196137471997,0.11492610798313141,0.0001518603177931629
27702,-7.79507928633419,-9.538859685469525,4.43600194845574,0.8562251139520697,230.36119825209857,0.2379422774139357,0.00015187342633828552
27703,-1.5740082630667018,-6.471248236213708,2.4150842615301245,0.8621782791498094,174.4675010363343,1.0337131190727238,0.00015188046702018415
27704,-0.826354763734443,-8.905791241759266,4.3160767310741575,1.4465567504528594,205.03545370514846,0.11832089273568158,0.00015188906362948224
27705,-0.9298793527020948,-10.175937209065301,4.256789846441346,4.0285170617173005,561.2461215751456,0.49896307447481103,0.00015191236231595293
27706,-1.0496594856647885,-9.47283726372317,0.27885904839930103,1.0313755731989203,281.95968166862,1.2254526914870096,0.00015192273239480558
27707,-8.44236101783931,-9.520750762473938,2.6465663041126564,1.2389611559301876,310.419565862898,0.5949712340049329,0.00015192463931000254
27708,-1.9480689223150502,-8.10515009668993,0.839167167273126,1.8789883471956108,467.67557112890285,0.37961957861178597,0.0001519364117759721
27709,-0.2829210641394102,-11.412859849446514,0.07537192216698482,1.842794644915379,459.9331692099386,0.14227004108851737,0.00015195122248525745
27710,-0.5062837436195853,-12.563731855329392,4.1029801204139025,0.9317724850187981,469.4819711696213,0.03554949582772604,0.00015196330755632516
27711,-0.3011106429535637,-6.610137989079617,2.2604710621118262,2.8661520378073915,424.79433847953516,0.15166930378742283,0.00015196471541846485
27712,-2.982126166255391,-5.893325929840809,4.0949341402486406,1.1095460641438808,187.79345366685956,0.05367776491538834,0.0001519708826208523
27713,-2.8442096236988323,-5.903511172299328,3.8290361457782196,1.8735681976751002,456.34594650468887,0.24147429015913602,0.00015197516303886558
27714,-2.3647033406132323,-6.865091111297911,2.041929534828077,0.6892390715898912,138.4708585218335,0.9970469001852882,0.0001519775739928182
27715,-0.1010523170630293,-6.565812656823626,2.5166258724137633,0.7223591570396211,295.5235402255103,0.29853719115208044,0.00015198281778077463
27716,-0.5924052384334448,-7.140459490947333,1.708734843964028,1.2619682364367029,468.0458957150368,0.8940132415720052,0.00015199126361624388
27717,-0.564472493749296,-6.808412854436912,2.8819166045635116,5.4942239726501185,648.4829138435039,0.6822569854880758,0.00015199677741852233
27718,-1.987523745354565,-6.472489466534897,2.289399913980577,0.8937768574555147,243.9609865637991,0.6327808367175836,0.0001520165865072513
27719,-3.0767811126735447,-5.513927896681981,3.9682176550290276,0.9765631943874283,254.94585494354325,1.0282608874270789,0.00015201834057205552
27720,-0.13794767873305602,-6.48602163945097,2.4337824653601405,2.273362850477775,201.39171456953198,0.25677510696390193,0.00015202887301074032
27721,-8.24533858399763,-9.275431945510483,3.7893696164485138,1.3722092970863637,318.08357448832277,1.1524494663256908,0.0001520310420081727
27722,-1.125556234073846,-6.515876401298162,2.297418311712082,0.8738374964757386,468.0622435082856,0.6645337937954876,0.00015203145519134976
27723,-2.2015391170023078,-7.172908237484904,3.4161439020774482,1.7401613932523097,364.0401023454001,0.6629761858609582,0.0001520321407581256
27724,-6.001084709066711,-10.450324362756627,5.1763475301058435,1.3475594259286934,269.85174984129674,0.10559437378354364,0.00015204193704934893
27725,-6.3724318924517185,-11.543599483370308,4.7587232619969715,0.816680837133741,467.423566273108,0.12087272366704926,0.00015205267901233384
27726,-1.5794861302165852,-10.206382001901355,0.10435016251836711,1.0382807554799323,209.2815924171731,0.6295695428856485,0.00015205759349782175
27727,-1.507532224759732,-6.469842901455443,2.397465190604031,4.615013631218454,533.022981393382,0.12286732982943072,0.0001520959005693723
27728,-4.536742765044367,-5.2648808660873,0.7536726285762945,1.7281227616861445,468.1424245406761,0.31970392664784875,0.00015210383076475815
27729,-7.244252624882037,-10.349154448588425,4.617428040051426,0.9260630821190308,466.0951783770447,0.574967245754924,0.00015210731325531574
27730,-1.5333318144834749,-7.331716691608202,1.3179227098118533,2.000755421746339,402.6471070394325,1.3821982358786968,0.00015210751074386358
27731,-3.5044946034477933,-6.29483969883568,0.35591540271780564,1.118629052931704,468.7373833429503,0.32203444881626275,0.00015210767840141912
27732,-0.19036021956328142,-12.00711243454519,0.051566834158007224,8.519474403047521,754.880545655411,0.371766678536833,0.00015212370342602405
27733,-0.194441359080761,-6.586701605522973,2.231056590533315,1.7205835591629175,406.3530878226447,0.23308119457748244,0.0001521345383357717
27734,-0.3213605989146977,-8.758925110468383,0.5010228764726595,0.9953886375116885,263.1732825791534,1.0385790166051052,0.0001521446794056804
27735,-3.2793492427041206,-5.279750648926119,4.090381954090107,0.8278059726882683,164.16471372599307,0.12040956011574977,0.00015215105491172968
27736,-3.137918481010864,-5.8094042966988555,0.7381946530955213,0.8540858829405517,468.8606607227491,0.08186277072923964,0.00015215518706639027
27737,-0.6986609427008652,-7.0314958172793585,1.7442073052931,0.6113675598756905,146.48502949581754,0.258810396911362,0.0001521584187787258
27738,-0.18870018181283932,-7.264780038401591,1.6185581827513782,1.093677413185773,468.33186297303155,0.5103576090382607,0.00015216571082057238
27739,-2.903419890384992,-5.249613265088015,1.9097817648078854,1.2819888979463965,268.71964846940995,0.3762114997335315,0.00015216880066659894
27740,-2.7862562490404352,-6.093209947629846,3.861181830110654,1.9020415038510854,362.2835136760608,0.3859931834241488,0.00015217853390591307
27741,-2.383643373129231,-11.2877413082445,0.08115634666717976,1.0659259724876569,283.650635639015,1.3127338475092047,0.00015217909058412186
27742,-1.3185743478364937,-12.483616325891504,4.103363180792616,0.7936343038650148,236.06237209432413,1.4572747928235952,0.0001521798099030162
27743,-0.08710097326848754,-8.036038755580211,3.996128762746463,1.0110826454084116,261.7038657227477,1.3453215018728475,0.000152222134992807
27744,-1.7711350080101944,-9.07480655703619,0.3731899051784966,1.8168702852025536,378.2979442146801,1.1858720410744192,0.00015222789636945157
27745,-3.168509633521629,-6.730653487290865,0.20754676925174065,1.1150675648573023,467.83876829900225,0.1273338309170553,0.0001522464775831831
27746,-2.0144588859267056,-11.864385922428212,4.126520841235743,0.991035235574377,468.0921001639091,0.7262636968203697,0.00015225972757219758
27747,-0.37837871140771817,-11.242317882098682,4.165193136177934,1.7909118633653642,379.35322077137357,1.7319415391570372,0.00015229052575196388
27748,-0.32678816978203784,-9.69256148292196,0.20952449049239705,2.0475513211401686,339.97358670157365,0.14595789884043064,0.00015231083904514113
27749,-0.027613198041919418,-9.068636056313808,0.39684220712095913,1.7176556010888864,468.7675274994644,0.8550571395762248,0.00015232322853012318
27750,-2.447102107342589,-6.8285921941189045,2.9762756332020093,0.8278170887712332,468.30171173649325,0.01261613334916678,0.00015232681038343296
27751,-2.1203937319804345,-6.804665192304679,2.868234991413446,1.5610912996192285,468.3925767611923,0.7653842757975395,0.0001523379515326326
27752,-0.11185346000873508,-9.412813051208786,0.27337852590504763,1.0495450384669558,284.7917274615438,1.1159981258776162,0.00015234065557826802
27753,-0.3212237060303007,-12.856325759962068,4.092581417374667,0.9394076627507996,249.6378080606439,0.5008567477517145,0.00015234915066861856
27754,-3.1795258363031405,-5.017386616425593,1.5270428634547706,2.618100193566023,468.2671297978259,2.0817650406654407,0.00015235498285776658
27755,-7.594604256384606,-11.238925294646045,3.7624710553057508,1.1188608076502673,289.61828807601137,1.0657336036304086,0.00015237913383911586
27756,-0.9265572543019012,-11.502863235720255,4.146116232223057,1.1097584286649895,467.8859375020826,0.17941390647103628,0.00015238520110859446
27757,-2.658653922597364,-5.928534304837687,2.2807299189161574,1.0778608974721446,165.1942874158462,0.19252607594970605,0.0001523940262639575
27758,-0.4329472504838954,-7.72683098672721,3.7260616357597827,1.8458250590850571,467.4591681780588,0.33535776157330766,0.00015239560308657546
27759,-0.3380001159138555,-8.930737912619247,4.3004418186976165,0.9728463171595896,468.28526899973775,0.5647668712211305,0.0001523967484353712
27760,-2.3331000346891635,-7.199815636548909,3.2975330726516745,1.7014005637393352,401.3552071361913,0.2901973259750399,0.00015240036863938596
27761,-2.527398569817697,-6.955015494822003,3.704390882024987,1.121004345039015,468.7282773174509,0.8302709739424019,0.00015240081817091195
27762,-3.3168445098664723,-11.55784971336022,4.777428768417733,1.2805034915614197,288.71739835131916,0.6973282278280957,0.00015240716334484348
27763,-1.0380441966183387,-6.600143159093492,2.36489713226101,0.8361809067401623,174.61166953218412,0.35850646295229627,0.00015241579674050054
27764,-6.142833966511295,-11.048549333435286,4.9223756700585515,3.0935372592521895,391.885566195467,0.05146579172501653,0.00015243896115253914
27765,-4.41456673759472,-11.42552355012698,4.814468534495023,1.7196120704221907,407.44840399648723,0.287077088134434,0.00015245012622342626
27766,-9.978933289712394,-5.074660605328215,1.8058172850026075,0.5002684907764805,112.31385249134289,0.370226215096066,0.0001524790102766594
27767,-1.9819965159963502,-11.08469307550426,4.225730846945523,1.0416313432212754,157.54167126496768,0.24187143240493558,0.00015248627618918702
27768,-1.311592215819669,-8.148408147444897,0.836188404417059,1.8763632556058583,467.53565612881965,0.48607812382573634,0.0001524913149572343
27769,-3.9067651322125894,-6.099516348814899,0.46888686723684564,0.9894053233226316,263.66269471346493,0.9808536157642855,0.0001525149179093228
27770,-2.939944023342945,-5.105604417588828,2.11594923900221,1.603284885179217,469.86577900923055,0.20602196355597613,0.0001525153209000973
27771,-6.715167306489919,-10.970592618122666,4.778440880724703,0.9952128668653825,275.0572817769526,1.5763068716558681,0.00015251950137643475
27772,-0.40320889648310754,-8.384404786696443,4.178009896935925,1.175292062979016,295.7181019337591,1.5228147181522305,0.00015253777281839417
27773,-1.9823309595208656,-10.77946406653091,0.09654889591330117,1.8344830125355707,468.54858437017333,0.29109396349926886,0.0001525652757705594
27774,-2.23761280667501,-8.714215322774887,4.258474065711885,0.7984849316391353,162.64571741293184,0.5021509039228942,0.00015256716974699792
27775,-2.055550112312641,-7.785025483807582,1.0521931671110172,0.8318018887502074,467.8495322712583,0.20173061346190657,0.00015257040127666024
27776,-1.3392959961907067,-6.59101670479203,2.5313496472580472,0.7736185549388862,467.2705105807005,0.5189321479588722,0.00015258561023855002
27777,-2.153374358085748,-6.942155085447099,1.849623924071953,1.8041436520605016,467.0822302034874,0.09366418372080343,0.00015258925515149096
27778,-1.9608809297565237,-10.988286737031911,4.228882051580622,1.0327075011387623,467.5291856138432,0.305971594561699,0.00015259330033684878
27779,-3.5752116814182475,-5.910226566101104,5.140204950212757,1.6666597709029332,391.3559149206394,0.4770595349640212,0.0001525956756695791
27780,-0.08636493342284979,-12.376499515173773,0.0610313329422792,1.6229625313919396,469.89022624202664,0.2345781637731399,0.00015262002565815037
27781,-3.7255708168894888,-5.77538132260154,4.926905650811609,1.1233055340911144,289.448130312675,0.7424508561064513,0.00015265553149436598
27782,-9.858602231511199,-7.2231951577175995,3.9334390915229447,1.2013331410762351,303.8605027447501,0.7277580155910668,0.00015265964848339413
27783,-1.636047044448782,-6.9924475181363945,1.8857014525360198,1.6996132064742446,468.0829087112069,0.20412072106136936,0.0001526643069935977
27784,-1.8822084534493282,-8.046792788884595,3.9653276798049393,1.0607150732499604,249.24405646765422,0.40901969165998064,0.00015267300359094653
27785,-1.4704361074076768,-10.966356047698167,0.08075539460883856,1.0615754121885037,145.45850090755965,0.25342203346826064,0.0001526763725207631
27786,-0.7795021471709411,-12.579833435640879,0.042745813558476564,0.9217373485172328,468.03398569792176,0.10795829501895238,0.00015269350300164858
27787,-5.199748393072761,-11.65674290378361,4.786096873950806,0.9042987027551267,468.9281043685164,0.07873246499815423,0.0001526998391663106
27788,-3.0749723814448693,-5.907856311943563,4.452590261301908,3.0904018521271968,199.7160775598242,0.40829625295092153,0.00015270194739049804
27789,-0.9260447766325743,-6.687695704541697,2.586866504827869,0.8533948847218278,467.7899755035615,0.4604769342578727,0.00015270588170236674
27790,-1.9907633225677817,-6.969376417129494,2.0419711492854535,1.5079660746381374,341.08331880961055,0.36981472023099116,0.0001527253366644613
27791,-1.805137011307993,-9.790587145778815,4.290307530001473,1.265391685092745,316.13774362311784,0.4955112388023908,0.00015272967884494772
27792,-3.28888104732307,-10.570312009693794,5.092455765722576,2.3490955463191225,441.2751694846604,1.787165682371568,0.00015276481281899216
27793,-1.2152122057002774,-8.2482503518296,4.115114122044443,1.1909336441483267,306.54311867149704,0.5954808415252897,0.00015279669132134895
27794,-0.5856971484779336,-6.540128832084263,2.2937174800142297,0.9056989686723995,236.08967354619446,0.35434064733714976,0.00015281171044983577
27795,-4.071719195447629,-5.709306917411865,4.79943757986813,0.726147726796024,200.19602234802096,1.0133870673209193,0.00015282301721962488
27796,-0.8727485834364597,-9.922545303687281,0.19763534806249505,11.080386338868246,302.75556744652994,0.3072528179018077,0.00015282610956414286
27797,-6.405983663092015,-12.002356120928873,4.675256947345821,0.7681390240265925,130.52212510722399,0.3049426095335246,0.00015283216383626122
27798,-0.7666761974255358,-7.0254426055666155,1.941432400829744,1.1957469396360914,307.4170500666332,0.3310249764999531,0.0001528380566453754
27799,-1.2961671816477978,-10.40409922658608,4.2045448136993455,0.8028465425690168,165.67676879167612,0.3029676189810413,0.00015284160242111567
27800,-0.04051581058572751,-9.164416143214737,0.3377842250743905,0.9009889941346865,222.37935375428717,1.111464881537647,0.0001528478791652759
27801,-2.347445195133579,-9.588289654464601,4.715931607525287,0.8600424619329322,467.3998887568283,0.42223485442341957,0.00015285083370812034
27802,-1.1114308598199596,-7.268083142282141,1.6205210773628054,1.8018784742381435,467.8585265962608,0.3112185925710893,0.00015285779064849546
27803,-0.7941464641193274,-7.467982381328343,3.551979601889405,1.2050948385950822,424.31555345660405,0.323298197910713,0.00015286645653714656
27804,-1.4278091103591013,-12.582375151621163,4.09456263307705,1.1662071729199341,468.04759767563166,0.6452122422197402,0.00015287116020669219
27805,-0.10834175022035097,-6.803604297706452,2.713171019303609,1.5279971886240566,351.76817326022274,0.5090235024735401,0.00015287433097350075
27806,-0.9063306939517588,-12.733177816876802,4.090749028415016,1.0418395497516773,145.86697659194775,0.2648342756515163,0.00015287457046229662
27807,-1.2270570090878188,-6.995655348661214,1.7617092081359051,1.7380803598106405,467.81110246116265,0.19596501285689616,0.00015287909143712455
27808,-4.484113678037627,-12.772117765701992,4.643430568810979,3.0424866525653673,490.2571470853045,0.6026410722017195,0.0001528833363126211
27809,-1.7719969827922792,-6.608016519575479,2.6314237618172083,0.919479679441978,469.62199155287374,0.10099480330550659,0.00015288735063818238
27810,-0.5906708361873534,-12.71650023624696,4.090990712734653,0.9307074000266257,467.62663008184563,0.12633171868285764,0.00015289205679829763
27811,-1.9050052739202332,-7.035830277279146,1.9431951522128703,3.159804124698052,506.1479374120745,0.7780227384833474,0.00015289500391996985
27812,-1.268949476311077,-7.6125152962471985,1.1305348604872043,1.7558848504394238,416.7783078237788,0.09396933880658231,0.000152902806339748
27813,-0.6191971823815443,-8.954095218085039,4.312891807945458,1.8289475698133952,438.16171928728846,0.16490009980747633,0.000152903364191691
27814,-0.034968249734925294,-7.164659769220767,3.1813077595311583,1.543931738548124,470.4255268779252,0.05698509215183023,0.00015290774014831103
27815,-3.988330864523628,-11.263348305150062,4.843688714032883,1.1813299137156914,287.04884419510006,0.8692800465434063,0.00015292103357830708
27816,-6.72783349388267,-10.342370732340598,5.039214460087563,1.0910567242686715,280.65545260253356,1.2682336851954892,0.00015292939506740186
27817,-1.863211755472932,-12.268552311196993,0.0830298665703847,2.699880415714889,474.5918563082153,1.7477419835327446,0.00015294421013166054
27818,-3.0990314646614747,-5.0651448786476205,1.358285043790832,1.8915422444684014,455.54458335749814,0.3993390474110159,0.00015295686924508495
27819,-1.2809090310208209,-6.780584659361414,2.778837956713732,2.940714657555884,482.7472816354722,0.5696044762976404,0.00015297027351956013
27820,-1.6796686966526995,-9.832935380468996,4.284503453288032,0.9038728412019189,239.43259431816492,0.14674218160108587,0.0001529795355656937
27821,-0.6321560663330246,-9.62613377742104,4.313248861198592,1.1529256270391792,467.2290858845318,0.4471289958061684,0.00015299112758519284
27822,-0.8674216760983722,-8.937243229492925,4.319641258419864,0.9167411115649785,179.1624896037936,0.11076150732383994,0.00015299271336562014
27823,-1.4424809903751967,-8.037602656325426,3.9564788482396827,1.854228864100924,467.391781278725,0.12646319800506323,0.00015299872874797963
27824,-2.0327304942765467,-11.306112200491945,4.219023472205478,2.5646416331118482,450.34399986565484,0.28441934814801684,0.00015305193746240991
27825,-1.1906739502131884,-6.994154544155077,2.970599603899864,0.8910773320797515,240.19523155186934,0.4055932546156784,0.00015305521872155625
27826,-1.8674405422432816,-8.11988756235623,4.045291116679948,1.4079510724634783,328.35425780798124,0.2671640717783026,0.00015306303827234416
27827,-1.166358274815531,-8.412950582749056,4.184794083861819,1.8029181630692852,431.1473009633082,0.6404900040538424,0.000153066455448782
27828,-0.478475850188504,-9.082689263591783,4.3343674955671325,1.2613780743729568,272.6046184107679,0.6473263036629335,0.0001530780424324521
27829,-4.6432790774769375,-12.128142709295128,4.705008725399493,1.4439039610337963,333.4843649005179,1.15303286386954,0.0001530815188681326
27830,-1.8641980296519307,-12.742773031152522,0.07928330693750851,1.2282908646522308,311.7249921508559,1.5765109830480357,0.0001530851995487385
27831,-0.07770203984044599,-9.684930364552805,4.296547550029352,1.227787069861713,133.3606959554782,0.3198886778209662,0.00015308674833191594
27832,-0.9616946403258169,-10.96907223740031,4.181222123427749,1.2214912312407864,259.4224768538482,0.3824427873854459,0.0001530915710203078
27833,-2.857172133303063,-5.528104763652196,1.40495912039251,1.5888504634029628,370.892965640876,0.39793193892074985,0.00015309553918303604
27834,-9.443914618202482,-5.309706587329193,1.033737868447666,1.0487005475882651,275.223677958564,1.2448663433517764,0.00015311501690261678
27835,-1.9161526552755177,-10.07373427101054,4.315562153793226,0.9705681009806411,254.79123635525687,1.1725563087594155,0.00015312089176446818
27836,-1.1577526346179567,-12.682242058363268,4.089825093696354,0.9546740524217726,267.9130041668832,1.8804588029257623,0.00015312272865428833
27837,-1.7235327381263446,-6.550562369717564,2.2949985884673714,1.4995893993222211,337.19110103334276,0.5112262481219991,0.00015313299656331258
27838,-1.55260446253412,-7.059819160976728,1.7967988184140433,1.3769637016241623,333.3260099363987,0.2895350203255127,0.00015315916619218178
27839,-0.7374807824261449,-6.597330260250791,2.5102510760611256,0.6375785289703718,130.3022863146097,0.09173121622042668,0.0001531667376083921
27840,-1.0769319522296001,-6.8147928145093974,2.8119776619588697,2.7751839135627376,481.9840721454304,1.9773519684580672,0.0001531835532432337
27841,-7.839236109675643,-10.099303223644862,3.848157800950289,2.1604772570390876,421.0898827262551,1.5542153579858633,0.0001532047282058803
27842,-0.816567838603282,-7.001406873381522,1.7656660218191933,0.5493659994047378,172.4323162283147,0.6918309187651301,0.00015321106369983064
27843,-2.742058327105034,-5.785552431576542,0.9946688572218445,1.2491859045898572,283.23437553270804,0.19295695893655473,0.00015321156401290126
27844,-1.4969696352628183,-9.369732937853883,4.3052678928167145,1.6964785258625277,406.44268230506066,0.12653486763480704,0.00015322436856667602
27845,-2.481437676687835,-7.530500297090511,4.356742495717021,1.1318831977301653,234.9462032722769,0.12829632000820812,0.0001532686149967745
27846,-1.5829969617594735,-12.943297456861186,4.082654068741037,3.2263221579619015,461.39941617493145,0.17737757123254383,0.00015327626848552725
27847,-2.1230041926131253,-12.941297961271786,0.0773764182656258,1.8043825364683581,467.67921269267185,0.43700412594044824,0.00015327716743635317
27848,-2.790592481514026,-5.646280431069055,1.567327825569937,1.5590220839500348,470.3459130352428,0.02017909241196847,0.00015328008139698515
27849,-1.8413486043046277,-6.63242948122576,2.244791414625251,1.0938417540043393,289.32782396394583,1.5171174822307094,0.00015328703840205164
27850,-2.3169486949150375,-10.791975204587933,0.08960102973515852,2.636955509798652,468.96036297033817,1.7924980028147823,0.0001532872240468471
27851,-2.266537629372313,-6.552065505378093,2.3103281923187153,1.1032726201337921,282.2978738014013,0.5220962100319566,0.00015330385150514808
27852,-2.280991490636584,-6.807087554860389,2.800055497949499,1.4567314217396095,341.6940318634773,0.34217037795130345,0.00015331017772500475
27853,-0.6712803991612208,-10.820865778435188,0.08853721132625264,4.744276301776485,590.6559026670459,0.26999110195347154,0.00015332035603966469
27854,-4.428605795739955,-6.284750185069361,0.2051799527776076,1.1871559686704862,292.85986012262936,1.4951540586037035,0.0001533278381465164
27855,-0.09313141026939675,-9.628975472466347,4.298901460494637,5.111896127729675,270.5404762901391,0.28172576385262715,0.00015333753945597178
27856,-0.3625652366100187,-8.12875303442712,4.022162366214883,1.4229549523782052,318.88544935098054,0.27635319857317775,0.00015335519957649429
27857,-3.851756788036461,-11.047019355557678,4.90142756751303,0.903740786645819,468.3991617299753,0.536097155185618,0.0001533595664936
27858,-0.8339889866064976,-9.75603210550598,4.288588115232427,0.7775206486031238,215.14044483314134,0.6009802008181717,0.00015336137287587658
27859,-0.27442339175979846,-7.470341036890647,1.268678950013468,1.1412482792286738,274.70770245196564,0.3426583735287858,0.00015338183003604276
27860,-2.275461923772176,-9.639686094976476,0.2295006231877958,1.2337265644566213,254.58443523997707,0.3546835628243228,0.00015338700200365893
27861,-1.4532947809718255,-8.954641982065871,4.295656573733907,0.9654931295348456,225.41045228893253,0.45206456394888495,0.00015339164143699896
27862,-0.15549428399479837,-12.132616293091901,0.07053815126563524,1.5320989041371935,347.66827136736623,0.3006887594323384,0.0001534018164931732
27863,-1.1217072713364722,-6.630137525580289,2.4351185568877947,0.8459334660139851,169.42084348863307,0.18717782036059116,0.00015342133535640873
27864,-2.1500717392173607,-7.399262257740536,1.4153404362056683,0.8296689240015175,469.91106582650906,0.18962847201880706,0.00015342158778106177
27865,-0.8606187944185049,-11.745532686952032,4.1229315363291095,0.9318313240896541,468.0959884936833,0.7285070476874322,0.00015342794360055165
27866,-2.0983590344844414,-12.982480813482523,0.07943250273986463,3.548175236163086,537.912136188505,0.9655168673113774,0.00015343930451085073
27867,-2.3179315528652893,-6.9423382268676095,3.0011138443304644,1.205206897328435,307.31742839031494,1.538307659154471,0.00015343989295885622
27868,-2.0138363068611014,-8.355170455571804,0.6704458203868106,1.0131010849529787,271.74195550355074,1.432228220379888,0.00015346830184135923
27869,-2.842225244447942,-5.341340447959283,2.0216202082724424,0.6991275389506423,197.77385342942245,0.6243454138278848,0.00015347020193567638
27870,-1.4611808381118703,-7.634052234777633,1.1213899932173792,1.8280199475708683,467.9932229151003,0.36496985130364745,0.00015347337675350445
27871,-3.0596916517822432,-5.15624621784812,3.3426907935401298,1.4381230002761403,334.22294262095477,1.4508524519814445,0.00015348008806033238
27872,-3.8166672358288745,-5.6358670012275285,0.7155454459795918,1.3748980914486417,311.75210670164665,0.14134511386307302,0.00015348626740219732
27873,-1.162560769104159,-7.476909118681002,1.3442527841087524,1.1306754266387868,468.3171851525623,0.5046675212230607,0.00015348870077935178
27874,-7.949910618765191,-10.258832421803668,3.4712374629417733,1.7523423830310183,369.41173862933505,1.026037881340108,0.0001534889635565566
27875,-0.19402397500486934,-11.940663635672976,0.07438122123579073,1.3524423208051015,294.61934995927356,0.3880411882743333,0.00015350352351379127
27876,-1.7555075472620878,-12.310244005305304,0.08602944042369365,1.4400848122247305,225.2385260559724,0.3945164127153715,0.00015351663143830504
27877,-0.8413546316359373,-9.670343541315695,0.21368561896375465,0.934075730616857,208.44723351971226,0.12628936278994818,0.00015352029668345786
27878,-3.2967129672227005,-5.094883276468284,1.373636120502523,1.7468551092722324,468.19327101207864,0.33642386076026565,0.0001535215387406645
27879,-1.8043570327007998,-12.440038393063931,4.092960900722457,5.262913609924552,627.4810067427817,0.2911981071142016,0.00015352576555619816
27880,-0.5022184503493285,-11.549869665187078,4.1334569870825355,1.8732648423000449,467.3182754840081,0.05300988237780224,0.00015353861622093498
27881,-2.0912450248557866,-11.276225722754468,4.152224934827052,0.8942589560724207,468.1057215236576,0.4165341638240987,0.00015353980472144696
27882,-2.2597426588359015,-12.050135377196593,4.18093586359757,1.7146808937311324,272.48788983306247,0.47715971753365505,0.00015354131659718495
27883,-2.282754382599962,-9.424045582353177,4.388762044005834,1.2831882710907898,314.1243984582206,0.616433669266125,0.0001535481353222375
27884,-8.46014853013715,-9.342416841009376,2.980371111266702,1.0211410667756655,202.83583999041034,1.1221403366573073,0.00015355029132276628
27885,-0.3345772307821999,-6.820547718357353,2.8609772114216527,1.0970888826603433,468.34572062799714,0.5156824125253063,0.00015356380696271866
27886,-2.9743195104045714,-5.18355379809366,1.1438724540481047,1.547092838916724,366.11110780828415,0.5506972828528216,0.00015356843757008295
27887,-3.7177959138808365,-5.265513670769068,4.028634710424432,0.8216655579143987,173.7315609305384,1.0956391056303003,0.00015356952028102984
27888,-9.8674894040753,-6.238728985644543,1.7145479829378254,1.5225871182846222,254.82042818195842,0.013447480423908864,0.00015357454871866308
27889,-1.9693298138302424,-7.200239579810054,1.6967270544712423,1.0852572993255607,283.33288551455337,1.6020652263054371,0.00015357576582075174
27890,-2.1881585925017184,-6.883841033586327,2.1097521613848587,1.0537053097281752,465.9375896647207,0.7545821042360741,0.00015358475808698065
27891,-0.9406279406732949,-11.508700419337115,4.13568381480034,1.8955943855631123,468.5811921963549,0.5785948735758879,0.00015358618658245076
27892,-7.982275064150517,-11.408499055288125,2.6880396257878143,1.8095905128704068,381.79573821577674,1.6544128022220432,0.00015359905631770034
27893,-4.151157067779792,-6.609546255673982,0.06531666742600298,2.079607346193313,365.4364636550098,0.18046468022273565,0.00015362986826768213
27894,-4.8720041114454204,-11.242669681110685,4.863096351998694,0.9294105210065247,202.98554015714672,0.03630337477255896,0.00015363355372618678
27895,-1.2094988572668335,-7.006095258637533,2.061932886949603,1.5501115304830315,340.9522167622029,1.0980138083841888,0.00015363429839785941
27896,-4.701288521174364,-5.935283077909118,0.2851776010240909,1.892964611080594,469.76104859259596,0.23212570095982965,0.0001536399425838168
27897,-3.8181099225470803,-5.828233534113784,0.6611703123994569,1.7998408352570947,467.67740784686816,0.6177717350035916,0.00015364305434305823
27898,-2.2795485136610925,-10.000327955912482,4.284652233792265,1.0800281521038035,283.4667835168371,1.5629770603593416,0.00015364623818001115
27899,-0.2401430410077019,-7.147212477918662,3.219953042426571,1.2164034784521012,144.51107254653522,0.28173978795295795,0.00015366271291628885
27900,-0.87575490813283,-10.025510645052423,0.17188444667877134,2.8868368718343547,476.47221081552993,0.3800899577426966,0.00015369073120769747
27901,-3.5590269301455377,-6.154072300892808,0.42610253250661906,1.8285225181091767,467.94805463822075,0.8812593947765528,0.00015369726251567814
27902,-2.0428589566247535,-7.454669937206032,3.5290133111836677,0.6618161121593712,138.1940398013097,0.08472707316754491,0.00015370321355098794
27903,-0.24092596310005554,-6.981629965957004,2.9428021965269666,1.2002761000231126,300.28749654219513,1.1954595577628817,0.00015372424670232073
27904,-3.0293051640236683,-5.242064038103619,1.1941070695210727,1.3848966003165648,235.28434331817337,0.4085850366566426,0.00015373224062564843
27905,-1.5558180761043818,-6.571690776445919,2.315729118298659,1.1584372745449072,238.08652953658125,0.22414232768986952,0.00015373306535554124
27906,-1.6443304946960886,-11.713620908702037,4.1220813398896095,0.681321926208024,468.71820767601395,0.4351599325790092,0.0001537383834948111
27907,-3.179142171739012,-5.119969570661168,3.4506986464904457,1.1659652676403498,467.5583195483792,0.14794929946298474,0.00015373980059504852
27908,-0.8178123636246557,-6.6288342435763274,2.540791283740369,1.073435267215836,281.37718969490436,1.8021543871237133,0.0001537481683516894
27909,-8.845926990229083,-8.64700338580535,3.1750710566827918,0.9121148960937479,468.4416152803764,0.5569921199483145,0.0001537492346438045
27910,-0.0884936743269158,-9.361338605831984,0.30938030133240213,0.9250262619585079,259.55874716931595,0.595279940163036,0.00015375101015103289
27911,-1.75587916890008,-12.030617726693627,4.106126029055709,1.7574039788670113,415.6679303319189,0.05148592267908825,0.0001537555759517594
27912,-1.8328963473941915,-8.368996856589696,0.6994475084317222,0.7027691018850921,196.19167700087988,0.5671054857411715,0.00015376158228889674
27913,-4.985527731529478,-5.0919932966126185,4.643589002157276,0.9354187285329731,248.22160418675054,1.2137696651731433,0.0001537969516506849
27914,-2.818518169986575,-5.352968437912431,1.155034488425144,1.5753425319620216,365.4480185919588,0.4128240827794736,0.0001538039553218044
27915,-1.5293837127738446,-7.487083033547957,1.344022813421254,1.0126713335467992,239.78094974662918,0.6275568764154889,0.00015380780831452385
27916,-7.654005199538893,-10.85781590309936,3.782786207692249,0.8692047858204869,468.391413869116,0.20223742045416682,0.00015381790934373887
27917,-1.300359031201447,-7.277959675052398,1.5294428280847259,1.6265619364310742,468.6272305596631,0.5635301925154517,0.00015381972876684057
27918,-2.0049175209984806,-7.4928107486257876,1.3611515169411887,0.875897305761891,467.37688640374785,0.7551194261042431,0.00015382722066050348
27919,-1.7444972993299697,-11.842643235224015,4.1144618054201425,0.7714288010590815,464.5034462522667,0.29197343530807807,0.0001538284497278814
27920,-1.4341294443949977,-8.063487171224361,3.964001630953376,0.72065210435258,217.67395192479518,1.4344171614421155,0.0001538565541006285
27921,-2.735945346539131,-5.500257271436414,1.3062470391563121,1.0387855970778446,242.5482110305874,0.34664014324410974,0.0001538643506360699
27922,-3.9383184124899433,-12.339049935527147,4.664192114168296,0.8223003192535068,143.56728349910645,0.21266634562991538,0.00015386463946338348
27923,-2.17534768466931,-6.4935336747148344,2.5053894839259394,1.646616705923833,385.25055086295936,0.4074894846643824,0.00015386526838890414
27924,-0.8567463366627308,-6.6267751134997335,2.5294256174619916,1.014751106250998,198.99803045303258,0.18330110949868317,0.00015387499868977917
27925,-0.9151681401229244,-7.102938187164499,1.8155895653508691,1.8540676726982712,468.0052477029284,0.37043005015819297,0.00015389025134183228
27926,-0.7025855836803938,-7.8849458523919616,3.8558968322244334,1.7724459666944217,421.5279615993585,0.23914325758893806,0.0001539085579374506
27927,-9.203770364173325,-8.32976146216891,2.218578134166179,1.1261367247949194,296.31237515921106,0.6614139077067804,0.00015391094305515046
27928,-0.9453128059068163,-10.052567111577224,0.18758922846867634,8.969307634516921,569.4307033476263,0.01210691818204257,0.00015391319364385506
27929,-0.6042996553864164,-9.54875725344759,4.324962544151754,1.8880076921769364,469.7108145465464,0.16097281660952323,0.00015392774679893678
27930,-0.9333357141208616,-8.291524045515976,4.125483562276482,2.232375868853915,411.9839183779338,0.6312217609106368,0.00015395886285816588
27931,-2.233935358513147,-8.051244554862894,3.9507927598029453,1.8704029922966556,468.1161153269725,0.5172370013337781,0.00015396633975606005
27932,-1.8037969688614144,-9.1318955492009,0.36011506752897404,1.7303610886027305,468.51843006660124,0.2906879033496592,0.00015396775012986073
27933,-3.435505452616697,-6.457434615116902,0.25785135573943224,1.7574633561209123,416.5191344825115,0.4345137163089703,0.00015397166270264824
27934,-1.954768132254669,-12.08952302337792,4.101609762681821,1.1441969650221084,299.49171471373324,0.5437155813833812,0.00015397693203033597
27935,-0.9136468632721737,-9.04116760835639,4.299364528279981,1.0161238754513637,200.22317623028388,0.7179589124817003,0.00015398125704123617
27936,-2.6440921005989537,-6.789005225983901,4.167967463795866,1.4168036384301586,324.68631413686387,0.41883366821760326,0.00015399270192347343
27937,-0.5589995104234156,-9.260091643146596,4.333024196793681,0.8736142510409546,467.5334878310952,0.42967752293520434,0.0001539941555961265
27938,-3.271542294072506,-6.810604381540069,0.06859462056017795,0.9123676704616797,183.65323537238706,0.35845951803508225,0.00015399827765731435
27939,-1.2574145905324379,-6.824594370170908,2.6151958887768405,1.1539821425102854,299.3458558303525,0.5616818248865778,0.00015400470832686747
27940,-0.107822469858597,-7.117599831390958,3.158448609894103,1.0666121025117132,451.66431973388205,0.2070033519035901,0.0001540047130344722
27941,-0.35730531063543225,-6.879641351640339,2.109262591702643,1.123597986426107,289.94735456350656,1.219221615373903,0.00015402119190358662
27942,-0.5957711862166484,-8.608077131649566,0.5605212029053382,1.0807572558097185,281.7079111990007,1.1581441434360213,0.000154047418053991
27943,-9.510027023803733,-6.604798520935641,4.9828465755130615,1.6008028558915914,371.8695905421846,0.19589086816358048,0.0001540642621095601
27944,-1.6285177830609339,-9.94136492274515,0.1677024007820955,0.8368738149739359,468.1048610224763,0.5416010956957056,0.00015407724421208563
27945,-1.5378096137481467,-11.176545816200646,4.155739231400391,1.7980607930370167,467.6778429525874,0.43261066978498963,0.00015408101769965576
27946,-1.6279537306268725,-7.794784646555027,1.025725109432548,1.8310689088851206,468.5806531477716,0.3230021889071706,0.0001540961380651221
27947,-5.833055286105536,-12.963456419931287,4.660611735654176,1.6800797821645828,468.38611688337426,0.1468431498771583,0.00015409627115604296
27948,-1.4537729969429307,-12.958505423179043,4.07518753826712,1.0432225059434364,218.98193813011275,0.8590684054506248,0.000154102779947086
27949,-9.95245248210052,-5.117592074061519,1.7823470346051782,1.465790955708987,467.1639945437384,0.8927804986713328,0.0001541032269538116
27950,-0.045366546536850905,-7.405761172512907,1.4091098719996784,0.9015725237955937,238.12339515895528,0.3613472479688209,0.00015411604166193032
27951,-3.657998892609746,-5.10777146463865,1.2088087293620007,1.1779757780273075,305.1839485417518,0.5594037173920876,0.00015411918154165064
27952,-1.6617355447602549,-7.08725039041263,1.8029707454874755,1.6570604386290744,468.31484795797235,0.9027254280754446,0.00015413102378265744
27953,-8.047116464902041,-11.652491004644622,2.003047229026172,0.9334671296084845,228.23272102121075,0.4506690588250786,0.00015413125676828443
27954,-1.8444088710662339,-7.055596625467425,1.9410306099125338,1.7004853895121967,400.2741846602054,0.6028974881100009,0.00015413207732596504
27955,-1.1916845659066677,-7.458017539761307,3.5258742445814995,0.8605581688575982,185.62609848560177,0.029762580024319085,0.00015414956955396456
27956,-1.354621455353822,-10.981259584737572,0.09467333451615187,0.6111427214422588,161.80383002204962,0.3784476150062268,0.00015415576952535024
27957,-1.7786747930333533,-10.129587160233571,0.12607786567740012,2.2112633550694456,424.27120561235256,1.338962874422359,0.00015415587322508854
27958,-1.4990570810404833,-8.360468832782427,0.7214768730664453,0.9311483261094851,185.64143380719793,0.5363576787954925,0.00015415699199670035
27959,-1.2571431376483702,-9.487088118672283,4.301362217953464,1.704459547559118,401.3070980575915,0.5642905612293001,0.00015416357314826842
27960,-9.491963997689984,-5.647579196940769,1.2290694393376993,0.7446434615726683,151.4367518326547,0.19181280760755914,0.00015417019088681443
27961,-0.9052801867060012,-7.0689596941764785,1.9562399755890174,1.039779825345363,273.59903187282725,0.5670528685817535,0.000154173131010996
27962,-1.804820438586864,-12.885982600562226,0.08515721204006188,1.2320511918589634,308.8802024007319,0.557664005915302,0.00015417624001060865
27963,-0.41416928402115794,-7.608779056686516,3.6585355256515233,2.13020281327098,418.87438436932234,1.8603349976888763,0.00015417894365613307
27964,-8.033947859073454,-10.702747032067814,2.884491587537621,1.1721159228839189,467.398666302909,0.30092693185455754,0.00015420913863639705
27965,-0.6340473268122508,-6.774355449189872,2.697211598622796,1.2313534993236759,262.4324059672801,0.5324000365706505,0.0001542108062639378
27966,-5.272261447512396,-12.424587977884357,4.690786264293106,1.7340981496125552,363.1099979852507,0.6069908442397125,0.0001542470210044566
27967,-1.705213642912815,-6.84666788326174,2.8199322207474937,1.6184625096473728,379.89567776252693,0.6132823290916187,0.00015425572981273057
27968,-5.418642443422392,-11.082314609971762,4.923983509188216,2.7222734087482303,477.80967680920526,2.1906359997281255,0.00015425774141328093
27969,-1.4595937940483221,-6.886035700564401,2.106662683431281,1.3684852126122464,324.6382500475905,1.2557050710672808,0.00015425890547110394
27970,-0.6208859277968699,-8.173783674669682,4.063574300666696,2.5440657283095622,381.3519625797453,0.10593491817441336,0.0001542639207980692
27971,-0.6478887063928518,-10.928720977021571,4.175503464486703,16.150492427339056,463.83424474171125,0.23309200362954297,0.00015426847188925965
27972,-1.2303592263058452,-9.677181454164133,0.22063933634451954,0.8235067908411862,156.3091345035495,0.29273741545990184,0.00015427179402596205
27973,-2.4023546535840445,-9.719359757755177,0.22153447136217666,1.7560925171063404,468.10633451642815,0.034268857956086585,0.00015428319449600376
27974,-3.5850776842224077,-5.272772148599454,1.09205166034125,1.8546980500836174,446.47755633309544,0.002421317355346453,0.00015428415419248647
27975,-1.3091134427610083,-7.641783204194312,3.678208043758113,1.3000668738809307,451.82698623369185,0.31302103751270405,0.00015428925097689134
27976,-7.189505860457629,-11.037014637352502,4.384438077048906,1.059207418638733,284.2241411140772,1.175270458169531,0.00015429372196195765
27977,-1.7272485532243955,-8.422691791677234,0.6472132753738125,2.4799924332546164,456.533831964525,2.625751665075195,0.00015430954629064918
27978,-3.6983493695095255,-5.265000631231936,4.131106309771705,0.8235169922927357,460.9548780349918,0.013840149491117337,0.00015431218096288764
27979,-6.856771054710647,-11.81176038478996,4.497952906957995,2.691998387526756,471.03977735520607,1.236818036498252,0.0001543235857927174
27980,-9.3350308151851,-7.129798340936371,4.906059251252826,0.9888705142264856,274.45404969991495,1.604699759884383,0.00015432393398960836
27981,-1.6094868001180078,-8.387232911635337,0.6559257280059603,1.2436372118134265,293.0313828311296,0.30622301932105245,0.0001543381239737739
27982,-0.7592170701833556,-9.375188899415486,0.3090474444580772,2.256104327159802,431.0910005675639,1.5184160233817456,0.00015434406971417722
27983,-1.1530786925607686,-9.2635699539757,0.33434088907622306,1.0681905936206604,468.06934261818617,0.8381134146287339,0.00015435730192441306
27984,-0.627027193574131,-12.566037834081078,4.082027150619794,1.7949833576836616,468.58332940950726,0.5431927689168345,0.00015436339240332736
27985,-2.1547433659723616,-10.661492122515597,0.11227499613112497,1.7604103531612298,417.0838038041982,0.2299168350182521,0.00015437465670682998
27986,-1.9621553140422527,-7.484031594080037,1.2494947201112439,1.6704082280586985,390.5931345235283,0.40608889269031945,0.000154375657686573
27987,-6.51751827975743,-12.412585700568211,4.595461402789924,1.1671262341776618,298.13607279411684,1.8011006880006413,0.00015437897291762498
27988,-1.0094911481068056,-12.45250662877845,0.054172409761852704,1.1217506112940805,467.26988768596016,0.4526327658005167,0.00015438939308597634
27989,-2.162862786681962,-7.958164259893923,4.0323188496618405,2.131400262861748,419.3029697286271,1.7732109270672298,0.00015439514975124945
27990,-1.3388104237354455,-7.513017607151938,1.3641150160988396,1.7871873536275718,381.25844474716416,0.6660956484342337,0.0001543970714702344
27991,-1.596038538687779,-12.394401112231785,4.086964044889069,0.7369471035139145,392.63198834250665,0.29932198618158257,0.00015439748801387626
27992,-2.21316176251071,-10.150329746473371,0.1784029229791721,1.0977731171125409,274.87673211424254,0.582584608593181,0.00015440160996634209
27993,-0.7405944635402939,-7.150314567197187,3.2119580260684204,2.403096306105295,448.2595633731475,2.1866127548146403,0.00015440491822688048
27994,-1.775977315432069,-7.985407799765158,0.9479142849743797,0.838096367510271,183.42948903169406,1.1105323063901533,0.00015440518677681803
27995,-2.842438868378883,-5.621282305707865,1.7154715229690745,0.5843315812417668,187.42141117682633,0.28275105010501544,0.00015444366353255254
27996,-2.167256888240172,-8.55138433774136,0.5901552640826474,1.3174871796606067,270.5535518797958,0.16485345707757393,0.0001544503036280019
27997,-2.0888800807577645,-9.40468761260629,4.3274599898195065,1.80836198763747,468.35927935260185,0.7679325206776815,0.0001544520043897409
27998,-1.342126973767547,-6.631765342872506,2.506045756309408,0.6206644538277437,141.9415640471178,0.017978269797814583,0.00015446443447153104
27999,-2.9755057417910935,-5.238302720740806,3.182211309029557,0.8431774824155992,466.64010619347954,0.006691556753494865,0.00015447451555469704
28000,-0.06958554188972244,-6.662549291103223,2.6428453078208873,2.9840071516264213,497.1596373923061,1.3736778912925098,0.00015448368713928
28001,-2.5874121181190635,-6.141405620354501,2.3895676864242645,1.6085922373629364,263.1325540765828,0.4515559359612533,0.00015449138637622494
28002,-0.8170098728846451,-7.139769753229726,1.650217186870778,1.144405450452054,294.47868048820766,0.931620687746058,0.00015449513282171984
28003,-2.234963680232261,-8.570706571529483,4.226597953723984,1.7903827966869186,425.52203643093054,0.17383850882275187,0.00015450583779996822
28004,-7.56402578238796,-9.558223089350037,4.784558926544201,1.0238278309330566,271.47369101496406,0.9561795481099908,0.00015451452070882636
28005,-1.7526110933831216,-9.290165486530253,4.329175458605607,0.5876203064814909,120.76623773219215,0.31157156801449126,0.00015452020470077966
28006,-3.2674574892831725,-5.452107925441089,0.917558590201791,1.1250828899918317,196.17310910173398,0.11519616086604234,0.00015452275279882776
28007,-1.2339137349158857,-7.20399426837189,1.696576627286031,1.02035422451794,276.7910962863586,1.1377582506204158,0.00015456000658429513
28008,-1.8653585687277623,-12.94079685718787,0.08719583936049609,0.9005137930878584,468.07753360128726,0.7180861445023874,0.00015457754147967832
28009,-2.259110073694176,-6.783667570218892,2.494909332864397,1.8136872155649006,467.9199190929892,0.6846280810651963,0.00015459350560193685
28010,-0.5241526174476814,-11.616509788346335,4.120552476371271,0.839914847261386,467.5222000076827,0.12394916059648065,0.0001545942417331344
28011,-2.4110469509914214,-12.367913866690257,0.06367391027636625,0.9027528322177536,235.799926165512,1.46638934771262,0.00015460403506281617
28012,-0.8927974664550096,-7.100841097700701,1.7468146912938467,1.1813362058775418,298.9808132854378,0.22487255528185646,0.00015460684550822976
28013,-7.577599155674209,-11.2711843759237,3.7798769686138876,1.867967305042661,389.6899495536774,1.998004494123804,0.00015461948521575556
28014,-2.363048939217032,-12.739041153033604,4.915457095661977,1.7285254566395674,407.53573763646125,0.06135586938181348,0.00015462740911194965
28015,-1.37304000547382,-7.530958063020402,1.4061151832129704,1.8602430117456061,447.38475088720253,0.2187163688579794,0.00015465377876229468
28016,-1.4244195259322723,-9.357216455879861,0.3013299806394366,2.7705360881754904,480.2289019543851,1.5657223171520611,0.0001546548312505475
28017,-0.498705822511079,-6.955548709771378,2.9985413004789296,0.8537333556308524,194.2955067020903,0.22383989919941794,0.00015466176276998536
28018,-6.9547758150178645,-12.26568981546376,4.370482926023692,1.8421524147717685,441.1644113485905,0.04127158921824137,0.00015467005357470837
28019,-2.167310158683665,-6.85958403425886,2.8698328007089016,1.110570321053528,468.10193025681554,0.7317737884431965,0.00015468963051974328
28020,-2.2831665477794783,-9.676472025906758,0.22934462209994996,1.0481600738479235,272.8950585253004,0.8814589986388768,0.00015471028866890162
28021,-9.883533100855452,-6.319231576281735,4.503688636790952,0.9408518866103837,262.92493660713126,1.6456188861211443,0.00015473287090622426
28022,-9.595548492078837,-5.688079871293946,4.945341300243564,1.8903836903620077,469.0254484156357,0.013851215713819087,0.0001547458951127715
28023,-7.58213423977501,-12.436795591191387,3.5718384004681663,0.8124601945933766,141.97072709932274,0.13795608864940156,0.00015476519049877782
28024,-0.0844340638973673,-7.399639770605634,1.4466255897658895,1.1773521899123538,231.7272727006252,0.13197419612815775,0.0001547685123030448
28025,-0.5115890009231947,-8.753403864747323,0.5244171472818757,1.1479734325587134,468.37871816023215,0.5282479959338024,0.0001547761834802073
28026,-3.4503060293175167,-5.059107927541429,1.3164880059978252,1.1238891911270978,292.58112292620035,1.255869559403446,0.0001548024314713342
28027,-1.6981065518697491,-8.30269966767444,4.123210723902631,1.6823146063484837,360.439702869,0.40713361488077826,0.0001548114398437923
28028,-0.11389171129274978,-7.833093913235825,0.9882186935893,1.4755233931110259,468.327687278748,0.5088921814473393,0.00015481570856517183
28029,-1.619627902607137,-10.391816692949988,4.21954939281486,0.8470535649814397,177.83355883553716,0.2379689061026582,0.00015482072888071036
28030,-2.072748014646705,-9.547134511581,4.293307509985798,1.5763276233878478,361.61916304137,0.1457519518991086,0.00015483351660620177
28031,-2.899217448398397,-6.299239857237529,0.5280799174798199,2.0151081231721304,405.3124958104137,1.536448171258546,0.00015484303362245437
28032,-2.1223958642107057,-8.052584513620252,3.9478011090933673,1.7693625536135895,468.41026128204857,0.18495828008370108,0.00015484428502074104
28033,-0.4466965334784785,-9.928759615783015,4.260838228909726,1.806052851229024,467.86346168054604,0.9020657182963179,0.0001548740746748186
28034,-0.375255737348418,-8.295824930776387,4.119457699909045,1.7134822331473951,365.42760640588176,0.4439404760724388,0.00015487683764839945
28035,-2.8390938603593963,-6.171163987711635,4.189176684795885,0.9874448719654774,458.8565475826779,0.11995698613922823,0.00015489675659798887
28036,-4.558458365074999,-5.3306195961045155,4.542448707147488,0.8502509855662129,468.76602086362993,0.21092718959933965,0.00015492796048365614
28037,-0.5358380217404104,-11.95736078156088,4.09935155574982,1.6068061495946293,351.7663599496695,0.9257245544244883,0.0001549410613289797
28038,-2.2427962451093064,-9.237024479838576,4.32113711963905,1.1421446603723244,284.6060151174412,0.6164804974668199,0.000154944703365836
28039,-9.808855077983432,-6.15986975768051,4.6286887602314986,1.615785883996992,468.25943024597507,0.31883922248296503,0.0001549511343143692
28040,-0.9672419342071503,-10.081064964511452,0.190036906180964,1.3958422389477803,326.0610886613329,1.4507779395910303,0.00015496461700184274
28041,-0.37027180123031833,-7.126668267170414,1.8171909462102822,1.4877940943715076,150.29712890523865,0.3494490246426416,0.00015496741983391424
28042,-2.3696602105778606,-6.659981831721362,2.521447429130754,2.645747966848452,469.7517692500749,1.7647783035786677,0.00015501328786935532
28043,-2.386485618555101,-6.877681896912749,2.968101121944544,1.1547024016477272,218.59226292999224,0.19400414575366565,0.00015502161092564843
28044,-2.5652116580691704,-7.782713723467549,0.309646578728491,1.1085370547502633,228.61642008929851,0.008577560496781267,0.00015502495754616164
28045,-1.2095105079201591,-8.110751903324314,4.00795068988534,0.9303747079695482,247.23212046062795,1.0456802158393375,0.0001550296363892541
28046,-1.8962443953511574,-11.045384565042538,4.1588250440497925,2.1163612440631363,418.33467222574984,1.9214455094612966,0.0001550477141217253
28047,-0.903496888171528,-7.967343971810483,3.8818866237308884,1.6106780194113541,468.1731370116524,0.7627945903019304,0.0001550681334006354
28048,-1.1557007338719103,-9.694456018338286,4.280902936678886,5.613768206827015,650.4608699528884,0.39059761825037054,0.0001550900170353172
28049,-0.37858006166696967,-6.961591709893856,2.84968758783087,1.073225996812673,216.7647783197013,0.08855802539091773,0.00015510336144073094
28050,-1.9857140734078378,-6.948817071711102,1.9607918388883951,2.0529233145272703,409.45443796613534,1.5100496309047369,0.00015510703234793025
28051,-1.5875072569668944,-11.32357124747254,4.13594312762005,0.8762210365301265,234.26528998861755,0.9422130810432208,0.00015510944082441433
28052,-0.35693339279838554,-7.022167602536841,2.054594038551928,2.531078942092922,449.3124955045374,0.8231642306900433,0.00015511657509073093
28053,-2.0319070907266408,-7.223084463900475,3.1862306777268925,1.4435486863453342,330.03123508933254,0.6711640521028608,0.00015512581800159944
28054,-3.955365813361716,-6.64982896342863,0.06725409848999742,1.8497149437464766,468.069913029403,0.5835084416437564,0.0001551269735230712
28055,-1.8620814478767365,-10.210769821888794,0.1602619786271308,0.8182716809386683,236.4513532453357,1.2170577848053883,0.00015512913278192502
28056,-0.3327319849078574,-12.145919114227205,4.089577054474352,1.0841689663784824,466.78821216994896,0.8179505911783087,0.0001551335318742791
28057,-3.4269676079207887,-10.870178567896053,4.951457873652441,1.3211422191152713,281.0277801473622,0.7611729965141709,0.00015513940436527032
28058,-4.4523901382345255,-11.32846496921129,4.831491381347115,0.6907491981536226,467.7311023447805,0.46152092910270603,0.00015514606007073267
28059,-1.504634210406408,-8.164883714267074,0.851835979211638,1.8750387758608298,452.936981520579,0.4485547763929434,0.00015514783473006798
28060,-0.13854671050704326,-7.3083937024396946,1.5290297130755064,1.8809607927235377,451.99440215497617,0.5213378616286439,0.00015518678141936918
28061,-6.017270594168817,-12.42788474805255,4.685548120230371,0.843925383002017,176.87835039720005,0.2247207147851542,0.0001551876006424231
28062,-0.3128341544810702,-9.182745524833527,4.322903430975213,1.7289790280296475,468.46015305692407,0.26741551682266884,0.0001552040720878763
28063,-3.0732397119207686,-5.191180056235415,3.378610847776455,1.3009929584256408,221.79908808815412,0.00043053024791728234,0.00015520632490533443
28064,-1.07396220417907,-8.560506541296746,4.196558475893666,2.255770133746791,432.9746442195399,1.9245390816814405,0.0001552204406630914
28065,-2.2287787282032836,-9.001103858810142,4.278932728660908,2.159235826599414,421.83404307891925,1.8558374765546164,0.00015523421057635147
28066,-2.079872017323443,-9.389720270064323,4.322112662995254,4.0980796830545705,344.1674169791072,0.1362262000020964,0.00015524437881838407
28067,-4.6492192137143675,-5.252523141475527,4.528145039338296,2.0522096100484153,401.5679413416983,0.9497416976381539,0.0001552445087806275
28068,-1.0136134344187422,-8.403473425901444,4.1627107818135975,0.9202090866436939,186.78264600138988,0.9437115178275155,0.0001552478302245149
28069,-0.11858052489283821,-7.16625754188199,1.8448851158164987,1.0994279533625495,468.05797826758555,0.8491566136032178,0.00015525830789708364
28070,-3.894670427514905,-5.825023537079389,4.956580433475793,1.6345475762426929,385.2889491405366,0.24108646933836742,0.0001552706981645034
28071,-0.21403777053358475,-12.96743904975912,0.07215240326633146,0.9881550432675638,248.52267256591884,0.958781820664079,0.00015527256964282008
28072,-2.925732175460727,-5.050724416590047,2.33382649519159,1.1294316425461766,263.58251897893973,0.18132961865344566,0.00015529568851206475
28073,-1.828111202116764,-6.696364741112626,2.4710241219377793,1.0851545522942794,468.7232794970842,0.6331357784883513,0.000155321440554561
28074,-0.6425156758724864,-6.987111130612751,2.913805286176318,1.2643491554943191,468.53046810082526,0.11151305093163533,0.0001553305810549369
28075,-3.043733489718723,-6.264250369751612,0.5003757241255712,0.8647834441039592,468.11242211409575,0.737846038191587,0.00015533261759235334
28076,-0.23298453055715918,-7.092390452682222,1.9663765834027134,0.5705000783828945,127.52649658850862,0.3128519975316868,0.00015534166367385483
28077,-1.022276914624772,-6.9113353444376,2.1233306473542317,1.5763159405996638,360.371746560244,0.6740406661279295,0.00015534442693701235
28078,-1.3128777873297182,-9.890809581358846,4.251645932894773,1.853352930595582,469.1880438299311,0.6322836011390685,0.00015534730474770408
28079,-2.894363352092814,-5.282528681701892,2.795868507781672,1.2051372561706093,467.37092868574416,0.30081717972815625,0.0001553550586798127
28080,-1.956798679635769,-7.547826641324368,3.5876933855872304,3.8267993426284397,557.5537659770539,0.9872301156564278,0.00015539557416500798
28081,-2.2368129388511147,-6.840609931363681,2.781177951527213,1.8430088606439434,468.52921021905667,0.11670916205580273,0.00015543249038381423
28082,-1.1313544152676407,-8.429444715563537,0.6657731586354619,1.6376212733013296,467.69157607189186,0.097902097035794,0.0001554359766899708
28083,-4.06189136407292,-5.227418737843899,4.013119097892278,1.1340854180729212,468.3331931004041,0.510862698201076,0.00015543939078747822
28084,-1.462802315530423,-6.664395616446165,2.5180267802586305,0.861219830982186,469.5130849981689,0.1002059555218553,0.00015543969692922885
28085,-0.13890073775665535,-6.699640907113901,2.471117661001817,1.5683492593582933,231.80390693341664,0.00083502964218507,0.0001554405964060592
28086,-0.7905204987008965,-8.396659457716893,0.6582060958950477,0.9166569242836825,468.1443041793458,0.5298859641604414,0.000155444888086344
28087,-1.84005494744825,-12.396704451894655,4.077723344334064,1.2489727969856879,284.0114698552676,0.1149166828803363,0.00015544792763918952
28088,-0.23137741210081764,-6.666287412062746,2.5215555212715337,2.862072234074506,468.4846530005295,0.44160860977883853,0.00015545080988378112
28089,-7.018182716916185,-9.862057695475293,5.149173238118469,0.9535537261664474,190.40315500372256,0.7364215679024735,0.0001554605636306317
28090,-1.3078276687124077,-9.072287338300793,0.4037835943331713,0.672534701688403,141.3308855178221,0.09327043750589503,0.00015550793273874
28091,-1.8555567403421822,-6.681841342177622,2.5503755949832496,1.3268054679937522,297.34655162075126,0.128333037872296,0.00015551969131783104
28092,-8.884217482515545,-8.766879557936244,2.3845863274380332,0.9106544913071181,182.87576475697202,0.24990480442742413,0.0001555221121347931
28093,-2.434196948451282,-6.746700199385496,2.7438793810843456,1.7974577292258445,428.0587495112101,0.41022961747120945,0.00015552297525956633
28094,-2.086617387453421,-9.7059537534782,4.276749701307976,1.3149732902522544,295.8568211203606,0.28736421066936035,0.00015554406845487366
28095,-9.539265000441812,-6.592835131440388,4.939366234696355,1.0763722327115326,468.1587540740944,0.5773369654338065,0.0001555459049572536
28096,-2.725290590919533,-6.5776837767680165,0.4485776346020291,0.7312297869303893,321.37036503571403,0.387040723014084,0.00015556233468485956
28097,-1.106793732103121,-7.8197180563574085,3.7917832168649346,1.1878221811203062,301.5064230609628,1.8128849344962958,0.00015556545570520727
28098,-0.3140096967246251,-11.4595741993493,4.122533007957505,2.3145675645020973,437.234483862675,1.6486943450875051,0.00015556724541984833
28099,-7.175504588913566,-10.775589452403947,4.486682002171179,1.5013281597585095,468.271919530425,0.20311168620741604,0.00015557230337158293
28100,-0.7543357901222514,-11.749190400210166,4.104512215597455,1.1292003336751828,293.24590008230547,1.6918565923594953,0.00015558348017713532
28101,-1.1289610574800655,-9.605134378086294,0.2649771223291935,0.7759162144480511,188.72421137839765,0.9829320449948886,0.00015559268416350032
28102,-2.0571459860043166,-7.985928271884982,3.920837841790817,1.158482365299792,248.90217324305007,0.11437664321157381,0.0001555997871978202
28103,-2.0861186314352445,-8.988085247394661,4.2826084500657915,1.7908154954019302,468.7569616635776,0.36058802835932635,0.00015560420012898396
28104,-0.6817481802673075,-6.972149279698335,2.8498860123762193,1.7629510127429453,372.47389356904506,1.3366720423688578,0.00015560613403820526
28105,-8.036131163066392,-11.72190140998728,1.665552923559887,1.8507264156100693,468.1991101079513,0.9050290662814442,0.00015560811855437688
28106,-1.0585424817182894,-7.285664055790161,1.5427439974573303,2.749551053403333,474.07627551887117,1.0352968556088298,0.0001556107397629026
28107,-1.7677237327945896,-6.889778581329056,2.881712315524509,1.130224057458068,468.10757461746726,0.6877256905688194,0.00015562596391724415
28108,-3.1492137503319304,-5.192847960468138,1.4053689726435685,1.7421954313540033,469.83867807543885,0.061838309724974394,0.00015562951632436218
28109,-1.7492786242500777,-11.538040022552872,4.116810124024917,0.8545887197756806,230.21585243014647,1.0298727463166442,0.00015563211348290805
28110,-4.631175910268076,-5.476361130569754,4.688996766857185,3.138020032563271,509.31423477815486,1.3089260813581562,0.00015564560503031525
28111,-1.2682678409410748,-9.862552961494984,4.261597286327719,1.5611180378592506,351.13083589571784,1.8058067267907623,0.00015565911266730267
28112,-0.3641513188782888,-6.776556168224402,2.3844051684790095,1.6333902961665476,380.6669571213338,0.2568862015787481,0.0001556600323416609
28113,-0.6921118651940912,-6.691296160513469,2.2258049287594064,1.069307877467466,283.4032667741294,0.8176731601695435,0.00015566830495228787
28114,-2.0346722557274175,-7.4802912887506485,3.5249953530417124,1.190883779047845,304.92739756391916,0.4792765831293666,0.00015567336555298846
28115,-3.7461628018751156,-5.243226519845149,3.9310940357212347,0.9160136831679953,244.95942973794462,0.8986478392490982,0.00015567745719958175
28116,-2.2773553460956917,-12.226364413952053,0.08756339690967076,0.839868697398675,225.99404198743989,0.7375620881437586,0.0001556939049361989
28117,-1.5513947990165704,-6.748318692048879,2.376998987760513,1.7021626033621777,469.42466736245325,0.04308336086141118,0.00015570699633356817
28118,-1.7285615452387564,-7.6685963761386535,1.1638886840499396,1.2258053916669311,309.15419518518223,0.25601946807895093,0.00015570731663349703
28119,-0.862516671705265,-6.591100332078643,2.405639281116541,0.994780271068108,265.7166384736984,1.48297130169306,0.00015571890595760484
28120,-0.4258115472876689,-10.745842843607985,0.1214412021632642,2.2786407485524705,432.8502833640868,1.561594068232707,0.00015573506075866462
28121,-3.3555185624156936,-12.927916449794322,4.617409944274866,0.9658302115635714,468.3977148513069,0.5355271704529008,0.0001557504923886035
28122,-1.1341503288523498,-9.188670841049547,4.293764709427021,0.8126530002810679,169.75502526104793,0.10616604368058624,0.00015575544183410152
28123,-0.08213368819822442,-7.475422774984142,1.259031169578386,1.4342640109950064,333.38315704607965,0.4762909823605188,0.00015575852123813656
28124,-1.1589627298993381,-7.3335771828078755,1.5886352954725456,1.1965414805566716,418.7470388797268,0.28535140895559685,0.00015576233871170294
28125,-0.8565218189868578,-12.884094327267784,4.0195183559926,1.7214584688118113,468.12105484848627,0.7427022971029968,0.00015577016536725915
28126,-4.635378079603173,-5.659035181443502,5.038758431912953,1.22544069604283,467.8010424411865,0.6917280081596324,0.00015577058024080523
28127,-4.189248382755162,-11.070292472838602,4.894295638566088,1.6759276490567387,361.91765261922546,1.340863269479363,0.0001557711393516286
28128,-0.6545486603333615,-7.0671108702260295,1.764264194236722,1.204523766323927,197.89928076848577,0.12920167357311474,0.00015577500509303944
28129,-0.06458490538462769,-7.829110457192376,1.0239692068974728,0.9503212214858494,187.62785938052954,0.08258047654879075,0.00015579259773833073
28130,-0.17442374965560958,-7.227929523136619,3.2762345303675167,1.5988188714882152,373.9366215665115,0.8808900544654961,0.00015579469809198947
28131,-3.5446198695133804,-5.25365175625926,4.078513356228412,1.11896307400859,468.6394472335454,0.3545723122302986,0.00015586915215656254
28132,-2.017475410130584,-8.682406239580892,4.204935309682883,2.711368894774575,475.87114700022926,1.8055442122700738,0.00015587573069433754
28133,-0.05831473653385366,-10.916321172555051,4.163956427351089,29.323809412669387,834.2974314274528,0.15749278930832133,0.00015587759431424724
28134,-0.9688271109635771,-11.494473328400552,4.117608423570989,1.5134356641081879,357.63464742853427,0.3311675640734828,0.0001558798039293183
28135,-0.7115628423175249,-6.724343568534615,2.674825728829195,1.3927025941739146,315.107391383231,0.6346991204654842,0.0001558867601875811
28136,-1.2832008740794052,-9.199545007821559,0.36681940631409143,1.8379664538551161,468.45849226791347,0.6549381844159257,0.00015589217987334715
28137,-1.324277474087868,-7.2916901201936914,3.33004047300077,1.5782871907553784,375.7808296032993,0.5624601628474855,0.00015590361876254653
28138,-0.1709068260596922,-12.515399440123836,0.08473529803521762,1.1299179159687744,246.00494828772884,0.5327557467351118,0.00015591309439600114
28139,-2.135130743781147,-7.335918508328485,1.5824713280035496,4.327776288200518,581.3481045259812,0.5104915611945815,0.000155933572288102
28140,-9.344664239355517,-7.946467236952664,1.595364032664119,0.8708091653150192,250.2798344359069,1.5959773345092705,0.00015593459972251534
28141,-0.8588667278967659,-6.692264346816482,2.6281015833223944,1.0945315442139998,468.02185971092337,0.8346197633099441,0.0001559386113876472
28142,-0.8608009921471993,-10.048417596477238,4.211770452704145,0.777035780154187,201.83617177634767,1.2455951050627112,0.00015594179570505213
28143,-3.6897998806731245,-5.105821399947224,3.8931576164785926,1.5031643428716297,348.36260621120647,0.9415703478789501,0.00015595992278006593
28144,-0.7572335760519273,-8.61278808185907,4.225222554684378,1.177122831929752,468.3520217483109,0.5454085035250866,0.0001559856266655321
28145,-1.7352863584773583,-7.522806344558462,1.3414653374138752,0.9550805893681509,261.63983502842115,0.966397974691648,0.00015598739095861253
28146,-8.775971890681415,-8.280067944068076,4.210507336151378,1.519689545470654,345.699201590569,1.8141949112990874,0.00015600632501949196
28147,-1.2743163362260042,-8.229067821235002,4.0768305916452405,1.5946800435059503,468.7822670216427,0.32261832070472796,0.00015601291211691826
28148,-3.7735580590674616,-5.301159242909121,4.066409107470354,1.0785048824213794,281.4563135439568,1.7634199124205168,0.00015607662521069444
28149,-4.255784142806184,-5.392923708344353,0.8614327504409243,1.8682536735855524,448.87490851355676,0.2754227564789318,0.00015607694075854553
28150,-5.1897927325459055,-11.84058312216004,4.748428167252062,0.9634947367462638,467.7680871367538,0.6233945375594212,0.00015608200834016736
28151,-0.6787432354735632,-8.344186726583498,0.7288475172413925,1.7124718745982739,406.0035221029869,0.9046276264572626,0.0001560828665164862
28152,-1.6925623988795486,-11.327234040672169,0.09213284370112053,1.1584928563461396,287.35124480454004,1.3188542777734167,0.0001560858769071797
28153,-0.8722861029700866,-9.1754800438,0.35470292081879456,2.9064276045109367,329.56500332848213,0.05895397679183478,0.0001560880090396906
28154,-0.5247762022979447,-12.246863317472249,4.07749068361612,2.314702496730889,440.0425068503847,2.351705588516377,0.00015608885156025636
28155,-7.0083148985082415,-11.957899337563408,4.35920211742379,1.2276064641813185,466.0995768832088,0.6015821737548466,0.00015609384342381825
28156,-3.4635170844113095,-5.47433119552186,4.244317342757152,2.6008166107713526,449.7920668332227,0.5770468813483571,0.00015610916137423215
28157,-0.49161560323237374,-11.738339359047544,0.08139145938865183,3.8247972470651,294.6305288474217,0.19667583532438204,0.0001561095384973171
28158,-3.1317322585508443,-6.034170667707584,0.6754533304473396,1.158489375827607,295.9544495214189,0.9145988980532413,0.00015611372993006397
28159,-0.4981384580736403,-12.509236285754124,4.021156769760444,0.8588560412844626,467.2199896187552,0.17044111412572693,0.00015613407001321663
28160,-2.8289517093533476,-6.08972583190699,3.822321590989357,1.009757136131,147.6811436244383,0.24028636206431742,0.00015613915919287944
28161,-2.8923203765323677,-5.467346968807617,3.023741581644111,1.0721205107420906,213.47440744095792,0.8807770432918183,0.00015615201397073768
28162,-7.523241437103646,-10.605599706291313,4.108325865921249,0.7181225596099147,218.12078945792808,0.8724708427734909,0.00015618963814708668
28163,-1.2582388056215361,-11.478859428627754,4.115860788507253,1.6880934351580856,397.34162860827655,0.4647662094373244,0.00015620687040462973
28164,-1.4729363793742625,-7.075657265086469,1.7672817627769266,1.074996217641079,286.64593157814016,1.678593818897629,0.0001562085902033316
28165,-0.38170900147789766,-11.337993933368741,4.125677417844726,1.3185486608749608,318.13149652497583,1.118189868762749,0.00015623345212999946
28166,-0.8771761088746324,-10.137269583816927,4.233087541680499,1.8590259076589821,463.610305402274,0.52190974450449,0.00015623777853731693
28167,-0.7672364466170603,-7.169174786813996,3.169991670997866,0.8679061341576582,244.79446894832628,0.9500461316560616,0.00015624005015825356
28168,-3.333681730456438,-6.219939478221704,0.4524908076500286,0.5847724790168435,124.22387314957714,0.01127280571520739,0.00015624244333086354
28169,-2.445395840505638,-7.061989017832309,3.2836497507814815,0.9590842939283744,467.3546595756233,0.2977436676335312,0.0001562844839089517
28170,-2.0586594151647937,-7.452456523933877,1.256901177845816,1.5786676487760856,468.694548776698,0.6021961787132399,0.00015628514034877127
28171,-3.33815350991944,-5.641489922238245,0.8644948236253955,0.7910719207253875,156.72966528187328,0.22388008083834254,0.00015629215095751376
28172,-2.3974912266310184,-12.6905400682872,0.07220349481613367,1.1337577729595005,297.95385243006234,0.8232601612727377,0.00015630874830326933
28173,-2.2520977341742032,-7.921358865577212,3.8845858354233562,1.0534558355393175,467.1779337364405,0.9294936306604855,0.00015631171144172182
28174,-1.4399076559255537,-6.681769632212742,2.5039540138275846,2.9835507036449487,444.4680911661721,0.19413735319933156,0.00015634396361896883
28175,-0.6910858221381186,-7.041770939335934,1.874223105415798,1.5080578169704861,348.1741969318982,0.9036715829985358,0.00015634671475831167
28176,-5.133222976970837,-10.754132857103528,5.02446898193118,3.1654164252810104,461.69536217528133,0.18672479576700507,0.00015635414353582224
28177,-2.3633948112937624,-6.86882898639605,2.7047583427239674,0.8416086698572971,198.12967473285883,0.532542371187934,0.00015636336915128782
28178,-0.33412105592809205,-6.9036304633967935,2.8781356769706976,1.0646718525641965,148.34236159558077,0.24811892036745142,0.00015640531159896907
28179,-2.517943943997407,-6.52502069975529,2.7268330823745246,2.0560073292487813,404.93128386862736,1.1325649643462308,0.00015640629658103338
28180,-7.941561174501021,-12.71588480657389,1.4858563976292758,0.5944266500333345,122.66460790065464,0.42542833591313123,0.00015641633690301513
28181,-0.9648870278216481,-7.975195651569031,3.8799886369816297,2.5434505042938125,436.0601219812601,0.46615076347263074,0.00015642511403395212
28182,-4.237245917511531,-5.558906011052822,0.6884707023561888,1.1080332074365686,467.79958054517743,0.9413287118861469,0.00015643134559718968
28183,-2.985528633178104,-5.264493092934212,1.4911590686831426,1.0506593354498643,467.87795150708683,0.912260491618226,0.00015643331603416443
28184,-0.9673663592676807,-10.955525009337398,0.08992152414206099,0.8753076937387535,467.7122911696782,0.480761358264858,0.0001564344694816211
28185,-0.06980038180765469,-10.605265151551148,0.11909336027674791,1.020773449097576,275.2140854810136,1.0530029287147276,0.00015644258419110528
28186,-1.1914190501880224,-8.594289490198108,4.196993297459327,1.2429721542028138,468.29381473039035,0.3201773929096001,0.00015644280982830968
28187,-2.0077560798567804,-6.734409810917712,2.3650237682965627,1.6555082841261424,386.94417360044207,0.028631950248219518,0.00015644742299170705
28188,-4.213826199483438,-5.873209233685153,5.157993421319444,2.057863489949563,411.4904682887307,1.9940046925567456,0.00015646521883451803
28189,-2.160930871755202,-11.192412240432366,4.153473010178382,1.6849579916390998,394.94311222891696,0.6826711588087138,0.00015647713838655677
28190,-9.278013365708498,-7.342042701666651,0.9334788006532463,0.9619284350120728,192.88956935160635,0.8059054608867973,0.00015647948661776543
28191,-0.6186768458500982,-9.731873052269918,0.2335815833306949,0.9269336154566263,466.54342264240296,0.08515874664470502,0.0001564861515405522
28192,-1.175693368267071,-7.687799447630105,1.1329368761808496,0.899121873318637,190.96195134985183,1.0414232017862668,0.0001565010522156394
28193,-2.7485250898285134,-5.8279148636926825,1.7076874442609267,1.3071143558878129,302.8878405523483,0.4252834241133927,0.00015650539605177236
28194,-0.4862861720759941,-10.021590959343635,4.2408042293972015,1.7825259029515148,423.36922094339747,0.08168268897272579,0.00015650796654215305
28195,-4.822819648863814,-5.601438371683682,0.41609419528798025,1.0187320587415054,467.89042847808975,0.5499649672197569,0.00015653672314617397
28196,-2.6448824825518393,-5.994570977938892,2.5068065230522496,1.1429774888190023,467.1688694839525,0.4761694952666877,0.00015653732583567885
28197,-0.4194025199348985,-7.870136398728901,1.0489653497276923,1.3453112531309983,323.72151116594654,0.3708730863558065,0.00015654186896490652
28198,-1.0881461056233928,-8.592963545929548,0.6163468855999624,1.74393158720239,413.8686771702038,0.8932428466753866,0.00015654384015583868
28199,-9.033314213229595,-8.497698942627302,2.798010702507553,0.8810560289526042,384.1144924592944,0.5327050190390912,0.00015656127770508082
28200,-2.994105273745852,-6.500434737719239,0.43165716731409665,1.4630661149485122,339.06388545398903,0.31870044594763947,0.00015656900162534077
28201,-2.5863023885464242,-6.787032727636916,3.891385869748034,3.8041146183971843,542.6158394985172,0.38171916520406146,0.00015657682353677598
28202,-7.76101676448743,-8.954965352707973,5.151121376177514,1.5616626203215243,361.7069697621325,0.761686110079169,0.00015657862781782482
28203,-9.76674417920087,-7.161949098176707,4.159206619239144,1.5000754264503153,344.8984962610173,0.8125062625856092,0.0001565855548052402
28204,-2.3545537912401695,-6.76489333903214,2.248652872364687,1.2234909793380742,220.69688353223628,0.03446673988181104,0.0001565899166730642
28205,-8.89827102274622,-7.864515616687723,4.688965573227396,0.7537069582914049,144.6467554648731,0.35426387216646305,0.00015662087656206873
28206,-1.1796998534509502,-9.339591546539838,4.288103358506055,1.8678726989819538,455.2804385190024,0.29825687537481915,0.0001566257129606073
28207,-2.2676403380247923,-7.540640206904364,3.56565354252922,6.931710198522399,543.5266780403175,0.03149118355229685,0.00015662829535771202
28208,-1.499563849116349,-6.725957721463035,2.6184553850623953,0.8874408834494548,469.32714382182655,0.16581716253110734,0.00015663924449268586
28209,-1.3253335307794671,-7.124460875037587,1.9523728106498401,1.275143281846056,467.9636359619034,0.23059539939924445,0.0001566565521653682
28210,-1.544516379475958,-6.717352722157583,2.232184157006768,1.8667902727162546,468.14696029623724,0.5686503438569579,0.00015669028353924297
28211,-0.07124160564077542,-8.36460159396322,4.134422181120745,1.0677429113043277,210.67079253800182,0.26249117028020663,0.00015669926430921422
28212,-7.9723763899497895,-12.92003974166629,1.6382161341212012,1.8139905970934036,431.9518303456192,0.1765871848100229,0.0001567005186741419
28213,-8.04265854865909,-11.572583076380104,2.173786215786819,0.6455270539714983,187.8668596217806,0.15072021529691693,0.00015670542700681292
28214,-4.303706461907979,-6.685699014749566,0.03710660287707412,0.8778451195661587,468.3140786742494,0.2870999748522962,0.00015673036350563914
28215,-1.0033395279070874,-9.870204413601865,0.20154764779920348,1.5182308311496313,336.16933608572475,0.2949340944922412,0.00015674195284826693
28216,-0.08598863685004687,-7.08526815685105,1.7724407247739171,1.838897045456533,440.3174051512276,0.27079065609834796,0.0001567492160849743
28217,-1.0096413788285403,-8.924166176728292,4.2664835057958586,1.8812599361452975,382.8172040784384,0.9497279670889514,0.00015677100988868394
28218,-1.4384313800863051,-6.93392570072989,2.8937519710902038,2.949020755608418,496.5215148512282,1.8795129631975582,0.00015678162079335784
28219,-1.4951625230348338,-8.283746392995557,4.096955462608593,1.0699194067786344,279.10476138629036,1.2573245187380566,0.00015679908577777635
28220,-0.5072180242072939,-6.982209457269998,1.9819117303980307,1.2156928424958864,273.26660448823867,0.23883523230478687,0.0001568117114057185
28221,-1.7847058090912817,-6.9480292899616,2.093801304462005,1.744375321555632,467.3879060093657,0.38388003280590777,0.0001568145125837863
28222,-2.4882644673189986,-6.7526134263818385,3.124333080580819,1.0192705456128281,189.28775746853202,0.10374952501680479,0.0001568183642808506
28223,-0.46430479007908865,-7.0659523851156285,2.9674189130632693,2.4840454307047164,175.1443223864338,0.3521957953870869,0.0001568295818850249
28224,-2.0946675101208276,-12.935199738727897,4.051634514745037,0.8588064364496575,468.3206457839064,0.5061127634212168,0.00015683253477155801
28225,-0.034338143367143914,-6.655721242491887,2.183278757099743,0.5007215703505552,126.17773999105499,0.9323976205407503,0.00015684736007750026
28226,-0.27703977924010736,-7.22114779415138,1.684878643871316,1.263277835609891,235.35923591347404,0.023883326571868757,0.00015686697259945686
28227,-0.48685792162599384,-8.014672263415584,0.9234092081047935,1.0532588747455047,217.48074836590757,0.6272928188296181,0.0001568840432721938
28228,-2.4147135345263884,-7.351337668468649,3.603867911267766,1.7457713200464988,430.9099657604674,0.5408418192539424,0.00015689441106193574
28229,-0.5958848508367325,-8.87130384492839,4.258095142760907,1.1262160776743413,289.73620393224974,1.3378947649074222,0.00015690579718799703
28230,-1.9876119541599842,-11.243671562013926,0.09977120501950285,1.2044958736436895,249.35097222826084,0.03395403160431876,0.0001569075160219535
28231,-1.4753490152008926,-9.822290412184277,4.256120870438555,0.9516892510375977,257.7754126386995,1.0971943788860914,0.00015691763558833556
28232,-3.087290248750011,-5.232312339385142,3.402476010869993,1.8139548580280012,432.22059230685966,0.3560841871539937,0.00015692040214101044
28233,-2.8141826141937196,-5.58720569855084,1.7812324054484863,1.8373304024500292,467.44434017354934,0.12641569702110012,0.00015694588082088161
28234,-0.4625427806944167,-11.946273781296094,4.0826828708485845,1.0577291868713767,242.4809432364094,0.2575436444107586,0.00015696849980642645
28235,-4.754330479423893,-5.017952722123615,0.7569809320295786,1.515777101356285,349.5352331975542,0.7448149766434744,0.0001569729948994931
28236,-1.6980899771977427,-9.216884642147262,0.3513225549048919,1.3516771624415072,318.4730116424884,0.4353248059033339,0.0001569870825783031
28237,-1.1633331559112392,-8.646893961311012,0.5626168018111767,1.8849371604629652,467.6555228839167,0.4071726624011358,0.00015698919955141108
28238,-3.6618421783806827,-5.0096143880846995,1.3246494674234504,1.791692670557916,467.67720666649933,0.5995724924796519,0.00015699499608411326
28239,-1.3400266646083043,-11.962415447333779,0.07527446809498121,1.3150410127852425,309.8536461142369,0.1782108345762028,0.00015699881648487756
28240,-2.1005820142886575,-10.811050741998276,4.164965200637995,1.8027325420050389,429.27808496901383,0.0186831433051049,0.00015701189008825728
28241,-0.9072840432153804,-7.83828421032292,1.0793287380510397,1.2368107813791474,307.8861600343289,0.7189215771052533,0.0001570256647132827
28242,-6.7558119557271485,-11.174010649312992,4.685170551505443,1.5729042506984772,463.8900516502413,0.7994981750027215,0.0001570263262949317
28243,-9.594209435483037,-5.9089424813256235,4.946527481444283,1.3542412283122065,294.08550703718225,0.0814223080733143,0.00015703561211666495
28244,-0.5048934028279852,-7.463987545754058,1.5111568792626682,1.13697264758514,467.63225826739136,0.5577594516454765,0.00015704004393725138
28245,-2.1761693630942203,-6.5893813796129646,2.5220318250702225,0.7261449445349963,468.50519802633204,0.3256456215641963,0.00015704371444649463
28246,-8.288016627403694,-9.977155541259664,2.5069744171396406,1.249699978698717,263.6826219533199,0.44966182240413044,0.00015705425375090395
28247,-1.7578161487185504,-11.10691001519354,0.10870556826504256,1.8776501970810973,277.53203679049994,0.493999553885895,0.00015706337093451204
28248,-0.559196530906723,-11.664974454855857,0.08707377256571948,1.5407380963282014,459.5389392827969,0.6835986904164093,0.00015706895193253574
28249,-9.348621269674554,-5.255152725365474,0.7760169560931642,2.3549627131712567,441.4589580609951,1.6095939388845784,0.00015707383509823067
28250,-1.5145452131722088,-11.180758540850379,4.130939402233742,1.1418561192244048,292.31947317120074,1.2455574891481218,0.00015709342567007346
28251,-2.2652530345208044,-7.001172752332058,2.995117840944274,0.8063565197271974,217.80031959945327,1.412042579795794,0.00015711080968501534
28252,-7.5486080266491555,-12.204970428237646,3.6516862001045074,0.6451825930785031,201.99844016815766,0.3706825158352052,0.00015711154894402986
28253,-0.8057542469405181,-7.598625775956377,3.6093058620991085,1.3797909854700416,325.1095455853909,1.073771340844357,0.00015712162309534445
28254,-3.728278376753873,-5.799154717039513,4.930059971354043,1.6957783256650285,397.2902640213878,0.062823847163469,0.00015714312770193163
28255,-2.1240877818314,-6.7271366302734625,2.2290083454087646,1.4290381199322237,333.2037393439119,1.7249529628879063,0.00015716020150393696
28256,-2.7936897457038015,-5.989797729306162,3.5473566824198994,1.6916293285855148,468.34552940445144,0.4314889739218861,0.00015719383779898345
28257,-1.4000700939512676,-6.7786652189575936,2.3788818338372293,1.7809532218360493,467.83572621245486,0.3814141379455229,0.0001572095462787378
28258,-1.4438083318939334,-7.14268426639127,3.1330651271190204,1.4427740831986706,336.1875402487022,0.30768294316668054,0.00015721590502690156
28259,-0.09693707508337113,-7.438993792803249,3.3997197796297405,0.8882513892732673,467.79355277243747,0.32441930423370646,0.00015722092863273984
28260,-4.050405101240467,-5.81790008617247,4.945290742188474,1.2000593673541293,290.37976619292056,1.1211771948655391,0.0001572295884598496
28261,-3.7758454350527924,-5.852658359636647,0.6027050976599816,2.524562619563531,459.2278794308593,2.0102407931451314,0.0001572422465553888
28262,-4.665175378304085,-5.4178572481606455,0.6488900871656855,0.5020659258717765,127.12898308371933,1.023623962531695,0.0001572480531603808
28263,-2.124200132003052,-7.003988148412871,2.011214513567632,3.2417998518760927,518.5540758319412,1.4830040988696211,0.00015726547488785982
28264,-1.3404821586559361,-7.496588060274156,3.518085330903267,1.0082604588171182,257.45081817018763,0.8070110773118833,0.00015726637397102516
28265,-2.230062922034632,-7.089595835244751,3.0325685606299704,1.2170386238486028,308.14453033690904,0.7086851836862182,0.0001572879488492167
28266,-0.16378577429494,-10.09161483588633,4.230253238425589,1.7733996541806731,374.0854679267404,1.3250859263043342,0.0001573083570799779
28267,-3.276661888423165,-5.37835557647228,1.064616018942501,0.8656118486685752,467.2699245858625,0.6785801964527058,0.00015731189041316552
28268,-2.3924564928909913,-6.7530270540768385,1.2284764629084755,0.70637837675598,194.33519566621197,0.48123472686363034,0.00015731906386836527
28269,-5.8386786146535545,-11.042987706437483,4.933137284174633,1.8250770373604732,469.87390568506254,0.06461922040513901,0.00015732898297456636
28270,-6.100027539230039,-12.592718964545062,4.660834653847928,1.1496971566723897,293.9658527139037,1.0989413794976297,0.00015733618542589225
28271,-0.34096500599044965,-7.1746857470906225,3.1557759564190286,1.247139281695815,274.79206250252406,0.5576238348618103,0.00015733884869596602
28272,-3.470821761394385,-5.064196260389127,1.287518228953254,0.7847566173876361,161.169754939203,0.17316721942904945,0.00015733938998654045
28273,-7.534299772812453,-12.195746252730707,3.675820961706887,2.293419507270924,437.27318757584067,2.2457570091959376,0.00015734112251400962
28274,-7.843913177567925,-9.704672513809598,4.165300626672113,0.9038316612720464,467.48499384507664,0.050738758219959657,0.00015735056084422217
28275,-2.1996157587623175,-9.214410970769695,4.321314460346668,0.7873026827170203,195.2037870995003,0.20690862721190673,0.00015735445154888383
28276,-1.47266856978786,-10.161543115702388,0.18287357536025423,1.2095077884258352,305.22699541780037,0.8465352506431385,0.00015735982486964585
28277,-3.0884919293702584,-6.05099153915405,4.836420314325091,0.8251119958048005,470.43412182712234,0.021565303902015387,0.0001573718911036022
28278,-1.7103358186511066,-7.184798756688221,1.8093698625323362,0.9764778426167466,268.20391524380494,1.8288998663797118,0.0001573769734482955
28279,-0.39760054478119855,-9.477045385476385,4.278211855871497,1.3667600806360907,140.14567870706205,0.343018928052099,0.00015737771958271725
28280,-4.540407235317643,-5.567782824925626,0.6413781054497187,0.9232625584937675,261.84101301191225,0.7124273997629018,0.00015738474279301606
28281,-1.1699612837303093,-7.849801671055997,3.794060759577257,1.6929038973582278,246.18591304878643,0.02436613882887073,0.00015739133152841754
28282,-2.2358631588726023,-12.555103454009515,4.013747179324316,1.032228631575126,468.55676913245765,0.6451136714582253,0.00015739324340955708
28283,-7.6491771693626,-11.594150691074766,3.560795005047607,1.5719277925841535,364.49749018105626,0.1547018074859965,0.00015739378384012652
28284,-1.4397275769868028,-8.376932862914547,4.133623691869414,0.7996144296165792,469.11314315500437,0.011982260505303266,0.00015740963403615768
28285,-4.224805889592002,-6.227556089912915,0.30405456377137513,1.1179192314178654,130.94628635389512,0.31041530097199477,0.00015741517921555995
28286,-0.796589981749241,-9.155252525846777,4.280406734666161,6.713291441350133,411.03892580019135,0.1554790873954479,0.0001574175850631346
28287,-0.6680516071390095,-6.736750245805987,2.6355865031965524,1.3917963371611786,307.35728175641873,0.11355847223004378,0.00015741934943602732
28288,-1.9475977453839306,-6.802512031562822,2.375190675325717,0.8036883167416381,469.0961053175177,0.0418964376960016,0.00015742099745020264
28289,-0.7662609048485596,-6.8204526837709,2.169618515407244,0.9427829174827413,468.89858429851665,0.07929983422672926,0.0001574310336701569
28290,-3.4680616141133394,-5.291100148547245,3.9342086631727455,0.8466588954020381,214.9039923067397,1.3703432290762843,0.0001574337797874489
28291,-1.3162975470286895,-7.4665097408410475,1.5148402737923297,1.8860023657785658,469.7779550133333,0.12927073411937684,0.0001574382819825313
28292,-2.257640636256002,-9.576762939516573,4.257843116554615,1.1100907059655498,287.98008780884714,1.3918741025467583,0.0001574416330784421
28293,-8.359200546910897,-9.612137159714287,2.849371072884412,1.7358638698444027,467.94562304285193,0.29818661882599873,0.00015744591539575148
28294,-0.22609889350708556,-8.363404463470568,4.127429861642547,1.0905203323921127,258.4778243866833,0.36252106415481666,0.0001574620471731866
28295,-8.12288240937875,-10.820324669719497,0.9018721171264675,0.9172626597728705,141.90320810941043,0.23938834863285408,0.00015746249030112216
28296,-0.04712994645477764,-10.643278272507292,4.178646035892249,1.5510674048110433,338.98706231152835,0.9046716579636973,0.00015746347648651004
28297,-1.4744417710054218,-7.551969357298433,1.3562701302546032,0.9592087462069178,266.56890562585363,1.1371589959218982,0.00015746971672239926
28298,-1.2460523096905636,-7.347046342250888,3.3593479761660383,0.7904242537266499,128.57644022982868,0.3162057922944337,0.00015749954068271119
28299,-3.137662316211247,-5.722359157337127,0.7983098687829112,1.0790928086917042,467.6111191561923,0.07147855423049787,0.000157500578960623
28300,-0.24323529043185843,-8.875637872312096,0.49311654937468635,0.887264427604528,234.08157854149235,0.3621327226600455,0.0001575073972283902
28301,-2.3006014012945,-9.13645381804312,4.328109184908351,0.836475514966166,467.76485880964935,0.24480817001515387,0.00015750896257182002
28302,-3.501189113679458,-5.577261984937537,0.81860382363374,1.5823023210678573,364.12635916139874,0.2228452448719347,0.00015750897913142904
28303,-2.8893512995816826,-5.808010185270262,3.7571574422854357,0.5578303092758338,116.91487587373841,0.8212806664652748,0.0001575099261096924
28304,-0.18410403649462026,-10.765894590236524,0.11352732827838499,2.1301685653306617,419.02722944212013,1.9276556387017214,0.0001575292820417339
28305,-2.7504025457874457,-5.790781263836823,1.3650039109494356,0.6355532583364073,169.2029466435181,0.9213788194117711,0.00015753879261282366
28306,-0.7149029694251485,-7.429814145636778,3.393466740564771,0.8358664530373636,162.50977788780935,0.13840087253530964,0.0001575670210850802
28307,-1.526789293535023,-6.64169508789076,2.391880798994875,1.389002663568455,385.93650464900645,0.7315630231480528,0.0001576081651787514
28308,-2.0012040573095238,-6.722444560404123,2.445017988523584,2.996595469099087,310.98985453979765,0.09804600895659732,0.00015762405917884364
28309,-1.4315458722176118,-8.856269336778334,0.4900650985830634,1.2649213580340088,309.0028259774465,0.20029113280621758,0.0001576350724846783
28310,-5.349752180893502,-12.984495499500861,4.645123936476448,0.9121603496910912,467.5247419590376,0.7599080071071311,0.00015764558563446924
28311,-0.4609188579230903,-6.740926984667419,2.6328178506421027,1.7684903374804717,467.35832254701586,0.15375818987532952,0.000157650876505484
28312,-6.195529338285,-12.888833640936245,4.630101235331364,0.9424282289437343,243.58932628786278,1.031477921718186,0.00015765458957817956
28313,-3.0716969969099415,-5.4009558997280624,1.0591674267206241,1.1224377436757176,174.21565784192046,0.17318215711587115,0.00015766927220187179
28314,-3.8420801593827125,-5.840588348891428,0.6195390024357221,1.8350545288535531,440.32558615964126,0.7067261049812803,0.00015767735640715328
28315,-2.3289335701929827,-7.850163392974357,3.95718520536783,3.064020646057871,444.6966184582306,0.17423037312840162,0.00015767860813961003
28316,-1.624178090691263,-7.736721199817845,3.701201750661747,2.137415562724576,420.2376511391188,2.0073060969657215,0.00015768409840903944
28317,-2.0272704012627782,-9.015440442089005,4.269632608756303,0.9411823932506863,257.0725424866677,0.7852794669504801,0.00015768434580073172
28318,-2.3772007869566654,-9.637544770501531,4.84270807068181,1.3369670438513113,325.96888408700835,0.2981599500564105,0.0001577007208631373
28319,-3.329029485403929,-5.090794298523959,1.3254508369107811,0.6227227427890333,162.94984256631435,0.7528437679149738,0.0001577036936028561
28320,-9.13482835608021,-6.650441283177014,0.5747410214016474,1.6251465118851087,303.32211702669514,0.08474529468304315,0.00015773174374719562
28321,-8.171329739223204,-10.61360909221524,0.7937315503899913,1.194873247279668,171.8136867615368,0.25818553109941966,0.00015773546818418724
28322,-5.262994099427363,-5.289231998575116,0.17263692983621112,0.6690332212776008,206.5625404859458,0.4460730253198131,0.00015775631706710862
28323,-2.7666309844104253,-5.748949223214741,0.9753807662147923,1.9762032380504038,400.1757099532664,1.6044155892392462,0.00015776295723374874
28324,-4.340389482967758,-5.239376062335654,4.212366718739171,1.4743414988000287,468.70653499456864,0.8207486030604088,0.00015776587899491514
28325,-3.5615186543144333,-5.762470480296268,0.779408444836196,0.818128328192603,171.58045109785547,0.26539395089254203,0.00015778479148711682
28326,-0.7425094888887642,-12.987810879933832,4.0336170250267855,1.0745258773814226,160.50383315025454,0.11930465900354381,0.00015779226716878018
28327,-0.05899339386133562,-8.203291560603724,4.021982544696429,1.1608565618394988,467.1501301303889,0.4749548557192105,0.00015780268643240402
28328,-1.7792571461681028,-9.537139103086325,4.2719849162564065,3.5126160553779666,537.073014839724,1.1943244334797063,0.00015780471326647805
28329,-1.6956794329396416,-11.863166126169348,4.0797842642687225,1.3552194247344374,309.6501221051634,0.21790054202565745,0.00015780529226057204
28330,-2.846668087125696,-6.412524060194196,0.47858428034565764,1.6199207223907253,380.18319415951476,0.4027472627353825,0.0001578133732063315
28331,-0.7427810960052916,-10.57726645437035,4.182912235848794,1.4639107378299419,336.34831116333356,0.7187479023341865,0.00015781916012744257
28332,-5.094920418739047,-5.080490824890075,4.680762123373097,1.47543361936514,338.6495559075982,1.4633419675388035,0.00015782298205009089
28333,-2.1430931216861007,-11.368936108516355,0.09519144640457512,0.5703352574682761,138.78125297192202,0.6391371624241398,0.00015782498816186973
28334,-0.11209891181261966,-6.751407826269761,2.249491158448061,1.7870941062498753,263.0741791030613,0.0014478802711526129,0.00015783077290255153
28335,-2.974508721391884,-5.132600162544361,1.979280814323784,0.9216052358613324,467.36382977240373,0.16623582829180084,0.0001578384592044564
28336,-0.31359903738572825,-9.79878065613497,0.2137131533696575,1.7830077687843504,468.174729115373,0.4098898128205013,0.0001578484028586195
28337,-1.3172653836581318,-7.380126628519894,1.6126534559854688,0.9184914079097716,467.39330474165104,0.7609986999411769,0.0001579172336849367
28338,-1.735372442442415,-6.730360299574899,2.5204920433429527,0.9339594963616893,191.65254099732533,1.0314259375124015,0.00015792620137837575
28339,-2.778763761942181,-6.768525757987287,4.933988477390807,0.9969530825045404,467.1825847247617,0.11845267673139226,0.0001579361763822854
28340,-1.7074929667550425,-12.928699613126659,4.034892109198182,0.9083085996198746,257.2420805523279,0.47415635949006596,0.00015794135617509464
28341,-0.08024029466812088,-8.91415400889527,0.4388979734286407,1.6093089498056075,377.9458919488284,0.9416837756688059,0.00015794928651259653
28342,-2.113656897155326,-7.463344871582062,1.440896076325027,1.001167085632368,221.68760879661184,0.37422648881493714,0.00015794990060765627
28343,-1.816569861543332,-10.383528048821098,0.15902892197901972,1.2096697427641598,249.20527701152687,1.0565942350807642,0.0001579684421561628
28344,-0.913810601913287,-6.751121035237629,2.2317508528298373,1.6293358442715478,234.48210443628844,0.09014272757825914,0.00015796911370448503
28345,-8.282278580375628,-9.538911846695804,3.2710613136779263,0.6885549500185042,163.60632080262096,0.3465727801840943,0.00015797070743840645
28346,-0.33477698317298454,-6.6515063969499675,2.3886715696638183,1.0491413677689287,467.68003422059104,0.10998150030066522,0.00015798961038752447
28347,-0.6090220108089763,-9.777498107106837,4.252337014321258,2.7709786772507807,224.94724983008962,0.2453964337489385,0.00015799266736447187
28348,-0.14521835867478394,-6.760774607928958,2.5652767318476846,2.5437010487380913,460.6842114458454,1.855712977021418,0.00015799721436975448
28349,-0.20038064693121882,-10.859059998733052,4.152665812308491,2.4540347739358,359.6952719966904,0.07295084613114433,0.00015799861881987188
28350,-1.0008118526936656,-10.616123133189813,4.177400232087281,1.7003968913874088,468.65668478310766,0.8344089245532436,0.0001579997247357281
28351,-2.0388713580317397,-11.615938082268833,0.09231973813957597,1.5779467377568945,361.9017870523699,0.37373904160855087,0.00015800556505504937
28352,-1.9311853921624653,-9.72515821710121,4.316130822562274,1.5167639426037607,343.3493317157102,0.9492236003321182,0.0001580137781284287
28353,-5.405052127035549,-12.615574152878196,4.6692476038557595,1.6391965965214,468.64123184471725,0.048463604117764625,0.00015801981639269042
28354,-1.6863004897208,-10.289368500967468,0.1565118151175906,1.5952347680298309,467.81263602871144,0.7815423958746281,0.00015802172316446976
28355,-7.0541514037823685,-12.236632587768897,4.283093242468861,1.5011573120557595,468.09410454303537,0.8977593737381326,0.0001580257542228727
28356,-0.6006514283211821,-6.6538393570911865,2.3915770602334887,0.985408086245543,468.4501096360805,0.5682334151823536,0.00015803311341709779
28357,-2.0808294946810353,-8.765946978638478,4.206177189602989,2.5096202339093074,452.78146099483956,0.3833140754100768,0.00015804969825049974
28358,-9.813485965806395,-5.27025583961748,4.584420533270136,1.3342942546012326,290.95078501136106,0.08831228343504538,0.00015805211287365963
28359,-1.302825865449467,-6.657547622546961,2.3987628256899414,1.137275940582884,283.557803450161,0.9392973234424922,0.0001580665436202838
28360,-2.0321298797896823,-6.984290556098272,2.092463702289306,0.8332935895874591,177.97052446262555,1.0453291846258113,0.0001580771615416214
28361,-1.1909522244266793,-10.907611685181415,4.14729726294347,2.7963831206836405,284.3872292218197,0.13104009127873528,0.00015808574688961662
28362,-1.8944827862746862,-9.000514015513291,4.2652031690494985,2.3853801632658826,444.10130614135807,0.42779760967099545,0.0001580884015594851
28363,-4.661218932410559,-10.689562230933266,5.034698170682887,1.0884719808428933,287.68609494933366,1.1893723455266114,0.000158100323665447
28364,-3.3389492729762598,-5.773763677477217,0.7305129357726495,1.600973526855272,468.1089145677762,0.6827779125644442,0.00015811208689966614
28365,-1.1352185421719057,-8.068045865852067,0.903549007890424,0.48638502283603413,124.68814864256615,0.897443454534848,0.00015812552816878167
28366,-0.615775855341683,-9.278513507588597,0.33177893481644105,3.0579245114809974,497.6721542337262,0.8189613764404298,0.00015812895268831073
28367,-1.430903566099854,-7.595418395462695,1.3801159339590432,1.0637520534680547,467.84990086800025,0.9105662057506061,0.00015813206948735932
28368,-7.736924921448908,-12.365431532105534,3.236811614587371,0.9430335736017297,263.7755998987119,0.4488722945699921,0.0001581340123041332
28369,-1.6845519428872517,-11.496893604252982,4.098728503077113,1.2734557471525882,262.5596430042762,0.04722407048034594,0.00015813697312498429
28370,-2.910993430206349,-5.481670359033324,3.1199090599026174,1.2138657630410006,467.8924578828753,0.195856539666301,0.00015816330838659443
28371,-4.388109861636074,-12.510350329448915,4.651673979417533,1.0266916634447218,269.12919285011276,1.1393835113156978,0.00015819054893965136
28372,-1.9135393743736273,-10.460692945733573,4.228251646975157,1.506454209165843,343.7356576618853,0.5519069405061261,0.00015820954106425802
28373,-1.731360754071856,-7.01923625156338,1.9786070320055136,1.1414274268746758,293.65355765427324,1.111047710167175,0.00015822978593661128
28374,-0.5464801349222945,-7.378653954203626,1.599125509582039,2.2164103691004833,428.8418129772728,1.9745035903272932,0.00015824827444575623
28375,-2.0899471681601103,-6.662874574605782,2.398092162720605,1.8407476080368534,440.5610874675335,0.30998311507178755,0.00015825369493306727
28376,-2.0856314649306853,-7.155722943232622,1.7722062911336056,0.7166412986515186,213.9945966598017,1.3711369945038836,0.0001582582953621904
28377,-0.23765001960195242,-6.786736391839774,2.6772944246255297,1.6793976813057505,468.5982405077786,0.4689895738242136,0.00015826054284186154
28378,-7.482028924462239,-11.535656680304253,3.864568028440895,1.6047789202836176,325.7885757800523,0.29031382708511977,0.00015827104954540435
28379,-1.608921601505923,-6.822353047612238,2.38245610896846,1.6957808869243607,468.55117955309436,0.35339702169477416,0.0001582784991343688
28380,-7.089924705351871,-11.59269791759404,4.339395844683563,3.717137591677691,548.3456825991098,0.844003243662681,0.00015827923423870674
28381,-2.13383791639436,-12.51276707149293,4.056230069318549,1.045629324618127,278.3661587725744,1.5521622872809173,0.00015828152319712722
28382,-0.34742606467592907,-9.825844017889976,0.23492263089734633,0.897986394996734,467.53233086044906,0.45695213894835174,0.00015828460896679007
28383,-0.06844577624735848,-12.831138766319816,4.041202200856588,1.8868796647444195,469.399744489812,0.21205984638911968,0.0001583191436645477
28384,-9.96513657950657,-7.3250548970068605,3.4989485777797635,2.0008203249037178,318.5156912840285,0.0560573210495372,0.0001583294462589799
28385,-9.98685240019358,-5.635270491349596,1.82181306189144,0.8716835864924589,468.4160938268338,0.9161962650345341,0.0001583419350019813
28386,-2.2476432090512795,-7.71029466631414,3.632928971772663,1.0706103432373337,215.46809513302046,0.6591656437478806,0.00015834594087880122
28387,-1.906318201134166,-12.816759051479265,4.040949155732793,1.1828022978324855,467.75930825571936,0.3735960924217414,0.00015837435729012657
28388,-0.3663020292805008,-8.684435673494864,4.200859965106582,1.6490499989475098,365.29803555192933,0.8220866268391704,0.00015838598066712198
28389,-1.1051552425755595,-9.17242064371053,0.4004504099146574,1.6277944934022228,378.79481262848924,0.8925954626671126,0.00015840001872229016
28390,-0.557510046042756,-7.706753892804022,1.1814680599416467,0.8996188734356078,467.8440981189068,0.5846810248271792,0.00015840323369674023
28391,-1.1607137714213067,-6.98577199737115,2.1173043714754245,0.8257411359322051,467.45369367797275,0.13629154047659675,0.000158442263989124
28392,-1.708145312125989,-9.184541684183204,4.273881881416028,1.826084792980333,435.2755314787627,0.5125271497129393,0.00015844413216546481
28393,-9.988132944180087,-7.235617299098034,3.626164731190375,1.2073485831971569,247.59399604407977,0.9025212733122787,0.00015844511100315006
28394,-0.46165777597722446,-9.66046882751807,0.26420435115807717,0.9361579339948413,264.7854027935014,1.595611326957477,0.00015849225758622415
28395,-1.0109936424174553,-6.987812155593863,2.113597808086841,0.919075808645953,468.2128356817597,0.34728602474415293,0.00015851019254669023
28396,-2.4174169513827746,-6.7071145150487625,2.1820033570436923,2.818309859646201,478.0961382621404,0.859429642903069,0.0001585270838267175
28397,-0.7613724806946855,-6.667652097499618,2.3902933797175674,0.9302037038683977,263.1810812326606,1.504531175738486,0.00015853494927710568
28398,-1.473523207851116,-12.428370141572143,4.050210534870944,0.7870765052437544,191.2436467020265,1.0968402241805189,0.00015854333460650467
28399,-2.664034502606686,-6.019913431379963,1.6551917572612433,2.6489619625362537,281.97962516701443,0.1299673392461651,0.0001585678192323748
28400,-0.5013230468421508,-7.839698747598487,3.773988783758732,2.3685398133701265,444.2029607225785,1.9692532936027565,0.00015856800224927153
28401,-0.03152575592517337,-6.777352681003219,2.6515651470007704,0.8752207629388423,200.27424312923588,1.2171233735083131,0.0001585921694597167
28402,-2.205124455295957,-7.419988735261218,1.5158326631428871,0.8898402064087264,226.16470455726153,0.8813774008917452,0.00015859957449783718
28403,-0.8556739706853556,-12.079882642156738,4.062933050625508,1.6019254690980935,468.0864994966269,0.7232109041292532,0.00015860214422915085
28404,-3.146559645025108,-5.863575064135846,4.596888138320565,3.0426878334991994,491.2832997465357,0.6035239835268618,0.00015862261656848447
28405,-1.5591023519430927,-7.554667470606993,3.5518330794708004,0.9991330117879557,236.3694018725689,0.2980517853640068,0.00015863935710336784
28406,-0.10475502307378903,-8.391268341302133,4.129228678219217,1.4704915020054283,334.5031510454366,0.860341580602749,0.0001586420881393434
28407,-2.0475250727863124,-6.946367801704791,2.7278766885166603,0.785581652206779,470.1347915370372,0.2014298902656133,0.00015865437531145177
28408,-2.1220097174250006,-7.175909282857418,1.7419535179959267,0.8175710609168553,167.6063095520227,0.7119084188851632,0.00015865690978969927
28409,-2.144513211922918,-6.606523243642431,2.302259772718361,1.8550020780359744,444.3697577760853,0.431451398649207,0.0001586726550339399
28410,-0.8398752558162812,-12.72815103875009,4.040514594642469,1.1347397575628184,292.02287387216114,1.2032355925189187,0.00015868126024014918
28411,-1.9470531786398002,-7.380007925524268,1.5777892868222223,0.9990605172219763,269.8948842537944,1.5138412828753003,0.00015868908924109005
28412,-2.3989422550008133,-8.708425888973078,4.753320350137767,1.6471759111843485,178.90008776559213,0.2340932641304656,0.00015869076359471303
28413,-4.167595114487222,-5.062674721519176,3.8951452360537715,0.8947757125885814,181.36437663131275,0.30336818214308003,0.00015869677839980606
28414,-6.765558348282161,-12.58490916419159,4.461251415183851,1.662211655327287,467.7063554688453,0.12777448268423885,0.00015871157854404358
28415,-5.4421376850969985,-11.692587142157503,4.775847673169436,1.6652264385533118,362.55900896466517,1.5927340176827292,0.00015871708160602538
28416,-1.2953610744986666,-7.277840610051552,1.6348879392738593,0.958893250135507,468.30983601640116,0.5019644597747677,0.00015871819396207166
28417,-0.1833184117832367,-7.4745879976282,3.4058994373193956,0.516151416653939,128.1626734656903,1.0273992492261703,0.0001587479730695296
28418,-0.20376307443090447,-8.017931762980247,0.9410992374848014,1.7156671431624249,406.2370307854311,0.30602172371086933,0.00015875583424664993
28419,-0.3577323849245193,-10.831330264368816,4.149280789502727,1.6737809365547254,364.5008875817182,1.570412729773217,0.0001587770956318582
28420,-0.5229211133378939,-9.303372936107877,0.34834841070609457,2.3811275059263295,382.54342482900404,0.18627226593883872,0.00015877777845475118
28421,-4.842244051164474,-11.94162802364681,4.720880595643282,1.2245855609084215,178.10688735847515,0.13253344397650757,0.00015878078982381694
28422,-1.028373720038914,-12.370970897151919,0.08407630946262372,1.843511094015863,469.2806206905077,0.20950920567388298,0.00015879399284688336
28423,-1.3471389514986214,-12.558509388768577,0.07828956601407831,1.313152698550481,468.25004142359677,0.3642866515988539,0.0001587994684655434
28424,-2.281181410552408,-12.796404488836535,4.220161239620825,1.6608212879558975,468.8800233096085,0.8710675894803934,0.00015881475138982456
28425,-0.6118516476071783,-6.793907227671443,2.474317871239308,0.7824241743854161,147.13522187890828,0.22583721375984567,0.00015882144317408328
28426,-5.67496256196908,-11.815112892131202,4.759349188097466,1.3210481882567076,323.54949134471707,0.31565233625102085,0.0001588277237269347
28427,-9.607517435504661,-6.9357173861306824,4.629600625759102,2.181823583252556,416.1608525903449,0.9736692480362112,0.00015883530945222325
28428,-0.6958360436422648,-10.30375978076763,4.190477139180537,2.5864347232412843,456.88117504646414,0.3754569691658709,0.00015883711184538338
28429,-1.913635833448538,-11.858960231458829,4.071152479831358,1.0944453507795084,283.89178400657363,1.253394467806312,0.00015885598538178944
28430,-1.0610503243832063,-7.132763029275136,1.887703864217236,1.0295109935567528,273.7830077468134,1.6339293916320186,0.00015885712945781002
28431,-0.7404638704353559,-8.352941397129216,4.110959160156421,1.6799021588170702,364.0497207303698,1.5502664167533213,0.00015886474253193832
28432,-1.2290891993061308,-7.7174135532820145,1.0964755114034135,0.9162444246791561,247.28539773490698,1.4062017741132866,0.0001588726207716545
28433,-0.7654640664975823,-8.038435634945817,0.9493802380297987,0.8751115639529735,469.20267563965183,0.004735305666122791,0.00015887608273986288
28434,-0.3540524707587629,-10.979221289016161,0.12930214794973055,0.6170076672296174,125.9315795369381,0.42046718047853116,0.000158882569333038
28435,-0.8724045931681239,-7.356171593355609,3.2711544915424917,0.8732325736800637,175.88130284210357,0.7486519141677697,0.00015888463490935022
28436,-9.516467422276051,-7.313104231786761,4.385583670071709,1.806773328617614,436.76243097500395,0.5910628582365698,0.00015888587546508267
28437,-1.1774693465709678,-7.5973419896201495,3.5859294363806087,0.855435980137939,467.6043083854082,0.40813365281718905,0.0001588943407798545
28438,-1.2756467642505651,-9.88272524616072,4.2079270622972516,0.7244131071109682,155.48035658739317,0.26956423866551393,0.0001589011542253548
28439,-3.827985356626865,-5.729883918098075,0.7379746683972803,3.7265880498825394,372.2283718620231,0.06887271844414933,0.000158910609260408
28440,-0.4310512994575646,-7.1379681696473165,3.047942179277282,0.8006514291436978,191.40403546809966,0.9841058119123494,0.00015892743407096827
28441,-4.282446526894807,-5.23154316109764,0.9539468100837736,0.7856874107766961,201.20366211385019,0.5719899514717524,0.0001589516688815934
28442,-0.32097551258713075,-7.5973621392336765,3.584733611848181,1.2957310035416671,468.77706110892075,0.3587617562706926,0.00015899077980233994
28443,-0.6767904649424441,-9.34645720823288,4.270700545053159,0.9908894825445761,147.46582162954311,0.26039617400220383,0.00015899132691551873
28444,-0.12215655301998396,-10.26559929800259,4.194528200038803,0.9253468824238194,468.8653354127528,0.13787949727474125,0.0001589957355761763
28445,-0.352026222051375,-8.24096219732758,4.05628319570195,5.23257518516113,473.0425850970758,0.0004326203414874996,0.00015900793750995456
28446,-3.1869719188948267,-5.3635793723021274,3.8264295542638083,2.5181469530640013,455.7104383036432,1.3151847767600122,0.0001590082354351837
28447,-1.6129536884416282,-9.991658565649098,4.204008590032173,0.8124041209528698,166.1714410099696,0.09673592728131908,0.00015903382267727103
28448,-1.792055808822532,-7.167212354325751,3.057089644382438,2.204559456006051,418.31085179586563,0.9430016930786431,0.00015903449927623088
28449,-1.3505889209523296,-11.255848647705363,4.10910183930056,0.9549618975015917,151.92556463735295,0.40230714489580155,0.00015903515265940348
28450,-7.95880636592415,-12.529169157544551,0.7838183008308781,2.4051065916474474,447.1191186252469,1.7832653409660084,0.00015903773082860272
28451,-2.607986485447265,-6.838277872053367,0.4871071528154205,1.8008494946459794,452.00793760873154,0.08269909579479329,0.0001590718439909616
28452,-3.3182271692352296,-5.373654543989084,1.0626404969828636,1.2070315778417895,306.5305241454234,1.2534086058053262,0.00015907931082921562
28453,-9.437568191216746,-7.655099727937248,3.979501754256671,1.8479121310826798,192.6653448695738,0.28488028126430454,0.00015908206390082336
28454,-8.229991502011318,-9.54325409457361,3.429498123350392,0.7850240046659008,157.34144054435748,0.1368487867985282,0.00015909108787074796
28455,-8.823686458308636,-7.611035835917361,0.4415396568806903,1.0534014002995182,227.48962865930386,0.3754776964165014,0.00015910179874455114
28456,-9.263248051622487,-7.361535258412419,4.751333872126611,1.113228921133708,254.99544072801373,0.3631609295996592,0.00015910394527166418
28457,-7.386774467929381,-10.156299000640963,4.5427710499635845,1.0951655412584822,235.870046541846,0.09273531085117792,0.00015910541748912887
28458,-2.26594111223363,-7.171251452691711,1.9228380950676767,1.2178167188908855,269.6277033630972,0.9850120850695676,0.0001591075863668792
28459,-2.0517947825786926,-7.417375563957417,1.2149374157589745,0.7569974632333089,468.0028862363564,0.3054888907103557,0.00015912473191628026
28460,-4.828970617673598,-5.307104462458056,4.615595109603805,1.0195478480539035,269.7400911803127,0.845153283901297,0.00015913492878119454
28461,-1.3002163319769942,-10.684156873849844,4.1614876408595345,0.799103643748117,468.334667192188,0.1452551087780316,0.00015913915115527846
28462,-0.9514732243057331,-6.784656161625593,2.4608066883297655,1.636610948363725,353.9768105935879,1.118420671533836,0.0001591522709519368
28463,-0.9927244012945344,-11.471288856615065,4.091944819144,0.6509618039322399,195.0813757313488,1.0214164898381854,0.00015917640841372148
28464,-0.44601150923299926,-9.006255151918282,0.4286047808683682,0.8080188575822416,467.81663627001495,0.5386588699426733,0.00015917891373758456
28465,-0.15788226998100008,-7.166766175348892,3.121419813084413,0.8293604614952593,468.15191115878247,0.18086319615400726,0.0001592225171451322
28466,-1.019192305438434,-9.304729446449386,0.35262700092621163,1.7251535653018155,469.69586222894407,0.0024057226168947565,0.00015922604592039807
28467,-1.2167613164645612,-7.569215722559141,1.2397992967209095,1.608354939332634,470.2435031522922,0.19254243809673266,0.00015922742969183475
28468,-0.6868102436566534,-8.96163208219849,4.2525298904719016,1.8707886718938278,467.75741632035715,0.5184472468691519,0.00015923568068753618
28469,-0.7013227542583778,-11.17345290451922,0.10907150095263318,0.649176903089616,131.324678150006,1.0368380083127802,0.00015923625507343613
28470,-2.85195142290652,-6.385434320385549,4.538274844580922,1.0995047629393595,242.61646624415533,0.6591566663249884,0.00015924061670849192
28471,-8.791719603369827,-8.090156649560901,4.511326786937218,1.7593137262467362,376.35962166055396,1.9363634902623046,0.00015924311455323348
28472,-2.4994689460738604,-6.556754681247255,2.50758886291921,1.2742654590872309,318.0015964368075,0.44327161264669446,0.0001592433051995706
28473,-1.054090073213743,-8.646547717397338,4.212942105408107,1.8566493972283231,444.7540206958726,0.34754219598187586,0.00015926120155991422
28474,-0.6943890959474466,-11.130235794067449,0.11187032375922097,1.2124602599225918,307.5863762811823,0.6422170584640634,0.00015928319706632918
28475,-2.2440248032340326,-9.906915858106993,4.2347914107059035,0.871274445605512,468.5126328005327,0.8599182464811657,0.00015928683942587795
28476,-1.9721692924962362,-7.599302208761499,1.2785153047640192,3.8307466412811206,555.3647770344487,0.7691163160323784,0.00015928865947334968
28477,-0.5454120812544865,-9.481741724237654,0.30983253086135193,1.397568875007428,318.0791022105879,0.32425743752310954,0.0001592928137182513
28478,-0.4620662397004711,-7.7236466182211,1.1788443473437273,1.8544358956073985,460.336882571157,0.5207684029588258,0.00015929371336381433
28479,-0.32940322261569577,-12.413173864935558,4.035584915661725,1.2078245628229427,284.4585310327917,0.7857928922625685,0.00015930636607006872
28480,-8.252024996131134,-10.30878339701091,1.7924620594012681,0.9063099437015152,257.84967694502245,1.2555796287873653,0.00015931116168493628
28481,-3.5490276035734247,-5.16980082499763,1.3653693376543035,1.792912973425869,468.07069028216426,0.40677828988454845,0.00015931681361586506
28482,-1.2355065247482298,-7.198364465287221,1.7438859084831375,0.7610970884441635,156.82470433785622,0.1917432649906674,0.0001593493712826466
28483,-1.0259808484256272,-11.641366803546182,4.079367419547797,1.0833571306748278,250.30208730457193,0.2232182699107108,0.0001593534349184144
28484,-7.864354876956973,-12.691724933620542,2.8195972797868327,1.8433290168538872,469.2886741558691,0.13969651366281433,0.00015935691868484538
28485,-6.874071149483507,-12.60082508191971,4.391546993270747,1.1014383265451528,467.43102094899405,0.6492745519495662,0.0001593629504872483
28486,-0.11291251109575562,-7.439665101987427,3.3882719904694945,0.9991795435075196,263.8756021117271,1.5014840361577422,0.0001593668149872187
28487,-0.840091772303662,-11.595536490312238,4.0819271052566695,2.028819929624739,403.94719097568344,1.3269970027543305,0.00015938793708297026
28488,-0.9217260826690037,-8.22133045631512,0.8370795406576997,1.707058012601898,467.90246116935475,0.894184972421785,0.00015939117627069495
28489,-3.6178089917984195,-11.736333333550576,4.724928799466726,0.865566397929356,273.95268348695373,0.49330301378233,0.0001594070657085631
28490,-2.1333972442691636,-12.052394972906177,0.0889787870526559,1.6759114843606744,395.6051085439985,0.8316617017554924,0.00015942772051221835
28491,-3.570301330320982,-6.8152396120940555,0.0071199458550423485,0.5150025673947639,111.95691606733051,0.3458089917305349,0.00015944504215152536
28492,-0.38567066131084005,-12.962063957564144,3.9986316299432962,5.055145155333551,464.65493064457445,0.007297227232718306,0.00015945110719587302
28493,-6.453222585421116,-11.101519310565985,4.8281133648869865,1.898920183407713,467.58610422642926,0.345613982530975,0.00015945535820190647
28494,-1.3798874800042942,-8.702184388485602,0.5801360087226126,1.156445226181334,297.5660733479605,1.933118023492482,0.00015946665363329382
28495,-4.145507154109937,-5.15983359203152,3.95034449403201,1.9369438266780103,392.9832039696927,1.2919629014621403,0.00015948467030699586
28496,-0.323246928875605,-8.277959722834304,0.7657287595723099,1.227599543248468,392.3305474313906,0.20450027066008136,0.00015951728395565827
28497,-3.473197545578806,-5.356277039094665,4.156972996022378,1.1336744926798472,467.55179905547385,0.21049821681700998,0.0001595174886491739
28498,-8.16303432178499,-10.641334408815677,2.167542864954107,1.1372396853535616,291.4021010482923,0.78692835450543,0.00015952166233535993
28499,-1.4834298269932003,-12.141145040708972,0.08618445843533543,2.529096985320677,457.4918035781795,1.4028121921828287,0.00015954008032351288
28500,-1.4994701394835719,-10.218668265584236,0.1928965521761131,0.8003153097861059,161.39664461203407,0.8666747059228381,0.00015955508611053987
28501,-2.1327850200390035,-6.9335607099684085,2.7092020632556664,0.9626784773806195,267.5881004701902,1.8116781292827433,0.00015957332273130843
28502,-2.3762661971963475,-10.735916482988827,0.13307315295167485,0.9840574553385282,273.47386186208104,1.4352116445385734,0.0001595833118055987
28503,-0.19049158167258895,-6.839301222795311,2.6248876902953926,1.8252564522772243,437.26024673222526,0.325582319087931,0.00015959804682109087
28504,-3.526557744347338,-11.90768171950394,4.698345745835378,1.7501046110786824,413.3019289911774,0.5357015273079879,0.0001596021504132003
28505,-2.052043004446772,-6.8016694587936115,2.6499235960327074,1.7774214941291298,470.3943859051581,0.020362648788982973,0.00015961999134123637
28506,-3.636869267710571,-6.7940537860864065,0.04190948416570436,1.5800751134984703,367.26564667371684,0.272552013223188,0.00015962647818536043
28507,-1.8623735822516778,-8.987828750243686,0.4266775809862308,1.0849360861728168,274.88651948027893,0.18198700933722822,0.00015963654817437468
28508,-4.505680751309123,-5.447147019632324,4.619563245797314,2.7860723712077298,456.11577139982734,0.37552478362835906,0.0001596573102994593
28509,-2.0797361173182995,-11.068985508065007,4.119700886354021,1.3140322169019296,324.0487336632738,0.39826158709478765,0.00015966297582075445
28510,-3.840994734422414,-5.114409898459022,3.740019898173737,0.6656283706119915,196.96987952020456,0.9331813987532644,0.00015966558745491135
28511,-6.049031808564243,-11.382869988553654,4.82647354916751,1.1498384955600052,295.1105340948343,1.2293761864474186,0.00015967041642446972
28512,-0.2940976513597029,-7.250795792620026,3.2196238018261987,2.032791563478738,398.3652172824847,0.8191986021602302,0.00015969678926102754
28513,-2.1173060282882936,-10.670186112632589,0.15800915131102705,1.206948037207398,299.8675330139606,0.6980476231981054,0.00015971014325579132
28514,-4.751175567953302,-11.636763999331315,4.764365469913317,0.9322513423370881,468.02962608860497,0.5956029721499236,0.00015971600437556503
28515,-1.4788061841677518,-6.990393950907131,2.8314703187881847,0.9992821380085956,275.853846782042,1.5615793589441456,0.00015971905502791637
28516,-0.19621140761945455,-7.543664501856357,3.5278515919127615,0.8215909078432891,468.21900652697246,0.14661403172380627,0.0001597216482142167
28517,-0.42128118052890073,-7.58626954733656,1.2802848555297288,2.3178650299263968,438.9021801493923,1.9829564283805245,0.00015973739568063503
28518,-0.3643663860288502,-8.74055028077748,4.226360783865956,1.3973035202650805,308.30259411765945,0.7157103091003272,0.00015975332696732553
28519,-4.316513993345595,-5.122257162435971,4.141410601632717,1.041122370410494,280.82773903664594,1.537358015656885,0.00015979430717671895
28520,-0.24555878265271325,-10.27789698941093,0.1948865250786791,1.0954141813514104,467.7193014653674,0.812234956803068,0.0001598175011447773
28521,-1.2165961897847861,-7.590321361534371,3.5681252119886118,1.74884069918907,370.8529294738177,0.5649095516806115,0.00015982088256534394
28522,-0.1778034730072502,-7.232321598431864,3.1719844503848065,1.7753348656983927,467.3654755348425,0.05123877153804646,0.00015982151791489504
28523,-0.9589778729709142,-12.019773765914623,4.055185594933677,1.1691884110331017,467.68589810771607,0.3815644212102276,0.00015982727134295814
28524,-0.6570503543372332,-11.864709525693598,4.06267037369857,1.0390843108928405,246.46356591724154,0.5076070593917077,0.00015983707528874485
28525,-0.7134057958053592,-9.32506969197932,0.3130603299449001,0.8830735182398354,468.37389813128254,0.8378477914400841,0.0001598635511835397
28526,-1.7190661940517291,-9.366669847339574,4.263955629844937,1.3154217993354445,325.8319713160942,0.38074590900062955,0.00015986812064683534
28527,-0.9374938621697915,-7.397625635042478,1.5801275334844032,0.9958935926648728,213.31203156432483,0.5279683226361813,0.0001598701285674557
28528,-1.0039660660689513,-7.372284469997969,1.5428129864215265,1.0527704504262734,275.72673023939154,1.3338669696437444,0.00015987249523839308
28529,-0.24731767379340575,-11.399980790574903,4.091319202170886,1.2064787242486747,256.06743977444995,0.05574213266607586,0.00015987307530021666
28530,-0.49950572733738774,-8.377798456419844,4.113034636221553,1.18181839133813,467.3887962332335,0.2994916686600453,0.00015989378126155318
28531,-0.7499179208240818,-6.792115843316453,2.3516320343933206,1.5213651672821813,350.69624928774294,0.9215693820545772,0.00015990025091735312
28532,-2.297200284387573,-7.034933497121108,1.110236468141076,0.8675107489736014,228.3229976430666,1.079683565581214,0.00015991141361004933
28533,-3.476330539887811,-5.088730310223249,1.4963950830558046,1.2133588330591976,254.2072115049104,0.8155557865638023,0.0001599178535595843
28534,-2.5337736790390206,-7.361506765662914,4.369010073729113,1.4427819294463025,467.82467228916005,0.35138301575107533,0.00015991921075778358
28535,-1.0811741010725058,-11.576188429908878,4.078675298929873,2.580620780073689,465.3088721218787,2.3086152313110846,0.0001599356315393741
28536,-2.8966490226234543,-5.983886338942614,4.105397174857206,1.8663148131409928,447.342989644341,0.5943851555969841,0.00015993780704869867
28537,-0.6836954815857261,-10.588216278458725,4.165567455246867,1.7426090937742635,237.0406553613432,0.04719466492594204,0.0001599428163676027
28538,-0.4988921046349919,-7.89946886286515,1.0406554338686231,1.9917737562877154,399.18567019870625,1.0255140885302643,0.00015994585182647138
28539,-0.7001830150838853,-7.13943560705965,3.034109767080559,1.5988534154976772,377.8186056980432,0.2762409917262785,0.00015995741043069276
28540,-4.705718714993317,-5.082410448170673,4.262037707535165,7.185432269991631,711.0304481510201,0.34570913016478144,0.00015995847677067147
28541,-1.4196282557191822,-7.5093695050856875,3.464713475327251,1.1103447932926735,285.91191016932305,1.595277599883321,0.0001599636324944515
28542,-0.9387226314867263,-6.868422397230443,2.583324783951049,1.6162016495159992,375.4166525289096,0.7079499944954382,0.00015997138332708548
28543,-0.7875599172926879,-7.144367496454588,1.9055432183847572,1.7889171508734056,464.2856076988432,0.10244950566991395,0.00015997363647373645
28544,-0.5352780393656271,-7.472421091179112,3.396412568924777,0.8296301373832102,184.53988181156237,0.40287627563382244,0.00015998147399739132
28545,-0.43040512931811925,-11.686022937343196,4.071379401900273,1.6898346080884004,397.66649966827174,0.6572196651656386,0.0001599984051013253
28546,-2.268446637966819,-6.636128159973418,2.5240579164101034,1.8300805939453528,468.431853272414,0.6716510883614966,0.0001600006589694441
28547,-2.137680868045093,-7.019967848052011,2.0901258633337823,1.3737661191601753,468.13765641688786,0.5511187661429906,0.0001600354853965151
28548,-1.8898520332550248,-8.232089710237252,4.018407597831653,0.8462501039325191,467.85227097172304,0.2128828765328068,0.00016004075087011272
28549,-1.6357473046707955,-6.956802535909264,2.8577041424288026,1.647497476607585,468.55262804653825,0.3251667475005249,0.00016004175635342125
28550,-2.0965228559014975,-12.037639816922642,4.0523427195756625,0.8659461149337382,203.05594476832593,0.46342888789250214,0.00016004436285515302
28551,-1.050077482835711,-6.964771145324266,2.8117866997937124,0.7408191987799656,150.87564457275386,0.10450988627105229,0.00016004847842413365
28552,-1.1804059175966728,-12.317565734723257,4.0228651062333975,1.0316795757674861,281.5949482883965,1.2464629151257745,0.0001600505518942094
28553,-0.6535732849380249,-7.151218411292499,1.9022093629207746,0.9857386931970623,257.8280353569355,1.1790810464181893,0.0001600671462595435
28554,-0.942255955344697,-8.051000449802,0.9088724049718535,1.7521159374659443,367.1606287013889,0.8573437787235028,0.00016007297439308226
28555,-0.5040401615155314,-7.208762418969836,3.1420670155372763,1.004277412825145,468.3783814529563,0.5105041462639175,0.00016007491186502133
28556,-4.112124666010225,-5.967558758505747,0.500513645780244,0.8899598848096317,250.6347801827217,1.1038365233473089,0.00016008937376273962
28557,-3.0664551594844163,-5.1040389969469935,1.252608755488451,1.7494849425025338,430.09751792661956,0.237327408723627,0.00016009428526141017
28558,-3.1595126802324733,-5.049880257324989,3.164775494605712,1.4342677557131742,320.79061654722585,0.03244444003602087,0.00016010651525371285
28559,-2.4573152967434844,-6.684875600880913,2.3416150098148583,6.69544688910926,345.0033998141565,0.2662631738007981,0.0001601083053182751
28560,-0.012168312051560548,-11.600448978381745,4.075535579292717,1.1267423542555173,468.598679145265,0.1878641617970649,0.00016013055744471723
28561,-1.9222658639542374,-9.699003709926185,0.25998659611190356,0.9258479830946275,242.5752256520387,0.8739317302248955,0.0001601309775456988
28562,-1.9607872528739012,-9.43607433274363,4.251884614370055,1.7443347675963397,369.9053171947831,1.2625310332273436,0.00016013754929652935
28563,-1.5726391727354532,-7.893239130588961,1.0256080574678383,1.2494931132876401,255.85927877956135,0.14346718683379134,0.00016014064281349378
28564,-2.47902495947878,-8.054825332668216,4.8094030672170165,1.2752469010452023,297.45827436484814,0.35950518896799455,0.00016014577179436214
28565,-0.3172814645300086,-8.240491211141315,0.8422120118435574,1.8613533047693551,468.36053700605055,0.5214772454573904,0.00016014856251136178
28566,-2.2047764240454075,-6.88868821599875,2.586317838452515,5.168815147194639,629.3497624298946,0.4628114713046969,0.00016015791914672818
28567,-0.17599688971993466,-11.154579919985274,0.10807408842323751,2.3719384797110905,433.6426690065974,0.834725877015809,0.00016016338366911916
28568,-1.734160241874367,-7.29922042277643,3.276582319383107,1.0257642099940536,277.24579228489614,1.6642732356128098,0.00016016589294458043
28569,-1.1274540776213975,-8.980549716190644,0.45529573499849363,0.5296516187160651,151.70961382404684,1.0926223018415397,0.00016017060493054205
28570,-1.1447206084051569,-10.678076798148997,0.12747872891083517,0.5906606098837506,120.89682067508518,0.40968641140117956,0.00016017570033666198
28571,-7.958288550862779,-10.378132012735797,3.3375678803469153,0.9516041304466367,259.3751133642177,0.21656848650950522,0.0001601810609890224
28572,-1.789010057804255,-7.428000238219647,3.381607620094926,0.8093327979702418,230.42731822619993,0.4184773377915141,0.00016018208110899136
28573,-2.3407902820462017,-8.192047031637806,4.112011138694918,5.113574198515081,630.7932735763346,0.7736706335611911,0.00016019462915223352
28574,-0.4339448913764734,-8.970064998785535,4.250660436531977,1.2125238071495859,363.015396059038,0.22049637745936046,0.00016020039065581582
28575,-0.2359341126742791,-10.42602807235546,4.1813865247350215,0.7236860503751349,150.43893286059338,0.05869191040573174,0.0001602129006655995
28576,-4.764513506469812,-5.749393941115218,0.43116060490997504,0.9951691372447099,209.42866747730523,0.0732354926024481,0.00016021824199495075
28577,-5.648558723253777,-11.67289340099768,4.7793294186788735,4.522216183075828,378.9091182541018,0.11432774466026974,0.0001602320515622847
28578,-2.8822334980948296,-5.517071664098352,1.064455513645727,1.6120465128851438,468.79651150100995,0.320866786891016,0.00016023298498478127
28579,-3.2630275145700303,-5.87209771934572,4.851424019901433,6.50963545105398,543.5648073908047,0.03390815955663662,0.0001602457078550476
28580,-1.2351933915002142,-12.418525078469404,4.0127398970285695,1.0195460326265144,270.55852428563935,0.9719222672513235,0.00016024721276734159
28581,-0.314696173487528,-6.791197266832449,2.5297331018908853,1.4119443928128994,468.0205958149396,0.4403495962245563,0.00016025104506206894
28582,-7.386843370932735,-12.412924869564339,0.2029064329053468,1.6362098189275256,377.3315014821736,0.10162718625844125,0.00016026554283886298
28583,-2.1708218115887457,-8.603288333810694,0.5971506525626673,1.7186823971408798,430.5278439842487,0.6033113130580343,0.00016026875342796363
28584,-1.0967198867004377,-10.917546199703665,4.129069081999047,2.5627027132077282,255.97698076387078,0.15472660975511054,0.00016027236542506893
28585,-7.941829442731983,-11.67395646007352,1.1172687467183489,1.1561284200115167,299.5537631579251,0.6440455796260611,0.00016027309988102142
28586,-1.3723091881267901,-9.867209735669352,4.2330268869749,1.5662379414801246,370.53060777254206,0.5366754941121785,0.0001602733526490538
28587,-9.519421980627548,-7.13454274855617,4.583863219261827,1.011213752007945,201.01718283107533,1.1271424495964038,0.00016028177750062453
28588,-2.345324927175235,-7.032608752440375,1.5905903348717723,1.1730207152942755,298.4119197886957,0.4775507047581309,0.00016029033125528983
28589,-5.097461526449941,-5.4883612828731145,5.137219156837841,1.350340205418485,303.65679818933745,0.2956224637075344,0.00016029962263550615
28590,-0.20800517924194573,-8.5892318981161,4.185936737908955,1.8830656683808837,466.6997736524588,0.09409464613980312,0.0001603031513894293
28591,-1.3949869269938553,-7.508396645340313,1.429360003307652,0.8715468517168055,181.10109214032448,0.048868584626701406,0.0001603070424575738
28592,-1.03973573422099,-10.795175347369302,0.10503201671009546,1.8775066784376333,453.37414448231254,0.1706625828088031,0.0001603206777808082
28593,-1.4552999155780064,-8.35337372880838,0.747825522296481,2.0359148930826465,406.475058479418,1.4803446168413208,0.00016033914734983295
28594,-1.766885997873887,-10.402546772207383,0.13283120389918524,19.584434641866952,529.9433122235587,0.14380411287336514,0.00016034623444797794
28595,-2.5200278364416793,-6.576090924952664,2.820594249220368,0.8273488746903686,469.9263962400941,0.22958403514850367,0.00016036939345703626
28596,-0.4205509290888223,-7.360210806529977,1.5627686865100296,0.9826279260608076,264.51018555442295,0.6707469422967547,0.00016037207577416544
28597,-9.229732713677981,-7.958268628159447,1.379577894662267,1.7809243712847138,467.7461586457062,0.44846283884659055,0.00016040740771214058
28598,-1.3639000674494923,-7.606610522022251,1.2951736885179508,2.9419241688851243,487.7948093608458,0.8571262506902757,0.0001604098682223245
28599,-4.605478084065929,-6.477558637745748,0.06752680915324534,1.4205961881693507,311.49646440203,0.7559527305525569,0.00016041122724794535
28600,-1.231633196325145,-8.424861506660193,0.724507178958565,1.7893985023574577,467.65767433857314,0.8946722092631445,0.0001604131620302196
28601,-0.15166198419401944,-11.735249760918737,4.065066086269468,1.1488726711980055,295.5144711367317,0.9112186176428319,0.00016041672064511891
28602,-2.1542328629403693,-9.25216996532341,0.373737782405293,1.4695533572453694,345.02564704023274,1.159749067398633,0.00016042479072073546
28603,-0.3114844751102712,-6.898649881485771,2.4901854714708507,0.9228162759810883,182.52922076895476,0.3860422551114473,0.0001604348753431186
28604,-4.32695681984756,-5.933935589940599,0.4719108123335966,1.331366619900705,358.3859510179674,0.4181677653965483,0.00016043553805508015
28605,-0.21179352007445296,-7.6058740081479455,3.5738444747934803,1.0506983713395015,467.94653497690047,0.44470424575529144,0.00016044728321816973
28606,-0.201441258837896,-6.901001940162938,2.5968972887819195,1.8802477246550315,466.4745160479938,0.09143087011106044,0.00016045025857550172
28607,-1.0318476358089477,-10.690479155450237,4.150682086269204,10.110806419103872,768.0163490497453,0.26805856517786264,0.0001604525549323169
28608,-4.494015002074544,-12.066373431814709,4.690474731865817,1.0934268977157688,274.2685967795214,0.3092401920265857,0.00016045781621940389
28609,-2.0309701306768897,-7.758626696775232,1.151947035506579,1.7959793900462773,427.27431069477757,0.3693049969403548,0.0001604717782340798
28610,-9.62926556244247,-6.52243911546961,4.811486571512712,1.8438170365593265,442.40224468905427,0.5440948348823689,0.00016048213120983408
28611,-2.0682706212196065,-7.53508046347741,1.1988533818392764,1.4129979959838788,322.5695437329901,0.5218138165029602,0.00016049246705581309
28612,-0.7371421862821332,-7.323274753347746,1.6304540024461933,2.2127753017304395,429.13445437335685,2.2732453835759747,0.0001605006466470704
28613,-0.661061260361711,-7.161105242055879,3.042963923649464,2.2934828463655794,430.68358198586776,1.1496404089631769,0.00016050454951736586
28614,-0.9454325673259696,-7.8543057163850545,3.7297533500683437,2.9990542167154772,500.48254877576215,1.8150891024263016,0.00016053679196763052
28615,-1.8638164917719156,-7.241370675331445,1.805253137180684,0.772295114517847,469.39615033889845,0.20673126109436346,0.00016055334067999622
28616,-0.9259477891867469,-7.20621606975944,1.9468302682294547,1.106007375212936,221.54661072703487,0.7829098160455414,0.0001605620633911968
28617,-0.9522046622595024,-7.403608726074985,1.576751128305718,1.3978102372698593,468.0024480791245,0.3350543805872892,0.0001605660356129392
28618,-0.5571456712174712,-7.4754592635515795,3.449372731013426,1.1159476963947481,466.97952508433923,0.6282126888828232,0.00016056856404797444
28619,-0.5470307919872308,-9.223922100020934,4.2592592345816,1.0576564864086566,273.8001878490189,1.7734686645025661,0.00016056926484657946
28620,-0.674175582766992,-7.928400647347672,0.9884446333950068,2.746612951460811,479.2046554816982,1.916123946371127,0.0001605969087968912
28621,-1.1125802691878448,-10.59932917307178,4.159171912053544,0.9653431851771391,225.0692057665201,0.062255301321712864,0.00016062103315318195
28622,-1.1527037793692347,-7.026418921352017,2.083727611497483,1.8841399743783638,468.37905526565265,0.4772677122238784,0.00016063371865227883
28623,-1.2168832445787086,-7.517445911265196,3.411630523040801,0.7816885319098464,406.3310508676776,0.191479170424679,0.00016063403031763964
28624,-6.80223527835037,-12.804782004765652,4.421847340173244,1.044081435574391,279.7966425714665,0.31772043872623534,0.00016066411278027777
28625,-1.4911339261890095,-7.245722442158975,1.8197595333025973,1.0227870426148793,277.4085137871408,0.5429639675124145,0.00016068227396081109
28626,-2.2496266344227953,-8.32192011244403,4.120409756686633,1.171555521673856,256.6032312563684,0.004751769969485231,0.00016070494060252603
28627,-1.8880117170739545,-7.188320493259069,3.1169802708620664,0.936103890526537,189.21614214431963,0.8903170867701515,0.00016071744921948393
28628,-9.755855256476627,-7.518163289608943,2.033505806141205,1.176839105342051,290.8582096692362,1.5008166107846614,0.0001607444657690322
28629,-0.5541953963454187,-6.970681108939378,2.8584809905492574,0.6650428173220265,139.62827187628199,0.9842803345299531,0.00016075225799091965
28630,-5.098515015026041,-11.528850633993494,4.791694964530777,1.7496818948067938,441.02344569275743,0.6074432149354285,0.00016075844873630627
28631,-4.504045801111534,-5.816213424621282,5.170834316571868,0.9915977809936942,269.94079895509856,0.27441467899055105,0.0001607640342978109
28632,-1.6551350749165792,-7.5291593359042555,1.4979050175046957,1.4924971282025477,336.0175934671923,0.8321019040595177,0.0001607758809032299
28633,-1.591804339765952,-12.657624739666955,3.9943404442153145,3.5767577981486482,535.9786739627949,0.7300144168251865,0.00016078022759006953
28634,-3.852693547989076,-5.40565445336411,0.9320781652525036,1.8562048227872907,468.0076241793267,0.6224418096170901,0.00016078052249120586
28635,-9.984855664461252,-5.796027254573883,4.361998255632942,1.0906028641891152,157.5315312956672,0.21696504204259437,0.00016078476159089286
28636,-0.08875805053815888,-7.296572970888912,1.669842623934213,1.6426507902095817,384.5425870644291,0.10642748671658975,0.0001607976841858878
28637,-1.355707233939654,-6.953530362293087,2.776461831663524,1.5380998578074359,350.1637875378346,0.9649313007412115,0.00016079970576076682
28638,-0.6660711920020379,-7.200371311034564,1.7835799084743411,1.5766626024046346,359.548523330002,0.08842793044360864,0.0001608070294306299
28639,-2.045830093557594,-10.176107229917289,4.191944634815964,1.1669494387347104,302.58021504186854,1.730957393083279,0.00016081736932678408
28640,-0.2463420674342398,-12.607254835839072,3.995489470138872,1.0194219689293484,467.5686951662063,0.07305784053011788,0.0001608179890251069
28641,-1.9427611803977491,-9.01667758746955,4.317575939056409,1.4944436894106294,468.7185422175903,0.8260172078106729,0.00016082002986895556
28642,-0.14897929592298276,-11.15641064183345,4.102827830295085,0.9771839604899306,468.02695814321805,0.9418843271124109,0.00016083326101716216
28643,-1.8147906387570227,-10.072213709914248,4.230855983454762,1.1026524452948605,468.0862998146453,0.722887417086354,0.00016085268567747496
28644,-1.2306241786192693,-7.646023574551695,1.3933166921248858,0.9197054427203123,468.5914328533383,0.4646588538375944,0.0001608529589731274
28645,-0.15756802068190368,-11.418600548388191,0.10188536000587284,1.7214702252426648,467.5390625600707,0.16130572563857903,0.00016085586627012947
28646,-1.9795503749602332,-12.07866745215899,4.04366878503688,0.9580620294245067,460.9630035836129,0.42307208935682095,0.00016086616111368957
28647,-2.5143393661866202,-7.294953219964311,0.47588777309504754,1.2489548281914555,297.9819734440201,0.29576700128353917,0.00016087555676044994
28648,-0.08245755494016116,-11.993142653588693,4.047574397181476,2.1477031783038933,390.0343237365648,0.33169195926852346,0.0001608837266936398
28649,-1.4841815379847727,-10.832773840517538,4.132495471853145,0.7480441301751352,143.3812568929353,0.19502876844571215,0.00016090039338006852
28650,-0.480716844440062,-6.767773444224348,2.2895872057477598,1.1868244405478545,247.81334019539264,0.10106602145347043,0.00016091499105371981
28651,-2.254469372006671,-6.73307712043177,2.1976208587865775,1.5826418502657307,363.4912943900508,0.06273643244330884,0.00016096373884753995
28652,-1.2911589224010651,-11.091058278458373,0.12344159295891341,0.9080727729068462,467.26574071658746,0.6182714544819614,0.0001609826515630372
28653,-7.99838640237157,-11.289429982005167,1.3170521970559097,1.15816723509593,275.7076676906039,0.3919999715268503,0.0001610176958478812
28654,-0.4491341738799939,-10.463214624131188,4.171160070090098,2.3407738703201644,442.0155861165135,2.238245257887585,0.0001610219814916824
28655,-7.449051899868005,-10.507805261743588,4.255470626638998,1.1198253500462994,277.4402381923707,1.4679669512161135,0.0001610491020940067
28656,-7.703385392170588,-9.718716809440851,4.39984048608522,1.7142231835133868,403.3053261829439,0.010454602130053559,0.00016107586946276773
28657,-3.812479118833294,-5.156522422425615,1.3928421565218239,1.2027483493558102,251.4076294271443,0.34866794705334403,0.00016109251448689178
28658,-0.4396843243315516,-7.240254578275334,1.7471691291528164,1.6706750637975925,361.51659108820274,1.3805023224823207,0.00016111405713125444
28659,-5.257378742750537,-5.089075780475785,4.967861901939555,1.944076921289586,398.91056136972287,2.0652922164194782,0.00016112170578473815
28660,-0.48433288009931985,-12.536408842722079,4.014674717258277,1.0507079243802122,232.45338633565197,0.12193999447905934,0.00016112269072021503
28661,-2.5139556162330994,-6.469822942009401,1.782648915656183,1.2631555912253092,305.59188775330756,1.268862663051065,0.00016112381699955289
28662,-6.205946076061404,-10.956263302818952,4.9246317701347175,1.6680121734751847,468.7209739707993,0.24770509278962916,0.00016115139409981187
28663,-0.5746530563760945,-7.637430002126919,3.592324080188775,1.6779407528966466,391.9512039397398,0.3096669599735655,0.00016116879832977623
28664,-1.3422583801140924,-12.077697761257738,4.041129962847104,7.9105983748814594,349.2664718941205,0.22070181267994737,0.0001611903281484405
28665,-2.048396939121897,-11.34585788039878,4.084434842458722,0.8151104392848134,313.95181726652265,0.08231855434868596,0.0001612035977238714
28666,-0.22801332130119079,-6.745863678940619,2.405271809817543,0.9646977473663592,466.4673012252285,0.35777054492800087,0.00016121378211934883
28667,-0.5627070169958497,-8.313980225891346,4.072958062776828,0.8678864179479975,465.3581643463291,0.6709007549127612,0.0001612299331240549
28668,-1.3733620431805758,-10.568713227486839,4.157851447041697,1.0332921584224317,449.73930741305884,0.7344868649776606,0.00016123365820243534
28669,-2.0645433350748217,-7.191213185250694,3.1105373615584315,1.8604432153870942,470.0492096031414,0.016035474232906743,0.00016123963086989049
28670,-7.731514519681838,-12.062583275886785,3.281398876135266,0.8264370426051404,182.51051268781586,0.654324345090127,0.0001612428142655134
28671,-1.8673876574118893,-8.463305736183468,4.136104474249006,0.8193040696960909,467.48187842981645,0.1326392405376522,0.00016124622484608392
28672,-1.2470665508607954,-8.649208647104242,0.6178119562033467,1.132948243374538,235.45552938745269,0.021402092257463146,0.00016124723903670387
28673,-9.459099238351449,-6.546064340912795,5.060409772881022,1.2243206849006192,286.77810455643026,0.24583186990265826,0.00016124943850407254
28674,-0.31578527745011264,-8.264788185216608,0.8084814310535812,1.6231102596370703,379.74763210499566,0.8454582536243453,0.0001612498913303217
28675,-2.253974571900259,-8.611502290574036,4.171440604819403,2.6752340809330883,468.9407248413227,0.322295025854614,0.00016126680406593292
28676,-0.10220853026323518,-9.775827070280396,4.209667599946619,0.43435857853936183,111.95302109211008,0.07153930607541614,0.00016127054353630275
28677,-2.565708854121727,-6.236886198929605,2.034777229934962,1.6260771842965058,468.80272821278663,0.5646008215778142,0.00016127389579333572
28678,-0.37288023641280255,-8.257230213941853,0.8166008872617807,0.9191443044804416,237.75728927433573,0.9719059072338325,0.00016128639465643867
28679,-1.4150319131263025,-11.7110138936859,4.026153816039642,0.858407736608578,468.33510055823723,0.5117168042945242,0.00016129962007084775
28680,-0.0302433100035433,-9.752474525692984,4.244454410238922,2.622152861048705,455.4026715260351,0.7010037108069191,0.00016131781169796946
28681,-2.8282508406144347,-6.212112977356736,4.215483015011862,1.2024192808198078,468.24016577435333,0.2914286114756086,0.00016132745130134654
28682,-1.217987841655324,-7.943960707220743,3.8198766232408334,0.8606208582276994,221.98876292717156,0.14483139767738695,0.00016134044902895166
28683,-3.946207557976642,-5.385503802255519,0.9271002895834066,0.9750798717823024,271.07280098045953,1.290571593275991,0.00016134654349757123
28684,-1.8289730883834245,-7.445261735990527,1.616815643321893,0.8982026436371827,468.39540845041586,0.46282022591546745,0.00016136466471381673
28685,-1.0798580014638794,-7.54039533457706,1.4989056813921902,2.50391962215624,458.6169990898869,2.5019147752896087,0.00016136891446657812
28686,-2.2529043830093975,-6.928565940523034,2.1712794619238975,0.6780002808963964,130.65656808549116,0.14278240891689542,0.0001613699148953776
28687,-2.3393490868404,-6.9986376452382,1.360518839402022,1.8866142982409702,469.37456554713407,0.0027111818073084493,0.00016138757850881074
28688,-3.379029929639847,-11.123383215874803,4.853150320381239,1.80228282251949,431.0258735977748,0.752540846058201,0.00016138969208575438
28689,-1.0923660695034432,-7.624833350946972,1.2249345866163737,1.0100248607329356,259.1791477112752,0.8770205046368593,0.00016140544125035664
28690,-2.254613439686173,-7.134861310894722,2.948741492547075,0.9983947672362052,266.03787429781687,1.6118169984050983,0.00016141233203659553
28691,-0.6799870319320949,-8.875461364218395,0.5219849495601881,0.9527219133199739,467.09970579510315,0.6144437736242443,0.00016144484061789545
28692,-7.0917596355341335,-11.936666380279933,4.2759235188296385,1.1116023707531013,287.65246631769776,1.4158978258810189,0.00016144782732115158
28693,-0.7544661691378955,-11.528004212214265,4.069459858314845,4.193446057031663,559.7829910448131,0.25885814101605575,0.00016145386912583252
28694,-2.2036563386945085,-11.933024687204544,4.08791395085372,1.4769849158047264,340.4322187654511,0.9466741221562467,0.00016147755327568995
28695,-0.9043491780307438,-8.313150354734972,0.7795653758453246,1.676301819876091,468.02366771661355,0.4398532310186809,0.00016148939810437253
28696,-1.4856374390856182,-6.920623295833575,2.7463874261189845,0.49483687069965,138.62661833707406,0.9089964232163519,0.00016149415299862203
28697,-0.608167768563991,-6.995556080933713,2.7160663156120592,1.1153622226130306,287.6375740671091,0.4965685957107171,0.00016149986613946642
28698,-2.413587762470727,-6.920193046530484,2.5632780459644215,1.2363197924833658,284.18493825439845,0.1207626850723118,0.000161517058220993
28699,-1.5151900387607125,-8.396241278177758,4.107181617926858,1.0538738742538483,282.7167223329788,1.0582304300952172,0.0001615237616493064
28700,-4.141252044870038,-5.865282609621858,5.109117000798019,0.8134649649854137,158.13338324613272,0.1487576370976127,0.0001615376519120401
28701,-0.9594216860610985,-11.189830416465917,0.09295291474051662,1.177241746629927,468.637479486129,0.46255481506065266,0.000161540610967635
28702,-0.769657170541759,-7.022323855651474,2.8885057046475477,7.754811383529199,733.1584640836929,0.3828277061887464,0.00016155234426620173
28703,-1.24842838527114,-12.155512763815844,4.011076833010118,0.8958180254094128,208.41336659162852,0.43824158389068746,0.0001615586013066593
28704,-1.2232876528322336,-6.97146129081965,2.7796215340533688,1.2566060429231811,315.51192736773817,0.48317063550005646,0.00016156266835448742
28705,-0.25788134037202326,-9.67383537367063,4.23844940125108,0.7742628750781222,467.5407438494789,0.2799931705374181,0.00016156609822349854
28706,-0.3364098566198521,-6.749996348053079,2.390728449974923,1.3172751165092187,311.4103248287357,0.18018035994178927,0.00016156615637135662
28707,-7.585458846439925,-9.716342288131008,0.1973803734239777,18.133981652467586,531.7513004966881,0.16007888477658305,0.00016160572919901803
28708,-0.2725903759068302,-6.976075254814733,2.710705330639823,0.7713066818645258,173.825257037767,0.9903196044944833,0.00016160759150840153
28709,-1.808123674578571,-7.879051852600291,3.7703982112820227,0.8894168542751618,468.95871738208854,0.01276923248631423,0.0001616242390320905
28710,-0.8144821905559017,-12.06310795105683,3.9762912574814266,0.909630910686166,177.14452129038486,0.009132037449908204,0.00016163107520820866
28711,-3.877973244539051,-10.517169836518343,5.084400204745227,0.8571449500273327,207.1418432139688,0.7755054678782427,0.00016165269421517005
28712,-0.25657915833180134,-7.27007347739995,1.8105194802938087,1.8891520945097042,464.3720319123994,0.4381218939649303,0.0001616550341803158
28713,-0.10466721104777399,-10.482886285124465,0.19857868497648198,1.066062293729674,262.3977046660289,0.2765984666372061,0.00016166095415098722
28714,-0.6935873874678062,-9.506386666813485,4.245626543118075,1.3240340990290436,295.23074450455283,0.9100383217143788,0.00016166192024961778
28715,-4.146117085237354,-5.188020020984168,4.052974033907917,1.2577201654160557,168.83869558952438,0.20748577137627056,0.00016166315410957898
28716,-1.4320140774988506,-7.346838877341981,1.721017484746255,1.1111810135798434,265.9320144974193,1.151118741416969,0.00016167993530123248
28717,-0.8706047413828752,-9.353012206251087,0.3542037103116661,1.0618821984378883,258.3535553326487,1.4240448461549926,0.00016170166953279134
28718,-1.366995633074941,-8.697721835320912,0.594826822892141,1.9015973588191843,468.3921419768734,0.3579931745472793,0.00016170420222367355
28719,-0.06436191170374173,-7.505746812766332,1.306311920589244,3.6006750068694213,536.4898965679333,0.635558323524843,0.00016170622899316784
28720,-0.6708867302413086,-12.647130085107161,0.0924489551109836,1.5033000914209191,344.70069503094595,0.9737699927012917,0.00016170770612559815
28721,-0.39741545901042485,-11.644348942900727,4.059637096057374,1.8434270117708047,467.4611288987599,0.4243598084270177,0.00016172181682536958
28722,-2.2336914105218018,-7.273931022248666,1.3683301365659915,2.5210788818895535,449.5697530536705,0.3417133526134508,0.00016177028688673387
28723,-9.243687109084641,-8.253994011197909,2.65727297114352,1.1907584368809312,230.18922296295193,0.006324871639526997,0.00016178978600229436
28724,-1.482873867270234,-6.959709845363345,2.4983884245323145,1.1499630998242458,241.22629339702314,0.5719162522039438,0.0001618133452030077
28725,-1.69272152114333,-7.626551661056614,1.2878283410291038,3.866593668410138,555.5724175393141,0.6867418352233612,0.00016181388105505554
28726,-1.3988648983055878,-11.229890745891169,0.08890090028320574,0.9077463596589699,244.829119413723,1.1986142189637254,0.00016181478493922205
28727,-0.25768328818731234,-10.636297895173925,0.18315622609274082,1.0928882937251219,198.45038639424948,0.10698403586647931,0.0001618244496392794
28728,-4.632457046720244,-5.183160226008321,4.30677964171587,1.0384847088827283,277.78859928258817,1.8048549336565403,0.00016185553203719173
28729,-0.44144265519066117,-12.255524122882298,3.9788186473949825,1.1247408347360472,230.9777194477402,0.5004691463544075,0.00016186093530639911
28730,-1.096697786819977,-7.630942378392205,3.577677731910062,0.9885828994189668,273.63704154738537,1.4557802761162888,0.00016189661605529263
28731,-3.028710506017058,-5.897101434103485,4.328546206255905,0.8254511929130758,171.8778120502142,0.5182906246429946,0.00016191435848951426
28732,-9.807655216358002,-5.836109659978575,4.610895758752729,0.9149734732526391,467.896119282492,0.4116993514129943,0.00016191884119881153
28733,-2.3810909422915287,-6.838763103698524,2.405124126931697,1.7187464479208292,411.0870275638389,0.3664438740880547,0.0001619191139446835
28734,-2.079614253977125,-7.358895466116388,3.415016043556967,1.0141197667423891,468.3790041599538,0.5283903147437625,0.00016191991964597703
28735,-3.408672856927418,-5.048209796657491,1.4294960999038906,1.065504637588351,468.3734441827858,0.3293436220138988,0.00016192269429229233
28736,-1.2215174649220089,-12.14365105940693,4.002955643210999,1.2886984621730448,272.4769012919931,0.9406450790099603,0.0001619301244730242
28737,-1.7937973544863244,-12.579096962374061,4.032872258142653,3.5094109663729784,495.71706560618895,0.2115848574458612,0.00016193935472696758
28738,-1.246881412983461,-6.7597851290831334,2.3909808536989337,1.2601038025108682,313.4846940498357,0.30898773995385564,0.00016194108049587882
28739,-0.7068888287584905,-7.290376008248764,1.8423746277535944,0.6785594273850059,186.21767114510297,0.7590433842438937,0.00016194112431101287
28740,-1.6901857679714176,-7.2290845006818305,1.9603457244541453,1.0296779876168083,468.4777753699469,0.6542472374794981,0.00016195799834455856
28741,-0.5706354249966967,-12.11796842140183,0.10552136697470078,1.27898347090666,271.1801872372186,0.3160278470884421,0.0001619621332669149
28742,-1.2774893893545158,-7.940872108862386,1.0401418254125376,1.108312636492159,262.7780458396079,1.4362650494475107,0.00016197209248171605
28743,-0.5083129440653487,-12.89258958741126,3.9742073707447885,2.055241208393945,407.0817447304808,0.3375770248621075,0.0001619761848633808
28744,-0.6450914535597292,-10.120550628993207,0.2083020926216547,0.9775647181331016,468.7345678200226,0.5963616182270721,0.0001620079537939698
28745,-3.882882432511046,-6.190802440742486,0.4184605317247631,1.5345644677321642,467.7026597968171,0.09178064095391836,0.0001620191153807596
28746,-5.66419448572315,-10.51498602122373,5.132047868201634,1.056948866586481,284.8225526237637,1.348525166204877,0.0001620195233579725
28747,-1.733061435184334,-7.543355768500416,1.4539317419080335,0.9644274654460586,468.29576771817995,0.5416440838259167,0.0001620216304127086
28748,-2.390334865442875,-6.852610696302557,2.737296467488506,1.0976574674848931,283.8804611120998,1.7416464512523637,0.00016202523884768208
28749,-7.9798898954801665,-12.340238681064813,2.2658690589369175,0.9827519993878538,259.26511919670884,1.054613761247424,0.00016203262342754082
28750,-9.494358119832908,-7.95384697479785,2.862600317969542,2.987004345801222,498.91227919812843,1.6252367121814961,0.00016204289468224657
28751,-1.499661080935418,-11.97685458398593,4.038605778071523,0.6574000997956075,126.66763015006872,0.19952877909860245,0.00016204989629333983
28752,-8.717978453400988,-8.92553205908117,2.8240455628128696,4.255533940639016,472.6565659447727,0.05919252684804466,0.00016205332300133393
28753,-6.544854301412034,-12.970462688107052,4.53258169316237,2.3254273869575095,439.28734325145143,1.7731598364499597,0.00016205389018440183
28754,-0.7652748071761,-6.823836971289749,2.5053058159768837,1.548998769197755,467.84961290473166,0.3557921222833995,0.0001620650807270344
28755,-4.39378254985903,-12.734524061815103,4.622591765032334,0.8140489997758293,467.235639556054,0.050726784339455655,0.00016207898426959109
28756,-9.861301974730853,-5.61896793482412,4.523538329771938,1.5906808609673386,368.73148655161697,0.1963227552441671,0.0001620875641280324
28757,-3.8122206496545186,-11.377865166416107,4.7932861497353105,1.1105979201044416,468.0587402248558,0.8750595653665254,0.00016208790062679487
28758,-0.6385498145132811,-10.922623710976907,0.12991281449636308,2.388123187055651,433.7521776218618,0.7327260503340787,0.00016210178812182526
28759,-2.2927555925957313,-10.469038405781792,4.307724532035044,0.8281705552741976,232.15679402122402,0.16684804898115324,0.00016211314251333913
28760,-0.337255098692248,-11.945909617767116,0.11838067194290712,0.9669073631456894,266.45795381768437,1.4108775144268675,0.00016211688426475375
28761,-0.5074539374882328,-7.914837000550307,3.7909720114325927,1.0894051034615324,221.19558282241366,0.4720631533725008,0.0001621443629356247
28762,-1.533101687570877,-10.932811051721508,0.12185337356476532,1.1337174870919615,296.5094548211783,0.8297870119455055,0.00016216358885143847
28763,-4.243855650486054,-5.045411906007778,4.005499980431946,0.9065690600574616,468.374285013421,0.5503876092785855,0.00016216735287374035
28764,-1.1767369690285818,-7.542632556797732,1.4254023173905552,1.3597750189938769,328.65115923059415,0.267842993607303,0.00016217529278961842
28765,-4.791672924034783,-5.49323107042479,4.801910093273691,0.6187672697289589,132.19307161650687,0.09744013803604012,0.00016218626521204583
28766,-8.867759008866976,-8.69566291991863,2.8550382707436377,1.5915760764658546,152.6938930783144,0.38586209429910934,0.00016219620552375782
28767,-0.5583283724391315,-7.009709063825427,2.713702902826882,1.8588619087630311,470.4405364740138,0.2267662406296873,0.00016220448844210699
28768,-5.581679248351252,-10.842373850965906,4.99186527437146,1.2716304838020354,315.5656170403738,0.5318332565304589,0.00016220996788923896
28769,-2.040744946097595,-10.845657052762254,4.120735720651619,1.6480737093718527,468.8640543271342,0.6053917250412786,0.0001622255576427793
28770,-2.7043011573326883,-6.02114021850017,1.5565460580808077,1.0036723759316222,235.03500822775513,0.435109210211877,0.00016222807063303655
28771,-3.4246254490862764,-5.955450843546224,0.5944395294184069,0.8237632689818704,228.61730743244203,0.4550245681767491,0.00016223393762638822
28772,-1.1419468621838362,-6.870114591914087,2.660110196401097,3.8682096484695916,256.8194931515491,0.44091947778884233,0.0001622517275589606
28773,-4.135288889211561,-5.926928603664929,5.177294465259263,3.0386048727754384,486.2004070860911,0.5031882936107559,0.00016225304460770805
28774,-1.9242083407707966,-11.728582132182428,4.049941451101873,1.396046167646059,304.180193933408,0.2313860600260167,0.00016226972589011913
28775,-1.7664620647688558,-10.900720013507742,4.115028820641129,1.8805359297089725,452.69441200607645,0.2648814823596206,0.00016227176615998622
28776,-2.3863237517943405,-6.7192166916184055,2.389352673009586,1.0830343036311023,214.7584672314389,0.09881893076930393,0.00016227282969536187
28777,-0.7723033814140106,-7.069051956023605,2.1275638436430646,1.1303843389280992,296.8017171302903,0.8591367565599386,0.00016228105122472725
28778,-1.3653534188907042,-12.981645675103463,3.9695033037567686,0.9938778753089855,255.25715628494018,0.14014744152376135,0.0001622838852535334
28779,-0.7880598034256465,-9.942381186932836,4.199765416847137,3.714698622267173,477.4975776069935,0.13271529822086503,0.00016228918133960233
28780,-3.742376286989378,-5.164592115989176,1.1538956773777937,0.5304465046153368,145.4370879342646,1.061840535834011,0.00016229419833420065
28781,-1.5671944218747242,-7.198881380439053,1.8968693425301466,7.131795757401762,714.6193826837817,0.44357100890188494,0.00016230384601044769
28782,-0.8110128241849139,-7.295030034234809,3.221687165194304,0.9078519614798288,192.66364217665298,0.22458727100853704,0.00016230449337686665
28783,-1.3578962247690658,-11.480105745351095,4.065765103333694,1.8993784904422253,468.2001482351699,0.6135108295249809,0.00016231354855359963
28784,-3.9256685578084163,-5.635691668591472,4.533596010381638,1.8533833637647439,467.419830664423,0.4049546222467848,0.00016232671010207628
28785,-2.1250403882405635,-6.746193515467886,2.5404922958162937,1.0747377957821092,287.28767518949553,1.342685533123328,0.00016234375747282767
28786,-3.3167573628989278,-5.198181431647071,3.867638648126189,1.0716835973470313,269.3707585604734,1.1785236021921826,0.0001623450945241422
28787,-1.3479291663315998,-11.16587607768355,0.13423766325480596,1.6782704739898715,468.6488252175355,0.6357227161407089,0.00016234589688498644
28788,-1.6244360095949304,-9.333077635543617,0.35189395252020145,1.5434435589629067,347.50491670054845,1.6868842609699053,0.00016235124481922322
28789,-1.5258911315619201,-7.704514345803072,3.6482003417509894,0.9739294831114659,252.57212647887152,1.177952554806951,0.00016235408765502657
28790,-2.8033654568744515,-5.672503067738668,1.7647168160495121,1.4460708329020173,343.99354992673506,0.44762233587702305,0.00016235749438851184
28791,-0.06046216880366728,-7.776902971156274,1.12343011128299,0.8592452712326422,467.5009411669824,0.5885215228155527,0.00016240245396780128
28792,-3.5278575426332175,-6.6693455865799764,0.11134880248616066,3.990984175781956,523.1865524168638,0.1636534802971079,0.00016240577736184502
28793,-0.5447165898666277,-7.227032662215719,1.939859988973133,1.8662947804029495,215.15757327330817,0.44262610717824113,0.0001624065745174385
28794,-3.114906202249344,-5.350813767119981,1.1990567851283156,0.5767847394263994,177.6901926111457,0.4531202619890813,0.00016240710669623943
28795,-0.07393790916792575,-6.853955776920854,2.6269536636028725,0.7967551575492393,211.38357203165975,1.3545037421577772,0.0001624146411870653
28796,-0.8671876904720595,-9.042878733537945,0.44204322217502456,1.8168121744158625,458.3025713343395,0.4791486744709035,0.0001624180241412329
28797,-1.9418641366633267,-6.866530519671601,2.3645333113684583,0.7682645069559355,140.43872646377858,0.19653904169707648,0.0001624204577684679
28798,-1.2446412776538462,-10.392918501302397,0.1808845120983994,1.8987321908457464,467.98780057876456,0.4747854970981189,0.00016242660427786992
28799,-2.8755973496344183,-5.557758496733479,3.173279045458319,0.7766710423481891,470.01736588549386,0.20271460742847136,0.00016243435244919438
28800,-0.1636714761024205,-8.270895368561906,0.815498328795023,1.120947273733057,293.55350738618074,0.3967971124283052,0.00016244370953583215
28801,-0.8764874693659852,-12.937198513115119,3.968925352145433,1.6618373505990613,390.1240345285554,0.5366528357806244,0.00016245657077831822
28802,-1.8032181459424628,-12.109461430092816,3.9997814721886713,1.4028308433489654,467.97991869753554,0.6099709194363747,0.0001624764906611948
28803,-2.829584804921982,-5.7539936945876855,3.1728329329642078,1.5870164838222867,372.6285290414197,0.3184921013933675,0.00016247979001392942
28804,-1.0921761718125396,-7.11457015292334,2.004470945882979,1.8682156652360886,469.4103332731821,0.20751505833968853,0.0001624886914454167
28805,-1.134776623343356,-7.181415412301577,2.0576899185884896,1.608383428073306,468.452135197873,0.10391331128516867,0.00016249101823168728
28806,-9.951424992980117,-7.450205539525038,2.5502023876062276,1.1445517090994475,212.11649813980782,0.342587133271544,0.00016249900028128948
28807,-3.8879331056491564,-5.251978630108315,1.0326256394928597,3.100669883598662,507.0821530973814,1.4484540479509231,0.0001624997377525472
28808,-9.075124760049388,-8.363165251584823,3.122806908917029,1.1460115257105288,206.22987598719837,0.09135323316955812,0.00016250391765229374
28809,-8.283203151959341,-9.677474136114704,3.0376584081775246,1.7484938887041892,467.5886731161586,0.12239249815531128,0.00016251525566695021
28810,-0.024369828778148417,-11.314485133641213,0.11843490694978326,0.8819329208945803,467.3311134236801,0.10179850215318265,0.00016253460171471434
28811,-1.1859476564245472,-9.790664377624655,0.2647906181242333,1.1108747788170426,267.61750926180196,0.433141973307948,0.00016254741974474086
28812,-0.9419977830208524,-6.775415914904168,2.3912527704095723,1.2570416253427656,313.24070531366624,0.56789319056199,0.00016254926867356398
28813,-1.1785293561979735,-10.863365281250278,0.12712865231574405,1.5115344160836521,338.03742998100944,1.1909353053357075,0.00016255178179089923
28814,-4.179143599154145,-11.418674883321708,4.788501174202318,1.232908910520941,309.1747088638719,0.4786742645527715,0.00016255578921750452
28815,-7.982750902918985,-11.334249548259637,2.6742809638127603,1.4518514323816893,322.6852077268776,0.11410430540455341,0.0001625820481943558
28816,-8.10626518329374,-9.135289583218798,4.27613399419909,1.3332410065727673,319.7540608540963,0.5627514334596784,0.00016260662478654946
28817,-2.2369400807321362,-11.42875026308753,0.12210082820377702,1.761862693189319,416.08909635105414,0.6053378699394107,0.00016262992106892633
28818,-9.257813681324315,-8.238676931723523,2.1211307506182284,0.9918770882585122,252.02596136119914,0.34245338863750696,0.00016264595245558047
28819,-3.324566371721099,-10.966937696592057,4.904475746005415,1.3191842336739863,318.3353131940413,1.242754558587019,0.00016264950559531058
28820,-2.860953016223408,-5.866464387092235,3.664622635914538,0.8889541286712107,252.14478386398264,1.2516988794537687,0.00016266775888306898
28821,-0.5832666411206695,-10.798857715263589,0.15128831273277377,2.3249834606185753,440.99458124799287,2.397620730014099,0.0001626848935992767
28822,-1.5809057370983908,-8.798585332746379,4.198242143166814,0.7190046246320269,148.3969396876949,0.003676747281327053,0.00016268678747498937
28823,-3.0566117311551313,-5.0640537235040215,3.072388690081968,0.8630851437149506,467.6009770736109,0.47409297098099135,0.00016269053598564755
28824,-7.989785397703873,-10.074815772090918,3.487563961615534,1.7036323080150015,415.86089232087596,0.48992434592877565,0.00016269822089069174
28825,-1.7021436992130248,-7.363056711902642,1.6334042905878856,0.8586123456430355,469.2127705644877,0.0032502583823346143,0.000162725475490624
28826,-0.8838919860345325,-11.66794856991051,4.049860569619913,1.0957234215833527,283.1626458596569,1.179051661531652,0.00016273578268857222
28827,-1.9177334139107778,-10.786671120999191,4.12283740215183,1.264090386432905,318.27450114187315,0.3760027698812829,0.00016273841188792362
28828,-2.6544445156069694,-6.014876188433438,0.9397023148628316,1.2583098667954462,281.43427934679823,0.08086773307219541,0.0001627477013335063
28829,-7.735196664950035,-12.548812897023707,3.2073965924301646,0.9570755563231892,267.0883107990085,1.5457524362821333,0.000162751308157146
28830,-4.782089186377262,-6.145891766281619,0.20185663927385164,1.7297976328430391,404.46163478570946,0.15601639190698968,0.00016276201542041847
28831,-1.8020069070681295,-12.626481727987095,4.007441053292889,0.6496314748178219,137.26825325613433,0.5529796140512149,0.00016279769263582465
28832,-0.20772675811141816,-6.785125715894834,2.4015761923198817,1.4340439938488565,337.1736625128553,0.389727193012793,0.00016279936728588203
28833,-7.692202866734593,-7.558821315958595,0.05421386084781349,1.3348416050876497,467.8426825445694,0.3873724511418013,0.00016280193616986753
28834,-1.2636274394819331,-11.720880327827043,4.046089401353945,1.9278410880981047,164.18682190786586,0.3156191755470159,0.00016280568806993685
28835,-7.97556450729222,-10.924420591949053,2.9186700336537017,1.4483576884521991,335.63037300206105,0.4221918473945019,0.00016281323251223181
28836,-0.08925242678386525,-11.872816865122575,0.10327611211959278,1.7682160715817117,468.28385058621717,0.6372945697868451,0.00016281765205011065
28837,-1.324884516443376,-8.497883191935019,0.6637692642942904,5.058005532213289,626.6532875256135,0.6705827671345057,0.00016282691868852378
28838,-0.060372787605123435,-9.563071055208269,4.207026012535122,1.059714567051997,467.9873885873179,0.36218073870484346,0.0001628321598031462
28839,-3.0837941263562483,-5.316078897820193,1.3869201208888386,3.949659965150638,371.3220299817155,0.08489327504522848,0.00016283283499394472
28840,-1.1599975546752113,-12.102804802288903,3.9968619695997925,1.097816227525964,292.55337068544327,0.8819607070214408,0.00016284278453960064
28841,-3.4901006468824853,-5.340952057348087,4.103844780840781,1.1240255349272603,230.1661331900894,0.13827716790483624,0.00016286928981095947
28842,-1.2229374444983954,-7.698406531808973,3.611832610523814,0.7322943242980803,174.9013526429134,0.2587724050952662,0.00016287800398157184
28843,-4.171124296746472,-5.407242358383274,4.30300843999126,1.7365416796178448,410.5153271269629,0.434103559203181,0.0001628913604844842
28844,-0.9193949263864667,-6.884066300890566,2.6588897785310874,0.978860861859008,467.8569602079047,0.4075433003978812,0.00016290153223478046
28845,-4.26118886641876,-11.011595193994427,4.89817617160276,0.7334269041222392,147.10554349689053,0.21101019641966445,0.00016290832587662873
28846,-0.7946663268996161,-7.386357042056989,1.7341866847940823,9.35797986760649,523.1426079464146,0.05814223626562498,0.0001629160887626808
28847,-0.6602542939588947,-10.40463613034407,4.163493655795529,1.16478091080023,467.6440184066833,0.34106834332416813,0.0001629335530184713
28848,-1.0085301743610415,-7.107456250589455,2.8464188175989635,0.6522621055124225,147.28473846038685,0.044355506420389545,0.00016293787488845833
28849,-0.5331485364553021,-8.243841050846857,4.008009548479305,1.8397791032234398,441.1041543036311,0.39875271435563864,0.00016294780266598997
28850,-2.734874018579032,-5.7785860562861675,2.0696545428877364,2.389108870831494,431.88331649219356,0.6700684009884688,0.00016296288940538018
28851,-7.376191542668762,-12.237952564340945,3.904388902221228,8.215732404861452,730.2985277193749,0.2875426484075323,0.00016297105694336326
28852,-7.989230004027593,-11.440872582757908,2.583410090668324,0.8884565135171157,468.5201287311418,0.8226968049582029,0.00016297555549078167
28853,-0.5274252861618312,-7.552068822364128,1.410736761307393,2.218028690551839,428.9626559033421,1.9402201691669498,0.00016298909412241984
28854,-0.005224700755233513,-8.511982189982268,4.139637672640821,0.820307098526361,161.7907567722937,0.05405916515481213,0.00016299194861751426
28855,-1.2939333349670115,-6.944294396409326,2.594328938304885,1.8228093519983795,443.2393541662321,0.7576120122085195,0.000162993218390808
28856,-7.091362761271593,-10.799398959455386,4.545142343661597,1.0057632405515822,197.73326585800044,0.2626492074035811,0.00016300117297304688
28857,-1.5494770469558627,-7.649708256780409,1.2292104590665167,0.8418605338340143,469.48855872770713,0.006279489630004242,0.00016300669523893298
28858,-0.6963773552915153,-9.675848160618331,4.243029808601187,1.7249715097521858,403.3513722604518,0.19189343341079823,0.00016301267223413688
28859,-0.5771188606207627,-9.931572767620883,4.222148873498172,0.5963477153805103,150.203606003385,1.046671372301832,0.00016304071225221512
28860,-3.915039625318661,-6.487632870314697,0.250236451913062,1.096668078341588,289.4119390131409,1.8576612812986157,0.0001630464033379779
28861,-1.93217851914895,-10.919952462876594,4.106872116160654,1.0946963866741821,288.70676992534464,1.2226382885851113,0.0001630516332163557
28862,-1.0245161006564167,-8.020410747041822,3.854310288128801,1.0940111644403367,288.0177236169329,1.040465999354942,0.00016307506277271465
28863,-1.8788410532400022,-8.563665049944538,0.6618442135602702,1.9803486421265573,403.8104422306217,2.0170510898879863,0.00016307581898290438
28864,-2.575692196658058,-6.357524771238973,2.6826744272912966,0.842805924339138,179.0071776430125,0.2186011831112502,0.00016308624601115432
28865,-7.4433502893868155,-11.467622820201019,3.928243482184424,1.7607656032841554,468.722486478192,0.2480981103246105,0.00016308931810051487
28866,-2.1700841426448134,-7.157832220834802,2.0469223306298874,0.981863023710971,267.31723281738095,0.752735195638377,0.00016310160137103535
28867,-5.768826856476775,-11.167711649343588,4.884488881513092,1.6127816121704284,379.21355933662556,0.5877933320033826,0.00016312676823490083
28868,-1.3434626657213613,-11.894601682861767,4.010299049245247,1.0447713397698144,280.5822959117172,1.5021682097144398,0.00016312678324357848
28869,-0.669360701779798,-7.432870730488503,3.359559143675773,1.872458964992144,379.23193069566906,0.8893961847048582,0.00016313151740377754
28870,-1.848581433448798,-7.077656112928278,2.836991557704609,0.8702505806036887,213.38004400116105,0.404108728581158,0.00016313236391696736
28871,-1.7221613033390373,-7.122359422577675,1.993925960505915,0.8879088229024761,254.28002780501998,1.5876041501452374,0.00016313626357987736
28872,-3.6775250512104343,-5.255512553339135,1.1930404598392692,4.672897392014402,607.4564696605327,0.7868817432820983,0.0001631403774091688
28873,-2.1307920638130806,-6.92424529104829,2.263472623642978,1.0344327037925376,223.31906184963177,0.37284094454827343,0.0001631440301045792
28874,-8.120476467766021,-10.2495937840609,2.912342865036425,0.9158307353297299,208.63610403016517,0.030410465783252683,0.00016315948794381292
28875,-3.995178690193436,-6.485722542042807,0.20468721244907656,1.153331844268376,295.14988625276277,1.0485454732870751,0.00016316250975302983
28876,-2.915064726683431,-6.183401281944782,0.6349137879275529,1.2009421733895729,260.6636398070008,0.011258947839481337,0.00016316665896269546
28877,-0.2487503542827092,-12.109666585803756,3.993670099821943,1.0530956625567203,154.26993554769524,0.24895832994951217,0.00016317115044173395
28878,-1.2798037867560534,-7.039669110355494,2.882006033527859,0.6106349100560742,169.97957486642696,0.40729998215098906,0.00016317279278416305
28879,-6.5871418144625835,-12.757791401386092,4.5252554374789975,1.8014615900791833,430.13139370513767,0.008412920669770507,0.0001631753872829101
28880,-1.0668491503590616,-7.003121434891691,2.778771288728771,1.7524520871534668,468.8458349651946,0.5707677544258436,0.00016318052352391383
28881,-1.9473810047295856,-7.819265281903872,1.1525439184513666,1.19358862171802,305.8974435865493,0.3690073474150344,0.00016320057678669955
28882,-2.348794395239989,-9.105344003501571,4.5537532838061585,1.059907747671008,467.8676761861517,0.6164037034547523,0.00016320485850765084
28883,-2.9992731012903793,-12.606562178499995,4.943436509665668,1.1264751781046751,289.6827154576538,0.9490925939557497,0.00016320682548259322
28884,-1.5577308176706897,-6.915614203282711,2.1464708102215817,1.2263908401218089,226.8004024051099,0.05028786589615297,0.00016321128523302437
28885,-2.334492566872947,-11.217499539778952,4.525885694402901,1.895318919670656,467.8215601646245,0.448914660556464,0.00016321697652213612
28886,-2.3017072842618402,-12.345800763898847,4.23141396588188,1.0218922246859263,468.1850511382813,0.04704216869900524,0.00016321893420263097
28887,-0.2751753062044031,-7.845046812507222,1.0813621282591903,0.5396583448655929,136.84561195220445,0.9888841133974307,0.00016322629578225385
28888,-1.581298531889967,-6.798777531840358,2.4101820596575108,1.3500803027219432,241.11361080900303,0.029522362100782296,0.00016322918176229492
28889,-0.3304481769422356,-6.804200176093872,2.4248857959235837,1.6405972152116657,381.5917082537085,0.4928644915437479,0.00016323456907791644
28890,-1.7194848385082917,-6.908672841191329,2.259455529996005,0.9086684619737919,254.01869557397401,0.6079235396047329,0.00016324802841700484
28891,-1.2544992898702922,-7.007004974548755,2.6118151951143407,0.9837499562096518,264.44318743960025,0.33062252331084974,0.00016324856647440233
28892,-1.889464581385651,-7.223776410759653,1.8817396151629067,1.6381022795561628,467.7836114731536,0.7783353397335588,0.0001632552096731783
28893,-1.2750829869291014,-7.089257174209879,2.1293047250375965,1.417715277390367,334.24080842215324,0.45361038360177375,0.0001632706328544787
28894,-2.7755655556589147,-5.770519572966227,2.0554011129163015,1.52359859013553,467.56174477818496,0.4214004249483141,0.00016327842123317244
28895,-1.075862920299718,-10.859318197012545,4.111239664223977,0.8590124734753161,208.8190578520261,0.7788149300423557,0.00016327863901925203
28896,-1.170727710257367,-7.0203736106035555,2.8002328719325345,1.3398900003537384,298.1909734057941,0.9893653780496452,0.00016328218659930987
28897,-7.632130803116751,-11.057712905916384,0.2486957062068586,1.858772870996691,467.38805431816917,0.1324670047247416,0.00016328379240933974
28898,-2.2639138242704027,-7.748384086631439,0.8112470716356318,1.387099280084231,332.2465854468089,0.9552164134725265,0.000163302377231981
28899,-0.5163387979045417,-11.209953128258322,0.15998103786902837,1.2545107856111055,279.5590749783318,0.13721554377977174,0.00016330735394488798
28900,-1.136635777121766,-9.832835654430175,4.20123607103599,1.4604947859132136,344.40098899797033,0.30632451559985796,0.0001633100161110438
28901,-2.2307766597247545,-11.966361558680685,4.08469763897441,1.3137050137153756,303.99345685958383,0.15433618314405972,0.00016331306298802178
28902,-8.467354644140794,-9.41096311604141,2.719801423900123,1.0007664938306806,263.0610739820992,1.3424202049497849,0.00016332884285623277
28903,-0.4166409159646065,-12.762803037912533,0.09190261609834025,2.172877119689043,419.77919962811643,1.2364887047533744,0.00016333038727097467
28904,-0.32608423282784393,-7.802603468898108,3.64635565582965,2.409593862511952,449.42795943386176,2.406963819464776,0.00016333401641379164
28905,-1.7258869471005003,-8.104773743750805,0.9103577576816038,0.7943522931917048,409.4697737773308,0.21193874083003283,0.00016334233051441415
28906,-0.07831907496734658,-12.361350348558892,0.09878172531041379,1.6773913721254197,396.6860440020627,0.9340661261200145,0.00016336025585666046
28907,-0.27210158063068235,-7.285399523263446,3.166937371583568,1.2925005947755381,321.8047289640186,0.3114608881458567,0.000163363944188953
28908,-0.9029413093054703,-7.4434545572778585,3.366548217792507,2.510746754034228,457.030876010205,1.6785836032728785,0.0001633782362094719
28909,-0.38752411311900126,-8.968762434653058,0.4926152432043286,2.208483277821267,428.57564083254414,2.175931939427472,0.0001633783569765807
28910,-0.4308536558263487,-7.158762704716518,3.0181327023115143,1.0181320954394655,219.46615893191895,0.2332450189452313,0.0001633998405630547
28911,-1.2182528570242699,-7.859189770632325,3.7165289704918654,1.5126365276473217,340.336786780405,1.1449594259570075,0.00016343774291835889
28912,-2.721203112069432,-5.684454020920753,1.130326357478658,1.1189351746349696,442.3572050237452,0.6854427985093894,0.00016345197866219252
28913,-5.773262621509308,-12.20489176936539,4.697626675062521,1.124039318160148,418.9894454783625,0.635651505412647,0.000163453310674562
28914,-2.438319886602102,-6.807410895373058,2.5041082070782865,1.7396320348989547,411.5972238373386,0.10211981549851057,0.00016345655362383238
28915,-0.6813967517653641,-7.130313254806054,1.9849361663140552,1.89901657795143,470.0381307414061,0.18954066537404302,0.0001634680352544933
28916,-1.5148028603123258,-7.645573693070088,1.284305763895785,1.6457577235785836,386.9666304569183,0.9109117150316726,0.00016347856251412005
28917,-5.524677762058249,-12.712553859351276,4.654611777988048,1.0161583817763828,265.9330243764027,0.8439046925070164,0.00016348087991498406
28918,-0.9020748932744063,-11.164770884744181,4.080864579377481,1.6034744659207663,348.9628100859162,0.6612253526914671,0.0001634937549355551
28919,-9.573411186144668,-6.17013028094223,1.4297017460797203,1.5917031378326254,365.211743840836,0.15812831788786852,0.00016349666586526818
28920,-1.3714586389809984,-7.266480570743113,3.067231711394802,5.222231517890794,331.6935593566944,0.21869181217865918,0.00016350409564796448
28921,-0.16405966867099409,-10.233171666553092,4.178569770400818,2.3242165818959393,438.4594971699959,1.7391565977019754,0.00016355091997341246
28922,-1.9704551257398712,-9.003255182315108,4.242670201941895,4.5900778956080455,334.0088370972928,0.18898601830310735,0.00016357148332127192
28923,-4.439002347067388,-6.2100375055970565,0.28921113915517405,1.375957900119892,298.06524164663,0.18840901896129925,0.00016357801969695316
28924,-0.22205361193423379,-9.287588606373422,0.38902325369294666,0.5800945973243553,138.3149089435303,0.5307357363078689,0.00016357961675739785
28925,-4.3080250243651435,-5.095861361143596,4.027721104784702,0.8652559323191054,468.0615201945104,0.4933298449505319,0.0001635822478711491
28926,-2.000825683382007,-11.387962008762374,0.14490908468817018,2.2980490838252057,275.5292866104828,0.07868744997602484,0.0001635934949506729
28927,-0.862159809473571,-7.692501267090015,1.3932391141925984,1.3827449935578293,325.6603898890533,1.313106925830395,0.0001636257867071565
28928,-2.1355200870084445,-6.892669228824508,2.2449920817232316,1.7955341512099066,438.2293216487597,0.20005416544427046,0.00016363420965898474
28929,-1.9216994711687079,-7.169483453502152,2.924785424061946,1.6053672443672866,344.3987574824816,0.6814441006176573,0.00016363895268733846
28930,-0.171103666914167,-6.839736005024181,2.183120161396694,1.6651851637722843,358.54224889797484,0.3602096755289175,0.0001636627296882322
28931,-8.330241095745983,-9.927538316242455,1.3903626225900778,0.7315982877327382,155.53731572466012,0.3808842546058999,0.0001636741004852524
28932,-9.58156755944619,-5.292755547985601,1.4198163649896791,3.280786443343039,521.6431143154231,1.510094523254847,0.00016368150360406125
28933,-0.883640285703768,-6.867087975280648,2.1863089655717287,1.0273122060753308,280.13012602419343,1.2463897982177121,0.00016368624180417772
28934,-1.4590981849378295,-10.646386886733607,4.1305596566162945,1.873336102989927,450.3550902717156,0.32848993425602835,0.0001636888237788856
28935,-1.1735466825652505,-10.728749091079028,4.121626313775644,1.8459784112419353,440.9279282551403,0.5656957766205801,0.0001636961342894621
28936,-1.4369460492095065,-9.037191172429438,0.45736141956184595,2.194418802773727,399.77584002430245,0.4681410301050546,0.00016372041880504117
28937,-0.7088219407643521,-11.030764283551816,4.091129496614694,0.9725488455243622,200.44230613522728,0.06944466402591853,0.00016372138892822312
28938,-1.6019971685451146,-6.838022826166418,2.3109276870405924,0.6372307483121962,162.74200684159658,0.09303276316289555,0.00016372490412229677
28939,-1.7210350398666758,-7.37151582039221,3.2865389985852325,1.0457167869526853,467.01143194141,0.7544319402798232,0.00016374988655630152
28940,-1.6914939277434442,-7.439882171891205,1.5544310908133065,0.47044000022209326,100.74814176270326,0.1183953007095262,0.00016375108900890377
28941,-1.1035079687624574,-11.452073202219886,0.10629794168981312,0.8388491451109129,168.78868706925772,0.9352420323566042,0.00016375972458816288
28942,-0.843364697656968,-10.707080434552154,0.15602361637066023,1.1422188793401855,467.89380153832786,0.2835740776945892,0.000163761487466459
28943,-0.07749638676644643,-9.644323271939207,4.202937811256411,4.636655925295211,361.9896781365727,0.14019028452145665,0.00016377090774318358
28944,-1.6030312029156466,-9.155837014839808,4.207890165434848,1.3333203473129662,319.7111535876843,1.252608163251705,0.00016378054494836208
28945,-0.4228397194410718,-6.864058291505661,2.5085341811671675,1.091806263990597,282.99351908740186,0.822589365516758,0.0001637823263071035
28946,-7.91692124636906,-12.824529352813876,0.9241726309471225,2.601191683663497,466.07471629477783,1.9167610277382012,0.00016379290359372941
28947,-1.0843592498784922,-7.212439685366762,3.037829580719731,1.446305455943952,343.6129160237306,0.30361530542394277,0.00016380093315661694
28948,-0.8477217954529657,-11.08902915173715,4.084888967515668,1.0326965208882728,251.17780903766712,0.2272042074137337,0.00016382756742259108
28949,-1.8690927074689672,-10.492355023603833,0.1491225809512118,1.458216476212788,325.566080183251,0.5962825787400101,0.00016383521231361442
28950,-3.2044269751328684,-5.288259140167877,1.130910443563215,0.8499399236622507,467.6407119723136,0.293480583950136,0.00016383729327752513
28951,-0.35678222402083115,-7.137000592532263,1.994068028131265,1.0749508364611444,278.66706565159046,0.9622167555421841,0.00016384471245927835
28952,-1.1043153392913947,-7.476974700789073,1.615333618064259,1.777931643050594,376.83145116185085,1.4666955973504257,0.00016385440767198212
28953,-0.10088008857337272,-7.96566628198748,1.069166837942366,0.9183352753464877,191.18391276555192,0.03696887062792609,0.00016385815742904258
28954,-3.1021963198434355,-5.664608013484593,4.074215119539836,1.8262565740237655,436.2399025395578,0.19605718918278559,0.00016386120763953307
28955,-1.153891105785986,-12.94953233075094,3.9560384686055876,1.4036735623481755,306.66912475043586,0.10098644261980816,0.00016386373515023974
28956,-2.807043908476585,-6.323334446079313,4.037636846527556,0.7259063486900427,157.69364092003406,0.2821498400821172,0.00016386998783873383
28957,-0.35381367919271334,-7.555566814889756,1.3175012800413124,0.563428944670087,166.04591422445498,1.2503889643458939,0.00016387304255676257
28958,-1.7148802231199411,-8.11220392098613,0.9574540389729074,0.7579688174026429,469.8098126382555,0.22137250192605595,0.00016387875901570262
28959,-2.394706636914848,-6.991977433006837,2.84496700623987,0.9080833190941684,467.4732328913887,0.6985004108090171,0.0001638792862046742
28960,-2.047770053707082,-7.101327257301117,2.094687420584587,0.817138161569436,469.9248471498976,0.22977174029912728,0.00016388032959304555
28961,-1.8379454233777857,-7.476523138182364,1.537872028461237,1.016609874503353,272.36208509963785,1.8195623593227515,0.00016390032430102554
28962,-4.681234740550822,-5.445370618266928,0.6147837688995107,0.8974608747421927,333.5207290241581,0.8957002832160805,0.0001639008807888185
28963,-2.369347316525092,-11.063548620245356,0.14336321593754903,0.5379135103511162,111.83942882610468,0.3662983679471923,0.00016390883331983923
28964,-0.4667680835570476,-6.808852583369156,2.388807221039669,0.8135003910648985,167.54423292059974,0.061789216443512984,0.00016392099228618967
28965,-1.5838175738854883,-7.371748755484706,1.6657636563732197,1.1325351743763532,288.55252227408295,1.070889238921188,0.00016393251494526778
28966,-1.6832091635918722,-7.31355994750246,1.7569036107035796,0.8739580217197809,196.0377678127844,0.8324118905607358,0.00016393288365298134
28967,-7.8491340347822245,-12.975279078597334,1.1337026270716661,1.1008760739981556,274.156743593696,1.198767110890544,0.00016394091123186102
28968,-1.499319880158339,-7.205372814737497,1.8613025917685244,1.0533211071283004,467.2177375852355,0.3877623877395022,0.00016394386417162976
28969,-8.254370605726633,-9.164920912469643,3.891267509232577,1.2139636448184952,468.93066450338824,0.8700582681820732,0.00016395639555314543
28970,-0.2246567894511564,-11.1066610647004,4.082145310490269,1.1089193207217285,286.2850208656389,0.43434591989635596,0.00016397616739671105
28971,-1.646567928005494,-7.520814488763972,3.4454020586324585,1.0593285389539628,439.59282582894025,0.051873821189396985,0.00016397776638997207
28972,-1.9385967967124014,-8.452440351803348,4.109604583557566,1.0080450907861704,277.84884445374723,1.372737674307829,0.00016397925556242243
28973,-0.7772205719745049,-6.843448020257544,2.3019229861622477,1.8165897652485126,468.0702443788222,0.23995366615256675,0.00016398140575789346
28974,-1.2854556331377562,-6.898994497164113,2.6431215342197305,0.827686704245171,459.4363835458525,0.08196702181493887,0.00016399062603723408
28975,-1.9057804147075075,-6.994429613402443,2.3858493109641152,0.9342476895983024,245.86864810220862,0.8140392483586654,0.00016399757887207854
28976,-0.40999871507286834,-8.561390591414721,4.1481615456297,1.2427109183401974,264.9097228137554,0.7556495382802,0.00016399862506188525
28977,-0.4882500249061774,-11.77029130440731,4.009932584262742,1.0910597585046695,283.0386362302587,1.1431103532252322,0.00016400514786753324
28978,-2.325289445156007,-11.946818207240025,0.10698611444573236,1.3461895272251105,468.78068159366427,0.3954352365261249,0.00016402130387243268
28979,-0.3804149639728962,-9.283061968150829,4.239107890933867,2.6220750602446183,409.92439023916035,0.12258630969723328,0.0001640233704149326
28980,-0.5547575930986017,-12.515591795092327,3.966392371035179,0.6215379906918052,185.22359835289961,1.1935027590083314,0.00016403161339015483
28981,-0.20895501931000737,-11.685757446428864,3.977086732635122,1.5603345067187249,339.1617422158176,0.20009381023768036,0.00016403335608931052
28982,-1.3283183422095242,-10.927957184482825,4.0984834932034735,0.6611657514578423,133.44380238427607,1.036308560917961,0.0001640372975864763
28983,-7.977308392926222,-12.631293221799014,2.177213254669751,0.8614156966333429,250.00290393353816,1.2982812287482313,0.00016405186653437406
28984,-6.491636095317768,-12.767459955825885,4.556995391591626,1.1349303780679183,467.25997824728773,0.4578571637563469,0.0001640671234230649
28985,-1.5069799530516867,-8.709629741125429,0.6076916775154125,1.7882280864010407,426.4334961561962,0.6235535169358775,0.00016408179840546902
28986,-3.6465185789286636,-5.6352872763470385,0.8178093478585743,1.1399489785871582,466.8515862332864,0.33355063513698013,0.00016409292771590097
28987,-1.9044658509398342,-11.884785496342012,3.997298653141646,1.8045455181053267,377.241878729443,1.2857275711428553,0.00016409984709893425
28988,-3.4576709786046216,-5.23083278470689,1.13205762365999,1.343144277405985,328.0477606487695,0.322229683901587,0.00016414433748635797
28989,-3.0328825115911364,-7.25013351668777,0.04662910018360969,0.7618532539793256,169.4012066043882,0.16276191174501964,0.00016414673956369075
28990,-1.230196326660156,-12.454914101482082,3.967367063802874,1.1508180151669312,296.1032435853025,0.6470055059282149,0.00016415245675974112
28991,-1.8953669248729597,-10.015365406978715,4.230903099779582,1.8073948340556634,468.3043248614926,0.011194221786741565,0.00016415561220861033
28992,-0.5425733595838249,-7.832967944588033,1.1120515730693556,0.6580934718674508,136.07539863786127,0.31895230100261784,0.0001641606121270295
28993,-1.196151787771221,-9.248864797230485,0.3855732363921203,1.7249076513581665,468.0549537507612,0.24676158122765646,0.00016416125516093341
28994,-4.206416643283722,-5.6481101382178664,0.7082921925318157,1.1167743521916993,277.8914293985617,1.411617019215205,0.00016416387961533111
28995,-1.6426926476984374,-8.00059210812779,3.8301839407588822,1.8352269021847445,469.4041605565674,0.07730859921630007,0.00016417643495619114
28996,-0.47471135362980377,-10.745676627086532,0.1917736374357283,1.5447639997582576,301.6453069953382,0.11931147226652872,0.00016419221937609394
28997,-1.2076915707098,-7.57062741583694,1.4908790811294028,1.2806112029139263,310.374084326749,1.591511076898695,0.0001642148686970866
28998,-0.22224434118803416,-7.110775287264361,2.1163182080079914,1.7487311240623122,413.93700486696514,0.4469694104409756,0.00016422281142567418
28999,-2.373462957474387,-12.110713859987634,0.0984292249722935,2.7611566574242663,459.90159672551465,0.5011140266594225,0.00016422641038286737
29000,-0.9176589483190742,-10.673857932212407,4.123423228800268,1.0731364943336124,260.4777497224559,0.22965755343538152,0.00016423231853907044
29001,-3.8159589048377605,-11.810698652323492,4.704906670837727,2.6142123664876036,467.79007348311865,2.0622365877210482,0.00016423829601084063
29002,-1.0324392547380299,-10.659231360683616,4.124906793301859,0.8726850019507373,468.36180421456754,0.5219741571634975,0.0001642466109784561
29003,-3.989885629192096,-5.041273516442565,3.853392261189911,1.8178586440797349,467.9887644829713,0.3168774223231168,0.00016426159602877437
29004,-0.3444958450420881,-12.93989136166743,0.1002559489808736,2.5693116337770263,458.34828928911935,1.1748066220651134,0.00016426424994710683
29005,-8.843787215385513,-7.684348298611395,5.040344044979828,1.8492674639314999,340.53901180864233,0.3144241477840737,0.00016426868094536893
29006,-2.3478022909260288,-7.005802496979934,2.762446055069178,1.0222001993009369,467.89958714191397,0.43361951709562163,0.00016428756134655598
29007,-7.914346176186905,-12.904346085516229,0.5925462449824194,1.2072439026158002,467.8298420354008,0.22322954119556027,0.00016428826429072576
29008,-0.8149467908071166,-7.039847253135182,2.8606169221974667,1.1954958766381716,283.57315044333075,0.13533118595387172,0.0001642906435337137
29009,-1.5853742656333605,-8.708837406831664,0.6108198347278218,1.699412941987393,420.0380450629675,0.6973218142303024,0.00016430283935470563
29010,-0.4452364779087645,-8.289902472382128,3.979375780482089,0.7116682984817477,467.54153317473083,0.4661907586885752,0.00016430455317414564
29011,-2.341474948805697,-6.938315288572377,2.357019556176172,1.3374433016194143,326.75140307641783,0.33698791887873725,0.00016431430496651557
29012,-1.8363934052597681,-10.953121765409866,0.1560945402708841,1.5693893625273592,356.8856679295393,0.1790617719971106,0.00016433784793524496
29013,-4.709504689388781,-5.637457287430696,0.49588810510632625,0.7486047522191566,131.7529099915149,0.29349980574899437,0.00016433925763716432
29014,-0.5787496185859666,-7.866257536187348,3.7145436556949325,0.7553259888665832,208.6019300945805,1.0856027513033277,0.00016434704575325233
29015,-7.874320606203613,-9.931021277623696,3.8807389483422026,1.002048443658736,168.784625756025,0.17916035216298276,0.000164357872719789
29016,-1.8194088150005854,-8.193318892363218,0.8750426138670351,1.8992487255892871,470.09907922341,0.23116094129929277,0.0001644079050198085
29017,-3.7426078591052185,-5.335368750172349,4.050503119652782,1.1795787527970145,298.34238963208907,0.9490061625513784,0.00016442509773978474
29018,-1.7908147800714254,-7.564800690178764,1.4622446398729823,0.9125118709728394,250.17368678979736,0.5916218140859497,0.00016442864561171797
29019,-1.7993688471788722,-8.016451534698966,3.838299439343823,1.0946272920406492,468.31954635583725,0.5055944264033689,0.00016443478295812328
29020,-1.1203264663710293,-11.35625117673725,0.1143912450086831,1.1822587425693887,300.55727957276207,0.9383640509132043,0.00016444356299229182
29021,-0.3478546108536591,-6.882985040732594,2.519688766101773,1.0463120189772082,273.6335621596984,1.4288931503652327,0.00016445778421663034
29022,-0.14248289610171838,-7.827235332774534,1.1360409155126687,1.7029633169305651,369.26721417055785,1.7435677921269788,0.00016446186715915391
29023,-1.9531870100280724,-7.007838738895551,2.603561889838774,0.5211795738988639,109.61825492180557,0.19654260247144606,0.00016446505728748536
29024,-0.7697167741219513,-12.2559639906123,3.972081847233475,1.0363149931492746,254.37305806637687,1.1742946291977772,0.00016446948591775074
29025,-0.4581475784242439,-11.120998370576595,4.076933673940107,1.8656159047077185,460.6571659946342,0.5951967114905319,0.0001644769069360008
29026,-0.7130166158850777,-8.177169220031306,3.933633330378147,3.3219851038462522,520.5271266218658,0.9556917263401727,0.00016448109057280548
29027,-1.3474250167485131,-6.885040259191758,2.2393377116391657,1.1259419120712235,228.96414281177206,0.8422342526585007,0.0001644842054303058
29028,-0.5384518955600228,-8.311497244455381,4.018728926927067,1.6848706901273598,467.8758069390077,0.6054114854108379,0.00016449160696703713
29029,-4.331268747179763,-5.612932413780755,0.7286408786795988,0.934058274933768,213.6552013266067,0.4070096496854152,0.00016449955285871405
29030,-9.628757809411626,-5.98565879885713,1.4976137629328192,1.0498842955711156,468.46815904368873,0.6545952317139978,0.00016450499229499552
29031,-2.0624156997252294,-7.922261458930098,0.9957565165683187,0.954413218837682,468.1617859587019,0.10539304296596086,0.00016450651292081406
29032,-1.2096689914021415,-7.473775405430779,1.5345628807497882,1.8078425414883197,468.285168935387,0.07904274582960902,0.00016450911120283055
29033,-0.14700227074904682,-6.920273334470135,2.6605634561926075,1.0110347889730542,210.51968503361635,0.19068618873302068,0.0001645179680338043
29034,-0.2536820962544759,-10.796949565635291,4.107918211224161,6.66718627957385,697.9994865486926,0.5565263534521288,0.00016453426110589077
29035,-1.4051777473454692,-6.985182317725704,2.6932765120804745,1.4926614515709127,356.1762418838679,0.5261195491115371,0.0001645562087137889
29036,-1.6054199570442194,-10.345373895357044,0.1820504912123498,0.5010074090845695,117.31425308066387,0.6404827429144122,0.00016455645430915947
29037,-0.488820915368688,-8.638406557931827,4.1669194459419465,0.8096990279435259,162.02286508257524,0.16165916688708037,0.00016456279060928555
29038,-5.0075102267251665,-5.218469682192514,4.656998519680044,1.4727166686090971,366.3453025034404,0.6459235406829107,0.00016456952800944348
29039,-2.2845888131929097,-7.116260581974803,2.087231458008392,1.0943431681191855,468.0767910993888,0.8733613382778218,0.00016459841916510298
29040,-0.03792504696761867,-7.958609541552845,1.043673807133848,1.0950182977199097,286.5277563788181,1.4268946056463028,0.00016461108162872909
29041,-2.237192534351883,-9.569891612948583,0.2772706885745982,1.0006328034397527,274.24360720607234,1.7337583840877206,0.00016462049602165794
29042,-0.7078776723179558,-7.120779526434886,2.1020480598059654,0.9066014908526239,167.7996130386252,0.14671529687081186,0.00016463432499483842
29043,-0.48965307889429255,-12.382708773097814,0.13124890953666243,2.22805478597295,424.3955419737843,1.0153411867487572,0.00016463613417899288
29044,-2.0943122655144597,-6.775106345051773,2.307337201059933,1.6928128757667504,398.514288807742,0.5159614049229253,0.00016464218523614476
29045,-1.5729179317927198,-7.822271910009471,1.1096451948005865,0.8119780035181039,254.2205614130472,0.0992183264675317,0.00016466718700496532
29046,-1.6152209097670056,-10.941354846069855,0.14094738329113918,0.46635010313154057,135.67144714870952,0.5242306864621398,0.00016467355423711714
29047,-1.82497857833377,-10.863569062400167,0.18448279733317785,0.712794222237788,467.867601597177,0.3491619235807706,0.000164675286911899
29048,-0.6589079434871579,-7.673225531217927,1.2441295465819349,1.699260207033991,399.37009147525714,0.5872726574877118,0.00016468698299261045
29049,-1.3428696122963686,-9.992720875189928,4.188585190620068,1.2485951921006986,312.52530132961243,0.5775565402954062,0.00016469469867473317
29050,-0.5607442488414627,-9.710262509358643,0.2943681305129257,2.7754987976097336,474.3686297067326,0.29011356543229994,0.0001647212243844247
29051,-0.4449258030168952,-9.47834999341348,4.23752049952749,0.8748925963260075,234.7118013445087,0.18498516893949013,0.00016473117771859344
29052,-1.2271702452864162,-9.14953818924778,4.238643319160709,0.8978442726529089,254.3331672209931,1.2806056206398573,0.00016474031029683862
29053,-0.4713627677371104,-7.5828861001173,1.4312765935502585,1.4705787267170183,336.62939964901744,0.1583454622417042,0.00016475509070126336
29054,-8.473712674065963,-8.418621027061786,4.591382895072986,1.0432110831786854,278.17584855454766,1.5366453527873434,0.00016476038064765482
29055,-1.1714334306573964,-10.004529787120434,0.23846631659449855,1.899786725317704,457.9333058329742,0.6500230609796409,0.00016478036008906046
29056,-1.8054802660407265,-9.680370423438507,4.23608080685773,1.5510300773672834,355.4399656326591,0.19267036396560133,0.00016478169495403341
29057,-2.654658530980811,-6.652337246047317,4.000259949120323,1.0402468793747524,244.1521563360944,0.08331492220616354,0.00016478834349982997
29058,-3.491343645167122,-11.43529535352823,4.768707122379174,1.0622271134472114,468.01625685230067,0.8196110774428549,0.00016480910997268675
29059,-1.1265228319808411,-7.377567713641246,1.6719482573960185,0.8251652130144279,233.80750273821818,1.5454183567360706,0.00016481202373107664
29060,-0.42746080539773956,-12.37454030144988,0.13578353689543082,1.1383490383838926,267.5952266012814,1.0911448938886483,0.00016481888200110348
29061,-0.38698006867000423,-11.544458745727503,4.0321896280855,1.065113110770837,275.9880654974882,0.1865114961769434,0.00016482104649537114
29062,-1.0313167423051155,-11.012056264193259,0.12452568484930604,1.6275247240627204,467.7803957878502,0.22690340302969592,0.00016482115583484291
29063,-9.66781090039722,-7.705198281593323,3.220853168020023,0.9720952644979917,206.82939439616138,0.1655843652211102,0.0001648275559192125
29064,-3.934515708639128,-5.898988591061617,0.6184836871206637,1.5777986865800486,368.4247928521968,0.8015844416832358,0.00016483694088502583
29065,-2.209453053452288,-11.782256277682396,4.07102145322037,0.8558880428262032,468.72276550677503,0.5612039239973301,0.00016484165430469865
29066,-1.7815227077922877,-12.883139664979602,3.931500366958426,1.4083365379748423,315.6914384918824,0.4516295237835992,0.0001648616244963985
29067,-1.0067698193280723,-11.782710402710574,4.007900220496981,0.7518064763809587,164.99319229583384,0.8743370156595622,0.0001648674981667774
29068,-0.7143236080918065,-12.547824977727473,3.9577257023103694,1.2234849807236041,265.32491123681683,0.17077697214915233,0.00016488934439381123
29069,-1.619334751680114,-10.94976135136934,4.089713851515716,1.2887863230595211,306.972522576743,1.3315308214535406,0.0001648902669421798
29070,-3.35572843468481,-5.4708800628408305,1.0653353122792208,2.491864273068571,455.4905188891223,1.8393893465365965,0.00016489418549453302
29071,-1.069243661283675,-9.442557487856238,0.3428063163211048,0.942570993666645,468.0640031243609,0.41101233464806786,0.0001649124407790302
29072,-1.6468430984369569,-7.057736418858668,2.856653481072147,0.9305662671531804,186.69518995362714,0.04563059797986835,0.00016491589501709057
29073,-2.0704203555720984,-7.350807556135154,1.8474974324664242,1.5253027759626794,468.0879828054775,0.7240646634541035,0.00016493198991210882
29074,-0.45213495134608905,-7.363206010897133,1.6447866600267396,1.2500195967586152,281.1913886256327,0.4536229098828679,0.00016493548489441158
29075,-0.9866425698600239,-6.874955471524304,2.3314324705241676,1.3672115360160808,297.2070345476104,0.07574848399641088,0.0001649371429619013
29076,-4.305674423959486,-6.2955883509959225,0.2754786388769978,1.0706194807709428,468.1568480273552,0.32122659899533357,0.00016494388398806734
29077,-0.6165535874486032,-6.839167577774811,2.405295786913936,1.0707466422959337,220.83955002514145,0.8741526958512429,0.00016496373064801313
29078,-8.29956105253106,-9.478410272975667,3.2812287620812945,1.6318073344356394,235.14839307652352,0.45300956634374767,0.00016496446453088414
29079,-1.7261243294512134,-9.121405527202233,4.23413851747309,0.8769403746419909,251.69324199372008,0.49844606383666434,0.00016497021345267585
29080,-2.660365916386345,-8.09406501854011,0.01640599952332215,1.498290153315406,335.54968234686305,0.5173751952409988,0.00016497305831866192
29081,-3.754709515336092,-12.078940057948131,4.667016362096989,1.8818786021567158,467.7588475471162,0.31212533221164396,0.00016500066885368037
29082,-0.8261531748725375,-6.905814226586594,2.5494891200814207,1.604776119139461,373.9671150879505,0.5571804143133692,0.00016500642702380053
29083,-1.6742246967858705,-9.379210713043893,0.35078529647620904,1.7834957747578553,467.9530394250783,0.4898138014589133,0.00016500737582690814
29084,-0.12616560700409707,-11.719461563014503,0.1544833098607483,2.5028718884581207,452.96994700031644,1.2135860918477759,0.0001650094797827231
29085,-2.126761106722385,-7.085898776302108,2.8881916543116355,0.8798208953146268,180.18342045759263,1.1440672246068342,0.00016501028877488312
29086,-2.0789852093412167,-10.127748584365088,4.179823315094685,1.054871424268764,279.4041356840394,0.2123186779841193,0.00016501359232093908
29087,-3.0777795182810985,-5.817103160122264,0.8715108963314551,1.7231639815740085,327.65399615584715,0.13157448248833514,0.00016502822085545527
29088,-1.7975605469649132,-8.151577345894726,0.8978689319583035,1.0442284727934643,215.01919054994036,0.05078537280327744,0.00016504161941566876
29089,-0.7250369016322296,-9.372381335253865,4.235120529758378,3.3517180370811195,344.23411129283215,0.08687101080022597,0.00016505199762163354
29090,-4.693173788659938,-5.747584294314661,5.140989444144263,1.765275407844442,370.79877231823906,1.1821022457658001,0.0001650578937573986
29091,-2.0480349710770875,-11.839970923506565,0.13872684802957325,1.2083970409785396,307.50052461436223,1.3607403369862796,0.00016506350070087975
29092,-2.209664805858994,-7.43855646898282,3.3364479735732737,0.9751256305832342,468.0719239493931,0.7149650029830807,0.00016506804566970666
29093,-7.301342056781776,-9.932056646439449,4.791105749814649,0.9283400956951858,184.34606288314927,0.9361780172931589,0.00016507029059196145
29094,-2.2291880359635847,-11.189750355369712,4.118790086703355,1.8458501954073325,448.4711828274133,0.3475909322092088,0.00016509204123449692
29095,-4.296609165029482,-11.906195369567927,4.694200330747724,1.1513863692529047,467.62604558885084,0.10653639850582142,0.00016511637719586152
29096,-8.901782558293723,-8.687411695166396,2.6439695377752033,1.8049875354629223,359.7462554735558,0.5746684622582192,0.00016512315378134905
29097,-0.5857883631285272,-6.870318360444049,2.308991692444634,0.702942246009704,136.10402013420355,0.24958090743930672,0.00016512988616404275
29098,-4.550828371688192,-5.994674309729448,0.382243370431987,3.459376810618554,523.3491584383163,0.5926190811045791,0.00016514614668134797
29099,-6.3904561227730365,-11.212689241268986,4.8020827842508265,1.0477411202203084,468.1825984149113,0.7888469918503036,0.000165150847239586
29100,-2.6572793035976785,-6.070747667575569,2.683292157080173,1.456345407556419,468.91730426958316,0.9223712333483549,0.00016519557026035733
29101,-0.5562512963312845,-9.502373750106372,4.2283265803114505,1.0176053956148965,180.12765247398482,0.15205513793482073,0.00016520301346065894
29102,-3.178945012012959,-5.183302735999007,3.5333959841293523,0.6464428339190398,153.45684927796503,0.9310890594510992,0.00016520328365896692
29103,-1.716022774147838,-9.799059306192023,4.195959184878699,1.0083956343011438,468.5649797986103,0.6511343338144524,0.0001652060556724618
29104,-0.009481050908044963,-7.07401893135788,2.7263973023021792,1.543259440368658,468.244376869751,0.3693677659289776,0.00016521134598997608
29105,-0.6982594423781396,-9.19596649466301,4.242901986736459,1.763882692363216,468.0098135365012,0.7596987435182561,0.00016521213944409917
29106,-7.7219568210761205,-10.401496459257952,3.8490596323698756,0.7690471775623499,190.62069824971408,0.2229414201951334,0.00016521284677019991
29107,-1.329451566235317,-9.730998963691977,4.215025172725741,0.8456102216925485,242.39802063786536,1.0997626474048792,0.00016521474862254994
29108,-7.9973798704658,-12.217901707209501,2.0681375905088495,0.9504646680550775,263.37676077036963,0.3419796955171224,0.00016523278462388517
29109,-3.007838939409445,-6.976783018248061,0.23139018865839892,1.1045639933338829,235.81039496220467,0.03184574697958542,0.00016523314331839853
29110,-1.075488524506694,-11.171338834086463,4.066537738939457,1.7998354171135214,467.64540007909056,0.5987178065350767,0.00016523680916688904
29111,-2.384502654498597,-12.102149556889577,0.1041612246553135,1.5552568467285224,353.9162106484301,0.3053118188853068,0.00016523967374608553
29112,-1.6422367921462708,-7.053755325495822,2.7945235148675,0.9374950864015416,468.5468875236356,0.4339457847326509,0.0001652429974542425
29113,-1.7311136023121225,-11.870299280118036,0.15155934291009207,0.9535867965797552,468.07087226362603,0.2020822620720404,0.00016525138574278306
29114,-1.3229657519975682,-11.481577078557118,0.1382522884515389,1.4700021708089523,318.98554714530025,0.26264581677001075,0.00016526394869439032
29115,-0.40916074467038754,-9.948361650074855,4.188067077443778,1.0508488984960085,273.56951389285786,0.6727348588267956,0.00016526856769069045
29116,-9.047295775375483,-8.1507540300064,3.797235068403643,0.9926732783368785,264.2050531846667,1.3203227556294932,0.0001652731072706599
29117,-1.590922274213069,-11.6015122574171,0.0950100986184034,1.7400989996758127,412.3978345342451,0.6186786849104795,0.00016527877456059374
29118,-0.3328452724951756,-12.941941970682228,0.1332385623843459,1.1212002687180067,253.63011691027668,0.07615791963111818,0.0001652800663057881
29119,-1.406515630551585,-8.704141930471225,4.178461710100148,1.0713210069076988,466.21848886593756,0.6961309495508816,0.00016529418717286197
29120,-5.009459580656914,-5.444919100431345,0.43465013019743537,1.8879341611788092,391.99988007409553,1.8979352969326388,0.00016530031051497157
29121,-1.6460294914456988,-9.012062272525611,4.236373486266833,2.262204097995651,426.1037056815095,0.6500364317110909,0.00016530705700381671
29122,-0.9978231932599648,-7.690667068907895,1.332218446349304,4.425842318331762,385.2805861903628,0.09522482743000804,0.0001653222965014085
29123,-1.5795561510944829,-12.411400453347367,3.958484136362437,0.5646152512971315,119.62092524577636,0.8085639144920469,0.00016533236133487486
29124,-3.978947759807201,-5.0572760859559525,1.2924877995489545,1.0623410604400922,213.65184492929848,0.0223819063729076,0.00016534695149818493
29125,-1.793596883474958,-7.943044066813373,3.778177362238594,2.0795199819362633,409.1205524460312,1.2796098331972816,0.0001653484417085669
29126,-0.8483098365675428,-11.023934863696091,4.078942700919706,0.7432221431071614,183.07827908249817,0.4517114276956269,0.00016535194321516455
29127,-2.347053531810584,-7.081452284373295,1.7571794757598238,0.6723424698085655,189.31941642794573,1.22107794440773,0.00016535673184919715
29128,-1.1561347156651998,-12.209102014557246,0.10822600486075913,1.7358938539711053,444.24523856809583,0.21301797961770674,0.00016536261939506172
29129,-4.781101546145208,-5.369205038842542,0.6583174177845406,1.0969251100781423,470.29889878168296,0.021831067504412438,0.00016536670896898458
29130,-1.3228877561945787,-7.192874374989047,2.934956742596503,0.9152143982643234,257.3606820121628,1.362250942272607,0.0001653676505605359
29131,-0.36229114536350515,-11.577178346861933,0.16369456365817037,1.0547705201865272,247.87809029679406,0.6428267325516517,0.0001653677676959551
29132,-0.15831082063423452,-12.661561980227875,3.9327945025668716,1.6481637947393288,357.4136877005523,0.5542739814204145,0.00016537770860333887
29133,-1.1858682154207116,-7.264845856320083,3.115675371358177,1.0423316187113205,226.9086974039453,0.13598437452751444,0.00016541628485437738
29134,-2.963846660459488,-5.10058995565981,2.603643102887856,0.43939436310527064,115.37839349807109,0.250729451811206,0.000165417748116807
29135,-0.5292821836325494,-11.458220791948365,4.04210315865566,1.0246918428886818,266.5807796415096,1.6345575030400061,0.00016541827008242585
29136,-1.1738834458590102,-9.058567258890271,4.237926394687434,0.8616779444147058,468.89892004384944,0.13864549212524668,0.00016542158425853585
29137,-1.9366970838419402,-7.433710942086468,3.3260081628884004,0.989012916058487,467.4757008008855,0.343182497062573,0.00016542259655617482
29138,-1.4905171766705632,-6.938204674154627,2.4704648098851525,1.120857629504431,468.49258837094266,0.08130334230250469,0.00016542743600576242
29139,-0.220217413488486,-8.532440226890518,0.7005485593985724,1.5203068153495172,342.4112287929216,0.3946715313281244,0.00016543291879606698
29140,-2.215885539438344,-11.141595815407515,0.16447026408822576,8.621899072000959,561.972987010059,0.005091203618143858,0.00016543293493276011
29141,-1.442029353091149,-11.645459073290422,4.0007626251752075,1.8666885310359385,387.3416920935245,1.435231890770683,0.00016543624642590367
29142,-1.387829692740672,-10.681077323661787,0.1838075319725108,1.2288585980860027,309.8773477501355,1.660511083069312,0.0001654379607117294
29143,-5.446756639339842,-5.490062540248385,0.039928445515751886,1.1670995249126574,468.9074250872727,0.5689379959086658,0.00016546009146216982
29144,-1.686178914861852,-12.724539278172195,0.13603921781442366,1.1422903698227351,293.4755798216049,1.1674205602337029,0.00016546035351201665
29145,-4.308384739044071,-12.316169797610161,4.645440501443671,1.3826476186224896,310.41100871586536,0.7574941583318173,0.00016546081133189262
29146,-3.9400710577766054,-5.6341997896736205,4.635114916010414,0.7077166462886136,467.8591139424379,0.3643826051727519,0.00016546813536749084
29147,-1.5243757771450177,-9.656564954509385,0.27689458138488204,0.5987908807719134,124.89349741153795,1.0935350973790774,0.00016547275571536675
29148,-1.4624361844852096,-7.611293874067761,1.5035241050697683,1.1967446274236915,467.0546026727646,0.24191460413114552,0.00016549324624186052
29149,-0.9794777514459181,-9.898324279617263,0.2509333949855991,1.9156880881599334,468.71300664687493,0.6460898883171966,0.0001654939725035567
29150,-2.0132958177555587,-7.107293185998421,2.896257193532821,2.346785480491397,443.0897531256554,2.359623137638674,0.0001654987566571818
29151,-9.38911772307664,-6.788673338710566,5.049507028136909,1.0316152621746695,203.15479081244212,0.18322946881786795,0.00016550926737128352
29152,-1.3211918712532,-11.744866158129502,0.11640738105789418,1.0101113054926194,468.1826168702435,0.6463080687173859,0.00016552032997087178
29153,-5.210806714521582,-10.751038579189514,5.009861514728899,1.600456315133719,370.9316049582539,0.05830531674034045,0.00016552451848919072
29154,-1.5347540249127736,-11.364049536142694,4.048226501438346,1.2076557374778654,301.00133133039066,1.3762929364391328,0.00016553578314200239
29155,-8.734735354237943,-9.007873171515076,2.266561488325719,0.8813790928093572,409.7276784852456,0.17970597197412363,0.00016554059112207213
29156,-0.6907929100734975,-9.441255063363315,4.229047979978227,1.639934895648303,468.1072846265117,0.7349966262467573,0.00016554189187991615
29157,-1.608542036404879,-9.024363328840925,0.44521232173435304,1.8390893727246629,440.1284821403518,0.30285467443334557,0.00016554793313296068
29158,-2.342575202184781,-7.955096640483528,0.6318806708754457,0.7076071040279547,124.99279851371531,0.06138544648578925,0.00016555483909615846
29159,-3.001821094651871,-5.185638751852889,1.9758204548697564,0.7835153308275298,181.11842532738572,0.922641243130931,0.00016556064104115056
29160,-2.317597198306796,-12.344254758355653,4.420454925026924,0.9590287465989958,260.38685309682756,1.4339897061943736,0.00016556292329456476
29161,-0.33086469438215893,-12.421468752190876,3.956087497434059,1.4947648887211673,336.2302250923842,0.009960303752582611,0.00016556419541037545
29162,-9.839604484045967,-5.497007725357496,1.7032957776986792,1.9004590980775034,469.80155527549925,0.19420793519553126,0.0001655809704269029
29163,-2.165725934862614,-11.373239672687252,0.15761569751388582,1.2690123047633566,468.4439781926886,0.5555403825178429,0.0001655920892838377
29164,-2.272193167383576,-7.601820583176874,3.504532661550191,0.9361451600663431,468.36018613527085,0.5213756494546056,0.00016559404820212618
29165,-2.0573280607186692,-9.776498901829836,0.24039095327866514,1.645290626972549,381.2456382774828,0.2634482013535422,0.00016559431089355285
29166,-2.1637791243388858,-7.591678229560735,1.4379219668699668,2.6571007342288415,466.97167986083946,1.1338322859269558,0.00016559510224741335
29167,-0.38875317791206854,-10.66988897506018,4.113157891865481,1.8641422265322272,448.20441288271513,0.3201086704862304,0.00016562768157583473
29168,-2.309222801136582,-10.624436744391382,4.427480618833234,0.9908660153971875,265.4566801909222,0.8817220775074093,0.0001656459826622885
29169,-7.11053636512367,-12.72909871404369,4.1735866747314585,0.9247557914310967,469.47421988076655,0.0324541330388719,0.00016565118341413314
29170,-0.8788213487485876,-8.959456876444216,4.219100582033174,1.1224896196642196,468.699065343988,0.8175115287910035,0.00016567298183896105
29171,-1.1091830598532244,-11.166717047071176,0.14042291825198852,1.9245078370579065,395.60304365399213,1.6843194769662135,0.00016567509987611248
29172,-1.2733536642269634,-7.60202773291071,1.48853765917332,1.0915677598731306,221.25461701102554,0.052104174257103786,0.00016568035972649645
29173,-2.187087971017734,-6.770225083141424,2.3106811459348955,1.307437038298063,468.1930717675396,0.29860701141344137,0.00016568598375110913
29174,-0.9559423400536424,-11.129879863131467,0.13010401294983223,1.2257874312033092,469.46046509497904,0.08142742069702003,0.00016572021279833015
29175,-0.1822208743554139,-9.754546810518695,0.28979626161635724,2.6692586755513306,472.99065316961025,2.153657851293624,0.0001657202526286699
29176,-2.222365330368376,-6.885702702539033,2.2821457227738695,0.9986403664571638,468.5702611002428,0.3579924041627587,0.0001657215912937575
29177,-0.45648648826720617,-7.280883011184646,1.769107633750466,0.8807654874643642,231.06477623488627,1.3261987172184453,0.00016573004808412926
29178,-0.32389068429918666,-12.73863724127175,0.14040529810529115,1.1374085225083959,467.49035242349635,0.1533793975658666,0.000165754055643588
29179,-1.6753539627464153,-8.528750890082968,0.7177955010549204,1.1198667148565118,275.7936162822008,0.7976870561829266,0.00016576316621783337
29180,-0.07352537822537819,-12.689006532903093,3.9843922860925685,0.7572231668871969,157.40096309362931,0.05863400058632706,0.0001657915811647288
29181,-1.9738430504555495,-12.983916657247166,0.12986649401520214,1.6131143643657628,407.6954340486714,0.5258657732240568,0.00016580386261737338
29182,-4.822370650057942,-5.269718385543517,0.6013183333365324,1.7507024581343575,469.30987140280365,0.11684802151506002,0.00016580715674827852
29183,-1.9512934805523034,-12.701396332969374,0.13281846646756637,2.554382684163565,450.5265995703056,0.7625431340191353,0.000165810104809415
29184,-1.7478068713903792,-7.255707901051244,1.8550421706299431,1.7871385930997274,355.1542780562747,0.30738779336729394,0.00016582898758215472
29185,-1.4456790392794083,-11.221679724690222,0.14337591610034342,0.8860446128326551,180.35586207575835,0.27511655698275117,0.00016583673007301944
29186,-4.990078839741266,-5.227600858620618,0.47996618811405956,0.9226871202000907,247.35762637555035,1.2865784062956562,0.0001658404233077951
29187,-1.0530750446534771,-11.4080903151897,4.024311138360663,1.8220722123255226,433.89164424656764,0.5392292216584815,0.00016585413534847868
29188,-2.212225643666942,-12.985051166610546,0.11934254419187125,1.1635357429301088,296.43212148488897,0.63878892018458,0.00016585593747417518
29189,-0.27788759024764254,-11.511854460466147,4.011431297603901,0.687167279470304,137.17988092124412,0.20776454991996918,0.0001658733545298727
29190,-2.6711106952913255,-6.002072936629794,0.9353768912105236,0.8280681956513823,217.28902945549808,0.6883129355942765,0.00016587503300825925
29191,-0.03948612814324548,-11.925714920165285,3.975364343635172,1.0136523110633442,212.8810706354217,0.0012308681447974479,0.00016589760422518134
29192,-9.157902536877687,-7.982627046232302,3.897190823337031,1.590528818898368,373.82832374412357,0.6082177195069569,0.0001659015836028995
29193,-8.338669373435042,-9.867171587361653,1.258928095981361,0.9975502519021654,261.2348810300393,0.2083244697366844,0.00016591217876765153
29194,-2.1709149858440826,-12.11401048099155,0.13232315007681494,1.8626062293181254,383.5518372110859,0.3299798113344439,0.00016593527115471102
29195,-1.2549717499665096,-12.226687281752561,3.960345646676809,1.7779185839984837,376.45799563055596,1.5162306589947203,0.00016595041425045829
29196,-9.76631984513376,-6.243235380252816,4.649656718043306,0.760694528190961,468.37422003813157,0.2560892729491133,0.00016596861160980635
29197,-0.12805148713008485,-12.107810735030972,0.12289562465505662,1.5039078781946105,470.16853096584174,0.16224571338228255,0.00016597734431170067
29198,-0.5652297764320142,-8.006372239528728,1.0219062933918015,1.1305039861607988,467.59127159590633,0.39284913469903415,0.00016600396324821572
29199,-1.1150361856252111,-9.61385973817628,4.219068832150197,1.7077468551162425,359.10442842371015,0.4916677349461267,0.00016600573589982393
29200,-8.167842347825387,-10.644424708812128,1.9613777517852509,1.2527113130001035,300.3292732867756,1.1030412478481963,0.0001660133479831108
29201,-5.458448042494307,-10.912627126675837,4.95513004797772,1.074271429931705,286.86950219655216,0.7058659209934399,0.00016601624437101337
29202,-0.9860027070514263,-10.66264970538838,0.19475202164340777,1.8629496372413996,457.92345398117453,0.3253697002971583,0.00016601786535657136
29203,-1.2979084074964913,-8.099328233623586,3.8762851440684907,1.6152880005753305,353.0264530071101,0.8162387867461609,0.00016603532354924006
29204,-1.621991630584926,-7.006752869558203,2.595324676916453,1.7294012419729066,469.95924938491066,0.13109816974102984,0.00016603972516332879
29205,-0.22581488158076723,-8.833333666158168,0.5425333510903142,8.699053607616273,762.139619566919,0.40607502336799595,0.00016604771127498753
29206,-1.1300499196983012,-7.424521330753537,1.6989851840665184,1.9567008809259645,376.376816070939,0.34550128848200146,0.000166050918085135
29207,-0.8406041640250397,-7.272838102597023,1.8912256925959012,2.08160679926248,209.77011778184436,0.214627171246895,0.00016605254929354644
29208,-3.550444582489815,-5.879475580878926,4.9703388759984914,1.0723135684525504,211.75912275354824,0.7653888277995717,0.00016607795881285362
29209,-3.832461935572348,-5.771179205516492,4.740716272592158,0.9603746905381659,468.05144026343567,0.9113393477524037,0.0001660969560486658
29210,-0.11416189847887459,-6.892528238946511,2.3152616190625404,1.8949972836622082,469.2036682839184,0.21141642203553968,0.00016610053453130791
29211,-7.495580859759789,-9.601693630225876,4.81534000500036,0.7633026810594734,155.13663536458517,0.5947799893839774,0.00016610106242240566
29212,-4.010311379111403,-5.3498165452794675,1.0551506187318471,1.5007364857835288,345.38225079910126,0.5694760498159281,0.0001661046905125911
29213,-0.04077174179716714,-7.003655519036795,2.26965024398622,5.164498396059153,390.6171362710108,0.09814057575475044,0.00016611903127068323
29214,-3.0688461270383938,-5.020907073209466,2.8886128158982785,1.8158992119402486,433.5157274494767,0.440825491797189,0.0001661208978977724
29215,-1.5386826489997336,-12.744026716984305,3.9410396814132698,1.8713869412565811,450.04461988098285,0.10544852301942065,0.0001661226095861876
29216,-2.1460006163998733,-6.869000672767605,2.412878030957325,1.0043899317053837,466.41774341610784,0.0868705902535698,0.00016612606871257093
29217,-0.28604240825194793,-8.767233996565267,0.5922094813921719,1.0311750272178088,216.18820624889727,0.13817262120623308,0.00016612758682804164
29218,-0.7308092032847036,-7.1981928700344975,3.0151019791948444,1.485643582031001,352.1254663958043,0.40237758661393563,0.00016612800727621493
29219,-2.976933722256536,-5.032859675644209,2.3027733896948206,1.3970604151783295,468.2970285596355,0.07093458510841,0.0001661307618591108
29220,-4.141705510459124,-6.495396731215138,0.18768708827404493,0.9825133289470288,195.85892314827805,0.3571344123573956,0.00016613414651457743
29221,-4.462959641701298,-5.872932821100381,0.513310542375088,1.5587749300477358,344.45674483685224,1.2232966610477414,0.0001661473708759287
29222,-7.348768835460154,-9.649162974599939,4.9625971791292685,1.867942427914849,466.6894042904057,0.05584567996912693,0.00016615222137380465
29223,-0.306798411051572,-6.942422043831235,2.36121937432286,1.1903720421337143,209.65063277659013,0.10881655858953376,0.00016615919071353059
29224,-2.125418435327374,-6.961446241828701,2.6722356771799936,1.7745652111831056,422.57834119380107,0.7428723050924697,0.00016616219127257788
29225,-1.5845693939960892,-6.921270311480829,2.447179032756065,1.6787163393580502,392.1827312556216,0.3809641739342764,0.00016616607879002234
29226,-2.687593425475999,-6.0603719066553206,2.9318888607567666,1.1396805898755689,242.31710529619252,0.1260519034350791,0.00016618625970143296
29227,-1.713606441972269,-7.245842801225945,2.0395731939404733,1.2607988674918627,266.43478116471664,0.46920134700129257,0.00016619083859983208
29228,-0.10400715746974853,-8.454331754876522,4.0919695739234845,0.9925089966431664,467.1004740232737,0.6066440000190374,0.00016624342114994638
29229,-1.0224562365352448,-8.261556992054775,3.9934493634461488,1.1946074173301353,467.9790393568642,0.3582736396108066,0.00016624560660996127
29230,-1.232960343418041,-6.8993013629811815,2.3293584570291364,2.542195004437985,456.29917210637404,1.1710021510699118,0.00016624927661237045
29231,-0.4673291590163071,-6.938846793704337,2.3521772513826016,1.1291888004757247,289.8125452357521,1.3469079293562798,0.0001662552105037917
29232,-2.8659384217982096,-6.817826545095092,0.3458278473712882,1.3757211528190292,331.2506465066422,0.4855511625339384,0.00016626409298673144
29233,-4.330888696245037,-11.99182816234594,4.681267377629797,1.6590009233314353,336.62481426445396,0.4999940487633392,0.00016627440262554616
29234,-1.2539609339063613,-12.612535544231767,0.10373338613798841,2.1325367196281375,411.95546168226053,1.0133887247140825,0.0001663000825272093
29235,-1.973594298921002,-7.928617523544367,3.726964676793704,1.0310315805846624,281.0769853732904,1.0287913478779105,0.00016632490501472565
29236,-1.0010114994037238,-12.430556480519103,3.9909880380593155,1.043993575392901,282.96570967918564,1.2440563991690743,0.00016632797057879073
29237,-3.755536550434625,-5.783909011422139,4.841297310472806,1.4322130326777711,315.1909476112006,0.15766177977394857,0.00016632829193020333
29238,-8.277454385775094,-10.051035925628952,1.2939833728559096,4.668407547761957,607.1686944264615,0.7876085717997485,0.00016635333436886482
29239,-1.1541094380461274,-7.153307740119468,2.1171959011471455,0.8976395616048317,251.9291430276139,1.2254367130331092,0.0001663651400696201
29240,-9.78052124993405,-6.153044499554515,1.656117010061,1.0153466586110518,202.89366056261557,1.0641031409414028,0.0001663795819598888
29241,-0.3200546525264194,-6.976954476337121,2.2566970755617515,0.8915405655694957,469.73303192608154,0.11369770323113482,0.0001663871326443673
29242,-0.5922303434951193,-12.986562617875668,3.928066421255852,1.7605184806862777,416.1571999819425,0.5307853104592954,0.00016638816346153067
29243,-1.7205662783090858,-7.310639565908469,3.141436366920183,1.0119578810651821,468.12277958668466,0.7434978653924658,0.00016640714955629363
29244,-1.0963280028003748,-8.08451663617086,3.863352396671231,1.7241945264993346,467.8102965555071,0.295883805663272,0.0001664186128542963
29245,-0.6604757000726593,-6.949844978544527,2.56092010744587,0.9095788384340829,469.4321209370854,0.13352235900383125,0.00016643124090843082
29246,-1.9629019802453076,-7.416072166415333,1.6851068507138933,1.8089564558068494,467.8309158712539,0.1350258117579175,0.00016644145059700012
29247,-3.5887301299480807,-5.14375976888843,1.412948703192983,0.8488641546571932,181.2601338362936,0.6467381614245697,0.00016644787425966202
29248,-1.0047108273297205,-11.807743820542118,0.10083304408823891,2.1009160010953902,413.833939005217,1.5256122881144796,0.00016646282544597018
29249,-1.35043040930878,-8.018469464375098,1.0241979236982264,1.1627803806635222,467.35524339614057,0.273642342036184,0.00016647003804450954
29250,-1.8813108898084128,-7.246967065637137,3.0844823653341096,1.3362025959788033,468.6310871592237,0.5662562607812864,0.00016648629057402099
29251,-0.037260906059358945,-9.422971770185846,4.223062545349266,0.8747569149669417,468.2834064571726,0.6877845363111845,0.00016648854141905665
29252,-2.382470226581427,-7.8079111385007405,3.982955320574604,0.9759263965556524,257.81491593693073,1.3423727944387007,0.00016649243855198205
29253,-1.14149203167106,-8.783167964538013,0.5650317182235862,1.1863369961161991,304.744698411975,1.5737255264726473,0.00016650467686402546
29254,-4.687771305066968,-5.053212752585957,0.8379057025020521,1.3145246649870315,306.0781294733942,0.16256737032662816,0.00016650671020963716
29255,-2.4626948752005164,-7.48904166850127,4.075082388622784,0.7599634843656575,305.467258648349,0.22547539299930808,0.00016651007052094553
29256,-1.9873060811005274,-7.533484409869924,1.5842130011778481,1.3174707659411093,293.61797922849985,0.6183557557171468,0.00016651363656936864
29257,-0.11124020069745555,-7.351103049686105,1.8305861578679037,5.926237015017188,626.8362897482822,0.21860230371859135,0.00016652984610396608
29258,-2.2236006057459043,-11.948621572983777,3.9831862561429294,0.6692568172896384,141.95038245546957,0.22105141089759428,0.00016654584113593433
29259,-0.28672058541390477,-10.705417544425726,0.19644541944413713,1.1100522317345232,467.98386338810707,0.853801596045729,0.00016657104034433919
29260,-0.9617259103093563,-7.4905351143882655,3.3674442788749195,1.7864956557528016,467.81841295683415,0.5655682187539961,0.00016657940040838164
29261,-0.778040857597114,-7.939012921216561,3.7290248343151653,2.656193059617145,406.7396042069256,0.14174354717797844,0.00016659205734594258
29262,-9.049849582764427,-7.596986499210899,4.791159383169311,1.0717337689415685,283.75080200247754,1.0708917034777246,0.000166593996746167
29263,-3.755971117732397,-5.227130067672661,3.78640528392337,2.1712166639875448,405.9351865872702,0.5951357139542637,0.00016659635079146532
29264,-9.920426065415173,-6.276159279644177,4.417276470521099,1.1423501160497194,292.5976109859303,0.6954800613455845,0.0001665997758032772
29265,-4.516958807662396,-11.53827093070056,4.761982262236577,1.098757908070087,291.0796145416241,0.9717810062221064,0.0001666037474925366
29266,-0.261135967851045,-8.540399110184968,0.6851089518577932,1.3734997669298685,304.0971106089738,0.04465889164542336,0.00016660805204072533
29267,-1.2008329247247946,-7.26828182549039,2.069903226885652,1.7401382573011253,425.31254689406944,0.3132482050961398,0.00016662024777931196
29268,-7.9210181637391806,-12.574645930951105,0.9471191296405019,1.851871208592095,467.612918419892,0.48021875789659596,0.0001666443610334389
29269,-1.3754001445617376,-6.9373017145603795,2.541301499637229,1.107848852550292,279.86605067152186,0.4782708501840407,0.00016665508852733253
29270,-1.950467228128364,-8.035679311852707,3.829320435161182,2.301794239437276,421.24718115949844,0.612299481129134,0.00016665758792469153
29271,-3.7889298775531213,-5.113334640438272,3.840821986869336,1.979510247175471,402.8539779685052,1.9668985287973877,0.0001666581524296382
29272,-0.4241672965985295,-12.904159140821827,0.15358378697845382,0.9347152628691463,194.23875813842008,0.9474584432083306,0.00016666307845795026
29273,-1.1172572107881784,-11.282455203634886,0.14207358603185838,1.4186760570042813,330.81272221487063,1.5665249711061664,0.0001666675589475446
29274,-1.4896934379126225,-7.241677623353991,2.968954653309055,1.592666575071861,465.70944372986247,0.4286796822363472,0.00016668419157923656
29275,-1.8772483246580922,-7.44115910579768,3.3145110232704496,0.91749884755855,468.0193385347836,0.3768603547196241,0.00016669190335903602
29276,-0.5891553603400457,-11.495610233702838,0.14167334759679115,2.0674688896460167,403.8792246372227,0.8621647414381206,0.00016670265838932197
29277,-4.622525496282481,-5.212032414988382,0.8787322817793952,1.293664035974172,302.1718708815964,0.4344650571155988,0.00016671769637383588
29278,-0.45205259424866817,-12.351063646625638,3.990386086558508,0.8045617031427144,469.8405047145043,0.09325258109472667,0.0001667259934146436
29279,-1.9367717364477262,-12.95303014144387,3.922741025988264,0.9935830206288074,169.7775913107203,0.16169349611905393,0.0001667341711272324
29280,-1.6862908146981113,-7.291772609837924,1.9329115131881422,0.9643956831035551,142.73843912236032,0.23882633018734722,0.00016677154208087302
29281,-1.3044761273434364,-12.412550517600554,3.984528023973947,0.8884469146667956,450.31608714960936,0.7178896698656425,0.00016677831333955325
29282,-1.9530421419163115,-7.0347041478540575,2.1706371095336845,0.895365574440415,467.93431523018023,0.29827621817443006,0.00016680481600719448
29283,-0.8216134011823897,-11.35481003675673,0.13474528306832903,1.4353239362942833,327.0238355391813,1.2371126152946408,0.0001668059336995386
29284,-1.0056172560770893,-6.8826751806541555,2.19691511317917,1.6665686563963003,393.5500098452351,0.4016916361197085,0.0001668087050559435
29285,-6.7416729231911905,-12.605032861275738,4.456166560892036,1.3492990364669102,467.82871895926627,0.7794458523505137,0.00016682221799533173
29286,-7.795265149490071,-12.788435930250904,3.008940058505792,1.6601226772633586,387.3325258850489,0.08312349415218456,0.00016682246826770788
29287,-1.1099838569417937,-7.3402770552781735,3.1678274312067183,0.8566525617496074,468.1020382339118,0.18438841282900054,0.0001668285484095846
29288,-3.971955966361726,-5.228607879094471,3.88878271092365,1.6602330527714875,391.26703223103635,0.5369331618483955,0.0001668351726175952
29289,-2.372221466670455,-7.168929607500099,2.8224263674760235,0.9791955033033138,139.89496179538423,0.18850280146482046,0.00016684456177589038
29290,-4.7748932799186505,-5.202549377796581,0.7527590468914139,0.8668669339473545,177.85705291092412,0.8294927365266132,0.00016684985706656683
29291,-3.5429195489539866,-11.011238199606524,4.879265936809804,0.8832409753223252,235.04213984712223,0.6857631735026475,0.00016686450105953034
29292,-2.0804592570449447,-8.172946722101388,3.8860526252603727,1.899624299604883,393.3760272688385,1.8894882838167328,0.00016686527300061808
29293,-8.33308228920622,-8.496924903164544,4.7462644644917615,8.986902899650127,506.42077221882266,0.06220488896324028,0.00016687040279797283
29294,-1.0663170428339015,-7.526801552570021,1.603298267926991,0.7066305169692215,141.92135446194132,1.0167703709613862,0.00016689852713123549
29295,-1.0851420255274107,-12.3021177859437,3.9320194628919376,1.0936791804893224,467.5187396697495,0.9334662290864699,0.0001669002674975361
29296,-1.3023804681661275,-9.0032954055767,0.5012955106614384,1.750112302142687,468.74215306696124,0.8618577245266357,0.00016690994102250308
29297,-0.699525051276737,-7.391499705229183,1.6566512548158776,1.0095331117711606,217.6472190176031,0.016017370367745976,0.00016691859938450191
29298,-1.9937621538962809,-12.275641581130214,0.15208715344491305,1.5166941916014112,361.72070520995317,0.5735624314740608,0.00016692477597448374
29299,-1.0733940439562595,-7.268902019172891,3.092342611779158,0.7194084332184545,323.0737040616443,0.3753901985056691,0.00016693808729852035
29300,-7.701421001500897,-10.452132616471097,3.854871957164667,1.3110561030295296,322.9545288291433,0.4126214539026476,0.000166938131649504
29301,-1.0837790577381874,-7.074463820593859,2.7783304408920935,1.534868564909742,468.74814039747577,0.8396584546754164,0.00016694817674705234
29302,-1.0194091928945799,-7.255124330327079,3.032144920207067,0.6881803035498193,139.48761556351957,0.30365256064802537,0.00016695106765915484
29303,-0.3988275897569036,-7.541779607159909,1.62373409461149,2.2242761042052055,411.93211299397797,0.6507963573349889,0.00016695480947968985
29304,-7.992773871984889,-12.320223168077352,2.037119168402648,0.5574980780455392,166.8824415350655,0.7971463970824226,0.00016697596685079534
29305,-2.1372989840949668,-10.569378746416351,4.119086168412454,1.6101437655679798,376.50390639776316,0.4904275244441232,0.00016698439920540727
29306,-4.53499816627086,-5.862714525792811,0.5418762037993996,1.1540777892720444,467.03983507353,0.41139301610320356,0.00016699597453048015
29307,-1.1613532708978784,-12.588772770920144,3.9336640432054386,1.4285355664841783,321.88132528989854,0.08791024552634408,0.00016701247931564468
29308,-3.2413840790019632,-5.327494774503393,1.14267963515183,1.1146100661269833,467.4491105799248,0.6890749402214782,0.00016703334597020745
29309,-0.05921110301013677,-12.144667854106094,3.9545001473650663,0.9645103639904146,183.64222516544882,0.2956837411421471,0.0001670422482139896
29310,-0.9261461645296549,-12.275959390978082,3.9318240130145896,1.5645480266878256,356.91590860617544,0.40011473606227366,0.0001670475402389606
29311,-2.2572756729569186,-7.189879701554319,2.8462036032250793,1.125675944938667,468.3650927320636,0.5230955059335791,0.00016707026085353285
29312,-0.13487891903288585,-12.402746620559574,3.943395079515214,1.8380735377921444,439.6386854498819,0.16638150413958908,0.0001670924502363373
29313,-4.093234797971009,-11.00178505976671,4.8892081447684035,0.6740951015105281,204.3729556490955,1.2932688268573242,0.0001670966543315044
29314,-1.2114990442730562,-11.116726717642896,0.149616120349675,2.229757165050775,427.76263568599086,1.5867432646924602,0.00016713722279247607
29315,-1.0631213372023751,-7.1038563214746855,2.7176057991001863,1.890427030803723,460.97783744095307,0.48135544448633727,0.00016713992003672336
29316,-1.746993909631371,-11.042481840432352,4.063252555792275,2.292772480145743,418.7572882833049,0.22805240536758387,0.0001671439538595339
29317,-0.142047514937234,-6.961033141419009,2.6343848904679197,3.5444468876684825,360.2635850691409,0.07564143477758112,0.00016715263962571971
29318,-0.11766297013068971,-12.989940508085752,3.8857418063692175,1.1604502690575846,254.1919035132569,0.9925378795665294,0.00016715901600722937
29319,-2.5541497271265072,-6.258121898616569,1.1103291005935845,1.6341985145354574,467.9555562380086,0.7561213500333874,0.00016716022440219604
29320,-0.19379067676297268,-10.171540835219162,0.20731249111165215,0.8752855122606527,249.1543940381849,0.4335672938110493,0.0001671739957245685
29321,-5.812378931300433,-12.041945017485437,4.7092092250658375,1.8802592982212079,467.64651157934327,0.2566368502449956,0.00016718310373792697
29322,-1.6514822524963595,-7.071203177479353,2.766946013473476,0.8077112387699672,194.69952222078425,0.08304833496809927,0.00016718751824488126
29323,-7.578831382113946,-9.857231764774896,4.4685482101896845,0.883904589432072,184.59718101197348,0.5934050539079125,0.00016718928919840368
29324,-8.476235980351968,-6.09595878327496,0.20912314816403557,0.909336606582686,211.26006432051918,0.2439928296600078,0.00016719082282454044
29325,-3.5832550579781692,-6.453913935407273,0.2714013759086676,0.5345309676465113,117.3943360034224,0.06192749053478419,0.00016720629997060254
29326,-0.2763466700137549,-10.532894034917872,4.116565964737632,1.8019723334761892,470.30150901375043,0.15319450506590293,0.00016722119389228393
29327,-4.242632549856712,-12.569307440955775,4.618839286012043,1.169811932609676,300.3015393516978,0.3295069457681077,0.00016722179095170336
29328,-0.44238238777390215,-7.828194971081715,3.679681238711633,0.6532199641058632,202.0046618046377,1.1202236476497376,0.0001672235352968269
29329,-9.555472635600461,-7.716149067799333,1.830893137247698,0.6280867383598397,155.4056221435185,0.29302409428727394,0.000167224214615517
29330,-2.4555276631879996,-6.90239896071456,2.7500757618137834,2.3109865532574325,439.6919432755575,2.324994119443537,0.00016722627297960352
29331,-3.0769423687401023,-5.300447990760567,1.3104005430501702,1.093071631666266,285.1296146481443,0.8699735566956983,0.0001672387232582746
29332,-4.2488324480337925,-5.687795534865995,4.707995115498702,1.5229042974644749,469.4850597236672,0.1482056607854716,0.00016724663408711711
29333,-1.6007170979413825,-6.919724352868449,2.324528434642661,2.0110459272684977,405.83216293453586,1.8040621610469083,0.00016725228264626447
29334,-2.28341708418659,-7.939218130990652,3.7223230659828412,1.0868726843301553,285.7598677707917,1.1022812998481593,0.00016725353859710072
29335,-5.470147740629475,-11.540941138611952,4.785121165123585,1.4862764517476148,467.7996895714149,0.22641084869695316,0.00016725418239536022
29336,-9.941127622990484,-5.033460518508954,1.792221128845233,0.7852387442683406,180.620168695898,0.949761351068056,0.00016725584582174137
29337,-1.0852831434151806,-8.372152368391145,0.7902809645781289,1.9061198946741538,468.5207531261565,0.580934551362625,0.00016727825054480821
29338,-9.459792614714294,-7.194645284792766,1.3992723612895377,1.1161608428704368,256.2032382635848,0.6647862724698825,0.00016728684841484448
29339,-2.2631770927259245,-7.977605482602934,3.7832567984784338,1.8505748889474958,468.12976520061204,0.668616589343328,0.00016728841437587875
29340,-0.934201642786249,-12.166399688076446,0.10524097490029903,0.8620412077327859,469.010794259732,0.5651731760934728,0.00016729376588910837
29341,-3.0958598643264734,-5.996550649687216,0.752349461740843,1.0756773276810943,279.2644031344035,1.794344627376229,0.00016729612600721358
29342,-0.1769570070972275,-12.366928416567825,3.9429018268652127,0.8831986968386359,189.5673954605692,0.017972651589151845,0.00016730311598468027
29343,-1.2523177126173906,-12.925842709961577,3.885883068557974,1.4200992566832584,467.8978126568967,0.3993618822667271,0.00016731038079206652
29344,-1.7726647898213912,-8.998088438101654,0.47692465888051905,0.6475956120919792,194.84277798237972,1.1236040051042844,0.00016731398576824938
29345,-4.387323672392803,-5.925435549536754,0.5026831605112273,1.568847856389538,468.1041888950055,0.7332439486562672,0.00016732479772512839
29346,-2.7478005703133643,-6.151068017065029,3.447019391376244,0.9680511977471725,217.80795899875613,0.7022419963844779,0.0001673423184502277
29347,-0.8647978883926761,-8.048762309279821,3.8313097876184945,2.210927639472996,427.4925397125855,1.8943728327099212,0.00016734243980608715
29348,-0.2821907340630805,-10.996673253158917,4.066010353302834,1.365206639387027,293.84663412636655,0.41859665919596534,0.000167350762596053
29349,-3.4833784728993322,-5.8556561062578885,0.695399700660966,1.146905636026924,279.69235255355983,0.3465907641616237,0.0001673545516120458
29350,-1.147931193152825,-7.266888597017123,2.0403460881233504,0.8964033510142467,176.02372261008622,0.6059642488968899,0.00016736015872777642
29351,-1.3994665454819444,-11.374722037501932,4.009625748638531,0.924132860340724,215.3939398528706,0.24100803522373404,0.00016736730484656314
29352,-2.82312554457381,-5.792171784859736,1.9673400195978838,1.885060678447956,466.3261743729299,0.12994893947398012,0.00016737878338306912
29353,-8.40131539671573,-9.552106960925387,2.7133034961863514,0.7219754133616983,142.93420905761323,0.17387125530023972,0.0001673792158874245
29354,-0.3753522211289564,-6.963408898164961,2.351773647683666,1.8552183382024319,446.50690566743185,0.4243801559915683,0.00016741475151056643
29355,-2.590753151315525,-6.773910892121362,3.619607679673213,0.949771594504594,265.9381343349387,0.4786252019792441,0.00016742357104906452
29356,-0.792415434904111,-11.326432716553995,0.14419756165743916,1.7522958012832195,414.88955681410994,0.3137769776530881,0.00016742551077815717
29357,-1.348681246308585,-12.656057228869685,0.1168132533506189,1.7168967004032782,468.0048404797735,0.3701754249021185,0.00016743619695458198
29358,-1.4679816601110431,-7.293151438373016,1.9011720538442902,1.1259512569352956,293.1735528545327,1.3872129663384811,0.00016745636404625396
29359,-0.41632186985227015,-12.404225236789843,3.9360727167807767,2.173661408258358,342.1739356806016,0.0792740596691095,0.0001674594071211153
29360,-2.958567816239123,-5.986413090563712,4.045694131456288,2.296445162558901,396.5336880838714,0.2980964033273157,0.00016746218316341418
29361,-1.5942792389587659,-11.862026856156316,0.12267180852650529,3.63913324061434,272.348393498698,0.24395453303491266,0.00016747176965909507
29362,-0.28842535188179497,-12.392338102563917,3.9866956524584114,2.4235059404146457,447.800965572717,1.5327562298628825,0.00016751074202505468
29363,-9.590770782592172,-7.356311017097065,4.1625728017685555,1.9015250429269621,273.73539065765146,0.005903755420802348,0.0001675131902303893
29364,-1.93952913983275,-7.510507664237502,1.516573535834049,5.042037036420227,622.4896991715872,0.4741312387548753,0.00016751346601315913
29365,-2.157754267306194,-11.525488177784563,3.970012161412665,1.637671375776502,381.8066411710026,0.5633551942475252,0.00016751497422669705
29366,-2.3079244216096715,-9.03384999803707,4.299489471652392,1.7736782665368147,235.69905800626375,0.0929403757093592,0.00016751624192216447
29367,-8.286659351434055,-10.150923734199157,1.7557690659340621,1.6822938980283395,395.7995162062172,0.4066301774116603,0.00016752331466421075
29368,-0.700247032606871,-7.303927964268972,1.8823993662334746,1.062659469586364,465.72106116885345,0.6152131219207897,0.00016753976628506166
29369,-0.8135204316707174,-9.357083905330846,4.201314208827955,0.9793937612995489,467.1604838673661,0.05388788011425483,0.0001675401085109513
29370,-8.85128439977651,-8.812933312478842,2.2358354897461057,1.0238231055742053,467.22333793555697,0.9295979786270854,0.0001675412170621626
29371,-1.1573983596809647,-7.917401704051269,3.717086505846831,2.2516684390577684,426.7882401519503,1.1589556246538395,0.00016754290318943057
29372,-9.973959052321852,-7.299015916607238,3.4740792725080922,1.0963029758200298,284.6081098561314,1.4653191096839437,0.00016754841347001403
29373,-3.2706974824241,-5.517415320491566,4.260172142406679,0.8797319735475587,224.452098104931,0.21105591951043046,0.00016755596359990834
29374,-6.198120714984423,-12.456545820814918,4.637859855615605,1.1755099927593842,299.5619504093843,0.8380940613047079,0.00016755675034761306
29375,-0.956352165895936,-8.358047119382277,4.039850261650582,1.0609977292510864,201.81096595936702,0.015822052922566776,0.00016755937960837657
29376,-7.7960812801663,-5.857903645156465,0.009592005637949505,1.7656389075290657,468.8969121174723,0.5259977165356373,0.00016759356632642985
29377,-0.9324786751035781,-7.326438313621723,3.0621901970899637,1.9051816651686588,468.4510114181736,0.6552111393157078,0.00016759528111026092
29378,-3.5674356950208708,-10.400406328061365,5.1277559571022095,1.0944404568612272,260.00653362834197,1.5166607965641505,0.0001676174840132452
29379,-0.9173406493929583,-7.4969716813675555,1.557265796909666,0.9212590365487932,179.76921225260833,0.5824454901322857,0.00016762117391410763
29380,-0.9719425165968758,-6.967156028073021,2.6275130157356257,1.70373376363761,402.01875422005673,0.8312826908605375,0.00016762368217582716
29381,-1.760243219035189,-7.334981457285369,3.067552125102405,1.652567014250571,386.81582778875605,0.07835307083144016,0.00016766908804168417
29382,-0.11402608628435296,-10.249916445729902,4.146355512122868,1.578930626680633,364.0560931786309,0.23947640111846535,0.00016769144852594824
29383,-1.269913533299615,-7.3382087755370415,1.7773087353995913,1.599675060018685,368.6732246578186,0.04290476150993339,0.00016769488799459064
29384,-0.5383635974994068,-11.134987171368465,0.19230829616896483,1.1348986126146385,267.71101150496884,0.31094330242593227,0.00016770007612747532
29385,-3.4990040772906505,-6.275325356942777,0.41457637948911236,5.488539794269961,646.775870071186,0.5714982387208982,0.00016771421748830497
29386,-1.7280875164982916,-10.10402355065202,4.1631137409140155,1.067972401038212,277.4042529943884,0.8532538424784812,0.00016772982116966613
29387,-4.034116080508733,-5.764629589970424,0.7210734064796142,1.1006969590201443,467.4643334981668,0.5462606224279423,0.0001677303093098239
29388,-8.257896214013474,-9.60879943408675,0.4723447331921496,1.2241636316228555,258.20822611397455,0.05702884687042964,0.0001677387886019544
29389,-2.0773244127796495,-7.316416171954709,1.9355326578484398,0.9438500102982236,397.44419974107336,0.9399304565195186,0.00016774156643706956
29390,-1.7498019908349463,-8.735898942320715,4.167376454064013,2.265447082597454,423.4969888169865,0.620459455839037,0.00016775467593499064
29391,-0.05757794741684208,-6.947693054595108,2.3339180115833646,1.6970284681680183,468.40970510455963,0.044226763593809615,0.00016778644902309812
29392,-1.2722039879315528,-12.125244630851881,3.9904315254426717,0.9333613776606393,468.59315769658036,0.5982383617113003,0.00016780028194255658
29393,-2.5769410943733497,-6.358807638798652,1.6520829757712066,1.0499586169501498,277.2330124022198,1.5775113667570038,0.0001678141064596173
29394,-0.3367168835167895,-7.347381101509946,3.1585771452541214,1.6968540880402274,401.2642637963071,0.7911729033631429,0.0001678315898811187
29395,-2.7361310610385576,-5.9834529936185525,1.6453980018247296,1.131240667798135,255.59686336030427,0.4519692779749489,0.00016783598040637278
29396,-1.0975136409795123,-12.312767446602395,3.9362275716932866,1.0228583042548216,255.58176155864012,0.9863717797421447,0.00016784813735267183
29397,-0.37069600047231255,-12.29600944401113,3.9408743866644964,0.9815236351680057,242.3807602639685,0.12210509550568549,0.00016785701782911906
29398,-1.485731246060375,-8.38990339154361,4.023970660503552,0.5153593573127012,149.85179384081846,0.9948340222599272,0.00016786593698754935
29399,-0.27058585648783584,-7.192180503112004,2.8456728509073828,0.5663832889395721,131.9340056297812,0.5815792801601054,0.00016787436189948104
29400,-2.1457600138135504,-8.998769216834404,0.4570104497314917,0.8997051435767235,469.76174495457644,0.16348078986472814,0.0001678881169667746
29401,-0.7701251844862984,-6.907556046674571,2.4088068238320255,1.9052254844234562,468.968791824302,0.6022823566860849,0.00016789873199803904
29402,-1.9628997211004613,-10.492237051676694,0.18151632769018072,1.6631801724945108,361.3241596244797,1.4047166645741074,0.0001679036436420779
29403,-1.3038725827564335,-11.108372573192593,4.05100494620817,3.002505597056623,497.7103620316821,1.2439749724602036,0.000167914806789716
29404,-2.9242450713469985,-5.485636022063325,3.1512182824022132,2.855163466609987,482.2761258151145,0.9854070970374584,0.00016791580736795524
29405,-1.0307392031796851,-12.958697297568591,3.8759580689652693,2.3778504605247672,445.39707949225215,1.992619348166131,0.0001679186919582818
29406,-1.4615968904429746,-8.724714725426896,0.6279624351409312,1.005242856217807,467.24177351551623,0.760702125739396,0.00016791974717569964
29407,-1.6836776953730102,-12.71874590933025,3.8858158187588066,1.76936309599127,468.13203759209034,0.14288663214578,0.00016793572951881192
29408,-0.11956773718573999,-7.219698528629548,1.984394185417778,0.9627338355571771,467.7610891017334,0.16240045389252789,0.00016795494382895127
29409,-0.8942824367391538,-9.670700303054865,4.191788501652982,4.496815991152,593.6943933639346,0.5899810337452784,0.00016796619752781677
29410,-2.7343132738716855,-6.0011320874743594,3.1836300390050445,1.1033666432013758,154.4870916503865,0.22495256208300685,0.000167988285188566
29411,-9.29391084553709,-6.907084977274628,5.117126868165841,1.7360406701640942,410.1439449350769,0.2539430144833892,0.00016799239360595195
29412,-0.5700851602306258,-7.243827510565638,2.929571712733574,0.9935561466511325,468.5677584639763,0.7494973622312946,0.00016799864933559006
29413,-1.9641387648173598,-10.584187960214425,0.1716645528973335,1.4558613877973265,289.1059026338423,0.32659010401388233,0.00016801348481568852
29414,-0.488692695900637,-6.934115833393519,2.3081366291305834,0.9795354108133941,141.78800539075263,0.2554274691998444,0.00016802902871586534
29415,-2.3542703628201362,-6.937783404026472,2.1889455026835134,1.343087417046746,327.475022162984,0.41082637068104866,0.0001680393814044434
29416,-2.311594297365972,-7.551316500018865,3.365959550826673,3.0334549724489075,497.9272954752428,0.9610008424101375,0.00016804469585153894
29417,-3.4815926169076796,-5.609899336396389,4.489092452425688,1.06997114006418,274.2759621464499,1.2100061105009159,0.00016804803204378488
29418,-0.9125117884173637,-7.538883888908506,1.5808977938646358,2.138412232687334,413.76304634332723,0.4506228547667055,0.00016805033801822527
29419,-2.373764921426793,-8.239905400446808,4.227986456994495,1.0918021880177318,289.7871541192766,0.8638859251757376,0.00016805335813829732
29420,-9.809279883945052,-5.7200066842773944,4.587650785953569,1.136210989143936,467.38188460471133,0.5477691264374052,0.00016805384903441462
29421,-2.6671700613836276,-6.713156351589883,0.4728545195789024,1.098404627848612,236.16709445842267,0.8658485519988082,0.00016807609824596648
29422,-1.911554473966742,-10.027566230433633,0.24116112432005057,1.9383473051723559,380.13152268769585,0.3448757365778006,0.00016808233930546473
29423,-0.56111198792245,-7.188063446291887,2.1065419864822172,0.7765101246102014,163.5974534960225,0.77616253849303,0.0001680844073524558
29424,-0.78303080523769,-11.925874756023584,0.12679521608493416,0.833287194335464,437.9757842936699,0.23030071387205808,0.00016808871420942624
29425,-0.9936582762656361,-12.253860476798748,3.9405990313667805,1.8810127077144891,389.96085328963227,1.5856814563345063,0.00016809017726357255
29426,-0.836688895302709,-7.622554236876449,1.3200808725339355,1.8751560275227015,450.0883077945157,0.5514188880369328,0.00016809452241708705
29427,-1.207165625215847,-10.29722685182283,0.20135548538817788,1.282056734993671,304.0091051836877,1.1202038477145821,0.0001680956978866016
29428,-1.7925782883047852,-7.323358801612694,1.9379099701494276,0.952816000751574,249.60718317793956,1.5472710834749472,0.0001680988677766781
29429,-0.20103149984832314,-9.010219770157633,0.525644283408939,1.1714340253646551,272.15986249978187,0.4021946077154821,0.0001681114780911457
29430,-0.8277702662546265,-7.110700058769662,2.8009938865361423,0.9753951493959298,271.29445221643624,1.1584510018887224,0.00016811778764548322
29431,-0.6268648233919052,-11.654607651703573,0.14816291774900914,1.1458376459129866,468.4284633810967,0.14731508099743262,0.00016816645521872253
29432,-1.1722530803066107,-8.264713174173163,3.983254275674294,1.8507383579171195,466.05788999965466,0.054244420337036026,0.00016817196549603
29433,-1.4048544876239948,-11.38615495007123,3.9973802631937287,2.9420376436926534,494.01382420034724,1.4255398849281269,0.0001681784946956033
29434,-0.05397276667818218,-9.638685287729764,4.189759376956507,0.831601916962331,177.99561515720723,1.1195987194705692,0.00016818602205164541
29435,-1.4026158540543303,-7.609580707206411,3.406452530998569,1.8794790380619542,385.93049349488507,1.2277677847383108,0.00016820641104838663
29436,-0.21365899911844366,-11.203602411455403,4.040156283621242,1.6839062935076352,395.9332574482521,0.526889875221479,0.0001682122647804354
29437,-4.739966299344317,-5.710740524895361,5.075491736751827,1.9826520080696926,400.055176931955,1.3821665457254406,0.00016822795996755539
29438,-4.472024871726523,-5.543237388760312,4.632289753296578,1.8168304155959514,441.2085015066333,0.5343385754091505,0.00016823425012936453
29439,-0.22542291137978054,-10.933714777082066,0.19011744600014874,1.0792312473712493,467.5050153593417,0.7651054061886375,0.0001682396459804085
29440,-0.11913816671303579,-12.554691320906619,0.13694619777932704,1.5474789618034532,365.40683490780475,0.2459470248123603,0.00016824101009685138
29441,-7.912952917359215,-12.008243847153226,1.304307358530131,1.684135255557296,397.0726270754112,0.47842584948044387,0.00016825861418290052
29442,-2.511131780207273,-6.578872113234999,1.6609807447315565,0.8600670525075653,467.4410026962909,0.03601594506041739,0.00016826992991453174
29443,-0.6886051278766931,-6.990163586691001,2.2171087020306213,3.3057214922224047,517.52038913475,0.840639608332026,0.0001682839845394593
29444,-1.6905383250936072,-7.0005378299353,2.6658637059119057,0.9613836021067669,469.8857962912319,0.09833164453796517,0.000168285256467516
29445,-1.5279248485003087,-7.7745551600760985,3.6131322108265858,1.0993731750904117,289.5603705444399,0.9988525754349684,0.0001682869835923121
29446,-1.7150171423426972,-8.749866510963326,0.6086723462676088,1.503533939245397,338.5960763692348,0.49077348917009456,0.00016829105094859175
29447,-7.140517976961831,-10.244733859684157,4.7508896412131225,1.2691626679999948,285.63585235343965,0.09035837728518814,0.00016829145637539968
29448,-0.5159989533995848,-9.347094661263345,0.40983921385141514,0.5603776276719707,126.81718204126497,1.0239409872439333,0.00016829303769386503
29449,-1.9288810358961186,-7.604534418120731,1.3049367209390674,0.9321858947438109,467.20763157061253,0.05437159682317638,0.00016829425018990784
29450,-4.2489211944690535,-5.084582888944733,3.786284177282722,2.707671491537797,476.8346915024143,2.3397367427696354,0.00016829522466225446
29451,-2.1670888082171036,-8.062107392491667,3.830774411982148,0.7764537950718866,230.26817558221478,1.1596261715311185,0.00016831368199429016
29452,-0.5660194662921718,-7.128630652090156,2.724025227202541,2.260850841862993,433.7284445564052,2.0673908411149338,0.00016831582108547974
29453,-1.3518861254097008,-7.007575482580579,2.6768809869906818,1.231233077442994,265.0894654772918,0.18261821229597164,0.00016833478694351078
29454,-1.2454455083219464,-12.44604277194637,3.9234862361356195,0.7555394880588339,454.24759594468975,0.2984755397255867,0.00016833859054755487
29455,-0.24481990088400174,-7.724229129709006,1.1991193416312889,1.3471852740360708,327.8995307280852,0.2830430975397453,0.0001683442237453173
29456,-0.3265666971260668,-6.942679458846041,2.234739486485762,0.5823785946324004,124.2934936411673,0.4953485046911714,0.00016835979520360303
29457,-1.1041543711596464,-10.281481796629954,4.137639873311199,1.5718285088461208,359.6597076082099,0.20739196694733142,0.00016836994515404192
29458,-2.495306390530808,-6.936037947903933,0.6663165747038086,1.679447957689517,366.3567656209299,1.668964961610535,0.00016841318153612935
29459,-3.355354713384603,-6.577889656955744,0.2547726505430975,1.8099390513794056,436.75508480766354,0.07660795140691157,0.0001684158879032808
29460,-0.17403464846974437,-8.769763193821422,0.5916389441474115,1.1458000914001172,236.55091812242588,0.843709731417321,0.00016843987098811504
29461,-0.5543447972431785,-12.75343227829157,3.8767764340189443,2.1205017075857415,418.88346387593054,2.10700770013833,0.00016844747617994005
29462,-0.3756644967241858,-8.226643105021024,0.8722306930089774,0.8735716359836907,468.3798426682803,0.5288140994285291,0.0001684651036933697
29463,-0.656711845529669,-8.617099146202428,0.654224434829443,1.8504899751541137,468.08880047844093,0.3753868035228445,0.00016850839558924367
29464,-0.757439851077347,-10.24766028043452,4.1405687510911235,1.019963729347127,273.4796040773454,1.4352222284105993,0.00016851704426731965
29465,-2.092403034989373,-10.402715151490709,0.19723537542695174,2.5061247605176997,452.9642193938377,1.212255569351984,0.0001685242920868205
29466,-0.7286692307087232,-11.36367069464311,0.1605527103069339,1.6158521836149935,468.00097185891445,0.5765746084328525,0.0001685429250615072
29467,-3.4507584939445444,-6.274238660477462,0.41159324045695184,0.8365677854786417,225.72947770679158,0.30545455689471535,0.00016855898620110312
29468,-2.0101307284997834,-10.93234175933984,4.024980875456706,1.7219195491232857,361.5688184560799,0.27412939538985714,0.00016856267301518883
29469,-1.1835651128829898,-11.942790099289088,0.12583534794907075,1.6025800142692368,361.5036821229244,0.930144854236608,0.00016856540829377365
29470,-0.6635146149123123,-10.868229858254578,0.19685796169777348,1.2975971674241984,288.7539306257296,0.5364562754833093,0.00016857185076706656
29471,-0.8208107210222657,-7.2735031764986635,3.081864714123601,0.6875390471411658,139.38538704456641,0.5421851007398031,0.0001685730972079303
29472,-1.6033075460596695,-12.072082810179731,3.9444125260054577,0.8500723701675572,164.8112270191534,0.25934782328677386,0.00016861186441263762
29473,-1.8094878930610996,-6.924551839321505,2.4126442975353917,1.8044292942048967,467.96620138346856,0.40325228251819834,0.0001686122471112944
29474,-7.137375105110383,-11.008601574131166,4.415458289846916,1.0596358672065482,284.59681703261447,1.5677179853526848,0.00016861235661231954
29475,-8.25892522321561,-10.039112441556782,2.501030543292315,1.8400329300259055,467.7005662702697,0.24366706813643635,0.00016861970084228674
29476,-0.331349258156612,-12.615782054861498,0.17031536776518033,1.0342404537767023,276.4097420036105,1.3833580657723568,0.00016862842563873805
29477,-9.949790940672383,-7.407972510941336,3.2373579207072654,1.1249256039316504,234.07114411341743,0.3855679992020349,0.0001686361654793306
29478,-1.062979399805501,-8.52880226374437,0.7339526311620241,0.6459661315326302,130.51314306837585,0.08637582658023657,0.00016864130878996918
29479,-1.1428708571041373,-7.393290344392164,1.8170457953060124,2.4425540230429363,449.50111923089764,1.4652865223660392,0.00016865814267460124
29480,-0.5765768547475751,-6.984627727324487,2.345895551920905,4.117194873596444,565.1182115583197,0.3007803519454484,0.0001686614634980586
29481,-2.2701706234056616,-10.218847751815302,0.21865984232206515,1.214588703622433,133.7240025289252,0.33788864266186724,0.00016867108026366728
29482,-0.923429492583951,-9.38385368887512,4.221440480335434,1.3514217277496972,325.3031253671836,0.8102845328581108,0.00016867258053838765
29483,-1.320361733810243,-10.447128463307767,4.115698606531555,0.8114549656705421,166.29908952594658,0.05548812341603604,0.000168680031790956
29484,-2.050446659311449,-7.4163342145899245,1.8401931849155966,1.831233999080007,448.37263602872474,0.3590180369104514,0.00016868502956121973
29485,-4.64912171025377,-12.74468602479816,4.613347802085263,1.5343741279391214,468.726059405246,0.24906645311831266,0.00016869023415868491
29486,-1.760773234284276,-12.956598876612562,3.8685980648129443,1.3275835616727885,325.9141261771612,0.3944569137633236,0.00016870499437401823
29487,-1.836554947196566,-11.611134665518867,3.9710047006935905,0.9959947958603425,261.0970241366676,0.6652871002665153,0.0001687121502394778
29488,-0.4874838486193873,-7.1272201583304735,2.8098642398682014,0.816337530413257,170.8751013184061,0.3923118116434079,0.00016871597581821776
29489,-1.8847354990864122,-9.490246079458762,4.214308779195784,0.6692341302506228,135.16636543663918,0.3333944290887505,0.00016871887569958174
29490,-1.5730626265313283,-9.31166312960993,4.222135286029702,2.309256848067666,423.1440336261891,0.2672506963370438,0.00016872029268637616
29491,-0.7933112626371077,-12.574779147405817,0.12017045711488895,1.0521161936134549,273.78462392324525,1.0952815213474727,0.00016872351008957834
29492,-7.952993431883274,-9.61159889559167,4.009816342476926,1.056931676117788,466.9822057306732,0.5939684899964908,0.00016872895312624128
29493,-0.7913397443950636,-12.185513784585671,0.1263582368007229,1.858525098159248,467.33379758242336,0.19487132712985566,0.00016873169220609117
29494,-0.6906882676284045,-7.477100724283533,3.321655465327051,0.5245581507000678,120.10552513433689,0.022866570004910436,0.00016874045849286297
29495,-1.216905698713692,-8.206743679847701,0.919038831417227,0.8565793197243848,246.96550759647198,1.4056584717554594,0.00016874229902646265
29496,-1.8308456497508825,-10.378234092172262,4.123305646715814,1.0836013245507847,280.65413400683065,1.81804206739469,0.00016875502282114472
29497,-0.5139506392841593,-10.444237391570582,4.115473572913461,1.1638613368897357,266.1210170046222,0.8397856152257308,0.00016875642760394693
29498,-2.137821187453188,-11.028282508308674,4.058567815663334,0.7010205826808902,175.92823622109148,0.5180479373071947,0.00016876272516635758
29499,-2.762897435307946,-7.427883316477713,0.11508784058722096,2.689003156607302,473.3664976429851,1.7133796045199539,0.000168787268915665
29500,-1.3367179266809703,-8.56210978745749,0.7011167254312496,0.8784010868383162,253.2915503231937,1.1331756234026438,0.00016880889752049545
29501,-0.4796184367731744,-8.629682881901186,4.131711165940315,1.6643869710663919,356.47940225187307,0.9487746529849614,0.0001688127585576221
29502,-3.4341333915712298,-12.373156327724983,4.62406444241596,0.691158036828951,212.8258063523865,1.181131903008068,0.00016881821241885342
29503,-1.7806459671867305,-7.75685053651234,1.2048616570653057,1.518731477105627,359.5978874721424,0.48049411514420015,0.00016881914757872827
29504,-2.208590643561447,-12.183809283920322,3.926914139704499,1.6694169083993198,361.1665676584199,1.2903736662726528,0.00016882264221989836
29505,-0.11446144246222367,-10.041314466761857,4.162275933994082,1.0421167939933582,282.5467029439592,1.3157832585352613,0.00016884072542592052
29506,-7.98735878079624,-12.408293225507336,2.037205580185286,1.1737664461410453,300.5232665837953,1.3597357437871986,0.0001688426508244505
29507,-0.6413633444035778,-11.881258856019473,0.14654832090508124,3.8409631149876895,556.2882495675219,0.8148940705030103,0.00016884507947473846
29508,-2.1588025310286563,-7.409310497754134,1.8015775100641218,1.7735407813832658,421.56401428318156,0.5789385863578085,0.00016884617609321396
29509,-7.549840370936886,-11.293440831688752,3.785575264195133,1.0908742673803173,230.24361809974525,0.03461966395894667,0.00016885344508311086
29510,-0.5381188373689589,-12.149526311912988,3.934545670013502,1.8917651893766592,387.98560792831097,1.3195823607182602,0.0001688610648769583
29511,-8.894284401796835,-7.545209240570477,5.127076737067555,0.9896727610978305,258.75595231249326,0.9910767648973957,0.0001688682819334292
29512,-4.138409717016849,-6.370315516134439,0.278448143709052,1.8900789418366426,468.41002071001606,0.4783599394885689,0.0001688716968269391
29513,-1.6133386795509335,-7.646247744292927,1.4512872343953938,1.6841070266638904,466.4157804671496,0.5174152902245011,0.00016887296349749262
29514,-0.7376864461834316,-10.848414758015478,4.069199923292957,1.3838305096506835,158.933706148079,0.4050824112445275,0.00016887481567243916
29515,-9.851128302876722,-6.41829215850022,4.481523670247235,1.1364665712267608,247.3513615998925,0.7343640635233504,0.00016888005014228892
29516,-1.8945492397464108,-8.973217166179676,4.233808695463688,1.8590714549051437,447.37957964683596,0.0663019529629647,0.00016888142250953597
29517,-1.0839298065901701,-11.830444886873295,0.14538045582525236,2.7275183720766916,474.0584448418997,0.3440668316217286,0.00016888500203953764
29518,-2.3398880624185985,-7.086879812792528,2.3698448287009075,1.8098528275912538,468.02670627241156,0.029033142559626413,0.0001688895533349143
29519,-2.0073865047344537,-7.857151322162646,3.6845602979901297,0.4743845431833932,126.83064914978515,0.6105997244646053,0.00016889248866547413
29520,-0.1426436722594957,-12.38419879859426,3.927018866096555,10.924888624597271,788.7098871436444,0.28494954942440653,0.00016889957531385263
29521,-4.2422757398477895,-11.647241707631478,4.729610135189096,1.1252629642912197,225.56017280616888,0.6931655452888803,0.0001689124715425212
29522,-0.33765901309716106,-7.35503218197569,1.9629713077309139,1.1231196438742594,293.26922357282973,0.9771806875794988,0.00016891503114697316
29523,-0.4182050714460228,-8.433902238411184,4.026742399128893,2.1877264212296836,424.8542706157227,0.5482145980304294,0.0001689199758876564
29524,-2.339497022328331,-8.31274568105109,4.149692354861848,1.0985744717711028,286.89716545840645,1.4144745543847685,0.0001689389995811083
29525,-1.821591516397401,-7.753194852648044,1.2073967638896708,0.9744996140307581,256.50473573972704,0.28303563735300585,0.0001689485484237995
29526,-8.834092317495527,-8.758782249644224,2.7444633508842737,1.6341614515389884,378.4589065974175,0.15434614987590933,0.00016896357937339854
29527,-0.36336350712998744,-12.101602103202978,3.9858610442993423,0.6883276857733156,173.97085532390756,0.6698314156888143,0.00016899572497214483
29528,-1.4081979922224637,-8.794048592027224,4.170527554009452,4.043690644989356,485.96497494612294,0.1049949255182403,0.00016900149732688936
29529,-0.2325617715714028,-7.214299407871402,2.1407709665557157,1.1418523938974923,468.902111075211,0.7768602834994605,0.00016901330086713622
29530,-0.9677712414020032,-9.82264870239237,0.2968036039000686,1.2527037663857958,306.6720184784033,0.9081569076979772,0.00016904433909897742
29531,-0.4633300437927481,-8.12955647751097,3.8935638991381256,1.133516037422575,296.8313949744418,0.4794708273995285,0.00016906070967538805
29532,-1.9129398795919368,-11.192538914922602,0.19281014849513742,1.28767601897452,273.84789557120985,1.0151046923433533,0.00016907372808448975
29533,-1.6029412476031872,-11.528298914178691,3.973886356044002,1.1408130969415,298.8280947738039,0.7914647066503688,0.00016907943759182536
29534,-1.1133405663869969,-7.342162573670895,3.138935571392856,1.2779803999848576,319.1286267618663,1.426566518519274,0.00016908463776190758
29535,-2.1619068621852726,-10.18698820413002,4.159038921299121,3.3123895421759335,368.98031887730485,0.03896600271550543,0.00016909822906181507
29536,-7.179771325863894,-11.41324826867283,4.262082146781146,1.0854252815998537,216.3978785606851,0.1186090703278202,0.00016911382670439386
29537,-1.1606914713374863,-11.596428253872363,0.14756861044443145,0.94688715649109,187.55825888213238,0.8165422250302212,0.00016912327459418805
29538,-1.5597590027677875,-8.034606816119119,1.0464660465290305,1.993072757972304,397.11815902853317,1.1049595996768113,0.00016914637825193098
29539,-0.34008227427813154,-11.938325398332905,0.1796789090180348,1.330910448219953,468.2864265650796,0.4413035968994974,0.000169175072181671
29540,-3.0983906511173034,-5.766521762039718,4.241449449247154,2.4103997661486782,448.8247081177573,2.1766244261951257,0.00016917584323345133
29541,-3.0476393509799893,-5.268741363679156,2.891368495200276,1.7516079913864866,415.34303675121066,0.03297515474702184,0.00016920312169109008
29542,-1.1718030670125472,-7.647453780083397,1.43778811673955,1.1097337266071905,262.7776297648264,1.3339007742075344,0.0001692274830370681
29543,-2.5500199482789903,-6.353891869471511,1.0861509861402379,1.4034666346406441,315.276940089435,0.0960846406040643,0.00016922815326305652
29544,-9.431821396024953,-7.668487553704207,1.5502183478325349,1.5710124656615547,467.98954036622536,0.6253156396463888,0.00016923921113924173
29545,-2.056268095903093,-7.324828187567944,1.9156946756250344,0.7780127342854463,426.67250724345314,0.18483026485561727,0.00016924638592867423
29546,-3.4433568284827096,-5.889582448637461,4.928813636892524,0.7230984093802588,195.88969197252803,1.3557251831490271,0.0001692622210953894
29547,-9.63403893775929,-5.952419599333418,4.850517699968105,1.197604211870012,468.88862035407175,0.9095989100724955,0.0001693053058588583
29548,-0.663133687064537,-11.943087872245878,0.14806556096808662,2.005690813475945,402.67265738050065,1.4279587153477484,0.00016930538114431809
29549,-5.444065750414663,-10.484545397095895,5.128958667520946,1.5411999041436457,468.77445086965,0.8515475399010546,0.00016930810484122114
29550,-0.9078033548012261,-8.535831062844633,0.7456468386500685,1.0764826478847722,470.0327822346095,0.2305481998687524,0.00016932084411388503
29551,-0.47977445103978056,-11.904867325373647,3.9471517128603075,1.5380981400696392,349.42358642753624,1.6470486042272023,0.00016932455132667666
29552,-2.5256786022869493,-6.797082597473741,0.7216154108347083,2.7236281534055014,474.20526603260595,1.3132151727269532,0.00016933178449969757
29553,-0.5204652235618035,-9.131968978347697,4.193773057521905,1.6865391094754987,394.98033554128034,0.2529852544806115,0.00016933738254972723
29554,-1.4326556818583285,-11.599472407818045,0.12284980753198774,1.0248298689790902,276.03125695260957,1.6421021033672618,0.0001693420865757286
29555,-1.1604288382144983,-8.607023795305327,4.120834769695856,1.0871719600295917,467.6205094595312,0.562798672619059,0.00016934287771618297
29556,-1.3165445592924954,-7.563019147377854,3.418200201484903,2.2573838367822643,263.0265906034401,0.10596935285109677,0.00016935497457993038
29557,-1.577076967606196,-7.011429332681133,2.223170327062106,3.8131387333169706,227.40966408231222,0.30231192143194985,0.0001693664169544432
29558,-0.7176370028294361,-9.368062852067752,4.213936063249184,1.7419054935021363,364.9553893977683,0.7965844213523043,0.00016936655893232333
29559,-2.2243424906305655,-8.134637858810205,0.4889221882210999,1.8434595993263017,467.6612453886566,0.10204798813676508,0.00016936754574627566
29560,-5.303984385407075,-5.323959555176136,0.250740981220945,1.6299853646340734,387.0426394247518,0.4656906185127081,0.0001693709857844752
29561,-3.7550156116904336,-12.884003502256325,4.5903351686925475,1.5999244219238837,370.00993080372996,0.07695021181878747,0.0001693725593272462
29562,-9.341748870557485,-8.087500162351446,2.9789823579326224,1.3189044450797347,318.20375849774206,1.0120829135182543,0.0001693791474684532
29563,-8.250964902434072,-7.96474257533757,0.2798879140123143,1.2319975742282472,305.0952720481305,0.8778281122095146,0.00016937931797770248
29564,-7.480881615648258,-12.170587645656555,3.737761385602046,1.170952070049349,220.28823902286558,0.04838701023599068,0.0001693981197614793
29565,-7.866446787890695,-6.351315459818973,0.04203356639342178,1.0521485096116117,282.81708411916696,1.914764276009266,0.0001694000736763244
29566,-0.0646624270734204,-7.452634431289913,3.250037972389903,1.4290978369042329,323.55152271652287,0.9915368941708884,0.00016940737036495442
29567,-3.593383643775879,-5.323874344663089,1.3578352600826005,1.3311832517159747,325.6270463927698,0.26781657765739286,0.0001694310850080093
29568,-1.7477819786447988,-7.085613083714453,2.165758680428335,2.817817381523813,474.68806234286956,0.7502562533994439,0.00016943204383448098
29569,-4.756819483716569,-6.223933608812382,0.2447185375612813,0.8596247072790997,176.72995904532183,0.5104496480755998,0.0001694402741356962
29570,-1.4872939218911618,-11.714205767646208,3.9577818551162656,1.5967371252492766,350.88302783989224,1.329623106580219,0.00016944275291173178
29571,-0.12410524998433559,-11.514250542634288,3.9719068437809875,1.541882516347544,468.7014701840167,0.8198364506610547,0.0001694430816921664
29572,-2.8806034934628446,-5.408534893002539,2.1940578385987743,1.2470679322294302,311.7947620539453,0.4853143552959196,0.00016944357212208115
29573,-2.387112006399093,-6.955429004807153,2.2830882790921088,1.922192515005842,383.07171051977804,0.6082563274187338,0.00016946274476986018
29574,-2.0066024873095767,-7.150899942652055,2.825605414102595,1.75608050057528,416.25576064699266,0.2011112022457331,0.00016946584138625138
29575,-0.5419807129535066,-8.409234703494224,0.7920048101502786,1.5599566371292832,468.2976962409742,0.4858890294736371,0.00016946634332356164
29576,-2.7487266332675784,-5.885030778819154,1.744080856652536,1.0511609264126696,274.1797825831705,1.7770615972300083,0.00016947274822798057
29577,-1.5276898033765036,-7.461893321144353,3.2556286687584484,1.5461617032380832,352.32925526266064,0.9658049201591261,0.00016947482670834165
29578,-1.0635110461740105,-10.076067369753195,4.153668637089897,6.1791066064152,677.8708716178201,0.5106501196867583,0.0001694907634925903
29579,-0.03232351011541468,-12.103121576808824,0.15836878786919947,1.1647505927084298,468.57878177074525,0.5019836711843091,0.00016949292859748787
29580,-3.6068980225852787,-5.198308994644219,1.2092911536080861,1.4184938029380993,372.11222071541783,0.2239875680543859,0.00016952065152051193
29581,-0.5724222637212328,-11.250272328389128,0.18154590570010928,1.129655972402662,164.1298536629779,0.3694580191616801,0.00016952225921524011
29582,-1.9874451203798138,-7.624388455591802,1.3039091660231126,0.8825397853389035,375.82306094426724,0.8129541247086243,0.0001695250885613315
29583,-1.599309523268312,-7.6159248712084615,3.454654811096419,0.9414580953294005,468.01416156545713,0.5994704363223482,0.00016952530042420614
29584,-0.8341528909503193,-7.1498105266861876,2.876005674286007,1.5713675015897504,362.2025104354451,0.766081071540591,0.0001695286932073952
29585,-0.7277239387366325,-12.519062236268214,3.927314117327798,0.6084723153568489,161.60149045006582,0.2281393316175695,0.00016953109989505306
29586,-1.5304496385995048,-7.976150719208493,3.759315953544314,0.9077264945747577,175.03770676464566,0.01434994453212024,0.0001695379552658927
29587,-2.1362565894575987,-8.980791469729406,0.5019812941870245,1.8476695090161939,442.71148779670267,0.17409584541530254,0.00016954398565864246
29588,-5.222107242070065,-5.637095335832084,0.16963098396470475,1.4348209949490676,328.42783859507495,0.03441122589113288,0.00016954714826319662
29589,-0.9197200107854062,-7.328776316626633,3.1153300858478814,1.7113048760424432,404.5280504485066,0.45582232946151,0.00016955123248313698
29590,-7.995026197697648,-11.7092604752246,1.5144820769205833,0.885350048535209,191.05780973949197,0.011404624460523038,0.00016957129996695628
29591,-4.059449262449899,-5.407598055965203,4.29896407612153,1.4569332282540717,320.8986373805385,0.45495381446609695,0.000169584442361881
29592,-7.187770316042021,-11.092349666491069,4.335086342158876,0.9495444793676934,286.2168170496487,0.9565858281090058,0.0001695855047996636
29593,-2.0338735238593824,-7.172788549197502,2.8906839829436577,1.6828144344277962,395.10185405199695,0.4751862856277036,0.00016960501864306824
29594,-1.7997733546948016,-12.580993594253187,3.9250527075023185,1.1203898708223052,334.87458239679046,0.8128810150741677,0.00016960714846462184
29595,-4.597476320154743,-12.544292602579144,4.623736384933561,1.7689926017969055,417.8357494180841,0.26183292823334536,0.00016960915143669623
29596,-0.6847995603558523,-7.126918927453389,2.7110828110570098,1.8094379742092161,430.48151850805704,0.24624354376150492,0.00016961001178665894
29597,-2.228085001192607,-9.829234905288466,4.164561718572253,1.3450107962796742,299.1457414880792,0.2433171662518152,0.00016961165894468263
29598,-0.5096183915619061,-7.015390564929342,2.3543938346272535,0.8733132903573104,169.0715089167171,0.17869383483917023,0.00016961504229832255
29599,-2.8849777839559785,-5.401535174052614,2.405016507524516,1.0334324322384816,467.5202031326154,0.3013605796295824,0.00016964531416296824
29600,-1.8252204260912936,-12.326299651626012,0.15010155551477947,3.072059108840999,459.4555351769811,0.18430253975997513,0.00016964890360928955
29601,-1.9668991730617442,-8.542785990877865,0.7312635587897898,3.2680271918421937,477.5271587396901,0.21476479479787525,0.00016966296587817535
29602,-1.5946921202895847,-10.020071326867997,4.15877408836552,1.2489029320099356,304.13426318732945,1.340376235672232,0.00016966636699010615
29603,-2.4813668548475407,-7.045973301377739,0.7302446949042096,0.9943032873733397,193.71325523444466,0.0627227925865892,0.00016966677096454772
29604,-1.0720288465294878,-12.175480229221822,0.11069814266091782,0.7030639013276335,468.7211361079955,0.40001963813905483,0.0001696704170120335
29605,-2.2792870276475243,-7.08054023110855,2.584279027382193,0.9718470481515743,226.49046616624932,0.06413342311552395,0.00016967283841338226
29606,-3.556361760657798,-5.252901274357564,1.2844774571223185,1.8936011073445291,468.114882739153,0.3936797985812257,0.0001696748902037153
29607,-7.705518870975893,-10.580988346906246,3.769950342278116,1.3407433475782382,468.63577732613476,0.29555621200418347,0.00016969888572746937
29608,-1.0865947960084519,-7.361097726964711,3.0658387445240676,1.6691956871296898,392.98800036521624,0.44513363800071293,0.00016970441350678593
29609,-0.9763216287688099,-11.195071279376428,0.18517226242068716,4.565913856344244,589.8341808673276,0.32339839085185496,0.00016970771381051252
29610,-4.47976499329739,-12.610282360054317,4.618794876344801,5.678268884471141,653.472371521592,0.383227527597759,0.0001697144662301757
29611,-1.8460255983231804,-12.757154553513175,3.8649112059740327,0.8014452884389381,210.63329806365627,0.6264047095427197,0.00016972033945944785
29612,-3.43006559682064,-5.032341673569135,1.686617946714786,1.3895647069596386,328.6299846757005,1.7446706555170062,0.0001697270810571114
29613,-4.329646530409105,-6.46205791551855,0.19342139562291988,1.9643561420130404,393.84086698714674,1.088033423683025,0.0001697352191086933
29614,-0.1436854183508789,-6.9977562122932415,2.537468660267249,3.6113014329797535,502.25011079395256,0.16542488671544842,0.00016973861912265997
29615,-2.1679957682934408,-11.555082955206345,3.9999022162696556,0.7945661526911701,207.52986222972663,0.19722205058103626,0.0001697412574097838
29616,-2.1187297280681765,-6.951883235837453,2.188735396896694,1.3346004714833644,327.6297193803949,0.5628294912351146,0.00016975600502619156
29617,-1.9346823275588783,-8.935544985538357,4.231593246441827,1.1883736963693583,467.28545481377887,0.22479593327994074,0.00016976851602812186
29618,-0.9469165522358196,-6.997431812219061,2.5342842557988607,1.8777080397429378,467.9834148691575,0.21997712938264247,0.00016977529569705229
29619,-2.681523846479581,-6.425144089406772,3.6357369938174466,0.9179288664050085,185.09843308796394,0.5425074652387947,0.00016977786397188524
29620,-3.061576776412882,-5.393067612006467,1.1296628737837495,1.018067982892986,201.13571010772117,0.6161712026675099,0.00016977914619584281
29621,-1.4745332184156261,-11.435773322470677,0.13359778427259977,1.4752837755009647,344.5384125644784,0.9316283506716845,0.00016979124821995192
29622,-2.5069515612651774,-6.592785836314965,1.477963031014918,1.1722471117338147,236.51904119810888,0.010362962441311296,0.0001697992372545654
29623,-2.4112406256918195,-6.913826560016465,2.1446651835190838,1.296493915909435,468.2524100301734,0.3636377068987562,0.00016979960333080024
29624,-3.872901473937736,-5.885258287614102,5.035260539965798,0.8708446748665088,222.35752793769495,0.7697001919698829,0.00016980366244840055
29625,-1.042330329626056,-7.081352151567756,2.751326836434494,1.8085271734050972,467.81559383231337,0.5514311964082763,0.00016980602021762596
29626,-0.303917641380405,-8.84176384448049,0.5851820860171562,2.2965982634977817,397.33642752239894,0.3193683064582489,0.00016982514974071746
29627,-0.3650149676408816,-11.253209189092573,4.006259864240528,0.9036084929810383,469.61780024173913,0.1263567555628331,0.00016982671602370055
29628,-2.0813267703734004,-7.653480715013588,3.469647965784823,1.109782023374645,288.5566082689532,0.3038711293344827,0.00016983093826430294
29629,-2.44993663570688,-6.881968074382359,0.9152494917459347,1.2350995779184284,308.90529905928383,0.4765040758163268,0.00016983606268448855
29630,-0.8032142064062402,-10.125793035653967,0.23105109784882494,0.9245952168677039,245.86570340529917,1.0465422310133938,0.00016985729559825034
29631,-0.8737447735245514,-7.317014405162652,1.8625850036821041,2.5144393508804543,459.744153527857,2.6319727579299252,0.00016986809561275715
29632,-8.328889462300854,-8.517990900901559,4.713860037321812,1.7203033429936572,406.2469364427233,0.07346432471731479,0.00016987215811730254
29633,-1.6057912255564073,-9.387851999007705,4.192784660613772,1.3539610490312306,470.24502633529295,0.09169284781924603,0.0001698758866351359
29634,-0.9484339452681958,-11.092437373254143,4.014636932234901,2.193693781904525,296.48726882355345,0.5202486727851179,0.00016988169062717712
29635,-6.5067484306413474,-10.244824856859054,5.155106615633026,0.9606316729444271,226.13775815160244,0.3796972923370392,0.00016988190152495244
29636,-0.44117289717515007,-11.693374464969056,3.9806351999840492,2.6387392068142144,469.1791757768193,1.7180841410173233,0.0001698874070258804
29637,-2.312229957299702,-9.246178335366139,4.326559653594623,1.1097264686055563,249.61498017050982,0.20199872850780576,0.0001698896800997069
29638,-8.41451307830635,-9.739647453004192,1.8623169950304246,0.9517274661585129,189.8277845113646,0.8698848601261515,0.0001698912871900233
29639,-1.5672228736785137,-8.42101452891131,4.022721006572031,0.8486619028649331,216.374672052097,0.3482911527226493,0.00016989419875213202
29640,-4.435563867389975,-5.026954633253352,1.034487283043479,0.6216298442522415,164.41224743859817,0.7802751979006075,0.00016989776674948402
29641,-0.044172551403017124,-7.592722435012296,1.6257600586440788,1.1038542845057502,467.88218534719744,0.694753820238935,0.00016990942310231074
29642,-2.0088296035002404,-7.702134443210084,3.542513593550607,1.4933663643214992,338.97759680499877,1.250728846832061,0.00016991115185600988
29643,-1.0053308091325839,-10.598632834209539,4.088634689303572,0.5348374498323799,170.60245394836443,0.32249246831162726,0.00016994146833843626
29644,-2.216974280908537,-11.649996348221244,0.17536641474505066,1.632401074419951,468.1488398728123,0.2654194103416847,0.00016996963045394308
29645,-4.657774109756225,-11.952300611178948,4.690082563077638,1.3632357654697191,304.9427020531999,0.36349941114946294,0.00016997051962932118
29646,-2.0862839204270625,-7.067449565433353,2.373813737066657,0.7525282838656193,131.56957055596763,0.008564480589488888,0.000169971794277571
29647,-9.327333784549554,-7.860162387586046,1.5108038308357263,0.8320647413304352,227.34651722434023,1.0996422737563352,0.00016997464807926602
29648,-0.16539920465534053,-7.139519055718429,2.794721579541321,0.5209842405093157,122.7313182504708,0.49574347650631,0.0001699881630131467
29649,-0.6854117186811877,-7.537702156493218,1.5563665031296785,1.3932929136034757,312.60656378827116,0.06771530112958057,0.0001699951518906289
29650,-3.980941151261444,-5.24124469759209,1.3921291189281886,1.0522888995250683,278.1163173765459,0.2455778663268502,0.00017001274063313242
29651,-0.1580162727977541,-10.666617853743453,4.080243538321596,1.4826366482152675,338.0686465366185,0.8385887016708136,0.00017002262981820722
29652,-4.71065971877567,-5.500166041159846,4.668955840983609,0.9598442784484152,268.43465815525656,1.0408924419122636,0.00017004867154626386
29653,-0.8586438082659527,-7.675771070708686,1.5137959670751184,12.226214092527472,707.6410798675681,0.12938775888130216,0.0001700572135728938
29654,-4.542109771283087,-5.563758333170596,4.64300005900537,2.649181612923455,467.5647408474269,1.3229390143401938,0.00017006120828560976
29655,-1.094878554371407,-11.472744621712673,0.13621264638896424,1.8296576378309388,437.81084836367836,0.29750325332925165,0.00017006824164232293
29656,-0.2648583275743217,-7.544703152045999,1.5479504861048181,1.0070836575953852,276.76449082631257,1.790923044141251,0.0001700707180975974
29657,-1.6834167166425011,-11.404937922842164,0.1641316790893155,1.701352200535747,401.0136686423688,0.24897574686373414,0.00017010371743572368
29658,-3.1141244046344143,-5.391177513957985,3.5759375319004603,1.0206905890056972,136.73192687865438,0.37205793954776123,0.00017011212155453978
29659,-0.018174410807068497,-12.395577151515138,0.1801834551062185,2.49726065649792,450.161883334774,1.0652257787414987,0.00017016280425808855
29660,-0.6591697971880066,-7.764068278183853,1.3454022925669986,2.713906310652689,467.6850502813973,0.8717294698143503,0.00017017782210315878
29661,-1.943468119490884,-12.894849937178003,3.8567816523459664,1.2747427417461539,311.67653898874033,1.6701907679087276,0.0001701842096801399
29662,-1.7991373562245183,-8.106104000739263,3.841201745470848,1.0306844472667718,273.5407835319866,1.4910014235901121,0.00017019738715772162
29663,-1.8292420909092435,-9.230350761090563,4.192127274536527,1.8168816655102116,369.0457098859227,0.5841240721757197,0.0001702326702538326
29664,-0.14799318593835586,-12.94557526389111,0.15558963702642845,1.1671831340107688,298.81134799892027,0.7910410219309965,0.0001702359369176627
29665,-1.9430956573442941,-7.754832264455968,3.649811211943565,0.914232839295739,468.8138313197879,0.138552382680996,0.00017024925688445392
29666,-2.156227435556475,-9.784099792265245,0.25844808274754405,3.17836644984522,513.0635213545523,1.3493735249626928,0.00017026031871277266
29667,-1.9023512622646361,-8.100769690680574,3.8368880724704155,1.1193470960840386,290.4886912990889,0.676393720635188,0.00017029390723026952
29668,-2.230900812027084,-7.164567407722111,2.7193085679127504,1.2056327369623938,304.9448349365232,0.7406608947959059,0.00017029454991482012
29669,-1.6180163599314579,-7.0168113228008675,2.6202053164161514,1.0458867322025234,215.0772027905259,0.2918450287182761,0.00017030331958752724
29670,-1.3343058197936024,-7.5034902411551405,3.265833455957562,1.427354034382442,320.42232860781223,0.9544795975562694,0.0001703069034756703
29671,-1.9694274782174563,-7.6641819630365235,3.5024753255772367,1.583783180433833,366.5902152374672,0.9708273184616312,0.0001703082811116733
29672,-1.1619559208144388,-12.931662782598874,3.9182898391627874,0.7561889668724985,177.34459785815335,1.151638491230905,0.0001703220531032361
29673,-2.230349234051852,-6.873685760317227,2.5028783144301094,0.9265401904217345,255.92076908904372,1.476234350256255,0.00017033804660530354
29674,-2.6189640895724677,-6.257565880812103,1.755956585487921,0.5952422241739229,178.8001266133813,1.300426732442813,0.00017037545872140394
29675,-1.1899442915735392,-9.247392323571411,4.190762374080962,1.002528814527239,262.19395452268844,0.9108106040355235,0.0001703762997301622
29676,-1.6464564579382106,-12.924597090563028,3.854175872104896,1.7451218349802562,412.71934704634333,0.5553039208560486,0.0001703800987426355
29677,-0.5191269320354035,-11.617963354227705,0.19365015632242732,0.7268366778507711,221.36577358803675,1.2123050099023889,0.00017038225992875884
29678,-0.5144276650346633,-9.01213014453352,0.523793808003764,1.7712432081147285,427.7945613992182,0.4675650478444524,0.0001703851368866659
29679,-0.7332573231813093,-12.987355128876118,3.8523881060609444,1.8447421566763818,468.3601092962212,0.5961540929756399,0.00017039887144006845
29680,-4.48302426397705,-6.421905674986311,0.18176876531248848,1.0349631641820254,277.1020754039881,1.7736354951757525,0.00017040767536575567
29681,-1.2322984208486893,-10.29535988868781,4.121116333079506,0.8278944454416802,468.040363615862,0.17878863423937563,0.0001704104005066077
29682,-0.16680650642840256,-7.38842166378141,3.198610730631321,0.8986636213556801,150.52695937731366,0.03564971318350718,0.00017041319331287066
29683,-1.7949726963771315,-7.056183272785592,2.2623746713573785,1.6475345693603025,381.48644751146884,0.0026667672131344133,0.0001704300196425918
29684,-1.9047101629830028,-7.666833852541114,1.4330987716590604,0.7918841174108097,132.83571534743461,0.34343125753991277,0.00017043106670183155
29685,-4.370626235850683,-5.609990426214554,4.5944091962226405,1.1798227855852579,241.145161523079,0.35564049370763673,0.0001704332743188741
29686,-0.5933352486865111,-7.697586612478013,3.5317466402126003,1.5017887069696272,368.7133343975162,0.2949187614560369,0.0001704489494444428
29687,-5.120795130266137,-6.263789347463795,0.0330064357581276,1.2924421249665734,317.69658613205326,0.3073755388819688,0.00017045699845685185
29688,-0.30455948521298026,-9.031927429624712,0.5115863306619248,1.7524633765491797,413.98922705125,0.240444768796789,0.0001704574549341541
29689,-0.3333792108054894,-10.868275193723195,4.054930789901634,1.0497193297649288,274.6360799181017,0.31921458786522905,0.0001704603902163954
29690,-4.78483753695159,-6.392653701477272,0.12817997767035835,1.3135887723370907,316.793504314047,0.39540043070295905,0.0001704713066040153
29691,-3.4153351961287974,-5.159850426924628,3.698518210443308,1.3375843499191935,322.91728477314973,0.5750362705596084,0.00017047406772472182
29692,-0.04639177505777958,-12.673039105383424,3.860722030744516,0.6935626988326424,159.8876506593153,0.7623937467175255,0.00017047463164236362
29693,-0.9979824504486832,-7.418289900105825,1.8331292542705717,1.4108587258208483,323.0922241442545,0.8179027502906715,0.00017048710772643228
29694,-0.11784202182521497,-7.035402957097851,2.2107217193372235,2.862671785435688,489.5262246353083,1.995625431413461,0.000170514745695706
29695,-7.986290645743201,-12.335041337720511,2.0929505255048895,3.6572568245968813,505.52975667423306,0.1633746933633775,0.00017051656705886604
29696,-0.2515627361865196,-10.371093551835754,4.111149764563538,0.7967304635623308,182.67705458692083,0.8474780544190539,0.00017052457092995934
29697,-2.576269695562031,-6.1924772025757875,1.181038547991352,1.0088401219578136,222.20839178477542,0.850998039735237,0.00017053431111042718
29698,-1.0276863379221837,-7.091620146733436,2.5943036741400114,1.2986586950422943,312.96043997117374,0.618828730750117,0.0001705430792728474
29699,-6.826518806020789,-10.930882526529425,4.688615265620128,1.6984539447985574,400.04737641750955,0.1228554402640647,0.0001705494324133951
29700,-0.7556974431202228,-10.20294335559647,4.131006333290021,3.06698745295793,207.97668974681056,0.30281264052185275,0.00017057021765414613
29701,-0.6037675032560728,-7.333273764440964,1.8597726031821424,1.0328744174644047,277.6726840254807,1.6120882200182738,0.00017057600873965624
29702,-2.9142926803378657,-6.045937871502696,0.7241279674579378,1.5610452945745261,360.0215225496321,0.1219171142439075,0.00017058871659472174
29703,-0.2267837683556344,-11.67977827723455,3.991242509664572,1.0860721537870315,466.18545127296835,0.6988021602810859,0.00017059903713891503
29704,-0.14258099878324515,-8.090242128840169,3.827137862869385,0.9730547840343817,197.75606028863734,0.20006268324663168,0.000170603493565377
29705,-2.079332557821604,-10.70698057923617,0.17805462540635678,1.0428349864169333,468.67446881531754,0.8156769649594846,0.0001706172675227628
29706,-2.161294061209081,-7.0351333691684586,2.2406017378937717,1.855289629256269,468.01489160889554,0.10860799094772489,0.00017061945838495253
29707,-7.459699654094072,-10.939273340190983,4.036792118756663,1.1615804103620095,248.0260485184628,0.09081853058559997,0.00017062621739561331
29708,-1.9199862667548988,-6.980253617444909,2.5107413774539737,3.02988759893734,478.5400913027402,0.2920518846932758,0.0001706351710083025
29709,-8.259533172180141,-10.233248541726663,1.60840153891129,1.894782472869056,456.42588429614386,0.5533105626538717,0.00017064381340547725
29710,-1.4334418828731472,-7.372387139108375,1.7693942648381433,0.8669470150549791,366.0323899294786,0.8879410987318517,0.00017064468086148036
29711,-4.818259772481358,-11.418069898619203,4.7868574362718705,1.1848180211772794,293.14002833766585,0.6119794067032585,0.0001706573064830127
29712,-1.574709586914203,-12.658598126896743,0.13832524858681486,1.0988120424265009,246.9884320838731,0.3752669528093655,0.00017067816059985759
29713,-2.2924673721019717,-7.149208259300826,2.8470276245069503,1.5994636700983162,371.84626876398937,0.28973133158722675,0.0001707202007528966
29714,-3.19710476512173,-12.266601970912195,4.69173231422824,1.0813380529430905,289.5698034297705,0.9427385446422987,0.0001707468033160274
29715,-1.04734549652445,-11.915254503069026,0.13040730367670367,3.1414342872424603,507.1964836533701,1.022848937444901,0.00017075036157300616
29716,-1.6230455892834623,-12.771753895821158,3.918516124836492,1.8521084266111498,468.3291105626224,0.5094036022854258,0.0001707585495318411
29717,-1.2701608535248816,-8.466369262884474,4.025015815671625,1.8564651482315926,445.52065800135404,0.1102002544800742,0.0001707893789668217
29718,-1.606396240109957,-7.389753288940673,3.1566786631509607,1.292392955335491,273.2059238329294,0.4967057629457612,0.00017079305401466525
29719,-0.027406372819509528,-8.462389878978392,4.058350266600632,1.5477291232668677,342.38966703301975,0.41133457909008264,0.00017079713972486862
29720,-0.8938284682445268,-11.708004030732198,0.1579563781100629,1.1463502013334665,273.13086682668535,0.48809804994340755,0.00017080120975723292
29721,-2.3381302613630286,-8.256273313433633,4.136720782825511,2.713662055450145,384.7050034068361,0.07669121709684834,0.0001708185880701287
29722,-7.195900824127694,-11.016838001629672,4.347859842785937,1.1580714094273608,256.9995202413438,0.012268578209595482,0.0001708636166410328
29723,-2.074162383284439,-7.002916862420756,2.332992659463767,0.6824434430522048,127.7180475829138,0.12988587298940057,0.0001708763137218918
29724,-5.524371151858462,-12.822344065068172,4.6304730106007845,0.8541427408249326,242.24723034182855,1.4061993383324225,0.00017088054645235306
29725,-0.4086822422539633,-9.858908557502295,0.3006299245599811,3.4468229360884326,512.2755417903257,0.21395590717279944,0.00017088123859528793
29726,-0.8090109686352935,-12.089623360207643,0.15280881654617537,0.9717030318926767,203.7707099018589,0.846850461387878,0.0001708851677945921
29727,-1.9108105339442858,-9.559031579085719,4.228990724384669,0.8669281417859138,230.46327474622532,0.7183145748180086,0.00017088613821751326
29728,-1.0285789217489132,-10.504327849818235,4.09254551082349,0.9550121979337871,240.79385502492593,0.4941929649820116,0.0001708933933857593
29729,-2.113123976780815,-7.2981718763969115,3.072289859938349,0.8657217670958213,227.67376874901663,0.10896984314310831,0.00017089689026809047
29730,-9.661303153828094,-5.991704515512196,1.5458124328401361,1.2403149128122783,310.6197879026605,0.5100651416738851,0.00017090326248940424
29731,-8.077517475041628,-10.113487488600402,3.175424882614068,0.826246011717465,221.50384662280524,0.5769068814779379,0.00017090526920807126
29732,-0.5962884220094598,-7.916545906218376,3.700038417859214,1.1302256027242437,290.9546714175871,0.919922920507128,0.0001709108286559206
29733,-3.1087644986661314,-5.118583760496757,1.892200528008215,1.2652310461795426,286.9121576171586,0.11709535714360708,0.00017092041114676176
29734,-8.513488029936875,-9.235959764148715,2.8995220765243817,0.7867871035457146,235.02294415954685,1.054999305411365,0.0001709310489897786
29735,-0.16895315301466773,-7.01863973086072,2.530791027579157,1.0499119020833891,187.69846861740473,0.11982707561077,0.0001709352100713574
29736,-1.5959397255889947,-12.786353961722572,0.1407810171868899,1.5844226399168262,469.40382001938406,0.10925678012798912,0.00017094776673295524
29737,-0.3961584087241192,-8.543768078928597,4.087515585963789,0.6704678141946173,136.95222739351067,1.0044691916590542,0.0001709572453966153
29738,-1.192886728505437,-11.623304068046703,3.9510426762901263,1.655307993987198,468.6749175280036,0.26359678209067106,0.00017098142538400147
29739,-0.9435425107961919,-11.428989332250309,0.18622934079581316,1.7800736268984625,470.0991553750349,0.19871921640170775,0.00017100830369961157
29740,-1.8662865706708374,-7.239001765523944,2.1264691212193942,1.9007564432588124,468.3876883650632,0.42986176518734975,0.00017101180878004637
29741,-3.1417155232953675,-7.060533960221696,0.07022255566199276,1.8885155782204222,387.77336348503337,1.3351041375878605,0.00017104294215707322
29742,-1.9714937589944466,-7.894349621705838,3.6907343900150718,1.026273245283828,270.11945773643134,1.3384347922259714,0.00017105054515808004
29743,-2.0348206478665585,-11.606233167061124,3.9517197389861574,2.578941332462519,443.75815681982493,0.5081239050595032,0.00017105336804591748
29744,-3.6822028455499556,-6.298241598438859,0.43516801556347623,1.0335399682101154,264.3682740526402,0.9274988503886279,0.0001710825332379767
29745,-1.2504822332274337,-7.09251744398048,2.7408152339484904,1.234135613893889,277.6919593936568,0.34644799877027044,0.00017108447938311684
29746,-1.8429526626293171,-7.07631844199561,2.4772557954855134,1.152204916604448,468.0560731870671,0.21998559019624508,0.00017108658060307344
29747,-0.7238692282955324,-7.052579861082618,2.4704926435651355,0.4867350079780019,123.34018482421331,0.6764061665421126,0.00017109402953030794
29748,-1.2495864124865292,-12.021975855664392,0.1504930059902054,1.1884058196950158,301.2553115487151,0.41035773138353715,0.00017109551532080788
29749,-0.08394627290071277,-9.709948986061905,4.179982312691406,3.000232100003979,496.65102586606434,1.1422037825587035,0.00017110151328509778
29750,-2.032016322840625,-7.068831742895792,2.255170772448365,1.0770478811863782,248.4727719210105,0.08391517350083877,0.00017112800097906014
29751,-6.62752203644986,-12.275238571774953,4.53040362495393,1.119191795369322,236.68872543684938,0.3373628732412035,0.00017113477427585367
29752,-1.149148330479015,-12.573244662654151,0.13900454261061448,1.0330031054171258,274.70755341084316,0.5484486789926297,0.00017114089502813946
29753,-1.5033221902323017,-7.585748782139691,3.416628510272216,1.3856875780775961,334.19822608338353,1.2070989984342448,0.0001711482685912124
29754,-0.6310283353494484,-7.492529415365376,3.3020195781083923,1.4811712630941312,468.81899650739365,0.3914990032990131,0.00017115095346815741
29755,-1.3651946582725252,-7.0641665372893625,2.681737035156192,2.8658042352637123,237.9154819420895,0.42096859825012345,0.00017115310657074372
29756,-0.3118503034061746,-8.936698998911975,4.1782891150378365,1.5091680632706141,340.84845091406464,1.4378633094119548,0.00017115409263334503
29757,-0.6400203556692965,-7.683730186913784,1.4856034563028362,1.277371021189029,228.8571367106092,0.0503121179789936,0.00017115432525037003
29758,-1.6212896687829854,-7.07312503806383,2.263533547244655,0.8148846279884379,231.1378839538765,0.3995609437384422,0.00017117868388452116
29759,-1.3311819232887583,-11.752840995605563,3.9291387215621603,1.6187265739574555,468.06538594216386,0.9309229568750359,0.0001711928374828593
29760,-4.142898890898241,-5.3566842380256965,4.247311623034055,1.2088731278994325,307.85223006506953,0.37578940521105775,0.00017119692753819103
29761,-5.218257948681419,-5.191440351525574,4.941486318517128,21.794624557577684,830.085278838785,0.16464195295388873,0.00017121270204791743
29762,-1.6290025756425521,-12.624575077343849,0.14684197420430287,0.9373868310402506,468.5182585026619,0.5939515392317647,0.00017123389426277848
29763,-2.958441181042489,-5.920564383901703,4.042498236307105,1.3860633600196255,320.40662476118257,0.3124841500402953,0.00017124206150252876
29764,-1.551820126224193,-9.845382456669743,0.2657725427907478,1.8449615656400897,467.0407214626213,0.6972564517781432,0.00017124654401217223
29765,-3.0751928693754635,-5.35683665477036,1.2746149006680723,1.0116358394147937,277.8345556675751,1.5793393886547422,0.00017128176268348352
29766,-1.7707676842752722,-7.1282857378392155,2.7609324723065196,1.1077062349493842,213.3795488839361,0.3773372072065664,0.00017129469296369102
29767,-1.9656650425496274,-6.983724462109959,2.5329639507691923,1.1540055589584228,292.71130976760656,0.7830226682993642,0.00017132616901407763
29768,-0.2649341443011046,-8.770353672493226,0.6090322647566082,0.8276457468363614,205.07426938199464,0.31597595789041133,0.00017132869791839278
29769,-0.6745514887895947,-12.255701005731598,0.16325047098688647,3.310557134961394,523.7074434003586,1.4870372286770754,0.00017133642312340625
29770,-0.11627721205368857,-11.514486269732014,3.955956838291772,1.7420265098648027,361.4819743994143,0.2632691974332939,0.0001713520067815861
29771,-0.8778573062579405,-12.636741819308606,3.9171310225640914,0.8714558444954895,180.26270190753738,1.0327798625820455,0.0001713525990303399
29772,-1.296293757235997,-7.40024627910775,3.15897272260578,0.6713001245455881,203.93285723471593,1.0519408376821282,0.0001713792424701596
29773,-1.9665344072483801,-11.40206041153733,3.9646108760978476,1.7777932281623041,423.43335655656944,0.3872820006279385,0.00017139709404889213
29774,-1.8193412880238906,-11.360396284390282,0.14435672675687067,4.8412327522251415,609.774312257453,0.3850265125686123,0.00017139741421985552
29775,-1.4688343837932596,-7.123748353563453,2.1684031886479733,1.5265516227427898,345.3426256673064,0.09311953813114826,0.00017141741020574734
29776,-0.14861560817809938,-9.997054900093758,0.2690881516828967,1.392490867682805,303.49007731760116,0.13057681549304423,0.00017143545732260714
29777,-1.1703108004362583,-12.489431846001693,3.8585785074292906,0.8217151065288484,179.48946676594156,0.168031116157918,0.00017144634526761464
29778,-2.035005039317107,-7.157581392813106,2.783294509855567,0.7514105527519792,137.366321037076,0.24132697269179548,0.00017145527610547346
29779,-1.68735955438118,-7.3634923705109445,3.122177362252816,1.0149498190994954,278.56317085361246,0.8903973784845203,0.00017148209480218778
29780,-0.009555197349602196,-12.94045379816275,0.16581496374785826,2.1790925809578834,409.1217604955106,0.663063328257925,0.0001714840416764951
29781,-0.39156669437738856,-11.554114894807183,3.951843589260349,0.8456425520538219,231.3880397210601,1.1552026119762306,0.00017148723195728244
29782,-1.7002418544519262,-7.936321083656638,1.1107315447591617,5.230504457324528,632.0079943846864,0.37716993157328993,0.00017149981509471596
29783,-6.733369760917256,-12.821441640941213,4.4371530018392065,1.4584756997830313,332.50742350664837,0.029536387696087907,0.0001715158377217062
29784,-1.7725306734009436,-8.628029711981704,0.6903016397490702,0.7445634142210158,165.05503841494254,0.0015127239601744336,0.00017155266701839681
29785,-0.41142430401603924,-9.996006180907807,4.148014336734754,1.0578264832293403,238.8164095510939,0.059483922085987295,0.00017156114121529532
29786,-1.043383816614318,-7.3371269857629215,1.90984853516507,1.2763107988061029,468.96300966766745,0.6024838700510564,0.00017158458367143268
29787,-1.9364017041869914,-8.993702690196232,4.181779921900132,0.7974938010474713,432.81781626150683,0.5196940641369272,0.0001715977847252517
29788,-1.626888464147715,-12.36809281445726,0.12162310477550164,1.4665469942198022,451.32116161018376,0.14944953628294577,0.00017160180110773938
29789,-4.117373245430879,-5.077262814661097,1.3258587891523992,1.3515888813650576,468.31123169967464,0.5025737721790682,0.00017160535735274808
29790,-2.329954499515984,-7.134287989736908,2.758952530191296,1.2822529022720652,279.73004853603106,0.9221304492814424,0.00017160762153456668
29791,-0.9289670306756435,-10.666218002731679,4.068343154345656,1.989341388801369,390.54593912519675,0.8187676773623354,0.00017162005079505437
29792,-1.9664947548266838,-7.372523188274703,3.1304015393973446,1.4897925946002546,467.8051249226164,0.2924698600007538,0.000171620149075881
29793,-2.754813550711054,-6.015213839096581,3.3371420793262043,1.8471105741167464,468.4965893928638,0.3271131466302837,0.0001716231713133422
29794,-1.9870820060113932,-10.211757177513693,4.122132827611033,1.206889772152093,304.4818931041231,0.44257776653349534,0.00017163887274652574
29795,-3.8508358665433775,-5.212205842140655,1.2917043607421326,1.742669895683543,412.8168291525874,0.7178578906625273,0.00017164153817778504
29796,-4.312346660162766,-5.752803189311549,4.810723532768187,4.727918949285881,326.8549148851732,0.189251878272354,0.00017166885670753942
29797,-1.6469623618666152,-12.499440141116855,3.9187615957216053,1.8954006571819506,457.30408879972595,0.3742421135787497,0.00017169718843883477
29798,-7.62857095562352,-9.428046786811791,4.778570569317463,1.406154797964438,468.3672864341022,0.10742566543098953,0.0001717076216038741
29799,-4.083735308882864,-5.358091108657694,1.0410917279162113,1.7193438149335574,369.6813038652724,1.4674003600203998,0.00017171235048344993
29800,-2.4739271793586957,-8.683293576015462,0.28352006345239694,1.014767764385497,466.0202150946223,0.2571957693403375,0.0001717197057046467
29801,-0.9685746959373294,-8.866232555150537,4.163748720554093,1.1378168745897326,467.44223112118016,0.30921903970745923,0.00017172293455598248
29802,-2.253668531899976,-10.186901148899116,4.117479298443315,1.0969562340376466,285.0481850710444,1.405441192468718,0.00017176040995546698
29803,-3.5557265138717398,-5.917432058541296,0.741764720203511,1.831602921139552,467.51171406101946,0.9246350099136018,0.0001717642791680605
29804,-5.616034215077398,-11.493997755754451,4.789004380762379,1.991111679981556,400.4709444138811,1.0545842339660796,0.000171771698043917
29805,-3.9929594437961953,-5.6530305644037275,0.816022245652923,3.013026893418383,468.76508817850976,0.2928562234517029,0.00017178006469526486
29806,-1.8493183361088477,-11.287879373182946,4.034112899955459,1.0851349984850747,282.75364325294504,0.5489819105074938,0.00017178504238621635
29807,-3.074735386137286,-5.611274587069167,1.0883809005109548,1.1966002342457962,303.3374094696756,0.6568889862565443,0.00017179828017975315
29808,-2.318108873363272,-12.768200107498554,4.395825395179191,1.006589866828616,265.84403574435606,0.9925957940379666,0.00017180096211428475
29809,-1.4085546134211828,-11.420485528211215,0.18631069254167304,1.5581764127929691,350.49134162311884,1.7521587944424803,0.00017180890496913093
29810,-1.113775547153427,-8.266457873923816,0.9110013812951779,1.7918204421160306,426.59997996862216,0.35860743026321007,0.00017181743289462778
29811,-1.693759588468522,-10.903556496772634,4.040875853249157,1.7176769768115956,403.7774058722778,0.40498479728452796,0.00017181940258538146
29812,-0.06535156177819701,-7.29679921767579,1.9919736217073651,1.2486761790339453,306.1748168198439,0.20573777604736776,0.00017183837180756738
29813,-0.8323960061875937,-7.069463094774487,2.6671827081417057,1.5842054192970296,366.809317953431,0.47515156657232094,0.00017185114387444165
29814,-0.38474042434753564,-6.992880519075356,2.413146001000569,1.8838919858111052,468.3480474644371,0.255974870685864,0.0001718608217306673
29815,-1.0867206856858473,-12.741004793018018,0.16280357893600061,1.6801124247526529,467.89738451035817,0.47248367418486126,0.00017186484008094717
29816,-1.6515674141029955,-12.451575657359243,3.856245407202945,0.9269132218393126,468.0543022406374,0.7049047203896892,0.0001718769213721218
29817,-6.374496713091835,-11.28324338300601,4.773833434578549,1.5507389132301643,348.4371258745414,1.2390181629026378,0.00017188032758880804
29818,-1.5710109548951188,-7.012930114013498,2.2924858876871212,1.7165060639223462,402.9467164735027,0.1379005957765882,0.00017189532281845286
29819,-1.9988396874161047,-11.629200008664142,3.9427693569286775,1.113345298501154,291.6764614058941,0.25324882044388364,0.00017192663638670232
29820,-4.009772981601402,-5.031513716584251,1.5867649294827693,1.126887178879869,245.25602805243747,0.8125485573008548,0.00017192688438197825
29821,-1.1488521034918335,-8.768872821202997,4.143654409253375,0.9959867823004186,193.73327991053665,0.026667396893913065,0.00017192864245574833
29822,-2.130407201443319,-7.395456127716003,3.143706817826014,0.9435945636997397,255.80466574278793,1.178911320135584,0.00017193754070436262
29823,-1.866501404625149,-11.841798017060487,0.19116612931861124,0.8927008520986947,185.76351114595232,0.6305597071258928,0.00017194519500677465
29824,-3.224779443839587,-6.317427234963226,0.5324582648211269,3.446675249930622,527.072058361555,0.7415957005169211,0.0001719533422337284
29825,-4.374328835399201,-11.257917769530582,4.810937164486855,1.156094617103758,293.1036622545282,0.6966268933041713,0.00017195740850385916
29826,-1.1857143616329182,-7.109038581291247,2.6868944861783195,1.4371694966704265,377.1337111053381,0.8489446076418696,0.00017197143099088866
29827,-0.9241627359487108,-12.889236118447581,0.17253531039181136,0.9974545009312026,272.2913875503366,0.8069832047083398,0.00017197168332775656
29828,-7.620244193452214,-10.657021977285357,3.8854541336767876,1.3058028906194494,307.1979913405207,0.5456551033095556,0.00017197491492458168
29829,-1.4741628120837493,-11.318437851693668,3.966877242154248,5.200706148253949,437.5351017963716,0.05978285383763282,0.00017197732037596038
29830,-1.1927460548096427,-7.365075731461412,3.114909462196893,1.2965360766185665,319.3062812715196,1.0190288507785166,0.00017200653415438353
29831,-1.0936588412545358,-11.42275742413212,3.9576975024078194,1.0880944827213428,467.4425674272532,0.3179090944128662,0.00017201746099360798
29832,-1.8188239084349878,-12.739929586553036,3.901299522814632,0.94911520323709,246.79085410346775,0.9463876855686522,0.00017201930867897808
29833,-5.2016341982043715,-10.849035138525675,4.958066028504629,0.9303051725267505,203.72567220294405,0.010446832839835274,0.00017202864015732124
29834,-9.525962100924401,-6.168464433128106,1.3644207662656707,1.6696367834814987,393.5901940294864,0.5030989581897245,0.0001720639655027233
29835,-1.8862639912854622,-12.05954284287734,3.925146586002636,1.5456908186530538,350.87866423138433,0.8340866495257133,0.00017206746109457613
29836,-8.172280149959825,-10.539464694929096,2.1510036354824122,1.860389377336711,468.10830020200785,0.35373885937488403,0.00017206886118596766
29837,-0.942889337770465,-12.410745835847516,3.8560634783036556,1.2395050576426079,264.68913127281166,0.2978064144841408,0.00017208398330125264
29838,-1.4443655725368192,-10.603989778692506,4.028224648483075,1.5366695795537948,342.33110406226007,1.126737726690295,0.000172111616893393
29839,-2.0895290107003808,-11.466038603890468,3.9534407782610956,0.5524876030014867,124.95883506781207,0.7801055671245747,0.00017212165142549245
29840,-1.354856638346611,-9.51775081707725,4.186532025919405,1.7172463682915133,407.53748660225517,0.7141996766157179,0.00017212751305827832
29841,-1.6374159504145318,-12.663098230511673,3.9078081589562657,1.0089356122612414,247.86469971455284,1.3009438630203691,0.0001721405891648286
29842,-0.1914378065218223,-10.019060629366113,4.14122009540818,1.8248601608860913,467.56352055231787,0.40216948471095293,0.0001721495014967087
29843,-1.017659469312994,-12.045423108402673,3.9251198435568284,1.1772942713361199,467.04517211792114,0.13505695751917468,0.00017214984873477085
29844,-1.085055902704573,-8.07880066942359,3.8048255791486523,1.782269863506877,351.3532498609694,0.19522054293225555,0.00017215094243577738
29845,-1.1140658229893905,-7.488990190146885,3.2489627757466555,0.8915342388667218,183.80933829293818,0.4997833848785058,0.00017215606733089688
29846,-2.091418930336159,-9.946608085818939,4.1491141147371735,2.1314557034883546,420.0348013609697,2.1648048263302906,0.00017215745369369046
29847,-1.11775583122993,-7.854618884333598,3.619253958519076,1.2587883433146092,313.35961937727035,0.4897891556670597,0.00017216023324402295
29848,-0.8463881098484975,-7.478137558826498,1.8471176219338472,0.95739711699892,246.44178573975148,1.112819320798791,0.0001721813383827832
29849,-4.107166254918601,-10.580807473835428,5.036183175974684,2.0361945798745777,407.4267968483332,1.6800880793432063,0.00017218658221679537
29850,-1.2248715683337803,-10.447214245679806,0.22320764044077462,1.064915517063028,213.96553992271433,0.7884309510872471,0.00017222695991212468
29851,-1.9961894907385673,-11.61918863284733,3.986071485763567,1.103556849434289,293.472240325705,0.7251648464518556,0.00017223250125560395
29852,-0.8496738066816736,-7.46758876586186,1.8441360658061614,0.7122133379826302,468.4526955840647,0.49481480080883333,0.0001722382961243986
29853,-0.2784225183796565,-7.518482552588719,3.3138815090890317,1.0045236649976976,277.1516731987151,1.3415717175818296,0.0001722446565701321
29854,-1.7772356309503188,-7.877069671432581,3.666574334076358,3.3125456490079284,524.1332305239148,1.5597112747847808,0.00017224889916189005
29855,-0.03693964488666879,-7.068747002616878,2.214831523703835,1.09464229575944,382.0127207734916,0.46474127461509607,0.0001722593366765633
29856,-2.5841967517086903,-6.388450420790557,1.7846576242896344,1.880112701222975,469.130499615018,0.14807954962443137,0.00017226849642981102
29857,-0.8352380663756449,-7.782468333450486,3.585870960671568,1.3046055558091378,311.3904736536787,1.125883987424742,0.00017228584468108533
29858,-6.370629863405033,-10.945473698000079,4.873292214301524,1.8907504838047389,457.8965108035915,0.28710985926319754,0.00017231800758882266
29859,-0.25792505904220775,-9.022278540111067,4.179545547550045,1.040773239330402,273.91028921110245,0.8015911496205499,0.00017232525748970022
29860,-9.021907352664943,-7.718855702193886,4.641462026555615,0.9266753661305773,467.9554876714213,0.14145706015670179,0.0001723253009045103
29861,-2.898817750755107,-6.226740567305307,4.321425007105085,1.1272517395616348,245.2505653922382,0.6361641577192971,0.00017233688074836065
29862,-1.5913583523928505,-12.54228459429699,3.900892868786621,1.6448960378981392,455.8685426906443,0.46703398439833865,0.00017234369447873937
29863,-0.7523181444673934,-12.23566144205353,3.861626798975099,1.0860745948332928,280.79724838883055,1.6938262530970567,0.00017234925945091174
29864,-0.6072771307323332,-12.142339007598274,0.1754449724953454,0.8863018259932818,183.65390796057355,0.5528178596210997,0.00017234973136387178
29865,-4.441974537995045,-5.7843927895264216,0.5900530627897427,1.6144290324609438,468.3598538791465,0.5212584942534813,0.00017235372586782232
29866,-4.431603696247091,-10.623734828936074,5.025168481581072,1.0977596391006974,226.66756623479014,0.06239544220354709,0.00017235643512670954
29867,-0.3249204764722826,-8.098889983320635,3.815992082610431,1.0530729836862294,274.15653197373786,1.5570433338758418,0.0001723684333781666
29868,-2.0531916432374455,-8.606259561920396,0.7026271258821104,2.61055579841825,464.79927205903215,1.4494964070534477,0.00017237467168005873
29869,-0.6044991659507772,-12.812922747407008,3.838604866679412,1.6812477477185894,393.21348126005796,0.03219850335397556,0.00017237843901005422
29870,-0.3833882755621598,-7.532024869012418,3.2658628128315423,1.0646899340713212,280.71428865841125,0.936361138191141,0.0001723840483515847
29871,-0.5638781637385417,-9.086609438000787,0.5079990296796636,3.729194251637336,541.7646611567026,0.4691146047205601,0.00017239133312281052
29872,-1.0845040304504199,-10.906402634757114,4.013816307813112,1.3236343965738488,298.51659847214876,0.7493873719524098,0.0001724024095429747
29873,-0.22054101654536495,-12.878274380884049,3.8363573899787076,1.2966348240223267,300.3351462505023,0.5919255479054568,0.00017241702871786808
29874,-2.6389971042736606,-6.533774263155274,3.648503761532312,3.972117625365432,286.7627753836496,0.24723669227278755,0.00017242107171024798
29875,-1.2835183101511234,-7.426514353875038,1.79067057020757,3.080691091986689,502.87307105559546,1.096730670943061,0.00017242404580519093
29876,-3.3138433657297544,-5.518189449010987,4.262665781552273,2.682022377703168,425.1414829168885,0.1964758232991075,0.0001724311711258659
29877,-0.9549827149663983,-7.148208568828031,2.6967784568189757,1.0681831855914143,279.72782419485713,1.09309678610754,0.00017243980410901452
29878,-1.6550572023271304,-12.709864741430204,0.12421073410752463,0.8820577670278039,469.0058082698216,0.13728006992816066,0.00017246027770058875
29879,-1.923335124190542,-7.546076446139281,3.3400983127773967,1.6481667625102876,385.10890290742077,0.15901857696667232,0.00017248141563457474
29880,-0.760535254012586,-10.694952506936131,4.019820560463927,1.140531665662649,269.8782835626849,0.1181415423934764,0.00017249423170042375
29881,-1.0239449824735907,-7.930051213559944,1.0963886335123931,1.2745948565665977,339.2907791876993,0.11902428295888878,0.00017251776067001397
29882,-1.5626562272466433,-8.0855857185305,3.8057823349035442,1.157472298001023,255.5184332352419,0.14569218276346074,0.00017252149180348801
29883,-1.1552777852865344,-12.42469353464486,3.914075960588528,6.5045442484669485,691.6875423597226,0.5892337351927868,0.0001725376625169694
29884,-1.9806927389982825,-11.495501875268587,3.987804043295623,1.6893478553346384,469.20085029720514,0.14521492781677114,0.0001725539574270859
29885,-3.1322825929588882,-11.809279630495352,4.808939369006756,1.3995953772400274,307.7687268882722,0.057354665131529536,0.00017256987857245098
29886,-8.765420190791472,-8.96788497837398,1.9812043646759567,1.0010269487400556,270.59491811194505,1.3304992457789293,0.00017258285577572723
29887,-9.551581074360243,-7.759621374232446,3.3906307881095414,1.7952148831045616,468.4336985788831,0.5682064654402224,0.00017259056961508963
29888,-1.3920737732593587,-11.196149461607313,0.19580119324250614,1.8736890014757928,468.59060030722407,0.26669436227515053,0.0001726042270885219
29889,-1.903294971082758,-11.457779713245191,3.95006318406801,1.854637211338302,468.1473405186137,0.11357828635601486,0.00017260436323093887
29890,-9.345584620313527,-7.180786400152601,4.782059954535914,3.300671651550649,498.08187209591983,0.2043469743975308,0.00017260512794774492
29891,-2.0366279231657947,-10.168288543531588,0.24909934572451836,0.7086341227035079,142.8197556146093,0.5005693022201738,0.0001726223295142998
29892,-0.5295627791411803,-7.78358793824241,1.2873087162725891,0.7767257085115682,160.4106437796186,0.5734492422187207,0.0001726275416685409
29893,-3.03307125360495,-5.032920173911392,2.1812532083863707,2.4577982309788395,412.55133961541804,0.16358738721781219,0.00017263041726552642
29894,-2.087060486813793,-10.025262813712564,4.136949726745405,0.8789189038443446,468.4072266912506,0.9382376459903119,0.00017263192584228738
29895,-3.1414670989058813,-5.1780113789672075,1.5640216788185575,1.1075203375040354,248.54213591423377,0.5191998420520569,0.00017264672247487616
29896,-9.835517913426877,-5.411056461574973,4.510334726056376,1.185506768750869,468.2386786259852,0.3055576518530252,0.00017265012143042788
29897,-9.30019779683335,-7.6749427446942855,4.178863742404799,1.1488486836395935,239.89088174271453,0.02336194085600063,0.00017265111629555127
29898,-3.845401247110284,-12.417383456602424,4.615521071101757,1.1021738225885758,467.41850663776427,0.48008159884001245,0.0001726701095694815
29899,-3.368900817330055,-5.8815824268902865,4.902774676017126,1.6001415407723845,368.6192004739172,0.054023465395711234,0.0001726729823546951
29900,-6.73891027982968,-12.156127805761374,4.485555574978891,1.3132710035167916,282.08826102914213,0.5430626341260743,0.00017268526297646483
29901,-0.6050177265018135,-12.298180991292764,0.19542061866427818,1.3591954387776968,322.9929100685375,0.959594123389226,0.00017269839402618748
29902,-1.0871573008352726,-7.657549376373122,3.399525697106585,1.511472221200225,342.07161245396577,0.5305443353634596,0.00017272474239181252
29903,-1.985496354687406,-7.405699439031713,3.0662477471470093,1.2474825497394928,301.47448657617156,0.15979280596646994,0.0001727388999136313
29904,-0.04995048195717544,-7.191609439185028,2.8030667553067063,1.1088117303351634,223.37623568819433,1.0884594974519777,0.0001727487046659887
29905,-0.3736204138221808,-7.061124809675744,2.3500373023811636,0.9180364747260507,254.2094974814657,1.3694053935971784,0.00017275598228636046
29906,-1.6099186506188037,-8.656813302502314,0.6822647803820039,1.0599277517032817,234.16874854503072,0.09778824165158007,0.0001727561033142354
29907,-2.353294249609359,-7.070014826155732,2.7366735051154025,1.6486937586675285,382.7125402230414,0.23099887134861774,0.00017276940912729465
29908,-6.470682298148829,-10.210443978734652,5.183038356269435,1.4370645887841231,328.7861218810453,1.1049153720652276,0.0001727735405529748
29909,-0.6784191241886663,-11.553711927665088,0.18923950296826994,1.847846989982818,467.4885010797436,0.3736388744129622,0.00017277399187262828
29910,-1.5490408535170772,-10.802327654275402,4.036188586651326,1.865353709777411,468.2130497594729,0.18714662114355907,0.00017278283831116063
29911,-4.779204592466144,-10.699773498060946,5.002881174305619,1.266406493737136,315.17030927230826,0.267777396175493,0.0001727935031482792
29912,-1.7043454961487097,-7.616589299969192,1.581931206181929,2.3759267426507362,444.97375008804414,2.000595505635773,0.00017279758486978152
29913,-1.2965618182149505,-7.306746203091161,1.976538202382314,1.117516070819761,288.53887235942017,1.3722945836871263,0.00017281970249040195
29914,-0.6709159106071336,-10.576956882553072,0.21212872640976174,1.7136303824048222,467.84832931464933,0.6815638915119244,0.00017282312378763832
29915,-1.6721750792384107,-12.181095276971265,3.8601708995779918,0.8807723558520202,413.28997527822025,0.24481908743598346,0.00017282400101073316
29916,-8.844555184758107,-7.979403124331602,4.557090380061295,2.2250691191193,422.0680490345364,1.0429064016391516,0.00017282988791077422
29917,-1.070045183907114,-12.797871816382917,0.12997124725279036,1.460776398186472,327.324466121287,0.852668309930869,0.00017284033036542954
29918,-5.155363705788608,-5.520299233522639,0.2791297803526936,1.0846846647645754,282.5515883773494,0.28801169828811535,0.00017286821064775264
29919,-1.830403617637856,-7.287178643168637,3.0020009517497797,1.5987486886012263,369.33342834938435,0.8653104917841397,0.0001729012043621613
29920,-1.099507317626438,-7.838593127570707,1.1884703079157315,2.184206967824287,229.07205154548194,0.16071525875012593,0.00017292050716741266
29921,-1.647143857377186,-12.981226863068738,3.891822682739437,1.7550129577584233,416.4503770333671,0.09547605987160868,0.00017292445792822035
29922,-2.334028816400969,-7.051173787118433,2.434352889174335,1.4296859654685423,468.9182948787705,0.9228127148069358,0.00017293938996931047
29923,-3.52195493207598,-5.786628024409715,0.7826917944565472,1.4595770919776836,331.13292082692396,0.240477938028417,0.00017295077329048764
29924,-4.505929593733329,-5.557500121834782,0.711727117889088,1.138427413877264,467.84470417301804,0.14542026543701603,0.0001729588456822474
29925,-1.8244624829751608,-11.104333920569374,4.034985864418383,1.4132952615417462,314.8717167844979,0.3340193050330793,0.00017296084025651484
29926,-1.3992008179422992,-7.408758932154121,3.0660728120228704,0.7572935522663007,151.29401950545656,0.19657489723144916,0.00017296155346581345
29927,-1.942243401418425,-7.330424389532532,3.0231043945451135,1.569674796535687,352.02409869549217,1.101351188520602,0.00017297196743728537
29928,-1.880962026461603,-9.570330807135171,4.220893107133161,3.979041488710533,567.909076869695,1.023637446530242,0.0001730175478215324
29929,-1.3187320587158098,-7.2047958569226145,2.717047147939717,1.0676379449192943,279.7994696173052,1.7315648783535629,0.00017302356493522714
29930,-4.296483792478098,-11.799813942666747,4.693252365608584,1.7928376083333304,448.393948329121,0.6504984587681024,0.00017302436456629417
29931,-0.4938276720791315,-7.376153910494108,1.8711922316093754,0.6553688001865902,145.26827107413837,0.2679227261713253,0.0001730308438220512
29932,-0.4538357093033376,-8.9719485543289,4.169178132370222,0.998111184350137,275.19202062008577,1.4804489631453182,0.00017303642093707814
29933,-0.03701961668592624,-11.95941322897956,3.8705447809742743,1.2206253520503674,267.2994362568458,0.2624282156145261,0.00017305366275599765
29934,-0.17317955703385834,-10.310197358857504,0.23482822208929813,1.0181818201134956,469.6869093859953,0.016628112959163666,0.00017305894266566064
29935,-0.633064676661725,-7.315160053364393,2.0049970972260374,1.0827382934516843,465.7607053799245,0.10829477534002852,0.0001730727331093037
29936,-2.960391941133647,-7.152887551169926,0.16502879165470252,2.9731210832763906,496.5047503842012,1.4013449967898461,0.0001730761462975811
29937,-1.6267383226645897,-11.342581164532916,0.16563225019094902,1.01916107987909,278.8959063558039,0.798414704256154,0.00017308394065927815
29938,-4.431046151979448,-5.818167842054796,0.5789902159017231,1.0947018640119337,284.0724697270468,1.5815442612983803,0.00017308776675459774
29939,-0.06186311254327492,-7.806224453591738,1.339160780265411,1.704758485872792,468.39098873653654,0.6215887753851295,0.00017309605872950945
29940,-0.23935802540573903,-7.813219458365071,1.3658337959125944,3.4029101538388384,471.75641962928506,0.15832452495074723,0.0001731113079610282
29941,-6.660265757122378,-12.067604247894643,4.533793664885884,1.0212648681868925,467.81034618823804,0.6108150071699017,0.00017313800949344385
29942,-9.56194538732665,-7.638676450727707,1.7578974883803968,0.9296464031515782,256.32431618197194,1.3152757315316332,0.00017316046071117773
29943,-5.428792722670124,-12.152702728753905,4.680857450880542,1.7052041389073838,401.0050039376827,0.5910032046339486,0.00017316084573432714
29944,-5.071129679561589,-5.710502809990216,0.33359072972278053,1.1027044593692792,287.133513765566,1.3613417040681375,0.0001731703990752551
29945,-0.24991665025703114,-10.446019081721474,0.23666609844257877,1.6034001612082032,371.2472165314432,0.25223876334856765,0.00017317127939863724
29946,-1.8063420877745582,-12.837149807536766,3.830655451076988,2.1548497039084578,412.89408581151133,0.956992113452964,0.00017317487138148526
29947,-1.8971459889528575,-12.668143803135722,3.8360026073983833,1.032185407907197,467.7467911799235,0.9356948238371698,0.00017317796453746262
29948,-3.554846926756805,-11.742885376175972,4.694479231857019,1.1556887583981645,468.6632828108738,0.25570065405209075,0.0001732072229389825
29949,-1.8262596215289122,-12.893184355803388,0.12541980519164814,2.267132318953636,397.6530468372948,0.2681363759253159,0.0001732087001434287
29950,-8.121056555060465,-10.86691917821579,1.6359150871580763,1.6239369468853648,420.8175970946161,0.6743224433639501,0.00017322409590096692
29951,-2.2705484797501283,-11.181247947925788,4.07226317990612,0.949492412235603,210.05868285374575,0.4638407937625342,0.0001732301463777528
29952,-5.062087048388335,-11.277576367798488,4.822043331031351,1.8231614449569846,469.7442598688699,0.14144163105534702,0.00017325081774574466
29953,-0.9195640757311327,-7.182517073050556,2.774661473389954,0.5934076221266479,133.3408854174774,0.40816732165043224,0.00017325554429730076
29954,-2.3445295769036045,-9.477810250060735,4.552655777781979,1.5081141839000902,344.73593127463636,1.9534888269040636,0.00017326062446175068
29955,-1.6020914662155903,-12.279186810467975,3.8828015980785593,1.4940909512050857,341.8286911200315,0.20182967448874223,0.00017329582846449236
29956,-2.1916185375647954,-7.107594640441234,2.3654578889681592,1.0277148388461652,278.0562316543758,0.9074133110478497,0.00017330135207087392
29957,-3.697740336464417,-5.4526128070472994,1.0333665868369426,1.2776382322439281,307.2393328450102,0.32256551665475897,0.00017330537865739223
29958,-0.879943257353883,-8.463784002261281,4.038734425902779,0.8899250671794756,257.1376219233952,0.10447609389604029,0.00017330694378595845
29959,-0.5017534613995291,-12.262689920937174,3.851557397424628,0.742310195609499,467.7338901888798,0.30511029336386297,0.00017333906264479352
29960,-0.28905549195109437,-12.377543493232166,3.896000684402968,1.7289866453619758,415.336500456407,0.11978156868684575,0.00017336807160198093
29961,-2.881237360562558,-12.942996351843705,5.178991395157453,0.9692631982964788,254.23932216901113,1.1668796309416285,0.0001733700539135936
29962,-1.7343731939276559,-7.272282175638088,2.082859367367901,4.134310873359688,574.3522403655621,0.7406308898439287,0.0001733713465125048
29963,-0.9129617656040843,-9.467276257787255,4.180289670312236,1.8309837703444256,438.37449155397144,0.3316472074112591,0.0001733934543023031
29964,-1.2810903496593635,-7.160612685065871,2.1632401072602065,3.3377526953513947,509.415670454827,0.4198115687302808,0.00017340209758465628
29965,-1.901556840646478,-10.450100027781437,0.2164872507894711,1.9625003532793883,394.3461119853536,1.1050035103398832,0.0001734118787106487
29966,-6.994122360890893,-10.092677259873446,4.967907255452119,1.025978873969535,465.78313185845343,0.788829977756131,0.00017341374975499913
29967,-0.19197271751786715,-10.07355742667796,4.125872538810763,1.1209857017085405,244.72484510078368,0.050957787261867615,0.00017342902115163354
29968,-0.6949721704879241,-10.69836041459451,0.2043569999461161,0.8776238061644918,210.22774884329158,1.0115648461131501,0.00017342945873485843
29969,-0.35338425885555047,-9.706736941659306,4.164120381053845,1.1806411295731403,301.6514199887068,0.5325543942716928,0.00017343130769114306
29970,-0.9280454082528067,-7.379827083772196,1.8758322253291702,0.4454518226058783,110.26695197362771,0.24211851202477863,0.000173440426877701
29971,-1.47696876605972,-12.512949939759782,3.9103861770607957,1.8292187826570219,437.4925499609813,0.0940300347594425,0.00017344760310068974
29972,-0.9162294902220474,-9.239465133997149,4.183500563187751,1.0786646533657471,467.50205955310736,0.218158999659682,0.00017345352774088925
29973,-4.042681961048704,-5.840073449086228,4.915169715324441,0.9905837148279165,405.16063411175355,0.38286037451760446,0.000173459878283246
29974,-1.016832131296093,-7.27299243449448,2.9089475488802323,1.1623504255735682,466.99291356906843,0.12872312643723927,0.00017346361266704256
29975,-0.40030187779377613,-7.839096336971221,1.389615731285016,0.8964066104136033,254.56596211909385,0.8233638559223815,0.00017347621886365728
29976,-0.5086433517902371,-10.794284875461658,4.039951560535255,1.1972962489595076,421.34797699521795,0.3168964532411396,0.0001734839752792995
29977,-0.8058789627956244,-11.379629753916221,3.9489798092592965,1.153479349880278,468.8480078814458,0.4276329951488478,0.0001735146730923396
29978,-8.170209627359949,-10.567900729739188,0.8755529490707393,1.0532464103347252,208.56959204318665,0.7986808690457234,0.00017352305251721833
29979,-2.4638261465322326,-8.514956915368584,5.063392652478445,1.5736590028626742,188.0766363175944,0.31695417713323515,0.00017353730307505152
29980,-1.5447949863646624,-9.371126422162742,4.182454764403086,0.8195879062670928,468.8941737349545,0.18019913269480892,0.00017354345414289637
29981,-2.979352442879337,-5.414262018411785,2.9547465322558604,0.7570919882787359,467.3797372624155,0.31021524820516877,0.00017356718512401425
29982,-1.643934697366225,-12.661941015659826,3.8325590070326183,1.0070226399088955,467.4095946024872,0.08911842874104181,0.00017357813918510913
29983,-1.923742339014538,-11.679403178749553,0.188402318748845,1.6714179768078592,394.06139468058336,0.8507895970462478,0.00017358760277456662
29984,-0.8434615530888898,-7.676452003212528,3.4014612442099286,1.5166178214654689,470.5320699155436,0.045819172365821004,0.00017359120846222858
29985,-9.489816557557532,-7.8487962588887275,3.297481594848684,1.2569551309229259,465.4756856795262,0.6755536855245161,0.00017359665901909264
29986,-3.8797821852284056,-5.142413570714515,1.2121591284233333,2.2224307336824,429.19237263887067,1.9647836799247402,0.00017360130660387324
29987,-8.37283001826195,-9.813461867215468,2.100960049822495,1.7256479744530566,467.047820605941,0.08344604236508602,0.0001736167585764572
29988,-2.083943334108075,-9.3669927165317,0.39690504772631907,2.599598516953426,257.3172648971912,0.15718687076345716,0.00017363816887376032
29989,-8.382045472947906,-9.730681023080283,2.326504785780674,1.200736746973659,307.47155234136903,0.6311949893615862,0.0001736398501707292
29990,-3.452236686033178,-6.480761306826459,0.28220448963388983,0.8587878131458386,469.5705713381616,0.1634174092098526,0.00017364347591445825
29991,-3.587295270999883,-5.013193016821926,3.5521473411197335,1.1095753977027978,290.93715578673465,1.0071179938950907,0.0001736555377927813
29992,-0.20578908467139279,-7.716029709652214,1.4903863881164547,1.8923073221653086,468.14866150473887,0.393995219559927,0.0001736607490649925
29993,-0.7842786930500125,-12.088007460971463,0.19495063920953357,1.3188886680558989,319.7549281792629,1.9451014898500345,0.00017366083666631806
29994,-1.8740000119176656,-9.924609447809225,0.28518034737324816,0.45061318605659395,110.90644249890491,0.30116436397618873,0.0001737256831462226
29995,-1.4740450357279382,-11.348657116360144,3.949784085407979,0.6473737002862793,146.38096016006946,0.6386141366416238,0.00017374047933279812
29996,-1.275131939267352,-7.430825239498711,1.7789854151024114,0.9771097617989325,159.87629186693474,0.02088344368986661,0.00017374962383013428
29997,-0.4965630042026916,-7.954977176963078,1.1158147947924704,1.2184119395982795,309.4876693994611,0.577355880105034,0.00017376356913972944
29998,-1.0782404216710937,-9.583164036725604,0.3648944174274374,5.458105987609517,644.5048146683481,0.41969051334227103,0.00017376676307446115
29999,-3.662332294185939,-6.446140652631437,0.30123702948727593,1.2391638014010766,294.16883196859567,1.0390734035286,0.00017377120873232087
30000,-4.115744442223537,-11.413356632888952,4.760821443275842,2.511390430548065,368.7464795207264,0.10517968789085685,0.00017377309935309954
30001,-0.49669351979196996,-12.400322682546175,3.911658040938261,1.46462946412521,147.75672380774037,0.34086943316852736,0.0001737774937610331
30002,-3.1014451870076964,-5.029200190565564,2.730659954069784,1.2396474424509545,268.99613190097546,0.13373081568317335,0.0001737781777208393
30003,-3.3416696951099265,-11.326543257034416,4.77821913226359,1.5698221275027697,463.33391049664334,0.10012277121945701,0.00017378499539152386
30004,-0.6590062708797042,-9.191286635224987,0.4548163802169514,1.6714597537973535,394.1474691551524,0.9376511372261342,0.0001737865908816168
30005,-1.4781117877299685,-12.396360696151193,0.1381865543572275,1.850339538353093,444.9047879415368,0.1282705103467192,0.00017378900300476556
30006,-3.032047644552657,-11.325299427644799,5.05717476080856,1.2574149103528234,271.8460275784913,0.12705216118528728,0.00017381124900812213
30007,-0.3959659922059533,-8.75430436622389,4.126458489487439,1.3946459719983453,190.06730217322408,0.16776930323823258,0.00017381826510970232
30008,-0.6463441994854993,-12.773292764682324,0.1771131502543257,3.0238420440103484,501.8078742259199,1.6316833553585823,0.00017381881235257736
30009,-0.9167501433831866,-12.977726292193333,3.82002964536012,1.3091870019043002,468.4316747553628,0.07629645741493984,0.00017383307384433625
30010,-1.9413444109285187,-9.17661288321285,4.222843801482761,1.0644445063152472,274.90535663281076,1.2659995285023635,0.0001738415359225881
30011,-7.804402748163125,-11.31465608304213,3.2326981725503985,0.5005224345098764,111.18637574073969,0.3986472794977809,0.00017385376143800316
30012,-4.350477889667811,-5.118087336058025,4.034141019542171,1.1037258888348636,467.24892242375086,0.2767901373548032,0.00017385431437955213
30013,-0.5727351775330725,-7.144131015966331,2.6894278347327,2.701270300963309,473.62086211411315,1.5597499802271546,0.00017387627614325648
30014,-3.5993312536574864,-5.088138127820916,3.424734218179967,1.0665043003452883,276.036578259384,0.19339593277531453,0.000173909159713446
30015,-0.47011766294047774,-7.2886220668001425,2.0948129606960726,0.9971257007608746,468.40649125816094,0.5434540647595707,0.0001739105175111871
30016,-0.05983103990596561,-7.332715427488098,1.9926555164498225,1.0269176767668227,467.5079628439625,0.7926276405833974,0.0001739339579589574
30017,-8.696221442655496,-8.633565792614847,3.63039162337143,0.9990792487321977,467.9849125590726,0.9161805146117024,0.0001739466975382458
30018,-1.7396859915807958,-12.650127190638823,3.8296239417321996,5.7040631626910425,516.4232275316691,0.03202869411887921,0.00017394849382268725
30019,-4.506767009420577,-6.570923007760529,0.12300163631315812,0.9227459155385002,183.711666002448,1.0380997021818787,0.00017395268719009048
30020,-0.287186676071844,-9.290158079964964,4.180484796140026,1.811161269095108,435.8061924312131,0.0006993118770255435,0.0001739531027162298
30021,-4.807389236697385,-11.805736512399172,4.707247746112334,0.9335632713701758,244.5874240995324,0.4528014841371961,0.00017396185812079882
30022,-0.4216959320969824,-12.654994887688927,0.18393596100933407,1.4110020320575867,187.04733045935168,0.17762554291742205,0.00017399436102356886
30023,-0.9597523606942708,-11.991058700320863,0.19106416394862066,1.1377082591438508,234.4976870607728,0.43451561735389976,0.00017399848797471364
30024,-4.490344797247604,-12.95773278014416,4.587567424734098,1.7201540746045811,363.87619583692856,1.0770501115217677,0.00017402920871247948
30025,-0.8412839092446536,-12.158025894869132,3.8507264629711826,1.1729451015196337,194.4778468123944,0.1336914410509129,0.00017402933730033463
30026,-1.9683054542624028,-8.499799314865449,4.0471350428814095,1.4268859026135805,339.54803365302223,0.2694925537154136,0.00017403152857225931
30027,-0.6930672688158381,-12.527446219881384,0.17810468237464078,0.841430782257997,467.58461375346906,0.06918445887818425,0.00017403958620342504
30028,-2.5220465831880423,-7.013091868349834,3.5569573899269455,1.04263278683168,467.8549922958054,0.3566067827839605,0.00017404039952253076
30029,-0.31565583115271245,-10.147769553999883,0.27955125927898444,1.7442924281187786,412.22748669160774,0.8802075285790698,0.0001740412010436911
30030,-0.2592458406823255,-9.59519767972156,4.168469700827656,1.3222916046640147,318.5644706216266,1.5146854457983085,0.00017405787618631104
30031,-1.1700440940400156,-7.833260970337711,1.4068614855445498,0.9445565448051149,467.82269389910056,0.4268082093128047,0.00017406149941497873
30032,-2.4222662342073766,-6.994677226882741,2.5226180872063426,1.2186421837816765,297.3118123644481,0.7784064017009333,0.0001740621405209525
30033,-2.000383121257827,-7.353384486687985,2.964317999217392,2.4166840336865327,447.5049896471717,1.6695187360009411,0.0001740798648767828
30034,-5.107427901268914,-11.703727716611535,4.7298332759040616,11.004787195787072,650.3236807966878,0.06765929055616393,0.00017408338605137366
30035,-0.30695440387645867,-9.235009684559685,4.17902885634305,1.120777373171648,452.64734999856483,0.6802262664743255,0.00017408832025293333
30036,-0.9183098153636919,-10.879487850594998,3.9995077041723683,1.7009336008615432,399.5394351420733,0.03541534024033233,0.00017409859628311712
30037,-0.9801088304396615,-10.239920366287894,4.10107750227866,1.2298884064246278,309.3384757946808,0.6085382732340117,0.00017410051072612302
30038,-0.7397555082420766,-11.92940435495914,3.86317441581254,1.2996964279619654,291.3452837395659,0.049496911500193086,0.00017411534670010555
30039,-1.6643746674523907,-11.397827962850332,3.9871146218246976,1.4048012418700968,467.86235007088277,0.12038687847056728,0.00017412387480445656
30040,-0.7577277782800316,-11.418157569866679,3.940677721273182,0.8037290670472823,219.26834621912172,0.44716037295328803,0.00017413218685771202
30041,-1.5183493104694605,-12.015277184280126,0.15262234355489598,0.5489862481523565,153.93647315364652,1.2169186185638035,0.00017413863593475037
30042,-2.2877479223552424,-10.511627796836859,0.21779724291949876,1.5075975631821223,340.55955162308,0.4218225709643182,0.00017414892165839723
30043,-5.032717529377512,-5.02981999644279,0.6324720437261288,1.1421465742698502,153.0332178900671,0.24542186821471734,0.00017416474877770012
30044,-1.1248201545614958,-12.189241737147627,3.8972794482047433,1.6508568535886852,364.1065592023878,1.7668165883372478,0.00017416979637613128
30045,-4.3734902187987394,-12.146651995138765,4.649245090814379,0.9260095882379239,239.02996139266085,1.027988072822815,0.00017417205467915625
30046,-1.2456232455691207,-7.410995534663017,1.893998121332,1.989897422553238,392.2229738407265,0.873463242496439,0.00017417367837704604
30047,-1.5815880983830972,-8.370504013689388,3.987936739930691,0.8930647834200677,467.1606554236494,0.6805828990494192,0.00017417733273048826
30048,-6.57638719263225,-11.247004368006458,4.715417045930216,1.8798448011538498,468.5233485052403,0.652602240973879,0.0001741869300917368
30049,-0.4905550025624468,-7.080992835428763,2.5357935518555084,2.9327221815122413,418.5815193100771,0.08857321826216502,0.00017421399999828515
30050,-1.6201925425137613,-10.12536148418633,0.2286002792155788,0.9747430431385778,345.41670958202917,0.015736683729498324,0.0001742212631576618
30051,-0.5533714735142663,-7.222351154971765,2.7140980973454853,2.264407380848251,434.07241767849183,2.1223396330417588,0.00017422258541275001
30052,-3.416728395517403,-5.31180208049993,1.4633096729395887,0.8814722170327858,285.3008859415645,1.0030102158302485,0.00017423179923201152
30053,-0.492165010072954,-11.337357327453365,3.984408643796094,1.3981659006271003,328.1072871958437,1.3970005019079421,0.00017425128872329684
30054,-1.534978495734654,-8.198557736941865,3.8603157309465934,1.2558433813623937,468.7398194110109,0.8352934639251659,0.00017426257578647097
30055,-0.4666955662211496,-7.197800664011433,2.1798406811237596,1.6358528775874595,380.33943362579197,0.013567852236296751,0.00017426617033886903
30056,-0.48299717152220367,-7.197897727195486,2.17938919189506,1.0314885411240207,270.2471153658033,0.20374809921531511,0.0001742715529975893
30057,-0.4617045472637642,-7.474381842643855,3.22433107055333,1.8084441788616865,431.6404257602841,0.24891754164798918,0.00017428587786675606
30058,-3.648295127851208,-5.795423199499375,0.873088781061677,1.317618465940548,291.91486093270163,0.24170454000175656,0.00017428643650353555
30059,-3.495126336811161,-5.5186382874338635,4.263129483623675,0.8712389799582747,468.3871855890458,0.5315762508634903,0.00017428793139708199
30060,-0.7608000757645073,-10.868558050669822,3.99909391698757,1.287111572227544,296.0490853397523,0.1364080691079197,0.00017431044220989474
30061,-4.10360326419536,-5.689694089244501,0.8327888725038153,1.4936725578200338,342.4800849300494,1.911524537240262,0.0001743279521477924
30062,-2.377817455145655,-7.296888344637286,3.0661191518822926,1.0072805971700076,275.28948756493605,1.435623854967086,0.00017434564485200568
30063,-1.6646757974766881,-12.218325703367023,3.88377912572787,8.782232119544526,546.0785811506395,0.005168896315317362,0.00017435848823281865
30064,-7.015232368079008,-12.855675576478916,4.235186952725833,0.9750868358286481,194.2016464402177,0.5529054271892937,0.0001743622036643458
30065,-1.9640539539220487,-7.570465691592017,3.3390694646549464,1.0238616789487782,274.4233757062058,1.4101698152577926,0.0001743682763116703
30066,-5.260676486699378,-5.19729747385037,4.9729354904287995,1.747983540939317,455.421760108816,0.0987868732076187,0.00017437281911491628
30067,-0.5697258696764749,-11.883182069872188,3.863875213723904,0.863180606593883,468.06473729390297,0.6396348889604306,0.00017437682049860478
30068,-0.5805559906320603,-11.396767144022503,3.929353492832894,0.6696996436139638,468.55231422482564,0.4739367778104855,0.00017438257909342845
30069,-0.9277156284631545,-7.837806560526139,1.3985907039333505,1.4982348378279884,340.69447073692305,0.7860875061756163,0.00017439537983699997
30070,-2.1286303060700504,-7.0858260135943185,2.4364891863801463,1.161279165854884,465.966739463269,0.33354439729078234,0.00017440106180399093
30071,-0.3712895049367724,-9.835985261785183,4.14514720345982,2.2117592194625337,428.3852125803869,2.0653036403842497,0.00017440583612068393
30072,-3.544837892888875,-5.321051322336006,1.2765647651115262,1.0557727056432453,228.03203806820363,0.2806377165411602,0.00017441296496411405
30073,-0.2949704025247293,-7.386508429250194,3.049495451637273,0.7071705815682262,165.54998905853967,0.4201967444445822,0.0001744653612157267
30074,-0.586764594393804,-8.69518471585977,4.107080209374473,1.7947845724716005,427.9658944206813,0.5890476625777783,0.00017447010114181874
30075,-0.15761613416952436,-9.61220747266818,0.3234714321764154,14.296238128146305,620.227389001985,0.01739596906164209,0.00017447052005151645
30076,-2.237320804191155,-7.284028165023994,2.830562486485783,1.0942779089906818,467.3259667931349,0.0726202733729,0.000174502597636155
30077,-1.19920215340513,-11.280386895881922,0.1975872311569544,1.8770387326475027,467.54192655511514,0.1766954190791088,0.00017450303431837318
30078,-0.5066732155418201,-12.89710729999816,3.8159597151076468,0.9852432708720988,194.46603193762306,0.07017912570015561,0.00017451633834218263
30079,-1.427534144325671,-9.416872813615784,0.411868764814782,1.7707639054526352,467.92126526386494,0.516486600417899,0.00017453367104955362
30080,-0.11993678863629142,-8.616189037697634,4.083812718780399,0.7900022072898732,468.58319067052065,0.2677696357475794,0.00017453962241497623
30081,-0.3471610739995441,-8.185892659314838,3.850211138973247,0.5753267367026914,172.84349354267286,1.0481794131603719,0.0001745466504430777
30082,-1.939277414492505,-11.492976323538816,0.16526473237240033,1.0944061112171402,191.83317373988598,0.10967585475314667,0.00017456978249117346
30083,-0.2608728271302194,-7.7411419371516885,1.5150108339889092,1.2441668744907188,305.5970971012382,0.8454237493500001,0.00017458261130284548
30084,-7.774535898369248,-9.79295217176149,4.1725418048251806,5.1926620653114774,264.18818189373445,0.3798796694338922,0.00017460941080677333
30085,-0.8831046803286089,-12.124667790905395,3.9022288843245474,1.3046469121197057,467.9596558978933,0.6949571078432237,0.00017464187205982264
30086,-4.38764130681027,-10.46837862446155,5.090727948245388,0.9084293270026144,213.31533273448892,0.16365245199131628,0.00017464190161132017
30087,-0.2581790652538789,-7.079244080286988,2.3407779042336934,0.8801229088726109,175.91325294767907,0.013842662858347232,0.00017464510089292812
30088,-1.4028654152322702,-10.869088144769515,4.0063175620521925,1.5075536167293322,341.13312769178174,0.09824583841040191,0.00017466546400184916
30089,-9.5808359839034,-7.727216554215141,3.3870723761346433,4.062026728181988,422.493936222575,0.01326139359246703,0.00017467858361217448
30090,-1.9442254721134251,-12.647327357467802,0.17956448684033202,1.2448076146831157,276.5643364687822,0.8475810006170796,0.00017468320728129924
30091,-8.12142452827653,-8.987523380655706,4.416008422764857,1.4258860645275115,337.3634108258082,0.3613935534087238,0.00017470162392716805
30092,-0.09903918080551932,-7.449042645017311,1.9655888972670281,0.8859727813575511,244.52638787851035,0.744707788423769,0.00017470219100125834
30093,-1.9262996649979982,-10.04448455262307,4.120170503571879,1.7375832686122032,467.61286420554353,0.1263182927639157,0.0001747029198893782
30094,-0.26163008664611276,-7.593297202217775,3.3585408075258485,1.6696491821668673,468.26116568233044,0.346148815190519,0.0001747057932215512
30095,-4.522742322105416,-10.714633200095806,4.9867784802274295,1.0059828367675294,468.47025315372747,0.4918040786561333,0.0001747201403670247
30096,-2.0287990594781924,-12.357588366019447,3.884322508028683,0.8709611158017192,468.31038899355343,0.017248333793249415,0.00017472638798310308
30097,-0.872926894673844,-7.178687567744431,2.2775715483701817,1.525584864285075,433.16004072033957,0.24520234204055402,0.00017472738687605865
30098,-1.5192213205422753,-8.837990387527643,4.136982710315618,2.364065464787757,440.1126095981944,1.280075009197728,0.0001747342760971125
30099,-4.53213364657176,-10.706810268154843,4.989903922808323,1.2118149349665304,468.53154223026655,0.2860308090373147,0.00017481797163080103
30100,-1.4011240878268296,-7.494413981513569,1.8174456768134362,1.3244082613185457,326.00633108553257,0.42011560738841336,0.0001748452840643799
30101,-1.9702385469728316,-11.078032005751925,0.1828380582569976,0.7878096170229292,468.9688207925984,0.20374611651362873,0.0001748474491948525
30102,-0.9445248810483662,-11.836897488993355,3.86288932405774,1.1397610749842884,133.50291196376992,0.3226048074014525,0.000174848048564744
30103,-2.223565478745658,-7.527456573794858,1.6745732611437882,1.1357184571683665,292.8666579161777,1.0005301010708179,0.00017485853512247087
30104,-0.9465060986094223,-12.908167180033285,0.1877140617074454,1.4885927643852146,336.4051701005178,0.1791097901899379,0.0001748694655886508
30105,-2.0986747750452484,-7.54895014301744,1.6540993755825022,0.9514825923834206,467.3010341311782,0.5883549641253714,0.00017487058900116946
30106,-0.7908298111133387,-8.145903873934914,3.822604058362501,1.8704851594270073,449.47298179638045,0.346069192570595,0.00017487686484784273
30107,-1.0563164782724535,-10.171338231306438,0.2806291580102338,1.3167990946942212,207.4618793525309,0.44953344374132254,0.0001748991288357222
30108,-1.4742858647168475,-12.22734623149878,3.9092717542903737,1.6176652712590287,466.7014922214025,0.4393975962139365,0.0001749049906388075
30109,-1.9041732770819184,-7.235192741550783,2.817330820546277,2.470005352099776,454.7384201861435,2.242126080357534,0.00017490522352146633
30110,-2.324795596280836,-8.103834981099588,3.8092157376158537,0.836658517727212,469.3774113531492,0.15076190988592675,0.00017490862639947565
30111,-3.7391723427422905,-5.078099275710439,1.6735354919485352,0.9808193202310709,271.3475633001471,1.6668945460546292,0.0001749153141407664
30112,-0.0607392019818338,-12.285544010514744,3.835751343994462,1.329349821745452,284.22114143336034,0.8829191650666415,0.0001749391432282188
30113,-0.5351435683031642,-11.066406799056287,3.9668446499101804,0.9047174466050532,469.37487603301014,0.037461345072888896,0.00017494110462194535
30114,-1.6481496967897833,-7.161384725755711,2.6876499328475303,0.8804485341534136,184.03214945674796,0.14422684427238863,0.00017494682237687562
30115,-5.482398001205327,-11.772756562852814,4.727813451632095,1.0866380570349499,268.7544398116116,1.3366660708016616,0.000174968614226864
30116,-8.033833808691593,-8.916079352068154,0.3289239316109998,1.0981653281576578,466.7433991024598,0.5758082532965441,0.00017499108466972104
30117,-3.0712749635801835,-5.321561290980502,1.2379778712267533,1.7561211447167697,414.4485365428397,0.108098233582683,0.00017500407175671315
30118,-1.6026810719735867,-11.734571308839849,3.868751362056949,0.9355295078683245,236.98971995188109,0.8717273923321853,0.0001750080479913019
30119,-2.201441587321929,-10.60736823360651,4.087266295061962,1.7445312398361539,469.5928629365599,0.11166097723631818,0.00017501446504711708
30120,-0.8195051793919816,-11.918390568157653,0.18781597507230183,1.481201457544524,341.23674730855487,0.02930335320133093,0.00017503740619671462
30121,-1.8318576140292961,-12.913208299927508,0.14250877742317708,1.0745711794970492,285.63137853237475,0.6100564178043308,0.00017504565729083564
30122,-1.2410092612517314,-8.554853542636911,4.024522494439732,2.268523926022951,396.6919190228466,0.2627730548899878,0.00017504891213046824
30123,-0.4751011022667786,-7.427727389423639,3.059665740653094,1.500607447492824,467.8104150338811,0.05699323497453879,0.00017507478634422741
30124,-1.1006323590091807,-11.775664205441544,3.9214880686079514,0.7701786333218393,230.74418704622607,0.5311357101085514,0.00017508010919029874
30125,-1.5044766452211409,-12.598044328439334,3.8204782625184355,1.7822973463460425,370.8102915872906,0.3391000558700119,0.0001750904034462966
30126,-2.0304009293261505,-7.30695562451196,2.0990833487290503,0.6943234719435334,197.3514284147917,0.6658156782928266,0.00017509960792159667
30127,-1.1637768556109123,-11.939817604046361,3.9146614444440293,1.7492191282383887,375.188398787722,1.719089714778268,0.00017512102128690646
30128,-3.936374800403101,-11.833258034851475,4.680314534672887,0.9629341570491563,468.3096174614584,0.638061963962774,0.0001751265581516693
30129,-5.449545626431666,-5.169090350400518,5.163356802495861,3.1631417844041327,511.745321574596,1.330665205170713,0.00017512925790166248
30130,-0.1258680100025149,-11.808502526415891,3.8622652662945205,0.7466121881189047,152.60150190313396,0.6787538012064838,0.00017514709320074265
30131,-0.07920237504987959,-7.485472682098802,1.8071373048795198,1.1311203344196101,467.9311218399583,0.29017666046346413,0.00017515541550077734
30132,-0.8282152187641234,-10.871608469719181,0.2030971380395177,1.0945309187975507,290.0243531578073,1.3445056245664846,0.00017516877257901572
30133,-1.2464964500801106,-7.5517386826499315,1.6799653702967359,1.109893894243603,284.6075817715012,0.20083315542984348,0.00017517756311679798
30134,-6.095167562627468,-10.415961772429227,5.137988597367147,1.1113512855369552,467.0010294905745,0.6333625151507087,0.00017519190401031224
30135,-4.474084281313736,-5.67121976899035,0.7344034425044879,1.8452389918271024,451.39565224033356,0.7317031127482077,0.00017519345932117425
30136,-1.7249409060902252,-11.990934184170161,3.8498821125124283,0.7721134363797786,469.38377979043946,0.24092135184369567,0.0001752077029765228
30137,-1.6851979880300672,-7.3039084450674325,2.082958915682916,1.571546955056366,364.47041835901166,0.39029048446935644,0.00017522448320550846
30138,-2.076106769429243,-7.891028624618706,1.034990835755438,0.8942704197396296,467.72748937929,0.20394836821716922,0.00017523792630267195
30139,-0.8949231284146428,-11.63089557397251,3.885623051673475,1.4249916528545574,324.7299829388279,0.8712002626354041,0.0001752380630760393
30140,-0.7545358832028164,-10.975566507962244,3.9739991279910907,1.2425886054625648,311.99697337783556,0.3371080897656382,0.00017523997558424793
30141,-0.4385542852647202,-10.923524424482576,0.2129200179421822,1.01018558826531,266.5846616890252,0.8760415907842765,0.000175252358967104
30142,-0.9752946361554713,-10.565408188082944,4.053021201208788,2.1225238169992946,399.61372944238343,0.6307771939418556,0.0001752584356223589
30143,-2.0678402699770686,-10.657231648685077,4.042013001689324,1.8983845368898837,469.6888540547673,0.15750502378895526,0.00017526217622920327
30144,-1.1145122764006068,-8.837780314247961,4.132861067669917,0.9803192184040973,467.84035055470014,0.6109510160747371,0.00017529807286811955
30145,-0.6252091105861108,-12.190465659634109,3.8996268989908747,1.180616380044743,296.099629434324,0.9322011464448892,0.00017530056690416717
30146,-2.0684166608105423,-8.399902037537824,3.956181019021546,0.8989014787539995,468.416551260144,0.7767089093046122,0.00017530822361093386
30147,-0.9790146149064043,-7.241908698054801,2.8179048888173313,0.9545977721775267,202.02317125621641,0.5806985693332276,0.00017530862879711355
30148,-2.14761550516923,-7.170918474345541,2.6772580838242264,1.192413716633054,252.9118336446165,0.12067136192654004,0.00017531661691090988
30149,-4.410116100082341,-6.614544882008254,0.1185418068849362,1.1930196129594803,468.0948994404219,0.5355758220779121,0.00017532247188329118
30150,-1.8952488954756923,-8.735501079477244,4.110859612511226,1.824317917805465,436.9058523187408,0.5389193451046079,0.0001753244755574899
30151,-0.18718947900278238,-7.555508921577878,1.6844846228185706,3.291338180701067,489.3304745027367,0.17988231620072082,0.00017532849235128343
30152,-0.6751650642010016,-7.856141223703346,1.2158911774234027,1.5613779994964365,363.35651889281104,0.43335005392304193,0.00017536464025975985
30153,-2.106356861038602,-8.1789507091345,3.838578514226571,1.1687186454824487,303.39864267157736,0.49944569089920954,0.00017536918330113364
30154,-1.991834405467257,-7.369051143540177,3.024844948300123,7.826634367152451,737.3972483834486,0.42641621824281994,0.0001753750971021156
30155,-3.649899006793861,-5.223717530933143,3.8294511848935433,0.9557967146936504,266.5054129659442,1.3499382351876417,0.00017537784184274308
30156,-4.522234977065426,-5.045524462360552,3.880763099220689,1.5145299572306337,341.099356799847,1.2721365044381248,0.00017537804010576565
30157,-0.2609328298901161,-7.5741723223361594,1.6332104918843058,1.1129033246035354,467.07838299338835,0.7608505463233852,0.00017537935898446878
30158,-1.2545600730744084,-10.766301593227668,0.19882707374087213,0.7641737581719724,152.43215206708066,0.15854865203362234,0.00017538260864447992
30159,-0.6649383162911437,-7.352316407769589,2.0003473542408092,0.9006635225948095,469.49066387745773,0.12341290040853625,0.0001753838444042787
30160,-3.849806112639299,-5.199695983712894,3.733978331421485,0.8402021625978129,466.8236052109203,0.16308382478843164,0.0001753863269957027
30161,-2.0294662513389694,-8.687938049829363,4.098159113441372,4.1853630519357,562.5312224394929,0.2943621090607227,0.00017538946621844438
30162,-2.016826581073948,-7.309720275896861,2.843967597466171,0.8714963992918652,468.55234064347815,0.8713321538477539,0.00017539913611723477
30163,-0.7739966551120645,-12.88544603049564,3.8897949389804096,1.095223679787029,237.83015616833765,0.17812209921738908,0.00017540319426269485
30164,-1.2013846755426147,-11.27801287625837,3.942426021754181,1.0582748886779216,467.73046750801745,0.5581398852291164,0.00017541639117597794
30165,-2.531821993478216,-6.396354536041926,1.0223534061044293,0.6276111388390865,175.34426625274978,1.2334383767308585,0.00017542684075443025
30166,-3.818045216298441,-5.237182179558077,1.4517392060078933,1.1888971835112403,301.4114805569473,0.5816223505183578,0.00017543399485995544
30167,-8.662428904976185,-8.704233684828463,3.568033819872286,1.0092995253399566,244.53287051400542,1.2677803991533523,0.00017544637424766687
30168,-3.09679207435326,-5.278875831985547,1.511902891334208,4.241681548884306,580.5683248840651,0.7026935176437314,0.00017545904331874417
30169,-1.5206996913792654,-11.857541629813861,3.916338344207466,1.9033463069233862,468.0032366281741,0.6219514407548496,0.00017549793964138577
30170,-0.2651343966458466,-8.377087003088176,3.9436650827380104,1.1426137252803679,276.9827747688323,0.8041641857961705,0.00017550242519359899
30171,-2.927044241504407,-5.545645283803615,2.8599700787296833,1.8974480764063792,469.1974797531963,0.5955391003599555,0.0001755435824441186
30172,-0.0034952555158636045,-7.773075795900658,3.53869841780199,1.6694050655920447,468.47964583402813,0.5646713503992631,0.00017560059997003013
30173,-2.308909285127222,-7.303478662917695,3.1898544583778454,1.1103540700175536,288.33558948043907,1.2044689457856963,0.00017561880539686175
30174,-0.5507677449382218,-8.529167155633463,4.0457230109923765,1.0713883345362245,467.8563584530139,0.8062396522355808,0.0001756240621262278
30175,-3.410391082617938,-5.166145773625148,1.556301158770633,0.8832912022699311,182.62090340258882,1.091706211383408,0.00017564080514252561
30176,-1.7944746019829996,-10.224858702676352,4.091829620560239,0.7762868928236744,161.68422603208495,0.38378785824978845,0.00017564579569201089
30177,-2.5670977580393313,-6.549610286049767,0.9443177434585345,3.250892351048528,519.8827409052475,1.6640934074084521,0.00017566494020574552
30178,-1.8912618742207883,-12.864485799268,0.14933345357582942,1.7204184463230088,409.6514744416276,0.43789136101606996,0.00017566882261422327
30179,-1.2159307522297702,-12.167917629688398,0.17903158359624,0.5220118478888122,137.8009576755365,0.6830710569985428,0.0001756784284323473
30180,-3.8996862517271307,-5.0075661610155855,1.5271478411121158,2.3732640024300165,444.9258994171922,2.0567736227051183,0.0001756855787916362
30181,-1.31205765922188,-9.11613556436376,4.163296981313125,0.6263244962051195,131.49284073206428,0.093469727112649,0.00017568913322578184
30182,-1.2594253999157647,-10.002978800620514,4.1180325948125756,1.8182200018988426,361.29950818064196,0.39978372739771917,0.00017570066301076555
30183,-1.1237946790039128,-11.718609144399208,0.1974453570447208,0.6199990750596324,130.39816960802165,0.19500077815033023,0.00017572621410350808
30184,-2.1618369604277294,-11.476848574062718,3.8758690837479306,1.8492313646012926,468.12337895403107,0.4189587336687488,0.0001757289439065527
30185,-1.6061430897397333,-12.080379627540095,3.8393800800065097,0.912728835228444,469.81594175363995,0.05079500801575154,0.00017574902191603108
30186,-1.8707486064759014,-7.09521670993802,2.531614595511739,0.6036066893993732,168.7736553760911,0.9795374250159519,0.00017575697930340711
30187,-4.727088779635293,-5.30331407561445,4.438942573849877,1.0518046791845126,275.0528378910543,0.671546360672342,0.00017575933512643625
30188,-0.6248996773749109,-10.008741806805553,4.116909630489709,2.049775926535333,246.91029936001493,0.12265918360931938,0.0001757606666400014
30189,-2.9487295638396294,-5.39068181556751,2.5822049028449916,1.5611240264748942,366.2643840770506,0.46434451175544567,0.00017576075254763536
30190,-3.2497910313053637,-12.659432968806719,4.611814244714322,1.8605741239195557,446.63728764777295,0.27085520952473185,0.00017578030827411256
30191,-0.9235525626858987,-12.489829674039193,0.1971435581541764,1.1193234807595234,288.8251707457957,1.3718415963341881,0.00017578330668551912
30192,-1.4893648468607399,-11.36059659295812,3.928225279454741,0.8762628951167832,467.91356875149296,0.3014664115143981,0.00017578999214592386
30193,-1.9272695175754393,-11.160863419970509,3.9504540219525155,1.016551274392682,273.2887926749058,0.40117434589052703,0.00017580371458024663
30194,-3.0704035615420597,-5.930380879845347,0.8415824213745261,0.7661435864760491,135.98942076613378,0.2513934671646423,0.0001758248696755278
30195,-1.0350892828555924,-7.931306026417089,3.6691499539851034,1.7723394248303361,420.20536516003847,0.2684707744457473,0.0001758319850469002
30196,-0.4652164457244101,-12.828483964701707,0.19509462759339224,1.8500625915206137,457.9984349595082,0.2829673648738176,0.0001758459409767835
30197,-8.625854059103908,-9.03806834239871,2.8729093171614557,0.9541330804552706,223.2885448184061,0.41231547585911965,0.0001758647174688588
30198,-1.199608022421593,-11.610258183980827,3.8708892323777504,4.40741271971197,592.7661278067502,0.8285585635849131,0.00017587868654103214
30199,-1.3854484800136433,-8.295205486503583,3.9193000342654747,0.9383195375172202,192.38429671952935,1.0726119296943102,0.00017589966988694456
30200,-9.580664771862848,-6.586241070278204,1.4822923213316468,6.179932183348977,627.6566301725995,0.1797396605440218,0.0001759191812423262
30201,-0.08259741595432679,-11.835384057862735,3.9141376999918633,0.8533719409027348,466.11612547409965,0.29727273261508014,0.00017592321325087814
30202,-0.010565287607374074,-8.387861469698148,3.9807373769012533,1.5585894175768904,363.1082217820414,0.8897967390681156,0.00017592341535322366
30203,-3.5581967045197027,-6.325686929028451,0.4005121006179258,8.959273082474658,680.1757492427494,0.15954932425555945,0.00017593449720290874
30204,-9.738492446160267,-5.7869325844441,1.6246334559778193,0.8781129555230947,251.77765446382577,0.8472485519500532,0.00017596278612251959
30205,-1.6060589026077459,-12.127167482330172,0.16540777834136983,2.5848910092095543,466.32327809852654,2.6045149030528876,0.00017596585381122833
30206,-0.26435528296674526,-7.32500096133669,2.1218242626226838,0.7955015513129012,163.49173703973972,0.11350340032795359,0.00017596896175285545
30207,-1.2443840447166767,-7.09142886505097,2.3123445435171366,1.789154667691113,468.1910368476559,0.25694637516694563,0.00017598160992656826
30208,-3.5842452158845663,-5.130542443126945,1.687950737985386,0.7798616711056343,137.39446287379957,0.12180744751338057,0.00017598210581047384
30209,-1.3536510376485769,-11.855594150135754,0.19120474087758302,1.0300399851122408,208.86727404763627,0.38076439760580616,0.00017598322706139575
30210,-1.385023219472302,-8.445785068537038,3.971342212675855,1.0759294430158277,143.74202773878514,0.27829866214826726,0.00017598531797636546
30211,-1.5489456968538775,-9.868781210862085,4.130744997606356,0.8504636955957126,197.0615112661797,1.2761076116475314,0.0001759930334111291
30212,-0.32569651335213656,-9.316601565378173,0.4195834525211317,1.3790669820573187,300.53728869798726,0.2412281956015141,0.00017599478805091528
30213,-1.8766722178564201,-7.364300528211886,2.9298067892159874,6.0749650604129615,673.3262157627497,0.45508498426491784,0.0001760222547517284
30214,-7.36858862525601,-11.251255464145185,4.059284639297129,1.130282480512646,467.1124760388614,0.13220635148534754,0.00017602643607483428
30215,-0.7814133362543494,-7.572871726582345,3.3173524546545456,1.4094882211513018,468.5807393959933,0.9381527461589156,0.0001760577685798595
30216,-4.165067165523562,-11.523379691316755,4.737570447897774,1.6137054806958433,381.3127449341624,0.45352014523762296,0.00017607025605298075
30217,-3.0127632242409783,-5.453232033587372,1.5897830098941965,3.4346845844357556,351.7108077890097,0.06614747284622613,0.00017608223174393766
30218,-0.9828158835567304,-7.249201008135277,2.809759271505958,1.2184782336458664,273.49847056429854,0.3690164172392434,0.00017609024900889573
30219,-1.5967526082669021,-11.080131648310596,3.9562293737988563,1.6644194968090578,467.8303670828449,0.4006636468833449,0.00017609044109225756
30220,-1.3033118143678752,-9.714084283844024,4.145076257630366,0.7288451927873683,467.5267941846632,0.30666382311782936,0.00017609246862117876
30221,-1.9784256992510407,-9.991483112091386,0.3015485947794799,4.349594965894146,586.8334774735014,0.6724274311185852,0.00017609285374554253
30222,-0.719064739295538,-11.26612861407953,3.934308604642061,3.585522881706432,287.9253205160823,0.20512222559968674,0.00017609617492713312
30223,-2.403429947441821,-12.10530270014077,0.12799949474542782,1.4711130672482435,337.8418467975457,0.4661620640686044,0.00017610249076108013
30224,-6.673032087488236,-12.914133238094577,4.453209248611243,1.0732142289470723,267.603232344721,0.9289857549265941,0.00017611955163725616
30225,-7.490195870172375,-9.783061890574501,4.641398863265756,1.4721646580826073,337.73433658848006,0.1233921822508961,0.00017612083417059625
30226,-1.7590681381871693,-7.8502725299193346,3.60078462088099,1.666336186604161,389.9793671270336,0.8998398184601824,0.0001761410908983106
30227,-0.9836200771484034,-11.14943474972273,3.9883121417665857,1.1471617720111966,294.4928772540688,1.0158348294547812,0.00017615961485392448
30228,-0.22080854679243522,-12.073640628389049,3.8358912199103967,0.5369987323772811,149.56235956990614,1.2368094611885452,0.000176188031975036
30229,-1.9331911334580045,-8.126382001918898,1.0255687994877767,1.1266751743345702,466.78062179254516,0.6793816355540425,0.0001762034154826977
30230,-3.7617080344851237,-5.5536186458969725,4.350093583125346,2.7595790619145286,479.84908546669897,1.7003340456757963,0.00017623101825127527
30231,-1.744256062399863,-9.19451402306458,4.163189358162724,1.2115759404602402,304.46953436458983,1.7639522255963618,0.00017623223321460078
30232,-4.789457011346375,-5.306698767555566,4.469774727745324,1.3845446710534701,305.99195912042825,0.18995602552548796,0.0001762340103701578
30233,-0.3531592381990727,-10.092453175421019,4.103670693257434,1.7993264726147364,430.2499609991914,0.8154634095852904,0.0001762450160889886
30234,-3.7697540759394323,-5.62394802745853,4.47155735373899,1.3892012391677395,219.01412993311936,0.10103880433542489,0.0001762504878696819
30235,-1.0130240845966227,-9.603121074863468,0.3737003541987818,1.1861874669351284,289.8041771666078,1.1904863231653264,0.00017625249113188883
30236,-3.426276987759474,-5.050833621390851,3.3787648450475056,0.9599860859623844,250.94986718790767,1.32788216558541,0.00017626910759208872
30237,-0.5087373559925439,-7.440533758850823,1.9033947914869007,1.476431422730993,335.05397912127,0.18807686055868,0.00017627336736933066
30238,-1.5818724158279647,-12.121557216665334,3.8323926517195313,1.87050167450925,468.03923742493043,0.03279177681041201,0.00017627669264003423
30239,-3.810344527193905,-5.092832023735481,1.6992874000209983,1.910753298719902,468.847037187846,0.6426273402016038,0.00017629446962463631
30240,-8.877312729707914,-8.008052765617943,4.429667529533896,1.079518583047112,282.3315741147409,0.9468426821552391,0.00017632955739991062
30241,-2.9886176586975033,-5.943587156951557,0.8649576423976697,1.472509587471781,333.4607120547588,0.6868969559562528,0.00017634158531247129
30242,-1.6413344636757348,-7.077841896658873,2.404814824390005,0.9582213873127493,468.6795024417184,0.36531077596697603,0.00017634454017489344
30243,-1.9009144921593908,-7.28281601082542,2.8922388814070046,1.5547528803909514,468.8918005178489,0.9128982992866215,0.00017636895295031446
30244,-9.48678384891575,-6.000641536625207,5.052935793483178,1.778495492983409,468.05555926448443,0.37579172096408886,0.00017637205310406251
30245,-1.2065593647479744,-7.1854910743242,2.745600912460674,0.8585961289366025,244.16254083618657,0.5235064574544834,0.0001763951962915161
30246,-0.48517852689585084,-10.450428755039741,4.026474263176718,1.8891213501457547,468.1174527805981,0.2985901561863171,0.00017639570712520174
30247,-1.0991754790352672,-11.253420968123198,3.9329984366381394,0.9870797782619174,254.62900258058266,0.4509431098260288,0.0001764082730635909
30248,-1.2951988361895612,-12.616287164032382,3.807782554643168,1.4084949894993757,468.11355027190535,0.5998047903670711,0.0001764147619614642
30249,-1.2795254610901718,-7.385650049251916,2.961625244717666,1.1436680868642766,443.96129800288514,0.462678984078547,0.00017641911970797672
30250,-1.6177912221881847,-11.834062580672608,3.8878608972818935,4.225455695116956,440.8044993836737,0.02017779880995274,0.00017644753736010093
30251,-3.7544662314688146,-11.827247112583459,4.676875355016149,1.9816938016206125,387.38396997042986,0.33736056707849205,0.00017648550867585682
30252,-1.2978118790847546,-12.250050059123392,3.8230817875865797,0.9417892826327481,235.31846074403964,0.18591641428972672,0.0001764870612951046
30253,-1.544488670782032,-10.638281956814946,3.976752008357333,0.5991724462742253,187.11996401209737,1.088775733238296,0.00017651516623749745
30254,-1.4687149432889264,-7.1427936274809225,2.645947089506672,2.206898814373365,428.5932890873793,2.1432500400297245,0.00017652054400913513
30255,-5.3966042790159126,-12.102387471904823,4.6766944600158595,0.7792261134119843,467.89305983638025,0.5133420518193788,0.00017652186837975638
30256,-2.0289989331008185,-7.43235717643585,1.8639651966509612,2.8575508472627478,314.66323297853444,0.07977164552415505,0.00017659102378175427
30257,-1.2485626123368707,-12.794328660945832,3.799963212634677,2.999217281050118,439.29266796163654,0.1611391271092808,0.00017660048772985364
30258,-0.996109465873916,-8.523852641811484,4.016982579808065,1.6674270332216155,345.13703758884265,0.4588882801889591,0.00017665329144608523
30259,-0.09603296854631971,-9.157478176954786,0.4679466397811077,2.0848878042339973,413.7761697938534,1.8474250150685352,0.00017671956027777918
30260,-1.0203773542054524,-7.595145543497747,1.7206290931471397,0.9022959297603919,246.929431265594,0.8066884791287618,0.00017672090076348534
30261,-1.2463092967912939,-11.697012290048312,0.19211189179422278,1.438025124565967,313.21309107184237,0.15172899403510254,0.00017672757342914068
30262,-2.1040984498146873,-7.4442092155752855,3.128806144382786,0.8408241283921785,206.27799222674625,0.4115247831947455,0.0001767387161465963
30263,-2.2996424723923177,-11.798258414817882,4.217953854773978,1.1108226663923642,294.4621265561653,0.8723230339501082,0.00017675010381380351
30264,-1.4864366104989166,-12.674689373472308,0.1847619538477476,0.6591321994190936,120.48823230316734,0.0610576277232564,0.00017675396466081247
30265,-7.65997659014584,-11.394726380150958,3.5319046926774553,0.8270531674439912,242.56129917176435,0.3687366441549669,0.0001767574446192739
30266,-3.18216114679585,-5.357172996652039,1.4091918952022977,3.769652283434325,546.0566606365047,0.5822307163621891,0.00017675809096268452
30267,-1.3936367884037342,-7.417586263712822,3.094372393361923,1.9468399066504933,392.84305138284554,0.6626697355783611,0.00017681093038867597
30268,-0.4463198904367349,-10.390029672035368,0.2659950668500123,2.17273232070946,424.03369110113556,2.0216723076161616,0.00017681903254632963
30269,-0.9066242331755152,-8.716291577703094,4.094890487546588,0.9641141243541125,465.31373832740104,0.2653394923906811,0.00017684445156853357
30270,-1.1107237648018433,-7.766782240378018,1.4274649603303098,0.9993859783124278,212.91040631753867,0.8058218536055728,0.0001768522012411099
30271,-0.05027279206241353,-11.891876876681076,3.840890721311391,2.4985172778707705,433.6188575312171,0.38610990909116705,0.00017691074545214114
30272,-2.2145159838003856,-12.874317206581637,3.847688244260391,0.9035933163712344,187.54999226197282,0.824183533596476,0.00017691316501628173
30273,-1.932860788076031,-8.464487284838189,0.8012119948610796,1.7018562945109201,401.15771597181345,0.32646466842378974,0.00017691585681286372
30274,-0.2338940270353742,-10.503087330528853,0.2265180941270916,1.2179231122239755,259.6581990252381,0.5172413381921475,0.00017691944413828986
30275,-0.8436551511365131,-7.361868050755023,2.1447159719064715,2.948642496042437,496.50773104920273,1.9314981764941797,0.00017692284575917337
30276,-2.645264607925033,-6.126777637734756,2.5970035745479176,1.8416573956199624,469.6585557754194,0.10476429853423586,0.00017692672069123636
30277,-1.5545314598797706,-12.387553256123198,0.1666802523482261,1.8359971407656166,439.277264782527,0.7223369145945258,0.00017692970456553993
30278,-2.368662675420227,-12.933312181982137,0.17797784962938204,1.1247709257277314,456.7562725881582,0.6430223078539905,0.00017693024700385796
30279,-0.40151976756002306,-7.263038083989179,2.811088799950382,1.025645907870066,203.45641445595243,0.13354619137588664,0.0001769326694496696
30280,-9.822407436710634,-6.983590244522772,4.187897825689873,1.350597963311948,468.67812205227403,0.2979534646702291,0.0001769447759082039
30281,-1.8652852988588453,-7.6828404294791115,1.5966400960426383,1.1812839540454678,285.1491961010752,0.5286336883312659,0.00017694635203289815
30282,-1.858177439391147,-12.148639221052889,3.8249571132708784,2.428532921598607,450.18662761750187,1.9385218412840004,0.00017695201039833242
30283,-1.3762277137822636,-12.923343967472498,3.7927619454874946,0.7493910261175853,217.3360112772876,1.2131912570003918,0.0001769627011907606
30284,-2.023087557140313,-10.13032862031254,4.09387601770456,1.2607877170593287,269.0322903594766,0.8325480776439536,0.00017696716541178135
30285,-0.9090249268293711,-7.867988463166053,1.255899551531607,2.989216721119758,490.31057653976444,0.7728967429544102,0.00017697354680235733
30286,-1.3946557746281165,-10.087433735423488,4.099022507955457,0.9050621158645313,467.60627289379306,0.5823743748612973,0.00017698922102801141
30287,-1.7001587777816525,-12.495208790023447,3.8072677625772675,1.3247503678531694,311.4193842327191,0.3410671841255253,0.0001769977115953938
30288,-3.8037366755364754,-6.205664193812708,0.47562313745562573,0.9223192391729829,180.2166864565081,0.1387929853449732,0.00017700511317363904
30289,-1.9822473055237513,-12.129477960522753,3.825374011596766,2.877325976192169,485.37673638153314,1.053439551942854,0.00017702714484864717
30290,-1.9538886264053286,-12.992365560176241,3.8775481105029845,1.1064033846552628,468.7146573176213,0.5978532870569753,0.00017703200790663946
30291,-2.1110488260670293,-8.533368562752738,0.7570387845842041,1.8638585201559623,446.90446203716596,0.5004391466233145,0.00017703803282743472
30292,-1.95113588977949,-7.156227281011431,2.2132989776357004,0.9441234011653328,235.79974373724244,0.8048517082472761,0.00017705488700023222
30293,-7.865772601185343,-12.465874920758615,1.2685948219287047,0.8987754590826584,187.8650834413978,0.9680413313745744,0.00017705787080505978
30294,-1.0619373247786434,-12.876201597817936,3.7932518096999823,5.027321855607432,625.1919848274222,0.6790194101172524,0.00017705859799724603
30295,-1.0683263685881457,-7.527682517164152,1.8215331273488489,1.3331628528350126,301.336752180236,0.14006222063184293,0.00017708432139132337
30296,-5.207084334237684,-5.728660433306134,0.195431368019465,1.66180748258993,356.3524341875042,0.48834608142836,0.00017708860930564917
30297,-0.5754052261501492,-8.157339289407911,1.0237222890776176,2.4488353265405003,451.35691447582116,1.8317609928513106,0.0001770920279855653
30298,-0.42372260690669883,-9.234670468070393,0.4310010242628964,1.0687824903882828,278.8941285712289,0.7127309950931453,0.00017711831345322573
30299,-0.16320031098906718,-7.16390978337725,2.2435232340646794,1.1811907603911258,300.0956900848802,0.5567543559292094,0.0001771289481304364
30300,-1.6596912957953833,-11.603099054295013,0.18224832673524044,0.9292507394101056,184.454990719257,0.747031515392826,0.00017713223795374447
30301,-2.250005280758341,-7.2029529441964675,2.7464496733722013,2.0616256069907544,409.4763103257208,1.5586529351973635,0.00017714504374104453
30302,-8.318901775609001,-9.517783275636916,3.1060076594607837,1.1840719742924883,290.4227273843394,1.2832499095994594,0.00017714755697752246
30303,-1.1629690288637633,-12.615003082654983,3.801167126419687,0.8349753437365187,190.9172911131976,0.29385559949769124,0.000177148132228869
30304,-2.1989256035703324,-8.838802744707984,4.215713869307007,3.6648788257658884,548.0491272949304,1.196402096328561,0.00017715047552821614
30305,-1.6990308829635996,-7.221427036693634,2.601037573406542,1.6790685553497404,394.941807869617,0.8274811298375306,0.00017715718194403763
30306,-0.9921876780864345,-11.834599685718658,3.84311826342502,1.009708944210746,272.1972234244998,1.1583297315084247,0.0001771578369485043
30307,-8.683736891599859,-8.38909783840165,0.5122827227467232,0.8594136704783825,467.6425441216152,0.19696150768132714,0.0001771888774758214
30308,-0.11670850786919473,-12.384685041633258,3.8100479955618045,1.0592789811831806,219.18280562329917,0.8028227567389656,0.0001772206067169292
30309,-4.1665773192908775,-5.203433043172599,1.1105123299887691,0.6535990748746351,134.7919099820307,0.2109111426870589,0.00017722396619164165
30310,-2.2600258672582907,-7.51217277544347,1.8373044774303204,3.6757386313367624,209.73664760720666,0.3379077025958779,0.00017723108935203377
30311,-0.44003445820474596,-7.676326370113398,1.5777042854876264,1.3104902968320962,283.0252882784994,0.29654589032761614,0.0001772528238243268
30312,-2.139596514750944,-7.555345424820113,3.18782408562536,1.111669222964622,366.90521269414523,0.5829937382659116,0.00017727288565074924
30313,-4.1059387767274655,-11.62006832676012,4.716166149861468,2.1009582339893353,416.99672356391176,2.0497561554066577,0.00017729822058825932
30314,-8.127496607484764,-9.491750631333996,3.720253442044611,0.7614810522880747,441.884239138888,0.2920779407400911,0.00017731422381621207
30315,-0.19638350069721255,-10.789063299285218,4.003666136081897,1.6658546841348583,353.06633494959806,0.3659330177106339,0.00017731542896459986
30316,-2.8810292747219037,-5.813798857106052,0.9113040595796538,0.5439684974243267,108.0803859864458,0.05748590272881415,0.00017732015896854651
30317,-0.693342333329241,-8.303405396104298,0.9650317153280026,2.0287641089084767,387.42983740526773,0.3134099004023376,0.00017733300303004066
30318,-1.6663913056047193,-9.542393319007612,0.3810533785998246,1.050952748083842,208.45433899792528,0.7730216597426347,0.00017734290476160148
30319,-0.2090791881994516,-11.756947444738518,3.895069877374412,2.307097989258606,438.847633576901,2.209123619349697,0.000177348646084957
30320,-4.817623301019528,-6.6054675964283875,0.012454488621572822,1.5916552504388723,372.74948213470975,0.47064812752379037,0.00017736990033135412
30321,-0.04034570588524389,-12.783724368237879,3.7930971626351115,0.9012001548738635,260.38726688065003,1.0881759374524007,0.00017738859847633357
30322,-2.82929260783507,-5.8063519955617595,1.6894317699572452,1.2039367958892018,467.11936539615334,0.2517377648952488,0.00017741161652634705
30323,-1.1000682407176718,-12.92626059677444,0.19247155114906025,1.1130542878394618,268.4376661219456,0.9595828020161274,0.0001774125397856866
30324,-2.8062661626526104,-6.111581048082609,3.7376388528371276,1.1021182892615118,284.5202734915001,1.6205847807241218,0.0001774257917458658
30325,-1.448195112687861,-7.282197911996992,2.7304758994582015,2.4675859891223015,453.0828822122572,1.7736958412892871,0.00017742694185700984
30326,-4.73643460886855,-5.135203397258077,4.337394359885653,1.8671124005866062,448.0422069352644,0.3396852732581541,0.00017743067840998323
30327,-0.7079914636304014,-8.325144788216967,0.9369931361856281,1.9070760941116642,468.473282158438,0.5419247767856845,0.0001774486075425867
30328,-3.44822851810708,-5.447631029236383,1.3619197418734756,1.425582179923105,330.7659062695397,1.1501138787459126,0.00017745444064830052
30329,-8.08131703820979,-5.4839185502155745,0.076137206574277,2.307894662474962,439.1534905526268,2.256168965439847,0.00017746399858760032
30330,-1.7582706293636718,-9.147303278193206,0.4784110982824601,1.303505328386713,263.2885054631462,0.22865601153584159,0.00017746641037672217
30331,-1.690720677570548,-10.162294570645205,4.086540772125617,1.1224072556465647,261.6267825432862,1.1878174259152328,0.00017746691363759148
30332,-4.089472081595263,-5.448309996524705,4.178181541136223,3.463414583439191,231.94301186841443,0.312924998775129,0.00017748816319587674
30333,-3.2530464074937937,-5.489096269410315,4.048436640725992,1.7309162454398217,405.8443927965681,0.02214344799064616,0.00017750826920906557
30334,-1.9866969445976412,-8.473875589794448,3.9969079992488075,1.0352273578053,467.58761487576675,0.5778245413282335,0.00017752082621139744
30335,-5.077551786261457,-11.700559093586353,4.7238152412990875,1.118669853375795,468.0644968580389,0.7105564278194505,0.0001775228624600537
30336,-9.930433505102435,-6.8138291328253136,4.152439369626663,1.0869519442792925,466.27878183066036,0.08610635358266716,0.00017752311690325586
30337,-7.715412535652104,-12.243008735371273,3.2464426781989877,1.8509902765060706,467.4161555408079,0.5790339492492977,0.0001775369651979599
30338,-9.097186295001391,-5.416315954857053,0.4848656203851569,0.9545965837066126,467.4303818639356,0.6746316367644383,0.00017754032709076602
30339,-2.959416734082665,-11.694324949607937,5.111797419820624,0.8617682379483731,163.22204899115107,0.14275804502606704,0.0001775409899702153
30340,-2.2567493057565366,-12.451042021059763,4.041444190797569,1.1646684704678723,467.41635306743166,0.39080400101094614,0.00017755403789985395
30341,-3.5208541601947925,-10.400318316321119,5.1111432852595104,1.0360088747825138,457.34754137188315,0.04447278286020495,0.00017755441406600963
30342,-1.66622968608897,-7.945510705196236,3.665254468384106,0.802933311932846,169.48691745063277,0.3960060520474933,0.0001775843895543049
30343,-0.3600419849530354,-7.245786706986536,2.705981238801554,1.7549908961231981,468.36100467881664,0.9376292115339702,0.00017758803894575722
30344,-1.430517387979787,-8.748012461670635,0.6489092496463976,1.6362504563384148,382.5146014931846,0.3161156062628212,0.00017759433754768722
30345,-1.0250810066183806,-8.665471028434581,4.075401738970219,1.7958900494207966,432.5948458996622,0.5773865715435678,0.0001776094583791089
30346,-8.407704547533637,-9.680859436913655,2.2154620453237697,0.841773630176809,469.3170421112951,0.009777558910195161,0.0001776265625620992
30347,-1.6161642293931386,-12.914239364585542,3.786046942048662,1.8777255519708733,453.6919854500463,0.4176274500734065,0.0001776354275189119
30348,-4.232601856192828,-6.231565284178386,0.40056795912673127,1.833442945101298,439.2464895715863,0.41463140437257184,0.0001776374711559503
30349,-0.6136834765638302,-10.07309140454175,4.09611660430954,1.7539733751817248,414.03570686962706,0.4281153596453562,0.00017764590518043021
30350,-0.3826732960148167,-7.8684111726725705,1.36500889843611,2.090133765230652,413.42959673411156,1.4881104400042808,0.0001776475974215867
30351,-6.226885703018617,-11.572009054566237,4.728540877118492,0.6866559025309337,210.88905547492107,1.020543613165045,0.00017766291630420228
30352,-1.0386612014358967,-7.7223114164948266,3.4000140014829445,0.9937278570227328,201.436423083566,0.7091612186326772,0.00017767585638148108
30353,-1.5478026628163875,-11.714015952324447,0.17943137188522193,1.0301266652649848,270.3050339841456,1.570151253292451,0.00017767803017434413
30354,-8.871795523984048,-8.77572456131124,2.019526266903681,1.5016708535405658,342.263100801399,0.7326624079152744,0.000177692734899996
30355,-1.658067121703393,-7.965049011491296,3.6761254960120806,1.845817710828325,449.1390724625567,0.11746145758656024,0.00017770668408151013
30356,-0.8000697713647718,-7.265158737230666,2.857562549174958,0.8962910097616514,468.01602139489194,0.796600078557808,0.00017770919555881034
30357,-1.144263959374035,-12.542684340045042,3.798851945527092,1.0401664612741939,457.0514207032489,0.23899204302131238,0.0001777121177585508
30358,-1.3130722704196511,-7.746038880371087,3.495138215427705,1.5051332646271685,338.3169808463152,0.6980111017348429,0.00017771700544903855
30359,-0.272015008243935,-8.733500385538466,0.650439962750824,1.0428302285788744,274.37221863407376,0.8165315146161891,0.0001777437951290494
30360,-0.6465417149056734,-12.11350417637515,3.8192448932731033,1.5430804943319456,361.5321815872176,0.5539512714148094,0.000177745231986786
30361,-7.9787823620758225,-12.020586769766304,2.2756514651182047,0.6995785571641686,169.13396168344028,1.057678796121766,0.00017778036572365486
30362,-0.561048092955641,-8.513634147789071,0.7534525045128122,1.807156067375171,431.3766688976376,0.19402690350925056,0.00017778194676009416
30363,-1.311427495506539,-10.769445848697245,0.2245336528892447,1.585921689191639,372.03986706574943,0.5054441193039274,0.00017779862125776944
30364,-1.9938939338543324,-8.739718680181221,4.093571702262942,1.4356425005550042,329.55694024680844,0.4877480566714416,0.00017780135746450128
30365,-0.10775382193771499,-7.278195705519524,2.814012512233047,1.6202003347594638,467.92159737013503,0.42567663330964844,0.0001778097677881436
30366,-2.9693732056015616,-5.456634373667317,2.7676515902797734,1.1472143270950508,467.2766647891354,0.2669341346747407,0.00017781135731535593
30367,-0.03188669226222807,-7.685243124921797,1.5342573270904658,2.3888805787220058,430.38896478406497,0.2347634602611004,0.00017785487804826931
30368,-3.125033651006377,-5.12222927398404,3.040584311399596,1.176872873448312,467.0186341204814,0.13273633391912565,0.00017786667292142466
30369,-0.1531871216554226,-7.121108102385834,2.4371041052930074,1.3892635610922017,322.69707046824055,0.8375680326552626,0.00017788128367626443
30370,-1.8420516281470594,-7.539316733444089,1.8038546082120213,1.1066447333251188,467.02166673182916,0.7964929182387035,0.00017789573383076974
30371,-0.6725582032973776,-8.729250794366397,0.6919184360802957,1.6406883001639547,361.89348504632585,2.0079699573765115,0.00017789830517474397
30372,-1.9476284136261217,-9.771334663565607,4.127218857552212,1.2070797779850702,305.1934826006895,0.5772333825977656,0.00017790995983850544
30373,-6.243627044108361,-11.997200496747123,4.6573202959922195,0.770725331270034,209.76674802812394,0.707540387619046,0.00017792247881495628
30374,-2.0655532169153714,-8.117746963441864,3.7758758097354073,1.3153903428066485,469.9877169806508,0.23105644314831686,0.0001779256461239381
30375,-1.9895348088190108,-12.052152731020618,3.8217930450939104,0.7234196794951743,159.15163536323865,0.05481252657723967,0.00017794002229887075
30376,-7.842084128150306,-11.017174694109919,3.2335620349261727,1.0936046233826804,276.51165060735576,0.18482003531141533,0.00017794883596556634
30377,-1.9627503680432046,-7.795426601504156,1.216821636833391,0.840757422093204,219.06860912608917,1.3781073716889791,0.00017796608476654583
30378,-0.04202235031582724,-7.285770637320164,2.879321454816059,1.2657866537940088,265.4547439547147,0.8011091727437538,0.00017797307294328393
30379,-2.674402916710573,-7.366829398409259,0.23916917237091753,1.8840406672154597,469.41294825957914,0.000289515222236858,0.00017798618143302904
30380,-4.003447753530148,-5.897563758279683,0.6764710131868537,2.317554065211272,438.8684988188501,1.849222207305945,0.0001780001942973143
30381,-8.151738675591337,-9.042098525727164,4.26815404196077,0.9565516454136994,191.405563687302,0.048075943456467485,0.000178002254103807
30382,-2.260872114725804,-7.432052213488267,3.0915563974948914,1.0347256644092944,274.90454859745927,0.9225745926375541,0.00017800968171271947
30383,-1.501466227136154,-11.6641982348705,3.896037086989522,2.038236279041096,404.53722263933116,1.27195838085263,0.00017801597850879172
30384,-1.1826610688957384,-8.732959241920494,0.6714124796882547,3.072552645371183,444.6842283922647,0.11874474976600968,0.00017803732503053943
30385,-1.4450809915486893,-8.006682193911505,1.142510552584557,1.3569469041810087,321.1518497207323,0.5104196187733914,0.00017803941975761377
30386,-2.1330586561083003,-10.612859394666163,3.968563244998704,0.7162988720438077,443.93843452911017,0.3553178247245672,0.00017804046003724275
30387,-1.678815691547328,-9.688043547885277,0.3100871234699609,1.063939619994344,280.1629840758274,1.7589834299454834,0.00017804333268776825
30388,-2.8333611388848903,-5.70969118303672,1.1839933784137553,0.7713842927613865,147.24418154842027,0.16680890559873784,0.00017805237207849624
30389,-0.43669062371434997,-7.235783757582932,2.6006921113314476,7.914580641415599,724.599472056702,0.2932755613560749,0.00017805809796373303
30390,-8.689631633943682,-8.744728044677544,3.3856655887508436,0.8465771479614834,176.17108252639306,0.17266593868339708,0.0001780585066742305
30391,-2.980562475019328,-5.282079421735269,2.6383669687332523,1.1057215627388883,287.96977476202466,1.3301416079031325,0.0001780862644254091
30392,-1.0566589234855606,-8.196082201733851,0.9804906102835471,1.8490882305483816,443.0975968637689,0.2836459260511237,0.00017810435952879581
30393,-2.677573604467921,-6.496281571722401,3.6883768556944774,0.8292395545631022,242.68384725763366,0.7256248590769268,0.00017812861333863124
30394,-0.6853891220104487,-8.300007398709276,0.9294906225497256,1.2651694361000265,301.60484978480724,1.215445589867536,0.00017814174118275158
30395,-3.115256326032231,-5.433403145344195,3.546919837042703,1.2384153549629302,260.04705698877024,0.2865832857469428,0.00017814428033944668
30396,-1.3008448999937041,-8.495458802952298,0.7819633262037607,1.372832183301723,470.14584687352857,0.1988848634694218,0.0001781472555382697
30397,-9.74042540967114,-6.3724843981454145,4.629035469495298,0.7841629217331217,161.60593677403645,0.6889617471114535,0.00017814972798659435
30398,-1.4625895480445745,-8.570496473789365,4.041021788991791,2.8156420198886054,484.34095707120275,1.6686573194996308,0.00017815018036958894
30399,-1.4158222683265684,-8.721020957696425,0.6925912349065144,1.8034026629777686,468.6200004509634,0.8656623946609061,0.00017815416364870776
30400,-1.125413220837757,-10.404410027951887,4.051569604098392,1.5245759051173566,470.258287013921,0.030009725863195058,0.00017815825274057745
30401,-1.5660392795466258,-11.847476885854203,3.8330519464929127,1.2310446966438644,291.11966057733304,0.3082893492924583,0.0001781626119693337
30402,-2.087574754018111,-9.773769714644164,4.125131716555927,0.7426106021502719,467.55979463036874,0.2507235606900933,0.00017817174203797344
30403,-0.801345812052535,-10.852984192684307,3.9646483717694845,0.7235338090400165,467.2813746933815,0.33814498111557345,0.00017817681539925446
30404,-0.6113514259309571,-11.997785987017965,3.879429628986348,0.9069199427622333,180.4209742656316,0.3358014336728754,0.00017818733034421762
30405,-1.6639505167867554,-11.08702715840742,3.9351198465818564,1.2355743087976272,468.0869896051598,0.7234932630162936,0.00017819371407792986
30406,-3.8884642257082156,-5.514965089461126,4.329960438554506,1.7147131440376389,402.82644628461037,0.21279817490505426,0.000178201752914791
30407,-0.11470308496510029,-10.622721806161122,3.998761750246439,2.504876384401307,448.6507756082706,0.9182135262901543,0.00017821565337060546
30408,-0.3080177558459347,-7.618486200548048,1.6969573487957763,1.071261022089426,383.38476611728873,0.9480173103727862,0.00017821836693893652
30409,-2.115838020978579,-7.618097332736266,1.6480889641220484,2.5499821705745984,457.16081186449037,1.1150071677418723,0.00017823261542988892
30410,-1.5617478934596623,-10.508201642389592,4.030012338572333,0.5304717653101771,124.87583834962051,1.0834230015247561,0.00017823437055880913
30411,-1.5050573170250807,-12.829087430597191,3.783034898682567,1.0216420700557123,271.1446788982001,1.221940150761184,0.00017824180251275345
30412,-7.128846163472987,-9.730540968491578,5.107685031286948,1.823279592972526,434.541266557313,0.017632758405105697,0.00017824572495640068
30413,-1.0853981010472769,-9.590978654743907,0.38019297829165793,0.8054589021318693,197.46233913869233,0.12455264514720543,0.00017825024588216198
30414,-0.14682863126828316,-9.197598349275273,0.4945982784799671,1.4769028595539209,337.8432569841163,0.1618788811543448,0.00017826465140670193
30415,-3.1335911523347466,-5.68585528343215,4.042683245063747,1.1280980008547556,467.2313528623665,0.45250451331466923,0.00017826977057031098
30416,-0.6742457965579032,-11.56093714112954,3.8547504382360334,5.872151685781118,665.1841542661389,0.6275580078680241,0.0001782702799893129
30417,-0.8926301488181494,-7.113224682434662,2.405876518795477,0.9107317377900672,468.3344643832183,0.26807449940464156,0.00017827836276734462
30418,-0.2339993352573284,-8.29454144914305,3.9032353512244007,1.0066022737830915,268.9627245044725,1.2552853821247245,0.0001782819072277515
30419,-0.6471771440841163,-7.504724294914055,1.961929788189584,1.149436583610972,288.65104835125294,0.8246440377894544,0.00017828296483510332
30420,-3.418430945939206,-5.134783091360184,3.4179018748418373,1.7391613484092685,376.61827785000503,0.7925995439609403,0.00017829745725048916
30421,-4.297300074724548,-5.431926422909491,4.264574889394171,1.8099678842845814,467.6345895404202,0.1016510344724395,0.00017832964439745537
30422,-2.222453116042886,-10.996825204130408,3.9742750873711934,1.8558914319577764,453.7342516638247,0.037283231303219644,0.00017833098738611887
30423,-1.2989239648416362,-7.5285592482985955,1.7947577783818522,1.7411308500090357,412.5149925686285,0.7431785642209174,0.00017833692993988564
30424,-9.688247737101792,-6.133755696384755,4.736489631289583,1.1319996181112544,297.063552237648,0.8243540367810995,0.00017834018797491027
30425,-0.6000245680354759,-11.510727227929644,0.20670408732810255,1.7756926303529743,440.56864506073026,0.5338532891314154,0.00017834494159043283
30426,-0.48009625329708605,-11.402145889302886,3.8682817269776972,2.577143133178243,463.037722386782,1.7132824680602186,0.00017835322311762322
30427,-1.236471907206555,-8.48096617740839,0.8271122355591328,0.9430352014671591,409.3415688822404,0.4660696477679309,0.00017837028624390796
30428,-1.846430498497261,-11.519431025657246,3.8574388267560824,1.1609600034638403,297.60487103820833,0.9760293292504416,0.00017838059032660217
30429,-1.9309168208028797,-8.510980615014605,0.8213059267110033,1.7127119649072025,370.41023803180195,1.8737681621806166,0.00017839442027638177
30430,-0.483420250936641,-7.480893207241149,3.061609772824586,1.111492896434975,293.73376803674614,0.43154798866615796,0.00017839624708645112
30431,-7.985620191502811,-11.619380347505734,2.430672389490449,1.4526673395879164,333.0380315529416,0.35067087351395365,0.00017842076737891303
30432,-0.2836076913662424,-9.167507326520763,4.147048419456326,0.6467750710085461,132.67953693970472,0.22131078018660055,0.00017842319655479095
30433,-4.312642423553697,-5.029021481896827,1.3089847660868743,1.6082874039466277,467.9626188924477,0.619300802119727,0.00017842615700915237
30434,-0.8335666088362874,-11.370135836285838,3.870714827598788,1.8501393113004532,469.3475768080098,0.14109501673334446,0.00017842686782990687
30435,-0.7091812702510474,-7.883642147232378,1.3403510849629894,1.6264807869892373,382.60471334641784,0.5840798388864092,0.00017845681193595582
30436,-0.07301007953387639,-8.279835277880025,3.8691651359038937,1.2082262861974296,303.1513873369524,1.5711876509828278,0.00017847047139544963
30437,-2.2757641909209827,-9.763711552833382,0.3262315972103775,1.0421207493551805,278.056462018181,0.3953416602659212,0.00017847389168449524
30438,-1.2704174402928032,-12.139281906245422,0.19145762200662592,1.9571318880849164,392.05291765028,0.978593954577959,0.00017848615049161513
30439,-8.382897011520042,-8.439953877533576,4.708179114201282,0.6396267757031112,130.09365633948886,0.4452050121520976,0.00017849354444143752
30440,-1.9379689298472318,-7.701629040081537,3.386347621390213,0.7207909969344353,214.6298192999148,1.2448723457035777,0.00017849523411221164
30441,-1.6380614356449659,-12.228242056501333,3.8062369994533127,0.9186942177646935,468.3170052859836,0.5047416650122303,0.00017850301450613433
30442,-0.7968909827719024,-7.531283939624586,1.7949704866877614,0.8134539536341432,346.7162845090983,0.13684893232762452,0.00017851657956598563
30443,-0.7584292953191518,-7.217035826859451,2.58639435423926,1.0274816255570483,268.0121234888017,1.147066119464271,0.00017851728426717986
30444,-2.0105014991798367,-10.560343395884097,0.23771026756963096,1.4641114116310683,227.5324688259701,0.06366585776518274,0.0001785177089173861
30445,-1.064901667503337,-7.8614084245161875,1.274787024613368,0.8189321726816837,194.6257029796107,0.26879256961227593,0.00017852171558981755
30446,-4.4041753874067044,-5.14147834733829,1.1822965554060172,1.3179617645632578,323.7438907519147,0.45354701892931626,0.0001785297983067182
30447,-2.749403581619859,-5.968306035127151,1.504431899269363,1.6537631990347523,386.7968033127098,0.15371363455336162,0.00017854712316193511
30448,-1.4079575761537768,-7.90102927146781,1.3949440534926898,1.0504660643119115,201.90058056538527,0.05534386218924503,0.0001785514267362263
30449,-1.0942704785990411,-10.23303589697362,4.070097332403191,1.06274650595037,252.84053936319103,0.3027310174209239,0.00017855910393112194
30450,-0.9081251815797557,-7.999227214324383,1.1751527711566565,1.316874549709272,468.48628244821066,0.6038840442411111,0.0001785746861392139
30451,-0.6528248792660367,-11.848170807678263,3.829377948794374,1.0209238031283487,279.37351195529413,0.6886544851475174,0.00017858056604587314
30452,-2.1041769350303205,-8.44042455432383,0.8008623399895757,1.2249142951457619,468.5092481217353,0.47296691529637247,0.00017858356275215787
30453,-1.8403377862842714,-7.481632913301418,1.8864040512293758,3.0699160336787,401.1700463458677,0.07430793829891247,0.00017859180845912067
30454,-2.9059394325767123,-5.522842578703159,2.18690237127624,1.326403964774786,323.29150708056153,1.6965918607066994,0.000178596931051444
30455,-0.7484838653225854,-10.983477298506681,3.9839349194426,1.091875383746933,467.76674773150853,0.6735635605556078,0.00017859971182704107
30456,-0.9384940840605633,-12.98653159868622,3.7742181542596738,0.8606470478321753,198.7444445945531,0.7054733015926491,0.0001786090807545981
30457,-3.716132167755193,-5.0966627299278136,1.6640184684836863,4.843522644645388,410.4954270770084,0.059684033672859016,0.00017861487782684134
30458,-2.0937571673167987,-9.93586160688289,0.2888517067961073,1.5823838380634405,468.3781601301928,0.34161288726246397,0.0001786152513704415
30459,-7.060194490088344,-10.573746646531223,4.635297124346248,0.9525344388835559,261.86631652304624,0.5241305618751566,0.00017863116866162105
30460,-3.062417913536173,-5.278654777766435,3.038658648845117,1.8292761358351712,438.6889371092524,0.6076277302244408,0.0001786591997086487
30461,-0.13933605143022376,-10.927098743984072,3.991375403843002,1.4752934056668854,330.0621308641348,0.06931497908186124,0.0001786616493882079
30462,-8.874613020270122,-8.7271815009227,1.5278482044666657,3.5254449861537656,535.972920748459,0.9588180784598164,0.0001786879567273208
30463,-5.601861667674582,-5.010233917188458,0.0533929810698924,1.053588197658084,467.6818667704866,0.8135492251303118,0.00017869744062399577
30464,-1.3116485829364706,-8.633487688798787,4.057642776439486,1.0097146512708162,153.68574435040523,0.21427996592020992,0.0001786998071836337
30465,-3.7182398238107384,-5.858906869390992,4.844682110209242,1.8861219014090895,462.00259632191995,0.6162432693984092,0.00017870013958962342
30466,-5.087243791086361,-12.103513684905787,4.665740555662986,1.8969918507660823,468.29165959559725,0.46539984438634363,0.0001787075627589346
30467,-1.3319587605775922,-12.081450454922022,3.812166934692182,0.8350861093911842,200.4301044666495,0.45042804981051177,0.00017875626686111024
30468,-0.6242563261066518,-7.372625147799462,2.110524324489083,0.8030170801942028,237.74141398639208,1.2989895110089131,0.0001787870618462809
30469,-1.2434951882873868,-8.95583797314304,0.5882500181327647,1.715924106490648,407.15421797147553,0.9361932290406036,0.00017879828482018543
30470,-3.81120422842982,-6.468593083840593,0.351638797970222,1.876878901545404,468.1584684264576,0.3638294386865395,0.00017880083872828226
30471,-0.4375958505650299,-8.855204387551277,4.1107682176862905,0.6194801894690777,126.13780500270882,0.9732248346783168,0.00017880661311395964
30472,-1.1162122754254131,-11.605647669354331,3.846437354433255,4.345907053389322,589.8664481385463,0.9062141443007032,0.00017880935813064985
30473,-0.5559550986735147,-12.84304456749727,3.776463975440956,1.571208990740641,468.138706769252,0.3375192935462046,0.00017882345504709253
30474,-0.5584345750925568,-12.273818907518816,3.800523699157996,1.1903335365008219,467.72581464008647,0.1175262955191636,0.00017887805811539768
30475,-2.0459847529378887,-7.408658232755418,3.0712090431165344,1.659665616118774,425.8610307076656,0.15786759382234905,0.00017888499821143788
30476,-1.2238165950505664,-9.051993653309566,4.136159160032766,2.6543568764462906,401.5583891926438,0.09742931297442947,0.00017890171777426472
30477,-1.0088459378035601,-7.986174035940497,3.6800717692020193,1.1001575547884583,284.93531733374624,1.3800903222605365,0.00017891673431641173
30478,-1.931520170376272,-7.410338991606771,1.9694662085280255,0.8635975543462204,467.6562604226932,0.2408473554886168,0.00017892216614845568
30479,-2.792617567199091,-6.792261837962433,4.924489601682995,1.0466325073919471,280.98329936097537,1.463477018818713,0.00017892487251257598
30480,-3.845210706292339,-5.936578295174241,0.7634165034302318,1.2179806689923545,285.5275561413106,0.30034693588833417,0.00017892505734305513
30481,-3.431144432557401,-5.863201795245791,0.8379641288738855,4.19726210156987,572.9655729468168,0.36727291109995885,0.0001789258900184713
30482,-1.2244361022037111,-12.49090029867809,0.19353817350501895,0.8802579067211346,468.1725535922184,0.4178124812130859,0.00017894657055063544
30483,-4.450351605514726,-5.634460560570332,4.632650630073807,1.8215705994985543,468.4033476126625,0.8294561431343892,0.0001789503782737049
30484,-0.22299133125995674,-10.891941897845069,3.9539820219279846,0.7095523153239536,147.4693598747143,0.34216232334755237,0.00017896784208076534
30485,-0.15027237852214093,-10.508373541081239,0.23818562022708656,1.0425605802368267,254.15570220351626,0.23981704924320457,0.00017897665496182175
30486,-2.122439333764998,-8.517841055730834,4.0025460528552665,1.09764322055745,171.52288290412213,0.17400687955547145,0.000178980675531412
30487,-5.754132247006286,-11.507728758224875,4.771063910949686,1.5015755532131692,337.3632273538477,0.5988026072239343,0.00017903313856904553
30488,-1.9699317080822372,-7.196485471603018,2.668317801459774,0.8358840493043674,175.42738734830263,0.24262365557405285,0.00017908512831807575
30489,-9.52796091877533,-6.989089757522732,4.653130328431314,1.0883156081037404,155.90706073150753,0.21832661953431565,0.00017909143729572747
30490,-1.6088245081269683,-12.528279622773425,3.785871698511812,1.2836709569448865,224.22358053512826,0.0038594267407958682,0.00017912462241894415
30491,-0.49619526370699063,-7.2879578801212475,2.796358672127417,1.470360493295561,337.4739795537628,0.40481300311041135,0.0001791268979770979
30492,-1.5852870320997319,-11.551806688983634,0.19273103958188006,0.5227967639902942,153.30206560945007,1.02241758459472,0.0001791276101284182
30493,-1.2771150695755296,-7.260114064733096,2.1694533106215985,1.053372929034109,468.3175607385103,0.5049709106845439,0.00017914434623859618
30494,-1.3910210314862166,-7.96928386611875,3.6276019283411784,1.6711649027375681,392.8538453852396,0.43640800869911356,0.00017917852362260588
30495,-3.6266445049652685,-6.4857880903656975,0.34695538766846357,0.7476208241030163,134.76029538983965,0.22238498904258908,0.00017918376289558877
30496,-2.071916264178725,-8.226401731777933,3.832426943311639,1.4708861153287671,443.3647488742563,0.6352533092918202,0.00017920004677013948
30497,-0.4768242476993212,-8.701227467373407,0.696687846393007,2.401756330117902,442.2033948069236,1.1747035920049003,0.00017920462126788165
30498,-1.632063413031382,-12.257993432345499,3.7982181675403135,1.8721248534840202,467.63996576855925,0.3474580341604314,0.00017922773215684422
30499,-0.8739515799591153,-12.639001786865112,3.7795648876763113,1.334371698237911,467.85521200885387,0.7522126337979644,0.0001792526534795047
30500,-3.2471887150227206,-5.004030051635636,3.064889151019229,0.5318948973977383,116.05225959040673,0.05594871229744314,0.0001792562854201188
30501,-1.094722266449308,-8.391928511545226,0.8648418145571685,0.9430918603912606,249.5662946972016,0.9422835205830973,0.00017926136750195465
30502,-2.332447046320577,-7.352206695645369,2.8121082838161686,3.6381788457142985,544.3656273567868,0.9786911976405213,0.00017926399552247834
30503,-3.9279674418182626,-12.606965341644356,4.585976846274963,1.85477100554592,463.58477941051746,0.29072886163353484,0.00017928727221779307
30504,-0.37397153116160453,-10.257309523503913,4.020465229704981,1.4229325808504183,313.96497933439974,0.5207157654184664,0.00017928791463010327
30505,-1.1311749678215666,-10.54065702673822,4.0156344646664754,0.6608198870033657,468.331558060938,0.46736754740823816,0.00017929946349232862
30506,-0.6927654905858542,-10.147308060679796,4.075381480629697,2.180338016417765,413.97952041061745,0.8736236287560049,0.00017931265973342985
30507,-8.73485505724965,-8.98518137635771,2.2663617576940815,1.6938118008430936,400.1648404482128,0.5665492131195888,0.00017931337599120354
30508,-4.985945777277011,-5.689869488467439,0.45573733752454887,1.8956509654450238,469.58486892705304,0.19921053631397978,0.00017932067860656936
30509,-6.65700874169179,-10.247424344260583,5.074813977072563,1.1260404398056825,289.3702080093824,1.151050432820095,0.00017932780483445734
30510,-1.2374952501433896,-7.517351958613759,1.7670397217669782,0.7305418776620026,209.62582446112754,0.40203940061551346,0.00017933229677905872
30511,-2.603340230995718,-6.426769369250324,1.9796481691688614,0.8232516641958022,469.88164396112813,0.01807343681953899,0.00017934309260838528
30512,-1.8404907965534463,-7.875617875212863,3.5867834458533867,1.5596031090100786,356.63284571044744,0.3191292692415182,0.00017935929489711064
30513,-3.207249366758872,-11.96005515004532,4.69874413182989,1.735609097870364,410.3466341627413,0.32858961576576906,0.00017936739063868513
30514,-4.438460885222474,-10.729502943820508,4.967635697482854,0.7052330425324217,157.53208142689593,0.2723080181654778,0.00017937694471274426
30515,-4.336663577312583,-6.521488052865472,0.23060813428824398,1.8841277245636814,170.28568804266837,0.4138468727461886,0.0001793872500831798
30516,-0.4207167085714616,-7.91452209554183,1.3957113153963918,0.90300580443719,252.98501385048885,1.4892479465936086,0.00017938971007238543
30517,-5.153197498696413,-11.847886724102443,4.697926731377698,3.2701390027796386,494.7865268734569,0.27646270874955636,0.00017939267926627352
30518,-0.4598033960606145,-10.93422422296172,3.9304108780100413,1.5543054487487864,437.1090987503575,0.18551817904945,0.00017939396563468928
30519,-0.6773852240108944,-7.882606515757978,1.2818817710619108,1.3516008281537482,469.87587636963474,0.003519536232495568,0.00017941825736659137
30520,-4.511843284369082,-5.506949370851381,0.7701722410769608,1.3111272505379385,279.6694348085569,0.5795804655139412,0.00017942392929099404
30521,-4.6037322976593735,-5.3890451174062495,0.782180212542448,1.3710847362314067,310.92156821678054,0.8172462807937508,0.00017942626829302324
30522,-3.1874106700853257,-5.676471828876566,1.080582986817779,2.4734496465351574,450.2380598031265,1.2956622754095806,0.0001794404696389331
30523,-1.8250727270791813,-11.588770613773224,3.8425088869526345,0.8641903141756118,468.0577113597554,0.7068402055108374,0.00017944452141294983
30524,-0.6569784237292655,-10.297349696223991,0.26408690918760885,0.7024552827091054,177.3800326405169,0.2801279163971566,0.00017944956302251054
30525,-2.4608102556362113,-7.224629758770912,0.7187001332698906,1.9060778202368693,467.97991302371844,0.5509798363100149,0.00017945229920298273
30526,-7.658912168834039,-11.41462992777113,3.5217747253298937,1.0494561462079919,233.23832927114492,0.2056967222255155,0.00017946606744035184
30527,-1.450604807789384,-7.798884473075876,1.3130019300156741,1.8317530223505691,469.09921869669444,0.17798427662475547,0.0001794694015695521
30528,-3.4591004671376435,-5.161408544317332,1.6648060357533727,1.6924393057162948,396.0065352396332,0.13824328566303024,0.00017948202036994397
30529,-0.05628342640178374,-12.523713964411227,3.782804974706999,2.3883481461272114,447.45679703020363,2.5043728591722276,0.00017948245173153037
30530,-1.6507926650573896,-11.967281062885037,3.8126184901568974,1.1876165725546237,296.88863137648667,0.7084390322845762,0.00017951107834594815
30531,-3.054695380199961,-5.755262335348968,3.857234922710311,1.6162679715049606,372.1804676815564,0.016660602027473992,0.0001795301387324101
30532,-0.8896288127929033,-7.882912587545704,1.2330483402178993,1.9035028154392588,467.95197757893516,0.5478049021063391,0.00017956689968158865
30533,-9.767812854525951,-6.2486997065404,4.600078825112236,1.2993867171422075,277.978160904438,0.013409639016323638,0.0001795926708093667
30534,-0.37252496054359696,-11.111128888439342,0.22800485969758533,2.620952037798673,450.2146967811443,0.23282875806942727,0.00017959841184535407
30535,-0.5585847884588642,-7.44041156361912,2.9751121942489163,1.7978478928891617,429.6560275446857,0.39156805944563633,0.00017962569442303293
30536,-4.57666032181415,-5.027393954308564,3.998108223135534,0.8952693264401317,467.63579690689596,0.6200206770373358,0.00017965986403960127
30537,-2.402794218429176,-6.904138830584757,1.3621610840755844,1.8390640789354953,439.4599046240836,0.03174379754974854,0.0001796606729486242
30538,-1.7567503015969006,-7.428583406701805,2.9572986130475356,1.8804257912906317,388.8121380726447,1.493768873104445,0.0001796638917948383
30539,-2.0022728202897966,-9.56770889500962,4.1317651766080665,1.8078988687497877,429.55979043100984,0.48607454301634156,0.00017967183543574327
30540,-1.1279491482112274,-7.714923431711785,1.6063112219316564,0.986472803073169,196.17089859681607,0.8581816419770512,0.00017968057561618792
30541,-0.5560654247538483,-8.222591978848964,0.9867333259137541,0.7909090545883972,211.17315913118404,0.981610460740753,0.00017969614905310484
30542,-3.9422319172424203,-5.616438288838981,4.3911655199487925,0.8044086633112679,469.7387683324996,0.10898672172805579,0.0001796993749956884
30543,-0.7256323204669837,-7.759789276253669,3.406270195479552,1.5770339348181783,380.4841592849213,0.07117929525621047,0.00017970959507674375
30544,-2.0002467619520248,-10.855389794387033,3.952284410747364,0.8994814132721803,190.22569845308627,1.0492742591390547,0.00017973540871237431
30545,-0.7354772343941196,-7.887847122386236,3.593069157092179,1.1712004238365346,298.39238832215466,0.8888375333981076,0.0001797421982291771
30546,-2.5022401872279545,-6.734131430469012,1.5377155988693587,0.9720695101261347,468.36175056241916,0.9057844876018004,0.00017976573431881452
30547,-1.3593398069261724,-8.168161406623707,1.0261222677648398,0.9521338229441515,262.99417157021907,0.4843436658750351,0.00017977299596652225
30548,-1.9184110614388494,-12.5729124960314,3.7773672216069727,1.248991009528025,301.3428442880909,1.3328726596766263,0.00017977989815061047
30549,-1.22894386497026,-11.291545048222318,3.867283258729521,1.1748733843110348,467.1755030400846,0.4276091386499177,0.00017978448268277176
30550,-0.8344778914158866,-7.1530887883032,2.1906372732208403,2.5518291595587326,461.8018047767625,2.008408689132282,0.00017980670192675543
30551,-2.3302240372839647,-7.231790639841638,2.4574934411661493,1.2265662895262248,308.29588152864,0.5257769546870801,0.0001798069339645133
30552,-9.455814931603781,-6.8641860361930505,4.85647025111362,4.6664297507468255,605.5786313260153,0.6948158367000383,0.000179807437190028
30553,-0.2864503263539895,-7.525806038948398,1.967731908839924,1.2846970039727041,468.0452119500188,0.28634535027602226,0.00017981239144899326
30554,-0.8539384893699307,-7.179001395564552,2.5405465152227396,0.6367668481733951,133.39007583955996,0.6071800035167287,0.00017983202595550936
30555,-0.14854449684510307,-12.090965502848027,3.8020470515783957,4.755867301055877,612.868548284248,0.8682309294588366,0.00017983703672759343
30556,-2.18082543792356,-12.239542816742365,3.983106423688695,0.8411030069116482,173.08014428572739,0.7999139704398042,0.00017983877537749903
30557,-0.8484356539226177,-7.205997934808591,2.462945525141766,2.2299187407138907,409.83001773481135,0.601032846717044,0.00017985647756618158
30558,-2.2508877786393473,-7.198405209700375,2.6425769481149053,0.9602623627858953,267.37173488617026,1.6438819336338453,0.00017986708539889954
30559,-1.642306721558061,-7.468093416950641,1.9081274007073836,1.467739496801428,333.0804693135221,0.30034281920324,0.00017986763942801372
30560,-2.1111251195908567,-11.316436295262081,3.899904910429085,0.7297943833498348,432.14216917100975,0.3645751430909421,0.00017989132373126885
30561,-7.1780707216229835,-10.990717628753892,4.357058177374906,1.8311913783057314,436.8740121350172,0.2126788844303169,0.00017989246171530845
30562,-1.1841583480151119,-7.606263821198045,1.653619022511408,1.8359269810701049,441.5045063656809,0.7926145321793543,0.00017989340260639547
30563,-6.62636210125059,-11.076714275804402,4.7306222473311115,1.0488931324322763,467.17158331778415,0.06199579033265845,0.0001798951415207163
30564,-3.711455973642897,-5.29973641996532,1.2398721156822599,3.066567352227848,496.6958557188026,0.7681895846885416,0.00017991669560762024
30565,-1.2057010177738974,-10.315409981739327,4.050109152728062,0.8631762455832487,468.7133455389595,0.1849089408891258,0.00017991678224640504
30566,-2.8679035188396993,-6.02126044764038,0.8517816257314467,1.1670185058564762,301.1792117894554,0.9019464772362626,0.0001799250825539626
30567,-6.482864782164223,-10.87224428265245,4.852337009219184,1.8814614244980352,470.0708997543662,0.18924856106107857,0.00017994879014857123
30568,-7.801199207434928,-12.555561784293246,2.9673050583521228,3.0486327388811,480.8495506773326,0.2970341969210635,0.00017995171660828017
30569,-7.764974945242063,-11.976648610497389,3.1571197922898135,2.716351301044455,475.5687024842737,1.6527152091900907,0.00017998799812664578
30570,-2.2556187060426227,-7.228763729155994,2.4744256042505963,0.8592759516995955,243.50079903244725,1.0185235908062689,0.00018000192127722668
30571,-7.299232426239255,-9.9042466505655,4.783850497408035,1.0692839409940693,468.4399020555349,0.04593875510483603,0.0001800034613633218
30572,-3.52423370976091,-6.496784507485597,0.3162906690366914,1.1460878733779751,468.3485965238621,0.516773818858586,0.0001800106984967833
30573,-4.140721636616023,-5.032577021942037,3.518315862572172,1.6950058662398184,400.21391565928405,0.8635156893504687,0.0001800236736134626
30574,-0.2428139932734723,-8.993505424455448,4.122313614052178,2.015309378294638,404.71633880429505,1.5335836208961782,0.00018003094320081142
30575,-0.28657140511111834,-7.729100830393267,1.6124208499004509,0.811912292190251,168.13912660262758,1.0462077855918013,0.00018005288840596028
30576,-1.9727571731027087,-7.337990896831436,2.892621154148561,0.7761932259989729,182.30201188697393,0.03450645066050484,0.0001800624247234448
30577,-2.357083507789259,-7.113360365856719,2.2668583421346686,1.2138613830885332,443.52271661305684,0.19142938383999386,0.00018008515588698103
30578,-7.257234814257975,-10.215997219784402,4.620215100760599,1.4153317060811235,470.33566654924437,0.030526411455818803,0.00018010992460004395
30579,-2.3260125075869453,-7.287754248838689,1.740234383430851,0.6797339178688135,141.4913311967641,0.18000561264453996,0.00018011614439782147
30580,-3.6777852420138295,-5.724258647108591,0.88267567452797,1.505021269579628,343.42772876941433,1.7463165440260164,0.0001801191262988498
30581,-3.793073643457401,-5.35282516897317,1.2601969246677411,1.134352424818495,291.2716636491621,1.3263773083314607,0.00018017223000779843
30582,-0.6263883316947538,-12.691871314830463,3.769164135402609,4.105685402840636,570.5731024531581,0.6465482648589882,0.0001801741043177427
30583,-2.779357466343609,-5.90940622395738,1.6927392089879252,3.349012415851994,510.23309499501045,0.4866303026672254,0.00018017638276968245
30584,-2.9848279591938374,-5.186009222162636,2.269862082557902,1.0626798196874663,272.4627579306144,1.0244423463624939,0.00018018334650418615
30585,-2.0851545551809467,-12.042306167801827,3.8019444914859526,1.8656051532345148,467.92168017418527,0.4865975169746575,0.0001801928673101084
30586,-7.0757138045644945,-10.130080231510528,4.859500104460992,1.7891367598060737,468.21571204843787,0.26285122487595114,0.00018020463275594443
30587,-1.232097537887375,-7.257825817773003,2.383208989688544,1.629037100898182,380.008417230836,0.21640467688300724,0.0001802322257594126
30588,-0.46490410856384834,-7.216720690490885,2.670852940888782,1.5213946492640285,352.1394789579507,0.6816736209167198,0.0001802492937454282
30589,-1.1697826669654923,-9.66540038514485,4.120692012760019,0.8932470258190672,469.5427542856693,0.009113581915874747,0.0001802590939154387
30590,-4.005607862335183,-5.664452898883008,4.595629515050308,1.1305989032669093,248.77723057780506,0.20939287967788012,0.0001802640953242275
30591,-2.812716119009923,-5.706562148764264,1.155233961979629,0.8806969545828536,170.32227066340576,0.0300855356435088,0.00018026523211260145
30592,-2.173849941124665,-7.508926366427304,1.8686276821080823,1.7015248055345102,470.3324692382466,0.1197599717035045,0.0001802749989580288
30593,-1.7946678739146353,-11.99346932319237,3.8039164487248622,1.2081319391459882,469.20305077644247,0.6317972055675121,0.0001803112625006872
30594,-4.458981802616767,-5.210989498559161,0.9784623614417826,1.0619018260580848,286.5865658420351,1.005958806502746,0.00018031570871807529
30595,-2.197228266788132,-7.171015423243884,2.313390254111635,1.1403918329894676,250.15769287076998,0.4170492544140858,0.00018032204937753324
30596,-0.078612571398887,-12.582745112236779,3.7717274474262505,1.0946096035169472,467.9983722602929,0.8276752957339797,0.00018035001219166043
30597,-3.3784534935100305,-5.576487659655947,1.019778115735229,0.6403025256116275,138.23685961045157,0.1486087572734407,0.00018035678987822005
30598,-0.03397023763317897,-8.090548601930383,3.717180240688065,1.659369326424653,390.92210497788744,0.5303035520863055,0.00018036445218344425
30599,-0.32836836579070905,-7.8154079822248725,1.428733607247194,1.112142605425532,289.9385075163754,1.8018530342082295,0.00018037196837293452
30600,-1.6211215869065612,-11.427297656927994,3.906268849400884,2.0028634301103136,397.6425247512616,1.0383620524898651,0.00018039951290511254
30601,-8.376513522806974,-9.487783653055601,2.913662909641995,0.9002709113092405,240.13323792742787,0.33599231380652483,0.00018040133145202954
30602,-4.199015049166893,-5.633369102004252,4.601284678755247,2.747125652118125,477.01388058204356,1.4234541426100238,0.00018041080186966297
30603,-1.0055811358212967,-8.972637755113293,0.5593788966572505,1.6343790988331517,468.33026456423175,0.33808253605150984,0.0001804198914093835
30604,-8.119054279301926,-10.561467991023076,1.1694883600704544,0.8853216481754436,261.96576354131435,0.4628167934915224,0.00018043175583977415
30605,-2.6803131125229473,-6.779229215044805,4.093770562112301,1.867003555227663,447.09555292574424,0.6124263739838618,0.00018044949697793467
30606,-1.8305749630119212,-7.173836119574155,2.3265862564948616,0.7077527700185912,173.49006216076188,0.5123726778638327,0.00018045666779101122
30607,-3.1228437119098533,-5.960085903279161,4.515253793466296,1.1059156573453837,467.08068490051716,0.8809003353246387,0.00018046947118788008
30608,-0.343636677531439,-7.7302217123781585,1.5995961983584157,1.7928340963251892,468.4573360247052,0.8161534955991518,0.00018046948517719749
30609,-1.1732349880447686,-8.918603053919096,0.6129854518954331,1.2740247732490309,468.1405731964676,0.17578711155784355,0.00018047335266062028
30610,-1.1468285673246985,-7.307987875503781,2.861988822350976,1.8833963849812254,468.0553034443274,0.3313659560528688,0.00018047625197254724
30611,-0.824529865817615,-8.744062733153982,4.075116532156298,1.1774689932307625,246.6924087331794,0.30958675508290856,0.00018047637469370556
30612,-0.07230583768527943,-8.526825823596681,3.9689651729556377,1.5772954519145699,365.71949928281003,0.5632383955411777,0.00018048512043648593
30613,-0.2005345525451876,-9.706940871752648,4.115414490657667,0.8497934148127803,166.85481331935753,0.04251713945800528,0.0001805109153750653
30614,-2.2699603903216268,-7.559919179073579,3.21885188277438,0.9446789160150711,252.27886145702666,0.33266647903387003,0.0001805152365702555
30615,-0.5442352611922683,-11.787234049921961,3.816425315049877,0.9600571364379993,254.11903105493883,0.6279851998771564,0.0001805182772997174
30616,-3.879350672754816,-6.887795336555747,0.04510143899357829,1.719717528568199,405.50432690490914,0.367808636043331,0.00018052568305259697
30617,-1.2017329220352497,-7.565772077414086,1.798555319755053,1.098187020343753,468.60646105303533,0.2588590074429966,0.000180529585635132
30618,-0.9226375746714606,-10.917452777182762,3.935195718930595,0.8189843633121421,465.95636421451206,0.12591678244396576,0.00018054158808436738
30619,-0.7387367606910296,-11.501080489599632,3.899465944958663,2.1577151161902366,419.194104938793,1.3970812030849027,0.00018054736384955718
30620,-2.9332773942012675,-12.46016477822148,5.060862397694681,1.1217376037895304,247.0925222204416,0.31455417221893267,0.0001805548994237148
30621,-0.8214891839446938,-7.627807618769413,3.3135498606841285,1.8928003293391882,463.0910149849221,0.5253510815139393,0.0001805596397943356
30622,-9.141240291501244,-8.274729402030918,1.5847009611343987,1.142376032156212,467.2405284372053,0.6172873605034717,0.00018056096841562175
30623,-0.17554875286124272,-7.529905993748726,1.9399583037075538,1.4168007219138312,470.19132399363286,0.15833662155377315,0.00018056789703463044
30624,-1.542713855850117,-9.297847147737889,4.135115777418455,0.861559334006318,213.9604254331641,0.7369249405655944,0.00018057300870774083
30625,-0.5980200276562968,-7.493499406536825,1.860073503389642,0.8558712900803042,239.92272032798843,1.2553364205969375,0.00018057732531483252
30626,-0.09739653882315835,-9.341365235461398,0.45357929899591015,1.80773071854705,467.8227641572188,0.24155360231639467,0.00018057854407625291
30627,-0.26173688174109344,-11.420609044888895,3.8478026627875823,1.8983632098954675,468.16302207303704,0.5320920263578568,0.00018060571109562238
30628,-9.106147241209642,-6.200368465672198,0.5260686294331192,1.0228922973907868,278.9884020221524,1.3969023577808626,0.00018060762455592987
30629,-7.541954133129282,-10.093147196196547,4.320209830876151,1.046144632277332,464.68137782136387,0.07890887688100001,0.0001806081499952476
30630,-3.5754963618575886,-5.00449430705235,1.9763252058354568,1.3559148531961582,314.2965600094459,0.6051840203959289,0.00018061718945979176
30631,-0.16053303668857133,-7.465631458708172,2.9910942939578367,1.4171816087123952,469.92871906844937,0.13494796366924433,0.00018064461559136902
30632,-3.2371062268983577,-5.137877101648309,3.4704670655261936,1.8536099053712705,445.1543945095709,0.33167620845713675,0.0001806591380471884
30633,-1.741136955770994,-7.284949660887362,2.1687257746312123,1.3595623467836415,292.939823095156,1.0249584447144953,0.0001806698771932904
30634,-1.1028205220433769,-11.175335905715604,3.87221052832503,1.807768973082153,467.8653661553726,0.20120935461306644,0.00018068189594815326
30635,-5.029400740158241,-6.051769192315572,0.24634839441759934,0.6900290413088277,414.7008381609932,0.3896789380279593,0.00018070884509138055
30636,-3.64214939357569,-12.936905284152767,4.560511930571722,1.699235078383181,398.9351382362228,0.49092349030279525,0.00018071212475901372
30637,-1.1696626172917863,-8.046605440799308,1.1170485450930692,0.9206688365507384,280.24981804524964,1.02521384948981,0.00018073044018679867
30638,-7.882278769781436,-10.870885065088284,3.1832709024112846,1.1815034621296032,282.40140368753043,0.2458832126628714,0.00018073524632939965
30639,-0.7020576957429032,-7.2663472750369795,2.384039531228831,2.2616289161677607,423.5058396467193,0.8845439179666963,0.00018075331198798926
30640,-3.1047064157760556,-6.266238187234099,0.6426133375194539,1.8229694826830922,465.0063468679453,0.8155529277219431,0.0001807540450087979
30641,-1.9211805274938794,-7.478712980345045,3.1034310590753678,1.2571389704617173,306.4209553170079,0.20021529365979251,0.00018075713355624194
30642,-1.5776827681942613,-7.485880040039643,3.1125562874663806,1.2172359232445038,457.2976985758092,0.27524145480004325,0.0001807572961001912
30643,-1.4750033116095835,-7.516840553276927,1.9273647249356938,1.0744313691590786,467.49403527620245,0.15510124795207414,0.00018078034669775141
30644,-0.3217717791547212,-7.255510371766504,2.6908875141575055,1.8547593808635294,468.12391825195465,0.5001515014910796,0.00018078899680026744
30645,-0.3257866051891174,-10.818131299866014,3.9484696426147035,1.040829740330665,279.8195115346434,1.464744675385048,0.00018078944076481266
30646,-0.4058921858806599,-8.014637763403867,1.1480609271503437,0.5315395904726719,162.86713239991013,0.7310719634136955,0.00018079012983388367
30647,-1.7435977201369148,-7.831234607875782,1.5130601056782569,6.2772731169787175,249.08073249542707,0.3313660830903453,0.0001807905804692099
30648,-1.517734831079533,-7.7036157625157164,1.5524848890203986,0.8679206392110234,467.49130787779285,0.6822471228421438,0.0001807935463264934
30649,-1.3732191350906469,-12.037395572515912,3.796800848168104,1.080132228686754,281.07243460697583,1.8338227070451536,0.0001808004437899143
30650,-3.1085916502675817,-5.207358114607632,2.5901410685362687,0.8677403069572011,197.30078548756535,0.7995490164809498,0.00018081493396751312
30651,-3.7411761259430083,-5.414205643433185,3.9610254488894636,1.2068776399230325,280.29710698379733,0.4394933214047594,0.00018081526241958486
30652,-1.0929319292936697,-11.281820481091822,3.859665678607248,1.5566191660697433,329.6089073515593,0.6874062216692272,0.00018083353056175494
30653,-1.8599240623125226,-12.17481885225826,3.7876328135807,1.2975776797212244,321.501355298058,1.2952622454064846,0.00018083708626827032
30654,-1.5323877496810994,-10.826740701195176,3.947040861223304,1.0097752149863364,163.159268896173,0.0032550425941426653,0.00018084229562777032
30655,-8.738713716662765,-8.852303434013617,2.8633173708934554,2.045640982695019,409.18026803423083,1.753851868261946,0.00018085817765137342
30656,-7.245175147153477,-12.052436593144812,4.057013470496122,1.00420944743369,200.41034664254786,0.6632583842516508,0.00018089038869312872
30657,-1.2115479044392234,-11.153634914656099,3.920239936599304,0.7996744636824297,164.67125510813645,1.0523074171255633,0.00018089101367273514
30658,-0.30193303639613056,-12.054710704152154,3.7948980907010648,2.896825750783792,490.12312047382244,1.359667626469193,0.00018089442855469614
30659,-0.6462999986236628,-10.451427408272012,4.015078700736224,0.49982384752568465,127.8226901171091,1.0603997175214968,0.00018089524839608173
30660,-1.6880255463171832,-10.969493486088016,3.924834735779141,1.1340341982457955,287.65314520727543,0.7492021152512933,0.00018090119492324825
30661,-1.561139650579232,-8.547131338029327,3.9731880238406583,1.038014440791666,216.1815338615695,0.004518237826790283,0.00018094465443235062
30662,-1.2198402451831587,-7.333077715344311,2.725644023054246,1.1810373390579334,275.8809174742952,0.5232667846855401,0.00018097226571846581
30663,-1.4054692971099776,-12.989325901388666,3.7521338247351554,1.1627498127245937,298.7605175741748,0.45654673210183194,0.00018097974342119982
30664,-0.4548498411666131,-7.626176234687378,1.647427652528806,1.6282864641138308,380.2327120246106,0.08175630757987395,0.0001809806395655842
30665,-2.1480877684543955,-7.4531824406285825,1.9968903948207322,1.0490900678537365,271.489869448418,1.5118546155153796,0.00018098325660055774
30666,-2.9760229873551527,-11.501347559853427,5.100573027005372,3.3946077396063785,467.1791668429981,0.16046507105362817,0.00018100601713990876
30667,-5.224815796552101,-5.977851286083335,0.09981862081034427,1.4091871375944716,320.7044512224144,0.015268496845693313,0.00018101218812104845
30668,-0.2831903249796266,-9.120170288609687,4.126650722087611,3.1730286304013524,359.81079107721126,0.042516926608482386,0.0001810239940605936
30669,-3.7765306913960437,-5.548833225024968,1.030692470598153,1.6617075561802686,468.0364102632095,0.5081715549971584,0.00018104020663355468
30670,-9.53979746054871,-5.0536664742880895,4.905932429069271,6.1235833636881125,675.3283688442666,0.49370180795032415,0.00018104891523399564
30671,-3.089722617299496,-6.791822965221788,0.3508223749941515,1.6942537761088656,397.58389615079733,0.258687277076171,0.00018105452101017705
30672,-8.009021731016217,-11.829276349752401,2.051841371747287,0.5084923479497295,134.1858022379701,1.1890790379297886,0.00018106616600343514
30673,-1.2250458771654085,-9.423780864025705,4.129551742100614,0.5256378419107218,145.56033166268938,0.5343205754221971,0.00018107027671788474
30674,-0.9746233612038591,-12.68208934956078,3.7612100396503245,2.416674235548232,439.20542704433154,0.8843763187269937,0.00018107957570529643
30675,-7.7448420099550805,-11.763561733143645,3.2452066177572716,2.7039497124200538,455.55939896616155,0.348763563491592,0.00018109567662925814
30676,-0.6427753460792456,-11.653038798923347,3.821952991320252,1.8115064994755004,432.5051036150036,0.3443214097877023,0.000181105327188482
30677,-3.1859170123948086,-5.9409565600575585,0.7861965845289954,3.3520696947984967,525.0429293358275,1.1754264666757033,0.0001811312977026608
30678,-1.5827360227457437,-8.102260706285296,3.718165122816703,0.786136812655229,154.78221786674283,0.15099428710710683,0.0001811383094397948
30679,-0.8758668153582878,-11.134233581914406,3.873052620669368,1.2668758929843646,265.05981295674934,0.22655630453983466,0.0001811392770802005
30680,-0.8972532280597569,-12.234193103845241,3.781554776378826,1.5081182287959827,347.144606847236,0.8324471242456957,0.0001811474515638715
30681,-9.749969105511031,-7.029029932833587,4.243345650820053,1.0426855239589514,467.4879354908635,0.8916182839673237,0.0001811482420356885
30682,-0.8652168412130461,-7.915395602042418,1.3754883197565557,1.2896232734307265,468.0267496242684,0.029070806816092976,0.00018115689416477504
30683,-6.717705725088606,-10.136951554387213,5.10819080139926,6.62549187018944,682.2985229949666,0.29053065906636366,0.0001811654142363667
30684,-1.7500954324953621,-9.240364472988055,0.4651568067280347,5.507395679398052,647.9697472443199,0.5917077815982941,0.00018117363040574827
30685,-3.1441541044452226,-5.157655803315034,2.860414104160254,1.807675617112675,468.4421551911325,0.8201149292810248,0.00018117795623830485
30686,-1.2227403691342271,-11.536699316266667,3.8317226685794035,1.0437292588683045,204.27269760712375,0.07453807565942583,0.00018119748447746842
30687,-1.5997574578933733,-8.685113513814704,4.054230608630554,0.6688050664360561,467.3767066221238,0.47097439704017674,0.00018120212932685756
30688,-3.7933699966691803,-5.7988717516394725,0.8239832077035035,1.4631136566774543,166.4471110027477,0.2611726412169437,0.00018121389184304345
30689,-0.8895209500419767,-11.23256571964291,3.8616666934167183,13.80875971887721,410.5644743045918,0.26916730504958153,0.00018121963952663763
30690,-0.4510682383109881,-7.887393167086264,3.5763289659395228,1.17780079044387,303.93482952970226,0.645021615946713,0.00018122657736372954
30691,-1.5707090726578699,-8.733248328232257,0.7293164389388911,0.921852777185186,458.0551887717237,0.13805994785978815,0.00018124225878390972
30692,-4.787005274788556,-5.090965703661988,4.129792687248256,1.2339641669723604,269.8262405618534,0.08081889628509575,0.00018125792544347428
30693,-8.447468471619493,-8.542068749209868,4.398338290783796,1.0128414480613912,216.70490126050674,0.11469898328492345,0.00018127544120111967
30694,-4.507543236832995,-5.060252873145788,1.1727387096626616,0.8659397506923626,467.4920999167631,0.5629912194086124,0.00018127810138429608
30695,-4.1759839088888935,-11.890429406106797,4.660436729920218,1.180626323306627,300.65891191098416,0.4720396184123983,0.0001812921324471144
30696,-6.760801932475507,-12.634675634196801,4.414596143520819,0.667640523054796,178.09348699566524,0.09695286500618483,0.00018129504109322351
30697,-1.7355120597634937,-8.375745310070597,0.9228035247058182,1.1393521465622245,251.01583630466465,0.26888573982108976,0.0001812994031068229
30698,-2.3364126802934546,-7.875934057497944,3.6313155410073827,1.093632022997865,227.71507474326842,0.01445629336759957,0.00018133101028329287
30699,-4.492227987483423,-5.109557108028421,3.8682130152328504,0.7025166322349147,141.27771367295557,0.7114441103396896,0.00018134661263352237
30700,-2.892147342110066,-5.875104442716699,3.66620018506056,1.726865210794477,406.62028282713004,0.15268471797936112,0.00018135694964823305
30701,-1.3369306716882239,-12.742086209491529,3.7564501105506243,1.6557694043794566,468.7240387626747,0.8495201575686204,0.00018135955559651562
30702,-1.7616160162757346,-9.726003253594316,4.107837248643964,6.6730856949889965,356.0638601168375,0.22736394556639183,0.00018137206315524236
30703,-5.253233994355556,-12.518247811135245,4.62566196143377,1.859435759978558,467.8449683442704,0.13760675500213537,0.00018138137996385591
30704,-3.6106955830941576,-12.852010537431815,4.563418366905439,0.9271098169618556,467.8406650872688,0.8086676848096515,0.0001813824061956165
30705,-2.964788496681786,-5.466306148318078,2.490308893853241,0.9023212812580146,468.18007081521404,0.7511758630402365,0.00018141556662640805
30706,-1.7060185650124264,-12.183295791503273,3.7818815933528604,1.7547632935831492,465.03255695026235,0.3847962419316726,0.00018142645341340173
30707,-7.079645189937413,-10.333837233053051,4.733082757938892,0.8570448681389509,459.3984309360173,0.5417263434058288,0.00018142679491725495
30708,-8.025271750739908,-11.405665269493356,1.547314253212589,0.7235089595171053,206.8183434166176,0.35433037702906933,0.00018142845388457692
30709,-0.39539881207476135,-7.466816224671061,3.0853123261221773,1.8625639635480433,469.05550167945404,0.18007884008800534,0.00018144515483802318
30710,-1.1610587746881116,-7.553646572532339,1.7602024273731551,1.0941314983964125,467.42365590284976,0.4553810382990777,0.00018145040247474545
30711,-3.346691342139895,-5.322564284821399,1.5768159253460463,0.6605592882201585,186.42093895367242,0.6118259671646138,0.00018146540725743346
30712,-1.918079298626342,-7.8180807551833915,1.298847196791949,1.451503829912472,321.59732614955374,0.22505163582807342,0.00018148735745756274
30713,-1.1925760353248709,-7.574026710820799,3.228426350497644,1.8490248045206716,467.78083170979784,0.41646686950071743,0.0001815084504052741
30714,-9.534264670346023,-5.600100125351023,1.366016359157104,1.6114804081464111,468.3075241887384,0.17757674429895332,0.00018151493637449563
30715,-0.9281858161559136,-9.648126015255457,4.1134915628825395,0.7506634113898049,178.0142363458114,0.38247479650192506,0.00018151991086669278
30716,-0.920338223026409,-7.169802315657615,2.405487340703454,0.6910662786330596,467.6695380578367,0.4865100385187997,0.00018153103822678181
30717,-0.7266712619988809,-11.435575877547416,0.2151803776968723,1.3031507776825506,279.043890154428,0.24328393322764885,0.0001815368932874377
30718,-0.7486120042870166,-11.30685958608767,3.9026448003514225,1.1151926864308848,288.3983690955387,1.2543728582226388,0.0001815504150388927
30719,-0.38552869732991546,-11.436281134143359,3.8379954325995485,2.4012290374547725,228.68441807140712,0.19770488737141179,0.00018155269556850508
30720,-0.8585316679193475,-10.368728026404192,4.005110656850223,0.8767583880230343,196.89520429437542,0.4133256096148372,0.00018155967609940078
30721,-0.8660646888335837,-8.937322967497494,4.104137268416454,4.217022427733949,581.5101803314378,0.8755757866215896,0.0001816010399418649
30722,-0.9701107829906341,-10.634997319111708,3.9647427035452907,1.7002690548184598,401.21359180505465,0.4187441071466438,0.00018160525960466312
30723,-0.8407897401029363,-7.846318950438892,3.485198810124691,0.5921921992903562,161.26801806463942,0.984582007883736,0.00018160538605627535
30724,-1.516124853474679,-8.384366971460842,3.916667340376166,2.5518755744446713,458.6436543857565,0.33981704388247547,0.00018163454543515656
30725,-0.6919393496790995,-7.3402298385057385,2.7191843429790152,0.9791990055478264,468.81461910425446,0.8622011961214069,0.0001816819538627526
30726,-1.4389342140939707,-8.514774238451391,3.954734938009526,1.8780437957469966,468.15612107069956,0.6027984854946595,0.00018168318180391042
30727,-1.2734732205703878,-11.064759052531237,0.2304179643179085,1.3898933949775232,323.5249272678608,0.7934547814460817,0.00018168326894262512
30728,-1.91737073670501,-7.2023066693673865,2.443918685402242,0.755129011713725,467.71112770091787,0.2449569975061312,0.00018169575768047535
30729,-1.8209328105323728,-7.7516236699253405,1.5856431020640032,1.3952687879944712,323.3307316860576,0.8624526309561364,0.000181696242841627
30730,-0.6756825971230072,-9.823060211069343,0.35347205626802225,1.408331493070046,307.74843277373805,0.83265707093254,0.00018170419944167493
30731,-4.738451345332787,-11.423615002944354,4.761052724697845,0.7668677158714634,464.6343152641236,0.21357634491607413,0.00018171662230766716
30732,-1.35662064562276,-9.959223647451893,4.081083258108808,1.66588197490176,469.5801829559982,0.10427187207606536,0.00018172560357465885
30733,-2.0368178073587053,-7.340722268040873,2.8788545071003204,1.146164473163666,243.98765659898788,0.7280886671227202,0.00018174398602236459
30734,-4.187115133756083,-5.1088955770999895,1.2261285560273876,1.0985148824071502,337.3917837724849,0.4860043740603679,0.00018175856519912748
30735,-1.8582323320947562,-11.45975031097666,0.20031321776636707,1.4667950602661441,262.49599095713955,0.46087367419873093,0.00018176213157489567
30736,-2.115524332104279,-7.638523866026936,3.3084619405975326,1.2773169329792002,275.15861658085265,0.07239880055188319,0.000181765309959683
30737,-4.27404308135371,-5.092318365465072,1.4419660357070867,1.6764827881669513,394.2604977745596,0.4364472029292683,0.00018176962276691134
30738,-1.1075742750432642,-7.3099467492763734,2.764884318665568,1.1554436746531926,295.82379396876365,1.031321556929016,0.00018176993785199225
30739,-1.8320398698644489,-9.343619262243163,0.4403792126126062,1.8566936500565454,468.2303310492891,0.3932729174196741,0.00018177075233198416
30740,-1.542689760498753,-9.889107600327401,4.088541690862535,2.9159686456983946,489.1170747016595,1.02269085646335,0.00018178903868218093
30741,-1.2687181911414012,-7.338005180944048,2.716039008434751,0.7459763518756239,148.14644985171233,0.16833644681629156,0.0001817914972002753
30742,-4.470226856490356,-5.721588356445163,4.841687114437826,1.8571762546428834,467.0375076926815,0.16958623640515125,0.00018180266679708186
30743,-2.9598105050134045,-7.401044899798763,0.04429142255317295,1.229186935765078,257.33875402637443,0.28817584780576766,0.000181815011708168
30744,-0.7334142176467147,-7.242482979792197,2.6710549210489227,1.2096277289314823,307.5996405569562,0.5936221372354664,0.00018184985704936967
30745,-0.34811761245190276,-12.304458007241667,3.770485165052713,0.7083723404480969,206.8090634310169,0.8388414396035753,0.00018188537300064026
30746,-1.4467579651076843,-8.566006539496946,0.807332987060904,1.8148833133945232,432.7720738002521,0.2506412095652868,0.00018192098981401468
30747,-1.9182733115832011,-11.373135649871555,0.20644584670491486,0.9311556790776607,155.50086880987953,0.014929728735260994,0.00018192257752259783
30748,-1.0710809010226576,-7.929077632396926,1.2098479233635018,0.8642740045656054,170.68112733994474,0.318136786379295,0.00018192905929925146
30749,-1.5932861966715528,-8.198101786756641,1.0506896665910685,1.4444423615651778,338.57006034681507,0.7999480974639317,0.00018193725924378276
30750,-3.5783477925536653,-5.144040898327852,3.6341209958043534,1.5243202310494741,359.39910102775184,0.472473513237877,0.00018193916598875233
30751,-0.671866068016227,-7.342882550619184,2.877479377734302,1.027423585587571,159.70626260574383,0.24323834076064177,0.00018194998396387657
30752,-0.3497174157261256,-10.23787927718558,4.022456222785318,1.1147146670865613,293.5657950829505,1.0027896064636481,0.0001819559199174175
30753,-4.674438405789699,-5.114142289802135,4.218619736560212,1.4085863612383993,338.2542052848958,0.45083000736647527,0.00018195612282955964
30754,-2.318267840180747,-8.05357260815072,3.6830649208075146,2.8862377520751075,487.2411764056619,1.1404254498450213,0.0001819673060908438
30755,-2.160200964775912,-9.904870449845198,4.098938556403002,3.8368332665166167,558.4095998904695,1.0175013891066325,0.00018197813158569193
30756,-7.635560244485328,-11.79510514391251,3.48208604811739,0.6146433430023358,189.63348892794082,1.2888200177314975,0.00018197929618416668
30757,-0.3539422935585108,-11.379563255628904,3.8399199591899,0.7877993268819511,456.0278214499803,0.24451295125282524,0.00018198239720473484
30758,-4.655946725903265,-6.063765105382153,0.40516808767195817,1.7537145550662383,363.7108603356267,0.514402075453348,0.00018199420699086937
30759,-0.35934519350673,-7.235845727973291,2.3540817202130513,1.8735953053850067,467.7168916711933,0.25984771132591167,0.00018199581281263795
30760,-4.432054366874501,-5.147525713163704,1.37664334680658,0.5069186935349009,149.66488057946833,0.8823710378586691,0.00018199612342024546
30761,-1.1912430136851597,-8.048956344033936,1.1816258378702778,2.2420320051056937,419.0925815691699,0.7924754491174308,0.0001819999614375726
30762,-2.1023768272500813,-9.65339159604633,0.34259183256242787,0.8985003500646487,467.4027848144204,0.6913472421018847,0.00018200369167099863
30763,-0.540542596439824,-7.422294264804748,2.1128743331158755,0.9100837316647786,194.52956947391894,0.2783584197056319,0.00018200921565290462
30764,-9.07582944760531,-8.461933951997898,2.294836114187911,1.2475427543679398,240.56807484666265,0.005197754106409214,0.0001820106040951324
30765,-2.179923563327523,-10.009305254577551,0.28623074282313066,2.253892273327054,429.2984439169477,1.4321498578999217,0.00018206501401065762
30766,-0.09706699706920752,-7.566530530953806,3.21374877942971,1.4532422400588623,313.15072925531257,0.656637257280976,0.00018207162021729661
30767,-1.4204117732311197,-7.893898366725563,3.5725186255219428,1.4947765866018834,343.39516224042575,0.19409386572088572,0.0001820849372054597
30768,-3.1212521635104586,-5.204863357156922,1.6309074406040007,1.1114235672277089,288.68601472158167,1.3330824189131736,0.00018208574289940748
30769,-7.837840625990018,-11.732603086206746,2.994410370469636,2.935019460170518,475.471686127331,0.39832283341822095,0.00018212019376647595
30770,-2.0821777387731357,-8.98471917636007,0.5355611296340526,1.2670509277536288,266.66070773619634,0.0642193977324057,0.00018212527686461115
30771,-9.30554621240954,-7.094375647932979,4.910608256407556,2.4924056598066695,449.6790619640166,1.0201614405460306,0.00018213580974363555
30772,-1.5064995787664586,-10.24698999901686,4.035247620467137,1.0288911664039184,279.3804756214621,1.2143336080896328,0.000182136606238519
30773,-0.013137230412347378,-11.915601220642504,0.2013451146111144,1.29275572704058,285.844741001054,0.10467002913593948,0.00018216495412903762
30774,-2.6081259036686397,-6.144930770299105,1.2847210098849253,2.550127093546672,458.7715783137747,1.3171228272269042,0.00018217260515529987
30775,-3.615845017607108,-6.512040703852731,0.31832652196310396,1.0053163254710469,197.96713280728872,0.31675394266439927,0.00018217850534105493
30776,-2.6837983987024696,-6.098952408842506,2.338358413771238,1.0003610839655306,273.7792434742015,1.7055109565729767,0.00018218980906946485
30777,-2.29816932378143,-7.73301183914128,0.8114886206697968,1.769269469098884,421.34002629553555,0.6689746799334495,0.0001821990905442327
30778,-0.9824824724594965,-7.549761448177365,3.1995843634716588,1.1743752556475602,247.46329921114753,0.0591480444788921,0.00018221153263457525
30779,-2.4129882956028013,-7.457132780156394,3.4677789181803917,0.9137232953873463,179.2352511050711,0.09465285549635905,0.00018222933008675804
30780,-4.574980697066678,-5.6285841677068476,0.7140446593688526,1.575792973035172,365.5785900708596,0.23165595398732286,0.0001822342475160479
30781,-1.3538412707521097,-7.654684112445455,3.3197556532856822,0.7845117489373226,234.01350851333703,0.6962691084491537,0.00018224165263167
30782,-0.8295460904198606,-11.969904596601548,0.20663386099662978,0.9370162550512592,194.65982921214407,0.3485613372305254,0.0001822495394878183
30783,-0.47384506927072145,-11.309628028191968,3.9101357055070523,1.033962367549876,211.35664463260986,0.9481529983946446,0.00018226660401907534
30784,-8.03665574081191,-10.652454323155496,2.7919808762255673,1.547043139790255,462.9502955214764,0.9040890540227746,0.0001822787513482997
30785,-1.7785077540359477,-7.211855934707153,2.513962238303495,0.9847956260953469,264.62599885243463,0.8866412136283719,0.00018229136717142118
30786,-1.451077185674416,-8.274421665826697,3.8328326630642406,1.8773926120066835,468.7357556078331,0.2880984839516625,0.000182293434447423
30787,-9.412005596241787,-7.1474010127293495,1.3142248240449859,1.601294072092271,468.76955871520636,0.2160776917326359,0.00018230087941082163
30788,-0.2201279114979613,-8.944319592178147,4.100082284375389,1.641732272319766,468.497845734535,0.6388781823802949,0.00018231827971432483
30789,-1.1323552199236726,-10.836242585169803,0.25366033223501344,0.9526888510831932,261.5680178592574,0.35618842865928535,0.00018231909428669167
30790,-4.334081836784163,-5.511305424230993,4.473299866751229,6.2235345641394995,679.0307713983512,0.4333255122935311,0.00018231946555296195
30791,-1.177008933759641,-7.456312823369105,1.980939757842158,1.2760224206916622,315.9439008036519,1.0830831592879564,0.00018232198336822037
30792,-5.307573767075912,-5.234091857351186,0.2866478939224831,0.6205977676395747,182.79631044180056,0.7747705019641389,0.00018232441904486902
30793,-1.1359860134016984,-7.455856904847669,3.070112887660533,0.9488006025171791,188.5724031182298,0.44340263963420323,0.00018234019072264204
30794,-2.382008782467646,-7.5186409878700875,3.3794906245382714,1.8649671031464448,467.74427427102745,0.15398742782802533,0.00018235066905013952
30795,-1.883234553990567,-10.604026942793498,4.032437579167636,0.8590410595795853,201.9413098918313,1.266423884365513,0.00018235750583211409
30796,-0.2723614183528582,-9.803601215232153,4.093625698559065,0.7761714089249554,222.46776429395578,0.4480550473397633,0.00018235935405952095
30797,-3.50760418353223,-5.761736509103778,0.9710829692208479,6.30516410272179,298.081531719857,0.3308259997725349,0.00018236869161685008
30798,-3.6132222558882816,-11.892279539461791,4.652159600938638,0.9930954738852654,270.4382385147241,1.2937155855266838,0.0001823804287660943
30799,-2.362672528971367,-6.8366090159697075,1.2918774488006552,1.0266919094856815,219.71641574305,0.8253034927493657,0.0001824028008655126
30800,-0.3331510091012717,-10.679455859538852,0.2613328418193306,1.0519746978991087,280.0404450130474,1.4367362036630942,0.0001824105425702394
30801,-4.173475987337962,-6.765912190269566,0.0672138054383887,0.815639812598893,195.59744819569235,1.1611301804457046,0.00018241087390698848
30802,-0.730403752546426,-7.190311999501261,2.4337084327038228,1.9895679279655896,189.13694321176072,0.24392103076770244,0.00018241302541609615
30803,-7.48911901124988,-12.785759545614882,3.6387945426780397,1.0666138758263177,277.0204970393085,0.9285771997464929,0.0001824138551631906
30804,-1.720731317768836,-10.5229121534597,3.97294402337053,0.9632332567880876,253.34200976326053,0.700064384852161,0.00018242457513749046
30805,-5.242786502919607,-5.46874984491416,5.139144611977585,0.9730111721228945,258.2463236953655,0.8943873884104869,0.00018245186197743805
30806,-2.8095806160736068,-6.691913613552011,4.757858135440084,1.3607580029227595,290.11408363763496,0.3895360667585974,0.00018245632607308062
30807,-0.145165670851096,-12.22209988694119,3.76955821410827,1.177458556532589,300.82075442746105,0.7111157202993894,0.00018247751570610272
30808,-6.503645227317534,-12.688435820966827,4.521745914272703,1.112614629842761,467.58613348096645,0.5619280330618182,0.00018248220951191948
30809,-1.3306582141795822,-8.70945168751782,0.7399506886596854,1.4926401630662667,341.99423016788865,1.693025864061596,0.00018249411023302757
30810,-1.701296890203933,-9.71172002205889,0.3592533320493569,0.8272670241393567,170.99105130341627,0.7819298260673282,0.00018249597121498915
30811,-2.1805437910378718,-7.322609845890521,2.768581506077833,1.2726344501352245,268.1570218054692,0.10156090577263388,0.0001825014767684174
30812,-0.5213403475920373,-12.468907551558438,3.756942382586788,1.8683893503017637,384.44515723445153,1.1323722243576322,0.00018250219667623866
30813,-1.0023148323634565,-7.35055374631485,2.8192880811814436,0.7825840733187698,149.50688291887957,0.3915064847201819,0.0001825032407502967
30814,-3.8584263998342463,-5.248144519788874,3.8448673733048424,1.1036595175042776,467.8191951973498,0.2796695716172408,0.0001825110436957574
30815,-0.8054336466689307,-8.664038661058273,4.038324508386245,1.1172086495516065,287.5052443869465,1.442859753658901,0.0001825192102889965
30816,-2.264176370418367,-11.580162394883223,4.016154722445754,1.182334679533912,468.7237326104138,0.8282858119336494,0.0001825506213826399
30817,-1.5466938318763805,-7.95876616999791,1.3834862287314547,2.6406766977686242,327.7744204846011,0.0222001594405441,0.00018255150814810013
30818,-8.205277186139037,-10.40282561930163,0.8715377909766141,7.623499277894433,603.4230299021409,0.08266643125212791,0.0001825601130436661
30819,-2.9835989044568434,-5.591789869718376,3.3561213803403778,1.2556043263445595,467.9134329842885,0.5909457725701381,0.0001825697077246034
30820,-2.8303731838224024,-5.964701088870559,3.296605885748415,1.1879766746107565,219.86326930401606,0.045765964254051106,0.00018258634605961005
30821,-1.8873146141620154,-8.562701808016225,0.8088777365555058,1.8883845801481056,469.1428763366807,0.20445694195251907,0.00018259968022700892
30822,-3.884331921806032,-10.258462767028458,5.184060614167734,2.0763903779524355,399.41473567864045,0.6012772559130921,0.0001825998597549473
30823,-1.0134219840781125,-8.53428098139166,3.954902564129681,0.6688363046440661,467.7048502961422,0.4358813508411705,0.00018264954323800648
30824,-1.6658164286273482,-12.750381627774335,0.19566288796988793,1.0966215893820959,179.70171295862244,0.15583721545102946,0.00018265958274803575
30825,-0.3765617510527246,-10.544847122676327,3.9683286612870083,1.2913553474815584,295.09933712170323,0.20702418308804393,0.0001826606523835829
30826,-3.740722494487139,-10.892287534880413,4.889302505329338,0.9194408457020965,469.382785606271,0.13481495616763972,0.00018266532485976844
30827,-5.452006503653478,-12.257402541536413,4.650699912636243,2.3093790941440857,424.6914202224017,0.7585845408513849,0.0001826878738076986
30828,-2.638053470134224,-6.874205565383816,4.136497023443125,0.8243489591915637,241.29744061714456,0.48512951632077606,0.00018269643943124163
30829,-0.6407891666771963,-12.77278109456787,0.20064993609442916,0.9924322948202493,263.1281849381857,1.643255400671852,0.00018270688542838597
30830,-1.7078222680213582,-7.571723747833085,1.9525446123393582,1.2093721283630987,406.9132260418755,0.004567790876447653,0.00018271918190193798
30831,-1.7580331018596684,-10.301349974142074,4.036869422179186,2.0136658831722034,202.9053781904479,0.3290297937671003,0.00018273183625944773
30832,-2.1519419005609786,-7.848255760545907,3.6495601750540207,1.5597909293502934,469.61827957869207,0.09283274076850034,0.00018275555209701743
30833,-2.405722458818248,-8.845358407949846,4.718296594904519,1.679984381894067,393.25696300004955,0.9777288288232429,0.00018277865959343077
30834,-0.28793828500803365,-11.176632057286112,3.855061149179265,2.6785823550780212,468.3541326767322,1.0954503753945684,0.00018277915907492946
30835,-3.1143420631119962,-5.131765828159708,2.477581744357634,1.1369649431156517,467.2174416325076,0.25009840620577783,0.00018277963547546632
30836,-3.848076643448347,-5.243787033607796,1.4173679619650168,1.8674273719665049,467.7397834997561,0.25242191665749214,0.00018279379500465087
30837,-0.609794294689701,-11.275321747701476,3.9090445791846027,4.247677858591027,579.0425207689426,0.5994055215842771,0.0001828111345753651
30838,-2.084894863364025,-11.4862589323693,3.8977576537503933,1.0086770790515924,248.32540362136228,0.10913314877544433,0.00018281612872246474
30839,-0.0365894693290727,-8.536048923922209,0.8001636650522003,0.9508258952968119,247.8403328205991,1.3857812150972082,0.00018283713474880745
30840,-3.5269795503433166,-5.149592881948334,1.618340140960906,1.1015659108908695,239.568347649159,0.08334574671653261,0.00018284723495703436
30841,-0.27649923540149146,-10.23414289657943,4.03953062980582,1.7449735076347206,467.3239624938752,0.38208901532371975,0.00018286543132906648
30842,-4.406309024518479,-5.680898085387942,4.656238184311581,1.5987460248980245,372.8012644320662,0.23363645545963418,0.00018286706025029206
30843,-4.761969395953859,-5.048245057220146,4.10950933412457,2.6433886946759007,208.08486580891352,0.3926441898118691,0.00018293470090792287
30844,-8.256575520639233,-8.614752916963152,4.675465238536229,0.7377689130244353,217.64870946534472,1.0438612515539987,0.00018294542916692845
30845,-1.569672938618858,-8.090877970233617,1.104956578823357,1.071112253493101,468.8623312120654,0.9084742460442463,0.0001829461498587001
30846,-2.1946864599414893,-7.2392884518900225,2.4406645743108335,1.1731414209562303,256.59874608009676,0.718783063934171,0.00018294818870828928
30847,-1.3450816001477026,-12.983769026804788,3.743316326714587,0.6142971169359556,180.00908888498725,0.7955337457973837,0.00018295907120513994
30848,-0.338920603857769,-12.245154050861277,3.7638662122755147,0.8864465636517391,455.17249646441996,0.15071240409989617,0.0001829703310467094
30849,-4.578246368802179,-6.759471541398212,0.02963400317173656,3.729574497005496,531.7614627034249,0.3040649750201698,0.0001829716841751699
30850,-2.0879677881003387,-9.032896961110488,4.105971375269176,3.1631810186176272,496.41511951234133,0.46499064416917424,0.00018297477033865048
30851,-1.116780322006397,-11.776833762228563,3.7959538450984494,1.496604618218129,340.98157401600605,1.7161908583454872,0.00018297658641406545
30852,-2.668096122936161,-6.224525656074001,1.3584994865071396,1.5056232831673306,349.32526127660446,0.3092131600483379,0.00018298439825141345
30853,-2.0535008151204597,-9.228162232561546,0.3700507030139572,0.6753389184500049,467.8150881522762,0.47949196889897383,0.00018300674099429356
30854,-4.042075780690972,-5.80252998075519,0.8588408255678558,2.4258342236282036,450.29691310369714,2.1616884978955975,0.00018301186760599013
30855,-2.2032306921246985,-7.209658396796629,2.196403754893081,0.9078767602522588,252.43100377215936,1.1665547044301938,0.00018301497322175298
30856,-1.9902975336859736,-11.15464948569792,3.882408031047599,1.1810020056373738,281.25045346408467,0.14596359971089523,0.0001830277440050001
30857,-0.08753217625031695,-11.240426115750155,3.8459501020326887,0.8333196868543353,468.2619740719617,0.17483612120918846,0.00018304236259418698
30858,-1.833185203839765,-7.25578692331839,2.4620812762316575,1.1801409425050193,325.562805852699,0.4359530818941062,0.00018304975595801137
30859,-1.4176371386338342,-7.572255796278022,1.7708252723163471,1.1786223384818082,300.54017499338215,1.7068641328878078,0.00018306981296317034
30860,-1.7912983499039417,-10.638408234669239,3.99093383317498,0.7795766755744142,157.07290208549708,0.25501119390760874,0.00018312313494289853
30861,-0.13712714108414303,-7.880845114818508,3.5493787898761324,1.2984280079751873,320.093184888607,0.47182670038179886,0.00018313038953150294
30862,-3.006832242363875,-5.514503072053389,1.5611454604917763,0.8595244911621768,468.99036377676885,0.20512593405234192,0.00018313579040125355
30863,-0.11651735066726765,-7.431661708723272,2.096756435514997,1.051118867162895,213.6604118006681,0.18504034730373586,0.00018315895256533184
30864,-3.5627445682609977,-5.717477791058282,4.5622492815776425,10.130616111393232,792.5504918800798,0.3658358969484219,0.00018318092259266496
30865,-2.2253687282417713,-8.283875753130722,3.8303301015183675,0.7191740193545338,468.3377428602252,0.3224511926725633,0.0001832110454019169
30866,-2.2669211560349822,-11.157528007704549,3.9940642819491394,1.4401003746902916,329.0646378792744,0.404115158513501,0.0001832449443442624
30867,-0.0011239041168504826,-7.658523535967375,1.6476257528358023,3.0794980547122788,505.32831810624396,1.3823581627905375,0.00018324948552064034
30868,-0.29268960329880755,-9.067376634406159,0.5315896908741968,0.8657606615622057,221.84348616038687,0.45100138851144056,0.00018325285482982556
30869,-3.524427622745934,-11.472071861205945,4.721771123344253,0.9007634553291206,467.12194350289394,0.4733206369707572,0.00018326494121263115
30870,-0.6443143235715922,-10.03872995790454,4.0610281973654,1.7273354588899006,406.9132860230224,0.27495647139661195,0.00018326871749955133
30871,-2.106527817740033,-7.503827495312972,2.021870985700748,1.6747896012485552,395.0502534422436,0.6091642972308735,0.00018328081719611806
30872,-6.180291381749366,-11.572413598043543,4.7246286083362055,1.6979063659838718,360.33729893078544,0.4363575144434977,0.0001832961196028476
30873,-7.3155694552378385,-9.770665644950473,4.8648351534071965,0.8796245775055282,184.5924818276425,0.16479826233193595,0.0001832968581262085
30874,-0.3117040630729928,-11.439574261921104,3.8979568733517787,1.629554481913908,376.1967285754584,0.15677035461108346,0.0001832977838443142
30875,-9.887884513378546,-5.920763656919047,4.424752175960444,0.8929495688596839,467.574040623326,0.4530828230550661,0.00018330604238565135
30876,-9.994832039941521,-6.3868939759234395,4.226720527695404,0.8610511242769239,468.19657142639835,0.10723207363565912,0.00018330720495482239
30877,-0.03958675557268165,-9.819274541129827,4.085520399569569,2.075046625506776,408.3634889087538,1.0329011154448926,0.00018330930323917866
30878,-0.6369245485818684,-10.198608571714194,4.033126289677368,0.9435310990880779,263.60231496281483,1.715029233180264,0.00018331175925646127
30879,-0.6871140080768985,-12.912648749758887,3.742153528657219,1.170861095706369,292.51968894688,0.8844979409833895,0.00018331311063027263
30880,-0.9112958972725167,-10.643010511108624,3.950758751625691,0.9087217087893237,189.41366749832648,0.2972791695822359,0.00018331973081387007
30881,-1.1013862238655125,-11.04929062335317,0.2196305463370472,0.8828923647616528,469.485244107795,0.036042837791060656,0.000183327410786212
30882,-2.0754913564482225,-10.158735213459352,4.045653376041706,1.1587897212991947,467.0851409272577,0.39915117500558317,0.00018332795709415933
30883,-0.890962140363694,-9.349388668925513,0.4374527361806505,1.2440464125148838,313.3999198415631,1.6595474769142156,0.0001833346254990192
30884,-3.6401950210458276,-5.744903767055813,4.622650867550774,1.5934350934821047,374.23820158183656,0.489163591873516,0.00018336498760378506
30885,-1.7619975388638114,-12.013259434931685,3.7742585645677726,0.9356256431591368,217.18919162715835,0.030411014918020562,0.0001833690764162356
30886,-3.3829103139033965,-6.002197583096379,0.712810532417102,1.8481377766959803,468.30806843068723,0.5014179016491846,0.00018337762733128021
30887,-0.6231428632030127,-7.641621632426892,3.2888926933234233,1.2059823878679394,301.4628446664066,0.3076062635800154,0.00018338069454851248
30888,-2.849399251552657,-5.76545251329717,1.0189110211541725,1.847355046115121,467.9734692481936,0.8821716566603177,0.00018338620937512147
30889,-8.243553215918567,-10.029914093170788,2.530333803340642,1.4575739289331113,305.7779599420598,0.3796835434383139,0.0001834021084048758
30890,-1.5860315749569835,-12.87605802147495,3.742408904745415,0.9752063235152586,191.3745981908895,0.22670864926290513,0.00018340903170346355
30891,-0.1621709740960089,-10.825783900829931,3.9224235626488313,1.9636261695224366,399.96525279026963,1.790663289500844,0.00018341913442479637
30892,-1.3045422136705724,-12.147846332784592,3.7653725276696375,1.1013629136267542,273.5206305844223,0.8844276947221381,0.0001834203393608268
30893,-1.9585635305241595,-8.554653188743806,0.8008857878661593,1.1542920238439858,235.20585664828315,0.0023015154192957965,0.00018342279847800524
30894,-2.0373058012896976,-7.751834196971938,3.4212670516481856,0.9653928797513327,263.017059975267,0.9381714037355797,0.00018343497589114584
30895,-1.069455428659703,-7.220078586603797,2.3165701879443135,1.0718720153944994,467.0915145432864,0.8913991686167284,0.00018343595604713907
30896,-0.3014548585353811,-7.840635332280808,3.509122345389898,2.993990895503518,479.768715386982,0.3367389399585319,0.0001834382919864047
30897,-7.975366744096128,-12.494941874417025,1.8835920468705396,1.80547537681689,380.532432434856,1.4885937839043786,0.00018343939515554932
30898,-8.739681529482455,-9.001427200152994,1.8560739409538647,1.2094696524510593,245.63593964904013,0.08992738842479131,0.00018344788603520088
30899,-1.5984694402729236,-11.759962597728698,3.7929776925501137,0.996536058110964,264.7225490810246,0.9279462667377993,0.00018347385643024242
30900,-0.2930187314101165,-9.533206305379174,4.108235789299877,1.6889059139511196,468.6832955582962,0.8417486061618638,0.00018347665255417757
30901,-3.2184211904167466,-5.081687470594626,2.9725037834952532,0.9532131934502376,468.4046419887664,0.6140615942935099,0.00018347927691944032
30902,-2.353901178777913,-7.8748328762704265,3.714845210646332,0.9897393096829605,268.83830860986217,1.7512569151591135,0.00018348103271221156
30903,-6.194368131874057,-11.179995783329865,4.813394097746372,1.404368696636536,448.8769132858274,0.38502128810401803,0.00018350225019095112
30904,-2.8235957584960722,-6.208340530246799,0.6898326681062292,1.0679857662663395,278.8228724815707,1.6386445315988807,0.00018351138953268592
30905,-6.135321116378602,-11.811745374523213,4.687477364889993,1.1696312326280491,279.56508058166406,0.5118144877468032,0.00018352000848423055
30906,-2.8111781626644134,-5.989346355708486,1.5428569011419302,0.8835276228346406,468.477732331165,0.039650178619233145,0.00018354069869446
30907,-1.24031187347882,-11.71066860679722,3.7961480333322926,0.9176265971086844,467.70176115067005,0.20413683402845795,0.0001835627450828152
30908,-3.5198275047209124,-5.8666583673774,0.8261638376626759,1.8553019047330714,446.39874171877085,0.12563031209564013,0.00018357008484435876
30909,-1.130597226928181,-11.233280432123822,3.8419727341788814,3.347385430827577,355.8804011163314,0.04806537243694464,0.00018357640199639078
30910,-2.3358996463648065,-7.449790473408084,2.906238402600477,0.9436291152716897,467.41510233729457,0.5927884368627518,0.0001836111616556831
30911,-2.1429101404909847,-10.179612744028963,0.2637788324724096,1.184246132971886,294.41989721539534,1.0423285596714846,0.0001836358267889848
30912,-0.19562938400146024,-8.055770887024607,3.6855139998511,1.814407124833181,443.94642206516636,0.173662065118112,0.00018363606790685087
30913,-4.244278080962172,-5.188524786733699,3.9003871485350334,1.5912914034137702,354.0110641467937,1.642349449644379,0.00018363783646725872
30914,-8.341762840865691,-9.722517064219527,2.5733976898391284,1.8268194687318295,468.5566939416713,0.922708419885927,0.00018365468436303128
30915,-1.5343402417508347,-7.627314765099576,1.7567784158098638,0.6836278416392548,139.8955978443245,0.07307320740983148,0.0001836915820672857
30916,-3.6986308000151444,-5.600044085379539,4.3532765191933604,1.4369354187271544,468.20055001484565,0.33803701745316506,0.00018369357806676887
30917,-0.3438939238739547,-11.16027177926453,3.905232436185988,1.7458807384532247,412.46117481646615,0.48066188398262266,0.00018369530846838587
30918,-1.5781126239010845,-9.705231560059941,0.38667076728148897,1.8325729821735377,469.8799369847657,0.07405560783128351,0.00018369969850736393
30919,-9.582779519016466,-7.626643666580084,3.6079654785739415,0.7731862111420135,218.1404248521685,0.947089076704775,0.00018370268848496617
30920,-2.0636959120346043,-12.048989053601815,3.768993979647689,1.0853283693816733,467.7532136876739,0.7714800808104085,0.00018370716535936544
30921,-3.9104102010694852,-5.305452229260773,1.2374955801193022,1.024062979750753,211.8682542959271,0.3770843089600877,0.00018371105335117098
30922,-0.1667068884676759,-8.769516161486262,0.7026855787482288,1.392848411399744,468.0420977024954,0.4504387307338247,0.00018371318525125594
30923,-3.6284815816226974,-5.117829895795906,1.6533363347552072,3.705381209172557,527.0750036421476,0.2107438854896717,0.00018373305640602
30924,-0.7506490847080034,-12.32891568526323,3.752473807775564,1.1692512282238121,298.49854789851264,0.9186721126209525,0.00018373982000240694
30925,-0.7056654671473446,-12.756056170232066,3.74337924865169,0.938389910472876,263.3966255235674,1.5276582217409596,0.0001837399152142999
30926,-0.8420567683190576,-10.222823806270783,0.3033356650074085,0.9954200621636268,269.8537282643418,1.548840704393018,0.00018374337453447333
30927,-2.3403177046172976,-7.56417837282805,3.1978294890733583,0.8824201471272002,468.42511396563526,0.8551781186698006,0.0001837434112846221
30928,-3.8894221253239802,-5.265942905164647,3.7272921578145706,1.8323289121391177,468.50381195437666,0.35762072988021654,0.0001837457317447542
30929,-4.610361267330737,-5.653541433748465,0.7245923289525195,1.4234114468582375,325.87669818484915,0.07853177672849387,0.00018374978718172047
30930,-8.137319808727204,-8.580630813467597,4.9509185291573115,1.5427714719649785,387.75756127819653,0.5497647230177929,0.0001837848196389761
30931,-3.8977550451673313,-5.570515088912841,4.34862487623997,1.3375223257224367,325.59006515620126,0.2909661177001004,0.00018380643555645373
30932,-1.811967142380123,-11.803011749282684,3.7859889767619133,1.2828099047450354,314.5300477791187,0.5025640192390606,0.00018381766900872146
30933,-2.8503027263021483,-5.648516079296343,2.833662194444913,1.8441402489339558,467.888321489133,0.26675158501187735,0.00018382348527288452
30934,-0.763249291862067,-11.595931650529945,0.21880956545621497,0.8795015285116117,469.1461866607448,0.13119235392747175,0.00018382551147908574
30935,-1.005000532601878,-11.701049031396831,0.2154406160499252,1.0744786853223127,268.782135962615,0.8580226808854956,0.0001838399205241757
30936,-0.8738908715496656,-7.527872029626808,2.057236062888019,1.234423243012334,264.9326996014765,0.11405403427057959,0.00018385847046784105
30937,-5.35153533661285,-5.503782679837154,0.17102462981569772,1.2578283353182043,469.6114856352094,0.07615959997714317,0.00018386899101617666
30938,-0.31037079600962514,-8.752660724033852,0.7217994691669186,0.7827124942360887,171.899057283136,0.032123965216234396,0.00018388587336463843
30939,-9.494781715851932,-6.943993194669458,4.72602472821485,1.1370290426128817,260.8929790756762,0.98016468629943,0.0001839041500734396
30940,-0.22166268481410611,-7.332799912739686,2.4951523698380167,1.04405819079015,221.56345373491212,0.21551457583026412,0.00018394057393898174
30941,-3.9176809459939657,-5.342090344843579,3.859552761302357,2.0593768371828243,361.8321300182376,0.16096127204898814,0.000183963284057567
30942,-3.1107447581061463,-5.063796709346238,2.433644684008866,1.841244523044517,468.1243518509464,0.33873655928455726,0.00018398925010686018
30943,-0.6279467841366024,-10.931432828830413,3.8745782215737066,1.2946886347077817,273.55488648815106,0.20398759112441667,0.0001839940887379462
30944,-0.07028683175220252,-10.696799893568846,3.938725379177757,1.0393154304065337,275.91620363300035,1.8524808195595535,0.00018400540299090337
30945,-1.3190588505997773,-7.5669830360547525,1.9291790588739255,1.0584872427667438,276.9756638630205,1.4176499117543129,0.00018401582728295627
30946,-1.686406019772022,-11.48275942712143,3.8123411304240595,0.9243388041268188,187.6522133952056,0.2682993330500638,0.00018402103201575903
30947,-5.058939549931358,-5.078801843537934,4.5573649525589435,1.0003162164691954,242.46628134591379,0.7577358717607448,0.00018403182246856954
30948,-8.059652497551948,-11.251638862606544,1.9982307149658276,1.822258626880101,469.96331155880904,0.0033029073401689146,0.00018403554308714517
30949,-2.254549269526372,-11.038208036072703,4.051316092652853,2.8650864918116157,230.3742343640989,0.3844773687390761,0.00018404003698367045
30950,-3.9221085166009653,-5.254057375903035,3.6794669317243893,1.1381968181687083,292.4128191521222,1.0384943265112971,0.00018405823425188486
30951,-4.095887711949477,-6.05379604671633,0.6146323053514262,1.7655857645833284,379.06485267389525,0.6844785549465007,0.00018408202243725826
30952,-0.8718154325256364,-8.755252354094306,0.7217328184380113,1.8862534849872787,456.0508291222966,0.1349900537255957,0.00018408404088457705
30953,-1.827165078864482,-11.49862501264192,0.21104150117529752,1.6395869246196453,452.71011534017697,0.29394552601584945,0.0001841008851395243
30954,-0.8078374645027289,-7.264909346721093,2.6411495604810558,1.5839465173341527,370.62764341006374,0.2701676087089817,0.00018410168327701872
30955,-0.0217122661503506,-7.4874511569959585,1.9937861012833105,0.8285236453793159,468.40708352448763,0.2570604136982926,0.00018410704668324075
30956,-1.5999874118056745,-10.073493068445417,4.0226768952754615,1.1237404296912294,253.48344036999725,0.1893711639950606,0.00018412041278038663
30957,-2.034526479575086,-7.539367389512077,1.893131233796941,1.6692270977537453,467.90425222009134,0.6113676375640447,0.00018412121566063581
30958,-2.050633659379751,-7.629213196681406,1.7875560954081433,1.9408412882939379,397.3413214113337,1.7888116773000595,0.00018412164103314902
30959,-2.424247125576323,-7.541653037963534,3.6485464505810348,1.892028910179473,468.09701787519185,0.33068696569670575,0.0001841314248672799
30960,-2.642226693756129,-7.271473170988821,4.754154545585591,1.1494482721730799,293.88324076293407,0.8517896026817899,0.00018413173213642245
30961,-0.5808609629770345,-8.80733736974534,4.063042760110101,0.830832415398372,225.32249518653873,0.935120082402003,0.00018415054893556777
30962,-4.955881903472902,-10.921202687460779,4.899488013664623,0.924335379406186,189.08480920984607,0.8396260776421895,0.00018419258712790726
30963,-8.047748571826913,-10.893182206396764,1.30394411714658,1.4110732535234036,308.5831987475674,0.8129150183241789,0.00018422080540096486
30964,-0.736696123167194,-10.551690835951407,3.980916116924972,1.8585520355575893,468.04648509402426,0.1437990231019839,0.00018423340292496386
30965,-4.2224153488225955,-5.932769441647013,5.093865102699492,1.1224336445526932,228.7803916955313,0.5106932616877833,0.00018424895431659556
30966,-4.3335359962773845,-5.707916025987163,0.8619332266436538,1.2275936563614136,327.2114663925595,0.6599898314899706,0.00018428003442376532
30967,-7.8917579346691475,-10.945413617027583,3.1094523200577266,1.146461315117145,468.83139680698326,0.4663040817863946,0.00018428320580121384
30968,-0.49087362019136727,-8.006446450705882,3.652761144792705,0.9393423092187657,247.78034327532765,0.8706649843255017,0.00018428445627959917
30969,-1.4098023105684074,-11.902490313129938,0.21342380576967337,1.163874288744886,467.1784359389855,0.250867274546394,0.00018430484028818608
30970,-1.3368628553401223,-11.084544002931842,3.908344913097772,1.515306972122315,360.46148384368587,0.5364239880397816,0.0001843173998681539
30971,-0.6002916482323748,-7.550258516372449,1.8595061763649163,0.9836339065748194,259.66509248823087,1.0928109718698176,0.0001843186702084732
30972,-4.206946828501227,-5.2063352768330615,1.2428459686432995,1.6450315797628936,388.22114356478687,0.4121705328187044,0.00018433416839159375
30973,-0.5534897167429911,-7.27568575694022,2.2213859183923783,1.6184039841558069,375.3671323323521,0.01763974070540364,0.00018433720882636543
30974,-0.5451622769847457,-7.5267605254702294,1.9049295228352436,1.6784175963811552,392.6189198399808,0.15708048137391462,0.0001843616471002893
30975,-1.0103242494599662,-11.075912173408652,3.8538147859801,1.5281031065315303,346.9909860493234,0.06683486127100036,0.00018436614323163122
30976,-0.8742691017063269,-7.23533579708175,2.2965642003002893,1.1713842951499758,303.22220831295687,1.6228743769274372,0.00018437879792810672
30977,-3.1699238499438476,-5.591863910789783,3.9986210717138584,2.0234109001432423,406.8586410335071,1.83471348505243,0.00018438664660962344
30978,-1.935199317455675,-12.159809437973687,0.20220171962524178,3.6587547573896373,450.6880607753913,0.09813706683450185,0.00018439435544317253
30979,-0.7753899527980153,-7.215112659021712,2.3890065736986976,2.6158817326487855,465.82909334410454,1.4713682550733687,0.0001844272263843358
30980,-0.5726752556754473,-12.059852080551725,3.7616701568447777,1.3457001502530113,327.9210481666096,0.37482867549141563,0.00018444488814616626
30981,-9.68955344806315,-5.746109682471413,4.71024897119438,1.2604071392530483,311.6575032242108,0.5055462847440007,0.00018444686324310775
30982,-2.198653055209543,-7.305620349018442,2.5807054888478755,0.9443435080698707,254.11082084458639,1.4627416461288352,0.00018445358554810222
30983,-1.3387612702016458,-9.614641571288963,0.4166078606779518,0.8152652234735768,169.9528009241732,0.663239617670861,0.00018447763091197487
30984,-1.8213146892451313,-8.062189323203603,3.635358441170287,1.2245582720865444,307.63784156379205,0.6380020820872732,0.00018448009328286868
30985,-1.8683168341807175,-7.9338435447908005,3.580945018126181,0.8315247908614527,198.36532585664835,0.4594165618553916,0.00018448050161322117
30986,-1.3180902192678356,-11.100143542825181,3.8500469347633524,0.7118504996482744,145.66914502159563,0.08854849397824349,0.00018448085234567735
30987,-1.0859532238227612,-11.412958945578941,3.890285489815977,1.8628471885584823,459.07256742264127,0.6174716833592591,0.00018449022598019763
30988,-1.0482886790998904,-12.115212108388688,3.7575668953826558,1.311625745760457,311.5344456306502,1.4446333359157952,0.00018451384494346405
30989,-0.9799557738687099,-7.534776063006971,2.0547471387124565,1.8151352802206617,433.01312204207215,0.20058792677261028,0.00018452454350602636
30990,-0.20735528011641513,-7.674304591745334,3.309750267581833,2.0612859321152874,411.72607131355784,1.7890209282241303,0.0001845329110840866
30991,-2.1833942872533063,-9.893338470538893,4.094074062615701,0.8824942207790964,468.19397820406596,0.11032093796571019,0.00018453719118378647
30992,-2.158037085056046,-11.282695229482279,3.8288442391740447,1.6561675586064841,468.27816670812444,0.9337028813509844,0.00018454686674838834
30993,-1.6537072288106334,-9.892541577792835,0.3147596115131604,1.0542201044884205,467.17245945228075,0.764367831130917,0.00018457675321471859
30994,-2.4448300085663703,-7.182591111700166,3.2159555110933944,2.5837376907614393,465.3606426559274,2.2093127193294473,0.00018459621588500695
30995,-1.065178200268015,-9.961343959316768,0.34956030104490127,1.1268851552501484,467.4179327862998,0.6696814291897093,0.00018463714805078864
30996,-0.8801450495005056,-11.629778250181248,3.7937144292933738,1.7732166702012366,380.05296891797894,0.7045392023846695,0.00018464071598565712
30997,-7.3245774572224835,-9.63095363961499,4.970920783590209,1.5190345117183681,342.0548900957055,1.090088041830188,0.00018465284254316937
30998,-0.20428224726795285,-11.568045161004912,0.22313521411726311,3.608698475040549,241.28174067606457,0.38608509752490505,0.00018465462909702962
30999,-0.9323050653490199,-12.562072146480043,0.2094570875724012,0.8657412409304789,202.19042663520477,0.24739877100329988,0.00018466236340464726
31000,-7.841391172752985,-12.853849266632533,2.7844877525899503,1.0114572097808976,273.72613394324094,1.742071922550851,0.00018469751665162022
31001,-2.9617350994766447,-6.155753975628722,0.7016114672599318,1.4633674201243991,335.4220743901725,0.0401701842442419,0.00018471084011630618
31002,-0.8549687351197672,-10.34313769975443,0.29160786281796097,1.610104200210574,362.56606219926505,0.9364285671114851,0.0001847187662689404
31003,-0.9163047899558201,-11.786452909026377,0.20679863206880358,1.3163231239747568,235.01884840681626,0.04087270478057903,0.00018472700330391287
31004,-2.191981258547533,-12.301577176408305,3.833516298244641,1.0440066087447277,281.5665445920239,1.0495906818850997,0.00018473023385206713
31005,-1.9343632832876096,-11.934991359466004,3.767372962156119,1.8511436517454654,470.0953931711943,0.1871069589614871,0.00018475638357135944
31006,-1.6652649789114733,-11.761107755636901,3.7810712707601124,1.6260967034581704,204.255816905653,0.12811660412291825,0.00018476102781746773
31007,-7.420593593123256,-10.557888562277276,4.219737257260704,1.1814519368312262,354.9311059305714,0.31383724485382114,0.00018476162949785337
31008,-3.568733405060266,-6.5208808445523365,0.3061782901241489,0.9608546310147117,268.90234497608924,0.797906911534513,0.000184790739722632
31009,-0.7247423249786031,-11.93610587009095,3.766616330351643,1.1309780456170218,292.1222727718842,0.8214332729879095,0.0001848282556155254
31010,-1.5058603097313394,-11.113202384047426,3.90939684247784,1.0692884020438322,468.096818144747,0.7289102651842834,0.00018482888222747442
31011,-2.2222665821447087,-7.347558675006388,2.386172948112054,0.9290504842974294,190.6377845826531,0.9004367660250727,0.00018484737850744135
31012,-1.229124377543764,-7.513378983039144,2.9789040364547965,1.0625614192991857,162.64144225526604,0.19436648239807663,0.00018486216760398223
31013,-2.4423126692002315,-7.887729606872344,4.1980583056794085,1.2458334881858801,273.93892372079284,0.20156007526567787,0.00018487505113593046
31014,-2.056094940575819,-7.707389231463863,1.6475265741669565,0.6628870134318651,205.01332739123467,0.5342154591524961,0.00018491120594944132
31015,-0.9930810708199544,-7.8235539559723675,3.405537946346603,2.9428984101383127,489.39733355002295,0.9333502646702811,0.00018491170469106156
31016,-0.7054008495436488,-7.446368052148067,2.9955236493013975,1.2194437980647934,153.63667771857072,0.21529180858523045,0.00018491828956653607
31017,-0.06581957793245152,-10.82364738174072,3.925213492713994,1.679751985126072,468.2949183659236,0.540464975228879,0.00018492508463057822
31018,-2.2140387893110507,-7.583427620986894,1.8207266484490174,1.1012053768821428,218.11191479352772,0.03070683018752618,0.00018492738880903595
31019,-3.9085119992141912,-5.673499109392675,0.9115213600326093,1.070310911096458,294.71181170233916,0.25646226618336687,0.00018495324354656423
31020,-1.7248227077648686,-8.661833730740742,0.7462097611904542,3.958039225645118,563.7102175681405,0.7858094142862582,0.00018496866623651364
31021,-1.9252329847511422,-8.648262848203206,4.001092345343144,0.8889899165853876,245.65679867928955,1.1445477355691382,0.000184985970859066
31022,-0.8913078049404071,-8.110475785799363,3.7321432537030232,0.9990447850024623,302.1295006037105,0.07916233855506594,0.00018501307476676769
31023,-1.0812316959465882,-11.9298767754729,0.21420425317682715,1.5020412280514035,343.24450649359665,0.5643236419358981,0.0001850523506100087
31024,-2.1064581102424143,-9.19024255439772,4.102391192530076,1.6205119190038186,348.48150855045657,0.36160129120170215,0.0001850722109774346
31025,-5.219257871740287,-5.254474121930363,4.849264420991179,1.7744732016469722,419.33412421897106,0.1820276416575446,0.0001850841999082207
31026,-9.469239511533775,-7.057046529414397,1.399525112465181,2.5495482423185574,462.1800996280849,2.177611311487304,0.0001851020188500046
31027,-3.0855317154407427,-12.358924800487493,4.7699374401956485,1.7864403099780461,468.3189971542816,0.43231070022234963,0.00018510236901393974
31028,-1.130206600999399,-7.3564729933513435,2.2804659730814554,1.1208526866679047,149.78587972538074,0.2495495808910242,0.0001851057498089781
31029,-3.8010610995610596,-5.957130959416999,0.708452513585474,1.619524378682818,377.11742203080615,0.36329010813089546,0.00018510741615946068
31030,-6.381729861228272,-12.54507265843779,4.56186947802672,0.9062724601599539,467.5767197677042,0.2732375668027549,0.00018511442997059293
31031,-0.31622787402843144,-7.643695085132342,1.8208768711795795,1.2686466200140132,282.97055716889923,0.2971102138681818,0.00018513377671286617
31032,-2.6453622931589305,-6.3257829969194015,1.4233736579840717,1.3935366076844038,314.5292976561053,0.2667244706536591,0.000185137806033121
31033,-1.2440275835922527,-9.88663241002861,0.33913558203029537,1.787293910875549,468.16667268331855,0.4423048789192707,0.00018513865320506355
31034,-0.10215812098743626,-12.567014123578804,0.21496704838065714,0.9885091988270915,274.2730164113744,1.287511582964263,0.0001851389469233376
31035,-2.2462589671721442,-8.558762793202515,3.936639464765225,1.9270326559461424,394.2150323771944,1.5579758214340513,0.00018513960345020624
31036,-1.6563148877586773,-12.086533498523927,3.753766359633001,2.4947556138380493,457.342090559449,2.273845047098958,0.0001851423501291726
31037,-2.0301828816078675,-8.213174160417202,3.7710335042105143,0.8725294644748323,213.15342392338044,0.08548868338456916,0.00018514914695862603
31038,-4.3774284132726,-5.374519117501082,4.225133775248273,0.8631928882633924,198.65224459166785,0.041480056949565025,0.00018515378352846384
31039,-1.9777397101778948,-8.33389790240545,3.8408622411768465,1.1637315154075583,214.94069408623787,0.06210917026518459,0.00018515591556618336
31040,-3.7900279978906983,-6.371970850802045,0.4146774123551861,0.823035983686397,222.86407365529314,0.45999225989002124,0.00018515656797402628
31041,-7.2804963487837995,-12.409909693844632,3.965886847667565,1.6795867779913949,363.74103971497374,0.9339766853409932,0.00018516049028216501
31042,-0.44998498514509144,-11.268214540940557,3.8245464605120008,0.7483236166085729,174.76534357680083,0.08747099982753337,0.00018517652846805833
31043,-2.3365188520106344,-7.322937856074895,2.4471096341760825,1.6833333861782431,468.3675052710924,0.14359433579396086,0.00018521411745171261
31044,-1.1130921791091914,-8.955121560952982,0.635279124789521,2.2487338674224273,432.8032437771232,2.1427782379828395,0.00018522132566422197
31045,-5.20125749795909,-5.603328185236099,0.3477267172825705,1.6162725805621057,374.76299437233666,0.7806226188112477,0.00018523301084879634
31046,-9.818982277755575,-7.275112448020175,1.9682135499103028,0.8443506193761481,162.36575432783854,0.3916958634671497,0.00018527304311249425
31047,-0.6381798001592447,-8.743450707890695,0.7394351681284143,0.7780067924350977,217.9154680785715,0.737972087040462,0.0001852777794521673
31048,-1.8059740325291411,-12.101952025252636,3.7515051430366015,2.840123992924678,471.6085655133925,0.5971170746407592,0.00018528959404998297
31049,-2.2707670916710763,-10.612910102336068,0.27257570170822837,0.7617329405259449,221.19890763792188,1.3539233642922364,0.0001853025625273627
31050,-1.935522357113145,-7.866566914053176,1.3057234460897047,1.681848278384381,394.99295500033855,0.47176060105281614,0.00018533952200889522
31051,-1.3457590685688725,-7.965562518105775,1.3580956454437878,2.6513387605224943,466.6910865649493,1.222244655930214,0.00018535246263389374
31052,-1.3643113587890792,-7.606729205879071,1.7666582037215404,0.919512423265559,251.78180991284032,0.7214375408581821,0.0001853574757618896
31053,-1.1709156784675905,-8.64951199861406,3.975059986952676,1.6613273948829737,392.0761651091495,0.49888238545523933,0.00018535810019467265
31054,-2.991031729014942,-5.50366787102415,1.312634313751603,0.8846852142238146,224.6316532235409,0.896304131102375,0.00018536823920110322
31055,-3.585589890028827,-5.457138742025747,4.044749748484393,1.2568591864656335,277.7524229441506,0.7357577792973844,0.00018539089209764392
31056,-1.7826293688689816,-10.700907606384035,3.923005726778729,3.0403919663761823,503.49224309425443,1.7342416537065883,0.00018542583126021197
31057,-7.972983577925669,-11.952693668408909,2.2955165802715154,0.9788720677404773,265.7460243340407,1.1353596592710096,0.00018543977591326782
31058,-4.6041652479907125,-12.887363768714279,4.570475229407765,1.7514710965051954,376.40608625206244,1.8190469907320397,0.00018544497073745976
31059,-1.3717716462826157,-9.138088888540937,0.5290143196173938,1.5681214342862577,364.32619864798,0.44165002152392585,0.0001854471517444096
31060,-0.2123178148140017,-12.723151578045824,3.724720177726602,1.2000611745697638,303.32211009000156,0.765451827999839,0.00018545581592000336
31061,-0.9981469097489253,-8.654215510643212,3.9757568739775753,0.9341022059859533,239.779845081132,1.402672417186312,0.0001854639849301395
31062,-2.0126747397821365,-7.324081914515846,2.686772256115314,2.403173167384144,443.6496150292375,1.2843484868648272,0.0001854742824712909
31063,-6.314540939258807,-11.37124285420861,4.7406399514967905,1.0445689293333378,468.00952711680526,0.3724412777869537,0.00018551100188274292
31064,-0.23196286564456337,-11.099842857833437,0.25198739354171007,0.8206399585386529,165.29609567184406,0.006058188963394606,0.00018551685313168025
31065,-1.562185827646008,-11.504334687990067,3.797606260172679,0.7799355747834525,378.2904175559122,0.21903118623394224,0.0001855249755997749
31066,-0.8568557610302712,-7.789176828154624,1.5720139302853686,1.1435309563268332,284.795041920815,1.4107476711249083,0.00018552906570854508
31067,-0.9104812893505656,-10.599272211474858,3.929704158366866,1.4213770436818678,343.0766264166363,0.5386737121622671,0.00018553186220621602
31068,-1.3296683878502318,-7.885577407880559,1.4208040258275654,0.9428127323831574,467.53043520507936,0.6674038659577253,0.0001855445701434379
31069,-0.6807155555855786,-7.642545354007322,1.7762950483115303,1.618080511315686,468.6024962539461,0.18586358624170618,0.0001855472205446965
31070,-8.729926492389936,-8.800257643335232,3.0521971859788897,1.3349146471735707,467.72011787927534,0.6037024312740238,0.00018556517371327697
31071,-1.844632422399762,-11.621271211805784,0.21712563938222115,1.5912708492175458,366.92754196493337,0.23022826137754393,0.00018556873877562002
31072,-0.21944119947196938,-7.882307167401167,1.4109238552148609,1.0129638306415845,292.2435663502207,0.5561512166967288,0.00018556916837719355
31073,-0.9212386791053788,-11.972830974892407,3.757363194828949,0.5932895095492535,124.46741981564585,0.6863118878291363,0.00018558452479114384
31074,-1.8751518594239265,-10.289219443277162,0.2962801815914721,0.7189304073897559,237.09092027864003,0.38767239338447723,0.0001855845259400122
31075,-0.1313111173274475,-7.382134361777144,2.7974169277052234,1.7470980192332852,427.72651320355965,0.8584781763092755,0.0001855888528200748
31076,-2.1882028388163643,-10.303579049029752,3.99267567162611,2.487300665828573,452.07708521416174,1.3369618676236916,0.00018560708703073772
31077,-2.284892526827048,-10.702208744957286,0.2694350526972236,1.8035853439188458,431.7219785954688,0.8426404135257775,0.00018563126940401804
31078,-1.576404247094091,-8.247525477792646,1.062894253774966,1.3515218075715751,318.0785739256026,1.0891562764284952,0.00018563740758916869
31079,-5.599042443869261,-5.220794278236095,0.051797234179059314,1.6024849510100827,459.4855893762834,0.4891470315621609,0.0001856436819675404
31080,-2.2595331153078657,-7.547262245721229,1.908592216698841,0.9584677919049478,249.00238271874593,1.5686270636491324,0.00018564561159244595
31081,-0.6261198866594029,-10.970876260929577,3.856371926643447,1.39948436304324,468.2665600657917,0.3091592498153286,0.00018565082589749125
31082,-4.246409266834763,-11.110034270023455,4.821522678206844,1.72236403858312,407.2705233394587,0.6029658778624007,0.00018565260455836278
31083,-0.5603541859311463,-11.000475743381909,3.8965787658563156,1.1159874362009274,466.9601027274716,0.6181351649599103,0.00018566186014922157
31084,-4.322855871383295,-6.701094187464531,0.11007264232020074,1.420616738937218,331.0677364446571,0.31181820498561574,0.0001856919934506959
31085,-8.610139410469376,-9.231342034879164,1.504507914309318,4.630605144766378,604.7337046190778,0.7580080445856305,0.00018569602774761254
31086,-3.745549126242108,-5.842885535607993,4.8239133299478825,3.238033191269893,517.2731421252051,1.3008003381113022,0.00018570440291929127
31087,-0.6104552062887016,-10.477428770295289,3.954515112791045,14.900500999504843,744.2530776897713,0.14387557134886286,0.00018571340294186873
31088,-1.5952020824048088,-8.828320780426276,4.056163980064242,0.9679043983871439,193.16262541052535,0.3627849044377598,0.00018572855156614388
31089,-0.9595389920561423,-8.600425864628582,0.7812060198612961,0.7321598020693257,132.21274303915362,0.2957686909117099,0.00018573191367227227
31090,-2.066163975532655,-7.613313759824234,1.93782725592772,2.293308134305437,428.7325892655417,1.0107686545494872,0.00018575253279260208
31091,-1.5315373099752474,-12.284293259812898,3.7467508570261896,1.3637472972666171,321.8569611047368,0.28899098261752076,0.00018575349945874705
31092,-0.3586533716024398,-8.76043186353095,4.040748626676869,1.2087074184266435,237.8527000724161,0.047395600081736156,0.00018575483452939855
31093,-9.746081193215522,-6.6862998175430945,4.489008100988605,1.0642360247453313,282.66286746649627,1.468483577527289,0.00018575640393631048
31094,-1.0321958615861657,-7.970711183402583,1.2141738565350417,3.1370668756326423,218.2289041808552,0.2887452531461756,0.00018577029252785863
31095,-0.7197799998228867,-8.818991606170002,4.053799055250405,1.1160701864606228,467.50572490498166,0.6852024561604058,0.0001857890669400441
31096,-1.1473335366122779,-9.018592205409002,4.085162352389942,1.3053440256191329,254.49625624223705,0.025127341558415672,0.0001857926588853536
31097,-0.8917581118824778,-9.963592199513613,0.34652354034222765,1.6064540069661828,370.7141298021718,0.782339343687263,0.0001857933339027741
31098,-3.234004896033702,-5.251164117469866,3.5649440834125197,0.7971539786281979,207.77352389774904,0.3075432182741009,0.00018580951883706402
31099,-0.3221515827363781,-7.803034554034579,1.615361883757831,1.832046388216864,448.68508434022004,0.12735611090679555,0.00018582234729228134
31100,-1.1141298897386616,-8.576415375668498,0.8272580715819833,0.9262025456360093,468.2120093269133,0.817059413726474,0.00018582620723422118
31101,-2.4164821233764977,-7.798122956448859,0.5218608935261176,1.8646346480205236,447.0686054210176,0.37752009850037194,0.00018584051121389475
31102,-1.4256081881997105,-9.249315949587844,0.5036592026465184,1.2576912078032434,269.7459104492349,0.43856834741594586,0.00018586037139012412
31103,-1.0325247025051567,-7.586870076043665,1.890324960928134,0.8388985795970572,190.07228623002004,0.39117935204925836,0.00018586828218475584
31104,-1.5365586175025925,-7.5068432671020195,3.0731081838153673,1.6574817391967696,389.5662208189399,0.3187954372510484,0.0001858747289912944
31105,-0.15296505091110646,-7.469674692021868,2.075727301749901,0.5724579189298544,134.23356821831769,0.20052052859706482,0.00018587904805068034
31106,-0.036081059394129866,-7.7240161968482335,3.345963141051042,1.082346911154167,468.03760109627655,0.8344223461092062,0.00018591440839825656
31107,-2.4245500044601345,-7.342593575741521,0.785146559931336,1.7443606673157146,412.302997341221,0.6134556922725318,0.0001859432411168595
31108,-4.878518689931419,-6.429776814188156,0.1045823264385874,0.9908094495560906,260.0036415490311,0.46761826698867637,0.0001859442618592341
31109,-0.7745475342227728,-8.275708919791771,1.0180824127812969,7.180404450334934,710.956730244708,0.3435773760617229,0.0001859450499174088
31110,-0.3005985185575337,-7.565406264380019,2.061968153453157,2.969627646006746,497.7527705275728,1.768942324500201,0.00018597102709035527
31111,-4.717037943574471,-5.112227632911139,0.9086968286258013,1.7517913277772985,467.87678470587355,0.37852371288999986,0.00018600186487167402
31112,-2.2275381295726406,-7.336402196719954,2.668012612295343,1.0776246273582344,215.57940638719492,0.92929607148898,0.0001860153003190573
31113,-2.94077808576088,-5.4650036513797,2.748970547611331,1.296051051534285,285.9456246342792,0.17407594889496014,0.0001860367230085826
31114,-1.1160365460211263,-7.894787146790259,3.52930008401604,1.1700329484493652,469.86455813738513,0.23758469330359855,0.00018604130124594056
31115,-2.9749220436782,-5.3148626179243355,2.2586129817291813,1.7957245120536318,453.89903544155396,0.5404620719946704,0.00018604223884723738
31116,-0.287412809576999,-10.994498521574354,0.25323798233349454,1.585060525967691,376.24388773879565,0.17153176109856005,0.00018604948457740254
31117,-3.757216017921926,-5.417712141729184,1.2489499852954866,1.2990202093953453,274.554800134708,0.6060671679614247,0.00018605704728659984
31118,-9.069595279654797,-5.63851173888503,0.4714173286223282,0.9953774698647444,198.22548770662516,0.6822660466512813,0.00018606091759080127
31119,-0.24062271880526254,-7.411180517124824,2.7319320785377235,1.3198720117148333,323.6922295935134,0.4047515449112611,0.00018608688742939214
31120,-0.01381283457206095,-10.951064862651503,3.9004300642934058,0.9994459013135628,263.52825899217174,0.8388776675676235,0.00018609340878051066
31121,-1.0267245736505188,-11.227516537498483,3.880495319485569,0.993896838163289,262.7845893127375,0.9676366861735142,0.00018609362704352845
31122,-9.606488993505184,-6.509399478804039,4.780364786728173,1.389431590035088,304.7250483082291,0.009836774997520337,0.00018609391304553655
31123,-0.5498307774870366,-10.541931894095786,0.306508798573609,1.783255353028998,421.9186825510154,0.12550170390595294,0.00018610436744890925
31124,-0.29100328062643577,-9.852937058688656,4.0629620194846465,4.860874940303615,555.8295453525054,0.14442764030885158,0.00018610564240359627
31125,-1.2502537861875105,-11.788909193164143,3.7664805951744667,2.0344152420701915,402.0848061370803,1.117950830485671,0.00018610598652910336
31126,-4.213048714736349,-5.430991689625457,4.258199117733253,0.8102568883829764,400.1554538026523,0.2665264150374087,0.00018610606598122456
31127,-9.601470132475773,-6.198567457007578,4.845283516165918,1.6539674178621881,468.6776339045276,0.22450608169873032,0.00018610674151549705
31128,-0.2861025044908203,-8.820253791320454,4.051773752537851,1.5922298293200081,355.6495939951118,1.9489672647889078,0.00018611029132227676
31129,-0.10151561581423607,-7.367805533034192,2.703127690345448,0.6888903852335372,143.3504374925411,0.11602657031912234,0.0001861131094865562
31130,-2.382184143198539,-8.11103864524324,4.090656964030252,0.8968335288803384,185.20409298614484,0.8524013070756284,0.00018614544964545076
31131,-3.504884330791511,-6.33207953259845,0.4653814025795434,1.8534977077020949,468.1027266081785,0.7323629971812329,0.00018614985596852225
31132,-2.153221417174043,-7.278958652919271,2.3319911455423843,1.8638353045702825,468.39046019889923,0.5657487997892954,0.00018615669578529042
31133,-9.486675383330573,-7.1276337028757375,4.570437369365194,1.5430644150834654,468.04294895306833,0.38331700688934944,0.0001861705394703922
31134,-1.333252495623947,-7.721750301865214,1.6951187783996018,1.8159190186032022,468.288163915816,0.800699602410746,0.0001861763823927873
31135,-4.9389871384956745,-5.422473937521689,0.6242233379972798,2.7536671613968826,475.4967763580886,1.0882832106546232,0.00018618485980139213
31136,-1.3663749794572784,-10.967913910875273,3.9013790507763475,1.0097944129687952,267.46879126911085,0.4485488499805186,0.0001862378131538593
31137,-4.220722914327134,-5.788267438484299,4.832163868562687,3.6216674938314477,544.8952675390046,1.1799636728944165,0.00018625692421418613
31138,-0.26985615358002235,-7.574863035545789,2.0705585013286103,1.5945448421495527,355.5855103413371,1.9202274348452253,0.00018625884176147437
31139,-1.696657132327866,-7.904675623582845,1.4134844198176961,1.096331392902585,467.61806309885606,0.5692226718669477,0.0001862754439622936
31140,-4.089227100923283,-6.195322303863014,0.5071799527343026,1.0631925589651412,280.2020062302995,1.1855848998397809,0.00018628279082685272
31141,-0.23184780869543076,-10.073607930957845,4.00847988229254,0.9617126955399287,208.36445055160647,0.04910304064675941,0.00018629836205755668
31142,-0.8607121921859253,-12.235021238517204,3.7434750797891194,3.230415837024266,516.1777454144661,1.2272905488998616,0.0001863203610997254
31143,-0.009029201151529165,-9.81047147370774,0.3849394914630509,1.505688750645776,338.01686707578034,0.8875134340226145,0.0001863231812561637
31144,-3.8504575367789853,-5.499409063457525,1.1362321496453764,1.0522343796450524,214.71302288631315,0.18242636957184377,0.00018632907930419155
31145,-1.314072453367988,-7.389254086557399,2.85855422320926,1.141070860274887,467.7492694855597,0.22594011860706242,0.00018637652574270532
31146,-9.687161448910087,-5.190683000581368,4.67677267632557,2.3710435592320986,444.3884290680677,2.0216881808779776,0.00018638733016733137
31147,-0.8680746417488212,-10.936569963095673,3.9038728093883437,1.134190227537416,298.1016311692039,0.6826988632156104,0.00018638837412941897
31148,-0.5023475400126927,-11.286944688121622,3.8124503371314473,1.7820191699422128,462.6699093330961,0.138972132091566,0.00018639868390327242
31149,-3.755262723774222,-11.62473999280038,4.688126838017109,0.7281466334953426,467.2302727697876,0.5080363297784709,0.0001863990856040286
31150,-0.24195640798756024,-9.863947803652726,4.059698051040229,1.7144621983545796,408.1416972121117,0.4255556251862931,0.00018641177231695167
31151,-0.3411896616578485,-8.729026784597263,4.009980470247343,1.3872431707363548,332.30947471607146,0.529536561643142,0.0001864158396154539
31152,-1.0584608561837978,-11.562021195796504,3.7838899350255666,1.793649367037871,375.10164261809626,1.208822852017276,0.00018642912950236462
31153,-1.701774062552337,-11.379497979272235,3.8023574894639127,1.0220280940654076,251.2668438293936,1.140915942874563,0.00018643515545816545
31154,-1.594568750820498,-7.895555276783348,1.4876243600793793,1.8169578893765341,370.90659623840315,0.40595334853159404,0.00018643794679687028
31155,-8.206000346701462,-10.28460417308013,1.0708480941294276,0.9359459449680804,468.0063819666587,0.8839959065170353,0.00018644629223821922
31156,-6.611937947563835,-11.575616973901452,4.60458287592634,0.8072322026092312,198.30954133542167,0.3048411970030882,0.00018646400159538776
31157,-1.3111714267407653,-9.916948491780877,4.053418411936437,1.4876206441300286,338.72782418631726,0.4411875959998861,0.00018646892408840691
31158,-7.363247780648008,-9.384786631053688,5.156167840934286,2.8072992061358653,484.52420814604585,1.9093449237621725,0.00018649660707132845
31159,-0.10751208784725286,-7.25472889358604,2.423877846950327,1.0854643302331515,466.28550319884755,0.08690754211941165,0.0001865202329108253
31160,-1.3825255808498742,-11.293097963928975,0.24190797615109597,0.9338606059007244,468.52210256188374,0.5018782645267494,0.00018653776164965743
31161,-0.3116102494069892,-7.346691904743704,2.587395787186895,1.8752405036083313,469.0698564728453,0.013233929410803924,0.00018654060051720347
31162,-0.1210605951309347,-10.356072328349086,3.9647118252515066,2.4167661267743634,441.64892448594804,0.3377555032623434,0.00018654749553231176
31163,-0.17132159669833769,-7.281638348968845,2.5287674359962344,1.86698254385494,468.6161420181772,0.4585211169077139,0.00018656645181334129
31164,-0.8988205294273062,-7.954199748748213,3.575874979587773,0.8794822392691679,449.3845379705148,0.8058547193006698,0.00018657598569269372
31165,-6.080230586848854,-10.444691362643825,5.1034501661322285,1.7522997533745137,412.05117505768936,0.006944226865429393,0.00018657735732508863
31166,-1.927457462334237,-7.674036212219145,1.8188372474499437,2.137349409547229,419.19181898030064,1.7696416197393878,0.0001865785695383788
31167,-1.3308412898220006,-10.921089715085365,3.9042379682170933,1.0896834437991103,467.78306754099617,0.4438551954678047,0.0001865790189530134
31168,-1.7955834106505524,-7.523960679815918,3.0795811984472206,1.926956514573057,268.6124058307692,0.5121139728852357,0.0001865806316779473
31169,-0.01525906031795543,-8.43587600924743,3.908826745382242,2.3827300095019526,444.16658368495064,1.6790497964603093,0.0001866094907964375
31170,-2.8313400537196154,-5.796281949992422,1.9439181361890685,5.0793456513612405,624.8484839365589,0.46435590629430656,0.00018661068860313052
31171,-9.1937441309052,-7.626278481073251,4.424232847480903,0.8427716449233281,239.55388146849663,1.4741999496301679,0.00018662554731932555
31172,-7.474540719168059,-11.405324814311768,3.839204484196038,1.7638110915690326,432.1889850298896,0.7334199640318344,0.00018665173138963267
31173,-0.9375584307617508,-7.334760778846491,2.2571201082809185,1.4628497610650761,333.6280170668582,0.3070802165170887,0.0001866524509837355
31174,-1.6791685041688673,-8.73863807753034,4.010679884286294,1.7510329258881643,415.49791992008306,0.33051164664411914,0.00018666508131851152
31175,-5.129841265702745,-5.210188587018636,4.7385897833316015,1.1461430440608442,233.08636713377211,0.008702568896059582,0.0001866908795609431
31176,-4.127613888913246,-5.001235649158048,3.601222312126484,1.360014853863156,317.16148492931893,1.299117882919889,0.00018670121490519377
31177,-7.3894057149754895,-11.545116060868782,3.9375026509259996,5.51610426298565,647.134105822658,0.45566371884835366,0.00018670141104534937
31178,-1.7581018200973269,-8.668564308244054,3.970953984741171,0.9758276324288999,198.0716064140637,0.7724003681665161,0.00018670371299635822
31179,-0.027596773006122177,-11.373416711606723,0.26035393944472773,0.9009680975845807,467.6410664294105,0.45805677147353396,0.0001867165692701514
31180,-0.845707153441392,-7.654306815319596,1.750286022670715,1.2708791228989067,273.4973786016786,0.15579519445445467,0.00018672488832541243
31181,-3.722138183580065,-5.04369363009597,1.72334567666268,0.7256317709079456,146.03073372023744,0.9299195747119606,0.00018674670908838299
31182,-2.049406638651555,-7.5522175554355835,3.097049782646656,3.6434065601767216,536.7188199185972,0.5738272951418173,0.00018675944270760527
31183,-0.5742573919555269,-12.960011516394387,3.740687634794923,1.9650362714015288,387.31003351522224,0.5675219813568448,0.00018677171601276822
31184,-0.7355061441286743,-7.273065186584383,2.3071094681581443,0.9638390247226449,467.89540546823963,0.8933898543048011,0.00018677754050194884
31185,-0.6230974015550768,-12.465571168479956,0.22613876141238787,0.9079248953878539,252.4329673665203,1.4315104703728379,0.00018678879566188904
31186,-1.7086450859872464,-8.96174124209356,4.07128054847826,1.8520701827527424,442.78576959864813,0.5720658144170168,0.0001867909139239496
31187,-1.7391371826815636,-8.270143942429849,1.007587063282546,1.5603804510545742,468.1196416589945,0.17451519476475497,0.00018680626547936514
31188,-0.9415596844475722,-8.14787937581388,1.0910497435131936,1.8996242044132938,350.5258014843316,0.15972153678510725,0.00018683569306746602
31189,-0.7303442633658843,-11.09915459589342,0.2533839254222165,2.1123817279029593,415.5348794272266,1.5534949667297147,0.00018684379782854627
31190,-0.8629498108444338,-12.096625838308544,3.7479117549377734,1.588337570287199,468.46418849174546,0.539141960677858,0.0001868440774515694
31191,-4.278044558260689,-5.113618164804766,1.5634621527764725,0.5172261871606502,115.88894216765078,0.928806672811338,0.00018691988255243572
31192,-1.9122755622625078,-11.240067515162492,3.8133141066115708,1.8865092010898685,463.21438480934285,0.15837046511214137,0.0001869278265726101
31193,-2.306571259498459,-7.4401241434332075,2.9504831818452595,2.2165087513113497,401.67414326002597,0.39497198465691774,0.00018696089491014811
31194,-0.5535826810160209,-8.658406117666406,3.965827772531777,1.2483574723100377,234.55598860822394,0.01851056874448176,0.00018696212375619666
31195,-4.362676722215387,-6.112408761390816,0.5049610887723855,0.9861785903019396,469.88353198509157,0.0691053456698203,0.00018698463714972223
31196,-5.2028149149142155,-5.501195940039746,5.044805248970449,1.5884044731617915,364.36148515940187,0.48526215865399625,0.000186994846742913
31197,-0.4670884918876901,-10.015226442427167,4.030785996144599,1.0832241916749612,239.43644058688722,0.053940218914662275,0.0001870067114060021
31198,-3.230323804353575,-5.987452118917438,0.8642238079692931,0.8362093916447604,236.83884628666047,1.130619609706268,0.00018701660354131317
31199,-0.9933932772888188,-7.5710960233113855,3.1174094614479824,2.1908506289179286,425.96456736597105,1.966068390124442,0.00018704295505673468
31200,-8.857662164499718,-7.64909370322666,0.4844023142020409,0.9000948081636478,182.18976396599675,0.20615129174839808,0.00018705646039982808
31201,-3.347357539629286,-5.470246344767363,1.4505685202614178,0.9820717290687936,233.45773360390788,0.41069548912915277,0.00018706096579468935
31202,-6.535475872579345,-11.334983001332217,4.6847989845548454,1.706934854870894,361.7251993080976,1.0238776970769337,0.00018708606131117057
31203,-2.379070427249265,-8.496407569174474,4.301803015956653,1.4631942151083859,328.25708987574683,0.01484245135090223,0.00018711043526247625
31204,-1.7849661072878504,-10.730140054884568,0.22848060836515893,6.104356228010307,337.7318494095335,0.26106283694430577,0.00018711590639474863
31205,-0.9201678689539001,-11.217233675124747,3.8142990086949835,1.8962551171053235,467.8098871285844,0.2444619271574071,0.00018711718217564788
31206,-1.7295639557474551,-7.5272351377640545,1.9803724926363626,1.0576588764858768,281.98819335124426,0.6438417356784862,0.00018714628413802223
31207,-0.6782702773229516,-7.7363316298759965,1.7094095744935278,1.8071858333790265,467.652965194696,0.618429351930339,0.00018717332015731717
31208,-0.7549248862009339,-11.615100511454113,3.771310742248324,1.646097212490996,433.79833148320307,0.20495234973183596,0.00018725711601889737
31209,-0.8566293712744439,-7.903363353970092,1.4404113478149994,1.7942247707684011,425.95883831792224,0.5220039097012679,0.0001872682320473994
31210,-1.266077684724591,-12.406566015083385,0.2288813142446122,4.43858591551774,587.8116885194212,0.48192573656070703,0.00018728493390912448
31211,-0.3329929018067066,-12.080046906804622,3.744799620872302,0.86691475944053,468.0909367378375,0.6869019556663067,0.00018729179795551527
31212,-0.8891085800068037,-8.124859812478268,3.697852782618732,2.992319460498646,499.3778262257801,1.6688298424512702,0.00018730108764203397
31213,-7.2477358639801786,-11.27006083738239,4.1837636821695,0.6578605274431903,466.61107611723753,0.4385606077109907,0.0001873042275122358
31214,-0.45221431357685127,-7.320277955037739,2.658608245132326,1.817464231765814,433.070198875835,0.23325035734461697,0.0001873092565468693
31215,-3.4609108828504045,-5.845073306199211,4.6945970995974875,0.6980073572007455,196.84079792828618,0.37145954990293806,0.00018732946381336306
31216,-0.987235207121266,-9.684727458401648,4.071200621515062,1.8126677426647024,468.25134747883743,0.7661534867606283,0.0001873351779846382
31217,-1.8688050371518887,-8.63196222824966,3.9905475535917674,2.2754859417439226,210.12365408733731,0.2870104410050782,0.00018735285675097583
31218,-0.5836665972066033,-9.812304692261764,4.058709044864871,1.4148898567738257,319.26294129880773,0.04206640491443636,0.0001873690214755352
31219,-2.366299533131052,-8.982878638751927,4.52747918913175,1.5735136835043766,469.5564453830668,0.2109309067158227,0.0001873719615070587
31220,-7.362866486514683,-10.10801769278723,4.547190206455408,1.1931554874653287,305.3253768656177,1.604812247894638,0.00018738424210675074
31221,-2.1206556333871953,-9.640351214635784,4.074389664735233,1.8258003589900895,436.67305494480945,0.514000935747629,0.00018738584068290663
31222,-5.393837993378302,-12.774449307534262,4.599472323948332,1.6941670813758172,400.146528639044,0.6286292570608429,0.0001873867400404649
31223,-0.30715696919759594,-7.980098220616587,3.589152217863477,2.6803020765168504,223.54407140354,0.27276913948209813,0.00018739470450879184
31224,-3.2866767135892623,-5.027890427409692,3.0518609684628943,1.3401138405384199,319.1975800640969,1.4816426075153712,0.00018739612085380864
31225,-2.950114140366635,-6.084584062923043,4.191504794794422,1.0896827034121952,276.95866909895943,1.4607728049093973,0.00018743427279730912
31226,-0.39022548962155135,-7.630275760511274,1.9753721882211335,1.7738800323429529,425.05431390690654,0.6011252635563586,0.0001874377606569262
31227,-5.162127278934394,-12.259560888344842,4.633877786294042,1.2550654180019254,217.5525203929682,0.08424882926102573,0.00018743983314592805
31228,-2.129985756498919,-9.068256954273338,4.078621230368327,1.3055953860896101,319.7103457260105,0.9230114572836898,0.0001874408767634965
31229,-0.38403687678919063,-11.309133826461352,0.270022945480868,2.335535955292476,387.37475555573684,0.15890127807249588,0.0001874841583468466
31230,-1.2124381778835627,-9.957775833558843,4.041779451390948,1.1091040402810324,467.4049845542557,0.4775514641070364,0.0001874874076922964
31231,-0.12902869540136663,-8.256636025360883,3.776615444259774,1.1587327954870839,467.0765454055242,0.40654735201493875,0.00018751681125992934
31232,-0.9304934104102021,-9.5651659398357,4.079126338299812,1.1315858029290005,294.07955606964936,1.2525994057006864,0.00018751691652235257
31233,-9.568383964023278,-6.266862504419174,4.881836235033415,1.4886530276297754,341.1580249335188,0.14665324480567232,0.00018754040643068274
31234,-0.8965965365747675,-7.823946673486959,1.5961543256874922,2.4082811155713433,442.1586299476228,1.0950646264423547,0.00018754658178244936
31235,-0.8878955257909666,-7.915161597167481,1.4164733530614126,1.1759836605647132,468.1099894577696,0.790293613492155,0.000187547112160371
31236,-0.9362033360083934,-8.486252434359052,3.916469143986631,0.9233440482103314,233.46688596428527,0.735037683312517,0.0001875791561671939
31237,-1.524089297095017,-11.998517100306108,0.19890499575759474,3.4034059961435634,527.2575941750986,1.0050760931403993,0.0001875851568583077
31238,-5.4267251275162955,-10.98946152581723,4.885831111838608,0.7077498992778,217.70988117660505,0.6472689439778483,0.00018760376666998008
31239,-1.121078534332332,-8.698027408037415,3.9959126703779337,1.0494973781509687,263.90604633825484,1.021806082283148,0.00018764051599627065
31240,-2.6847539046993774,-6.506625766472341,0.6365678627750475,2.957057255347246,233.19517612739963,0.2844514435252927,0.0001876412384902671
31241,-1.3845684795538133,-8.585308064877147,0.8255110080251938,1.6137028063348098,371.1336776522877,0.07793576456465523,0.0001876423386468986
31242,-0.725424536576508,-11.733537649732725,3.7575952369402326,0.8058002028587883,178.02046283871624,0.19729504711676338,0.00018764899681931066
31243,-4.814894712431416,-5.605695832930279,0.5874208980613467,2.070957318841468,372.40021930390145,0.1528325280169005,0.00018765226633881739
31244,-0.2668669673399702,-10.790598165257434,3.9172441408558516,1.3778475247170248,311.58206394745713,0.9268380336956996,0.00018765359088937131
31245,-0.48648147380158413,-8.541841077967623,3.9273870585951314,1.7808270796385337,469.63035170467833,0.0025579671751883026,0.0001876570560256675
31246,-4.570194089378042,-5.1170232054047835,4.055808608378585,0.8793027320257046,468.0896449437562,0.4127233167201432,0.00018773056156953482
31247,-0.1253469464835142,-7.693866715542277,3.2870586052111372,1.2824235712348666,280.0529950910893,0.09124975516949618,0.00018774870843377137
31248,-3.644694468899515,-6.396307136440922,0.3970035967802915,1.1100161454105046,272.64151934269745,1.3890906629396786,0.00018775213899530348
31249,-2.1841186777201553,-7.200407984885371,2.411769165054857,1.13715915794934,341.3114531438204,0.011795249469316538,0.000187800337902826
31250,-9.123276333794303,-5.8488624979661745,0.5319231951865373,2.1393051058201653,420.63439137756325,1.8768274294810778,0.00018781509200520074
31251,-1.3694173279788338,-7.7437558986368895,3.2708811761655876,1.2578905876224333,313.1182438312858,0.5305245785684951,0.0001878212170675426
31252,-0.06491796892324864,-8.19016735465857,3.741814917134825,1.2818959537307726,292.88589407489945,0.1297253243505354,0.00018782162574875207
31253,-2.320273324473007,-9.76656379200713,4.277047453388305,1.748054284129287,371.42926266410205,1.3152786189823127,0.00018782426975267076
31254,-2.2108053259204796,-10.814169596813773,4.0329770431163725,0.8696829574383859,468.11240680376267,0.7378160505815421,0.00018782693573758387
31255,-0.5703600102035651,-12.015131237597721,3.743583610623881,1.8295964954217023,467.4757827850591,0.13047886160265687,0.00018783850199512788
31256,-1.2852026868874642,-7.738708816070508,1.6838211605538553,0.7611863863316508,228.76371199880896,1.3326825402696851,0.00018783873638690673
31257,-2.283588713786397,-7.523785759782256,0.9832720002257015,1.0026043288098452,468.39509445117176,0.5346531970871498,0.00018784433940402808
31258,-1.6151725896627784,-7.635213111220616,1.9754420432715445,1.0944398936469149,223.0527368254581,0.9903637179111895,0.00018784577839913976
31259,-2.0872649128743124,-8.797308821509564,4.0304648551854045,1.857564366567316,468.2925372760315,0.8506020912888852,0.00018785159457168757
31260,-1.97702212545245,-8.024740699257576,1.0728442920573313,1.1563542327579623,238.1764071709236,0.12329495764638487,0.0001878526981850704
31261,-3.2225666013307483,-5.032060486681751,2.8719113941812715,0.5437000244194293,149.80835910077744,0.7306531014938571,0.000187853296088423
31262,-1.2075186442122572,-10.181167625503406,0.32352620904595175,2.1965077540110647,427.2303931107015,2.1645189470545203,0.00018785729064160116
31263,-1.0137418193056078,-9.375281245285665,0.4574985027468336,0.7473112299208273,468.06847212633954,0.4551426226849937,0.00018786517664449854
31264,-1.3118901459010885,-12.699849804779415,0.22489695122383724,0.8411926313251266,222.46921980235072,0.6245799039362341,0.0001878660638398681
31265,-2.1836551084947873,-9.449928587902065,0.4057964074547176,1.5281900927234149,344.0125919710584,1.3567120945933704,0.00018787386616183263
31266,-2.1973301020679266,-7.599053776154155,3.1401396377753064,13.3931336748366,638.0077146528436,0.030439716014351248,0.00018787914450393625
31267,-2.3120733802536186,-8.57094722579598,4.01867571122116,1.4224128431718859,469.0528510227972,0.5640082102071906,0.00018787932780571213
31268,-1.4080348556795634,-11.626953291460095,3.7648924476403063,1.0356484769266334,244.16999181612317,0.4831332254774532,0.00018788107362256712
31269,-0.8174501302026922,-9.343866402711729,4.08548441979219,1.8435885589799952,439.8332679237059,0.5651432630602065,0.00018788926530277468
31270,-3.7216644825837424,-5.9403107337414225,4.997700125553164,1.836580965905005,468.358345870215,0.5871866684686626,0.00018789953585519314
31271,-1.1798479358554133,-11.70843844331743,0.2285177968674388,1.9093833371165878,465.77932401292344,0.6058243905479994,0.00018790372448159934
31272,-1.4697861466297226,-9.015842159785137,4.070282312718442,1.9195716684126214,370.79253549692845,0.5586568229861735,0.00018791271540399102
31273,-1.2505503606358577,-10.775942226584165,3.86425227318473,0.8088048995545195,180.53936398084187,0.3455718951601323,0.00018791473162078546
31274,-1.1789266151602966,-12.753349355705016,0.23231793530258923,0.5092653454987485,132.55244284849823,0.9929979571067848,0.0001879188261944519
31275,-0.9199800676060903,-8.859009051547662,4.046640904386491,1.1117409388350696,340.8100703553945,0.6104287467874423,0.00018792859191472616
31276,-1.4413475755663256,-8.649586904527673,0.7600316852602506,1.6109681613642406,425.03773680191034,0.44684545552717214,0.00018795009538786933
31277,-0.023384197987967426,-8.593131714107589,3.9309020189744146,1.6108995374819304,356.72631279949564,1.477469557728063,0.00018796020050844157
31278,-2.3080402902638593,-7.395607840391157,2.4769020794118997,1.0933822825155748,281.4105769572651,1.2628188918262655,0.0001879864913342534
31279,-0.07571922847075818,-10.039513832286827,0.32709137742989053,1.8882153476657757,459.36494930076964,0.5578270775162224,0.00018800232579616594
31280,-0.47631401713439914,-10.365256094050938,3.9901185584543892,0.8065046477850012,236.35542189138243,1.4809227465041594,0.00018800377515770686
31281,-0.7994494614717276,-12.190251173396058,3.7261612434621085,3.4121601711135603,451.43709781254614,0.0902251992595815,0.00018800984598174797
31282,-4.561369652043227,-5.800972602187981,4.986034544791172,1.6638627638313666,468.55038581215626,0.18707212936633866,0.0001880107065955716
31283,-0.14640583998318135,-7.373459730808114,2.7544237822289457,1.8305342349378384,467.5935192968027,0.4290813358168384,0.00018803015591148918
31284,-2.1450737827556674,-7.960806725391878,3.5660243403237377,1.2645616612397519,267.86754858985404,0.11814211999205959,0.00018803162074187786
31285,-0.135922157025,-8.590159021556378,0.8282788192214309,0.9457938479044304,468.08788930522616,0.7240080156990087,0.00018804587526633746
31286,-3.2566437118815426,-5.025151373095382,1.9405390466104255,2.419339103121004,445.9798909673712,0.4974705923675371,0.0001880541980331848
31287,-0.4895951786456134,-7.5619993837137,2.9903393932394593,0.5530959975340829,174.90846426059184,0.41309484216687675,0.0001880581366835603
31288,-2.9491592031533207,-6.723998093943384,0.4104707409812672,2.743858296192549,477.6107818345207,1.5796389580653942,0.00018806147226193526
31289,-0.39724779157657686,-7.363740986624109,2.69111031601876,1.8667374719110414,468.34291913742453,0.2622158263081422,0.00018808319373699703
31290,-0.46417290693117863,-11.146406749270765,3.8984465976390763,1.640932976682063,361.410518822505,1.8458977807383619,0.00018809333835494
31291,-6.905089203643119,-10.51749579289328,4.769760535959573,1.242935320969703,314.59267025777376,0.5149997208118622,0.00018811255567156442
31292,-5.909808626420716,-11.053996025556547,4.866049800791817,1.3618347877039387,297.2177311875192,0.5929552290016025,0.00018814430025600867
31293,-0.030440393720072123,-9.91176874524404,0.38086819295666086,1.7271861999042453,409.69739216540916,0.9036032836155661,0.00018815162952349126
31294,-6.740796294352652,-12.284381115500475,4.441488931556256,0.8738682593874889,240.04781775139398,1.0250671966134313,0.0001881821227359031
31295,-1.8861979669026265,-10.35659247735023,3.9526332602166674,1.0455953213963058,467.8349878185311,0.7486755890407819,0.00018820375759382411
31296,-1.5262870044717687,-8.339489667603882,3.817956503824153,1.12813482593106,466.9305118466397,0.6099568582531036,0.00018820533789645007
31297,-1.4954898373341656,-7.502166888585732,3.003390695361782,1.753547214675299,468.6618442974942,0.804240657356142,0.00018821500932841647
31298,-1.0813003479761463,-7.7008250457893075,3.1903119889166374,0.7159033346073413,467.5301710994893,0.4842316216315119,0.00018822218367625483
31299,-0.5188382978940602,-11.782148188489312,0.2457162874473639,1.6272911509574288,380.79739519636547,0.3928558256515471,0.00018822923327190965
31300,-1.0037474229900933,-7.5440038068217845,3.079344001952515,0.7675890739197588,218.12512799118915,0.6285255385601243,0.0001882426642521284
31301,-0.5012027253748226,-11.434144279135607,3.780233733431252,0.7273105913656324,150.6939539971336,0.3373048208467111,0.00018825977554938594
31302,-0.6140742976995934,-9.774939276948684,4.056427900319673,1.301965695465589,470.11794693590815,0.2293602366342471,0.00018827346910986877
31303,-7.863205982046899,-11.555977661696815,0.41513671665567753,1.091211458958945,283.3519098183041,0.858132384649509,0.000188282102731313
31304,-1.0547744589639834,-8.197319798396444,3.7174965597292657,0.8632646674374161,468.3545548787258,0.5191657631566136,0.0001882839393018924
31305,-0.7534151450758397,-10.852864274269765,3.8939477557588877,1.144487231569965,293.556081964934,0.7740236359326547,0.00018829191061377803
31306,-2.346030753208474,-7.545878405355768,2.9919665559987094,2.3375560571829803,437.41963253783547,1.2807622828089729,0.00018830699980399565
31307,-4.025129012082428,-5.8124164358603725,0.7940090074100723,1.4501063126079548,284.18944761600596,0.22445391343151133,0.00018832462217131162
31308,-1.6560434763675058,-7.954007432802173,3.55663662844192,2.9878705457023553,489.4995861388009,0.7435626014917274,0.00018835330252662085
31309,-0.42709587640209,-9.02300136894139,0.605366877716988,1.349794601294046,303.6474373187696,0.15345463928070568,0.00018836203543035878
31310,-4.628903619788006,-5.013059936754423,1.1467314077343382,0.6816985340326057,466.65976418552157,0.4850208382326704,0.0001883804979805015
31311,-1.399876927183218,-7.498671541365968,2.850778725105257,0.9986747785212398,467.5539022237404,0.3023044138112647,0.00018838098120507691
31312,-2.6568970904045175,-6.422514223632704,3.2599848999538446,2.408284579832017,445.66481342531813,1.4914529363457163,0.00018838109560835592
31313,-1.1486653274613534,-7.996516032185118,3.5917895264680086,1.477286434851866,468.8390055743129,0.26412983596807393,0.000188455192787049
31314,-0.4217290619613685,-7.677094532292229,1.7960895827487506,1.8198460979617501,470.01921367769495,0.19296213250610883,0.00018847627911258065
31315,-1.956894621122716,-9.996574273398311,0.3184407105421681,1.2545808476728388,273.88648416543015,0.2298338653673806,0.0001884795356605499
31316,-5.005424468357554,-5.318782839537371,0.6122269179327166,1.174269524719314,287.2012085566512,0.8584930147282526,0.00018848156858052844
31317,-2.1117932115516336,-9.477624786983002,4.077251070484194,0.9769464265709304,468.57870590243573,0.5582794167860454,0.00018851001372901215
31318,-0.4780949717296483,-7.494214615087453,2.996453191536132,1.2510818526037757,274.0462626679402,0.2478485158814765,0.0001885170405904496
31319,-1.2347240004550013,-10.162373162247604,4.007102858818924,1.25468869255915,305.6590758845461,1.024321301388004,0.00018852400345223156
31320,-3.022218712212423,-5.422320626891003,1.8222607458480384,1.357305709917416,142.76924984400614,0.36180678907270813,0.00018853723067645763
31321,-2.8586310708642166,-6.19875430533789,3.8469640842153683,0.9643987372655755,469.59293906123827,0.09482275648651939,0.00018854359543854214
31322,-7.080930439768398,-11.768917670820928,4.2557287609487,0.8139087459227949,165.37993288446364,0.09738851322108033,0.00018855186740939512
31323,-1.8302697491602586,-9.001631359422532,0.5973605429143759,0.5064967909785747,139.92963368402502,0.6973402100064838,0.00018856889396154846
31324,-0.21317959435899247,-8.547839475307256,3.88610034347087,1.7190868344484764,402.90962415226716,0.03439690157878328,0.0001885715964764741
31325,-1.6710556797774618,-10.225270558452499,3.9677416327135715,1.7078314741484835,369.9153878947875,1.8930596798941988,0.00018857827436869317
31326,-9.10544055172705,-8.413725172611699,2.130931341370078,3.6014535416732247,303.9238496409159,0.14820227316921386,0.00018859545125384343
31327,-7.278319600545018,-10.286435808897672,0.130750623012963,1.278992339642486,468.8370063563127,0.4947191647941871,0.00018861960853932256
31328,-2.0021801856378305,-8.790728074059885,4.009245712030639,2.473787766574301,442.79141160325275,0.7701232187553799,0.0001886270321413252
31329,-1.6816859240257873,-9.030041014511157,0.5977759758946899,0.7311496568736543,448.7969167636296,0.41316505233094336,0.0001886420884743935
31330,-0.3827296981253152,-12.54871897463447,3.731337416359469,1.005127585068891,276.11674184774057,1.0698908327353323,0.00018865354528322385
31331,-0.07000337176958382,-11.01173233895437,0.26698618671988605,0.8911720007090868,178.12731751526567,0.2783757146442474,0.00018865667583104116
31332,-1.3565179495159256,-12.00600659242399,0.23711674727224574,1.814416071192583,456.4134538387723,0.11113102519057971,0.00018866364677131372
31333,-1.9502315912866717,-7.41075475247115,2.6094801928728524,0.7005024944279249,188.04949732178196,0.43814259253168775,0.0001886724137367096
31334,-2.957913485906243,-5.525684362643891,2.6535556688885706,0.916144721415304,246.11007920881116,0.18369533578315522,0.00018868202533091946
31335,-0.6127154230230047,-7.5485160846562405,1.9807898464989797,1.6712180353955246,354.1312919532194,0.9420127128333258,0.00018869470705001984
31336,-7.95228851597291,-10.503521333435128,3.1773840440823715,1.102165760785543,468.09278577656363,0.7266069995288555,0.00018870642409666254
31337,-6.865643113053299,-10.769842538541486,4.686528738875318,6.837988736387411,703.789369191285,0.44233245953517564,0.00018872197506796497
31338,-3.7569979644853104,-6.2918349308523105,0.4738580209534912,5.1259378332701315,410.8203748568223,0.09306118538702979,0.00018873050387136026
31339,-2.9830075290180798,-5.536883339373184,2.752314661274704,1.0826399830011142,281.14114077722184,1.1245541065462223,0.0001887450819018428
31340,-0.8611342750879167,-7.925086936916766,3.5265682968565732,0.8520313826196189,467.94158002242176,0.14149251425095954,0.00018875333928018148
31341,-7.89545194095441,-12.154281058372563,2.654935066708155,1.8233399583823593,468.47189627777897,0.6424230285967027,0.0001887603923562891
31342,-3.711126813649819,-5.5511891988908735,4.120935505492148,1.3272782171917172,323.7336469709087,0.27140421397635794,0.00018876419832820608
31343,-1.7882818787622092,-10.60836575847743,0.25644978455666395,1.0569751206376679,284.4209795127087,1.1408477996756767,0.00018876744579021947
31344,-5.093518393518652,-5.3978069738029735,4.888614680488575,1.007348018785011,468.33337248839547,0.5682282989815564,0.0001887776116124733
31345,-3.227134535578439,-12.785945828340108,4.594020848316427,1.655512117538428,432.68162241213247,0.3370136474471481,0.00018878841939876817
31346,-1.385336014200922,-12.802315284817643,0.22690311616613545,2.184437876151155,423.04281727589506,0.4157846191945307,0.00018881456852813645
31347,-4.6162587544675056,-5.214626699722951,1.0613655432153586,1.3418446650024227,296.14105197893065,0.6106629598650422,0.00018881659997026232
31348,-0.2277503283277369,-8.746670031524793,4.000164102425344,0.8280091875830605,174.09272961838423,0.009183899391255856,0.00018883365064157823
31349,-7.699131120501862,-10.290418121627374,3.9046071428307907,1.8423670225927031,440.3555444391732,0.40249048577873303,0.0001888359586900234
31350,-0.3924954185296059,-11.866738627424942,3.7462901471507095,1.9920892416257465,404.1925737743879,1.7835526439879104,0.00018884004856328985
31351,-2.0598665262042184,-8.499188102850109,0.7411706004392109,1.4784384757585303,332.13653228198916,0.34715983872058764,0.00018889862143108647
31352,-7.551472256475163,-10.498597714527715,4.0438533668849415,1.4416327924497532,468.8908052362351,0.3970486611712767,0.00018890987430511658
31353,-0.48224025899093625,-7.341966116469252,2.654485888498557,2.4869195434388844,452.28802921838286,1.3203584033376234,0.00018891173328937648
31354,-3.2573094421589115,-5.86806572607641,0.9657809294011227,1.0815444166754407,218.5042947352764,0.0946554810665079,0.00018891806361877867
31355,-1.942164366858421,-7.967382975448027,3.561980525310009,1.3446445197391994,306.1961384252528,0.23192392868836986,0.00018893861543730703
31356,-0.8471783587188249,-12.089730299966451,0.24339740703142143,1.2425708018462156,277.8756289579963,0.1817236810955789,0.00018894103468990818
31357,-6.532492771347901,-12.749615088162464,4.496030816504318,1.3104331352094887,318.52919077454874,0.6918629382435428,0.00018895786505683952
31358,-3.7976844081675427,-12.729635144915493,4.556650329125933,1.113345300427196,466.2633927197377,0.09094269542876443,0.0001889602520035661
31359,-3.2317719360475436,-5.825191739775422,4.564011208677548,1.5788025581441614,363.1536790279168,0.853336439137391,0.00018896533228400189
31360,-7.949176213401712,-11.755575640680059,1.419371182158028,7.444061036427747,486.8757399309881,0.0527261446289673,0.00018896744651252363
31361,-3.361672784472435,-5.6914471562325755,1.0293403775414833,1.2951354889942528,215.05389770760473,0.09626616218670225,0.00018899271167803976
31362,-1.7608643370136328,-9.02215032457468,0.6103346379775335,1.0635690738257804,467.9357411900962,0.886567620373115,0.0001890169266365373
31363,-4.3367287846144915,-5.256297541827045,3.8486107487755823,1.2841320195696937,272.2814837621701,0.5396825939350327,0.00018901900816481538
31364,-1.6359771006962482,-8.403126546270883,3.8437965539238097,1.2893368803286762,320.8169242897214,0.3199533311567535,0.00018903587632013383
31365,-1.654414835846822,-7.345665635029293,2.3600053854381193,1.0328523893049784,271.05039121360295,0.8001398460798397,0.0001890473451944324
31366,-0.5440923768729995,-7.753586413664457,1.6409312765350919,1.7479639248905308,414.6139538855429,0.0031177781108651104,0.00018908791819039863
31367,-2.9612804035234497,-5.670112795425857,1.5509122677564835,1.128906076626929,229.27682275350136,0.7564926307331827,0.00018909626797831706
31368,-4.92631378480199,-5.062997607710368,0.8662296226777462,1.2364909944989988,309.9050398513545,0.3021621589468433,0.00018912748334664478
31369,-3.820353514015377,-5.246805743812514,1.3053423780607585,4.7038330063950236,603.7645955677464,0.49536486482830266,0.0001891359978468384
31370,-4.347931707195989,-6.751936231090988,0.06981744887312298,1.1563166864152084,274.4862572046296,0.8590098888322286,0.00018913642757898121
31371,-2.266153965296045,-7.41733505233257,2.771578238548822,2.1060639775262042,416.0427885641176,1.7688700094145808,0.0001891437120787365
31372,-1.665633719861134,-7.685347545538145,1.7508086828246956,1.046767149864251,282.91940085697973,1.222318550997814,0.00018916533452679608
31373,-1.276794363070188,-11.840201773609458,3.7453063632366583,1.0698131319769435,280.9393183269703,0.3892891738633617,0.00018916828270891287
31374,-0.3441549324595563,-12.301710741693002,0.241658821196204,1.045711405614191,272.59040950578924,1.0398523156276953,0.00018918583122988847
31375,-4.043690766669305,-6.399391165298082,0.36758566112378827,1.4721434774986784,326.9694820607835,0.4786077555557249,0.00018920947122647778
31376,-1.180649467123784,-12.540225810353416,3.741198764890726,1.7244811024435487,372.37727773736594,1.977392864243284,0.00018921629745664967
31377,-1.9859267328665968,-9.898764009283916,4.029508462701296,1.585254953672545,356.8357418456586,1.2049930586110138,0.00018924384489586203
31378,-1.8586919579451617,-11.85641906674864,0.23347276137380324,0.9549634056935068,264.60770185466407,1.6448298734434585,0.00018925871486443952
31379,-2.1597092820970794,-7.504438553690752,2.9974390596130998,5.381036587199118,263.0174928787169,0.29011260156589636,0.00018925950308116486
31380,-0.9760199089952248,-8.388851881666415,3.8348235774082142,0.906292747188603,188.205961099999,0.6372874496221614,0.00018926110409542626
31381,-1.3950734046758324,-10.816749833719067,0.2830544692325668,1.2902361894004846,293.2827381999974,0.3108116458468908,0.00018926282969479043
31382,-1.9573547963515896,-10.87525821094962,0.2759243613990188,1.756558864864318,416.6623412879562,0.7270072940588781,0.0001892665176412695
31383,-9.975072942917938,-7.253138348317137,3.4388294550072094,0.9283957315694538,221.39405028248908,0.5572322920775266,0.00018927410329754287
31384,-2.0188635421625847,-7.594203017240253,2.016912319653351,1.5558589741923146,468.02277732049674,0.4513336053140611,0.0001892771419047728
31385,-2.99452887888724,-5.304617257157935,2.5405986470892508,0.8389011395399167,242.0983594909271,1.4117108919102153,0.0001893139126477552
31386,-0.8173355504609887,-11.460124324989373,3.7686916071921357,1.0849873877647467,284.3076314387161,1.5536525777495909,0.0001893165744032521
31387,-3.4751764086853356,-5.474427922943709,3.903796011588371,1.4110592344139385,314.6758331640598,0.1956177604618352,0.0001893211923232824
31388,-3.897539319530729,-6.258940503140843,0.5156909455927461,1.2587840018049241,280.44313674597856,0.29086280241404694,0.00018933062104584903
31389,-3.351755471425271,-10.232260175903125,5.178811088849836,2.1732610425123893,412.16677529698853,0.8353581880126599,0.00018933828305550465
31390,-5.968291287382389,-11.167851206373879,4.826025910513311,2.0018875286446116,401.0490603284454,1.3280055574402834,0.00018935547667236005
31391,-2.9163769767942496,-5.440755397491812,2.3448432828886827,1.336212865222986,467.74659791495435,0.0856942631042461,0.00018937538045834504
31392,-4.702395671769992,-6.443305139613363,0.1758135370794088,1.1954724685904297,297.4168837515063,0.6186887042426239,0.00018937621500374256
31393,-2.0334317650732725,-11.28091338851619,3.788477928167888,1.856298648748271,387.71599750984177,1.8415170748764442,0.0001893984091772631
31394,-0.4744989680609155,-10.880526787892036,0.2681550364562621,0.9866734797591222,198.69091092880976,0.17986149186046774,0.00018940588247145758
31395,-1.7777276906478576,-7.627272072375066,1.8726371968410298,0.6930690671755761,448.36206535587587,0.3808137569693857,0.0001894133484845007
31396,-3.883883349429185,-5.996990122230356,5.121272393990681,1.0756540235133734,288.6022410705258,1.0680383396027642,0.0001894289978125841
31397,-2.986242622335519,-6.251602193615341,4.6750017642426185,0.9131044091263426,176.44219509865178,0.2551040993360534,0.00018943003953263843
31398,-0.31318417936467213,-9.600748251848902,4.06379037846975,1.7923444809669904,378.5922229612471,1.607170956497602,0.00018944363582782414
31399,-0.8055389335517873,-11.110985207577887,0.25648212366299783,2.408967658557969,447.4632423221741,1.7156539904600363,0.00018947494200265358
31400,-1.0565681374894886,-10.029458966706141,0.36054607578347053,2.849453206569977,486.2682242192535,1.412561732269837,0.00018948476189866101
31401,-2.8483402699316365,-5.787417341027498,1.159650404997956,1.142351703331016,297.2350638822484,0.8232323124591021,0.00018948531145434705
31402,-4.24153767650958,-5.399405497155324,4.201080677833914,1.0788695209921249,286.31331457477,1.4554172046427496,0.00018949338071831811
31403,-4.3611412688599085,-5.2347277089788475,3.8477487927063936,3.0596935505051595,503.67776783751384,1.4236159583558887,0.00018951917426686485
31404,-1.3268219203680935,-8.792437162416395,0.742943366544404,1.8825687935385713,467.790348702112,0.4790581845082462,0.00018952066463356543
31405,-1.1665861865169163,-7.6232980481748,1.9149646116344283,2.0527271977105475,391.2438215416849,0.2531691203249329,0.00018953670923726697
31406,-2.142291783602256,-11.3790518853345,0.20058696792245764,1.894617104329088,468.13617808638924,0.2721791625656387,0.00018955316330985874
31407,-2.73506878914281,-6.968960852963494,4.881818010472956,2.451409893981087,451.9186483145925,1.7907685406876608,0.00018955797313301127
31408,-3.9216619479038384,-5.035465381224796,2.016892794583926,3.4739839660161755,223.52948557630154,0.3929661729604126,0.00018957112974942518
31409,-9.510201803112812,-5.673685179709492,1.3310799398643736,0.9050247725896188,250.50131153101205,1.5429910505201176,0.0001895740536158019
31410,-9.294594571788476,-7.3525702940247974,4.623815607745902,1.9050753998326602,164.5574147654079,0.390895906792327,0.00018957576122633009
31411,-5.477526506449726,-5.084439640141423,0.17921976522005864,1.7758360841976546,447.2424092130448,0.6833847256839567,0.00018960396481573313
31412,-0.01421641658204642,-7.6308441176270465,3.1451662178359987,1.885513971637308,468.5769328337658,0.4931210221789941,0.00018961592345204987
31413,-2.7184003840394277,-6.159200240203542,1.6026736574933358,10.179339226480847,774.2961926679204,0.2818500593068558,0.00018967886918494007
31414,-0.6877657954703764,-8.019862260378304,3.598571720580033,1.712237075226202,468.64272917178465,0.6402595685342982,0.00018967922277853412
31415,-2.097128737591591,-7.39377519682795,2.7540581383343543,0.6264035350588043,196.2592704904844,0.9345617230341725,0.00018968554462004636
31416,-4.038960727265771,-5.429454522769077,1.1167164937128748,1.3775949004677885,331.9491132336857,0.26524386141186174,0.0001896904522356607
31417,-1.389032314656232,-11.79513562250516,3.7435381254945033,1.053008345435123,284.828487540156,0.7493751363106513,0.00018971185581873306
31418,-1.1882772082276976,-7.846607368386626,1.526223810362297,1.6587986249796727,386.5011838949737,0.6249873196709457,0.00018971209426029301
31419,-1.5375812404797795,-7.762983106631034,1.6395931422291856,4.365045955856994,308.5991839620022,0.18148228393773813,0.0001897625826625372
31420,-0.665778913570092,-10.044697930669132,0.35675961882087226,1.6694418765981465,470.3759840885212,0.22060605580682413,0.0001897699507759907
31421,-0.6795157500498465,-7.632655447231833,1.8727430226967505,0.950038132318897,193.05822990759486,0.04965723680841627,0.0001898151553602898
31422,-1.8439139604858514,-12.751043228203104,0.22287389316347522,1.870137462285494,449.1447032999613,0.24231579888298693,0.00018981711971077618
31423,-1.4649173190477036,-7.431816613457292,2.7817047675052247,1.037905668493658,275.5380273358208,1.689853483010073,0.0001898184488069134
31424,-9.441075518000376,-5.735576790686948,5.0843672201594075,1.2208427041287966,234.74813313525226,0.020111898520392302,0.000189857857573683
31425,-1.4950244527816476,-12.611333483081669,0.21451190751780183,1.6304464503325298,429.35700359875443,0.12078555859527107,0.00018987989166826473
31426,-0.28733435535678353,-11.599141028004981,0.25135782245859284,0.9368403765876211,186.10612412649715,0.7078592709965195,0.0001898833694785364
31427,-0.485010918057176,-7.414934933473385,2.493903323372662,1.8748999769625396,468.70874079132227,0.4011570223279506,0.00018988476432823308
31428,-2.9555893126238875,-5.444101464442939,2.827308850868801,0.8206005984040202,165.28722253425408,0.09465413445032667,0.0001899080398991186
31429,-2.3217121039863287,-7.342310245705077,2.3984440594990053,1.8351292308985867,468.20983142502456,0.7996560034193516,0.00018991577542167785
31430,-3.5010545750279416,-6.168139805525554,0.6150425013432874,1.0991941018204818,466.9253196959947,0.5924979575653078,0.00018992215831680628
31431,-0.1031140498993679,-8.52150540840669,0.8641215410983554,1.125541836198939,207.23746793916678,0.08193872858278617,0.00018994256298465634
31432,-4.298283858145041,-5.712882990462938,4.723365245471011,2.2732091025097616,410.3391840949959,0.5270736472588,0.0001899477806616266
31433,-0.4447258552969231,-12.824472311709837,3.722798478016319,1.691801485891598,468.59691462321524,0.32371247307615203,0.00018995715374397812
31434,-0.7122441676114715,-7.578442517892061,3.033624543344857,0.9942243510145348,468.32101577339057,0.4735245703190589,0.00018996009065079327
31435,-7.358491369247068,-11.90917187421095,3.9104958578246576,0.9491329952036633,468.75952583791405,0.7716952316997601,0.00018996357786482709
31436,-1.518562303383927,-7.7393181160488815,3.259168054978182,1.124592541418892,295.3972848223467,1.5633141462902307,0.00018997350386551135
31437,-6.06677280794072,-11.646773480508147,4.709617589003032,1.8160425523965207,468.09297044837274,0.25940734428804113,0.00018998006349509462
31438,-0.15911872469228072,-7.360301869790086,2.6621447360979826,0.7702660681482958,155.9242359458072,0.11467184385685503,0.00018998334798439064
31439,-8.109104103156897,-10.824445353156861,2.073890842707674,0.9974511340283999,274.6436011101325,0.3669626279920051,0.00019000576210613081
31440,-0.5917749191575012,-8.310631672486178,1.0562234061140827,1.4996700675347456,344.93214528946675,1.7515103381266526,0.00019000617303789038
31441,-3.743079348710781,-6.146429512676451,0.6100032303812538,1.825882799739751,467.6414828548612,0.8096285554140481,0.00019001113575826666
31442,-2.3209638530796406,-8.121076221237955,3.6809490910459086,1.0092069952761877,468.4930454355263,0.039971429410926795,0.0001900163078747113
31443,-0.7641496612840708,-11.409176863201282,3.7680152366019217,0.9159594956872873,240.17016669293528,0.9415673736130037,0.00019002441473868213
31444,-2.2983384270804086,-7.333360504489843,2.2897905522075828,1.0274865007493574,279.55907492246246,0.5154974455427164,0.00019002687516520855
31445,-2.9040285425427452,-5.7337589726021525,1.827629293541795,1.9400050753335623,392.79217531874207,1.0028093091703516,0.00019002933689833915
31446,-0.36316348126524467,-8.021783378615734,1.2703892155928547,1.2741604240844793,276.0330392240957,0.2257906855564089,0.00019004500361554708
31447,-0.23061857572707467,-11.4383986944813,3.7646940796593134,0.8173754803788392,198.22733113923468,0.46773720873995206,0.00019005607627027606
31448,-1.9165843933259232,-9.565250060986276,4.062069353551998,1.089550237948654,247.41206904994118,0.07098074922295261,0.0001900598356599686
31449,-4.170829127448067,-5.780316824911243,4.752561765279259,1.3667110077472302,310.0505274796191,0.2623603255251483,0.00019006378463489503
31450,-2.0208582648349136,-10.631387170929601,3.8681648569373186,1.716407954852105,470.3127031917485,0.11839966585567918,0.00019007646927764448
31451,-0.6107086123659027,-7.866868380971365,1.6218549969143832,2.158409705199699,406.7304837553422,0.5916918530715662,0.0001900940929934145
31452,-3.921281849376279,-5.367015123640547,3.984039546363755,2.554325140110845,461.9484368384858,1.9789063567970002,0.00019011984230454243
31453,-2.807196365438898,-5.864124321330537,1.9238593872671836,1.868077555056061,468.064595462788,0.3976895521828565,0.00019012851950133666
31454,-0.457978277324683,-8.106779199689337,3.624763333095605,1.464118942949758,324.2576420116752,0.259878574706808,0.00019013363019650397
31455,-0.20560505883570812,-11.71668633458212,3.747171155763014,1.1045251184939566,290.374546680177,1.3110304485784852,0.00019013718955442803
31456,-0.40709069467037473,-11.282239805647956,3.781523540197841,0.8471303547171767,468.1341837506427,0.1753567692612732,0.00019014106088352384
31457,-2.3234903773434787,-8.852159441158793,4.16277283883062,0.8398840562869194,156.06700800633777,0.36505539689840116,0.00019015369469759966
31458,-0.9647429299377936,-7.582795185855228,2.982079806378073,1.9433973199371801,372.82397339185735,0.24929301654740055,0.00019016647022475686
31459,-9.355388564643214,-6.635281172299159,0.9577679540182787,1.7444158395266998,412.468095779829,0.1665701637971111,0.0001901681203154227
31460,-4.1113006676891395,-5.232662978579515,3.662515786728427,2.2996388409848674,437.9163912564564,2.1573338545115197,0.00019018258246292167
31461,-0.8945186666025382,-10.212489113691547,3.957999910875089,2.777466843005341,474.13295691377385,0.9049258812704934,0.00019018373481944668
31462,-2.3554065529493293,-10.699896345819166,4.637527944707734,0.637172370635295,184.65450807975347,0.4680502477445465,0.00019024834207244674
31463,-1.8173771924525148,-11.12037532213746,3.8002819803099643,0.9521529975574012,467.55672294983344,0.6369579333372428,0.00019025164141505516
31464,-3.917849817717026,-5.418427825057976,1.4409478025732432,1.8982745427019578,461.32785842020155,0.647987965839758,0.00019026727713049185
31465,-8.688814713327643,-8.1695009439402,4.500899837763075,0.9486818591349577,199.57407395681065,0.8112933125391057,0.00019028376159831997
31466,-4.525791794218106,-5.29286608884344,4.087091137423901,1.8074879622982538,428.797290345454,0.6094356947482096,0.00019028491168242867
31467,-1.1620233567898648,-9.774585583438542,0.3908921543580545,0.9073491233505115,467.43344787043145,0.6903741600874405,0.00019028527774637988
31468,-3.2733044205145214,-5.178464135625659,3.229776735504226,2.5469943467311933,460.13389182278127,1.7027764844032367,0.00019031891790207193
31469,-1.822272139205209,-12.672059848834307,3.712846519794288,1.001736316559329,470.26048275097276,0.029511169165383322,0.00019031948948263345
31470,-1.6547280422949981,-9.062895254209067,0.604613377087086,0.9069968921087184,193.06518559193967,0.3043771477197934,0.00019032675139141178
31471,-0.6280456800959158,-7.567761586500709,3.078636422597282,1.1609831995712776,235.83941643784573,0.9510400125086855,0.00019033169076136208
31472,-1.175934511349757,-12.435904743923283,0.21889600500184572,1.5040770946365785,212.03305960230384,0.48896897396272543,0.0001903405038516239
31473,-1.9985297662596544,-10.17174425753634,3.9624110158344146,1.1679355075315223,467.4133945892171,0.30749484909921065,0.00019034692161123436
31474,-0.35682775620691487,-10.352703200335991,3.93394630004366,2.0042146477640435,392.1844962409916,0.8083814227350397,0.00019040479140457886
31475,-1.3043699467176708,-8.169414650915272,1.1294577322709285,1.0952226741257811,291.7442054203939,0.9260320487741556,0.00019041793191319943
31476,-1.1169972966052164,-7.948327273562689,3.5289076820253884,1.425656127782362,305.7532473238373,0.12841556256844644,0.00019044401065940045
31477,-2.2100352034962922,-8.759533269830296,3.9991344429150013,2.496479546859336,454.8463033866267,1.5726908897899428,0.00019045097608881489
31478,-3.2401554811000537,-6.280826826532969,0.6174245158311091,1.430483713048744,208.57754491429577,0.47847046299072105,0.00019047034205880469
31479,-4.514307262744072,-12.445615753668253,4.588283564985356,1.7179540194010288,468.4425186644442,0.4716926967224282,0.0001904905558402484
31480,-0.12748757296345303,-7.703882239632039,1.7504352584417062,1.7854425128478455,425.3490005209292,0.4253302795061922,0.00019050972883203926
31481,-3.009889079745763,-5.267647735008055,2.236406312413472,1.818399627717545,435.0598341624281,0.14694392719661842,0.0001905226686614899
31482,-0.21003008768274967,-7.446667398118261,2.792288139883165,1.3164127430101455,311.00496576792676,0.46069608118499783,0.00019053305443791864
31483,-1.7504066270980587,-10.055724325302714,0.3109266300112658,0.8201899204914238,191.33276359299123,0.8308102832727764,0.00019054919049091298
31484,-0.875212503162917,-7.483492629445039,2.734929291998466,1.1537222116780583,298.90920738267425,0.6870649855131221,0.00019055103226835098
31485,-0.13230045067344953,-12.037578649119963,0.23388403437661673,0.9777096991723147,467.3140370846664,0.4734319928467867,0.00019057544411641003
31486,-2.8384321351641493,-6.711633507090574,4.961871275478268,0.8660896649683132,219.10811294477634,0.8833573949417959,0.00019058460840834065
31487,-0.23561361297250372,-7.533089407764018,2.9135210754901704,0.8215271145631213,470.0906894558061,0.1265069304414208,0.00019058638098235327
31488,-3.911319547585677,-6.268596718334204,0.5465261715895247,0.6348488361500589,170.2757227138074,0.6962776113023734,0.00019060448755378972
31489,-3.3172272218978236,-5.209163600696216,3.48808050825643,1.6766432884558506,465.9042935247892,0.6454187342715354,0.00019060453497160625
31490,-2.9236708623132754,-5.471347120945017,2.454051299389363,1.8994323889739353,459.60592493984603,0.44796213791044615,0.0001906322574821791
31491,-1.8135278721921075,-10.771322592330952,0.25515192602281356,1.4307603715245871,468.5250730996713,0.6655494593170896,0.00019064197793158198
31492,-0.001964318852568425,-11.895157979360253,0.23635215786592506,0.7282427613505338,436.70199051779787,0.3417403293608663,0.00019065440373986628
31493,-9.775760564160523,-5.005830331774445,1.67410524570291,1.1072831555603588,127.43286982101947,0.3306918115832689,0.00019066612841147187
31494,-1.8384582988788694,-7.665987490455138,3.2089373256059788,1.5560053145594828,362.3425339594688,0.5554535494914203,0.00019066682744580004
31495,-1.0814836310515759,-12.270915654050157,0.23843473113909167,0.9774037947968506,468.96840018862025,0.04150370232846079,0.00019067890164676792
31496,-2.8774221055180824,-5.848022091281746,0.9925846985090205,1.1343827059572757,260.4898608740381,0.3136208311208959,0.00019068472656393694
31497,-0.9069116556259935,-10.882361959716302,3.8980428727509064,1.2695401981994847,274.21309677639687,0.8467257021180652,0.00019068617964726212
31498,-0.3611302578864759,-9.212334445042343,0.5305281513062295,1.8636354925374425,448.36584434270856,0.5488114472559795,0.00019070642284270593
31499,-0.5770308020908423,-7.388936553082865,2.368849678783922,0.928797985215918,227.54399110359861,1.1988445058611115,0.00019072047148176941
31500,-0.5404741131760993,-7.789591813972143,1.725529717966483,1.2457238448540047,269.27055624794536,0.7932059061652552,0.00019072811976478105
31501,-0.6249116319499723,-10.807362247272875,3.899103719421283,0.5642687756596325,146.53139290187806,0.8410452134351436,0.00019073627311023156
31502,-2.0019593784811356,-10.269848343847212,3.9867474758749326,2.943009861318088,312.6315695201107,0.09305112249865122,0.00019073799989000251
31503,-1.3058848198310802,-7.485785515591025,2.8957306056283687,2.01589163979237,395.7239960782173,0.8897735854588529,0.00019076032922923803
31504,-1.101785924336454,-8.963126716665954,4.017761614924545,1.629545752385098,467.85892854023615,0.2694555846278872,0.0001907664160123973
31505,-2.442832158061245,-6.781126694401537,1.142984113761772,1.4977139210418096,336.81405278340526,0.13203218884345524,0.0001907685201943628
31506,-2.061694307418157,-9.195358380877408,4.064166422764547,0.81945586827404,206.2539345186795,0.3714959034581762,0.00019077202053763203
31507,-3.6317881641991665,-5.872222670431014,4.8125168600956805,1.212189344778489,256.5968071208531,0.49418835534272976,0.000190778765775469
31508,-3.914528412271409,-12.047991584929045,4.620638089596051,1.8393242816667108,439.7440540034162,0.3185349351496347,0.00019078685386021176
31509,-1.2915288003235919,-8.869789295721642,4.010238154751937,0.7922966675459258,161.46655082996298,0.8706222957139476,0.00019080126457342796
31510,-9.591920129075708,-7.796407361725452,2.347657942380029,1.640828591244233,467.8540575520511,0.27050674693892596,0.0001908032589901626
31511,-0.681104787922683,-10.079022531314642,0.35748874480168585,0.5279945121140915,124.21769465634699,0.48802553552727534,0.0001908162950723655
31512,-2.751608471784369,-6.034291763018858,0.9251644745247011,1.727453848066713,408.96179670018313,0.2697159842908574,0.00019083199665742762
31513,-1.634153592479871,-11.816331702714065,3.7265852897846035,2.461920078573283,448.02177773313406,1.1701750559111979,0.00019083574636195988
31514,-2.5312671827408337,-6.881863798762273,3.2952775460275,1.8737093496598316,450.855167954945,0.07751377686514882,0.00019088050230478253
31515,-0.8511127635860394,-11.222201789868233,0.25939124829018956,0.9052032593853305,245.55910412717745,0.4442487494152827,0.00019089163828858878
31516,-3.240823981794758,-5.08946970184859,2.9519582400525883,0.8007803882018683,231.22279158489465,1.0232824158541076,0.000190898777823256
31517,-1.3817366117492789,-10.637819449417039,3.86096005379692,1.372725139377853,318.03205663920556,1.2070656505058865,0.00019089910023339807
31518,-0.8188935890869846,-9.162328716885316,0.5617478305587033,1.9039336871041859,467.5992934098676,0.43569990293355954,0.00019094548130249347
31519,-0.5539875573253426,-7.582593341398969,1.9872417228840797,1.243206609323603,301.8259084490965,0.5328164952175145,0.00019095625487167736
31520,-5.147564839803542,-5.312657818565033,0.529859781172616,1.0927007156978317,224.48121151270414,0.0024024801811206586,0.00019096139667053078
31521,-0.9033347009331543,-11.29844211831797,3.772230102057816,1.7033541794463247,467.719381376063,0.6942412803613385,0.0001909709827745072
31522,-2.8143236515930017,-5.87316833066609,1.8203579387219488,0.8047939637791017,168.28307782573984,0.5322078657450282,0.0001910090087945708
31523,-1.6405094297708338,-12.49852391444534,3.7138181413969793,0.8732462923927857,182.8955171167114,0.17849152719801875,0.00019100913636918297
31524,-0.6106169178232328,-9.013291210499062,0.6271125547541874,2.2142223203991533,419.656350439323,0.9561702867117807,0.00019106789576594138
31525,-1.6752118266793126,-8.509076920504178,3.8754356469298283,0.9864980100165681,235.33036114509673,0.11951385215958688,0.00019108011374460382
31526,-1.278148240952179,-8.620089360842492,0.8314119293198213,1.4842738769871364,332.89900016474957,0.8714259008245753,0.00019108552149810036
31527,-1.6069808683651807,-10.586612635849875,3.866901995488877,1.222202294236452,212.3954344664542,0.0726447617441277,0.00019110177122036386
31528,-0.15952021243922054,-9.453123124511114,4.06121051727936,1.2795227179425015,280.58586786973814,0.047337075145089,0.00019110201669881533
31529,-2.12737817606663,-9.11251016465356,0.5620282921740998,1.5874823902714494,363.99884463272167,0.5389866694613445,0.00019111720610653967
31530,-1.4122281195395576,-12.386445731306605,3.7370469737387126,1.0035266658263995,468.3539118084192,0.5188560007940808,0.00019111922198775995
31531,-2.0646655760790464,-9.927887635581747,3.9980508574803224,0.7465511416732371,468.57635539469953,0.26873003043138066,0.00019113711457919614
31532,-0.46981658620737754,-7.7648196875237305,1.6467296447224113,0.4934150740114699,119.71035899684166,0.6418686759983938,0.00019120311503558764
31533,-3.1808659119763387,-5.397624914933241,3.5458441544980834,0.8988117197655633,467.25747542157654,0.6068914642097054,0.00019127353845948368
31534,-0.03714275866932759,-7.575482091402341,2.949148063924671,1.4065376717603844,312.2474003396891,0.4354553635784395,0.00019127619893928046
31535,-4.709732012363225,-5.087882301192674,3.94196881203878,1.1583408562730764,298.43915438219915,1.3066421784625177,0.00019127983147812315
31536,-1.6194271266890539,-9.100996397353017,0.572205911272678,1.8252809538937351,469.86104130530333,0.12767805300352553,0.00019130301009295163
31537,-0.38343459642285715,-8.170800108377652,3.69484896515719,1.1110985460467626,467.9793558056434,0.8284832135574751,0.00019131637551357455
31538,-1.7596503703658524,-7.919768132768472,1.3204198950921475,1.2202123388687502,308.8573347996186,0.6981997395011028,0.00019131793932967902
31539,-2.024791484804341,-9.524411679553713,4.056130488259306,1.5877280327629841,363.74912591387744,0.6481883288694998,0.00019132561980601904
31540,-1.1431653717007695,-7.873712600371322,1.5902946862371141,1.713607281786217,288.816217303074,0.03510002798763434,0.00019134633066064492
31541,-9.272593749584153,-5.2193720797510466,0.674339375468618,1.0804757347842742,287.3154722193741,1.1585312043506582,0.00019135574632806485
31542,-8.628651259944636,-8.079488380850252,4.774183326114039,0.6767255383593586,156.64793471295735,0.014211993558860492,0.00019135575323834492
31543,-1.2871995752829353,-12.126805868632022,3.7193928876645757,1.6543277014748503,467.81164203129555,0.5759481787519523,0.000191359997222642
31544,-1.2916164739998006,-11.784347266728819,0.2623663537652866,0.8640510117135306,203.8223123500477,0.5306180141536307,0.0001913696749667368
31545,-4.481877407712905,-5.429317464288673,4.3336709725957405,1.86823383377456,468.91069014748,0.08287480359111665,0.00019138468725481042
31546,-0.5873843335091209,-11.963097288461048,0.2636253787768373,1.8020191996083785,429.22254150558035,0.7666412811670407,0.00019138598662383368
31547,-0.3181017573652696,-10.672067123169196,3.8522533464847784,1.1390268357570588,201.43816657585623,0.007260514070233093,0.00019139625691190067
31548,-4.230478339248598,-5.211706305568545,1.2041544195378804,1.5981709038833927,367.98271885802336,0.14787437745341148,0.00019139791257667912
31549,-0.5643273769332691,-8.040925531625742,1.3568824248853353,1.116602856170867,467.23106581490345,0.760488831818404,0.00019142054544077144
31550,-1.7246324499881158,-12.139494835363823,3.7177653960166843,1.0656530013116936,468.32636030369514,0.6055311224727289,0.00019146021120824755
31551,-1.8874130695897335,-10.774780460161736,0.29221345110257146,1.1471335860417455,250.940162990275,0.9079371472379192,0.0001914728769811232
31552,-0.4689671112272755,-7.940469989066466,1.3005712639654774,1.179896277264325,304.07714694071916,1.784841373000324,0.0001914843100606838
31553,-2.026294999762471,-11.402666759767216,3.892327765274445,1.478417972963235,332.34257891572975,0.9299396471324348,0.00019150706129174164
31554,-1.218836717673847,-7.945780099070381,3.4766753493983193,0.9754113161876061,217.8879967092697,0.15861000974288864,0.0001915093377145847
31555,-1.6977701725647982,-9.661733450012603,4.021747652928486,1.3926646791338684,312.1885656214199,0.9834534102705943,0.000191519346171999
31556,-1.306255162224554,-10.827649739154584,3.828954246732124,2.271472612118152,425.4450511420351,0.9406782040385835,0.000191520368559924
31557,-0.19292022154305322,-10.107083719908282,3.962616746445628,0.8777271926645407,184.9835712529426,0.7536352746511312,0.00019152855234788404
31558,-2.200229817140242,-7.428939337196353,2.589689710008137,0.8580997091036223,243.0295435101024,1.4315279449415739,0.00019153867792581276
31559,-2.4479848639755906,-8.08146564423319,4.5209578976440135,1.0994273600116966,283.68319143483416,1.752213196847305,0.00019156594610360544
31560,-0.7052108335731191,-12.578158072913139,0.23334708144620495,1.0332687289836402,246.7447534687941,1.1136297215457125,0.00019157985688431558
31561,-3.039581836342017,-5.243606719729833,2.134805903546362,1.7815251595818928,469.22121609247876,0.116544747686258,0.00019160047756160774
31562,-7.919652049591855,-12.556242791144454,0.8888352919160376,1.7301383529265715,408.79872404636416,0.5139650029997442,0.00019161493645236221
31563,-5.215023079477139,-5.884686041986083,0.19719018938927108,0.8078379697861761,334.4690881731114,0.12942157697470336,0.0001916168122784892
31564,-2.027612592126462,-12.211323476237355,0.22520982487154417,0.8035222155667965,228.4646539625136,0.6154380086303428,0.00019162665709459165
31565,-1.4926171752941269,-12.705727219401476,3.7107882075545047,1.7939411250854453,371.0712558175015,0.6892756849503323,0.00019163976287852667
31566,-9.651432728971887,-7.13647467293176,4.2657669904195945,1.120337795677035,261.7798973816107,0.7227040842512968,0.00019165814373722382
31567,-1.6411329759841458,-7.346467944891963,2.3028224459736726,1.076979328735766,467.46713557312637,0.6557507474067625,0.00019167088040028456
31568,-0.6850021218232918,-10.543005488423038,3.9196015417592487,1.7749367640402127,468.12738463441457,0.4616393674215926,0.00019167207992524228
31569,-3.458357083140534,-5.07410805785225,1.9568708088232327,0.950845761648031,468.0037858909885,0.5132707000886869,0.00019169434189656747
31570,-0.6571136257687389,-7.36165163794387,2.5513554116243338,1.6316247232121206,386.2904233704089,0.47266224597598505,0.00019170732083269402
31571,-0.9101294917648293,-10.850530609356639,0.2847775622158472,0.954451720355252,467.7929187836207,0.29970816370811626,0.00019171914651624946
31572,-0.11252742976036068,-10.217088202854985,3.9324278563173736,1.11095847106955,229.66418786551176,0.1817560960085478,0.00019173148353441783
31573,-4.242500677061287,-5.6101827328803004,4.506387132828052,0.8225082401780165,237.9265013897371,0.8573247659635976,0.00019173393680600227
31574,-3.0672282552072003,-10.878762308692203,5.095058598796198,0.8498849069502693,469.2983120494828,0.09226738611302565,0.00019174511933761837
31575,-2.6792792763069686,-6.675188094297755,3.8972225876364286,3.125642061007687,485.25953624581604,0.34182613524449224,0.00019176311843795686
31576,-0.7260352016701077,-8.02737049131986,3.5833019997859656,1.6417132852095162,382.68699361766033,0.8625716432996757,0.00019177604154092971
31577,-0.052467341008927804,-8.476473249211516,3.855626400569267,1.0578807984102352,467.857141312831,0.9087518735378532,0.0001918067084211625
31578,-9.608395923277621,-7.574474223259696,1.8342457519376587,1.472405040192461,350.2338214710859,0.279888171570696,0.00019181671777128293
31579,-9.544532411256661,-7.714475972806653,3.455947155811426,1.0515925906869044,277.5079693596957,1.2124391103946701,0.00019183098029441046
31580,-1.5224046374020013,-7.68697055862865,1.9741460749810762,1.6979727250194057,468.05176040233783,0.4584479034666691,0.00019183258282018734
31581,-7.519782971781135,-12.700357410285303,3.570420611474085,1.7977533324912385,370.05150608476714,0.8083149072024041,0.00019184335136541455
31582,-1.4243052054516117,-7.855052483758116,1.5694190429758705,1.3488992485012632,469.8399133508339,0.0037124622819977304,0.00019184831174718424
31583,-0.37098619445896475,-7.3528459044327805,2.503592470666573,0.7535746190621582,191.86585928281863,0.7004100113041094,0.00019186477960281094
31584,-0.12091191085873909,-12.713378088745218,3.7333227737495034,0.7013771341896183,467.0334418932047,0.3728290558601177,0.0001918701633876432
31585,-1.6395248383656433,-7.412715855098892,2.2650825509190073,0.8975224164149793,211.5999641244916,0.3709450079916925,0.0001918746470806952
31586,-0.2299596483826587,-8.795790176260617,3.9683879451362083,2.1156658651101523,415.71815232020464,1.4882563221879197,0.00019187852941999716
31587,-1.222003436190926,-9.83514131906707,0.3854589700411209,1.1548470601516592,468.9023719057639,0.8579879399876322,0.00019188068926430098
31588,-2.044104007450633,-10.841167343572684,0.27013935901112973,1.3138087453917624,468.40302780804024,0.2789862072582787,0.00019188252792110588
31589,-1.0322741234268342,-9.233292283121475,4.057979953185983,0.9798085126555099,272.6083981469608,1.3972660639262795,0.0001918984666179735
31590,-2.0461558202687415,-8.39542999634808,3.8162703247331375,0.8278565874722692,202.56197952403002,0.0877836684184512,0.0001919111070194217
31591,-3.047726885564323,-5.902389044186814,4.151329514164881,0.8117443625596555,371.4688864066476,0.1319378070061097,0.00019191522355096495
31592,-2.5744187879399956,-6.568405089119557,2.078197349079307,0.9255300961601922,224.43506892045392,0.3937381687879258,0.00019191831886084903
31593,-0.6948685520663354,-10.239050913031281,3.941824763403335,0.7910443419919774,467.56096797343105,0.38493449833144044,0.00019195102218726238
31594,-0.3703674933621919,-10.003295698524003,0.3788672250268152,1.0845757400354832,261.4803720419284,0.4661552447242103,0.0001919630639265331
31595,-3.159675280716412,-5.017698201770472,2.225347330451666,4.844667509335361,608.4578084681738,0.31673201704203,0.00019196730303846002
31596,-2.295619569999899,-7.522148747126191,3.1960883249475054,0.8757902442418153,219.9458157638841,0.840648304685848,0.0001919906411212248
31597,-0.5252722592819392,-7.635022350563365,2.0410761849106964,1.0266129340020096,221.11018782615258,0.15383097575406257,0.0001919967686248284
31598,-0.044449842847775756,-7.875689227607932,1.5368026090106919,0.973034468184438,468.78547344347817,0.08144530231491576,0.00019200148965337364
31599,-0.4390644202959919,-8.725269768082736,3.986376088278666,1.5536996063867765,365.0854830510758,0.4344064291764802,0.0001920202165358108
31600,-0.8537942972732537,-11.004201494656384,0.2910508132365743,1.1970666380605621,305.08332399997096,0.46783872595323306,0.00019207453488698177
31601,-3.030636199039546,-5.428475389101949,2.3680620455732524,0.855322148435897,468.3965561936365,0.46378988318867087,0.00019207651845181946
31602,-0.7555585428791325,-7.677125608120804,1.931784247851345,1.0991141025883784,468.0788581214479,0.718632855137745,0.0001921191046694773
31603,-2.0957577896270987,-8.43510702421141,3.8339154664477415,0.8812508537971263,467.4038818866036,0.5695862915833709,0.00019214369936044904
31604,-1.4847147362207753,-11.24858086473322,0.2585406017825293,0.930452476133147,263.7100783124905,1.7269220169171176,0.00019214588138201217
31605,-1.7310773224273373,-7.640701112962836,2.0252886388062747,0.7771833774347501,161.39984591809034,0.41259146366992905,0.00019215914684059596
31606,-1.3622545212205068,-12.624088610675823,0.25018778849051254,1.906124173714115,462.75957792017186,0.6357785334492894,0.00019220572583313164
31607,-2.915971358413775,-12.264537836610119,5.099794601117236,4.763202653706254,537.7589027351218,0.1160279924294656,0.0001922095435072787
31608,-7.689813251390195,-12.79081953409889,3.211148380801733,1.8280855985436024,467.482853668063,0.2341786829345338,0.0001922099428473434
31609,-1.2350652502839559,-8.639021941794041,0.8283261630755717,1.4517970699747862,470.28506277831224,0.024810318438151846,0.0001922135847154896
31610,-9.84258611860608,-5.123150013457955,4.412712747505215,0.875762819669655,177.06498178598008,0.0801123754735471,0.00019221703772165176
31611,-4.752443575022807,-10.86541267895016,4.897408562555328,1.4055000265840374,330.2905382875117,1.6038091196167983,0.0001922290280517327
31612,-1.9733659642575674,-9.16112724623919,0.532031691086835,0.8134123042125083,258.9822865466036,0.0733924721968231,0.0001922306086200522
31613,-0.5284299925162568,-7.737536135581928,1.8201526589991581,1.4409891854864871,325.8477202581909,1.102938005473482,0.0001922548822318946
31614,-2.1022811710432983,-10.897849365149362,0.2361631897569509,0.6306063700996569,136.06767803579157,1.1658673559431483,0.00019225818025415983
31615,-0.9983322333585303,-10.4291291204932,3.8856511090052477,0.8960688102052402,179.54251221384897,0.1919355071092106,0.000192260985160672
31616,-2.778141850079958,-5.906899437169753,2.002517316108327,0.9797688187868208,206.94416450754818,0.9245419896253662,0.00019226639860892039
31617,-0.33480871438866444,-7.480770179257914,2.7135815087004262,1.1640704605695298,297.53968497972863,0.9954571116885331,0.00019228292035055044
31618,-7.3966269733141425,-11.726150658650976,3.8800972221945607,2.0807648667441847,390.0400032262804,0.22501668157605614,0.0001922894866360277
31619,-4.704583774309702,-5.316242702559443,0.9540280146838548,0.7691370013446682,212.34647795556808,1.313204204242802,0.00019229068321699637
31620,-0.13572457706143837,-9.237100094152003,0.5289549337753181,1.0271281678014992,271.97091324209174,0.8299338659275657,0.00019229108814956683
31621,-0.6360819880439479,-12.330345736481913,3.704813680692948,2.4167399806735035,446.36272202153344,1.5012783762516717,0.00019229264184194683
31622,-0.5186551925080192,-8.35705188823214,3.792856801369857,1.5458850436223166,468.0816954972529,0.7204406825391851,0.00019229913512630752
31623,-0.8997984204929228,-12.379933042154969,0.2400761502923098,1.5436749288407836,357.20686510268405,0.13361193027034446,0.00019231241309444064
31624,-7.624622033867508,-10.153942695144138,4.119483653383296,0.8618035839604036,469.924452854195,0.04689906612445416,0.0001923361720809869
31625,-9.793658165112955,-6.658204818620456,4.410003967556296,0.6494928446819402,130.94946173482444,0.8620207089186787,0.00019236125835003556
31626,-2.9682187412514,-11.890904860250664,5.0217368081100915,0.6127075909327887,127.2626165633712,0.026423278659549965,0.00019238125721371505
31627,-2.0236423416691487,-10.657627033074249,3.846923248891337,0.8531997491526281,227.17754324800464,0.7226585173584343,0.00019238664692562452
31628,-0.2195241292894341,-8.316091662099325,1.0366462973799948,0.8803868558788749,467.82121758295335,0.9318609656596513,0.0001923906806165797
31629,-2.9799159400372233,-5.826283479276481,1.056469145248264,1.0335630372103368,467.401974762274,0.13832432385383076,0.00019240312931101806
31630,-9.838303358289263,-6.5824800638793315,4.372065544049592,3.4037615954680214,488.8378095607982,0.21835620379589304,0.00019240477268388708
31631,-1.8351030906153518,-9.925172651696098,4.003616061542732,1.1439729648104,293.33747409872,1.143042184482046,0.00019240786786280535
31632,-4.7377795928477715,-5.259857322643734,0.9315388087295704,0.8231066503345955,226.32436186079627,1.2813924758411144,0.00019241611855849827
31633,-2.1218582659343754,-9.127518104108546,4.04941278754364,1.1180422961921825,282.86065528363787,1.409530346019257,0.00019243176992264437
31634,-1.0650227725572634,-10.062892364800536,0.33675602991759185,1.3622744148357118,303.62976873987765,1.0082962324947724,0.00019243378504859855
31635,-0.5182446291565128,-8.496834540030036,3.8595049267522548,1.059702882929208,468.2767058284213,0.45979066853514805,0.0001924381374645077
31636,-6.427407841963864,-11.157400266040623,4.754830084313626,1.901465137826365,468.32113427869865,0.4706185142223429,0.00019243948484143456
31637,-3.2079330267595,-6.168767945149584,0.6793563947249286,0.8129628788112139,145.02842448303207,0.06090215736815452,0.000192447085184191
31638,-0.8655808325154748,-7.525656610331127,2.8381152208840885,3.4060938390632356,527.4277839726443,0.982542823347921,0.00019244850268253688
31639,-2.2086544188859625,-7.38420326746842,2.337899567610682,1.4468301914541992,468.2488311527895,0.9333414294129447,0.00019246788568476298
31640,-3.2631656609881308,-5.4232236999696415,1.5446955926567387,1.1708534594085316,296.4567564713256,1.0176296100963045,0.0001924742083743932
31641,-2.7251720608198067,-6.256633949629134,3.397288710593635,1.208970557681472,468.0100901996455,0.43895474280089974,0.0001924990985265626
31642,-0.11681326626566779,-10.617160572946506,3.851899866290675,1.0161165540888615,265.7493398229081,0.763297201916008,0.0001925028283403724
31643,-1.189332727607873,-10.111786008681324,3.9551012534795675,1.7842025461221924,445.5404633618187,0.12847486716688739,0.0001925127037473012
31644,-0.289336353738598,-8.781495057830394,3.960157600572248,0.7928818739704934,160.61150836799146,0.08158616240351702,0.00019252942317350396
31645,-8.5072646214367,-9.140419205275546,0.5875729876932169,0.898179750602266,257.35807516592206,1.1845950182953375,0.00019254160378698516
31646,-0.3241860308168416,-8.357422037662268,3.7909090502171607,0.9076119825138367,259.35648899269415,1.2929171955107366,0.00019255427528829428
31647,-2.440787725824846,-8.077701811030881,4.44323363580225,1.0135353160830713,467.68473098251457,0.12474506305555444,0.00019257552582540463
31648,-5.771747248889158,-12.718583205667162,4.597546320341187,1.6966670601382907,468.66424564819647,0.8364058644919288,0.00019258063951902837
31649,-0.09185895477016004,-7.6229034972810945,3.0476305275731272,1.6801908858541355,395.4511148558203,0.225161347652298,0.00019258083825358412
31650,-3.143365474960685,-5.106516557326088,2.1779471363604994,1.630208431733507,377.0825900045834,0.3320739502099199,0.0001925913237117665
31651,-1.9611462497063883,-8.071553867456123,1.3686251355762666,0.8408578809307486,235.52514990889452,0.7013157062532009,0.0001926021108538649
31652,-1.2680594147672597,-9.508410359438555,4.048570982485151,1.0401326374302706,278.43636349545534,0.6209563452129236,0.00019262078907227725
31653,-2.721555881766813,-6.326347916831064,3.5515733550472204,1.109451216187481,468.0200763885266,0.3770516838918381,0.00019262680602137486
31654,-2.1381980105610507,-11.048898385038848,3.8629597755538683,1.6994457963056984,342.0329825447155,0.42756516058011584,0.00019265040721878196
31655,-0.869370262153673,-11.890218758355438,0.24934061024908918,0.8640508382151638,218.60876667997397,0.28432407069303167,0.00019265691190090747
31656,-7.751938335586361,-11.50621198832933,3.2574840029748593,0.4862234287329442,121.84392508430248,0.8510985142115164,0.000192662847627953
31657,-3.2963230046595013,-12.071737760323602,4.614113365337538,0.9260740999865281,213.86870050256888,0.4190924382776595,0.0001926629115849288
31658,-4.060186954667283,-6.793811225903681,0.12795070879069037,0.9401922149488229,248.55274223383606,0.6261387742247271,0.00019267300409207716
31659,-0.4191519588304278,-7.877561085738697,1.5743384100915427,1.184463890368405,305.01682722185956,0.4845979408690342,0.00019269167216409577
31660,-0.18865963326156177,-9.951808759402608,0.36568875760972935,1.022710072308495,468.1631955047502,0.851143334222761,0.00019271050188689456
31661,-7.93352458586325,-12.811601563722421,2.2780494342895468,0.9180736480426542,241.29205142525169,1.481091539884356,0.00019271931461343933
31662,-0.3782532733914312,-7.477994422043478,2.614954994720679,1.7325353044356326,286.4109345194655,0.02448628243515838,0.00019275362000212632
31663,-5.060571312758912,-12.245052359168188,4.622058477279208,1.3389873142151605,322.29763454830896,1.8964513614031686,0.00019275511601855478
31664,-0.7729428640981446,-7.978490740696568,1.5179845416245359,1.5524686308917302,360.1748801280975,0.3061518412045432,0.0001927667450593562
31665,-1.7135050042801439,-8.957944552784353,0.6424684417113629,0.8743179743829453,467.73656391033006,0.19540624055247768,0.0001927805714245246
31666,-9.097045577105723,-7.325575654338377,4.991720556317719,0.8399128727982468,467.9289230190397,0.24070659055318444,0.00019278813316092158
31667,-1.5335421304508596,-7.610916545751741,3.0847727974865755,0.9711493043522064,205.69077370916204,0.7105304964719208,0.00019281861882532197
31668,-3.5928306081236885,-6.059401567233009,0.7161942576476448,3.5904491422141214,205.38490595486527,0.3433811999532308,0.00019282980394749356
31669,-0.5801311125335236,-10.516776932075754,3.9146301708166824,2.479065745172188,448.72027216482445,1.0963967150101412,0.0001928366212748152
31670,-0.3354620924140921,-8.969966516748233,0.6558945854701201,0.8250958517788556,184.56306440215323,1.0284245453021033,0.000192858577572168
31671,-1.3265313968762307,-8.33240337169791,3.774508971440429,1.748041430923122,442.43450474889835,0.5685658487372605,0.0001928587664971208
31672,-9.024383536216654,-7.87316750401134,4.324452896577666,0.8048422228387384,173.5916991205053,0.4220545548510417,0.00019288497197129513
31673,-0.7346109915708094,-8.929979487253664,0.6615511033996294,1.2449871277409954,291.23403555703595,0.13885293063756077,0.0001928987973669122
31674,-3.328326614642771,-5.127843562704601,1.8304130021974292,1.4824863577111347,329.9867156647963,0.5107908804960859,0.00019290861826004414
31675,-0.9706039308044616,-7.374858087634833,2.5348836957027285,1.0217855990951503,280.1085697666316,1.0285156820967876,0.00019293873071849223
31676,-1.8805412985714138,-8.351931287629021,3.784661088203142,2.255756615927553,416.47655054266005,0.24557255170088244,0.00019294336208710913
31677,-0.5036212936261641,-11.496735946804147,0.29390310823526755,1.7412756908954756,356.50017042611313,0.5169988612388696,0.00019294383205768767
31678,-2.4734280977172123,-6.859016090986774,1.6164085151902952,1.1049308869815317,176.67891444028677,0.16225446000547805,0.00019296972767188128
31679,-0.7862642206654478,-8.061706886230258,1.3710273984089445,1.6812427012936209,392.8903832442419,0.2093275159075656,0.00019297084274143945
31680,-1.6924070862467069,-7.734081515034376,1.7821052999824225,1.192154175878922,467.86564987458416,0.35604557818027427,0.00019300004839178144
31681,-4.06778438317833,-5.017908222949758,1.9771371530342101,0.8851289566396475,249.88765229190045,1.0916339430737985,0.00019300086006348216
31682,-0.711485277031759,-7.646599805527465,2.0475607291962894,1.4272384507289406,468.7389055722103,0.8348973884950022,0.00019301498403966007
31683,-1.0748259223376735,-8.66462851782433,0.811431276787761,0.8286861654042512,204.55458309833344,0.25147490609817336,0.00019302100359867386
31684,-1.270574058843927,-8.17794570837831,3.6371633585150547,0.762752195406804,130.38138924999382,0.0907894427194913,0.00019302374700839659
31685,-0.7144196480818152,-11.756301264833791,0.2550366465610368,1.0124387985583219,467.4721464285424,0.26091203690381537,0.0001930292237867676
31686,-2.897004306363417,-5.618745508072032,2.1433581531122567,1.4433043549507163,334.7179406749723,0.7127032935182074,0.00019305076680282724
31687,-9.788136292064175,-5.542499030125186,4.5290043605259225,1.0536008506210868,468.0339568069051,0.0311508820682187,0.00019306072962444522
31688,-4.6071584232890475,-5.2077301870084876,0.9840635835566854,1.1049074363749656,466.99987352504854,0.0985053834856986,0.00019307247868490706
31689,-0.08224039985010378,-8.356692951791644,3.7861027928139435,1.7464477565317202,414.5231633406856,0.8873143633185059,0.0001930778467372441
31690,-0.6967662650685984,-10.95805837575678,0.30140439596511553,1.1961266482744848,299.3907959014577,0.2106224242933239,0.000193085589529704
31691,-9.279522864577574,-7.6353499537258,4.222705494757514,1.131934177290074,294.18005340238267,1.6097166601538326,0.00019310704599764307
31692,-4.5272528270133625,-5.715911046845783,4.789479850407943,0.7472135462045973,467.5961311337872,0.2786410798203818,0.00019316411718272835
31693,-0.09501924884122559,-7.371980996824739,2.5074848847549283,1.607078476531769,374.58492521122207,0.14673270886977807,0.00019316688775854293
31694,-0.25563739188100776,-11.38860085194614,0.27939922581513804,1.8548632878518558,468.0241555249605,0.37895832965029097,0.00019320172052359776
31695,-8.416282267981211,-9.117163058811975,3.435434996882743,1.0712433281908973,277.5045024487027,1.6058512243003795,0.00019322191142531994
31696,-0.7017102214129185,-11.017059210256868,3.7889597327721356,2.488355479947659,433.52858816212387,0.47676486504985327,0.00019322450388258367
31697,-2.4107033053943567,-7.0859307679018,2.3370369736187193,1.374450801866044,468.0126700334452,0.6283057619891217,0.00019323122921345318
31698,-2.883195160399059,-5.794836660813819,3.1932996166068834,2.060078842582548,411.2128092508498,1.757082441114652,0.000193233138390022
31699,-0.43168643847071664,-10.421245872472166,3.881831349443917,1.63734376803969,467.997187211924,0.8952625468273441,0.00019324607274617692
31700,-0.21183070177744057,-7.8199509582094064,3.3547961832328217,1.270549600876316,264.92624512155714,0.05734805450303693,0.00019325197685551363
31701,-0.613734958876643,-8.336167318957024,1.0287579918786478,2.6700211374846385,473.0963449101158,2.1247240148834736,0.0001933059736780756
31702,-4.532474378128345,-5.783104542072386,4.8378383191829295,0.8638147571001874,467.8014862517272,0.034479094969540824,0.00019331148940428068
31703,-4.49131680177072,-5.330396151449025,0.9920454497860967,0.9314622636523977,225.69593505893238,0.9716309846512869,0.00019331774096042012
31704,-2.235995258372742,-9.342130007880025,4.095274159600966,1.3462807983544647,327.4480876122961,0.34754706508151223,0.00019331991331832875
31705,-2.2283861917670356,-10.509564813733531,4.0333355339735135,1.3283303201513543,468.4961445037716,0.4051798128569315,0.0001933431529772515
31706,-0.17193917361227307,-12.247561702334758,3.7059307653023947,2.7783864772964817,478.24290735529416,1.2143426289297752,0.0001933444407373344
31707,-3.3268455419658682,-5.264364739070245,1.8872576173607596,1.3778214941038007,314.6628367856114,0.37218057028780205,0.0001933483340126201
31708,-9.720798659071471,-6.697424060949184,4.503473856958199,1.0957543187600751,286.89844788018473,1.3146743815760518,0.00019335477798287497
31709,-1.576088456274869,-12.338612844519155,0.22708025134523796,0.9370431245051704,284.3285397345364,0.2525447808476491,0.0001933756870768479
31710,-2.144852449694346,-10.657999061078515,3.8390692388144068,2.201850274010908,424.4770924229213,1.470576905284859,0.00019338783096982314
31711,-0.6592067871189826,-7.733902607186374,1.788775480095655,0.8037543996676357,130.8953993522899,0.2996884933021242,0.0001934061111175126
31712,-0.7261807186465123,-11.826778443516414,0.25556939174589605,0.8345724598634457,235.7141008774834,0.4734832519337564,0.0001934178343806805
31713,-3.602332440121857,-5.622778873436296,4.319914906500024,1.4306535208683642,468.1180286653918,0.23640431865762768,0.0001934236852274232
31714,-0.771817660080087,-11.48052280032804,0.2646385568728006,1.6365609010020652,386.51274282755725,0.4742620539516986,0.00019342551812191532
31715,-4.812752205207104,-5.357285588330887,0.8590471430771641,2.3743893758318397,418.3939686150989,0.20507550465705382,0.0001934332708442533
31716,-3.879208336340705,-5.691107799032877,1.0569505651552311,0.8570397295496439,468.34305605786614,0.5147627178412639,0.00019344949941754242
31717,-4.301642783570263,-5.767506172307992,4.7636368775436795,1.5196822309983247,468.22323235116335,0.3134902770147665,0.0001934617058888595
31718,-1.64149370775268,-12.381287547267315,3.733185430043243,15.22524045874701,527.3036877623081,0.10504893859586684,0.00019347751564128353
31719,-1.031934289833785,-12.06045138436435,3.7157791946845578,2.1324308437135837,414.79228272847416,1.1021316560350805,0.00019348510120007124
31720,-1.4240615505533842,-7.464061228718877,2.602584720847744,1.7161914243281309,364.98212620862773,1.2137796406163242,0.00019349436927820754
31721,-0.23709422927501578,-7.759730215945584,3.2487541627749965,1.1512488000027128,294.09226669233664,0.8795247596597964,0.0001935212311901017
31722,-3.918158036671815,-5.127683186234542,1.7428005989303892,1.8167629723404057,468.2485505387159,0.6635870637243846,0.0001935305544744457
31723,-0.6632976632372127,-7.741722529693878,1.7427308901063616,3.4776326708600807,438.606264346833,0.06228684831694942,0.0001935348104906477
31724,-0.8590256120635846,-9.657669975502948,4.01165887538112,1.6604499486584665,384.60904022550915,0.47113139212746713,0.00019354623376847515
31725,-2.016589904500581,-7.394901627926294,2.5571638277802116,1.6326131694023176,383.59699251375315,0.8812549493490192,0.000193559873239677
31726,-1.764542310605382,-10.03640951764493,0.35652725509809846,0.8992123597891168,233.1852150104818,0.7061779471667222,0.00019356577371542816
31727,-1.8833459038232387,-9.603381319861317,4.029520084671633,3.7566991111920154,547.9943683132709,0.6817662346787268,0.0001935897517301646
31728,-5.685884825440425,-11.849761501676172,4.683960126050003,0.8101957254394352,469.9160952752147,0.05623475320436544,0.00019359817993517897
31729,-4.165226502468834,-5.477270629442482,4.147620851905674,0.8806774521736709,212.00533506446632,1.0663580420519336,0.0001936085701533077
31730,-2.3163267975160284,-12.499226090341772,4.195881263497195,0.9294695937034796,233.25954100365203,1.0642746465886788,0.0001936173599595507
31731,-1.741421051499346,-8.0290699605235,3.5655935427037533,1.5763270767247066,358.99788837308836,0.4681835355706836,0.00019363631791415766
31732,-1.6706174757313352,-11.558304839769391,3.7249863827636207,1.7839408784916952,426.39252511759065,0.9373326347063573,0.00019364646962925008
31733,-4.775515536186915,-5.719830444958592,0.5809797400548528,0.8764437403383064,468.39041799537415,0.8344253478305559,0.00019365672325293763
31734,-0.3437862776999552,-11.354061618524451,0.27045400178293605,1.6716414102012302,391.8075308904836,0.19955225114188746,0.00019374527334503437
31735,-0.34889187237937946,-10.763220187751333,3.8895791540143216,1.025172625854371,469.0113860479671,0.0002746270468509948,0.00019376280419385768
31736,-2.1859653256545455,-8.209648266711957,3.689615670006685,1.4048231835577552,329.01774206167636,1.3783385519730684,0.0001937711703415669
31737,-3.505571692821813,-5.435801436484235,1.4163744884204503,1.2759173357868834,345.931211120764,0.3410718381910458,0.00019381068861926894
31738,-2.205678196559492,-7.3953949713658265,2.5407329177167433,2.0432587344309097,407.3849046964715,1.5440969268428342,0.00019381452566278457
31739,-0.7228833092940246,-9.303741607455873,4.04605143668954,1.9129433065365855,467.9626383524016,0.5768728483245864,0.0001938398507774772
31740,-2.3020048684189724,-7.9969391047868825,3.5342713705528563,0.8717401533444007,467.8632206156624,0.663267816423879,0.0001938498362093031
31741,-0.2187645137928822,-7.743444270560277,1.7823302690054954,1.194727232702256,156.8413865344681,0.16937540326578038,0.00019385938187651517
31742,-3.3404323397491993,-5.891038746026203,4.727946019748693,1.3557344999582632,328.45987874216166,0.2838094169403247,0.00019386430971725548
31743,-8.441071917792097,-9.372489677149495,2.806359436604359,1.1205060632212993,266.14258359184623,0.8422915280675474,0.00019387493702857788
31744,-4.711606955757837,-5.5280028999178725,4.543837705613564,1.0804769577860789,282.4654318725496,1.5870380271711682,0.00019388029078230528
31745,-9.954591390657258,-5.228908154207478,1.8426507837050459,1.7023894238936608,401.23640259611193,0.33279895562878625,0.00019391598873722506
31746,-2.8521425497814903,-5.98209453276155,0.9310118249128416,0.7941278378834661,148.77911897302928,0.1845028526372996,0.00019393570690215
31747,-3.462749035841881,-12.431021741169337,4.568786723546722,1.0438616661554183,219.25541917363887,0.16268078390822538,0.0001939364387228231
31748,-0.7815813168735666,-7.931221677344936,3.40502750893797,0.9515004325769303,248.2315406214449,0.9359532686267915,0.0001939409839431692
31749,-1.8154617666604285,-8.067111365367026,1.3579936516473428,1.3715400389239367,329.8427442700785,0.2468522745580808,0.00019394509862437408
31750,-8.460894996213447,-9.205877452811391,3.099108250675283,1.815783940826097,433.65937945432466,0.28909372295961244,0.00019395232728576718
31751,-3.781441215181397,-6.847667122831139,0.081063475944381,1.1011662601826342,267.2587177534009,0.8471593674330817,0.0001939574976576964
31752,-1.4535543900504209,-7.986446056913527,1.5139819425467662,0.9966090740561406,197.11737152646685,0.5830430875788384,0.00019397211806747864
31753,-0.6653495743636775,-11.045770784946338,3.7784827815265714,1.7804774696618273,467.81444946747126,0.06906519449475645,0.00019399532922654612
31754,-1.5004943357204077,-7.48575626152559,2.7798763097188344,1.0952421182821008,467.0463619396665,0.796837572543283,0.00019400648394134271
31755,-0.4361411508905988,-7.516964113201194,2.8305068137132863,0.6312091145885596,136.15853955655942,0.08970965508992013,0.00019400791788734691
31756,-0.6785884050396511,-7.588831362671645,2.127145191051106,1.3191748250432587,297.2355969592818,0.22790167983905096,0.0001940106655631584
31757,-0.13428137678720375,-12.608247179278319,3.7490583834702402,1.9786738346896915,401.2867473526376,1.7041624494508554,0.00019401370495809043
31758,-2.727619734259611,-6.85564463491817,0.4090354627372973,1.0797020227148617,280.70024103101986,1.5855355519196044,0.00019401900055125202
31759,-0.8700227376570862,-9.834759224033595,0.41715228774608876,1.0445856256400081,467.35252492141393,0.45577656795901067,0.00019403447684117502
31760,-2.936218145958403,-5.680292708306852,2.0002112482895766,0.8690175383185422,193.09190419086337,1.2407118847895866,0.00019404152800715714
31761,-0.44700050024236937,-10.04878844315838,3.9527344231644173,1.597219295653847,368.4731943297255,0.8077592924291919,0.00019404255954243787
31762,-1.7572849385563156,-11.263660755532888,3.7508864683598993,1.2060502916346547,467.8049827750232,0.22540267310279205,0.00019404447256872277
31763,-3.9892232976292386,-5.726008562754051,4.4674223609202555,2.5689530119272463,462.72750613717943,1.7795617092805402,0.00019404720675483136
31764,-3.443501692596395,-5.264827179987269,1.7481194311850528,4.827672102779648,614.1400638119585,0.665087234177518,0.00019404822144109866
31765,-8.029464854369637,-10.675656714573181,2.7555012639908587,1.7889096774723972,425.02049113493223,0.38341680227756836,0.00019405974077269192
31766,-2.090131015958131,-9.451557262111283,0.450917970506719,3.15074002710573,504.49317240583866,0.7466333790463704,0.00019406641318412066
31767,-4.483184000812072,-11.87057378907433,4.645996701403809,0.8770973030159719,467.19296185214813,0.357671460987107,0.0001940789053260858
31768,-7.839340983117086,-9.642555571174233,4.148944346199297,0.7606760591272163,229.1518848404358,1.2572676612384592,0.0001940944154565363
31769,-0.9371634181927693,-8.665318001406616,3.922657838398555,1.1505993474444582,300.66202183184015,0.6774724984120555,0.00019410039395932613
31770,-0.054407309788661706,-12.094845760115144,0.26624549205337344,2.6694898500496222,473.2072466690992,2.2318182197331415,0.00019410629949089718
31771,-3.3451372686157264,-12.160166183780019,4.595971670876522,8.617986220420443,757.9904269088348,0.37849032047608233,0.00019414801041359067
31772,-8.002826849546818,-11.763406668567143,1.7110215174154477,0.5645619847836333,133.0779947101963,0.20134327226083837,0.000194151525145884
31773,-0.16335193432087536,-8.775022964430924,3.946799817990208,0.6484643439626524,192.1721227295301,1.0302561925220548,0.0001941523089140852
31774,-2.7512099328609434,-6.096637053939519,2.855643440820074,1.0077103980353923,180.1463554996301,0.17428682433909604,0.00019415747933672586
31775,-3.7674699614065164,-6.607027399262305,0.2648660146633395,1.1717525733644354,215.34812855159632,0.04095820872335665,0.00019417941615641822
31776,-2.9216419909339155,-5.669495829714886,2.3763023588964325,1.6430767422307537,468.633302258324,0.26227627848768265,0.00019420262114020035
31777,-0.4754256709472813,-10.058165826658655,3.9503663117537093,1.8153936068287684,467.8835055640872,0.7942260902989657,0.00019420731849570838
31778,-4.662058077202752,-5.463406850496414,4.527929536900573,1.3474623151612293,304.59748470770455,0.02054525898613324,0.0001942097558596175
31779,-2.3147690514587325,-10.60482793361479,4.283254873102155,1.491867505684334,341.47428229016697,0.43517602531250077,0.00019421466844541833
31780,-0.5773395516881816,-11.138454761428036,3.764753011667489,1.499291056396206,331.4407523836645,0.9312098888306375,0.00019421855095656427
31781,-0.5524145561241411,-10.440206090842464,3.8814132237764287,1.7756198512469095,467.17355609850046,0.0913195662454056,0.00019423988992232184
31782,-1.0102707194741196,-10.36119528845875,0.32633784733328647,2.6017361262663314,187.90890902571084,0.32926432012248874,0.00019424392561595083
31783,-0.9511158554502099,-11.958867752764206,0.25770774830736787,0.6565372979034001,139.57449971698475,0.16605194345963792,0.00019426544980211217
31784,-9.601549281071314,-6.639880894601123,4.7156370430873515,0.8134806446423007,222.50654000018693,1.2475824873794403,0.00019430098277133418
31785,-1.1870288613786855,-11.18951417653442,3.7575153667740766,0.7821695869871168,135.9110101936237,0.24407212150748503,0.00019432399248939144
31786,-3.798349830571535,-11.663589138180637,4.66958941758746,1.901580371182215,467.88318914546124,0.5512182293715879,0.00019433132722825231
31787,-1.6770969131130897,-12.868825521026485,3.6820057225409872,0.7487153465926963,215.30564421724964,0.7017553795901215,0.000194337169338144
31788,-1.1729851763376775,-8.086596126371434,1.3804594544513435,1.6574404165639116,468.4376998101502,0.7975187401430697,0.00019435139514550496
31789,-4.884199339271627,-5.035028782095042,4.254865916159497,0.9614155378125552,200.4713478888048,1.0630285450558494,0.0001943629548700898
31790,-5.482042118428195,-11.155393485111865,4.82596884338408,1.372098292378203,300.4972485674933,0.2825438955246016,0.0001943654458508268
31791,-0.05336210006568187,-8.633291248724547,3.882159111197877,1.2876079919844718,218.3204468931482,0.40482266691837854,0.00019437129694676092
31792,-3.3901027356126656,-5.386219668137594,1.503334565038544,1.0740761370210001,467.85050659478213,0.9192871353464414,0.0001943790187301414
31793,-0.9493141720425857,-7.893071761061475,3.427792930091354,1.1628586287493967,273.0325302900329,0.48120562196666494,0.00019439561387654474
31794,-0.6114064569152919,-9.344081944532233,4.042197023648548,1.1000590630655178,467.99172495080944,0.36417321138684944,0.0001943975457284664
31795,-3.9386066718834165,-12.806027683813008,4.548312507350518,0.7493221729240305,203.37314950081918,0.5135347314081526,0.0001944315054721974
31796,-0.5148425766539582,-10.24611717481201,0.3254125875640712,1.817647015509209,434.4773465874277,0.20237590947302042,0.00019444875518001068
31797,-2.2732868261374826,-10.823885483415232,4.027230210917232,2.268707789803557,432.4031010108136,1.6758423872865835,0.00019446552710274646
31798,-5.547328727164139,-12.751922329721225,4.59025756178979,1.4174635682923296,320.86106547542767,0.6802844198708033,0.00019446968212968353
31799,-1.5285349748736081,-12.276619875219774,0.23750190544742752,1.9475317304979438,398.87214856184875,1.8821513565495458,0.00019447741600141311
31800,-0.6764822461997184,-8.254850029833806,1.08130296025014,1.409541070222374,448.3161750147862,0.8491264096339322,0.00019449400532899766
31801,-0.3390142364465998,-12.925176754669339,3.678274115420684,1.1316614881057465,292.2144602482068,1.066994832663121,0.00019454505208790434
31802,-0.7699505115901601,-9.691784282699,3.9759459769834318,1.8574993617101228,468.0617088159516,0.2731968690559903,0.0001945519575795193
31803,-2.4657377279679915,-7.290190260499281,3.492921330663107,1.6354548016918606,468.5472062525111,0.9417313279292285,0.00019455230578414512
31804,-4.351487580122551,-5.057059915122935,1.3068039706865382,1.133136775547084,286.3156573816548,1.131981212603149,0.00019455635177336708
31805,-0.7525572055796843,-9.379408596158424,4.034001310471861,0.8505728616442557,468.48166822038513,0.32849709958005135,0.00019458963635894007
31806,-2.9510188602424323,-5.43515342264685,2.221463328611381,0.9460459066670625,467.9847020504786,0.36096169151787105,0.00019459024169888472
31807,-7.754417630394486,-10.733683696401467,3.529453094913007,1.2848330055184534,287.9907945318795,0.11129614035910862,0.00019461127770796423
31808,-3.0103575083953267,-5.708014946238195,1.1453228235406496,1.3388922263800722,301.13301316316165,0.5570009295645084,0.00019462919667241797
31809,-8.674438908782912,-8.889599230834728,2.9929911292611617,9.957406154084078,774.8503392367414,0.30112831063941226,0.00019463534219189659
31810,-1.375211654021598,-12.56942708284656,3.7015339987039027,1.6274841164260516,467.6636400959178,0.5694133034735396,0.00019466073619603793
31811,-5.383874883873276,-5.528242320778306,0.2201482618702312,0.5827427694668785,125.00067379464639,0.1727281541572152,0.00019468243500702536
31812,-2.7235329646883457,-6.179253599122262,0.9640971433687273,2.5769967428921006,463.75587673374486,1.8878223887525047,0.00019468457195831988
31813,-9.520784454258873,-6.100550037230003,4.951870581072682,0.926589889932498,243.69852710149956,1.14266844890619,0.00019469592358960716
31814,-1.214487686956545,-7.759969534048863,3.2815095317534357,1.4482122628739318,322.56396176566574,0.6617044543031207,0.00019470252434328165
31815,-0.4129153018700986,-9.217839253092578,4.032619953037937,1.5238943507197462,349.37934636633366,0.018736795982121635,0.00019472437459431852
31816,-2.446916379423147,-6.810276550412759,1.1825409457977085,1.308417277375173,317.5679134919319,0.644667029903939,0.0001947645980534699
31817,-6.499545554632495,-12.294523317513821,4.532102191156307,0.8068525775424389,231.10528594301192,1.0867267032220118,0.00019476933219634215
31818,-9.392076132960188,-7.0608964892192985,1.253835345662559,0.701910098870391,192.4985499723151,1.0184240854754423,0.00019478737406997416
31819,-0.2549189980927711,-10.258268407107376,0.3228229749558332,1.042092381232002,282.81955648585745,1.2932777246985054,0.00019480358186414992
31820,-0.15726160613865758,-12.48974222469245,3.6929919438339844,0.9491122689662649,468.0912389244307,0.725928410352874,0.00019480909862943646
31821,-0.38862141806633765,-10.066026151179319,0.3841754126325648,1.8922734504868375,455.50605884295635,0.4955438024791574,0.0001948577259705353
31822,-0.957370604182886,-7.8813220556898615,1.5587476300161442,1.8707804278370697,451.1717153253759,0.17293854057775082,0.0001948619187214119
31823,-1.3117511321506274,-8.934303861726677,3.975563700512967,0.9781301936579162,184.65138377120198,0.140359237121241,0.00019487244224783074
31824,-9.590072093918936,-6.669252446621922,1.5156751257538867,0.934775198901447,469.7413090880415,0.13222898873347777,0.00019488121430745518
31825,-4.274688013497369,-5.115366533165317,1.2873828900186122,1.8968829026190335,194.36918695078927,0.28492268600076986,0.00019489583701547724
31826,-8.083946921396945,-10.85371187233685,0.6307255586021643,1.7795753577542226,447.1676650244952,0.19103224130355212,0.00019490127563632508
31827,-5.486666887500657,-5.129748921247246,0.2489874850771715,1.3359004358807653,312.88379923848294,1.268947303503329,0.00019493351563396903
31828,-0.6898203472660231,-11.951976683803759,0.26256506925639367,0.5442513882374022,115.38210695093198,0.2621048555488432,0.00019493844376312265
31829,-0.14083758754905773,-8.678192050862638,0.8326215717278442,1.4223613637413965,320.1588336388331,0.19445314638331457,0.0001949461457109872
31830,-5.05618172556023,-5.538336019529034,0.475064417502587,0.9636111126597707,260.716472069243,1.5454933032169125,0.0001949525591300555
31831,-0.7663428166402966,-9.279147214482137,4.03228246000158,6.8186712344280975,701.1309525302497,0.3597467471318607,0.00019495532984919366
31832,-8.270140316506133,-9.84695183006271,2.6700182173579394,1.2342527382446984,309.9687429353232,0.7043549595181684,0.00019497264045235292
31833,-0.07264383775874528,-9.205017001707995,4.031070044700048,1.597105482792599,469.90592037681233,0.0674825137543813,0.00019497964108162628
31834,-2.2617473828426533,-10.239669782926605,3.970386123307336,2.4000475133187584,444.6946509530239,1.3977849023005895,0.0001949960614105077
31835,-1.0393503822005492,-10.874002723154092,3.7946875901254478,1.063119896148705,252.98424372326704,0.3033062199580119,0.00019503541234230327
31836,-3.2693444762958404,-5.494946420299729,1.5683323977545536,1.36157018327457,305.5042436305467,0.27481927094179337,0.00019503982174566488
31837,-1.1124357906793083,-11.793494875979944,0.29071746324650405,0.7566906650542068,151.6069131033982,1.0817196743098565,0.00019505639427609353
31838,-1.2296422938839964,-12.240811486789484,3.698704365986595,1.5679171348881273,367.5650496827671,0.29367978801083083,0.00019506158306954182
31839,-5.494220866410519,-11.588834210976808,4.721800138683038,4.960687215339483,623.4389473461828,0.8290417881852257,0.00019507523871467404
31840,-1.9124443442510426,-12.06189603367562,0.2690050156121206,0.7229099905189396,208.65542612724653,0.293511231595887,0.00019507737284680716
31841,-1.4091166927188077,-7.399313734203461,2.1977997269178533,0.8432118434733384,468.22021893784984,0.11511034364137362,0.00019508599495468532
31842,-0.15325282497508397,-8.120570387858525,1.2040586300907563,0.7592179301626122,161.29245753837932,0.2708253918918251,0.00019508854598248316
31843,-0.14118331164457842,-7.693059224188318,1.8661401965330253,1.4536430720352478,325.6665214998951,0.3540325926979815,0.00019509297434005746
31844,-4.63707547804607,-5.2613645112570255,1.0348677104811836,1.8501914908203836,444.9531273171425,0.5781418837362828,0.0001951093169481209
31845,-1.1112099024444184,-10.37696104271809,3.9176189780169746,1.6530302294835695,386.9394479481854,0.06995657109937259,0.00019511692386523936
31846,-1.6457011847014815,-12.395646059289769,0.21456139277581399,0.896843480554241,226.29565365069357,1.4048776101801819,0.00019512290896029385
31847,-1.6249492595319577,-10.779378995521999,3.8075056324119,1.0036221798467313,470.24612359724836,0.22673365754646557,0.00019512608923108834
31848,-5.114928435096958,-5.231324930754958,4.688184511161527,1.3655554771534362,303.43680088762164,0.9652868954344882,0.00019513487599154196
31849,-0.7947131332097559,-12.326814616303128,0.257401854429007,0.8012644924524392,162.5699347375903,0.06298711288939796,0.0001951676474249722
31850,-7.140485530139399,-12.442521161873051,4.1047564659987605,1.462955454554774,337.0693821813155,0.8037359086734046,0.00019517327435206606
31851,-4.040683168854137,-11.263064526518118,4.757651106563284,2.7292880126300174,477.97293745440305,1.9811769076805845,0.0001951745103389162
31852,-1.6965415937638983,-8.21140294574628,1.1700052600970798,1.7466125480320471,413.17637088590396,0.2621873702978288,0.0001952075069129494
31853,-0.9984913222147753,-11.303540780838748,3.745868650812896,2.724633857130503,467.9071130135945,0.8359077603284755,0.000195208013589669
31854,-1.323840446727587,-9.26027107699658,0.5410524221794624,1.2143547349898307,256.278842053934,0.36275548028407645,0.00019521708589266296
31855,-1.0298210964892593,-8.461732697769751,3.821557417675975,1.7932132751446188,468.66799961068045,0.8747464353963883,0.00019522263229244962
31856,-5.099420544036009,-5.676833818148092,0.380512857918748,0.8534810116348142,467.83369472292793,0.5401398426109392,0.00019522998260468194
31857,-4.684158320904838,-5.093176901132224,3.884096455054151,1.8115204531575861,382.70650191026505,1.5793861909513307,0.00019523959734681147
31858,-0.19748500790368695,-8.15232616847533,3.6184596257431085,1.006978201261091,467.14266702737103,0.7534527434107936,0.00019525083630098585
31859,-3.6314916664194126,-5.181072970700586,1.9802157993449325,2.3015482257203628,431.51935313199584,1.1499116790256183,0.0001952509254732137
31860,-9.544380120307208,-7.598985930020369,3.720246445301656,0.9080186508119399,174.93491886511202,0.13092117162748007,0.0001952621474334911
31861,-1.3621698223555079,-8.242236574776788,1.1177038960994963,11.09648994336115,456.5251205222673,0.1356994660304638,0.00019526366060405346
31862,-3.396005340025612,-5.775905487561701,1.060765850169205,1.8424161687673717,468.2304177518893,0.5924562029474414,0.00019527009514162124
31863,-0.7590569521408081,-8.966345498125563,4.007366721810479,1.8559160292703427,452.59130964462105,0.6100487658181448,0.0001952980355473651
31864,-4.4973703167363785,-5.3903849849274525,4.293084794942656,1.119167451003548,467.19212211604156,0.47464138279926615,0.0001953193616553897
31865,-1.333878245116054,-10.98141531195685,3.776476813343712,1.2777129034506125,321.86227889366364,0.5636521571606794,0.0001953257546604072
31866,-1.5030975924434404,-9.866010677189559,3.9850325027697355,1.033610767020078,268.88788034325455,1.4963149149109833,0.000195377527554089
31867,-5.606216546823179,-5.404167280113355,0.044083000162399924,1.5894420590688978,373.79192315989457,0.590788101579105,0.00019537954579806376
31868,-8.430663220536058,-9.348554049796316,2.905870724474607,1.8581529220394715,467.7599814037561,0.410321738001584,0.0001953946015836934
31869,-0.6547436054619933,-7.6455082303130695,3.035666517072135,1.0997430899363756,278.6709066298894,0.17064143356510098,0.0001953949381217405
31870,-7.65637488034103,-10.583559727836642,3.801499796123694,1.2769634081859613,467.89167035724887,0.5729600261596532,0.0001954146966327837
31871,-1.3567006689339038,-7.446622828759096,2.250003446780481,1.1280060016382478,467.2642441093966,0.45357752497170356,0.00019544133640602104
31872,-1.1076827523947603,-12.616578069790023,0.28263200322213344,0.9377321977594464,468.0121610806669,0.3735346614043191,0.00019547099191627993
31873,-0.21869694342986534,-12.57411706780358,0.2911096700476548,0.92501377585703,261.67466961097944,0.8903114564375096,0.00019547850318957374
31874,-2.366196567582241,-11.616800223624614,4.7666967448313,1.0034252949659108,269.18864527090693,1.666715687793916,0.00019547865170998675
31875,-4.3596911022182985,-6.89354305659945,0.031011186531108667,0.974108305039468,209.75627067286757,0.11672726906723607,0.00019550782043669838
31876,-2.4296756475512087,-7.91987744283738,4.0841046337833,1.6965347879179067,353.2821481846712,0.7754842314819781,0.00019552744929014364
31877,-1.4932819415043763,-7.46078377021178,2.686972820007398,0.9909065140000936,273.8409923581821,1.2120175147182888,0.00019553354355461377
31878,-2.739088873935877,-5.956802049330754,1.1137335667471295,1.7886952348562783,427.2412896552953,0.6591989155566118,0.00019553548609444152
31879,-1.278237811974245,-9.993762078424368,3.94939149052181,1.119027638406822,468.10187889221737,0.7317417704723939,0.00019555152482006428
31880,-3.643837561278832,-11.72354934944918,4.655781536448648,1.0964973885048304,467.86967610836336,0.4658185609096419,0.00019555210213537642
31881,-0.048552689243802405,-12.932467357304184,3.6687163251072086,1.7288319593564339,409.46363033279687,0.7479744784354914,0.00019556743920432222
31882,-0.6326933314262337,-7.845038222935121,3.352635280113769,0.8683111573546453,234.30919761337,0.5113820351059024,0.00019557567914138692
31883,-3.3906796438957487,-5.1123680909257905,3.2822843433907303,1.8202728064325178,447.08551397905444,0.5997938911694796,0.00019558793022838667
31884,-5.153370353292232,-6.032311790215722,0.23693458430527053,0.910369895126512,468.4173213551397,0.6874685927866153,0.00019564199091442707
31885,-0.8177648308514147,-9.107952657709003,0.6327356587329427,1.7648803475702313,419.8769467109886,0.6735776421728001,0.00019564504140259534
31886,-0.5542059145330711,-10.981743463206834,0.3002710481642186,0.9014581155239203,468.3565848054058,0.5199173712558958,0.00019565331526291276
31887,-3.5533628534499506,-6.33244180888645,0.4843293030801535,1.4269124242957405,468.08258210635756,0.7209495998536664,0.00019565936342682964
31888,-1.1745174125982913,-8.869313079573821,3.983568798861879,0.5755336956708725,124.77403040952785,0.021253913633655586,0.00019569275718833135
31889,-1.5951347572658428,-8.855741578125432,3.9906778702516688,1.8880220865880732,368.6454696467507,0.5936203645607927,0.00019569744513599926
31890,-0.8754152322390549,-10.461239361595945,3.9090236700925485,0.7948732876341216,159.91661532597416,0.20419462252701948,0.0001957020912010316
31891,-0.9540751593405901,-8.011930758625606,3.4839526845838,1.14045541505804,132.6866840803235,0.3671204128820138,0.0001957240588191751
31892,-1.3349537195519705,-8.937406316152966,3.9701211350790526,0.5464542762936823,116.58152443530183,0.7676423298201964,0.0001957295882419539
31893,-1.102385847078061,-9.197377153126121,4.011937047239806,2.2666245599225245,430.8422480955284,0.45588138446412163,0.00019574502962889717
31894,-3.8258706958387503,-5.4277588625255,1.2055140768222703,3.5312296951660898,537.9856408596182,1.1267608328297714,0.00019575461514641256
31895,-2.652204829318846,-6.234012692132498,2.117107852478455,1.2967509511041935,310.2236136555815,0.18696952794715926,0.00019578959403017214
31896,-4.454846571397882,-5.247096608922258,1.1161227624487797,1.1462052549970765,225.19285344646778,0.07789710779223835,0.00019579314783412766
31897,-0.4298274647470386,-12.123674495106629,3.699207940215506,1.147422188523271,468.0353482144615,0.3839242995103378,0.0001957963730789137
31898,-0.848065863615421,-12.812469414274501,3.6706700679853843,1.0312277450405416,204.5795101492737,0.07207089723353732,0.0001957971420616493
31899,-3.1352737805981246,-10.821633794041723,5.015190458160241,1.8344265389520262,468.12089192094686,0.7425656125986029,0.0001958097974945305
31900,-7.961372236612601,-12.576707127865147,1.7864284773892918,1.027151204509864,467.15989012369005,0.6828916235828553,0.00019581505493032934
31901,-1.5635548513229285,-7.752076214921065,3.2325961796810425,0.8593783339676132,468.05952508519715,0.5022524155343691,0.0001958260467968998
31902,-1.1601761993303068,-9.436509678478586,4.017403227918788,1.0535055621189913,467.31085942399733,0.759618450738567,0.00019583681053145203
31903,-0.895706355319998,-8.791901762546644,3.932304900272083,3.1615351152854005,508.9285469238784,1.0254492327850757,0.00019583833494401807
31904,-0.1522350031800901,-7.656624854547713,3.0402725154071524,1.430543957434808,333.5988922792532,1.177869635068924,0.00019584056621470356
31905,-3.288644544923283,-5.246560809308184,1.9920602227293904,0.833998615501045,198.161547656236,0.37088734316117655,0.00019584374497891836
31906,-0.6120053828498069,-7.605926859022649,2.0932570926502456,3.3629804217808963,355.9232702229189,0.05453637162858982,0.0001958515098515162
31907,-7.830633117825045,-11.175235701784807,3.1507669052399003,1.1481626856312843,293.73163885404006,1.0024942916461086,0.00019585642625601166
31908,-4.009986886316569,-5.622186497649814,1.0183791948686944,0.9277313538849336,465.1870622245096,0.15194934037383145,0.000195871647459609
31909,-1.414452938516689,-10.289070484492948,3.8819069934259494,0.6799425299588893,168.5834912521358,1.1393886820960146,0.00019587446764249858
31910,-1.4777205453940958,-11.945927209511929,0.259153819303041,4.3666033238664514,584.9413863041415,0.5561663661219471,0.0001958748515394656
31911,-0.988590238802912,-7.527013878257656,2.876172324253265,1.8743486400618552,450.18498872461885,0.3879943696143293,0.0001958749004913823
31912,-1.7448461978839838,-7.495577102095782,2.764257807847416,1.0428920507309303,281.7128954297612,1.8175302556324295,0.00019587736989405674
31913,-0.4777380875837256,-8.685500394984553,0.8352893694293655,0.7291883222359659,166.28435136123227,1.015872439293405,0.00019587993790885126
31914,-1.6079673062293214,-11.908749339004256,3.705539935253465,0.9678199132794861,252.10958824210448,0.4493290560855394,0.0001958999338580541
31915,-4.560086331568376,-5.376934030661668,1.066526424603118,12.2854242760388,390.8235923388128,0.2868688647854416,0.00019591138713825996
31916,-2.0721489621004494,-7.672776216825568,2.992008066633629,0.6778802683473891,467.9729450912518,0.40247109922281243,0.00019591358469264457
31917,-0.399859448832645,-7.7202438768163475,1.8847567965839538,1.063704069160266,277.4081356037698,0.26302523226847097,0.00019592156299179728
31918,-1.1164437501832296,-10.41071682473022,3.90715989530603,1.0964916676664114,249.61935102128422,0.0720249564918447,0.00019593472107271275
31919,-2.120592867735268,-8.994725351116088,3.9962253922983852,1.6784433695973662,391.3436690556443,0.2185330333264055,0.0001959355482389505
31920,-0.5716802475948128,-7.972604696688696,1.3082012331166994,2.5590950899405116,461.70496319608316,1.8022849530976375,0.0001959455773414426
31921,-4.100873398401358,-5.420693562208109,1.4347911125318464,1.6176022987236713,375.2138720304531,0.2972746005284739,0.00019594708304611165
31922,-0.6171182500762082,-10.847551976725772,3.791236834987291,1.93506427503118,394.91533877170514,1.5317747779252189,0.0001959598440763126
31923,-1.1266447373595234,-9.291608772386734,4.012262474082695,1.8755164744725645,450.7302984407183,0.3752458045555658,0.00019599881993420985
31924,-3.576933952265157,-5.985578147861545,4.93047007219967,1.2158815391431281,468.62948832306455,0.6892246364529147,0.0001960065145061648
31925,-1.4099115976248484,-10.301679894483296,3.8738563281209983,0.8851325121841535,252.6220568290361,1.5573945098023634,0.00019601655038987102
31926,-2.961032892886184,-5.924879087892049,3.817442770094158,1.791134748556112,427.3613758097791,0.8028648860393197,0.00019602015815762598
31927,-1.6255468080747733,-7.7031886038481465,1.8590477397725549,0.9032003329872025,229.46766665150935,1.063949315612228,0.00019604277322934232
31928,-3.6518021820944444,-5.2082527807054575,3.4942817228973473,1.0928711338023047,279.73140009363465,1.0651800772100026,0.0001960499954187025
31929,-3.5299027687220486,-11.224623537316504,4.758685885143316,2.447763078482116,441.5321813560655,0.8439029698832234,0.0001960780216734757
31930,-3.8186614051403165,-5.73019489075792,4.508107383056802,1.1601564372895166,297.12524942962006,1.3428418310174877,0.00019608401731215894
31931,-1.4892448282776645,-12.90381591119824,3.6231815282543747,1.2324236163087887,463.83080369922754,0.693545070693161,0.00019612462812593546
31932,-7.9385778724504625,-12.13977206300078,2.404744333748269,1.0897117733860786,468.21204412879007,0.6413542507327152,0.00019612618518023313
31933,-0.7808339297657323,-9.465467219357704,4.015397979686914,1.8213962376363664,436.7208175945554,0.889025009898746,0.00019613285252034117
31934,-7.9888648059412315,-12.01084288365574,1.8443026395020594,0.9646401471561642,140.30772361672607,0.28380318463900434,0.0001961527403782816
31935,-2.346941558530916,-12.385536625204372,4.468727627943602,1.0201466020399506,327.77105928839063,0.06253614701518462,0.00019615721692316313
31936,-2.916155666750888,-5.763221288583813,3.0859330960763494,1.8902261769417568,469.97397390722614,0.05218279703652762,0.00019617256116941686
31937,-9.411219121761565,-5.844509912320005,5.118371434469504,1.0955342271928479,243.61707567776003,0.3666165946404467,0.00019617594100159577
31938,-0.4415864650307917,-7.944406690359583,3.3973376239380744,1.7306899173172718,357.78095192214977,0.3741048907235811,0.00019617916234683614
31939,-3.3625295981594396,-10.634591074917589,4.9639234256412,0.9735014379614417,195.10377464829955,1.0677782180293915,0.00019619685973635434
31940,-3.3990705534742958,-6.47659949527726,0.4338132062716654,1.8439474648515835,442.32317903127324,0.7283745587300388,0.00019620050532735174
31941,-2.6677090593502673,-6.325476989713242,0.927679476879049,2.3393499214956304,440.10699182233236,1.7829883241797564,0.00019622910183160665
31942,-1.4105769121232132,-8.436558438326617,3.801281322571185,0.6419656010707193,136.05859550777424,0.1416824516629438,0.00019623905397715664
31943,-1.7885718942862479,-11.99037643869851,3.739819637799988,1.0931471895946085,289.6743476412698,0.3486197745126436,0.00019624235416426048
31944,-1.024306537968231,-8.24971242408021,1.0867574079434406,0.7386608288138434,466.93952668692657,0.4799661786189118,0.00019625484855586382
31945,-1.4875642733332022,-7.442386358758796,2.6511212389730807,1.040496147167554,274.8764355767925,1.1169729830068524,0.00019626561626357117
31946,-2.0417122064045223,-7.6982935882838746,2.030420972303581,1.0132419322068777,277.2084142632264,1.0476513108601635,0.00019627544895188694
31947,-0.6600535279633863,-12.555902589323225,3.741705652765714,1.3668224242885867,308.8847470773759,0.8528619039956924,0.000196286980159584
31948,-1.1005104541156623,-7.630220652271832,2.9398673633019987,1.0699921810790238,468.1248993892868,0.887195268549668,0.0001962920172087299
31949,-9.708698658133992,-5.236298461403069,4.611752071652151,1.0086870247113304,272.47536892383084,1.6083132991866256,0.00019629268559745794
31950,-0.8217332977675813,-7.761596170631911,3.2350908417620703,1.177152044921713,280.05975320048765,0.5073548223276445,0.00019629747951082957
31951,-3.805130857806697,-6.056508894932702,0.7082003735187185,0.7689496171113642,197.09758706983493,0.06658628389752508,0.0001962989572062777
31952,-0.24374791678466146,-7.6848125627483315,3.119491299647203,1.8763042686675642,466.53371596886245,0.05709348042175666,0.0001963060369556452
31953,-4.225614556779527,-5.80792673026268,0.7957210419432548,1.8811403916833729,452.08936277756544,0.4045096175719394,0.00019630787816737503
31954,-7.9430226385539715,-10.82508784276968,2.9740398958213428,1.6299375257638398,380.57384453670005,0.0336188457050266,0.0001963209898249842
31955,-1.9892787967322239,-9.273573835154053,4.010037571649689,0.9059767495423061,467.2810259370777,0.7552177185737179,0.00019632147027746528
31956,-0.26189345091912486,-7.6908584972243395,3.127211887509644,1.7449569974350896,413.00344692614647,0.4801975922593593,0.00019632866015498437
31957,-1.213908624879755,-12.678099043028938,0.2820673001211503,1.173499786740823,299.62327457504614,0.7591617660342473,0.00019634343172460968
31958,-0.7379520217675797,-12.719919030922819,3.6690999959405057,0.7110703583529874,183.907444098307,0.4593733258981372,0.00019634906945678536
31959,-1.1501993252341247,-9.426108032661878,4.015325860731747,1.1786951535359922,245.65955696958466,0.21423421008783006,0.0001963630060961044
31960,-0.5759614927925121,-11.540369103372827,3.730913194365462,0.9272032722096317,180.34964991940794,0.280721162650452,0.00019637231518898157
31961,-3.229161407536286,-5.028072438071667,2.838644840675607,1.1916101955873226,467.34779367379235,0.315658620210578,0.0001963730944924027
31962,-2.1632540697153964,-7.453278815660016,2.2143403634205328,1.4874339893914343,340.81176122813247,0.21896647701545113,0.00019638678823986598
31963,-0.6685230244626172,-11.438121094487636,0.29871815338074303,1.2931121947450266,160.97712165539014,0.18214677775562027,0.00019642168219528578
31964,-8.700303309577684,-8.992180626517921,0.9943272646311136,0.9514167162295485,468.1845412878024,0.606928040246995,0.00019643644519039011
31965,-1.8373073608700867,-9.83432767476025,3.96247059321105,1.3417706626742671,287.1908043527775,0.7187678792915344,0.0001964372827845627
31966,-0.2621639665422304,-11.387656044987027,0.2849585485493945,1.1227482453500088,292.4896670512737,0.8857511209024604,0.00019644797533361008
31967,-7.783132828318184,-9.308227746273582,4.603174510555467,1.206559491921017,465.57320252892595,0.1936699510071005,0.00019645252455378022
31968,-2.698436450315876,-6.707807400244189,3.9269650997946264,0.8401107739542931,467.5777372193799,0.19556657222655716,0.00019646157734018997
31969,-1.4976197933979645,-7.5192193609002,2.8551864070081403,3.4592593761528048,518.5511379837279,0.47201077008897574,0.00019647438062471166
31970,-1.5430962856234594,-12.081896778749726,3.6462302996843414,0.7896210658044421,232.00541681579523,0.7790917371537072,0.00019647883725106114
31971,-0.34766049054024073,-11.631645225519225,3.723366590135165,1.7566672317323706,467.92520741878633,0.3029432801709975,0.0001965142973585082
31972,-1.7797516963175362,-8.541167525203281,0.9490067424010915,0.9115233154070225,243.62297648998484,1.2943479797523514,0.0001965187923558053
31973,-0.3888465520740141,-8.856889236699423,3.9809964592954237,0.984479916354245,259.250144901998,0.5647279626388428,0.00019651930810022695
31974,-0.5897812776892994,-7.452053578269282,2.215122322545645,1.07204447066414,281.34316547174706,1.6892932150465754,0.00019652270123500046
31975,-0.19330215115629912,-7.696331776291383,2.0227343747012028,1.5980768390880224,468.0988704071214,0.9313412807702734,0.00019653043611519757
31976,-1.1463962848586853,-8.504055407437669,0.9616988485781434,1.0631863850908867,468.7714682735314,0.849083738468746,0.00019653770222053605
31977,-7.820269547280524,-9.18222436348808,0.25656188064162555,3.113652600113522,508.53739574767735,1.5177215259169063,0.00019653822723356745
31978,-4.26729974842668,-5.675688439775291,0.8795834409219232,1.0948582277294383,280.91302397845885,1.574993669478589,0.0001965382866715382
31979,-0.6390852467755757,-7.403016813551984,2.4269547397799354,1.0490196078492644,466.34295784084685,0.08664990947646967,0.00019658598956232202
31980,-0.9278950901045437,-8.044076802873093,3.547272715294546,3.3012543953847038,516.7176358800227,0.7747985358785838,0.00019665941149045522
31981,-4.620757990070708,-5.8014388671919,4.971083839217435,2.7194922441831357,461.3248834424567,0.5890668190341009,0.0001966669959836393
31982,-1.644807318188663,-12.608588054465931,0.21996120374702505,0.9360563515767206,246.40289885816182,1.0738805308309276,0.00019667281159418864
31983,-4.9341490591083845,-11.010077742710134,4.848082540528946,0.990803058087109,262.3551728816031,1.6412537919939494,0.00019669756171594748
31984,-4.207346687685066,-5.283539999359625,1.3903071718491586,2.173545775485292,403.89963307607303,0.5938512906972973,0.00019670322730023972
31985,-1.8101661980699646,-9.685458217284648,3.975600199301069,1.2773929922872904,273.8119855794437,0.7038280839849209,0.00019671156636964058
31986,-8.883328250562055,-8.49584648746241,3.2842522107846968,0.8519398882421785,227.0748147629644,0.8023136027097193,0.00019671207599641615
31987,-0.2967047455263021,-11.819627781374873,0.28992872562291844,1.739885992621658,370.1848990602701,1.3883406353991559,0.0001967378745177939
31988,-1.0275996042446742,-11.382281443693966,0.3019990289029686,0.7748787686944401,216.22681219085428,1.2453510384763016,0.0001967379900005464
31989,-2.1138297457279007,-12.986775084378385,3.6287854258763668,0.9273210920783923,252.69358168613962,0.7734096145267255,0.00019677634237039694
31990,-7.786229636908201,-10.008694675727623,3.920688930170841,0.8619917916500517,249.55765511939006,0.7550000044163658,0.00019677831946462583
31991,-3.2655359953758545,-5.583336609864235,3.948644709709424,2.8061670474991716,474.71868393723895,0.7981382501049117,0.000196787681874906
31992,-0.7089403714211802,-8.898500752930456,3.9557341116792797,1.6766572341655137,391.82455743763757,0.1931702303453111,0.00019679092170213534
31993,-3.134115813774704,-5.249580818494831,2.964085334366606,1.5595705477246231,226.3982898100666,0.41471155710985563,0.0001967922864317833
31994,-2.6948707407607806,-6.70997094135181,0.49492863699306244,0.8661713386254427,213.16571269584958,0.7014619613037532,0.0001967983947524411
31995,-0.8540718484770977,-8.520046438542206,3.835026801272401,1.6833282850838642,468.49552555641503,0.4916285835723473,0.00019680232643760881
31996,-0.31681655386334207,-7.443897600053081,2.45595100109062,1.012349346992927,261.21865357468926,1.2046296950923443,0.00019680540067924256
31997,-1.2389948249044629,-8.613665041600775,3.8975744608218017,1.7494574416459152,415.10994888982077,0.27640977414625745,0.00019681781658419236
31998,-1.1285945273772242,-7.449367501941811,2.458125200310669,0.7938481195317555,171.24004411404275,0.13102491109087655,0.00019688960907125795
31999,-4.819473957148656,-6.717627840973714,0.02821725153436878,0.8966011006834305,253.000609039677,1.2535380693420937,0.0001969139534139601
32000,-2.878856893179554,-5.862155500258839,1.022074992398393,0.9984603935248455,197.4157983055009,0.44076067604673863,0.00019693484883742324
32001,-2.285305009155236,-8.748171419550726,3.9233649546558733,3.8008988404955946,265.8868778339386,0.2784892978359599,0.000196977697366608
32002,-1.8211020167813299,-8.743079135370444,3.928578323497496,1.8788608265723963,464.7633244590163,0.05860133685160118,0.00019698983408272602
32003,-0.054739696977396335,-8.534097204281569,3.839335840055799,0.8343917462869271,182.6595493404903,0.6786182036075621,0.00019700741116501116
32004,-1.5856815825929171,-8.635902647158144,3.900365829914522,0.8493360157132691,467.47382573335057,0.39966120940490324,0.000197011435006651
32005,-1.296458057112945,-7.809020991091863,3.2539416223424,11.235639182413026,320.6204735709268,0.3784113075941695,0.00019702542648999185
32006,-0.9446227154735283,-11.96182193464928,3.699370276184335,3.182103806827821,491.4403415242928,0.3493619533162331,0.00019702639579049393
32007,-4.292619981740623,-5.072484739649075,3.700561877925139,0.8059581581067645,469.5880558246694,0.1585188431968083,0.0001970329430388723
32008,-1.368252340086702,-7.809182113101451,1.846610391759499,2.5597737887680627,460.9272812072555,1.5381333452843364,0.00019704495261806224
32009,-1.4955984318753774,-7.806514191546027,3.290277083843511,1.1564679433424492,258.7199839928006,0.742400628781918,0.00019706482240805276
32010,-1.4771536365831892,-11.044439034572862,0.27652452202107614,0.9702024116440325,197.8555115361483,0.31134722766068723,0.00019709258328300447
32011,-3.324933190515745,-12.596847026743713,4.556395630281928,1.7706377447330168,434.18541681731824,0.5046005244115124,0.00019709572497854036
32012,-3.733119821386376,-5.176974336593555,3.5476634947179115,5.00227518237316,391.1790735314483,0.09226525919281325,0.00019710351244122236
32013,-1.257558600928414,-12.825391739799102,0.2832576579959962,1.1301436154058448,305.23685782064683,0.8923570999528723,0.0001971192282878113
32014,-1.143420300399466,-8.105389078667194,3.5934457535394375,1.012911698565504,260.810156343369,1.5776777961506125,0.00019714881723603413
32015,-0.5354619479047162,-8.376451283001966,3.7626599178268934,1.1510764627489551,294.35637819661565,0.8374135243344254,0.00019715443247904656
32016,-9.910074955079464,-6.444886373541552,4.296916581933761,1.2203523192312906,264.06506599221717,0.36872115292347285,0.00019715626410711477
32017,-3.8280191080102535,-5.121180565961681,3.406168425495177,1.1785784504485928,266.951880141014,0.47044285217075466,0.000197165906607686
32018,-3.7163651475534802,-12.3452535842982,4.569945371569907,1.3601387862643093,330.351227687935,0.3236674822982213,0.0001971858660288116
32019,-0.5061774990123808,-9.621397872635871,4.007542379948312,1.301528211917932,290.4236436173471,0.16147579529142764,0.00019719667943819263
32020,-1.3057298387425593,-8.330730249610388,3.7462404619170866,0.928797026332706,185.48398101201,1.017407895324994,0.00019719989871832413
32021,-4.746589789278866,-10.603364339123804,4.997269074629579,2.9599826058544885,486.7543214942842,0.7021458124516871,0.00019721562135725792
32022,-7.55006303490082,-9.666530079960506,4.6134841578033114,0.6290437208986029,135.68903978317178,0.16161387757736811,0.00019721892130775308
32023,-4.964712102261528,-5.565283932417429,4.802466718881617,1.0854595499472037,282.7587423625023,0.3080971237067436,0.00019722807127916468
32024,-4.7328944979513485,-5.005256217512573,3.8369435559904272,1.8893000681307472,455.48852545848024,0.24947031857403168,0.00019723224089258524
32025,-9.656475150348582,-6.290496754441314,4.719104750247286,0.6591849665105434,468.1995928126526,0.42977645568325773,0.00019723556270752205
32026,-0.4490117465663097,-11.800633075054925,0.278039864662328,2.783165843004753,475.80110650114165,0.915043488590368,0.00019723608345726377
32027,-4.884372742346978,-12.15868325001789,4.617484720722019,1.0922418912245815,466.32881114014435,0.09713663996945687,0.0001972545456063739
32028,-0.4923012773221256,-12.486668808580864,0.26763644480945087,1.6452182027117326,391.8268671344839,0.06198390759853467,0.00019725582230033063
32029,-1.1854750527923699,-8.888977848081531,3.9819788835757404,1.8853935951817193,467.9961440477682,0.1451434414511814,0.00019726795378338478
32030,-0.2242305029308831,-11.717996584742965,3.70306869287,1.1026970893639514,241.27222221856704,0.3157554593032552,0.0001972709801555057
32031,-1.974291546271111,-11.921475959609158,3.700056689856441,1.221935355891676,239.42632108019455,0.002746850810972923,0.0001972909915762183
32032,-6.170687763270983,-11.0310797134702,4.834282562022287,0.8795568160704758,176.1738615474324,0.4164932031899413,0.0001972918694986159
32033,-2.802678504871709,-5.806891601239172,2.4455780145885337,0.7826557294173725,468.4417667875157,0.5295432929247417,0.00019731652752462417
32034,-1.0140300575203813,-12.836360654027013,3.647224546476424,1.3893886553957415,313.99674918381857,0.06358670979263703,0.00019731849551850978
32035,-0.7599446428778958,-9.375881377881663,4.003194090852287,1.073037458738933,287.742778804352,0.9487884599095979,0.00019733124533917218
32036,-1.159563027163431,-9.61486696833917,4.007072196216521,1.7496326328610776,413.7863656865256,0.2442254342030319,0.00019734148032148391
32037,-1.3600628753238855,-11.106097927416673,0.2972244115770906,1.04257117907005,468.25989461437786,0.7514462245739963,0.0001973421330315136
32038,-1.8496806806927104,-10.324568972359128,3.860549042495704,1.8703701321945052,468.4147245588271,0.11681983776637228,0.00019738144252417217
32039,-3.8339155769395052,-5.403535720504242,1.5351730342808096,0.9829202001557251,259.1086203527915,0.31990135384104423,0.00019741699122947243
32040,-1.5649289871768843,-12.158574427478136,3.6963651981900623,1.0122022102556814,265.9802475909673,0.5520416599952371,0.00019742881419809418
32041,-0.7295144738388846,-10.110135242686948,3.8864245207385832,0.9603729731455795,467.46457668129057,0.6227098954418491,0.0001974378533638146
32042,-9.986752252658544,-5.4873933408892235,4.201218078129399,0.6946083860143284,176.13105929033995,1.1695074159199716,0.00019743966309305002
32043,-1.5849225120581814,-7.493709449126031,2.3787284133320856,1.1785260691572181,300.86452562489296,0.7777850530495369,0.00019747139983628944
32044,-0.540669043988391,-7.804389664748065,1.839959846417842,1.3648187373024985,451.7462079019049,0.3305891244873189,0.000197515904391635
32045,-3.629135769078423,-5.223949422737352,3.364454644184858,1.825267966104382,467.6001686202098,0.6221732585437287,0.00019752064060418853
32046,-2.766366048245688,-7.320816857604097,0.199710524403728,0.9159277118805305,184.45584655737508,0.659151639478539,0.00019752583368263485
32047,-2.9820986931405846,-5.647463614828716,1.8212020595004232,1.6879687434758648,396.48589242507734,0.2515058375148458,0.00019753944523617648
32048,-1.5731469688097217,-9.555278490475894,0.46061272817286164,0.8571292480742305,300.1723526841172,0.4886390322171241,0.00019755845523153806
32049,-4.241075527313452,-5.181344395111018,1.284156043042508,0.9289997789126525,188.9797629004167,0.7537174695351503,0.00019756330906080965
32050,-2.0718738861770314,-7.878225402115559,1.6437624211583117,0.7250826389689935,134.22423195073006,0.2873030985092795,0.0001975927245521138
32051,-0.5522469249124242,-10.659649797098364,3.80631531254464,0.7718838938243506,204.65251755400016,1.1293348734082977,0.00019761276057582945
32052,-0.265210634711913,-7.933761031274906,3.430769727482486,1.7523778972228212,416.15327196897016,0.4732157870719105,0.00019761974123568295
32053,-9.016257538910118,-8.440235698128213,2.892190538463144,1.6114879616143556,297.4735377910698,0.2162875467856571,0.00019762512735116124
32054,-5.322101643964856,-12.999951605638179,4.5658582579320495,0.9172564389173392,261.2373901248876,1.77918186639564,0.00019764617795597547
32055,-3.104928723315874,-5.415784932775063,1.9527026056439196,0.4814652258746802,133.36023186438737,0.8064220339788308,0.00019764757007026596
32056,-0.14585854358383976,-12.58997691475594,3.621489289717656,4.30522239152829,576.8851839318819,0.3862575690092873,0.00019765844275814628
32057,-0.8929681702449663,-9.640102140806041,3.973049639183998,1.6068138729911945,467.20744641257505,0.45820079854884366,0.0001976662276033971
32058,-3.306487859923573,-10.204436868591937,5.186004812535463,1.4825198928400773,468.4985367812672,0.6353585056679636,0.00019766701314316706
32059,-1.3466776932931541,-10.299155027496289,3.8623567675583166,1.6105565981608132,468.82382195452305,0.3284646038063084,0.00019767350737196968
32060,-0.8213643233865202,-8.125514635932195,1.3985264013347665,1.1354114820344783,316.7294858664459,0.6839037032983795,0.00019768169573926604
32061,-2.2174187312471316,-9.359642667602504,4.05810769737823,1.2686507798232438,294.22115807775833,0.4100957061824113,0.0001976943321613543
32062,-5.5145664488744925,-5.139416190872853,0.16422952721143588,1.1423156741308165,329.0923662556401,0.633696715388683,0.00019769700049105567
32063,-0.10579005760315496,-7.773139404357156,3.23183229285894,1.6578271417899932,362.0629451948962,1.6567131070968921,0.00019770489770052626
32064,-0.6366240333951403,-7.768902128063255,3.2264748440428845,1.0788435333077158,215.5665935523737,0.044810081394509815,0.00019771532710894686
32065,-1.4488500163540614,-12.478439851793246,0.2643469731017624,1.0086070846152098,270.570859123435,1.703089936454977,0.00019772013095275
32066,-2.0028210772623005,-7.66085588181628,3.0805032195229742,0.919849712575418,460.42267723902694,0.09190373338958935,0.00019775760174873822
32067,-2.6083810585848513,-6.458930662125235,0.8785501239640773,2.4013100945295016,369.00790730537705,0.07702186110698417,0.00019776817701025305
32068,-0.6543430341220322,-12.84846338076856,3.6631612365340005,0.7839864331529838,168.31597305040512,0.898661131867704,0.0001977815068562619
32069,-0.9100306660890052,-8.832845244977243,3.932956974173266,0.4823549524392063,132.6551911392869,0.8888512170831149,0.00019780453781358242
32070,-3.6929601039619353,-5.876785797131336,0.9365901977077069,1.502542047401112,347.2171491679505,0.8278669737155697,0.00019780484765326
32071,-2.2581353887551963,-12.293896678790642,3.842560078338799,1.4569460930773346,469.6168851010126,0.17353638682089034,0.00019781574958747716
32072,-0.1423863356684727,-8.029532618231041,1.3125750165474779,0.9594676786558495,194.39627519640092,0.19773120519295784,0.00019781770944952813
32073,-4.760896780534772,-6.459210941552588,0.17626085008517403,1.6988736288110915,467.8546360108643,0.40784084413987554,0.00019783547062188033
32074,-0.946075102224361,-7.417651402668772,2.4097878311717293,1.09707572259077,468.00949845959866,0.83194029870024,0.00019784453663664191
32075,-2.215971418821047,-10.667069973296767,0.28960043823288234,2.607644022732584,467.0249868820841,2.0117106812295615,0.00019785908013554074
32076,-0.35766932242868243,-9.173522154870428,0.5912596545849785,1.8646994579813396,448.6900748071228,0.2300627166381295,0.00019786511590556943
32077,-3.1010150577066318,-5.382319004702054,3.129789397915181,1.3261266795888305,306.2717406885562,0.03507770514200015,0.0001978711532953704
32078,-2.1417315822275906,-8.498552220231813,3.817293557805442,1.1989052112265173,245.07671859953885,0.36371418285296553,0.00019787392654965492
32079,-2.3298800805231004,-10.202308264557379,4.3943728798764505,0.991888829515918,253.58485481124333,0.7530918505548305,0.00019788514581391644
32080,-1.072553827733083,-8.234946233232378,3.634992571941114,2.5255901805208176,445.68110162995043,0.3261267092587641,0.00019789500903739677
32081,-0.18732509353305993,-9.794560963798336,3.9924893347812636,1.395910501265789,308.11326545356496,0.34322885445532325,0.00019789951545126527
32082,-0.265490136791394,-8.958257489469442,3.9830065505349848,1.263830057449158,263.98711437269304,0.11657135523840356,0.00019791291283411704
32083,-9.652453643588869,-6.188384246047473,4.7335978539151435,0.8372671057007287,168.46272736601395,0.8452815169371375,0.00019792293650512763
32084,-5.965028481620106,-12.613211809239328,4.589606229161668,1.161629744772866,466.21746678719404,0.1665652468638621,0.00019792442346914152
32085,-1.2615616135284888,-10.20218598977808,0.3697789509647314,1.804952334763256,469.5953678254773,0.10270521693984236,0.00019794698349625195
32086,-2.756324097734609,-6.011900525503663,2.9144627559682124,0.7044309637751632,191.96583299734988,0.6267719626475552,0.0001979490081696377
32087,-0.859604636103958,-7.458618606606439,2.3447754161157275,1.046102654435131,213.7615632442433,0.6653644186598386,0.0001979504366521488
32088,-1.1662644820395833,-7.592461946784351,2.9041400603406817,0.8573610736426449,467.8762645464373,0.1057831931698825,0.00019795725249952876
32089,-0.4019388852989465,-11.99532135353313,3.693826760971813,1.0344307108133128,269.5874994287776,1.447629767769155,0.00019796650278408167
32090,-4.369192778877917,-5.008826060100632,1.7617992300306315,2.8477343373544866,467.49430923862525,0.32851502626562645,0.0001979773055352054
32091,-5.764408674883419,-10.939773349866602,4.887586043856623,0.83357288208622,192.57809507270454,0.4807997418080676,0.0001979820995318781
32092,-1.7672862625814894,-10.981512018709065,0.27930135529073813,0.8797488883433441,186.5970021433906,0.5421807533053578,0.0001979875215776865
32093,-3.8810441871897305,-5.059005106099454,3.1010890420011332,1.7629405021329443,467.5620390909227,0.05378623525672044,0.00019803661951883642
32094,-0.681489811108424,-10.035667546415514,0.4018324110467231,1.1929609710124685,430.4961690716717,0.3692492035065156,0.00019804000581812053
32095,-2.5597102289979485,-6.962927778481467,3.6560537994235798,0.6019569664322311,164.1340817707141,0.18755065658425885,0.00019804328209856013
32096,-0.5555289201237006,-7.520670146602465,2.697842074993114,2.042399311871322,317.0634522993806,0.04383452828927492,0.00019806663173718112
32097,-0.9106646317818416,-10.245685958819069,0.3638853310624173,1.4533867177139934,329.2641244360111,1.1000130708192852,0.00019809237321983446
32098,-0.006388992948233252,-9.949486078121948,3.928753351284802,0.6184417024337927,126.59732500829831,0.9453297592161123,0.00019812065013849377
32099,-1.7579796075005643,-11.432022532872288,0.24682427213718397,1.0324585193542553,137.60825924845716,0.27970757681393366,0.0001981321576387282
32100,-0.07295774428119195,-11.76843972727715,3.707972652612954,0.6994135398059383,439.3907064204338,0.3995941711442281,0.00019813710002087846
32101,-0.043301267904503504,-7.978613314764029,3.4575261500460837,1.8248114712698993,381.4769028715226,1.4533019353911198,0.00019816233537956867
32102,-0.8426954405686331,-7.815672992280929,3.2857982456289645,2.0554735467356102,403.6569020541541,1.0399019033746137,0.0001982031133961343
32103,-3.146705118113645,-5.319160131766327,2.755457405577209,1.834400374727345,467.798955606592,0.41191356885840413,0.00019820486732411992
32104,-1.2125040494466948,-10.574138110888738,3.8148039793200867,1.163949208036578,467.9677755065176,0.40687264127246525,0.00019823183676707232
32105,-2.1759817455801027,-7.851275402630787,1.6732685847596147,3.5650132334760496,469.89356611701965,0.14639964466617617,0.0001982531903195437
32106,-7.106574053943361,-10.350456884003872,4.6678509389735465,1.6474148659928909,359.64980069805443,1.5261141411375112,0.00019829122626721318
32107,-1.0790593322369357,-8.222302273977228,1.1501612711993592,1.0733210938742002,281.8149398906989,1.3061199800310268,0.00019829299927420337
32108,-1.9736801508864144,-7.673187873159764,2.9718219894242743,2.7358078811773527,478.5561181720817,2.0032614674841644,0.000198302993884423
32109,-1.0775648318379218,-11.997055265884583,3.690769492455724,6.607185540447837,477.8564924062086,0.06041873830640121,0.00019830429144874405
32110,-2.1728155670262357,-8.1057346146853,3.582282500777501,0.8831959391119805,151.05582497217608,0.0018590394874449245,0.00019831555270266216
32111,-0.6227533066961044,-12.204485225009492,3.738184086963392,3.3862240698037054,529.5870639292159,1.5029402278810942,0.00019832276988212397
32112,-5.590445282283042,-5.0698107026407975,0.11663680510714973,1.1455119707336507,130.57742050163844,0.355391426366066,0.00019832531490716318
32113,-0.14342227096206628,-11.529029886341823,0.2917001124627918,1.0057596412061542,268.65584049845137,1.6392625765799655,0.00019833063179924387
32114,-8.844283770609103,-5.400225944376387,0.3327773910700804,0.5576693538726035,118.11632242463072,1.0314846831324411,0.0001983315862939869
32115,-1.9710847393170265,-11.931412427942771,3.695329164734606,0.867587807304184,219.16305567747204,0.24727787724618633,0.00019833711237578054
32116,-1.4602285062056293,-9.084552469309505,3.9715387809845883,0.9062414519515507,250.50443965863,1.402015030970472,0.00019833753048416404
32117,-1.893749157680931,-7.9165772610035825,3.412955479595168,1.4462152554604657,319.17458286277594,0.7537206604397291,0.0001983376566432608
32118,-6.214544029153403,-10.619032608017704,4.98244213157907,1.5080642848987111,468.37116262126193,0.5255508008375243,0.00019833923809814305
32119,-1.193278189605227,-7.552542512270759,2.805872089179163,0.8498761874406491,173.04451160816475,0.7274093440000078,0.00019834372464791903
32120,-1.8557815983235617,-8.077206568028526,3.558347145022257,0.9589078036701423,249.28714539739101,1.2944702868242848,0.00019834562091395325
32121,-1.222554392573663,-11.644598615322447,0.29323698688355215,1.060449521635332,281.0043787351901,1.1244558282726267,0.00019835758359059455
32122,-2.0173621651647187,-12.562889818186832,3.6418512848417133,1.1479034913942125,249.7433737457442,0.255131606363296,0.00019837804114722712
32123,-3.090953302801209,-12.127813232593159,4.761717529684664,1.1307086887498536,293.150092435213,1.071656125594938,0.00019838001788454753
32124,-4.18188534936736,-11.288220984147232,4.744178270459668,1.4074827213556382,328.1758368682071,1.441004355538177,0.00019838035190620416
32125,-6.234491465628438,-12.30322902985153,4.587770430491412,1.825633870958421,468.5641171720836,0.8617805032455008,0.00019838190689377706
32126,-3.144321094584895,-5.8493446584249975,1.053771678683504,0.7652374957383697,209.37314976402516,1.2288817684560494,0.0001983894480638235
32127,-9.419503308808633,-7.8574243204417105,1.7590082613581637,1.0175742731243802,262.7622412816616,1.3844788434410091,0.0001983913468948787
32128,-2.3059815303792224,-8.219781961150844,0.5913390468429826,3.3195522992928144,524.6668697908765,1.5487725325677602,0.00019840144678968247
32129,-1.264602368210797,-12.068105429052993,0.2969326483233096,0.860451147014882,467.27394873706055,0.5754029317433318,0.00019844568897634446
32130,-0.3074270182721417,-11.970309141685226,3.697267297055947,0.8209130208289395,172.15011699548256,0.03876831211899123,0.000198451371831808
32131,-0.08266350777891951,-12.49866844542953,3.644039428364441,1.0920837459072843,467.27910673608216,0.44166183004942994,0.00019845428587868139
32132,-4.3851482650603515,-10.939492757918716,4.854490781983358,1.6372425086675242,357.6738936869534,0.4348992407631256,0.0001985002046538158
32133,-1.8532565120425062,-7.897842183901808,3.372952202543453,1.8853473093392261,453.4326144529256,0.5445753737126555,0.00019850264003978151
32134,-0.1309427711471436,-11.575362009878988,3.711661076907865,0.8794957538349247,467.26315701238326,0.05030706831393594,0.00019850548259834692
32135,-0.6828386872219934,-7.429051499286225,2.4259409617863668,0.9179358080610512,236.65074669855724,0.986293094910704,0.0001985101594738752
32136,-1.379609214556682,-8.107858197498391,3.5819351604717315,1.123029583393993,288.83486495117575,1.193520380000427,0.00019851912750474103
32137,-0.8108661978614222,-9.67769311947875,0.4214274263324597,1.5872231021130179,359.05108535942003,0.8678717176580522,0.00019853170958307245
32138,-1.1935684356818452,-10.508784455659107,3.889049005515331,0.944800179878558,468.08257691918504,0.583676904220221,0.00019854929396679252
32139,-3.1328393314005005,-5.471204969683555,1.6586715855106868,0.6151586516971634,176.18392076049716,1.0994672356037798,0.00019855134636419618
32140,-1.4357774716412806,-7.901979123291533,3.376457544434372,1.1112970686274983,465.6269920845772,0.8660559774217447,0.00019857171561089246
32141,-0.9208113082797631,-12.067846744961896,3.6832435312601284,0.7582638974739986,161.59035621826075,0.2543020893384176,0.0001985803145338383
32142,-2.7374700180659204,-7.581448039387069,0.0783489881477756,1.7999901098823496,428.10446759240835,0.3844004142955155,0.00019858789883516397
32143,-5.1561244869788005,-5.062333794943769,0.608756270404946,0.8901197633239787,467.9406989365168,0.3038579003653421,0.00019859487127207696
32144,-0.057024926604858805,-12.564539630781628,3.6397574828630743,2.626945764666877,469.3968625162826,2.2281564174250343,0.00019860878610227008
32145,-4.286854217657824,-6.1092167969541205,0.6416050419595796,1.90997522566886,467.3427006069265,0.5579133064712769,0.00019861005621944335
32146,-5.826387166072289,-10.348582637503261,5.147194375735446,0.6951303229948138,142.71180137295238,0.27490979011950945,0.00019861029828858223
32147,-1.8025556370144908,-9.18163238204497,0.5765019996387275,2.171548146900978,406.86075497622284,0.6497287295449814,0.00019862333036477328
32148,-1.9734361677970789,-7.800599992094364,1.7971292830375076,0.9130673826385849,191.12394502025276,0.3356632089728251,0.00019862833879142708
32149,-5.025173468567524,-5.665348828259881,0.5329313132578744,0.7159673225002517,177.50050881899705,0.10663108938857757,0.0001986324568853542
32150,-1.042877557738663,-7.817130345742877,1.8156570787008717,1.2650093973155652,271.61965884921875,0.43322037819409864,0.00019863776154634805
32151,-0.7821008363790263,-8.800449412043731,0.76673382193798,1.795368874689653,425.8122995245955,0.36500527152410456,0.00019864014546988495
32152,-7.768031165868699,-11.794075388272555,3.1317626333652124,1.8340379717128104,447.71543324159495,0.6809420168183653,0.00019864317837444328
32153,-1.302959309532369,-9.690221339989339,0.4444897451669933,1.1870063295387994,305.3725796715368,0.6353134415597266,0.0001986465163096461
32154,-0.7950200887486734,-8.388944810602682,1.0632136910072887,1.1743708320397672,287.66028592709847,0.9241499551656824,0.0001986485378795792
32155,-1.4886281333716962,-12.069497705799371,3.6824401140294767,2.619418490466061,464.54827719783435,1.2204792323443714,0.00019865923300710884
32156,-1.9911955301649105,-8.138073272832013,3.604562932824705,0.9967809063738303,197.42426073047068,0.6830346298244363,0.00019867381122881387
32157,-1.9686712292282955,-12.886501362297137,3.6563891834391207,0.8345990868614986,164.03911459165295,0.5324584042808498,0.00019867483337998704
32158,-0.29593265634072097,-7.879686181322355,1.7217166574580014,0.8698991520183285,469.38182561823504,0.041302684190639205,0.00019867928978636992
32159,-2.7569972786310206,-6.046989391617632,2.4623726321932438,1.201485555815022,308.5015760278907,0.440660431583777,0.00019870047417922454
32160,-9.289053039670828,-7.2198012198812895,4.767555037172001,2.168007645685591,203.28326361800984,0.23704106683140136,0.0001987158360870795
32161,-2.186419158020991,-10.284905142949489,3.8535223677606867,1.827193583587617,454.42143458554034,0.5989497089194415,0.00019873108448244448
32162,-2.1283424660791255,-12.77126330800471,3.630422838042053,1.8763182744129676,452.5836979225461,0.1315413213531782,0.0001987339482255845
32163,-0.7065546713774822,-8.529707682289041,0.9392295298659828,5.771458230033216,660.5482246876694,0.6129348393843523,0.00019875008583001056
32164,-1.8001699739481456,-11.413883109644068,0.2648998247090217,1.5904740070408914,281.3607748248576,0.03596264037662866,0.0001987544045256358
32165,-3.5566041909776738,-12.374804073657154,4.564120685302828,0.8874352984112496,197.24201204408837,1.116321663038197,0.00019876377798959226
32166,-1.1355389498913997,-7.482658452404074,2.212590790394851,0.5349616893923489,132.99137969720135,0.5644040249372635,0.0001988197044336922
32167,-1.6709510018960145,-7.448137267707878,2.509363625679142,1.7567334500474983,414.448366015418,0.5448863450444366,0.00019882193634411944
32168,-0.7038669955008512,-9.499817330231659,0.49343889321850115,1.048378801130302,258.2656815414999,0.6561968088865093,0.0001988267664107061
32169,-1.0993708035921639,-10.617946951900226,3.803461907712382,2.1244642085362204,418.6702985263518,1.8246708959333153,0.00019884015374799547
32170,-1.7133319927959363,-11.670543465196138,3.7104723757313893,1.676765655942911,395.99439722615006,0.8167123948920638,0.00019884098864623567
32171,-0.27277563762138257,-9.528876431793602,3.972891224047524,1.2320767880188586,468.0767748133325,0.7176750061477692,0.00019885184640384154
32172,-1.672767680085153,-11.062463281484794,3.746351774204207,1.348411313793189,467.8872418535925,0.5057546614134845,0.00019885959724716987
32173,-7.758487286951714,-9.214152886723902,4.750243710730315,1.843071836727595,469.50212302900286,0.024715725202134387,0.00019890468066068116
32174,-0.2710902500206753,-12.650960434048072,3.629161288557895,1.4958283282980915,336.87585398347915,0.9699230115404385,0.00019890652609619604
32175,-1.9617946000074298,-12.019978130269843,0.289231961741742,0.7676293903869305,207.14246807912642,1.0591448791357179,0.00019893423333053133
32176,-2.0930400396427427,-11.785332080040314,0.23505379528533432,0.871218076994564,468.3011980401779,0.8841340506654625,0.0001989476641887865
32177,-0.6700267683132566,-12.403637462668213,3.644281372837664,2.3167164036518457,439.2803464777706,2.0429214746878674,0.00019895256613222784
32178,-6.831200400496144,-11.478030992404257,4.485463743056061,1.4733398527622288,190.7963620841384,0.17374408669773356,0.00019897352050243433
32179,-0.5619575004125963,-10.261619338311844,3.9069531876681487,0.5565952074675949,168.10032457565535,0.5054570452237543,0.000198974916596522
32180,-2.1743397768410855,-10.230784337165694,3.9073302499838913,1.561652188898739,345.92438355432984,1.0271243022099954,0.00019901226190764706
32181,-5.628061688531472,-10.769669342448537,4.946669209924591,1.0350602432398515,468.0807240408461,0.8279235601614401,0.00019902440753292474
32182,-0.09087543683989452,-11.389235249723258,3.736716689377165,0.8341824047958505,224.60262579414206,0.7066639801654953,0.00019902563406209309
32183,-8.070595538063493,-10.708342728117401,2.50384372176333,1.8547200124692398,445.050748501966,0.23739419888048108,0.00019904207728318714
32184,-0.4011645045112182,-10.912187919588629,0.3123977231130555,1.321566054472897,285.6859238917865,0.25027054982754215,0.00019904422409602033
32185,-2.27807336909681,-10.634421437958192,4.02443445119207,0.6563173313136932,467.11309171278384,0.44906149491967273,0.00019904780419604994
32186,-1.282600032232308,-11.572879850450017,3.707543629478339,2.2949258877200784,435.53547406175863,1.640820654029569,0.00019905647496256884
32187,-1.3398808583940376,-12.38141515696069,3.6331950338550176,1.3842609533774386,309.2313938927282,0.596567775183753,0.00019907673487971097
32188,-0.8584453553096356,-12.72241659426926,3.659158284010453,1.3520536553592508,468.23746162864813,0.6248277734399217,0.00019908268827052974
32189,-1.8014918210308455,-7.524809209931583,2.75791453924702,1.7611671787425043,467.7730815853201,0.44599741489690814,0.0001990826886661252
32190,-1.6624215534531128,-8.715456462449453,3.8784805384119334,0.8825443335309393,200.60463347690904,0.43996449041550445,0.0001990840478228878
32191,-3.7726569660066103,-11.89477543148016,4.6185471905972815,2.9212214752422425,489.2846508145532,1.0549601685023928,0.00019910076238915616
32192,-3.105271274327608,-5.199905403931184,2.2182129052273694,0.9916152628353466,196.34324912912857,0.802853972610003,0.00019910520868652586
32193,-1.458172096115998,-8.01060634146376,3.498549855323053,0.9850407005462686,256.33889708627265,0.7043534494481394,0.00019912661910399858
32194,-2.4126011022873417,-6.932702428515323,1.3185885506326593,1.3433836173933331,468.8276122054698,0.6431427462896604,0.00019913012470069652
32195,-2.0091708917414195,-7.9376824597506355,3.4208481668384314,0.7558832186762954,191.11973891719856,0.2814495748859569,0.00019916634979270828
32196,-1.2608092946485563,-7.699012246462215,3.045581028165684,0.7127834396032062,196.6300049151925,0.9753143368989177,0.00019917862458778698
32197,-2.2820943668468265,-8.294195737131883,3.7246493869483817,1.0135030436178878,376.67037102065575,0.4350520108991276,0.00019919054566274887
32198,-1.382392362692773,-10.481673784323068,3.8220275200430827,1.2941551237369628,304.8861038014778,0.16793286407277197,0.00019920912153567922
32199,-4.0104446683181685,-5.951672618596426,0.8562577368416906,1.07653741060358,467.98985732982254,0.8877897161487756,0.00019921028542592057
32200,-0.47433815767482557,-10.72421517353848,3.7836778769320825,0.91106861314345,187.86730920724193,0.09533450436345792,0.00019923820214177225
32201,-0.9676429667982891,-10.569801744592274,3.8079606088677624,1.1676405452772265,300.95590665719783,1.2602905810871068,0.00019923945518171912
32202,-3.6737069410754746,-12.201759101122382,4.584954667677104,0.6882707386468352,467.52679600572577,0.48398376114271713,0.000199246340691392
32203,-1.1576895861795293,-7.476625299604738,2.6371348951093534,1.2958992297886869,211.41852482886782,0.09344674389706764,0.00019925756081079745
32204,-2.0529682344160154,-10.894945171623133,3.8926428796346837,1.4374602301870625,322.1423216710324,0.24748655519771479,0.00019930962600302792
32205,-1.1957144267797108,-12.652028141641265,3.659942461983427,1.1437199373174884,299.1855939437812,0.5089905487548316,0.0001993096668373095
32206,-2.1154314774427547,-10.561676354161143,3.8732527880093954,5.378772597553099,287.3845166186448,0.2597654122947395,0.0001993246879925061
32207,-1.7610970397872663,-12.315996550100554,0.23241789614880826,1.61182001004161,372.8869156593301,0.9624548919506521,0.00019933891293584806
32208,-7.894185277541333,-10.57223708321504,3.2653862933802715,1.256949455181172,284.3019124398661,0.3090322421827496,0.00019934385602808687
32209,-3.9312745782590124,-5.6267752559071775,1.1572360499743652,1.8061241125988163,467.61541303691763,0.673858680749432,0.0001993669014301265
32210,-1.828062447641619,-7.567418904983988,2.178190161568278,1.2397717904736372,468.5076747002323,0.6870133472764097,0.00019937013957985306
32211,-1.751032033490576,-10.707889776254092,3.785116613326473,1.8460890827107874,441.7015194448426,0.15775651720767758,0.0001993789650816671
32212,-0.4144828298858183,-12.321083329843402,0.2980410985473603,1.1649048583154802,470.1496056800428,0.12781749369281226,0.00019939175942891658
32213,-0.5826245668006145,-8.79115316938467,0.7975133657439117,0.9966127774685151,275.63496343444086,1.7439200346800545,0.00019939853255299554
32214,-0.9771497662993553,-10.405298216146408,3.8329972882840457,1.1398908251296886,296.0540518447152,0.7476780202251847,0.0001994041252303084
32215,-0.7461119153451321,-7.4851090043774535,2.6561584818883195,0.8882221200108309,242.66007767238773,1.0833241447085635,0.00019940505209057552
32216,-0.924436010966005,-7.531657859191047,2.2687401318670166,1.1214055160969876,269.0860169466388,0.41222402942445324,0.00019941206202904503
32217,-1.3497297803418036,-12.007315483721086,0.29934076300223966,1.1582941842309824,466.6352832005174,0.09043703249928026,0.00019943791129338007
32218,-0.26976317007059336,-12.818416993137117,3.6175581610467504,2.671459177318184,195.43253067005386,0.30734682869702556,0.0001994590876154863
32219,-9.383922514328832,-7.947517276348598,1.8328667987702953,1.775835104921169,422.988309481854,0.6129405510972736,0.00019945956188861788
32220,-0.1570681104823599,-12.102539050654569,3.673173266060237,1.8258892400659037,437.4365034140146,0.7389731241913031,0.00019946548900200785
32221,-2.3628432797453325,-7.2374154022095105,1.0143419800577334,1.1805632388540777,298.7179359013319,0.8148976530992291,0.0001994818292851234
32222,-0.46138079073102745,-9.006199069089666,3.9898687755960145,1.1263269745990334,290.969408356633,0.8784762562045971,0.00019949435780954733
32223,-0.6934282039658015,-12.133965041168274,3.67059538501649,1.0344611162769584,467.76336052548555,0.3509799178345263,0.00019952421970368712
32224,-4.431741573838236,-5.265800400660273,1.4556372732620526,1.1788250521236396,285.08842965908576,0.4863261360456388,0.0001995253756808433
32225,-1.084819950454044,-10.321457626649355,3.845583165998556,1.5294678657177005,348.86245396227633,0.03777881768589353,0.00019952696845685974
32226,-0.9142986510723343,-7.8491701939797895,3.3068809685811575,0.8130198590930877,214.78018798111887,0.6845541513863855,0.00019953923075813186
32227,-1.7171470985880681,-7.523851597083417,2.754818649336035,2.389265769252653,447.32724871367805,2.319238149586308,0.00019955296348639736
32228,-1.2136877973270082,-7.613509973383264,2.905979705281114,0.9132917652423608,468.0574048179817,0.014682447419731126,0.00019955869620643697
32229,-9.48057804788452,-7.774393213288673,3.4389491261874796,0.9987168224949211,267.4714036034028,1.0632153447364407,0.00019956975177434552
32230,-0.9488918863136426,-11.784073440769625,3.739497799620114,1.8493936842705574,467.98218449010716,0.3598519129564437,0.00019957456664699912
32231,-2.0303812933125513,-12.622503978466968,3.6616043584297446,1.0699912660548874,288.12184480554606,1.072278745501137,0.00019960127653347032
32232,-1.1098484416827645,-12.05151801836403,3.6754197421569526,1.1281430697819028,217.6987317433246,0.03639011259647518,0.00019960380632254733
32233,-6.9655176953068825,-12.822752056854675,4.230023515651923,1.02728378907608,273.7534097178656,0.35306705603363486,0.00019966516794452625
32234,-1.1708996738819515,-10.399293851277296,3.8806369118957917,1.8111480058847864,468.2043442933058,0.9035511460154213,0.00019967181006818398
32235,-2.291220878440697,-7.569338007762108,0.925037724085322,1.6281528327485242,377.17302970325204,0.12174388621148946,0.00019970123663376612
32236,-4.876207383346473,-5.03332425524243,4.086329261783133,1.6573587886503724,306.78761262488547,0.26613485423034255,0.00019971054246938264
32237,-1.5210754850861612,-11.5748465154937,0.26385408631330004,1.179352514668073,241.64102862458182,0.898075276330661,0.00019973179959971882
32238,-8.052505386683317,-10.683579611283195,2.627568808334639,1.5705086698276898,364.5146727692216,0.21321683890430343,0.00019973264104289243
32239,-3.39009374117151,-5.421016428115813,3.8361370884536203,1.5150110799719247,468.0581408286254,0.03533721796362066,0.0001997331471502335
32240,-0.3339597945383854,-10.29023746931323,3.888422685569949,1.2893522138651343,468.80518052169697,0.3305459992345732,0.00019974147397774437
32241,-1.7872750720498018,-7.7423736292403875,1.8567927104425828,1.5360852568690002,334.84341131170424,0.8822611450834179,0.0001997651245913605
32242,-1.299006178828325,-7.995421186161768,3.4011171077862445,1.7629160305500806,418.7368419692542,0.5817253960379878,0.00019979283838697084
32243,-1.5651910070322153,-8.700531486548847,3.908520819700936,1.4008605596808692,328.5602374558545,0.5177835119649918,0.00019979874502446833
32244,-2.3297941045833506,-12.527381530112198,4.31276460430814,1.8488057506199165,468.07901086304895,0.7188561781922198,0.0001998127386014388
32245,-2.957731622418888,-6.032060026850478,0.8730670849031081,0.868922381757634,199.4765774217953,0.6255677576650571,0.00019986047889907407
32246,-4.814355491599756,-6.58293173700881,0.08499891485925151,1.3838394497957458,334.61349771131245,0.30081693539920007,0.00019986533475989962
32247,-3.1032549270331833,-5.55396161010179,3.4107427844814464,1.6484196200643118,385.01635575372893,0.0648410303320448,0.00019987234152096402
32248,-2.1198150732282093,-7.512453848832163,2.578454912604229,2.111718051358341,414.90349433958824,1.485504365214667,0.0001998766430222168
32249,-7.492704868370663,-12.084964141429067,3.6616693710900523,1.7547638970454158,415.2603190386395,0.2197503241902634,0.00019987743188531036
32250,-4.8567605869110615,-5.74677498105863,0.6189701247082663,0.8864774377720603,238.2086413733945,0.5319564681313702,0.00019988706685291263
32251,-4.427132269165646,-5.665805121645698,0.9236538793128818,2.535253537335494,460.71459997204335,2.1378648020952644,0.00019988774301072659
32252,-1.6304452322589373,-7.787092947833673,1.96685969759293,1.3409871716877588,298.4908975015112,0.9204694465532031,0.00019989517122585843
32253,-2.140475484166214,-7.469165681250242,2.5344289677217864,1.1937422118907404,467.518523379618,0.2709264704979111,0.0001999643504476562
32254,-0.961449439268943,-12.391483664054018,0.3036382250932802,0.9625757178426101,267.18580998105506,1.7938798212932925,0.00019996688221689672
32255,-0.9623629997997245,-10.724835868834726,0.3381945397122765,1.2514393437146543,276.6846933316688,0.12083674238852016,0.00020003402036647216
32256,-8.639968675036824,-9.149071214573791,2.1122595332867733,1.816188409384922,438.1815340463135,0.3105468012152093,0.00020005568894878345
32257,-0.05011671312907495,-10.283285689458525,3.9001857157669453,7.636194860772939,626.6639845651558,0.1067660799429575,0.0002000581422747945
32258,-0.2996292808294214,-7.546263026745405,2.275944421045149,1.049613581321177,279.0599609760555,1.0835821156788006,0.00020007105655221903
32259,-3.3746448209990074,-5.427466034238307,3.6582479873699505,1.5084961062375926,339.13526907473835,0.1558563028802702,0.0002000772817472387
32260,-1.9995322406138243,-8.855790854468808,3.9279975309645683,0.9008821121972567,183.86095209366198,0.7770817909885475,0.00020007737563724145
32261,-2.064935972753452,-9.900929187721799,3.9260654325230844,1.0301479399621334,155.7504625713626,0.24478692908659827,0.0002000962731550085
32262,-1.4473617972601023,-8.24432693533008,1.1494246512866515,0.7504937058826594,147.4148320381228,0.18704002727199498,0.00020009855933643246
32263,-0.9215030755995048,-8.459990291137249,3.781481372452618,0.8835063588468054,467.734290023603,0.2597973024160547,0.0002001022412547406
32264,-0.9793556540947606,-8.395715277892487,3.725850908723602,1.141125770547461,290.21819258225554,1.0256524646174636,0.00020011301113265814
32265,-4.435909024322221,-5.078562354060073,3.7677151971102,1.7527295351830443,467.747519389178,0.27233639722984826,0.00020012877603754886
32266,-6.559755452737821,-10.245471750193133,5.0812966540512505,1.6971442572414701,351.74566309149156,0.7416913965992196,0.0002001348063113834
32267,-1.2049834911712551,-8.36576542964853,3.7194766343849963,1.2406029369195042,294.4272457792298,0.7126082266020628,0.00020015656235089504
32268,-3.8191042665056107,-5.435004313290025,3.9864477734295667,0.7366249729870807,213.08071380587026,1.181496852773157,0.00020015936859269385
32269,-5.7995034143951045,-10.973377703148843,4.872813157908609,1.254797120791411,294.4700653005025,0.14827234455955907,0.0002001709394683955
32270,-4.000239475165648,-5.551782988363263,4.24653195297127,1.429679174309118,317.25166524776455,0.869325353513041,0.00020017266076243973
32271,-1.2830160090012335,-12.289290402423463,0.3027632705645175,1.6086198680436177,371.50735776695177,0.8259002013561476,0.00020018720500030495
32272,-0.8353457622217562,-10.767343782328084,3.769351969257315,0.6867236366662226,144.8033968727187,0.051692753919704515,0.00020018894865510522
32273,-1.6441686001336038,-9.615970120418893,0.45348420738766476,0.8704950431124758,468.3883948078289,0.5320802445950372,0.00020018996403484452
32274,-5.533079742333438,-5.176158164152658,5.149207015982376,1.8662662887122787,468.5552493095622,0.3541687462635963,0.0002002071173709243
32275,-5.356380899605147,-5.411906216667597,0.34440064716719987,1.8222199062842104,468.10464977029426,0.7334664129067443,0.00020021209770634208
32276,-3.385546677174096,-6.116670889982992,0.6925085743932096,1.0176936447514486,271.52967923570077,1.3484744676449587,0.0002002425325380155
32277,-1.7274625806478277,-7.953435888117423,1.5588725896386209,1.378491046037151,307.9583580851151,0.47435726989851457,0.00020024536654860017
32278,-0.8009218579914208,-12.18976300959699,3.644766072697278,1.1052065140670113,467.1292088746358,0.29246762567912654,0.00020026407657621184
32279,-0.7768371728217627,-7.664278807701486,3.0144908667502177,1.8433272629788506,441.6407271094412,0.13237216994993606,0.00020027457771660352
32280,-2.6214890898878966,-6.187670091070234,1.1941887953913053,1.8209264226355744,468.57832867275584,0.9162913629595648,0.00020031557134508573
32281,-1.1651455013108087,-7.834611527710171,1.822782599081519,1.0358934992401476,270.61928349848995,0.7241946455686525,0.0002003362357040868
32282,-1.368185798893295,-12.674555166421994,3.649868895077268,1.811234921608431,468.35623174606394,0.2950744000150829,0.00020033652999063164
32283,-2.136535965501217,-7.485665764936182,2.2149652156235913,0.7130611893087399,154.76923970437898,0.12106214571400464,0.00020042367908633675
32284,-0.6755293480303379,-7.478216502293156,2.445106728090741,1.0974145443353696,468.07703426192666,0.8745918437986271,0.00020042538174552325
32285,-2.5438463078695586,-6.679924153777269,2.5490725826617417,0.8498488746949538,236.34295099360267,1.3754361481342041,0.00020043896906612882
32286,-1.9332641343246575,-11.33195330464622,3.7346037035065973,1.0025234087016783,263.1294741343516,1.51979948885152,0.00020044985785243251
32287,-7.911307706066101,-12.582028373597536,0.9014045646773078,1.3020043300695558,275.9734526576342,0.2775667611763204,0.00020045636974857118
32288,-1.0760657083614191,-12.245565668246353,3.667173964973048,2.822064038434279,481.3438132390338,1.1391796950093047,0.00020045761184072017
32289,-3.1066184137351263,-5.604201219397498,1.432905539086028,2.612452488215455,445.0894854789807,0.509035403180838,0.00020045985269157888
32290,-0.7769220705150488,-10.25793736858488,3.8881330252888286,1.7290907291458135,409.50241730070604,0.29287038766252493,0.000200460943586711
32291,-1.4171575122521727,-10.606299353667106,3.792779628215198,2.2718573248064113,434.438437565229,1.950188544550592,0.00020050630754256068
32292,-2.964247412641333,-5.763373679337438,3.3805079346555837,0.7320822228562491,157.56037282568798,0.40154104779298816,0.0002005102554438315
32293,-2.3100417496616297,-11.82648593545842,0.2553229179935064,1.8398520044736304,386.59325543982106,2.01403220091506,0.00020053401823687028
32294,-1.4696112778798618,-12.144157334058344,3.6339871948454285,0.8388814466232666,172.94145298359763,0.17830902537523752,0.0002005651285035387
32295,-0.1539235786812494,-9.134759156998033,3.960582310038043,0.6501655889400698,119.6241947597571,0.07095307932443085,0.00020059484808945956
32296,-0.5841089108725885,-8.567159051210282,0.9577056668233519,2.40620594846339,441.8961042995198,1.1083898578433216,0.0002006009893369995
32297,-1.598730589263825,-12.822490492323594,0.23922596259807316,1.8732203265433587,450.39963254113076,0.01851889815537966,0.00020060716877315504
32298,-2.3957827306288113,-7.7362917448399156,3.733369145397086,0.8640082947259765,468.03075833938277,0.0302117869856664,0.00020062517665663361
32299,-7.8071426644293105,-9.928048770925725,3.9365749344780983,1.7477490557558868,412.14158517053727,0.02387259448541812,0.00020065301490619988
32300,-0.0007021798087460951,-8.493041436407857,3.7926453148482877,1.010393613442217,277.16139987493835,1.5592631044087044,0.0002006601542266143
32301,-5.440709861959802,-12.669022884453497,4.58284064821279,1.1035187857383784,275.1722687238659,1.496722977845705,0.00020066408156682356
32302,-3.3104084446328796,-5.07389427988666,2.3827560040238587,0.8574978327593888,468.64208579857035,0.5613814130532688,0.00020068207684364095
32303,-3.1491866186102513,-11.128126247473947,4.882964207062963,7.079720651772856,612.6623589869383,0.11575863796311303,0.00020068272857029647
32304,-2.162319136758807,-10.571430813430577,0.33439522603061733,1.0803746026133694,259.2111893199415,1.5018248643362364,0.00020071697975597712
32305,-1.348971372724293,-9.191535071137173,3.963257278912503,1.173428706011528,300.2757098449101,1.3675600754716841,0.00020072846012363552
32306,-0.036345827622326965,-7.855367954461692,3.2985247490782688,1.0170908530685754,279.15944870456167,0.984010342455627,0.00020073349502836436
32307,-7.213694510220394,-11.030853474624875,4.263924416946644,1.2670380781417263,466.4971280293194,0.29983892814086754,0.00020076438281561032
32308,-4.338531252926437,-6.503390544568974,0.3429219945370229,1.2086459074457574,289.45626659032257,0.32194539591427773,0.0002007770018937115
32309,-2.3031907353823664,-12.8672238210677,4.158474028741132,0.9193878715648999,225.8999866044005,0.5120458733894191,0.0002007792963708965
32310,-0.49066554905293813,-9.178052113461954,3.9851986319492667,1.1468393035126985,299.3599443753447,0.6522391820287252,0.0002007811155181279
32311,-2.0635222218830513,-11.846490849868255,0.257337258774465,0.8162735876397265,231.4326914862711,1.4227295405229468,0.00020078549269360242
32312,-1.143617590897641,-9.128039222680885,3.958718526651464,1.8014494203003866,468.75218888161567,0.6450944793906821,0.0002007951683321673
32313,-1.606557369330634,-9.768758814040588,3.939885128691493,0.7278231043782415,467.9235117640239,0.5110614296811518,0.00020082592523984182
32314,-1.0561177108312485,-10.340919023777179,3.8803997209160355,1.1171385591266842,269.0815876818662,0.3397910037408245,0.00020086571971490312
32315,-4.074360547153716,-5.2933201030925465,1.2956809114658774,4.495657032377637,262.6911666796327,0.42533664823945205,0.00020086880665889177
32316,-0.06947856358181248,-12.257309886328736,0.2918844610625232,5.313361580109117,637.9514449037868,0.541532022769661,0.00020087181505118375
32317,-1.7126439395729207,-10.269939066510041,3.8791164133767446,1.1198704190396442,281.2167934396599,0.8722647051219985,0.00020087741141765
32318,-1.8086246672778366,-9.594878169742941,3.9815832774445914,1.3133364282859064,321.5456290226012,0.9684190239577335,0.0002009154443497524
32319,-0.9308580881486126,-7.4761516941660995,2.2844545463668395,1.1264682172247313,468.69733867833315,0.08169668438602251,0.0002009633152702053
32320,-9.72967382795136,-7.291572423764273,1.8408881899628677,4.201965047881177,579.127135556409,0.7426179343542794,0.00020097233487888284
32321,-1.5940901590100758,-7.677032376115683,2.126990740396681,0.7845957546155067,173.55615423690233,0.20235619268495508,0.0002009907851992615
32322,-3.506191588575236,-6.252349817315087,0.6455540857783441,1.8824610841141625,452.2031114059373,0.6130707013254995,0.00020099643076982487
32323,-8.976161138452415,-8.055078348574614,4.061160842436447,1.8245934256719705,467.8297291586507,0.3557452350527912,0.00020102919111558592
32324,-0.9171345630617047,-12.830390267961123,3.6153255457463795,0.8508951925503563,208.6164441030561,0.6222428951076706,0.0002010336774900476
32325,-1.4148286217982395,-12.433495265646775,3.619765116401424,1.3009654406810052,292.48114175393346,0.014738390435975468,0.0002010615038954453
32326,-3.977708106230428,-5.067651234143016,1.8090947127601413,1.374199636616083,319.89404541506565,0.237566329350118,0.00020106233219032926
32327,-2.062189262755526,-12.079355075386193,0.27464549391846166,1.3433885202753029,317.69140585051184,1.2031346481619902,0.00020108840896032146
32328,-1.9956064436172056,-12.165155227472884,3.6296854932636498,7.585700371100462,728.0666761540847,0.37198116253505553,0.0002010910131026552
32329,-0.15094076530914613,-8.118203934267555,3.564876529507987,1.5567381228573638,468.00115355821754,0.6285723190989518,0.00020110429138600773
32330,-0.5039143330001963,-8.641745081207612,3.848936868482392,1.7511423632517524,414.94381764863516,0.6952796684085429,0.0002011081160240554
32331,-1.7766800577142767,-10.280819015266337,3.8403929251396067,0.9529538792431682,468.54965283522665,0.6131166535267285,0.00020111807843011564
32332,-0.06058338211780878,-8.415320491072853,3.750509269076097,1.6193470173345414,372.1074617867273,0.026412528187889528,0.000201134696740591
32333,-7.947373891667616,-10.067005910379475,3.497932490756145,1.2356357398154028,264.5662749052004,0.03143077601670807,0.00020115044080686788
32334,-1.7799790732254692,-7.663944921314198,2.8536474760403436,1.2682418312849042,468.4571115007809,0.6549927424465238,0.0002011514634793719
32335,-1.1945297680058768,-8.664700916988233,3.8882238078278286,0.8057718791689552,178.35484551399162,0.15561450048262682,0.00020115994154614215
32336,-0.5565975132969783,-9.110261528778222,3.9895164683613165,1.050335759050276,274.54719073683117,0.8845150688662189,0.0002012158523342393
32337,-0.0984470756349225,-10.748871851031044,3.764228062344032,0.8839349176921283,433.8437343898524,0.5164072394447246,0.000201223907770439
32338,-3.2873816347620526,-5.5056076632416735,3.918100239851868,1.523171102764885,351.0831376463823,0.3588182222128298,0.00020122783282087571
32339,-1.0964255936663907,-8.688496319471447,3.8633814464668896,1.3570065742762427,467.24653869013946,0.5528900786312487,0.00020123457053607298
32340,-3.1342404873152354,-5.6059501824143405,3.7400764032196325,1.512796649988707,468.1173362739414,0.7406333993781962,0.00020124181035612818
32341,-0.31058545072284716,-11.938718419405165,3.6693231039381558,0.8137565560948691,132.81915764520488,0.2848382991849352,0.00020124796514143118
32342,-4.513467842733544,-10.415864579886376,5.0746566047861394,1.075622294540752,285.63477528495196,0.5320615399636219,0.000201267481056044
32343,-1.4347957609290223,-7.502640400052023,2.343966614011207,1.5806214555375337,433.45842270052344,0.8541301728627246,0.00020131113646408143
32344,-3.2384381544027594,-5.314794306570511,3.337500960560315,1.226102936613091,310.82918657375313,0.5407850665156202,0.0002013517158054085
32345,-7.913465061967498,-9.75545583151367,3.868319240258003,0.9530080415046804,369.9602049604167,0.935462707547412,0.0002013867230884447
32346,-0.19709245996704006,-7.681983987019627,2.1263311819283675,0.8224078363245687,239.2843750498435,1.2326944873574055,0.00020138791703083457
32347,-0.38766525512042804,-8.17435660864455,1.3925228447311542,2.102411093034532,416.84982565844365,2.0191385100415546,0.00020138924602412024
32348,-0.8830130118670603,-10.691957201477193,0.3356147195861162,1.5755965317272511,468.3395730106797,0.5134786734733714,0.00020140097675079265
32349,-4.105395773994845,-5.19929452072178,1.5945103774559912,1.6488266817673132,355.66366255316404,1.1820016727299096,0.0002014290541458465
32350,-1.5885927904414938,-9.954163857020331,0.41226735492484257,1.7888992965174333,468.6885857767611,0.9190404598064337,0.00020143821603742142
32351,-2.3498230037829746,-10.85009973744505,4.485934237645233,0.9036328971998057,252.98469949918228,0.4620588582163103,0.0002014496339452426
32352,-1.0499105649017366,-7.596106504750537,2.8798284359271893,0.8535234975732076,181.28165316059588,0.5307189316706493,0.00020146191816987512
32353,-9.953308097757162,-6.450873976330586,4.2126303480703635,1.8093368686320355,430.41864671707,0.05862123986290868,0.00020146388332251984
32354,-2.0377204229395467,-8.001070513278997,1.5519957479531996,2.42646646479736,447.52860684673476,1.5105356216104964,0.0002014688414187251
32355,-4.873540246764075,-5.331937184106164,0.8230055769073796,2.6567751234791652,453.56410405620403,0.49522933768415367,0.00020147937978256042
32356,-2.1186745429264198,-7.397536186012359,2.2989905333082405,1.309422064685457,321.8015411716994,0.45951910418294695,0.0002014843149845473
32357,-4.13415286780784,-5.224411469088654,3.7675070857279493,1.0654573750644385,467.8467376348671,0.640111670729369,0.00020148831561732478
32358,-1.5361269674355231,-8.872785373352663,3.8870053142878813,1.4721184622164671,467.8206759675903,0.05517215116158081,0.0002015087571024817
32359,-0.7076874271106242,-8.440283349229368,1.0559169355531781,1.4867735943706248,331.3163185136192,0.10191427500327155,0.0002015161337670444
32360,-2.2091677855469696,-7.7625066865177414,1.9945399057523376,1.61083237901985,358.2580123847261,0.7046036132499784,0.00020153147439143447
32361,-4.8077453582553344,-11.724147799277475,4.667518486385834,2.848228141362721,488.3177306515661,1.9982395983591,0.00020155796550592586
32362,-3.7462364573798386,-5.629581257912526,1.321845354684084,1.3602374278728928,322.8582384158567,1.274020937545382,0.0002015676031897201
32363,-8.456149418310769,-8.930138115900565,3.636173961428957,1.7760248032724408,457.1089812805066,0.01725779988001097,0.00020157469661467598
32364,-4.07138235344891,-5.463800469568197,1.3695205587821677,2.2085237018649413,426.95703411401126,1.6559921803024027,0.00020159758135324335
32365,-8.499461243811014,-9.388506986941259,2.35323448586568,0.8613367735391839,194.34726770846515,0.5971567160460163,0.0002016069073440229
32366,-0.18840329071992556,-12.08817038388178,3.6667686427337776,1.7085862919290247,402.50790551907437,0.3336596887903909,0.00020164175809844477
32367,-1.1593164624299828,-7.733441820238057,3.1021303839216743,0.8590973937097761,470.1223834566447,0.1997681465986041,0.0002016433821030642
32368,-4.1515264179723275,-5.6141568375727955,4.401440795362309,4.213635311749817,571.9168890408234,0.40105551399202444,0.00020164877403320967
32369,-8.295984294922112,-9.856452408670272,0.6087957938105503,1.5061278293052318,338.2595887730335,0.516044213784915,0.00020165715122961634
32370,-2.001776478477212,-8.437708415451404,0.8894392782549443,1.232905599815034,269.7457160873846,0.22920755929956638,0.00020165858133709255
32371,-0.5894106555719887,-8.759934967907519,0.8053558244596509,1.585145587293311,467.8721643984956,0.16982101388524296,0.00020166129195924425
32372,-0.3424087075898594,-7.491559207396461,2.5444466573484927,0.8704015220432066,467.8706299149164,0.4856302382769071,0.0002016816728107552
32373,-1.4295615212669333,-7.667354859850859,2.916883711621451,3.3201234139622295,520.3564612571485,0.9418753320978004,0.00020168707847376588
32374,-4.015186068921533,-12.458020303967277,4.558017628786368,0.7984264223548432,468.84070979274287,0.1841267746341968,0.00020170600067197822
32375,-4.871668349011072,-12.397591838278471,4.583452240815948,0.9655676578165872,268.92140150480617,1.1363978906535221,0.0002017367020993841
32376,-3.9654651864915413,-10.98759795527146,4.824516447621678,0.828347901352035,468.19067816296086,0.5293921906250727,0.00020178654824980628
32377,-1.3713632449707536,-7.693538155644271,2.1401172689451093,0.6542862460014309,172.6631907695192,0.337929610156932,0.00020183664952912062
32378,-4.058081571283853,-5.343533263224317,3.8787328304220217,1.1925774314448487,299.9687530648071,0.8075838671964535,0.00020185076410904898
32379,-2.210455693597585,-11.593272511927578,0.25718359509053085,1.2463211699215708,309.12137364443333,1.5017252648828352,0.00020185354642270097
32380,-0.27496431813689526,-7.851833900055054,1.8245587913657593,1.1688101252993168,293.5069053881894,0.4136610804883798,0.00020185597058393657
32381,-1.520359196202886,-8.563517451563701,0.949036405057427,1.074472347616652,467.9197849977335,0.7696089198669531,0.00020185769728182844
32382,-0.022927975115692334,-7.849065310683108,1.8321157152658019,1.846794217637992,469.1142438489069,0.18037954562171254,0.0002018625661821342
32383,-0.02072417769181456,-7.916216695181987,3.3516579729485922,1.1453216224143339,293.04121799741586,1.1946740475581903,0.00020188122068544057
32384,-1.0896956582993536,-7.869172159060164,3.2995192509228954,1.7506340600851105,416.3525951671049,0.5934414098708913,0.00020188411546099324
32385,-9.977501107535776,-6.27879456625465,1.9110135131643036,1.0825345251076521,219.31191692270318,0.4494748300674276,0.00020190849227718803
32386,-4.225123270952805,-5.598884576956158,1.0068448945283477,1.5834370542548326,367.23545677078914,0.12086051429523437,0.00020192212227776454
32387,-3.316487682313591,-5.0666311288715935,2.748319820961807,2.4641737411031546,453.6057859237291,2.0321137849398907,0.00020194067709360819
32388,-2.5149760999045156,-7.426072971655526,3.9603927022599765,0.9655324491850568,467.8115998201827,0.44782434452239794,0.00020195056964742464
32389,-0.4071552224876651,-9.261750716065563,3.957535832422226,1.0436465162642532,272.3133055827463,1.692579691641794,0.00020197812233972828
32390,-1.698892892956641,-11.894098451307638,3.626302527401741,0.9026503799317104,241.54259152511995,0.6898220471952135,0.00020198362351520283
32391,-4.123489079814323,-5.390021222863119,3.8243389136126753,1.180828995938003,300.325011967851,0.8207245023817711,0.0002019848445729799
32392,-5.108523612970687,-5.537993952167446,0.5129219234685892,1.4470989247508754,338.8580413295245,0.24116044062831765,0.00020201652814706133
32393,-0.3603875109317798,-12.031910900677207,3.64003173879367,9.298996882409352,514.340255979238,0.056560409433864756,0.000202021785161461
32394,-1.7168655449909878,-11.958780910106604,3.645012620672047,1.9758156125075057,402.3768931198946,1.9669522552697902,0.00020204477496627647
32395,-0.7568415931614485,-11.40414266587423,3.7098744773572134,0.8775274929192701,457.50904558876215,0.5164050707765462,0.0002020694931961448
32396,-3.34622288411939,-5.73979726351461,1.1378586269052142,1.049598585673242,230.5969179888023,0.3257185752672589,0.00020207052439638742
32397,-2.370263579690884,-12.544606385041149,4.789063797456171,1.035090199998723,467.6263748650826,0.5924734570269843,0.00020208585159597726
32398,-1.1525810685167528,-9.434778421578656,3.9908810075457692,3.323868950243739,523.8443480839784,1.3174525029440636,0.00020208905067465007
32399,-0.1131175882881923,-8.179781622455934,3.6040251636444807,1.9255014622852549,198.71172561015942,0.24276398431535817,0.0002020991827783258
32400,-1.5409863915673085,-11.300667922306603,0.2837386688850252,1.4573920167253225,468.01448613892757,0.17066451188646337,0.00020211654274030513
32401,-4.808635784144201,-5.4646298944402325,0.864163310611189,1.1163791743789269,294.1266065253176,0.8181827025203932,0.0002021241882844835
32402,-1.2014206651174693,-7.991790648020197,1.5850271777457503,1.897534978173485,468.51305637927936,0.39535507339327847,0.00020213458310883696
32403,-1.8980772565150712,-12.909341263916863,3.612138064714024,1.322977020549223,285.7469688655965,0.9983408125547859,0.00020214428529789587
32404,-8.77345894457014,-8.91660719044915,1.874007508873078,1.8905643217258468,467.72865246251365,0.4534462163897697,0.00020214595116376544
32405,-2.739515986215613,-6.573236958206892,4.012469633205021,0.9070699380083761,469.87224280552203,0.04556338772071378,0.00020214734405865818
32406,-1.3072268168595773,-9.148747064441997,3.980312838870628,1.436060933881978,468.90489272493954,0.8590731318839149,0.00020215423587087778
32407,-1.112352065978449,-7.811068737133158,1.9747268574002637,1.0459706361394396,253.393757060914,1.4928492259256325,0.0002021546843987057
32408,-2.147150709297275,-10.465411820663913,0.35659646645673465,1.7910342550660387,448.35236604989495,0.07774371918133216,0.00020215666440368332
32409,-1.8671810104583457,-7.7245110357106395,2.9833665363908595,1.10807598763429,286.39843586824924,1.461583578658046,0.0002021845236498716
32410,-4.123910579162057,-6.052561786037576,0.6686969493077651,1.6219116987852442,468.71667334567667,0.28953904203404424,0.00020219372909160638
32411,-0.034682732284949225,-7.642913882807439,2.8380231357719405,1.6157154516450356,374.1109646571286,0.036175439816902966,0.00020221432215437478
32412,-1.0404266147168855,-7.859760147777374,3.2491563300010036,1.6676801237657208,361.21864339239454,1.1328366250709907,0.00020222429475705102
32413,-6.10679781337976,-10.987035577653945,4.848110942445422,0.6699846129309791,145.99564466534588,0.4522236913171822,0.00020222709010413927
32414,-9.91763983477338,-5.02209618676971,4.268777409130602,0.8738480240750512,468.57205829824784,0.8525862377527114,0.0002022277637924702
32415,-0.2001221762770875,-9.393087429427489,3.991064309140263,2.359811716081675,444.6249863753852,2.354587191609151,0.00020222801381661304
32416,-0.10636071332868013,-8.436562627161619,1.0662826070518208,0.9019472487409564,223.8525857694806,0.31600947381483735,0.00020222923659202573
32417,-1.3086584597330138,-7.636582783016612,2.9002288800610025,1.1527873274966352,144.0582860948411,0.2910635970546007,0.00020223210936646407
32418,-0.6572859108399385,-11.522529377096962,3.7317071953476555,2.8239132910947213,473.5291491845519,0.5182610245373702,0.0002022560167497666
32419,-2.156557119809184,-7.871970820151726,1.712718990635596,0.6933613827449474,412.8937678387079,0.3875836731388622,0.00020225932278985525
32420,-3.22152576701221,-11.887626891364272,4.660171198016783,1.8154509972635657,469.20544951165687,0.07788665804518846,0.00020226258597903568
32421,-1.246655012462698,-7.506502416366605,2.451637534479789,0.6007982737303055,151.04218299107492,0.5998982754276305,0.0002022841181984853
32422,-3.061451794539037,-5.671136534144885,3.5244961235001893,1.1902453370573474,295.33899414761356,0.5753496935006028,0.0002022967007199026
32423,-7.69778284732274,-11.448526297494368,3.3747986606115097,0.7022037577915318,468.05198476246835,0.4641839335818947,0.00020230479062489595
32424,-0.8527122722030622,-9.057543851017893,3.9417476942204663,1.0181559465987557,258.6862670966467,1.073582702173864,0.00020231522098460743
32425,-1.9804653522434137,-8.90437006249455,3.8875512592658357,1.0474473620661098,261.32939544454024,0.30870780228507044,0.00020232572350055024
32426,-3.715705109879006,-5.642120344347999,4.204322797728761,1.218070515642047,257.11052247160734,0.05142171531232442,0.00020234760537456728
32427,-0.017745714494520115,-9.4040488003101,3.982519566863936,0.9549369976325058,188.82365623204706,0.9310908637133837,0.00020235424845420577
32428,-1.8988691931586406,-11.718017051475993,3.678090039840589,0.7840045383657546,198.14639878898066,0.09012811211263738,0.00020236438363561027
32429,-1.3528013553109268,-10.33336525070847,3.822656336254857,1.3997781207125253,327.1736098421027,0.27346476349273363,0.00020237618987511649
32430,-1.3104222125621394,-11.318267204744654,3.706589336155557,0.9947398113884384,314.6001394021881,1.0466748515444708,0.00020237766584696836
32431,-7.623013640240982,-12.84355008650138,3.3317927880297664,1.03071381891679,192.640449796996,0.09664274269649642,0.00020237887642236133
32432,-2.6290829380153813,-6.316818757829615,2.4586546553465474,1.4252476787301196,325.8499784929775,0.8746132076143729,0.0002023924430715088
32433,-0.8360088021548879,-8.567454508944197,0.9413305690742669,3.860944153361429,559.7462353496229,0.9680143419334444,0.00020240369754076309
32434,-0.012985197936805193,-10.450643482002786,3.8035136079541894,2.000498213832892,402.1980628383866,1.4931271554397254,0.00020240682759076697
32435,-1.1472464769036108,-9.043429953612934,3.9303407845434557,1.2091450507999575,303.27637136322204,0.8421752077996301,0.00020243035440092953
32436,-0.021127366382474477,-9.346110217676795,0.5451925626466846,1.3435712608201427,288.34240915776314,0.621441555560728,0.00020244196976110538
32437,-4.457914236969618,-12.400903934493574,4.568324924786918,1.098635751526859,284.3396032754989,1.2696570652797243,0.00020244940580921162
32438,-4.463092488374092,-12.647680996292534,4.551162559668794,1.2463300493115292,467.7988399934789,0.11958554681293787,0.00020245054446735682
32439,-6.9097030000709445,-12.991469327627255,4.257993712462246,1.1325659673421442,279.393875431255,0.7620514228832969,0.000202458372467844
32440,-1.1339222648386773,-7.5511624513119715,2.256810493691874,2.4013853432272017,447.54271530183166,2.016842925378998,0.00020246201163439943
32441,-4.483555667054868,-5.060708246935784,1.6689133636659501,1.8342887488764699,469.1842391365282,0.07792440961210811,0.00020249124354294984
32442,-0.7738938652576053,-12.646148077941865,3.6136265445462588,6.275476628861253,681.5865906897815,0.4228465203012748,0.0002024926791520305
32443,-0.5722139910851904,-7.530445620785623,2.206245741007733,1.227097806248558,316.7944803189792,0.7778520313006263,0.00020250214304304387
32444,-1.3592468739913457,-9.711764982069905,0.4668999671619909,1.8424266818105894,468.3261346310556,0.5082596179889496,0.00020250231586414465
32445,-0.6205455632050132,-8.667383114006245,0.8621839565254469,0.8750334636867376,191.26345650822583,0.32650237879227273,0.00020250700946417797
32446,-1.9103034257435443,-9.244455552811766,3.9534740172963234,0.9536878058338619,184.75251217807124,0.3872635186740885,0.00020252221603274596
32447,-4.106158299442563,-10.338809031105571,5.104995883785784,0.8829204792170895,467.3345229469427,0.6915500785169515,0.00020252585650401425
32448,-0.5050259501730086,-7.79107114257359,1.8528591704492523,2.1703898072210195,413.92594794811583,0.9302933140457252,0.00020252669508250467
32449,-1.3584815758034203,-8.682351911980975,0.8684702534330354,1.01533433675527,468.0548017300066,0.7050288513897911,0.0002025277864786158
32450,-1.9765232470299505,-7.926120067861762,1.6510626539280355,0.8376777824286427,240.43170719596543,0.9699662320972466,0.00020253541216936393
32451,-0.18628052048514832,-11.356639548021185,3.711283758223471,1.1980199798144304,308.3272753434455,0.5708506392232691,0.00020253602224342158
32452,-0.6288518546477455,-7.672838228740534,3.000096803978682,1.599507243020789,372.21084937018105,0.3456970103608361,0.0002025692869590815
32453,-1.9750036066239378,-7.603866248316228,2.8692436969854245,1.3848119379527335,302.76842197732236,0.5188314350400285,0.00020258786098752268
32454,-1.1198743056668263,-11.242041267803728,3.7140169460075843,1.4961371239295904,343.8244760778811,0.31393391381524705,0.00020259072476341462
32455,-9.305282725568519,-5.787701552004352,0.7585494023316285,1.0724979811952415,467.8366990638136,0.639898512737985,0.00020259423785603256
32456,-3.7215012550753146,-10.328334821753543,5.101755554709562,1.2219888307766247,279.81107079573695,0.36138457579428795,0.00020260395577490137
32457,-1.8125635998715381,-7.489492632689465,2.3063446682268895,1.1548769505425562,242.04287373028748,0.10275167807384467,0.0002026240971646734
32458,-3.5101462752227297,-5.465220418273737,1.288997281378424,1.4007104618844335,318.6024080542598,0.9332658197175077,0.00020262789182231704
32459,-3.5727320951945885,-5.57862295247005,4.105987410645258,0.9206207762997857,340.0693734314911,0.26554915063870865,0.00020262983312688482
32460,-0.31830014572828347,-10.275836832599108,0.38548167463049404,1.4323303685062634,322.6740783394331,0.32295354068434623,0.00020264520117286913
32461,-0.7487434996487821,-8.04481655806101,1.3108516313862804,1.3736622168550923,332.3988422267096,0.3121849672916639,0.00020265060606379926
32462,-1.2236212056772295,-11.369182530317925,3.7088152270523436,1.866188278961129,450.11613485533667,0.3323254541101237,0.00020266594302777643
32463,-3.1055696128788677,-5.393899597903909,2.269538209615495,0.896969282508232,257.24993851872733,1.160022353728058,0.00020267834465214471
32464,-1.8814783534095074,-10.395726806657901,0.33287066402105464,1.559188391378685,433.17329180913356,0.308803782186863,0.00020268458083088484
32465,-2.2170769826138113,-8.990158022062179,3.930702611089871,1.3919038676970468,310.88725388240056,0.23604683214513944,0.0002026846018558228
32466,-0.3816504159202445,-8.074604610375896,1.3227898105766847,0.7950592414128622,158.32643333818933,0.13580113208987576,0.00020268843072210953
32467,-8.584561664591469,-9.230592478108116,1.148528054789209,3.4676949585892345,345.4709148082191,0.07613354585150756,0.00020268927056588503
32468,-4.408051045292795,-12.38776061940634,4.5698827928469425,5.095081687976739,338.84310618831455,0.20612436080242258,0.0002027082423688046
32469,-1.3456499444816057,-9.415003389091323,3.98731759696301,2.503234158316737,442.6893322845252,0.6430527113074831,0.0002027085893357892
32470,-1.0589672925419578,-7.848006095927669,1.7952564403742326,1.059305534373296,282.38133764106766,1.3687832304327383,0.00020275170546793384
32471,-1.2969402219836823,-10.923790966949547,0.3163464785183835,1.7810478867138873,201.6330659269135,0.35649084675525256,0.00020276509144445012
32472,-0.13410848289152,-10.080075807823551,3.906485214773393,1.2997611540438463,276.7375921766202,0.8585253503671391,0.00020276729445774228
32473,-0.770250893256696,-9.618495217717639,0.49212027223912935,2.7195022726694407,462.9730548155245,0.6399061668566803,0.000202795500151263
32474,-1.5933511677300984,-11.050867167691289,0.2945845491030292,1.7258312190467389,470.0458044344679,0.0909897077946491,0.0002027989426384221
32475,-1.0192538466618206,-8.29938181344578,1.1653663485998556,1.3241753611596652,468.78590929225743,0.22304210957177162,0.00020281185552439206
32476,-1.4444567080584818,-8.666900582816606,3.8446809599206135,1.769796987502123,434.1247759957316,0.5332849181203345,0.00020281950007284712
32477,-2.950607298638136,-6.166023193644992,4.219891244249375,2.696969746496083,475.6577567767054,2.208902638940482,0.0002028323551960756
32478,-9.890564040789013,-6.612488435390975,4.249671724487718,1.1267207534035246,246.97771753761063,0.400468213798983,0.00020283897711273369
32479,-1.1380506974467206,-10.68186923243406,0.35128363942905344,6.466908524097773,565.8417437190138,0.06558947515505498,0.00020284668712879444
32480,-0.4090223644760105,-11.253569478153143,3.704473428692789,1.0352454650951963,282.2523557781619,1.3044582043510582,0.0002028479587355633
32481,-6.840658596376867,-12.138495808954259,4.370871511723864,1.6509987248836797,385.56455137765215,0.42575822356966864,0.00020285453441922516
32482,-4.229975805404581,-5.339569334060386,1.5511376885235766,1.8373953420343772,468.4805447804123,0.9123822210703532,0.00020287144376186352
32483,-1.4676961056051692,-11.654280657220994,0.28314309846694036,1.5849268467273594,371.9222591842177,0.5467307706583471,0.00020288230407208336
32484,-1.8442645861838844,-10.257385771556926,3.8313645958510225,0.6742291305820795,184.0160467353542,0.9493508073120394,0.00020290948407641597
32485,-0.3562309870175824,-8.829742886475639,0.7993763982302455,0.9498634541045046,224.5040496823211,0.30971004099528354,0.00020291268835603295
32486,-3.1896509309969368,-5.378056182211039,1.8579110541263186,1.7390650885957415,411.24751779519136,0.2955005940655697,0.0002029251809994917
32487,-1.7787301354939054,-12.969428770744464,0.2608784513590705,1.893569316755822,457.5963514960495,0.6282449511270043,0.00020292926913113567
32488,-1.1089839538595072,-11.275621052754186,3.7070432140668643,1.4764953292095444,339.54366620536484,0.05936194468066791,0.00020293232335663695
32489,-3.3446184329593676,-5.141825569046465,2.0391462344362234,0.7768958181746742,200.2524330525436,0.3712601106256086,0.0002029469174391686
32490,-4.737309174581873,-5.494404382243393,0.7909127100694177,2.666210302845085,472.64140616947384,2.1100330865211285,0.0002029599172304389
32491,-0.23534478541960624,-8.571556286679417,0.943188776133683,0.8129506518300488,469.8053263752342,0.09433059307442448,0.00020297381650596577
32492,-3.732242210385107,-5.282740909491531,3.4240542712629702,1.649613708328831,383.0851747340574,0.2031363152350325,0.00020298964855311574
32493,-0.37774861271686966,-7.76819994750939,2.043830326496145,12.192801163269166,420.0536608849228,0.23708646548858958,0.00020299607769374667
32494,-2.224742401445954,-10.620407312063056,3.7721228481575353,1.3321146581149632,294.5949716155832,0.6366209338208115,0.00020300061145367038
32495,-2.0260309720020366,-7.745499661160583,3.0497919172380925,1.3583807691074332,308.6958246394328,0.3359782141826786,0.00020303409033328094
32496,-1.642734058647635,-9.304379824803284,0.5839183989708128,1.1115071311930205,468.84281628405245,0.4276067338155949,0.00020303558036926177
32497,-0.7000117873487923,-7.487331476968974,2.4173197949733294,1.0612952090865218,283.43622038341607,1.8784365899113702,0.00020304168717374772
32498,-0.957959872793511,-8.067542585250777,1.4623784803375028,0.8652610797156104,467.3496303121936,0.6018264223401539,0.00020304207447381152
32499,-1.25002248890857,-7.79959768625874,3.161250070320042,1.5732943669582624,360.45180405225886,0.5179004222433923,0.000203052141662756
32500,-1.8970624826887033,-11.77118052271358,0.299976546395242,1.864274809655253,467.02412315878695,0.17443113193239856,0.00020308446489689837
32501,-1.1872258365953385,-9.283476486301494,3.950585745569384,0.49662973834906854,133.94300822737782,1.2189561166511877,0.00020309010350055907
32502,-1.5173863372192393,-9.546444182219291,0.5155827487757088,1.40486004286881,309.7568967022428,0.13002017032427116,0.00020309821608028756
32503,-2.530020250918506,-6.988750064510035,0.6546109503614329,1.7492346039606674,415.57011854920296,0.8972206579798021,0.00020309951000438967
32504,-5.315320216043112,-12.384406568924108,4.597975537578288,1.11128038954046,189.29446564999577,0.13611994232293156,0.00020311186244985257
32505,-3.393145787810626,-5.145254785666657,2.9362465535340765,23.5797386624405,582.5458736637648,0.12208087228289077,0.00020312907635371027
32506,-1.812212995709336,-11.442815950503505,0.2872134394080848,2.067401079519551,391.1650441199234,0.584072212257599,0.00020312965026055818
32507,-0.3811472716169497,-10.431071665453686,0.38609043091839723,0.8882245506930551,235.38995971997574,0.906852705142339,0.00020315203515626287
32508,-0.42118830955658915,-11.817121436947408,3.635673746913863,0.7026131400174127,466.82760115773,0.37378092526072226,0.00020317947503029667
32509,-2.759948516069687,-6.4760799408151195,3.7602051545873048,0.7175764409328471,240.86600451574407,0.3231171933118082,0.0002032378059580791
32510,-4.279096454588409,-10.383448904278074,5.0783787742708615,1.817508264069968,434.691146614539,0.17566704213019957,0.00020323853078613372
32511,-2.5266319704018914,-6.817999901976922,3.0085218032429193,1.6577650585505654,470.0444348976455,0.09770690809754878,0.0002032409608788286
32512,-3.627935129808117,-5.332433142546254,3.6954023510157783,1.415952632136993,322.686211066762,0.5844957009731209,0.00020324895725127253
32513,-0.8259232302833368,-8.779659680126938,0.8275640431447222,0.8859443579063256,171.7802146663804,0.029156445074653092,0.00020326277225137237
32514,-1.304000515645713,-12.757057474810342,3.6092138677707797,1.1168629064393802,224.96477327353205,0.1221234643624074,0.00020330108766818632
32515,-1.1223545446698413,-10.064164629052025,3.8958461900559374,0.7663797808419767,133.71981413417504,0.2709112282254482,0.00020330576912652026
32516,-7.9124414807299885,-12.58555083094638,1.5114857134550506,1.247033468874444,307.8195664020386,0.28202794614000215,0.0002033145239306829
32517,-0.5863363140587214,-8.637193675388989,0.8871906381117706,0.7784585528603227,468.1332762570295,0.24832038838427284,0.0002033289062489723
32518,-2.961328733402656,-6.439874413342261,0.6419793612504623,1.0911508532767715,248.9284988011243,0.1617351654719057,0.0002033360156897036
32519,-0.8410917763413011,-8.628965238722254,0.890830806513721,0.5144320406182943,114.88530136005015,0.6781767791721851,0.00020333818852397568
32520,-2.2958284947958116,-8.070836626657497,3.5273913987222456,1.072024777567799,242.77544007251888,0.363900579429556,0.00020336074152521407
32521,-2.0111464147432114,-7.810402852852196,1.898253628219272,0.7970582036651925,160.19964122165476,0.4070469621662971,0.00020336502927671246
32522,-1.6766409376372273,-7.522371151551687,2.557978170922499,0.829010449130626,209.59705859381796,0.36544941857645785,0.00020337116796530715
32523,-3.4270060708247527,-11.26425457369909,4.731221682303748,0.7590959389109336,469.22985530623083,0.24231249764831642,0.00020338763816697518
32524,-3.0254412367558468,-5.621430717128912,3.305526215999322,1.3044029948322409,276.18155233205556,0.17524112069958253,0.000203398989040402
32525,-3.8680359661984287,-5.20104226257289,3.5670247670027035,1.7693790745824352,365.5927602705541,0.8955648212825862,0.0002034213824250515
32526,-1.881735506861638,-9.43526687732126,3.9469519807780373,1.6390154369187646,380.1458800104735,0.7080074546654833,0.0002034235906353695
32527,-1.4257381069789918,-11.47422319412242,0.2963416374416207,1.8886841551922005,365.1893583534978,0.1982123138471259,0.0002034362960405612
32528,-8.760402372517897,-8.641306857371076,3.304641413522313,1.0861989995344252,287.04368147414664,1.461652565282173,0.0002034384528745591
32529,-1.932058508660111,-8.675353649880488,3.842842773784832,0.9779899604499112,201.54058017007716,1.055626705468275,0.00020344666659639633
32530,-1.5021007237997495,-11.602809232102343,0.28398595073389254,1.651788280620557,388.80837359388335,0.9207622124212476,0.0002034508023595001
32531,-0.19391745232463897,-7.533189387536883,2.34983295119818,1.089537420321909,290.1910121578881,0.9787975186983919,0.00020346093997315588
32532,-0.07381618910563859,-11.128223554772575,3.734893345710411,0.9494085772298727,467.92999217606905,0.11299601477559218,0.0002034714662567169
32533,-1.4267356609522572,-11.780471295671127,3.6230612236696755,1.018371551269794,268.41563755087924,0.6289114798007676,0.00020347483941031706
32534,-3.619571554857033,-6.18038409503945,0.6620879009426054,1.6497621703924192,385.64346374814306,0.13416181336392885,0.00020348286817915804
32535,-1.9426321316852544,-10.59128165230218,3.7719495647302375,1.7637643799948242,417.43333559655986,0.5645562315055583,0.0002034954488758224
32536,-4.31554111522015,-5.769763634366615,0.9380953750859818,0.9966789001319514,162.1175627335093,0.18308886245437606,0.00020350084886458695
32537,-3.555149804019246,-5.281170196600445,3.3534866239766856,1.1031417848369467,225.59146399932675,0.4939317534868879,0.00020350888405830416
32538,-0.3500025625876564,-7.857777102165232,1.7512828200111354,1.0681299764113117,281.0048172461263,1.7884780087446925,0.00020352087767894615
32539,-5.876537798575818,-11.585736777575848,4.708265239721272,0.8123965026330416,467.81028936179365,0.0409455540359831,0.00020352995470583295
32540,-1.3961790414874908,-10.046983712359069,3.8598717090457746,1.8134503486041016,432.6396777587802,0.11102893176640638,0.00020353397026429278
32541,-2.9570999776202918,-5.877438046180829,1.023603921795966,1.6093688907839285,467.9549079172207,0.43625667569205806,0.00020353422665008957
32542,-1.3039389018499303,-8.28592980102324,1.1440545137930074,1.1727341274060807,467.5727032859457,0.21871455389726968,0.00020353499174843127
32543,-0.5347989115893057,-7.795514982804125,3.148577735288176,1.0385393014303022,282.5904387329229,0.9832610560210808,0.0002035481435461935
32544,-0.3401713742879924,-9.736987046731137,0.42329331089404865,2.447185657833482,350.3220028261191,0.05940545118683449,0.00020355896842844505
32545,-0.07997265062774517,-12.776508608788419,3.60590410761413,0.8709776867529226,467.6985800773824,0.8937153940118376,0.00020356812052058518
32546,-3.3911191753721326,-5.557330306555182,4.060528061353964,1.0070344551649135,469.7035207264908,0.04896952309733482,0.0002035685001423333
32547,-1.6548244103645189,-8.774672568163112,0.834361755151457,1.613718981900325,371.54235906104367,0.05723953394427905,0.00020359726255394549
32548,-0.24834923540974785,-9.359794013696412,3.9469935114160335,1.2010133117474242,152.0225612077518,0.2057774872881417,0.00020366520551307843
32549,-8.465202092843596,-8.403543928973747,4.539137604375099,1.5228574990920654,344.0729502133691,0.3265175249623935,0.00020367297100036842
32550,-0.1993984926169574,-8.012771979299057,1.5652052601615056,1.334683677486666,317.137925227024,1.483875877048976,0.0002036810708568756
32551,-3.0514344180234767,-5.358184971465046,2.225510564288961,0.9315471358503082,468.9452695961412,0.5949200662676599,0.0002036857016947494
32552,-4.496580159017421,-6.309920002371685,0.394074828055081,0.8899765215134244,240.11408866182964,1.0625260615202885,0.00020368907072436856
32553,-1.5732037342504395,-7.572118421145046,2.5886467114105063,1.7016996671412161,402.10696028380505,0.38601697357147113,0.00020373750188896372
32554,-0.5692890658362675,-11.752760520979956,3.636434693249427,1.210226517610619,259.6267404218232,1.0183815795524724,0.0002037445373119196
32555,-0.8982682024534014,-8.100922593088143,1.5071018340846756,0.9695139940756504,412.54898865973024,0.1737596900218259,0.0002037603685889158
32556,-4.131079458364864,-5.903274381570431,0.807923338990266,1.5070693621737847,468.37568372468405,0.9340010564161565,0.00020381039992067792
32557,-2.0692970416573067,-11.815667850477642,3.6302377545447992,1.8905557137205564,469.1646006216209,0.21646833507133856,0.0002038187925183887
32558,-1.6246682745974823,-11.957958812365032,3.6528665934949647,1.3680002513180967,311.55451732973796,0.15595905284525902,0.00020383449212268498
32559,-4.455367199258839,-5.103361603609687,1.5193665163623244,1.2132030756873307,282.8482188524405,0.5234838756178712,0.0002038350428047725
32560,-1.5184082552868219,-7.511354496453681,2.508223524373974,1.2619584804515798,314.2277718707839,1.7578464996630876,0.00020384343809461285
32561,-7.921260109058727,-12.565914010947932,2.3569935656702174,0.686323756700655,136.74180049548133,0.31167896204348366,0.00020387453729072457
32562,-9.075010817018578,-8.42201390163424,2.4926525655719614,1.3258776150375147,293.55669146121886,0.8800756181317135,0.0002038898861040662
32563,-2.3635210886239557,-7.396403481699578,2.6903418355003836,1.5751815635923418,468.17608859529923,0.3081378378816053,0.00020391019251503754
32564,-2.3682168834792012,-9.1030762255952,4.5276693719566365,1.7813115038815084,467.5487314250657,0.3981272995482117,0.00020391679922696817
32565,-4.987863227347356,-5.659190494434887,4.989740628173294,3.375012384658653,369.24014204432916,0.023682572694188053,0.00020391719451163617
32566,-2.021602450769806,-9.045890838187074,0.5661865156485889,1.305955056908463,313.21292889708843,0.45366041525644807,0.0002039571253897626
32567,-1.0233013385313718,-10.327615447544234,3.812216568583369,1.8822893325585908,468.61302497890165,0.5381898755858723,0.00020395890216541132
32568,-3.1615524622186513,-5.619995513571305,1.2014426445967787,1.6214100162932248,467.04969865421344,0.6983943941720776,0.00020396655296720588
32569,-0.6352076042445773,-10.332595685213072,0.3743277263621566,0.7843026738902398,467.36668651216246,0.24855420277067797,0.00020397704211913044
32570,-0.9539079055133683,-12.81108384951926,3.6004099919470764,1.13776478617652,269.57584644024746,0.744292638556054,0.00020400271358552612
32571,-0.4484282067419283,-9.09140754539256,3.9292267620552237,0.9535422734002019,255.25682723846302,1.599241108552631,0.00020401607647619455
32572,-1.64786289823161,-12.600736490570027,0.2575735190412281,0.5107855159169826,104.36468597833598,0.12300274376814624,0.0002040599304365533
32573,-1.5571571232860943,-7.879159951802436,1.8171023550973422,0.5654377165224481,166.33228002369367,0.11800623503858798,0.00020407788001237308
32574,-1.2785485855823975,-7.540635004979161,2.6474715674244544,1.0093942264068907,216.36101527589406,0.3557239320391776,0.00020408504535832832
32575,-3.819035698878822,-6.110986306316565,0.6786174203635942,2.2525286525025323,416.03841729750167,0.6854727183664107,0.00020411538630893367
32576,-2.793068750868951,-6.076331443269632,1.6592096935007312,1.426308392596104,326.5862703178935,0.25054317994555664,0.0002041370700337116
32577,-0.027390631837265644,-12.630447669090751,3.606866749513011,13.456523365630789,321.3028465525724,0.3877703063398723,0.000204145476807525
32578,-7.967403102973557,-9.978666215948298,3.523151399571426,0.7877642687398245,234.73093374741723,1.5684103939781595,0.0002041704756236028
32579,-2.2806645160997547,-9.095119098593228,3.9684820788063617,1.8313643724007205,467.551877594653,0.6055356257395763,0.0002042007763924149
32580,-2.004369450172775,-8.124403663391016,1.4816969584838637,0.582459741365592,169.80431687806657,0.8219691232824724,0.00020422162021953102
32581,-7.396013253221337,-11.736044076549687,3.8553858391212414,1.6236791383738456,375.2245631984708,0.13028251944168634,0.0002042234417800616
32582,-1.7095873806146695,-7.939596787191269,1.6374249916620913,1.156735070254148,301.85685429933056,0.6696737424548393,0.00020423507475093213
32583,-2.2719217559174485,-7.521198683038346,2.278526245290429,3.3555245373893,516.0089279101073,0.6057076337863112,0.00020424875833140125
32584,-1.3648976598123355,-8.174028222335787,1.285133828512669,1.5814473883899578,360.3248189805513,0.19843581755230755,0.00020427056058993428
32585,-7.817170780994335,-12.198147610103419,2.8883149569073683,0.7841085158118686,467.7046617378286,0.4189722767911821,0.00020427289367559433
32586,-0.39993548742524965,-8.999154094275106,3.9247041110620473,0.8568714275147215,444.3456112596545,0.5890086411167399,0.00020430511567247843
32587,-1.1705482138529337,-7.764787311217991,3.104193087406525,1.2443888671368895,288.65456791551077,0.5347474169049677,0.0002043106298810923
32588,-1.3166919408813733,-10.594749850802524,0.34617002555348597,0.8634299292175006,185.7798891818566,0.5533119615758855,0.0002043204333856476
32589,-2.7670945670999547,-6.775530918341564,4.595027253254332,3.245918995832832,519.4793436819824,1.6558259699926117,0.00020433467508210502
32590,-3.3671570865342044,-5.158172097279886,2.043366477662861,1.1112514315810214,288.29009315014855,1.2003212118002216,0.0002043357079305999
32591,-4.2168076377766015,-5.377002231296997,1.3782791007061104,0.9264739647908823,468.0622329052887,0.7093530670564547,0.00020433863870010478
32592,-1.4018861649833365,-9.550814445458494,0.5242673078613289,1.627081660629915,467.92113489987577,0.42815891088846936,0.00020435316057548398
32593,-2.57829826662509,-6.466763643118588,2.3550697040423936,0.7144676712623372,143.4940282972745,1.0003314260041227,0.00020435916282165708
32594,-0.0952947400869224,-7.638848703697166,2.885438412311264,1.5390636852065862,251.328883121374,0.02354530016115408,0.00020436257895206487
32595,-1.4873669373912897,-11.385132356492326,3.6950863180263256,1.288885099134375,318.5094886594374,0.5088458248946575,0.00020436534535944322
32596,-9.019069487979785,-7.785997145875404,4.453418148199854,0.956476308484866,467.4379784039354,0.44790260209182886,0.00020437627204366172
32597,-9.403572193414758,-5.759173330194962,5.103719009017294,1.5356093845405212,338.3546346694406,0.8749785680104489,0.00020437658270498
32598,-0.986493023916653,-11.573015166476333,3.674907063701279,1.6583156471550553,355.4519430270359,0.9759674039403583,0.00020437669576289403
32599,-2.58688510416948,-6.705546833305152,3.267754878657014,1.6841523913809444,396.41282846689285,0.239200828352641,0.00020438248674369407
32600,-0.9750840090096453,-8.395573276396538,3.7096527605030043,0.8491017193361243,191.76658878292625,0.4970693296812554,0.00020438720495756003
32601,-2.449394455419859,-8.249229799953635,4.574145843355337,1.7730863757216864,467.60657715835134,0.5871682397332227,0.00020439206625414287
32602,-2.7724407077031534,-6.05480556298181,1.3915881534580588,1.8951985673188856,387.73570611900624,1.263666165452796,0.00020439577068937962
32603,-0.8648400514761754,-7.922397900578907,1.6451147161862207,1.1129594567820478,222.41692923883352,0.6118878173285589,0.0002044099341084332
32604,-2.206448408506626,-7.914455909623308,1.6802197185015229,1.0532213213899464,278.85113051602787,1.3449864387856945,0.00020443909759481835
32605,-0.9557873285599747,-11.072439639740212,3.734488230659882,1.1962437641275994,200.93900630692193,0.025115259602059403,0.00020444567702636402
32606,-1.1258781933284272,-11.289541608159618,3.7001786976082616,1.105561873961133,284.4867523265208,0.2269913591120547,0.00020445743725675073
32607,-0.4607875819486402,-8.335493152936186,1.112585549944817,1.4869214517986766,468.64554776397097,0.574473848555777,0.00020446088461106266
32608,-1.4129144703727334,-8.554400075430204,3.7898599635223094,1.5174278498808316,340.791658156457,0.10738262603900406,0.0002044695046624617
32609,-6.4559624118624415,-12.347410456828204,4.523801072549908,7.586890480218008,408.3158195431293,0.14398887737934007,0.0002044789941395854
32610,-4.1052911339971745,-5.334153884956477,1.6436840805738142,1.0105771293063595,206.49995275665853,0.02886291248980921,0.00020449497528472806
32611,-2.977627438950293,-5.702720971134708,3.170746731427975,0.7354262918194207,160.77796245064172,0.4323340008910277,0.0002045160766578869
32612,-0.7822390732340931,-11.588452963927569,3.6721279944713103,0.9460317924178069,184.38109871744334,0.23477234514906797,0.0002045239616786503
32613,-1.300905052756157,-7.627597396157336,2.809649447943199,1.298614276594997,290.17528874723496,0.13817541303890923,0.00020452450516566013
32614,-1.7484747697696577,-8.800233494644935,0.7672415667260505,1.8005442380926153,444.1533400593212,0.2516759202709613,0.0002045321289899482
32615,-0.44440991131212293,-7.62199032007557,2.6138943424684915,3.502899945871078,424.10902619073335,0.0676019668420329,0.0002045409571650841
32616,-0.33996451835847985,-11.1463193523597,3.704078629196673,1.8659625916840368,450.8696891977146,0.2885069231999422,0.0002045465808195348
32617,-9.515178199036038,-6.344580624424417,1.3977585792256912,1.0134119878954984,467.78455133432453,0.4934925590035766,0.00020454894212807277
32618,-1.2741840799656465,-12.250566457343146,3.6532591774815324,0.7515055768183131,186.61789341106504,0.6035649852714551,0.00020456447253679066
32619,-7.841084203710991,-12.499113403606803,1.2622251061794403,1.6685342188049879,343.33522688459084,0.5564376490078589,0.00020460115364558402
32620,-7.671672049663145,-11.100339797342366,3.531062689503352,1.1882316771496721,252.0345530683547,0.1309778336782843,0.0002046041363390258
32621,-8.400111939071078,-9.35882177507202,0.5556653160468074,1.2304572784884207,257.6925012826959,0.28520556043139234,0.0002046043579398121
32622,-5.18615134634203,-6.467525106858134,0.001657064659004993,0.8642545264436869,467.37634721101534,0.6436742472738706,0.00020460984003388077
32623,-2.5047382472768733,-7.075499829923592,0.6717104465224157,1.0587319347150814,286.09213002561836,1.1850859296616605,0.00020463752932466139
32624,-1.7950693101637896,-12.752160918865902,3.6521637993010794,1.7201448335671325,468.0237045794263,0.2754143915966498,0.0002046394629876872
32625,-1.0622401835745912,-7.56684553838474,2.247715068339883,2.1565055775046127,423.0841252066275,2.188941217793518,0.00020465136963715167
32626,-0.4801674104796323,-11.496206340197627,3.6803963624328726,3.5200768989666065,246.628611076927,0.3155437024728176,0.00020466724265763366
32627,-2.0956628615161756,-11.479729327264078,3.6822794348825973,0.7607024288505806,435.18652172314233,0.21749335003596837,0.00020469419996907955
32628,-3.168101693762951,-5.490222658232598,3.512530214995874,1.7308090095128008,370.6840627112857,1.4306573799380802,0.00020470735621397516
32629,-0.7518850696466508,-8.804160445924769,3.8701142505449853,2.70023157105624,474.7727943457539,1.7955664648204621,0.00020471139835763038
32630,-1.3737825164447575,-9.372675768674442,3.9368519752476314,1.136332015893303,291.68178285416866,0.2980564654534392,0.00020471590593316652
32631,-0.13929809950619365,-9.24416239234254,3.9359575093309167,1.8300269664111593,437.6745863927339,0.34325884014163144,0.00020471661821759045
32632,-4.898639916281021,-6.538144852151443,0.09945378796981061,1.0199163382400018,470.2702892100444,0.028143668689627255,0.00020471749788410738
32633,-1.2416888488496856,-8.186257988752349,1.363344355915687,2.0045478445329348,404.29319143797443,1.6337090535282082,0.00020473928292087011
32634,-2.744741569863721,-6.102011055260889,1.4001707060042259,0.5685726056287044,175.78651618941183,0.14985081809677947,0.00020473981033914906
32635,-1.0569310445373397,-8.618143090407836,3.812990584066124,1.275149285819189,279.756554077902,0.22585919665448007,0.00020475796120344758
32636,-4.95230161489914,-6.343578811757957,0.22524754948848202,1.8859680955910865,469.48470297873905,0.2230792070397012,0.00020477387032278639
32637,-3.687570236180755,-5.182554108944559,2.0589909961876214,0.9437287885466236,225.1335655295789,0.07566276855107823,0.00020478434297748082
32638,-7.9938853540758235,-10.952108189534673,2.66609807487452,1.1050382561915135,467.0956402241593,0.9286871513073329,0.00020478531549322746
32639,-0.6932207936591119,-12.8348058656271,3.5919207979256256,1.4780934959187715,371.96517242855975,0.8642561392632491,0.00020479989590203583
32640,-5.830464281026031,-10.514382810814485,5.050836253509334,0.9584884595456162,251.27761611991122,0.25973281580031493,0.00020480877544011043
32641,-1.657848809892915,-8.65977688900897,3.8274502679185085,1.003871477845553,252.2589466802818,0.35977435312706163,0.00020481365297214335
32642,-0.7837755357048746,-7.964309286035011,1.7375409838947533,1.2351937285627725,312.01533340596626,1.4284596897213415,0.00020481385917315087
32643,-3.709997292521753,-6.533355250882773,0.3634460141343784,1.270022731230998,315.6622522749892,0.4991500411083942,0.00020482351729040845
32644,-3.636369965108317,-5.8839225290406825,0.9054592586256137,1.0629478763110654,128.90889329370623,0.33741966294209735,0.0002048276035394577
32645,-8.585685583899373,-9.124799106794077,2.6775483780776117,1.2885607156830157,229.28950382427166,0.05101938605328549,0.00020483490518779628
32646,-4.847942938128576,-10.25933438623155,5.165320622201396,1.19268396658381,246.62572472929907,0.057795431284441534,0.00020484215054521144
32647,-1.093991527067482,-7.8183885162198585,3.159719261022294,0.8251912545575896,466.82907047533007,0.09172378609236898,0.0002048505405615303
32648,-3.7033859221764445,-5.5732343881691815,1.311721874645787,0.7514300683936435,175.13542914750576,0.6120355229327883,0.00020486315209739661
32649,-3.9436841256124087,-12.80585183222839,4.526448997705975,1.3540696999749051,318.52984183459864,1.4485345714272446,0.00020489310910484914
32650,-1.2561917512441543,-7.788257117097907,2.051515730503618,1.1839922186831333,300.53628821274896,0.6863591391536366,0.0002049162033730141
32651,-7.604448878464911,-12.033077634835237,3.4501440288725425,0.9380579364520111,172.90835563134996,0.07207078230282438,0.00020492020952541176
32652,-3.952700281051489,-6.480143111943326,0.4238108402475766,1.8076608403239,467.72015675696434,0.4542518569533529,0.00020494902268339358
32653,-1.2142964683943607,-11.389693408134399,3.7389853644246256,0.9107535175953266,333.4748261958942,0.09452887574129765,0.0002050197063039947
32654,-4.890977260512651,-11.445131411075574,4.717547667782002,0.9144548273842251,258.94928883596725,1.7904998309810596,0.00020502611399072018
32655,-9.847499211804244,-7.260807405414068,2.069016486266183,1.1015943389730296,285.3602332074471,0.7874508094873187,0.00020502805245157854
32656,-0.3677963799010371,-11.198758410022831,3.709525254757591,2.25202593501407,429.6303716624336,1.3649508800906327,0.00020504889605597288
32657,-0.9740206880223301,-10.138831523730065,0.4153212258204684,1.0877487717440426,467.4172603101314,0.4967742765951755,0.00020507831476764904
32658,-0.3386723825817377,-12.831490706591186,3.589097976062401,1.0487674550922943,282.7128355136892,1.5993283208850029,0.00020511105170375029
32659,-3.1118277389309217,-5.685439247767336,1.462779494596034,0.59215921591451,139.63228712584126,0.18270620364380452,0.00020512509691164314
32660,-7.4961601532060405,-9.97977651412891,0.18908323172749886,4.8244496393649365,611.7116481612874,0.543116747747022,0.00020514208772543402
32661,-9.95012650472569,-5.775736030282647,4.250006612159305,1.3383113412658658,253.99758234346018,0.01960806101642021,0.0002051457408848604
32662,-8.951755477349842,-8.230473486440275,3.7291976042271964,4.707380263362309,605.757806333865,0.5553561322879661,0.0002051465092536093
32663,-1.6792281349889535,-12.75815316347609,3.5917675255460204,0.9029245162213487,468.9059649481784,0.14820120459747788,0.00020514804902592272
32664,-0.4511566698870233,-8.133415248939322,3.537125411265396,1.2784048820090628,267.82086286813455,0.7979311022062001,0.00020518427128788494
32665,-4.925190413080641,-12.024881260942509,4.620367403081266,1.8089095529533075,467.8494157554709,0.413848006568065,0.00020519172974644152
32666,-1.5215290905330079,-11.51636006142411,3.6737538785524504,2.3102602791967977,437.1730339432575,1.7483538981771796,0.00020521116468056076
32667,-1.1154027201376877,-10.103599061038832,3.87937133839571,0.9030750292838798,251.49077082310197,1.04987411262504,0.00020522771205837558
32668,-1.8230042443173033,-12.833951948233015,0.2781591677978569,1.047173795495923,467.41223884087896,0.02136079459621687,0.00020525795410691853
32669,-1.7844063014214715,-11.746251126098711,3.662252349510141,1.0704852383772572,278.4682017912234,0.5421710921231018,0.00020526397322043845
32670,-2.046720481861084,-7.889704897935241,1.7833235529805826,3.7221709455015466,238.25434450267048,0.3874261636977696,0.0002052748983656407
32671,-6.909601898257242,-11.440008230077794,4.429042951277199,2.3088942837748747,261.0766642051436,0.13145718881421242,0.00020527509087017276
32672,-1.940244444333839,-10.062239082453488,0.39448861629757703,1.5818808479328543,365.041954120332,0.23081026758464507,0.00020527929232338075
32673,-4.352595270752836,-5.746318300465988,0.9122482462088167,1.0390327018776635,277.63006137018414,1.7389459236977123,0.00020528571366367014
32674,-0.25974241026020906,-9.67206376245039,3.927557776257899,1.9021454182432427,463.2447037118291,0.5302322452888522,0.0002053065490981325
32675,-9.976093634002334,-6.189518210964443,1.9093568246046206,3.2424402208222864,327.7227708649787,0.10304899802920353,0.0002053101499497104
32676,-3.927063437895331,-5.5676555370848995,1.4221307416819386,1.0834994597721384,468.6477952290873,0.6482351394787003,0.00020533143181526603
32677,-6.4902232255937085,-10.495693652914811,4.962511105880061,3.7751502006818547,548.6305692213637,0.6605792493960854,0.00020533175638060241
32678,-7.136134310687474,-12.557709136295287,4.080930669479386,1.1329020783829749,290.779178737808,0.7798066365146878,0.00020534744382685955
32679,-2.2804975388619457,-7.629023515493818,2.221882283592457,1.7921435742136704,469.7393324804913,0.19803243845176866,0.00020535148580935468
32680,-1.7463062429742902,-7.518787233822093,2.428647630477894,5.212500937617514,269.64257785393363,0.310063932071742,0.00020539484567015786
32681,-1.7536322843904593,-9.90735693983965,3.8672178627461715,0.8878338864238419,208.70657887596835,0.4743121648753599,0.00020541240565737673
32682,-4.446939620045066,-5.333730490539118,1.452727721720862,1.0127134860074745,278.0198291164876,1.5333894000622896,0.0002054415165015281
32683,-1.9162389069828478,-12.082135551885257,0.30625863301333456,0.6294010751436593,164.5592879157167,0.10550140875740599,0.00020546668710875896
32684,-5.822946051308239,-12.58853404294967,4.582692250909217,1.103545342553922,186.30205519877407,0.14134383507218384,0.00020549190951690081
32685,-1.9939970045397892,-7.654069310093561,2.8880627453427343,2.0164176668345077,179.90747117225845,0.42839692864266077,0.00020549451310189945
32686,-3.026227771213545,-12.269404997804651,4.8324467430711575,1.7408912540114785,454.1379813270053,0.801531940131353,0.00020550830342332376
32687,-2.299919918086144,-9.713080679677557,4.147486357834149,1.2028529460025212,468.0172399253639,0.37593029184345195,0.00020552634198063094
32688,-1.4941733584638115,-8.01253195047734,3.3850024381822945,0.7101501542306498,143.14163952687235,0.24714807344945644,0.00020553392690004862
32689,-0.9951429365570679,-9.317310705274274,3.928903998420329,1.063629450867966,142.1962422250078,0.2675739630734828,0.00020554343468554104
32690,-1.4252522932138056,-7.804304605634397,3.138816877261211,1.0027522017627581,467.81508303720796,0.4614144529546911,0.00020557346833161166
32691,-2.3971445134782368,-10.053730617633352,4.9370255928032565,0.9665704701522805,253.84033537505883,0.4141244765516374,0.00020557484777654692
32692,-0.7963081044382729,-8.003543004852048,3.3811398773602996,1.3762783619239707,343.3394953014642,0.39300972174271465,0.00020557522176542113
32693,-1.0009531542516577,-11.216327231157436,0.3408067871816863,1.8660438457019737,447.76315654875526,0.35065917196423246,0.00020558145831813457
32694,-0.5908045894985143,-11.876655852165149,3.617514125380034,1.555485158163301,366.6024617456238,0.3327993013043935,0.00020558672271462836
32695,-2.5474572350701186,-7.4597646809148905,0.49301535501341065,1.124804379773679,293.54529888344706,1.1207658581116293,0.0002055985318393556
32696,-1.3048127212539526,-11.403045606665062,3.682738877012972,1.1486478827591693,282.61290988385184,0.16645604430202354,0.00020561283468726487
32697,-3.122631181404798,-5.430091510504764,1.9824019104893171,1.6444235260803088,467.4831346036938,0.6216681747263779,0.00020562417852402072
32698,-0.09596058582774702,-11.84543697007577,3.6195002208634963,1.7448210667364754,413.789472461751,0.25387985304930005,0.00020562899123845066
32699,-1.460769020603717,-8.817593127133367,3.8935066283897353,1.0186298521539998,214.71042856142094,0.23100208890053153,0.00020563285762943676
32700,-5.4174380780893,-11.004806587972995,4.849959215747499,0.9762744410047104,469.89793351674507,0.06921111285635018,0.00020564489212441755
32701,-0.5786516439770786,-10.427231036233932,3.783061797380688,0.5551339240762905,157.20982805709198,1.2418632363897473,0.0002056797793065553
32702,-0.09857174962134252,-8.030219650271455,1.5315064091178692,1.787159353958867,469.2235256558231,0.1082415642200818,0.0002057354715341692
32703,-7.2539636260451665,-11.15195979814063,4.173652977846798,0.8946116871295224,223.0707207802312,0.6195495800452688,0.00020576382881814799
32704,-0.819195665297821,-9.020042548290577,0.7350560699993557,1.1881886279761202,303.1522696508656,0.6408867245059815,0.00020576960231078086
32705,-1.409503082222738,-7.907247743050598,3.2537280021232498,1.145292477427553,242.53963143690194,0.7053337641401862,0.00020577411881628175
32706,-1.4201809893848711,-11.99806484884968,0.29622907929043546,1.0453500627833388,466.60920939969617,0.11943579754511813,0.00020579522564931872
32707,-2.105430757623349,-7.740724082225536,2.943912363124219,1.6064248470338656,468.0728693046035,0.3430444151456964,0.0002057980270222613
32708,-0.9861495423375324,-8.031268910661336,3.434634577755253,3.1619680748931787,513.2197456853291,1.7282846432780374,0.0002057985100594541
32709,-1.3335399492808246,-7.897744149071513,1.8045751367528957,1.1068623918803038,467.3135059948784,0.7866973970072246,0.00020580300443377605
32710,-7.944178833510698,-11.37309669969248,1.1736190753654059,0.7626975152178337,158.6485349886768,0.16010971473937197,0.00020580972514634173
32711,-9.630704648793666,-7.42445292152579,3.8441480119523193,0.5887805735578385,163.07904486880784,0.4537367748674823,0.00020582203540200623
32712,-4.3891211742076806,-5.508420747554253,4.218049357147904,0.9765654834976955,272.0098648381123,1.7394108206613508,0.00020583287243483418
32713,-0.2114322680480054,-12.971031924051452,3.575840677483407,1.1273593937950899,467.40039153587395,0.6584851018956401,0.00020590152959938397
32714,-5.949169473844876,-11.450186557322574,4.72847709852302,1.7099968828891474,402.98057616094127,0.04262983695325229,0.00020591105979054816
32715,-1.4922933067855073,-8.199307610058863,1.3547571846107769,2.295889284994884,437.76998971075767,2.29773674722919,0.00020592644026390603
32716,-2.8383278175247497,-7.115518275779001,0.28548377130074226,0.7454175564851911,204.0308308373697,0.9971675277399958,0.00020592918716252367
32717,-3.018162288194447,-5.496059688663987,2.653544325329754,1.1065281667692204,468.1042792600996,0.7330900229956363,0.00020592936174156087
32718,-4.883844962239554,-5.215153801548694,0.9521511300682292,1.7511876446184882,415.3357916266586,0.10124654981957981,0.00020594588376926452
32719,-0.8730115812860557,-10.922649544020686,0.33292109715061113,1.2814395113999928,155.72245540613542,0.19073177308883071,0.00020597583607679003
32720,-0.0002915443594542211,-10.90450325061115,0.33973396905944536,1.085381186312015,232.48237205512,0.29700401070019034,0.00020598509272773033
32721,-0.868254620944759,-8.036358222967207,1.5977089127184687,1.4573069213271155,355.0403387396801,0.4663484948824488,0.00020598937304934032
32722,-1.1944205506138221,-7.6508505823506,2.718967352562189,1.147483872964094,468.3216409566306,0.33000967597397857,0.00020598977971470478
32723,-9.18917116239368,-8.27892886507982,2.2432431050458583,0.5149498025888071,117.23613132975642,0.9923281163380908,0.00020600612879038984
32724,-1.3921603450566558,-12.958228400712722,0.3059754120049479,2.272583168829735,431.70590618767204,1.4983189658139882,0.00020600614947359198
32725,-0.5461318080282975,-9.583629164228793,0.5282588971446595,0.9133729812686099,468.7516850221601,0.8727145108814307,0.00020600758522713636
32726,-9.612337976632338,-5.71396649447036,1.516391880055181,1.088799723778957,289.4357845627286,0.8606467724021067,0.00020601090853858284
32727,-0.8528210390183979,-9.632019017048744,0.5132136378928807,0.6885273149846256,194.5967964037507,0.15595803321735868,0.00020604729951592413
32728,-9.26072147912663,-8.16318478109103,2.00809003938307,10.138127114887112,539.8318702147111,0.06607599324013069,0.00020605564580064342
32729,-9.869904687011593,-5.327745455720965,4.342620925879261,1.8888838185006969,468.18749610860294,0.4516865635956675,0.00020606997593414114
32730,-7.721226823714881,-9.512347419554057,4.471827795161186,1.4968032122455823,467.95659690906376,0.5965104184919623,0.00020607085309310854
32731,-0.4473703055203373,-11.734952755884029,3.6590140453973903,1.0697043130169963,467.28623202181785,0.4314895104489338,0.00020608651321392575
32732,-0.569814723315778,-8.20161636951246,1.2647585472023466,0.7733331807138674,175.7988090539033,0.05483235754462967,0.0002061212430622087
32733,-2.0948142369213105,-12.649006002904873,3.6023900552593,1.2120847113883548,265.3606769534748,0.42638085177440477,0.0002061234755666155
32734,-3.6434793883864733,-5.654524824856473,4.285727246377452,1.3384954130485982,469.74272760061706,0.07704544264169577,0.00020612525079851171
32735,-0.9728285517680764,-9.129510165191563,0.6389412251656584,1.2870038107790909,298.73820598626554,0.3864110719007394,0.0002061280578866953
32736,-1.7312050723013641,-7.9652941727203395,1.7001039834118075,1.0487203247403771,269.43125386444774,1.3987356898338392,0.00020613233558146503
32737,-0.8617805054973626,-9.791325748774055,0.4465078611059457,0.9960924427723294,135.10866634716305,0.36162822761592484,0.0002061351264447078
32738,-4.894734495181055,-5.898858646853662,0.4685214671534407,1.3986672202951569,330.04606925976583,0.3933373102674329,0.00020614103717716962
32739,-0.36604393115708866,-8.346784399315595,1.154377412360333,1.1486011522117436,297.3151207605089,0.8401234787892475,0.00020614424101590866
32740,-1.2283827900905173,-9.644025133372493,3.9249936284729428,1.0507263192223169,145.51577883918858,0.26067705718536427,0.0002061537966078267
32741,-1.3402479944752663,-11.69109060478893,3.629118130911019,1.0698302595959643,242.99782221886105,0.2112864415056448,0.0002061545048846937
32742,-0.3496595368200701,-8.031474155254706,1.527271519778195,1.4860612366430885,328.3317699910411,0.9366145942334976,0.00020618330399268858
32743,-5.710283283313626,-10.726556045260796,4.953863563604778,1.4978151216466156,469.3465152390739,0.21916177837537898,0.00020623555439666858
32744,-0.07048045007861603,-7.705356979347776,2.995080752855479,0.9374460123900715,252.36749678638128,0.9117972089628648,0.00020624085276735017
32745,-2.219833259952379,-11.225115416168878,0.29707095279377665,2.6332453794706008,459.9586412659204,0.481931174912158,0.00020626620297136382
32746,-4.056303812685599,-5.083339489753323,3.096020163592092,0.6996931888884643,146.56332664095754,0.09640822401219484,0.00020629408261045373
32747,-2.4065425285418938,-9.290027975901324,4.8461418236757385,0.9518007186892654,468.36855591688845,0.6149644013583817,0.0002063059922651622
32748,-4.437173011789906,-10.319038218717157,5.112797404160224,0.8950794515912525,469.68870072920845,0.13655491895852556,0.0002063179131223909
32749,-1.1249316709728951,-7.818898919711645,3.0661956112628386,1.507155043156644,341.8206101371976,0.6959685169986711,0.0002063396152340158
32750,-0.270340843582904,-9.791542525072554,3.9181364560048584,1.096221926525263,468.0057506406093,0.37056372980033636,0.0002063436162153232
32751,-0.3598020560273021,-10.304939131608567,3.7987231062176403,6.850451461303448,436.2848485386362,0.09391265886028943,0.00020636165618217656
32752,-8.883113380440356,-6.559157301028979,0.3929360084698382,1.6128358582442908,372.111651993921,0.17188487169944988,0.00020637116204959798
32753,-1.4600534056646843,-10.185650202037435,3.8180018002626483,1.6190238537613042,188.68565001184626,0.20576161255566028,0.00020638383063455336
32754,-8.90999979077573,-8.017702587933709,4.267994600890099,1.1001625204018253,288.6874687030679,0.9847249702485774,0.00020644254379253516
32755,-8.352429633499934,-9.778182879612888,0.6967820477683159,1.8268197048853625,469.96431879347335,0.19158927476901066,0.0002064501059988557
32756,-8.427131005627189,-8.569635641533104,4.336358762257841,1.8165215702189306,467.8510010613461,0.4100871750181492,0.00020649293575431105
32757,-9.812662022420142,-5.726529104872502,1.726039706042064,1.022326433997258,205.2972508256376,0.730125150681638,0.00020651416135286356
32758,-8.077106367364886,-11.021927029227296,1.8626656959963686,0.9869309695104252,459.03630138036914,0.2548544511881188,0.00020654130987076067
32759,-1.5352216566598607,-8.352691969983532,1.1176296702015647,2.525709789499624,460.8376198074193,2.626081643478969,0.00020656560998483518
32760,-0.5595039147591869,-7.9100867803934385,1.7544166163820216,1.634255714344002,383.4365840004737,0.8084430146384767,0.00020658818356040476
32761,-4.848781898027902,-11.28631126921665,4.750741355889676,1.2684616354296239,316.60540208165713,0.43827186491890835,0.0002065980381346756
32762,-0.27241139306798345,-10.406935438665393,3.779206940538431,0.9546637980920654,222.4535662652141,0.4735457548076534,0.00020662039678635767
32763,-3.7627121847489375,-5.2442588833185715,1.830542937901333,1.314520810355313,322.0203650636018,0.509758795613604,0.00020662181751773204
32764,-7.824157518674179,-11.583390489831471,3.0009685865485807,1.4148182087129288,338.1932354074014,0.35963172568009405,0.0002066660769732199
32765,-3.93075990148761,-11.735044336460676,4.636981985068023,1.842678121967961,468.2627117475123,0.639440497422771,0.00020670290126466667
32766,-0.7630048809400947,-10.15173673351279,3.8208869978626647,1.237673796735691,255.54056427081125,0.04009439609326115,0.00020674764199915882
32767,-1.5737514944912832,-10.454189465502738,3.7703839882015373,1.269753792889793,468.10484564434455,0.7336139742116492,0.00020674899358920126
32768,-4.506605299758922,-12.43435398749722,4.558920677637364,1.8219237867473272,469.61676024820633,0.0023292436323858468,0.0002067605511840982
32769,-1.1978562655638498,-9.862115820249079,3.8642166733999512,1.5028140679487825,195.76890006938098,0.31249546295955444,0.0002067630232975666
32770,-2.77039859009673,-7.001793297771003,5.065054385328102,1.3082701595231672,258.3856870435764,0.03692801828416936,0.0002067638096935091
32771,-0.9713551295810401,-8.864707175859849,0.7923123000092172,1.0976854061521042,239.73297374555682,0.4609614705664127,0.0002067670661108891
32772,-0.223956391005526,-8.19623186730269,1.290375954282474,1.155895283793431,467.82725363047706,0.39350509412820944,0.0002067773719623248
32773,-1.137846673492497,-10.35512952450182,3.7868096570906458,0.8047220631642251,160.73291523592374,0.06919776784827025,0.00020681447948613072
32774,-0.929145211908569,-9.794412355872096,0.4693630229842499,1.0871130998368763,467.6213625660509,0.6379061263850385,0.00020682003234475838
32775,-2.894800462087068,-5.88258673079957,1.6040163723160963,1.2951739737345533,319.6917645981267,1.378554463495492,0.00020683646160703296
32776,-9.993685051247644,-6.535552745871208,4.1008009616158665,0.9960127983239376,468.0221269955177,0.02755396088424078,0.00020684950074955431
32777,-0.30185388598548,-8.132680275920166,3.519928700100847,1.1629975695547108,298.9510911575796,0.741450115194116,0.0002068528361563485
32778,-0.674829049201346,-9.875459171142412,0.43303161960695985,1.0701498024727207,226.31795178246813,0.48951466441203983,0.00020685919104888322
32779,-0.7943404338681646,-11.612934440351353,3.620293110503383,1.0325149044757669,467.26076290049787,0.6085413625927361,0.00020686088438911073
32780,-4.214549046916828,-5.4087591232073216,4.0298081065492,1.7710290044807022,377.42119145942604,0.7054353053153184,0.00020689553942742118
32781,-8.065661839170573,-10.695719941115794,2.51068716813269,0.6124482069631059,126.03748939300216,0.0020480446365738203,0.0002069241153249608
32782,-2.7689547192868558,-6.095400349577875,1.85732340696443,1.253317507020871,243.99310167487425,0.003831564602420734,0.0002069315386803481
32783,-1.2343519485043917,-12.697967558494936,3.5768738041821537,1.0702329489305134,274.60433920085154,0.647603564071189,0.00020694930374892106
32784,-1.4202312578857565,-8.13977831675244,1.4162038594651554,1.7589391734749673,415.49883141693476,0.1275082129126277,0.00020697056405680995
32785,-1.3277394773066131,-10.236935386112508,3.805536454101449,2.7270953345333964,474.32903267601677,1.2968274645551299,0.00020697275785045723
32786,-0.08418064376135526,-12.744263007003218,3.5745023579853012,0.8800860451291006,469.00551989786993,0.17861718256484238,0.00020698827656116873
32787,-7.324761079857952,-12.960277591391604,3.8246729527937213,1.7882567368271307,468.03022456143907,0.3816640425456912,0.00020699640948487253
32788,-8.108649195734026,-10.759463723664052,2.0570486686032643,2.113961983074144,414.5879885847979,1.4608443453922115,0.00020704697552503609
32789,-2.0075227556077984,-11.552779063935297,3.6296438519391243,0.9047399112974674,467.4968028942935,0.4420315387844713,0.00020705371618573903
32790,-0.09360719219523261,-11.217097799300916,3.693049154811538,1.2129787865180703,468.2056612033249,0.764483211231922,0.00020708663355220976
32791,-0.6004983597044617,-12.822178452457818,3.570191452008389,0.7746022345928134,154.5870149110424,0.1470309871698836,0.00020710684450830007
32792,-0.5884639103556637,-12.564250519072923,0.31642594994988654,1.7245520786939141,370.5125519095903,1.5206697986509443,0.00020711548014108432
32793,-1.530031121103331,-9.895343521493547,3.8841900008723553,1.80570735491161,468.27492918555305,0.46197782107376106,0.0002071412896308974
32794,-9.19441926394283,-5.928259011462439,0.61670964840763,2.5550778591038434,463.56585523701716,2.612016476798294,0.00020715950541038404
32795,-2.108654482856527,-7.471615671123421,2.3084028640842535,1.497524243522579,348.34666233221134,0.4239612754651887,0.00020720216935941126
32796,-0.2672136443973461,-7.766827323336014,2.1462965123384037,0.8653956075645026,238.5185106804677,1.4176453757838656,0.00020721215377510216
32797,-8.620651942095494,-9.110534107943078,2.4714812992298856,1.2172783698759384,253.33225670893282,0.9540045643348778,0.00020722363293654582
32798,-0.26148189621533646,-10.882652149056991,3.736091177036456,1.1244128000813352,467.7440440214023,0.2090938139233316,0.0002072248666716632
32799,-8.028207953722092,-11.356206051890306,2.0177886982914517,1.050170886679085,467.95289130515465,0.7687309316715369,0.0002072282396117448
32800,-1.0279745723144238,-8.876382461714769,3.895322079917656,0.9419574163053402,259.05868983274905,1.3839428973098142,0.00020723100248470525
32801,-0.897574349110581,-8.932878521312617,3.884506610033465,1.7590479984471368,467.84592915058465,0.38178047422417016,0.0002072648993467886
32802,-0.16876206415221873,-8.638549929828084,0.9079245094038426,1.017883023240327,265.5092145089552,0.1706577741783244,0.00020727555619450396
32803,-4.336300793468062,-5.026029730472662,1.9751650522076298,0.9685204828443261,191.1284075146252,0.34581487390240717,0.00020727967212189418
32804,-0.5073967935053272,-8.12684004960205,1.3210331434154206,0.7710629911401803,153.0958020858287,0.16326620754315524,0.00020731988969086126
32805,-1.9390740336652552,-9.358061016663548,0.547682919262597,0.6315898585169643,196.56671735171386,1.0056458575208058,0.00020735095195008888
32806,-0.8346546752551607,-7.9416975093368976,3.312892503545807,0.8384866504097346,467.928751647911,0.14288203256314702,0.00020735134364145686
32807,-1.2829427448657125,-10.394663583291916,0.3986250697605118,0.8518288675307977,467.9220234101494,0.28809545663769587,0.00020735245902624112
32808,-1.5299179119313262,-9.827949464715658,3.8646835201253027,1.006494606525286,145.94321034898036,0.24463544564040784,0.00020736281707986796
32809,-3.926841082870453,-10.61190269330747,4.958347837384641,1.5220829789898174,467.97085031314316,0.6793304804155795,0.00020736878193138456
32810,-0.37507931474191025,-7.559063001140189,2.5347474936422674,1.5994397013136115,468.11040545917103,0.7367574303604725,0.00020738163116675766
32811,-0.5600882801698521,-7.744779502092125,2.0786807946733283,8.957731270811195,736.0779238317441,0.2568645394159965,0.00020739198423204503
32812,-0.9319829948357725,-12.817580244644182,0.31658214026718845,0.9424951151193041,238.03519198335783,1.3288837234392625,0.0002074045669355694
32813,-3.298463332379092,-11.248741601752723,4.739712613429697,1.8541501108427734,446.412549177526,0.0032103019553213485,0.00020741404978437284
32814,-5.382745871558891,-5.118862619932339,4.849044465582723,0.9372386198152203,256.45921745712747,1.2315017448904149,0.00020743289544756363
32815,-4.42332332622035,-11.557297493536327,4.672762642398979,1.0938801934374514,284.36795662295435,1.4766915087670043,0.0002074403844021985
32816,-4.562358577550621,-5.035225900066689,1.5191712508628525,2.5241468352193124,458.6141652207476,1.7874484309818932,0.00020745943826276297
32817,-7.9172033530712405,-12.160712249718129,0.9590165385037113,1.7832573224674535,467.6814229732695,0.5947129439041783,0.00020753742539279238
32818,-5.546063860959834,-11.051710398859049,4.833658701199652,1.768882952105916,421.0286367062099,0.4532122170843742,0.00020754231142712073
32819,-0.3936548427751383,-9.350619056922117,3.9226080162259795,2.3866422647147396,445.5102858781583,1.8978693335056551,0.0002075513932519795
32820,-4.555054111283052,-12.222835145132896,4.579087798219144,1.0685701889132497,211.29228113686946,0.3375319664144918,0.00020755556116510644
32821,-1.9074005145529132,-9.2767362440538,0.590387665634272,1.493198698994856,334.18654938567556,0.16139507474796222,0.00020755860622333845
32822,-9.80974472286504,-5.601149393303477,4.4559187195562036,0.8446236746732171,198.27819828485784,0.6518284771339697,0.00020763514174799202
32823,-2.066693713273482,-7.62026826905436,2.586987384199142,1.0071189525384339,211.20572736598504,0.6251943115837202,0.00020765412690897136
32824,-1.19152106036341,-12.06896684784124,0.3283215330322465,0.9763508230729918,198.1145328051337,0.04134425969675082,0.0002076564845645055
32825,-2.9302752457642764,-5.808642949989513,1.0958803683593585,0.6108205435100511,134.56978065551692,0.03835460889496378,0.00020767357023869474
32826,-2.48967856226386,-6.8199226617134245,1.577370026277955,4.211102328174049,582.1369725486221,0.9597664120293965,0.0002076766024463226
32827,-2.044024919337283,-12.86950833826448,3.5629891377985023,0.5152031923439471,123.08848333922545,0.46911536908465035,0.0002076847279725284
32828,-6.686371918106033,-11.603300785022114,0.0436515356334854,0.5627214192581367,156.27948077478916,0.9369088740251703,0.0002077108703169889
32829,-0.8583150154179542,-9.869810647789075,3.8567622095276155,1.2530469258452959,467.8167013034994,0.014140574936390315,0.0002077137350982284
32830,-0.867822919404805,-12.277227820086575,3.5931482227232063,1.1214441239090591,291.7675763080834,1.10873912595902,0.00020772548961502362
32831,-8.005881745450186,-10.2791129589394,3.1348040913495425,1.7709697109142362,375.82836908293973,1.5892164605275747,0.00020775165913033738
32832,-0.5901509103351792,-10.797499587315741,3.7309509897273556,0.8621543984581482,128.93627585722956,0.31775094140142723,0.0002077717335506285
32833,-1.9053301938995748,-7.824135852353948,2.035121133045464,1.2012464052315288,249.5278939150216,0.46513688623832383,0.0002077899674347965
32834,-3.687263357774894,-5.075771629912829,2.3718919965106258,0.9886998817183779,214.49736403044125,0.08266316279735708,0.00020782116392691874
32835,-1.382011980191356,-9.04302199888638,0.7121534752848182,1.0061073218846468,277.09199773562665,1.2320885483490054,0.00020783811686432246
32836,-0.7192839560351221,-11.367330365022456,0.3338947865127952,1.841570883371257,442.3967109279689,0.016095155022116003,0.00020785006367737399
32837,-1.4039176198498247,-7.755511547582093,2.9275627348187383,1.187795055684901,298.8362507184853,0.23832313301512276,0.0002078552165908008
32838,-7.936405575132809,-9.400682285142162,4.1871789274099,3.5808179877666437,528.1983611037308,0.42729767423955245,0.00020786160605397466
32839,-0.9723317273195029,-9.813752655071013,0.45791610804142113,1.550699029031265,467.9094344330249,0.16705080893041657,0.00020786811055164078
32840,-0.07916596924680519,-9.833890075374565,3.9107498658688717,0.9338762417135709,388.3980599220248,0.30275960985412276,0.00020786942820977933
32841,-0.18050058880506192,-9.601991791864256,3.878297746860912,1.049973195241267,467.80758792008567,0.7703043241622307,0.00020788905625115692
32842,-0.5671823459800773,-11.290746536166811,3.6772328880195593,2.4062642258651503,446.0582598030349,1.5316496534869843,0.00020789816091673768
32843,-3.5927826090918984,-5.552326147424028,1.5329972925928586,3.791739044483223,251.34238819978603,0.2634044077663189,0.0002079156946206167
32844,-1.1724856331883835,-8.052300110817779,1.608941292716791,1.1253118172035599,466.92978429172535,0.6068837374051972,0.0002079377648085456
32845,-0.9710019926246556,-10.097581169572253,3.821173852226956,1.1882543502008536,465.7032569654882,0.6467455371312862,0.0002079406477575538
32846,-6.365835860239647,-12.549255716102296,4.524522095860636,1.526952452290238,352.94872377744605,0.27007947945368027,0.00020795057511722426
32847,-0.36207424163201196,-9.89203853266308,3.852092385126745,1.7103509673611843,402.67713189281477,0.382187325104411,0.00020795428650752592
32848,-2.786648192562847,-5.901200390234947,2.5206204521687794,1.0299790845748205,279.4018021183504,1.1947831180632305,0.00020795615927509338
32849,-0.12069513462965631,-7.656390313823158,2.7080089101957303,1.8412690975403971,467.53738771179377,0.6123800603859157,0.0002079651338931263
32850,-3.5801650143699257,-5.148788398562267,2.84097897225594,0.5762137942808201,124.00468119583408,0.29517909807368437,0.00020798318157403997
32851,-0.005526251315478348,-10.666374695349887,0.37296684601125385,0.7230727550056134,144.3832710748486,0.47235184152473586,0.00020798428159845214
32852,-0.42466334879879675,-8.237381452870036,1.2561829631144164,1.223088235063901,132.968417867981,0.3642428271293543,0.0002079926253978725
32853,-0.7851557679531158,-8.161611298678414,3.5328719044005568,1.0554456101692495,467.6261413554021,0.21244592343933544,0.00020799968140248064
32854,-4.64872215011339,-6.592449402613847,0.16837717889995485,1.8210728676437133,435.08269134005633,0.11969145131856518,0.00020800152990655326
32855,-2.9888835683965533,-5.541281250445844,2.2212416968081343,1.0957505084463666,282.71776783560335,1.6184985523508635,0.00020804300221238862
32856,-1.2288015603852855,-12.697281532047313,3.5668191687777338,9.702316645807938,694.2282000292926,0.15569146862859906,0.00020804439753146668
32857,-7.504948184713678,-9.28715063404135,5.036831734200666,2.853065169978585,485.4382169837035,1.2968661851509085,0.0002080506859908747
32858,-0.06793859683366144,-11.472223398185683,0.3210438887767504,1.6292199290856324,469.4040642195508,0.04472653117151548,0.00020808959521336732
32859,-0.6098126846019021,-11.621618831393747,3.6193863937195703,1.586904390421518,284.50558651389036,0.04470417100707014,0.00020809845311861965
32860,-0.6292864583523556,-10.337779986986572,3.780014691938321,0.9921492397215614,213.91712730031406,0.31043341370848676,0.00020811212549926936
32861,-2.0540839814878797,-10.039931144220407,3.8981807887299804,0.9464269789464287,266.5227037575506,1.4535679347706552,0.0002081186276513782
32862,-0.31652282822589406,-9.320425795866674,0.5731237380184365,0.6753750735300067,138.94761160338723,0.2706381398551736,0.00020816119723270128
32863,-9.089112132350287,-7.3109339450692445,4.987899356342357,2.4632494124015905,430.6775683217898,0.41351947952489354,0.00020817474852656358
32864,-1.996552640465021,-8.07958996161944,1.6083875024683925,1.5123851028134205,346.8996882486703,0.16804748209952614,0.0002081917384390414
32865,-0.9355853693589129,-7.614036238604528,2.5797240146694524,0.8956600420892283,238.83365045015637,1.3632558356998379,0.000208199155550896
32866,-3.1651949742337715,-5.8834116217511765,4.36057855757353,1.8051725304075743,431.1639344284281,0.5515978827304551,0.00020826051809635576
32867,-2.8642668935167563,-12.910228947570866,5.162411686365076,1.8146444289822874,454.9428997474023,0.6387156616905836,0.00020826130384842006
32868,-1.4728888858507005,-12.698218811796455,3.563710566928905,0.6397531612844313,181.60479830393774,0.6870469297618245,0.0002082694810523432
32869,-2.3683693549528497,-9.396029277170133,4.535161872784465,16.316293136669437,703.567038834885,0.053779576172243715,0.0002082728669602328
32870,-4.212927653168186,-6.446821841564173,0.37752112460889586,0.9875791014376201,468.017138856406,0.2833678533734778,0.00020827477821706367
32871,-1.2530690062938277,-11.452455503108842,3.6666193719254334,3.115375331473365,501.675256086305,0.7598324021925285,0.00020827525911614573
32872,-1.4075229753360734,-8.935191815072566,0.7460587039187933,1.6289867958260678,381.96858377853664,0.3967481502300574,0.0002082973084060759
32873,-0.44582006053578027,-11.409457348457728,3.6435666046850916,1.6823548915781454,392.47669236154667,0.077441443477694,0.00020831570077068902
32874,-3.631603045807619,-6.023683439444536,0.8003721227892169,3.016830537546127,498.0274938091546,1.1430782469170593,0.0002083250463300919
32875,-2.4478432260155314,-8.959205830867507,5.094170136839682,1.865197171661384,446.83937439386364,0.6002543035547108,0.0002083356246765942
32876,-1.5371264616485618,-11.442096754848178,3.6397253160660368,1.1684076320582502,303.31067086019857,0.6270970821273307,0.0002083515097873992
32877,-0.12327041918517878,-10.560402491865029,3.7285973534403616,0.8946357575982655,468.0039936761948,0.14588593948645023,0.00020835580849477888
32878,-3.288900583392296,-11.454612576893304,4.687947032247588,4.281268313761596,579.2242947293665,0.32676092795671874,0.0002083836046157692
32879,-3.417003072690717,-5.602173956776111,4.110186275782786,3.0057184051850214,494.8636959856999,0.9241419614961215,0.00020839020919018574
32880,-1.8163830192015045,-11.391960913672012,3.634237941664818,0.8751106374337898,230.87634482804012,1.121641600310162,0.00020840358096851428
32881,-0.02708102970220949,-7.589800220168624,2.6389710136461777,1.170802332472419,245.64852036013974,0.2136885156998245,0.000208412907889875
32882,-2.595482169312998,-7.217373473729334,0.5168370116484071,1.2320636653371249,295.9153942095957,0.21758870913549178,0.00020842130676791104
32883,-0.01552220982074104,-8.907587039081209,0.7700538031094125,1.873753910691456,385.1589792284332,1.2443146839960422,0.00020844147230395326
32884,-2.179614894341114,-10.222671666367388,3.797517677200582,1.7806194358732788,422.41107027581506,0.014475491501298343,0.00020847020177052343
32885,-2.26078384049572,-8.93433269295752,3.898234378179512,0.8641609731068289,250.55757498227152,1.1898257440482087,0.0002084825016897408
32886,-1.3272401568622136,-9.15779815442276,0.64115734797398,1.1059373707131053,224.0383963336813,0.09228433210053488,0.00020848653863391614
32887,-2.294619746025413,-7.388707880673086,1.4576728668459433,1.0781464248963113,225.3251876409067,0.07992981063261073,0.00020849452370600455
32888,-0.16478155298350572,-8.058210366333345,1.608259256115822,1.104348017532396,467.3132701232671,0.7848384202185068,0.00020850355154583303
32889,-8.140119043247948,-9.78193383781281,3.2330083427447183,1.8614973115449482,467.7297873957516,0.2716142110994957,0.00020851330833425582
32890,-1.6823612435786242,-11.97856349836918,3.607670204848451,1.3397787671414962,319.7916949304865,0.27572534528538917,0.00020852448347577227
32891,-7.530828560547151,-9.345885851028962,4.9363660411537165,3.094612909460875,503.0463093508463,1.007602176051397,0.0002085315006929594
32892,-7.413014426881201,-11.877260794621668,3.7988249022620644,2.468813757573766,454.0315123828628,1.971823860531094,0.00020853428374474357
32893,-0.171757119517995,-9.880370061363735,3.849745160196534,1.804296284932554,380.6616384177399,1.6876173374126564,0.00020853987241017006
32894,-0.86757709186646,-11.777055165546647,3.6483083255461803,1.7105972889393084,367.36351938403163,1.1551183993100667,0.00020854312321848538
32895,-7.981291179539048,-9.55686910050208,3.9135493031274793,1.63441191426384,469.95779878989055,0.16712319246171514,0.00020854390446993463
32896,-3.2161708622866243,-6.941721166119918,0.23633334722123442,1.1306968960374488,287.2074612831987,0.19392193096693688,0.00020857606979126714
32897,-0.7798664903130454,-9.106745582030396,0.6702529694842143,1.1116221717887274,277.6080995299245,0.9485771215055143,0.00020858487297194624
32898,-0.9827507187362805,-7.591891906843617,2.2344141435800378,2.3485167456306306,435.5028748717783,1.087736347728086,0.00020859928662637168
32899,-4.282952538776158,-6.565231417949616,0.33607992383697144,1.2024968988070455,304.36619180042595,0.7565452564524175,0.0002086006100417953
32900,-3.7502497127642958,-5.45317996949684,1.5113374081600985,1.6435910303323855,468.7253936509764,0.8462422799313556,0.00020860235582496274
32901,-0.590578606934983,-12.1408542939887,0.31035354697083,1.8273432617261278,467.78466221575536,0.9020197145920745,0.00020862034231325266
32902,-9.98950257242205,-5.359218806371704,4.156526782703527,1.6621300137336745,347.68450624108806,0.7808441012145915,0.00020862409822899994
32903,-4.277740252874345,-6.184354019041464,0.5633981302069536,1.0102943341592097,267.0206228380059,1.1191188713212448,0.00020863964172308287
32904,-0.9948944732802296,-9.832457725097147,0.4577717859575292,0.834480423768508,468.06877681276325,0.541346426725398,0.00020864775855218448
32905,-1.6608106000343614,-7.65826253329698,2.15492157656075,0.9903018456329576,263.91852410102666,1.6177217580422978,0.0002086746726427146
32906,-1.6993922261278076,-7.603604555576401,2.465696353830663,1.8530341238439374,468.06751668100986,0.30876491632846825,0.00020868476819861932
32907,-1.2533724355501796,-7.9654182137085074,3.3228056890889537,0.795632869191153,219.7601763840933,0.8885129368830436,0.00020869318774377246
32908,-0.548177016731417,-8.04391098886075,3.421580362674568,1.450082787727835,468.004055620952,0.4323889611547367,0.0002086954263942366
32909,-2.9489749403134358,-5.729938655665993,1.5001509618045779,1.1210566375660742,468.1228123774462,0.7434715641302736,0.0002087047563325195
32910,-4.839254915329957,-10.793605866502334,4.901569492858642,0.8691387674078409,233.27567856936898,0.6454895818184108,0.00020871812983454786
32911,-1.2020006035443824,-8.713590488955507,3.816181529027594,1.23935917531801,271.42887049428356,0.34800611246013613,0.00020872325496622157
32912,-0.45077605386693875,-9.78825990807006,3.8605880374133204,1.0782292965404865,273.89736784913924,1.2669288538809225,0.00020872688519267297
32913,-5.434807246066136,-6.122512695813183,0.01282073821443203,1.3790656265773695,313.3480300855522,0.9402607363367945,0.0002087305947035535
32914,-0.40360475543496044,-8.520498067539755,1.0400323879155577,1.2635039625648452,314.1478657158609,0.46246653310276375,0.00020873333784766462
32915,-0.5677328347730963,-7.661968233372321,2.854532319056636,1.0187715617619886,467.5717541965653,0.6694315554844534,0.00020873458882222606
32916,-0.1989616358527826,-8.920825806649617,3.866061470992575,1.542037523634537,335.69007643867894,0.8866844456270178,0.00020873716017301842
32917,-2.071284130423466,-10.423052392405555,3.7611848344103898,0.8596585444559043,235.89802813347876,0.6075258054955608,0.00020873949981915535
32918,-8.077727317877885,-9.797746660989057,3.40374542656301,1.4621059987665916,391.78820762592983,0.549347190426773,0.00020874544391541266
32919,-8.01845998555655,-11.500761031199524,1.9018489955489928,0.9619117303062831,253.7147477521534,0.9235335057616831,0.0002087665078197096
32920,-0.13271456153489858,-7.786038939710635,3.081104937162954,1.1167534947409758,290.0736171917213,1.1726612834852705,0.0002087671750234499
32921,-0.49182627998116324,-12.348824879722352,3.578253425910255,1.6683325036609018,392.029527765719,0.2485385883320106,0.00020879004624844915
32922,-1.4675917934107936,-10.770136057499693,0.3314208512189765,0.887532723602046,230.1262134390374,0.8827035546557331,0.00020879537953749766
32923,-0.5490584631463751,-8.464996000847268,3.704649111508524,3.522742520544287,527.6674989522301,0.5412604432233197,0.0002087976278725404
32924,-0.417030511280128,-8.315739004971753,3.6510623520164787,0.6896578958297407,146.62164001791214,0.0026640343799249067,0.00020883078996167183
32925,-7.961700294827361,-12.174348628522706,2.071381907547148,0.642812778379061,189.63991223671533,1.2838181228812733,0.0002088544488004043
32926,-5.20692508682264,-6.274974312629349,0.0833601310197426,1.3280371201879915,468.7307033122773,0.8313302622696144,0.0002088618452959467
32927,-5.160809408802137,-5.516246236618507,0.5402143594578116,0.8576601951856248,469.66357068744657,0.07960703090841381,0.00020886650593945707
32928,-0.6174001962498394,-10.893469349972472,0.3603023537794445,1.4148011660248088,468.7151986951625,0.8245501857015141,0.00020889068706162603
32929,-1.5390757703166411,-8.494595802709645,3.717842084771688,1.3845579165704178,304.6587307831666,0.5017325045225922,0.00020889696370298582
32930,-0.4268093904296393,-8.90012134891606,0.7992776059044913,1.213789199948451,305.9672036222756,0.7354592522491172,0.00020889845222485062
32931,-0.5251755860934839,-7.6068660563965365,2.230809771979947,1.0728568840768273,288.46004515338205,0.8124766564256074,0.0002089156387875254
32932,-0.06286670621344115,-9.993902761705854,3.8306537608375413,5.284110999576173,638.3548944617503,0.681537917692471,0.00020891846449469243
32933,-3.997313113659251,-5.419548887586704,1.3082471000579274,0.8385647106764659,467.21085943974987,0.0356679074409616,0.000208920245829394
32934,-8.181759397628149,-10.36382713840334,2.1687936273149075,1.6953794963961544,469.5483061382502,0.07634326160894123,0.00020892635486971875
32935,-1.817976418033398,-7.902061574056845,1.7640411981539477,1.1052981481334199,467.95588636615247,0.2899044001528486,0.00020892727012618013
32936,-1.7678274669020855,-10.872179798109439,3.7136164636379565,0.7713638247062701,131.76047285205644,0.29021640134849047,0.00020894789313792269
32937,-3.433215092879218,-6.285538892744441,0.6049199886630464,0.9824000360022147,155.60613209831888,0.20370394600571817,0.00020899233895098265
32938,-9.30858534729849,-6.620026041192884,5.150648653389103,0.8809592763030475,469.64653688226207,0.12596392676486357,0.00020899852069242224
32939,-5.322573956813264,-5.01531338339676,4.691513381242295,0.8536242839240245,334.65384336543326,0.12680334917043634,0.00020902456721737383
32940,-0.15732655992821165,-10.783019350765112,3.7164115480902185,1.171318726667769,274.8388260938694,0.7007065473761491,0.00020903288551282103
32941,-1.594967416768636,-7.608474741932606,2.230746229309514,1.0400839375565696,270.6511057695293,1.3483424007899032,0.00020905175739702284
32942,-4.7245535493599675,-5.4937153579593145,0.9200286981966207,2.294947746068447,418.17771892426674,0.5931080246111078,0.00020907311221785415
32943,-0.8613168543731842,-8.654061920816368,0.9308703240090459,1.0954360348827568,468.021781637934,0.8582060341420066,0.00020908667985915775
32944,-2.309399404255049,-12.627952342749783,4.080452738178992,0.9723251766041097,191.42091791219678,0.8122156618673566,0.00020908679026634524
32945,-0.8554178233409075,-10.303164592911097,0.39838366201898495,0.9685522693185038,190.37852789239204,0.02736605336845077,0.00020910247641957408
32946,-4.290511737093842,-12.516616272146644,4.547710431222551,13.931409529072473,526.887828029949,0.0912745416289642,0.00020912546074224985
32947,-9.77746720247478,-7.513850342351643,3.2190234545492276,0.9674403060178163,255.85778100645456,0.5043144358918941,0.0002091287927596532
32948,-1.561997639825421,-7.9053278693496125,3.179892306581452,1.5196415506562402,369.2510265340123,0.5055112001979616,0.00020913588177157483
32949,-1.5697135988050412,-7.68625552618282,2.180544535661808,1.035377477363514,467.16362623795817,0.8806533233017646,0.0002091381394687523
32950,-3.011194937389826,-6.4308608398093625,5.094651221993516,2.6093102839799127,468.2968985271069,2.4949034008758337,0.00020918022399008524
32951,-0.00845716180988454,-8.747497698281482,3.822849387329479,3.7336785850131164,543.6757497953639,0.5662406063320615,0.0002092046649568995
32952,-0.9401636290939273,-12.779815351842066,3.4860363908608742,0.6726945632000592,466.9321912070516,0.4020332208257482,0.0002092049557425676
32953,-0.9456354566967029,-8.36670211981276,1.1620494904879608,1.8444615126064183,468.14817733661914,0.6659715358211029,0.00020922969196656623
32954,-9.040198899281757,-8.469364736913562,2.4172560834939025,1.0079216840441916,277.86094985439865,1.4731226530953618,0.00020925432668354027
32955,-8.655832239359583,-9.06661308807703,1.2846834485981236,1.7892515051545894,426.9222878915036,0.6266876899500415,0.00020926231827493849
32956,-1.0899425930334257,-7.607190124050366,2.6620923364820532,1.357775662867558,468.4389113267375,0.4286195081803559,0.00020927120682529742
32957,-3.3455611642556953,-5.593244424843705,1.5306806881129558,0.7532508606763341,467.1646833773881,0.2514911201937613,0.00020927708134419143
32958,-0.9803703872879623,-10.856300682748532,0.3640637976807357,1.624984964696764,468.5751981714566,0.015193894863119617,0.000209286510212903
32959,-0.758723035172288,-7.905362203168399,3.2331235283230724,1.1846501563324194,470.2296833001407,0.057831356330704686,0.0002093039186614842
32960,-0.17993428621341323,-11.383635434994567,0.31437521358783405,0.7635609647744116,217.15198084882357,0.6821425462284436,0.00020930482629184197
32961,-7.892179754410084,-11.723374207715809,2.7112137987420115,1.6985541318979298,462.51708782083585,0.3900952521974155,0.00020930570481451178
32962,-0.4305708042927545,-10.407766692833395,0.41283427166220216,0.8298842692599157,227.32260489676716,0.8929890857535243,0.00020931085921660754
32963,-2.4386808025701567,-7.332215531785611,3.1158891635954244,1.294373586438818,468.2595123822693,0.3630653755472144,0.00020932329689288325
32964,-1.3574036358443546,-10.276900743904825,0.4039502268088265,1.4247813932233948,316.1508265605364,0.07638828860109559,0.00020935264249599298
32965,-0.8342080221629917,-8.002514783054394,1.6984135978246282,1.1442274589808599,270.6624773603191,0.42226820817753374,0.00020935496017498363
32966,-0.6538256719320437,-11.303003607937663,3.6248821926302934,4.241410080288231,576.338250502046,0.5248960103372715,0.0002093691763404989
32967,-2.614466007039855,-8.679389873667052,0.02749358134371144,1.8641715298847161,446.5158797319115,0.5084054207196091,0.00020937032787156078
32968,-0.6452058986299658,-9.095628845038817,0.7006878095394069,2.5252789595492158,458.67328817112224,1.815278281315515,0.00020937567691290502
32969,-3.4027225133102776,-5.940173655214599,4.716500897770704,1.6686286930522494,468.716799485949,0.2895749570820465,0.00020937987667737454
32970,-4.754588096693906,-5.016466651294236,1.443479901435074,0.9686983159684518,467.4734050837523,0.6225973137050316,0.00020938247707523366
32971,-0.667493055297502,-11.107251583611996,3.6887919358288337,1.5616783662221536,467.3399370147552,0.5574933916277631,0.00020938977403678382
32972,-1.7370524937294913,-10.57783415197679,0.36910384821868353,0.9696055845457192,466.58244910037024,0.5836705138826828,0.00020940209199246383
32973,-2.392384333308428,-7.445407684148611,2.919636612108308,1.6946014867585515,469.22301571781014,0.10912010209169232,0.00020940213052128936
32974,-0.1527103517976638,-7.840925135540024,2.042243133717578,1.1287959852096783,225.02010533907432,0.01691670583269378,0.00020942346228586842
32975,-0.7373228810871186,-7.805848370687615,1.98977264920671,0.6994825900544128,141.32538236391017,0.7571201718384168,0.00020942350406174233
32976,-1.9440682837353673,-12.747854201832547,3.4854284325020544,1.540521086771606,469.83087885605056,0.23955022184794128,0.00020942477697354726
32977,-2.2939406267456084,-7.709523975862276,0.9087861361572814,6.276136389942411,681.9982678357918,0.5031526441651302,0.00020943539658027942
32978,-1.6232007066057914,-12.340645935329825,3.5726411686184814,1.235148252094187,301.8985919492875,0.5833294598606722,0.00020946622723895137
32979,-1.6699424158233427,-7.609783933288783,2.4623099848997834,1.3398934071001067,273.84717566983176,0.44951943556494456,0.00020946814540565728
32980,-2.1827343463073596,-7.592396491700969,2.442064563268444,1.686083137517185,362.7761247073323,1.2615718281600667,0.00020947560728286729
32981,-0.33573654334118785,-12.750617930080713,3.489383602225323,1.7558055029096826,416.2852465131007,0.34777445998246304,0.00020947590168843798
32982,-3.270426696069264,-5.99104660740058,4.785378181636759,1.0002132811852849,467.7526319707917,0.5958657030390961,0.0002094859502552739
32983,-1.0249248981209487,-12.754996170856975,3.4887570229219023,2.472825823518198,450.91956238272434,1.3777948845891972,0.00020951589666483008
32984,-2.1409821407532856,-10.790722982437641,0.30382285783585034,1.4744847920090938,333.03165457281557,0.759981885312591,0.0002095193208839537
32985,-2.0164500110041947,-7.616363393500277,2.680506754911151,1.6000420475118025,373.9712960495169,0.7454960739300427,0.00020952117484201684
32986,-3.0365653735508227,-5.590870614852305,3.1474989439236265,2.478923890272859,452.1870100416208,1.3878773559843518,0.0002095274266511182
32987,-1.8286408068549722,-8.508741074583028,3.7198749739078516,1.4559282487839598,176.00321011948913,0.2664258650635274,0.00020952944532895524
32988,-0.8281495564421579,-8.505293378998768,1.0599783669121345,1.3973260156375942,467.7807430178351,0.08267968925986668,0.00020954928722071304
32989,-0.9523579353270435,-10.080737820313137,3.8126794302186413,1.1703278452804409,468.0080483307654,0.37176521021780573,0.00020955188811965745
32990,-3.2400632413815256,-5.731938598168906,4.212409284596823,1.440638102297575,336.5099711485974,0.3918320642832782,0.000209554898737478
32991,-7.755276949256335,-9.482091261518839,4.438051215380707,0.9675751743675314,232.0255982749276,0.3739013405272571,0.00020955933278671851
32992,-0.5037124229503327,-12.711444093020914,3.485864823705665,1.2309781032783482,346.3330471522712,0.026996646782274425,0.0002095593503281844
32993,-1.679520883277073,-12.765769020251707,3.5484070352732213,1.6439557867215284,384.3760965079424,0.3467684258860171,0.00020958585726867223
32994,-1.1117855302780306,-8.26882447417292,3.6004787242212113,1.345028629060276,303.8678903464419,0.3362054307069844,0.00020961036082876107
32995,-1.0984812333555123,-12.572304861189487,0.3143329762419903,1.774992998948935,468.752970660348,0.6328561582710517,0.00020961071930015616
32996,-1.646314266360827,-9.094787107129417,0.7124204571249279,1.5660514118897724,468.3664972997757,0.5359246911242499,0.0002096315968619175
32997,-1.5780846708292646,-8.075098716607439,1.5958519243617113,5.066630851528653,627.531696239845,0.7071352144653114,0.00020963797140827328
32998,-0.3491487622756271,-9.750947599509823,3.893374564527,1.4177549984069238,336.50469920116785,0.9553433478964033,0.00020965347070842953
32999,-0.08510775580570851,-12.141577112538075,3.5838295521948553,1.2639098301967462,315.5533220731699,0.528795587867056,0.00020969034769239693
33000,-1.0451668272193348,-7.69268327283794,2.7202928870125156,0.8874102112903781,467.1526584663246,0.6506393066958562,0.0002096905752209965
33001,-1.2453449833995407,-10.925149357497624,0.3624857355723327,0.9921152872706487,247.2071852349298,0.6874012027480463,0.00020969833292343334
33002,-0.6860719524408925,-12.907882861055946,3.540425863284721,1.432310956909277,305.15844535997473,0.12872709492100842,0.000209699087228994
33003,-1.367957947588966,-10.13616565184275,3.802707399909752,1.0341581610472301,467.0145070363067,0.5951530313593674,0.00020971307476055491
33004,-0.21429765031129833,-7.7803715021631,2.101072664152414,0.8814219659440916,187.43054905716963,0.03455516961096006,0.00020971409472787092
33005,-2.121761542786751,-9.010358878123245,3.903160731807249,1.7807933043833402,425.16383398184655,0.8539591292843589,0.00020973133123959882
33006,-0.8740642794719662,-12.915423772327621,3.539826678449791,0.9683180797484425,264.80104006958885,1.1414993907681206,0.0002097321082011059
33007,-2.7842914648306296,-6.151927770104153,3.321324535781726,0.7927913052078631,191.8549092748886,0.47715703738556847,0.0002097795364996472
33008,-1.3594390032379415,-10.101832765120108,3.807660667639924,0.7913668317165317,167.04879735228323,0.0592949498964952,0.00020979348295880847
33009,-0.7220265726624078,-11.107021591413728,0.35223263413312755,2.0439851326052247,180.1546706169789,0.4268428609881374,0.00020979862306037483
33010,-7.442861808785711,-9.516882179973605,4.8835747181126905,0.7204942700238213,164.74901071899976,0.3365909492647905,0.0002098022250024538
33011,-5.242664666204481,-5.029099026118884,4.6012478553290075,0.8520148506722595,173.886419000084,0.10071293156234695,0.0002098393994044481
33012,-4.705133154729966,-5.798123954262519,0.7095943198914005,1.1406144948660817,248.90787905252188,0.5200877374277697,0.00020984308308763232
33013,-1.2650780161196593,-8.295025313097206,1.1915774470712248,1.1538174003437076,296.25960098618594,0.6767003389154658,0.00020984358957192828
33014,-3.332349889107191,-12.753468900087233,4.519178553227964,1.4086806884411398,332.86957789703723,0.4770430792347016,0.00020985039151313146
33015,-4.146786939033632,-5.9908993029555395,0.8408547341547732,0.8783642564631239,469.5774262584113,0.03715765044656383,0.0002098782710569207
33016,-1.0282028653547197,-12.015311811501771,0.3266424790591309,1.0330587342359618,435.6003008039133,0.3120449614354852,0.00020989802428918297
33017,-2.1261977110837886,-11.252240974186314,0.3564373397234962,1.0091323694246181,467.6700509840707,0.3485711261906008,0.00020994621236724182
33018,-0.17434812250567688,-8.53876248273271,1.0490249358775618,0.8364154512699266,210.53380776705197,0.32898253816479883,0.00020995138827614685
33019,-2.4201320662180574,-9.99781905365591,5.187498965866083,1.5998389656678553,355.67335837646357,1.6986923136470038,0.00020995525160982464
33020,-0.9772486053415541,-8.920523228112478,3.8573605674337097,1.44695036270863,332.04630050163456,0.7890757316918018,0.00020998531247441694
33021,-7.2561608190262135,-10.907284931189785,4.240927655795812,1.6420732132473987,357.8772544641124,1.2511689069746197,0.0002099936613255749
33022,-3.4637722746168578,-5.813278704678342,4.509234119436572,1.078863244964455,279.27074657809555,1.301131731987371,0.00020999974230197552
33023,-3.1600106637581398,-5.373567667926761,2.736773744203221,0.7265099912175342,143.5132617888772,0.19812077401324935,0.00021005735195989586
33024,-1.6351830867359638,-11.345051171385073,3.6181948521577296,1.1093183041924621,235.34410285165026,0.2541939829206825,0.0002100769029172065
33025,-2.239835404265148,-12.353574377272674,3.6435026533499286,0.7419554087643465,202.42743195655754,0.1285286542700117,0.00021009450027581478
33026,-0.9269793308415224,-9.037638252547865,3.8734562674413646,0.8100238192674308,162.52663878676375,0.6488745796060806,0.00021010131507414876
33027,-0.5085492628717017,-8.104296331402344,3.398044253008205,1.8933712101541456,467.60373569454345,0.27717858725907263,0.00021010668182870463
33028,-3.4557725479017787,-6.0722134128017595,5.099857463170468,0.9999693636478448,231.90835270277907,0.2993701383110148,0.0002101261186710809
33029,-0.9725736969585146,-9.78983516779427,3.8509387430509783,1.8992659240936716,470.2218817739034,0.15822438179561082,0.00021013975010387645
33030,-2.4821609750027473,-7.360948184265531,3.6956296220859146,1.680098270143908,468.0488150736021,0.8989095589311722,0.00021015723616179296
33031,-1.9725887450512563,-8.761819442668887,3.8199743212257498,0.9754253760147596,271.5217688111842,1.8007679486333341,0.00021017282239675107
33032,-0.8120608052556566,-9.156888400968349,0.6633815680626898,3.4808592737848705,510.0179968629649,0.29048143363542245,0.00021018496689160487
33033,-9.480772798916991,-7.854346178316721,3.102228935676144,1.1089921920334533,224.1124835516972,0.22193202191218564,0.00021018647979896823
33034,-1.5844685591069059,-12.37115739747177,0.29610058777502346,2.714144743950713,460.33427209682947,0.5854125041238722,0.0002102008603427144
33035,-0.7502203379252652,-10.739157733323776,0.37600910438709084,1.8812749512660896,470.01625804260766,0.04907256579461894,0.0002102077985536913
33036,-1.4768354222252,-7.614142852792788,2.6494907218191757,1.1950206266340213,347.07158905929657,0.16830863947851427,0.000210222537457464
33037,-3.644991650817822,-5.6202016743151075,4.185903244868927,0.9936337668328751,467.920020817166,0.45404899984166125,0.00021023187037931928
33038,-7.652734859488627,-12.061720010825402,3.3295837810658777,1.6502275739762766,468.1483755775912,0.20310540826852197,0.00021024822545763917
33039,-5.110523274488177,-5.585382512199794,4.976580429688296,1.6601679204651594,468.07934238553514,0.71909970737895,0.00021024884435006568
33040,-0.24541198268299524,-9.769402860545785,3.8527377422014832,8.746251866916817,514.9026484076636,0.06993482425476305,0.0002102507432831487
33041,-8.420547886319435,-8.216652897460948,4.915840861530537,2.7857817057217216,481.7451023887414,1.6423950572248396,0.00021025470987740214
33042,-2.5181202709273087,-6.783394893436673,1.0286984929028564,1.4247304543463808,469.463341980659,0.053615112391657505,0.00021025660208188234
33043,-4.226993454075988,-5.162984775367458,3.622440380040728,1.4474357847815102,333.6006553373381,1.5784882133739906,0.00021027720566719793
33044,-2.7767447769472264,-6.255038630772133,3.425102544990459,1.8547610291327405,445.73382850654554,0.1297805680616415,0.00021028448951147547
33045,-1.0409095685145147,-8.402506420253179,3.6359998068853643,1.4913300951725021,342.8511913973379,1.9982747033041477,0.00021037805367503184
33046,-4.800307585476813,-5.32576072582864,0.9020532670962182,1.2093933046223435,304.74119132128914,1.3661155519028636,0.00021038157388414286
33047,-4.742690177678657,-5.597071226734902,4.5640629601399665,1.1971483161092,307.8224906901282,0.535676656407488,0.00021041363485264897
33048,-1.876996933287268,-12.27486556896242,3.5682499520572795,1.8585474351294347,468.23236239527097,0.3608498353302343,0.0002104155779190364
33049,-0.27992539769958036,-11.973015478692922,3.5910663826424907,0.8903588164464382,177.00646899969357,0.8144234099780769,0.0002104215694991288
33050,-0.24261905468791412,-10.707288313352173,0.37207499608643535,6.881495013093089,705.5044264173047,0.4443404508555968,0.00021042767702103346
33051,-2.004136138456011,-7.670185868710759,2.7023986524922514,0.9396086259455986,190.89814129182253,0.9700515222582569,0.00021043343530371793
33052,-1.1531684911348137,-11.158786916057513,3.6736306029698595,0.8734682763455502,415.08449941636565,0.09759455452103172,0.00021043369217458484
33053,-3.769179249279846,-5.751480077339481,4.4216504570830235,1.5986350545056025,369.87103856151873,0.019356854809839952,0.00021044502188798594
33054,-3.437446193188628,-6.298424510610315,0.606876447268453,1.6307018870617818,354.67233606253956,1.0057443594137903,0.00021046626597904535
33055,-4.53983175595466,-6.346016288961625,0.44400687264237243,1.2220656406190453,307.98326441068525,0.528161213424502,0.00021047750555780773
33056,-3.756705782400285,-5.565567082279015,1.5479879321471812,3.586756386707949,525.7981531381187,0.3460244562042831,0.00021048308539025864
33057,-1.7625510987536028,-7.647834537406022,2.255644381444849,0.9650002921620816,468.4086083513656,0.6122229724827859,0.00021049861370344835
33058,-2.6246537525706266,-6.462377914931816,2.158747521090025,0.8071213283232235,236.53784832395615,0.821993574548503,0.0002105092574040274
33059,-1.400710207872871,-8.142418287726791,3.466172065628121,1.1749111738792557,304.0690347347667,0.3126444474410519,0.00021051475275898546
33060,-3.7279114401055846,-5.305831513922685,3.466088835006804,1.0306773519625405,468.63485155306824,0.6486842558680728,0.00021052046912354699
33061,-8.71562840165638,-8.9329374547033,2.5079703197889667,1.402423115598755,310.4425434531141,1.011267789066113,0.00021052414753329685
33062,-1.8636387812311934,-7.7025264145652965,2.721965645468431,0.9634941013109664,468.05195857048915,0.7034021969516955,0.00021052991539463703
33063,-3.9716708421235305,-11.939984945316478,4.60002544262296,0.8751434063551473,469.3782022769489,0.1976067720797534,0.00021054686098745246
33064,-0.32754464882137313,-7.919544475315881,3.178541252137219,0.5326359167477314,152.06083545662113,1.0279343640645662,0.00021056681037687815
33065,-0.6303475389847097,-11.789775857995762,0.35517056656246376,1.1034985843638425,221.12871669272323,0.43976630408510076,0.00021059903821636077
33066,-1.0625849372213345,-10.380342718681291,0.4030822018603063,1.9993566193365655,182.24126824600813,0.4298915071803018,0.0002106168246744501
33067,-3.4069156408433168,-6.313275207851659,0.6456082691596039,2.7344581047256824,475.26680975080046,1.3030966474379424,0.00021064209071503876
33068,-1.7703559666304418,-12.687058210489653,3.541000254915442,0.9167891254742601,219.64793624251138,0.2377285527868347,0.0002106455801249558
33069,-0.8129615022818619,-12.171342428655558,0.3219911036200453,1.1596874785834361,295.8938459540139,1.0329971842424408,0.00021065152130536887
33070,-4.681523849247854,-5.173003973196674,3.985260415998837,1.1127532642058624,286.5109637681472,1.4902173593789545,0.00021066852843104695
33071,-0.8396963857032151,-12.234734799351138,3.5685982255702227,4.358336201059473,587.8105388646302,0.6903447773767848,0.00021066964276713894
33072,-3.854178793000248,-5.486131072962994,3.9707541915897697,2.3149572787455246,438.4857223238444,1.8918849047088502,0.0002106832489279501
33073,-8.789704102534493,-8.731571512466319,2.8756693516230185,1.6267910136832004,376.26163803891245,0.1680129704216453,0.00021068658625121003
33074,-1.3322208398704163,-7.857502817096195,2.0639045316718683,0.8249398225064728,269.39363511067444,0.018431609970442686,0.0002106893537717691
33075,-1.8529489168970663,-8.191603215386035,1.2376181189890325,1.0430002289528555,275.07440865141854,1.7664548039701744,0.00021072565749982364
33076,-1.023284021843228,-7.689446039674749,2.7926144718178363,3.074545101667729,264.7744457477298,0.45040335613759463,0.0002107266889887631
33077,-3.8170787429938464,-11.192702027468238,4.7409236919352065,3.3296143771692255,522.2573952505578,1.0506099929284582,0.0002107313767623255
33078,-3.9032231903572114,-6.088163274416436,5.157268516291873,2.896980810696046,490.9150516468463,1.5601547713648456,0.0002107352362388329
33079,-1.797107416516969,-12.696900412901547,3.5396270368052853,1.0205905383120315,243.33196132837656,0.7564412443537654,0.00021074391180392088
33080,-2.6982319867423143,-6.2233304107196155,2.521715108219255,2.772761052062402,241.8128408666945,0.22612471677813062,0.00021077981429835438
33081,-0.09716983996792905,-7.592991257414351,2.502164824359776,1.3105710338259755,467.8352072846904,0.12201434065049632,0.00021078174304428834
33082,-3.600116297800433,-5.113761684824354,2.8203908754657903,0.9077744950285457,184.38041782763725,0.4235772756247691,0.00021078453356986464
33083,-1.5736492783792944,-9.754242647528676,3.850955683649329,1.132882559866435,240.03843695566778,0.953895101247535,0.0002107948159102824
33084,-1.2267959882247776,-8.246684826905321,1.279909483220664,0.9209155286903342,260.84191379242304,1.3137368690337965,0.00021079986207525397
33085,-3.803352281606852,-11.585220060861577,4.654649220771546,2.7544088949026104,480.27125545084795,2.009059208800317,0.00021081174612645355
33086,-2.082242193162296,-7.890628339947083,1.8752512812652795,1.2892888204492032,468.8500247427866,0.22219666068475963,0.0002108204736981685
33087,-0.3350525425695636,-8.282413799769214,3.5990974218093963,2.7928028939995415,358.92825049828434,0.02232755249235474,0.00021083837940986591
33088,-6.796351574353855,-11.855214000564079,4.421334620863891,1.4776823338914182,335.51618274208676,1.3889474992319002,0.00021084095995651273
33089,-1.6942295753827192,-12.726170623019184,3.537044067438076,1.550125048514672,353.646803068313,1.0539581917066974,0.00021087494192780092
33090,-0.13450560720447946,-8.690630518712965,3.792956859680267,1.1297232245208402,281.66440604913646,0.23880957522998347,0.00021087934886835326
33091,-1.8592446755951446,-7.661064109218883,2.756157695272904,1.0641765296442276,249.2158255852473,0.6582050115690237,0.00021088296485147854
33092,-8.60136132928253,-8.517826600627448,4.014183722985918,1.847577794466745,467.81759527946184,0.21347708470170357,0.00021088996517179152
33093,-0.9945124156287566,-12.04011084371652,3.5805539250536835,0.8149739511643804,142.8996200934176,0.21337048959953098,0.00021091548269306574
33094,-3.4306436406245036,-5.121636185448272,2.3594837427286044,1.4872570596017953,341.7734554031855,0.2348839841853172,0.0002109210765668159
33095,-1.732697276833175,-10.817089467992567,3.706101357158658,1.1552987762204798,276.3687468347542,0.6076353005700694,0.00021092953792996124
33096,-4.420062709358237,-5.302265154094178,1.410156145292269,0.9556068946295813,257.99840131660994,0.9447839263546793,0.0002109514424691245
33097,-3.171941126029134,-5.198762225038127,2.1569302606784864,2.6715127390666797,473.86736905390677,2.460407741630547,0.0002109693870990444
33098,-3.7313809085752396,-5.709370770213657,1.1114681701225588,2.473376571455776,454.0550075732115,1.8933202123139399,0.0002109708708643456
33099,-0.642691647535587,-9.526483431782804,3.8720866754044176,1.010345943544484,151.11772972793017,0.151473531882254,0.0002109884173720079
33100,-0.9074250641090291,-7.583442719049928,2.399252022922918,1.882983342035114,468.7280633001358,0.1445491064750284,0.00021100435836285942
33101,-2.117806911427347,-8.055978392613543,1.6279708717641757,1.0283073038787582,209.05671549196936,0.8776912741583214,0.00021100986816197196
33102,-0.7391976668765601,-7.826801254801374,1.9839293238733418,0.9067268128775601,234.11481081016996,0.698406730856477,0.00021101162787263004
33103,-1.0538325856601798,-9.508296691492863,3.8731775465886393,0.7705420814901287,469.81489648813243,0.20829502038321834,0.00021101739390370311
33104,-4.367009415370755,-5.508665277324432,4.203072854546457,0.9678771009719532,253.50277689972026,0.9059059897587955,0.00021102667442629924
33105,-0.2624608495898837,-11.891376505593959,3.59258575841337,1.1006509642323983,281.9239957087743,0.21331858948981441,0.00021103834345676114
33106,-7.9378499966333775,-11.342230094346146,0.5011200805515835,1.460308187785921,326.99284369830355,0.2002833313104606,0.0002110466867791012
33107,-9.80338348954661,-6.59322573891858,4.367974831757899,1.641280653840496,381.19474147134537,0.16489895165098023,0.000211048368499149
33108,-1.1827071452017286,-10.281040341413936,3.7683860416157025,1.1327028741649638,467.6798363724406,0.6373709374174759,0.00021108198817412774
33109,-1.7345614088358055,-7.892144209177307,1.9200915599029587,0.9847640197186615,268.5419250280156,1.5979339945269837,0.00021111051642064212
33110,-0.08889706896997218,-12.950852875841735,0.3156220325354324,1.8344336839200863,467.73784876536564,0.47394517522517976,0.00021111470657146414
33111,-5.199257969455524,-5.662491422415116,0.40175989286728336,0.9613274623959804,260.14917870835177,1.627457684309575,0.00021113497533233207
33112,-2.4819416746709564,-11.400554374857673,0.036046844196441934,0.9925315717268068,410.7551408146186,0.7550939123331899,0.0002111367658597732
33113,-0.8504678257158034,-7.971463232883446,3.29985191355486,1.6794989492477022,443.5264722734397,0.5180113168325473,0.00021114698076033544
33114,-4.78529495096323,-5.566942824511793,0.7605020742433144,0.8891789246555948,467.2824956839482,0.8954129221347893,0.00021114910002351903
33115,-1.620850507072186,-8.262251552004429,1.3557570938283612,1.7251707246390406,459.71895812407354,0.13615754545499392,0.0002111894372109369
33116,-1.2357502335897905,-12.174182126470097,3.568062234596117,1.8092321006137122,467.96672447751934,0.40797542313387947,0.00021119620514417647
33117,-1.605544011293686,-7.6335380407542575,2.674150527254834,1.8968263724471814,392.32639057189294,1.6974242048097983,0.0002112170209428535
33118,-1.784229351327216,-11.18448090522466,3.625107473419015,13.856912095558933,596.778581463952,0.044043943615307946,0.00021124167984484414
33119,-1.6949809935689828,-8.225240383562184,3.5528413014740137,1.6473333973798305,468.05303620128427,0.7907778088242194,0.00021124339718181176
33120,-8.800558273952216,-7.904615077424149,4.673989933757264,1.6620371762874433,386.1080254117994,0.015510593061428324,0.00021124380871313217
33121,-4.143067358678616,-11.944654231417923,4.600351957810649,1.6520257013419986,390.42806407705285,0.3194633305853687,0.0002112458150434482
33122,-1.8911832382463203,-7.6592389904835665,2.264787014162131,0.9246090486083581,187.2799718382694,0.8089260322979168,0.00021125001374906505
33123,-4.216933043669794,-6.074041114877579,0.6955422228528613,1.1333848855979105,273.9833282248561,1.17878623894451,0.00021125007810600228
33124,-0.6507117424474966,-12.615743395811755,0.3244122671299574,0.8838446535832765,253.04725358006326,1.1522340238657067,0.00021125219931037004
33125,-3.2179154423697254,-5.579358307083679,1.5269021018084934,1.628036609666935,469.4706844922178,0.011986785841830994,0.00021125289474646856
33126,-1.0627376426854216,-12.13163477476192,0.33362876132140795,1.815434404835497,431.9155014880745,0.5478000933668064,0.00021127373810104854
33127,-4.840579586248172,-5.642498101761282,0.6839088745237819,1.1806001333272338,467.53836342095343,0.21414207622761694,0.00021128284476316854
33128,-2.2810692444705722,-10.434106302408651,4.008752253141358,18.410682685625023,821.1086235564536,0.20414109424303373,0.00021128931945566166
33129,-0.9684812826753877,-8.584705814567451,0.9858497334565473,1.0418401178375667,275.1140392380267,1.777653819384061,0.00021130145780043946
33130,-4.395601568744278,-5.4660033539538935,4.152510106041395,0.8583546680770415,468.01191039318354,0.3734944293917639,0.000211322658720586
33131,-2.942261650712145,-6.027904382548308,3.8620550913243146,1.8576637264403018,445.42272322400817,0.36522611120403603,0.00021136005677473306
33132,-1.0693963956557866,-12.458248517033391,0.329427085367748,0.6672305578037296,199.45692552705043,0.943146137252854,0.00021136038012905116
33133,-8.365905760851517,-9.575720524812224,2.638614003228968,1.2082292764483127,305.05114375194097,0.5806806550014709,0.00021138646705689274
33134,-3.3945637082926456,-11.64866926648758,4.636232030532654,1.49867262859216,344.0871821562984,0.4027653019888646,0.0002113998230281716
33135,-1.1886100038095861,-10.50495649844312,3.725744735000199,1.1073319639873886,235.7303386641577,0.1813283574003295,0.0002114192050604539
33136,-0.008030049408766615,-11.760807704118792,3.600996942191741,6.588992987541766,694.6262509528989,0.47948415207675854,0.0002114640506899165
33137,-0.7893958022042185,-11.996500724472428,3.5791547049456254,0.984364148412133,469.7095692016804,0.05375667508503401,0.0002114676511420578
33138,-3.7616238247823457,-5.438678525412456,1.61999416767055,1.7575527783452085,417.6018152206798,0.4381919361215445,0.0002114775692158085
33139,-1.7970793094711475,-11.835105712759168,3.5937300978337507,1.1166263959933378,287.4194066286066,1.4608744049885534,0.00021148717598044252
33140,-0.9908748922904813,-7.800855398385159,2.138389980980879,1.1201705077798993,294.660919713216,0.6114682426554765,0.0002115098698409682
33141,-0.32952102435622344,-12.216305400643444,0.31142100070314577,5.3722162260828314,304.94340300969577,0.29314157852705414,0.00021154223979624637
33142,-4.673550705626549,-12.53220998474341,4.548808101130215,12.02104687304081,493.81680390067754,0.10614183652298603,0.00021154927962240344
33143,-4.683986406570888,-5.42357645967704,1.0581576222067508,1.0952436445989144,224.75666722415136,0.026854746242332972,0.00021157072235977856
33144,-2.7169460203363656,-6.525546740731194,3.7702252281776456,1.1815904329886209,299.31511426580084,0.7188036864642209,0.0002115855342785774
33145,-0.5320072176331063,-9.617829071157644,3.8604276425404525,1.7999414485377814,429.19647278307826,0.7746464418474392,0.00021159252191439796
33146,-0.7385814231072487,-9.966584184486376,0.46143263519298433,0.6815238689765879,159.11291370401275,0.7587720016051804,0.0002115986275170375
33147,-1.848868799798403,-9.454752504904771,0.5385904737807687,0.7061103658500302,467.3201983453501,0.35445827943820074,0.0002116103252317501
33148,-0.5364286885583454,-10.190512350835768,3.7798043227203553,1.311158496089608,280.24303047831313,0.004930937504926014,0.00021162530363607235
33149,-4.125019952925398,-6.489318811585228,0.37301726394005935,0.8783432293010783,252.04655787457278,0.8116544389110016,0.0002116392056283718
33150,-0.5205156964396096,-8.425413857281285,3.6408091354218124,18.159550294436063,590.5540800151997,0.09335109696550425,0.0002116536277844052
33151,-2.3700676443722006,-7.17793420782489,1.1165908862732652,1.384098018950754,305.56772556558127,0.7981034142940562,0.00021168724164460155
33152,-9.429307393329438,-5.998075749667365,1.1568787411384074,1.6369348170031364,468.02819986265195,0.33896869856443335,0.0002117028403675984
33153,-3.242169352035331,-5.3019571987747565,1.9021842530551965,0.9411337844085763,469.1204288720178,0.06501347143072778,0.000211739617998215
33154,-1.1737990764393,-7.700972174883589,2.7936479740206632,0.9552114186931706,268.36892549831396,1.6522763991980485,0.00021174024999570985
33155,-6.143712700529024,-10.609723680268855,4.97365847179367,1.8412107205485577,438.658264753434,0.6422356037315957,0.00021176363841065535
33156,-3.392074232983024,-5.261927117833872,3.0919041297813217,0.6507124029090896,132.8224925361894,0.13871928093070807,0.00021177410031304208
33157,-2.1311040718345424,-7.85066301268149,1.0724016872369166,1.5352255931473118,460.81597875713084,0.54503785539152,0.00021177554654554812
33158,-3.415413222175032,-5.3142473948453075,1.8130112985216504,0.9404779375705509,253.03044211533793,0.7400417744879197,0.00021179613770290153
33159,-4.075721023949315,-5.470141012309686,4.0207371961529415,1.751558005204116,414.91060342990914,0.41088973388777195,0.00021182612349657627
33160,-0.49609450546586586,-8.54075872349621,1.060533014839175,1.8646161269395123,465.5259993135134,0.4363489201837538,0.0002118341542584439
33161,-2.7532799422862055,-6.137083585552257,2.1314952367461633,3.144913649930555,505.01929903979027,0.8559221227480398,0.00021183574910419258
33162,-3.0284163563552493,-5.527322663236885,2.6019420937825495,0.8466978926682398,217.59659409861428,1.192384356907188,0.0002118520394505717
33163,-2.8773411051041613,-6.638834281014152,4.8627341143919525,0.6811560709612448,135.80827235110687,0.030277905865316868,0.0002118522431539557
33164,-2.242450867120315,-7.826145736816189,2.041335981627301,1.0858995684189594,340.78404423205177,0.953804508547349,0.0002118532818590893
33165,-0.7804988868846827,-11.177516630265771,0.3720489149049548,3.4543731174954506,525.6638714453399,0.2743864454953284,0.00021186341222879837
33166,-3.693248812224069,-5.540559180408238,4.018945149172715,3.1898091049561312,514.6538092867175,1.5381199292429963,0.0002119084700226421
33167,-5.064585360790801,-5.027485986691279,0.7742027038090433,1.6539191986571056,387.3163159617437,0.8767556341807143,0.00021193348911378214
33168,-1.2759549021896959,-10.892701999016879,3.731859354850681,1.6457593621754374,387.79807435962016,0.2457529914531209,0.00021194359840730136
33169,-3.2594987136410083,-5.133476722585368,2.9975530664306866,1.6242819771164339,379.5469616184524,0.7562620564299296,0.00021195157361361282
33170,-1.8795531563462156,-7.584742120197484,2.535005526568471,0.8513080123766221,397.6811758461819,0.06604709270109765,0.00021196848187407318
33171,-1.0671006208438012,-12.903548914997828,3.4881555491691647,0.8674456738192082,184.22850578641527,0.2142050254826735,0.000211975637268435
33172,-1.1310941364972464,-8.005201146518395,3.3268579723549823,0.8044435075279565,174.83410492444798,0.48825545076393073,0.00021199593390793192
33173,-3.126034357428291,-5.338969442194677,2.099821584825461,1.6991774575204934,457.7454095096945,0.5016849618989623,0.00021201265833925396
33174,-3.4453587327926583,-6.71153997964382,0.2636647218872242,1.8005381642377705,469.6438872161869,0.0035280569793654237,0.00021203113173536936
33175,-1.8336688919565187,-11.433420897069293,0.312444025874736,0.5376281738530486,157.35244514862998,1.118311382473303,0.00021203800475410787
33176,-0.5338387696665468,-12.691201982243953,3.5275651790614346,1.1179458144176002,467.52294920446195,0.20283566852396895,0.00021205173525215275
33177,-0.4594617766304836,-9.956569161900024,3.8146577358959446,0.9414976761692562,238.2387071474108,0.9369797889010636,0.00021205312546563977
33178,-1.867759790359754,-11.017993412580513,0.328436065970782,4.100862086693495,574.9330926414917,0.9171233489074453,0.00021205839545374106
33179,-0.6900584666050751,-8.291042316358013,3.5941455681897367,1.7560284014390426,468.34078856731657,0.5139403654458858,0.00021206924101061812
33180,-0.5183541946510744,-9.752570127170912,0.5017107097256099,2.0348579597219527,407.12363898896115,1.6522194544826636,0.00021207382009531573
33181,-0.28946680211859643,-7.697316619273036,2.1550436275370766,1.5685516102193842,364.0802582601978,0.13494148485751722,0.00021208124397275585
33182,-4.6126307611419035,-5.28729917172458,1.0759527447054078,1.1603464289484708,287.17402960779265,1.4103973128598204,0.00021210007822692413
33183,-2.1750473856514603,-11.819426732413234,3.590248944028803,1.237987292731693,294.63638530430364,0.31546736646401374,0.00021211665840063155
33184,-1.604142280933404,-9.446227563775722,3.9005322636023068,0.8200162128750038,230.0289392037225,1.3650530908258371,0.00021213650079002314
33185,-1.1702479022512353,-8.804153964548757,3.8170837412020533,0.9873402497857015,260.0508606241768,1.5879824807465033,0.00021215409889877287
33186,-0.16930295198171308,-9.093461548680091,3.8650146637220995,1.2120792294349716,308.3150677332084,1.5178969778795226,0.00021217321875486333
33187,-1.3258682823310295,-7.632724076178633,2.637361715510089,25.297920677962672,717.7109438018118,0.02142102685536873,0.00021217524142338646
33188,-0.742252020614826,-10.593433002747314,3.7221693205189967,0.9038436438600924,208.28747312484288,0.3788082109914672,0.0002122046026512899
33189,-1.2861957664775954,-10.638145841517709,3.7243919366192184,1.0348255106493216,281.8269993501849,0.90859524442818,0.0002122195197490799
33190,-2.8157417111119027,-6.075618250822449,1.499709757364656,10.523704853603265,583.7629514223911,0.015565939502298676,0.00021222322077300295
33191,-9.193217201654704,-7.303335597794471,4.807870601545747,1.100932715195591,467.6415981457323,0.5861598764885878,0.0002122352180137332
33192,-2.11406940312534,-11.54582234582368,0.3360018975535817,1.465066377780411,468.5660708416527,0.6510868330415258,0.000212237087399498
33193,-3.2695497398400253,-12.177808016503139,4.580470168029618,1.038143152765874,281.2201532863313,1.2897961060050607,0.00021223730868541704
33194,-3.2792760075749348,-5.156985567099895,2.355523452561259,3.836823124434129,544.6394254781206,0.3716780497997485,0.0002122429345913895
33195,-1.6283187975764353,-8.937694661568374,0.7970908276574101,4.331764210532935,249.6249762592809,0.40750693138491645,0.00021226653381672077
33196,-0.8270394495046087,-8.193148889284217,1.4774787882009706,1.0554009347852078,468.13040732527764,0.8712815009017785,0.0002122740023191848
33197,-1.475683158165186,-8.670975933983055,3.7759159716906185,0.8852526300770794,468.03222517738004,0.9359024953270882,0.00021227420771803383
33198,-8.264406492270195,-9.642931285690786,2.984440634912771,1.0975394572205206,467.10684268505577,0.9283489444000583,0.00021227869709345638
33199,-1.6670704286427611,-9.161002501760187,0.636297231683347,1.1202989100109584,469.23753085641596,0.14284098088870234,0.00021232577889465987
33200,-4.080582040660261,-5.06948973192947,2.9943082816176276,0.7717834706034928,155.80324565617886,1.019911382492725,0.00021232606134206957
33201,-4.1510214669968795,-5.276950590612398,1.6042323386330148,1.0801586189341255,280.2578220759555,1.2131400047766112,0.00021233867281138396
33202,-0.2684375937072616,-11.156295865495412,3.6317015216048127,0.9477720597317891,262.86334130579166,0.41115026914889174,0.00021235184670186417
33203,-2.140676012761835,-11.965001057584413,0.3492375422829672,1.3415537063913585,321.72074520961326,1.769865283218837,0.00021239881807948912
33204,-6.8898653944296075,-12.1707897254594,4.316144502847785,2.1250500107074197,247.22744610986706,0.13170962837290734,0.00021241856565341546
33205,-4.794700225467609,-6.506119185178381,0.22592010928248304,0.6823468124881237,138.91604754566416,0.5848961604081513,0.00021241970336135425
33206,-0.07842104396640615,-9.92620871404717,0.45752267199092783,1.8072950139663941,366.41065433126016,0.5042112342717227,0.0002124422299873954
33207,-4.76413232603565,-5.878296845918777,5.140622894607797,1.9726791959752976,193.56122638455102,0.23461625369077943,0.0002124442727046558
33208,-1.1575718919385327,-8.63045671124825,3.7596796444956486,1.8034509593211245,429.2436801048734,0.27978131239772974,0.00021244936065951698
33209,-0.18144167997630767,-11.947735513832896,3.574366829127768,1.6898902666268356,366.66621127652104,1.7235478320649165,0.000212472072705318
33210,-1.6415954293681878,-9.248252433091883,3.8852403849043102,2.6632741552461203,472.8581548991817,2.3265554455804702,0.0002125142441892193
33211,-3.5136483209858946,-5.336130810639971,3.5039803967483945,1.8511473838077053,467.48285523714384,0.2288099447668861,0.0002125261967426402
33212,-0.8133872219809586,-8.958662959494744,3.846237007467946,1.6149135320765866,376.9601629469824,0.7482090331214577,0.00021252811894715266
33213,-1.9904189334092095,-8.951073983277883,0.7797150287425171,1.4109462555950407,334.4334708771887,1.5602791435298782,0.00021253205962920764
33214,-8.090437336295153,-8.49099187101249,5.107495906770198,1.1387111135130894,468.39477254037826,0.5343692821197772,0.0002125331872024046
33215,-1.0347947159335789,-8.04870736682267,3.3662528326226626,1.8478855910618988,443.66144546024265,0.43372300397290875,0.00021253976601192772
33216,-2.1001369826970517,-8.56497329517503,3.7232405227529606,1.8579067978477661,468.57931147659434,0.15206114649483116,0.00021255339651835259
33217,-0.876542327508087,-12.449065104027527,3.535776904356572,2.9316487339904436,493.3943235288023,1.4922860316841602,0.00021256093184375386
33218,-5.211958931368641,-5.127306764928715,0.584439151189495,3.062048039334201,231.40189400875622,0.252845955066042,0.00021256371649609014
33219,-2.1760641454016163,-12.419379661997457,0.34119428475381236,1.7058452425144204,401.4682988141427,0.13917157018364978,0.00021256794314111058
33220,-0.7317511200456153,-11.124111139629164,0.37788906001614675,0.7878413531367294,469.78622131624627,0.17134448166789973,0.0002125691067284004
33221,-0.7751252401457585,-10.018321071184904,3.801712241760913,1.5344796936207559,347.9063433630464,0.7619605790457049,0.00021257143314907365
33222,-0.2767807710127972,-8.025623527177451,1.6845056410112553,1.7746167542316909,469.8618526687987,0.17619128680129137,0.00021259667591374287
33223,-2.048514072708154,-11.152283583511647,3.6408390102097767,2.0886268021947436,411.98564277416835,1.4980994705708257,0.0002125976212840287
33224,-1.4153408419405835,-11.907114861764823,0.31890074127718504,3.829165130621016,558.4431869799638,1.0781357473298403,0.00021260456237798346
33225,-1.540767091221145,-10.522856420334612,0.3757775777925986,1.3305983315002723,468.09541360836886,0.06773376432606337,0.00021261234734889318
33226,-0.9959493064700471,-7.6170468890247065,2.2966655505650158,1.4080768121825267,468.33641916647434,0.585279384350903,0.00021262300197856228
33227,-1.0471988919746984,-12.808174677090538,3.5155521460594397,1.7489362777440558,467.78654665771893,0.403921585407752,0.00021262938918706567
33228,-3.9106374566976,-5.1570486084529,3.007202149483645,0.6174556610473416,135.90995798771124,0.08851460055452076,0.00021263439158286662
33229,-1.6909719489559922,-8.84410627670515,3.823368898113483,1.0265129178565433,201.9498496658666,0.6682867026846138,0.00021263492689610084
33230,-1.631403742101984,-10.579142650358682,0.38391205930081373,1.0360460560212004,222.12693295059333,0.7880715008140777,0.00021264080856458128
33231,-9.046243574689438,-8.465391972472645,2.239457125985202,0.9693392838714951,269.9303509651307,1.640060547019007,0.00021265930832716537
33232,-0.7463686164959977,-12.446367205780057,3.5345724908941927,0.9486644198691487,169.26204612926784,0.03590747842131492,0.00021270884374311973
33233,-1.7434375698622588,-10.917285552154219,3.689830166168826,0.6496073664492319,188.12887917770178,0.2183362569950278,0.00021271858765390184
33234,-3.278354132855247,-6.889920079853136,0.20712270446780603,0.839648281446972,391.43107164488305,0.3624064826395008,0.00021273320486788825
33235,-4.124325543944833,-6.493028889167655,0.4174987563823891,0.8683408772466585,467.6616478963327,0.8927555430397485,0.00021273736486294962
33236,-0.7110792974202624,-10.00398236494874,0.4319372911894671,0.9392017441532923,247.13052309900826,0.5090812771161959,0.0002127855776932425
33237,-0.7338323434101994,-7.819880832863283,2.950445764525974,1.8136134201138643,433.93438778758326,0.6747138340152645,0.00021279549296130212
33238,-7.293577269645937,-10.400775772258047,4.413438899401589,1.389503865964826,467.97245418493463,0.2325886445496561,0.00021280224493198924
33239,-0.08788792663794354,-12.323899800638165,3.5422811478473966,1.8942178922796529,469.3969792380929,0.10027407985196923,0.00021280408336539977
33240,-2.046082880186927,-11.145565048336337,3.6677100203788555,1.0715778979335453,182.39689445093984,0.14510481341579506,0.00021280436529821836
33241,-0.8084716816516071,-7.881921118443123,2.0237941744617065,1.3204854509765263,286.1116716426362,0.9666418652292972,0.00021280568380826651
33242,-2.009630239863176,-8.213287043878305,1.4818937605974947,1.2607320416040875,287.4377622323703,0.7574357466322388,0.00021284481707476008
33243,-4.079792043143465,-5.981504776949732,0.7963865754562064,1.1209060472586563,466.9068655178667,0.470407129655821,0.0002128562101274717
33244,-0.0720105103748061,-12.329020765857619,0.3423076257852332,0.8668757292757797,175.48187299007097,1.0807916949425067,0.0002128645426411709
33245,-1.489701315012761,-8.281952765197758,1.3385227662275068,1.430132698115425,341.9313294990587,0.4942876382644945,0.00021286806671318124
33246,-1.227273449421988,-9.06638381190659,3.8577660249649535,0.8521675208191618,467.6468197514332,0.42943682216163914,0.00021287499382276212
33247,-6.012375065413106,-12.593855324659724,4.561743699803803,0.9315174601790901,468.1838508659481,0.45211505499877624,0.0002129068607744695
33248,-0.18077294216864281,-12.894760990380338,3.508940222673219,1.839986597947542,440.76409512017955,0.34231695873724544,0.00021292863482722018
33249,-0.20490778986373925,-12.434134583392737,0.3132230647071037,1.207095471799826,265.80179302532906,0.5686610408783475,0.00021293390299524295
33250,-5.383136282136462,-5.030247616733428,4.696900909780741,0.7574637622138967,160.58466582938706,0.05078079209538178,0.00021293797672823473
33251,-0.6796407709558547,-9.754157436584105,3.836516360993922,2.1037437405318133,412.2195474101007,1.3309393855899048,0.00021294495280229272
33252,-4.316955661413049,-6.310252545994927,0.5054298796691471,0.9097798401550892,259.8936397791794,1.1640854597170875,0.00021299026652025306
33253,-3.9643582894057525,-5.069850857458233,3.068362452871474,1.6012910746481062,369.5650704562278,0.9036893968003712,0.00021299724255514424
33254,-3.768544572774215,-5.10977121037767,2.1132642649875417,1.9952266223053057,402.97229423381316,1.6990872358872933,0.0002130079977073501
33255,-1.698333639750901,-11.727739379363946,3.5906640035693953,0.7426093211786721,467.57666935058063,0.4717837111681762,0.0002130115883754044
33256,-0.9653219879627137,-12.881686617286269,0.339380184422143,2.86542242821085,487.7870032277624,1.4941033416594545,0.0002130183171996905
33257,-3.5106168892574523,-5.680835548623505,1.2229566228792437,0.648301259548614,187.67952035472987,0.8560685642389521,0.0002130196026289392
33258,-2.2615367992375184,-11.270771626803441,3.7753174472607793,1.3873624226570844,303.26696669605604,0.6004624217465784,0.00021302728378894427
33259,-3.2832609911061468,-11.501799346498192,4.673382687771261,0.8993287402520135,467.19853646953965,0.5811190108229125,0.00021305679093143313
33260,-1.2761788510956453,-10.080084105527089,3.788299925902359,1.1728647620827617,202.59438071894647,0.11247907471283991,0.0002130584346544186
33261,-3.8362310054294095,-5.090085573458243,2.355360166369866,0.7976614562024131,467.6219955576196,0.3512629517039061,0.00021306592514029247
33262,-0.40144519921028987,-9.81525433268054,3.827936634271998,0.6237690366516911,126.53855304149675,0.547512992143723,0.0002130690283879651
33263,-1.1292858893493687,-7.621861267594833,2.304538423234444,0.9859671335448654,145.72384729053348,0.2448264206657571,0.00021306986842780265
33264,-0.2613446577274612,-9.19479820201984,3.8947509769201862,2.8809036929825704,222.36229148674954,0.38272612656600913,0.00021309394703248181
33265,-3.743923203303721,-12.543735055557132,4.529331669924397,1.4855076571499322,331.9418362355662,0.6464395836820929,0.00021310632834211108
33266,-3.3475763426016503,-5.908273679041553,4.644078671794813,0.9654873764502426,314.89631943123277,0.9980204803957866,0.0002131081263577296
33267,-5.096685848652573,-10.223750284635544,5.179218634028557,0.9399847090524881,257.2723243157678,1.2871727045879657,0.00021312341252788968
33268,-1.4036691204173533,-8.146381441987016,3.4571106642250773,0.6666907823740642,144.44475230322612,0.2667904270769368,0.00021314143173674274
33269,-3.429464870828247,-5.4938916220743295,1.7435685109866588,1.6019765814893185,468.73802210940994,0.3952068198510448,0.00021314504390967685
33270,-3.587551046799619,-5.299669293897833,1.811606297722869,2.462911802494017,433.7563382254969,0.4951995612545117,0.00021315516389298398
33271,-1.986943681974271,-11.486353468556597,3.6158146777636744,0.7449387874656846,214.457258918238,0.6315563810636204,0.0002131593564804825
33272,-9.000108306737804,-7.31857457383442,5.121165913742168,0.9518342337945381,218.8432781084831,0.33564663445726683,0.00021316184801546155
33273,-1.620583164373425,-10.940380050720266,3.7380584649968798,1.54975476413121,361.47685908386484,0.3262379163962521,0.00021317118975329436
33274,-0.5337566278295842,-7.748127585609469,2.8965766905277848,1.3059997973351751,313.358225662202,0.34864726528794243,0.00021317425950935422
33275,-3.753073289660371,-5.426192782250491,3.6272769692481863,2.2698671834072286,426.53897223150517,0.9390394203865045,0.0002131773891024811
33276,-3.3044824236471193,-5.400554253222585,1.785179458217806,1.1666799466740416,257.21484491635925,0.19542976008747548,0.00021318112583363185
33277,-1.6824295891166958,-10.053991174546065,3.791855001592777,0.776459307977064,171.27876008160356,0.014084824458636014,0.00021319356541880626
33278,-4.35448125254108,-6.438366952166019,0.4157661624667602,1.6673444774172337,429.71128783921165,0.5085284632479583,0.00021320494228996382
33279,-0.48130059166411243,-10.92741552907,3.6843660436077137,1.9775517689930395,387.62170785815186,0.32070342252894957,0.00021321298817303068
33280,-2.9180145529875503,-6.2242238449746345,4.150444498995572,1.2790615321559844,311.2280862895755,1.6126461748948824,0.0002132388132846098
33281,-0.6018109543393564,-12.950487405293007,0.33795303769381435,1.2288931565320476,310.32700115672185,1.6662525946659832,0.00021325064895292835
33282,-1.4636743196192032,-9.424666480913425,3.8630191713282973,0.5331096122460331,138.05062355346868,1.078520262019782,0.00021328082621844632
33283,-3.0282228193339735,-7.022431863054873,0.2889168413933046,0.9002521064529977,241.67976474200822,0.7287945231212278,0.00021328695691299847
33284,-0.5210252645099906,-11.942469851824274,0.3388892456086019,1.1143623389876618,468.33253917177814,0.5106143246637442,0.00021328884974445875
33285,-0.6623500475959112,-9.279747857188262,3.896154251617025,0.9140795930809862,246.65660380943314,0.4679264116923587,0.00021329004237593475
33286,-9.532003923588888,-5.149248008781784,1.3883769175774754,1.8644154406548372,446.7535618542845,0.45996494007798105,0.000213305743791503
33287,-0.2500060060709721,-12.67004018571696,0.3133889215978832,0.722874888786024,163.11795840733294,0.4072409943070161,0.00021336353570653753
33288,-1.3034187741971586,-9.555790435851684,3.888357147515766,1.852249060262802,468.0978813209769,0.7296399265514646,0.0002133916857008938
33289,-4.758801259712614,-5.777740557973295,0.7086521053262064,1.0772624178934171,468.0526064506623,0.8588879045717324,0.00021341298189472474
33290,-0.36427065044840745,-8.271454890939275,1.237002504895441,1.5671643863523488,361.46024238276476,0.41543876972617877,0.0002134146151026704
33291,-1.1168386234670127,-7.811126689444241,2.9209031632576257,1.061698145588075,467.4228871017332,0.34027167187574303,0.0002134217523446992
33292,-6.697833840442707,-12.637502989726672,4.390451631229894,1.0417939267986343,467.389395398841,0.5488086616498942,0.0002134269964830795
33293,-2.065111642782668,-8.628452462509735,3.7515579107887653,1.0914638747638723,291.2918881901946,0.9502498080589818,0.00021343537954340183
33294,-0.7610534659057695,-7.627199442630579,2.3259483333834847,1.5634376096360925,368.53093686506406,0.5085252217324374,0.00021345503874995136
33295,-1.0680752054126756,-11.846838710488502,3.574002687823613,2.666216755416446,472.61342969477056,2.114269885052045,0.00021353425520534186
33296,-0.035177660646832365,-7.845760728393403,3.0331082520833865,1.6339775380475705,384.13825608882564,0.2638727016325193,0.0002135396991750382
33297,-0.409762270282215,-9.24638754771321,3.8637261474207536,1.025301233926256,237.75976661039195,0.44086365073336964,0.0002135523100533025
33298,-0.356400832044919,-8.977718202257769,0.761002496261657,1.0901062462940296,296.14436183060366,0.09168104460897286,0.00021357826807697533
33299,-1.682785630043801,-8.919658784635484,0.8370541027767439,1.5701544056282095,247.44515008599726,0.41992261184598867,0.0002135955424412727
33300,-0.7407552063685792,-11.20079863551233,3.6558333648750967,0.8871561920248378,253.51237863234545,1.4921657287511723,0.00021361161823251916
33301,-1.9139566328942053,-8.091618026494519,3.4139796076467865,0.7622786076315401,153.25315039556878,0.9670868869569302,0.0002136236294012535
33302,-0.3454094709604494,-9.051199229183556,3.8511093145865454,1.8422368791221093,441.268361215093,0.24822247706722145,0.00021362624593747123
33303,-1.77674832039391,-11.472462287127783,3.614666339938034,1.7674031069760217,419.1397564388384,0.30412685079741664,0.00021365023424252033
33304,-1.370830201107493,-9.319142236828315,3.86328088050894,0.5893442446569698,178.62465085621352,1.234061180133807,0.0002136740245909437
33305,-1.527786472848332,-10.806488738924628,0.3782851084927372,1.3736538410578056,311.36202536778393,0.9467489934086624,0.00021370836697986176
33306,-5.384801880947855,-5.5150495975232126,0.3471248231350134,1.0799700264599212,281.11549960204087,1.0312605574370393,0.00021373053093827395
33307,-2.0779666906910723,-7.677638775004835,2.3696643909460673,1.746571656244936,468.3197263243957,0.26072307843918185,0.00021373104158729087
33308,-2.2715852858727335,-8.007703110262874,3.494549182087981,0.8787632364352865,147.20761895291963,0.11256191837967311,0.000213735301442246
33309,-1.7418798038248031,-9.581555210379058,3.8494647894032883,1.8491572870411168,467.71003516205957,0.48961513075234464,0.00021375925065641275
33310,-0.8220273066837009,-9.119805580747887,0.735133518453067,4.231294618549627,581.1590165780892,0.7662862081891673,0.00021375995230136374
33311,-2.335982338233457,-9.313331357364612,4.2924679633218,0.8047521772589091,234.66521944985496,0.48955236851670936,0.00021376444912623468
33312,-1.919503669379985,-7.6507768314624975,2.3422905815442996,0.8123661762401122,466.9684422547478,0.09600066094984339,0.00021377653281191587
33313,-3.0401929077123953,-12.266088557614687,4.794323203773545,1.190145015594009,304.6092169870447,1.5047025754056138,0.00021378620654250962
33314,-3.647422289424079,-5.773962820987379,4.467356691766494,1.0501660420680836,467.4523110113735,0.3522313797771739,0.00021380222543307458
33315,-7.323789341018918,-10.84190429045545,4.174753629069885,1.0400700954986606,282.3719113231458,1.4723344022893228,0.00021382352992336805
33316,-1.8548037889122,-11.832283133579446,3.5726953620783237,0.9085811560658644,468.29128684402326,0.1795854465841229,0.00021384197613463383
33317,-1.8339130470253249,-7.729038446317292,2.86893825284868,1.101846385953167,468.46719916278096,0.5421263217861574,0.00021386279849872606
33318,-1.9097737392884326,-9.380539302445644,3.8877037521821105,0.6782140515170717,140.62281796197547,0.3469762503333085,0.00021386469778049836
33319,-8.2449288007135,-9.842644947335035,2.722183518209504,2.641284383253183,468.92562275300486,1.662511957701751,0.00021387052230391698
33320,-0.7148104627304477,-7.891549892054339,3.135878338203729,3.2963340836755806,522.8607317131585,1.5360814512967798,0.00021387214501405273
33321,-9.154416309677822,-8.057935764505173,3.5592166171790485,1.0059050707970403,468.5712118196316,0.426218185520014,0.00021389671037232538
33322,-3.6726093488599307,-5.69829388320715,1.2539459082551268,1.0175162697290956,277.7330662705421,1.886639156275372,0.00021390737429293546
33323,-1.2183375738849413,-9.800234271534741,3.8240171319161735,2.849651257363458,469.0147307539899,0.5221641572593176,0.00021392312533213587
33324,-1.5439276158616906,-10.641461591688454,3.711763930046817,1.5500830481171601,359.2028164752553,0.12954730682808613,0.00021392673450318361
33325,-0.10416445125768625,-9.946477920059273,0.43070723281390594,1.692089093285207,368.4360483013787,1.4179060973880722,0.00021394053020295993
33326,-3.1777111503587863,-10.424046699689479,5.116787500346139,4.470387307075263,593.2833508923043,0.6407524714552402,0.00021395221357646774
33327,-7.217074947143907,-12.840120453392865,3.955396237281447,0.9306814714874602,178.8397971945298,0.11419602209448243,0.0002139558306327538
33328,-1.9245533015022342,-9.279876867203637,3.8613147650751882,2.0720985709332376,413.8535611611657,2.1732004857587377,0.00021398709434190157
33329,-0.5798113111419632,-10.94762282522377,3.6752359371042727,1.4489614118509946,468.24167430127847,0.4022279290004205,0.00021400829243585335
33330,-7.498428475121847,-10.627969413321988,4.015834033177861,1.1802397970354845,304.25792214887025,0.6240640198142549,0.00021402133648415708
33331,-2.224880424879082,-10.250647048796528,3.7528518363628387,0.9799401045823377,150.30960380932422,0.27987129094250474,0.00021404924937425409
33332,-0.831043166942182,-7.721915816993198,2.8603003319791096,1.0613070260339383,469.59547694810885,0.2370247575176201,0.00021404986417563243
33333,-4.819655855654437,-6.493783955846083,0.21176321577522741,1.0654347281354646,169.23974829537397,0.1754912039093961,0.0002140543411638775
33334,-3.6219936639896506,-11.945284547493868,4.589183065083535,0.8772404364187109,223.27864926354334,1.1091993277829717,0.00021405443455046054
33335,-1.109504954393655,-7.636673070407242,2.538383949950386,0.840640093853811,197.44089302570939,0.6031959059810941,0.00021406004645349596
33336,-0.9865948113634158,-8.202921097128419,3.507860325172182,1.2380480714600042,300.4000541887264,0.5612309966569224,0.0002140834948498611
33337,-2.155983470526376,-12.185695873473696,3.5475833775521095,1.7700161319966334,420.45384034322916,0.21595782417968667,0.00021412210319685869
33338,-0.8961946470517361,-9.814533693350278,0.4929399211177269,1.4215342860571352,468.07226064359264,0.7151531966775169,0.0002141363668521979
33339,-4.343125114360244,-5.8495085640543945,0.9226578951678029,1.301243792152191,305.88769239525294,0.34352715956908764,0.0002141365895920379
33340,-1.4938091035882763,-11.32764237293998,0.32648725234425396,1.748462089191754,414.0449206357363,0.40321694965258814,0.00021415941726600577
33341,-6.808891154495186,-11.89988035191938,4.401572990282813,1.0721039866465407,231.76711089626338,0.10625408331773212,0.000214162406101956
33342,-2.8590770223849873,-6.283805762132294,3.868612194913787,4.992147876094547,623.1790396463069,0.67671792418074,0.0002141626007433463
33343,-1.3922285576748177,-7.651758925467541,2.5589991826753926,1.1012015203629792,288.0547273805802,1.2692648115325786,0.00021417285382079471
33344,-5.056356531173548,-12.537442620936464,4.556364367490317,1.3377588954947435,467.8306016456669,0.05828281512628308,0.00021417889128862874
33345,-3.328213920676947,-5.450157506069333,3.7461735187441825,1.1738197858514035,466.9609729867447,0.2729129262423484,0.0002141920494364622
33346,-1.3811306988915266,-8.406279514556045,1.1707932665528236,2.2896393538344464,431.36345857903984,0.31937619553117,0.00021420388681101944
33347,-0.4164690825325543,-8.732971718594445,0.8795559175408942,0.8953065968727164,468.46998944492293,0.9372246759968794,0.0002142048689298037
33348,-1.7176587576125684,-7.691605113874785,2.7557906367395053,1.3150851316922434,322.3712959800424,1.4362925771315451,0.00021421348935308157
33349,-2.5588936308879404,-6.797452606378781,2.8702288451015248,1.9131769984359084,374.96057530178655,0.5288580562404404,0.00021421579633282777
33350,-9.410434194399034,-6.992355323211596,1.2998530593434732,0.8534836948859345,203.1259673778724,0.7300944083031284,0.00021421940331410773
33351,-4.226100937062606,-5.5283596886264075,1.2192728301013795,1.725875574844863,435.7288034635122,0.8316103474882786,0.00021422718783329047
33352,-3.876410039320385,-5.991397608249804,4.9708296653823485,1.4062647348979775,332.6804727241163,0.26199725553966946,0.0002142285272375978
33353,-0.4347624466769666,-9.892956725749535,3.809261765566358,1.8515173347219893,468.33909203744724,0.7703433846140122,0.0002142287119358577
33354,-6.2534784638650684,-11.469482542110221,4.679328438323327,3.6742240651287794,527.2075036481298,0.2858850308551384,0.0002142452040970478
33355,-4.5730945115979065,-6.35550643339918,0.4387764559811099,1.4219718834753234,331.6272486201244,0.05426970286249233,0.00021424547881626607
33356,-2.2736660069329098,-8.004026500490777,3.3000494587602165,1.111886149491469,222.12663052647673,0.31172129062496,0.00021425245914697593
33357,-3.2749387621675385,-5.764965063739908,1.3153874940931847,0.9826764659714188,446.7562010705356,0.3286671749179968,0.00021425532026868595
33358,-0.9896044543531239,-10.516120915285779,3.720131468431728,0.8585980254503336,178.1613696846035,0.26738580158775616,0.0002142606264664863
33359,-0.4000425519436668,-9.801760860314516,3.821464328686745,1.0516964339361883,282.46616156176447,1.588021573485844,0.00021427582381247954
33360,-5.247016813835138,-6.1333907760680395,0.15826904420599333,0.5296348936095965,162.5938799768943,1.013206529800752,0.0002142848181251265
33361,-1.4090067802756483,-9.68510677492409,3.835581270940387,0.6359185752394546,179.0678983952906,0.49834749884064156,0.00021429408334916727
33362,-1.7592387570457202,-7.933012205626805,1.9294713235678775,0.9675415903122947,200.76139559100224,0.7070845878392849,0.00021430767703332722
33363,-0.504127407312474,-9.388579360579197,0.6202508256730216,1.863923425673352,468.560688906072,0.6428438612821337,0.0002143221138234835
33364,-1.2556307113736018,-7.948849538012851,1.9448896307173058,1.0793032858595095,282.9065335487421,1.630975812857602,0.00021438517597347065
33365,-1.4442109354536274,-11.99992249100799,0.3209059421037643,0.8668549200107643,197.44151509523627,0.9871909243862156,0.00021439782533863764
33366,-1.3867028057110016,-8.201902996963966,1.4384756666655112,1.6562935199432232,452.52356247709446,0.2626166127064469,0.0002144042463331604
33367,-1.3535365507027919,-7.623549047938446,2.4022530698949223,1.0905042087842578,171.98513396868083,0.19742075748453747,0.0002144124579728802
33368,-0.010315516754658915,-7.735777162304998,2.7130818756880957,0.9049562413134173,257.0248535393758,1.3108828406521829,0.00021441457212806466
33369,-0.7687015453772723,-12.729182928913213,0.324654075442056,1.8950826808862664,469.0795331410204,0.1838810748071067,0.00021446367124173705
33370,-2.4833749598103596,-7.7464790189682,4.242567730937261,1.767189086201549,435.9184454991953,0.7767586758477085,0.00021447305384520124
33371,-1.1905718469875097,-8.954787450736795,0.7487469059708931,0.9777305642212417,259.90511151508275,0.445506351942039,0.00021448109202180097
33372,-1.588803614357582,-9.014247016808099,3.8407739217989074,1.1298544392505698,292.70008804721823,1.2872721222072654,0.00021449942100163863
33373,-7.5631030841251485,-10.928502750505992,3.779034658947866,0.7590481330865486,228.0982626410823,1.3143069662542954,0.0002145442787636957
33374,-5.219927298404155,-10.815938928144643,4.891453679310427,1.8174186272479171,434.1043966185377,0.1106680005764753,0.0002145484256853497
33375,-1.8185782051576638,-10.164661882934748,3.763740498038194,0.9930344111234269,426.10755980597526,0.2471840855779286,0.000214548670005656
33376,-4.185506759647717,-5.198918243362647,3.4473732906303987,1.121559105375318,287.13779586554915,1.3057910441615421,0.00021456625305897999
33377,-0.5131350620514947,-11.143201036028188,0.36636548008569714,1.6666213019731146,389.48697545302446,0.35194231559098554,0.00021459194193774387
33378,-7.432000282345797,-12.925830504627458,3.6558879069097623,0.8972055899954444,249.99685762448792,1.3925484833865251,0.00021460252110708957
33379,-4.4759456716314725,-6.262229295004764,0.47152939760636725,1.1187704979898951,467.28827082987334,0.5412088891084474,0.0002146067904900403
33380,-7.713199480933412,-12.6592282510869,3.1063592617781466,1.01009356082162,256.4351315778962,1.2128647471878038,0.000214609734745592
33381,-4.523170935624736,-6.651269599444098,0.22539836337628025,2.907999836180072,477.53234564508836,0.5728836098423056,0.00021462225795253935
33382,-0.7086401653041978,-8.127402138442704,1.5352856941823505,0.9062832294089986,223.42591209936145,0.09273341452227157,0.00021463870202979366
33383,-3.3301704372030176,-5.510278332830582,3.8222611375968207,0.9843611970432294,467.96958370702544,0.34173783972053684,0.00021463903835953265
33384,-3.1432751477668965,-6.0540543840086,0.8782190877913627,0.8736742294718897,467.73285468316027,0.4349423858092445,0.00021465881968218202
33385,-0.6354904106262271,-12.087907173681455,3.5423433037372396,0.4736304309734738,122.98683454494487,0.6587131280438632,0.0002146655838268481
33386,-1.7774195015425995,-7.640630105711705,2.29314641225764,0.8844213263860838,252.78382532381139,1.2058451909365262,0.0002146768681206763
33387,-2.0108557511358125,-10.58793097832994,0.36355244236881495,1.1172484419285513,281.86144942945344,0.5451869917133294,0.00021468851370056577
33388,-3.7356347887343224,-12.046079256119159,4.574601181016982,1.7920232955214024,377.88640155093026,1.486307986083876,0.00021469389999796164
33389,-4.247708846225921,-5.0165186123227326,2.9255522949160113,1.8101565945762152,430.99337281888927,0.3923952179688319,0.0002147099904662347
33390,-4.149979142399459,-5.929855463986982,0.8579269248480944,1.3639419661209307,297.2247969705014,0.9118703382623199,0.00021471357416661855
33391,-1.2275242813528529,-12.97490786665905,0.3403254862924899,1.280373878331336,287.2175605426863,0.2538659901243898,0.00021471926976600317
33392,-1.7688346096584375,-8.382777661637782,3.615398977708793,1.6557923880155712,389.5718075576011,0.702653263531408,0.00021473200234090772
33393,-1.845972253124037,-12.996505482264453,3.40815089968731,0.596876053688023,152.26772339543535,0.5198431011169742,0.00021473833435986503
33394,-0.4254953541638109,-7.747982531596948,2.7225980198442343,1.2795822592167478,316.7195883618294,0.3242326174109049,0.000214738860275579
33395,-0.9416685642747815,-9.025111149842248,3.8404520080436892,0.9015938505527743,469.2381442735386,0.08258930577850965,0.0002147498954080431
33396,-3.088510765935231,-5.680190914128687,1.395656963737455,1.9022690166504077,467.98553127991323,0.4125355819202845,0.00021476618172142818
33397,-2.0714659207334565,-11.618928119031443,3.586152676016062,1.4415708513067942,325.1314173136787,0.5059819333762219,0.00021477303322865935
33398,-0.8001556346783438,-11.088097129805702,0.3682495385715193,0.9073132314930327,468.82015427644853,0.13801914065831689,0.0002147854043603134
33399,-0.766715423408769,-9.851066978547411,3.811423552245202,1.1066644509329475,468.43339392419074,0.6582009074214641,0.00021478560752787276
33400,-0.004511975531791279,-7.679113269516796,2.3631962915525433,1.0487246751872,284.7079234738363,1.167583811938269,0.00021479818849631495
33401,-0.7202640912770804,-12.890018025216095,0.35355602926201507,0.9872212745226108,468.175659898036,0.31514201184883284,0.0002148057247161656
33402,-0.22100103142220284,-12.69430673633901,0.32269734470946326,1.5160964457832327,336.4988295632193,0.20579304530212106,0.00021482815345015902
33403,-4.521027173630966,-5.27378567368056,1.5313425506615268,1.318419726490747,294.1145007547076,0.6915499782137511,0.0002148510243939775
33404,-3.5953510506849558,-5.212606981429492,3.2154389635369878,1.7299418398202537,468.82106532657815,0.8898082364418398,0.00021487612658482446
33405,-2.110728396195107,-12.516292773471633,3.5088253118964605,1.8030545120439319,468.2782934683128,0.6576151707511118,0.0002148907761204936
33406,-4.116634578860242,-6.045426030460337,5.129864884316031,1.8387473637341623,470.1647346165947,0.12182660649645527,0.0002149087885131616
33407,-2.4049379248666556,-8.686564258333242,4.557738806874083,0.8426502298274041,211.66706006657202,0.9611688857210412,0.00021491463856937289
33408,-0.4748795013898679,-10.075146373295292,3.775516983887525,1.0550101669331717,214.6847771046085,0.013318484290651966,0.00021498889504867222
33409,-1.9292723652419177,-11.793364652031697,3.6499573072579508,1.0827352987478136,287.282976487034,0.9443697207779307,0.00021501071981775473
33410,-1.224647408989581,-7.89894360777887,2.050177392317605,1.3883488227491205,311.456907370947,0.3702944770712433,0.00021501318209220528
33411,-1.708814806355356,-10.085231445513665,3.773684560038622,1.701818591958008,399.7013544191709,0.20467257045254872,0.00021501813843046304
33412,-4.163548824404014,-5.281401056789838,3.6117283265468756,2.263480495051624,419.44427381084824,0.5340854743050523,0.00021502505060711662
33413,-5.090317744838705,-11.116478418483402,4.786205709104083,0.737316671207715,199.56734616331465,0.9734595848468386,0.0002150407598619097
33414,-3.2619272020396046,-5.595520185125462,1.2961440015438939,1.7694621096129843,468.70617622168925,0.1524683814167469,0.00021507841215357164
33415,-9.10928908033743,-7.815722290035962,4.190171421623819,0.9970234904879812,257.09205043883145,0.45782208511995837,0.00021507945189483242
33416,-1.8618301809912943,-7.990816098490808,1.7626039569129441,1.8155485712631851,431.9384846810833,0.22898673702602945,0.00021509330549951774
33417,-0.6348127374512345,-9.28247445583043,3.853867600141187,0.9979409153697286,467.3435061701909,0.61622578888836,0.00021511362485982907
33418,-1.9035475811912512,-9.12382679243542,0.6995068388994264,2.553321510603788,442.0755229625837,0.4328581625626189,0.00021511441843931133
33419,-6.564328369960936,-10.753291872638457,4.80669703678678,1.324211231885349,234.15851774713238,0.04756590923746096,0.00021512712411515139
33420,-0.7185365573164049,-11.046047097805827,3.662987243390543,1.1154213205857433,187.669240269835,0.13771348511044046,0.00021513984563952248
33421,-0.45343347772641884,-7.967524155424725,1.7792002540866685,1.0661361534262863,278.022626050747,1.574646649848824,0.00021518970776782567
33422,-0.9061563464926721,-9.652533931280908,3.8781143056494014,1.661018242290875,391.21591688953924,0.6621289712919918,0.00021519116117848944
33423,-0.44366956766561394,-12.508460797692333,0.3594612637936971,0.966934795371193,253.85704261408569,0.840965705553236,0.0002151923050704454
33424,-0.3657370402376241,-8.045440109219218,3.332590508103726,1.876924981164715,450.67790659129787,0.576484604617785,0.00021521288200551108
33425,-0.9532666700882757,-7.677755118549909,2.6728151934218904,1.0502402029863274,469.3723922347805,0.044862356383287505,0.0002152191063071516
33426,-0.7043468219210443,-7.751273827989435,2.7177771742833765,0.7178479488868794,130.97536108547212,0.11004043747867787,0.00021522804564475992
33427,-2.165248005872426,-11.077910980203063,3.6575038697010074,1.7676477941306377,421.33997448987503,0.7083898630604137,0.00021524456752468075
33428,-8.493218178551324,-9.420631946499283,0.7640470299254235,0.4649904239201481,116.04579814552446,0.11158202514001037,0.00021527153431362514
33429,-0.12190338026946712,-12.136312021976009,3.5319721517902742,1.856791884064495,444.0102861051025,0.5967242219620568,0.0002152849505213057
33430,-2.298966903148302,-11.375956619784063,4.018115564333999,1.8581111658430565,468.0053313049121,0.3704634860487577,0.00021529989316581915
33431,-4.170136162859114,-5.040361380974979,2.981853342312556,0.5205716854179088,143.46349747954636,1.2408734239750396,0.00021532407826946784
33432,-7.301876150954204,-10.489587966345733,4.352623224790757,0.6159421758598144,192.39468833341405,0.8382750887972277,0.0002153397696824673
33433,-1.036952939112064,-7.748994707251497,2.7144442780863627,1.2631929162197106,313.3913256779796,0.44719269275087914,0.00021534181857895107
33434,-9.414164696791921,-5.784270034667461,5.066555492372293,1.211299969886963,468.72065530745874,0.24750920641408225,0.00021534381643899164
33435,-1.5007124614515117,-11.346197940049615,0.3317029890329889,0.9585502110128248,469.34672314649333,0.0979502364450271,0.00021537920293693258
33436,-5.522288524915173,-5.359141205695271,0.2203758742493881,1.3987509749819302,467.9242439447667,0.48670426841806336,0.00021542800168614356
33437,-8.389837637079486,-8.670582044805062,4.230088503084385,0.9406230203650362,198.62580592932088,0.6914429424459447,0.0002154329234789173
33438,-1.2367939522502347,-12.404344443634326,3.479073474307843,0.8473598417641405,468.8253011629594,0.2039985197599128,0.00021544636629085222
33439,-1.259628425338411,-8.00495328999293,1.8434979900150932,3.3689367348793624,525.5558687664904,1.0735160616146828,0.00021546099759554702
33440,-6.704714652073454,-12.127653950333297,4.4291044717421535,1.0594392238998187,140.72728297537944,0.27279235237341304,0.00021548246198837415
33441,-5.300807429659465,-5.087508601551942,4.65692915986832,1.066247510712994,324.32492181569955,0.5710437375386732,0.00021548312069712163
33442,-2.4122535452326357,-7.702251478192862,3.6169243798513735,1.0599345923311554,225.48755504314218,0.18836731010927732,0.0002155942939995773
33443,-4.058446094748675,-5.476987295758086,3.951774858166619,1.1572921315621532,350.68437009110704,0.9145193982396496,0.00021559763286284694
33444,-1.3969445191981666,-9.871172313068627,3.8030734463094533,0.8977516701298471,254.61772499792679,1.5548945825593243,0.00021561140569828567
33445,-3.2534708854114944,-5.808325828490916,1.334576781600154,1.4829880576552728,314.97246788849554,0.6091006123909599,0.00021562250379969638
33446,-1.6164263378516104,-10.619954204567984,3.71153286279154,1.8817449663425105,244.59532640490136,0.09819661758247289,0.00021564526937421194
33447,-5.172198529634278,-5.344285723563184,0.6409762914906472,1.3280403034605623,286.7004096173922,0.14654798080990172,0.0002156713625776702
33448,-3.0654766183614477,-5.548136467632127,3.1178013823623534,1.1102944375604509,468.34455815249174,0.5152354631323943,0.00021569529913997875
33449,-0.4817688354690759,-11.546717308058792,0.3860271682540018,1.2312960647783475,311.97157707659113,0.5356116441683882,0.0002157186582344473
33450,-1.7404751584263973,-7.9876900846986505,1.7900096099245772,0.8018192240839467,162.51537244369746,0.0834220006764097,0.00021573732730823528
33451,-0.7957571197542599,-9.3907128274584,3.8481476947918343,0.9307546363802038,452.9939184603201,0.22265541248545784,0.00021574838321789774
33452,-3.3207520676543805,-5.937297726561033,1.0320420418142329,1.8478062069542311,443.54942747744013,0.2154892686360359,0.00021576384978050608
33453,-5.360573388131976,-5.286080602148909,0.38481216747351876,1.5678544726752068,366.67144218772296,0.432332027238453,0.00021576418969566073
33454,-7.980146238633825,-11.353181973932644,1.43823827081419,0.89221326904727,179.408325534152,1.1200742504439685,0.00021577044826274949
33455,-2.451989465903929,-7.051476356422725,2.3041339919100463,1.9786598079044766,403.0340951723656,2.1110259350601988,0.00021578456407968507
33456,-1.2209826909694446,-12.843218376524327,3.404416472042625,1.6814358642866651,409.7480399275125,0.4038612526531429,0.0002158079341393773
33457,-0.6128617526749274,-11.734763306338527,3.5642306768633145,2.331906686621787,409.78008101640074,0.37245607862286345,0.0002158110660093621
33458,-1.4318098545213331,-12.30430716232489,0.3121054385401229,1.895631909527569,456.64586372276483,0.6450695605932131,0.0002158121495477818
33459,-8.003866935415001,-9.243821388455023,4.225619907665562,0.8878735041674257,467.7784790536097,0.5751782668903118,0.00021584287170649027
33460,-3.0879308687200098,-10.607590084934024,5.130953272747637,1.7392457534899308,365.59675904840344,1.0407928720704094,0.00021584711150274445
33461,-1.4003505194651709,-7.975962449440767,1.7601065987096238,2.350642165873893,432.4964066264071,0.8869827712661396,0.00021585204602507854
33462,-9.787778583984775,-6.378525639678697,4.444815943393062,2.239409357786221,415.8339287022986,0.6455135494567301,0.00021586510473981232
33463,-1.5878009863151323,-9.755900326910002,3.816633506100558,1.493021274505289,341.8833549638491,1.700702858125621,0.00021588002435376865
33464,-5.127033810723621,-5.646718365806025,0.5052544219926053,1.4338029526373155,467.87074945185367,0.5842576979242953,0.00021588902348289248
33465,-3.1693521416732793,-5.482498542043294,1.723959528147971,2.216729332111117,420.79918447687453,0.9888472092871776,0.00021593132802144428
33466,-7.770273241619643,-11.836117363133146,3.068464655607815,1.9182469793047565,469.1872106034125,0.6323120209167072,0.00021598193173398713
33467,-1.934899545433126,-8.25546218967975,1.0912652457870027,0.7942947026330357,469.61758991594337,0.1661199836042817,0.00021598380171684287
33468,-1.1795183021477627,-12.887507570765841,3.400578607492583,1.2672301531349721,470.05557236026266,0.0062125035419038355,0.00021599590292724065
33469,-0.14156077484517482,-11.617087583211005,0.3660529601193946,0.9450538962879867,189.22902604364748,0.7089823611367816,0.00021600326269018797
33470,-2.0453388105620194,-12.327727562787265,3.4796123214078842,1.5095971112405384,346.8350155697935,0.007996866666270641,0.00021600865280352154
33471,-2.3314227694157292,-8.229559611675157,3.7087721418424353,0.7192850943582646,468.3304852952357,0.3228224869985157,0.0002160288753439677
33472,-4.282860051784539,-5.060612176439796,3.1564065448326946,1.8844505325197478,468.03582992950777,0.5178824051653885,0.00021603859611591032
33473,-9.942720484129605,-6.9002639621212785,2.0296434493736233,1.8969830758008412,468.87258141963093,0.6050839247887465,0.0002160650330790697
33474,-1.3409903951267648,-9.227139407721728,0.6436337256956982,1.8680487959306418,469.30184662259364,0.1034908584881622,0.000216081735441222
33475,-1.757765153129311,-7.852748633783822,2.947809012721897,1.2363128127908605,262.47653489063515,0.06168796070217741,0.00021609256976103005
33476,-0.9762134395908326,-11.777767750004609,0.3631664346782954,1.8571832830345156,445.02190804790666,0.29520075315104766,0.00021610377577127137
33477,-1.0581157517929238,-12.304584968672913,3.4794508895678247,1.1669139539823867,297.3446726303869,0.5176689131586656,0.0002161250438386199
33478,-1.1539040088347914,-12.577263316682481,3.4688608829441825,1.6996185654936096,400.25806943334095,0.4183063698224787,0.0002161529523029716
33479,-4.5470681025913695,-5.4667473891484235,1.3436394554170805,1.169905348279692,297.5277975494502,0.2772266200801825,0.00021615608598424054
33480,-1.5072882099201053,-11.53204366542653,0.32898261129533074,0.6722231724174763,413.69582911168396,0.430929149270451,0.0002161617699425137
33481,-1.3610033619180868,-7.870882266899969,2.9769774083508658,1.1357265859139356,293.35547085418585,1.0413131876821895,0.0002161684153159936
33482,-0.006503840700842645,-11.181928665680582,0.3705153920165166,0.812443719463044,469.24570427343934,0.016632193645405913,0.00021617868934483678
33483,-6.987051831832455,-11.157112010749248,4.420188035774032,1.7971822998934597,427.58865965442766,0.14287866501700197,0.00021620594884064258
33484,-4.090154107563118,-5.263866191573402,1.9651503911112476,0.7298117741678309,442.694348023547,0.28229119601838537,0.00021620625329124156
33485,-0.3095325512481466,-7.950027330424957,1.8848404906701917,1.4252132507475155,314.0817204513192,0.0940990702414739,0.0002162343782605092
33486,-1.921952941212819,-10.954509685175276,0.3566942663227493,0.8751747692913442,181.3907288864624,0.07771296350571877,0.0002162346918120259
33487,-9.571150361051027,-6.586846949670917,1.5095082541970049,0.9676763208113792,268.7485086495653,0.2811216311998139,0.00021624586332873573
33488,-3.2148578095562232,-5.9324700791381595,0.9791724919797822,1.6753848964676392,468.12241909452,0.7633098436134036,0.00021624930638371873
33489,-3.189406324438763,-5.832078331486248,1.1149920992324667,0.9814658184583896,218.16358849728286,0.9846763629866357,0.000216292192130001
33490,-0.6503209301831454,-8.516739786664587,3.645720369937599,1.543507656266934,424.00346203462817,0.6740956948147234,0.00021630767550542154
33491,-2.034997002728396,-7.921417682705136,2.043249749334883,1.8748745744387119,468.0499476048631,0.2857470978627452,0.00021633074092995564
33492,-1.9966112426497933,-9.091988351357077,3.836801229465144,7.779005272946455,564.369425050138,0.03760193262166123,0.00021636327733870573
33493,-0.6688437800953899,-9.84294115906578,0.4770405681860155,1.5850659637087632,365.2512469430363,0.0867034825836539,0.0002163667548983294
33494,-2.545728740390471,-6.909627978563205,3.2768242466859556,3.12595444193244,480.0126849801865,0.18677408777854776,0.00021639073240688187
33495,-8.39699703761209,-8.711617521501658,4.14180021475632,1.8862808307271475,204.77807925340565,0.18726691659498318,0.00021641355817205606
33496,-6.622041610943345,-10.551562333026425,4.867609033911962,0.846872349298292,192.7999052243789,0.5004088167568259,0.00021641420643611175
33497,-0.2685315845784313,-11.494260416746993,3.5863227562065765,2.252258924495943,432.27176138185973,2.006386160580541,0.0002164164994893664
33498,-0.15345178770000167,-10.915399165363906,3.6344469173830354,0.8641898816605388,467.90414198495023,0.6609488981261231,0.00021641705410837064
33499,-0.3861431900497845,-8.6007080352873,1.0540839394235926,1.954850479275478,392.2117084432465,1.0778434852147383,0.00021642450395961
33500,-2.9853454953101295,-5.714530855173238,3.192809037280959,0.8700237555903895,225.4284032566337,0.6571836478711832,0.00021644029609466998
33501,-2.6164039958863228,-7.423604740960186,4.743223082682606,1.0495165358641896,214.9685931399707,0.13690067795741712,0.00021644794222756735
33502,-4.909544177605152,-10.322691590845634,5.1073402332989595,1.6580575548467076,389.78086577124384,0.5170996741654568,0.00021645552204994968
33503,-0.7433344489748368,-7.6918483129699515,2.674685213120979,1.0671389283426824,279.05867270629824,0.6398378616176705,0.00021645622507738565
33504,-1.0646963783126058,-9.15687209836172,3.8893858287720517,1.9170560189042796,395.7784305419459,1.8321393210527255,0.00021647593409770694
33505,-0.8073392470998755,-8.48518990262094,3.674330566790743,1.0955766016639508,467.80016184775786,0.9141111982627166,0.00021647732788481852
33506,-8.180834382095322,-10.406411434806792,1.9769857302198146,2.823557113614943,484.38402596071535,1.532374260487452,0.00021649287417968278
33507,-1.4373552987618563,-9.495420030978586,0.5744562183124129,1.4129717519032365,468.7466107292923,0.4930694472620276,0.00021651026063451663
33508,-4.071859936993727,-5.383402212982755,3.7811875793678285,1.5688742996918534,355.19026163358603,0.7667982513556124,0.00021651220995348635
33509,-8.604688458609598,-9.214039497390317,1.9286309294103072,1.0856026004471355,283.8959274837022,1.5180333285338472,0.00021651445267697474
33510,-4.5149375712877,-5.756100086314603,4.659975419236685,1.1310355478814729,386.3846347118804,0.24336014191759414,0.00021651568434297887
33511,-3.7189699322401006,-5.635368633941259,1.202638690414482,0.9321453678360263,246.16685949722182,1.2209378947422707,0.00021652065876004092
33512,-8.840518486001816,-7.783287862393971,4.780646772932387,1.168074870903981,467.1877583153599,0.4333162918797546,0.00021653315727896858
33513,-1.032869750556232,-10.000706244200366,3.776805223911253,1.044152449663224,282.36748368972974,0.5461676717550787,0.0002165479503154934
33514,-4.6177173180921605,-5.1910763181352175,1.5421338009808947,0.904976875089395,234.71177207443694,0.7822229867312069,0.00021656015890189102
33515,-1.7557688553885402,-8.321746878411602,1.2087362028297708,4.164194037972578,579.1843892176961,0.9512284706791254,0.00021656088162946667
33516,-1.284424501316952,-7.956068103449172,1.8785801415523102,4.852850461096275,614.1949657560093,0.5938552767621887,0.00021656501427627398
33517,-1.6473032938709729,-10.439131576285114,3.7163134723835114,1.0853591023126836,250.21800290810052,0.33670536300845644,0.0002165687962851509
33518,-2.512452180894007,-7.828796753023673,0.43971547698695745,3.6035247651069935,468.29876786493605,0.13802979768499668,0.00021657136691836338
33519,-1.1443471637224008,-9.218695233571871,0.6592060694059992,1.3060161932727221,306.64754038527155,0.3005477374128489,0.00021658858153433217
33520,-7.048222812915958,-10.44343435721761,4.641391877017497,2.4154848563085327,448.5303913034564,1.834023635111298,0.0002166703622916669
33521,-3.1302976323696825,-5.390918600180955,2.1466299270836133,0.7244928129951101,220.79762747153137,0.5525006927878762,0.00021667308740116616
33522,-0.031203084774730883,-9.926994889969581,0.4948680436281301,0.6112968892822573,145.76424053392188,0.4305592517911574,0.00021667612793583612
33523,-1.140517603814338,-8.562911931043347,1.0705172838240122,0.9214900270125731,468.37211464517014,0.5258111636363028,0.00021667667721003825
33524,-0.6466481929187573,-12.722269948227217,3.4019328693522417,0.9390735581101847,467.4426626099419,0.1406278335761506,0.00021668673269824258
33525,-0.9786077280687504,-9.8712812955817,0.5223124885084078,1.4617177385243918,334.1690809791447,0.26810823021859065,0.0002166903571758746
33526,-1.38993618498632,-12.48087544556219,3.477002000329701,1.222577016584999,307.6750138739079,0.6525849305479197,0.00021669730661801542
33527,-1.7489571612310222,-11.672011905553386,0.3277535129356036,1.3910495307667232,332.42561914539283,1.121589910607824,0.00021671592722908694
33528,-0.05554434985830703,-8.340028127681393,1.2110014718302549,1.0136431594135769,250.33681278988985,0.6252485869224884,0.00021672104777652925
33529,-0.5941263987466794,-11.69251931628612,0.36697907423701154,0.9601194764646493,252.78902035300734,0.953035994632855,0.00021672270403305226
33530,-2.138084515007588,-7.770016166267029,2.817140847874768,2.2006292120397735,420.4764674249359,1.0843473920041058,0.0002167279986851857
33531,-0.3525868876869094,-12.227574285905584,3.4793912682698096,0.8098667500151697,468.4058320792855,0.5320122326204437,0.00021673666236472633
33532,-4.605362173480236,-5.246485073971134,1.3676941873814719,1.0891149777607705,288.8229924521009,1.0886758107839087,0.00021673697801681007
33533,-9.67605550955671,-7.668708565148652,2.880616616916968,1.6377914938605784,467.8519416390322,0.4196208218289721,0.0002167526703179772
33534,-1.08752588472327,-11.661530196800213,3.563762606327245,0.957271918592638,189.78783694203779,0.4147183218642274,0.00021675532223448067
33535,-0.5837059010757724,-8.019723258578027,3.286402812726338,1.2058778529905059,466.70159755643954,0.29526048426813745,0.00021675636730831527
33536,-0.9702180380818035,-8.47419825112725,1.0896264651981662,1.0281597083872582,279.81449348090865,1.8855243539055975,0.00021676764710943982
33537,-7.766410892527933,-9.888358001086209,4.017344432445274,1.8940498499799496,467.60803591661386,0.48444306573057805,0.00021677242081255367
33538,-1.4597433467552587,-7.74421057297364,2.1502220568222348,0.8887364891659643,187.48401117363858,0.2127450620523339,0.00021677283348050987
33539,-0.1599382907831206,-11.1145852782396,3.651993744388954,1.2269705315577735,310.183797446251,1.7132188639052623,0.0002167781961191372
33540,-0.9383629717818653,-11.917523852630685,3.536952787201064,1.5196664167141043,343.2922570007749,1.388271477160803,0.0002167863563125529
33541,-1.6420027167814908,-8.065771531757823,3.336055858038669,2.1884205499280123,401.46375305184694,0.3898275517888541,0.00021678991919688294
33542,-7.955079938745247,-12.060563741930613,0.7853108816047565,1.877485399606151,467.9917887445268,0.43620474961936306,0.00021680042028350007
33543,-1.4360499161466507,-7.976813486579328,1.9462893466103102,2.522459100340185,449.28669645853387,0.8588288035998701,0.00021680184600295945
33544,-2.978978335067075,-5.726625044024344,1.5901908276829477,0.571587500925568,154.5982056015948,0.5298770334351621,0.00021680789273592182
33545,-4.362062990558126,-6.89533223142009,0.0606226211718787,2.562077674282359,460.24543581333756,1.437784082155627,0.00021680903865735988
33546,-3.2740395062345247,-11.243855154417806,4.733465031553339,1.8437444207699007,455.56453425997205,0.4294569667632393,0.00021681386477918248
33547,-0.19131306843805618,-7.7101012130225905,2.5798014159793428,1.114558269754272,222.3475279565779,0.19551176648131463,0.00021681516441424958
33548,-3.9555970928554096,-5.937445453923278,4.863186308209571,1.432041808078358,315.54935180514497,0.12502576450548641,0.0002168211978431029
33549,-1.239291828822747,-11.577997755877293,3.5732072757558084,1.4095249110862667,470.27061767688207,0.027569367406767853,0.00021682579879298938
33550,-0.2226956153409123,-12.584121826353629,3.45557554571612,0.9455998123835562,183.563947302038,0.1349916220699372,0.00021682850814677416
33551,-0.24673691430123945,-12.457356152474834,3.477184614351755,1.346045292306821,300.94343104376935,0.6110078468130515,0.00021683083020976196
33552,-9.848464979886918,-5.059125894302135,4.327245575587236,4.256127307312643,582.5585159225769,0.7759995613779447,0.00021687081452416595
33553,-4.176241512354402,-5.73178897054845,4.515090241248351,1.2146017982830881,468.68726963209446,0.5692527020371019,0.00021690430800164415
33554,-1.3624319213319396,-9.825999742671035,3.800610665728633,1.7493731280526534,468.07701375915195,0.17843268760478725,0.00021691680936878566
33555,-0.7984600476503338,-8.239564426081357,1.5033901683067248,0.8875528915350014,191.60054078125597,0.8751236325907188,0.00021693118224791152
33556,-5.0167330542834385,-10.250754072532313,5.1537447934243295,0.7831293524538292,216.47721470948983,0.9872501977028332,0.00021693676370824395
33557,-1.764638160566653,-12.864702171222838,3.393796866722371,0.7923846319792879,422.217844122061,0.24733716622582946,0.00021694472361687034
33558,-1.2562695705357747,-11.473379381962797,0.3728114016861495,1.1505831194725074,230.55550885432135,0.002508424313656832,0.00021695808625467862
33559,-2.1377181774853513,-9.040252260488165,3.8272414749518875,1.1038478784795014,287.0852697610919,1.0464795929291997,0.00021699241600782508
33560,-4.325125011958645,-5.149378588428773,1.9496758072029556,0.9034806317812419,467.51013921856793,0.585808018989634,0.00021700065082776515
33561,-0.41081106340318385,-8.332800980948532,3.5794437234806806,1.2390438175241627,148.5863810568534,0.29758764373614444,0.00021701869628636597
33562,-1.182949116771601,-7.765620749816785,2.87550567490569,1.0370264789478614,165.86476459677357,0.037173447330821396,0.00021702985642128045
33563,-1.755280363899649,-9.187214667137964,3.8387385041570306,1.0466209452935802,467.3824953429244,0.5479356347114228,0.00021703820192517576
33564,-3.0420389949190483,-5.849597896997973,1.3489512692887038,0.961935309211663,253.65063922482923,1.44073626093315,0.0002170421214793095
33565,-3.1811006898838388,-11.152005800654454,4.819645316245566,1.660786919849871,154.41078451773646,0.37344204244210655,0.00021704673256752363
33566,-0.39784723640540776,-12.702202988832811,3.499204065125809,0.9884577796671876,270.54715521581227,1.5958303641551446,0.000217052256838237
33567,-3.8373440495298397,-5.862466183648334,4.600021266789549,0.5114865341568512,114.29334791201315,0.7968425991463715,0.0002170531065190856
33568,-2.203074189186264,-12.698012626777244,3.380310001909492,1.700183348833974,408.8791338530621,0.43434425845047375,0.00021707980396602327
33569,-7.931165798603304,-9.90080547690766,3.6526304306647095,0.9989390722242045,467.5239728303378,0.4777287118515714,0.00021709183947628304
33570,-7.5713177909693155,-12.80905159726321,3.407721353532037,1.177241207282137,301.21396283197424,0.7889297399960364,0.0002171112285629867
33571,-5.186764061082383,-5.398431330749761,4.749445920265828,1.3435750119378622,288.74685740711914,0.6938485223763884,0.00021712830978934768
33572,-5.13859203993309,-5.6665918176088,0.5314384283484385,1.4987163774136316,373.52494396422145,0.2315703100633728,0.00021714239472400788
33573,-0.11015438732073335,-12.70732091479802,3.4984716171112575,1.9816269612913022,392.7597943608963,0.8948424251235876,0.00021714696688625754
33574,-0.465321074498517,-10.478264180074781,3.7229072856610155,1.887573951215976,454.9453963758335,0.279941756615103,0.00021717480671979157
33575,-0.14710048319400748,-7.7054080972472825,2.364882782845233,0.9208451508052633,185.2161941220472,1.0463349239386348,0.00021719065408851783
33576,-3.6742860187209736,-12.518751518527855,4.524310561422344,1.1630348316912509,383.0241986967653,0.2891097558701432,0.0002172035670190685
33577,-3.0071162719585223,-5.822960986307566,2.0016815410877937,1.1944236158545292,244.1313810868676,0.14537308077679256,0.00021721168206161292
33578,-1.883933293309875,-8.740172774001085,3.762442060071001,1.320119983729703,325.4336133947224,0.36754991544336946,0.0002172532288414208
33579,-1.7059757222060519,-8.167678080685207,3.4427223395794333,1.2695231977921477,279.78154282058625,0.2737193262188047,0.00021725572724189812
33580,-1.0358244293841317,-8.826822049920649,0.8643108127475367,2.204265112655741,423.7880470218035,1.3214954281421099,0.00021728154638703194
33581,-3.6906355081146183,-5.436614981352971,1.8459969963725864,1.1080959743391154,467.7951106709246,0.9391508312853469,0.00021728967646258144
33582,-0.47123785660862083,-8.23893635519537,1.4922252264055287,1.095002260141711,283.9179625684314,0.8274665973259419,0.00021729080313742468
33583,-0.09173158619765687,-8.850330513932095,3.7920745079114044,1.5554322281210724,469.7348886274715,0.11261486905623297,0.00021729088661677533
33584,-1.1918898340788466,-12.020002702524328,3.5221523422193686,1.1619978783369145,296.51645903692065,0.3552763224279003,0.00021730109214705316
33585,-9.124105490126622,-8.351686331318952,2.145866783327984,4.321249877289131,582.3733728592637,0.5652875696258439,0.00021732227560914197
33586,-0.0559448020882094,-7.894413253493777,3.043027159781781,1.0885187701154213,468.38605493427576,0.5310668605535369,0.00021733064504395928
33587,-1.4608349806451297,-8.576866932664664,3.737143174526392,3.104688360741252,508.1333995569737,1.5755755622950733,0.00021734280285430963
33588,-0.6577410235571914,-12.012798449367606,0.3771189849953256,1.2103003390026237,308.7532405788223,0.5670147265265895,0.00021734371604329553
33589,-2.7140809658595977,-6.499052750752319,3.6065257323712503,1.4210578881297615,330.5730345528744,1.5683005552338773,0.00021734686701834475
33590,-1.340188539301412,-12.770700935624008,0.3383412961553832,1.6951071168684568,344.59985464890696,0.2683494112935323,0.0002173637894820016
33591,-7.454453410458463,-11.596388059945516,3.7682093935875076,0.8818920709026835,204.0145226101995,0.4286089238543225,0.0002173745536317499
33592,-1.4143082519660517,-12.147509646899437,3.479690353854749,0.954567103235768,469.9018322356707,0.06878086124952709,0.0002173774549830763
33593,-3.751666488063111,-5.961187790771899,0.9011650723984421,1.7683080421778654,468.4020195670291,0.5372599501588153,0.00021738621937905273
33594,-1.6882210596266578,-11.421127967843733,0.3358071767530103,1.2285133304407878,292.2188938936971,1.0284263679177146,0.0002174033255472724
33595,-9.610895136910997,-7.710448967287064,3.0741743687157626,0.8799811887857045,468.03354163085095,0.031113617956124884,0.00021741725200641684
33596,-0.292248658273218,-7.671829421177755,2.325027321676669,3.668430100237203,446.92811395376935,0.05963578842043038,0.00021742437063986033
33597,-5.559747826097874,-12.491052648068687,4.56795806269273,1.545075183672644,468.7993684232157,0.5648028139640946,0.00021743421502815903
33598,-0.15868295345527272,-7.822708471409096,2.842635377145428,0.973586864200494,468.8313169516648,0.8706519678290574,0.00021744703513152275
33599,-4.6942426614919865,-5.183266352063655,1.2239719201342874,1.2829038249649292,468.6715980375846,0.1824980800325804,0.0002174564241723732
33600,-1.4207845644861887,-7.701344758475664,2.6701097334488,2.0315267873659346,407.69675761908945,1.7706385631408148,0.00021747245017053783
33601,-1.1847503554951473,-9.953426744654287,0.47717158801223125,0.9565420673551285,467.70064770665203,0.21089891317941856,0.00021751348918885757
33602,-0.6837462030001653,-12.056837228857095,0.3548844393782787,0.806168878044062,468.9713125700634,0.0833084031174014,0.00021753786635852167
33603,-0.1894586394857356,-9.253912882067082,3.8374923460482764,1.0381941579244234,268.6994774513048,1.2279713695116898,0.0002175431598984122
33604,-0.40087396655187035,-8.201157706154856,1.3101672648638307,1.8026143393046175,467.7506551238544,0.23708184081094963,0.00021755065245754259
33605,-4.1022950245048575,-5.481387480222442,3.8352149211963074,0.9414807297820594,470.48793411126434,0.22475799910293492,0.00021755091255419996
33606,-0.2774337961348241,-7.744418624846814,2.2733045826461575,1.871193245952751,463.9924369951174,0.10525721189600734,0.0002175579032300267
33607,-3.458659129248667,-6.034692342287495,4.916742190873782,1.055178415229316,283.55922259403076,0.5100433152883372,0.00021756468891246387
33608,-3.5899615844603776,-6.021590436949256,4.904207949630718,1.1248086947911926,290.4711473697319,0.6425019116616895,0.0002175735728391344
33609,-1.430841174820383,-12.564360910041312,0.33630550437713896,3.0437257425973643,484.63970894465973,0.36813090950027494,0.00021761031426159794
33610,-0.08470886488581542,-11.384682654544878,0.3886301884940041,0.5521001548647371,173.1453287305651,0.9256357677289184,0.0002176110227881933
33611,-3.664168923112837,-11.668514413472135,4.62178873045466,1.7584763628603484,416.2777496600941,0.09362379997774628,0.00021761600860761507
33612,-1.511341597622204,-7.707046380460034,2.6823490837330617,1.8818760526439289,468.7331285918498,0.10907118640054048,0.00021763831612812658
33613,-1.3757772453258443,-11.992152754140912,3.5210376722122256,1.25437145118403,221.69972931321115,0.07057111852639153,0.00021769276206624904
33614,-1.2896004787020559,-12.843475574090842,0.3421888979656457,1.9532784496472437,398.30412594088375,0.7928465214175828,0.000217700506049457
33615,-1.4829634955894377,-7.881787643369813,2.968772872189353,0.8877765046206066,215.2959321075327,1.1936313059617296,0.00021770963834423225
33616,-5.519233692379769,-5.162796836214923,5.029156472503844,1.0765775793918653,278.42714374115235,1.6141306377168254,0.00021772754060362428
33617,-0.16648563953587114,-11.618415900424845,3.4900967366507345,1.4774172096800144,341.5504455713344,0.6904720155037465,0.00021773005295208642
33618,-4.128403383539889,-5.666214796040619,1.3040537168746213,1.2115973712574293,467.1410692003472,0.2592882047173033,0.0002177596631898208
33619,-4.926703933988241,-5.939994815760481,0.48240991730840677,1.0296218429266413,468.32318723169954,0.5070221700569535,0.00021781174990828013
33620,-2.083005833006954,-7.941782523716006,2.023719637559247,1.0526848644419777,198.3935480298338,0.10180660662318175,0.0002178331300803022
33621,-2.036532276431158,-8.667166959812548,3.742500443704984,1.7362228527003163,410.2478518103091,0.030887010655293423,0.00021784896295049425
33622,-1.8128144541866416,-12.737678490334371,0.3074918504554748,0.758046039026852,228.30560806110893,0.7855373967781514,0.00021785112472220438
33623,-2.044759692893244,-8.792637266283396,3.77351282446919,1.1398151855212173,467.8026397520995,0.5840630850447281,0.0002178547006721913
33624,-0.5504747356630766,-8.047610540836693,3.3043407394888704,1.5261946945095957,467.85342602410293,0.3558951527410832,0.00021785963307036852
33625,-1.242718303303052,-7.774867580280383,2.8127068040852814,0.5922105829882606,158.5382965375804,0.4964150689618192,0.0002178801708522528
33626,-1.4374519421890657,-8.202391972179326,3.4011850162391437,2.226275442291495,429.5617880090391,1.8603911770495136,0.00021791769455724392
33627,-2.9069071706321434,-12.111467517401675,5.096527727189019,1.12969611696294,466.6497821112261,0.651008469101094,0.00021792028287753411
33628,-0.47270562172307784,-8.68074112209706,3.7216653861163906,1.7713796286715775,468.0947866894706,0.07020002482067156,0.00021792290843090307
33629,-0.6597319920831985,-12.101212317238812,3.5094348849376744,0.8487501184904057,169.9180271411623,1.0776115643868946,0.0002179306910639169
33630,-0.23601874955914326,-11.12055796971736,0.39298047292820815,1.0497180885618593,468.10504027897935,0.32782335965233766,0.00021793397432176304
33631,-9.196273539122128,-5.858325126666198,0.6199907159736221,0.9214317203657647,467.9242953387883,0.46121817916135033,0.0002179379568567192
33632,-0.5167743933328008,-8.970196074431794,3.8109871588930373,1.8771702198154707,374.25572307303065,0.7374582662681615,0.00021794205371096075
33633,-2.2417213777308875,-9.824414515287467,3.8546083374631053,2.681121227789328,460.8703790410734,0.6979026419960919,0.0002179546612508389
33634,-0.39854540511481673,-11.047592994091469,3.652250717128648,0.6971511571691059,467.3032962436891,0.3782058615114918,0.0002179555290983144
33635,-1.9336891174728805,-10.752786961709049,0.3689616430522904,2.3828552980381605,446.6738311763345,2.322678954491871,0.000217969072631734
33636,-3.542796468689083,-5.289017013610838,3.1629032791699987,0.8059886540437291,202.54823272780877,0.20730751084806354,0.00021797269776967432
33637,-1.5455736647565033,-7.776987108136133,2.815028288089826,1.4944665792387313,351.88048628209333,0.4610693698081336,0.0002179801590706876
33638,-2.9495266306405767,-5.836808335253212,1.514960467599009,0.8356746949570689,242.11653001643492,1.4606393457487767,0.0002179815783093289
33639,-8.705286371485624,-8.724369443170609,3.2330493560692224,1.3760400162354998,323.0255247271626,1.5755072637217218,0.00021800182367491753
33640,-1.3496383540341288,-8.058508928115971,3.2646976450697864,1.002723566774976,468.05661809989164,0.4761162746545926,0.00021801616096125062
33641,-0.9153967807088286,-9.89978500957984,3.782523466150326,1.8469876887093333,468.95597808277125,0.17501990918666888,0.00021802212325864448
33642,-4.8711452486268225,-5.581609648267182,4.6376608304298435,0.5986079545586797,140.14970115261582,0.04154750946745178,0.00021803764197166306
33643,-4.046068759722824,-12.04620542901101,4.569302456241061,0.8883491680852152,464.3319791605172,0.15912924944492168,0.00021804675864275173
33644,-4.258845909961334,-11.715440714950743,4.621765284289781,1.6573279447421734,468.0849226320381,0.0709454452462408,0.00021806851091028866
33645,-8.821152784118503,-7.735680544609611,4.884692304321759,1.8528238803082862,467.9166831370044,0.6544769414963971,0.00021806872979621166
33646,-3.477920390788732,-5.082127958657474,2.5316971922633846,1.6111985300892055,371.9661833946358,0.0006380299299637571,0.0002180737093408741
33647,-4.639762118445043,-5.57607700149177,4.394142536320028,1.0999168367661247,467.3343835344963,0.8818508665386577,0.0002180928210790716
33648,-1.3898013279424042,-12.875762461017342,3.3942476139632904,1.4445375633557533,319.048616043555,0.5327510957634862,0.00021811465768092723
33649,-1.4324451110207281,-10.748905119151093,0.40883273416389065,0.5518600777079454,163.58236606197593,1.0884148713224135,0.00021811917878179765
33650,-0.26673033553721837,-8.176024235937984,1.625182216645503,1.785037288760641,447.27192688086996,0.064558528578325,0.00021814322503602832
33651,-4.854012503328349,-6.347033277501974,0.34508178182105215,0.861252290479787,246.86207692187725,1.3952116381417943,0.00021815997162449112
33652,-1.7789163858129555,-10.701449050702301,0.3931400375453431,1.0858486737156798,258.15693485320605,0.4957535262024555,0.00021816115275832742
33653,-9.68977474007476,-5.64775620663548,1.6166242826617783,1.343898850922411,321.6203050788562,0.6303827034913461,0.00021818651333712578
33654,-0.436504650689578,-9.03348842764633,3.8181343197823083,1.7407344711641943,367.0867730505768,0.6520763030734811,0.00021820118563211177
33655,-3.7209508480864963,-5.166736371650243,2.352079788789599,1.040244610836351,247.00756481217064,0.08758251832782893,0.00021821434637665302
33656,-1.4232581986782549,-7.680410937983396,2.525830600948237,1.8038631263986704,467.95997260832,0.07138455462599769,0.00021823401830279449
33657,-1.0294020849089307,-8.2413723792151,1.3197015773685359,0.9011047604582748,223.6794023803601,0.029115580463995983,0.0002182346492457273
33658,-3.7873297301649433,-11.178986570229975,4.734490161640418,0.6436507090165379,150.3621231457331,0.3388824472560943,0.000218236540498349
33659,-1.0020085539311268,-7.667522129044879,2.4096769726194225,1.070844955149135,280.198183991339,1.8198386228528776,0.00021824344621426973
33660,-3.6759377588367457,-6.321182725583427,0.58109728859677,1.676008891985377,396.36428267605913,0.3940113481953409,0.00021825272330931392
33661,-9.079198502008136,-8.378814055376063,2.6509175495531503,1.5235945372637747,312.208380785591,0.4574238532742667,0.00021827047764765335
33662,-3.1694402078127135,-5.897253046090563,4.331933972788355,1.6420970275681315,362.5402828147537,2.0817973346741114,0.00021827781983579223
33663,-2.9803404794800183,-5.578331876166947,2.2937444383656085,1.6554082050132015,387.2498477804626,0.5795604342028069,0.00021827892592032384
33664,-6.730457451984936,-10.682307618870938,4.753723171883673,1.565257841353244,363.50853731715824,0.23128301860650513,0.0002182837746613582
33665,-2.534308217857962,-7.12499567113859,0.7086153018226514,0.8257512472523877,467.9921096477351,0.09974434003567101,0.00021828902269765822
33666,-0.9121506218459725,-12.398910118732632,0.33702297698404976,2.6000551824466376,466.2884749337265,1.988165865427037,0.00021830211347942274
33667,-2.5807062814038026,-6.3765412359306515,1.1870584162806708,1.0895255815400844,289.1544615618386,1.460048053983015,0.00021830825652154108
33668,-1.1600944813021847,-12.653956105267662,0.36290158603758893,0.986990010946789,273.5982282675639,1.9036943272458435,0.00021832546998294805
33669,-1.2870983121003086,-12.36320035596241,0.35343469344144113,1.7038273562526105,400.9555388513013,0.6027834167448569,0.00021833229383129394
33670,-1.045577617455221,-12.338451085534176,0.3789615696151016,1.3118823172665321,282.40407600438385,0.051530768843515595,0.00021833859888994853
33671,-0.6646778132502007,-11.02276357273157,0.38798313199689116,0.869986992509443,467.51552890133314,0.5996171873126537,0.0002183450372071815
33672,-2.385633280544088,-9.085113604554826,4.508408108658477,1.0772959524650465,450.4723460475798,0.6716044730345265,0.00021836929639199973
33673,-5.7320718498463235,-12.829156312882693,4.546057778228154,1.0223669921484335,260.2460639475195,1.2060351087559402,0.00021837616522816643
33674,-3.653594264338423,-5.50718189194456,3.8047800960052403,1.0855953920791117,174.11313591198953,0.18897245419858777,0.0002183795783852606
33675,-0.928228043314764,-12.506622272865863,3.409088387061425,1.1734365833180718,303.37920098332086,0.7284791999877633,0.00021841430675081328
33676,-3.3817163183905716,-5.664698903309772,1.401845674395789,1.0308268424728733,469.09517926938116,0.6352527175291511,0.0002184183493094318
33677,-1.2930270930308154,-11.260152761265713,3.600154051214096,2.158109275499621,418.16743244993626,1.291678357729336,0.00021844024327327615
33678,-7.86421248744916,-12.622225929605145,1.4053249244541302,0.6949576433365013,142.9207942193976,0.22565885599287672,0.00021845928165180483
33679,-7.592467652984295,-10.614480378303341,3.855500233825638,1.7440773099404614,467.92545290198586,0.4195241681597768,0.00021846171257392227
33680,-2.5833748368093232,-6.675662656560682,1.3889076966416711,2.192049358434496,424.92135661548815,1.7053731194611101,0.00021847154685053027
33681,-4.552615110764302,-11.580990139999576,4.65705815636257,0.8104164890170142,235.17148951195148,0.22044822121551277,0.00021847181434197805
33682,-8.07474721498351,-10.707440740877693,1.0998798792985613,1.0590695754528672,280.30862733949516,1.0964086602985672,0.00021847731805915092
33683,-1.8480294004981026,-8.495095164617393,0.9801026178010765,0.8758421312349958,204.41880655850102,0.3566567168663477,0.00021849107907226406
33684,-2.918169745630358,-6.392546476090711,0.7182860971325877,3.7509546544917653,537.4560927642863,0.3296802973474371,0.00021850463312900434
33685,-1.7093643651635801,-7.878475530479916,2.949283046495386,1.7124321932174091,401.5705148841225,0.02187531933196496,0.00021851005524502732
33686,-9.513757563618771,-6.778823990815196,4.723330334107635,1.6168558797926855,374.60731540606906,0.17941434307037252,0.00021851242056680368
33687,-0.5255269158678608,-10.631241965560168,3.6912499047636596,1.1744943855228362,277.5641401251321,0.43752302986321556,0.00021852107234819368
33688,-3.93768163730833,-5.522228220766214,1.3059795810171733,1.3053646103784606,319.28711340483414,0.40644878762999426,0.00021852349606605006
33689,-0.8998803575144869,-11.622455652847378,3.5527149267565195,0.9264883748401576,262.2364128448284,1.2653652841510725,0.00021853695273463296
33690,-1.7684962279056222,-10.192216644814884,0.4192060484905417,1.397477508219594,336.14161986902576,0.46928597076817447,0.00021854933269925658
33691,-0.5991886412663447,-7.684298192891307,2.3267878156150856,1.0843232436145818,468.1339157740231,0.4998719893376,0.00021855994303062164
33692,-1.1332791697980706,-12.245517443058752,3.4682223794362845,0.7165865730338749,145.93207950768755,0.7649976661889459,0.00021856297065919088
33693,-1.261143385823022,-7.750981418478915,2.267243303185706,12.526313078143104,656.3078363968092,0.039764736648192134,0.00021861756648334013
33694,-0.046443870119730946,-11.831614488347444,0.35434383259131225,4.068558662751583,558.9912747442869,0.3095692690168841,0.0002186272903622546
33695,-4.9064316761250435,-11.97906580923453,4.601514550840255,1.1994289102855964,304.9139391900277,0.6335265488531698,0.00021863330530858395
33696,-1.3472766924029749,-12.027138479482497,0.341641639714715,0.7996963458183701,204.51105444137116,0.12889235047538516,0.00021863619328487126
33697,-1.4832263035915165,-10.032330182019598,0.46149638102313834,1.481638953364647,467.9545134252689,0.7890979045528477,0.0002186375297860497
33698,-3.8349062949059007,-11.452842171148806,4.66848802950418,0.9171872635716121,467.7796608237513,0.6849809171466275,0.00021866661151805335
33699,-8.415428944168466,-9.604665833363843,1.3269024914388474,1.3199495091995435,297.3060958286238,0.6989296616801939,0.00021867820214931932
33700,-0.8850396988810729,-8.997997176864835,0.8202875922620768,1.1667805658532935,184.64009950845605,0.4494539573044296,0.0002186825137785569
33701,-1.8377711571424697,-12.778650981302578,0.3220468480938733,1.7805492423801605,468.029451317818,0.029922544113103022,0.00021868602581109003
33702,-9.865822668618836,-6.932731099813934,4.022051000577904,0.6764763031794796,133.44266601105673,0.19664377643444286,0.00021876613199013742
33703,-8.614242637790555,-9.144155703565602,2.283023149372069,1.1066064485785598,467.90496409261345,0.4012913566765981,0.00021877908763607678
33704,-0.6126747331794675,-9.403863195970647,0.6294726862515309,1.0257308269059349,273.38687138560385,1.6790702362538195,0.00021877997703724213
33705,-0.474957399945394,-12.633838239358136,0.3644060308860315,0.9911621122488177,469.1836744751565,0.5960151910217366,0.0002187949510826024
33706,-7.931519229710846,-11.322874623358341,2.673776961738318,1.2325499296977074,361.0682001038442,0.18965684829695828,0.0002188019311941567
33707,-4.274823895858903,-5.388198477775062,1.2712264082499356,1.1738254459682833,468.4925573423746,0.6563831250256742,0.00021880530484381217
33708,-1.1344247175490683,-11.52873195053015,3.5611044743322022,1.6588355845099005,389.6042418733377,0.6960049628259304,0.00021882993132156295
33709,-0.7741815514602521,-12.075909576887605,3.503094144883014,1.0440198393947502,217.85653396708906,0.8431401458128809,0.00021884803123342457
33710,-0.3498036561492981,-7.882341881456358,3.073980949101332,2.2257420010065196,422.25306118599707,1.0487695757297857,0.00021888762420155375
33711,-0.39136795814613734,-12.38261134313895,3.5002158891225172,1.184038904230433,468.22160812674883,0.39398063825858554,0.00021890068732866375
33712,-1.301846333797343,-10.85523594035644,0.4096977713458474,0.806263869237787,208.91579709319024,0.3102667084748685,0.00021891393398792102
33713,-1.2799162525475403,-9.996132465480695,3.7613916363515227,1.3781655386852547,304.69416602442493,0.15834937349385658,0.0002189209014144754
33714,-2.253719177601993,-7.855512624493532,1.9845974928634342,3.8040462672541575,397.76365892810963,0.0130115104944446,0.0002189305398990376
33715,-0.5761870721546529,-12.225187029454844,0.3696081211281686,2.326073551067269,439.14776593880623,1.7739113839730267,0.0002189398245502368
33716,-0.47705118630366705,-9.34826950070993,3.8282719154268046,2.2469818517060416,427.6740528259425,1.257812823529311,0.00021894024041155984
33717,-1.2899281465457815,-7.944892196682449,2.0557447878902955,1.347688046546597,290.812199761772,0.8714434922738166,0.00021895904028089157
33718,-0.3901321353616556,-9.605047931630462,3.812764872957334,1.588023947832315,350.37304359972245,0.258517738207213,0.00021898405997913635
33719,-8.019617622507344,-9.175807123610051,4.273609293155061,4.333749226598302,585.7566395071307,0.6786574558853049,0.00021901877065222159
33720,-0.11925660009127803,-7.912453804543277,3.0905107011755155,1.4209299670529982,321.7540944613421,0.4163141072546539,0.00021902130624083398
33721,-1.381976223744612,-9.21324328895473,0.681505601585355,0.7448083679122911,467.68795922050765,0.31057404551580703,0.00021902645347569684
33722,-1.1192172444434068,-9.787306624534308,3.791736685314174,0.517557890475357,137.42106587006802,1.1558685389681544,0.00021902756811764852
33723,-7.707870168311434,-12.324392072362112,3.1440224734829405,1.208564283312821,305.1469034077571,1.0799247451876317,0.00021907431079679657
33724,-0.026014742484221642,-10.189993502991523,0.42969914036142054,1.0051899971242522,272.40833412146696,1.5349044747282763,0.00021908131320253505
33725,-0.8571622811172457,-7.733931364354774,2.4805318526794244,1.4048606672648492,468.7028770642505,0.2931133984682477,0.00021910574946741454
33726,-1.5972291073967337,-7.945328586804401,3.1346398638974415,1.0783652293854977,214.14155744520116,0.6382885126766107,0.00021910781889630806
33727,-1.0174252932733943,-8.469753212708522,1.183776972378999,1.9942793263380418,398.9268705157623,1.2123036470859114,0.00021910900945215352
33728,-1.0304547790347165,-8.257756736912523,1.519755069725282,1.4200382361552826,320.0243396877528,0.8641553862497071,0.0002191123957437958
33729,-5.5402400831874905,-11.863603423348033,4.634468350145579,0.9314214233663167,262.1695236493645,0.7710736264378211,0.00021912147737494466
33730,-1.3503018198624819,-8.315843959287085,1.263958464673951,0.51907376620947,144.4585250227071,1.241876692881843,0.00021913696381696912
33731,-0.671153341059421,-11.707951327819826,3.4903246765173472,1.024576794220411,280.1614223131004,0.8539944307677922,0.0002191490279805156
33732,-2.71445898733237,-6.142597667035628,2.4025010380083476,3.3255109346053144,513.3201129853151,0.599374185998701,0.00021916287070558292
33733,-1.0212096642376487,-8.260620610360851,1.505253102300278,1.9226915195398464,205.95058398164684,0.1853478188100608,0.00021916490134403613
33734,-1.3769369877942381,-8.353581920160245,1.2355932253596396,3.0345375652923745,345.1328550053474,0.04918875130621103,0.00021921057195864937
33735,-1.2612769766021472,-12.26398276739534,3.4073603497975866,1.0510001707024665,209.37693938916544,0.6418784159940127,0.00021922020605938584
33736,-0.3153899236376656,-10.860756018239808,3.62062334003387,0.8128082598006509,221.37820273458502,0.4913769134083834,0.00021922650209408977
33737,-0.7964982720707621,-11.479761879194179,0.40513433359697437,0.8257013806079123,165.27548561808484,0.8906523788682206,0.0002192509156396605
33738,-4.854529268974974,-5.052241194575455,1.1165090278904632,1.256234765457884,314.3431354929112,1.1451340853221952,0.0002192533362941411
33739,-5.513554344382737,-5.458914783428484,0.23026857573721612,1.0432751445820656,219.77790616910562,0.006979801013456743,0.0002192538226444841
33740,-3.409675220078844,-5.858177341051581,4.56281719414497,1.8562741780726053,456.41792570006544,0.3958790295105663,0.00021927147413171934
33741,-1.803407127984272,-8.787391451754846,3.761912032360235,0.7789650381847284,189.3047149014338,0.6490620884132365,0.00021927262749707357
33742,-9.940884049709174,-7.36064509232638,2.8212433208539562,1.1009536818697618,296.2923048682749,1.1701566234140657,0.00021927625085259683
33743,-0.6716498225494583,-7.703332234940204,2.200837869025808,0.9815049684374719,239.88536809183597,0.09499638720809589,0.0002192763675027473
33744,-8.786324067264918,-8.310495252077903,3.9442293675732993,0.5044094166094467,128.75143860337863,0.6992175254432516,0.0002192782626941225
33745,-0.06646222986036854,-7.7841431690616885,2.865048923987348,1.0509247645104427,467.2275640519417,0.7946860777442852,0.00021929384337962573
33746,-3.0539598635766483,-5.488719630388216,2.270298288055696,1.490020158791009,350.2739427151223,0.5570680529188872,0.0002192950440456506
33747,-3.1996638745934325,-7.003834057074925,0.20249055631328128,1.8313178856721974,436.33939574452745,0.41652355983150713,0.00021929809233456145
33748,-9.376224963344022,-5.219801619380368,5.078407913621068,2.549464964517868,461.2199220767668,1.8394543641038412,0.00021930076732418454
33749,-4.547431103490186,-5.115860043942881,3.73412601578708,0.6619185189353681,178.7003451695005,1.1393348714161862,0.00021932858157928356
33750,-4.031613758459985,-6.916659689886388,0.09331097343888735,2.2392411747248806,428.40429027330157,1.4300287340078963,0.0002193504625264653
33751,-0.9202902557164876,-12.947161068592726,3.447765940821099,3.3439418417120415,488.9839945252335,0.23096753431159822,0.00021935793465733828
33752,-4.713926758992129,-5.448946604402211,1.0158455285550798,1.3289784179404038,325.27606798885057,0.4181165613277509,0.00021937396860540037
33753,-2.835590975286313,-7.094162993812175,0.3357398268702344,17.134039277058307,375.36935080542395,0.34173207458057586,0.0002193996363870968
33754,-5.3642455778833344,-12.923999193958698,4.5328470254781426,1.3201889201975214,468.47006126995626,0.04449028765760765,0.00021940564792760793
33755,-1.2887960139141015,-12.017007838775452,0.37092897403410185,1.4734937069874645,164.41193411283325,0.41718439892150005,0.0002194135397830828
33756,-0.6512834958506755,-7.726693515333489,2.202973351705556,1.1478473367991455,257.86780150026937,0.2571398883985445,0.00021943966597696198
33757,-0.9436338529211241,-10.087800414684542,3.7278481194193978,3.4636969525558525,512.4504080061855,0.2999028868578284,0.0002194640811360914
33758,-1.4650738688204754,-11.918504375638282,3.5116127887960444,1.589852215427222,425.33914558112787,0.13213909146235903,0.00021947684889899377
33759,-1.3074069529144499,-10.621463194722981,3.738616870391647,0.736219424660291,467.66593723677346,0.26378268877077726,0.00021950085014798873
33760,-1.6713332861558303,-11.424362958533521,3.5690119869697465,1.6544738561646652,468.598501148056,0.56454294859837,0.00021950745258858228
33761,-1.35529937738821,-8.014373387507094,3.2340078785803934,1.0976368959803582,260.73942281387025,1.4484584486696042,0.0002195148223740834
33762,-0.3874391356604505,-8.651662327034902,0.983986668217037,3.5773479111482853,536.201761640489,0.7268180331194571,0.00021953110095858017
33763,-9.068233120674783,-8.037463033988995,3.826821031400291,0.9645561347241962,467.559604591819,0.4761697434152925,0.00021955792370706236
33764,-3.655875020125605,-5.176202877503284,2.3451171098763224,1.8165038343566906,467.91980652357427,0.2754188558641788,0.00021956277385844943
33765,-0.5558494596375834,-11.219246635251835,0.40750907523619445,1.2591074140549827,264.84716660137656,0.9696529337548645,0.00021957507051993664
33766,-1.4634638914920366,-8.491075567261447,1.131373014557069,0.7881513678570047,468.7667442619137,0.17154480322545584,0.00021958812095263514
33767,-0.40337869589801656,-10.003384742340142,3.755607673770879,1.1643455338285074,467.21410724460543,0.4453531138051172,0.00021960054618043066
33768,-0.2944907841680031,-8.521398520686898,3.6683889041925775,0.8613052191588223,178.3719841963354,0.8132306649692067,0.00021963906952656277
33769,-0.8960241203551433,-12.839527024268996,3.4495599517149693,0.5780035854125425,120.69293392702836,1.00515317658349,0.00021965597160390348
33770,-0.327124854953345,-8.643838162009109,0.9851118590278339,0.9221480942314612,165.08836794206258,0.16011549715399198,0.00021967582041014855
33771,-0.2738612786866472,-9.911935210379658,0.47859518847294397,0.6853103439433221,138.16426859761998,0.7130093915991464,0.0002196776142040892
33772,-1.0036568688820324,-9.004240869304784,3.804283037987369,1.767152294903721,468.3469906230538,0.6234529420591688,0.00021967854176986403
33773,-0.07613365538956351,-7.726407171807565,2.465488277970944,3.058949684938684,493.0553655432309,0.6547367257999186,0.00021968673127183863
33774,-0.7901612441762573,-12.404559084919867,0.3727982351213656,1.060759316903561,270.88286709050254,1.3971452273714053,0.00021972504205785862
33775,-3.1668274328992965,-5.535803594258252,1.6789662199276245,1.3117086650656529,322.65994027021895,0.37301906213449687,0.00021972737563116196
33776,-1.9748996030659765,-8.103465662460327,3.3420351199200113,0.8023764637432242,388.5867685318725,0.18446545150013183,0.00021974616402789787
33777,-0.14469426250803075,-11.568342391468951,3.5485495716257853,0.837962554526511,235.7971668213085,1.2569504863412968,0.00021974627430506192
33778,-3.8328261858218893,-5.649733436839421,4.222003326793955,3.3695328715520834,215.41005396327168,0.3425601522977155,0.00021975266502502944
33779,-1.393089213967695,-12.112261282196224,0.3439665557480314,27.425130324891533,760.104708834434,0.08904015974013202,0.00021975648829631727
33780,-4.902143706059365,-5.653734481474311,0.6939272695880561,0.9857407440977318,470.29844754966035,0.022230468561194705,0.0002197622796217721
33781,-0.1776814135919107,-9.450705327993463,0.615949220460039,1.6147998604369103,371.2755742459299,0.4743415911589448,0.00021977690449351167
33782,-1.9712155750091274,-9.74229376524645,3.8924859342303804,1.9103806414083309,468.2373917831206,0.5051749742588649,0.00021978863959502256
33783,-2.344973443756979,-7.290453616022579,1.1108040711271099,0.5560640485827602,116.70551275659949,0.23281621785857531,0.00021980061351859097
33784,-1.3348062147769486,-7.952602882862557,2.0332407036650406,1.0911544954647516,288.39070438091437,1.6356443791808761,0.0002198024113559671
33785,-4.4625086563637435,-5.074772934008047,1.9299202976165186,1.652944184811061,387.66475983657574,0.29951728139383516,0.00021981751209267547
33786,-1.094118622752978,-12.245818253373525,3.403176699011002,2.7528662613464374,472.71662874525305,0.9534782164794304,0.00021982091252047587
33787,-4.035365647632487,-5.24986330338148,1.9139388631143472,1.7061735409136942,368.61680718890796,1.6630830443804703,0.00021982969482855152
33788,-3.544424650436204,-5.534747363508134,1.745675786260466,1.2545087422901848,260.7257468464725,0.729158725411887,0.00021983779442220002
33789,-0.45975474588180454,-7.785337553156835,2.613257333114445,1.27413045701165,302.235100858103,0.29373156431474445,0.00021984057144928607
33790,-0.7629717261909974,-10.230180652163451,0.43950238563703914,1.1612534334490807,467.25787728094406,0.26775272831208685,0.00021985545476216993
33791,-3.474334671610917,-5.767227016763722,1.2548898926039405,1.0691239362947929,227.4632080754765,0.30476554574020387,0.00021986303013710892
33792,-2.068088246880425,-8.25825521367793,0.9786756518647468,1.1456495480639002,467.62396933159755,0.5560613481027872,0.0002198648054257479
33793,-4.420339226920121,-12.588902255329996,4.525989676428491,1.0119668918296476,467.0544931130296,0.5992447320577421,0.0002198676699081541
33794,-0.37186736715218416,-10.150405751367504,3.725270191262988,1.2737114766389568,250.59964408739714,0.18795155245102713,0.0002198841496977624
33795,-1.7467385471954469,-11.756145027701,3.5241000667364535,0.8360995135094863,184.82730371342126,0.23135931645341845,0.00021992652212920135
33796,-3.790902380974992,-12.383784069940079,4.529131278375975,2.3641893210784484,444.03157789043865,2.008251155580111,0.0002199454057456838
33797,-1.980080941477123,-7.890675588689747,2.1096786333379915,1.4028289448391997,315.25157036186596,0.20194787479258292,0.00021994885208341842
33798,-0.018702192830041042,-12.118149169481237,3.465762049077548,1.7466578862913005,468.334492373708,0.4463937331420622,0.00021995083665384026
33799,-0.25052423166798654,-11.909867624952955,0.36811936680544133,0.9537511203626174,353.2806963797869,0.15041581462561116,0.0002200019411899293
33800,-8.071727247573628,-10.924736156586059,2.062932292940371,0.8269329935113895,466.8160731877191,0.09076410401004598,0.0002200199744494825
33801,-0.6596266248220175,-7.731684167185366,2.229636676128608,0.9469140818519473,251.97707448593655,1.5513125347702692,0.0002200252923532848
33802,-0.811331682373984,-12.745151324035108,3.450781255598013,1.1993058907729572,304.2249601496162,1.0223145828510463,0.00022002614275013486
33803,-3.3487854488752102,-5.35483050268316,1.8919766241668474,1.7402705420814024,409.3458981667135,0.13184895282226972,0.0002200417389056823
33804,-1.939704437261156,-12.248431417169176,3.4009442015385356,0.7349159983205341,467.6764329865287,0.2690023733078091,0.0002200428778671825
33805,-1.0387097641145377,-11.202544701544111,0.3880189023063769,0.9125906926820555,468.5279697489704,0.7697975739467298,0.00022004939463413865
33806,-1.9615297503496336,-8.001952701949058,1.3050442738550159,1.2197701548262623,304.96581293524156,0.7119291860322381,0.0002200525167576652
33807,-3.34143826663108,-12.915559741281198,4.48991508965662,1.844952928830883,468.5918567488317,0.32416410483144276,0.00022008314472297927
33808,-2.099912607707531,-12.75850112344592,0.30084214287797034,0.8244518891269834,345.40914276157235,0.09610367677195963,0.0002200887927714095
33809,-0.18570134676457428,-7.949897935309671,3.1270821751024998,0.8546812408773091,467.70418828752537,0.45296508777886846,0.0002201025245660696
33810,-1.2300201119231886,-11.726255142197818,3.5266418181917647,1.8799629301280805,468.0778927193616,0.2700298863431314,0.00022010452966100765
33811,-0.7514229700409363,-9.660862223722866,3.799713396188665,5.141990469985081,630.2792075624444,0.6265043170294069,0.00022011351769182056
33812,-2.136308277537694,-12.683567737628566,3.444012620597391,1.7160048509614714,366.06183542463043,1.2712704679830162,0.00022012181529108786
33813,-1.3871888662282998,-7.725951609497015,2.658393813447325,3.162786433715384,509.3471966969551,1.0300174900101142,0.00022012788964645674
33814,-1.0456129470225264,-7.955264336143841,2.0630385177441566,1.1172889794809173,291.5649249525423,0.8968730698353324,0.00022013963865809833
33815,-3.5726311413703407,-5.155213744620806,2.886546021551607,1.8420865804311457,441.77213966649794,0.11196734368926897,0.00022016888576208694
33816,-0.7571940289339398,-7.763132709028203,2.4900245328613435,1.1233050026353844,287.24739076018665,0.761466154838021,0.00022018119591936034
33817,-2.5645316587650937,-7.293842500396493,4.072753966962576,1.0075647289932563,214.85339712391584,0.46079843702251555,0.00022019513429912303
33818,-5.68667551812127,-5.011730925507534,5.187873855903662,0.5021678346167834,132.59649890026674,0.8681323525101172,0.00022022040216423085
33819,-0.6003768001627545,-12.891288626154187,0.348584125889882,0.7988972038138284,222.28461287718864,1.3802504441628267,0.00022024222700351865
33820,-0.731868346612,-10.654308358463009,3.6743723201439416,1.3475041551227926,307.4997718374573,0.2268105717717317,0.00022027454115983646
33821,-2.360961881745202,-7.206494022443762,1.182075758962451,0.6772165554343192,467.62901481480174,0.4034129645251463,0.00022028883228765174
33822,-0.7854571486128297,-12.699839547426727,0.38415665583364855,1.4560563126485044,327.0796197055121,1.0197068833752239,0.0002203144147104225
33823,-2.1431137198990093,-11.696048830876704,3.490398429422129,1.8146048086561783,468.2088824234838,0.6871492496782876,0.00022031980479180166
33824,-1.9438411314131017,-11.72383780135775,0.3376208536672334,1.5315133629913913,192.11230359207542,0.4538977255457679,0.00022033538287269635
33825,-0.44765692614317487,-9.56281478037743,0.5862742276275615,1.8093285345519567,432.3171245621913,0.11238019248750053,0.00022035866914410146
33826,-0.736820949225077,-11.45300817672242,3.557442657714194,3.9649161009646243,472.15123527252786,0.10727909966596538,0.0002203600150470152
33827,-0.9405480615520219,-8.971163455134718,0.805680623396896,0.5397458893964754,121.27585809199138,0.06447690071606527,0.0002203774161877837
33828,-0.3889899491982618,-12.280493912907328,0.39586041205941136,1.229720137070557,309.26995243293857,0.5680144422347775,0.00022039890797567014
33829,-1.660719942742535,-7.703836121202365,2.2986226603002518,1.535380896412058,180.88427762432647,0.43960470217985215,0.00022040253555413042
33830,-0.905396098672977,-8.406008391319718,3.5993363451108182,4.154992242511094,578.4127689255268,0.9368672769303705,0.00022041085210420231
33831,-1.4184466306057324,-11.73543990780381,3.5217517846308626,1.0648174360960576,468.1448390786199,0.8788345164224518,0.00022044093569250565
33832,-2.09602737507681,-9.209506557235446,3.8172088551753536,2.2059133817425396,425.48874503524326,1.5959270902982983,0.00022044939925423777
33833,-3.6051415650380463,-5.369327481245273,1.9188194900790052,0.7466105454330443,164.99871285792725,0.14499253270739487,0.0002204793917708527
33834,-9.67453499250628,-7.162262247962355,1.7181362798330708,0.9417609864515057,242.60291880241715,1.2438811998128028,0.00022049206491741368
33835,-0.08556785839984471,-7.732146553856255,2.665369130466278,1.6046798891860385,356.7832060502348,1.8416913426942427,0.00022052001633605435
33836,-3.4724135333886093,-5.092478494600061,2.6220492956378583,1.5063882250429095,342.87086905183736,1.5882993318097451,0.00022054087051030755
33837,-1.5701118935651,-8.344587642860217,1.3730477152076408,1.0936482628811792,288.1047942647005,0.8210460161219126,0.0002205590617444635
33838,-1.796193383501155,-9.910293326433678,0.48365670455614385,1.5064828909020527,347.1842301868291,0.1609109882473545,0.00022058352809141115
33839,-3.5008105148483395,-5.210903499653811,2.444569550134866,1.812518960990458,468.5698111829283,0.8546418289583286,0.00022064473525030341
33840,-0.5670929025328668,-8.322951115574211,3.540079318702955,1.0386031681159695,280.9940423921997,1.310998792406063,0.00022066083983761456
33841,-1.3095865339961748,-11.506889857041415,3.5480187850917204,0.567587674671469,122.16730444399754,1.001621925106119,0.0002206751588429758
33842,-0.07631131015934933,-9.511075111053682,3.809389412351257,1.192200395591069,300.57048530528317,0.9954908643723845,0.00022068917080247683
33843,-1.241780343072886,-12.822945409902413,3.44074709141481,1.8207610774372454,468.34607808970213,0.11329294390214528,0.000220690142903796
33844,-0.679857679318495,-8.657861733366472,1.0041377202182205,0.5689372214847174,117.17690492598204,0.21172388922846785,0.00022071617699261417
33845,-6.877367061439622,-11.027245559844502,4.533669139676583,0.9364892212164037,186.10607829544279,0.14824134419931045,0.00022073533073631296
33846,-1.3364005121981588,-7.736511581552624,2.672155059226298,1.1185529513621562,294.4128073460679,0.8466134442065538,0.00022073957687996019
33847,-3.9581013116559616,-5.366715243586729,3.451536547066529,1.6989343587144738,400.0407956359974,0.2920416705711979,0.0002207448314817234
33848,-1.2126099113530415,-12.938364753985075,3.3630082447595107,1.2340487820541994,470.13780508433433,0.22333623443466433,0.00022075332136923007
33849,-1.5367215623846722,-12.887713233349974,3.365499856075619,0.9549765079231459,264.8967489190527,1.8056114586262426,0.00022075576977716887
33850,-0.15148841993073248,-8.129411339852098,3.3567929449308864,1.004697065456797,210.94003462832944,0.2735511166068738,0.0002207907494714535
33851,-0.04949261835245444,-8.367862144346532,1.257103643371129,1.7427708009298686,412.02244294141286,0.11811522717058232,0.00022081971945129607
33852,-7.399745177430283,-11.815458594214942,3.8056074083819165,0.9984300046428559,468.6936379187695,0.8362774729651044,0.00022082786384575807
33853,-1.9691122202672204,-7.938646326753447,1.9478558342365564,1.6831196274800557,395.8483270083388,0.28735320981990053,0.00022082924020075585
33854,-1.20375566169354,-8.647913280100209,1.0527039285976565,1.0760573446246888,279.27523093726916,1.296662034865519,0.00022082994771239036
33855,-3.1715610223715345,-7.083828071640444,0.16679109092217492,1.4481037778918897,468.1291896768053,0.5748678187376957,0.000220862304522386
33856,-0.528727242460791,-12.596995524548147,3.3780894902437297,0.9724923889465615,271.4786828694479,1.9172293110048697,0.00022087247100756332
33857,-0.6861413192830863,-7.758722898479748,2.253906511680929,1.0423047773112473,277.06246091104884,1.7467505264602217,0.0002208731264324038
33858,-3.6057257261034756,-12.317887528139678,4.534795644314606,0.7110982728144073,202.33547239094733,1.1174213253306293,0.00022090119982737607
33859,-0.5297414294719456,-8.571764890565065,3.6833680005106024,1.3232790670771495,292.8618458632733,0.4504862959158187,0.0002209209768893935
33860,-2.439891786844778,-7.63550188801002,3.5912623628491107,1.8877973797157137,467.89269102130515,0.36708743541707367,0.00022092201714129443
33861,-1.6528047716344396,-10.69680495939667,3.644960571762972,1.1023469029708186,264.53137932612344,1.1946210739908176,0.00022094950723760258
33862,-9.435955329777272,-7.451191831161793,4.147571058463557,1.5437543173925536,355.3665316614683,0.3789614838970694,0.00022095698336595173
33863,-2.1219678364837673,-8.12629594397176,0.9402819071956225,1.101303966331628,284.1566128384463,1.5058327551120367,0.00022096469358068812
33864,-1.3362178247064254,-12.681213975014376,0.35887510348031976,1.2841406215355926,387.61916614913025,0.7121723094135293,0.00022096813898631455
33865,-0.6533851208816195,-7.699771223905658,2.4318846115853745,0.6821718527704853,139.84670951205376,0.28645310148661185,0.00022097305814291292
33866,-4.11853139049197,-5.090463484537085,2.7296544092600077,0.8868066708700412,253.56966648638502,0.6916003595103382,0.00022097870777424984
33867,-1.7548289629745248,-11.96460252749659,0.35854258803935324,0.6149029685560127,173.59102102472372,1.1337629150047874,0.00022099702618941236
33868,-0.13262871869589787,-9.48694417164096,3.808971267698013,1.373923108223624,331.29718432950557,0.29061601847691065,0.00022100077432154455
33869,-9.223304096525313,-7.721354248719729,1.20123975661669,1.0712269023942464,282.3194203050899,0.9456594155821962,0.0002210211255263551
33870,-2.947622361335293,-5.799550678457105,3.13360536465221,0.8395566124281395,467.2401460034288,0.2699202590816929,0.00022104418184033705
33871,-1.6632007500130754,-12.328744246178255,0.35402310117850844,1.6382294773802386,383.33452859382123,0.42495106314179765,0.00022105987629024264
33872,-0.8602364372371181,-8.135391249302629,3.3597543355637463,1.844708426973766,441.5623083321704,0.36808430743040343,0.0002210661083816321
33873,-1.3656861368663762,-12.226295656059365,0.37164356949175226,1.0149004352400328,276.12799253261187,1.8174476459654914,0.00022109423291121036
33874,-2.064014366444317,-7.813148822649049,2.823598407520219,1.861359805872103,448.4765765759932,0.048309203429115044,0.00022110822521151336
33875,-1.7943543803164026,-9.352155836128128,3.813902885695907,1.1336494866438225,295.4071857197023,1.546491214153085,0.0002211188235420563
33876,-0.34054241433289256,-10.77637099632734,3.6602604860731422,1.1865881144669022,468.3849460848444,0.7927059723063783,0.0002211565986355794
33877,-0.30303378746672394,-10.0170642953062,0.48129696712306486,2.5751108432304766,464.0767624857533,2.0247425475150047,0.00022115793936845868
33878,-0.3453317759596448,-7.913100252858546,3.0268529046190373,0.6769280746396382,133.31107641485605,0.007016593999998655,0.00022118002281194224
33879,-4.315773386867969,-6.619936311600494,0.32122715412582614,1.0071641350825786,263.3231877358903,0.939165471196346,0.00022119568377173003
33880,-0.1756088341054589,-12.205726172416664,0.39248028170905114,1.1759188422257747,257.88977237421415,0.7937642074056193,0.00022119763537666265
33881,-1.2123485866796084,-7.916150828458812,3.082179937820737,0.7351522991917785,465.63820733113835,0.3358806236750045,0.00022119772667432053
33882,-0.7708441833980544,-8.712882268702717,3.722612263357867,0.8192036219307611,190.2544332373844,0.13289175818526022,0.00022122110632417542
33883,-0.8293714598603987,-7.8970042650664745,2.9336619091088356,1.809837902138848,428.80489702949257,0.6197375477933642,0.00022123157307840058
33884,-1.4822202298741232,-11.587224936403135,3.5325838671961156,0.8509721151688289,217.14441866291972,0.38525575724546535,0.00022124103015144946
33885,-0.3601639906777905,-7.710333007504022,2.51038532464653,0.9112059083092302,401.00690076313435,0.7822038375579892,0.00022125959401709584
33886,-1.2396243143171564,-7.96944263909296,3.137033670829154,0.7501772408412972,197.11338140918068,0.3198727989638108,0.00022127340494230776
33887,-2.596983210350709,-7.331588374115093,4.370113347687218,0.737582457348237,205.23342442478182,1.2291998747707051,0.00022128155227326598
33888,-5.316017561365223,-12.367402805929327,4.567899885486429,1.8344210960847545,467.6485713468941,0.7576568665294614,0.00022128335872311262
33889,-3.414512333833649,-5.5264773367179405,1.5989389457788077,1.056617018791938,151.2611431104983,0.1699273530229073,0.0002212901628703975
33890,-6.129577389418934,-10.911189611497802,4.839395764279252,1.1689628308773632,297.9362385895122,1.117399349118683,0.00022132691545552634
33891,-2.7120001087965617,-6.741270921328284,4.113238824778756,1.2418358449619054,243.2093460187759,0.007864441511880038,0.00022134005533447517
33892,-0.7989644346178242,-9.265531111866743,3.812579174248281,1.8907989479993905,455.3408900035902,0.6009977664432657,0.00022135398123125224
33893,-1.8959548282511633,-9.038324193588675,0.7397652389631251,1.7880010534642536,424.4860856812644,0.390476937418498,0.0002213587940669654
33894,-2.727126894303508,-6.27110023392996,1.782243117596661,2.7277149257310405,473.7607373000658,1.1813673243714842,0.00022136293964892384
33895,-9.451225886264549,-7.362250264690888,4.247792945201417,3.105359990595637,294.60460240141384,0.13230651256027048,0.00022136327782985456
33896,-0.23546405771884693,-8.004651380508378,1.9326918950367384,1.1095795322958217,468.37329382642304,0.5263546094983704,0.0002213635458194523
33897,-3.5486622449195915,-5.49855160287322,3.669933947752608,1.8454161377881018,467.0374109373863,0.35804825067302826,0.00022138460220971166
33898,-2.030243204465573,-11.712294397971707,3.5157894738156195,1.631122285886826,467.93723950221977,0.6138953904038891,0.00022140238836867396
33899,-3.6852716992817385,-5.847839022671948,1.1493477147763653,1.8634670344279265,445.70753786681956,0.6208457679966184,0.0002214050354638701
33900,-5.450528904415598,-5.388431080577352,5.090881823368209,2.307354054480357,437.9270109828548,1.9750538597263345,0.00022142291332672134
33901,-1.5779845107577692,-12.452392385590489,3.4568564895963667,7.857287060084758,738.1580607449299,0.4167355828926187,0.00022148702179851005
33902,-0.16693838929817062,-8.137520268192596,3.357170392123489,0.7849209424047726,468.3196876301517,0.39030816313426175,0.00022150243554355315
33903,-1.7358158152289143,-12.219392256276679,0.34623319157667765,1.802128504240501,193.78926351553216,0.21420538003079148,0.000221521472300941
33904,-0.25608058711245363,-11.495046462910793,3.5420650111181238,1.2546380687607486,467.6582489814846,0.3498674506500432,0.00022154640751574083
33905,-0.2889353115112776,-12.506308864668432,3.4493408800015484,0.9280073022348119,468.3655735094459,0.8019316045802336,0.00022155864339770654
33906,-7.131473041958589,-12.498903168267596,4.061588305423168,1.774785840404374,423.6366267425568,0.9493516379360107,0.00022157139902396214
33907,-0.4073179864895238,-8.381156203306894,3.5726036911841486,3.145378006271659,235.93159576572884,0.2478400052238694,0.0002216273122361966
33908,-1.7164763804269167,-9.383188915336152,3.8096600016342363,0.7062379534456674,133.04655472840443,0.12609051198065302,0.0002216498075602279
33909,-1.8088334808154123,-8.798254244985767,0.9428567062446975,1.378129834270174,468.12873692779306,0.7469524204210236,0.00022165044176548663
33910,-0.4095415842346757,-11.546969974811663,3.5339029715016665,1.5708709457713554,467.8202923647037,0.7812630976721122,0.00022165237040395176
33911,-0.10206844253527514,-11.525679518822862,3.5364871970957426,1.0728138887874468,466.8845024749614,0.06430968487928457,0.00022165441324708816
33912,-1.8812370815807835,-8.574029787310328,3.67865340749355,1.1613048990869004,238.1583602007681,0.3448873383601443,0.00022167825815067925
33913,-1.3461299846001538,-7.747566953318755,2.3542158709777286,1.2082043901147796,254.4987180928238,0.9561312662234762,0.00022169333780046183
33914,-0.3649976860430151,-11.430611868297563,3.5490070631136357,1.1888375588422162,285.90892924501577,0.4467365395256824,0.0002216968036807492
33915,-4.410225456559322,-6.595408847627853,0.32512808475738963,1.8060295599841643,431.76129979458835,0.8644512785865812,0.00022169914120418558
33916,-1.6850901669460114,-8.515314609358978,1.1311802372826447,0.7090372279677949,467.74208164583933,0.40438122368854135,0.00022170341828391287
33917,-6.0615404715258006,-10.776910652045633,4.895456663862829,1.4502891116807737,332.33301752024596,1.4835431349175012,0.00022174281958820606
33918,-1.0121469620251151,-8.291878905593592,1.4969005324558093,1.765511195878688,468.15929434802763,0.41459326949867137,0.0002217575610654961
33919,-0.6722483580023102,-12.80156432648005,3.43162801913976,0.8635701675144336,178.20392206871105,0.8666546000676663,0.00022178322313184585
33920,-0.22902193965773243,-7.746899786813427,2.351856096524873,0.8075726111425,469.74531596928097,0.03375943112759128,0.00022181631210419948
33921,-0.523749350390311,-12.166772513473553,0.40351834023529737,0.6397173483940798,138.49254873547557,0.07641622935136638,0.0002218503835282874
33922,-0.061630725241691664,-10.908636938958313,0.4121548725366374,1.3397603874114987,328.47465272098293,0.3893016716382176,0.00022187614108269737
33923,-3.9970457137168864,-5.19332553062313,2.983990248277878,2.2513992500232156,430.51748977256716,1.549916285179794,0.00022189153058906584
33924,-2.3847419258704727,-11.408239481998915,4.927514117923201,1.0644271375146845,468.36158912554953,0.5219196594483764,0.00022190827652466524
33925,-5.165921449585358,-5.625805992626498,5.033755040007323,3.238838485558189,442.4691478357062,0.13908142329096407,0.00022194458397494806
33926,-0.3148723648107836,-8.360278840741255,1.2954921812282867,0.9647556876744489,205.95883230990398,0.35950172422681614,0.00022195642859032676
33927,-1.2150197128391316,-8.198601548547092,3.4238250386945404,9.261834818515677,595.649824843944,0.034320133929165664,0.00022195792921202707
33928,-0.8954187662261788,-9.401477177742018,3.807021859890776,1.8749010867731264,467.89352697386045,0.09340971300147327,0.00022195848696459283
33929,-1.0006871432765205,-7.7744194006463205,2.589450695524094,1.3858290949176277,320.5076092581901,1.2156018194057552,0.00022196596099431043
33930,-2.8817679829709233,-12.416458502232642,5.1211024235415366,1.1400412499746084,240.3113227555991,0.5245555295902866,0.00022198358522643172
33931,-7.756708727673313,-10.64811691994938,3.5053042906168423,1.3749692434324392,326.9799321207282,1.8768289347039318,0.00022200379238008884
33932,-0.8330172908358389,-11.70518306434867,3.4802502449437176,1.5734139975189145,367.6441187537132,0.48270022308336724,0.00022205750229240315
33933,-7.7932163786465125,-12.359704204106515,2.8873681871091823,0.9564509418028894,262.01233455575795,1.2291426674964692,0.0002220770168804922
33934,-0.4291840184716005,-7.736805566332071,2.6184839571108,0.7655162243195658,207.44668923878686,0.3572228335166656,0.0002221026070408594
33935,-0.37072250126700546,-11.598672154332155,3.5227019971405142,1.2074532602150345,204.66183511064352,0.1098069224783833,0.00022211468355695738
33936,-3.5760330153296582,-5.318958615444666,2.025437549259734,9.95425354330391,786.5642014353368,0.34786051308873134,0.00022214390664797924
33937,-3.9830350884573935,-12.555482067790493,4.51432927020175,0.7186204815752658,152.8779675872326,0.04523263030693858,0.000222169548087562
33938,-1.4761487554195742,-7.8697129217641395,2.9078029493462334,1.32068149708976,308.315303634099,0.47439718047492185,0.00022217597009092642
33939,-6.701489220770902,-10.07621990689647,5.087584278220045,1.7899253739807064,426.5434013282606,0.5797167406797978,0.00022218122618569653
33940,-2.3183664641165755,-7.782544323415458,3.04808307666973,1.2590259566220177,280.38994312583424,0.9898905860861289,0.00022218972667199962
33941,-4.188174135461649,-5.611989097270983,1.2111441056511325,0.9795183647835631,269.7938043849194,1.209754553767553,0.000222208079123819
33942,-1.376128947290173,-8.811102240904672,0.948511821543496,1.9887280205443563,390.26937683755733,0.8144844184356979,0.0002222084906359984
33943,-1.2360594410365824,-11.626812880756367,0.395922235366201,1.1512508974731626,285.40239825693675,1.3878328514525249,0.00022222524937340495
33944,-0.62139368067362,-7.910875183352465,3.06966152275552,1.3661395625943766,323.9263253602354,0.8788498727445271,0.0002222624714932697
33945,-0.746246379084651,-8.20603109751655,3.427282352535932,3.6587759436942107,547.0700745707122,1.096016061288407,0.0002222882575853238
33946,-3.1598611091212945,-6.217416247440364,5.027251446443304,0.9778739342682291,467.58396713320406,0.30717583509667623,0.00022232296614999253
33947,-4.072638898611954,-5.059829770362316,3.1316866105670167,1.8022005269816845,468.3829646284132,0.5300184682677775,0.00022233018063576906
33948,-0.7885738486130638,-11.992611215666871,3.4992596647948213,1.4844266596998086,339.5212529510257,0.9576051779919101,0.00022233503289517936
33949,-0.23637510445935028,-7.755776934549713,2.217522430666692,1.2679984477709803,285.5007487807302,0.058819679821541015,0.00022235670171768209
33950,-0.09755084441091277,-11.674183949767045,3.4612438875092697,1.7964211699748038,428.2966158804492,0.3263448580696471,0.00022236110632886517
33951,-0.317973489182954,-11.566372656256192,0.3973934821901939,1.8602515583057795,445.9072262254356,0.42094739814681237,0.00022238486278931618
33952,-2.348023777143612,-8.117579308656143,3.6157720856635094,0.7384348346878167,180.7198760989816,0.904133993651179,0.00022239390957958305
33953,-4.609393701884004,-5.000633592183215,1.833862411093628,0.9897431958193693,468.08434256369054,0.7216755721349157,0.00022239889039718633
33954,-0.8454055165903913,-10.303304889309805,3.706223514624042,1.834643573168206,468.9855016739857,0.1785246897365811,0.00022245953580053967
33955,-1.2653746464374702,-11.584177636075934,3.4742429372524635,0.9229128303341679,467.97963861713123,0.3586185398015873,0.0002224702056682726
33956,-1.4721524127953742,-8.073290170741743,1.8208312140953253,1.106079430510161,469.23618725779835,0.10939788488381463,0.00022249360049776776
33957,-9.510186103604996,-7.283542454051727,4.246292100937578,1.1809419938934662,240.36303891801535,0.38707545189207604,0.0002224943158591915
33958,-1.2473508042103045,-11.064132308403504,0.405626928362095,1.4180608522983895,332.8568860560479,1.9424147101360063,0.0002225165349456303
33959,-0.5623489399151858,-8.668964542148021,1.0283389565990326,0.7943302013148914,161.46146446245515,0.032148907988725384,0.00022251966916087535
33960,-1.588286649343127,-7.765838453355246,2.7410649392629067,1.0161462048626773,139.23323073276433,0.3260459486401288,0.00022253104701884765
33961,-0.37296142453635817,-7.757349409022322,2.470799780020667,0.8651696115717856,184.5012752171868,0.11019359961088249,0.00022253876501448496
33962,-5.025763032510337,-12.038112956906923,4.592187512952458,0.8815751862338508,182.95441488506958,0.3465121780464733,0.00022254120821574622
33963,-0.040872013077351,-8.629578683787544,1.0754462608176831,1.0948697108688623,224.10010473151632,0.09357104573572705,0.00022254846869213657
33964,-1.763055118607662,-9.108341147387067,3.796884235241573,4.271490440301709,576.3511363495504,0.41425731606280447,0.0002225516490518822
33965,-4.037813763440155,-5.598845452136731,1.3672715493425323,1.8678418576821496,389.5548015046269,1.9154262593098492,0.00022255539928323247
33966,-3.3186975608988707,-6.003787271955371,4.81990291131497,1.0624656304439304,260.0669321332768,1.4928374350736364,0.00022257008955376195
33967,-0.7480950041834351,-7.743995081840324,2.184186809110115,1.211891629143845,260.1730324454277,0.06792845446759976,0.00022259452176415345
33968,-0.29838988071719896,-9.251063224801111,3.8040036053987896,1.5591651767305494,359.76996191390555,0.23311879718950568,0.00022262240514799082
33969,-0.8059033853379045,-7.960304833467532,2.0118500877219834,0.700079436137528,145.2469291791797,0.3215574114137798,0.00022262614414936686
33970,-1.850414600206431,-8.154519219335052,3.416428880175805,0.7510521040400274,153.3871245512384,0.6355983290320983,0.00022263120003854548
33971,-0.20933311739855398,-12.440731145712045,3.3742639021744023,1.1266918903069825,468.34920243196285,0.517012080445939,0.00022264091451399827
33972,-9.728499170098472,-5.733895522085309,4.55141414000419,1.434900317985384,322.86768117444353,0.23420261232801565,0.00022265036325425425
33973,-2.0669403422256236,-12.321989234840254,3.4548527194227145,0.9225239546085184,467.251494233597,0.296547475629624,0.00022266015616262733
33974,-9.112195304731811,-7.887833545026002,4.028304639230934,1.78643048267723,468.3706337149434,0.5253386131610069,0.00022267613645490114
33975,-2.1775608392836414,-8.769333507700635,3.741467963298673,0.8070135539329728,236.58013558727026,1.1613875137385037,0.00022268684224453216
33976,-0.6115135937042915,-9.515863959138127,3.79598581886058,2.310409087012043,435.28321623836064,1.4417407454561912,0.00022269198954646545
33977,-4.1948974046651415,-5.450538673826209,3.775653485602541,0.6809044384896606,145.91871962699648,0.10224727198292172,0.0002227361508057746
33978,-1.7989845598989245,-7.964340368266355,3.1098198208427594,3.3715258947822324,520.1874100150136,0.7201061567239817,0.00022276304727737847
33979,-4.8968524272677705,-5.766641459831121,4.972862686979021,0.9486952164572734,230.24203250855433,0.9518483369844457,0.00022276661083807736
33980,-2.5478865813594833,-6.7921862327937435,2.463274566939774,1.1085515527238412,285.57440641020594,1.4691541787673081,0.00022276711188288324
33981,-4.54942495415049,-5.209241390927524,1.4748033826178262,1.0945100754926316,283.416344507797,1.1935730436186658,0.00022277820919416395
33982,-1.883175161621752,-11.961610534130093,3.4012773290589626,1.8267353903471328,438.02513667342174,0.8273173485340175,0.0002227844994796255
33983,-0.31425536819511635,-10.672912497910083,3.6634873072145124,0.9854115490498758,253.47965496321441,1.2301242454989572,0.00022278713586882146
33984,-9.837030453906207,-7.25329661156831,2.091555897765342,1.0040162286264631,467.5927652854893,0.6834367106500343,0.00022280289355648282
33985,-1.8327960910302785,-10.61956251487667,3.6245913600483557,2.05372687837421,406.45542862648364,1.2971881450635117,0.00022281170256391455
33986,-1.7053782951338121,-9.987838913990444,3.74469649889939,0.8891803861956189,248.93068394131217,0.7498657401118409,0.00022281435245992718
33987,-5.406558867920765,-10.856091885794507,4.871718790963215,1.4004814531904974,313.4095976208041,0.4725417793926896,0.00022281763083059752
33988,-0.33561173581400183,-8.884838720934606,0.8657430336636993,1.7846343985977553,422.7599793849313,0.5551601321598882,0.0002228220818922126
33989,-1.6640074477845275,-12.346222554007886,0.3468774386177107,1.5861053319044398,293.5833754457774,0.07459883986402804,0.00022285001643540316
33990,-7.150297657336014,-11.45653478525789,4.184164085517896,1.0074334546847847,468.6832807523626,0.8292324552979888,0.00022285547149102522
33991,-0.943041802534303,-10.72244366346711,3.6563256009410443,3.3615343744165624,270.31399166726425,0.2144101308841977,0.0002228597223222703
33992,-4.398376460658307,-6.329568836376104,0.4915215427351392,0.6858804800748743,135.88592804289473,0.1571154438278537,0.00022287429160116142
33993,-2.213982070718762,-9.272339784961545,3.802778457425236,1.1076165961669342,293.612454684922,0.9007525077472751,0.00022290639732590136
33994,-2.3037263717352108,-7.5615644056718425,1.7886768413665275,1.5942242920121372,468.9075178326735,0.8675159181576353,0.0002229246730946602
33995,-0.7239157979531932,-8.787989251616217,0.938792155245359,3.326234522349729,505.6823466210989,0.3227208999057627,0.0002229431652545892
33996,-1.7696245731418685,-12.520670357972797,3.4357124060706057,0.49557427457744857,125.27681044475604,0.9895408770154654,0.00022296377270834166
33997,-4.369260909215154,-12.183409399734682,4.55626978882549,1.765103819318395,468.48124053424925,0.6541130778261746,0.00022296687025869324
33998,-0.45307654229789485,-7.925881454521673,2.9539175795831576,1.502127865576028,354.0310036128851,0.492350033854672,0.00022296824060313546
33999,-7.977547886490046,-9.044939776445316,4.5193471875653675,1.0590959933928237,278.7321520654338,1.3697489800367402,0.00022296860098598256
34000,-3.373466893652547,-5.6256673923233045,4.027162013755173,0.9117287373547475,467.66953292994145,0.3127590722271325,0.00022301167416150398
34001,-9.185455055010014,-7.028543613710604,5.074505115203673,0.869375964934161,467.8674741165918,0.7658363777110235,0.00022302421306794358
34002,-0.8744652238443269,-12.420566150127696,3.394324265462061,1.8155548656385991,468.3688133991519,0.1845755372909581,0.00022302886640135697
34003,-4.025263629561882,-5.134099742156581,2.2467657577939617,0.5580030991016582,164.7261778249395,0.842827087521715,0.00022303157542667687
34004,-1.1690196749733754,-11.30332365104349,3.5549554232937077,2.0301222070505367,409.07936495735026,2.0549142601368064,0.00022303904654930647
34005,-0.6215108751206007,-9.437358855627725,3.798379672447238,1.1508621891396027,258.01230726429606,0.8867399214639526,0.00022305170986849573
34006,-0.015178825624005299,-8.802353673628154,0.9104160961678012,8.430450954299241,742.7675443579409,0.3061492784557611,0.00022305657932787955
34007,-2.302976424334937,-10.562528784694676,4.079585166533075,1.2821337230021859,319.720747520345,0.47874975487761784,0.0002230774443272807
34008,-0.8271517640971133,-8.37591506096475,1.37876808471768,0.9147844200715061,469.67501392935645,0.0908824063311302,0.00022308334321023763
34009,-5.344077168962917,-5.944593242861783,0.20002826939164461,1.2951095646893414,320.0274482076335,0.4431758845762035,0.00022310763167101503
34010,-5.374462182969185,-5.0441865403132695,0.47446673651390764,0.7058368386364261,206.617766088307,1.342655735990136,0.00022313212969899535
34011,-1.1086503698400723,-12.551730415928155,3.361291617861693,1.8840508981242439,454.59684922845605,0.38099269761366994,0.00022313766500654767
34012,-1.80806242412722,-11.876241476277222,3.4068704559203984,3.213187495740692,502.1651180251102,0.5284954653894118,0.00022313833258557413
34013,-0.534468734836663,-7.754573604721125,2.56512408333868,1.793838451206428,428.255510032249,0.8248826617565435,0.00022314155608610845
34014,-3.999229451678729,-5.047771825995947,2.8018720628613516,1.332429960487347,271.70125595119407,0.46212630868192495,0.00022317465975333262
34015,-1.0768667752374945,-8.11689094814131,3.3177628447382643,0.9979794332795912,274.7542137923957,1.678128608139179,0.0002231858390631677
34016,-5.846080536489203,-12.288879746585454,4.578103593999585,1.0523264649787096,273.42022040874815,1.2526367195841077,0.0002232612231811973
34017,-1.163947823400239,-9.024623554504032,0.8417519907113594,1.7893703589783432,468.5332148482361,0.8377893503842504,0.00022326927669549787
34018,-0.02720490691536348,-12.929344220432062,3.4221236078549313,1.2397882166985787,259.0062748149653,0.41321124547002785,0.0002232698251814988
34019,-0.05209502796400223,-8.360125245134622,1.2926523321173837,0.8462506552874777,207.5426627685856,1.0317639891670236,0.00022328310721789283
34020,-4.443468836636696,-5.08455319364054,2.0511943864324214,0.6990687437483977,146.3991105818219,0.7371253063734358,0.00022328742910817862
34021,-1.230539968356279,-11.91902539751722,3.45894609630434,0.657446908709932,203.55961858921592,0.2459868823364264,0.00022328754965820748
34022,-9.130438975872782,-7.844041870373774,4.072049028111176,1.2014549235395138,304.1165042740541,0.3966249111487965,0.00022330032671526395
34023,-0.8767401047607173,-9.298834669214429,3.8000946583594972,2.4064113877404907,443.2475174369207,1.2216658652475898,0.00022330143410302308
34024,-3.700759935235988,-6.958931264879162,0.09392799708566017,2.355132470032926,435.1692995272123,0.3747947578657822,0.00022331977808537424
34025,-0.01735932778054483,-8.212779006463954,1.5978817566014272,1.2022041959180132,467.1419075256827,0.297897368272916,0.00022332401369495362
34026,-4.050769125205242,-6.178414240201112,0.6835436985318284,1.3583511261260133,304.039845714152,0.03290177472984368,0.0002233376336808529
34027,-0.3615219292394194,-8.260492251279308,3.4566270371639787,0.9705861857986223,345.2239343568371,0.7586151717183425,0.00022336125681909083
34028,-1.1206003057465512,-12.55826168361603,3.4296864120181536,1.600466425628585,342.61631633547614,0.5790786157465755,0.00022336319305095637
34029,-0.4242232051668733,-9.859040339955296,3.7525170260821827,1.2233136541146987,295.42532635075554,0.31551799833812844,0.00022336412902141433
34030,-0.8112733531227274,-9.32786787136453,3.7994741705944364,0.7960671735606534,229.18387954521668,0.6732666680370674,0.0002233785821006616
34031,-0.5860470171951242,-8.437019154626606,3.5937669494296847,0.8594853711608459,466.8413045116696,0.5526216970744189,0.00022340603413611616
34032,-0.18880710732682005,-10.528447495364405,3.6729326655276044,0.9168893431292241,147.9058891459506,0.22817505031301177,0.00022341724434994
34033,-1.4486457048958492,-12.431213420655375,3.437118975587718,1.1314108421569609,460.58424176147116,0.6088485269824231,0.00022342048100963653
34034,-1.5313433604869804,-10.410106522682177,3.645865055582778,0.9393044520758271,367.48285422381684,0.627707390216,0.00022345098023603927
34035,-0.26235454590682394,-12.494671533883302,3.4326850480785294,1.7122371426943248,238.07366011698196,0.051334669256553944,0.00022346755282227985
34036,-0.013249412434589658,-9.237272913447535,3.797715233865947,0.9526507190475679,185.65325690356522,0.16892572561038044,0.00022353014847275291
34037,-6.554742554260894,-12.98601730189941,4.415186712681028,1.272103336750231,467.8124330685878,0.3738100688499255,0.0002235526399899025
34038,-1.6075914394589716,-8.828188341834062,3.7259844656006504,0.7029028766608315,154.9582340562552,0.08757690754374448,0.00022355940049476034
34039,-1.8370762065621236,-8.593287319803359,3.673238191536302,1.8650912791097183,446.8899018254049,0.5336735506310877,0.00022356780440254185
34040,-6.008784100468651,-11.770768723532733,4.636925363864411,0.5771249105054109,118.81369473913011,0.48778297077160904,0.00022358493077024157
34041,-3.2755915597265064,-5.161577986296011,2.4369724551202805,1.7799175459027679,421.09145177396476,0.5372784519408453,0.0002235894211122386
34042,-2.8040275272989277,-6.13483437843736,3.1985611313273563,1.0237611596997878,276.12915477529356,1.7622269575323806,0.00022360254902304102
34043,-1.525977569622743,-10.088856921393065,0.5099637121619433,1.8043167873027395,430.5943927646419,0.2126408696344706,0.00022360861986395195
34044,-1.3007941566187942,-12.00807427166437,3.473606417892003,1.358241201689135,292.0767527670731,0.5498768346990799,0.00022360907390454827
34045,-7.621097178142692,-10.083552332479488,4.115600668980488,1.8406597172515078,441.4271835982918,0.45668087068321483,0.00022362079736243482
34046,-0.5518264010799925,-11.37218317981806,0.3918991524919583,1.2226306879488893,468.1524476291304,0.47966772824300463,0.00022363186140072876
34047,-0.11142855829987397,-12.885199215416238,0.365305778945095,0.7758040427816488,226.2366551253428,1.0333890315157683,0.00022363613960940166
34048,-0.6777369327137244,-12.772940534373419,0.3752987708597825,0.9736690673276245,467.77769835079505,0.5634974680874221,0.00022363896224922913
34049,-4.810176775512227,-10.819233321333304,4.865056966755046,1.4274977358589005,328.3548637557168,0.7572354716460135,0.00022367089756078072
34050,-3.341224908749493,-5.931850494197087,0.9941471935801858,0.8931383954221341,175.2558051856027,0.1253031575387693,0.0002236713890897566
34051,-1.4426853714075918,-8.716475621402347,0.9749742817075457,1.7536501074678799,327.677256381217,0.12222885520948079,0.00022369848954233702
34052,-0.604572355621416,-8.139015926932371,1.7181214265839413,1.5597490084905918,470.1132271594666,0.1963458476090727,0.00022370113624524355
34053,-0.6509422520110739,-8.284347681146109,3.460929286161399,1.1401872569371865,241.2574309457883,0.33789984161693365,0.00022374161409269893
34054,-1.2079952647480248,-7.7552659299840965,2.1872093481141253,1.5323938827045873,345.2002718336323,1.6057767431650296,0.00022374222691675397
34055,-2.6859591607784195,-7.082904712195095,4.53539491669671,0.8602381882334946,172.88433850428385,0.1760856769973289,0.00022376175795651176
34056,-1.7378517022632884,-7.738284021645285,2.521866067390487,0.5356464942137752,147.2736844608648,0.976428540601459,0.00022376791171712244
34057,-1.603698719785024,-7.949669241663952,2.9805740622705006,1.0847716658271342,282.71926137315467,1.3403708640770686,0.0002237751206247343
34058,-0.9137000245674773,-12.506485025237598,3.4289854820442165,1.7618931093044132,418.35555840784673,0.004449235828686504,0.00022377921866953654
34059,-2.1611240142239474,-7.808099659205794,2.3774334845826797,0.7754222984943108,232.1379547259121,1.4815621573350795,0.00022380991481247731
34060,-1.7143584118692807,-12.760652205936454,3.3392878762047737,1.3258687204514479,309.99178617967493,0.9190967054525849,0.00022383152858746727
34061,-8.186586275068922,-10.055891842464707,2.626921003603905,4.388584512626617,453.00907826334645,0.04015893522074343,0.00022384021662767448
34062,-1.0242345940393296,-12.301282890850596,3.373201797282736,0.855439364478004,221.56260162373533,0.5139203227503932,0.00022386849314106935
34063,-0.31603799184632564,-8.149508145004642,1.6365812259760204,0.7875264707735716,160.4098068351215,0.7158788014183273,0.00022389065311555797
34064,-0.5052401350744073,-9.717919168780695,3.7679825306767483,1.1312120983656553,467.41034366238927,0.6686940834700854,0.00022389248754936148
34065,-1.2837305744022416,-7.76568460048886,2.566608610895886,1.10667705318748,284.05743034582235,0.6713666246911147,0.0002239209167596811
34066,-2.7524272275200987,-6.254744012035574,1.4070508276086717,1.1093864636600608,286.66552012685503,1.5116432347910234,0.00022392710878055118
34067,-1.3340772933182148,-11.564178811759131,3.461203478845958,1.103426769027031,467.02811951285065,0.7963866487590208,0.00022393852366351603
34068,-4.2356189224494205,-5.3115649925818165,1.7068752451811144,2.147351392486038,419.347161751978,1.49128695016097,0.00022395078766156184
34069,-0.5042664770014795,-12.28749120059038,3.37324903003077,0.9230487886851959,468.646865743195,0.3217664898876871,0.00022398267753585585
34070,-1.243728641085621,-10.281433638517539,3.7502509052487296,1.1598143193118473,296.59617017101937,0.5338943052731056,0.00022398554197919173
34071,-4.033773028409565,-6.562311032422463,0.41365210041593153,1.6664592051567897,391.593841469444,0.3807246490017304,0.00022399002056420794
34072,-8.400821096296992,-8.512105428851719,4.447801476772375,1.6618782007696717,469.42852751558627,0.08023680921292442,0.0002239975911904127
34073,-3.425548020033676,-11.125318783010407,4.733865626869888,2.3622924551484723,198.3702377260771,0.31701722642127983,0.00022400425489413345
34074,-2.366929507990826,-12.373472534460268,4.731112451330595,1.0260017647602362,266.07302609362034,1.2514238531718913,0.00022401409634550127
34075,-0.46420083564201065,-10.002791932898374,0.4851734219971259,1.8644055235725983,448.8684514568015,0.21301102081174772,0.0002240409106849857
34076,-1.2333876736696823,-8.397956015933646,1.239152314973361,0.8465760101385581,467.1566179735014,0.09598397890039223,0.00022404918440941166
34077,-9.999710699309796,-7.232845805416036,2.5624619758658014,0.9232968551598414,469.4027031938346,0.12436748209003046,0.00022408158711366048
34078,-3.7122394510425707,-5.48719164323686,1.8384335181044302,3.003410443514994,500.5870384507808,1.7698797983260732,0.00022409865283377962
34079,-1.5509635249815865,-9.313186997379685,0.6891298640073144,0.9682262834024762,468.1069236703136,0.73479223939023,0.00022410223059630074
34080,-1.4569737565530456,-9.335930471301834,3.79460564292626,1.1184683570237777,168.57481019701214,0.18934591035323933,0.00022411147420040083
34081,-0.1734970625348442,-8.032032392252795,1.93370923492945,0.8024267137130989,161.27130448855775,0.06804388568170783,0.00022414339994689648
34082,-4.514497560347445,-12.907201998626133,4.500976629552455,1.315789012843602,309.7130473878984,0.37073576419169996,0.00022414991342196774
34083,-3.6832895613156005,-11.478644842027796,4.652378960986444,0.8100812438445749,186.02787984768398,0.28693325408577675,0.00022415641204359446
34084,-1.186382879231319,-7.757058978469795,2.195084968313935,1.1342854079351672,265.741421997376,0.10583515952705103,0.00022418103692316404
34085,-2.2524271562831117,-7.648847768574087,1.06500993803571,1.181133182928376,258.1379218585192,0.07806873674459869,0.00022418392209607726
34086,-1.0580576741153678,-11.724938178798855,3.466673233809848,0.8423173471403832,468.52960508728563,0.5451763606880888,0.0002241887630468304
34087,-6.307288851177688,-12.375302787244147,4.524734525016093,1.0893433052377972,288.0212497902513,1.1809277996493064,0.0002241974367823041
34088,-2.094095242610586,-12.128979871708381,3.4561407543757103,1.762421413699521,470.0837320159166,0.12146909758420676,0.00022419985798693875
34089,-0.2469793625296859,-9.07424450648525,0.7682291803744136,1.1168429543467802,269.6195905333501,0.791552839635048,0.00022420907212014344
34090,-0.5782845576807443,-9.366050901709567,3.793346100478854,1.4076717714159805,307.7156978613935,0.2553531626216605,0.00022422112702346247
34091,-0.03622850256939003,-11.393688783896167,0.4068206642937412,0.912676506780799,467.66466347857437,0.616782256250759,0.00022422341540852465
34092,-7.73192947223835,-9.718280854453834,4.218161516047435,1.770139646108591,468.6365143117643,0.4935816204528862,0.00022423384383254665
34093,-4.032083109780187,-5.96193385225704,4.8141596555393695,0.83509741254157,168.12089843227196,0.6732565198240463,0.00022423971138172826
34094,-1.160286483983171,-11.566406075952075,3.508018446741725,0.6956098986881485,177.20366247455706,0.29895630179587496,0.0002242429927549524
34095,-0.30502445194561467,-11.36014481778692,3.535739833633829,1.2619907374363357,316.0390901210306,1.2622252191499053,0.00022429819754418224
34096,-1.314940262327509,-8.297059739805187,1.4332921172618456,0.9743460576648375,194.84384262172313,0.014503117575459967,0.0002243096738433476
34097,-2.217840635817929,-8.987930942498938,3.770653493624295,1.3631305858289717,330.5979373929638,0.30781633596546865,0.00022431731735233538
34098,-4.112444935656408,-5.1755301403674,2.0087854361464963,1.1418936589802664,438.48384790589967,0.5454244739019574,0.00022433077079040035
34099,-1.9927216950753852,-8.08918280174089,1.7959082328578284,2.684193840704644,459.24444558454826,0.6226596075449011,0.00022433132811268376
34100,-0.11457382052571141,-11.39810859843,3.530231701592352,1.7293455841330692,468.15676588764586,0.27832541803857413,0.00022433173989869226
34101,-8.216856625217087,-9.806196995501299,2.8740326822089064,0.9352942474273613,469.56537740424557,0.12850501328638053,0.0002243439347270648
34102,-0.1324816962284423,-7.800508072141778,2.595622707560391,0.8635137582306249,214.06139467147702,0.6953083402371893,0.0002243701235474588
34103,-2.8683958562203946,-6.065563582167299,1.6774616673681086,4.040683295167346,487.2757005706684,0.12660594036821937,0.0002243815050573804
34104,-0.002707264034647494,-8.395174874215765,1.2094100958731484,6.543840579887626,355.24678572101254,0.24264082372600626,0.00022439535554767754
34105,-0.4397880294039229,-12.423756223693449,3.3580191073795054,0.7273040881108146,192.83075254767377,0.9894977079590435,0.00022439548372538682
34106,-3.8598022196515984,-5.29064050699438,1.8965838696258006,1.8179161565592639,469.7095310037189,0.062040430632548826,0.000224464166459946
34107,-4.697406915055468,-10.42246920094867,5.035420274327004,1.0808867148042756,264.7005353810292,0.6753918367172789,0.0002244681604408812
34108,-1.1329391477843362,-12.271107230693556,3.3695956561894027,1.6498849221335028,385.6374159471988,0.019842124589165344,0.00022449755671387117
34109,-1.6044746805114212,-10.94568727533694,3.598734644356457,0.5934383019283004,176.3244860555517,1.0739211139405773,0.00022449916877722098
34110,-1.5854950213928802,-12.39489483624361,0.349017366998219,2.376506950255795,441.47859957445195,1.2831975154442512,0.0002245036555551024
34111,-1.858009764655458,-8.341027443350889,1.0985032810483377,1.1109247622427156,286.22415138968574,1.6371774062473357,0.0002245093217273801
34112,-1.5536675659829502,-7.796601888143914,2.687073448928889,1.888852784246285,469.8950859533361,0.07029821188709828,0.0002245837213821686
34113,-0.8702554979160908,-8.389723111017425,3.5528802668932413,1.212619446264746,233.21030896983598,0.02099360523835614,0.00022459070942807666
34114,-0.5259458211575954,-12.669759486432852,3.337003360772975,0.9069925467267458,204.62403107764322,0.3904436530752342,0.0002245992934448503
34115,-3.150836754083225,-6.216942757057291,4.9794289748293465,1.2275141378314205,312.3885823878526,0.40597081444788774,0.00022460516218633913
34116,-1.367334135369239,-9.911232542914203,3.744716776986275,1.8468903239986665,467.5698504051424,0.33775787448445893,0.00022460993990518004
34117,-5.121109574765768,-5.02433387950112,4.295215726344078,1.035757219012995,280.78663637836416,1.3449994682584316,0.00022461045572825353
34118,-0.6185432767985137,-12.738537814235922,3.3324556834651875,1.8201123088411117,433.3262413384809,0.49894070699197623,0.00022462394063518798
34119,-1.2600316611954128,-8.303947998391571,1.4278233027149636,1.7793563910447805,468.29063273011036,0.4704690911177414,0.00022462589935117965
34120,-4.809022019788828,-11.45948448997431,4.678761376447727,1.0793058951599017,257.8879537297502,1.3450582899411172,0.00022463034740276475
34121,-8.822261044451846,-8.046474798310605,4.360497504266846,1.2800445252968013,318.86324611701446,0.46266392098858855,0.00022465767757887537
34122,-0.4413152709799295,-8.904705606614584,3.752799672944294,0.8331890225408756,430.88888891596486,0.1917768086881182,0.00022466564594110508
34123,-0.6190974417317978,-9.996183381647686,3.720461248036227,2.7857116614766917,482.99211628061227,2.021295465122856,0.00022467435593918368
34124,-9.576011793083232,-5.232777460654405,1.4802193733250537,1.9617715147689325,399.58391735253645,1.7779010450324417,0.00022468654135944467
34125,-0.4175470324580086,-12.094980628077947,3.398602612933549,1.4212621246554367,470.3632782457306,0.024516382343509058,0.0002247534857332472
34126,-1.2395570669432807,-8.257905128112963,3.448796880316953,1.7483737606935612,414.1609056847177,0.08673353706428966,0.0002247573452227127
34127,-0.7846046681724754,-8.246547779216838,3.438778339472368,1.4090176787732536,283.09557811646823,0.07766258827509542,0.0002247837305301402
34128,-0.3800443389183972,-7.931138552230011,2.0747675167092976,0.858894146065037,174.12647979879415,0.8506567625974517,0.00022478453122471657
34129,-1.8039768113645689,-12.681113271957082,3.334322064023302,1.345902621334129,323.04254278401015,1.932295065643352,0.0002247930027197605
34130,-4.6451714687953904,-12.386741023472894,4.540838986027357,1.7447742157595518,465.1166846722209,0.5220227439393552,0.0002247940984443543
34131,-0.9155495667092861,-12.212141523139719,3.4403104980942336,2.734967165053926,456.4747606453952,0.21540243211400156,0.00022479638889948342
34132,-0.1698755910682923,-7.985266772836993,3.052739510034634,2.0735873550904604,404.965371621409,1.0173252929182395,0.00022480358464151213
34133,-2.084373432208836,-9.212945676874195,3.7886228692156516,0.6286604692159843,197.00658268702526,0.2851289686783671,0.0002248050350603182
34134,-7.744460793952813,-11.653481523045082,0.33244608641678774,1.8741481830399895,468.16185160346816,0.43973284928107237,0.00022481854194378393
34135,-4.658608393889336,-5.453429398040402,1.1409588835307656,0.554547459792375,146.8504718822538,0.9242805121844331,0.00022483408227638664
34136,-1.9529372184323694,-10.544691005853828,3.6421384845798443,1.0882050782292827,358.7802546189669,0.4899216608587711,0.00022484565047704665
34137,-1.645438206867528,-11.375086175613697,3.5288377721111845,0.758806898017634,467.81673939075665,0.28232960780773997,0.00022486947116932889
34138,-1.5377306758965652,-10.371022908375469,3.6899810124363124,2.127092980937221,418.74621103584616,1.8070521955607175,0.0002248801746722409
34139,-1.5155974815435922,-12.809367515754769,3.3255885571160966,0.9092704102641388,145.8980631324623,0.234655759667322,0.00022488207720862887
34140,-2.0005931314146483,-8.412990783716321,3.5659074854278234,1.8275970036474687,467.6228612949107,0.3169244261019326,0.00022489164435392117
34141,-4.040343978999498,-11.78791513173017,4.599036881847123,1.1131196986251226,289.9362068840929,0.7466961949754607,0.00022489439349792902
34142,-0.0565276772234764,-8.092952454798962,1.8324657440513237,1.4559087836767344,335.64779109639363,1.7462284255489626,0.00022490323236934004
34143,-9.327037455660639,-8.000014406463396,3.099930250630198,3.443109865166698,525.4749449186949,0.7071860175294669,0.00022492902629962813
34144,-4.330148928199952,-6.274253174868978,0.5526173968410949,1.3497621903640975,291.3530069935533,0.5612245906519862,0.00022493719850441135
34145,-1.227917552665863,-8.301363499977267,3.495758770761929,1.149453412742619,297.5208524534178,1.1032011549029006,0.00022494391387168413
34146,-1.0462353764259564,-7.841323780265318,2.1621055232289255,1.8754188420855007,458.04623144546423,0.555525179557427,0.00022497606078096484
34147,-1.5601604943664054,-12.441858129317223,0.37353274305138445,0.6655206870514064,135.18514710254468,0.6174551554245395,0.00022498016098054685
34148,-4.137871760982801,-5.969791494016461,4.943551648794042,1.7547088416815286,365.8407043699715,0.8475734873516982,0.00022500196375267278
34149,-1.8780631801082777,-8.667964981031346,3.694737759394317,0.9426219250072148,468.27745920511904,0.8827809607888444,0.00022500688085755344
34150,-3.6827171258232703,-5.0679139654656415,2.5998174973943704,1.38713959468116,315.06708805253044,0.7998222046241894,0.0002250284140770256
34151,-4.78292690364678,-5.569529071961146,0.906987299374215,2.582336407326135,247.61655793867564,0.1698786676638786,0.00022503746141881703
34152,-0.7132927256652231,-11.33248956212617,0.40794462495469946,0.9535297907382934,469.6478851155272,0.08912146208645844,0.00022505925191560096
34153,-2.1858883411598224,-8.056414882866694,3.1678977923250655,1.034699625742284,274.8963334195007,1.382552328980128,0.0002250628839326399
34154,-1.8755973467870053,-12.340305201422273,3.428278136008069,1.512661069275052,296.89350156597044,0.11635772549703383,0.0002250660751128546
34155,-0.19905889848364922,-10.427019432214882,3.678618046811069,6.965301103054287,692.9328512966455,0.29069965374691087,0.00022509313367304536
34156,-4.236045062596886,-5.6599788258044965,4.355930366624568,1.8653901768309076,447.32141249542235,0.5013010028889866,0.00022510653688114713
34157,-2.708825556975558,-7.2141329957712745,0.29388165754898066,1.2549919508585492,218.4271586883679,0.036432904631698904,0.00022510727278978685
34158,-0.7328716210802426,-9.01814098914319,3.769473787568316,1.5171590807292903,450.8224396181927,0.11258459589919134,0.0002251099916872912
34159,-8.461022998988572,-9.06992817446904,3.2799850427262913,0.5899491567420778,138.87237177436091,0.22488918196830898,0.0002251177870030623
34160,-1.6035850028938565,-11.476623214520556,3.462747542592418,1.1703438794619128,299.2844204977258,0.6838273531807291,0.00022514286749237956
34161,-3.80117404916843,-5.121252253388919,2.7956859083460177,1.2690820238167104,278.4817333651615,0.42430428777562135,0.0002251433012426443
34162,-1.6546605602148503,-12.259404625238679,3.364088681298321,1.0533224712156553,280.84443467090324,1.7646914938962768,0.00022516142456942552
34163,-2.405203421655581,-7.102717465981379,1.3450232671487283,1.7520340382553778,414.00343821650216,0.035156213535709746,0.00022518877311329308
34164,-3.5381668486125317,-5.272998422442302,2.3568512705667795,6.850566181014113,533.0579399307964,0.03322828384215715,0.00022522557744857494
34165,-0.675363999319762,-12.470194763728571,3.3445054026749585,1.8362600927445278,467.8083039253631,0.35443148439651395,0.00022523718094933997
34166,-4.226593577729545,-5.195976320087693,3.519851583517374,0.9855557530951463,204.4467694033679,0.29567807382067546,0.00022523892491697504
34167,-0.4948929239038371,-7.878100371571107,2.89838451037744,1.6818602155356948,392.75590487775554,0.2684082614752379,0.00022524066307950765
34168,-0.23310209386922764,-8.509808400452767,1.1615168909575144,1.1671927729043095,295.2536554999113,0.27509069336614544,0.00022524413403824712
34169,-0.18363063497870513,-8.159955382390763,1.64126433588753,1.124750268663059,468.0421731793586,0.46232948507076443,0.00022532648461841558
34170,-0.1628369385473718,-8.298550334130379,1.3036160682051514,1.056853266528472,213.31759949171683,0.7287972535709146,0.00022532894771032453
34171,-0.9765253555801365,-11.097541745612716,3.5673782248197226,1.0342832651758678,272.9690752557658,0.7719573503502977,0.0002253339529407955
34172,-1.4104352929327728,-7.9782238353349495,2.005584823742862,0.9031499024963582,239.16093538103596,0.577904981736963,0.0002253497115962881
34173,-5.478013595452495,-12.397495362823415,4.563273724896888,2.167823807163444,171.61694426173227,0.3959800616452531,0.00022536677868779522
34174,-0.4513988703477718,-9.21555102991429,3.7846681308056827,1.1455064506137618,293.52945072304914,0.6944264664548205,0.00022540056544231662
34175,-3.146097951202097,-5.445697261506851,3.0318789861644384,1.3486115564539454,321.84121251906964,1.0656464757092863,0.00022540275027406806
34176,-4.753604107017878,-6.73493912289713,0.09534625182656509,1.886334534181176,453.83338719630575,0.5688223253978135,0.00022543698802094606
34177,-0.31155311371061956,-8.009329441458117,3.1341027430084583,0.8665990100300427,195.19149086847645,0.7869515202925816,0.00022543945074513777
34178,-1.099256637687109,-10.372695270375115,0.42492656542303753,0.6318859400532332,133.34043947752235,0.1681996376577537,0.0002254468626680509
34179,-1.289004142115182,-9.03670248017987,3.7696809982691826,1.8781992684683593,468.80112429764955,0.563592270176982,0.0002254495792827124
34180,-2.3199773025041726,-10.581345473878983,4.167641447418943,1.1420681220268976,129.6760378354756,0.35450991999807346,0.0002254543788720136
34181,-4.269386354863944,-5.063121116904748,2.1525287707257035,1.008805237031744,276.79582890197435,1.3869829652220576,0.00022546242246076215
34182,-0.4567274150117804,-12.467673203727827,0.38983677906621905,0.8504014625493851,468.0353284652733,0.3838726072462251,0.00022547811723749018
34183,-0.7453761366868719,-9.909628079028666,3.725202980790765,1.3656185990561769,295.44931571767404,0.3710537619343208,0.00022548949102959784
34184,-2.090855151313125,-12.04378437229016,3.4382465436036975,2.880655904728025,356.1010977867755,0.01778084667415314,0.00022549450676686303
34185,-3.689105529227464,-5.911082397213608,4.623091675258224,0.8449368830074069,467.81651868504997,0.3134782450065856,0.00022549724398689494
34186,-0.9209700274433867,-12.008139627725958,3.4509704380076927,1.1693916567268785,285.8926617740889,1.1208862350749573,0.0002255620751274793
34187,-1.6933161721041259,-10.103358688793229,0.46193711153638384,1.838058387239617,467.9356052535792,0.4838072851150299,0.0002255739820219657
34188,-1.6659849229610995,-11.460808642530845,3.480156495515567,1.101669693537801,281.38136342834287,1.3456051772380198,0.00022558031885816225
34189,-9.879591369273548,-7.404585986823827,3.044356184041166,1.8502968498877628,444.096235148536,0.19764690789331585,0.0002256383467350175
34190,-1.9226666005555817,-12.543036891301266,0.3581810331974651,0.9619942571003371,154.5732297506217,0.12235620351538312,0.00022566137053136085
34191,-0.32931329165086076,-8.048569842725989,1.8778372132402634,0.9983187354813383,467.35422800250416,0.4258424543468191,0.0002256658516648738
34192,-1.2542437870024141,-7.7594462502778825,2.3013817543968225,1.8544312230289934,385.3992359539876,1.419032197386561,0.00022566702689547189
34193,-1.2141636702673857,-11.220583181083603,3.5451722190851473,0.7465706725873358,164.3917226527985,0.38112718629633324,0.00022567006155694845
34194,-1.5281546833805422,-12.852682125074535,0.3590865151043746,1.0272029479067881,468.39583650419644,0.3289701097611948,0.0002256748376360342
34195,-7.914495479637916,-12.50588925499545,0.8514060324549441,1.185914075764681,259.96506183847833,0.9324828841216979,0.00022572922895966411
34196,-1.5467533086656218,-10.872635636318748,3.6010842032570354,3.2609708349595072,509.77163424715917,0.5846713318950725,0.000225751898718474
34197,-3.492462450864487,-5.328708917305769,2.1647586468852342,1.339423773870839,316.0966438809069,1.4711828264791214,0.00022576472685474676
34198,-1.2404368848996477,-12.1381466167201,3.3693284767873175,1.3933827767225004,304.031797403968,0.5050910965574174,0.0002257757322251228
34199,-1.3390741511578632,-10.409813238661943,0.45869320970575206,1.0680476199223732,281.76800658764006,1.45164563098015,0.00022577723030464168
34200,-3.3350482612318952,-5.236938710796242,2.5257210476198617,1.3051636739613033,292.5053763298628,0.1736050121686068,0.00022579592943115098
34201,-1.2344767830377457,-12.445152998735256,3.3861094575312354,3.9439847185092103,451.3163979299217,0.07422408722688534,0.00022580738514022398
34202,-0.1325870960539639,-8.569939649503368,1.0846365704153127,0.6920960946780077,142.76354813096387,0.4325388606747982,0.0002258359846517268
34203,-0.6411277595252916,-12.249451436654397,3.427941244089614,0.6805846579670235,468.1949845215826,0.4607026794337754,0.0002258434502055964
34204,-2.5839636325483184,-6.583436490986674,2.4025395240418392,0.9567248229226861,468.9666936095516,0.035551799563327435,0.00022584985684289628
34205,-1.9027528879667486,-12.262991644689732,3.356332728109256,0.6685137985306311,468.0306294071286,0.4477910528540905,0.0002258517266361437
34206,-6.102270107515758,-11.308573133230722,4.718410062113955,1.0124558783579627,276.28774568953094,1.4421350031052116,0.0002259502889902214
34207,-1.9230554523248635,-11.690704354113056,3.4549854303689513,1.3841125154793317,308.9846907964392,0.49102134619498194,0.00022595516237213398
34208,-4.2024397075504005,-11.708890068957233,4.610985096958758,0.8512395213034584,170.04023254193524,0.9771656322929987,0.00022595581088924463
34209,-0.3542842135944859,-8.39504897219301,1.2721638869983884,1.7112630339600536,468.7803429138379,0.8568107719046401,0.00022597596988206754
34210,-2.0570926413022566,-8.462540697174937,3.588172057564554,1.1147083745364432,290.31906261886695,0.5095252667773034,0.0002259807080286934
34211,-1.2508545121531576,-11.178901048551849,3.5488949579744222,5.42019516047436,642.5890137788074,0.48734214501519535,0.0002259826814992739
34212,-2.0411661749606447,-8.047509312340388,3.171780544905408,1.444747760678992,338.940058270405,0.5381848717397419,0.0002259889732443985
34213,-4.98573655959241,-6.269405769895327,0.2888065203790555,1.3569402507719184,329.34735688710805,0.3927015193632064,0.00022603403548863166
34214,-0.6216176952141517,-9.45600087081664,3.777740125280534,0.9536527609338631,264.133600138331,0.3745036580659393,0.00022604272256995765
34215,-0.7800561549151528,-12.932641835412841,3.3047274866792895,1.8660407036313873,449.1204136196119,0.3196980659399449,0.00022606221889851264
34216,-2.2506461718958146,-11.614597401323469,3.6330115600013153,1.5757946470912851,365.5067460659536,0.14422263367364163,0.0002260645071116848
34217,-5.506939172424218,-11.477261722160652,4.692982666826804,1.0487295991574443,277.0174023246586,0.8052014266840146,0.0002260692975805428
34218,-0.41212820723422894,-8.231943371669042,3.4209852755161525,0.8081719080998381,207.68554681904982,0.7914248470825269,0.0002260737906112541
34219,-0.9911164921790654,-8.321601911837622,1.4241421726420318,1.1262803603683358,466.0783135505494,0.6975406045241082,0.00022608229029774164
34220,-0.4904682423603859,-12.947651700717238,3.3035429103817133,1.5352283656726033,377.06153944982185,0.6190277517025944,0.0002260992664272265
34221,-2.4118683571601345,-7.2508661206191025,1.7019868343966302,1.5755506511619286,165.93545689854633,0.2733011748174521,0.00022610003336361408
34222,-0.03219504372072457,-12.853962736269375,3.3085834598498614,1.8348576930972735,468.8398772501069,0.14678753979464343,0.00022610660572656809
34223,-1.8546322400929487,-7.7406020137218325,2.3053926855494002,1.1105862227126777,286.64191299659853,1.0971571487486216,0.0002261180869831631
34224,-0.12937173055827955,-8.501612410721723,3.6099688158095113,2.3723294249086018,442.7558470975539,1.5950786912562798,0.00022612447491946963
34225,-1.4876377991779623,-12.660618288111346,3.321897135278811,1.7295447022399104,408.14287769875716,0.18781873581799502,0.00022612813221907908
34226,-0.9181582000295556,-8.400415527646945,1.24236852602392,1.8290779780338442,469.87802799283617,0.07453360872543957,0.00022617454067669064
34227,-3.331243850211515,-6.765502621790542,0.3213712204990913,1.134137630310563,468.719313965469,0.24726289182827532,0.0002261896475855109
34228,-0.9709582265764798,-12.6519479113423,3.3218185692326316,1.1283332612472685,467.9128412748551,0.5571179700224898,0.00022619182906751764
34229,-2.379265328310866,-9.536631715880384,4.553238818456101,7.595613533608655,729.2680716592038,0.39096055502799043,0.00022619185478277266
34230,-0.8107788049924629,-8.317453375985343,3.497007630618548,1.897297040575267,469.18414490055716,0.2423469611621245,0.00022619834060669613
34231,-0.3918625350896203,-7.842875979176753,2.3867542793852485,1.8659662412093165,449.6931136346098,0.11937282586991405,0.0002262019511198308
34232,-0.5211350736308216,-11.588388098875607,3.4654221512188155,1.137592000416168,467.2875895074528,0.26588007541375,0.00022622845336207377
34233,-1.5569036100985496,-12.206735001462855,3.4276529731070187,0.905683941850114,232.91061718385174,1.3012550961667069,0.00022624674481340487
34234,-9.62376785900422,-6.965982547243412,4.3889618694519825,1.6175478151358045,467.5482992189013,0.08315306293136171,0.00022626132672811332
34235,-3.437303725354904,-5.804011998813942,4.413303995199744,1.2877860012470346,315.2918091338127,0.2517337231201262,0.00022626516879331636
34236,-1.5565904657581449,-10.958133358670002,0.4016290257651755,0.983320825115947,196.64144738483034,0.6634213716605446,0.000226275143057416
34237,-0.9165256375435256,-7.943258570968853,2.0859134816885705,1.2998345986612718,316.33225544947413,0.8746440251639322,0.00022627770003274
34238,-2.125835388834467,-12.417754536581906,3.3833122984589936,1.1721477387023589,179.3652935905802,0.16263500132655206,0.0002262835608854813
34239,-0.846765626607576,-12.311806258006326,3.4189815705644513,1.6801241909884173,395.32272830936176,0.22804987013390843,0.0002263052401216872
34240,-1.2889408926100163,-8.09887356105257,3.1849247658346407,0.9861189557781295,199.42288723265625,0.16819740918915205,0.00022630897920567728
34241,-1.3918180073310573,-12.381844881214477,3.340673286412977,1.0818643456606096,282.024800540717,0.3284555351890024,0.0002263092746493327
34242,-1.727823803736273,-12.529104276413616,3.3289569351133816,2.4235210843413606,450.6629540410006,2.394555462901617,0.00022633705821508283
34243,-0.9939271514482471,-11.294480078546298,3.5279452372539715,1.6625886393594793,467.892228668689,0.4097335781267386,0.000226338956086128
34244,-8.611454009780413,-8.87026825502842,3.185634007645311,0.9849474941829177,242.76158476719903,0.11913401942222546,0.00022635316365692207
34245,-1.1281653152328648,-10.925542023547916,3.5868062911239442,1.7296404321403789,468.7918266253586,0.6729890450721419,0.00022636658402242784
34246,-2.445873723540992,-9.214174324204238,5.134398015571572,1.0767196075356347,466.6448430884245,0.051741279667472995,0.00022639136261246983
34247,-0.15900686972031153,-8.875393210017645,0.8921067180417431,1.904384674864102,468.5473261698732,0.5375704242481563,0.00022640396702387509
34248,-3.974883001834348,-5.421047292250878,1.7060496625269324,0.7232824124639469,158.08412395596866,0.04493532092152552,0.00022641585951217199
34249,-0.49784429663640317,-8.048408343758481,3.1673147385707465,1.8440808665748838,467.80745241448875,0.21007778011511835,0.00022642448096288099
34250,-2.611151394339802,-6.522729642394247,2.4238347697609663,1.883752771669226,453.4001266533661,0.44424176303329244,0.00022647054554648667
34251,-0.3681605131188377,-10.741474300381867,3.616732104803394,7.210638161155012,557.9499418392219,0.02903416024444727,0.00022649461758498615
34252,-8.933510120250318,-8.28184233879243,0.7677018907880909,1.353780929275181,291.6114130457538,0.6535186383873404,0.00022649553182049916
34253,-3.7988384796349024,-5.211763264706109,2.5298248740918594,0.6624353023998325,169.73282915008608,0.3667994802103536,0.000226498143503721
34254,-1.7307989937281398,-8.017767844851512,2.040126611004809,1.0500373300605257,148.18089864525177,0.24214535724124087,0.00022651439943004094
34255,-0.43843400669403465,-12.304225430753963,3.3448824652473625,2.3882572931790067,447.40517837894384,2.4050720613881236,0.00022655084259763503
34256,-7.374416414096448,-8.867141700787377,0.07771976520845401,0.8462892978362875,175.8628415605259,0.667631603227985,0.00022656654432964487
34257,-1.545881044715923,-7.769164164539166,2.3199485200011463,2.2230277782795826,213.39424790758108,0.24878033924643805,0.0002265764211782771
34258,-7.192300460029719,-11.013010807842909,4.250463406074956,0.8181757172856617,200.5748666796393,1.1347887288249252,0.0002265795792925687
34259,-4.105147713035078,-12.352233192232378,4.528650489143674,0.6632393310710756,154.85910169657484,0.4874236054012595,0.00022658057229914236
34260,-3.766086042322703,-5.521315406803126,3.883486758837794,2.274050255569898,434.54107871828506,1.9996281175038364,0.00022658075794471864
34261,-0.04756528040016761,-12.547374202424342,3.3248683763112603,1.5031507679852916,347.67800741827153,0.5921747450132164,0.0002266049770741063
34262,-3.385806171320098,-5.473141733467629,1.9158629768826891,1.0230968489351464,259.5202295124285,1.3780819118094607,0.00022665822574841087
34263,-0.8044035027388627,-8.842617528380405,0.9085485003502095,1.8157303438500507,434.3827184270206,0.12008860675858823,0.00022665971956707754
34264,-2.333666828333363,-9.749071358970035,4.176978915377388,0.7836016286801191,217.7312075728765,0.3692834778459577,0.00022667326334425953
34265,-3.3967515672816386,-5.82835247459281,4.4604811283038135,1.8680506951053624,466.80460617893846,0.37056386288485665,0.0002266844292485457
34266,-7.735950923692911,-12.717789737332286,3.007805030995063,1.7276398639713433,408.60296404404244,0.29602724777753675,0.0002266972998508665
34267,-1.5097914962829133,-10.124436965173548,3.7070652600085947,0.7124649462030012,170.46341623526183,0.28226306795370615,0.00022670162098356345
34268,-3.798244490067548,-6.165512354467218,0.8367255515122731,0.7534923054840317,466.3812471349596,0.28337177659202784,0.0002267082414975303
34269,-5.159859931258979,-5.8843124990914735,0.3943995083385755,9.270990959013874,438.53288685854216,0.1728150704343827,0.00022672857175901428
34270,-4.868854523330562,-5.329403221424845,1.0309705205167627,0.9109577713554678,467.6195062082019,0.3318910077441606,0.0002267609594644329
34271,-1.5040072881340247,-12.423604020871549,0.39391333661294414,4.346565445786846,505.86218091746804,0.09554081724663188,0.00022678062349672492
34272,-0.801573552834915,-8.04701103220091,3.1608034392594977,1.1362299532888342,295.9037773512967,0.8229468044755519,0.00022679578989385926
34273,-8.58267229661503,-9.235282403148556,0.998721038685612,1.2510822272248412,278.2590609148798,0.14597107237448714,0.00022687371593321776
34274,-0.6408786999215881,-8.024688575516446,2.0542642240368636,1.7136387959407444,405.18036211820765,0.37924261739598997,0.0002268777457982018
34275,-1.2041924297388533,-11.32540812992309,3.5180155499689367,9.950812525561382,385.78499953986716,0.21331291317672552,0.00022688473088181948
34276,-3.3634507378492415,-6.067163788201807,0.9035548956094608,1.770276038399885,420.3552383335874,0.17218389645194954,0.0002268955643103588
34277,-0.9103278230097462,-12.26639497088795,3.3893382219301116,3.593491379785707,513.4184086201076,0.21318504144345507,0.0002268966898187845
34278,-0.48529586108584155,-8.241947216913642,3.420056044583933,0.6987958910019039,137.77615026599062,0.056170237013070334,0.00022690813434465305
34279,-1.8204781825068501,-11.494075348896573,3.471613236594885,1.8464598277618745,468.5047739171257,0.32726829183661277,0.00022691884227216082
34280,-3.5584263042947084,-5.446518720105305,3.6133362674397445,0.8795763730913764,196.52546969369774,0.8052926636723292,0.00022692276371011965
34281,-1.575294409832118,-8.85063933065209,0.9325607071563389,1.8776155681233107,389.2919896078447,1.334885155695436,0.000226960481607773
34282,-1.4217122271997997,-8.175038740738376,1.7109697907665766,0.818367631043351,168.6735640424234,0.7161471605743825,0.00022696172122961805
34283,-5.643926615751026,-5.035051417093058,0.1598398283218745,0.9218995604438605,257.55239547339477,1.2969876099727076,0.0002269646784397417
34284,-1.1363471562443763,-12.254189845860779,3.4130628529725775,1.4488726221618948,469.08288755883024,0.5958716897092735,0.00022697022200943615
34285,-1.2100585758059985,-11.891294500846094,0.415904471835912,2.151959485814273,420.1526611763111,1.6796449722194717,0.00022698846048715523
34286,-1.9556808208103877,-8.657737956999046,3.675812799355062,0.9565187977812561,308.58360038174663,0.7972226573352215,0.00022699974788338627
34287,-9.933038127362805,-6.945575151235139,3.8519804445521286,1.1602725390677067,299.72651472952896,0.5505680757036879,0.0002270005086347094
34288,-0.5693442805240228,-12.163501239516487,3.3541823012667655,1.6461707927437303,467.9613658158714,0.4094686756465924,0.0002270062324735429
34289,-1.6805867809960375,-8.31855200210963,1.435180143923323,1.122771386587049,468.11979697741896,0.741792574464128,0.00022701628899545815
34290,-5.810721517220994,-12.530405166756683,4.551105034022186,8.490688889325579,672.4187330002181,0.17012760773314017,0.000227057716008063
34291,-0.7313356750436402,-8.526963762019003,1.1416475367881507,0.7686674837718577,163.30770978517162,0.026762874643345036,0.00022710581354637725
34292,-3.84789232904775,-5.145647564590404,2.419387844729001,1.3129029311070513,294.19118167951336,0.9614167906393609,0.00022712196406020227
34293,-2.1044611772528112,-8.205069883876558,3.363312233780353,11.60134565237556,605.0930667729368,0.00741150636482768,0.00022712947896294465
34294,-0.16494939525273367,-11.382200848821622,3.4760418101316315,3.0573204741694573,504.93193400646527,1.732679331555869,0.00022713011418203053
34295,-2.3774164072935955,-11.91262438497872,4.818586921587037,2.66087542541724,457.96679265321666,0.6797356043377851,0.00022714243265554515
34296,-6.67155226109697,-11.696836999710957,4.486443472078562,1.4535895634253477,409.1365273900066,0.6097934102760796,0.00022714471484885516
34297,-9.346493166798261,-6.261530893109147,0.9095614365643735,0.8752084875282939,251.24316327774815,1.0589107924397778,0.00022714625554294852
34298,-1.377095618317954,-12.81866366018026,3.2996497371316966,1.366055068772425,304.8845848228087,0.3831498674406939,0.00022715023445782782
34299,-3.3875728304473443,-5.66964353862589,1.6460683932904505,0.9240393319435759,183.5379414000113,0.3733679615064851,0.00022715103131430432
34300,-0.05416019069826561,-11.954398041462794,3.37487938941744,1.0499193647871174,272.80728758462055,1.7666192138590198,0.00022719264334311812
34301,-0.5953894474650774,-11.173658621459488,3.4917092111645647,0.5297544187126951,137.2281448330911,0.7166256552374044,0.00022720737088449038
34302,-3.6615255954245303,-5.374608366882669,3.298951338492687,1.3961876288192052,327.7268928020857,1.4514448516616065,0.00022720980411160616
34303,-0.3553139663649372,-12.460406639005047,0.40497389234902686,0.515296643721768,111.5471693738049,0.5966006516702107,0.0002272133769056518
34304,-0.20988688592986549,-12.399358587363714,0.4054288129736996,4.622067628066334,339.29440098980734,0.17846844216695068,0.00022721402832645755
34305,-0.007313715478016292,-9.350019642926837,0.6777740077202239,1.8599765398622639,386.3597143730796,1.4629684993909207,0.0002272168027759
34306,-1.5368696217759155,-9.648763447123105,3.7539656672215447,0.9846633233555949,249.79976808039768,0.5978299678244676,0.0002272451353828014
34307,-5.9588005059708795,-12.226183678059462,4.573725153758475,1.0235903450549506,325.413471994305,0.6463052210509073,0.00022724579824779203
34308,-0.08054541333329368,-11.877046397616368,0.40281004553768546,2.5641641913323503,456.1364976843225,0.9327409918580098,0.00022724841080271426
34309,-2.709124543008543,-6.318859238685179,0.8820330704536048,1.0737807167337878,387.30783873043566,0.7163326193523494,0.0002272589788172568
34310,-4.144506375994612,-6.075696967886134,5.132865593589803,1.8509434481182725,467.0300635104378,0.15973282700559377,0.00022728861904650535
34311,-1.7817843297268876,-8.892138771011783,0.8827799752708949,0.7212772739479616,161.652623238687,0.02434126063640818,0.00022729181951546364
34312,-4.1281272579401,-5.1183230687004295,2.442228109666911,0.8472803882963514,208.64455893807738,1.261867084578319,0.00022732080226879291
34313,-0.3254780842292462,-9.150528467771082,3.7683604972653097,0.9650999351277381,254.55834631033835,1.019876275400697,0.00022733966793944815
34314,-1.4249068716823992,-12.196507856739478,3.4183928174053,0.8432800525462423,199.83758478148553,0.9892784387649627,0.00022736047971349277
34315,-3.107081549293939,-5.691679057735579,1.488177488688067,1.7762341903836376,421.2805759568624,0.06454796831136633,0.0002273708006235435
34316,-1.2116431123182476,-7.765921109197136,2.414588403109548,1.209092912920608,297.7015435939734,0.5631310471410993,0.00022738934757350154
34317,-4.98355655426125,-11.14547923648951,4.756232571898628,0.7558531444278509,162.5174776253627,0.7155774501012697,0.00022741340024847562
34318,-0.8382635165630532,-8.167762970578334,1.638441853118695,0.7936646229028258,188.87337400547605,0.24351375196893965,0.0002274187383810956
34319,-6.941722503208396,-11.379306567296354,0.08548755474392142,0.6646341911951076,467.1766574134971,0.4173802252341767,0.00022742305564639356
34320,-0.5479633447374415,-11.835935685309792,3.4513835902064027,0.789383548516456,162.47762832047476,0.08240260613426909,0.00022744536811045274
34321,-1.5217581740048516,-11.516059929298864,3.4642786180218845,1.0654476031732776,373.64046218394606,0.5796415827176267,0.00022745957394834505
34322,-7.589931574029672,-12.744594851481267,3.351845191449102,1.0280164419371838,468.73577213198735,0.8446335712827624,0.00022747071151853055
34323,-1.5200765372400067,-9.492450126194894,3.766172019469944,2.5126303671809,459.3381072268077,2.4931601739090636,0.00022748457373750113
34324,-1.382233352423345,-12.198772810770496,3.416326662276824,1.0507637097383804,276.78446145581955,0.34523525153394274,0.0002274861779540035
34325,-0.5122709782910029,-10.855603908057457,3.5904246703729563,1.0996190221629256,289.92571177625996,1.460304052120998,0.00022748829504004025
34326,-2.3385736313473213,-11.421435876653879,4.281791249709047,1.0130967629277174,468.1528650167004,0.4627288315333944,0.00022749762744068638
34327,-0.7123763945173973,-11.354100264406691,3.508513574735147,1.5835183012750338,374.1096806445361,0.6039870780708743,0.0002275107917793788
34328,-5.89308183183082,-10.19902194514416,5.185694223850962,1.2472785761504521,468.00697604603863,0.37127391570236057,0.0002275236697546636
34329,-9.417845018571711,-5.403737899250059,5.00333906799628,1.205328986378813,307.69229506509316,0.48215024650242544,0.00022752540349878274
34330,-1.1632738047467264,-8.42281280139648,1.3645618100655852,1.4536240693962164,435.00736401758536,0.5396676147920951,0.00022753621704771582
34331,-0.09026555957132487,-11.901383661724344,3.4435934254184795,1.4889349188450147,470.45978677726475,0.15441516784824394,0.00022754537096201992
34332,-9.463392601800933,-5.874935298245447,4.962329675479072,2.452425810273762,449.33610715262137,1.4151536128503812,0.00022755369911869086
34333,-0.26026702590423056,-8.445428388031113,3.5640683160355366,3.902710825896328,561.857266202904,0.9123054610235952,0.0002275953683026941
34334,-1.4031086048664125,-12.561110389270343,3.3127243842119887,1.5000079586991304,351.8315256298865,0.5330046111535633,0.0002276108112289663
34335,-4.723190508739603,-5.260868457698123,1.1601717720496585,1.3327402567463362,468.6217529301929,0.1479743780402618,0.00022761514156791234
34336,-2.6685470672031055,-7.239480354255153,4.738702370073725,1.639310883690503,436.65516577441423,0.28701058025381254,0.00022762636271342153
34337,-0.8459151680610901,-7.821539857348474,2.367966135574009,4.13966073112598,486.91412583100055,0.08124017266716699,0.00022763473614011666
34338,-3.0314353493670847,-10.826922202206855,5.107387527764778,1.8816379961548326,467.7664525855458,0.39955052615893205,0.0002276461234344135
34339,-0.006772730749450062,-10.379753434983405,3.6684685773992074,1.1649913406001866,297.8550131788205,0.8325023419088842,0.00022769838912341616
34340,-3.1048715223248067,-10.824121944628049,4.995067067419617,2.1692667914102786,422.4581800424818,1.7567165511579885,0.00022770098262763473
34341,-1.1877670659541302,-10.548456512738532,3.6199319950939035,1.2913875158423473,295.6969807156892,0.3795084586058506,0.00022770141831118497
34342,-4.553642739393964,-5.076759884099174,3.3740388302067728,3.8630141104606035,560.9882443774859,1.1152205084234952,0.00022770630342969494
34343,-1.9896832886490419,-8.072161600809588,3.2116969859366686,0.47313275435901386,111.64276095026533,0.4508057086930224,0.00022771187477301213
34344,-0.4735490244328595,-12.569739796744095,3.310222370043787,23.009115212283042,854.8647869532239,0.21355963131291222,0.0002277131446584826
34345,-2.008289019351741,-7.979051786790058,2.1331494851509394,1.247931807738512,278.4149629461124,0.34300272459937187,0.00022771783830183144
34346,-3.240342364864709,-5.990448506671514,0.9821112505285663,1.497848189149698,468.18575914742587,0.299805076035665,0.00022772083807973115
34347,-1.9167218742084362,-12.979443998398207,3.284480198365729,1.0812834595936782,239.88475517474276,0.13246513269664284,0.00022773358365537686
34348,-4.087076933796817,-5.1238998644445415,2.5278531871972207,1.040161735669019,262.0822024525151,0.7465158960582716,0.00022773548589324915
34349,-1.7816499155914975,-8.333540199677028,1.4268149928562317,1.360276468047473,329.9270604398483,0.36512874049225186,0.0002277530645505345
34350,-7.195148304114887,-11.623924247963473,4.094229800858129,0.8809674471072999,179.38504387807512,0.7987168813451122,0.0002277549368268834
34351,-3.1446327784648584,-12.398609648184424,4.614905506582233,1.675521436099415,467.6971128959891,0.12994075331095534,0.00022776132289329523
34352,-3.703473980476132,-12.545151308041842,4.503027510499743,2.473976255471471,446.3341390800545,0.9564448852882892,0.00022776948232836077
34353,-1.0576310154198882,-9.711957952679917,0.584154708681982,0.9601084437079016,190.03187680850482,0.01637359921273518,0.00022777497876266676
34354,-1.2402505114173028,-10.76102356067153,3.6047104515019366,1.7539414512976887,468.09788296265697,0.581560102364052,0.00022778618323709347
34355,-0.4320466581723501,-8.913543951274345,0.8746951190635294,1.6675741255229448,391.6735832167519,0.9017602524462243,0.00022784491033651978
34356,-1.894740183808123,-12.385286815708895,3.324950500774015,1.7174882813659547,405.2162418113558,0.15471942245422188,0.0002278484022560729
34357,-8.060006311532627,-11.04018508932453,1.8672156550329404,0.9512642255600838,468.40844817530433,0.08752666934872977,0.00022786566560739708
34358,-3.9244355042301793,-5.207967488080623,2.134024613159633,1.7324246730239998,409.35401936512744,0.5283957459464244,0.00022791856568473324
34359,-5.843900509750986,-10.59981922408656,4.972188398073736,0.5392500626429134,111.39925373686458,0.19984037831646972,0.0002279202173533079
34360,-5.643073196552845,-11.476021369893555,4.692348084167419,1.7512561944195861,413.898139118474,0.302428881880469,0.0002279286463793
34361,-1.9376714337440575,-10.750368079131205,3.6055409281727835,0.860676910978829,216.69340438782032,1.386936403309952,0.00022792909007885906
34362,-1.169328511318458,-8.159789788996907,3.3094964525787782,0.5200281075917653,143.8867856577362,0.84340942488799,0.00022798177878655734
34363,-1.6440382234975672,-7.812774274995117,2.465033149795203,1.1854824650983542,304.17978456898516,1.388509674723963,0.00022803797037476353
34364,-0.22535456811434607,-9.036972642614579,3.7522041934703294,1.7145468181092736,403.92643756752636,0.41161834490983207,0.000228058852390655
34365,-3.156573648310009,-5.950209099353348,1.1368477361981324,1.840936006516012,441.6943119583976,0.4870298689916934,0.00022807404302040065
34366,-0.7360550619839277,-12.547071351655706,3.307989982159394,1.735209284491244,373.7181258881778,1.9973059921673348,0.00022809190677406074
34367,-0.716081777974896,-7.9739801305767735,3.0769329546445485,4.566665148015514,600.40666713189,0.721498680364653,0.00022809349317621193
34368,-1.300137544074321,-9.414390212673489,3.766385098606501,1.3425032854211936,322.657621026928,1.9784231724751722,0.00022809769444990028
34369,-1.01116979956611,-12.199611272257822,3.338882728749317,1.1275199583706659,468.67156184960015,0.6308261323394975,0.00022811955666718345
34370,-1.0466676505420072,-8.180074598196915,3.3284592890625038,1.0006900787188475,236.72434552664515,0.5973210059793326,0.0002281301625643135
34371,-4.83432903468639,-5.145036773185112,1.421188349746092,2.830697253029095,479.11185058185555,0.8950751922679894,0.00022816196040126662
34372,-4.898318424668626,-5.137540494535248,1.1295225780304663,1.8441188318263912,467.8815564379666,0.9016342481755713,0.00022816276811126837
34373,-5.427958872165068,-10.550287677918941,4.99206489434797,1.0850033972037747,216.00067560124458,0.029794051888652362,0.00022818236324257714
34374,-4.417026209172558,-5.677724905067615,1.1258194117820601,1.8593504320436365,466.5532270762267,0.054029860409806396,0.0002281838504804071
34375,-1.9914404610384722,-10.157683913455184,3.703030230694899,1.032057637420666,203.2748602116282,0.4258487944459626,0.0002281879028772232
34376,-0.05641904075764437,-12.43317953099736,0.39135496860576446,0.9091125445059495,468.0222142680951,0.20072930196023098,0.00022819697364529347
34377,-2.0110520859558445,-9.47634015783121,3.762569906320047,1.1283738329976927,183.54978880791674,0.1593587063843609,0.0002282067036698457
34378,-1.9537969805822026,-11.97072906824193,3.3953285695653896,0.8752575453018293,467.29452120310435,0.5977231654727007,0.0002282420162144773
34379,-1.549728144805405,-12.514051691077619,3.308908006428368,0.5588039611078883,162.74506335464793,0.7707579535146518,0.00022824528404895923
34380,-0.4963926009242723,-7.801117305407154,2.6308201228545167,4.3587709344242045,581.5656035717941,0.4032763232165957,0.0002282454240477172
34381,-1.688508299410465,-9.407757664716945,3.7656583164574124,1.8349150431597012,439.36490368507356,0.22154678192438748,0.00022825216327054115
34382,-1.5292972435766963,-11.913184948151523,3.4362121422797753,1.5713341990072551,362.26967752369234,0.003008644555976936,0.00022825859431830598
34383,-0.36233309355739607,-11.35217349534737,3.502395362620636,0.7634912186130182,151.30782075193375,0.12741130343527818,0.0002282616968701811
34384,-1.4509854600407017,-10.432550903033063,3.6656639088310503,0.8614601290045749,247.8405821633248,1.706459674573801,0.00022828425327815513
34385,-1.7541737439580558,-8.940136727695442,0.7825225207387265,0.8877997309691199,222.01198734795614,1.185591388570507,0.00022830065893585718
34386,-0.09342706524019917,-8.677755657614053,3.634768339091682,0.9517968094146059,191.292187855694,0.30126639262017374,0.00022839887908223137
34387,-4.433803328066666,-12.13507431230082,4.552342293264455,2.7120590773198114,469.8021470533559,1.014559507522347,0.00022840750789631823
34388,-1.1741816506327467,-11.755993676907094,3.400471582737132,1.1281990255206327,290.1224183671469,0.7470302827244009,0.00022843128913159892
34389,-0.6518787465313398,-8.418356191210473,1.2723964421087717,2.590628872010186,464.99373590795244,1.827203740316162,0.00022843811907436376
34390,-1.4218681339068944,-8.224735897206914,3.3680922884470945,0.8779274397483686,214.41823518568043,1.0258874888869416,0.0002284555371785607
34391,-1.8255078685640989,-7.932244338042076,2.9110336486971704,1.44983875066376,321.62922367411437,0.30370011682008613,0.00022848258366534502
34392,-0.4429345934551563,-12.791715754826079,3.287128309808744,0.9629641868207159,269.010421945346,1.7182951410458118,0.00022848767064219562
34393,-3.599909992840214,-5.802885086558912,1.2997965717630273,0.8812078406998327,467.98487970200625,0.3610705828162244,0.00022850018608197115
34394,-1.8667657801401258,-7.850972258696371,2.7602490023745925,0.8486416987475865,241.00797778729205,0.6155581426465622,0.0002285032914434864
34395,-0.2170696874249476,-11.438984056639791,3.494648423651745,3.030735847215507,500.04040177232895,1.2395525938804104,0.00022850678353931496
34396,-0.404620108721943,-12.421597979747455,3.3142326224982486,0.7367719583831808,468.42754423140656,0.3235935497455822,0.00022852340168311926
34397,-0.27092595529094154,-8.292180885028166,3.4418659514632024,2.458941979788441,453.9674017763351,2.352995276102649,0.00022854426835343036
34398,-1.5462956454605976,-12.154966964547596,3.4212195460351316,1.7103187565214117,404.52748979396273,0.26024401947403586,0.00022854692338958066
34399,-1.2146058831495168,-8.458788018656502,3.564532639454949,1.4532818914882188,321.8717846088968,0.05304715886689326,0.00022854927237874845
34400,-2.039046126697917,-11.166568772196934,0.38674902180080417,0.9127390668951291,467.5332782162369,0.7949437359403442,0.0002285689411455851
34401,-0.42060934393461125,-10.418326973994102,3.6660442336522796,0.49762563772621193,126.99222684469879,1.1397841202998018,0.00022858927296113792
34402,-1.1090948640783829,-12.631241907373386,3.296517043904767,8.39821554508086,595.6265280835066,0.043586240168671075,0.00022860743347334666
34403,-4.180176769106715,-5.113104939928159,2.23275182898625,1.836183299223315,467.7215637818329,0.475220992606471,0.0002286088952764199
34404,-0.11559808096638413,-8.483538796229755,1.1913223535180975,1.5906690350934898,371.1438024607468,0.729875106987703,0.00022863951056687802
34405,-1.1849987855180668,-8.563919187003595,1.1210701209663052,1.859809481131809,448.6488005739753,0.3827856194465662,0.00022865773424776334
34406,-0.9720878528202963,-9.069015855844007,3.7521124718080716,0.9446228944000671,260.9866209940132,1.037253166625832,0.00022866229615126372
34407,-1.1149911283755305,-7.824072546200778,2.2408619994522327,0.7232026925583602,467.1649616727594,0.347889411795113,0.00022867993071393818
34408,-1.9746557890720595,-8.379765861096068,3.5102731625670636,2.176365449976268,377.3388538812592,0.17579832055195155,0.00022868080876553207
34409,-1.8254639188588673,-11.491121535827109,3.4121348347965053,0.5310629153302097,113.13881971110521,0.6618128478540557,0.0002286821056190191
34410,-1.765255884361986,-12.21566039396344,3.3316792618296125,3.0782374936563337,505.2656321052528,1.4371890236287665,0.00022869427031413475
34411,-2.01208319613246,-11.77947490128437,3.446605309813108,1.0929581949750198,282.65506568856716,0.7280402095037672,0.0002287018371105255
34412,-1.9491037932946842,-9.703611204594377,0.5457743251895142,1.2247740885363667,294.52913354721096,0.7837885832654123,0.00022871815209435443
34413,-4.988962109141918,-5.397355989242318,4.536067979253081,5.428085743938699,281.1993023730998,0.4489445749575358,0.00022871821155777134
34414,-3.5900037117041386,-5.4237371784465855,3.5533217362654548,1.4266469555319834,317.0160559419338,0.8169809008474287,0.00022872080421962388
34415,-1.9145344612147213,-10.22175396214625,3.689101860210702,1.59622603735246,371.7402654858958,0.2215021988664283,0.00022873933487088134
34416,-9.369669711615142,-5.617097212052433,0.9232806390447752,1.0608905985615602,283.30763984636377,0.5243156727860905,0.0002287442866340173
34417,-0.25777858891064653,-11.174115885768959,3.525919886702576,1.664432140135106,449.40562718127126,0.3808760971026226,0.000228783029598961
34418,-3.453861506637246,-11.993409063426267,4.556752351752793,1.7701287684766052,466.8620689161631,0.45682108502817975,0.00022879995824050817
34419,-1.28824860629609,-7.966233902378781,3.0147265289635,0.9664425141083395,468.15989093420035,0.6224467579810771,0.00022880200553867315
34420,-0.9481577758693671,-12.274714379290979,3.3249802338919405,0.9174003290408163,467.6640858706009,0.6119999755079002,0.00022880715479882852
34421,-0.18728843492569958,-8.33288058143225,3.4087772487361736,0.9189553085700929,260.83028911214245,1.0348266541122326,0.00022881195006256344
34422,-1.3979811590240097,-7.88159172889119,2.8690640685718014,1.2095269080938156,307.06846231555255,0.313185330275215,0.00022881810929618662
34423,-1.6897432256388498,-10.096793826589503,0.5030440549628584,1.5002578404779974,347.82685482145814,0.23197293329753332,0.00022884135635632883
34424,-9.24771722156574,-8.178241891020644,2.4237607913365156,1.1626944381429467,225.19697782518637,0.030001885606401935,0.0002288434325899121
34425,-1.7080405932285352,-8.878593218639466,0.9487160810152762,4.002819646281087,547.0592745784152,0.2754540361309088,0.00022884742450421055
34426,-1.455570875965865,-10.314780436494438,0.5043577289863589,0.8242821539796955,163.9076813848509,0.14383387284761273,0.0002288776699098446
34427,-4.386492467297463,-5.596527152477424,1.4235797209518228,1.035865315561275,203.91141648622403,0.5673141348269839,0.00022888314389403412
34428,-1.3199007082668004,-7.9373626042097625,2.845231742592214,4.3162790833720255,587.6543273203833,0.8622581621238705,0.00022890631445382316
34429,-0.08279861275391731,-10.748794171217606,0.4349603893546284,6.370623326674416,677.9317393034576,0.3223556592015173,0.00022891721688162727
34430,-1.5289580039138109,-8.579863078661948,1.1451766144070628,2.447807466399782,446.89914181862395,1.168091918220413,0.00022891816493826814
34431,-0.5680013258657954,-12.128593854463332,0.41553927266631,4.010798698795427,560.7396539569711,0.510909605053425,0.00022892828312182873
34432,-3.600086139871978,-5.717100365202497,1.3812871978233145,2.6374178596092666,462.4156511920478,0.9812091207653193,0.0002289292280851258
34433,-3.8369986632512845,-5.833171411134675,4.53635981458162,1.1792454814480957,284.6481203163931,0.4145390902066106,0.00022892977462102802
34434,-0.18536778287391975,-7.8068821765587355,2.3377271403648985,1.0022350309093435,468.723538656571,0.8045538782374155,0.00022893588787050085
34435,-1.2651697733988971,-8.852076644513495,0.9525406935702221,1.2238636242911298,251.70677459261665,0.4955246714079813,0.00022894191110727817
34436,-1.552377685189695,-8.125167434598096,3.184672111667906,0.5088542693893096,110.30278739409233,0.3940822559164525,0.0002289438464239945
34437,-0.2822795189861331,-8.011478540669138,1.9963440206970053,1.0703724709969273,278.6395195295249,0.718449547349743,0.00022894580007462863
34438,-5.448576329585499,-6.0596025774913524,0.06277341381826185,1.3654728075147597,469.86068352403834,0.0009325185902628874,0.00022897109402350352
34439,-8.708543390535045,-8.975975722460475,2.1990905463267296,0.91386116867398,176.4548710786494,0.11482714388368986,0.00022902502915459003
34440,-8.87333284964193,-7.59126792287193,0.4969685338795807,1.7031384687993067,398.81253977283853,0.1830249895057623,0.00022902859792940715
34441,-3.595505851394492,-5.434294774702847,3.439261025165884,1.8158347159975412,433.48297578473483,0.1625839832536622,0.00022903637891202226
34442,-1.4921550554809286,-12.790001987402743,0.4012062899812572,2.5659061674450023,459.92541239879625,1.2916999621427996,0.00022905179272067225
34443,-2.6271976040716503,-7.007489266386395,3.8163065180303555,1.0703028217919806,277.65911129107053,1.1773107092004258,0.0002290619845781733
34444,-1.4175402009433817,-10.213198264772398,3.687946796882095,1.1373436729166233,280.1173104358692,1.202939294665648,0.00022910539568093746
34445,-0.20542089729727664,-11.045168599187088,3.5447396800369733,2.178930369891847,421.79839664197056,1.4916205521753172,0.00022911676796404212
34446,-1.49822778038914,-11.717048096417463,3.399007317341439,1.774680996178892,445.6221201844806,0.24181980041586204,0.00022911856082550713
34447,-0.4890573872466586,-10.765826810860915,0.43511770519403103,0.973395907373052,265.1820343253727,1.4737551521213694,0.0002291273335473238
34448,-0.8900145614227046,-7.815113996757827,2.6500319189125903,0.8978113452375445,236.545214299924,1.1967493810661205,0.00022913512224492604
34449,-2.243003058249718,-7.865597582147963,2.473806528704131,1.815891099520695,469.2822702130252,0.2149131831959883,0.00022914261418201834
34450,-1.4057009336257895,-12.629514110261056,0.39199097159043295,1.94680672861748,377.8889020768375,0.5671395349725232,0.00022916155561455154
34451,-0.154770282480861,-9.716445823638681,0.5885248029901433,1.9027473688900345,468.7931369528822,0.3597993534657915,0.0002291619918419262
34452,-0.8160809834032836,-12.340945352113817,3.31463152548532,1.7184757418314929,468.41897579763616,0.3917343996024938,0.00022916249165948408
34453,-1.0478761734520727,-12.141916004827566,3.3844748316344204,0.9975559281956836,265.8686934062733,1.6239238354849386,0.0002291654514928884
34454,-1.9445452929741975,-8.275300920265462,1.5643132834436302,0.7518551186483015,197.54579699761538,0.3579601735677924,0.00022917846312024608
34455,-2.14117851513247,-12.027666670593625,3.3818982872165284,0.7776500527524179,467.76946696254697,0.259202816857921,0.0002291986575918088
34456,-8.965169387100387,-8.543411401389346,2.4601092714780624,2.953097924499161,478.34062221967235,0.5152406657929491,0.00022919895103453133
34457,-3.889028102756038,-11.680606189297107,4.602563310161511,4.4977793094183145,591.1980827533771,0.4706922836946186,0.0002292275160568734
34458,-4.7402881253013,-5.176670691613202,3.9077118252102405,0.9532280991889984,218.29001341625977,0.12887295355807016,0.00022923511632522554
34459,-0.6662841285866907,-8.711554946912226,1.0310603635954692,6.160939517502267,574.5052178580787,0.09727741047811822,0.00022924597141465815
34460,-0.6974536559525184,-8.705828107738721,3.643912069863476,1.3318920443261157,323.60881566309985,0.9331657361197285,0.00022924643504332394
34461,-0.1027329152273797,-7.872268995962427,2.150410301695095,1.75651590983912,464.34341909973637,0.3945408449465022,0.00022926454437641452
34462,-5.080172200323374,-6.369687401057419,0.18834296856432745,1.0862177422469625,266.58685913071895,0.655617687951147,0.00022927464957649924
34463,-1.0457582449674643,-10.656310223669323,0.4207644069446802,1.7741965549046006,421.2144816267089,0.2963348313576972,0.0002292792315789161
34464,-4.791573796160425,-5.2480411094307735,1.0659659181879124,4.01893577965537,543.6645795800675,0.25461369762103914,0.0002292801792265333
34465,-2.8818627134067825,-6.008127153059464,1.982942495046628,1.8265425702320448,468.5569596947453,0.9209059653127376,0.0002293373107120761
34466,-0.34289372678845353,-7.862431806554188,2.697158847957871,1.121103695073596,288.2404745250663,1.1795995176215408,0.00022933755980640916
34467,-1.0384198527949167,-10.555405072001285,3.6478176625529524,1.4122718635623936,468.887806246003,0.6414399232549632,0.00022933850116384699
34468,-3.223834470174422,-5.69720746915831,1.4772445048774938,2.677873952584448,462.88948965738143,0.8079315102759752,0.00022934362894596341
34469,-1.4418689779751492,-7.849402738658222,2.2552284296733363,1.0646618466615392,455.6710073524263,0.9336014204269079,0.00022935051299721555
34470,-0.7510837213017396,-11.549098846010041,0.4144800581088966,0.9916684492104695,468.3651921413425,0.5231673697215635,0.00022942424141959034
34471,-0.6082336009402187,-11.037289764170119,3.5435677435279747,2.2939995187038313,437.88386548403315,2.3769152531039195,0.0002294259111336872
34472,-2.101394770682946,-7.8604261762609235,2.7608776060116975,3.5579744386607937,496.673436754782,0.1634436087785982,0.00022944326976680605
34473,-4.59305626055354,-5.263684466906452,1.615244824538791,1.1531726772172155,294.7422750899994,0.9648076313391556,0.0002294433875826898
34474,-0.13207732430164398,-12.353211274832564,3.310691251215261,2.0611468116480323,412.22155431673195,2.1005343406547814,0.00022944472415132607
34475,-5.029273291083086,-6.743045353556927,0.026786426602903864,0.9970088813185117,206.25483633701586,0.8840486507145364,0.00022945269059832145
34476,-0.016612012448254276,-7.851619843667335,2.486705015885679,1.8029024110493377,376.2241565180202,1.1954976122549885,0.00022948442669081282
34477,-0.9025541341998693,-8.013829213439873,3.0381042280310266,3.482320127600049,530.1392131478052,0.7901478156333344,0.00022949672868070276
34478,-0.15040508196715585,-8.049668019048084,2.064903639377661,1.2094642720080147,305.1812752420752,0.601546702847787,0.00022950381869989422
34479,-1.9577768172906822,-9.271691586438873,3.7592016640621395,1.1730270124365063,300.21381870745586,0.7263897812316173,0.00022951518884973518
34480,-3.6624545403356272,-5.839924448970845,1.0808460853670943,0.9629705261367849,469.15680271083073,0.10040629297235082,0.00022951597258797252
34481,-0.40725338192023663,-7.828144597595895,2.468993134654536,1.89976091192896,393.7733655110967,2.0745930465166493,0.00022952909600874925
34482,-0.9642564426515161,-12.002292844972247,3.346332669530842,1.8652992223085565,468.20230256977334,0.46738076971043707,0.00022953114646625532
34483,-3.6287074718207126,-5.318964370171774,2.9823194522557417,0.8031567998076703,469.60623611348433,0.060366599104036744,0.00022953890375748137
34484,-4.341643347860096,-10.486610933832146,4.988347251328433,1.1962653121658327,297.5520388667698,0.6797699715923757,0.00022954643575376907
34485,-0.5268899102653712,-8.122180849634951,1.7878822063300581,1.8880440167760062,391.93104351184246,1.9280238602280217,0.00022955565123836103
34486,-1.6125513604010404,-9.023347190465994,3.730580422087769,2.3798565163504266,368.4705139416972,0.07648443084071133,0.00022961032547304198
34487,-0.8111927830164198,-10.926482330338239,3.560777974292402,1.8940132672733532,468.0291691687929,0.3682613687077412,0.0002296115826313092
34488,-0.03346605624068566,-10.152214766463924,0.5216924978663156,1.7064830009722884,402.5634388398677,0.031631181835862776,0.00022962386387090575
34489,-0.35033450103801833,-10.265196515570608,0.5070147176011842,1.071134842701794,285.03026326728894,1.1991539241225802,0.00022962925386315326
34490,-9.88246727732087,-7.382977706433772,3.1052184486493917,0.807702288179901,223.08879332207036,0.7116983214552297,0.00022963125332742414
34491,-1.708998437427466,-11.595085930134227,0.3962078039480779,0.9637266841940609,265.15838629464855,0.8747146373010901,0.00022964129976738
34492,-4.276023939599773,-5.712056088765704,1.3100554203691954,1.8049358193114928,469.1098930936193,0.6347815137366153,0.0002296470953378385
34493,-1.302415380785117,-12.2544265100201,3.3184538264669317,1.2026706745042042,298.9176930324407,1.128038401207717,0.00022964745176189342
34494,-1.1635986903695166,-7.8573200084431,2.7584311923566336,1.082460125302152,259.023576218724,1.3093406726953836,0.00022964785185116914
34495,-0.9434516864383689,-10.36415922980619,0.5042305791921535,3.4162556310854897,531.3259115145057,1.4120420756334804,0.0002296636141530924
34496,-2.032569156298938,-8.659151141619473,3.665040263782403,0.9546325129714645,252.1538841459591,0.7680522299466617,0.00022966927615146758
34497,-0.6583506640996291,-8.2761239494844,1.5828780416683785,0.9356131474872936,468.07077238749645,0.7143127736498798,0.00022969385411682455
34498,-0.12787836442288913,-8.097760434716488,1.9718007155929518,1.82946068198744,468.5384081066776,0.9197328091904593,0.000229723006750658
34499,-0.2535776760234363,-7.789601985003343,2.410483723382721,1.4669471648686807,337.70694430422304,0.7963730348554368,0.0002297323470024709
34500,-8.471321869623726,-8.518303085853345,4.275689166210427,1.801327891915283,381.82514038113,1.8246343122599002,0.00022973400027862667
34501,-4.427534887515161,-6.509844269614458,0.360014965769633,1.0243484933731328,271.82841241585993,1.5788460686980024,0.00022978660951339223
34502,-0.6797125307619964,-10.606611380965708,3.6137337540633285,1.6191837323530476,358.236089416321,1.7554016635628331,0.00022982592221284918
34503,-5.254210379767046,-5.499452846166658,0.4916643527531179,0.7148682907302716,168.98545289912465,0.15226186624756632,0.00022983502281439093
34504,-2.7570800686903585,-7.159449700851021,0.3367888552295488,1.7020544534073048,367.48349176765123,1.5972605746205986,0.00022983755820929223
34505,-1.2050289411618866,-11.029951573034598,3.540677294025595,3.4792621220491307,444.67601923977463,0.07225576959511937,0.00022984914761095115
34506,-1.548673908206128,-8.140360841929116,3.27711246048551,1.0605888306808722,296.6345774501418,0.027599944597661796,0.00022985192511102958
34507,-5.120400641831297,-5.116949082160758,0.7981419179783489,1.1851450431782529,300.6970673294219,1.661331820458921,0.00022986645529304208
34508,-1.285658741885232,-12.791077309793046,0.3998735070899042,3.03768791698773,490.0130038091003,0.6068845271548886,0.00022991776403486695
34509,-1.671535707158995,-10.335558754404524,3.642365599981152,0.5394744797112768,128.52280488347824,0.5042689042081738,0.00022994109976408382
34510,-0.4619218646242267,-10.294402629864287,3.6679151591767774,0.544226237715626,160.31324811463807,1.1360740066621613,0.00022994591548313533
34511,-5.345656906749797,-5.785238309797691,0.2782212776167382,0.8716376513721998,170.14562932681065,0.11059878490600106,0.00022994799259135602
34512,-0.6345688162120666,-10.153248248193833,3.6969255347467542,1.9746026002513255,391.2597234614935,0.9118409516976369,0.000229962159337676
34513,-3.801256288015238,-5.571295564823277,3.9140039051563758,5.6979372857666934,248.35848143775308,0.41250510232492665,0.0002300021698641188
34514,-1.9374717568687387,-9.378000440268236,3.755310408730497,1.2293301695605094,308.9769903837904,0.6548632408906601,0.0002300028613988767
34515,-0.20326953897055589,-10.445512459573212,0.4542924504060462,1.0111542078010556,268.9448419442937,1.754593478021902,0.00023002112848249335
34516,-2.1914859227035386,-8.18516189630735,3.2610052146629425,1.0300953874714935,210.09026177630577,0.6614122054133,0.00023004680744477952
34517,-0.8408317036663036,-7.807672655808302,2.327582076959825,1.64798877041168,468.03154744705654,0.38225542561218884,0.00023005039595440867
34518,-2.1719585189347104,-9.887847754822149,3.712434702220795,1.027639733238417,276.4789343777039,0.7583955939567177,0.00023005607990386734
34519,-4.012094455591397,-5.479834573405239,3.766209579654924,1.8819127917840703,470.07777684569635,0.18771053023106976,0.0002300827400222309
34520,-6.661282105204666,-10.69793482829251,4.763763527185112,0.6756937516080438,202.5928082615723,0.8601828445046547,0.00023008648760288472
34521,-0.35994373549083925,-12.081003154224506,3.3315422268827675,2.3399995417837394,437.50180437449797,1.2988948357836447,0.00023008795595372752
34522,-0.7496651647402484,-8.01757873219583,1.9901404617573832,6.955069086661797,433.94298430670426,0.13146279411292472,0.00023008796285269167
34523,-0.40429348235575624,-9.780824066246872,0.549700904746557,1.1035313888196854,466.1324060359716,0.6971918641388202,0.00023009392740427987
34524,-9.290658650428808,-8.083066422494603,2.841927165400286,1.5142062221115051,348.3782204762215,0.1569439190579507,0.00023010437026051793
34525,-1.7535381757791022,-12.096339088673428,0.3951654220570132,0.8977696120645676,252.10209426772684,1.1526648276585396,0.00023011057242926762
34526,-5.02033076579536,-5.577502952715687,0.6946696111083227,1.2883041595464433,283.7066294354241,0.297552458712139,0.00023011725037203285
34527,-9.655082465294846,-7.672375818306525,2.44597330519951,1.4061699159617023,334.14523708137517,0.41001745315985527,0.00023012279350617212
34528,-3.672722507960043,-5.762736636757668,1.1684456013865354,1.8796850290107996,451.0725566228277,0.6213861368341771,0.00023015728320799502
34529,-4.996942646043111,-5.657698024545272,4.832902129954081,1.6447214750330845,459.67147696131997,0.4895623825169375,0.0002301582395814242
34530,-3.071439773857155,-5.629868009315944,1.991583438589017,0.9858297690214629,467.8512008489313,0.6114713847738704,0.0002302091221629181
34531,-4.205920315749222,-5.60925732914863,1.5355535728945708,0.9017953340973488,243.79289613667723,1.2723991068479021,0.00023021168425847705
34532,-8.558072138486354,-9.160857117386406,0.7034308207460188,0.8039690595265585,469.134360028156,0.0812830265278226,0.000230222734205103
34533,-1.2858738518592947,-8.146949391308123,1.825090986381505,3.6126819845704317,446.7848591725203,0.06476034919222151,0.00023022547696442103
34534,-9.449520137022406,-6.512378632436829,4.918294029469951,1.1982245580087856,300.8865165347745,0.24227308320853336,0.0002302553601288903
34535,-1.4525195884717412,-12.281573068956178,0.39043994806627524,2.247994640886102,340.79094447294085,0.1077983746774498,0.0002302748708128003
34536,-4.256039174395356,-5.164988654436186,3.0550587781208183,1.876685813161462,453.2404156301383,0.4166238996819729,0.0002302825026472184
34537,-0.1543309345145154,-12.462653819026185,3.2915324655504805,0.8320722436088724,215.28298217236807,1.253461107142412,0.00023032404155763148
34538,-1.3683462160089075,-10.665847745070103,0.45179068631427705,0.9015298348745243,469.884320752965,0.05702820375655371,0.00023032527816144204
34539,-3.4726367903810225,-12.273406133242352,4.5177208463949325,2.4856665854619338,457.0724965710013,2.6299400514086697,0.00023034199635081547
34540,-1.0523679754928423,-8.747548073372098,1.0510512173728996,1.3963598524992369,320.553534112655,0.20816598658367091,0.00023035017873711974
34541,-0.6738565741837537,-8.439439544293116,1.292925717967391,1.825543130746019,384.4927393761323,1.846521056697946,0.00023036511195180873
34542,-1.0647009656977353,-8.203710341666985,1.6726084391641713,0.6598625247627808,132.84830529615598,0.839719013608911,0.00023036798819340423
34543,-2.402486731757932,-8.140683863868965,4.060433937066421,3.734515537475575,210.96901389174178,0.3607580253219629,0.00023040565364268147
34544,-1.629649351346778,-9.408739951213079,3.7516051422235392,1.472517446956105,337.68161792999723,0.3195251633384224,0.0002304131441581939
34545,-0.3287649479362251,-10.851039058811375,3.5677766288733475,7.767481718909654,723.5697269143932,0.311285233049297,0.00023047224344495954
34546,-4.008956801978552,-6.475480434081246,0.503298429138325,0.9655457704566107,470.4453231151279,0.05705299440570233,0.00023047842666261794
34547,-1.6708507949364595,-7.986306266799246,2.078140832449373,0.7324406781843108,159.81800923032867,0.3118996659170232,0.00023048542219631
34548,-3.1037121904611196,-5.649526230245367,1.8239658615737315,1.7110595756080258,467.2252936207913,0.4563938419022948,0.00023049310985150166
34549,-1.1423465569430196,-12.189908661258633,0.4072186234060502,2.4473682401946113,453.3909023007269,2.6024405057145774,0.0002304944317368725
34550,-0.722445869030274,-7.931886384103478,2.836416270497699,1.081468393727289,467.765531217452,0.37987366122266675,0.00023049454396973358
34551,-4.652033307770297,-5.424976813347124,1.0909465052518499,2.1611774452348134,419.9800265967518,1.4858682523565854,0.00023051074684042686
34552,-4.28250355705365,-12.696995788555471,4.498803612040679,1.2541098184200994,295.4561727013619,0.5007195150817845,0.00023051302506685311
34553,-2.0493032075499684,-8.897398208653442,3.7148604839450816,3.3817121676133723,517.1188117293507,0.2667796666781701,0.0002305318267870642
34554,-0.0779427754064308,-9.085329006672268,0.8321908393680113,1.0621660067402234,201.8935096675852,0.06703903790946164,0.00023053447551797717
34555,-1.6345627695195883,-9.184056263332153,0.7522720906469091,1.1188633758431121,294.95094023915743,0.7697913385022321,0.0002305359007434091
34556,-1.3947654585303457,-8.490501277772086,3.567203409268195,1.540890124798095,233.90157662645552,0.009648331305085911,0.00023057818051931743
34557,-2.524501692568278,-6.873116365850443,2.254361340070535,1.5590864294143174,468.61845999383075,0.5616398357443764,0.00023057829863489633
34558,-0.20654668107313512,-7.8290214363266175,2.457659896804207,1.3343259543368784,468.67490338034423,0.18297697756365494,0.0002305978156792388
34559,-1.03553614876137,-8.802705909982345,0.9795060299231164,2.2617800726113635,432.4030185351365,1.7201724602854531,0.00023060567811651684
34560,-4.158773305538924,-5.6290154971892425,4.042638522357319,0.7404818647019605,468.1353038776868,0.24790669709911572,0.00023061466374757594
34561,-0.2954342139178152,-8.472398425544558,1.3888336632897416,0.8206997855210995,237.30187340021683,0.46202154396059125,0.00023061945026549486
34562,-1.252582376125396,-8.45267704049748,3.5432662210574986,3.520831780721555,531.2625703757651,0.6836975894960053,0.00023062827969773495
34563,-7.598566426680734,-9.67239047348076,4.47589686468231,1.025702531967049,275.95775123372266,0.5273914045003547,0.00023063715157916413
34564,-3.9793341069599277,-6.117189543699681,0.7779620861430266,1.2752482679579933,468.46066313450797,0.3973240585281248,0.00023064520678653773
34565,-1.785402925022483,-8.244920566757312,3.364520141785666,0.9563993591966604,431.3248849171727,0.5393820715588342,0.0002306474021075115
34566,-0.5720837764390154,-10.386030835880067,3.65859886943074,1.0670810649109124,468.51831903669,0.24392406943120104,0.00023065353570156553
34567,-0.8979536833699981,-8.021644377361433,2.9890548418233327,2.630270192528319,469.37044619705506,2.0647604179514216,0.00023065471491977781
34568,-3.8179802646377805,-5.586073456338204,3.8789906627887336,0.5216526258914821,115.61631758284494,0.7306267161269204,0.00023066016205933963
34569,-7.922814984768894,-12.460119108619514,0.672754563013897,5.591426442828145,372.1919839596543,0.17610060857046594,0.00023069461192732726
34570,-1.16129186263443,-7.8325527843772464,2.4597510494276094,0.8420681673964857,468.71354339340127,0.2457067224788032,0.00023069762570197437
34571,-1.4770153136777289,-11.007161111316275,3.5376589980125512,0.8332605765454117,206.60697464874676,1.246305903973723,0.00023070928612538237
34572,-4.385076918452059,-6.028229094652027,0.7990117307090361,1.1236548494769685,392.74568027577493,0.7929834530159212,0.0002307153283764492
34573,-1.672682045072408,-10.565034359188449,3.6164168461776414,0.9887460922984901,186.5957546432253,0.11882079856155237,0.0002307193473510838
34574,-9.98044508207751,-6.257935892081536,4.11149735004502,0.9579583640194467,467.2351412815796,0.12454591925749714,0.00023073507557347056
34575,-5.360213948773072,-10.618003844815682,4.951676022592643,1.3901355831539306,327.41362134524167,1.4643847002468755,0.00023073896904107354
34576,-1.3281141170826913,-11.315375728238957,3.4651644118912337,20.552638255029652,635.8654804579857,0.018393582237957062,0.00023074238303468164
34577,-0.9498764635169437,-8.138628250490175,1.7929849278760082,1.057271920257867,278.1658321866068,1.6095173259612947,0.00023074271834949182
34578,-0.8440273665981088,-11.080770194344929,3.5248574570813322,0.7960961254392689,157.67815341013255,0.1893544856129603,0.00023076175203524287
34579,-5.216191450197562,-5.452977659827575,0.619711156883331,1.9133978824404771,468.81227675124467,0.5967087192788556,0.00023078789954722651
34580,-2.3677615293721432,-7.460141089394068,2.321058457079877,2.3659234063208614,440.38527200868396,1.3632127066580537,0.00023078843209475987
34581,-0.10351073386068954,-8.894158579920363,3.7120690035526316,1.9094440774478372,389.27776088897656,1.1566471952088095,0.00023081385616345365
34582,-1.8985965580602109,-10.302392089181446,3.641754145151798,1.676511339606753,356.1852199700214,1.0091694435735397,0.00023086953219225806
34583,-3.1346933769169336,-7.30227341533712,0.05770151178384768,0.8883823704939056,466.60723627191,0.034146599559966795,0.00023087345944539434
34584,-2.081087745962841,-7.868688831356055,2.2546622280536806,2.436363278202221,451.49576153767583,2.2085718614752468,0.00023087638606178844
34585,-2.6605858393311577,-6.752725637174598,3.6919871604550187,1.6267150678615885,376.0793146591984,0.6575396597317864,0.00023087826249578423
34586,-0.22849189397102876,-12.368656648531964,3.2936456114564208,1.2263829342742352,305.3237761897435,1.0158713517140994,0.00023090087291358763
34587,-1.6199727488964903,-7.8237294465134255,2.339228201366038,1.1697882087368625,276.52482607641207,0.687298396892702,0.00023092453215547575
34588,-1.2793638109446022,-9.975309635647974,3.7112627413146035,0.7586382864709722,468.14924692706364,0.25563899921033073,0.00023095302537953246
34589,-0.07133484105692034,-8.458888796546507,1.3726319696668485,1.6288815124678118,396.2431150304993,0.5812821167172428,0.00023097169791453338
34590,-3.971338280513727,-5.1381733211137925,2.9548739448207515,5.263214779969319,494.2442569036054,0.01978818191316911,0.00023098372439003234
34591,-0.4106287291893338,-11.860272703933713,3.416959302824053,1.267461177057013,163.54104722763933,0.2062107410409464,0.00023099405522587974
34592,-3.966537509603323,-5.753284914420388,1.4038415515786418,1.843358298102969,467.65167180451374,0.5577193179401938,0.00023101774670972053
34593,-0.9185799803928649,-8.776788926643832,3.6905500335002386,1.471274822685791,335.3440624050074,0.15142876861760612,0.00023105519257723042
34594,-7.714895602587627,-11.139779099003622,3.366389268851193,1.333666721337923,316.33803849654424,1.3196594830062383,0.00023106092973918196
34595,-0.09068888038685863,-9.595567779121774,3.742959990750123,1.6456996192010789,381.9531103251431,0.4170415803755132,0.00023106620356437498
34596,-2.293310461803345,-9.903838966596492,3.9376246462580053,1.525858974689474,395.97680509645653,0.40170157232589165,0.00023107036722680807
34597,-0.1216504541168657,-10.422555342651563,3.650031959704723,0.8177931392470261,240.24680514628218,0.6790212990333986,0.00023107195178242572
34598,-9.990530980397477,-7.123298357228838,3.4464571659102807,0.9874997384627364,204.91421624769197,0.6128827996138453,0.0002310876105062818
34599,-1.898710756794891,-11.093191978333419,3.5193349421205182,1.7910898078359225,468.52316774870764,0.4690192954812522,0.00023109846629406036
34600,-2.907846011247832,-6.201687204782104,0.9483306780244384,1.2216808915598334,288.12203171875404,0.9565185099220122,0.00023110666196592196
34601,-0.01167163735626886,-7.843543180195376,2.6817889436506026,1.4187157596166469,315.12138989728635,0.7190464966057668,0.00023110985598239617
34602,-0.25304658668751934,-8.521587495958528,3.581009124453573,0.8704531790175042,468.55941448092443,0.10628448172106175,0.00023112008536545274
34603,-1.6316213116433396,-12.108682912896597,3.318277886915669,1.099787555027702,454.12423316050933,0.9255701656862589,0.0002311349446984743
34604,-5.512642235452977,-5.2660058387172315,5.015771927607515,1.8638722732192055,373.12529016788,0.5112352791476207,0.00023114798287698647
34605,-4.410330818298015,-5.640639082316775,1.064497438079096,1.598441145454179,376.375798535539,0.5896506972376052,0.00023116168737421318
34606,-1.793821926283055,-8.070006753290777,3.063747537012111,0.9920215622828217,265.8322596715015,0.276920894354876,0.00023117710024005654
34607,-1.749960438210417,-8.4303210560334,3.523812954186957,0.857986116921301,467.3672949107522,0.591067106923707,0.00023118579562459552
34608,-1.8414732115954582,-10.415309571542933,0.43093874014128214,1.1987477730811598,303.1582103932082,0.9834880899013179,0.000231192965674799
34609,-0.43195650964163157,-8.22119059370847,1.6323668558550986,1.0299635950425368,430.9235234598921,0.1953508315932213,0.00023120837452197653
34610,-1.7727539969007307,-7.8122660721393595,2.304182243633096,1.146953145705957,274.4288186311255,0.8230372805886317,0.0002312099956239857
34611,-0.888165195606506,-10.293089435830472,3.6314441800867097,1.4168360288908532,467.88249132310665,0.6925029361809658,0.00023123949342959943
34612,-2.1056468508970045,-11.994664743152997,3.3298287418055095,1.0237312856670135,280.58604640958487,1.4100476486435634,0.00023125236351213065
34613,-3.571342259530036,-5.519805973841336,3.6534761523525074,0.8374341551608282,467.4412700567121,0.5541456465504746,0.00023125629709309822
34614,-9.377382769409412,-6.795527317747611,1.1651089218272934,1.140959136690561,178.37966232355686,0.1646603412121026,0.00023126969287714605
34615,-0.579740989277628,-10.711602722062118,3.5865290137871737,1.1184487016702276,467.954056946803,0.8239350762792546,0.00023127150533855067
34616,-1.3784091641247205,-11.659175449657637,3.3737113387367033,0.6934007540317149,140.307213214421,0.6613200099682848,0.00023127428284690403
34617,-2.2172898410619357,-8.049848205409464,0.9368049905152257,1.2068300996550236,264.86688009038295,0.9071516230547063,0.00023128617403577438
34618,-9.557018220497172,-5.93377278226357,4.8062578472748205,0.7236859470377041,177.4701410561619,1.0215159904584477,0.00023129858340368144
34619,-3.343633450539061,-6.091384651713454,5.0061778956494525,1.7925099135521971,426.0643882397648,0.5170235347642427,0.00023131716343402923
34620,-0.5994464699460487,-8.063677363954575,2.044204368558854,1.5556538125235089,178.10013604255528,0.22797616897094564,0.0002313367323002065
34621,-0.8787508410140141,-10.32286049109794,3.66368553258068,2.945130747670174,495.83481696988304,1.7894496186113455,0.000231346977092438
34622,-3.9040985554047936,-5.242311896800467,3.1757030966546704,1.075403060046267,218.6143356021911,0.09404813982898563,0.00023134735858739106
34623,-0.6142491747707677,-8.10145588663034,1.8830947928501267,1.054511106824057,257.8364722962212,0.5120483386838091,0.00023136438726342425
34624,-1.1357689059535616,-10.280668051506115,3.624454693485541,1.5444237681176611,349.36573498709475,0.41521814824882153,0.00023136525773042815
34625,-0.01289105124214096,-7.894937830788324,2.777780993700242,1.0191640701210039,269.8228190664851,1.0572916573739457,0.00023136731982202887
34626,-8.254705066333546,-8.852217761446466,4.204895441489209,0.9808501468433041,268.60880173147945,1.587144120489893,0.0002313690289339877
34627,-4.212198684996285,-10.346390175674674,5.050403629138808,1.8632086687299534,468.8101681257093,0.5632181131192491,0.00023138126396570418
34628,-0.7351129501491567,-10.421723893095706,0.4804431114185494,1.8111754321064821,433.0378646239055,0.5115034736722066,0.00023139467916778684
34629,-0.3968904461483529,-11.65122903090375,3.373652943535624,1.225402973930617,311.1344024588218,0.5371567222979232,0.00023140175526408188
34630,-4.347797714218932,-5.023296415366693,2.341300122892895,2.6229994335060067,460.4131992951057,0.9331699153624831,0.00023141525284863423
34631,-1.333747985785065,-8.303653739027272,3.4244609117823077,1.8015970329785715,467.26635718020873,0.1631573161185127,0.0002314209685137619
34632,-0.9088499287581779,-8.028982291991008,2.988323539241318,5.4751319232462174,340.87504924618185,0.2178584271921995,0.00023147898104188173
34633,-0.7413471671180183,-8.656079767060266,3.652772737805848,1.2154252715991554,272.11891101444184,0.3635868014649697,0.00023149040618596745
34634,-4.258061828118435,-5.097794197921506,2.7143588725969012,1.4750532127619795,252.84369779497987,0.017390362804984072,0.00023149144293228846
34635,-2.7366048590011793,-6.534739967989094,0.7354523868357,1.6539445540146944,388.5545103360491,0.7692362430229212,0.00023149204346272498
34636,-0.18827345070621604,-11.058334129261922,3.5218332008344015,1.0353092620502464,236.48022265128293,0.0655787586630785,0.00023150823254108896
34637,-1.5904770995139614,-9.40267945336806,0.6895812823306462,0.9889122031634182,467.89324027494564,0.6417402120445814,0.00023157177159792466
34638,-3.569106089569325,-5.307360131616173,2.876706930137472,0.9588963511649324,210.68915534298077,0.08215523806191793,0.00023157647133003324
34639,-0.8424736659875993,-12.046681476917033,3.32045813988512,1.3576632422722776,309.2947421291744,0.6146869805082247,0.0002315988369578324
34640,-4.460384510052719,-5.572250441448461,1.231149950399115,1.709531277406751,400.55727353942757,0.4095522824576543,0.0002316854032263101
34641,-1.3256638584199383,-10.716652538259401,0.4575787873732839,0.8818973571959041,468.5739018641708,0.9076032129527141,0.0002316867604856029
34642,-0.0025594502157080257,-7.824350390714566,2.328384633003343,1.3157830850737569,282.4922934886151,1.0084102577061183,0.00023168959436636758
34643,-4.400509926267641,-5.1064778705959375,3.2049337273516167,1.3732579491477412,298.56791854821984,0.15071992467371942,0.00023170174642260657
34644,-0.8431444439211688,-11.115591264756457,3.4637260139675368,0.8661225258609873,468.3927013533657,0.22422953414282976,0.0002317087292014812
34645,-2.0746505047917996,-12.318668080318094,3.4955291695158426,0.8394209868886179,243.88210521892117,0.3486689194597039,0.00023171263629104898
34646,-1.5544374856483643,-8.46409268158674,1.4034207085029038,1.6669521804485128,468.8652483264214,0.6420953632217659,0.00023172869646921718
34647,-0.5486969319046366,-8.558693322897017,3.5963235832272615,1.7019186208307706,369.318861075041,1.9412164463773536,0.00023176716798213386
34648,-1.7365784630075662,-7.822079247743133,2.5443662458896332,1.8499778410399275,445.7971950580438,0.42861221293298524,0.00023176930070050396
34649,-8.495995170131224,-7.945272157727912,5.147585849874567,1.8431448833500745,468.7467170580838,0.42758882373458373,0.00023177320559427056
34650,-1.6136485562779672,-11.034770091214746,3.523636336990739,0.951285798817731,469.0743017489016,0.10071312548593792,0.00023178118024216345
34651,-1.466722072515429,-10.285713672172285,0.49313132255107295,4.326253281444561,579.9526622759406,0.4201207152625459,0.00023178326220539664
34652,-1.510001507489676,-8.385427329283246,1.4203128366939384,0.5802323182856705,127.58363031611108,0.013939157803382507,0.00023182742120280195
34653,-0.1029424382157611,-8.45589533295221,1.2407063076090743,1.0802569242455418,288.4481052383198,0.7315821615809375,0.0002318325403820824
34654,-1.264444115138959,-8.482162956652985,1.390099664478768,1.0520071184809219,467.7660140356165,0.06873547659678092,0.00023183480045603207
34655,-3.031986779837885,-10.841643422458102,5.096627995370518,0.536144668695116,113.87927319681381,0.6905849915988336,0.00023190740310166967
34656,-4.93980368706884,-5.114772973502134,4.097069378034324,1.0398853647281299,133.58665601473584,0.29166574973395143,0.00023190983463775743
34657,-3.5649911315331915,-5.835179460367218,1.231801504594277,1.8261675555699088,434.74171953784287,0.4834082929588801,0.00023191569168637063
34658,-3.7168098454523495,-5.286490837858345,2.880408749298411,1.0795539916164476,280.61934958575637,1.8106424573996227,0.00023193049130620894
34659,-2.3828520680684298,-7.470460611415625,0.8594418067937,0.5048629770859564,129.28884408368828,1.1539723893170333,0.0002319364675021078
34660,-6.893239837944449,-11.682283914561978,4.351021570480787,2.2723194816278314,435.6315070475882,2.290788198154785,0.00023194425618527792
34661,-0.680855387079701,-8.640572575062667,1.102932958632924,1.3972507990254144,334.30558972587176,0.28378880943409257,0.0002319505570906197
34662,-1.3965964334674261,-9.146650086018939,0.7796680990730022,0.8350507067344394,244.6363072225512,0.629663880258394,0.00023195120034101907
34663,-3.1074881139309873,-7.268227463632088,0.14554618308063197,2.303625480499049,438.3672217458776,2.2650797473143625,0.00023195190992269144
34664,-1.947254284042403,-10.291265079746562,0.4667040315686746,0.8207054883658594,468.03596882017195,0.5425952335177824,0.00023195230189711547
34665,-1.9688826321301764,-7.836184789325694,2.1884964800173505,1.1032147149525466,192.1680012026354,0.43280308660805655,0.000231956909692707
34666,-0.4405726904933758,-9.38890414936871,0.6572365454431125,1.906074310240589,468.3841515207183,0.6373725002712574,0.00023196232219217572
34667,-0.6415342854416206,-9.150740538257661,3.7464961854545553,1.8785451533985953,390.43636537875045,1.8584966894350297,0.00023197535744006747
34668,-0.5410434865970934,-11.66809017196492,3.39618042364175,1.7396583260593588,410.32653524132456,0.3121855017321389,0.00023201719176827565
34669,-1.5581106981164456,-10.622864414183223,0.44955961115588366,1.6718594290586195,364.9869277098336,1.843488786092471,0.00023202463608009482
34670,-2.594940967996666,-6.836161903350476,3.3203787904608713,1.7854537210642132,468.8436673656331,0.5355186982600149,0.00023204311262484034
34671,-3.7855712687010694,-5.494704123917188,1.6975393999701311,1.6070055900877322,371.2778250459929,0.6880723799031214,0.0002320541260329681
34672,-4.350868126969809,-5.458572390646082,3.944715467360329,0.878522813091266,184.57198516677647,0.25850866872634803,0.0002320611029129104
34673,-0.43510370156693057,-8.218830784036472,1.6353104781594083,1.085265820376224,467.9397258679062,0.048060582430800025,0.00023208372138459364
34674,-0.7117744344140604,-10.447075717693004,0.4985979649234003,0.8840617478758896,183.70403638307636,1.1249206683803106,0.00023209713336618584
34675,-1.7139669069503825,-8.00420587388584,2.93667209022136,1.211997308707289,302.78176506516604,1.2191506078921561,0.00023211966480582135
34676,-2.1706907402155746,-11.696315334671622,3.39082312017811,1.7524269854373022,374.6653097537873,1.7607047956402821,0.00023213582471738123
34677,-1.711121419035626,-9.472208635867972,3.727608967582555,1.24092897689377,467.5026442675767,0.5789257252052211,0.00023214803423082615
34678,-4.708188030357916,-5.0947219133849755,1.2965493111863264,1.1324161998373325,265.6388655991818,0.9564827316757745,0.00023217411847962694
34679,-1.6602293025586388,-9.733334446692133,0.5810001462690191,0.7394393844160886,185.92947022073776,0.31709830027918695,0.00023217435305938002
34680,-9.36379150912626,-5.095322427634881,5.056529754253066,0.8474680828069142,431.8660736284159,0.2167305386764138,0.0002321886061424889
34681,-3.6061474527285746,-10.762732475234658,4.848031349494652,1.3106246256779999,468.5600151671218,0.630648921552913,0.00023220179278640575
34682,-2.5737790020218654,-6.6572570729405305,2.6406627383677397,0.9188026182284229,387.4795688037376,0.19574942966066367,0.00023222236286878984
34683,-1.5976718845273776,-11.761878775850748,3.4171977315019832,1.096886804219426,466.9676732883168,0.9322570281481495,0.00023222500737230602
34684,-2.97626769293886,-5.909739330008061,3.4039243560828583,1.2459072308463863,363.562333348968,0.0911512588841159,0.00023223879938584675
34685,-9.434988786757843,-6.0607011955439605,4.995323458285908,0.7140368026968401,175.51126255409773,0.05580753392500082,0.0002322445320893255
34686,-9.681222861554232,-5.3741558690023075,1.6226322340213337,1.452111081491885,221.7458185476844,0.035638247720267024,0.00023224558617582775
34687,-0.09892838179853669,-7.821685302907597,2.510600810456576,5.270680189765359,478.74269374106063,0.006805646912015462,0.00023224613192304811
34688,-1.2097621861856958,-7.82321143595394,2.5205528913830233,1.249743768449373,285.47426728216067,0.4486767396582083,0.0002322616507715931
34689,-3.900233000027794,-5.311157479136571,3.2724594677951977,2.942208312030323,495.97165465174163,1.9215712405211418,0.00023227859267610184
34690,-2.369178031852325,-9.645930136574513,4.432560755660568,1.5656380499912546,364.86663578684966,0.8081175766944906,0.0002322926420177216
34691,-0.11715264604740305,-10.451324934699098,0.4448561953691453,0.8925969272467413,184.91046516583347,0.43979971700345555,0.00023231454434085281
34692,-3.133986204582463,-12.065708988691748,4.654049955142826,1.8544685182967626,448.3624528219718,0.449843786541833,0.0002323358391883448
34693,-3.6282802332795168,-5.463972942496942,2.020881672853477,1.6253818377212705,378.6394129112623,0.24968632441769412,0.00023235561072058495
34694,-4.070055632131087,-11.66771736495776,4.607166778411404,1.0500466147234817,277.8385419235381,1.6454861812688257,0.00023236467667255072
34695,-1.9958233305547743,-11.150958370061518,3.4819448094979464,1.040655050726734,468.5277914042371,0.2586468226677159,0.00023237262587297698
34696,-4.017348595834581,-5.196892831636053,2.7012696429146734,0.6963900190762421,211.51859643912218,1.0556708972821953,0.00023238426306729804
34697,-0.6624841948116611,-9.793649352492853,0.5985705758194112,1.2869412965116456,308.5869730853055,0.3419796561030308,0.0002323926423665441
34698,-1.1252153517091639,-10.819635431109928,0.44910061486387853,1.111550845861443,467.88655078835524,0.5974172041014452,0.00023241524236595289
34699,-0.5594648148238033,-7.823807280390239,2.5133976828377707,0.967679730776607,410.4762244193638,0.8847159694454687,0.000232421682543204
34700,-3.3606498334504273,-5.9843322045316905,0.9863343945211096,1.849756910209994,468.12589452941825,0.664133708283571,0.00023250968315500966
34701,-1.5510240331648912,-11.30113278356037,3.401361962774421,6.9220447396127724,433.12722336383615,0.13020899381561346,0.00023251749708418887
34702,-4.10567599202316,-5.29932121061301,3.276895582458639,5.237023103301001,325.8451892449712,0.24411469347056247,0.00023253951672619333
34703,-0.7136232084892491,-8.116787392320703,3.2066065087432793,2.5482454402136794,457.53650714256383,1.2932457751107078,0.00023254776270866933
34704,-5.232864466155715,-6.045717300086004,0.3202370484611124,1.8948274288792157,469.1746099330115,0.5957508294155796,0.00023254959842530597
34705,-2.990536788577116,-5.872847394044558,3.1140906341206054,1.9772836622144165,401.93099854460354,1.646054391117544,0.0002325560133992762
34706,-7.928692972390531,-12.311065686090807,2.203734458132151,0.9513411391968883,190.04067980669504,0.07073692485729932,0.00023256089262682443
34707,-6.772577323508893,-11.602593517140292,4.44227912531874,1.711829233751918,361.2755807885652,1.0065456567241418,0.00023256372209613018
34708,-2.256550245498948,-11.520723700223103,3.7083641780174093,1.1100126319814736,271.37651361946547,1.6054393588384794,0.00023258185249222304
34709,-1.7768380115669569,-8.395818647497117,1.4023737196791557,1.2734578291241236,273.9536344111363,0.7732203132990563,0.00023258767275767032
34710,-2.1656804431452956,-10.325530179661166,3.6543375434744494,0.8476634770653786,225.8074451272029,0.59139771795682,0.00023259694240158462
34711,-1.8380583776316346,-11.905625730934693,0.4011696056252923,0.989327949510755,257.86877822058744,1.2450403245773343,0.0002326047691713002
34712,-2.780767738144916,-6.065136760279201,2.368803771262362,1.7886369827260387,426.42496158963166,0.7465400499934978,0.00023260624183301252
34713,-0.3629512805172954,-11.763297466455825,3.3869514262407794,0.6633833411356203,134.48763978270566,0.15498215512572333,0.00023262980753553924
34714,-5.705395918533266,-5.579948601089072,0.009476950378107052,5.596768199335732,425.50981218329076,0.09528869675399321,0.00023264533186334634
34715,-1.5926825041488595,-12.579180801033349,0.3894180663112676,1.8615505654876647,469.5468870638523,0.0041489014585254225,0.0002326561276292895
34716,-5.138744319494599,-6.155300766993984,0.27584232176576406,5.421258583648483,641.3464154456024,0.4078423838568819,0.00023266725915851896
34717,-3.4365922090338685,-5.358901874270179,2.074679337229031,1.7903672572809688,468.51034435462105,0.04859907017687792,0.0002326820115420915
34718,-4.065444725722358,-5.593557381374533,1.3024540681112078,0.9097240327726975,468.70550705048066,0.5746124088442395,0.00023268296503071526
34719,-2.559044869412933,-7.021833914934981,3.146048510216144,0.6174626213488565,152.048845981972,0.6376689177451427,0.0002327288136107023
34720,-7.213425463735556,-10.701587277234818,4.330712097145378,1.1301177957812796,272.2077233816949,0.13779447218676033,0.00023274782376920064
34721,-0.5640189803565612,-11.476380891813623,3.399079908258933,1.9412875922768993,382.5174218879838,0.5098780174271749,0.00023275945405719622
34722,-1.2839300483961438,-9.86518581161934,3.706434382209642,0.8483322298153134,467.9808559997913,0.3592378651649186,0.00023277138465989587
34723,-0.396071022639644,-8.553142759889102,3.5853632348208984,1.1050109229903535,245.94675617595158,0.06191391827861725,0.0002327733501952626
34724,-3.081041525416911,-5.530143183906384,2.15957756956015,0.894268911816093,195.19368495418448,0.21695735137346883,0.00023277546911914358
34725,-0.9287662763474938,-9.947570405006099,3.7005936378695083,1.1504281174834847,262.541513016061,0.9660043246316361,0.00023279079090477768
34726,-3.6028470523290155,-6.627642885534338,0.39937654206727735,1.7048794261565068,400.38805441267635,0.40108732296347416,0.00023280501840923043
34727,-0.074098032953966,-11.15604821434926,3.473121745113298,1.9612049029895993,378.33985625179906,0.25802244371500827,0.00023281939798846618
34728,-0.35055505181923863,-7.8446224523289265,2.189822859762903,0.8309997918683418,469.74225033221893,0.11173973815759108,0.00023282162971473023
34729,-1.8492616451689763,-8.31730984998936,1.5612572548795358,1.0338727353465849,276.7655297280238,1.8247945542886992,0.00023283728537710086
34730,-9.394456304352481,-6.615637011424281,1.1723235846115907,1.127139070957798,283.4421574433029,1.389773154040558,0.00023287178145407707
34731,-0.8328725580759286,-9.134255090485853,0.7733855650293714,22.75213804749686,743.7917517243194,0.08395136481514687,0.00023288108812060299
34732,-1.6377093175827682,-8.031136154230381,3.082729412732572,0.5833686876233088,174.56826463799666,1.1103745424273823,0.00023290494273081163
34733,-1.05572973312713,-10.85920900527131,3.5468369618995683,1.8586111302248711,470.08473169472217,0.051239962496288705,0.00023290945576601223
34734,-0.9738038363687611,-8.013696375072229,3.0196652549059175,1.5609806298242535,349.6795068331288,1.5159300947398249,0.00023291449174359455
34735,-1.1197340395075752,-8.48694412781322,1.226367299505127,1.9992050997639645,404.29995534976257,1.85378026576383,0.00023293932901558224
34736,-2.5795566451111753,-6.859621688225226,3.2234858738719323,0.8765096140948213,176.4778840510136,0.44542521237659916,0.00023294870599189216
34737,-4.199110959148147,-6.683993587800362,0.2962911336570977,1.5146343496684591,467.9825185236728,0.6129924338925266,0.00023295765578067005
34738,-0.019390160085061225,-12.047296655429982,3.305353263758679,0.8517396532331097,229.2579557703941,0.6592473332906996,0.00023296874662931868
34739,-0.20173450313036234,-11.051790580357666,3.511047334043296,1.1170405233824168,258.13048057888057,0.9784690033580672,0.00023297175977366206
34740,-5.231067462241238,-11.378727977073762,4.693314569698216,1.3233116132285292,297.3443376774875,0.6140515848497374,0.00023297653701939925
34741,-0.7395650246842411,-8.066081196912474,3.053197024151518,1.8373345536108718,441.0974117169402,0.0770121318542607,0.00023300536333065668
34742,-0.8422418004817303,-9.9743451691896,0.5381333460514144,1.8196686063648735,434.6841787393975,0.11582873282364492,0.00023301007629737816
34743,-0.24516726829435243,-8.04137393953649,2.985083803989704,1.1771446100528031,468.487213590678,0.7990761627570011,0.00023301162285091585
34744,-1.702776074062692,-10.780564134460448,0.4257956186663631,0.946794036957424,199.22415178942074,0.252484404697463,0.00023308006789264996
34745,-1.7886067374850523,-8.394786641118799,1.2863563598510868,0.6552748908317025,176.06548166881882,0.5250178595692931,0.00023310504570504386
34746,-1.5801788274375568,-10.306701201579681,3.6556759712451474,1.3425098366185495,289.0154291298499,0.019444343932694785,0.00023310696060811997
34747,-0.06919752125367573,-9.168104438269527,0.8228496470946923,1.0311650677512476,467.20528352618356,0.565954084119551,0.0002331076573597034
34748,-0.16209028998201802,-8.48818856217698,1.226704843912082,1.4113635310789021,312.49520028068844,0.19244918482011997,0.00023310782105000042
34749,-1.3273057861551258,-11.612149595572406,3.3634376405720925,1.0868482603312704,282.8559118715528,1.4441100651710537,0.00023312112661829986
34750,-3.615565282521894,-5.37679871401364,2.0591521305819613,1.2623768037061194,279.5730473515554,0.09567260122935739,0.00023312928191779203
34751,-0.23967488395817327,-8.316210381811864,1.6208827376274613,1.0598980531892896,282.65473964549176,0.9772571607277065,0.00023312955299724153
34752,-0.24780229164615264,-9.399803340401604,3.7427906184628537,1.872375874588992,387.18222942848973,1.477144909541976,0.00023313951776959596
34753,-1.6409414869574306,-12.140611665155436,3.2931710870638633,0.8900760402374743,181.7602292545825,0.8165462834919577,0.00023315129344814506
34754,-1.5537936318152905,-9.807163060853696,3.713024579470337,1.1306808004051099,291.31936565986507,0.49649912744688596,0.00023315498905151263
34755,-1.548576142790953,-7.930112683110763,2.1731059752266693,4.391283533605148,587.3061585465695,0.5932052260446001,0.00023318308074263695
34756,-4.593976774915798,-5.394372195812857,1.5137010775518716,1.0856665981586886,468.7284630052916,0.5654836737246578,0.0002331952648364556
34757,-2.156089720601334,-8.128230985656636,3.213124811750843,0.8554562775082768,176.0973128257845,0.011823876870746375,0.00023321221412266554
34758,-0.9988293135946584,-9.833345965498928,0.5567590984338304,0.943922122436676,469.1333116595888,0.036136694457521656,0.0002332186322877714
34759,-1.2526785419979056,-12.013043072029182,3.306753893572685,0.6245194233807828,162.3430304631767,0.8819526970371898,0.00023322786804738093
34760,-0.524011303045576,-11.95955702212021,3.3138537783560715,0.78138799815314,175.33001260290013,0.6170647813997645,0.00023322872517254174
34761,-0.7165631165915336,-8.796954332526871,3.6816182659655174,1.0387936884934845,457.95933254615545,0.07886525163953895,0.0002332319240602913
34762,-1.3700941984333586,-11.993902562347321,3.308866487139269,0.7082286801146728,466.2967155175518,0.4247646847922555,0.0002332423825981745
34763,-0.8785034101805973,-7.850419288786927,2.183217500770367,1.5914935055617867,343.86498322797445,0.8915265569668476,0.00023324926064775294
34764,-0.41729544896313797,-8.482274087628511,1.3490475771563957,0.8260569861191785,172.7549763446436,0.13139466981825887,0.00023326208690151436
34765,-4.367222787730787,-5.701717005056607,1.3127500545865092,1.0942913772444691,467.6192998777256,0.450649782279954,0.00023326228031073006
34766,-1.320118366700365,-8.60731463710043,1.1853007751357512,1.918994423508707,392.02118802380033,1.4003258316664269,0.0002332918654119179
34767,-4.9111912200594645,-12.987495113014893,4.490309421282323,1.1385991390478396,294.09069561008226,1.817808483812052,0.000233330320028683
34768,-2.0476894858827315,-9.385878758609831,3.742045078670399,1.191691260183257,306.29882272843713,1.582541316719337,0.00023333461820471545
34769,-9.307295617122515,-7.206156130102606,4.672126718975646,0.8450518588024729,214.03452084467017,0.7718812696368405,0.0002333443434860331
34770,-9.934019670448638,-6.484902890284729,1.932771457329627,1.1356326620568993,468.92745337449924,0.8686999029071636,0.0002333473684566046
34771,-0.23620996582635456,-11.676907367560927,3.417515801843538,1.5782306295920923,468.20200074313453,0.4025911987827522,0.00023335181546904084
34772,-1.0998558389695479,-10.866325548844818,3.541377880196883,6.047899300174077,467.9975354247425,0.05260590698482748,0.0002333606393967276
34773,-1.7318817325206162,-9.93371352532796,3.6987964172902768,1.0690789875798097,467.570332426974,0.20226061116311111,0.00023338295924261405
34774,-2.141659756805268,-7.924445773779639,2.800792227064266,4.157495534762119,567.3631760422212,0.3788853698533279,0.00023341901392118783
34775,-0.22199366159248513,-8.284828961574478,1.5550010487519097,0.8021192732821759,170.36811036489237,0.7610732346898592,0.00023343672818048388
34776,-0.6013429374756587,-9.884995092747014,3.7323517832302247,1.230622023395182,468.14270405334076,0.24642534211157585,0.0002334407227416542
34777,-0.04816155891504792,-9.56051945241443,3.7211498403205137,2.310315995908534,253.09685713088902,0.14099328190779392,0.00023344266201500788
34778,-5.1228224092687045,-5.3518069428282065,4.49388146160494,1.4374613994880705,328.0538240553952,0.013249030493219571,0.00023348527239316268
34779,-6.4165255255674545,-11.987749997792507,0.013389061194609272,1.125581491738019,242.17723691703037,0.3646139353417315,0.0002334924101863815
34780,-9.37754790561391,-5.549929234702982,0.9441011735574799,1.3847647539386292,318.86194622443793,1.0789356710666569,0.00023349468107485062
34781,-1.604071349029816,-10.473053764477616,0.44265246174919404,1.201135812572966,303.9461573838238,1.2818480594332229,0.00023350127325389526
34782,-1.6438744702167298,-11.219018295780103,3.4065140434108856,0.6745674598991247,467.1730758013943,0.4129892214603119,0.00023351469858976144
34783,-5.610574426405287,-10.360388889339708,5.084671010614754,0.9207236526398709,184.72441868425364,0.7929807814492928,0.00023351526507206388
34784,-0.4762402368077314,-9.769473838730466,0.5781142941048114,3.363041913470372,511.42438500116316,0.4208993716121858,0.00023353363849274347
34785,-0.8898846636627606,-8.276518637343518,3.3643234301845872,1.0941593737462736,284.67439471699834,1.5771389734487986,0.00023353507419291995
34786,-9.766511029747827,-7.278131381623007,1.9786026474804512,1.131180720669633,139.38108371503824,0.2835923797193898,0.0002335501803330257
34787,-2.141017682327896,-12.145763376949715,3.288727495839408,1.054411926895945,273.80653178494777,1.4469205565159724,0.00023355835536776367
34788,-0.7927909501332806,-9.69838070527289,3.7362854384964326,1.796371916082779,468.38570514085984,0.36785852260205587,0.00023356617561090434
34789,-3.404052259597403,-6.041041259152405,1.042058119556702,1.7710472126876757,421.43335557266994,0.7286892397393565,0.0002335772811494558
34790,-0.08646470753126323,-8.089332544640065,2.054354170109119,0.8550647518100821,226.9069636557322,1.2720285577548438,0.0002335857853491509
34791,-0.11824713215326099,-9.503765350433259,0.6748759567046644,1.0935927094824007,467.0243227328081,0.7527264531148115,0.00023365382298561489
34792,-9.75519581475911,-5.992590125490284,4.489999294175336,1.4926599812964645,278.60825950319094,0.05055175343769491,0.00023366455453593488
34793,-4.774547890557659,-5.33751633444027,4.1223664132542295,1.2677039760640247,468.6692727507169,0.5627148009086609,0.0002336816965664143
34794,-0.6581932826419497,-11.432327660281915,3.4475335671929574,1.0843537958108986,467.84111855260437,0.9238489975332351,0.00023369905607534099
34795,-3.0545204424262193,-7.10642741715825,0.2647551915611859,1.0011501127662072,468.04640217991573,0.3000613971961146,0.00023370845193358358
34796,-1.363467859204503,-7.892661782292864,2.4886554582016203,1.3661649501974371,304.31605426983725,0.06072602668078275,0.00023371762678105277
34797,-0.6663638710237745,-9.120880330100896,0.8334467656816571,1.000375254376212,468.55686962447004,0.5982226052564217,0.00023373782232932657
34798,-0.9157209937025694,-8.857151632457285,3.6958222187286034,1.7202105279178939,404.8306958740093,0.6241121524628417,0.00023373799542943682
34799,-0.8666642033171357,-10.96182066139044,3.4836479693661597,1.2516274715719022,282.8380614764394,0.39324541154267667,0.00023380961457890307
34800,-2.1720214610054764,-11.825867794724083,3.3459133771944574,0.8515782762216475,467.6417958055827,0.4346227476940081,0.000233809801836218
34801,-3.7981666715524875,-5.945941382776532,0.9822408488953808,4.251355820635019,581.1247907127246,0.6836341343516983,0.00023381854383063726
34802,-1.3997570403917585,-7.847723256599607,2.4460218392345365,1.6442943795317932,439.86819654010344,0.029774083187747102,0.00023382137621588117
34803,-9.724810021107182,-5.670409646823313,4.519933973260883,1.0120131658890161,278.3198832016775,1.531959183304667,0.0002338353807425925
34804,-4.810363530143894,-11.114854847706722,4.7513827771756665,1.005395094529066,468.0018131389777,0.36877784013804327,0.00023384603437662788
34805,-3.2055926752445796,-5.285400271290364,2.320480908221123,1.633129875275125,360.8805797798213,1.9873155032771406,0.00023385440802695768
34806,-1.3726653261389572,-8.45195286683421,3.4754399800304716,3.534200676394353,536.9369690958785,0.9589905049176757,0.0002338699626613063
34807,-2.095035173587659,-11.367715712443081,3.446555481231504,0.9445879604138077,258.80914786477746,0.6207638956443464,0.00023388633659449822
34808,-3.6736973299651883,-5.738652659805187,1.5109281350718942,0.6527831928073266,136.68474870619207,0.051779586753203155,0.0002338911014050243
34809,-1.1146096328992439,-11.02718610895543,3.4788999362321307,1.0504575715143858,223.08293385882823,0.3867549856548953,0.00023389872347013166
34810,-4.54450535954415,-5.814136819113875,0.8663419671039869,2.099206092326628,407.8035956020394,0.8112442423957029,0.00023394643098398018
34811,-4.0665161314234535,-6.020642286735369,0.8902043338889932,1.1224219667517714,467.4171514229484,0.7566765762179051,0.00023395072405780638
34812,-3.8466508191115683,-6.285806568815653,0.7031782872205142,0.8653868119904256,249.92598952590097,1.3140726205661695,0.00023395710515630033
34813,-1.009050193096627,-8.332792728944899,3.3891093758775543,0.5696878935906756,172.74805741567738,0.8595251378602571,0.0002339883691464953
34814,-8.826549361907698,-8.758858090442322,2.334536178106065,2.7727417136173047,401.64087446529095,0.12183485933896954,0.00023399263855894534
34815,-3.5910820008368747,-6.222233427243662,0.835656311819791,1.7415465746864967,411.56740129847464,0.009733493207979116,0.00023402611074127498
34816,-0.43090020982208976,-12.197857414717353,3.266673731924715,1.5110402808606296,358.7711786853712,0.29966547763716633,0.00023403156301848892
34817,-3.660373316838033,-5.148886199685594,2.488940956917681,0.7929513547723892,469.62334130045207,0.23829977681444614,0.00023404516231476663
34818,-3.8197008665277155,-5.329954309089085,3.044760507609963,1.4258352348515553,318.12118393907406,0.6002478017556081,0.0002340986657724607
34819,-2.0194080813932933,-7.888584817241133,2.58594560971399,1.4509093763513128,323.83456599850155,0.577272105732054,0.00023414339477495185
34820,-1.4901906001724736,-9.800755057031584,3.7060693155039166,1.0538243417865425,139.78251154916705,0.27788810341941517,0.0002341466191101251
34821,-1.9399920446709213,-9.345945488113614,3.720592038051714,1.1211134754128573,466.09384570947583,0.7026264459643059,0.00023417434071935377
34822,-7.413289354236687,-9.354765900509141,5.045090141905681,1.172152994305824,467.79326543248317,0.17191335600370472,0.0002341989040733355
34823,-0.08743821620417869,-10.311303688471263,0.5204330143520818,1.1125520811534346,235.52070605064222,1.0273759806117795,0.0002342067947514588
34824,-0.6789596230417771,-10.0483862648294,3.681188552274853,2.4794212668892848,454.2389195843331,1.816476842341702,0.00023422674078554633
34825,-1.6720935632613259,-8.0283647830377,2.1192773256856063,0.8041539007633774,468.0287831743292,0.029641078888045236,0.0002342278659396456
34826,-0.12287250408115824,-12.530549761306364,3.2688272439922983,1.0758601176526637,466.31593078266235,0.1576539595189841,0.0002342331487955781
34827,-0.25574612429917565,-10.80124101345176,0.43722724242430605,1.8375033738151005,441.5583816961849,0.2950235364272249,0.00023424320247100787
34828,-1.057239648822101,-10.833525923801016,0.4320056453042443,1.0919123622486673,284.7946921179314,1.1079245465809846,0.00023424948290149794
34829,-1.3376406556542868,-9.731135341981066,0.612453018002514,2.622046775519407,384.6812795385991,0.12420908281844056,0.00023425495264449967
34830,-7.615230341363002,-11.50020254834254,3.4705736920158348,1.8912375458308786,468.28831409066186,0.40478369193476116,0.0002342627689369252
34831,-1.4835188881102184,-8.488827766335639,1.4032838774146792,1.9027291741624754,468.0004892491995,0.5157114158698795,0.00023432992787789938
34832,-1.0835464919826592,-10.244014734120636,3.658306714366889,1.7050846882478752,401.18371601200164,0.2873456496248874,0.00023435607172382107
34833,-0.5390058197586942,-11.014716705550383,3.4757553323583545,1.2089718390953221,243.83037869528414,0.01764177398163458,0.00023436025640201057
34834,-0.5422976607920802,-9.88351642992545,0.5833811484118867,0.8277627789709825,231.7151117030935,1.04002520254374,0.00023437557967646847
34835,-2.2962000488522545,-7.610875428681219,1.619620561946107,4.519935108554878,574.8426548296167,0.2378439183225458,0.00023442333601698156
34836,-0.6153797652506192,-8.60988361126535,1.1636031066334172,1.1094255306667276,467.866343391541,0.7687773316280646,0.00023445108777892974
34837,-1.3287081328463124,-7.869316293400394,2.6617170723990102,1.0457241282062015,276.6344603066605,1.4625512213070415,0.0002344563046955795
34838,-6.2085267936166515,-10.32215603634895,5.074531165195547,0.8719296877354683,176.65641721179637,0.16941070555288018,0.00023447351499286797
34839,-0.06577382549785504,-8.915111805517247,3.702514757166137,1.0638536777949985,279.7743607624264,1.782976363842658,0.00023448664199064235
34840,-0.5343169779702244,-7.847902598220595,2.2950796734048264,1.692240222600045,398.74913258445565,0.3262489592308411,0.0002345061149880026
34841,-4.735783304894704,-10.317217954092577,5.080660776843231,1.8237402029174814,436.4261511480346,0.35109794617677714,0.00023454071159742797
34842,-9.95547686440611,-7.184495740324769,2.3600556235508168,0.870015419031337,467.70490701396136,0.27748489317829517,0.00023458583304646885
34843,-4.316343159454986,-5.777540403991084,1.131502017576173,1.1912033369912067,264.50107207464185,0.08034679338247575,0.00023460550289899603
34844,-3.1380026097654152,-5.617187187725483,1.9202143573525958,1.1128110015313888,232.55552796067047,0.24134382769659712,0.00023462254625611793
34845,-6.1356701169630785,-11.985073981201904,4.577235919184724,0.9228278183835936,257.41955021240227,1.4994101938787674,0.0002346584729015105
34846,-1.1676682927560122,-7.862546231495635,2.191881676256907,0.8518870722738793,467.520030369937,0.4066536567015646,0.00023469782167553872
34847,-0.04766134235478603,-11.447962643385313,3.3743428646287357,1.6076072265019616,258.07206655280675,0.44413750336110436,0.00023471344494766086
34848,-1.052056070906099,-12.950576149171779,3.2624672413797007,1.0527447960032474,219.5760604891585,0.8824390650955243,0.00023472657549398137
34849,-6.732489400713094,-12.719819717780105,4.3328792061784185,0.8559025647344658,467.11717552518616,0.5168369123684817,0.0002347285022216762
34850,-0.7969282666974884,-11.154284643100501,3.407498306582714,1.6212322601866906,468.381895867315,0.5840397889713369,0.00023473290979900594
34851,-2.0053010998819465,-12.528925973209727,3.3745410566639262,1.7244093268876153,406.8224154028146,0.3289987977416553,0.00023474283225323952
34852,-3.1444438375290593,-5.561795341006166,3.238678378056682,1.075393739267922,285.79185230839005,0.8977229223810825,0.00023476613308443396
34853,-1.0732048632601572,-8.49409359344072,3.4847943161467354,1.7855701076863222,271.9412410573089,0.055870448150899144,0.000234771611655905
34854,-1.6879399430094715,-9.154181520948104,3.7200762346837344,1.2708077256817059,468.66414454194734,0.42620766252915043,0.00023478109863275026
34855,-2.228193856133439,-8.752187069417335,3.6604523124115436,1.2585068723540893,433.1406637459473,0.588245099262922,0.00023478322587983197
34856,-1.6410482985499844,-12.257650043626212,3.378699011109134,1.221701147452656,299.1432573248103,1.447052900905475,0.00023478630960429775
34857,-1.1977120252091282,-8.03362007637331,2.096687289183571,1.6765329806182254,395.69483584161094,0.3934852294972435,0.00023479545055908718
34858,-3.8553783467495117,-6.038849451099777,4.872590318776745,1.6598404142660772,390.4597719412637,0.5363630164869315,0.00023479763666043812
34859,-5.146898396776118,-5.1447713386494875,0.8041639971437458,1.8654890717726034,449.9644660857242,0.43787394391686707,0.00023479894463973027
34860,-1.5920875017799183,-12.990776824053382,0.4107461483683126,1.6713075029526403,392.3808176870377,0.6587840401634404,0.00023481651317328915
34861,-1.8136801780474379,-11.356137554264402,3.3992590753904453,3.272370053308982,348.5149857101585,0.054071586842021624,0.00023484887355629063
34862,-2.044831353424863,-10.355460272958148,3.615053637757264,1.751901930137593,329.4748596285785,0.1487055467321463,0.00023487481959856376
34863,-0.2719059888405013,-10.053287001282849,3.676014507129365,1.8038905837481005,448.3257643665326,0.1137250272195427,0.00023488231294808423
34864,-0.5934623047301137,-8.982888377670417,3.7091444622253165,1.4398050816146581,377.60112858805275,0.35045558499762475,0.000234912505053429
34865,-4.116540760471712,-5.4326840641114265,1.7948163552740988,0.9955966750834352,467.2231293217965,0.13371208590872374,0.00023492336474331826
34866,-0.16036639164911115,-9.930019325241018,3.7016380689614397,2.8390144282669283,481.31613784798964,1.0201426153619773,0.000234936263475107
34867,-2.935495799464933,-6.073493840580025,0.9927426450219125,0.8801534399939945,181.3854153151898,0.8135345322299292,0.00023493954306439186
34868,-1.6615130503278355,-11.459660629348377,3.4334099296197382,1.3542378816675789,468.87518496836697,0.6049927041926697,0.0002349498435059122
34869,-3.084554401103661,-5.692258418290837,3.260488703524097,0.9721872555551301,263.06036599814826,1.745644850497074,0.000234982330462988
34870,-1.1459971562314095,-7.944619742194717,2.7148418006457047,0.9182607828840428,406.2239811764425,0.12569418199790583,0.00023498434378870365
34871,-2.2712066357437797,-12.134083214581814,3.756948562650738,1.8627913637625562,385.12525749753496,0.4420276954929667,0.00023500189048126244
34872,-7.587514967126272,-9.596534349633176,0.19681279551707326,1.1654084228421344,199.3956490986536,0.11845166210776803,0.00023500767048143968
34873,-1.751845632618659,-7.994535947088736,2.843933206667462,1.1621515481861253,301.14273878584953,0.6826526038269547,0.0002350376729346712
34874,-0.11324213075090128,-7.852218014253963,2.3251635435535882,3.2685568619766516,512.5784497764954,0.717891308490958,0.00023505225772961486
34875,-0.04234605502846023,-10.084004433663813,3.669613343530846,1.4040695513030015,329.32378866515677,0.6611414139935521,0.0002350743205586889
34876,-0.5512307683575397,-9.548351713696121,3.724305148727819,6.825984506202114,494.12542852631617,0.04473925267162748,0.00023507889216329076
34877,-3.8801994680963894,-5.22092491988191,2.9554260539042687,1.6966753372604688,399.3522292536938,0.5227952078933678,0.00023508968188076625
34878,-4.611316726702938,-5.031196314862112,2.0315226738312715,0.9078303031691343,468.2391076145087,0.3277624243595314,0.00023509810018764783
34879,-0.8522914906351691,-7.932746162273198,2.86172488732011,0.886292787928028,230.9666448143832,1.3162386616479589,0.00023509933676204342
34880,-2.8676266339625673,-6.148135542832277,3.4114595601862243,0.8896359806566946,282.2470408947835,0.6492761026177343,0.00023513347280982008
34881,-7.024690813705945,-11.228413358951123,4.339249749045032,0.48296974220451716,124.66864656309045,0.507808492526733,0.00023513701900983332
34882,-0.29270093285120247,-10.598754449013871,0.5055905903490895,1.0990142974827923,433.57073746030983,0.13157461800474568,0.0002351396146702931
34883,-4.711387763249942,-5.042763078847284,3.439803259417705,1.3837608522013003,318.2968461599228,0.2691109569922707,0.00023514501950189413
34884,-4.577056150356512,-5.55826761632957,4.327325673370424,0.7388766635413371,148.20508155666596,0.1512848880037554,0.00023514857533933536
34885,-2.052853243022067,-10.490263894805736,0.44335905697494066,1.4030917529484412,308.29777913565056,0.07000752829644963,0.00023517047702097216
34886,-8.41236181456213,-9.649416965319531,0.8074418825563369,0.7201424739102171,467.09217138295355,0.31833629614654946,0.0002351831601121797
34887,-1.118785724550591,-8.80003036185163,3.63153765157463,1.8446970868316794,440.6769407030651,0.47792321716058606,0.00023519424004659543
34888,-1.3137847817059605,-9.165885697611303,3.7183666110145417,0.9511521457551131,204.61286302358755,0.154832942480561,0.00023519722185744092
34889,-3.83402846997034,-6.523060528759614,0.534194061235196,1.012688418157708,202.37622193631464,0.2846127395342224,0.00023520622567070758
34890,-1.8233325122117812,-11.323495446894075,3.451084218152527,0.781558342389815,203.4061071168935,1.0094824220596488,0.00023522253318660822
34891,-4.485158249971181,-11.149927939443845,4.7299311778983375,3.6871984079414406,549.5569983044855,1.1980867688588175,0.00023523175074972345
34892,-0.6673190128137669,-8.49216536530281,3.529726873096354,1.757842832803922,468.7319010997384,0.5991839189033428,0.0002352493636461029
34893,-8.081639279390307,-8.588699534981355,0.3089537693797825,0.7660516017769581,151.4408274694255,0.1730227810649536,0.0002352541698939575
34894,-2.7535039931794936,-6.314073629588231,1.8290737311516752,0.9762781870170947,232.6978338713181,0.07921194020340483,0.00023526522784869024
34895,-0.3735812274156043,-8.728751899108573,3.6200302897498484,0.5240264254847319,119.34722557964108,0.19184495620786546,0.00023527205443909803
34896,-3.830743687102686,-12.187828699864884,4.52414782577101,2.428278016148441,448.18638359445447,1.5436039762460965,0.0002353129869046781
34897,-0.12958257952589314,-8.258068172139179,1.7187319373034702,2.391443609747807,446.2291525556048,1.8920559679848825,0.00023532625568114935
34898,-6.054073390879278,-11.172100408148273,4.74344658817838,0.9842796530826637,468.39560077118057,0.396291443912955,0.0002353468829355561
34899,-3.203477339333485,-5.548015863474753,1.9078649441202946,2.5463836787633003,447.7937094700104,0.3099435715113765,0.000235358091257686
34900,-1.5727879413793637,-8.664112053688111,1.1117131995038183,1.7426571502990913,412.6601638586799,0.40812391707717843,0.00023539451547599041
34901,-3.9861191481126133,-5.4064775095114275,1.7964641459419373,1.1532300476067243,232.9196742079151,0.25244245581621705,0.0002354482132807674
34902,-1.1517762278371393,-11.238788448935951,0.41946471686551856,3.647685763915255,545.2725930947332,0.9799969111627167,0.00023546306816168766
34903,-2.0601681927025064,-8.080791184204081,1.9904343060815008,0.6567166439623647,467.23297659173863,0.45692815218561034,0.00023547520264499312
34904,-0.8733482444386027,-8.132839717751768,3.203574521683006,5.186428566553176,423.9845354498148,0.07315912989046769,0.00023548798674059485
34905,-0.6946151324095649,-10.903377161395175,3.517008385394783,0.8834252128806807,128.35057451183167,0.3522809231187898,0.00023552252877003226
34906,-1.3907636518113797,-7.882655545236216,2.3503605923575086,0.9626581869116754,205.08915801769464,0.24282017600302286,0.00023552333808615427
34907,-0.9821357518050231,-11.577536168549932,3.3795501722921144,0.9349662589119405,244.6094869226755,0.696821117852406,0.000235534288019864
34908,-1.0247592759221185,-8.07964399640196,3.0478670027655133,0.8745133888488391,468.4883199965157,0.9191307157072961,0.000235542835428009
34909,-3.552924339489728,-10.776234537535093,4.8370148120473395,5.204817746507503,447.82883408067977,0.03397997390030216,0.0002355496672507915
34910,-3.89374511831016,-5.211563098657747,2.85827064506378,1.2564182583354055,275.9541618865856,0.08965674189678197,0.00023555602997159565
34911,-8.07228814721952,-10.096689665867455,3.0184352775586274,1.7358212771272108,440.1059422801426,0.10197254918522258,0.00023556054188629823
34912,-0.4551948540628441,-9.740143581300204,0.6035218803155418,1.6226927856776798,375.90302888363505,0.5831001195318715,0.00023556131170414466
34913,-0.30102947634819976,-11.311639276292821,3.4001542936902998,0.8877501400648463,224.35413216613696,0.8028077671936567,0.00023557162344971835
34914,-0.3025548184151834,-11.439173862521063,3.4308905550098694,1.3003734158356668,282.91551024838293,0.6066913988444425,0.0002355881542745187
34915,-5.4589167126582625,-10.272746434711015,5.128124714891845,1.888785548064279,456.3593952591998,0.5091909925138474,0.00023564808908946392
34916,-0.5103836694126489,-10.732867845538532,3.5489840922058074,1.1577358081760976,467.6169505964234,0.41837035618822593,0.00023565624616181123
34917,-8.34167474580883,-9.782986228911918,1.383693890809524,1.6721379172380704,351.216944689019,0.8248966409450391,0.0002356581557171415
34918,-0.2518447035205469,-9.972068283219905,0.5396656261082434,1.0859479845059532,280.75803542734957,1.132178568728281,0.00023566954461495034
34919,-0.07254266449183433,-11.101958274504907,3.4997982559840413,2.7963460005068828,467.55876722693023,0.5829828976473221,0.00023572306456210682
34920,-1.510765624494109,-11.264926510745507,3.452403270135122,0.7292555666590134,466.74832344211023,0.3160098652794634,0.00023574064335936878
34921,-6.348640111389212,-11.682827314584216,4.5866337350775845,1.0212799521194824,257.2059425752122,0.8784593428119187,0.00023577352271100905
34922,-0.23104310273172501,-9.500053068904899,3.717349918072481,1.2835153804109896,275.9362414561652,0.3107013229336024,0.00023577756134711287
34923,-0.51534455031344,-11.347725729369323,3.3807612688957067,1.6578381944095926,385.31737367675936,0.4389640720824044,0.00023581435269097637
34924,-1.409209445789143,-9.640921230287558,3.7146405251243313,1.4597218182502916,332.92898117457815,1.2822703548527512,0.00023582811534731334
34925,-1.3196294468888556,-8.796136616371458,0.9771210932303933,1.2365662971054725,311.1204088508129,1.6156413575914685,0.0002358706183013815
34926,-3.8219880075802344,-5.338317918159136,3.13060963867087,1.8427234555752714,440.199831417635,0.39414233906121066,0.0002358714488014186
34927,-1.3687646557395432,-11.85692322687915,3.300208398618628,1.1525441825747775,294.93166373515254,0.6980778147976743,0.00023589061467226883
34928,-4.8607828424536015,-5.250494390951932,4.011192093300646,1.0904620334328206,468.69498405267586,0.15217754624151336,0.00023590976215307133
34929,-1.6557967846909154,-9.420322102980753,0.7377275886121243,3.0995176635387605,437.9199664156937,0.15337194742991045,0.000235927366145706
34930,-2.589207106587285,-7.510905141224192,4.519916035192883,1.7819317044851926,467.84160031932794,0.456353042991017,0.00023592736916597845
34931,-0.4724739945927219,-8.858297050682294,0.9780977767333017,1.195244423418835,467.8494518221481,0.28270956833096594,0.0002359390272814794
34932,-4.683607874134946,-5.008346386659111,1.6937028945772694,3.2580658537032843,513.9959074440218,0.8548230687956453,0.00023594266180115156
34933,-2.6206095246368353,-6.4440576669556515,1.30336479210094,1.4180996997753195,260.36371955605773,0.016514471093501015,0.00023594347061269233
34934,-4.035501596694492,-5.153010259820756,2.219856209242495,2.636787716279148,470.7463592089083,2.4697572349795713,0.0002359765766056998
34935,-0.33151104463695447,-7.915468788390682,2.263104611680599,0.857864328853808,167.95095378518624,0.024830226502412067,0.00023597961370092318
34936,-3.6477755188848207,-5.506318607842398,1.8007004696367928,1.8908128974915397,456.3123537171133,0.21273577385416687,0.000236024456974707
34937,-9.78123542640679,-7.444355963252268,2.2640353420108816,21.20498072692633,479.4914213202436,0.2409955387308207,0.00023603863393843014
34938,-1.2995445873152391,-7.861561774776758,2.3248370262389,0.6540588433467964,133.13286858733554,0.21861264054568164,0.0002360408151011
34939,-5.11607790781391,-10.408976766884292,5.0366923872555205,2.6035448964422154,462.10089212126354,1.2063246928468656,0.0002360445723850898
34940,-0.3068098368804044,-8.046083944967727,2.1165384837541756,0.9834062469642546,467.1772144558264,0.6338501432053363,0.00023606165608659212
34941,-3.3869382941238886,-5.3005150468373925,3.1085121609702644,0.688642728023555,182.01973425965585,0.7232272963991653,0.00023608020886412438
34942,-4.297501350979568,-6.44590942384852,0.5367806078247035,0.9002939770346762,210.28825302892943,0.06398074511693341,0.00023608468623571437
34943,-1.427619525124678,-12.123724907318364,0.43311718589518144,1.1708425658291985,468.07077317491934,0.35289869202663393,0.0002361062161050255
34944,-0.5149289527962893,-8.635596287728518,1.1843189741072067,0.8591825441053158,468.1971608167133,0.1731993953044375,0.0002361184991982906
34945,-0.6989630065814776,-7.892360945247106,2.2258522061088333,1.8327186406725697,461.7101311981685,0.8274199033774883,0.00023613722632279986
34946,-4.344937723185475,-6.674397842010185,0.33160968998445467,1.6876212829589634,468.41336729621105,0.6631644426303778,0.00023614151900977688
34947,-0.9410631901573758,-8.069221613365459,2.9827012762952974,0.5569960743867518,155.6541454996808,0.6316849753736618,0.00023614869855163731
34948,-3.395096100377563,-5.4296657943002415,3.269343566583092,0.7583612358033051,178.20103436387004,0.2260393428683951,0.00023618613503750702
34949,-0.8576975934846516,-7.85175963936442,2.3970188132403165,1.0043379251431948,468.48828231829174,0.4194420193359152,0.00023619532511592233
34950,-3.3682926536935724,-10.425404927381134,4.99670581658907,2.871030624390185,473.93224396099555,0.5851143828924847,0.00023622179697117742
34951,-4.548230737850272,-5.4764076118262155,4.160194166251824,1.8039346468292292,468.5264153419439,0.8406651243030465,0.00023626724694473625
34952,-2.311399042233405,-7.394605119791307,1.177807567529596,1.0193283390767132,468.76275774303974,0.1901856107645168,0.00023627204925974525
34953,-0.5755738329551132,-11.839578617742045,3.2987617409027155,1.1515236909417774,155.7866545333635,0.23332310528404498,0.00023627924102066357
34954,-1.7465476684064978,-10.384313323319308,0.47642306037188736,1.9210688427550402,395.93877784240783,1.7812300686767797,0.00023630264273914885
34955,-1.8611071344767698,-9.99142162991156,3.6766586949923576,1.1451513197942746,329.00546688740184,0.2574507670656372,0.00023630652065450704
34956,-0.8508176664310731,-9.381211912151684,0.739281645303634,1.4687295641074878,329.13974321109316,0.5955113569801727,0.00023631640899293179
34957,-4.231981728467643,-5.0686819469907,3.106637918106568,1.3891770645061507,331.8438635300793,0.24983207046177025,0.00023632511479560313
34958,-1.0292866480284424,-7.854037299942885,2.4110235962542266,1.0721140470155868,216.60296417417024,0.4928880635232611,0.00023632884141949615
34959,-4.280797253073443,-5.974121835750654,4.933656610311819,1.8232878429854529,468.3775576729455,0.464567912984152,0.00023633822046831242
34960,-3.7710611203475084,-5.968135954240947,4.676050554752785,1.6540488578912962,468.0652132265045,0.7111745805654204,0.00023634465638130297
34961,-5.293939837057859,-5.224846403449721,0.5751052288177899,2.535557481042979,450.3968171657097,0.8504421109910707,0.00023640635854101395
34962,-0.600917096777728,-11.972423842129622,3.267829448596853,0.8508803211886187,209.01854389837357,0.9786840425863703,0.00023642424991847974
34963,-0.021673059607687506,-8.513341448811122,1.3493866921182616,0.9198781875951548,215.61138065388124,0.24387953358115233,0.0002364362647703417
34964,-3.5395567411843922,-5.515638347152627,3.5402403606592188,1.428034734281058,334.97260880783745,0.7312485674065012,0.00023643800283599487
34965,-4.0271353859794425,-5.9142978426719806,4.61706154854641,1.1946656477718878,262.4946321518435,0.3081700483857004,0.00023644595712011497
34966,-2.7783365514650873,-6.106778855827329,2.4770819210896087,0.7926729246907604,467.28383248143,0.24832527013393335,0.00023646507996370704
34967,-4.224563691722107,-5.1313281698331314,2.681831214242339,0.9168660838096326,467.6517108126509,0.60670437794922,0.0002364727626392827
34968,-2.056186814928659,-12.82458149500792,3.2447006586354976,1.2180002411424664,305.04023038366375,0.7989391571741349,0.00023648783077072686
34969,-0.9432009552464535,-8.108963739674856,3.121755212882614,1.0975875951352756,468.06928283007557,0.7132779493261223,0.00023650556084985386
34970,-3.349201949336087,-5.470180787400987,2.006020887345573,3.859185986828539,541.4595090963699,0.3125384777809712,0.00023650595370232377
34971,-2.908185069487347,-6.365928826393468,4.227461511269951,1.3637089303460426,295.162028707436,0.15814800160312803,0.00023653042240318747
34972,-1.6582543767376574,-9.267093539630885,0.759414120610357,1.3539626222189403,329.8546044888292,0.37547207396269666,0.00023654852563199062
34973,-0.6762659642844326,-11.69005235763672,3.318057675283349,1.1463103860553998,153.02755342316618,0.24548824184717244,0.0002366207627664494
34974,-3.125515028758997,-10.738396636152345,4.987191789404312,1.1227463786723078,289.79949205668726,1.2119596311367529,0.00023662330897253485
34975,-0.06658112333643373,-8.777919788616071,1.0689680275733402,1.0980895104409918,281.8461514714217,1.6051089858232261,0.00023664666850170107
34976,-3.1828078670931568,-6.5439906807125485,0.5786675949770164,1.11436502794662,294.8337039247108,0.799836075614996,0.00023666134110948337
34977,-8.296438932385357,-9.869635722485135,2.229078928668433,0.8605482031603962,467.3249197877924,0.680258667621235,0.0002366851822599079
34978,-1.4515658936883984,-11.762493965418736,0.4252919968593672,0.9825975403745687,193.37184926956638,0.33579319959056164,0.0002367008140201435
34979,-0.7758169053254278,-11.068659064618803,3.4604427965476487,1.3044865523444589,301.77431179684106,0.882266418315198,0.00023671505820506086
34980,-2.3274298505111606,-7.437199080466875,1.4152604926702836,1.4913590580481222,468.4975244403308,0.04455849693899605,0.00023675077500706296
34981,-7.184696827843569,-10.590969007419277,4.404640348309317,1.84974952727844,383.49759136446164,1.3493962314422925,0.00023676332232410818
34982,-0.8948854315786949,-10.747329474727422,0.4894673078899344,1.8543270116176953,386.86293934455927,1.743194820005816,0.0002367794524085973
34983,-3.68099096633585,-5.377883949056336,3.426579742543219,1.1143971665133938,468.0950722971773,0.7279029428855903,0.00023680954249448666
34984,-6.791620163531227,-10.877812947103678,4.614803963290003,3.239731922152846,499.5277262124009,0.3298939138735788,0.00023681540363776818
34985,-5.663686749786538,-11.062686999762446,4.784903029216808,1.5108655114601954,468.349298207554,0.14114986343807523,0.0002368687945147696
34986,-4.624244607798821,-10.490498131759072,4.977806278139049,1.6219470729274452,230.29735795059366,0.07702673789979997,0.00023687825393862476
34987,-1.2178711166946794,-7.870816959406931,2.2938984551518478,1.2084871238491661,269.9105088468235,0.12618168578618416,0.00023689180068053333
34988,-5.30687175082261,-10.207272331042779,5.1599631087065525,4.696537162948824,451.76042949582677,0.001423265564743481,0.00023692175151240874
34989,-1.8731852143192675,-12.19284146128579,0.3980795253291154,1.7377967027923873,468.6195821092319,0.5703469728656545,0.00023693518866377348
34990,-7.163155602498845,-10.650720806035263,4.400835043542268,1.4147791011356634,169.89427627076446,0.2043437130701511,0.00023695913997230262
34991,-1.2510282220228834,-12.403442861211708,0.43152141088870444,1.1459580372819032,293.12163750412816,1.2106448993919416,0.00023696147231054367
34992,-1.9757960635448804,-10.056689788868534,3.6332258854522212,0.7225756177172182,467.6543599041081,0.34385323996412787,0.00023697806887834118
34993,-3.9439459958459544,-10.243880489747584,5.097253726697118,0.606981678227126,118.89395059485837,0.08625662996624506,0.00023698166586692596
34994,-4.199709926083836,-5.400858798588152,1.9046102459954064,1.7771400998988887,421.25947909415345,0.45357210832442885,0.00023703111857965842
34995,-3.7213143901935064,-11.384730481471042,4.652731605508913,1.1221307293042992,286.6179015170811,0.6832667625315034,0.0002370398173420058
34996,-3.466982008973715,-6.341502411920448,0.7409199504659866,0.7986859775577531,468.32279976816375,0.21773510559075415,0.00023705307274470252
34997,-1.3141496679363396,-9.226617059886411,0.7822275510740676,0.9107043556435848,190.4874710133655,0.9716404428390684,0.00023705784790650035
34998,-2.1291111359647132,-8.020845706850015,2.8425465011872397,0.8968154330392679,182.47974945071667,0.9046003345711418,0.00023706699007779576
34999,-6.742802327828697,-12.243196744886117,4.36174876886779,1.7108594644652961,402.15167314784526,0.6195778847718154,0.00023707377416477485
35000,-0.4901096954471136,-11.284025892978256,3.441888751308035,1.802375931882203,431.4784335006684,0.9167520669211777,0.00023707483063754146
35001,-4.139101481813546,-5.480450689162769,1.8133358215046358,0.7360617828057056,467.8942235779287,0.47856119236659467,0.0002370815512468905
35002,-1.540808552098925,-10.39675723349763,0.5063885346911888,1.1075219318013996,291.66708885460383,0.6871717272971258,0.0002371041218749005
35003,-0.8849462679790037,-7.984003106939533,2.7369383851685054,0.9783469309621213,270.52788664823555,1.5816818089502602,0.00023713462540469064
35004,-8.677494096498672,-7.135480424466125,0.3506333393507207,1.561966088166369,358.3114045306963,0.43353645445120303,0.00023713757108171127
35005,-3.8318918525553762,-6.292157319252396,0.6932205395350075,1.6854380751626834,353.84911174004003,0.2792366118412106,0.00023714312762511205
35006,-0.5956360113692654,-8.582295637067826,3.5662483423082474,1.086927576718224,281.98532088549484,1.0799889179333864,0.00023717677288801663
35007,-0.24277961980387275,-7.863419737782979,2.428208789815276,1.1319356088035133,290.873541612213,1.2163659080190152,0.00023718158271633687
35008,-0.8842651395724772,-12.48093723765693,3.2513384728632455,1.6734167438076228,392.55074224093363,0.613126404308546,0.0002371903013580547
35009,-6.897231903850197,-11.689649033310602,4.3379492942338596,1.4444648834329858,215.60568194853698,0.0829027922130976,0.0002371933675685956
35010,-0.7985804867897919,-11.363961559647509,3.4286098727692043,2.3703592871108694,443.2931250392862,1.763478694479768,0.00023720056288140855
35011,-1.604552365564917,-10.708291473595498,3.485700864348611,1.8390795486225229,440.2675492110505,0.04244746213220996,0.00023721657397082492
35012,-3.4769200819207757,-5.668040428751667,1.7359513366253034,0.9816945698757874,271.6488768532745,0.5475535387946833,0.00023722063838149804
35013,-3.7479050428990153,-6.755308719661666,0.29755216083002345,4.155368058300834,579.0179288356637,1.0118646542119158,0.0002372405369920063
35014,-1.3336755674643328,-8.050262087928077,2.0788428031991857,1.0631030268655604,279.0918068036585,1.0160212535325917,0.00023726218436234564
35015,-0.7636092797702165,-8.514629918480061,3.5268802894331754,1.048223839640702,225.89491694889236,0.11076964547725243,0.00023727232160261608
35016,-1.1887814776492558,-8.979417622170853,0.9022958764333283,1.660831651707029,392.7556578267034,0.3974575111099474,0.00023728172015521483
35017,-1.3734292332727165,-11.382121635974322,3.3623676219441943,2.7766668543336457,189.02361990921105,0.32596214420914915,0.00023728250650933985
35018,-0.531137007046409,-7.873582530479498,2.3191191500895396,1.5028098261016252,468.02695871830457,0.5766484498619269,0.00023731630626912907
35019,-4.052410011084039,-5.703474457073744,4.249053161714706,1.3593715320095128,303.67963464588684,0.2310674020490069,0.0002373295390008771
35020,-4.817439358785023,-5.3830860688963265,1.1202720201879792,1.3869652007198232,333.42186694030846,1.09539012865359,0.00023733178053252744
35021,-0.8337057528693705,-9.196173296466377,0.8446904277589243,1.6707089763314813,468.67814692532403,0.8352194484278579,0.00023739716533013224
35022,-5.304906654712974,-5.426740107306323,4.906655905158574,1.1070254816381895,247.62780750673815,0.5045116726499588,0.00023740178685200712
35023,-4.556748181722764,-6.0465933292571306,5.166593957411087,1.4559274505007105,333.5845171529565,0.3501998023075039,0.00023740671671297774
35024,-6.726326570021351,-11.645523138588258,4.452806388775572,1.6964075050089547,468.1467665038361,0.216990867203954,0.00023743852785551063
35025,-4.003912326093312,-11.451590858260541,4.638594092264162,1.6469108766208227,385.3044537095689,0.5030172099374735,0.00023746095816875955
35026,-1.0697122883759587,-10.607941310298111,3.559168795587273,6.766607906916981,668.7429617348774,0.22520168572302968,0.00023747532469067895
35027,-1.1236390279358393,-9.52423636421438,3.7132293980035365,2.157727487774227,411.25105094379927,0.8287849004914829,0.00023749155196453215
35028,-4.881369308551297,-5.177136002753849,4.0869177451793295,0.9121621474487054,468.0887872667458,0.7245177966531342,0.0002375161203720365
35029,-3.071966669252296,-5.638223323786658,2.47320741301833,1.8487423875373539,444.10939084692586,0.570807068567567,0.00023752750598107748
35030,-0.43808468877481666,-11.780951948637005,3.29472490383888,1.518871148485672,345.7096632200383,1.900830424840751,0.00023753585367732575
35031,-0.42305425672853936,-9.95409227688122,0.5612023596480488,1.17910339580663,298.2018995265708,0.8588165054340191,0.00023754390552734733
35032,-3.221841485643483,-5.333913828403885,2.2255569100963495,1.171355377717899,303.3172724862672,1.5461970865496575,0.00023754900929926
35033,-7.428794067606327,-9.617491346776674,4.760985545452976,1.2658370716244152,468.31332358724865,0.2409606776120885,0.00023759141849413138
35034,-4.484937650949934,-5.82027654660421,1.0353140153701035,0.8405067004226311,468.67437959684986,0.13428417791586167,0.00023763545637769422
35035,-1.401087819043978,-7.891811112928144,2.183430944911788,1.1455754483981213,467.0870609784722,0.1261877093381658,0.00023764148999043508
35036,-1.790797193321362,-8.05764133315331,2.1337555377088777,1.692264150210112,395.7017478849084,0.08621132055488268,0.00023764967020910532
35037,-0.09279547557434675,-8.80671836299145,3.662603716885653,0.5417305787364357,128.57948251033056,0.46556265489956683,0.00023765663950933737
35038,-2.8372229066681376,-6.110739601160304,2.3000837059977624,1.1394553738892774,468.02989955214935,0.11073380202891325,0.00023765857757265127
35039,-0.9085999115168857,-10.962169383944424,0.43610340863566127,1.1391506120325041,197.1102542231667,0.13873755886722972,0.00023769208519514796
35040,-0.39656583629362707,-12.899258889931389,3.234075329099354,0.8485627825619455,467.89082066385043,0.2645070518614352,0.0002377004489629739
35041,-3.8688803600095625,-6.873425124764334,0.21623962533448363,0.8610958336590938,468.27633732999715,0.4919396707907451,0.00023770196901141716
35042,-3.8586670512986645,-5.325997897837482,3.3489721836241073,2.7081471206883467,476.3687615883955,2.1061132113558356,0.0002377232811796583
35043,-0.19694065523878912,-9.425734036426363,0.746124590369783,1.8491615139806077,468.63956177836474,0.6485148052913132,0.00023773095403492464
35044,-4.6729407134883445,-6.830931375789133,0.087136381115623,1.9825499608241084,400.55153104510293,1.5338732097207766,0.00023773387192350771
35045,-0.32455924079412846,-9.617563600016208,3.7113779013825305,1.0921630150965127,282.8347524906971,1.7787590106882663,0.0002377628300690582
35046,-0.9802249770052853,-7.952242208696041,2.2769173909050635,3.3155381628887035,233.79933567623272,0.35596195124534,0.00023777192925077633
35047,-1.8587008702161505,-11.532746725322438,3.3313458249332486,0.9447870858153302,468.2029737414585,0.8251140728124886,0.00023780423633319524
35048,-0.7018160219786367,-11.3109813851525,3.4317496014490887,0.8481958025887608,245.025503366818,1.006611641685331,0.00023781544533531168
35049,-1.638906393748723,-7.953323758414636,2.769931886423887,0.8422052052408572,430.0313045235785,0.18814140960926995,0.0002378789283685393
35050,-4.017658917989405,-5.112720661297442,2.3040925187174843,1.892056218777052,468.0482772741807,0.27646529149371624,0.00023797437427062004
35051,-2.190252977186117,-11.627180402192751,3.3041233928823375,2.2698573982814025,431.275655401683,1.4080690547530486,0.00023798630811738372
35052,-7.914838097422037,-12.828943488603793,0.7226396591641925,1.8016643579290348,468.08322013247465,0.5117673810081271,0.0002380101784122981
35053,-2.938894532380159,-6.013484598087844,1.4343472705753642,1.4408182742688984,341.5657480797801,0.44029772149345625,0.0002380168008549525
35054,-1.411678623598151,-12.95944658918391,3.224403454389355,1.243879801555184,311.40233122050756,0.3789516002997013,0.00023802537817465828
35055,-1.959939439683355,-12.278325779446051,0.4047222864735687,0.48507035766352674,123.12915875958905,0.7840719623621135,0.00023803920824151065
35056,-3.846335042203485,-10.176384490876977,5.133522656844961,1.0571784071836186,282.4034812185216,1.2154813057700036,0.00023805471638657996
35057,-0.01357712168366021,-10.868642363851908,0.4557583579742622,1.1544777813476623,300.4665869351507,0.46707909225825794,0.00023805551405853167
35058,-4.006941246726063,-12.16592641134273,4.523578458410672,1.9994313491093525,393.09410553613026,0.8496078387898232,0.00023806202373104858
35059,-1.9558577283680094,-8.286970190008992,3.3285137676327397,1.8156290533115031,431.1584531119072,0.6295808094398492,0.00023807717954908491
35060,-1.762030186862809,-8.412276862904783,3.449866578732885,1.4994044920671616,337.5006525849673,0.39852719225784305,0.0002380981702741056
35061,-2.2293648837424973,-8.033252076805375,1.864356731197693,0.622720033778856,146.30034210048373,0.32134619616484184,0.0002381004930119647
35062,-2.2706590881343756,-10.779973741106504,3.79984924043466,1.2165818534499244,264.4953448211694,0.9364677781872119,0.0002381120007401592
35063,-1.9316170578525025,-9.860601813345536,3.684668020598548,0.9600129115013237,224.59845428856048,0.4432586162690404,0.00023811617639322934
35064,-0.9084196332126524,-10.075351083452164,3.647573592180247,1.8961066058785723,468.72528180723606,0.6457793120739987,0.0002381248966786289
35065,-1.7523306502149119,-7.871525427061719,2.4161630622413486,1.0106287476030384,274.79320141993713,1.6979775878466432,0.00023816958394542282
35066,-0.03307978474388307,-10.111373046228998,0.529924310672839,3.4032166065127116,357.81749823078746,0.04867855806259502,0.0002381901873373711
35067,-1.809815166936966,-11.21373893268315,3.4437157044244557,2.9502608634223693,494.27018054847326,1.2879881095310486,0.00023823261651494706
35068,-7.966450376432993,-11.483131533903869,1.5023386377229426,1.3916533411444039,468.5449214241072,0.6518378870527792,0.0002382379938829339
35069,-0.8460883937783379,-10.930599609257152,0.4909547945547729,0.7566469425476531,135.54459610951076,0.2348740400875764,0.00023829183621635114
35070,-8.110171589261014,-10.58282328620658,2.19516550455982,0.4774746467693697,106.96929586013385,0.31889393241786124,0.00023831031381305122
35071,-0.5982551014402997,-7.871782880404038,2.401515711362026,0.5101665882442721,105.87920806975816,0.12174912073614852,0.00023831260230832744
35072,-1.5835303415943596,-8.17969596528213,1.9621502604916499,0.8755111322814544,240.2576718790253,0.6563607983345845,0.00023831302239852174
35073,-0.6651600938674633,-8.167918207225817,3.1701876397862216,3.204630425151575,514.954160582694,1.3694465807275389,0.00023833846939051086
35074,-1.1031465754303245,-9.484644986987288,3.750274516129175,1.2624033029895814,441.3852550580119,0.9242722241376375,0.00023835439532635192
35075,-3.155927077239883,-6.007871040266044,1.1351512020737684,0.9056613385838819,188.86268313871844,0.7825260489417198,0.00023836232254278254
35076,-1.2110532752674938,-9.803312388966832,3.646524981005143,0.8246483597352865,162.53639396385242,0.08595005605199191,0.00023836557968037142
35077,-1.0274695043454987,-9.321196716379962,3.712911600548228,1.4369260690405772,467.98583822420045,0.8093297081776667,0.00023837524610171866
35078,-2.2276273494650987,-9.822458564129855,3.6618893511638633,1.1173299907076835,295.28341260303347,0.6133420468270954,0.00023838112636323316
35079,-2.1888258425860174,-8.136959676664944,1.9600374777011997,1.1191540460507623,467.94040633229685,0.8200989996955865,0.00023838680131772245
35080,-1.798517658671372,-7.874147155303251,2.5432643878036094,2.8306790598822937,468.83196121907105,0.5384321690929523,0.0002384281092748619
35081,-4.4921173034057436,-11.640421854857768,4.607651109104002,1.3178845989248666,313.8526877931739,0.5325879294076925,0.00023843134066232668
35082,-0.9073527917119719,-11.396518658756623,3.4229451361735945,1.6588275791894083,467.83744174367,0.42384747352935026,0.0002384561921453848
35083,-0.03483401476000303,-11.79274596913205,0.4392654211895373,2.2561426770076047,432.10690456397447,1.8324817460593312,0.00023847451190544625
35084,-2.8131677226690073,-6.274835883018197,1.7674437282580329,1.1032603598333568,223.13003516688963,1.0719247205015519,0.00023848479366489334
35085,-0.9038796260169661,-11.359184725091588,3.4192608744679,0.8298128907963188,129.99231052039883,0.35440986460448176,0.00023849994354590553
35086,-1.867225110590459,-11.478095387615717,3.333831161137477,1.0781388322962915,468.3672871930784,0.5239393859822776,0.00023851359789708057
35087,-3.73231621268335,-5.359398283759887,2.12607896116236,1.5467081244217362,354.34372869324153,0.16023626198682095,0.00023852738403455572
35088,-1.6185472172590725,-7.873003177415737,2.387995041256591,0.6556143318398295,466.6749518148063,0.4421099505986108,0.0002385277971969093
35089,-3.1675484074261284,-5.5446482483716775,3.2456989429365546,0.8072013302193533,160.9715676992136,0.093007538467055,0.00023853677547368106
35090,-0.3191596429131458,-10.413541877871644,0.5088466101050667,11.801946568951621,423.8224499053102,0.1911999821422361,0.0002385398171027936
35091,-0.6908891607009391,-10.081210677246418,3.6617653074337264,1.151133947691659,295.2071772800205,1.6839594400080768,0.00023854654910933327
35092,-0.17971122031990205,-7.964549060462523,2.8600474778272664,1.023418211191322,279.9367438862199,0.9365244348847286,0.00023855275478482435
35093,-5.517281105544594,-10.854600207905216,4.849812868376792,1.3917470032507364,324.9180018508246,0.8277738305608366,0.00023855382266243217
35094,-4.456603916873416,-5.589667471268952,1.3858300945631268,0.8660498799419846,468.9762138917234,0.14767395232467084,0.00023857082210215893
35095,-9.548695227238383,-7.671201447724559,3.352926272436821,1.6094934049014789,371.70109011810484,0.12413792465823459,0.0002385988828217743
35096,-4.564384310437502,-5.089129650257569,3.270212552401821,3.975076708917006,549.4465793881557,0.30210710243822625,0.0002386106280125829
35097,-1.8229570624287152,-8.070676766105343,2.1102645864539036,1.2760561557048322,283.81804229215595,0.0883290697024508,0.00023861892575597447
35098,-5.34754929363777,-5.281917396127226,4.782903283433083,1.1224741785834382,467.2838754310576,0.7804741014601353,0.0002386249401948985
35099,-1.8897935154289165,-10.67145435928423,0.42892489568693426,1.7954329870284267,382.6193329222583,0.7536222735395528,0.0002386260092419023
35100,-1.5456382145461003,-7.886718684394088,2.2831226317296887,0.7300023985951325,467.6052870680089,0.3196678838922864,0.00023863415525586585
35101,-1.3507277403457056,-11.410362509834025,3.3440928049598218,1.5333570366108822,356.64089006759866,0.3661046283895981,0.00023864679428831553
35102,-1.6853843731406286,-11.265037183474218,3.371033261446468,0.973874225890854,264.64278038593784,1.6310412103365186,0.0002386540037411315
35103,-1.7888591953311224,-7.936967642756998,2.692131618705653,1.1186533158906597,435.7146699906379,0.2384911322601564,0.00023867298384325046
35104,-0.7617308082350807,-8.16433200117114,1.9237728271864982,0.8869298802194212,170.76714364895318,0.061243381178355705,0.0002386771157031059
35105,-8.523391667632632,-9.045621111340177,3.0680271490551707,0.8727430600778573,153.565289620504,0.09872518493712157,0.0002387142498769648
35106,-1.841791485299817,-8.39105463074015,1.3289102593502589,1.0432383608952507,148.29864801781997,0.24170823707597844,0.00023873862618796813
35107,-1.2089024653268172,-8.371757396803819,1.6272784867708154,1.84601440896657,462.00506383484475,0.013141805082923064,0.00023874055594866084
35108,-1.9213361852862114,-8.444802774546584,1.4100329492896464,0.5366893561365693,122.79502829611428,0.3940502279973801,0.00023875035729580988
35109,-0.6801016209764672,-9.243550703791382,0.7881350439172242,1.765896991107098,419.2462080612577,0.5120896538605217,0.00023875280982092945
35110,-2.1938503555297313,-12.410970423661354,3.2812113837620074,1.0500237443498157,467.83351448127206,0.17128864681478095,0.00023875811617012676
35111,-4.28223183287816,-5.657345740681485,1.1850726476612286,1.1414820221007485,467.6102210114934,0.48792971884107494,0.00023877246257487277
35112,-0.38435558590011,-11.714858680444207,3.29235293492605,0.9581502166335513,189.18036133374073,0.37683169322265897,0.00023878490032519119
35113,-0.765840491759386,-10.493826152787474,3.5720630794115475,1.2083683582776377,468.05041531901253,0.18919873380578434,0.00023879704258974606
35114,-1.5028108597918397,-9.577724506031874,0.6651221634102681,1.6278749796378098,470.2343244181722,0.05685914928584612,0.00023879994444043473
35115,-0.4723860071809991,-8.077174997472923,2.9554522500310827,2.968607076184605,498.3420703214025,1.9593856599258137,0.0002388007744514888
35116,-4.058221891721507,-5.255925274159313,2.2270300298014662,1.3590310120664215,331.7398863518686,0.3154630711602815,0.0002388051600905307
35117,-1.2066892637476219,-9.289384796326688,0.7558982520309355,1.1609743952770812,250.97303166964122,0.31374179002795355,0.00023882409416418548
35118,-8.852248841547892,-7.849275191037779,4.60507555820589,1.2407034222888376,299.33052040311054,0.4664014290825742,0.00023884379939744207
35119,-4.0304522962237,-11.643970878898951,4.601091112608444,0.7969066694900725,175.3767875320873,0.4674170716988817,0.00023885851738693735
35120,-4.936051570583976,-5.839824183756579,5.051813925062875,1.0520945687969945,275.7222594057717,1.1356759095824245,0.00023886082634731368
35121,-1.3701341220351217,-10.87317274450077,0.4762333753103121,1.030769535567306,468.97862940998766,0.004198498316955401,0.00023886513281929712
35122,-1.5132934363226287,-11.909735938556615,0.43260165338328344,1.0215955576296694,467.4053258436242,0.2499923442706855,0.00023887923705586875
35123,-1.9046187410988917,-8.439901322983893,1.4313423067764803,1.4201197115280049,338.49098359167954,0.3199975349418036,0.0002388832628035979
35124,-3.9546694273878327,-12.797116593971488,4.473643035454581,2.608382698504528,466.2777610954118,1.7192431881857475,0.0002388919578908862
35125,-0.7976863964373067,-11.01595672793451,3.4089133809481686,2.9496803174517683,340.3029125203433,0.03204532333199772,0.00023889728702184419
35126,-1.7406933678040009,-10.65054795413594,3.539670692410563,2.446922019596579,452.53721518236443,2.243535925171206,0.0002389040371903429
35127,-1.509061478472578,-8.231627778675271,1.8151555604216656,1.715359909955411,405.48217609622435,0.6208455049462751,0.00023892361691148526
35128,-7.1101320317750885,-10.673076217783159,4.441884960034975,1.1739699907670005,299.83583489862946,0.7952841554375052,0.00023893359570873967
35129,-9.417631239549483,-5.914222039524078,1.140248461487795,0.6523792661560024,139.09704721625502,0.09251308189052487,0.00023898385214866152
35130,-3.8704728767271668,-5.136248779568432,2.588179742863121,1.060184471169849,274.93520526262125,1.103768469306277,0.00023903522448881224
35131,-9.923352736150763,-5.9614313543849295,4.1988899284333465,1.031395986095985,248.13946113681448,0.9158563345209672,0.00023903634397372532
35132,-0.17490286575729108,-10.673337346394698,3.5340766524637255,0.7467892812579128,224.55681499011342,1.5132185459745848,0.00023905773941783782
35133,-0.36851293387917927,-11.38340398205905,3.3456903136779683,0.6678820980332372,467.2620272437588,0.47014156790968986,0.00023905923889317815
35134,-3.6035464949982687,-5.191720342454503,2.5815381700776054,1.7046172805567261,400.96773953192053,0.5565552874493713,0.000239068260561544
35135,-2.528559474402339,-7.739876846746473,0.4853716761085753,1.606834308152613,370.46340880986986,0.2583585385119882,0.0002390831950720044
35136,-2.173489809632448,-7.992175186435177,2.882836809061648,3.391862759401509,528.637484666492,1.2600228445876551,0.00023910053207951859
35137,-4.002922614191261,-5.634568912714961,4.082172974492865,0.8855147421009314,184.46567024713926,0.04359062578315598,0.0002391285364074362
35138,-2.0514148679478925,-8.16594608652629,1.87208826100641,1.3336761749423187,318.9824866821589,0.5268628612656743,0.0002391308713778923
35139,-1.918972692001411,-11.073429777414205,0.4474068837794979,0.5771655199670674,125.4785230267499,0.0784956167535924,0.00023915739622492062
35140,-5.897532737817385,-10.470260141348842,5.016206388919046,0.6924839698927349,140.3606542533355,0.036708212941293006,0.00023918437026502793
35141,-0.6557267783129568,-9.56411654294229,0.6647038444992694,1.2382260404889875,268.98564853854833,1.0024709307973048,0.00023919478161571432
35142,-0.1154150400933176,-12.80295177322996,3.177419934689175,1.2830163384375297,317.78064420539766,0.43739418236100835,0.00023920058854860578
35143,-1.1288072280687285,-8.899318706953782,3.638421534936472,2.7106563573636357,461.372903631656,0.6142437906143448,0.00023920302836439938
35144,-0.8829656764145017,-8.184976589246688,1.9739721830316717,0.7211513443296766,414.31246406092936,0.3829180596503434,0.00023920603660068985
35145,-1.4813288830183104,-12.915934591802134,3.197646069882676,1.1963092158989241,288.0508339497245,0.44864368902147067,0.0002392316905990191
35146,-0.04348524814356125,-8.694996577365254,1.10833587141398,0.8625715211984214,223.31895642318307,1.364751915851535,0.00023924759797054775
35147,-1.5543723988802647,-8.185646560297737,1.9365157652074434,1.6790587305950142,468.6693154324615,0.8339963611665757,0.00023925141271194692
35148,-0.5455601252382323,-9.865225304833237,0.6030554270070781,2.660033520680413,454.3360733460274,0.5291826347559763,0.00023926318178784297
35149,-9.748148721102375,-7.363171853282715,2.0468249504671134,1.0965362463024981,287.88169976563995,1.058743862544632,0.0002392651991572155
35150,-1.315102082314791,-9.019708902062295,0.9305960360006046,1.7732812461548757,425.2418445519281,0.481807498117627,0.00023928158781604417
35151,-4.256164305777408,-5.2951890930644145,2.000771755237561,2.0032468864101465,396.60358180996866,0.9333336567133506,0.0002392925712663034
35152,-2.6714906552902686,-6.391336205639968,1.309901695366132,1.8287160355413632,467.8037160197125,0.4172459536614639,0.00023930257500821207
35153,-7.868825015316325,-12.021036200091233,1.3516518329230096,1.6477616144247376,389.52469414543015,0.31026274491563477,0.00023930989321724992
35154,-4.610028874065437,-5.944466659445614,5.0003883523218535,0.8441866989134895,239.85318658674544,0.8545361953717219,0.00023932455028371054
35155,-1.5126015678156168,-8.540049496468763,1.3459233496075345,1.5071635690281313,338.569662802403,0.9940525069351418,0.00023933206586930752
35156,-1.2407878546353164,-9.614134863911147,3.6990894012465136,1.2960254051510172,468.96247938677413,0.6392895540938843,0.0002393645986369025
35157,-0.7444454676547014,-9.012451777469227,3.6916519772128558,1.919384351474968,389.07121471307124,1.0975897817914424,0.00023937583639456835
35158,-1.800508409077315,-8.357631015042974,1.575204413232954,1.2395097871055052,264.14914096304227,0.42770970902178096,0.00023938697526992188
35159,-0.3490311690659027,-12.573797345573725,3.2382283365182487,1.0628018331631615,254.87589607393517,0.31691053044611817,0.00023938957323473912
35160,-1.7875361268001093,-7.945172181375105,2.2610109225105943,1.8748418189983953,187.7350256948315,0.2508863221206141,0.00023940101442213255
35161,-4.322165747865666,-5.445874571923276,3.9057296529569836,0.9896230994540365,253.4276955619525,0.5993875098262409,0.00023942158103364936
35162,-2.1518765253621384,-12.619932048545957,3.164996975742061,0.7962587128428775,137.04989976022375,0.2073037905000623,0.00023942585198044494
35163,-3.360779939989764,-5.266376813725031,2.8505994631981455,0.9141494688337127,143.16099076709426,0.17242223079157437,0.000239425986223294
35164,-0.9122838129263453,-8.45076402283501,1.519538002742761,1.8488996179589063,443.12557797947693,0.2774282970258781,0.00023943423024513094
35165,-5.418013233607709,-5.104774770460558,0.4897898284099,2.841594968924827,485.23045063623334,1.3833187447953845,0.00023943624332237485
35166,-7.964680689763867,-11.838745134744046,0.7482517816805562,1.3859901092794016,334.1031744523945,0.31219635259034373,0.00023943927107824902
35167,-9.319067942925004,-8.007414070301193,1.8495594899620453,1.3818492715373878,331.25578816639796,0.24884035472407628,0.00023944861177089245
35168,-0.8762101185950311,-7.968907681176526,2.149315850298494,2.3158600816448294,438.96608169999814,2.043996055042017,0.00023944900481513414
35169,-2.965186117107411,-11.79491041791037,4.957812555498704,1.0980135201434766,468.349417910326,0.39030511134058354,0.00023945899111269415
35170,-1.8834294295996088,-8.208307067870052,1.7750818025158672,1.0994605463614182,269.51015098610713,1.2784395601540268,0.00023946189706437458
35171,-3.172017343714762,-5.348185188460824,2.1991578650416215,1.0957221185545623,283.0522241667648,1.6724646839129225,0.00023946887398531395
35172,-4.784228966826925,-5.275565362987418,4.055998638492957,0.8117149904380374,166.4869134513618,1.0031626172155237,0.0002394803441477778
35173,-0.45959255223671924,-8.799355498246422,3.650701453268716,0.8392320006530551,245.5996573172647,1.5036218833407249,0.00023949530818636211
35174,-0.6204480883532444,-8.026050430730685,2.9067529733098465,1.1776625431213616,170.8178746579159,0.10163422269753486,0.00023951327401183415
35175,-4.082763533367256,-5.87684221707387,1.1034883439799668,0.9007592583075715,179.77986726908745,0.2645943150322001,0.000239513714018257
35176,-3.733880795489439,-5.9833302998069025,4.763448350141996,0.8614228408332133,197.1840973672783,0.717118196615008,0.00023952846244432478
35177,-2.840348234452038,-6.407024736880066,3.846417032520505,0.8519824974574749,216.45471505838293,0.11032656639143212,0.0002395300838786076
35178,-1.0684555911828113,-12.214910198977718,3.2432024398375447,1.1124333076271877,265.8845649839013,0.91676202164588,0.00023953781010404223
35179,-0.4971280625405843,-9.744078084623126,3.646657747166529,1.4157057831641255,337.3359604619606,0.5758538046858277,0.00023954738644908267
35180,-4.9273932701292535,-6.555351373662858,0.22730163444350393,0.917800563038484,225.12159042046815,1.2686085836704342,0.00023955807959274522
35181,-4.076062084675694,-5.972232775591786,1.0024468026047066,1.1496531837343478,256.3538612841731,0.7776677079940262,0.0002395749038450507
35182,-0.04972003855958107,-8.88378406670487,3.6272196602303945,0.9306149325762181,469.5969303873212,0.12526584119791817,0.00023957850962037024
35183,-0.1431799451123723,-12.64538681210902,3.2279261075661334,2.6011584091501083,466.7272292902285,2.1554873399804535,0.00023960726964447957
35184,-1.3379693313658976,-8.12091314093026,3.0971314356448,0.808462575980151,469.23197156115924,0.24370005014586038,0.0002396497613803389
35185,-1.7427444872806888,-10.516221221297139,3.561557555154966,1.376003078924045,326.8239530310894,1.8317824498638986,0.0002396499629017527
35186,-1.585010998127963,-12.662166480681009,3.226120722430953,0.868835077830222,467.6672039223082,0.06887351134122799,0.0002396630624353048
35187,-1.2753262018091593,-10.553393226700024,3.5535493921118286,1.8499269397933562,468.08449665335394,0.4982499978290855,0.00023967485157723995
35188,-1.236183670943591,-12.453748880108929,3.1841310323327696,1.7931795194270077,469.91649108341255,0.06339198008850921,0.0002396788989898121
35189,-5.376322992248278,-5.385694180114817,0.44869424474706016,2.078929234889691,404.8830743767083,0.9672326829986266,0.0002396836050405309
35190,-0.8524434763594364,-12.597313645562382,3.230706704625223,1.8579318577045876,445.5577349151418,0.2347085438580656,0.00023968457696863378
35191,-1.1404340640123056,-11.415958416096682,3.3337567181621965,1.0893436415551192,283.44712783040376,1.6972940517401591,0.00023968546938328672
35192,-4.792692792721712,-5.255650202813012,3.8558282432558793,1.092623841094631,468.0758131849621,0.8724628562089443,0.00023972086945357374
35193,-1.0162305149396147,-10.358088428380155,3.5915709004455825,1.5552701071136217,367.53884929347413,0.4278316996922813,0.00023979954825889473
35194,-0.70457011948697,-8.258810270307777,3.251186098558473,0.9184023881941064,186.04236654364556,0.9403582463726226,0.0002398169039994374
35195,-1.5500731402425814,-7.916389379876331,2.344392089184301,0.9358886175990558,182.85334627559678,0.0859146952731491,0.00023982377752454346
35196,-4.273557609798236,-6.130047554622756,0.7447371549977206,1.2836030745231706,468.02386852755615,0.37888251629250647,0.0002398537151352465
35197,-6.828996548489879,-10.726831268218644,4.644239828590403,1.2584876236219236,298.7369436223151,0.827376308430547,0.00023987769076531343
35198,-0.2510284591656706,-11.146003406111078,0.457152593386059,3.828988407653743,550.8197834330027,0.5490664034730433,0.0002399452242915294
35199,-8.11735408494285,-9.135552194382775,4.074100056612187,1.8011418541801028,426.85388328590784,0.13649380157676028,0.0002399575167512501
35200,-3.559855901747256,-5.782156384558405,1.500646731039981,1.8021259562872602,432.1318619834541,0.08853851042155014,0.00023997462816261175
35201,-7.0367990711538475,-12.442236765440631,4.128494018103791,1.2880078764376919,467.5132767373783,0.579266843365942,0.00023998088227346467
35202,-0.2991208813642494,-12.64758291856297,3.17968783589312,1.833889998031566,439.84334517533165,0.6824686483995661,0.00023998319688260967
35203,-2.1686879115047395,-12.269506906216105,3.23549480905257,1.1423309399404062,296.2203771321391,1.2179872058836052,0.00023998414430736762
35204,-0.19008458543832418,-7.9457517341136725,2.6872751619375563,1.1367897685067254,298.11733105710584,0.528448991726866,0.0002400158720584296
35205,-1.9287418098388525,-7.913426027888267,2.336959297963022,0.776340037840508,186.11153472445412,1.2107842019328166,0.00024001683011552058
35206,-3.504123140371494,-5.357075693254687,3.032589898193175,1.8699842807698865,453.8083095973729,0.05286853609620756,0.0002400253911561343
35207,-0.27937137928139144,-8.551594221735243,3.4841371223022577,6.87956284016681,264.7335505037206,0.3981187810517426,0.0002400536955495443
35208,-5.139206922668488,-5.115294169172903,0.9272619153283108,1.8649284963920065,458.8326778332231,0.2284049557040726,0.0002400952944735721
35209,-0.481244610584902,-8.52540013567095,1.3982373524878313,1.023019764337841,270.0072837923142,1.7691006627083405,0.00024011780156654204
35210,-3.446474769409999,-6.150853165513369,5.125983204079258,1.7361857167335677,410.77060075948674,0.034855436921522376,0.00024011976989097352
35211,-0.48541892628131755,-12.764557175651518,3.1977093479151746,1.8488944274425063,384.63137906167805,0.4890339769995595,0.00024013812286687985
35212,-1.1535152705217655,-11.289865362133662,3.352884312697539,1.2933024057298348,319.49732083892667,0.4450614611232373,0.00024014530794968324
35213,-1.7770815523506442,-8.195795859292708,1.9633575514663137,0.988558670019196,388.39400537389383,0.40339971954573883,0.00024014851989944528
35214,-1.3782414860278696,-7.899862416908056,2.317990291528445,2.0554912777780188,262.52047173662015,0.09280738902908325,0.0002401582389833543
35215,-2.0244182572237612,-11.37189025187451,0.4236674416555597,1.3119135442771108,280.12805033565587,0.3234107645149411,0.00024019550240246353
35216,-0.9910082580837738,-12.71925873971551,3.2160996131706083,0.968435121591013,252.1548515998993,1.5049908893033601,0.00024020270132447095
35217,-0.8827727824076277,-10.440729413870962,3.5722549148073606,0.9347240987828983,190.1434979016258,0.0541970355688024,0.00024020458135462242
35218,-0.05000898491389094,-12.669352038476644,3.219475027704268,1.6730826886066474,458.014255799945,0.5464162969180464,0.00024022514595156336
35219,-1.0579517616214957,-8.468531984033536,1.4742935384208402,0.867803814481685,467.8946322365991,0.688637361872229,0.00024023398452265463
35220,-3.3454132842303395,-5.904552741460374,1.235346510489346,1.7991979762377124,467.6188841411691,0.5463950061269474,0.00024023445722394003
35221,-1.9751994487144806,-9.926308100777007,3.6259256341166424,7.204827226658144,554.4472220703275,0.04861573426346233,0.0002402387884849228
35222,-1.9477824487575486,-12.829857368044713,3.180242889448053,1.5883399666375406,467.89442787042776,0.35291208263661566,0.00024028099177239977
35223,-1.977824156260354,-8.58000770055937,3.4885094494462368,0.9158019054157783,193.27935885360205,0.1723345343264171,0.00024028487936342564
35224,-9.357697725115688,-6.736682933623506,1.0647545618782404,3.2518879187241687,515.1270331953788,0.9445762892827094,0.00024028825568725366
35225,-2.267357904392181,-9.321863027301267,0.39489024951433266,1.1156989589333306,289.5174305602563,0.8808741752409004,0.0002403086669307019
35226,-2.192828086423111,-7.910781683290795,2.295799312266153,1.1153552241734712,469.79990769524017,0.035020402287694985,0.0002403190123573157
35227,-5.090642163749683,-11.496693158658932,4.655118262376533,1.099613352404128,218.88185082744891,0.6991998913247235,0.00024032118006689777
35228,-1.1964166965758558,-11.432522949131117,3.272725062719182,0.9551918272585169,188.19523670609698,0.12162227672376158,0.000240323968344823
35229,-4.198523763015819,-5.1388628670654635,2.220534398271678,1.2266261751946217,295.26470206957845,0.2759817541931122,0.000240329613830151
35230,-1.9764597887339814,-12.306749089086086,3.2445781684080095,1.4833831560441126,291.3038170785454,0.08834357690274164,0.00024035171155779855
35231,-7.869875916968097,-10.710224920184878,3.1501564587146307,0.6189900908755326,173.47583016037103,0.7029363913026705,0.0002403521759094078
35232,-3.6572572586605423,-6.81299616447157,0.26040048628530504,1.8377963728551923,469.06551091760895,0.18470135441019586,0.00024037762738141755
35233,-0.5849312584903981,-10.836613837972681,0.48934535913003746,0.9006760860843739,209.43681380966052,0.6066333521257352,0.00024038393683910466
35234,-3.037921154399813,-5.9475589246725455,3.8060021258642838,1.8405506503733369,383.46839818874827,1.3168796003496537,0.00024038449192882903
35235,-0.6160650975766409,-12.549441209329448,3.181548993471371,1.8171154347425522,435.5516656298435,0.778178618959541,0.00024039000119114163
35236,-0.12832257821752258,-10.796340446628582,3.481775845302466,1.5110687016764273,345.59162784059714,0.6742119572838314,0.00024039155943533067
35237,-0.442566264706981,-12.806564415992545,3.180486443439023,1.1990582448140972,468.0008852522793,0.36848343624152147,0.00024039504248670016
35238,-9.792297990779995,-5.970469278712862,1.7411335818010498,1.801122756054637,428.6298341444566,0.19513883592211823,0.00024042595028845966
35239,-0.15332276753247953,-7.94659112250901,2.5862077697506565,1.126875857010223,287.0748182187457,0.7802837450390889,0.00024043347023728668
35240,-2.3998943385921203,-8.848875673484368,4.470609586629766,2.5515325099973323,461.3592471481044,1.8838689714534462,0.00024045936169003417
35241,-1.8961068101768976,-9.908580072440087,0.5482060533191756,1.8710416399617313,467.8382338386701,0.2776766830478987,0.00024046366593174004
35242,-1.8918574550296174,-12.66766796478577,3.2171102362733173,1.0426555809761606,186.6554713390451,0.11272059760222763,0.00024046438515339222
35243,-0.29199080369165387,-10.295634972809433,3.5988760477633224,1.406286915228869,334.83191113583945,0.25097671387830633,0.00024048014123959646
35244,-1.6000320154057786,-7.933149851865864,2.3598196067657384,0.9698222561193607,219.81519286300238,0.4823216733894897,0.00024049007204216447
35245,-1.720490562312758,-9.560955033399004,0.6686681364303968,1.0663241183155476,219.31535786810014,0.08088100475394988,0.00024049221448568277
35246,-4.672397280500985,-5.247037836377555,3.728080552630097,0.8640119426020269,173.6187046862834,0.8009096834155587,0.00024054092669827264
35247,-1.357751124665148,-10.016114354826648,3.6554107972342984,1.330945069345149,310.40444394588667,0.2031070052380839,0.00024062733031664747
35248,-3.793901634490223,-5.225948271374686,2.3632791665752126,0.6518904891248597,135.13525676177977,0.09053404083226368,0.00024066297913557735
35249,-3.2896271257980576,-6.0072048076823,4.685973244770558,1.5329603389761148,351.83907478201814,0.025201770807216306,0.0002406661907080979
35250,-1.7491022086680292,-8.458819341661894,1.492416107664531,0.48039987315838073,102.83896890701133,0.1677971010385635,0.00024066690850290854
35251,-7.970316701202787,-10.024733084769412,3.3883920766090845,1.415545340829987,325.47519340303063,0.41899214424960807,0.00024066894858320212
35252,-0.3962065381108637,-8.008775050305573,2.8890428115203757,1.5884228787596322,468.7257851033188,0.8349836387198613,0.00024070307787703085
35253,-5.550998775162893,-5.257745816860816,0.281992305515479,1.112852544448684,468.00385676424094,0.8608888498004204,0.0002407126248549787
35254,-3.520068626962547,-5.799981852044712,1.5010827527299107,0.9569754934758633,190.02738826978356,0.1946591313695274,0.00024072203389417936
35255,-0.2508118428969368,-11.071645936657198,3.3827363143961646,1.2477394811730527,312.27028076413467,0.353720260058882,0.00024072501700718227
35256,-0.6436266710495477,-11.992167159074311,0.42430813463825695,1.2326370396635447,311.20509298459325,1.29483308427651,0.00024072749952921746
35257,-3.206716637789482,-5.504783424455981,3.126282951207765,2.841784849104445,482.57186363221797,1.0404281619052336,0.0002407429546213613
35258,-1.8216448622117305,-8.538076208694598,1.1452527582710923,1.2608838881200726,314.4527409878819,0.48023144555603725,0.000240757012484491
35259,-5.325958780158692,-5.3267811563454615,4.700386492029802,1.7290234242488016,406.61876245810475,0.02148945753505771,0.00024075830176784077
35260,-4.444248004705338,-5.791507208129797,0.9731033031730733,1.979909505074523,401.79429136890417,1.7704375216234434,0.00024075993913485802
35261,-1.1490681272931909,-8.674252660933107,1.0970762826112583,1.455209898884041,323.3776685191259,0.20316120594096798,0.00024076570260265896
35262,-0.24219681098650803,-9.19149075120448,3.7394443410622435,1.6884118931126855,395.170294194412,0.17266607288150126,0.0002407808078918097
35263,-1.0611711973626043,-11.136588230302847,3.4361523828633205,1.0747356880696532,281.91865569961664,1.0265988009526739,0.00024079281271492095
35264,-0.16841379862822592,-10.635115011653431,0.5231601356478289,0.8235296668143721,207.99107101010188,0.9827044018331197,0.0002408203567369525
35265,-4.162831563151903,-5.108037805669502,3.021111143081143,1.7136711275264196,406.11829007878094,0.8017481534731656,0.00024084813454754451
35266,-4.153556295197946,-5.079068499470947,2.591386575282248,2.903976833321472,491.1197049661133,1.4469896251271273,0.00024084897020006481
35267,-1.873932473075362,-10.238388798545019,3.6072766697272423,0.48835172522047315,134.98525933165462,0.7115070009092941,0.00024085266670212027
35268,-1.2900094044111086,-10.736132789769428,3.506988546375611,1.666431050901682,468.6675772526242,0.5596854954958594,0.00024089816850558467
35269,-7.9109341252924485,-11.518161426568195,1.1321722501711717,1.4000320846479701,325.8418784040915,0.2504644858691165,0.00024091044837049947
35270,-9.701798441132993,-7.2610877221858106,3.8571752924769536,1.076426627398051,281.9278644078993,0.9226564293145527,0.0002409143140588968
35271,-9.850061648797615,-6.935300025090074,3.976313729988979,1.4641224747118982,468.6072242376349,0.2682162457377908,0.00024093755953140446
35272,-0.9583994043031367,-12.724172832402116,3.1800745283464225,1.8188139744553067,467.57056430824946,0.5178367424024186,0.00024096445841984677
35273,-2.2442504552568723,-7.997463889914222,2.7818174148273576,0.9746827159699677,143.1321174155604,0.26237949840346975,0.00024096611172695165
35274,-0.22311284404219656,-11.629387563990365,3.2845769822143174,0.8250803757358257,207.9460991711753,0.5109788745136497,0.00024098724015954084
35275,-6.1426873833697,-12.929731414417759,4.485337061072984,1.6496700556651083,468.6339230361511,0.26509081118384437,0.00024099167297142845
35276,-3.2665969539235737,-5.276697595508847,2.475052688782855,1.6666753725858732,390.2889730689415,0.49432978759308543,0.00024099395718346785
35277,-1.7323053275129023,-11.881456183443525,3.274898180092011,1.86995559780382,448.3575829490021,0.549270597788925,0.00024100065687727767
35278,-9.903246809460734,-5.19477399547938,1.849722538126053,0.963850276569962,143.2189576190266,0.2960151776446134,0.00024103181255070603
35279,-2.0700043998724125,-9.20506833900474,3.702808345780325,1.1228482451935022,468.35771432780354,0.5202836090256371,0.00024103508237130654
35280,-2.321305384560742,-8.745092521265002,3.9026998507308335,2.2069889924658046,423.3725262999715,1.3209409943394634,0.0002410601235226527
35281,-1.5457221952645117,-8.228324240117056,1.7867754653431094,0.9875853463364033,258.7850806831751,0.6025143577846652,0.00024110086076987482
35282,-1.8486385565582815,-12.851463857473382,3.2128316811924247,1.0475363035062832,239.39756969960328,0.30725787579468733,0.00024111121509316926
35283,-0.7281300830575326,-11.491986090340516,0.4597938324168037,3.020809269044211,499.3635015592154,1.2329329480595383,0.00024114652687378654
35284,-2.37045755793892,-7.796506608480951,3.1382983965822966,1.2873486464288204,318.46078394043536,1.3373333260815548,0.00024119345278495586
35285,-1.593690081641041,-9.2305466775788,0.8122029933233318,1.496504141398206,354.6586391655526,0.36105868373374506,0.00024120838469237577
35286,-0.5874341769784923,-9.991090398746957,3.6556344321200185,1.892455727499838,390.2678860904789,1.563146073631473,0.00024121154392960935
35287,-6.647014702824677,-11.26952224523502,4.566312888844276,1.1905626988672393,303.72947350944133,0.7177448829059729,0.00024122559675142437
35288,-0.6209017891848525,-9.82431485180134,0.6208368986644065,1.3797012773539101,458.6172928660909,0.21898676159397645,0.00024124742743718164
35289,-0.5500440521929146,-12.063176355281387,0.42534223709788405,1.415207747825536,468.4970500962997,0.14445693866901177,0.0002412492213422751
35290,-1.1093864167153118,-10.088675723485256,0.5286210736206909,0.8794197174273324,226.00239149597942,0.5516107319342192,0.00024125054227635615
35291,-0.1589296954171857,-10.066236928657554,3.6515343212326625,1.3743206444870084,297.4120847434899,0.47658685195082473,0.00024125391063058502
35292,-1.2379251497078982,-8.248108936960833,1.8286626906265944,0.8399873772498192,173.88680016930238,0.29558890695354645,0.0002412614851328385
35293,-0.7431509953678646,-8.08820256055192,2.09096503656272,1.1154377943533809,466.09949426768907,0.6967458306024099,0.00024126311975595794
35294,-4.2655793750867135,-11.167050183006811,4.706015455244715,1.0846976203786085,467.73291141927376,0.16803060432885264,0.00024127817316918124
35295,-6.2409123456912665,-12.127360923242591,4.5356434672243005,1.5329666174143155,361.91248667515015,0.588430918362044,0.00024129279340572195
35296,-2.1366663628853217,-9.239761576046357,3.6906892512527705,0.7500571073008416,155.95960216400587,0.15259523074107229,0.00024130698076884282
35297,-3.436355580122771,-12.15845870564311,4.513152593426889,2.8715734704284963,488.62927708592713,1.520768611305395,0.0002413226047969853
35298,-1.210770715142088,-8.531645648230711,3.5039000786335475,4.910816468538702,618.6834272141102,0.6624667415899443,0.00024133551022969827
35299,-1.5693555164892246,-8.55780252902867,1.406340444198557,0.963722440588997,250.61800985089542,1.260524564608228,0.00024134967860963628
35300,-2.6020598827843555,-6.8274322047461204,3.0137656839511116,1.3372507246111218,286.2560327747446,0.48685862734868923,0.00024135390338019485
35301,-3.084446993341995,-12.455477477593424,4.656569514341486,1.7533878754086327,365.991700237185,0.9659952207726441,0.00024136476075057857
35302,-3.1201242869286308,-10.37492323560489,5.161527451284883,1.261095287143531,278.57884285614773,0.09258476686722705,0.0002413702690929474
35303,-0.3566822629296471,-8.087201534103759,3.015812957326247,2.1992143629685703,427.6954283776315,2.0878170681603434,0.00024139672205848926
35304,-1.5925206231804356,-8.64509745519267,3.5653174321199357,2.9131837879283116,492.2670623327632,1.5558143539604599,0.0002414001080766938
35305,-4.570407597588723,-6.907505711769,0.06697343948439805,1.8080183117439355,468.05448547444803,0.7049899455970223,0.00024140648189652277
35306,-6.024965772504331,-12.61919194774614,4.513342591353615,2.6466122482537116,470.43137288759067,1.9481271903880044,0.00024142875242432084
35307,-1.9263532948656987,-11.247756727525996,3.349304083491169,1.3882272382860863,315.9719536241471,0.0989012805204803,0.00024145064660224997
35308,-0.6830820421791,-7.975528853067911,2.6010074494114663,0.8995991293628739,181.52934352475853,0.07927988682004194,0.00024145560403666382
35309,-4.228645043613707,-5.957645565876437,4.854175272256783,1.1812999576919352,170.45263729884093,0.1930675756089011,0.00024148678821388905
35310,-5.597828380109223,-10.959030923913938,4.810575009000211,1.0973264068069115,283.7637856725278,1.4808635550570237,0.00024149082568739315
35311,-9.922252709052051,-6.8711603697560575,2.0352502026469064,1.0414419431704647,468.6153489626284,0.4630945098691326,0.00024151243289858486
35312,-5.671037894830704,-5.4684667398003555,0.0772042751130465,1.017505575371296,253.65753436886916,1.0371777076999464,0.0002415210443575916
35313,-5.395226243509007,-5.286327351816044,0.5074718678601926,0.82659241525388,467.6640644856293,0.041375388185218576,0.0002415297023203773
35314,-0.7866995588422476,-8.006212096159551,2.813750620690847,1.5833427961483781,360.7512247878411,0.08338405178169772,0.00024156092050811996
35315,-0.6435200376692247,-8.883260378297436,3.6584564493549934,1.2276558381598777,278.8972579544444,0.34288123686567484,0.00024156130679436793
35316,-1.7241100447705353,-10.014376202816255,3.6194880207480384,1.6888130752155126,470.0337046364618,0.12746791952978853,0.0002415881024133272
35317,-0.762077893615146,-10.384700736220491,3.5733055558569546,1.9072615323652433,468.08629585120417,0.4994155038252721,0.00024159711187707442
35318,-9.724548079727743,-7.434288006388326,2.0928538534466203,1.8467557291610839,383.5504922574459,1.380109285664406,0.0002416186379675096
35319,-0.4432116735658127,-7.967469219442447,2.3807575481161174,3.9624013586342715,543.0700150115446,0.2631619997492658,0.00024162114299168118
35320,-2.142723802432803,-10.406962308435697,3.5746960755589607,0.9802695347714796,468.09983956454676,0.7306549467128658,0.00024164844613004717
35321,-3.7732862296810463,-5.546927960551241,3.582564226976139,1.4462666094842167,329.1716180177977,0.08968563399141338,0.00024165582770366317
35322,-1.36158765360568,-9.23579352711592,0.8273545270545327,1.1987060321464504,130.04012569896403,0.3340788228749796,0.00024167896147276455
35323,-2.0496585205511506,-9.591946578819627,0.5992662284933579,1.1048258509182391,237.46737862372993,0.5049605153627343,0.0002417025651910728
35324,-7.808279856364549,-12.033186384121073,2.837959722132171,1.0679034081044012,279.7821303488769,1.3282111710220006,0.00024173511015781424
35325,-0.2782709361982487,-12.241878087793859,3.183543198642066,1.3765499410812079,311.013582483503,0.3999597856256427,0.0002417447410415608
35326,-4.515043525927668,-5.327091465803845,1.69359629591096,1.131878697764792,290.40033716363433,0.6915549275515209,0.0002417456279179321
35327,-0.6438834647440661,-10.37174846438949,3.574709242318799,2.0773191887929956,411.2952265624351,1.4226299858815752,0.0002417570177221817
35328,-9.361845966357043,-8.018363129039711,2.5505866120610454,1.5632197997820922,467.77945245305176,0.11948384418629132,0.0002417630903146277
35329,-0.35631593591677735,-8.215173446569267,1.9465615339514186,1.218319531345566,231.86758083522741,0.01645665774738081,0.00024177004114244824
35330,-4.409462053758516,-5.872473809011377,1.0014215836253417,0.9041906512293574,467.54715250667346,0.781219742141583,0.0002417748832077955
35331,-0.9335722204273793,-12.515497552162783,3.2150790561872866,1.4412231574553591,332.6931900304373,0.2758274788993784,0.00024178922884979996
35332,-7.296302114539537,-11.765672625175263,3.9216303004733746,0.9110394849036936,468.1764464388158,0.9106463779219283,0.00024179181086814955
35333,-3.26905893648547,-6.780055301732124,0.364673516058052,2.8184595632110687,480.57401523309335,1.0983012786469972,0.00024183135788329645
35334,-5.705278707345185,-11.28332542227562,4.715576746324835,1.1493813039265313,470.5321587711282,0.11918303556335808,0.00024185433641958358
35335,-0.1493376684206673,-9.076467844620057,3.6851994339520595,1.6710411087719175,468.1386519418853,0.037248020593176,0.00024185962367679077
35336,-1.1336061039981935,-10.46667249563934,3.5546773502033533,1.0141064992446938,277.5452553126261,1.8465030999794712,0.000241871807215214
35337,-1.2791578150573493,-8.173632328741999,3.1376744011749413,1.2570404327153335,300.70779634839863,0.3410805760660347,0.0002418738112350929
35338,-0.9972071286754023,-9.678093123993769,0.6553426217513753,1.9486397318019242,398.3187000419428,1.733765252155158,0.00024188443148113816
35339,-1.503636452041956,-10.332472244233015,3.5813944352501843,0.8671557511887374,220.2520741276409,1.0777248281611982,0.0002418950758185099
35340,-2.8342997608086744,-6.067771521064264,1.2297430744976574,1.4687688257078844,330.5982991097987,0.00011372520739794112,0.00024192218902080963
35341,-1.789358119092693,-9.887463048900628,3.630930126092707,3.168894222192481,501.3127277459663,0.624191964363404,0.0002419498041264232
35342,-4.0962446325715405,-11.594229046595226,4.6063039098292275,0.7830768912105652,183.5229302068991,1.152053338097784,0.00024196282444019225
35343,-3.9803430054196465,-5.6845028350584474,1.6211640995930479,0.9126902351026999,469.50437846337087,0.14023302481483046,0.0002419767830922143
35344,-0.5864150068848559,-9.860895828837357,3.6389566721459192,1.3266590677195678,468.66565415976237,0.5613912454029366,0.0002419966166421553
35345,-4.243672113971611,-5.189427047184876,2.0725990561211884,1.231697873638181,304.3013559204322,0.04950562725700802,0.00024199909356147832
35346,-2.231253422537244,-7.552281650375511,1.2388039295764135,0.8732018095176785,139.5670358134608,0.25192142416267593,0.0002420135380682476
35347,-1.7008870609236109,-12.696877689585602,3.2134680642830666,1.117483398622619,468.0950402621427,0.7278835769959136,0.0002420322617609716
35348,-3.9238396777430875,-5.3794686379417485,3.493439907601798,2.3055050603843066,410.5359073255099,0.29346453333024414,0.000242067992957582
35349,-2.218070888781316,-8.9840264684596,3.628626181947029,1.2239104220782093,178.21005080458573,0.11291095720057065,0.0002420751687882322
35350,-1.3160137838353023,-8.994984462751503,3.6359113828498417,1.1026923557498405,467.09617034635943,0.9268109525623691,0.00024208911674093495
35351,-1.4587257887056353,-8.144269362906645,3.0498988507578604,1.0119870966479365,242.10465664798437,0.8820798007462178,0.0002420893592774735
35352,-2.01975795153324,-9.668816040704407,3.6831090448627073,2.3737300828653476,409.8955150893375,0.3708192360771134,0.00024209677698680817
35353,-1.2665442747068916,-11.527839560331515,3.2907683359782944,0.8633195827239525,234.43126778575757,1.0661477364681389,0.00024212092020159168
35354,-0.054969148147334224,-12.575875996392083,3.206462853014927,0.868526452762886,162.6996438735627,0.14245252400203423,0.00024212375658958014
35355,-1.0376663158460673,-7.908361870416149,2.4245232776847945,1.5579167948892483,343.20424031025755,0.8979122001276698,0.00024213142455869774
35356,-1.1850700324140426,-11.355767342020703,0.47293175442671304,0.8479013558386613,223.093699123473,0.3208605160348945,0.00024214379419265207
35357,-0.9190658655385544,-10.612523609879332,3.5223280905645025,1.6216599651037575,379.56979909015115,0.5198929620516859,0.0002421467703707023
35358,-8.207765219714885,-9.868414792722072,2.757109974862928,0.9825283764006456,247.13553478288244,0.23887035744439,0.0002421575132281614
35359,-0.7857324295341694,-9.11020896503981,3.6874673424267503,0.996774084823403,266.8333929731192,1.0377027794173221,0.00024216984929882976
35360,-3.4039875755950675,-5.832365091418063,1.5288958744824626,1.6181607433925915,341.3707928505393,0.7441069687550401,0.0002421976570312671
35361,-3.0940654359205837,-5.802037896755672,3.5424442346142992,1.601092624965592,355.5727647322951,1.320128350888285,0.00024220954288047168
35362,-1.008304219051146,-9.635559341410481,3.6855852323898732,0.8720443219117939,235.75579642658434,0.5485756989414883,0.00024222818992762906
35363,-1.6397503834734035,-8.003201546816797,2.7930116870313375,1.573322808109298,364.0291663917396,0.9464791693269854,0.00024223577423451454
35364,-1.6371322030782114,-8.826573521800603,1.0523967539159862,0.9726439190572295,246.3988795816029,0.47986168801362883,0.00024224103097687292
35365,-0.12182212383825686,-10.502402986856417,3.49142505013756,1.4907955327981457,337.06209814617404,0.38046923560272905,0.00024224554268342918
35366,-1.669551736023708,-11.047216229110179,3.440138882380996,1.075423159060238,278.9390897926001,0.8261354827166949,0.00024226326458098426
35367,-1.8723468590316639,-7.890096986712809,2.31113444331431,0.8236377239037376,188.92281385630116,0.23855993047248436,0.0002422759098361245
35368,-0.21898775939109072,-8.457238299090811,1.480126224136379,2.5423882794104693,445.12471760687765,0.5247818876410895,0.00024230107189538564
35369,-0.9117925535284712,-8.325044144486869,1.6960303163756338,1.5510070893256083,355.480757204462,0.3359087966473657,0.0002423203695333158
35370,-3.7723098317001034,-5.846668229745007,1.2042057552246839,0.7216796711232134,467.4546193888064,0.423597513192135,0.00024236126704432745
35371,-1.6206396190198937,-10.588776995370115,3.525716318466162,0.7329821883925624,222.08098709151324,1.315739713138548,0.00024241146004482935
35372,-0.04108805296808171,-11.000357703403727,3.398436761578714,1.8543720377140178,388.04457543732286,1.859715412469602,0.00024241844079427122
35373,-9.949403714246964,-5.431784704793929,4.124026499569797,0.7883823875319852,197.8033706304378,0.9239773431962135,0.0002424665034149547
35374,-1.07639745655697,-10.67764782725494,3.506590541381707,0.693975892828948,129.8735776235822,0.22423764834606974,0.00024248261674969805
35375,-7.372063003317807,-11.702307642633597,3.8270980380923403,3.07278437845571,505.3154156820192,1.5439019770695728,0.00024250016024489793
35376,-0.6791045257136208,-12.069153730510315,3.2524548813921825,1.7614167017836981,374.30947432314883,1.5185482783182316,0.0002425123533521882
35377,-2.732058188592113,-6.844820995007269,0.5332217665830387,1.3941141303994158,327.3008329239522,1.533895187873065,0.00024253056451255516
35378,-1.715181853455075,-8.689317833306594,1.1434984488183364,1.4622327300008984,336.693669109758,0.2745328275785903,0.00024253601981587036
35379,-8.97792388211282,-7.430745606299599,4.970250731093821,1.4070175162727245,315.46731691147346,0.054442904942926695,0.0002425622319133586
35380,-3.755348500992776,-5.557141941212679,1.9325994278258878,1.1610523182236547,295.5985796416827,1.0721955376559196,0.00024258548493952744
35381,-0.5907846684245737,-7.949501449796629,2.355645594514479,1.1421249518281849,295.4924482008343,1.2308108775829556,0.0002425942290598251
35382,-1.5511879310223993,-8.734139184516398,3.595589738782061,0.9748217410654256,193.81832004669604,0.6787550897950885,0.00024260198425300465
35383,-0.5271039403335127,-8.725148036027484,1.1395921747017177,0.8963551658085481,239.26109713707953,0.43385191665763223,0.00024260360922912928
35384,-1.2518967069565718,-11.314851008644276,3.325820766689204,1.1703229633359655,298.4537177670264,0.8954761484000935,0.00024260636637709655
35385,-0.12376108852176593,-8.067132842480328,2.9084066198532157,0.5805564951748989,142.7295534770037,0.7309612361354718,0.0002426344019937985
35386,-1.5011600948785357,-8.236833355960021,3.220639709864795,0.9651125978178396,267.9970496461745,1.8209629412153072,0.0002426354632939208
35387,-0.38522507156908325,-8.172798933913729,2.0547656778651278,1.757734058610823,416.3443336159207,0.44137803159229616,0.00024263651305337288
35388,-1.7454667371521886,-9.299223855611,0.7955130353557441,1.5545837262349653,208.96692709816455,0.0909015470490715,0.0002426485187353837
35389,-2.1037755593408205,-12.057085608805785,3.2278566942412623,0.847033873398013,201.78435974855878,1.2950116740416027,0.00024267297286525264
35390,-0.37158664377579953,-8.054139209572433,2.903068171819379,0.8550681533275026,460.3802461924349,0.4426493536412819,0.00024268042000238612
35391,-4.293075793479021,-5.100555809641547,2.9898700969004635,1.7985540113749507,237.7584476279559,0.10485075144892608,0.00024269780970712185
35392,-8.783726236684057,-8.842793450803304,1.5705834224325723,1.679670400750547,468.0338007960399,0.03185574781100442,0.00024271150830181283
35393,-1.8571579514132743,-12.15170451042758,3.1837257833899955,1.1038995301728827,280.6336014357548,0.1797899446502127,0.0002427115511255429
35394,-0.0332192834462095,-11.301102422048123,3.327363227102365,1.8558989895883524,467.48424120774735,0.5913506114918592,0.00024272316059456125
35395,-5.431670804729437,-5.197950105903337,0.5206978878378062,1.3457370720605588,309.8737488024328,0.1287538636118324,0.00024274784648310092
35396,-3.0858990146638323,-5.929652342857311,3.79223181357858,1.1306194717116025,226.51326278183151,0.7054781808355859,0.0002427522199506457
35397,-0.5909041265409378,-8.57057806558569,1.3628995950051752,1.3722845133845165,456.1991452250295,0.30723559057351135,0.0002427540338082141
35398,-1.2820679150066425,-11.483695737068304,0.43817493508324473,0.9087874655851288,239.08936136027512,0.7783356366456724,0.00024277327130743968
35399,-1.202544125259962,-10.498391247282765,3.4895751069757597,2.5275280819368633,183.11301841518883,0.3970856052869536,0.00024277946562072146
35400,-1.6657415673704374,-8.47309169156653,1.496581024753184,1.1469672387808365,295.29432235200653,0.939997865805279,0.00024279210766739226
35401,-2.763026763799462,-6.248785355492775,2.578047919376455,1.2730748204395759,308.422341447701,0.5718973526363502,0.0002428201201242211
35402,-0.05341145121459512,-7.912258720024874,2.3904256786872993,1.699737264113543,400.348123623522,0.4608111038225271,0.00024282103907782046
35403,-1.6479747469785995,-8.60391042076553,3.5331636606787753,1.1897124375742982,305.18933509173286,0.5867314750014438,0.00024283726400619837
35404,-4.293203769309969,-12.126006206392844,4.530045276973245,4.935229330565911,581.0076362674428,0.19722224751625994,0.00024284403924040724
35405,-0.1331997981597084,-8.585229889538574,1.3960685041291054,2.630641919406632,466.89555981271815,1.5052375413205672,0.00024285813531340475
35406,-1.6358340436728938,-8.96299093612264,3.630064535156634,1.4715313826024872,345.73690067606145,0.3501312704230104,0.0002428606303010694
35407,-4.047761669509522,-12.323987165696895,4.502263537506949,0.9830613726081111,273.1780159777627,1.6811418370480444,0.00024287138967002091
35408,-4.046473678436515,-5.270719491540266,2.3091255633578407,0.8930366528998401,467.49731571169593,0.6439631031741611,0.00024287590350569835
35409,-1.6004132449402526,-11.944443576171071,3.2502539446814414,1.0039915212035773,208.32027403749228,0.2661708925226458,0.00024288221063735886
35410,-0.5389646419569303,-10.207043465062409,3.598975606430636,0.9051257932743488,203.82633830817863,0.2490022507479539,0.00024289368277217844
35411,-1.0836075316796254,-10.972230080429409,3.3999000210458328,1.2960765687322837,321.5678955114778,1.296448347846705,0.00024290905465902462
35412,-0.4703569610672407,-12.41821937012543,3.1816875804701,1.2308391290505316,311.9396162883374,0.44392534144908957,0.00024291268025918402
35413,-1.1314163581716468,-11.04841137113547,3.376521686439373,0.9106454006834471,468.74571491009124,0.87225276815788,0.00024291274619199626
35414,-2.2859558256206203,-11.845153319701527,3.8189679318930407,0.9770403401840335,238.05416531916003,0.5411974293888511,0.0002429184224296849
35415,-7.710171584744717,-11.838917239860132,3.164232744574567,1.867349788934836,468.1849558262247,0.48969777258193314,0.00024292876785734317
35416,-0.6672454177685552,-12.5575512108894,0.43643905887282636,7.165013131468635,556.5337196791885,0.02759555507681366,0.0002429712002654565
35417,-1.2991610609503965,-8.053898103676026,2.8389253783091,5.0644575658341235,493.3810515318007,0.05852381018640074,0.00024300824056064566
35418,-1.1908308015150624,-9.44738004345118,3.6934784436836527,0.6562084420772745,135.69997052745967,1.0674070129841349,0.0002430286022039265
35419,-0.3214263331153262,-10.893234202451689,3.4102004162372404,2.4427004249396367,451.9574360499059,2.153920922645602,0.00024305300745728673
35420,-0.8075930660714938,-12.211599908234852,3.1759941579022555,0.915386228472209,150.77386850458487,0.30992091753242423,0.00024309133324138264
35421,-1.61209232435729,-8.527421745116003,3.4996677445130593,1.1965692793534752,305.7862917547162,0.5144818128489055,0.00024309267639472266
35422,-0.012524955959680284,-8.220830862989134,1.9711583303304807,1.2601679139079023,314.56529160113234,0.4290753505330409,0.00024310955560910712
35423,-5.148615973873341,-6.382961205706924,0.21592568525257844,1.1377106317619134,292.06278414159254,1.093455859702317,0.00024312186550503454
35424,-2.116002348907794,-12.918200836469763,3.1990132766986683,1.0199306592489452,249.93232078095204,1.3424659367741105,0.0002431485169495888
35425,-1.1559922383253465,-8.831449613753577,1.0777725139781227,1.1041272143060858,292.82472151687585,0.9153963950507187,0.00024315422729089206
35426,-7.093754371063072,-9.185371793366189,0.0367356049072433,1.3261503008004025,406.48622770149086,0.8267520847291197,0.00024317832332069377
35427,-5.874417434254919,-10.847068757823738,4.846807867685574,1.613888977101949,467.91505458508254,0.594721362745342,0.00024318043187735065
35428,-1.786076407973285,-8.103292355797452,3.014960297046394,3.3063894751361778,356.7594755778208,0.06006695478485646,0.0002431874095606673
35429,-0.10453736160090088,-8.29795360169234,1.6591506814766581,1.1461600981985693,243.17188202754343,0.6430021401945245,0.00024323597407369593
35430,-3.004176028987936,-12.336258060802164,4.792752481946495,1.132609600715708,290.97651102775797,1.154007978454909,0.00024324293491999135
35431,-1.3046433741426693,-10.137136873849048,3.6096595652219823,1.8452878897419878,468.8361379318087,0.4973255338410594,0.0002432503217693691
35432,-0.6858371306572071,-11.443089691549583,3.294478169174416,1.6347154546566465,468.1694286488119,0.4710946613002438,0.00024332617174922393
35433,-0.09486614056639908,-10.817584607592675,0.4890429891903648,1.2647593126090573,311.46739210958947,0.23148760239365362,0.00024333223244376489
35434,-9.714848673368172,-5.424951335482454,4.496284853608057,2.5913689335971157,457.8265614126596,0.9187765741030454,0.00024333289593148115
35435,-9.312519630422175,-7.314363393588692,1.2033089978933311,1.129183962722716,467.9121688227323,0.5571785363788289,0.00024334436445804766
35436,-7.320045511148806,-10.932989714007695,4.097804211923267,1.3339999029701388,327.5534562069718,0.3359484823667289,0.00024334499453972926
35437,-0.15983796871486078,-12.37456653078416,3.1749843266788367,2.051369607494518,410.487859477701,1.944050212411672,0.00024334641442076195
35438,-2.5018598737567066,-8.260657662438962,4.881534405433033,1.1137204853805915,467.58718470643765,0.812994506931144,0.00024335910995599408
35439,-0.9950762065091592,-8.607784903148598,3.531098619605684,1.8056119375254276,431.98252531230247,0.8871514419458153,0.00024336094290920346
35440,-5.443515760890873,-5.707796555943695,0.3251483319727234,6.456309314253609,660.1040218674406,0.22286370095758823,0.0002433649998765854
35441,-1.7913684050911716,-10.756155494687928,3.4639645246727606,1.8287435228968223,467.5036183019682,0.31755631321610345,0.00024337621458843034
35442,-2.171347756912744,-12.73588088381885,3.1637067818397955,0.7804979079714757,205.2848964119471,0.3873858419544396,0.00024340857917830227
35443,-7.938360123053188,-12.05128238929946,2.145459856124602,0.8284822410113675,240.42225873143153,1.0841746759547668,0.00024343787536163872
35444,-1.0241023134231124,-10.813687162808016,0.49174355714167983,1.115596177157939,211.99052381060358,0.062399645516937774,0.00024344185843120405
35445,-1.416676484837014,-11.93546510704776,3.185880059910221,1.789738120752843,426.6922362451539,0.2967230852275806,0.00024345236233611187
35446,-3.829089743202296,-5.320515771889696,2.6832439249920945,1.1400343356546814,292.55539080244625,0.4783698495134239,0.00024349458502277807
35447,-3.905140403229429,-5.422155026373734,3.565157630978646,1.734069399885989,468.7468833568751,0.8550511822038152,0.00024350190716900517
35448,-4.583171733436381,-10.421778760528658,5.004366638850298,1.1859725713934095,466.18971326979516,0.16916808288555263,0.0002435473514965646
35449,-1.0265262637863533,-10.24119831512994,0.5342597111405609,0.7188829908056351,165.46101023163584,0.32194298108636765,0.00024354767023384715
35450,-1.2488696756791988,-11.898855763561993,3.2495593931868574,0.5147514863162533,145.30333846685508,0.8225889743936543,0.0002435611248087898
35451,-0.46401698215097475,-8.764468579535272,3.60022027826913,0.9533651140522224,266.41582341653714,1.333050821199806,0.00024357869781202333
35452,-1.4601722923139473,-11.02779465804711,3.4333434530195532,1.182168578299926,271.37759444429304,0.34150057740288986,0.00024358541599710714
35453,-5.03388427246072,-5.116249399082456,4.175559019116671,1.319570874761222,313.2509688184418,1.1896817166720473,0.00024359250718028296
35454,-0.9810555949348725,-8.21157465179692,1.8921743363779278,0.9316608430501967,402.3407859056601,0.314485879317969,0.0002436002480716834
35455,-1.530811112221846,-9.587365132579551,0.7001158975310986,1.1281184954823262,467.56302669899713,0.5600191926214464,0.000243619734598213
35456,-0.7827273561435693,-10.004163146862096,0.5655846748715453,0.940920937381927,249.85192679195097,1.1236421024155412,0.0002436641675096237
35457,-0.27593169979524035,-12.0189287084576,0.44319738211613263,1.3333993831092419,284.461854226463,0.8545181306025258,0.0002436988499899377
35458,-5.033621308176432,-5.055199831271174,1.3148204884331904,0.9788822773314081,169.97857229958362,0.15869207798364116,0.00024370834860498462
35459,-0.8265228104885498,-9.154343380803082,3.682116081227022,1.4641266878604864,336.0282664476186,0.10176920654817767,0.00024371112981165608
35460,-1.123137268799363,-10.964066872765464,0.5184688834135688,1.5388587373290759,344.33422935198064,1.441988404433432,0.00024378810855768483
35461,-3.705883571086698,-6.141671337072003,0.8926203956818127,1.8907480433922665,455.1966629973814,0.42892034551455627,0.00024381367786193898
35462,-0.9071548522924981,-12.31913287473745,3.181657045276405,1.7413433874391455,468.0386624526961,0.0326573599541744,0.00024384184080254113
35463,-2.371048657845032,-10.21338364441541,4.5195529686557805,1.2919428759658542,316.74115786822273,1.7712394626190067,0.00024385235179267173
35464,-2.3153286258501105,-7.465082403126398,1.1423727282482143,2.6886456276588637,473.4406098424224,1.7598303062104081,0.00024387824701430303
35465,-2.927490334020363,-12.937814314961168,4.909824568686196,1.1428785847925051,275.08463565369897,0.36704184284187225,0.00024389003782418546
35466,-0.7683246617651172,-12.069923156140172,3.18718454125258,1.8531546526782545,444.0830193032957,0.3373100827125235,0.00024392347350038316
35467,-0.19762460067201104,-7.929951428575667,2.506669083175904,1.147168839177372,294.0760603814723,1.1494478579606406,0.00024393137286036386
35468,-9.424898434952507,-6.3297716527234265,4.969246095967285,1.175384915255869,468.1047655941048,0.4202380078123973,0.00024393613113480835
35469,-0.5936505656311191,-10.953870182184804,0.4796980781924675,0.842829096851182,238.08284481181693,0.18401642869416968,0.0002439432560964613
35470,-0.4685087712374756,-8.581697246930231,1.217594032367254,1.1448187902509963,468.3714423115263,0.5254955433574109,0.0002439766305624067
35471,-1.8445291053080162,-8.339063237985297,3.3174604955545233,1.705525357107482,402.9483549981446,0.5141661741876442,0.00024398042512996685
35472,-4.346754973646391,-5.477960029497932,3.7404094723439223,1.0392932200886666,266.04137892714897,1.508312221275613,0.00024398775675489825
35473,-1.9326811977757146,-11.56283311493689,0.4369600711914239,1.0105773041706378,173.84168224201724,0.25232701705019966,0.00024399363487860902
35474,-2.0782373310259015,-9.344376428357197,3.645969882133371,1.0158942460248426,269.15557877224285,1.0671122777461823,0.0002440010852825686
35475,-2.9346158837257006,-6.224615927955059,4.027542391557325,1.5575900904841518,468.13123906285074,0.23770231774694306,0.00024403709451853225
35476,-1.9682110908927317,-11.370363176180653,3.301269547560803,0.8849122827308191,247.28845070548198,1.4152834889442838,0.00024405154605673722
35477,-0.903521731624954,-11.382466472410758,3.2989058543447074,1.1095666656959253,292.11245701928186,0.9473228916669294,0.00024405551013947027
35478,-1.6384038756664978,-9.11762541235198,0.8940615751283807,0.8855827896257713,191.7165466407036,0.9952811943298014,0.00024405986405091524
35479,-0.6985122307458429,-9.094462545158835,0.9040070928120642,1.7566758584503828,416.44078611940336,0.11606073700682007,0.00024406373009539474
35480,-0.081883869569495,-8.84377122772992,1.0697332078931785,1.449820555364552,468.61990216399244,0.5573885579132005,0.00024406772448338484
35481,-1.4973379284828674,-11.408953964949268,3.293845700555273,0.9968243815434643,265.8057931016599,1.1192321281163613,0.00024407164796736837
35482,-2.0643554216976057,-12.181165894002628,3.169103857197041,0.8738012638569198,468.8106799589816,0.3299389566628017,0.00024408587616180604
35483,-0.8128370708616224,-9.023132715863502,3.6293998528758165,2.5430066689140323,197.83004350261606,0.41623858787450985,0.00024411800828037339
35484,-4.971928378951988,-5.794350960973689,5.001649487832937,1.1540088773625663,297.66515316677567,0.24179542282408217,0.00024412855736019698
35485,-3.352356451709893,-12.920874976061501,4.450038003677668,1.169775813338068,300.9671814590495,1.701462924955277,0.0002441518328398786
35486,-0.19770167807968342,-12.889473225966547,3.1527140732702974,1.2279683741597476,256.99132371302983,0.8696021889577592,0.0002441653713961268
35487,-2.8286693326990626,-7.4626014899638236,0.17415354255891155,0.8431659095979063,467.5055432909854,0.19488784587664743,0.0002441713320554701
35488,-1.1015682147002313,-11.934396317995294,0.4259552798851833,1.0892688534904462,468.48744299387255,0.7991787154461871,0.00024417716974423775
35489,-2.047969615595008,-8.623401264463979,3.532918538655187,1.845008354968978,440.84573786172587,0.5180071024792667,0.000244182160351771
35490,-2.197728169344887,-7.984834903616507,2.7504184926814053,2.0324218591336405,404.38195038571337,1.2462207702938768,0.0002442164116109855
35491,-2.173067303783763,-8.016181175994532,2.854434704016584,0.9488144835341464,339.62265305450626,0.15391353143832198,0.00024421934165857074
35492,-5.1701692568509285,-5.465042330779866,4.7179518514990235,1.5537933833101605,467.4663054483144,0.624092474745713,0.00024422169032680487
35493,-1.01691567000222,-8.030350410031712,2.813020669267841,2.431276976103171,404.5198628514601,0.23360059276581335,0.0002442430529841205
35494,-3.5877284865463928,-10.427556552001798,4.983723069811289,0.9288282294578742,263.3413874400593,1.700234064396331,0.000244256021201334
35495,-5.067909718260653,-5.51001681466004,0.824519348666261,0.896146825805189,233.32621929395927,0.1642512483230547,0.00024426145128430117
35496,-1.0379909987088176,-8.013157049478213,2.7728489015768707,6.2545453280182794,343.69740130994086,0.20156329279135932,0.00024427338358429365
35497,-0.25855029914012384,-11.742344770414215,0.45880511358242715,1.1894918682099127,308.2511034919701,0.5030430869519753,0.00024428581006866423
35498,-0.30097511360028584,-8.267952152597001,3.2374498738426203,1.8635869951601447,468.6632007825492,0.3260075753957521,0.000244298320789348
35499,-8.338742157239746,-9.754907366796767,2.1839709871655204,12.579703408555016,519.0448755598359,0.08663260387139449,0.0002443268317901543
35500,-0.25319349611474706,-12.774289181499414,3.1967152142680657,1.9015450350722845,458.43987179567677,0.6237906374551399,0.00024433203598997103
35501,-2.0139781688747647,-12.412677087181462,3.1646930864078286,1.8841505043974145,468.1338118818912,0.2482142501939979,0.000244335198915544
35502,-0.7835459628816821,-12.522856930467489,3.2739977201685786,0.8913003813386261,251.59130042548665,1.4204668642134548,0.00024435532462913507
35503,-4.479073735495506,-5.68694057104836,1.0850009439661563,1.154233587846931,289.7549619244386,1.3356831162084415,0.00024435890234172426
35504,-0.284969409675778,-10.847932207501707,0.516429693771904,6.4116857244539585,497.39839323039064,0.025862336800707375,0.0002443635730836085
35505,-3.6192375123609155,-6.173655587442819,0.9245611088157809,1.661704640928396,468.0787727418837,0.40361799469613135,0.0002443695701704017
35506,-1.8461997837739457,-8.154791597050831,1.9711841325209203,1.8824334331590786,467.8531743253853,0.17854079895717145,0.0002443838135635956
35507,-0.38253145151769097,-9.032390280915317,0.9063985042973426,3.0771511619949887,235.81465758879384,0.30695377298280935,0.00024438515336080817
35508,-1.045091163381354,-11.239252466834253,3.324543227271174,3.915036814497642,559.8845457480649,0.7298927814735583,0.0002443866217312366
35509,-1.5017588144038623,-9.25557016127374,0.836585711501229,0.9258467123431002,258.6463779275977,1.7454154049010144,0.00024442837663693115
35510,-0.0428133737427423,-9.721420070120846,0.6393727276528887,6.03953973017081,613.1702160981714,0.16657449572578553,0.00024443381869736284
35511,-0.34100815377415294,-9.031221484553615,0.9075090573253682,1.0379841189459418,276.30915859380883,0.8954607013251987,0.0002444360325592028
35512,-1.5590654639180048,-9.9372552960114,0.6140546656528755,3.485622306019879,535.3871263823137,1.2335927398850526,0.0002444738402357594
35513,-3.4107139433973774,-5.471513444368835,2.102340178543747,0.8656240927500556,206.08992752292522,0.7648526212705278,0.0002444925866641278
35514,-2.8494146924008925,-6.073409146579424,1.3534210952612393,1.0094138106525357,410.8429098902388,0.2636086717702488,0.0002444982566236315
35515,-7.887690870802146,-11.42422033607242,2.7248007816148494,1.4196651660066666,322.58044602130104,0.27001900006284263,0.00024450070581554515
35516,-3.787185147491919,-6.031946599749545,0.9527178289497973,1.1710662646042331,211.89848282277643,0.04053835754220625,0.00024456989086160924
35517,-2.9100029961290597,-6.0929922731273445,1.6775887105568854,1.5727459559075563,360.3549959190321,0.5487775730384064,0.00024458402502511273
35518,-2.4764208968231918,-6.78239406336232,1.2789539701707424,1.7222712562118077,402.4786360034523,0.0275739395954675,0.00024461259738607904
35519,-0.7750672814584476,-8.337673823958319,1.722816857040394,1.484234696130925,338.03278550198405,1.2500003172902074,0.0002446208061084809
35520,-7.251110996837777,-12.682675034192751,3.8716505022135106,1.9025467379130272,468.714675247994,0.3950458699743651,0.00024462222729682454
35521,-2.0918554628877795,-8.222795197495744,1.8582717894916825,1.0756457297921145,466.6990593178178,0.056665179885213135,0.0002446530266813083
35522,-1.156093295858648,-9.311436086541294,0.8174278913624377,0.4501345755287923,113.0086578944267,0.3073410525906084,0.00024466990136203475
35523,-1.2863341532587675,-10.73953496662454,3.4598679571465203,1.8578342748156642,467.7540760611,0.42323580053375487,0.0002447275029698182
35524,-0.02893852934620611,-8.731282480838944,1.1292786884916675,0.9037939019972835,192.37330487830556,0.9647238407364211,0.00024474258573138396
35525,-4.712627253011409,-5.212922333378585,1.2783908105865935,0.7207579482257225,181.50315017356732,0.35074159051993004,0.00024476584409654427
35526,-1.2359632988622309,-10.735799805179546,0.5051245059116978,0.7565704317773574,468.5168649830699,0.43149380880916244,0.00024477918720465486
35527,-7.946399259054946,-11.674993083381622,0.9487700831931911,0.9102619640844866,182.19667500798198,0.3474526636449804,0.00024479043664526285
35528,-0.37685172765854524,-8.494341375908482,1.4986951141472158,2.205506297344727,426.30048695564864,1.762776157739812,0.0002447912336878703
35529,-0.5016141126382312,-9.816461046413174,3.658483902061845,3.301892863890507,521.5396813282321,1.2149418988473597,0.00024479694049800096
35530,-1.071622527793469,-8.144025130178708,2.974504173429566,1.0660493326128344,277.9944523330049,0.949218300587952,0.00024483018884507583
35531,-3.7579420837254593,-6.809979540608494,0.2639118772105622,1.9364636816948553,165.658125789978,0.34797822520152266,0.00024483121669683955
35532,-5.0943774066726215,-6.745254764229437,0.04778544603378339,0.8910018531653764,241.62498532606548,0.7027107416689118,0.00024483568352748873
35533,-5.240218694580448,-5.60248362539007,4.989296046398469,1.1205787040600774,289.5185172764866,1.1348618887159985,0.00024483691618826665
35534,-8.066891428151841,-8.632827741909942,4.89094149335062,1.7023486334467421,397.39828976004657,0.1983568224248211,0.0002448667061893143
35535,-0.887029891791677,-8.489712160140481,1.3271627003392974,0.8648372083158635,210.483546982821,0.0025337494017163564,0.0002448817970312842
35536,-1.271981072658301,-11.832775867954929,3.2610355123977346,1.5054504113087832,467.94589766944637,0.5909461460438772,0.0002448957979975954
35537,-6.148714311877304,-10.87602351687702,4.8138353888306655,1.1894709707346074,297.0680553718286,1.0115325027144975,0.00024489971521053796
35538,-0.8029445669801447,-8.550896912852188,3.4938947802710354,3.663954879247657,532.6127944352943,0.36335009781167393,0.00024490678421846667
35539,-9.143351466164978,-7.014645866516806,5.109718207535074,1.8648511033907027,467.32024023706344,0.22724192833280288,0.00024492452263462393
35540,-0.281024477574233,-12.50296723702666,3.2059042096906953,1.0050316268232993,466.150999663347,0.5885639637955151,0.00024492842676319764
35541,-1.1096357849062972,-11.761992744270245,3.192420990581365,0.952412188111321,250.04282146400334,1.0874437003021997,0.0002449356378082031
35542,-2.6661104877396955,-6.399098792137294,2.4707518680685325,1.7606341125471692,376.64765317826425,1.9594923621756735,0.000244949324249972
35543,-9.990162187983112,-6.15497531312146,4.064941754398814,1.0921758317778842,286.1921908898223,0.7491560881797001,0.00024495027653871897
35544,-5.5621197727432214,-5.753110459668106,0.1512491499969783,0.5140867277207156,141.66162946783632,1.2144536625684639,0.00024495259012143256
35545,-0.022095616085632486,-12.865824463531425,3.140309156250764,3.2580834305757835,517.98413265732,1.1879841589455244,0.00024495949560074116
35546,-2.3935659960952282,-11.198164435088989,4.978534271572386,1.354140045796838,319.7597362824067,1.2804718021322676,0.0002449779863098746
35547,-0.5382087746346063,-12.950702720973249,3.134348013957616,1.3065479367236168,133.56347408561348,0.34756381771546696,0.00024498386269718127
35548,-3.7045736644284037,-5.7543756593686375,4.17833864504046,1.6627188071657635,468.3433875319855,0.04424158614082696,0.00024499552807933056
35549,-0.04493938903270944,-8.32630787917458,3.295494114192008,1.1259008156688284,167.45169690567735,0.17708730181393317,0.00024500549938239483
35550,-0.4424926857462417,-7.985331866774775,2.3721768204319797,1.3293487727423716,323.0936908385948,0.23398295575714734,0.00024501352298314966
35551,-4.495062434139338,-5.080634056456343,3.348820207399227,3.3214722620281707,514.9388899232641,0.6603922379086331,0.0002450211367282138
35552,-4.246217276100043,-5.789730862342403,4.485613182472347,1.0778887358480125,468.3171320071701,0.3752352667689154,0.0002450241952282748
35553,-2.012403163979444,-12.759168835347063,3.0667315707888734,2.2886419978841155,434.16005546404534,1.4814230106317412,0.00024502699410270767
35554,-3.941894730562071,-5.5937767451371325,1.8164025035445561,1.7739395912402398,375.92153945115143,1.2954254767428015,0.00024505097723270396
35555,-0.9712563089814488,-12.109886749783497,3.1793014029770235,2.4583648220663377,432.59570450723396,0.5004707218996929,0.0002450603279261568
35556,-0.21644197982571178,-11.311109099422314,3.3033195303511054,2.590895964237121,458.6661284662411,0.8944648455114645,0.00024506471545046994
35557,-0.9005454533669326,-10.248610257985815,3.575583338709859,1.0680109470955381,278.5823709060749,1.641280611404638,0.0002450677682060779
35558,-3.2726177528355507,-5.7038045460253795,3.9777668140382545,1.8478447892735859,468.31710343686734,0.18795836474416294,0.00024506830866840283
35559,-2.0783339360146016,-7.8990626432200814,2.7454604507632236,1.8716952872158843,469.13585648673103,0.04377642190734843,0.00024511625496267324
35560,-0.6526907589402029,-11.38660275946831,3.288338498954551,0.8666813692262212,467.8934744977081,0.4813288601099144,0.0002451262872647087
35561,-4.270991046112879,-5.151096862445467,2.667293228657098,1.8046595145546858,467.95048418229624,0.5700416967364097,0.0002451832378325776
35562,-1.4940343741407744,-8.187766722523797,2.063691499872993,1.7942139419348908,210.95975471769063,0.4157631682821208,0.0002451839991170422
35563,-2.1846392556831953,-12.564679079676356,3.1509052164403855,0.7096046373121029,199.85224081956846,1.3169699070414387,0.00024520992541899266
35564,-1.6326369741412776,-9.686389847733832,3.626503954447389,0.8338843220502091,169.1326325505058,0.09436373520526598,0.00024521160380625007
35565,-0.24007700801998055,-9.627451626224346,0.6523918981376519,1.6783231692167575,396.0234702308276,0.7358793183979833,0.0002452207758871241
35566,-2.1137027278086373,-11.147118336031342,3.3357338292936936,1.028392459115983,204.05489127625526,1.0913864130379158,0.00024522792425176815
35567,-0.6301021490799688,-11.884839777418055,0.4336945236151044,0.9751226766504936,271.3865983822057,1.8502450429322854,0.00024523284643108723
35568,-8.202772111291937,-9.189225974188602,3.7838866251119794,2.809058447438944,484.11571005552116,1.7120961062578859,0.0002452448710387139
35569,-1.7083862922548398,-10.76248632943056,3.40926731813068,1.342161525143912,302.4641759297538,0.014175831832261565,0.00024525192024407776
35570,-4.669150947577911,-5.289807780416457,3.7287091359137174,1.081897855814389,271.0157566783736,1.0274575208817476,0.00024527795940911017
35571,-1.685715217787621,-12.806540821777276,3.1456665266198787,0.7642360201098036,227.65485370259464,0.790334363827971,0.0002452907601934759
35572,-1.0884985317485079,-8.59220296452116,1.3538795028570436,1.1683952228212666,300.1020744077758,0.7876193944334515,0.00024529884202099456
35573,-1.487848635108321,-9.779256803280989,3.660093332640979,1.9039601979350187,468.2975074183143,0.33180707475605065,0.0002453159876896914
35574,-1.7282112122716082,-10.533300717903995,3.4879355178513776,0.6042523141170718,178.76600073883534,0.9327499333499665,0.0002453171081713689
35575,-8.00180010361947,-11.1068294739353,2.325243309935393,1.2846368778525252,266.2236544287778,0.42867069231640986,0.0002453690676991105
35576,-3.2018960410501514,-6.878179001227988,0.35445941641113987,1.4189301084894064,468.6497197574619,0.18244344224871067,0.00024537281676297523
35577,-1.7728069867207488,-8.448458528736243,3.4205295217138456,1.2781165177730682,271.6747493193043,0.2885986764655941,0.0002453754706098022
35578,-4.106402320228769,-6.110311478063737,0.9027237038021024,1.1060891742556112,261.35075642960834,0.5243715593620859,0.0002453935274013015
35579,-1.14553517281362,-8.344802117614265,3.3086403189311557,1.6317857232592243,379.18326060207824,0.9243639995052311,0.000245403937868288
35580,-0.040637172980718006,-8.289277453678181,1.8193269675686967,2.2737897076674476,430.42287645017836,1.263332267047022,0.00024540826991619206
35581,-0.4178994607975124,-12.51149630209017,3.16919804558484,2.060431551328906,411.30086221673037,1.901100045498974,0.0002454144916584381
35582,-3.9185564282940897,-5.404955837272783,3.125030872376593,0.534545799772556,162.94913306952117,0.6163229043698024,0.00024541848124974054
35583,-0.5435271100354022,-9.325347994093315,0.823825844154364,0.8817953392626549,196.13675627762558,1.125801968262194,0.0002454583220785707
35584,-2.5169496504645075,-7.198721380128252,3.358960249972641,1.0864170390482508,254.87410614114305,0.9916576426107762,0.0002455095149459236
35585,-2.2133673113164596,-7.987177157740322,2.5605036259270486,1.129079979612511,290.0633868887753,1.2345190846424305,0.00024552181033576714
35586,-5.385947769382161,-10.373255657381321,5.05487133121475,1.211467264541157,217.11257563631014,0.07372586409962789,0.00024553937689973237
35587,-4.286976859017026,-5.421974783460285,1.9168047260795924,0.9508327864848299,246.57516438617841,0.9175419594107455,0.0002455473009786401
35588,-0.321977673039882,-8.039490673166647,2.869011274158857,0.9279308070342257,259.29228716884546,1.325908118820612,0.00024558521331830826
35589,-0.15413557921425003,-9.266167202093317,0.8324543856389512,1.2198843877763006,468.5256568484569,0.6657946763662244,0.0002455960840240175
35590,-0.139736353952987,-11.119701765203327,3.338058126538761,0.8909025316315542,250.08664532496067,0.5517343226625515,0.00024559621360629584
35591,-4.993782471030178,-5.26395062008851,4.241999687155957,1.3803181010188805,298.6972978438164,0.46277268977735364,0.0002456078353358807
35592,-7.701239995265678,-11.913622191462796,3.1662382747192237,1.2758113498676449,317.07053759397957,0.3443088582101499,0.00024560808166683
35593,-1.892086298088488,-9.181012608699815,3.6456308698663458,0.8670740057322804,219.29186460091282,0.8337319378503167,0.0002456289467329726
35594,-1.2690623116347943,-10.593469076527445,3.4832630752955964,0.9233118771311607,468.3632444082966,0.5225380949541458,0.0002456373145662819
35595,-4.70854859053754,-5.563953773047306,1.3095723035407696,0.9069335435146527,207.11267233220755,0.07130705888809175,0.0002456422755052067
35596,-2.720621860507613,-6.407196315135651,2.189777043404165,9.2406828003804,660.9637396668701,0.13411327926758698,0.00024565147528014634
35597,-0.10991484906737625,-11.861577952949443,0.44930492770560604,2.5214621780500286,441.22486707825067,0.23480808350807347,0.00024566364888129166
35598,-0.18437775193755535,-12.782940775666715,3.142720287095817,1.0540743072832046,186.6548605635309,0.1140591259305701,0.0002456972384088573
35599,-0.36667982813149,-10.162781416780033,3.5879364225175876,1.9214397116692388,394.61994345913365,0.5194346655410689,0.00024570394309846196
35600,-5.053716970439329,-5.351570828584717,4.452612542350762,1.7431764448739682,460.1443713207869,0.4074413825766623,0.0002457087596571947
35601,-0.9572128457540323,-11.935724638178216,3.1864150197993695,1.8603316749184087,469.01501052941575,0.15008773262149155,0.00024573261345530367
35602,-0.7259908668336319,-11.247087076333413,3.3104338552489327,7.8227265443018625,516.5825623129379,0.04364161371221975,0.00024574199416772504
35603,-6.968225413159849,-11.573677326594378,4.2928400067753785,1.0224512141693611,267.4906804753637,0.39790989255779063,0.000245748934404582
35604,-4.482904663678462,-5.143326659489653,3.036681773947758,1.425128747094484,468.0152164153564,0.37502101190998705,0.0002457618773373204
35605,-0.5403364887964539,-8.259158853448618,1.7623662836001277,1.2903267395644629,290.397206537174,0.11742812733751684,0.00024577135633582086
35606,-0.8598317887060389,-10.35909194962699,3.5482523345192187,2.780349575991887,457.25484322019526,0.2782901392216335,0.00024578156849510975
35607,-1.3423503655255473,-11.262726429949687,3.306285086973676,1.5843047530266052,374.45264442491776,0.5390941178707598,0.0002457923746258758
35608,-4.836560467990948,-12.047669466132664,4.548969192754095,1.522282535940322,349.8385059639002,0.06615409139043305,0.00024583363477467964
35609,-0.10124027805061964,-8.020665506579272,2.7049394903265536,1.1473765250815924,295.69741584488685,0.9133035131456717,0.0002458590588094761
35610,-7.945493578387902,-11.127837512300603,0.49286348054758927,0.6557735769507821,167.04211975646044,0.11355910274437786,0.000245859623996343
35611,-7.107607932650408,-9.608239714934157,5.122731442284825,1.3442833497350566,326.62981769122746,0.5012444286815256,0.00024586920156715675
35612,-8.714276880835499,-8.489108714798597,3.688738672520344,1.8431449525233847,441.25089226074647,0.013521238368154442,0.0002458795483223108
35613,-0.7357068830979543,-12.908317401818444,3.1267063901475454,1.0924220633207395,290.4314427914726,0.6188357833695699,0.0002458970896621069
35614,-1.8928383554796273,-9.868949325322992,0.5852754288309744,1.0543993801199312,279.3823866651459,1.492737462885592,0.00024589952829288226
35615,-1.341597770050635,-9.094241139637806,0.8882878198076621,0.8346377844501276,131.48132576301063,0.3609126252377637,0.00024591295106480676
35616,-1.122681650550085,-10.418929407894733,3.5346023098573673,0.853838633101554,225.3143396847819,0.37793470762897297,0.00024592222780093245
35617,-2.218614122942003,-11.4674929597642,3.295150691535777,0.610476541801149,192.357449174074,0.5739204562549043,0.0002459308285819899
35618,-0.27884168705451806,-10.98529811647817,0.5124729087633497,0.5653488684872263,165.0048241621987,1.0526361092460492,0.0002459384675972478
35619,-1.0431704114798652,-12.5495355653196,3.196791228010224,1.5721192633260983,470.1598899718389,0.06011486974654989,0.0002459385401813219
35620,-1.3914802954304122,-8.246447108115817,1.9362334421567264,1.0360968511123942,281.5956021507958,0.7993928988461843,0.00024596072519798167
35621,-0.6384709257340351,-11.983332379046379,3.22864383816772,1.0375452441065036,270.05657682825057,1.0347402080422023,0.00024597403833930275
35622,-0.6965072461530006,-9.601265831716828,0.7143493231403067,1.6372637303537119,385.6237126497494,0.6025091701615297,0.00024599238957844416
35623,-1.220489588562062,-12.716683523821589,3.1397182173398988,1.045368534314181,205.89558271783838,0.3019131530746684,0.0002459930640005898
35624,-0.1954843863681699,-7.9508798232598386,2.5232825675906487,1.0335899703023366,277.32552608402506,0.7187113488886743,0.000246007732321104
35625,-0.926286470346863,-8.740453050554759,1.1339030499961915,1.0864285022669493,270.1570346712351,0.6885351302411609,0.000246034414273415
35626,-1.3891796007752202,-11.26474918946508,3.3037147339342323,1.8247300524328032,435.51556430639613,0.3915685143895411,0.00024603599738200947
35627,-0.27759341675516147,-8.2902050953317,1.8322627915692498,1.7045100191381855,339.6508391503833,0.47678246578966554,0.0002460394498395198
35628,-1.09688268716139,-8.003978738224589,2.4871418121378936,1.48059518018942,332.232044243434,0.6888815865664997,0.0002460446001295125
35629,-4.241901569803394,-5.453967476884356,3.80817582101115,1.5531955417570058,357.1985309464983,0.5946972084598352,0.0002460671992712167
35630,-0.7232940970804496,-11.702715741598391,3.1906049811700634,0.975162452508878,136.12529989219132,0.2895148337061366,0.00024606782478973286
35631,-1.681975371606244,-10.979782583208536,3.3644165570160207,1.6309774335994507,379.76340073509346,0.22081388321998574,0.0002460834870739672
35632,-0.573100586840317,-8.19823971530612,3.1174570487620508,2.3230884044058864,439.1677601798101,1.905062769049338,0.00024609140313778117
35633,-0.45650734690751804,-9.637232846417263,0.7120363156531614,2.412813346217541,410.6011083634613,0.16172339002221126,0.00024610238087995284
35634,-1.437880967815122,-10.775793558737236,3.410288066667578,1.1279824819475903,290.4659681464888,0.8759151565824341,0.00024611455550705065
35635,-1.9724364229854228,-12.509889424887533,3.161680856707098,0.8711605453368163,467.9904272833137,0.9017711716746328,0.00024611923092764
35636,-1.8148012106405336,-12.490752444987859,3.163041049365377,1.0353768351705603,133.76357292386012,0.3119253149172687,0.0002461563635528593
35637,-2.040212988775785,-11.085070172092356,3.341012286271631,5.326136551837548,375.25233802026827,0.15658157399600636,0.0002461590800719805
35638,-3.6926131160282427,-5.230654424659355,2.6591715696181337,1.140986025585231,272.2788520186283,0.4278869661093383,0.0002461609850041116
35639,-6.238973435889198,-11.83950616436579,4.566795586849209,1.5094026474752655,249.72652145935805,0.010800523037068466,0.00024616742314123954
35640,-1.2546098505877232,-12.036150586948535,3.1775855800154975,1.8140161683483789,433.9364050559063,0.0006858453850187018,0.0002461722787027298
35641,-1.5503657946008893,-10.885611369784062,0.523492865316046,1.8030170671464578,468.3426876781011,0.5146535870732967,0.00024617464050349214
35642,-7.653905884910831,-9.075696148379123,4.999903911782151,0.9170078944764817,243.3815876956894,0.9504705314008577,0.0002461765742292992
35643,-5.139582305308835,-5.4293874180219825,4.538327680801333,1.7419930689999787,468.1157274418068,0.31849511937414565,0.0002461857325653146
35644,-2.0154449968027057,-9.336093959912937,3.6751819021905425,1.583611530128917,364.64310305299836,0.3640985141851072,0.000246198460518298
35645,-2.0984812704518374,-9.682452588459682,0.5870848061106564,1.4288152226048996,335.4168781295189,0.2585706625785029,0.00024620493441077047
35646,-0.6896550621715107,-9.307275058714419,0.8487663893767429,1.3655458965697,296.8084695885196,0.3751193027036388,0.00024621622355167403
35647,-0.3440123259644263,-8.304010188665295,3.2418092110492918,1.197621556486547,263.51628934891727,0.17015557547768712,0.00024622082175612236
35648,-2.6592372851623436,-6.683335015043551,0.8151700641550286,1.4975407941851977,338.6171836891381,0.3590146609528704,0.0002462347648473894
35649,-3.175411351779802,-6.284125978389422,5.143550805979362,1.742519291844844,411.09445911835365,0.329199869000969,0.00024623972657201597
35650,-4.552115539356217,-5.242464211060272,1.6699594749540394,1.178855988982596,275.4748792528219,0.4715687148204326,0.0002462506853375793
35651,-0.5799191219127948,-11.984965465717488,0.46251078883142155,0.9059922127913993,347.8985123967096,0.5883734408670191,0.00024626389681006836
35652,-6.685105141603911,-12.818394515705208,4.3334246410068635,1.8468831762180196,469.1743716767567,0.18364402256966006,0.0002462897759545854
35653,-0.6951194733224515,-11.54301613229673,0.43848526136247096,1.935334522574548,286.15582157552666,0.49869249710062924,0.00024631637092887584
35654,-0.1910562127943436,-9.968271473011127,3.613043265315895,1.0465176695193876,248.3977059632024,0.3147892642359631,0.0002463237871728093
35655,-4.281339055103811,-5.816246189497718,1.0544553295621406,0.8962672170364251,360.9642516859722,0.8772584974874915,0.00024632661543837973
35656,-0.845614019469993,-12.095409826250888,3.1748919544939627,1.2501945640603127,295.4353005704535,0.6460729852488436,0.0002463342737722177
35657,-0.29397420990917844,-12.435591610596642,0.44185825654220107,4.257157551630007,539.3072013241247,0.16452384063074277,0.0002463381330574217
35658,-0.7970803727437499,-10.456240754440486,3.5233492143607537,0.8934677745881356,225.76816112695667,1.0942603055714626,0.0002463457970594582
35659,-0.20942577284851893,-9.401580528105526,0.7728002716163984,1.479245986323388,467.9651590212515,0.23280372869965316,0.0002463678381503692
35660,-4.622473346242149,-6.370449620005718,0.4563657037335674,1.7170361720865392,361.2867445291143,0.5172848919061694,0.00024638137300096545
35661,-2.096744136868711,-10.981030005997557,3.386725287114664,1.5080216427115223,334.7488474768799,0.613255882837632,0.00024639173180010987
35662,-7.9137853417049495,-12.811223404474028,1.727823446322609,1.6022435393739438,370.81094029789773,0.9632798473408499,0.00024641773869808645
35663,-3.198431146601333,-5.804643763540993,3.8052630776178247,2.8518362392942525,488.58782087134114,1.9827545626395136,0.0002464184574846514
35664,-5.574113932828074,-6.129106663772162,0.031957977924786295,0.8738947648194375,210.3410552333952,0.927055015762769,0.0002464349357216858
35665,-2.718703375876583,-6.942824025500348,4.3271056451687455,0.8778873250148445,468.44024162631274,0.8535910523173031,0.0002465157737754932
35666,-3.5811130937833777,-5.92145272484026,1.2150325985474455,1.2419038847655486,267.26650816497715,0.05090549154972912,0.00024654609224477355
35667,-4.471759667615699,-5.214697419838641,2.002215935445401,3.230326379433567,300.0502896609617,0.142681094184689,0.0002465461725961833
35668,-0.8064032430642616,-12.940339015876528,3.116399923274793,1.2314450853799577,297.0407098621332,0.8543764004809811,0.00024655266681144426
35669,-0.4440075340401233,-12.818135598632084,3.0582228667241824,1.310850456177954,315.5554098745423,0.634328563479996,0.0002465529823016428
35670,-3.400025445162836,-5.790082972157257,1.6215584689249,0.6497549767369016,133.41907828335763,0.19617228060935155,0.00024656413558922535
35671,-2.0882505078933153,-12.41529662057368,3.156168176573532,1.5024471621968611,346.5767231132076,0.3806207904121237,0.00024657452359410763
35672,-3.2430445981545297,-6.139909862439217,4.958274069353104,1.8620812404923675,447.54951460915726,0.28288423270188634,0.0002465799162670164
35673,-1.6613628475040159,-10.872451727831425,3.380948022210514,0.9452134925881303,468.31916522010226,0.6724857237860062,0.0002466018298536807
35674,-3.8041962036604673,-5.8235425236769665,4.312563918986277,1.6111806481066089,374.63955281918345,0.7129870149323247,0.00024660837527357924
35675,-1.2001736773926908,-12.655391701817727,3.1377497209401244,0.9857547461709422,257.7070811497426,1.4420628244443696,0.00024661509592072747
35676,-2.927230105243753,-6.662099049549276,5.100842982491711,1.2560562076691888,310.43454110739793,0.5187344825590037,0.0002466207493926545
35677,-8.240487452942983,-8.338126726149401,5.0027673771035746,1.007793321375317,272.1389795980349,1.1131517365837977,0.00024664967906733843
35678,-1.5045879408968705,-8.234681095252872,3.194918249339495,0.7934648790503718,161.3105683256096,1.0098271000631334,0.0002466524290219858
35679,-1.2512795739567455,-12.038629753705484,0.4520057240587841,1.1346080014269497,466.9169115290403,0.6067779272085412,0.00024666172036503505
35680,-5.381332921948617,-5.93121407706189,0.2508894238011198,1.2094324692445932,305.42404987436925,0.5819564308825154,0.00024667571928060135
35681,-0.7677095256646727,-11.056797915336917,0.5130756349616369,0.9126808668318243,467.19615578038764,0.5945893530996651,0.00024672205917684447
35682,-7.9123614577473225,-8.966715360325601,4.705264432617433,1.3099330821794712,321.5218647114419,0.2934011146059641,0.00024672390307328213
35683,-2.2292473903151944,-9.90850869226391,3.5951115525174644,7.482964980098037,724.443575206953,0.3816940407031808,0.00024672590790291885
35684,-7.565565649520722,-9.556063405182881,4.608471201569662,0.8691666843095202,468.0943089853262,0.012547039920565162,0.0002467568260855302
35685,-0.20713055914225187,-9.98120346202604,0.619332664074677,1.302752066533933,288.22583535688335,0.061371695337266274,0.0002467721678379869
35686,-0.3311939316818844,-8.299919837756,3.280828288272161,3.433869449893026,522.995015251315,0.6381881584873197,0.0002467936545139077
35687,-6.923179085755952,-9.950930617210322,5.000137960183573,2.187065239453537,422.7030662685059,1.49724354820464,0.0002468046058419742
35688,-0.46828735922117914,-12.60001227146778,0.44409383145961817,1.20052713699321,289.9792263765531,0.4982713952668645,0.0002468055245533267
35689,-1.5817230492698684,-9.318237428407452,3.6708286199822915,1.343034113449709,304.7253636454149,0.18392375393175797,0.0002468444309806271
35690,-0.024876600614264888,-10.94930350839088,3.364618445953527,1.173237855371167,298.02910844510933,0.2564767660759202,0.0002468505878995005
35691,-7.171625832078459,-12.099198274911553,4.016833444430423,0.4999483805195647,151.5475277501512,0.7443718831197499,0.0002468600365691544
35692,-4.654881862085603,-5.2106715694291585,3.5560020190314456,0.691053424556869,411.5327300327048,0.39272157860221935,0.0002468605236096157
35693,-0.4043946766816422,-10.034499487740197,3.603613315787214,27.652765911579202,785.4388663539886,0.10831424169853943,0.00024687559058610197
35694,-4.366865148212885,-5.125654774022453,3.2545514950273544,3.5362547765011425,536.5259627597563,0.9199185865519768,0.00024689319554869674
35695,-0.5079282606114397,-9.99246106952005,0.6176497953535416,2.393236380757318,447.5547603831707,2.254704870038325,0.00024694063318477725
35696,-2.9958958563987883,-5.756219354743837,2.523330033204708,6.479918629660153,667.1775461310934,0.23890095453629367,0.00024694696161293794
35697,-0.8175145376685826,-12.750919357689076,3.126038066215968,0.5539661519199208,115.56051292832825,0.24188395538949514,0.0002469658661889276
35698,-1.2901036043233862,-12.954705600857293,0.4712674829810914,1.2126591311133106,309.4418638454644,1.5292036220185148,0.0002469882409816433
35699,-1.2812388293458348,-8.117237495781218,3.002603069019774,1.1744875879344492,143.9760397061323,0.38650126071069657,0.0002470063874052396
35700,-4.495843425478842,-12.567503621213516,4.486566489108098,2.433214011970075,217.41671176041461,0.22825702198561437,0.0002470090423325779
35701,-1.5146719632047052,-11.901135914498143,0.43050461055502054,0.7448981881526971,218.9720308879089,0.4170576217239672,0.0002470448951755549
35702,-4.0448504731305785,-5.567547074259745,3.7454325025963606,1.3132254151844367,278.7782978686369,0.39581191963986573,0.0002470541852563424
35703,-4.264918504182528,-5.030386491911114,2.665334846068907,1.5026941018151334,348.131553920681,0.44241373428119335,0.0002470654622044948
35704,-4.380358463626639,-5.163285915435918,2.2254403172574406,0.9762136818283003,193.7951289592393,0.8396773743785273,0.00024708485334708934
35705,-1.988936753651867,-8.219134330791945,2.0296887208390575,3.270776500824102,520.5730545930245,1.443430602255142,0.00024709138617107993
35706,-4.825910916387292,-5.155860935207902,1.6151288669596764,0.8745960424279295,467.65616946434136,0.10068473243499287,0.0002470920675769492
35707,-0.4342711806734876,-12.314558407761659,3.1705368361211947,0.8113781911840431,193.04563759995847,0.8741510717989938,0.00024709616865933827
35708,-9.577318179082141,-7.49029072223337,1.7861968125333223,0.7907556694516864,466.7094558176475,0.5108374298765961,0.0002471560318806321
35709,-1.7909191232252581,-9.322432248400624,3.668815316069525,1.0407287416924358,467.3300400798009,0.18828859411630194,0.0002471712461114289
35710,-0.7726770871857962,-11.678171913776984,0.5012455949425408,1.6551104875395364,390.6104733038026,0.9339916204083911,0.0002471731244235321
35711,-0.8944211087433072,-8.553374653293421,3.4554822537742957,1.0051166933968612,277.3563927941245,1.24106134814284,0.0002471817555137095
35712,-1.7443719632446069,-10.344987266716135,3.5407071732269375,3.02019393689785,498.52526868982625,1.140738164896872,0.00024718290461390617
35713,-9.342562127525051,-6.715712676681969,4.971542319433706,4.264836391827176,583.7300543241511,0.8031509835671047,0.0002472138374681417
35714,-1.1938584797068295,-10.962725717480476,3.358635858392009,1.9091150890896844,389.8541154500492,1.2937977867490922,0.00024721961588959157
35715,-0.7348359017873367,-12.553330190768484,3.1446120049391784,0.9869867089056596,256.6933178961638,1.6192159865496407,0.0002472273497994655
35716,-0.25912459788709796,-9.493722330435725,3.6414313290427813,1.3082586317937632,467.98861014835364,0.3628859358962542,0.00024724101944267814
35717,-0.80043163865985,-8.029782407941118,2.6964676091941406,1.84457428854747,468.8386432386923,0.10852674550757069,0.00024724334845209825
35718,-3.3518272897142163,-5.305556402628586,2.391645527730895,1.1146063253964573,290.2349989573586,1.5671843665263134,0.00024727297860100604
35719,-1.077259553043307,-12.345166446977352,3.1651539103521076,2.021374956741949,406.4729545598231,1.781111605376661,0.00024729084984741363
35720,-1.4429298541873656,-10.942100461746604,3.362495465047948,0.8291545940373648,206.75569928283926,0.3181908955001491,0.0002472972993820179
35721,-2.9804094862064057,-11.506816005081905,4.974854420324384,0.9683750678769667,171.46054738939125,0.1523671202155441,0.00024732644150287514
35722,-0.05882607286642205,-8.052214146782077,2.798083063156961,1.8579131409566596,468.0264616774443,0.33422900287484847,0.00024740990540233495
35723,-6.979565582876136,-12.869597667550343,4.1368571766670295,1.3549328218693886,308.20194518639994,0.5573791938340102,0.00024742076884868696
35724,-6.0629304153382915,-10.186128046463786,5.153935549378192,0.5241368346498341,148.85312627857243,1.0376653320651066,0.0002474242154127609
35725,-0.4421190448220855,-12.653848752846102,3.1287389010403714,1.1180823709694332,289.48289843418354,1.2845022824976118,0.0002474299714545285
35726,-0.689906442375122,-11.719953056766593,0.4681461340035895,0.860670909727997,467.3607787836378,0.5441737188332683,0.00024743772439409585
35727,-0.5046945164460599,-10.512445329221224,3.5035604207853326,0.9239578189506638,234.95119368872267,0.3743456880064686,0.00024744327328812685
35728,-0.44062618299111556,-10.439515018411196,3.484047464289491,0.6557087377594523,467.1971681175774,0.45587403344969246,0.0002474554846200974
35729,-1.7226249193947858,-9.767639915913438,0.6326591158345299,1.8754408211564384,468.24471499037196,0.047852924922624496,0.0002474628762029496
35730,-1.6890051275221811,-12.399787762312904,0.42275277693845476,1.8788584834622553,468.0520795811269,0.07635463764004502,0.00024748382159291447
35731,-4.084521598519892,-5.621721171304591,1.7047400480173804,0.7113545851868074,149.5809665443813,0.021537104245357597,0.00024751590734084516
35732,-3.4678016569151717,-11.942977429130561,4.528766955075681,0.8433626507083912,450.1793358829443,0.33039560062378204,0.0002475630296727381
35733,-7.268073592410782,-12.486743400756666,3.8603737166995535,0.6283789635258508,178.77005366446397,1.2082277950221991,0.0002475814157523051
35734,-2.0708217241034994,-12.276895081773754,3.144913924018573,1.6421703786063944,468.22182263867484,0.42908572246188026,0.00024761574806306225
35735,-0.3766964801763528,-9.407338241326721,3.641521864183454,2.5406089023311376,223.20932096707753,0.23261731937653263,0.00024761946536179275
35736,-1.799275434893687,-8.37456082637876,1.71164887795041,0.9530692944538732,188.48265048734197,0.33983984153748015,0.000247624953091952
35737,-7.964468462016306,-9.065255891457653,4.47400348081576,1.046444615778336,467.13766398416817,0.06494099509669837,0.00024766411082993006
35738,-3.495380363460119,-5.689123471014062,3.9522399944225817,2.4629164547255833,445.79361400937347,0.9951837317201759,0.00024766673013117325
35739,-2.074957774242053,-9.39921882075375,3.6409632304550166,1.2059182221261067,246.4980584741866,0.025443775262908197,0.0002477297876201773
35740,-1.5868823811142114,-8.177819230396533,2.986076673042619,1.0725575802753264,279.3603420336493,1.3851996519209786,0.00024773703792609937
35741,-1.1333198619033453,-9.36598035359889,3.633802404190378,1.0794519123825461,468.51409345572387,0.6529401513715456,0.00024773844699566136
35742,-1.9888794213043006,-11.941722674673752,0.43407481193499126,0.6963462048500971,140.49355310688088,0.8624956790968321,0.00024774573178903134
35743,-3.6899752416444365,-5.768582219577653,1.2674906763466172,1.8771238255582412,450.82164605659614,0.571425819938554,0.0002477602010200241
35744,-4.258516683991303,-5.775801860161711,4.408136437808158,0.8251878644094172,469.4183897034235,0.10486827087807793,0.0002477842112047681
35745,-0.5326237984541713,-8.06879305341148,2.1800182631541496,1.8044621782258712,447.5542214478208,0.6101560956292582,0.0002478170922943325
35746,-9.042136563823366,-8.429264686048779,1.8767570991118365,0.8880397678020256,189.63763248182616,0.10742709395390815,0.00024786167450743064
35747,-0.3895554256608964,-12.801628498248624,3.1106487047493765,0.905959959571443,469.3100312052266,0.1655064615378441,0.00024786405606489533
35748,-3.4489102142456742,-6.191318376243728,0.8976706249286885,1.8579571621970137,467.4612963880359,0.5984596210121316,0.00024799176004486567
35749,-1.572268765345667,-8.39322953902934,3.2676764352860626,1.7224338777429922,404.47157974784847,0.06212551758738538,0.00024800336438102113
35750,-1.1609835421263135,-11.418862422670266,0.4814165302978483,0.4769087144404055,112.74947058122889,0.21927239859686676,0.00024800712589803414
35751,-0.2941726406602321,-9.54536191100329,3.630612870811488,0.6987016838759867,168.68362887674553,0.3957601009989551,0.0002480240413178782
35752,-1.4138344884943947,-8.064097567789208,2.713282785891902,1.423956272251127,337.33187677989145,0.3003508316169059,0.000248046016252924
35753,-3.4284613103467576,-5.308410187450022,2.760523289121437,0.7907678196715031,170.1685356630432,0.052316422212579816,0.00024805061416140705
35754,-1.655824993425341,-12.968346088547886,3.096510079751748,1.034785306353173,339.5446035446437,0.09206866740909536,0.00024805671531516726
35755,-2.648068387351006,-6.659169729521309,1.4639535212982882,5.400066045914032,543.0757629013314,0.08426045574081531,0.0002480615891979232
35756,-8.90860151098035,-6.958516013273,0.4405978730988526,1.1208569561102761,461.52683893544224,0.651743952734865,0.0002480737097678391
35757,-1.768270638227209,-10.776693043159248,3.446725740333349,0.9381152859174382,243.66506160714664,1.165132266989871,0.0002480904677862245
35758,-1.6998950705405953,-12.439049657285437,0.43001202143511835,1.4411418227529893,333.2401512022525,1.3837184239387819,0.0002481002886616209
35759,-0.5496332783786393,-11.821264176949144,3.2298826096964324,2.094419739853306,402.846462743173,0.8086086499026397,0.0002481009034340183
35760,-1.710063570215862,-12.978033476152971,3.046328181271635,1.0896360682063935,238.43833438660826,0.23627243966002442,0.0002481149489662803
35761,-1.509920126477926,-9.268924553894553,3.6284961161020757,1.2416442443499442,313.12090040850376,1.5420017199847749,0.00024811832412035173
35762,-4.326459371939285,-5.259467384859838,3.4628316166028537,1.2690900249157924,470.44026160115124,0.016825451525391166,0.0002481380893417087
35763,-0.5954830021051478,-8.35967210747738,1.6759909925690384,0.7911534681414611,165.14089121574762,0.13391700967176412,0.0002481695067023713
35764,-8.03428238847556,-11.032501899380645,2.112112389714112,1.7644786704134456,377.5116042140756,0.9120161609223052,0.0002481701125789677
35765,-0.8918950748431769,-7.992438424171844,2.3463812307375713,1.7413884694481516,412.19155046621944,0.6515389853858009,0.0002481805421858691
35766,-1.138729059178873,-7.9920258185456525,2.6253357574139375,1.8310035032488978,439.2035143451498,0.7507482058229611,0.00024818838185701627
35767,-1.0784842674938826,-9.317722033706163,0.8256078430046757,1.678512302047576,468.4321498777578,0.13649114295028664,0.00024819456254650507
35768,-6.224456112535582,-11.733672924688744,4.5831175384220275,0.7439144521202369,169.37862711176032,0.9825299262719707,0.00024819488288398904
35769,-0.8303427970100365,-12.373522893717197,0.47201475823869266,1.1239654827864434,292.91670713876294,0.5169284571918338,0.0002482088049118645
35770,-0.8452061542102527,-12.698857185674383,3.115396839337728,1.0015469359280456,276.55172694492865,1.423856989701087,0.00024822235452706134
35771,-4.772079125018701,-6.001045919156317,5.184104487305826,0.8449949234701803,168.82015975080745,0.06094259107305078,0.0002482404082212172
35772,-0.2564041152849743,-7.974163238430187,2.3056640940906203,1.5928823333972952,371.4194127833015,0.4347299503545079,0.00024824470939987793
35773,-9.319264754803848,-7.2242582775161415,4.602307118752991,0.8846776589961147,231.93975050490644,0.5637567369261278,0.00024825518790854085
35774,-0.6448924502520406,-9.106032463002531,3.661112960573276,2.137120729574398,398.19120548611517,0.46933922075370926,0.0002482552934676309
35775,-1.3598630443270707,-7.962284773222009,2.4190578394056175,1.7289283763772423,468.60153033816147,0.8303339060459303,0.00024826853521086624
35776,-3.63321735900485,-5.310210637426231,3.006001278984021,1.901951960726392,384.0406641535811,0.818480410657167,0.0002483139353223598
35777,-0.5091862671849832,-10.470538604554442,3.4784826480297726,1.5600992282944324,368.00753463908,0.45855467066867384,0.0002483320747496634
35778,-4.49999954940171,-5.160746071143795,3.1111407887898435,1.6846804112541276,434.39687729577827,0.15789431096220863,0.0002483329808568131
35779,-0.12506646010534261,-8.342766706115674,1.6593777872331847,0.675231427372985,468.4998921006902,0.4668164922208433,0.0002483377953608317
35780,-1.038997932411796,-11.869257250548142,0.46953456063747473,0.7434861144658939,467.31187048809477,0.34132603708678566,0.00024834410178596654
35781,-0.6630923413126748,-11.375713142545102,3.377303932947973,1.8378722305575277,468.31442896482093,0.5037159722116185,0.00024836122515841633
35782,-7.9442959846221495,-11.21589874530338,1.1949137484415602,0.5029220386927589,117.18896523693158,0.5898787590274148,0.0002483614781755683
35783,-3.159309237092481,-5.649662397800718,2.1115101893863115,1.6380647847278131,382.6815290459484,0.26689693295405537,0.0002483735646584782
35784,-0.8283111540395929,-12.943612376927652,0.46456610184584674,0.924571376706555,191.58406780913964,0.5135069087401822,0.00024841217318376154
35785,-2.222059391202005,-7.974837675034907,2.505415016939419,0.9469994158440744,266.85641832107177,1.8311470457658734,0.0002484237736413124
35786,-0.0790730176889003,-10.659023399251291,3.457657925558967,0.7040066932102013,154.33012471097325,0.10526593716505328,0.0002484302424270856
35787,-0.02590503807876665,-8.868125437641742,3.6006661441082284,2.5247855485190978,460.5576376704469,2.509227683576019,0.00024843654271711695
35788,-4.259773930994824,-5.9923919107021275,4.812458715237525,1.7512470878165702,414.89130779838115,0.2005720554245629,0.0002484572055031302
35789,-1.0296226399092792,-12.079813239103673,3.2018604342452686,1.3027426581318944,304.37575108241117,0.33844713221125566,0.0002484580288319785
35790,-1.6168437397868374,-12.89665355328635,3.0964076465113886,0.7174409103168379,204.30286806707383,1.1481382944059684,0.00024849219143653075
35791,-0.730071304892979,-9.977389241973944,0.633923732698354,1.0956212689015,283.8468125625487,1.6981649382732353,0.00024851339845390844
35792,-4.129820542005382,-5.142266833567905,2.2865114431476927,1.6441696724763437,381.1481125420191,0.9819121960735684,0.00024852510002636326
35793,-9.952850011940388,-6.85425248243999,3.833455574508535,1.812799461997714,467.89679046684773,0.5059823265781533,0.00024857558495830956
35794,-2.043941306313225,-12.749724411991615,2.954218752175292,1.1048641772986774,285.5022668349147,1.5852860401385094,0.0002486126182755749
35795,-0.901678790981185,-11.25467514998783,3.2826715061249003,2.2301835137377295,429.20659846560466,0.5177682398448207,0.0002486135839190552
35796,-0.9918380962434377,-11.778349939671152,3.2335868543934247,2.9864972040858504,499.187137712747,1.7798408797353824,0.0002486142819199014
35797,-0.0835850608643689,-11.552680576858748,3.1912060651039242,1.6791826835131363,468.07577954887574,0.7171200304327074,0.000248663804800177
35798,-0.6219412193791882,-12.941071323394569,3.0426367731044275,1.090614761150944,256.6014736322909,0.5807428850286112,0.0002486679816788693
35799,-0.9764145721451385,-12.987558606935497,3.0393422787861417,2.0835656308411106,409.1495527248689,0.663888013677691,0.0002486891891203986
35800,-3.65159113451396,-5.8754585500228,1.3825414999528518,4.541324723246277,594.1714000683079,0.48144688448377426,0.0002486906140758387
35801,-1.154753094961043,-8.0463200837609,2.607209763917477,1.6323744658684636,468.5882558356688,0.1865999916940977,0.00024869521029926477
35802,-1.1369006948555374,-10.066917514015255,3.5851278747350785,0.9014119416355905,467.9632911248095,0.6842022240971026,0.00024869634030090244
35803,-2.3345955942048118,-7.35151236320489,1.2434214886660282,1.8291918072646123,438.34417844421193,0.6592440029677622,0.00024871835187718205
35804,-0.8526885519893206,-10.591371511197519,3.496610366290585,2.7329661551169324,478.21373418510603,1.945047292060118,0.0002487287368112162
35805,-1.729978627986048,-12.667804295976824,3.1119168456534587,1.0405774169063429,272.9364270071457,0.7590906874278973,0.0002487659243739544
35806,-6.569326700398191,-12.38692993981918,4.411728169428721,1.7382382647755439,408.0909312483859,0.1016581466569324,0.0002487734564896473
35807,-1.1653846623704585,-9.712467692746884,0.6866105775025964,0.7375656939194472,468.2731598359105,0.33154621002747753,0.0002487759854692679
35808,-1.919682995786582,-10.976680815090699,0.4638205952963386,1.108305664702733,243.91933344913272,0.044065646887892385,0.00024879319456835977
35809,-3.6625463060400243,-5.368528812821463,2.7670264125005954,2.0944096868207644,414.26109386181514,1.5572535631576363,0.00024880730416764716
35810,-0.00618406668733229,-9.702737174257392,3.6178227763021313,1.6776120634256144,394.4623037179578,0.359695934280567,0.0002488192723692531
35811,-2.2428002605613013,-9.154743397926236,3.608608991247604,1.2181370442142048,468.731829594748,0.8318213805125998,0.00024882949382519926
35812,-0.3346047301184587,-12.392882392281003,3.142278797963318,6.26229478666085,537.6959117218111,0.03621936141429227,0.0002488557736720349
35813,-0.04199544252965026,-12.676363481352682,3.063116947203974,0.903290884789372,195.20607649201472,0.24579406967526207,0.00024887484090939263
35814,-1.3437397034659977,-8.81799978075179,3.5811141957519026,1.0470989705168536,272.3891718771469,1.6818071242181851,0.0002489069043983321
35815,-4.4076977537207,-5.10827395718726,3.0966727347785925,0.6972236893430329,437.0018401288057,0.4423665873152709,0.0002489243270153605
35816,-1.5475303109727747,-9.510764263514545,3.662897049912088,2.6276500902528697,469.36632696560577,2.1817215107858106,0.0002489280148110286
35817,-1.6402344748835613,-8.391853540875573,1.7266290673612041,1.256506345100511,276.8021486542414,0.463180256907866,0.0002489331080921234
35818,-1.824019176510582,-9.793176737563213,0.6353955299746945,1.4604770302669223,467.98073989956606,0.3129833312182546,0.0002489365008712351
35819,-0.69646399798361,-12.507802368084526,3.1251341003399324,0.9194886897661094,211.47125389691712,0.0452119798073225,0.00024893700621396247
35820,-1.4060150499476212,-8.7624879821463,1.1279168068187506,1.0516644875459653,281.4529552613743,0.47519793192896653,0.0002489626245106546
35821,-1.871226440542678,-10.795981267779009,0.506426740314068,1.6299179850597385,467.949010302317,0.47303912633881673,0.0002489655203112345
35822,-2.0898030878371436,-11.730397125676632,3.241716382987996,1.5211227592563719,470.232125656513,0.058813466544318516,0.0002489896974780833
35823,-3.878062927676993,-5.365292502190402,3.3418934278313617,1.9907535340146716,393.9814378608752,0.9489740239333324,0.00024899149091853575
35824,-0.44221845668298343,-11.741794033158031,0.4459849302136006,1.1490090251072715,467.4116150244157,0.14291429664080457,0.0002490257820195151
35825,-4.196598228505536,-6.087069478413372,5.102351725370322,1.1567337171715322,257.6883815058825,0.4319900832167418,0.0002490288107561255
35826,-0.7561777300803065,-11.166485425592407,0.5193577413343544,1.5008026486265535,467.98003249437977,0.3589031904071929,0.00024903427123266786
35827,-0.7981583074250942,-9.344766844668472,0.7531703268869641,1.737304303215747,409.2527378384247,0.011072740466187447,0.00024906772627484816
35828,-4.84348198202076,-5.215968776863073,3.9290927683393093,1.5601542740971122,468.9067173305418,0.8623390664107804,0.0002490966052054205
35829,-3.833836289712229,-5.23795822939447,2.7336591075929477,1.8798760257314828,456.3720089399883,0.15786501904348693,0.00024909776787675496
35830,-4.989535225378826,-5.092154302798085,1.0956511096716035,0.7719747439847342,225.23425426408994,0.6212517674767541,0.00024909939819538896
35831,-0.8156727799776338,-10.92716055770579,3.350266306386784,1.3664636337105738,305.81292614776856,0.3531253704229975,0.0002491233982824564
35832,-1.7335276714469146,-12.77719129801876,3.04940627397556,0.9086816986087196,251.4798069577813,0.4894753878968343,0.0002491288795490614
35833,-0.8687190630505732,-8.464769373099202,3.372338533639997,1.1334270162668132,468.33776391915166,0.5126255039600487,0.0002491420853603198
35834,-0.4630727800462715,-8.452376644798331,1.6125027811308645,1.3015642024719498,275.6626663691222,0.6980372097010497,0.0002491640951109975
35835,-3.5793254658706495,-6.018523591734703,1.1063525137317716,0.8824249542912057,238.37394191360124,1.3578573114850787,0.00024919569367064107
35836,-3.466659260803281,-5.9470222867621345,1.2310166589536677,1.6700131129438531,365.749931851652,0.6353389811206691,0.00024920205616990837
35837,-2.2338740525623377,-11.286666119143547,3.4839862755609867,0.7592776407960637,152.4556812535008,0.5155368657235888,0.00024920337354459584
35838,-8.070964259795122,-10.610352108561441,1.283337330909911,0.8754663340414851,469.43429791602614,0.1627335054803103,0.00024922085192407
35839,-0.18745475810761647,-8.313760825626314,3.2316609687438955,0.7595551147661632,150.64984668274835,0.4528383405695635,0.0002492314682662813
35840,-6.849070349452005,-12.355583402381919,4.268752287504622,0.7346181305811852,177.36705611243227,0.5250869175529305,0.00024924204987445846
35841,-3.226322752882637,-5.352450385492303,2.7437955933029965,0.8665700012831578,468.8578598622133,0.11036991843000532,0.00024924398083689593
35842,-0.8950671238070811,-12.014734260064166,3.1735927484857873,0.6589654369482051,133.25904242996484,0.0051135760689975385,0.00024930840058488027
35843,-9.965956756127142,-6.487174729978623,4.0234332401503785,2.2719894942069327,435.0338811009952,2.1981157552667634,0.0002493177092278832
35844,-0.1213688338540635,-9.163405869030893,0.8716090288056121,3.5056541497193785,537.5169319857171,1.346456186579588,0.00024935097871934967
35845,-0.10896874760190478,-10.809630582921738,3.3750183851272877,1.1531376019440456,292.17974281980645,1.5841020976232683,0.0002493854765641252
35846,-3.2221200511550565,-5.341862588429238,2.3853722640098933,0.8941513012980554,179.75999525465224,0.5975601841671425,0.0002493957574497221
35847,-2.202240949605909,-9.581669282500126,3.618602278497029,1.287170140733011,313.4936387894311,1.187093421732743,0.0002494178576032428
35848,-1.2686853493434107,-8.075017402220766,2.1763624090396667,1.0227711944669713,266.24903236527985,0.47390418723843997,0.0002494188696669114
35849,-4.225234302781229,-5.540416101767128,1.6849487415105435,1.8933284660907508,463.68728658011764,0.6313338172089127,0.0002494353274581964
35850,-0.2772296861255672,-12.585162031612356,3.1107042216521243,1.7100049606069796,404.9647664882244,0.29204954319301546,0.00024946402640396454
35851,-5.496678392898461,-6.070547999688632,0.10381472804678941,1.6196224085899844,469.4786607163017,0.011960244895451666,0.0002494674721607942
35852,-2.1162803878544247,-11.66039103236999,3.23749284758822,1.656193186643352,468.36233680966836,0.522204613960338,0.0002494675057392495
35853,-0.731607940509976,-12.614381942154443,3.1075470225536113,2.427758269307363,423.815124859145,0.30633641235085296,0.0002495090230159466
35854,-0.18290125067627017,-11.155793504339554,3.2954178182185547,1.7971583349160247,468.562612750585,0.8504911841023457,0.0002495126195334566
35855,-3.4644704143349836,-11.358626626599145,4.635620503089691,8.928749622850086,586.5397463325698,0.042485846422710694,0.0002495132202290601
35856,-7.934031477249613,-11.43110341484489,1.3786705200808997,1.8088983029463674,431.0950054383407,0.37699179703441477,0.0002495250920176217
35857,-1.915520086437498,-7.991312291564428,2.3338808700460456,0.7383990057615556,148.86280843318474,0.20852433239493262,0.00024953464321465687
35858,-1.0091095309142801,-11.376645129656287,0.500057899521288,0.7273755764822999,196.43495580267435,0.43688592253335923,0.0002495349974824258
35859,-9.797791048017942,-5.893542427450676,4.38000467479927,1.8209603183252707,383.1112024739508,1.5842531882051363,0.00024954540157010827
35860,-0.5469850492264552,-9.625622297754614,0.7353763545505849,1.90671416498599,468.6820995111898,0.5655763529722604,0.0002495546121832987
35861,-9.499560761873283,-7.549715422547477,3.7523386933382845,0.9801351124353989,261.9794984577608,0.4483615829858145,0.00024955836906295244
35862,-0.8703879746239718,-10.530486719183099,3.464973112016261,1.1211143395339236,240.95353733819474,0.040590905137295685,0.0002495734491418747
35863,-3.2016928896309826,-6.58703281511243,0.582663502102435,2.6132147104189403,457.92923290630137,0.8283526342759009,0.0002495745224340896
35864,-1.189095764612464,-12.114403607856234,3.1675613764020323,1.0035197748394413,260.50451130290116,0.5768374900527071,0.0002495778344920064
35865,-1.7425726326991793,-9.905213471934031,3.607449070682449,1.6752907606531082,467.95801065172253,0.31115644480878846,0.0002495932408304472
35866,-0.014887647524847836,-11.497738355788073,3.246988371953675,0.9385198990576928,265.2656806318557,1.8050004648822933,0.00024959537410812325
35867,-3.1673471521325,-6.275459196064041,5.079714203215156,1.4365085150878374,335.1382911673984,1.8557656408492251,0.0002495973033405502
35868,-1.7419500038876485,-8.475143355689642,3.375967861357007,1.1007507713120508,284.2688081266455,1.4390256018802479,0.00024959741166244047
35869,-0.01333813268239048,-11.292939372004955,0.46894255341018587,0.8057604214607755,160.0431573808869,0.590703834514331,0.0002496173209763656
35870,-1.1936446388479585,-8.319276652985284,3.2345728558320372,0.9758698698479888,258.48991408621345,1.3383877559818194,0.00024966063549329115
35871,-5.36468912539184,-5.748323960577014,0.3545810906888994,1.2559683997530673,310.9595992244972,0.9019312017481411,0.00024970787140312907
35872,-4.886809369503781,-6.499632928747772,0.312219206235791,1.8383639081950516,467.45463994363314,0.1331289987683908,0.000249772847274618
35873,-5.016999194918177,-5.171258599424379,4.004847736386707,6.478158858542893,690.2038091461674,0.4778163488847431,0.000249802666062021
35874,-1.3509754611897389,-11.75145227341773,3.2238000990349853,1.601856730953064,467.99435264443997,0.3655238591766494,0.0002498056804114229
35875,-2.3125616721845708,-12.72311276181257,3.938862836908461,1.554582857226283,356.1149001956929,0.3126592752952435,0.0002498187577104273
35876,-0.5944812029568389,-8.089278914177555,2.8878603982139444,1.1084929080035122,250.20045192624923,0.3485423869862254,0.00024981980232122804
35877,-1.2026660002559932,-12.138229007273084,3.161867121188424,1.3239662352015087,296.59220043361586,0.522350957133022,0.0002498306576289309
35878,-0.8889029235770849,-10.419259684518362,3.4783652262976577,0.9634187104725558,467.65452280392714,0.6264392894524322,0.00024986070650276544
35879,-9.33576769951505,-7.081185851070498,1.1540375378854413,1.3450913031724459,289.7245358139813,0.8751506452358591,0.0002498683262793489
35880,-2.9471035874719558,-12.814455873123752,4.859373489009858,1.8005272367426732,468.0209501376024,0.44353787730489014,0.0002499220556115
35881,-3.1659972280542856,-5.757298406328008,3.6039081786239704,2.5449500830942577,460.2124937137807,1.6622201921121862,0.00024993488116837573
35882,-1.1515338703759674,-9.400770645666864,0.7502345900566808,1.5041231326706221,354.0130246365085,0.2637278730645525,0.0002499465971264346
35883,-3.780688606057341,-5.866604601889597,1.1857264365876639,3.6388873290854398,537.4096072415858,0.5747127720042071,0.0002499528779037708
35884,-4.42232110237632,-12.800495778357156,4.464567141542786,0.9188055801130439,184.02543637320767,1.0700899182438688,0.000249956474834299
35885,-0.17892007869717474,-11.692732615074416,3.2314432205616415,2.1905699681904593,427.0178131664376,2.330143094115205,0.00024996227538798233
35886,-8.812388586121639,-7.711198468770878,4.877439837751191,1.5072813028926555,339.2579375968981,0.9042483546975086,0.0002499672447523335
35887,-1.8954799468151862,-8.638131004111937,1.0436204045518422,1.219385105687942,307.8173672918747,0.48464683785585816,0.00024999587547017295
35888,-6.403299702406986,-11.64281384145807,4.559553312897795,0.901682896097341,467.98072505294374,0.35913251107878175,0.00025001693225049136
35889,-1.05883598747638,-10.502524933587443,3.467595133340334,1.1196865318466382,288.55045755107477,0.7920578840380204,0.00025002270051103397
35890,-1.9468406764663406,-10.076135631323496,0.5895031831736433,1.1998311584657333,291.4627793383091,0.39443795426333494,0.0002500340302064979
35891,-2.905170543498339,-6.029324916889238,1.46037607453001,1.8481180504111627,445.89159534356736,0.4322091491013085,0.0002500580100419166
35892,-3.3665714703698395,-5.603463148642442,3.739804737769017,1.7640659800298906,419.9424135278409,0.8178523328390463,0.0002500611267631244
35893,-1.1066165487100914,-11.488816232359197,0.5119242238817044,1.014720566490078,467.55723600027756,0.6569989721861242,0.00025006230540036326
35894,-5.415136977447491,-5.561204397681508,0.3982008493178776,0.8676644678412603,194.19763692575935,0.6989709275994702,0.0002500633376901878
35895,-0.3805365966182439,-8.549545640043469,1.508760794250198,0.9227920581034231,194.75583178005056,0.6206994226166822,0.00025007342524634396
35896,-1.8999049821029494,-11.025550707589968,3.319963398431318,0.8524018198709574,449.16240617750765,0.503459008717309,0.0002500801481498512
35897,-0.4102828249224473,-12.651514724632236,3.0974644503359956,3.343941975842017,293.5984936458631,0.5107171304869276,0.0002501027537342925
35898,-1.583000362413383,-9.984896150191792,3.5904967860457777,0.9403706082675113,186.65132619458063,0.42115880600365774,0.00025011758123683986
35899,-9.898178776740401,-6.3400350866303885,1.886576311569269,1.0700356743345834,288.0259729163031,1.095411009367921,0.0002501378773319585
35900,-5.837461496608638,-12.203884810963459,4.545825420511819,1.7725338064902352,420.9694435072757,0.19648568630461316,0.000250156570891311
35901,-1.8410234577872018,-11.716002186560422,3.2259731975532135,2.7328927012846216,472.91859300790475,1.0866401816035864,0.0002501590833086404
35902,-0.03832341892123736,-12.051940269282156,0.4704526071378289,3.0680070351697784,487.63977955633015,0.48314005260498494,0.00025016929472790024
35903,-0.8753600336921625,-9.990800113642653,3.5890736695708485,1.099590686927481,219.58682651437886,1.0075639488670882,0.00025017609517357547
35904,-0.2827038854986945,-10.78987847374282,3.373123078291124,1.5296048665278406,342.30757450816697,0.4391173288373933,0.00025018488974728917
35905,-0.0563266482027327,-12.545974020451409,0.5152937146430462,1.16106316655939,295.7450162864716,1.6942527301632362,0.0002502763811075071
35906,-2.742299564259265,-6.414411863950331,3.2076214931127445,9.845810419384772,779.9287785386603,0.32490683128092446,0.0002502842785060963
35907,-2.640639573730769,-6.636879083351132,1.923142689582599,1.0665939859182008,182.25715551274473,0.1636857834147607,0.00025028461538933745
35908,-0.45249848287590844,-12.69720181331497,3.090682970721087,0.9673964571930586,141.26416991220947,0.2552937965770701,0.0002502968555248242
35909,-2.1511666247426,-10.336254571049631,3.643614803211587,1.1066817861575058,234.42870526117218,0.029956148054987253,0.0002503012144105252
35910,-0.42900747254279636,-8.106427872681136,2.8332627497272216,0.8640910649435608,229.13173611136455,1.1002336639942945,0.0002503221852004843
35911,-0.49829756841365125,-9.963764619514007,0.61058935035594,0.7671101024002115,287.1866413311055,0.2534234049580304,0.0002503225290962564
35912,-1.5135637772507096,-12.648548326686758,0.445454797950347,1.5813034205530256,369.278125109094,0.43595633658596444,0.0002503289189084818
35913,-5.736563570938065,-10.902904147464026,4.817068515008884,0.49563422687670516,121.85319052592862,0.26884914488962774,0.0002503328268109256
35914,-2.504310618317467,-7.4429190948950135,3.7146540674429303,1.8283100025209609,437.8136850824058,0.16243954567775543,0.0002503405686958194
35915,-9.56532215128532,-6.287940450341957,4.7355467158417355,1.0970375807143282,223.12005289426938,0.5772238695479963,0.00025034760733384353
35916,-0.935973741058687,-8.005085470712707,2.1928162183357442,1.1002472887073134,468.0546669695931,0.8470756561538817,0.00025035259999445914
35917,-2.7655758608601024,-6.270109236936366,2.3745755328447054,0.8952726032606124,247.87208940706478,1.4293869039163782,0.0002504063179627446
35918,-3.967542999785496,-12.149466754029696,4.507552350021334,1.3029790107063168,312.09860612239044,0.19590859719745968,0.00025042020236398
35919,-2.0772500376484953,-12.35305104955954,3.1282221113790674,1.7984622126774517,444.96106281960346,0.6448577867017962,0.0002504625051460192
35920,-7.923284377495043,-12.37747245797898,2.066099391573696,0.969866207986867,269.6441574762879,1.228731738043317,0.0002504942763276421
35921,-2.1073066336513078,-12.590088756330257,3.0987976660452152,0.8779346616388448,210.25828567195052,1.0475854447897168,0.0002504997580068257
35922,-1.565446507892938,-10.17984094972014,3.5510066703231473,0.939857487775326,264.6327112751619,1.5123900250310411,0.00025051861023548994
35923,-1.1185216901821544,-8.180667083200394,2.950546064575927,1.0103143949283722,272.97704559179056,1.8587531723915633,0.00025055221136722653
35924,-2.471905385131202,-7.143429817748306,1.0102319257620693,4.160846286778346,452.4883215159659,0.02476478041589214,0.0002505864187733395
35925,-0.8481410192098675,-10.548731598867484,0.5379148839358552,0.978491177275227,271.66419382285943,1.350579908704372,0.00025059151944542964
35926,-1.8992276834950559,-8.007475463947358,2.190780579961928,1.585440559730246,366.1856817472288,0.6237243420830758,0.00025059947984945916
35927,-3.1658149984437056,-6.1247818824305815,0.9737021341812141,0.7315457182479066,406.681603578467,0.4730297899905853,0.00025060805229687336
35928,-0.19850573781332592,-10.09086266857479,0.6146677481483727,2.7034409641413215,473.0584298787721,1.3959603225702422,0.00025063297199121357
35929,-1.6375243695269752,-8.469787770982162,1.5211602066031373,1.8414728356518664,467.78556065917746,0.8982955682566436,0.0002506581839575964
35930,-4.442904361804445,-10.315723144670619,5.0443318031725575,1.126635886853346,467.6273744385251,0.48779678073216903,0.0002506602612685003
35931,-1.4260860707355114,-9.364404503290764,0.8109932438364429,0.8012033868826803,161.33397445045338,0.4239605188133426,0.00025066159720373406
35932,-5.406171848566798,-5.395810220212035,4.923562019568508,1.0031477883780326,276.32124234533205,1.4215580290474144,0.0002506893291980941
35933,-1.25836747773711,-8.908328666220836,1.076398461345465,1.2361344676668748,256.97130176940874,0.6214624263387423,0.0002507055560286402
35934,-4.366768745338456,-5.119157670319875,3.161422253718014,0.9095551634078612,467.2044331906807,0.8971672175946361,0.0002507061623617501
35935,-1.5668430198945043,-9.044756652326305,3.6173552668128686,1.372911665826609,324.0663295580039,1.49208490642632,0.00025074042135236554
35936,-4.569098375323151,-5.135512837304726,1.8750623958520667,1.8527190249102132,442.8118661736159,0.49711586208385583,0.00025074090192712815
35937,-1.962083940390059,-12.341071355045747,3.1224856380379373,1.730227019189518,368.27046847661717,0.7153512728966289,0.0002507561434233397
35938,-1.4547958308656312,-10.35915901681463,3.511807944397223,2.515336161938716,458.70335952718926,2.0352722336891764,0.0002507582603979497
35939,-1.6229831780550814,-12.023841219436472,3.166682699169915,1.0964269896206844,285.8776403357093,1.4101952098210155,0.00025080078443023965
35940,-3.3524605054818135,-11.030305082562538,4.72652603144172,0.8652192172556867,468.56908160266767,0.1880161481555973,0.0002508038102013723
35941,-0.695917485328355,-11.92905260686846,0.46426074641636617,0.9324776474585854,235.56789952920647,0.28312102750765167,0.00025080772359725815
35942,-1.234630171308007,-8.279296874913497,1.88341864017643,1.1183577405529854,466.23624060275745,0.08725900370589024,0.0002508500716788985
35943,-1.6121034844657434,-10.088193978267771,0.6215974815759985,1.4001980716372087,468.55736380571807,0.49523441420495384,0.0002508501476772761
35944,-5.4624909056891,-11.15554761365816,4.732209949521366,0.7918219533774081,177.8329960419418,0.03522378760059386,0.0002508529059495105
35945,-3.867512212125992,-5.993998914206344,1.1025747980654073,1.4933747005203706,341.0821866484672,0.39223529643871924,0.0002508594849078843
35946,-1.4311509651304029,-9.865834778294769,3.6052355176385316,1.060386480543903,467.99797489912146,0.36716990016412954,0.0002508654447326553
35947,-1.0987212263284611,-11.342751405023792,0.4909239569107892,1.0757601676756376,468.8946097604561,0.9201852769135073,0.0002508735145539945
35948,-9.761954205876377,-5.216511479426457,1.7219483857716567,4.162274788737328,402.696048490926,0.03096299234873623,0.00025087807717798986
35949,-8.081796104391964,-10.743034189535095,2.067503434629262,1.655093556879838,363.8481531431485,2.0035230667801347,0.00025088038165382994
35950,-1.9107467628761619,-10.133983777885824,0.5550019199055287,0.7546104044890825,467.93654718197627,0.26293924686459924,0.0002508862425208953
35951,-3.9226060089496615,-5.7730826165187885,4.177547873143524,0.8962458983285543,176.37985433459525,0.5776893812281463,0.0002509108538789357
35952,-1.853660350980853,-9.324974623843005,0.783579974899183,0.8409648129040164,470.1396998884624,0.1998508429010739,0.00025093382912255057
35953,-4.193025242255144,-5.4721758549347985,3.490465072146774,2.2201514665477,429.1372482361844,2.0341502614683646,0.00025093708256739754
35954,-3.9426746851194903,-6.132275632258165,0.8612818530272525,1.6737398197031879,468.0133859762809,0.374197704114704,0.00025094073906413905
35955,-5.438243441223326,-5.501565581271999,0.3764133731417726,0.5971450933163694,127.12400635582682,0.3390723047731159,0.00025096067030215113
35956,-0.48931126726639107,-11.190141063464994,3.26534587675,1.8934099684270536,458.34429100133434,0.23086113897031613,0.0002509703412631766
35957,-1.9601043639244313,-8.233784286485516,2.015328551328585,0.8450114470701229,187.68430544355888,0.604508315552823,0.00025097797299413464
35958,-0.3391444637241783,-12.95664709823055,0.43786578275481436,1.837503601213352,469.8990719204511,0.23311549784885788,0.0002509829977015743
35959,-8.031960670452035,-9.137737268480382,4.237817305982778,1.730811568587239,408.7402902618125,0.3706734167608907,0.0002510032692161975
35960,-3.004817617400258,-6.291845255175669,4.394742798609662,0.8570327260594378,467.5301111159905,0.587980662583103,0.0002510308583363671
35961,-8.095951067451937,-10.711691217809154,1.9453018919303353,1.0524003235990884,467.4138318314678,0.3437848234132028,0.00025104393605215387
35962,-9.886506314709614,-6.098367376063601,4.226074940273019,2.000907188833747,397.95900527233783,1.0830973636441774,0.00025104505805027545
35963,-4.056677434304453,-5.736292580700862,4.227051375833995,1.0160547487272176,272.71391644494685,1.486104087902719,0.00025104972591348204
35964,-1.295498322584045,-10.814743604630182,3.3602810615847325,0.7485509595809747,188.45754002386204,0.869402853954039,0.0002510731967242643
35965,-2.821790065162312,-6.183837476286526,1.1291740745187149,1.6685036282556243,467.9278469869351,0.13589694680931075,0.00025107792519590296
35966,-6.663180512946842,-10.58698638875006,4.781018665602553,1.5939166226820283,369.39821624565445,0.2759733336841119,0.00025109408225867865
35967,-0.7730944611941766,-12.873928806562574,2.9245803337510683,1.8901472417381462,467.4261456071344,0.5254020621677302,0.0002510977928622805
35968,-1.5437100411307743,-12.87184024171398,2.924735127902559,1.0126502567190983,277.66146301776917,1.413028950047675,0.000251099635369191
35969,-1.1403152367941196,-12.391091942682474,3.111422628824863,0.7488285188022763,467.4260223000562,0.4582754274030192,0.0002511436495200135
35970,-0.831209474586009,-10.072493621263702,3.567596789757885,3.119313331236465,226.4789781015323,0.2695106928935269,0.0002511510041808844
35971,-0.5839761235763916,-12.149171240921849,3.0688340921214685,2.459543110424406,454.3486053574542,2.511330188559551,0.0002511661884441849
35972,-1.3341275974439561,-10.300491696241261,0.5965553526759476,1.5649216997383946,356.942264650871,0.3692084708193004,0.0002511755676317514
35973,-1.785294802621186,-11.873808505295264,3.2739467177583523,1.114679391227993,174.20905978173494,0.05117713743675534,0.0002511793981459612
35974,-1.7623225981588924,-12.47862652977886,3.1016768697961474,1.7145166186638992,407.904149436317,0.07769750453790625,0.00025119396386966944
35975,-7.048593032447308,-10.697401852509964,4.471450598788181,0.9269363550845209,470.34068985599566,0.2210421218155405,0.00025123737065723306
35976,-0.5769398801592338,-8.181836574728635,2.1139110768241114,6.207392199511778,285.4221703257607,0.3583419242730477,0.00025123779995324337
35977,-1.6553909357212895,-9.160421673754037,0.9187713387425818,0.9201746626161683,232.96289678657303,1.036125943000049,0.0002512513987772925
35978,-0.676177590649214,-8.231847149776971,3.0972501179699563,1.940966331271452,381.59565582170006,0.7298198595651906,0.0002512558723985209
35979,-4.361342056770949,-5.3083064249343135,1.9826448526136973,0.8269548134640173,169.84665647172199,0.9059168507147772,0.0002512761218055397
35980,-0.7343980186976449,-9.398883156460439,0.8047808876642774,1.7451846382999796,411.45779546122407,0.02639675337512326,0.0002512785533741238
35981,-1.7861648353375017,-12.572365889862603,3.052804314610039,0.8437643531652792,197.6727795143459,0.03362389517805209,0.00025127948755570716
35982,-2.136850525568672,-8.237183675034833,1.9978769576819484,1.3810177507981245,465.61062461123277,0.5554945186164915,0.0002512800031885435
35983,-0.3741163906605287,-12.602181499457908,3.040633724433244,0.6739866781357936,467.71014641142415,0.4135722514397555,0.0002512889136450719
35984,-1.6472399494825591,-8.07795569897619,2.7776152917098105,1.2747344139164052,456.9250003573768,0.17724302732586228,0.0002512901677466561
35985,-0.09519149372248492,-12.087529166348324,3.2039888301558572,1.2091969960527529,242.18262456828137,0.16659263636492572,0.00025129872695391054
35986,-7.050905665201885,-10.68256999229656,4.4755660609359325,1.15954746644886,185.89355579335538,0.1513167705687497,0.0002512992250408972
35987,-7.923143076652928,-9.271873543990878,4.289227103859547,1.2862788627270179,463.58977480317145,0.3116977081313399,0.00025131154244684845
35988,-1.846523537022028,-12.921366790776704,2.917639372404339,0.8100054114487453,161.26383110436078,0.007269290230385472,0.0002513126301757189
35989,-6.479222463185268,-12.838985034510001,4.406235053919836,1.110544003313993,278.845685070683,0.9441720491103265,0.0002513236317767875
35990,-0.5121494499182848,-8.552126651207939,1.320688153625052,0.8034679534150249,469.91312577708544,0.0924090146734402,0.0002513448769407537
35991,-7.3893386696956895,-9.34019378354644,5.064251177931301,0.5840741301362574,123.97709969683957,0.17022827015799358,0.00025137887024436937
35992,-7.675963767085383,-11.91637116423026,3.214177905823066,1.909066950109449,256.79636320401926,0.04644230760321921,0.0002514037987818598
35993,-3.3291182188803603,-5.357840212070839,2.481647082673025,1.0148034360118894,277.1086582066081,0.39821124782945727,0.0002514466018868459
35994,-1.903822205421644,-10.63288487952368,3.45128062700031,0.8115765741384714,467.99555552662207,0.33310641746466985,0.000251455629398401
35995,-9.90305353555785,-6.10593545371824,4.196661658808499,1.1056672069309637,287.22189459600446,1.4559228469806609,0.0002515212515900523
35996,-0.7474546921246112,-9.94163603573967,3.5885200301335214,1.2669212564154955,316.38873221623527,0.5129809151750999,0.00025152619455786414
35997,-1.3905959328257023,-8.300108254312232,1.9500157525178725,1.86186616712861,445.9138794530872,0.44949522967965994,0.0002515562551583241
35998,-1.333064485348153,-10.060139314287644,3.56701065639749,2.0996526623274496,406.90679012693124,0.903211789283815,0.00025157703983862936
35999,-3.0177713936716666,-5.79405486586226,2.634204275200398,1.4367134324828614,332.74338639085494,1.1367620676724677,0.00025159111771863346
36000,-0.6941578975600908,-8.64722233941446,1.2091889983868191,1.7845730231038617,468.1122193084299,0.7377649795069692,0.00025160845151382346
36001,-7.952642747802669,-10.488616001335545,3.0187701513746727,0.8780850365159071,467.25400947818434,0.1638381404927305,0.00025161591239695433
36002,-0.4785442343330448,-12.114609572217415,3.068952703903099,0.8762808591766436,221.19201205139817,0.1336813442183722,0.00025163720191515607
36003,-1.8875644785135908,-12.674057126059894,0.4210405159427032,1.7980300423046947,468.29591120099207,0.6643328262703827,0.0002516377591613039
36004,-5.4028079266857185,-11.096814601724715,4.747667986748114,4.724515270051133,563.2286135911648,0.20042546328439936,0.00025164013318629464
36005,-0.361328612468494,-11.791627457472723,3.213935777663038,1.3327612119786623,318.0268566558723,1.6252375915162327,0.0002516543456587367
36006,-2.874366948466742,-6.0064274779285025,2.819390215454734,1.862436652820067,468.1837850884632,0.5593387029266976,0.0002516559670461034
36007,-0.12177458770170091,-12.0928721619214,3.1476273099062313,1.8339109734953005,446.6044593099603,0.4480365494518539,0.0002516633009297276
36008,-0.24983184925872592,-11.535719794693918,0.5115421540745168,1.6128887622404953,373.1142529024883,0.021371528678307605,0.00025167549008235776
36009,-0.03743343985746961,-8.282130338061274,3.192988105747173,1.275881682636215,318.12480585971485,1.3035374470779058,0.0002517046453746466
36010,-4.68107107517219,-5.707234742128721,4.507970577060652,1.2388309013782737,370.65084691222864,0.5737300258072731,0.00025171459670439525
36011,-0.8155923688609263,-11.785419795519891,3.176731690332149,1.3558873167852805,294.5190626519106,0.6201610940700153,0.00025171506095312467
36012,-7.017480889721239,-9.675424285889662,5.135930680719912,2.251537180038061,433.2003301097322,2.1248885805136384,0.00025173255884890325
36013,-8.69898886134512,-8.876957731501498,2.6639398607081595,1.8392069273493161,468.46378876942896,0.9087465216261714,0.0002517654520329409
36014,-0.27576949560091535,-12.51987473894008,3.0432042811662616,0.7265650199659226,138.3803660443515,0.22342787520800922,0.0002517694632117032
36015,-2.059469701288079,-11.568472658399726,3.1768160935505447,1.1076722900777682,291.8662696413739,1.3715033831192533,0.00025176960065277903
36016,-0.8577277833768182,-7.9995238950939624,2.5081371504865038,0.9590290636775523,268.08381265875556,1.8571843364884417,0.00025178547563344927
36017,-0.3178891930275558,-12.550219354858477,0.47698023961420927,2.6185899540350945,468.8793392250113,2.3598210166311615,0.0002517896395741263
36018,-0.44782916446438215,-12.525434073104236,3.0423505725387074,1.5730452122104686,359.18605712641363,0.0924348251201863,0.00025179885352633166
36019,-0.3946404158055987,-12.810987870091505,0.4737316363665984,2.3805738761435076,356.7119063744265,0.1130075002241524,0.00025180144837546296
36020,-0.8969120012199667,-8.555483208831266,1.517228226270043,1.7644896771935583,468.18701768959863,0.33499436333066246,0.00025180391483181603
36021,-1.6963856102317294,-12.33705471916223,3.1099743814068654,1.463270679153834,336.8325269712554,0.9069362018823517,0.0002518221692052216
36022,-1.6305854795275483,-8.040789901418425,2.4761675412748088,1.7729873400403338,464.35705989988475,0.5640763823536803,0.00025183817352812465
36023,-3.8662726746659644,-5.358373421287893,3.1798379137045907,1.358832807851589,329.97044680574675,0.3451730528317034,0.0002518436790516988
36024,-0.9318749648137601,-11.647998983832705,3.220583856209569,0.759035136756704,158.9370936591916,0.026134158516947004,0.0002518503861315012
36025,-0.7218054714717823,-8.802146095695123,1.0906825805353375,1.3514600805997516,468.6766742331158,0.5654117243753047,0.0002518521797728151
36026,-0.9678184254745616,-9.45481531137236,3.6490516080141053,1.0233464768437537,469.68308507650295,0.016556419480130202,0.0002518747738913816
36027,-2.646349766379621,-6.565089806673403,2.301262141162552,0.6416687678969581,132.95187994629495,0.19887549950527106,0.0002518998375081906
36028,-3.8619692399908248,-12.738255307966963,4.453931806882699,0.8897729478304265,187.56363108409894,0.22929886702529867,0.00025190350710442073
36029,-0.754625740594614,-10.375059983499625,0.5710133973056456,0.6607648433375859,468.0342296032222,0.42974227614403393,0.00025191056187404126
36030,-0.7983844666193534,-12.77537797267699,3.086580646344773,1.87965023880218,457.88660617923966,0.2806153293915843,0.00025194090810954316
36031,-2.046878283663708,-10.302794561222292,0.5436531549136968,0.9700974758824474,269.28652966211774,1.780225974983165,0.00025195959676779
36032,-0.0637693528740364,-12.363598630426585,0.5264174831274903,1.1023775599045709,468.1158877121734,0.8057323259859794,0.0002519655943138103
36033,-0.3227763386461735,-8.906360987746396,3.586925454584803,1.838727381808222,440.0969129435352,0.2718808355995401,0.0002519746675193836
36034,-4.638435415449473,-10.156901980210497,5.1471085377907775,0.7886885399152003,469.3675881769947,0.15546312299326548,0.0002520366653625035
36035,-1.4627924991240366,-10.066661366550257,3.5622738221910084,1.2344799657108199,467.88956892413637,0.2781500423918697,0.00025205015330968274
36036,-1.046531668357396,-8.680366116762567,1.3807639873410036,0.8604903652725994,247.99667331132022,0.6530290066001623,0.0002520600037020416
36037,-0.8461571203663709,-12.149765696491226,0.47065239555299676,1.0302301727473524,154.39005804891278,0.4072070609980889,0.00025207927740885283
36038,-1.8046907465296762,-10.316522105366099,3.5111218066608822,1.3054022215000822,318.9157421446502,0.47263068958706445,0.0002521185557829093
36039,-0.024564135958996758,-9.09025455073693,0.9422112275448534,1.2173986636895635,303.9392811640017,1.313616465530818,0.0002521186796434432
36040,-1.0628248007794632,-9.122398724936337,0.9254783827758196,0.6903809970297982,408.4070132105386,0.3897474148703042,0.00025212577119000673
36041,-1.0902633692109625,-8.24277004605004,3.100485196184288,1.892709975685779,385.0476655803688,0.2986316676431775,0.0002521417337939455
36042,-4.319476153884263,-5.890858741379299,4.64312091417493,1.0738178066274269,262.3846852760487,1.5635958842655873,0.0002521502652315263
36043,-0.2436963301396773,-8.221721093537202,1.978485996758413,1.8219072984571623,436.8848223778291,0.7171781401621038,0.00025216506785622096
36044,-4.9952215312611035,-5.704505449280002,0.8291749478726022,1.1318586397832915,228.2520296228295,0.746934576982766,0.0002521873212145957
36045,-0.5631841074398931,-10.264050005543162,3.5213032079046562,2.817195514750514,463.86229142435604,0.2152630439991352,0.0002522270126894758
36046,-1.7560267588854277,-8.621285751403626,1.2392865678144012,0.9607277969061832,266.8346866956025,1.6024861473362533,0.0002522443238392301
36047,-1.4871845111394002,-8.006919457692252,2.3260349775298663,0.8505667857945106,468.60373610637106,0.32872722435663704,0.00025230366335548046
36048,-0.478688793497712,-9.745253125224565,0.6694236458107136,0.5490466383990549,170.10957839472852,0.7385538493168111,0.0002523206230163878
36049,-0.6831130838388759,-12.732573375031587,3.073304929915352,19.403084032853172,695.5062640256579,0.01985084610513166,0.00025232476758395615
36050,-3.231632948795504,-6.13181078661197,0.9631179219979694,1.2270961530961888,308.5443565762148,1.1600618008261288,0.00025233964318319054
36051,-4.355112152551078,-5.066782605534155,2.4429595608838968,1.9474685167271513,394.1400192939637,1.2858898999001092,0.0002523431663962111
36052,-8.652081602454652,-8.354803065121324,4.107114156056455,1.155664271159233,283.6690555568741,0.6226546135492441,0.0002523475211170688
36053,-4.21745734783041,-5.760481854331323,1.1739331200329741,1.6276635679761173,381.0856995336334,0.584979758187214,0.00025235502431951944
36054,-0.9696818703699268,-10.325384874197407,3.4803141713368717,1.809605640368421,430.6839686253724,0.259463444988298,0.00025237907650356293
36055,-2.045119107536042,-11.512710712717544,3.1841862339814258,2.0145454552740456,400.617120412088,1.172409311598412,0.00025238199254061175
36056,-7.467775709780952,-9.902991631611673,0.1805400105265718,1.5789196028327566,271.7732855107824,0.012171860753140251,0.0002524100909178301
36057,-1.3641610972858302,-12.500477151432538,3.0380029354573863,1.3309475212588648,327.95198680826024,0.3629583164800527,0.0002524239220977851
36058,-0.5612366036916345,-10.133697247769142,3.5469548903683172,0.5875538992089817,146.39735332559286,0.29388124383795766,0.00025242557825626006
36059,-3.8133660504957723,-5.57464991517665,3.6183166513277647,1.8073237889338316,429.7062895612806,0.33020575068785885,0.000252427882191219
36060,-1.774611515588413,-12.49502787937965,3.038494608707313,1.7896437863163124,427.31207346272186,0.5326226206789331,0.0002524339623278374
36061,-2.007244054949572,-9.918910392972432,3.586052824461474,1.2382624480984747,306.7557263313716,1.0257141730988488,0.0002524432739963251
36062,-1.863914245570525,-11.311164992862919,3.245391942629637,1.7510575662814425,415.0195965954914,0.38520798005626933,0.00025245768968353336
36063,-0.24140510643401036,-10.164431206724956,0.5797158011742674,0.927382289520876,263.025293522496,1.6817066308556639,0.0002524752295246064
36064,-0.6167604026513,-12.915492990008369,3.080705077655436,0.9497753725920595,253.12804537489646,1.0145162843503863,0.0002524802189237349
36065,-1.4475092372672407,-12.601370147514661,3.0856047824475885,5.376441460191946,267.0000754657499,0.28785594293901706,0.00025248524658582684
36066,-1.5568799657514312,-8.667007957784215,1.2556844759602765,1.6431936818088135,384.0495153700694,0.1858166829428427,0.0002525549456042287
36067,-4.559257986026068,-7.051523988113544,0.036159568230079465,1.123866160610292,296.82176962658156,0.7944940877981672,0.0002525703984993612
36068,-3.566862571088098,-5.441354291069286,3.0076601984103575,0.9084306125298871,467.49470095779014,0.44390546931724106,0.0002525746898683925
36069,-1.3255258058888995,-8.460508277505287,3.338151475284307,0.598874792078972,122.86460851888998,0.1569433643519753,0.0002525764280036277
36070,-0.04602447759404882,-8.217464452244048,2.979752414642558,1.3169612318017978,315.68715601223306,0.9866650525691751,0.0002526005738687838
36071,-0.24453128725174977,-8.188138742807235,2.093308194400833,1.5436501137655791,344.91844023826246,1.3347385356749557,0.00025260750147728495
36072,-0.0162471209050139,-8.770066886471515,3.536343648634969,1.8978596873626965,468.4489872091513,0.6552849539910017,0.00025260760251390277
36073,-1.014702197695474,-11.922741048346346,0.4753184534338928,1.1108105997556061,277.1627924462042,0.934435904446139,0.00025266225415281144
36074,-1.2620377445141546,-12.015075845047239,3.1477039773035758,1.5608696774042352,367.32554100622883,0.43388115935016813,0.0002526644922579824
36075,-2.0464326220012117,-12.988136274727413,3.069279392527197,1.6994446931583576,468.67511667052327,0.8410601030520484,0.0002526670276651378
36076,-3.278042267481287,-11.294477806410034,4.661541299094436,1.9993469878080052,383.39883999159673,0.4291418153557869,0.00025268183110620045
36077,-0.8698348186702756,-12.21438664965944,0.515952965114508,1.152837606997256,456.4013581613397,0.325601118460761,0.00025269305590796545
36078,-9.476599746817532,-6.334269278752977,4.867837619010985,3.9462614828100024,520.3082884357527,0.15816462750176452,0.0002527085200231059
36079,-1.8462308647148493,-8.242355258609066,2.0563491452154405,1.5933329248892492,371.7459820063461,0.4203034685183873,0.00025271749918869257
36080,-1.565750431878417,-8.781254586421984,1.17350397001592,0.5957357560247524,173.48722434355912,1.1647629444372596,0.00025272140332122404
36081,-1.1733581321771496,-12.22154594072001,0.5161040984317644,0.8600827222356897,468.98569557704354,0.013862478629242503,0.00025272290781842415
36082,-1.4672924017019575,-9.686083181313066,3.6109200255939298,0.8684797629045247,468.6952421079897,0.5676718405203749,0.0002527312178194112
36083,-1.171626146443618,-9.799254974227932,3.602615521534388,1.1682130320514283,227.82805064715154,0.49875686649671724,0.0002527713864636859
36084,-0.8996314032877137,-8.228903741191761,3.034304467157064,1.8992973315538675,468.8897382148272,0.6413840842921337,0.0002527773353553447
36085,-2.9376315960521326,-5.966240712971444,2.644484186513357,1.807634955578335,469.79326818190356,0.16698387831664263,0.00025279357757356197
36086,-1.3030697606540542,-9.718998319621809,0.7063583174845176,1.420194736465445,313.05912961267643,0.19816761716488518,0.00025279625223946305
36087,-9.980561374837814,-7.095452171081783,2.378022468379737,0.9486422285833328,188.79867681701157,0.31869827498438763,0.0002528061889062624
36088,-3.7742683163315514,-6.140064294616666,5.087145011234634,0.8926032246862553,255.88933420013058,1.4535150297980453,0.0002528424484333699
36089,-0.6904430399253911,-11.55289696706417,0.47730477496057094,2.9858517521467567,497.0063862987441,1.2723640907787024,0.00025285090708197224
36090,-0.565721218161439,-8.026319111787181,2.1945197728437407,1.8367130418149742,439.7297648883407,0.28374930949504584,0.0002528523713157092
36091,-8.016706576453132,-10.619317510613124,2.657673515841169,2.3630574085393903,444.74648739815234,2.3409256720858354,0.0002528710181636606
36092,-0.5818320882607857,-12.593657981312509,2.9302564123608486,0.8397854617162591,468.71767097019625,0.24678749177107573,0.00025288482798592726
36093,-0.07523672561891992,-8.02130718194195,2.442024752685499,0.9064757988088584,419.86500945399507,0.813974979754331,0.0002529187123156793
36094,-1.7563169713455373,-8.040875629198041,2.233977169381733,1.8219667375739734,467.30635845256165,0.2842829472195234,0.0002529493766687724
36095,-5.30799154675539,-6.241823609405843,0.2269533722672802,1.3949289346115636,346.7761340547299,0.5717508342626072,0.00025296132705490514
36096,-1.902436425141671,-8.140457094886429,2.8369083964705295,0.8248608303228994,232.15329666481864,1.1659081293779199,0.000252968412102559
36097,-5.023212381789513,-5.261593441474865,0.9991768694616341,1.6314050400462121,381.5432615734538,0.3930007789979211,0.0002529821163289406
36098,-1.5968740382773081,-8.353048772008549,3.238910664529777,1.6293943276916092,382.9805749564254,0.3096310783692182,0.00025302727410208057
36099,-0.20603188839077013,-12.728799401058534,0.48253011453825584,1.124461218765072,169.64408914236492,0.18460993472949117,0.00025306245785400376
36100,-0.8365691140420246,-8.407345263012516,1.6716097764681388,2.6272946376965836,459.12529592646075,0.8429269065725622,0.0002530747278575573
36101,-4.273925503534491,-5.280735491185411,2.076488712287226,1.2370856378453934,309.87611812439957,0.34870046401835264,0.00025307888150640477
36102,-4.18099702149148,-5.299448467684345,2.854569584109067,1.3612064973723856,297.7075229411409,0.7342723997921174,0.00025309947296767854
36103,-2.171156261254648,-11.857871170112881,3.2132245925665295,0.9854946086722377,268.7427174555598,1.3578265873352162,0.00025310597820350273
36104,-7.95641985330492,-11.893067802270632,1.8771822378797873,1.6166288398440156,377.5732039883864,0.012956581184822014,0.0002531067005562175
36105,-5.229100089730622,-6.013351263355086,0.4144514231772674,0.5832089660800331,162.69321638660276,0.5301772710794888,0.00025311052437078076
36106,-1.091155312542174,-12.385871340281836,3.042532151984677,1.7636752460107388,316.69838717837615,0.1011788667842426,0.00025312845996470026
36107,-1.2401293560149274,-10.582790682354783,3.448998377801179,1.0914523134385077,283.79916690021884,1.5293129451395133,0.0002531933465797413
36108,-2.0629010394180565,-10.891053800622835,3.379451319232879,1.1846035140679962,301.3530053707219,0.840201281123071,0.00025319736617900724
36109,-4.3725119824631,-10.234281572246694,5.08943907785959,0.937881933528537,467.64713258674135,0.5897657137943684,0.0002532001246150758
36110,-1.8448297921508932,-12.552770910561295,3.204216874305282,1.4410292136690668,468.06194716081984,0.19586663803740212,0.0002532229063380659
36111,-3.946578543398598,-5.260087966293617,2.6136904292666436,2.880982545923916,490.31268292287086,1.697040080001197,0.00025322839074967777
36112,-0.8791779222185596,-10.595730803545983,3.4459890517363645,1.8299489984083348,467.9686955295283,0.30542407759682977,0.00025323817060241656
36113,-0.9470736003830478,-11.774286481640049,0.5127940857878404,1.1533072856994249,300.17516359646925,0.5428898844938841,0.0002532386687053276
36114,-1.56306432067273,-12.807111022037756,3.080880693888208,0.9904497923944408,467.1577434624722,0.8908196702002682,0.0002532474209478681
36115,-1.514243637035415,-9.804555581057881,0.6513307320856347,0.5944663545859279,122.26831144909903,0.05387743165691372,0.00025325297468421944
36116,-1.392894072046925,-12.539396974323955,0.4885316828671302,1.8997702643746925,458.03549858121465,0.6152142414445025,0.0002532534752121563
36117,-7.175791750090337,-11.220815798209278,4.166136644212098,1.7574596529421553,417.13464520731605,0.058941148263753185,0.00025328205734488613
36118,-3.493736483270771,-5.8648267748517355,4.333252716697111,1.1294132342750962,258.83779359033554,0.5713648277992407,0.0002532832596545226
36119,-0.9601772235446955,-8.41470430643884,1.7320964328976294,1.267038925668023,300.1990660189594,0.16696279893541455,0.00025328458647760644
36120,-3.9434717805994186,-12.502457861965851,4.466012553339426,1.116348189831229,291.76909048966513,1.356042533215633,0.0002533035882365529
36121,-2.817867709336789,-6.139324358268389,2.917391927374221,1.2017976111557773,305.97292562822247,0.6880110894287208,0.0002533046182461503
36122,-1.3967741559564768,-12.215324707254409,0.511815501431892,1.05982033314237,280.58491852686507,1.0150977406726867,0.00025330659726338547
36123,-8.176535035746378,-8.681714046807544,4.592006323847794,0.9203034268180988,185.2880982387041,0.9269951565091246,0.0002533079895650411
36124,-4.95999630402149,-5.477063496517423,4.461208961333106,1.137787689092719,467.79888980441046,0.28192617624672955,0.0002533090475404167
36125,-0.6845159502741041,-8.309522469466357,1.9734000981336466,2.9046987861929074,456.0991957886146,0.2699455878622965,0.000253322321089785
36126,-1.6092405139865864,-9.207714188074236,0.9028117450589613,0.6387215076656774,128.83121317577505,0.9185379762962809,0.00025333506209138465
36127,-3.3189124777954104,-5.596946129657338,3.62010420920559,1.563840553886294,468.4282257462286,0.14387696132079686,0.0002533428284843418
36128,-0.7841758127954606,-8.668775026924594,1.4065272322755507,0.7496309022845205,222.17097083027005,1.3323334887754603,0.0002533712795193782
36129,-1.3525662299336858,-8.439099841186636,3.313481647133148,1.0216473320600148,264.68495520508435,0.19824228501765706,0.0002533912282971244
36130,-1.8068891748118752,-8.104824940899341,2.1639516942881274,1.2720670002303283,317.58909977868416,0.3407538457008563,0.0002534100472693827
36131,-0.26646113842688024,-9.227652188815842,3.6156618828525886,3.096534584739386,501.64048926573025,0.8306341704827771,0.000253454771380952
36132,-2.173157388545844,-8.363840254179447,3.1787966324594996,1.1357677410083706,294.0728689706901,1.0346400587890328,0.000253489274698869
36133,-1.956099059182879,-10.917996351526032,3.315735920155505,0.49321634426091543,127.19644607956252,1.1148709327900255,0.00025349119729857516
36134,-1.7229186558105685,-8.589371612325655,1.397084062281768,0.7504718183907207,150.5307673668648,0.9416865617448904,0.00025349788089539465
36135,-2.3608903307157982,-12.223539253416474,0.21192708840886926,1.429404948890057,468.5515423366657,0.9364989145427627,0.00025351967462064695
36136,-4.167237194464713,-12.153815614088447,4.503685282254944,1.7661293122505577,436.1213155512991,0.6275533762268513,0.00025356867791930687
36137,-3.7771327127381564,-11.883703446744867,4.5339084479689316,1.2526074963138825,263.3512313795809,0.060494793961318294,0.00025357377072645634
36138,-0.8720623927409825,-10.131682875011967,3.539063108220311,0.7185932646232744,200.27452809765998,0.4943196578148985,0.00025358153317047463
36139,-1.2773443271036662,-11.619955485160345,0.5246819575084828,1.5217737849084303,339.36014426595585,1.0653607966704168,0.00025363215573473836
36140,-1.925970040856102,-12.103663222737948,0.4664721458524085,0.8764612515941891,468.6373568395322,0.8858966243353121,0.00025364648769285155
36141,-1.6848695152489217,-8.721049014887267,3.5074272313617647,0.7346997774106553,178.01523972357347,1.1723527355557337,0.0002536616768360824
36142,-1.1941794531274592,-9.750257014271476,3.603491220449183,14.484411722113965,775.2385227435562,0.18601381680525453,0.0002536676416703013
36143,-9.176859838495867,-7.164849741639541,4.9037110269831325,0.9678005942559903,270.644676209591,1.919944779582175,0.00025366832597417774
36144,-3.5227733468517775,-5.587885733999757,1.848519508680348,0.75807340278481,469.5214955192951,0.23085787010877734,0.00025367226463345115
36145,-1.047212239009351,-9.751307748435586,0.6500323843746171,3.159520994942713,503.36340950688907,0.7073283836768809,0.0002536843569437837
36146,-4.587011948829903,-6.662763260448173,0.30394572074358983,1.4268677377230816,332.3008754407573,1.7662690330481787,0.00025368619765933436
36147,-0.8230266546286416,-8.40594743492472,3.2583106264232655,1.2047949038648242,305.17375703156847,0.707775762310705,0.00025370266212121665
36148,-0.7441137169515137,-8.741131305613422,3.515972015787309,0.5522819920986988,113.93803816006408,0.015142050846894684,0.00025371907205601005
36149,-5.081395514402151,-5.232489685839885,1.0367246277955986,0.7840790181132478,196.8653499987746,1.3011646706652753,0.0002537499442977513
36150,-6.671676138333353,-12.526057525222152,4.349333272864444,1.7256452242693399,468.260826200656,0.07554432269145739,0.0002537585004858053
36151,-0.3433518777152411,-11.939088401774733,3.147270414928185,1.5828627566711997,355.7537885558743,1.30618925042275,0.00025376001440556063
36152,-3.9596010631962493,-5.457531133929442,2.0817901623543005,1.779073710304044,375.65051247580107,1.4184670052481554,0.0002537614021642276
36153,-1.1328917971181482,-12.470037004010885,3.0335949999827934,0.8797925419736984,172.6382584250876,0.12060035092945753,0.00025378875983254494
36154,-1.5625412531613527,-8.205246837680246,2.1052622244236923,1.8576059750169054,469.314601175715,0.011346074420447216,0.00025379607205011157
36155,-0.31667890661968023,-12.188266577039618,3.1062865206304435,1.2030350920440676,261.22514067661365,0.3707531078004811,0.0002538103068820384
36156,-6.78544065012389,-12.135500981319412,4.325369036192702,1.0439556383956197,144.1868195404565,0.285227735974412,0.0002538248406715174
36157,-2.3119113108208484,-11.370414258525638,4.014343370836071,0.6610523568936602,133.81684544504623,1.103615766512216,0.0002538261148648005
36158,-0.31932831749061563,-9.236512224117764,0.866945429015524,2.404091501270309,444.88435407153264,1.4662767000620294,0.0002538318857158839
36159,-1.039539482736057,-8.426249890415423,1.6630389827395438,1.3304824759586191,290.1184925574919,0.19724314831369139,0.0002538332552087131
36160,-3.474983864148834,-5.402583715460684,2.1984979218310574,0.690534646292098,468.1115893256108,0.47478342859812805,0.0002538453579955745
36161,-0.7781420762926334,-12.987256021464503,3.0274282516798445,1.0172135034085825,218.3511977183033,0.30742475543722225,0.00025385050758918863
36162,-4.797109543558111,-12.433210794323722,4.496172494180513,3.5477464062892623,538.3596564773906,1.0459189067700665,0.0002538563772965631
36163,-0.5064157921256331,-9.738737468644533,0.7031983475387342,1.317027870537761,307.8616811060558,0.32116285445258885,0.0002538630623523822
36164,-0.9015713356448387,-10.23292059152333,3.4861409703207413,0.8920497919589179,234.64653853045263,1.1520990633441723,0.0002538768420132881
36165,-3.7885933682054755,-5.661739748347502,1.680637422595115,0.7884097702633209,228.35100454058474,1.1699682178060096,0.0002538857529581487
36166,-0.7074997209949689,-8.023725672159596,2.299477670600089,0.7890064569389271,136.48300524726355,0.2058915508725665,0.0002538945691309698
36167,-1.5162209520295171,-8.024037378730064,2.54757792278844,1.3739189030281298,331.8626561249521,0.3347903019338725,0.0002539427594522576
36168,-0.7669626258438207,-10.736964951828135,3.420344728081453,1.3232105064729638,324.69857582960196,1.3946259488592627,0.0002539581209220588
36169,-0.019816873436477422,-8.438435019264002,1.7369135377095641,0.8690710387059659,209.91230339168843,1.016051131895562,0.00025395950154881544
36170,-0.8882316692764078,-12.492701183011693,3.0290342930893224,0.9061151565363417,225.18764871046983,0.9501734225717149,0.0002539717720609374
36171,-1.5204071167827564,-10.25592838400938,3.5106025490642883,3.3463518214118024,515.9241286031474,0.6277116980053776,0.000253990274172012
36172,-0.6335948878266944,-8.079040470562484,2.378126605031678,1.1150752528963188,227.36863465910523,0.33212956793444004,0.000253992305960982
36173,-2.0042274222664567,-10.220457718022843,0.5688836937889329,1.135590569709315,214.55776405090845,0.0928013944433097,0.0002539953501391487
36174,-1.414094324616368,-12.029342632892343,0.4867138760761585,1.7864439516865387,468.7148333337233,0.5751526325617649,0.00025400039312538727
36175,-1.7615610127788148,-8.897012171203613,1.017963661966981,1.034785353576024,277.0648013430273,0.6857142718822873,0.0002540820360018305
36176,-1.5254998269048983,-12.242342430355757,3.0962441538910466,1.873324268688764,450.6176814003546,0.04740945274363195,0.0002540945080925422
36177,-0.7021241873004396,-8.677159264549115,1.3517888821397332,1.1045458680933458,467.94907955993426,0.11212155449783712,0.0002541298475544323
36178,-1.659974768450942,-10.375816947360907,3.4654454312161436,3.3059458426135824,458.0382125721688,0.15589312623014617,0.0002541365420211064
36179,-1.0827428772580312,-8.274546900968168,2.068289916373233,1.4077774063134578,310.9868867720797,0.7135621088301418,0.0002541946486137921
36180,-1.9080859316716605,-11.752412327985612,0.4706219495597589,5.436346771683747,643.5023633846653,0.5020942944165627,0.0002542491307441274
36181,-8.200106721432752,-10.288801016010423,0.9549630170217194,1.00009742637086,245.50251475464918,0.7240295129023524,0.0002542588431719342
36182,-0.8824501459185772,-8.076745446622894,2.587313406841593,1.0732532675897286,219.45729356761046,0.11839072594509492,0.00025426214917544164
36183,-0.15127297077560264,-8.661692678437241,1.241005551434647,1.1759293360335035,238.7407997868243,0.591545733016436,0.00025428771977503565
36184,-0.7495482626045256,-10.064973096646009,3.5474497116051498,1.5258535418161863,342.1731556883948,0.43199101676971363,0.00025429157926651135
36185,-1.768733068072578,-10.41314086285099,3.4084864453988457,0.6304782635534498,195.58054334888297,1.3568261618998543,0.0002542941452052268
36186,-0.2355642648197751,-9.35334849357918,0.8460937880823345,1.1272767741666674,193.656765179744,0.12639209590061018,0.00025429449362162655
36187,-0.5047196858011187,-11.495335815142642,0.5219397800442269,0.9728923806138362,270.6750237353481,1.83870599846556,0.00025429710357406
36188,-4.578806967522834,-11.62969714163851,4.588022879501642,1.3096750998760005,306.55269438934874,0.5300898338644471,0.0002543176283039338
36189,-2.562134618856521,-7.90697833827702,4.834123809977608,1.749745447087252,416.2822574402713,0.6453112701566708,0.00025432391090474783
36190,-0.6001602834472877,-8.809986181625286,1.184442844905359,3.2257036913238273,196.9233768523666,0.3403813617353064,0.0002543290415337447
36191,-1.677153704269763,-8.274195893853811,2.0360052834914617,1.5138794531930657,468.20773649004775,0.30834416411861554,0.00025433064137892267
36192,-0.6495124838988904,-12.249607611722347,3.0921527337132146,0.764434307047547,180.54834970417105,0.3723694000840849,0.00025433380381758517
36193,-0.07052437573623571,-11.001000001039854,3.2879194798416735,2.1732437914223617,422.90585713510177,1.7607576149983553,0.00025436774950997717
36194,-2.4420017760903088,-11.1858117934825,0.1265738042164961,1.8580403456656747,468.17301958015963,0.46771650212454485,0.00025438958922824177
36195,-2.9518004095593797,-5.9674341436038665,1.4747530855839637,0.7418945229493823,209.27713349690148,0.22956990193404803,0.0002543926348701022
36196,-1.3186132441629077,-10.712308464367888,3.357465776418357,1.2858651076540077,289.09657330593996,0.11834335636857762,0.0002543964528714671
36197,-1.8077686382256868,-12.095163959453117,0.4429996836681713,0.5974586793769229,127.00181715595433,1.0498801211772433,0.00025439818302441786
36198,-4.6284583663989585,-5.157508926592413,1.7707974081525129,1.972506745955841,400.94219874840957,1.7010723381323967,0.0002544001380401785
36199,-1.4512674499143223,-9.583420688685939,3.6149445370267257,1.1840172253933692,243.01893931315965,0.02657214465032176,0.00025443424906699316
36200,-1.526698485992478,-8.273272837115723,2.064497058546631,1.8929733867267524,455.5638146377666,0.6197192507100588,0.000254438814040563
36201,-2.8567923984580554,-6.449289011531012,0.7608202148796384,0.9142208820795382,468.82324414189526,0.0417877668015203,0.0002544438461629667
36202,-6.121664223007894,-12.19934213936526,4.523387752047982,1.268327698060768,469.5296995947734,0.21292887353850354,0.00025448293911264436
36203,-2.184012335331502,-12.413550677037488,3.0109125793482,0.7240033528467529,158.33162485954446,0.4113074543233681,0.000254490665961646
36204,-4.741509070367902,-5.976202428669138,5.05993599309974,1.0899974294334835,281.2526351993069,1.2694965493483776,0.00025449752592876523
36205,-4.9051333165449496,-5.387565879961988,1.2962028378471917,1.2596841439727544,468.5028363002759,0.6561188204559079,0.00025450219459661956
36206,-0.7999640184257295,-8.77632561743034,3.486439592107961,2.241948877071814,431.7290430403342,2.146843360292017,0.0002545110949171514
36207,-1.961090684371733,-8.093700059853935,2.494972424583422,1.5673045321022432,367.9458786102993,0.5451821240269616,0.0002545175923813326
36208,-0.31088945755610276,-10.198059747016142,3.5187633270607006,0.825996296550227,468.22890379204364,0.5455294259672572,0.0002545388414405325
36209,-2.211232591651452,-10.816170662705385,3.355386977406882,2.6515888425628353,462.31275183743753,0.8026819922852964,0.0002545604332785462
36210,-9.701847050975495,-6.613604992341914,4.4143841086406725,1.5141636254749662,348.36186996505484,0.03709365856985336,0.00025456551778080277
36211,-2.8371480483166316,-6.468040112296801,3.833983220666911,1.294117945744556,304.83057441821796,0.16853863934747793,0.0002545834990517422
36212,-0.3597839519213615,-8.4959370019903,1.5845748229768133,0.7487388232622183,468.5954869216745,0.26602490913144905,0.00025458846001445983
36213,-4.419431522235807,-5.106934964772847,3.165727277255142,1.8736240306157619,468.3170181892639,0.6099158562352178,0.0002545911131986352
36214,-2.20618162438592,-12.26827190554026,3.1799987561530627,0.8183832147559265,174.4383565106288,0.26011004445965913,0.00025459604059762704
36215,-0.1932347014922886,-8.36022117217101,1.7909929692576705,0.8425014666318282,162.36307336353903,0.1446827788671472,0.00025460014527991853
36216,-9.384743672331528,-6.005659491456079,5.033410905138016,1.1666866387421713,468.15890909665427,0.3006947610423163,0.0002546041187657062
36217,-0.4732963619010153,-12.428818735091129,2.9291433922778545,1.098451573985429,283.5427328336091,1.5909152009847576,0.00025461272695920863
36218,-2.5096453774966037,-6.77313645544849,1.1929839738270476,0.7924614095359256,227.9797105591253,1.3981329133804454,0.00025461852049530476
36219,-3.255323155838865,-10.952015492938017,4.765785540197875,1.219615982654028,271.16506580037753,0.20505933664428166,0.00025462247743560735
36220,-0.4570341121007182,-8.991490833205754,0.9881051126428936,0.7194028141512768,159.79364678023063,1.114215682122226,0.000254626424210781
36221,-2.077501348700191,-8.474932533567182,3.330662861401098,0.8265878374548302,466.83488517455703,0.09398224882007078,0.0002546351230238406
36222,-5.1989723042756895,-5.8976002153743625,0.4512202301257427,1.7628074249890484,416.29896232202765,0.19208838593118305,0.0002546377972251927
36223,-1.2324316966075006,-10.314507058126937,3.477710657504018,1.1490035927228766,297.62482734341353,0.8625653941707228,0.00025464693987037443
36224,-0.9561468440615997,-12.804674632103875,3.026672907237805,1.69274621929482,467.7664117934924,0.5697829650070458,0.0002546611977061566
36225,-1.5412565063172394,-12.077311012648638,0.4928109327296133,1.8765628025711518,467.1359340891453,0.020295058059674354,0.00025471011222275545
36226,-2.069883444515403,-12.691532433489645,2.991228049604466,1.052967331345836,281.392199638658,1.5120946554652965,0.00025471233372313174
36227,-0.6091449155568327,-11.503702877379826,3.2186834640761655,1.16143950872483,285.9826785251311,1.3127398419431806,0.0002547225928148458
36228,-4.095038197451505,-5.890415772782065,1.1982495641087638,0.6376302815192472,165.38514990058258,0.24301206638618478,0.0002547368432261317
36229,-3.073110371028643,-5.971058292647591,3.712267224865348,0.6044621184324223,146.929365937954,0.0408533683113097,0.0002547562343462156
36230,-9.981885004308499,-6.1677473160810035,2.0078271838307065,1.8979886357752573,469.30722353691243,0.2404111953573489,0.000254776145443616
36231,-1.0475179565145218,-8.288696166133644,3.0585657855572728,1.713507946359719,402.4615794018092,0.41366987883460205,0.00025479150010942315
36232,-0.16657846463958492,-12.212270075331352,0.5175649695159418,0.957301862607965,267.713607435994,1.6596659016793307,0.00025479901090237134
36233,-0.5033253839731042,-10.55831428361463,0.5528600132722288,2.3830183864280787,446.8829279807368,2.3973949818789313,0.00025480097839767534
36234,-3.744402886148471,-10.268471791679982,5.05778818558153,1.1094152455318764,288.6325954889869,1.3345281355685268,0.0002548035767615318
36235,-0.018879681948250848,-11.451658878361304,3.227673420652951,1.823862060820548,468.4525851327512,0.8487742506588853,0.0002548104966801499
36236,-8.245854903285883,-10.085282378975155,1.5497218188348247,1.022253507104212,467.8045406726233,0.4691181705004288,0.0002548124994642698
36237,-4.343651862558573,-6.643533710564682,0.355022088531487,4.916089566936876,547.573698063685,0.13217383744143696,0.00025484694787929245
36238,-2.069903852379076,-9.175018492472791,3.6120157144466067,1.5986719233721356,377.42552625981693,0.4275637310564804,0.00025485488934792066
36239,-0.8914182153363441,-10.451758965069121,0.5830071583412403,0.7468932972000153,164.10106322611367,0.056159895850171004,0.00025487374709860593
36240,-1.6046169366495615,-9.032219486317608,0.9597143143487468,1.0847253294606438,283.72899374485155,0.9024278334562963,0.00025487793794959633
36241,-0.6469891694980401,-12.343215526544672,3.035839969107145,3.0648981283626995,505.32305425982884,1.6731532756169036,0.0002548823995729216
36242,-0.056642007508136416,-12.019446196022074,3.1182578867811634,1.8310179637033606,385.8461897490155,2.102192188111025,0.00025490437257885245
36243,-1.5587108953692805,-10.962595784180438,3.2922048677634894,0.6317045569253663,118.75668697490376,0.08257875010156202,0.00025492137212594423
36244,-2.096389676042543,-9.194590433719378,3.613890469123143,2.475632780522167,455.4044448295845,2.218836717246366,0.00025493234403452665
36245,-1.5353128195186176,-9.358997966972222,3.6170437999970884,1.0340181116460292,269.68269031800656,1.3660894173533444,0.0002549557749982282
36246,-1.7517831787310403,-8.018280693853423,2.397755819893645,0.8608725009233111,468.2608509226861,0.3966661705212182,0.0002549622738458067
36247,-3.76676048189538,-10.516565471032004,4.9256858648293855,1.8535831693507228,446.31698970562996,0.058138905434277355,0.00025502904195328464
36248,-1.0776849919228422,-8.045961120659877,2.339770519610145,0.8218891414508696,463.52195926823504,0.14421980031654247,0.0002550534571307236
36249,-0.9730173656228676,-12.870978068242826,3.0764033129640134,1.8878627873016318,468.73230365166967,0.15034399797326525,0.0002550571768641781
36250,-1.0079759097959506,-8.277424476111905,3.108882637374346,1.0680686005680653,278.6793829770938,1.5388893492651485,0.0002550651925398566
36251,-1.5593048234767686,-9.41149330936729,0.7989704485497509,0.6829246843296848,144.83435588681755,0.8613602771161988,0.00025507943548445233
36252,-0.9938015703823471,-8.242998077398685,2.9847414030268458,0.9416384697394725,468.2223572706799,0.41593770357180126,0.0002550805646313503
36253,-9.597212160359526,-5.4348553647030045,4.663538682680308,1.0488478419421738,451.3764804866462,0.0304483539564524,0.00025511848779974204
36254,-4.353222199593297,-5.341487205388963,3.4811493945413217,1.2364403266562143,246.53232273352845,0.013767404808500139,0.0002551251603612577
36255,-0.5080078418327467,-11.749442711620606,0.5031145139854811,0.6929967865872704,319.3158206568975,0.40124645257342895,0.0002551262322986041
36256,-1.7488415539614302,-8.27806860367329,2.0496189594436736,1.2470709372379827,296.7157335699459,0.4575830466471906,0.00025514927215518877
36257,-4.652315194672163,-5.006299710978495,2.872385553113706,2.4973208836616374,457.1144207636428,2.1195647052404114,0.0002551622447189099
36258,-1.886624985454743,-8.102460612992619,2.607968191651368,1.5735536775405266,370.10054530796776,0.4034838728923704,0.00025516703861847256
36259,-0.1358678558823474,-8.266095129723231,3.0934364263627536,1.7248218878358927,403.4269439782316,0.1365770248175897,0.00025516794335638616
36260,-0.9132157470262072,-8.032429975712969,2.533534219693923,1.6041668878108122,353.59142783572713,0.31914441437575913,0.00025519082062627605
36261,-0.001545644591367079,-10.850362135165678,3.31729015814619,6.8185903493422,656.7299051466803,0.18862748887915615,0.00025522732133494033
36262,-0.40472848434634834,-8.480219862025681,3.329192642299456,1.0939453474620777,466.9573920742753,0.6026894228885649,0.00025523911304934385
36263,-0.05291923377244423,-8.681671181491403,1.332196931525015,1.5024948683422723,343.7471216638263,1.5990059493695457,0.00025524647761055315
36264,-1.644935332795427,-11.817220170590357,3.1509946160333717,1.6909376502150013,468.07950828668794,0.7191909530205001,0.0002552523928252081
36265,-0.6561257568265368,-12.147232628108055,3.095963934679801,1.0799394159533828,467.12382491274303,0.06461394725825986,0.0002552540278385913
36266,-1.5998666747427848,-12.260876998301322,0.5028680459196065,1.086641561377475,224.28127676185068,0.6046961599087526,0.0002552734272030601
36267,-1.6561283283256838,-8.63447937855815,3.451257238155785,2.9367965369677704,486.04369250222106,0.7693834726898823,0.0002552808125648085
36268,-1.5098796960105183,-8.595903998943317,1.50636440290912,1.0182867746893662,468.1391200055588,0.8559818232598557,0.0002553063319919632
36269,-0.0515081534959716,-12.599347590250078,3.0699750534763472,1.0096955315258105,467.78001452128484,0.935356950852527,0.0002553065834262234
36270,-0.18955564902909217,-8.83406367619498,3.540755335890861,0.5732666879892981,120.30955277360955,1.105765208470193,0.0002553084210434346
36271,-0.2628487019172052,-9.411338458584506,0.8392014722543072,1.7880746881678395,467.78696603856616,0.4744364403261434,0.0002553179299735329
36272,-3.844633108682814,-5.589397253552783,2.001593264125284,3.2125613712109327,513.9790611967314,1.1283099724809427,0.000255329165373752
36273,-5.391221713820252,-11.614261525189374,4.616895702613951,0.8124811540519885,234.3369663857079,1.481162176576098,0.00025533715448501713
36274,-1.8840572624917087,-8.504495098945036,1.1032991937133028,1.1962796248239127,468.2898980212769,0.6363952964895683,0.00025534680214975704
36275,-3.950602932388283,-5.906013731763623,4.545054968763938,1.7550928472100351,414.27276029200004,0.5005034189092319,0.00025535578355996406
36276,-5.236651516958036,-11.34524461908598,4.669173755214322,2.45098847881435,451.56792804106175,1.827280397106673,0.00025536665819203054
36277,-0.9791071653937315,-9.940996813604094,3.562657456606825,0.8491989877507762,467.7210817646336,0.37056213673271543,0.000255372195760011
36278,-1.2569305015228434,-10.57341092110477,3.435371562791653,0.4918782618775096,119.49585931098929,0.8572482755846202,0.0002553814834570656
36279,-0.3780975777491502,-8.068394367993143,2.2129785203925656,1.7818769547291986,467.58270978609113,0.7788136872931632,0.0002554185010000868
36280,-1.6218855345135648,-10.14195201954453,0.6000530820456601,1.6400068880742296,381.2133704841309,0.0980629981081611,0.0002554240592565573
36281,-1.5692396154243333,-12.933217114997797,3.077577928347377,1.692841010649142,395.51204654492386,0.05248464901600691,0.0002554592762709275
36282,-9.393536452415537,-7.749592132070028,1.653419603324634,1.3249903795908013,470.51045249988994,0.049534349962482516,0.0002554602685446985
36283,-6.856636125718113,-11.358057118404052,4.407367178615951,0.8761796687096091,469.94373218232334,0.1919275405268248,0.00025546145715990006
36284,-0.40752820906406306,-8.251695164684925,3.031149267748679,1.322860480386443,296.43622504962457,0.8476622118678394,0.0002554771382161841
36285,-1.5241131508648582,-11.238067011336897,3.2640521994655147,0.916649677850307,467.15349699179956,0.5247939669161079,0.0002554993757817673
36286,-1.7305028309993506,-10.920182281624793,3.2972209105804686,1.4877264396076146,470.3511536729954,0.08712522604652762,0.00025552201856143277
36287,-7.226853428591891,-9.45633469245869,0.08038755874090422,1.1066004594176502,212.1763636061678,0.05594578563361807,0.0002555319507196649
36288,-5.874015644835222,-12.480459432014305,4.510908029872485,0.521150991274096,114.8075693674813,0.7697428049696251,0.00025555654455458317
36289,-1.0667551981353611,-10.761813619426302,3.335813440765341,1.4947106727814985,468.4282076186247,0.7956377061067528,0.0002555620277246464
36290,-1.5620324977513338,-12.496071355486269,0.47354765370590035,1.0909277797613035,466.88941981675373,0.5484470250774187,0.00025559408188204026
36291,-1.9075930047315879,-9.448885199123776,3.611249936930432,1.7900915829294977,467.8965239961058,0.48424253017285235,0.00025559443308069207
36292,-5.627901519322508,-5.050668187346072,4.974035129082194,1.364040583629288,329.92655394972326,1.22376774625097,0.0002556465791949518
36293,-4.759234974362599,-5.313248709931288,3.9572280142989724,0.8938732647749873,189.49062601638624,0.0879897461003738,0.0002556526095342818
36294,-2.7848430074416273,-6.268843939626749,1.95290984718687,0.8828988379335801,181.21528650738955,0.7156837011610087,0.000255669157736982
36295,-0.473941550314958,-9.611914935447682,3.606260386904137,1.7323802997086077,409.8235063477362,0.008628334877233357,0.0002556846560313057
36296,-4.027566745781783,-5.269057002410085,2.6539539598758375,3.2988085277406474,516.3315912508702,0.7906410592325068,0.0002556899286759821
36297,-1.4806891993040523,-10.786284722884696,0.5358067289898502,5.486370917165259,645.0183418195525,0.42402472890358744,0.00025569008064621625
36298,-0.4109553259381098,-11.230698364556222,3.2424284956435625,0.741797380087418,222.0419115354336,0.8320313101097163,0.000255715947227287
36299,-0.19785253222234545,-9.539822751446057,0.7723008934789546,1.4101077983815515,354.9571349712432,0.538505518644615,0.00025571945032586585
36300,-4.794606658331731,-5.4831336908667065,1.0620924587761926,1.043010874621832,467.1683050601585,0.12615840600458839,0.00025573578850333477
36301,-0.981609155854759,-10.167302698141805,3.5166747587973477,1.1722861549326302,259.6840340623807,0.09589814592088342,0.00025574742486554966
36302,-0.16543840151092581,-12.629913765735157,0.5194697575681168,1.2961056219409508,303.62475898647557,0.535292670244587,0.00025575529307008435
36303,-0.05612220573781457,-8.191132699895075,2.851800174069555,1.4123953492844024,297.61436381962403,0.11735715471714503,0.0002557597200206508
36304,-0.17509466445738653,-8.676775145281418,1.1950497560739164,1.6817408125176674,393.10268082116664,0.6853542456981829,0.00025576410414121444
36305,-4.951763514220676,-5.367105010990478,1.3170405728493444,1.6082666852161662,468.6741736568182,0.42558619231798644,0.0002557810746677859
36306,-0.2382917235019324,-9.433128051678963,3.6145683625213727,1.7882319601555605,467.890165272542,0.3071926676237462,0.00025581049076503037
36307,-1.5937827761542955,-12.398688803773071,0.4835671222358404,1.805626509755388,455.01984464900164,0.5543348720449846,0.00025582731286945466
36308,-2.5037502382230166,-7.078045068132519,2.45025434963907,1.0834943187298882,467.64662716461305,0.9001255970973636,0.0002558597868344309
36309,-9.120406338066541,-7.294052059862223,4.858982478213423,0.9083653288025716,468.2733075119338,0.22128241827727368,0.00025587176658255597
36310,-1.6259660212559233,-12.76621911070974,3.0004738130799833,1.1589841602423405,437.31314392336475,0.4802194561790367,0.0002558745402464013
36311,-0.7106360458830565,-8.487838233045462,3.329165154523777,1.5523885910056265,360.3414668303413,0.3417873900230841,0.0002558879104507966
36312,-1.3862539310794624,-8.084419049030924,2.6909699618782885,2.0114960324745974,344.7372299995467,0.1618351628709016,0.00025589199363683525
36313,-4.8814891239482,-5.368372777117518,4.209095938414011,1.0420931701656944,468.08277917615095,0.10312533452966743,0.0002558927147441668
36314,-0.22819022892825913,-8.04045027412834,2.308794612417567,1.8185290109707526,432.22553182630645,0.5000151741842718,0.0002559168806713406
36315,-5.284554528634392,-5.197910426328175,4.486454288754729,1.0395432719625037,468.00852249292876,0.37198177379421704,0.0002559197832083891
36316,-0.27040460184398185,-11.723137595694146,0.49601352318427483,1.053010711912007,225.3767359141905,0.5176873562910229,0.00025592097265209204
36317,-2.3951310236984753,-11.38440633044357,5.0045425125248135,1.1000735059865643,469.97667707684354,0.06252249691075029,0.0002559333389768405
36318,-1.6859691751720849,-9.613708654765016,3.6044513298406713,0.7663905384550301,468.02486791545203,0.3553006324345258,0.0002559386259624709
36319,-6.263325151533019,-12.40729761517272,4.481721739434441,1.1272321038986253,415.11040143133255,0.03930283558212633,0.00025594342424383024
36320,-0.01610878406017946,-12.346247749205691,2.924263736158393,3.3096317284732484,500.6601431622482,0.3573256800058875,0.0002559495874595872
36321,-3.3375574671988417,-5.37867868085376,2.293402944070699,0.5868897724199511,122.57476374370903,0.2768121394982108,0.0002560087513671553
36322,-0.028376938313508404,-11.955134752810583,0.4863522797787215,0.7976697403275277,186.94571351978237,0.08900924982386993,0.00025601467421101606
36323,-0.34161135777388196,-8.89424025409259,3.5551055951035626,1.1748679125192383,191.16163377364995,0.07559219732236944,0.0002560246877472282
36324,-8.74311999911587,-8.37384959332594,3.834891457090155,0.7493613294045642,152.70923714519523,0.07478867831442759,0.0002560279782844628
36325,-5.187560552133126,-5.037951154165241,4.180608025778458,0.9304244577358041,259.2458696826624,0.5904977557778528,0.0002560506142183981
36326,-9.550413429658843,-7.611398004230711,3.460161508865396,1.4298303370743843,300.50686411232186,0.18020714042463215,0.00025609884762933
36327,-1.8007830828379827,-10.055278706984128,3.4855311613823585,1.1816851060409739,243.9503189345092,0.28288490965661506,0.0002561063014052419
36328,-0.2514563754222756,-12.073235837352861,3.096848878847982,0.8321568617976203,184.65782087412194,0.17904007719115,0.00025612421195308116
36329,-1.2784479477206254,-8.094261211059273,2.2646342309538516,0.8474503087369726,211.4024197815047,0.6075787497315552,0.00025613751531038375
36330,-9.416599617353615,-5.8325070667674055,1.1509967243122905,1.1751447903555061,292.1059391786967,0.6195018200476996,0.00025614002419894685
36331,-1.7666648028445806,-8.123452103116328,2.7826212707267652,0.7838574233982994,157.255144887244,1.0163122760125392,0.00025622519977548295
36332,-6.437514340861421,-12.617345718947085,0.01889172247799154,1.871764359853453,468.3933415139957,0.35618102782258276,0.0002562274258374543
36333,-9.795082148236514,-6.167457042684945,4.3637150368612545,7.566369269651927,554.6075273872355,0.014054134258368656,0.00025628189603140475
36334,-1.2035473749512597,-11.945653081212534,3.1146277008332803,0.5601767092462834,148.56647542376814,0.08110353646749768,0.0002562968284389704
36335,-1.9310241131577737,-12.73552082219652,0.452042241397855,1.1096060287480105,467.3033756057801,0.7829297506432065,0.0002563194509074438
36336,-1.3381789958779713,-11.67444855339516,3.164833036347984,1.6838223751150487,254.7670789472252,0.03236492750758835,0.00025634351199939386
36337,-2.183745512239504,-10.184347988128374,3.509213530045364,0.966235068177912,468.57852059134336,0.26840958227295975,0.0002563458822790068
36338,-1.9214189674131248,-9.772473559682593,0.6789334751081614,2.4121316670212116,374.9832045517065,0.08474903772271158,0.00025635218150263497
36339,-1.4431293429547978,-8.427902118758036,3.257116775818173,1.1708455220232894,466.2325580032398,0.17441157751889413,0.0002563691310254215
36340,-1.493797315002844,-12.364140921988083,3.079163776924339,0.7749239270921291,158.24996398414575,0.2717783170704031,0.0002564343588099325
36341,-2.945342878416386,-6.132994361108128,1.122933589024307,1.1895042311149007,467.3129808123751,0.3412090850575602,0.0002564379903939538
36342,-4.561946014573332,-12.850861119127453,4.451513894099044,0.9903268866033645,274.28492313689804,1.5952240418630712,0.0002564686515116975
36343,-0.7987150172711406,-8.525091858540652,3.3508254586061876,0.9059486960564116,467.0065520805114,0.572528834130269,0.0002565352945014066
36344,-3.6731193538828144,-5.82287190643214,1.6168822603703468,1.8524254657204746,443.13135480934073,0.462709334723983,0.0002565807947147717
36345,-1.2070884048610147,-10.836790553013437,3.308195702753269,4.101803510920393,467.9354893492361,0.05511605833612254,0.0002566162306217477
36346,-1.9016736592349996,-8.00256547828364,2.52386949691542,1.0075066247506668,277.26485405483317,1.2366856029336981,0.0002566271740996203
36347,-5.373114603009195,-5.013614959322663,0.7051018795681891,1.001994529603322,275.72269784659875,1.3616444519355335,0.00025665430025184914
36348,-1.0657274876850629,-12.706945453868428,0.5082282615766822,0.9476806955598595,468.31099139258146,0.8701477916396998,0.00025665994381659683
36349,-6.643980852787166,-11.357747573668169,4.523973243894715,1.6006212722592243,468.5125969752934,0.14805877291783087,0.0002566709126419054
36350,-5.37589529430888,-10.954733642949522,4.784860011690192,1.0759509818058057,282.20202881924257,1.5091395463372104,0.00025668048028039414
36351,-2.1695412020955107,-8.05575713564005,2.6280198300759245,1.1728349379111442,214.25812940684497,0.07170614347554238,0.00025668321671632214
36352,-1.3290188282743003,-8.066915076924815,2.3474192498494912,0.6028036601305304,136.6479533490462,0.33703597847386835,0.0002566934280515806
36353,-1.0562634203506764,-9.556746434485566,0.7717320908698612,0.9313890309581513,272.2872602105963,0.3195726360444455,0.0002567220874528054
36354,-0.48499272863167775,-12.610714843236794,3.0716810464903235,1.3027787317518846,291.6379129522467,0.8788827660652023,0.0002567373679535519
36355,-3.2206213173811307,-11.478576057304918,4.646397904108661,1.4571310905650925,468.6941854636907,0.3924349194233825,0.0002567422537095001
36356,-2.1513535458400037,-10.783456340385676,3.3208753452499846,0.8399883559237531,468.74485191078224,0.21434216146660834,0.0002567715692834647
36357,-0.033112253640913636,-11.230442449542924,3.2528802632269413,4.160678616423742,514.4383084412833,0.12794024205764654,0.00025682780141630024
36358,-3.398874556357403,-5.763316690251207,1.5628946755670197,1.053890184863792,468.0973988917789,0.8408299248810875,0.0002568327071326671
36359,-3.414413120469323,-5.721694523195222,3.979550887090699,0.7645652381405529,468.1908947357468,0.39566882618842314,0.00025686370734313976
36360,-3.503797885295321,-6.200311898266279,5.156159900768058,5.041661323363217,570.3175022767157,0.18566665918808223,0.0002568662393137736
36361,-4.152840846636322,-10.124781183271882,5.147367559525343,1.6917032977951414,396.83676834894885,0.6878426086236011,0.0002568855292811227
36362,-0.28834077198159846,-11.416490482000622,3.214893297933325,1.580188764293607,367.1746282762509,0.1913097096035612,0.0002569059263175153
36363,-1.5573242359032022,-9.917083254130908,3.5565549434737753,1.109457403911455,466.3286941624074,0.17461194157982796,0.0002569101600657387
36364,-1.2949879205291879,-8.055909160925534,2.443379589971424,1.3598486026835572,331.435776318453,0.5509493803632459,0.00025691220837385944
36365,-7.767103314987551,-12.897654059644319,2.8135831682871064,1.0232049550199849,210.25151019920668,0.7514372161882124,0.0002569215554510635
36366,-8.34753893843174,-9.697369941260778,2.2145196173138992,1.8440065527042582,445.54128250776887,0.18918241318414353,0.0002569225298118763
36367,-5.472575558070926,-12.495602192034093,4.506300983533381,1.3332259752503912,327.0144453619202,1.3125864529273956,0.0002569777044571023
36368,-4.504131900743621,-5.5808623911508874,4.030819494866356,13.118060530694747,613.2179032369079,0.01955822133854479,0.00025697815584942743
36369,-0.5674131137447365,-11.347526576119199,3.2388054079244597,1.6263478633818609,382.41302895813817,0.5389381664935984,0.00025705903417533907
36370,-1.7186307182612577,-11.574077650681307,3.2799415661468014,1.8760657197892794,466.88838198444523,0.14672536277462722,0.00025706751293570523
36371,-4.522185038252483,-5.516619790403502,1.532089776746709,1.3602764081161678,316.4424326694107,0.9512928933559222,0.00025707244210130506
36372,-0.7321743529144076,-10.554926309413947,3.375080659866656,1.772515470401199,467.76300414099444,0.6088902779261192,0.00025707623096303626
36373,-1.711858534986428,-9.119537567186548,0.8867604245270528,0.9268252728323096,251.6522671749987,1.0437444486364376,0.00025707702620412576
36374,-1.2868456015999463,-12.340092799558853,3.021990534603352,0.8291059019431872,468.7717583717482,0.21238302447344104,0.0002571004250432097
36375,-4.079840922821855,-5.564831754217588,3.7778016886647996,4.731114465440183,599.3720255345288,0.3175284840357788,0.00025712617289911684
36376,-9.564688500841974,-5.447086023614093,4.714798489476471,1.0556884305680398,470.2636631626734,0.02931776866914504,0.0002571371989099606
36377,-3.035336013279071,-5.9536317412814395,1.3589122151555584,1.8373556487691967,385.15164266659707,1.7278728113111006,0.000257150541923547
36378,-5.784324048090462,-5.100423641746964,0.14009731689302643,1.746350024641129,414.1898228799602,0.045315355411116975,0.0002571506887311656
36379,-5.359690177175673,-5.586102565475085,5.049293969204312,0.827935129787367,241.14779614164524,1.2481210310327695,0.0002571556061102215
36380,-1.4264788154091104,-10.948734871834892,3.265269605107348,1.1471458871385993,177.58119815986527,0.16746886143744977,0.00025718025014805307
36381,-1.1664591220568337,-8.046903356453555,2.5158433478748417,1.2439560591479562,263.78482648542445,0.5281039367498463,0.00025719253336048566
36382,-2.6201614499160453,-7.275435249299783,4.169386583830806,0.816790025679322,164.9134646409386,0.1522722151493472,0.0002572189336747139
36383,-2.0242668154935872,-9.753199174267907,3.5798249526510895,1.0612641635381126,247.4567617105837,0.4528948738146612,0.00025721986316798944
36384,-5.558882927144524,-5.156220615830583,0.40651243013881716,1.2647600958649097,467.97098521037253,0.5901664961174005,0.00025724670456280457
36385,-0.35025632452664546,-12.823301101527568,3.013571273563691,0.9064649263139686,468.0927004223992,0.7267542726397265,0.00025725336822135796
36386,-2.5471410862221227,-7.436375283650847,3.8782138893558384,0.9873357814635881,468.11880426626936,0.14623423591267137,0.00025726637261181117
36387,-7.762222825390923,-11.659274329256853,3.034516791039793,0.6666280037198228,467.63887050972244,0.4674160419604698,0.00025727003404423253
36388,-2.5927231577602514,-6.516923616666064,1.2711330270472028,1.0375540599574633,282.48691597696956,1.0157644186043457,0.00025727678865809724
36389,-7.920611890974321,-12.374768010781631,2.046800242250444,4.472490078210055,592.5529952803743,0.5762481645607123,0.0002572991675383349
36390,-2.4040056194794364,-7.59487156852736,2.8357782113868635,1.7713015324637411,420.604950452543,0.2504360042000213,0.0002573005368880153
36391,-1.4848547539983858,-12.150432246739381,3.033854174970661,0.7162377263106695,204.6961245025164,0.579845106593325,0.00025733419784329254
36392,-0.05931129501582966,-11.684046999308585,3.2024557287043147,2.0729081536634824,408.5735128184571,1.306846604545707,0.00025735872436272915
36393,-2.0131448112621175,-8.07983333506993,2.3525821010652885,1.1980166889591841,271.7253437369157,0.376232388076426,0.00025736018415033695
36394,-2.7274334964936156,-6.375391546473164,2.281237216637264,1.01605786823473,272.83566819726104,1.131030832301696,0.0002573801556714915
36395,-6.3871967147430215,-11.43795295097261,4.594158088130431,0.791217446728493,215.32320837925107,1.219957806678324,0.0002573864452456083
36396,-0.12465857951576886,-8.090932346531758,2.367910820823689,0.7832433343039514,176.2553577162923,0.8615315620280208,0.00025739244278730395
36397,-1.1284886045494318,-11.906892323701376,3.108542985962798,1.1802022012565223,241.15761929656983,0.5408344811311743,0.0002574026921708353
36398,-8.155352830705421,-9.935201154514562,2.8364724215483297,1.489726215709658,333.18519743099114,0.08419239165164694,0.00025742614527844026
36399,-0.7111809503039126,-10.629290025153665,0.5842419578596493,3.603421568508224,454.56511471011214,0.11210642850866037,0.0002574513738747166
36400,-0.6754125200721575,-8.070476821084743,2.6584820470585107,1.6120765379881663,468.6870519076685,0.4928830961041255,0.0002574618722265199
36401,-2.19278779591317,-8.061476754069382,2.419744481967841,2.5800224502497024,214.72091625217274,0.3823275722426036,0.0002574704387059877
36402,-6.573608602929774,-10.959616385873815,4.664069016486397,0.9764528427778029,256.6565024768353,0.8618270538831903,0.0002574861872321765
36403,-1.5221594020211207,-12.744735054411045,0.5070799161056606,0.9627708096539539,214.04255369869944,0.20244268886286942,0.00025748769664759045
36404,-7.909752463437828,-12.859969046167198,1.918509271861472,1.1478148936908819,467.20033797628344,0.4257943865006437,0.00025748941690106176
36405,-6.121455129170379,-11.405537765659645,4.646702762914807,1.3365285574759525,224.9663852297566,0.3701535204062436,0.00025751953647202544
36406,-7.607129399985917,-11.749893633314347,3.385709262321973,2.195681746988776,420.2018625920169,0.3075480597596183,0.0002575398377086222
36407,-0.8879210292239375,-8.125024781140828,2.702171056674309,1.5025706559804157,352.47794565033024,0.35819085474947965,0.0002575443996767798
36408,-1.5908597522634196,-11.856028513512307,3.1155640744829993,1.7152431930084489,468.1554483383591,0.5857894256312388,0.00025757622321861327
36409,-1.3554312209080255,-9.323124820442008,0.8639968806092717,1.485273906378123,339.33034065842173,0.8010006115053274,0.00025759380621512507
36410,-0.20840853602415166,-10.19890075492604,0.636439843186667,1.0730865791365412,230.6367976666014,0.0680428510671165,0.0002576384185168164
36411,-0.6064358431011154,-12.792831656454767,2.9077261562569494,0.6306208729654125,146.97169734898813,0.12346224889853996,0.0002576484495548879
36412,-1.7617962659407311,-11.144039187478063,0.5002767196859605,0.7539201666290108,438.44782233330665,0.36540746814262803,0.0002576516325365187
36413,-1.5190949895303216,-8.393575407630598,3.2254032989045025,0.8280702888103944,162.42870699339153,0.1611419844863642,0.00025768311094416974
36414,-1.250177334033447,-9.701355948717433,0.7148545878730479,0.992988420160071,196.29332190666045,0.7261369058983886,0.0002577160384067067
36415,-3.56325552429659,-5.3552739915447924,2.9145521547104307,1.8277897724177536,436.9733780770226,0.18066709232286726,0.00025772704140846256
36416,-1.5716937261418593,-8.832313789196439,1.1323483368502025,0.9649481067972403,215.22859395549798,0.35971497226003724,0.0002577382520663659
36417,-0.46316109861808563,-11.311949409192968,3.2282910463983323,0.894515550848643,247.0098862230384,1.1279924389780467,0.00025774396887259506
36418,-1.0973436003345292,-10.601265607446654,3.3584207759040754,0.787945046111901,207.47334931213396,0.9734898596147694,0.000257770227767878
36419,-2.103001373905151,-10.46221869548991,3.4340517908083568,9.677861175636188,650.1588549284279,0.10952585412512672,0.0002577830852267582
36420,-2.063151330745133,-11.277643862036086,3.2414121112846335,0.7783527771188093,468.31231752464276,0.2619742773546401,0.00025780220887986724
36421,-3.5100158882272776,-12.222301768689858,4.48588009158036,1.1356440329633062,233.44813452659702,0.822770181993099,0.0002578059924737392
36422,-5.611141973005166,-5.229505980278123,0.28283609053627506,0.8697799852224768,170.5212522537402,0.5198057955977964,0.0002578166473466418
36423,-5.319466514242326,-5.532125527120214,4.927723476796617,0.8096218035358151,163.81816727739516,0.7737362546216833,0.0002578169524090383
36424,-0.437922606741429,-11.577229847926896,3.168047708817412,1.1706633753475848,467.4736540534387,0.1994751702596247,0.00025781801662101326
36425,-2.1601471853575624,-12.340072446228532,3.0241757127803592,1.9126099466955684,468.81724096812206,0.6434134294106029,0.00025784203492876484
36426,-1.6263804815738823,-9.542204183196262,3.598194125762145,1.14746549481984,293.7224159018874,0.9125925120730338,0.00025785278619324254
36427,-1.136845294896741,-9.84219054470189,3.562346601251375,0.7043148065815655,468.41526964734146,0.35852673623550846,0.00025787942286863846
36428,-0.5576114893822073,-12.927617595344405,2.9083340418940415,2.7682569740585854,473.205036061085,0.8812959431342042,0.00025791984371649615
36429,-1.6400077436481304,-12.703412718357988,0.5166154845338908,1.575257990920618,468.6297399101855,0.3294834008880354,0.0002579340855305981
36430,-2.862908525501984,-6.079205575030709,2.139749482802252,1.0273329864250023,268.888488627924,0.9689471701901047,0.0002579722760826981
36431,-4.66433451850442,-5.166635170752942,3.5507444048389325,1.6594015039843686,386.580425277813,0.6561734963124772,0.00025797828734959867
36432,-2.4028730690575992,-10.05361460273763,4.823549369737363,1.2295957170123486,240.22689127236495,0.12195221348078267,0.00025798227321901287
36433,-3.634132370493931,-5.621093137612785,1.7716887740255391,2.2958859158433835,433.57464527029174,1.3163961477834727,0.00025798296736648273
36434,-0.4675914525113871,-8.250811715168151,2.1426968864252327,1.0541567313615121,208.98442252318029,0.8093755622429057,0.000258000922919327
36435,-2.3791704279128236,-12.233645295456457,4.7523497391254175,1.595279903869727,368.15606977469884,0.367128585226542,0.000258004362095947
36436,-1.652285454706659,-11.79057961497584,3.058874302172836,3.0897976393643187,470.86268032339035,0.1902449010861309,0.00025803666486617634
36437,-0.8679568640413553,-10.243955104403756,3.466365394979841,1.752166523871561,415.38965696978465,0.34958477909260655,0.0002580500330961101
36438,-1.7214214568708766,-12.576030913785074,3.0773844867428353,1.208035194603733,301.79850069065907,0.9116258293668213,0.0002580953154151704
36439,-0.06349423826866563,-8.142386128569932,2.7876367933509165,0.9372520498646442,263.513080869042,0.7875934186059173,0.0002581393662926223
36440,-7.380274537765902,-10.705207343812987,4.082561672229156,1.1443378132373878,468.03186286557127,0.030624328623626518,0.0002581697186556398
36441,-1.1111590314897626,-8.070557755511635,2.449086046368888,1.7417036238992267,412.1753214437869,0.4018640334574535,0.0002582061444929754
36442,-0.8711508552137541,-11.891520556752946,3.10253524495883,1.0566847813766953,279.5878003204291,1.4801929346596951,0.0002582113910609044
36443,-0.6055040020217408,-8.580722403480024,3.3736091705771054,2.5983262684435102,447.4390217894644,0.44760881369174665,0.0002582494162149591
36444,-1.0043619751829347,-8.36417326968979,3.1726725201410604,2.795701211871192,480.6211850757635,1.3189818366849435,0.0002582496654738794
36445,-3.4245320137128434,-5.422483237985065,2.977537952012018,1.4337716335071171,321.537236652399,0.9459863258239141,0.0002582726212391083
36446,-4.567392833902356,-5.338784837700807,1.8862314863209468,1.1814970876833686,300.13895106197134,0.893989956855564,0.0002582769638870536
36447,-0.8715992328523559,-10.70655512913722,3.327671244416687,1.4973827187588105,468.1124360078944,0.7378976388375342,0.00025827866052474923
36448,-1.6523336335476202,-10.798895019574408,3.303752527974908,1.8880879557622645,454.08705436348845,0.6128173841083697,0.0002582986087207422
36449,-0.4131618877298333,-9.685351316784079,3.5811647014727996,1.8092854842109072,433.59424663919793,0.9322744581790063,0.0002583235257483484
36450,-0.2886419632013997,-10.215230337208187,3.4951221319587673,3.6622259709190463,543.5784912747367,0.7841101767899525,0.00025835421017079795
36451,-0.7032997981929547,-8.55809312808071,3.3578631114453956,1.1273113906558714,237.08751181032886,0.9098929667038584,0.00025835705430994046
36452,-0.6307039255739539,-12.144562903969485,2.9260522590286087,1.8047369360964527,467.23565232994116,0.15850750236459454,0.00025836190166040045
36453,-0.3857655916896938,-11.283128356417217,3.22850374762625,2.4301825835943567,449.3356780118992,1.7074421418791763,0.0002583800930049385
36454,-4.642853286299339,-5.381721221824558,1.6823422471007878,1.6780142886166107,468.1546944782071,0.107996019961063,0.00025838442804843384
36455,-0.23503702737376386,-10.119161114143717,0.625784381192963,0.5014986237070379,151.76283859739215,0.7126199850215817,0.0002583901986487652
36456,-2.080067763731483,-8.150805420316352,2.864481588139572,1.8327589282779468,438.5255847628921,0.21535565702168746,0.0002583913508755396
36457,-1.6323876946352858,-12.37180035665345,2.9119990255255943,1.1852625244520034,230.03845005201885,0.004956085188379866,0.0002584047663565656
36458,-0.6258710498386897,-11.852198071112452,3.1069649779221544,1.0195665444788102,467.84478141834194,0.27235675025368256,0.00025841042502687886
36459,-4.365293668291482,-11.120680549301065,4.700904543912885,1.857301692717061,468.0753973721449,0.5410093872701909,0.00025843543222180853
36460,-0.8290399018559729,-10.941653409311588,3.2752171710064237,1.692811342942414,367.96274243051585,1.671995748361038,0.00025844871708305655
36461,-0.41337299123053484,-12.115941027094765,2.9296224737960923,0.9758666868488398,468.4985563543514,0.011952262098274602,0.0002584522134713809
36462,-1.8796004365370518,-8.164004319745011,2.8279989568477744,1.5389269229483649,470.17405846814523,0.03254380735994289,0.00025847543180479714
36463,-3.1123771191213745,-5.595951772068913,2.1748801446724877,0.8696933690312101,468.4327453505285,0.8187981216382356,0.0002584905117273671
36464,-8.808318883706251,-5.17520930810795,0.32222564349447474,1.6626609892269455,390.3126525175709,0.5555413577602435,0.0002584948326427627
36465,-1.3382931425637903,-8.338857845574774,3.141947983643737,0.8385454826912385,165.31646704571511,0.5568858399120371,0.0002585114364735873
36466,-9.320244366578557,-7.125587082778631,4.683605486231572,1.3051547261767276,279.9828752805481,0.36305032539815674,0.00025851202232056783
36467,-5.392712062229046,-5.000869767842767,0.7249811039558918,2.7605918525773463,461.8187316391173,0.2691819931633992,0.00025851317943243667
36468,-1.091902892583267,-10.72037071058703,3.3223852017613082,1.8210513261820118,467.66683350448784,0.44435794349312463,0.0002585134129383735
36469,-1.4030243321295348,-8.712559321705438,1.3367440708725673,0.749125048126105,199.90196404775986,1.0775159423675644,0.00025851962306524043
36470,-1.9798197009102445,-9.184649376952898,3.592963610815887,0.9985765250250984,467.7501719241016,0.5683251182775848,0.00025852372662543113
36471,-0.32799250382852385,-12.505745645195013,0.49524742302283653,2.6721182418054097,442.0929262845717,0.3480952686976657,0.00025853893166979247
36472,-0.16150821155033945,-11.126858723803235,3.260917545482301,1.695072021310518,424.20723046253306,0.5965831772815298,0.0002585472722649405
36473,-6.892429957952027,-11.615427340982633,4.323742343304414,1.257391755498419,300.40613422995585,1.0946622622600026,0.0002585919559616207
36474,-2.1388017334338123,-11.460182417775068,3.1518605614643227,1.3888271200203524,345.01733342458584,0.459333170880571,0.000258614957004556
36475,-2.1770208464551066,-9.988906151071527,3.539368272006148,5.085125494191412,623.2089202522701,0.3841608309899849,0.00025861912089043126
36476,-0.5223451681607862,-10.60775193970694,3.3906571346978116,1.7723427350914074,419.4298751749799,0.5405634724017672,0.0002586344798741151
36477,-1.6144283015633523,-8.37671203095288,1.7498158205575347,6.602888450436727,695.4035013308902,0.5206188716460813,0.0002586407821957809
36478,-3.397115043782258,-5.825254810787322,4.0974112896530075,1.5104810080047524,347.8946045513778,0.10142318457254529,0.00025864392133043964
36479,-0.48282501631566177,-8.403318482262835,3.225211238354519,1.3136283106320386,318.2544534166962,0.6650209404699998,0.0002586478109466381
36480,-4.7692207717368085,-5.836696429832319,4.738224696110171,1.5501376893667924,349.0051706635551,1.7755165470538596,0.0002586631483829149
36481,-0.1930453539179826,-8.161231749605482,2.878625949874675,0.7552969989076325,189.88923469819935,0.207235497688532,0.0002587664997135431
36482,-4.627829250861849,-5.278780531229554,1.666873365396203,2.8419112399991597,470.4246015090603,0.5657270290386007,0.0002587788509671792
36483,-1.5767096903667728,-8.847043053863956,1.125191319606211,1.4661912098923333,331.924501990948,0.4833706481265878,0.0002588294377407154
36484,-4.5904823399602765,-5.006334955022882,2.289668458069407,1.6580270655632137,467.7398307556715,0.17025061575845069,0.0002588501580004362
36485,-4.522885144772454,-5.3727529604912165,1.899838680951665,4.273426391680663,581.4149819239949,0.6383270009800599,0.0002588662533378165
36486,-1.8986144978431039,-8.475597027517587,1.705261428795987,1.8387787929244634,467.3970128323835,0.3316878990260985,0.00025887838168516447
36487,-2.152925834322547,-8.534683977740844,3.4953172451131476,1.7118918161103878,406.36025225139986,0.9557924219903251,0.00025889171736869426
36488,-4.749432373876825,-6.488321548137813,0.41763021964737224,2.610009764302813,186.82418366999573,0.3841206165012512,0.00025889947755852727
36489,-0.09679415869748276,-9.222595137170067,3.5933768608047014,1.770553675318484,446.08498963483004,0.7647660816494275,0.00025892740000513437
36490,-0.3360578508168217,-8.885531321623066,1.090748762124254,1.6634241392559386,387.9702360889135,0.1341716109284743,0.00025892823858520336
36491,-0.442010763796544,-12.44866501388764,2.999323720610603,1.8505904044456154,467.8430101831802,0.14062329674922758,0.0002589410866665774
36492,-1.9297700850459165,-9.891419597029827,0.6405613931397726,0.8263580170725285,468.55705383997577,0.5347813513887258,0.0002589530556430953
36493,-5.8480828225143595,-12.103249113434698,4.544345480939176,0.7347271372316764,220.55881217599367,1.4807305896712046,0.00025895341498632663
36494,-1.0402364104815192,-10.760915800416072,0.5538665058988748,0.6975852665180938,194.0878909291484,0.979576842984784,0.0002589539628736319
36495,-4.5670634793940454,-10.805144131077519,4.81143985090057,1.1579066908245543,293.33563298735936,0.6939824488942685,0.00025896270066422716
36496,-0.9412495530507918,-10.390478187995399,3.4489509828833023,1.1716604229683458,467.1788189515203,0.27690447459300405,0.00025899459548337606
36497,-0.9357456888176845,-8.738455743945776,3.456304284357406,0.8995856959658727,237.06378244139725,0.2378732228844136,0.00025900589413314917
36498,-7.690326526600796,-11.843406267388849,3.178422040717758,1.2643430218525535,467.98883099316896,0.362988005574139,0.0002590195884084828
36499,-2.1034897749764276,-10.438378278537979,3.4303221890258992,1.848830238391328,442.5101220799267,0.2539011813361487,0.0002590373902424569
36500,-0.6371898589480658,-10.846390627547288,0.5707135668441715,2.5338642565857135,454.5975854327667,1.1390187624215509,0.0002590418923613307
36501,-1.9536310500318734,-9.221986134127782,3.592504885907421,0.929097798137839,259.1849631906736,1.2540096079565934,0.0002590597182675011
36502,-3.3554313558814037,-6.044652487443056,1.08816019767296,1.160356857475499,302.2999325549593,0.6363369168748099,0.000259063376129373
36503,-2.8917193825594234,-12.741749828350324,4.991894785176951,1.8447061487450735,441.99643304927406,0.08666988808751253,0.0002590689222038292
36504,-4.87763567493263,-5.04081079722333,1.561783231225043,2.7914122792626546,480.98262203521176,1.4364415383295448,0.00025906951913016465
36505,-3.26754556751607,-12.247651667293887,4.49499890233337,2.449139121561278,441.8028114799115,0.8288852553514809,0.00025907364432693585
36506,-1.5953584364314235,-12.275010418915112,3.0180836795417822,1.598589753619163,367.1153382029231,0.09754481249711766,0.0002590745767384217
36507,-3.1064384461423122,-5.703424479722404,3.0118485093554446,1.0057380557668927,201.18369806816366,0.9919956599090272,0.0002590928445967181
36508,-4.112798970832952,-5.192200583294033,2.6484082840752543,1.0366137031862694,273.2683689044999,1.5787382491434787,0.0002591222187977818
36509,-1.2616125108202105,-8.253170109397596,2.138748707543731,0.8196658931267257,232.56768254727345,1.5700289727619046,0.0002591512679280785
36510,-0.7859569017602546,-12.341167206743274,0.5196243378511813,0.9338982550395661,245.72185835562837,1.4522790793619818,0.00025915187739281514
36511,-1.0317729915256955,-9.461409063793113,0.7737781968005297,12.943654629046568,371.1739767878437,0.3132371886809704,0.0002592108587654637
36512,-3.6950694483395576,-5.431740667067063,2.3862633930463404,1.5476102190355154,470.43271842214943,0.018742881035613834,0.0002592386537034483
36513,-0.6893953031191877,-12.4912479685027,3.0080243353064775,0.9618122935630935,227.81974424505898,0.26579232323830304,0.00025925118336028746
36514,-0.06712907607373175,-9.692123646207069,0.7310915823315525,1.0333683143522736,282.0302102507166,1.3769095381654806,0.0002592762283180857
36515,-3.5243107777308484,-5.461276123531657,2.488983528063365,0.7144607444361742,466.41783718178135,0.33801540852730394,0.0002592776638525264
36516,-0.17154639751780465,-9.820741138647646,3.5564445472258757,1.2254849930081608,270.4484493877835,0.38846326473773374,0.00025928443543907394
36517,-1.2981248967004024,-9.488291079265995,0.7846024915725623,3.289611681663495,518.0274231421452,0.955877196521226,0.00025933376260952484
36518,-1.722371621783962,-11.02958460991052,0.5332872169304982,4.336093639339726,585.2145476154975,0.6473536474230093,0.0002593427659335548
36519,-0.15407024791762858,-8.285568854181951,2.990984457232999,1.573204599347165,344.94217168333205,0.8506843648828157,0.0002593430620182979
36520,-2.863961199660096,-6.12332681108428,2.458704404706309,1.5119079968315348,346.79768691871345,0.18240493803199076,0.00025935902855304385
36521,-2.291712269820408,-10.552814003077824,3.833376501879098,0.9352903844497746,251.94953799097013,0.6380032356580108,0.00025936138083792494
36522,-3.253153380090775,-6.281974196245644,0.8490655915177158,0.8417240998606035,216.43816284955375,0.19372290726767094,0.00025938527531806457
36523,-0.8226208030858917,-10.827307416007889,0.5610100473933778,2.7546661702452844,471.5079728345545,0.8714014975379882,0.0002594043261958819
36524,-5.042132796969529,-5.4424723069135394,0.8826237598501976,3.165266887001451,503.1212984552328,0.6917441995145586,0.00025943121232142093
36525,-0.8033592761835848,-12.842173197759038,2.984492632475923,1.2066857859130107,468.6228103032559,0.11497492416208477,0.0002594548162004847
36526,-9.784144229981093,-5.691785854873208,4.367371740709318,1.6054995659334481,374.5799501568972,0.8269982553692294,0.000259523910098947
36527,-3.04633467566393,-5.887990287712866,3.40152775010347,0.9640041493537428,266.02114834755514,1.662328059474114,0.0002595334262961006
36528,-0.12147494138794812,-11.879485476724666,3.0533529340716536,1.0994343505935973,239.67149510112313,0.15230520641782075,0.00025957221973895296
36529,-0.7538660358665972,-10.011603117449585,3.5210997214241218,1.3604918888502417,296.58823979166783,0.4533874138042089,0.0002595893175256426
36530,-2.749913169525927,-6.3462405848571155,2.8794317340143096,0.9178699813134604,469.8984440034255,0.06960623114049991,0.000259614419666358
36531,-0.19344847523539777,-8.77068425516886,3.4930603167646646,1.6957475498386112,398.0321296149319,0.22378452688020367,0.0002596328164948754
36532,-1.807888426086862,-11.825344317367012,3.0987558139994613,0.4984860358285311,142.4017705027955,1.0967548350946696,0.0002596338812250576
36533,-0.13360101483602627,-10.04053397402119,3.5152183134105357,1.311010154718451,278.2955208676904,0.8612132414842302,0.0002596441455140332
36534,-1.943674023757687,-11.991360606599967,3.2015908917104365,1.0578003524800716,282.65594211588314,1.5152758439551155,0.00025966564392234124
36535,-8.006534858398421,-10.87564553923519,2.4519700836909264,1.844139161204711,442.26404485399723,0.25414881409234,0.0002596989632049769
36536,-0.28358700873256737,-9.54582073847925,3.58584272527453,1.0758741407715167,280.29854181375185,1.5852510757475438,0.00025970567076409514
36537,-0.5398289398488547,-9.145884144546208,3.5808954290181725,1.8233096245427485,467.6420956276523,0.43834228096469374,0.0002597319302296372
36538,-0.14284324695704775,-8.434567211590839,3.1846555931658886,1.696403712447949,468.2315720050557,0.3355707990918848,0.00025975060092540145
36539,-2.021987566646417,-9.69888768242478,0.5435568368888845,0.8916799423060401,227.4770813905819,1.3342429772678424,0.00025976848363234973
36540,-1.4349416249928932,-9.533442843316394,0.8034336382184538,1.5456307592327523,430.36666113879704,0.3615319903539147,0.00025977091696063355
36541,-2.1151164585371527,-8.371061752751771,3.1478687510446535,1.0415997495446667,264.077128577868,1.6526667446157939,0.0002597738602946724
36542,-6.4444433126539025,-11.395252403186603,4.585005808834192,0.7393894389613344,155.8078008919082,0.9199171247273936,0.0002598241428254402
36543,-3.2095650831798164,-5.770237059852428,1.8068302703731924,1.4211362815191693,318.3794090050605,0.18606790109231053,0.00025982710809268933
36544,-2.8789245720315604,-6.6561575456390765,4.660476665551501,1.0729321210155922,468.3555401621309,0.6229568947546991,0.00025982866967407485
36545,-0.0023300618253117023,-10.630293341317973,0.5392011219069229,1.3857965137354293,456.28707825955775,0.6057295525997768,0.0002598458310466298
36546,-4.52300726255697,-5.971252497547632,4.860064079527854,1.0395765230761884,247.27927932408087,0.37142096824055315,0.00025984682318915404
36547,-1.6955261038126412,-8.06137712396548,2.4276456059121654,1.8928963395764848,458.1389214901777,0.18746900546583323,0.00025985498844621356
36548,-4.512325212807698,-10.208627933168465,5.097176199560657,1.6371342907207314,383.44821064267416,0.782625171522219,0.0002598681457830715
36549,-4.1897071582338175,-5.715133592954129,4.190461061037741,1.1796085229562112,301.8852426799636,1.7245663470439334,0.0002599057644357875
36550,-1.8489031476559106,-12.043210468066874,2.925253502554145,1.7273693885109338,452.58287888367477,0.4248163301317254,0.0002599159432504128
36551,-1.8890479783824894,-8.111948034427602,2.7485294038805463,2.524696502357543,460.42838904115507,2.4427767242706793,0.0002599646853388556
36552,-0.5795088701906277,-9.298096675887955,3.5904341572097933,0.9759729079331027,271.2804194152929,1.870347107519021,0.0002599745706995613
36553,-0.31923843350482173,-8.398082464254669,1.800953569077087,1.0345127214070502,467.4506310005845,0.7584827764302604,0.0002599809600312446
36554,-0.3938144989281831,-12.770507648098501,0.5058283184849037,0.7869930741910414,468.43911970187065,0.40812802525173364,0.00025998241956800384
36555,-1.7009878168496346,-8.201388140897798,2.901399039567932,2.1789233658620635,424.44258793007015,1.7746957088916107,0.0002600341162290898
36556,-5.434422488668435,-5.040090951836209,0.5700866840428637,4.597998934887229,593.768573883329,0.35116070741753536,0.0002600421095063905
36557,-0.8087867834483458,-8.07210670580445,2.5243183278073973,1.8122299015403982,432.91963122473294,0.30767882551288306,0.00026004510373176697
36558,-1.910117036634011,-10.68265960018838,3.319562283090483,1.1545697534614487,467.5865456763981,0.21877279936176475,0.0002600609058671022
36559,-7.598680493911232,-11.304202492033747,3.506292544489252,1.692881675562749,398.5061475916235,0.09251712005479806,0.0002600714228457595
36560,-0.41109435084974066,-9.273815733093723,0.9017187047835254,1.143774228268481,292.99456746209836,1.1110295712308238,0.00026008713104553444
36561,-4.176720501542329,-5.15872959590034,2.5398424726910642,1.5451527779412735,366.04180461809807,0.47124357155593355,0.00026008983997107487
36562,-1.7595681962322693,-8.97726732286706,0.9928149207428939,0.5451615423011702,124.75191681526533,0.4560390539225576,0.00026011234682938277
36563,-1.5718129771545293,-9.468655006219686,0.8410192384256662,1.0324226822347409,281.92966263468617,1.2897397547223841,0.0002601195336827649
36564,-0.6918302292166363,-11.628847708192565,3.0539562513799567,1.2356357151650157,300.9232607590702,0.5141160278851249,0.0002601390593368002
36565,-0.6453645358009439,-11.86999103590266,3.0401750322752465,3.241229723322529,514.9294807750205,0.9758201155245354,0.0002601400644276374
36566,-4.572293299215855,-5.343323196267647,1.8992346844958323,3.7758585641214397,555.4993895354341,1.1632684326307556,0.0002601912058714395
36567,-0.6678158210131429,-9.312630133778786,0.8650233372491957,1.0451868433643163,278.9769974090799,1.4476476112732515,0.0002601932274893536
36568,-0.17524952273953254,-12.043011027921507,2.922094038187792,1.707796038301723,367.8335369331275,1.5329430033097777,0.00026019473711907996
36569,-0.3133531475011644,-12.453986004195333,3.0156563361932482,1.287717701757122,284.01871319851784,0.2687128715956115,0.00026020602322303056
36570,-1.722213095794892,-10.468245455547422,3.3725874634193103,5.041231203525231,423.2408392023151,0.07034070209583287,0.00026022675643676925
36571,-1.635519481592814,-8.262599772720492,2.1007924034864667,3.001234888929877,485.2946961325865,0.49219057348698225,0.00026023260896350055
36572,-1.472727261703744,-12.41052590102124,3.0193116281100707,0.8617464993168654,236.77276410838653,0.2961888164575681,0.0002602348525480789
36573,-5.1138492814491805,-5.194417543644934,4.238377604781634,0.8934678780977591,467.78772620374576,0.66285355415389,0.00026024291110576456
36574,-8.303931832358286,-9.775665497010516,2.3318509183077043,2.4834437010156902,455.5342434340045,2.0739986755533035,0.00026027514722646466
36575,-4.559560527513634,-6.070998292977865,5.1402878296299335,1.7485529212906616,413.2776656722561,0.4627159763133246,0.00026027721544409854
36576,-3.765090938595046,-11.603888245199322,4.56847872478988,0.924623333906662,171.63902778985135,0.13851893899313605,0.00026030004899505957
36577,-1.9824019109949873,-9.9107351954232,3.534906370767203,1.3291464591033209,319.92781919958014,1.4982584537055805,0.0002603056160378556
36578,-0.19248189987870745,-9.306800259513132,3.5882727810897848,2.0766816629885145,413.961760312757,1.9300916712981708,0.0002603488268885882
36579,-4.869044107178445,-5.31161282296977,1.490572208575201,5.448897561516204,623.3134331275702,0.2605562557152412,0.0002603731287361958
36580,-3.023622534967272,-6.289735559391667,0.8844520903888202,2.5358590733494366,447.8274042945142,0.30867145491375947,0.0002603748659184965
36581,-1.6516525201292893,-8.597346541584502,1.3251037047396255,1.2107269578124618,305.79227650169184,1.415930528367781,0.0002603836062881123
36582,-3.5233082958355233,-5.453750322000534,2.7530332740075014,0.7437142121311174,464.9485686185181,0.32277979825512837,0.00026039458745464277
36583,-0.6790190013855426,-9.995471766636792,3.5186736786887116,1.0811530029690202,467.24662279320506,0.8939864248525593,0.0002604014322632891
36584,-2.5083058847810253,-7.063539539153766,2.327277011325173,2.0076575453337764,247.93022274940242,0.1171551715990038,0.0002604202105848643
36585,-2.073814380634884,-8.114081838620312,2.4708911691856947,1.6784904645085186,395.86563378194353,0.4999455325144835,0.00026044983566418
36586,-1.3051699689097518,-9.27564264395242,0.8933330057496265,0.6358068260617026,129.3226469963635,0.18064867205987412,0.00026045707027818254
36587,-1.927629065214628,-11.594448422531253,3.133397051178728,0.8917751275214874,217.63171656288876,1.2117984907703532,0.00026049925878120596
36588,-1.7859999706007095,-10.079803711126914,0.629320822864206,1.7239816603211446,406.01261399985066,0.44569421541605436,0.00026051614659615803
36589,-4.560595155795576,-10.219269541156255,5.091211385419999,0.9317795028104046,260.73445600175785,0.8390865911640324,0.00026051747446150306
36590,-0.1775832823017307,-8.373310676897388,1.9644175477875234,1.5898486111399548,468.6766139008229,0.814110881326414,0.0002605424344261358
36591,-0.9812881606584867,-8.751328701170355,1.2497768498573398,0.9668441756230199,270.35440267822054,1.623569760904302,0.00026057374806445354
36592,-0.10930907290792291,-8.080081006310015,2.3042521503040443,1.8619746191806477,385.0032214205951,1.3252162766646007,0.0002605892082016702
36593,-9.101546713139063,-7.698031559433099,4.316971716442494,1.8375676149120428,454.79615090437295,0.25108919271416763,0.0002605989504979986
36594,-1.5777605781508424,-11.61719359564165,3.127905090181182,1.7173361436804062,468.34840607407693,0.934173883898433,0.00026060233826162343
36595,-6.647707747663386,-10.63794467240458,4.751941102239242,2.0576140472680944,411.533406143635,1.8644913150663394,0.0002606048085866719
36596,-0.7208634704461421,-12.85536034260897,2.9704806993287276,2.6545485194388965,463.4613104731129,0.8916804864180108,0.0002606250685436398
36597,-4.54316540453794,-5.617903471265043,1.2763687015168064,1.9132346126541933,467.9587348295355,0.5881374916089337,0.00026065392420063227
36598,-0.9839129394540205,-8.90394877642473,3.5253964384336705,0.8623064364767823,172.46657075478325,0.18141922351714612,0.00026065467583141544
36599,-2.344299024834843,-11.172418956585094,4.208836483460068,1.430263644601544,327.0199940665043,0.0013199893218178715,0.00026067616137241174
36600,-5.500947666975686,-6.359909292921156,0.04186187041587911,1.8590291960192404,467.8600734779294,0.8012949942612222,0.00026069118924617555
36601,-0.15508644331966792,-12.75762497954731,2.9770297048119234,1.8559235085627699,467.6882972588158,0.3125629604259119,0.00026074434995304255
36602,-0.20295195951071499,-8.196869541559211,2.8327958849919193,1.8260857786908837,468.12654313461394,0.04682230152951661,0.00026075694938540943
36603,-1.1994435999672852,-10.336850372478475,3.4482783220936595,1.0680535863362048,184.74188185933014,0.11447510965100438,0.0002607617077384502
36604,-0.47293814497818154,-12.849475923806581,2.9690409509090494,1.5955759381478065,469.4510617469993,0.17426331415254648,0.000260794642256981
36605,-0.9686920980256772,-11.95428571029478,3.0733566778616708,1.042145372950601,467.70783761335605,0.3456311627342279,0.0002607951086388186
36606,-0.9099538332951482,-9.930105850131786,0.6596807159923082,1.8448488783943975,377.4514183476014,0.30583578579021253,0.0002608092886252007
36607,-1.4108453140517927,-11.28718087565515,0.531258511193661,2.1466482781584286,420.66225160614874,1.850220817944403,0.0002608099438520237
36608,-3.297585108700453,-5.752159575305455,1.647244659501775,0.6155464906024917,193.7844719664226,0.6139567237339874,0.0002608132010346574
36609,-5.202529762914553,-5.791423589199808,5.151990583542043,1.8903152248754551,469.7803554678877,0.1222462485574054,0.00026081339533233163
36610,-1.7430598335029028,-11.628269608655987,3.122713739035508,1.025980653626329,217.88899598941194,0.13906211752840836,0.00026085571687344255
36611,-0.9349638793401311,-9.078650847913984,1.0064539202756297,1.3035111824633294,468.53046820030886,0.6678106905270633,0.0002608557462066787
36612,-4.261354397568811,-5.285304829058638,3.2357419592304844,0.7981712300055187,161.25411133883438,0.1009577811003064,0.0002609106858204837
36613,-0.5508978804600098,-10.971837541906192,3.2453057433521133,1.0305444515090683,275.18064570601507,0.9986178837124493,0.00026094104239149705
36614,-0.40313282319253396,-8.261292206675936,2.9324129907865313,1.8809911479355086,467.45561852299824,0.021031448321698676,0.0002609427840573096
36615,-7.036517736110535,-9.718903388693953,5.07111694651751,1.5077003866704919,350.1494126305012,0.1836860440713588,0.00026094609955068504
36616,-1.5122954739722,-12.933519558133169,2.9605600594741825,0.812735016985681,164.8005629773644,0.5794569590695238,0.0002609465593419936
36617,-0.4637217361733921,-11.486118136082755,3.1546037170749766,1.9833676145721764,392.949487473243,0.7676660415071286,0.00026097571597748107
36618,-0.14122429005848325,-10.622186412431262,3.3275100625597864,1.7808456813656839,422.10725272628093,0.5110418382535586,0.0002609846125032301
36619,-9.43382307231137,-5.939851313241703,1.2364035113672636,1.592982725698303,375.54060422725286,0.4574928016492015,0.0002609861926129788
36620,-1.7957310322925988,-8.263886406089913,2.935735824607698,1.3032378433851866,467.8114960585629,0.42388646645117856,0.00026100418169377175
36621,-0.92977374132143,-8.641109961350192,1.4208910730696946,1.86729367684278,450.3395782617211,0.05459309587545125,0.00026102307373374755
36622,-1.8633258543167184,-10.543189944279014,0.5274734263194268,1.0556801801193625,253.1177860335937,0.43861314902231285,0.00026102901633421444
36623,-1.8643655886790889,-8.30605437675604,3.084927499208404,1.1613342641235744,228.2724754603103,0.47566093753131167,0.00026104698415890473
36624,-1.3861515697239106,-8.3359547876969,2.0218100436002593,0.8402680214773213,466.72884520508126,0.554835146136452,0.00026105279578183095
36625,-0.8912652096629685,-11.162334597760138,3.2432340119464778,1.1718806739826153,187.8559775833938,0.14376467685280403,0.0002610538150867035
36626,-7.88518992393182,-12.547163550260457,1.5518619354001384,0.4929923412523854,113.86291143667515,0.6572786247272484,0.0002610563663722248
36627,-1.101194974757524,-12.315298639795026,3.008413058817029,0.7996582925180961,156.8566552510151,0.14563818341974688,0.00026107804747116554
36628,-2.39795908368719,-7.588326574640234,0.880834145827581,1.402081419115731,330.8243290623758,1.7700172312603417,0.0002610904700482602
36629,-0.5734179248766065,-8.34945771906967,1.8748989854547182,1.2322566814260627,269.58478875500373,0.2342270868035996,0.00026112526418774776
36630,-0.5058028554040597,-11.903339299608872,3.0312413415541135,3.288950072642588,521.0051908160391,1.2738801014872498,0.0002611390324766168
36631,-1.252223642027273,-11.297143202394187,3.2143680710013713,1.7283415127475508,409.4915703142644,0.9571880157658388,0.0002611418082864554
36632,-0.0724386219201616,-10.347293882363285,3.443458221418968,3.110657433401825,503.57566331583155,0.8886498646555259,0.0002611418928258476
36633,-4.7864779247331,-5.287270828430806,1.2531125178942342,0.8256509616058113,470.48413044778033,0.22561646562215287,0.0002611430241311669
36634,-2.888965030778486,-6.175972815224144,1.1250986604860707,1.8032899165001952,462.3193552398714,0.4366879678129463,0.0002611729616731185
36635,-0.561440157249347,-8.305580107435876,3.0828590204979585,0.8003138697339149,467.39602668898436,0.5337803927486107,0.00026118742413871023
36636,-0.9391972457582085,-12.73674665320667,0.5169622853075772,2.160453770699695,415.49345002143014,0.9780946826552404,0.00026119232064203613
36637,-1.4716369469271626,-11.147760238053632,3.2344921662257913,0.910434340740374,468.0643266535806,0.10729162121559277,0.0002612123898023617
36638,-0.682107420340035,-11.35602394386947,3.2805987948180504,1.0841311476428037,284.18725665978263,1.0666078810289124,0.0002612143344398351
36639,-4.142596491211174,-6.56352550517517,0.47935361442162133,1.8599131786056589,445.19726501037064,0.5701454667747772,0.0002612216794129373
36640,-1.0889812384210842,-8.2678761672436,2.938776816738317,1.7494863480275522,293.3586715010047,0.03969584895318423,0.00026122974462867575
36641,-1.2294451239174453,-9.356711078894687,3.5832576883837985,1.0401139469242697,278.3691601361244,1.0544933328097637,0.0002612307945400774
36642,-1.658128631958192,-11.601829902444987,3.123934774204124,1.4254602416778575,316.7949118520662,0.06543569795149473,0.00026124284711762113
36643,-9.512728254431062,-7.551428253388169,1.7196983059080884,0.8735966648823463,469.19231306685793,0.15044268866228627,0.00026125129544457635
36644,-1.6006593110790455,-8.086423771553278,2.3018009694496055,0.9283874756806382,242.88561529737237,1.1810630214491988,0.00026133905383207066
36645,-4.845317332967809,-5.187342252436149,1.2618735256254803,1.7028629352369922,467.8850185552034,0.6268562626833889,0.0002613398481963554
36646,-0.3236004618141646,-9.433002241190756,3.5814429418358573,8.417618468838592,535.5781718805141,0.030780698496491787,0.00026134137197824704
36647,-4.495612222589641,-6.3666398666360005,0.584605131975777,0.7842078117605985,453.7227026172845,0.3589449448779458,0.0002613506083408637
36648,-2.0715144162453756,-11.606894407045516,3.122470021776475,1.1411543302944525,467.1026072119082,0.3993326826051664,0.0002613584638631764
36649,-3.683015296240373,-5.376010134181134,2.431351494924736,2.2372556294967465,423.47068970616374,1.0460242218115905,0.0002613629824038143
36650,-5.38397363337903,-6.5301587868075925,0.049516267561007576,0.8388151464278243,218.5362846944654,1.3115110314548728,0.0002613740929629371
36651,-0.26429266951504005,-12.991132283946815,2.9509670247994837,2.2100240085737437,428.3223163105486,2.056115443791125,0.00026139474900660774
36652,-1.2580175151449087,-8.10009952951889,2.5605902909876295,2.4821320086806637,246.54497000636107,0.4320833747449564,0.0002613981226241357
36653,-1.2675223048217283,-12.176854395161415,3.076744306401828,0.9525267373560703,266.9805535174176,0.7915520529612037,0.0002614017316659181
36654,-4.93305154272114,-10.173120778168173,5.134503896906749,1.0039136268132318,159.14561651289472,0.19762897884000186,0.0002614157326442946
36655,-1.2224480644878941,-12.13643868584762,2.911798636339136,1.821286643106175,434.99010036619296,0.05685291605414822,0.0002614179678414957
36656,-7.889752871828636,-12.659754559445453,2.2383650862217035,1.8239180970563287,436.57934977211374,0.4037562426722916,0.00026142844403808063
36657,-0.43354470408240076,-8.433698780183798,1.842892820023032,0.9166927519304511,207.3927214047562,0.3827353715033963,0.0002614306676664249
36658,-1.810780280800433,-11.802305623724713,0.4747250673993561,0.6906569512687517,211.81146934524833,1.4679361876433683,0.0002614481758452133
36659,-0.6317492390678616,-8.472427086801577,1.6819707734760567,1.7924525851686364,468.674788193985,0.914563598568007,0.00026145740872306775
36660,-3.266241676812065,-6.373938224889482,0.7625318423013627,1.4998307617585094,352.4564070917868,0.39453435393304304,0.0002614664487048318
36661,-0.3489546232367289,-9.642603752497056,3.5654735382775233,1.6905892835243006,467.8901998003526,0.44159749771866963,0.00026146937999506456
36662,-0.8506927963498221,-9.719967173893716,3.5563123916002324,1.2003845393047985,250.5770086179135,0.056172530244757546,0.00026148104993254967
36663,-1.5233350008486042,-9.988309663427685,0.6875489542640844,1.3858522823720412,169.69839720988054,0.22751754406376623,0.0002615131513074761
36664,-1.4503539866072384,-10.649534397918318,0.5799258134749143,0.9238995382185062,242.35349727785362,0.7389631120419615,0.0002615355529195139
36665,-0.2048753822449818,-11.746649578599387,3.0922615876563144,1.2034569268724629,237.23813884108182,0.010381959604679913,0.00026155486088017427
36666,-0.8873247202650099,-9.043182190385723,3.5529729623722086,1.0218836882103115,257.9574819846277,0.1508175420585829,0.00026157120019904294
36667,-0.6778794171924947,-11.14461501640584,0.5536155216631616,1.0699975653926475,286.2384264718535,1.1170745707770005,0.00026157696888758075
36668,-1.4722359571154122,-10.749068385614137,0.5680201173827248,1.2238387320254274,295.36244552322245,1.240195607440615,0.00026159956071190887
36669,-1.298882445696595,-8.651510547924588,1.3130888327011299,1.6279474238269764,381.40729399539595,0.7008579687320378,0.0002616005964718941
36670,-5.329209762925957,-12.064075012180036,4.538940467391977,0.9054455388872227,258.54033277089655,1.6899159653467555,0.00026160666065820143
36671,-0.13224716856663576,-10.997640740704945,3.2497997456897134,0.7187220089037917,150.10303564325133,0.1852729154338073,0.0002616132610458907
36672,-0.04670356559546107,-10.203424502470899,0.6265231040887683,1.7199485874926084,405.8311311608144,0.10294001431438904,0.00026161830866857825
36673,-0.8362916300783638,-10.577596596953175,3.333651432871703,1.2492080016236977,278.2340505795674,0.19865131027162963,0.00026164830771841397
36674,-4.461817016338046,-5.606284964901413,1.4445023446531446,0.8785264749293314,233.59530811000388,0.8350173435275705,0.0002617140460394825
36675,-0.27061334830701256,-8.076935344294403,2.4288903878721873,2.7152442990369132,470.16594450165826,1.0247672339659335,0.00026173026135398024
36676,-1.9045343041900669,-9.383216468973206,3.5799168184107932,4.544884233326472,309.89926082345244,0.19097306896066168,0.0002617425674392494
36677,-3.155599920990455,-5.515128884038243,2.278337280305011,4.702891728095117,333.61804324942796,0.17086717749201696,0.00026174860663319947
36678,-4.688511148293806,-12.760552904235997,4.4570426361380955,1.4839726158752766,342.44840666677396,0.2779832653690635,0.0002617636648604691
36679,-0.07968284664921121,-9.315651579890705,3.579170262671723,1.7349898052017723,468.6772533347809,0.42434997471182534,0.00026178197477687943
36680,-4.401840017539396,-5.330499073000869,2.0795705200150287,0.872821736981648,224.97187367815297,1.1703237004057447,0.00026183467735541624
36681,-9.417791026670992,-6.597538605920546,4.8748123564931785,1.0120336770551583,452.18068494825854,0.0284575343911202,0.000261846954911431
36682,-0.5921827392102337,-9.746070986860957,3.550377855160526,0.6206433473497225,131.24805495186334,0.1364896280677259,0.00026186376734727414
36683,-7.637002518101447,-10.685589100187968,3.6620428161199827,1.001001662018932,273.8501830599356,1.509194744278033,0.0002618765959409133
36684,-2.0978743819717867,-10.47999894539479,3.384660097322378,2.3607813169158627,443.1382069350966,1.9557261509705706,0.0002619079821350361
36685,-1.508016069974186,-10.766454892103154,3.2824728105263805,1.239807233855701,275.547279055974,0.28507847996793334,0.00026190973250988657
36686,-1.2083106220383915,-8.62989996696996,3.3733928773150947,1.8821274123267162,462.4114348394042,0.0010721997777407566,0.00026192247854950156
36687,-1.9482155959259018,-12.979259388027737,2.9458041243179487,1.7167780527744145,468.44891237213807,0.4362817112143462,0.0002619324850043832
36688,-8.685542201520562,-8.875074608061809,2.7079497678888513,0.7719729505214143,171.30994174565893,0.46953299336357546,0.00026195098381361515
36689,-0.27682918951921387,-9.294198925624212,3.577428263355313,1.3087355481839684,468.0159520051653,0.6301781113638638,0.0002619556683262913
36690,-5.327183201881034,-5.660337300423052,0.4755294256997135,1.417551434217226,290.07575983580386,0.4085226479969988,0.00026195917983619284
36691,-1.9225294777606443,-11.172915431438103,3.2200728432684844,1.544181981166782,351.80165433567254,0.8691186565443596,0.00026198973156369045
36692,-0.3762774554682409,-10.134414061728299,3.4983426708196776,0.9547383114387411,264.6367517566288,1.4310596173276613,0.00026203744213069844
36693,-0.3787243924269923,-10.524619100755265,0.6084203600058089,1.7099803942461462,363.385949886418,1.1282838526194254,0.00026206356936457533
36694,-0.3284183572087631,-10.395485192588364,0.5950769214998345,1.1965620855326133,303.4988793724918,0.8049913075765351,0.00026206464787147495
36695,-5.844461893440093,-10.460909425806806,4.989647880089387,1.2446498137912898,295.04403632484855,0.36338289156316605,0.00026208486154549455
36696,-1.2265878753738235,-11.586322736080051,3.118571495903169,1.0924090825184178,269.93586752750565,0.14529954772586962,0.00026208796867087126
36697,-2.1784623848648614,-10.2279950697546,3.4558247086776963,1.0759990012702538,280.64675181370757,1.0778592032878098,0.0002621420622905673
36698,-7.8826300094291035,-11.86550140702754,2.5230192354768204,1.4655957685765604,470.1533460201011,0.007315433367873325,0.00026214717323562193
36699,-8.203464637424137,-7.508529749933183,0.21206564693359362,1.0908948971647867,301.95007952411106,1.1466074456180557,0.0002621478687502483
36700,-0.42805414933904373,-8.139558908204602,2.7534881456783347,1.2793930317549194,468.01902930694945,0.4395968186935608,0.0002621512421107828
36701,-1.141266854282005,-10.69631271221662,3.298447764775656,1.732026409906351,408.59798323682253,0.21667416694951225,0.00026216470344841747
36702,-1.2977245095666827,-8.432916423200718,1.7801014152885823,1.7930668718074483,424.3163878598726,0.10842372648875642,0.00026217059896452744
36703,-1.4668628423596637,-10.167629639389897,3.4547568596376594,0.8161208805693208,165.1149664232409,1.0018916915416867,0.00026217210075899
36704,-5.644968297256101,-12.518601707725178,4.5002293792229455,1.5515494063770503,467.9381149235283,0.02937303469563357,0.0002621891664469503
36705,-1.6306114124327706,-11.063800044090279,0.5711578742898237,1.2947978426828692,283.96626356538894,0.29343507251012024,0.0002622121234407707
36706,-4.73858753595951,-5.352122826385354,1.2572425470668662,1.3378367590429836,319.01181636115314,1.0922007333809027,0.0002622158123319538
36707,-0.7633132032294458,-12.081661912604424,3.025004012053712,1.7511379977577248,468.78863721650026,0.5646529044317736,0.0002622238712930541
36708,-1.0801760661697344,-11.295650632133562,3.281769859766713,4.71867439098197,582.789202593154,0.24688562301016947,0.0002622313984190957
36709,-9.744893311031303,-5.86127766278652,4.433574543894157,0.8017738145107308,164.0411357674495,0.033500439080309086,0.000262236498185485
36710,-0.33637903812240033,-8.630586863687538,1.4637272038244953,1.6860382735341468,467.92684934542274,0.4512887281895983,0.0002622429500813046
36711,-0.016595782859203823,-8.122694667732972,2.4637789093179423,1.8808879405686743,467.71161692390206,0.4064096054257673,0.00026226101756059443
36712,-6.362592297232214,-12.295390841551544,4.463932311046748,2.396235768208647,385.8744677723849,0.13977021014590463,0.00026226772468718846
36713,-1.8189258545146263,-8.58629570122039,1.5647690806459154,1.791964568806679,468.143558191379,0.2462667407957282,0.00026226979776986447
36714,-0.17017593563356925,-9.03208724624278,3.545834129690057,1.1084912518328214,467.60881811383393,0.750948353350215,0.00026230630250888233
36715,-5.516376789387582,-10.809822389063763,4.8333520418120175,1.7691221544853255,468.36425372548183,0.5229282506349113,0.0002623180692228192
36716,-4.527047405217029,-5.376604178950552,1.7293882022115308,2.144776843255458,420.4152937589561,1.8652835161047738,0.00026234147576546194
36717,-1.4895415391171998,-12.870488998441578,2.9005222889334057,1.0309791694679264,214.2167833504401,0.4659979495024045,0.00026237641788776534
36718,-2.0149090944083152,-8.60519394338138,1.53725792305123,1.7201676322913246,407.99911793162624,0.5468282688803532,0.00026237926843968143
36719,-4.701394593996015,-11.609533507922524,4.588545151544076,1.7648145889470146,468.05789223796376,0.706976718741168,0.00026237948938755183
36720,-1.2906377418003938,-8.56912260424898,1.593267282408959,0.8101946844161504,239.65005028783702,1.586324767611825,0.00026238336102744485
36721,-2.478374645012723,-8.69097658238434,4.98861563727314,3.0439373416230873,501.84752867966785,1.3027213639017772,0.000262389376644339
36722,-0.51511624548721,-10.451763040436067,0.6219832099822392,0.7865654482521853,197.98454759887585,0.12737841919345438,0.00026239876657776134
36723,-1.3699530728411915,-8.551628136113276,3.318319353168947,1.077002525884256,154.98852953331436,0.22082547732051605,0.0002624030481593572
36724,-1.8889515817929095,-10.608006752049318,3.320096033251751,1.0967544367155633,234.70042052677871,0.30384063312672094,0.00026240530811826637
36725,-9.768881437935258,-6.956309710125054,4.0518704325393005,1.6291135949532842,381.175289582216,0.6753085496231863,0.00026242174475900776
36726,-3.29898761383053,-5.390115043875677,2.4668978410160367,1.720350832323941,449.34818365904573,0.07551406647211056,0.00026244449130427935
36727,-1.4193976489196025,-9.855750455986067,3.488374863231735,1.1024951192547405,221.82747644919885,0.08987239219901078,0.00026244730533504877
36728,-0.9225786435226784,-8.656716471171777,1.494687995928171,19.761991451577423,702.4564526151327,0.05965460618313578,0.00026245232053467735
36729,-3.0995346260609367,-6.07535242831126,4.183063695083549,0.721006788922542,152.97211118025646,0.20951686735417852,0.0002624537525200027
36730,-3.693650527058418,-6.057890682260955,4.832366220178642,1.410070361559544,468.24255579149485,0.3673112042654836,0.0002624592002938368
36731,-1.140643750119457,-9.024982000604396,3.5433198227075517,1.537520157293189,251.64177511690414,0.45207007622599527,0.0002624620621504185
36732,-0.4722924372003998,-10.795679647282862,3.2788941118639263,4.078695359562013,563.0241087843086,0.4198958298170181,0.00026246348083491843
36733,-4.566730463099278,-5.089315486801325,2.673422446929011,2.8850310635961343,487.5713417100412,1.22880059973071,0.0002624692980121751
36734,-3.147858925476152,-10.583635862005675,4.990100879521813,1.037511679290693,273.6971554151094,1.172946932559717,0.00026248020941627576
36735,-4.748949185400651,-5.4961933611586025,4.07047265460408,1.8194238249927213,467.20418197251144,0.1691495948958579,0.0002624835542443414
36736,-0.5303748319386035,-8.756197171522345,1.229831427728584,0.9123076693096202,431.17589009340503,0.13262123063108966,0.00026254569785734677
36737,-4.055167111181067,-5.4847009301162135,2.0771407801196404,2.223141833169684,427.19010210357436,0.43044695861708604,0.00026256966708186136
36738,-2.208385510453584,-7.885324045607056,1.4337728474327953,1.0232554293524472,329.9339250754835,0.7356336354511592,0.0002626196294170064
36739,-4.688724216323629,-10.60257662591583,4.894472310214039,0.8810770315467076,231.99148956231952,0.4819567920553416,0.0002626430503656035
36740,-5.528071860295933,-5.370383006538135,5.040559340544329,2.53667785669718,425.4795459415907,0.3018803847349316,0.0002626534592342666
36741,-2.082920522450161,-8.532616862185868,3.3023084669831393,3.136685513592959,510.7342859846176,1.5915643075470411,0.00026265601356522474
36742,-0.8798577319475438,-8.345863351205892,2.068577322372765,1.6349468630760502,468.02647339782317,0.33781960500112174,0.0002626841501464857
36743,-3.627061530099188,-5.609539582262449,3.704538996490605,0.5293122606471585,110.88871280192105,0.26121806658286406,0.0002626993516778263
36744,-0.8172480080870592,-11.533802398820107,3.123030874660122,1.1258352413710937,247.40229337315813,0.03573430103503039,0.0002627016466929985
36745,-0.7595006776146658,-8.299800593062617,3.074145810391913,1.5190920846642664,276.83001444173567,0.037783271467632495,0.000262711714332151
36746,-9.054940952001699,-8.33146704232582,1.5677686716207118,0.6576078430470778,141.55332079495284,0.025044372664525305,0.00026271403100352824
36747,-3.280211262033763,-5.516918375643852,2.945986058889259,1.1292602255145068,189.83824557654972,0.043403381988945,0.000262769685407358
36748,-4.506220855332625,-12.708363251371827,4.45365382579295,1.291270353231231,467.99907611767907,0.620735081477763,0.0002627796210359376
36749,-1.4174864814787078,-9.98407358926702,3.4786705430773086,1.055631465852969,279.5426731718331,1.186069006015951,0.0002627802659627886
36750,-1.5471040112164083,-12.721226753540085,2.956441005865674,0.8907596001610499,468.01899982920753,0.281145202226031,0.0002628068993515977
36751,-0.2828467870437521,-8.313229060575052,2.0012496169961747,1.942049464102495,391.03616781163856,0.9637511000691399,0.0002628256914719304
36752,-9.274267964586093,-6.574765372386763,5.115835385028089,1.1841519063558192,251.97980282521803,0.04932855622457932,0.0002628457055134494
36753,-0.666737311385381,-8.290459510909992,2.9513107924420074,1.0061214545946422,423.71434930112963,0.5950163316418147,0.00026288128638235703
36754,-0.10486556078848963,-10.33177355065199,3.3783149339520038,0.789106010269604,215.49302129808945,1.1371651199552666,0.00026288976375779256
36755,-4.624173338336389,-5.995458638564307,0.8939563618988152,0.9425839657896292,244.77568687737062,1.0612636121741064,0.00026291101988785157
36756,-0.47874226408126574,-12.925011670533877,2.9385488751629665,1.8041906480354928,429.03668673785273,0.0162528048301267,0.00026292472353088965
36757,-0.49361489717633766,-9.654878197315675,0.7729609678302423,0.714692445620255,207.0326045240617,0.14527419135560216,0.0002629252436179429
36758,-2.954030600616554,-5.895693843120526,2.6918140111417586,1.901199262790191,467.67817860875505,0.4156434070504984,0.00026293332978962787
36759,-6.422899081011403,-11.428153263025761,4.578993004509051,1.0803165247796989,280.55684360175735,1.20162867961122,0.0002629489774846859
36760,-2.062204860063856,-9.868382700472374,0.5385298306675088,1.3804510967168941,468.90889650013077,0.9186284067046229,0.00026298056682926566
36761,-0.45318390193079416,-8.734889590339506,1.2364911463153627,0.6308398834380501,135.68098769857252,0.13511164704067546,0.00026298359768836825
36762,-3.7148353549772173,-6.022209967210939,1.0770154090236126,1.1431864018777862,294.61151657748957,0.8466758123891784,0.00026301511916784276
36763,-0.5758911098452923,-8.36141254467422,3.1180925903949777,1.065413548812539,280.80470051433576,1.7737712889874873,0.00026302600849657673
36764,-0.1866561469106358,-11.50853759716218,3.124919883215657,1.5573086555413624,354.00806195147993,0.14657961799135943,0.0002630373853988852
36765,-1.3270858723316934,-8.708883102889462,3.4302330298123054,2.5637926361285728,457.9066428962303,1.1824398661131896,0.0002630594372027244
36766,-0.4037469141447776,-9.106126169435484,1.0030350623113287,1.0141382895884614,257.8819242893911,0.163370323106939,0.00026308362358159326
36767,-2.0599435994607393,-9.820515647347246,0.612135225066862,0.8498158322674629,241.76646233320702,1.3503156343121336,0.0002630889986336729
36768,-1.5174492767338243,-10.95327561830703,3.190376265382291,1.1242850925263854,467.93932139255054,0.4087489560314106,0.0002630949686526578
36769,-4.620693388948981,-5.687461310681461,1.3830418834712155,1.541148888547247,349.2430214973578,0.4030337430001225,0.00026310323533590055
36770,-0.2599556613928886,-9.548610464285542,0.8302574804921077,2.7521211393825005,443.3380534305324,0.29520975084430656,0.00026310587514426914
36771,-0.9958201238907307,-9.803914556909605,0.7424310861132106,0.7841843718743023,196.0201655942551,0.32015894165842784,0.000263113273274943
36772,-0.6500273270725625,-8.602987522937589,3.3467686915869623,1.208421803288685,278.477120044934,0.23712948144570678,0.0002631267677270698
36773,-0.8639717629389967,-12.574527219266354,2.9674518644432935,0.7482546756296841,157.86124453382126,0.038590916106593376,0.0002631318666478688
36774,-4.36175275761606,-5.559740728697772,3.9437433656595458,1.7791365058862514,424.43197395659195,0.587405933228121,0.00026316556728534976
36775,-2.013045373813986,-11.788979828735673,3.0879773803151918,0.9255348767197766,468.3305451717685,0.26001146497165184,0.00026317285789508006
36776,-0.015446909412570875,-11.749696693319551,3.085551840397995,3.3161210178490457,518.2997896229467,0.8384247823112059,0.00026318286783556794
36777,-0.7472309723840649,-10.52449456643799,3.3352813578095875,1.3309978870807044,287.4773054339054,0.1438181908839633,0.00026319789802081
36778,-0.9946780264585744,-8.44007564402325,1.8408079455781872,0.9678234184895717,145.93514784508076,0.23717354903578158,0.0002632021410148724
36779,-3.5673776337880145,-5.384739932505601,2.921419405894757,1.0890228112962173,289.7422470188529,0.6760477061374042,0.00026324214918878666
36780,-2.8239175957352582,-6.1450153861517265,2.6277499498414123,1.828803568335693,438.3827271245559,0.6839000662733214,0.0002632465970000869
36781,-1.5084843843142721,-12.45264779788791,2.9784839361100643,0.8996774035779536,289.71211987325063,0.5683614139475628,0.00026328502869104643
36782,-0.024128711605929,-10.615871458019354,3.3101480881862733,1.401155782118905,339.1825961051273,0.585761165971614,0.0002633088752790907
36783,-8.985680200140097,-8.435287689035032,2.743096077855296,1.8130416155289582,468.257928109841,0.3249430763938319,0.00026332377757453827
36784,-9.39784777241091,-7.761293533117108,3.4859002602089735,0.9988312755117644,468.86264108922524,0.8730423992248957,0.00026333242539831967
36785,-1.6833661891485878,-10.627572292349864,3.3069250829224774,4.570123822239547,570.6014788837764,0.19893580994829652,0.000263336206888112
36786,-0.15367857262362605,-12.800434960266697,2.9433550865541744,1.8122948842179023,432.0536471760912,0.33356732465178585,0.0002633684609031739
36787,-9.258063415713842,-8.114654167579374,2.0965772755223715,1.0653903712800403,244.22441389320184,0.33283926028609745,0.0002634001378426199
36788,-7.628600338236964,-12.031313949995996,3.280963360489466,2.4661355414863126,451.77830554647693,1.5865242511791156,0.0002634245804188269
36789,-0.979734895572955,-8.189596586050605,2.1619360376586387,1.1245366843313283,225.1314667740529,0.402119195382725,0.00026345666569512627
36790,-1.0154171127755625,-9.438235278127323,3.567488187852101,0.7409379486537795,153.6057594917014,0.3838948615602291,0.00026348953802011023
36791,-3.48240651174655,-6.994970568262908,0.1743616161182465,3.2660303819070653,416.34659097193315,0.0476868551024463,0.00026352309902860844
36792,-3.2850702661321574,-5.892523670970676,1.273248572134747,1.086793421749135,287.9945549098124,0.9196411698505988,0.00026354047174897326
36793,-8.559286715731346,-9.217233504750912,0.7885956449746009,1.1011125066019376,236.10574520449103,0.7679006224133973,0.00026357063082540745
36794,-0.9729294688257468,-9.286186952160207,3.5666561165427075,1.8583577347345739,467.5016502482193,0.06663275974088556,0.0002635734248944172
36795,-0.4005097612216151,-12.8503204140965,2.937033613075093,3.3060109275525886,480.6492179059258,0.18393601909683,0.00026357638225166566
36796,-3.212728531621666,-10.774457213897094,4.850133982013943,1.6584655186368977,468.47294103767615,0.07816306802700002,0.0002636302549268264
36797,-1.6577278046121044,-11.839047712761133,0.5236641208528424,0.5939311800085552,163.4136846829448,0.4484538134358287,0.00026363301976935904
36798,-4.534807268230118,-11.82396097443337,4.543309187564694,1.0764795063139176,467.396928729104,0.3345203439621942,0.00026364070901344224
36799,-2.0544275858335173,-11.698801033117064,3.0355363615898154,2.3112089634687174,434.8882762188829,1.315128990819411,0.00026365765985121814
36800,-1.3288864736464472,-12.442781689623793,2.9751246707866548,1.0763284415769832,432.34613017260517,0.17651165227292243,0.000263695598453392
36801,-1.8003306307023426,-8.763771799626694,1.1244265895492107,1.5845715830495428,468.2229167318597,0.41586458251528136,0.00026369570821936866
36802,-1.2862848796363657,-11.073846774734522,3.227187328400829,1.01424268136017,470.14529248551986,0.2258994773498495,0.0002637639301438946
36803,-3.5702614867996925,-12.05662677084931,4.494639228209447,1.9869836214267298,401.92630571324634,1.694848325314445,0.0002637781054514111
36804,-2.2342378662021876,-8.132442392442677,2.7359473581907805,1.9712834461396502,400.83900353583886,1.8046543648979911,0.0002638103590160823
36805,-1.9405043047214878,-10.145915871703782,3.4578804421835483,1.0299559201228174,467.9412609379397,0.01318107961602255,0.00026381390873190185
36806,-2.4103032909043955,-10.356954820456215,0.2143566246744246,1.168004791307769,276.3577875880906,0.12409782178129003,0.00026383586775899375
36807,-1.1570575074258684,-10.722360414119713,3.265606971761138,0.5063705640969293,129.86234057366562,0.881850726207781,0.00026386577958496094
36808,-0.16554897506569688,-10.93816058497001,0.5661277407880545,4.760253277836484,607.9068555903606,0.5386507451060298,0.0002638665375863783
36809,-7.361154898946587,-12.453654255864281,3.7109188577874743,4.7598324763707875,439.6006224113431,0.03275822752907853,0.0002638693270736614
36810,-4.068382322505899,-5.704370126872458,4.093046645992166,0.8418701513401988,467.91931566086595,0.14127661968225524,0.0002639067684799004
36811,-7.667925993427284,-12.7173057541836,3.103900846902564,1.7533034588257563,415.0855499535618,0.5310306763380979,0.0002639259882998515
36812,-5.703150063902156,-11.137343075585907,4.723241559874965,1.0256061753524521,261.6391366987865,1.6446283103599475,0.0002639369674384877
36813,-1.851598945474473,-12.973006536819678,2.843848720007177,2.352943696809079,306.8167596761891,0.043918849033977025,0.00026394982908843254
36814,-1.5783657683742867,-9.197708976378358,3.5583770399241494,1.3007175983876833,321.6022687552536,0.3971897816198062,0.00026395766146339203
36815,-2.1323099631308313,-9.028534263397288,3.533811196259586,1.4323642400122383,316.03848378763746,0.940580349462043,0.0002639814540480403
36816,-0.031341378432777844,-8.166575690575812,2.266405744314712,1.4476269034117255,321.1894516069115,0.6566771232302981,0.00026399080143540304
36817,-2.371654118207477,-10.677767565240558,4.528297281668018,1.1551934503422712,253.86947952548107,0.2193422194030159,0.0002639921393933504
36818,-1.6170993240953386,-10.826071282585737,0.5908442436866472,0.7726607153228272,210.5555079287678,1.173091669426574,0.00026403020680118073
36819,-1.7445396007864016,-8.816324765405266,3.4042074223893075,1.446814557113917,334.61579954315766,0.7907740148654794,0.00026404216175746574
36820,-3.1816112391227636,-5.517151729135482,2.8035478121139956,0.6249055955242139,189.3493976473454,1.223559369284894,0.0002640490236129577
36821,-0.6727598238830517,-9.162785344280207,0.9770225202477435,0.9044098699099705,233.87255936175387,0.9065417981504176,0.000264063477444005
36822,-2.8920639315658434,-6.720870161459842,0.587225209611984,1.1410648908881516,468.95867855098805,0.2887430240200741,0.0002640918716518598
36823,-8.113778374533041,-9.4798170601135,3.5671273598551205,1.2855344335787764,284.1088391416268,0.2499326556183581,0.00026409942894585595
36824,-0.9051835969301525,-11.836720832421765,3.021806916776811,0.9162243507279201,179.76060572426437,0.5773479430126249,0.00026411186474526767
36825,-1.6261872686505576,-9.092817380189853,3.5444402795249026,1.7346390397191465,468.08562344853334,0.7626258508602817,0.00026411874694534144
36826,-1.7479517849731607,-9.786843355624761,3.52959157385401,3.646935927108769,519.3883731531406,0.19600155358677096,0.000264132455380726
36827,-1.8129060850612646,-12.781179874340582,2.893874419146415,1.791737066145828,426.098482360614,0.32751946053354697,0.00026415182329438694
36828,-0.3996829131685722,-10.91270571694043,0.5692708215009837,1.0666773448377103,276.7819399930068,1.796264932132316,0.0002641606184025962
36829,-1.3776419687710852,-8.3298789440896,3.0278194475282536,1.7375855783838228,284.6706734842136,0.031760496142810624,0.0002641697662295545
36830,-1.6027248051739225,-11.77267869197426,2.9297012641455966,1.7349005736134857,409.07799500288183,0.4988016928059764,0.000264171046228745
36831,-1.4169627013559953,-11.16939406308131,0.5778428815158972,0.5807672633315714,120.67794694971744,0.0671268231114075,0.0002641727999428092
36832,-2.4287585760486987,-9.611263021451487,5.010090463022993,1.8031223623282657,428.662065272166,0.19976404350107568,0.00026417668716378076
36833,-4.665207275268636,-5.251740666992081,3.663744486810138,1.7543154870042756,467.8236352620523,0.34172316373567124,0.0002642396197417774
36834,-4.126347124471388,-11.361854064037006,4.621481254033468,1.8078967022205434,432.4225464648288,0.5794588502853317,0.00026424376396978977
36835,-1.7034520138862543,-8.094796261439038,2.390067454180986,1.8387420368939917,439.204420210858,0.06602977747451089,0.00026425545662054565
36836,-0.012209243076844345,-11.929282125666106,3.0269261869078457,0.9139385238222829,149.7221321251398,0.13797862542889217,0.0002642672502174995
36837,-4.233686315708257,-12.225883742927413,4.482543643116304,1.0941309681145508,222.20236437882062,0.5971231899577942,0.0002642702458632168
36838,-6.174296996544864,-11.818134730334345,4.553846988380955,1.6811415357089536,468.16153023656284,0.37546496228167303,0.0002642708904141934
36839,-4.926842099100933,-5.189135446592156,3.7375114841279595,0.7061180186705731,178.40788190287026,1.0250671324998661,0.00026427097861414647
36840,-4.751683311977734,-5.822289576473737,4.758887664831348,2.842245653617245,487.2309225963965,1.8034723430433788,0.00026427107067428533
36841,-0.6296351826985571,-8.676511968446276,1.3122753669895804,1.2434506864556183,311.834316044152,0.5711775225911753,0.0002643044511324238
36842,-1.892904179125356,-10.308266145492368,3.4302703311752922,0.9308702277962789,190.72056180677444,1.0800674779400783,0.0002643063718402653
36843,-0.2527460427898909,-10.921717726457894,0.5694711237264101,2.6571544414361057,466.6306082690895,0.33605479680078876,0.00026433191997807964
36844,-1.051711165426731,-9.798426004392098,3.526372801239049,4.598839214401767,597.8204523886267,0.504054912072073,0.00026435764138007096
36845,-2.279966796468708,-9.875898519567993,3.786628015616953,1.8385993718100415,467.50725457114845,0.4073521541311136,0.00026435851220203444
36846,-5.629563516399477,-10.46209582014383,4.985805297701968,2.0318506801057667,406.67249432325036,1.6411599739396951,0.0002643845365361178
36847,-0.968051599502326,-12.320344573208903,2.981757826608431,1.1480295107948566,296.13681661167425,0.997638754318773,0.00026439432759117515
36848,-1.9052047894309077,-8.528395285281418,1.633536148894827,1.1545732388942231,296.16048854293814,0.9884075463888049,0.00026440987867169666
36849,-0.6175128650949926,-10.551666475279998,3.3187224094394177,2.376227454441574,223.42697641489846,0.20655239192873598,0.00026444973441520334
36850,-1.78710691613343,-11.118943977443221,3.1817117914678654,0.9254006122709846,185.64801928390102,1.0382042087658911,0.00026449015043343707
36851,-0.5133803901353335,-8.35157806639994,2.0626697555827636,1.0492532393974656,363.796440056105,0.5343118024441917,0.00026449767086615244
36852,-4.110015378058758,-5.226953122731705,2.556467555971456,1.2249963169029,306.2632438951746,1.1826359445903973,0.00026449787534557796
36853,-0.3683104430296993,-8.6686565162403,1.442657594320028,1.112822520923241,467.3189721789782,0.7673985902701768,0.00026453368227144166
36854,-4.4753084052685645,-6.296730730796785,0.7020452434488657,1.07499243400764,280.8984888498197,0.2710364530494829,0.0002645407413051116
36855,-2.005471983414031,-11.624807189953717,3.0409225449887614,1.4086539780393108,470.40695645333886,0.189800271073028,0.0002645589918435627
36856,-1.2823793720466714,-12.717147456862957,2.93709274893588,1.8034004397116121,469.8574502050681,0.23194067275644592,0.0002645862894917129
36857,-1.761374879153557,-12.512619619983822,2.956992812169659,1.3542083146132782,292.57450042426956,0.8817568084827743,0.0002645959029199372
36858,-8.076720359111587,-9.513844589360476,3.6215697541744882,0.8443977661931852,222.98398490986656,0.6246768676574748,0.00026465276280675086
36859,-0.9233181919393711,-11.002045731512192,3.23810898012728,0.952674036953138,251.6862630651233,0.9817622302337048,0.0002646662720516582
36860,-3.130649821240893,-6.1367890564351635,1.1070460554075638,0.8600979165450039,233.3787973774133,1.442052557153727,0.00026467204646868483
36861,-4.299293182543314,-5.801455203767286,1.1600833657858662,2.235614524307436,429.90039876359276,1.7393966137671422,0.00026472682464518413
36862,-2.952138027852932,-6.121979987584869,1.8636659286022954,0.8384817867626692,467.03215797369825,0.023132102167775948,0.0002647612128312686
36863,-2.186940828238125,-12.283412410824573,2.9599613781787393,1.2890746888776383,319.29679343236694,1.2158606435622419,0.0002647892748777624
36864,-4.458040016803536,-5.166356826099605,3.2083924686819594,1.3588196002905202,303.60263186782015,0.771001059598337,0.0002648330203863456
36865,-3.786069387876646,-5.66908215669968,3.8779198942602076,1.2721290164450103,315.6898843395076,1.0554662942425113,0.0002648337864363704
36866,-4.42703979604746,-6.766159950378512,0.31429197316300467,1.6521249209774813,387.005188567501,0.5248995663789469,0.00026483768392894947
36867,-0.9718288199718312,-11.511217700814319,3.0621502070966233,0.8753953236638734,221.00221220407852,0.8220268624120735,0.0002648444206103873
36868,-0.7894633175660228,-8.135761394793912,2.6730801280427072,1.7707178277452487,354.83694568253014,0.5137385215672614,0.0002648602906523741
36869,-0.21276492808294734,-9.712332475849326,3.535109364185512,0.9760664009041181,272.02827784550976,1.7442218429986083,0.00026486625549442845
36870,-1.6812857871844447,-12.397677757961867,2.9675748498943593,1.1486995904751827,468.4029177680581,0.5374398605591884,0.00026486659420655196
36871,-0.31848006435176934,-8.410608281231427,1.9365936022499293,1.6518376017277818,356.2577003278984,1.112683626778602,0.0002648832045653766
36872,-1.9344898321500477,-9.921606556994515,0.6817490689828329,1.4570236009213988,328.27027236412744,0.3980002444597526,0.00026488683068982144
36873,-1.534669241284627,-9.039536487595598,3.5292102057527344,1.6413168729258913,468.08179880055644,0.7204999526652083,0.0002649683532514823
36874,-1.7650021718961497,-10.034912449656467,0.6743903572835528,0.6468807421678991,194.9736826947648,1.2273244262872103,0.0002649692526769647
36875,-1.0662045682899617,-8.422193905268351,3.163204182966196,1.6257238870093726,468.8403032272976,0.46546449104992593,0.0002649719542575852
36876,-1.902043659700393,-10.219062979003958,3.4448328572707694,0.796568494325829,247.02965975719934,0.3851617390964206,0.00026497583965532306
36877,-0.7112884790606859,-10.329636811909237,3.385871040031145,2.6375394862548194,218.6392218492485,0.3200978151147158,0.0002649804350025944
36878,-3.602019563284099,-6.246946451918167,0.8483211084208359,1.0418503655090732,283.3642612442679,1.3228491086100576,0.0002650130792460507
36879,-1.0218104710998652,-8.163045946549062,2.482412077284594,0.7757161680918901,131.55180816274336,0.08812568094780193,0.0002650246794713434
36880,-8.665227054902061,-7.930694346683067,4.795631176604916,0.9275185230259658,259.2730098763346,1.4465977298413204,0.0002650409106468415
36881,-2.2070910783679496,-9.151701266298403,3.551685610130368,2.386343248823564,446.11554303076895,1.9761377911101166,0.00026504105221891033
36882,-5.97940734890111,-11.6655373844647,4.594968365397523,0.9526572109415699,468.0763143864179,0.8882003090141488,0.00026504334200860104
36883,-4.137595114447013,-5.280922196781582,2.9081412359957897,0.8530881667877112,139.7534593901509,0.26391130018071784,0.0002650657940719475
36884,-3.851059946882182,-5.536352832403885,3.3845517970840224,1.1529948585231524,468.31303743765034,0.5030674373004915,0.0002650667825858996
36885,-1.407069733383592,-8.39182817802404,1.9118452548930673,0.50284100753101,134.77927195157264,0.6009965097315293,0.0002650691043952639
36886,-1.2240021193742106,-8.320269815204288,2.9666670420257617,1.487322773293709,336.8848112156258,0.18049741973157118,0.00026508596398530193
36887,-9.639322177736656,-5.654905910068728,4.58988856902521,1.8809153379444747,452.07390319805376,0.5765405074311731,0.00026512974494691434
36888,-0.5260512927770016,-12.714853828263275,2.998165946041732,1.7964170772379087,174.39694521695765,0.42500086717565644,0.0002651304508092653
36889,-1.8401585392846123,-12.66182927732599,2.9360060513307866,1.7289474122221395,468.63641539174154,0.842408467189923,0.00026515215695557446
36890,-2.66928909804874,-6.652423936565479,1.4675243143258954,0.8941306836474392,467.284366424647,0.2274270427704277,0.00026517312326295865
36891,-4.136237578541295,-10.948904340778462,4.735976800584656,1.4335940666859632,328.2953957072657,0.463158972479218,0.00026517806262471854
36892,-1.7124356907902971,-8.513197424947357,3.189166676269653,1.572131344353802,468.7257903489365,0.2489918075618185,0.00026519731930521725
36893,-1.9091162689012098,-8.125911464934866,2.4445991193292476,1.1619634389466695,294.10643811296364,0.9843933705006913,0.00026521442906031207
36894,-9.657840364168043,-7.315909453703532,1.834347926976357,1.4385175710045608,318.8404309935541,0.7794964122409356,0.0002652146650066992
36895,-1.6630288099405295,-8.220949819806236,2.8842600470470092,1.8680321727216687,447.5967104933203,0.49678136575473797,0.0002652163831540748
36896,-3.0169204202941344,-6.2825733082862785,4.317872543549694,2.792716962136071,472.17350422019126,0.7475860609102769,0.00026521765469771856
36897,-7.668901439498216,-11.977422359617167,0.3102781611785077,0.9070637418708295,467.69164987253413,0.44754544022409437,0.0002652200802570868
36898,-5.110816557056389,-5.856700260105073,5.083135751491734,1.056293545026633,468.7213749534586,0.24761704978941523,0.0002652354314561888
36899,-0.021087609811520025,-9.259229743306152,0.9598855704568009,1.1958848064209544,233.51197737643824,0.10217340675936537,0.0002652725798734802
36900,-1.6104040965696136,-10.741353588208629,3.2699427844981748,0.8661525995132368,467.55903236173685,0.43315404143158087,0.00026527411157309757
36901,-0.8710384674779839,-9.621964585835219,0.8231284539030408,1.7619980642187352,417.78776646176084,0.24672856937805587,0.000265274742179994
36902,-3.9552000019731945,-5.442304541339195,2.986968162904345,1.5429596569118154,395.6950953324219,0.2461205588738249,0.0002652948688909132
36903,-7.549332425644578,-10.547121581536427,3.883999121762238,1.0065407459950846,265.03957241915833,0.45339545721002317,0.0002653316998358948
36904,-4.760609007722264,-5.249074639912791,3.60706347136052,1.520752552078605,357.5879643489598,0.4156730359668872,0.0002653682956987348
36905,-0.5502305036829096,-9.667153557607461,0.7561487441789796,2.802808380385628,269.6829388763639,0.15628638475330714,0.00026538248353614026
36906,-2.1201086368518567,-10.912084064375573,3.2304071508825443,0.8928078054960074,245.70840236707534,0.9537574626102998,0.00026538600546050856
36907,-1.931233732491581,-8.34748474768815,1.1934556146449635,1.6803381527142316,394.644928410454,0.23474998438405414,0.0002654040596066705
36908,-0.06761824052659904,-12.188711391285175,2.9946537926837387,4.2287541032434275,582.2118251794768,0.8720705549392971,0.0002654173480892846
36909,-0.06726439687945707,-10.519439229933951,3.3195947330890885,5.059095121697464,624.6469234829502,0.5536231390037969,0.00026542516281539134
36910,-3.044712708749378,-6.003186540096093,1.3438056466083377,1.276049437069971,283.237618305616,0.8673662603565235,0.0002654393974492442
36911,-1.7754894315502394,-11.525839627517845,0.5172724454077764,1.081532024298517,237.4028870123929,0.020449361020701495,0.0002654400514974852
36912,-0.7706625639296298,-9.841936710139823,3.4741580513002672,1.3075777524611778,443.46417483508515,0.33197700207473435,0.0002654673145798841
36913,-5.535852672702617,-12.899745253045863,4.468280095140538,1.5475914614219286,349.58806995538146,1.9493393776785881,0.00026547052160395986
36914,-0.5690132576725162,-8.835017637193241,3.4583515124374644,1.401414661832567,333.85851713843743,0.33802416948077774,0.00026548013181591
36915,-8.28155111113747,-9.922417149234123,2.028662701218598,0.9501099529664266,266.6478682900922,0.9090105866450271,0.00026549551219537886
36916,-1.9709403412494062,-8.379752528513661,2.0564770714297147,1.8072571621266258,432.42639291627256,0.687622115890778,0.0002654996962213199
36917,-1.9419717253322446,-12.023176175526352,3.018462209960435,1.5123301415999315,469.8066396712068,0.10474229508319155,0.00026550945226361933
36918,-3.513242873054507,-5.840321482875406,4.138006831615847,1.8716205075008392,468.4412413478163,0.5841747131485473,0.000265517930454059
36919,-0.661477074171545,-9.626468603927899,3.540805815199475,0.9040710569179441,237.5903112620435,0.36271509466968777,0.0002655245073717049
36920,-0.2981712901528173,-11.74604003578961,2.9203388644546617,2.7125243495644793,477.0307299364337,2.186337257982939,0.00026553143092831777
36921,-9.467601102630699,-7.73461858372891,1.859621636800845,0.8161872596536269,174.48773899995962,0.02104003128253229,0.00026554053856098117
36922,-1.16305303494787,-10.570032594852933,0.6143630028593389,0.7695018902987767,468.0647263860787,0.27202790155141976,0.0002655512042041187
36923,-0.17967113529825163,-8.15444674680996,2.2409459614766885,1.8871366175960553,456.4729017207798,0.16632716185050267,0.00026555184175447254
36924,-4.274370345575792,-11.04856703264925,4.705847139797872,6.971687750177307,698.7378301031331,0.30820866557028115,0.00026555478230628045
36925,-1.1923386509232952,-12.711596682036127,2.851433089988367,1.0539014814465588,280.42062613943915,1.780177245933488,0.00026558540651870665
36926,-1.847397799577191,-8.96614370265494,3.5081859097578545,0.7935625657200766,221.0187947982137,0.6433372319090305,0.0002655973291221324
36927,-1.8729752078349229,-12.75000128938394,2.8442251406095003,0.7620101523627207,181.88526602277935,1.0290539316337606,0.00026559859314463093
36928,-1.3755422453647892,-11.67805298860032,3.0727397251237485,1.89673839290799,468.4749897837028,0.4255747064723856,0.0002656046836427775
36929,-3.6013363942862515,-5.396678315692257,2.8867900627831173,0.8540076244874926,215.90782038332748,0.47829958257716054,0.00026562498853918454
36930,-1.3952847246363618,-9.820873519853325,3.5142326444763388,1.74144414307673,411.9051002375345,0.4124742849687033,0.00026564226725973617
36931,-1.196695501529712,-8.120531556557482,2.537120615668967,1.5961169214161357,470.41109259743973,0.1538027711244263,0.0002656491848752527
36932,-0.5650454316413729,-8.678759210610117,1.4585287301935195,1.0779914341329448,466.19627941870664,0.693937877765241,0.00026566567833763427
36933,-0.8615605137955988,-8.673894389249824,1.4360977458921496,1.2475987055457467,203.10573187358364,0.11987657085712211,0.000265679874249732
36934,-0.19807395077301493,-8.5948315256854,3.268588151444067,2.7584347133461313,469.75933461728647,0.7718962798662652,0.0002656837018939692
36935,-3.988918406001405,-11.545317587902026,4.575567263835724,1.0873500824233067,468.7234916042821,0.8281806505221292,0.0002657099362600002
36936,-1.455170416286979,-8.801874879136552,3.4532205419511204,1.4775297463837305,467.9571070965574,0.6933319238786728,0.0002657134781598552
36937,-0.06739153214067528,-12.977865177755046,2.9148984502077058,1.079112694695999,258.22463789653284,1.3951332481764291,0.0002657143513980943
36938,-5.846660405709415,-10.699682615700434,4.87246874458084,3.2838628713061615,323.85480678897306,0.10662352822856302,0.0002657224645891768
36939,-5.110154007292846,-5.9414547835330085,0.610381721106566,1.1364109628301389,292.90695714601367,0.9903079612237908,0.00026572401235075514
36940,-0.0021681969055631356,-11.46768889803193,3.106738862224082,0.7417204101314312,466.4472947400542,0.31596156769047745,0.00026572498352300897
36941,-0.7188584319124995,-12.706792938533232,2.8469576716418312,3.2385529922593057,199.99972241962843,0.329530995709022,0.00026573202649079455
36942,-2.1906080829678496,-9.00467490058043,3.4843197868970046,2.974136085442436,491.68101128967965,0.8530745759042242,0.0002657393643506156
36943,-4.862102906511371,-5.116148013581531,3.551070976637181,1.5802953910530309,351.8405210872592,0.5475302489317793,0.0002657551241676823
36944,-0.022602565122632257,-8.588849698716512,1.5726727239888172,2.2666927097522604,434.82060410304024,2.3109600843401124,0.00026577084521210324
36945,-1.4033712295233265,-10.790882379723016,0.6262631655722493,1.1181459633476645,287.6387677482882,1.3965758998275586,0.00026579089535635526
36946,-0.3986465802710928,-8.960088563867233,3.4827165746856563,1.34943473905167,455.1920825361692,0.3942874417208877,0.0002658272329186007
36947,-3.0289782097677715,-12.228774969616785,4.730367228192101,1.4878395741610888,343.0012072335575,0.7601299288289347,0.0002658520537077825
36948,-0.8514022396188832,-9.597690689676195,3.5413117411217083,1.3310665509889308,469.59641363231384,0.10689024947349246,0.0002658873754768873
36949,-1.022954494273069,-8.189095232885299,2.4940910470652633,5.023999399482899,626.6316247103263,0.8077053976570943,0.0002659155083959403
36950,-0.40381181703535596,-10.844759080937672,3.263913744802752,0.542841006146688,115.62140059796873,0.7808887335442245,0.00026591718711996797
36951,-4.841961307158168,-6.343506126317716,0.5208641781601772,1.8541111035740645,452.312314014466,0.1712255818453423,0.0002659402157473628
36952,-7.817013982547653,-12.900018056280228,1.0498982786743931,0.9312608918738634,233.6304846768295,0.2632166913358036,0.0002659579713187093
36953,-1.6874389976735245,-10.113209148124458,0.6621838653460524,1.873914087142151,467.9195775121474,0.4865839031549859,0.00026596013729754614
36954,-7.309698462213765,-9.57836475624012,4.908143522617203,3.452933613835027,240.5545818094856,0.41445229321129684,0.00026598184477946154
36955,-2.8190817221302886,-6.201620355115555,2.6282724902124763,1.0268629094570376,259.62304956690895,0.13663204450356758,0.0002660222471602698
36956,-8.001586885822242,-9.372903915178167,3.9744021905798377,0.8575640128192823,468.3420542401453,0.5143766632111744,0.00026602439898297005
36957,-1.796792129579238,-8.369990785957864,3.0481304565603433,2.0468421744645044,411.31620811070064,2.068674027993116,0.0002660534067607286
36958,-4.703600976525195,-5.531686575757257,4.064651473148466,0.6304998050340673,197.95273799807737,0.7686388049374022,0.00026606014542920783
36959,-3.8156617734974336,-12.086909367940278,4.490844369534927,0.5028614429735164,145.5920923369924,1.1319550540252976,0.0002660694293336295
36960,-5.8130095535820985,-12.049763058275948,4.540249449856794,1.7374851298320146,347.4324582825232,0.2355641566070945,0.000266072466154235
36961,-8.688242411893704,-6.796860447361825,0.3365452462358737,2.630058971753346,446.85347451985496,0.4919130996835692,0.00026610267984774916
36962,-0.3571019167347238,-8.549312564344765,3.2836670251773348,1.864413073285076,467.309396824389,0.5469817799968455,0.00026612382603050284
36963,-5.06734824461231,-5.803155474086105,5.014640717580961,1.2204285216878215,307.1063077547431,0.3334362120483991,0.0002661328647824345
36964,-4.786302979964379,-12.724850542153218,4.455373101057268,1.4329873666757527,343.89755306706866,0.5473890347485515,0.00026614267129306267
36965,-1.130729825865103,-10.731065888187647,0.5835348639788848,1.027945753729931,213.9485225963649,0.6506813460969285,0.0002661727333954584
36966,-1.7753502889264272,-8.114763816782375,2.5332213970369493,4.889452063741379,534.3707660700024,0.13168425350356916,0.00026620276609526253
36967,-5.175823281004531,-5.561618192173719,4.741253917995182,1.0158716515046504,303.37169798151746,1.0120082363810017,0.0002662134463949427
36968,-1.5857017903787138,-11.663284247145167,3.0747181910744716,0.7608567404799791,221.00690479361515,0.25924417388662047,0.00026622073667954404
36969,-2.9436703126119257,-6.067710256116178,3.248073889719338,0.9854858693625465,173.08808883482496,0.1621742196173992,0.00026622964607071433
36970,-0.03268274538294769,-9.775166498784433,3.483392363866425,2.56156292714111,424.91045699385216,0.3060993244547756,0.00026626097515870936
36971,-0.03599302402613347,-12.581310011137111,2.9307020431515203,2.790576339549236,419.4020653043429,0.1109188403835688,0.00026627865259283107
36972,-7.097321529340252,-12.976452994304202,3.993991571181954,0.622557973281838,166.35204868103125,0.25461947043655364,0.0002662791808779408
36973,-2.2410920722400274,-11.508106517077122,0.32992899962911076,1.8009272878032418,453.8623173746616,0.2504503291520326,0.0002663164994853595
36974,-1.630776120879764,-12.563760383328862,2.8336191421817145,1.2602028325896069,468.3692221008878,0.5837674580014074,0.00026633033212154175
36975,-0.49287853901488177,-9.598587711868408,0.8502888285466337,0.6991528173260724,137.34462222463134,0.07991053632041467,0.0002663510400856663
36976,-0.8564771630279999,-12.911198601876773,2.831195043533092,0.8265067968781468,469.37164387915107,0.03545797502203296,0.0002663724895244357
36977,-2.9847373608695964,-6.040096377310774,1.1897177799887262,1.6919763990586922,397.95984615117965,0.14229750101369198,0.00026637677072498137
36978,-4.32956936007427,-6.0100634625371985,0.9481590279609414,0.7529593806431696,159.5134537561295,0.3908742154391245,0.00026640243554973056
36979,-1.8121927736935834,-11.119551581937342,3.281602217021285,1.6399835494653627,381.1012046454545,0.15988436660409366,0.0002664138259491764
36980,-5.562906968835766,-5.025505354945587,4.795281992885247,2.444407197762634,450.06735186479233,1.5210531862577765,0.0002664291477533941
36981,-0.6491778210850878,-10.189828731245354,0.6728684677272222,1.691965764507918,468.26195520914627,0.4611939411805581,0.00026643571362748824
36982,-3.5817296600103177,-12.968412506309491,4.414923028235741,1.0477979934809782,281.87444735160045,0.4800273461174198,0.0002664530225598121
36983,-0.7952122780276536,-12.584714092664857,2.8860979612742956,1.3141831228073748,467.9879505951209,0.3625807960065952,0.0002664554325914156
36984,-0.015633861270972105,-12.451955180160823,2.840582869557861,1.7764395586916297,468.14252018862976,0.5538957351462317,0.00026646661064349837
36985,-0.3697441352791877,-8.311725504336085,2.1040554210027502,1.1347844506987987,267.9437147517135,1.1626646743922082,0.00026647671381361393
36986,-1.6767336800218242,-8.322456866086481,2.9297673553291177,1.786976477803293,425.1220803177382,0.37428216981840645,0.00026649462837960615
36987,-1.6689878337749686,-9.640571274211833,0.7987827721465321,3.498377088245704,523.2078320865417,0.5139490292993978,0.00026650420729669585
36988,-4.469550526700417,-5.445642080806668,1.728264563282765,0.8544575176740168,131.44540647615702,0.2929529104158277,0.0002665203420099337
36989,-1.457101232296388,-12.326614851565262,2.9571175383828,1.1423776092319464,294.7371977171505,0.8793723950728323,0.00026654707411445937
36990,-0.6980506232169272,-12.62557786132446,2.9928167987193084,0.7526833748591171,178.69748037371846,0.15227428034776214,0.0002665504346005542
36991,-0.11048584130159789,-8.31643429801316,2.9413798168095915,1.6311438471450963,381.1673880656605,0.12717504048493833,0.0002665520286601838
36992,-3.131832928205939,-5.710656065525636,3.2007364507849116,1.5928994757269708,368.1771610304894,0.04410710800466244,0.0002665651878087913
36993,-0.19715658912915757,-11.270663448766872,3.1481937688256756,1.1814014005755773,222.60580485475822,0.03578349969888173,0.00026656800999612384
36994,-0.41963948769427617,-11.66746612413785,2.9265415992589383,1.185319659537327,300.82972204290445,1.2529518967649365,0.00026659005909346887
36995,-8.102323155200283,-8.8833390367767,4.419224255737407,1.526142515791017,175.06300223116375,0.40382504001523856,0.0002666047053720616
36996,-5.02075653623179,-6.0111199094598655,0.5616221332607082,0.9910541822162718,270.04224096924764,1.5182285059880556,0.00026661877682082586
36997,-1.346825545418275,-8.375125585673672,3.0936044033538685,0.8546919364015455,467.7043882152245,0.4532325342435106,0.0002666581100805452
36998,-4.629998558827783,-5.801257275450166,1.0324428068731053,1.4295561784249675,326.8355782953575,1.2389272296367073,0.00026666097314656073
36999,-0.9485345492951538,-8.440094555213635,3.1640491935433523,1.5764089299089399,368.9706971689888,0.5061448331153802,0.0002666645912277242
37000,-5.810437843233454,-5.01698474611321,0.07933540773589783,0.7431319200059909,437.2873728090509,0.268500948314915,0.0002666725679301902
37001,-1.480868049560108,-11.503418342357623,3.0888587999256383,1.139026511545915,248.8141939010491,0.6216690397610547,0.0002666910047015274
37002,-0.6737170375452557,-10.138536014114417,3.4498463465310345,1.004440993264746,264.1013159211861,0.8081721400880459,0.00026672915890244405
37003,-4.679121987955287,-5.0230954176943365,2.8303851677077176,0.5182481533855295,141.9159535704687,0.8296548889603175,0.0002667423480458922
37004,-1.0175214995611839,-9.542273193126938,3.4914451757187903,1.8861711115086321,455.92801629417124,0.16837974777423526,0.0002667469699924618
37005,-2.6437796835440572,-6.985850856047894,3.7676227019569555,1.171867229645808,450.95732899565814,0.18136271995922382,0.0002667569883535822
37006,-5.443966451227083,-11.908980260770047,4.5560987007408436,1.7781780573707777,421.4549737133476,0.37237898831418104,0.0002667579672004714
37007,-0.3801809180461042,-8.604047064786245,1.6141344868476097,1.094548048773319,217.29060973376818,0.01631136671103839,0.00026676158748802894
37008,-2.723305745103975,-6.571892781384205,0.8310636763607542,1.0059291629247837,274.07717852824794,1.7059326720228816,0.00026680330439471703
37009,-6.7813466044756945,-9.866249900718714,5.13061174059926,1.6446383012191024,442.4593475838155,0.9361666046868917,0.00026680560271095054
37010,-1.2527202127329353,-12.586486323031423,2.9040024996119014,1.8413312853953445,469.5177420768471,0.13831550610014176,0.0002668214708048812
37011,-0.42096079601186887,-8.341297851725166,2.9744669078716983,1.1187048442753023,466.7100935456417,0.5755837174805789,0.00026683091975354266
37012,-7.381252365531185,-12.97127023880944,3.640353726484924,0.4461162134777052,137.41859235353073,0.19190625767156178,0.0002668328759414953
37013,-8.228955174971109,-10.102227663053434,1.487117267377939,1.7260243548953897,467.0870501775633,0.5888730871793113,0.0002668332419778048
37014,-0.7520203808920893,-9.798087490774511,3.5098923743376695,1.2542996040373684,304.5372336486216,0.9559756681579659,0.0002668437654653887
37015,-2.117585084762492,-8.86055046628556,3.407340810463359,0.7748397869480084,152.4168987860698,0.16352327048857163,0.00026685417723323884
37016,-3.2974388509196597,-5.668479586993666,3.7338177208476178,0.9290852841295022,467.248742002692,0.13492825812687048,0.0002668643652727646
37017,-1.343163574672845,-11.000166412515789,3.178976442786322,1.5782803526532936,362.47056535238784,0.0929122079353677,0.0002668813328685128
37018,-1.0586446826074916,-11.262370063719839,0.5372067291734696,2.3878560147014753,431.966011021584,0.7241428332088127,0.00026688519758119963
37019,-0.7297577308263161,-8.413891389551825,1.8944818119708529,0.8772740159678114,181.99411724894415,1.0501062614535028,0.00026688756522080673
37020,-9.675832971690623,-7.5046344634754965,2.151587345933235,1.0480928766355508,272.5267184988367,1.192401429095269,0.0002669174002385004
37021,-2.417134783560182,-7.994616240419527,3.75632751046093,2.68018061697639,303.2593630035334,0.08892939607700612,0.00026692970025730473
37022,-0.41008352726883146,-9.000443971341422,3.4785165214698934,1.0011261489953245,467.80660838770785,0.27803703430995075,0.0002669457780683651
37023,-1.8742135170014276,-11.570355733897262,3.0353005607644166,1.7592992595917991,424.4872457195785,0.707591235759006,0.0002669511203300693
37024,-0.06303913541930584,-11.14702811945572,0.5694111628441124,1.2165892818580866,263.2656596351571,0.973442150894809,0.0002669806292781528
37025,-0.6250836684108645,-12.73279326306658,2.8360896666901234,0.6117575584640647,125.29949457694083,0.5812519690123166,0.00026701526901187647
37026,-4.9196477168530155,-5.492397928573702,4.2099967430717,2.657082987805158,471.33537935058354,1.9294338796003254,0.00026702365550760704
37027,-0.7382390451733158,-8.768519674377853,1.2836680712901127,1.23474329114783,311.7837646511796,0.5044776247701614,0.0002670373752717292
37028,-3.9921537817095576,-5.414156131620356,3.3098371349647056,3.680462109869002,536.9909383799866,0.49317149390785175,0.0002670521674523427
37029,-3.202266556718472,-5.863343692239648,4.013455674779191,0.9555577955643408,468.38658517081893,0.5314144615722176,0.0002670564281078396
37030,-1.2672756778345953,-9.850057084411981,3.482910315622192,0.8344876759473805,244.89154704588077,1.3332999942201686,0.0002670666636235588
37031,-3.2995152119018325,-7.294111559372044,0.027428998681972003,0.8931675805804363,235.1885378523925,1.1073220649912496,0.00026706789177290705
37032,-0.8844228571931172,-9.18394615838352,3.4908406940000254,2.3960336761575483,367.9984003315707,0.1424742200461644,0.0002670886725040126
37033,-0.781349978807393,-10.453510543717696,0.6287321205970886,1.0944734301798504,467.0620397615422,0.8913631402198057,0.00026709225976747757
37034,-1.2099935942362947,-11.041655997995345,3.2063884845723507,1.6968952655323288,469.8535842127295,0.10023962567227773,0.0002670998342716473
37035,-0.6641521703621738,-8.419671766456652,1.8843718478356357,0.8200145737342185,467.42070209425964,0.1344342556281024,0.0002671405910634381
37036,-1.6971209486614498,-11.884052067898642,3.0079479808545604,1.1258287250666248,289.4021870333399,1.4373080956862436,0.0002671758710387561
37037,-2.146190898302061,-10.737235736891472,3.2601651373461253,1.170546492135877,270.2634384440034,0.12627726476583767,0.0002672008274682845
37038,-2.649860222837807,-6.436134078186092,1.2703670070167115,1.0865350117202048,282.1933498839297,1.097670886790846,0.0002672231438587576
37039,-4.242086996813703,-5.943835724244328,1.0484803342289424,1.189394622962356,246.37653486060924,0.7845876386126056,0.00026722358944224824
37040,-0.44281647277421676,-11.345332404279562,3.0599004440146014,1.7326822437302791,468.1334063891468,0.31920146820509565,0.0002672553623032634
37041,-1.024015542116489,-9.285551659237292,0.9591911319671677,0.8473926298924934,171.70446396863468,0.11002043623516222,0.0002673631845588939
37042,-2.586652194180518,-7.527061683587791,4.382775005146379,1.0081975211012222,267.22895819635943,1.1776503999350245,0.00026737617928042633
37043,-0.5987812708074447,-8.702909217662238,1.4489429167873527,0.8982005603697997,197.99173360155947,0.30557338823907276,0.0002673861437479808
37044,-0.07068154160671902,-8.317070470448723,2.116185127289393,3.0428642328873705,241.16961332870272,0.28598900080688416,0.00026739080401830224
37045,-1.1892064650491623,-10.093270070021827,3.4529174472805897,1.2940477310881844,303.751725418032,0.3233932466821319,0.00026740637800470683
37046,-4.152005463036091,-5.675424749604956,1.669217625450082,1.0204015584049375,466.9578004451245,0.6459496305803105,0.00026740761444902047
37047,-3.940203822931746,-5.606864066335207,3.5461474373010744,0.5838644017154516,144.35625473951322,0.5024748189311605,0.0002674081245624398
37048,-1.2928324675519107,-10.42047609568376,3.3302114206058424,0.5837682180198854,127.21947195663411,1.0895545597187821,0.0002674188566462834
37049,-0.37541229802725695,-8.13624159122946,2.6209984953931293,1.1244340707366483,127.14112363925318,0.33694684296071387,0.00026743925673792054
37050,-9.4502397330189,-7.86784621388297,2.797284170220556,3.154481349866255,504.02640524310095,0.7390513035257564,0.0002674594469133431
37051,-8.237090078291079,-10.016413281729285,1.2662707661955273,0.8761238575648012,231.68092934950678,1.01682722007964,0.00026748662986825943
37052,-0.4602537338840147,-11.17539482390534,0.5691029542045885,0.7669490474071112,469.40840796791133,0.2361470675845201,0.00026749386564232117
37053,-4.724127647864746,-5.305725275116795,3.610487324504369,1.096669093165816,282.9313841298975,1.7676110333011659,0.00026749656818256164
37054,-1.1420498237682661,-8.642151780139528,3.3347217921699497,2.1895263684528836,420.97895334416137,1.2653757010374358,0.00026749757781605705
37055,-3.217377949474715,-5.51061006296887,2.564606160087667,1.8511006905157152,467.77690505905,0.2872956033869638,0.0002674987804608566
37056,-1.4408828249404344,-8.485828546178777,3.2156247854439215,1.3361647521056075,322.16004015788627,0.46164199077317924,0.0002675070431020501
37057,-3.663465204091634,-11.23223953608765,4.639688440641788,4.140696663806182,327.64491823520365,0.142567479108469,0.0002675193684248324
37058,-1.277750054642313,-12.218203395160709,2.9607726592011567,1.1825388315595473,284.24086515711826,0.25876962159808947,0.0002675517636291778
37059,-3.9081553755145624,-5.60507241426424,1.9778587204238465,2.2082241438377683,423.90096901210086,1.3637813731192132,0.0002675532243116188
37060,-0.3872694922491977,-12.434409583744229,2.8352615154050174,1.8917455126522902,457.1625107352393,0.24045308156247014,0.00026757674564550487
37061,-1.3904080903355052,-11.37662945391126,0.5507052481950776,2.3500926061732703,412.5769748973066,0.22940331527338653,0.0002675798925168064
37062,-3.0185748753830417,-6.00615414287935,1.5953160616181867,1.4468277069889697,333.14382495054406,1.1203705378987676,0.0002676310786545134
37063,-2.70182840065461,-6.590215406114028,2.0466096070966593,1.1025069161931487,255.8756661004333,0.8420093714352097,0.00026763606749851277
37064,-1.5018870846302104,-10.050255959217587,0.7204491809878031,1.1791209082241072,258.43700749502017,0.3992503588550891,0.00026765822972011705
37065,-7.81470457931332,-12.885097310262688,2.606490977570708,0.8739283209283937,226.2990827335574,0.5886488152051284,0.0002676730593635537
37066,-4.520678187908906,-5.493125707437623,1.669425023565173,1.8219326468909798,463.4317920291453,0.1213964328902275,0.00026768020793930386
37067,-2.822997880665177,-6.188674429865579,2.873852606390542,3.2907178481719006,522.6768244063109,1.604538943371291,0.00026768809767751926
37068,-0.8169959014373855,-9.616799381251061,3.5277266143421153,0.8486412513338776,467.3747800522024,0.333339257961641,0.0002677052983909133
37069,-0.23880365009667237,-9.975658096236323,0.6585211737694768,1.8057786739377513,429.1568566457702,0.44006846803139243,0.0002677103602866706
37070,-2.7974343365136054,-6.41685679678089,1.8370151728687905,0.7649209854160938,226.84106856264188,1.3885817869106836,0.0002677194357771034
37071,-0.06674532366232988,-11.29930484470619,3.126131477234775,3.2088504669670814,515.8306247060362,1.429558444012259,0.00026775617189479366
37072,-1.113879649634871,-9.662356722717682,3.5218679247761857,1.4158061318989965,319.4200613737629,0.05331015836300956,0.00026782167661354775
37073,-0.5817624856925221,-9.382395452087405,3.5404474612347214,0.9293940238904722,255.7847684058179,1.4249947727811305,0.00026782844989234415
37074,-4.876197065613166,-6.177222565966799,0.5864841824774731,1.108246784841068,466.8153999194479,0.6466252213209671,0.0002678438179464003
37075,-1.0071479185072238,-8.70352529897266,1.450834407431246,0.9241230159917587,241.78022034736833,0.5740512671025071,0.00026784774603355377
37076,-9.586405220649764,-7.636477749040097,3.2150327389957254,1.8272154687680575,437.98292785940856,0.07626545892691006,0.0002678512318479572
37077,-0.33835794010148845,-11.063094331541013,0.5762314362669341,1.3534456243138921,327.6678300513604,0.28958116830625613,0.0002678562708079593
37078,-2.93933990857615,-6.456321942699102,0.7800468777019293,1.0094603727540628,468.098004345461,0.2433486974706316,0.00026789914659871065
37079,-1.145252091933635,-10.894272906754274,0.5783895072197696,1.0811781233168352,468.07422330795265,0.7160589009383429,0.0002679551280287083
37080,-1.4863844966194097,-11.17302271353764,3.1585064970867687,1.4121929347872726,310.89711896375434,0.5028103562733746,0.00026797429500556846
37081,-4.194019988131882,-5.257635132988916,2.9630806013487714,2.049132697924807,191.99037998965395,0.4165183332831157,0.00026798082280142006
37082,-3.2910912521797915,-5.839383295506305,4.140863296138417,0.8028070050390731,407.0598724659932,0.2517125642153921,0.0002679910550121579
37083,-7.295730491529284,-11.101867615607912,4.0367629817943955,1.1374371349968635,228.1582690542941,0.6830222094423517,0.0002679991991871837
37084,-1.2266889510249683,-11.834126172859886,3.008291974483798,0.8794758444319832,468.4673985502347,0.7753751871960288,0.00026800164201070737
37085,-8.175929452879227,-9.876010273865944,2.807942173714521,1.095885110915323,184.07160176458453,0.12538329828652284,0.0002680095562157513
37086,-0.19675589967425644,-10.785763120729461,3.2426898797429415,1.1847492998739277,292.4995503061434,0.5879593965321179,0.00026802410996939666
37087,-1.9625956013451464,-11.327551603138094,3.1165724088273974,1.1689918871895317,292.7692817453261,1.5561972272795392,0.0002680273237043421
37088,-1.7064724366735646,-8.330665207946351,2.920774782324618,1.7838589697985918,468.303651529208,0.6630799821332749,0.0002680379320989454
37089,-0.7627171832191255,-12.063311962817531,3.0051526943140767,0.9468813199461006,199.8506611818958,0.4905597027216233,0.0002680449047826876
37090,-8.34248225711892,-9.750667228015898,0.7057172681609074,1.0249194439602842,468.05336073158475,0.813941617937842,0.0002680453794609275
37091,-0.8450901012729481,-10.9282506003956,3.2251168619402684,0.979397109616159,251.71404470624734,1.466609120835499,0.000268115656708333
37092,-4.5941222565493565,-5.089637483964323,2.5717798217420764,0.8811645672376587,183.28285998320698,0.9589991719707589,0.00026812206226960145
37093,-0.7803466970901152,-11.378863782348503,0.5776708526445004,0.8200311294283246,171.78885137690887,0.13990190212388054,0.0002681450856174144
37094,-1.4321193546666766,-10.863126251420416,0.5675937906757901,1.642756360149326,468.70660569819074,0.018361745084386705,0.00026818869312581335
37095,-0.8121016020106069,-9.688530669980377,3.5163584668166448,0.8044627251679474,167.58326957861343,0.05262710558387962,0.0002681887701568037
37096,-1.1077257909446505,-11.98077867569918,2.9891096262014525,1.2721954603395955,422.66543310095255,0.08889124878419175,0.0002682142166080037
37097,-1.8364796120654496,-9.585486856733047,3.527443315681264,0.9735510394296402,200.14631227368315,0.16567192971885003,0.00026821951072267405
37098,-3.427428828313137,-10.159921091038058,5.101471964935697,0.9641740924213146,224.92210671337347,0.5527377483808236,0.000268222412510806
37099,-4.463837224230517,-5.0335698482798445,2.6381564151890626,0.6490858593487138,135.58047139268825,0.059044723961806156,0.0002682259020886105
37100,-0.0652437161299062,-10.627041893895136,3.258426930534739,2.39330463150325,409.2893632039399,0.27032123040621325,0.0002682518190855853
37101,-0.47831941460953864,-12.362255774714566,2.8935367991609997,0.6406649117366618,183.10823844172822,1.077567527909503,0.0002682687433437402
37102,-1.810052315336069,-12.847270324869442,2.8739019080408035,1.2460428069942577,467.94778430303955,0.5434020088155149,0.00026827419009091164
37103,-0.47509095000492785,-10.73948028705632,0.6219457174465871,1.0931027943080356,467.34751174298646,0.6369836853715256,0.0002682947576087279
37104,-0.5449694779493726,-12.386500119033519,0.5490852750726264,1.0659394673850386,279.4254851198961,0.8535077534470714,0.00026830467749376516
37105,-0.1798723099405084,-12.860644947984468,2.841756553918531,2.4006405927804346,446.4987579254251,1.7080075737853813,0.00026832129219139496
37106,-0.15175381674238864,-9.996679335268542,3.4574643592046956,1.450423109833311,338.4529577273429,0.41335994516108787,0.00026833382145425796
37107,-1.3006632111900114,-8.434929255642356,3.1415487853950994,2.455681641014498,450.2173609429227,1.492366394837732,0.0002683394132963179
37108,-2.2645171824896444,-12.153559354146456,3.5301957453910044,4.132470317663308,578.0053158343611,1.0607306185708074,0.00026835788303279716
37109,-1.1465455719463016,-11.426069284276076,0.5311669266474003,1.8158439955922954,434.25374277418575,0.14337305547679957,0.0002683866937966688
37110,-2.2001904897328073,-7.8767488296952495,1.1252842582639553,1.6266617070338296,357.6170242869128,1.4630179667029113,0.0002684174121618186
37111,-2.2042002647795904,-12.517105135841632,3.150871283365205,9.02798317917651,754.850528490283,0.3016591023172941,0.0002684296185817757
37112,-0.14358530916863366,-11.297715267695926,3.1195834551599066,1.2866367617367427,314.6799672571271,0.2705585578899319,0.00026843812541925855
37113,-0.6771723586065317,-8.145369728353511,2.294267140640874,0.9498103661006183,265.50577200563083,1.6371790212384907,0.00026846572155447856
37114,-1.3478697236334334,-12.971061131305612,2.853948071594608,1.100697932561288,287.8407066898678,1.2515843601367145,0.0002685235071760066
37115,-1.8238566923580226,-11.05993780480302,0.5498727871484902,1.5998117632635502,369.29693323864774,0.6478457926612009,0.00026852619260709374
37116,-0.4997253695786803,-12.26763209824962,2.943193066511263,1.749773363985646,370.3360997806916,0.38715187767537085,0.00026854482087268684
37117,-4.007246270397106,-5.372114682798155,3.1543329423481934,0.8769962684668714,185.4387175954888,0.016585451418388963,0.0002685641190275365
37118,-6.117289371557661,-10.325174485006913,5.037382611691754,1.3661970602630733,470.44434048356635,0.01786614246882845,0.0002685653481580569
37119,-5.054596554975768,-5.742595963210615,4.865751681087311,1.0933009829038918,262.3763973295455,0.37185815922648224,0.00026859483132419545
37120,-0.772090489515012,-11.524632832401169,3.0285440807547928,1.8409733078965351,469.1463271799227,0.0148800775372111,0.00026860247515440383
37121,-2.5636606231805867,-6.912579618871534,2.191204728611073,1.0784552468238022,279.3609439768207,1.7041547424032641,0.0002686069314710966
37122,-7.2677894794323885,-12.74328582104624,3.8097582169910353,0.9504243899428385,264.8863617569946,1.174316044211528,0.0002686171242409267
37123,-1.1384755460750533,-12.900535428244298,2.8649097217730985,0.8287136133082577,173.53472332846735,0.34571358627650195,0.00026863679962929886
37124,-1.1370433728647296,-10.136363429958113,0.6715372311269152,0.9253114541431582,470.2157585954332,0.15380573699804945,0.0002686529844165941
37125,-3.722767579822788,-6.979326413262937,0.22399759823626364,1.5849930038291984,368.8251959061491,0.2819982797370697,0.000268673209659064
37126,-1.8140663451985883,-8.152253693173058,2.3303838925081175,6.376951221732724,362.8878951037897,0.1918200313918419,0.0002686955476175379
37127,-2.0552463220061226,-9.652138068573333,3.4859869407791555,2.195951661993714,411.0649981259835,0.6434932914451537,0.00026873854988874204
37128,-5.805254460650624,-5.1556923390790725,0.13290841586509772,1.6371049896423735,468.42608852022335,0.5558362340215961,0.000268757181944378
37129,-0.6862752583591174,-10.381172033111145,3.3303988399302313,2.1614789893251793,423.52738351704215,2.145915386103521,0.0002687623365358927
37130,-1.2331893667775375,-11.729550972082114,3.0165946126719048,0.5130755200129533,146.1177301657795,0.4406510203182785,0.0002687861260545554
37131,-4.452963939622042,-5.8313539310797236,1.1833074941019874,1.95894066300604,397.1404384381331,1.1508544290835498,0.0002687896174380699
37132,-2.2027202477112198,-8.163406968295737,1.6076830634803698,1.0902369330200432,152.30963133211745,0.2370475475046705,0.0002687925994311772
37133,-1.1896206179356632,-12.032997515261172,2.9747743663526793,1.1232142160494765,288.6738680163862,1.185344103571638,0.0002687962320108654
37134,-4.619014018571857,-5.577395681165105,4.180344179068181,0.8025577648301198,224.81922698807634,0.6815198377258262,0.00026881419507328444
37135,-2.0897699220141437,-12.273038504819347,2.939193749781734,1.603724428588487,468.39060513862734,0.5329513178930769,0.0002688150650016671
37136,-0.7539023476396274,-8.181126226039018,2.2141625914654113,0.6796364734453001,143.09889815402275,0.22080333763882276,0.0002688493119096206
37137,-0.4656933524405069,-12.258164407581278,0.5434409925332911,1.2742040055041608,468.44910288798985,0.5556195326044007,0.0002688919947726714
37138,-0.19581233511000562,-8.599778000484186,1.5485402908441779,2.0945709039542564,413.1792765976893,1.4756495314975746,0.0002689035912673702
37139,-1.788464497976621,-8.429416660514871,3.1295497643029195,0.8822698904432024,467.7857933876168,0.5846715540633065,0.000268906782758316
37140,-4.984365309390388,-5.807321860869698,0.7895035830705573,0.8399099355637486,467.68043969127166,0.27530062891722995,0.0002689138289994273
37141,-0.03992496806582935,-9.680284099134429,3.512641290036786,1.0515065261522203,209.41474508870968,0.9933423123569645,0.00026891808843824657
37142,-0.6143008306033746,-11.44339521395842,0.5993200421954268,0.92799640107002,250.42715643207094,1.2603527498639417,0.0002689249195406199
37143,-0.2733505848717215,-9.322250345727134,3.532638856402379,1.7924556898325334,467.67967719802755,0.40103174092364213,0.00026896414312609394
37144,-1.6585071425123648,-12.52885021033659,0.5685003640699016,1.2291580821157417,311.9320176572044,0.48566057863639234,0.000268966780545889
37145,-0.2742432561470629,-10.861330247543822,3.2363774876375477,1.1346509556769153,460.27005672957443,0.4329612699555909,0.0002689736916780676
37146,-1.869376744956341,-12.905879497285738,2.817600884408622,1.0941227163142948,283.12805290118496,1.5026229566861042,0.0002689789571040473
37147,-1.6756990336283053,-10.221285307915007,0.6705879910337215,2.1953776751137175,401.458905243808,0.5191636192373528,0.0002689824401835215
37148,-1.045854000845928,-9.567305120497805,3.523844152622054,0.5049296364246405,138.17612584720283,1.026344108094503,0.00026899752491327017
37149,-2.0035091042036504,-11.031352046327228,0.47667086665477437,1.7444772086175728,468.09427205393314,0.24421403941717035,0.00026901548240252336
37150,-0.16171301213529254,-11.558574802409995,2.926269195481634,5.394891741299673,430.63108668516685,0.07930986232258164,0.0002690268599297376
37151,-0.7345848156550776,-12.806784625737073,2.825173149564473,1.083091086962396,289.2562007692832,0.809283353658655,0.00026904691885601894
37152,-8.642981362309218,-9.075867810721338,1.4936452636975692,1.8602133059501087,468.4129503697926,0.5307357354654867,0.0002690931365497534
37153,-2.781494348387165,-7.297706622628671,0.313338980282243,1.2008810790948647,189.7485413260928,0.14533536060109675,0.00026912732292233056
37154,-0.48878930572280943,-12.770036188599565,2.88909924365197,2.07021558834638,392.78698457778455,0.5538404968700439,0.0002691451980907543
37155,-7.7138960942604475,-11.324863093928393,3.23132659661389,2.38841864889784,446.18979613371306,1.985484776310627,0.00026916113809944027
37156,-2.019501936499104,-12.00245026848246,2.9005489998534064,1.4369040571528764,322.9092658418983,0.32325962210518444,0.00026917479755416915
37157,-1.5282342869637962,-9.588341367220874,0.8285735074143628,0.7895081511661631,228.93967445401123,1.070013517765922,0.00026919964473075627
37158,-1.1958250515955964,-10.115060989538122,0.6389920373271399,3.64232503099739,532.5874198442344,0.4202751036049932,0.00026921224527733263
37159,-0.008623810853343628,-10.085851867338384,3.3981079223852797,4.223461043048282,580.2967093031585,0.7611792280506675,0.0002692335822348113
37160,-2.9775003623437932,-5.91070055131031,2.207431635600306,1.3148629761665742,323.2614615387464,0.4217685721441571,0.00026923877070375286
37161,-9.61554300436367,-5.461137086956462,4.5996835648126435,1.5859713608718915,372.87067458821235,0.3442195482405932,0.00026925704200931683
37162,-0.5014579402389518,-9.765324603712871,3.4629278802494117,1.7672254552651163,372.6876055840415,1.2128588290087867,0.0002692740441166534
37163,-0.07549539253430204,-12.28721793197329,2.892002807919174,0.668524228082528,147.10846311067354,0.19064418364204094,0.0002693146797516597
37164,-1.235308689165711,-12.23929698713685,2.9387908019108964,1.7363922692925515,468.01243334659927,0.2745391897556875,0.0002693150806690338
37165,-4.58292133724018,-5.518012985167172,3.9652979578909777,1.879927342996326,467.53770975218504,0.09895641228262697,0.00026933448044962993
37166,-0.36899019148413714,-8.148892700801834,2.525589951916965,1.5425048701377713,468.296100678701,0.2152287456677735,0.00026933566773393325
37167,-1.521399855316627,-11.469006519808236,3.051275911330238,1.4719147318906003,335.2709133305246,0.16089442088458217,0.00026934149398306277
37168,-4.127891738205949,-5.357710495158225,2.5592359486439644,1.8569117398239647,446.0537624451822,0.23734001579092556,0.0002693597580606183
37169,-0.7024845666516022,-11.685151718669026,0.534054561372115,1.400614850767006,327.41983394283676,0.5915474492680826,0.0002693750144392868
37170,-0.6510993567891479,-10.326340498011326,3.3397595209547553,0.48139224682772397,113.30483153958824,0.5220047497821474,0.00026940723972555266
37171,-8.350063877066312,-9.736958895215302,1.9443450385670757,1.0357026755743,274.01076456911267,0.847960429939266,0.00026943214753540263
37172,-4.502707568819377,-6.524228300755433,0.4935335767275759,1.8908168216914325,455.7115259086895,0.41325604656039605,0.00026948624197977263
37173,-0.22472821763627238,-8.939221072312863,1.1353064753491982,1.09276666425866,285.69810534690134,1.4241820984392257,0.00026949269395706307
37174,-1.8553603544452084,-10.839013644763673,3.1850843712371444,1.7757563136299936,436.51580223136085,0.16075959531414963,0.0002694929109972813
37175,-6.559686874461024,-10.044349971672128,5.106471364276862,1.47287552738028,328.1443650856274,0.27786114617277313,0.00026951484361302676
37176,-3.7435129578772113,-5.363618154199127,2.5267340983154902,0.9809253794396691,147.53520690360293,0.14156739544358476,0.00026953504313788503
37177,-4.327720190649171,-5.979350335644688,1.097145147897635,1.634416465138806,381.9761778277301,0.029777392547647885,0.00026954844043616805
37178,-1.4245531478848168,-10.522048289632789,3.266842822144183,1.0551302901962711,468.11589461844227,0.7396469376362909,0.000269559456617883
37179,-1.7979881671911553,-8.82229673190985,3.3948071781030174,0.7625206403407829,228.98850303113,1.2260654897419112,0.00026956042023483463
37180,-7.887128590893711,-12.313969705607041,0.9267756430152029,0.583278237540156,158.47829932682177,0.8139952414675884,0.00026956176020171763
37181,-1.0658786169906467,-10.745403103093624,0.5909143011255485,0.8217054633890865,266.6371432612896,0.15212920415506925,0.00026956466478494185
37182,-1.8756460570646691,-9.415292769623889,3.528753238712148,1.115836986926702,429.2698584498988,0.23862463475916318,0.00026956861932231737
37183,-3.778057371746754,-10.868127490538875,4.752807597905344,1.8411099167956617,441.5197162897819,0.10262927397160038,0.00026957014424230805
37184,-3.105458247851379,-5.921153126379,3.6615887618340244,1.4851564685236138,468.6567150901537,0.29151083813492296,0.0002695833519026683
37185,-1.7622441112795233,-11.235105681009568,3.1236428392231144,0.8299639114987621,186.23202902583043,0.45282125571952836,0.0002696056019072664
37186,-1.4596794199880438,-10.735685332594418,3.192700299432932,1.4314869697491366,468.67774210742454,0.11381224143855917,0.0002696186694587875
37187,-0.6416566167175279,-8.98997728708071,1.082595923995982,1.2754247850582678,318.03590990569126,1.5109535556156652,0.0002696195848975617
37188,-1.4710649772786315,-8.293402688709488,2.9034796177684936,0.827935111391481,175.1135428707797,0.5827744367076297,0.0002696394139570311
37189,-1.4396762478054708,-8.202241826818385,2.755905263638871,1.2497881394345633,467.78667184655285,0.05559936404898824,0.00026964552703334426
37190,-3.5231584401408202,-5.476805169994285,2.2364675372893963,2.7712893156252494,464.3531245629465,0.48526366099650264,0.0002696499000010056
37191,-1.9931187979752654,-10.493158107367226,3.2935316369410237,1.333852119942488,309.65894192645464,0.43625591582834655,0.0002696502541781279
37192,-0.2583732450828382,-10.134661343463712,0.6492191437054423,1.0732125643110615,187.98089477825823,0.2585664444518878,0.0002696644618588319
37193,-1.49427657416277,-11.603002879898852,0.576789269298617,1.028740536409313,467.3769398680754,0.46057467375565775,0.00026966707511564945
37194,-0.7639944145811235,-8.604217514240881,1.5533089197094765,1.9046107275772832,467.2756572890242,0.5194194295386891,0.00026967617264092033
37195,-8.078130460676345,-10.8430306032148,0.7388271473442929,0.5870973850299962,120.33167574255889,0.4348133138698502,0.00026970647201076726
37196,-1.229503494254061,-11.697888751487147,3.0774491376707966,0.8454622072042947,345.9771964565259,0.0396285716494722,0.0002697128427301428
37197,-0.40600678778289634,-8.276683904987465,2.7393867304816135,0.9034879187689043,258.0576108271078,1.1506709374013608,0.0002697218990680914
37198,-0.8793540120505146,-10.231838284637083,0.690787309734309,0.8069654920537326,165.90536999631072,0.12352648009854938,0.0002697339790562448
37199,-3.36568256437924,-5.545089159816107,2.672490195158101,1.1446530475812435,244.7675340671157,0.6596216167980868,0.00026977079477594754
37200,-1.3176580622286131,-10.278159769884372,3.34945436990261,0.787417769322696,217.32403277780585,0.902268597494726,0.00026980241739347664
37201,-3.900976370815118,-5.771637621343841,1.5492526725385707,1.0430698553682325,232.40128234370172,0.15193552787481135,0.00026980949866257605
37202,-1.3063652365634617,-8.505254116656918,1.8427065381895127,1.72571247181786,407.2704488324134,0.134544591677213,0.00026983223226999806
37203,-0.69726373683379,-11.09847087853257,3.1603370538061526,1.5596695503233675,349.03948658336844,1.5731985422966046,0.00026983391336001656
37204,-1.3729304721342057,-9.3828261069173,0.9363928254227686,0.9377409392421214,467.19039205374446,0.6100068354333992,0.00026985509384863134
37205,-1.925177782945486,-9.90475183842904,3.40855724696558,0.6653588432405737,167.1542406223445,0.22458272599990803,0.0002698596322429466
37206,-4.809562342927385,-5.345793672851834,1.5765584609682908,1.877755922057461,457.41021981518577,0.649593599123035,0.00026986529979717026
37207,-0.18035871337834664,-11.526174805117064,2.925064851636967,1.1603096016981556,251.7903258727065,0.24573120498472445,0.0002699023166624681
37208,-0.905408244919645,-9.557330220770574,3.518813496490219,1.6867529186481534,309.7670872762219,0.08816043525238193,0.00026990762642758206
37209,-4.621022096563711,-5.438965526356999,1.7879999012690542,1.152000204684304,294.9178301813247,1.0302244917393502,0.000269917770565873
37210,-0.9820074556546707,-12.918468786244194,0.5427007131558113,1.078329957038344,468.10293638428647,0.7323501466944018,0.0002699325041887534
37211,-2.0657205581562703,-10.986782371022578,3.208321278634296,0.796258611670606,131.8376460458717,0.28575557918291583,0.00026993923342706714
37212,-2.612585581777063,-6.79975713189792,1.9348744322430036,1.0192339016953595,189.87624057940585,0.10910425840074289,0.00026995168827145875
37213,-0.10873652275131107,-8.350395762157817,2.9239428988525047,0.9032434315832516,220.90344100551323,1.2435094271209328,0.0002699564693468255
37214,-1.8371206549815096,-8.221449437516494,2.761990917993461,0.7518066252637516,165.39029007267044,0.33686536770731657,0.00026996671599715204
37215,-0.6403098881321334,-12.073483166173745,0.544140548551483,2.0322128459229725,260.26206164206985,0.0679339119927711,0.0002699753810954904
37216,-9.985035781475656,-7.058706284134126,3.412500128090066,1.5346126332665933,354.4141335614066,0.5398797217712685,0.00026997808518559435
37217,-1.316712921253373,-11.12407564771219,3.1521561013739174,2.860688919320451,479.6171457199448,0.8015462083634572,0.00026998426237907
37218,-7.46470149966631,-9.314182631365124,4.96935801899611,1.2883151811836602,287.5674599987682,0.4737471503733657,0.0002699911284730599
37219,-0.9627802050644547,-9.118280790357574,3.4806885951269146,10.35658832519154,612.3349596393957,0.04773301637802607,0.00027002450933748945
37220,-9.64449272205095,-5.706503724939037,4.57437138500736,18.44168013967743,493.5172758031877,0.15112109114417827,0.0002700287125339139
37221,-2.0633938711886044,-12.64357136820762,2.8866020031245982,0.8568609604491565,468.3495744024095,0.5172676916469374,0.00027005360706409704
37222,-7.216771001359215,-11.878989080516266,3.959149886487138,1.7101431183166884,402.42098147609966,0.09931353029601286,0.0002700844368920247
37223,-1.7364035635986088,-12.201629789840513,2.9358302672267915,0.7872663643402151,173.52701173742008,0.5045521267101796,0.00027008469698238123
37224,-1.8143506801646332,-10.180062452786018,0.6580011532909049,5.897558608940741,666.0577095279829,0.5866075251822709,0.0002700976721256998
37225,-2.012300159665391,-10.920943910302501,3.199048343404151,1.434228138769661,468.08417864567787,0.2824242180948362,0.0002700983107257074
37226,-1.4568488072404229,-12.439220577980224,0.5784135353019828,1.106245531612647,467.0411736589015,0.19289301095290678,0.00027012029568888917
37227,-0.27876102343227416,-12.162231569215674,2.940830401293887,0.8500910888453653,245.31429856984263,0.7672075406289567,0.00027012888379198096
37228,-0.4775794382974059,-8.18159351180879,2.3533105689353566,2.1841416503599183,425.82361893972563,2.108263279476791,0.00027013901071445533
37229,-1.712196691223273,-11.865184385553993,2.9883635194784874,1.0468166969374626,467.1774471494454,0.27472064148634967,0.0002701565085375587
37230,-1.8290364655209501,-10.964303404562393,3.1762983969555454,0.8660667693148096,224.40879255892526,0.8935413237222347,0.00027016878847421083
37231,-1.637602465524333,-9.734030843779493,3.461770810391158,0.6141492581433239,185.36218031257184,1.1116029233184692,0.0002701733006887251
37232,-1.408835000234518,-12.979585053501854,2.7977833330907957,2.739138128061347,271.52048357376697,0.14447540838942974,0.00027021179487307965
37233,-0.7137526864528638,-12.46478814792226,2.90443586863496,1.8507357748081767,443.2370874685623,0.16314407763798133,0.0002702151774547681
37234,-1.680842520061315,-12.427423153219829,2.885011902431415,1.5534186787531408,350.749627210689,0.04384556243473092,0.00027022080603476324
37235,-0.23332220969753514,-8.446317794160901,1.8842770425427633,8.393480771298368,288.04814362126865,0.3251110475185994,0.0002702775002514262
37236,-3.5777121588511696,-6.032962324870453,1.1899364028254267,3.249107784182667,519.6378262510004,1.6506346256175064,0.0002702775764605431
37237,-3.118090650285877,-6.032819824661063,1.1654859788399352,1.7156603488451632,454.88750116653614,0.1657100359149526,0.0002702823541670372
37238,-3.3565058750528802,-12.23145813704845,4.468622383230469,0.547889270769956,138.53712665841044,0.3191926754680985,0.0002702849120009155
37239,-0.09538909898354397,-8.811404518094786,3.381504267511997,0.81340939275911,216.63589000444594,0.34275220644826465,0.00027028672533213166
37240,-1.9209110307669555,-12.580587297746918,2.877529257072407,1.235417775286617,310.55233041081135,0.5154935566792647,0.000270297225024608
37241,-5.323236510923009,-6.488836021832105,0.08088201384325429,1.6064700752936154,454.42554520410437,0.3223788808099659,0.0002703240466210646
37242,-2.3439243852753036,-11.821833073613636,4.105129208443997,1.6456208442734368,363.07647391624505,1.2340552018975215,0.00027034552158981676
37243,-1.2831675101200517,-12.439680543236996,2.9059034218553146,1.8547581576293417,455.1966287021667,0.5823553063481155,0.0002703591667169457
37244,-2.230128596437371,-10.24507289203553,3.3611063217472608,0.97092229764068,468.2133894406436,0.8544567594069354,0.0002703604900431563
37245,-1.6794229366535038,-9.920907324815925,3.458093217781372,0.8053108146067302,177.04204808835794,0.19820796118950046,0.0002703812790879683
37246,-3.6120343477044257,-5.718538826699487,1.7312996890541583,1.0923260966030475,467.3271547663528,0.0725012482573737,0.00027038911269544684
37247,-7.854342468224681,-12.170356278667228,2.5415553635270207,1.1315475112743238,296.95416357602926,0.7714915676229674,0.00027039174922818983
37248,-0.16721487823908632,-8.375118490073966,3.0730334338946528,1.542724093219074,469.7011421915495,0.07687980273617079,0.000270393840503669
37249,-1.0696282072538459,-8.427176366927972,1.8577040982320014,1.7966017900504598,468.00092800465984,0.6234380354957967,0.0002703994327209951
37250,-1.5123365472092267,-8.377252888031512,3.0224913475452007,0.9762279586047061,271.9888835955461,1.504896268677543,0.0002704012711796274
37251,-3.1294094920196693,-5.804215120462646,3.4160345145172357,1.5259819059441402,343.9106086662117,0.15727621850687257,0.0002704292383427644
37252,-2.101407662060155,-10.884891670022022,3.216702400255069,0.9331681606149158,467.9129285385461,0.7590021873063684,0.00027043090866589074
37253,-0.19572520318357078,-11.402478497571796,3.0836419717444787,1.07108109248421,287.5602502640506,1.0400956365284424,0.00027043724273311036
37254,-3.9613737246742975,-10.482561963483477,4.923795871756589,0.5518620783502702,152.74204823283867,1.0120810395932969,0.00027044553247688134
37255,-0.9902298934231144,-11.620207146828331,2.914048141683343,1.622400194353489,213.84304428206684,0.3974829971193339,0.0002704516657620924
37256,-1.0638910186066788,-9.684982690396048,0.8196339032467712,0.8822281177468029,173.76596154141546,0.1449113339442505,0.0002704629031558073
37257,-1.376022070719518,-10.340762297482296,0.6697475935182536,0.9224232494955908,240.4554767855065,0.9477789387235225,0.0002704640702254105
37258,-0.2731713667355322,-9.593660593948558,3.51176579711722,0.9183783613335796,467.9750069828404,0.34615091902871864,0.00027049967262104046
37259,-4.525844669605932,-6.756586801039767,0.26334008240562,0.9976603619474603,272.4995256580259,0.583395590245428,0.00027050379946148546
37260,-2.1768990043342074,-12.190514304786726,3.1732050840477832,1.7633289859085086,415.6537128270134,0.5005559401204964,0.00027050680271241764
37261,-4.927601410293265,-12.891707264517656,4.440363260194417,0.682665199246831,468.4449769648312,0.40941167276182444,0.0002705155011839444
37262,-1.345908216416138,-11.919061800920261,2.9752217235218246,0.7273460997557952,429.24466618762096,0.30173252903817005,0.00027052588955559854
37263,-7.705253249658362,-9.436929584308837,4.470188845351245,1.7862658469315749,445.2799530799691,0.10970756843865992,0.00027054975894472296
37264,-3.8138885473736686,-5.649068294129005,1.8248824411364437,0.4768296074026322,129.20521230242952,0.28156788838644875,0.00027055857039938366
37265,-5.261646986706559,-5.6623158075894935,0.5811338965965129,1.131488484337101,289.3588116909004,1.394477697056053,0.0002705737336752092
37266,-2.489173559394711,-7.311830869199526,3.1626076743662463,1.2754027358265392,272.3373942559124,0.07453990464291227,0.00027060010552131046
37267,-4.610718256860798,-10.518785101311163,4.920442769041968,1.0937377208228851,282.9106111841301,0.8760522149453269,0.000270607942291909
37268,-2.078468487715721,-12.249012804622614,2.972876117040934,2.1063429621817007,401.8076824990349,0.5685885474295116,0.0002706183818794559
37269,-1.8151805434246882,-9.487999096971455,3.519022614232876,0.8904357688886639,221.06479498705446,1.2728251060749454,0.00027061857532375107
37270,-1.0847299005412143,-12.132753951561028,2.9398745637687655,5.772168686718666,659.8118548134281,0.5372108535977089,0.00027062481257532616
37271,-2.17141177316146,-12.943414620604285,2.849425738898089,1.8834739640817157,468.0818597461019,0.18446707622347436,0.00027062684535208276
37272,-5.035647561292696,-5.310149565238741,4.205647288259292,0.756445385223831,151.51868620494503,0.9975717007457385,0.0002706528469365805
37273,-2.0432578393291863,-8.763417547477566,3.3746970015650644,2.4521918817682686,453.79380985112914,2.545945709155143,0.0002706602450714728
37274,-1.0766718256435084,-10.08285205399896,3.4351798376815554,1.703691016108684,433.29020560693596,0.07950251584137469,0.0002706849547746389
37275,-0.2882172865503634,-8.636642984191315,1.5407577873272877,0.9669259468006662,266.2200546441926,1.7277606227184394,0.0002707028210079581
37276,-0.8940093285956827,-8.260251566389474,2.8088614662578535,1.0656654425215728,467.37815524066366,0.13826371919674685,0.00027070811464919914
37277,-0.7958824640974509,-10.731318807163786,0.602262551411047,4.413622357398491,532.2754251031785,0.1652211765945486,0.000270710799036389
37278,-2.1405975266258785,-8.47614374318172,1.7574650162384644,1.0188136937901613,225.81842392171964,0.3586345874375132,0.0002707108153101872
37279,-3.173744648456564,-5.82102900107683,3.644708974733534,1.0911480607243675,468.0109789481889,0.5687758522051585,0.0002707238060117363
37280,-1.8317595530736224,-12.306057972498534,2.853549959080723,1.2290460154966454,468.7252333608626,0.8289402198724583,0.0002707414536276135
37281,-1.3923043937833324,-12.995512244415792,0.5777024297246675,1.1969699177849225,454.94083014449546,0.16921463692725602,0.00027074242816217057
37282,-0.6553129292310711,-10.358031453350518,3.3217452027024494,1.8203115729483443,433.9577310611274,0.45916976704937884,0.0002707465368220439
37283,-1.3828145080592371,-11.646966982446397,0.5831933173934575,0.9921669999586312,468.14481748481126,0.6390932086640397,0.0002707593067000614
37284,-4.578463617695959,-10.29031887524069,5.03799598699919,1.1601539012973512,250.32042633077322,0.16179914598900602,0.0002707632706879392
37285,-0.619217809881146,-8.245926563856298,2.860907273316563,1.0748459499854646,192.55566813400304,0.13430890080218472,0.0002707677962872606
37286,-1.4236767934235068,-12.194144848924987,0.594298573216824,1.0214807852998506,273.6946042957466,0.42288514021227464,0.00027076841433591584
37287,-3.5224029341211622,-10.261867889759065,5.036914760180545,0.9024764323180782,247.661067014767,1.362701063674372,0.0002707717795687277
37288,-0.7939899198174771,-9.845987357455119,3.4597458403595507,1.703157048332014,402.4698052045507,0.6374704740402661,0.00027077604518339015
37289,-2.0051607827138893,-8.801585933791994,3.387905613186701,0.9308471346097199,181.3519865131813,0.005198121042469417,0.00027078962139043565
37290,-8.617629172468341,-8.966272988080526,2.737084838440867,0.9376906058567276,467.11053191621374,0.4243073909378401,0.00027080666524912034
37291,-3.8964798656291446,-6.144273012070977,5.040228744667269,1.2882465028378456,318.4349307342859,0.24848942989552913,0.00027082240251965215
37292,-1.0070343751238209,-9.804338161397876,3.465274578737754,0.7291894058889171,136.3587850383661,0.2015197423636801,0.0002708395285709626
37293,-1.821076804856192,-11.262309287790856,3.061322295251643,0.9599421467692479,269.0848349331285,1.1312765713298374,0.0002708808728266351
37294,-0.3634573705108597,-8.16533024731812,2.290300370497428,1.1844476294441413,466.0883452999495,0.15492782329066657,0.00027091572867328674
37295,-2.9957438620409125,-5.950723141969477,1.2897058071842846,0.9595917219593818,467.59979842130093,0.2790396873051568,0.00027092234473877766
37296,-2.0107102050291035,-10.015534334106402,3.4469840270330594,1.6722040521724366,392.83793932494285,0.5397668573945724,0.0002709235413749622
37297,-1.584116072236494,-10.292407619439688,3.337360572367972,1.5246721085207333,362.2535168993497,0.5929285182294475,0.0002709285526947069
37298,-1.650167731350976,-12.056721292877464,2.9480305455564157,1.2307495737755962,309.3318115832695,0.4066082470780916,0.00027093788135091766
37299,-4.814116997360074,-5.044040447021052,3.538858949876557,2.4036094777726884,448.3055485763336,2.2036921165742935,0.00027096281657543257
37300,-0.4772765395961862,-12.480318599885416,2.881448859104502,1.8231281185018196,468.61741490837454,0.6492873581241225,0.0002709894083118986
37301,-2.348474123514036,-12.36121254062221,4.315802943573295,1.0913688511058435,258.2035561955713,1.1959648270005525,0.00027100414593329917
37302,-0.6870332774164343,-12.66750350461906,0.5852135472665612,1.1513911553340417,463.65259377199186,0.16231084507437643,0.00027100984203360664
37303,-1.0051052309107877,-9.30615691924326,0.94150919027164,0.8724878516400932,223.49709189472358,1.3371084157947362,0.0002710422777806414
37304,-1.3254055821215314,-11.74489821296684,0.5734241862356791,0.8872862435547052,466.8160576751125,0.6939263749614044,0.00027106280528162304
37305,-1.3571448511088473,-11.12312766759079,3.138357137937755,1.7994223815403934,429.6224402520435,0.7872245179435575,0.0002710745585640711
37306,-1.5109845730910507,-10.132251571454486,0.7162765413165252,1.8429799385323156,468.3937432015406,0.2916481029863629,0.0002710764271952073
37307,-1.7192846719965136,-9.710681503234467,0.7876310607569664,2.3623529461441137,331.25958357297804,0.02645083303732676,0.0002710801439351143
37308,-0.8663966090120319,-8.248004618144709,2.85430018583809,14.984570311651657,705.3455879995116,0.06847350072480385,0.00027108383340229263
37309,-0.9158784244267917,-11.715994666315154,3.0093816242637073,1.0047188659409496,470.2116459917115,0.017847152108747544,0.0002710847654883902
37310,-4.028565506741951,-5.3832257623812785,3.1505140742091173,1.0933647049770059,260.99092289837085,1.2042395190085626,0.0002710867792551852
37311,-1.9548048297493335,-12.005620555769147,2.9542898906751653,0.8060710701528988,160.8164769294862,0.8902584119893033,0.0002711168145028091
37312,-1.098162649311437,-12.911235206286008,2.733986224049062,3.372105374586329,524.6626546097036,0.9486989102903074,0.0002711231163437742
37313,-2.141541231327696,-10.414265877127075,3.3038977575095583,1.0572103931950156,210.29481835422052,0.42269260076778536,0.0002711378940960312
37314,-1.6052786581620797,-10.656024936133612,0.6076674310628465,0.9166574765455553,469.05131711077615,0.1146645270999942,0.0002711399962671926
37315,-0.9537851069676098,-12.8896635767197,0.5608921906875337,1.139356554977777,295.76239868313957,0.7986263269586731,0.00027115795008804806
37316,-2.7358352260571124,-7.100286465697708,4.6759963888024805,3.280817506293383,236.59318632956862,0.3352303723812762,0.00027118171527903815
37317,-1.2130450693666504,-9.737880659787809,0.752189856559626,7.493819128231137,719.2321670419293,0.32573108646624505,0.0002712158411692938
37318,-4.594872106699328,-5.515319518201954,4.0274832111090975,1.1520127832755385,298.4095619437736,0.6187972062895124,0.00027124692691519916
37319,-7.339686512566102,-11.744190779284972,3.821049154965719,1.1275041734289122,239.84005015823857,0.6342252046086179,0.0002712491759967935
37320,-0.6318302329114562,-9.11640617015159,1.080037478079239,1.4855085206550354,162.22347795270917,0.4133008225565735,0.00027125200713851925
37321,-6.28527476621897,-11.715708490530632,4.543560200875539,1.386347769125089,325.98296070834203,0.4364820614181024,0.0002712571468578315
37322,-0.33973029589921744,-11.980980302909874,2.956665942416484,8.6114873462144,496.70227320135973,0.09087788769885918,0.00027126178506953663
37323,-0.030810873053793486,-8.268595251097327,2.730340160893781,0.8700753168924886,468.4590733737753,0.8291526841671049,0.00027128774509179343
37324,-1.029048661414489,-9.276893737761466,3.5157484079030175,0.8637452383961369,464.2387295164142,0.6798112289316203,0.0002712952709931107
37325,-5.533215371691737,-12.99470417720684,4.4550936617407855,1.0316515847660725,468.06465877413564,0.5339138186528478,0.0002712985593032733
37326,-0.9622824024249805,-11.867259966094213,2.975928209028483,1.0615735902696393,468.5430636066552,0.2583991882407277,0.0002713234848872095
37327,-1.2383290436214303,-11.620973877390053,0.5819841994454631,1.868128933451959,469.5679299128147,0.004295331305302241,0.00027136251486075915
37328,-3.714240688383912,-5.510473413284968,2.6637312389201693,2.946089786149839,490.0369680641382,0.9709679870753325,0.00027138636297709546
37329,-1.9439876423109475,-10.99952302384326,0.5632403042237776,1.6301098369156002,383.51211672910455,0.44364358000227977,0.00027143023459646164
37330,-0.5763092439041326,-10.997119309189625,0.5911566427370565,1.3977240112606424,467.99341322768294,0.15733366882179833,0.0002714902223798899
37331,-5.321025227175932,-5.123353816793799,4.454037389629693,4.192245564664947,580.6024508842778,0.9353063483283313,0.0002714909209294537
37332,-7.319207480635012,-12.824031946254165,3.7310291153060384,0.7436337595638429,194.08687293505653,0.22076186527450758,0.0002715064157759842
37333,-9.020419968287108,-8.278665827802678,1.3395702019972557,1.0962090221375949,228.75798066391715,0.21324870886440905,0.00027150857453347554
37334,-2.337652308518723,-9.366362108217103,4.099551064700439,5.237761392462149,593.8799525173866,0.20997368341872846,0.00027154417400909416
37335,-0.2206189271231711,-10.68998107149979,3.1892088162210706,0.9216085318312413,468.2742887627729,0.3920965164282295,0.000271574372764604
37336,-0.02227597131577852,-12.766010083186169,2.8013139033975643,1.5029516232380495,190.51049463710808,0.18582715420120355,0.000271577300687506
37337,-4.122845071704452,-12.029487141121361,4.494399625467767,0.7039909293785382,210.0513113009749,0.21095541259267048,0.00027161281769986383
37338,-3.407759293439093,-7.2527657596312185,0.014430282375130004,1.0937310711287345,286.2820131030386,1.2951232610904242,0.00027162587884321695
37339,-5.45921829210778,-5.439163964540257,0.4959370342317571,1.3530592584286583,322.1617985258765,1.1690608109317395,0.0002716306058622282
37340,-4.987082750451179,-6.646597906986467,0.19780631083389147,1.1094685609054393,467.6786354238693,0.942316236899436,0.00027166603029981154
37341,-0.8066747519935333,-11.977073580449547,2.9529821978715582,0.8302116540922968,211.90624639819387,0.42759250026278917,0.0002716792975348162
37342,-1.7011245758993532,-9.402874829247233,0.8872891927255862,0.9459261363335466,240.2589241134707,1.4300916318260626,0.00027169498578686425
37343,-4.83581978139248,-6.0872462164818995,0.6751339404528491,1.0934893890999808,269.5415353799515,1.6482877722050366,0.0002717059200204042
37344,-1.6719471701124515,-10.83842186735453,0.6094968047231892,0.8211784749484585,468.02424020936417,0.04236434453839788,0.00027175517882620947
37345,-1.724568316901406,-8.26820765905587,2.1796492247734323,1.4408104525858785,317.60852751721825,0.6358611133859364,0.00027177965191534526
37346,-1.7862487923530406,-9.659147216858495,3.4613892431301108,1.1632961989895256,297.0848997808723,1.014603991019528,0.0002717974133768915
37347,-7.8302150985026735,-10.580527189180938,3.2675547869021613,0.9844868021566758,272.6796749239668,0.6311520486277189,0.0002718057408527499
37348,-7.789863633757658,-12.220363897086074,2.7878584188049444,1.1050925718944364,467.6045981854798,0.14971619288441484,0.0002718166962696944
37349,-2.684996998062447,-7.183271081404743,4.5117896964659705,1.102944999767497,285.41994128346306,1.518088977821212,0.0002718405902844093
37350,-1.41890875442183,-12.73388065956888,2.801386857303951,1.7845295493828233,422.23575357804583,0.5501160132479743,0.0002718493961643608
37351,-1.2948978522263417,-9.995406987028002,3.44457198863598,1.5730483156316082,356.99245463028416,0.2485727532488502,0.00027187083923002067
37352,-1.4468943891248252,-9.710165626095826,0.7794464619934983,1.0358469172900784,293.3323363782232,0.41762894173556564,0.00027188378955428605
37353,-0.08614531310752582,-12.251314934311027,0.5514750926027379,1.0460687534366149,467.9084473876116,0.9416251182765665,0.00027191266594893914
37354,-0.11939199922449362,-8.3735256120788,3.0168878373006205,1.6666296685274118,390.15427359268995,0.3700295563469762,0.0002719138272858113
37355,-0.8707408720599954,-8.226860955214931,2.7550957610617997,1.514128348093464,469.8381546450775,0.10274675168470537,0.00027192277118594504
37356,-0.718001380570362,-10.086847895069694,3.426151638412292,1.5528223918722162,345.2355892459973,0.5461092543351862,0.0002719350619482039
37357,-3.1437652567519265,-5.692961806123923,3.131937583276881,1.2673261896913948,312.1958011227457,1.652311174123997,0.0002719638277089615
37358,-8.138215034678474,-9.270589529626545,3.777189385092109,1.8650029879997538,467.73438597216034,0.5181859866402396,0.00027201211972718647
37359,-2.0745942910492463,-8.038208203113566,1.2566564332413446,1.0465880799406255,272.5316030826522,1.1524426642164078,0.00027202025542921813
37360,-9.463066163908495,-5.828096276661412,4.86975407010763,0.8496790928981932,221.97645384773773,0.39566089252004577,0.00027204980580925825
37361,-7.5483696119174795,-12.140066931031285,3.4137454474727993,11.967177097148662,576.5628814222575,0.041428710965328186,0.0002720555517593278
37362,-3.5281364566146394,-6.480668782522759,0.7007126461139949,1.812237415757997,469.33541358370127,0.20460859110071983,0.0002720653287573083
37363,-3.2627100400118394,-5.612743408712456,2.0510919550781535,0.792280729169303,469.27136780592434,0.13530045062310148,0.0002721276957215072
37364,-2.164395059218612,-11.47152318225718,3.000901678306105,1.0620031209271328,158.99533604270493,0.20667711327450977,0.00027212965664300193
37365,-4.659209235144727,-12.721623515271068,4.4389869338126795,1.5977943312207723,372.55876959434073,0.0055895902475811,0.00027213734978213234
37366,-1.2944335267742293,-9.26147465107596,3.5091704907511674,1.5347705754915237,468.1925664924339,0.06901146204384734,0.00027217293661826943
37367,-0.689515984481794,-10.43437814156945,3.2898640384271434,0.8985905284937399,241.06632650743273,1.1798216818596865,0.0002722040607353762
37368,-0.857373492072055,-11.0652329536646,3.1469523223987936,0.8647743510035422,467.55688314561274,0.07404643293778257,0.0002722116064438447
37369,-1.0685672790364151,-11.405423301977214,0.5894037186048844,2.3282136104696933,439.8577885773229,1.9154690369155878,0.0002722191336458882
37370,-7.888371321230639,-10.982962493503447,2.857640765254177,0.9050758395368579,243.3608955102262,0.8787314650432192,0.0002722463081061329
37371,-3.16881900341434,-6.087427249965633,4.434758902275538,0.95795183033219,246.87892385871208,1.1415107963570437,0.00027225379318205527
37372,-4.861595596741786,-5.601845532419768,4.439042231242249,0.8770476210484094,229.68344544940135,0.42077239794470156,0.00027226897007113295
37373,-2.270976658042536,-8.990358977936538,3.5276691491066727,0.8869766593139872,467.67909969878434,0.14382345634030802,0.00027226907474491913
37374,-3.4513166741861223,-6.058710284511363,4.744939978840198,1.4361970550747163,328.53150140227547,0.3118672087123455,0.0002722734693642887
37375,-2.9774156404084673,-5.981610857758402,3.1291617082509773,0.8401246750482926,175.26920716846365,0.1693686757205457,0.00027229385551660743
37376,-1.3658743029542606,-12.409132721611531,2.8327292063976164,1.858409665400261,469.5905426682343,0.24079801285038993,0.00027231849860367887
37377,-5.473730277337212,-12.596896164980047,4.476449645560679,0.7350501016709279,162.26616411897672,0.11881515964813705,0.00027232694293796505
37378,-0.7748479977351739,-8.563755968179041,3.2802640011687583,1.0224763832242436,276.0396972601063,1.1462579600564604,0.0002723377904196171
37379,-1.468410540789101,-11.291780710077921,0.6089735233067982,2.473517800582035,200.94342437941705,0.31202919961939113,0.00027234906165721435
37380,-7.9907015500888185,-10.535725904108592,2.790214157421217,1.3587878860120097,183.6897953931227,0.17649177810914995,0.00027235205127898004
37381,-0.2837034087419781,-12.148267822315779,2.895629401358469,1.5479834565471673,349.34840713636873,1.882536135181014,0.0002724082806436738
37382,-2.7806143655322426,-6.382611011805114,1.015695270710039,0.8614610885122704,180.66919611966972,0.3076047430859301,0.00027240882560524354
37383,-4.873742648602498,-5.276324850624476,3.930601337878049,0.4906119457717969,120.78632426533285,0.5820976021785746,0.0002724181522962581
37384,-1.2878914163999493,-12.961008596984113,2.7738136872814962,1.2327468556748225,468.1712112984984,0.313697504192497,0.0002724188881185394
37385,-1.7744370168095944,-11.006103118165246,3.1935516699467708,1.3124884161229122,301.657617475786,0.2540355283242066,0.0002724348030626186
37386,-3.9900941870855284,-10.504239311202447,4.910881533685988,0.8074719133408989,201.477874789102,0.5067794030721888,0.00027245202039135973
37387,-5.171462101180142,-5.134200441402704,0.9966993701485086,0.8299227357947718,181.81131443242688,0.17574110542376342,0.0002724583596044675
37388,-0.7542844198719987,-12.82063065486913,2.7862490043064074,0.7279102158651295,466.53920235030404,0.31572379659499195,0.0002724667648345153
37389,-0.9977712492528408,-11.929783767671335,0.555098310389602,1.8110946210852195,431.9137274572483,0.3127337360821727,0.0002724700044933953
37390,-0.9756385796036433,-12.144183723695315,2.8433756998773925,7.6349624794498885,658.3063509880457,0.15646124363521796,0.00027247921501673516
37391,-1.0447252416157067,-11.428460957676347,3.0220392763191746,3.765419608646533,543.5074098297409,0.5152071677680805,0.0002724890015557127
37392,-7.233952272725764,-11.677040239772687,3.968438917126063,0.8980554518908882,468.05381384065566,0.7045242403524332,0.000272494203048112
37393,-7.723366735440301,-9.879736037648875,4.010890127981364,3.669802843747769,548.3388624884869,1.1973435221815087,0.000272510467733389
37394,-1.111021666473368,-9.369109399473194,3.474294258947145,14.255429110067055,641.4840207083938,0.002191169230101764,0.0002725164803137312
37395,-0.7849464367623291,-9.836487589512371,0.7720210560111351,0.9787357822130693,468.8024456225485,0.5942812888681601,0.00027252104253414544
37396,-1.5962892657147645,-11.173114769389098,3.1113531327741843,2.773306918055789,478.0966303004236,1.2328278831705104,0.0002725389921701848
37397,-2.785794553521689,-7.637057193466761,0.14182119108058297,1.0533213524952,466.1315535860641,0.025650611988011995,0.0002725576469801257
37398,-1.7522735127860471,-11.085974103151862,3.1339536630492546,2.432542817945575,391.39307391775304,0.15081311299307298,0.00027261463771860564
37399,-0.3891242382203721,-11.58993010026458,0.5829568080247673,1.5629339838424225,467.9365767492936,0.5930811168579142,0.00027261628444849703
37400,-0.02549626786024284,-9.000649741228354,3.4030025925387695,1.2539375787648497,470.14294897309856,0.1998735997857919,0.0002726504858774148
37401,-1.5101043892052814,-10.11578650045062,3.3691728077886545,2.401674980218839,438.97618363902365,0.9583585054048376,0.0002726621212148822
37402,-9.578854541270081,-6.986617488859908,4.33867358095534,1.7881030792546113,467.8950254241252,0.34496343539544494,0.0002726638717783475
37403,-2.6618553551788136,-6.770358238863999,0.8029836035446869,0.8800656671656225,240.25675640534408,0.9760635556367268,0.0002726699269439614
37404,-1.7340177151492284,-8.581677372584334,1.6840637762285944,1.1611881541826448,237.52777955095712,0.18599502962351266,0.0002726717443613064
37405,-2.0711875805916655,-12.150767577350894,2.84113113483674,2.1802017611698123,424.86220497823984,1.8985354697084142,0.0002726752629004047
37406,-1.1437302970009338,-10.048226286284608,0.7056193293642095,0.9717436430555686,400.05894298940416,0.05752910012716583,0.0002727013269778923
37407,-1.7906394911016132,-12.201484913226025,0.5351142785714962,2.0781554868297043,413.19458920577523,1.824586904393077,0.00027271359041486
37408,-0.6394603504502783,-9.71882023320539,0.8472855194968028,0.6005618203713357,153.46398751608345,0.33337212000544625,0.000272740301544153
37409,-1.1297148814247677,-12.427483038261611,2.8837546827953218,1.726650909286832,435.86838516793784,0.0740993777146377,0.000272745773022278
37410,-0.9273577622199944,-8.19352559043376,2.5586670577538038,1.6185797606317094,468.5694037684343,0.014976260046862144,0.00027279964159575835
37411,-5.5535295184182765,-11.31431907384235,4.661765735239677,0.9449186246745617,177.4017613763809,0.12234082419824777,0.0002728435268630374
37412,-9.506275777019173,-5.784749343867678,1.4196358274322618,1.5026058128614512,337.3941482586591,1.198746925849811,0.00027286327071265084
37413,-0.9964490741617809,-8.404474583797072,3.079224453755778,0.7685677918517352,183.18620186858274,0.14688844033031856,0.0002728691177588413
37414,-0.7805668132908359,-9.956445503844938,3.399659412087881,0.8832782613506491,467.3156596967171,0.6151644232913371,0.0002728741312202761
37415,-0.7322500301460035,-8.477220333247038,1.9626953773991807,0.9166637817112651,146.56243347885035,0.2465353839917741,0.000272874801427111
37416,-0.5804334905063229,-8.86693662131641,3.382848770130055,1.9173032285852223,384.3930629260467,0.9001667334924486,0.00027292715118133596
37417,-6.092531460535215,-12.543929983380497,4.469502635037464,1.0477431004112037,282.0319804827668,1.6963613728753488,0.00027292821264978816
37418,-1.4178887228879375,-11.348344755652436,0.6096682856860204,1.5792659738211612,365.00338485469763,0.4223513606218523,0.0002729458788309877
37419,-2.393677332551711,-10.684210194145226,4.831043147614442,1.4566247985940437,221.4449747117438,0.08246261309426206,0.0002729480846833773
37420,-0.2390136175057549,-8.211953790830815,2.472181288352561,0.8504628525729443,468.22399123088866,0.1082962009593933,0.0002729559552076727
37421,-3.729432370860061,-6.15396495436651,0.972953298308198,1.4208136537911793,331.3633659479318,0.2718693186967238,0.0002729699207041681
37422,-1.722584559204904,-8.213901420237995,2.5722469028782107,1.8562622675316778,376.1685963665383,0.7498843506913664,0.0002729948881933522
37423,-2.265077488191931,-11.832511192054795,3.517339224011451,1.2250198768157685,192.54448783713616,0.07426084980087122,0.00027299951276256755
37424,-1.131215873119265,-8.828816309734016,1.1952835069606933,1.1889073725226411,252.96424159106112,0.37600394933425374,0.0002730018345636234
37425,-4.561068424067674,-5.424485490937274,1.723752930059881,0.8205317594691273,148.97972703090792,0.09993341074886164,0.00027301851121683046
37426,-2.172750304687301,-10.703683001773943,3.311539817498242,0.7540690654786546,425.5615851454338,0.3261221566745558,0.00027301861824639617
37427,-4.063139303140001,-11.270411155826327,4.630544348395303,0.7764556388297452,194.36742150400758,0.7994874562953376,0.0002730543107007686
37428,-3.0372240659157512,-6.149453094484331,4.011027072032266,1.0720911859674698,467.30132194737087,0.7921614691415284,0.00027307014341333805
37429,-0.12814824070604125,-8.166042495443593,2.4023383690370914,1.9019144765308151,464.108209627582,0.3957269589822259,0.0002730755699483175
37430,-1.5477260544450004,-10.52879641035063,0.6453971608246551,1.309818051993813,322.6229717115874,1.2190886563015892,0.00027308520325304054
37431,-1.9839468463488092,-8.466539952006364,1.9025216064711254,1.6234438157202644,377.62860662259067,0.11772254889888334,0.00027311340340786995
37432,-1.5078088555120672,-11.024088416254326,3.149572183149842,0.9775108302961061,469.2325577596818,0.05952344571228618,0.00027312326128016803
37433,-0.9177605584721977,-11.831845049173992,2.963754610597638,1.4311047817902456,468.1089462538285,0.3410059750982084,0.00027313702077359054
37434,-1.138822514493583,-12.91716760977918,0.5523538782966324,0.8534715077093569,179.31716376218156,0.3943524635829485,0.0002731433933266557
37435,-1.9266009872232086,-12.779629126765906,2.7823998029576544,1.0042023883506523,468.36105605902577,0.5217164742031724,0.00027314498297641545
37436,-6.3395734117981695,-10.459392773597672,4.92320089069046,1.4130035700832206,322.4344687133652,0.5468280913872912,0.00027316499460258215
37437,-0.005919551229876419,-9.347934100015223,3.5056634268790186,1.4839111758782697,333.03171518628545,0.39605283335978925,0.0002731752082091411
37438,-4.382467079354005,-11.819003885999898,4.529278935016041,3.1432557384734983,510.8413767167987,1.4905331884009287,0.0002731756615588227
37439,-1.5187651706659508,-10.275522548478213,3.3251582656826537,1.0752267572468142,468.71600196669806,0.22494821005896615,0.00027320744115354797
37440,-8.465117587316659,-8.981015640142617,3.328750861844588,1.4092133886630074,325.2490146567218,1.3722155286996554,0.00027324539037501295
37441,-1.9479727200427206,-8.75647690169746,1.418221277752588,1.6518534649448682,470.11025014341504,0.16454526208570552,0.00027324996896843656
37442,-4.488675690490363,-5.066650729254228,2.4547635256111024,2.673269624814941,473.4692877521983,2.202502124898456,0.00027327016086062744
37443,-2.3072510188495032,-10.694992616316366,3.915192645410389,0.8221812553161482,185.79357378312474,0.4165995288217257,0.0002732750447244263
37444,-1.7916205712931337,-12.449655213940266,2.8164237470731788,2.8084216869070513,461.15587896861956,0.34862124325071964,0.0002733310027391313
37445,-2.3834384397039177,-10.803245449835769,4.667578957031685,1.6807123887378161,393.1197427825547,0.28671483421616095,0.0002733346354213224
37446,-1.13610452595705,-12.08833282823281,2.8949962338227393,1.5508340039083393,363.8707447077328,0.5376224359252113,0.0002733506069922075
37447,-0.001260278089475264,-12.566086206876708,0.56141287823558,1.043034730503047,467.0941243632909,0.633848244614649,0.000273357593826199
37448,-0.9026401755920705,-12.208725190384373,0.5399111558537686,3.439603518129988,531.5041856809373,1.1425829147698243,0.0002733691718504821
37449,-8.973863730224952,-7.750350769075948,4.458167747819171,1.2713268574064924,296.2067572859832,0.3298119853389654,0.00027337507930444226
37450,-1.4227497488338727,-11.249462857547847,3.040993902479849,1.2671530488346663,315.86851943422636,0.2716604203092805,0.0002733818151464384
37451,-3.969751854158022,-5.510898072890737,2.04308944530072,0.7809292665195063,164.22664530395687,0.08983714310714142,0.00027338752619804265
37452,-8.685224591910917,-9.01156767657497,1.710643676901966,1.774346650283861,468.3638834907994,0.522786334629795,0.0002733950292631636
37453,-4.493390878364618,-5.630892216822228,4.010631190436036,0.860013905438165,467.8832897803757,0.3014376158337031,0.00027339515676590636
37454,-1.3971204400676793,-8.273455555868281,2.7079921031845413,1.465743690413885,342.50091247520896,1.0741188839804598,0.00027342355783426333
37455,-0.5993141367403272,-12.589822048177904,2.7990608597908198,1.237871905219148,284.13930315173496,0.6043408039989897,0.0002734317932844235
37456,-1.032957379528142,-12.007178753895056,2.8356442102192445,1.5965498555726025,468.40026914700087,0.5366069253917027,0.00027346449065252144
37457,-2.740052136543591,-7.0861216148911526,4.735282203358106,10.140352199501317,357.9999356566452,0.24739636999539005,0.00027348591297143225
37458,-1.9178996801982464,-12.910863246057064,2.765140028178241,1.1579227355463482,237.767482238871,0.8339732569494149,0.0002735020959391712
37459,-1.3791892355122748,-12.00628984890496,2.891199506929269,3.1852635142051122,510.45826769859974,0.974824822190036,0.0002735322017801546
37460,-1.0559309543694937,-11.060156128500982,0.6163724930201998,3.2106641084905863,514.1754392084741,1.1831800665193013,0.0002735556559266788
37461,-0.7128168371882406,-11.449557948472908,0.5657637570045668,0.9098514747602937,468.31490890767924,0.8407394835463844,0.0002735632921614984
37462,-9.440500657407119,-6.2165687774299165,1.3001570810176015,1.8255528853907326,467.57978420866897,0.6108590567422407,0.0002735696906408537
37463,-1.6396200659078168,-12.762650628422024,2.778899202030082,1.1431130406669952,252.445175234331,0.027435597392734046,0.0002735902030154109
37464,-1.7974065404235624,-11.635177726399453,0.5538262639672753,0.8296309420300338,382.2197749876655,0.10710432603821651,0.0002736010700037129
37465,-8.349817293806531,-9.410701196665421,2.8732170385841362,1.8552284986568148,467.4929454649599,0.43248311420143537,0.00027362601690151845
37466,-1.8111924424408645,-9.117224853785794,3.500290518071996,1.8129600021920442,432.02524985910696,0.3956689821708954,0.00027363054934866613
37467,-0.2985967132885179,-9.761758268512233,3.4076769061827714,0.7368189693564798,159.03442289297334,0.2109567077273251,0.00027364608952543
37468,-1.20530456644018,-11.693358686336746,2.984629611898662,1.8508075091237037,445.32421387148025,0.38490083507372663,0.0002736499163190653
37469,-2.1655019511911835,-8.466564857919511,3.1188869417124314,1.2043970943462832,252.56618617315598,0.1856982352279788,0.00027367578977088776
37470,-3.813195559982809,-12.69900340786235,4.423349298949778,1.3000981552529487,323.38166933289335,0.4192414206180235,0.0002736785593216834
37471,-1.8303041816743715,-12.018075560352612,2.8859637831314813,1.705324636143171,467.72171127677694,0.250318977032868,0.0002736893943825318
37472,-4.722575853252337,-5.106052020190391,3.0068319576317384,1.6714808848980265,393.09141455839597,0.601759504364284,0.0002736944108702031
37473,-4.510710326637052,-5.041926296574995,2.6196760153604544,0.5630700955056289,118.80771699320049,0.847822854466302,0.0002737118360459321
37474,-0.1398080960059609,-12.823098432235069,0.5663660657415943,0.9014338738139973,180.9467971036343,0.5541263926341466,0.00027371372112419744
37475,-1.369300885903348,-9.432820545573023,3.501248416540879,1.1649781806012167,287.95901899237884,0.9881370984998634,0.00027371575293569123
37476,-2.0268107405363054,-9.347269817025875,3.4748556826419312,2.928196668937162,420.8330459182655,0.12979250721238156,0.0002737361408321462
37477,-1.0120830450866354,-11.110863227819252,3.0579909934426386,1.5588211081051893,468.8360054524037,0.4664872453363129,0.0002737370481760287
37478,-2.0430136674413912,-10.24951714191645,3.328082145852963,1.3591381052358666,465.6052970614669,0.3785335020060465,0.0002737380752697905
37479,-1.394303106331824,-11.683923661758133,2.9857498427790103,1.1138112706632106,468.02672519147376,0.8679625744688151,0.0002737480079951281
37480,-0.21297055615898408,-8.450658461873633,3.101212812348694,1.040725035335344,283.23373974026936,1.1973678072597922,0.00027375609142093267
37481,-0.13214331367458065,-9.916563561318739,3.446828435530432,1.1166292078103623,294.0385150079668,0.7903956138416817,0.0002737681484874956
37482,-3.837680346100516,-12.871788865892464,4.415605295467778,5.129233094340196,627.5654013201253,0.4981313475628584,0.0002737682995905873
37483,-1.0003134303619188,-12.858066529446246,2.7664076398886945,1.369228244169563,468.3405384619524,0.5138491655745527,0.00027378777243836495
37484,-0.243963633020174,-11.75212073728372,0.5636242954608773,1.0629472513405038,467.21136828887353,0.8803675649998519,0.00027379728810361453
37485,-0.6523213724451935,-9.229457734838999,3.477127871938371,1.1605529093220428,298.0159528594512,1.9018585949246285,0.00027380317140243725
37486,-4.159258611389829,-6.050800952753967,1.099852180884797,0.7953263215748061,209.39009658069082,0.13115892436432386,0.0002738285079533816
37487,-3.612383146506372,-5.588339247589583,3.2600496632830205,1.9393010037000458,185.19094048771177,0.2701445152069182,0.00027382861601706504
37488,-0.39288536032750265,-9.248705078019452,0.9863885031949315,1.918072685488163,388.1067113620505,1.029228872353941,0.0002738299229858748
37489,-5.227641860532391,-6.6123393473844745,0.12388281917730067,1.7334780034043926,437.6690160061854,0.07563220633349221,0.00027385368739840893
37490,-4.560963127795292,-5.683526180704924,1.2612118691960126,1.2105546669658043,250.8123783134896,0.23220019073289233,0.0002738605415832201
37491,-1.450483936294102,-9.391490204190921,3.482398956555902,1.455736491398271,347.90004290859326,0.24626445946560427,0.0002738656018988528
37492,-0.9905449384164164,-10.356737804702094,3.2981613307535476,1.45299378811485,335.2168218223089,1.741400198064155,0.00027388822952560834
37493,-0.8438928035150877,-12.03865844018027,2.845603188539737,0.9835152486171845,467.9440989032066,0.6106106062190442,0.00027390379951824115
37494,-1.050212432717725,-8.749670155626895,1.4843676098263072,1.8004011135392846,468.30207656661554,0.6104741753945948,0.00027393486683196096
37495,-0.3791058784817487,-9.21472145535701,1.0004900729035486,0.660975624825388,468.34193379234324,0.4264220730683572,0.00027398091249908243
37496,-0.020875450177141985,-8.187699318759911,2.5319183186961864,1.848488614146804,467.49390453205876,0.601987309670398,0.00027402248209197004
37497,-2.183982107148945,-9.510356303691704,3.460823922000037,5.236890971383291,634.0078393715178,0.5580098766335508,0.00027403000095099837
37498,-1.0221028788729125,-9.966332993614547,0.7330643763971711,0.8567610380210657,229.34349846804838,1.406617487540358,0.000274031224130806
37499,-1.1682164231582899,-12.476024325429844,2.8566696671288057,1.3568292140421756,301.7047440383573,0.8845050737659355,0.00027403615095212647
37500,-0.6225024396434264,-8.995795955942075,1.123389447745591,1.5490521776908164,217.30831347166995,0.12101143005123038,0.0002740389401232159
37501,-1.3234338444101361,-12.942794315858073,2.723981222001734,1.463377030193115,338.1485337732143,1.7317684191973024,0.00027404982271732407
37502,-1.1103159125014024,-12.93929830198689,2.72425005222167,0.9818717952838704,469.04582540650205,0.6368466834343183,0.00027404998641586723
37503,-1.7177821887320217,-10.116882082404743,3.3590632121166455,1.4808345934975884,332.80507448329,0.2069436191597065,0.00027407161702228616
37504,-1.5112839947251295,-12.165512726951608,2.838599337192665,0.8801412822806559,468.0395924659555,0.3857038797722323,0.0002740717548523072
37505,-1.4216860516645475,-8.561947517166068,1.657958823623021,0.9834014849569058,253.26607251282982,1.0431339128275097,0.00027409827783776746
37506,-3.227039230789158,-5.464557137602078,2.5553225000264272,0.8731142942359544,469.66047846042653,0.19289983860694182,0.0002741045867888173
37507,-0.18487542123704515,-12.853735434392744,2.7302682037621113,0.8711941857278446,210.36005970714675,0.6808504399978075,0.00027413902156700557
37508,-0.7903907329775102,-12.972803155492459,2.7204534026898193,8.943760939416803,654.5927105834327,0.12537289247116234,0.0002741688316502467
37509,-0.05778067376686025,-8.262337006585875,2.6990425584061,1.6656906847411732,363.5794364540936,1.7125948828751296,0.0002741728344289831
37510,-2.0433494523058098,-9.465042852199755,3.463222673271421,1.251905418768552,468.807856057498,0.2652969759891004,0.00027419518418055365
37511,-2.706499879609744,-6.767104451662957,3.6453318947574354,1.6978463505257793,434.46299697312145,0.831008375281888,0.00027419954329159393
37512,-7.5484110696951765,-11.671563554497151,3.4895628380479238,1.3152691931876737,305.0000958422841,0.28289246306007154,0.00027422257756318686
37513,-2.084560765423803,-12.09686807090367,2.83934751691247,1.0538587902120515,467.894167770378,0.9221821902728573,0.0002742504780282847
37514,-1.4935038828881702,-11.944508976889177,0.6255492700479482,2.778294383514803,414.0716914520043,0.1446060203784354,0.0002742607859948789
37515,-0.26869725345457773,-12.991830914773562,0.5447885602908754,1.857533064446197,468.0213919656759,0.3776727961912174,0.00027428652751187874
37516,-6.923541069560107,-10.977710877033317,4.439584181969445,2.428086929801302,203.9285330582993,0.43725465148224885,0.00027428893524652375
37517,-0.5947344925336591,-12.559242668748757,2.7923636010721613,0.8874070468002048,244.1159469955714,1.3104114397955717,0.0002743406652798681
37518,-3.9247554283711956,-12.591070390172984,4.434746856138934,1.4724967197444778,338.1821668517918,1.6434040370324858,0.000274357696819906
37519,-0.5913235863453252,-11.81332177062473,0.60812797263332,1.3737428228676996,145.79244748055046,0.38495066789678045,0.00027441066283929804
37520,-1.9753825885096834,-11.546639006838427,3.0140703592357476,0.8487242467359833,227.85996882748321,0.418753146304792,0.00027442597894793483
37521,-1.4907762448590418,-12.666311973087904,0.5932063776026371,5.6086712457036505,383.98183816308693,0.15409717871660877,0.0002744292910818921
37522,-0.445059956498703,-11.594823495201373,2.9076565009040474,0.9003975130925537,469.07072052071135,0.009258199523558552,0.0002744688871217322
37523,-0.7154002619286768,-8.822045212640907,3.3713822560893414,2.487416569395786,456.5382243943933,2.2478095440952854,0.00027447364840503725
37524,-3.3068567011632695,-5.807421998454437,1.648174431811718,1.5133005914642124,432.8436830175027,0.3056743023851505,0.0002744873656483616
37525,-7.319887222867779,-11.710511041876458,3.847912045006193,0.8632300597507648,468.19521707907944,0.4645618490529566,0.0002744900725001414
37526,-0.382850910156332,-11.922386849580503,2.998454058496541,1.1068664801873604,379.39888807117325,0.5316451041708161,0.00027452173373779265
37527,-0.248265693437963,-10.570824864711199,3.2522676984195242,1.7389294090926435,411.12984988802583,0.14550582301487136,0.00027453934985598524
37528,-9.945088681076385,-6.40638346639805,2.009262498587086,1.0252642711269224,243.98106363017973,0.24997899184160843,0.000274546731450678
37529,-0.44890158147713954,-8.207510968326785,2.6526585888370167,1.1165123534623378,287.94817293695996,1.1147276962851906,0.00027457046830258857
37530,-0.9547206146973117,-9.280896090404054,3.461659951151279,0.8373618793522684,192.83452077883123,0.37516328188002745,0.00027457775587909583
37531,-3.9753003434033296,-10.783877946284404,4.781920646494166,0.9460008542421396,191.54882388010301,0.9710069166665418,0.00027459303968043125
37532,-2.1853867381088667,-11.634950422920838,2.957800247501545,0.7339979796738716,174.7772623444647,0.5436478286644659,0.00027459450868130614
37533,-0.34427896958268356,-11.628770847752422,0.5748626717721697,1.9038796903157331,382.0588758381109,0.7314325337213452,0.0002745947236687583
37534,-4.260224056061887,-5.375333226671144,2.1735969335623606,1.2630018562600183,276.8918847519654,1.006536209729135,0.0002746075592559085
37535,-4.477939294006884,-5.989116975794035,4.828103010119483,2.7792458076235462,480.3772180978906,1.506065227634247,0.00027461515693659287
37536,-5.155450940184761,-12.774818025628358,4.452084729751309,0.9196252174774295,468.12835217787375,0.7467345332381674,0.0002746456777287461
37537,-3.141577139075263,-6.083054436525465,1.4019313597438794,0.9350192561588095,186.56129954730585,0.15264709422653144,0.00027468178328583895
37538,-0.7087132767945299,-8.603442980762765,1.7078810558093114,0.7981451138267532,187.80007391422342,0.5277171986593645,0.00027469177678564555
37539,-3.953578896900388,-5.756384974538868,4.0465623544737035,1.2727176956705553,313.47796728936095,1.4109913861366215,0.00027470916185916267
37540,-0.1362024044293939,-12.635720057075147,2.779285785883144,0.9220641021892761,186.23683533602926,0.5680267454424142,0.00027473383043525587
37541,-1.4109189574705034,-8.493920775466322,1.958341578146267,1.023475079752787,260.7186517606232,0.5655079706582171,0.00027473695899708956
37542,-1.2337226133185357,-11.995541884349935,0.5709401696941069,1.0363184298642427,466.4095187360014,0.09536966224446353,0.00027473848782303485
37543,-0.7033210583824676,-10.687209194632052,3.234404077191043,1.0975594538688553,468.1102687922048,0.7739617384082331,0.0002747829065955667
37544,-2.2277551575476116,-9.181979246566101,3.631748596855484,7.075801485791213,702.5061390462712,0.30902063956688064,0.00027478367129136366
37545,-2.062720434978642,-12.288082169930247,2.8489694600036746,0.9953590823168122,265.14910333966805,0.8163331047945581,0.00027482166593750026
37546,-0.11226111959009977,-11.082102296105417,0.5880832967448181,2.5858449342664693,445.40816688075216,0.5549923940135892,0.0002748432460692344
37547,-5.133058474206481,-11.773310836429728,4.555466484907161,5.254381227395767,328.02799778879574,0.23060292044868902,0.0002748604779331945
37548,-0.3448015587653597,-9.180531598336978,3.466483358285477,1.459912742972063,469.9599436182049,0.10449907288724436,0.0002749106136362626
37549,-5.66611585518555,-5.559428010948664,0.20376535612843233,0.9018765430596932,467.95565908611076,0.6873877871338019,0.00027492517767009947
37550,-1.8782656635538864,-11.409660942794224,3.078275503427662,0.8097392431110829,469.81727972165453,0.1707276370735693,0.00027492604246627674
37551,-1.8322862088602463,-10.916580381428782,3.1951485990422497,0.6125871085067122,187.246273389066,1.266339756642071,0.00027493084960533286
37552,-1.440023120451409,-8.510338061539416,1.750748479799282,0.9111165144878085,236.53688165716537,0.9335171482725739,0.00027495406343885887
37553,-2.0660740839845104,-12.332138880026458,2.796489380992353,1.7061648507742675,467.9022800089561,0.45649451548100384,0.00027496474154195544
37554,-0.41802390251772437,-8.644352931502485,3.2452621184503623,0.5113580981260539,119.78522033407593,1.045962884391531,0.00027497668449436436
37555,-0.914471103654023,-11.779535663909382,0.5573594654103757,1.8307328917567054,439.1858420520971,0.8057962204437503,0.0002750364258354227
37556,-1.5127567481927109,-8.871518567433284,1.4020521887994408,0.7470221117353059,467.4916961179556,0.2814343561477912,0.0002750467287031768
37557,-1.813110429189667,-11.422059965831195,0.5689251223775692,0.6434313654532652,129.5762857111738,0.9419385228625563,0.000275066220596834
37558,-1.5715284667007055,-11.886987577347586,2.93333433864985,1.4015752352608482,470.3889742267001,0.19766314572300736,0.0002750898546496281
37559,-1.5114711550786062,-8.210414764608105,2.6472994492829867,1.3323235009757557,325.67559699519796,0.41025145956456743,0.0002751328599156036
37560,-9.344542600374211,-7.8627223383516345,3.3119782340162685,1.3764755720559372,318.8745367606665,0.8656719658324619,0.0002751400289129575
37561,-7.877236872651757,-11.859469542363438,2.5088236094823935,1.102918782887203,285.6802425540416,1.2660930021684393,0.00027514328375211414
37562,-0.2040315538919213,-11.051039885122519,0.60705415815411,1.5537324148698373,468.0335537784761,0.5790558913871804,0.0002751636914954953
37563,-1.839702139626521,-12.094580117861696,2.8383291530852968,0.9103742323694656,190.63697639215872,0.9513448013111283,0.00027517201289054975
37564,-2.939843137004978,-6.096344479677306,1.366968392896621,2.37738366545747,426.52584625307395,0.5002674715428563,0.0002751931546642338
37565,-4.884604640608852,-5.89239003138537,4.9362789956291415,3.2521600976951492,236.1264016080889,0.327200784216771,0.0002752095493602771
37566,-2.8011189608262033,-6.229143717777476,2.593599817468453,1.4731819565594342,336.52028110511276,0.17335048818420784,0.0002752281699019025
37567,-1.3317512182996882,-8.193945487937347,2.507894984528772,1.658439251666035,468.5559404363224,0.6514459107317547,0.0002752436666652531
37568,-0.04932630899635804,-10.333889975444725,3.293954692858263,0.7819553592896472,178.34702970850955,1.242120380089812,0.000275282508078806
37569,-1.7910201917707838,-8.299441123370089,2.724322575625905,0.93061669029159,248.7106453388366,1.5413742909374912,0.0002752901254786869
37570,-1.4861889412649383,-11.651148509362075,3.0047569723674763,1.1683247321312358,416.0151186794053,0.43776260652918,0.0002752947223983103
37571,-4.213355965493362,-5.266689131222224,2.3515311815291136,1.0328236968475795,467.0584005894891,0.612402932096062,0.0002753061985070088
37572,-0.79370904651784,-9.522964583333454,0.8675938577033759,1.1077469758968046,467.21360522062,0.8932583101960754,0.000275314990566715
37573,-5.690677477115075,-5.791169731935605,0.13253501943520482,1.7176068800454685,405.74244549131737,0.33557769341219146,0.00027531932975287897
37574,-4.730225661671129,-6.439171917002745,0.4912164766755211,1.2042246340046783,469.1202728466813,0.561865248605522,0.00027532333680402614
37575,-7.632942257728729,-10.984952653215927,0.26161770841309673,1.0313660158269153,275.78112808246397,1.354978222555352,0.0002753359574731299
37576,-3.208875418795989,-12.37728168265053,4.488669823442119,0.9859254803107388,257.75494361508936,0.7991131626581902,0.0002753465714168335
37577,-6.618889931405842,-11.286837083147118,0.03263960466223783,1.8471013014000826,443.45146405205503,0.10154933964524293,0.0002753469575691968
37578,-7.529752630265745,-11.099361692699532,3.672899043395349,0.9573048684795477,248.675491512868,0.8878787233242482,0.0002753698694574564
37579,-0.08103362611520737,-8.872372078245375,1.2313737398563578,0.6157273592791238,119.52036321029412,0.012415944333207918,0.00027538901111382006
37580,-1.8777907980383226,-8.282528548010392,2.617563091885275,0.743478118709249,150.8422671502232,0.16891262552140862,0.000275433513986871
37581,-3.8640337471172845,-6.03507210344535,1.2075923348719082,1.0835575682543273,254.0768538809016,0.44774792888347026,0.00027543882446774383
37582,-0.4945785724752696,-10.936974321021882,3.152465330724686,1.5703810230631097,363.4599328027328,0.7168381265060786,0.0002754404948503175
37583,-1.1213753373592432,-9.532723405589831,3.4921119764670823,0.5840084705367575,122.2493552922792,0.0203819451995928,0.0002754434864181963
37584,-4.297114564278752,-5.207778843784495,2.61422238735295,1.2783392035911236,468.10433536717716,0.7333254923167756,0.00027545952209341514
37585,-1.4833693990153805,-8.385267618160288,3.001342563587431,1.2351082260612456,131.5350016329947,0.359247661138836,0.0002754655687930419
37586,-6.542287211606296,-11.77630267915811,4.459113363033648,1.4541928038135612,325.3631463351125,0.1270450152140219,0.00027547351539079226
37587,-1.4411358394664013,-12.048929051016227,2.830654368937474,1.060480521582043,468.0884665642784,0.3684983857076487,0.00027548427440104534
37588,-7.889621310846778,-12.818855815548991,0.8069268388583614,2.3915795208305166,446.9507616567686,2.1236571246921345,0.0002754873086307655
37589,-3.431538088750818,-5.458324870399017,2.3646264495545886,0.906510259409187,256.7649246864494,1.1062282461545534,0.00027550669516690615
37590,-0.7579499211410745,-11.510248676921828,0.5998598187120082,1.8022326402131084,469.34979296759326,0.13934456385232252,0.00027551276705081615
37591,-2.532954239927504,-6.8934810682159275,1.0750886153107593,2.7364490760738636,456.51618750870034,0.3321582459973831,0.00027551455878747417
37592,-3.212360258290797,-12.784640829062369,4.457400088711159,1.3639330522434074,321.1604961434575,1.1371825851784907,0.0002755178585150885
37593,-4.198137859993562,-5.749346161157269,1.6781209024243826,1.881129773394312,468.5921587114524,0.25633471250287254,0.00027552258296582833
37594,-0.06381904644146097,-10.126285460442935,0.7187902283267299,1.1249972257104879,468.0599172566468,0.7081492458910565,0.00027553665569195337
37595,-1.659172889838615,-9.255308520784782,0.9657079082436264,0.5406531238751053,162.3340502753357,0.7479389348203549,0.0002755375973787682
37596,-1.2315920151054058,-8.526250037365365,3.196276917224831,1.0738842654714238,268.5674860237143,1.6683544636946879,0.00027554988706894834
37597,-0.4957496899106921,-8.819102872934776,3.3617594703917746,1.1121593788234425,227.19037481726954,0.313218651382555,0.00027557711650433477
37598,-5.064449584020798,-5.708884396083114,0.756433325037285,1.1858592638176522,390.11099044222993,0.28291264602404276,0.00027560431811418494
37599,-4.4962178955480825,-5.6801265036272675,1.4583568046938047,1.3624150602774658,329.3788742478426,0.2975966612276464,0.00027564655100483485
37600,-0.8697252967377231,-12.292026033852304,0.5638495116572471,1.8507847402636213,468.03339303247276,0.5373330263470733,0.0002756534842039487
37601,-9.958061987298949,-6.008961150086781,4.044657965197314,1.725140589603463,367.31648676433605,1.2212095793598605,0.00027567390280583377
37602,-1.3795886824511001,-11.834772623369368,0.5660786675400264,0.827418252701545,143.52911318998014,0.21034892419747564,0.0002756759976510017
37603,-3.3118520372341926,-5.988540643988319,1.2769190717467436,1.6353938222550577,444.3196929640111,0.5666095338441428,0.0002756767000456151
37604,-4.001977675860115,-12.961100879607834,4.411285036339522,1.7210532093793889,468.4678637281708,0.26492513866539813,0.00027567858212904816
37605,-0.0030734679791741826,-11.098563563112581,0.616044330357251,1.718642521433171,469.58804895734386,0.17858413253349692,0.0002757019504152776
37606,-4.466519636383984,-6.423650021026344,0.5669857433224538,1.634178084860869,381.1184579107295,0.338623938995398,0.00027570295301594677
37607,-1.7835418331791235,-11.080210491272446,0.5214405845557266,1.4040320035046403,321.6771771301834,0.40844270267056704,0.0002757036642071529
37608,-4.208912536683506,-5.470525813761378,3.5023377419546207,1.671326170557212,361.6286476839931,1.3300834243999198,0.0002757103198554203
37609,-6.926679875977407,-11.017231533582645,4.422577692629289,1.5435587459920606,419.90325932767894,0.8821645651612346,0.0002757189231463412
37610,-9.392175902214447,-5.004643387007107,4.9228389519475755,1.7247253003335523,468.63471981141464,0.8394849093149714,0.00027573344095359315
37611,-1.1259405021985849,-11.743412114984352,3.0037488998789645,1.8781332289867754,467.82480900782616,0.0742377506384706,0.0002757367452556721
37612,-1.2413970211221095,-8.646688972290061,3.276755647389185,1.2054953639647796,295.21384161207476,0.738576853723302,0.0002757467522552266
37613,-6.09973267679054,-10.874210647373975,4.7781628407905,1.1087771593156703,243.33704150855618,0.05421423415211546,0.00027574844105029246
37614,-1.063385536674435,-11.239565732085865,3.028007729435178,1.5600631539697356,360.5008051252357,0.5237649817178882,0.00027574939972489293
37615,-9.58344251008918,-7.0634999523873745,4.2486248726067775,1.7708083713341396,419.3625171109295,0.5137314778444191,0.00027576375106357916
37616,-6.337983783995562,-12.996268875148782,4.4010092922534785,2.848050830932679,332.5460225385203,0.0344433803170725,0.0002758330700452004
37617,-1.1776030717921593,-12.46348792646032,2.7874544982474134,1.6885895263274564,467.98595893738394,0.2778410170378889,0.00027584877815826106
37618,-4.669546057985801,-11.481256407127296,4.594614582894473,0.7226346594971798,279.2628413161213,0.4091345559826234,0.00027586568572548353
37619,-2.06746782528921,-11.025704473324593,3.120376314326153,1.500676725176958,467.9918862528235,0.42875619464980996,0.00027590773891088656
37620,-3.3921578188830264,-5.616566528936528,2.0443394585253096,1.4856377874575777,458.962718277247,0.7607833993389699,0.0002759121563299687
37621,-0.9928455982185529,-11.42334898044941,2.9995381312632623,3.3453819665530435,514.5260245495756,0.5893857564095262,0.00027593903421792456
37622,-3.7918437422037234,-12.143008847549403,4.4693398970408,0.8158129443922014,207.76523980084258,0.16250629312986842,0.00027594956230219645
37623,-1.8243985418125934,-10.073343955250081,3.3560360766294592,0.8640095292601111,237.33999427562966,0.4553601047922209,0.0002759573984144106
37624,-1.8646765368419729,-8.384971564863264,2.127340383530134,1.3085937887190546,321.73924005861903,0.7920989387461423,0.000275962865396254
37625,-0.22557568925348725,-10.740146160418563,3.1986654665872396,1.047242968106439,467.98903977430194,0.7990853236655049,0.0002759658875896674
37626,-0.05061539896588663,-10.963414909877653,3.1365969606002575,1.626828038730227,375.84874764075846,0.08970001314318488,0.00027596692206432885
37627,-2.244734505840894,-12.063018062586341,3.248478274521208,1.761277354933764,417.5652579408445,0.12796739693375425,0.00027599492244830844
37628,-1.5907283020388974,-12.224323608332123,2.854166876493847,0.7973853789030075,469.1410098529176,0.21088260451367447,0.0002760126842996058
37629,-0.2368177787974144,-9.491339976984172,0.8981929780585359,13.774815405055234,539.3344894499704,0.07656733151481365,0.0002760411319579918
37630,-0.3017041051296072,-10.899099235793702,3.2023024401922164,1.1210340064696864,466.2493211884123,0.15889757980434105,0.00027609179852305563
37631,-0.9334358080379648,-12.20064748738779,0.5721035252508508,1.2109133100892486,254.06611250778965,1.0324523870615394,0.00027610434080247483
37632,-1.1694817482745794,-10.9725645900355,3.0681641238020765,1.2455129445328128,258.4708466838886,0.7042814275691391,0.00027610899129227576
37633,-3.4024725294645535,-5.733437219909033,1.9786888420991473,1.768728310574874,419.4646234591452,0.39790216164632053,0.00027612400284701493
37634,-0.4818977188494511,-12.538928267923634,2.7142874994249637,0.9087737704648674,468.81544848718346,0.5716482318340734,0.0002761267153904332
37635,-3.6135509022793046,-11.496310408462222,4.567565545454726,1.854826377962397,467.8874200312811,0.2639147906124002,0.0002761416949874101
37636,-1.5010174352936385,-12.535083766846958,2.774789855086872,1.6970591324543098,400.85492770523655,0.8732801564673709,0.00027614417365228036
37637,-1.2614267431329758,-11.880253941761394,2.9094868799981475,1.1290614339138887,467.01825525145057,0.6830113638093405,0.00027614587554508483
37638,-1.421019057050609,-9.552039806904213,3.49606271573962,1.0701537955283476,212.24902075702298,0.22767698644257717,0.00027617266028787075
37639,-3.127522787691613,-5.724541808329279,2.263969864298577,2.9074117520290694,493.0013702990573,1.8357648881045172,0.0002761878750510884
37640,-1.6687193065406714,-10.902355653713279,3.15535534642998,1.482570838952374,428.8988523507843,0.75937055031988,0.0002762002095526325
37641,-0.4103470235770281,-8.884257795678687,1.3515190553716447,0.9962126997600952,468.31194971980153,0.4937491951879851,0.00027621820663899265
37642,-1.7714854097757264,-8.498167940681585,1.9349577141374943,1.9384248083135038,172.2414401923609,0.411450566445521,0.0002762254926349455
37643,-0.8563111166222566,-8.877826475445667,1.3449229248484356,0.8457758856341179,170.09995644151726,0.7688778604969064,0.0002762511499175984
37644,-0.0281705638282439,-11.153149599613913,0.6070869556149897,1.8978434187172044,457.5657310580066,0.4884201663131309,0.00027628690651861
37645,-0.9238577797155116,-11.352704938855625,3.078475954178868,1.0899929544559994,291.5190525157964,0.9134815805506493,0.00027631604926281234
37646,-0.9590557048350359,-11.610701311810198,0.5905578855309135,0.6601315575951542,205.11933313231756,0.49901966388397145,0.00027633779199021466
37647,-1.9829375760246428,-12.085189178553206,2.9105679937647175,1.1585132904093352,198.5880344898931,0.30486129961051933,0.00027634008863300027
37648,-0.5602244443488864,-11.57305977420902,2.9823502526486476,0.8624511145837424,467.84157777372656,0.6819275155697886,0.00027637774821532684
37649,-1.2587329833099083,-8.85446088953536,1.3983632239755084,2.209886906741368,427.4142128103601,1.7206726297344597,0.00027639850776983716
37650,-1.8841191252868548,-8.417688822601615,2.96151722373376,0.5806978270070274,156.9274257098942,0.29046895339921,0.0002764003733291168
37651,-4.455551126948507,-5.547347232493778,1.636417592425982,0.6205638323067169,130.076635338911,0.05578838364021621,0.0002764180559800127
37652,-0.11698636114593697,-8.634169672633163,1.7362866442075566,0.8538056408253052,173.82125362150094,1.0671999329883741,0.0002764211959499463
37653,-2.198826645528124,-11.223634941834723,3.002783211608224,0.8246507523188799,205.58643927151573,1.3449384762489531,0.00027651921786053433
37654,-1.0659766413184748,-12.434994560406064,2.7832463736675375,1.022374210318944,467.3303769178497,0.4267861778769175,0.00027654556147428824
37655,-0.9468679925904553,-10.144638013287548,3.334226665397918,1.2924279037951356,319.9360567398131,0.4490489167853635,0.000276570440222188
37656,-3.548966131801566,-5.490693086031729,2.1531111654537316,1.7845351917463206,469.94111913611545,0.16493963297311875,0.0002765720371042146
37657,-8.923213414247575,-8.514347563279456,1.4439784150771258,1.1200673262020004,224.13805904669732,0.31174072670699005,0.00027657451239202803
37658,-0.2532510942241206,-11.529442525099505,2.9899516824898824,0.9621662025605034,252.56441499695487,0.5445586530800819,0.000276575811895769
37659,-1.327402966744506,-11.531565820490512,2.9894867467042983,1.6040485678469716,371.6473462326501,0.8172005047917734,0.0002765768685807174
37660,-2.311017937032468,-8.00703707351169,2.7743990481542475,0.7161898950852851,175.95578243282625,0.5460387018575679,0.000276579662121715
37661,-1.070166955516349,-10.289884529754332,3.295948345155987,0.9974638438309079,431.70577526053546,0.4090029592297606,0.00027661244333405987
37662,-0.2112668635523569,-10.91360487387219,3.1484628858741535,1.8624046075518816,447.73400573729816,0.278781467231223,0.000276628168936603
37663,-1.7395531330909382,-12.440102107610851,2.7815917845501277,1.245610773056026,315.56790205928496,0.4899345027199491,0.00027664562519771007
37664,-3.872463242608789,-6.024043906868439,4.616836983053615,1.1925597167418827,243.91007576885104,0.5954042948096667,0.00027667863117851417
37665,-0.5973820550493958,-12.145476622996883,2.8653497261752827,0.840092212144508,219.81910172912765,0.2323998094187676,0.00027667957493826605
37666,-2.1850958427017826,-8.47398951334755,0.8219020417427279,1.2868653122680878,468.1370868985928,0.5508456582255379,0.0002766804595976525
37667,-0.8193578299466999,-8.998172009293313,3.4403890574008327,1.6923039545484635,397.13822244747087,0.0043228489456152985,0.00027668770451308786
37668,-0.6516138901056969,-8.881865369304727,1.3748169586770431,1.4370805058383913,468.6249672217555,0.012887680835677706,0.00027668900409043724
37669,-1.5350118788210008,-8.454315864696323,3.035208607847831,0.8349077993786158,467.9156696122109,0.20602640330092203,0.000276726586277828
37670,-3.8296305336723293,-5.553749283464259,3.4019785381552303,4.6256428296867265,310.8659771913939,0.1876278118139103,0.00027673636796438604
37671,-3.875997059276406,-6.01082785659065,1.3744546662546453,2.1532849803248952,422.83251555585,2.2579462354310573,0.00027676924118361936
37672,-0.9543609374674684,-12.584056824667895,2.7287608728292168,2.1312204189386295,413.1403616874827,1.115053010220759,0.00027677681601127565
37673,-3.007006931216292,-6.039502520284926,1.4728210634459915,1.2324968184781397,468.4109508696686,0.39888651381656004,0.000276782754486426
37674,-8.60832569867247,-8.432732503431719,4.016023674962277,1.64047737628589,470.2961560107915,0.15720263415258895,0.00027682207080453614
37675,-1.9003171887546682,-9.41367663542851,3.4643580847042768,3.0259556662146117,195.32412768626054,0.3578555462238624,0.00027684976644735216
37676,-4.769097925535704,-6.28451109483978,0.5590958950099351,0.8071137188214362,469.0452048953893,0.5298493473236707,0.00027686820239640676
37677,-0.2992695848879894,-9.78891402203146,0.8508465761414677,0.8197285648073959,291.7142348401743,0.4788167239455525,0.0002768756256952477
37678,-4.698690391467232,-5.0491478115231505,2.6465001155644923,1.92074029382242,390.3827626771705,1.198448381174403,0.00027690123890014866
37679,-2.150682070577224,-10.241954088948585,3.307299648993029,1.3704104771833596,299.78532197212525,0.09669054513466868,0.0002769112950363943
37680,-1.3087428328517188,-10.51913926553717,0.6346216257476908,0.9285313207330455,467.9165637809536,0.11818527955024383,0.00027692404037456183
37681,-7.866635709707637,-10.974501122054676,2.925991693509856,0.807029724117075,218.95706664512795,0.9814254504117503,0.00027693055014340066
37682,-0.02388769683039449,-8.81724162377143,3.3505221057338397,1.1896601398747193,301.6196409357938,0.7576657291573845,0.0002769510890895605
37683,-1.3212764838889601,-8.394585340563754,2.088207422515133,1.1503596206551279,468.3476438806474,0.5164048198499875,0.00027698525301624396
37684,-1.4962352238100802,-12.173855207339288,0.567238418810134,2.728121484665413,466.85254341585335,0.5604782483143831,0.0002770025098773819
37685,-1.9522964020266755,-8.915472202702365,3.387335624193647,1.6351308584727349,389.20676916266086,0.1361657168106989,0.00027701089887341456
37686,-1.4539253514930586,-11.67599666249727,2.954000049396847,0.7347746888976785,467.5809940979715,0.3020800841817346,0.00027701946201745564
37687,-1.4953542797829957,-12.118171382225269,2.8660920018174694,1.0330685050451454,467.8177058581337,0.4955043017576921,0.0002770234783865978
37688,-8.246361754344386,-8.581028817401528,4.566613750260707,1.088593752533283,283.89480170595624,0.9449581179988744,0.0002770262634827646
37689,-2.10277697916705,-12.723822967856204,2.9615472181224103,0.5337753503308714,116.91664732042383,1.034529509479376,0.00027703583211261505
37690,-8.47099982439937,-9.237280905562876,2.695301948443642,1.584280954926021,374.3569621222816,0.46413958437396996,0.00027704433650561504
37691,-0.5199353717471116,-8.991382589234652,3.4361759116707473,2.6773483869635335,474.20848164686254,2.386657904335845,0.00027705062342473733
37692,-3.5988967601417876,-5.56510518830953,3.1526350636304077,1.4659345978520313,334.9782815194841,0.47652492963063064,0.0002770742036194115
37693,-0.7326853294462907,-10.168786478137678,3.324425901190605,0.7777163982373847,414.30316462157725,0.27478108803545354,0.0002771033521545288
37694,-2.653759514723114,-6.697306479054053,3.106227176159177,0.9221853567605551,238.86310417706838,0.8685067444674344,0.00027710414739294883
37695,-0.9739680876521959,-9.190466799938639,1.0733555333020695,2.555787426078972,455.872253723246,1.0665242752306776,0.00027713723958652613
37696,-1.9174514876971749,-10.941367886112303,3.0677385086033135,1.8871645816744607,469.3370394979678,0.21262243849790607,0.00027714379485548675
37697,-0.35325771238629855,-8.485423102000178,1.8684460937845364,0.8149956440595622,224.1416760572925,0.06459810007365885,0.0002771678039698908
37698,-0.28763330561941736,-8.312817867269315,2.8042352031371895,1.140080489093554,234.59108560317935,0.2702692100563837,0.0002771760608700131
37699,-0.40820133918161794,-12.39993642549148,0.5352355107351507,1.4711631141430983,245.3775276261457,0.43634309911845826,0.0002771954404671933
37700,-9.083662588065046,-6.415897758729428,0.5430552564794051,0.9580877753419552,468.16264259044505,0.26334804294808123,0.0002772256650913114
37701,-7.323346531008887,-10.935064838771996,0.1879944832128609,0.7661693454396322,148.88524224499517,0.01872035976398312,0.0002772258534928799
37702,-0.6750662451818279,-12.163431001859935,2.8146668275419464,2.247838039493911,201.85632383437877,0.2719414077951203,0.000277243744741955
37703,-0.8388120213657029,-8.921605862653783,3.4193304814550256,1.0506821016675782,282.90623628231106,1.08302258801442,0.0002773381491749995
37704,-8.484213469971788,-6.942977705885283,0.2794464084317694,1.6073436262777347,370.8339064967102,0.4054572623934458,0.00027734241298487164
37705,-1.6150827868696602,-9.033286896302648,1.0881914058572464,1.0392661625208237,206.35680695965974,0.9323855245852561,0.0002773730997867585
37706,-1.311399965189901,-11.257416123203127,3.069271886400645,1.8018856065762312,430.67108703437646,0.010771214824817577,0.00027737369401279187
37707,-4.251619270978897,-5.546259395747207,2.0624158601283407,0.8704842858468952,468.4355033732245,0.8373903326884404,0.00027738776162278354
37708,-2.155057427655297,-10.504423457482817,3.249480158913152,4.974067047777369,619.5425487195314,0.5156470846420715,0.0002774204946465058
37709,-9.384354962503165,-7.897326537053712,3.0149117053627474,1.1341778357803964,259.1693351797768,0.3002691142668974,0.0002774235833227083
37710,-0.10527228256819576,-8.227806560850187,2.643879009305534,1.1166613558916578,467.2409147568246,0.4348169959715156,0.0002774665712456733
37711,-9.392582726049206,-5.81947965565246,1.079840686006099,1.1054837986746138,285.436182873916,1.2531121077546112,0.00027748715902534626
37712,-0.947685437811522,-10.485152365083344,3.2458041383442553,1.8685008139180275,467.8134254089978,0.10370295290083487,0.0002775149090594642
37713,-0.7358027304976282,-9.857189495083173,0.7789173269850931,1.7614913517146722,463.1330974437027,0.551005778258701,0.00027751854154162863
37714,-4.158415592256905,-11.516310076393445,4.572121624382008,1.1163258193132841,467.59570425040584,0.21545812146685073,0.00027752028814953105
37715,-0.8847336660966754,-9.04172477741516,3.444944855692718,1.1114025708518276,266.06537626646724,0.34404145132558295,0.00027753661272042555
37716,-1.8510129990256825,-12.19718514236155,2.8064069325048426,1.1021316446668823,285.8372321968284,0.4418941012546851,0.00027753738775088425
37717,-7.677709343324079,-12.69202721545932,0.33122032584337663,1.2259841505616504,310.6753651198416,0.3073749766014586,0.00027755295963190625
37718,-0.14749708579891596,-11.904642931244597,0.5483446028669948,0.9447292626126579,253.44016817840978,1.6452010397976968,0.0002775686165635327
37719,-2.2230342594049386,-9.165954369772276,0.45922626719513304,1.2939102953157493,273.1774513670514,0.8296598001678541,0.00027757476759147605
37720,-7.615815359042453,-11.843553596010944,3.3123724550659257,1.1237670636567196,292.25848284611266,0.6476207900508548,0.00027757732843787324
37721,-2.1634752524651804,-10.425256354051808,3.2606231069667517,0.9315880493995237,193.29404647465762,0.037639402217087614,0.00027759153764428255
37722,-0.19870286932226655,-12.975814932750444,2.6973570798785294,1.8636529840792024,467.88544167351193,0.2136059128293688,0.00027762180749350054
37723,-4.527398732829594,-5.615342079792746,4.111825262317619,0.6210699453741071,175.04097714404608,0.8523723455072529,0.0002776301914517506
37724,-0.936477677777301,-8.231153593850092,2.6503827989379674,1.1864096036106029,280.1950651949035,0.5550814906299673,0.00027764608145852926
37725,-4.853912466041921,-5.257961408424207,3.8664676408648497,2.638801828945452,221.68645279407752,0.24839057626850813,0.00027764695586374313
37726,-4.73633029702526,-5.611767961358964,1.4880805222757414,2.2915794243282397,417.3783921511308,0.33871777869325115,0.00027766298771139176
37727,-0.5423044767333938,-12.065090463265987,2.883023564297164,0.8763678918554433,467.8817430701565,0.6920706176166425,0.00027770128245926956
37728,-1.9114777766187956,-9.784011994107582,3.397851523022339,1.6519390912765743,386.9121427576377,0.17342472876576487,0.0002777023932223333
37729,-0.5928115910879868,-12.87409368947452,0.5924659099592565,0.7723706746153796,153.46619295798718,0.16051669546786673,0.00027771659928652536
37730,-1.560314359310782,-9.059002360564532,3.3987844461506564,0.9815273204570533,272.18732810947,1.7948693799871487,0.00027772155188806404
37731,-0.8106526655346986,-10.996086765629308,0.608988784965776,1.8491910712146418,441.8808976235894,0.45542091911722427,0.00027772563066919074
37732,-9.862714325036949,-6.102771956619611,4.198365806334204,2.930536163153421,473.76044271149254,0.46248230151604997,0.00027772653976758415
37733,-0.8977078464422679,-12.903483722808588,0.6060727563429744,0.9307256845681484,468.7333586931366,0.6404996367365827,0.00027773928879074305
37734,-1.2629445072727723,-11.938803574233301,2.8385075770099015,1.380556529671579,330.322553577414,0.32317269807139937,0.0002777425141201861
37735,-0.7429011027986103,-9.443893122712833,0.876633778024779,1.536707525288482,351.23701671867315,0.5472108722156763,0.00027776990030266735
37736,-1.4135628945714398,-10.494298041365969,3.2603293970807625,0.9244223528210472,180.7435401588133,0.30911618817288034,0.00027778486512219366
37737,-1.1152830119095185,-10.81156983536852,3.167165270598571,1.8429016942712844,468.5937737061856,0.6501139233183091,0.00027778734603057067
37738,-8.811704940689962,-7.885655895282324,4.553275403059215,1.7277974418126818,451.1813983131965,0.04923755009755748,0.0002778148514156371
37739,-0.34771998796636616,-8.31915908523861,2.867766991645372,1.123636454853606,288.9021571426731,1.4347227778012597,0.0002778225184094998
37740,-4.6227299395386705,-5.990699725421199,4.926985813447367,1.170185908254869,298.57716800333213,0.9052568379685093,0.00027783318555771135
37741,-4.589413993246526,-5.382854925598485,1.7488871268488717,1.6376958155645587,339.76730121526174,0.20863669325078416,0.0002778403989491436
37742,-0.8274286529326673,-12.031499860985864,2.8295708488362283,1.88884855379853,468.29252169686987,0.4044915584516513,0.00027785675518332423
37743,-1.7762029062707256,-8.569546111210753,1.8184686196897228,0.9273046400752906,236.37560833657318,0.2019509671411619,0.00027789383626762853
37744,-1.698950315265801,-8.323631825408391,2.883469452951007,0.9449128944706492,187.10045549731953,0.9021648134286844,0.0002778995684346544
37745,-0.3983138977382641,-11.277950985328022,0.6029277120099727,0.9390881629639646,467.47448154584754,0.4583386777198335,0.0002779011788039911
37746,-0.8284590321147274,-9.478613312626763,0.8909870285603517,0.7829157624461248,160.64051911290522,0.22227882035578528,0.00027795798267908004
37747,-5.180406363088126,-10.65334362904412,4.8659937952005485,1.7486845518398544,372.24719150797273,0.4407226374730726,0.00027803000568432017
37748,-4.450477078646894,-5.778497105645685,4.333966763300417,1.1014266193587283,467.0820705901273,0.06520069895976643,0.0002780331463982471
37749,-8.477003890923598,-8.758974656913288,3.7240316795707864,1.9110585076433972,468.37023649671625,0.5649101962450755,0.0002780382661589629
37750,-1.704766357727447,-8.304433219369695,2.772088304317349,0.7036143104119897,134.92294095150757,0.17372372225101707,0.000278042259830102
37751,-9.15134914115535,-8.251175613141392,2.069834916329251,2.58853878714959,450.00234949617345,0.2786796118664183,0.00027806461763018106
37752,-1.185586260929977,-8.717810201179876,1.565464268331564,1.725334554451503,372.8128745430969,2.0405891470164166,0.0002780780695527996
37753,-4.098348410065837,-5.76647951770852,4.038203173832633,0.6190587603691009,150.00551908209013,0.7536935777037872,0.0002780805908510486
37754,-5.661822198673453,-5.261001011368986,0.28184970928829856,0.7841447573477303,160.85818698034194,0.17460335368320745,0.00027809089950200255
37755,-4.069301210133589,-5.382735330028422,2.718623564863399,1.0453023784053879,249.07639472175052,0.44010881944730773,0.0002780981651016459
37756,-6.473821844019319,-12.542381295774401,4.3917057456617705,1.234542334759591,291.59554678728944,0.33063806404617413,0.0002781164859641376
37757,-2.0658618223644662,-10.64904593878672,3.169612792516148,9.761651428575197,595.2071590442484,0.012415935491277175,0.0002781185859928785
37758,-5.185303342702877,-6.031486449586756,0.4675934656278277,1.087475278671996,234.55152145236275,0.6693900723446999,0.0002781211622773852
37759,-0.536218966239641,-11.157483151920665,3.0720147207960697,6.324040083125445,332.73015024484107,0.23862039802811097,0.0002781503230851277
37760,-0.590235730036218,-10.738535940963292,3.2015426821956705,18.42770412746102,682.3390034468046,0.040203507339735545,0.00027815153696866054
37761,-3.8282176784031616,-12.37012287519518,4.4462415710854435,0.864876834097137,468.0999018769777,0.7308021471404933,0.0002781535475904934
37762,-1.4040994449148911,-10.975944603351014,3.1134334901248266,0.7494731203517321,162.62815386168168,1.067208780163634,0.0002781540062473386
37763,-0.9530593807084422,-8.406394248382966,2.1076342213227166,0.8725398954382072,468.2642508192692,0.6633437221858793,0.00027817160155692874
37764,-0.6236835282153912,-9.845517335788086,3.4305949784138154,1.2089390916528897,254.4312481958178,0.511400491100539,0.00027822013089558666
37765,-1.8113290868237684,-8.719128562787189,1.600420080375206,1.9226458248576115,396.17709775246703,1.922719961086874,0.0002782446429766631
37766,-2.1438368538717025,-12.371078860827824,2.7728910282200063,0.9166110763403958,235.0138094546486,0.563813822440717,0.0002782583335310194
37767,-1.2210316197021402,-11.824505033857843,2.839587106741932,0.9875388777193438,195.7902574481582,0.47743103364443584,0.0002782757544145446
37768,-1.524240910661053,-8.537763716094872,3.1426706325288642,1.1671587466801607,192.14601112276054,0.13758673911094554,0.0002782896732044438
37769,-1.0445929031009733,-12.782710967607539,0.5766407999760668,1.8844288816566461,468.77353138007805,0.6398847558171257,0.0002783603813911901
37770,-2.7993679031033967,-6.661127431961456,4.09329439484556,1.699471948694931,454.8634145029015,0.33563820412827283,0.00027837505351908877
37771,-4.129787440556237,-5.332197474744238,2.960045644372033,0.9031049489780819,178.33326340581542,0.16482149345304276,0.00027838981300269905
37772,-7.9047728386337095,-12.202391427968935,2.1977476618077705,0.9923451106497554,170.5469161208219,0.15969150490718054,0.0002783984078819353
37773,-4.501906425057511,-6.231337501532827,0.7831228090675277,1.2062626230168956,285.17810030225667,0.4306814820045153,0.0002784132576666573
37774,-0.5866759768021232,-12.24134470494819,2.790250242004253,1.1627387110383844,289.4206478126131,1.3775867768631054,0.00027842051904299254
37775,-0.46213370626296957,-8.257368744403623,2.2261433888926834,0.70882451837598,131.04470430111357,0.049908159112029615,0.0002784391497847963
37776,-0.24533781768780827,-12.361364506347947,2.7714657490336885,1.1371326207076078,293.43668694952817,1.0805008658407642,0.0002784450887342542
37777,-0.5616851347881937,-9.818759374352732,0.8123416607141432,0.8071822606408489,468.81288601681405,0.21285117519350027,0.00027844655089321116
37778,-1.055685052544339,-9.448403370535676,0.878642650647998,3.888182894339265,413.2821782578142,0.009972153869082234,0.000278449169506158
37779,-4.81755777589572,-10.085417741069154,5.164256233112487,1.7341269804652413,468.04849958072435,0.033673750668878455,0.00027844918960324343
37780,-4.262938112170085,-5.462309761629118,3.294014413200272,0.5158759214756163,154.19759766363038,1.1646695079113902,0.0002784512579613905
37781,-5.333341996830974,-5.553360971389369,4.885370011202917,1.3004857225656978,316.6661900684785,0.44348574104077354,0.0002784687309283302
37782,-1.199872704002555,-11.634977821220136,0.5986366463105456,18.84339999642089,836.9223904739164,0.22410748146442838,0.00027848062359692107
37783,-4.234083158190715,-5.5822101769375205,2.0774166279953716,2.8267071450360803,478.8888951624629,0.9269532881886802,0.0002784871248058719
37784,-1.1611839682945106,-11.745905185049534,2.8342590067959272,1.7202953851999552,469.56454412920624,0.2098352938097312,0.0002784891358633908
37785,-3.322215549804934,-5.8188760217398,4.025631454233143,0.6266382620632781,179.6318926849045,1.144282583626933,0.0002785223914002578
37786,-0.30490536767365484,-11.262162371384731,3.0268760336960483,1.2316144285040875,272.6691280487672,0.6867511131915487,0.00027853013994045086
37787,-4.114673882208459,-12.863755527799235,4.410756643335254,1.9111916690481505,357.4643462453069,0.1665756379443124,0.0002785543898794482
37788,-1.8857240600070515,-12.294118423500128,2.78072504688694,1.65041266294174,387.1866638373062,0.23938532803459012,0.0002785775412611789
37789,-3.8215436265835887,-11.851827296468933,4.507376091609944,0.5258573950892191,106.56716946105705,0.1537834522193089,0.00027858769293026043
37790,-8.370446200125688,-9.133681511532458,3.327530553475168,1.799213728265674,469.4878286973191,0.17987337450091623,0.0002785902806094491
37791,-1.0731326108696493,-9.76405812307246,0.8113274759239809,1.6071355796297815,369.17525528998635,0.10176520960436797,0.0002785940211829182
37792,-0.00984829279306787,-12.88223301618493,0.5783122520578374,5.467064991180758,588.4689686786028,0.18490086989081433,0.0002786001400291324
37793,-0.6359032198596655,-8.380032468102822,2.842790090452921,1.7446325454233087,413.83200756166946,0.9274541132873271,0.00027860144138512784
37794,-4.625597257729198,-5.285118780276913,3.288590070879244,1.0996696493278915,467.80960500651133,0.11324728043546184,0.0002786144016279529
37795,-0.5228385049043354,-8.363693741043729,2.9051497743854204,1.7780555604686112,421.5266763684282,0.2661249078839507,0.0002786614939832732
37796,-1.2788151306491216,-11.470464178885246,0.6006918618666723,1.423910762166721,469.70917195448334,0.11079274827704655,0.0002786791469660508
37797,-0.2122362968940923,-10.585513362951112,3.229533203758825,1.6479927633103602,411.30128734632683,0.5180451511067945,0.0002786853664786747
37798,-0.3138233825233687,-12.457965907896327,2.7232586842968876,1.6035941944161174,157.92229018775546,0.2931703058933035,0.000278716408595703
37799,-0.30562256551570144,-9.131436689780696,3.4527360915604506,1.0546013167626642,469.9590274057826,0.1712544868504997,0.00027871930044773594
37800,-0.3948328740070277,-11.632596436355133,2.9461175661498973,10.45882209686051,314.7058855409331,0.34725723908852935,0.0002787201096854741
37801,-4.0193275689662,-6.371213441128057,0.8036148677635389,1.018375590766695,277.21711071504615,1.4884572871703439,0.00027885454427009794
37802,-4.178825149151554,-5.378741743148241,3.1915695681147707,1.312704635760014,302.0551581572401,0.1464376460881054,0.0002788735250674224
37803,-1.742636553528099,-8.911712187564854,1.183660184975646,1.28970114653251,317.07289449026564,0.3533666751113538,0.00027888119869110423
37804,-0.3113553586780622,-12.189471935159721,0.6194409889714322,1.073103731792583,220.39103089377986,0.9723532923527634,0.00027892721952014137
37805,-0.028289927403541526,-12.537261111618717,0.61320474414999,1.8919268149976824,469.1065574765159,0.1476572541911052,0.0002789274113564999
37806,-4.359042855101752,-12.145090959081186,4.477520700092976,1.8371725648776662,468.02542567379317,0.37513251939534076,0.00027898682329517265
37807,-1.5015963224462254,-11.248654157000319,3.0787954194139933,0.8180227656096638,169.30441373359477,0.9924984194561297,0.00027899954239758224
37808,-4.683401037088013,-5.767723794017888,4.477759242224856,0.7491069117636198,413.3405028607818,0.24473646663648552,0.0002790120319511455
37809,-7.816627807009814,-11.118104308107636,3.0114051612123083,0.7353230628634002,153.14752443792773,0.167125892256343,0.0002790166385737922
37810,-1.1283681153380307,-8.236217804598228,2.630368486679,1.3448001683447117,468.10545704529125,0.7571930613668281,0.0002790195726218172
37811,-1.8126409821669185,-10.283734264633166,0.6748051115605188,0.7677619961245165,198.00673522457967,0.3716629346315887,0.0002790530591301318
37812,-3.8105301663857585,-5.886377415232134,1.5175331692339564,1.2399757725139329,296.8044328819376,0.6362819375234423,0.00027906584865871107
37813,-3.724898129798583,-5.566299726845486,2.279888722194607,1.4818995484484316,337.79361470817946,0.695363218684748,0.0002790885469181947
37814,-1.989162813747873,-9.307766303535384,3.402965408968844,4.091658218157541,249.98682504099284,0.3952734721147868,0.0002791178539956
37815,-2.112746989873317,-12.482657512741714,2.7559850327088693,3.227832362421699,496.4816948575358,0.30715615640823213,0.0002791233407173882
37816,-4.331584778672719,-5.6343457997651605,3.965770413099343,6.926437846790068,592.5446487346268,0.10718124918897765,0.0002791375473294773
37817,-0.035803251959453775,-12.538152018831656,0.546679021518547,0.7412924887756226,468.197736973979,0.4031774931273233,0.00027918137276476234
37818,-1.600105826238405,-8.528901161969706,3.0624387435574096,1.1316360939702717,467.5099400816855,0.624517583216881,0.00027919060174785685
37819,-3.0225899273478687,-5.967467294170453,1.630928453309735,1.2083482799671799,469.7735715615982,0.0015732728375823513,0.0002792072513635405
37820,-2.9734041645097955,-5.970165858118579,2.9258924663393224,1.085049849057148,468.4029415764698,0.5376136455596443,0.00027921183477996273
37821,-0.7179928975501966,-8.289439948866185,2.4937296686134713,0.9612603937470111,269.05168651709516,1.6673907029268245,0.0002792223608119701
37822,-1.9786912328617277,-12.263402293988017,2.722565074396546,3.0206852572539606,489.10178419727157,0.6381836787959019,0.0002792290978735046
37823,-1.259586956150363,-10.086772700305401,3.32967138749018,0.9679311828166923,247.96235968588903,1.1867368708006527,0.00027923561293489004
37824,-0.01949490917870378,-8.845698176233727,3.3450666634671067,1.8420525243817725,468.21924506046867,0.46164073781280823,0.00027924028868581423
37825,-1.1391986401930474,-8.715091566510075,1.523506945081121,1.6069210003862855,468.72362767431116,0.8376901895410294,0.00027924967808813677
37826,-0.05174471119232926,-11.31937694880632,3.0195472863632586,1.6801222828443805,467.7749120232825,0.6942853904676154,0.0002792870253617004
37827,-0.5939363250373493,-8.877753619693618,1.2861292998729434,0.7554376486243668,197.57631025688272,0.9749554876565583,0.00027929086663480723
37828,-7.087024043485983,-10.79488465087849,4.358228515300951,1.1982595334077162,462.3366592007193,0.21577425133740213,0.00027931008392135696
37829,-9.229440015896333,-7.619768781395196,1.1931995420699044,1.0286979151705489,281.41222148735994,1.1604580762200873,0.0002793219668677354
37830,-1.1448592522345322,-12.00950579936032,2.8540580519663825,3.0073000155544776,479.44111444844987,0.4508978143444313,0.00027932885650807634
37831,-1.2643850182711542,-8.653751021353724,3.2437929060525885,1.1738502620510722,301.04258263978903,0.7470723244503903,0.0002793444798393051
37832,-4.3945594494921885,-5.395641576421436,3.5051241287041064,1.6064559301730674,371.5923160898257,0.04394968659935561,0.0002793461328603439
37833,-0.07955701555806804,-9.7133452968175,3.3971864867802766,0.9206681753789142,468.50672445497935,0.6717374246952863,0.0002793638634236342
37834,-8.156745192245623,-8.78489724610274,4.435070975529257,0.8587022195283329,467.849140259848,0.011930195561388857,0.00027939369385325227
37835,-1.8602678695850354,-11.712480194219292,2.886018096391416,0.7807396176658704,156.56220391812332,0.9048667053670627,0.0002793976551433468
37836,-0.8395493808876058,-8.49732059877081,1.867356179501151,1.212468484572568,305.43124139334896,0.690356049666268,0.00027939873890281023
37837,-1.81172820805293,-8.270031946679353,2.368119516158186,1.853548184968267,468.0155409607493,0.1091768201276091,0.0002794132796795368
37838,-0.5663559749071361,-8.280638407920879,2.4823521176406182,0.9210970770302751,240.14339808532446,0.6412306461260053,0.00027942016020558237
37839,-5.890234933059768,-12.511033851726289,4.474626283801654,1.3802341332006134,325.22602370799507,1.2350598577617466,0.00027942752086497664
37840,-2.006130920616674,-9.704256712068737,0.6678388503313507,2.317550359834992,439.5012837730851,2.1556539513714448,0.00027942958637490906
37841,-1.5919914621171412,-10.34354755555721,0.7222433449716307,3.492935583038062,395.7153409427494,0.015657419486872826,0.00027943199863256403
37842,-4.371278213396579,-5.4144359375813185,2.105023553590999,0.8610640678956566,206.80635072075773,1.1306904245744018,0.00027946770973104356
37843,-0.6040156459606525,-9.575297343386499,3.4096084064289487,2.8465857009530495,365.1447557468352,0.037119902549729744,0.0002794918894113039
37844,-0.10701070209558594,-11.808207283593418,2.9156497711135887,1.6647035354466515,468.0159346144819,0.34413028013002744,0.00027949299524564957
37845,-1.069131144930747,-9.042461407483287,1.166015819012838,1.1197272239774538,467.25648947491896,0.44438122451438566,0.0002795115277460716
37846,-1.233675886020924,-12.797694771928011,0.5773472991672137,0.787744676757595,155.95442994558817,0.3206921681949977,0.00027953855179833843
37847,-0.4552907332439524,-11.443949598720772,0.6274665214234828,0.8042039688217051,179.63594100550068,0.9674820041651939,0.0002795605586143841
37848,-4.676930215731967,-5.0211589499933424,2.3638241585558104,1.8245752665380603,446.79872484768543,0.3739294817802241,0.00027956597749990514
37849,-1.2573123344113277,-8.437866882127043,2.9220381126119213,0.6556163863581768,149.89763674473514,0.22245973559254484,0.00027956814505244115
37850,-3.853301057298947,-5.549126259723671,3.4610366495583706,1.0156320673058015,468.11176263888234,0.7373517479691749,0.0002795834572758823
37851,-1.081896135556562,-11.387565812613996,2.9074865438681488,1.1693293432278133,303.1643493913799,0.5782752717385797,0.00027959918790904835
37852,-3.1525702054528466,-6.198152070591127,1.1043601881333291,1.4286249847081984,391.25254230917125,0.034599844174135974,0.00027960998227540695
37853,-1.9923814738363372,-11.552838213117042,0.41123098644660644,1.8342812670625284,468.7090518504167,0.0818355297372122,0.00027963538393936037
37854,-0.4210903561510584,-8.234115537981058,2.3000244587123597,0.9425898478934152,196.81477988420565,0.028014664413174906,0.0002796486856858783
37855,-1.4350971171771683,-8.799437264808642,1.3113977704648894,1.8143359622631279,433.70339164615496,0.37043666977071865,0.0002796563405711174
37856,-2.1641720490796335,-12.91741420098413,2.7529722721075274,1.0898667669681785,468.0771816620687,0.8717493563464993,0.000279671382266938
37857,-0.31855182740253163,-8.38598116266752,2.910782049438697,0.9487124843719482,221.16815667415997,0.45448637165538575,0.000279707977987562
37858,-1.2973866270647676,-12.743724789588642,2.7462808988028726,1.8700987802677838,468.7705035458788,0.46412628130634825,0.00027971068456093785
37859,-3.500510080272198,-5.5701797159498465,2.4704134119321806,1.392302269870871,311.1367906276429,0.056082579292111134,0.0002797226855287073
37860,-4.655322336714295,-6.083580937179669,5.160521334084636,1.6481653536339274,466.62215081740476,0.11649908823954469,0.0002797233814870933
37861,-4.678396449845249,-5.668829676929742,1.2887703679515221,1.3534118978219536,466.48475210911096,0.8932814695481452,0.0002797270917361974
37862,-0.15463715979875836,-9.426337108531774,3.458490842322458,0.6708889882823565,133.6306494864202,0.00795858559166085,0.00027972774052548735
37863,-7.332685462784658,-10.608754983240402,4.158935308259387,1.7845570744657395,369.9214372788283,0.33146870539836915,0.00027976014205618376
37864,-4.17037197008724,-5.8492199194868295,1.5870748985906646,1.4273317924778155,332.9856762866361,1.7290822604284886,0.0002797810866806497
37865,-4.376559702229712,-7.190215449254216,0.015842993840740484,1.112583196279132,241.34685844302726,0.46360680679045974,0.00027979565942643
37866,-0.0897529478895418,-10.831641013178293,3.1398465055194587,1.7051391568730994,358.78056702797477,0.9408338041311177,0.0002798294595434245
37867,-0.06969239629157897,-12.81545708724513,0.618771969470173,0.706956974230522,142.75410047497954,0.6184809535689668,0.00027984516949025015
37868,-8.629591014212583,-8.105224666011729,4.553011606789042,0.9168397634062874,468.37076237874857,0.8057729807477605,0.0002798739679495326
37869,-7.824760659353068,-12.210770657228078,1.1212055685155062,1.7278177045112937,405.9872019037672,0.08552527116903175,0.00027989150917034645
37870,-2.048672344893032,-11.912733657415668,2.8515950493824107,1.6982160881494035,401.16143830177214,0.6352388167905625,0.000279901923235246
37871,-0.849526067164577,-12.783094458058168,0.5866552204359653,1.6573977363306815,468.08127709684805,0.48290725105782784,0.0002799312525120987
37872,-1.310137488426136,-12.08372591392539,2.7995068625573354,0.9613368929885447,190.4386172254633,0.44994396569744044,0.00027993854960574555
37873,-6.140120446286872,-11.154224502585535,4.6778733960007655,2.0107627407762836,406.0994556251084,1.9736511250524957,0.000279954451039853
37874,-0.9479921885084845,-8.824852146707087,1.48948194233207,1.1486981481678333,288.3950668193118,0.5967073655497526,0.0002799769522740716
37875,-1.2659772323161853,-12.418928612590616,2.73625927050009,4.8754389624507795,290.00485532840116,0.2399442872740396,0.0002799830728139352
37876,-3.7390630070530664,-6.066857870897657,1.1972741126482886,0.7144319349346451,149.90144883946328,0.17319877737233824,0.000279990150486097
37877,-1.4678251035215961,-8.646140534001958,3.2306582284119076,1.348885097224081,410.75589737646857,0.2685334277405156,0.00027999733349307065
37878,-1.5153600201555442,-12.811129658484072,2.7535409122359376,0.7977975372940421,216.88319138898046,0.7807836381821138,0.00028001839687857687
37879,-8.819466344427545,-8.330087615842423,0.6461972936860537,0.9920798265009102,188.5581025824159,0.17690557086420444,0.0002800359925118246
37880,-1.3533538639702218,-11.933641412824363,2.824639010324594,2.135389161718406,418.12215868061594,0.4861377705151835,0.0002800375101617144
37881,-0.22176987800354198,-12.997878616785426,0.5469811286057992,1.0643185022432844,277.96541381344997,1.7740866434876414,0.0002800449669186927
37882,-1.0996622622144905,-12.18358485258998,0.6299037655873916,0.5791814790359799,118.56800618394631,0.041840313332646595,0.00028008130053538375
37883,-1.0771691161617838,-11.377131578963386,3.0113643081061787,0.6866514345974847,193.48930173773851,0.4803877741434137,0.00028009140911410343
37884,-2.0533591234748227,-12.367046803537539,2.700981403785909,2.4651677097853493,291.3188652016084,0.0834672947206263,0.0002801097862749804
37885,-1.280155997188876,-9.924440042425273,3.3609166288271006,1.0695487415024039,266.5333431324137,0.3253410550170015,0.0002801217703759105
37886,-0.7311396344133776,-10.527723439693045,0.6605043686549417,1.8192291040815571,468.5680624800222,0.7767045834738502,0.0002801247521066734
37887,-0.11517232617631734,-12.630968935831246,0.5915116715354813,0.7056504950512983,157.9891599548439,0.7851697597103895,0.00028014263771629
37888,-1.0235621106302641,-10.287261684698949,3.2782350590157967,0.49756723565076433,115.04865992072394,0.7252874593479586,0.0002801435673679305
37889,-4.614061944863359,-5.245071668206056,2.9971880192310993,1.3409968995201509,449.92905143916107,0.3114792798401016,0.0002801488923808558
37890,-3.7628028268577927,-6.333961995836752,0.8285258004844279,2.600329011688418,464.7504714117358,1.6039913469172475,0.00028015304004757767
37891,-4.2899864788396345,-12.274470573998904,4.458617015686227,3.3012317625283756,498.2075209690693,0.31365135310972736,0.0002801548207358787
37892,-1.4406299038376975,-8.44574381491891,2.9536483421456903,1.0852290727966836,282.69293424006173,1.5762775007302023,0.0002801631190426799
37893,-3.2510739312892865,-6.144406569152318,1.0716264751584583,2.2835522551393175,427.4680964048786,0.983371302404044,0.0002801677914237608
37894,-2.0206495755056055,-12.650693272528727,2.681259374264855,1.0220279327205688,266.3141941227669,1.3736272866690902,0.0002801686371065147
37895,-1.1318589793096283,-12.946267742427873,2.750304398366377,0.9066651281082738,242.89366877799227,1.0858940412151572,0.0002801776521513651
37896,-1.8084081386854862,-10.879275097165564,3.122371962402184,2.3586921803275396,442.07847855277663,0.4823927112677806,0.0002802423203823229
37897,-1.228428585814111,-8.728917439423338,1.5770446925735015,1.3906831206448562,303.94118844604634,0.13025501689937702,0.0002802484043812731
37898,-2.7859001699949655,-6.275740423119366,2.3006016475947755,1.871008870059874,468.0562772752734,0.28584566449787996,0.00028025989324025156
37899,-0.5371234286489486,-8.32001759474784,2.765445122825228,1.8248977425368984,436.1937074990653,0.29372217160220604,0.00028026831715153883
37900,-2.246412279624119,-10.411626984106958,0.35195175972219767,1.376002595639929,333.6825151835689,0.30820878644848637,0.0002802730026145896
37901,-5.698586722792217,-5.116026264741345,0.2695827252725207,5.348849519715601,511.5675769944153,0.0677475842776003,0.0002802901586039301
37902,-9.877591633876616,-5.353563668511343,4.138534512722446,2.3377595325889895,421.568012774419,0.3007935066532452,0.0002803253243188518
37903,-3.6836325284269957,-6.497590047370478,0.64823531711946,1.00902463102896,230.74339328980537,0.3752390310628728,0.00028032690534208706
37904,-4.555199973884746,-7.125842141448556,0.04637497838760653,0.9412417020655085,468.62624339172146,0.828610388015445,0.0002803386134837478
37905,-0.6025158214149897,-10.197449878788168,3.293247865248138,2.0115836641973113,391.4201766689333,0.5863320481959446,0.000280354540583423
37906,-3.302165120977466,-5.555262669231516,3.1940062234630817,1.815065791085083,468.6047993595289,0.8695367034505734,0.00028036437647228397
37907,-1.6477579507947588,-12.284044540629775,0.5963778629833898,1.0506107744960962,276.8897609694621,1.3821813693728844,0.00028041918559112706
37908,-1.1655683655655622,-9.934205791674309,0.7832146592412345,1.6486576652865592,464.9850047448298,0.06814113050875115,0.0002804310335109914
37909,-1.804558815347061,-8.588777308643735,1.8192463138864856,0.9253045777748231,468.1404804334427,0.8888772594385363,0.0002804339996945089
37910,-0.08003601944277605,-10.57762761634699,0.7116317813450809,3.2688182780997352,520.1377125159128,1.3875590136124796,0.000280438723481807
37911,-5.235029592162345,-5.071426191612694,4.084947987378874,1.2190638613069475,305.78027884841794,1.178988889933497,0.0002804531181348454
37912,-0.5306010700005999,-12.143158062128192,2.735086744515749,1.7365824891174093,411.40930483689095,0.5494045570253112,0.0002804581954770055
37913,-3.98487160949744,-5.45468625331706,2.1283436538549556,1.3964977829131975,464.9614620053996,0.316085010971606,0.0002804593871253181
37914,-2.446662470784875,-8.650351898963464,4.590915268640692,1.0772002362759454,224.78292838399685,0.4344378390410766,0.00028047214862342746
37915,-3.0734100807837885,-5.975501234108849,1.694398954142503,1.0313948431378057,209.72522248200525,0.5618659707742575,0.0002804828221686712
37916,-0.8137956479145778,-10.883437802321716,3.118773567534292,1.1051282989042979,468.00178803185406,0.8568018093299266,0.00028051574233983577
37917,-2.1942751224132317,-9.74412565865416,3.4206759162820797,1.2064940456619708,263.8595241299713,0.8199433221541597,0.0002805168197872068
37918,-0.12842901945724172,-8.790533300419185,1.3021904255431214,1.1977752426136397,301.59729759558707,0.24862742430369256,0.00028051847491831436
37919,-8.367244815353232,-9.515423476372177,2.517313935849397,3.394001837440566,528.9579930113828,1.2568796304451197,0.0002805244606692253
37920,-3.8917249736501915,-6.108935635718667,4.824959817685896,11.297407893346929,696.371504821372,0.10995391631683749,0.0002805280965193135
37921,-1.3144681543665424,-12.120950024280935,2.78696779154163,1.8226969069457153,383.66847411353933,1.8458514194733446,0.0002805282854423676
37922,-2.4887623938393597,-7.136615537136908,2.6245435638486314,0.8258451058237898,166.09078737477873,0.34248903910067785,0.00028055506605547244
37923,-4.954692267794085,-5.750113530718753,4.632234003623596,1.0722643256708715,215.25425372353106,0.10401144102058435,0.0002805552816685359
37924,-7.803393532324824,-10.213884504504135,3.5664798583911668,0.971858025347639,262.32807749666983,1.2521406548562295,0.0002805641526157902
37925,-0.25487175379754845,-9.304195436617388,3.451962114396508,1.1109541635136129,282.08512828708155,1.348054588756562,0.0002805665250386343
37926,-1.258656396330931,-8.224297147170866,2.3982527124823028,1.8621923043764108,467.66010777320315,0.13712431988394247,0.0002805809830034313
37927,-5.684570068285292,-11.480245224911402,4.615203796062624,0.6876996103165046,192.00916682061816,0.5488854064540032,0.0002805823350885935
37928,-7.285173519569792,-10.898265489028791,4.100239841642828,1.2598694691227421,257.1957711407108,0.061125420429860355,0.0002806129456672059
37929,-5.669228181352513,-5.295051643053271,5.119310783046544,1.9632715042087223,401.689122575891,1.9838971607096765,0.0002806283436890683
37930,-2.163678794436711,-11.728861527831736,3.06227958951769,0.5172716767780676,115.81879213626847,0.7641654377036513,0.0002806428919248472
37931,-3.086232382725864,-5.879547954259138,3.064087615227366,0.5453134080693047,115.16418226137182,0.6190875118418662,0.00028065391716456154
37932,-0.18200140566101197,-8.8120019880331,1.4193045885057052,1.4913307640564935,337.9794567155153,0.3022924323241911,0.0002806864824873644
37933,-0.704167747101538,-8.265110884455968,2.359592679379359,0.8708972986782892,467.6464957589727,0.6480456477143699,0.00028069043629016133
37934,-7.210604629460834,-9.955583365521456,4.6896910471402915,1.5167606908690594,468.02419137988403,0.4763076792667631,0.0002807741759600741
37935,-0.6222619810205696,-8.243051634798324,2.3000051652261977,2.308714195361841,430.8745100606168,0.7345916154580712,0.00028078913588985464
37936,-2.795105229529538,-6.6747871626610875,0.6980796919058609,2.4601318629009588,438.4593171543597,0.6902554953996889,0.0002807952950124715
37937,-1.3328178822581531,-8.917960946454546,1.2445155616474493,1.5230150779054819,347.3940702706827,0.3504546600927494,0.0002808079012220079
37938,-0.6739930072278639,-12.095518476873732,2.787988040431871,1.876510199392066,391.3778691087774,0.6265513316923785,0.0002808351433624639
37939,-2.0405428887502595,-9.918694701376644,3.3571480701155023,2.8425798059704426,333.8771371112367,0.031284489553016215,0.00028084212516621843
37940,-1.8887121152395352,-9.663042481968581,3.4399582453301516,0.9127322350704228,228.61083187813293,0.09611901526477773,0.00028085314139281766
37941,-1.5623672567169553,-10.104429803652062,3.313688798156994,0.685406704953237,155.23046890243123,0.07060336003009926,0.00028085979090593493
37942,-1.077335457562409,-8.925205663595378,1.356692717767436,1.825658124391915,468.2570199853352,0.9344467853396807,0.00028086942113453664
37943,-4.651816646147403,-6.859122056967537,0.2077515100396398,0.927557231316758,148.176220835096,0.10086528665073136,0.0002808703588730445
37944,-0.8657796624992891,-12.130862862702084,2.7814850887085463,0.5363660126044826,141.7060223925457,0.04058194879961352,0.0002808726002508979
37945,-4.529780032236816,-5.521194962484319,3.686258580535277,1.1025544000188472,200.03192725194222,0.10546138066217825,0.00028088345053661507
37946,-0.0032676089859720037,-8.548010343362405,1.9484044299966599,0.5269770593248727,118.82611812438118,1.15900867951414,0.0002809187318416491
37947,-5.569891104561867,-5.2323240889539635,4.912810143274768,1.811914158424748,467.59025217412255,0.5929725374135133,0.0002810018333511257
37948,-0.3931014181468093,-9.002707706442967,3.391422736090893,1.6853893155041906,416.6044225212198,0.5082682254986199,0.00028100728118201225
37949,-0.4190006206830823,-8.423142140733903,2.0740687679821495,1.181410266427524,298.9752198592263,0.25207125509087636,0.000281010213574084
37950,-1.273297862706853,-9.301325361436842,1.0502660124339989,0.8378386418572766,230.1890029316061,0.8839789330530836,0.0002810138484998822
37951,-4.072828533563072,-10.632393759318035,4.841350331089038,1.2395887820313165,468.18952397700775,0.5809916735569489,0.00028102459198673117
37952,-3.405746636705958,-6.331886183951022,0.8887019456891874,1.8614052349385086,467.64535718258537,0.24335535156249666,0.00028104423144358434
37953,-5.047093280729338,-5.259605004996992,4.128428277752007,1.5810728497484774,368.31521452138156,0.6980285085829907,0.00028110960717012113
37954,-1.1650096296559322,-12.683887834208537,2.7541687998647677,0.9379894436477836,200.34488643605556,0.07421029805796042,0.00028111504781825735
37955,-3.2182603222820774,-11.603660907080906,4.5872402943011865,0.9600910606963546,267.3482427467359,1.1736323246889038,0.0002811256151512926
37956,-2.134115736531454,-11.280716943740703,3.0074061012553392,1.492844940317398,467.960380430738,0.16249542410026407,0.0002811351761463863
37957,-0.8825770158383364,-10.980261334965899,0.6555025389782634,0.8009005955104493,469.34947613060666,0.0005690728008866941,0.00028115426843142345
37958,-4.189014760286685,-11.385099970795793,4.5962485860096045,0.6180499272289212,127.80738289211064,0.02387115077575519,0.00028116771342443295
37959,-0.7756327202477529,-9.198339847767313,3.446344996922181,0.9010027587568467,440.1914760568369,0.9330815425636443,0.0002811692818451757
37960,-1.6575383893060618,-11.645259240068853,2.8505605721131513,1.9937034487316858,400.17737441052554,1.3404012729145807,0.00028117433794866073
37961,-0.14064901358555382,-12.532317267637152,2.6994611902960846,0.8239134601474513,214.79839084937174,0.09554595393360099,0.0002812045610927138
37962,-0.3602636573509024,-10.963121455604785,3.0474279070972266,0.933879847976933,196.88462382246462,0.7627867495836478,0.0002812107033599711
37963,-1.4285988151490514,-12.827534233911308,0.6305659392481392,0.8148073691458927,179.49974194341402,0.17266804971216487,0.0002812123581436061
37964,-2.176552253725953,-8.269100709821089,2.165351474957765,1.7904404976206392,449.7698908627708,0.8089913141755298,0.000281270165742161
37965,-0.9409119132068398,-9.073390543029321,1.1622734387667197,1.0578616925388604,191.64894190434117,0.025907729409447633,0.00028128208053666533
37966,-1.7509734430907784,-9.626508046203206,3.44107730154124,2.4807576797478266,456.16897836098485,2.41919128432499,0.00028131018532605366
37967,-1.3446749548978048,-10.881772156662196,3.1123287837533264,0.880104602667268,468.4693219310327,0.6729242180050532,0.0002813127901876041
37968,-9.9283811197811,-6.273101885361843,4.057169769368291,4.0069678233637225,569.5466516879463,1.006885260534216,0.00028132902965958797
37969,-2.212685552177984,-8.33709567651643,1.94895512975767,3.2577316725014613,518.0321746794781,1.195186377759585,0.00028134136065660604
37970,-0.9757880240156585,-8.597834266796912,1.7802434454730038,1.7358044180986851,410.54684141100097,0.3950373821524238,0.0002813714752434828
37971,-0.8105113529578869,-9.681525837345017,3.4344330211770173,1.304785275333673,468.52673761924314,0.6662483232547833,0.0002813795583541755
37972,-0.7583872119737407,-9.871511972619064,3.3632198177662342,0.7886188026798064,197.87979448934792,0.8373408944810672,0.00028138828085843615
37973,-4.656291262013433,-6.399024290698157,0.5976301907534098,1.0453341317133424,468.2853003274999,0.5717716188757809,0.0002813976562126531
37974,-1.6236761678560825,-12.51425018836619,0.5968233740908014,1.0698893745576126,467.9641100297585,0.7990360456716727,0.00028140571497810226
37975,-0.0811285515778728,-12.422425856348562,0.605614863133781,1.8674454236401994,468.1742165051764,0.5580773113481508,0.00028141205102416225
37976,-0.08320049303722676,-11.568281014790227,2.933640300019519,1.6537381930483712,353.2215400498786,0.4123324537638311,0.0002814163448553783
37977,-4.065741263431714,-6.247090744282002,0.8692761503692937,3.5347644568039724,505.1855085313082,0.23248199177634898,0.00028144521661662835
37978,-2.072890812704223,-10.222276495515857,3.363798279640831,1.101936617404425,261.0812069698797,1.3085711560388686,0.00028144683050456413
37979,-2.3170143028792562,-9.381361549914523,3.8703884783648976,2.2799892599496294,432.92334045274407,1.5469263249739793,0.0002814583920523518
37980,-0.3230967013828785,-9.357765163613315,0.9792484832303302,1.8263856349507543,384.972652776297,2.0116028561998194,0.0002814746883713058
37981,-1.4839981855977022,-10.795010409471548,0.6538523561458074,1.5075890126857543,467.99044944994057,0.5761320682057001,0.00028148037018990946
37982,-0.2715646490985453,-8.44817258270523,2.940714889335457,0.9474726822533515,252.59010527365163,0.6096047939716103,0.00028148244764219236
37983,-2.2134637959366117,-8.346394679773663,2.775053863768218,0.597113331532645,126.93608598808372,0.5805616258336217,0.0002815229365772696
37984,-0.6939383604489748,-12.099049524273799,0.6154292599740515,1.4452713234396495,336.4042178028556,0.3505828022111439,0.0002815265887209329
37985,-1.9317864671295784,-12.988466916428687,2.748867741475796,1.1175648443403934,290.37792054648855,1.0758096678812388,0.0002815634371711802
37986,-3.087854951364001,-5.77334471088066,2.601872325785868,0.8353061204088668,197.83823868095806,0.33623583890725417,0.00028156571317695706
37987,-2.1280012591622564,-8.879558023279932,3.3409389216505816,1.1602893171257758,296.12242107761244,0.314597022062296,0.000281577232799431
37988,-0.6913918961569792,-8.544894329492438,1.9382836781308717,2.575007879448637,464.60779745346775,2.1973781361904328,0.0002815936341572053
37989,-0.05847242210494841,-9.833931078442436,3.3691300692948927,1.5382616349406988,344.8314991867247,1.2027901828158223,0.0002815984085688217
37990,-0.6728100998882329,-11.487082977315634,2.950134946873236,0.8245954999127355,217.81185643810383,0.13005370465425425,0.00028160017792122627
37991,-1.121619191772833,-9.277972176078052,3.449962395812699,0.581681712682426,146.75416519595433,0.9105546193701359,0.0002816226370960267
37992,-8.458932892826299,-8.71987318727647,3.838453835483993,0.5773861149111337,128.32657435754393,0.0677966072248406,0.00028164958648598806
37993,-4.140553209409942,-5.479496028752611,3.3255427739022863,1.766158240942582,470.05580137383936,0.12375843499142913,0.00028165882389710154
37994,-1.6978815022664566,-12.27909376540509,2.760083819472681,0.4628507207569645,106.17627663056452,0.01866388819287046,0.0002816801343514723
37995,-1.0446565023692216,-8.402436206862468,2.9098547877132597,1.657932291081648,390.07769755872283,0.4504936084062292,0.00028169258391388794
37996,-4.693676308211342,-5.995237398562683,0.8547375903247283,1.5195121519648658,338.55647020593443,0.21526338490841646,0.00028172484107948076
37997,-0.7809480264047899,-12.641964056657265,0.6074325878010061,0.8637502265841872,467.58925432439366,0.5827607365550813,0.0002817307876009083
37998,-2.4911684815586206,-8.5494958100775,4.93249369907435,0.886765509219943,251.127794256114,1.2371102620482946,0.0002817437960567311
37999,-2.0382409635222265,-8.596826145293637,1.7055341979414655,1.40973516085561,333.64088055943637,0.556917178684059,0.00028175220422933437
38000,-0.7895980635198736,-12.119708496439559,2.77329805412393,1.1000098956198021,467.25664532455147,0.43365725145109923,0.0002817654397883837
38001,-9.273600643440725,-5.06635718982501,5.105146458700919,1.6780556040924057,469.7169656643628,0.23904202929876117,0.00028176937221838965
38002,-0.598828632384329,-11.236286711701315,0.624267672579095,1.1077962413122722,277.3431289049047,1.4024717398307436,0.00028177092939245875
38003,-0.5185219790076996,-11.245800919189662,3.0182278743127005,0.8957701089053086,226.15772573483702,1.4087888078356121,0.00028177731670164227
38004,-1.8326442731428614,-11.561262599081152,2.930926156131076,1.4363820331068509,181.62568562512124,0.14729137301867823,0.00028182952185287015
38005,-1.7163937073195719,-10.487168938930454,3.233160811632136,0.6531047426172655,178.55445676617924,0.2562955553635158,0.00028189933461156096
38006,-2.675398447370422,-6.619891856594919,2.738251325736713,0.7567307756771752,135.69038959841527,0.3579879386560165,0.00028192010240030125
38007,-0.9638637256447318,-10.550952942763619,0.6883469850115357,1.4740076221880487,468.5220200127257,0.07682883709303479,0.00028193688819634557
38008,-4.617422018118978,-5.307246914813532,3.289200537751572,1.4428726302805919,320.49951860957674,0.06852257691367658,0.00028193859515539884
38009,-2.037686431255578,-8.234857722128453,2.399695540561533,0.7645836405719295,179.5909988583538,0.557785442705959,0.0002819432327947086
38010,-8.098747921325714,-10.62862906694971,1.8829927440895562,1.153639899542631,467.6112014426131,0.46895951104108224,0.0002819659205594901
38011,-1.8458481905948059,-10.910197771466242,3.0979239765025004,1.8989354144041752,468.457317475636,0.5831402276061013,0.0002819734253663041
38012,-0.7847210518840733,-8.914045853232963,1.401286860164411,1.8404715471536721,468.479989367402,0.888153954757084,0.0002819908771388511
38013,-0.6527633329234206,-8.281618143887677,2.2324570208295316,1.3325861448466776,291.64441449462026,0.021278440666214316,0.00028200738994168715
38014,-0.2713826687300589,-9.975814749723638,0.7545787740551297,0.8310514086814526,469.40902111821055,0.028725283940909563,0.0002820183544007025
38015,-1.4699584767904526,-9.239196267421576,3.3969987464030442,1.139244374280899,242.04457077383685,0.6965159213876042,0.00028202574742679584
38016,-2.947489452629963,-6.057329682216328,2.7826503448713575,0.8763569779878855,203.94147970852217,1.255195127595619,0.00028204523709862955
38017,-0.7504249276854775,-8.455223386722398,2.942896065990531,1.2543965486391484,315.6021812851715,0.3384810255876465,0.00028208991182695245
38018,-3.101231881742507,-5.743223427990454,2.6032538695342717,0.9394840403399514,202.1769534017338,0.2275290077795118,0.0002821088329145985
38019,-4.919803853454475,-5.603093672738807,1.300851579596787,0.7893878477274064,230.32216059656304,1.430043738688334,0.00028214867614256633
38020,-5.314808783071909,-5.344201567175598,4.504691153782293,2.5873727559236084,464.5077559574333,1.8208313775617473,0.00028217006551563517
38021,-1.7530617172978484,-8.605546406152055,3.165413309151172,1.410567633358516,470.3740226419911,0.020666342395590398,0.00028217120875761455
38022,-0.9859402767653229,-9.346261463451734,3.4490493749567896,1.0623921355174435,280.0455338594083,1.6785505536234888,0.0002821722140146971
38023,-2.8323345704527894,-6.287015012719806,1.5223959388136148,0.9719329944047608,270.7940576003511,0.8148196901005074,0.0002821733527457287
38024,-0.9067731242652002,-8.360053742820375,2.7313770718334673,0.5019027691712911,128.60000703733766,0.3011060778333343,0.0002821807381717511
38025,-1.4912184859448452,-11.48192616061496,2.9456586637762845,1.6255910724953566,381.2773680095988,0.6616885477315009,0.00028218654712739696
38026,-1.0804839169404143,-12.26623307197367,2.76387587037253,0.8205492905944763,240.68172689326215,0.7988928755628786,0.0002821908743768726
38027,-1.6645669362577138,-9.569074197515484,3.44091437016938,2.6153812960729654,465.3029905481934,1.4701179813725265,0.00028220145927947225
38028,-2.4575762620343102,-7.279960947725757,2.2885311457891127,1.029247284317778,277.5743056382486,1.3947316493327575,0.00028220184950433595
38029,-1.5321679065546352,-8.26698837257968,2.6501048381943195,0.9089734802878516,467.1591698296237,0.5849177192125987,0.00028221970921868075
38030,-1.5336676413826087,-10.561578656129246,0.700434662133149,0.910901520970431,256.1588191305808,1.7291607670044096,0.0002822270429528116
38031,-1.9134439084731145,-12.281891103221549,2.7624976520479394,1.1565974586467793,295.95175865516376,1.0214511427812392,0.0002822318361402196
38032,-0.22910007634080642,-9.812502881002898,0.8358393221780402,7.327027277654884,303.76857571554825,0.31638314493521325,0.00028224032639521495
38033,-2.298445643735639,-8.722112704676526,3.4916546142072686,0.8508066118371799,467.8257189429163,0.23727829943815948,0.00028225476895087944
38034,-1.287294849216483,-10.671329976806899,3.169799931627081,0.8852968719708894,182.69750417579277,0.3374550864267256,0.0002822594419594528
38035,-0.898540319726548,-9.838901099562127,0.8097400359075414,2.7874117807623895,463.919236797887,0.5305831718503446,0.0002822659675962942
38036,-2.738930765378721,-6.465701533953307,2.982490294326881,1.1226273228770498,423.37167773161724,0.7588263036339775,0.00028227867655360314
38037,-0.5655570478728471,-11.717456641830301,2.831369791221216,1.3580495624332853,161.00087448357795,0.19614904077111373,0.00028228372935830095
38038,-7.926292845968997,-8.775412432927062,4.88318815738471,1.060618578784997,209.71810235238752,0.04260587076917499,0.0002823538225792218
38039,-0.5368213837896487,-11.669889589664603,0.6292230590394214,2.5348682280349606,461.421231161255,2.4403791176005534,0.0002823580151460352
38040,-4.136373068849165,-5.698471441079229,1.870214462152004,1.903867853327842,463.2049161387317,0.5586295172058726,0.0002823979467363948
38041,-0.04665430147469074,-10.27218658240535,0.7458156557536576,1.055613319841449,284.8244987023616,1.1694320291396592,0.00028240115570667455
38042,-8.464966176074775,-9.369377063670493,2.280962582150085,5.001491414339247,489.9926034584046,0.054020512679382904,0.00028243181142739764
38043,-1.5923888231013592,-11.783490233512364,2.8297913779566883,1.479685780552933,346.7315892985463,0.4284068936904104,0.0002824361221149161
38044,-3.0702614717809764,-5.873559021942389,2.620281865250155,1.7521526028134817,434.9742777289351,0.36651180248849347,0.00028244343977408884
38045,-3.975882813214419,-7.004251353315721,0.21235651152206766,0.7326231206392477,153.25956564717276,0.018212678242161218,0.00028245735151350326
38046,-7.056648646481048,-11.546015174091107,4.169315205601182,1.8460530004617568,441.39614106531246,0.43205446492663135,0.00028245836807353175
38047,-5.6212128534254155,-10.648799920190193,4.8739364890540235,2.3235063912667573,435.72834412348453,1.308729092209517,0.00028246163878703566
38048,-1.6214079853108885,-8.240469497738818,2.419402972127927,0.9646547240202529,270.07395414632714,1.3472590722935545,0.00028247223891646325
38049,-1.150981994130726,-9.260493088046486,1.043175234292251,1.4431599212785642,342.7388678229205,0.4195012357800749,0.00028248248671480135
38050,-0.8297793538228451,-9.573496922971476,0.9042486263289558,0.7190126250461728,202.208543882073,0.12903759677358462,0.0002824829796802314
38051,-1.4906338784684579,-8.9200906100303,1.3532346270650066,0.8721642972565694,468.52069416198856,0.8651238465122324,0.0002825302441039824
38052,-9.513442522615527,-6.049765968071168,4.7704698778687415,0.8722444456186239,175.21409440787818,0.33307065467042296,0.0002825737175415538
38053,-0.8198813879485822,-11.464618134878092,2.94590338759566,0.9474223964173519,255.81064802347302,0.7639589008858385,0.0002825806280318516
38054,-2.084960017869771,-10.986554736414673,0.5574589712635272,1.7662069806099876,343.4158305150722,0.44135006140153177,0.00028258115888316716
38055,-1.3243827853408963,-11.6261583980202,2.8533387198609277,1.1103110529826492,468.1061671775737,0.7341550524252414,0.00028259415009179647
38056,-0.39353935335580204,-8.906656356244657,1.2350904514211933,0.875902783841726,209.22119565587508,1.235579160786621,0.0002825998346499313
38057,-2.2233357571842705,-9.015704688526043,3.351791788005418,1.0395835607165078,272.19892948532026,1.4796805912169892,0.0002826157441283551
38058,-0.2902447257605143,-9.25413802374333,1.0730993168322547,0.8571324169005752,193.03354412907527,1.0007703278675093,0.0002826633813660856
38059,-3.9608449780628376,-5.855870119930447,1.6881748462785808,1.542364861491515,318.825584817311,0.13837449843051797,0.000282677251935821
38060,-0.5636610982291081,-9.767452804853772,3.3738932054567257,0.6525263941043691,133.5285217797471,0.8228842049609888,0.00028268845154063546
38061,-0.0036037865573383954,-8.942905674911005,1.3552460831284954,1.1209796325538521,468.2031375187785,0.4940864657505788,0.00028269160118625573
38062,-0.8578412278781364,-11.533294811005522,2.894137690394219,0.9989159711777715,269.82375876784755,1.2726739745839568,0.0002827179170734256
38063,-2.5676255342418806,-7.553981634143911,4.208712378753456,0.7828534701760372,215.3347139371728,1.2836772361479563,0.00028272070570683024
38064,-1.0263804370398866,-11.514571378883407,2.9325143892379772,0.46102032211961896,116.94807754367709,0.4410076201621811,0.0002827460697804599
38065,-2.0162222713531417,-8.856473052848273,3.3229308661021872,1.347243331283627,319.29715067906733,0.3498366464575655,0.00028274700485341094
38066,-4.696615347883277,-6.498053368044604,0.49535427726329967,1.092286887468374,467.39157852817374,0.3387407308752355,0.00028274937824936667
38067,-4.885303077851012,-5.4585004869736915,4.009707368123589,0.8777808035199381,195.7847939990967,0.8702630422700937,0.00028276667980992097
38068,-2.192606907064249,-10.597197738559252,3.1855795835497287,1.244871627541031,307.90773028218206,0.27078293404894094,0.00028277224205351437
38069,-0.17044158667572873,-8.596312959418245,3.151901318603898,1.1738214773710673,168.3769984522621,0.4234242031041857,0.00028278662468366855
38070,-2.051318761795545,-10.369450151360518,0.5340876738331548,10.016028866931363,718.6015301550435,0.19351731084395674,0.00028281896250007785
38071,-4.688947083493332,-5.837415189355627,4.580067997748802,1.8123091864509355,468.72824533892134,0.3290597365723853,0.00028282257215141697
38072,-3.23472828109559,-12.843839028332532,4.4297560030240035,0.7482797725886057,150.40615232398068,0.05252875809541191,0.0002828254676133036
38073,-9.973294488139056,-5.282414345285163,3.959334386661537,2.3256883328310534,440.5997969376819,2.2744567083330463,0.0002828263961371224
38074,-0.390542550756825,-10.454575926296435,3.2345326215135395,1.5762826267864891,360.3258025137224,0.42603147877496284,0.0002828822729164816
38075,-1.5982342447337778,-10.46026906275716,0.7170785101625837,0.6686378181225295,458.63726516846305,0.4109739684306897,0.00028289333754166166
38076,-0.0849936985355253,-12.632839224877822,0.6072246282463478,1.3533629356033698,304.9955457286061,0.8637074144148693,0.0002829302665362893
38077,-1.8798410175476814,-10.447827241963653,3.180658666462745,1.7045466731017764,467.37983678631014,0.0882537415630793,0.000282939164371008
38078,-2.4642790721175025,-7.851878874295655,3.84825232927319,1.815460705525538,433.2858544947486,0.2638291390359182,0.0002829580970621911
38079,-0.34926339654744254,-8.66816131089095,3.1804178252720012,0.892237763698281,256.3727881873964,1.2138225807909029,0.00028296826459844193
38080,-1.5106779129564067,-10.359831562995083,3.2570330130215512,1.8925679178492631,468.63065219075696,0.14197941503832734,0.00028298751709692616
38081,-0.1718757024520734,-12.581419241145193,2.7427723948923663,0.6261221828124162,129.09437345652952,0.18251190186000255,0.00028301121632160544
38082,-3.3311050430197824,-12.8848747688152,4.398902404350939,1.877326086376111,453.3615097049634,0.01723796067772465,0.0002830438310690625
38083,-1.4078466020479325,-10.250630567963682,0.736823802370173,0.9089577398786698,175.97658701476738,0.05361724177246341,0.00028307090679835663
38084,-8.57934638716273,-8.975142469091082,2.868176062759143,0.8964095668280956,174.1244922129203,0.032333383502657576,0.00028307597348806293
38085,-1.5948036967689703,-12.406219288440566,0.6051198720199521,0.8990757785383265,468.57274296686876,0.13899930657240578,0.0002831237973327613
38086,-4.512090770959968,-5.186173022465887,2.1396724875789324,0.984393279044938,271.93041758987863,1.8558249152150657,0.000283136654244798
38087,-8.03062118637521,-10.805676215136852,2.2779888151299943,0.8988264702176347,222.97363438551335,0.2724743815499009,0.0002831383134697803
38088,-1.4027682832798245,-8.591294964546314,1.746108457227169,3.2140234838848705,509.1553163949505,0.7811859241618553,0.00028314295389455856
38089,-0.7573111442975424,-8.520385837969915,2.0308105331417683,1.4908672873531632,332.3244150661205,0.06665717378640235,0.0002831534906052164
38090,-4.477594908991676,-5.146856076809163,2.627194340778333,0.7702700593853491,154.86263624941859,0.13261472504187122,0.0002831777492146689
38091,-2.977762115813185,-5.996782154570826,3.11519959978387,1.4181865846035149,317.20540640911315,0.04584051904595121,0.0002831909344313777
38092,-0.22959195633152518,-11.045029464070534,3.0206532264555923,1.5541453148968216,315.4719045773895,0.16839230493154478,0.0002832004852426998
38093,-1.8619714514668164,-8.320642267661569,2.266040923301974,0.7674165805897868,163.13270337801916,0.5177101143950615,0.0002832048390725109
38094,-0.22590362879278558,-12.75399077654524,2.6928600370960813,6.447969268289358,359.66585783240737,0.21575568559020386,0.0002832163704629612
38095,-0.7206929306125307,-9.14267102161078,3.425847510203962,1.050008627778448,282.9930602086071,1.6419548509146509,0.00028322175588589376
38096,-0.5753314397827474,-12.498727716049942,0.5934061701935841,0.7563265997637805,179.07274463856888,0.41811762599318314,0.00028325078284941076
38097,-2.026130048881736,-9.161695042757671,3.428160616006667,0.8676322011435712,468.2082757587469,0.7981243297050478,0.0002832917471397489
38098,-0.479852383697823,-8.74493239326739,1.6087112248901194,2.736266397841541,475.52567454614336,1.3556964941038876,0.00028329193775459644
38099,-0.2522632526520212,-10.356419410630096,3.191305015711783,4.181917699853199,486.95687131265277,0.08008517163161777,0.00028330689824107965
38100,-3.8626130785383843,-6.21397883132915,0.9265706112127863,1.1512237813075203,235.40555399187772,0.2137577609984307,0.00028331204675492033
38101,-0.5309062651714562,-9.437368780038545,3.441407786983378,1.871110147837583,457.2212155076562,0.4950835907112099,0.00028331628550944024
38102,-0.6565033700212712,-8.943929476487314,1.2380828263888666,1.252360307047423,279.10671554474686,0.29903571716546384,0.00028332415024074123
38103,-1.0526146767533682,-11.755018055442497,2.883180074825895,1.2062093535693892,295.0395427811508,0.6625973135177645,0.0002833360705800379
38104,-8.252923445666177,-9.980330272083293,1.4120748704499488,1.906028573401882,460.1908286677683,0.6483769005341671,0.00028334178474687
38105,-1.4182644576112313,-8.53632299436524,1.8628465338532745,1.720920056996274,364.6130102440991,0.7254697065359856,0.0002833931697322369
38106,-1.5766591513416213,-8.288424815636033,2.233605631744162,5.129154012576357,361.73379010024297,0.16263280042257477,0.00028339950821472805
38107,-1.8112082968413379,-8.74092080770405,3.2551354917953588,1.3632302109853418,315.8513039374845,1.188516508983315,0.000283400614503681
38108,-4.121041838087721,-5.436817753570753,3.0541408073040546,1.6222671184615547,468.30302725399855,0.43389752140840354,0.00028340147023554974
38109,-9.47515814924812,-6.740060301271877,4.674787311386471,3.4252396336722386,532.0069954121305,1.4128918148424399,0.00028341182460512514
38110,-1.1948768494699138,-10.714798262518993,0.6525583986131417,0.9370054901501292,467.8660342894544,0.453844858211891,0.0002834285774459466
38111,-2.3592254229771035,-8.66080354396778,3.8997478283987146,0.6812925458699699,137.33068956946903,0.8933395879798463,0.0002834366719312472
38112,-0.4259045840329243,-8.753778633296335,1.5356606862633124,0.9872016182889064,220.46011516226017,0.22236325097800158,0.0002834481321506883
38113,-8.741224546550107,-8.386748551777924,3.755580532228721,1.8814494655960492,364.2943802341945,0.2925206844647805,0.0002834617420018779
38114,-5.28592358896982,-6.762989746427471,0.012394817884569191,1.8362720785357305,468.5455616284986,0.6518124284943818,0.0002834655787795708
38115,-4.70713062404439,-10.573774486280113,4.875304392917402,0.9274222692198449,187.6402339889401,1.0979640623750475,0.0002835487049495144
38116,-0.23402225352361583,-8.959383945676354,1.2584935482125676,2.1464095194800192,420.6127438125233,1.8823202748059886,0.00028356994370232826
38117,-1.5814046576909497,-9.348713283583301,3.440185775864083,1.1277820784132926,296.09917857571963,0.5189027700008255,0.0002835810529281962
38118,-1.1260214328321378,-9.619299071771323,3.4274277384848717,1.190139934740222,467.31104676572136,0.3406562452031183,0.0002836015049174647
38119,-5.187734174608936,-11.917745296763792,4.522812173194278,1.3188888441730502,313.6494090679544,1.2859570902787203,0.0002836327288289754
38120,-0.5203094105209765,-12.099651136155735,2.7235077964598,3.1516111989019224,512.0854929312128,1.6317955387096692,0.0002836976920398583
38121,-1.2047339897050708,-9.559206962844538,0.9468188551216264,0.8294247305183969,196.88328871049444,1.158285089824676,0.0002836998986381715
38122,-1.899448590582569,-11.432157722773356,2.9090869968733792,1.8268330857295247,435.65492722067114,0.07049074144076606,0.0002837195232236213
38123,-3.2241532950411482,-5.690646166858729,3.4764584413961517,0.7548284116519595,467.237126493729,0.24330450164463624,0.0002837227190014067
38124,-0.05764813897526011,-11.298244098821828,3.0044247263253316,0.9100006634338142,467.51897306540207,0.4865966568714688,0.00028379946056661013
38125,-2.675695882121306,-6.645655281540849,1.716945417940723,1.162395890440013,175.40788920142518,0.17415982856200163,0.0002838139612874733
38126,-1.535905215851777,-12.798249552918506,0.6200345482812106,1.261880773503962,266.8188997426383,0.06751469043201475,0.0002838236563159515
38127,-0.11974974952209827,-11.786872267812855,2.8154168465455767,1.3912083444640002,468.1749346561974,0.2993080351355948,0.0002838254155271927
38128,-0.7026419389509737,-11.061942712334472,0.6743199606966112,1.8059250808927998,431.62398138939693,0.4393893200773151,0.00028385237538534934
38129,-2.855105245031294,-6.19032887037936,2.603609544290975,1.0066727331926966,254.6182691112529,0.7210598700414659,0.00028387926170257715
38130,-1.909074049255027,-10.952667171655342,3.203958748387728,1.4903134181405902,468.5152152728688,0.6614680732138991,0.00028388108541870487
38131,-5.058085467401211,-5.663860097090657,0.8771527923781852,0.6037765408426631,160.2303368136563,0.35546051019522285,0.0002839135139548061
38132,-3.713920409231294,-5.485352747719711,2.7175127830401795,1.5277936976539865,343.37964680246284,1.2891577031388977,0.0002839144532178981
38133,-0.4953265650938814,-12.021535106760084,2.7669183366432812,1.449904483140097,324.66904213012776,0.9497421644280957,0.0002839331585670974
38134,-0.5230823456212459,-9.483414084526498,0.9663150435752472,0.6474017283297249,139.22734321619185,0.11067078952282206,0.0002840675802706281
38135,-0.19811206455261043,-12.644815781624246,2.741207388327534,18.115723622150284,725.5915984792127,0.06908488933226486,0.00028409673780777257
38136,-2.942665319021252,-6.590864306227169,4.813473901010744,1.6695898005483951,389.73315558400725,0.25835218091981726,0.0002840973619192058
38137,-1.5759471551796835,-10.459794366905086,3.222498317809879,1.5250494808375763,470.07410341733294,0.2332841329343065,0.00028410606566139
38138,-5.449707944897421,-12.491951472353373,4.468118185747686,0.8542345816028161,177.29793582156157,0.4361785651576957,0.00028414731296174517
38139,-4.170984279880567,-5.75206839954448,4.121525677412209,1.169741256289083,241.86867438669012,0.024806486334806088,0.00028415154932589614
38140,-0.995675722417154,-9.8519069614513,0.8355627954197061,1.0799682417507828,468.12078518342327,0.742360141907418,0.00028416621474564084
38141,-1.2191075533474933,-8.37520852729147,2.810040451571865,1.1587653881705255,468.00863755238225,0.46187210457714745,0.00028417966751000595
38142,-8.40752114529776,-8.010451826506118,0.3656797086098033,1.8648424876268526,468.09922249261416,0.5743082850414138,0.00028418154039447146
38143,-1.512154716033777,-12.325816815201707,2.697761566952068,2.1985637672856395,402.1284247264077,0.3102922036395448,0.0002841903039004029
38144,-0.519664947000809,-11.39100597768004,2.9481468320200834,1.4996953157159003,344.95129758730457,0.2414068109269092,0.00028419373238716076
38145,-1.4767474820554831,-10.549707731535218,0.663738284306854,0.9984121865513437,274.73064173744024,1.5893483200055636,0.0002842053369158625
38146,-2.055736067092213,-12.931503153280184,2.6098948996463824,0.8516357157434048,219.58401785405295,1.220827070420456,0.00028421252060281183
38147,-7.56919216809134,-10.75594939056521,3.720712536586916,0.7505594198272116,150.22103392682834,0.21805030050956553,0.0002842243825030478
38148,-0.7363110547092617,-10.01182474518984,3.3125929479980667,2.9476980336284306,493.6512631314925,1.3098297108713792,0.0002842306929743811
38149,-2.2796100918873723,-8.858522476722436,0.5564933281014381,3.6475922897968642,545.788099200003,1.0438423492555726,0.0002842440697744828
38150,-1.973082526761571,-8.53062449807215,1.8956249564390135,1.0253197798344345,267.66220497675994,1.620020672426734,0.0002843361104988956
38151,-1.9082272168043062,-11.868946030324148,2.79352864081718,1.185934423885973,282.8770647593689,0.5705508923126148,0.00028433757296575065
38152,-4.901623011626517,-5.6664796889498215,1.1100706276605106,1.0617222001665514,277.4470383538879,1.6255643071130494,0.00028434654928505786
38153,-1.687677444646683,-10.766549311461683,3.120066755348094,1.129590205640425,291.6076178655496,1.1375911658198516,0.0002843472065193883
38154,-9.736301460441593,-7.010475984898732,4.00148630868457,1.3496521652369846,311.8326942205561,0.8989597139126628,0.00028434806327274064
38155,-0.7909744289678464,-8.631428019427304,3.1661322613253824,1.009395350082368,213.2871341093677,0.3085906337828872,0.00028438356979541726
38156,-3.587436839130876,-6.1045596490832095,4.830204191077321,0.8597592426388734,286.23136601155574,0.25675194846774385,0.0002843934569523107
38157,-0.044672761346150835,-8.4686373134593,2.9329195184050194,1.6216459659925229,468.1275981003979,0.746325996529781,0.0002844066893439236
38158,-4.638037193307801,-5.219879211649805,2.0421777710278395,0.8836986288230861,458.5725047720776,0.4324076473403613,0.00028441074099748226
38159,-2.050567923141191,-12.482453574060631,0.5420688374372168,0.8802531259352641,183.32923694804592,0.7286152320447643,0.0002844155802601549
38160,-3.3776175072557084,-7.042388734362842,0.21053060724492173,0.7148491661689841,218.38456193132617,1.2458690575353808,0.00028444230807733473
38161,-5.318750729174474,-5.350164273217682,4.506732834937765,5.056548958648009,623.610603977133,0.4325958893018029,0.0002844450034152623
38162,-1.363598806491396,-12.016087036538206,2.730050693183173,1.9785559212957962,401.6022041691752,1.8010825422449548,0.00028445103863115775
38163,-4.748433444324084,-5.282180441790424,1.7547803851179722,3.4945768435271365,536.7312359801894,1.3496169065533028,0.00028448561628267556
38164,-4.222392175910338,-5.594019724871511,3.518175797689826,1.8795104829215452,467.8574471758314,0.2748580357029704,0.0002845324113312055
38165,-1.3455575160859503,-9.916338287098018,0.8431095752100387,1.7275337671081845,406.73746325203683,0.06938040441155469,0.0002845375081400123
38166,-0.8031633331138863,-10.285060716205447,3.2468010434702643,1.7631916335909024,417.10191021394394,0.5443361275810554,0.00028456818681385797
38167,-0.12974223109387317,-11.345950538413387,0.6566074307153229,1.1624522164950866,290.57799013335057,0.5676199050906021,0.00028459323821455277
38168,-9.642606808268898,-7.292055942959967,3.8109799167831575,1.0994670158120265,467.250730020459,0.4274234753642707,0.0002846157906034343
38169,-1.0236995195765957,-8.662991965415472,3.213727669873632,0.8439898103993191,470.01070552101373,0.14346530546065406,0.00028462124769312777
38170,-1.167816695261763,-8.82982690170946,1.4630688570718475,1.3219767666759388,239.7390780064716,0.026271221323132643,0.000284672440198329
38171,-0.43640214145885103,-10.90399494221763,3.0853986882943434,1.4531249131103594,469.96946010325036,0.004920521200197925,0.00028467587791321567
38172,-0.7914185772106244,-10.075784430742825,3.2936775048625524,2.6909601139706436,474.97779590923244,2.146500829398849,0.00028468011720781837
38173,-1.58403372438962,-8.74397995009496,3.243039839484673,1.1229742623737033,467.5720015590467,0.2709505071967522,0.0002847036985390195
38174,-0.715376433664801,-8.973406733913421,1.3319344232296546,1.3055966027131136,295.0330022063844,0.09519441964740682,0.0002847179509393764
38175,-0.7090095780305266,-11.708587910744908,2.8641070396091837,1.7729374092108054,373.53892736272155,1.2797365734919275,0.000284723369089408
38176,-1.697944464889428,-9.280082412089609,0.9602900207121366,4.4119841451252615,267.391356971319,0.2536149203787481,0.00028474739854455187
38177,-4.731755555028098,-11.23050202027634,4.642597862805491,1.5954072703545372,370.13166486606104,0.18365417216906366,0.00028478609072502394
38178,-1.840745335600074,-8.579531661659022,1.9503955413871377,0.6811171766114036,187.83194706851336,0.8639442483070194,0.00028478756427856723
38179,-3.0889202003619856,-11.51183508305816,4.720592041176013,1.6889312254745392,366.98656964517187,1.7997845249022388,0.0002848037646540703
38180,-7.829078296681432,-11.412204332448407,0.4026140321497886,1.1673810697091558,300.1751423290743,1.1028547049976618,0.0002848050326438635
38181,-0.3921571023476975,-11.325020554611015,2.958715638088169,1.8411810649194063,467.8462656899021,0.7962772179458781,0.0002848454982901703
38182,-0.4952364710519781,-8.861424660670924,1.4137016009863148,0.8771690740776521,210.24433642712083,1.1801119097656807,0.0002848480212875097
38183,-9.914180288012322,-7.251221214924866,2.6188428192927122,0.518763272507757,117.15302629650034,0.9946021869520569,0.0002848525787312914
38184,-1.25773843456785,-11.305510413076705,2.9633285601377457,0.809773543993517,212.94329996697286,0.14063517547669147,0.0002848784666508482
38185,-1.1641449370849735,-12.43651261886797,0.5959123315587083,0.6516948847540555,120.20149539674671,0.06857963461874128,0.00028489758945333114
38186,-9.428109062217022,-6.653728183444276,1.3387277525739072,0.8380414936649698,468.23540962392224,0.17666454448358504,0.00028495278022475535
38187,-4.4511783177246125,-6.079965258028419,0.9807104126255017,4.05366059898704,568.2028972674323,0.6814142510920469,0.000284954205520657
38188,-3.3998970605626875,-9.993302067380341,5.18923689388526,2.9097236850529216,485.08485092800436,0.866602800352207,0.0002849669295411206
38189,-2.336213723273122,-8.824142395684946,3.852939847811768,1.2307119982157564,263.07573419534504,0.066981556368372,0.0002850013981977371
38190,-0.4167664987939528,-10.440508997318833,0.718379374127567,1.703341539632813,399.5116887407233,0.19557697812515062,0.00028500965342979
38191,-3.7902580662879712,-5.813316856050004,4.067791593632638,0.8258090503296077,183.37837506492508,0.4241763123692728,0.00028502916923752467
38192,-2.003725320992034,-8.37273528398298,2.1799989350408864,1.774877895327151,467.21913508247707,0.4217957597933202,0.0002850413112816555
38193,-5.130968905271176,-12.088124997138326,4.498051996290527,1.0164489871746913,468.0076921876923,0.3714739781886687,0.00028505067515422877
38194,-2.9253914707612765,-11.989782014968926,4.9506865241252775,1.3125737240333368,318.3189981751388,1.7809012223882963,0.0002850600871063804
38195,-1.0524995291643258,-8.871845663834083,3.311231783345131,2.0204413442797615,388.31646203792803,0.4692189648816347,0.00028510517752719543
38196,-9.616386992642816,-5.054554308445943,4.540712544740845,0.9657371088834557,211.51554107369603,1.0931323887876188,0.0002851177057441691
38197,-1.5622930773738979,-8.309694785511692,2.2396343205371716,1.216949103416515,305.30573109292413,1.6026441617781488,0.0002851264141428045
38198,-0.02987136743196217,-8.615316732215742,1.7863334302372889,1.3875897280973,333.88305454407686,0.2984862720134336,0.0002851770083458478
38199,-7.466172170806004,-10.557316165847702,0.22968107452719963,1.8663392274348907,447.21216641405994,0.5125955638923241,0.00028520888764954204
38200,-1.376493827922772,-8.350266439172788,2.146337036082555,1.0072552640186696,265.11033448807524,1.017830258499865,0.000285231536440641
38201,-4.751005126145779,-10.507736459587605,4.908969011046433,1.2031277813030805,262.3752713330483,0.732145568157839,0.00028526737225496504
38202,-3.556925339918765,-5.487657739594277,2.5422359363440306,0.6128687614577206,180.82252472636927,0.9649257102642492,0.0002852721334623726
38203,-1.3251347324885483,-8.498465128016257,2.007619038554325,0.7967882994605789,469.76096167762853,0.19669532488150487,0.0002853040964742673
38204,-3.8604744773999737,-5.565600162835751,2.369784436570947,1.5327232089042906,468.64595625468655,0.6391479766273802,0.00028531780220787277
38205,-2.319154972798156,-11.898997227863337,3.976504608439121,2.912337914143305,488.9624959246597,1.046871550242165,0.000285351530502162
38206,-0.9004233128804735,-10.588629069359918,0.7352504863544812,0.9200944496173161,468.66574323656374,0.9209887083128541,0.0002853542414571621
38207,-1.5290068141753554,-10.786874230183539,3.1050383093901615,0.7842507131813926,460.3879250903287,0.48993140973511373,0.00028535939475621356
38208,-1.439348183843192,-10.7552220720643,3.1148054099572358,1.054777140639931,279.4895007594557,1.7644220102647417,0.0002853672073130095
38209,-0.3415709417217432,-10.289196903576808,3.242842831243473,0.8724972609068923,224.1891081749362,0.8035428150906929,0.0002853680520059481
38210,-4.163007263685795,-5.522159485704333,2.024437569291568,1.3447008407242451,468.0992629047181,0.03516377724882691,0.0002853733115574083
38211,-3.825023646746665,-12.01416214209563,4.470840289067262,1.0342166423460566,273.0650325664753,1.6990382200113023,0.0002853823305365689
38212,-6.820017505925728,-11.482496558306538,4.36368783159721,0.8455534993086166,468.0451768247789,0.11307788438188204,0.00028539051046825095
38213,-2.635661574353545,-7.615406620375217,4.971200109198445,1.131413482892576,466.93676667084094,0.6162077371390735,0.00028541050513747817
38214,-0.22887490342257522,-10.694041396059621,0.6507902879908481,1.6336495304346588,360.3632372197023,1.8169598359486798,0.00028541278572641923
38215,-0.06150697775080438,-10.91508384557713,0.7113944544061362,1.3802047449000951,468.03740996518513,0.4482750418669701,0.0002854215777791081
38216,-8.995100752624863,-7.954535271334252,4.021520185393784,1.2307260411781868,309.11490965150097,0.6321275336298502,0.00028542177056361964
38217,-1.8921542659892125,-10.61696021881593,0.6445746294488075,1.9888295732712256,396.234787771567,1.0734173494701293,0.0002854399922688014
38218,-2.2609329925974304,-11.20433447952396,3.4572212129371462,7.605304394784385,634.0855262571162,0.1442269535020122,0.0002854560072101535
38219,-3.782363125937086,-6.014120917852908,4.55464531144391,3.5546101653832327,534.1193197322222,0.7092363401206985,0.000285457059070484
38220,-8.442439265821681,-8.219737338353177,4.737785941245428,1.1019248142289393,468.00329291844946,0.45486665703698126,0.0002855014674355115
38221,-6.348105425888145,-12.376876253791211,4.428918070609367,1.0396170075343756,207.35437888936318,0.675167676570422,0.0002855179300634824
38222,-1.190717532276528,-8.940996974327621,1.397554650570265,0.9860287752535324,273.8162524390458,1.3947558520599843,0.00028558314624724994
38223,-2.270450387877804,-11.622552057284985,3.552096693706079,1.1371905986676234,294.20860769796036,1.0318668731370169,0.00028560015471601073
38224,-1.1791684139327288,-10.395848982776954,3.2289379661297057,1.1773982804862821,467.744738294209,0.053542891238380186,0.0002856053816172553
38225,-7.842713382701988,-10.41146932642268,3.317718952224792,1.1917675105600791,466.16331606822666,0.16452950380975562,0.00028562697838962147
38226,-5.3318083092999835,-5.020498330402442,0.8470045370129129,1.5956070667846967,469.8152932698712,0.0035882388081160954,0.000285638124285833
38227,-4.520152510148271,-5.9048024529643,4.640433126146255,1.1235481998851657,230.5647406805135,1.0563842900702314,0.00028565116002138557
38228,-1.0877037447379951,-10.48368878294951,3.281009870877284,0.967368039607399,468.15877823976984,0.8223717800160983,0.0002857503257579539
38229,-1.0729044692038308,-8.39971747778549,2.8297119372256674,1.3593483108348643,322.8862796863903,0.21031771540118527,0.0002857606306631507
38230,-1.7231735948541118,-8.69122519553177,3.176194332542084,1.099683268470406,291.0682481579055,0.859368395181817,0.00028576257476960654
38231,-1.0593556020149606,-10.504316471175429,0.6851787064113367,1.108716464686898,466.9531949907436,0.6088257397227874,0.0002857684969619376
38232,-3.7887963639102544,-5.700583062061792,1.9558653960850914,1.0073443994197047,191.31833971812443,0.0892524089297515,0.0002857813066953241
38233,-1.8431402403255568,-8.887008348329013,1.4023120948712293,1.121522105300771,467.41209685630344,0.6607560539222179,0.00028579535983941996
38234,-5.740278593295404,-10.468694121725028,4.955184687117251,0.9406540226445292,468.050257641029,0.7024220197697764,0.0002858224513601134
38235,-1.3672130378564713,-9.470945358833522,3.424297246629018,0.797548275460682,174.38936840983618,0.10684589273441425,0.0002858513384356094
38236,-2.0330265049944485,-8.351044884483745,1.3423880214804427,0.9606668943202126,227.45720099859244,0.38571146250605093,0.00028591524530879723
38237,-3.875691229479031,-11.772056689527087,4.510093773409093,1.6040162235323636,468.5545079140229,0.6514967810084622,0.00028593161290202184
38238,-7.504690615067476,-10.486303216200653,3.9607773077548183,1.1415121353043085,467.47112130135395,0.4857356445273364,0.0002859325924211388
38239,-1.3377953967149594,-8.943630954250967,1.282208483024606,1.0100284165044429,272.0555072511742,1.3399429904618234,0.0002859733639031101
38240,-1.1178649239493375,-12.164529281110214,2.700751384958515,4.032292741609262,569.5927672432291,0.8424503674403754,0.00028597698268706417
38241,-2.083654702921651,-12.368061594390385,2.7410088964022954,2.066921028018278,412.2120139950445,1.9275329502655527,0.0002859772172645636
38242,-5.001724156788283,-6.828333602230369,0.10459491839166878,2.5619522478876102,464.160971834891,2.6370877657723604,0.00028598562760760753
38243,-0.4716456995861513,-12.617534644243166,2.61107393254149,5.109948275500497,523.603500111771,0.07233632887039132,0.0002859873964989224
38244,-1.026681312286554,-11.634324738931253,2.868292345179349,1.0346563708709873,271.08990910254903,1.1416943281606313,0.0002859894803504157
38245,-1.294077131674122,-10.467082605759572,3.1805936422488243,1.428668180855397,320.8292846481337,0.940181632283978,0.00028599033532808796
38246,-0.7455199894495106,-9.618717486437063,3.3739753232577967,1.0261957079494037,269.45111529154724,1.7182861657267923,0.00028601499782939557
38247,-2.0046942621963453,-8.846113097164611,1.4958811583147698,1.7023031948545724,367.12376803067764,1.553054056478305,0.00028603205056084016
38248,-1.8344171521228922,-10.685993002066688,3.1302900617868095,1.8769637425814825,468.7631091125204,0.10865388714797586,0.00028603667541185956
38249,-2.718028167437234,-7.881041208075726,0.04721343371887788,1.2236976253798382,385.24536895692444,0.17277099547365982,0.000286068208525883
38250,-3.301225616388308,-6.03584735896741,1.229220906052255,0.9351588457093382,250.67142055671965,1.001981049656008,0.00028608481900282994
38251,-0.2644499693815163,-12.569239448609851,2.6247109564037703,1.8456036915180511,442.7725899639026,0.18258790019648696,0.00028611850076960734
38252,-3.0705425771609063,-6.819332283817436,0.5328455577098692,0.7525693058482341,211.96855104375925,1.1355800754303909,0.0002861316561121374
38253,-1.9933935117622426,-12.485749393812183,2.6059849007908897,0.9439500545255747,262.30699871541634,0.44326650013972024,0.0002861369251032229
38254,-1.0205082037411088,-8.656160974543106,1.8474255505238755,1.5666660499543383,364.39879148994794,0.6474279586396792,0.00028616582400044156
38255,-0.969151048014826,-9.117888173734913,3.3711951919836114,1.7534238640756177,415.16435238684426,0.24034916956750418,0.00028618863554488727
38256,-2.2883570773096693,-9.79258293209227,3.754281491001817,1.1424641602120114,467.55647676962985,0.5686288618618809,0.00028621660180914787
38257,-1.8990617747535694,-11.195744953669866,0.6093104262427266,1.9114269689566137,389.37887721932924,1.0248174756308934,0.00028622615059117895
38258,-0.12604205228709908,-10.117040741357586,0.797773434040067,3.188696884126641,510.72899120394317,1.0151589392664233,0.00028623212900723315
38259,-3.3123530894160647,-5.826210366181399,4.020154419901264,1.0389019942646578,212.07632828575592,0.38507905338195325,0.0002862541189869834
38260,-0.6084941424153616,-10.06348075314023,3.2856113118182777,0.8226974372675474,214.65113545247348,0.11389871333396062,0.0002862614655575366
38261,-2.3325409668050927,-11.595221558373328,4.076311294762587,1.0511575831816438,278.7528178705879,1.618061849677681,0.0002862808643652585
38262,-7.712355892432571,-10.65683654726229,3.4820176281438577,1.395075315990049,314.9418560247199,0.18470721350765196,0.0002862830128392909
38263,-9.92932771389787,-6.4069360219356835,4.015485120422375,1.871301726764154,388.94674133262356,1.7425232954810213,0.00028629320456820696
38264,-1.027089576830619,-9.686629502153972,0.8576618320022845,1.7344620957513484,409.08037564664335,0.18122112385996925,0.0002862995697235256
38265,-0.10013164334032254,-10.124212950386902,3.270107684970441,1.0976033558877158,468.11037407423396,0.7367395195685686,0.0002863206776454861
38266,-3.4564192273516072,-12.25479952735497,4.4378274418223596,1.7128109027109493,468.6370425126732,0.4260861796817883,0.00028633291438520485
38267,-1.6269658101214084,-8.39090653780276,2.865855907973751,1.2586858432336547,288.5627893571427,0.4354206036094057,0.00028634500965488006
38268,-0.4973273345098548,-8.660892800427048,3.1711769292553003,1.8261912622558194,437.51813575222985,0.7781565117522264,0.00028636854530264164
38269,-4.581666348885384,-10.180340248319377,5.081446884412194,1.4479404165319063,321.2509162132977,0.675689638837663,0.00028637506724034557
38270,-2.7444306788240915,-6.322125907158882,1.2900441468040993,1.584338907518817,373.2418358045011,0.35462552460534624,0.00028637656444784905
38271,-1.7179418663452584,-11.906009403132554,0.6440534669334451,1.1335730115153895,254.8870995886077,0.7617464722004916,0.00028639078678374875
38272,-5.356160251205689,-11.919289057658554,4.5251184276242356,4.293705273388449,520.9729419514268,0.154048598869017,0.0002863947031288163
38273,-6.0570782092229,-11.750982861331396,4.546546394936505,1.8606735693931757,446.3490232274814,0.3594784504145556,0.0002864203350929124
38274,-2.294554555512307,-7.45032982795667,1.2814774601150216,1.1294116378232968,258.99566631518746,0.6368989206292452,0.000286427451712999
38275,-0.05327634916463708,-11.164324401418874,2.986124410126582,1.6311406633537635,377.56449964304085,0.4160755385842636,0.00028645175508120265
38276,-2.962592090278968,-6.777907476064177,0.6120661709778332,1.9027314073112385,388.68749276201066,0.41355190614783854,0.00028646257563660183
38277,-0.6323898817248388,-10.728366416948806,3.1135329877012725,2.9185125202814333,374.6492675998895,0.047912837790221374,0.0002864760902743365
38278,-0.019693461869648488,-8.636308010035169,1.8478666424861898,1.7257660149349419,406.9972064704557,0.5420294853803744,0.00028648665831109663
38279,-3.3821890974383253,-5.539392371483967,3.0654603595554355,0.62591551469806,129.8612107722443,0.06124717477362296,0.0002865233052362323
38280,-1.0367242726047028,-10.114277931100574,0.7746137906025984,1.235946223483236,308.0331214821218,1.6119638624621153,0.00028653049109392075
38281,-6.297637475827097,-10.112268314129674,5.116385596014611,1.742946140678764,412.4967108487829,0.6116360900890401,0.00028654094072690057
38282,-1.5091589163409829,-12.638913583638994,2.6073820861487733,0.9251604291363738,262.4796606890738,1.72031756666249,0.0002865513411810666
38283,-4.694929711447353,-5.419827384952976,3.7906957344755727,1.3595099208408228,320.62120734585363,0.1971964108958888,0.0002865749499277749
38284,-0.36171136890292566,-8.310048569865643,2.6779471815081473,1.5369450951216441,355.2212010878637,0.5387718639092904,0.00028658448975227676
38285,-1.478438430247003,-10.50868537611821,3.210043723391231,3.345156961737169,524.5008571550289,1.1277345426355065,0.0002866001957557842
38286,-1.0396476604275477,-9.432389167169049,3.4142175105651944,1.7538981786881116,469.4436372192791,0.20542019940125567,0.00028662256399226456
38287,-8.875435626670285,-8.164262241177866,3.876183562914654,1.8557719827946442,462.7610788744197,0.33491714059141753,0.0002866245983813162
38288,-1.0434155810176726,-8.50043275128016,2.9475712328073196,1.0841557833271775,229.3900911326485,0.9365499669556181,0.0002866794532557526
38289,-0.8119629493497822,-11.043877787535132,0.6810556133390209,0.7564841743272307,227.8696570516734,1.570322003017595,0.0002867102129758377
38290,-1.540223945598548,-8.65873277753862,3.200683599494,0.7007039679952975,164.49600450075857,1.2211876841736347,0.00028671130548883967
38291,-1.2802440544014253,-10.829998532876603,3.0390105949101947,1.656061734340258,390.35964585363746,0.6553165604872548,0.00028675142311750324
38292,-1.532662733394556,-11.760601885538057,2.7915203898615215,2.8821140198530695,487.3066023329094,1.1582478504571982,0.000286753101670068
38293,-1.5086520431626642,-8.863620908010041,1.2963139088826243,1.4906875874237695,338.7509418242138,1.5478494492967094,0.00028675789844545145
38294,-4.653026889831461,-5.20445186916072,2.3775816713124636,1.3301838147194065,289.4767099013812,0.930245580935277,0.0002867695541604982
38295,-2.6384211088456,-6.6993035527647535,2.3376759786749246,1.2011794226400605,469.738868119829,0.004484125320432852,0.00028677650025840185
38296,-1.0048860117929355,-11.629497092649618,2.820263439018766,1.372487720031903,329.3136178923489,0.2472972457748206,0.00028680614649560386
38297,-0.22389680418729085,-8.69315489821398,1.6953232146434116,1.0548938894157152,284.4627890890261,0.6577293574920224,0.00028681518892302983
38298,-1.0642403885325535,-9.614753471934705,0.9522483547117159,0.9788207339374716,470.17045259404233,0.017247203685093027,0.00028684319387154203
38299,-1.4410345311454726,-8.598495073511884,3.114177085190173,0.7682969599640294,151.99626356178896,0.15025509575789542,0.0002868464430941843
38300,-1.9698236307503745,-12.105057757998953,2.6633863157184585,1.7319605117397352,408.27962328318415,0.14353354043596322,0.0002868501008711809
38301,-2.111408879122566,-8.327255682255187,0.9998637949002912,1.7606100744448903,438.7452431756068,0.2168626380092622,0.0002868681495235823
38302,-5.56164849292904,-10.208178980956957,5.099084816856704,0.9479873360526364,267.00230262198863,1.8001519364018437,0.00028688797191179453
38303,-3.956107379600268,-11.34157049757772,4.590131879686423,1.1142072519875061,467.6574432735036,0.5131264515257774,0.00028691810441589964
38304,-5.45316910316471,-5.594114850531159,5.072688483260097,0.8752028402473828,223.29010237981456,0.5810036290949707,0.0002869353757233236
38305,-1.0095543527255817,-11.75041271035566,2.7344490880762464,6.273358966752007,681.6860042195857,0.4726364377848329,0.00028697441824093766
38306,-0.4778223613497836,-10.228744238530986,3.2506045370207546,1.5413607339391509,467.93316380203953,0.19539541110880787,0.00028697802768067477
38307,-2.0938452070448523,-10.543953322347194,3.160498766720367,0.9755195900378161,196.28718984121934,0.3757961767470217,0.0002869795758911748
38308,-0.7693403582082894,-12.149433733538192,2.7514162356770426,1.6910182211302576,468.4737100968096,0.6342494752913703,0.00028698689496420445
38309,-1.1121283217201228,-10.64928987384328,0.7276766967447257,5.651116500444524,602.4582119219364,0.19057839099256046,0.00028700349154419237
38310,-7.930534665725997,-9.723631103672691,3.698019572030342,1.8402786767377801,467.9299206345704,0.47644200705100737,0.000287011183960587
38311,-4.312911601411793,-5.284611223433449,2.5879688289239464,2.5725995116047544,461.45947139412164,1.414553660030058,0.000287023719289248
38312,-0.34396898923401054,-10.877962986276657,3.0282211624499693,1.8162324083441166,467.2477421208012,0.7024172863809985,0.0002870538015269625
38313,-1.289337457611234,-12.416160871684646,2.7497058583013176,1.2420299154424472,309.7239577986124,1.1033855821030736,0.0002870583973108203
38314,-3.630759590834276,-6.191267621573973,1.0238459113788967,1.063560308798422,217.36019255270662,0.32503652767202595,0.00028709033115267304
38315,-1.802338981302535,-11.594712502206304,2.82564985467383,1.2234781772222572,310.9081343556259,0.48580577111268664,0.0002870934015270844
38316,-0.4474681628548023,-10.691831878303049,0.6767790209990893,0.7963041394971799,469.8776242561905,0.16361837897171494,0.0002870993333367922
38317,-0.4769652333786869,-8.520469860934195,2.96768058277522,1.6885801930241129,467.86030998991424,0.4063838111423115,0.000287106847254503
38318,-1.9649058223385882,-8.326605512910783,2.2307012194387146,0.9843315167780178,469.2898691424148,0.03367479158929232,0.00028711580788170674
38319,-5.861803612217625,-5.051287990653547,0.06077299422518255,1.891977793709496,468.6668345119776,0.1752436117892655,0.0002871666814855709
38320,-8.099906926444257,-9.402887027679819,3.6651352801071573,0.6628026239114291,166.1795730148594,1.063444645426511,0.00028718110894656625
38321,-2.842993610779697,-6.380992230865535,1.839323210418594,3.274819376661513,519.3388672747033,1.1669840256121153,0.00028723151120910065
38322,-2.1189404526064646,-10.994937630823532,3.022329363695681,1.6687700114066633,390.93940424123736,0.798013097456165,0.00028725970825623827
38323,-2.8821682952762187,-12.202289197638434,5.035963625936432,3.3789347847407143,522.716585035192,0.8143024266038497,0.0002872688531171511
38324,-0.636780726655207,-8.532161173863482,3.0243765705511905,1.6217817124635583,378.9993211228206,0.3467888229524645,0.0002872923058621171
38325,-1.8212923612191094,-8.268063336304357,2.540662529725041,1.8931719496181383,468.02770797688095,0.3322464324134069,0.00028729620239840444
38326,-1.416042867255495,-10.559328860755784,0.6770257370252541,1.6777267236750566,467.4239560224094,0.4852616730998047,0.00028732100745139085
38327,-3.7100312354680707,-11.543410369063693,4.544453686812926,2.7666128806719072,480.5992200572652,1.813595697764904,0.0002873250028509586
38328,-0.29341778180409683,-10.81737369582694,0.6493409188069987,0.8592687800775375,195.06734647160474,1.066311894366259,0.00028732881430970506
38329,-1.8120126918979125,-10.696969438687697,3.0600212789807246,1.2414997803620276,305.0824619682907,1.709931972574422,0.0002873468660500807
38330,-0.801280552604517,-10.727756410646922,0.6890761096625158,1.7943792494209554,467.1243339201341,0.09477461405599019,0.00028735445611166425
38331,-1.5963693919752906,-8.322302371706474,2.3501422832756007,1.3444227615168478,161.97345331614844,0.21787878047651876,0.0002873928359540873
38332,-8.1386938484845,-10.089810091001295,2.6086199245044512,1.0183390075874639,267.7118453202122,1.131399891610081,0.0002874316818081373
38333,-9.421605515814301,-5.998497184196094,1.2351829901718865,1.1104712428044103,153.96353285375363,0.27157210020644573,0.00028744386650015865
38334,-4.73137316643902,-5.095147442770962,2.724084723537593,0.9872489628027357,467.2237672932042,0.2927118541573632,0.00028747182135593034
38335,-0.3036341194097716,-11.818378841541369,2.770210894921316,0.9197708639122416,209.36401675869428,0.2457255254302,0.0002875070223315486
38336,-0.7993611754368999,-9.37991889784078,1.0043721537888985,1.791048595840932,426.42749052311245,0.5905663150769715,0.000287513364067742
38337,-0.7998951994375183,-9.330658073326994,3.4185399877680287,0.9386118640015314,191.38178785550707,0.7003428054972725,0.00028753633734691887
38338,-0.7931844742205776,-11.56224614801461,2.8695938609847014,0.5454189530825729,112.23913757188326,0.21764176638246724,0.00028757829910428
38339,-0.9811203391882906,-9.105796346891633,3.359192557453072,1.6275234545575537,383.22681090293935,0.5635528165877632,0.0002876259696066045
38340,-4.801361142616045,-11.815920776635284,4.518226576467742,0.870307815158807,164.4604291093009,0.39425574464520974,0.00028762599133098406
38341,-6.2657741431674605,-12.412394088106986,4.4377774687443425,0.8472258307035031,213.15829245254733,0.3852541094597539,0.000287626828590411
38342,-1.5883585130566242,-9.213747485323458,1.0982508024162636,1.1597070836854284,242.26906260219664,0.6682721115863055,0.00028764147249030875
38343,-0.41745816062024943,-8.405687931108586,2.730634519162293,1.1906501189524712,305.78449267196766,0.5991788100425568,0.000287678240206058
38344,-1.1349410036327097,-8.411081267279732,2.8207542228317304,5.829053227274015,272.82463730287515,0.300153138669236,0.0002876804840862568
38345,-1.2796115538220025,-8.555033839840364,2.0456721440592602,0.9150583021226227,214.76740578963026,0.30412409510940375,0.0002877144148780811
38346,-3.456329822898926,-5.948449295779843,4.302748124344207,7.27363428546825,454.30269924571905,0.0799213800729266,0.00028772350415370314
38347,-4.834645701113011,-5.828269608160121,4.728584600218754,1.7189659065236607,362.53843322381283,0.4837345984609538,0.00028776224860783717
38348,-1.3749285781176255,-10.807726426272907,0.6742026772401883,0.8406383454869892,196.183188334022,0.3302595837172433,0.00028782636587277097
38349,-1.4474699680640661,-8.477420219366955,2.090773525559078,2.2188354577048184,425.76076904749857,0.364208437927072,0.00028790208457529846
38350,-8.46667663528166,-8.054931397701182,4.947135335617206,2.288979665308105,435.5786258720625,1.8238664901506967,0.0002879058612762219
38351,-5.431329491411879,-5.670765667027297,0.4913191864182261,0.962828272466821,470.3406904819908,0.02045910021390629,0.000287912336912408
38352,-1.0273154015699166,-8.828598017949492,3.260445036151604,1.0094007684749795,225.63393953466493,0.17569652110341583,0.00028791689992473606
38353,-1.0112638225832722,-8.309107756492327,2.443851594457058,1.0613582547438822,276.5723286322199,0.5827155912934154,0.00028795051865158634
38354,-9.673550977942464,-5.34287191591761,1.6548885107183795,2.022153183848816,393.72898710610184,0.6321171169296145,0.0002879591443371888
38355,-0.9727818865675033,-11.20302475384098,0.7106505339981098,1.20777220967741,273.34355231347826,0.09800488066859714,0.00028796733228804027
38356,-8.808562822446262,-7.303801380167916,0.42348754953926837,1.5353302388270733,352.7856380542996,0.40650467278206204,0.00028799000935380247
38357,-0.20278650168020462,-12.55636226448451,0.6267160513174908,1.7208416689429284,468.63507572056574,0.8373949144666044,0.0002879968075271932
38358,-5.109447115156779,-5.1673542057263715,1.4913849919985203,1.3217075064516557,469.4787415622708,0.17472748505718183,0.00028801628576014617
38359,-2.472938067499852,-8.209545964200405,4.415284522779907,0.9677062900479528,268.36907459596034,1.5306064514716793,0.00028802974549753125
38360,-2.048860920382473,-10.733588151103211,3.098506434091931,0.8603050307571244,214.24846645398807,0.6000443567640357,0.0002880380350828151
38361,-1.9105020140541917,-11.134063626592038,2.979844028104372,1.8265117315812311,468.09931477840684,0.9413077728041088,0.00028804331288918633
38362,-1.2151448519821724,-10.023771845573961,3.265736303378327,1.5647152831856201,360.71644199753433,0.6683944606850245,0.00028805346949429986
38363,-0.4165527825585613,-9.947620906842008,3.2663377571551875,1.0663900163729687,271.10073960311644,0.16246823375883146,0.00028807028621971755
38364,-1.7589014559324667,-8.623010274787914,3.0610088974034104,1.101370963483075,265.6114711292369,1.5430264221391115,0.0002880725689523924
38365,-9.784284866948397,-5.768071227026962,4.305484036434923,1.73154859716672,467.46204917968066,0.45717076320022265,0.000288086097038106
38366,-9.976280686172638,-6.782477242295916,2.206848078771498,1.2431583134558524,308.76299297427954,1.482764565722401,0.00028811167181846665
38367,-1.7651416369843567,-8.870010498858692,3.28748602857219,0.8014373702548628,163.92284709949678,0.30074899167593117,0.0002881179087974907
38368,-3.0179594265445537,-11.359969721989014,4.859791146101247,0.6170975980588865,182.71498429133294,1.0220303476158303,0.00028814383029862134
38369,-2.1231850745814365,-9.749583843466418,3.340584099768685,3.4942473315941447,245.79541068685603,0.24695684854046718,0.0002881463380986316
38370,-9.358523530444176,-7.198017003791795,1.3343031051794674,0.806418991842176,467.39236437183087,0.053833011772564276,0.0002881959597022757
38371,-0.525033213029733,-10.143465276170808,0.75626816297907,1.2648718744566063,300.6132122939617,0.37159079453628063,0.00028821266275883575
38372,-5.478948940830243,-5.369649021557772,4.873767881434507,2.3201690273950444,355.31409212469873,0.08711309208354567,0.00028822348583074255
38373,-0.7064860126376047,-11.677802231323733,2.794852709379493,1.1519884906709346,299.6624836401862,0.7628433095593543,0.0002882577024806644
38374,-3.8602846572012766,-6.911486797255109,0.3389968086298382,1.7316926644522697,409.80601434398045,0.3432956832074092,0.00028827092679243314
38375,-0.7682647410614241,-10.13899333646684,0.7617431468664827,1.1266831626425844,229.37097591915247,0.9834578366633453,0.00028827934865716137
38376,-2.860347793589603,-6.116384144053814,1.2852111669032487,1.0079740043546925,467.92214152893746,0.44934863237364997,0.00028829334383683933
38377,-1.0615740674402137,-11.434682543126256,2.884326088349954,1.140424239357555,192.78658935995605,0.1433566612922723,0.00028833064920986615
38378,-3.4537396539009872,-5.58131640808807,2.723130806828418,1.0114249676504432,234.4724364521786,0.5458736597016731,0.0002883344427694721
38379,-4.623121635291154,-5.7557380436184955,4.4108180210142836,0.6195949937993239,140.09047935256913,0.3107173752610555,0.00028833776094685365
38380,-2.179137134646103,-9.162860082407077,0.44368424124008216,1.103099584898774,285.49179427662745,1.6119021466268437,0.000288347806902756
38381,-3.968516604677048,-5.754073542309187,1.7147611440219277,1.048860114885726,283.9394929456598,0.787278821441646,0.0002883486859502777
38382,-1.326640517498788,-8.603272802885778,1.9730729570752046,1.5872486734408813,365.76325854860636,0.0647604815603513,0.00028836558837610745
38383,-1.4686850984673754,-9.071024024263103,3.3472915304136452,1.0964225405949006,241.3017865188216,0.35223328692580935,0.0002883722607116856
38384,-1.9581721930785516,-8.733809307473788,3.1774826280929633,1.0388906460973997,275.658098985558,1.530064734776123,0.0002883944109247313
38385,-1.113620285005041,-10.028699732803219,0.8035273959487939,1.0136609177958844,467.85000243261464,0.6898044238956471,0.0002883952245254829
38386,-0.4977718661667847,-12.751247205898292,2.5897884046114523,3.788697182614165,533.6194563302918,0.21458683105719434,0.00028845590266737836
38387,-0.11051902909930433,-8.619253987896329,3.116217514961818,1.1919847210475196,467.1955764808168,0.27724122221501357,0.0002885312628050057
38388,-0.3210258711644247,-11.846082775373036,2.7215430978615083,0.9682379923790219,255.03848699985042,0.8367429040603875,0.00028854987315089905
38389,-2.780536946590935,-6.501748033804142,1.6690361451755675,1.8536444330920954,468.1870722591511,0.886452721836072,0.00028856660262529957
38390,-9.783932257924777,-5.467683023064958,4.281603572284144,1.2272614136269544,307.21188629635975,1.8344126383321884,0.00028856768554172624
38391,-0.33497822022938095,-10.15369040976121,0.7564537989141814,1.1309009845112936,468.6665004232161,0.2628169307096977,0.000288606779484368
38392,-3.649791756944232,-5.911935824094434,1.6786374538078763,1.3181944031537638,294.2530141364283,0.4140947200133551,0.00028862121630135576
38393,-1.444875471071743,-12.275148823413055,0.6460901651145099,0.5543223607426401,161.59981171397675,1.1522147343460238,0.0002886252933798968
38394,-0.7522671184406065,-8.404104471251618,2.7930495942726594,0.8786057056424991,191.76560699772722,0.8098109470200061,0.0002886498543625747
38395,-3.2437660647956843,-5.790046044241849,3.7214344493376497,1.854707189861097,368.08066536400827,0.22504386669744836,0.00028865195522939446
38396,-4.718266684211322,-5.080330976571131,2.9738915458504973,1.1673558762242222,297.3460017126265,0.6163428453799087,0.0002886681883352846
38397,-2.0958784434509345,-10.52161720439933,0.5249068717184121,1.7071148751797922,467.6494765813317,0.1263961766514461,0.0002886935217276359
38398,-6.434622182628788,-10.391747684395963,4.914685772141595,1.0215728512139148,224.94360777319875,0.02196418899220376,0.0002886950809294918
38399,-0.9044820754743768,-8.809412987628281,3.1917065045423207,1.7110247172325121,467.83775862232557,0.5092211192091964,0.0002887354586673359
38400,-0.6475844324077187,-12.7130206470693,2.59043615348574,1.027626465337196,291.9117167367569,0.34764848675238547,0.00028873764560410773
38401,-9.29477429584149,-5.07658610996297,5.061290326348009,0.9858644947513642,209.63653989682527,0.0938824629536894,0.00028875797999805726
38402,-0.7492568318641304,-9.350138717499625,3.38966995274852,1.2422860042343864,425.1361833529938,0.3490087022583799,0.00028876571002157253
38403,-4.309406774692816,-6.0323465038516755,4.724837057904803,1.0645756572151293,285.23509020357204,0.8124583903297422,0.00028877850575351974
38404,-1.030239605643363,-9.998387590287644,3.270541548593291,0.8929266579623619,240.3212410090121,1.1148147665710981,0.0002888033004575299
38405,-9.733003474144116,-6.742392349288513,1.7649045951926192,1.97751560257084,377.56977885817145,0.4698027854140374,0.00028880688110381796
38406,-2.1180971853649044,-10.902240915601553,2.925096945142604,1.8815221979710999,467.53672102331944,0.06703998746991591,0.00028881345667983865
38407,-1.4609007059998174,-8.883461132030847,1.4751816263732016,3.2163420266712848,498.39785124400015,0.43671248483539316,0.0002888168664137882
38408,-3.5576943062921664,-5.596686896378887,2.732563938686893,1.041372389681567,467.2308866906787,0.13660406149667814,0.00028881724508592516
38409,-1.6072390543149933,-11.65054247382354,0.6896778587100103,1.207992355391259,291.0461916421644,0.3589903618892496,0.000288833598468103
38410,-2.1936438767620716,-10.515952249514902,3.1314848595997216,1.625943735232694,379.539123391671,0.56337930187276,0.00028887575702725736
38411,-1.4908148985428493,-11.111214410938713,2.978569624701344,1.8768967821803877,355.2038762362001,0.4054138164187835,0.00028887694638110025
38412,-1.70354126914925,-12.493839961476267,0.6210677762588643,1.3829645497932448,325.1784788910565,1.6190597122412518,0.0002888873438136306
38413,-1.711765555770441,-8.41460733035239,2.808150635532099,1.2335358463829242,271.1666945282602,0.08415057475663357,0.0002889225336107539
38414,-2.975954627562828,-7.404384401185785,0.21504519082591877,0.8507858446694012,247.06641745948116,1.69738696224952,0.0002889261186301706
38415,-1.997870128537695,-11.683830229689484,2.78710650984949,0.8199866318174921,202.00893560173787,0.2123781181855824,0.0002889265450820525
38416,-0.5045115700993499,-9.98496186442416,3.28605170781458,8.391309325522169,614.5629180854617,0.08305958520603252,0.0002889374607935391
38417,-1.922853618576335,-10.733634458795136,3.0902605869735678,1.8392275065847357,467.9825086959053,0.36000653311310327,0.00028895785933480715
38418,-4.600973303684244,-10.713541266806605,4.8086333639911,0.9918217955461957,206.5369019510584,0.017107833702317166,0.0002889668285483281
38419,-1.540193722750443,-8.912402195861686,3.297708628589596,1.2382995463816149,302.6354497382387,0.18855266917537872,0.00028897066987269756
38420,-3.9920545726040384,-5.564168626185953,3.2126206293485646,1.8426482612524524,441.3046442188355,0.2529893144464195,0.00028899026665036475
38421,-5.038503980717407,-5.2045611679426,1.2731277808056318,0.9788043741371745,268.80107707143395,0.8836150456872796,0.00028899419252346727
38422,-8.227834612228236,-8.88233540398287,4.114812172439329,0.9232485765209024,221.97564341793975,0.6057760590484866,0.0002890137717699006
38423,-1.3236973963137828,-11.675366588775594,0.6495273281819223,0.7281525351262115,395.7274710170855,0.29300915596818466,0.00028905378544315816
38424,-3.810939103282359,-6.345487344748352,0.8957819451773158,0.7085505437987888,425.56837016113536,0.3708789784131694,0.0002891002870761286
38425,-1.414916119083685,-9.159039335587291,1.1182160121443474,1.039892732991937,466.30438054428635,0.6951825958088635,0.00028911826349570105
38426,-0.5743974763828028,-11.187638503697402,2.9548836189228087,1.7997307295014637,467.93970934843645,0.27517855433296834,0.0002891208277765022
38427,-1.0017049587912137,-10.97251318486369,2.9127714662103013,0.9497899093333444,468.3280751527165,0.5090341564508032,0.0002891491099348101
38428,-4.930812690249278,-6.012627020622457,0.7995087565602309,1.192097841590527,279.3576200181263,0.2494799827557026,0.000289155374281691
38429,-3.4094181262552716,-12.766606673712616,4.393432728437713,1.1506154361664915,259.4243713688268,0.07880013290948451,0.0002891793295201688
38430,-1.8759543287481542,-11.489475757187238,2.8720438471271232,1.5876895931152104,368.8236815968882,0.16918795049474422,0.0002891795839655071
38431,-0.35019838950378457,-11.25058693857863,2.937154489534533,2.5982743538456607,467.12040448487596,2.371631054683964,0.00028921127900197175
38432,-0.7446694836729755,-11.131982090275802,2.9698470162039454,0.8115968784623487,164.11426818420838,0.5208950764226277,0.000289211778068186
38433,-3.7301502571880354,-5.862856891584319,4.097036201164186,0.93830248782976,132.04221945465747,0.3644281446561921,0.0002892559658870262
38434,-2.575488518443948,-6.841909603205086,2.245462098317485,0.9709507571244161,468.3656833272342,0.5233600927569357,0.0002892682696601262
38435,-2.0549097652654966,-11.823053588888966,2.7591909707921114,1.0774915384102985,468.3956146372603,0.5347024583522542,0.00028928150478615256
38436,-0.6053051510003158,-9.404436564835645,1.0535371802292772,1.522541796971732,360.6478145120504,0.29923820915476096,0.0002893213177090848
38437,-2.097967051523862,-12.707951294435155,2.581617290522299,0.7550754961107121,467.4746243534079,0.26484714261496745,0.0002893363641573389
38438,-4.184652461794885,-10.169748560142233,5.076874981719443,0.8452002122702603,203.27487925482978,0.6091702813101278,0.00028935204060954366
38439,-0.47671974599650113,-9.139428928624794,1.0948884856964824,0.8945508802959199,469.5074528862145,0.09585867567379402,0.0002893546087326477
38440,-8.582872323986251,-8.624914959708908,3.672610668082782,0.6991052784828278,134.52169766791363,0.286253478537259,0.0002893643050474989
38441,-9.237457420955774,-7.7120061494732814,3.938635328781944,0.762928431816964,204.61744104050447,0.5504226733914708,0.0002893982295230341
38442,-3.1727766081893467,-5.659268729779739,2.945337769544377,1.0241055292116832,276.3894875582362,1.5495009443740564,0.0002894046862352128
38443,-1.0293197030535843,-9.323539957775655,3.3679237932341133,1.0968600895472111,287.5486006472408,1.4287797318556192,0.0002894210276273824
38444,-0.49200698436448853,-11.701152217984012,2.7772754298949143,1.798217931326359,468.6006405931681,0.49781830413859396,0.0002894450545522516
38445,-4.627645273481956,-12.883638198052004,4.408761997335091,12.661973064288858,805.310442092916,0.25991674537689047,0.00028946561145253236
38446,-1.3237336100628418,-8.799148434743877,1.6068834717592635,0.7659403581448887,203.29792315817514,0.4261099293823021,0.0002894696950899315
38447,-0.12644810923460703,-9.999962086476865,0.8385839686649723,0.9144469994524685,245.0212327821643,1.3318999076350035,0.0002894841393418908
38448,-0.06703389209505417,-9.007650610073366,1.3620358223574554,1.4979535160690842,468.7751280410847,0.8507665737948829,0.00028949827335907665
38449,-2.5062919041008414,-11.059380439044098,0.017872107167822792,0.8883750830585154,227.3322414075784,0.1433885058464286,0.0002895300459390829
38450,-4.1288213243784995,-5.544028681943126,3.51093493428051,1.2267951509917097,468.71641090779997,0.492982901686716,0.00028954300119877205
38451,-0.23956545607887847,-8.849644459628006,3.248906804369296,2.3246344657811635,431.5598952498846,0.9851475877845122,0.00028962884256076925
38452,-2.6487252852453125,-6.609197655347381,2.428954214285565,1.2124767420385674,261.698739123949,0.47256690245996946,0.00028965302493673943
38453,-0.6322306131502362,-11.21883456965828,2.9411877993317828,2.2664583138103542,428.4697773970726,0.3594614470541888,0.0002896946767259195
38454,-1.9598422049873765,-10.730966432271387,3.0445100502205387,1.4534230106893993,332.79716072095727,0.9468679741187973,0.00028970415612180136
38455,-7.374914256628908,-10.399155984637972,4.193475175830021,1.0875874529134977,467.1217937291009,0.9278823834311511,0.0002897133502434453
38456,-0.8069533305480316,-11.40394339243538,0.6811022133583214,11.588843318446543,574.9982272976581,0.04326843010447057,0.0002897271060686892
38457,-2.9144687505401157,-6.199873015394624,1.461616223412235,1.2273603644110402,294.8320176875342,1.1713960220501392,0.00028975073661655597
38458,-0.3526941962758112,-11.562347992385545,0.6595710639207539,1.0376896178990551,468.08317389185805,0.5522925842037356,0.00028975173706701537
38459,-1.2258957639886603,-11.64643026214598,0.668985213529903,0.7661316469511911,163.70982567284756,0.39371480776471035,0.00028976749754467345
38460,-5.40240018225898,-5.002510500874329,4.371518058003175,1.1317897094060279,257.02768107145783,0.7132245234485621,0.0002897694061158452
38461,-0.4151826391137732,-11.662087877522012,2.7346843506533745,1.6000120417333277,371.8103214924143,0.9837763512195314,0.0002897991114360089
38462,-1.6203036439461709,-9.962657953305772,3.2852822772873465,0.9746697535792517,468.0192342119809,0.026690499911316223,0.0002898060473762632
38463,-9.853810661328255,-5.543905165448616,4.16824445413502,1.8463285921872,442.87373186738216,0.11359220841499429,0.0002898228574003854
38464,-0.911696057381544,-8.673345556928698,1.7561787543800376,1.0231110875620817,243.84896780414135,0.5553240726876103,0.0002898267666221571
38465,-1.673949193331696,-11.889391884787825,0.6391421421807106,0.9943203917544616,468.636253517767,0.4207370088613347,0.0002898588835324413
38466,-0.7119378364981781,-8.905068103183146,1.3147155215107487,1.8412922283233462,441.1339372565635,0.1502647016551606,0.0002898702842550735
38467,-0.43407161570592123,-8.313622944648053,2.534376800995781,2.1202619050183142,418.81465945271685,1.986117924407905,0.0002898821848732568
38468,-9.492156881110501,-5.650279836050527,1.4021476713821917,0.5962324391384255,159.88337406248417,0.583811793850157,0.00028988434517132107
38469,-1.8118595889289928,-12.777332421924536,2.580767910630711,0.9580756831100352,182.53178406342772,0.113076360665878,0.00028991162496631975
38470,-3.8970364778390643,-5.635528506068675,3.296385176748927,1.441092307049693,468.5300723900927,0.11094009663955262,0.00028991674499202687
38471,-0.19644139081667333,-9.411277750992424,1.0548272271812609,0.5688251818033752,123.6717980807413,0.2409881600727557,0.0002899993527136733
38472,-3.204794716943164,-5.789425745940248,1.8340049014689488,1.6514448638335075,466.2643041723163,0.27837189685303176,0.00029001500949398933
38473,-1.7110315255850104,-9.771817634915664,3.3237130449054666,1.7945449808826157,468.5494765775605,0.6516740854749203,0.00029004124326162346
38474,-0.4272670467690993,-10.829138209430658,0.6876466053988889,1.3509937674906354,470.4025692715622,0.1909710600346095,0.00029004233460810626
38475,-9.91462492164237,-6.238929865373897,4.064349645118345,1.1097360953779505,277.51240937791175,1.47534659658497,0.0002900488433149628
38476,-0.006632803105627971,-11.91222893349592,2.709196875182133,1.6917380601094263,394.2627301801775,0.15414510679351512,0.0002900489177950019
38477,-1.8566822635585964,-10.991726992959656,0.6625059284582769,1.0974040933282998,283.3626219501564,1.3399217715387186,0.00029006376837730424
38478,-0.6378350420982173,-9.151619121311766,3.349631720741635,1.1053459719263574,273.584531232718,1.6598288706683286,0.0002900689804970169
38479,-2.5902738993123435,-7.61466977204803,4.507214142134232,1.220468091672135,267.28332077598765,0.4532921645058243,0.00029009442998544977
38480,-0.788989298198846,-8.423390619679429,2.724976571882596,2.8628499151782556,473.9232393700284,0.33571149624454133,0.000290113288175974
38481,-4.778846389565837,-5.990040649790885,0.8356153965441439,0.6540517308797732,192.60050738222793,0.9780118696773927,0.00029015666332308485
38482,-4.7779605956184765,-12.443741228250937,4.443613499444886,1.7106564060466225,402.8122040671982,0.13832662538426188,0.00029016154238113245
38483,-4.575855174156742,-5.1006687422638395,2.7800560696274235,0.9755465739915469,449.62419867513876,0.9315798806648141,0.000290162915429856
38484,-0.21104113473796104,-10.14383039544845,3.2602411118101253,1.5838346292038603,432.8936371960388,0.20120288071300774,0.0002902099338833577
38485,-9.628695730381143,-6.927492386573937,1.676395307357845,1.2247973930509233,468.0340613114735,0.3833599935284111,0.0002902117601771023
38486,-2.0007291639725064,-8.745431995326165,1.706271693922711,0.8435346670359912,245.77082141041527,0.39023793747244717,0.0002902289180736286
38487,-0.46489093216991506,-10.319121389024176,0.7718743953303316,1.8097434286270515,432.8591256333576,0.038952134729392185,0.00029023427810660437
38488,-5.027375989926298,-5.902605073698593,5.042447401180155,1.6721920203410796,356.26604113041486,1.0373945678736813,0.00029025824174572175
38489,-0.5882845964084193,-8.34055636341192,2.682883327841705,1.5403210522425848,353.1093268214809,0.8943910290125894,0.0002902614001820646
38490,-9.625600967679468,-5.962198400239324,4.571888658066184,1.782434137888022,376.9040938291012,1.5414102906197362,0.00029026420946991926
38491,-0.05356691520258039,-10.862817214088661,0.6626368575032117,1.7362113400390182,411.1344582973669,0.37933766648820555,0.0002902656221822603
38492,-6.149855403827425,-12.041870546376133,4.491098570765332,0.8528751381733035,181.66540642044717,0.23310315580873375,0.0002902675118972762
38493,-4.3521571354870705,-5.4288152986813305,2.8115156969629287,1.4166586736742977,323.00154051764105,1.152429568959187,0.000290273900356105
38494,-4.936437250713068,-5.515488833079938,4.2598197807037135,0.9424711114336765,252.44897274431727,1.4820854910113015,0.0002902773571350473
38495,-1.4121692538466153,-10.701395425847908,3.0486325029222483,1.4166917713021683,312.2888751511657,0.9115645078375723,0.00029028982006744385
38496,-3.0198180656422693,-12.249366079307613,4.701634970877161,0.6495290820114543,137.80904906183517,0.8611801496082547,0.00029029474508910713
38497,-0.7262579373381559,-8.301122110898774,2.4277357707313327,1.6745646990802614,393.2804731192125,0.3114450578496415,0.00029029617430374006
38498,-1.2755377322111237,-11.559842736559409,2.8028808229557156,1.8965320821486091,468.7985239121279,0.6439006924039798,0.00029029936177821735
38499,-1.6221003461880912,-8.561592086746307,3.02060366801283,0.8532493088970122,187.2051883900385,0.5473666546683011,0.0002903211270462613
38500,-0.6122044206846251,-11.197680879852955,2.940951390213759,1.0413740829372486,468.0917387925211,0.13959908707403823,0.0002903477995796107
38501,-1.661093550344333,-10.184862963012902,0.826945331139013,1.5473568615618458,358.3178372057718,0.6847013696459454,0.0002903600035768504
38502,-1.4200048070739744,-8.792002226825705,3.2392495906406817,0.557908914026681,148.6588672767581,0.5597574513361687,0.00029040275438591646
38503,-5.344326609880664,-5.324031392479612,0.8105536649881705,1.8717761844381713,469.0772980081548,0.5282899273281334,0.0002904192564106274
38504,-2.881174993185338,-6.482314622322391,4.090068648380385,1.2674631339121576,304.89161880282705,1.0882791621544925,0.00029043593014377235
38505,-4.561505685735408,-6.0766642735448615,4.9750249492764675,4.476678540593114,402.11015216614175,0.0730975885288645,0.00029045089393593617
38506,-0.052658758398024474,-9.93357257944331,3.287286380691841,2.905075462115582,404.3892572735515,0.07281120454401346,0.00029048429383518354
38507,-0.12397517945938397,-11.019701569984395,3.0120335367899673,1.0819502337760676,467.8834365800452,0.14508800428357294,0.0002904862667561894
38508,-1.605152337275177,-8.823451479514635,3.2404848288614145,1.6577219368324647,386.12068054772095,0.045394416370697854,0.000290501841781041
38509,-3.7716972442714845,-5.733168342682788,3.8122456361152874,1.031803586596559,193.53515125551516,0.07175230479324668,0.0002905054809584655
38510,-4.618766134113432,-5.0876624446955265,2.2399427932622604,1.4356002545089346,468.60917084396596,0.6888441511271406,0.00029051597235952746
38511,-0.7082187108815834,-9.24060226450251,1.1029865756283388,1.235407429122434,189.55390019449214,0.2854382613895181,0.00029055344763643544
38512,-0.6116435301241037,-8.496105063444324,2.851353961674384,1.7488082626403259,413.10335288567757,0.521147232024977,0.0002905710438051008
38513,-0.09045417420175106,-10.773213989917373,3.0301883069826268,1.8525348818325376,468.1511057465399,0.4610380148000415,0.00029058882613284935
38514,-2.3178810719865854,-12.918858877217382,3.7853437675570425,5.725043669378045,659.216395687843,0.6812938621915618,0.00029060555987855247
38515,-1.9814988980195096,-10.866872411542845,2.920522117371098,1.1666716976747227,241.77335467613784,0.659913377256137,0.0002906226626633335
38516,-3.164327844625843,-5.657867403323865,2.7799105123104235,1.2373728481804196,236.2951953809949,0.12577019737127682,0.00029064596870740224
38517,-4.060745258672652,-5.461506640937552,2.3364224702351604,0.9324498464600232,377.3601417637951,0.5413586219489028,0.0002906687270232596
38518,-1.5055859887522551,-8.421386801437801,2.7932843315001223,1.8842164783482152,455.2974551921359,0.2000522715782873,0.00029067056537012786
38519,-1.2193651417350857,-9.88821319867689,3.295981321081883,0.953121669037311,189.94583252819456,0.6905180786676022,0.0002906814199857435
38520,-0.509585869838638,-9.086947365243496,3.334306479549411,1.1204205853369715,466.9715086317794,0.6246739782155126,0.00029068313473148814
38521,-0.9815619047251918,-11.082037004893639,0.6404837782480021,1.034537490301089,468.37082913136913,0.5252902951762017,0.0002907343042455878
38522,-1.8070202550588501,-9.942534282191751,3.265554868533586,1.7984479261425022,429.24794823991226,0.7615555771409674,0.0002907498378153381
38523,-7.880133922392846,-10.85000085547662,2.920746320293591,1.2615308485225059,307.6690261915633,1.6747025206770987,0.0002907645678245815
38524,-1.9645380803517583,-10.392318350904063,3.2071874431944134,1.3237079162689487,283.69702692276365,0.08753527917344162,0.00029076537543854176
38525,-1.343517891729885,-10.18353375166384,0.7518963589572301,4.66948050147004,483.76129256996273,0.03894544810681122,0.0002907659389956087
38526,-0.8858297820146035,-11.192992256913243,2.9382393875234807,0.8732456747558104,357.2993047075636,0.39771918456298394,0.00029078760309777623
38527,-3.194033929166844,-12.349822795683806,4.481215109748444,2.850089286974602,483.65665545295695,1.0637561163233515,0.00029079790759240696
38528,-2.3293865430194938,-7.656854581604844,1.724676682158713,1.9047562614668634,345.5977505621522,0.2857606964392536,0.0002908016288347623
38529,-4.117731899360243,-11.347369857403095,4.591010446022966,1.256342584930911,303.52738248638093,0.5859089039956027,0.0002908106119795802
38530,-0.7725644180551257,-9.149690887049108,1.1745534858594313,1.3417363628288987,313.65714561583314,0.34933080620598744,0.00029084825158292465
38531,-7.923938169705333,-12.128531470078062,0.7582263610342284,1.3764976302551042,324.5300810317055,0.3076975649653777,0.00029086732468501807
38532,-0.5862810017632896,-9.697457078695267,3.3305973906232276,1.865348684909,467.8031023593923,0.264285259287278,0.0002908738139117197
38533,-2.3149530053002447,-8.65411139376381,3.4719297807982326,0.8463960258584157,207.4747150422969,0.7510254540372046,0.0002908802356072979
38534,-7.95609981888868,-9.937354647876504,3.413379378251332,1.0794974857496753,284.43241319583467,1.4433671803419337,0.0002909251863227233
38535,-2.0551550991781955,-9.565524539899448,3.3474528890225703,1.8070531131327017,431.9010885794942,0.557695110551335,0.00029093954838079334
38536,-1.0634987907776825,-9.603639196339763,3.3429106230427603,0.8413333668324905,468.79147700767743,0.08058689435306832,0.00029096142691062405
38537,-0.38903409335692807,-10.75137993402025,3.0337837078801186,0.7924540133613287,157.9439529544787,0.02851505078597416,0.0002909826423480049
38538,-1.4053403355446985,-10.80493947709793,3.081836249532259,1.0306576900466244,269.27684640735816,0.24169873271220776,0.00029100026251240474
38539,-1.9775599342491716,-12.852585569201464,2.575298164102847,0.8123956894982406,421.580626178726,0.25770935519564997,0.00029102661727055173
38540,-1.734881676755771,-12.406372960268222,0.6476079239607443,5.1850831223930465,573.0288034741101,0.18069789175708362,0.00029102725023552763
38541,-1.2190752459733982,-10.233993490214536,3.1850233394740486,0.8315143139635205,437.8108441198171,0.44751998063985,0.00029103097237043993
38542,-6.42218544347468,-12.731773419524032,4.375461212779939,1.6121813604290904,469.70435646840417,0.2407100257705359,0.0002910481749512198
38543,-8.738220628208818,-8.657455923199258,3.0715076027170474,2.715438539634718,476.40132316826237,1.9011827101684728,0.0002910523325433022
38544,-0.48993124988868963,-12.534185045291837,2.587108465633859,0.8284878158187805,220.6230060926843,1.1825925612460226,0.0002910545052454826
38545,-4.820561572833402,-5.003326338965385,2.646640866773269,1.1132357707854643,467.964554480476,0.6570197183240101,0.0002910569275533014
38546,-0.36584985098785516,-8.41715992215396,2.779114018973388,1.180401851580685,467.6284143447859,0.3156377121077023,0.00029105697915948823
38547,-3.7089760727940266,-12.251434953776933,4.437449215527347,0.6853972952817146,178.17308662990007,1.1532801920766138,0.00029106086177452516
38548,-1.7309939802306822,-9.000826202310922,1.1401858366876758,1.5723516011547036,364.4283066667502,0.25991535082224626,0.0002910804277464553
38549,-1.8227548180971276,-8.552160101380785,2.9607304498831537,1.7318140885352684,408.6157174565054,0.5420559451432654,0.00029109606211020274
38550,-1.6318216838939428,-9.146172353916313,3.341706498087013,1.303154700481485,302.41324681295356,0.4746969271116388,0.0002911035101302924
38551,-1.0334794334266348,-8.80618991229688,3.1842407471683036,0.773931461467574,161.48829607443085,0.034774015785481005,0.0002911176809674654
38552,-0.8992141777569067,-8.623893788804804,3.095050249758696,3.2535821781319676,335.3482468780873,0.093345135164701,0.00029116343889749706
38553,-0.3708231460827207,-12.956271158856548,0.6910256068953163,2.2279683783471995,426.8677405384011,1.3732136530541306,0.00029116425056514264
38554,-7.842190430728966,-10.277536136313627,3.4090438598354953,1.4189225797780431,468.02795738937084,0.17003480780314817,0.0002911892841791455
38555,-2.1352355000777035,-11.971572571198445,2.6392197131113666,1.1037699031301735,284.3597169007906,1.2929618281321469,0.00029119448333830513
38556,-7.969932033251862,-10.618802838029382,0.4510953458525113,0.8504317344243333,173.0765944476882,0.14200967535559084,0.00029119701673824505
38557,-1.5487161734534514,-9.393500164141873,3.3562522462513273,0.518304126830985,106.77946134985197,0.12617069454914276,0.0002911988733366621
38558,-0.5263545600269524,-10.997351200460765,3.012103259466805,0.9170746253891557,468.27276598479136,0.25163507528961215,0.00029122322442347526
38559,-2.0795926568488845,-10.4344706139071,3.1481707422838134,0.5365322035569863,148.30882078412534,0.8107742760314354,0.0002912594103051797
38560,-2.07675703442065,-11.470257615462495,2.7984784888838763,0.9162407189608889,183.85908426415355,0.886360926929048,0.00029127044499245304
38561,-1.0132636845628955,-9.140980357775696,3.339600754653487,0.7814359092316581,218.4505449675611,0.3821277563229808,0.0002912923479230101
38562,-0.9651119312621752,-8.68488173630997,1.7802967067721767,2.2780350154719686,365.20015914975215,0.11038309933165902,0.00029131831061117506
38563,-2.9494024298198607,-6.355615276568999,1.0198811264011594,1.1276491238339323,468.8999123405615,0.8569272770080305,0.00029133265567215865
38564,-1.645530396451294,-8.52585194500747,2.1426054949831848,1.485857987551439,337.1715422332951,0.7311276603338515,0.000291338205208643
38565,-3.2490287347971725,-10.644374955469452,4.844159512097858,0.6750975748302593,208.90192554033482,0.9826079118604367,0.0002913542026636615
38566,-9.388752846909755,-6.1944468574916645,4.951201698027873,1.0488161697432787,468.081089157003,0.7200917929717026,0.0002913871697715909
38567,-1.1478722124528105,-8.627922733797288,1.9303388847399414,1.163056476437361,242.64324230024974,0.8031538948732839,0.0002913945727880713
38568,-1.9579190599842864,-9.14503635446399,3.339324438835406,1.0265245241393315,268.3160886441962,0.6054898847233838,0.00029142656771787625
38569,-0.9487008795720726,-9.638315563198674,0.902640791449321,7.320875819746425,691.7834422586614,0.23726317546226827,0.0002914430997446006
38570,-2.2262473677866277,-8.931653097364434,3.2553047514111753,1.7204568599497,468.08699805483496,0.21167277850869404,0.0002914940854888875
38571,-0.10796293693084635,-9.917021984757568,3.284040828528941,1.0347159299237314,446.3872495807849,0.7631175576337581,0.00029149669303885696
38572,-0.6235054268508797,-9.736211508591985,0.8671031967388094,0.7246945629028668,467.9848363315789,0.46617451854520997,0.0002915144666166106
38573,-4.473635344626478,-6.482446932444838,0.5746930310414408,0.5920392763780516,128.27093134358753,0.23008823457652916,0.0002915204042491036
38574,-0.5414402977057602,-9.165071513825907,1.1826555393915734,3.496372430730586,326.65586976588145,0.12417700524608044,0.0002915256355329814
38575,-0.3587071323014275,-10.733253900152675,3.0347803329771508,0.83006981885358,240.32326564859005,1.4058502124038759,0.00029154334136938237
38576,-3.1031360032088697,-6.2426766316706095,4.54877960884353,1.195519157009001,467.74747604850097,0.2800384288733859,0.00029156001904143613
38577,-1.6137564243326121,-12.002850379175827,0.6548135224809163,1.5513803029631088,467.9648083622626,0.6791016117715136,0.0002915628497772887
38578,-0.9533390851774275,-12.229880069377854,2.6082883859137773,3.0003283854370872,409.25505875495645,0.06299320274594322,0.00029158543388940647
38579,-1.383907202199179,-8.321824389420792,2.5011787365716662,1.3183708873098337,326.4522417003958,0.3706056501770405,0.0002916009678930016
38580,-1.6226565391753702,-9.029027164409992,1.3900162980812243,1.743771455013557,411.3524493749708,0.5642082558178343,0.0002916198498789864
38581,-0.8990819856943819,-10.316802164685154,3.280677715871919,1.1556090767574165,197.56128129199695,0.11908410264265257,0.00029162691189086454
38582,-0.5965547997206837,-8.386580836438505,2.490277568043082,0.6114903712517806,159.91286554635886,0.6489373298300221,0.00029164351505744717
38583,-1.698426920479223,-8.555591696456531,2.9583407457335995,0.784008124201805,212.5857206869309,1.1602795435700104,0.00029166690868510947
38584,-0.6684319080511312,-8.537848746172575,1.9798620210902242,1.5418106531732958,291.57921356524764,0.07268539144886343,0.0002916687852858886
38585,-1.5009920757382496,-8.75466211205191,1.6978855146537664,3.7244297904539043,544.2480630514623,0.6232393251278543,0.0002916733003376532
38586,-0.7935906115027969,-9.537567333776542,3.345126864010174,0.9483623561397125,245.68364688297206,1.3080762332203815,0.00029168525059131373
38587,-3.541280075715706,-5.512188532540993,2.59402217833526,1.9750033519288275,391.30650131391496,0.27538239847647983,0.00029169594388199363
38588,-0.3187298092156112,-11.121202529195585,2.9498791250900798,0.6781410194726787,190.57463779122656,0.1266025829722972,0.00029170145114580133
38589,-2.196164096051297,-9.607204707205648,3.340191694075195,0.8506179144565682,221.02775795966667,0.5229697019054482,0.0002917119356964536
38590,-0.66902017518475,-11.646898313396497,2.766073641330858,0.8159706473268504,400.23236020595107,0.09962693181552229,0.00029172133968394855
38591,-1.5985524211795124,-8.795865292869795,3.226916911065073,2.9348180242149726,483.3149940621738,0.6513757634590078,0.00029173114622172916
38592,-1.6176444262198935,-8.414488686575515,2.164262162199363,1.7766161306573272,421.26640984006997,0.4338580095575475,0.000291762221110471
38593,-0.30085604994809856,-8.311315628485659,2.4185752786981474,0.8035229830111412,469.06413506386167,0.18618824936428435,0.00029176370124640004
38594,-1.849842951516857,-8.948610632776926,1.4878798650263363,1.89550129547072,456.35386556534615,0.6238456356855613,0.00029179866382461443
38595,-0.7237436824082693,-11.383798345175041,0.6509514361053887,0.6671131707875781,142.4688159397098,0.14357684411278893,0.00029182005370364844
38596,-1.2703604317422226,-11.550194645658978,2.733740387239626,1.0201081483575234,216.34497478561738,0.5993922889834229,0.0002918260203754256
38597,-1.656711553837571,-12.695082403988525,0.6749118795440479,1.1050429175012455,273.6738085780943,0.3607369139715475,0.000291826465968797
38598,-7.818876504878584,-10.697651398280932,0.33523792246711254,0.9755045066536768,256.8894013348005,0.8607643055851995,0.0002918309603885104
38599,-0.7498347312014761,-12.467824186188235,0.7099685624895103,1.9505833658118552,392.6137063041555,1.0627703521442387,0.00029183208522914466
38600,-8.063774853617534,-10.611261632756209,1.3923682261987775,2.653059924283898,467.41430672357126,1.204117675904051,0.0002918917572413447
38601,-1.8008631427854542,-8.340146359717018,2.4442062381223155,0.9136594955821733,180.6804198287311,0.19878206019356703,0.0002919113103718934
38602,-0.31887112856642297,-11.25596648176678,0.6838054287876943,1.051712445474327,284.99919084438886,1.062045236134833,0.0002919150898031535
38603,-3.4986349809825903,-6.755835399354962,0.45009955391583367,0.9616994460206553,253.04300821690532,0.5397789437144569,0.0002919215741332049
38604,-4.418824621187824,-5.343939153374057,2.5300527516047886,1.146100075484698,468.7260142671997,0.2490509194230901,0.00029193360886333613
38605,-3.4003882425051977,-5.955409789509581,1.6901693174741466,0.9655988042633245,269.1070294975286,0.8163025508177943,0.000291947041491667
38606,-5.003540258968303,-5.035909219471928,1.8933249690361118,1.661606603291878,468.70574106867315,0.8434465483256828,0.00029195955418465856
38607,-1.8406074343218854,-11.611625797682501,0.6603200717251773,0.9385794592106553,249.6907544582801,0.2862762773497858,0.0002919761324055544
38608,-1.3956768333483733,-8.758173558924325,1.733632220788994,1.0814040094475714,280.15014691089397,1.1801587751806162,0.0002920463798599933
38609,-7.992408194446519,-11.267070300490207,1.6863637894388646,1.0641092897812374,277.6131815107673,1.728077825516757,0.00029205201889441804
38610,-6.825030011585582,-10.473497146197513,4.691193003464072,1.5722234461221523,468.0386919950526,0.8965501707702908,0.00029206275020736763
38611,-0.34606741784230977,-10.219021383962717,0.8006118255570722,0.5228815455417652,131.53648693927713,0.0317290474739762,0.00029211857353225024
38612,-1.7680891513752712,-8.583787803028311,3.074087110330454,0.9492906416914321,188.01219592962727,0.9993737719884335,0.0002921478615173381
38613,-3.069362653930588,-6.212724694522459,4.267697642005642,0.8728675270041719,242.03880522782262,0.9027112667588648,0.000292208891011079
38614,-1.444720039171587,-8.711686012701744,1.6581535207648426,9.915949828670513,658.697527469034,0.11280977930678127,0.0002922137781836189
38615,-0.24855302097569165,-12.578821506755364,0.7126617772329861,0.6298017310239696,130.81719196003405,0.11230492995256292,0.00029227895108648863
38616,-4.7320106317225195,-5.420392221919737,1.8994908140453117,1.2411616837772808,275.94469998927485,0.3955605687836341,0.0002922824349746969
38617,-0.19739386437038497,-8.668264557600564,3.0593858517552444,0.9190240533545044,240.46329220052934,1.1750543882354698,0.00029232101504624394
38618,-5.458605131269544,-5.349489535012208,0.5726164716998394,0.9162905148223857,248.48904486408352,1.114659445321358,0.00029232799222913376
38619,-0.3859661051419252,-11.279436145585057,0.6778500788093026,0.9466756926134552,469.46162064405917,0.0995619842670532,0.00029234333718477487
38620,-0.15429339517913654,-8.393014947168485,2.59865898352682,0.8715229127896641,468.45583082317955,0.8479606315086086,0.00029234439069834265
38621,-5.024132155843985,-5.023414164786451,3.4526094799335723,1.3429800606873126,320.95269816710965,0.21301914209784467,0.00029236189069115043
38622,-1.5712748184961196,-11.730062566753846,0.6493048673521945,1.1624850567712948,238.80556671918734,0.013135536124003089,0.00029239845647331805
38623,-0.29462888363238804,-10.198232049915074,3.2326475823498693,0.8523507284734234,211.4916920881143,0.09768861331725542,0.00029241011923876714
38624,-1.242487075470283,-8.450468246805709,2.877262103801797,1.0316262666162772,245.96183626004182,0.8066587750084135,0.0002924345820205465
38625,-3.3040375526395502,-5.57304608422396,2.9010858629677285,1.8699039766209042,469.132667176781,0.13908739930753367,0.000292448606910822
38626,-0.13338182903585327,-8.516838471155115,2.1326945474065453,0.5928160921647868,126.4281885345435,0.33534080628552854,0.0002924660653830532
38627,-0.3885648379093265,-10.040347404416043,3.244917138879102,2.2553167749388674,428.4665710446958,1.300502794537599,0.0002924830650468643
38628,-1.9767976457953136,-9.939214656230112,3.2697920575750397,1.1973795708805903,300.28296659825844,0.8030693790075434,0.00029250061872877845
38629,-1.4712341782186957,-9.016956557845033,1.2735598799370937,3.818429370049798,557.836635244397,1.0861656132480695,0.0002925135303039265
38630,-0.9296922838965429,-10.353108773760063,0.7477560666075018,1.0056114478657436,468.79251705167337,0.006324316865968349,0.0002925639802017492
38631,-1.9922491694408144,-8.827385895923253,3.2379039915346755,3.5993816538744867,508.6079306769435,0.18250033578142322,0.00029256574097714867
38632,-2.002356703389129,-12.30902964983434,2.6106779220538088,3.173073176915842,510.00395128354506,1.0568887024670603,0.00029259888139681424
38633,-3.831577201437004,-10.109527251092619,5.101566512652076,1.3430953125565321,316.22604276792316,1.3014047598168519,0.00029267669558545134
38634,-2.8059137005571246,-6.491550194737527,1.7280797073659653,2.331418734715528,440.7716575248272,2.0949042040718364,0.0002927051590725925
38635,-2.383326679559242,-10.7792806338578,4.629820127652832,1.452811479153857,181.60216449425772,0.4402614177350097,0.0002927264888999077
38636,-1.5921398181832274,-11.589132570071396,2.7704720293781304,1.0124456396759236,277.8659986811339,1.164481533900254,0.0002927301896174106
38637,-0.637702212963621,-11.070347102010897,0.676758978725783,1.1783118478673307,273.3592604818934,0.11176130423713371,0.00029274338677799845
38638,-5.017611830892467,-10.378330433167985,4.971878732161855,1.2830976423247793,317.00714174447546,0.5732116808784795,0.00029274364781673373
38639,-2.082518016703095,-9.172616938147467,3.3340955268767116,0.7008596194567107,242.30851297810506,0.4001066415180734,0.00029275814529459835
38640,-3.3993983144442774,-5.65653249629462,3.0841230748223576,1.877506823030795,467.1635004209063,0.2826350728396836,0.0002927613328385067
38641,-1.8018043570648636,-8.91731178103485,1.4286886152645293,1.6256166538336438,378.82038547745094,0.2889407609756658,0.00029277506327421736
38642,-0.30604657262480295,-9.170104255482368,3.3335182674482606,3.2987795308054566,291.44398932543413,0.1492995584916832,0.0002927792453122443
38643,-2.7858316085242123,-6.345930091894866,1.0719899957187145,1.2036997441090878,467.94238384927417,0.19557238568624324,0.00029277946690798744
38644,-2.729898141439204,-6.446358218456682,2.591213357150479,1.6533267908094338,384.53664378124137,0.7475987566241766,0.00029278006989235517
38645,-2.910472048530462,-6.183961626636473,3.290406673750521,0.7434967703560635,176.7404170599841,0.3902637496053467,0.00029280220470066077
38646,-0.4079843355082442,-10.786590059687143,0.7362340883677669,3.5792740458378804,541.7033868215754,1.1551357219888505,0.00029283244777535437
38647,-4.214604263394063,-5.544468616331128,3.469305337790218,2.611632110939752,233.07732499584526,0.1968446849225165,0.0002928329471630183
38648,-2.0874236286863193,-8.343972179312612,2.330762415014048,1.2426444863168908,262.92579589915033,0.24673673898746973,0.00029283730099789127
38649,-4.747729976902665,-6.881602360926626,0.16133102458311557,1.1390498695951383,290.38511825371677,0.5639626495669345,0.00029284110694529253
38650,-3.4042122578136267,-5.740315338305222,3.5928789113698616,1.057909107231649,279.59080013718517,1.562963797813608,0.0002929034684248278
38651,-0.9798345689704853,-12.417031802631191,2.6058604301236854,1.2759436067844592,318.7275660227092,0.3719047499554504,0.0002929148278373637
38652,-1.6146654133720197,-9.05611296909112,1.3873234332608189,1.5684690554791227,469.9426111845368,0.09976304949773596,0.0002929333681579686
38653,-3.935744095470408,-6.623114732052796,0.5909789124618555,1.031413496356562,271.1773431735307,1.0236568301134872,0.00029295855856278024
38654,-1.0416182397469793,-9.768496094241138,3.3042382326370974,0.8774947974883488,190.58717701166276,1.0022342080896864,0.0002929807083901964
38655,-0.8414310084684171,-11.484816407672586,0.6854971301461038,1.3965355664147143,326.1677578459831,1.1124845004830002,0.000292994945217688
38656,-1.1740056344828407,-11.962370516923727,2.747348556452349,1.8092084020499035,467.2808184672864,0.6996659589625862,0.000292996475831287
38657,-1.3260637692982655,-12.360131359234716,2.588844142041562,0.710582695497643,434.68000337029713,0.3965323054005223,0.0002930009767139412
38658,-3.8746873112307387,-6.107953366556865,1.117875796322302,2.69690416489629,464.64386464195724,0.7908998658885809,0.00029302368945675536
38659,-9.398727745456375,-6.65348198058602,1.273188298753944,1.5782642436824275,373.8624347443786,0.4264326075403053,0.0002930243789085938
38660,-2.1860380472884264,-8.381615182496125,2.1476987250110238,0.6791348965340611,468.18715937982984,0.45172482698193406,0.0002930337148767341
38661,-1.843838966453525,-9.794711291308687,3.2988136963336565,1.803271426543345,468.8240369706503,0.32844495253101247,0.00029306675656055165
38662,-1.102551036959733,-11.484279151057592,0.6781473916836361,1.7704932881327595,419.9169637340349,0.0054503389241906675,0.00029310741488949534
38663,-8.758240669641905,-8.215502962942098,4.046128975114106,0.7632925368237424,468.1770962196915,0.2625402489453341,0.0002931135238714172
38664,-8.194867727369434,-9.334853096418604,0.4034739744399925,0.7917140020666493,188.73894407045563,1.0714415816539873,0.0002931162953570187
38665,-1.9314612703023641,-12.845126147097064,2.7457466423922354,0.8685717094236455,172.79368325351305,0.8162598790943676,0.0002931223226058089
38666,-0.25827037386781626,-9.148814588857642,3.3279387277521124,0.7406288405124156,217.04000119330126,1.0644727075488882,0.0002931460500049087
38667,-2.114620336257927,-8.778954142920693,0.7901516502658609,1.4056567864755218,201.47220700763185,0.05303922894051194,0.0002931506973842357
38668,-0.28590793657802216,-11.779423370869228,0.664977644422144,1.0306181520831605,468.0163091284268,0.025798029736760597,0.00029315109392588574
38669,-2.2286784723447983,-8.31876742484306,1.9579242248206485,1.9993335116225155,400.98709881366756,0.43253826009248453,0.0002931511828530162
38670,-0.225680363728193,-11.389927015732582,2.819066075464143,1.1970268047379595,451.2961439846518,0.4756040186536987,0.0002931595668250861
38671,-1.9110191019469216,-12.825130433487798,2.6839809886511077,1.0576053397042524,467.00175063194297,0.6019130812052778,0.00029319278269223536
38672,-0.9997899717592098,-9.0564585555415,1.3399413474680584,1.8366293814578765,359.70599743369286,0.20923804909135058,0.00029319960087362837
38673,-0.8523377695802612,-12.488337351955426,2.57127708982081,1.1144873966701903,467.98518852956755,0.3611451249763391,0.00029320388889380645
38674,-1.8609323620452063,-8.77609703752359,1.7232788949713282,0.7899346349323385,451.7996523811813,0.5026802950938158,0.00029322648875772093
38675,-2.123316697826464,-11.523695268449204,2.722739072716004,0.9555860597920688,250.73486363878212,1.3092928451627754,0.00029329085735340326
38676,-1.4336779301795453,-10.04628910901723,0.8070340924889119,6.151543083104528,257.4750042382386,0.3406611510064339,0.00029329536412106094
38677,-0.4925962993234929,-8.699106651783962,1.823312000880763,0.8617757994224107,467.17866836254575,0.6993909588633302,0.00029331258875240035
38678,-9.620092696147458,-7.628533001509864,2.3867273306822994,1.7097498182546917,365.67538026552074,1.2691789200235366,0.00029331861548394103
38679,-0.9331356416146903,-10.791243486521347,3.0177050236091714,0.7446480823894217,159.85390689740484,0.10280208092868026,0.00029336303860796317
38680,-4.804151442536975,-5.4608995985924595,3.8379536334268467,1.2021274998212426,260.2151602280021,0.5801494459732384,0.00029336482054442516
38681,-4.785122000730412,-5.714058430656665,4.450950860988252,0.8972453644600272,235.7104868688553,1.423101657622901,0.00029336557645362054
38682,-1.3543814225447708,-11.75855144156272,2.6891710626531884,0.792225117552884,183.6508856040397,0.6359418265753876,0.0002933658258751005
38683,-3.65059839866377,-6.835316128645509,0.36895052066509737,1.5816884869741028,364.1013850996486,0.8278206265872265,0.00029340580989986354
38684,-1.900847322324669,-9.581772916073412,3.3290950533799712,1.1668802585753106,177.62988923780895,0.05353602927099743,0.00029342878858832234
38685,-1.5223173321304415,-8.893351752217534,1.323642381254221,2.1347789823297805,167.06479124190517,0.37224092352440064,0.0002934448732963567
38686,-1.6569959506919183,-8.706568945749478,1.8054711202994216,1.3605032313809802,306.61082348552253,0.14309602714705338,0.00029346285906708296
38687,-1.6509764095740138,-11.103540329216433,0.7019428032426743,1.1810054640207244,300.1285337209684,0.8621658729440531,0.00029346777047461456
38688,-5.175768038552743,-5.321624795893484,0.9820171867311627,0.9485820641349164,223.91832943783598,0.37134336724560324,0.000293497819959386
38689,-2.3162155460747416,-8.836858511608435,0.5553122924986751,1.4365854817291668,339.1134555651058,0.9911590248844435,0.0002935179630801747
38690,-0.5886408458469266,-8.702659245657099,1.8172931137113022,2.953602663396018,491.22094845879917,0.9647821135557573,0.00029351919377228436
38691,-2.237274178249402,-11.91320597919524,3.19043421335452,1.1021133668378507,275.955593841975,1.7666378205837274,0.0002935208817109066
38692,-1.2634200134965994,-10.624829332457992,3.0462516689605845,0.9347749215507002,469.39099026139166,0.06233160310136743,0.00029352170800090816
38693,-5.463226208049846,-6.448278366412857,0.05579179719571797,1.1001183215704173,468.3818213459624,0.5294444746388445,0.0002935344428211476
38694,-0.36044414790065993,-10.88556007136993,3.0134155494021804,2.2753357230893774,391.6622952600467,0.23072227729539563,0.000293540912049324
38695,-2.3257985668955037,-8.676668982063617,0.44193564949917896,2.7059398315295833,476.236542268053,2.126027903703143,0.0002935423132977998
38696,-1.1030869055946706,-8.401657213704295,2.489742303598542,1.3400226927884384,356.1547208111884,0.29724170265190164,0.0002935572548190665
38697,-2.180304872960434,-11.67466307260854,2.7457096786590283,2.0752542752060372,411.15266886695764,1.5855242172204562,0.0002935608815422987
38698,-5.312461731236246,-12.71133618224319,4.436104103891996,0.7315716327198487,165.56884798904062,0.4789782904641884,0.00029357310051871205
38699,-1.0806592670930506,-8.697956550836638,3.1326279316125496,0.9561086929044577,468.23307154806923,0.8523119591910442,0.00029358307263704903
38700,-3.868479695121115,-5.757970613030835,3.9138991273253465,0.6467263974599173,139.96857301510886,0.2979542184555566,0.00029365452629166635
38701,-0.7053151754659535,-8.926978119290276,1.4346404126518766,1.0545340024350718,193.11581344066312,0.10023586083493985,0.00029368734577437717
38702,-4.825752814079699,-5.051208963158011,2.886212964052717,0.9262428176825023,467.92794348163676,0.9361918982562392,0.00029372661871409527
38703,-1.2138716861339933,-8.695201207173003,3.1290335564117595,1.3129559060350209,323.20074793537367,1.3543647481733263,0.0002937517019707989
38704,-7.225543533180461,-10.284825343387721,4.439977318600478,1.7730346146022113,468.0017909819409,0.36888013566286837,0.0002937745134476677
38705,-2.5648673657033143,-6.997644343032025,1.4445564612436042,0.946374989232394,468.1172496022818,0.7405821107063337,0.0002937908776286419
38706,-1.2369552512947664,-9.672446743815435,3.3147802206968944,0.9583375788353029,467.32191946531526,0.08475546517364307,0.00029379348849314273
38707,-0.989089141412034,-9.065150768525866,1.2075200303808753,1.0220999520786878,256.81427102825614,0.7606534570138743,0.0002938014541370389
38708,-8.511715008516077,-7.9296377496417305,5.038704093565155,1.4978412552415785,341.69417903574805,1.5457005295135149,0.00029385764837029573
38709,-0.9531902373897498,-9.793702411832225,3.293602753920344,1.931226913038687,391.2282593873378,1.186589118374335,0.0002938586028363392
38710,-2.5145350970325833,-7.741958688517748,3.895898719463731,2.6320156714731184,465.1596871141244,1.266715814131003,0.0002939148427306943
38711,-1.1898783785267302,-8.694348753587322,3.126786696009956,1.0153503329084461,278.3630032274511,0.8623567063663797,0.00029394226137786477
38712,-1.6642259742602654,-8.530203357078765,2.086881162263588,1.1273425139140214,466.2797663909937,0.1690646517943053,0.0002939462289852204
38713,-5.2378163869201515,-10.551902472465025,4.890708871808753,1.0716350821432727,467.47115691524834,0.2780044274496456,0.00029395196120161665
38714,-1.6287903777256147,-12.300106804659263,0.6814528129463737,1.5006948222019798,341.3910176980227,0.5014244592155377,0.0002939739920079679
38715,-2.072475611223428,-8.712591124247783,3.14181831464308,1.2326925220579157,307.7407292877824,1.0540182854571105,0.00029397743908201945
38716,-1.471467515247971,-11.36539960637352,0.6879850233603185,2.1489751407758635,405.70465671135304,0.6822937534187785,0.00029398330222831805
38717,-4.9822765871931,-5.353806377325695,1.4199667319294178,1.8200661229510355,470.343675705131,0.015543269087576306,0.0002939892473587422
38718,-0.45147028282322665,-11.541929151697168,2.7697502853721807,1.7931633130977873,445.6021487272218,0.4855651107861716,0.0002940038486403055
38719,-3.872345160811337,-10.186324030000454,5.0568614932760845,1.8134968394275224,432.39415965655934,0.2658391736614698,0.0002940585680150661
38720,-8.907926180447813,-8.60528512767118,1.895008519581966,1.3428744092519687,468.0219123454573,0.6335465898170076,0.0002941192690394149
38721,-0.9180735984761661,-11.954847317867625,2.6928048963871962,1.108030030213673,286.24999684379094,1.2982189992632902,0.00029413087799207675
38722,-1.1424716514515367,-10.942199026255082,0.7249898556617026,1.0666926604748506,467.342394463795,0.7778001876721312,0.00029413571876952453
38723,-0.21581969645690435,-12.310863630473458,0.6386928880685901,1.1060443312144754,397.8751601394782,0.015185408650877363,0.0002941494634973747
38724,-1.5521266724226894,-9.77932438437814,0.8555708552420139,1.3737874784008866,306.5560244673888,0.45755911060982246,0.00029419609337698896
38725,-8.484163217263692,-8.543199191770071,4.075853375120773,2.0106181215571595,406.08196073433817,1.9694440037683245,0.00029420928833201926
38726,-4.950054524377487,-12.333805247872641,4.454433858640481,0.8891824618193338,254.997169124446,1.0137939486899574,0.00029423917046074444
38727,-0.8983244001798454,-11.531602460839524,2.7692927282809348,0.8885860435401909,177.24678095670035,0.06607829553891875,0.00029431754326461016
38728,-5.030374178815029,-6.3389599444311076,0.4352132349420537,0.5115741488941273,136.31267400370677,1.0549162272255597,0.0002943262227775242
38729,-4.709336639052864,-5.33099032631356,1.8400114001245589,1.3854021428950531,307.1268310532644,0.020002976540605566,0.00029433176583432694
38730,-1.263226886893385,-10.983366360806123,2.9667577464131,1.860777295481788,446.10255509596084,0.24465533591570576,0.000294336114514524
38731,-0.2636268659131087,-10.604722538339896,3.0552148832602417,1.6134038278615794,356.6994600292923,1.6933144641388518,0.00029434251624427374
38732,-5.682954065542791,-5.4089090973712715,0.2574751753336348,0.9930328780732768,466.40680034656134,0.3579060794066953,0.0002943773040672099
38733,-1.6245248460039559,-12.427048366944351,0.6332031297882823,1.3281433277104087,319.2232430699084,1.4153068454902415,0.00029437876125520534
38734,-1.0893558950699642,-12.540331311524055,0.70255382065101,2.3615266756408935,438.7887573834992,1.2087366817012652,0.0002943802970834117
38735,-2.99726064178779,-6.328826135479905,0.9565596934624473,0.7850684918010266,468.49187714912625,0.17421869815713809,0.0002943940169098218
38736,-0.9619413964682622,-11.319344664249547,2.867005610128781,1.7673530413305374,420.1288446185646,0.6300202688297709,0.0002943981514521537
38737,-4.9058649522574065,-11.159516328393293,4.656505654487322,1.1744855659890079,239.08792786633697,0.3746117277511516,0.0002944069732478233
38738,-0.581031604847837,-10.474247006019713,3.1268761430564425,1.57477421962876,352.3631796924582,0.36832602470102316,0.00029441594377001284
38739,-2.8130325545379904,-6.3971373359300046,3.268204683048435,1.0326620942446512,467.1071941702523,0.7522707905904591,0.0002944499519620725
38740,-6.65472673514097,-11.222630467103137,4.503874402569726,3.413282589306989,526.9645700326785,0.9149078318154595,0.0002944503412264188
38741,-3.7898363667436366,-5.882803564458542,4.215390083516181,2.032197698668115,408.0178751120282,1.848933611771911,0.0002944728045654972
38742,-1.5129203718443769,-11.722720001734016,2.7571955212843675,1.5217177152225319,359.742515220994,0.5807349867387268,0.0002944733114456849
38743,-0.5772453808549862,-8.356732362421422,2.632623656030749,1.536049875106559,470.17536825897616,0.1612022685178891,0.0002944793330445156
38744,-0.7057192925774718,-8.853303800463042,3.235350079850425,1.1477663772223796,248.48958141827808,0.32712214976512666,0.000294521804231629
38745,-0.3218936200522222,-12.178744307718558,0.6979685820735868,1.0488114710409995,273.9679668513499,1.6954670846963609,0.00029452335791310544
38746,-3.472703676829614,-6.053094913948148,1.2626598489127838,1.0506652774385237,206.29635713959553,0.08042425282750898,0.00029453269971027634
38747,-0.6704430898496376,-10.128436779793088,3.2366851367371567,1.1105830954983327,467.99009807480184,0.3634229685037189,0.0002945504780921423
38748,-0.06397694207630877,-11.135685915109446,2.8896800932022075,1.0730893648734887,386.7160612224226,0.15977872487599676,0.000294572191559877
38749,-1.5643859983778654,-8.36806653695075,2.6643472455117316,1.200500888968901,307.3634465332954,0.580520958968056,0.00029462226374936764
38750,-4.958384924753655,-5.934816807677394,5.008085343344494,1.2387557552532498,310.210387748854,0.30334365504967575,0.0002946264369183436
38751,-2.1504680597905566,-10.33393401856739,3.279855975881343,1.711455789960665,468.1842291722225,0.34585401635822155,0.00029465429531837743
38752,-4.784570955526833,-6.267828505743914,0.7042507491010543,0.7578627914212126,467.16190405587594,0.38862442018532395,0.00029466732396723886
38753,-0.9389000780432823,-8.350170818055746,2.2997671637468575,1.3799941953885968,320.1106893513287,1.220416680920577,0.0002946869186087955
38754,-1.2481417792949188,-11.631294592327468,0.6678507724209795,1.2190345972145895,257.4988262798315,0.4500115035320702,0.00029468943108430654
38755,-9.857197874962537,-7.113804143828343,2.189661253252591,1.1367488439813245,261.83633283642837,1.026456072970345,0.0002947044003093741
38756,-1.8640099890389266,-10.494101159055438,3.118213827223908,1.672259540538552,391.744450024668,0.16314790959968573,0.0002947111518460579
38757,-3.0655080691094163,-10.338198622148795,5.188683385117117,1.5585320414749098,356.78712795191075,0.1880690135833616,0.0002947493228012296
38758,-2.8238105534119615,-6.311964567795094,3.057722143957606,0.5053431625389977,125.75417777252524,0.9853452584973423,0.00029475290820022337
38759,-7.613857088528784,-12.050933520258697,3.2520489584289973,1.2751218766935242,304.1002683227115,0.1757981678432552,0.0002947626201422003
38760,-0.6233488182968578,-12.115396173482385,0.6709838468878457,2.025901930743845,396.65564104333356,0.7603675571068313,0.00029476427932410826
38761,-1.50629865565692,-12.236715476503191,0.6640256162405853,0.7679951139188284,173.09154743239512,0.03992126457933676,0.00029480825878477375
38762,-7.7454463515888445,-8.873609416505795,5.039355031878646,1.1353419346958362,428.3206521628822,0.3485634278050762,0.0002948180338317473
38763,-1.7298489701206439,-8.655821593184125,3.043886369289715,0.7539719485153052,468.22141282908285,0.4160692608277037,0.0002948275650424512
38764,-1.932916042179226,-8.608562148354526,3.0271840335888376,1.8742944808049289,468.67634040293575,0.5759684394227218,0.0002948423795290929
38765,-3.1128721055052955,-5.891251993510786,3.113116439049972,1.0281297109948744,258.2194315158687,0.1517409436339392,0.0002948649348245535
38766,-3.401639932048673,-12.494609613619998,4.405375824652289,1.0087851086436193,468.3846683277194,0.3994584468084641,0.00029487083390314014
38767,-7.907157029505284,-8.697449745166736,5.007869565145136,0.9345067504474038,468.5059399969464,0.11402613726686273,0.00029488016561095087
38768,-5.11620135512222,-6.7838827857430735,0.11336816203307476,4.738842443233461,516.8021072385769,0.1032531026963035,0.0002948885318418452
38769,-8.11040008552758,-10.485443373258747,1.4994663497269471,1.4296168451869071,468.0775382492908,0.29688170551765847,0.0002949087805593972
38770,-2.8037133743942055,-7.365279858158141,0.306524724130478,1.1277751519514387,286.7080598051438,1.3482199284178247,0.00029490920237831896
38771,-0.6182752362748349,-9.399378074478548,1.077145048577719,0.635303814777879,172.38114084594835,0.842851624090815,0.0002949128553572052
38772,-1.2762231709013765,-8.540274916036926,2.1110352278478617,6.787011737690061,654.3550863559522,0.21350505677211817,0.00029491791196202836
38773,-0.30732672048667276,-8.666646861453561,1.7776716025020325,1.854227271373244,468.0933851100351,0.7270887844498057,0.00029492970422715465
38774,-0.8638611054760261,-11.40614949748846,0.6893517116053066,11.840239592452686,624.9242669959592,0.011320285269614594,0.0002949312558936555
38775,-0.09238264993648393,-9.638548873907418,0.9379697821315903,1.1110300944875957,468.0403929367476,0.8468721558960892,0.000294933577436934
38776,-0.21461525361281808,-11.111511560489486,2.8930797953133567,1.8921353907241611,468.0338930989485,0.6210929546883763,0.00029495767197387193
38777,-0.02241386793529898,-10.761637712206229,2.917707072166945,1.1849069758201907,468.0157287998128,0.37508875683175713,0.00029500315424639095
38778,-0.9853971510456478,-12.312824812425804,2.5994429418226517,2.02038558306163,403.98772065917575,0.49697097024046943,0.00029503784888662457
38779,-3.051984080676662,-6.0014771881428475,3.3874265890764272,1.155284901336785,299.7648706490296,0.780180889591624,0.0002950738994954495
38780,-3.3027837772309585,-6.0449661987136105,1.4572164869935458,1.1428795383816894,299.7438548197896,0.7301709755175603,0.0002950743230328544
38781,-1.7771902385897356,-10.724945323937284,2.930334996644543,1.898913897331934,458.3988308182754,0.37805326972911946,0.00029508609014031845
38782,-1.8610419166779337,-11.715607878373234,2.6946127227411076,1.0612212445598892,470.02236377502516,0.007330288980850419,0.0002951001119100987
38783,-4.74743564646947,-5.149708586457424,3.040077451857402,2.8024732174496174,475.8733829696267,0.8540671012768124,0.00029510257160149915
38784,-1.268497118219491,-10.104121016584719,0.8241451582122108,1.8831131299313408,468.70138643791705,0.646381947089691,0.00029513966254971397
38785,-5.99012245037119,-12.716778034841132,4.435045166774242,1.9009248244252457,459.6529941771109,0.45790461437016194,0.0002951574964607104
38786,-1.187671280944798,-11.541166073651606,0.7193885101129175,0.9568791445658885,265.1650436714552,0.30976019763093277,0.0002951592063284735
38787,-1.5220726280310242,-10.184088655059726,0.7505786828104812,1.0857003048649423,466.8706890297488,0.5446866859884612,0.0002951699763497728
38788,-4.064792887882495,-11.589361497228172,4.5319520835786165,0.7188510106675671,146.4089653916497,0.2986477886629091,0.0002951804028243323
38789,-0.7679326732201233,-12.618055645332236,0.6626735997719282,1.0299892949715073,249.85229175057978,1.3385043281056674,0.00029518551131951115
38790,-4.414244421021916,-6.73397860172723,0.38276897918133457,1.8383575301453814,468.1608526026552,0.6595678433628285,0.0002952229889500739
38791,-1.3596339822229915,-12.395864615057675,0.641785372166295,1.1971701058088597,264.65995048642003,0.5874010576734614,0.0002952266190256305
38792,-5.399762091674115,-12.583486504184961,4.444421087299688,1.033631419766291,281.24453394618297,1.2121952315521254,0.0002952282632639721
38793,-1.5539355730884328,-10.174843785741452,3.218665985147912,1.8081039897730187,431.07699682208727,0.19105048160929794,0.00029522985799677035
38794,-2.0487361002373277,-8.387659667380962,2.237584904294142,1.068464689490571,466.2324286260613,0.6995898784884611,0.00029523601441406254
38795,-1.629910180376406,-11.541756906054117,2.7121242865651576,0.7288854990224988,445.5072370121294,0.39401768155066286,0.0002952556481583309
38796,-8.134160096105152,-9.543863855820765,3.366704161405125,2.510425726061819,458.71892413110874,2.29311610813107,0.0002952592738125566
38797,-1.0189796645684233,-11.409273767108555,2.7938836109219753,1.2086026532855614,132.66247103950263,0.3192052464047306,0.0002952600248887729
38798,-3.7046351537607816,-5.772699471827452,3.8628256195579387,1.3713023964937412,309.0837498395052,0.2912397199596297,0.0002952642707028352
38799,-1.412094490943689,-11.295221670521789,2.825435582473475,0.8826582284621505,468.47520746538163,0.8701228592246544,0.0002952721207679571
38800,-3.0636211650804865,-5.989245229002274,3.4370019260558973,1.0505940129558247,267.99646614430645,1.2105102405605797,0.0002952750565458622
38801,-0.6459052707328077,-10.639853682981137,3.0333110556461493,1.5985312248142365,370.1354912999611,0.7889849924209287,0.0002952967490009535
38802,-3.2446823673529623,-5.753140175066374,3.3676676112470645,1.825113586728048,436.1457657353852,0.5107558282128934,0.00029531623073392025
38803,-1.7999814331918458,-8.773453765017006,3.171388790470524,1.7150836617028662,405.2250151287021,0.4086310959598842,0.0002953254584611089
38804,-0.26769052572243623,-9.245775923017401,3.3239025943649554,2.1833726479253137,425.9311868761788,2.1637933795395865,0.00029535983122644957
38805,-1.4076610846221875,-11.335273409313182,2.813463251003974,0.6664479149755675,158.28420303744886,0.12986299761441433,0.0002953608106036476
38806,-4.5207684597401885,-5.211056760091359,2.4375985234759723,1.77618420866129,421.89264884662214,0.23772133884378466,0.00029538545678366813
38807,-0.3402161330497613,-9.59289837999987,3.314473639769403,0.9951007346163311,467.19324604493954,0.6815572515575905,0.000295416950907815
38808,-4.931613612015115,-5.161119623959076,1.8581327535643135,0.8911643269890438,203.96323315145926,1.1510672711952532,0.00029543498160100823
38809,-0.38818984512792554,-11.566957352421088,2.7359873333591715,1.7389852701572193,468.0262245548878,0.44161852603353235,0.0002954894284881144
38810,-0.4975765076728891,-11.527062120455696,0.6526006505044002,0.9334495557655507,242.05536447436134,1.2616973710405128,0.0002955855454900522
38811,-0.4251261097920249,-10.523503976201358,3.1016403831988977,0.7401965738240729,154.6993099700833,0.7267861084574312,0.0002955926032881401
38812,-8.719587534316814,-8.491739459903027,3.549964542397592,1.6711403665015763,390.1536124788946,0.3214547614312542,0.00029559492863585586
38813,-4.150157570754073,-5.520629803012135,2.801106771745905,4.387911376124247,587.8766833433209,0.6148384766981492,0.0002955976848500649
38814,-4.437275787575179,-5.618322011324946,1.9653631865437724,0.973878567196112,189.3639016063324,0.601780405590099,0.0002956199439428795
38815,-0.7015981654712782,-10.151416782596153,0.8120106843406596,1.7473465405930473,413.39579152831436,0.8052954583086,0.00029566663019015525
38816,-4.754114759518258,-10.597086441341347,4.851700806404784,2.323324732918662,417.99754547249415,0.5252923760944892,0.00029566761780033763
38817,-1.251114263506171,-12.597997770538012,2.6810833295652627,1.2714831305951977,271.21623607206186,0.1798493739036804,0.00029566821169147665
38818,-0.6950953789022734,-11.68940215947433,0.6700314501233904,2.2247240265012582,428.6333615285425,1.8236111502539165,0.00029566965209093965
38819,-1.532401110378272,-8.586985963844914,2.014167482450987,1.5953982244846558,370.3588560941146,0.2643785301120003,0.0002956721450234697
38820,-0.14139305410378888,-11.06157434024426,2.93051083267058,1.8646298453740515,468.9021894433559,0.17302058238344475,0.0002957360799613346
38821,-1.4702001820691848,-9.84818972846022,3.2771551650068895,1.126206870957713,466.0744114894329,0.6946606590682904,0.0002957789593115271
38822,-4.5826244675204775,-11.571456969226912,4.543027888382261,1.2150987939594768,266.52235309169765,0.741665723838997,0.0002957986859739653
38823,-4.839764020865497,-5.594212956032509,1.4564579724220095,1.2974475662742662,304.600665195493,0.33145238777235164,0.0002958008439730671
38824,-2.0353251540088957,-10.488422708115685,3.111272680945848,2.3260846068717496,422.60367212328447,0.5394723078161947,0.00029581481832766896
38825,-1.6780533794976265,-9.866740195206178,3.273544808988449,0.9246817329704294,468.511183591579,0.10469393570402286,0.000295826522389376
38826,-2.1997479803683575,-9.32175085158745,3.3171048808827543,1.251660049593328,309.01547276791547,0.21856328690395532,0.0002958321310149134
38827,-3.4843024895759847,-5.68477841787113,3.5280677451164957,1.6213376722495367,374.52051854153274,0.08927716724060009,0.0002958344014452003
38828,-2.306379747430425,-8.367559471760217,3.19580931723226,1.651028778668089,467.8433196347074,0.7006596171307047,0.00029585779339442694
38829,-1.5138766903992043,-12.280996665386315,0.6713419763436022,3.1078687778361425,319.67513765204154,0.10740829891643511,0.0002958606828137571
38830,-2.0093515653978242,-12.546714902721696,2.577380333587087,7.740433770249571,393.7466659851859,0.18717234263962368,0.00029587968886677534
38831,-4.611814077979792,-10.66687356911456,4.819936299546307,1.077151829222773,271.6030468723263,0.3118200880725821,0.00029588200654762575
38832,-0.917965883814885,-8.772602482448551,3.199730044904401,1.0227034320670685,217.27985932901774,1.0315130300927704,0.0002958827748876686
38833,-1.7079775004306388,-8.783941811962446,1.7188267409753302,0.8400866095505821,469.4956807201647,0.16149829267000015,0.00029590049628193263
38834,-1.1008850819849876,-12.745801375069599,0.6500356907811893,1.939055660993423,393.71740621412624,0.7531495863709248,0.00029590254518395507
38835,-1.1669150862186122,-10.14664409398181,0.7771625994603835,1.789345016696674,424.4747683000869,0.4192322043066312,0.00029592976319146435
38836,-0.585862176209158,-8.649114327121822,1.8677281558418293,0.9850302037959329,467.8220372791694,0.1840300241507009,0.0002959470810780762
38837,-0.16290310838747502,-10.127279334584792,0.8160469553025763,0.765060805449544,199.69043487944785,0.6719072073030956,0.0002959628654142464
38838,-1.218666746753346,-8.763328213736255,3.159396280897015,1.4370469694414096,468.27549830106756,0.2400978507284881,0.0002959717730223268
38839,-2.9295651933315705,-6.4399249496836655,0.8719348103093209,1.488434404950224,332.61589216253293,0.4868521148729714,0.00029600194282973545
38840,-1.2223707478422714,-8.363925618338492,2.5478215391356147,1.5456358588957915,468.68220526810444,0.7677329564601312,0.0002960092526008307
38841,-4.778781266377454,-5.750985766431053,1.3549234057268549,0.8536137742871972,248.66790056246316,1.4648176626219458,0.000296025795930635
38842,-0.07432696982421305,-11.33635408597025,2.8068441999545772,1.209364563430742,467.77209048919235,0.18510237333122692,0.0002960258842266537
38843,-0.29727780230522427,-8.975891268486706,1.508595610509599,1.2379884211296208,312.00624641017345,0.5528388250256251,0.00029610491306094683
38844,-1.5931707391825327,-8.894820241553827,1.6245206424433818,1.171754963775111,163.04380398106028,0.21112056796683465,0.0002961062126084411
38845,-0.28818889691537386,-11.28974854144243,0.7039070279846208,1.116113495409695,468.2995289929902,0.6753875991020886,0.00029613699800170646
38846,-0.8812778891349833,-12.547285816029605,0.6849739997652009,2.243377936103399,426.6176719392326,1.2617381468220215,0.0002961481145560137
38847,-2.1503989237363204,-9.989284800319684,3.247196963008507,1.1003867939132919,284.3077121120937,1.7409128519039685,0.00029617029296331746
38848,-0.10659354337082227,-8.74531746258302,3.145049862742057,0.8956448902678302,232.60294995472472,1.0338312181493325,0.00029622879627362884
38849,-2.1689059374581587,-8.423223749340583,2.4788407025173167,1.2771228793328526,468.1555206396555,0.5587723154286435,0.00029622926820740633
38850,-1.3305810638413202,-10.06868104968937,0.8551363406572284,1.8637198735284455,468.2146239508837,0.1853351978436697,0.00029623320407856884
38851,-0.9596794458391891,-10.951869318101483,0.7264012791857379,0.9378983841510989,263.39053870564095,1.254625813840172,0.00029624396012287575
38852,-1.6406442993408135,-10.989347327315892,2.9473709640496075,0.6890452470593694,144.81349564178456,0.32737547198683536,0.0002962934372487065
38853,-0.43639998035894223,-12.790711804250037,2.6551771806321907,1.9781152702203866,395.2219982505494,1.02961855861939,0.00029630712179543305
38854,-2.0050672328016086,-8.605456170529912,2.9645520502354925,1.6332665720372905,469.8078029861206,0.18686253230306438,0.00029631508923042455
38855,-0.7116898806362091,-11.235807582586629,2.8885758666261063,0.8719397657407514,426.21685038296465,0.9427670307935925,0.0002963343235097498
38856,-5.559492913489316,-11.918258573168954,4.518206865602991,1.2855244516318356,274.503129236091,0.23983843092838075,0.00029636265178172684
38857,-0.13513734402757294,-10.716622732282616,3.076363232525127,0.909004192145262,214.4585092356707,0.3908913848079134,0.0002963742977950678
38858,-0.47106477727792395,-11.67564543922868,0.6892737945192692,0.6317379543458262,128.52728048717688,0.6910233674442656,0.00029637553638760976
38859,-0.7124393093441697,-11.238429229811839,0.6848776601609787,1.1473460780748879,297.2817293373972,0.7372423616324957,0.0002963786136442374
38860,-4.822462283831666,-10.058467346850378,5.158502560285997,0.8002172385240574,165.10756784369056,0.05221688275625347,0.0002963850160406142
38861,-2.404385422507845,-7.7289057558874985,3.102767559616539,1.0018107356605805,230.89635275124624,0.48395181082445315,0.0002963939013284698
38862,-1.5825927338979575,-11.097254962077347,2.850710850542659,1.6737163221301854,468.33199439508473,0.6239761402899235,0.0002964470892026638
38863,-1.9261306485471064,-9.509072555853017,3.315657921505699,1.5754946752603662,359.8830093456828,0.21773479609568813,0.0002964668207786945
38864,-2.6625813987297953,-6.76060756829905,3.1763217055879798,1.6911585502429414,467.6506985002864,0.058185048651984594,0.0002964818647806953
38865,-2.7605509159414936,-6.470228704852347,2.131374520740773,1.4916340975810727,350.6724653609044,0.535897976959542,0.00029649343500776846
38866,-0.2747234704822237,-8.355457627767745,2.43778354478352,0.9190795553343776,468.1174175733207,0.7405638935743211,0.0002965229526711404
38867,-5.721604056409877,-5.57847886260622,0.23971501163952125,0.7535099580353786,469.64663118651373,0.2402763942701851,0.00029657998495237253
38868,-0.08136328189336695,-8.371805372397453,2.22811601286602,1.3244062128004022,259.04997124328384,0.24265374079379054,0.00029658530053185356
38869,-0.09836059112253359,-9.31858951422258,1.099969690877725,1.6000219656927435,352.8889681182111,1.2950669691513763,0.0002966074796917898
38870,-1.34819287407662,-11.41873022656906,2.77795181618316,1.4839916927497934,335.5381819188787,0.8225582265559241,0.00029662021990910014
38871,-1.696985279696312,-9.090703321831667,1.2214223308251944,0.9954292306461519,468.0206765594728,0.027116083548647474,0.00029665670653964435
38872,-0.3628032718433918,-8.891194080240666,1.5669270910744786,0.5188619741019461,108.70506578092991,0.20846978798778082,0.0002967052049357945
38873,-1.7290022791260746,-12.930364557674714,2.6419470914188894,1.7533304005055697,415.28770134372394,0.5325541965541811,0.0002967130590260118
38874,-0.9837942618197886,-11.83435763264427,0.6801164968003012,0.988074074708413,463.8503029237639,0.0967092544858188,0.00029671381596196877
38875,-4.040130912848403,-5.948510488984368,4.467094348669501,1.521158088464173,350.97177645306937,0.09829383375683687,0.0002967211264391472
38876,-4.487862513414779,-5.424857529454585,3.494924957626623,1.884884369425675,455.3292850283781,0.6062972145784418,0.00029672337739991485
38877,-4.858890087444071,-5.526863601509156,4.12038347547935,2.037789513876885,408.4490453439034,1.7889652240390843,0.0002967266626293996
38878,-2.2419924442022126,-8.515900122308356,2.870583449811843,0.9421781667701248,467.8580715378958,0.4750046328109425,0.0002967936430583668
38879,-1.72244240085835,-11.318182091186975,0.6738505804092776,1.3071261563499832,312.7602742924398,0.8351794686042924,0.0002968038431318791
38880,-0.5003478527948619,-8.433599025545963,2.758614055709024,1.1221205494484452,252.67136207442607,0.07311726603263136,0.0002968264483318243
38881,-8.972446269330549,-7.525340911100092,4.762826922274444,0.47447430884318326,120.67699415252234,0.7023213993023916,0.0002968395657436849
38882,-2.2294152622282537,-8.534778041628265,3.1814900644496698,3.959705615069501,350.25816698378054,0.12449800665582078,0.00029688538076369004
38883,-0.4195870736238696,-12.66252379646677,2.566460033925021,0.8744354393759021,179.71461135921786,0.062455307383810776,0.0002969020121577877
38884,-0.11638819373485454,-12.838256727550752,2.646710894425001,0.9879367240379787,261.62192293775666,0.6838740094877656,0.00029692736735911757
38885,-1.6822432104764093,-8.725789202588938,1.8337162126641648,0.6765457572505014,151.64106415111016,0.10613017650296097,0.00029694148596062564
38886,-6.33673089727187,-11.123879663874972,4.633028054910674,1.0149270043277607,276.95457680019365,1.181712138062383,0.0002969496823707638
38887,-5.527190562587727,-5.199958481655758,0.5482955750056591,0.8603196403949503,229.59380463153207,0.8388487052623814,0.0002969973538748607
38888,-3.38824641505923,-5.541705998150697,2.5149708971696554,0.7464048760705578,467.18658806828586,0.2515901257401083,0.00029703298216265223
38889,-1.6070844538858182,-10.462565972755414,0.7549222852913328,1.0150772884501853,278.751002423556,1.5284997039846626,0.00029706810244705447
38890,-0.0037444208685322167,-11.244502869628699,0.7213291563047325,1.2674930219281313,468.26790356221954,0.20240359541173714,0.00029708211778880166
38891,-0.2507520549998876,-12.734283889874987,0.684616953496516,1.6060200226591115,468.0028033491976,0.5758458229551673,0.00029708493798098436
38892,-1.7372760027904448,-10.75496504835565,2.9996090774352346,1.2140297690520019,307.6758188664426,0.28088074069695335,0.0002970972472769981
38893,-1.0501184611953498,-12.687161030438523,0.6447797268790666,1.1943631829947707,261.4827994146704,0.8789408302408246,0.0002970982654319314
38894,-0.3231000051477082,-10.204244467945522,0.8444492394677967,0.9939960190841273,264.21268313463014,1.5495106298068997,0.0002971143526292649
38895,-1.1190862279378617,-12.929368679789173,0.7169477078022788,0.49966397082170794,144.55832651033276,1.0226866225339286,0.00029711801976950767
38896,-1.445912849707037,-8.360681105563163,2.4388001241219524,0.9981481636596721,202.23003074744065,1.0175761593642694,0.0002971993324106413
38897,-1.0573851208196174,-9.723216208680872,3.283718262519137,1.0943496755987647,282.8975792883155,1.2650881389933337,0.0002972005686915863
38898,-1.4782478608130116,-11.51516214168156,2.763758758140856,1.4131623760350462,468.0082316228005,0.6259375171593193,0.0002972118231391253
38899,-3.6210239542063682,-6.849378618144271,0.4094383793554314,0.7625417031119452,153.48764407218817,1.0053282656933344,0.00029721384057501725
38900,-0.5546519985579206,-10.830291705508152,3.011249666151446,0.6566361952584938,201.53783684520835,0.9723157206958062,0.0002972374410572333
38901,-0.23589158838473345,-12.941490115429417,2.6363119347236745,0.7301821168853956,183.93155020407482,0.5153271101299142,0.00029726870616529627
38902,-4.966289612480521,-6.258281360948753,0.6028106075702809,0.8950221511779057,467.2448902146366,0.33099350357875945,0.00029728013893043587
38903,-1.9979228990558262,-11.428544875757039,2.767501865577046,1.3355769010225844,325.0463835831013,1.6205032703217448,0.00029733302446111634
38904,-4.752314889959686,-5.283715677270536,1.9489860389155742,1.8866772072954108,469.5173509000921,0.23836586300429374,0.00029734405868859327
38905,-8.811230311269643,-8.73273906047427,2.2424716006159544,1.703778330979855,402.4425786012303,0.6080370368700896,0.00029737301527714015
38906,-5.470717485030196,-6.425575020418276,0.1393877107783017,1.0357488579337846,467.29261991827843,0.10557880953472232,0.0002973751532169213
38907,-0.7625679340768503,-10.011204468191181,3.2448718259564933,0.7622088978751312,139.0880974234122,0.3480238877624737,0.0002973852763961088
38908,-3.6459175782548208,-5.644684780710184,3.065216480568527,0.9027065994885565,468.360472714093,0.43632768338731864,0.0002973865201541669
38909,-3.7261760307149867,-5.532306592516884,2.960011746375587,0.8127040637005567,180.8732919126804,0.011032566814106026,0.000297422825333684
38910,-2.112696233291399,-12.68198549251085,2.73551602312439,1.6589705310122158,357.6896532225271,0.8959542457342886,0.0002974295150393321
38911,-2.3196546633076442,-11.566701292759726,3.8980244343038093,1.5259314959701002,348.420278102944,1.1025978198811526,0.0002974327615764844
38912,-1.8722885417563795,-11.820948871191192,0.6648176565189133,1.121778524392279,435.5660933687942,0.2041616283264469,0.00029745568774393035
38913,-9.778150036109906,-5.249706631076927,1.7793216160165153,0.6700895260598992,136.57035868158943,0.4130976223772125,0.00029750616996080336
38914,-1.0699905412269963,-11.60966479735515,0.6959022474569821,0.8657236746950532,386.87903792957206,0.0469331894556726,0.0002975172910995842
38915,-7.926887970575375,-12.093345324110757,0.7194873609041779,1.2740429856447104,159.5834707793661,0.4133606564201182,0.00029753046335882966
38916,-1.7058356356278281,-10.469927770967825,3.1028893079071063,2.0283199478642056,400.20945551993907,0.996607559759954,0.00029755404315055974
38917,-3.5300278437780372,-5.573282109134284,2.929373815344377,1.1332966863272491,290.7826207564303,1.0451030241419845,0.00029756448479912055
38918,-0.38142385800032486,-11.354333097666657,2.787145589763013,1.0727835810426565,278.96078114359455,1.7589538303408565,0.0002975788136340597
38919,-0.4287022965213385,-12.735464560828117,2.6490598230093925,1.3267962234629491,303.6451092471173,0.20751322217392332,0.00029758341166080877
38920,-7.710546749007751,-12.484946275279562,2.941520457526338,1.0079898380554575,467.743134726704,0.5415952590410287,0.0002975938630037247
38921,-0.8007231294150223,-8.407588862360807,2.4692363376293085,1.1423885993731562,295.7983728918156,0.8623499788457076,0.0002976134485456557
38922,-1.0375491125658005,-8.70764098503125,3.103168224741921,1.0931048407442499,261.25390553827583,0.31046051193666724,0.000297655300177354
38923,-9.467047529483418,-7.144233898045963,4.3279564003409,1.2423623314141612,314.8511067174185,0.4449941129716297,0.0002976576300162663
38924,-0.12899020512891113,-12.067701207065227,0.6892846876128058,0.7743309331284122,467.8479820441739,0.2726775210793688,0.00029771346142565237
38925,-9.598179241854083,-7.174190475435852,1.7026642529593696,1.1849340479089225,305.9154250212992,0.5791296596932662,0.00029773557381219696
38926,-9.31999156568816,-5.164682125388526,5.010732501417664,1.0730759099947231,280.4993188271662,1.7151918952833283,0.0002977503699664884
38927,-0.20083886546289875,-8.447619419525882,2.6956113220707163,1.1156222865575105,288.32873545354784,1.1072078753042884,0.0002977539145213118
38928,-3.263262355065736,-5.7766298407002665,1.9393707222079768,1.5707144456080322,351.84528631292824,1.8174993230404128,0.00029776673061892374
38929,-1.1856804217323678,-8.563421252183275,2.110297278350375,0.9568796907019563,469.7992192795825,0.046708322362462695,0.00029777783328905483
38930,-1.203138845914184,-12.614880440740624,0.707476092937842,1.1729167699804877,304.11348873740565,0.5634701022017934,0.0002977809285709014
38931,-9.21830216906366,-8.085168613213508,2.916069922669794,1.5686430389032775,358.330444855031,0.42867208922638245,0.00029781260369270715
38932,-2.586539083058378,-6.906831982330714,0.9273445547444689,0.817499128297119,240.47695141389303,1.6088994257102769,0.0002978377026788658
38933,-0.9000649218021692,-12.030804958956724,0.6545353899810588,1.8548510585962514,469.64152230940505,0.06296664233755322,0.0002978450837236132
38934,-2.9212303513064777,-6.830979459506495,0.5656887813120857,1.0904318882952475,468.0462592660722,0.9071518494460511,0.00029788471672306794
38935,-2.3555822632008416,-12.644621410390988,4.373474805943901,1.522777249544132,441.81413739884255,0.07077333994764334,0.0002978865224501649
38936,-2.4308326891577225,-10.149540974379171,5.143863289724901,0.8911022291322868,223.5188761481854,1.0925841022795817,0.00029788861534421016
38937,-4.10416230619113,-5.41254992532264,2.5120007848325225,1.1048577550034608,467.8821209286615,0.3936718471952245,0.0002978924002313775
38938,-0.7201958822857417,-12.919326813554614,2.6325671673655995,9.76929630860611,583.4615686747991,0.0020463554078409274,0.00029789883485495654
38939,-0.1170905280578527,-9.81919446798678,0.9198004602865851,1.3143317362513547,304.34012743473596,0.23336695195838342,0.0002979474382822709
38940,-0.5878991063704326,-11.060075611859954,0.7160821456111569,1.2774594101719463,304.95357844534465,0.538292615709973,0.00029798110080010785
38941,-0.21748424144892908,-12.618543349088041,2.6553469710176567,1.8297183444736518,437.77279317086743,0.15077320440608588,0.00029799562144029414
38942,-6.639675256365065,-12.609334032601817,4.298604760109401,0.7989000643895832,198.759625737929,1.0946668392887169,0.00029800315938348376
38943,-3.098776800800297,-6.353490939567785,0.9919972922913143,1.8501138247195221,467.72208384425494,0.06730220253700647,0.00029801702453918235
38944,-0.15446017627957964,-12.66349498241724,2.651312112704518,1.738539756640665,409.3380910565596,0.38949490626816186,0.000298022841328605
38945,-4.694167488439679,-5.536594334032347,3.9255697762015314,0.9463251751124471,467.3818264641727,0.4527112415771226,0.000298053298789969
38946,-1.4297142093956499,-10.950249685457505,2.9435699767919465,1.555757917735996,354.12520400639187,0.30901619990423423,0.0002980765898012118
38947,-0.6383855163726402,-11.499130892344677,0.7445009961025834,1.5726563888486815,468.8071400348245,0.8869372568919465,0.00029808134113817674
38948,-1.6838187196107928,-8.893646099666753,1.5792181963641487,0.4964947323891545,147.5133268818997,0.8542073538875128,0.0002981561926874132
38949,-1.3724071965124711,-12.470670582824079,0.7259621960643714,1.363445279067847,295.45078491299506,1.0084155874071792,0.0002981633821558892
38950,-4.344479270114322,-6.572532978753231,0.6100738472574465,1.8161050116846278,433.6960817044277,0.22055899189053552,0.00029818230191795654
38951,-1.4017550759419137,-9.457676058605117,1.0703312180044977,1.6759894859890878,363.6968708702741,1.4668341600042032,0.0002981838544398133
38952,-0.7213180282209333,-8.475049225880744,2.1773259660449065,0.9033636833876808,469.08969565420085,0.15138699897284713,0.0002981917745143719
38953,-3.9160333717145726,-5.988575236680979,1.5760071369105102,1.1950739497766143,467.28714707258223,0.2358700287241442,0.0002981930179574443
38954,-1.6452299898583007,-11.761442687873094,0.7145404844796738,1.3048293262380604,279.14285404983247,0.8400399564733974,0.00029822077434161386
38955,-1.5039002124318603,-10.202606634337286,0.8300133786404458,1.4428245603908054,325.58412759398135,0.2640538592877544,0.00029822980760848796
38956,-0.25746215223329294,-11.139043939681507,0.727191043043218,0.853683737842986,192.69714246911204,0.9547086141485757,0.00029824632036040883
38957,-5.040665284994325,-5.483528553809343,1.3708520100846933,1.5691856030247873,470.231536455115,0.12386409062091097,0.0002982630097001242
38958,-0.12270481227366759,-9.45818902838025,1.044086868774628,1.2776789846848386,468.1555344918648,0.48104382828890113,0.0002982648538291921
38959,-2.9039874046997145,-6.149926684475959,2.3424838694958114,6.885494646631204,657.2985976116962,0.20228910546995849,0.00029827818336623985
38960,-9.900948779622244,-5.609698806656947,4.070828895053682,0.8702014200393222,237.57695842703416,0.4448054063098077,0.0002982975828488211
38961,-1.3153548271743816,-8.592046520847,3.0046770463455394,1.7973200482798755,380.8975103864229,1.7340726184380122,0.0002982989858993958
38962,-2.0454574154638703,-12.584252594230398,2.554473670360544,0.9417212783578633,467.98741858208837,0.1082233374646755,0.000298336314826466
38963,-0.9046614955185053,-9.139007981912076,3.2900848041401023,1.7651120626018548,451.9258600382632,0.11479732971235812,0.0002983376303761033
38964,-1.403818039226504,-12.314031302465922,0.6549796180435954,0.8845218266203998,468.40335207515557,0.4642910952247954,0.0002983381287114601
38965,-1.4882864600173296,-8.414440834188525,2.219908271633403,2.4241948461490286,447.06086233735465,1.4863811310091188,0.00029833822559535575
38966,-1.8062906212122591,-10.403720635517757,3.117549944308355,0.9858595103713561,273.7863611553799,1.5610298674851402,0.00029836126404599164
38967,-1.644637429252672,-8.481249652739262,2.8581408571630385,2.1468684970425382,419.20470905356234,1.6245841248027384,0.00029836397281585874
38968,-0.8068876229726403,-12.565540245363115,2.65713858933946,0.8723048820755074,468.2914203142787,0.9044881402017912,0.00029836889322861756
38969,-4.590687468779224,-11.04531519667466,4.674687634172306,1.9635227632659846,386.089568752824,0.7766031581355994,0.0002983780357864115
38970,-0.33708280465440055,-11.372390824775536,2.715575399600081,1.1437340301424148,198.49852525565538,0.11516579207289634,0.00029839501452547795
38971,-1.7217981012741,-9.038504245591719,3.2787247967015785,1.7175811244915142,405.448522787038,0.10423211774051211,0.00029840530964420856
38972,-5.154490356396339,-11.827318070435734,4.516034150582189,1.0799822720657135,280.8358253285561,1.869483797424956,0.00029841643545811593
38973,-1.1245940970751818,-12.623799676993954,0.6432274098099473,1.8119428537705489,468.27410033020806,0.6674474077132517,0.000298424133519239
38974,-0.7616023940441856,-8.888045363887896,1.5226376217408053,1.0069468857986161,200.69860139244597,1.0189513689416767,0.00029842458901876165
38975,-0.32622238942234283,-8.63999663314519,3.0756274472751204,1.0130859146808726,467.81541847307005,0.04653062475729097,0.00029844124779246383
38976,-4.101141306916145,-5.6888411430955665,3.579499728598335,0.8857196923760352,221.59569216602637,1.0144481697381424,0.00029845145998229464
38977,-1.3092219859675307,-12.481642154737155,2.6664433998219685,1.5020744097518801,340.91052649488296,0.40345819852745546,0.0002984601811488466
38978,-1.5681046081833632,-12.690909893978807,2.573475088426256,1.1703301718781072,298.61735850046796,0.9221452592778192,0.00029846566407443263
38979,-3.575016146834268,-12.916862616814559,4.374345814994999,1.7288617221226281,411.0576333729622,0.922817814734028,0.00029846765274151493
38980,-2.2647764905785106,-11.675294580533851,3.363560135944646,1.7857428105407795,424.11183750998646,0.06987409539435507,0.0002984871611287862
38981,-8.271496912599178,-9.808008095004418,2.327358648063945,0.9456836536214799,127.17190162419631,0.3398046274204489,0.0002984905487853152
38982,-1.1764037517637238,-12.305790123442899,0.6665273611317101,1.2881925103211525,319.0543160654554,0.37025453772034744,0.00029851238791089537
38983,-0.40177672539151743,-10.186249174402832,3.2017349461380036,0.7744736215195148,178.4908552696372,0.13658418027754582,0.0002985364529350695
38984,-0.4215206561074396,-8.747210042895329,1.7594776143909943,0.7794551187021744,469.0397398250086,0.1809789150713117,0.00029853717017051015
38985,-3.9817539610627053,-5.655487333293141,2.033373882969268,1.8874360377638948,460.4458399454721,0.30345743556139393,0.00029854965432027846
38986,-1.8612436872486313,-11.539959310405214,2.709566965127614,1.121793146830567,290.5000869667881,0.6617346477009516,0.0002985544985425517
38987,-1.2421530824880413,-9.638983783797597,0.9731506494237679,1.5528627929338745,358.0815412811231,0.9106741300841845,0.00029856835323568287
38988,-1.554768681154167,-11.222285871420672,2.816187458941711,1.7703962946195675,420.1708506017722,0.10444332647550514,0.00029857174571549345
38989,-3.695699715300311,-11.168696445002851,4.618072030001681,13.895534654862441,721.3560231230009,0.10863441582593136,0.0002985790005254843
38990,-1.7958200097547863,-11.407907208862117,2.7285655103777002,0.9293924321349362,208.49114131377405,0.12481189658372038,0.00029859813370941953
38991,-1.8072909125207541,-8.902967678641328,1.6013183165785927,2.796695232726799,446.13549042433624,0.17775537800716723,0.00029862094279273785
38992,-0.019076546632065927,-10.213991140942454,0.837629703650401,1.08729056083927,285.7952437696582,1.3819098865868655,0.00029863846273510793
38993,-7.610147647596482,-12.027376044325605,3.2578642295043383,1.0930347820987238,467.8261215666195,0.9415100868074378,0.00029868753479645317
38994,-0.9240704500846704,-10.072354741319941,3.1811069096143743,1.593486552424986,354.5757947201781,1.685255536034373,0.0002986959074852231
38995,-1.4620023918946519,-9.739841902940904,0.9183576607599525,1.8205994199198756,469.2542090914371,0.20223835138500323,0.00029870026343138765
38996,-8.462651845849607,-9.321407007973768,2.4155292899616554,1.1157828688429408,282.2081055233252,1.3108816516892876,0.0002987079671911132
38997,-1.6344831688735937,-8.693204792705242,3.038393744772776,1.3539280919720924,467.8300179347246,0.7803157670691343,0.00029872264189905086
38998,-0.8905859228768058,-12.751168632158516,0.7251271611691815,1.3049107949938863,189.5194318563572,0.31921623829384327,0.0002987256254410282
38999,-7.673404424765397,-11.90664417249654,3.131296847960033,1.6704935336933968,438.6956785532664,0.19547205708547555,0.0002987263972661626
39000,-1.9576032574790574,-11.270292326964768,2.735404207979206,1.5218053907479814,467.83992507751213,0.13082676295504125,0.00029874132996689863
39001,-0.2282019985690873,-11.5066667179571,0.7395561926310878,1.2825757896549914,285.94264910986294,0.13857130827720976,0.00029876777153883176
39002,-0.6232081011961057,-8.686261657196752,1.8876085473477568,0.8692222049275531,336.12906813340663,0.39852137522459596,0.0002987678485700304
39003,-1.4757254151700394,-12.670890896058362,2.6446028161780637,1.8620848911411132,467.945184177453,0.3210221095141499,0.0002987762593289234
39004,-9.03872873723092,-6.738018426190864,0.5346992532284275,1.8629374649766401,447.34303162276643,0.25732163960402676,0.0002987763117871392
39005,-0.8117145927266982,-12.384626987113645,2.6755533226254,1.028658703677093,468.0574171538877,0.8174616479206316,0.0002987808599658337
39006,-1.67180179265676,-10.175075636372373,3.2081646940610162,1.7895655902549548,468.0238354638812,0.06981888525888902,0.00029881881131640106
39007,-2.3987334592422647,-10.327054043080643,4.746521652801578,0.9589262744809747,255.87130078058513,0.7652232878823151,0.00029882667115535815
39008,-1.3613221253101067,-10.431252836426998,3.05456477432312,1.118216664884534,314.9387032935155,0.9314123050423389,0.0002988368817955261
39009,-3.7084843738438478,-5.661501736946986,2.159483553457148,1.2277347257501408,273.8846703866986,0.02459178459226319,0.00029885878972948666
39010,-1.4286045799326903,-12.358741799267452,2.6777017735094515,1.1059529175582383,288.8847994643711,1.2722341202768668,0.00029891178298238136
39011,-2.1661927957358484,-11.901663596026632,2.6128083616829714,0.8799417286034525,321.3483715534729,0.01571532733205938,0.0002989363877480482
39012,-1.8441685340084017,-12.47492431447138,2.6618309382155294,0.7653596116174815,172.41110694196,0.9879694885827446,0.00029896718875187315
39013,-1.1814783961027295,-11.757649038057638,0.7405634512474359,0.8679185277296488,467.6363458231727,0.3369917844333683,0.00029897075732230916
39014,-2.12881218804589,-11.492958464562035,2.6970423457378874,2.6593207197449744,470.20587038753905,1.6312743130797216,0.0002989767949685913
39015,-1.0903978566472556,-9.326160096659363,3.3036426201684685,1.6517719002769344,385.0972676034332,0.12830060766099116,0.0002989806713530128
39016,-1.9133306283862996,-8.730990754837535,1.7886123462437722,1.3173809463974329,324.37530154700227,1.432356851481929,0.0002989870375930984
39017,-1.8411303641661263,-11.762584184614555,0.6211193060852349,0.8784508335715154,226.50642711388866,0.5924340686153418,0.00029898844163206564
39018,-0.5316038786332697,-12.584871358571538,0.6528821435976224,0.674223650869035,466.5016047573251,0.4379916687521437,0.00029901092531017863
39019,-4.430993760285014,-5.3859291268494305,2.5275072056231207,1.8927368693048376,468.79714971184865,0.4927939928494096,0.00029901262326285314
39020,-0.9198016657541501,-8.887800077315024,3.2155627056415925,1.9049723698935068,468.9674118507866,0.6391481600893947,0.00029901938302476065
39021,-1.0440072024819376,-9.096786455563127,1.2384344933161735,3.938056776177931,561.0283250968672,0.7061365589213642,0.00029902172786299287
39022,-0.20282775707159395,-12.822844751986501,2.5569335052478244,0.8975657660158577,467.58277329988596,0.06070182627073262,0.000299033265012013
39023,-1.089466437250607,-10.40404122156798,0.8133905586140489,0.8682248459724272,132.4520245973693,0.28796700887102755,0.0002990687098455571
39024,-0.02711286492578502,-9.073358450457974,1.2433835504440616,1.2365654682990002,313.27396476212226,0.3667140040466874,0.00029907867216697907
39025,-3.9385290125897674,-6.440695831312476,0.7376001915216406,0.47482893752804484,118.81555681336586,0.6679660350493188,0.00029909073948599675
39026,-4.850010470474224,-5.2641611292287855,3.6134682366541915,2.161870708438114,407.36512207676486,0.6624820541358458,0.00029913892222762316
39027,-0.5515963802550754,-10.142271805261656,3.211563695457576,0.7233047209130392,181.10167365686019,0.6273802681753926,0.0002991396107191128
39028,-4.715981486133339,-5.3531632006989875,1.8292292091584488,1.6324903946204379,380.92524928872217,0.06778610822550313,0.00029915693289127716
39029,-0.616297406843362,-12.16560184847296,0.727388555903006,1.7370160047535659,409.1900029552942,0.47775765723048824,0.0002991623944536555
39030,-0.03178354166202091,-11.557487677834356,0.7072358501169986,6.3797943552543686,577.8742971059432,0.08944762339490442,0.00029917011126441963
39031,-1.514481032100246,-9.500206649342113,3.297895154908853,1.0010624609920284,265.4359056722941,1.2818510840760284,0.0002992087206728091
39032,-5.884484304149172,-12.347582204089356,4.4629257905552775,4.221425485700805,577.6270582721583,0.6256003303877664,0.00029923486471137277
39033,-8.030910593120534,-8.590378744408788,4.93669105986676,1.8013205397567946,381.09068874461207,1.8444577825587984,0.00029923570422664143
39034,-3.482006906197852,-5.7288790656914435,2.0880724237214214,1.1307393036710247,467.5066322025068,0.2003233204874455,0.000299242998305514
39035,-0.6382932280222082,-10.24021539247194,3.193477650429776,0.7286655636498766,216.9452381240902,0.6309407508322415,0.00029925904656826976
39036,-1.2469138139546878,-11.991997251263836,0.738443286196889,0.7806352633360413,178.51675942709034,0.41190357308334047,0.00029926726247317273
39037,-2.0747505369616146,-9.490565397526304,3.2982486022724395,0.8036512234544664,174.171211102101,0.01854079918222773,0.00029927298351043217
39038,-0.8028321449837055,-9.468638179853315,3.267164741682653,1.8445136187515132,468.41364161636733,0.07921927355184533,0.0002992772984124834
39039,-9.074669506164494,-8.105443187796851,3.431916437667622,2.658770714176569,471.61729822564683,1.9575043985067753,0.0002992901268461233
39040,-3.860868646427961,-5.508768520871644,2.3156738559589023,6.855748476401878,693.2666089636851,0.3088933923765911,0.0002992981548003068
39041,-1.5207227529562424,-10.557574739869038,0.7466724251879392,0.8380705281783999,179.07114066993583,0.021175091046172767,0.0002993046624159319
39042,-1.1983943867650098,-12.999747152244467,0.6852681961196153,7.158078807374782,715.9277081266365,0.48324746924847073,0.00029932430242870926
39043,-1.92701730049931,-11.455059344204946,0.6091084305027409,0.6686910892926595,135.83554817844424,0.295082626370859,0.0002993285932454144
39044,-3.7002689820317496,-12.264184497177414,4.427067689461807,1.6110659714406304,373.73720024374563,0.22016330954974261,0.00029934173934359655
39045,-0.39758095527562887,-11.568940013505182,0.6948842911113474,2.655636806333054,469.6729325067396,1.5737814297238435,0.0002993564846202395
39046,-0.6997334215734554,-8.460687732429939,2.6951608325655543,2.7648289570738247,479.7068059719559,1.6418500847781354,0.0002993772324571641
39047,-2.033330624160116,-11.74571404399263,0.5703485222203114,1.1842414653255178,245.95550325385736,0.1366575164125159,0.0002993861777573404
39048,-1.7468232266906831,-10.377661654605314,3.1176016441634804,1.264066337649527,263.9825818408335,0.9634505505671358,0.0002993928832168681
39049,-4.953971743753649,-5.728369418883644,4.540564564793553,1.8615198229744392,447.2885649014332,0.40314610435068676,0.0002993935944538985
39050,-1.6686625448407018,-8.427251031793515,2.2538089186833026,0.8022993758005116,439.3551227578314,0.19665026596000423,0.00029939476440201556
39051,-1.4879680912850937,-11.910091304505631,0.6552811090364534,0.8025411486236025,179.52575213149512,0.09655026827258073,0.00029940178391135144
39052,-1.8422390022876343,-10.968735067030135,2.993546070378811,1.1148754651803061,468.1926041306174,0.2028937007433118,0.00029940962813629205
39053,-1.1711855461391778,-12.66571306009754,2.639288006906967,0.6370131435087419,175.23913510992244,0.605009757722426,0.000299418058824548
39054,-1.1681344246026946,-10.77412905544734,0.7939213403728107,0.8166551549436059,469.23860177945886,0.16677846364259707,0.0002994224325456567
39055,-1.8716669492991151,-12.987156169176004,0.6347705987875855,0.9280420972596352,143.56809111996265,0.2218778467277449,0.00029942708094087385
39056,-4.172891415216467,-6.6076690592581535,0.6180232610704116,0.8122412430951235,231.50774048146005,0.5985281150130435,0.00029943608671108876
39057,-0.27718289003015073,-9.256892264695296,1.1659927570804514,1.758758405226473,416.75025379625424,0.3722491924577671,0.00029945022350616213
39058,-1.4703991543585655,-8.713108301158998,3.090583888337405,1.7444853029353238,468.08454540063565,0.7643766974170134,0.00029946678536941997
39059,-3.2119119425559752,-10.43066754086403,4.960852379961259,1.6633046838100631,468.07210615356337,0.7150670984686327,0.0002994796076683439
39060,-0.27486123804543006,-8.368529396528345,2.406447290889587,1.1970232079457586,242.21035387121896,0.12039846978499469,0.00029949426138641563
39061,-4.349116105186725,-5.72642361599362,1.627004887937644,0.5556368577905364,146.22021864675972,0.4357083599021738,0.0002995168673679045
39062,-0.47458632197360195,-10.942462993484774,0.7311796613636011,1.018430675306651,279.12199974809795,1.3111627218501791,0.00029952990293187763
39063,-0.3742558690366824,-12.683621821746492,2.6367781055567185,1.598323950202665,467.84660386030896,0.16899750821270842,0.0002995394168291603
39064,-7.99152563873754,-10.065071554758278,3.169342231993184,0.9673586033872428,469.59969704884935,0.002246753970535309,0.0002995611263355417
39065,-2.2471291782533953,-9.19974244554879,3.3124590670355993,0.9088981976518287,181.8173744668359,0.9561188998887271,0.00029959073256585804
39066,-0.3094761610092345,-8.386914936882594,2.3096027869980564,1.808667593714626,431.3925641106645,0.10921154503337593,0.00029959174572237517
39067,-2.7101814361843832,-6.650137404359444,1.750681313499131,16.882628056073347,464.0692627222192,0.18477835771380402,0.00029960872281128
39068,-2.396170069872995,-7.788551184807662,2.816659599381424,0.5356190209048775,115.42073539948412,0.006131672880265171,0.00029961540246468857
39069,-0.7942579777579173,-12.005990533356858,2.603489820798131,2.22937147846107,365.7588210151472,0.15734827503794513,0.0002996416723863968
39070,-1.681595547277956,-8.80401898294243,1.710879461092223,1.8042472868933046,468.67311113371267,0.9178967219328609,0.00029968672196138755
39071,-1.869645895763373,-8.47744271595315,2.1499015102535943,1.710495454631865,467.3855855299153,0.09428055150063663,0.0002996977955634996
39072,-0.02472320092030067,-12.305625943784387,0.6636705303696636,1.687229204734272,397.1268734058017,0.7964052394862682,0.0002996997893755613
39073,-4.596416669337989,-6.078440450777397,5.043479271587429,0.7176085972988532,467.7825438077537,0.35053274732162887,0.0002997082840061057
39074,-1.4282387287769716,-11.064470298672852,2.904534464926928,0.8442958651647284,469.74628659993675,0.0012783831148768243,0.00029972026851694507
39075,-8.913178154164223,-8.461914008784778,1.2617487551279518,2.2001360814144713,426.4582490267243,1.8457346295935588,0.00029972177285381694
39076,-3.136365389153452,-6.194940410091617,1.1245255879885432,0.735940028751496,133.12493216103476,0.10444285843481804,0.00029972526015025776
39077,-1.5384043430726528,-9.992618834927008,3.1851447489304303,1.0623625643855255,286.13687608019904,0.35440623568672525,0.00029975734566996536
39078,-1.1451054769049875,-8.625752305921827,2.008621141258562,0.7898034776471499,196.8804256150058,1.1065912648309126,0.00029976828596580703
39079,-1.6661981141989823,-12.875380136716744,2.5493525214724206,1.756122503608683,416.5266768447425,0.14656929262663,0.00029978935611793794
39080,-7.790044761552274,-10.93227438968899,3.1328478382454077,1.5014514167161421,464.6112160093968,0.2477662298000176,0.00029981168473597135
39081,-0.4035534972904973,-10.952626995635189,2.903131434390239,0.7183402055058573,193.5070303391921,0.78548590174859,0.0002998329975303338
39082,-8.509699593869753,-9.314753997173126,1.3413343484326685,1.8434194271142224,469.6357648739063,0.2231537602941449,0.0002998377342552657
39083,-1.6789278281242623,-9.933374966567051,0.8425297685687957,1.625783053020855,468.50589878002506,0.6169059881789627,0.00029984124167848237
39084,-0.4389049702518548,-9.12296053123119,1.348020553025621,1.0951857213473661,263.3100651533129,0.768382917497016,0.00029984150760898064
39085,-6.024740438002578,-11.993735617912508,4.4965669167609486,1.7855600592201508,155.19505036255055,0.35596423342121675,0.00029987738621715617
39086,-5.356226181070284,-11.05051423016575,4.694509368931415,1.60286572541428,468.0103697796653,0.06541424172894761,0.0002998805496128034
39087,-0.16802115845890064,-9.738711084853184,0.9655425281326754,0.9875526685729528,271.26859962607136,1.0326177835601937,0.0002998922423934928
39088,-2.661081353263169,-6.610352781914106,2.525193751605931,1.1127590205966527,262.1554821833937,0.7685972603574731,0.00029989682151689115
39089,-1.2548526838734446,-8.519026117670808,2.822581466526078,0.5270613461212262,122.7407363191895,0.4146837889734014,0.00029994847904979844
39090,-4.877930654130611,-5.587783539317028,1.133213104834361,0.813593036921577,221.66678744553653,1.2754975256009837,0.0002999500267706378
39091,-8.666141590549554,-8.563074139647288,0.5805237265098295,0.8807822838505109,468.58326796638175,0.18008265477819663,0.00029995978763544946
39092,-2.08634115083885,-8.440984066393142,2.4787405538456775,1.0355466916903462,296.31714287101624,0.9057563591495672,0.0002999985091479867
39093,-0.2468535029286727,-12.261971910887041,2.680275670303423,1.0538897890120584,218.58047129318737,0.14452782126687058,0.00030002089805971277
39094,-4.802616727243924,-12.180155674755833,4.455984430398286,0.5620696181464987,162.67240121053996,1.0789383476756074,0.00030002744397626446
39095,-1.933426189276135,-8.372363391858222,2.3967063181845365,1.8335146697290434,468.2179343887342,0.8005657342962342,0.00030013065980700516
39096,-1.848314365263521,-12.361638748093732,0.662824970639681,1.7866446664878768,468.0523848907041,0.32364650860448396,0.00030014271170649467
39097,-1.0508861063848123,-12.524075085262101,2.6463215591106044,1.4910405814689949,343.43112325555114,0.6054640640192543,0.0003001798538102113
39098,-1.177587741295076,-9.358621612958482,1.0915853899178818,1.708905497556819,467.83272554460365,0.27002336673143734,0.000300181286235671
39099,-3.6858600069447087,-5.6563669238661385,2.3607362511888335,0.5084793395417158,117.18066680222867,0.47841353369791584,0.00030018461600210604
39100,-6.429242235425161,-11.245879979604007,4.573464535216806,1.200801480475978,303.558723675919,0.8009027362931809,0.00030022802928054
39101,-1.7092544538843786,-8.659530103046706,2.0519211469434957,1.8697901688058423,449.6809565215052,0.10070155185745033,0.0003002489145467417
39102,-1.0238226698316328,-11.902947267666487,2.591580228682191,0.9966373466777873,469.10813837039717,0.6348377534151135,0.0003002666730030632
39103,-1.2519237893475221,-9.207352781491291,3.2863205968076374,0.9273256292449217,258.4665280522686,0.7399081481189294,0.00030027211275881365
39104,-3.351999934415998,-5.871978615805094,1.7186497463007588,1.398011092841993,318.6868730293492,0.2488088414875511,0.00030029840832293455
39105,-4.9655504579677,-5.423847170824115,1.5901255348264893,1.570130084107527,467.56476790008435,0.2837227323485658,0.00030029960133648264
39106,-0.8705744517204241,-11.824370918367595,0.707354810359318,1.3720167278425632,306.9927855823847,0.41556956941727297,0.00030030954506138813
39107,-3.2012662564349315,-12.22168039053304,4.476575605571674,1.029704792510318,266.2720023754153,1.0466220820240943,0.000300317542247466
39108,-0.34085949841287366,-12.387103835232972,2.659422830475048,0.5045353386077215,111.74655960706956,0.15668513110448945,0.00030032670247436894
39109,-3.2613911525700807,-5.894929014733411,1.8738876315417412,1.462013567858718,340.314749700112,1.7452930359112173,0.00030033823653955946
39110,-1.3863699111304442,-10.742110722471445,2.9892020335332745,1.741668595815414,170.24726604530758,0.4077416675148271,0.0003003414361140993
39111,-0.6876712947019943,-11.460075600450788,0.7263720692315726,0.6152058570078218,166.16179858305875,0.2960666060466668,0.0003003501825718564
39112,-0.18613942953366447,-9.491180354150625,3.2709878180200698,0.9745690399670606,467.38391124914136,0.42835694065706154,0.0003003571135933347
39113,-2.7580743916414283,-6.871997447196844,0.621246611884823,0.7571035402734042,468.5926675165528,0.26642926836020386,0.0003003867765672471
39114,-2.266038915232807,-12.827418793219623,3.3155694536004146,1.6741729203398588,364.7911930859969,1.720563157893654,0.0003003933896425482
39115,-4.843956839251088,-5.5382632058973496,4.023044324424034,1.0341550683229055,242.9400345632111,0.6732970459148211,0.0003004033842103857
39116,-4.708293210181593,-6.134111587420168,0.8858875611630492,1.1015630373623813,287.4514553448014,1.2077981638945738,0.00030040475862607314
39117,-3.7478318105504362,-5.508874461046139,2.5132595460541034,1.2663048703203321,465.2964872154306,0.4914458316102861,0.00030041062005457006
39118,-0.476179934059207,-10.351090285183796,0.7651352592152127,2.2694702944589147,435.34821216631383,2.3905983635839023,0.00030041322275960755
39119,-0.17865902809492518,-12.58039043601856,2.5696178559448946,0.7807128431980866,467.30286698061536,0.2792110272853128,0.0003004164057620066
39120,-2.7041765133591955,-6.657865409595736,3.1591385234849243,0.9614459551677201,259.19246989782346,0.49338193229172855,0.00030042081901413226
39121,-1.4792174635325424,-8.469304997230331,2.1476472598953893,0.8552121589176123,239.578759635544,1.4593273765180301,0.000300423749011717
39122,-1.257698664524657,-9.860523320126557,0.9094128599010566,1.649399050008078,467.6593148343851,0.15425599578751648,0.0003004339847295336
39123,-1.048902343991644,-8.689547695996794,1.919478195781886,1.8492928187608946,442.9156582180522,0.32318291203397376,0.00030044560657083684
39124,-0.14907406485768604,-8.685300166353557,1.925730333620049,0.6960375822769614,212.22764186940475,1.3326410503561101,0.0003004604612165144
39125,-0.4173986322501815,-9.2963003576135,3.2652997111463664,1.818672629377496,467.77044097009275,0.6497812159351719,0.0003005044162455936
39126,-2.5432299244519356,-6.801768721872319,1.264442487864944,1.0266191579350095,468.3059670703416,0.6252825555922694,0.0003005159240612412
39127,-1.1250354150972246,-11.10791140316516,2.882247068957047,0.6915775788469394,205.0859085430239,0.658216421909791,0.00030053190674762337
39128,-1.2662375264906824,-11.908292465570197,0.7272547794453399,1.1606820755853047,285.36790777689737,0.40303235306105467,0.0003005327894953412
39129,-0.8034875354517208,-10.467965322804593,3.0404925740531694,1.193217613629716,256.10599152190764,0.8173258181039573,0.0003005347331902934
39130,-1.1780300604969263,-11.013746860465906,2.840255729010915,1.0747062468321125,212.12690932911718,0.15400941394428624,0.0003005552594344195
39131,-1.0969892918665938,-8.442753450882293,2.5838294216323425,1.2639062697068137,315.43470547208085,0.36752777356810196,0.0003005624567385381
39132,-0.03368602277432231,-9.811177886843323,0.9129380671546379,0.8900713148552019,248.20832181082588,0.7826859433768574,0.0003005676834327951
39133,-0.9558540735164893,-9.578886240968773,1.0509949237908303,0.8116844455456348,169.48399130265733,0.344718488573462,0.00030058141216324815
39134,-0.5854409966840954,-8.756485802422272,1.8403492006628404,0.9565923407189528,240.4236104626807,1.0479820717123376,0.000300583026422022
39135,-2.3046704655756436,-8.012333851814828,2.282597995119561,0.5417814417393998,112.5729041485178,0.1072025159153247,0.0003005948221828633
39136,-1.7866832144950209,-12.344982319868159,2.575692711827192,0.965568143181454,129.72003443252333,0.30171761635095695,0.00030060306694882846
39137,-5.867850439306651,-12.017700214348679,4.499342801020126,1.0951383379795676,288.63691265353026,0.6738588952715663,0.0003006084268002769
39138,-3.829497087548691,-11.988881416985464,4.457875288756614,0.8539674416155113,173.31912558750676,0.1534897698901876,0.0003006208872176439
39139,-0.7036171505015094,-8.56849944668091,2.091918448418911,1.1192738159314173,467.92869843137277,0.8156753393597151,0.0003006210914484674
39140,-7.5964495347227246,-9.001735266732574,5.099211226209754,0.5423700933875724,142.0698365277076,0.638779770135975,0.0003006773808392609
39141,-1.5037068046269315,-9.783255804521845,0.9311226396611966,1.7717968224450964,418.99892292018245,0.012906599906726157,0.0003006956138770075
39142,-1.5898169017805959,-9.39103456582888,3.292551250356294,1.8289310861405002,437.9344290137859,0.22218410335830452,0.0003007010473593716
39143,-1.182166021114016,-8.432636412523244,2.6861754555905426,1.658291279405294,468.2825646376631,0.6544186462997716,0.00030070262276075824
39144,-0.5057941198613527,-10.44693643613698,3.0456285161234535,1.6054645555920566,258.3099621874961,0.035067004722946216,0.0003007247205291693
39145,-2.290584958841948,-8.75939097174252,0.6049768053536806,1.537755431002559,349.5676230234315,0.8727378162700647,0.00030073855984171833
39146,-1.264859116053957,-8.667267747613426,2.038530065541014,0.7926209721042552,157.67593801323753,0.09844730807107638,0.0003007504470731323
39147,-1.367592748451795,-12.346650488864086,2.566146753422953,1.998331100379453,405.27582578486243,2.1120185903366826,0.0003007554943480386
39148,-9.191196430003924,-7.878833041310992,1.385422223076729,0.6081236148661755,156.71899100339513,1.1257887115604364,0.00030077688671516673
39149,-4.609893525353247,-5.328357220094761,2.9573209023516007,1.7568514001801716,467.79379991634113,0.4505233011436287,0.00030077755516437076
39150,-0.059414074445445664,-11.40937486044516,2.7022608608317396,1.4037283046630398,311.6945830954913,0.05160399011779493,0.00030077793416688015
39151,-0.5520747625810323,-8.90740694134709,1.5996573472789481,2.3620087414620947,440.80552926025723,1.4695276622269313,0.0003007790563759206
39152,-7.447940671401137,-12.032611177848588,0.22790954207732084,1.0787623598142153,274.0856331766807,1.267546620737785,0.00030083086322805884
39153,-4.965886786501964,-12.53517371676344,4.425361753517218,0.5251529851678899,149.72872371086913,1.1096895906930175,0.00030084594252498725
39154,-0.7072457728508219,-8.525201685598825,2.8776602965705287,1.1173963010513264,292.0531805543038,1.902867239471001,0.00030085032106221373
39155,-1.25537639150898,-11.179878815333547,2.807993267749005,1.8054762797795758,468.399168473532,0.5691389603762476,0.0003008532302263208
39156,-1.7782556661854692,-8.904013110821786,1.5507667277218524,1.911153647654572,393.7207811001749,1.5345386081925225,0.00030085903916351873
39157,-8.553364168451509,-9.216375352109246,1.2006431754121516,1.0497564518506683,208.79266291484285,1.039318953192617,0.00030088715919569266
39158,-2.4838366733362793,-8.649997601689035,4.86346632026372,1.612283820875804,379.93868016084014,0.5085472385587169,0.0003008917570989976
39159,-1.2282642372866395,-9.013898206105297,1.4504075756676573,1.9412738290886424,389.93124923881993,0.943980562690407,0.0003009015666774669
39160,-3.6148966586935716,-7.185570051328528,0.11294763590446077,0.7236494375576469,163.65341783944007,0.15325342063321568,0.00030098960858833927
39161,-7.803683739660026,-12.768959402553746,1.0596200863284628,1.1128228022323978,467.9565549492797,0.8224946737473049,0.0003009913863124632
39162,-0.007712704192041286,-11.228538931595036,2.791780948945608,0.8955668255139946,179.93257380360495,0.2763807302404251,0.00030100734325279316
39163,-1.4064055094517958,-9.369152550435297,1.1048122459539826,1.1362209388021183,288.6316753738813,1.0687264035962487,0.00030101021973609086
39164,-4.4755313880772265,-5.911712445935896,1.1462539355374528,1.04152374414493,274.0094570680205,0.2048777796280179,0.0003010465389237662
39165,-0.26736585387633305,-8.523836480231498,2.8727348206302836,1.3136254941447294,325.1188035060429,0.36237197354830375,0.00030107225006362903
39166,-0.03806714167838443,-8.715735860383667,1.7665957913205697,2.66695132899946,469.95059170582806,1.4592908934628799,0.00030110185107357616
39167,-0.6129919847765244,-12.242120868375654,0.6855812899164286,1.8192022182572867,382.1899779759013,1.659722091975465,0.0003011504904622932
39168,-8.02334883727418,-11.004342468042724,1.875636098156831,1.6090713442859472,372.30337393776347,0.8709090094514842,0.0003011607147768149
39169,-9.376588594741646,-5.466373732746052,4.933341096276116,4.792343415626086,614.8239779945279,0.8584688678409194,0.00030117678288427266
39170,-9.484499752096399,-6.623815793740173,4.67921373188597,0.7941213757306375,159.56841882155877,0.3976525652044156,0.00030118830658336376
39171,-1.3285760446885533,-10.54857736958516,3.0229795785358013,1.2808564690815774,255.75639613441473,0.037949601838262126,0.000301196752508729
39172,-4.347322389321691,-5.964144335982766,4.51698595723229,1.4631159297887204,467.9889447793914,0.6151583339333309,0.0003011968673342955
39173,-0.4213063732017712,-12.163875319255652,2.683581469113892,0.9338426480098361,252.21387667444142,0.6857818112841647,0.0003011984680166427
39174,-1.1728036486449263,-8.48130665884949,2.7625610979394923,1.4960166537383681,470.453761948435,0.22443412989831657,0.000301251139551625
39175,-1.1205040526254404,-10.967085522944313,2.8962913679886895,1.1065372684765946,467.6559209085785,0.4896678401516086,0.00030125462377793164
39176,-3.02968051496892,-7.267387687243438,0.2965610278095442,1.8084052340197065,432.4538226813588,0.01479891190941185,0.0003012933991239527
39177,-0.539306892041802,-12.627750724413932,0.7419850440602891,0.6007165697522235,186.05743597469592,1.1593542844309006,0.00030129373240862393
39178,-5.700807330818856,-11.220347031009457,4.651418010311245,1.8320132415486803,438.1984068943324,0.5200439645805313,0.0003013044535199791
39179,-0.42390536818932034,-12.869183992363245,2.486755395429957,1.2805193377972524,306.6529652533729,0.5005770566689138,0.000301318496223525
39180,-3.543196887033547,-5.609403189608502,2.300507769720039,1.0114536933457843,467.59456472262,0.4195303604886318,0.0003013208679717853
39181,-4.725200613964059,-7.13269165654433,0.03783989889845304,1.2940721294586497,304.90481687327,1.0568946582931025,0.0003013267129650187
39182,-0.19181591787705443,-11.97179546998292,2.5795960493348304,1.712450560295444,468.00500780379156,0.4814556755679833,0.0003013270152592653
39183,-1.5970703765104268,-12.173279714048368,0.6343319891299087,6.213789606419339,668.1862832263733,0.2825743283759232,0.00030135601703992656
39184,-0.9954956254243292,-11.083842590411953,2.8727742536329672,0.6055242614927918,123.57404464554405,1.04907289298386,0.0003013836742915644
39185,-6.701281213038049,-11.180845134837258,4.4835734717210896,0.9553665818654686,257.8406770410431,1.4111045203696468,0.0003013873094362744
39186,-0.3485648651918023,-11.235239085394179,2.785856641710271,0.8306781344889395,468.7648222885268,0.21290779829447803,0.0003014335240736307
39187,-1.8474833455837416,-9.37709086352991,3.287629735117454,2.9841698605434352,491.4195597240929,0.8504159825687978,0.0003014470381208902
39188,-0.621708290074551,-11.345025617385438,2.7195390744530408,2.46713714284341,454.65334864359704,2.346184991960823,0.00030145606634253777
39189,-0.6481889446116895,-12.909628065969875,0.720987222447242,1.1669575935585463,467.39291243292786,0.41770895910842043,0.00030149066296410664
39190,-0.055262167824784214,-12.465057489286561,0.685141639717307,0.8879317040170476,467.76452379867857,0.4138775894929916,0.0003015002048680388
39191,-6.917737328786394,-10.940201238511548,4.422168014146555,1.657826678649777,389.5476911792708,0.33722674687919874,0.00030153966016794535
39192,-2.178616758852873,-11.635431872870065,2.7439296451564354,1.4094853754214098,319.1827548886098,0.2697929886762944,0.00030160990969348096
39193,-2.3867937942083364,-7.490639747834225,1.5775703902871216,22.20294882971832,847.0958625892459,0.2109604536339491,0.0003016308966011374
39194,-1.71578601020469,-12.16918284700668,2.678341948058808,1.0387329769690234,268.6518969058615,1.076076509556068,0.00030165272038564016
39195,-0.4634424382265241,-10.071387468677223,3.2121234234016245,1.4785392605300751,336.1649006407283,0.1039279073362458,0.00030166414986955545
39196,-7.774384380225537,-8.809848260651751,5.068278224170374,1.4769997861956932,334.52369921337277,0.00516006141791614,0.00030168062385909137
39197,-1.2779794242259133,-8.403705790061508,2.2932619191823203,1.1840396944514278,303.91993467482723,1.7063336875284998,0.00030169995729765965
39198,-5.276242988882841,-5.424452514087878,0.9105974134347377,15.186710845296144,711.2547147388696,0.07382652799546463,0.00030172429890675955
39199,-8.06970156752945,-10.74434546010752,0.9593694714039661,2.347957402950784,439.14548941970327,1.4349337064687218,0.0003017251212708433
39200,-0.44029881998774734,-9.083515811676204,3.2579346231526527,0.8765079893926447,468.3507177873386,0.5177288423990438,0.0003017659489093907
39201,-1.3182942092720236,-8.821146449149449,1.676588593064582,0.9117558595424748,209.70951565291747,0.4495296291209421,0.0003018267665089944
39202,-3.5256677160352323,-5.672700284707831,3.068209648881969,1.4856800395020247,201.55398981099884,0.11568097123227705,0.00030182838771575915
39203,-0.8444077874332017,-8.596052115853574,2.1121627783032855,1.345226365769022,468.26224511786455,0.5816519286586557,0.0003018548492578601
39204,-1.0483555556567516,-12.543263712555119,0.6441985330906781,1.4041570964430115,329.81655869916494,0.6711695301955123,0.0003018742561474824
39205,-1.305593038325192,-8.410229515758086,2.332291836683482,1.161993256369583,297.98256819343544,0.7345599330152455,0.00030188827760814843
39206,-9.542092710832398,-7.713127818631326,2.8745294572967817,1.7239290870950585,410.4632373364082,0.5838498849770657,0.00030190263715517253
39207,-2.0953952487025447,-11.798439366228376,2.8548260676747734,1.3640360620262866,307.1428451592831,0.059125979922595384,0.000301959818538782
39208,-1.01242250869214,-11.197025965239277,2.7925117974984333,1.7967619495374851,467.8026960899733,0.2533026025114813,0.00030196648622162533
39209,-1.9238930226722655,-8.95534428701369,1.5135391213656204,0.5419549345250411,113.32171595224204,0.00041476430305031897,0.0003019938027431762
39210,-0.9870457575888132,-12.082717291876289,2.582857380571584,1.6359059326557912,363.84804836418425,0.7850630594153332,0.000302016488846742
39211,-1.9669465558921466,-11.486077570156716,2.7536425077954565,1.3637417892905588,301.2767527527405,0.08043931078073197,0.0003020490430799112
39212,-4.16137258032815,-6.0669769539869725,1.3616306518293733,1.2340099048502438,287.92456549981557,0.1334098635445793,0.00030206649134679146
39213,-0.21263593600847308,-8.597157490539796,2.11545289240037,1.0815268296816345,282.80653279256535,1.6836920892305907,0.0003020722363533109
39214,-0.6166441260693478,-10.273147082158943,3.129004968224133,0.826243815795911,176.312973075958,0.278929635707013,0.0003020956685259462
39215,-0.7623711283285601,-11.223584962094025,2.7830300662975707,1.8577342522131906,467.9095788413169,0.4883513444928633,0.0003020970563001944
39216,-9.97311080171068,-6.976440341852762,2.3832586101939364,0.6966725015686053,166.07229354402998,0.3153671232522024,0.0003020982792911965
39217,-0.8482409235052284,-8.461424766565974,2.2587764374507966,1.2641753397701347,274.3620586434271,0.41701352524932744,0.000302128463749423
39218,-0.7731376411651709,-11.260055611974584,2.7705710705684403,1.7730462530482725,452.35983521504403,0.8428756185422213,0.0003021337624970492
39219,-0.5774551740100744,-10.850929423613572,0.8242422163524777,1.5289438166366207,269.98157253568615,0.021423162607294266,0.000302161413164143
39220,-5.111337811112905,-5.6615416319091825,4.6688544660314815,1.4510662842849333,327.76314609868183,0.10384242882637373,0.0003021622136267951
39221,-1.4846740592827015,-10.564022563662347,0.7916328911498623,1.0696716147757523,284.4325945182036,1.3558793614311488,0.0003021863850022925
39222,-0.2511023769550764,-12.394071654117079,2.617874892174438,1.0111632921331473,468.79030764063407,0.006423753215435646,0.0003021889602055834
39223,-0.7467491781732694,-12.533562421447456,2.555474939781404,0.7462065124622892,467.40132035510663,0.5179007645328468,0.00030222408145249446
39224,-0.954533448421305,-12.739269845702188,2.4881811963228304,0.8584193297515225,169.390393634027,0.5211346192353803,0.0003022270196261034
39225,-4.9201833411239315,-5.335255460106118,3.914283386414216,0.7047297106992433,171.31783201037126,1.0004217588862518,0.00030224255062151186
39226,-9.133694641068121,-7.335524540565305,4.707192884637512,1.2068937007056475,290.57352002035765,0.34590887802203163,0.0003022450388623752
39227,-0.7333465252680398,-8.999279991638687,3.1845786299468433,4.080599383128128,568.2453310129437,0.612520609756726,0.0003022485316508468
39228,-9.167791392838017,-6.9256464106164,0.6956158819439835,4.380658239008632,478.5842761352337,0.08399983802749933,0.0003022535659882932
39229,-4.684275030996959,-6.568850997156688,0.503940725096623,1.2143146076745532,268.7624683087886,0.40334857802648205,0.0003022840764309266
39230,-0.8448312718579203,-11.872528266485453,2.5981474991183227,0.9143546171122294,154.10361975732292,0.19331029912277398,0.00030233302353644916
39231,-3.762083901696097,-5.694748047156399,2.0308548279031626,0.9242407557835998,183.04045325955022,0.8308505005040301,0.0003023749983553626
39232,-1.1057459230887687,-9.550535778028543,3.2796799073785223,0.8179791676800185,181.4090865947575,0.08253977561053638,0.0003024130373471215
39233,-1.5227106983381606,-10.87324898393653,2.8993972156162253,1.6216183429226736,378.41281929012166,0.5588334153017183,0.0003024312770204088
39234,-5.554204927833898,-11.394160818284426,4.606233440380234,1.1897281261318213,291.58363039403065,0.5801443747440125,0.0003024385474211182
39235,-4.219618077919868,-5.401322939210288,2.405133789428561,1.1052323694473094,254.52829524823812,0.42608937609454856,0.0003024440847858761
39236,-6.529394454585946,-10.41455225430488,4.855661607557365,1.732198072805128,410.3228155041806,0.24044945350571023,0.0003024650799759307
39237,-0.05673127789278709,-8.823777190024373,3.139510389253657,1.6998081983031166,401.33322235865705,0.2537511035400888,0.0003024850370523521
39238,-2.749808493479514,-6.769898943291209,3.871489005853609,0.8398401993706639,467.12301877633814,0.09248793837232494,0.0003024891068716839
39239,-1.0105737399544683,-12.207657192472077,2.6636970245455514,1.8289988331671392,452.5900676686769,0.8865639911550067,0.00030250661951085746
39240,-1.4359942791502451,-11.83733601312536,2.6169315624523857,2.754873764625981,476.3423508228509,1.2529987148553223,0.0003025210107333193
39241,-9.40881964925427,-7.900485215805703,2.485277627115373,2.595918125650859,466.40402927990266,2.155808064875587,0.00030253426866270284
39242,-0.6412343507253997,-11.30809938149865,2.7201009822478537,1.848085180221565,469.13143360665237,0.6340936504249388,0.00030253981308309814
39243,-3.5870303862642663,-10.682855535874287,4.779599720959734,1.2382665067217986,467.9799311921738,0.4175445924350383,0.00030254053023698015
39244,-0.5785256341953176,-10.449017417154625,0.786383036916728,1.4805192164364662,339.0731817680523,0.30960219787631615,0.0003025497451434602
39245,-2.6619827424281493,-6.784792556383339,3.0065513097967305,0.6474289471822119,151.24128663803114,1.0543439602904998,0.00030256875303811463
39246,-3.2397684159417395,-10.771385994649366,4.776851893839561,1.446973137608072,419.1375225233631,0.22402249704840838,0.00030259994681543825
39247,-1.481273451462732,-8.846987152260967,3.1538216780795962,1.2685805110181172,277.1912180764536,0.47134545793322946,0.0003026364072343298
39248,-4.564750069905572,-5.6142299759704795,1.843758115312196,1.0590867499193213,468.34152322449506,0.5142266922173393,0.000302646387599866
39249,-7.878415311394937,-10.635292117307522,3.0381916194992797,1.6500893460082315,386.2359322167592,0.48465871413619777,0.0003026560723806185
39250,-0.07655564082365451,-12.198614148681248,0.7134435505133235,1.0719105085944616,226.40490896000503,0.12761688563833484,0.0003026763107491559
39251,-9.69483701547916,-6.711286853486968,1.7259656256460978,1.8735860896443632,469.08092931726134,0.1856173755628916,0.0003026884608338771
39252,-4.866066683980218,-5.134979951698093,3.432532863881171,2.3155178825095466,434.6265946542212,1.2933366385853047,0.0003027054662369196
39253,-1.0957341741611,-12.637813052789042,2.6201458212180584,1.2886902333423496,299.1719454369569,0.22773200746143285,0.000302718841968749
39254,-3.8916711624360447,-12.369124825496717,4.410933650667824,0.9367229604568648,298.01007299937964,0.5754254985135985,0.0003027582590131279
39255,-6.491131605358458,-10.295804950656537,4.933408696092405,1.4950466940963585,335.4620523516028,1.0906652890687267,0.00030276784542362847
39256,-4.180201501274404,-5.544813644116462,2.3306175853322113,1.2503217652717065,468.23972075167416,0.5698305762747102,0.0003027739286669419
39257,-2.0159891978233544,-8.862914518143612,1.5942520996883827,1.708692481100448,399.5267621202054,0.10976844109202943,0.0003027882397422832
39258,-1.4559339032790746,-12.346626598765464,0.7238243060522677,1.264431449440709,469.0472351830186,0.6367997975579511,0.0003028013424830098
39259,-0.6096051084906744,-10.495557378448542,3.0821369181076257,1.5565152052193585,359.1004756709419,0.19248051394321397,0.00030282891712538323
39260,-2.747438992257006,-6.470010329467464,2.778542675004741,1.286559311078793,319.76601282910957,1.3041323539475966,0.00030284588251725284
39261,-8.416585682346483,-9.110640340375245,3.1596269795167347,0.7506328792834098,226.192276786173,0.43766994496975453,0.0003028509340906727
39262,-0.7274922256021217,-8.488116734440514,2.147527158985835,0.8739181356939169,466.68035847693136,0.09108120239488571,0.0003028556633064349
39263,-1.388533407896574,-8.687527521660794,2.032025745514879,0.6452995487645775,132.74827154722664,0.0810319159935391,0.0003028852753417872
39264,-0.2603171735892893,-10.586549005206974,0.8124172047925332,1.802642665763851,366.3460781777006,0.5992657994335353,0.0003029086185775366
39265,-3.7583165087879635,-5.629506695371918,2.7949786633763445,1.0547548367343669,282.4833020686779,1.248635968867065,0.0003029269430123135
39266,-0.7840568386568734,-11.69568154232345,2.6163924999553254,1.2583958086539888,468.5133972897611,0.41713397507645933,0.00030294776613334256
39267,-4.060981820931129,-10.79657468646067,4.742142371294804,0.9283428435381753,263.0411717455518,1.6053603720697849,0.0003029736105414447
39268,-1.693124649282412,-8.692700158408343,2.0600285496967237,1.4244854838031416,468.6476442713255,0.24511486093055357,0.0003029761550728771
39269,-7.100064613016561,-11.831492492224351,4.050390452888839,0.5589668102151655,176.67706351244453,0.39595354622233714,0.00030299290738036955
39270,-6.076106821748899,-12.678711658222905,4.422068795775301,1.1601482717686609,296.56850337514345,0.7388893481642311,0.0003030135322965122
39271,-3.3402134626691904,-6.132398963767699,1.3046517460986238,0.6275864016550097,136.65237847246974,1.151929613498238,0.00030302920056302063
39272,-1.0857112613013218,-8.777265246415482,3.105482854288158,1.282693247791452,272.95311681357873,0.00047457697468722415,0.0003030304165694515
39273,-8.343385623583515,-9.727509843950518,1.4922870670707244,1.5482546761999105,469.7822152410842,0.1065921462925763,0.00030308373502016707
39274,-1.1797193887036332,-9.689100625628592,3.2636037033224765,1.335670680562887,300.34127245487014,0.391111386635437,0.00030313885112434017
39275,-3.2433606143735307,-11.961951377118371,4.47874828331688,0.8577306446797219,234.75982941729518,1.065429076895355,0.0003031426704347472
39276,-7.153963878205918,-9.488161051903223,5.11580400710934,0.8471925424777786,200.27225509377016,0.4540465563460456,0.00030314960490788654
39277,-0.17511131839059324,-12.887577652219688,2.522795251378777,0.9157851452115918,253.90921484624263,1.6355080663229762,0.00030314965544574613
39278,-4.45627923136152,-6.74557108737859,0.3711785326669697,2.801100386357012,480.21224700145535,1.231615726354364,0.00030316129092837577
39279,-1.949316830855107,-11.086955014562248,2.827728432052619,0.7820690858541435,165.66969433982507,0.01813548245401453,0.0003031648423783286
39280,-7.965270375729315,-11.462980253680763,1.7372027389016191,1.4836735301284398,336.19018829762206,0.9912748678641394,0.00030317558421890707
39281,-1.7266441918088749,-8.727784350928017,1.8789725737677958,0.7857843131532088,187.35778078676316,0.12616246143664522,0.0003031810160447165
39282,-0.7622717995708896,-9.13004073003759,1.2688729756201556,1.0542663175244924,275.5726884075514,1.1147185710996768,0.0003031865513449516
39283,-5.6310450817745314,-10.746998935773606,4.807152179939712,0.9248460691544174,468.0619898228626,0.7092150972559272,0.00030320173720826683
39284,-5.677347722299473,-5.187865433014523,4.957704081561478,1.104185102153558,467.242395682935,0.6363660113408409,0.0003032242456562098
39285,-0.9480029557247391,-8.772454713220538,3.10036153449286,1.0306235678744766,271.6774563495935,0.705116232938944,0.0003032279954115807
39286,-1.0125514530289887,-12.335701012714873,2.64085553853292,1.8316009331071024,437.99085915283115,0.06272790197273359,0.0003032496700853981
39287,-0.9742714241741783,-10.561892525475779,0.7650686146150019,2.6260816828276723,464.302383067101,1.1652618621925566,0.00030325817834107616
39288,-1.2180191657417119,-9.084628463074017,3.189460299971423,0.7696630368599453,202.18353988939285,0.4721425902340668,0.0003032704789465868
39289,-0.6052991261842084,-12.364626870693222,0.6406686555664783,1.605582669772164,361.10078372056745,0.8309925255893287,0.00030327338920389194
39290,-4.083368666384594,-5.555621638085628,3.2675966591789662,2.226517387977048,427.4434107686899,0.495042285588176,0.00030328171435152403
39291,-5.3550088738619515,-5.733679061060438,0.550677028062562,1.263369318862276,310.7432149687742,1.3595071597782136,0.0003033030293890062
39292,-9.294253109282625,-5.640080276284147,5.082828848731173,1.3893470981860234,271.8191884126614,0.05599267151837317,0.000303319796294095
39293,-6.583121167909752,-12.54040246837182,4.3207203637712865,1.202466963001968,302.1446030410648,1.071608067401665,0.0003033276879995885
39294,-1.0999102458676049,-12.310748141842417,2.643178043799635,2.159195650009438,419.344503006032,1.3060648967632078,0.0003033461829113659
39295,-2.6934788788540462,-6.543750912004192,1.1866471243398231,0.9957580990345127,273.89931760282155,1.5401651842464306,0.000303357707764852
39296,-4.0767909210966184,-6.268916023170505,0.9818780767712747,1.1620111622711304,298.67341020043494,0.6680116414427975,0.00030336409260171864
39297,-0.20617080626657724,-8.538831816438675,2.806089273730348,1.7039083905358494,360.3009967443872,0.6239105948315489,0.0003033649831141327
39298,-8.438408220174171,-8.73552256328911,3.823761787937435,2.8432827478152016,477.9726442913012,0.7906402436165925,0.00030337328879801644
39299,-1.754457454326138,-8.805275464620141,3.1207368509082936,0.7307825516215007,214.63089491835663,0.6525076300816322,0.0003033809039082068
39300,-1.876199346267498,-10.004305462967883,3.1981157131771005,1.172193521589868,192.58657780900833,0.12348673266403676,0.00030342193435032254
39301,-3.7587271628783014,-6.013138712350466,1.564148474300738,0.9318824867321545,243.36688040713264,0.9744527295750744,0.00030348497401173506
39302,-0.975890668214932,-9.031863762840826,1.4453464548994157,5.106155938295606,616.9014832468625,0.2948629605020221,0.0003034895927335031
39303,-3.852189742367159,-10.446636325277481,4.897801627405925,1.5499752238742683,186.13503663061903,0.20329593120590506,0.00030350008242132606
39304,-1.8500677931085523,-11.550461882762852,2.7492135226454275,0.7550235778274872,160.86331287440143,0.11953212923431433,0.0003035031659482223
39305,-4.625853573870469,-6.708570313094627,0.35428446794722074,1.7989848599653144,467.5128309432947,0.05354055576981942,0.00030352618472936845
39306,-9.69833464461073,-7.071742040115177,3.9594279943093698,1.858160713735498,444.8355601951267,0.5114348952214396,0.00030354343330789545
39307,-1.2399580617765658,-11.385719846502338,0.7936261351220246,1.8461551648647565,376.2737987652347,0.8403052252328056,0.0003035539245902798
39308,-3.843911361680269,-12.60090950041461,4.3888815166067054,0.5029785105261947,113.8848690029806,0.7285050349094062,0.00030355422931308104
39309,-6.781527737604159,-12.295825959363778,4.244116428631387,1.9320950785993982,385.64754902969327,0.736145163548863,0.0003035849502700422
39310,-1.4804691175877345,-8.516113748011469,2.6146993934266893,1.8408594846098731,468.29220060056775,0.5301332694729881,0.0003035892686124592
39311,-0.7421607932265122,-8.585038710881436,2.8914020766622803,0.4642592745288587,106.61544921181705,0.21482886982702265,0.0003035934816984164
39312,-2.8326932595569856,-6.839208365747384,4.725642640091142,1.0989270406967944,237.77007426529005,0.09103710426413425,0.0003036048534611682
39313,-4.714500646216976,-5.258371710439767,3.0294257981022383,2.268998160381929,389.5720930101206,0.1836552237045499,0.0003036570318790053
39314,-9.937103275686374,-6.802583312639228,2.1585191767810814,1.1600996086086124,297.1922314793224,0.5651558483682662,0.0003036701148299733
39315,-1.4606351481557631,-12.484045828519724,2.4789414241865435,1.1708521146339343,268.01019775737234,0.09624975247545109,0.0003036831139239326
39316,-1.810953411422048,-10.872726593349336,2.8920240613049586,1.5078918498604015,337.46328423501916,1.1975630774042738,0.0003036843082691317
39317,-1.1596472817197867,-8.553855933337042,2.881168714945975,0.7331959372842897,451.2745350020712,0.2837769976856439,0.00030374665772423594
39318,-0.5143792460324157,-9.541035336152229,1.034235778959648,1.5771811975862284,468.52069371568257,0.35039549327461383,0.00030376382517795594
39319,-0.5777549408875213,-11.766109630368305,2.587174028198757,1.8691283561029253,448.9128062029831,0.3888381632559499,0.0003037780024243196
39320,-1.1166760198858068,-9.893236162912281,0.9575122727169068,0.6961175806287812,205.98728680376624,1.0533980384019692,0.0003038030050955065
39321,-1.6728964259797063,-11.145677549490827,2.79131524314335,1.433892918917412,334.49032143660025,1.7859175534752216,0.0003038449338810405
39322,-0.8094418675164974,-9.015614893171492,3.2814746587120034,1.7689211614461884,468.4895052584881,0.672688468265644,0.00030385162301421314
39323,-3.255999913165918,-5.99202042206882,4.28812548753356,0.5597582425685752,111.16272081954222,0.025285793928264688,0.00030387383719289386
39324,-1.3073193354409245,-9.66787249580971,0.9895862491317972,1.8526998740509193,444.28897304797204,0.15054489143365846,0.00030387683318260913
39325,-0.9538340225047399,-8.787295024151469,1.8327567448624706,1.1911273976880938,301.72699373113056,0.24640658272113036,0.0003039224152285983
39326,-4.407191273542098,-5.86277301716187,1.432006776727077,0.8974997673230386,199.45611394570759,0.30298141809741796,0.00030393988186230836
39327,-1.709625854500839,-9.908180311312819,3.2227914893968888,1.137707185401316,229.43816453514643,0.6476511992681067,0.0003039580979082708
39328,-9.33589508609528,-7.987877522359376,2.334339777426502,0.5175425504747132,135.94142597007405,0.8521076609647844,0.00030395832831905137
39329,-1.6434776924387222,-8.81422293426783,3.066333413037344,0.9207129641910232,241.4862980664193,0.5334396329261271,0.00030397005263657975
39330,-0.8278997608816105,-10.897693591868602,0.8498124460512021,1.674236458424072,395.89813339930004,0.34049304252314005,0.0003039940808657075
39331,-8.90215162614609,-8.321379701671205,3.386325244694041,5.333958844364871,415.0373893132586,0.07096237680412454,0.0003040107927128787
39332,-6.622687282091917,-12.838931109725968,4.283346518949189,1.474434436234795,343.9673518979724,0.09435392549635235,0.0003040161460625209
39333,-2.156305800306175,-10.449485079977165,3.0371282665834305,1.630290723127831,380.4831608733562,0.39922021064664204,0.00030404149636025223
39334,-0.6243894877812615,-8.950182374214153,1.5833612074985173,0.7568242277448879,468.13138519479537,0.2577902677200523,0.00030411818567961603
39335,-0.26572665826813946,-11.941511750682395,2.5853968168418575,1.3390077130263889,321.91702182949325,1.482058299552155,0.0003041371594410227
39336,-1.0669070153819558,-12.912141451084983,2.3853463269989548,1.4352722511471303,330.7339484286367,1.294296011702694,0.0003041754016191558
39337,-1.4123896886641845,-9.197795740389001,1.2031584972620069,0.5181338451122208,109.90756812520263,0.2488673715412597,0.00030421443653388535
39338,-0.22486415599974308,-12.31806024178218,2.568617560739344,1.166528997523264,243.33875256848702,0.09152285273966765,0.0003042386712745584
39339,-4.569888400508487,-5.291224050041463,2.1375129743871115,1.573397494258957,469.6779211253962,0.0395161354819642,0.0003042894491821203
39340,-0.6926021471678752,-8.748434926516506,3.0831197384371993,1.861403994397933,466.7921177429285,0.08863419344959134,0.0003042956916114198
39341,-6.7025746517256355,-11.575449906002197,4.388707504922367,1.1173068751159887,345.52172303501925,0.9620596739641671,0.0003042974916651285
39342,-4.9032408239427605,-5.2776794868928265,1.7473273344240607,2.322997530344103,438.6713150584992,1.6723025732965189,0.00030429959946980936
39343,-0.010889340436682104,-9.961238513570153,0.9652243428519,1.2586062222298622,281.10522736309656,0.42998237867349687,0.0003043089510466102
39344,-1.0040079069155414,-10.854238273733364,0.7541698482336165,0.8299501181817021,206.7513558603194,0.4896513692477562,0.00030432130053299755
39345,-1.3881551701026904,-10.04911224278606,0.9049359682362197,0.9564988276908083,258.2823605881754,0.5468042486133164,0.00030433120798177663
39346,-1.2658164106847885,-8.474758832254707,2.2497243242343052,1.285295838951631,318.98529661174456,1.2741878451580773,0.0003043449653614802
39347,-0.703174921506637,-12.883480770551671,2.4730060670087335,0.8768051479712938,184.20626790936203,0.041468609906305964,0.00030435071246963727
39348,-1.6843153983398196,-12.01539300640906,2.6777516285792404,1.8337134873351857,468.2876278912166,0.801878397028819,0.00030436132808062333
39349,-5.080042036988298,-5.760578749056619,4.744302110656399,0.5919659476812442,121.37602492194216,0.7519444049768911,0.00030436276000838513
39350,-2.272585801807418,-11.766751281935191,3.3095914357053537,1.8775201391861533,463.75638945779286,0.1437624205770156,0.00030438611530821114
39351,-0.25123963629669355,-11.061209938621705,2.8130871609261385,1.694002338162378,398.94663205438985,0.024249279296729043,0.00030442140692858564
39352,-3.727051727794546,-6.158073230081387,1.172088265507703,1.3010589985560963,314.3507219522831,0.368000217456248,0.0003044252729960907
39353,-1.5473758045685422,-8.93490811161752,3.2074395216479084,2.4330294741503904,450.01688134021504,1.7665880697713279,0.0003044367849806319
39354,-0.8386276548996072,-11.488116503642408,0.7969129525791763,1.8046118920096275,468.66563872472017,0.9154628598584065,0.00030443724723060563
39355,-6.794616381384413,-11.39363183212752,0.06070113675920372,0.6684728554126736,468.32715031740054,0.4322853512983329,0.0003044759126576492
39356,-0.006831073083372274,-9.948014867990587,3.1819950921770714,1.797822215925412,429.10934379583836,0.34067224157675735,0.00030449815836162497
39357,-0.6152205296913067,-9.276169162869792,1.1476699566927715,1.4099517114775015,329.78087581248747,1.7221055467495363,0.0003045679157238068
39358,-9.87901885216963,-6.708655750438044,3.93221407681312,0.871163120633609,224.56782025995722,1.1344477429880273,0.00030460613774455726
39359,-4.087616972233442,-5.962916404998928,4.487128724848756,1.3261123236391896,287.9898000989737,0.9676033774422015,0.0003046551799062717
39360,-1.1793228037501677,-12.40817384477367,2.5464448946688503,0.7382730411909475,461.45676811256,0.28688941134620993,0.0003046622828249357
39361,-3.3910336103945493,-6.771251092923747,0.48339374610325947,2.225408525749434,419.23582866283294,0.8643547350933733,0.0003046825278447427
39362,-4.18359426011635,-6.434502410410228,0.7219678297556631,1.6858216746552839,338.51945339104253,0.3726788637832916,0.0003046830258648495
39363,-0.9232052389443091,-8.801356312565456,1.8152297119038223,1.2289781961034538,290.93977378295244,0.4647293690039387,0.00030469658416152885
39364,-2.015753588540152,-12.711684875494797,2.477416060335992,0.9247397344670247,468.34887045724093,0.5169408972174621,0.00030471623860309373
39365,-3.7097784420482904,-5.760951320934558,1.9210838225037987,0.8542889990908693,226.26426959723366,1.0053172987499677,0.00030471948164342453
39366,-4.022529400858953,-5.916263213309559,4.345331588656426,1.7961253226351352,429.0761249888631,0.6966807863659659,0.00030473084424505485
39367,-3.4962810953582633,-5.613024718292229,3.1853292483572067,1.65003553402279,386.94532988915836,0.5753357719279668,0.0003047548622818481
39368,-1.0770852279760472,-8.995636342129306,3.215329437453303,1.0996879571917615,468.12776927001187,0.7464202275546974,0.0003047591832301488
39369,-1.9744506999843399,-12.592784681172997,2.5362683879365555,0.8448087872044515,466.7299586297678,0.0860568376513493,0.00030478246944308745
39370,-0.6859903940618324,-10.299270233524506,0.8265010747018685,1.4215630798392886,324.3426250943954,0.6497655266721836,0.00030478290567349185
39371,-1.2163668182445235,-12.596355564649285,0.7932863356249972,2.789320010066725,480.98149803952214,1.4362128835815913,0.0003048008963278292
39372,-2.1402699407870065,-11.760675680258473,2.6357036170334887,2.687993275695791,471.6347840538223,1.417718524639266,0.0003048262694930845
39373,-0.23879067251612085,-8.890875984577985,3.1587144968889644,1.0999340691955926,238.30694330670337,0.27742587428172705,0.00030488552440187893
39374,-1.5168353838238922,-12.270311526444344,2.5689377878990904,0.7745464760442097,190.0645108549384,0.3785690460441744,0.00030489882431570435
39375,-0.7517632379479782,-12.971747610292507,2.4649827976099976,1.654324641734461,388.00416612282345,0.5154940911468096,0.00030490494409831953
39376,-0.8241026046525164,-12.365452711980849,2.54862906384967,1.9096453986896158,468.4408946909053,0.495068488707715,0.00030490759988515033
39377,-1.6588327080256775,-12.419180820581918,2.5452816488202785,1.2076854298107207,303.1304939386547,1.0691755603298718,0.00030493698331338835
39378,-1.6936812481922185,-9.238367216567966,3.2609493270057897,1.5531300084126296,202.18746365221912,0.47375221778607024,0.0003049649457305412
39379,-0.8196123467900804,-12.262182576749877,2.5692819194586805,0.8898603991890454,180.94835543148375,0.4690797278835559,0.00030497545944736923
39380,-0.5942271189402266,-10.031152667001576,0.8716994479095785,1.0060187255407913,277.29771511832655,0.9116931839553457,0.0003050097033156616
39381,-1.0177693843490978,-10.46056807099999,3.0702343927511033,2.1378023266803674,419.14981625161414,1.7034779319612818,0.0003050204627782549
39382,-4.7900918884968515,-5.006881926056558,2.706576849139567,1.2434572533817885,260.91001363531046,0.6393135771635476,0.00030502305260532073
39383,-1.5534708864791575,-8.734049861614888,1.9374878785867096,0.8603979824505354,184.1266198121046,0.44275632617110805,0.00030505679077472744
39384,-1.1127697992092553,-8.934044571801214,1.5462421723724018,1.0693055355381806,283.43890740059436,0.565274739856128,0.0003050688915164023
39385,-1.8925385444142009,-10.866025702298163,2.848508305028016,0.9829870724644086,468.6772799187274,0.05798179028586503,0.0003050702349317811
39386,-0.3330947516649392,-8.469604970022848,2.242842948347979,0.8171759044153627,225.12955175479112,0.5085958039074336,0.00030507281136597634
39387,-4.510899011060707,-5.246323674091105,2.418456470820984,1.4130593191645686,323.17317255674686,0.04042334269080694,0.0003050857893905063
39388,-8.21069920104252,-9.046354324221758,3.8721778060034255,1.819990560503439,432.49591659914756,0.5714594864566962,0.0003051047363341356
39389,-0.8109750231619923,-12.8589537167995,0.6589704138237404,1.386923939423461,325.09062762308787,0.4077238886867045,0.0003051064821506578
39390,-4.24638163215143,-5.818795408441807,4.167725166655229,0.8765371844670554,177.36339164063438,0.4176383525729035,0.00030512818762304145
39391,-5.294900863495742,-5.1030310465599875,0.9486700908138342,0.7916476478494295,468.0619831335584,0.2576761778558323,0.0003051539127326973
39392,-3.6292221407154646,-11.775713984245886,4.482138333688883,1.4270007958299014,333.4332554116717,0.6793127561342365,0.00030519200227399396
39393,-0.04928119074471837,-9.194912563311899,1.2499248099217433,1.3977156520233762,467.99050887159285,0.5010727239004771,0.00030520172389341706
39394,-0.5124811300681316,-12.313035192490487,2.55241012655455,0.8594662755950416,175.23361578315567,0.2334289434943395,0.0003052062972735445
39395,-0.7443614238260992,-12.597664010793839,2.527777198644678,1.779793594435042,467.8606034936208,0.6521164111594251,0.0003052109582755613
39396,-1.3892444285859398,-11.793791443706208,0.7676416754254904,1.006360452718188,467.1410495132083,0.6326475880632385,0.0003052148731196295
39397,-0.13288381635886282,-9.69100195744635,3.1926082344693034,1.7657088265478784,375.7343626010713,0.8467984753224673,0.00030521846233706577
39398,-4.8134499400891535,-5.7886485827478396,1.046316988689324,0.7917483203254172,177.06664765992784,0.03717201743637588,0.00030522610520495897
39399,-3.2968094578184415,-12.63144953227114,4.390404117553098,1.530701917464469,352.60365042760566,0.15187716508460358,0.00030523065262268265
39400,-0.583301843310938,-12.300809556671235,2.4926326521037443,0.6865959461617673,175.28444664617746,0.469707814058113,0.0003052448425071305
39401,-1.9737987023075014,-12.821326528088042,0.5800959101826002,1.7525658806399116,468.71856978816635,0.4351105912807025,0.00030524673259397936
39402,-1.8811725227083684,-11.22970835461972,2.761021344972127,0.8991192425640997,182.1111634332887,0.7280964232269564,0.0003052928235513037
39403,-1.24521012189925,-12.844206401600704,2.4690427065439846,1.5111486877520055,349.7237342372528,0.536794596525473,0.00030529931026950603
39404,-9.308639198949432,-6.022753462876603,0.8490329142930019,1.6697113539138382,360.4089766179432,0.37220895317692193,0.0003053106932395829
39405,-1.9185040764218417,-8.78630988145526,1.7891067353963,0.8860635124844558,178.24666814067047,0.9805731081121172,0.0003053306953943653
39406,-3.251208977280104,-11.846207919671397,4.493642361978718,0.9795125068006382,469.17776641772116,0.6326189741610007,0.0003053399463698786
39407,-2.421486500642006,-8.767044552375946,4.29925798234767,1.3180457605596823,304.9290644914771,0.1556162703602455,0.0003053401256954533
39408,-9.166465533649657,-8.169620551625757,2.750539729783023,5.480042346081467,334.3957261162517,0.22349266008795698,0.0003053404109305978
39409,-2.152740497714994,-8.442275226233686,2.421850276206367,0.4638255944702225,118.46179166654423,0.03807791945073369,0.00030534452971946267
39410,-2.819682819054032,-6.876305474139559,0.5632970559093857,3.733140400210958,551.9428659788326,1.0875904964983834,0.00030537453589589983
39411,-0.8364008971239976,-9.218792355438133,1.3992191403421739,1.2954757606660212,319.5399670726049,0.2495953492641636,0.0003053844291225021
39412,-5.0535125907709,-5.8654633986441365,4.939247209893119,1.7701265967327346,418.7886721727282,0.5782879297744392,0.00030538702043372146
39413,-1.7653849782264661,-8.444172180862441,2.642625887901389,1.1760083353010173,261.955084490355,0.055132566109393544,0.0003053973624994724
39414,-0.5024616259672658,-12.286195122011032,2.628746233924912,1.0919156167242043,233.08487896273593,0.030607449204777204,0.0003054092198238612
39415,-0.27085061165839264,-11.11196765330881,2.7326673266639236,2.729575028695421,478.1172128717728,2.0390669418044407,0.00030541552078608533
39416,-1.995474418389172,-9.575026036062967,3.2466504978081483,0.9893296488533015,468.8661177538627,0.6420721925036963,0.0003054406459389201
39417,-0.7680950304009464,-12.52032550158417,0.7973130086518051,1.1095428498590454,287.7880569573826,1.0157523475256864,0.00030544302440645876
39418,-2.0611321757657644,-12.686953029731457,2.5125979050935743,2.6602504755518654,469.22252888611376,1.374553957731389,0.0003054483671347103
39419,-1.9375200814501188,-8.476163380426929,1.14063906563391,1.0167378449461097,202.66206688709937,0.05188472319579507,0.0003055175461522262
39420,-4.502852063561438,-5.665733335625812,1.847651319695108,0.6265234130275928,151.4846591442564,0.7355126179835771,0.0003055189208978292
39421,-3.808334629417505,-6.160975582884127,1.180524962312889,1.3769117794224168,309.5579783262952,0.7129195010074643,0.00030553000081566723
39422,-0.45052869027346354,-9.220589199666646,1.3940554255542141,1.1423105259275839,467.39642447403924,0.3218313061412532,0.0003055436500297198
39423,-1.4554159119142334,-10.48217779647206,2.928591242920906,1.0163358966726483,266.51937076658754,1.3858217355661067,0.0003055739247049567
39424,-0.37105355782583693,-9.849621746370806,0.9074330282403269,1.1591500331608977,290.72844316214184,1.2027080075923662,0.00030559049453635355
39425,-2.034110711715992,-11.981506423604516,0.3532579533075989,2.0952503643627822,214.77577106396006,0.18859147550427746,0.00030559241990599863
39426,-2.7650096729427496,-6.419314226025945,2.291593804693414,0.9221518377717624,468.2206803558045,0.5543610824431626,0.0003056021955173053
39427,-0.05039378276954665,-12.055725305768055,2.6580623650639814,0.6516208186156647,179.6761449048208,1.2997822626705453,0.0003056096591199547
39428,-0.6298466773701712,-11.337427038185302,2.695712245790667,1.896226803876012,457.18711344478265,0.5717528044606635,0.0003056330665645501
39429,-0.1594717591632282,-11.270561998496655,0.846738411557074,0.966108467121839,244.68805327627422,1.0614621840355776,0.00030565678815209807
39430,-4.559809751052474,-5.798760299544358,4.353840882643838,1.041281271453249,357.0870813117987,0.6281694805989924,0.00030567336308547625
39431,-9.81558804175316,-7.188196145446,2.189583435091535,1.7337772779581968,203.82777123392347,0.16863869454495184,0.00030567505550610155
39432,-2.8611223020091225,-6.6369814418235045,4.243875936862968,3.893598589053892,265.05500410627917,0.44628955227686795,0.0003056997436470632
39433,-9.74782101348647,-7.218179079895882,3.6401744279678603,0.6724302700484146,151.82263412175314,1.1014492576409323,0.00030571795078934174
39434,-5.218680209213302,-5.715383511743606,0.7854417502637556,1.9376341560954653,379.14790653599,0.2659820913386808,0.0003057406967235065
39435,-8.866993574566942,-8.642328675637021,1.5831594958173785,0.9034804503690101,293.76009518152523,0.44160085615927436,0.0003057514360268747
39436,-9.809919465468703,-5.151483844253788,4.178387360618639,0.7973206591915278,427.00164703319354,0.18939220881078533,0.0003057740691918348
39437,-8.601407499403312,-8.003750091032604,4.739581737524883,1.9990346020121985,404.4430102122905,1.9098226360554866,0.000305790970826658
39438,-1.2715439301629257,-12.357036351684114,2.483354825388374,2.399652067252995,438.8123351521617,0.9379000976159881,0.0003057937406452729
39439,-0.8311307871031364,-9.118191324924897,1.2740799816950836,3.4037348955102593,527.8648679486108,1.0518786282192112,0.0003058013832017228
39440,-0.035077388934952936,-11.803675694217672,0.8221986476729254,1.250041843912453,467.97742093225617,0.3630530335966542,0.00030580158284774643
39441,-0.8202283795104055,-11.049225404699964,2.73982903076311,8.945783870510416,680.859129548042,0.15823670156881953,0.00030580594274179845
39442,-3.907047020853999,-10.107039760561292,5.088082939724033,1.8319108224531455,378.683882027337,1.0383379429940378,0.0003058097023898372
39443,-0.14409294047442422,-12.154756510783063,0.8203703071926187,0.790108125126899,470.1231742802578,0.1889448917426515,0.0003058169374254417
39444,-0.4409590574013702,-11.7094335292955,0.823359879333845,2.4102873459748544,448.4428781458509,2.0194290546349487,0.00030581733371802533
39445,-9.995782071868023,-5.899668940130818,3.8937959497896513,1.8300051985959707,437.5030789377652,0.27862065164084804,0.0003058303723510256
39446,-4.537651393568512,-6.623171884224781,0.4775099123428429,1.54399215854913,342.3647608967984,0.9684736354668884,0.00030583386348556033
39447,-0.27160653897720444,-10.485646193244873,2.924861178315789,1.3229119975332844,305.5436967542233,0.15630071941198942,0.0003058648962273872
39448,-5.218522066358389,-5.826373821715245,0.6495682494486317,1.811523826470177,466.879876063403,0.1564616233609053,0.00030586720291949385
39449,-7.6056722409878645,-9.071820343000573,4.995019776259856,0.9711791470322938,195.822194640919,0.06556207604900166,0.00030590379005685365
39450,-0.7585022445436636,-8.72219951792928,1.8632033026911015,1.856742105407483,467.49129454775215,0.43493309319973594,0.0003059506604702165
39451,-1.0846768824841657,-11.673005473759222,2.6867761502980048,1.0348978194113136,467.6209205006424,0.20864274389168447,0.0003059507904610095
39452,-0.7563120733840094,-12.855160045628802,0.8217115756285425,1.1585365763482016,212.64682674519358,0.15479486490755345,0.0003059623306716544
39453,-1.5579826735939886,-8.427720368186073,2.322836429099911,18.50546774893673,582.6733231316771,0.09394297672900453,0.00030596432094679083
39454,-0.7084232935502364,-12.555979525908398,0.8214653629394286,1.0015440416672243,203.03580452668615,1.0945671963099999,0.0003059679858741431
39455,-7.925622361661352,-8.228834581115454,0.19200302088316457,1.431052670719893,326.186070011536,0.5058679444166021,0.00030600095564720147
39456,-8.125314003163522,-10.450909776442188,1.8990418265785696,1.4345577627706005,328.00712871400987,0.6482021147919825,0.0003060120996179523
39457,-9.217807544274738,-6.483760886890971,5.167042132742871,0.8588432050455738,226.8310552355485,0.9864105631172206,0.0003060245338254247
39458,-0.13556095409517255,-9.946840125833713,0.9578368933112859,5.124793722652195,627.7387833394528,0.49314210267690584,0.0003060527490941472
39459,-3.3069886995032753,-5.897719636940934,4.086161208378703,1.6978551821825485,397.9985337365381,0.13144393434649082,0.00030605308139551287
39460,-3.8305943218404357,-5.74805123436794,3.7892888892485384,5.804592074315615,622.1601661869951,0.2023164157047006,0.00030605566100875425
39461,-0.5868069294363494,-8.523230004639842,2.1559361455592474,1.1025567031537375,242.00633578512878,0.05573252225647796,0.0003060578316370738
39462,-4.294753172610022,-6.073676451767501,1.1071795602091765,1.5245617742616828,346.4082459901924,0.26081468809476505,0.00030607631133768893
39463,-1.496755073832265,-10.07079662602725,3.160654178298688,0.7790160335434861,468.60601532583553,0.17574878898621105,0.00030608030031052024
39464,-8.546048219987194,-8.087586757573462,4.713464230401171,4.5433611188440235,589.0517870034569,0.33007576019123963,0.00030609860537038206
39465,-0.9960863419128465,-9.201975946834601,1.252279986937467,1.170515640768772,257.62423432046353,0.5743326373781494,0.000306120542914632
39466,-3.5049180945714156,-5.587167535077836,3.0128896268973957,3.145412548366377,511.6493452291558,1.6512871214910971,0.0003061221711821687
39467,-8.707471052427394,-8.726484184607408,0.6975125877433429,0.7640604224250215,178.91960195661866,0.5102102297629001,0.00030612490796647426
39468,-0.2776748990777449,-10.343514522202529,3.0839267586601466,2.670668041589816,471.81098784945317,1.6844209084855395,0.0003061327512354136
39469,-2.276731978123772,-8.167424364635094,2.224750104015699,0.9094921485376773,255.50793927631815,1.4129962044219946,0.0003061669466490791
39470,-2.0175952276213147,-12.145217885919992,2.640411764805357,0.7431699545950253,211.34663273885062,0.7716249924371192,0.0003061827030126703
39471,-4.689357817443607,-5.6298181544753305,1.5276463862999714,1.524150347907322,468.00910961347967,0.3722513616369172,0.0003061849808151054
39472,-3.4409175487719956,-5.790278660160419,3.7386380343542367,1.4791113872440274,339.0934724701004,0.4288745220545689,0.00030619695023342326
39473,-0.3770222876146896,-9.405170814614724,1.1313279041271356,2.00990816996613,404.16987600552966,1.6330307257731942,0.00030619924955122273
39474,-3.8534224185320367,-5.588512106744846,2.1335185508005647,0.9237278891394145,467.6442352762447,0.261728313920468,0.00030620723412236507
39475,-1.6868422446580684,-8.615388742687696,2.899079643291532,1.5417840828842992,355.068192808071,0.8034566441176514,0.0003062095507473399
39476,-1.3154955722063235,-12.264133600816825,2.549991620659652,2.325480425050511,426.2202612328122,0.6947767094292194,0.0003062120602321501
39477,-1.634968758751798,-9.933342263005956,3.2138076405893394,1.1606534184690975,271.17322779048783,0.6452152952943067,0.0003062264852844628
39478,-7.724512389563703,-12.473301735599057,2.883361299853299,1.0110716454447424,182.55805456224778,0.03505363711209686,0.00030627616367213755
39479,-0.016926541996795663,-9.936518709613713,0.9124007136116925,0.7653959272989103,162.25609519757506,0.5697152037074797,0.00030628195698587075
39480,-6.190498218162199,-12.66864302222317,4.4064098219152985,1.0496547476224978,280.3738615076429,1.6141359376831792,0.0003062922049114228
39481,-7.897723347765197,-8.56942735383468,5.1865441817114455,1.0783901626705348,265.998194613797,0.17012230092031722,0.00030630931561083987
39482,-1.6533099068408177,-12.637201682402875,2.5174457751363946,1.0113989660008535,468.704360685729,0.8367215167632862,0.00030630984976859983
39483,-1.130680194856776,-8.909932506773057,3.1563432418756276,1.1225507237527295,263.07597524067864,0.3310000714268684,0.0003063429332024543
39484,-1.9635085295660968,-8.735676089313891,1.9090720329163116,3.9535116252221023,384.3949418946225,0.06931281350305252,0.00030635941477837964
39485,-5.260581483472417,-5.803379087704028,5.046261497527897,0.883677937484167,467.9703423757498,0.570450052983186,0.00030643175926980466
39486,-0.08725881026177262,-12.781836592301655,2.4652356417876375,1.0532328928900465,468.06616106232474,0.7115284382222073,0.0003064393758073337
39487,-2.802342406488135,-7.516018960132412,0.23775403829220684,1.0043447866350748,467.1284048098522,0.6270626426920076,0.00030645745988116933
39488,-4.557344940456158,-5.4642276498419,1.99561440801529,0.8995909928044956,467.90402784288653,0.48825332005893163,0.0003064706143503353
39489,-1.79397224346787,-12.091385143793847,2.645868694829124,1.056294998916233,285.2009475995837,0.6701868211845232,0.00030649218175290126
39490,-0.001425782550004584,-8.922592037911661,3.1941271899365367,1.0218537734310837,469.02359592970464,0.0010131914766944305,0.0003064979304164511
39491,-0.5949708089317518,-11.946468991675843,2.669437474655555,0.9870396248855967,264.5530250903583,1.5869349206486172,0.0003065229445293789
39492,-2.8072736638466935,-6.478912661372234,1.6926458117229,2.1292462633336577,330.03782473631696,0.041930022026100744,0.0003065234678956854
39493,-3.8904145481086765,-11.183096901973903,4.60516896067329,2.5923405021460924,247.30365655700155,0.42311612468604665,0.00030653487749805937
39494,-1.0179998890118362,-11.644018072942329,0.8473986066657246,1.3497447074153979,317.9022405202704,0.18838534409543062,0.00030654783327436515
39495,-4.091161462988713,-5.509901631825555,2.2920228186804255,6.592842749125094,694.9470516017884,0.5050178643876366,0.0003065778605791867
39496,-0.9443032553029926,-10.626851488396857,2.9746889371411185,1.8198033227457941,382.2837917628241,0.5202944312280247,0.00030658147310034313
39497,-0.30403221842991357,-11.637304282794421,0.848023358408539,1.0598410079201772,283.2992357446239,1.2305795237461234,0.0003065928051805744
39498,-0.02567965576134057,-9.691486804338963,0.9817827135599219,1.773971820750167,250.24675406842323,0.011228304395761945,0.00030659919938739864
39499,-1.5905729590351214,-10.956055278494295,2.828131729102201,1.1260060328921055,289.23369541546236,1.3393723414653218,0.0003066005277854057
39500,-2.310888565788977,-9.221176427398094,3.7353349739406516,1.5842785016620489,367.5818707042613,0.9504387176913536,0.0003066010614958686
39501,-4.894579785430778,-5.215285810250402,3.647211433090242,1.1056125812410549,292.73329075530944,0.8038656687828807,0.00030669449566681845
39502,-0.18708142357377433,-12.737505237840468,0.8478567024104907,1.0312089774132887,277.2139180737875,1.2505376272315223,0.00030671313715005457
39503,-0.284582638254955,-12.559837664323856,0.8481134689992615,1.0310818218803932,468.8099554421609,0.011596962970981117,0.0003067847519949432
39504,-3.5045874813369835,-5.668608900996761,2.716237098423151,1.2289650113225663,305.1499672495212,1.615985863375247,0.0003068436740399791
39505,-3.9914698775735324,-5.857807988796386,4.1124933803936115,1.8323686159028267,469.48448654938153,0.24180285584274408,0.00030684413424151766
39506,-1.072702175025805,-10.73964993933416,2.9986631766123146,1.317629994992791,324.47481776729524,1.4239859277381877,0.0003068513956352018
39507,-0.8051527098981364,-10.329701847992906,3.082947145439952,1.2425820482357486,468.3041942267031,0.38785117131693436,0.0003068593792174013
39508,-1.6432792004463295,-11.343537133652003,2.7448275227074586,1.0564046940666425,285.8017805106525,1.0251715814569513,0.0003068707871537445
39509,-6.460350523996583,-12.64781232907091,4.350848831391806,1.5612704086733042,358.94320548985894,0.20233252683988745,0.0003068771275323264
39510,-1.8562056937533171,-8.813686047256173,1.821690635820938,1.1805191787278402,453.3853968474031,0.2844663038678288,0.0003068780634647613
39511,-3.926116951780987,-5.579118492719941,3.2615518264941725,0.9947294367140598,469.08468086028006,0.11461061975260822,0.00030690249280592065
39512,-0.8910692211496833,-12.547534270174328,0.8493302426383001,2.9949737374684746,499.8221486826612,1.7434636888574788,0.0003069035532425776
39513,-5.4859710847236896,-5.165170729782145,4.584125556957583,0.9785496035411645,204.21820259439275,0.9493411022484795,0.00030691547993765987
39514,-0.9131196605945728,-10.832522633546544,2.8436291901862325,0.9444374277162951,260.14030134152495,0.37707888372203247,0.00030692135560585784
39515,-4.827775805628662,-5.681661113796091,1.3217130105111181,1.084134462121686,281.04553645537646,1.662267355005846,0.0003069308218960371
39516,-7.609535152697177,-11.446258651611771,3.3652628368952144,10.719124948342712,410.75367916289673,0.2406141899460188,0.00030693199991489126
39517,-0.3664043854330785,-8.511290730156741,2.5910224997424733,1.650037828414506,468.45382384392894,0.4178656719920246,0.0003069426730068949
39518,-2.2519639561816254,-7.865189204283555,1.159383565373557,1.05049001439589,467.5432004052621,0.5905710865052916,0.0003069687649479649
39519,-1.1427508033418938,-9.351948617622963,1.1281069036427354,0.7106475512529028,142.01849953045027,0.9160473936569771,0.0003069814355511414
39520,-1.7191737592353729,-11.137250520460112,2.7312734530578258,1.0348364847062979,468.2086132979857,0.6836554692507226,0.0003069874312920952
39521,-8.996286002460373,-7.240713980774034,0.5574278887614571,1.7459710243875917,467.76528832994705,0.4331234022211836,0.00030701339748811184
39522,-1.399632775364676,-11.979922503419717,0.8499056035003174,1.6539276659857418,383.8010673552085,0.06748876616009447,0.00030705214436655575
39523,-0.6732358124238473,-10.792223986780018,2.890747309617193,1.879244514476691,468.07385823339433,0.3069205124538419,0.00030705426129349353
39524,-0.5892981650857205,-8.572126917433444,2.863968400260437,0.9001648653537936,468.2384037883733,0.6421230848171957,0.00030707961737463474
39525,-0.5075525367401585,-12.616173572509148,0.7311551760591851,5.265670114124647,373.97269434208783,0.12229174974165868,0.0003070968297082087
39526,-3.795193128425641,-5.937885767280815,4.314920676322379,1.471058344302964,330.92598855928907,0.9056924595764109,0.0003071229937446981
39527,-0.172032202374357,-12.589008627859602,2.3849979625432214,1.0067425508343806,467.549380427035,0.06258248945099698,0.0003071289591818823
39528,-1.0626913833398284,-12.127053005005218,2.569244995930514,1.1075479156809653,467.92656237461347,0.8007717236187597,0.00030714767420573705
39529,-1.4643104688331743,-10.544182385904092,3.0092311117974173,1.077893333987104,277.3698070077115,0.6797373539450708,0.0003071889138480791
39530,-2.584053103787687,-6.72636403280068,1.2186018480211624,6.9053135972253745,707.0290444925013,0.5304783202071581,0.0003072317583591931
39531,-3.3330928263286355,-7.233034491188357,0.0941069119435126,0.7454388711718768,160.40981260584408,0.038110195805238334,0.00030723371114562277
39532,-0.03359193516109116,-11.043734239268886,2.7934301708734735,0.9500079964932749,258.45360936150854,0.3593807103866977,0.00030724168793612455
39533,-0.5392015735907805,-9.579741305338958,1.0754884418284634,0.7347699944966852,181.57855774841374,0.24798209378036962,0.0003072440599623643
39534,-0.8071491724411111,-12.010928388818828,2.651167623632704,1.2711799856422987,468.8911106417397,0.9107147785194121,0.00030727187802163366
39535,-4.528259097704693,-5.404349119996808,2.866395576433077,2.6442362098606282,465.0142809250307,1.115198373049986,0.00030729263486345816
39536,-1.4136629887832761,-9.096237395419635,1.409742627385847,1.5351371659039974,349.73941436784025,1.7308320990237531,0.0003072983865187898
39537,-3.8654501798386818,-6.86094894608505,0.3977522943640174,1.6933714756656328,395.90066068344134,0.10252413913621528,0.00030738627769513467
39538,-3.9843710171000346,-10.907718918374837,4.695965707903601,1.3246881687968324,297.75344426074304,1.0224625816759092,0.00030739553711136604
39539,-7.7716471839024805,-12.58267021505629,2.7136147962593813,0.9684569410139767,467.05606817188476,0.48558972646610865,0.0003074003908797231
39540,-0.7069111275850979,-12.769605266124785,2.500875844556896,0.9256384230126125,230.6751464207602,0.9997535908537243,0.0003074472668929135
39541,-2.984947690196961,-6.372001114242457,0.9714763701895899,1.034936897089041,278.80834806347207,1.2188859043225273,0.00030747686438385464
39542,-1.8935461858912976,-10.629649976047569,2.966567332431329,1.591197812701926,468.2482483923249,0.21026972114397768,0.00030748032579993125
39543,-0.5645042911339413,-12.811399197187294,2.473698059585779,2.889801119026264,491.18840862940743,1.7830837955513,0.0003074889619546136
39544,-4.860199334601384,-11.997571864703575,4.47188074571256,1.076066090402238,468.3837420673068,0.28157718415279653,0.0003075090880350481
39545,-1.2143541556569204,-12.357696969549808,2.5323321660516274,0.8575591828010276,470.1444798323143,0.06808762635977583,0.0003075165382320471
39546,-8.166764950652592,-8.320729992235236,5.071410047437076,1.503553538847604,342.4793266225417,1.7331927368225655,0.00030751804079732754
39547,-0.738810770073016,-8.821365256077666,3.052377922153807,1.039003931934324,261.28324928794,0.8554767583025926,0.00030754511578782935
39548,-0.40345601743891635,-8.638169984050887,2.136548906737939,1.02136930626372,273.284733920672,0.3467732526192844,0.00030755776323680673
39549,-0.7042858682014668,-12.307939428735057,2.5366781362644493,1.0312910259442976,468.0761048649406,0.8249403937597206,0.0003075608284873934
39550,-0.5119395359637444,-9.423844189479166,3.2567103848623686,0.5671942282054634,118.38740587225796,0.5793750100896853,0.0003075697288514964
39551,-2.044500325123849,-8.788950218147306,3.082722126089245,0.9394481092421335,263.5672103739695,1.4886247928553642,0.00030757361259545966
39552,-1.2172869250083203,-8.446470412339847,2.5059751315486154,1.827863312508476,454.9407558255335,0.07497073096716722,0.0003075846325478941
39553,-0.502855809529791,-8.635342875807842,2.9105231011150243,1.153789898318948,290.84877785260517,1.0409848567364266,0.00030759322579504764
39554,-1.556056779432403,-8.675666950346695,1.9847487753842912,0.9868182139107665,219.8879491944032,0.22430404097624201,0.00030759634669609435
39555,-7.254823225085536,-12.316303249748373,3.8069204285457365,1.8524379136789304,468.35649209852,0.5199366214131169,0.00030764135821081967
39556,-1.2340544378468064,-11.210335546340808,0.7596092918013511,1.8516564702024119,468.9524505224392,0.5941380528447704,0.0003076503062288364
39557,-2.7912517602475546,-6.352767328638349,2.448068186282481,2.7198690992905195,467.51824375011756,0.5216376613532612,0.0003076847496720361
39558,-4.566510110517329,-5.530351039254228,3.6393341177674112,1.1426343629756384,292.6328800637307,0.9023395211298935,0.00030773082985710955
39559,-0.984992891826078,-11.088819860746373,2.7734278011233813,9.149051049938919,450.49705226202906,0.13289331887969258,0.00030773535422944423
39560,-0.9350364409079148,-9.221749075515032,3.244217644392326,1.1713010978509286,271.0435978709253,0.8660623714195337,0.0003077640772768635
39561,-3.7586562764790727,-6.772143726692745,0.5203083565165083,0.9703125597318113,269.2028767099138,1.3170628242192395,0.0003077678374054885
39562,-0.2466973864224986,-10.844966240527533,2.904890862325296,0.720371091096324,214.92899804600344,1.3617851304938267,0.0003077764833136507
39563,-0.41551406260360757,-8.503434295701174,2.384165285126978,0.9649825092290657,467.52222020020895,0.5438880909769042,0.00030777850882739616
39564,-6.805051793246907,-12.556509414898715,4.202186086603705,1.671975410004491,207.5314636754523,0.12881894629381208,0.00030778793002572675
39565,-1.8319869013091132,-8.643870555119838,2.1137896187838003,1.2720353966144642,244.3550322966369,0.001513139021365184,0.0003077916453380796
39566,-6.443580483121547,-12.349970603846133,4.378987727692579,1.2248283723589914,467.8621354690283,0.3531448720800956,0.0003078168811818369
39567,-1.7848752920210291,-9.79335509589708,3.273808191677458,1.1050006004605535,284.80891255725913,1.601606438573051,0.0003078622540340811
39568,-1.2593452752507979,-12.698289566793227,0.7567515443612937,1.0304200408829316,278.4342208434644,1.0663297453927587,0.0003078682622874314
39569,-0.47198415890549406,-10.930209075339196,2.8646725173368908,0.6149616527644681,132.0656928719999,0.011723989362662834,0.00030787980457801456
39570,-3.2895836204149065,-5.898723891115465,1.9684675873478237,1.1965269131728091,251.74721926875594,0.07266409929610429,0.0003079175818673493
39571,-1.7897708049436716,-12.292095594423007,0.6857825235929547,4.432059544767809,595.1454587613797,0.9349406401696436,0.0003079603945676912
39572,-1.8487920491345005,-9.143324324644299,3.233705779542644,2.7538005114252164,476.2200989580133,1.1911222917831186,0.00030796936432828136
39573,-4.2435819697690915,-5.491502162291961,2.130751474582744,2.376560039544086,432.81037180929724,0.7467961558988465,0.00030797223350468114
39574,-0.5564224805052564,-9.265136918902574,3.188793306817333,1.8414688226451124,441.8412737404118,0.6026718486995604,0.000307973433887689
39575,-3.494973664547718,-5.876361055031734,1.7360291175999165,1.7481640049514844,468.73070428817726,0.5710666262129287,0.0003079738506263274
39576,-3.6312821088394927,-6.176923008046221,4.834211073241674,1.3905236655575939,305.10291146926653,0.160117790381606,0.00030803145405807245
39577,-0.9683414190681887,-10.52501014620918,0.7510487145068365,1.8367622174895502,452.2101671347585,0.2147906457476223,0.00030803553501214365
39578,-1.7306136736497209,-12.297404538016949,0.7102344555365165,1.247978916515687,264.1341518897215,0.06288555584642275,0.00030803660521525853
39579,-3.9028604413379773,-6.072294945306678,1.4605920681432882,1.6802167995864783,396.2388909909096,0.8064425218935254,0.00030804770361793354
39580,-3.2329155504407803,-6.27719055045362,1.0738726720399507,1.7908172126379565,467.74811266211543,0.23587794196048772,0.00030806889059291543
39581,-1.608080996883718,-9.995337346201849,3.1654094940424056,0.8140700807722335,166.59126116557934,0.22865409109933665,0.0003081473880360051
39582,-3.855068224372191,-5.745563675769192,3.572990773160728,1.0042715865095662,468.1396158674675,0.5859357406434116,0.00030815839431091123
39583,-0.8370864558231936,-12.055585047547584,2.636677602793422,0.7596631894758218,179.14358371839535,0.41601141929176766,0.0003082016496781074
39584,-1.5038662634352953,-8.479813975960727,2.679822251860972,2.1514015892310523,416.1284860574286,1.1998588004064734,0.0003082040914536724
39585,-6.721205184609434,-11.771607149014594,4.339788455329169,0.751408906283819,155.58193225296137,0.4503568721784239,0.0003082133354969554
39586,-1.4353969266159368,-12.381250468618756,2.4842071471113267,1.2379535260112076,268.9381311255593,0.09021948134483804,0.0003082178251284021
39587,-4.295968377645466,-10.988728548732734,4.673109661647583,1.8140993390601952,434.6328047993545,0.7730925714367247,0.00030824341007388797
39588,-0.9382218590090439,-10.810132677590683,0.7945543164322538,0.9115524246710762,230.23788507387945,0.6871458537836483,0.000308284066542058
39589,-1.6975299237704622,-10.543453134682604,2.9879757320035214,1.5732497087061366,425.39801612959775,0.34345790706444124,0.0003082928449284279
39590,-5.682474047756128,-6.069902058343782,0.11686132240645843,0.991166416123537,469.7785098611575,0.003487188347073733,0.00030833505194813744
39591,-3.0952240708294063,-5.922256938507479,2.1450343211870884,0.7865857978690729,470.1449557880281,0.2006343870190319,0.0003083418594495011
39592,-1.708419628179204,-8.797765332675645,3.0880691894876056,3.585011764335008,542.4091669245079,1.2184885206198395,0.00030838852294968295
39593,-4.1069934346746635,-6.250450118568146,5.184780576157144,1.0209797404772405,468.10500681581954,0.8295921403247446,0.0003084189758492037
39594,-0.8210190409984701,-9.357376677873223,1.1712835670737247,1.7504322068874114,413.869962979849,0.1584325481522333,0.000308456538363931
39595,-3.425927445372805,-12.703876864142302,4.37281674437706,1.8617366792443684,447.4697594407001,0.3102100811266997,0.00030854922606796104
39596,-2.745173601530201,-6.9296373133338856,4.249627351999232,1.2894642100341922,299.581450020046,0.17079085854644482,0.000308553133580783
39597,-1.8196641030301688,-10.305182849703181,3.08652417777765,0.7276361332782662,456.9050593148361,0.4415630675170368,0.000308557477319332
39598,-0.6108911593368962,-10.746879757751046,0.8089752205640356,1.8081814596985604,162.5983096727674,0.39668721398871565,0.0003085960698997139
39599,-1.051106142379707,-10.21103774092074,3.098199860642984,1.5573942892892942,366.5008602876254,0.49554247755639036,0.0003086047364650884
39600,-1.2243096635640143,-12.00510573245294,0.8015093097668029,1.771888257473701,419.3056163573989,0.051344320465164905,0.0003086421639796943
39601,-8.072129637720629,-10.799264223386162,0.7109120258947925,1.09399187294318,282.88348047753925,1.7530628931933316,0.00030864894835733376
39602,-2.1033026645521735,-8.825332303073004,1.6317897648861346,1.2618269539998501,301.8944670306701,0.40753729557328544,0.0003086611625412596
39603,-0.43913187379571994,-9.09157824918235,1.4131097208591339,2.7669467388553404,475.39532512479855,1.0566897077534572,0.0003086679168796838
39604,-2.945779756076311,-6.360210788129161,3.997234983227912,0.9500373880243163,249.39710571051933,1.1756672664199632,0.00030870179436544466
39605,-3.7850353512600687,-5.677462305423505,2.348808794157306,1.3032144428764307,291.6616103693419,0.4487242754984395,0.0003087123821346322
39606,-0.3154499873380665,-9.199952232294072,1.367090863991091,1.0230076436048794,272.74423456113783,1.5840462957220547,0.00030872139289863195
39607,-7.5422078666531025,-11.591993763902076,3.4628788042257748,1.7013410588233435,451.2092350590172,0.8820179790166485,0.0003087470963610689
39608,-1.344294070435172,-10.543219823275763,2.9840941191165844,1.1568761965584105,282.40028887809837,1.0037186211219042,0.0003087754258244379
39609,-5.261244696204146,-10.131494288474542,5.110776503763683,1.1270833606099877,295.5490300267148,0.5355132848256421,0.0003088044554904496
39610,-2.045059535620304,-8.66749340686216,2.915781621130414,1.7784572615207108,468.6622324226988,0.8594932398723634,0.00030882511730795565
39611,-1.480957857189562,-10.312808462209613,3.0319994226370053,1.965764792684961,262.4173862255826,0.0419290183388652,0.0003088621406641104
39612,-0.8894094787781999,-11.157845998325824,0.7478865262623452,1.0874936909277266,284.24093292299904,0.9981599623897841,0.00030886326946948165
39613,-2.5966458715122407,-6.942753142695622,0.9115578758278308,0.9243960083223199,469.4847568103527,0.006901980370158434,0.0003088635734309138
39614,-0.8187941989716645,-12.071773252655701,2.6285100604222147,3.208432474490353,458.7371930855821,0.17458479021843498,0.00030891648128835846
39615,-1.761477432186764,-11.302852709158806,0.6987000603492595,2.208393970971497,427.7851593834043,1.876165581344062,0.000308933295507364
39616,-2.0659537595456428,-12.034705104321246,2.5420715590043783,1.1186819800417636,276.25868168405583,0.5413035644269328,0.0003089358991624814
39617,-3.8734787740371512,-5.606644965608964,3.273700151905245,1.358477588864638,325.36133713256294,0.5435505227391113,0.0003089365292303818
39618,-0.018249214926777668,-9.989558220182104,0.9238757263925017,1.1666776196149469,301.60080058029916,0.42385581805466277,0.0003089434225173872
39619,-2.1360011121667117,-8.968939706128827,3.151555354355609,1.1046301471351405,309.93334907270315,0.8307361056400104,0.0003089685948688436
39620,-0.42436750375353505,-12.297247768568745,2.528152859944942,1.268890549484201,306.66434361672856,0.42043766289608264,0.00030899272374358634
39621,-4.527528193034768,-5.432855439110424,3.0980398065360424,1.2313926325989606,266.93055643258754,0.0021058106458244907,0.00030900551102155846
39622,-5.964672835641007,-11.365652418053036,4.60140212975336,0.8649835350092991,468.34483250995356,0.5154611128543936,0.0003090128139604043
39623,-1.4614376528137605,-11.421911932112753,2.6263641432123115,0.47848687225349024,101.85019274540093,0.04962731996550396,0.00030903088977173856
39624,-1.200553180247958,-9.980772210801232,3.16260851421204,1.0722602460894832,285.9288075712267,1.6648902743478518,0.00030904595828748206
39625,-9.530095132788002,-7.739048858549832,2.7014648394940273,2.2667986737786685,429.08933199657406,1.2644666795088453,0.00030905371693183654
39626,-1.3576409746269285,-10.321224196987107,3.0276785587585153,4.907689299651772,615.2163784652997,0.4751544189997947,0.0003090627221712975
39627,-1.7301147200133205,-10.267451563616664,3.0857812057858927,0.6777460384727938,140.66303054319613,1.085806419974797,0.00030908278897852034
39628,-3.814318259205831,-5.547438467816207,2.5650691125523384,6.158191552446843,461.26632907045536,0.05792217177770986,0.0003090868854667823
39629,-0.3616111646777611,-11.84774814021841,2.6639180732690177,6.650996829069171,696.4236088321879,0.4254375435273525,0.000309106064818522
39630,-1.2688198491447427,-11.25275247179191,2.753602827019286,0.5826277561603553,179.9875324527884,1.352298338819951,0.00030912741051529425
39631,-1.9912024876434185,-8.87470249594347,3.1131579252990744,1.317689121647675,316.5442523710983,1.3769729610625188,0.0003091396387364039
39632,-0.7659318888356932,-8.710551636532465,2.91159144187373,0.8735596988574287,467.2103154162057,0.1372613830208982,0.00030914453724414215
39633,-4.8994018091021205,-5.362621635678972,3.7687613721609927,0.7092326288142398,179.973006698311,0.23840809290224474,0.0003091540481307063
39634,-1.2202712202249018,-12.401083364407711,2.517126354047387,1.7157854303360793,371.27246541838275,1.9771478020486297,0.0003091593271617933
39635,-1.2212042908871865,-10.918830404040936,0.7636822676124477,1.551435355348162,362.8167124687358,0.5258758980839398,0.00030916207356812016
39636,-1.7371775863679844,-8.491258328792187,2.3480539365616284,1.8072594905283923,467.7708845752144,0.3355241468568346,0.0003091798038076397
39637,-6.156969436900523,-12.455536575777572,4.423512547918177,1.7383815929805444,467.85545630793644,0.6781888838586321,0.00030918263206558425
39638,-2.0929789758211994,-12.188722650089002,2.4717830748377616,2.3684759380340386,427.9658260484831,0.5814759509614111,0.0003091923562709297
39639,-2.14743538278001,-11.039402210076263,2.7761013223740276,0.9830333665294599,205.09849403571707,0.18108404491775332,0.000309200254818813
39640,-0.1416784292392954,-11.969499669079049,2.5625715356819985,1.3344773909920582,286.55436560926444,0.6288808614366399,0.0003092020624347057
39641,-3.1109880910380303,-6.477517495359207,0.8816434374201567,1.8478381859324207,443.0854600889487,0.29422738066969334,0.00030925712567713445
39642,-0.8285741082401383,-9.527816427921383,3.1880385496416945,1.7889716033796483,379.33471803870583,1.4865749417078051,0.00030928583705334424
39643,-0.9360153185603561,-8.919098398107499,1.666443352513609,1.0221791103067146,280.1189295365314,1.3931535590012878,0.0003093289035802436
39644,-0.6617973412680271,-11.302280050125066,0.769197200480083,1.7295016499859288,409.0138168159492,0.7310169311474892,0.000309352368751534
39645,-1.8593009724349354,-10.689343129350954,2.930952143189075,1.416222821312919,288.76059239157473,0.4060102414369604,0.00030938563756716504
39646,-1.4794318908891384,-8.500522962489182,2.219211997478337,1.0322692843872456,467.83680267868334,0.617012286447931,0.00030942244983434404
39647,-4.726412385937162,-10.990865490915965,4.683882999730988,1.8123022367876633,443.8198171801733,0.4424497917371335,0.00030945551872529355
39648,-7.88748476828734,-12.536218784863072,1.9964856445267967,1.0358340307236158,146.72219900111926,0.24678168183746774,0.0003094556172054643
39649,-0.7646379536948107,-11.016754865043222,2.7824610073874108,1.8669790752673912,447.27865748954076,0.6050763617758825,0.00030945963901559217
39650,-0.4045034196177717,-8.693699096353775,2.9082543417351947,1.1834560861058254,292.6426525490031,1.432072006626682,0.00030947099176375543
39651,-1.202322261787634,-10.547200429565422,2.9773075835231313,1.8136415512512325,375.83609096024514,1.1176238123923214,0.0003094714175655142
39652,-1.7691749313685872,-11.926136077261265,2.484684815785065,0.7411382352526634,176.3078085641837,1.2364747340270723,0.00030948197385567987
39653,-9.95223003396013,-5.396169347875426,2.0219707187206453,1.5352688263350633,347.80934196900364,1.8094453937232737,0.0003094971999509714
39654,-0.9336740965743999,-10.526772523058082,2.983660938405294,1.648476297308285,382.8008773349202,0.09369370239993202,0.0003095007460777684
39655,-1.9794884160553572,-10.979141658417097,2.860851198806015,1.7964987108926822,427.8563054368403,0.1541933704658165,0.00030950251551823397
39656,-0.7949727484685507,-10.935775266397602,2.809350529297725,0.9904744885670478,274.46177166316943,1.8554425916288704,0.0003095333543758063
39657,-0.05866760882681632,-11.132143506006184,2.7614173948784377,0.9705939673057974,257.7000403144815,1.1231930599499629,0.00030953385286885786
39658,-0.6406947316635598,-9.63257818973219,3.1852307141511242,1.1050856270598706,467.4256629492145,0.31670312199752804,0.0003095721987432985
39659,-0.005876588443300079,-10.1749511330299,0.9299836979821069,2.9472183735696307,471.8850320586288,0.4250661531393014,0.0003095791953395266
39660,-9.213441092638082,-8.061127623835876,3.014192985132121,1.8491569029117243,468.0956678500065,0.7953443643232383,0.0003096432596909603
39661,-9.97170975145777,-6.8242603032144,3.6268911748786974,1.4691460633540736,337.9212954308485,0.35430960803495193,0.0003096638603651999
39662,-0.174541721007623,-10.898377898576907,0.8398405780729128,2.074201235606274,338.6128980344054,0.08842761379041075,0.0003097225417586879
39663,-1.0505328209423954,-9.939187548217141,3.196921321740936,1.4435375103532877,468.43516555142537,0.17922159071004629,0.000309751407031903
39664,-1.7633432389233725,-11.766351820243196,2.6751805887249804,1.2139716695503342,468.02505258423787,0.44457152853950976,0.00030975248984711404
39665,-3.0720915087232568,-5.964332846165407,3.1777963014176476,3.737268414851898,552.9075757506808,1.1807102215421788,0.00030976308562576164
39666,-4.887163688310821,-5.111883457813528,2.0364606019896394,0.7546145816854287,188.57377406240082,0.3802346129254728,0.0003097667847438515
39667,-0.7095438230719484,-9.873355588669497,3.1739130488325853,1.1829524381893866,254.59067803152345,0.09036069079965703,0.0003097750776533362
39668,-7.029562401239236,-10.92544222709396,4.326035243162673,0.8946458777008005,233.46708047894057,0.41153594416464134,0.0003097983477963445
39669,-2.060216499071079,-8.475246335564277,2.533108443629064,0.7232349008667865,158.7604212390727,0.12056268293760919,0.00030980988177632766
39670,-0.9091941566168842,-8.930025300748303,1.7229976468739792,0.6836826636291338,187.03060617965735,0.9869481485374125,0.00030982732696821383
39671,-2.0857269331780346,-12.61523809472595,2.4636588757133544,1.1292884695291125,179.23793357207148,0.16056886579647411,0.00030983246755620535
39672,-1.1823215317543259,-9.644525871394043,3.2294420263935226,3.950822955744333,563.8883564643369,0.8298942893029686,0.0003098344761522533
39673,-4.4108216551683075,-5.634741923465829,2.032697122152008,0.960810041709995,455.1512438064747,0.44929291240724023,0.00030983807394629543
39674,-0.18086071714628993,-12.40133439156596,2.512362122223528,1.1970191432117185,300.45032122178986,0.20871557579772393,0.0003098383458801954
39675,-4.126669891236949,-5.751274921722668,3.8964872240494173,1.898044941932935,469.066745417188,0.5944544178838136,0.0003098597881219721
39676,-0.4219186159244366,-8.517478028753985,2.249050128810079,1.0679852973466653,261.5054289997173,0.9242353731414781,0.0003098626809613236
39677,-5.134409050327483,-5.866918532666279,0.7243417734649192,1.266341805252837,318.35177946084355,0.4109592882762749,0.00030987964346588555
39678,-2.987092846115445,-6.205374533813122,1.154715271426052,1.410166225181953,308.0258080905802,0.08817918410389503,0.0003099216254072
39679,-3.5512832524478064,-6.161791161665183,1.129837819262599,0.7432501124457339,149.49412454169516,0.007614833344482541,0.0003099580819143763
39680,-0.3273743249059109,-10.95715954596784,2.8610723107808402,0.8875572395507135,468.30475116438953,0.8189948600168533,0.00030996359064107794
39681,-0.37474252784644513,-11.936392697426475,0.759929723827861,0.6999770151096205,194.34777265399092,1.0958324399273325,0.00030996824725608386
39682,-0.6676916134468556,-10.07561882953916,0.8686012938558759,0.8470450090053157,469.767300967385,0.062301330169487024,0.0003099800239869807
39683,-0.898901372404957,-12.134445395799663,2.4874185587922706,1.460541087782576,468.5096384596435,0.3959586871381653,0.00030998809387834767
39684,-0.437289609400743,-11.960570360132632,0.7596930920978066,0.9750440244336678,264.0327930654837,1.1326195682653797,0.0003099893281911976
39685,-1.2681495347721903,-11.893130754332525,2.5630661461288122,3.0439031144471436,501.5328087175254,1.2354483626320318,0.000309992120305886
39686,-5.539098270476569,-11.802820541455274,4.518271708946123,1.6481004200560498,469.31584119834287,0.10859746731857012,0.0003099951745937774
39687,-9.139249605404872,-7.062266678033532,4.9706930320926075,1.6984245374200528,365.51140490603393,1.3582820302793754,0.00031001178040108404
39688,-3.899037888335978,-5.689444593128753,2.088985015355705,1.7668686073355648,469.3052590494536,0.6284610146423004,0.00031007301636531764
39689,-1.9499412546868502,-8.56976543818634,1.0580734591710317,0.9711892434134413,249.76913230882502,0.13345442197865864,0.0003100895543843959
39690,-4.474177853895597,-5.930045967967304,1.3042308028973864,1.1632080593707048,255.63077253670642,0.5141723493150065,0.0003100920305105453
39691,-1.287797623040932,-11.639192417800933,0.779192631353084,1.5333150015498949,344.4792991658377,1.5244540579005461,0.0003101199511932344
39692,-1.2318711651740983,-10.802928721940358,2.9113828094471743,0.8964882125174221,223.40302530934866,0.34709422634481424,0.0003102067271642933
39693,-1.6793651690298628,-12.091698409252977,0.6968140668729019,1.818657666923216,434.7550452504127,0.015120671334413416,0.00031021455305563553
39694,-0.04451739600522764,-8.721918388191693,2.939690055764304,0.7637420239419171,186.77702114425196,0.5584703551562189,0.00031023745593681553
39695,-2.71616128379324,-7.311904220548482,5.003773532591887,8.742378850687604,754.7405493108838,0.32244774673600407,0.00031024445322203016
39696,-0.21201279671749873,-9.534181208561938,3.2384288896828664,2.038090560884782,410.07226501902596,2.189411782128345,0.0003102539055829649
39697,-0.6016152937187851,-10.061139192040931,3.1294760648919735,1.3815614759171861,332.340074299828,0.2618952434649886,0.00031027563690075896
39698,-1.3139377413830875,-9.249454542087575,1.192064687087193,1.3239612464987656,295.78431421402144,0.6258823096689738,0.00031028921510260223
39699,-0.6028232443168751,-8.508479009682368,2.208210197940486,1.0601581603624757,208.95433454683516,0.2451511785610032,0.00031029077465794663
39700,-2.0998230750853963,-12.200339818774246,2.4642754433834138,2.6814363092471214,466.07990369477477,0.9209060936141418,0.00031030927866868864
39701,-3.1452291656150946,-5.922852559273711,3.4739895589969216,1.5183037208763472,468.5914150581997,0.2665687989870973,0.0003103217572161049
39702,-1.5329162809123957,-9.732280264031175,3.1786237730642046,2.315508602743025,438.85880739589584,2.0319416759722406,0.00031033168707775825
39703,-1.5271145120659728,-10.71767309578431,2.9033197161662927,1.174413859606466,261.8034347043097,0.07914247902627292,0.00031041358263403916
39704,-1.4492420679280311,-11.856859836879632,2.6506304991976157,3.9069190441696784,554.936581403102,0.5539761486534553,0.0003104208017786441
39705,-5.2341982832566085,-5.2113752316284385,1.373898011514253,0.891717627052867,186.9290531190159,0.90754449331597,0.000310447559297617
39706,-1.0800369864610175,-9.653860091778364,1.031628674411991,0.6180742480637316,177.2160416696841,0.7776625973591775,0.00031044817344294204
39707,-4.4260520356534325,-5.5216095186825,3.262906467369223,1.4876699345887843,340.4709053336239,0.2769935603744882,0.00031044954651371706
39708,-2.0423009416961824,-9.718102174237966,3.214793424087106,1.3077264542601184,310.2162374555751,1.0831400004005056,0.00031047111314337834
39709,-0.2915411098655696,-10.030740501259505,3.1358675768480726,0.7917189560605444,158.93003835678905,0.09876071478073811,0.00031052052474055656
39710,-1.3447291368569214,-11.499350606560059,2.587344285361877,1.6848007558480667,398.12458641789254,0.914529827696609,0.00031052531388749415
39711,-4.6295387416557565,-5.525119059942185,3.637456893393161,1.8688533328527892,467.82224688581795,0.3832919078552015,0.000310545020832607
39712,-2.0626359776537795,-8.416172162210444,2.182412972537153,1.3132119774085755,319.3591063662515,0.4372414538819047,0.0003105883909424153
39713,-0.39228172228989067,-9.095838790986642,1.43181887626804,0.7018556025377045,466.8519053346145,0.37254690149051584,0.0003106106841915365
39714,-9.286612137240336,-5.621897365444884,5.08060502347388,0.8319585308835183,159.23500239784804,0.37551945406290965,0.0003106351241575918
39715,-1.9687202845355998,-8.502521277266743,2.470975780159729,0.6225194135311978,149.31923794281994,0.9477212947539417,0.00031066658379277445
39716,-0.6485445438841904,-11.802079522658165,2.6583007664476774,0.9624066161633087,253.69277526748732,1.5708282620400675,0.0003106732115204619
39717,-1.6734599922051938,-10.017440959697957,3.138240957959557,2.321392920615917,440.33259671446416,2.263238705677302,0.0003106790086552822
39718,-0.7491600299297385,-12.093690709938372,0.8405725366789538,1.665437978751026,468.8623799316082,0.9212944551871454,0.0003107029165261566
39719,-0.5209322898111939,-12.613610071767223,2.4797209606865143,0.8466642364640778,195.749818475009,0.6655475663843324,0.0003107279156485936
39720,-3.118670011831024,-5.87405135700511,2.5939874744271894,1.8890457202470128,455.3356032163588,0.4082662473615626,0.00031073245648162613
39721,-1.2846296865385654,-8.52753658055398,2.7477292566900373,1.2126669644360073,259.1937021746442,0.6744468732877449,0.0003107335325924154
39722,-1.7634804509426445,-9.12720299268214,1.1239160365097423,1.2007206594637903,304.7024382770301,0.47626494657466,0.00031074458096358877
39723,-0.8817678680497103,-11.555769843409628,0.8127976872498882,1.8868373523861273,469.4187906994478,0.00975589327722215,0.0003107563389809196
39724,-0.19087271421448726,-11.965190552250004,2.492515582423033,1.820827444569498,384.23610477924507,2.021455266109653,0.0003107691628286491
39725,-5.248653947673774,-5.06426347635902,1.2081461347590217,1.1029018344786485,280.70965211134313,0.39783099834388747,0.00031081571787539334
39726,-4.564469134863139,-5.289991964583565,3.0883428282080776,1.1333724039999218,295.6340986269504,1.7271520848285453,0.0003108527035013726
39727,-0.08533007004890614,-11.897618423388181,2.6394513639387203,0.9962552942295647,260.6907268748344,0.706642267625349,0.0003109112046456702
39728,-4.034730798664242,-7.180085195370882,0.12956999596721044,1.0984345728082818,257.74350194859005,0.2734747764313461,0.00031093364809511745
39729,-1.000521088548954,-11.506286124870233,2.6052140033793956,5.874736591509515,604.3201451601282,0.1815579754159673,0.0003109463568854542
39730,-0.7778004191899672,-8.864825991269573,3.0921864673968864,0.8973198090992703,176.59606553125437,0.6614426052318025,0.0003109503013215555
39731,-6.520961686036411,-11.857716359598186,4.409211270669722,0.876054083498631,191.10153969354403,0.902724263853047,0.000311008671926016
39732,-0.3760868900648937,-9.91043334954317,3.194577186925581,1.10146963585326,467.689887681886,0.374233325588774,0.0003110317127533328
39733,-3.1867911670017746,-5.782290485992474,2.9501699441680804,1.0709740563566188,266.99903466305415,0.19808789202140087,0.00031104101920921285
39734,-0.35434625954721,-9.25019780920325,1.3477102606553975,0.8277920761631244,466.5968784569958,0.1202895226443399,0.0003110534789745449
39735,-1.4666949204073294,-9.232746103910419,1.3746892144077714,1.1240521842056606,243.24185475224425,0.5162492507765784,0.0003110864073107004
39736,-0.1728317694637571,-10.48082344113671,2.9860552398411953,1.9446013871814938,385.9807766927176,0.631785473336655,0.0003110937904216829
39737,-1.0251104112137117,-11.399226782648233,2.6187216081598192,8.850611858421471,304.95294112938495,0.3652820545503168,0.0003111222529077038
39738,-7.786346655482439,-12.655530927074158,1.1113763256516773,1.9837949893592244,395.5553683742361,1.0154560548941491,0.00031112573906097446
39739,-0.670694430888501,-12.4632772198754,2.473630079898809,1.5988875125827928,373.6312382145846,0.6439669471871454,0.0003111525112442982
39740,-0.6196692813733033,-8.76105115344494,2.0275885801525573,1.7800944591649734,380.0807972800751,0.9092600729095883,0.0003111707485952044
39741,-3.8867245277607747,-5.8054045675082175,2.0414701056983104,1.0723200213096333,287.7300996379854,0.5282272475882817,0.0003112210673454588
39742,-0.5128331974878169,-11.607236037986414,0.8321130452048003,0.9135784180798654,241.65697425578387,1.1207839107788935,0.00031122885336149576
39743,-2.205906559599197,-10.36786605495285,0.4314192532098232,1.0484986506138625,275.5419039005568,1.7116053461421403,0.00031123670334108855
39744,-3.3527682804341294,-5.781013509254592,2.1680123103624704,1.6877876249934776,392.93969654735815,0.06953873511118314,0.000311251729011169
39745,-8.356508969709367,-9.478721927853144,0.5880112228323994,0.8294855203735702,390.0630438165634,0.25416021105945763,0.0003112767280346447
39746,-1.657618165269879,-12.170307745260134,2.5271098690832576,1.6449633962891377,386.9371705572194,0.5457425195994157,0.00031128628137051784
39747,-0.21139656596633216,-11.083192455906929,2.761551960240989,0.8803728071714606,184.57504328835884,0.18202075472359613,0.0003112915787496913
39748,-0.9711556839574698,-9.30585505760926,3.2314314919232703,1.1221486306669703,289.67124016109125,1.3813262431423068,0.00031129979412195544
39749,-6.664687864931606,-10.19124311568064,4.915606633806837,1.1906936052307007,382.1932936058457,0.37276117014430543,0.0003113190212327143
39750,-2.1899455551595484,-9.787456239439184,0.46165125747317176,1.2294684453592972,260.7882097868592,0.33704015857000424,0.00031132289210543217
39751,-0.832970622557708,-8.518364523479093,2.5733328034297283,0.9608957497276956,469.28606491636634,0.62910930013091,0.0003113246111967533
39752,-1.1227458160908235,-9.301146807520421,1.384619152000285,1.1662132506044887,248.90248787216365,0.178700747086169,0.0003113291614364848
39753,-0.7782106869141039,-9.457178034840867,3.1868166988559556,1.3959858167068022,302.78632986824715,0.6371588282361484,0.0003113890672648314
39754,-0.9222535192298924,-11.372113973063083,0.7680063435497623,1.0375497325902199,280.0056160588949,0.9847116404693166,0.00031139916875310325
39755,-1.4706619913566215,-9.255645852780665,1.405906039060501,1.26254141385889,470.40428390362007,0.2217698881733563,0.00031140636485891757
39756,-1.7429479098705656,-9.261391219081759,1.3678875077968071,1.8819728663245876,468.47276332702427,0.18365794170391592,0.00031142721554368677
39757,-7.873307924725838,-12.923272670049169,0.6409155899175708,1.0748060175001695,466.9533796890796,0.4248437281045172,0.0003114282869664017
39758,-4.248729345568851,-5.640264577138676,3.627073489434937,1.2790863352508892,296.64388156969653,0.47092234588702997,0.0003114391627923966
39759,-1.3202040789872438,-12.038926119696939,0.8468070781983499,0.849000931119104,466.7455911513095,0.5578192086015443,0.0003114479912439188
39760,-1.7398587478222023,-8.539236527364888,2.7430445905287684,2.362566462713857,418.8620447203823,0.20731383600623854,0.00031147208417793966
39761,-0.3592751051108838,-8.808247300043718,3.0236554977702963,0.9652730323571538,390.6612865896291,0.9368826097460197,0.00031147514649944134
39762,-2.1051260310758426,-11.24032978940566,2.665157210595076,1.1027630732094158,468.1574270223222,0.8038919576978802,0.0003114812850877569
39763,-0.14108948173393543,-8.762466649652229,2.0340077822549203,0.648589131800277,125.86977493601103,0.10153026337233584,0.0003114990921600365
39764,-1.525372264232674,-8.777062778943343,2.976790807173383,1.3092514996459748,321.87650859110494,0.33440043793943364,0.00031151573726576466
39765,-0.9301358562315816,-12.28148256983084,2.4695394429666675,1.2019619309707252,304.3751106992361,0.4253216899495511,0.00031153995824930044
39766,-0.09157602884635807,-9.415911407056285,3.185069841586772,5.815228985929387,661.6470174845905,0.48403044759476455,0.00031159923187174026
39767,-1.01836957691207,-12.771551554026235,0.8017745943278359,1.1773653019501122,247.4965036950223,0.808872305574071,0.00031160991226544127
39768,-0.8268213857193274,-12.967135581870657,0.7562959787558764,0.7345118453354106,223.41767863631,0.6319375580477393,0.00031164538151819875
39769,-2.6412839527032705,-6.978047273540201,3.392003181229542,0.730757810317604,182.58541319252234,0.31530158453666424,0.00031165455902442313
39770,-1.9304273325971604,-8.766613877859921,2.9222175895880316,1.6391227184384936,341.7377756973782,0.5660274276052402,0.0003116561103013092
39771,-3.820220452983344,-6.591818068709444,0.7038499980404539,1.1662167226997755,243.50646845052822,0.6626126849985114,0.0003116753962527608
39772,-1.0237227331993708,-11.764313192982872,2.6566764767140163,1.2380593093278562,302.4516314152134,0.23830936601017516,0.0003117050839320526
39773,-9.77591231574104,-5.778956245149582,4.267052281029784,1.189598684728592,306.25638920388093,0.5696231175186517,0.00031175161802897216
39774,-1.791796236051141,-12.330085657191278,2.46356297780043,0.748982367401579,149.66148182908856,0.1475386071273741,0.0003117802827116029
39775,-0.02660170951861396,-10.03733391793841,0.9361792956367353,3.3595720860440035,248.2446888446663,0.4480417781389372,0.0003117907904659142
39776,-0.36657551301101776,-9.206737847621321,1.2418011730787746,1.8721786231206665,450.0148201946366,0.301905482966915,0.0003118062942464608
39777,-5.036174003269395,-6.137676134267293,0.6841534654188164,0.7694031551789924,222.49443306898496,1.3938717686625788,0.00031181991530281967
39778,-0.8862250358711758,-12.270493676092823,2.511342422647406,1.4900018639233557,344.3355023291417,0.9183622518516925,0.0003118235582307214
39779,-1.5618511338046357,-11.024345787451164,2.7248795401841623,1.808423350482972,431.8213615531687,0.6035106758360653,0.00031184275726430037
39780,-0.215113857568074,-10.174962037955511,0.9646240776605067,3.002737872738397,248.1725657927761,0.45342983433645667,0.00031185746363511854
39781,-0.7066025841985386,-8.536958068029175,2.2574089736067906,1.3416133663127279,308.7510635282674,0.237416916072001,0.00031187525328597567
39782,-1.5302812762895925,-9.06786225398118,1.3174052162621297,1.8018020987148515,429.60623513757156,0.6036498687152099,0.0003118850139080355
39783,-1.8844728120996415,-11.16361421153968,2.859711311390571,1.0283738077263447,273.1763045571395,0.7660364735088896,0.0003119695360402065
39784,-2.011363265187425,-12.106154934935509,2.5340799847771724,1.8025649272157023,468.0941653461351,0.7275752609080728,0.00031201502200616296
39785,-3.729094538206386,-6.495044069245026,0.7419422328334944,0.9159777536156538,194.7974499747871,0.05574057988734893,0.00031201680653441437
39786,-7.930878719041306,-9.825453056439612,3.5532596722036773,0.9670302413145692,468.90998114140945,0.6282036259741304,0.00031202380193849725
39787,-7.864426594614214,-12.862026969617435,0.8609902786268405,1.4952653735947172,378.4355840496975,0.5072777274979154,0.00031203796298283565
39788,-7.855026746295698,-12.11516821470929,2.4229979589901456,1.8939150896833739,461.0916900021525,0.5495337959563926,0.0003120526350733937
39789,-0.3223334696461002,-11.945800128848038,2.5477810655888042,1.647298123388111,386.47236756941385,0.5397405298212998,0.0003120544111450481
39790,-5.04269911421291,-5.646873452595189,1.0916394013917095,0.7429703273599295,157.2784789134599,0.2672038912025867,0.0003120712664890877
39791,-0.3916819039408832,-11.122243128816956,0.7900765357381401,3.0414082262342355,471.991608415332,0.26015062656782906,0.00031208981979194184
39792,-3.5067700503926877,-5.895374217186612,1.72293921372564,1.2722250668874442,312.01905035533633,1.0715354320925075,0.0003121246638064711
39793,-2.6273323445782424,-6.845959960895395,1.4645304728542234,0.5049835587251422,150.09095230833245,1.0565139107551538,0.00031213680761511304
39794,-2.962462267877333,-11.309854048217813,4.962160538126287,1.796652679053469,438.14550891017194,0.45068511514009213,0.00031217545032639286
39795,-5.21561138411153,-5.111061714016897,3.930855783855001,1.4192356569791214,321.3108721862575,0.04617912154259152,0.0003121826525760741
39796,-0.18979415639526565,-8.931895382222224,3.0598455083003935,0.9168370478474897,182.3577602421099,0.39618120077463903,0.00031219897940878744
39797,-4.558335126923837,-5.35360636946827,3.245658894369142,0.7807065702070826,468.84368027249064,0.17113017780344908,0.00031220294333809593
39798,-3.1398471523687013,-5.981418154809068,1.748586457451901,1.154023515811575,270.98109680363007,0.7549870256193296,0.0003122286969195141
39799,-1.3937772314049965,-8.976564115975485,3.1370888634526537,0.7182565921395653,214.04723313327852,1.3622305894850584,0.000312239681382227
39800,-5.385090790360955,-5.760668811851625,0.589303880534166,1.0668362823993314,233.6060745110827,0.04059676733854278,0.0003122406757093458
39801,-3.2845121786326983,-10.713967381035152,4.770226750999081,1.8189940447627562,447.9527669527211,0.3742909281575031,0.0003122670521679758
39802,-4.8057343595321935,-7.046537679550561,0.05528177224639049,0.8685074284233754,467.77514408322406,0.2586896811773398,0.0003122697414925555
39803,-1.4826963863965084,-10.243363983562087,3.0281663153730323,3.2266286199156964,503.1425955771683,0.5043602784124328,0.0003122701091797189
39804,-1.0792418289071648,-10.16560353913594,3.0528590935166626,2.195517078908666,427.4166144278339,2.2940179320420997,0.0003122774154191848
39805,-2.084411223417061,-11.772610582631211,2.5496789004735714,1.5159011335596588,347.82763425354256,0.31466485832791147,0.0003122813520316115
39806,-0.23982269672702827,-11.914187425542648,2.5510360525320706,1.8329170555884984,467.55550113443877,0.7920132379731344,0.00031229264960020277
39807,-9.460705039077249,-7.247528537664371,1.5538213988136174,0.7846709274506871,164.8592889291612,0.07822370480599883,0.00031230655372498426
39808,-0.3509595386476807,-11.471459198887045,2.5975282859830138,0.7206978593424181,172.74951472430777,0.3491325043812816,0.00031234354961085805
39809,-2.8941808037505705,-6.922144602133123,0.5397764417607858,1.5407679601568067,356.3035377701865,0.7904321810204493,0.00031235497383661084
39810,-0.591108976266451,-8.51723702815512,2.6189114495774812,3.2219597802717828,503.6102824767833,0.5559242456781179,0.0003123604515242506
39811,-1.2729719324845163,-10.534640601033608,2.958054934781828,0.7468989622053097,189.5805694843071,0.06738158083555934,0.0003123687029321595
39812,-2.8895868446408857,-6.310901838889193,1.4475245463501338,1.6447617075802907,321.09371038533885,0.3624980583235615,0.0003124146669657543
39813,-1.6878249686006477,-10.709203394837434,0.7416011952668999,0.6496308577052393,139.24778780852404,0.11649089261463708,0.00031243450752003993
39814,-0.9070639162051641,-11.087360518789623,0.8120552905493016,4.881115591036379,614.307413813634,0.5078162980871603,0.0003124350662971802
39815,-3.8356385227972067,-5.62050384220828,2.1253535287447507,1.827357855853665,468.06938830035295,0.7134976882278679,0.0003124495451348181
39816,-1.1582617980524201,-9.475878216016383,1.1289811868030055,2.2129691937386795,426.99759047043125,0.4758799717750497,0.00031245043130946593
39817,-4.8378876771909685,-5.122719181460504,2.615751730670156,1.0933870639773893,290.2828328389382,0.9567044005883796,0.00031245646717608164
39818,-0.5708857525051183,-8.81161856188018,1.9658810870439096,1.6412057462148744,468.8634184770423,0.8594965223767064,0.0003124578837095722
39819,-6.025807723239751,-10.401019378322584,4.949944283400598,1.1699003625866906,467.1965378221978,0.25690400788790946,0.0003124674538898529
39820,-5.534682064241192,-5.622411800010384,0.5013983202721758,0.4993402629055715,124.2438103509059,0.5623418984125941,0.00031246814631596313
39821,-4.98167984844899,-5.82455682941379,4.666287277165945,2.0292827758975123,397.6271815006671,0.4359264934587541,0.00031249146727028976
39822,-5.0329815028682665,-5.229237222601189,3.6707677463914314,1.04169304660107,279.4808937737857,1.623896852037138,0.00031249753753829714
39823,-1.661874543438099,-8.815369168889491,1.9547939894335218,0.9280123372090106,220.40547233809036,0.06683082553633568,0.00031253074394870385
39824,-2.30450948772046,-11.818715891980109,3.702425393976116,1.0063617974699854,270.52980183925706,1.2840106242398788,0.0003125973348258539
39825,-0.06667008705884747,-12.737039705220825,0.8152301408768516,1.036550678476223,468.97668741251493,0.0037255477246889157,0.00031261161369200777
39826,-0.3032913327226048,-9.172067753149111,1.2599298089553865,0.8327601439595278,175.43133873931473,0.0609483958724093,0.00031262021441820346
39827,-1.9872631770636122,-12.43704474820746,2.429893161368498,0.855000016288898,467.97996254246465,0.3588361754666787,0.0003126234831981955
39828,-0.5493484708463257,-11.214522764699334,0.8076575552671937,0.9065224622231579,467.6155046576484,0.1348610271277737,0.0003126351571225235
39829,-7.7263255725804845,-9.210528774082192,0.2271674898432544,1.0548658946149188,467.30968531902994,0.7599831006411479,0.000312642193971951
39830,-0.3794792845159307,-8.707457165211473,2.1462136111847276,0.6100081120910814,155.37420583495572,0.34798961310516585,0.0003126720626654601
39831,-2.061344831345073,-8.737303943510913,2.022293728297385,0.8031766645873776,469.36800101938263,0.036486108835786624,0.0003127179435735394
39832,-4.008865109204438,-5.562995301247529,2.2152245416484986,1.8720811835031834,468.38424435172624,0.3949757913802552,0.0003127531320845521
39833,-1.0637207315195312,-11.84489992640105,0.8428404433272807,1.617558142939058,468.26774717282336,0.3220835010399812,0.00031275593405169673
39834,-1.0255650190695658,-10.442534778303713,2.985125661062162,1.0898348822873063,467.8781119860783,0.7007466680108658,0.0003127794359333864
39835,-4.855231352237697,-6.185674102779482,0.7852438645864126,1.8284052225145881,435.0305547906787,0.6306862003433276,0.000312808612652775
39836,-0.6409431990138774,-10.05649961233011,3.0594732773073847,0.9568970232937098,191.4180371703696,0.4748256805355142,0.00031284476750601675
39837,-9.969086159037861,-6.783466848709402,2.2563659407299013,1.6500844102927594,388.04069621843587,0.509219459450887,0.0003128508674642409
39838,-1.0960102607413482,-10.319780336462081,3.0260863196459176,2.670325604136134,432.5144884682871,0.2590367910068041,0.00031285607491580904
39839,-5.003780930037484,-5.4996518270091075,4.230040239332452,1.2616568066579028,468.21432498529094,0.5140320835803953,0.00031285748851321793
39840,-4.3843646437263075,-10.302103637827765,4.970146329694944,1.1328445895585015,241.49565229808303,0.3888346379197918,0.00031288068916982356
39841,-4.289894558881084,-5.774491624785283,1.8287102741721666,1.253661782408,309.00742064329756,0.4739784368491309,0.00031288804692694604
39842,-1.1191468016138835,-11.013349282133428,2.7194137590878262,0.8529248235842806,244.77611411342198,1.4172937343340797,0.0003128913222436323
39843,-0.5639562632660553,-9.247642022635079,1.3671667418985316,1.5919635927346916,365.3701295548683,0.11445477402168525,0.0003129197167843309
39844,-4.2447458836135,-6.454065877471033,0.7961271301066867,1.5143978628389843,343.8706778625608,0.9144695975730466,0.00031292976730634627
39845,-3.4301308907886625,-7.218808731194071,0.11142490360037716,0.8660829521088852,470.46147012412644,0.019017360049256915,0.0003129304576245871
39846,-9.065136534229223,-7.817382898025377,4.078424527968868,1.4455973960169661,325.5760078909856,0.47370150082061624,0.00031293886899678975
39847,-5.2658646698409335,-11.588904522546825,4.543961557702418,1.0040506146890613,274.4774894122758,0.3510455589669643,0.0003129718148072405
39848,-1.5796807933274302,-9.20402631464688,1.265810995617817,0.978950275479454,468.03163770595717,0.9188628922245439,0.00031299311513648494
39849,-5.1705197618993415,-5.308530211384886,4.17343851963823,1.0629856687652637,281.4674522949196,1.286620871079787,0.0003130108504588734
39850,-4.777663423791941,-10.142929625699844,5.082066997890349,1.6834142903263238,350.6566858076346,0.6951786044988522,0.0003130339288560376
39851,-8.840791339042468,-5.7399573426036214,0.3574398151350831,1.7899782066822512,468.62669463835823,0.9066744413452179,0.0003130367878276507
39852,-0.9107961878253938,-9.000881715626106,3.1405040607095596,0.8939975429297575,199.32703817473055,0.1538228158314512,0.0003130515567927249
39853,-1.00829386500501,-11.360471166546052,2.611614635941861,0.9119565717415619,452.390731801361,0.918921202191977,0.0003130944685577154
39854,-0.7276945878322145,-12.983437350237,0.8423215651690075,2.4861971438752923,343.3881510931045,0.019116404247896845,0.0003131163922591138
39855,-0.548959261934133,-9.052725359992195,3.1609358901023863,1.1882544331198244,242.0405830909714,0.46192229221804393,0.0003131167355444773
39856,-0.3884792549055476,-8.652961544537607,2.7383752967029,0.9302364832735088,230.29441971937504,1.0831610673163317,0.00031312245219921903
39857,-0.6441124338534827,-8.880143045756721,1.7811709985585837,1.9635488135817003,400.82908073034406,2.0128522470305237,0.00031312941973804477
39858,-0.4494395083907552,-12.585017767118975,2.4613378330578377,1.0219831647796682,219.76015782957802,0.3711556673426619,0.0003132094006901618
39859,-4.33143162084829,-6.129122064694572,4.941237063182841,3.535979939184582,539.4773919969397,1.2869883874524861,0.00031323445352633646
39860,-0.8712796848539739,-10.86773656185763,0.8559985089191846,1.1085502181377709,467.4651378178979,0.30786737718827606,0.00031324994844683754
39861,-1.1019885698397456,-8.779128770412111,2.031557777278043,1.1273909382949339,235.41568145574934,0.07643134711662025,0.0003133071155886987
39862,-1.6830263770647562,-8.637818525693557,2.874072816414285,4.712202330614279,585.3632675056539,0.23818383365000084,0.00031331440890027874
39863,-1.2249068711310436,-12.38254262999338,0.8224302306770614,2.297888330402625,436.5858667118593,1.8720826645892155,0.0003133476515449883
39864,-1.4097437058720672,-8.9846268091963,1.5547441782861395,0.684388283982716,204.34314956017732,1.2912004798177055,0.00031336230443132723
39865,-0.9174169271528019,-11.859268120947721,2.5516169346602697,1.8176814736217366,375.4214207787562,1.058108431780318,0.00031338058961998374
39866,-1.7216042783147163,-10.101432715457822,0.7607391481850244,1.5916756970319104,356.2756724324592,1.3519600333085302,0.0003133827136364454
39867,-0.007879044015746572,-8.582126330152931,2.1642847811523556,1.8767632745436524,450.74365650003426,0.5695392256591818,0.0003133834295702778
39868,-0.021542065203799865,-11.758434851551204,2.644453101549623,1.5536777004115367,366.6704600971125,0.49499617163886445,0.00031339857752055926
39869,-1.5305498050349637,-10.210829953934129,0.9530510486941555,0.7635448880894828,469.7640152352959,0.22336184487621136,0.00031340541885414603
39870,-1.1553114325888423,-12.247806634105938,0.8440136396664385,1.7103241198068404,406.7974934531584,0.2453749880813163,0.0003134100758797861
39871,-4.879410047482187,-5.124639503027124,3.0245700993405236,2.159765779038139,416.87915348476326,1.1746448025781113,0.00031343763672738595
39872,-4.70017609936062,-5.275922519656079,2.773371964378663,1.1077973508940584,285.46504199734085,1.7378477669560155,0.0003134410006642185
39873,-0.9603570027450363,-10.223794883538009,0.8592434044094229,1.6797652009201618,396.1223663700831,0.5162514911326905,0.0003135118045440775
39874,-2.7255172906681775,-6.523246138493557,2.4450885751094034,0.7686628152779027,154.70226225239594,0.10231671272083265,0.00031353254563594245
39875,-1.997565933926861,-11.756753437571994,2.643820026964772,1.7306795695404444,410.069582824554,0.3862997534535966,0.0003135395085971813
39876,-1.5863350379175216,-11.260455033964657,2.624358752231417,2.6347119358048556,447.4498853021919,0.5064488875917084,0.0003135749925698066
39877,-3.4508876694495374,-11.957269331118333,4.438411789455964,14.745159316748804,808.0562177484044,0.2220280612248251,0.00031360233178375765
39878,-1.2386055515753753,-11.308308826636383,0.8401437803725758,1.7682424247102826,419.0223139344769,0.04973416993460411,0.00031361358688874693
39879,-0.6594924637541268,-11.297331432389745,0.7578345176134552,1.8059408307124625,429.9298691882364,0.018973746834198835,0.00031363937826618936
39880,-0.6036102758515387,-11.156684671315382,2.616050490521615,1.0295608785904542,164.66926932347718,0.18029731588907083,0.0003136458280441388
39881,-5.159520065229481,-6.538615989768686,0.2597977825138499,0.8513121332229109,468.14005169799,0.2469495041248182,0.0003136698986669282
39882,-5.776736220727554,-5.163263264467801,0.3052236495381628,0.8327036761624473,153.26147599272508,0.17737179612152865,0.00031370225501731446
39883,-0.43762290215653366,-11.079666402133757,2.7002657068530738,0.6640382408841229,468.35765799837895,0.42577342553172937,0.00031370532636857654
39884,-1.8924207806621514,-12.903176000449339,2.3703641451689754,1.4150883526591036,326.4862635606272,0.23550415548853554,0.0003137509497323942
39885,-5.327312333354976,-10.556094390236078,4.87054572800379,1.2417710523482677,468.2998431049995,0.3221756146838599,0.00031378684491672413
39886,-3.3481487528808573,-6.304660184267395,5.18876176547818,0.6766945879412587,136.41393727020912,0.6203571842945399,0.00031379896082218517
39887,-0.5254513269828305,-9.386610412150151,1.153674297600233,1.3782353241951248,467.81360473292375,0.49054102686134815,0.00031381863389698086
39888,-9.78911055490627,-6.148383187209956,4.243715177665486,1.7293358855329417,468.57851619377124,0.8225975182955185,0.0003138475796995832
39889,-0.20683842489442128,-9.833160564684666,1.0525304378102736,0.9620899693673038,268.2483465023962,1.2568208049863046,0.00031385050447775835
39890,-0.6289695054130569,-12.522981306272012,0.8384606671992609,1.078447635700283,279.7965135307138,0.8102474605632279,0.00031389168924049774
39891,-0.5792917266227313,-9.006539235774937,3.1359484748263813,1.3249143735628204,319.2615846043706,0.6527434489449586,0.0003139174485588143
39892,-1.705068321920896,-9.721343467222132,0.8875394348439051,1.2246478474239018,259.4414507817187,0.9833295667341417,0.00031392329670059717
39893,-1.7075878224321919,-11.868200120911116,2.4834479601147015,1.371997941220432,324.2866671992939,1.5504900240943131,0.00031393191181219057
39894,-1.0785817999993128,-12.099597606266542,2.4724028953450343,0.5830561043719529,127.29738387648798,0.015605976463839433,0.00031393471661545863
39895,-0.8256678740036474,-9.561783213939279,1.0995221736176717,0.9540775766640609,294.78234081602346,0.09910175195909599,0.0003139514591481414
39896,-2.99069504107049,-6.59141891138592,4.919288809223122,2.2944829169272345,424.1202673015344,0.6779128471904086,0.0003139722056797913
39897,-0.4931659933175929,-9.16716825187892,3.2081071988791323,3.1485249142812344,333.62387803003327,0.08698944443915746,0.0003139722563517942
39898,-0.6914411063361587,-8.818718379415238,1.8919395736923994,0.893118537798274,468.66805281756706,0.9056036404239842,0.00031402190658585705
39899,-6.612663253963717,-11.183571665209284,4.509868324141206,1.1159380468747884,268.202290480984,0.32400253667230405,0.0003140428930080348
39900,-0.6019475280416504,-10.444458434262556,2.974706103069019,1.0466317617050978,270.09914588453324,0.751026674734864,0.00031404517951168725
39901,-1.1834014110364368,-9.272162138757066,1.3451317425178821,0.919471692975893,278.4695941059122,0.44782432151857865,0.00031410470236232303
39902,-1.8561123554534422,-11.536460143360179,0.6900163346979983,1.0183768026914586,218.52731283563844,0.2571862452038056,0.00031411016723347337
39903,-1.5667253465534348,-11.366453115518054,2.5898618167943916,0.5016976815568185,124.7314066759564,0.9183166055802223,0.00031412991122450315
39904,-5.483438029916131,-5.028131635055045,4.452670357856152,1.504038022805516,468.0242659671059,0.4441943501482397,0.00031413283315272065
39905,-0.3417397455230198,-11.622844573131317,2.6663289847193106,0.7417008337901949,196.71764046927134,0.867664902276327,0.00031414597605496287
39906,-0.8023218586646443,-12.31947003490852,0.7887328258891148,1.1425536744526603,292.6570946525933,1.0136631732261563,0.00031420338992413485
39907,-7.538104582165099,-9.646187990198921,4.474615000449104,1.092689155689992,284.0092083147619,1.5645710465839793,0.00031423502371365523
39908,-9.154844785457502,-7.435056356099556,4.519214596253025,1.8639503664883204,469.6354486941536,0.06270706997038111,0.00031424989832713106
39909,-0.13548993388670638,-10.513273789551635,2.99581363689135,1.633969135632706,384.63337581593026,0.30714842692178923,0.0003142549493634545
39910,-1.7717804047528674,-12.15928256585206,2.5400610736915024,0.8996443354165569,425.15444327841936,0.905119564570664,0.0003142679993731505
39911,-0.892271009402263,-11.774549566004945,0.7833928781546742,1.1073628281057697,467.8716369363198,0.7694738594427752,0.00031429291396942296
39912,-2.498895163285227,-7.191921003617205,1.7778197884017255,0.857693588992634,221.9754749458733,0.9973026405710392,0.0003142963626525032
39913,-0.37001659114144125,-8.653669169140045,2.826471121040194,1.3592211603874718,303.6350026281565,0.03882280195413834,0.0003143031469302549
39914,-7.8704445498729765,-12.767573424701048,2.0737771949870547,1.286250997793722,285.0559379917363,0.06358773256226602,0.00031430822091014983
39915,-1.5291038436115052,-9.599062867579784,1.08231037399162,1.2724855465217684,468.06657386770235,0.30166949790119446,0.000314309123878913
39916,-1.0114272137849962,-8.923270726821585,3.095905781007409,0.7496673073625805,434.3713786246787,0.4886634615608534,0.0003143186697430031
39917,-1.2563086172504416,-10.12222865760037,0.935486773028282,3.050911803507197,499.882181975833,0.3132902730212246,0.0003143200305885379
39918,-0.12886112012837891,-11.827964207774407,2.563916788111651,0.8811308900430218,467.1927841756501,0.08532590196703271,0.00031434533346731664
39919,-1.005449543173821,-12.3327084376432,2.4536488648647126,1.8791394891291873,468.01203490855397,0.2871004614427779,0.0003143583026399298
39920,-4.914993864548953,-5.080449115723172,2.9553030551352597,0.8272066243443897,178.8320234360186,0.06570608620074392,0.0003144038707348217
39921,-6.934125831702067,-11.751202017853267,4.196430069968134,2.06956197635317,405.55760636489555,0.29676624831784437,0.0003144051266856903
39922,-9.878635119611644,-5.03844763247855,4.034048995863793,7.098698132834053,531.5722407871143,0.01346664643427875,0.00031441234628153553
39923,-2.103843010640732,-10.020170563583646,3.110557442334467,5.674949053182817,648.9978460121868,0.33205620121162926,0.00031442149659294006
39924,-1.6511035964035532,-9.780138943025882,3.168863022029343,0.8122175772134534,467.7402694942045,0.07610495984666699,0.00031442335107078495
39925,-4.741105233166025,-5.274531381926928,2.944646640363236,1.7812547866968704,430.28844310213117,0.4643312540908324,0.0003144259015598077
39926,-9.275381148095958,-7.363779001265174,4.387089162712887,1.3113053251079805,292.08211148982855,1.0091298070172607,0.00031442763660199263
39927,-1.5928523444214253,-10.302440489103484,2.921652032583786,1.6035133733869704,323.9349553061088,0.151436014964486,0.00031444300688322383
39928,-2.0403563678399195,-11.822486461767804,2.488156798509758,1.82713853059862,436.93455157979844,0.2688303968416603,0.00031446639692329426
39929,-2.8819991351175824,-6.225441065237485,2.1874768462221623,1.0930576121495184,288.0495181084541,0.5700139193646345,0.0003144668046211499
39930,-0.6826988334940456,-9.822031729825387,3.1602525160335695,1.5049978486294908,262.5538801589438,0.006548833625149797,0.0003144703895129481
39931,-1.6130720123543334,-12.137799137307368,2.46479501573883,0.921118113814677,470.3065303561277,0.020642586815106334,0.00031447631920436395
39932,-1.1382531594496843,-8.902021638374826,1.6552994788928996,5.745502980625056,546.9756197020505,0.07563174102746295,0.0003144963959876949
39933,-2.0378230374145136,-9.767811686320634,3.152672472021725,2.8910628083107146,470.90601768143546,0.4530611426257325,0.0003145024481351272
39934,-4.166080448990222,-5.646471098358404,3.31633219363789,1.0811400664303823,280.1188017360471,0.9945835831119707,0.0003145146280741243
39935,-3.557240538759803,-6.013754294539154,1.6564512641016873,1.0575630094670825,285.4045789076684,0.6133111842719599,0.00031451492185248704
39936,-9.797501610129405,-5.942791121498515,1.8056176757167601,0.7728225543762068,162.8877566824117,0.017944482109716553,0.0003145161342514211
39937,-1.716976681480606,-11.046313213775832,2.6902149052733337,1.9588087723464052,398.96201283621207,1.7316560237678624,0.00031452028772209543
39938,-1.4274698495179639,-10.342001600308155,0.9074842279642252,2.825869273490127,474.6510581513022,0.7004281093839966,0.00031453199236873065
39939,-0.014602655757711247,-12.946842256901697,0.8306742447887318,0.7800821336065402,227.96610373067705,0.8113340851541446,0.0003145351739410637
39940,-0.471790368085129,-10.154837275536494,3.087685033043628,1.8032341516038761,429.3188498842153,0.36808764678228645,0.00031453584166672477
39941,-0.5281036961036438,-10.63764390434613,0.8570765429551421,1.1117681500454968,467.46040835949145,0.30694518282708305,0.00031454762682155677
39942,-0.5898938408305234,-9.292027802594742,1.2457645939509125,1.5398824674677094,349.1673037838525,0.24056967524473105,0.0003145676405355885
39943,-1.3836977119697877,-11.044356592494095,2.708172842570206,1.6802613019734134,467.93719110105576,0.4513264288950358,0.0003146351878932313
39944,-4.492799974967222,-5.371489874987585,2.76286193415909,0.6694200554932527,169.17317153495102,0.3947478292765023,0.0003146524977182547
39945,-5.002805191881605,-5.342311647573494,3.9063226703230693,0.9018770669379517,465.5244131171395,0.46450011071371833,0.0003146886930769376
39946,-0.9512451785433065,-12.750225223634827,2.368707727972264,0.8699364291749521,224.42276103241116,1.073217793784215,0.0003146904820133064
39947,-3.799615056028541,-6.341735026858152,0.9860385390366722,1.4798444233219,333.3977052144668,0.36223646379820185,0.0003147403640587652
39948,-0.2479956863074726,-11.772174973282697,0.8015580722559906,1.8685088437121578,448.25955786873334,0.4602025920101953,0.00031475002192405104
39949,-1.9157306823306968,-8.542351600723045,2.4633298086454887,1.4709894702127568,469.10630807962076,0.6348965489624545,0.00031481840018220657
39950,-3.2677580188111204,-5.743608706375955,2.444917531245025,1.2566960138809935,280.9579646171906,0.1959438757929215,0.0003148397206012768
39951,-1.916086605056826,-9.489149921162094,0.7387566407963548,0.9533385999604732,241.1987555739795,1.1709271626235234,0.0003148425399798833
39952,-2.089607087363672,-8.414360384103583,2.4118934195361907,1.8364514339987257,468.0719165203379,0.33528956401200993,0.00031484497194020903
39953,-0.1824532327826116,-11.54000286847532,2.6804161315677466,1.1172440278885996,287.80144937718273,1.4885729674152017,0.00031486289837669114
39954,-1.4542041333278046,-11.507033997701695,0.8166786087586074,1.1798723101235598,467.8525207631413,0.22214498197087185,0.0003148803694018922
39955,-1.4154739756545993,-9.55169158660276,1.1139735571880849,1.9566787527429514,400.57683817273784,2.0732738126321655,0.0003148961115795598
39956,-9.60275988377665,-5.138419567063701,4.511627865657238,2.8185483370106392,485.1073988220992,1.7859544598514772,0.00031490664471218197
39957,-1.657048145842646,-8.698765510269212,2.1357995060281283,0.9454241597862736,467.4996269228862,0.7869945803282397,0.00031491305431186945
39958,-1.0052226276560354,-12.962239540281526,0.7583311867993613,0.9944513940756685,243.58733679186966,1.2473873192093805,0.00031492438967957714
39959,-1.5019344617593156,-11.78908203183111,2.5517037547076438,0.852010611161928,220.2377670614606,0.5068448990016607,0.0003149295254391162
39960,-1.9235536266220254,-11.498392585269176,2.5836510330508036,1.2535415193821593,264.7662907040542,0.06007325630293803,0.00031496544206844224
39961,-0.5239513264928348,-11.886249567076131,0.8340376236779702,0.9196732490278429,225.4544127077198,1.0100624124046655,0.0003149687112011027
39962,-0.7777657570502541,-8.643632187235905,2.804699441403948,1.2274392756855612,286.87325917053346,0.13192975782278094,0.00031497052197097846
39963,-0.292884257165829,-9.881728743169475,3.1438593786479285,0.8096542184820726,159.3053923513845,0.06142447470912327,0.0003149707856568829
39964,-2.856189362408152,-12.02282789610107,5.096148558207158,1.2583003330503812,468.09948171396917,0.7306048227463293,0.0003149709381282678
39965,-2.392560445706133,-7.631625086025108,0.9425374488674628,1.5865710387861585,185.65660208800603,0.20934941737912993,0.00031498710611595324
39966,-1.1675910762560822,-12.812240350723899,0.7660578629821303,8.42926821339491,727.177017597187,0.2638960473616345,0.00031502857270325057
39967,-4.675975938290943,-5.764229791555782,4.333611228018566,1.019080470424157,270.999622961553,0.5040827961485741,0.0003150333534537587
39968,-4.831508802533416,-5.85625878385842,4.66602494074531,1.7666402479590892,419.49998377326466,0.4069861321004513,0.0003150591981622227
39969,-0.8254894200968046,-9.716812562350038,1.074666471939233,2.171990819455902,424.6309311808745,2.1819743032100467,0.0003150708798865754
39970,-2.1193881990376013,-11.956742788570613,2.512138904885068,0.7634813427859929,170.8064697827693,0.5613234117961712,0.00031509942082871996
39971,-1.1194291688626876,-9.150123885985975,1.4842278263056103,1.4573724601936977,468.36549081850717,0.7947657236473402,0.0003151101683757148
39972,-0.015993096147115082,-12.707487555550903,0.8072853831594252,0.8181213132098341,163.0386126419085,0.12827278510639406,0.00031515520826426143
39973,-9.995549194310273,-5.878097175076118,2.1177481660181665,1.7062473211160085,307.58761261870023,0.22661195610270735,0.0003151625879332686
39974,-5.105845733705644,-5.878851209490016,4.9657215320231085,0.6097144766790983,125.81366289295741,0.07659199375837655,0.00031517329460384563
39975,-0.5491488999536873,-12.594782248309748,0.807877019624504,1.5850373126939563,469.5060246530129,0.04341299348507999,0.00031521444499075374
39976,-0.8519600490663031,-11.841487988995176,0.8368704930228374,1.6820498231697976,468.4334231704805,0.6057900554157669,0.0003152236857523923
39977,-1.436417145775529,-9.995549422404522,3.058757341170152,0.8709838558301836,235.98493024641402,0.20916257720178422,0.0003152365721544831
39978,-1.5438671929168244,-8.793855123409958,2.042478363532506,3.0028340317692104,499.20072598177137,1.3920092099688857,0.00031525198195481895
39979,-0.2855853626781588,-11.325591815209782,2.5905905990170135,2.1371761289341635,267.5067687263128,0.06931211531455528,0.0003153202849773043
39980,-2.154583518574455,-8.560993495720627,2.3666976924628886,1.3560903869959149,323.18593946768505,1.5840891783522482,0.00031532398222024584
39981,-3.977288695878994,-12.688956866849159,4.36997202460373,1.4642299831790206,327.8068572181985,0.10266940029757521,0.00031532925970504164
39982,-8.802261541145752,-8.710433773259936,2.3952502513793137,2.2761944808440244,420.55336104959144,0.7384069792568999,0.0003153540067863263
39983,-0.6891402526156831,-8.900743137889055,1.7576200952160865,1.621630699714733,374.7641988550654,0.07862606219406221,0.00031537075950172056
39984,-9.67496620953107,-7.5435013092676115,2.5135973460945222,1.682510122516668,468.6339219864925,0.8212043304050889,0.00031538336132985707
39985,-7.540599497865918,-11.272025203700949,3.538100170954191,0.8382477051141013,206.55623294137354,0.8353394979103728,0.00031538979740085277
39986,-8.273910843510038,-9.875587123500917,1.3582510216899881,1.3199431621759539,285.2483612406531,0.9808371430998291,0.000315391152205824
39987,-0.8383840381931584,-8.556403337745161,2.5832028558777003,1.7980010130814532,468.0502253611897,0.7025164475988293,0.00031541001173621933
39988,-2.4862899229634436,-7.398190561234935,3.0098893827933115,1.0198733990051538,467.34368811873003,0.6752931507251523,0.0003154135026912738
39989,-1.6292128112808406,-9.570183450160606,3.1727417023450077,0.8847304664861392,215.21842117833208,0.9555891879025893,0.00031546101396273576
39990,-2.1465118252387283,-10.284444727800318,3.0610673856565085,1.5537165626840108,350.146336527457,1.6594876776502234,0.00031547066373516794
39991,-4.418917492845957,-5.47905467664669,3.369047835588058,1.8313962543994389,438.0617216165207,0.09779874373167896,0.000315479219525082
39992,-0.11194415985466755,-11.666391696732596,2.645465981793659,1.293294673682742,135.60240938166888,0.35842104956086107,0.0003154918848298029
39993,-1.6948929948734381,-10.329762213852533,3.0159830999859274,1.0133595191693354,393.60245591447136,0.4737910368183469,0.000315518357480661
39994,-2.278977506941268,-9.00245658457153,0.5558406564502377,1.8368319149746553,442.9103947144889,0.29431937428657395,0.0003155282499006702
39995,-8.976767348042552,-7.843141538640486,4.217243734960605,1.1818149417067283,304.63515935648866,0.6460442381431735,0.00031553488655739165
39996,-0.44483384255602765,-10.333118872479593,0.9351108754449854,2.9453740870735765,304.07342352660595,0.11186000547968966,0.0003155375053439503
39997,-2.143227620723504,-9.854245844368448,3.1373335381017706,0.9584629984738778,466.56491191193675,0.17123488840504653,0.0003156047385477331
39998,-4.047133505251628,-6.238263095320066,1.0749259928072599,0.8342309224351735,468.20883564296145,0.22568755720469547,0.0003156098910732125
39999,-5.320486218352335,-5.900087777690065,0.5792299037982889,1.7889702022580702,423.30341840907437,0.6226141210871967,0.0003156382049261464
40000,-2.3870930205084058,-8.098963760201187,0.6460347756900008,1.622198187842921,382.48700436169844,0.6057036420575796,0.00031567532075050354
40001,-0.036638927381410724,-12.454047946730105,0.8119505791563557,1.2399165376490107,286.94569772607446,0.314819928535913,0.0003157225995185267
40002,-1.9277678408163403,-8.607516629468623,2.7645506580725545,0.8750761396528224,390.01494209972594,0.21310809669616848,0.0003157503808006009
40003,-1.4692139637174648,-11.57473280371937,0.7804785020586252,1.8586085221172315,468.08476571641467,0.6568746433395205,0.00031575207280254967
40004,-1.035951324951272,-12.192208980841587,0.7611162789160333,0.5007444040676649,118.52856843689507,0.49216880876507574,0.0003158513668499633
40005,-1.3710241168490196,-8.839267925160772,1.8821729086772567,1.0551499681340308,468.08412384273635,0.8575915843775084,0.00031587994948516603
40006,-5.286061844388315,-11.87307093252015,4.491981979350669,1.0974490819248062,343.68595116547874,0.8899665993949357,0.00031590646660017996
40007,-0.9079028129701889,-12.005370718780524,2.470289486182217,1.8441834119438256,468.882313253859,0.6415991719475054,0.0003159202701868968
40008,-9.044918095156003,-8.068141733004445,3.5734367138335092,0.8012987815967004,470.30070783286203,0.021653897552476487,0.0003159259212007397
40009,-1.3645506463372374,-11.349000112188541,2.5983318052012274,0.8489946295082036,172.44935533880593,0.990307813057778,0.0003159416891102628
40010,-4.021521188666078,-12.0122779403024,4.436646817377756,1.0952640021049258,256.7614044814466,0.44940187105434415,0.00031596268976697865
40011,-1.4044404102477763,-10.811882085025557,2.7969935739879443,2.97292065265952,498.35191019199937,1.8543546885693134,0.0003159661649497196
40012,-0.847372428096886,-10.357142381267478,2.9877150227306046,0.8422218005686866,170.76916256381168,0.4603289964066546,0.0003160042395085847
40013,-5.079124451509395,-6.217599647994724,0.5723024172630664,1.014408356072444,270.2942862825731,1.7544315098602814,0.0003160196546192303
40014,-1.0920607319723512,-10.119606461973046,0.9667333811229686,1.4150896277826517,312.84732481388414,0.4484810091530802,0.0003160215694937145
40015,-9.645581065339087,-7.040738304279864,4.077198343500188,0.47123442388903064,109.68276804199289,0.36410211492366606,0.00031602608663191764
40016,-9.66473840203102,-7.557947145256774,2.543358764824567,0.616131549110557,181.82628975370278,1.1161125271553987,0.0003160792150713642
40017,-3.7310160273961737,-6.005139424799099,4.411194092184773,0.7309648226214011,149.8616490928886,0.492800625196244,0.0003160872275299824
40018,-2.456697213656101,-7.524033646443109,3.005358719508712,1.0152982420017274,468.00126857272465,0.3686541803584378,0.00031609643571471564
40019,-4.8634841340527,-5.096727526347037,2.341386601537036,3.088938419552725,502.87688600275465,1.0319153497922988,0.0003161225356290497
40020,-1.4632246789958572,-11.501411274552918,2.6785985089770468,1.2088799795426954,248.00993404729692,0.5127586008412086,0.00031613192539856175
40021,-1.6953626410930482,-8.979283440892681,3.107276615790368,1.50729243098269,353.65842499248475,0.5903039672646404,0.0003161674086809559
40022,-1.1786703319851028,-9.799595648676533,3.1527637039321705,1.632361195174145,380.72202051320284,0.12079266102784914,0.00031618100072502216
40023,-1.292008483052097,-8.712354935908884,2.893898995704481,1.1485428653370426,295.94047194914845,0.3488997990827416,0.0003161829973812717
40024,-0.9068937722580319,-11.403380819399647,2.5775272064774386,3.5315452561550433,538.9482823945791,1.2686716259365873,0.0003161963613146661
40025,-0.07530634554072257,-9.732624426939356,1.0785266237538953,0.773434557027775,230.10134900309188,0.7642359273000627,0.00031636043119452384
40026,-3.2923169801439256,-5.843624540610956,3.7032628981332913,0.5780121603741728,181.3203300456484,1.0304243076129476,0.0003163785116523225
40027,-8.612546410739954,-8.658711409196405,3.4596679936557213,1.81835068957653,467.66644122716207,0.43991071444883456,0.00031638076428185596
40028,-4.294679617925671,-5.546408765032055,2.6819869585810974,1.525720557389866,468.50701150290274,0.45747295956174927,0.00031639375928562747
40029,-0.11276679283202462,-8.661645166945638,2.8664838114441253,1.10511282855462,290.43000970839046,1.0141176468050022,0.00031640589462933125
40030,-2.712324475984315,-7.065418887535223,4.252811273830166,0.9240566489282671,261.5864926991808,1.412448840200983,0.0003164237402699928
40031,-0.39409031152021257,-11.798883723270695,0.7651800954730767,0.8607344798705159,240.2202715157233,1.3965784239177816,0.00031644377473271924
40032,-2.4483925866889065,-7.649172160183476,2.9507606857461024,1.0033487098489338,238.50672077317867,0.31538492570627863,0.0003164448835881914
40033,-0.8325047694309387,-11.635052199401882,2.4943144652184217,1.0647889043945349,286.77592839974466,1.08624668152929,0.00031645894870054443
40034,-4.70488394751027,-5.6244266859912955,3.965232959168741,1.792768780970826,428.4536102799762,0.6431014769756258,0.00031646921936479526
40035,-2.0915945070626707,-12.107677980594806,2.3680779426084104,0.9919885950645233,144.6778847934492,0.18266744077395547,0.000316478713375193
40036,-1.1590859327246363,-9.472766701069357,1.1663210153437655,1.7816914298125146,467.8444084905316,0.3798150116547472,0.0003164918379488872
40037,-2.0527677432390625,-10.46471559150387,2.9486846315983652,1.322285062132951,468.27584150777074,0.20003584443086364,0.00031650720931211386
40038,-3.5095222126906735,-5.916364991216558,4.123952137943282,16.26478386167844,702.4173166829625,0.050234029346842846,0.00031650857576866697
40039,-7.775722860555153,-12.765917135079578,1.119617029735267,1.4342602123721306,335.03225612649584,0.48578104771072983,0.0003165138396649694
40040,-0.25252382479760627,-10.413675113443277,2.965495185254716,1.6991856630165814,399.91763040293984,0.5095551591240017,0.0003165202501366252
40041,-0.4076470429167216,-11.282017894042745,0.8433584106023692,1.1853209118805283,468.31219155776785,0.6294417050074559,0.00031652908450251037
40042,-0.9929632422082584,-10.899561226307414,2.7267688537601886,0.977167939911751,467.3141939582217,0.03755685003698073,0.0003165304464082728
40043,-0.6917199075695208,-11.79526643133137,2.4868569003629544,1.4426633283363597,333.1125803001344,0.23920145410559446,0.000316537359831
40044,-3.600254195941748,-5.694974059419015,3.4285745841251796,0.7310906996616107,221.3938912956383,0.718648411925245,0.00031655701753442684
40045,-0.023774141994318043,-9.404266200264598,3.197570624018859,2.0406888505018843,410.4606587780087,2.0260289368152264,0.00031657500552975285
40046,-1.8828606604482285,-9.977777084376186,3.0641478291090016,2.087496597720088,355.36625910558587,0.10180246464923037,0.0003166322176333166
40047,-0.8405684565849079,-11.450590125726954,2.583277642015392,1.8820317303225833,464.526841862515,0.19727651983927785,0.000316642545105778
40048,-2.9203085838394642,-11.45516869924911,5.01208962641938,0.46819873091738773,124.13069939511865,0.5956035455492472,0.00031665328686484407
40049,-1.9900430886234108,-11.074009819800635,2.703938836666105,0.9196070731379135,240.6318806560244,0.8150461937077251,0.00031665759095131954
40050,-1.5575733372461187,-10.995896586138524,2.687475365699772,1.3647557223869171,300.5592893761557,0.06674816910340553,0.00031668680212530655
40051,-0.26261080925299396,-9.128156423466304,3.155851075673589,1.8826161251041964,468.133433600734,0.04353208302674094,0.00031669024136622026
40052,-0.548308788557442,-8.810872827858075,2.0277993673759065,1.8537893950642106,467.2443933824938,0.29431418487601935,0.0003167113229753999
40053,-4.476214041161029,-5.4954915783791805,2.9489274382954846,2.540931859302534,451.8241837965024,0.8115887552126848,0.00031671415011190804
40054,-1.3240343583444396,-8.552754884600244,2.4617049832503426,1.4516783478532216,347.95214655569737,0.5306850409210986,0.0003167271064037843
40055,-2.4871567348875567,-8.884473541808179,5.160177008817791,1.070044306041609,214.43625602349152,1.0982808698825215,0.00031675562341654826
40056,-1.4263701163818343,-9.834294965454633,3.1384856619300026,2.0004845595812526,402.100770131387,0.3728154748363002,0.0003167639842643525
40057,-4.266604802780975,-6.038893935458272,1.4443929592570115,1.0532818772765806,210.49599326873027,0.04036806847976848,0.00031676734175884906
40058,-2.3680461821906382,-7.499159624098956,1.113212265883946,1.5241473183302465,344.23592267853496,0.09842055310075626,0.0003168291976496144
40059,-8.044716113449196,-10.648869315980807,2.2537290776615984,0.9528746636981729,189.49828504027545,0.5276084564155008,0.00031685805812104915
40060,-0.8021423877940475,-9.332401542815742,1.3690592614851391,2.2848850188541285,302.810485174865,0.03490616280011327,0.0003168580863245674
40061,-5.32745911565631,-5.858644525005744,0.5674575069633936,1.1838401107470324,295.45975587153106,0.743950910492825,0.0003168801241549515
40062,-1.0155741429074645,-10.226781673900117,2.9291187874849367,1.0123956310984437,278.1022445551098,1.3384448819023715,0.0003168983147299759
40063,-0.12497423468143154,-8.612365022039176,2.6076600645184516,0.9772510065688499,240.18941583240033,1.2355060990279485,0.00031692380685797343
40064,-1.7128272513972558,-9.31403252715296,1.1099809308303328,0.9113262907125663,259.4361208564705,0.9930993753580761,0.0003169267064697864
40065,-0.2237413119154592,-8.96603168337692,3.0948910804740284,0.8942933600235436,186.85240567221823,0.6788134545624258,0.0003169591968506596
40066,-4.771330034398435,-10.49195994937201,4.879191194982877,0.8688312259029294,467.9220489264133,0.3501772487867161,0.00031696410648763017
40067,-1.1959236801512176,-11.893307464769709,0.7910871073767608,0.9391026723106858,468.5943276726389,0.8166971775318617,0.00031698035281570066
40068,-3.417919732873095,-5.695876994711634,2.876227841060026,2.056963155363669,189.4001962449104,0.3379851617376799,0.0003169837351564628
40069,-8.143462177595655,-10.266448176633215,1.1793877302274036,1.8784199213024666,468.68857121702405,0.6103891917853597,0.000317018397989824
40070,-2.314399527792008,-12.290308840697204,3.782043890799792,1.3108145558511772,324.1736693548335,0.4045861482664561,0.00031701972711466815
40071,-0.29604389079453775,-10.63569799213359,2.910940755646211,1.0587907276343653,283.9012796617176,0.3801997716738681,0.00031707697533689996
40072,-2.9839087927014463,-6.06955912228544,2.9120233288442154,1.7213767594340421,468.5610527125751,0.39511521921097437,0.00031708803364448464
40073,-1.1317652455026188,-11.147207205013155,0.80498996403625,1.870323445912832,468.96355628983974,0.6392590345766402,0.0003171036883320637
40074,-0.16637900806066241,-12.178235120292442,0.8288196354004805,1.7665373369649013,467.5182885476715,0.6953411500046949,0.00031711057499098934
40075,-4.140990511812399,-5.859995931845008,3.9965997099685913,1.0501394911809117,199.76157299658664,0.09731235557012585,0.00031714848151491324
40076,-1.0461851528000246,-10.984634246659649,0.8800984596510689,1.0365035298999872,243.0724228694417,0.4570489537122766,0.0003171680904890722
40077,-0.5531443988767588,-11.608122334986106,0.8313164900244353,0.8860557774167447,175.079644283624,0.007924410002325466,0.00031717667545832443
40078,-0.15798120168328644,-9.062325624935463,3.130516477782953,0.784993577753304,200.92902157960012,0.6611004500768258,0.00031718571545334034
40079,-1.7931975710612988,-9.334561996491654,3.2060693839282397,1.2008259108207024,304.1620086213386,0.9296416210682716,0.00031720646708976373
40080,-0.9716320908881144,-9.675661086618353,3.1957184463125508,1.48498600097324,338.737593853482,1.5817848238749246,0.00031723300775114954
40081,-0.297461543841397,-8.958636005125477,3.089097613154926,0.7860670706384184,196.75163092782506,0.0969025756416837,0.00031723408838812755
40082,-1.0988594753339918,-11.981876789432542,2.4644733848904368,1.1713977339393973,282.7928744427921,0.3300746700134978,0.000317245381437514
40083,-2.0363200145945983,-12.601242820508457,2.429322012320331,0.833607138425096,236.89838149094328,0.5652954484108808,0.0003172768555086184
40084,-4.082305045663659,-7.075233769758015,0.22656307558518804,0.945725859444556,193.53017374449286,1.0008277056339114,0.00031727800316715734
40085,-0.9996041486230673,-12.638146257093261,2.437089803014127,2.8054843965512704,484.36717883942845,1.8727256867659134,0.00031728028650259934
40086,-3.32527833640672,-6.4636753804350455,0.8805043984581642,7.485634669550156,427.22291712203037,0.15482502279118826,0.00031728425659627817
40087,-1.8721908698697156,-12.28082521323865,2.459337265622993,0.7411363507415285,221.88020036773398,0.2943606622828918,0.000317357656454069
40088,-1.0118889098668102,-8.547878034766196,2.668282025863299,0.8506285513894595,176.26102724608418,0.15497947023905834,0.00031736384733583976
40089,-9.895253633457294,-5.926224982131071,1.945848509468234,1.7500834587604073,467.9403552504063,0.27690701229835124,0.0003173861197805115
40090,-1.430411819838156,-8.523551335541779,2.5097709781735373,0.6997223883660834,172.12265263741358,0.5716316627005371,0.00031739524844657754
40091,-0.25688904727047834,-12.784509612551846,0.8547689456919315,2.4921706928297302,456.9049185655753,2.260718487096443,0.00031740041595745513
40092,-3.6170237798988847,-6.007430498291362,4.370065946319246,5.547412320741873,322.3293328534434,0.22685424255789233,0.00031740439603123534
40093,-2.6846214529007906,-7.131572593563741,4.213505336215008,0.9920270309650048,272.8792848427545,1.1082996982433189,0.00031740578101644145
40094,-0.5219000131976141,-9.505873906690368,1.1632621810644077,0.8818692982027603,467.67176260483825,0.5729212940947557,0.000317405894858486
40095,-1.6700189483768604,-8.520137555863645,2.20060770374449,0.5813869098473351,133.44221611096316,0.7972690343755984,0.0003174059488489232
40096,-1.0291534872035175,-8.826261554448006,2.0709027940635134,0.7499351085969488,219.64943332394955,0.3023666905701612,0.00031741760204379775
40097,-2.8284317598271915,-7.03224246728542,5.155304231040221,0.763981877338057,152.8113003715555,0.1551883209835081,0.00031742758082789604
40098,-1.6760924726602067,-11.434605043874333,2.684451484925062,0.7280238106406522,160.66443991101897,0.24792080577239428,0.0003174480977829815
40099,-4.783267303589436,-5.390521305866388,3.5175650230543933,2.0504483403304867,408.939869628898,1.6609216501799748,0.00031745975677348836
40100,-0.9194598353378094,-10.24005250754473,0.9262979895118755,1.83981568660284,441.0101047624165,0.6032102818083036,0.00031748414434071704
40101,-3.0955109634371167,-11.381172015703338,4.698700059930852,0.9492451685853258,467.9652878110817,0.04348295495126919,0.0003174846179970332
40102,-1.0246693374307991,-9.331092360746172,1.3624874523848665,3.5569070402098966,237.74790288252007,0.40258649635514576,0.00031751931289493977
40103,-0.36391561562522057,-12.933983641928403,0.9371030479919625,3.3219788939993107,253.27592349195513,0.2671180048395376,0.0003175200110329974
40104,-9.63290781688936,-6.039132771056641,4.50899206880237,1.6905699006150725,364.88119719115076,0.4505103458961477,0.00031754194056284545
40105,-1.186114704508558,-11.157150902867038,0.8704917879708792,1.0924207825925298,336.61742749432614,0.19215299945612951,0.0003175487891129805
40106,-4.11117554718159,-12.473398186226712,4.38667638234141,0.9068543183119824,467.337911384141,0.06636385743559448,0.0003175697356432961
40107,-1.3225135444761023,-8.840559673625483,1.9333188376823012,1.009992200637681,292.59347153868487,0.7729185884496834,0.00031758075845885695
40108,-2.9357825880411603,-6.342840135242142,3.636407376029445,1.799847574531321,467.5517940404258,0.9275943445027641,0.00031758185981972274
40109,-4.410654782993482,-6.509264848893673,0.6775364550660695,1.8805723955137006,451.7382771412007,0.5511873391120625,0.000317583187358911
40110,-0.44751985284388063,-8.62259298557045,2.7625562017338012,1.7419025833448234,435.5628795767978,0.15918333025894515,0.00031760186137837866
40111,-8.015441897835474,-10.913917769055047,2.082327576500122,1.8647330251649958,447.9147919582088,0.2678066151266476,0.0003176065795756441
40112,-0.2947835620528867,-11.628124237303895,0.805395212019887,1.79773465441513,429.3812680318951,0.7478069584097229,0.00031762095747789754
40113,-1.2326609850777501,-9.178791234086578,1.4483676373188996,1.6974421301090459,396.22517684362003,0.19100634068415623,0.0003176239987079898
40114,-1.5413389946249563,-8.848470364444253,1.942364212481083,1.0723593681106018,221.00180732889635,0.6438086460474368,0.00031763063415512447
40115,-4.417489320482422,-12.700876909495777,4.374818854015765,1.6014218391007788,410.3753564835859,0.6453782488651152,0.00031763742109640634
40116,-1.8829152229437653,-12.763470174539831,2.3685355929401855,22.243419604999506,854.0919422611458,0.21688516529921653,0.0003176482433941403
40117,-1.297432486626338,-9.098901580023727,3.1380980026557923,0.9356460507169866,182.32296393913944,0.11320856821781344,0.00031765633973648296
40118,-4.488251589849455,-5.890311887439655,1.4200032197063364,1.1479476115661218,231.2155456409031,0.2924237511711558,0.00031765988771469947
40119,-2.146313705339935,-8.686836331454241,2.7330830901244907,0.9778559717886426,207.6092349498887,0.45611114843963296,0.0003177169914003699
40120,-0.3950505085860474,-12.687614864570122,0.9364617229024047,1.0795259142145324,280.78633920351353,1.0697114523684377,0.00031772582552065177
40121,-0.8789555379197509,-11.29937027380132,2.5995584337692033,0.7173178736473764,468.0691789266823,0.323549904797531,0.0003177483510829662
40122,-1.0361755781305408,-11.959050406589169,0.7841422010111297,1.4906564468514458,468.40612545485453,0.5388155730731627,0.00031777912569437745
40123,-0.18569066924462696,-12.929079276055656,0.802158415818192,1.2035998058778328,249.73835104072523,0.4810413470698842,0.0003177894144094262
40124,-0.5845682054124204,-8.994894001729385,1.7020163422785497,0.9237686947933724,258.88197581418376,1.4878046532907296,0.0003177912244861016
40125,-0.15628130172724752,-10.485920056597827,2.9312560399374035,1.2838895508707637,317.9003677151099,0.5066183195464413,0.0003177913365135792
40126,-2.17813344080687,-9.481513393114533,3.2126662467990394,0.8397999608602661,210.43171499644063,0.1322827985440984,0.0003178004826713163
40127,-8.667514020051296,-8.967387270697746,0.9008209916575559,1.0824789292331238,227.72641031863634,0.07166931871693283,0.0003178515533237781
40128,-1.607439195654333,-11.323748110195634,2.579114079018316,0.8044352356673486,469.8131613989347,0.08661742170438647,0.0003178544287755493
40129,-2.2067054164502418,-10.45610307012472,3.0235666395426732,1.0896421062335144,270.7548919678611,0.6206962150958635,0.000317861245882618
40130,-2.0869584915385975,-8.575247748953887,2.678633032108696,2.25316963775113,431.3990753080637,1.6211650688009938,0.0003178644872085382
40131,-7.85569514572037,-12.901800236019028,2.196081566330178,1.8554114921803633,467.5139437221331,0.4424091934851395,0.00031796478619970376
40132,-1.106581616689697,-9.872082482053013,1.0694248734009084,0.8170137013355512,280.1810726132655,0.10498388744587128,0.0003179935905999599
40133,-1.9005135375129694,-10.875019390609843,2.7228029639154676,1.632483097379675,377.93050457086196,0.13387952905226452,0.00031801330946640565
40134,-9.876075156573968,-5.457515804809639,4.059960174758619,3.7283969875369998,552.2245235044421,1.1816389777032787,0.0003180314068358314
40135,-4.915001261484612,-6.608339932936316,0.42088363657423716,1.0874749765581808,278.2228530819532,1.1823098407015102,0.0003180440418891295
40136,-0.2150986336166838,-8.855019369104113,1.8928602141996222,0.8401115700286469,181.82970743253256,0.43015474753389693,0.0003180474872008837
40137,-3.4876677172961976,-6.137864784691662,1.249369300834014,0.8412106043168612,468.196332588233,0.5570283848079871,0.00031811551330773757
40138,-1.3650763487086461,-11.975141953759795,2.50266236015486,2.6221629087646643,216.58177872309665,0.3500318780325591,0.0003181202303076103
40139,-0.10005361898656062,-10.26954794940822,3.006855084913417,2.565270668132198,464.1445200967126,2.4037099984550556,0.00031812218264673487
40140,-2.7654567358657314,-6.7929041613326,0.7082297027754395,1.3411075074825776,293.69357001835976,0.8197156114350328,0.0003181768961052608
40141,-1.5178456441226746,-10.755895436752498,2.8598796115007707,6.689546990826629,526.1445733333875,0.02898607659649688,0.00031820193757213424
40142,-1.962625961765319,-10.920268434272895,2.706174988796636,0.9671259727389682,192.58597594483248,0.3825069370196834,0.00031826218563912954
40143,-3.9318570303122113,-5.65098014686012,2.6888411935316063,1.2185986586838007,200.78185215468005,0.3121306497394736,0.000318270503037388
40144,-4.779730656027013,-5.640031848526221,4.140906511600849,1.8110855095971203,468.10483062485065,0.257486987241311,0.00031829532597092334
40145,-4.776098486800233,-10.214994243881788,5.0278373012192334,1.7968566406243036,467.41923891234677,0.6437558947798205,0.0003183008355502999
40146,-2.4370947833962466,-7.45873653415407,2.615560840169923,1.3149512894715718,294.751304425605,0.5187171092335836,0.0003183097786758579
40147,-0.6309759393922061,-8.82672300069261,2.057379884609597,0.7470933128481294,191.69695823263146,0.38009965655432243,0.00031833610156171754
40148,-2.9418894610418436,-7.018517246060671,0.48011663415779926,2.1204537600628663,418.72987002981125,2.133603573160719,0.0003183473514456668
40149,-3.7413438075491943,-5.756255194461594,2.1492521577191366,1.123346311134899,289.7195696663428,1.1797315816469292,0.00031835986051911977
40150,-1.828269880338592,-12.316448783724109,0.6153846731411705,0.9950392159516246,252.66364407890046,0.563829329744264,0.0003183929311068843
40151,-9.114510875053652,-7.7563332230059885,0.8701471345381708,1.1226692459045842,468.0761537551504,0.7735794924079604,0.00031839463740892404
40152,-2.140326347914364,-8.737860687690048,2.9802269919492437,1.320188065477724,306.02594097482097,0.9053043449347271,0.0003184046510170395
40153,-1.4760471103453732,-11.610513260305174,2.633233685887951,1.7847364406345796,425.0655442306314,0.0737389074048691,0.0003184066205903283
40154,-9.735514550126144,-6.235611350100144,1.7510226495497967,0.7381529022196905,467.0169178753425,0.48429478786434643,0.0003184184017282201
40155,-1.4161278548679839,-12.583758720705376,2.441329720753324,2.372296901758139,440.3891256551226,1.2449949034828443,0.00031848349089658255
40156,-4.242398311334481,-5.937021514675673,1.6483297860945203,1.8675396527541683,467.55855899269534,0.09857931068259873,0.00031849254759248814
40157,-1.1514382645791663,-11.342837007784684,0.8797896524711306,1.7859899777970307,379.02255740588765,1.5354682810637046,0.0003184944747953693
40158,-5.887409692086917,-11.968654172819914,4.483146238015332,1.5448295122975562,352.0198991277489,0.16272893392669907,0.0003185051859002429
40159,-0.25674718863550616,-9.623155413319152,3.164653846772086,0.8810729364592482,253.52320927859128,0.6927298536637183,0.0003185234302896962
40160,-1.5092637959609974,-11.092945561716757,0.7809937135910304,1.721904312495289,468.11938017105456,0.7417689690375147,0.00031854033230818674
40161,-6.981511819674514,-10.345812335636376,4.613066001497935,0.9864971116078018,196.38339516534347,1.0219605046896216,0.0003185436924657796
40162,-3.4531853011524527,-5.7348374742109725,2.428916103689845,1.152439015644484,300.6515422267372,0.4499778643859971,0.0003185484740889049
40163,-8.863451047100458,-8.076511228690759,4.025863497304738,1.0080649625894869,468.99867492000095,0.3925186466635022,0.0003185565490320917
40164,-2.126045555675166,-12.812393103505357,2.3930406847807246,0.8558026454871849,468.40971588281775,0.20377505624893377,0.00031857573636619255
40165,-0.08523921231096487,-9.532114302397549,3.1724010724981877,1.0340641001777726,281.98363136473046,1.3320684382451446,0.00031864016521433144
40166,-1.5954209356598579,-10.108763340803769,3.0825645662600136,1.578502996704647,361.871229105527,0.7591375025409484,0.00031865383866536465
40167,-3.0390385849576678,-6.307628105565425,1.0606390894576094,0.6091295716207112,128.63549272215133,0.06445287749032413,0.00031865448105135107
40168,-2.1303007709912256,-8.846049164987397,1.7375995812657266,1.3694162123449674,296.85135658206934,0.8677252240660236,0.00031866126222751296
40169,-9.15201481116654,-8.2185458200521,2.0613006905695603,0.8208749714268492,164.43955334915657,1.0155327529437157,0.000318670069199715
40170,-2.006221578985407,-8.225358113540036,1.305850345559373,1.3984112753325442,328.62555310443815,1.4337891630797914,0.00031867513037063934
40171,-0.5069008426744919,-12.637317142722903,0.8815542332982554,1.8808127197044784,451.9090957743959,0.48851238922056606,0.0003187169614884651
40172,-1.7486321516058894,-11.442458816063517,2.67027193340465,0.7311287738565628,391.438651709227,0.3357878059172572,0.00031874137402496615
40173,-3.893365019623963,-12.933010863190253,4.352365426956927,2.340868788551394,422.023347584935,0.5800180225224567,0.00031877017855474636
40174,-4.074011005427565,-5.553526817595995,2.544534284109798,1.0205389433595897,278.984911458822,1.2765118816987782,0.0003187835912684088
40175,-4.5654418807154284,-5.6121952566333,1.823258973001736,0.9669977754172745,466.52890444111364,0.7000587453176133,0.00031879191319568966
40176,-5.0484497859878505,-11.899466062493657,4.477390498620903,1.13760413359266,140.20045748788033,0.32265816744799203,0.000318795579476859
40177,-0.660688816792991,-10.075548071155023,3.0306333282340767,0.9537294677922552,200.44335780306855,0.7926381276359917,0.00031880682566432606
40178,-9.331759066908253,-5.151343851612109,4.958233872922082,1.543749201577562,357.0171426214645,0.39345968424072186,0.0003188092436695521
40179,-1.0879859238101037,-12.163273581675293,0.7772621868540999,1.770248904715868,368.9565389638225,0.9976254601644188,0.0003188344854244752
40180,-7.392868447034516,-10.72552679351343,0.20719451573094685,1.7694649988880105,456.56501328383877,0.4781844102225792,0.00031883568990853574
40181,-0.05229990350765412,-8.869417015204458,1.9658927361243066,2.987868797453391,494.7747082385686,1.0618896232880664,0.00031885091575261726
40182,-1.5858184292491444,-9.252378339534156,3.202582838849955,1.4140577730462902,325.8135909635972,0.3758894150609464,0.0003188550609082145
40183,-2.9035383683329545,-6.336460802909914,1.5486742197706131,1.376278364106244,322.73750780195854,0.3409410689348089,0.00031885683906093457
40184,-3.4882907569608843,-6.282859815398613,1.0241086305283729,1.3173835707397576,311.30524498190215,0.3028084600176024,0.00031886465699601773
40185,-1.7660928890028877,-9.257932092503694,1.3928256015043576,1.344722144111349,299.1134297184561,0.24744199080698692,0.00031887818033524585
40186,-9.261286153642102,-7.418068248706901,4.328630241315099,1.2429620862434005,277.0958811108433,0.20107578233469514,0.00031888375644024064
40187,-1.4560320860527511,-12.940946323125473,2.363683752431323,1.0471740475616902,469.55524034169963,0.04185295000374989,0.0003189149985364069
40188,-4.376608146859855,-6.075489585717253,1.3528648017323155,3.713248783694415,541.5336405788671,0.5570794936537622,0.0003189206342489421
40189,-9.323656492519701,-7.8068494851526395,1.6416957991551269,0.7458478771064873,166.72159357381855,0.6510449527109659,0.00031892206239519586
40190,-0.8877718779341208,-9.93763522432067,0.9805800691602051,0.6910961774342793,140.75011160769955,0.4040060529248857,0.00031895039033735367
40191,-5.166509127647366,-5.987365334913684,0.6403703029205857,2.628131340516716,469.700451630584,2.3480184207211297,0.00031895466674045856
40192,-1.60313204777459,-9.984710186598829,0.8950769988001901,1.1205354478215608,290.18258807441833,0.5597652176692192,0.0003189559342094527
40193,-0.9483661010337698,-8.916532104666949,1.8433408853299145,1.3466204905285786,181.85110159531976,0.2625099992306863,0.0003189730220565482
40194,-0.7874000575182745,-8.544755180795509,2.549562381726264,0.8349711643694437,180.10972482804823,0.8624520305411805,0.00031899789620618463
40195,-0.3839637028612213,-12.162561812676568,2.456647150971517,0.974972828296563,252.3050013377176,0.17961377995140637,0.0003190015147791219
40196,-1.0022341697499435,-9.147654087035843,1.3009608403566368,0.7070847858643236,193.34558972265918,0.41430205277642873,0.00031900164403009533
40197,-0.9276632593117462,-9.088658008773633,1.5684586339676392,1.4067728035680893,324.7426756752013,1.3707155279253689,0.00031901750565707985
40198,-2.087690878011909,-8.5836338111875,2.6759279245866163,1.746725496848049,413.82005184888084,0.5544108079481598,0.0003190410908240018
40199,-2.0133026149846147,-10.934573453548158,2.7565957225140116,1.0083830121201758,203.31850513336352,0.11481116466289709,0.00031904531392291864
40200,-1.0735314505396314,-9.840238358019505,3.120986011432536,1.506199236174468,343.1527612040218,0.4564050217360096,0.00031905473958928764
40201,-1.402439829202354,-11.128466512756448,0.9534051981144052,0.8708996812512536,174.8442527293904,0.5215142218511621,0.0003190596102542553
40202,-3.1985644242403986,-5.694372985141346,2.7486834514391436,1.1129277876316073,287.4009947881181,1.235990576577401,0.000319149313238994
40203,-1.5450343940657483,-10.12273819105119,0.9681301752839144,1.3543089429032205,394.57974464823667,0.8962789978599286,0.00031915245086690193
40204,-3.0301293017954043,-12.324611836480129,4.643738448079876,3.9987863651914637,517.7827380202638,0.14897751625803313,0.0003191626507638586
40205,-2.1454032207483253,-10.727270488208175,0.5210725855100867,1.1098384862262058,286.2257973977632,1.0494025203102089,0.00031919681579544416
40206,-4.899139558074744,-11.00646027802464,4.6726231129708,1.135400529225337,467.89091615926316,0.5918093436036846,0.0003192396812023652
40207,-4.101836344771349,-6.800106202469757,0.4324435583419619,1.0005405655201136,273.4221622822374,1.3062912226904588,0.000319249834610908
40208,-5.110083638597319,-5.0489646162568524,3.4383677767244505,0.9262260762693705,468.1003301953921,0.7309613158042625,0.00031924999938243777
40209,-0.7834688643347807,-8.54447707195519,2.5392421652263204,2.1559671649240246,399.81811924992877,0.39069540036830563,0.00031927071251846244
40210,-7.284751604928056,-12.063660734047497,3.782274836603274,1.0193601484042791,260.2219155509035,0.1680947261030168,0.0003192936451172078
40211,-6.659524335443084,-10.076843579587845,4.982481933890187,1.6368214709936824,457.51802908975884,0.36607407152429605,0.0003193060001402547
40212,-1.642914111061545,-11.479225612490051,2.6551193607930865,0.9082435258145877,194.56929795436045,0.17755284539587635,0.00031930711375591296
40213,-4.929535090928587,-5.089766144989582,2.1005011124132964,0.7964473987360221,467.97076150045393,0.2642327020018138,0.00031931035085096173
40214,-1.9447765664870076,-11.295039967507371,2.571329061184191,1.1034406505537244,467.23654665366,0.9314919665417678,0.0003193415626733274
40215,-4.1624085457597735,-6.1218703399477175,1.345575981535964,2.761700967948241,339.65664289502064,0.03250375058334942,0.00031938973213217645
40216,-0.4130217142348229,-8.53939212023618,2.622903372858098,0.937752211088922,468.72555198723984,0.24885181738910855,0.0003194016606907936
40217,-0.6170401820665976,-9.808728854541352,1.0728765941271292,0.9744204800235873,254.27201703813265,0.9136194527130339,0.00031940656595062257
40218,-7.1792261661998005,-10.434584180733896,4.376727424438408,0.9319512101970389,467.71569667883716,0.6706514633435594,0.00031940803816517607
40219,-4.279376628782484,-5.459465739602699,2.720323402843378,3.304913181394406,514.9876269128698,0.6618278046425656,0.0003194463268084084
40220,-4.466153422737116,-6.701772188720179,0.5119041606829687,1.1322398690043298,276.5665194559267,1.2942786608044292,0.00031946232655755385
40221,-1.751238660687397,-11.367104495391192,2.6843034639421743,1.8157953676218976,467.67766910971693,0.13852439413274187,0.00031951775443750716
40222,-1.271459635537024,-11.75938689319921,2.524975128482534,0.8769663800378997,468.0341127947671,0.688750844648685,0.0003195205482048243
40223,-7.954257790057542,-9.853722851657563,3.45504586346604,1.1650225782118635,218.554950689291,0.05787857992656331,0.00031952698729437184
40224,-0.9192250040011789,-10.395962380638998,0.8853056336438557,0.9641672208793017,470.05870540183565,0.12657822786561912,0.00031955328151160904
40225,-0.6717165770167437,-9.22073647891089,1.4488021628057681,0.9787702816161552,272.40341331572887,1.6915719515548444,0.0003195591535081896
40226,-0.6508264654155465,-11.726336653811657,0.7995742654294913,1.848102210122997,468.49594646809845,0.3272953790868405,0.00031958981049391206
40227,-1.2310345798439446,-8.629395040366575,2.1555928062716685,1.6688032721994375,469.57572271053533,0.2420483114401586,0.00031961332822948206
40228,-1.9478571691246866,-11.75155440749147,2.4728990104990567,0.8639681831733774,212.67357212303295,1.1579628325736424,0.000319715625086954
40229,-2.195757790924249,-8.836705575017954,2.989429700505161,1.7183821284882352,403.32562253645835,0.11511268597581914,0.00031971995904022803
40230,-3.9907530157624604,-6.226202354188538,5.047630613476754,3.0846896786921914,506.8987681807061,1.6633145649100873,0.0003197214156469006
40231,-1.1282837986248637,-9.753539623326448,3.1334416269508636,3.204251163507587,514.5047543419092,1.2873505765949202,0.00031973444168465935
40232,-2.187160990595282,-10.193294448150741,0.49961427342431,1.5732630035926665,371.3132863884672,0.3764373027753001,0.0003197437660671592
40233,-5.176674776010156,-5.057423288838772,1.2314394805892943,0.6042006658625241,146.23618072331357,0.719745271389689,0.0003197553045544741
40234,-0.34860468538527556,-8.744712245943397,2.10482868260914,1.0299516469580263,468.07413227016383,0.8237701939775741,0.00031975882510491
40235,-1.3436382770407551,-9.118458252385267,3.1275023239823114,1.670623575792048,393.24515383506474,0.4490672659981003,0.00031978204254871234
40236,-0.8224663173825313,-8.546890835689382,2.5310272460321737,6.092813458963823,674.6768263144946,0.6061744997421039,0.00031980939380733874
40237,-8.507038448804376,-8.144475157152346,4.6766818753599,1.5284697355398387,468.5331131259039,0.39113031950987587,0.0003198179360864207
40238,-4.818533792062521,-5.102382285427228,2.2355432853304156,1.2909611317266652,319.9772705318034,1.1398654117546032,0.0003198419057466711
40239,-1.4987211412974961,-9.010283102263742,1.70979685368514,1.4481782905246845,332.8002408507993,1.4324856554047605,0.0003198462978966714
40240,-1.2566494793034177,-11.975830667259702,0.947869006893447,3.9257790018770953,558.1637132521738,0.6121558338841622,0.00031988350596222527
40241,-0.5764140139052998,-8.599426265450749,2.2601186892621916,2.673619554564292,471.62803363344995,1.5982726898900497,0.00031988711320901555
40242,-4.78051118476484,-5.810638069850685,4.393578880175746,0.7609766942918063,221.1071531026468,1.2038289834563436,0.0003198963709414704
40243,-1.0227493881921141,-11.361496069088451,0.8572665382611371,1.1246533723116046,289.1499065223406,1.090140583515919,0.000319919194062337
40244,-0.8153813733329738,-11.486619711063808,0.751360308239218,1.1665421995418233,292.1429546052246,0.4773763009969114,0.0003199224397801459
40245,-2.0324151207540346,-12.97339891662251,2.367029340095292,0.7398413833853192,149.8370368070288,0.27143653346447927,0.00031993365646633035
40246,-0.603470386748743,-11.380915112688003,2.676270148244859,0.9880980901335017,237.37801876172185,0.7477933896338618,0.00031994860995967524
40247,-1.4460044064321593,-11.80634477366339,0.9258120384580583,1.7357041433544176,410.5500956211176,0.4328550959414743,0.000319965031299436
40248,-0.10431557959550908,-9.730839118504953,3.135778068192647,1.4341019388096583,467.8117021504284,0.2261928592608422,0.000319968651171308
40249,-1.225956059014882,-11.410230745722021,2.6677945363543434,1.2645176868019032,451.473679192566,0.4759007566133633,0.0003199716370561107
40250,-1.4328565934180375,-12.241425856558777,0.8324951796280148,1.108385037829716,288.2004993765461,1.2320516704449718,0.00031997782323203694
40251,-1.467410849787722,-9.314438159173239,1.194532135582427,1.7685172106631106,467.620691226571,0.7807023307804863,0.00031999132913758594
40252,-0.459032266675095,-12.976762953691894,2.3524050988986747,1.7034940240837486,400.74003572062304,0.608346387620613,0.00032001951642648946
40253,-3.019059427515743,-5.995915293532656,2.465554381713166,0.8808231906224309,175.10184064487814,0.966926567347481,0.0003200509078381211
40254,-2.509129813633411,-7.669657451738385,3.7808567617125575,1.4941608079906565,340.97204014769596,0.03046510395132973,0.0003200558792777948
40255,-1.5557798330429797,-12.797774771851172,2.3639023899575067,1.130505915484643,287.2849323280168,1.2708040718158236,0.00032005688231382485
40256,-7.940900220199763,-10.855316028734634,2.6207132301395615,0.913613733907915,184.40945259970303,1.1119185008863193,0.0003200785063084505
40257,-1.7268335297423292,-8.790445833179389,1.986187645447321,1.7884032285377407,467.78363838707503,0.23861064128330067,0.0003200941761886214
40258,-0.6325053587293574,-8.940683693551865,1.8391803367670172,3.1128026776374953,496.8070220294621,0.6280985096195808,0.0003201027048272716
40259,-1.331021691439222,-11.799147431304007,2.4699262804211606,0.9551050488256757,264.6126410095519,1.588604449210849,0.0003201071153410061
40260,-0.31431127214354504,-10.4827378216059,0.8600428319574299,1.7872088150845142,468.07573590104744,0.1113556986024653,0.0003201094570774034
40261,-1.1634916745298831,-9.41862265033877,3.1954884835683943,2.6998601954769335,475.07488929618694,1.9004069676241668,0.0003201300906106274
40262,-1.293170677214185,-8.86551809891452,2.964932271194656,0.8081034428712237,182.94456519696746,0.0354526575354388,0.00032014459483040836
40263,-9.227312636510195,-7.793753120118618,1.4179325730601486,2.338511425278357,438.48899095170196,1.3617299971511807,0.000320154595921395
40264,-9.718062614525712,-6.362404926686545,4.330127812682831,3.0454041825772906,503.0127194879523,1.531954139707441,0.0003201578766658892
40265,-1.0080208287855914,-9.787771372693701,3.123973607907049,1.0572069771722736,236.32004264458098,0.34930929120424814,0.0003201582947031028
40266,-2.9641652522057482,-12.312533505882646,4.762371216734358,1.1987694252770578,248.76120350945274,0.038702761047262335,0.0003201634918275389
40267,-4.564111324386371,-10.24221442374567,5.001521207074335,1.1316454891403849,236.42128843355533,0.37248024089593645,0.0003201778337756752
40268,-0.07346814056103668,-8.848897788352197,2.9520840289754378,1.4246631516177108,330.30858201325873,1.5990999112049105,0.00032020790310350087
40269,-2.7634824134656357,-6.4354982704875585,1.1163548586618472,1.5929466103870284,247.242394312292,0.05528114089472336,0.0003202484169699739
40270,-0.7283641996655774,-9.403323891271432,3.194591389907457,1.6873977311372315,396.6387776550086,0.19184233302043108,0.0003202509989806404
40271,-0.5275686188859083,-8.840659201996457,2.038820345960443,1.2254531039045888,280.78104800493725,0.4150090143782563,0.0003202619433533135
40272,-2.087714429942162,-10.478011913550034,3.072631271589881,0.8306757681648933,149.48141708302558,0.18585680532846194,0.0003202656531725426
40273,-8.565997019611459,-9.172878261154228,2.0314609291531673,1.4293173527682754,314.4308351903777,0.11802186456949837,0.00032028779890516613
40274,-1.4142172668717699,-8.911453342949653,1.797559848307753,0.8856326954397559,247.83149833548052,1.024083293208216,0.000320310498536125
40275,-3.3996962830441637,-5.9290942553598285,3.9868636532551927,0.9257868570727839,256.4490067724448,0.9893765047764456,0.0003203155292228458
40276,-2.0408044627445516,-10.525050294019547,2.843453159753819,0.8765922172575304,180.35723410652304,0.5537155018166802,0.00032032098790569233
40277,-0.4418328554906541,-8.744498085587903,2.1349471496186125,1.0873672674097197,283.88666116252045,1.5877113170973134,0.00032033272001964476
40278,-1.2450375320810974,-11.070595950605519,2.6250630486187405,1.0400419210633225,467.792704471103,0.6940156054905602,0.00032035927382609926
40279,-4.847691803751168,-5.851265263392059,4.635987222426245,1.0497655708622584,455.65674366683123,0.05209846676411267,0.00032036371157937344
40280,-1.1974810927731951,-12.549648931660142,0.7542578802107565,0.7870545545426298,162.05713271180988,0.056065215537044466,0.00032036995745360846
40281,-2.2451900383444388,-9.230807023243823,3.1886498251923334,1.7628233704904184,469.1842026919976,0.1778233183062321,0.00032038958330090007
40282,-1.0427556295814266,-9.833717587157675,1.0398530589864563,1.147402271377053,292.2952759998785,0.23961606974227667,0.0003203916258662316
40283,-0.4117023748113464,-12.011359607025847,2.474972546689282,1.1018955710677385,264.5017905634034,0.37190127250837346,0.0003204012462938204
40284,-1.6717816956119407,-8.698904822691894,2.855550748037835,1.8490730105709143,456.464993068097,0.31325041762425787,0.00032040224434719565
40285,-7.732961392069239,-11.686781834674916,2.9798266016161756,2.369105804919485,439.9181693905375,1.2303346010723244,0.00032041093937791045
40286,-7.68356203252692,-10.087108959474788,3.8491191230128536,1.6011932884504982,370.73613828557325,0.541237983122973,0.000320447177324218
40287,-1.9031925376770822,-12.983264217774495,2.028602162937207,0.9906231905967312,468.11169430998535,0.7373252068887437,0.0003204491075651918
40288,-3.0756839396387745,-11.62104670011103,4.671409995009035,1.7487193927012255,467.77428218111135,0.4385380888557675,0.000320479978878931
40289,-0.3907553910938457,-12.952049410753498,2.0313838945744545,1.140725967106068,297.08567882695644,0.8086725862124622,0.0003204903500606734
40290,-2.1925622816018766,-8.581041245567446,2.1581194962702472,1.0656060865830568,470.1404694226662,0.09471380155771403,0.00032049566243073094
40291,-1.8708592586686574,-9.04618148495895,3.0994571421394976,1.8336091405049533,468.41632245092615,0.6205209338762616,0.000320496332748491
40292,-1.3131590092032326,-12.852237284551348,0.7558396991195548,1.1399715424273416,468.12558907134456,0.5001598102307874,0.00032050594530195033
40293,-0.6993607364095649,-9.36212592944093,1.2105879450641788,1.9882272159576404,383.8770219487876,0.42563154345284104,0.0003205099194724051
40294,-1.8509306188332477,-8.546118890804543,2.501390986104757,1.1676032700302326,280.82350437183277,0.3182087351783327,0.0003205182071181863
40295,-0.10959473220315097,-12.954140440045089,2.3492642335551053,0.7238663445149609,467.354063601005,0.3181124517336267,0.0003205266370982401
40296,-0.6353440356790205,-8.545876010271938,2.3023952731421766,0.7901323078768095,133.43282668024074,0.2893190257665088,0.00032054459122058104
40297,-1.6572953776957977,-9.112942172916924,1.5995726472290472,2.5934649916325148,463.8011349076805,1.5804993141203783,0.00032054770583499654
40298,-1.6191177560131358,-12.742675930399114,2.364651118280928,0.6392486331635561,131.4006975085651,0.048890963493319006,0.000320547783144692
40299,-2.0526747653528608,-8.862432907728305,1.8141834671794155,1.0288117586481322,466.1547081790893,0.02193672348930331,0.00032055106376014297
40300,-1.0272583484382984,-10.595593601415974,2.876042387298722,1.820288946280744,467.8578667581791,0.38527834026046204,0.00032055507641030634
40301,-1.106368470771697,-12.409065207182952,0.951792518143926,1.0799817960806586,467.1299293115659,0.9257317167536412,0.00032056249184338393
40302,-4.880854590842398,-6.173901010701058,0.7251816612259515,1.0314063081174194,278.1140708456117,1.5896267459227618,0.0003205757855435798
40303,-1.491951834213145,-12.80435299103452,2.0716932038049065,1.1913149141327608,263.99888626832825,0.5271612753077211,0.0003205819903217036
40304,-5.387512886250519,-10.254604581168966,5.024335436722504,0.8666372124393512,171.46247670174048,0.6327653961166257,0.0003205826503455441
40305,-0.23121094635547834,-9.999877361771665,3.08751052144249,9.690684109741964,736.474127564388,0.2289995531567257,0.00032058463073072216
40306,-7.7786776694178155,-10.03986412982726,3.693461151981941,1.0442236693467333,214.9396916987602,0.5054644185383506,0.00032060264055960375
40307,-5.1223397914169615,-5.372841150687576,1.163920835907188,0.8918415228054076,247.15639361342795,0.976928817503361,0.0003206220601108688
40308,-3.6103846723429474,-5.674625768846755,3.247972931921176,1.8409094508994333,467.4678593633039,0.7807270875008561,0.00032062709296498687
40309,-4.09424957691339,-5.856896902642879,3.998211631090355,1.065877920797954,286.1853231800685,0.4877392984655442,0.00032063270811468137
40310,-1.3017155378167864,-10.975305448492248,2.7054897110556926,1.4245388462535122,339.2171663482055,1.1917555121478225,0.0003206446540942494
40311,-1.2702500952976585,-8.844637382741125,2.037584331811264,1.5766850249522966,350.6150500211089,1.3267291329605024,0.00032065413558695635
40312,-7.203374804859804,-12.964437031686794,3.80539428602958,1.285836243585289,164.1735071312647,0.22896900742356774,0.0003206862250537563
40313,-3.673887822211414,-10.97903537455165,4.650329823049504,1.3902259510608275,303.26577987199533,0.061779271338043174,0.00032070002698682395
40314,-0.09915849500201901,-12.893843887987616,2.351948500014474,2.783847312305505,479.84347936404527,1.345600473607301,0.00032071549610393057
40315,-1.3050087116246623,-10.292789911620588,0.8711020841113131,0.9682189734543922,190.2339837551972,0.2499091590063065,0.00032076902782435663
40316,-0.3075923698248335,-8.913083321518425,2.991167679241637,0.8758988705939355,467.9959352625962,0.9035812818820146,0.00032077612341756967
40317,-0.7075564205895937,-9.856021602522569,0.9985067303814157,1.409143321567234,312.5474076333932,0.17260569305312234,0.0003207925934923233
40318,-6.559075675087103,-11.892076022621868,4.379669353383756,0.8757433428454674,248.15231458579734,1.3673137392594166,0.00032091824684859837
40319,-1.6252878697456339,-11.14824532751766,2.596501649591507,0.8399209402685398,211.36513243947584,0.8471981886804922,0.00032097446800806396
40320,-0.5606059440962792,-12.714792758978872,2.047993432729641,1.8787226355872761,390.29762858986004,1.5824632338719091,0.0003209797347724517
40321,-1.7983468691158127,-9.042308922340194,1.6537537308022636,1.0817183710724032,282.8081839261082,1.1355619490382933,0.0003209877895851138
40322,-0.3296268931530282,-8.789371349655333,1.9762806666706678,2.160659015636528,409.8754301327245,0.7053859749420299,0.00032099965536637237
40323,-0.8003681692717475,-9.889774061663017,0.9963654935585944,1.147735993544872,231.33716849216094,0.3130975254967874,0.00032102580835336836
40324,-0.5503573580050016,-12.9355679941223,0.9331365947494284,1.8225083148520125,434.6830356884729,0.42320161355362984,0.00032103089159635006
40325,-2.2434215787426197,-9.977294287133981,3.3492236734839813,0.9525522601513413,469.50192392755145,0.20767093650351942,0.00032103420973403964
40326,-0.17650030594773725,-11.612608333517551,0.9448933305472909,1.0128250985887386,278.24515405698037,1.0072530764956502,0.00032108087610551367
40327,-4.309255227288186,-5.486615275602896,2.491793116661917,1.4629926468437837,333.6796888310711,0.2149408043346286,0.00032108746261143935
40328,-1.893139205010355,-8.698405130010457,2.7996331179245617,0.668107584302662,185.6470975347708,0.38740399776161016,0.0003211067944116663
40329,-4.35396891788793,-5.823460410024682,1.6132117234630026,1.8037693440802602,436.9654717178683,0.6205635546730202,0.0003211663361386935
40330,-3.5685298435130637,-6.146395261980517,1.4525589347535923,0.7810105092487775,173.38693980898296,1.0932274466505136,0.00032117085695480667
40331,-7.854103458867501,-11.684275691168356,2.5455139484591394,1.0957759560224118,283.2263888012271,1.7265326052454029,0.0003211989470387183
40332,-0.7824507411798614,-12.718484038967935,0.9639948760019094,1.0146282718540474,467.64678277068793,0.9035226603595845,0.0003212018447958917
40333,-1.3292162475660536,-12.708771082400181,2.045141404727828,1.0883721311843617,467.5840910127425,0.23713591559397607,0.0003212425187476155
40334,-4.629089785642787,-11.009333009624816,4.656380460832403,1.686505540109721,357.1191866082108,0.46886792857421167,0.0003212696089855324
40335,-9.885034335843795,-7.003532440883338,2.22369288659703,1.6823408936127842,395.18185650712275,0.46953380945684753,0.00032127134807373133
40336,-0.13403769751256966,-12.424068962333086,2.36767601835009,1.0942401740099668,290.17269839688544,1.6927352349340046,0.00032134982639076063
40337,-0.4865671560216729,-9.017572566727415,1.6833773968261638,1.6092970447252424,375.52723863554064,0.2731039810841045,0.00032135942032474415
40338,-4.710741086916798,-5.49333276551481,1.812629879669693,0.8264421096978656,218.95332914371198,1.351475007832648,0.0003213644950732802
40339,-1.78730952653064,-12.944983478660344,2.3578325953919332,3.492171828629556,536.6919747031682,1.3570340375470353,0.0003213769479619745
40340,-1.3805552935485412,-9.84260850080888,3.103780282901592,1.8965208757419916,469.35523625621323,0.17334688094520878,0.0003213939117093034
40341,-0.8092114539193656,-11.74188271422492,2.4692888485722406,2.908288000750489,492.4929371620325,1.6641274660205854,0.0003214828231023732
40342,-0.623462074927728,-10.296746555744534,2.96513339465413,1.16299771532056,300.6772951718128,0.7775650546708164,0.00032149653923645844
40343,-5.371633133712305,-12.440667682453812,4.424011933964222,1.8480888861346842,442.25366676624594,0.44361843593418104,0.000321508056670957
40344,-0.28683867287368336,-9.405619797255154,3.155982148433934,1.7333702924740533,409.3563854922897,0.37168610326160056,0.00032151390473114254
40345,-0.6224851673742453,-10.646465977757732,2.8106367262252285,1.741515948030862,372.1007698593137,0.5444387082808912,0.00032152044241600677
40346,-0.3504403600360533,-11.843958821930318,0.918619600123082,2.4860888925519076,453.26837995227737,1.503429726176332,0.00032152204324102456
40347,-5.431245675195907,-5.142524924235098,0.9158490767499307,1.0008314794468498,469.3091359494538,0.6283298826178125,0.0003215454895891383
40348,-3.7346737945100568,-5.659878703259692,3.095812838203787,1.8807047818000966,469.98041283269976,0.13014427238445503,0.00032154755887246923
40349,-0.7712918094925865,-10.853846034761743,0.9008998314989651,0.721067225973377,129.86794681641638,0.12676668595834872,0.00032155468111936804
40350,-1.1717462379867971,-9.047385001422455,3.05305231958424,1.470948801839987,336.13554797351037,1.5346669169421734,0.0003215567797282794
40351,-0.6391378951798039,-11.701915473814081,0.9652937244745323,1.334504196032727,314.40244048264896,0.18370650823707102,0.0003215909421368146
40352,-2.648953232243314,-7.075917337961922,3.708301936898276,0.7503904478809612,207.64560060442906,0.6786551989392899,0.0003216333898180812
40353,-1.3843507356551665,-12.762195083816533,2.032970854640558,0.5712398402615929,132.12940240010658,1.1514844179231192,0.00032164450208571773
40354,-0.8266998606380902,-8.565564080819025,2.5481529858892875,0.6877756848132045,131.6306513400352,0.23506514552134217,0.00032165062109098055
40355,-1.0856446918600469,-12.885404926108594,0.9127029862272036,1.8113930492952963,469.18537870733536,0.14864190836412128,0.0003216613141446602
40356,-2.0568628668163207,-8.588287553619871,1.4128710171410206,1.0966231244348061,255.30344981457094,0.884317281481219,0.00032168902354912397
40357,-1.0695837622636866,-9.507637945418988,3.152508924406389,0.908134987618302,469.81376118227377,0.05199914437117936,0.0003217133488541865
40358,-2.3003253113646425,-8.804284649561028,3.407563101061694,0.8224966023216391,182.4840787916224,0.3505116697554129,0.00032176393998511977
40359,-2.0786125247048117,-12.420133176939128,2.435204171129309,2.9102830377072872,452.0604397132704,0.24706795825844807,0.0003217725992048484
40360,-5.45443125028844,-5.627596663893354,4.994091157815973,1.7804325099965035,467.8186757707839,0.5766833429293658,0.00032180288430518235
40361,-0.4314905406732752,-10.294035369915864,0.8783028082970842,1.5498717908620867,357.0299637422882,0.9446671738321752,0.0003218109112594545
40362,-4.832568932740915,-5.756018756591769,1.1271969635690862,1.6359917055884374,382.96106430733084,0.5016606480528587,0.00032181649360465714
40363,-0.8658984234217488,-12.63366078975305,2.04503511013857,1.1801704281111343,228.7602946364409,0.026632455386759624,0.0003218182096425974
40364,-1.6084623325912037,-8.636535845637633,2.6914152947321757,1.8585716190895907,446.4006694739425,0.1837584661082179,0.00032182122326376286
40365,-5.380286875286525,-10.419102195946566,4.929700325102323,1.1148730856771536,467.9475599280812,0.6281985449643841,0.00032184874646194246
40366,-0.4417500518251174,-10.316959242907064,2.9556818562635474,0.9340692127876733,256.3060135627176,1.0267533646019906,0.00032185656014169483
40367,-0.9878659449183047,-10.595217420378297,2.864941453875849,2.5827691108848265,465.33825732527606,2.255845684706757,0.0003218697196306763
40368,-2.1721965452761562,-9.70954323913514,0.47251717495059725,2.196915242285051,410.30663895516864,0.5305081227277784,0.00032187914093418903
40369,-3.1287021650850395,-6.30874177612385,1.0528847074229637,1.60059297713886,369.563313554178,0.6557086941741916,0.00032190071163959043
40370,-1.7626123941519634,-11.013651271813927,0.7113846421803838,1.0769259158745879,280.0712371538924,1.824928912237775,0.00032190135206110816
40371,-5.309411401257424,-12.66285495036804,4.4047516566963125,0.9187836167107192,192.2339272533874,0.8489028275549169,0.0003219151690897223
40372,-2.258985834917376,-8.305488850648178,0.8447623352500326,25.313733408218873,798.904397211013,0.10641616205748239,0.0003219381211269726
40373,-1.5980825795147453,-12.625001070301254,2.044829219252464,1.6728810878043185,425.6965737831148,0.6214999681596973,0.00032194491840050507
40374,-5.194755982494054,-12.117534865230539,4.448528936136013,0.9933075480163475,274.83468135900915,1.4128684741322255,0.00032197740952465956
40375,-0.4030689381059176,-11.027994102980589,0.8854046560845895,3.1286755739829304,510.6773824992809,1.7662376478166806,0.00032200398838626624
40376,-0.19014482939087785,-11.138746506485333,2.588012978467404,1.2761382597837254,311.7322864751997,0.4669218923576004,0.0003220430201183661
40377,-1.7670622777054668,-10.23285384505322,2.9810245369426176,0.8102914809405152,196.0939561269084,0.4105629340725807,0.00032204675739904267
40378,-0.8575477125299393,-9.144356009321456,3.1171509930416166,0.45225196593184436,123.5813029277893,0.12051726555113884,0.0003220575963285965
40379,-1.278957445152134,-8.548146497441408,2.318821215155889,0.801528978762182,469.7381438201642,0.08863912500224114,0.0003220579772157871
40380,-3.700193081951065,-6.208207236173909,4.953943596657555,0.8232262378434075,468.1821206246116,0.11287334408828542,0.00032208295150887
40381,-1.9909065981745382,-12.691333819682626,2.3449650870317136,0.9872636418713323,257.85936870817574,1.1602914780223577,0.0003220835717348839
40382,-4.088443398239355,-6.2269653639738145,1.053244925391565,0.9510029788469242,469.2973673720041,0.09694143800308996,0.0003220931974453457
40383,-4.502245973361271,-5.519064534113309,3.427447032674426,0.9469943195107149,468.1901925664366,0.822132596112576,0.00032216867410892163
40384,-5.779647199190844,-5.190639997942792,0.2753089120729498,2.3126068075537605,437.9328903619079,1.7080581536434014,0.00032221161077623697
40385,-1.9843540873739194,-12.639936976926723,2.360516639719947,2.1858079657258975,426.3493955060575,2.26184297692392,0.00032224941016660005
40386,-1.8182063627539442,-8.667797412304111,2.6975243508345055,2.0809839945074007,405.43329988604745,0.9891236174059133,0.0003222586703625569
40387,-0.2625079496724112,-9.010114512591123,1.6764360893422112,2.5409938905464844,460.6985115741452,1.9545410078908345,0.000322259819278589
40388,-1.6234691764973004,-10.341866138349518,0.7836898548506939,0.7348601602261436,150.131593622687,0.3789752888504232,0.00032229579112315673
40389,-4.596190298354572,-6.1217515521852395,0.9421021960514576,1.1190206773264222,276.2394737721055,0.7998068870550075,0.00032232137861870776
40390,-1.3426545362405555,-10.346307028856636,0.8789637437726866,0.9491200952373744,253.51734879212796,0.8187107586373328,0.0003223226803973613
40391,-1.3142535143651077,-12.227014754650424,0.9465403900082928,1.003757902780623,467.5143759727733,0.16560359102458833,0.00032232507979974183
40392,-2.3318537230337144,-7.966017079260373,2.089734089540811,1.8786047742015735,452.1039213989637,0.26529923370932096,0.00032232612175369155
40393,-4.530903513469248,-6.896696433023944,0.26932709641869024,1.8881695705937565,460.9274260679067,0.5762300539949656,0.00032232673768382673
40394,-1.5170985604501475,-10.750756157477078,2.7308341835710177,1.0234512978200454,268.25520541633693,0.7057384975807777,0.0003223270709927011
40395,-5.242418943718824,-6.089650868124569,0.608863212953925,1.1128848632460884,289.77808231069304,1.0816218771865875,0.00032233445536366216
40396,-0.16623360039112178,-11.919584535933064,2.451255019782428,0.526824353216392,109.69786146974096,0.100835597110982,0.00032236284086024507
40397,-5.464115523710143,-11.148186258587186,4.644031724174922,2.5580246982060943,459.5446545232539,1.417499214200049,0.000322372424251982
40398,-1.4462161878003439,-8.568455436355745,2.5356796372130233,1.0907879336755295,468.12382692619883,0.777272198249249,0.000322387340278855
40399,-0.8692908111876925,-8.76453427472942,2.1214764305884,1.8326764889154594,467.84390928584645,0.21125639335167534,0.00032242255745341513
40400,-3.3470783515162186,-9.984294410328225,5.155020662724349,1.103800570791956,280.95005170996103,1.58582440936628,0.0003224296214926971
40401,-1.2880441185838016,-10.84685540311973,2.708933836169755,1.6874589688234847,397.345529973479,0.3115708268465731,0.00032245414183654106
40402,-1.8567886608549156,-9.563461424995246,3.1433762047175158,1.7789234139047219,424.5309630893533,0.8769002743115424,0.00032246838294741593
40403,-5.252977570491293,-5.404056884669929,0.9260584738480188,1.1222536631988584,467.4063027922895,0.6574782835172241,0.00032251485869885614
40404,-0.9474181860584103,-10.648595558809914,2.7379059738858627,1.330666058266646,317.7369773300117,0.2090864686297147,0.00032252390369067477
40405,-0.8097858215163267,-9.345679285467613,3.1465801269235674,1.41294963274835,311.7705805877151,0.13333225002895333,0.0003225270042318417
40406,-1.380652927851056,-10.105345410344109,2.92647445452906,1.0787094019341075,279.55845480169125,1.427273994921924,0.0003225446718039694
40407,-1.7219802813819918,-10.081190905087336,0.8591085279512504,1.5043047489199683,343.9739139232756,1.949986653766607,0.0003225467366558394
40408,-1.1801454290546882,-9.147223850066798,3.059153457086144,3.281738541510756,521.46583108396,1.4707142454212834,0.00032255241541723575
40409,-6.637234740645393,-9.856698119254064,5.148764680049755,1.8766854260756438,451.77435230899425,0.08009958818119234,0.0003225601847570375
40410,-0.40747327550841383,-10.879787162045837,0.9138532993437073,1.1179050856034647,240.7087698289935,0.5494411569701336,0.0003225603944330941
40411,-0.26407588034025586,-12.502830613221048,2.0513917883947,0.9057778599406503,182.67536669278024,0.04629656830380746,0.0003225650543284864
40412,-5.023378959088086,-5.511214519559579,1.4417038478541246,0.5585185862950083,163.1229806872704,0.6687134917157032,0.0003225707712031983
40413,-0.0232426044481695,-9.498856948955005,1.1491631710829338,1.1641531498631754,466.1997324477979,0.16114828598625053,0.00032259722176177863
40414,-0.08810217835029022,-12.437757152904124,0.7521345351943852,1.36010124584568,468.9269860448125,0.8685019777766989,0.0003226224571235056
40415,-2.1006326060995697,-11.138878173140933,2.5791394046503755,1.0038365417524606,468.5271283910916,0.49452120125131493,0.00032264260308475904
40416,-4.011361355865465,-10.692757088419912,4.758309334531979,0.8291220903138462,441.05476837380724,0.2313647445603788,0.00032264853965890624
40417,-3.754917781298013,-5.613746347524768,2.503984974960659,0.9005052053035767,468.52774666924256,0.4633539521985268,0.0003226709043255968
40418,-2.3405126037534396,-7.927661701963022,2.588309296196383,1.6478910773303765,389.298458275251,0.26752648447547056,0.00032268672420062984
40419,-2.2786423687851523,-12.085066415087647,3.2970333759952175,1.7596307993877636,418.8220942246838,0.8026168159024385,0.0003226949668177123
40420,-0.6365901652392587,-8.691855147946095,2.770185726365688,1.7409813281234598,412.7196500383301,0.8458790518794972,0.00032269571932311373
40421,-1.420935874629972,-9.236656918416461,1.4332310668773431,0.8630366403466616,468.36276762445226,0.01798695395623895,0.00032270304800117246
40422,-2.1578034098479124,-10.889589294399086,2.730504947217558,1.1414756197406053,294.4581347840689,0.9436231254772665,0.0003227143604826313
40423,-1.6334224722919526,-11.542567473414923,2.6202604687489837,0.6981296600264907,141.45326513372547,0.22716219632141676,0.00032273679244269654
40424,-1.8011345921685535,-11.92826167238161,2.5199802666219804,3.0541918320017194,226.07016051322228,0.3417807268780697,0.0003227461076081048
40425,-1.4029884583840282,-12.0025965724897,2.4432634322609657,0.5025559498086442,111.18580809458875,0.25465776614888114,0.00032274792459462115
40426,-1.5665390224782296,-11.273501751246414,2.682145126687292,0.9602465308086187,259.58170691871203,0.8476995918874826,0.00032275278933744755
40427,-8.733499753760276,-8.497229006388867,3.4441299559330214,1.4265286602547549,468.83380507646615,0.5611522005614136,0.0003227530665070647
40428,-4.041319987357705,-5.610014934467228,2.217261223403636,1.3877888948032946,314.23129864276007,0.29246030360591124,0.00032278673036907114
40429,-9.01020869627137,-7.398067132617084,4.82172220228589,3.2887377373671693,522.2478788602654,1.5133134961043098,0.0003228303898522889
40430,-1.7202654474924035,-10.719585056686913,2.7134150816818767,1.0727051765429,279.6527300338483,1.6346286969645147,0.00032285026334704807
40431,-2.2071692315724603,-8.615686141618045,2.9532971182660117,1.876276652008558,467.36406107701214,0.5524822891414853,0.00032286611361832015
40432,-5.193553944159986,-5.185035559053855,4.0390593334656835,34.6391429405908,910.3952126213602,0.23722431483679518,0.000322866589386266
40433,-0.9489938709482253,-9.830703719412156,3.095662890152186,3.475478196782784,525.0753305406323,0.6028994724927523,0.00032287978248904023
40434,-7.35361175490131,-10.948071823072624,3.9346349746015754,0.6587460405827831,468.18954673821327,0.4388587463570053,0.000322927896222178
40435,-5.770276487628844,-11.561911095361527,4.5475039137928075,1.8748164753918701,467.321183808782,0.12448221971451012,0.00032294251270170634
40436,-1.839835033542963,-10.769687921521323,2.7317698218425863,1.4052551578581967,467.9980211283802,0.36719082921343915,0.00032294363608951495
40437,-2.1798590872495964,-8.770558983569453,2.0172673089450788,1.5939629734747138,465.8556551180706,0.35904879654066857,0.00032298280976857146
40438,-1.3012251770310375,-9.673411787857855,1.115355224171304,2.5922934279922183,463.59935593265567,1.5057210007173891,0.00032300018322035186
40439,-1.1195110107789112,-9.801889206850243,3.100937859453507,1.789694121182222,427.091668522909,0.717173600887067,0.00032300111364720277
40440,-0.5220901986919859,-10.436473187564918,0.9281699014714422,1.5000267158741531,424.9016899199982,0.6745439098535764,0.00032301995130306233
40441,-1.0904364666087467,-9.168347368422719,3.060722976947186,1.730418445434481,364.59651079957825,1.0699933770406211,0.00032303935064425225
40442,-0.7485974336910388,-8.77294800877495,2.1049915821113516,3.314572570354789,524.0607214057796,1.4863652865516466,0.0003230863088362024
40443,-8.009576831756775,-9.999487230248727,3.137493228438202,2.016770625996576,399.7699936867913,1.0451462418684443,0.0003230920270977665
40444,-2.7754898701454653,-6.827145380525149,4.0740160336419295,2.9428388563101713,496.04858429544083,1.9074642966901143,0.0003231185169494746
40445,-3.586288672493101,-10.794548493984413,4.71285900159384,1.4779312041821104,344.41137847324006,0.8714351338084096,0.0003231260380844601
40446,-0.5521873453467325,-10.220095513565457,0.9801696743879518,4.866489904964901,467.9953621487719,0.0038395910620367957,0.00032314065421172047
40447,-4.8045843666101105,-10.486668560659766,4.874758475328559,0.5610586518427052,112.90412859726469,0.05008858557390816,0.00032314354545127645
40448,-1.4860618364405394,-12.132267693920513,0.8841225730425528,1.0281794509359705,438.95250854040273,0.010040007925451455,0.0003231439933489705
40449,-1.597905455382664,-11.344696674392788,2.499775560608689,1.0753135649006522,273.51325268707217,1.249018062516691,0.0003231582371658509
40450,-0.5918073252723808,-8.705186123944427,2.713219246802546,1.7186175909670933,406.64915870824154,0.870557800516047,0.00032317527983930774
40451,-5.337868378350618,-5.736782991187869,0.6395214096460151,1.888629182550156,454.86740325630495,0.441119496126702,0.0003231800923897646
40452,-7.433661105083126,-9.225031539556772,5.041472694067768,0.8687183421092417,184.39173069630218,1.1473466077140602,0.00032321487597241055
40453,-0.45123630547994686,-11.586983845219121,0.9033125505596931,0.8520999047813184,177.62494628415305,0.057369466810129666,0.0003232277991119764
40454,-4.90994946096381,-5.757098030999374,1.1567093622804947,0.9161675614536433,212.27931645558556,0.16654919975876847,0.0003232451008830823
40455,-0.9901387838473887,-12.827449846728879,2.2816618808316793,1.1683686678970413,261.5391052434011,0.14461995808042793,0.000323251788756779
40456,-6.411156104893976,-12.348126815827293,4.369733204272037,1.5656460160001073,468.35155948743545,0.793648256253844,0.0003232623807332495
40457,-4.945171716442954,-5.8410810832427105,4.7108755354974114,0.6778442997614408,162.61947593845625,0.1235444544785329,0.00032326325578893513
40458,-2.8692197493047047,-6.5884985078956895,4.135252401014318,2.5284615200736473,450.7303591034015,0.7921593770007034,0.00032328509510500274
40459,-1.7284469789672823,-8.974288570130474,1.815268705287516,0.8937661405936596,255.406127220793,0.39009782003898597,0.0003233101427599719
40460,-3.263748941832998,-6.322304188706848,1.0655635412631155,1.121138450240644,292.1685779945238,0.5518494106215135,0.0003233241018057496
40461,-0.26410709910061136,-9.4232586707544,3.140349027503983,1.5115233378302968,355.3693738142992,0.5510999423326508,0.00032334090040330674
40462,-0.4589833482257131,-10.503505151598132,0.9164969269654778,1.7504423583206377,415.87192843786033,0.65563464688723,0.0003233582899955342
40463,-1.6660008716237904,-8.961160098453067,1.8112305018265256,2.9342685901217007,491.4451542090941,1.141797916058282,0.00032336191680460417
40464,-4.443310847117439,-5.418802502760185,2.6295273105823225,2.0434838819472536,218.46269673004167,0.40999097191741196,0.0003233936255087934
40465,-1.1753290175434596,-9.13542176811649,1.5960122107047814,0.5251288300888874,117.66896622223278,0.9586574083498496,0.00032339881085480373
40466,-1.3221437926356003,-9.679969186206078,3.119838041922841,1.3142013563187924,293.4148939675004,0.37438913572644417,0.0003234012172714547
40467,-0.43573554795955083,-11.62132932119746,0.89551877390231,0.7200878096546728,180.9722360718942,0.15832379239164496,0.0003234166528762524
40468,-0.4705942813650452,-8.901115406750737,1.9031205153256026,1.6290853702747636,468.68662232773585,0.2908921700976146,0.00032342136981886797
40469,-4.988025084164514,-5.292279453917763,1.6976326663095282,0.9710477037846723,237.75804385727457,1.2068924431581278,0.0003234274347436322
40470,-1.6124608981156694,-11.77902065815456,2.4358579480835174,1.5351515798517394,351.0593314721071,0.9632893047701687,0.00032344024536938955
40471,-1.136076495585769,-12.734723173000113,2.355559087044419,2.54051897560275,460.8336604217819,2.001934380733519,0.00032344528244301055
40472,-0.6423997899681524,-12.074057971536947,0.8584204945753341,1.0284923622211586,270.9296634098707,1.5233737009880395,0.00032347097471770744
40473,-3.915516856111317,-10.14880705147385,5.046049726109188,1.0744145750756013,468.3138894458301,0.503393968604235,0.00032349659032272765
40474,-3.8692642886003403,-5.692820238986427,2.605491402622311,1.0516377255055633,468.80483341911093,0.11815758326026415,0.0003234990132102001
40475,-1.9231579280398439,-8.65225377337553,2.753386110328788,0.5039317496620956,115.44096007080293,0.7684401042545881,0.0003235218490787514
40476,-4.0456080497241045,-6.339070330724954,0.9071162245711565,1.0274702280843842,468.3191361340663,0.5054515815826486,0.0003235360684520632
40477,-1.1973375720933959,-9.465355712615658,3.1384252863601563,0.9345869571292776,199.60620093032915,0.009561905873188614,0.00032354462700513194
40478,-3.181877213998213,-6.016744618424423,3.8389477774902554,9.132083417032447,573.9501382271194,0.01300445013032192,0.0003235892884707336
40479,-4.462864927514122,-5.408262819837516,2.631660769569134,1.7280333339727565,468.8816421272795,0.5694571911640738,0.00032360352971035316
40480,-6.181586739303642,-10.669263778249762,4.792307921526202,1.3122366447848592,223.33656844904988,0.07409688564799222,0.00032364738145497317
40481,-0.40683641568698015,-11.550022780279575,2.5331664387473523,1.0432058273879619,468.1164556427386,0.740143348977214,0.000323648583373079
40482,-4.1898158836132,-5.549685131684533,3.0778177800834654,2.504457528141808,218.2315678644777,0.2427717374651568,0.00032366235142253024
40483,-1.5463493866361677,-9.154065826651962,1.5642658210085432,2.3997152728845568,420.80693309501106,0.30885712502608254,0.00032370086925308944
40484,-1.2203045372576966,-10.209614205872352,1.011612824672358,3.533958460339185,536.2698745404865,0.9146771555944513,0.0003237110256085423
40485,-0.08987174018401412,-10.031458257914787,1.0090013315261743,2.2019562278444016,409.3156566014593,0.5735399133335486,0.0003237147924766437
40486,-0.7231796464136604,-9.292342670843997,1.488628405716442,0.8447364066360514,469.1174344687736,0.17325801986066924,0.00032373003952698324
40487,-2.279113035554989,-8.225805516744902,2.5161079946609957,0.6950052675826196,191.16203370656385,0.9943859526146372,0.0003237482944732846
40488,-4.6693912207056,-5.3691136138980475,3.00343675067342,0.9721581565157117,256.7777841034849,1.5137887576797722,0.00032377645200409015
40489,-0.36101111048035683,-10.045972798121262,3.0178230414158835,2.5073771283237773,452.9055917898126,0.32059304223120844,0.00032377959081745985
40490,-0.6542797059931313,-9.988536662606766,1.0458701687573244,0.9590779771051512,253.53819857495256,0.9870227191623488,0.0003237936444419761
40491,-0.8547731347167637,-9.913873423446278,1.0434074363670678,1.0040110408833973,196.6870785781975,0.023943747147346706,0.0003238762281000499
40492,-0.18211461218527702,-9.217188606902221,1.4628310832642653,0.9821134663206469,467.681783515845,0.13324240221415273,0.0003239112274008626
40493,-1.481141078629296,-12.456971807454837,2.038494314709956,1.4079096772605342,467.8506989893699,0.6435415868803718,0.0003239282775621028
40494,-1.3590535028393607,-9.929632462126698,3.0331956235491884,1.904329288163884,468.51913613651357,0.5014069331239996,0.00032393581946326257
40495,-0.8651370613865002,-11.48450170752762,2.543730533125034,3.8838875794625345,536.4438972950073,0.21169551093642003,0.0003239375442598664
40496,-1.341845470580779,-12.56258243850707,2.3616779999772928,1.8560590407845186,467.95350472077735,0.04009901991449727,0.0003239521425565125
40497,-0.5940656542164149,-9.592561871998349,3.1268402595577878,1.7707666196969107,467.7242875584154,0.4719444907539181,0.00032399305814990396
40498,-0.7925539461095461,-12.124139127519383,2.445390324040437,1.2209533996809543,253.0868971662297,0.47925959352725567,0.00032401108179782467
40499,-0.6846332125917698,-12.2811238100519,0.9011317402746681,1.4382274129290755,320.43864502646477,0.07793956963204618,0.00032402023339082983
40500,-1.5688124373527064,-8.812443502127493,1.9970689520538853,1.029923692241424,269.1691687363031,0.8487509324143776,0.0003240497080670064
40501,-0.18690877906578507,-11.623114144432016,0.947503274969445,0.6715790972132998,464.6173527486348,0.4074919768499754,0.0003240571095216942
40502,-4.049406836027497,-6.054386502714573,1.4096413684617979,1.6045469148344587,369.127969397468,0.47207018307741944,0.0003240675298349297
40503,-0.7655254043617798,-11.996920790084973,0.9344688995668258,0.9240067428718212,186.34787729814846,0.6962854233477271,0.00032407661703245683
40504,-1.847721747929226,-11.252123169318367,2.676008669066803,0.8786430403159188,466.86643321582665,0.693913209254247,0.0003241648108986769
40505,-1.0207890016382795,-11.310582725442377,2.500028666077184,2.7089652468039276,469.4759485145916,0.9968245762812797,0.000324186433440981
40506,-1.1269999824329062,-12.366775865175848,0.9303589619984727,1.1637703678924372,265.5601250742274,0.09772905240695628,0.00032420786564715885
40507,-8.97647273430428,-8.171360816767905,3.49746547144187,0.7221020649952352,196.30370647544865,0.23974784820602668,0.0003242298072175595
40508,-1.5125417204945322,-11.441076446683342,2.550501349744695,0.9233233506647314,189.57868522457377,0.5490272205146871,0.0003242578962251959
40509,-0.49859644798101144,-9.699911960231667,1.0810910298480592,1.869165021436997,466.96288018461894,0.1630877750501165,0.0003242594107762866
40510,-3.448800137587499,-5.95000814039006,1.7107416189961868,1.7974725347722926,428.10335849458886,0.21164511921948925,0.00032426181944965305
40511,-0.2520892838217037,-9.851402720397855,1.0591768393524246,1.184285137326927,261.7924691920036,0.39857369999867576,0.00032429423657914027
40512,-3.7809423622754093,-6.0925154742217345,1.4246084846726168,1.7874429059170274,468.36137683549146,0.5218270972261179,0.00032430366962064497
40513,-0.2197352528319687,-9.157894610811656,1.6231398144934388,1.0356700860010977,467.78247120501845,0.42087077512038196,0.0003243138660629666
40514,-4.8381762844560185,-5.179189567509725,3.2297222239560943,2.2232532581112183,428.4795966764773,1.7436658142420818,0.00032431729295327244
40515,-4.5378671866763725,-6.002596447029746,1.3331934401291703,1.0759322269805098,243.6343625019356,0.498053963503307,0.00032432356033270185
40516,-1.2390092806881814,-9.625150142095451,3.1206112887162623,1.1336971393216648,291.7369886558492,1.2513161794245002,0.00032434976221604205
40517,-0.6151856002894096,-8.706187976201,2.7062085986393525,1.4294307782853797,468.561853188809,0.6145212426710218,0.0003243537193245259
40518,-0.334075533383535,-8.598255370799851,2.4608711773554397,1.2394160397144638,311.43454495144493,0.3407641107947077,0.00032435581523659743
40519,-8.48258753008838,-9.361094057720983,1.926476351756194,1.0417487883610879,449.27754009454736,0.32032579175377496,0.0003243832281497775
40520,-5.624745995709724,-5.105478238705987,0.6100242440176301,0.8527433607494811,179.53928620098716,0.25692266307627154,0.0003244032052379772
40521,-0.5517996017753273,-11.386838706584912,2.4975274578168953,0.8418587533174215,245.22226684966876,1.3563867511494498,0.00032440975815462963
40522,-1.5724339718007414,-9.893583065099396,3.050682939164172,1.7401069745412612,413.48597871910687,0.8061145985586009,0.0003244136225982753
40523,-1.6525840305015365,-12.694441562533573,0.815074223121547,0.6873731245498169,138.20023798048615,0.29985742243059654,0.0003244211287547549
40524,-3.8899569575933075,-10.782107171485402,4.7209569961242375,2.423119081669089,450.1479334488141,2.13092460542934,0.0003244444419909178
40525,-0.25940551819071445,-9.145319636581146,3.0993248400451234,1.637979832048498,379.50282064295567,0.5066981651957567,0.00032444833535021333
40526,-0.8404292792664432,-10.409996961417107,2.885321113952593,0.9009568215916579,221.35239129425992,0.2672511922209173,0.00032446907639656857
40527,-0.4248371685601722,-10.708138818152943,2.7285556763467325,1.396408459196255,306.19470498667926,0.017138353126237682,0.00032447572674778393
40528,-0.16389939461312686,-9.495555032343425,3.1307154221447617,0.8709455480418105,249.62732692855548,0.6141875738963645,0.0003244902812095941
40529,-3.0417436902341857,-6.0287608745991035,2.2825265188949198,1.3147737641723927,294.09337940288816,0.8264422990299822,0.00032451394651847803
40530,-7.4285364374754765,-12.05222678612206,3.5604394469074143,1.8258232669351084,437.5772116534263,0.08216449756257038,0.0003245142528220512
40531,-5.518607138111463,-6.1312806631379635,0.3047050414518465,1.4299378995583845,468.54862246031706,0.32993527353262664,0.0003245540737780827
40532,-1.0253844901403237,-11.385474807118953,0.9134982021660922,1.7352969586046518,410.99198551605855,0.2944213417107244,0.00032455928988780515
40533,-1.8172236057921012,-10.209957850892035,2.9688957515571484,1.2725687124182459,281.14614196163853,0.09646353670877783,0.0003246191160033224
40534,-0.6032721140914141,-8.98786798838053,1.8154458327159224,0.7389829206535589,164.13149355827025,0.6860884112315349,0.0003246432288153937
40535,-1.0215796602763447,-11.431491032462457,2.5643436134686737,1.1147861515065485,466.91809903976866,0.5976733390967119,0.00032464677583488423
40536,-1.9821611872418377,-10.681364522843845,2.7702539879805737,1.108778661809826,467.3321930229309,0.6543706679509,0.0003246719660003968
40537,-1.1731310405967736,-12.661064485931295,2.281434890097324,1.1469300660966686,468.7227174926522,0.24806065745374273,0.000324734982138126
40538,-0.7897858929419037,-10.646830375541949,0.9241048609126458,1.1771481022125565,252.03715364516268,0.7327404588323221,0.0003247392894034466
40539,-1.466025398432178,-11.730086106057676,0.943032371788333,0.9170560657343284,468.3261799156224,0.5082975520878916,0.0003247641866578468
40540,-3.7833911397980895,-7.348144998087301,0.024938814821961603,1.0012146938473232,470.28689656454446,0.024658104736382747,0.00032476780196557197
40541,-7.683801301084589,-10.182012618945798,3.773039543488962,0.9247492597028764,469.1084711271598,0.13181023937515768,0.0003247719183003958
40542,-0.22682281449487007,-11.622972895199199,2.5115561545906955,1.0747316096360042,466.8972301418815,0.034668034252065105,0.00032477313151273385
40543,-1.846613014329039,-12.205908076962698,2.3614799310817527,0.978679588313356,400.8198179019792,0.5543687281694618,0.0003247935508846244
40544,-3.6375835363931843,-5.636664513598576,2.4052129525634873,1.8809448307488448,469.3493891255445,0.19774674143465365,0.000324795944641079
40545,-0.7310276583605422,-11.121853452061579,0.9563385763372166,2.290818838786535,428.9414542247697,0.2925408355728871,0.0003248023945057045
40546,-0.7403863116235581,-10.80798396641714,2.6989529031287436,1.1332745574143737,221.39397137503772,0.0069328314540255676,0.0003248090177221705
40547,-2.924673626681016,-7.233801818122177,0.3602539217546605,2.4218522203362105,435.0765647692364,0.6537828865572601,0.0003248168683094149
40548,-1.4997047886475752,-10.642592354171914,0.9352534886326324,0.6104016227440765,171.0899843580296,0.6183696856445993,0.00032483620144110783
40549,-0.9130154819195528,-10.683745004118691,0.9129793324721307,1.3325591899904636,299.11691384861,0.2179146815335864,0.00032483946153990026
40550,-1.3601367705926641,-8.924309066242458,1.9695664167952665,0.8127986548807046,172.89456268899315,0.2658136523333674,0.000324847505553224
40551,-7.760298752276693,-11.605062876028224,2.911113306901929,3.229352189355817,517.4749292309145,1.4687050268850133,0.0003248566117244266
40552,-0.004111998347486434,-12.740063806321109,0.9529937097278275,1.3267271808898242,321.35286493894745,0.9465449627653797,0.00032488005830242516
40553,-1.2304130956084975,-10.478742500410032,2.8316699248348196,1.817059860727118,330.7045335531272,0.11622508293044564,0.0003248992115355134
40554,-1.7898937369471817,-11.113389123871784,0.7268889502560286,1.6807733861633276,467.882978315875,0.6066292837956615,0.00032489934111211324
40555,-0.8994898809831344,-9.878905748615454,3.057149136770192,1.7017824929279082,399.8073342478099,0.6172996133084494,0.0003249119963756332
40556,-0.607856180287893,-10.743898908865306,0.9493041046876115,4.994593174809569,304.77283979307464,0.2761393730266528,0.0003249436860235912
40557,-0.3394193259634708,-12.411861280032126,2.379843416826597,1.1439005484138878,298.70141839343484,0.7895164625038325,0.0003249447043495673
40558,-3.9432939083832323,-6.11427336564181,1.4325614016889063,2.2115710331789433,425.8337642019917,1.587841557078863,0.0003249532386877261
40559,-0.6313225781738456,-11.58084784500787,0.8963607090249511,1.3186719514681875,313.19939882428577,1.1124311611343236,0.0003249641984103175
40560,-1.3778768882795642,-11.722387597170778,0.9324792409858408,2.421789576396672,221.4435036863222,0.404143604589982,0.0003250349628309613
40561,-4.898557318126226,-5.321937534170106,3.623468642959311,0.8167656015521523,378.93217902888546,0.16430957698493298,0.0003250359413843801
40562,-1.0429092730144642,-11.475514823884557,0.8578935693721083,0.7795688959105052,214.84009973470887,1.304803849002857,0.000325049194659394
40563,-0.8868208156035493,-9.281517822617868,1.4494667169467987,2.5921641398512034,464.30312762688783,1.6307821347687268,0.00032505782753965986
40564,-4.962242022315899,-5.420407531860477,3.9461945257492763,0.9742739545449566,468.3370024169961,0.5123732004262829,0.00032506565748959904
40565,-1.4199877443773126,-9.332289314012375,1.2165652278786963,1.072891353571897,278.65206665704744,0.6316745522787865,0.00032507469886819564
40566,-1.0624530242423287,-12.303480032679978,2.0707999277081517,1.5444649952260412,467.03066474619817,0.27807548555767614,0.0003251094776869127
40567,-0.7797554820946182,-9.474736626353414,3.1271690229569007,1.179694475303146,299.8818502253532,0.6904036843107333,0.00032511032918278057
40568,-1.4074263056318905,-12.789818756526836,2.429703798155208,1.2003420063283388,208.68780187233094,0.009480954821648346,0.00032511672837660385
40569,-4.306297248948922,-5.830751039374692,4.140422508919044,0.6403499483235386,193.86498883048506,1.3166087684311583,0.0003251437891237399
40570,-4.168946582114773,-5.97260836900929,1.6370158616276342,1.8428717887555552,467.4688376402081,0.7826930327361277,0.0003251524203717389
40571,-0.37382932314074147,-9.404535109194406,1.2717961232808697,1.205088549172501,304.2029711484001,0.7887962673036482,0.0003251565696901593
40572,-0.7936598039530356,-11.01223858085703,2.613005104054857,1.8164345706560898,203.2030511217972,0.18156534925562617,0.0003251724343429263
40573,-1.4665204172906812,-10.184256783136389,1.0268349070650844,19.408168104457634,808.4206052421601,0.16555132408459183,0.00032517875196146
40574,-2.7412693291738,-6.540770156479292,2.5799263489498614,1.897588955812879,468.2668994058469,0.5406640932803288,0.00032518039900754917
40575,-0.15189313445366537,-8.632668091414065,2.5732090708152335,0.916681557966979,181.27955197560314,0.8326919145665519,0.00032518695590237845
40576,-4.620300451129707,-5.354532933821511,3.164482441511607,1.7405949146710935,467.62713232918975,0.2516764255236392,0.00032522481241942594
40577,-1.0214406079015816,-9.913388733343336,3.0278811137715116,1.0092071889071916,267.06288403650274,1.4139145847308878,0.000325225170471181
40578,-1.3157264017200134,-12.832044557061263,2.281142242654674,1.7819306889331168,421.8712913047777,0.1575724739120803,0.0003252435867129718
40579,-7.564803123297902,-10.537539951539829,3.775268155065714,1.156638531077526,207.153583424099,0.1047104584593237,0.0003252581069891453
40580,-5.588797804156966,-6.354487414643747,0.10838419133803613,0.9035328766278358,214.16865690201425,0.05787555469055228,0.00032526917185628793
40581,-1.3792146231501476,-12.389709897036386,2.0268827522175905,1.4928653851014873,345.040718151722,0.7066323673054518,0.0003252696094729124
40582,-1.2449205559587657,-9.196591212027933,1.6273363124235036,0.5981205979824112,149.40817943424787,0.027474609017168028,0.0003252724284830654
40583,-4.216229098421414,-5.6067787372921485,2.680360151781546,1.3829720761982587,240.43081602183693,0.13624836190079748,0.0003252814896476279
40584,-0.10056038504839826,-11.385963582602002,0.9580031849131493,1.2905473663509262,316.2931244594199,0.522237529654098,0.00032528845950064426
40585,-2.115670007570877,-10.734729313154462,2.699118888430695,0.9625424507923582,268.65983700272807,0.8156308662101077,0.0003252899444247695
40586,-1.492558352788146,-12.300793522929949,2.042853046107883,1.0514186339681098,280.6394816399479,1.0703415346795415,0.00032529026647076277
40587,-0.5714074048618141,-12.294037347281005,2.042706239586986,1.7197791403949203,406.1314549126094,0.5200808796023564,0.0003253016602856589
40588,-0.27461310396323846,-10.340493222703039,2.8995889755893747,0.9274947130517307,208.22148362291753,0.32228214925369514,0.00032530211833931846
40589,-4.478582926026151,-5.501437809111879,3.0055056862713583,2.688742875969477,467.6408538867293,1.0128106750920098,0.0003253353020715266
40590,-3.7496431346167736,-5.802373335945613,3.7723755055199746,1.4815054480288425,330.23408612880013,0.9125947504987257,0.0003253503684292211
40591,-0.9644312579727323,-8.867824955692239,2.0647061828082367,1.0602466435515596,276.46373300029506,0.6814765749072214,0.0003253779302404483
40592,-1.4748392530637684,-12.91093045509677,2.4189003490708747,1.4338081002724103,218.81174705620725,0.05727722051440942,0.00032538337952154044
40593,-4.127757411716042,-10.088043360928616,5.081351100043743,1.5856634814663246,352.40596363319565,1.510994044307183,0.0003254025769316497
40594,-1.1327423157959995,-10.101074101370479,1.0236853840897198,1.969941830362326,391.29241824722175,0.4839512025827162,0.00032540530783561075
40595,-4.789116323158856,-5.193094847076728,3.171453515860241,2.8117009346763373,484.62846393343193,1.7511368880868519,0.000325435032933414
40596,-5.630439162265021,-10.319686038889134,4.987442996087056,0.8338499234117943,467.5130663075314,0.12491492637206836,0.000325456180108925
40597,-0.8379562045140894,-8.652718149834964,2.2692820025927043,1.7187259575548508,251.91663164456298,0.033259952335111365,0.0003254875940891262
40598,-0.7287654017790928,-12.115308466676964,2.4381707767497582,1.7905279803299745,442.3905182487642,0.40622016307639,0.00032549821399898907
40599,-1.802649073925263,-9.990796790275565,3.071006778398235,0.8979239318214425,190.98554127879984,1.0194336111641364,0.00032553412304178194
40600,-3.147985516953212,-12.793353094890124,4.4470165752740565,1.0175051857425383,201.3522603152051,0.0622387109512017,0.00032554364873177145
40601,-1.6147441262379498,-9.160657328981316,1.5885451467224145,1.3210378576719664,279.2060609110539,0.08358437055552326,0.0003255441179497767
40602,-8.64773305145066,-9.030468253924807,1.9047274770913203,2.0266969629292255,401.26779440280467,1.126278872328144,0.0003255590275233752
40603,-9.682607929731642,-7.468660866945545,3.155288446012821,0.8479852116801588,467.77229394920033,0.10233390416767651,0.00032558670066735687
40604,-1.2536603013446808,-8.897336749061076,2.937611390098907,1.108164712442121,281.22831556641717,1.4127184254536518,0.0003255913584417697
40605,-5.037362836722787,-6.091874631775755,0.7939557024263335,1.0583918839272546,279.34210181231794,1.435465278029409,0.0003255946834963787
40606,-0.33956781919235723,-8.761850041274926,2.820652674424428,1.0675560208663564,226.2046248178235,0.16999736635492546,0.00032562466604428244
40607,-2.959392199563945,-12.326767647896748,4.764532827391693,1.213715490169517,281.5274567638452,0.5390852884338431,0.00032563046970020726
40608,-4.846125094207533,-5.0677385497524785,2.2283017901768,0.9423664883552868,189.69078599123068,0.8570106042955068,0.0003256352965555577
40609,-0.4244488901196064,-12.840170382799567,2.340489794181443,0.8210829850778758,234.19775740052708,0.42172509292592597,0.0003256467140984709
40610,-0.686678762179536,-11.920068421795547,2.4525221739777563,1.526193448400034,338.58155744812785,0.3253964257039552,0.00032566561796866424
40611,-1.3932352979374159,-12.673201460706748,2.4337650913542097,0.6927562590369685,467.2470858742061,0.4181481238139595,0.00032566686049807986
40612,-0.1350284033153013,-12.723016306002418,2.2762508010437235,1.344694424468475,304.0648520655605,0.22603727262045048,0.00032570844377276665
40613,-3.0495157597423903,-6.186738653396057,1.2587410035022986,1.549750268633013,470.0081821640641,0.10320020027550836,0.00032572301821779564
40614,-9.798162868884896,-7.360849782926575,2.944887534981155,0.9754823851949854,190.6190987012716,0.09323490441883298,0.00032574254638608765
40615,-4.86753597965535,-6.211657810294893,0.7683061881435208,1.9126238232747912,387.52770684038757,1.0882820009717191,0.0003257438175990797
40616,-5.438542418639523,-11.276705303173957,4.602409530401972,1.9936807567214962,398.09470516916446,1.123491376148258,0.00032574506011834195
40617,-1.382668059745967,-8.604969192984285,2.6434265555581327,0.7935340404515642,211.40845432642723,0.7231016914774138,0.00032574652841441327
40618,-0.9665074156406206,-12.779884625687266,2.425701767138036,1.1087740205351657,467.2539309929549,0.43771976698207826,0.0003257515628393111
40619,-2.64119331355465,-7.8931778177373495,0.24468793577959386,0.778921152765311,203.19095400832626,0.0853689973459657,0.00032579084295539994
40620,-4.10650742058305,-6.217906994051955,5.067532983220247,1.0730688596753168,279.66131757531144,1.566318338179336,0.000325809312632886
40621,-3.772482417095187,-10.932616777319872,4.663177659302306,1.4656013661111165,340.00025436185604,0.47338334264727333,0.00032584166123179734
40622,-0.5802052042997037,-12.970944754939335,2.4104671857989275,1.8092661663243617,431.10263960088065,0.23490749222494944,0.0003258921909037798
40623,-0.1501859458983983,-12.83424080665883,0.963487064671923,1.089117187926231,289.80189605662804,1.6560237918029488,0.0003258966588818496
40624,-2.3109131347355394,-8.083435890594902,2.299034811188741,2.0788711559286606,413.4108207516919,1.760927676416303,0.00032590165478636187
40625,-2.1788663846706333,-8.727517645198283,2.1093537447950292,1.1534921968684493,290.37031658443476,1.4897064822754293,0.00032592109095395646
40626,-1.9884200017177154,-12.64521012103336,2.274252985928573,2.2013466475244696,417.15870012614215,0.8655117020986065,0.00032593345597504145
40627,-1.8530173485987351,-10.348251063394594,2.8948487389997264,0.9162851729548401,468.0977368223794,0.7295066284108342,0.00032593839203652717
40628,-1.356256226863671,-9.543407054966417,3.117301343546447,0.9357169780698199,140.91167941767125,0.19645888375121778,0.00032598509571299216
40629,-0.09281253671545997,-9.56442033097537,1.1048716706260904,1.4017783571342963,467.8660050047748,0.32025400719779995,0.0003260035290897007
40630,-9.801192277744384,-5.561199875914928,4.180157722812552,1.3957962233675205,243.17118560995678,0.026462896618233422,0.00032603704373460713
40631,-1.9141304850373153,-9.005402348733975,1.8265692433166354,0.9891322071344668,273.5506976166509,1.7563406067027678,0.0003260680417218381
40632,-4.31588496197795,-5.711288798575379,3.804068638657044,1.2421041226103526,267.65740455296805,0.07838822223258202,0.0003260854376040261
40633,-0.7381668988011185,-12.743033534095938,2.0679631824010327,0.8736312950932423,468.0775872353682,0.7181029363835556,0.0003260866485002233
40634,-1.483168658717668,-8.655930970426708,2.5802468764080193,3.2785232543219758,430.36171581601855,0.1014347928892354,0.0003261228286635492
40635,-2.106703385999454,-9.899709733463867,3.042409511109259,0.8956505690625899,225.46215538316565,1.2289180334538,0.00032612874181929573
40636,-1.0188291136063015,-10.077144585685478,1.0384141469177046,1.128814004212023,468.3492851090002,0.5170435149606423,0.00032613455806440237
40637,-2.1887699752931002,-11.15394270784944,0.37718492203104276,1.2951935195964006,375.7140046992385,0.10533036359020453,0.0003261358940152953
40638,-1.0104117443730338,-8.73002991040447,2.776747802263959,1.2379127050536083,259.0827039163777,0.08065911036313889,0.0003261377365999191
40639,-1.834013799862701,-12.832398381169636,2.2751567948337135,0.9869298699109433,225.5180754083682,0.051688320346248595,0.0003261480741656127
40640,-1.9802674669789067,-8.8311643795396,2.140469420461876,1.4991971837426303,427.70854041525917,0.4782966455377826,0.00032618119232355334
40641,-5.6909010981809,-5.465781025224761,0.3419482788755558,1.8258838968020603,467.90428009468224,0.791852783897518,0.0003261823413644383
40642,-0.013008961299213695,-10.765237807190692,2.688917116991495,0.9097962542981178,250.26311511641708,1.3921856847867664,0.0003262021407284213
40643,-1.344812846888253,-9.048698400418271,1.6772809598223921,0.9850804782781208,468.0618832747321,0.5415950101974811,0.0003262132186843813
40644,-2.944707469115425,-6.689142184431081,4.869021477085736,1.1202659970027489,281.3518930371558,0.18177947630953906,0.00032622130622444626
40645,-3.589849119351034,-6.159984594440445,1.3260694587830388,0.9380250117258927,452.7769429085503,0.3089330037203064,0.00032623388220121393
40646,-0.789958320070145,-8.94652003993922,3.006715209629205,0.9728073521077779,258.1239636255615,0.19164980904268436,0.0003262466016720564
40647,-1.602450937463395,-11.412341724297296,0.8349607112249776,0.766897887829321,429.1615573044744,0.20970545936910323,0.00032625396450033814
40648,-1.080981598597365,-10.91724652700441,0.9029241432963023,1.8934328422560882,468.3792082307365,0.34146918899570355,0.0003262630828731389
40649,-1.7208156925557923,-11.237933737468277,2.567970058308431,0.6469370781203507,134.92752659905145,1.073957043226474,0.0003262927254719177
40650,-0.04731155441193735,-8.918313060855503,1.9400005918172987,0.7933195795032686,166.62003492173145,0.11180825034335395,0.0003263071795819617
40651,-1.6447835496657763,-8.909451728451465,2.0616015617487107,1.743890206243252,413.22654325724574,0.7943886340363093,0.0003263087726446325
40652,-1.9492774949385918,-9.140931814591566,3.043758783318364,0.8433803771972737,468.3319400748027,0.22291861771207078,0.0003263170876515808
40653,-1.5237644514303206,-11.553556562714434,0.8724880978878136,1.8022826934152896,468.12319467091953,0.7438702324336282,0.0003263336483656867
40654,-1.9553681457432628,-9.800313061959793,3.039779627773806,1.133641986241857,466.79372787927963,0.17503409356282784,0.00032633421080377733
40655,-8.307462994694058,-8.834618619474789,3.943782808121795,2.703751767825386,469.59284096053375,1.0580272829817607,0.0003263506819943186
40656,-4.8114992636061835,-5.1450403010251415,2.116596852801798,0.8208681676494916,176.75135807069807,0.22990105597874688,0.00032639505948160947
40657,-6.28653699196124,-11.986261078556629,4.433688025281187,1.6612698728208057,340.647449609027,0.5239893971071075,0.00032643597157361683
40658,-1.921597236853163,-11.895080738135592,2.529670614325864,1.0535236029859965,468.0208302867513,0.0271608421743208,0.00032643726925310837
40659,-0.7349821591384789,-10.972284830629508,2.6014133652588107,0.5175170846921842,127.8384086123618,0.737810292612143,0.0003264979710155853
40660,-0.8572405842686663,-10.655905552821006,0.9296572951362063,0.7421921347486478,467.37300573495367,0.510941495745417,0.00032650480992968417
40661,-1.498897300731329,-8.839730580206812,2.8467110785134757,1.058914149758323,280.35946321985284,1.7259320231990847,0.0003265064331104503
40662,-0.5900872991026684,-12.54847955775058,0.9495202254604377,0.7951228402839811,158.43082829415897,0.13422022816608248,0.0003265186461552152
40663,-7.790592698632025,-11.92448239763829,2.7217190436021506,1.8239836199665578,433.7091075612407,0.626284144139202,0.00032655771928074607
40664,-6.707878793944327,-12.774619424037336,4.220094204092131,2.4707565485539638,368.4706098180441,0.08720254684086992,0.000326568379324672
40665,-5.195618015456455,-5.36277969270896,1.0470683076160041,1.102218795251501,276.0337455604833,1.6131124821616423,0.00032658481615965146
40666,-3.3761342849233555,-7.253816393854777,0.091241968913766,0.6285243777915056,161.07900424675037,0.5668974551997268,0.00032658593024347356
40667,-1.260138311121672,-11.22709290992024,2.5746130690724307,1.5211821110240986,342.38399703590244,0.9282726856291132,0.00032660897907244176
40668,-1.4461126607852641,-10.702629738982601,2.763438165604275,1.8720602512066058,451.72034994721673,0.039817649992920146,0.0003266132242078608
40669,-1.8449148588393278,-8.785223507537621,2.7384222607213493,0.6579205023771978,133.35823916741032,0.28231566516400886,0.0003266450157746006
40670,-1.375815699513204,-10.524049137810398,2.8139894719463783,1.4518437704224432,335.37793098537804,1.4179233631220134,0.000326655577191567
40671,-9.996689400683861,-6.866266751436883,2.4226155551164616,0.6587640747780243,145.50977550086074,0.1933843400696702,0.0003266686060499061
40672,-1.4385348555492445,-12.339237433717493,2.361438159584531,1.0654421801810314,252.27768269402358,0.30423444757357654,0.00032669724531848073
40673,-1.878902534878172,-12.850184562100601,2.275838594645199,1.8434709824595037,439.94365776757127,0.5807246292394401,0.00032670560320252054
40674,-1.8225627175016044,-12.65082514159902,2.4278826705975467,12.331621507122868,481.08895970171767,0.12534945614101023,0.0003267069983901154
40675,-1.765439006148581,-12.27652816602471,0.7057844083464822,1.243074304892475,303.8695711526244,0.9017087030358759,0.000326730357664961
40676,-3.9854042870174897,-5.878650307404468,4.095573556096584,0.9861955609647003,257.9084655269475,1.4941100257361768,0.00032677213020638655
40677,-2.9333574875139643,-6.221767753334102,3.26279421589559,1.6337290949541696,382.6165308177135,0.6280150249714795,0.00032680295312856393
40678,-1.870488751893891,-9.216462013961314,3.0971801271097763,1.1765912918647212,303.3336139384135,0.5097874920317613,0.000326812070891595
40679,-7.606560071027272,-10.33018279490411,3.8163686833100714,1.4259851441359734,329.24551725053306,0.45053880783200917,0.0003268423811325667
40680,-0.06998578182775539,-9.083192950634919,1.7118033992104957,3.2580211392269343,519.1213897394425,1.3348633611138148,0.00032686626806357544
40681,-7.62723716027749,-11.439861274549468,3.299573152063982,1.564154860512244,468.0845052989605,0.029121340962171338,0.0003268844746089502
40682,-1.5340059351339637,-9.01362361285122,1.845749860953938,1.5866295415839367,469.8666848569868,0.072684683027469,0.0003268848321605009
40683,-9.796811724144305,-7.212305021542217,3.444884016072186,0.7076357895177008,200.63726195809377,0.9689981781212182,0.00032689362422667667
40684,-0.11003315166270333,-10.937142312927117,0.8847542704350041,1.2696331007252157,282.9050215669723,0.916810334850803,0.0003269058193160975
40685,-0.4282856712151446,-11.437111403882323,2.5330602379385487,1.7356163328782046,468.4819030066078,0.6709964835619351,0.0003269207335055797
40686,-1.4277080307803907,-12.735670991650801,2.275326035566024,1.421041396566724,313.5572694616895,0.0910888800313634,0.00032693531601489675
40687,-1.9365840674542447,-12.622276417691372,2.3377864343182275,6.820936575132027,639.8952526589101,0.18642201740553777,0.0003269533925652074
40688,-1.8307819484083758,-12.396802105605529,2.354589173087248,0.9077328537382033,159.8862625892294,0.21632110908385638,0.00032697659745040185
40689,-5.533156477067453,-12.493426744579144,4.416302019359675,0.8975417967119068,468.35756046588546,0.5685906153619449,0.0003269959098474594
40690,-5.7347231951953335,-12.21639252184211,4.446043653527846,1.5918802375250776,349.46376001372204,1.1673949559765129,0.00032699640954631014
40691,-0.9353136846990893,-10.743273122913937,2.690433036111375,0.7340283873948867,176.79494327266983,1.250862192850259,0.00032699647840976235
40692,-5.771830308836174,-5.907456903602651,0.07843607931711503,0.9672539766442112,468.07670403657175,0.7977971933555468,0.00032701519300059223
40693,-1.1295776335344954,-9.936316306693465,1.007712948993944,1.480683949904575,467.85394931467505,0.6247039566452797,0.000327053743442608
40694,-6.048117736958234,-12.856938864418726,4.384558294837093,0.802176502949405,469.37553298554957,0.03633342715105048,0.0003270791846977122
40695,-0.09769357335208007,-8.820698822435677,2.898529726041382,1.7222721522711495,367.708324142863,1.2367019747844061,0.00032710089002955525
40696,-0.19827111970315414,-9.013089962565783,1.6622933664472836,1.064900810141797,278.0472932344965,1.0137403744036995,0.00032712431987644714
40697,-0.7930588752531555,-9.123584756897989,1.565078575011282,1.1321585027523469,298.9387678726551,0.5416171846054683,0.00032713561262663913
40698,-1.9484534388751893,-8.748964455420424,1.014962912401187,1.286568734571563,283.4042098082223,0.60174849441393,0.0003271383024991165
40699,-0.7142823625203913,-9.555353875308317,3.0646655390841744,1.4639758429562753,327.0909203918595,0.5224281491125327,0.0003271439300769014
40700,-1.2496967898382767,-10.145596555930979,2.9695243593693426,2.105351753205609,394.3385377937433,0.5531427108903619,0.0003271529210439134
40701,-7.513767644614147,-11.461108805655147,3.5204625075914757,0.6343387601068295,130.98083447116437,0.15371536097122362,0.0003271597146943295
40702,-0.4067427113697626,-12.677397318876789,2.339885305154876,3.5681669028983007,389.59350035484266,0.026896412596919994,0.00032721100402541595
40703,-1.1979790965621877,-12.075692596339728,2.0614065829708537,1.6598273063213635,364.07692666067476,1.947468577443984,0.0003272574328568752
40704,-0.4614247422317561,-8.666100406144402,2.5810928618316558,0.966063698368535,468.117789366663,0.7407426266372923,0.00032726429316795927
40705,-3.6398892794572504,-5.732323880563708,3.3289122625622127,1.9007508781012197,468.80072775133203,0.32426167172353804,0.00032728453724761115
40706,-4.733886426043748,-5.849026855565644,1.304167850835412,1.4667566149437894,335.7200264157329,1.2972035009524978,0.0003272942282300161
40707,-8.922603773645667,-7.360985876735398,5.019207135965718,0.7923081942311285,214.9931401085446,0.5344004684968366,0.0003273344006897547
40708,-1.576962762055171,-10.60784538650153,0.9371379219499536,1.0115476488756394,468.150230668281,0.8395338068155374,0.0003273635902275452
40709,-1.349381749999928,-9.560993369302468,3.062625075916621,1.1988764818273943,301.7531951277151,1.4262559441173934,0.00032737248585921813
40710,-2.221216362234361,-8.02723203509359,1.5347478665029135,1.0659773177618246,468.0233902439329,0.8234837430747595,0.00032739057464626774
40711,-0.11792608831344253,-12.581694445074167,2.067739685878521,1.793671649994844,424.6688105943612,0.626354724923198,0.00032741741781187585
40712,-0.8964656920906471,-12.64904626911901,2.4219107393104613,0.7468792674698487,195.46453485603874,0.30825150717363936,0.00032744982421819484
40713,-0.5590788194318197,-8.933864203620427,2.945310309216095,1.50100278639735,339.8664986740592,1.1274287494613864,0.00032745469089730803
40714,-0.15969641658488243,-9.095438753078973,1.735492521953706,1.1082147437758556,468.1156290817195,0.7394776971103658,0.00032745916389946366
40715,-0.001003569628799994,-9.732047785288396,3.0446764990512163,1.016873756980481,277.1562149716042,1.329982611203472,0.0003274685602870709
40716,-0.07467706290941223,-11.17837837292754,2.669173267898933,1.6295397663195577,380.9402838485803,0.421209654884116,0.00032748115330262517
40717,-0.3980069378875246,-10.942847410331188,0.92573991523586,0.698999831353129,441.2471345168815,0.374194723609663,0.00032753219511556103
40718,-2.2778039354257604,-11.342447074791789,3.3957626751046255,1.7144579428107432,403.5786319355787,0.07330964039154164,0.0003275609904225266
40719,-0.5120447827590269,-9.331134776239798,1.5193255336654792,0.9939640388017004,239.82591915552632,0.020925785953042286,0.000327577609215833
40720,-1.3119816692406339,-12.633344312872026,2.4219588429239085,2.1089773658920534,417.13284324838895,1.927239683101992,0.0003276069020927553
40721,-9.648565674484445,-5.052819198218507,4.400058095252529,0.8371618980045995,225.07345934921304,0.47146384911242567,0.000327636268917649
40722,-0.566808616152576,-10.47330855040129,2.8248191914302674,0.9912191346697578,257.9533552393744,1.326559263873964,0.00032764317749165583
40723,-0.5825761665309521,-10.021721305473385,1.033664812965957,0.8863399081288902,467.73464475331986,0.7867907029463455,0.0003276757044017259
40724,-8.728984806657689,-8.188412433211095,0.534009003307542,1.286136682941471,283.29540539980945,0.25759529954587546,0.00032769080057877846
40725,-1.1186415919393067,-12.38169203816058,0.9382977171658091,0.7628214967271312,164.02780563816708,0.05410314928969484,0.00032769339178761813
40726,-0.1279709632499717,-9.628478671539504,1.1118659445395225,0.9904629662393528,468.3695438476143,0.06559367693761597,0.0003277676805178069
40727,-9.231843266841585,-7.287828166219448,4.546412162812626,1.0836270606840748,285.2096293238405,1.4437852914862308,0.00032778103883439216
40728,-0.5766290898287689,-10.890902546837655,2.623944033987735,0.7030821163451286,198.57195730418533,1.1131632123109343,0.0003277879900993629
40729,-3.301894380080709,-12.3388629937066,4.386243603043797,1.4479721559284244,323.4546129823025,0.054605453787580416,0.0003277886608574574
40730,-0.04254738402847025,-12.651745456767214,0.9327575366058536,1.7768965227405564,422.0023987412227,0.14591273850607944,0.00032778890948980565
40731,-1.548145373725779,-12.530596074429198,2.0685000414501538,3.6047786888735787,530.9706090772498,0.4800108817010136,0.0003278191341584055
40732,-0.9303248066255527,-10.9863019196375,0.9264065227911099,0.5449711250271487,135.46720673519647,0.6094096426740769,0.0003278587095484026
40733,-1.4577394083413306,-12.995886306982147,2.391273410545814,2.6168575267703003,467.51371247360845,1.90326010706245,0.0003278705594945093
40734,-2.265650221650767,-11.457230641441463,3.305184642562328,1.501729587702642,467.85491502549775,0.7520324709671558,0.00032787754539740065
40735,-1.249427497441424,-10.021227857538378,1.0741006486114242,1.0258696893851234,466.37271917687747,0.08506905926660657,0.00032787861912843573
40736,-0.022534547556746887,-11.289783904665036,2.5685526750402103,0.9021763838553525,189.69691856351312,0.20405685954048014,0.00032788888749929766
40737,-1.6338179201913317,-10.034414968045471,3.0070886727985804,1.2113317950267553,307.1540561376901,0.5421847427201518,0.0003278987549486405
40738,-1.0577067523315051,-9.337405904201114,1.5106289237275188,1.9703536148340328,387.7904657848042,0.6095300097209657,0.0003279061827687084
40739,-1.2277629645667947,-12.928862381839759,2.3952079281323644,4.86492479528428,616.9959872752407,0.7158741975339655,0.00032792017413409114
40740,-1.2725720566397118,-9.71046876586719,1.1842075227411484,0.9116415633521137,244.97632210780964,0.621697857108769,0.00032795046726943845
40741,-2.1911385785114303,-10.057760893085325,2.982180531361998,1.2122535741915177,154.97202089167155,0.4027530788800062,0.00032795551583212636
40742,-3.9661067105601644,-12.390049586644668,4.3834621702970615,0.8923922578868637,467.56976283829147,0.07387233729784715,0.0003279558563867452
40743,-0.39496039186449394,-9.091864264148562,1.6724467443706348,1.6651837051461864,467.76912358490443,0.3882935384917525,0.00032795706767142443
40744,-0.1472939206091013,-12.41008281616238,0.9460632171920204,0.5335950330511902,154.8485032816418,1.07709411600048,0.00032797396318518494
40745,-0.5494446704651494,-12.204826442546926,0.8976002854746373,1.7539770941501769,415.98508525034003,0.7741954761465459,0.0003279882776444141
40746,-1.4379039476540303,-10.643894518425219,2.723050004628882,1.0411657673922603,271.8353005074078,0.758995801984903,0.00032802593999194454
40747,-0.00696330952525237,-9.083324144379835,1.6807243023600376,0.9254587709301694,261.01427798664616,1.1923901090503524,0.00032803814340772445
40748,-1.107042913828197,-12.337424199132295,2.3542973701875525,1.1020371876316797,270.7369703082695,1.2399165652778317,0.00032807677883477435
40749,-5.5965495534585585,-5.547648436818381,0.5048162610877659,0.6404021656397464,158.13160897553237,0.5640948709325722,0.0003280977098882937
40750,-2.9765646154822925,-12.789557512911943,4.693806540110411,8.78765719131437,621.9997600227247,0.09526196073323145,0.0003281037759885421
40751,-7.719514727825663,-10.299490583732052,3.616240541022154,1.1007832381743823,468.02632774333307,0.8619894145319114,0.00032812936002659407
40752,-1.7251875065699078,-9.361243098478381,3.1045381488545862,1.8351690203936386,468.35140973272,0.5179919253538232,0.00032814733375685157
40753,-5.551938937158521,-5.690544917900984,0.5013522513528099,1.3750538055088337,313.97719625986235,1.0140185131271355,0.0003281709768056123
40754,-1.6016720918523681,-8.691466328642157,2.3819874782980826,1.128178032449125,293.9148762180211,1.1725301241346502,0.0003281767952320466
40755,-1.4130382009023492,-12.55792033614586,2.346501377670279,1.1451128124942016,281.41301084914994,0.5617722520512931,0.00032817762767814966
40756,-0.19604885719881615,-11.5220973670624,2.506622375384956,1.109499450306131,294.58837844553864,0.7851778504992781,0.00032817857798049836
40757,-0.0504953713701255,-12.144011931578692,2.0249415277769574,1.789717552037976,470.0453459007457,0.08768709132147112,0.00032818478356146146
40758,-8.83473295212287,-8.67948957017878,2.1937097770089347,0.9393091918294995,256.2476667589184,1.5402370461509802,0.0003281888783155453
40759,-1.9004543656386925,-12.789473244167887,2.403308265383288,2.807737688139728,482.0291413255961,1.3765430147444517,0.0003282077711188086
40760,-1.0034799569555766,-12.645897127095068,1.0536712379178674,0.874521440237958,213.11505755225505,0.08191158739917004,0.00032821240023921393
40761,-1.344993471329241,-12.837783797927575,1.019931178224377,3.2036034067941896,496.2315332482569,0.38431184426885867,0.00032822143241891905
40762,-1.2280263378877585,-8.914733718386264,2.0469987103217697,1.528128527298035,356.8503398469835,0.5052432385109062,0.0003282400863740489
40763,-1.2218341349682156,-12.99661795130066,0.9715262879845958,1.9901920108676892,392.2901686787662,0.8168085941477914,0.0003282458549430912
40764,-1.1056162803003566,-9.967467524654392,1.0382889112409903,0.7875560856897742,214.5705288006483,1.0970530510392438,0.0003282676745558176
40765,-1.3235274521278946,-11.22654643594058,0.9237882849012271,0.8716234526595364,467.7569620278355,0.881148192115405,0.0003282735347078516
40766,-0.30934709891715606,-9.776092066544425,3.0368012870257863,1.2023131621597059,259.5126228212575,0.5982239537501046,0.0003283283439618763
40767,-0.8181535266216837,-10.41341799016699,2.880285479200556,1.040685144567318,219.35249414445022,0.49761803926780157,0.00032833613318867876
40768,-2.4621944391345485,-7.775618158797672,3.3448392666744127,1.307163176686342,304.4569139274033,0.42851736049047773,0.00032834195236028835
40769,-0.45296632098296286,-10.037987751807222,1.0736406514765182,0.9439246512547737,254.4538640903138,0.8688027024499956,0.00032835037761061973
40770,-1.4489771917705454,-12.664592269876684,0.897564973523704,1.0083289437190581,269.11803589648645,0.9478393598602919,0.00032835319915195933
40771,-4.600640054722036,-6.8871216862187845,0.2719042974602997,0.6519912597492009,138.46288774723283,0.2546598696670195,0.0003283581664422696
40772,-4.255590995058142,-5.778752250704274,2.0227035431686877,1.8041245346978327,430.4569032884885,0.22581441874633867,0.0003283730893913296
40773,-0.4225537811968785,-10.616621549216761,0.9724689209340129,1.3407028309610647,320.16713719938235,1.6445439665059745,0.00032838486713614553
40774,-0.8794492004309049,-12.744878168184055,0.889235440005856,1.877752904781183,469.90674829676584,0.22922873958876533,0.0003284054302905654
40775,-0.5715190967957806,-12.790486783208992,0.8895773724618501,4.6487351807496555,263.0345065646357,0.346234452485251,0.00032841016124699027
40776,-1.4538831040354836,-9.66251548267258,1.1767919354379497,1.8527507441895457,445.28889384286083,0.5799952799632386,0.00032841586070842904
40777,-2.1095195030830425,-12.69835825355701,2.215762148984325,0.9498290263196983,192.22301048743907,0.33668826469364443,0.0003284245101056476
40778,-1.1558849944161498,-12.988525530516444,1.394452297527477,1.1253333171728332,289.47413484449896,0.6610980743558903,0.0003284345058368509
40779,-8.921195261404486,-8.497822569918796,1.4916000379011691,1.1234603391698197,290.6791736145194,1.2786792982220883,0.0003284389851246176
40780,-0.0438179669068095,-10.461520293680996,2.822656679527749,1.6757710486820638,387.76712549976094,0.20207934802546745,0.0003284634041719922
40781,-0.1889272756904976,-11.216864449827062,0.8849394158520029,0.83286718326578,209.11980773691508,0.5366795101239576,0.00032847634313137457
40782,-0.12305740990900027,-12.326074566198173,2.3371626202682525,1.1129870625359333,287.501172696892,0.6342870423873537,0.00032853589716608055
40783,-0.9567632569757052,-9.973669342237834,2.9220082510706593,1.0157665649347478,467.6580831049493,0.6271149980923623,0.00032854342573532697
40784,-0.43487321435574344,-12.364253861816549,1.0495277796729732,1.3882845352749582,328.18624406013043,1.8531568448147633,0.00032855043891549286
40785,-3.256261497450982,-6.4160550767080275,0.9334427733426168,1.8171997618176465,468.2699746536104,0.6435193825063488,0.000328565785318622
40786,-0.550991110774774,-11.826344837173092,0.9208731307662504,2.0721727146454803,413.3248072482677,2.072375679630139,0.0003285758832008262
40787,-6.419138986592069,-11.586539882080269,4.466666401256252,0.8524913050966827,184.9277939097146,0.8020678361045901,0.00032857643304392626
40788,-4.765206701137428,-5.815978797370202,1.385396595287062,0.9537581862759847,252.22415271211315,1.2595728741205727,0.00032857890570166704
40789,-0.4789564415078793,-11.602387005898226,0.8903133429015209,1.437674192968056,334.3176315100523,1.7016239791052241,0.00032859844487494595
40790,-0.9903591686612039,-10.448591098336802,2.8263607385555236,1.912703011218008,469.23931411484034,0.5946514177799243,0.0003286045248172326
40791,-0.8446044466698925,-12.897794981262024,0.8930450100425661,0.9056839910589953,467.8100120220734,0.2194015929755082,0.0003286088199946206
40792,-1.6786143247225187,-11.783187625475994,2.4522241898403556,4.435006638922221,538.0767749526511,0.1555778252203952,0.0003286100035671181
40793,-0.39237115162254455,-11.937394230961493,0.888768522030013,1.1953507998155541,467.4008717545406,0.3134968146459327,0.00032862470874139404
40794,-1.6495636394857591,-12.300653588581534,2.3538976917048897,0.8445254341343275,207.44604585805635,0.08583709853560073,0.00032863425952509934
40795,-0.8498313892071643,-9.696377675261104,3.042448875634444,1.6949981146819844,468.2927061287081,0.7955630749480145,0.00032863554039287625
40796,-0.4392907373592667,-12.401645247667597,1.0525790774340902,1.3626469605679017,324.41845174268946,0.30871622415094535,0.0003286704648317949
40797,-0.8391347133733866,-11.727022226308186,0.9457061948853275,1.105809543556828,231.0369079603189,0.017021813278402576,0.00032867410301942203
40798,-1.041031714256654,-12.44134094043361,0.9661462975894239,4.597189013430987,600.8671809094466,0.637093429874902,0.0003286803240372426
40799,-0.8760659659436492,-12.484748216877557,2.4267720072266328,0.8781103795388859,464.184772522146,0.9164463129368672,0.00032870960628457734
40800,-3.3228963160385447,-5.731871724932123,2.594915783238365,0.788296169842477,234.47427567474537,1.274661697872694,0.0003287572705806298
40801,-1.544214298721787,-10.290006002209044,1.0082378641716045,0.700101556668256,169.36908762676686,0.9708649114547745,0.00032876062947132374
40802,-2.0218788366905898,-12.981138335200317,1.9629805661886088,1.2600576488042337,174.12853589198886,0.1286150490622635,0.00032876451302874676
40803,-0.7178424418301397,-11.198489044062947,0.9455679426429017,1.7209933900400192,468.55610556895397,0.08141893804385614,0.000328795467962519
40804,-1.91512806115926,-12.531787201145232,2.1117348447994533,1.057698759342527,274.803262416229,1.193867122122434,0.00032882595856658205
40805,-3.4998182671088767,-12.448562632305258,4.368331631712993,1.7189563099422154,401.2285138448779,0.111274336758731,0.0003288369703912531
40806,-4.660722710166376,-6.4323255995077755,0.6378435041038565,0.79683357293921,191.26018321178915,0.24580323697543616,0.0003288734890337876
40807,-0.18966635265310217,-12.952886046982604,1.9733369424355993,1.8257506162329136,468.39546029372775,0.8338345423183897,0.0003289138924910983
40808,-0.44073791439539356,-9.327272297962153,1.4793611120511594,1.2168925310398075,258.86765520921284,0.0956436582786484,0.00032891737298043665
40809,-3.775936756464432,-5.750525814785318,3.4894431185579124,2.4713446944953863,454.8335444817938,2.19510573075667,0.00032892747933062897
40810,-0.8937145080833613,-8.627274534971296,2.55529121305653,1.0538256648079027,276.8514913263865,1.1743628433926219,0.000328959383549171
40811,-4.510252257137292,-5.858469675061969,1.5169200363157378,1.3620135104289581,325.6021008048219,0.5659318947253809,0.0003289693462833312
40812,-5.70575971594201,-6.1399909317030446,0.13382800240764062,2.3796222480336198,443.9877783407671,1.6910926311858923,0.0003289809383367206
40813,-1.2206278944114466,-10.026496339081646,2.9898535834781126,1.1244365375205858,292.97466230644994,0.9526798647303067,0.00032898151212815976
40814,-0.19833558582444866,-12.04465317383844,2.032388848035333,1.1531394298257986,234.94036498281105,0.00867937160817256,0.0003290148494914666
40815,-0.8251189610010794,-12.665636856362488,0.9726236681730155,2.29593759596778,437.2499191700646,1.9859275072322244,0.00032902253418836037
40816,-1.5839615484574505,-12.07798330773203,2.0257573667630693,1.809983426053324,468.6204927474552,0.7760981741882089,0.0003290315769048387
40817,-3.185886419106718,-6.2653764250305715,1.3732334460907831,1.587587661609145,369.65720382272383,0.18405789645928383,0.000329064902828902
40818,-4.958030570858753,-5.656867746335538,4.263831564653983,1.1020534207154973,468.3347678528456,0.5114782773351303,0.0003291043848812961
40819,-1.877841340118108,-12.342674503328187,2.069519789581145,7.656672118481026,387.7297580711426,0.21786754797467012,0.0003291145349403084
40820,-0.033747685657095516,-9.19849392644653,1.6002853345437893,1.8362482508132778,468.06609760400283,0.9380414110873856,0.00032911694969274535
40821,-0.8859196471846023,-12.855485558549397,0.9764112363261165,1.238903099889803,312.8815610163871,1.492109351937521,0.0003291504141328241
40822,-1.0618343148751173,-9.19069387042929,1.5392442074033073,1.3121204135453395,278.86954206022966,0.07072605321265701,0.00032915773291902664
40823,-7.010494095403667,-11.231228278947881,4.227656432079509,0.6884508917835279,147.42537959520462,1.0246373583168227,0.00032917549102940243
40824,-1.0604702362339733,-9.741502749814313,1.0837323045036527,1.1510175651360728,467.82600546135495,0.777619610817962,0.0003292195214049739
40825,-1.1277558826062695,-9.326739756344109,1.443015244653125,0.6369015703450268,181.52601937723168,1.119048592900433,0.00032923170465049164
40826,-2.0720645090682677,-8.6454296813591,2.3464687554614545,1.7484702554044238,414.72838363304993,0.6310106380372531,0.000329241090705731
40827,-0.4401869859239511,-9.603586048180047,1.1464855038539368,1.0847190387387846,132.1926041046343,0.36153206389837855,0.0003292538932465213
40828,-4.568365980105939,-10.540344191604706,4.836498738265425,1.8539321646808617,355.6610934336464,0.3648872312768958,0.0003292578198982637
40829,-0.28011389799681297,-11.950137546561535,2.0506115223400783,0.7614402207990648,173.31464171761795,0.8309243666315398,0.0003292651810212348
40830,-1.8501946192170866,-12.739148497149746,2.3299667714843992,1.8485517215181666,467.7346609056826,0.6363110787636908,0.00032929456476709344
40831,-1.2621324587158806,-12.01147660994788,0.9059831986450285,3.2300965176923384,514.2090078796001,0.9789722984386167,0.0003293071212525216
40832,-8.950522683386426,-8.070107458690623,3.8037394563834197,1.617211223356297,375.49771073139436,0.4713670082290946,0.0003293133820829251
40833,-0.30446303763001126,-9.777412150978076,3.029279492409563,1.1103155249150696,287.1819368014833,0.8713389585840963,0.00032931878356228986
40834,-1.8649301498882291,-12.507471255342088,2.419096315425075,1.64501318837255,469.5643624265324,0.21786279052103819,0.0003293222357983429
40835,-1.2371686957135513,-8.689162118313218,2.270729412395202,1.2168344208604203,254.51115697065742,0.08469601214330424,0.0003293535141987832
40836,-5.236293579720434,-12.401158923065253,4.409853864621247,0.9500922496847163,468.10234380196533,0.604568277787858,0.0003294006967310013
40837,-1.588430517873471,-10.10316239654765,2.965361528105882,1.5718115339186722,358.4669392069026,0.2916283447186805,0.00032941186849428625
40838,-1.9768373188853001,-11.966715886366154,2.512076581717873,1.883421957081716,455.17434884774894,0.16127365736428168,0.0003294188726157948
40839,-1.9102297285194094,-12.63211122817375,2.3311681423584125,1.3973792458272845,468.08243613482426,0.720865834873007,0.00032942875489406245
40840,-1.1939325532146938,-12.786977056852484,1.9434467464307552,0.7465436593829909,154.88145223563123,0.6257884666218709,0.000329447574187113
40841,-0.19473109904998864,-12.462067464918904,0.9741179260056079,1.4451634695033402,325.6012914949451,0.9396029893254454,0.00032946146441552434
40842,-0.9527364845734603,-12.079543111035296,2.350914579596203,1.2061070949742114,255.69267167431448,0.17241286749615448,0.0003294876773250562
40843,-1.1365494737557658,-12.043117132136983,1.0511903836769332,0.7099126695150965,161.22482621208758,0.2731855063688702,0.00032949834708888114
40844,-0.6306284877088011,-12.207906566162702,2.3575380025230572,1.1773101483459827,172.1384936748764,0.26250510455523646,0.0003295028240092127
40845,-2.0904590481387544,-11.180503229310794,2.5501093364525618,0.8818798101188854,176.05817250531325,0.24859750387679025,0.00032950690724260935
40846,-0.06276359162236567,-10.509780209944568,2.7959512877413295,1.103089725593605,170.31209161461203,0.3669987448254508,0.00032952805044851217
40847,-2.941448279333229,-6.207174484938554,3.24238309127817,1.4170265958359323,321.18223335279794,0.9779693102071327,0.00032954443100016554
40848,-0.5437551513210881,-12.854546952019088,2.1188687427691373,1.1752642662904127,303.95756637165726,0.5993133960810484,0.00032958149112602354
40849,-0.08349866034829567,-11.973862488409054,1.0497744857537863,1.1018094002390275,290.7056994434988,1.456007883984598,0.00032958445192107815
40850,-7.6069711779229845,-11.775172965913075,3.260752491581274,0.760268602255089,158.92752044278524,0.04387197424614264,0.0003295879148956287
40851,-1.0799501570835002,-11.944201019196854,2.046654241368307,0.9156432998999832,227.76886198079958,0.7752927480704006,0.00032961058069502514
40852,-9.559538627163434,-7.1479994873483825,1.6687656192908136,13.965924009158417,751.3258659098883,0.16282881424585582,0.0003296108123978078
40853,-0.633984836026368,-11.211294800415244,2.5589684210773167,0.9703501420535398,267.7084567907138,1.0166543984121406,0.0003296317640997185
40854,-0.329164627128133,-9.220312242774922,1.6235982575739396,0.9746900252117985,206.18718808391736,0.1679176680218184,0.0003296567933224575
40855,-2.1488131375843,-9.105595956475451,2.9439603002574857,1.6878166759592743,397.3517574179705,0.01209149410812671,0.0003296631334036648
40856,-0.07194429454263229,-12.3433906589083,1.014499675055083,1.7812654277477837,422.9694215379151,0.4371310507538313,0.000329680088596001
40857,-0.4949123926438439,-11.465124476802284,0.9674888814436342,0.8481787036671543,448.08947749360505,0.5318012710510045,0.0003297077208053447
40858,-0.7217798745135937,-11.935382291976655,0.860141973911807,4.307928526431435,536.32559511765,0.17187842430615774,0.00032971550933197293
40859,-2.242534265260801,-7.917173890372296,1.435865496773087,1.7481682139982313,414.55888735157737,0.011327711894032255,0.00032971729692355073
40860,-0.8016796077320798,-12.222789172784305,2.3541118971501356,1.1725227907519076,302.26732204994636,0.6797936190596099,0.0003297182297844382
40861,-3.843220512113761,-5.603208038909597,2.827032337229779,2.4907094650297164,449.5141677649791,1.0682020434532529,0.0003297352651577923
40862,-0.6719071229510316,-9.32777628857676,1.4461119834022726,0.8260111860823013,201.17914401544155,0.6950529929170495,0.00032975517801514
40863,-1.848403339889348,-9.697830811163936,3.056952162449702,1.2069578798536371,287.90591849304764,0.1507274750067964,0.0003297587551634467
40864,-2.029358497495526,-8.793312433757194,2.728357898502567,0.9907721292476128,247.79291125503204,1.400768520662444,0.0003297671817530063
40865,-0.5695046784590794,-12.851725691500535,2.116956490245365,2.2192890462039045,422.6384484775365,1.1261775175303068,0.00032976849399237444
40866,-6.4620332877689695,-10.756263793927141,4.688506869883252,1.0408025222411246,209.76671313098868,0.2151511416177696,0.00032979645862274366
40867,-1.6042143818960497,-12.775894000125533,0.7487735591511016,3.389771887555481,517.0139930003617,0.5577556651915918,0.0003298019990540723
40868,-0.5485805632837923,-12.325125786355873,1.0158123252748854,1.2589142907609079,316.39950257573133,1.4316990247690606,0.00032984377163615023
40869,-0.7511936996469917,-12.24822345882177,0.9745880652038593,1.76326780727988,418.06764558666094,0.23963390660490624,0.0003298508648303353
40870,-0.10620832121619372,-12.959600927120377,0.9282405454631292,1.7658258136311717,196.72716073630707,0.1973006631685843,0.000329882696501838
40871,-0.9205157809169311,-9.635052287813185,1.0953647557101673,1.4619553691040448,417.85267112852995,0.8074894320258865,0.0003298969115020242
40872,-1.451885973920806,-12.814141324416493,1.9718826530965416,1.2658066379194575,265.7814047665234,0.4385684423730929,0.00032990497176261526
40873,-0.7073538201570493,-8.620391490247526,2.500653004646026,0.9276272271532758,249.9314282492106,0.17341297383256737,0.0003299237027546247
40874,-3.831191682586268,-11.034519921098955,4.623779120617967,1.735745911280216,414.30867348109086,0.6565710673178984,0.00032996899045015937
40875,-0.5648286185948379,-10.1950777134486,2.933258162944404,0.7363873784319593,153.46432460586868,0.24907017216867988,0.0003299697520256986
40876,-0.9403103537427331,-12.997975813788797,1.9492657288492605,2.3326772735729695,428.6181221932596,0.708816639288127,0.0003299888253799053
40877,-1.8888060871551122,-10.46724288597732,2.8083482888327262,0.9262129650530598,468.5230165189752,0.14267210790252705,0.00032999553829760807
40878,-1.5120109325834843,-8.9154355636092,2.996764094503657,1.0730704475998476,262.8816708911972,0.5208398688957301,0.00033000154607223573
40879,-1.4103967485967726,-11.183182728821127,0.8973001554046577,1.116959021348269,288.14758821835215,1.3792638923588063,0.0003300037070399547
40880,-1.3662489217697562,-12.89622582529628,1.8953076073606268,2.772646067054383,267.5342840902512,0.45775025083074183,0.000330020336698864
40881,-1.1853374107727923,-9.116571623715505,1.7130403751608765,1.1282185168851087,292.3072407494139,0.7469429559002636,0.0003300281452895175
40882,-0.2167369575464555,-10.159399198959406,1.0718712516728317,0.8819625920941703,242.38080367331165,0.8121061682107831,0.0003300365249512168
40883,-0.8138508857896891,-9.333203179496483,1.444901204015597,1.2632882560203207,280.10654140864693,0.7349917381382909,0.0003300573692386907
40884,-1.4185472059763864,-10.280580154165417,2.850484847137305,0.7329170304805461,222.78825103263546,0.5791455419479243,0.00033005964091026855
40885,-0.5757031255385989,-12.087071124981055,0.9739572226071476,1.3045394519809852,276.5725176090702,0.944283344290981,0.0003300618384323269
40886,-2.106934339192703,-12.123232154841542,2.394349936334368,0.7967855652998195,229.39095982670182,0.9122940517871418,0.00033006347111527983
40887,-2.5855778929428377,-6.950152401868504,1.899716387314521,0.8465753030821176,201.6584635493398,0.42614883864081143,0.0003300661663173507
40888,-4.067352474388731,-5.903368286308276,4.157059298176682,1.3207354571219867,308.7894025538389,0.3394887373821609,0.0003300778422496843
40889,-4.665593543953221,-6.136811579385721,0.9160121447711267,0.7935506981752275,469.74069384261674,0.15974492732017342,0.00033009243708084004
40890,-1.814421819089743,-10.473952821745744,2.8048102203411784,1.2360974971725045,298.99866513481834,0.6382441141690913,0.00033012171296194014
40891,-0.7437803614395406,-9.2065961428032,1.5231774540751049,0.9486219450245738,261.9706478837178,1.5083950389097724,0.0003301380034158371
40892,-9.762541454589487,-7.038205030929161,1.9660923926161193,1.8469108449015814,441.00609326948495,0.49686091424139267,0.00033017183181146214
40893,-2.9583892648049996,-6.223275865670927,3.4603332796179407,0.9378077371442715,217.9556035009871,0.06090428381215229,0.00033017634358592534
40894,-0.12489221776966453,-12.887604167451961,2.108838843081426,1.2167281499127527,307.4763438266976,0.6637416844151902,0.00033021150645240086
40895,-0.9504946323844727,-12.974035860949169,1.9464439580426474,0.9428295536671406,467.91031751452874,0.23972192222904187,0.0003302216398240038
40896,-1.4303980447294595,-12.642501892447488,2.2731138254350083,1.0851925672881406,357.40483696282075,0.7210995937440874,0.00033023402061778856
40897,-1.5971923543812387,-11.644766264445883,0.7536350962872815,0.7071501612648429,467.06448004035974,0.4830854283979926,0.00033023895469292097
40898,-0.7092018863254115,-12.339983362341528,2.429113629946242,0.9043289335352632,467.50788440357013,0.5734400067137004,0.00033025313098400974
40899,-0.4359051311966571,-12.804016285870182,2.114893476522832,1.7007199251441139,467.8646708811847,0.23541917876625273,0.00033029033811885833
40900,-1.8754198128197803,-8.614865491030237,2.1987499744517662,2.389164126646505,444.8373390457145,1.6630123189248538,0.0003302904938951526
40901,-0.9907820521497488,-12.624797193166591,1.9403730551531297,2.2609772616468673,431.8152713985243,1.6119416319723774,0.0003302956113958853
40902,-1.9915213073660514,-9.137343469458196,1.6276076046541328,4.255435549387978,457.6817118963492,0.03190954030237769,0.0003303140813390115
40903,-1.5294773004507043,-11.374931939397504,2.4757249962558876,1.8439594858822865,442.4531251866833,0.5485445748278073,0.0003303331073799358
40904,-1.2567212823467475,-9.370565390745364,3.049843349849798,1.8788240068941577,453.30051508332775,0.08948102027247273,0.00033038169617272497
40905,-4.781890303025871,-7.176636146156961,0.043758422811608993,1.024109743486941,272.9146717852452,1.7914587039889396,0.00033038839709097266
40906,-1.1394152527837278,-10.493094862691441,1.0574300519471813,0.7819793905417856,200.21687963123316,0.30397341144868406,0.0003303934053225102
40907,-1.1342338278465878,-10.178240145972941,1.0711882432634106,0.6312144479663552,128.18126057070504,0.8084737922219016,0.00033040215924019035
40908,-4.16179466534415,-10.3087011357818,4.946290834476688,0.8299960102944091,228.70296531674856,0.3067413573328528,0.000330411013864951
40909,-0.1826460389633091,-9.624627922449083,3.0399098193574003,3.953448794139577,557.1475995940974,0.5241930944635884,0.00033042482868137656
40910,-1.229888652007638,-12.740313557776254,1.9692709899834988,1.629044382601452,382.17802735372766,0.9423835632680708,0.00033046960186807617
40911,-0.7301315547021012,-8.881731046486594,2.0588365299069977,2.504332249233943,458.88817911793905,2.644321415565863,0.00033047375557014895
40912,-0.39975867253508035,-9.087874074167058,3.077984149401887,1.2992687893760761,286.62735380736007,0.9560441685342251,0.00033047958786598945
40913,-0.230816612710532,-11.416027284964981,0.8874063426272161,0.7894083804673013,467.93837269161793,0.5026444197041586,0.0003304876183854632
40914,-1.9150483583834763,-11.870135550952616,2.3644738567642962,1.2907654090159404,470.1583067551927,0.13147658710768262,0.00033051397795562886
40915,-0.04824256279004757,-8.97998865694284,1.8810908106535427,1.5453544741250447,468.11532812257906,0.6523490174108071,0.000330516309195902
40916,-0.6147358133543221,-12.90663208488824,1.9477914080182017,2.764989704233668,336.52410455527115,0.04119539287988072,0.0003305532264279429
40917,-0.6017108931303472,-12.87221926105403,2.3152910587315816,0.7352949091705908,149.00804243741948,0.8473592878601144,0.00033056102118205453
40918,-1.5501062904475464,-12.90480010317163,1.9486130457328281,1.0702558284609,266.43246177802513,0.8983756561733776,0.0003305773679206965
40919,-1.4930233041245078,-12.93290131119123,1.8783866243596978,0.9217705440912546,179.64980985170982,0.10973394749566712,0.000330584526268339
40920,-5.5007394841501425,-5.427117367055035,0.6279028751344576,1.8457881806042469,467.86088890326323,0.36387469762992275,0.00033058913915556305
40921,-1.0488085663803162,-12.48546487505652,0.8872162587960002,0.6555639567901378,467.9151580468482,0.4316610901258757,0.0003305975860995693
40922,-0.6504460854232477,-12.788085810569093,1.9615576666179215,1.0798190329731414,281.2600055395816,1.871499701587088,0.00033061031415662645
40923,-2.012521154113996,-11.981757178090124,2.0346245949531756,1.5668601983605024,167.1669856662044,0.4023696879695331,0.000330630043972303
40924,-5.019904444837059,-5.088863697805422,3.18861009295941,1.528909055987449,468.0879631953643,0.33895815328928247,0.00033065108410175144
40925,-1.6915708214233813,-12.78682476817764,2.2194107902006435,3.242141553916586,501.71462780598046,0.4391114354575576,0.0003306690569766708
40926,-5.251901402709017,-6.102992046343308,0.6002993678939026,1.8883444871660444,468.7945669943608,0.1403467250956867,0.00033067513238036763
40927,-1.484916363367006,-12.781043327066199,1.8980000054703492,1.8260998498370176,467.4778192218818,0.22998024218829016,0.0003306944207714721
40928,-0.14331398945329887,-11.529576910078239,0.8865304695633895,1.3596683127022364,318.3950541312568,0.2437154641258683,0.00033075170750579755
40929,-3.661024718707865,-6.211821148891135,4.93440977714792,2.5421970898756414,456.70067511018715,1.2415271569368524,0.0003307556972612902
40930,-0.6015671951605803,-10.759629579626989,0.906344074618015,1.0763019277384362,286.7470374778748,1.3825465885963935,0.0003307725462600731
40931,-0.736918367055349,-11.220964180098273,2.629334250350338,0.851949368582774,468.7777256623041,0.1712152673253664,0.00033080872053450753
40932,-0.8796212917598965,-12.877563244629464,1.8805417127371988,1.015805480378223,277.2419968344918,0.8748633243158057,0.0003308201390527663
40933,-1.7156965850683399,-8.956290290238181,2.0616816581220685,1.0079147155317243,199.51786356176413,0.5115030758870445,0.0003308283843465463
40934,-1.2929570029299047,-10.128592008412866,1.0609228443580707,1.0454871235371657,273.7255521712969,1.737910137743902,0.0003308403517844544
40935,-0.9320459304286732,-12.808980577048375,2.10740042471574,1.104197112956661,467.8253439937098,0.7668275118087644,0.0003308720396195342
40936,-1.5836470240851792,-8.603531987255806,2.404091078921937,0.9707995601362244,468.0959817945047,0.7284824283412297,0.00033092664622450457
40937,-2.1045017456250283,-10.293358358685829,2.9080781463497765,1.2430761520948952,311.05386061732514,1.2023318894810986,0.00033095363009731584
40938,-0.5732797887904741,-11.392212908554479,0.9732676500847682,1.6713654978746264,176.14410843576317,0.25718919034433796,0.00033098226529783487
40939,-5.36663400088146,-5.049661598814761,1.3814207690385238,0.8688201842660599,467.7510942946171,0.6831265397427488,0.00033100311124626395
40940,-0.5932311768603196,-8.893821849676158,2.846310703711357,2.207780240651402,426.5137688910384,1.7519171075354558,0.00033100338376258076
40941,-1.9973073010551108,-9.016283673370403,1.9377132858520665,1.7706468121718602,376.87152697564517,1.732922801098245,0.00033100585273023434
40942,-1.2919863509989309,-12.722485662357691,1.9632976037594259,1.0677326390182684,287.5994191120669,1.00646420967447,0.0003310293902693035
40943,-0.12072268280062559,-8.660522473506935,2.4547442455212694,1.5980187435180235,367.1155974311782,0.2458847030018232,0.0003310446031074201
40944,-0.9007773050859136,-10.021780897625224,2.976158755316963,1.0056962389969255,277.315798785735,1.4186522570479214,0.0003310458064483434
40945,-5.02873460446445,-5.191276165146608,1.8293905673739919,1.1462808375046918,468.0923927029174,0.18930235531833794,0.0003310575047260529
40946,-1.248205778215942,-12.539014206069771,2.400448932202292,2.2217642462515332,426.22096877860326,1.4206361798388878,0.00033106405557801317
40947,-0.6316496295646985,-12.822967445379092,0.8991739294760315,0.8900611169442488,248.6383888988664,1.1745573870879644,0.00033108699181202386
40948,-8.273824473695274,-9.77308941067193,2.2838263303596875,0.6811932741012569,151.44103768430006,0.2441854092370166,0.0003311172970314689
40949,-2.6839318647323545,-7.063358103851137,4.051949351949075,1.5525139989531362,360.3136179572032,0.04132207625316031,0.00033112889121602083
40950,-2.1579836276228956,-9.614251475018609,3.0488782035247985,1.0755476243862496,467.65617859321907,0.900927248483538,0.0003311376269982493
40951,-1.0868407736408017,-12.695458178678315,1.9358007746370656,0.7136819806646185,457.5172436896829,0.3372983990095415,0.00033115085807625285
40952,-0.687479464465298,-12.276102127422172,0.8866479259314999,0.743433112978813,468.1297962853298,0.2490230206726851,0.00033115215482007
40953,-0.5916099768272858,-9.630795296416768,3.0558354578784956,1.700133496410734,468.6066090518921,0.8145615432784625,0.00033115752393390196
40954,-0.02138883856959417,-10.78119910499517,0.9402094328241697,1.0206265301387494,468.83380670512156,0.8563240091603141,0.000331160309964974
40955,-1.6247274168703267,-10.89748932919318,2.590222913869006,0.9597793274168055,222.15865546827376,0.05713163001884336,0.00033116661403401236
40956,-3.8701048666267184,-12.57202190857038,4.3603200114281515,7.46971544205982,498.7467491585229,0.05924691164770923,0.00033118508608129076
40957,-0.5256393324158317,-11.379849397003142,2.468232327921072,1.6262821713692512,379.20341150234594,0.813052696075725,0.00033120122619650845
40958,-7.545547091474472,-11.893536640828426,3.3639301748454655,1.859491642978221,445.14833161028645,0.046276479583602814,0.00033120915677018294
40959,-5.66695791808676,-11.10332078260565,4.65055626864745,1.4562855125551741,333.0648592607881,0.5048391149353959,0.00033121094309888677
40960,-1.2230233157636174,-12.708515092885541,1.8961729939900294,0.7320909085711353,205.32658746188133,0.48806063200865335,0.00033122170038912417
40961,-2.200495675042868,-10.244637018123065,2.8830692102493387,1.0320453011887138,467.73697215567756,0.18150188829391212,0.00033124607901729314
40962,-5.213499719590745,-11.109597193816409,4.637367235382239,0.7982010997483882,216.36441369811462,0.7277477043307208,0.0003312787829834132
40963,-1.0901903831161022,-11.20869342058077,2.4780647613072433,1.8939916505127248,469.22176398701015,0.15141064764970835,0.000331279726031994
40964,-3.799515357351205,-6.3123758539392005,1.009420782710442,1.8150885187798125,432.95346683999196,0.366913452435786,0.0003312875491459708
40965,-0.29986388665452246,-12.225218958491345,1.3912353904646009,1.115603864184823,295.10222627453766,0.6433919875091805,0.00033128778197028707
40966,-3.520645493223604,-5.674046184361452,2.3986733985547293,1.3883912212189906,313.1050559223385,0.6372467232664532,0.0003313011899374228
40967,-0.19726513018688863,-11.949533849312285,2.0601599313083234,1.912831553077483,468.9777658462205,0.6019646983242861,0.0003313021575012079
40968,-4.899834486525134,-7.0196511014043805,0.11261901261696264,3.0303228512311247,418.4209267893288,0.11199083052623138,0.0003313066828733778
40969,-2.0310187825435824,-8.935600613204752,2.902044520246475,1.576150123576892,265.0083740271013,0.047158231504966786,0.000331312669363968
40970,-4.131158996478536,-5.618028908234995,2.181396966637072,0.892028510860955,468.22702029420697,0.7678227717380581,0.00033134330916707763
40971,-1.321762627054886,-10.447401365939182,2.8048718348483086,1.1481593954056777,293.83942315654184,1.0060401979475584,0.0003313491888746895
40972,-0.30022998627883446,-8.987170437936898,1.7495062510309871,1.78821422063268,468.48422961120434,0.1498991582297302,0.0003313493271878131
40973,-5.901838958246449,-5.356972610063555,0.10201022937888704,1.8728316642577347,451.73435605164923,0.08797666238933388,0.0003313538062653168
40974,-4.640126912173235,-7.164021105448333,0.05047637230300951,1.2404615866735897,311.0131181596835,0.42039071988774435,0.00033136719530993164
40975,-1.2260825716321921,-12.512096708518639,2.093024022600569,1.7820582764926325,468.03188449437937,0.33051618366800284,0.00033137489162652424
40976,-0.6172170500761816,-8.779244644448598,2.772007177925818,1.2566479098213574,466.280054491078,0.049146247429199263,0.00033139297086810934
40977,-1.592745168829886,-10.036396995866154,1.0707670051820788,13.46235256996689,350.4739397165532,0.28702787282005193,0.00033139684581483844
40978,-1.2254619130069386,-12.527685036012546,2.271593211264387,1.3169927355844784,468.81641458166723,0.25644663286555147,0.0003313973815283387
40979,-2.8472638219955257,-6.9545908732010036,0.5488251870492149,12.883046808716347,566.3364679250652,0.07257124382295466,0.0003314097122371915
40980,-0.09799553543878936,-10.783729039362463,1.0501805790927292,2.449663748541298,452.70612983776067,2.155414380268069,0.0003314191633833942
40981,-0.5699070239598409,-12.83102130046846,2.072673517109286,1.054107732409839,224.14657655679542,0.6354512242948758,0.0003314256853537416
40982,-1.2032457019868747,-11.111627909801998,1.010664551048698,0.8849659949882318,252.0080189600578,1.125961783387453,0.0003314311650344658
40983,-1.2623613280323003,-9.228278768098221,3.032319256163354,2.0147283550978274,407.2705225080249,2.092262124175387,0.0003314370615322805
40984,-0.4734651478400327,-12.137625124563424,2.0703315122901493,0.8768724272621099,213.7296782619684,1.048402424080705,0.00033144542888538314
40985,-5.2043319455099475,-5.734259970994583,4.7840598926129045,1.7248831491595393,368.082978685561,1.2641818306621104,0.0003314475417261407
40986,-0.9056990297735279,-9.691179729232346,3.071821936817171,1.8100561058514675,355.54158795013353,0.4779902638888709,0.00033145404722222934
40987,-0.6731005587034478,-10.818540203362481,2.607254543901937,0.67998933579637,150.85884702125944,0.6198318420782938,0.0003314617782741116
40988,-3.5118558504493294,-6.115136104143839,1.5396734323140857,0.8517516821936113,467.6882150821006,0.5141558830124113,0.0003314689216767329
40989,-5.975989667812752,-11.62210528552866,4.51978932992864,0.9839598197002393,273.08735429998995,1.4351634440970962,0.00033148129858520025
40990,-1.0822223933211959,-12.732130342775145,1.8865369094101438,0.994191190020267,467.64961379900507,0.5846719147156136,0.00033150448180734894
40991,-5.3352297800247035,-6.007039668100764,0.5252959495202554,1.3369427995117793,468.26341156060806,0.17610715490021978,0.0003315095580763019
40992,-0.27523979525977715,-12.686819188648549,1.9561285177263394,0.5789633891419691,123.7902895819745,0.824518996166451,0.00033151556610558564
40993,-1.5383598106269964,-12.706302619616617,1.9107332058059836,2.3904233179076924,440.2774598495017,1.0081372827147268,0.00033153844824261906
40994,-1.578875795051081,-12.6159459128072,2.2248565217517333,0.5030073325030778,152.9995889439915,0.8287484930299263,0.0003315751014678849
40995,-4.502522536807733,-5.39165660037463,2.457539546819319,0.8750294334972493,469.6826374099281,0.09927472829092743,0.0003315781967210278
40996,-3.0815180855275948,-5.942862707334202,2.179448994581329,0.8840701704872229,179.10547485432795,0.23538023473491965,0.00033159049728807735
40997,-0.17336343427447432,-12.04579740261304,2.3650836052540107,1.8681623657482342,447.67843741234947,0.5534456453723493,0.00033159243681386
40998,-0.9338502287796011,-11.64058046948989,2.374616612223568,1.7592349930506925,416.22532540670466,0.36383668572850425,0.00033159949510144635
40999,-1.7000017283638762,-11.271958319410794,2.551045518796821,1.762408776364505,467.9299970874838,0.3442207818805203,0.0003316214521907193
41000,-5.190722294322888,-5.321793903377646,1.281289672806741,1.801176159070333,176.47712821217402,0.3016989607023399,0.0003316519681713729
41001,-2.39217359278972,-9.02908776833591,4.121661110030134,0.831351917529798,172.08539049589345,0.5300452257506647,0.0003316723574089845
41002,-2.969432708086477,-12.978720477474852,4.688305081190644,0.9976608309768813,466.94869613042573,0.0635945531081914,0.00033167780979181255
41003,-5.194884245920885,-11.315691754607682,4.579877482906405,1.2366215110873415,452.4497751066988,0.27994017760249523,0.0003316801106258039
41004,-4.520340006517268,-5.631228225508849,3.5353104009157885,1.175016550721131,299.6140794392227,0.4283597155971952,0.000331686122047791
41005,-3.9057478272189927,-5.91701210920161,1.9289623059830845,1.7224401614280442,470.2434476143614,0.1873855880330515,0.000331705010736382
41006,-0.44711574132343834,-9.431917966789598,3.042290256168613,1.362105965469758,328.19870271166457,0.9078272129077627,0.0003317067156775684
41007,-1.3227609353605665,-8.65821254545519,2.3580729079088654,1.6941214902704151,398.1235390111874,0.22098655632036568,0.0003317095077430224
41008,-5.074601507793035,-11.265512720748989,4.588349787721935,4.930421473969791,570.5412966350526,0.19332784168259298,0.0003317635741290685
41009,-0.6429101112590523,-12.694360486979754,2.107312118532424,1.7693783999982124,361.62861402560145,0.7277166763830083,0.00033176448324622257
41010,-8.100213098076546,-10.380764284124728,1.201340618281469,1.0617114988685379,276.4431803583563,1.1467082280486576,0.00033176462934614574
41011,-8.105469997765894,-9.55700416312835,3.368048468525287,2.5582330896658134,462.7506281592166,2.129965412524588,0.00033176669083449843
41012,-4.716235768554942,-5.234325552619587,2.292555866081873,1.8505922910692574,468.19616411697433,0.29591057470898274,0.0003317875501102276
41013,-0.8518248953910597,-12.587318231845119,2.3895272599531916,1.9013422301004033,468.64559118021424,0.32524958015188776,0.00033179503506800993
41014,-0.20185121102726455,-12.370849284228479,2.41246304202597,0.8113925804846872,169.53382159147213,0.011926775367103737,0.00033180564319815133
41015,-2.3088472607387427,-8.540690245526745,0.6723914622297616,0.8489496532199625,217.73684599840527,1.158112135172356,0.0003318331507791769
41016,-3.9739031594221528,-12.771958110145961,4.347409823634226,1.0829955157920754,256.4995573193907,0.26074356385488606,0.00033183967989195627
41017,-1.4646539847182467,-12.55524518488229,2.1204678195676374,1.9089779433449976,467.79433887327895,0.4713150548886942,0.0003318622114945587
41018,-4.87481829357815,-5.475986349992762,3.737183871918903,1.0946194082272986,288.56666707942406,0.910177786619073,0.00033188617747397143
41019,-0.17534118362084428,-11.207404596296698,1.0536500869718826,0.7961356084429257,468.5963888710745,0.43335791183307837,0.00033192403561991483
41020,-1.2564305124442345,-12.597570481997382,1.898526063969607,1.8190397359356534,435.5307266799094,0.8048339714228332,0.0003319299142698796
41021,-2.166418664200563,-8.824233179198181,3.0716611695650773,1.0232098242569683,278.8043419882536,1.4056183016282162,0.0003319468863675496
41022,-3.2319420193595496,-6.6249429851629795,0.790830611105513,1.910050932498342,467.9161084790111,0.6174627387756653,0.000331952366884519
41023,-1.8436397478996476,-8.945733008421922,2.9021465674114677,2.0579731495252274,387.8935621661824,0.25999313757821696,0.0003319788032413176
41024,-0.2233909169407724,-12.89790041479508,2.320136039807954,1.582600890592387,368.32571209162546,0.050171303787827526,0.00033199613283776036
41025,-0.8897254977816527,-8.92034420171037,1.9092662133558151,1.1092532440246132,467.1167333251774,0.6530280420506065,0.0003319971378761496
41026,-1.1574649444622924,-12.571752901667715,2.2248225039618075,0.8529042339368915,468.7042247159908,0.21967362061655393,0.00033199941489314776
41027,-3.471930671044433,-5.805771501444542,3.6398737175399214,1.9038510110998739,464.037604520294,0.6532784894531956,0.0003320228358603588
41028,-3.0608927860052857,-6.120105102715022,3.7750962824742405,1.4365382541870977,468.52328863963794,0.6647990164307727,0.00033202410131223176
41029,-1.9877718657043406,-8.674660673332273,2.2304111373124234,0.807813768317915,162.49653620942263,0.5730994057974437,0.0003320276621782921
41030,-9.55888229050187,-5.051774851006668,4.549020676435406,0.7383681392181332,155.75830254475505,0.12073805839259766,0.0003320303858315759
41031,-0.21603024834297457,-12.583181633096796,2.223615593871059,1.0010186907116498,262.7126057364638,0.9485421023843701,0.0003320327342431262
41032,-0.808988033347994,-12.169590296964241,0.919237525865796,1.7964850898215399,469.46052313646857,0.18207349906569714,0.00033203504980348566
41033,-1.8747006719990864,-8.946957330814495,2.9021372535432715,1.8809711326997123,469.90959397514865,0.156244660513706,0.00033206286516451766
41034,-1.7161424101866878,-10.755100036196694,2.7487522612306243,0.9901358805517608,468.79914459954347,0.923185926409781,0.0003320733857440984
41035,-1.0370673101925227,-12.668724996382007,1.9490444596917151,0.5724569414754646,181.44971904057857,0.735119032184504,0.0003320838001450139
41036,-0.17326021846128903,-12.795831103122813,2.3083080226357713,1.390135751458704,335.3731692851654,0.2983020089368269,0.0003320888111624897
41037,-1.1614821071969033,-12.418045444893307,2.4046827223172653,1.4883544986344388,254.81397630532678,0.018847620377630214,0.00033208992584539605
41038,-0.5102130297983258,-12.50362883605063,1.9731800493829619,0.4895719675721421,101.4388218281655,0.0074855282343975205,0.00033211304275003017
41039,-5.515874841385354,-5.316494449694481,0.670210524961853,0.6423890224049658,175.35180337393774,0.9420715115334648,0.0003321281071817188
41040,-2.0362846763140094,-12.889756076551416,1.9598508990080021,0.8003636223861048,467.3138622056532,0.5247248411136747,0.00033216295330420077
41041,-1.4258803271990335,-8.952409226646383,2.0530759963219,1.7530745663297553,468.36686691898257,0.9379518332705477,0.00033219202456569695
41042,-1.5871295000496808,-12.328474043817645,2.414003996465831,1.5742008491509871,324.1064355514954,0.4701351483137719,0.00033220501337391484
41043,-9.579061651205233,-7.265338461220356,3.8832561473121174,1.2489590131367019,304.73659874457854,1.2787775464267854,0.00033220773566768074
41044,-0.7198242141268221,-12.696198559596036,1.0643445654664212,2.225741290946089,422.4519223102043,0.9935581589723972,0.0003322470459070151
41045,-9.770738138873515,-7.328819707555205,2.3506234000087627,1.0696931077218126,279.5302632530482,1.6425700535351009,0.00033225458184577196
41046,-0.8255549898779329,-12.383046911138246,2.1350584843347393,1.768117740600144,468.4778366888401,0.5698574830877048,0.0003322766090443411
41047,-1.991044106579487,-11.67336937883434,2.0453641411356496,1.8498949944893348,444.10754507099665,0.4348034671927108,0.00033228324879686533
41048,-0.13145292522766816,-12.55993089544226,2.1021987634137593,1.2115976300462818,385.2641351842751,0.08242168191990107,0.00033229051638452504
41049,-0.7806634567827224,-9.403794161579258,3.0564321208597915,0.884505224164963,135.98655665536677,0.26779790985054674,0.00033231796042696793
41050,-1.9254124975849756,-10.36359002657718,2.866660917138582,1.8148419377021754,433.1985769361073,0.28831265519173943,0.0003323217233370649
41051,-7.336364128469395,-11.727049821654747,3.745499061100707,1.2682030540326177,290.00742562740845,0.3660721404430589,0.0003323224744426766
41052,-2.115209791378012,-10.997448587228249,2.640445694830268,0.8829949462256991,467.8281399797001,0.28853965357863487,0.00033233078038134574
41053,-0.24444235324914843,-9.483990642091271,3.0569869192559547,1.7141501920097557,403.9188397245837,0.6879398650448332,0.00033237914898304226
41054,-0.6749238833208366,-11.053132529560212,2.6669072945220047,1.83878138498427,468.6436025728246,0.32319523033373176,0.0003324019414777138
41055,-1.9946364345772274,-11.318758293471085,2.4763758526803024,1.1077962347435482,287.01378045583607,1.5004195223779337,0.00033241498289713505
41056,-0.3299621106587285,-10.431701358791017,0.9869699309876347,15.458074913556578,832.1021931277288,0.2509101216085021,0.00033242882556950036
41057,-1.2534768892610728,-10.07231896017258,1.0157565829883566,0.5421267138338302,168.56248692052768,0.25751231706989497,0.0003324372802906111
41058,-2.1606566336130193,-10.80815341613654,2.6574645262325696,3.141929492812425,492.7829365744173,0.3677774207111453,0.00033244235234572997
41059,-0.5206491208502388,-9.250666003353405,3.073191845856649,2.543639614398148,457.75985845784174,1.3673867021904904,0.00033246352900637095
41060,-4.981003757784503,-5.091640102008644,2.858998369030941,0.7352744158091917,468.8151810453175,0.32945081014364597,0.00033249561564087577
41061,-3.6095743192825758,-12.547709086298209,4.357175147215099,0.7519741396045118,468.2839073140207,0.464803538967379,0.00033251392148733874
41062,-4.951516092184615,-5.629268652027716,1.546508835901563,1.9763632449969626,396.9955527396452,1.2367823821862833,0.00033254558985626475
41063,-1.8184684460478593,-11.778908327896904,2.06623081427264,1.6343018836978624,381.8049028375519,0.10126089695156537,0.0003325655875143772
41064,-4.9205859754732355,-11.340880605092174,4.563459712457783,1.8541086156964584,444.71898104394865,0.26222105718946764,0.00033257418371047395
41065,-9.325878994977005,-7.588511438087643,3.8893542836505954,1.078154860297133,467.18949609193396,0.4726511460422129,0.00033257442304877774
41066,-2.836936663116971,-6.579230539528776,3.716794118261216,0.8890474512773893,468.03626341176084,0.3842426651551216,0.0003326189631527016
41067,-2.3300509226467936,-11.311221391586328,3.7728768248591913,1.6270049151926747,347.06312583081103,0.8629225376971936,0.00033262120659023864
41068,-3.4921767707419065,-5.7104027044470484,2.506094489557342,1.480094450934348,329.6916252787895,0.08487626608482657,0.0003326327064577262
41069,-2.041285130721108,-10.362598366095717,2.9875143970291007,1.6629858299591815,467.91392795720066,0.6127692809051135,0.0003326402393118086
41070,-1.2654945300890859,-12.748652340418897,2.307197070282572,1.510773754815796,339.44954616788846,0.36358616110128406,0.0003326502300648553
41071,-0.737756908106963,-10.998232047810053,0.9388666281630811,0.7770479250642841,181.33551072615774,0.4251645181832231,0.00033265907397975235
41072,-6.818840488674747,-9.723551950180735,5.145520172105864,0.4917326980413247,153.0457015001767,0.4150917222426349,0.0003326597707965283
41073,-0.38976193069641596,-12.71001271107565,1.9296665845659617,1.5231677480333194,361.17667153831366,0.5610101969205958,0.00033267239106099544
41074,-1.6492386995758164,-8.685692080116112,2.2039281823317727,4.0884552845740965,418.05579423858336,0.0037047021026062055,0.0003326949174352325
41075,-5.278576408732706,-6.664534523095436,0.15314075552101006,1.3329795168561,294.4978663409631,0.7162819225546917,0.0003327010176720357
41076,-0.8038969874584367,-9.753280920022705,1.1308206658049749,0.6933939650051976,205.6399944328863,1.3513840318679806,0.0003327050152592074
41077,-0.17387372154050773,-9.368163736719044,1.4531331402322263,1.3268128992656267,325.47999297303863,0.4279744901199729,0.00033272486434155266
41078,-1.1247353523524701,-11.944397249699895,2.352317625829254,1.4454777670214474,457.9893345431633,0.2619909810020795,0.00033274355113243714
41079,-1.3026838837762504,-9.550623815334406,1.3747338739333028,2.5390377141323546,445.7044736497565,0.2414611044700301,0.00033275610604636193
41080,-3.7135322836451854,-10.886429722679138,4.670675082263504,1.8870981356882288,467.6777991173659,0.07583570960712382,0.0003327643610669788
41081,-0.2544252484664362,-12.358713585549172,2.4055547910549233,2.4548732053559084,449.66046587553217,0.3923636087897604,0.00033276707099325124
41082,-2.1371400016021402,-8.524117940539426,2.5009794762346216,1.19486274348339,261.6229830856178,0.07276146115673843,0.0003327689342055302
41083,-2.420928516188397,-9.977945618397648,4.888934239977145,1.718483706276579,406.07144737531183,0.6483989221636071,0.0003327933417296846
41084,-1.5201878306073144,-11.812198714380251,2.02888317435527,0.5194540348301405,110.72391171957946,0.444813013096061,0.00033280080622948585
41085,-1.2859660860537385,-12.467871876913103,1.965682694267283,0.9527158576366456,468.2424095288893,0.6617581972630502,0.00033281480435852305
41086,-2.0369457179604122,-11.581479774108338,2.364067709110907,1.1424117453639664,248.0917713532746,0.8988519273449374,0.0003328212507402122
41087,-0.03479160343108134,-11.54029378963926,2.456759283625319,1.483154458557162,468.83312606795346,0.289549553981133,0.00033282190581743426
41088,-2.402137518533481,-10.616773668487802,4.761370779167864,0.485964801815686,122.16496696508698,0.8587475134713065,0.00033282395579584215
41089,-1.011743397246219,-10.344665598660502,1.00076747319128,1.012647065226674,468.29056729980994,0.6258594115406586,0.0003328268377335921
41090,-1.8764714240382379,-12.1207782529406,2.1189135555046517,0.8151317570428658,167.9904746466037,0.027300785867238275,0.00033288179358254846
41091,-0.010090824775941698,-12.452464315535629,1.9672658703043557,2.4578403320111857,453.9705169171796,2.328180851845599,0.00033288451135954453
41092,-0.8377493780176302,-12.230387516434483,1.8468326921619316,3.6079710508257197,338.79627713910804,0.09548056340424882,0.000332912657763129
41093,-0.34519495213891993,-8.736574785599405,2.594723248339025,1.0315344712915824,467.2486028136678,0.47397762790929665,0.0003329456915120662
41094,-0.41323349212823857,-12.447597997449686,2.1200882826911003,1.7301061626004035,469.75543819189966,0.16744931002661545,0.00033294811983050783
41095,-7.954500506831352,-11.305007767315956,2.0785099292870823,0.5854695639019553,180.65323080110366,1.190720569524637,0.0003329742249589957
41096,-1.2431131663364408,-12.520184578081944,2.1113460886297744,1.0127637219626757,234.53704926541704,0.5493890105594605,0.00033298593246584445
41097,-1.13373817093467,-11.06142430124624,2.6585266187697254,1.8090604761994677,468.18093900049746,0.3987147122783723,0.00033299231125653476
41098,-0.2986060823785053,-8.655879437592803,2.54030331913679,0.8401785781269783,379.55429705768876,0.22407900246088897,0.0003330097205958519
41099,-0.5733059908215097,-10.118557245452884,2.934019543581553,1.8154501377807641,433.3799696869977,0.17121084703712608,0.0003330293918810242
41100,-0.3583303117580545,-12.95997372529841,1.4967512053903451,1.7625258777428798,417.69705783598675,0.2428242136544796,0.00033303973845805944
41101,-1.6730064758597756,-9.002761809053348,1.8882269585585314,1.1440434606907035,294.73933971280366,1.3209365727783702,0.00033304236562251466
41102,-1.0952692549620373,-12.42597216889298,2.12114821551525,1.8479912628463486,468.57006838052126,0.650947075594968,0.0003330790145877828
41103,-0.46908012797733,-12.786760757550134,1.0451159923827633,0.9303241162554692,468.2726762246545,0.8398189456603156,0.00033308319188105957
41104,-1.093440636679727,-8.970748702263329,1.928451380499762,0.9586461088917988,467.6471115395254,0.19925935652099191,0.0003330946593342138
41105,-0.7832051458316762,-12.453188324568389,1.8977504025085477,1.7459332718561908,414.43878576942944,0.2846537083544396,0.0003331000658247545
41106,-1.5372824930191271,-8.654412947199717,2.5315064637075433,1.5561445433631915,468.2835010101417,0.5372392149664398,0.0003331185129040784
41107,-2.1192536368212442,-8.324631139450467,1.0220261171248644,1.6010374759777004,352.7872299001425,1.273268251979343,0.0003332042449228317
41108,-4.509347244926784,-6.300987100970557,0.8466267451973026,1.7675138257097764,418.6636160669411,0.4849436410526282,0.000333204327356932
41109,-5.396385911001914,-5.487022571879272,0.7759127524508566,1.1631265129583586,240.39161909921071,0.397215802956814,0.0003332064122653509
41110,-3.7647572258883937,-6.634732595142137,0.6496754254391375,2.6594950547839527,461.156717087177,0.7908417537557577,0.0003332523276189921
41111,-3.207027486054356,-6.056371242665965,4.179086254063025,1.2194533851643055,418.6111464831683,0.3986104218199653,0.00033325408652540886
41112,-9.810169818317899,-6.8324889996862215,3.9098386660403146,0.9044076990332001,467.56379881279094,0.4117536472511967,0.00033325428541895996
41113,-0.4353188660801717,-12.366390214400093,2.270795427315458,0.9583603795212786,250.09570976855497,1.276541183707451,0.0003333038451000514
41114,-4.733941753072509,-5.271368692362904,3.149036901451057,1.0086003058143431,275.6934759273847,1.090838243156817,0.0003333092419407854
41115,-3.800871354191467,-5.643566905803975,2.387137101335066,1.646112742347325,382.6890116327564,0.0008758300887601322,0.00033331087356725485
41116,-2.0141904574601153,-10.575154061544012,2.717161637363177,1.2947007885532855,304.57097390480635,0.26443449704835587,0.0003333220864966879
41117,-1.3736753139856575,-12.349408248133974,1.0379111891525667,1.0140344758067505,271.17478330203187,1.8005816175010132,0.0003333433046656334
41118,-0.6200323637962875,-12.37696288366628,0.9831848806712511,1.4154633817108677,325.4079484885694,1.0914593928444054,0.0003333665803227744
41119,-1.5990127939500134,-12.908062628013251,1.3838567144838383,1.2978588661466457,323.37092001214074,0.41807139582265673,0.00033337297129096445
41120,-7.753157501987026,-12.419014039853204,2.7408941192679563,0.606893071878634,123.27878509448207,0.5815319514495831,0.0003333750039706946
41121,-5.254430090783569,-5.13397753450761,4.027120255850114,1.8786751980960281,468.4768881777147,0.5466848843263303,0.0003333776389980685
41122,-0.089571462277938,-12.278016772744476,2.1360663685972896,0.5794140838595501,133.19227333675977,0.7412820878247919,0.00033338054672982074
41123,-0.91238838823209,-9.815016092102418,1.105761367016535,0.9393833726104471,213.5141983180135,0.12194397619830522,0.000333387844080224
41124,-2.8379186323302523,-6.547836521295239,3.8238064022252782,1.706174412938527,401.05293228895925,0.531353818982188,0.0003334037667449661
41125,-1.1758336004813792,-12.933731840942528,2.0832475417686775,2.7496197478964866,480.37269478888703,2.2716013063840963,0.0003334143602695344
41126,-1.141098836061957,-9.801941262213155,3.021061872001238,1.7044586011749567,468.5443791310078,0.5683577839669391,0.00033343039928397064
41127,-0.8492629831687264,-9.331471120675134,1.4647796178303782,1.8974773010667227,468.3161982340737,0.29141272040612165,0.00033343334557618063
41128,-3.969110863768245,-7.170168499838487,0.15177736379966056,1.1982989156003074,308.3747814761076,0.5701832585025217,0.00033344745971116346
41129,-1.0591258168895283,-9.532679488604042,1.332291752408931,1.2819879117093467,314.4298996759503,1.7873765423312866,0.0003334498408497491
41130,-0.8147150535857364,-11.011810574415291,0.9100590745305073,1.251033545016235,469.7941219280249,0.14153954254052703,0.0003334506356831307
41131,-7.849247301598668,-9.89402544231833,3.6465449324413135,0.9997892980272377,266.01960479464134,1.2789060660936764,0.00033345928029355083
41132,-4.531605999654673,-7.1469245887428245,0.09058116200996467,1.0006464614640593,251.57369616056997,0.10890112666265317,0.00033346088940405577
41133,-3.2907582170466165,-10.694372857438935,4.7491846011257834,1.5365014869891718,345.5477879811452,1.3427608008266576,0.00033346490238074885
41134,-5.8486068295878875,-10.944641093190214,4.698922683147058,1.1066039386323734,175.10593445139781,0.1680258959592571,0.00033347110371618923
41135,-1.0424402361599725,-12.814287138396972,2.295415332413066,1.6830114405186414,394.12098991958567,0.10291559729226751,0.00033348299516894607
41136,-0.7061679487693322,-11.97305895060712,2.3570657797879933,2.2907206980380432,432.86706536826387,1.3828919092848038,0.0003334868356003358
41137,-0.26922937644410716,-12.243728423372392,0.982519195188077,0.8669840504807412,468.1108766862915,0.7369639239697081,0.0003334894631820129
41138,-2.5928943310536434,-7.67112240492226,4.440801626939481,1.9471705722718777,397.71339489770827,1.7249593577747389,0.000333505447805468
41139,-1.4425389149863381,-12.800014017871533,1.3829729157120567,1.1236803263483077,466.09226950197524,0.7025946704309307,0.0003335107677457271
41140,-1.6475507224811174,-10.264335989290116,2.910030349665284,0.867161666223895,215.99029067394443,0.8476244769786678,0.0003335128661575288
41141,-1.308821770130093,-12.499951218491216,2.1069660443249965,2.910881574383622,489.87250984592043,1.1833328141427897,0.0003335197204848472
41142,-1.4280931027771775,-12.585839171776694,1.0504312347390823,1.7837834745309247,425.4722320114924,0.9029088474958114,0.0003335213791353748
41143,-0.4838531241449946,-8.97200040727459,2.0316487582003417,1.1814785426111902,300.0883321546476,1.6069321637075964,0.0003335215236166953
41144,-0.055348355899688784,-12.854894848134252,1.8042732411546267,1.80066970417883,469.92899304099296,0.09142536132668422,0.0003335258063517907
41145,-0.7703539972462234,-12.827085051920118,0.9385581848628562,1.7730912413461692,419.2113926724785,0.17971160592080526,0.00033356280117732964
41146,-0.7060892797362932,-11.767729847709841,2.027270381480428,1.4830209466102122,331.26590391075234,0.8920343579521397,0.0003335767298594451
41147,-1.2415292095808645,-12.906000632640113,1.992554184527365,1.8302449850427744,467.67622599888966,0.27628158488840615,0.00033359334759859463
41148,-0.47027670583039516,-11.05669312664629,0.9089575991036748,1.1329000956110953,292.4962637868755,1.7290581743787152,0.00033359339840253837
41149,-0.029317381258605835,-11.216146130897654,0.9391704962872683,0.9218064844505505,191.04293557669436,1.0762202897835875,0.00033359934599102746
41150,-0.18983388941775559,-9.670932327230734,1.1483996110300927,1.6868944874123732,468.0557065255006,0.3077717782429614,0.0003335994588235642
41151,-8.879273139803761,-8.215752561215954,3.6535597837206146,0.958607853920557,190.1786557976389,0.9679725696146448,0.00033361806980846423
41152,-4.637395710742718,-5.9405459008381944,1.3187591880289309,1.0132903722267015,278.3971532486092,1.562186461774636,0.000333625474430827
41153,-0.6793086839983467,-8.812767880952823,2.7834248401325095,1.0237092038523712,279.8483258108307,1.3971881006610731,0.0003336430137937839
41154,-7.0963480335149764,-9.495687779851046,5.130763447007051,1.8788818740696118,469.38767575159085,0.20790710113462296,0.0003336593735194613
41155,-8.600371723011808,-9.101744009164419,1.40143796897733,1.3073471000817236,468.11051427406954,0.10137112087937172,0.00033366689905460625
41156,-0.17938603482854276,-12.819974448779668,1.6265504712022087,0.802297258849285,162.73302100653834,0.08557618678292389,0.00033369364373601873
41157,-2.3131512046318834,-9.200539742171935,3.54806371835298,1.4098683436563584,327.52108893786396,1.4595555941596166,0.0003337000204132986
41158,-0.3326558625404612,-11.693988593471731,2.047484202613012,1.0007200947046355,276.29314606593675,1.3972157686454212,0.00033371109085152475
41159,-0.829105002862434,-12.34141477825576,2.124284722264811,1.089881503069906,467.9531295579097,0.8920917369775108,0.00033371816644491486
41160,-1.0717007007684902,-9.067350354733613,1.8031514728374183,1.2575821849109585,469.69811830933753,0.03725331649653629,0.00033372783746545964
41161,-0.573713835289368,-12.407716669056363,2.2564816931631646,0.8235508408808753,127.16642628767592,0.3301446402445407,0.0003337403652016834
41162,-4.6089533893285655,-5.45345032889762,2.916387656413014,1.411320454067581,470.4028424939952,0.08607768051483422,0.00033374708791407567
41163,-0.49171105652974134,-10.361947986786076,2.8176618874891353,1.8593713485457213,468.1011699378127,0.5743430610681726,0.0003337498041188696
41164,-1.4068550815729512,-12.426400225410523,1.8887151948734024,1.151808668630781,294.66010931231386,0.5098902268061627,0.00033376355402551676
41165,-2.0357962245441774,-8.885445023428582,2.1108600683421495,1.1429932614515925,294.989142348176,0.6492771351730191,0.00033376607836725815
41166,-4.983029612904676,-5.942714290480982,0.9827825305075626,0.9986491491219327,275.2385119426057,0.8084838979637645,0.00033377597851496965
41167,-0.8673173005209112,-12.721083245057088,0.9420387947741743,0.8375775505727195,468.25219740229176,0.39633402172540055,0.00033379589946338855
41168,-1.3282919522586791,-12.598975976855998,2.0996101851476743,1.6619115381678178,467.70945417915385,0.1287504998389526,0.000333808368409461
41169,-1.626236123148276,-10.09070553484891,2.9363146947302248,1.8463245883956874,467.45572683969414,0.06357179619735387,0.00033383645747706947
41170,-0.48703663829696886,-12.57954399421335,1.7381131706556547,1.8504903767240009,467.71072448012643,0.8934411728613734,0.0003338488348573906
41171,-0.6911863511463601,-8.728354200092564,2.2749124298398047,3.3980617186377713,473.3955034377835,0.14440900347021213,0.0003338622449126632
41172,-4.529855249684783,-5.9841523033002,4.609050738067779,0.601062595098025,187.6432617481689,0.7341079245703872,0.00033387034117782986
41173,-0.24244393967144973,-12.39345584112078,1.8932019766274626,2.648537805319298,471.24760943266955,2.184747743673385,0.0003338788070869109
41174,-4.070848864539375,-6.204945147213483,1.1511946038243936,2.3269253881005225,282.30912394462763,0.08495372061859552,0.0003338971193673058
41175,-7.98640924305737,-9.178350655126515,4.153947140894265,1.060874396654431,276.0630624802532,0.7110088173314262,0.0003339195154361478
41176,-2.2225551387988087,-12.180693737721406,2.8057792604389915,1.061817033001599,466.88908515761733,0.06341628392800658,0.0003339232429317423
41177,-1.0946023191703365,-10.230857325807385,1.0700594269668267,0.7704769749010618,156.72227283627052,0.9224128076646592,0.0003339249964890211
41178,-0.8437479833209878,-11.096738411389275,2.4962037162355606,1.0437610269597268,279.3558598211238,0.5579401995365121,0.00033394264379160715
41179,-1.5269593447255367,-8.62619615347333,2.400785896171123,1.1501813454203509,294.1138932218173,1.0014384071356845,0.00033395338663491224
41180,-0.7668685119414036,-12.286875178298342,2.128290294498657,0.979580604021177,264.2886924872948,0.7421954298108764,0.0003339695157752761
41181,-3.6277254833592263,-5.682973608811311,2.89049518839336,1.7451777328409275,468.47368618559057,0.2896119807273605,0.0003339753056151897
41182,-0.23414472693247035,-8.810117045019044,2.776331444787571,0.8832995670011997,452.54052775083176,0.8542770337167704,0.0003339753945472075
41183,-1.5803273726646676,-12.324703855762056,2.398523216975755,1.5454611352705094,335.83343363535346,0.7834563297329469,0.00033399444628191296
41184,-0.482586535813752,-9.115003015343689,2.9802888773254255,1.1156301638305477,285.67281315276375,0.9025868616533819,0.0003339958170650107
41185,-1.8976482463356081,-11.253079382770688,2.479649268046618,0.9782614868883086,257.7725392791166,0.8104427190218866,0.0003340141641576866
41186,-1.464766790859569,-10.9386176172011,0.9878382510567475,1.6099176071304608,188.71151571861182,0.16523227002165353,0.00033402267474347453
41187,-4.8627066188289945,-11.893883943697105,4.453443063469714,0.7536185727726895,175.08193792839012,0.6946445030244321,0.0003340310612917912
41188,-0.07583238911540136,-12.231916179957064,0.9396753285215403,3.6380379705082424,524.576225872595,0.3114512359835535,0.0003340424409239427
41189,-3.2852327082290946,-5.77639199397192,3.185426873650428,3.598611016174309,530.6741266148557,0.24328475599058397,0.0003340606620563585
41190,-1.8905537082472428,-10.187989248768165,0.7573748153149749,1.2372680290427571,309.6800503492108,0.3487059416420264,0.0003340623193445162
41191,-5.069659307618135,-5.086141351455108,1.8121932751555296,1.29751574002144,322.5248133104472,0.36055040635613267,0.0003340743666725568
41192,-0.104911383458548,-12.746311759644646,2.29491835752791,2.410990942571823,449.3087025684705,2.303145897303893,0.00033413769460544426
41193,-1.159155166387734,-8.713645809971933,2.583138166148926,3.447084503697149,493.08186677763746,0.22264936943634162,0.0003341640058252442
41194,-1.7351318191211167,-9.597452317789093,3.082452232386092,0.6087214686264573,130.99892839456922,0.14381288702634798,0.00033416965121582036
41195,-0.8503515462360749,-12.701740481078222,1.9429606964291386,4.2469366129782555,562.7666716445368,0.27217410548515364,0.00033419283531168107
41196,-1.9181499841077905,-12.00701549125913,2.2737704878016434,1.208486927138756,303.7077998998839,1.4541685663608748,0.0003342216979867367
41197,-0.5314694833836651,-8.925927007955538,2.8937017996104197,0.9791773289537219,206.04420897303535,0.9957070681374143,0.00033426382282112705
41198,-1.2602413080570702,-10.783380009213678,0.9899144155675854,1.0873700836028415,282.843535445406,1.4002226042312982,0.0003342713486734988
41199,-3.5109937916177056,-5.837619719368406,3.5538379873595645,1.2566627096459262,254.42233412997027,0.032161056914911335,0.0003342748120977406
41200,-0.3637289427506101,-10.865088146908635,2.59852161005724,1.1016171447501149,465.86230669291285,0.6005292041862269,0.000334276901958758
41201,-0.7014743128119463,-11.967769555518998,2.3472409333827224,1.3012301428770916,224.85515641430558,0.06657839284749922,0.0003342815354876907
41202,-1.3469042401592173,-10.305000321451807,2.833245484684778,0.7264342105331054,169.13739484515963,0.7403241281335493,0.00033428274422802706
41203,-0.8589421333765799,-11.491592067290611,2.448165871479571,1.577021313786695,347.9423074034676,0.9958286761831845,0.0003343016505167949
41204,-0.7692140216402112,-12.404717972695847,1.9472636634142337,1.8570079555300714,467.42166698512665,0.2328869962565392,0.00033432941261465074
41205,-1.1272745748328479,-12.124721822680883,1.004976286938916,14.780153137004865,619.2259516168284,0.026869157841868052,0.0003343506682792331
41206,-9.92173438208048,-7.1601576024828875,3.001008614167403,1.1757246980652996,246.2693410523243,0.02139890696088198,0.00033435624706258644
41207,-1.5893618114399946,-12.866399205003624,0.8014520619127963,0.9462848190655456,199.8877818996611,0.6139973140916011,0.0003343572034978956
41208,-0.6585544781788624,-12.329762705491547,2.118615780142183,1.4500643063498162,468.1188359883899,0.7414674966036285,0.0003343643166059142
41209,-4.819897209728074,-5.658704365745034,3.9984320665486925,0.8804704774743731,434.65671016006746,0.2474240569291375,0.0003343649038699606
41210,-2.1443880198036567,-11.574549347934017,2.3748657165297016,0.99968425604562,275.6852226276488,1.230605418405136,0.0003343657792658719
41211,-1.3698635405625996,-11.077744459764673,2.5602465939483445,1.409421359764072,470.4375607783007,0.223347685341178,0.00033438524246297535
41212,-8.921620698067198,-8.546237114691868,2.0754716879206434,0.8029335114257441,215.50163039289723,0.15929896688676504,0.0003343880063153143
41213,-1.7368093153254396,-12.12067323887279,2.1016238848820437,1.4153700071771738,467.97782195154724,0.5930728703784238,0.000334391000153792
41214,-1.4246076440347686,-8.89135773626477,1.9810138530871746,1.273468196577064,257.87260325534555,0.0984067515080147,0.0003343916296081877
41215,-5.469360157750391,-5.132817824763061,0.905765054780053,0.9233114555329739,256.7784659985334,0.5143614050163245,0.0003344016414640501
41216,-0.10399335311800861,-12.451797987893823,0.9689864379252747,0.9109733484247378,466.2047093797537,0.5814865178940041,0.00033442831493227097
41217,-7.338665439734905,-10.797365273724148,3.9995660700252893,0.5384828263412118,143.73199776605648,0.41725837028369117,0.0003344341270462561
41218,-1.086075764305674,-11.779690783300962,0.8683812065338284,1.0712194244158884,468.10223557582844,0.7319604277228953,0.00033443780829920414
41219,-4.965669550255436,-5.088401621623512,3.3176317278955763,0.670901372306981,467.57151528746397,0.47568756358633824,0.0003344461268873167
41220,-7.0876386036027075,-10.791035562574347,4.292371827371531,1.8843976618072857,468.11549134523034,0.01597897059368414,0.0003344462544058507
41221,-2.001365644131451,-9.71033886252421,0.7012398864258366,0.9765399248620078,197.12847990347055,0.8689423643332406,0.00033445750409692206
41222,-1.5128954669256487,-12.279872284080872,2.399903170131083,0.6216098749376024,147.08303598573553,0.36567342135520153,0.0003344698575899075
41223,-2.03591215635962,-12.419659463863276,2.208404098303283,3.597769919366011,540.4195193299478,0.8958856992009894,0.00033447783595470993
41224,-1.7431063664647226,-11.267451396336075,2.5452103361028726,0.8558513021810381,468.09521354996167,0.48295023469963017,0.00033448450438431824
41225,-1.2098774993079093,-12.949353578711749,1.758496525200105,3.3676723907393273,512.2983862101273,0.43407533178010294,0.00033448742948797704
41226,-0.3423707632218882,-12.319914834530058,1.960393818041664,2.0984513173022883,403.52075375604124,0.8072391284295479,0.0003345157636476399
41227,-0.7724572307733784,-11.165932229553418,2.6204960194322595,1.8586297925439905,468.221850623729,0.4376906568208847,0.0003345324247593422
41228,-0.7452822247860276,-10.89381554116774,0.9792070395019065,1.52204490585682,327.80015682406616,0.7654759999749787,0.0003345447265221732
41229,-1.2770300148474831,-12.201773596336517,1.0556130934213455,2.571723483756137,462.90497261683964,1.8021577707754055,0.000334546037623404
41230,-8.652494635539426,-8.075738623652336,4.47029397788806,0.6087720467487735,128.54699386025712,0.0917321502137618,0.00033454947817390104
41231,-0.03572189085480204,-12.327958673174141,1.8908700166570709,0.9168905763935626,189.07848168647877,0.0449788023674591,0.00033458283183483993
41232,-2.141359698487565,-11.166969529135564,2.5318331203648636,3.1136744248348274,494.18253273633707,0.5508574335949188,0.0003345923149339101
41233,-0.9030141263527867,-12.322111832684275,2.266450938517022,0.6779173020656827,468.01042110567306,0.4002959887121085,0.0003345975799083534
41234,-6.617821112541909,-12.583927289240565,4.266006314864832,3.9459753279658547,558.5567207291074,0.5897976881617835,0.00033463105328588363
41235,-2.48853609340917,-7.355944920527014,1.8225431327325394,1.1077044065426873,288.4959219752378,1.150660007887355,0.0003346473306580288
41236,-2.0788610271164174,-10.454777146412855,2.7751845619006943,1.8882709616514515,467.9745597706828,0.48172813250332247,0.00033466991282813486
41237,-0.9299632024273823,-12.392766671809383,0.9793395946357502,0.7179944278096064,229.74252181850585,0.2984200558339847,0.0003346928647972249
41238,-0.11611783252456398,-8.751434052109936,2.5919044555382773,1.6259458919706788,467.97032678414854,0.4475343281950659,0.0003347012942971312
41239,-3.7535071520323537,-5.812873167312356,2.136654458026548,0.8390427958121828,172.005814003619,0.01238955451711199,0.0003347036799717342
41240,-1.7778819843001834,-12.885786073789705,1.819931166564931,1.7291258759748624,347.8491667381249,0.5304924971580913,0.00033470466839157143
41241,-3.602184464056805,-6.566762801389263,0.7705755275919259,1.7020959751373428,400.0831216659765,0.005139445115139196,0.00033470850932172143
41242,-7.8129555000634205,-10.776540196712176,3.086288483112345,0.6847958142170611,467.79416324101237,0.38948885362374863,0.0003347219300755094
41243,-0.6447651912530699,-8.917424348587641,1.9822203559885243,1.034483881195015,282.1582514295277,1.1723796358702971,0.00033472193569023526
41244,-0.5465558830883417,-10.376784488946683,2.8044605610504645,3.207255670550904,504.827364983067,0.6244890115444885,0.00033472212508158563
41245,-9.31409282983858,-7.934352972020064,2.952017667459978,2.2382471003197577,430.30420493753013,1.8696322704252504,0.0003347324844816098
41246,-1.7941195063224349,-11.583996643026271,2.056202939824362,0.7346298316817045,154.84128603761522,0.7823763026248232,0.0003347683192366587
41247,-1.1033914599960148,-12.93897976385683,0.8695333080968071,1.8351476512640699,466.9294519247087,0.09238359400908802,0.00033478578037459024
41248,-0.06198769323543196,-9.571938009094264,1.3353242074636746,1.8720046922563962,452.73710102425565,0.616685370319785,0.000334814232021356
41249,-2.247984936245066,-10.976240590381577,3.1773173984010556,1.154377859681838,294.95493798366016,1.1272359283801636,0.0003348161373359894
41250,-3.8755492314542916,-5.8082319844031,3.76858815367246,1.9227927482883889,392.234381154524,1.356872483620923,0.00033482693854735435
41251,-1.6142543577300525,-12.5046515651747,2.309635722559284,0.7751475495054851,153.7666605162524,0.15712947990813486,0.0003348375933435256
41252,-0.4929926867644312,-12.743615287255947,2.0735432749355955,1.7241375570360773,407.65787369534354,0.9547834197345795,0.0003348527578894378
41253,-1.714691987782338,-12.327495199754532,1.95098804345376,1.0331040258235773,467.9135834719569,0.9138948952732848,0.0003348644682541098
41254,-1.4508021605048516,-12.796576541704917,1.4056952147790378,1.6052599423479477,348.67418082943334,0.32796953503068416,0.00033488190642212663
41255,-1.7180913567943872,-12.35190438897565,1.8838501392100364,1.0248828295876398,280.532240707632,1.2121017823124989,0.0003348829129228214
41256,-3.4883914565565224,-6.318174517608236,1.0311905112225839,1.236945889219909,329.439529053929,0.3259412978912435,0.0003348967965044828
41257,-0.33921438647348445,-11.006365764426757,2.568211190980726,1.0360894031023415,272.18791680924454,0.908502413629038,0.00033490481942036806
41258,-0.5107279323403819,-11.069123739844551,2.5623268990808947,0.5809302981201693,123.92861852491616,1.1498141765267222,0.00033491475074329003
41259,-7.796787705296092,-12.221277659328445,1.1340565208340774,2.7217334304554046,432.92815396635746,0.15066831117145174,0.0003349252153920081
41260,-6.9881680172943295,-9.781655257005498,4.972692910719726,9.438874697478147,558.6322384842268,0.027577441372734768,0.0003349263528663697
41261,-1.3444220085746075,-12.858542129307416,1.8335904267809997,1.3130202061100256,324.7519731320274,0.39254551997279474,0.0003349372889114596
41262,-1.0949325165548451,-12.997096744706493,0.9066886233789533,4.065585997552732,573.123717196829,0.9801486867623339,0.00033494859233299055
41263,-1.6336808428038836,-12.483307765938564,2.3105282265189167,3.2582593439495295,283.44674336360333,0.1765446288714818,0.00033497006078222574
41264,-0.3190410948554163,-12.355746065322842,2.2209106894240285,0.8930565693735038,464.30508661547515,0.6294218351364655,0.0003349712304026763
41265,-0.8656120111037708,-12.89083753460709,1.4020703738098623,1.671283556494305,353.8625756028608,0.5084953251169635,0.0003349777363068064
41266,-1.914009812516186,-12.758168038242083,1.5714291885511704,0.8527886420022975,227.9578356929789,0.14693211501059178,0.00033497887277010607
41267,-1.7692951530722478,-11.706825552443991,2.0216738602499214,1.5861969145413186,467.9822257693078,0.43986680442565973,0.00033498489202102375
41268,-0.07229606330358429,-11.74089441971902,1.3904968723327171,2.4554626374255166,451.81963824187255,1.7915856466376328,0.0003349865415586801
41269,-5.177367373781534,-5.511692727132826,4.265295066381531,4.030425276408208,501.63479699810597,0.11521974379990585,0.00033502027040840135
41270,-0.5401525673307379,-10.898803067942417,0.9861823082426162,1.2350354176984688,272.2745865428307,0.15435231384810066,0.0003350419512042497
41271,-1.5225100733614454,-10.400507026739218,2.7927586603415238,0.9696340495450941,268.2065080798258,1.208407174784778,0.0003350700674217362
41272,-1.8040162931911006,-9.567556459750882,0.9038165731052907,1.586597196579709,374.8971935327567,0.3696044706128072,0.00033508973523841817
41273,-3.29395834642418,-5.7506741671640285,2.1982376019608747,4.112700899689734,537.7298455037599,0.1749958337970714,0.0003350923615779063
41274,-1.8706590863658494,-12.243802874720163,2.3281726257875155,1.0329899735970076,163.76035362686292,0.1374155729204336,0.0003351039537214807
41275,-0.6397424657446464,-12.315377613747362,1.9497327329117893,0.9736758150377943,271.3178963625248,1.315023821927694,0.00033511178445455933
41276,-1.3510633535642231,-12.21712138806549,2.331499865411117,0.757467814755923,460.74902735773173,0.2967865025243457,0.0003351136333827477
41277,-9.57827172418278,-7.292423626824314,1.7517426158587717,14.54216664755667,716.3793309983429,0.11690533355810206,0.00033512060111491013
41278,-0.16413169489426238,-11.669246813722596,2.0317759483796034,1.7082488841521248,467.83071134252214,0.4314732428021877,0.0003351222955142311
41279,-0.7500539298976943,-12.818025996658886,1.8337568560239477,1.284095963562049,314.4993652538059,1.6931898696030396,0.0003351245840479067
41280,-1.027700783571543,-12.021745940199606,0.9893407493194151,0.9932742140147405,184.2893938673036,0.2746326817080096,0.0003351292826578787
41281,-6.3114375092881545,-9.98116535570837,5.149337825614391,12.004555119831227,346.41008128879525,0.3474964551343751,0.0003351318328373353
41282,-0.6726767442649866,-12.314970152231144,1.0710261138641692,2.4222789371725253,450.0274812098108,2.185170094723519,0.00033514299316693327
41283,-7.873003142895212,-12.67345488344927,1.8275887328737415,1.4073414679443013,319.9891971484981,0.6637023337599492,0.0003351565534485193
41284,-0.31126099986516564,-9.547434996951981,1.3791573461174111,1.7985704794729402,374.1971528943368,1.1102376261015179,0.0003351676203229488
41285,-9.36723791303401,-6.573413252357972,4.845981200245442,1.0895568494359753,282.06885834363004,1.5944345243626188,0.00033516867904714057
41286,-1.615452622374816,-12.27013121663167,2.117640919296673,1.9340424172776192,387.0274558801581,0.8899120215587484,0.00033517968271901295
41287,-4.178026537836521,-10.678120779425454,4.753533256483402,1.5629952304480226,258.8532376406359,0.0009863684508326642,0.00033520441360277223
41288,-0.8852696779859368,-12.864447486663579,0.9091464066388459,1.1946699733037796,259.7868659476758,0.7082626959015634,0.00033523092118836615
41289,-1.3077157419498633,-12.113921213016475,1.4745435322230034,1.1679270325023678,294.4487511185978,0.8692615278182698,0.0003352334353918088
41290,-0.062345838710493595,-12.782793568032428,2.0088319793798552,2.2330878505614815,425.92301620658344,1.2992199460897869,0.00033523399438024546
41291,-0.10683702718505472,-12.66389918910462,2.0775741690596656,1.9730420481432809,185.87869755916077,0.2738601348044254,0.00033523804820223215
41292,-1.669193738598164,-9.795179133448048,2.918819275954085,0.8094423193396496,202.99240459408836,1.3219570664371965,0.00033526023522001213
41293,-1.086355291249486,-11.913740320414487,1.0188674826790316,7.10544576331137,285.1816460350905,0.42765179692876565,0.0003352652090972407
41294,-0.9169272565515367,-9.059593097669206,3.004610916488051,0.8145880994641288,167.90349083835105,0.06880948377440621,0.00033526624956267605
41295,-2.243977957748272,-9.254798722301846,0.5652756965911948,1.0132095636265912,218.00315013038076,0.2030778323689466,0.0003352860256198865
41296,-0.6659783549467964,-9.854138521562579,2.9862959399982234,1.079807924662084,467.25649074668314,0.2320496216882395,0.00033528805193596024
41297,-0.982686401497121,-12.457159759316779,2.207928400525086,0.9448342767968825,198.18291030581975,0.9553741184154232,0.00033529497707719214
41298,-0.048395669035516065,-12.447662821167722,2.0963716387831957,0.9053875379042509,236.24207358592187,0.5550163517818953,0.0003353041107870094
41299,-0.14925849001187075,-9.410157522279448,1.4997895067999565,0.7172717814683898,209.7272591998996,0.6015540098929062,0.0003353278657387964
41300,-3.537193453903531,-10.533026308628141,4.812844319907529,0.9148277847547417,467.7502879963495,0.5777201131326688,0.00033532944908500967
41301,-9.933861148902619,-6.312433212746378,3.9091414099666286,1.5697809611345652,468.4742222820407,0.2823686748673975,0.0003353335506917309
41302,-0.411945038670682,-8.791591717325993,2.7623886017165855,1.0434585412250759,278.6309155867338,1.5352266513138497,0.00033533445008267275
41303,-0.13914569490578188,-12.870656845426685,1.511237167214367,0.9316372797513349,243.85293808695127,1.3655943857306925,0.00033533544435573485
41304,-0.5279422239302871,-9.057487289208591,1.7519188749565973,0.5137274452108926,142.3221541374635,1.1564735509780233,0.0003353375034334771
41305,-1.3938709210295652,-12.58821881599082,1.727781718834819,2.5314099786381217,456.8093232044713,1.4040960236471154,0.00033534567623731037
41306,-0.32037781582503655,-12.768867131292772,0.9102804225909935,1.8030628662528958,428.63579261710066,0.03680748380022969,0.0003353799265881131
41307,-9.91635207655047,-5.396413543748874,3.9339905068839025,3.250515839901841,504.5203018570751,0.48813500822317835,0.0003353818108154613
41308,-0.21064194965407168,-12.858125354483894,1.8764821399114102,5.531973533945303,650.1265289318419,0.6698162697780372,0.00033538759352641555
41309,-1.9716917603883068,-11.056955517451584,2.4950320000965367,2.2157780752784184,424.81445585235264,1.3835006900526716,0.0003354239682766198
41310,-1.518122081217303,-12.028054721639243,1.0206189252052789,1.8370108863866448,437.97464957849405,0.5656331997937158,0.00033543027822166815
41311,-0.4263941506138895,-10.306350867103658,1.0791381853238158,0.8281794781797139,423.7374046646978,0.21557077145976322,0.00033543073992338694
41312,-0.30439852041631177,-9.057206719036952,2.944073885273413,1.7787045676663933,176.07996102868387,0.29284679103255407,0.00033545828487879656
41313,-0.22960002302365368,-12.677564996316304,0.9107133460167882,0.8767425650799732,243.66965009946705,1.3789475616421267,0.00033546157260491114
41314,-1.4102448822062978,-10.513611361686548,1.0645301699785135,2.3782803226380187,445.6763898167778,2.174724075770274,0.0003354622262686472
41315,-1.5261268708862268,-12.565080032923515,2.2377904979300873,1.000391595899463,213.4706443841709,0.6568280590666644,0.00033546283623290385
41316,-2.042916579276284,-8.916081243645639,2.135552999452729,1.51437909010755,342.69657085248974,0.3943041537592711,0.00033547961165507177
41317,-0.9556872068972986,-12.1030839802271,0.908898633180402,0.9408759224539147,345.6228909029721,0.6533014426929595,0.00033548252632255467
41318,-1.7671228250278084,-9.035311312379351,2.9331233572332907,1.135289196722941,467.107766302037,0.4084615764952524,0.00033550131515193096
41319,-0.8783902804282722,-9.615111550134388,1.3394657591364747,0.6196109611189193,158.21695079421315,0.619676117294417,0.00033551426685211595
41320,-0.36908948655782403,-9.632905851703418,1.403380058959856,1.0936408720863113,284.4242232270932,1.626794369047487,0.0003355280407492166
41321,-3.6098739463395946,-5.857989778515793,1.9752770675380622,1.153561249216202,292.02471275011965,0.8736552445552705,0.00033552822972631206
41322,-1.3432132719767722,-8.834274028585256,2.7210370249303955,0.9841701722038302,467.88029679388524,0.06978184739828563,0.00033553619336017715
41323,-0.8855128383993378,-12.760776199941047,1.7588679407337575,0.9615808215521409,469.5579733225375,0.004607952681394245,0.0003355396583655336
41324,-5.072173603935549,-5.003854789395734,2.0393577620164844,0.9738883203182951,467.8986704499916,0.5920579380993702,0.00033555004250757466
41325,-1.976392274226754,-12.863592585072425,2.0697898359666884,1.39776440758396,333.90012620047753,0.28293390347283687,0.00033555032812919666
41326,-2.157218626103454,-8.741752226196208,2.5698781216825752,1.1119900535422982,282.8003919186502,0.205326766107099,0.000335553073492044
41327,-0.2013804673152606,-12.762130995313287,1.7384218680429135,0.7694760290021471,209.8888066234101,0.48303256734344835,0.00033562801072711937
41328,-7.144241878352034,-12.67489542138156,3.8713446770762734,1.9045873985392223,468.0393125763118,0.4828566198413098,0.0003356566881796299
41329,-1.3252337358173314,-9.273127835031339,1.5857291347958724,1.3697031699986195,319.6681193245159,0.6823087096638476,0.0003356759732653112
41330,-3.2879189865871927,-6.721825082361806,0.6313383870296262,1.804094168474357,431.6886837252667,0.7232830053986943,0.0003356815106897982
41331,-1.3829400143302344,-12.046255666571911,0.9682366908695754,1.6115321991665552,376.32042497875614,0.6156531664066778,0.0003356816790685719
41332,-2.0632399970193527,-9.566629185523649,0.6450692123787517,0.9924858606447012,210.57422293947613,0.2881458126088896,0.00033570083954053575
41333,-1.677679948993859,-12.569460786965642,1.3773796890134364,0.6935492566920184,168.61739267890502,0.5055929439659677,0.0003357137167193249
41334,-1.6612155593365365,-12.884534492259588,1.849112704160525,3.4054169338194935,528.7686689894812,1.1405006329402205,0.00033571528776387354
41335,-1.2707922495207509,-10.324965381429154,1.0636850904657449,0.9430616171162477,174.6581041018458,0.16766416962583808,0.00033572459863749496
41336,-0.8932336754734909,-8.794888890049268,2.610530144882869,1.31244459265311,306.3686753373228,0.42919378664191576,0.00033572652097226013
41337,-1.38427813067997,-12.307171877951118,2.104637615183899,1.8419513864591373,468.3797144504158,0.6419352698178544,0.0003357271807216767
41338,-0.4840188644248702,-11.73518416525531,2.3423983988897876,1.610101657571518,371.503253094967,0.18705907569443525,0.0003357379836927179
41339,-1.1153869802014107,-12.583837552148267,1.00690053230592,1.640768916396406,385.47954283288186,0.3461048722991187,0.00033573862808530797
41340,-4.503912695737233,-5.840138344244057,1.7160826641234732,1.703944116335605,401.41594052099873,0.8634949837577324,0.00033574061130614964
41341,-3.14566262284222,-6.027988360118125,3.821476824549566,1.0589917722891817,284.2061524082541,1.6850130492827278,0.0003357675145901023
41342,-1.373897839002801,-12.252021547705844,1.8828307830396689,1.1797625096872022,467.94581085332123,0.6068805855185104,0.00033577438665401073
41343,-1.3239213474439797,-12.271210879722332,1.8784262546911352,1.4451157148699714,298.86558124751554,0.4205661671722716,0.0003357763105123775
41344,-0.6464460557535912,-10.282035867699317,2.8691040632612155,0.8696324884586165,175.33548050409954,0.26845762629634073,0.0003357959700876589
41345,-3.6904330660683264,-5.657423871553866,2.473117060668608,1.1099680448228078,293.0583531180273,0.5093204864876597,0.0003358091099608051
41346,-1.1402521702880595,-12.599516618669746,2.0772861074535296,1.5996657506990448,352.8821495081171,1.2239167917007885,0.00033581140404063893
41347,-1.0997069497441956,-11.56450505881073,1.0185233397145228,2.0951215734376407,265.0162949021245,0.06987446394666108,0.0003358172178069927
41348,-0.4115372231449168,-12.60995231219856,1.9375786450336954,1.5344808003366102,469.057386641338,0.6357169203891386,0.00033583029249954776
41349,-3.210010438672538,-5.804486731235082,2.601482658650606,0.8239486041091846,467.9443301036069,0.15528892066832167,0.00033583938053369775
41350,-1.45490191882695,-9.464970604559714,1.269568282333152,0.9143260262902237,259.5274709068329,0.5176968948218112,0.000335880504898895
41351,-2.1875268449717042,-11.926672436233291,2.6409502606217186,1.8675896354493458,467.5780893946226,0.33588009071041824,0.0003359273696253457
41352,-4.433071277090345,-10.461157195334987,4.864341623477745,1.4861614540735693,339.93324450337775,0.30294324542413875,0.0003359540028511621
41353,-0.46083809656661145,-10.360296782614071,1.0315732719381137,0.7351903829054977,222.78100217547677,1.4897322156843948,0.00033597282118617107
41354,-1.8891745697220834,-10.403907711801622,2.7843596122798275,1.3887640415781943,173.99986975031047,0.21243910762190765,0.00033597633005886466
41355,-1.9275511855264273,-9.262044286899943,3.026377987399762,1.0405966521421386,315.6283819812584,0.8414717465113677,0.00033598755230963693
41356,-0.6278500230357622,-12.509549364349892,2.2995364187605394,2.963090684793752,485.7457561591171,0.6805062751885202,0.00033600047247564843
41357,-1.899742652840196,-9.367847447544628,1.5645062810231543,0.8923398872226944,467.4473999667229,0.4733307597315415,0.0003360078449662743
41358,-0.6295422205012198,-8.710647593477457,2.2265510411838036,2.599962504992909,463.8365112261698,1.4740165953131292,0.0003360093456725917
41359,-0.6957002903462968,-12.176694031370634,2.3416775570494326,0.9337446346626396,467.8212462609948,0.4758533717217839,0.0003360311248655335
41360,-0.061259286939051805,-12.01187730001672,1.072189206056228,0.9325155090601016,467.9965225021874,0.28718524021194103,0.00033603405640025483
41361,-1.3716842560195257,-12.162294439150495,2.2709534575185133,0.6886822246609867,416.84415895852766,0.3867983055561224,0.00033604333684763833
41362,-0.019709610518242826,-12.516006937384173,2.236758553465783,3.61977153038054,544.9319186045147,1.2042636961275104,0.0003360478988124728
41363,-0.3310379056978725,-12.67684143828143,1.5084070466066053,1.1797424856659233,467.6620814514187,0.32693568002278894,0.0003360733651579137
41364,-1.978785134108307,-8.6970457538933,2.6570615661205115,0.9837512049201723,271.41080161114456,1.8540233496542289,0.0003361006686400172
41365,-1.1286149544109847,-8.76415946833794,2.5911433348549946,1.6849902344671566,470.4006803964467,0.04816853569112123,0.00033610281868125545
41366,-0.18784206896985012,-12.221146851630209,2.3931632062008212,1.057885133521611,467.4644199211903,0.6483377891765754,0.00033611776246930214
41367,-1.9833190152998021,-10.430624978605769,2.7197394246308573,1.266885254371557,278.1153639589429,0.012145679293139366,0.00033612931644929315
41368,-0.07718887809442343,-12.819692822744432,1.4874267677123119,3.5813304920067774,537.8776760100075,0.8088825603191756,0.0003361566709814863
41369,-0.8966231791887509,-12.635403254913381,1.6184858914277078,16.180728189661355,528.9871794203226,0.14062283499848593,0.0003361694143517853
41370,-0.7440241955033589,-9.39274955083993,1.3223517146726549,1.0434207351102083,467.81042697941734,0.15201511176939508,0.0003361784137706364
41371,-5.1902696990326485,-5.696706200204561,0.9941973947722251,1.364410290358105,305.5065362911036,0.4733750752742134,0.00033618562859878833
41372,-0.42814506594836566,-8.995095492000505,2.049439366395542,1.7978140879786089,374.71374441739664,1.0708934442595437,0.0003362007664176956
41373,-0.3841845625694553,-12.062681127740355,2.0628722694952994,0.8594973338970203,199.948463453996,0.792807182879149,0.00033620336256220046
41374,-0.23360135652355574,-9.967769871306322,2.9525556767776346,0.7777043186851822,470.0473040062155,0.18842490638741083,0.0003362405977886239
41375,-1.452655792296401,-10.952755165649563,2.668125500219795,1.1446330467766122,254.23741995376403,0.5532195965518483,0.0003362619483565413
41376,-1.1828443654177345,-10.389088625614443,1.0740382122668515,1.2006527334992592,248.8682559785337,0.0337801697647917,0.0003362664877339373
41377,-4.3721873239020255,-5.485959903618069,2.705557818893719,2.146611908178371,420.80813396788704,1.8386142012861413,0.0003362822696314785
41378,-0.9649506866231157,-11.226709633636286,2.5148639045124823,0.803078495683025,159.37073414879893,0.06009393622106085,0.00033629210621038085
41379,-5.507191152603232,-12.879368829225353,4.379524508356659,0.9273396607088852,468.72308527430454,0.43473272051156453,0.0003362942709006621
41380,-1.6467218095490725,-12.490301829664373,1.7261742465207552,1.6382522541354865,381.1566616588336,0.5934519768183062,0.0003363206213838276
41381,-1.6353569236066647,-11.987774911065614,2.2772296319097083,1.2210372373259946,269.96065063019415,0.16327588753617306,0.0003363401058154818
41382,-0.741798813456132,-12.1893852734707,1.8854239971516145,0.9861264965041479,259.5828476650308,1.0176858635739512,0.0003363401907967725
41383,-6.2978257839788405,-10.853476186303489,4.684613720353348,0.6404702185922888,191.5444715401379,1.142700960393202,0.000336396706807773
41384,-2.1139409113945904,-12.251627639830806,2.20570293363222,1.6767878695293437,234.528351174612,0.08454358467119949,0.00033642382274572645
41385,-0.3515596298500494,-12.73009542941153,2.0861848692426386,1.1096423086528389,464.180098395721,0.7291401615792568,0.00033642577554124023
41386,-1.3864758364898062,-10.546054432113992,2.7044764540354835,1.8546088708532524,444.8835116531101,0.027329990973400164,0.00033644194195702506
41387,-2.4257575218835488,-9.687602783713364,4.832829897352891,1.2538275794439526,311.9416185207298,0.4837651062864774,0.00033644977128313285
41388,-0.7477055283600471,-12.450944147158609,2.262841872301452,1.6447949705483855,380.6434511075632,0.14459154848815903,0.00033645119409260704
41389,-0.3992021622527826,-9.917299872494672,2.9633924230792474,0.8579032197282372,198.06155501383057,0.7171731563385331,0.00033648490059248824
41390,-0.7877949446118375,-9.900716247512529,1.1341669518589415,1.4017556869774086,309.54162591227794,0.2996781250731084,0.00033649862078570156
41391,-1.156449169506093,-11.931322039990247,2.432715582010759,1.083912318137495,283.1585276661519,1.1873420252118008,0.00033650149964731203
41392,-7.393073357273751,-10.269205616036457,4.185394315918615,0.8723602307761709,291.7211641943614,0.4922190956934829,0.000336508286714981
41393,-1.3901598450462433,-10.960337358743676,2.6630134255185034,1.607857488854133,248.51241694764903,0.04254699120603789,0.00033652407208330313
41394,-0.10840679781035334,-12.686718183233353,1.8185305215537513,0.6786649104817154,455.2457903561389,0.4013504665392942,0.0003365306220347829
41395,-1.8067923521979559,-12.076325031233319,2.4104026518673383,0.6188751274610316,130.00471550531904,0.17922367658977034,0.0003365319606917426
41396,-0.6202368562598473,-10.274440341399993,2.827672976836973,1.0523056472014543,271.69497621622986,0.8247421207592085,0.0003365427730505662
41397,-0.7362496260292772,-11.981041639019175,0.8777822699735216,1.0244287659872096,268.41785082555583,0.9136201977099399,0.0003365555109535192
41398,-0.2839815194012445,-10.566840018927815,2.70502556309333,30.386114492970833,838.4986268339186,0.16096670377759992,0.0003365596592860506
41399,-1.0543318992136559,-8.669998634080876,2.2918443540132833,1.8480552375351125,443.4979639495585,0.47628483139783917,0.000336583157904213
41400,-0.46247779952096124,-12.711634650004282,1.813951716608094,2.220554648788441,429.97080792296777,2.195100408656617,0.0003365995760911263
41401,-0.8466542108254274,-10.475198486211621,2.7604168740426345,1.862378922302187,468.33612984214267,0.07884342172756043,0.000336605107732688
41402,-4.885589277893381,-6.807302948156385,0.30215356141342503,0.836968045003951,194.60840132811353,1.153165412410961,0.0003366139921335548
41403,-1.4463181553048106,-8.894696642810022,2.8884180491470732,1.1217385232071515,288.69011354573024,1.2703352992099175,0.0003366399237541106
41404,-1.8096853496884826,-12.902801672162528,1.692848216831635,0.8723873131110711,205.28152666858475,0.9461568835567347,0.0003366630720280034
41405,-1.4573320368866067,-12.647610863324726,1.824681280019457,0.779580875422312,217.28585399996425,1.2813195137683868,0.00033666669594760576
41406,-1.1749144325474852,-12.243529238814318,2.2674365804194068,0.867893325030009,175.27205965546995,0.19031805251657286,0.00033669129737923806
41407,-1.236660242500223,-9.095268726611026,2.9506564369431834,1.0601224038306918,229.4636993090052,0.41204023173688675,0.00033669450100946765
41408,-1.132045396757258,-12.17831107443826,1.8815657361054277,1.3219063822653956,304.27122733545866,0.15188166358958366,0.0003366957450070814
41409,-1.7980354074735523,-8.756010158893574,2.16932364693137,1.849315981195475,468.5721455284332,0.8052791490324607,0.0003367130846379761
41410,-1.9170546372726829,-11.881414927693168,2.115843520545337,1.0857419455481097,227.1974996300149,0.09290783166973426,0.00033671819954783974
41411,-0.40806023883562936,-9.041245010452307,1.887740910428572,0.7150563543024576,147.41090711219243,0.10305358074759585,0.00033671980889649007
41412,-0.9439088422732809,-10.010163157673393,2.9378796688159126,1.4291509271879654,318.8615542198542,0.730089915674764,0.00033672148034666403
41413,-0.5471790622576922,-12.59227365153358,1.5027610170724803,1.208147599972304,284.2674294122193,0.1468890967193195,0.00033675654443641935
41414,-9.083595982469479,-7.7365743426972164,0.7990843437685143,0.6863773743610065,139.16678252110432,0.2265368475747529,0.0003367993924740791
41415,-1.9856477917720312,-8.955950128947364,2.8341029237586723,0.8864061744606632,468.14528389993575,0.24591271079353927,0.0003368237259800356
41416,-3.972651643206154,-9.922124412387115,5.185855308957162,1.727167244131865,468.31814597613305,0.5051966392658818,0.00033682897295439935
41417,-1.6227087550235844,-10.816697392236367,2.5804128711283663,0.9850668769974581,412.6012939292735,0.6740229074734492,0.00033683741931611556
41418,-1.638184021246655,-12.042859063575381,2.1324521842603725,0.8142741671861959,183.06375927214145,0.3589467412954521,0.0003368680397604735
41419,-1.306951739710481,-8.896540265385092,2.827233096777364,1.7335389734279263,410.2979411718143,0.31989259743419307,0.000336871570534094
41420,-0.9348355426214692,-12.36653739891019,1.726471215183222,1.230724064841237,261.60727544519506,0.21982099880101824,0.000336874649392758
41421,-0.3462412053232313,-10.304022624360835,2.8143407778271308,1.6824662465110949,390.978328702492,0.04946955926420227,0.00033688670208486084
41422,-6.59025443781878,-11.921635372076867,4.344402294573679,1.6795873710938156,348.3863847667939,0.4224438110048405,0.00033689997831036955
41423,-1.2757360868896424,-11.989431041715124,2.420736324711617,1.8653661368494916,448.0925067661787,0.2579849810683905,0.00033690267140309597
41424,-0.5729506657906214,-10.973106109173727,1.0087212471975024,0.6748282091050919,468.44385787216027,0.40951645392247915,0.0003369068928798781
41425,-0.5578638362641861,-12.09337587641127,1.0617865103731214,1.6281886521341993,468.6149377837764,0.5594217465627631,0.00033690800744263697
41426,-0.03408237791069624,-11.842214552099039,1.4685722219348736,0.8729508527141929,175.64037515650006,0.8078189678837431,0.0003369312951660793
41427,-0.6915632325690915,-12.610851048328405,1.8772307781428288,1.8451529445663193,373.36970080928944,0.4771111635841594,0.00033698477519759977
41428,-0.6664591721202822,-12.167614514973758,1.004547394296611,1.1859246974133228,468.73692702860603,0.2644158016050788,0.0003369866139118882
41429,-0.5386308206329922,-12.304511063240351,2.209412772349369,0.6781306432016453,198.48494313597894,0.9956234722139561,0.00033700004040884826
41430,-0.948699976919162,-11.153842492519821,2.5282387848866685,3.7280405474980767,272.92918219350213,0.20881949464061034,0.0003370269082271638
41431,-1.3879537897244205,-8.962742805908713,2.891816375285698,1.833553643852603,466.9609883104443,0.16410727685191695,0.0003370283985551314
41432,-0.3419280923255865,-9.959966615748032,1.1286788916928492,1.7693780591955348,419.8636989082306,0.31000546512308524,0.00033703734696669777
41433,-0.33529168255445185,-12.481944572016381,2.2931731796975288,0.8815875797741424,140.13277731840356,0.2943672760757803,0.0003370425257027315
41434,-1.9593619628559082,-9.312901515339671,3.0175380985728713,1.2956129170198942,468.18319070398115,0.03728334394798871,0.00033705115789982906
41435,-1.6593734129694688,-11.92486186547315,2.3367076609833592,1.7790105544471913,468.36290947624195,0.5224135040751374,0.0003370853204151954
41436,-1.8138165702245477,-8.98504085488796,2.067263509028701,1.0745275717929301,279.6053270432286,0.6418493336593034,0.00033709082373907024
41437,-0.1526126220343631,-12.70943573909006,2.1756161822331,0.9912398647988141,274.8672698281708,1.585382813858236,0.0003370931672761529
41438,-1.2208225475533396,-12.966002843666335,1.7300114356692635,1.8087862393271958,431.7730199553709,0.184758399003905,0.00033710059718160436
41439,-8.218979422854048,-9.085772755671917,3.7393646214519656,0.7104095074819732,145.06753043818563,0.05205788330391492,0.0003371060955892758
41440,-0.21819850802814855,-9.914742755391577,2.9594217054055667,1.7484779658670626,413.26555475127736,0.1505066121857972,0.0003371207658125038
41441,-0.873229701602984,-11.616617571691338,1.0039867250548475,3.8934293054918108,542.6563820184953,0.289275308877019,0.00033713299115304676
41442,-0.4371520291181632,-12.89282645260362,2.006960783539576,1.252245855174295,282.82003088204283,0.27115480365813394,0.00033717472162843293
41443,-1.206708963615954,-9.185613375439159,2.9782147440163067,1.4666756648868378,468.65842715076604,0.5587364586801327,0.0003371872143291797
41444,-6.783483227368584,-11.886075828362856,4.253128071669057,1.8599392078300216,445.52781790176357,0.4629499074408061,0.00033719045119845925
41445,-1.2888257769305405,-9.776718523400955,1.3823368578217816,1.5638070009060008,357.86469203169867,0.5606379900231113,0.0003371975729358034
41446,-1.796053972160239,-12.612676202694692,1.9966401573915422,0.8146216105010116,204.4387628212266,0.2643153555974962,0.00033720385418956837
41447,-0.6073871109684212,-12.508853815526379,1.7303685828543436,3.178519952191797,486.5745546517385,0.2206704097711567,0.0003372132580864125
41448,-1.267894495066935,-12.751297155205982,2.081356781105401,1.52981002617121,345.4488416514508,0.0888740293319179,0.0003372377424340321
41449,-0.7675148691911673,-12.752434412694026,1.719189244854615,1.0167515312976398,201.9219001136391,1.0793889553233909,0.000337270117234287
41450,-0.23493490888734136,-12.284699295575798,1.4062421174707849,1.1307268853194536,279.2817935280134,0.6760463510263959,0.00033727168748862776
41451,-1.4519115140204804,-12.125401094533812,1.8820954565985832,0.6978316747711513,467.9674045942831,0.37209432674400045,0.00033733138675888155
41452,-1.5197589043005504,-11.989349805232978,1.5089855795758826,1.571109557992763,365.61040463148447,0.5985976375563942,0.00033733221936928454
41453,-1.1672355986199818,-12.545588194800896,1.82692058333943,1.8033003806382024,467.5879519456291,0.19593430867442851,0.0003373335978905225
41454,-1.2103177554142572,-8.723193580254302,2.3798986133480775,0.8503185688876347,468.35672401905856,0.22390873072373818,0.0003373422257932499
41455,-1.33744545928392,-12.287068868459755,2.2083747193422254,1.05445986234301,277.67347975513627,1.347432607127856,0.0003373519491822158
41456,-0.0806775355471796,-12.671970851705378,1.913210638414104,1.1184382085921978,275.10531195196006,0.5685529508214291,0.00033736930313050243
41457,-0.5168066903994166,-8.884342603612787,2.0987896755341717,1.3481248725840806,452.7730274147503,0.6935665100113804,0.0003373724450161414
41458,-4.849336932521147,-10.586903201341487,4.811254076925437,0.9486002361240295,469.76978821688607,0.2328397460245597,0.0003373854991478761
41459,-0.26004198538116796,-8.703982934317846,2.3587547970753526,2.806652447302238,483.23478088450486,1.6016937463077907,0.00033740445720522493
41460,-4.941619516906629,-12.522144558095807,4.385447855398591,0.679962765404332,150.5234660741557,0.06855207187650425,0.00033740763422262485
41461,-1.05929888287519,-8.943225096075611,2.8389101832123638,0.9540818337448455,218.35345172652396,0.45309103776953297,0.00033744620813377165
41462,-0.44824688205100216,-9.182520857823521,1.7173973966720586,0.7752986881370518,161.05992952617703,0.6226713717221921,0.0003374465711722316
41463,-0.2800104992485615,-9.822840114533548,3.0124270300184817,1.0783007890130387,284.191857629206,1.2349299626146992,0.0003374471983219167
41464,-0.00019446591799798796,-9.289946370214146,1.5420460184995928,1.2299298256104942,298.1407808742788,1.3664228812000179,0.00033745280696880576
41465,-2.0641609643799486,-11.494209498173614,2.436467385456893,0.4835550096871288,119.4110849165148,0.7200756780498265,0.0003374533770234621
41466,-0.43239771532913984,-12.633974268298179,1.7347668952101225,0.7734937773893029,468.07332420995925,0.3041967669739529,0.00033749083829238735
41467,-0.48712832132943795,-9.337923135719535,3.025054837703588,1.0747674769118178,468.13770203448144,0.18872152340324622,0.0003375112081219306
41468,-1.8349269727287236,-12.813518049392465,1.7182333340715803,4.981461816463376,498.7513649920157,0.06400501403490466,0.0003375398710234736
41469,-1.9799022173549314,-12.676586533667557,2.2969490684657927,0.9826626017832045,428.7791100812015,0.8226480355946117,0.00033758472365741864
41470,-0.2196613891556538,-9.478295175861716,1.2028407306556228,1.0036876946165922,466.5396554540104,0.02047804494472505,0.0003376066212482559
41471,-1.4691693847710656,-12.465926321288745,2.2901218256349103,1.51500522384776,341.94411751982534,0.9506989204716909,0.0003376196675280422
41472,-0.7575809965100682,-10.412925969303345,2.766141109696915,1.106885355388168,279.6925150690096,0.1718399329480329,0.0003376328114058262
41473,-2.0229575875318684,-9.122497906157614,0.8222268345700321,0.9911949772325253,194.23917031568436,0.37714262017333855,0.0003376490307129872
41474,-0.5026065668519681,-12.637086814759911,2.1760784830063806,2.529762898172463,363.49049023195664,0.0828031611643274,0.0003376926899928
41475,-1.6751211276078344,-11.007308739197985,2.6382245066141055,0.77210653273229,208.35811171843682,1.0084567970639648,0.00033769320574336074
41476,-1.2717049046027338,-12.861284202538554,1.9864061577086773,0.7848862720927801,166.4139076660692,0.30416356556166946,0.00033769603437840004
41477,-0.490352464496441,-9.91150847115808,2.9559448428257373,1.138397515947711,287.6651151133362,1.240883949235661,0.0003377036489491934
41478,-1.0698847531756996,-12.911378962376151,1.3682963165446655,1.057901035269111,251.30988903502455,1.0510454955248916,0.00033771079232994787
41479,-0.7771183991825339,-12.137531989478417,2.3908179422498006,1.1820601687468442,253.98855139640497,0.5666966678924554,0.00033771707300426785
41480,-0.18473946774440542,-10.737140411423086,2.5929113287305667,0.982888795063628,453.88844238167695,0.3784678838161346,0.00033773859870255885
41481,-6.623016858713311,-11.690476622304883,4.366891355563124,1.1724740730019612,291.48202599306785,0.878355168059783,0.00033774015427152546
41482,-1.555169128617015,-10.901860483403865,0.8841847142834448,1.1372690790432842,268.1108090930851,0.6773206565708287,0.0003377602719972829
41483,-1.9269921511678447,-12.83702843852549,1.9881823421072156,2.348171060100703,208.10848194850618,0.4344100513890732,0.000337765179486671
41484,-1.9039521670637978,-11.534420622639763,2.027931700255337,0.663417390618312,140.70846701077895,0.12794416811326847,0.0003377846609156685
41485,-1.416595936017357,-10.309622213608941,1.0123832117678666,0.9289368651822404,467.24575887316905,0.6268775572638736,0.00033779063896710213
41486,-0.43693375864544315,-12.154635529780428,1.0453247186930295,1.3571310048468526,296.34054010253726,0.4299902300785101,0.00033779191021783404
41487,-6.081604699441039,-11.323817357753258,4.571360214076302,1.515074894453235,415.2871391190492,0.46677155302144513,0.0003378122605818726
41488,-0.8453214445762001,-8.802400077708189,2.694558735931963,1.075890158682582,279.5384306051696,1.6029729904834307,0.00033781961238264486
41489,-1.0965228061929384,-10.44892656329301,2.7606217987876334,1.4668279055133702,468.0256112899412,0.43973851337649794,0.00033783667322524464
41490,-1.6682673891192916,-12.022569567732505,1.6233728347019425,1.515416960523972,468.3471309486836,0.5546995790689939,0.0003378383276932444
41491,-1.2010264319240918,-12.730007328035843,1.3663348020251143,2.634960519703886,465.2945004770847,1.1962956693340265,0.0003378475996520149
41492,-2.3875484261851634,-12.28952428108188,4.721703720139244,1.1952046074614249,302.320696220588,1.909721637800347,0.00033789903699985003
41493,-1.695857075648659,-12.181823389838497,1.3767407866571093,0.8914439137998914,203.75720444608496,0.03166963933674527,0.0003379247466366029
41494,-4.591241381974083,-5.4661737989006065,2.663498053279318,1.025996709925204,467.81410622458304,0.10548443475156244,0.0003379391730427555
41495,-1.429058268470957,-9.45292936688891,1.4979919503327064,1.2199245424118836,309.7562524670469,0.5832361910285915,0.0003380071272107432
41496,-9.957732977129735,-6.673726752340659,2.22379228540183,1.1758156846504109,280.1634204640835,0.08453895602978534,0.00033801000317576637
41497,-2.058318263991471,-11.164636029317897,2.4617809792693848,1.2807462876875897,315.7846502933526,1.228290316053525,0.00033804648506615906
41498,-0.11217025326480012,-10.76959424868681,1.0473515115822094,0.4873634732150115,117.1551533646006,0.6551572099301337,0.00033805709198784443
41499,-1.5156833449685863,-10.40303640474031,2.766548469307106,1.5850612107121742,366.9783594765625,0.024949174536438967,0.00033805736926156567
41500,-0.6363166772916937,-12.26916794985372,2.2380419150415043,1.1492169799909062,262.84154952118405,0.735824646892973,0.00033806325086063174
41501,-1.8192041776830923,-9.20034000017017,2.9753664593965348,0.9326216121968028,189.01180620700535,1.103421408804219,0.0003380839080714805
41502,-4.3527134798573694,-5.5819804533524335,2.5628683052568912,0.737261216291811,222.73301023471586,1.3498148517867419,0.00033808959850902654
41503,-2.0418216628560018,-10.688312398097233,2.594587947489051,1.0199347117374042,467.18209441834335,0.6222105148957828,0.00033809291961600034
41504,-0.5089010308868644,-10.51466073654965,1.0772055587260394,1.7692184391810557,422.9365606477987,0.03267605627550463,0.00033811573282136603
41505,-3.4204201708012603,-6.491739103632805,0.8601979934587198,1.256876217896324,284.71409147514015,0.11282822534547332,0.00033812231053026215
41506,-3.0422062500095626,-6.0622040653622244,2.7254150607291887,1.8365838486039787,467.53066151579907,0.22844963215007752,0.00033813034851096923
41507,-0.4759580578416607,-9.421452196624674,1.3213853640522835,1.4742633484754188,339.8185578278201,0.7442521562639337,0.0003381387207459143
41508,-1.1567259871467854,-12.409817643519967,1.8312699039245737,1.4572090371338724,336.61343050357414,1.8279834742449728,0.0003381749904858108
41509,-5.105454263314362,-12.208646661402755,4.419131285310913,0.8513637970652509,196.03719363679087,0.28879304393729477,0.00033817897042071044
41510,-4.053135129604803,-12.686460966258716,4.345206868470955,0.533937823637103,133.8382176833373,0.48953697590951517,0.000338221807768931
41511,-0.8780257312967343,-8.729439642467296,2.6827855563283696,1.8682794310723654,454.41708230352475,0.16896394903749634,0.00033824012084244804
41512,-7.2182793219777235,-9.732718073076994,4.788286837888762,0.8974096702929156,192.97266475831043,1.0037083473973274,0.00033825192015676515
41513,-0.3851959790808799,-12.577030461323616,1.5674568275663223,1.188198598785613,467.35259417216423,0.3522304387997828,0.00033825548403582475
41514,-1.110405694167552,-8.71842326063544,2.230367929638634,1.293912555939829,468.9741049441651,0.28895574158627824,0.0003382630446764068
41515,-4.448178994873984,-5.826935064653784,1.8269935981714502,5.015405222088396,625.468766254423,0.7505123981890147,0.00033826445296150794
41516,-0.36468520650084457,-9.952061130409884,1.1334859172324956,4.791402596473198,603.3855220161465,0.3266922958837606,0.00033827140392388687
41517,-0.3621801032912124,-12.181216848904942,2.2128760258448184,0.9676520736446133,251.44682578911826,1.4946669904927594,0.000338314834120075
41518,-5.328335084742445,-5.134855790370809,4.145543317056608,1.0124009455734015,467.0870933161666,0.6129740052180805,0.0003383259547519345
41519,-1.0821438253067601,-9.786196450249438,2.9780897497747714,1.5817666837176663,468.58938362328,0.6502680896605151,0.0003383288735913661
41520,-1.6435052056211656,-12.970805453706491,1.7658161232184872,1.6924531397404565,468.90309047189385,0.6380454513243619,0.0003383407044438324
41521,-0.8316621006747127,-12.833380911387714,1.7092253569669988,2.603706084764739,404.21444488676116,0.10861557115824372,0.00033834110534048783
41522,-0.6575345711836338,-10.218471252415126,2.832481945268746,0.8261598559061755,468.0660561912812,0.41249501958883084,0.0003383414905545209
41523,-4.878795031037001,-12.344942732683952,4.395793110807565,1.163288390785195,468.0320047962083,0.45653033796210973,0.00033838443480912637
41524,-7.399624149096173,-9.602202968944935,4.683482016984922,1.919301326278595,385.92926189244224,0.6477318555032285,0.0003383949772290438
41525,-1.1949373731330741,-9.137101420531481,1.643420001919208,0.8491934043544991,467.99145176135517,0.36415108721757594,0.000338402933256829
41526,-0.8411047270666536,-12.231774816708304,2.309272181151259,0.6699597673556108,465.91988468655796,0.44042123232233443,0.00033840848105984555
41527,-9.746134916704476,-5.425950741696674,4.236447915274614,6.67479523119284,678.6210340105616,0.2766582549676153,0.00033841672735819274
41528,-0.3719333942912826,-11.090340554515162,2.535160738581228,1.0068987945359102,273.269900533102,1.2389248512242181,0.000338419464546175
41529,-0.8145546045173369,-12.455601959571382,1.6178758573650023,1.11612332468864,288.2556829776709,0.6203664067925425,0.00033842512889888625
41530,-0.4795877184973367,-12.665763106780833,1.365611868251123,2.4150237920668887,449.57023478213614,2.2740641525395464,0.00033843148066622377
41531,-0.6193158045613938,-12.950414931178912,0.9848702143934286,1.1689612050995757,468.006076487925,0.3706978906927958,0.0003384499741444531
41532,-0.6669878721032987,-12.114221773434902,1.4083961162563565,1.6608550910054936,354.2876850837907,0.2609896903172739,0.00033845226406687106
41533,-0.07688928419884711,-9.721922660144283,2.987992610912839,0.9965329345093016,246.821392406961,0.8129195029721954,0.00033845792625685275
41534,-2.320884183753476,-7.859253194594962,1.0785920366655448,1.3798840887452337,304.606459508796,0.6737189515439415,0.00033846400784899827
41535,-1.265633089320005,-12.072175815991587,2.1084617213751558,0.7455145859666127,190.17226065444672,0.4448719114602122,0.0003384656568471365
41536,-1.7198143250486986,-12.295709076623961,1.4586416568208316,3.8522640600912066,542.4816619878536,0.3047891373094762,0.0003384712349409953
41537,-4.362576491245593,-11.724471316762246,4.459395741489,1.515078857222496,356.72842338761666,0.5701571579796267,0.00033848571574282923
41538,-0.521502124937145,-12.003830091271745,1.9524364972401729,1.5412443367383954,356.2494722961447,0.19152004264300793,0.0003385068979273454
41539,-0.26832096156708296,-12.563014836825046,2.095958737217794,1.7310991700281257,408.5660764166962,0.39383383434006625,0.00033851164791115387
41540,-0.502740979458288,-12.872901023088655,1.099688542814177,1.6027830408291515,468.2175668487526,0.4588411449082974,0.0003385157586310147
41541,-1.3531473820721072,-12.841208852577088,1.9094686811208665,0.8426461889885275,467.1324441556518,0.09268585531245499,0.0003385548686161949
41542,-1.6095154619791678,-11.427876213443922,2.06095862727297,1.1195767848913385,468.1045659629327,0.7566834382885359,0.00033856740152769197
41543,-1.5694475780461516,-10.025022667877142,1.1517630570910153,1.342293687181112,301.0738356728364,0.32918434959086795,0.0003385732315432169
41544,-4.101233375811737,-6.17419165908573,1.3248929051426106,1.751449144852693,462.2792195899085,0.5584320951094028,0.0003385747043013423
41545,-3.4616459066108085,-6.862518033406837,0.4532322414012399,1.3883419218764725,470.22945268711044,0.05822729117987269,0.00033857946302721454
41546,-0.8232458558051654,-9.910878717304277,2.949698644093016,2.6277656719085916,464.72544509558224,1.2600675474417704,0.0003385878152336617
41547,-0.04770353431420915,-12.308249833083664,1.991838312410624,2.0391736331322745,180.80548072629583,0.42580740176550513,0.0003385958303305973
41548,-4.741361712789103,-5.504994111391412,3.4536696238087194,1.6259666206286254,376.58112118861663,0.024254238354793678,0.00033860136222857516
41549,-0.47816098581764344,-12.669798583023724,1.7287738466487086,1.591457888616887,442.88088333195213,0.07022270414086673,0.0003386051638742517
41550,-2.1103710664469126,-11.862342991859048,2.03545467019347,0.6532342997066104,202.41527019566354,1.0410749545670432,0.0003386094501790868
41551,-6.352674916329358,-10.993040969479043,4.622893310577218,0.6343138767140417,175.22749102577836,1.0173776228353413,0.000338634861855845
41552,-0.34953018968929683,-12.121717499364806,2.0947449315222206,0.9310208457216551,469.36535940318555,0.13506658181691567,0.00033865939954834005
41553,-0.4029861732428621,-11.98839574372996,2.120945404366201,0.9412309796297286,199.82566638661734,0.47014665288042057,0.0003386613227864977
41554,-0.10724997521343127,-11.565347554835013,0.9701110430852137,0.852901645263364,198.5549050049084,0.264786671486676,0.00033866256251358887
41555,-0.9379344318743073,-9.448193502890836,1.453533606944651,2.0977423395842902,407.54834100481816,0.9625985582314227,0.000338671784572656
41556,-7.8668077992683445,-10.038985656752516,3.4690096810916486,1.7983165554734968,428.3579915240077,0.18264181849847905,0.000338673468447056
41557,-1.5093795071916034,-10.736071545607842,0.9934228898162409,0.8743255813680693,469.8844130659417,0.16091370835140495,0.00033867502388008533
41558,-0.09399509549272445,-12.892062434277523,1.0439885991538804,1.0881041711539767,282.0591489367629,1.3394574387361358,0.0003386803106131368
41559,-7.70388811101768,-11.485433807352468,3.084204996792614,1.1931005532743095,288.4706482586749,0.4051329133129098,0.0003386853012987484
41560,-1.801589244778178,-12.545839260987517,1.591391888027433,1.1998446869534893,304.20979301365816,0.303486806950942,0.00033869490374234534
41561,-0.19236791685630905,-11.948293565234872,1.8991806216040055,1.7722447361075293,424.533842219647,0.1967385156966719,0.00033870861236095915
41562,-1.8513219162249044,-11.923593938131814,1.4488777482185458,0.8612809162997477,211.29644634689197,1.224914182222026,0.0003387286639478123
41563,-0.9065055311620345,-12.635910408326913,1.623635198354619,1.0050066917629323,200.86048570056414,0.44455785804671155,0.0003387593600414132
41564,-4.035905908782985,-5.7729762478553015,2.1257238522076705,1.7219119035089943,468.30935623593524,0.49679365509038576,0.0003387977534827859
41565,-5.366902852698558,-5.975188264758354,0.5950634736764991,1.4054622349471728,329.7270389075151,0.6328409433758582,0.0003387991267915172
41566,-1.5288807137699916,-12.209651955336422,0.8811846822179016,0.45151935822624983,108.39822808387808,0.23070720741936324,0.0003388029495700209
41567,-1.8965581981995108,-9.14598637532505,2.952520910634537,1.6021925842657843,380.915957987737,0.26104176324177164,0.0003388495131998247
41568,-1.2108515728208857,-12.62516043549522,1.622508859391606,1.7292179274225248,460.39469618757204,0.6717430842050502,0.00033886835113652555
41569,-0.5370246454379757,-9.647970902793508,1.3347960537353023,0.987802058020912,263.3619678934751,0.46943955231393275,0.0003388684073020044
41570,-1.136265321040069,-11.751842205424904,2.279439918916569,1.3049349697664103,320.2212783374804,0.5314223435783942,0.00033886908043852113
41571,-0.5482641259274548,-11.309257516521898,1.3954375976815374,0.7123837507898025,467.590669694748,0.44603606103009596,0.0003388726910164671
41572,-0.23816355130952083,-12.600524197944583,1.3692475770319197,2.4484573479235787,449.89110706064986,1.5495801072039033,0.0003388746530626753
41573,-0.7258360113366251,-12.54014809413508,1.4961414724505235,0.9846211965789512,271.5870698601427,1.739754767623828,0.0003388846149757188
41574,-0.9499326490545688,-12.680510687912632,2.1713106890298186,1.4126414953248005,335.24737267756376,0.969256361933355,0.00033889441830890966
41575,-0.002028405587850557,-12.226925588229719,1.5121752867273237,1.282308659713287,208.23431858352188,0.05364184710138176,0.00033891594321277553
41576,-4.688213679912023,-6.011931633896054,1.3317076318124081,1.3145995194470013,455.31552284114974,0.09338410266537966,0.00033892763818009437
41577,-3.1829231324026086,-5.881766438534409,2.1334122295691462,0.9637615764611437,467.50177632921185,0.6158898980717291,0.0003389446341442223
41578,-0.7597367374086357,-12.72608772247115,1.7060916829900035,1.3488076638919935,469.1662722226066,0.5257274724471568,0.00033897030635168844
41579,-0.28343900822093815,-12.93656007210949,1.0348851285442267,1.2144586811419584,285.41511929880534,0.82127249616856,0.0003389722467169569
41580,-3.67901283926661,-5.69858028212911,3.0863812687054506,1.7994370406355982,381.50475899404483,1.7084566128347554,0.00033897556278119565
41581,-4.31219994429707,-5.707310557571452,3.389373739553221,1.3087722355201528,312.1125198724724,1.4777342620293963,0.00033898672479755064
41582,-0.062684820207636,-11.830101628200971,0.9857163050817094,1.0929358662368274,248.6377370771418,0.8139390661258661,0.0003389995490255295
41583,-4.420259603774436,-6.0084036821033795,1.4111248236801837,1.0275131128445008,202.52770357245544,0.05232621091398837,0.00033903599827829353
41584,-0.3808603859798847,-11.47521939392355,2.029887225115894,0.8716770073668002,227.3407975354889,0.72944387815624,0.0003390364135063785
41585,-7.616667784668442,-12.685118833795013,3.0943424135240716,1.3136457674290758,318.1310555466194,1.5267160462171168,0.00033907951849035097
41586,-0.22302695263828376,-11.909955563812598,1.9002679916236112,2.111887788322987,413.7865958894358,1.3926009988584331,0.00033908210031694013
41587,-1.568292821310246,-12.863099560747363,1.3733987011591955,1.689470073236507,399.3299408695095,0.9020424134677167,0.0003390993048046434
41588,-1.044840782503245,-10.05344246378417,2.842997397202131,0.9965661380474882,468.3697983890391,0.14612629578872482,0.00033910845504038284
41589,-0.8991775951226426,-9.037347548891233,1.9220274555119525,1.1105749193224042,468.0533418770279,0.7041437174364313,0.00033911972899589233
41590,-1.4789127014611658,-12.734094537351389,1.7047385702655262,0.5000586731469241,126.20224923238906,1.0074960041106875,0.00033913174153925454
41591,-1.2730464309716751,-12.118478371408628,2.317451080060352,0.7422084078608349,178.3672912083532,0.2362332136646268,0.00033913241545668773
41592,-2.075229844179103,-9.338741297315558,2.9296611537584987,1.836360324759047,468.42322928253986,0.5864782454332964,0.00033913350997827937
41593,-0.7884294802505458,-12.23374666385062,2.0999038837733557,1.1072381732275347,286.857594646886,1.6434693035845251,0.0003391432445331132
41594,-7.782458049333471,-10.48988654980032,3.3288078462693678,0.8957963470528212,468.4796074645729,0.13862186326698378,0.00033916036525169036
41595,-1.1092136329054672,-11.654193643084785,1.4743313281848902,2.572741754941855,461.12030634399855,0.4090228702542733,0.000339163234100831
41596,-0.8247783055175528,-12.083574427726152,2.218376179460283,0.9041304566497472,468.36599488136176,0.5235784842021163,0.00033916459503472406
41597,-1.361672114372361,-12.372238341759722,1.8134267135122184,0.6891060287648724,141.83192337474,0.2600261710529468,0.00033919932388487415
41598,-1.5823396505845402,-12.649905014959074,1.848284680758898,31.58637807990688,855.3587922322495,0.13906429281799593,0.0003392129013923559
41599,-1.3561317594481785,-8.738030238314673,2.216360903424523,1.76358957761305,467.9636096998344,0.01502940282400278,0.00033922616187633344
41600,-0.15690841180844295,-10.760704209711287,2.580925360514066,1.8670670478479048,449.9965092635122,0.11915360702649025,0.00033925065029641636
41601,-0.0035983407186552796,-12.685836118647142,1.993845235673101,1.2293428092316552,307.0177298943573,1.3886047906477694,0.0003392838673135
41602,-1.9783800193978145,-11.712018603107289,2.0085188411852797,1.2249725159123295,299.2671170068007,1.4009023217281529,0.00033930662204725593
41603,-0.020966865377852528,-11.46887694347496,2.0265250675723605,0.8847376071339879,181.20201718582857,0.09016833721956008,0.0003393100711912577
41604,-8.807931931220566,-7.891716793555203,4.455654982891393,1.8039739558632295,377.90326149455296,1.2968665924234166,0.00033933613288155323
41605,-4.118083637098911,-5.5897386915497735,2.820516267725707,0.9112911069754664,468.11225029224016,0.7376833838601558,0.0003393427356426964
41606,-1.4112399752069251,-12.022976436260977,2.254816795474293,1.0137705791981961,468.0285778472833,0.7633002042574804,0.0003393465048070705
41607,-1.3982142333323964,-12.443559229217806,1.9230255675813817,2.4959677034927794,455.7423805552068,1.748545161345283,0.00033935061873193064
41608,-0.6474827019528338,-11.96097553963929,2.3315945914356555,0.9079551721760789,232.86860061246236,1.336501093964583,0.0003393629334543558
41609,-1.4107245460585176,-12.646486961928012,1.1775767948875209,1.1263439590276314,467.5613890932454,0.6496185825700858,0.00033943297560509175
41610,-4.1974778146483676,-5.779342686974944,3.6938994020520317,1.0721233130080712,467.89601928046915,0.3259916417681632,0.00033943663850365087
41611,-0.6580744798175999,-11.670221351673144,2.0685556027137126,33.18192487353294,836.1876337350423,0.12015804962454979,0.0003394371785695954
41612,-0.0028569743670345815,-12.147321176151882,2.3106092193437426,3.125721242838272,494.0360654543073,0.4966104391151456,0.00033951746448125886
41613,-3.962686037783607,-6.132798641402283,1.4204888076122721,2.857095358707127,345.1002987930064,0.02415782831281188,0.00033953072420689074
41614,-1.5474705001833016,-12.259903916783184,1.832544644352172,2.6762014333124253,458.5701455873505,0.41164910901945717,0.0003395331715943045
41615,-0.30867767959151315,-11.879181989307266,1.8997728914044127,1.0390111156000448,468.3074979359877,0.5012463919907182,0.00033953764909243567
41616,-1.508500483971888,-9.824050131760051,1.1622098393594462,1.3178958996334917,467.9900073654259,0.5671885281358797,0.00033954383667713777
41617,-1.9651814344089065,-10.30657272482177,2.792464129932129,1.0505186887068203,277.3597086352571,1.7896521316356173,0.0003395622724578639
41618,-1.7082944743997697,-12.713440440660312,1.4455372164535556,0.9768498387212775,257.7073832374329,1.1748120920278504,0.0003395662094287436
41619,-0.02875726435905257,-12.987640660093843,2.150872141504296,1.2167308263730847,269.07646912440293,0.7061314018699951,0.00033958742088258093
41620,-4.015228234245902,-6.158096887920534,1.374173297254766,1.068838019875284,466.327538155696,0.6910567221149995,0.00033960417558386166
41621,-0.1475604002009714,-9.041061263224348,2.05571816493776,0.9072083581221347,212.64424604693806,0.3015346291959924,0.0003396177337780588
41622,-0.6396262344191186,-10.40262604120943,0.9703898638518285,1.7408718160423762,269.347243412732,0.027643684092817367,0.00033962267090849606
41623,-1.4801634775848136,-12.006135589683804,2.2548780330337426,1.1265996562351217,254.0706541542701,0.3167580622111723,0.00033962455389909013
41624,-0.9420979899520514,-12.7202774440618,1.983985024158861,1.0473293853242867,284.11910846676295,0.8829972938808943,0.0003396389886383848
41625,-0.502942259772194,-11.58118375547037,1.4730508690693476,1.8467883463518724,441.43057307882236,0.5197970883244167,0.000339648439423313
41626,-0.012098156909640778,-11.553840194618568,1.079393082544722,0.899791778487317,249.6787739002614,1.3840344718841893,0.0003396576441884673
41627,-0.20910233479695428,-11.367158400111272,2.451743334142526,1.8978405807962815,467.24161157042965,0.1758384489257674,0.00033967497004159847
41628,-1.0182100296420344,-11.477824882218348,1.0765705804433556,1.1769712758032933,299.1530870655527,0.6032029127353438,0.00033967758485164664
41629,-7.646163889655861,-11.063746558596371,3.3587679506384918,1.8826571430724592,454.50702000699016,0.0834700483182731,0.00033972592436970814
41630,-1.4496225699862482,-12.962987257606853,2.1507718948666565,1.7238737527721493,185.8243766006316,0.2241614950147346,0.0003397662482129882
41631,-9.536479415856505,-6.533434958402642,4.560115854967184,0.8649012039538956,468.3548939800397,0.5192939218993935,0.00033976812045110835
41632,-1.959774264128317,-12.28452973633901,2.0463676730078917,6.160927481525284,677.1142405443597,0.5149748781692578,0.00033977612157805195
41633,-4.918531964371283,-5.309896756375127,2.0135029106837723,1.051386752591869,276.4807673674804,1.0266248415251917,0.0003397771928624951
41634,-0.932775992860277,-12.140126648447623,2.3269214029887686,1.3130188593395067,314.9596700006612,0.3993327247526679,0.00033979594256172176
41635,-0.20228383607227407,-8.708644032916308,2.5244915589777883,1.6438331864356601,384.76670631066384,0.5551009406322978,0.00033981119131720923
41636,-1.3438574955140599,-8.918819111458845,2.1294128377312624,1.2882321287009846,317.0349367544055,0.6094395815452822,0.0003398185487188449
41637,-1.943101157260001,-11.161894752534447,2.4604350606274368,2.699947479885621,462.6255529772406,0.7079921823119619,0.00033982710950515967
41638,-0.7787997787676328,-10.968909533160302,2.479079640523001,1.8620649615636702,450.6456361946112,0.19801681332730592,0.00033985243497955186
41639,-1.9001390317405633,-9.16804968029819,1.3600024294864979,1.1051760878344183,293.35439439821334,0.6140995687601736,0.00033987122245736904
41640,-0.15879770369515,-9.525370528305263,1.5116946766961918,0.8516466930537328,467.8600512914955,0.3007885918585149,0.0003398717518174487
41641,-0.5661001742399474,-8.779342887168518,2.580790492136947,0.6136030233979849,129.96669814348655,0.16798576940442445,0.0003398724145687093
41642,-0.5525738958542377,-12.640544391237619,1.0625493223305733,1.524281592796566,347.34938680952786,0.7277837017680984,0.00033987944611584686
41643,-0.650673304786304,-12.424149323481712,1.6675406567565225,1.8779133185651007,452.9336440563971,0.4214516758611957,0.000339891234438007
41644,-3.045573675846878,-6.1498149785385,1.5926437248564653,2.1066489144810023,312.76206349312304,0.025964683009419787,0.00033991713310843163
41645,-0.3880636449596313,-11.430641568548127,1.0787025921648294,2.7641492514502723,351.10798038254427,0.00792329397907654,0.0003399303888629849
41646,-1.680133683081639,-8.677921941307144,2.4321801531784732,1.223210747688003,307.6464869616613,0.4023588045168056,0.00033993626794709723
41647,-5.961223165171089,-12.70707186381745,4.384698656059578,4.946273224090781,261.78488280940803,0.30531957986000346,0.0003399444348380907
41648,-8.64063885939305,-8.335350162034164,4.01621726737691,0.8282294192799028,203.39690219999406,0.4747740100004707,0.0003399460069592124
41649,-0.07973680375751435,-11.211593636670898,1.0733138625240863,1.8368935744980492,469.36730903196116,0.21017656749009728,0.0003399717507035271
41650,-8.534355198061274,-8.289920293412537,4.347193102152165,1.497434394826814,342.5021997605707,1.782544393980527,0.00033997242077719403
41651,-0.43745381238746006,-10.004733061186219,1.1333640243647307,1.155731123306734,298.74284228887876,0.616406587671392,0.0003399779497306398
41652,-0.16344311709862858,-9.819564712730903,2.959855232062588,0.7910106767614371,461.26037501873884,0.29974343139852255,0.00033997915948802063
41653,-7.984661457722607,-10.140618695877237,3.0393875515110227,1.0528257087262525,229.73701241667956,0.03501328154819827,0.00033998183572831
41654,-0.7240263168081569,-12.237654636553014,1.8213879291419874,1.2171981747441396,155.25606819984782,0.2295066740600884,0.0003399859883627641
41655,-0.14577572472618527,-12.175297759925336,1.045907423589901,1.8702716858033455,468.0196296752668,0.3065911898651619,0.00033998702098871764
41656,-1.475157800765368,-12.213612770425422,2.2982330037263172,1.2174963610420617,305.26785491298347,0.3185616033749179,0.0003399905766297801
41657,-1.3213451104833513,-10.246668172061629,2.8108960636815654,0.9674728720766025,193.66805938511268,1.0046938351326808,0.00033999896054460115
41658,-1.8848804090737676,-11.968984309050096,2.3968116415166754,1.4329001725477304,325.49912698139775,0.7228944874073617,0.00034000219396802876
41659,-0.9339777064002295,-10.376692791910239,2.707890137619704,1.4756938734768155,468.37565495155326,0.1415141949551506,0.0003400431126285681
41660,-0.23941631387457285,-12.11196512681321,2.310870164491777,1.5989082817037872,451.58270358368554,0.159787602783946,0.0003400479617543951
41661,-0.3612752645219235,-12.587696116096522,1.699933488612692,1.1300282828511763,280.94014622305366,1.080213437283481,0.00034005600764701343
41662,-0.6775386057682642,-8.936982408403539,2.1384285569328125,1.1748900969308018,467.9781537511783,0.18955375032638244,0.0003400626133737012
41663,-0.9048818646788668,-11.194454566746874,1.0745222780092765,0.9265848619055497,194.21001107919147,1.0230947746653634,0.0003400807692728467
41664,-1.0598797486682408,-9.351374553595768,1.6122516051579472,1.4303817786104311,331.64428905806597,1.1814650849749802,0.0003400866437156989
41665,-1.6900339467218668,-11.78338126424317,1.50719906171321,0.808840861563496,201.61570957926796,0.07826919401052379,0.0003401126598927189
41666,-1.6676219199641373,-9.766459807865038,1.3768235593728486,1.0617919305590648,277.4646441173901,0.9553331404276255,0.00034011645946269354
41667,-1.7056184248824522,-11.852027857276727,1.5028700373495754,1.6252272237723928,356.94886935030974,1.5435629133934912,0.0003401291540911883
41668,-1.1222461905425885,-8.921230333086962,2.133252948367005,0.7485650754054567,226.8561203679688,0.8112310582898994,0.00034013390637393685
41669,-0.2261733872351659,-12.075936373523485,2.0120534352507233,0.8574837917447778,467.8611034371526,0.26730132828769815,0.00034013748695744476
41670,-5.085471378990276,-5.737602974189427,4.591924110670488,0.8380996898236931,184.27451906202435,0.3017928113626729,0.00034014894322495303
41671,-0.5622675465653231,-12.193832632927677,2.076877433279401,1.1370371243151627,468.72240229555746,0.2479770331949558,0.0003401687019966159
41672,-3.979828253013677,-5.679957744806355,2.1967344933290565,1.878862875459896,381.4818854819924,0.9790271450578567,0.0003401808029711662
41673,-1.1730137860745344,-11.202469345028497,1.0762532367971636,1.805286643154753,468.45762897653066,0.8215019048032204,0.0003402017978301081
41674,-1.7519034965872464,-8.787609935759136,2.153869881915694,1.2111689483816004,250.03441269153652,0.26848076595308523,0.00034021314946595086
41675,-0.8102551598797678,-11.341307497051062,0.9845242382742246,0.8528231530073042,443.46162619482084,0.1624734620701176,0.00034022324105262216
41676,-1.481749466639867,-12.653477488950319,1.4803106803055532,1.2279702688007188,257.21910921859745,0.06564910501348287,0.0003402293933711149
41677,-1.238422353736599,-11.143520992597322,2.507593509077079,2.658370845047237,260.2278614790841,0.46248014121532144,0.0003402313925642514
41678,-0.4816629144050495,-12.263086622597099,1.917373755903918,1.0155541437220221,411.67624978528625,0.8219392390069915,0.00034023603602489883
41679,-0.5883281342281883,-10.838249951349663,2.675489081034702,1.615632895933588,355.50892315257704,1.5075527555775912,0.0003402442453628053
41680,-0.9991642471046838,-12.617970705118363,1.6202420926438903,1.2491858308376258,468.8377618683947,0.6334369778817264,0.0003402554891094961
41681,-4.759179772079083,-5.603609235100451,1.7082815206500692,1.031515054422841,275.3343879474459,1.2991885148201971,0.0003402555365825723
41682,-0.8907326170068313,-11.94667625402871,1.9306667826558188,1.1469193934915498,295.40151542698493,0.7222984341906153,0.00034026634942234526
41683,-1.0435327881048444,-12.437962448316677,2.006448723388007,0.909176229836185,182.37447730893928,0.19902005892450791,0.00034026793662230565
41684,-0.8562254450390459,-12.695642171523895,0.9909301493238636,1.7486064911021568,413.2197146373393,0.03523961776490303,0.0003402694339114203
41685,-0.9818978569184953,-11.938562269607711,2.3994265909802968,0.9589352647922516,236.33992566922285,0.8816774707601427,0.00034026994936196933
41686,-3.049901016091569,-6.564295870103775,0.8636516600004956,1.9086445509041798,468.87674852464494,0.6417606918042118,0.00034028588968487494
41687,-1.7065178665636669,-11.746215625157372,2.101264613525347,1.0204762960067697,269.87145013318064,1.5327246451299734,0.0003402882139565716
41688,-0.5063853324238217,-11.862946659411895,1.8501878813137143,2.537017944282112,461.1643245253282,2.2718078971599427,0.0003402998303450615
41689,-2.2651390429983884,-12.729301670688756,3.239449346771293,1.8945437848563382,457.29320634603886,0.5317937664585557,0.0003403291646412592
41690,-4.754683690251936,-5.252762286890347,2.6604318029660172,0.8652834989995228,239.62955263491344,0.23101499574579254,0.00034033199043450403
41691,-0.8995961786307749,-12.61122707501741,1.0588681495713577,1.2491321457170117,200.68629710484976,0.05710995948797759,0.00034033201212771197
41692,-0.8168311478837609,-12.476841928789566,2.008421433938902,1.6382205056916448,359.6053146478135,1.5944010349673938,0.00034034174058575264
41693,-0.989540548292533,-9.331750873916526,2.9188737864292693,0.911983820243899,445.46133236679947,0.32395196711892815,0.0003403662029032043
41694,-0.30840670685707217,-12.410608638956447,1.7284043747324738,0.5492117659740744,163.61601406894877,0.26706465144497216,0.0003403896426243461
41695,-1.4637152293549018,-12.571841653831713,1.8033921232616599,3.0094370576182388,494.6191160896395,0.8832091334244465,0.0003403975774985598
41696,-0.7339412409207018,-8.716321006455578,2.340417223843103,1.569618730689256,468.5446402374226,0.48894016805260687,0.0003404055962431578
41697,-0.1725516380070431,-9.70928145763868,1.2507629793093076,4.090738160601998,562.0873607118574,0.3794690527396325,0.00034041021001063744
41698,-0.5090289324424191,-10.87366733545595,2.6603072303994777,1.8615814940548931,445.183507809786,0.6440930940018967,0.0003404381520339519
41699,-1.1545862409426917,-8.985960596578337,2.839291898054278,1.6839939274206632,468.14511449127883,0.21306025613870894,0.00034045246194662357
41700,-6.276858720313635,-11.731582833139322,4.45881021861973,1.2048023764613818,302.2061367513082,1.5445999391961376,0.0003404593427427424
41701,-1.5867957826125139,-12.192949785978842,2.0836900314439735,3.7269504782627974,510.7143115568532,0.21432206784907226,0.0003404606741310999
41702,-6.877780974472318,-11.90960620448939,4.184606555188037,1.2185616767153902,304.0464278374723,0.7431978657097735,0.00034046390972551226
41703,-1.2253518424621994,-9.50601685288577,2.9223943127344456,0.8703407004276424,468.37615401444293,0.556414465499306,0.00034046986171781243
41704,-1.6704735333998961,-9.39773398836259,2.9900560566188332,0.7154970862431346,207.93605602821495,0.760699182743279,0.00034047318757020627
41705,-7.883131100924027,-9.795352529087825,3.655343631173527,1.799162767580508,380.21734860875625,1.6545816538976137,0.0003404889773061565
41706,-2.1703728147410146,-8.939181858004215,2.7878121856336993,1.0002912934682804,204.57351722966908,0.017462651805922214,0.00034049753926560444
41707,-5.2809557911707214,-6.65049600371324,0.17917270607597882,0.7898830922111596,205.74629562146472,0.9374613428436946,0.00034049967822448506
41708,-1.9587391196061752,-11.45587404191818,2.3585748284502017,1.189033476097782,468.6376859748553,0.18775909875053554,0.00034050030502054185
41709,-1.7750375488206398,-9.799446446416328,1.3375159919226893,1.193968087685132,284.1789997924908,0.25781739735359643,0.0003405106568070066
41710,-0.6012816078212992,-12.05690600818234,2.314451059015259,1.7256235405658829,468.2837540638974,0.5850207356437398,0.00034053111026706575
41711,-0.8734495319851501,-12.4469673487294,1.7152797827518624,1.1153644195490138,468.03027093797664,0.8449576842293585,0.0003405397232395301
41712,-0.6648218059843778,-9.879180722041244,1.3926788802165808,1.8898771182215235,455.37555579227416,0.3861539957377982,0.00034054043491988745
41713,-4.983917622088228,-5.4919742177375035,1.74599642196828,1.027438387168016,263.17492851087457,0.561335034223867,0.0003405546055249346
41714,-1.7494358169862583,-11.412457029391819,2.026608285103052,1.5046410065240514,378.274218184481,0.4874886143085364,0.00034058435000142227
41715,-1.7969539891282196,-12.849614687583522,1.4352076466229167,1.8070721494674684,381.177126725112,1.720351816037156,0.0003405955002637976
41716,-0.48531181526681166,-12.575946100299506,1.6871860417879583,1.3512827291521508,468.3278511227892,0.31640922370809843,0.0003406063544402541
41717,-0.13391064630378047,-8.79127991615298,2.7498513958147925,0.8471960198128575,202.3759708440005,0.7940930961369093,0.00034062466258692986
41718,-0.133058469544995,-9.758869662892387,2.966477498639179,0.9456314726677603,467.4369256656488,0.44035941724661587,0.00034063494474383636
41719,-1.6504156114751396,-12.120535930180536,2.1001967744605445,1.7513750237826906,468.03057240943605,0.20889233625692594,0.00034063634291386013
41720,-1.2748587974229917,-11.983236668850953,1.5093036630005745,1.6619765315142148,384.4365432930671,0.0265520104500494,0.00034066505099587455
41721,-1.9079356446366873,-12.420664601488996,1.9675808579718321,2.4905867588428254,450.13794582536366,1.1107698165081423,0.00034066831296187514
41722,-4.183400917309487,-6.133160888510533,1.231988830475782,1.516671526569949,341.4796811674094,1.4445790995711567,0.00034067073964188556
41723,-1.3164380252774812,-12.191430762023222,2.0092137130680667,1.1300169805618114,297.0303284402606,0.7730117684723528,0.00034070201071290525
41724,-0.13460608188819378,-12.604841097902801,1.3779830154772836,1.8578679831390033,447.42757671906617,0.004263335466628604,0.0003407168582205229
41725,-0.27149705512767497,-11.92880338673574,2.2576779685151394,0.9284429379217444,242.47828904685528,0.9310362367318818,0.00034072744133151054
41726,-1.5166672415630789,-12.065644967418816,1.5185288754526518,1.0637606042039114,211.26204341999951,1.0857523857834943,0.0003407387634700975
41727,-0.9643657916878627,-12.638468389566096,1.7216288168494451,1.7297882900336923,407.88806415658524,0.3776001746736801,0.00034074927234961806
41728,-2.064252249203377,-10.361484966466197,2.9787890349942754,1.4351564251985194,313.22303913200193,0.14911278133663863,0.00034075053216885967
41729,-1.7598565926456988,-10.092325984715668,2.9108916771325517,0.7992344026392293,161.14850301125682,1.0835862321698748,0.0003407646294618342
41730,-0.5158090378759752,-9.263834753081499,2.9695013373025323,1.9609086616372755,294.86116953317725,0.06752608296740092,0.00034079328496163885
41731,-1.7242771344425947,-11.727422769532156,1.4988363101052198,1.2835726538128889,281.460566277582,0.09556772137883929,0.00034081273671015964
41732,-1.343946609805064,-9.032248540214674,1.8704741117304082,2.2199693924792436,236.43676989926522,0.41114118451983916,0.0003408190631251459
41733,-6.744128103080174,-11.332673252876909,4.3774607760382604,1.7293269084078315,406.8427394814146,0.17202986248009466,0.00034082908800039957
41734,-0.3743634190587226,-10.505522407011776,2.7437239208716893,0.6448898651320795,151.23940522113605,0.39054503385128303,0.00034083906815901577
41735,-1.4870010390169544,-12.896286147099406,1.4289572207996164,1.5016620308159108,468.7546596879263,0.28897572450067077,0.00034086449041308717
41736,-0.8987310465966196,-12.543100216378265,1.9142017706283152,1.2607731269629794,303.2929761515132,0.46346994204959113,0.0003408799097300142
41737,-1.7405513531415533,-8.743590447124168,2.6659868765501478,1.033160015151322,277.16051574758154,1.804216304622547,0.00034089201979564193
41738,-1.439026227865849,-12.307616715672268,1.9280866698367323,1.1578642191248125,295.7695153656834,1.104732287431145,0.00034090231040144307
41739,-2.0040415258804467,-9.45928941563413,3.0055827545449643,1.8906188257732903,468.79795407511887,0.5641367302646438,0.00034091501533031917
41740,-0.7786235879585348,-9.097612019342794,1.94522703120582,0.5564140468224986,113.43139412194574,0.14334385874790811,0.00034094546503325913
41741,-0.5361656659555596,-9.501950917960606,2.91892543140553,1.4512227807454157,348.547479767499,0.5777568035083984,0.00034094642783340104
41742,-1.658641197177369,-11.388667537128729,2.0300032049935264,0.7504838200117343,178.23097420624725,0.47983797258822225,0.00034094875393249303
41743,-1.820195151399238,-12.574273645536456,1.5409090160496177,1.8727795066629183,467.9586995708367,0.5091924384387925,0.0003409491601579321
41744,-9.827025225419547,-5.426525318836868,1.8662697673806221,0.9509548764498562,467.2957969152196,0.4232727171923836,0.0003409608488970313
41745,-0.412432506866665,-8.908882882014915,2.7946430670413744,1.6371548686907653,384.5069993872564,0.6139774090821444,0.00034097271353115646
41746,-5.223122359043363,-5.25296094649514,1.560612409689138,1.3684979508541237,300.0287054759639,0.2231571255430156,0.0003409775206213337
41747,-1.0075286866169986,-12.42497429895306,1.8488579343090674,1.012786079999653,264.3589337111093,1.259917189680814,0.0003409972010810466
41748,-2.038042822429931,-12.762336884874841,1.7955555779880743,1.5192174915412795,337.65324788310926,0.29894560981594687,0.0003409989440605098
41749,-2.47030442203428,-7.595695121513781,3.1762595577653676,0.8604003025651247,173.11444791371835,1.0259219319799948,0.0003410089889541016
41750,-0.6245977621861059,-9.305676644984205,2.975492149751754,1.879266056369114,382.6726429797793,0.6865319044624334,0.0003410105736718298
41751,-4.683715453932619,-10.623946274476612,4.788120896955729,1.3967553233367658,307.6872742222651,0.3781349956657065,0.00034101631638466855
41752,-1.09552968774622,-11.770475950760463,1.970223666845235,1.4948394300659371,342.18891901289464,0.3095752832561738,0.0003410177007590954
41753,-9.55603104953781,-6.351623944206523,1.566015584631725,0.7987965051709492,468.6722515001961,0.10567069592279044,0.0003410218564267649
41754,-1.6970562837059155,-11.242162801617791,2.461371008070073,12.9936164660088,546.758270095397,0.05823714707028227,0.00034102423601315573
41755,-1.7788967102205007,-11.89822589490088,1.932543872822901,1.5047636503369741,467.8558918814346,0.3735287931452733,0.0003410296196134978
41756,-8.840349145789633,-7.774773812317665,4.576990119425128,9.954870937858868,773.5736023422016,0.2954956719405235,0.0003410313027991618
41757,-4.400849965676846,-12.303716844215105,4.383469399911203,0.749669221498665,223.0193680576748,1.0312437477425282,0.00034103166448904327
41758,-1.611941453815227,-11.69294118589887,0.7804440571875554,0.9712911849224339,468.63148362640396,0.3953544314393751,0.000341034059473134
41759,-1.589987819499278,-12.554910992130067,1.4513869621976847,0.816338299154541,219.38542608780645,0.47839898412139625,0.0003410608710251357
41760,-1.5164797456537578,-12.486489990093995,1.6969456021776685,1.7395917746301541,460.00139322473717,0.15158256408619053,0.0003411032500341143
41761,-9.351980371204224,-5.5004851938984265,0.9589088182765156,0.9598720573100105,262.38474069306744,1.5309438576201266,0.0003411222000381731
41762,-0.4535818228727546,-11.91973422132479,1.5159898817910007,0.9785994885177103,190.78930226313472,0.434219297924499,0.0003411246803035759
41763,-3.5471342225578564,-7.10242824763698,0.2420554389004201,1.1819177035756228,304.7420035269813,0.3197601046198857,0.00034113911194104635
41764,-3.8749447276259295,-5.650708613178652,2.6283750298262074,0.8065936306717979,321.89180136269545,0.15885296448009267,0.0003411447572351476
41765,-2.127997237696909,-12.796830821910937,2.2306433282792164,0.9640068437100294,467.65510628530023,0.6214246857836061,0.0003411466477232873
41766,-3.941058090269223,-6.181575229803469,4.866757409540267,1.6882122592488222,468.0131330953943,0.4734433574383399,0.0003411493955971255
41767,-1.4205672013181587,-12.292310471494986,1.1011402323229038,0.9745591354757434,468.06723770046193,0.7121745487807383,0.0003411538719815243
41768,-1.6347415148860804,-12.81394584742786,1.6596333990224352,1.073556172812697,288.539543780103,0.8796517840738494,0.0003411639736929534
41769,-1.5719865886796942,-9.901485359561105,2.933287671311056,1.6609530719484473,388.1980237123872,0.7366717390226301,0.000341164514152211
41770,-1.4301024046610848,-11.169495514540499,2.4548556332984743,0.8722867239949608,204.8562581492257,0.898764969469533,0.0003411658683473451
41771,-1.5864323060240597,-10.082611595460625,1.108184645773835,1.771965301946634,420.72100400898654,0.15869825508090862,0.00034117465826231523
41772,-1.4693468099454279,-12.161614319081117,1.8163587516323523,0.9646303171385792,468.0607058144023,0.4648550794251749,0.00034119598369319437
41773,-1.2731165022092057,-12.857894881637586,1.683039178639741,1.7036169185163743,365.03067836642333,1.1855005460460672,0.0003412099840322528
41774,-0.9340177415207744,-12.816350920964664,1.58815479651285,0.8652873053924878,168.47693111815872,0.06440881514386021,0.00034121556043210417
41775,-1.5130701235225388,-9.639813135956878,2.978949889070435,1.0473718898635431,213.99664695235845,0.01978064686165304,0.0003412289150312403
41776,-4.503084634396975,-6.843994922495145,0.38616190834039205,0.690779232067084,195.96427624499395,1.2436560278389832,0.00034124752789633015
41777,-1.01130392398224,-9.070204448390456,1.9316008736618384,0.927840835678259,468.00908405433216,0.3721370859935309,0.00034124817491160966
41778,-2.217376548637258,-12.003130195124623,2.8765517669777223,0.9542024707613762,466.9819754196603,0.062086585793845295,0.00034124974848055836
41779,-1.6108444742080898,-9.639230971018392,1.4677330701679068,1.143200575196823,467.5557852013266,0.5688067732951501,0.0003412528168699052
41780,-0.7811792326513753,-12.704155817916213,1.5980922358832172,0.8988564640852729,177.07133422164767,0.032217646933021094,0.00034126219161141564
41781,-0.4612886398747502,-11.823380774814725,1.9474515679126931,0.8617032396067209,250.39294439559308,1.6176524923342868,0.0003412656204706173
41782,-0.9266588454825548,-11.607440050401408,1.0459327371538045,1.3477903619581462,321.4093379223239,1.6268619565782858,0.0003413223449203591
41783,-1.979390853337204,-11.653138758343111,2.2723385189780787,1.1033615370057839,285.25819982024063,1.6509576077874497,0.0003413267738838235
41784,-4.161064370336183,-5.933011782304544,1.67648116065429,0.9735879898712368,467.53921566024843,0.26054466596906156,0.0003413335952124309
41785,-7.8409685228316635,-12.225798839070185,2.3777065545640985,0.8603128986174158,468.27075509188353,0.49141745644795254,0.00034133528094319087
41786,-0.9500599145658359,-9.137566324186778,1.7428943654472377,1.864774701230116,447.373692128392,0.4184956008343024,0.0003413501710270807
41787,-0.46770330369267654,-10.597360968359418,2.6077557227430423,1.1610834494824667,467.06028876431253,0.40275484815951934,0.0003413600491873656
41788,-2.0818194300448614,-11.986771700404875,2.201248520683604,0.8421001014130004,195.42968460010243,0.27614569313909154,0.0003413826077826692
41789,-1.9218859878355037,-10.16208411409815,2.868022141296045,1.995491786411791,405.13946697468236,2.1062446308264446,0.00034141795258291056
41790,-1.063041799677407,-9.370489537235796,1.5864747075767043,1.6745806010037778,394.56629529353734,0.3828427510207657,0.00034143202887398005
41791,-0.6629283582754013,-9.395721008960775,3.014032999646753,0.7313701470944215,457.1556424061278,0.4509529679083819,0.00034145427164546625
41792,-7.51454227508999,-11.311540578177484,3.5378719649039803,1.0253822066291671,468.52467756282533,0.652563854999415,0.000341459588583037
41793,-1.617309517992462,-12.491665705068943,1.5058716003679915,1.2511085851248736,265.22636204988294,0.19809154783323724,0.0003414722249330427
41794,-3.987100297576597,-7.160039519083909,0.1648486613899144,1.8471955191369631,468.52040278886136,0.4404274728790307,0.00034148793445899404
41795,-0.1360995783611525,-12.356045616549476,1.7059964394433085,0.9904743261398032,206.80183888664018,0.014876267670353549,0.00034148888484122734
41796,-0.5304350420165438,-11.724654930622108,2.274707325086664,0.9707477725891023,212.99721102602675,0.460615965428234,0.00034149887168777776
41797,-0.9399847747494654,-11.788004820844304,0.9906395898429013,0.8824440267886615,225.42785078525904,1.408804891128148,0.000341503580894076
41798,-1.5193378713444812,-12.068632322084143,2.3231366955624027,1.0098276634430434,211.15767892654577,0.11967506164990471,0.00034153945815438793
41799,-1.5095961245019556,-10.33577907742991,2.7301552320463816,1.8633456541958657,467.89564726257345,0.4763442387321737,0.0003415471320151739
41800,-1.230839430859806,-12.175573884969689,2.289747832082101,1.8124017581803997,468.3488966219742,0.5170296285081113,0.0003415528799352646
41801,-8.046595769434305,-10.730292330608174,1.5830193911728585,4.210782577443107,574.3372240807738,0.45079819472471616,0.00034156975552764057
41802,-5.159226574665656,-5.401505331657096,1.5695601322001627,0.8927526630992406,233.7962584804039,1.090710862495281,0.0003415732108136124
41803,-0.9243358249520401,-12.77403189391755,1.4487697522018224,1.0547166958520409,208.35623846439248,0.15899153542451128,0.0003415822317094022
41804,-2.050083380771354,-9.237970065886394,2.9577206442637545,0.591014145960354,173.14318934328332,0.7394745112043646,0.0003415946433787924
41805,-1.9570600716717141,-12.317086747702481,2.0339297945448624,1.8617936569444082,467.89617811780926,0.4763977881215151,0.00034160088122260325
41806,-1.9451147524108556,-11.008273196673514,2.387079651540085,0.9330054842355708,263.68966903338105,0.7212614456958146,0.0003416131581835995
41807,-4.7758250763114845,-5.885436371890005,4.515469809867183,1.448432736834036,346.6687949687331,0.5037528757934044,0.000341622401487569
41808,-2.027043883900836,-12.548636991115615,1.7812936004275874,0.7918161322546013,167.9164645653864,0.062053997333518573,0.0003416316490292287
41809,-7.776452137914825,-12.290501191891341,2.659283547081901,1.1739896449457752,257.7136320560669,0.5423734614462239,0.0003416410495256538
41810,-0.46066218743408704,-12.760965554850747,1.3514886356819273,4.93162189988074,615.403730818129,0.3968198704485504,0.00034164234444019026
41811,-1.7377309559812169,-12.360844867462086,2.3018451077971953,1.5691281335712453,468.1749246510435,0.306771992190888,0.000341651268190378
41812,-6.678356448432151,-10.852629871665492,4.554834576027905,1.2674858996889649,280.6850181464391,0.23147433881579982,0.00034165569494299227
41813,-0.04566957307814867,-12.81961153270455,1.7961998094421354,0.9376689384904106,466.5721006880246,0.16328879417582431,0.00034166204530600814
41814,-0.6355508488220565,-12.88430729908674,1.5846382698155523,1.0779542254865269,279.34359922517365,1.1003044931136943,0.00034167711425778615
41815,-1.942464032253083,-9.211239271359485,2.950232018969059,1.590830897227209,467.9445653112163,0.05244296059446096,0.0003416778848451485
41816,-3.299471938423526,-7.2366026235249095,0.16883982766767663,1.0580975714422918,467.36172817238497,0.782377001428249,0.0003416830555502137
41817,-1.6335891282016064,-12.42627092821009,1.4626157757107758,0.6143548847433802,129.4768619141736,0.02135860141368706,0.00034168345750629973
41818,-0.939010376125383,-11.761574672328777,1.9590326425637463,1.818269754559553,435.13461507095724,0.3403575263941363,0.00034168571552301973
41819,-0.150872463220173,-12.28509494849496,2.0820617757746933,0.8871557584441591,187.99517394284078,1.1526401849242225,0.0003416969972683223
41820,-0.0854882839270914,-8.7334185484929,2.6328490205450517,0.7919539833002809,469.8102722396233,0.129318201294228,0.00034169949022000196
41821,-0.6584454427434352,-9.609501235601462,1.2630067154776448,0.8971117647529963,469.0801290778311,0.07873588684450272,0.00034170703822601275
41822,-1.7076401152546516,-12.029362605899786,1.371858137211416,1.4946304434408044,343.62049263539694,0.18395810187784178,0.00034173287078714825
41823,-1.2197668312791201,-12.63935092410891,1.604892247908515,1.1316795768611565,231.9993357346218,0.006838678783998908,0.00034173626417893414
41824,-3.112260576477671,-6.476839379226961,5.087380202339193,2.3918264089444947,446.44779199917,1.9176036978872348,0.0003417593676589475
41825,-9.37741488343385,-7.822547814218967,3.106414544800949,1.7447369991401753,468.1473108644596,0.5480568562741119,0.00034177872956343434
41826,-9.54571038157133,-5.654475038364662,4.60167633175698,3.0211879271526345,501.9003690521986,1.7274461906249616,0.00034177943703934727
41827,-8.040241177215343,-10.223569226257656,2.740426695255629,1.3974164920341154,311.8488387168354,0.2118739635675455,0.00034180763236956867
41828,-0.2925862245016635,-11.311516066568359,2.071957166777638,0.9333560473133978,467.9027384673366,0.9322774917309102,0.00034181573138316056
41829,-1.5602526470340425,-10.741862989701772,0.8147358459904034,0.6977279664841929,157.55025868987013,0.9779774964669539,0.00034182026446649976
41830,-4.025908032149453,-6.250776359243709,5.052408283808295,1.9407212797883777,397.84130627897525,1.819843726230153,0.0003418255390344705
41831,-1.3208989585224558,-12.384243018303016,1.0145671367251208,1.098837948469071,284.35478636028984,1.5441316813633899,0.00034182836405576304
41832,-1.1487710486241767,-12.85721108271887,1.1589550787618634,1.4587998542918292,468.8596807732378,0.26763140108754335,0.0003418311535638437
41833,-0.31521647734771463,-12.024451316140754,2.203511761118064,8.186423699681903,490.3952240312492,0.08862493782904046,0.0003418348285557722
41834,-0.10077364806466882,-12.93919952392979,1.9907232047479024,1.8563685818147944,469.87696469838727,0.09077814482945179,0.000341865283308415
41835,-0.46763360153954103,-11.03779527127627,1.387247746440646,1.8303093803608383,437.3191819151937,0.1576127337218507,0.00034189647083817016
41836,-1.8388447222859732,-12.538518626382077,1.9844941792101511,1.7858703007402001,469.73315174926614,0.1139299458344114,0.0003419059311293814
41837,-1.60629434005266,-9.571110179710237,3.0097683378346862,0.9016706533795871,144.84402051648027,0.2931218021601314,0.0003419142387642131
41838,-5.322442884051347,-5.632963545315717,0.8809412425417898,1.5701083295356153,351.0346312410417,1.5971889927876122,0.00034191458611352254
41839,-1.449748122112421,-11.88638388118429,2.2242165501778834,1.9009943797305016,468.8147763121601,0.5719763035548242,0.00034191734514198575
41840,-1.176385711120389,-12.165870176390703,1.3747702344211654,0.8646393644633756,169.51137983095887,0.40177727892641535,0.0003419174424927051
41841,-0.6582235986760168,-10.978897974142416,1.0467611134292456,0.9150400138955118,183.59426874737346,0.8934989761126486,0.00034192110544166876
41842,-0.2970681626857896,-12.843423205323335,1.3793619260579495,0.8136070608856097,225.06120057192234,1.3583705007536544,0.0003419303215813257
41843,-4.753283391501185,-6.009713438716193,1.0337277359772141,1.8245714756597597,437.095924907889,0.7190830039810274,0.0003419304284910905
41844,-2.321494796606066,-7.962955619195219,1.7545667614215381,1.3553710219345567,317.0829039039775,0.44948006561948173,0.00034193554386179433
41845,-1.0160136638052872,-11.407832679429038,1.471770939501887,0.9941544233824738,368.99478742499963,0.2951595490754819,0.00034194322593495395
41846,-0.43250612810106404,-12.430320648571445,1.6282466192214367,1.1462079415849016,293.2790917820949,1.2384949324118386,0.0003419681660706587
41847,-1.2140936734080423,-11.786532498879508,2.412407471079122,1.4351697022881622,468.06262705736015,0.33651271149903916,0.0003419682140358624
41848,-0.7497240848931259,-9.24405002111827,2.956202616559079,1.1763822898859342,358.73934681570444,0.9616912041134666,0.00034196909066303965
41849,-5.597415449282421,-11.015912873024757,4.665079497378762,1.1256182799644183,292.51597527056435,0.8180005723346833,0.0003419737784505078
41850,-0.4883858908392451,-12.25684983608716,1.7986626048022079,7.352204091320107,722.5287161354366,0.4486228798168934,0.0003419809999978926
41851,-2.4480872964383327,-8.244097107569932,3.9389056852110453,1.4067815039855285,308.6656196731312,0.9343417613063325,0.0003420058274675246
41852,-1.1303592892213423,-8.939767387017879,2.1292878900394694,0.6926524281552244,467.67798115082087,0.4284045251423416,0.00034200673516507666
41853,-1.7636017282296184,-11.11291613476448,2.4740469817179034,1.0229752637658962,277.1776411213396,1.1508790308571717,0.0003420239503967035
41854,-0.4295965449708934,-12.915044227098964,1.9902701251293997,0.7111215656223965,467.4780534566378,0.3550904486800013,0.0003420354019781124
41855,-1.2408264484343263,-12.200413586814351,1.835265348906532,0.7758421330547304,222.3299467008009,0.9916070807203479,0.000342055273466183
41856,-1.5734303075058644,-12.08466287032237,1.8145868778833283,1.0235109340453898,280.0290372235298,1.480671479789403,0.0003420818043099592
41857,-1.3913116652406359,-11.977331380071673,1.921466829485054,1.109896546543113,287.0096715885342,1.5101531152715957,0.00034212859949282943
41858,-2.1669879107332743,-9.297460471958303,3.1895333469833202,0.804850695112255,224.27554607440277,1.1781860038274976,0.00034213409418628395
41859,-0.02302058159698106,-11.771504563186596,0.9970474956863765,1.0819807038927134,467.00051942457304,0.61590333643466,0.00034214195314539206
41860,-0.6389902570536101,-11.83301303753573,1.5120249335096714,1.0485349647753257,273.71650450685877,0.45914310074854026,0.00034214501527217797
41861,-1.3177489792512294,-9.336802382524644,2.971340366448437,1.7582289821618582,468.70336746223137,0.6102101058851996,0.0003421687300628026
41862,-0.5978945425176452,-12.046914053075543,1.3761272745593185,2.219079704994509,396.79189991217584,0.4284478485108769,0.00034217316556518936
41863,-0.5516822183199519,-12.516859018308896,1.6171832419402838,1.7122099136982676,467.5296711828764,0.3832926518080324,0.0003421766431368305
41864,-0.17643775294481046,-11.138575693069845,2.4807353985269334,0.9043719312126215,238.84961225521937,1.018043955918495,0.0003421788191389001
41865,-1.7234089638055607,-11.645758179908764,1.354665709824521,0.6000207560156984,188.12002306074893,1.1166551763571126,0.00034217894335482335
41866,-1.896035228726321,-8.861766188060727,1.0943125354526455,1.8245668949851466,436.6347136262537,0.20435959970525186,0.0003421878632426381
41867,-6.25150456116914,-12.143424394143963,4.403323848614828,1.6494791916062062,468.093986358626,0.4434518632777502,0.0003421920590513015
41868,-2.4173684549989902,-8.685877654988364,0.4697711394374698,1.067801966302243,232.77714680078367,0.36298893807976995,0.00034220792722019355
41869,-2.5137269420558255,-7.2528606685907135,1.4977020085186712,0.8082661719946317,224.09753039466048,1.2280199239411518,0.0003422136144835475
41870,-1.8900146180865676,-12.102163117020753,2.011467400243719,1.8640134731651072,450.9568823614682,0.6331374247347545,0.00034225343589410937
41871,-1.0753394183334706,-11.652085493770304,2.2720742016511095,1.3096961432855456,305.76757409041033,0.4219847878511809,0.00034225385281687456
41872,-0.8553276194792865,-11.005878191327136,1.3944992582270497,0.9226429607340394,467.8596999256258,0.5624637314366439,0.0003422836837086396
41873,-3.836874286543286,-10.754177267667055,4.712179187415281,0.9865096314370246,193.1755985785661,0.07861738872862034,0.0003422934622070022
41874,-1.747479334327199,-12.49293892458424,2.285779397352314,2.72950256257987,475.590823013953,1.4597005938685141,0.00034230774043678846
41875,-3.900145900591692,-7.258637448847163,0.10512597123188978,0.9153645188294376,183.2332297437713,0.7165595719676618,0.00034231066917751887
41876,-0.4880992616610005,-11.595181544349623,1.0623157063352686,0.9267612454591393,187.1476891234997,0.4827723514667186,0.00034232224530568
41877,-0.09624583215976656,-12.401232750112115,1.6136012128664452,0.8121735058886962,229.5096193864405,1.2453499762568674,0.0003423393214291387
41878,-0.12236642369946438,-12.614040274241574,1.349225053286749,1.7478529361274904,414.63406295005757,0.2788000709408438,0.00034235273362298786
41879,-1.2585182013434686,-12.346552167573227,2.1706737815210357,1.5847985274797813,348.13487803740736,0.8875818126823338,0.00034235404184524413
41880,-0.8403779799157203,-11.395095330476805,0.9961682785366067,1.1486311485190932,255.49348994267334,0.07375766826286867,0.00034238337716674595
41881,-1.6013080312670134,-9.613660079156375,1.2742061597988872,1.5686649118048062,364.6966681534173,0.306175677678274,0.00034239589847440285
41882,-7.569602583010113,-12.303199650578112,3.238277138396667,1.0644512244511515,454.7076937553179,0.9080363053785918,0.00034242156336209155
41883,-0.6433841959382463,-11.055809846272432,2.465867633712482,1.7235759877625711,366.61941579594924,1.1321431649951093,0.0003424319074962388
41884,-8.282860823432621,-9.571250690116122,2.6773484254583475,1.9947292701083825,404.9524239059279,2.1461745981057643,0.00034246452639528495
41885,-0.8903858804337776,-12.059049404957104,1.6114471188590263,1.0687225937626867,468.0737475181959,0.8396564017406529,0.00034252739191302273
41886,-4.979360267337686,-6.152211163252372,0.7393337903331544,0.7753922032049401,469.1934832023191,0.20425888828089445,0.00034252787726757664
41887,-0.41871934620313667,-12.537020925917346,1.1583775645818595,3.949199108170137,360.4698858593861,0.08296027546742213,0.0003425904192654157
41888,-0.4622623076656005,-12.868486474582324,1.6790265206896213,0.865038149913393,467.5036799823397,0.6021799257350091,0.00034259294829492817
41889,-7.687061418619335,-9.481150393487674,0.24153261854104868,0.9870348648118275,268.0424619545551,0.27347263066267136,0.0003426155000965375
41890,-1.5479371066628325,-11.411491973250032,1.3881928029856807,2.224316341674045,429.80447463969523,1.954707735675159,0.000342617472977721
41891,-1.3894445004807707,-12.325337517443845,1.5916084884396406,1.5824040553151524,369.37630934365785,0.40720124264421464,0.00034262037207927605
41892,-0.37373128294540336,-9.093334066990973,2.915710065778332,1.837679902851255,469.32748856470477,0.04968068723636332,0.00034262578568156657
41893,-0.1961023815319134,-8.976757363108556,2.829734481728261,5.137683849589918,527.6523983723886,0.07666624182798376,0.000342628930387232
41894,-1.279019354738475,-12.194711882452177,2.23912866753413,1.3155503042961643,468.84680141006174,0.18972233171333297,0.0003426299718051234
41895,-1.118442508545309,-8.955053246481356,2.1400104726884646,1.8612640334556665,468.61057148556597,0.5664669841178407,0.0003426517440670581
41896,-7.298419165535146,-12.374023178479032,3.6984079509084307,0.8426273790212384,246.40124403599316,1.1298103982006165,0.00034270524682745773
41897,-6.869423482855975,-10.664252566901736,4.515796454033061,3.0713714399638636,504.65206543408476,1.432770045776464,0.0003427718181930124
41898,-4.308554108538795,-5.590696838153893,3.2028049138071712,1.5321178369626827,292.15858686354375,0.281802893811574,0.00034281492738316336
41899,-0.9987458766583686,-12.520950805367109,1.0416367896778007,0.9048157838131721,468.56248690607237,0.28908454332022604,0.00034281892698320547
41900,-1.3386754307981406,-12.79974022477359,1.1732467787008272,1.8868601870139434,467.75996257243673,0.39903052815518514,0.000342828335018685
41901,-1.0301422749599496,-9.613974733166973,1.2863681328227483,1.1120083096565752,467.9725303145095,0.8268401681704978,0.00034283076969625695
41902,-1.84256570179096,-10.874339482485844,2.562416063664151,9.308020982625722,451.5210018421257,0.16173707397556392,0.00034283350871186757
41903,-0.23279430958812597,-8.82646017698469,2.494235640545936,1.0090614922051326,197.62060166249847,0.23646981916321064,0.000342839982679335
41904,-6.492030205495585,-10.457823470657353,4.800840960638035,1.1470507033476822,210.03346978223027,0.3780519142444918,0.00034284438448459707
41905,-1.229385725290408,-12.813098402268894,1.6801402251100561,4.314183716344528,582.9739451750502,0.6007872277815451,0.00034285047310337815
41906,-0.7378479187982112,-12.773081937111302,1.3311737848774945,1.6706898639706012,390.68527593737736,0.5844511372496681,0.000342874406318853
41907,-0.9873781273210884,-12.566477047547222,1.347660118008674,1.4857679337695968,340.9527927542902,0.013293034726681974,0.0003429062200682549
41908,-1.1762805843821376,-10.953034495335583,1.0707323368754436,1.1979340134640077,201.3774427049516,0.11264983474560886,0.0003429091598348114
41909,-0.8923725139064214,-9.070439642923954,2.045172532073269,2.2410702586306686,432.37488044046495,2.369857031682751,0.0003429229935942906
41910,-2.1507405307411975,-9.225631964483755,2.989538595003224,1.722329823517084,467.8726831343533,0.8912927501898444,0.00034294345380618253
41911,-1.949409868508999,-12.147626255012849,2.2404886443502683,0.6973088260920872,468.18690000019785,0.38258351930136847,0.00034294494800313116
41912,-2.11089979112975,-11.675211728806756,2.4974798656349817,1.8650628500276005,387.76941822218384,0.8804125639436853,0.0003429454573139134
41913,-7.79849699733839,-12.332619628640176,1.0948282784247227,1.7332876565933961,373.5892979224431,1.6698481609264002,0.0003429758567282219
41914,-0.9408048384371828,-8.75685440993353,2.453221440187946,1.0175098731637202,256.3269986652578,0.30287086911789896,0.0003429856701083404
41915,-1.5366669445416257,-9.710633363474537,1.3731818324965082,0.5045116921416297,137.9108930101658,0.25686626856869577,0.0003429863019184229
41916,-0.9611177632749559,-11.261135583218383,2.4521570944847992,1.851993794549847,467.9784458724766,0.3581080594880701,0.00034300136979581187
41917,-1.146693567942469,-10.000903037196366,1.384575091835031,0.48416418521703336,131.7156019784044,0.737431655579945,0.0003430070207321943
41918,-0.27001360299172994,-11.977461939122641,2.324035617580719,1.0906698870990397,237.813498466026,0.3058393229325489,0.0003430190000517877
41919,-1.9534695027717124,-12.32538052511727,1.806640455564823,1.7766633470526214,468.2310258748334,0.5479431994511215,0.000343043999276632
41920,-4.968422282064192,-5.4069471392747275,1.721450858739424,0.9110912950960458,433.6193503209149,0.00038383118346185796,0.0003430456067020529
41921,-0.47601342925788614,-9.405039510064505,1.5904717997949458,1.0149447669776455,270.11063672462365,0.5110350088934501,0.0003431280307109165
41922,-1.4012197785099296,-12.31882692954682,1.45500143662313,1.640591845699431,469.6067908857769,0.24277115254921977,0.00034313401933192564
41923,-1.3929590558213736,-9.091265287390705,2.840522969622312,0.7529685232952333,156.0296041852652,0.2663190618091642,0.0003431341817538307
41924,-0.9745471279107729,-12.411215012242959,0.9878953933449889,1.177367538475121,295.8809254293562,0.8806356015795265,0.0003431418764093298
41925,-0.11356159976327973,-8.73219757184583,2.506966910210315,0.982817851759061,272.0040665095165,1.4342001614931288,0.0003431446547804356
41926,-7.604661888539843,-9.30879109781834,4.679153809682689,1.1093721875528182,466.9708797218397,0.6192891466378105,0.00034315829770405817
41927,-1.0408494607601924,-10.536953916405803,2.6104431561277304,1.8856105768499078,467.389359272891,0.5832556422456996,0.0003431618894988623
41928,-0.6089468895283741,-12.652456712953196,2.146084959482502,2.1688030552926616,221.3667383422219,0.4101994425180093,0.00034316414174368376
41929,-4.526703780648569,-12.450980061903312,4.373177005985971,1.555661955443569,358.74729219466934,0.24033689733557395,0.00034318941977247387
41930,-0.365286368499552,-12.251236781254478,2.1619480860132425,8.560662619674714,534.2188330133847,0.03287151289982493,0.0003431966176361985
41931,-3.4224265978573705,-5.704287856494341,2.6603855545143875,0.7647791339664035,157.93388505187318,0.7998674955777316,0.000343202792672297
41932,-7.74042637148059,-11.4122956696692,3.001040660784007,0.6401215855439907,141.11180806068606,1.1268063839816742,0.0003432208847022145
41933,-1.7173068000824578,-11.436953527189887,0.7493814482393469,4.135078860327879,300.9581812909273,0.22496915081404456,0.0003432288288724296
41934,-0.761298333521431,-11.901086798610896,0.988340570573923,1.7728390798988252,467.51037193801477,0.11769437537934824,0.00034324423803783487
41935,-8.47730830261416,-8.361738337553977,4.342442493105002,1.8087504909626322,430.90938380488114,0.29923437883532955,0.0003432536511573459
41936,-0.8627512098625125,-12.297084742823468,1.6665819168444076,1.1060615246025096,468.1945920955277,0.6414824897388707,0.0003432794979233746
41937,-0.2392800412403755,-12.697125153397602,1.983055320453134,0.7395467122845911,467.52491541674834,0.31725909507231265,0.0003432935842983552
41938,-4.673484576973649,-6.221275979808856,0.9853267892856558,0.9465151773100448,467.960942357202,0.7470919519583932,0.0003432996290446893
41939,-2.1166630364143124,-11.69179956180162,0.5051041046602012,2.9985792685886405,490.0060899681236,0.66775342953422,0.00034331546839707364
41940,-0.28476941905765507,-12.370591733041088,1.3523768613589278,1.0133833106664516,199.57240784182525,0.4229187052820249,0.0003433211522484925
41941,-0.004695027282316744,-12.118499179589936,2.178954932307398,1.1035264400131104,285.1301736516824,1.2631221027780297,0.00034334357335533816
41942,-0.9224363984719712,-12.475217033073083,1.5812969132178505,1.735607639165869,345.3004161798711,0.5218736905839414,0.00034334794241481
41943,-1.136721726467755,-12.627258527023953,1.1646396913523698,0.978051363437758,195.34503173612603,0.9122730350276411,0.00034335612890562165
41944,-0.6595120848058862,-12.974349433666829,1.6930654124449807,0.8956515706121074,467.292642405075,0.617177392195166,0.00034336276470948703
41945,-1.7165499263489732,-12.628917820735346,2.23508110580117,1.142365892594308,467.20410088508214,0.23070414725381827,0.00034340257917543426
41946,-0.14447405445957173,-12.053379782528205,1.9270321935552182,0.9904624496086476,468.67713964845575,0.28918734267812507,0.00034341394679655927
41947,-4.395495846465102,-5.4897951127942415,2.8846354360529465,1.1287135287516503,287.4452710611722,0.3822955468658167,0.0003434182007185873
41948,-1.1860397698617025,-12.420397920732652,1.7309022471255735,0.8067221121477572,210.37436023304193,0.5529462660439144,0.00034343493188007543
41949,-0.41494694973178703,-11.62850543211869,1.9038335526110088,2.3516011482755137,431.7094924837424,0.8393474066999209,0.0003434365530747414
41950,-7.656779993732211,-12.632559271890432,2.9906180553895756,2.331691438869105,441.5364991174449,2.3694772826224444,0.00034344759715211143
41951,-0.3023922167921871,-12.357784111189735,1.606373889086992,1.0960380490869468,409.11441628524193,0.8080810271519869,0.0003434574111469712
41952,-0.7037649104369095,-9.168987062430105,1.8357951514701962,5.143080083486165,632.0990323216726,0.7557997917655177,0.00034347588156312587
41953,-3.9605490245259887,-10.008340090938145,5.112712407114895,2.3274056594572268,202.37729185901355,0.31980774406356804,0.00034348147581676866
41954,-0.34309350584561216,-12.693748630204247,1.979709883649041,1.0344737838738165,279.0416296083866,0.7280240757823799,0.000343482684889425
41955,-5.129005348994837,-5.2866383506395636,1.7555203343901489,1.153082463861708,293.19549886605904,0.9942319957523225,0.0003434854567500712
41956,-1.2015049445652828,-12.206839595936396,1.5907934999188824,0.7759687338342083,469.4314161365683,0.2056088321059466,0.0003434903892639371
41957,-1.9435838894366722,-11.678442565259148,1.688997304336636,1.1763333513275505,301.9063383857811,0.7063127611251891,0.0003435415885292799
41958,-7.816381174642402,-12.485386403488688,1.4731729248719794,1.6864043564817348,367.37537541495794,0.9874349631530288,0.00034355005167344875
41959,-5.029650960279932,-12.79648597453248,4.362035639215043,1.172855803720496,326.6096434726216,0.18701838769117085,0.0003435569976944178
41960,-0.22746141972195133,-9.170265449157274,1.834497470610268,1.5808950886197113,348.41872490509934,1.2734152506416914,0.00034355908034015793
41961,-1.0885232635100106,-11.301704720041307,0.9883037070849561,0.945433898923441,183.91211688834775,0.06690740680769114,0.00034357453245882527
41962,-0.030075124027227673,-12.504137582180862,1.3777527589836112,0.6779223433049443,202.8719980373072,1.268507369018395,0.00034357531177242395
41963,-5.0879495473261995,-6.694242440102992,0.3222687019493537,0.6580419990422468,168.42989556000046,0.8878780846860481,0.00034357670747332976
41964,-0.2492703879301903,-12.191022292434559,1.9865507869660486,1.0404860936944111,269.9433235059745,0.8573742569077156,0.0003435785256781697
41965,-1.362381272557208,-12.891760265161695,1.1820016037994372,0.4580360064264549,105.01940514866651,0.11046761053194132,0.00034358203353198783
41966,-1.378518999323914,-10.628870291843832,1.0226338031768405,0.8084656101186366,418.91968826816316,0.09196163866386708,0.0003436099540327225
41967,-1.4557329721230552,-9.350833843084319,1.5734287906529552,1.2350127066852472,468.32985145446105,0.5097273065805128,0.000343619562597663
41968,-0.9726216404562233,-9.08369676284869,2.847187426938305,1.172504622349377,250.2229117508787,0.04847851023755645,0.00034363911557612416
41969,-0.17293947699945988,-12.377891826388396,1.1290655950049322,1.882902742959058,307.53531098782076,0.11286527992701867,0.000343641910886469
41970,-1.7863946692380708,-11.217554798673204,2.5057339535900005,0.7442696403691402,154.2656509147764,1.1048646218060787,0.0003436465607740001
41971,-1.966294905450468,-9.762149202081734,2.944319613376675,0.9334811741365915,196.86465668395118,0.43134364646044343,0.00034365024977318773
41972,-0.11862366516177048,-12.567283477558151,1.453419633427324,3.9615749930085484,564.3378406736532,0.8132729270775334,0.0003436724939487292
41973,-1.6038042436859037,-12.473147624574839,1.3475554625467565,0.9271296064061061,189.45781289094933,0.04636950531437023,0.00034367480112125346
41974,-1.0917230705198886,-11.931919292335838,1.735201639560474,0.8481147191618389,215.43374774180975,1.1316273981458096,0.0003436915463749222
41975,-2.0792502922254297,-10.557167644697204,2.667350236662235,0.9321928642176673,469.812374504607,0.06515264454442349,0.0003437197425449023
41976,-4.01918711213413,-6.219273354691586,1.1156186054372517,0.8204248739842648,200.5002361131372,1.1704925476467212,0.0003437359344649843
41977,-1.994535853247184,-11.798514242084373,2.319763987662051,1.2671642684906412,468.5802106154763,0.6505917749751662,0.0003437512245127697
41978,-0.017136556548088322,-9.786672322988029,1.3492311864409432,1.7991832690268594,370.43492440400735,0.7649384029409356,0.0003437538374274603
41979,-0.4950513157519367,-11.413504576970226,2.364576716220795,0.9800343327649038,297.4165675229497,0.8731066965325445,0.0003437634524299484
41980,-0.04217486134806414,-12.80513056855414,1.7889568208259807,2.6941053630389904,453.37787184628496,0.4061157709594836,0.00034376537409782113
41981,-0.8046364012883664,-12.483244398506676,1.4856710884669366,1.1985973613852487,254.27191319203996,0.05769891268955707,0.00034377367161487305
41982,-0.38642037048076894,-10.096271433996959,2.832260728470384,1.1169440849225112,289.858735989824,1.0184383314587784,0.00034378143565402466
41983,-1.0632289354013498,-12.372698782366884,1.3478544162125865,1.1573015027239992,301.0194257014237,1.6277088262684387,0.00034378295580625174
41984,-0.8694668137906394,-12.481532899904199,1.3771288105540367,0.7950320358733252,159.76010071849936,0.5209818390205898,0.000343786741874684
41985,-0.6902571959056125,-12.010279149988726,1.0414136707192114,1.8515972469034054,442.5677125903241,0.4046885229135464,0.00034378849894437516
41986,-1.7422607204477387,-9.082000331437005,2.038645288694463,1.8650848449559267,447.53607261390994,0.2531895686716856,0.0003437919895331115
41987,-5.006274503985325,-6.738149515741711,0.2732130722817135,0.8202637712075111,468.72669486360314,0.14360797858544405,0.00034379740375828697
41988,-3.365754329939385,-11.19233444668709,4.5612996050568135,1.3959737683603635,468.4262800179423,0.6067756994473132,0.0003438020387947138
41989,-1.6187637008934281,-9.730958118335327,1.2013602824882688,1.255882476109173,219.02078843116666,0.081121658925432,0.00034381998660976316
41990,-0.27602768909370035,-10.22447088158955,1.1288488842259408,0.8978593134225906,192.32064818732255,0.018722233089497387,0.00034382218106305325
41991,-0.35507957063776274,-11.652734303834613,1.883620093423396,1.0934757450203494,467.8106890303076,0.9172082011003182,0.00034384681314613026
41992,-1.5141425124275685,-9.81910977756714,1.2122227801254182,1.4069734909650788,318.1872709904762,0.7163948299883005,0.0003438489777440613
41993,-4.235208887055311,-6.074260253922547,1.5246323940104263,2.9254252898644926,491.21308584993,1.2240433072740693,0.0003438846910045531
41994,-0.4644523278631816,-8.973194505080196,2.863635786904341,1.0875451869358526,467.2790340588906,0.8085491599299379,0.0003438914178223389
41995,-5.895402816856851,-5.021492050900028,5.088393550508288,2.910078943899433,489.6265114825139,1.1773221616584069,0.0003438994957206199
41996,-0.01507371496654386,-12.432612825889654,1.3777897161429156,0.6700052389160205,182.810146678926,0.3897242548446096,0.0003439159770183285
41997,-2.144246064820271,-11.666631970479958,2.4683817673484665,0.7569981501814119,214.23771216203028,0.7764690033843094,0.00034391864877146745
41998,-9.21550629398892,-6.342009326434789,5.142423017401289,0.9539222224200704,186.59485991263838,0.08852490346674458,0.00034392896745388265
41999,-7.7842747255003175,-11.324630641801805,2.8972208276018967,1.4706608724387369,246.53412722015156,0.04584765437419236,0.0003439362281801421
42000,-1.8893789674811128,-12.738129299061175,1.55277922569322,2.630821102428366,469.9561405982649,2.3409677865149945,0.00034394232588203666
42001,-6.415397382083686,-10.391312266703999,4.857720338436853,2.7113248849674165,475.3880415126556,1.7225476459771718,0.00034395526270078534
42002,-1.682523048678405,-8.718357781687859,2.188305432194231,1.7652596403054865,467.7396978068172,0.401724519343321,0.00034396617633015883
42003,-0.8851202432614169,-10.60303050583044,2.592147541904288,1.0663569114663525,283.4206557474875,1.266535786955866,0.00034397660713333565
42004,-1.6010789315689742,-8.962495805045243,2.1069885253973437,1.8785888542679199,467.6778955222907,0.2608375003467218,0.00034398228940701
42005,-0.8249101794500096,-9.362948496301602,1.3104851182712751,4.752468796740749,420.78820787919307,0.04844639953806773,0.00034398498783060706
42006,-1.3818958813402187,-11.449213018388697,1.4079331666277888,1.7794724528205916,425.8554726472847,0.1785557280290968,0.00034398739384396186
42007,-0.5429201588568393,-10.135863842494986,1.1052344986455642,0.5312486111182331,141.0461291040205,0.5040765886290215,0.00034398956688012016
42008,-0.8507914924978515,-12.40767220888865,1.6839169997281977,0.7568812634244133,200.446234727229,0.355380427227332,0.0003439897602916483
42009,-3.7631895362253047,-6.173100316320229,1.221439917869906,1.6768436442409973,351.58973138546656,0.8263874684797443,0.00034400971269155073
42010,-0.21936179141493994,-10.999624604327074,2.520392657376411,0.7825049494766749,444.8802548900002,0.2787012783021172,0.00034402094865051866
42011,-3.61831217900302,-5.958472145428045,1.8090531798527238,1.065931805321814,225.49888289290328,0.2369412160795452,0.00034404016358145876
42012,-1.6964932671928938,-11.801806596993774,1.59997138414118,0.626734687741422,145.50352614732407,0.7929947054955102,0.00034404514842718744
42013,-1.2276753428119278,-11.028083671672317,2.5117010795177563,1.5016796777259993,468.262834264669,0.37534702018320676,0.0003440516438550288
42014,-0.15050886947884123,-12.071615657009271,1.7081630667098608,0.9390686434631396,247.46521915177755,1.161602655705381,0.00034406383070036204
42015,-1.6310437987676814,-12.82416275907693,1.4462497677119799,1.8290176289248534,437.6201058690411,0.649571358983402,0.0003440641717968598
42016,-0.6802842047967168,-8.997711862545337,2.8296057205312573,1.4938467069933257,332.0953405338919,1.0388807017846142,0.0003440704974262846
42017,-0.08579987285046009,-11.943336790106446,2.3210091372837813,0.9423711274530409,253.83036534663955,0.7994466546137664,0.0003440793488596208
42018,-1.4268011203476867,-12.703160936368914,1.1821472065348588,1.8316662294738695,467.5908364771503,0.6270357816734897,0.00034411546798616087
42019,-1.0711304877753918,-12.502489483881368,1.3319740786798386,2.372493691023923,442.62147862716614,1.5878874688449311,0.00034411592906446277
42020,-9.228747924046525,-6.463858236924983,0.7567849378030204,0.6274923270159292,128.05728255102318,0.8206105048242263,0.0003441176133732743
42021,-4.949825395043081,-5.251211351737189,3.505435100765107,1.7024553208536777,467.256970954343,0.49241342731847215,0.00034411951023216657
42022,-1.8275919911101397,-11.214034646193507,2.042337256077275,1.7720645047023174,419.7878716193795,0.5177565286187855,0.00034412335516539346
42023,-1.7024603605416253,-11.276352529190477,1.3348292816140517,1.1540107876877945,467.6106548751864,0.4900704841220298,0.000344126126240649
42024,-2.3690778556493814,-12.316518133238661,4.4386346151169,0.9706881628834463,468.0419379707427,0.9163900764014237,0.0003441402044940798
42025,-0.9889203723053583,-9.515638897249648,1.318987178170718,1.0244015472110928,272.478448986174,1.2987440568967132,0.0003441452510716674
42026,-8.872315106565042,-8.343057025821363,3.3336959057009943,0.6300741393686664,168.3232435009786,0.8250481716500655,0.00034414662397340857
42027,-0.9329126914978545,-12.957848428847893,1.6304625840689737,0.7838334402527998,197.69934055667213,0.5553951948608606,0.0003441513850367028
42028,-0.04989951897311151,-9.211879517932607,3.003574212710154,1.8378192757885148,386.58054130877724,2.081262993870168,0.0003441659818931382
42029,-0.8559956652445173,-11.801207795574758,1.0411715415101555,1.8287997824486342,344.9189153258835,0.3908684405022189,0.00034420473895087377
42030,-0.3537249449149229,-9.074120751780576,2.8338680759789088,14.049931365142152,577.4371185954881,0.06073106869122835,0.0003442061521947299
42031,-1.8157141331934348,-9.649255164915862,0.8910339136819896,1.4868154779191394,467.82895765705433,0.779606321824466,0.0003442127955484565
42032,-1.574800166869867,-11.999058846595652,1.9241083392012535,1.6186063406916555,148.15592154606716,0.3358996054642338,0.0003442199885228344
42033,-0.24224988672788683,-11.61810773464054,2.0931837574118224,2.0033433002304646,402.930350227381,1.5347473785826518,0.0003442290435344553
42034,-0.6637793603119988,-8.737657846491778,2.327230494209227,2.6324322282237245,454.6648143622938,0.6375122846857328,0.0003442339480463848
42035,-0.08435149703474032,-11.194317064050573,1.4741337638468657,1.9652443679309541,350.3181233065204,0.12537263093193918,0.0003442591065123803
42036,-1.552864660828634,-12.406142600505254,1.5142185552856675,3.371307473786537,291.3111939589211,0.15765909415150503,0.0003442648687026009
42037,-1.504792046768829,-10.233705727504447,1.1390329385397922,0.6231600192717968,187.79405355764885,0.7502552554687894,0.00034427192912030467
42038,-9.19971509108538,-7.932853881178339,3.400367239279854,1.0156334045404358,468.07395406388645,0.4779336593383574,0.00034429899066749616
42039,-1.175088589081927,-12.253747948842738,1.571784463897916,0.9989027944777912,467.64300003632934,0.0539136038732666,0.0003443040259182451
42040,-1.4945882032432536,-12.887966946422893,1.5782871093904776,0.840368483728388,228.9293943097366,1.1867329813071583,0.00034430416030252904
42041,-0.319654611227671,-10.040142775832651,1.1218362789963439,1.8563292991625064,446.24930617073176,0.5357224422169198,0.00034431920941671877
42042,-1.2869588180993414,-12.777375046309125,1.8567181786712155,0.6959060439843794,189.18352782173415,0.9735077882330483,0.0003443250092853605
42043,-2.052252189402025,-11.302427417902713,2.131971846221695,1.455018191712471,321.94656496450034,0.22847401412816382,0.00034432877988910146
42044,-0.4964637008785875,-11.903696054592482,2.172220362996387,0.9448843731106296,192.80503998478173,0.9772658297039198,0.00034434720427197764
42045,-0.24915352154936876,-11.066533493831232,1.1508898215086691,1.0225652516845476,280.3316215364001,1.332811412885321,0.00034435611358870396
42046,-1.6356143041445588,-10.458277812973435,2.695551250194305,1.4033672943226894,320.0156034918487,0.08344794136667222,0.0003443721545847324
42047,-2.1100326374489375,-11.911810748118299,2.165448685436007,1.041112168829663,468.10927877094014,0.839212547633795,0.00034438889020493185
42048,-0.40772878817382363,-8.713917642466193,2.4346337355323024,1.3748092733688269,326.21859052764313,0.21372431129165026,0.0003443924547052794
42049,-0.6494769818100146,-11.214302151827821,2.447827987552885,1.726008941945097,407.88090625624653,0.7758755320764772,0.0003444084036525054
42050,-0.7826158300567325,-10.50806521699394,2.611168569032089,1.0370296569734994,278.08140748009436,1.7126037902216895,0.00034442275785125906
42051,-1.3582171039957007,-12.954924753299236,1.9061239964543975,1.1113335624395912,291.67731147163596,1.1309379077828963,0.00034443617733557997
42052,-0.4932864671372883,-11.978093248829813,1.925206501380976,1.0196628473005571,203.0447457772262,0.7358443103820935,0.0003444408139191192
42053,-1.6273539991726178,-12.115542879048343,2.168018088039649,0.9853471059930129,244.08737915713533,1.3391685379988791,0.0003444448898301524
42054,-0.974809131610586,-12.254929693110798,1.5777718492974082,1.2052691269916427,292.71537848603776,0.4532856215164349,0.0003444525377321024
42055,-0.880063636508627,-12.227519432621209,1.3480451325220555,0.9298707716481395,226.5468833663028,0.5606730214571511,0.0003444630989795389
42056,-0.3939378818531729,-10.69374339190241,1.100806152345588,1.3964986813852045,310.06480663620204,0.510029933849748,0.0003444695187741345
42057,-1.5239012509459684,-10.770825032211262,1.084172233779454,1.8720677807574686,453.08273352334317,0.4397755592012009,0.000344478553450302
42058,-0.7911432600272015,-10.17773517472148,1.1332610299786943,1.0339395024378224,274.99265692373206,1.6311067925030347,0.0003444954746417105
42059,-1.7357174210711594,-12.132695686567935,1.364254495300405,4.802069277205075,614.2951870371999,0.7629482932588116,0.0003444991122409257
42060,-0.2948925452283717,-12.569638069850644,1.0483685507473122,2.8201761162858374,486.1249539020518,2.0971166054726176,0.00034449955895717315
42061,-0.9293122295277261,-9.216842341061216,2.9089040747606223,13.968129454710313,589.8184931477496,0.025322935168685667,0.0003445146963217589
42062,-0.057213642660485675,-11.870338528434413,1.7330101616109028,1.8100982482634858,432.62605971432953,0.4755168347986176,0.0003445178312924019
42063,-1.3728940893553627,-12.535525354526076,1.7422846855014018,2.1613811136124994,421.1849144520853,1.6632268300839756,0.00034455815465655684
42064,-0.8026032882208707,-11.731384906395965,2.3292836855085914,2.475085124655777,454.187008766123,1.8362025845265793,0.0003445671630997306
42065,-4.001275893599194,-5.625427918894146,2.7102898531015476,1.0674388872563627,277.5260952843619,0.9812312472918201,0.0003445904317661066
42066,-3.365346174439635,-5.723594609175096,3.0093676312959707,0.6785528411176739,467.5602213775617,0.41964051611631437,0.00034460810562270486
42067,-9.052332220505546,-8.342170686933418,1.9350525649822787,1.4966287988044285,335.2420284572944,0.11590156716772171,0.00034462279342698296
42068,-1.5318965267956983,-12.464500757124496,1.3734220444589056,1.0912736904587368,466.9628323123007,0.6034713435435961,0.0003446400508963956
42069,-0.09978439738432066,-12.844017060274393,1.8517201840133108,1.043552147559445,468.42159847247416,0.6382607789757992,0.000344646477853742
42070,-0.3001580554828216,-11.939448365025056,2.004340102464155,0.8898892150465206,469.7548432090621,0.15736024473741228,0.00034467224461826854
42071,-1.9817964461136413,-8.478169914562148,1.316548472299004,1.128112509430096,198.11082710612325,0.1121088018029095,0.00034467797982727405
42072,-0.07933607396310016,-11.817587575269902,1.8330229706119165,1.0877994208278516,468.04813054855236,0.8624199853226857,0.00034468012956797103
42073,-1.8749118539584089,-9.394345318261184,1.5375459574460288,1.2739056214070004,467.0292023971791,0.4651302624379303,0.00034468488938328186
42074,-1.3875932492496403,-8.744600370342752,2.3333868440974928,1.796964551163368,436.5271938955966,0.47545678225521915,0.00034469554381963093
42075,-0.2221476234160864,-12.20749288536446,1.7179280130272618,1.3326454020355374,312.6975137047578,1.299794148113393,0.0003447053233744155
42076,-5.707217754572632,-5.238024715847927,0.43963652835268713,1.0772929780343976,467.84772465559007,0.9207870821443,0.00034470935930033797
42077,-1.152602517693225,-10.12115440638117,2.818142488779148,0.9642786016617415,202.5178655123922,0.8208142976780781,0.000344729406483962
42078,-5.325215640472245,-5.022677404811041,3.988035382824173,0.9025892699148618,468.2605533729145,0.4077430400380804,0.00034473207313395006
42079,-0.8936729891113977,-11.875146568557918,1.9958549654684057,1.1306200173796699,293.03766994242955,0.6091953435452169,0.0003447446621470664
42080,-2.941528664561198,-6.206911512054933,2.878253228772966,1.6554455928505694,359.8829344296818,1.3609681336684263,0.0003447487326532843
42081,-1.4965354356712766,-9.217725350074932,1.7524240335761883,3.476288854127111,535.095090831468,1.2725019915050533,0.0003447562678666429
42082,-0.8863764528339484,-9.422401184746981,1.577878948335343,0.9720337253695815,470.49069102538255,0.018882861152707875,0.0003447738915167794
42083,-2.8958477819246067,-6.28116724255718,2.78143943309337,0.9573194347723766,261.3904530224109,1.2309610213998265,0.00034479059435381403
42084,-1.205460518950332,-12.627627720007684,1.806373328269709,2.865743696446356,489.493487757316,1.8743711708312008,0.00034483005332906677
42085,-1.5160677980650874,-12.111594342634865,1.0474161140691032,1.0838430462089466,221.38400347339717,0.38225139217385884,0.0003448342340730962
42086,-0.5738146262682591,-11.685785461118595,2.107993762959303,1.2781444378944717,468.372198678411,0.295634955713437,0.0003448788416766018
42087,-1.8792875274100656,-10.915459738114956,2.3848386350716715,2.392894168456723,445.4212190389344,1.6129817589756792,0.0003448825337943674
42088,-0.34077259948302974,-12.134481445183381,1.998720577771039,0.9956954239566144,275.4440445873794,1.4740279292238858,0.0003448895282360847
42089,-1.7673450264017383,-12.097898112370288,1.727023633372767,1.0160154397260948,211.5067802345529,0.5590148645628963,0.00034489516166001134
42090,-0.7489359761064964,-12.038304785075175,1.6970744163732574,1.5873362382723273,467.7294632614844,0.35517933155810066,0.00034489703989199687
42091,-1.040550212001909,-12.447310665106214,1.785929658143611,1.709674047494303,410.1194693595552,0.39381542086927457,0.0003449164825511272
42092,-0.03249935517532876,-11.60279454802238,1.8780746117068063,1.0831558170069675,281.015555203249,1.6155698065502264,0.00034492305971219354
42093,-0.9705079359993665,-12.395185614839244,1.7943989342319513,1.0688331426172684,226.64347833719384,0.5008466616506819,0.00034492820391342747
42094,-1.094448016412672,-12.585437965957647,1.3965935407765362,0.8525727677107722,244.1106425945288,1.057454223056184,0.0003449302690541972
42095,-0.79964447083319,-11.363870237592756,0.9811618829966535,1.8426093042296108,440.9162568880829,0.24384707360364377,0.0003449709892886617
42096,-0.06512183904118451,-11.707462493413777,2.401726953968787,0.6573288950417068,465.6115428657567,0.4222482558467249,0.0003449745406382744
42097,-2.376724050562178,-7.572751967648186,1.261525872932743,1.486612386029375,331.6629982843801,0.06941059018892037,0.00034498312907526966
42098,-1.4381890617388624,-10.128278523367559,1.1798540462318137,1.5635006853877975,347.2664481574968,1.042604088245934,0.0003449951311953921
42099,-2.3769008038057162,-8.250547576215762,3.4369834268245865,0.8587962355412513,243.16823402310789,1.3051400843785075,0.00034499925398721377
42100,-6.376012316155704,-11.873166575342754,4.410205311752088,1.0383912441472811,211.31727861052215,0.23870320040926618,0.0003449996269557695
42101,-4.740410170242591,-5.288762835313148,2.7354912963511864,3.9638034992513966,540.1820874439435,0.19868153729208338,0.0003450071910441573
42102,-1.404563956264921,-11.436612921300037,1.5196289132446184,1.127055560065263,466.9850042458162,0.6349299693656052,0.0003450147674974745
42103,-1.891074318340003,-9.15653568518596,1.7497774899007534,1.7088894081936192,401.90497506763563,0.008162569764179395,0.00034501842059913586
42104,-5.712938353749189,-5.7689876110456195,0.3128759643767029,1.0757610058939038,467.6812759602804,0.9353469061249999,0.00034504906053788796
42105,-6.63469928305081,-12.200283335419517,4.282194214482077,0.875030797339968,227.75020208034482,0.47175600719852806,0.00034505637676316076
42106,-2.145327729765296,-8.806361428138377,2.646956238913676,1.3819466975441865,303.7709158517173,0.5293249640321749,0.0003450718634607842
42107,-1.4759612289024595,-12.816946428685306,1.1112290595641172,5.874218364874626,649.8811353980021,0.2627698240442875,0.00034508397739453433
42108,-9.665908567288003,-5.52344824668216,4.379070740390635,1.0695101656368307,280.62812476270244,0.7800059871047411,0.000345106899664588
42109,-1.8682356460986345,-11.72478274805477,2.2515920944699883,3.7134767243251248,544.9733902560914,0.6910927607189716,0.00034510906745142055
42110,-0.06220009234109547,-8.751965962180982,2.516034788714581,1.7703982433061634,419.97038964386695,0.4111629624123214,0.00034511272018206455
42111,-1.938666698688957,-12.275350166623113,1.6438710393362939,3.140336601378512,507.86378606564574,1.108036335362434,0.000345124596258072
42112,-0.5963344936023738,-12.066132958031769,1.986270590766687,1.1968066362103162,210.777612136882,0.07118688697361097,0.0003451446597077499
42113,-1.2628543713673501,-11.954089159528088,2.1752071801545814,0.9750389399996222,468.0826505164894,0.720838309457724,0.0003451778630429744
42114,-5.04502219590101,-5.882659024991318,4.741978487030646,1.4997166831956052,343.0594841809295,1.8532652969187966,0.0003451862226733669
42115,-0.6402878756316337,-12.49319564035722,1.9908364138500436,0.8571584428172618,193.61776188187486,0.6388067376972204,0.0003452142825908269
42116,-1.4530006651764928,-12.811807588089252,1.1641500740951751,1.3099575504214358,300.17129971451703,0.5099504963044117,0.0003452198218923296
42117,-1.449022217567288,-11.806431712306031,1.7353734365759232,0.834905922406515,164.03099538205333,0.0692499902063135,0.00034523505033982047
42118,-4.094945839663813,-6.743354706302589,0.6075902728600312,1.7918240790890505,469.0670004068362,0.17836127683875969,0.0003452426686200089
42119,-2.046393842089122,-11.689175483456356,1.7814024282116188,1.8349227763256442,437.93700369957884,0.5105119637969562,0.000345255897868706
42120,-1.2845537267392508,-12.006737121332414,1.6968173973995608,0.9063631235448744,194.85345915749403,0.029664348531356133,0.0003452647177831756
42121,-1.4732769423100205,-9.666045783243009,1.2222364662794865,0.8966015426231804,194.7706611345425,0.009728246647660477,0.00034526544833503623
42122,-3.217529667281908,-5.858299858524207,3.3365644980410147,0.9740770676726702,193.69367581216414,0.5980943224635036,0.00034529101724852223
42123,-1.572858627782768,-12.513491257869754,1.6556041427345736,0.8139827417436284,164.1840691594644,0.7833363951929693,0.00034529257735592286
42124,-6.787727309228838,-12.69460286227321,4.15929729206461,1.3941402257185531,306.04030487518565,0.11226845796463802,0.0003452931448873692
42125,-0.9433410676081486,-11.565223201202826,2.4293835670297423,1.1256137997852065,280.6608433776123,1.3927963990258458,0.000345295742687044
42126,-0.059001705999801146,-11.554669242063776,1.8899008598643137,1.4397327091298606,468.54367540307385,0.638683000459082,0.0003453107478672732
42127,-0.3457342094500273,-12.028313830708912,1.3604606741893237,1.1797604749104638,212.08477506307582,0.0069000100158005395,0.00034535917757222954
42128,-1.3399035653230449,-12.888990344237936,1.433474100007694,1.7111680954996984,403.1313962610127,0.5052122519349771,0.00034536825310138553
42129,-1.6784092757712763,-9.754679839974905,1.2196924562319666,1.8193297994350484,380.7217236431454,1.4310643327681047,0.0003453880162019388
42130,-9.564340766951286,-6.041802644207794,4.572672058879801,1.804867622636594,468.41723900297774,0.6393093785430155,0.0003453958827344157
42131,-0.14825593802489756,-12.434166403024367,1.7904685481735039,1.0685698490726543,247.97246764879978,0.08068727845599888,0.0003453980103151257
42132,-0.413945189891999,-11.118577739846023,2.4605198309873746,1.8363965545740124,467.80200003547094,0.9000018041270037,0.00034540369777509187
42133,-0.4200083430469075,-9.120714546576428,2.8485511092169546,2.4023157681428398,427.9424489421373,0.4979365723729252,0.0003454074963367318
42134,-0.9191252317507121,-9.264285718900153,1.6758193811598507,2.664460921056856,471.0123326247143,1.6091940159805107,0.0003454157162456156
42135,-0.2666102418672214,-12.04508287436798,1.3474106452534502,1.0765517242489209,264.19328451996074,0.8409262676879203,0.00034542383668904495
42136,-0.98046094253551,-11.932114105194138,2.014277050748891,2.381877101501321,446.14702550499646,2.1174247057317652,0.00034543266518451495
42137,-0.010717834678153793,-11.518534627351778,1.9033683763206535,0.7850884389322649,224.93486392198264,0.7237692536386859,0.0003454460547273216
42138,-1.1712774876786405,-11.562927163495688,1.883720463999195,1.0994427903913762,466.92125387021804,0.7567809359747422,0.00034544747062620053
42139,-4.725517309154413,-12.136623440490721,4.4051343508189955,1.094417423661626,468.7803351499506,0.5640883403227308,0.0003454498483474148
42140,-2.0109325749684093,-9.226435755388437,1.7951476980783843,0.8897227774533121,462.27099107996315,0.6254001218370684,0.0003454527326017788
42141,-1.19816729028026,-12.705210081112646,1.252001901800338,1.6140341736651131,351.3406349931855,0.337053123917042,0.0003454540018790712
42142,-4.638345596466257,-5.432890934132118,3.195629817020781,1.4643223690795497,342.49798546214663,0.4622155471175331,0.00034545796893212233
42143,-1.8668849618037147,-9.583716612174719,3.075462935333737,1.6287313527839276,468.8208506583066,0.4675407336921067,0.0003454758750889051
42144,-4.096904244505541,-6.0045180379196195,4.385808983452904,1.7609175954914886,376.35252130613065,1.859747791641026,0.00034547735208215175
42145,-0.9952687659752009,-12.486315657249403,1.44278769164702,1.877402166220731,468.37105720094866,0.4943610634282347,0.0003454925112675994
42146,-0.5497036838353573,-11.538115632732566,1.9586164235568635,1.7915535576993795,378.7976287846494,1.5624021982946141,0.00034550271875685804
42147,-1.8298061416453066,-11.898735752789943,1.5402327959508497,1.2710373470360532,266.00187686739037,0.7247646117176307,0.00034550382714157847
42148,-7.17189696838618,-10.623374239325429,0.12684767810869846,0.7329418005613519,156.07049034721956,0.264288785353914,0.0003455108913884296
42149,-9.735494935497725,-7.411256501009383,2.9947672515064623,4.32942354432822,577.1525634453336,0.3544880781881288,0.00034553185326956465
42150,-0.6123358656630202,-9.28881504556018,1.6806693128996835,3.219198304571802,491.6045269451011,0.3343762181781411,0.0003455519023968463
42151,-3.7704516965376094,-12.623222577083615,4.338568134445816,0.956325420911286,467.11108080037286,0.5903729643090951,0.0003455595879849676
42152,-0.3322473697921282,-12.69219152888649,1.6816424936939862,0.8586642211070914,468.011521650488,0.37331732487523794,0.000345568444795883
42153,-0.9041357445803797,-10.072954409069409,1.1725232412528692,0.9662051449827989,270.20800383073356,1.668747573384561,0.00034557437115113594
42154,-1.8743105540748815,-12.225484426173416,1.404414772941666,3.358956699309023,514.0678421909743,0.553689042962799,0.00034559543506363044
42155,-0.7503256312548974,-12.773937396424275,1.438936184160274,1.0189654062326439,467.18254352043954,0.12373671046516588,0.00034560743086316736
42156,-5.557212206520428,-6.144654993196231,0.28796337542756417,1.326878099312087,285.77464490137913,0.8759658565912227,0.00034561791539266704
42157,-1.1787903813648537,-11.935841296894171,1.3563078902081969,0.9399410798201381,189.6263675856723,0.7875489338231381,0.0003456365571411893
42158,-1.1585629472513368,-12.877954972819165,1.3328274735657033,1.848434718863334,442.9265512669491,0.17422031252070358,0.00034568900174822596
42159,-5.993471223153734,-5.3782498616309695,0.035637495696763256,0.8714453228150179,175.7301225046214,0.7038289000445976,0.0003456938537032753
42160,-2.0275587276111136,-9.458740009611427,1.567663834686403,1.97597466097023,402.0934933480022,1.7417781111966084,0.00034571883265024965
42161,-0.8043649001036464,-11.266862762216935,1.4023822880685226,0.8894571391182077,467.8937284926362,0.5497018230057558,0.00034572775184867635
42162,-2.030773970730971,-12.403902291716197,1.9323482797530511,1.0909064827734123,281.44205650891905,1.7751587501550965,0.0003457293612652047
42163,-1.4978313490721202,-9.089646718070453,1.8620873398099915,0.8062041708512294,185.6307833969201,0.33138185458942004,0.0003457336159161744
42164,-1.41575473002354,-12.192656975376416,1.3311232967552098,2.2895124641401434,435.7107940468066,1.85763524910225,0.00034574462525852035
42165,-1.8573032850042352,-12.550018559922085,1.39914995809404,1.2957516302617966,309.6031674419431,0.4389271018056098,0.00034577436604478007
42166,-0.24779990924767326,-11.124911657150365,2.055612963247012,1.8034560495168328,468.6067735753918,0.35383392694694393,0.0003457944680063388
42167,-0.3102899479014347,-11.529956892719987,1.9105576076559447,1.8554947925534497,467.96475597189516,0.4098199001201088,0.00034579948411163315
42168,-0.9795614408006497,-12.359154882102873,1.3971484652535684,1.6744716938247086,395.04975094838176,0.400300864661995,0.00034580098648582386
42169,-1.5961748871960673,-11.590292209047915,2.336014403258157,1.7924041967661553,425.5784740406761,0.2521472363336317,0.00034580646646186505
42170,-0.5043653870515961,-12.914310307972173,1.9079121952996272,1.1024323427420855,467.8021994465986,0.9210471753893552,0.0003458136187891842
42171,-0.8622781734205898,-9.477914706981567,1.5660813427574387,1.7325630455506844,468.64977364227775,0.8498227980226831,0.00034581573401174507
42172,-1.6667027792202607,-11.555633897200142,1.938969305018765,1.2661891032655703,316.2287880003236,1.1552211941166073,0.0003458159582205503
42173,-4.507353156597926,-5.99765363297571,1.5268311471213483,0.9514003444284638,192.26571530827314,0.5520903796517755,0.0003458302272656503
42174,-1.1622024300188443,-12.279372431644893,1.3422991392564827,0.7551438684505888,215.5908693405185,0.4390192479190622,0.00034583211273541613
42175,-0.4262177244329024,-11.77713990991526,1.6226048065823522,1.9547470953958788,399.45846097040834,1.7927396011941985,0.00034583441810448403
42176,-1.9171623917874143,-8.991582931175394,2.119122802133623,1.7974184676721245,428.0869955562555,0.345088227791968,0.00034587974864497034
42177,-0.38735127733388985,-11.825552660734589,2.3248072113741296,1.1178802840859414,266.9230203145714,0.3979466593517218,0.0003458842710587078
42178,-4.357856509083959,-6.193094293767308,4.97423674559213,1.2472187645356876,468.1449742303807,0.47631924524820324,0.0003458850043082929
42179,-1.3747243059470247,-10.23968281301121,1.3811755526958096,5.429406731357719,605.3299504692511,0.19159159846948182,0.0003459064594066946
42180,-0.64601416707659,-11.898244525021159,1.3571043012732737,2.1363008772040124,416.2225495055019,1.366837260385215,0.0003459074597646549
42181,-3.319813962632457,-6.382801197063355,1.0624459062549412,1.7494179192587462,468.44403748050865,0.3684467980696713,0.0003459192188512361
42182,-1.9273734854373252,-12.147193399348613,1.6275085884873453,2.565801844173531,443.03607460847894,0.5115150400611048,0.0003459200674705678
42183,-0.9003583776189501,-11.947663757597452,2.18012064519512,0.9996671680755678,259.380924680218,1.172416825178277,0.00034592819963508555
42184,-1.612651259772461,-11.270543005991007,1.3638219375705285,1.8540650564352492,467.2229883703457,0.40308611457516985,0.0003459416689713525
42185,-3.9342103346250132,-6.193827488837428,1.258803290983937,0.952883735536948,247.7792493276341,1.1779769658717845,0.00034596239780669753
42186,-0.3365755451136909,-12.194843186028887,1.5836683214482983,1.1408186142833303,467.1522749935571,0.5532866602230762,0.000345964233864049
42187,-0.14048922645413064,-12.055601024898948,1.1829949841641312,0.5728016946658849,119.87115995529749,0.10466660689495555,0.0003459655989721057
42188,-1.272820941461731,-10.416826741308194,1.1628521471581972,3.119615150448787,504.6646764825001,0.9784960402733747,0.0003459966277335085
42189,-1.694425507523393,-12.459672135476586,1.8731175084859293,0.9752831544340214,271.14551781033737,1.7738459257878993,0.0003459992847193675
42190,-1.1605619589793221,-10.183150154632026,2.7328302261616164,1.8631042177216341,447.2351915277696,0.27419688582885193,0.00034600860455107985
42191,-1.1968595879961228,-10.94254350875001,1.0076280179240902,1.7811479511370418,423.818421559991,0.3044752259969181,0.0003460231947093805
42192,-1.8872101793518663,-9.669547753326231,2.941003688217277,0.99221185316157,236.88573441125473,0.6774554397986785,0.0003460407102151555
42193,-0.4283837256023464,-12.90761441444044,1.4353403271676672,2.496756704077854,455.00242941747933,1.624701895176469,0.00034604187380719837
42194,-0.6991340974398259,-8.907203388248893,2.696921233070986,0.7705901590463375,439.481075625128,0.21555713847226432,0.00034605645872783027
42195,-3.0913774441282094,-10.259667463902058,5.134910198010853,2.5909455326672632,463.4375614141988,1.5197433639909415,0.0003460667922081551
42196,-1.611715579641972,-11.804654569949026,1.5088323543749371,0.5094802796661322,110.6994447961872,0.4206428551080883,0.0003460718136940666
42197,-0.7565856213527216,-12.66822463573935,1.5735700609630328,1.577439410761231,467.91511342354136,0.4877323005834091,0.0003460718268242505
42198,-0.7783009902260734,-11.161958103907335,2.0342709842195554,1.8600629384593592,468.5177507053656,0.543183599986981,0.00034607746768792444
42199,-5.886592825676517,-5.007356898336655,5.114443723213702,2.0755158983041633,407.623437615069,1.0786858567780504,0.0003460915134593499
42200,-5.14246633343449,-5.4018297326067115,4.091038052892421,10.045824723921397,764.1204457077939,0.26605644636902515,0.00034610631780127845
42201,-1.6324989675530333,-12.307015504936956,1.455565023309773,2.3636917407429157,218.91501212077816,0.22386515729573286,0.0003461111322686336
42202,-1.1372052335443854,-8.947639368095519,2.7718712131162944,0.8464724947559276,230.20576806737574,1.4130839359054912,0.00034611391486749193
42203,-0.1477967272094176,-9.52149405942955,2.951596108631811,1.0146714218611483,203.88445088316655,0.15074394666621416,0.0003461141899268615
42204,-0.10741305176723515,-10.30195115191518,1.3889937106014987,1.1554415403713718,237.1692431970858,0.22705420218145456,0.00034611961173146923
42205,-0.6304534262335988,-10.298987126171399,1.108793108897695,1.1382851897957784,235.8992567387158,1.0430103476903687,0.0003461296795444341
42206,-4.852556624727418,-10.532592468643566,4.825816966112856,0.9652317525853666,467.694528358526,0.5905744278880958,0.0003461303091118593
42207,-1.6166162737000143,-11.716838380200107,1.8315568937906523,0.8785789549610492,469.1749957451311,0.13174701061296012,0.0003461365323940431
42208,-1.1903484991218942,-11.62467267563475,1.1209082829397952,1.0196337927753967,274.89009763773254,1.875178143824276,0.00034615119319297773
42209,-4.713727398868045,-5.436151449957005,3.065114848417615,0.7841556099005444,234.3318363198553,1.1967608377423788,0.0003461630631450395
42210,-1.7142464352726847,-12.113809194000021,1.688391483819185,1.1527225066515299,468.3636863913405,0.5225550480975505,0.0003461642312198389
42211,-0.6223846734489129,-10.438787079227492,1.3883007943116474,1.1353219256507876,467.38615344267015,0.4807324378084239,0.0003461764188820281
42212,-1.3597345125309328,-10.828750375702432,2.630424580113888,1.0345749383955591,467.3186900738737,0.8909536650794037,0.00034618731873446235
42213,-6.501600254197236,-12.528562764783588,4.301819163494495,0.9017884569152871,184.72393288069577,1.0565751947479436,0.0003461986314966503
42214,-1.3976588510284547,-9.49589733276428,1.5628641704819743,2.5115513254264066,459.5269769868442,2.6222552774141903,0.000346217649228905
42215,-0.5910745795758583,-11.703619057553258,1.7537518618946764,1.1311148958709214,290.2563800506027,1.3018122293639793,0.0003462657614130137
42216,-1.5662992806502203,-12.980083572500593,1.4069082398415618,1.041769245759277,274.8009936341728,1.324574093378729,0.0003462726135813307
42217,-0.07162174060427517,-12.474463797008017,1.6935784095557531,0.8584675886385064,211.1999283214992,1.3107374453954401,0.00034627581412962515
42218,-2.508716596556696,-7.533271233325773,3.2733522007048497,1.8263407748354814,436.01587833477316,0.24306986511989326,0.00034627821147200906
42219,-7.809052424650146,-11.903928776089288,1.2894329603715375,1.7262813154454928,468.08748823251847,0.7614422060004928,0.00034629752978514454
42220,-1.5554233856061384,-12.028110440010522,2.162970007601745,0.8141039979099162,171.7044383286764,0.1927219832923157,0.00034629987789657537
42221,-1.4288818227215785,-8.842696999310299,2.278406302881046,1.0061694824943106,466.60976785381285,0.03167901327460765,0.0003463058114620597
42222,-0.45166311934801406,-9.300255824092371,1.679140088698568,1.3755648769306434,468.90678061147014,0.9176920077422013,0.0003463145219478843
42223,-0.4338244903461952,-11.985492788958023,1.7218544338163206,1.237456837385463,306.9799198896108,1.8214721894004366,0.0003463151655218558
42224,-4.347216112834938,-6.892822456106465,0.3900427064573971,1.119549701629691,288.5620290888966,1.3411121243317217,0.0003463244343492737
42225,-1.8115996662354963,-12.483531709836404,1.3842740724118896,1.854069461791016,452.6952233223804,0.35911521066398855,0.00034633939102583257
42226,-1.6383202929489684,-12.694173789336915,0.7491597361274577,0.8644149086011045,468.037586504915,0.38487619783125293,0.00034635171368096524
42227,-1.4222956437906138,-10.151073502345662,1.1159421633404853,0.7600359483815474,215.7889594341265,0.6098732148030024,0.0003463814674776305
42228,-7.007949726283409,-11.033017689713613,4.26797316826182,1.7638408874263707,467.89422889423736,0.10054276892355052,0.00034639119548088797
42229,-0.0693362107541482,-12.43895123310996,1.6681223227024071,1.772689675485251,421.99480039597194,0.5099579199221003,0.00034644063800981257
42230,-2.64183853450188,-8.385512579510166,0.09411821724171254,19.982751983392408,829.8652931024088,0.20205333492343325,0.0003464449109391717
42231,-1.0170000705459987,-10.24079268562391,2.7264403070768655,0.9559981661540838,231.41383576494897,0.366768421713763,0.000346454449917846
42232,-0.23837142569106007,-8.737411217738314,2.3245738601828747,0.8276732612583211,445.02735839713074,0.22788825794706113,0.00034646555446592056
42233,-0.9863909032830893,-12.813250544436949,1.9072971197203423,1.3814864496684969,308.82175725931125,0.22518127853809755,0.0003464698796896893
42234,-0.5969630308248881,-11.122632862589569,2.0718407890623434,2.52040398783499,455.65813341912,1.3306848084449143,0.0003464772287886204
42235,-2.61003747374878,-7.3141050420716205,3.8281343202613782,1.442618859250599,327.246326942957,0.17597844566269671,0.0003464876396139742
42236,-1.845712377440698,-12.956099562750135,1.4080636564061186,0.9453152097563954,468.2203089638,0.8310232181420014,0.00034649102966560384
42237,-1.154428268269692,-9.035432700648785,2.8820500849700874,1.2674419685692526,308.8725258235752,0.4592545253615947,0.00034649207383920976
42238,-3.1736669887034807,-6.999247969226595,0.49826786003010864,1.1506713131328519,296.43571434929703,0.39138823643853105,0.0003464931220007022
42239,-0.31214077317421385,-9.430999283184423,1.6028078615829218,1.7318139603849625,409.9582749820568,0.5871780799840254,0.0003465197913007112
42240,-1.6837167862330222,-11.867350963076861,0.7940814158656059,1.8385740237852595,468.06237227891233,0.6384042358001265,0.0003465293791801554
42241,-0.8319005379669111,-12.371466914865739,1.8640748174823043,1.7369220014855988,467.6435330925067,0.5222369553087844,0.0003465504886494912
42242,-1.310739430816236,-11.810850091971963,1.3385712213611909,1.0526186912112272,468.93343528124933,0.3937593983898031,0.00034656001004374637
42243,-0.7681067132224868,-10.182799177943686,2.782501023562997,1.8481021107120315,444.0908892929168,0.013334954102274033,0.0003465700503937029
42244,-2.6221690648047637,-7.004056484541878,1.7846810257617063,1.40299741480933,309.63847592093475,0.18270013713607103,0.00034657987750583006
42245,-0.7519957394087822,-9.669319055583125,1.5185839950933346,1.8736777180357664,468.04454045939934,0.28438429253679676,0.00034658092071653863
42246,-4.975391080827225,-5.705659582497103,1.2464309117225232,1.2490934769746063,397.6686820245455,0.26950586268469756,0.00034658159990899585
42247,-1.6499001868517453,-11.757058750942509,2.314806303628136,1.4929967508578437,335.8593151774964,0.16996982513898473,0.0003466194135955497
42248,-1.475849695225369,-12.318348384811998,1.4697380850877113,1.8034735886863922,467.78440178074953,0.4555950020260253,0.0003466280013148915
42249,-1.206084554674069,-12.615616327059904,1.167345726186311,1.8558907808780403,445.7463796684043,0.2668939227290661,0.00034663216534875626
42250,-2.050795917928001,-11.65791041349409,2.384142091658589,1.7978010927280432,376.2425962407276,1.2837970903352778,0.00034663741791015
42251,-2.0189771224569526,-12.896356869715659,1.692436940421163,0.9913179614802282,467.6414632689678,0.49309039851377623,0.0003466462183300069
42252,-1.9119340285329116,-12.55698587047702,1.5773428845851178,1.8349399785141216,437.49616020956546,0.4708872524258281,0.00034664841081735113
42253,-2.059370186464853,-11.35121454176986,2.3561840160600456,0.8976910043553865,248.64348953979365,0.8624539353437699,0.00034665765789332185
42254,-1.6898290082948826,-11.75547561015716,2.2056167958918365,1.6571662807620464,385.31138480458685,0.08973681184568694,0.00034666204940850064
42255,-8.217325980022615,-9.688401101789928,2.7417507099717064,1.4238444542111282,470.16615114367175,0.1617748279217519,0.0003466885262739127
42256,-1.0564756424763626,-11.423569497157235,1.4866458468399528,0.9224902875895036,467.46892698913194,0.8084889997893852,0.00034670185784708963
42257,-1.2034958202887847,-9.567504557057877,1.314488186837188,1.6858214795518538,395.05042883187946,0.15353893152480502,0.00034670226620430567
42258,-2.0251579573924587,-10.344062040652261,2.6800524440213858,1.0895301622721218,280.4094920136976,0.45677236233946505,0.0003467027416050167
42259,-0.6099082474304556,-9.648422780007266,2.996162543699452,2.5323848566016807,460.5769297469453,2.1798291847821867,0.0003467062087664257
42260,-4.692740916749579,-5.513688447914259,3.2222465912606633,1.8314910007701821,438.1993748168301,0.1951764766118993,0.00034672228261077717
42261,-1.8650325357919524,-12.743480163207877,1.4676560268112218,1.814985231299895,431.1416732221109,0.5131128831078522,0.00034672452529905997
42262,-0.17730947485605597,-10.136026366717704,1.1197688296509962,0.7742465300044039,180.43310327161333,0.31150203129843224,0.0003467274062008868
42263,-2.992387783541343,-6.587301568093788,4.8203948346904415,1.8418921906974672,442.1534101892197,0.6103739044829455,0.0003467369733006743
42264,-0.9082653427503367,-10.445885484995598,1.1791150264791368,1.6343536241257348,353.3402987230806,0.5503530842281918,0.0003467447936812807
42265,-2.252687214176097,-9.202045180298803,3.082995888048271,0.9876620427819668,452.34848560918323,0.488264004789821,0.00034678927448758806
42266,-0.8735982927432708,-12.635952224994622,1.1705971414009528,1.0060484259053517,468.12335773914714,0.7438214083378654,0.00034680462322037465
42267,-9.112545912619103,-7.535419987809006,4.408376067680391,2.6237359670532907,469.1904411639485,2.2818341487777953,0.00034682985492706056
42268,-1.0200223014527197,-9.528007966396794,1.4763896615754715,0.9686714317299971,255.25412710567693,1.4978357920101262,0.0003468517915034911
42269,-0.7649014895461708,-11.423828043858073,1.1588969802690998,1.01650342467485,466.47807164834103,0.7548700778837478,0.00034685742114633244
42270,-0.9669617328584827,-12.515645424751112,1.166574259010865,1.1383155921063848,248.53977758325186,0.8144812048704617,0.00034686384855834234
42271,-1.1261946839778751,-12.862251137920998,1.4251280593361244,1.8171559981578072,468.5781181163902,0.7757676476040691,0.0003468686032856913
42272,-9.212326941135874,-8.115451279700059,2.15059470635049,0.8238806769172822,433.43927979681195,0.23830833508374294,0.0003468691304304575
42273,-0.4271512420331405,-8.779481527058103,2.552115181300857,0.788295129767659,174.34003209761005,0.7386494657274989,0.0003468790296045556
42274,-4.915336904824519,-5.81171128495358,1.1365606660524574,1.3693083426007389,295.3372871234201,0.7124761801753356,0.00034689193861460064
42275,-0.11598297924949108,-9.676292502604184,1.4812018533184397,5.5894636808327185,556.2552086809584,0.09511977075931544,0.000346893601216423
42276,-0.2155846529726997,-11.803565257516714,1.7117890138837955,0.9060226977297132,466.36906067470096,0.5746541631566098,0.0003468983339780809
42277,-1.488024349941039,-11.720750058338806,2.2632688335718925,1.699211026773111,401.30728072619047,0.36262904728323253,0.00034691126286173817
42278,-1.7730175776667778,-11.6777562903968,2.39065309494904,1.7862718843654148,467.7256002771525,0.44420172068140484,0.0003469447418248663
42279,-1.8946517449515738,-9.192762216803693,1.7943098158816582,0.7962228337156214,467.6920815542077,0.2509804164320384,0.0003469546369748365
42280,-1.0354983887888078,-12.538302180750248,1.1691443684329828,0.49448531212958385,110.6899273802978,0.5515506020252259,0.0003469700338686612
42281,-0.634711832357505,-8.865089389431937,2.740203138387991,0.8019671109434733,160.36214814001474,0.025026965559559855,0.00034698692799585207
42282,-6.355804681244451,-12.11949395387744,4.38049189306431,0.7524463782628935,160.103621665873,0.07690450128725068,0.00034699799188999195
42283,-0.40123658510611016,-12.699324119781545,1.4316929894810448,1.363615034941429,328.86431156298414,0.2704190354915248,0.0003470141652726967
42284,-0.6844895558767448,-11.36758864962644,1.3696670226438237,1.1874268300789323,251.69377003359847,0.3010949935512235,0.00034703010842593063
42285,-0.8963086278504999,-10.112849843635608,2.8032223588378815,1.421362442788968,320.37264537938967,0.6929107930062832,0.0003470407211453988
42286,-0.22752730853542324,-11.49610381694882,1.8427202554471704,1.3439362804625774,467.7640106997138,0.2515551234749287,0.00034704143587089686
42287,-1.3940481243642147,-10.803999420939373,2.4824894314299715,1.1636518678304162,467.9401000864093,0.1505570397864906,0.00034704205003881103
42288,-0.4826460284888352,-11.831180163124984,2.2468603869466435,1.1401069123244874,295.85890451948507,0.9470497540117924,0.00034704783933977754
42289,-5.004853293181035,-5.230389071704245,2.0121994500053217,1.2099959763724435,467.85214839804974,0.2852775939572787,0.0003470499927266381
42290,-0.04326853274870324,-9.810614786462764,1.3376908901143052,0.9335796227712793,198.69565416374408,0.24303465867380947,0.00034705819563322573
42291,-3.7980367423826777,-12.986338971646912,4.315050259001589,1.1140726876745386,290.1274722950746,0.600287930443347,0.00034707448487656056
42292,-1.034155544698903,-12.330469332502757,1.2550698288751896,1.2321643873949304,468.97389043511777,0.28848456263062605,0.00034708023821879277
42293,-0.3087216217973179,-11.346726359344606,1.5070521786803766,0.8791366592224713,467.4361687220956,0.2302832014494074,0.00034708970972766837
42294,-1.8528468090147339,-12.728575085198138,1.4262660954057744,0.7289391126102055,468.80744646674134,0.3303150268737234,0.0003471354085177263
42295,-0.03556231195815762,-9.100044196068554,1.855555633360688,1.9019258675880384,467.44414769478294,0.4880506480005682,0.0003471433675997687
42296,-0.13351162418698692,-8.983868647220469,2.7356004509776484,0.8478918900327533,216.06185203237357,0.2193547820776045,0.0003471551431330717
42297,-0.5588758465320396,-9.839074624583843,2.9169973871069503,1.5469361120408878,348.871856633689,1.695490314338623,0.0003471579557242457
42298,-0.9305697278137011,-12.777617523606741,1.5251717124325734,1.8462283436461997,468.5523642374055,0.6515711706659308,0.0003471615826719047
42299,-0.07036140541687352,-9.920411098235723,1.3721344190898048,1.0700416597419922,274.5707648988275,1.0638092966860748,0.00034716664073429097
42300,-1.4119304741060095,-10.816890113124323,2.561346330788969,1.7256527749467896,409.5309610355629,0.5699133757863661,0.00034721983026408357
42301,-1.0335105205972077,-11.736214676420461,1.5002311106338004,1.0822094836804825,284.817638057357,1.6564150866343903,0.0003472846240823794
42302,-1.7803294891637176,-12.350554021482697,1.6506884702807239,1.8884974683393647,468.0412763042533,0.4094795636192847,0.00034729792881368687
42303,-0.03677950360510174,-11.926547156949812,1.5959886721912353,1.4186770937650504,174.36194771505407,0.21626124661373325,0.00034731924115555425
42304,-1.6159074394434985,-10.446450610200928,1.0829606116002772,0.8647134248357234,230.65651443726148,1.4675647835194505,0.00034731990788269335
42305,-6.306964311613523,-12.069603175035542,4.396308603875719,0.8679255424139207,234.46959714963788,1.048381033693886,0.00034736553540724255
42306,-5.666822689515336,-6.293125630849849,0.09490649289279345,0.9419117381505302,376.5692428787081,0.5841820686053198,0.00034736911195377604
42307,-0.8558912482800913,-12.660221989348123,1.4333647212662304,1.3006029211743695,172.83831276979203,0.32852139848025796,0.00034737138268701225
42308,-1.5824102947873406,-12.085531104123847,1.0904424343800445,0.7798989235163849,228.53728120260482,1.0118949256407497,0.0003473723399381062
42309,-0.9535125882149469,-11.593010233661579,2.405392861222813,1.0683960346650707,466.8586139289988,0.6786612428574923,0.0003473828038080214
42310,-0.6809164996336552,-12.286072268110388,1.8634707947871252,0.627412629705858,127.98330514373494,0.9670105445859551,0.0003473846147817961
42311,-0.028849133994052423,-10.316242334996955,2.757656641241172,0.4986054718549231,122.83044989743604,1.090647712621469,0.0003474089795768311
42312,-1.2933018320161462,-10.158271918078535,2.784722009158438,1.889815358628302,470.1789635180604,0.017082822900753136,0.00034741234883227287
42313,-0.4508573829290352,-12.546286234299462,1.528948176261135,0.9872168425242142,468.13936524407205,0.8254290909847528,0.00034741788147458303
42314,-0.5545272019833707,-8.999293946179346,2.7975521824922804,1.8161601298311265,432.646533926199,0.3589227795329881,0.00034744556051441054
42315,-0.9591580605997123,-11.079126616226427,1.1847578508481922,0.8153116012627911,168.45572224019722,0.6055904746598229,0.00034744718217735135
42316,-0.6206936599858377,-10.26705597268332,1.1123169404839501,0.805782927305856,468.08166180884945,0.04162820767706599,0.0003474546719011005
42317,-0.3482783311189337,-8.7922211243432,2.3670967400411094,1.490510153904414,334.4895539248617,0.9888380324662878,0.00034746231996705533
42318,-1.2507821497058753,-11.948927770051624,2.2840523849163663,1.2005783162960466,305.3137160811065,0.33692580406712214,0.00034746862576953393
42319,-0.2464147233276055,-12.380869415401632,1.632129964458562,1.1562251984961531,467.0932978879492,0.13248164870976886,0.0003474869331737315
42320,-0.30204672372513386,-11.896268271911309,1.5996969976400184,3.8615428853173515,549.2635578417821,0.4582838397618252,0.0003474968680403275
42321,-1.623310303889646,-11.94355189875065,1.999034233259061,1.2817813574420813,302.4555209883497,1.0868054578380963,0.0003475064266260587
42322,-1.2112475485385517,-11.847088899701879,2.244152286354874,1.0585344020046563,466.8868307606201,0.06248604851545814,0.00034751259528213957
42323,-0.0009263978073974499,-8.744223056254878,2.201447760803411,1.3944352755958518,468.32088589570805,0.5113823719667732,0.0003475162166783803
42324,-7.321722020668142,-8.158419440897486,0.010762591156300919,0.6566323023599193,467.27899348623623,0.4482232784749334,0.0003475261506933502
42325,-5.7938803037557935,-11.086853505854187,4.6370891162262255,1.1231165473664027,136.89474066769762,0.29207686421001267,0.00034753451510215996
42326,-1.0678732970383535,-9.16556702870767,1.9057979426195832,1.060736056067562,285.24752748258794,0.9233562145238148,0.0003475356765480952
42327,-3.986215819110721,-5.915671490389518,3.9265347710234777,0.851024354366284,247.88494696920685,0.6878996749772419,0.0003475500731515224
42328,-0.2099809591084263,-11.937687422510953,1.108943026325092,1.8156790528017104,469.16700943454,0.15173530346328512,0.0003475622993865107
42329,-0.4041785156435118,-11.781889658481491,1.704937763112813,1.5973344329583308,366.90404476268924,0.48107998536486285,0.00034758800923636484
42330,-0.7415453655406132,-12.350358110497437,1.1697397833015752,0.8741735910048589,200.77720410925872,0.37393029254053456,0.0003475930696517764
42331,-5.192657140605953,-6.095453454166183,0.6707147989691321,3.275782428013028,520.3559162280942,1.3472430995793774,0.0003476242019618905
42332,-1.391739023829894,-9.709001041575318,1.5018426484837595,1.7917613072047167,425.93812566590736,0.04272809163318492,0.0003476340495670363
42333,-1.13896307434376,-11.04142555183764,1.4048402487812914,1.3809753020054258,326.5900059767004,1.7555211153212626,0.00034766230830216813
42334,-0.5363300179405748,-11.407559482741075,1.9008523781751525,1.1831988772995659,305.3885358562873,0.46608648151494503,0.0003476681249981846
42335,-1.7036601426887152,-9.354346884537627,1.6577712261203748,1.2993684579434015,262.9582618644931,0.04557919102100971,0.0003476728939922886
42336,-0.34453174629324756,-10.84703573324433,2.539685307567569,0.803199297428818,168.61814023948386,0.09686691823394344,0.0003476794135112726
42337,-1.1840101855730847,-12.690147820777057,1.673352130574457,1.843231124672825,440.14550344656163,0.5500171413072898,0.00034768780627831295
42338,-8.671534893943361,-8.791732523771227,0.6960080818105224,1.828904275147435,469.9879867338336,0.059319824170931845,0.0003477167502423236
42339,-8.832675501316434,-8.624714563925593,2.4880467243742688,0.7968722121780525,235.47903069270993,1.4870609464726376,0.00034774981499786516
42340,-1.0201379586369317,-11.30953781393936,1.5130050622770463,1.704322606848797,402.8317106751737,0.5053070640598953,0.0003477726901933314
42341,-0.545374094547828,-12.9560091607311,1.1137074309395072,0.7298778200464797,182.82674979664455,0.30913721736904165,0.0003478075438838406
42342,-1.507469235819153,-11.764419952249476,1.7023123744326971,1.142451480158542,295.8937337764897,1.251207124795406,0.000347809368115371
42343,-2.0944843794526538,-12.841140454380431,2.101557666622556,1.903459379098273,468.0942941870366,0.5383703460125906,0.00034781858554822315
42344,-0.1055207516116301,-9.83493233288165,1.472770074323682,1.8130878887857325,433.7933058139341,0.026268050388947195,0.00034783018017885934
42345,-1.2091827155079944,-12.668311227212131,1.4234626994425443,1.6590555083251113,468.56200560052,0.25306968666571983,0.00034783507796191986
42346,-1.1018283871530024,-9.517440179263733,2.939067134804132,1.7109657397438636,468.40904737354504,0.5399137196036223,0.0003478377803825284
42347,-1.1891343990741756,-11.587679528892336,1.7750205802743666,1.1854914977836193,467.3528395766207,0.31493813229468337,0.00034783836059183113
42348,-2.244420637074623,-8.714718144524113,2.6965075646897723,1.8047273244162068,446.73940880665583,0.7295099723190175,0.0003478442566814774
42349,-5.8126634662720065,-5.086701638765478,0.3356648296759314,0.8927123946000957,468.34085063870367,0.5138833691910518,0.0003478620280812986
42350,-5.341644653828837,-12.487733140217413,4.388437453948729,1.371698724341113,305.88032879877295,0.495714257363308,0.0003478880816488271
42351,-1.7473777158617771,-11.952576939046706,1.3822257104479152,2.9791985323455354,497.43533053805174,1.4949099823526115,0.0003478947192168764
42352,-1.474945023497673,-11.738980557934575,2.3045177711978626,1.0155884185453434,201.53589729891232,0.7937213655154052,0.0003478953536768259
42353,-4.4706733364858655,-5.822770717336643,4.057197447240947,5.972117661938544,391.99462459340236,0.1518707854918082,0.000347900876940938
42354,-0.740077623780504,-9.671153792397467,1.2775008066492246,1.116596722339335,223.98649666271976,0.8678998027861562,0.0003479192224057627
42355,-2.7688820393161446,-6.52405527926504,2.543443845019896,1.7279802063372667,408.84220439254045,0.43969053197931274,0.00034792418456369305
42356,-1.1844189487149084,-11.287046925050127,1.5158846791595348,4.288148407550386,533.226560882609,0.18933218257963613,0.0003479294575050705
42357,-0.013709165725565242,-11.547173085472044,2.270243380425927,1.071695155382628,273.88570594736063,1.455433947961942,0.0003479348702057776
42358,-1.5016789098148084,-12.329692825942425,1.6300431011145353,1.4846347243121234,469.90221206775044,0.16890712012118403,0.0003479467542183905
42359,-4.24616042045555,-5.972486469828684,1.6036275153575157,1.6861467886925856,397.02083289806666,0.5222794239193638,0.00034796860771801874
42360,-1.4233170217101794,-11.313195608806668,1.5162215948661248,1.8061889452417093,468.59328471304536,0.2663088031553773,0.00034797421204403557
42361,-1.533718531282931,-11.614328127496533,2.3948923990661397,1.858975432728167,467.6018807430287,0.23520686494499987,0.00034799602451906873
42362,-1.1296638180524567,-11.044616803253291,1.4019035754815534,1.3583911611698465,311.7433812289935,0.39176983555411393,0.00034800208015498853
42363,-0.9429137144305528,-9.597883793231787,1.4385706906204718,1.8131803694584705,375.1679990385866,1.078469376446109,0.0003480057580448558
42364,-7.857622438451205,-12.920671787879847,1.8982487995341075,0.6346089882252491,162.5057459290065,0.3492658876760846,0.0003480059603634749
42365,-0.8017780957862346,-9.59013093829697,2.9345602144030196,34.01793569136859,961.2022280652124,0.31800353452829455,0.00034800902647874116
42366,-0.5938175480569772,-11.592339380759432,1.8331847267054162,1.0875230387865649,234.60670950743176,0.00728314082737036,0.0003480352970097715
42367,-0.18091741315894616,-12.389343433842612,1.68206764242054,0.8012903375095892,469.64621949244327,0.10137323618026173,0.0003480408901078388
42368,-1.034538725466298,-9.996332082563708,2.8713656335579283,1.043049603370033,278.93521765048405,1.2045084637562944,0.00034805748209045683
42369,-0.9857407407586916,-11.397122240997172,1.8965265820617343,1.7833477888768303,467.7334167517968,0.3405393551494207,0.0003480676416438841
42370,-0.40132607015791244,-9.34666728097093,1.7245936394198536,1.1088217135380036,270.09881547963784,1.2724752276678535,0.00034807187043229876
42371,-0.892002957738768,-9.230230308721382,1.7912585505777294,1.9385277024857748,394.1798501689235,1.320588944208608,0.00034808021341707206
42372,-1.842113986548048,-12.074167518682959,0.6936673192886476,2.4500396942581917,453.5934871457138,2.569931059549842,0.0003480805245908788
42373,-1.3427517211215,-9.694008274633196,1.2389993943076543,1.4572312227354833,333.22386059185226,0.07132947352026431,0.00034809623512477923
42374,-5.204844423869423,-5.0731894943066305,1.8691662891187542,0.9582863135731503,262.1402279635986,1.2382854159562475,0.00034811615491382714
42375,-1.4933155732717793,-11.5397439558279,1.838137632311351,1.6905032747226008,395.17488734037863,0.214313458535913,0.00034812409913542367
42376,-1.7238951736933377,-8.847925447702101,2.270771020250261,1.8741797887188156,466.9451673568495,0.16466649506921716,0.0003481402983686303
42377,-1.019983687131461,-11.648116096834363,1.3541899473200147,3.717342616987504,544.7575101897611,0.6700054608969834,0.00034815232741285156
42378,-7.088258103639269,-10.89370900901877,4.23864852868028,1.5069460475193448,468.94184605969093,0.8748323271900551,0.0003481762541139333
42379,-1.3569972396670789,-12.57330405369292,1.9082476436400206,1.083041529323498,281.099644370368,1.7029090169917325,0.0003481776945296592
42380,-1.2447445055238013,-10.176280226162884,1.1744889408082804,1.1988449466516657,306.0239601008312,1.4905265816632864,0.00034819769240110185
42381,-0.4146559457716936,-12.236396677863757,1.6922451266398906,1.5702987717129495,468.35877963926265,0.43356920586353453,0.0003482005842145808
42382,-0.6647708637279237,-11.82414224729693,2.0004556572877434,1.4951038480547216,339.53502950268546,1.5067626700152763,0.0003482138121202438
42383,-1.2490771237057388,-12.334476648949291,1.541362785300995,1.0778834298817337,264.190660644016,0.8873966766248857,0.0003482369734401899
42384,-0.8704669983912883,-10.79406428269925,2.552906709708369,1.089679279705715,467.1262247867479,0.5881718030398462,0.00034823791375823996
42385,-4.629229623379906,-5.361746467262936,2.55665089565545,1.1233782227719864,467.33712583486744,0.23561919196634218,0.00034824338277564937
42386,-0.030939897775528635,-9.202532934114192,1.941498290593618,1.243012668060164,296.19349882904567,1.0588237922751906,0.00034824554609879033
42387,-1.4671277884756773,-12.250838552469668,1.3410101938843815,2.1364316930351914,419.387102491973,1.689095193722192,0.00034830275534953177
42388,-1.3827400346681369,-11.68247871672584,2.07532471449311,1.7447060105321417,412.1089231365642,0.09481276020440887,0.00034830752698828424
42389,-1.1270124246871998,-12.578960407081475,1.639826784956006,3.2233225813625648,235.3784339041526,0.3180871724552672,0.0003483079445944179
42390,-1.7561230507541907,-8.774957090628195,2.500410113869598,1.0924154939072166,282.6892762287991,1.0645462855298895,0.000348317099592218
42391,-0.9817411117211989,-12.535291164772524,1.4245070435121663,1.1113745134732356,467.6660538025168,0.4185698994185847,0.000348321584977092
42392,-1.0744649743744272,-11.446595507650542,2.1276104626411416,1.8591939701750593,467.8644447069834,0.26714425662694197,0.00034833378589882636
42393,-1.5284414842688818,-11.649687116411174,1.0361426725061325,1.5399948249053486,188.8260858750952,0.4514979997513757,0.0003483630494636545
42394,-0.6265278889825847,-10.741936319674247,1.1585843632302693,3.6282178717281797,538.9685615642894,0.6951178481473468,0.0003483693906734818
42395,-1.198276637031789,-11.641081415550921,2.2126611323323897,1.586525684462353,374.2701823350838,0.504721395361126,0.0003483723315056599
42396,-0.3038735936239849,-12.10471640985496,1.742237167367376,1.403335251478837,313.003259144951,0.6007869814758893,0.000348376658259046
42397,-0.32297446822118303,-11.83780341369692,1.5936598202683587,1.0286462389624973,467.1491510425407,0.5472769408384428,0.00034840144654353704
42398,-5.629015307496607,-5.563860706327743,5.10776971222493,0.8538236603611938,140.93265238569015,0.08785071355148855,0.0003484103176564169
42399,-0.02128467118065558,-10.721970269264137,2.6504966334704005,1.2908658333532201,294.1656465789116,0.13177971031015456,0.00034841404116921237
42400,-0.5346293138896829,-12.593466897343536,1.1307756484688118,5.9616735501787375,668.0403284285214,0.4556216168982994,0.00034844997600599453
42401,-1.0686793608890248,-12.4507434278577,1.6858695212660182,3.322274248615822,524.2873880123993,1.4202938826479388,0.0003484577085443695
42402,-0.7341368164394542,-12.00021561371437,1.248674354579643,1.1057588476923323,283.88677984798596,1.7446714869521296,0.00034850440532844916
42403,-1.384821301325733,-11.490838113606102,1.083506459071211,1.6697735766162918,388.2306763605831,0.4229616092068911,0.0003485048038958314
42404,-0.17627286905057105,-12.013604982956492,1.250240362725406,3.758859827956395,470.9946222452525,0.08755448086215889,0.000348505095517212
42405,-0.24338322232261334,-9.983666473118006,2.8718111680362197,1.1796370825579707,305.2185267676882,0.5981288578700523,0.0003485058668253265
42406,-0.36266134892952273,-9.164044312112411,2.9102377889436,2.309108856321233,435.28200051966957,1.4659581947213427,0.00034850992961487845
42407,-0.2199955559935578,-9.502684058151873,2.9959563373972213,0.9865085892652727,216.97775949281402,0.11122787834178371,0.00034851064143499996
42408,-1.5529850258238014,-11.758213614476475,2.2952641313259905,1.127540149569518,284.682758433771,0.6918638881811754,0.00034851166924073545
42409,-0.9394807849480298,-12.616854623153502,1.1131193486387956,1.3495600630318905,298.27656239202366,0.17402448419593597,0.00034851538235148444
42410,-1.8259033782850302,-10.510120377797286,2.5907557621317263,1.872408423320802,449.2501141995215,0.5979394348490521,0.00034853370898627794
42411,-1.5992923885570178,-10.668133115474562,1.3882590134775223,1.0814133200942353,283.3068564927965,1.1747261882291484,0.00034853555564076254
42412,-1.7189838649176092,-9.571697199685573,1.2287923866980248,8.814379023764298,419.1770076008657,0.1957841318732063,0.00034854360463820684
42413,-1.648208107028248,-10.166559459443036,0.9030643298791569,0.9860404033636856,260.88068280504126,1.2234529961064347,0.0003485589597058184
42414,-1.3344987938803161,-12.253809384613364,1.4336018972546931,0.48430208805356173,133.6554035721125,0.6147551415168069,0.00034856317036437395
42415,-0.5299473624862454,-10.739934151892703,2.5601755353031996,1.028745733529157,274.39724760749533,1.09927935930562,0.0003485757263415393
42416,-1.6190881679097675,-11.46363189815789,2.0640255562262415,1.0526705413847157,467.3239553534972,0.44342228613628265,0.0003485976046357643
42417,-0.37240227298551076,-9.143086986695053,2.0297693199876363,0.9474687036940027,245.78127987437168,0.41743387387677,0.00034859919649145315
42418,-0.27226827339234205,-9.13453001951105,1.9170300859872431,1.7018499601014554,400.68851941014316,0.5637583807884701,0.0003486134285877581
42419,-2.008468831253004,-8.881566157800368,2.4978190008023384,0.7970959717817191,158.26418657720407,0.4030099156813396,0.00034861385112875103
42420,-1.400590441589145,-12.384531426998056,1.528842222177692,1.7158541736881003,365.6142679813653,0.34291412508562136,0.00034861393971844776
42421,-0.5473913471119971,-11.857947902221841,1.993125147338408,1.741959950286887,411.9646210482693,0.048292892932101594,0.0003486294307647209
42422,-0.2737358949102511,-10.165153733845287,2.7148751331335257,1.7201916190413293,406.1491537544165,0.40046468714959005,0.0003486369843473148
42423,-0.574445800003442,-12.10981740507308,1.9837545248079147,1.8539004116176587,470.48413957719856,0.22593384016374873,0.00034865220987160466
42424,-7.033402116032317,-12.349693526848629,3.9956122790272333,2.132349112021199,352.06116576177646,0.13561723763648725,0.0003486545581148355
42425,-1.2363360117435533,-12.464709133095173,1.431588062200635,1.1478589119114386,468.3390576327603,0.5428725050108207,0.00034865971528268223
42426,-4.917642777908075,-7.044092068567372,0.0885806073592159,0.9893676566171776,272.96644000007615,1.6071297908791013,0.0003486684857179498
42427,-1.393493412770205,-11.917901098651194,1.9787944887765876,0.9985117635444898,376.5475544147398,0.11603372319307592,0.0003486721341860753
42428,-0.13738850597879093,-10.947691248244865,1.4076970278528085,1.08410342830437,280.35332498607994,1.176737518461251,0.0003486786301682745
42429,-1.1698880757203884,-8.769241490983463,2.338820908032457,0.9976219538039327,468.6747276404758,0.8285680238452189,0.0003486788281519289
42430,-0.8595215502165452,-11.599603751943194,2.3391003104752754,1.0022645878007055,467.7467536087721,0.42267990211560136,0.0003486797931979056
42431,-1.6840340239839318,-9.521766912648136,1.6161189060080414,3.7548758318938957,263.9880403596636,0.2859967053194383,0.00034868453716236774
42432,-0.3109482931697656,-12.339329739219457,1.2761234396781194,0.9290458325247016,466.36136329981315,0.02414748682090373,0.0003486913831997526
42433,-1.5872072893898341,-10.893575507131022,1.330553775552522,2.703892656568623,471.6368689384335,1.2168440170885244,0.00034869785163563617
42434,-0.14142426649274675,-12.542222160246101,1.294827599081189,1.0598363595600488,285.4131656933775,0.32657601481489085,0.00034870748842996674
42435,-0.4873167233876057,-10.923421224407015,1.4025953835219287,0.4947898092473765,117.34096233457971,0.5560268921248186,0.0003487084934693643
42436,-0.5624615133562312,-12.612856302116207,0.9787994946188553,0.9359806234880934,467.26125694818955,0.12752994668740048,0.0003487351554395058
42437,-1.1549966889111989,-8.846922089877314,2.3686530646007484,1.0422990825390723,276.6111527328414,1.241934757252345,0.0003487473439091411
42438,-4.002674989037583,-5.84871312966935,3.6540797687330655,0.8646901719027004,223.49461250452103,0.6092703476013464,0.00034875162791406065
42439,-2.145276796003383,-9.120862723460899,2.9018664324176844,1.865150340746786,447.4578464156356,0.3576146165295526,0.0003487631145977655
42440,-0.05993313177712878,-12.644981116728031,1.1168815639176715,1.2412096808212985,266.2970489404694,0.11542549880055653,0.0003487785389112564
42441,-2.0595404289194263,-9.155623456567438,1.7754994423926977,1.114159597651571,290.6911685102611,0.5479231840553087,0.000348818956482247
42442,-4.315238081692309,-5.744181605828727,3.67733555815193,1.0483721825882502,301.4960552636894,0.39835253203511467,0.0003488260122156733
42443,-2.5897428055213254,-6.984404700606052,2.1857309754308707,1.8930285714105475,463.78582567259264,0.12123858281421374,0.00034882917944776024
42444,-0.3744462936837394,-10.490393135374779,1.1146487701706291,1.51979137008293,344.7025163692392,0.6790635287323887,0.00034884089701340485
42445,-0.9882371878171163,-12.616002880920206,1.475481461517021,1.9042250351959813,460.0831364312531,0.534833363032166,0.0003488478557196933
42446,-1.7115394372262394,-11.068767688446957,1.5035898482987202,1.1257377250482439,250.31807620076637,0.15499025638370068,0.00034885136250380346
42447,-1.9600977822400605,-12.909964522701392,1.709065597872078,1.1782890285943237,468.0222016881852,0.44958941992363766,0.0003488864727854469
42448,-2.1298080012901233,-12.209473017056691,2.2250234283135804,3.167429743759328,506.8438030774026,0.8476731361043255,0.0003489010852099209
42449,-1.1202401076006243,-10.234390192191546,1.1198097342956828,3.65320640634687,538.6681913722474,0.6073998629177826,0.00034890687376249217
42450,-5.094220365219261,-12.175041056667803,4.409905675706385,0.9083141735718124,467.6102433421142,0.587341253578038,0.00034891971265864124
42451,-0.8443294477216252,-11.547903108874477,1.826862239452142,1.5323381872523896,353.261512293695,0.11315929810047454,0.000348935826051004
42452,-0.6386987828275199,-8.963611222720033,2.70342594606686,2.294232973079479,437.911418730405,2.3994039661397464,0.0003489597981807466
42453,-1.5869791323231883,-11.93311233415123,1.3421035481034516,1.9491578566410661,398.7497911769805,1.86544446547149,0.00034898373769060476
42454,-1.721852032328174,-11.678537364345132,1.6046409121379184,1.384752565985453,312.260947769435,0.7212802388324873,0.00034899211280044613
42455,-0.27505211689973486,-11.546439016463916,2.0902221261654637,0.9421018422604353,253.49664809601228,1.4767189573295019,0.00034907241993122805
42456,-1.9356929472475688,-8.597525721592474,1.2106818820920628,0.7367201256168622,468.4841717236884,0.4965839380384631,0.00034907589642785264
42457,-0.5060603751307209,-11.930554095264409,1.4471615465883798,1.611930321707211,468.01365027612206,0.374313710483146,0.0003490811404600938
42458,-4.348243770278618,-5.904658904213853,1.8256577596735082,1.1000367308697134,285.37983164913993,1.1273391793365866,0.00034908309385681347
42459,-1.3919554623276547,-9.254074608040456,2.917186616187526,0.558684143109607,152.45480900987064,0.5951476250548708,0.0003490911601446229
42460,-1.0528129082305107,-12.483450466789053,1.5219931426561688,4.7884569112115125,464.66637713816544,0.007524002638486849,0.0003490922105537609
42461,-4.13442760789319,-5.927674678051782,4.150652875896526,2.633964702638144,468.9805049666237,1.8085665805920135,0.0003491065048559435
42462,-1.6960762905183717,-11.748266079229124,2.312850615449846,2.4159046079901993,448.29596835089575,1.7988744289227085,0.0003491080099078127
42463,-0.08942016243909379,-12.296369058376609,1.4367276320376223,1.0560824028307567,285.1192591590244,0.7971172647034379,0.00034910920839315197
42464,-0.8347432435287025,-9.349261851054855,1.7386467254754638,3.482015555126646,392.33773451272305,0.008360962311606102,0.00034911245086485
42465,-1.0722274782400518,-12.527261041018233,1.5336180148983827,1.0603399272780416,279.96281052545106,0.9823363012016664,0.00034912582433261024
42466,-4.486147546339061,-12.017675992502205,4.408963974058903,2.6853171557229243,186.07937257396733,0.4112349157542896,0.00034917656752305755
42467,-0.393437398110434,-9.862248157046944,2.904941741609582,0.5769756184016809,170.75313053273177,0.7539041795825119,0.0003491776374089487
42468,-0.6666545724822743,-9.05526173345938,2.00693352741043,0.7416562420186097,170.852866855716,0.12269143638096214,0.0003491783401479218
42469,-5.474794257182005,-10.013716693517592,5.154260533351388,1.1005988501465798,271.7533419020696,1.275184443035216,0.00034920400039173275
42470,-1.2805675021020253,-9.640665576172994,1.4427088697324166,0.813738648527169,163.66857445599953,0.5589715517966223,0.00034920464941529193
42471,-1.370280336089344,-9.47368289179414,1.6052727181643431,6.298868283418149,414.2213433316231,0.1348235576956487,0.00034924649177512377
42472,-3.0559582842445714,-6.807888990061132,0.6803956099035435,3.3018405832340427,521.703586986104,1.2307935224773434,0.0003492716228205092
42473,-1.2036433376228537,-11.637861030638954,1.8352095986067432,0.7507323029820469,203.34407110596638,0.7967496034276058,0.0003492728093132632
42474,-0.9534090802855637,-8.765688525741856,2.4372226307978897,3.559888916933081,296.23585852206975,0.1675242753331352,0.0003492856247527434
42475,-0.6757962236931512,-12.277882650340686,1.4309095457338161,0.8896847128224494,184.50707497535197,0.049072660678871394,0.00034928955083255304
42476,-0.7380265203405774,-10.031360693123881,1.37158234566872,0.9921132226865095,469.4213071747469,0.0070973587956055795,0.00034929190524441404
42477,-4.86407106801913,-5.863404627138412,1.4209839685003631,1.916088147125002,217.13437997033958,0.3713334183556869,0.0003492985213902758
42478,-3.5956510304764144,-10.81993975897011,4.67560929193873,0.9005644109525957,228.01933620005383,1.1495033833858814,0.0003493260841728235
42479,-5.207342389035244,-5.504584881422487,1.3309726806797617,1.281907281282636,468.64715471968043,0.49349830955653484,0.0003493401408777052
42480,-1.6149694370611876,-11.008038294227823,2.051251405156448,1.7632391171392718,417.21027507114434,0.5092909524680929,0.0003493484257829759
42481,-0.7829001996027767,-12.823810970376979,1.6337002962127323,1.1839957534737156,301.8323445765594,0.6342284694175353,0.0003493788718703502
42482,-4.129273217224395,-6.130527653328605,4.7196767444677565,0.98469884558632,272.899541682286,1.627557905161769,0.0003493934970067263
42483,-0.5396339259658163,-12.930819666198852,1.2792252178246235,0.6517574151184733,136.03817559566903,0.16407602376946961,0.00034941118529352823
42484,-8.51592165764988,-8.799036696247121,3.395471370582462,1.1598328366934096,468.24179082762936,0.3280095016067257,0.0003494126806227054
42485,-1.180961619871706,-9.880313519620454,1.1888072916344523,1.115300687192822,222.88402233065528,0.9078946005293078,0.00034941291992427305
42486,-0.576099422657423,-9.711244184865928,2.909431693284289,1.1230241298137467,386.6076326958454,0.36781242860493446,0.0003494274431825944
42487,-0.1396789736622175,-11.319128110660433,1.9019788992828173,1.2788033476306038,273.5834620293793,0.958049994731426,0.0003494681433197302
42488,-2.057806898586076,-11.440171140837801,2.3355597179280077,1.165134160880015,467.2118109855653,0.44440013637899245,0.00034951094049915694
42489,-1.286781192277358,-11.040318600247865,1.1532275596551875,1.3952920031642595,303.7956754975693,0.622209027628501,0.0003495487038827298
42490,-1.51318339017784,-11.812261018085273,1.7305353171959026,1.0507930194728474,283.8513690321216,0.4798963583475624,0.00034955356126158143
42491,-1.2669514932231127,-11.512212629853318,1.8260146102690589,0.7974879558438768,231.2253451892139,0.4848009439963521,0.0003495567230908777
42492,-0.37817172065857463,-11.351281558260688,1.8466003084503995,1.855508012007228,444.6297668644506,0.020490236631437675,0.00034956258473753436
42493,-5.544229289121179,-5.171025291419809,4.516560073785883,1.0850315716595444,282.8320052599157,1.4538797552805436,0.0003495708364359136
42494,-0.8653689856605098,-8.795705967477723,2.5285309097741706,1.038135004041693,467.9121936729264,0.18573405958005207,0.0003495837570633844
42495,-0.1405556588957957,-11.716562029666479,1.7211829315068312,0.9264858750764992,255.7557730414536,0.5882416072084462,0.00034959536228489025
42496,-0.3862937693660591,-11.071880895169219,1.3702908352167562,0.8912999980050058,141.35406962254578,0.24689726099303488,0.0003495974916874634
42497,-0.44695603471396517,-8.75367156132487,2.420392424037644,1.1007823964882737,284.72968217230715,1.5480016657279405,0.0003496392026193631
42498,-1.4534210999684376,-11.255241172794213,2.3793221502310096,1.1392576695350265,231.18446142247132,0.6146537580676519,0.00034964098786431473
42499,-1.4772519856718738,-9.03178782948328,2.7971272247527805,1.3718005962313256,233.51010705655113,0.001129824207981578,0.0003496443748540346
42500,-2.999809745852062,-6.276561646930405,3.8300457915068735,1.2887802332815363,313.9083860131405,1.1639384948156506,0.00034965422853896816
42501,-1.803175277315594,-9.218367518540244,2.847449981662635,2.987120227342641,497.6606354788282,1.4031162949937377,0.00034967073637548495
42502,-0.7235131730196311,-11.29479974838193,1.3803924566728227,3.583508524895796,541.8396627494429,1.1218342137359345,0.0003496753339244297
42503,-1.5076304043339537,-10.607018404222842,1.3878398921977098,2.0570296360313387,395.21188698507797,0.5771634557841105,0.00034967644039804094
42504,-1.8333031650714187,-12.66259597826441,1.9690980268327856,1.3206786259762662,467.9484794561196,0.5916519913804432,0.0003496775634969244
42505,-5.661970411760841,-5.101186507243301,4.639789342007616,1.194195472679974,288.71048790060354,0.4275494590209705,0.00034969509200906374
42506,-2.010020030002364,-11.030436947003007,2.1421219840242465,2.864786308295126,378.43799788127177,0.05874158334806179,0.0003496997528278408
42507,-4.692833065856594,-5.604530616447319,1.9054925141422747,1.2065671196109098,467.97027032810337,0.7016544831278502,0.0003497062445894813
42508,-0.48190061659608396,-11.538611852380207,2.222272315059926,0.4953047102916657,105.93810607051526,0.23331447673796823,0.00034971801924708223
42509,-5.656737838239451,-5.1876823916181385,0.5738203489618678,6.327600494544847,680.5568637593261,0.34571368514239253,0.00034972058685079493
42510,-0.24423010301618575,-9.693644059626786,1.4514609502319906,1.1803618791892978,286.15196566973145,1.1585310452789566,0.0003497242541534369
42511,-1.6604477973433305,-11.068116013705225,1.3484294290118441,0.9841811302021525,272.35666551732197,1.7388800519173957,0.00034976334723973236
42512,-8.535470853897616,-7.392937485806956,0.34963425901910505,0.8170344772914212,230.5796109628765,0.9422080090889215,0.00034977504271349906
42513,-5.032207220086794,-5.693141169547141,1.421165754593941,1.853844361493583,467.9959741898124,0.36621007142940876,0.0003497781411190841
42514,-0.3870607458106594,-9.920747644496782,1.4734264189604414,0.735385957744556,222.10536678178315,0.6325766700049176,0.00034981926615289537
42515,-1.3000012092755284,-12.289147580821883,1.4218804106445995,1.2156355912305885,299.9076775175796,0.19899178853314847,0.0003498196229756556
42516,-1.3403683109537425,-10.859905896814535,2.5198545037076747,0.7229105651626404,187.35470027664664,0.7124088778047772,0.00034983046631512267
42517,-0.5721987704016964,-8.886609048215046,2.7485727422575845,1.08430915902118,279.5174092352095,1.2641794118223872,0.00034985299867627465
42518,-1.706146672307625,-9.001261563946546,2.71693455585922,2.3236669038304907,437.4630359178343,1.5670427951039594,0.00034985768106913725
42519,-0.3698820086575374,-10.313613610985753,1.1302158678503793,0.8778203331030701,253.5319201476436,0.8293981713657912,0.000349859947836753
42520,-0.022375631251565054,-11.746873798185895,1.3971037697197313,1.3390955439426915,235.10862685154126,0.13260064814395722,0.00034986666067072836
42521,-1.8035813123953854,-10.999937870419988,2.525922196534306,11.458897652628798,783.192857235908,0.2520915144028999,0.00034987204359582784
42522,-0.12568327736310358,-9.97016037074438,1.1893015396365225,10.497194844346119,777.1922535318787,0.27711115876044534,0.00034988826239801653
42523,-2.1420011929621365,-9.064952719306426,1.988875155088985,0.6041083814256453,158.824779043836,0.578352078154837,0.00034989308341298403
42524,-2.0628946520066327,-10.381352781795359,2.600128841331411,0.9579140477794594,267.41594011128177,1.549722454501767,0.0003499040340823426
42525,-0.8515861805593836,-11.55195413399966,2.3921677655964984,1.67032628740847,469.4831505175105,0.21318240369920627,0.000349923744646558
42526,-0.9708240339083076,-9.7986463081578,2.8454218461866607,1.6045332444071638,467.95301185995385,0.6129918155803447,0.0003499251250872041
42527,-9.993191334696267,-5.667706041664431,3.765588074887196,1.095448434074794,283.39221096287525,1.729225796431753,0.00034994407289605354
42528,-0.7439912828505317,-11.542325919683968,2.0179662747127374,0.9867597387268745,272.72977464690246,1.578610586783486,0.00034996091190604136
42529,-1.6328005680898734,-9.746291387250201,1.2035638560310655,0.9838130008261924,256.6073377298042,1.0523431162041215,0.0003499623952516925
42530,-0.8751195678774106,-11.575816880857603,1.7127635656264464,1.3008376695236714,469.8161537613876,0.0025790848150402113,0.00034996688194341766
42531,-7.377161584332006,-11.61678576008967,3.6852540239143594,1.3312527966136243,328.13726155915174,0.37324518900696546,0.00034998162204939
42532,-0.7147542245122835,-10.028215466235306,2.8578684923769577,0.6903099864585726,208.66374145712572,1.4775846112050735,0.0003499859904545015
42533,-9.36660297469151,-5.311954498955402,1.013779301284727,1.3027049194442244,468.417914129837,0.20365340415825717,0.0003500129808466565
42534,-1.36463592520583,-12.343287223504337,1.3377212618811811,0.713607486027364,192.52215007187348,1.0074673236177825,0.0003500332815532322
42535,-4.939061043230192,-11.078422286518226,4.616339303431958,0.8955412997488195,302.60376342585135,0.02843847813989786,0.00035003715337964355
42536,-0.7704948413916153,-12.25010475334699,1.9061466965109364,1.7728600503098113,421.67413559831687,0.018123697997374677,0.000350040363530914
42537,-1.2195114573286556,-11.368704003887352,1.3400761855819703,0.8568316560292778,468.1329317434674,0.4986970883727526,0.0003500600930749934
42538,-1.4816234754049962,-8.754744225960568,2.4084558576930615,1.0856566812756971,234.16363542911728,0.8288777230853759,0.0003500721096340795
42539,-1.433954150016186,-10.563523562006084,1.1244763293785731,1.1996639787038677,467.1686573971483,0.2613829349657557,0.0003500724500628868
42540,-1.2062676477334442,-11.481610330488877,1.8262842372704802,1.1093623186839774,279.68871238862573,1.085502181660873,0.000350074625227367
42541,-2.6285973529682884,-7.538069518839694,0.43871521429573795,1.2952447281289792,468.02873198365717,0.8931129985857114,0.00035010152891941257
42542,-0.2900120400965456,-9.515574147144536,1.5758563981816098,0.6329364689060994,127.91220937650198,0.21511231049729584,0.00035010659640487393
42543,-0.942325742857534,-11.830009781774361,1.1605839085111935,1.120985332922384,291.50156765054766,1.130466726547164,0.0003501180133229729
42544,-1.3962806413737425,-12.73981740694191,1.751633063302146,1.0604429022771502,277.1506295027191,0.6416991477578184,0.0003501188770990764
42545,-1.910689200481814,-11.336614720446995,1.5227110757784839,1.5866310400543864,467.88873013677943,0.5222663888010572,0.0003501340473316064
42546,-4.206534483493351,-6.314487144033388,1.0579185786223706,2.1470249603042597,349.43598730009836,0.11524495920122302,0.00035013529051600145
42547,-1.5975808598519041,-11.557646765241495,1.9191761409204897,1.2230495512866741,310.24705139227274,0.35443736646239454,0.00035013865956600766
42548,-0.9681396105901481,-11.643121080797542,2.014551451083407,0.6212133364056827,128.71244893902238,0.01021660651110512,0.00035017148651988355
42549,-4.684956455686182,-6.022962273948601,1.1354836396773371,0.8056199213206503,226.18772206158744,1.341456631999585,0.00035019015780513203
42550,-2.123857535355161,-9.791107426300336,3.0737790746677747,1.3123685200289907,142.92852788526784,0.31937167440769354,0.0003502056431380366
42551,-0.37892521350504715,-9.159636524326466,2.043138712879237,1.8528759173493057,468.7875761133367,0.2884720301031338,0.00035020811613431356
42552,-1.948677785552423,-12.472673410847637,1.601553719417349,1.5331213509806436,352.4104383065684,0.4597010693789896,0.00035024373556511514
42553,-4.996147601688527,-5.563572220022103,1.4926409948649928,1.0213612341506664,236.2406170468815,0.4860365053296123,0.00035026811273967793
42554,-1.5143377258538742,-10.808712871312183,1.5037613906427023,1.4470621431153847,167.88472228442515,0.24628126698855812,0.00035028769944441673
42555,-4.400344820151464,-6.322878161379443,0.9106573570802488,1.8407899039057014,439.0780506533705,0.5847731582234621,0.0003502937285553085
42556,-1.5859168946174265,-11.395995361041955,2.2682770727582384,1.5327941988526583,468.14090314880895,0.3869652588645982,0.0003503107008621445
42557,-0.5140445365707915,-11.439608138216085,1.7596134891292068,0.8849469200332468,460.45747525554907,0.3345461185661769,0.0003503276317799678
42558,-1.2189550471221082,-11.329414655115714,1.3395827276872418,1.827540279782802,436.41235731889503,0.11638692761385538,0.00035034482562012575
42559,-1.758878468815757,-12.949648911998606,1.6574221456234912,1.227684756021943,262.4237316700625,0.12494420476434343,0.0003503658609526022
42560,-1.2120205820829817,-11.507120497390856,2.3987261228621475,1.8988788471215243,463.0642469839095,0.5793208371419443,0.0003503668731223242
42561,-0.9509880998595364,-11.620440919959968,1.5871968422681828,1.7284340078183862,409.6251264527142,0.6891578075587228,0.0003503716613210094
42562,-1.3689004620045022,-11.55915763476938,2.2118982985201705,1.0813129047433463,467.32446109715886,0.19783580487346786,0.00035037186324276317
42563,-0.40180128331831,-10.842521838238422,1.1088714184460666,1.298458247873299,248.71975242612996,0.1278014200562847,0.00035039642417594697
42564,-2.364510625272958,-8.096292284142894,3.0240927698027478,0.8852631104318586,248.2937676742804,1.2498850862725037,0.000350438658617932
42565,-3.8785333556904886,-10.06048157697687,5.071544956389375,0.7857244767231354,428.6757563291049,0.2786328092462069,0.00035045070192374437
42566,-0.9934905529672129,-9.024297057575273,2.131610034955209,0.7096665619311553,163.4092832996341,0.3990808852405543,0.000350452313003979
42567,-3.540667530194823,-5.951723961528294,1.9017563782169746,0.7754325047905598,469.1120952413777,0.20496063561658495,0.00035049779145164534
42568,-1.5268818858160351,-9.552965752474197,1.6099156388269522,1.1632456681805763,469.43107582483213,0.2114311902804129,0.00035051003170222435
42569,-1.520214053918039,-10.920429296783308,2.3759184436856033,1.8755037458358097,467.3142565299583,0.1220444009639916,0.00035052546884430525
42570,-1.2455221481120695,-12.015684735749565,1.980173329095079,1.305329475442392,310.3817049675613,0.5316934504016322,0.00035052779521296465
42571,-2.2569404428581894,-12.00520123876113,3.0603717974259905,4.424670112497478,487.4294934280598,0.07496223147581027,0.000350538344322956
42572,-2.0223464415944834,-11.910202062623773,1.8221479507508291,0.8993839322122501,183.17668993175107,0.04598630121182268,0.00035055954050338984
42573,-0.8802636695259878,-10.04659004919601,2.7979525388064945,1.7076745876975807,402.02088774168976,0.8530291176498785,0.0003505704980189838
42574,-6.8238375042340875,-10.21184898833692,4.772368103381007,1.5244649798097878,468.2366673409835,0.07081060421629282,0.00035057204966736744
42575,-7.893091382059646,-10.018258829359505,3.402783083704478,2.671720052117695,464.7293493607342,0.9190583909756498,0.0003505767423056588
42576,-0.40545567766385027,-10.62665204604992,1.4036170180838283,1.3219100033953108,285.7788473817471,0.5098887489079882,0.0003505870244313865
42577,-1.12013569054122,-11.041232909278634,1.5198028721718386,1.1677563191513234,468.3690003641256,0.5247336097573578,0.0003505983317527607
42578,-3.8869592681174128,-5.886138887678817,2.098365257462393,1.0743134534080632,282.2745006043659,0.3685221408601693,0.0003506261176588751
42579,-0.9322111315967625,-12.00011420718289,1.115765553290415,1.6289998674920068,468.25795576141377,0.3221342706452379,0.0003506301814077755
42580,-3.4018181415955535,-6.160612456497086,4.667251969093086,1.778095552611789,429.7961278529775,0.8566662011030397,0.0003506306685890811
42581,-1.3685979292577795,-11.00414964345462,1.3722136112499796,0.8986253066557575,142.30558151408806,0.24461095153091073,0.00035063683920791077
42582,-0.24110017780769155,-11.670694555891806,2.1741217367867804,1.604124899078031,355.3331599132065,1.5603680611871207,0.00035065080334536363
42583,-2.208290806763065,-8.210128025611942,1.0580865256931564,1.1313121195950382,210.0320375145653,0.013098911457978701,0.00035065310879244514
42584,-3.470504801209958,-11.333792534439468,4.512494199264324,1.2201850037682291,307.2800921420848,0.5976148582141585,0.00035066070340191254
42585,-1.9432669084534577,-9.649104790292698,1.4683199769745656,1.7923914409132937,467.8488044956631,0.7909127460343983,0.0003506645219113233
42586,-1.3832317666854905,-12.708079272808918,1.461267628911275,6.443439372054305,281.3412197265753,0.2914979527378234,0.000350689782863625
42587,-1.5147359337004787,-11.391640733146438,1.8374692277479163,1.6979638409159685,468.71044024988714,0.5998250389869115,0.00035069734371261747
42588,-1.932291800668187,-12.331357853593936,1.7635863843213655,0.9880623222648693,257.89698091825665,1.4726889613513396,0.0003507082840459145
42589,-1.413268151764104,-11.635307353431616,2.300344052572235,1.1023972358037084,284.32325813369715,1.7693256682541056,0.0003507203278495585
42590,-0.5380036371100214,-12.246009039137494,1.0845204363875431,0.7859704165639406,173.04772452166773,0.3045039281754045,0.00035072105451950156
42591,-0.6211533104288609,-12.118853175780346,1.425577287010853,0.8204593315305047,240.6427100535338,1.328993003478577,0.00035072505273960015
42592,-0.9770624296685071,-11.51826367483066,1.5915342234948668,1.7358200419892242,408.90210403816445,0.4575162271981279,0.0003507274510544344
42593,-0.29697207177885154,-10.766352357282981,2.543085896830208,0.8640228256000333,180.53803200951526,0.38624704017580225,0.0003507771254664816
42594,-0.4081183670024835,-12.448862936402945,1.5309538498418889,1.5780741997480145,364.07473126514446,0.6078760897681734,0.0003507785966187865
42595,-4.273464717820817,-5.743964445049649,2.1050804230351945,2.7178089558262135,473.82827434112863,1.289023230676329,0.00035078102096747373
42596,-0.9875621994044597,-11.423490740220528,1.7532899673131497,2.0964518860708083,392.89921278908395,0.4387782896080079,0.00035078161895489985
42597,-0.12471866918360419,-11.987416014655595,1.9891873846202426,1.1556583995941376,468.7263321434791,0.24903131419825275,0.0003507820969085299
42598,-1.7618991890140308,-9.174491390863261,1.8506977064266958,1.6268242033804738,374.3306974374504,0.11431122139177852,0.00035078256839438256
42599,-1.8175934622979444,-9.864070336667867,2.838778315547701,0.773463792034346,469.42748492156437,0.21959074479293417,0.00035078572990304723
42600,-0.5277906277837889,-11.445456153652875,1.819024169293772,0.8793110585886206,245.2121638911586,1.1979262376124664,0.00035080617312609235
42601,-1.5264462773636236,-12.230583001679225,1.6399963945174927,1.1213974992671663,380.9076879670983,0.6427659480596608,0.0003508184487258355
42602,-1.663489120224174,-11.215538186657406,2.3800594325976583,1.1006972333081093,286.2310396049986,1.4638533573183574,0.0003508222734389428
42603,-0.7736592843809458,-11.556097556239811,2.3161865841829328,1.2170840375170027,131.9535362713991,0.36097198227872607,0.00035084243453927747
42604,-4.265457731110964,-5.5936279668403115,2.3723480378448802,2.7353490898816433,411.7678440193691,0.12916822693351637,0.0003508456735045422
42605,-4.882275173910288,-5.9573145975053965,4.7762971587634215,0.9402956277827947,252.4839034404849,1.2316854558523938,0.0003508481043703765
42606,-0.6679258640807682,-10.9783632025725,2.0355019903938927,0.9618331442089426,467.4662668178188,0.7787751798940867,0.00035087384884657574
42607,-0.11899839651607813,-11.516703251350865,2.3384246597120266,0.8584020087875796,468.3382477309608,0.5129289657503628,0.0003508811902347557
42608,-0.1739850432084573,-12.737326069583686,1.2079522524735296,1.2251803310620653,256.8531131666125,0.7642694912448347,0.00035088466211117387
42609,-9.981780736779548,-6.200036395456551,3.7886009816782495,1.3608058531527485,299.8952239816496,0.5405973519404652,0.0003508877088261298
42610,-0.8447510609444464,-12.137391723212936,1.126041317214941,0.9957188518201556,467.99318503390435,0.5892914086927128,0.00035088994623393545
42611,-2.41167699605369,-12.886117108743129,5.146110064475533,1.4115034522558092,308.53977638990006,0.5301011523710075,0.0003508912223873327
42612,-0.43860246227654187,-12.799471064572652,1.5651198463830214,2.4175696452430753,448.050977156073,0.4716062616491836,0.00035090090791668684
42613,-8.045012531404925,-10.573587392456538,2.2422759439998887,1.6471556980248045,382.6531677662756,0.11436110875930883,0.00035090236588334467
42614,-4.284389631689746,-10.39298225027538,4.880002553109198,0.7546320050363486,151.2485824460198,0.7169414827051961,0.000350903215057704
42615,-1.6579979335093515,-10.186565536280641,1.3533408810445255,0.8844995379007856,237.20469440324314,0.6342718311468376,0.000350930602784035
42616,-1.5676186960730725,-9.797427593718785,1.4568720629076577,1.577145181606418,470.0805359585846,0.09815932353348078,0.0003509340164919479
42617,-2.3576801732636685,-8.051794259789112,2.572676476178201,0.9194123676207071,429.4359346232297,0.19477037574762956,0.00035095555061354094
42618,-0.0755164109968316,-12.331934959195271,1.6713486570997091,1.371492165508383,327.58790508973914,1.1802724845112378,0.00035098257655977774
42619,-2.4648224902271636,-7.484778547790615,2.460930907749199,0.6624619994660343,468.03094848389986,0.4336572614869336,0.0003509887671340469
42620,-1.6217182991132102,-12.870362697782873,1.6587084758746389,0.9937678463907347,468.1301969812801,0.8254072822932317,0.0003509937803443404
42621,-0.24151967706050037,-11.258032261901171,1.348664703383849,2.410932126845975,447.4280332749597,1.7939829726174201,0.000351009608309106
42622,-1.3041931218930376,-12.599252893696397,1.464123553796571,1.1659537159344648,467.5683493949834,0.21719529399896498,0.0003510174561724188
42623,-4.433950108954862,-6.177146456604775,1.1406922491878484,1.1784418351710955,467.7475226568822,0.09834844627273398,0.00035103012002446926
42624,-1.29877070461135,-10.665135190967678,1.475031245962309,1.0396905119824424,468.45327160191806,0.39894423936529844,0.0003510357108836703
42625,-0.7869818926703509,-11.652221343205763,2.005485232183737,0.5615976666258635,119.82565743807228,1.0929069284000459,0.0003510390087589912
42626,-0.8327097809827642,-9.932782643865117,2.8673501360249247,1.39224528343357,469.5772893125738,0.18086640162361345,0.0003510439453798244
42627,-1.294545081671746,-11.544328526540696,1.6984823864389644,1.1824389929817298,300.99428981039256,1.2973412671288278,0.00035104945403028774
42628,-0.7386334898506277,-10.631780602748014,1.4718491432646308,1.213272283749946,267.6361420493019,0.08427899104615122,0.0003510522379053332
42629,-3.5148718880125696,-6.102438606217417,1.5818342072363223,1.3145227336592473,264.53452074530605,0.048737429373328034,0.00035106258694337516
42630,-1.795443168064768,-11.93973456769799,1.5798733818394348,7.195291415607392,511.53903741621684,0.02442470562506216,0.0003510656830371121
42631,-4.318424939775703,-5.651889457096809,2.3784944686569722,2.1697863491239224,424.80748979978347,2.1408694564196598,0.0003510736821440726
42632,-0.9219776149827972,-12.981432320561774,1.0863429776497644,1.0592990692907576,217.89075375259335,0.23127572345798253,0.00035107573572157883
42633,-0.28721890456477794,-10.883539486438298,2.503226849024776,1.6257065646319746,364.4074961105629,0.9053189248858784,0.0003510782569510569
42634,-1.5448065877176163,-10.307615589217813,1.1448451497948509,0.9974658664408431,261.15889611214305,0.8536059355980141,0.0003510838779034207
42635,-1.6251148080588127,-9.708107410951975,2.890547310583144,0.865606740505677,192.17784917192435,0.7730295635801214,0.0003511322126043955
42636,-0.6905337318852993,-11.105931644413355,1.1629409834398359,2.2911828166320496,423.48514993337267,0.7760142329281505,0.00035114979185092867
42637,-0.2690128628342521,-11.41658176531017,1.8229758328085301,2.084419621573416,406.5522798944437,1.040468707466208,0.00035115030945746003
42638,-0.9253165391599172,-10.009406542316425,1.4692614296381572,1.8762133268097152,469.8195614252682,0.12519233784802353,0.00035115851464481875
42639,-3.6043012557109213,-11.049583150327189,4.589962141587065,0.4959396982205175,148.9360936888417,0.8433603297121826,0.0003511684247273787
42640,-0.09929063893494394,-11.910381734165528,1.4589974216947685,0.9658606038573819,467.8997094646538,0.44908135781218395,0.00035118755307804873
42641,-1.124072504495464,-11.97772601773476,1.1223456867869428,2.3346776429768474,441.21225279041204,2.1102162659781323,0.00035118793129611795
42642,-1.4302671138551108,-8.815305977928654,2.5412409796031223,1.347672749009837,328.08996360068795,0.4067785498816354,0.00035122025503489697
42643,-0.8981838843407246,-11.403712370275947,1.833222308718674,5.3279663149371315,281.5312957274266,0.26570996459974605,0.00035124590642809754
42644,-5.06625850742865,-5.061550711647714,3.3944251717168443,0.8309647055470815,467.80668990398715,0.17606020017234503,0.00035125642704479307
42645,-0.2765366360303183,-10.130654238713955,1.3427729009965526,2.4287427542054227,448.8682441665319,1.6383676041017727,0.00035126329656847826
42646,-5.125347885527139,-5.772904965417108,0.9446610660805588,0.9336381423990295,229.9712514784394,0.8980618330902663,0.00035127937640083544
42647,-9.9159150554416,-5.5479918817377465,3.915527942246875,1.3202217258911535,247.90717271600352,0.05272957778418075,0.0003512882855822382
42648,-0.2663937041937281,-11.664661159779042,1.9101763267368927,0.998976333468232,467.8589359971798,0.650809230133933,0.00035129817263488295
42649,-2.2058873058787984,-8.13707651128393,1.4135210444242843,4.166207716693936,579.2334229231409,0.9416803559300906,0.00035132419338830057
42650,-0.18774875792904133,-10.681784030115233,1.1859426389687664,0.6303178684470074,173.2044048873198,0.32452013028225224,0.00035132657620425906
42651,-1.7722250913162245,-9.406102322447609,1.640807036437566,1.0257338556994506,280.63896214730215,1.1362102413766237,0.00035135864766287967
42652,-0.4688798387820228,-9.337011346145012,2.9017508007833865,1.7252242014195713,406.3603256249693,0.15263459639462962,0.0003513592189595767
42653,-0.564942780348348,-11.513037124938183,2.009119175160365,1.205545221820869,303.20311621150245,1.732933178439784,0.00035135968022566245
42654,-1.6565010928040511,-9.606219044358545,1.5615153326348155,3.0661338268702543,470.9141879330222,0.27126475496678637,0.00035137866790186333
42655,-0.9127978964606882,-12.526221887784533,1.4641620003030569,0.8863990098519434,184.7141607478953,0.6246244212662235,0.00035138210521514765
42656,-3.1457614764554176,-5.968078210955735,3.35913483290981,1.0403632314432782,277.47489835804174,1.7739892093135223,0.00035138698254892967
42657,-0.3378603633683177,-11.529352272695272,2.209225641325113,1.0709702833556787,285.11779501531225,0.8751816797651175,0.0003513891352618852
42658,-0.5499959639798444,-11.56765251367681,2.3090170009716986,3.788100315071932,411.14403176013866,0.009615567922042878,0.00035139081164563
42659,-0.06475832919192115,-11.174497858689715,1.164189153029753,0.9278670415267706,279.37497952693616,1.0120519930775957,0.00035140499477473176
42660,-7.956782291032408,-10.30286944992445,2.9548103608753573,1.01908037413063,215.52725500136708,0.05257675822915253,0.00035141084085953963
42661,-0.6628745432431966,-11.543948777983239,1.5865321626081228,1.4903575906151925,355.3234818735539,0.4756517458053402,0.0003514120113774807
42662,-5.921849444173254,-11.682926602332174,4.490084394772514,1.041568001429099,467.65376776563085,0.008406004206239714,0.00035143437091935314
42663,-1.485421263130549,-11.60007367042305,1.7211128448740405,1.223222058601811,279.69955764537355,0.5747174199057179,0.0003514397927486943
42664,-7.539820307084636,-10.000210832095807,4.130410542140499,1.1447320207930414,467.51556874528734,0.20565993396171667,0.0003514506166126532
42665,-0.6146262894944883,-11.2927962179133,1.3316274672456616,0.8786071800401954,467.8398469223905,0.14759545621110792,0.000351455661876578
42666,-1.0554698808451537,-8.88738921581477,2.2763326269894395,2.5587068017231487,463.4318525585098,2.341863176583752,0.00035145904103095276
42667,-1.6759344549376198,-8.777970283541315,2.3224016120888322,1.26655580716574,305.46530639422997,0.1893602601984261,0.0003514659381221103
42668,-2.2049392109826336,-12.775454503248307,2.5317275016857246,0.9697604494880839,257.94515387718735,1.409802718762399,0.00035146607903390224
42669,-5.308624325029731,-5.325070764785409,4.273084737027209,1.2637122318319485,270.7721377396166,0.18016155242994714,0.00035148613005152844
42670,-1.2497905426958944,-10.9558808882738,1.1770938111153213,1.0478654692450782,278.70619497067287,1.2727374573150536,0.0003514992259139352
42671,-0.06416202114861846,-11.379975848473734,1.942666563637356,1.1182127053824886,290.261981766896,1.5096004740028732,0.0003515090658325233
42672,-0.18640140730249932,-9.183369670977518,1.9181672099162914,1.091482544046357,290.7073659589043,0.47012469435637616,0.0003515139168034065
42673,-0.4285251412511286,-11.929036490820707,1.6321159385754906,0.8077448961743579,234.52413938257504,0.3146186178777395,0.0003515219989287991
42674,-1.850359903737802,-9.297925195854415,1.7843618083826205,1.1271438321560707,289.7679843379796,0.7296017614261858,0.0003515234534374452
42675,-0.31451676145536034,-12.250511605552722,1.909011345856483,0.6156977055417603,187.66904981412816,0.97517854725427,0.00035152647678182063
42676,-1.5296302394216585,-10.935692273972617,2.0709625858660288,0.5015299446268203,128.40092113013003,1.0481778826492443,0.00035153153653191073
42677,-0.16561909095453764,-11.52509246891294,2.3169206029581324,3.767590800095736,549.3010365088793,0.7081847055373682,0.00035155024182723224
42678,-2.179067543617368,-10.781682988171788,2.802975267686463,1.1241136671631733,467.6907021361062,0.2778186941382552,0.000351563240472008
42679,-0.02947569624553914,-12.725030640079193,1.086729830905833,1.3606985731485037,467.2840658724263,0.42137570080217923,0.0003515719094345641
42680,-0.18394124242896126,-11.527579313539217,2.2078042382840684,0.8530986272500788,468.7055517315623,0.21243696487913954,0.00035158563052939656
42681,-1.1433587670603238,-9.055381497579784,2.7923494998590477,1.1050210102286435,272.3679155969591,1.1314245156191696,0.0003516060802477511
42682,-0.2078922745688665,-11.441406429297341,1.173528578444005,1.1242563368294294,466.9252391117406,0.6050457350997496,0.00035162488967304165
42683,-0.1644951698937298,-9.72693742067295,1.498007321422682,1.7348134737237277,408.7441867208387,0.3595870152127594,0.0003516250632955437
42684,-1.4943500593789274,-12.099497437478794,1.5325181860964596,1.4317010521706308,315.99504411661064,0.2890614023830187,0.00035165508998603987
42685,-1.3324975394246188,-11.538833670397818,2.249848697241689,1.178648924079803,299.0198874932584,0.4794901575295656,0.0003516564396206296
42686,-0.3632096116251642,-9.966179861098475,2.814465960804048,1.0910681363904717,261.4878287437464,1.4824053023064634,0.0003516591900295687
42687,-0.8199165391557788,-9.155115397430698,1.8678013918532028,1.013558432744466,271.03016572165734,0.6340742010092351,0.0003516810753656446
42688,-1.3619220247457289,-11.797056524773813,1.0863700664081002,1.0967831126590049,218.1293721047182,0.30231188725013425,0.00035168294597059507
42689,-1.456640374104225,-11.549254995365978,1.6049821280069596,1.805692450110183,359.2989814582416,0.36764644444477934,0.00035169166824607496
42690,-0.2379052512296802,-10.546250400240456,1.4742388764926213,0.9195548873768236,248.33213094198547,1.5922958217215575,0.00035170056668367404
42691,-1.0954667911458102,-9.674147738813287,2.8917416339994544,0.6747674286799608,172.67042794525617,1.1976513346650401,0.00035171404889728855
42692,-1.3583865454401831,-9.052920259344777,2.789692394003814,1.7171341014133132,334.0489948279535,0.43603528130728275,0.0003517246764357593
42693,-0.7746876775551605,-9.728418249585166,1.268113838136772,1.8654042040915777,467.82540301600994,0.10467549949392385,0.00035172899699539845
42694,-0.45016293743183056,-9.956323690231661,1.2766222289468014,0.8468646624513497,221.2884929484756,0.5330093950760348,0.00035173321667555355
42695,-0.622095500002283,-11.916021092659348,1.6958345990945909,0.9354985932741742,226.9878878923593,0.7176825314814206,0.00035175525520239506
42696,-1.0181863582430868,-9.08037289202063,2.006414079889865,1.1499121482000592,221.47758443871453,0.46783561301085186,0.00035177544586224786
42697,-1.97815759190493,-11.93116583469465,1.5620283624420557,1.6360703124481746,378.18175580480346,0.1391911732321569,0.0003517859340036253
42698,-1.195381714776783,-9.43622957689235,1.6677079547134799,1.426202320768231,348.143910173254,0.5302869086462056,0.0003517942684417869
42699,-9.97458627342756,-6.751596050116544,3.552470850826171,1.1543823618226987,294.7684391656217,1.0767678307119555,0.0003518081448423269
42700,-1.2073633458549686,-11.908622518563813,1.8638080673517483,0.8103555708460141,468.38744253684376,0.5324686861622245,0.000351829048338563
42701,-9.958382842843402,-5.791611984233556,3.840305728129403,2.7461984166089457,476.5207755664369,1.3557718049678114,0.0003518298749037063
42702,-8.899948058638065,-8.13019621142419,3.7640651124071662,1.12250767584586,288.6932785661344,1.034312710829993,0.000351861635716524
42703,-0.21758988181564476,-12.28896156980107,1.5312738954514682,1.3419882765147169,217.22517652289616,0.48732133445180636,0.00035186174234058226
42704,-2.2435490385943355,-11.101740268758212,3.084424161578676,1.4219251794054966,468.4640454989487,0.04160965960782992,0.0003518653261787188
42705,-0.7131685861216024,-8.92198815484798,2.5870196697812218,0.8664283263351569,182.1285419661705,1.0403287329122461,0.0003518712553939406
42706,-0.6794214675726913,-10.957907660912978,1.4827314088295056,2.266548513268977,431.3120698590229,1.5006790708237139,0.00035187790731149276
42707,-1.4635973510109004,-10.278716677950701,1.3599100943086586,0.9942183196685624,258.09888516838373,0.1888710463574359,0.00035189322360484784
42708,-0.5651964397060016,-11.903466442792922,1.8637172693778103,0.5015310727617499,122.67714927312696,0.41846587782950717,0.0003519000106779898
42709,-1.8904574288200244,-9.277282499723222,2.8441918666937087,1.008061817349372,275.9252973932353,1.6221533551662395,0.00035191266684663955
42710,-9.354064407680145,-7.179969475820943,4.4084317581335215,0.7624612619572287,468.0238424740244,0.2929295223156094,0.0003519265613291551
42711,-5.4254072325565375,-5.256440421175965,1.0021790046616008,2.523310222698339,430.10799775360186,0.38856409419414195,0.00035192843055160386
42712,-1.2268362765892888,-11.222491828240873,1.957041623435241,0.8500908768993118,236.8515488431329,0.41752343683929904,0.00035194248916517175
42713,-1.3076810463691082,-8.829999319187973,2.4584612489533297,1.1485226009823788,468.76828419041425,0.8476175335221594,0.00035194543892851316
42714,-0.9542630370562311,-10.225854605770738,2.6986623123660225,1.130958470461496,296.2221683399984,0.5294908893159107,0.0003519490496022445
42715,-8.250862729780344,-9.79432116471281,0.5884380666849711,1.5281687691124917,363.3199393133998,0.592020514847226,0.0003519513317957372
42716,-1.395448929813158,-11.967179554329666,1.8574334370316243,2.281951100562827,413.86679073263315,0.5634737715525846,0.00035196793277903296
42717,-8.051612600614837,-10.72278076524796,1.797153863497959,9.674410315551436,503.5945222514636,0.10166229272575844,0.0003519735911292981
42718,-0.09213772282509325,-8.90942370693524,2.1589534831038053,1.353875786156081,294.7629879228928,0.06584377072576952,0.0003519875800111828
42719,-5.917528229209291,-12.505342121580242,4.388124203565153,1.5655688475554628,364.44355488899186,0.8501213794682076,0.0003519929676117489
42720,-3.613782209654617,-5.806403215210845,2.2045966215279953,1.3942430619979858,468.0022461217306,0.3690948555729694,0.00035202098249944306
42721,-1.7832063511186949,-11.862839687302108,1.7492609946786222,0.9074745182431945,468.0699819517044,0.7137651367998217,0.00035202133800082074
42722,-0.657343785620375,-9.083407454142503,1.978347980530176,0.9280583939983211,468.2435159015108,0.8288984144638869,0.0003520305926354009
42723,-1.7804292627520493,-12.731158473607442,1.638908829374169,0.8952324685230841,215.92167442440666,0.06150815324455383,0.0003520448177190359
42724,-0.7915691737305313,-12.595460936038402,1.4110768634676105,0.8804795255106679,467.83884654223004,0.5720419207972176,0.00035205802472568454
42725,-5.495512580049836,-6.4672614161432165,0.15699275190456174,1.8640760466919069,467.47369847913166,0.49827921237260764,0.0003520887345676093
42726,-0.48452683723702883,-10.603289936803447,1.087458856664283,1.1533629226709459,284.45024811340005,1.1179973345519096,0.00035210847612571547
42727,-2.0457151462103855,-8.968404830531739,1.4709191355967157,0.905032852300535,469.0783975122218,0.10374164998935065,0.0003521410828657992
42728,-0.6049007596628222,-9.649450917279779,2.9037069374586846,1.0295238551384351,400.57866340064976,0.3800664613064004,0.0003521478357361976
42729,-1.4368786787457175,-11.57096672362448,1.4406658687833285,4.051529270504736,571.2468059988823,0.8967096074755352,0.00035215904379439655
42730,-2.069392357223765,-9.259017763723342,2.896824442616214,1.604057260876137,370.9560070371587,0.11646332015932526,0.00035216107276950633
42731,-1.4664008712270586,-10.211634393541994,2.6892451957568992,0.7907944431295234,160.36198844183838,0.9562513507977224,0.00035217231721177967
42732,-0.3877275650287988,-11.334173588532272,2.4271658322588943,2.571846691895727,461.9502901326268,1.5174363350972042,0.0003521782883779658
42733,-0.7459352831485528,-9.185888935250173,2.04271535560894,1.8409605314977746,468.08924718696966,0.5355532684571012,0.0003521810279922682
42734,-1.7662170229112508,-9.762211816150064,0.9068476031313435,1.5618726595813808,468.7219594064604,0.4927533177612551,0.00035219149273519153
42735,-3.0796877799811497,-6.018180391503604,2.8467831301814073,1.2896972414217776,300.3775323599338,0.15208453616423867,0.00035219353204720967
42736,-2.544744555441513,-7.439455594120847,3.5247166453201295,0.9270680013072361,468.551075120222,0.08083805654345344,0.0003521948736609203
42737,-4.832949054268018,-5.97280597966043,1.1532877123883816,1.5470117472410254,358.56175198532804,0.9697395830718998,0.0003522003858021622
42738,-3.192692188414764,-5.788220983129677,2.5564939667546427,0.8223377806516402,218.02896992778227,0.19808835462575036,0.0003522041792292926
42739,-1.5179205819586468,-11.578290069999712,2.3202651078280576,1.0285649194057975,227.83649589533547,0.07671624809910238,0.0003522126564727775
42740,-1.1264188047714487,-10.909391331151753,2.0480786623765503,1.5359209785287349,353.4459792425043,0.04834532568029992,0.0003522230705846141
42741,-1.5552037646216963,-10.056581895673396,2.7819309935071637,3.232445356893379,513.3069935089576,0.9406450540981597,0.00035222702380683475
42742,-4.965389714788845,-5.707067363894078,4.351860889670601,1.8091846673826464,432.6991465676174,0.5848792929508404,0.00035223379387180204
42743,-2.180036736018134,-9.011209812840931,2.762094305125817,1.2598027012179707,266.02224720698536,0.3104284081806652,0.0003522741743568673
42744,-1.0097308387804045,-11.423215284293777,1.7131157899128127,3.8183588596055507,555.897233765671,0.8762147681152532,0.00035227435460726783
42745,-1.181740557414102,-12.146778295671162,1.6709264041146419,0.9812727405406658,211.5549739876383,0.46048997033949846,0.00035228148279963667
42746,-0.6768002860544406,-12.883910870533718,1.2627143707312662,1.7403094303752733,409.8315887864097,0.1268216361023482,0.0003522821363649839
42747,-2.744897250969781,-6.588619240431903,2.550837919518606,1.8477640550018246,468.34957272833503,0.5172786147274531,0.00035233758131981947
42748,-0.9922301434273013,-10.921660232388799,2.377099437342731,2.079481419132168,413.3522474036688,1.8255003551145492,0.000352343038922522
42749,-7.255455654303751,-11.66730865350223,3.840521104004502,1.1698843105615866,295.4431597613929,0.7941551986097428,0.0003523479849567005
42750,-0.1952543949304033,-12.763959044177485,1.6704626808962761,1.2739738647278296,265.75146658829095,0.3469197941871549,0.0003523497571700942
42751,-0.0144363531868823,-9.259665275438145,2.897969776209885,1.6080743104634265,373.4777482566614,0.04186199384678968,0.00035235669050681943
42752,-4.755699354617579,-6.054901434797565,4.867770896778343,0.953489568941051,267.20502136504814,1.8303003547449466,0.00035236904569259934
42753,-9.609345685774525,-5.899394283392419,4.488401740647904,1.6961885942827204,468.3943179146582,0.6365864966747896,0.0003523693856857603
42754,-1.3638390816898145,-11.484658568543626,1.6005447978887222,0.7782393158538199,154.7069369908329,0.19798001423637857,0.0003523707080759799
42755,-1.7507167847578806,-9.471728725950214,1.1975047886895167,1.627313817208358,376.69978197145963,0.004190669989994511,0.0003523757493000016
42756,-1.6066346009000245,-11.75957198770084,0.9090152979839509,1.0170084733278704,469.01020510819376,0.0010127432659690072,0.00035239779127246005
42757,-1.8012749540168738,-8.974415407580349,2.6111159144568092,1.001644617826531,262.34134301156126,0.8658929953630707,0.0003523989831863946
42758,-1.8198872741710073,-9.089501456247529,2.8037804128483415,1.8446842689254044,442.1253736800028,0.13855366248461642,0.00035240853700455103
42759,-0.47094589902865813,-11.66479704092689,2.16815659086227,0.7970208295165484,183.33039725257814,0.3375167801296648,0.0003524175214538114
42760,-2.1792810765331163,-11.038316709319785,2.515678312725673,0.8475770566797978,467.13757858773573,0.15711042409265552,0.00035244927234808095
42761,-1.9513131169513773,-12.419551764885613,1.5365139661833875,0.8086235115148014,194.24425673669478,1.1665930777825553,0.0003524731081914829
42762,-1.075009795744661,-11.754238386153913,1.1781978054637798,1.5722480021389267,348.75653470767253,1.3718349091814117,0.00035248728372353085
42763,-1.5574873012615633,-12.202596330119274,1.2606351370689808,2.254032695398996,431.1735226505724,1.5970618224267819,0.000352499913101396
42764,-1.5212730422064809,-11.488492610058486,2.0038799516064807,1.2417320147149726,468.3044498312079,0.32354589357099695,0.0003525228853453196
42765,-0.7221547730131341,-11.057639922311497,1.3558753460952981,4.172778593988061,579.3449676144153,0.9259380153960874,0.0003525338676216142
42766,-0.032961772825139235,-11.09401427219384,1.1686871490812345,2.501648317216328,453.11675677875974,1.271980901046816,0.0003525458395125768
42767,-4.633457202724902,-6.046515976682953,4.6830645336368395,1.1158352221048904,468.17290398429844,0.3144302738623601,0.00035255704217881505
42768,-9.721481927411924,-5.091207993161875,1.7564370896740118,1.6762140765539606,428.152643277686,0.5003552764642931,0.0003525642027861502
42769,-1.411842451319366,-10.726407346300746,2.5431523704796963,1.8053400952357959,467.8911669329179,0.20591648238942373,0.00035257325292748534
42770,-1.4528137575824527,-9.407650432108017,2.9147818557471084,1.4179138065704926,340.3226752703892,0.9458475762484868,0.0003525936947023455
42771,-0.8631119673166605,-10.760534304390335,2.5314512582521664,1.6657209442524323,392.50072566416924,0.5444769447381281,0.0003526183231301066
42772,-1.6308941685651206,-11.340274837451087,1.5793713871553388,4.810382941718983,611.1662352232142,0.5634619719907663,0.00035262229976734476
42773,-0.5567009395918436,-9.741740960201575,2.9052987762320335,4.036485389229969,219.86754900259479,0.33366492677538684,0.00035263190073574386
42774,-1.2074272460566355,-9.970618398277972,2.739701804934207,0.787789890319436,138.28645346949966,0.24099758759617362,0.0003526331632768332
42775,-1.820314009449465,-9.198641023747333,1.2831429719013934,2.9265904912478966,494.3696968925112,1.780454222412458,0.00035264494989911205
42776,-0.5653972631095012,-10.14852060546697,2.764180552269328,0.9045297243052683,128.04989334386644,0.3245933448567371,0.00035266288230922265
42777,-2.682877768545459,-6.857309316894305,1.7292281313148647,1.762724674439312,419.5647859158216,0.6636797877906835,0.0003526790048126851
42778,-1.4066496985436565,-11.191242419119407,1.5664635586300837,0.770677226930752,189.0156006912712,0.20010395692891603,0.0003526821558562823
42779,-0.2488589310673337,-11.07135393912543,2.4400395835175925,1.296636761996324,319.02687547576045,0.2930537187467648,0.0003527019306387618
42780,-0.5664980837140483,-10.28007987390339,1.4696250889008482,1.2042229342393822,467.01501216959906,0.2365338193340465,0.0003527114767142262
42781,-1.1199520994208427,-9.34759123067849,2.893593421370053,0.8721677628286337,404.05539273343766,0.21430183941954883,0.00035273521503219085
42782,-1.03394450352895,-10.328412080612736,1.4670967825761916,1.1921726329769706,286.5459443033171,0.15031379006538348,0.0003527377448957279
42783,-1.2572959814927493,-11.392968240541512,1.154495093576092,1.1821501525876188,256.09710744744973,0.6785937611955388,0.00035275360866011426
42784,-0.2457656516659963,-9.876445801846462,1.292787857683484,1.0329213167227183,276.48395137912524,1.3489601899028107,0.00035275490424866145
42785,-0.30653472379272984,-10.666133217304779,1.168978947155474,0.9782320288630424,432.1817101196656,0.026212302756239758,0.00035278336124026406
42786,-1.6490096078420784,-12.11957746636379,1.6728957002085674,1.5105906923318702,347.30398912969406,0.17499665979988688,0.00035278444576858576
42787,-1.4986532913102817,-12.799658398091529,1.0788718518305813,1.6622210870698237,363.4097674261037,1.6485426257784965,0.00035278592288230144
42788,-0.11728929970460555,-12.380607455110999,1.2698690777771098,1.7926169600506372,467.6182199228369,0.47181938145616,0.00035280741378279087
42789,-0.08485789341895611,-11.82981850597392,1.981478360218701,0.8173561741627403,160.18634007289188,0.04535351534853582,0.0003528134363691429
42790,-1.1993947041851598,-11.343920909307535,1.8169783064300495,0.9064354258044449,252.82707286924423,1.1404920995838994,0.0003528340625654105
42791,-1.4695614931661254,-11.19025240685384,1.9508597386970483,1.631331698220549,148.36543524516918,0.3518838270543725,0.00035284297479925837
42792,-1.419465880767616,-11.178240548138898,1.9603307378379797,1.6566087157730491,361.18219817106416,1.431461449209288,0.0003528451372165259
42793,-1.6614514286769637,-9.611618350219722,1.6158001699006432,1.100333210017024,220.50648683595603,0.4320474501803373,0.00035284859746113195
42794,-1.9303856489763493,-9.752158524645555,0.7061778166989005,1.133724767339217,468.8970199241501,0.7747846534584317,0.000352869903436345
42795,-0.9475104118943527,-10.997256735423957,1.1695810364888326,2.410826156423911,449.0966979476913,2.2683371844520748,0.00035287495925905395
42796,-1.286016820383125,-9.081556100687035,1.9827331984165246,1.604142544918858,349.93796531881117,0.32583769406792573,0.00035288231931500266
42797,-1.7681670919276673,-9.74814868901899,1.5059573109429119,1.3181110831510423,467.9929786945096,0.5787729070601229,0.0003528915263178443
42798,-5.415353770099671,-5.584398998525074,4.771029369746654,0.5638051857158333,129.8560906168008,1.1456274857867506,0.00035290227826788886
42799,-0.5976582839475846,-10.461074379121527,1.36955284311162,1.8683902345712697,456.646653390528,0.04737446101170928,0.000352903780645417
42800,-1.0057545190572252,-11.283052580998982,1.1304513292682874,1.002555734602252,468.6419975931325,0.353200852172475,0.0003529143392209737
42801,-0.5633572420192952,-9.199424726555954,2.032338682563152,1.0236253066755912,467.99046696441684,0.36374173851783187,0.00035292818879046174
42802,-0.6804647489172488,-11.395281589382986,1.2563524328899554,0.8206240596938534,231.27158035507284,0.6627893539812986,0.0003529420406301784
42803,-0.5679805683114196,-12.911549907587181,1.281783282329587,15.890101715103244,816.4034890245572,0.2294228171029058,0.0003529436281920053
42804,-0.12367652996624301,-11.609802996514619,2.286207126832024,0.8458081521320443,230.53858122336894,1.3986879341981764,0.00035295362206676814
42805,-1.4852856783901363,-11.465086577737182,1.5963487902154772,2.3925688359118276,446.9092406262654,2.020822141501644,0.00035297956976755514
42806,-4.139474005380462,-12.881952150345107,4.319760043764275,1.38851305851835,446.72670322251923,0.1904544065637257,0.0003530246765155058
42807,-0.02679257450541428,-11.178865884577942,1.9531796588971073,1.0132315266796423,163.07995959921396,0.18472308557714978,0.0003530528591926241
42808,-1.6474804218635768,-11.751981733087419,1.3973707152083776,4.76902819507107,602.9752680428307,0.3300613443020719,0.00035305705651667105
42809,-8.044483121813695,-8.994002589787948,4.260017658118955,1.1426294804595563,146.39257276470923,0.2654514022257217,0.0003530602580392458
42810,-0.8874991287261622,-11.857639299873728,1.6900263146661625,1.0214583492429736,288.5050155004191,0.658778117886551,0.0003530694120367461
42811,-0.516902160819841,-11.142019088987151,1.9740969806756197,1.2879475580969104,318.0955657706245,0.32815778079853075,0.0003531102470706603
42812,-0.790692907155881,-11.781952058033543,1.4302177649514691,1.9083523105081157,393.04675583664687,1.6742736489093906,0.00035312141417503896
42813,-1.462919200889754,-9.19602424037322,1.7648732949058292,1.1588661924906747,302.0405349320004,0.6254763419990121,0.0003531455397613472
42814,-0.1763760515619346,-11.345171642398387,1.2541661007607243,0.8345244526716734,204.7289069524769,1.0626906250375567,0.00035318690382895267
42815,-1.2239982672276852,-11.67717692553345,1.5797124477210194,1.5645573289512436,232.21427497220023,0.09590347726341708,0.0003531873105048975
42816,-0.6721389815837338,-10.834557912166007,1.5201742034733057,1.0758468163770072,257.15447251616615,0.5601828188057931,0.000353200928553743
42817,-3.401503876161093,-5.8024351745513405,2.9226974763796503,1.5076738893463757,343.85534458115046,0.7363411148801893,0.0003532084770034881
42818,-8.588318561110851,-7.967152804040013,4.75862420718629,1.5085792603711583,338.9150193704816,0.028369174308704892,0.0003532212194452264
42819,-8.727675802679231,-7.752808836871741,4.819349717516054,0.6558960585719212,140.98981453171788,0.22931065460417877,0.00035325155772233523
42820,-4.461181442774942,-5.578647757272934,3.323579839380733,1.055390691486556,267.2192461433469,1.1024415769840745,0.00035325533705679227
42821,-1.4436750434285877,-9.884022216722485,1.270436579124634,1.7426675281715522,362.6806047057154,0.9157113915652237,0.00035325589944796887
42822,-1.4016815968043819,-10.063266542084559,2.770618964703836,1.0506135468513067,268.28962526376176,1.626385114611077,0.0003532898789948102
42823,-0.8642202192482635,-8.828493178085118,2.346097499071016,1.119752381956565,168.19787833353143,0.19152615167185072,0.0003533244491046979
42824,-1.6238602989645425,-11.133316896557696,2.1378746205291255,1.2678636280670186,276.9619194133944,0.341793053340095,0.00035332510800832996
42825,-1.3612281712918435,-10.659400403304915,2.5689778997298895,0.9792213208903927,468.5162181088316,0.8834978158158702,0.0003533273678050921
42826,-0.8269973895530285,-8.806475489831517,2.294314763539234,1.123774115361012,296.27221191318586,0.5755954155154024,0.0003533396084727631
42827,-1.9040745428668373,-10.55066363596512,1.4224595677964027,5.612638267687177,653.1263541786369,0.6045262174412507,0.00035333979591443986
42828,-1.0677107367253917,-11.452208868579872,2.20914024128269,1.214872889592744,292.34944955248193,0.44921930110606123,0.00035335910946423854
42829,-8.265787006725988,-9.842455848421437,2.0529092659188892,0.7471901597825924,159.32700804306234,0.25076751938009956,0.0003534024082433179
42830,-0.5986963296522614,-9.27289954194434,1.7902453544239503,1.629719289618029,351.62827070511054,0.7659722856750095,0.0003534083076555674
42831,-3.4955819612440635,-12.13011957628895,4.372213449677042,0.7599282607722604,178.73249603408703,0.3151860856153972,0.0003534107845263868
42832,-0.4393496755467652,-8.85117307074659,2.3528845040492365,0.7101266470741352,207.29686314882022,1.1876223182333083,0.0003534210777948121
42833,-3.9514417278737675,-5.992315106328448,1.8069739204904487,1.8490595746481953,468.2369016334921,0.8188069030074114,0.0003534260850790079
42834,-1.5613115280136807,-10.109435678700986,1.3976389690388489,6.5377848221773105,689.2027393109043,0.35927150616207015,0.00035345367810333986
42835,-9.603832446222397,-6.751348541278719,4.318651048402049,1.8048298956090265,430.2478276515582,0.269286201831207,0.0003534571119099005
42836,-0.9120354969750153,-12.363690171693566,1.2952975228137895,4.78076309108678,424.89477034822994,0.0569428690374183,0.00035345922303148665
42837,-5.02748769388751,-5.130297634358165,2.4191852734325505,0.6948292308723224,141.83027658789933,0.23889707030014762,0.00035347255841840767
42838,-0.5472669482833457,-10.837259384946547,2.5002499696461715,1.2257074459020387,456.6365101489099,0.28284426873817736,0.00035348177864340767
42839,-3.8965780712110387,-7.094843713850741,0.24680703714472088,1.2704605941145601,468.52011166651613,0.2824103766990369,0.00035349981862779745
42840,-1.616334939614969,-12.617017922263512,1.2315439725406914,1.1638785562919907,239.26470464609196,0.12052882508967766,0.00035352070959176096
42841,-0.5154795455794172,-11.127041116740298,1.9368891636463403,1.0039978979269606,467.0819424027772,0.6054546461016672,0.0003535301418049682
42842,-3.084143159704766,-11.376239472849349,4.67870416826765,2.4513644493376536,451.59940496147067,1.8294030996304036,0.0003535659754405263
42843,-1.0029610256143116,-8.831773543909271,2.4366605058860054,2.68534735947884,470.92863934225727,1.2847730720132189,0.00035357010282021446
42844,-0.8766765304374253,-11.739503752309167,1.431927470170225,6.29893729679358,682.0731587109672,0.42671932935516654,0.0003535713478366581
42845,-5.613091104242805,-5.482766703208272,4.959129664508832,1.079296958464947,281.46881459902113,0.30940961900779307,0.0003535999469315534
42846,-1.755968315127319,-11.535557700030802,1.4006477361068923,0.9653470482356341,469.01060029042594,0.009522200932423175,0.00035360643721708775
42847,-1.106866756948211,-11.46929460236881,2.311904057650943,0.809826498551882,389.4604002120518,0.06423696276932755,0.00035360665106779165
42848,-0.4395758314197078,-11.348827488279527,1.706583098170456,0.6962200589656815,140.51066263660925,0.2387360752183456,0.0003536112309040331
42849,-0.29794662313767084,-12.968126081876624,2.189211483287847,0.9198797340108893,261.07120658452266,1.1864873778784935,0.000353650050912097
42850,-2.008977773464596,-9.506948785058023,1.6568487682838502,1.6053932478429618,377.7992959060579,0.5537594703821354,0.0003536627753870975
42851,-1.010871839137181,-12.039537748825719,1.9075224388839183,3.4539452467332987,529.3456113322762,0.8611981903132904,0.0003536666716940031
42852,-1.5758868832501847,-9.963699697645694,2.8616845601530234,1.151174263048237,467.0979151046916,0.13289726972039873,0.00035366734588748906
42853,-1.3788681242008423,-11.785739669179371,1.6810720888932535,2.987719372569837,188.81980538302264,0.3862129866485642,0.0003536704827279618
42854,-0.22865822866543262,-11.164960360741293,2.372461760890671,1.5536781395822548,469.9215496675857,0.16788662675098465,0.0003536801006492189
42855,-7.85000323717094,-12.671486566081212,2.1116369180578975,1.5286211636871976,345.9236479676083,0.07839919276540552,0.0003536869127014749
42856,-0.12343692302539822,-10.614896466966421,1.1224855106846605,1.2227857304629168,290.1259119418059,0.7391878387814375,0.0003536915187526686
42857,-0.6057402027036574,-10.649418960687585,1.3438577844568877,1.0878759551096637,284.25897471889726,1.6220454593850198,0.00035370054420686965
42858,-0.11068866551385881,-12.271484017273979,1.7506439284144997,0.8350692024738661,441.33786410020934,0.4999909467399677,0.00035370544608833815
42859,-1.3602647615710453,-12.59557650197121,1.7779128602857768,4.365557894607093,584.2378127572514,0.5294692187379679,0.0003537135645580276
42860,-5.127752128267858,-11.892840425946092,4.437679001681386,1.8790777609350031,469.38237481527136,0.03487816827400536,0.00035372753889482717
42861,-5.067128948951255,-11.75590195670107,4.456785997512032,1.5494127365264438,466.82550009497197,0.05853406077640333,0.00035373014930331663
42862,-9.359564995910013,-5.391850486826541,4.871827627414261,1.0454100374760222,278.87720074279974,0.5977081480234983,0.00035373650021714684
42863,-1.3889191341659988,-11.283987835959334,1.8202668846172403,1.1366968998835716,293.6244230750964,1.087043250530483,0.0003537381569028622
42864,-4.602975297780652,-5.540914844949853,2.5618474841292724,1.1639784296965523,251.13318668220236,0.793954945664769,0.0003537401446851277
42865,-0.267704858407809,-11.504696409532112,1.0809358306975845,1.1219466490474943,468.09682989165697,0.7288623503792566,0.0003537451752356305
42866,-0.7177622480349086,-9.073607832912277,2.7275324334400537,1.0224507367725597,468.9360700786257,0.6400477898451502,0.0003537673337315588
42867,-2.3226759917206827,-8.031848813764224,1.9628476355506672,1.741946156562899,468.02312429622026,0.37854799620241497,0.0003537733072208371
42868,-2.4176107004566454,-10.81575131300039,5.032196244562869,1.1829394853620803,467.9260064537753,0.15028947343016075,0.0003537781515461131
42869,-2.014698534805972,-11.452669818569083,2.050298226017715,1.0253571189567752,468.20638721350406,0.8781862046097029,0.00035381030921483844
42870,-0.0018719980201264974,-9.90813586191063,1.5096311413579013,1.4467148168849753,319.5221552815708,0.17933280385363304,0.00035381360574270314
42871,-6.6135893239426276,-12.118373281958215,0.04461129832960981,1.7970115159163145,373.42820372263293,1.0103849813430097,0.0003538175316879228
42872,-1.6867245262251256,-9.32322450880801,1.665358808524942,1.5639257475067694,350.8748075289118,1.7617063637398642,0.0003538258815977623
42873,-9.285058076966774,-5.063202919914151,4.9780882771062425,0.7363104920707636,467.6884493567479,0.27766210439289907,0.000353839681405463
42874,-1.2255089795022638,-11.242789659398891,2.0163833546526186,4.585341605637194,598.3231767970169,0.567936456591041,0.0003538477904733876
42875,-5.232004422166553,-5.002797854827961,1.9693849705223154,2.3958057154616066,440.39033743609474,1.096192234938644,0.0003538503953262646
42876,-9.681307401650011,-6.940649368314048,4.028743293351088,0.9263649876347002,186.52748885819216,1.1258692971975695,0.0003538557881054299
42877,-0.7469118618653443,-10.232017433650844,1.3654402370449543,1.4821888086207373,345.4780947881506,0.278505989981924,0.0003538568386520902
42878,-0.5365317996109233,-10.179369748850128,2.6876006820378437,0.6390829173256388,181.7035863446806,1.0285137217786344,0.00035386247967541206
42879,-1.1170143156315486,-11.192200472040913,1.1204789909945112,3.7324112617284846,547.1066877622677,0.7120485198562756,0.0003538698061400485
42880,-1.4281992377314054,-11.766689851034618,1.8635412435944878,1.5335059272945175,343.7173313222881,1.3403122044057048,0.0003538734910410841
42881,-0.2920762163525854,-12.963260203280049,1.228867401000503,0.5318959513622775,166.84184030307526,0.6680882716729322,0.00035389520874321543
42882,-0.297369171563302,-11.441182723264577,2.206750261373851,1.0293078959810942,275.11373545067505,1.7988173506787044,0.0003539016737401886
42883,-1.932526328487027,-11.113895956972836,1.5376195346747061,1.7151897490274728,403.88083031957643,0.5443577938960837,0.00035390302761358446
42884,-4.057486818025198,-5.72416760964247,2.166081280520748,2.6819142880694065,474.53135343661523,2.343709432429285,0.00035392383494206646
42885,-0.4693737109950682,-11.25917713147108,1.1236128399583927,0.7430515565585889,149.6896997561085,0.8297257476646198,0.00035392859397413137
42886,-1.264016432349779,-10.790308828238064,1.5080385533771306,1.6980316273367817,253.78102565881994,0.053001488275511655,0.0003539303607391717
42887,-8.903435760905944,-7.377451164253762,4.997524186074499,1.4236589641515212,322.26798536396296,0.22018160301495548,0.0003539382799066035
42888,-3.697985198590372,-5.711600182189928,2.5408141388047247,1.4233957522324254,341.454896915016,0.5515728596131524,0.000353950192769441
42889,-0.47829926776014986,-10.790471139520598,1.1180906725951052,1.3424532129424738,329.42117469335574,0.3501240361057425,0.00035395195058244514
42890,-8.97961901727036,-8.293198536679075,3.0539057934828926,1.2746069296359632,318.25291643849926,0.5174100030302009,0.00035395831986824114
42891,-0.7685235344751327,-11.163083761472071,1.1207530218762911,0.9651029897138581,469.8764180158008,0.07379062566667383,0.0003539640458380047
42892,-0.7340124457134216,-11.431632276356579,1.1781559294717197,1.0665101612966716,468.08359691723786,0.9080321215715914,0.000353970574182944
42893,-1.2299433998099811,-12.143100920685523,1.4592189298529243,1.7884370936299225,425.458910416426,0.16681570808420698,0.0003539708637571047
42894,-5.11543938561974,-6.587900389620616,0.39849992815603225,0.8087993505205103,184.35020466801626,0.19665291945751928,0.0003539802558875292
42895,-0.16977546356510587,-9.004993761569574,2.695686962277052,3.7983129603812564,257.16855161961126,0.25337025100610866,0.0003539870850983668
42896,-1.7051083157933142,-10.012980152181175,2.782306546796885,1.9023794696291971,394.4150729196701,2.1526334987009648,0.0003539985555908745
42897,-4.875104047460254,-11.007668286224117,4.632331575456539,2.963194244366296,496.65923093495906,1.5465475361017953,0.0003540064774158399
42898,-1.7606095992705217,-12.025132650140486,1.520792002806418,1.3776646570014408,313.0248703136427,0.9211281242458043,0.0003540329016592008
42899,-1.026488094317422,-9.443461627544487,1.7044744028716616,0.7221465276160248,178.20263797955192,0.5712097295325131,0.0003540399870309323
42900,-2.007026626060582,-9.479695625724787,1.5454604911303829,1.0503069658491364,208.06855090330458,0.4709682331072047,0.0003540399876676264
42901,-0.6094845656985584,-10.84347213591463,1.350895461190048,1.4296551703470535,317.40596097402437,0.27419712726034184,0.00035404568550054065
42902,-0.0836698266982907,-11.257229959889095,1.125458734006216,1.0299553937351478,468.4947416654337,0.39610915030784444,0.00035407995259263014
42903,-1.7068450769658288,-10.322996316539134,1.46471501279043,2.681638513721166,456.10019699483814,0.5820458721451978,0.00035408195458579644
42904,-0.9358656194076413,-8.839765365185027,2.5346292116487708,1.8403812794044634,383.1251501897688,1.407831505917911,0.0003540820453907738
42905,-1.4072422253301262,-10.897114845905062,2.458640891320201,0.8698128725422063,465.6637379475169,0.697937608298723,0.000354086306836358
42906,-0.7881438970288386,-10.652547962505967,1.4038886840451414,1.8863073477125814,457.47832695181376,0.3552775445802059,0.00035411401560823204
42907,-0.5990737647402984,-11.881743473273513,1.2375325903350198,1.4984919595771882,341.8647079148786,0.9694220302124181,0.00035412047980323
42908,-1.3267087038574985,-11.116337543378602,1.3356378286243644,1.5560550843916077,368.2210110327869,0.5963751339027974,0.0003541260240430365
42909,-1.9462118482911652,-11.27931684458445,1.488247053493326,1.6302175378982589,384.0415151456303,0.4215151712444287,0.00035413383285504087
42910,-1.2905889601336824,-12.179701304219803,1.783242341366423,1.3245592614055444,319.30473504120016,0.4142222497281187,0.0003541677316991321
42911,-1.6022421111402654,-11.391854264851048,0.9176690110112804,0.8948975873247637,199.6311517883075,1.1001246640040812,0.00035417380104956495
42912,-0.35071472347976496,-11.246284394547155,2.1149588337233336,1.76952577188102,420.67714697840097,0.2662160847744417,0.0003541748194013047
42913,-0.48112314578848014,-11.60382493312897,1.5809556439899868,1.6764604951756377,389.26050896110337,0.13603762370288486,0.00035418899665732884
42914,-0.6454804477195957,-10.850419179899863,1.521457344394414,1.7552474749823646,467.66215885761585,0.228756385802809,0.0003541916298813317
42915,-0.49517694816866964,-9.312994498907262,1.6508505380297467,1.1152236928279629,467.2747643475248,0.45124432191383956,0.00035419380395639694
42916,-1.5330967314559114,-11.55959403702469,2.2861276307418126,0.7387221992094652,468.21549557683005,0.2559698866491251,0.0003541955488911047
42917,-1.391655385963837,-9.577283928679421,1.5930989547938317,1.9005384084623742,468.308773478704,0.4639614806778205,0.0003542046708200073
42918,-1.504283957852051,-9.764110143531157,1.4485378235839377,0.848747722700149,467.44844163223314,0.3106163656795866,0.00035422609028084976
42919,-0.8645891185576602,-10.709971860022417,1.1236938051715595,2.074708109268582,408.51052144562647,1.2703578772408415,0.0003542266893019584
42920,-1.8199867478429592,-11.406281738440477,2.0739266645025833,1.012921044224858,467.6381629742423,0.8810856246752801,0.0003542385021504846
42921,-1.9976279632861154,-12.179882897924479,1.8362228107108334,0.8993942394830688,467.6677631418721,0.4812589483438572,0.0003542416927213901
42922,-0.3977995292094221,-11.160386382897014,2.358032269305529,1.0133891541237194,253.723858951771,0.7984997766100523,0.00035425167173301484
42923,-0.7501079925649741,-10.775350268531701,1.510253878549901,0.8847094122121306,468.31305017645616,0.5423898376730918,0.00035425732240355743
42924,-3.179733983855754,-5.937642579774276,2.1314226158313816,1.1436813447996181,466.88485415342814,0.42472426946374764,0.0003542585671570104
42925,-0.007920513311050925,-11.99407464590016,1.532194141539447,1.119520847230199,292.3334773256885,0.8368784061930077,0.00035426399710110763
42926,-0.12711526089555214,-10.704809745554549,1.1247887020133187,1.3743867554550704,305.6360029915886,0.6251643683475399,0.0003543052949253092
42927,-1.9542936405656413,-10.831019835980783,1.4840298167881203,1.0013434084963198,466.9385305362045,0.062353171319800005,0.00035430548641383013
42928,-0.9385083341561931,-8.798068774484845,2.1945784389974516,4.912068362146041,330.61076132288434,0.1767835870696226,0.0003543237327586171
42929,-0.4572198555575433,-11.124372797816632,1.3413466025663332,0.8113985059902876,225.28332458173313,1.051887775808793,0.0003543412136213458
42930,-1.4493398026989475,-10.326080818397593,2.625034400518529,1.6310131460899306,468.32142248866296,0.5064712575635815,0.0003543427025295236
42931,-1.8178112566386275,-9.440825461842273,1.5110099386543043,1.641097399099638,411.8292205207908,0.24322271353711855,0.000354344841409137
42932,-2.436144002715608,-8.786379634043763,4.349618225289141,1.3213266582092564,313.77511533754705,0.5121806412446519,0.00035436768615021744
42933,-2.035606560103977,-11.39136826325343,2.2314677644031033,0.8507285894548892,470.17473880421676,0.052059669736903125,0.0003543727450510093
42934,-0.10111982061696878,-9.3890080700167,1.6335921237408773,1.789575165401627,425.77422090224536,0.7872328759143121,0.0003543872468959697
42935,-3.4447955279137767,-6.297769939855893,1.1262936790841085,0.960181209222168,467.7295940104998,0.011958409641644963,0.0003544094998497113
42936,-0.5879080606316602,-12.59061049897162,1.2891484842110048,0.7947388009484205,179.22988000841067,0.03717760538934467,0.0003544280563085917
42937,-0.5824079624480802,-11.346063569576174,1.8000404756945716,1.0188011784053466,166.74817263721664,0.17486326038190914,0.00035443170858995667
42938,-0.17743257467813223,-12.686332582111207,1.2256584673355482,1.08366073313268,283.85201059262,1.6142258697423078,0.0003544543645349513
42939,-1.1416876930694304,-11.886495272582906,1.9065579154771426,0.949948688644375,267.0804956646848,1.5788240224228884,0.0003544633254594585
42940,-0.38230180021996674,-10.208019149005318,1.2488847236483265,1.2004448778148795,298.88590218721737,1.5659560363777176,0.00035447163286288875
42941,-1.2245158426030383,-12.08486885704561,1.7444567214015347,1.4623612859052089,338.2048664221646,1.841648352216379,0.00035447575896418684
42942,-1.4855917469141566,-10.461892401459354,1.139676492878527,1.1457992106545325,299.57765737305454,0.6161070478922186,0.0003544885546499883
42943,-0.96061038657548,-12.618713313816126,1.2921485921983282,1.0216482475217254,267.7315481621351,1.4406212974909964,0.000354490229781036
42944,-1.2111840647110483,-11.21396567430732,2.017115818779899,1.1170392590707428,266.764114924009,0.8111512701730756,0.0003545019609133484
42945,-0.4891764506176184,-10.858448528720407,2.0272973097615683,1.7488548627661828,414.2110375149383,0.3641514992999406,0.0003545247503284933
42946,-1.1083842264400872,-11.48914766440037,2.248936673981739,0.9344583114396104,259.8670062877642,1.7399834052570702,0.00035453011254598933
42947,-1.5222262038667935,-10.033484375350445,2.77077536544582,0.8684925395709434,203.0500411463973,0.41219230054192924,0.0003545308799587852
42948,-1.7833951725705415,-11.236093257949324,1.7492956497145224,1.1542271852259394,295.2237776957545,0.36647945307240537,0.00035453696323609903
42949,-1.4238518765936963,-9.069185002417276,2.099491489812671,1.0847766464123139,280.3512969712221,1.474127067433673,0.0003545514665967423
42950,-5.8353462076099225,-5.24260956019719,0.28202707627427187,1.2555617685510034,306.8608337128883,1.1784526203146521,0.0003545550797575748
42951,-1.893835984939514,-9.462157582086292,2.8531525287075596,1.6692648923100963,392.0836243071916,0.7183874195255049,0.0003545781679438207
42952,-7.478326997698632,-12.46522968036527,3.384965804845686,1.2256780397640525,236.35082958002897,0.016395190565238416,0.0003545785252325907
42953,-1.3419764682628017,-12.712394416617004,1.2282097407687547,1.5459531655431236,353.01336288212553,0.07212242338144303,0.00035457967228188
42954,-6.532087366895638,-11.126100390041447,4.5135175384430966,0.8517958645084157,225.88827734972506,0.6335702569432131,0.0003545796914468624
42955,-6.65462735845473,-9.895485587254218,5.077360513952019,3.6799381734593517,549.72414704331,1.3154740488096444,0.00035459767485603456
42956,-3.908895082304694,-6.202820496615531,4.8687333678040785,1.5423859365873593,468.520920288678,0.6666382333112404,0.0003546008701203332
42957,-0.15003828526519136,-11.733378316636186,1.8746789691830907,4.378363118095313,559.3636253421705,0.1907448836415364,0.0003546213083117459
42958,-0.5951532474603418,-11.345451612146615,2.2242481655568995,1.0438981704515677,270.134541371875,1.5905101937661934,0.000354621987155624
42959,-0.7606321673154071,-12.42986643671125,1.281499351108223,1.7582621871860904,416.12725221125373,0.34889219138011907,0.00035463011178771004
42960,-1.896362134200869,-11.853406225236027,2.314226299512931,1.4488525792119924,468.399280078409,0.3705883356927222,0.0003546324689088859
42961,-1.1113270937509796,-12.778103779239348,1.186668481353754,0.950959229390715,250.5591120132399,0.9625080895731335,0.0003546413685738974
42962,-5.204599492974903,-5.130076893318042,3.796735996328968,1.8183067883522848,469.45861503080374,0.011342951577196558,0.000354669377927663
42963,-0.5221135430823445,-11.250855379552672,1.4859753390110317,1.042861572107559,206.24512221426636,0.6669203376563217,0.0003546699079041095
42964,-1.1159580097243964,-10.270460349679869,1.4942682954606037,1.7667095166876372,418.15326988497577,0.37193518838028616,0.00035470411035677847
42965,-0.999329554665799,-12.731904031758694,1.3141667316939487,2.6862638738751694,472.2732374739576,1.4856743037566824,0.0003547050301524581
42966,-1.6799623042915837,-8.840156825594182,2.2336665757177316,2.598749664526943,453.7017824148253,0.7401672629643974,0.0003547311630107704
42967,-0.11137828016018148,-11.362022087270802,1.92653636049269,2.089881874650709,415.6215737546228,2.1685713899009507,0.0003547547550512477
42968,-1.6082044317538973,-11.3775425060442,2.0758242950793284,1.301290749473358,274.7124579539905,1.0403259782683039,0.00035475532547165554
42969,-0.5979272151848694,-10.41629295975218,1.4042017287743354,1.854605676459127,468.03929830519803,0.03281324438969513,0.00035476783710966547
42970,-3.0444466857132486,-12.83110459871691,4.535766955484873,1.796317445965274,467.8606984594952,0.4868748852210443,0.00035479258384287686
42971,-0.5709081660021038,-12.42427736362584,1.2839043049829877,1.0264405838221795,468.3745053046611,0.526810809451546,0.0003547961962363695
42972,-1.767654304812032,-9.681289136728104,0.9300270216148755,1.1214255983800934,252.71432941220303,0.03969241947351598,0.00035480842785892886
42973,-0.5125206041633295,-10.666288821202567,1.4004202077463277,1.6810969707166363,467.1063100222697,0.19045193851870224,0.0003548276267017948
42974,-0.2546507625558636,-10.17244914907044,1.2576649076943076,3.4886354202429253,534.1911650178474,1.0514597930224818,0.0003548423628046547
42975,-1.3670099866687018,-11.489930644405252,2.2539837044193516,5.217220500417208,633.8826382557238,0.6154116343992637,0.0003548479288001314
42976,-0.7252175895646893,-10.725623212719574,1.4895966540509045,0.8283576484499069,469.4570763130653,0.06144921628587774,0.00035485295181043603
42977,-5.890635225147788,-5.328518372794434,0.16782502823793896,2.483413153903503,412.8045101862303,0.21224492484315682,0.0003548601006303917
42978,-1.894361076004028,-8.841301373109612,2.2306080289755075,1.0914533131662139,291.58169506749545,0.9267652075899173,0.00035487758745345255
42979,-1.3511655011594144,-11.565193833085182,1.7922887541682329,1.1953865292384973,304.2285822407251,0.9400301483445688,0.00035489128482768485
42980,-1.4259930846248121,-8.874559849767802,2.2066138104030926,1.8936365341448473,467.7885420870881,0.07372967484796789,0.0003548939816237261
42981,-1.594782277950726,-12.731042538569206,1.012994973478694,0.7665023063986914,148.92641642402228,0.15988808180786762,0.0003549138329318355
42982,-1.554180276439478,-10.118296673434322,1.3731474027441581,3.6300406993492773,492.1436363949722,0.14767649961338325,0.0003549383912085996
42983,-1.53073125156126,-11.014443856763078,1.1457997840332685,4.492795536041488,597.8172501402775,0.8483962673040812,0.0003549451941176713
42984,-1.6198260883630393,-12.524253173171653,0.9618891753637547,0.7730264224414519,187.61327302132642,1.2429826229030434,0.0003549568669842375
42985,-0.11083102279073032,-11.254856383773696,2.4249741886029508,2.681907197101695,474.6540242658515,2.401194979252937,0.0003549663067483008
42986,-0.9377038745145168,-11.350057678989279,2.249707001667451,1.8700415740785101,468.1655964286007,0.04821587243291514,0.0003549697203903619
42987,-0.7299742121848354,-9.96312939250507,1.5108578519235072,0.901431900006027,422.3161310315237,0.16148184152333922,0.00035499192577006204
42988,-1.1454848330219427,-11.427772795392764,1.7319323851302961,1.1558516556393699,467.6020150301479,0.4676492943180719,0.0003550014573476488
42989,-4.860591426745255,-6.047150576717032,1.0530508632750835,0.6297496822998868,137.87348843447506,0.6773215146899618,0.0003550034887775753
42990,-3.56533086775298,-6.296029576056539,5.049749836110143,1.768954913060114,467.80299588924385,0.6501956362537573,0.00035501092732798594
42991,-0.1276515870183328,-10.35841729180984,1.350045411999406,1.5459918395105816,468.18790959357943,0.3063608367778601,0.00035502795870722125
42992,-0.9985701046486852,-11.718512269928391,1.5245985150662407,2.9534790185066413,484.69966543382105,0.4871347341714527,0.0003550309350323681
42993,-1.389722132380772,-11.170940095726943,1.733786857703601,2.0120793982303704,264.67704672509427,0.08612507793562418,0.0003550560703282855
42994,-0.4601488715098352,-11.772271182807858,1.6865700952490341,1.3180693498824503,308.25873272889095,0.275976781874828,0.00035505654787814685
42995,-4.57327345465501,-6.12327824199099,1.139948566532983,2.9086131504784523,493.3920797508179,2.0018960691683807,0.0003550613188233266
42996,-4.555276777095542,-5.645720211242966,2.08337130548035,0.9357008520852317,261.68486722076364,1.5474672319091267,0.00035508223698484527
42997,-0.39569136594727894,-11.539300956850925,2.1690652104819033,5.739132743251023,465.4425856626425,0.040389985621541946,0.0003550920461984177
42998,-2.1105609092336675,-8.94162598444585,2.3664159944705307,0.8446025946391862,467.31984874615233,0.061077666347528314,0.0003551008193891849
42999,-0.048884922576297285,-11.85654367094672,1.2039250460076047,2.0852954681719273,395.61683880561486,0.5939645192023644,0.0003551152723409164
43000,-2.2756868675809816,-10.331335261854182,3.3925282535029364,1.1750477505725974,300.3547288205793,0.9606924941332204,0.0003551365714892217
43001,-8.271146954094304,-9.691565893157886,2.440149549544652,1.6432966042112511,157.31167227567875,0.39166025890618794,0.00035513954220326544
43002,-1.7459199442657631,-10.797641437276024,2.5005590408798595,1.887025596252492,468.14539244862783,0.572005718530411,0.00035515764123743765
43003,-0.15107382369636113,-11.277205390615949,1.6994311256961725,0.4436443652114084,113.92804256622757,0.29568800192134237,0.0003551683296170968
43004,-1.2221206774289843,-11.196401272566936,1.5920392012047133,0.6743348018006236,209.6509857393732,0.3329427851940201,0.00035519952433328566
43005,-1.559571083368354,-11.106221197997966,1.0216952864051603,0.9204285922803971,253.50452517053992,1.128755799112259,0.0003552073242170712
43006,-0.2384935164821993,-9.20334628940818,2.8718496864469207,0.751222392570206,468.60200994406796,0.3236226271306766,0.000355207639633019
43007,-1.3834310983464508,-12.091072958220664,1.2353110434518177,0.5011253329135141,121.25653100454618,0.8553913143561589,0.00035529154814481343
43008,-0.9211268086647575,-11.298116052497564,1.8105564611595473,1.2331801514079002,254.6029853915949,0.4890401074891386,0.0003553129955910943
43009,-0.7022715677233986,-10.022906906779053,1.4875393142481572,1.611762821042288,374.4176910609388,0.7500119287399523,0.00035531943700427813
43010,-0.963015286628707,-11.194905366749117,1.822054446804312,1.7794747920406842,423.22871908157026,0.1643833175239786,0.0003553202683547492
43011,-1.1506865209300727,-11.25448651861495,1.9327508086211524,2.048680594439753,410.5462196454858,2.0222485787922677,0.00035533221752124183
43012,-0.6609474137122113,-11.568126088008452,1.1297924260003118,1.3821740064570065,302.83333465816804,0.37945557949895026,0.00035535384811407304
43013,-9.984154868478907,-6.993284347261484,2.69575960218238,1.655490008311398,467.34248354343646,0.3551988549674441,0.00035536906316164764
43014,-0.033837931868333726,-11.432985780863316,1.1569956098407994,4.314967308416002,586.0378166707932,0.7568339760938905,0.0003553787103629646
43015,-0.46791600209716755,-10.663091951265343,1.5095744397133395,1.6251111574053807,359.6004726792307,1.5004141412296876,0.000355384726665644
43016,-0.3202086976981313,-10.42655339111532,1.3543095991113876,1.4946231661820022,338.490296276885,1.0162482525360765,0.0003554389143640756
43017,-2.8621706740187918,-6.521209133342734,1.7074465353452275,0.972431519420779,469.62494575613863,0.08875206685654735,0.0003554440087842354
43018,-1.679893157830353,-11.468954222157286,2.2532092834097175,0.8431193425431396,233.1110523698938,0.247780938056815,0.000355459767877498
43019,-0.6207956661025253,-11.32685376037537,1.9271839449542176,1.5213901106068144,467.8077063147434,0.5741724634033796,0.0003554615647067359
43020,-0.4159166792208211,-10.863651994817658,2.1453376478774318,0.6751621570072903,147.54626830570552,0.13128151152583722,0.0003554710024163594
43021,-0.5192899920227863,-10.58611061714887,1.1141315093797608,1.6547488349895472,385.3609966218209,0.19254037750482222,0.00035548080227963897
43022,-0.04482509513342059,-11.207043418739554,1.4414603439585787,1.786428068107885,426.6966285841557,0.8289944860986305,0.0003554850003784347
43023,-4.9574029845831,-5.594882247685746,1.706170511523177,1.7945628926016497,425.5793736420808,0.5754652355498946,0.0003554960381493133
43024,-0.27435194336157487,-11.589556969975993,1.6944366481523572,1.3030709892216361,411.35640226984157,0.40146905359204954,0.000355509315129497
43025,-1.6329337976277731,-9.27895137432958,1.9534805026735593,0.7715029285246071,158.5852055833881,0.67591532626607,0.0003555616175775981
43026,-2.638704637531176,-6.890060549689247,2.5903929754761865,1.0735610367731885,285.6683568018897,1.3945394962350681,0.00035556679056525115
43027,-1.4746738830664388,-11.26260037310464,1.6039068674515211,1.2119972362852172,268.5512410371864,0.49884452302973337,0.0003555761742002603
43028,-1.4293331091003854,-11.218959845928012,1.5833962505505943,3.164870222114216,512.2511456287644,1.4339323705368257,0.0003555913323536422
43029,-0.8893862652739433,-12.794469048996893,1.5529873280588904,1.845770796011819,443.7032555322436,0.5977882762198314,0.0003556062937753723
43030,-5.7719812515558075,-12.400300663766204,4.39594552871666,1.7089010263830557,402.1982410073051,0.5092251444696938,0.000355635992260079
43031,-1.274430671369231,-10.54357806037009,2.4947295979500415,1.0997252943892915,238.9761515195852,0.3745893333156962,0.00035564356728540756
43032,-9.22403962927904,-7.9166493038950385,3.332300381796565,1.9029275376536154,459.62686128239494,0.5038744356611096,0.00035565041120105427
43033,-0.2635932356685533,-12.298993929291877,1.528029521741345,1.1415419642709748,276.24075954863486,1.0069152047290464,0.0003556561340969692
43034,-1.330225775892183,-11.058607030295192,1.9571546600882865,0.8890943669169197,255.57938499444631,0.8262754712085876,0.0003556593751362035
43035,-0.49356403848024044,-11.282145436066266,1.4199044708568238,1.834166756231673,468.84733244394704,0.010784339198209203,0.00035566332787566405
43036,-1.3715277321239725,-10.047668259555225,1.4870633047976263,0.832471270781593,146.09218771686594,0.1916255128943405,0.0003556777598121901
43037,-2.065003903176761,-12.267815317750252,1.825021101827208,0.803548439989505,217.54743915158346,1.2676865572740663,0.00035569587884882347
43038,-2.028146708835993,-11.342095834203624,2.310392507152644,1.4031314438623665,331.9161065710655,0.9535598924999471,0.0003557216856980087
43039,-4.023980925725655,-5.693340434002597,2.4688674079301403,2.5148523992383094,458.75298954435,2.100585405864031,0.0003557415494016818
43040,-0.7596230774688273,-10.976119628897958,1.0862767489006366,3.060066243881279,497.6469560434801,0.8398331195536626,0.00035575151007910576
43041,-1.847649312103277,-9.222831390224206,2.828039208686406,2.7376457894695116,478.3749642913061,1.864874236442156,0.00035575964759147424
43042,-1.0171596231316116,-12.462448337606464,1.312964708630696,1.1998707980498295,306.97892840028163,0.534539293343661,0.0003557644409331863
43043,-1.9837615508272055,-9.554852757958216,1.6478439479840261,0.5414420958219832,144.96420617972575,0.6538071261687,0.0003557678949834519
43044,-9.288845292301515,-6.661511004668128,0.9268870768915607,0.9101616645145318,424.4183596126664,0.20156326832286986,0.00035577058613259113
43045,-0.3099249627167069,-9.481356025230683,2.896683890483178,0.8537593401401766,222.27301682432235,0.740216326235128,0.00035578296924675075
43046,-4.144907871786689,-11.719749018681995,4.440758484465787,1.284474822779966,316.79144146782266,0.26500021106172067,0.00035578561859791856
43047,-8.880274294045616,-8.604304247492486,1.9885918232785789,1.293797550141626,136.46670527974143,0.31832901995080487,0.00035578796409415535
43048,-3.7637364050345283,-5.927774975370803,3.978137590399768,1.9899141823382946,398.47122091674174,1.2050320225523121,0.000355797364921286
43049,-0.6531875828308369,-11.091147331602077,2.360859291628334,1.175364135562142,256.85036940364415,0.2569832232032754,0.0003558346723229583
43050,-1.3768473604421025,-12.225929307939625,1.2855380096989795,0.9054230548528084,182.37754003571058,1.1181647219252246,0.0003558359225546424
43051,-0.6138718160828383,-12.485314753194434,1.3159324263728058,1.4814192775408943,336.8670910476925,1.3886522233251473,0.00035584472325975977
43052,-4.789879827221657,-5.943441372563088,1.4256407604995793,0.8956482986667829,253.54739503926604,1.506632486621304,0.0003558672671356022
43053,-4.667683385802997,-10.740406103890964,4.721662917996355,1.1878776729627682,129.7948765260926,0.34979957926696237,0.00035586762742496544
43054,-0.45447849503504045,-10.960300106195417,1.254654576478592,1.7732203496369474,467.8154885724896,0.4748588483431986,0.00035586775154162423
43055,-1.4394411631775057,-10.916662284051284,1.7373862845544414,2.5464671326362613,257.829808285318,0.15251960862605696,0.00035587331468007864
43056,-1.5070308220951532,-10.291597235910448,2.606995370105675,2.314673962742368,388.7354756825957,0.13457150538615892,0.00035587823898146885
43057,-0.5495263460575011,-12.119312089149288,1.6693425372365651,0.724469598849039,163.7035852112313,1.1060324598788709,0.0003558783926554964
43058,-0.3588674905545073,-12.445868769142075,1.2112805862600124,0.7193984982253355,207.38140403761759,0.6711829360594459,0.00035588277366457947
43059,-0.7146083797554734,-10.801579308580324,2.0336847733741723,1.7005653800119354,459.81285105269853,0.46423011143852033,0.0003558872356287527
43060,-0.4968654608481806,-11.73220095344111,2.1461895668258784,0.8409534645332095,199.01148525764947,0.7827423275006966,0.0003559063062463787
43061,-2.2365781206307966,-10.900551519335153,2.8801266140844732,2.436251404160013,445.9930133048009,1.2261346410569587,0.00035595996999051796
43062,-0.03611097005661357,-10.919093367648975,1.252627412344666,1.058085927666112,467.7744433221228,0.8846609043354459,0.0003559612553216162
43063,-1.750880641766221,-9.8100599344354,1.3772471234444732,4.989055415254329,537.1146296186246,0.11681457318198518,0.00035597987820931205
43064,-0.5114076355214259,-11.61952648437842,1.4148606691815855,1.8487441264954037,387.0636780713412,1.616917066862114,0.0003559856629405194
43065,-1.1001512352636862,-12.053013239502095,1.7486287858646699,2.1722340060965064,206.99310434700413,0.2169838304010696,0.0003559939152715949
43066,-0.23671776941144707,-9.644682191264808,2.8863297356792588,0.8597708925228345,179.4073849523028,0.38439218903082484,0.00035599859115714326
43067,-0.8472154788466568,-10.770697559260121,1.6258041695312235,4.441895383590062,585.6036270400119,0.3887561555742849,0.00035600063176963447
43068,-5.405834015997776,-5.070532106861754,4.154910148722554,1.0944135024102264,468.06268378826684,0.7095314358646965,0.00035600887393673786
43069,-1.886521319876735,-9.14921168444183,1.9962729893966606,0.9849526406563203,273.50510206602615,1.7019666584656,0.00035601873239032926
43070,-6.5635811140227975,-10.129346476446567,4.951341398799751,4.3221581543191805,588.2975768922281,0.9034858466247062,0.0003560698276881471
43071,-0.014036073457715403,-11.187026543299863,2.4339510064405676,1.532912510578646,468.78138734579346,0.2596959109175554,0.00035607667452107575
43072,-1.9012068172319605,-10.160447816166894,1.446523095212832,1.8597531912515832,444.9962516261946,0.6301438938426998,0.0003560840807841411
43073,-0.8935010024658361,-11.208374317628817,1.1535570294123427,0.7889558300902664,468.88641369677214,0.22936647737854532,0.00035609425839941455
43074,-0.45287531492058264,-12.525476303211244,1.1463636177215317,0.8079847491220522,417.46659032645647,0.4289418157391518,0.00035612954122896714
43075,-8.689086020308698,-7.585798146307729,5.119056166565904,1.31298987899682,295.98962577511077,0.34210695745556396,0.0003561382749113978
43076,-7.531361946301429,-12.846867765586934,3.2476822612370233,1.121337678055464,468.38774611745646,0.5317041453383871,0.0003561409576018573
43077,-5.03351532640063,-6.8837447650803005,0.1754549053675313,1.1032455753487083,468.07439856182606,0.8876512812199424,0.0003561482948717141
43078,-8.281674790848268,-7.337310639097182,0.2352111001426656,1.3696145631858307,326.28136688447427,0.3408364910504069,0.0003561649473585151
43079,-4.606147056811135,-5.456683266661814,2.258359526967966,0.9540678289264425,255.31176382200496,1.08647019442341,0.0003561780202815886
43080,-1.1118753916235296,-11.742989519072312,1.673704751128675,1.582135103254202,184.31553862842867,0.17827073851002684,0.0003562193859818995
43081,-0.3358287295412161,-11.750381558798,1.2696544955550142,1.0104748419972802,468.13813450166833,0.8352652880073093,0.0003562220557729708
43082,-1.598146924448864,-8.870442377930337,2.637973340541923,1.6859459528611347,343.1376296347364,0.6115774719677356,0.00035623568650579215
43083,-1.3035528001354653,-9.69249270091021,1.6278953841040444,1.0268991881901761,241.30293230442632,0.23623550366613255,0.0003562532468300401
43084,-1.6155137941702744,-8.975228667740776,2.590262266616125,0.8106150770628449,187.9363289748343,0.6735477281664819,0.00035626289311323716
43085,-0.647750502977761,-10.740512570737152,2.5103940580915514,1.070601773994798,280.99378425035945,1.676380978316712,0.00035627173431750304
43086,-1.6174672038933302,-11.750563219159286,2.1823176393301953,7.352889919222213,374.2853603999636,0.23520238417145833,0.00035631887265635896
43087,-5.457814901099025,-10.17929698225399,5.035599196165436,1.810899660759662,468.161593366553,0.411871273264512,0.00035631915530210637
43088,-4.352824466117201,-6.128640265770997,1.3076303145374326,0.9051494670198105,183.78014143907234,0.23894264991190628,0.00035632977616106945
43089,-1.4421760498094933,-9.623691719993765,1.613979736087856,3.077942602898818,372.46575870079675,0.010298229134956927,0.00035633767061580944
43090,-1.2400565332972278,-10.066149758375063,2.7639875230546003,4.03045304036861,569.7926319622777,0.8661969556748987,0.0003563493814630987
43091,-3.9855865269202937,-5.7022171225425415,2.96996229565689,1.6371616987842004,468.7808995536505,0.3966642476753508,0.0003563763966941945
43092,-1.5588676714393674,-10.621680591847532,1.6250622088403313,0.9221530156479871,468.773244272338,0.08168762459490075,0.0003563773163284772
43093,-1.853174280913045,-10.725503735767347,1.4093567284999429,2.4715156242331418,455.2773211980803,2.376485101079287,0.0003563836405556854
43094,-2.2693478812186267,-7.823067994732342,1.2493116819817436,1.0460563581380449,248.0022003678263,0.8012760875103924,0.00035638611298870865
43095,-1.548386658543535,-11.49797862543593,1.7845737890925761,1.34418125595139,309.84580759841134,0.23323958962658597,0.00035643344610837124
43096,-0.6867813862358769,-11.665181910682666,1.6402162556314812,1.6922188748723694,396.8952587278054,0.49407676473522066,0.00035644250031940955
43097,-0.28927888242133193,-9.232663233961583,1.8523907799961497,1.0815953118637238,288.0270912933012,1.0963554683184853,0.0003564447099292266
43098,-2.7633488131443427,-6.6000634587200455,3.050815094137159,0.9107224245038317,195.42149462488308,0.05763628440424107,0.00035645653537266363
43099,-0.9050822897707285,-12.505061804788804,2.2001046870228564,1.815066151312556,431.4956653803101,0.554120034710829,0.00035646276290575787
43100,-0.6883468655980192,-9.718766845471384,1.4593760015987618,1.7350868531988115,469.6888060076754,0.0014700204403794714,0.00035646776822770456
43101,-0.1198805759589554,-10.109676821739683,1.379009799509168,1.8233464995631359,436.43906017040246,0.37612426599843474,0.0003564893521521799
43102,-0.3963396428956951,-9.786784439941869,1.426771159896653,1.875170976026374,388.6292563998658,1.6226712748667156,0.00035651002878988843
43103,-0.5977049277561761,-10.614965499431028,2.4863217284427646,1.0522899370623107,468.1221008305246,0.8501114830414984,0.0003565104971461389
43104,-1.9337140760189406,-11.943453334427891,2.2942066389315805,1.6014592987097969,455.91189612507924,0.36838151916391393,0.00035651361791253855
43105,-0.48020894918871093,-11.182047493838331,1.5977689177053198,1.4355657046340604,331.61088515906,1.6228951502234654,0.000356514524946304
43106,-1.5714361406173385,-11.197586913758617,1.6102363256527148,0.9560419661843378,267.18810799243425,1.8189940984592559,0.0003565189826276322
43107,-8.315951785515175,-9.553349551053374,2.5004823315727034,1.277236043957948,435.1250228708583,0.22211618799598476,0.000356522861983547
43108,-1.2797982476768475,-10.732740208415256,1.3677409346878044,0.9048459196617015,469.38625049222685,0.1472648487630126,0.0003565275704108339
43109,-0.03784370091769773,-9.360172116580936,1.798761935586734,1.0856906928246857,280.6665461597162,1.4564973845897624,0.00035654879148019875
43110,-1.4192761970036383,-9.354308100625989,2.8420070559150603,1.79905405905583,467.4673694111909,0.29234134754331365,0.00035655602853415736
43111,-0.7872982993445703,-11.008970945742622,1.8427877474395211,1.650997002787004,355.7276086858604,1.1251618574717712,0.00035656060235933403
43112,-1.1930390924516843,-11.285024138213924,1.8037822707201974,0.8681935360359138,202.34096489278326,0.044968939914851624,0.0003565701232240743
43113,-2.06309530899357,-10.305823346987527,2.5900642242789975,0.7188526844285188,140.23176993082578,0.3479254021272542,0.00035657619905045667
43114,-1.239803843089545,-10.816551529345011,1.3346002804494512,0.7758130743979338,166.6599776466242,0.7411794843478168,0.0003565916915605339
43115,-1.2027140842917543,-10.720109518963381,2.5151277184802887,1.1974670109451397,271.7138610417652,0.4611149384751432,0.00035659852028521976
43116,-0.33095004183366683,-9.792020114535465,1.2002793417085507,1.3499801819629171,467.80196209740643,0.2808350118802343,0.0003566168078119336
43117,-1.8703942691034712,-11.35147743997637,2.204114446348611,1.1324001234666419,265.4464927199068,1.1722897273521244,0.0003566238825232104
43118,-1.9788685592044981,-10.741277544124424,2.4576407914216896,1.3586088214581262,320.6420123672448,1.0224906704312735,0.0003566274883308407
43119,-1.7611724536308007,-11.053799454756957,1.6632983163245643,1.3678398386642148,330.6287562763914,0.38022063955966345,0.00035663334028303637
43120,-0.9345567755311119,-12.100067181708072,1.28857418293976,1.7127805621157624,361.9830859842441,0.7276356417689476,0.00035663420928690225
43121,-8.403217244539231,-9.092145414365524,0.5176633978879601,1.3651793129697418,329.36093670126223,0.26312584032748365,0.0003566462361571185
43122,-6.4155401360297315,-11.33087387867649,4.493210723433359,1.0518740174853465,225.17209060755857,0.6999873172806916,0.00035665487881889524
43123,-5.244502508699983,-5.865657661959662,4.949658200721745,0.8781330694853754,467.5216869071037,0.9280278437039096,0.0003566607007059368
43124,-0.4842746438143255,-9.703586633762349,2.877962965885002,1.0421331173376078,224.26486647822892,0.021758107269701732,0.00035670028069225286
43125,-1.142620307921515,-11.386361529174561,1.9867706172545576,0.8262424533731427,207.76273802598527,1.0284402910591535,0.00035670601042566726
43126,-1.1512518640014253,-11.172801963986325,1.701461561449638,1.1199407220486104,288.4248235500934,1.1115495879266328,0.0003567218824303325
43127,-0.0017714620297670791,-12.00217404635319,1.2810045378914443,1.3943462106795677,303.4976129654494,0.2368256976077161,0.0003567258897163342
43128,-2.4294433274153384,-7.554596752076109,2.47983406592681,1.1651765935211233,169.3230180417395,0.1867820969743681,0.00035672687814060133
43129,-1.3731462327605577,-9.874614331972769,2.801132536115549,0.7883009046793777,468.1440883211857,0.24615079261929385,0.00035673888776228545
43130,-1.9805572634609927,-8.891723675974974,2.4657351926260707,0.8727481518353206,468.52681194487855,0.2216905540424765,0.0003568338573155815
43131,-3.8999189018769247,-6.600803601438733,0.7328879650986968,0.9444778603684907,238.0667825849777,1.3762543794072428,0.0003568341669658581
43132,-1.0702829437991372,-9.292855036740981,1.9308877833199785,0.73921079773712,468.257907559482,0.2691117050474192,0.00035684204642612885
43133,-0.4939077825039746,-10.832967374670455,1.2588323887286703,1.621795754316961,373.2656361618169,0.23576233296809512,0.00035684642539893165
43134,-0.397178409740782,-10.52685034156747,2.655985022099956,1.8189444522839968,467.50123386431255,0.23246794417702166,0.00035686166649884335
43135,-4.4291554533528865,-5.96383356929021,1.602508128312097,1.071993005232378,468.0007948400953,0.7679898197922803,0.0003568663542008863
43136,-2.1235673835129596,-11.63926697362294,2.3421248143768665,1.3657181580107782,468.1991205940364,0.45010425170617996,0.0003568793994669591
43137,-1.0494503136208735,-10.649688242429106,1.251466628783271,1.2374728306979577,300.4289158636118,0.48933769338700817,0.0003568854217528523
43138,-1.5270575216524271,-11.404379464989555,1.5589835763894497,1.8479918143868177,386.8637371271618,1.8763244706776758,0.00035688936994365025
43139,-1.2668111023794246,-8.837388983987436,2.3108374430519527,0.5139446288369205,120.42528851086064,0.1619789834504397,0.00035693710928274007
43140,-0.7305397960114348,-9.849691183064708,1.4850028492613923,1.8877168972218992,456.7159429286825,0.0387946154827743,0.00035696822615434584
43141,-1.4403086733874009,-11.042768365667976,2.352676126719209,0.7254714736316706,448.32583964420326,0.3175956362088437,0.0003569734999767672
43142,-0.5428658454314004,-12.911002599034031,1.6605688769297982,1.1206756864666627,237.237768651532,0.04058831384032047,0.00035698007989359756
43143,-0.5705178953079386,-11.301285096505477,2.393660544279521,1.0849838991011114,467.14922936103113,0.13301713077611854,0.00035699459681673255
43144,-2.006386056062343,-10.983341137341352,1.7362378848323086,1.7813256089363243,468.5786655914263,0.4632190243084491,0.0003570005699979944
43145,-0.43127033196608444,-10.163233931719136,1.5057365189335634,1.805133303681592,467.89212634188596,0.8989026170633538,0.00035701303705430265
43146,-0.5819015898303839,-11.010438840691716,1.8840865169974237,1.5485570764192995,175.90494683559308,0.43517525921866085,0.0003570398591717401
43147,-0.2273056076468798,-11.156203119622637,1.8401631411285608,1.74916000993102,375.806204388825,2.0534635829501218,0.00035704207979868504
43148,-2.5555223016961923,-7.151379163065436,1.7725272971757193,1.3386607368757024,320.75720401620225,0.21512725312359127,0.00035706682627340334
43149,-0.15651383660921248,-12.912750665439619,1.649812691377637,0.8413147006111903,467.5032985433902,0.05320128282531211,0.00035706878553984215
43150,-1.4398954463579,-10.890878812858524,1.44893644944172,2.2397355372944134,423.1579843153715,0.842262261017483,0.0003570694849570489
43151,-1.1253862280296563,-9.853577236526846,2.803883332721198,1.6246698244346887,378.9664566149432,0.06017369191547406,0.0003570743108741335
43152,-0.48207761306021624,-11.072573335825986,1.4373733948514376,1.0906035515107073,290.67226859496964,0.8230894579626735,0.00035709410865649067
43153,-0.25061245697243706,-11.337446555045487,2.3140191341214527,0.8653888528505412,177.38636253983444,1.0104603836354142,0.00035710486695784694
43154,-8.716543562783365,-8.51502939183348,3.3856042370124455,0.8515191298046334,246.96350262716973,1.5393473012567123,0.00035711839706428793
43155,-0.1722005791998047,-9.73471146423772,1.4613344689513972,1.4760214727130267,465.78865806453024,0.49796848720325304,0.0003571363405826353
43156,-0.9008818680769419,-12.875334592467393,1.6607805841215237,1.0731814816644536,468.7120050051935,0.823145790192223,0.00035715725909529533
43157,-0.9170618484489594,-11.976355925485114,1.223458528597463,1.0282374447470681,468.1197492356916,0.02518938624994771,0.0003571813058004576
43158,-1.3953466364492577,-11.598001861210163,1.6756313548691752,0.8658196751869653,166.58640675909822,0.2340835644096062,0.0003571929414325924
43159,-0.500573183485244,-11.47317765331917,1.6938957647471904,3.403833433605898,529.1151724956054,1.1679117269956825,0.0003571994610301399
43160,-5.462801649870927,-5.48408805583658,4.7150860293295676,1.3302897126442539,319.2588233516287,1.313995524604766,0.00035720872877723596
43161,-0.7737746925212736,-9.969732211111431,1.2802030387180492,1.2764034127882136,267.5265532444422,0.33271065060325267,0.0003572185526993614
43162,-1.0209012824992314,-12.507317821060004,1.5498073770337428,1.149515531806516,467.73421327166756,0.2192350979700537,0.0003572239837144371
43163,-3.9930671050220266,-5.98722289259997,4.238718170188703,1.0478763399268003,272.9658071394005,1.4639589560574846,0.0003572503287593429
43164,-0.09073547683808947,-8.896092479156524,2.2083332836212453,0.8470545820172022,176.67020160909362,0.29083341776401195,0.0003572504992288486
43165,-1.9029314007390639,-9.691229427203915,1.4726433001335058,0.8800869688147979,238.8407336136919,1.2763555380887572,0.00035725484712826824
43166,-6.466350172354073,-10.440807696045184,4.80296126613404,1.692339116093603,399.41740227875124,0.6497013768741109,0.0003572623461476208
43167,-2.0886883960107987,-12.047534801523751,1.8628882054869789,1.3850664414643177,313.47812508046684,0.7626724282707427,0.00035726646188083525
43168,-0.4715662786522472,-11.665215868564827,2.147100742366863,1.565352050711302,469.7363388321277,0.1461245134229907,0.0003572684019062126
43169,-0.14073382165976334,-11.09955618214421,2.1259269141179185,0.8782714920168319,202.5229042251763,1.0920086898983135,0.00035727025791788006
43170,-0.024686943303851905,-11.170285228352473,1.687827857022337,3.1193598797833193,380.66645291257424,0.01911222720027972,0.00035728191807359223
43171,-3.032313912891615,-11.9965884472952,4.6320943135316694,1.0086438142594194,468.4738277877677,0.6306738182842384,0.000357301810082548
43172,-1.2313661128372093,-11.711352874111382,1.4619979240941978,1.0899826929523577,282.6678579235667,1.8083092827425995,0.00035732244262495614
43173,-1.0438236905200924,-11.386193266017692,2.152864568060749,1.6112571185263282,469.7030826765763,0.03748874696828519,0.00035733455773259834
43174,-2.3150327727329687,-10.444540768176031,3.686911501589502,1.6883775448695733,366.0780891649555,1.6692873464589217,0.00035733590213626355
43175,-1.4949797216037197,-11.487779824831136,1.541887949325511,0.9052590526770515,468.62034388415674,0.32387155961238445,0.0003573528623835566
43176,-0.2717920757827681,-10.896100952431663,1.3788664142556273,0.5298592522180486,109.9668885608735,0.20539717691160675,0.00035735421909707587
43177,-0.665670430126692,-10.627277717815096,1.3355019676618656,0.6370280785979576,139.49399985385136,0.07025404770573207,0.0003573583622155176
43178,-1.1701864369019503,-10.749592237699492,2.0342220127957185,1.0340916162199107,179.61913483159256,0.3786213002834069,0.00035735963807841597
43179,-0.7955731546842522,-12.845721679448621,1.65512605722419,1.1185708659176061,467.52676184179273,0.5771854231832547,0.0003573771689544086
43180,-0.8582041334121797,-11.265433375884278,2.4003054014338856,1.2721210299667611,283.03731926209355,0.9472098108959743,0.0003573773477264238
43181,-1.550424953361766,-12.330802725062327,1.2449033023018992,1.1937902444109918,260.0030531499051,0.38641424181468675,0.00035738388145746194
43182,-2.2215879559414153,-8.622665730298262,2.2115315143111696,1.1299968997768963,467.0086603659536,0.6539595519684438,0.0003573850512963453
43183,-0.5752730159154869,-9.230244904001125,2.816234161692326,1.0805530958210088,288.06596624734823,0.9193924896275023,0.00035738729793310605
43184,-5.614147880556581,-11.146839097793812,4.607130625673862,1.6421853317823243,354.5132211232819,1.156789063121674,0.0003573902245210784
43185,-1.11796972361266,-11.314984209989841,2.2064060655234363,2.770520098372435,481.6333126964333,2.0371597469736047,0.0003573959107684332
43186,-1.4805961016824902,-11.394032044337173,1.2179420428721124,1.1248461492779518,291.7726231473205,1.4735041372562625,0.0003573990389213552
43187,-0.2417353691865003,-10.464374447115711,2.6766039629649323,1.0698108336193863,428.5763986572958,0.3709656569810411,0.0003574077255669468
43188,-1.4472923114010818,-11.485754402804742,1.6956427311779079,1.1137992294923638,199.1222843709794,0.3352567815396492,0.0003574086320693961
43189,-3.8344020192051858,-10.971287540126095,4.611676674882699,0.868197302925376,468.5553746248253,0.5677854389329795,0.00035743079950304656
43190,-3.5258245891323785,-5.850019324569305,2.399271207353625,1.626435410687387,468.67212080864186,0.3933464379731797,0.0003574367321149646
43191,-2.021091901235347,-9.326304267082854,2.896060112549941,0.7983452275410524,170.18259026281592,0.030128586674712743,0.0003574557228818359
43192,-0.02847218201667623,-10.750087645311465,2.0318445758317147,1.0825184803869714,287.6285737205062,0.44323412574281296,0.00035746423148223046
43193,-1.7502216910966624,-9.547576914706607,1.709878347891643,0.7341891444391166,468.80677480033904,0.33039104817303855,0.00035746531110072874
43194,-8.861599101154873,-8.066226329856532,3.9859550441513716,0.9483597094073044,468.08576288077944,0.6304210500172767,0.000357490567223253
43195,-0.6566753396857461,-12.03539761113331,1.1458172113967011,0.8321246604644368,171.92506781085535,0.9631249646404685,0.0003574957021731228
43196,-2.8452343395911637,-6.667102170496301,4.030998340089677,0.983510001528177,205.79628708957296,0.1307912771345503,0.00035750316248924917
43197,-4.988515274028207,-10.0561072573064,5.094245091704587,0.9628640203303293,261.1358368246987,1.7261981814914913,0.00035750548922802293
43198,-0.9999611529770451,-12.807785895577961,1.2133335041018796,1.3865406957712545,186.7483395329354,0.13880567488781814,0.0003575137062462429
43199,-1.4478928083792049,-11.127448327148237,1.5753776499990442,1.1409619085329243,274.6829793730069,0.3235479143584383,0.00035751898803267084
43200,-0.339830515641351,-10.377142607254944,1.5139102412336154,1.5340306610217884,363.8938047451614,0.49053447753094037,0.0003575245900084596
43201,-0.16233803434293748,-12.410843810004893,1.770060143018259,0.8226305233754915,133.57998954079474,0.29604219506200113,0.00035753198075789906
43202,-0.4168566998587817,-11.956575334582505,1.6695912902568184,1.2341314180380785,254.77080722795768,0.49220810753553845,0.0003575340857600167
43203,-0.8818832312444833,-11.40548657118857,2.2922054774064513,0.4927907051258046,131.60559386174958,1.0181037546027625,0.00035753454172927093
43204,-4.522584385576404,-5.652136012170692,3.470927487890837,1.2515904354957785,310.4640731067419,1.8398744869568917,0.00035754070455650276
43205,-1.3129165990373384,-10.327323784276714,1.5111853580526995,1.2022441268113284,467.8205476511501,0.3980940916281259,0.0003575884885115603
43206,-3.7041837496485215,-6.027756491361195,4.282425811164138,1.3092998383872032,379.5844865301982,0.2373277624031278,0.0003575966445890948
43207,-0.7721966085459364,-12.436909496536886,1.5490976046789555,1.8852813179769967,468.0054654297201,0.02977202988369232,0.0003576143647152805
43208,-0.4333703191079845,-10.46619738730044,2.6739381581601895,1.4895717356160108,336.2221222611975,1.332507122232026,0.0003576419823263692
43209,-5.078957349974958,-5.944218889435504,0.9759238045543237,2.1729831457319393,400.96098533445235,0.5155081558518919,0.00035767084404597605
43210,-0.5070946918007788,-10.829448922156136,1.5682865171074736,1.2621592402632935,308.84061337666,0.5303292828714046,0.000357671518108136
43211,-0.49629018081809484,-11.142655309231934,1.8436117685045335,0.8512569259136549,204.78228586465585,0.9835691137510256,0.0003576784641460496
43212,-2.061793937745402,-11.052793822865862,1.7996537153793213,1.055087049803299,259.2904029451148,1.3551103642906428,0.00035770947705515287
43213,-1.7134013613878043,-11.842575094246557,1.7807576252974635,1.1052988401600354,292.23768164717893,1.6707225902712546,0.0003577237239421457
43214,-0.9506826950306699,-8.919783577216823,2.465846623375809,0.9651676659834719,255.1488936990923,1.0308566204637613,0.0003577273673361053
43215,-0.8159252827229917,-11.261602127875154,1.7318666279433346,1.5651319610402705,176.93644358216503,0.43834590938775175,0.00035774611518311184
43216,-7.871608259771869,-11.398475765377805,1.3197806679209225,1.1798793872482816,297.05058218593274,0.9070662422269651,0.00035774862599540093
43217,-1.1042596795049455,-10.669439439373088,1.2045754141323262,0.9248569910439055,184.38377923806152,0.4383515728555949,0.0003577525210541064
43218,-0.8749324546199428,-10.673957729680017,2.5224398759196336,3.566214971918479,257.8846744522951,0.4475911563054682,0.0003577602741402387
43219,-1.4952724549612366,-9.518314028822848,1.6959194916679545,0.8546927774866178,207.60876592149296,0.4283645615551839,0.00035777000282266125
43220,-9.695979846522718,-6.276356708738659,4.31236788541972,0.6435207156809746,156.41817865449178,0.22538288369673065,0.000357788541910673
43221,-1.0487578722547362,-11.076483039848362,1.8184900106147235,0.8637348842829109,368.83906512755084,0.251904248666893,0.0003577966271117364
43222,-1.4296172291484304,-10.10089617847386,1.2524329750875696,1.6282765265060706,335.84676732418416,0.49025921064176625,0.00035779886548310044
43223,-0.9626599458454841,-9.49474111016153,1.6722656201166146,1.3005946077821229,316.10576820202846,0.47778710568101346,0.0003578016391075626
43224,-0.4465102013560198,-10.917437011761047,2.3626940419576403,1.3517604893763067,328.70610167726795,0.4030263102015921,0.0003578164239423218
43225,-7.847535776067505,-9.361521003863079,4.178605604369871,5.926706951978849,656.4751401205496,0.30685265986886634,0.0003578185340167884
43226,-4.95778715102774,-5.486458698990459,3.6267553841102136,1.053725938948095,467.8873832672158,0.1748993127644276,0.0003578251194778092
43227,-1.5364176615750225,-10.97495401650599,2.1372595809235606,0.8211381672345455,467.2578857817162,0.13398047843289795,0.00035782687568195924
43228,-0.12634925895717863,-9.942734868485962,1.4987555294953514,1.1970483850103681,224.39558233459334,0.045738544643787016,0.0003578533034824559
43229,-1.3099773445079972,-9.290370403582628,2.0611751520860118,0.8120742774742074,469.182679905917,0.03414453874249013,0.00035786030607904047
43230,-1.261791646053922,-11.489792897454288,1.2682709000321704,10.361808020069414,779.0891876355735,0.2751257338723798,0.00035788234269965003
43231,-0.7651967228826813,-11.239625810257758,2.4034758988129803,1.1423977539877435,296.36002705913063,0.348614000966883,0.000357882404502812
43232,-1.8049192507368659,-10.686316967388782,1.4711222617395205,0.9273250447197697,261.30165693489056,0.46046405271400825,0.00035790006580851985
43233,-0.7816456949396926,-12.168983442911491,1.3224624362897865,1.1756492115319948,255.09715630283165,0.17531004328462796,0.0003579027889629591
43234,-1.974984412550942,-9.66139321197857,2.8327608715393406,1.7806154093684192,468.6559452801411,0.8591702643130166,0.0003579054346438432
43235,-0.593517462384586,-12.857823145512267,1.220685607129126,1.905285080659204,365.15970548254035,0.41656039322400584,0.00035794062605383936
43236,-1.9412561233074417,-9.936992682971537,2.735667905747089,1.0228249936782237,467.6450854732755,0.9304532004870589,0.0003579939240489624
43237,-4.055433599784827,-7.381812570336096,0.03677187208812494,2.02695224988257,407.5735792567462,1.907555355001855,0.000357994329872
43238,-1.9347725990529412,-11.337532838528675,1.6581126022377954,0.9200705448887294,468.9342444337748,0.03730725101230714,0.00035799714748863137
43239,-0.7588041074083502,-11.061904679166465,1.824801179813827,14.401895623290251,653.103038033186,0.044959366658113176,0.0003579981849722052
43240,-1.2185055727742657,-8.873266934156902,2.5231654546915405,1.921696948822687,380.2022738808638,0.5537238788339218,0.00035800840755038276
43241,-9.996392573650116,-5.6311870757903195,3.729316173705306,1.8661838384154172,448.74680645447364,0.03266047341467093,0.00035802698681027987
43242,-4.935981796260755,-6.298790232519273,0.7896192718460973,4.763799645298436,295.268261693536,0.2206879764120142,0.0003580290075238478
43243,-8.140682685879636,-10.116683373399974,2.3502729531056796,1.1165298628523708,268.9332366401586,1.4356174158600536,0.0003580293639541929
43244,-0.731552720750738,-11.285112455870156,1.430516368267497,4.560230858088237,602.4225880565575,0.9211127418063905,0.0003580389002995763
43245,-1.6102503271742599,-10.87492635458797,1.6165341239850544,2.7961729676503917,483.2504205069883,1.8110302614599076,0.0003580396832671627
43246,-1.8093778337542474,-9.692467537241317,1.5066406030455841,1.1500898179327685,296.73582054539764,1.2836629384382512,0.00035805307833608506
43247,-0.4186134118813758,-9.301018012009218,2.8280698701743066,1.7447759179855042,411.6153750720369,0.41232344713883506,0.0003580992740548822
43248,-1.0260517029104967,-11.949137924189932,1.2130059459070572,1.0473523719776925,467.1555100644695,0.10265838035534802,0.0003581102862664563
43249,-1.4887281059915018,-12.490641417767222,1.0972444185290884,1.8307838769114388,440.433237413965,0.2456717547866587,0.00035812561023309115
43250,-0.27537041490976755,-11.761280438798487,1.2800932430462983,0.9771463959622192,272.35718407902806,1.874446230071091,0.000358134842571764
43251,-0.7384312259470089,-12.391439669966195,1.2776395649073427,0.5007451461918401,103.20183331787179,0.015233954391517202,0.0003581361973124381
43252,-0.06754443115360687,-12.338656727769235,2.2023024572757106,1.590377501580065,372.64910991175395,0.6056348618395946,0.00035815564506184983
43253,-0.26206483800455693,-12.90462343026581,1.096382403242079,0.9831473342750221,271.85109445413116,1.7044267433933014,0.0003581578367669167
43254,-1.156678804223077,-12.938298945041788,1.097534134614802,1.8721495140012259,467.8171037692191,0.3564829701028529,0.00035817887425384885
43255,-1.2405145437270821,-12.841582959538032,1.094403482965047,0.5353406782284921,152.09289252003833,1.0406828647006199,0.00035819540707716967
43256,-1.1088430681277615,-11.77243203965873,1.1434579840519294,1.1018344678416152,211.51179984513763,0.4499982932240485,0.0003582017853164721
43257,-0.026890406108089238,-10.94712434022538,1.9610186621676229,1.287532804092358,468.04115192606963,0.3864905524520843,0.0003582112376418875
43258,-1.0415049109387624,-12.452844719204222,2.1901896913252727,0.7103252413328469,143.50530369918053,0.04742686268390184,0.0003582132920722399
43259,-1.5460403441667054,-11.427514444897696,0.8996465883906883,1.325535771472062,309.032589642149,0.16943360692919018,0.0003582251366173963
43260,-1.6821169139246184,-9.70245789541261,1.5956862525182125,0.8375723906842826,239.49902044824043,0.6140861342540909,0.0003582472806494191
43261,-3.9602019933296218,-12.692981350409612,4.322416533029843,1.4671179681167121,346.90138687959643,0.4129405444158314,0.00035827606497980386
43262,-1.4266222220775706,-10.520594488348316,1.4813338718602551,1.5198693798423741,468.73569056407604,0.8337020206287216,0.00035828984048813994
43263,-8.224509000327732,-9.102270289040085,3.6654971554028286,1.6067339830577574,468.39712338106125,0.49505902659848733,0.0003583099469033295
43264,-0.09113245106153656,-11.255471488654585,1.4306379819681134,1.9047243479096376,468.0544009006115,0.35384083119465526,0.00035831941231650094
43265,-0.7576455593965186,-9.796932899816195,1.319563949421338,0.8489165307139983,468.02512144662427,0.5601288922433723,0.00035832824817343475
43266,-1.7879678752444033,-10.38719179189317,1.4520807074710413,1.102209701013235,285.69603685963114,0.8954149571051415,0.00035833376979866715
43267,-0.4250333527425365,-11.305615389267631,1.8533962483792714,1.0969884136710484,467.356059792709,0.07269384438720294,0.00035835967462314217
43268,-3.0848115434535153,-6.54114378330616,0.9088156235340066,1.8318674340086858,438.5501091532047,0.21159007067184277,0.0003583845143380478
43269,-5.013736256508347,-7.028011973558727,0.11200013563429097,1.179373982074038,468.6632093421703,0.5347028693128166,0.00035839317721256405
43270,-0.3169877114099613,-8.992050143442079,2.604940891080807,1.8364235605473997,467.5682088215716,0.6225017754295399,0.0003584289573719766
43271,-6.444687567633671,-11.054933474696144,4.559146078263785,1.4365451256696478,320.16689787293444,0.7430334363208893,0.00035843990068248454
43272,-2.9169825613428575,-6.3734147536722245,1.7623062175545827,0.8997287522015637,226.32115770169622,0.8465620057955148,0.00035846149065128183
43273,-0.04575047916435793,-11.123696468472517,2.432342976234289,1.1443209818441176,293.0927283043563,0.4223008344465615,0.00035848527875940957
43274,-0.8951695142206795,-11.056402530379026,1.7121451745933465,2.8931062946443658,489.26598175581256,1.3576001850906492,0.00035849867380045186
43275,-0.29426449719343317,-9.464129215514276,1.668374733185128,1.0064377114066414,264.66002785832404,0.46896737249538134,0.00035850177970911363
43276,-0.4827411394242187,-10.581639358194092,2.3856225153083677,1.1186423721318777,261.71000982997987,0.45968716211157545,0.00035850555872477495
43277,-1.0844705376778165,-9.510505376469133,1.557700871099114,2.1212051553096787,413.3363513313421,1.2351590086779547,0.00035851745806627283
43278,-0.34998180050383354,-9.362561951013763,1.6600414587847028,0.8516997021465516,467.9176496634563,0.3511103775000679,0.00035853615452889864
43279,-1.8110102022906975,-11.02689841951048,1.8173366678066898,0.7849295689293612,224.5542672332134,1.102581910739473,0.00035855807725359694
43280,-1.9271365235054265,-9.28535978637609,2.820888474565057,1.4654525776349512,345.96134091783154,0.3613740479940857,0.00035856790774378136
43281,-0.7062272343747793,-8.95527844801731,2.485967004385028,1.2431277437271304,229.5897104767447,0.04228093791579113,0.00035857933033133166
43282,-1.0740283875356162,-11.631411443394724,1.2382176758221504,0.863017035714435,233.00545657730953,0.4716955545187398,0.00035861544843235007
43283,-1.4570989650478197,-11.38770473318527,1.2894139879389743,0.9217573274666532,171.8605873255201,0.12268880198562027,0.00035862455377815846
43284,-1.9461348184739222,-8.811501770785195,1.0460881500909405,1.3790060548518919,332.95412625584123,0.3213944601813479,0.00035863103639981956
43285,-1.4959037207510342,-11.375671823513743,1.5409612035311884,0.9192169627276277,467.8962796720638,0.5779766473023402,0.0003586871158922035
43286,-1.1246120026712454,-12.323718622876905,1.762059478157393,1.880828193328329,388.38945862649996,1.4721382937805947,0.00035868780635689424
43287,-0.5130161795989725,-10.742058434516643,1.4982641609998884,0.7049211139573234,167.03554285764994,0.09858686747258005,0.0003586884647051239
43288,-1.5586276642224153,-8.962883753078106,2.5848125510781155,2.509862660629617,453.6036982811044,1.2047486503460094,0.0003586899923940042
43289,-0.04952470732581027,-12.276321470084362,1.7683838297106114,0.7398168824997337,136.60374034185716,0.2378073263616507,0.0003586935320760558
43290,-1.089222845401542,-11.362499745151403,1.6314498809036027,1.0320599466586629,263.625977198322,0.6511576526004452,0.000358697599239237
43291,-0.07677956054352464,-8.963806828797484,2.4785746990610424,12.212398466060526,509.5390737770251,0.1217074554482016,0.00035871236425113253
43292,-0.7204100483480946,-11.21350597150725,2.222347359143567,1.0194366382042388,212.34790143120688,0.8795861021256162,0.00035872813886339946
43293,-1.2241977211672914,-8.853409417096334,2.298327880489231,1.1675680867702833,297.6793432857137,0.9036013517358983,0.00035876967369906777
43294,-1.9489351808023265,-10.268048019835918,2.6108452648315126,1.787680233437418,378.72649569845686,0.6101416765169541,0.00035877308870251506
43295,-3.1387889380699754,-6.276220387728,1.2162979446818967,0.9958126436654559,467.61238380203196,0.7665473415970121,0.00035877762730283913
43296,-1.1409909876546056,-10.711415821859967,2.025417173400945,0.8438424575787393,244.9847770715159,1.4372921992689465,0.000358792503214205
43297,-3.995209236994879,-7.409874616317486,0.008638001127454527,0.75436801728337,152.27986378834623,0.07256333569324891,0.0003588161374631185
43298,-9.690908479989693,-5.374678252169418,1.727944698329004,1.4207457345665053,333.1291482415899,1.9516426857718434,0.0003588277257937578
43299,-0.4542910606822286,-9.804297424605158,1.3215791015875111,1.4911583653593006,470.4931690320528,0.22423844462387965,0.00035885212053811047
43300,-1.322005556904255,-11.282541358953631,2.1594249346546204,0.5928369591530334,167.58079021138244,0.7562748665504566,0.00035886005235441314
43301,-1.0762952887142454,-12.327405138551406,1.24078346603689,1.3925813285127093,309.77460038878667,0.4618025779901469,0.0003588828994074325
43302,-0.5923829744753792,-10.26785666916526,1.2708653142413373,2.685645036412885,472.8864744298505,1.6405488906545562,0.00035890184965596013
43303,-1.5725900653256613,-10.161840577077834,1.2430474293391112,1.859092800550456,470.052616355914,0.15574073874874905,0.00035890649910934607
43304,-0.5647062722358314,-10.48330169789983,1.0935060821230524,0.9320297480611263,467.6149133102728,0.4699073853397797,0.0003589107842603178
43305,-0.662627127962736,-10.482515738339162,1.0936305246226188,1.1193192269024521,290.5008500946054,1.0197263607479927,0.00035891492713202523
43306,-0.438155517124585,-10.917079682053066,1.8971613678158483,1.9697126746097655,277.4926595338421,0.011335174415547655,0.0003589358041395762
43307,-1.4170018095447965,-9.55666240513121,1.5690701631929056,1.6847462277158987,467.70800421599915,0.05047098291073926,0.00035896371680133114
43308,-4.941232604837024,-6.194620977746498,0.8700935945408476,0.9442824143034405,262.34463592069704,1.7098109849248315,0.00035897030327851207
43309,-0.371148073012165,-10.483396489724559,2.6553959655941655,1.8645909211019613,468.5188768802834,0.4250908304966847,0.0003590310847622679
43310,-1.9766540822373369,-11.424800809929865,1.63577779182539,1.954865886756178,375.89270582028723,0.21027024516308668,0.00035903135603164085
43311,-1.1032519496534547,-9.284676769432107,2.0491433914220067,2.7465740855682172,439.10143089727075,0.23019065670236838,0.0003590346217477204
43312,-0.9306458692428361,-9.960772641109749,2.712027818283106,1.4907036567931282,347.8635434996655,1.130848902396525,0.00035904126074434814
43313,-1.7490684984952853,-11.112281852207547,2.345300965183959,1.2404373460757139,468.81532152285115,0.3294123400787621,0.00035904523663752815
43314,-0.5870539294459718,-12.373947227476423,2.1908766670920716,1.627959394597389,381.95323910165433,0.6407233619591697,0.0003590648476629868
43315,-4.958653525490649,-6.23348515904612,0.7327912621425284,0.5034224708073773,115.66990128878334,0.7299088654284436,0.00035911295573738694
43316,-0.41372192686935527,-10.532664173951636,2.6362603062493766,1.8450797301626691,467.52109565046004,0.6097658978815863,0.0003591186597534884
43317,-0.09325472902079568,-12.24651767074005,1.5529393427006313,0.6758972871295331,136.13568710084164,0.09886104624858305,0.0003591293611322238
43318,-0.6903493579553253,-10.889371445035609,1.8422663362322664,1.1107101963578054,260.8583432600819,1.3442941534696997,0.00035914254292929263
43319,-1.6184871106645744,-10.888965670102866,1.936769533587704,1.039877920511497,243.13942198944162,0.5626995239882406,0.0003591561259268232
43320,-9.933147076751627,-6.11130602586171,3.8774538566910035,0.8024183396668918,128.01494716890517,0.31327301650094963,0.0003591674156327023
43321,-1.2780028576510318,-11.51967342856472,1.1445419689534078,0.6645195083769905,138.84905751684795,0.2874572512196787,0.0003591681008075844
43322,-0.5687145854459477,-9.166768567921242,2.0007236546362765,2.4260741019179193,446.16025114252915,1.2242310171277921,0.0003591776831782278
43323,-0.16792680097072932,-11.82819181645024,1.277026439261312,0.7688054173403227,154.3771040333159,0.9964936255218735,0.0003591892700986214
43324,-5.761787869831455,-5.348910910347626,0.361944663067192,1.121787484676393,285.12973770937236,1.050315211041105,0.00035923253395294904
43325,-7.7255240905122795,-12.577040828273226,2.760551808563464,0.7078056064459483,204.76951176616788,0.8786949891238747,0.00035923735156314333
43326,-0.02215923142045817,-12.626263505326545,1.2147569139018544,0.8155194650946846,217.10259626195787,0.16820360030539572,0.0003592440338085393
43327,-0.8197190301235011,-8.948334413860703,2.2760765563942966,0.6129671650973098,153.17206160743928,0.5896134243858322,0.00035924531842722703
43328,-0.8686551259881288,-11.397962878676337,2.1610186161702756,1.6194135065953497,468.166352239517,0.7631598800301962,0.0003592674653905362
43329,-7.264444912066089,-11.603443744178119,3.834701171332537,0.5220563126358049,129.104749607445,1.1022902415307163,0.0003592702224251838
43330,-1.9575350153494995,-11.827367753860571,2.2975305727440847,1.2519069774948843,279.7794043282922,0.10136761728398991,0.0003592796714985308
43331,-1.26910351668886,-12.517772763561632,1.6435494779110797,1.5095106748374585,344.31653857133387,0.2003230837959764,0.0003592812889749323
43332,-1.8816755199341344,-11.060160500962281,1.4977877975091363,0.5951036571923062,125.03138325034286,0.8504469499199621,0.00035928745860108817
43333,-1.6231473950557316,-11.865860488990618,1.3245697878051559,2.318357290376117,430.94335111076225,0.9706018785080692,0.00035930983975593556
43334,-0.5007002779528946,-9.294503082283486,2.738785803379493,0.49911482713425903,141.08542347453312,0.9696712746375384,0.00035934778550857023
43335,-0.16432863634899064,-11.449281768238354,1.6418541220032254,0.8263372846942489,467.9398019427672,0.14955377391239377,0.0003593544310666929
43336,-5.532763974683302,-6.088667327471093,0.39051494992162167,1.3742246313650994,326.49598471695833,1.670972021062461,0.00035942609350478154
43337,-0.5084441129880304,-12.222452559887236,1.0937303361338142,1.1336921017552617,264.93809337445146,1.0888985618355411,0.0003594524668783652
43338,-1.6884673615715577,-10.314887977801604,1.5034229767441853,0.8881722885972929,215.42741352051692,1.2381723638690607,0.00035946078915860747
43339,-0.3334526809566647,-11.222683800222502,2.2127542165522547,0.8125623054364994,163.93721615459836,0.03085574607638808,0.00035946207299687727
43340,-0.8332541434541572,-10.515368134240585,1.0951160897339076,0.9811286145423803,271.91029931868064,0.8015646451538592,0.00035947314397154337
43341,-1.1868941761179457,-10.334820860263909,1.397918379186851,1.7444551068892113,357.19199835064234,0.516410211261058,0.000359485248295511
43342,-1.7376592910614423,-9.319907103669227,2.8202021139653413,8.209056495584601,744.3222490725493,0.3411515310224589,0.000359498406259388
43343,-9.46698014106127,-5.171825096197681,4.666814950882954,1.1801034631848433,467.98417248549464,0.6262929749830652,0.0003595099178293392
43344,-0.18812501706814366,-10.995433680648684,1.716537028202205,1.1019658951955709,467.11020576410624,0.9336270727252236,0.00035952829525781095
43345,-0.9546731103190407,-11.886434600195871,1.6707273155893057,2.679956101276299,454.01728229349976,0.5507321889628995,0.00035953157077007564
43346,-0.7836990945321922,-10.58351581325616,1.1487670076257177,1.6807716859344382,467.8488683580958,0.2708662240262756,0.00035953254067458423
43347,-1.874412262960334,-9.751073213104966,1.600849716821291,0.7898971096000157,469.87432263912484,0.2366408364381858,0.000359541962913171
43348,-0.09408637774661699,-10.353522305148655,1.2473047603559444,1.7533396964366694,371.4168809412232,1.3398946615763299,0.0003595470985871266
43349,-0.32768411786235774,-8.91930708717419,2.6589155204022505,0.7416167047558251,468.2926388138675,0.25507724606011273,0.00035955443104697523
43350,-5.59917911047609,-5.705034831103635,0.4732871145271178,0.9386762704976733,190.03143352836807,0.14739068301635871,0.00035957344281647286
43351,-0.38180382691007964,-12.176599135091543,1.0938227614131284,0.9133725379121652,256.7412600721563,1.2948732301355346,0.00035957725996310213
43352,-7.651285621802139,-12.197309672747977,3.0343935739355397,1.2282957903381184,273.8589756431376,0.5942787634232936,0.00035957796310047917
43353,-0.5424084453211009,-8.938442271332033,2.6820930525363633,1.0507477265017846,243.48153039986167,0.5020866702058875,0.00035958087086483714
43354,-1.4642857940087186,-11.482902434146144,1.9904570659555774,1.7904671840043027,468.25951740500903,0.9351562968377385,0.00035959106044242275
43355,-1.743721931331022,-11.53648895212936,1.5655731430008282,0.8417299301100345,470.1108686411799,0.060494196423444,0.000359597106348455
43356,-0.17309611152041526,-12.164339152833481,1.0936645857735063,2.487490675466181,452.9521966966243,1.3268492077021996,0.0003595991632500294
43357,-7.609081580440018,-9.237606702475563,4.735020496717554,2.7470574533848313,479.97801781029784,2.160259093156376,0.0003596075007539276
43358,-1.7407020122763512,-9.08307620930977,2.7543129102443116,0.9850302912230399,469.426333010263,0.2195621899583493,0.0003596180189454121
43359,-2.8500545431045197,-7.135029514553767,0.49380300045944414,0.9854522742174691,263.7073666958058,1.6029335181835753,0.0003596386150422278
43360,-0.675853283976279,-10.493903418721667,1.626777598673879,0.7389353487144743,189.70101182039903,0.4266047072990409,0.0003596468017004054
43361,-0.5601222686543608,-9.831344857630501,2.733777038207186,2.4705532685737386,447.7128033678917,1.0395931353530043,0.0003596567853722043
43362,-0.7432595066095242,-9.258848387240763,2.8047307799455314,0.8887762336802445,248.7168498950163,1.4447709371299267,0.00035967617805771464
43363,-3.1485818774872074,-6.613151198096817,0.8958888541868031,1.177883593224263,128.54130090193266,0.3436372796883216,0.00035968456898439924
43364,-0.8355787736470432,-10.861582281177844,1.2044892412403776,4.726926951011388,593.9973570866592,0.27987692886670246,0.0003596907243388731
43365,-1.5218900823470278,-9.957346647254631,1.4608969533529745,1.1043971224489046,285.33919150922253,1.5371814961640418,0.00035969500812325596
43366,-1.384016114047343,-10.54789583199404,2.3872462121391598,0.6939217587179217,448.4222293594247,0.39649721064417065,0.0003597230537886009
43367,-1.1399967763093724,-10.007585903421925,1.4841325458200743,0.8751368796635108,468.317694712169,0.8002979249517077,0.0003597549106215095
43368,-0.20885378471004756,-11.827741154152115,1.3161946386265229,1.4860371338332614,468.22372169112197,0.31037166134402216,0.0003597660797126404
43369,-0.14781708380250613,-8.885973804397986,2.5110672056115746,1.5894563257216505,377.5041282202258,0.6677383677912365,0.0003597707178968535
43370,-6.084959747534934,-12.34433951014298,4.383088965843776,1.4465100205892436,326.1275715636001,0.6889663807065629,0.0003597780529832688
43371,-0.510006570123938,-10.442891073578057,2.575744468261655,2.6151065322401235,467.3521192037477,1.914397048232483,0.00035977935719118067
43372,-1.7870551002098036,-9.734197198746903,1.6070320303664911,1.5571128604207838,338.55865472202635,0.3481142407880391,0.0003597795037421179
43373,-1.5821325081751585,-11.331079153123063,2.243074201917351,1.833227596852162,467.60448605259495,0.4399851349098691,0.0003597835368178363
43374,-0.4169415112454633,-12.08139539882314,1.0932073021687854,1.9026831209322221,468.453805739242,0.49670673400296206,0.00035979029985129724
43375,-1.6451987001565804,-9.27548750536679,2.808074632829273,0.9116296910485189,234.19406288872256,0.9797630728423536,0.0003597964144387642
43376,-2.444706689375261,-7.600794449321246,2.5826120029816697,1.0345757621300176,255.62234633729932,0.11585550250010446,0.0003598160490552829
43377,-1.5012099483758696,-11.03836161939749,1.5840566416773159,0.9978914607745243,275.94486894358556,1.5251260949461214,0.0003598301799446313
43378,-0.6947046053692869,-9.344164768081699,1.9547468435874127,1.4601511736540789,415.4687013289799,0.82604422426766,0.00035984693328279966
43379,-0.14499928965917697,-9.132991190540391,2.1048530896036484,1.1859232240154935,468.2306375793107,0.3963049150015996,0.0003598544131064209
43380,-1.578457766388615,-10.622269256903971,2.4681396567370237,8.301402037579766,538.1202719402036,0.027542742640759066,0.00035986252120022064
43381,-1.555053005739154,-11.693504965300441,1.2534030832873013,1.8678014577657294,388.67414746798477,1.6289327284707875,0.00035987399783944315
43382,-8.41379345568166,-9.22442669154108,2.7876067513915763,0.7788531576546242,174.3979944102764,0.36909461881875405,0.0003598741803327368
43383,-0.6434092445351514,-11.458680538669842,1.4599156512616176,0.8728521406554838,468.1797783136824,0.11601603450067532,0.00035987899246931734
43384,-1.6348632568219728,-10.883848838387125,1.898823380976175,0.9597847088288689,248.15540244272222,1.1621433445445524,0.00035988313217259955
43385,-1.2720631647750178,-11.115912521245729,2.27419558728678,1.361170549998123,304.92582262786016,0.22848084733204832,0.0003598835081024103
43386,-5.467972012497386,-10.50738702290226,4.848723874108538,0.9693616088066138,255.94591750807095,0.7090310711924461,0.0003598845611177028
43387,-1.884997117917722,-11.642066316042817,1.858182160601044,0.8750023718775477,175.52130098751616,0.6540713618352303,0.00035988688529123525
43388,-2.6818136806283563,-7.269340248335427,0.46094586175045293,0.8011489834401023,375.85710182843496,0.22010580274921576,0.00035989493297000847
43389,-2.060673315214908,-11.131561100191908,2.245740200102983,1.3969787478146198,467.828503085976,0.09503710472019566,0.00035991221476911806
43390,-0.020459935501946802,-11.587181825784397,1.2113295081516098,1.190516940169546,424.299296331955,0.412181683640676,0.00035991899894720483
43391,-0.6444305859313602,-9.715807712131348,2.811149853598036,1.438489057346595,320.11150258047246,0.5618840482507865,0.000359931750474185
43392,-8.02288390181482,-8.914318248437306,4.407303775484943,1.8501406800061038,466.55945141702665,0.622256479780618,0.0003599505432116816
43393,-0.04741359638739695,-9.166811690878495,2.000066722852462,1.6443589024522287,468.36892664683114,0.524705614804021,0.00035995343087486757
43394,-0.1608904854808202,-10.965735684244002,1.5971982701359537,1.6556809511695358,448.94983396382855,0.09727197345091199,0.0003599657678521012
43395,-1.3429371222613309,-11.921142636610398,1.2079299878327112,1.8084075690545183,431.9660927675703,0.42026300250606763,0.00035997913918176124
43396,-1.8657864120329233,-9.509413494508504,0.8906641055112064,1.482095824289101,353.4711795152506,0.49081096318936535,0.0003599939270404199
43397,-0.6103881684602488,-10.642103311850171,2.046180423094382,2.472417419853943,451.23462865019144,1.3486874182748627,0.00035999484977377916
43398,-0.20206325268605596,-9.64514668905328,1.7372728035828235,1.0721338145902843,466.17772570689186,0.9308318503909261,0.00036001259833199066
43399,-3.4493244005325803,-5.992810720958394,4.096495890583005,1.3929374456861146,327.1935190464695,1.0171870300301924,0.00036001752475570646
43400,-1.1483524358672295,-11.471094470692602,1.743422828072412,1.3563739604449616,294.9088408709153,0.011943295558371148,0.00036002481944790175
43401,-0.7888413963894401,-11.295889998091027,2.320694721419742,3.941751400319248,564.689329473887,0.9284577167616455,0.0003600290939093366
43402,-5.735371230130003,-5.345914378571512,5.0274230442278975,1.0484532172880041,221.44822905421506,0.36076104966242806,0.0003600419367934931
43403,-0.11392249815064304,-9.422831290370334,2.8709445873106216,1.8408985900069323,467.50875407553315,0.5988198921068486,0.0003600536074883155
43404,-1.0574938666741431,-11.203266595192273,2.3946305791798714,1.8918767004339756,392.7673551325362,1.8422100994643253,0.00036006699633351393
43405,-8.03131116103632,-10.626629294260344,2.2289370700165505,1.3973429431282172,332.24338533988987,0.4411794258120274,0.000360067581384791
43406,-1.8386144984154775,-9.896691671327858,2.731246347410759,1.5089929797728117,402.52392360967104,0.4039423251645813,0.00036006939760708807
43407,-2.09237130850072,-9.13946751814718,2.0275176413300455,4.499131847889091,261.9544325413947,0.3447719946031933,0.0003600815412069093
43408,-4.796272496795698,-5.640185395383373,3.705469259623001,0.9930519220723859,247.0739562332392,1.274186125803907,0.00036008319139677926
43409,-4.69259108159128,-5.360827360620797,2.4518740732875273,1.0436718426697271,467.12903257028194,0.2963908566365996,0.000360091522826467
43410,-9.733677044802086,-7.254277806078629,3.4421896491010253,0.8740999085212806,468.49325490733156,0.8313549262653437,0.0003601334991616035
43411,-1.3626954849072366,-11.109816306265651,2.013187559343524,2.177816300860645,264.12183876972625,0.08339515200910697,0.00036014093839297325
43412,-0.6228578430747884,-10.145147164990526,1.4547380305714293,1.1276461426620288,235.843086608007,0.13041844005196168,0.0003601530815938003
43413,-1.7981074756989983,-9.14424287952336,2.707108758772836,1.825214408381121,437.03544228061116,0.16879977024087722,0.00036016294235200196
43414,-1.110269333200133,-10.619081797162156,2.5231245427899913,1.1997923861802984,287.0565898634122,0.5087758692310755,0.000360198264980579
43415,-1.1251045164881397,-9.650324229655634,1.5374754785061568,0.9349002952912004,467.6071157153832,0.12124370319421462,0.0003602091383748864
43416,-1.6197491919363731,-11.485504870706055,1.7393831271110949,2.7074193484622864,466.5355998197364,0.8439543057802359,0.00036021319875238533
43417,-1.7144843271519115,-11.072176588758397,2.016093766731839,1.6623363494633925,359.95374702853354,1.3074529551296363,0.00036022314252652916
43418,-2.368958824961127,-8.645861745084787,3.5618880436604052,1.5931554466149591,366.77884845514956,0.20681604425103917,0.0003602247446994773
43419,-1.0178055176164698,-10.414228112433046,2.6726074493882552,2.352472927748912,435.6904874153038,1.065480730641994,0.00036030782208420326
43420,-2.026563611278405,-9.722817488685306,2.8156038003373505,1.553395666623059,351.10605093620626,1.6439429897732891,0.0003603485260935242
43421,-1.3445158191027868,-10.651535448959953,1.090867488934348,1.37661300762551,310.292093436421,0.8681504220921186,0.00036036736453062314
43422,-0.3466840969456424,-11.201731569702428,1.528763843526763,0.49519466669146384,134.57522504283716,1.0093438244107071,0.00036036916639719055
43423,-1.327955364494123,-8.913293764426458,2.3725632590413253,1.717342410617645,405.408533446596,0.28540800288648693,0.0003603746751425175
43424,-0.9592748446842805,-11.727958378751822,1.3145385314608689,1.0234682034144147,215.09114021210183,0.5144642539120605,0.00036039614331054434
43425,-4.815811830371316,-5.544327457306064,1.8925643501005045,5.716917115335725,554.9242989395864,0.1016530782670797,0.00036039769012576587
43426,-0.32597774378262656,-11.91110169194857,1.0953459127497243,2.437623625511399,432.56514876499807,0.4451821492890442,0.00036040727750925557
43427,-1.8776650088708227,-10.037671228473508,1.5040407270500695,1.8379779436952792,467.9951442118756,0.3658409962693119,0.00036043555631471287
43428,-0.9553417452316886,-9.86356115629064,2.715946005492507,1.66440647927965,392.59310579582313,0.6017891763409269,0.0003604438286429509
43429,-3.041369328786349,-12.30001515959048,4.571968940554627,1.6038259066899192,443.7899370978578,0.07848878674698767,0.0003604694650273095
43430,-0.43499096738747234,-11.497207311432835,1.2889213225664646,1.6441446441314755,467.9180320426971,0.43334974717921426,0.00036047330658487504
43431,-9.533885870350113,-6.208265071148777,4.592329099997733,0.7786476545555139,212.11420152258577,1.1191579145610335,0.00036049287466144946
43432,-1.2429139039778416,-11.243070709434079,2.309325037805176,1.1653355806695498,296.83589677771164,0.7398532053578171,0.00036049469744400353
43433,-1.3241959923964828,-12.347519388840972,1.650395138355876,2.5637958307685955,448.5416974860663,0.6017878497694555,0.0003604972151121357
43434,-1.9951677260460414,-10.733432725377082,1.9014921668229765,1.9001912457757903,458.4508687096434,0.6391496126476888,0.0003605085010377974
43435,-0.9326727307010678,-12.466498422668762,1.305272410833138,0.903844386219762,398.65843245627445,0.47609525886228354,0.0003605304253090984
43436,-5.305254195190935,-5.299590510238962,4.065330556925043,1.3725392895823902,324.63217730955324,0.20999397409963816,0.00036053594584634796
43437,-1.4050643056120968,-9.477988225139653,1.8043431348653518,1.3115586419945886,308.37604027045035,0.49960877275895843,0.0003605644423553025
43438,-4.790383066452223,-5.727882099880835,4.113827622721297,2.6420768339680745,470.60401600521374,2.1356211470641044,0.0003605756164860721
43439,-1.3790946146233853,-11.12158669060795,1.5796555905634682,9.29179086310982,298.2961008035254,0.4349209448266027,0.00036058013059914564
43440,-1.2804620788600545,-10.282279786028809,1.2362971794404032,1.1349316830844673,467.9369142220553,0.11499447820567088,0.0003605856765008149
43441,-1.7821368731511456,-9.793579591342636,2.790884423050602,1.7184978373661537,407.00148213473875,0.6697236942312808,0.0003606056322194752
43442,-4.268787812025947,-5.7470945713028065,3.2203163865975086,1.012984829025681,276.16473238678475,1.497054613095064,0.00036062553224886423
43443,-0.7524689541067726,-9.790837915096178,2.7912472613548025,0.88697306378277,233.44498811775114,1.0247218076739193,0.000360628519710116
43444,-1.3345455523176426,-10.269185266021719,1.4791506997338653,1.7225757140723794,438.7894735328241,0.8825482080227953,0.00036064285500111455
43445,-3.413517208725688,-5.989737901441518,4.002218632170016,1.1299688217841009,268.69246352721854,0.3268599976562987,0.00036068008055417704
43446,-1.6828027308343803,-10.647454763681933,2.0233497532125355,1.375000123494466,308.8994446954606,0.35985814099332014,0.0003606808248505244
43447,-0.16922147666022092,-9.203014504789207,1.9039857167388266,1.1295990101238877,296.9611561675159,0.46583329526660844,0.0003606970063779772
43448,-5.495733549003539,-5.264241038040071,4.492380272620608,1.154852640056581,467.2079495038863,0.43781921714999594,0.00036070675209818237
43449,-1.450205000100878,-9.303025270933468,1.853589600244723,0.7436923486974645,155.0375812614238,0.013074908624779447,0.0003607069810950463
43450,-1.1523798697110177,-11.850974949187595,1.097282592949625,1.3104903722180414,321.94335201999377,0.2559907035668383,0.0003607227871287909
43451,-0.5288239549348912,-11.900517285177525,1.2786549780812708,1.3944542790030543,175.95197058537067,0.2052780262013716,0.0003607271978185544
43452,-1.425101460984333,-10.651281402906967,2.507120088492661,2.1326383487899663,416.40782645829995,1.4340394982205291,0.00036074988462158236
43453,-1.6737063860608572,-10.161065583043056,1.103590496796064,1.0425085299445866,468.2353457160366,0.8014003553712863,0.00036075557268612176
43454,-0.3139441511966261,-11.730507845059954,1.320377766210148,0.9498774679836495,253.6985138018198,1.0616883018959289,0.00036077962713789314
43455,-1.208194240378349,-8.870958023064368,2.2891580820501227,1.5373356156174685,352.3551763480956,0.10934899028620126,0.00036079027886998265
43456,-0.7945180012528947,-11.170078075807988,1.528492518884997,1.2994286506941561,318.25657947378363,0.3836524153638017,0.00036080758185849627
43457,-0.6125807758235027,-9.478857435142338,1.67125235074478,1.0389280573198818,231.4122138054022,0.32765683651292843,0.0003608343760369834
43458,-0.5231174795597511,-11.25236316660669,2.3247480612926106,1.169064576425639,256.1558996904877,0.04514465443969673,0.00036085277461005063
43459,-4.467116102842538,-5.564150315904027,3.1957455163369173,1.653791111882651,391.31441304645045,0.3233698170774826,0.00036085908332940533
43460,-1.8353715947776585,-10.022171807306643,1.4524604288268272,0.809685993480724,236.1452561736428,0.8113873449567484,0.00036087664716853035
43461,-0.6720911226688848,-10.821366704085131,1.9361892355599006,1.068695832518138,469.76035764648077,0.19947533070316847,0.00036088248897755883
43462,-0.6262259912222294,-9.942833916551441,1.4222322561447318,1.057580853346045,282.23857629142935,1.4272996553311073,0.00036090971810083457
43463,-2.009709612473813,-10.913016078656,1.856738692366485,2.7800119538364307,474.0078991040349,0.8821359095589942,0.000360921170412
43464,-3.0962190826417446,-5.98762486242022,2.873789337835782,1.667718993700062,425.4249008744139,0.13240572707732579,0.00036093356873833455
43465,-1.4531046272654429,-11.184849628634414,2.209689423891161,1.4781023029787603,333.4693396700355,0.46644629495849355,0.00036093869532125516
43466,-0.6063045527815394,-11.990611145779447,1.245141173527521,0.9926101850561456,274.8893139456918,1.4826071774384024,0.0003609429456846258
43467,-0.07875210885455353,-9.708707810258826,1.3002979200082037,1.1114069486608553,267.04425674517785,1.3796558975184512,0.0003609435653236382
43468,-0.7430812960337629,-11.017653041157487,1.435502737840359,1.6191343433874639,374.53949910957107,0.21343754540398763,0.0003609543628993508
43469,-1.5713784491141674,-12.856100213574575,1.0273477195633391,0.9397983911232298,190.9341308934941,0.7735815872604261,0.00036096066936629976
43470,-4.738010733341587,-5.368921432501868,2.600354439043268,0.9987369553871296,167.5291150452322,0.15483733897312213,0.00036099417122762724
43471,-1.1497693629022248,-11.123348185385032,1.6724882464020285,1.3109660603140465,313.2769786771564,0.2814358071913956,0.00036099775579175514
43472,-0.269114632518729,-10.21122831539893,1.2324346146127718,5.606925937615743,651.9466197076898,0.4959076804550522,0.0003610025666823156
43473,-0.28147248080529863,-11.65437119231264,1.638265782611742,1.1719193576428129,468.0400260149061,0.38581759833183416,0.0003610034263808798
43474,-2.1088011542641354,-9.319572256291387,1.742330306495415,1.7834191621334283,365.8389536069619,0.8432351265810771,0.0003610049872490614
43475,-0.7253179917333537,-10.87310376475842,2.383703389546931,1.0954462627537045,442.1971792254671,0.9050045457816376,0.00036101417930377695
43476,-0.7483820918843271,-10.403557773395764,1.2790614144428512,1.1814732096158207,303.53309389445474,0.741991011070648,0.00036101950976609025
43477,-1.0425261881075283,-10.249123512847977,1.4511171924777133,1.4180600032755635,323.928667723878,0.849593964270297,0.0003610398869430354
43478,-0.36624388320774415,-10.938135804662341,2.0978004536235724,1.246398152180249,467.8188396489301,0.12696736708283218,0.000361063827716443
43479,-1.4747838495576087,-11.36164286468417,1.5447597277267446,1.7669948320547952,418.50853229656934,0.22467295251197772,0.0003610673139902605
43480,-0.38364235019670545,-11.227523079515136,1.9997965621143836,1.109129963758588,467.90005180036746,0.19668499477968382,0.0003610793393685247
43481,-1.2479042655152242,-9.059719649110754,2.744876733364494,0.9465027990535247,468.4713358841057,0.5967838690060177,0.000361108279934367
43482,-1.1715230021748084,-9.728503227827705,2.7997452206982896,1.7694625919904796,374.8624570662358,1.4897401359705338,0.00036112882004501123
43483,-0.6286281191019132,-11.701687564016346,1.3230273990713153,1.967851974360294,400.25758742472084,1.5850911179497151,0.0003611776501577908
43484,-1.1867259563030803,-9.562356008661318,1.632704811407785,0.9435224844294285,245.87663690915588,1.5549870418765277,0.00036117888475189553
43485,-0.7195099217204088,-10.138382745224563,2.692698378438382,1.6460641116957673,468.70621579653215,0.4937201371141189,0.00036118568218708913
43486,-3.9678659935233984,-5.791720310248796,3.2821454188233035,0.9408867137664395,470.2648034769382,0.028554396132834725,0.0003612179545360495
43487,-0.6890045212273037,-9.930923819059219,2.760060869360427,1.5726392162887712,362.9346583311391,0.2033136216952487,0.00036121848329101095
43488,-1.7450852545921727,-9.327441948851073,2.0290269617248464,3.6877308088187815,538.076301438089,0.5189168313122172,0.0003612235664649576
43489,-1.0348718377625428,-10.869834882624076,1.609050352753955,1.1075128734283028,467.9694614834315,0.8242198062997081,0.0003612248416425835
43490,-5.285605241995206,-5.576309337009611,4.53402959585013,1.0032472636163676,268.70447899034195,0.6866196210634952,0.00036122760000175465
43491,-9.893226682004682,-5.334275397646814,3.910684430479965,1.509650484595063,340.23691132190436,1.3217527980244013,0.000361270433323483
43492,-3.442581252950517,-5.777164161404156,2.6493545651852957,1.641768861732123,382.7570201512307,0.30465265430944033,0.0003613596177712456
43493,-8.025935883116533,-10.376926824893035,0.4827555516018993,0.866133079884329,195.8150029226595,0.42954761674569664,0.00036137748447780723
43494,-0.8022010040454859,-9.739793702210914,1.5840531265757196,1.7011827475289771,467.8917722279548,0.4486536614798009,0.0003613853337616152
43495,-1.7940161763684976,-12.230481017835608,1.7364525183390296,1.7543544524379768,467.5677108960088,0.700782004525804,0.0003613906180408151
43496,-1.8285642645130267,-9.634466701694862,1.7120624580562156,1.4917144723048315,467.84001826590793,0.925085856298133,0.00036142315409405293
43497,-0.563505321405076,-10.771626327014303,1.4121218592158953,1.6332081034717358,469.06057163003794,0.5996395616333938,0.0003614683661592859
43498,-1.8686410265146574,-9.658714035389123,2.738297238773696,2.0770797633838294,405.5998971159261,0.3082624396373461,0.0003614729162841986
43499,-9.802384708243098,-6.8967339034986965,2.021167537305296,1.228713471937709,307.0757099574368,1.0997996097024423,0.0003614864884598003
43500,-0.07818958026242662,-11.355252288823337,1.8710727361301298,3.190865983764259,502.46735382134926,0.5948795643737865,0.0003615082983649734
43501,-5.117738277811574,-11.26692849138767,4.556888642754236,1.058265659369327,467.84357442070205,0.23329196685147569,0.0003615089371940533
43502,-1.0418801011857841,-8.879254371602446,2.338922605411944,1.6943585159198482,444.1582254857554,0.09271801205757324,0.0003615121493675283
43503,-6.634481581874612,-12.307257175210315,4.253488739571164,0.682755854548894,467.90637401906156,0.42973776660186225,0.00036152287803707087
43504,-1.011599877357197,-10.799646285938628,1.9699588975130344,0.46032885257415024,117.85206716609774,0.21454707320349709,0.0003615283049669989
43505,-1.2618464490969608,-11.213187581090002,1.2239157124241553,1.78601170796925,467.94228949000615,0.20569066452602947,0.0003615370504161124
43506,-0.3277078143536407,-11.123452034255777,2.0985341236960817,1.0145287504729843,278.4395003833883,0.8005435294047789,0.0003615483692603791
43507,-7.601677477917885,-11.323949341334524,3.3380362314421386,1.2086270993901265,186.3454491938596,0.15370493168296306,0.0003615541927901706
43508,-0.8880256191720886,-10.562331086644834,2.532767076333931,0.9909540485884275,245.0770205802789,0.2513165320846982,0.0003615917706797237
43509,-1.1778311427809935,-11.540668986703773,1.5459218873361262,0.7404636443747391,175.96970283178177,0.34712124467419603,0.0003615995755599288
43510,-1.0326272485821804,-10.261801886971185,1.2311971311228735,1.1221627768567088,295.8119840719649,0.39015079841141453,0.0003616039790113419
43511,-5.169920978324717,-5.2541363973771436,1.6121480875677539,1.211980562009081,259.88472493039774,0.6368377392221936,0.0003616235231162838
43512,-1.9056264944065688,-10.65307168054536,2.466748469737697,1.8155653696682181,434.2249614679543,0.47667743563524567,0.00036163548129520775
43513,-0.546866838719696,-11.470763515717149,1.0956927525747502,1.1112001661036792,468.12318336905383,0.7436812037150933,0.0003616383642103879
43514,-0.2542424379984034,-11.286119790798532,1.2836446135733093,1.1375094775849846,467.82557475777384,0.4002604080588581,0.0003616471122883831
43515,-1.3170372777695114,-10.867610485129987,1.7598654357460422,1.5849099767175299,373.3252455678283,0.4552513828860514,0.00036165089758435947
43516,-0.12407562963996632,-12.202538252447082,1.6442347910096893,0.8655597781807639,468.0864417637688,0.723120180976137,0.00036165814872968606
43517,-0.44457816313453513,-10.191874899874023,1.2155990625870607,0.9513712214852715,199.61317404171487,0.29021439534738036,0.00036168134352857135
43518,-0.7990352247339487,-10.17136555110076,1.4370172982741476,0.6427784523100735,199.36502514870728,0.8067335298322194,0.0003616930406119528
43519,-4.669859837581223,-5.899230213883234,1.4858286707829482,5.061379351436888,320.76989130642534,0.24477437196127472,0.00036169512188236904
43520,-1.2048353296320968,-11.119187711954359,1.1869765302761093,1.3850470592858073,306.1720108659637,0.6560728443571993,0.0003617117025039374
43521,-5.271179125669679,-5.406513757881332,1.4413317012330369,1.670536795263543,468.71516527645394,0.32684081350013106,0.00036171475859442237
43522,-9.433431933321412,-5.518650884992711,4.7464071582777505,4.172111972056399,271.1717617734866,0.46855488088518893,0.00036172765472845597
43523,-1.6391353666877624,-11.32343641681913,1.8654642990142403,0.5059423911628803,128.5400143579847,1.1479246913333752,0.00036173127239395777
43524,-1.9414681414467623,-10.929285238934188,1.7420727963767804,1.4190121028430474,260.05028695629613,0.1601478827398939,0.0003617329563632667
43525,-0.9968094745936078,-11.363769688843751,1.0941179718103538,1.2476226201495129,313.08384058357325,0.41222219230239254,0.00036175198476636063
43526,-0.925496804964677,-10.123286308743793,1.4502591655412134,2.5632038670346207,452.07747895365424,0.7803145430450185,0.00036176433645012567
43527,-1.4819392400908455,-11.40796943929734,1.2063682836293272,1.7165096217379767,404.92585434701186,0.32794845382556836,0.0003617803860708313
43528,-1.0587405402320496,-10.104593323007006,1.4446398822126623,1.0271828755366992,271.97284719073735,1.0822556346402132,0.0003617827445887577
43529,-1.5886563166074392,-9.8387571209949,1.5914528459981356,1.9078190857221506,464.4850452045292,0.5775832020674203,0.00036181495111360125
43530,-0.35164378699918686,-9.237892427995945,1.8658331864161373,1.3126836379173759,323.7883404138188,0.39140744931747573,0.0003618175211065937
43531,-0.00913245086865011,-11.176418357917724,2.203411709244883,0.963495669697821,467.6417956303424,0.6608015485552903,0.00036181831781456977
43532,-9.481978496510788,-5.468993800475417,1.4344217720735024,9.719864632271959,606.4531705334363,0.024877086674689686,0.0003618345458936681
43533,-1.1397519502436353,-11.249075194596092,1.2825245893245065,2.2576583159211148,431.0566615300591,1.6048348102694723,0.00036183821760273614
43534,-1.7982081338045237,-9.03506399190518,2.6048772954514186,2.9110144598185155,481.4834214588588,0.6964708285245109,0.0003618427019303285
43535,-4.23025871696095,-6.096474447759687,1.4664171325047919,0.6678397562514926,188.51695946133603,0.5802516361541707,0.000361852974156498
43536,-1.0220669644902571,-11.318103119561664,1.2906280944169652,1.9824959179324881,168.1104817687621,0.40216228652769725,0.0003618617425163659
43537,-1.5802635070311108,-9.675509995597057,1.3240197693480091,0.9755500190759883,256.22119869963274,1.5356302699713282,0.000361865034916805
43538,-9.932170392908,-6.754523439143267,2.260928923554405,1.9100112517818586,468.0160973083377,0.5736501372483147,0.00036190939759098167
43539,-0.5413033566254928,-9.371775100165951,1.9737134794580895,1.0281444755731908,280.4003365302344,1.2256123641031929,0.0003619111247951929
43540,-0.34613666310979596,-8.995680362460178,2.1639891682064736,0.909094200597017,239.0925676456301,1.1357453028693394,0.000361920603180064
43541,-0.138355084965875,-9.1722365959572,2.0923269016252486,0.7208523501205244,318.698717146585,0.38293057155457344,0.00036193452190646575
43542,-1.676273549040042,-11.970478007873238,2.1833569975645126,4.802612850806235,610.97997040758,0.5703084494732353,0.00036193878648303887
43543,-0.570289371349519,-9.571587332149884,1.5573877498490312,0.8255162646581663,466.4210251825374,0.12060176428154801,0.00036195676208681296
43544,-4.9695756099620745,-5.560731842321728,3.97109217431796,0.9983869556710254,275.0317835231247,1.2797406357654992,0.0003619569209138289
43545,-0.5510750160096585,-9.55156481150178,2.854076438603197,3.5259989345878076,247.97335012926584,0.25351358558435333,0.00036196688835961235
43546,-3.739816915998553,-5.722703427308969,2.877865217327435,1.69660202872669,467.87964070038424,0.6795800173782718,0.00036198448657756576
43547,-1.5049729688212086,-9.755662149823362,2.788044997739253,1.1498946360275224,296.1849009732746,0.40295149448542755,0.0003619848068342722
43548,-5.564558006854325,-5.087374019576695,4.411510091966681,1.7366269524000686,468.03432846437084,0.5015550351048512,0.0003619923267085801
43549,-0.1951324299732562,-10.01441431262231,1.563331637816363,1.8159502274137445,467.612201217302,0.6114156821555179,0.00036199301521375426
43550,-4.9094287508708465,-5.265255938729532,2.476438389542431,2.6076841992835833,465.5306697590755,1.6061800513233342,0.0003620238756379125
43551,-1.2842560410951371,-11.892427051707028,1.547294980879385,1.6265415849995386,349.6364317322975,0.46611322842063974,0.0003620400581446735
43552,-1.7564266431231825,-11.22187036289112,2.2475107145128908,1.1046851719947746,467.26946938354166,0.4603539624390294,0.00036208805324308767
43553,-0.15669968419650537,-10.56128406844571,1.187335637505055,1.6901517636959902,398.22443088823036,0.3145580637507299,0.00036210680068955443
43554,-5.330061689802249,-5.196156115610921,1.3934658706457013,0.869504648764202,203.85159827753907,0.9705265538073329,0.0003621329984014885
43555,-1.1464767699793015,-11.619016198530117,1.3272162632134017,2.5472644188662947,459.88646722272904,1.636481511001315,0.00036213333603152427
43556,-9.624935298289104,-7.227625832122924,3.7767568409250774,0.9942346750943869,467.589627431713,0.38926342032567796,0.00036214882644114584
43557,-1.850606562366881,-10.514899488790983,1.5526818545696368,1.3419428683847707,312.7288324493044,0.47908538162479,0.00036215814240652804
43558,-0.6855233575616957,-11.132486338977701,2.2445957279274618,1.1690761846556605,297.65906104574987,0.6570289969745646,0.0003621586190867936
43559,-8.60151045686472,-7.846785880573464,4.905516804130043,1.1554800781531993,468.58282042498973,0.11375579620041609,0.00036216044433591235
43560,-1.6073296720774994,-11.179316974696574,1.5254300986839773,0.7005812627261081,137.32050283146532,0.23193664517678414,0.00036219255474405685
43561,-9.131071993195444,-8.210788128859969,2.4321435048768003,1.1955322802349597,256.7610780432287,0.060298916750459064,0.00036219791324889174
43562,-1.3502075222415435,-11.161529447465188,1.246529106613637,1.713762355357412,366.22635028615304,0.3784642570289334,0.0003622116485465411
43563,-0.5307918284190833,-10.578472563644308,1.1878508116071425,0.8036398624440921,227.37284958882398,1.1556812470919438,0.0003622331165975579
43564,-5.661767647861416,-12.65671729868459,4.36706917458018,2.592024570315735,463.3313615765582,1.5196329611507782,0.00036224139673226435
43565,-1.900200402050837,-11.150360986895985,2.3914750179832582,1.3730227741104621,296.4486828283045,0.38637465008436234,0.0003622506398808862
43566,-1.5208559515672686,-10.724093580564169,1.9447383877672937,1.892515750852832,459.38370353861484,0.44679024864543226,0.0003622609221586229
43567,-1.3809228195437786,-11.063326714153574,2.0997746724439392,5.293780525989559,496.9704482760092,0.04347130892156059,0.0003623257518469518
43568,-0.8755215691577174,-11.643079629661031,1.2780680257087502,1.8105929090097281,431.96764902762413,0.491237150460889,0.0003623334243215446
43569,-1.4814101820391805,-10.16141738947444,1.2194149905613179,0.8193001888504662,162.15522261515585,0.08868342826349718,0.00036235016194866715
43570,-0.39672002292983066,-10.592664597055277,1.442881661912055,2.7190828658289736,475.323345765419,1.4701555912385667,0.00036237401619280426
43571,-0.025270163801808465,-11.927821955639455,1.7706522044274429,1.0311745821657,468.00427954187313,0.3699016272350475,0.00036238006817918304
43572,-1.5117614533806716,-10.078248257929886,1.2668587047836561,1.2117010124525533,284.8998648534104,0.45135703348938794,0.00036241650645513223
43573,-9.49187584445369,-6.953263209978727,4.358004382232844,1.2936655283368865,314.7413188247764,1.3176153469065843,0.000362435354544122
43574,-1.96971927501869,-11.323178642757338,2.2979619889629905,1.8025469654350446,467.5347191773937,0.7797733838969938,0.00036245346417784763
43575,-4.016237934793615,-7.179511547524198,0.1841873205482081,1.0818662381171957,287.25026994026865,1.1747644530982262,0.0003624909084236155
43576,-0.031075595996444605,-10.814095153196293,1.1868426600301814,0.9375395428232262,220.71866304280306,0.3222041362231911,0.00036249355725311195
43577,-1.9265070948345961,-11.116808060499347,2.399599581176305,1.0124255985624213,274.63561742184845,0.9869560000898625,0.000362496228609918
43578,-0.9625457072264947,-10.758452240865592,1.586647672403902,3.141554714498204,511.62105817715576,1.7293468109144934,0.00036250585471409523
43579,-1.9096761100060036,-10.633975156243228,1.5029852386237141,1.041813538857605,216.17566805365848,0.5483626286891665,0.00036250823392393826
43580,-1.2848984716156302,-10.391184929382314,2.663151492661723,0.6428584831501944,161.80791647890388,0.5448170286078549,0.0003625458033779927
43581,-0.10255773761663178,-11.168568228637518,1.2848221207115882,1.887816287977378,469.36559961628956,0.0022392287015371437,0.000362546055180176
43582,-2.137517654179635,-9.14337533040194,0.48870947811347404,3.466774022526364,197.36263424291772,0.3648723584337512,0.0003625565659140295
43583,-4.835968934344712,-5.703241983270872,4.1052026390174134,0.9892148128776732,267.205108992899,1.3290706890238413,0.00036256513468591647
43584,-2.923476294313346,-6.350688990992967,3.336209086434792,2.2629123270907896,419.93010861737724,0.7557886607418984,0.0003626315825620603
43585,-4.5459356852529975,-5.565393454645557,2.4607599172087538,0.849651266180502,467.43105390423864,0.13245274103522142,0.0003626322167946628
43586,-1.8785650544386385,-11.09437240846384,1.4725823841373895,1.7778570415310582,420.20082918717907,0.5979429795255458,0.00036265089530935265
43587,-0.23114543710927649,-10.612588986535972,2.5059812627445335,0.9441061297554204,195.8351856950778,0.40145668949271585,0.00036268291374992655
43588,-0.02188610139465652,-8.923585747896816,2.529567256372334,1.3420472339957623,324.335720497451,1.0313290030204625,0.0003627154690343887
43589,-0.6840131287100135,-11.807445320596402,1.5496708675117115,2.1992725769911656,400.6387409217129,0.3851082527239855,0.0003627455944277471
43590,-2.114117326418369,-10.496741161013357,2.5129064478047196,1.8734458229565623,451.91415799492796,0.08762707749566445,0.0003627504854519538
43591,-1.7802630533155188,-11.07979215782131,2.008306219239586,1.0602110170329975,286.1540691662734,0.8899467236002083,0.000362767206920936
43592,-1.4885622689424913,-11.928385369461994,1.7603531670806347,1.0494571926276663,141.05257344280696,0.2704766055653449,0.00036276835606892756
43593,-0.29896756337989494,-11.705849477157015,1.2209654593152386,0.9755908104456801,435.87305633206995,0.22252425587868796,0.000362791504122777
43594,-2.9108516235236355,-6.381226042162645,3.358137503851634,0.7784304648997493,144.26593382260543,0.22534510854702905,0.0003628068592485021
43595,-0.8280175007631225,-10.479138727284315,1.224575283055555,1.097798426537817,284.46361992125065,1.1837918454560254,0.0003628484818778995
43596,-5.254980854543975,-6.4863571489449745,0.3857213212577438,0.739474514937606,213.9526118618912,1.0138064252774814,0.0003628532783807125
43597,-1.5446285802811381,-9.859905321538255,2.7187300259596126,3.780777191519735,548.6959456716322,0.6464955031592297,0.00036285807429557493
43598,-4.887790367671576,-5.201329080844924,2.28105609211057,2.6964384877256813,348.33690644199964,0.008354211437343828,0.00036286298097796583
43599,-9.68417381035048,-5.268206256847651,4.292965765511872,1.0735016417683476,279.11669870881565,0.3903681481567327,0.0003628700875409072
43600,-1.113222541401072,-11.18572169794637,1.976864693702492,0.8201154356158776,177.22275264138062,0.0067378405314570955,0.00036287280092944015
43601,-0.559616199921626,-10.437943733323293,1.5662713677654387,1.0955085534269426,468.7170965357726,0.24667814320471582,0.00036290075080756194
43602,-0.7977298204594963,-9.5472384476882,1.6930391993297478,0.9198609404343676,239.99584587640342,0.6284090586804227,0.00036290671081115443
43603,-4.29555745604695,-5.610916481443231,2.4444243810744952,2.1451713747629335,213.9816436185616,0.20533678508293463,0.00036290960312445003
43604,-1.6997706411487687,-10.102655783549181,2.611285331409615,1.637096451710801,381.8188034460133,0.5579814826333385,0.0003629181310311195
43605,-1.1469952261476593,-10.998422055382306,1.9951763098746236,1.253469064037952,246.7549810087316,0.009195540732117813,0.0003629235135863049
43606,-0.7733800170885292,-8.871009987708208,2.4332833215908267,12.082034925418654,714.5128324043905,0.13929358007655335,0.0003629405541201601
43607,-0.6417141273503617,-9.410058108213201,1.7966626316312078,1.490404410104522,342.3168852615653,0.04334701460951962,0.00036299468008069494
43608,-1.7166216735923676,-9.355711889461066,2.0409924684253684,1.3726643519528359,455.8355132211423,0.3401372732642933,0.00036302475478473996
43609,-2.0203779516864815,-11.117765085678977,1.7096453781794532,1.8895784230936987,468.46301387382056,0.618359521921521,0.0003630856446675097
43610,-1.5103619412988056,-10.47370483274759,2.553390709533226,1.0837655711383707,261.67001127494194,1.4417375261043572,0.00036312864051295756
43611,-0.3337788548418459,-9.014861621192876,2.4781084917677276,1.20999117730941,242.15835000701784,0.4440122823316255,0.0003631370139862754
43612,-1.4584246773369127,-11.775483107836797,1.555422988749546,0.7977611678194616,228.85447674329225,0.678333865127942,0.00036315786885743665
43613,-1.0690126229369863,-9.595332449227108,1.640149135323133,1.113204439074734,232.1888662212219,0.4309979990396302,0.0003631605014998515
43614,-4.422478992448356,-6.913748788832658,0.3803714918494667,0.8967240753728887,468.59117923220293,0.9131917939773615,0.0003631864210465981
43615,-3.7497489374963413,-11.76604536166904,4.4128472357045405,1.8797760375907444,467.5906222976778,0.10055940513770878,0.0003631940162506944
43616,-1.4599132788584797,-12.096446835067864,2.1882040687486395,1.7852385430775684,445.4375569423164,0.15910061156830935,0.0003631999632961178
43617,-2.2697046276301,-11.224013651159996,3.268024447730821,1.4189342067148627,314.06197107921037,0.2520875197541548,0.00036321062002548466
43618,-1.428734201093656,-8.962285393515216,2.480951912232649,0.9339863701361074,245.39073034905985,0.4858638453405453,0.00036322997085374317
43619,-3.7643616058382214,-7.108556690733079,0.2556427726611333,2.231358524242652,430.5352440766805,1.9651802282238267,0.0003632400634853347
43620,-5.366137192193793,-5.884517028057971,0.643676813506251,1.1833699036031928,242.32685028514868,0.9265690494628087,0.00036325869349142275
43621,-4.762778289474923,-5.683634269801051,1.7873001289578532,2.936855113319329,475.6227483860762,0.4010294258286118,0.0003632590379092056
43622,-1.3697249500079547,-11.293277490398593,1.6711934154948747,1.5752761743120414,367.5462051751689,0.8556668007770769,0.00036326141406751956
43623,-0.7156966263041227,-10.797686972862941,1.42922561160664,1.5160864444344604,468.8048927263325,0.6070611971035325,0.00036326452444047875
43624,-1.068288631296296,-9.404141291684855,1.953565672517185,0.8113576689368245,141.8106166577191,0.2128176195127045,0.00036326550009782945
43625,-0.09441918289243567,-11.002524952504169,2.4295676349319453,0.8473074624460863,470.039912442823,0.09802490114633766,0.00036326578934620004
43626,-3.4252532903931163,-11.815025527148817,4.403437166798082,0.5193876306506051,146.13007966407608,0.6715432525048532,0.0003632786397826702
43627,-1.451605238304838,-10.201550070058637,1.186222699248682,1.9339435608963744,396.808812027547,1.8639766346638078,0.00036328052584146814
43628,-3.94727422775916,-12.029750471977502,4.377142634373485,0.7493413501784435,179.3269349011199,0.12654989723794774,0.0003632829405094791
43629,-1.1688694332484797,-9.369249213075063,2.7965379286067606,4.471309587830479,489.90563776197627,0.07732091088385218,0.0003633022779133349
43630,-1.4815140724630655,-10.363874510529785,2.6677685999337135,1.0080209748556876,273.4153277131625,1.175015088687612,0.0003633152094446922
43631,-3.398313792135774,-7.111991095860231,0.2998694885179207,1.643635879425456,363.5805985789315,1.9366143082331364,0.0003633353425688084
43632,-0.1699415781935052,-10.880130677216108,1.2188630341402638,1.4733388004244035,336.88351478976296,0.7996262623319339,0.0003633430553765338
43633,-3.4177380405498052,-6.175328967477033,1.6399471710768405,0.6694394235116584,468.27644959379745,0.42602135362521665,0.0003633567150183065
43634,-1.9532915119508623,-9.136019141332703,2.758174312303604,1.0425402071774872,252.2695807408773,1.2148683960611484,0.00036336084933655363
43635,-1.8801266797770548,-11.23075082373877,1.7316664410016196,2.839050735817712,240.00852951764537,0.2598234037651874,0.00036338231738858865
43636,-0.05487981973470468,-10.30929083585517,1.2798102808220506,1.8928932102877845,467.71172560106453,0.34828773387457357,0.00036340189856041624
43637,-1.8330899018052182,-8.919728338737036,2.452004597920722,0.6787380987464443,184.64613667647907,0.285373453920414,0.00036341807151334777
43638,-1.423712790733454,-11.025677437048845,2.4206923069475303,0.895365062263367,187.57618513084162,0.7721377220487486,0.0003634386546086594
43639,-0.9424969590796533,-9.657159918871601,2.7928550775524728,1.8389180071312914,446.4830913373772,0.5117820176259373,0.00036344673282449023
43640,-1.701832728725229,-11.74283058479218,2.1846786876175117,0.907344067544014,262.85489657826895,0.851896336617207,0.0003634533418617223
43641,-5.160623878217331,-6.8167387205320065,0.1836671843356075,1.786656370937086,467.93378538578474,0.410251048400438,0.00036346132525149987
43642,-1.2692910919648135,-11.613154703947439,1.2227997550489822,0.8813737003828721,468.1794576548381,0.2502917355131604,0.00036346366547794517
43643,-1.2129052744601303,-9.926534985848436,1.4602527002310446,1.797288062603333,470.03887120569186,0.19239253213394747,0.00036346776879041725
43644,-1.0783100092723483,-10.17536348802755,1.4588085772171626,1.4044914455070152,335.7151479878878,0.3636485990800482,0.0003634803154388085
43645,-1.5119892672585316,-11.235449126796654,2.156053686374768,1.1157878650865027,468.03673185329046,0.8493750650562673,0.00036349710790413973
43646,-0.4562030626516069,-9.763290954606996,2.7142486093370493,0.8440047028569044,232.60046024956807,0.5217242002126579,0.0003634991066655115
43647,-1.7837602834098618,-10.87570992504505,2.129574280008686,0.8739411776306567,201.4699566972133,1.0184264555252707,0.0003635297318752579
43648,-0.18170967841590446,-11.094226061079633,1.5340301345015435,0.8100604951843418,133.3472257148406,0.3618286381163518,0.0003635326781755582
43649,-0.9425517382940534,-11.83338385406454,1.7693324020024965,1.1627052534999551,296.76863159287836,1.0295509569858359,0.00036355166814943746
43650,-1.7109059104463658,-9.92845898570425,2.7087580012286585,1.7715817842239385,468.6240475731314,0.42562579609324036,0.0003635993491452827
43651,-1.698272379511753,-10.022621638161954,1.402813122356433,2.220662613613155,424.9764747816976,1.258787705496128,0.00036362198373859173
43652,-0.27890149144220366,-10.677236173643646,2.4493815937727312,1.8736000790928506,457.88295128359385,0.5577021515122187,0.0003636293360284132
43653,-4.170528327093369,-6.099716477429839,4.51096961041687,0.6107625953422676,140.59972853877935,0.26907144926365767,0.00036363943256593275
43654,-0.975924748328179,-12.068650644532653,2.188107675404711,1.9725216421467118,400.9649772731112,1.815821895518419,0.0003636468381628181
43655,-1.7464221197025722,-8.873471554862633,2.1980869861168277,1.4333097018724976,329.1329827194427,0.2033520872085326,0.00036364978798883186
43656,-0.6254005201380721,-11.196725323106346,1.9852290790223355,0.5021063528978751,147.23214292353205,1.0583104450302505,0.00036366659340757743
43657,-0.10963003208745725,-9.788158795614303,1.574074620407046,1.0336676380094334,272.4317522718429,0.7943314259650309,0.00036367084816772547
43658,-3.8622484334745106,-6.154898898714973,1.632975668673199,3.4019513750507273,305.83326272730534,0.13339894421853327,0.00036367448224481296
43659,-1.6110170672913533,-11.108055677953262,1.5362272552125202,0.5965696314745221,150.7121996547698,0.7609643207560275,0.0003636880836416967
43660,-5.798082751319493,-11.436649973681956,4.529112971243492,1.6669318628507463,467.918499710143,0.44061253809488843,0.00036369247460076146
43661,-9.463769762410125,-5.406999744436158,1.3980621685107244,1.2246466028504714,264.96884168893166,1.00774179352159,0.00036370160454743107
43662,-4.6825044698909535,-5.995417540897024,1.4058416427784757,0.8129862057303591,466.94582939487725,0.09644196626389956,0.00036370169754650853
43663,-1.5287154652973047,-10.80246892066829,2.4382371754589416,7.859082932094583,729.8316036757294,0.3271705559636402,0.00036371343330751573
43664,-3.5387309305783443,-6.8061912258374155,0.5559897286767715,1.869328854228348,467.6528385986705,0.34714651194460977,0.0003637219341038562
43665,-1.5771095848387606,-11.228887463997033,1.0256690326152438,1.401219776637721,317.5140564407367,0.15105268822723428,0.00036372376215432846
43666,-1.9121452902794935,-9.740412874516961,2.777214552565871,1.8373795630012097,469.67575761089796,0.2298602187259755,0.0003637273979306655
43667,-0.891529817777668,-11.278437978646195,1.7391177543451664,1.2308431490558176,309.44907586809643,0.49497292710230933,0.0003637293942644262
43668,-1.6417009574942565,-11.403906618002106,1.5445548522642114,1.050498507418596,281.7226124870275,1.2347338371423318,0.0003637395681268843
43669,-1.738173754763606,-10.990759689927737,1.6794285771739224,0.8213417324174267,439.89886869347976,0.06220781116842122,0.00036376378761016537
43670,-1.267123414673497,-11.052146907295509,2.330574161567713,0.6455934456360398,157.636827863227,0.20816911883936218,0.00036378090553445007
43671,-0.3031596148716229,-10.91275410837357,1.5803023555187894,1.7052379599441643,302.55131971353626,0.0730739352631149,0.0003638035222822515
43672,-0.19976909399776233,-11.251744304915249,1.7435042263020593,1.118705633556114,295.20720597918836,0.7138682962984708,0.000363812592934992
43673,-1.525295403087961,-10.640177176233365,1.4233047643846897,1.2804110804327498,269.6750068934536,0.9712850248720288,0.0003638194443575959
43674,-1.6690829233165836,-9.773636258462066,1.517582890983329,1.1658127360294173,294.6354050338855,0.8885668889489207,0.0003638298039597623
43675,-1.5535855780635384,-11.95633120884898,1.0658775971067438,0.7949263540235952,219.3753662863082,1.286371501374819,0.0003638313539224925
43676,-2.015070456553925,-9.360681318878635,1.8317015331411175,1.1431286347997605,277.7436288900564,0.14772321251845977,0.0003638326175094635
43677,-0.941762930321481,-10.705733335534315,1.969872056643605,1.477084674284628,339.0085012743997,0.42093417655892207,0.0003638497809076755
43678,-0.5926685263063245,-11.973666449037506,1.6463101687627506,1.4100932478834889,260.6508340346358,0.12549081725078004,0.00036385536483681213
43679,-2.3926362363405005,-11.064923553500051,4.668138918655319,1.7835473707165166,424.9472118335228,0.8163936419932556,0.0003638659160878833
43680,-0.9161748657196807,-11.805223603592893,1.7687853934025792,1.07456676998253,280.5134327490904,1.4436867701472913,0.00036391555820593447
43681,-1.4137332768589363,-10.87249025126028,1.8345097072621208,1.1111026109669455,286.97785642260766,1.2462367268670809,0.00036392569102775436
43682,-3.6620705888601215,-5.778073330592188,2.5520074652530202,0.9581025849832977,268.2098198003978,0.8240453396010388,0.0003639453755730207
43683,-2.0868046637777793,-11.166946564889708,2.0343327883454307,1.0591942687526916,147.59754511684545,0.2576445860701151,0.00036397381882332183
43684,-0.14477246298458368,-9.85476242128425,2.759104245540764,1.0975958087506297,288.7325361296538,1.018108972753983,0.00036398819670864935
43685,-7.943485624240694,-11.388469644111577,1.9054629536333092,1.0915957659695679,282.94251612087726,1.6115823107173508,0.000364024371593128
43686,-1.1171403133409061,-11.370615055309148,1.3242342514672478,0.9950925088208419,267.40105163068057,1.776947728437813,0.00036405121262139906
43687,-1.6778981815941698,-9.270249126139039,2.7324341120502313,1.257106759940784,310.116734359655,0.9692569968836855,0.0003640577397971664
43688,-1.5003529153819208,-9.361779541145037,2.7889564037233194,1.0122458467074498,271.2281596893482,1.293624868679907,0.0003640743211787301
43689,-5.641323708732159,-5.58738805029011,5.05263675105298,1.2414527909155884,464.88826944992314,0.33047651773439934,0.00036408693357874335
43690,-0.872300841615278,-10.277759091022823,1.292644906531482,1.0429862554933753,275.9010186743587,1.527286505690567,0.0003640875287652822
43691,-1.5629250734399243,-11.061031782228877,1.7926506942702234,3.0088581096404448,244.23257449795997,0.2509224339744769,0.0003640883056041904
43692,-1.0254435011818899,-11.699635924480093,1.5580520995556086,1.2340812622848856,305.77720391671465,0.5503882694514752,0.000364095733184383
43693,-0.7892558955796929,-10.28257720540103,1.458428951191386,0.5996526043467258,124.75987727728965,0.7160532149516579,0.0003641354419867095
43694,-1.315819204647127,-10.589013518049722,1.232243571857819,1.4587550374503255,470.27057781984195,0.02698108151381362,0.0003641474885293736
43695,-3.9804389634361614,-6.820919027912659,0.5209474667974998,1.2317852256052082,245.6003253713908,0.012470255087507098,0.0003641527667079574
43696,-1.9359963799228517,-9.768456820165213,1.4136639709124854,1.217810258140938,260.3215999029791,0.13315883883880453,0.0003641657571408327
43697,-0.7222472993334552,-11.03406198322817,1.4606737596257175,0.7282558777193893,196.78952249687612,0.9639021503125997,0.0003641785485167822
43698,-0.9693155007268004,-11.358815167781186,1.2400512371228585,0.8535195731336677,133.7480664492266,0.283972286209651,0.000364182274837888
43699,-0.6470770605010916,-10.980418652326751,2.2606015184094366,1.0769633475628542,172.31179337392706,0.04206563114722517,0.00036418450744733137
43700,-0.2213950831971534,-10.848395484823286,1.4420386728965258,1.2265613575281045,312.3928696634425,0.5131960283475232,0.0003641932386420289
43701,-1.331852725547181,-10.653591609477424,1.607573231105647,1.780008566785642,382.30726731861466,0.7856852448027274,0.0003642075271534838
43702,-4.391756816746723,-5.622903393678005,2.409160943194918,0.9839974198946654,305.92113586975523,0.8383692828047993,0.0003642097115661378
43703,-1.034240281196455,-10.395808613426228,1.4563993122725667,0.6446453016115262,135.28975836736774,1.0105617278896908,0.00036421549512406315
43704,-1.886930358568991,-10.967776220411812,1.6436427421806192,0.6569271775895005,142.50081452367544,0.05805354838130228,0.0003642272590282914
43705,-0.3189951061484759,-9.769343394562691,1.5450808982724178,1.0253464277816238,272.35908598414943,1.1072151157361025,0.00036422840568361867
43706,-5.279728722763782,-10.017388201385712,5.128504521554405,1.1211040505324221,467.93112759189387,0.077304381792616,0.00036424671574594573
43707,-0.24436107323626466,-11.187821737627955,1.8690984819974514,1.1639523052946663,297.3796497334799,0.7025145362692085,0.00036424801674813794
43708,-1.3742062651982891,-9.66286598528039,1.7079226334096105,0.8886453521101088,141.0393068326444,0.2491010924420083,0.0003642562005860714
43709,-1.3963355363254362,-11.241598032388024,1.86713909663423,1.9036218307741577,392.3402271654046,0.5199495394189926,0.0003642909759112973
43710,-5.189481709621731,-11.837848393870429,4.44086027655851,0.8195294577385029,208.88136924713078,0.13458172884366792,0.0003643185893399519
43711,-4.563616164519733,-5.920297166918564,1.697728874172838,0.782874241617157,190.2408312405702,0.04036841276402203,0.0003643544348251232
43712,-2.0391000777015,-10.858058648371154,2.0046818940610738,1.1286177583715131,466.74805463423394,0.5956863104700671,0.000364366621740387
43713,-0.8952708311024278,-9.442070790380058,2.734568750979768,1.7664706245881956,418.4184808964827,0.4494480194961863,0.00036437423718888273
43714,-0.13087913144539876,-9.259969246041011,2.0014511886653477,0.7804258053436481,468.87591578641536,0.21330707303097984,0.0003643754441030575
43715,-2.112226208881318,-8.449612203832533,1.079493633503215,1.8667582402176024,448.5682701294718,0.039941953457117485,0.00036437842462205247
43716,-0.42020057186620363,-9.223639836254296,1.9977506554169373,1.0511034265975618,243.37978088548476,0.5955444721900038,0.00036437927853509263
43717,-0.10823339627220285,-11.24989959797794,2.240632805783278,1.1186132076907283,289.98807294195234,1.203592771293839,0.00036438794490844124
43718,-1.0831528620950284,-8.936820121222976,2.5544548367452786,0.8228289238433281,182.80908242900247,0.24291503565080053,0.0003643967157050854
43719,-1.6043353997493472,-9.718188413231283,2.71509919964489,1.1675976469683622,300.4654040763449,0.454649857583437,0.00036441368255992195
43720,-0.02625730181056163,-11.171066318994903,2.29342697677669,2.6879348161182817,473.69110804054435,1.8170024864228536,0.00036444498450501604
43721,-1.7632703494571196,-10.861862190392047,1.517967526656956,1.6728334487392842,364.7650015001662,1.586628889922891,0.0003644667475693341
43722,-0.8052080294863941,-11.44075830047543,1.222861331720755,1.5425298953338038,363.02070603108854,0.6044629766858636,0.00036446924700839206
43723,-0.626719162747202,-10.322050955181835,2.4984359645306013,1.8776094307329225,389.03788175323723,1.596709735995085,0.0003644708615516639
43724,-5.101853819499843,-5.014380780299254,3.235833000982465,1.8129261053139536,468.40168950072325,0.8161969923671988,0.0003645032236051646
43725,-0.38383512160278954,-10.339776851333173,1.2905753175931203,1.6208352316820391,413.2429078003446,0.6544693579224461,0.00036451729162260293
43726,-0.4502978245453466,-8.949154190199092,2.542283126475512,0.5961006363554134,175.84398913460038,0.7967367509064003,0.00036453132286088817
43727,-4.858601069877615,-5.384943250332494,3.308716243027646,1.2025608054312107,467.03572407020704,0.29618066623297157,0.00036454084671826224
43728,-1.9960625465002053,-11.029000978730172,1.9815397535263048,1.3961569432234513,467.65812230854755,0.5229259691138894,0.00036454842386793453
43729,-0.011380023246386983,-9.817217647692795,1.5356098310299873,1.3883853156106774,333.64253028502685,0.2902537149922946,0.0003645717374250215
43730,-1.7628735674546228,-11.726207300355561,1.741529437264247,0.8696915028646227,466.8521288406475,0.5578371541717351,0.00036458128488226464
43731,-1.4004377144401055,-10.747628119551957,1.8216490324589067,1.1093875450024175,468.0426476555912,0.8469979143533779,0.00036460174318668373
43732,-1.046720910517669,-9.049336789415815,2.5790554606993368,5.319800765042643,541.1038215540113,0.08537470216888376,0.0003646017529054979
43733,-2.0259276609913623,-11.597967936229487,2.2204086815584185,1.8588502651856353,380.5060045694188,0.3375863695138106,0.00036461029196745707
43734,-0.3676187990472073,-9.283713968568142,2.718848386204631,1.249185160125814,275.62911097086544,0.14780203520470092,0.0003646146883151561
43735,-2.3060470056179803,-7.854116684852428,1.3340285050244138,2.181036696477207,419.47261366017267,1.1786355425006025,0.0003646349737503974
43736,-2.214257356699772,-8.702345621807833,2.1412753403783427,1.7859847109888831,468.0535323140912,0.3759357671981025,0.00036464167780881116
43737,-0.6496842741410767,-10.571966779856353,1.6141946706076662,1.7184922078644136,467.69238972763617,0.6978662793455843,0.0003646528959641683
43738,-1.2498686475484817,-11.409780481210015,1.7836575120771865,1.610116994190525,467.9562054885213,0.6167234951968608,0.0003646630484739
43739,-9.751598623123181,-7.31838265593302,3.20768758537509,0.6697865015891515,466.9068965836958,0.4138287407212573,0.00036467992948442505
43740,-8.91828261257475,-7.4358140451255395,0.5307817804245327,0.8914340024940968,467.5651682758886,0.5724829332817372,0.0003646947267544117
43741,-0.07214809031758662,-9.532814486900874,1.8187415539743563,1.2388513872648625,311.1102057726042,0.5915129497609408,0.0003647014170923489
43742,-0.03875435066023236,-9.697720017552761,1.7354677249904147,0.5862298442850719,114.1329261981188,0.0018734310533403686,0.00036470467283823774
43743,-0.65291396110295,-10.690488172567647,1.9517129864851712,2.114937020453841,417.76933071337646,1.8716968704427925,0.0003647124941717616
43744,-1.1990623350955332,-10.546612342760895,1.5829641838797726,1.8517545785211764,468.27324875089823,0.8343492090342144,0.00036472458467444864
43745,-2.0607275518120467,-10.346860655778464,2.6506672642175237,0.8765185875349495,467.8301641316329,0.14952394016103643,0.00036474752957848643
43746,-0.23612736123452116,-10.816588404728195,1.5893255287364643,1.879287844331002,468.11920910158716,0.582399647818094,0.0003647652236109489
43747,-0.9393515103413979,-10.172503803089702,1.4269917964161067,8.34211924462247,590.8060387736544,0.050530819176303865,0.0003647843541263698
43748,-1.1900052295892287,-9.568050332088518,2.7909724738617068,0.7190154890668412,144.2258192451642,1.0416328708946905,0.0003647917537095047
43749,-4.829278440481833,-12.945389054288382,4.322613559421523,1.1103003387102923,212.2865072661578,0.024957718328125544,0.00036479354577229474
43750,-1.1848913937905277,-10.192460917478202,1.422091997591637,3.0137753339156252,500.4222012190725,1.4959197857623536,0.0003647955230649237
43751,-3.929487251657009,-6.896870211133922,0.5043138437728996,1.7275814647887602,376.12123250266524,0.8579439303877407,0.00036480452166939164
43752,-0.22005945140554672,-10.583891229373666,1.431472140084244,3.87760578765115,561.2341544070106,1.0294144313941027,0.0003648332903966336
43753,-8.444439572312653,-9.226558712895686,2.623584148949823,1.171829186678559,299.08021093871497,0.5161614422370855,0.00036484071390788686
43754,-1.060050797674224,-10.640397019996998,1.4339984276870115,4.763288851502607,607.4708593905934,0.488371719473661,0.0003648544039132606
43755,-2.0394510673183177,-9.396425873004663,1.8637763104109435,1.625229205524153,356.8099055539478,1.516420405874725,0.00036487271177271523
43756,-1.9578410521820366,-10.464284954956431,1.8113799814405227,1.1938852828429232,468.0737639547552,0.2709955147826406,0.00036487590815828666
43757,-0.605177623437136,-10.857988686956743,2.371909541425239,1.7161108419363214,468.1173870222483,0.4856804428859336,0.0003649197371390028
43758,-2.0031504341771464,-11.436023006544529,1.8335419328607967,2.423443462932679,449.60734906178567,2.0052490404459897,0.00036492044622684434
43759,-1.4146605285701206,-11.418303618904767,1.2697798285499666,1.1271480167262111,466.972864783822,0.6310424656705056,0.00036494596419291435
43760,-2.8585373542691697,-6.389983310077353,2.6679201747207055,1.8971013987008014,468.6435779765657,0.3602207126402579,0.0003649597633545338
43761,-0.06084498668803917,-9.903288466270265,1.6038486579996514,1.6697507321194307,388.2456206382075,0.05164778341974685,0.0003649956054062728
43762,-1.781274689675147,-9.449919140224107,1.7997567688454965,0.5790447799989276,181.98016377898603,0.9103338160644663,0.00036501054609798305
43763,-1.4338796282525887,-10.046838745524585,1.216348888412739,1.6978684849671328,260.4194000979786,0.0460119605968865,0.0003650197817965285
43764,-0.5592712936882958,-10.70190744520835,1.7035561073716499,1.8430309987230773,467.5761125572758,0.552890134269064,0.00036504759475914874
43765,-1.3706700149506528,-9.374624067745843,1.8768167778483953,0.9042945633079885,189.10461649386662,0.7389620203112397,0.00036505181231671717
43766,-1.6877311874038572,-10.987793762248192,1.4072802678354908,1.1508109673300821,299.56518022027177,1.7140502738648609,0.00036506536178772963
43767,-1.6855394348814752,-11.332808968851674,2.1478237530996744,1.2200454473438256,310.39530496369855,0.42167481577610477,0.0003650691337382899
43768,-3.9112805053353474,-5.934298432992297,3.9478921926435033,0.9728957449920508,469.8943707484851,0.07062185653743036,0.0003651176265622298
43769,-4.695878303738912,-5.49666515888626,2.645571896134131,0.9504342310203225,220.9018020105817,0.23663043912383852,0.0003651228213661194
43770,-6.356950185931206,-10.804973242504584,4.660991641659466,0.836632047413833,226.97779077079335,0.1901831802644809,0.0003651268062705552
43771,-0.2650548591487514,-10.504527000605027,1.5828220073676103,0.7582245485274592,221.55172775384878,1.3648327133876617,0.0003651318518754985
43772,-0.4860345027410631,-10.880833684439237,1.9155343415789658,1.5319725731418044,245.37453953634736,0.014988833292946424,0.0003651399863092079
43773,-1.6707817366157087,-9.96555928446939,1.3919899847695896,3.3186311914820337,442.5117962231927,0.12512115178492866,0.0003651695740867984
43774,-1.9084460133323908,-9.69492232434274,1.3774743627208867,11.036791480876303,587.798628250437,0.0200283935673502,0.0003651900613135678
43775,-1.9602571992839088,-10.375472142012018,2.648126764856061,4.9867666736853575,622.6930618117339,0.6637067465898232,0.000365207364736473
43776,-0.17544761365435768,-10.289337954296371,2.6813530645469097,1.0928340585682979,258.2685020282513,0.30912653062843365,0.00036521316893483246
43777,-4.467637382324852,-5.88090750008303,1.7876279749125243,1.347986201331123,329.0966394280559,0.37286310602927575,0.00036521848660805734
43778,-1.32450996050283,-10.837950312210477,2.121248400965701,2.9763336805145912,497.06040464801123,1.4719569198067388,0.0003652192079925833
43779,-0.9692377799363427,-11.303501905173784,2.157902389491471,1.05847203889853,277.2319619966729,1.7567491058802043,0.0003652321265450004
43780,-1.6090187531325046,-9.704146828479367,1.7003443344793385,0.8541527637894606,467.62620863990065,0.4453246041712484,0.00036525031264979236
43781,-2.0090897160922854,-10.972052393568529,1.9746511692316047,0.9638394262350484,248.05637416417,1.0394660002349667,0.00036525751104400303
43782,-1.5806344103609273,-8.916702206222253,2.328017950908231,1.0721594591343413,288.10353533277345,1.133178512076813,0.00036526938242546845
43783,-0.4299332424958493,-8.8813641468493,2.394167751877233,1.1895593527842747,287.68053528022574,0.8919535079267353,0.0003652751995354382
43784,-0.8035056059193426,-10.70303532531572,1.2896530848982024,1.1144401101943167,274.4532787820414,1.5500590160823755,0.00036527786505422715
43785,-8.532853709683703,-7.970324585054418,4.847017712696163,1.7003942824786789,333.527077562578,0.4470847918934675,0.00036528109842326077
43786,-1.9509505010945656,-11.783921032705448,0.529423207667698,1.727941264596598,156.7177182644996,0.3831798134897566,0.00036529772427335255
43787,-1.6188971946219333,-10.254220696827948,1.618925527751263,1.4565845583161072,300.11151320831664,0.5408850722527658,0.00036533688000351885
43788,-1.6818160598580842,-10.547985747927815,1.8494593171836182,0.9361612967241048,241.32225864243492,1.2452204767357218,0.0003653375105964734
43789,-5.360650532591048,-5.062530909123651,3.946311663681995,1.4635276302218638,306.13617533186004,0.5057376135165805,0.0003653419286676666
43790,-0.3379410677747767,-10.482470863146359,2.5328764032296025,1.1876357293966875,271.3061250029341,0.19303376392201077,0.00036535021771161286
43791,-0.6546097276643703,-10.958800417091389,1.5378357762501318,1.0276311919805323,172.13653260227355,0.17851012840158464,0.00036535053102956436
43792,-2.343377017758071,-8.065666867936233,2.680997022431577,0.8059803117915737,151.24478140798655,0.17469371975769565,0.00036536930922755984
43793,-0.05274561699893532,-10.96139956319342,1.6682040063487553,2.630461834938575,459.85981607093703,0.8716541305088503,0.00036537049625314806
43794,-0.8544183249608448,-9.986812942646758,2.6913686920853443,0.9589332260544515,469.8774400644191,0.07402442390429709,0.0003653793041218434
43795,-0.03530397256750817,-9.45897981752589,2.786872787647907,1.2684200871004045,157.5304208566236,0.409618171371557,0.0003654474596560536
43796,-0.28191660823186737,-10.14089589180183,1.2636254061829912,1.7670378506527051,437.5000660644677,0.2470492988162336,0.0003654590428169456
43797,-1.59886559837034,-10.517876640277983,1.706471290540267,0.9277723303759694,239.20004518787061,1.3111520029434836,0.00036547912873026797
43798,-1.3642229147081064,-9.806864946705026,1.5230866830886989,1.7656768425858558,467.91940592167896,0.5143668679977997,0.00036550257802035676
43799,-2.0731807342981483,-9.064716790620832,2.035795167036766,1.8518321276029124,442.433465009787,0.6290754254345456,0.0003655053010306522
43800,-1.9387393816808096,-9.457960688022528,1.9261576140725456,1.3880893665630387,314.19411531785346,0.17468315643696375,0.00036552230206889926
43801,-0.04158673697492077,-9.60986919802547,2.781794006899057,1.0009658636400518,468.0392286176338,0.38561674739448204,0.0003655320863554525
43802,-0.7398197457801956,-10.345720631374661,2.6564316575264018,0.7902044884780363,467.7399219331278,0.25950222622210006,0.00036553363468921614
43803,-1.8234917559591288,-10.90297274702343,1.51053196903301,2.439341662576405,452.58792433824414,2.5186144218924476,0.0003655429851761136
43804,-1.6950452567542502,-9.534752699480698,1.8036970149456497,1.3429349681339935,468.2111388644377,0.6255525534656456,0.00036556674395556025
43805,-0.3684405435004283,-10.278540435795229,2.6825971574182206,0.6271011584752212,141.24794796262478,0.8425603371652217,0.00036557077285931725
43806,-5.740451903429025,-5.024266392586995,4.696312990814014,0.9572126678191473,235.35472035981698,1.2677167994931073,0.00036557430505917396
43807,-4.512760436293077,-5.609461375089487,3.035065005531585,5.084166509217328,627.2659186615127,0.6268653292007409,0.0003656008695228714
43808,-0.6975117751962294,-10.940603538964025,1.5333048348853082,2.4515842729839226,450.9225337654288,1.6665476406303563,0.0003656111566534162
43809,-2.410883056532872,-11.411615517817257,5.028111220902695,1.7386625345099755,469.9544586934893,0.1639310168738275,0.0003656166931387345
43810,-6.02313956337672,-11.70465121062525,4.466196141923259,1.3870412624936728,331.2284369949769,0.26097482985630815,0.0003656216000422047
43811,-1.3197421206136628,-10.897253413693711,2.091194366280729,1.0045646101596761,249.76707881894063,1.4753707920528525,0.0003656336965768978
43812,-1.8572103966751357,-10.614211565561842,1.6318381478411417,5.7936018383690975,343.38681309791116,0.17999674530839815,0.00036565523979153894
43813,-1.5578004292484184,-9.733168263764181,2.723086638313881,2.5890646747686903,466.0390088002188,2.2539139075289443,0.0003656765976485178
43814,-2.091189496981932,-10.694422616559056,2.0949183785481855,1.028871479827909,208.19384344168157,0.21366770400459423,0.0003656801037006592
43815,-5.065314678486644,-5.3448599223125095,1.8064594685909203,1.6590247889950813,386.9257131243517,0.8026463163917938,0.0003656859795169844
43816,-0.9792714197677181,-10.627442709116933,1.215535951945488,2.4020021558719264,438.4016298706472,0.8598549633864687,0.00036573208945246975
43817,-0.8906993746818177,-10.925699848166284,2.4330003891882224,1.2073565371448427,305.1480401721888,0.533166695498025,0.00036578267508938326
43818,-1.4663187347353563,-10.626404088907776,1.7765462101099911,0.8760803820457345,468.31066968225764,0.5023058842258274,0.0003657970677303875
43819,-7.781476979292469,-11.86954677881156,2.6893277554818655,1.3058084160072119,286.0844422441961,0.939915132182894,0.00036579837071556146
43820,-1.5248074863867576,-11.263469942126262,1.555813777174373,8.545876021648912,718.671630939982,0.2422406291546917,0.00036581414946401013
43821,-0.2604107123527495,-8.94501994866599,2.5051897778248193,0.775721940655081,152.6348465881684,0.0024999355890154007,0.0003658143797623588
43822,-1.0338696335519,-11.036735282000743,1.9979843191121898,0.666803452819062,145.2316692007716,0.39283871517847846,0.0003658257505584054
43823,-7.5608097732469215,-11.488389526781035,3.3708209907775695,2.702698089546519,473.01614774173635,0.3489651534422462,0.00036583885613578705
43824,-1.3424772693517042,-10.63645960006533,1.9016583671312706,0.9876385750155856,468.05508001314377,0.7052031786742239,0.00036584144601312617
43825,-2.7242358412066316,-6.830785419674376,3.554412451692045,1.1883514151431154,285.95096922796347,0.5180449197212917,0.00036586850438307793
43826,-7.529833365403836,-11.185517805945153,3.5174184713656387,0.5107878615527901,111.86528952699265,0.5958378411705008,0.00036587815188852117
43827,-0.1365625286052925,-10.658633388917178,1.7596883350140304,0.9207264346429112,468.32020680969794,0.49206085571930114,0.00036588756316984807
43828,-0.5618153854354624,-10.413072234097813,2.5569657401891748,0.8586302238416705,240.17625482649885,0.44896173199272127,0.0003659150988731879
43829,-7.802506347402063,-12.735782026849241,2.3988306490498292,0.6742292542776197,136.25067759684606,0.5834481957650572,0.00036591901253739135
43830,-0.4674653918987488,-10.989905526185161,2.222975176467477,1.726298550378977,468.1399474864686,0.4723741328845268,0.00036595869862942503
43831,-0.741002866735931,-11.139020636371994,2.165012714253354,1.227186883331828,287.079107422381,0.38761536548423425,0.00036597716999515713
43832,-3.386287004306409,-6.246290885927449,1.4144051837394616,1.7462380736587728,467.8490003989224,0.34232259817554667,0.00036600179866461266
43833,-0.755748292922112,-8.980464114370495,2.216128879001983,1.221921556200349,254.27807403721332,0.7640499234594325,0.00036600274320563086
43834,-1.5704155991955009,-10.938419402954239,1.5370821708208657,1.6550536075925901,468.7708510772226,0.2902502778758427,0.0003660256226940395
43835,-0.6747382492738279,-10.914813732085632,2.0042317900928714,0.8311823567786272,216.20755678902657,0.6649822416114013,0.00036602579714345576
43836,-1.1105643090511883,-10.95077947564558,2.422779809796097,0.9413059130342409,467.7222819358112,0.7910474981807782,0.0003660313267624143
43837,-2.1296219789780766,-8.998944016991421,2.6476574447602035,1.1677171893440714,469.52321138184345,0.17914526629972816,0.00036606618169411403
43838,-1.8231144654129778,-11.177539978569765,2.1685989969617956,1.8109567306832275,467.6158232126972,0.6040305680778184,0.0003660850367880989
43839,-1.9153258901810624,-10.962247259639039,1.9690456879387164,0.9911442028552108,467.4659888849538,0.15817622356428362,0.00036611799672800455
43840,-1.6761831642547254,-10.88315489705272,1.674196281980281,2.3460162113397356,442.859415828735,2.29977721133963,0.0003661232654553091
43841,-0.09143288416904838,-11.490462183939751,1.5483847690089745,1.0444239391455614,180.19080113847292,0.13855161393207105,0.00036614210370566224
43842,-1.0715789392990143,-9.70534010144224,1.846977760163373,1.0250285521936147,272.4539811871038,1.403708828639834,0.0003661771407325784
43843,-0.7932739708143348,-11.75481852731064,1.645973378416259,1.8697376715511804,468.2572161823466,0.5958834639827577,0.0003662232427719759
43844,-9.26180831640948,-5.530177380456289,5.033801337878591,1.6256334919181656,381.5433182142512,0.9590885798943951,0.00036625006406831596
43845,-7.904196549887203,-11.777322218961915,1.6934175353804473,1.1023053921224553,467.7460150209726,0.9058104717689259,0.0003662595706262978
43846,-0.275670714791703,-11.635623789891115,1.7691952045378598,0.9651214665156769,269.0267324680332,1.8504369770633344,0.0003662780705237076
43847,-0.29628719446506757,-11.125722849493334,1.8730696119302288,0.7254602193809667,423.30421351017077,0.3869339800031719,0.0003662868735733342
43848,-9.399147321031238,-5.917798884145384,4.8227797214547925,0.7842213621942412,153.45312186915106,0.15262069969979297,0.00036628896044685615
43849,-0.9704568872219248,-8.983343598821861,2.2176270512137592,1.8333439276137888,368.64071724188375,0.4276708148695274,0.0003662908119544039
43850,-0.9600833179860295,-9.580593294233383,2.7153402850190393,1.8641721141276448,467.7068296405924,0.10242684526745105,0.00036629665135427
43851,-3.065936018007392,-6.594701011642944,5.174095817562304,1.2601973178354373,306.7554754285497,0.4981924274781564,0.00036630768316695705
43852,-1.3356034725658485,-11.634283415781885,1.7715507879773218,1.0619790932527367,468.1260400860246,0.34349331689522433,0.0003663130148129497
43853,-1.3136971822603893,-11.744037482649587,1.650869099471002,0.7787887017454723,211.41869234062256,1.0334721593740923,0.00036633968625571114
43854,-1.8090483187413433,-9.695355206974304,2.72376497918151,10.553083956608264,544.9117752477686,0.03352105504439695,0.0003663438815883691
43855,-0.9012158717504128,-11.657974819912246,1.7631412751941624,1.1472311278031808,263.5260808698107,0.5760543593801737,0.0003663456972473513
43856,-1.5380773285988365,-10.983170588398217,1.69033612230467,1.7469095257496212,374.0495019324074,1.515844831060095,0.0003663476532993443
43857,-1.0138060201371708,-9.421788586449502,2.04827134936487,1.1998382066942694,282.87196669313164,0.13070892353041597,0.00036636515426478173
43858,-1.7829381945438492,-10.01669844056409,2.69313666866692,4.899703103834894,357.15216103417356,0.13167649515686985,0.00036637996860894827
43859,-1.8478384772994634,-11.84277803431124,2.1988482045963975,2.4404286445660635,451.8832016990589,2.226925682625974,0.0003663819024294042
43860,-1.6430338825810011,-10.221551947631987,1.4423005353478549,2.239189590481873,425.3852449891118,1.135747147189277,0.00036639158974143866
43861,-0.7727383205449279,-11.097933962797578,2.298047945469425,1.8322336693885215,467.6835540202946,0.411270583663506,0.00036640628835405537
43862,-0.20961293284279137,-11.115161538568431,2.1676727457429736,0.7615775731695771,154.11902565859006,0.43048298819287556,0.0003664484616871158
43863,-0.8633128075929672,-10.910920242576275,1.7828384335891305,1.782137205270793,468.6801758844237,0.9128169922487288,0.000366467693593694
43864,-0.638871630257599,-10.805582451438804,2.117080993477528,0.6972192570290315,171.41324376778562,0.28334122799884565,0.000366472611025843
43865,-0.6625777387661511,-10.787646679373823,1.5423344350503156,1.7461479559179538,164.54654372183032,0.4100155059375563,0.0003664940624339183
43866,-1.9128260619606525,-10.598822901614007,0.7149839564806248,1.761551642825296,417.52617598579866,0.31355471829218473,0.00036649610230591315
43867,-5.034014962215036,-12.284897170219482,4.37724783726818,1.0692845139113907,468.22955781149926,0.9061525768778536,0.00036649889845618834
43868,-1.526069098286202,-10.443923591186149,1.1908779881036082,3.056054281551654,499.03923927756824,0.9026704554303802,0.0003665129874579388
43869,-1.707343935387943,-12.298736795824677,1.3169021257199702,1.113803300696935,287.05494383382086,1.5091216837147199,0.00036654635774601113
43870,-1.5025270334678638,-9.251884518791078,1.9994116727698923,0.8890228387421757,468.61255133357486,0.26164819984359156,0.0003665535683490525
43871,-0.4296878540735509,-10.351006335747485,1.5756040581251962,1.7605573130472454,418.0199029589522,0.7417124544020659,0.00036657697435075483
43872,-0.39178375691653855,-10.357765071004556,1.613953428479297,1.0839550155240463,288.1708896792383,0.7975835908370401,0.0003665824507073464
43873,-2.417005870092658,-10.724608583927681,4.970795591485495,0.9083841029688542,239.04204531468372,1.0571840106959707,0.0003665873036572485
43874,-0.16703677714635567,-11.72298755838736,2.1840618869436095,1.2029020681409073,129.00671183571342,0.34513973282831767,0.0003666003295606215
43875,-9.82444268580408,-6.850161814050913,3.7936289723176824,1.2714894011359725,468.4722452256841,0.3965022056921814,0.00036660526339608494
43876,-1.7892778179535131,-9.307013497619202,1.1899791522722312,1.8800500392110773,374.34771524492663,0.22797255639300928,0.0003666104328998878
43877,-1.7067739379164024,-10.310654906879162,1.7266509856110903,1.1003853745299725,270.8697068918483,1.7042861838984793,0.00036662724319500375
43878,-0.3022025939920798,-9.625977775761676,1.8054058640342843,0.8528790637815769,467.4924457076668,0.4014098745590866,0.0003666288537319359
43879,-0.9806930131357117,-9.015090685644893,2.6749746861100374,0.8441941844629045,204.2521972388414,0.15006619685031897,0.0003666419847186054
43880,-1.9360388049321227,-10.816003936215251,1.6736204535846235,2.2473595224823044,432.01335828607796,2.0571872957687587,0.0003666831770861499
43881,-0.07482877213029582,-9.600261795258255,2.7309723079609514,1.6876729571811948,368.72096732829493,1.880908781522579,0.0003667208629027011
43882,-0.08297811611897465,-11.12605009394949,2.154680831520632,1.1893929315642902,467.59561243835566,0.1900403261790915,0.00036672217072808905
43883,-1.429464432144119,-10.84023740416188,1.9127778108717308,0.6935253900522177,467.5722577908773,0.4767913293845947,0.000366806931385677
43884,-1.1016190326377924,-10.910570051579302,2.270343096869192,5.7244975902673065,658.8319194495472,0.6511636524550566,0.00036681084200338316
43885,-0.4249898882848928,-10.24272332548098,1.2737216913206435,1.5539318944195533,366.5607970374209,0.5186775324228599,0.0003668159559029413
43886,-1.5876945121600805,-11.005544659520956,2.3396215711147947,0.8776767762296757,470.1138305942924,0.11831399159256328,0.0003668335244346349
43887,-1.9589457667720573,-10.171901539303896,2.617509932441713,5.424532628418485,469.304100579647,0.015559945773204298,0.0003668368920829781
43888,-4.076328957451276,-5.713913340957433,2.3640595319206676,1.3616944535145499,323.0816811933774,0.8970498558747275,0.00036684486291481796
43889,-1.288478652420368,-9.49433379950484,1.8123918776080377,1.4713797236509896,351.14365168717706,0.5457330244174878,0.00036686114024517133
43890,-1.2459933831972734,-10.99353844691479,1.8523413088853606,1.8608780474889413,468.8591102363977,0.08297514942433182,0.00036686343841836134
43891,-1.3175994726048117,-11.873891542566254,2.1892428113825186,1.4843709624223074,334.78429798603946,1.1856268314463936,0.00036687203672800667
43892,-1.3942417140278405,-10.088510917064704,1.7369318923368946,0.7554736240045817,167.5198911142079,0.6351274316940723,0.0003668783193230486
43893,-0.8872324179520348,-10.763151675749796,1.6887364885975913,1.8539302961864144,467.669439351874,0.3025495145843289,0.0003668814773257621
43894,-0.9838645461412892,-10.17380282271242,1.3135471974941013,0.9150951536188684,469.5964538160897,0.12745450162569494,0.0003668898869460161
43895,-1.2950674784327276,-10.590075467507702,1.7054132172687542,0.8411094049091979,468.27888876440784,0.1843528733431521,0.00036691689700007584
43896,-0.9135673189143887,-11.07369934160476,1.86190126589025,3.392114017949829,522.27534183731,0.741654588235579,0.00036691785180491694
43897,-1.9152246883874398,-9.539200801883055,2.774898506298509,1.1787764296105285,187.69874579016945,0.14626053014916973,0.0003669219308657397
43898,-9.927050608063777,-7.035922973477613,2.5391802466408846,0.9424669393473869,468.0164932571323,0.7677502878793439,0.00036692921700630447
43899,-0.5996692687525922,-10.408119958839622,2.032112694765946,3.0443609473235136,293.14348187123596,0.13026477295996575,0.0003669473324339904
43900,-0.5450264316235653,-10.733966872814856,1.2394486733779302,0.9413932408556541,470.21111298785235,0.015534273871968374,0.0003669578500611119
43901,-1.5502583629514692,-11.003871436425209,2.3961348256854413,1.1505501249793546,468.34213729872334,0.5143003607195551,0.00036697351321108803
43902,-0.9581757613815522,-10.07542270296377,1.2601399663330808,0.9027880905580924,468.31741821233976,0.5620906239600751,0.0003669975486651952
43903,-1.2472335278723587,-10.315841486467585,2.4902490129737695,0.8558403789860192,467.78898524674594,0.5461035126278118,0.0003670107588057761
43904,-1.588775436593691,-11.480066944353727,1.644972148712178,1.1992043095548022,303.9861458916696,0.7005307826354121,0.0003670538517993182
43905,-0.21858041470880174,-10.39711598817505,2.039716873117385,1.8003861863261525,429.7680627833958,0.36058696321997363,0.00036707725666207223
43906,-2.1586159923741146,-8.684695451564766,1.6140204548822323,2.087169311439757,395.4974293749535,0.43369972231205356,0.00036708684367821293
43907,-0.23853025017717933,-9.183192551174063,2.095691219215332,1.2148215649811902,469.88238924033453,0.07337494213002493,0.00036709372281856355
43908,-1.977322439332676,-11.864848542724769,2.1824493309202304,1.374232774389926,312.01892117843823,0.1295691873126552,0.0003671079275463736
43909,-1.1988103302308453,-9.589893715417753,1.8225806814056882,1.7803461818783295,424.2780237713787,0.9507198773121717,0.00036711798825852956
43910,-1.2052141080903684,-10.59841929920297,1.2199151151456527,1.8778941703779255,467.5430110229684,0.30160484559756817,0.000367120611927913
43911,-0.12111585738041519,-9.26003645023049,1.9991603791586021,0.6598434196008931,204.56995519148157,1.3618142105162425,0.0003671269042399351
43912,-1.5664379047995354,-12.24114582135296,1.3134385331428533,0.8785314743238245,467.98994643169004,0.8108266300518396,0.0003671284229517196
43913,-1.1413930773563443,-10.374430125286729,1.6092914882857388,0.7361575231399554,468.56516051872774,0.2952674083389768,0.00036713015382469557
43914,-1.6779248681935073,-9.595427459553187,2.727968100126844,4.619337470385424,595.1791064790019,0.35422750823911286,0.000367130390310176
43915,-1.5548739862773875,-10.721060293307321,1.834989410090295,1.7794589187283365,422.23935439759373,0.03286480879074194,0.0003671435938539857
43916,-4.402785904407848,-6.741310390201352,0.5984247487460221,1.0629861334004,466.42654560969874,0.30139420210868995,0.0003671554192546066
43917,-1.3649669498068384,-9.057639428867125,2.6858676369773007,1.2940903541179631,468.67648340027745,0.6472379751154076,0.00036716748764817813
43918,-5.1213786502586425,-5.595762125488899,1.225054742278665,1.0218622444057506,467.8258072401267,0.6175679825559568,0.0003671687488734144
43919,-3.949388021353113,-6.198549534131746,1.5182404818586688,2.3601018956626363,370.1033319374621,0.14310675732523404,0.0003671807046434354
43920,-1.7155054682121342,-10.185975616631731,2.5777978924038036,1.6905645602936665,429.7754728892843,0.38630369124802844,0.00036718488764794614
43921,-9.96222717760734,-6.885193175796386,2.4541682005838004,1.5559427650278363,357.6973160315707,0.19700378302438804,0.00036720536492421336
43922,-1.1555130534913403,-9.050247275107171,2.162668178174649,4.432261222067867,589.5999635564505,0.5681011330040091,0.00036721970321346896
43923,-1.3079660425281041,-9.6204962616854,2.7253218413221103,1.8683155766261073,468.13748769370744,0.4422696356214244,0.0003672203879856027
43924,-0.8832590499043995,-10.147554849100628,1.4635155379490743,0.9628198985576126,228.42312244421174,0.2836621081615176,0.0003672271428882014
43925,-1.2768548801467023,-10.579480764377454,1.900541420250476,0.9470059146844373,195.06001915067623,0.48502266312320597,0.00036723121546178186
43926,-0.1465170377278575,-10.835590934068989,1.927391119553125,2.0837262461552255,414.24423920977824,1.8034071374915284,0.0003672390200588925
43927,-1.2426719449370491,-8.997048007006091,2.64826814747455,2.2512849912389292,433.3443130832412,2.220659306508943,0.0003672411541551572
43928,-0.6168429270954974,-9.239701764090054,2.689538886461045,1.891876347855648,468.61841220055175,0.14710358829143555,0.0003672722384892284
43929,-0.8886197901304662,-10.09407192971234,2.593181858433923,1.4142735384564518,328.28409786631966,0.6458318670775682,0.00036728181044302075
43930,-0.17481684543490594,-10.085699232739167,1.594397677752441,0.8742282425143632,469.1089997109614,0.08286347726544196,0.00036728974084298415
43931,-0.17799307058649916,-8.929798936998662,2.4383279695752,3.3728376864886553,523.0933754378526,0.8650398756174438,0.0003673049272554861
43932,-0.4554795461382035,-11.00919301127774,1.569575730389578,1.898267325217499,467.6333521266429,0.41223033491365957,0.0003673089405060134
43933,-0.1683645563074272,-9.22705378795187,2.741946553740019,1.9648332552887953,241.87621517465143,0.43342574727312755,0.00036731518131134013
43934,-1.4645756537858592,-10.584104136664337,1.2470163781695285,1.2686653752723072,278.2831063085615,0.40588113729868613,0.0003673311013852855
43935,-0.6686296133540388,-9.42276481245317,2.7228858939685443,0.6015960213220515,152.85310484748155,0.8762313083680455,0.00036733468675211723
43936,-4.776346276688587,-6.1443768236265806,1.0458137350423593,0.7305591272026406,201.8397970558559,0.5796340361460688,0.0003673447189122858
43937,-0.667567491305963,-9.470242133727995,2.770900710193236,1.8105060585396164,448.3209039435802,0.6503583606904835,0.0003673601295237023
43938,-4.441472932849716,-6.123944530026407,4.701575513588225,1.6726381331201916,353.52100630772577,0.21902695191485844,0.0003673877915147696
43939,-1.6127990325092796,-10.582498101279114,1.8959469924281624,1.6210019512304614,467.5932054359429,0.09689433059726849,0.0003673990092789936
43940,-3.191044107668974,-11.572664668372049,4.508237023629149,0.805410214789948,224.9227426353378,0.724598000009645,0.00036742771242136987
43941,-1.0454165060018994,-10.978733483464708,1.3240553638957373,1.4251404402993968,468.4671544408204,0.009321690420077466,0.0003674344284847915
43942,-9.08273333509244,-7.131324139708424,4.925326213636472,0.8752658814165397,234.05870791320592,1.227895045121758,0.0003674758472770022
43943,-0.15551493702755081,-9.379280453633793,1.76522713750075,2.8851491589400777,233.74513638996362,0.29092708544744994,0.00036753148087242737
43944,-1.1519583504251472,-10.889086405263866,2.273209743263775,0.7383440996389437,466.4787659361005,0.31471709944099313,0.00036753818463592834
43945,-0.4504172558713986,-9.744775483821936,1.3079620169199646,1.726596217761155,408.5953975237584,0.3944089019899488,0.000367545926580327
43946,-1.8166787998105907,-10.676072152806059,1.397840795529392,0.9444239036801703,199.49188443749082,0.713916983795257,0.0003675573957845347
43947,-2.0135965611932063,-9.877559876942513,0.7321842474238885,1.19671071814228,275.22098241912306,0.11650720223107047,0.000367562343867931
43948,-2.0519364046609514,-9.529042558471287,1.847764474798466,1.0744555500271522,132.31805679184654,0.2962276904011292,0.00036756389717494307
43949,-1.5599664035575067,-9.469654007738125,1.7876788749000752,0.9119637766514103,207.75353061412406,0.07239125742615737,0.00036756502658785066
43950,-5.56062202916136,-10.469054022070909,4.860781100425071,0.8603968991554699,215.04092541161782,1.3544891536698929,0.00036756915781819703
43951,-5.567489950981578,-5.588060118536017,4.9811647813980775,1.1555745148735475,164.75450144057362,0.2042013916162082,0.000367643437559906
43952,-0.9421135907921059,-8.99186722885256,2.5572998473366884,1.1539761224773155,468.4835109470802,0.7974181220419236,0.0003676434988698191
43953,-1.9705370364849166,-9.659864212213504,1.609625015180897,1.8393510660739603,466.9215442042288,0.0962667204752119,0.0003676709220723361
43954,-1.6534828512888993,-9.448063504250424,2.7666429602023506,1.145057731873895,290.90881202242264,0.6932175814396233,0.00036771068663134514
43955,-0.37983969842293064,-10.528560571774621,1.7080810274395903,1.5902136063949885,367.7654988230671,0.9066151857193674,0.00036771194986006566
43956,-0.688223024720898,-10.227378462686383,1.6053892270695032,1.152479615383423,295.4660161425167,0.9733054318334515,0.00036771204960467537
43957,-0.1675474209620358,-10.283226556479882,2.662980870606056,0.8895451486874304,468.701797860115,0.8731020234891185,0.00036772248936214896
43958,-1.610742583889138,-9.485121437899794,1.892746837436132,1.5326369154542159,353.26894966151025,0.006933659542679216,0.0003677482534585255
43959,-0.7448077238621096,-10.386524903700437,2.549476141354822,0.5884293438103214,160.49994984676107,0.8993693807661138,0.00036775741821916874
43960,-0.0925282571711179,-9.38503955502896,1.7629203392307717,1.6355234078933534,381.37027038491277,0.04198573271726058,0.0003677949116660608
43961,-1.823992808160451,-11.790358990733056,2.194905258055908,1.1597071881641685,296.452845281331,0.9799012505082194,0.00036785223065323474
43962,-0.04133236122527073,-11.620542629280282,1.6507890965564,1.8829042808290017,467.9818610666414,0.012120396339302175,0.000367853947167033
43963,-2.0027291989689333,-10.042913338738295,2.625822010814085,1.1447954006496468,299.0137126191348,0.755838424424236,0.0003678543476367824
43964,-4.4268317970017135,-5.822390960071053,1.9366797153266606,1.87196402316412,454.38586768861677,0.32783452457637274,0.00036786413704189235
43965,-3.3247163218463207,-6.2930470895476,4.968769986608607,1.8422422143377881,468.40678596533905,0.7694027480234755,0.0003678720230163538
43966,-2.0047155695964145,-10.710384814349649,1.747574869283436,1.274368890839502,292.4919300320141,0.1315144919673683,0.00036788336125350975
43967,-1.2327222675974792,-11.371145083520545,1.5570110465493272,2.4319761632396926,446.4116833310566,1.3168966816639172,0.00036789551032295455
43968,-0.05459834190684276,-10.757434325355646,1.3122584561081465,1.3350160193828695,298.1015122443363,0.40084044987027756,0.00036791082597122164
43969,-1.7325679990177605,-10.9056757068039,1.738911703369884,0.959996176594959,467.3252597311236,0.9286545059180851,0.0003679348762717441
43970,-0.15303425710163765,-10.493498766295062,2.5079238200270995,1.393884200427881,467.9712694408388,0.605003957736014,0.00036794372538335107
43971,-1.9992537936590402,-10.131170861119855,1.6261347229434386,1.1985447507783367,468.68542188420105,0.5700695403780918,0.00036794924348161373
43972,-1.6994421753009927,-9.925774212792678,1.571588149403229,1.1026726773072832,129.34523601599082,0.31604057522560325,0.00036794998266219457
43973,-0.7004153282694112,-10.387831264598152,2.5474321945686103,1.4207781184599897,316.0753041061992,0.5590953204556932,0.00036795267786512076
43974,-0.04090761120109576,-9.814047728130632,2.6887573424954154,1.6897996613988955,467.78126872414674,0.03556945137042877,0.00036796098281526094
43975,-2.971787856179253,-7.28428994466512,0.3989993169142883,0.5927202384592298,162.9487840306827,0.9467676471374764,0.0003679612654728651
43976,-0.9332654625963244,-11.353842156316196,1.5468974666620552,0.8414179840590479,168.3350667519599,0.7401535189514288,0.00036796667265963996
43977,-0.7096411276040531,-10.562216275913727,1.7526026412088969,0.9060240218735365,467.96927688364855,0.3189342284687928,0.00036798051661434577
43978,-1.685417091995241,-11.841728278961277,1.3127302605618683,1.8449146183027116,441.5792746407597,0.09952668817902666,0.00036799401771232186
43979,-2.0609427355515244,-11.879726808039925,1.8652721007822237,1.7043626086063681,468.329644988181,0.2822375620026589,0.00036801003449564017
43980,-1.7952346521582605,-9.501543074440432,1.8792175408953666,1.0599024567678839,276.0073133684438,0.9234006514703017,0.0003680476830286357
43981,-3.5968791495661385,-6.182008389037737,1.4968146261956325,1.4152159111833573,457.513447632476,0.5630588289942775,0.00036810155600821724
43982,-0.2971890298758524,-10.736490527527335,1.313160282135946,0.941593888384608,468.6806464508287,0.8509705001933341,0.0003681067696943128
43983,-1.9146921216744524,-10.274900430095089,2.05286560303483,0.8577999656587514,468.02110094332704,0.3775924317532633,0.00036812746817832786
43984,-0.213978610243025,-9.429914984056696,1.919922463873313,0.7784761834540966,228.63826599279233,1.1284781482633646,0.00036812969991830986
43985,-1.8160588343692385,-10.452020230701292,1.3942672940101122,0.8343339461109759,181.42855825766267,0.006757136007912834,0.00036813640159089425
43986,-0.40876618865269343,-10.754344726798392,1.3147910413177968,3.132081300916512,505.3808757483853,0.9061791816756637,0.0003681678099811409
43987,-1.4173484942480794,-9.576141778294993,2.72038417808627,0.9391620798565524,467.2718860396937,0.1338330155857177,0.00036817928074316504
43988,-5.226385957513627,-11.735822112190133,4.4541911981935485,1.1614342641970317,299.68876380568213,1.396471615479622,0.0003681798193414495
43989,-0.5181319397979074,-12.937286504463449,1.1948765850229837,0.6281618348276665,173.48620256019572,0.5645741555240855,0.0003681813581741565
43990,-2.2571623334663347,-8.43884002470618,2.149002890832633,1.8476073254622796,442.056226847794,0.3177071449397486,0.00036819137065606647
43991,-0.8275317076968243,-10.969567568586873,2.396600438838379,2.016542140225199,392.30951151904804,0.5693533072808465,0.00036821250313080886
43992,-1.1875082755104778,-10.555522855064538,1.4621040190601842,0.7653048395413793,209.3507382270262,1.0048153391367238,0.0003682277909814788
43993,-0.029999596138319262,-10.791436993594322,1.523889279601394,2.4814814638449674,453.4280153687519,1.571427896452244,0.0003682399648622802
43994,-1.1725648172400813,-10.309595462539356,1.5841444258786104,1.0015908117612289,197.40507242102157,0.06832367137030904,0.00036824750520490925
43995,-9.38095213000992,-7.861443819129928,2.184308103091645,0.8056461177481031,158.48052354882063,0.4190566522097532,0.00036826078991858353
43996,-4.613264171407923,-5.473885383330786,3.0328927546611024,0.7789908107984566,275.44317973382897,0.2724632183418132,0.00036827313892701585
43997,-1.8948733329294587,-10.647366889987229,2.5326128241609775,0.8567872547850741,234.52691576778645,1.211664544174499,0.0003683336159117543
43998,-1.4392051505500483,-11.863556650475259,1.1988313014973921,1.122028343386373,288.50360515421073,1.1260495096781558,0.00036833752708340957
43999,-1.790304703618549,-11.02448698305214,2.326135163783229,1.1343317036049088,277.6710509377269,0.8035081109108013,0.00036837627933860385
44000,-0.0147450436564327,-9.012582289586316,2.6498093662348747,1.8859520695065406,392.9901560067313,2.016802137511143,0.0003684108898889215
44001,-1.8752260585671685,-9.860275377069112,1.71552844103475,0.5045758027531704,134.7418640934794,0.4990808988420783,0.00036844877568136317
44002,-0.9957001137479473,-9.109734640685225,2.4963258863643105,1.7380658669830382,467.77197629424563,0.4296916190332549,0.0003684495700758413
44003,-0.17917063007048029,-12.997251163428999,1.2008649943017078,0.7736893324909448,229.05042215731484,1.194835439911536,0.0003684505819179344
44004,-0.3033266269488841,-10.922073177885505,1.2745828435867905,0.9539081050648911,254.06823075960685,0.5706776966334379,0.00036845466391627086
44005,-4.870397727615416,-5.67026673061697,4.074136786978763,1.053225650083684,467.3425207683173,0.4550618468395742,0.0003684899259387475
44006,-0.5749632469798147,-10.684778858897188,2.0167730452391615,3.3903373311364167,351.67581607556764,0.07820463142228817,0.0003684915888409603
44007,-0.05384845713426856,-10.633506781564172,1.5250690213064413,6.6877054919104575,325.0391048709679,0.24387080875129374,0.00036851443586626253
44008,-1.7716868126516054,-10.032489956946083,1.5412776851487602,1.0296336277738758,257.64164274955857,0.6562971582244037,0.0003685174278497384
44009,-1.9998759679956404,-9.843798490832487,2.672666166442641,1.5811536442239782,469.8289957330891,0.002866293213007687,0.00036852517085845897
44010,-5.124101648329581,-5.533814639056297,4.187972512311506,0.9738621783208351,259.89385837861204,0.98265174357382,0.0003685372481133328
44011,-0.1741504455716658,-11.000772254871027,2.3098446593107376,0.8710386659810458,188.09662298693283,0.2207517390493683,0.0003685590857930444
44012,-0.7307313082024542,-10.153059262943383,1.1940263545195788,1.0160333051877728,277.8967890976953,1.8797100871212775,0.0003685824270126607
44013,-1.4409665841251869,-10.307692726810975,2.6469840534207187,1.0241694728464827,234.8829312874,0.4214614566770054,0.0003685827076972716
44014,-0.8343600302260974,-9.29851243339219,1.987658109932507,1.6135381014241468,379.2477393128576,0.36009080789066417,0.00036861434689188774
44015,-1.0217143981275782,-9.007738341661831,2.205509379032751,1.2588452549028815,300.1611848790599,0.4678912821459784,0.00036861720032521655
44016,-1.3516841359468152,-10.527927933844815,1.7578322099432822,0.8812106170098545,469.8837204609518,0.16514524531362706,0.00036863303640541654
44017,-2.9646698837346097,-11.62930692764686,4.814873254402319,0.9038174250582981,468.5471857838923,0.8205801378055648,0.0003686396346570029
44018,-1.3520379466552725,-11.761430458684346,2.1930396151536544,1.6681883251078058,467.7071022715888,0.16668061464317496,0.00036864117829312344
44019,-2.7010086266328317,-6.834911547529449,3.1236787055938446,2.4503587333099732,427.18706604360585,0.40415954273582866,0.000368673965256196
44020,-1.1445707553908804,-11.027496107110908,2.25190031721363,1.4844492833991245,354.5616250445983,0.49565622398232545,0.0003686934141600233
44021,-1.912300209586876,-9.959597240002285,1.6193666085423755,4.5544706561568455,561.8805283112398,0.17960786967302234,0.00036869718042293996
44022,-3.705219156921964,-6.2544221675135825,1.2080093717883795,1.74581730419686,409.78785398795685,0.17330014100900648,0.0003687021079950472
44023,-0.5572722846663147,-12.661290294732911,1.3043585404682578,1.0319978829347571,469.1654381865594,0.6330143429682495,0.0003687567971473518
44024,-1.2412061203585854,-10.202510079595546,2.5827329332883706,1.0125023848991137,273.9835051258315,1.3775049099707521,0.00036875973850791777
44025,-1.2532327840244868,-9.202268451598597,2.0812905061170732,1.1950485078112416,254.67715390707804,0.7396423362567122,0.00036883364195058297
44026,-1.7361144702546323,-10.756033429351014,2.3653225486502882,1.034296702624706,468.0621002061622,0.35257484972489195,0.00036883761180893506
44027,-0.6497924830121562,-9.835090504240679,1.7089898627976083,1.1293401547714184,293.70071025853287,0.9565204923753425,0.0003688511406327649
44028,-0.6376698699386232,-10.786968334718054,1.2684435648065708,0.8242884708556161,468.56929210325944,0.13995615711681708,0.00036888517072323937
44029,-0.8672884819932172,-10.598688391328219,1.315880990506599,0.9011508962658663,202.16689139845548,0.33366874338489083,0.0003689074340515301
44030,-0.658804840237897,-11.480762436739287,2.2280536873219043,4.4953665628022135,593.6426457820296,0.5790567904055797,0.00036890897825991707
44031,-1.288150092948424,-9.229865623954984,2.705436052612217,1.0765437804811282,269.3557115957436,1.6937316746094409,0.0003689113998108102
44032,-0.41288983221553544,-10.912886366880162,2.2670346653875164,1.8800355957907653,469.2657714534215,0.21767415294992443,0.0003689398165212213
44033,-0.13561932863791526,-12.321893079260693,1.3089249236180864,1.0711962262923376,207.6754524241219,0.04467927431544183,0.00036895069071577526
44034,-3.344029447957279,-7.231194707732646,0.2202335807008677,0.9302456973200172,254.75123939824783,1.4577510034252903,0.00036895131787358847
44035,-5.374323682538024,-11.79737605927066,4.445331799618795,2.5149070255249586,459.04048177536987,2.1807047572866987,0.00036895239621684164
44036,-1.4517309110235885,-10.11568136785387,2.6859504478922904,1.9892463477726496,368.5029123374517,0.17150120706916727,0.0003689617708962215
44037,-1.7386390899101212,-8.979750497517001,2.5015529287325244,1.328760353160406,325.476620313354,0.4518993198834673,0.000369084687694057
44038,-2.672293914932199,-6.863299463244741,2.0442882348067197,0.9255233977486301,233.74165244093655,0.12826813126191716,0.000369090269612974
44039,-7.853026763874429,-12.777995314407022,1.84113103946092,1.5632719493852025,362.87497187695817,0.25612689419849044,0.000369126838094625
44040,-0.5914189903961464,-11.26591695522527,1.5514857277349654,1.708541552697004,369.06925636008083,1.744331596524093,0.00036913573435707947
44041,-1.9619590257453972,-9.406307438657628,2.706490553878367,1.8608601916040868,469.8667338820538,0.2303922250253141,0.0003691816358884284
44042,-0.8690076084676317,-9.052397146116121,2.568262697879442,0.5432938301069183,129.90149630118339,1.1252509914164532,0.0003691985272970955
44043,-2.7197281336101344,-6.767665243984392,1.747428373298922,0.6583151929248982,459.54611808034986,0.43083098434761613,0.00036920850692748555
44044,-1.2024803773853563,-9.492622360466832,2.040762125243194,0.8197955612708029,467.0256964303587,0.08790189009540583,0.00036920887165178725
44045,-0.5745516254991365,-10.725045673514202,1.3245988593697007,0.9783440154748066,468.0513211705192,0.7030226410532814,0.00036921388220403597
44046,-0.9667686013587247,-11.056283720924114,2.17180483169175,1.8666154641345007,468.69361293613576,0.45955684949693953,0.00036922602529263084
44047,-1.8251360740818878,-10.494914097433908,1.829478946725328,0.8662980090499937,467.59142597964365,0.7630337099880942,0.00036923389315100054
44048,-2.3613274467380254,-10.276590585627304,0.31198526867029935,1.8576952310256931,371.1018997175617,0.37184841995184925,0.0003692429904861929
44049,-3.8038959668452517,-12.131276408918875,4.3587855801346445,1.000288416926778,149.41148090351138,0.23104072226816008,0.0003692619755510969
44050,-0.2569947336317462,-10.583138047897556,1.263781739394815,4.507293321656039,598.9216689562274,0.867207359444266,0.00036927545823519384
44051,-1.362093416079393,-8.99945800917578,2.3599195369677495,1.1732473794031313,308.5594436125763,0.7511588357817418,0.00036928257038926096
44052,-0.5463682361326292,-11.260724922605206,1.552867536436498,1.1041835516032275,467.38672058361163,0.3413338759994824,0.0003692955515851237
44053,-1.1654861521871123,-12.161935742889728,1.301679859761953,1.0364606015212057,275.79782534292013,1.7531224006399304,0.00036931876990424186
44054,-7.81419161461864,-12.367337616077972,2.401822640495185,0.8437465110908283,212.79932512597006,1.1700730593626654,0.0003693382823308827
44055,-5.439222828110842,-6.572986254132798,0.1837276484989478,0.5760229570008797,118.30323899752274,0.5565178364076582,0.00036934100256229274
44056,-1.2217131697415287,-9.663144534116514,2.764070144359199,1.756334940777638,468.2674580974224,0.6116926680033794,0.0003693430348664921
44057,-5.223913323778363,-5.697559191214542,4.588440386054139,1.3159197254324932,319.03574478234833,1.9828808250034449,0.0003693499778860513
44058,-1.03987696302468,-9.307316127801197,2.698838294129301,1.1239129636624943,294.85856840007415,0.735129299817598,0.00036935156322909495
44059,-2.1769865202789678,-11.028681812791763,2.5377525896721527,1.6281176416521144,381.84171138194705,0.5754017192517749,0.0003693521358362775
44060,-0.7828377069369434,-9.048569119721073,2.1580967584234916,0.8435959461682466,237.71925880697904,0.7862940540062322,0.0003693538197519862
44061,-4.571268239408576,-12.40954775135767,4.34680772363682,1.1204342696439118,466.08869363144163,0.6983415765449168,0.00036935739117927594
44062,-1.730075135041833,-9.859565354917054,1.714873940067533,1.200169822958346,255.8953304649078,0.05475718266710672,0.0003693944953851182
44063,-1.5316431460149076,-11.012612935606617,2.321402987192547,1.8443358936480179,384.83040552885177,1.3710769051900948,0.0003694106891551206
44064,-0.8091068027007413,-10.854935406007566,2.3355977825424805,1.7876930771122945,424.7345649854616,0.3755947547937053,0.00036942776237647025
44065,-0.012745147896692899,-9.40671724607201,2.7596285704129873,2.2401855187335014,430.75407882141513,1.9310540439688184,0.0003694472194426671
44066,-3.7414361561681533,-6.1330919923605265,1.7247909162258106,2.025633774867394,385.4265961332917,0.5868719304547003,0.00036945019484776564
44067,-6.7327655669249635,-10.12649498129483,4.8610200311709955,0.5307729357605221,110.70958932181219,0.08048730980229735,0.00036946328814601627
44068,-1.3744767726152247,-9.945684935111746,1.3044451207374232,1.0951066230707347,291.5376858778056,0.8728311966833715,0.0003694632984940497
44069,-5.473329002875879,-12.427130259061283,4.371811038972642,1.813446964969285,430.4240360433997,0.6134673205183034,0.0003694706558823112
44070,-0.2493673884336438,-10.083848609568168,1.7384832281903548,0.9125889962218583,230.41663997325088,0.812452564237268,0.00036948180410736214
44071,-2.0328143591566317,-10.762403264102446,1.8219463352692336,0.9009465996344843,463.6988030935991,0.13147483923030467,0.000369520875221167
44072,-1.2941163099873005,-10.686999751843983,1.545037426923753,0.816987596777687,133.05057932293394,0.3077071810051253,0.00036952254320608174
44073,-9.696286726045026,-6.480333460330133,4.247115543143894,0.8142529392577659,206.4313211844793,0.8917336867131338,0.0003695310564723199
44074,-0.30924906778837347,-10.054366986620948,1.5421869096078296,0.9666299032753581,441.53078283760476,0.05900618282376069,0.0003695401239635002
44075,-1.8335794971036936,-9.259843736926815,2.116037589999012,1.168382346625651,297.5657585969022,0.8676238126378575,0.0003695496473101013
44076,-0.40522419733704673,-10.379932279158137,2.6211158906528165,1.660229413098276,388.25133833618435,0.13898647660328667,0.0003695512103435493
44077,-1.4913088978350117,-10.090146469041347,2.59881678397706,1.3602242732740022,310.73531816721623,0.7486406548949507,0.00036957465271299987
44078,-1.6195008283231722,-12.889856416519015,1.115885974230543,0.550937009000627,112.90860362122356,0.06215652284266859,0.00036962336649034395
44079,-3.962112626578871,-5.704065314647653,2.7862812486229678,15.27256762310614,578.4167077481515,0.08497172815145948,0.00036962736540261195
44080,-3.8144345362465266,-12.553531659857331,4.318009273236532,0.91899803562969,467.6544509073454,0.5045766694835248,0.0003696445167930608
44081,-0.16774290843961026,-10.415744627371488,1.3230900256565656,1.779473638064212,421.48480386874434,0.5343086994251198,0.00036967217312857824
44082,-1.6954182578609913,-9.998976838152242,1.038719036908114,0.6482726165466863,191.61199093750977,1.3902224078887713,0.0003696735878908625
44083,-0.357291975331421,-10.38456013831969,1.6990463272744227,0.9608845898516546,468.9043761293119,0.09693757135047765,0.00036967916202796324
44084,-4.504345037926941,-6.8096121894451604,0.47651471168125903,1.088199568854942,288.3380859119714,0.8568614161106431,0.00036969114344255217
44085,-0.6952077676335318,-9.529383244960258,1.8961833064708808,0.8625618970065063,222.7758794021673,1.197063074575639,0.0003696986612162173
44086,-0.8011623454497236,-10.14039292259347,1.538582984264548,1.0335761695036523,347.25767650225066,0.6483059601450991,0.0003697158214831605
44087,-1.8763017023613067,-11.055032045084683,1.5055136692068152,6.291269083575824,373.6437835868571,0.15254425395804905,0.0003697379762383373
44088,-3.2842615325501656,-5.793098409153451,2.882693847499538,1.0823834474807656,287.1681346581684,1.1982330994340389,0.0003697423839146805
44089,-0.23466078087557918,-9.409156284281579,1.7743523634487808,1.1744927115412116,238.9440219582663,0.14600280789802955,0.00036975150256692035
44090,-1.8387829343897142,-11.53576148792479,1.3632102921711828,1.8899318932485274,468.58989403019933,0.266798023722159,0.0003697638279775276
44091,-1.8787330416664076,-10.688126755593409,1.6368051372684789,3.601266644796717,544.2564536305915,1.3187078392330323,0.0003697677766994877
44092,-0.32785036169333104,-9.202590174864888,2.751108535435411,1.5883102549058747,353.009698730904,1.565273991295963,0.000369778428780383
44093,-0.9734516230153272,-10.810786324965491,2.0796788893156934,0.7692377331179729,467.6281191869017,0.3076225071204499,0.000369787832528703
44094,-0.15451943378931254,-9.880629987374084,1.7153826417084599,1.6057217065923302,373.81988316284156,0.13774768112772318,0.0003697924802495485
44095,-0.9707489400403748,-10.072837208341399,2.605001581399813,1.6447667647181303,467.8000642384329,0.623573298688906,0.00036979569101844686
44096,-3.9808891080245346,-5.843519304150695,3.498781041912469,5.282684102361437,394.99951097293285,0.09848149037073828,0.00036980674087021113
44097,-0.06689719135968986,-10.708457435314358,1.925184243312851,0.9157127994256201,242.56423240392354,0.2725551709843339,0.00036986355479452863
44098,-5.3270530707394235,-5.054819474629335,1.5091661404500125,1.4283109786435353,470.2202646800803,0.05951251529134716,0.00036987098427825065
44099,-1.5406134594261829,-9.738898554639333,2.704716362696572,1.4452461237514538,336.5805142207787,1.95554515234904,0.00036990344962137235
44100,-0.6786343552486667,-10.823190420624394,1.5696317627018794,2.810409491558583,484.7848515622956,1.9046708633134388,0.00036990396368178496
44101,-0.3775081939548883,-10.390252904833247,2.4697817298807134,1.7224058607166512,406.90254411814385,0.7244116971483727,0.0003699213148012686
44102,-1.6437098269824997,-11.404825555635014,1.1061921623806836,1.049518823354485,279.58708525340825,1.4838658406410028,0.00036995334298357607
44103,-1.0142971007183217,-9.566728104627712,2.7073449140111574,1.687425468351257,398.4811240639566,0.9170440810433087,0.0003699538903186807
44104,-3.8496660985506814,-6.623371158791592,0.7462570715635689,1.2061712667276472,304.879729290065,0.5972930303819739,0.00036995393972840746
44105,-0.6832879944659638,-9.700176788339142,2.754592700142937,2.56790713799856,462.6792298180428,1.8380157909198962,0.00036996490470334395
44106,-0.156443527447216,-10.675986476618124,2.1244995434287266,0.9960594167918222,265.2307745990261,1.0428579529787143,0.0003699696874603369
44107,-0.4101759910506715,-10.277967480516672,2.0408490777781445,1.293141349475695,470.2329808339736,0.0934860666998576,0.00036999142898886094
44108,-5.116913186764107,-5.5960395364158515,1.4061700639790673,1.7360738877556736,409.86345756324795,0.3070239357229889,0.00037000994091753104
44109,-5.4931027248844035,-11.954462995149466,4.426329610616578,0.7031751870184302,141.08367698127157,0.4253817673359679,0.00037001231517911915
44110,-1.0595893060129278,-10.573298290967847,1.5375928541121329,0.9119900142008718,206.42461736672738,0.3347347671024341,0.00037006563282966767
44111,-1.7642876871570952,-10.706075275896005,1.9907547451398717,1.7428537081163342,412.4934366268489,0.823460401452448,0.00037006581255266804
44112,-1.2409196465913634,-10.595020999184943,1.921203032565396,1.8476859182628018,467.3878844043204,0.6822806967996327,0.0003700933100200161
44113,-3.3838876870395644,-7.221693144228668,0.21431742245570184,1.858867841213471,467.3632499614144,0.5192685813988023,0.0003701415435663265
44114,-1.3958828658363647,-10.149206246906083,2.586470074345153,6.979735880630058,481.036815293933,0.06793950801432569,0.0003701495816303344
44115,-1.7063485224360182,-10.99773682147442,2.166413680126768,1.7106958109299548,403.09104689036025,0.42612161465740783,0.0003701602211170222
44116,-0.1661219157950793,-11.697555271972082,2.19115204130154,1.865142081162481,469.07708870741084,0.5990661250223939,0.0003701778255721866
44117,-2.2766082951356132,-10.808510031693412,3.2923923057105915,1.305319260880763,306.6037278498404,0.39657101681254314,0.000370204366174773
44118,-5.065484667152122,-10.480178067518263,4.835723513579728,14.307773125087747,541.4888756371822,0.11466116225660627,0.0003702239082969311
44119,-1.4603752774161833,-11.29434841605548,1.3026962826545698,1.8668165132468952,448.53843186456277,0.2941624015563029,0.00037023384098501397
44120,-7.672404101155342,-11.532264193662593,3.1033776237934463,2.7157667025266887,477.45873443728703,2.287785701087828,0.0003702478356598326
44121,-0.6515662729896015,-9.256766422216591,2.7522626328620197,8.502244086563472,397.23440273414803,0.17553531851497706,0.00037026961231136324
44122,-1.4798013445025315,-10.771055024440722,2.343145293504805,0.9382215414598382,467.8201819976988,0.4294315675489191,0.0003703190749110571
44123,-1.5974231630503297,-10.976964838400914,2.3244799695444085,0.9986438581910473,268.76853045629946,0.6192078962666203,0.00037032715320966354
44124,-4.722002792238509,-10.09726748376982,5.0450361977756755,0.964242095416222,267.4665053146458,1.5061138757586976,0.00037032773106790646
44125,-1.563162169323972,-10.91348126474049,1.8683466834218179,1.8689997543429258,452.91124198483413,0.5065951916039522,0.00037036871746348076
44126,-0.7460025631834668,-11.399329873462953,1.764583554352585,1.1139095283896452,268.07652892828935,0.3574829450532313,0.0003703901440903237
44127,-1.0736151144271826,-10.331749657448697,1.846263958307069,0.9317394794091666,458.3907401844334,0.12712337056408352,0.00037039128099034105
44128,-0.7233313352316113,-11.428064907542279,1.6450763689206724,1.3589121298664726,140.65408640872988,0.37290814901757674,0.0003703957336148088
44129,-1.947468211278867,-10.558407449359288,1.6174415607967967,1.0369326741790272,467.47940401554285,0.09639281359190299,0.0003704182347544398
44130,-2.9143766250826273,-6.373696884960483,2.2554271058125726,1.5160545772461447,344.0482857153452,0.0522537468068931,0.00037043658806828973
44131,-0.24715546658983634,-9.55631226724316,1.905270014602304,1.1178564393452206,293.26962872949343,0.9373832450698067,0.0003704617895507807
44132,-1.4106961901677089,-10.351343947139465,2.622443066833115,0.6550493188141829,468.7254840497349,0.43453990130449327,0.00037049169786520017
44133,-2.293006267165155,-8.327450646583268,2.603798705520815,0.7316299463688598,467.45886347108416,0.3078807612268619,0.0003705082125339655
44134,-6.888361410695578,-11.145789833801297,4.303922270083165,1.7146101838281231,400.9415021910836,0.2642794814423022,0.0003705399546872302
44135,-0.37148466939306957,-9.96976454805416,2.624903695721052,1.0700705582422698,268.92390553383433,0.5826935816469954,0.0003705675672616085
44136,-1.8906918526067056,-10.03801358745573,1.5565319542702571,1.7573881664708222,417.89366886096116,0.8661867716027194,0.0003705798379381024
44137,-3.1436582781580205,-10.485209473942831,4.9138031087605025,0.8209472372927502,200.60539463078922,0.5494137065313804,0.0003705800700195626
44138,-1.8367079807180744,-9.701458641449557,1.831860810999862,8.890200113072773,673.0510358434921,0.15121665764876369,0.00037059867931309355
44139,-3.640536201650778,-12.72368864765979,4.302360486473531,1.3649855742526802,299.0169995200564,0.5239144049088571,0.00037061995765195457
44140,-6.444385712397342,-12.485993290180938,4.296768984692592,0.5938320107307791,186.20165747490356,1.0872056544989315,0.0003706486471554968
44141,-0.14296311548176632,-10.964539816814908,2.301959261969138,1.4557928694485323,323.1223420760433,0.1371575140271295,0.00037068535487289853
44142,-1.7141611827274073,-10.628149983427782,2.136719465747693,1.2212314841182152,309.9224675268904,0.2798422437186847,0.0003706953988309205
44143,-1.010149315923389,-9.643269338821547,1.8026394116233782,1.579221840611827,457.8353233471052,0.5736934094336208,0.0003707238568407163
44144,-1.5506638437896463,-9.425560125526072,1.7740220225840242,2.403220658938896,424.51233792988614,0.3241467312431636,0.0003707770119247593
44145,-1.794540862574916,-10.238122543637997,1.5129594906307609,1.8830628763687753,468.94853924451263,0.2032201493892254,0.0003707793091121274
44146,-1.5189714715719589,-9.831202648872509,1.850349150465184,1.7821359303114546,376.3432174276722,1.4471097392758292,0.00037079293248736195
44147,-0.29956045434713907,-9.54145578871939,2.0348944702008023,1.9985118659502468,397.35416700784685,1.0263007937904929,0.0003707931656340596
44148,-3.9222643817313996,-6.130953093698587,4.581422264766581,1.279879958033364,468.41636161238836,0.5845306324645385,0.0003708020187843984
44149,-0.15522169166646016,-10.233424577417026,2.0455159111203036,2.3240184423939447,439.98395454290403,1.977902109608812,0.00037083561420909653
44150,-1.3133204327566244,-11.285539899595282,1.3250428177740117,0.9778988351190708,467.67527878521696,0.49735556630093214,0.000370873831625843
44151,-1.3835621301118568,-9.562301787868162,1.6575440830849437,1.8589361732183323,375.91370410564434,0.6482249153986546,0.00037091772433628476
44152,-1.893016286292017,-9.33647833431192,2.050477459406349,0.7813682163384803,195.54713443862855,0.7653940118983646,0.00037092029814987166
44153,-2.0342459273450935,-9.541901716039824,2.7618569814903036,1.18218655972387,216.79314432516733,0.07011144184501017,0.00037092633033600935
44154,-5.022502567505451,-5.513227464782467,1.7993122031573403,4.629064150039316,601.3557968271924,0.5916657460591024,0.00037092791418697385
44155,-5.130101655293993,-6.8597364743887645,0.21609468890484448,1.0222924174112729,277.00228227761426,1.5197778284176362,0.0003709598253974645
44156,-5.051480671638362,-5.310564109489833,3.5825202307519732,0.5932899750155852,153.8616129144807,0.4938322311999839,0.00037097345949640406
44157,-2.153188188619554,-8.346596201970677,1.079785269270166,0.8387982444751472,467.0836510520024,0.5480592192071301,0.00037097543530220553
44158,-0.25190024125056354,-10.503026195184155,1.732408650057708,1.2834128260502353,223.33567309090435,0.4291155993124063,0.00037097676837911773
44159,-1.4337334937485462,-9.646836915702398,1.9407275453425759,0.9535079085757996,252.62032886306693,0.44784626817809414,0.0003709997057488763
44160,-0.26220590772689967,-10.84326196678144,2.0878233879215853,1.89398686617925,467.93146855649684,0.6271618325802226,0.00037100599271106644
44161,-3.4055055241425443,-10.746323605285758,4.675160141438069,1.2804654904408388,211.66568915834932,0.48186119866417254,0.0003710277084831727
44162,-1.794873698249841,-11.076472907431274,1.7755597866299448,0.609911102379224,188.9976251164318,0.4841293598184597,0.00037103816372256786
44163,-1.7007662192825723,-10.217786513112664,2.0517143029654314,5.174787700043602,632.1604302987226,0.638320032340066,0.0003710715773632048
44164,-2.911994028755097,-12.272929116463555,4.833746869737127,0.6319358732514262,132.38497234914703,0.2194985861322598,0.0003710745105740256
44165,-0.434546497612633,-10.19552147416805,1.7042130015867174,1.1803891747504553,285.76401768918254,0.3968708471965554,0.0003711076266168479
44166,-1.0608521145488439,-10.383865527817445,1.5343012034395214,2.285752919072284,427.9016822213405,0.9959870469894065,0.0003711406423774716
44167,-1.262640599835887,-10.795359972387288,1.6738093100787108,1.4496853910400909,468.0104297378955,0.4088951487153194,0.0003711749158445152
44168,-1.2652689337327754,-10.095462991100064,1.7025554709218453,1.1742719082331126,467.8115710586673,0.14406725659484554,0.00037117762832767655
44169,-1.2069869145815435,-10.408607049055213,1.9552259150162015,1.155087060256216,236.64966625828797,1.0347206021443194,0.0003711944136587919
44170,-1.7639621052584271,-9.052156982981158,2.2673265985119713,0.886261868468845,469.8641657404283,0.049605353611110736,0.00037123320787566167
44171,-2.0313367253064722,-8.860476019170516,2.512669753228157,0.8764813330904172,468.3774996183345,0.8299625328465341,0.00037123860392483714
44172,-3.9911399948562014,-5.986317018374151,4.145647321190886,0.9277952400724266,238.9653621789401,0.9753043407037074,0.0003712536101877863
44173,-6.485605731915003,-12.306867501165767,4.2998606163698385,1.668781498815847,392.8412259742108,0.22600346550060824,0.00037130287468255566
44174,-3.0641512425991557,-6.20801827673406,2.0049269633142948,2.207101757400431,428.73584805688256,2.1768933794971135,0.00037132564461966536
44175,-5.360120562467761,-5.615689464767407,4.666444995021353,1.0250229673587608,158.3958665697841,0.24195840803868673,0.0003713320816792367
44176,-0.901067380613453,-10.487412595643242,2.4562798388670113,0.5392460261488268,156.96145749396402,1.11920891835873,0.0003713376039489962
44177,-0.6746211489894129,-10.169643404420516,1.7162429972297577,1.6026568895810955,468.00333525036984,0.5799533075720822,0.0003713385025000468
44178,-4.434832631716606,-6.073580250577126,1.4998812955413918,0.8732238563407974,454.39552085002606,0.2112229664430183,0.00037134843907267006
44179,-0.874628937499919,-10.446155042379104,1.5430571309299337,0.8170132399888889,208.81380813133077,0.17236936110321555,0.0003713500743803012
44180,-1.4842086859809314,-10.44176213516165,1.32875932521263,1.0989795359235341,289.19310120840373,1.116611243494206,0.0003713828686203694
44181,-5.244612814568211,-7.0415695082464165,0.02762508080022082,1.3084824336781,321.9478127316701,1.3826413864549556,0.0003713902202349587
44182,-0.9953370083875352,-10.27529997586633,2.6365704299365706,0.989351611087046,272.95258867258434,1.2849911086249959,0.0003714033575968858
44183,-3.029225574611077,-6.243659996322725,1.823539498999561,1.3443053476247506,327.688770811606,1.1888239390608932,0.0003714057460319698
44184,-0.5569126855088147,-10.387639811843247,1.966470792713607,1.4846419286597605,468.05099530733423,0.8972260305064692,0.0003714114547778921
44185,-1.156820534150814,-10.148253042787033,2.0612208898688715,2.08494758213624,408.27133694683187,1.1489531325957776,0.000371429265628168
44186,-2.2408638989376337,-8.670679796950456,2.37081941848419,1.8735014703685302,467.97926133743914,0.358477549465527,0.0003714367105366576
44187,-0.2266372779846897,-10.841452611299154,2.0956438514337603,0.7946664772418396,160.3601106723517,0.44212352521754905,0.000371440942655266
44188,-1.2874772560903693,-10.00158654785746,2.6167387894372585,0.9033230726319355,214.20115591806737,0.545084214134925,0.00037144898716771766
44189,-4.471364107084526,-5.5851000647059,2.8249571481523748,0.8584915591500903,468.5029106284585,0.28937301786680436,0.0003714551539462027
44190,-0.1703580577199233,-9.299825953322241,2.7059742737264365,1.9428960482359745,396.79326823337436,1.6396272869647355,0.00037147523735499337
44191,-1.7867588742465195,-10.29149688724716,1.7271543984027704,1.811753525118148,467.5236301375163,0.12962989921810664,0.00037150744841767455
44192,-0.20118771562928295,-10.346097547258047,1.7546029153520473,1.4113562592142905,303.32288004815257,0.5358786490372154,0.0003715077037700143
44193,-0.5834223131051104,-11.194740996418007,1.6643378723025721,0.8816319868239809,470.27342235611695,0.02744082481440646,0.0003715136019299777
44194,-0.9751889765481572,-10.46303458037325,1.7314877906808566,1.430482154103495,315.3623514833485,0.9563645046939042,0.00037151422120707136
44195,-8.622886846712172,-5.741156090086007,0.27995587882936124,1.439289294284492,468.6428973372735,0.611530671513429,0.00037152214504286004
44196,-1.9285952236101558,-9.991129156455433,1.6172586400977915,1.3667351022587384,313.58842100112906,0.43273733449843643,0.00037159603737423156
44197,-0.05808886133445945,-10.233456636080373,2.4779861217124575,2.2751894775342323,268.7826650749212,0.11129332241648715,0.0003716342526958317
44198,-4.636835177107058,-10.429620852904486,4.848542776054091,1.4579904208733239,326.7207944377539,0.6793871266583844,0.00037164944254206863
44199,-9.390194156456433,-5.685181111656127,4.819834566136762,1.3852233054899898,155.46252683068747,0.28095732974632437,0.0003717057941371531
44200,-1.8951094010393827,-10.767703972609928,2.3437780301836684,1.4132267451716538,333.82066235524115,1.472522802226102,0.0003718133360400325
44201,-0.03205216646888509,-9.294378445898808,2.1224683665335045,0.6811767198235609,137.25146239869937,0.9265986199878595,0.0003718205646269088
44202,-1.7132311661612416,-10.080457869674971,1.3248102578690863,1.0645024351711523,468.27364935775813,0.29170866728663647,0.00037185102431497454
44203,-1.6781982181059547,-10.888339728837103,1.872866240507845,1.122100706577863,292.03802390747603,0.25386668177357663,0.0003718537485091529
44204,-1.4536765361051902,-9.657957271940852,1.9444001214651245,1.1126515809522122,290.65001409419904,1.1334608484344972,0.00037192309850725674
44205,-1.7698279767164067,-8.944403399172828,2.200647519165772,1.3843752293418274,169.97134907582986,0.23739408395029127,0.0003719299144648833
44206,-0.825286612435038,-10.359234551622624,1.8281586701068084,1.1635699933292207,273.45487548608764,0.4296803560289826,0.0003719748932487168
44207,-5.176835541212489,-5.150480989476964,3.492333908100121,1.040043434648581,219.93680077578844,0.40838999058702097,0.0003719759421761819
44208,-1.3501128142680319,-11.045681408638847,2.16999666060398,1.0833146904126059,281.46119236708137,1.5115893715972506,0.00037198701660609785
44209,-5.268098944761533,-5.655558093763297,0.9322466216151214,0.8953256920240518,468.3737864646793,0.8527153433946628,0.000371991868662135
44210,-1.9460051722499578,-9.36038893087856,2.1179952806813622,1.0089844429265356,468.6062084966719,0.011897760507079802,0.0003720127207013588
44211,-9.195955817869764,-8.122261864169126,2.1798965335022644,1.097136870351247,467.2770939447167,0.6439547746916388,0.0003720605634650792
44212,-0.404978839192772,-11.802766800905863,1.3094065958518393,1.745449585096361,469.7001895225586,0.23976203495769077,0.0003720788723424864
44213,-1.9660571733010777,-10.990270498775862,1.6849735571727684,1.2095261241105133,277.04473251711465,0.47463715079163915,0.0003721092811621989
44214,-0.23265914470733762,-9.695255684545685,1.8097040417006325,1.0807483720558777,287.28925622881184,0.6625313624307472,0.00037211656405472353
44215,-0.7361450538720185,-10.63103295170739,1.782788002991816,4.154073212793387,368.56642162962066,0.10607027913727318,0.0003721480605144788
44216,-1.8016150114182583,-10.14678208099138,0.775195328504465,0.9465781686509522,189.40436128111998,1.0245459762026945,0.0003721487894264294
44217,-0.6038204188459169,-10.869962778038918,1.2479119289171174,1.664544451006186,443.572355760515,0.15593987093188666,0.0003721736105805613
44218,-0.6119823643606832,-9.047532023134186,2.561902240383813,1.2186474013344368,258.4171333344554,0.17900632003912254,0.0003721999181215776
44219,-2.0426029885774435,-9.909578462788824,2.594867948470695,1.0601857037949678,467.8737622160303,0.1469542447449399,0.0003722025136947006
44220,-0.37203263259318575,-10.339679200595974,1.8159852163883914,0.8936973146616956,174.7140135699052,0.07272004121251197,0.0003722123471187586
44221,-0.888307709758017,-9.483838055263146,2.7005242992345107,1.192927147943286,303.0932467964094,0.3877454904616604,0.00037221801484871265
44222,-0.06252657193050304,-9.02355668664272,2.5171791528007366,1.3959358668110406,334.97021273650023,1.1094049891460447,0.00037222670891949887
44223,-1.6386937500069791,-10.32341264103121,2.4758531166112205,0.9665778826086129,467.52326821294713,0.19749428181284845,0.0003722447126056521
44224,-5.006152590496591,-6.475867557414205,0.557051770568647,0.9993955767366294,354.74335823695543,0.8068758158735694,0.0003722525829340928
44225,-1.4163697924525778,-9.619044710681159,1.7814258404788341,1.8374689898619858,468.4055502521927,0.5385711186638691,0.00037230297789693837
44226,-2.0374770195765235,-11.16219050013385,1.724620529516117,2.5865810474621824,465.4989659251992,2.166189645820981,0.00037231696329290614
44227,-0.3335844869244049,-10.145114371525386,1.8453042697361355,1.0072153201867278,468.8767022591348,0.5683744499228842,0.00037231900834561025
44228,-1.0143429978775433,-11.721492042902852,1.19470922515834,0.9430922589115078,211.4744284479185,0.38646023596123413,0.0003723204422808631
44229,-2.4963065827160413,-7.296847699560526,1.0331004459401583,1.147514437201429,277.4385437659772,1.0465471726348783,0.0003723398089484926
44230,-1.6564839964895413,-9.763365400439241,1.8274436241413896,1.082333118547229,282.63642462130554,1.5899802747242564,0.00037237425729990287
44231,-1.3480278123310416,-9.53973015974993,2.699691220147247,1.498674708377061,354.739886870478,0.2310307404233587,0.0003724157903245058
44232,-1.6764783180897052,-10.0702284587882,1.3171852151168484,8.083416646887947,743.0894891834492,0.3811219803969621,0.000372452029858021
44233,-3.6214417361726303,-6.4479182302262155,0.9949521276938129,1.6459106734836384,468.0573002797599,0.7066444249112251,0.00037246265777399407
44234,-0.3636676069119016,-10.382991384547749,1.6845610185609525,1.0792464640846056,224.61514248310937,0.42055429665751287,0.00037251388764784156
44235,-1.487495117809699,-10.338986830809198,1.9600971075075095,1.0994756517107402,127.773928790978,0.3249990669834375,0.0003725173578635218
44236,-0.7715641571310137,-12.335224680625727,1.3070959636962933,1.2529113978556916,302.4872201788612,1.3686727301826354,0.0003725315940844384
44237,-2.018165779163694,-9.939076834320126,2.037671725963765,1.7918951241158816,426.8615123165896,0.3177322619039957,0.00037254719383058535
44238,-1.9993647070939922,-12.173737675159275,1.536684800220121,7.683524149539521,729.3290893389294,0.3488765548420938,0.0003725557930105077
44239,-6.989507364592955,-11.277712251309781,4.185506195696905,1.8761224180142422,450.3270962227397,0.6330448183078472,0.00037261444892885064
44240,-7.9195714849438055,-11.385784451754866,2.1648851132998335,1.7979894106954701,469.1723213323306,0.012663458402696115,0.00037264641398560667
44241,-0.34729845229663425,-11.71464792604047,1.1986070554466064,1.8843432707638206,455.33966534416766,0.14539523016413813,0.000372672364582145
44242,-0.13170967620446028,-9.924905895885567,1.841896742667928,1.963869715149061,400.3556871527845,1.8850446727180001,0.0003726728150180139
44243,-1.3844180630055458,-10.27635223530834,1.7800337661717376,1.1233228984117487,225.27078531774305,0.1392342523104242,0.0003726985930069227
44244,-6.403933860500409,-12.806199418377718,4.283159027450506,3.0792528579374903,239.05983869316387,0.29551082334471523,0.0003727162606217329
44245,-3.8481243119861697,-5.795189807405754,3.363845680503483,2.6959350476083186,453.23003019701633,0.4952423291098986,0.00037272554550883273
44246,-0.1867449170414499,-9.968877659355059,2.619545819973176,1.8578189131181313,446.2876155254433,0.24439248061861996,0.0003727412387598251
44247,-1.836240777320583,-10.230936304046692,1.7684796292128415,1.800031460628404,467.74956510559446,0.517123509994752,0.00037278971491228296
44248,-2.332231611271329,-8.098012384290595,2.567087031782294,1.928640429790432,242.18253827982932,0.42364996728251114,0.0003728288681786103
44249,-4.799179036092005,-5.303862474436018,2.7086785295372913,0.8307965459339786,467.86477492783547,0.20049496041020642,0.00037283098579011983
44250,-7.021287022726183,-10.335502807551615,4.5282268351828785,0.5766388712218043,134.46184356116282,0.5419053919310857,0.00037284239689358144
44251,-0.0611083049819392,-10.654665106499536,1.914706522410599,0.7099645574525725,152.7110826206911,0.4452617455619583,0.0003728716870673703
44252,-4.219116697495026,-10.201434707805916,4.9660580420917935,1.0447058402585472,268.5606557476727,1.361342457631702,0.00037287267271404344
44253,-1.6368712426539656,-9.071430471239546,2.6509706884870012,0.5679776106252615,170.7407601600058,0.22717179382762964,0.0003728739492865198
44254,-1.3604712453731391,-11.256827816482438,1.645713362490589,1.3832731695380327,304.6591337138975,0.01253723185639899,0.00037290583047592927
44255,-1.6583222479403652,-10.139482571440505,2.4845825086111906,1.1449429513689697,468.37382792040415,0.5263950809862141,0.0003729386011311855
44256,-1.296796973859081,-10.02330920668554,2.685708759293794,4.29017400987491,563.3597244623048,0.22822263603209159,0.00037294423801228365
44257,-1.8295939544281836,-10.908726092531872,2.2420609931489763,1.8891227576345413,468.56194822304917,0.5722936771372753,0.00037295064368815214
44258,-4.152704188594245,-12.224926309487158,4.352714652454667,4.631952744840316,510.0175465263395,0.08612549235856193,0.0003729558277734554
44259,-9.606569994695654,-6.382241412616134,4.424434853507007,0.80987292162764,196.93223729552835,0.559987195457416,0.0003729590853933862
44260,-0.9735159643337798,-10.920008741542247,2.3199185034530547,1.805495706203466,431.90667284966185,0.8108997307989361,0.00037300355736666433
44261,-1.5235776622788464,-10.12375101990921,1.776399099731884,2.5917772933163357,463.99491112461885,1.5906610912999106,0.00037301927378107484
44262,-4.884930030793765,-10.96246632313684,4.627725231051049,1.844811601900129,442.79688040621755,0.19260731331615588,0.00037307072069347157
44263,-4.098790178462849,-5.844236334891452,3.7208196868771473,1.1524481246852574,300.9986013163859,0.6271688715546686,0.0003730738766853583
44264,-0.5952181310915723,-10.646707665831038,2.359740231969153,1.060992999685177,256.5551288044032,0.1586885410200134,0.00037310766955032715
44265,-4.519373614578477,-5.644170686929605,2.723727101650753,1.8240703906029545,468.34563459563344,0.6235550415577844,0.0003731336577064985
44266,-8.684824985994794,-5.29618955652082,0.2988826390497422,4.623542861486837,602.3810633725408,0.6319402324396295,0.0003731790419453238
44267,-2.281389917308485,-8.0189032912986,0.9210496604108093,1.4179507924070773,323.1837780530963,0.09287694899694543,0.00037324131452687564
44268,-3.2489043187737856,-6.3976382402088845,1.097829298476849,0.7934267770961978,209.9576517404637,1.3782446120793672,0.0003732881958065815
44269,-3.676056701762594,-5.835590478079605,2.175283776303134,0.9929845108572322,213.80986837036983,0.12016409168043918,0.00037329873216176854
44270,-2.9093388679204573,-6.331300889495109,2.9639302879474854,14.682365159711276,738.5308062118371,0.1239255540060702,0.00037330741833226414
44271,-9.78345416828702,-6.948783847027499,3.765024389953728,0.8723981646540766,202.63493766206918,0.9881072801068642,0.00037330848435231605
44272,-0.412667376692351,-10.160267838079735,2.4965709729164463,1.671688634301462,388.6986947652471,0.1904912944128334,0.0003733323865521687
44273,-4.926988024386693,-5.648398358015846,1.8099863809631498,1.619534767338836,467.81240757287986,0.9274318505902626,0.0003733466923808514
44274,-0.2085792682722225,-10.37497884050935,1.8434005739127945,0.838519915956514,203.9767202776259,1.042892195111735,0.00037341278176602203
44275,-1.4292540173396322,-10.297731825461485,1.9037194672297668,0.7377325843718785,170.76297254221055,0.40958210353216273,0.0003734130889611426
44276,-1.2177483809566763,-10.353888474529796,2.516197736231309,1.5138885784391276,468.1998965479478,0.30611373199175684,0.00037345400602521993
44277,-0.42784494673884943,-9.847355608704694,1.822392210408356,1.0740601303014765,274.245857588465,1.7244200784437984,0.00037346109250883957
44278,-1.2637410037855137,-11.220064632077865,1.7612216661125468,1.2109643529061782,306.679319690305,0.4260462137194816,0.00037348284472575794
44279,-0.12426755765326902,-9.846494641042469,2.062046135025759,1.8576967823882196,378.4582003538114,0.7702508674375448,0.0003735485065255453
44280,-1.4865747719128848,-10.586417702949726,1.6290732145240612,1.077122794992008,225.27438779859023,0.028650534853013276,0.0003735705694861827
44281,-2.1059523040371086,-9.452613670855573,2.111186042340702,1.1994624682217918,303.40484595475175,0.40448797300862793,0.0003735835068645753
44282,-1.6976977840484295,-10.587479886550414,1.7916508773436675,1.1321110703863269,153.40079970896528,0.19071413931732195,0.0003735904700890777
44283,-1.2211411627321809,-10.386442644751256,1.2010442566668567,0.6304939566668322,139.95510103552002,0.49959327666749864,0.0003735969849927798
44284,-0.336632386014319,-8.960607372767441,2.3976438435143885,1.8745267995950632,389.04591358777947,1.6132665584571244,0.00037362466144705346
44285,-0.005458725273033593,-9.06221676894506,2.380193195848741,0.7318127286748666,163.26470891494765,0.2550776730937905,0.00037362772682380136
44286,-4.9345846154232635,-5.242111709694195,2.336718335601922,1.4227128853928568,330.9767179483807,1.6188798913497768,0.0003736311071455284
44287,-2.051640417905868,-8.582543852731305,1.0352732298766527,2.3547650616261766,432.0621875096764,0.8508007825802268,0.0003736664745654618
44288,-0.44346832981140594,-10.801444443350046,2.3411733759152344,1.6543281425457668,389.11389360623116,0.46864148741877276,0.00037367894677316075
44289,-4.1324784392034655,-5.6795370940049175,2.8680878226899966,1.49153273482026,226.2127038864258,0.4211850215082835,0.0003736841574849033
44290,-1.3869866729441718,-10.807524236952652,1.8729062642683436,1.1599046492668321,393.2575845154762,0.41989244796771796,0.00037368621459811204
44291,-7.41736109442004,-10.112514226375804,0.18695540277992223,0.9163563108396517,467.63444306556227,0.6010521548865153,0.00037368727423318227
44292,-2.7424222641197717,-6.981913806121944,4.088332245832876,0.9057535928477206,469.0040969326693,0.3920495029786828,0.00037369268152888103
44293,-1.6758072195685898,-10.304586438714253,1.7697981192823096,1.5289864293502422,362.6571774059218,0.5806375395106702,0.00037372712908784
44294,-1.6393142649101797,-12.70944538136558,1.0696474493761023,0.6834327940362988,205.8735405174332,0.9036348411982296,0.0003737415114319198
44295,-2.5020470684485403,-8.149882426326892,4.308958540552327,1.4521168091267715,467.9658316084237,0.230669033344733,0.0003737417907330927
44296,-0.49248613830212307,-9.760310906209023,2.747676296720684,3.6035717909565053,543.8207417532665,1.2112110427327485,0.00037376767089021583
44297,-0.1625888005934275,-10.581718680367691,1.7945093846901503,1.3408774978207076,185.3201612486443,0.34066992438310084,0.0003737730131817343
44298,-7.873621077625801,-12.484399964089867,0.6524358907313373,1.0680547474649342,278.39883796217566,1.385243461921445,0.00037377747734182703
44299,-5.005364682902923,-5.9195083047825845,1.032872197457185,1.8050551695022656,467.8492055949191,0.3115725573380823,0.0003737866307700216
44300,-9.049767933585358,-8.323484662503844,1.884181057078372,1.0002987865952322,200.83528302065235,0.9940830391574682,0.00037378856941682663
44301,-4.55020163889297,-12.464960784232114,4.333710697180545,0.5513657384162982,152.07063263297368,0.6152161608358968,0.00037380555537201384
44302,-4.00626043700134,-6.108096365989363,1.594544399048006,15.416291398387125,693.1265329866392,0.07285482458150216,0.00037382775759192916
44303,-1.352676050849258,-10.580590008798136,1.7949369422526396,0.6808931355122027,204.20807163721634,1.2389539280686632,0.0003738318387417926
44304,-1.3709285900927188,-10.647565452170404,2.3569253332708184,1.7495592384835648,413.785250795405,0.3689870946200422,0.0003738357085835339
44305,-0.6458482162169723,-10.901712661573082,1.9067749887090877,1.617530871568843,381.1336622723153,0.5922548905476974,0.00037385385972529405
44306,-1.708591530916305,-10.777577466990321,1.30758590674203,1.1049673373038036,468.0440641306373,0.8450814319919795,0.0003738918422652299
44307,-2.169925327434397,-8.778048867378882,1.707772036099729,1.089990434744406,224.98796579718072,0.9166717326452822,0.0003739045288494085
44308,-5.083098175646837,-5.103165259186993,2.7460625831594627,1.676897059643899,470.1390751938017,0.1588365501645228,0.0003739414605922247
44309,-1.194207459562012,-10.182302876829683,1.81954042433365,1.6930583205109415,398.1648963706173,0.05458398457952551,0.00037395897510244413
44310,-1.3363967359641435,-11.277324033786378,1.196782225787097,1.0684109515648632,283.750304268548,0.6807932846018687,0.00037398142570341724
44311,-1.7713843490247054,-10.868417454890235,1.9761487692445963,1.9388957859803284,389.5054535132381,0.6425160658087101,0.000374042779935342
44312,-1.2966931981442968,-9.876615276696793,1.83111760905654,1.181762085268484,267.25467603087867,0.7088778140535892,0.0003740721706297041
44313,-1.465355670325673,-10.087544831825635,1.9412609728498882,1.6360138157541644,360.949877186701,1.941974689520701,0.000374094089430858
44314,-1.8087655181445843,-9.525907163571901,2.0677135387538375,1.7102951618834592,372.4565982293609,0.7719425621221241,0.0003740999583313074
44315,-0.44683261423138987,-9.278856767022788,2.6173998996056818,0.8701550531640455,467.7067416829143,0.7967544518606946,0.00037410855433578393
44316,-0.2046237228276251,-10.571612698614405,2.107159087552736,0.7095095883164247,158.64214911968315,0.018638674666204835,0.00037411945489449806
44317,-1.6600550107588,-10.445281096934975,1.6779545789213013,1.0452074646223353,467.58799109693047,0.8851656414884879,0.0003741431984295695
44318,-5.617403215100024,-5.000695640299453,0.7440080621585975,0.8678270798127183,233.25444415242507,1.375278820014402,0.00037418178638390994
44319,-0.6272485186515606,-10.869512018001911,2.1670853739481073,2.3574629217718845,444.36972952033534,2.483545044064358,0.00037420610627302806
44320,-4.840612738291011,-5.974631192700304,1.1127815942582067,0.8201426180171981,183.71679554488733,0.43153256864197775,0.00037427010865560096
44321,-0.6144190670963248,-10.271199773887291,1.306171721180748,0.9821205163826076,156.08017772263034,0.19676134897064035,0.00037427245583200255
44322,-1.6683562364557964,-10.25453783587463,1.8950703720341981,1.4404922719047462,319.7121882376658,0.8337797451246418,0.0003742783726937795
44323,-0.945233473773083,-10.468614772680155,1.6910426894674546,18.997922123761807,455.36115448778537,0.25727098924216474,0.00037429648027305823
44324,-1.5199128908180892,-11.297568908178103,2.1845082066983355,1.1896200771943422,302.54890526572143,0.38428172617004996,0.00037431394923520604
44325,-0.4188313419264702,-10.565936845303263,2.106335256538034,2.7229540244807455,441.22786040390844,0.2386444995074779,0.00037432894757419944
44326,-0.6358057904003882,-9.576931121106737,2.7538436888872173,1.1458342710034017,294.64086466054397,0.9383039950570629,0.00037433393919014945
44327,-0.4269245145424865,-10.785597544849054,2.211421256743532,0.8532203408445992,185.22207269080178,0.1934766082718058,0.00037435711179154756
44328,-1.2252445528985643,-9.659236345919176,1.7979578845084765,0.8914069915824681,227.8508260183726,0.7042527968184409,0.00037436609900880945
44329,-2.002437825067095,-10.603512110940159,1.6624669419270641,2.6013301494196175,466.4163030334015,1.99155786002291,0.0003743853168092878
44330,-4.861331505412176,-5.560312357341681,1.9450918750279087,0.7002224376929483,153.53552702882556,0.15503758933407763,0.0003744142472434922
44331,-1.7487236483918807,-9.337753813047414,2.608596560104037,3.086790331729738,370.89866098968423,0.012333974839865647,0.0003744201315560038
44332,-1.4991780758013853,-10.529246714056498,1.685580462511622,1.8706572097095346,467.70473090565685,0.2505293241620272,0.000374426649809658
44333,-1.3004107420560533,-10.324511745203107,2.519259966752391,1.412586517116713,468.3618545197933,0.10621382265821833,0.00037444159668108674
44334,-1.1677139630638962,-10.629571111318509,2.3345160013554724,0.8651988511101162,195.95943536472691,0.17217073454263065,0.00037445685302974076
44335,-2.434346167352511,-10.712840182041184,0.18916337127263355,1.8909283429513024,468.0541916403538,0.3538721994985421,0.0003744641085467609
44336,-2.6456659999925316,-6.925439811696247,2.1894327725720095,1.1273573886588157,128.3658994037529,0.34823483741288896,0.00037448233801341303
44337,-1.6264830221686903,-10.518250071101377,1.5522603452315822,0.7369136155416421,150.19551356893953,0.08056968488946481,0.0003744858248207366
44338,-6.13116107854896,-11.285689399173735,4.536725131009161,1.2924697046832594,313.3913286423256,1.0737074153983501,0.0003744861619315806
44339,-0.7049093755613782,-9.639193036280272,1.6549454317555448,1.1228339985435634,293.8431740480842,1.2612484447945347,0.0003744945886681102
44340,-1.8560671078338924,-10.270836983138967,2.6206501155663187,1.1223398502894208,467.57643608536165,0.5641886789865875,0.0003745520679235161
44341,-3.974417099021653,-6.257422076229883,1.2980351643568173,0.49774991370688587,131.34186653881406,0.610197539826502,0.0003745951336263083
44342,-5.129320917280174,-5.909461973219758,4.8371131602228905,1.2191488940557285,261.86981156451475,0.4372253433818818,0.00037464419522172603
44343,-4.922977223981965,-5.817301260701623,1.5050035289070254,3.407133347272912,519.0918501872635,0.5796771944621275,0.00037465385024320984
44344,-1.5538211927060388,-10.143715301560988,2.6583539584324543,2.101579036789262,416.20647914632593,1.9641626152255514,0.0003746567293785748
44345,-7.8412432359508255,-8.976374251990407,4.649458897149428,0.6945079440429464,468.14295578337476,0.4763525142353906,0.0003746735203826562
44346,-1.3696823030865435,-9.94590609420898,1.8290530527572677,1.1496007280989755,253.5501797836142,0.06707848407867978,0.0003746966235857706
44347,-0.3082046251359234,-10.411278567320679,2.368584143691427,1.6546763122134387,468.13842659904606,0.20213842002390425,0.00037475202951236267
44348,-0.523495629319271,-9.410853624747478,1.908755538825917,1.4465929448278627,467.946343318985,0.29503805397126026,0.0003747582008247413
44349,-8.837499779711171,-7.509331898727495,4.928470062374041,1.080438902883577,281.11876786495037,1.7918564170281401,0.0003747689975359134
44350,-3.166998291372705,-5.914055760956636,2.1874077896641606,1.189830427871908,262.5172787769002,0.3111534383074641,0.0003747740334740119
44351,-3.7214830026336854,-6.058138304517878,1.7901240682091983,1.6188018988836663,350.96873528772375,0.9419307703257589,0.0003747772022367562
44352,-0.12770504180299191,-10.294325232407797,1.6396953620514458,1.5897034061145021,350.85318307769865,1.1607695026624212,0.0003747874543466469
44353,-2.889651277043815,-11.031589225738205,5.156757303204504,1.133605582335518,228.59543691412196,0.7810902145763565,0.00037481119751088873
44354,-1.3037481595673803,-10.503270519025218,2.131915354519994,3.533876001156474,539.5829429265387,1.3372544269265836,0.00037483161549806837
44355,-5.658885032669266,-10.570469593713472,4.806576166392049,1.9102049387842586,394.816585040165,2.020680814143053,0.00037483368103857935
44356,-0.2269670105211592,-9.626371352368121,2.0659598224454556,0.8762257970376893,456.1206218502371,0.2105926111843326,0.0003748397521304934
44357,-0.8272230104733485,-9.711157190855301,2.748106447455395,0.6324148232804635,173.35331165309648,0.6119608566583832,0.00037484924413368204
44358,-0.09559788307096007,-10.522218767012008,2.1210834701777572,1.1495492419636404,260.15040852690436,0.4425896083448322,0.0003748660447750724
44359,-2.911326031048879,-7.0226195455181,0.5464632769674286,2.327780375143402,440.5347831607843,2.0608712877306656,0.0003748682564700341
44360,-1.3082412595360804,-9.716781953652065,1.9756095101715465,1.7573089556889703,375.58982230985316,1.62153419275994,0.00037489235829090957
44361,-9.533190510179931,-6.225949780967492,4.569112100950859,1.8410973942909385,439.26640395475613,0.5347047530411215,0.0003749030751036647
44362,-0.0008055387310115236,-9.562184894435092,1.924402117013573,1.1294613052473341,469.69292069302054,0.0036448631024432743,0.00037490411008034167
44363,-6.012165452463227,-5.163571242443032,0.12974511790678903,1.8580964385188998,457.28961022627084,0.5765364817074774,0.00037493158737664565
44364,-1.2257796983483953,-10.552336911995354,1.8547972130303276,0.9301431243129116,248.79395093292112,0.30253375084050216,0.0003749525749502578
44365,-0.7690618244629679,-10.496479001036052,1.5644411347841207,1.389791527835569,334.179638940866,0.3147574640537423,0.000374953957481385
44366,-1.632564381685679,-9.077197220640363,2.546272079203162,0.6011599334775034,168.80761866045927,0.6074553895138797,0.00037496030442207026
44367,-0.966074338772243,-9.725114979662234,1.9719375853704177,0.9409457481800596,186.31890456542357,0.0036673436798624337,0.00037498435731732766
44368,-0.10422758474729754,-10.615977635028067,2.358204203177691,3.6426458304348603,535.3244767100033,0.5363350109588128,0.0003749969051072218
44369,-2.0734979836790837,-10.412069004824914,2.083505883083637,0.8315656955094709,224.82222562557203,0.9789010393992594,0.00037499960384010497
44370,-2.029181350720034,-9.38514508879326,2.691320349871649,1.4027664865789815,283.2120579048769,0.11883126081145523,0.0003750204373736934
44371,-1.5469489997864212,-10.285434069651735,1.837441813777197,1.0650131967457104,468.3513217795382,0.15278404010867952,0.0003750304742940728
44372,-2.8501052241228813,-6.516007351129047,1.0508288138603863,1.4064936723686912,321.7407884643636,0.27501435106376615,0.0003750620487595679
44373,-8.363372499133764,-8.299251895201875,4.642557325887554,2.7815421156592737,464.17214200914725,0.4909213554895393,0.00037506409003191474
44374,-0.5170605717438352,-9.938445700065138,1.695671782921149,4.049648243768279,344.1505001996901,0.12437697481961418,0.0003750713033519153
44375,-0.9609887185886397,-11.007682049740279,1.7791631629137385,0.9329033996336645,466.7063598939776,0.16401768291043428,0.0003751104638084156
44376,-1.5051002252743277,-9.24252549690266,2.386410565717072,0.7150634382098,133.1597271189306,0.285829241905466,0.0003751162286231758
44377,-2.034721310679358,-9.086325225666336,2.4242918124494954,1.1617867408694456,466.20191670536826,0.1628227474643822,0.0003751815277002652
44378,-0.8792369666502147,-10.172744918717463,1.8409957666701793,2.5117402516904597,223.59085816962673,0.21846831938987865,0.0003752384723356936
44379,-7.681717772555713,-11.839748190588363,2.994255612732119,1.254108182976397,304.8350697466507,0.4029609529146434,0.0003752415412890421
44380,-1.6105200712173833,-11.348628806337,1.2820020164054704,10.680516424318371,514.0352337806964,0.1084127018935872,0.0003752443214381802
44381,-1.0672812874260433,-10.58204068598663,2.0581546236233415,0.9608453210148048,188.3738800166328,0.8334255613093804,0.0003752703235525014
44382,-2.168416982784935,-8.84293494416195,2.4954258523454813,1.5312263066328726,351.9649310025158,0.21232252925854045,0.0003752873640683401
44383,-1.6153813742119123,-12.352909525041776,1.0578527206465813,0.8756930692631247,469.10758302346136,0.16687814517745903,0.00037529589468383005
44384,-3.4768442842656366,-5.896233601581623,3.512851775409234,2.1503062868477327,401.19635892252666,0.5208927645502817,0.00037531471302436554
44385,-0.9515814851763427,-10.505989797421737,2.121733235790213,1.2941255739292532,313.1726991778861,1.193716026990968,0.00037531525674626393
44386,-5.087545205866514,-5.000011952234702,2.300411879915153,1.8630893739727208,224.4930210823021,0.14293634668756372,0.0003753164629285211
44387,-3.9443010007247654,-11.57625190885886,4.440675234286009,1.6652883324163053,468.8706535055735,0.8681084141419664,0.00037532585462881626
44388,-3.99377973735022,-5.726148169665511,2.5316713715681263,2.2384410659515246,430.9630314706096,1.961867839376123,0.0003753355873511247
44389,-0.21011363858148435,-9.499199476258063,2.0635696968537705,0.8316092576524576,468.0583431817594,0.49738371029255557,0.00037534939607970265
44390,-0.709463558112251,-10.031245857421652,2.5729441784364746,0.8376674483759875,179.70545720615056,0.1560491862580884,0.00037543884506065667
44391,-1.064157782716375,-9.889486043384968,2.045944682851275,1.5848133104445399,367.405190013563,0.5144201173487906,0.0003754530276568509
44392,-0.045495964210886086,-9.925331492571374,2.0214668836542415,0.87408821919004,180.86460574380885,0.27056936841382484,0.0003754585488403607
44393,-0.9664081458127516,-9.839842348569338,2.052503305288545,1.9040748247751986,461.2869054757792,0.39674632003096555,0.00037547225127331895
44394,-1.0161267619188727,-9.834191929816527,2.0479271962712797,0.8916256267404361,221.85308351978,0.6379128169072983,0.0003754786822980681
44395,-5.213272102667779,-6.690370657941373,0.3171128618695562,8.87188989780961,618.3534171330379,0.05863541328399524,0.00037548399876850054
44396,-1.6354739405454044,-12.685390053620184,0.8938553831008083,0.5825724074725859,132.4910709706788,0.14152704989145004,0.0003755123865639492
44397,-5.675389935254173,-5.825742378402835,0.34443297019011015,0.7695138863127714,219.09373810853546,1.067272247119801,0.00037554045017535766
44398,-1.289510653654034,-10.109177920058515,1.8417164240725266,1.8987200754065268,466.9517202799564,0.31626641786799414,0.00037555477534072094
44399,-2.4477429584359385,-9.234885905086086,4.796148384623728,1.130956711985745,193.14480589573654,0.14277931875040029,0.0003755609641107613
44400,-2.3332874382477033,-10.992763144597786,0.30788498647615115,0.9517018375232258,245.27073204598324,1.0854070948521803,0.00037556274790093283
44401,-1.6433553335086906,-9.738157574270312,1.6417261863469372,1.250599843257579,263.39341798380434,0.20191402768721733,0.0003755784340844962
44402,-5.03079222446923,-12.326169154530055,4.364142235778619,1.18560500794829,294.5435242720317,0.6057752770290259,0.00037558110162622517
44403,-9.560781641964292,-7.629181373119057,2.41783229829713,0.7413370112907023,467.64841171491264,0.34503387623827475,0.00037563640884418463
44404,-0.2846238036374409,-10.609670628122007,1.306444638022299,1.6892185516849847,165.87239468518783,0.2885949580073852,0.0003756449945207166
44405,-7.1211975392412175,-11.364950395787762,4.036149619929925,1.0406744617763426,468.4926723224682,0.5604589507497648,0.00037565918386972156
44406,-0.5218819604954987,-9.684006899779932,1.6431922623681663,3.5789013518839377,390.22757539544915,0.028843063309210493,0.0003756669720232307
44407,-0.4226288421597779,-10.389752074037853,2.101317172116369,1.6546246767245805,386.6860194625848,0.9363891117071628,0.00037571760638161665
44408,-1.7988404413073216,-10.273356345622584,2.4631332770557663,1.0319059076827402,156.42119128348037,0.23311765176637866,0.000375810811868727
44409,-1.3750194331535877,-10.12572848130786,1.9511526087333613,1.5920761238452938,348.2595586314761,0.3765424381618283,0.0003758113525981884
44410,-0.4844490057095179,-10.545571131691823,2.00486436452278,0.9580766479681141,468.2976344909064,0.6725132959489928,0.00037583972437601186
44411,-1.7823758978331146,-9.787232106668437,1.8945424295652498,1.1475541196946757,189.82287266390298,0.02279203302102495,0.0003758738876822887
44412,-1.6106067900341188,-10.261181260076949,1.5658465276643414,0.972648226521522,470.262626703239,0.0288944548158776,0.0003758763873535996
44413,-2.0656877385979797,-9.441818927570136,2.090397993454382,1.8327662044639839,468.2758099645,0.3022604167018299,0.00037587929249686253
44414,-1.8923036279602883,-10.084597202560337,1.7928298308931445,1.8206614699803572,469.67855561720364,0.1354199708350894,0.00037588917804850294
44415,-3.834785180534138,-5.893516777897927,3.622108919228806,16.671330370102787,555.387735315874,0.08152187156437218,0.0003759165257061979
44416,-0.19179967128443742,-10.167076105180403,1.9397168348029616,1.1386219311657022,291.8838827712266,1.41488262268724,0.0003759369988833835
44417,-1.7836512756498646,-10.377743418583348,1.6820145904243506,2.1934941095536833,394.18464773073214,0.3671434075298299,0.0003759649222593731
44418,-7.391601295308945,-9.912756297384256,0.16088251248331692,0.8062883365430236,172.33015965537416,0.1258906081355864,0.0003759694545366521
44419,-2.693562070543935,-7.1173406835580595,0.549158400981955,0.6454143656066212,186.41693228070062,0.5628001896964339,0.00037599548275757996
44420,-1.0751145169374219,-10.593054652840037,2.3576649946158703,0.9341170517789688,468.2139230134824,0.8227753257439181,0.00037599974931308057
44421,-1.8770163182462714,-9.762804139097945,1.782016457367959,0.9254951530525787,185.0044949446879,0.43915721439901034,0.00037599979985572784
44422,-0.4726674022091242,-10.818365014564252,1.783099155319569,2.727406734589119,268.38173098632745,0.4772075260386144,0.00037600202142114644
44423,-1.6309279342003045,-8.996923132219813,2.4301849547400356,1.2922221556885067,273.83059749222986,0.50940381398767,0.0003760445744317203
44424,-2.125211269746373,-9.153808164171744,2.2488189810719774,1.5195733007584773,349.582854581789,0.30273098401049037,0.00037606229840213984
44425,-0.8579974500476002,-9.365538285963144,2.601090601143259,1.8982086985542093,462.9069056129457,0.2390754500221659,0.00037611991768928324
44426,-1.7397609973630708,-9.076356736435152,2.3604615952037995,0.9579556546575769,467.15679492474374,0.6092291710807585,0.00037615063188410294
44427,-2.130580568802748,-9.106400272478982,2.1488701978299,0.9729281502989151,202.4073137694737,0.2238427510147103,0.0003761938546140363
44428,-1.6622082767292579,-10.803455416861574,1.6664046808637014,0.9005408705994219,468.01088988021166,0.23759507034644756,0.00037621234648752683
44429,-1.740813051472303,-9.37068706949789,2.1140169684035,1.0521788458946824,213.0200284198754,0.01875903589460659,0.0003762248007271655
44430,-0.9407000696528716,-10.178533782149339,1.6954231435181397,3.366089223642938,344.2299904042244,0.08897267319140045,0.00037623042046680294
44431,-1.8517262116906448,-8.989840367723092,2.5318018304324945,0.935446552988231,253.63401677355108,1.5098325648134558,0.0003762379599946694
44432,-1.4545332519527925,-9.828417890638836,1.9645328861985312,1.1938479433948737,184.5973329745387,0.10186055439562214,0.00037630847070461136
44433,-2.1535170263366377,-10.341766744026394,0.4748121636068297,1.0814897216475263,468.089857201816,0.8716546160388221,0.0003763222171134604
44434,-0.07986721574286904,-10.074478089593445,1.6809540798793543,0.9721403786051965,467.39977691707577,0.43721782999750136,0.000376326030927441
44435,-2.165952785379055,-10.541841387082787,2.4755167658020523,2.635496294860993,466.75795089313044,1.3734121875437504,0.00037632636239450884
44436,-3.1588963898539166,-5.976495706465766,3.2553266807978107,2.9368845428907027,491.98925693188534,1.166413257145642,0.00037635509235786906
44437,-0.7691979429499369,-11.141674541880192,1.3030935923785374,1.8543909628245119,467.8906554385529,0.4603078397891105,0.00037637722693779343
44438,-0.5959984034944643,-9.374214818623889,2.117021422229513,1.1134646068391574,222.50853190266162,0.6701885766071323,0.0003764108738695761
44439,-0.9731638525949968,-10.250050734945575,1.682449216369952,0.8370990233036448,241.34557701516474,1.3058166377545417,0.0003764126805822355
44440,-2.6841606873483626,-6.84143978643493,2.05529527766011,1.3055706285792186,268.0624677427769,0.07470987458880973,0.0003764354965167017
44441,-0.10286779737892005,-10.68881925450503,1.8576425887323262,1.1671825680432446,467.21362187158115,0.4463898818617995,0.0003764368460218291
44442,-1.959535350740321,-9.344037333541703,2.7471912362281983,1.022569576909155,220.58809465009628,0.14443822045994725,0.00037643850722369354
44443,-1.3787011154974156,-10.181069453837514,1.690987546657075,1.1132915839676156,467.1176237162723,0.7854692804672956,0.00037651061860754343
44444,-1.8324924189741392,-10.662913422076205,1.7323479490316616,1.711311935565731,469.1034357917887,0.5982039159428734,0.0003765275851899222
44445,-1.1679074869896873,-9.935423900439183,2.5790013880272284,0.9596220780585868,263.1441355368248,1.4097962770232453,0.00037653656191441654
44446,-2.007120029833077,-9.409006231328942,2.0899491950465303,1.2806539893783513,317.3498914409321,0.4415043842556319,0.0003765396287189738
44447,-2.430791222162055,-9.81818719245651,4.89375059123247,0.8763814671053927,467.61716299173116,0.7861617923948758,0.00037657125563944833
44448,-3.66003569443469,-5.812059698702618,2.5411502383901228,2.4307836079444756,450.03848709240566,1.9546989907263255,0.00037657446387451493
44449,-0.22077026493873397,-9.154588370642678,2.672390051378207,1.4218544872210626,324.01558900059473,0.7716866657303587,0.00037657553365744064
44450,-0.2449865783397911,-10.485782927388183,1.6352740213923183,1.1497910517386318,296.4467015949927,0.8749759208230321,0.00037657695017963804
44451,-0.8776020056677485,-10.101141537295534,1.8343889100314716,1.077585696144361,468.13831465992405,0.31062759387535355,0.000376578438288148
44452,-0.6522660249674548,-10.056791755815441,1.8870303916862674,2.246633317779833,419.06077772821845,0.2558562433618379,0.0003765884714599745
44453,-0.7187153681765075,-10.415570693076404,1.9223941152142763,1.3936364096224885,344.18569043461935,0.2476426849148865,0.0003765984947545356
44454,-1.7037219493866669,-11.398079018928858,1.1962638111601878,1.041491751446265,467.25984833799345,0.7859349086191392,0.00037660364031447656
44455,-1.2538711071920812,-10.044302881939,1.8798335362022711,0.8438457697151993,208.13548491518816,0.8708947289148918,0.0003766059602980888
44456,-2.3911421619197926,-8.193884942743889,3.2908843088776596,0.47415664779039723,125.84246756692949,0.755747095634347,0.0003766882752410664
44457,-0.8808842804375949,-10.630433105856548,1.5493659600027812,1.0751371981785915,467.80390867857085,0.24537115057402215,0.0003767173975566527
44458,-0.7103778726455481,-9.104465478794408,2.5498107330192097,1.8796998337185071,467.4375013139559,0.03273059253789956,0.00037671840286590124
44459,-1.4458510149055392,-10.010100509702955,1.8347401544943072,1.1345203257844114,186.11116771951427,0.15104268799717424,0.0003767478500849332
44460,-0.9388648227236409,-9.874295735380926,1.8904991530545185,1.7021409372578717,468.5154387484064,0.26544100867241394,0.00037678673866779094
44461,-6.436679395619228,-12.756984691471372,4.273273226683911,1.001417933248606,469.75233468291333,0.0461514901533695,0.0003768229974053977
44462,-1.524711290704854,-9.545659622632817,1.8682836549967634,1.0458333485352633,282.9109980057907,1.5457571015863873,0.0003768914565540671
44463,-0.01747979011961931,-10.633034277613628,1.8618265268391692,1.5714846647211758,355.8575485236279,0.8185421666519144,0.00037689713315254195
44464,-6.04236837093891,-12.700178152744567,4.341028896748811,2.599426742700829,465.6084835896077,1.8251896616543366,0.00037695967860463766
44465,-1.5744543979815369,-10.214906969949398,1.6365072698589755,4.009405989071666,559.341141820863,0.4605913676543931,0.00037696509660614436
44466,-2.9706876366019372,-6.21258599407278,2.597206039931492,1.4125895895393874,321.5771148979341,0.7669491204596488,0.00037704737589724794
44467,-1.2414038507900322,-9.800454777178295,1.8018480751503332,0.9988403016641203,212.77488416130603,0.11591825903615405,0.0003770483049849452
44468,-0.13786551832339988,-10.52982429818951,2.3796442739261856,1.8851319628579148,390.25889133105795,1.5905572054355241,0.0003770678605341316
44469,-0.6357095688957042,-10.57135255954886,2.076189541409011,1.7665851201991243,417.63209617836736,0.03576322240880092,0.000377076086807017
44470,-0.48086281405959674,-10.31079855419922,2.453914868173554,1.2246402269535661,470.3419692378986,0.057374195628919544,0.0003770941624429442
44471,-1.6112122931358694,-10.048639074728944,1.9392105044061636,1.738170846379516,468.4893698462988,0.6110503689047535,0.00037711572193268504
44472,-3.8168052283091445,-5.8329985739032235,3.4394490474862187,1.4476422897978245,320.53942158835224,0.15078714541409166,0.0003771214481475488
44473,-1.6694699861847013,-9.102234715511345,2.2084620720978334,0.7282988248052825,132.99707222695238,0.2835674524472047,0.0003771371772990998
44474,-2.699650200239496,-7.381940418427059,0.3979997007040552,1.0071232870048252,468.5879787739358,0.6503255440266749,0.00037714407636628146
44475,-1.7515838309988059,-9.135765713144895,2.6523554371652267,2.322514307846407,436.5811862052196,1.340621317781177,0.0003771591501116362
44476,-0.8081397053879531,-10.806978945255157,2.295086760278165,1.8947733910545836,468.76380024352005,0.6447970796917053,0.00037717463254228133
44477,-0.21111208720959063,-10.560489232366479,1.7402968664300276,0.9525786485983263,468.1338305885767,0.886197096449096,0.0003772223957720582
44478,-9.6223458115497,-7.518317437957524,2.33748256126297,1.1065212305597878,255.38924492232795,0.6255033660290907,0.00037725907073553523
44479,-4.744601709487385,-5.406235951760246,2.344120184872579,1.614527283111457,351.49654627180905,1.1450233475794107,0.00037726214652394213
44480,-4.407741652288388,-6.336621852868185,1.044702746991679,1.1176695233543614,223.86545218609598,0.8687411790845223,0.00037731837018552164
44481,-0.055107798966751886,-10.748201446545435,2.2377268250465443,0.8975597043177441,230.29147773963894,0.8402098332108308,0.00037733466437426974
44482,-1.146186308265376,-9.392860864218857,2.1043655609690215,1.1480906737163774,235.04535839025138,0.24745629307928052,0.0003773752101280987
44483,-4.095725803949561,-5.919796355208831,2.0658835170259846,1.0951216036673497,265.4815153779387,1.6407085221797848,0.0003773828915210281
44484,-0.4536441011481145,-10.982249555394086,1.654769020535927,1.0267971634632922,274.71479779564345,1.225324578984071,0.0003773997930632086
44485,-0.08424038419360969,-10.976340221756946,1.3019238387259096,0.9667657012333432,269.6387721446087,1.0732224747054602,0.00037740905916627484
44486,-5.891460553638908,-5.207579573229449,0.29847803931649547,1.0589864897148376,275.7269592609155,1.5403167350933273,0.00037741770613657197
44487,-9.018416398303783,-8.368825462490907,1.8258843269074259,0.7621114092149232,221.61493964154482,1.4224193644809757,0.00037745841516790874
44488,-3.9813905283171955,-10.863968766667263,4.634259329462695,0.9964127742119299,265.77917211930867,1.1403777879020325,0.0003775194789522526
44489,-1.6625909560324317,-10.764327316486945,2.1691468252385655,0.8608315928357154,468.00776469178635,0.3716054974750085,0.0003775401917609653
44490,-5.805372915360408,-12.577529628381356,4.358086557258182,0.6649241800075385,135.4190297634674,0.1917528181725725,0.00037757127679973585
44491,-3.5954718170110835,-6.433683955808329,1.0417230013246297,0.8852662581464882,247.97260692658358,0.43189205017720855,0.00037758643822156674
44492,-2.4675887977313256,-8.23777215277744,4.061820759403242,0.919704414404763,179.82585841943134,0.3042730921942649,0.00037759071632532265
44493,-1.5877765243887225,-10.212592528533166,2.5354203154845605,1.860176911976359,467.6306150567435,0.29968389471490564,0.00037759537967592155
44494,-0.28116049899779405,-10.952863605376544,1.3028026402947024,0.6404644877881946,151.76037006965322,0.702008437539722,0.0003776148457855955
44495,-0.7944588704213817,-10.558638146638028,2.083064966908966,0.9970636047182113,436.34629019837126,0.2932988331329369,0.0003776652608489581
44496,-1.5236031491666289,-9.613079900603106,1.783404045758988,0.6863749251863884,178.60435851758862,0.302937815493042,0.0003776688446729123
44497,-0.6088374366023661,-10.693170246790766,2.2123460421329155,1.6425884296519544,468.8710348516641,0.9177585286594949,0.0003776912069575107
44498,-1.8033034883226584,-10.98482126992057,2.295574488703515,1.9682109115697504,394.4928383024068,0.9406720378677829,0.00037769729632580886
44499,-0.30285093539793984,-10.977959092171911,1.7719948097196099,2.7462333885706762,477.73951808812615,1.4858247579328543,0.0003777010569744825
44500,-1.084944307188879,-10.544634218713146,2.0792466759503276,0.8550854292198306,227.83997929036258,0.9702531486213779,0.0003777041954379925
44501,-4.165796913791812,-5.770728959998067,2.4582066410905914,0.9846812867990274,261.98219094027723,0.8138087307045687,0.00037771424773608194
44502,-1.2118317065857802,-9.247972368195228,2.4933488487699877,1.2746793126958509,285.03830194527006,0.19590234195732936,0.00037776116987313146
44503,-0.09198011549572627,-9.563811402751007,2.6076685007278813,1.1334972540712438,296.7088662685397,0.9517861813121629,0.00037778693019476726
44504,-0.4671678672815247,-9.378499417157014,2.089912539428414,0.7157408212727933,467.7058999026257,0.3670666777138978,0.000377789021703404
44505,-2.3104533310580777,-12.226471746026228,3.5513899335413597,2.6466971178414296,469.18883173869165,1.6594705500262066,0.0003778506597532781
44506,-0.6539539862289914,-9.172305416183931,2.471302552342066,1.127657872638182,468.3435662875696,0.5148523521283552,0.0003778534343745211
44507,-9.504289113708092,-6.478182009769249,4.570498957173374,1.8778226030762712,469.7456942402586,0.058590456954737746,0.0003778704699283068
44508,-1.604935857513862,-10.620941377217674,2.0182627398391473,1.188051498807679,288.511208061423,0.4256989738289443,0.00037790306738898536
44509,-1.9154777857512642,-10.438095561591778,0.6969913939256522,2.8653276482788956,208.41755456529947,0.37979810095663424,0.0003779184685904049
44510,-3.410252072483483,-12.244079924800511,4.332435792018247,0.9463884392329259,191.0428323963086,0.8115861505694921,0.00037792212305074016
44511,-0.8167538600219935,-9.530249018076109,1.992982195547839,0.9355451671060705,467.7894739432471,0.5849587169641604,0.0003779283781060744
44512,-0.48751957060854423,-10.149067053952734,1.5505076732669172,2.3322731650349526,439.3254212022588,1.6012255608831625,0.00037793071484323106
44513,-1.606400483018156,-10.237662994007568,2.3819049842123574,1.0976095509149026,228.66125806296031,0.5200648766307046,0.00037795681805060256
44514,-1.247541403858957,-10.10011937849087,1.6730114754991217,1.694908503230817,187.16985067263604,0.4291319533526945,0.00037796778276885434
44515,-5.318547892994227,-6.452770583773743,0.3749475849981012,1.2425429859644055,275.1590087232509,0.4921744565081756,0.0003779898556491654
44516,-4.583255787217554,-12.010025686702976,4.382083997944461,1.8074653130628355,377.99679893904425,1.2637537022061291,0.0003780040341641776
44517,-6.8667859478616915,-12.546455670142485,4.083230115946871,2.036491422088248,396.24158573842425,0.8239549891073308,0.00037808272889720064
44518,-0.8248577836964639,-9.351324359368961,2.6263439453865547,1.1380330721742515,296.3693312791045,0.7819941376693444,0.00037808629591719415
44519,-9.85451795154571,-6.343050024387763,3.9655627556750037,0.8563542580109523,191.76108805556797,0.6454358563652924,0.0003781088729296218
44520,-3.5168227581028795,-5.958360648507836,3.8016779774023304,2.5646429304629303,448.58755885097935,0.5964200320056223,0.000378128931240007
44521,-9.23217727548257,-5.572178759207566,0.7048480555876613,0.8965360769671168,468.2708649560521,0.8155300756187689,0.0003781729733999391
44522,-1.5399970793674544,-10.670639734272392,2.2459827022235315,0.8403369810321655,170.62458609229677,0.2201351086500427,0.0003782108434541165
44523,-3.8020916392955204,-5.802980378350364,3.1201136833049485,1.8211705109690168,434.05605452669255,0.31649319436061596,0.00037821311898656416
44524,-1.6382485674413907,-10.702490413276099,1.7831248961312742,2.6321472565747954,466.4132398529375,1.3346631968254536,0.0003782525148948848
44525,-0.1999715810809768,-10.05865086635871,1.3295195209237882,2.6288738209753477,464.7950659637952,1.2517030495966006,0.00037827366957339325
44526,-1.2461233562916814,-10.178669222509361,1.5547152044739707,1.2552093399605988,269.24954384704563,0.2158036128087959,0.0003783014308075074
44527,-1.2132610937509156,-10.448409054782436,1.5552715029400501,1.777711620750721,423.87723539130184,0.6065668568571354,0.00037831492415907526
44528,-1.8600671540222056,-9.439779609651637,2.611747303249884,1.3035207907208015,321.62599177838774,0.3482079659301709,0.0003783713302292235
44529,-0.5821420769081467,-10.199882253865269,1.9113774053907362,0.8686611213897245,468.02169992591047,0.5695974313238876,0.0003783724160285621
44530,-3.5487127433387755,-6.16039041753054,1.5976754961812962,2.219673337833455,428.8220889328244,1.9519184369454683,0.0003783763518357615
44531,-4.17812181317707,-6.042131734970607,1.6540238346899931,1.2514018466957724,262.40746795275487,0.05405633871270865,0.00037841800665462135
44532,-5.688173177812076,-11.002560029599827,4.632760255142277,0.9523587643053504,265.2223855706195,1.5029054813539737,0.0003784183390639208
44533,-0.9909865323857296,-10.262821396873587,1.5476723937907935,2.1985309882789386,418.53521684806327,0.9780127104047223,0.00037843059635165466
44534,-9.522843311623546,-5.023747701795412,1.5224794057382887,1.8283598158109113,467.6466015491668,0.6770923160533941,0.0003784408919780591
44535,-0.3920317564933846,-10.10527987970129,2.4865207771033315,0.6963873255743229,194.19305941378605,1.3135147081161174,0.00037845352760199546
44536,-1.7701114523604797,-10.94730932321502,2.2321579653797734,1.8281334045844706,447.1625409880962,0.1678417167214139,0.00037850021963536267
44537,-1.7887630363077989,-9.467569802783636,1.9988109420853293,1.1023639673836394,466.9088486239515,0.29558195531318976,0.0003785042973218829
44538,-1.2726908360640525,-10.270506498432022,1.7932075743495588,1.5433227753146892,349.76785519122996,0.7401611874050937,0.00037850589978724293
44539,-1.895539183542196,-9.480827896159932,1.955027191823693,0.8212044588581616,469.22326021493177,0.004636953440560809,0.0003785097268541306
44540,-3.613353905865643,-11.12110570607218,4.543997123783749,1.0511835026022305,467.6595018352106,0.2401421119773106,0.0003785426128839156
44541,-4.115959193594097,-5.75485952312153,3.327826751019837,1.131919086673474,290.8926697807408,0.7534930095862444,0.00037854913688090765
44542,-1.1657815566642515,-10.612256517653277,2.3401516928381048,0.9648322163604026,445.97922316482607,0.9332178617134259,0.0003785582166534442
44543,-3.5731144794125393,-6.260238572776709,4.7915874850830145,0.9332097745894421,251.67459758829543,1.5633489435852717,0.00037857448018905856
44544,-1.7097899752536243,-11.372542092662211,1.3052283016613158,1.2080847860454076,467.1784703906889,0.26662437561312213,0.0003786434029325058
44545,-2.2118765765831654,-12.267045917024058,0.344147394393227,0.8085639322479335,161.49699575459218,0.01983324430772182,0.0003786478290210802
44546,-1.7905662138545981,-10.559541229346925,2.0382963627670985,1.1569087276732568,287.0584501788063,0.9609527439636967,0.0003786948048650292
44547,-2.078101970515929,-10.83691291773945,2.2648888988825964,0.9729487003956544,259.3835005415104,0.5550441257052459,0.0003787363647759249
44548,-0.475399778402787,-10.870353388918481,1.644281503650649,2.7646893352049156,481.37335322704297,2.113619467455581,0.00037873749646980253
44549,-0.6422368793867328,-10.731168623281144,2.1678437584218693,0.7608931585640197,182.47730388848728,1.0844933620773505,0.0003787498823730578
44550,-4.260591552332701,-6.039801609225903,4.277861265938316,0.498488572840799,116.97909314450621,0.619491489882086,0.00037875339674448336
44551,-2.02562044371264,-9.865000528042883,2.141605321724774,1.2036904837739655,226.5792266660245,0.3922482350990295,0.00037878035077491275
44552,-9.738582569660945,-5.50037001282073,4.188643244545808,3.266335951346084,272.96754050029057,0.17684295468436773,0.00037878605598828783
44553,-0.04517958867192107,-9.422161044839456,2.1205462275467872,0.8540695921867577,238.25784188193117,1.1870179698626329,0.0003787865711249847
44554,-1.8634893559495094,-9.46104008456648,2.0284468410569763,1.1820371560958287,271.1884403611992,0.21289832878052106,0.0003787998757016155
44555,-0.7967923447502017,-9.348961981050564,2.598698517581172,0.9729062752367523,191.25204075178345,0.3227803970051264,0.00037881298184518465
44556,-1.5071368555735898,-10.327894700999236,2.0975505756555934,1.2996901195580415,468.7713164175742,0.22264838615987959,0.0003788172865094224
44557,-3.073909646320498,-6.574005810481828,0.960435424176373,1.2643957812997577,277.41302983089196,0.4137226090398052,0.00037882302817867004
44558,-0.8649882908112652,-9.164358482146923,2.6526068997482293,1.1119025489261216,257.2406804241551,0.24382934081092333,0.0003788869390731721
44559,-4.692341436124474,-10.345885680888447,4.886422276606539,1.8362126236008491,468.0331242124868,0.03173579474330612,0.0003789133244661375
44560,-7.929506862821452,-11.268837391235916,2.158342882850656,2.669771991058328,179.0734524934163,0.36292569039873346,0.0003789635292401739
44561,-5.017008487526893,-5.693741039918305,1.4674611197478884,1.2818084014875333,468.2878540946878,0.6260613953235881,0.00037897725014632733
44562,-3.8574445365759678,-5.846288150510283,3.1492776218913736,1.823559651308518,457.1626972911728,0.8577353996005543,0.0003789881311506178
44563,-9.815940210362777,-5.626667952116573,4.055864735741007,1.1726806010860977,469.7119317902887,0.035293529416147607,0.00037899137801924055
44564,-1.3970340659512601,-10.25028853497395,1.797245295187372,2.132195914674149,419.600828068877,1.9962184359421338,0.00037899519849938276
44565,-0.8763675824108645,-9.127036978709626,2.537271247331396,1.0670891659796191,467.0859259622956,0.05543002082880122,0.00037899824138267846
44566,-9.78582904438239,-6.9262203605392365,2.028063989419486,1.083590265837009,281.0015744957307,1.7193862642148305,0.00037901977408729787
44567,-1.5484714491095737,-9.78117875807729,1.64481766550793,1.618494985540628,468.85905618959885,0.7718292905353854,0.0003790406614317894
44568,-3.685326690703846,-7.026295758548481,0.3910984767866292,1.7982256197256994,368.65274044016155,0.8568058262958296,0.0003791085667343379
44569,-2.0883821960653393,-9.663208575165312,2.1431397122394547,0.9844075935280717,267.64053720392803,1.4750415858643047,0.0003791917989684159
44570,-0.7581837479060063,-9.367148714140363,2.603160388645816,1.0572243684275249,279.16040096566024,0.5050795306305949,0.0003792487751418235
44571,-1.7895435053661064,-9.206906926827495,2.1803287717829436,11.588637472505987,806.4302424126951,0.3083978645397467,0.00037925932881939257
44572,-3.3287467243862476,-6.135669821573808,4.435137373429192,3.020526714730611,502.2964759235679,1.8759641041560258,0.00037932461668940533
44573,-1.0392358923908809,-10.656391005937824,1.8592758348059395,0.9085867869728123,127.2637807832177,0.3137443021248876,0.00037937099573608334
44574,-2.0036694263119506,-10.298769928801493,2.080558983293578,1.5188686638463496,350.6524409400878,0.23269584978422309,0.0003794189745450604
44575,-4.746229005958379,-12.455039291303072,4.338321699021928,3.1919790432708783,484.6161734464401,0.26705917740320206,0.0003794325572880679
44576,-1.2513095740842601,-9.858156725600871,2.578251271667014,2.691607191763989,473.4411194300949,1.6076205810191082,0.0003794481558039686
44577,-1.9882253347340892,-9.193880373486163,2.2764031842440438,0.8583791871869828,231.49383285953073,1.0011346491439852,0.00037945214483343383
44578,-1.8245219901035874,-10.372844002988224,2.061508589091499,0.7846841743534599,158.8789652526292,0.16834151484999804,0.00037945359357498937
44579,-1.4037610765924597,-9.499989862625313,1.907429485851455,1.8253292400604137,467.96630711200214,0.3992414276363849,0.00037952038806171086
44580,-5.584708457859579,-5.4323212593609,4.765525362336794,9.027543826935801,727.8346818500314,0.23921648653681427,0.00037954386819167375
44581,-0.6872578799732025,-10.099992312742794,2.6177294813261365,1.7852631125968002,423.0640577809905,0.04412885388242316,0.0003795519524646303
44582,-0.7203416089882193,-10.829314720029622,1.6516445777719804,1.0233570278032107,275.8925562784755,1.3935206009364167,0.0003795635110779269
44583,-4.232355333767361,-6.016627815526803,1.7805405297373846,3.7247212530664235,543.8968899828814,0.5636984172796149,0.0003795757060293501
44584,-0.3161048331409422,-9.903863080504657,2.5856724376316156,0.814088237669424,468.6878677419066,0.14721503971589556,0.00037957916509201266
44585,-4.9565606157581055,-11.93935740542227,4.402311027344556,1.0965568906218917,283.37885703428674,1.7811255462245086,0.00037958580270818117
44586,-8.396527454344602,-9.59702394910952,0.9606348747693291,1.3930832505199795,383.2483912043584,0.5993872152694939,0.00037960487166635327
44587,-0.7848233877058668,-9.162405475421778,2.642502832648897,1.723915894768263,439.74676145413997,0.3660745754286703,0.00037963515604727836
44588,-3.249689212034631,-6.245806467259642,4.607932924320622,0.8148198096395439,168.29675902007173,0.13791929956929128,0.0003796617951228347
44589,-1.5658817858816683,-10.808304959550933,1.6443477447310653,0.8400738319506801,173.47709398050878,0.4645690547010899,0.00037968032190260215
44590,-4.58246813864413,-5.6316607257764515,3.341929194137933,1.0745754252893223,286.4005144119847,1.6852626411288592,0.00037972758523789233
44591,-1.3674218705114924,-9.691893160391732,2.589597812281114,0.7735447810331045,155.15794602738288,0.5105706955100375,0.0003797392812527389
44592,-0.5409939252732272,-10.568398457407337,1.3092215940507805,0.9304584961361712,242.43498445832194,1.1021555591577767,0.00037979367215242114
44593,-4.951474493800836,-5.964574185235947,1.3154774764555388,0.9213852694840977,215.51156380399047,0.2613929671756994,0.0003798135066173038
44594,-0.38107226469295696,-10.475299871618612,2.0762794211422415,1.01667260900164,268.10573292522804,1.2258338800884045,0.0003798300127139945
44595,-0.21532671105588364,-10.822204569432268,1.6577275289608513,1.1423435823051675,468.4783550105889,0.011017282705426013,0.0003798366159457368
44596,-1.656231370704921,-9.293123498653788,2.5837372814949218,1.011071995468762,468.02831585674335,0.7986161387706909,0.0003798373420433855
44597,-0.41209250739987624,-9.445454579690164,2.088921694801125,1.7104651709114502,306.7244931726664,0.0796428133289,0.00037985547339831167
44598,-3.906650537913362,-6.027495256640383,1.9984248784427168,1.2191994047640553,295.5032275958729,0.5262074726950772,0.0003798567538685897
44599,-1.0823240857169463,-9.510613657400508,2.594988294819632,2.5585109303922144,397.49663549406324,0.1507431080097108,0.00037986121371180845
44600,-0.1488011089865715,-10.019921919999858,2.4772823801611685,1.5996952185979234,350.6568320214419,0.916126273154461,0.0003798992544133476
44601,-5.0897474277204,-10.782310358038348,4.694328366647738,1.3858630019532538,332.9541934510327,0.48310670872381856,0.0003798992700001001
44602,-2.0048806699460844,-9.548010650022093,2.1088364819548846,1.0358643428098484,467.38516610036504,0.005356627787167945,0.0003799018832594351
44603,-1.2483896950390143,-10.077570565177497,1.933992622841205,1.2307860372732868,274.8990117709557,0.04308504794953194,0.0003799075091540255
44604,-0.7465836378746431,-10.859607116578813,1.7685975612962757,1.120466724406155,196.73579918621442,0.12501015532353144,0.0003799228037580251
44605,-5.496759367271322,-5.513458610981889,4.6308556157190734,1.8729317096669913,468.3809224366276,0.1076294718454367,0.0003799321148383418
44606,-4.04005788683841,-5.797306459315963,2.7138988446849295,2.5655669707279785,464.4528926097417,2.5459862282120937,0.0003799715059573316
44607,-1.723392840488403,-9.924268767255688,2.5633746594643116,1.1690317204458514,150.73963886361372,0.21348524104835587,0.00037997284440141686
44608,-0.10814884565733784,-10.086685041547595,1.7896029512690894,1.0217767018523412,267.00140825052245,1.1977857438209698,0.00037999470194481156
44609,-1.543269420383469,-10.030697167346958,2.653500996550569,1.5820866618639624,364.8764817840377,0.07844399481101139,0.0003800028449943678
44610,-1.1131743079008363,-9.5026173272766,2.0066629048941134,1.433903492570999,330.9917238385512,0.389518492392976,0.0003800618094775042
44611,-7.139701122957121,-11.514468214701221,3.977153963158222,1.2730446342102908,313.8340048698706,1.0270458155766962,0.00038007749503023077
44612,-2.947294870589726,-6.437589142790131,1.9772112373631003,0.8845602051671921,266.6966571624779,0.8012790991549874,0.00038010106157164566
44613,-7.676351682400085,-12.900816860595334,0.3547469929470688,2.630229205075849,469.29711883228623,2.081025518325375,0.000380101884427479
44614,-0.5207568354783803,-9.363573027998733,2.6198396227957366,0.8371931293242398,197.86245496540465,0.4752590004032946,0.00038010201932147216
44615,-1.4445798119335649,-10.449881823715202,2.000614966933513,0.9540887879311295,322.8590150442834,0.049440818993789826,0.00038017947542809687
44616,-1.9014868489257974,-10.271504937550649,2.3730301479460385,1.2982384092666424,308.4246879154162,1.3513228816619014,0.00038018456890942184
44617,-0.603188505778272,-9.60909077905626,1.8512030258846164,0.9572797045640152,467.7289803055421,0.24015511291462932,0.00038021302787945706
44618,-1.6445141027074612,-9.673588206609015,2.0126183409697753,0.8299495181181836,423.4491112999471,0.03159886217920693,0.0003802381783649454
44619,-0.7100762921450929,-9.612540140648772,1.7689157374924287,0.7682277254503325,141.5428604182804,0.36723554151722926,0.00038024377547841797
44620,-5.55452299707159,-11.450986426219837,4.507434454299396,0.9624636889176286,190.99387259025593,0.5673893744460079,0.00038025744896839767
44621,-4.548805019045361,-6.812447443530797,0.4644230719065621,1.2977899014580208,316.8600092989224,1.9668463095678295,0.0003803357106595896
44622,-0.745094381461838,-9.172689256652541,2.641006512312742,0.9919370265846112,273.4283768239007,1.8268545725340628,0.0003803710914046156
44623,-9.571858877561935,-5.6221410841705115,4.492741439271743,0.9485908932563291,467.6722157549357,0.5751194832068212,0.00038037627862279636
44624,-2.828787837004615,-12.418085987979277,5.03447130730512,8.946613728043191,758.1768482121275,0.3217646998867272,0.0003803963336456043
44625,-0.4267113706103203,-9.520550121790503,2.624123002159465,1.1052335458483213,234.88291155113842,0.7593605071701175,0.0003804224470424644
44626,-7.866513610292596,-11.274821107039841,2.5347306334372934,0.9333546666512393,466.59090489796523,0.16583385707579268,0.00038045248871218756
44627,-3.6769631690008966,-11.674158738248721,4.410476273425085,0.8639061841056678,241.20208228983068,1.1545845059946478,0.0003804636960260683
44628,-0.5094385792635876,-9.917547747810344,2.683915929970036,1.851355533652982,467.78213526201574,0.5477419566119766,0.00038048639502856664
44629,-2.053202036853814,-10.267979778569467,2.0776212429173486,2.3064577980667127,438.5290798019747,2.201605189390521,0.0003805048215293162
44630,-1.852568217973177,-9.87275641926707,1.915397539272539,0.9235312309972041,463.7117881340783,0.48642561422039243,0.00038057121514738907
44631,-3.308536433848113,-5.813037216940807,2.628635147263744,1.4680105621236943,468.9089388353069,0.9186471292619531,0.00038058054395068283
44632,-1.002720814139252,-11.286360515529351,2.1886057929552365,1.0800499475394438,282.0613662138865,1.0228575479769626,0.00038059227525826233
44633,-8.95265219381775,-8.181349194691556,3.43734789770611,1.3412905631712526,325.0653316608557,0.4709407372810217,0.0003806002548099948
44634,-6.468238185162089,-11.790786181615294,4.361629219337788,1.3309218932015197,288.32803589075763,0.5323065533575173,0.0003806160337340455
44635,-0.11496171067951266,-9.813266868849286,1.6543991755604641,1.1480755497376158,287.41789937746,0.7173676754271119,0.00038061769415306595
44636,-0.011713226821207456,-10.497374534306406,2.3467786203317686,1.0061801055200916,244.3645943076559,1.181799537005861,0.0003806221617355599
44637,-0.9544593510136785,-10.673595878987463,2.3135408742165575,1.5424850100504068,351.87007303433046,0.18434307573223396,0.0003806323698600538
44638,-5.918904135204927,-11.479392395508352,4.499847811438675,1.6155007053156156,231.48901104033305,0.01589686870339957,0.000380640278542587
44639,-1.5782139127193577,-9.961015316361532,2.4935837131425953,1.7759167068484616,431.6467989436079,0.0703631517187926,0.00038064261111323916
44640,-3.264534620997381,-7.317200151985665,0.19125992251656024,1.3859685273370883,313.83649779298787,0.8910356478568549,0.000380643307887464
44641,-2.062067504888284,-9.146978274855815,2.2455378490619062,1.7007766265682625,400.3727686775297,0.44430442828015604,0.00038070222616418754
44642,-2.0337425070778705,-10.871231379407742,1.7615929349376263,4.440876287384193,595.4674054134447,0.9162280492529336,0.0003807157109919421
44643,-0.5723263122221312,-10.094627142140402,2.5644761308284734,1.9875837906841147,392.4059684810918,0.8772815245956762,0.00038078043035128585
44644,-4.961602309904221,-5.704746964236517,1.5900266756516646,1.0887523047779588,467.75626613155276,0.48601213605480975,0.0003807822488326776
44645,-0.8490564932018128,-9.068849365517398,2.288300343155249,1.1509208103573763,240.89273069758067,0.8595367231387838,0.00038085299390653866
44646,-1.995250135554146,-9.45667484737558,0.8303100757949938,1.5553933068680375,344.8628373997218,0.766920773705162,0.0003808595370833759
44647,-7.106894636461924,-11.89404947417512,3.943222228659301,1.8077280714763153,429.69598977977364,0.5441654802960478,0.0003808838582392403
44648,-1.4407155258397957,-10.346651934367491,2.3678024936542257,1.4535457276431945,330.63813979341353,1.0282641850554874,0.0003808839113182885
44649,-2.149940660708455,-10.137959764249267,2.7224553443810944,5.914088019532482,665.3579121232984,0.4278981298835012,0.0003808897540947916
44650,-2.8338181060568584,-6.536021797381343,3.344450560455599,1.320141575622927,297.1746287236454,0.22875837763869633,0.0003809002179297779
44651,-0.23307247090598437,-10.916509069624665,1.328687733560983,1.436710336882072,328.82916012502494,0.17744531873845037,0.00038103076453108284
44652,-1.6712971206748755,-11.38876498275049,1.11719516696144,1.3507277818030503,328.97630638675315,0.5080849598071016,0.0003810462449635983
44653,-3.8237994876649752,-10.02668779756457,5.065092456094415,2.8312798437501017,385.6763209583604,0.07440614107005938,0.0003810622216788208
44654,-0.8890018394274062,-9.813906595409954,1.9261173601859438,1.653745084653321,387.063150077388,0.2558681853605931,0.00038107713938111734
44655,-2.1692778222491773,-11.46339683473232,2.4264883049986294,1.2090248185769599,208.7979179131823,0.08049863517353373,0.00038109226542523683
44656,-1.2958259090915938,-10.711316309436551,2.319711944623319,1.0787543927304397,280.8438977161125,1.5894654860093427,0.0003811366788597767
44657,-1.2963200260878587,-10.429958535204412,2.0750580934239213,1.8701405051307867,467.1867115256606,0.39841713057471306,0.0003811414055277243
44658,-1.7704182273165898,-9.225042896478712,2.664022317535549,0.959284402827325,266.34371047629816,1.626354628976875,0.0003811552310091493
44659,-1.3351100323453196,-10.435579567112704,2.3483207303158635,1.1389463854361732,293.95758710405863,0.9336967889116243,0.00038119981203233686
44660,-0.5970443182380798,-9.790525971339417,1.9130445099549325,0.7180664865827205,438.5412270805833,0.3143831659656282,0.0003812034391102573
44661,-1.6696586963636868,-9.999575201401152,1.80741969542145,1.812562951844725,383.2537438279552,2.0250997085310987,0.00038122530756831414
44662,-4.608806570642955,-6.24028869701036,1.001912613404486,0.9081278330412658,256.791905126475,0.8372266484327628,0.0003812338114725
44663,-1.4262365453858905,-9.66463742069733,2.6052613804375433,1.772570732178687,373.6208130473688,1.2854693534857455,0.00038124570801294444
44664,-3.1096397944899703,-6.0962351907054995,3.4565838858053746,1.033403267658269,280.46913553951146,0.6922760048861045,0.00038129270597417894
44665,-0.8072010779261856,-9.972307745236447,1.663612053481362,1.366844065441055,298.4639100487941,0.12730092501834722,0.00038132366707487123
44666,-5.991025898786133,-5.308831899682308,0.07177151418236893,0.8704354783819711,468.01901517582723,0.810835430768833,0.00038136757025846395
44667,-0.39423818581682823,-9.961750118780056,1.7437621581543328,1.2898453342731646,169.4911119495284,0.2865829978236505,0.0003814019998804031
44668,-9.962437732498689,-5.319835142162397,2.1611300677812606,0.8837270023306272,467.95706846453754,0.3126601498733548,0.0003814349889170481
44669,-2.3842169779532068,-7.738414447562502,1.7893512134142133,1.3989262264008575,336.04478611153337,1.2605018077702645,0.0003814391887870576
44670,-4.014013751729815,-6.426900783080699,1.0477794686344906,1.1171688549633243,468.0171272420559,0.8418337778603284,0.00038144328069152165
44671,-1.2814840542022878,-10.157561331800643,1.8538583925018337,1.7890070512311707,424.46987619826837,0.34627556568807893,0.0003814599712052509
44672,-2.0178747787769673,-9.459448371524541,2.6789478023583992,1.6748782648782436,393.01174213208867,0.2548689326503384,0.0003814634245773589
44673,-0.4255564867838171,-9.032835113220774,2.2018872289464575,4.0603819066552065,565.0249400213261,0.5477974721603527,0.00038147261442874464
44674,-5.558694972519472,-5.623630701453127,4.970067237128803,0.765272179030019,211.30775692607588,0.617375431275172,0.0003814911659349748
44675,-0.2887463831430903,-10.567551293220987,2.3342654771098967,1.1946590220843603,293.4439846075469,0.6815817109698346,0.00038149648399734084
44676,-4.5214907319376465,-10.996538025706418,4.592791599300179,0.5545605768244151,125.42576954784744,0.030390984085840067,0.00038153157093511906
44677,-7.8560057028520145,-12.373397061554899,2.0190263706483584,0.98811394132524,271.82160284764444,1.7135002155578194,0.000381542420643455
44678,-1.6887049091602169,-12.442019428412465,0.8321452429959711,0.7987082227814808,467.96403326035323,0.29525956193649616,0.0003815644137105
44679,-1.0184551202162968,-9.08085625236444,2.316285426857904,0.9525588709669561,262.9664112917226,0.9176215516836903,0.0003815945230043398
44680,-0.7271853115138942,-10.106225011971604,1.9123242546395167,6.081839501108685,375.9496524567878,0.18876410454334458,0.00038161365815716824
44681,-2.299434046655887,-10.998325254008549,3.3613541254012476,0.7084708084654913,203.73689993242573,1.0541948530493999,0.0003816200933230903
44682,-3.7680834872572033,-6.014062363602544,1.8620687766500417,1.0307252350371443,273.24338234271676,1.7911223902722995,0.00038162224471794065
44683,-7.6147023557723195,-12.664846957653635,3.0364932953464705,1.662380494464792,391.2017106349882,0.9233632365588349,0.00038165751637152554
44684,-0.8048981344360548,-10.236779540474023,2.1442038769822043,1.6561228527539715,384.72450003228454,0.047017253749912946,0.0003816647497914479
44685,-1.9159061204152898,-10.13780111517406,2.548778672383638,2.9802701224994363,498.7795751896713,1.7807397803720013,0.0003816823010445248
44686,-1.420385338773194,-9.84698938930706,2.572926962615693,1.0118426744077549,227.31138316288926,1.019252034245481,0.0003816884820180006
44687,-5.213796339224011,-5.644355229085995,4.420502734297649,1.1401955531735346,276.63229926801773,0.3915851411262343,0.0003817577189192712
44688,-5.083523229673275,-5.647917978311606,4.2478601584499165,2.4090537935187726,448.78885267846925,2.2312762011883533,0.00038177344827565034
44689,-2.085498031957256,-10.443652848061703,2.358821810507025,0.5222423682984936,110.2613789976598,0.03591874055705002,0.0003817754666455814
44690,-0.42034291227014364,-10.38252044097211,2.441177371330213,0.994503486477626,248.47135358971676,0.767507173685833,0.0003818009214732721
44691,-0.6490558509213145,-10.556299850288518,2.427386933344478,1.6828054162312938,397.7809402687786,0.8829061984643429,0.0003818221316762109
44692,-1.8607343553357243,-10.22637035061068,2.4462560863378546,1.8430919328890762,468.0174594788162,0.37598324186860044,0.0003818296898054585
44693,-1.7749844049574275,-9.034196636525122,2.2998862233861055,1.5836289606325926,468.43114907406,0.18036483602409614,0.0003818431775320283
44694,-1.167031560933676,-10.594833481854012,2.4117418582132046,0.8587703293079717,189.65625685103933,0.9079147214952128,0.0003818685474099349
44695,-1.1885852892044575,-10.562702269834363,1.6656963991983258,0.8611447624676386,468.01708071752824,0.3758294704980454,0.00038186977532716083
44696,-2.1369315657506958,-9.391345364511782,2.5817682940210447,1.0152723389831724,268.1248523957514,1.0459901732602566,0.0003818772607121908
44697,-1.788176586252213,-10.501348108484542,2.2568992197203714,1.0749529390273744,288.4814656438237,0.7205189434799513,0.0003818822389486873
44698,-1.2557122506828016,-10.401981577734766,1.865143897205905,3.3918606341211524,526.913735443525,1.0287728933020226,0.0003818889936675489
44699,-0.39849332558177863,-9.074441089116371,2.2839557604956195,1.19170063103908,208.7778968793093,0.07837908265136662,0.00038195107766875836
44700,-0.6445505847000117,-10.068200942342047,1.7413081102544867,0.8860947940320624,219.93805907105363,0.606769988354535,0.00038195745139542266
44701,-1.8689768728159208,-9.866101368445664,2.1398263364065033,0.9997668988987003,197.06038305392437,0.5006254259153939,0.00038197373743723175
44702,-2.05215218888622,-9.49724005959818,2.089467987280023,1.6768853418455063,469.1094680976029,0.49248498770263893,0.0003819840604026942
44703,-1.102129397275295,-9.916789387407078,2.6714344776862378,1.5534260661749988,359.3311064374322,0.49567355088722476,0.00038201580743538513
44704,-0.5852310627257378,-9.640504382083337,2.597932850194396,1.7005312170765912,467.95630523684594,0.2780029650717051,0.0003820404452147985
44705,-0.544527499606037,-9.252629653177134,2.4792473172926086,1.1105995336719363,466.9865595008636,0.6281547944313823,0.00038217164414862257
44706,-1.301602398928818,-10.041642194874802,1.8532470084199637,1.1326999782564118,279.1704218632536,0.7432142869256158,0.0003821766083624231
44707,-5.016500638865514,-6.036568179820829,0.9380581581365934,0.7586149205849134,218.29679579789928,0.7307161503536674,0.0003821944190278452
44708,-0.20636424195621572,-9.907250922997001,2.6723117200036315,1.1649556132505088,265.4658501157789,0.8649144874578498,0.0003822252650598879
44709,-0.7540388123885648,-9.141968475977626,2.3548856611217865,1.0048950123424434,272.14559906018786,1.7789809901379572,0.0003823345205648146
44710,-3.7344786414587112,-6.042548665864392,4.186245176848778,1.533694946984644,363.4368092052069,0.42567476926356296,0.0003823519946753431
44711,-1.4859030349661175,-9.434351212593342,2.499441999001683,5.311515063508738,521.8126614051166,0.056939544530639985,0.00038240410147460143
44712,-2.4088963159839754,-8.912792924115239,4.084131443812006,1.1820759113002555,294.8553833221066,1.108074071516267,0.0003824049054579724
44713,-0.7785314908894634,-10.067955849692225,2.5463350796669717,1.1297852712471084,294.4682767185331,1.3605912020584876,0.00038241647482502945
44714,-2.0078002826517496,-10.53970008635332,2.1757559657472685,1.8500359970807736,468.3299662979732,0.015321075284984609,0.00038243679309810997
44715,-1.2763584776704846,-10.122378502767791,2.5268984386400786,1.8517958383626933,467.41039813165065,0.6751339425790475,0.0003824592829625144
44716,-6.569142925602509,-11.408574915215787,4.398219123980275,0.9693864846907886,468.39625157451366,0.5349731752305456,0.0003824692039434424
44717,-4.838081514631857,-5.5314486773415155,3.5510918713824013,1.5469243445226375,355.3459859975156,0.05453170573760335,0.0003824979125956351
44718,-1.427342537229876,-10.379521531758332,2.074949775075863,1.3617620280833571,299.09705201078276,1.0224943666351587,0.00038250216027074254
44719,-1.9654109959267778,-10.132494150809142,1.871132591544573,1.4408583561796071,334.91534415466083,0.3049846406364862,0.0003825115204679319
44720,-0.0016140257491770171,-10.439980588561438,1.3294967164183178,1.8877485609740012,456.57700288534994,0.12762990222630233,0.0003825212386406121
44721,-1.3523508913993965,-9.986707634925324,2.48681429257913,1.8375645055459986,468.7047243320093,0.6097841376737776,0.0003825618367739713
44722,-1.2994576810378984,-9.880828493166202,2.497430086805809,2.3400144016680975,432.6174095735613,0.9422321905519828,0.00038258282691108455
44723,-1.941541384667124,-9.258892130387926,2.4774673846594943,0.861271616532585,161.9767798800323,0.39814745632753645,0.00038262560888682756
44724,-1.3192809427994447,-10.525444841547253,1.906858550454402,4.922417085580865,479.09054380090333,0.036930072999601826,0.00038268127112332323
44725,-0.544135968549254,-9.693951279983509,1.8719366543587974,1.5456355770708539,363.6152714764245,0.5977043803864879,0.0003827018925023012
44726,-9.460059467615963,-6.564061705828434,1.4672639862528933,1.7995360534760465,460.1355039905189,0.5554450528905468,0.0003827090006242232
44727,-2.259467913254478,-12.392270632475885,3.0266061319726503,2.4616068990640327,425.15725387397015,0.44222096856846793,0.00038274074157538173
44728,-1.171312468002979,-10.364841814878302,2.279157509991426,1.6311551236061785,393.5910868550944,0.4306596433210954,0.0003827898933688729
44729,-0.6621065049257062,-10.242959472533958,2.114832100265141,0.6777014118319493,445.7455872254403,0.3974284812921782,0.00038279431349637686
44730,-2.487233248299341,-9.035010252184932,5.091502846459808,1.081579391928397,271.4133382866203,1.5836410722992893,0.0003827949138449284
44731,-0.735309290102057,-10.095642176037439,2.463027416414446,1.3508405190361505,347.4931795541779,0.5972128173417719,0.0003828359948327911
44732,-1.6182514826453005,-12.309989624361345,0.7708256287528826,3.1839052312028295,514.4384929493559,1.5960273758377541,0.00038287854696076603
44733,-1.7159956550287845,-10.534380253692643,2.2207978649859967,1.1233449639040174,275.70442546048235,1.4321057219231408,0.00038292427150744644
44734,-2.602758583136133,-8.601681807340235,0.1417266808061851,1.218334666883286,468.4444637155365,0.4076337351086998,0.00038295110031473484
44735,-3.2763158267724544,-6.40296758763146,5.1471630366145575,1.85988053913536,467.80918490966036,0.5520874593436558,0.0003829530110855171
44736,-0.8186414651444665,-10.55962941179403,2.1750620564619014,2.4000193849307423,435.0285698689082,0.7822445926304944,0.00038306120163574117
44737,-0.6362686225058543,-9.41598275741084,2.6856830789599653,1.288579097780245,292.1797886708778,0.12112435882346784,0.0003830661161784144
44738,-1.2976812188332172,-9.713468832952762,1.8561299619039209,0.9276102586088556,189.38874222173618,0.3059147088179639,0.0003830808433847694
44739,-5.033929852193144,-5.926774746558165,4.758592100244036,0.7166626333663598,159.77055727522682,0.06448829801160283,0.00038313071031528654
44740,-2.3768955859072394,-12.73082854169397,4.50783174790893,0.6325045860016176,129.68279380013286,0.012066447396041902,0.00038316148228032426
44741,-1.9760126468082433,-9.847964305238087,0.7611533680580317,0.9668841532515225,192.67430163150726,0.6448460720472164,0.00038319990584407106
44742,-3.6693879642413822,-12.565349675504597,4.30082280407338,1.0584731165278949,468.15141578871913,0.8778776997076472,0.0003832011528419471
44743,-7.957255625022283,-11.230379498494036,1.73658734373732,13.283119337073089,513.5450014548304,0.1392665826925379,0.00038325278227082987
44744,-9.986526620534432,-6.916261594210119,3.107267617394028,1.413608260097845,317.97099987091013,0.07462922666031169,0.00038327327156917573
44745,-9.96855336192158,-5.525891022294537,3.7194684393691055,1.1824115448342996,467.5211838046453,0.21161152736069067,0.00038327853673121007
44746,-4.2409064532287015,-6.089926758324855,1.707342770333859,1.0856584567679746,467.4761569031356,0.6694442864197869,0.00038328056904503554
44747,-9.82636817135878,-7.17237167176807,3.2369100690015102,0.8365189343811036,469.83691696192056,0.09813108011446126,0.0003832995720234736
44748,-1.9685857390186676,-10.630834838876709,1.695570374091526,0.6809788418224344,468.43628095556795,0.40839336482954547,0.0003833220392135526
44749,-0.0071795225096220605,-9.938303442699127,1.6582444038578468,1.2295260656504001,296.57368295783687,1.2876333805467786,0.0003833467125833712
44750,-2.0129087698532686,-10.743424982597697,2.290567363027978,1.241749460241324,273.7808266057506,0.11355747452589604,0.00038335044716086126
44751,-2.388837125096236,-8.66199330999418,3.7900466467035203,1.8176978370252865,435.7202157270323,0.7786633658300088,0.0003833666173376073
44752,-4.0694439278967955,-5.819288102830067,2.259738482203993,1.7683273619911568,421.49310171735925,0.79742006345493,0.0003833739170288306
44753,-2.9806536535881225,-6.4489109975610095,1.0979668666716356,1.3593106005705144,326.3362751099417,0.45292527237631486,0.0003833930596773958
44754,-0.6338828425154759,-9.172982325009553,2.6220315370776013,1.879744776085084,376.85845521125435,0.8044453835101253,0.00038339361884665414
44755,-4.4207974239973975,-5.6946705752959845,3.390043602330773,1.3139743455512776,322.32398297366416,0.291013102791406,0.000383413393710972
44756,-0.93026928245542,-10.601300433757135,2.3942854798771926,1.1848864129886725,299.9636223350318,1.6609316036838981,0.00038344019265416235
44757,-3.234406880519913,-6.032629886883935,1.956528819522669,0.835246570644532,467.5908373329792,0.47527996180606014,0.0003835017380593712
44758,-4.949957849201537,-5.65183235339992,4.012862001160199,0.5359637163182311,120.25263854763548,0.49304076531160135,0.0003835420820891532
44759,-9.853646036325895,-5.814541521966936,1.955537393864571,1.11591265295598,469.5213787302054,0.18076187931440035,0.0003835637211320734
44760,-0.32747797134474865,-10.495011964818046,1.989212110437325,1.6571770701204218,388.4728906414638,0.6055582953006082,0.0003835774879052536
44761,-3.8146351635120146,-6.1079073588171715,1.8205262342250486,0.8437857648034232,163.44348861724572,0.15648955074476056,0.0003835794950657037
44762,-9.35928862846691,-5.177847221318007,4.819735462248953,1.9345848674029882,349.69707761926543,0.13736778236693414,0.00038359865371660046
44763,-7.854656697648803,-12.093259444427549,2.197102990069586,0.9103470064212913,463.0434284752223,0.5610565477312912,0.0003836288868611122
44764,-0.7747863378761117,-9.669108100578544,1.858341413443073,1.3570811296441,138.26132364994677,0.32911048256876807,0.0003836363250759603
44765,-2.623239568710474,-8.378597713375802,0.15361423619494863,0.692937221398304,460.8055527264384,0.39583910243197806,0.0003836869685967094
44766,-1.916427447513943,-10.270049488845403,2.449442639365432,1.134524317397292,298.3261797233003,0.7296844397037718,0.0003837002125967392
44767,-0.830481555747836,-9.293006020157653,2.2818954306631576,1.1016255241826058,466.8952794919119,0.8071202662401644,0.0003837047667279233
44768,-2.4234671094666096,-8.863102744915265,4.197509559789008,1.3747341187931845,319.15285938773377,0.40863304340692164,0.00038370856618083905
44769,-4.428820215777405,-5.675613726989305,2.4457214077105753,2.2868584002936716,436.10848339108975,2.038819128010113,0.00038375299044940403
44770,-1.7452977256299782,-9.068691793940216,2.296267261988396,1.0870001997739762,281.5648564831021,1.6291022563590216,0.00038375542824698166
44771,-1.5757120391667971,-9.985279516281011,2.636900947169137,1.1136620184787285,468.36076298983977,0.5214503643348838,0.0003837703611652454
44772,-5.531267264346101,-12.540666233546842,4.349196489910245,1.2939957707418028,320.46078353006675,0.4644937086475691,0.0003837718806857336
44773,-6.765424054626785,-10.638883155065933,4.551240062751012,0.6702722747193051,193.89475974400034,0.433503179726225,0.00038378377126829544
44774,-5.804093775498208,-5.926097640404565,0.1934599046053309,1.2458431894344748,297.25528754620143,0.4317261118676283,0.0003838281228808525
44775,-0.10982239871300514,-10.476354540961017,2.178264821486418,0.6339115000788865,190.97611876699114,0.1719109419472984,0.00038386580758755585
44776,-1.3215361030775625,-10.536266699963459,2.1747367296267,0.9628374645291496,250.4703854212244,1.0695599792599646,0.00038387137406598786
44777,-0.8449100505798874,-9.217949842936436,2.6289335164664074,0.6366553527148203,137.33275448153296,0.2065783145447453,0.0003839075348431721
44778,-1.912799480519766,-10.170462348111005,2.369432243356684,2.9568932103529115,477.3906438328289,0.43141796864527127,0.00038399513707117514
44779,-6.851963056975764,-10.86160844740535,4.408295256996931,1.9391940463607455,392.2639460653219,1.1758397719503648,0.0003839963790471596
44780,-0.34061052307061424,-10.192836837939465,2.461203040079299,1.0094767712932389,446.2880621096242,0.8943434244513364,0.0003839981195187991
44781,-0.4089739871335496,-11.147648444153418,2.194727655463623,0.9476688712590784,227.64594421414503,0.2455930145199785,0.0003840309465897701
44782,-1.7998002633248227,-10.542910180258975,2.150204852415601,1.122293562622341,465.8671193080894,0.47127483240133383,0.0003840429809403533
44783,-9.738042126749157,-6.417636592665072,4.1575361545890495,0.7409426480374024,467.2923915396306,0.44916253486036073,0.00038408285029945823
44784,-9.78377878293142,-7.009451123470484,3.6631173924935365,1.3875875183259947,310.79032401320933,0.24639569426028274,0.00038409097021637975
44785,-0.055800787885043945,-10.476451192079487,1.648958955712506,2.8528357931363657,460.8240459810231,0.36676322407743545,0.00038411002785965263
44786,-9.824798906569008,-5.427394564447811,1.904800959967667,1.0234426022642942,468.02329409812586,0.37862710917629006,0.0003841517920009541
44787,-0.14732264887344648,-10.63595317766253,1.7655107754387598,1.1178546068043662,289.42865301011665,1.2841354419924693,0.00038418621484723707
44788,-1.1326532912968208,-10.19498704120182,2.1063872094338083,1.8214553834539147,468.0351294033993,0.250195903255201,0.0003841968305416491
44789,-5.647814938770633,-5.076910680734514,0.7999988202663056,1.1970945347204756,244.88928171899033,0.6207254038038075,0.00038422962379139726
44790,-1.5567477163099284,-10.610039307958862,2.3017569870584356,1.097510051005002,287.6200383231528,0.485763633720925,0.0003842404472653688
44791,-1.6352676785969553,-11.799718030293967,1.0185345662066339,0.9984456628569486,468.10286312676897,0.20018034487450098,0.00038424613379177755
44792,-2.0241895512187327,-9.13398869974741,2.4347367031941807,0.8989227737278568,244.47891076698647,0.9418299360109383,0.00038428744495643403
44793,-5.1347903884600115,-5.4967493908140055,4.066980048421441,2.4914129466051818,454.55519023978917,1.604245012807902,0.00038430317161662094
44794,-9.656284428763739,-7.49526844883507,2.8048626366058493,1.2070185049433022,302.1001911432393,0.6444130417826717,0.00038431575021017684
44795,-4.995724125799086,-5.205762318174304,2.718153563647952,0.915204235724698,241.58027057946103,0.7060961908144607,0.0003843572367771223
44796,-4.7604198082562865,-7.3035209720747325,0.025058957567492362,1.26200298244131,311.6989567879201,1.938652591381044,0.0003843677591566301
44797,-4.751414163318325,-5.470358828416965,2.948554858045621,0.78147406023066,221.19338637292122,0.4460442963555833,0.00038438332451245784
44798,-2.10574062592785,-9.221770420938336,2.2389846393051784,0.5540850243116638,115.44952194861933,0.003948457589486587,0.00038439897314690506
44799,-0.4517270398897466,-9.770559480072855,1.8577689516444307,1.1308161160218384,289.7888759275367,1.0464894017786266,0.00038440082035221695
44800,-1.4752459518397405,-10.000115545075442,2.551550739182452,0.8854114459022979,445.58269795268274,0.1907684407749919,0.0003844377975829733
44801,-5.2602188142769295,-12.900252184344899,4.3193409234578946,1.0252436038399253,204.49224904192937,0.8527338527733734,0.0003844578621566991
44802,-9.978479530927402,-6.897101387499586,2.592357943428932,1.7178072188309366,404.6281912743956,0.513194537152617,0.0003845060348659269
44803,-5.082809014029392,-5.3772792238291816,3.697081813748808,2.0284616921267578,196.96843707696635,0.4299464185055175,0.00038453050217119634
44804,-5.722990779550712,-5.292399332424825,4.868620388482339,1.3424285937787206,468.0501300364804,0.28027063785778417,0.0003845371932429701
44805,-0.6333390191084867,-9.987508950124655,2.629911674769706,1.1024106337049648,275.4925564608421,0.438766479497688,0.0003845443985627726
44806,-9.917331453107888,-7.078277289935666,2.726073932445141,0.8757344484746865,470.27404258980454,0.02727230707907058,0.0003845465706814834
44807,-0.7019984204012211,-10.023269968758488,2.5424693752785767,0.8710307325015626,205.58982214071352,0.9477457939734633,0.0003846059184099212
44808,-4.223759797799652,-6.5607977547154075,0.8632347178426356,8.705422496945468,659.8219821838265,0.1438945921474568,0.0003846070131266923
44809,-4.834916022359731,-5.472860290738754,2.8835890484652347,0.9603211844801818,186.274092852696,0.0014649481769897221,0.0003846334641905547
44810,-5.331229446671223,-5.153447633957818,3.9498638004771336,0.5977509143693676,123.32494844438672,1.0993756974393243,0.0003846414480107301
44811,-1.8810055300801558,-9.615894246848507,2.102455431358233,1.0894137473524546,284.9350451064944,1.2293214922646678,0.000384660135725638
44812,-0.4127147309669361,-10.303379563360288,1.978891933930201,2.010603333752627,403.00313489289385,1.4606890500521734,0.00038468192686897984
44813,-1.3289608929002252,-9.871390814630796,2.1012495161069262,1.7616256037453977,415.18801380629276,0.1578276911202643,0.0003847559278296224
44814,-4.8780503075684445,-6.819884439572082,0.33786849101175787,2.952001159636677,493.99441712632535,1.3002092090575799,0.0003847784199328712
44815,-1.496118408901161,-9.215079220600328,2.364421446409081,1.75012338760625,413.46429499680715,0.3734421238429322,0.0003847944202555249
44816,-9.572761729308805,-6.406067943869971,4.458073854374971,0.8764163452456151,467.53987263127766,0.5999130983250369,0.0003848097347461151
44817,-0.15079921696172072,-9.484986797181676,2.4973035488815025,0.8371295902005516,171.98866556453123,0.07189981897679765,0.0003848410801365908
44818,-1.6313598297391998,-10.01857753204969,2.5416896940604414,1.4773071455535483,339.54513315140167,0.27766068167463587,0.00038485892473520363
44819,-1.7045350578915386,-9.379942694672968,2.6837598001498577,0.8937974127945729,245.57563846355072,0.6317378256228157,0.0003849073995403588
44820,-0.5305113102499881,-10.05231098202057,1.6558034425486226,1.0712218847111796,280.8961351089668,1.2111199243666064,0.0003849877558597489
44821,-5.503256641974787,-5.770056468626784,5.018402084161125,1.2352732264552793,295.98463304122663,0.5348412091627361,0.00038499082242318125
44822,-6.325144536693848,-12.795287771120165,4.289792917666935,1.8335483262427117,380.83834265701506,1.2617205893156003,0.00038500335883479535
44823,-0.5430179197444325,-10.364977059557368,1.311160474931878,1.8558734877095708,467.50144093222326,0.6134383217951029,0.000385041757058603
44824,-2.0076207681447915,-10.414642982305038,1.6375837263423119,0.9310014844487761,183.95978563928642,0.23230251420302128,0.00038504732001956273
44825,-0.2030384483148424,-9.811978905640135,2.5747380032681404,2.293336227451062,437.81397061890294,2.3817826957836123,0.0003850539648695196
44826,-1.1976357013188057,-10.116048547937115,1.6482466556027124,1.596103298880519,469.7611562919934,0.20340299436953124,0.00038505652374171986
44827,-1.2038897512461926,-10.375332107988779,1.6543682460165086,1.163414725620499,216.7298509418443,0.05774732555019124,0.00038507845135382293
44828,-0.2732024566100879,-10.53111903769421,2.2322459659449425,0.9911543941187696,467.5769412690723,0.904198131476531,0.00038510966489468154
44829,-1.7004571078170283,-10.534315718227031,2.261756441692999,1.3899647718859718,468.7565525855558,0.8425353599587311,0.0003851453529505458
44830,-0.9372121668807463,-10.585997257942985,1.762451299319616,0.9065209868821822,227.01393453772545,1.2778761458067827,0.00038514829175490347
44831,-1.7339275519515027,-9.602425617206292,2.1199967275406673,0.9302382099320371,468.0222314786881,0.313729538822872,0.0003851632497117018
44832,-5.379253180816129,-5.202566568129872,4.109822929926875,0.6732951977104609,207.12575913532064,0.39665785924861563,0.00038516442984783426
44833,-0.5328256850722717,-10.171182161181855,1.647085569568271,0.8782109317058755,469.3457933053798,0.03772712711106774,0.00038518943236082306
44834,-4.853106778285412,-5.72072529211774,1.6686623546051722,1.6355445551738141,382.25623234508004,0.32264341662275253,0.00038520288274211916
44835,-4.399397693973865,-6.097520169583121,1.6025629581054173,1.7990319295689716,375.8372715884414,1.213058950406566,0.00038521343563375024
44836,-3.61137054309141,-5.935614415940528,2.2870371628117963,2.4887940405691777,457.2704034080809,2.55898407681315,0.0003852174808766011
44837,-2.4083367221688867,-11.446324734756248,4.965250467476215,1.8712647424134983,467.8889261505617,0.35072570688290483,0.0003852606146965551
44838,-3.7010497760527485,-11.704479062454542,4.401900925160978,0.8537406891685438,467.8027302485978,0.4769539662760218,0.0003853268495322783
44839,-0.3803378989633188,-10.330480636840658,2.3486886643922515,1.26861129952137,281.77733653122823,0.2464721574746669,0.00038532862389616086
44840,-1.468382637508535,-9.831722080919608,1.8566137858634395,0.87464923525742,234.3173755630405,0.32680268269208224,0.00038533979049127525
44841,-3.2048231754651564,-10.210917636379163,4.996761212918308,0.9696496502126255,270.1526185988529,1.4499529631722234,0.0003853405227598416
44842,-4.9723180892170715,-5.305272710229057,3.3320400642370105,1.1121166360324313,467.1082988583812,0.8907954547179537,0.0003853585724310958
44843,-2.122601657841436,-9.954509255372884,2.5491585929490186,0.8496560437619259,183.68658704280443,0.31637251908123787,0.00038536202112453223
44844,-7.810755723963139,-12.851131564136228,1.5699332104528112,2.221750107646344,418.25713672800873,0.839209816198025,0.00038537738543336633
44845,-1.0535632053098958,-10.085619099236768,2.1297580081908283,0.7997100169837323,175.81107862317705,0.4255058211016731,0.0003854349138646539
44846,-0.21981411022230724,-9.783704412928538,2.003539526565711,1.1809403966278451,303.8400023143439,1.3541733876756572,0.000385478944616428
44847,-2.3975015461970948,-9.013747676909421,4.035409145977769,1.8527076571319412,467.6573851785311,0.5580245988065435,0.00038548275889100427
44848,-1.9144036152474602,-10.53388887879435,2.402384552050446,1.0187518855948676,468.28752312445056,0.5847638981124694,0.0003854829767952176
44849,-0.1073840562808499,-9.279272229202418,2.6429417165439384,1.5942520043661117,468.5956903540172,0.46144337301705374,0.00038554912285004996
44850,-0.3925139265290909,-10.160543241871334,2.0595267551258374,1.618848558363316,347.27413901767693,0.30809495581326285,0.00038556099878097314
44851,-0.6105629091467044,-9.127040302524417,2.3035912310497313,1.2283434141782372,307.6277098033326,0.35220981162132414,0.0003856159960446934
44852,-0.3072204296226939,-10.207694294134859,1.8507318316721937,0.6645325368627443,126.05843011889931,0.12428727164455466,0.00038562573943562624
44853,-0.9431041120616364,-9.400450668575715,2.681383490534444,0.7131251907072438,394.8799505241044,0.3571611864571018,0.00038562623880653886
44854,-1.3575923574750508,-10.484650877771372,2.210365129797381,1.9013891281922477,459.98896975223016,0.4614558713499308,0.00038562737647280485
44855,-0.08121701528191316,-9.757493258682427,2.4934805212727182,1.0486021723962107,274.8642297744845,1.4792869380188387,0.0003856820356077937
44856,-1.7174326996603266,-10.540949353113747,2.16021786741227,1.1041640883891202,285.5780441906094,0.72537503549023,0.00038570599873291134
44857,-0.4755447039226439,-9.52254409523351,2.0842794995397056,1.1247236226527075,288.5471231041609,1.5732157185372078,0.0003857100978312162
44858,-2.3279030150670827,-8.457684653924485,2.8346987004151445,2.334210386979278,441.3172325399906,2.147277462144368,0.00038572463064564334
44859,-1.6820792221344547,-9.86277757325219,1.8719100572570717,1.1511779357080862,468.070114781339,0.7139475368242882,0.0003857837163807017
44860,-0.023688228342226836,-9.277088079327422,2.1711581981318275,1.2812978068061018,243.5875511333446,0.000552970303679956,0.0003857849291463801
44861,-5.0302618726222565,-5.150929789291796,2.4236908341608143,0.9652342198639047,467.7854103237324,0.03865964773083164,0.0003857876359401191
44862,-2.791946220657472,-6.655310646122995,3.38805911673208,0.6008843523798925,136.0386463297341,0.43514920842823823,0.0003858035614928866
44863,-0.3693628295770619,-10.53886019189098,1.767564559947974,1.852511321555823,463.41301885042265,0.16728411001449128,0.0003858218827917889
44864,-1.2764299324839143,-10.009939225773968,2.0031957744059103,1.3070770304125483,288.93869562726644,0.4648193736848567,0.0003858508192408131
44865,-8.779976560016706,-8.7602524183301,1.7560560794949345,0.8273587672443119,226.16898801723437,1.045647979381588,0.0003858560429419843
44866,-6.670001852434222,-10.966815827057644,4.474758201466055,0.5040094240512624,148.9687011690651,0.8824303966985534,0.00038587639021805226
44867,-9.954890461611276,-6.633263169434977,2.306469916077868,1.459842735672709,332.66690374593867,0.9344487089944744,0.00038591076803550786
44868,-1.9672884182342507,-9.576028857006417,2.067673185725119,0.7770221704778959,468.1351296530855,0.2443842923948436,0.0003859115129682882
44869,-1.5633899783223786,-12.04265310579966,1.2910708804158246,0.8482810029507696,467.82363873608574,0.13669784320999945,0.0003859409502806588
44870,-0.655161570712874,-9.964859597147214,2.549240218165831,3.956700669557845,556.5509233694867,0.4834136688542321,0.00038594142294905127
44871,-1.9204077177231156,-10.12970212822042,2.048468053846816,2.579263435550637,464.4840303478787,2.013396812530261,0.0003859532700062306
44872,-1.2821608319068005,-10.050601445496184,2.130517379880791,0.9342063424418817,187.65257192835796,0.011292229678357302,0.0003859769130241455
44873,-1.6637249227793678,-10.084106477191472,2.4358185201752653,1.5066866537025532,467.97196718066505,0.6788571538038495,0.00038599757236695137
44874,-0.11156798643821375,-9.981825789552897,2.00370296562617,1.3645766502542935,330.673113603894,0.28898032700465937,0.00038601240627301114
44875,-3.582485567946472,-11.60912585485987,4.417086985773522,0.9429932529039575,180.01148844642083,0.13732169635088542,0.00038602063524398024
44876,-0.9618115399946152,-9.876328058525498,2.0976789131875364,2.6498375311361353,471.8337688340472,2.4170879050030107,0.0003860206532448046
44877,-1.2334587227495089,-9.832564568643932,2.097613341889599,1.6660330496339086,388.5127884192457,0.06069857013045432,0.00038603335438970295
44878,-1.7334676300994971,-10.001265563263685,1.7424100691203406,6.484600221810017,596.8039577854305,0.11605674437813285,0.00038605071921860224
44879,-1.5428042946665919,-9.346587861150002,2.663203252450091,1.1364707898312358,293.71228294818144,0.3329182514552347,0.0003860531730421935
44880,-3.1935173057455923,-6.26212555642204,4.494192643080411,1.8408360963872208,441.49518584001737,0.2756417825367121,0.00038605665368651813
44881,-0.5269487671524864,-10.165054926133422,2.0104868765844333,4.587855402658212,540.3758876585721,0.1335437789050138,0.00038608732180381853
44882,-1.8392908001577961,-9.640812345118674,2.113964152712862,1.2029523163989688,246.33626420571704,0.07571100145761545,0.0003860887142983603
44883,-1.8717925867988399,-9.523807187415244,2.490382626808176,1.6049999272153561,377.94140678756395,0.25129255235682013,0.0003861011938080035
44884,-4.150070652943379,-5.819949748739289,3.1281236752687023,0.9429038063751708,205.16515608607395,0.28991315774286175,0.0003861099722970303
44885,-0.16590145955882107,-9.142534336304216,2.328353523859556,2.5202546804815973,206.47455244545722,0.3207403512816649,0.00038611311679763314
44886,-3.11918260245986,-6.079435881060579,2.075548690772687,4.250401668652692,575.5680478414946,0.373760623959833,0.00038611412856757657
44887,-1.8726761546457809,-10.094253611652363,1.9869290564140054,1.1384520831911962,292.2659532335758,0.41736099538361504,0.00038613824984332085
44888,-4.165608051103483,-6.015743341981324,4.266657358660226,1.0592561463684427,274.5597743297754,0.6828547155670597,0.0003861983470163679
44889,-0.9634918679667308,-9.22314742211269,2.224025474001012,3.486086067541849,536.0941435497173,1.3434378906129476,0.000386203241520164
44890,-3.5167807198099563,-6.1920812821897036,4.632705220530062,2.142859653394968,420.80430109919075,1.9553433453882834,0.0003862098096014808
44891,-1.1971094575839683,-9.811221566767678,2.139245422059698,1.2461063214306975,284.96445402273486,0.32217517116315264,0.0003862240280791258
44892,-0.29686604747382717,-10.134784181923072,2.4612815534829453,0.929447118484883,468.3956653657218,0.5347655994074536,0.0003862429347688554
44893,-3.988569670566834,-5.989504017186191,4.049194451340214,2.756113648167641,478.6269426717158,1.5080997883244862,0.00038625507678678945
44894,-4.917982575386204,-5.46715915178308,3.2532117591533876,8.212676418406666,583.367028806203,0.03185467277750842,0.0003862958392807064
44895,-4.738109631440044,-6.016800280552765,1.396558346475924,2.037910390044512,407.16587528724233,1.618934248119409,0.0003862962791950337
44896,-7.702456401391817,-12.850058617015243,2.7564066501935507,0.8016166591552664,469.0370661958922,0.21622756014694655,0.00038630192480784746
44897,-0.5412593814263502,-10.051918947776745,2.5172320615543007,1.2073048449670856,153.74342319229083,0.26589918457786954,0.0003863065726650947
44898,-1.8418984101152969,-10.47087742225481,2.2604347652114316,1.7185894544390596,366.6484667909885,1.298729676824177,0.0003863126667553789
44899,-0.2976823161797313,-10.554987546633633,2.243441673963603,0.9537457006938578,468.0608069946977,0.8812401474520266,0.00038636444407962083
44900,-1.9382043224579242,-10.104689991817567,1.7416692433790149,3.1283919065131447,509.7306888105698,1.5159504711336425,0.0003863782392853923
44901,-1.0366479087904494,-10.506755396174075,1.7621727767780033,1.3497405659410715,321.8687363595711,0.2133988278167278,0.0003863811579752531
44902,-2.06542201871304,-9.878663278888643,1.7677070657541711,2.271326366658903,435.0386649833357,2.1469042164179246,0.00038640222549430215
44903,-1.8273071358486455,-12.237407125994276,1.357175832755413,0.8726590178799682,227.5911627311778,0.22765326026521748,0.0003864131939251221
44904,-4.991160735448058,-5.460595361237342,1.8822652201706,1.1653492359360509,285.83233986981134,0.9555225842700947,0.00038641521375922373
44905,-2.3659383838747594,-8.042176641916033,2.4042437047920635,1.8340262760280865,468.6724016096778,0.3541795215545589,0.0003864417413283033
44906,-0.41536024967264495,-10.036916466868506,2.520056651239055,2.5506647134471585,460.242918727609,1.5674781583250201,0.0003865603477775995
44907,-0.7559686141321116,-9.483513828682874,2.684668666282636,1.9241947378729625,392.122431881727,1.2201047125970703,0.00038659912051937026
44908,-0.35170677878584833,-9.427683930491778,2.4863815253541275,1.860634239515629,467.7282168565801,0.20208686294096978,0.0003866072313810019
44909,-2.1441822986471717,-10.369231318195538,2.3215417714521167,1.8143406662808916,468.39180007228475,0.8143332096283311,0.0003866245699971927
44910,-4.695757330781321,-6.8940888630875925,0.38586386149213586,1.7485376410915903,467.81305424121683,0.4520171578884016,0.00038663118347354307
44911,-0.20670077313203805,-9.874838928015883,2.6437905519458225,0.8457671958324454,245.1212594918463,1.1468440608381902,0.0003866540419034725
44912,-4.140818193331524,-5.797957858570482,2.8722192438676317,1.982310782039881,399.28717489826283,1.3837673823758925,0.0003866874978565683
44913,-1.9647206571059748,-10.506971015934347,1.4580801692939827,2.3713578747577437,442.0740455772999,1.519674833030681,0.0003866963005795076
44914,-1.4156599428058332,-9.315812584371718,2.173853790535578,0.9791441591483012,252.9581529315053,0.42054932251051635,0.0003867018034240029
44915,-0.05107477796935278,-9.961368344151236,2.467559066537968,0.855274866875723,388.7402630545062,0.5908050120516233,0.0003867739507670901
44916,-0.9641068067865799,-9.268344639621409,2.265970580399128,1.8956076740028567,456.8175721314081,0.48906034733499837,0.0003867991956911189
44917,-5.464826072654809,-5.021210407187485,1.3239050596363642,1.1166755805594895,287.98767800920547,1.4987630256492386,0.00038684201761233133
44918,-5.861031035784735,-5.079244573042958,0.3491814640464214,1.856347586940886,469.79713546516257,0.13072371573212838,0.0003868478285917356
44919,-9.277079105229033,-7.381557506507469,4.243459838684383,0.9145405441469531,260.37416358676023,1.3557008307821006,0.0003868500145886356
44920,-9.370918900246421,-7.396856876907939,4.028837511074656,0.7885607077223845,161.76150891315365,0.07612601358671345,0.0003868701655607431
44921,-2.6719011011277436,-7.20861353293332,0.5647822504132055,2.506733425781375,458.36857503329287,2.2654790248608982,0.0003868822382935192
44922,-1.9883665868729938,-9.777027118799444,1.953447926710406,1.840321194102808,441.189902041465,0.36679803134164235,0.00038689182946231333
44923,-1.4471427635649423,-9.9263201662509,2.5648752535170005,1.545765371294047,216.72096083967975,0.47249406612079436,0.00038691629164305525
44924,-1.0778073251176483,-9.86163180046774,2.644337611915832,0.839263162219371,245.75396789601757,1.3795617816618178,0.00038697293638021037
44925,-0.07704549247015358,-9.950633887760826,2.468508733247289,0.978575089526494,299.6875119162363,0.6744824009932158,0.000386980938974264
44926,-1.066490009479736,-9.96006469279925,2.5411213590465724,1.0895697738559587,284.759911706552,1.500942540532999,0.00038700875889294907
44927,-0.9868739231241488,-10.279382004420421,2.379778365958674,1.6689308097770985,468.5171702354858,0.014090173401746675,0.00038709706127385045
44928,-0.9813110188201257,-9.479625411189781,2.679618340172779,0.9556985733245287,467.67089926730796,0.6697145323219047,0.0003871003131503934
44929,-2.191210746861799,-11.765356039040325,0.39570336548072726,1.3621947280130386,295.8805925833633,0.35972831383886383,0.00038710410156635655
44930,-1.951586515409863,-10.044189619883246,2.4517973385201457,1.9241411409275062,390.7336648571267,1.2001925851413242,0.0003871478543218306
44931,-3.961955187807648,-11.881046688559584,4.372912687369641,1.5839334957552562,470.34973100547654,0.19088955450888,0.0003872156257032022
44932,-4.699685973238539,-10.080839810082253,5.039439925496363,1.7284072319722272,376.23136175560467,0.7990327840610059,0.0003872200551028415
44933,-2.468486524138166,-8.245226580640193,3.996152976068855,3.0657204304917696,502.35992477573865,1.1700804624115682,0.00038724202320700017
44934,-0.09497153814104387,-10.148214527814913,1.9994725573175003,0.9559563821251477,217.40856411489725,0.044837149428153644,0.00038724861106302
44935,-0.24907005537600924,-10.423796647109247,2.217872820027064,1.0951547164816835,467.4641707914992,0.670330616868509,0.0003872773045865186
44936,-9.86475007249991,-7.155465028711058,3.0503619925961347,1.455333290976116,331.0072579296114,0.7631758715482055,0.00038731489269957993
44937,-2.082004384485746,-10.390653037035325,2.3076137690592526,1.0570905991237716,275.86257132246266,0.7044603077889864,0.00038731865102780035
44938,-2.37015248969289,-7.83401687344943,1.8070974110071196,2.3025653154044528,436.1414949140269,1.6095910185690316,0.0003873255736851
44939,-1.3064879419533177,-9.429229737249804,2.566539293055814,2.568376205091852,220.33772303543233,0.28971536210673765,0.0003873401453889275
44940,-1.0173521610779321,-9.457021218591914,2.674664819916182,1.6741190402889634,167.748000164173,0.41958235247058173,0.00038734749063477957
44941,-2.1019443716754687,-12.308595540808795,1.8099219320545443,1.5659299890969256,357.38563299512185,0.610100584312959,0.00038736041548769335
44942,-5.195020375901496,-5.134934372063205,1.8866403997578092,0.875738939353248,217.7942199154768,0.9570397227543008,0.0003873636217621841
44943,-2.290353950682178,-8.984298333757096,3.1975015492969394,1.3363990410942688,439.3598563412383,0.10924943688833366,0.00038738484470205397
44944,-1.4455199768800604,-9.250158937370028,2.2654923307440167,0.9355312232986464,262.9058011715045,1.8312213120011878,0.00038741847034353555
44945,-8.105048740110629,-10.357300438822369,2.004079327725161,1.875819409403908,468.1578462027312,0.01367405338555372,0.000387435004065688
44946,-9.029125464196166,-8.350819938095013,2.1369952876529217,1.1546017885297932,278.9917509612687,0.8392878093530296,0.00038745781215122194
44947,-3.30825308991162,-6.262790048184041,1.4771442135680688,2.55823791966532,181.16659778374844,0.3342152353893715,0.00038747419788357244
44948,-0.800644727821421,-10.305901543576242,2.342768974238222,2.4235488319128917,444.27160368281244,1.1776986953646382,0.00038748822698129255
44949,-9.076003836191182,-8.229717843530334,2.711412430351204,1.7650339502860228,419.5214414161868,0.6963145054466322,0.0003874901530125623
44950,-2.243856325482887,-8.917586920808944,2.6088600896378105,2.5838195849147096,465.02274103409076,2.041021918150552,0.0003874962743824469
44951,-4.222826333393256,-6.145337388643267,1.593994552242361,2.066355538525749,395.8192196967259,0.6205756859669842,0.00038756147591262894
44952,-7.111039697878895,-10.009506492711708,4.636365944093422,1.0347223037297406,280.03171310158757,1.1190071003528255,0.00038756856911999524
44953,-1.636272549009826,-12.975428588372738,1.1684185579657627,3.1096525786105413,501.47704005360384,0.283693747911685,0.0003875918134577497
44954,-5.160406120866265,-6.278009234641724,0.6591174859719361,1.0391462629948158,269.3797287055007,1.279385247116764,0.00038760839928207366
44955,-5.884810442407222,-5.288141744758846,0.26999641049864104,1.671287556170378,467.821304426455,0.4007224936203757,0.0003876126764181075
44956,-8.706297966934477,-8.79531993593061,2.4579414236197747,1.0646281813718619,275.77688624227454,0.7694073091482112,0.0003876689872874401
44957,-5.712302153917913,-11.99902064849084,4.407142851203396,1.776074717152401,421.97741426475665,0.16753970806929352,0.0003877006154229812
44958,-1.0765139384510967,-9.777740351776927,2.1234727905753563,1.4918028516521034,337.0859321947033,0.9310687556410686,0.00038770150548541075
44959,-5.385683231815768,-6.030135549053018,0.6870075559596224,3.4171528455154654,531.3128976901395,1.387179993375983,0.0003877297799382725
44960,-0.3470189173671283,-9.395290458457245,2.6595396017545294,0.6694662090969732,467.4708220803797,0.43955191953399364,0.0003877364321807817
44961,-2.5644253297007378,-8.023287859020982,4.744526518681474,1.0720220830216303,279.9415444555742,0.24779961482323554,0.0003877443759308332
44962,-8.116394521200109,-10.261402262995059,1.287440682724466,0.7928337395482278,173.23230603284776,0.28826750262117695,0.0003877648900286485
44963,-0.5431624837245259,-9.784287451658484,2.1187516736386063,1.699929576945823,400.0136493446394,0.3196110592237469,0.00038783545089219793
44964,-0.8378059993298965,-9.956264703197798,1.7778386926148062,1.6621788299085891,386.4934273056117,0.3224070761362148,0.0003878378360067873
44965,-5.411875754939752,-5.242886167268925,4.1629893716076865,1.1132327201347911,467.2922283695008,0.7795040284043706,0.00038784387876797654
44966,-7.194873481713985,-10.533570335462995,4.237027831099597,2.4393724444836704,444.9073713638458,1.1040628947247102,0.00038786952641352003
44967,-1.683155910272033,-10.550141465023206,2.305229590333966,0.8593108192249113,467.2862675978659,0.054944533656027694,0.0003879899993425918
44968,-5.36932251008947,-5.5503394365005425,0.9489064099363258,1.902848834521689,458.9496209462236,0.5591209184218773,0.00038800122177318967
44969,-2.073769847532944,-9.68981211845469,1.7392131042937642,0.8267994831909524,150.09767321980294,0.1858568404209997,0.0003880077748349497
44970,-4.776972381718366,-5.547197342642904,2.5413688197607285,1.5621223418980188,467.85193978623073,0.3812995204772811,0.0003880310915847018
44971,-1.698785305259129,-11.420972724552351,1.165638028932456,1.4556139227251916,252.84678837639336,0.016303814544027517,0.0003880374977148732
44972,-0.38454060407546464,-9.889571927301638,1.7704528755282312,0.7838145900483667,430.3140389535732,0.3715913698957207,0.0003880624645063376
44973,-0.1865760947245949,-9.117047051858314,2.3958469842528713,0.8449882302051139,467.5760856679262,0.2740682719852554,0.00038807855299968265
44974,-4.628118242542779,-6.196134071595919,1.3185252637143536,1.1824570706481052,303.2815015249487,0.8708568565275314,0.00038810646255880613
44975,-1.5842712301880155,-9.641974151880017,2.6711132406904223,1.2947637950441937,322.83800738263335,0.3566984512677065,0.0003881353963752526
44976,-1.093779575208785,-9.923708123863893,2.1033363387252337,1.777659837701149,468.5768614019497,0.4264922195560983,0.0003881521671844502
44977,-5.0439527977783865,-5.402173460078214,1.8632399362306424,1.8685910018099174,449.10028209810855,0.15589491705070824,0.0003881552571589912
44978,-1.9098068292202353,-9.79829832265349,2.6478796194936645,1.3344436116845713,316.0012622459787,0.19202671274654737,0.0003882131844684487
44979,-1.3637578186044816,-9.647642928128334,1.9911253965498885,1.6768636765909586,366.83615817882963,0.8662872001300785,0.0003882203614824091
44980,-4.811645108856533,-11.326945299663045,4.505116677886081,3.3136368470227113,510.41835284809713,0.548834988783967,0.0003882392515790058
44981,-4.947035722164706,-5.29379494616582,3.182243804530376,1.5333444584547742,348.9867141835663,0.6268632402878769,0.00038825740801909104
44982,-0.15619262139486345,-9.878249544440482,2.553479683571652,1.88118729761233,469.7684805863641,0.01800398609965459,0.00038826116759548116
44983,-0.9495813606087253,-10.451927307263173,2.1650847247990317,0.9144410504013605,177.8183953300846,0.09088568880571035,0.00038831330908402947
44984,-4.265355928653433,-5.710390254056105,2.8668977758796155,1.1606774467038066,466.24138116620037,0.17260911846647087,0.00038835778682867734
44985,-0.18907606785528586,-9.857491894201013,2.0892903521048383,1.8828256386238371,467.9212951256461,0.2716371745264565,0.00038838492855545624
44986,-0.6519014509830843,-9.278416070396327,2.5216633275356912,0.7349629530764709,219.8259552817683,1.4818446600890693,0.0003884914228907364
44987,-6.373073352975714,-10.600314858699948,4.720314963459352,0.8611486224967587,142.76746938743497,0.1142008045295535,0.0003885956204158948
44988,-4.633928453492774,-5.636401985049319,2.621373640628672,1.1450248657400068,297.9330391536028,1.7209325698416214,0.0003886026417600475
44989,-3.950872774341427,-5.8412453434822975,2.796961400631986,1.010115880056102,277.2514997638192,1.3173113244137298,0.00038864144575577697
44990,-4.459636339456447,-6.014733121179013,1.6791768987069222,14.225454548184437,520.6036240108855,0.14181337140424333,0.0003886506998780635
44991,-2.470589339730907,-7.811478167648867,3.3840208558923313,3.680701212795943,544.4762121527859,0.7420541699335557,0.0003886615638559203
44992,-7.293441140557457,-12.948489824092416,3.606430891503132,0.5433104848761511,130.2076788435649,0.75608082481161,0.00038867530507645916
44993,-1.2044314988296048,-9.418885898590233,2.475576060997806,1.162204754281703,300.6473645817611,0.6834640339824922,0.00038868580000145326
44994,-9.357466781321357,-7.6067169498062865,3.666059847081716,1.5364816769124015,359.844139969939,0.33320820056046596,0.00038869774665769983
44995,-0.12246762442306114,-10.680521421017005,2.18210302907892,0.5798195829920871,121.50993963827254,0.008843403613554734,0.00038874291726865087
44996,-3.348495659885198,-5.909584876449182,2.369043023715735,0.9512117765852928,235.81395217993236,0.48437796729088856,0.00038875658711615504
44997,-0.31597249286732243,-9.771196093780738,2.4841408353346757,1.6129708809268062,377.94633347896115,0.6062762334405685,0.00038877658199469546
44998,-1.8206058333922108,-10.035733553681451,1.985321066163855,1.7724710811940683,468.4081675351118,0.5395770795975476,0.0003887965150039425
44999,-7.835194881022193,-12.954538603774857,0.5773851494699124,1.2782112243909152,354.6287249690286,0.8038891163978317,0.00038879723035328465
45000,-4.658895934573523,-5.574382331211413,3.182919371010743,2.8029979997215246,469.5631662547828,0.6355983776257235,0.0003888534649820976
45001,-5.216569825688629,-5.0282628095841595,3.4172409275871702,2.280949346416483,430.968803452643,1.2869074894262038,0.00038885379914000746
45002,-2.3848649978312944,-9.110600895181879,3.9993791409930037,1.5491177213500744,351.31760633461374,1.3556651030563946,0.0003888615200348265
45003,-1.825798034920199,-9.945583659971016,1.9056848229423333,1.147482601063534,468.3467530724346,0.2016027821786155,0.0003888744551472556
45004,-2.8882484719207255,-7.108723851391728,0.5162961372938999,0.7434426525759573,185.57123149619835,0.474078653356206,0.00038888261326723025
45005,-4.392179123470613,-6.008180416484447,1.7985160342735282,1.503733773422383,344.26956297999044,1.9866549568691463,0.0003889013398092023
45006,-5.239172378815917,-12.811347538470761,4.319285406523671,1.4284221929188676,317.2157301233956,0.06816611213566404,0.00038892999165747737
45007,-3.6893132692139208,-6.1845632856994905,4.526294760773487,1.887868440452351,468.3313041406157,0.6240180254003187,0.00038897434106887404
45008,-3.262132596594772,-12.65509660904271,4.304055932490206,1.2866450651498988,469.1840756204589,0.595892082693525,0.0003889890478422553
45009,-1.2061040247308057,-10.333252876614502,2.254184442205027,0.975890671136086,469.8861509649449,0.07215530321428965,0.00038905798956078704
45010,-5.078745103581424,-5.775621053081043,1.29154366208184,1.0833542817323154,468.5604541223739,0.25315234647882967,0.00038906675129187786
45011,-0.4543788795321131,-10.25537415709948,1.770758979459377,0.9668146614998383,241.2736109159172,0.23581844369407268,0.0003890890196364313
45012,-1.2493169538792657,-9.681604751355161,1.989361021661054,0.5009433872326307,144.1580336743913,1.00266957504728,0.00038912339834247143
45013,-2.1650205067765746,-9.45559542126057,2.58295525572612,0.7160071725952909,218.84588908911533,1.1129085030318668,0.0003891662012383892
45014,-5.73953402623569,-5.10687539374178,4.727897098607618,0.9175161185451,184.36756674516067,0.421425066961997,0.00038917858824746355
45015,-5.768340255268715,-5.871058870717167,0.3197926887028222,0.8717255085957369,467.97834356981457,0.35803768254398616,0.00038922894928038225
45016,-1.622325999606229,-9.537753485442277,2.663660679411818,1.498915498961649,355.149943404432,0.5701951046982074,0.0003892326765967685
45017,-8.525531629913575,-9.26256998758216,0.8542607634409962,1.0334125353834582,448.560524852151,0.37024827635272484,0.0003892505971469367
45018,-7.035369616602078,-12.469303318164416,3.9397072164116027,1.535207517942205,467.107985071401,0.3463916713617037,0.00038928046055700387
45019,-5.106816222312477,-5.270821869925424,3.4686810764892555,1.7268482390421622,408.52975029300103,0.3641667989982631,0.0003893040297709588
45020,-2.3743894207063567,-7.727914616070811,1.0168184760789158,0.817429824401902,219.69578809063057,1.0263086095924887,0.000389311091480257
45021,-6.120542360033445,-12.479452850844622,4.338642361773505,2.16842101484465,418.06003764524525,1.2026103944438455,0.00038933569366579926
45022,-9.192824255514301,-7.291658390637604,4.5231281828548875,2.159395785962173,209.7339784171972,0.2186767819176767,0.00038935199029762317
45023,-0.2413681044380418,-10.258045131572231,2.3594188533617833,1.7403429227375975,410.68901601857846,0.5546842747164407,0.00038937134391924
45024,-8.788149398604034,-8.045008061629785,4.155439557244788,1.6922355471246557,463.5479411024518,0.8005388300112903,0.0003893860633173602
45025,-1.2341594369092874,-9.345721403776707,2.547262907192952,0.6722561711079782,202.85889309373462,1.1813453577717299,0.0003893869842711412
45026,-1.3204412394619265,-10.448707226068873,2.3989627737836536,0.8724043379553839,223.6807963133483,0.878894479584889,0.00038940730787729905
45027,-9.586006159645178,-7.232214405111013,1.788826943981176,0.9807259241090263,212.303675519639,0.1673110059604932,0.0003894261637254824
45028,-4.327152661168644,-5.665374830992161,2.5974140439999283,1.4845338749031067,337.9813407900182,1.5854989596922051,0.0003894857884266417
45029,-0.28756177368224023,-9.919487008186545,2.530152982780325,5.1689130730815025,260.349166618461,0.3703639104798979,0.0003895023472588703
45030,-5.179359839269313,-5.340118477596626,3.8446659972081965,1.2209537309054976,424.84932369731666,0.5898993522621989,0.0003895219087539374
45031,-1.7919102894108825,-10.38823706215708,2.422285571371492,0.8210157125016024,192.81418511520124,0.057366571085116114,0.0003895468939078358
45032,-2.372973431823464,-12.962525911378322,4.448231570545833,1.2544601790346264,278.24775267826635,0.29910219174549457,0.0003895902701358008
45033,-1.4415102640864461,-9.437220559207022,2.569696345609538,1.0861485639502493,470.0176442945083,0.22325581702704778,0.0003897192703335884
45034,-0.12298020089123796,-10.372203835418226,2.209494157640567,1.2702979420470915,305.61545415616655,1.4960494211434385,0.00038975845648519093
45035,-3.380785101755074,-10.822533331164152,4.631593998767034,1.2709184207845374,311.85257914094353,1.0647697190026255,0.00038976000812449094
45036,-6.551255621317892,-10.0958602498707,4.9457427253990165,0.8405982699594797,178.47494916660463,0.9583808018869533,0.0003898048878499462
45037,-2.9224533657949623,-11.235166836259237,4.992095443525432,1.0801699418763773,468.0820705138767,0.847801281097067,0.0003898660407608873
45038,-4.0335424465785845,-6.00464269167241,1.87222517285467,0.9671235771349428,466.9716381225015,0.06255349627570883,0.00038987274680651814
45039,-4.779908423403367,-6.306126994012735,0.9569029252867086,9.326949319133885,293.66101027328364,0.32414301219905983,0.00038988278052365887
45040,-1.1647344091655238,-9.749419086152017,2.569162700814935,1.3966229974807642,316.022941913472,0.850096714634005,0.0003899110992399581
45041,-0.68488425638159,-9.613540588259353,2.080772411892928,1.2819074062612101,310.24350559438943,0.20148286377983826,0.0003899364383810853
45042,-0.4451407186205216,-9.150394579416691,2.412333902073095,2.2606793529741167,428.4436694922434,1.1337750013312604,0.00038997422062228397
45043,-9.968086319381797,-5.63721534204012,2.1929179471615745,1.7923006600440812,426.4939145575282,0.03496728568491925,0.00038997728251732844
45044,-0.9550416433583511,-10.40201846043505,2.231390719512698,2.167311493833726,421.0541203588607,1.5338952903657548,0.0003899856702631645
45045,-0.2434882321154035,-9.31867179823941,2.524789293318835,0.9503134194105509,467.24825338722314,0.1275038962308006,0.000389988720890115
45046,-0.90400710077318,-10.304844600217226,2.2545027913376057,1.9673583127476586,382.226158143016,0.22656521549967312,0.00039000542447382216
45047,-9.984331526443395,-6.911110013333112,3.0817341374845175,1.3109069639058841,303.0868922420319,0.40492448629446276,0.00039001970774860226
45048,-2.1762665395916265,-9.587326367707949,2.716667889961594,1.2062513653469942,294.8685009276779,1.290032060484978,0.0003900261422977543
45049,-2.4694412845534828,-7.780653999042725,3.0964300427764995,0.9011058383404711,180.93012320778107,0.7709361580320255,0.0003900462640302143
45050,-1.280344237009329,-9.772899451661692,2.4855745858075866,0.8134205205829257,467.0184690034247,0.097230670555839,0.0003900660736711122
45051,-5.798501391982234,-12.003085649492656,4.404110077526169,1.3196615011901158,163.3861246606101,0.20582599963790482,0.0003900692995320706
45052,-0.5019931069672463,-10.38998446507737,2.3287874693450874,1.075428683829616,467.9921088395073,0.8879486602983038,0.0003900842682663216
45053,-2.2815626300449265,-11.94698760554778,3.1716147154553154,1.7900356399032582,423.4275181279695,0.6116221528851513,0.00039008818845323134
45054,-1.399055161881046,-10.420206476559276,2.247835083188971,1.3602002532909148,308.4038102113249,0.0029754013464433626,0.0003901291826297988
45055,-3.8495407021366104,-6.007145289985733,4.031688349918747,0.8286140163647665,163.94343452475326,0.5180140251716336,0.0003901299867646462
45056,-4.98757223159487,-5.56283244187549,1.9859373260802342,1.656496060477492,388.493060546092,0.28453716743811963,0.00039013452712831137
45057,-2.3735890391359753,-7.914571138991602,1.941018517739443,0.5705709110485223,168.68969078352958,0.9850317661097465,0.0003901851105521433
45058,-1.553146109584171,-9.350415116999145,2.273374653290096,1.1031113895051785,467.0153864842397,0.8076368207320188,0.00039021844187236016
45059,-7.736561491424178,-12.599831527367192,0.40706598569404967,1.0375368298994072,271.427650427922,1.315939220820522,0.0003902286636653121
45060,-0.443360109052394,-10.163937564355747,1.99122348740507,0.5829220048585758,179.26070382402423,1.01123613514868,0.00039028256594876305
45061,-2.1282355589983224,-9.631123787303373,2.639042809476012,1.0038051311041818,425.5896858582267,0.07721074897218827,0.0003902840912352671
45062,-0.703576623656609,-9.78220030383645,2.632927784867228,0.9255592971747125,359.3975771918845,0.31473564940053134,0.00039030282379015624
45063,-3.3611388159956865,-6.643226610464287,0.8778243974385236,1.4782525457433133,354.6251172433129,0.5891812772668645,0.0003903136894147221
45064,-4.5111938348224365,-7.049692466362389,0.28485020899867697,2.0161986102390315,398.76809522518363,0.9927474331092547,0.0003903352859122116
45065,-4.160662647430358,-6.56545299330208,0.813236489945873,1.1266727390132876,467.4078100539645,0.3186825366593453,0.00039038674054854897
45066,-1.829311088312755,-10.944805229210198,2.1957189313816325,1.826838805620056,442.0592743449334,0.19122389791600725,0.0003903957525755531
45067,-4.101000534195736,-5.838002680174205,2.5446763307291267,1.7974196345869504,467.90280503366796,0.20395372590151073,0.0003904120093950058
45068,-4.002873571581052,-5.8453356046163,2.6223904471549075,1.785781651329321,459.0549270064858,0.8164715012935941,0.00039041234217238995
45069,-1.0089014629570858,-9.39638750574247,2.561681990368117,0.9065638658736005,241.70017135063708,0.4834127975742719,0.00039044987636569997
45070,-2.182429942328471,-9.149860134190195,2.356702787710174,1.8907912022656428,468.07815595844556,0.5108404881881743,0.0003904603248139947
45071,-0.3252820113139432,-10.166749527458904,2.0914446458895544,2.587254549967691,465.3198517346983,2.0901625538763193,0.00039049355550450487
45072,-3.694214610448686,-6.048291475630917,4.0251283784347605,1.0831189524084797,139.3312250654886,0.36474295774205423,0.00039053063309840393
45073,-2.0415243101138634,-9.854946003288266,2.4435641783421778,1.5429966845462841,349.84160640455633,0.6687993605512306,0.00039057226972946777
45074,-7.573416690446286,-10.651056315589999,0.2544153812785924,0.9335791488660123,141.68437429470893,0.37788694639839004,0.0003906127404918404
45075,-8.233685431556687,-9.956025473446463,1.8130233058339016,3.054758898035948,504.0878457854493,1.5634469250448904,0.00039065925574217826
45076,-4.625136819899248,-6.166844657723741,4.934722497322033,1.2196092727537673,468.9697354207369,0.2887862407287267,0.0003906943400304331
45077,-7.830751090433415,-12.931961347833289,1.6827421913366551,6.195586029472457,394.3203422623945,0.1445450003740394,0.00039070096409321364
45078,-8.438544392765566,-9.12432298518826,2.858192322499153,1.0188575122229642,372.68069793204694,0.12477043423970269,0.00039071076061498083
45079,-0.31293212266876225,-9.898461242167336,2.0826122467320505,1.8256952824296426,435.02762209193475,0.40681762793473286,0.0003908850820367777
45080,-1.2918936936623133,-9.565333564566174,2.5705385761102857,0.9139266934208303,217.18497110699616,0.06018830057257052,0.0003911338740824075
45081,-2.0608980790942955,-9.701398669601533,2.5312037033630617,0.8255870663358525,216.61973639752821,0.6779915872692586,0.0003911404668231793
45082,-4.219412693739979,-5.76872862697261,2.2513866793282875,1.120126340145037,288.5967354512626,0.7656151036037118,0.000391163280469253
45083,-7.168709519809111,-10.376017779026785,4.343503762729407,0.500846973006459,128.41919201171217,1.0185260666192208,0.0003912138502553957
45084,-0.07327620450469574,-10.402455345974916,2.3997455420906704,1.1510396996974832,467.4142478823376,0.2762253449117962,0.00039126558535771457
45085,-1.8316155983755689,-10.099163160568928,2.441607418388918,0.9659876473929032,454.2479221861384,0.913060137441108,0.0003912826860960585
45086,-3.929098713936269,-6.0204914724457606,2.0871057573933918,1.174650380162158,300.97610328893956,0.7689542049223173,0.00039129501884658006
45087,-3.239498683410292,-5.865801132295113,3.042679860694458,4.449811768302964,591.0213473308521,0.5951949432402941,0.00039133789474634023
45088,-2.8392242370390246,-6.853156274225262,4.493093680537202,4.024780331442828,559.1836609323352,0.42062810556978203,0.0003913597919904022
45089,-0.0305040763466895,-9.607358792377205,2.643694020044769,1.039657069579596,280.2858404942171,1.383105500286903,0.0003914092760157414
45090,-0.44779082751466426,-10.248309187429625,2.3438343744056844,0.8635474236742953,206.59676999797503,0.941450659201581,0.00039141376103023353
45091,-0.6920184925685859,-9.822930597821504,1.991479533985127,7.968088850240503,716.2908745505587,0.2706680143234559,0.00039142382155130687
45092,-0.005694490389348772,-10.455488341440697,2.2822115838450125,0.5210865738823277,112.20691938336773,0.009285450464239453,0.00039143892315999184
45093,-9.331582293794002,-6.302088280122855,1.0148884844535837,0.876208441377725,469.720246426163,0.11490446916234465,0.00039150713069922063
45094,-5.305081222783075,-5.105992321380168,3.7150839359824372,1.043580296256731,467.5648909172429,0.1613892976649982,0.0003915842102084006
45095,-1.8220874455845575,-9.948959039395355,1.982307115070373,1.149434932613604,468.2502626809377,0.39416952767411306,0.0003915938099608455
45096,-1.7718129133021066,-10.46643065172475,2.158024795163396,1.1405206908191021,238.19249510796055,0.43396457780855346,0.0003915948185778182
45097,-2.717546040129805,-6.748962493709052,2.6860520351377133,0.8716993045274737,468.42259376403535,0.9133537219168995,0.00039159764716532446
45098,-8.464134119553979,-8.696885350119393,3.687131698336671,0.9086356278542886,237.8591462428,1.0445759697247254,0.0003916299052932141
45099,-3.0953074959132687,-7.280647983464265,0.3417195395757664,1.8141987127393489,432.1122240061989,0.4538774588203358,0.0003916470510936837
45100,-4.777020479945725,-5.865882887411086,1.5727325619266312,1.180755102732735,290.88589576599355,0.7249373437775386,0.0003916836944489953
45101,-1.983567859223358,-12.635552314788551,1.493586539341862,1.7761678049177247,376.7847200377175,1.5017436101839214,0.0003917002662766879
45102,-4.909833465973231,-10.726732329087751,4.698785282626352,1.9785878514559876,397.5531152985777,1.027992615929537,0.00039170456146392927
45103,-4.526153804478991,-5.922757048382404,4.112838289534465,1.6320962759334046,467.78398074018435,0.16867955637714172,0.0003917156072275399
45104,-1.53173698827554,-10.036072564169334,2.361859863854135,1.0721507437152173,468.00269161970687,0.36915859074991175,0.0003917844854111451
45105,-5.052125448894339,-5.939180967021402,1.028284469274221,1.5810375494604387,342.4883619930524,0.3967866096139838,0.00039178872987243594
45106,-4.75386916178784,-11.313836436932034,4.502140120674923,3.9003014731206713,555.289971747573,0.5265625979007522,0.0003919074679309784
45107,-1.6529160071854818,-9.861914886723923,2.522579250038232,2.4485771035132036,432.8350403022015,0.21956554735192402,0.00039193172770629804
45108,-5.04016910096394,-5.224740411009278,2.4594036907951393,0.8914174811924847,186.85909469971472,0.1270746618217622,0.00039194898329849697
45109,-5.262436637157989,-5.272916442064431,3.7079404276171344,0.8742439543443942,467.6205594048525,0.2724245720989078,0.0003919807525368816
45110,-1.5804885363653955,-9.198062400618674,2.283342168566732,1.7205674355837695,405.57892050971043,0.1789658947194992,0.0003920123356500225
45111,-0.8465750288917775,-10.44623476397892,2.1544060943099677,0.7491056874241923,150.70219884338437,0.8910984262656525,0.0003920401146265955
45112,-4.391435642117653,-5.846760640260185,2.048617674807028,1.0770589103107684,281.274357284333,0.7421785492538406,0.0003920674612526915
45113,-1.0391133903418535,-10.36016189621833,2.408902188712469,1.8191131418903037,435.5259758629571,0.06483454631852403,0.00039211350081782485
45114,-3.6972016768765172,-12.179113773449286,4.328224738736327,2.239547655088854,430.0519119848628,1.7988206798993867,0.0003921296213299855
45115,-4.413231593610486,-5.71944030423313,3.2772318742201825,0.8455760265558829,241.33413916592986,1.0461466893297793,0.00039216599432775114
45116,-8.111124448924894,-10.355883428268985,1.5513225924659118,1.37801090176534,214.6285393618523,0.02741537888362,0.0003921696588738842
45117,-6.571112967837934,-11.537427298417565,4.360138432557463,1.1312084952497234,230.24794667719044,0.001155002233645952,0.00039220563420273147
45118,-3.134801552530064,-5.9916648483704975,2.665957173360524,0.7420539484386639,219.0286586450857,0.3890231129010484,0.000392205920388239
45119,-1.5989864029516188,-9.324589924326373,2.227877962392288,1.0936980816456765,283.16079548581536,1.6324871062964457,0.0003922203273678102
45120,-9.997947464311197,-5.964414364487816,3.6537781780778356,3.7281321552817777,547.4363622595458,0.7212001809584381,0.000392389488225137
45121,-5.25156801713425,-5.172562630948045,3.5124848703018725,1.8192649589119472,467.59720397314646,0.40340870601853407,0.0003924255095390934
45122,-7.3779215721573,-10.626188161792935,3.953614468413423,3.199082355133588,512.6512370346786,1.1088639576296524,0.00039249045522791846
45123,-3.1581068806806476,-5.997553190981993,2.2729826253002736,2.785379318454806,470.53248513986887,0.6551636309925781,0.0003924914926565306
45124,-1.078913082009274,-10.295049174771233,2.2506419188088445,1.229392995591319,299.23633929189083,0.5133576483269833,0.00039251354220435806
45125,-1.2462252032846148,-9.493432586636363,2.549856125263994,0.9873857855103901,467.6131151760974,0.6656832896503113,0.00039253473586550914
45126,-9.495649841205923,-6.751003677597398,4.451653668350109,1.3660884908830628,327.5845201040731,0.46984063851051605,0.00039254265537454176
45127,-0.44300060113166495,-9.91508429911202,2.5021187137461953,2.3934524670107375,444.14848232123904,1.4750499129635104,0.00039255972341774867
45128,-3.4500153923943158,-5.997132269370088,2.0533780371907095,1.4275996291923696,330.6578246914337,1.1427530094286071,0.0003925952134102012
45129,-1.752752076237277,-9.777597019602037,1.2399952349149133,2.575520153220647,465.0724130665896,2.4212080531852163,0.0003926546635743894
45130,-0.37553413592594254,-9.656543415691058,2.5609736931186338,1.14660471013364,296.0256641281729,0.9006527702211153,0.0003926641492566547
45131,-4.208426411786611,-5.756572391593097,2.429021127673151,1.1902732529399436,201.43387911628258,0.11784423922124265,0.0003926957159061773
45132,-0.8828694261175425,-9.634098008459489,2.555638043127432,2.98440489098287,496.4839484998446,1.2766909141431908,0.00039274109652465833
45133,-0.9894268533143382,-9.971209592990084,2.081208373157657,1.4469947459017134,320.61496403989474,0.0704695116962899,0.0003927587197705313
45134,-0.8205988462804221,-10.436535229349186,2.2401839583874614,2.3201815034108453,432.33360114714344,1.0397175876401397,0.0003927725283148192
45135,-9.320708911004427,-7.072176928071581,4.5232556213482145,1.1216552956895964,466.1941248459122,0.691996709755367,0.0003927997368456075
45136,-4.150344982211607,-6.221466248648354,4.854239322059547,1.7282771838579487,409.46428866231986,0.7618577094450947,0.00039281835237123567
45137,-4.6838319401206086,-5.5344401069169065,2.9063975961036204,1.2654408502758294,288.9113454698162,0.23429428166165067,0.0003928383423954237
45138,-8.028685731770027,-10.889290100059583,0.8784977630114514,1.357866803729496,302.2147993688574,0.21068918879438936,0.0003928417210456753
45139,-3.759641698031473,-10.62606647683669,4.708489591236642,1.6589844006175223,361.69842230559135,1.5406170312057617,0.0003928927910882449
45140,-1.9977969943645384,-10.394548362502952,1.5195207358701541,1.8004390502228478,427.88530758350373,0.4878985783674601,0.0003928938615483359
45141,-5.299190837696821,-5.477539787834412,1.0991500410214325,3.3414706676729704,459.8081262216604,0.11321809720549059,0.0003929211168078107
45142,-1.6216269039451543,-9.5516678470515,2.6292062776014875,0.8162407935595992,233.00568559310983,0.8106025362897222,0.0003929563617253783
45143,-0.9223023262809598,-9.499247675806846,2.545140520391116,1.5280742798605267,468.90127111949516,0.915613642786469,0.0003930045416071086
45144,-2.933169542014892,-6.474763997288031,3.917947016158601,1.5630612521502834,392.7565478200489,0.0013629371056005368,0.00039304293416811
45145,-1.2698585687220394,-9.588808658389853,2.62869461145585,1.0944171471929303,468.06147403340117,0.35248995493369417,0.0003930669856486473
45146,-5.376774100528003,-5.927980720260888,0.7810713422567133,1.6393722129959334,384.2899262131901,0.5258241144168876,0.0003930701982344243
45147,-5.66666770291065,-5.073076570478665,0.7892978641615728,0.8992541932061622,468.3995354518349,0.5362402241089468,0.00039318423007431494
45148,-8.867077133587713,-8.262046152403585,3.474941176690274,0.8702345214253813,468.0551244257884,0.4201924092228184,0.00039318723587324615
45149,-5.0442272008667866,-5.746876874598326,1.2061168860064548,1.147019032807774,294.0570218744102,0.9669094564748129,0.00039320746291641236
45150,-2.4508951092546436,-9.283215819778174,4.821422022162081,1.577243644638841,351.92277253686535,1.6560751817941126,0.0003932359820877693
45151,-2.0567511097406914,-9.252772356136687,2.312719019210985,1.7127143682531503,348.69410872367763,0.6129893771629567,0.0003932493039258966
45152,-2.8727845419965092,-6.480625492181276,3.25502796042754,1.550192722921204,364.17913827845865,0.4701299233825038,0.00039326058565234453
45153,-3.750566499087906,-6.17748399051261,1.6949684471968014,0.7005052271297788,146.67359029767738,0.25131623970913086,0.0003933426942259933
45154,-5.803681609991581,-10.700300698823918,4.731790607389743,2.139215709667799,404.26473515168203,0.44136953512670374,0.0003934746472862008
45155,-0.3435807888539486,-10.027047896295649,2.2768695405931805,0.8103541410352413,302.7707908369533,0.0696796689158754,0.00039352648293409153
45156,-2.0280869380669557,-10.63584193337947,0.6452688657079108,1.342616294441813,301.80189326142164,0.6495942611116519,0.0003935824167313342
45157,-3.4006584908077375,-5.960912556727839,3.676453779102698,1.8082878270848337,428.89140144531217,0.6343717965839435,0.00039359635303097605
45158,-5.065561215162736,-6.104160013502294,5.093564907385339,1.045353779186285,240.1995847392067,0.4621550814218489,0.0003936091420253438
45159,-0.28776364697839263,-9.924543596994667,2.448258558213479,1.9920379222746627,301.09438472054086,0.007533964994416387,0.0003936171489044516
45160,-8.089578705169425,-10.479479926378954,1.667973094159294,1.3826325348626567,290.16795039070723,0.4811291665847621,0.00039362003400460264
45161,-3.0267510695590456,-6.519894359050278,4.64706943085226,1.0448723156733382,280.46865174899955,0.6682212512862025,0.00039362880510671364
45162,-1.738731061277507,-9.349498808465073,2.5321191224973725,6.961016660904956,466.5086999791795,0.07741154910700132,0.0003936485477439109
45163,-1.1334841808357883,-10.26064844395211,2.3331879287521846,1.7932235956298503,377.79760560711077,1.4593293022771876,0.0003936905885848424
45164,-2.2816049404093146,-8.346281721934748,2.345514530157372,1.23282261007965,309.05445628359115,1.4176907915465513,0.000393692323266209
45165,-4.626097873665143,-5.638032616299396,2.525316725350523,1.0196624474522717,468.9286202976173,0.007549568809829488,0.00039375070133362535
45166,-4.073981788049499,-5.860614524316524,2.127467086276735,1.0267779298339963,272.0517405657044,1.122029577360081,0.00039383263821968694
45167,-8.979364701076282,-8.28528678286613,2.9862078770099987,1.3784710013593435,311.25096900981487,0.8260628077147114,0.0003939085942463573
45168,-1.1175018623836905,-9.202233957105062,2.407696889773399,8.441930419393605,750.4855341696375,0.3457652575903696,0.0003939142343167993
45169,-5.314586083370339,-12.169809258320955,4.369234273777138,1.389512367902394,318.1079796879313,0.9629511499495722,0.0003939627389419329
45170,-5.388556819161428,-5.493443297708657,1.0680390712261882,1.0907578031557632,153.68836793529488,0.16044828082919427,0.00039397437480728103
45171,-0.5315510630160265,-9.436400532284395,2.160825547792256,1.7725556198014862,419.7176956925523,0.0604101429020929,0.0003939930766261234
45172,-3.917579809134372,-5.978893715780212,2.021334534037694,0.7732438436814657,185.82150269640485,0.8821529686966043,0.00039401591323270707
45173,-4.737941009245226,-5.449440689288688,2.845063982345415,1.6463980163911762,337.5699629071663,0.6096776670048447,0.0003940163680427363
45174,-0.5903431620033963,-10.392872899258734,2.3183384676177416,1.4526096551791228,468.0348944968338,0.38372601045486565,0.0003940682562681393
45175,-1.912590902591182,-12.57246092915593,0.7107128300854703,1.1378329227715285,467.2482198847745,0.44911473090000076,0.0003940762370053268
45176,-8.612934196052292,-7.409796507314773,0.3628786675395275,1.9975681069932543,382.5828703858046,0.46503105135303446,0.0003941270112596321
45177,-3.6560054338920427,-12.037997082801056,4.342566586277685,2.1510158517508833,420.52065012193697,1.6430758249195234,0.0003941299983702531
45178,-1.6407443721514046,-9.36237452405551,2.225374840857572,1.8143386694476968,467.1934459850521,0.15503825008313665,0.0003941551578336778
45179,-4.877581564958509,-10.540818407098223,4.778789111258341,0.8907116391307639,455.21096660794484,0.8025404245980683,0.000394282175973987
45180,-4.2915942334456005,-6.483613701651104,0.952025021121371,1.323093843647244,290.5859721921497,0.7101417557109198,0.0003943193177032137
45181,-1.730452989075193,-11.031134801333755,0.828009703582615,0.8164449017515805,212.26421377204304,1.3373535978348956,0.0003943551592386216
45182,-5.617213588378984,-5.486053207870106,4.841638135419576,1.8131509947884115,467.1966679176723,0.1585614878742856,0.00039438502079228947
45183,-9.626868313961879,-6.198240281584731,4.383665094109075,1.8369747036987432,468.3171334098154,0.5047722533760348,0.000394411820324599
45184,-4.907671060573593,-12.411675861452174,4.327757292317463,1.7341396341009554,468.06430488661175,0.21093536656186007,0.0003945296469975052
45185,-1.9138352897750615,-9.677029097547061,2.5539588609891832,1.1951985078430658,278.8262250925084,0.5321168898649358,0.00039461700762882584
45186,-9.88769190454234,-7.100797593567367,2.625696654287888,0.9016154239184562,233.3930115730635,0.7773817730312205,0.0003946821177419135
45187,-0.6880437200674265,-10.128802546750663,2.34687517490925,0.6224024041280256,155.94469072793441,0.5932819917104917,0.00039470003173092794
45188,-4.016022463130341,-5.808496119509894,2.346942586708412,0.7686904442880513,166.60420226335802,0.3080926983911487,0.00039470587983041737
45189,-1.516993950985345,-9.539286194093933,2.1721017890072027,2.945771565740838,496.4687122911179,1.9965735988576157,0.0003947093253533272
45190,-3.925454363672709,-5.85193815399973,3.4217527641437444,1.3675609698293738,329.96805490018966,0.3486986759968991,0.00039471389618919326
45191,-4.85791239844601,-6.519369628724614,0.6507013195989143,1.1669851800478932,302.1573209271571,1.5840668315549875,0.0003947215426021488
45192,-4.6349133147475765,-5.621809881307922,2.689315034841408,1.1254574204018846,263.1900254885869,1.0086714807257318,0.00039474927264818757
45193,-4.320423814575184,-11.322910078244387,4.480447930115061,0.860835903932424,453.91125287883506,0.2093694420605834,0.0003948223331933834
45194,-0.09723437506778865,-10.372344013843186,2.1497460098502534,0.9097272280533447,192.82905965187012,1.0770744527107672,0.00039482883270196165
45195,-2.0947705536204317,-10.182333012833071,1.8608056295519966,1.8852692905673414,455.4857002013431,0.05001902220671273,0.00039488634712069075
45196,-7.652329398644561,-12.60478072158747,2.9204991894834595,1.1216505803906582,209.16853159255044,0.03834624027012534,0.0003949617107887851
45197,-2.520910553431005,-7.416080217846726,0.875388801661077,0.8045953260459513,240.26134416293013,0.447261103979244,0.0003949965575915088
45198,-7.638976334019794,-12.247731860369367,0.3202131266664819,1.5007015451862602,340.6577294015795,1.2180958023941102,0.000395032734839507
45199,-0.6884217559166146,-9.728692750811737,2.5180001196667687,1.618598779175543,352.4531386009092,0.8791924823028294,0.00039503323673092245
45200,-1.637002628336944,-10.737934790936283,2.1837561968496466,1.4354084899250732,317.5288846154044,0.17098382275389845,0.00039505693104121366
45201,-1.6552585028970306,-9.600648568074815,2.527567596613057,0.840769141804625,231.41427113570398,0.5364609551443627,0.00039508784729831904
45202,-1.3155745363146316,-9.221257791776518,2.409296864855127,0.9451825007071302,136.08960298485627,0.2777072233642599,0.00039509977661088475
45203,-4.368590023978827,-5.77282121824209,2.2547747889058,2.463619598562344,453.62056541514374,2.034591418954771,0.0003952508973215333
45204,-1.5605570452491122,-10.286913871532583,2.4072827958586633,2.085994462902823,413.4007868105157,1.7587958185795882,0.0003952534026621624
45205,-9.884727285100173,-7.096147819816561,3.1033129135789803,10.790457135148843,707.0606668142628,0.15584121721519484,0.00039526266069001736
45206,-2.1185350466616217,-10.755498180781414,2.0855169393405446,0.7439745392404626,144.39801333032852,0.2102632795477204,0.0003952883116319273
45207,-4.823625224652187,-6.004888008433341,4.670648520165343,0.9588456452217146,467.97310539427764,0.351845989783822,0.00039534945732912766
45208,-0.8192587997196998,-10.101609404237466,2.353590591318577,1.5018316342066347,347.34938919259685,0.9713930516213551,0.00039536020825313916
45209,-1.278711287816618,-9.729532395850967,2.450864749771538,0.5130029217335369,124.62260489941288,0.21357743631407367,0.00039540726998273096
45210,-5.067778577488433,-5.523217774773911,3.8304834198478153,2.338367139614527,439.6283616286951,1.661907773611616,0.0003954553010421267
45211,-2.020182234992154,-10.373092354137917,2.235666187455212,1.7364242271791939,371.1276931038382,1.5249351990557996,0.0003954771701684364
45212,-1.8270666699490352,-9.529977965772801,1.0003800398905869,1.224505229213309,309.1966301435185,0.3244349273649929,0.0003954895191490716
45213,-7.01488610187867,-11.899817702980963,4.016894950225166,0.9265857370928393,187.93742102814932,0.9589690889100817,0.00039555016370363116
45214,-4.1751972964127635,-6.44063095348442,0.9844134018651675,0.8610336128101466,248.3668105964789,1.6405614618536095,0.0003956922338314538
45215,-3.2257881011625074,-5.9606726639294925,3.2230857642470245,0.9430302602034902,464.72957143985707,0.423281796911426,0.0003957030322902545
45216,-1.8725639475558822,-10.258624580244566,2.413758368475495,1.6089859752732107,467.1578063239456,0.5556313039477541,0.00039570873877996503
45217,-4.622370972640189,-11.86868627308644,4.384812906861717,0.9759191661042385,469.49229492642155,0.07537245231092893,0.00039577579597258224
45218,-9.146585419501733,-7.737280953851027,3.9093118305269736,1.118529025862088,467.5145524507403,0.19962688788185812,0.00039579492826171195
45219,-0.6449090016480845,-10.110823559452829,2.343618824575522,1.341509128587755,325.998655912551,0.2907648861717531,0.0003958117030906143
45220,-7.651366981522736,-10.27782848574358,3.683478993617677,2.0954589869098545,400.9265077336228,0.7275457545684434,0.0003958908008482037
45221,-1.3174160239142623,-10.149735570797427,2.224502170429916,1.4267437973876582,327.25283151022916,1.22842029975621,0.0003959897958814777
45222,-9.565447024947446,-6.504313801511332,4.431035758455976,1.22363916826648,293.6912994357525,0.5170207161549998,0.00039606049355251147
45223,-5.682683307482569,-5.706212051522139,0.43587835139657116,2.1109315502572947,417.0662200576977,1.911631066380993,0.00039607365976122356
45224,-4.11187940183337,-7.3325352921684654,0.13501475087203976,1.429358598771306,175.09659060573412,0.25985125296182154,0.000396075102638828
45225,-1.5073115741294334,-10.339907317952955,2.2859244134171948,1.2992029389604063,305.11713275100516,0.39242699560579375,0.0003960781632496234
45226,-9.554052426857545,-7.443322558748019,3.4684897455105084,0.8264258218406069,466.63084764233776,0.02548561869731447,0.0003961331437908105
45227,-1.6366103000077477,-9.241488726861204,2.4134885417806524,3.3528131767578104,521.808489830471,0.8807958485162777,0.0003961674786887509
45228,-5.660812888236192,-12.666737797969848,4.332569345993095,2.024521377129117,250.70049440443444,0.11363394283359174,0.00039617116747107283
45229,-9.07369828740333,-7.996583511676441,1.1166561139739912,0.778873351469081,189.7645339234952,0.6666776054921115,0.00039617434758078117
45230,-2.2772433814452437,-10.194324038431944,3.284997882889375,0.9850331351428544,267.18277217109954,0.6761464066311822,0.0003961947406355627
45231,-5.201320464163538,-5.663741812771915,1.3028539107748083,1.8455314185832774,468.43400245368196,0.9101460476555419,0.0003962372663863663
45232,-1.5687353182389838,-9.736801447238264,2.475006812925704,0.9112395497094365,236.26144380624646,0.1608642241358238,0.0003962422856346658
45233,-3.0843971635632625,-6.6845400536166455,0.8432593507186755,1.518346863625914,355.74394588509074,0.31979328386476435,0.00039624956199875715
45234,-2.6786308807370354,-6.983087168079059,0.7405283754162996,0.9376117005312284,254.3885382745005,0.7045277856131715,0.0003962519519817597
45235,-0.8885525080632366,-10.308906862516256,2.2970972952528976,0.7585573215884,168.75379398959134,0.3939975184601865,0.0003962593959108525
45236,-5.386072035622965,-5.660622627113734,0.9836410627444426,1.782178866352516,424.1683883424339,0.13297098377938,0.0003962679628988784
45237,-0.5142254961073789,-10.137668704064488,2.225120190505125,1.1381688266980878,253.96324294116397,0.08136577785506827,0.00039629731410302976
45238,-0.20342639302467092,-9.258790633773852,2.430419745622757,0.6983917109390492,150.94750968302398,0.09854322854899333,0.0003963110408382848
45239,-2.404170100911922,-12.053588280661117,4.944995692839404,0.9927358523844968,264.9689297502725,1.3989969817900194,0.0003963273343460447
45240,-0.5071219496111397,-9.641826852303609,2.511505163767424,1.6928559451377936,320.6897686281158,0.21187157825731529,0.00039636475755359317
45241,-0.24290442628815256,-10.214793660155948,2.2326416413873957,6.063785568118951,601.6762037007809,0.14238749367707015,0.0003963911827159576
45242,-3.4137471873715874,-5.843889811901521,2.9393994792003655,1.8423760250833259,442.03712408604974,0.42608040375575396,0.00039646048601009736
45243,-4.240192129317805,-5.821043389674761,3.1185043788950475,0.6654604211883264,196.63349475747458,1.1065952434481412,0.0003965172074592654
45244,-1.6628368444661152,-9.243879341793848,2.408374027111535,0.8949657390351762,467.9864616792526,0.3618003981540321,0.00039658257298889557
45245,-5.314255131112987,-11.42684484683475,4.488521499845068,1.7885381630757033,467.9868025873511,0.36203203921117133,0.0003965986544890045
45246,-4.211079229939022,-5.771453035131473,2.4316786666768513,1.9996369552285753,400.852886426151,1.0853289561920407,0.0003965998682995879
45247,-2.0619818554638067,-8.552046821221506,1.189418835792337,1.3720766137251972,316.7069556369352,1.135964916072533,0.00039668195437495257
45248,-2.4923985264406685,-8.096499640336887,3.9864251241839077,1.1692667740092386,298.2465186052458,0.8981443074526032,0.0003967389276417302
45249,-1.503117287506356,-9.316756048703287,2.327450417025893,1.3634002816400903,303.4193058279848,0.4143000552416183,0.00039675689836330877
45250,-2.5476110066989204,-7.212183126679777,2.339560542371011,1.0898444946293788,268.8010082993607,1.1916549933144323,0.0003967781190194018
45251,-4.100170028730162,-6.592093338606338,0.8414850892192905,1.2523859855797883,310.24334257297284,1.0190812186045735,0.00039681621314239737
45252,-3.993417587089345,-10.071547958503025,5.021887777641981,0.8689433669135153,165.8133531619009,0.13487317067503302,0.0003969428377904136
45253,-8.22261567784731,-10.066736848127626,0.7369073496659952,1.6886549978788519,435.2993000023581,0.541992754940761,0.0003970311774803629
45254,-4.532550272510272,-6.163970572141056,4.829574705407049,0.7129053871211188,210.23564990299445,0.3909845069159825,0.0003970364803688009
45255,-1.554643604492341,-9.880763350819006,2.4520677825850203,0.9524049705463911,257.1809769751062,0.6961647931545878,0.00039704549174499184
45256,-4.87989624966751,-5.746512032164953,1.7298780808729572,2.1796402393160133,413.2888329999776,0.8530307681253904,0.00039708957092219016
45257,-2.050938419291982,-9.482705385683595,2.453172932926389,0.8819450446477355,221.7205295788817,0.7870998630025179,0.0003971806772971395
45258,-0.4358463639028649,-9.538459141078366,2.2743274262175737,1.135455165697441,291.56456359319543,1.0942744661156834,0.00039719327977328056
45259,-3.8953219950112574,-5.820824344505322,2.7855761312546674,1.0000260495684832,232.18282237359801,0.07533436794122839,0.0003972599854265656
45260,-1.4126299786959198,-9.248887840897604,2.4006553731533375,1.791332391462079,445.7986229892147,0.252259085089773,0.00039726554892427675
45261,-9.484126965120007,-6.090531670851458,4.628342676428648,1.8591068529141335,451.27366454093357,0.48965204387536776,0.00039726981012950754
45262,-2.245613540767276,-8.792294429103633,2.4279442452482436,1.797539032861799,442.59602833957297,0.2593671665382038,0.00039728745532520605
45263,-1.6883625319011344,-9.248347631828079,2.3971975820107136,1.0378809513076603,277.35529419354975,1.033477763323182,0.0003974095855050643
45264,-4.337610650983121,-5.678096157658931,2.759698647281766,0.9945914106221158,275.37854159299656,1.5737735578179555,0.0003974308707569137
45265,-7.877116307100706,-11.490582982110269,0.5204086523992159,1.6729854463117133,393.19450737202686,0.5344100754436409,0.00039743752978805793
45266,-0.10237714256978414,-9.265804417135074,2.416245427608607,1.590135015553114,354.4450810410823,1.6966720614635866,0.0003974696338988477
45267,-3.5743111339236036,-6.03173127004653,2.071255990645445,1.7613018078481955,470.41241954902836,0.22832119096028425,0.0003975121917860959
45268,-0.6102904741904798,-9.556945745970387,2.271396595393448,1.3142398760487886,288.4241824275306,0.18147083025616606,0.0003975196038426691
45269,-0.075966027408775,-9.444733921155576,2.227328333203251,0.821525368217213,168.87839285154823,0.47413678420204075,0.0003975444874102389
45270,-3.915198451547978,-5.948850542882406,3.7178607734413625,0.9721476038552097,468.3689334495773,0.06505067391138031,0.00039757301549393103
45271,-7.0002879292242355,-9.871056655600698,4.830268153477602,1.2187952875248398,258.9760654926556,0.055466529023262545,0.00039758661088560286
45272,-5.0729795322616305,-5.805353916050226,1.2213485048269832,1.7578614948041873,467.9827964820694,0.10307578874879741,0.0003976214811686384
45273,-9.95572333842136,-6.0143758582518805,3.731133549270442,1.0556037687299888,276.5880349515359,0.5070439244972729,0.0003976446871607286
45274,-2.6975382904488665,-6.811233109157985,2.7129982706312608,1.3850185961943304,315.3281301324806,0.38718040212257687,0.0003977173411452392
45275,-9.987238604322597,-6.294561627005315,2.304961274532894,1.068062799452684,467.92074804380434,0.4276395237377004,0.00039773417254753443
45276,-1.12416475666868,-10.169496397916195,2.237232597757332,0.9888799541513564,235.08186340923723,0.48024089920925217,0.00039784060549952704
45277,-1.5787893907254187,-10.275208954161283,2.1474150859197922,1.0411724439206775,275.8987135338749,1.7743522220627765,0.00039785130711884875
45278,-6.0566002340685925,-5.52721095306485,0.002651392318570235,0.6850523595406256,138.9348274188905,0.3114633315189588,0.00039785428037267007
45279,-0.2252270025136376,-10.022295252887917,2.2570054385873988,1.6354164149194044,383.82756600135843,0.7269081897110405,0.00039794084488957145
45280,-4.115064770558786,-5.761351146091269,2.828195240191954,1.0510397489209733,218.03745488910633,0.68402869576824,0.00039795660746577683
45281,-7.8327517068115355,-12.552908260171343,2.1206671887399846,1.0017061557813816,130.33952743290538,0.3570184119559823,0.00039798422751468297
45282,-2.0922313841518205,-12.352464776373782,1.7976023532783896,1.2215510832199041,467.9045748956788,0.546112301922336,0.00039800715403746955
45283,-1.389365328440725,-10.199617380781929,2.253018042944101,0.5094263094570894,128.43419932698905,0.704142225156966,0.00039807010748137866
45284,-1.3110062084232315,-9.281696815946063,2.4196713779471906,1.0367276020991516,262.8203785183261,0.8514963584487747,0.0003981784406144855
45285,-3.147777926890118,-6.34183923088277,1.539364025538171,1.6088179245300462,233.25063173766935,0.4877500087830944,0.0003981875081041406
45286,-7.834513222005576,-12.83619395230014,1.9545614749651254,0.7223120845793044,463.8423942924392,0.33770961221022855,0.00039821502387701494
45287,-4.904644264025998,-5.34004961755841,2.526984898752749,1.4580728548451176,322.7683975573604,0.20260550141794464,0.00039823921544522453
45288,-0.9893789932771231,-10.172256578731526,2.4208878395755242,2.3891286058033026,245.5181616455606,0.1527020957609846,0.00039826823882229475
45289,-4.532617359127976,-6.660850670458585,0.6401349308800741,1.4379932867625873,343.4259162543713,0.3805983428512505,0.0003983243780920123
45290,-9.264572357434192,-6.138469650260789,5.00782010460723,1.523426332417482,469.21948150970303,0.6312678313816305,0.00039838614840986684
45291,-1.327818544521298,-10.585704291072496,2.2285669416028195,1.0218876958705825,267.0886520638497,1.217898022373757,0.0003984176222732011
45292,-9.024665694421461,-6.994845051511275,5.109759627269756,1.5981445275726702,358.7980518566053,0.7373196631509087,0.00039842129830817627
45293,-9.70050581111501,-6.802688091871263,4.0218067749334505,1.747463864871518,415.6552662358738,0.8236544137084412,0.0003984769070684992
45294,-0.24463346425188703,-9.313619121870406,2.291792338485133,0.705877342779304,142.6045512072131,0.8979020023719562,0.000398477974075027
45295,-4.0020637342984,-5.858756532280396,2.3479792236707313,1.6870147723038966,397.74905567645885,0.379520894363508,0.000398507621185069
45296,-0.3149158835385677,-9.326028506856149,2.3168512465929374,0.8611407001575538,467.8240746280196,0.5408356763907758,0.00039856228041880773
45297,-0.53028490752064,-9.59577164698488,2.380294001729793,8.092417990931873,511.30958303222616,0.05910380226919365,0.0003986400696945227
45298,-4.472792546601702,-11.737410155721461,4.401232366721363,2.4775889664183044,327.7578546607257,0.016828366221772306,0.0003986483266815231
45299,-2.5234356883406726,-7.391253871701664,1.8679187446178576,0.9392023902750367,146.39642174805883,0.22804852704329992,0.00039867721846116615
45300,-5.586422357820951,-10.92308534424372,4.638446170264032,0.7085964070454981,141.68389773380628,0.2867775243866246,0.00039881122126850856
45301,-0.39193887035830954,-9.963660607088675,2.3578996600743847,1.1231389447145321,277.6805014733286,1.4182677485469695,0.0003988762793101605
45302,-8.53810981675025,-7.900199673149237,4.903320009123933,0.9940817095222222,468.07209898131504,0.7149057735416671,0.00039890429117927785
45303,-0.15687692558438293,-9.549789379391278,2.2596179393690963,1.1456333448606506,279.73574472109567,0.15854623891262687,0.00039892062744415944
45304,-6.359055024700626,-10.2372168592494,4.906390898646758,0.5259064757189437,144.53589441628006,1.157931106101846,0.00039892634946257695
45305,-5.754773794168239,-5.522642174272358,0.4862132146633117,1.164941615298906,297.35626914100175,0.8942903968654887,0.0003989427267195679
45306,-0.4556850289486185,-9.875355492900493,2.2714388288207368,0.5557708287569615,147.07952064660623,0.23576293733898623,0.0003989455615441931
45307,-4.6279429943970225,-6.152951128505786,1.2919548371668312,1.0576863024470171,285.58359659951844,1.00881103978268,0.00039905594427491395
45308,-0.5257573111240497,-9.297592291509869,2.4190147997425417,1.563383971366705,345.2691800280519,1.192974104112757,0.0003990794316333857
45309,-6.998026868843782,-9.568326007472471,5.086829686432439,1.197841270943487,273.13499186701256,0.12928014750985106,0.0003990813459465792
45310,-2.0246791973574165,-9.753102600750527,2.3809631283531663,0.520218790197077,139.344033348413,1.0379388571531,0.0003991067639792121
45311,-0.880697756923313,-9.477579322627326,2.2041413145667725,1.0355785588608653,340.4223291400304,0.03703294848418537,0.000399173440363254
45312,-0.927176368470473,-9.754185273192553,2.382806492549473,1.2817360002405906,468.0310740839187,0.13571437748413917,0.00039917765516631006
45313,-0.22856636748797854,-10.1806451009294,2.317088492942731,0.8170761749431142,174.08015322058688,0.042483752586517376,0.0003992202433833695
45314,-2.578581527594473,-7.798741822836816,4.381318564676544,1.30819570427267,289.87420761132256,0.08415965404643089,0.00039928271428557523
45315,-2.066329839110802,-8.836157559764864,0.9195315815458756,0.9984767440194477,252.6715878969269,1.1702997683839849,0.0003993068858544352
45316,-4.991540052106133,-6.126526115589677,0.9145059030967267,1.479247972091408,338.6658742019554,1.3707776633581945,0.0003993386993131321
45317,-2.1222640436386406,-10.315979233834197,2.257314200929565,1.861037488929801,445.47323670173324,0.5543573361489695,0.00039936103978061114
45318,-7.90920920618616,-10.217330459732619,3.1094857274934586,0.5997167892503109,127.67096741584136,1.1064507295430532,0.00039943181762166943
45319,-8.048133086861352,-9.467457133577875,3.5467483346598825,0.8577121449597009,468.39668699788604,0.5352078399911298,0.00039946532498863734
45320,-1.1736491321708833,-10.181833067514383,2.3124707500550628,0.5825917753685195,143.89127487413882,0.29078304784676856,0.0003995235650283227
45321,-3.2920741485909133,-5.9406118955403855,2.16981216640378,1.1505549298424098,189.49328356154945,0.14091757089188484,0.00039956919411853874
45322,-2.027857149507475,-9.49966783928706,2.2466927516775588,0.98058055883584,255.98212317452854,1.3171290951330157,0.0003995737406914537
45323,-5.351716500565048,-5.416675114018098,4.267006075533779,1.4911485562565752,344.1643311181922,0.9486487563783497,0.0003995842182372872
45324,-3.7876458669740476,-10.619899225565733,4.705138628111604,1.6220898399450159,280.30761563496907,0.13169396208417883,0.0003995933443300345
45325,-2.4078913119131915,-7.717567274333425,1.8395582514080209,1.0464701492579438,264.14314408888663,1.1985768205078982,0.00039959949371641345
45326,-0.6155785813267798,-10.105630748201017,2.2329657583138243,3.759743619489398,450.7871377468482,0.055638848902687776,0.0003996256871760624
45327,-1.370332866877412,-9.497508601225654,2.2076798807696743,1.8414981454982875,440.5123879811352,0.08133752302167885,0.00039972768816935945
45328,-1.785618943457015,-9.929447268971263,2.1790060523559194,1.3248712523086463,325.28246765893283,0.31570635441535444,0.0003997323390672061
45329,-1.2541131777284296,-9.937112286733786,2.3545379056106635,1.780212516525384,470.29723235250185,0.04881220188447699,0.0003997363729984027
45330,-7.370515668225415,-12.785040722892138,3.487994876802175,1.0468425786827593,221.97754501741878,0.49223977640738514,0.0003997420772138315
45331,-4.240672175217285,-10.473388117357565,4.787853923647466,0.9196524144318773,222.0461068023996,0.07781887504192486,0.0003998137468938958
45332,-1.7669711658227776,-12.640201775187474,0.7757237612389065,1.2008602255455156,301.8308705820315,0.6271306572709392,0.0003999855449714843
45333,-5.247700532162604,-12.393386898875171,4.337488666554433,1.2259378630910192,306.59486897869635,0.2553019215405117,0.00039999568854202634
45334,-7.875554953724929,-8.575795937944886,5.111542384898411,0.7896788028701307,469.320649722436,0.13579440353310002,0.00040000914201526825
45335,-4.867001401285088,-7.176947989231009,0.10300847927747178,1.1707137288162694,247.21809454701506,0.206323745518195,0.00040004676478969727
45336,-1.9574610183194068,-9.972089300214662,2.338206663452727,1.8377023835947148,468.27636393595066,0.8018491440692621,0.0004000871161909315
45337,-1.5149135380320864,-9.462005931503946,2.186495153243113,1.283549129809954,318.31182349130796,0.43625476151508646,0.0004001012215022376
45338,-1.5805580917398956,-9.547026142701835,2.3612636872494983,1.5191092703106297,333.8619587279933,0.2971813705633819,0.00040014322855864087
45339,-8.219705378082303,-10.047686517289174,0.6988901277879532,0.7573168542092991,224.2726264205022,0.46286301089352566,0.00040018010383423297
45340,-0.9449682522946343,-9.760867899349178,2.172516710374704,1.458895255444628,347.6335233518859,0.4957661453766189,0.000400201646888371
45341,-0.05910102753890456,-9.643921648228336,2.162541652627767,0.8877729138522361,180.6488352828196,1.0333339852740204,0.0004002038153399765
45342,-5.434070077935566,-5.993468831025231,0.6624825152422802,0.9184116093902256,248.0779185100104,1.4453951545794501,0.0004002184884218043
45343,-5.251759203674248,-5.172718316092729,3.665832534097179,0.9254466254863721,190.02350395456656,0.7246867951660763,0.0004002229515058577
45344,-1.1807759551119652,-9.43289613466601,2.440366363074149,0.9128036494404395,461.9431953834851,0.8410405166030515,0.00040022369270504004
45345,-1.5674688993637567,-10.089492697003461,2.1762877857860716,0.811902988104922,189.22520858157105,0.05880505376062839,0.0004002293980037952
45346,-5.015024817368649,-5.779861056316454,4.202226212479019,1.039416712677345,270.49884753726246,0.7762925553954441,0.00040027240934875354
45347,-1.49668526219574,-9.743807170609298,2.3532012126477624,1.1723727154013917,267.46690454294196,0.09396573344011827,0.0004004231845407443
45348,-0.5972174879321379,-10.200085706939525,2.3262194774547154,0.6086739434439586,142.6240339623541,0.020893259090845717,0.0004004609152569475
45349,-3.922931693081699,-6.1085356728800075,4.386722373790612,1.122387321712004,292.52438589022285,1.0587411585143904,0.0004004631346609403
45350,-1.742354653849512,-9.310321770678314,2.4059949050203966,2.680187488675664,473.8148221413295,2.071992518007513,0.000400492865802472
45351,-3.4578786042857796,-5.890332507668177,3.353937150678134,0.7159558865541921,465.7207071382392,0.33647789157917973,0.0004005581207523528
45352,-4.034821931986002,-5.792078788564601,3.0167130998449045,2.5381850890918347,225.3314881607049,0.265887491513741,0.00040055915454007023
45353,-4.669964091113026,-5.885691882872724,4.174479223953543,1.4991053255225235,352.0864289533829,0.2374865967207178,0.0004006065844856239
45354,-1.242288129788383,-9.551938897048757,2.366374806203592,1.359967071731104,304.83832898644096,0.013568395209603068,0.00040065615006723045
45355,-4.55540681477573,-11.758942613386498,4.395359237486423,2.3729328652681945,423.8213140859986,0.5578886155794995,0.0004006955629008042
45356,-1.8332918323187357,-10.192521233359576,2.388365071344922,1.839635997970629,440.0536427311405,0.36479001912961717,0.00040071681197815
45357,-1.7392422204187614,-9.926440572914624,2.1692377650249113,0.9166362163042332,256.27572530262455,1.0482943012570596,0.00040075705018386733
45358,-3.738839065720862,-6.308688541323741,1.267337000026056,1.7271827072609782,358.8556365222951,0.8457935220635902,0.0004007622979519236
45359,-1.3866058524271772,-10.189024696368211,2.292097166076663,1.7800650947838483,468.44631667690305,0.46456071818009637,0.00040076834601427205
45360,-9.312791923323898,-6.93167913862671,4.649554772373754,2.1168069771785007,418.6807949418939,2.014516381889962,0.0004008264604972701
45361,-5.283876597414699,-12.361742029833685,4.3402269002358445,0.6936451721154915,467.0577272793189,0.4874073122148168,0.0004008643211318055
45362,-3.548861996564577,-6.730808675452746,0.7801316500722366,0.8629253272051927,467.80697311692967,0.21066787638299989,0.00040091961634465523
45363,-1.6810233713220377,-9.689307684086641,2.2591943130878103,1.2211629439227263,306.1912466092108,1.7781680948819139,0.0004009212301994443
45364,-2.087871231284617,-8.3244254712422,1.2434756504133109,1.4400583469246868,468.7298129595718,0.45834929364679056,0.0004009330896448513
45365,-8.081565884053576,-9.452751884581316,3.475677671026834,0.9614184899635955,254.6335078059633,1.0655589297488506,0.0004009532205151572
45366,-2.1094294098965536,-9.682731398404837,2.4090522988922864,6.100226838442984,474.7206438210279,0.04423766674836127,0.0004009944897206489
45367,-1.135464170671037,-9.867596550538376,2.3552894254938104,2.115753447554594,416.10763334120935,1.5487817172473628,0.00040101314965071373
45368,-3.407363751365531,-5.938409473666604,3.221912545390239,0.9731882899424912,467.8407234741896,0.557719842096712,0.0004010176997566062
45369,-5.082758216007658,-5.472456808259497,1.8941890656598765,0.8431872277227653,197.08506385613356,0.555562728162359,0.0004011473270207977
45370,-9.495768242761692,-5.687756057351899,4.598771701967321,0.819571807902676,186.07300443488322,0.01707587926341514,0.0004011606009641418
45371,-1.2627740970493235,-9.594696973707887,2.3722379833895664,0.9881211111513196,197.19363451217725,0.975787524484435,0.0004011731507398568
45372,-1.669398417475069,-9.558316808399193,2.2118716755578554,0.8824091692869176,222.6093710960753,1.145408068054249,0.0004012134339280931
45373,-1.1219828934290952,-10.085152503194111,2.2534776108060757,1.4707432522017578,345.53017380925576,0.31259471669228933,0.0004012340219030952
45374,-9.689100858264235,-7.429254307253609,2.834332110591253,0.6841009664040862,140.48832267191665,0.6979760973653741,0.0004012374749938819
45375,-0.03862596302879062,-9.71499950245882,2.254721792834415,3.634493383324182,337.3939831760186,0.11530320302815866,0.00040123890767996325
45376,-4.901592485092484,-10.30262036627644,4.894919913683297,2.294825380171596,400.20014130541483,0.29702988035094524,0.0004012581449014317
45377,-4.3156851185236285,-6.230272066780805,1.3668982711355562,1.3283725268384354,305.0289581653782,0.15056127935196617,0.00040126570506207056
45378,-9.82644480494501,-5.2550826461597975,3.963223923980045,5.166395672592152,631.354466328572,0.6246198177501503,0.00040145473505769487
45379,-5.721416924602817,-6.4072928759898575,0.07893161743463178,1.093929650298481,468.0959174430796,0.7283902926360142,0.0004014658790550429
45380,-1.7994359914762459,-9.585262976270474,2.261887395330885,2.8165934358135076,472.0387849935607,0.5545934115334425,0.00040157666657229455
45381,-4.06485361967638,-7.347177798271887,0.09180269205725045,1.1949079467594157,306.1314664727741,1.3605678152603913,0.0004016388028618116
45382,-3.504787775139345,-5.933466236228857,3.389285449333732,1.1912637852921757,265.9746359876585,0.28137201857170613,0.00040166919373154367
45383,-4.855578216691735,-5.399320068448471,2.3304751445647223,1.0164728142484134,277.32289649824634,1.445523233224331,0.0004016996034339158
45384,-0.9825682735343992,-10.10589465431443,2.3149975703126184,1.1306928634929676,229.06552962677873,0.5178274222093746,0.000401748773904561
45385,-5.117851232856098,-11.731713682508891,4.418515383640747,1.7966234488766482,371.9010785348767,0.8148725848156202,0.0004018388100651206
45386,-0.7302027643580793,-9.594258075081429,2.213942111723875,1.4677257888123527,347.3954761471715,0.33900978847360896,0.0004018641039521804
45387,-7.527637448802256,-12.47820478975566,3.227136676717272,0.7041044607016341,169.92032691331872,0.6352322267373252,0.00040193063335325216
45388,-4.1902622869041455,-6.656018714091158,0.73132871555267,1.872959714308867,467.71904726899544,0.2590240469998921,0.0004019523868351609
45389,-3.0619547348277916,-11.236768821060368,4.690556154271705,1.8521107256803595,385.09763807474997,1.3876553829023504,0.00040196706125981285
45390,-0.9216342445487964,-10.093963629868373,2.2387294416795327,4.487647408473968,584.7591142656199,0.3085867323469049,0.0004019976666633999
45391,-1.783193063422443,-10.313117252425977,0.8627194239576018,1.077873561902079,284.00653536187156,0.9534089151211367,0.0004020234977049313
45392,-2.15536191503256,-10.983660524521433,2.2341329380350183,0.8695091812798251,467.5713628963381,0.4447321888314866,0.00040217531591633986
45393,-3.003142430736765,-6.28837974067773,1.828953360995515,1.093408984691105,274.7726258573539,0.7688025743327964,0.00040219121549357837
45394,-7.780455235033736,-12.010726301694605,1.1680131133174159,3.3684699158660556,526.4009142214979,1.146498624870623,0.00040219957485958653
45395,-2.085591461123694,-9.621833323896041,2.180101933843763,1.0940747383975997,218.5235966635496,0.5572317171555694,0.00040225026614569776
45396,-1.192212473029187,-9.706855661513728,2.35613257924664,1.2137730499287176,306.70338306886134,0.6710105126922414,0.00040240395340341705
45397,-5.822685499198055,-5.093025005969357,0.4742304775957997,1.0986806044750694,467.9986911771571,0.45334897889169934,0.0004024170881927003
45398,-4.481028927174448,-10.66102454960638,4.701472400834332,1.5731296389264653,467.9729358269571,0.6164070648267082,0.00040243539197471357
45399,-8.853995427623824,-8.471427504605684,2.8708786734845324,2.69627929460157,274.03257936374797,0.13586136450969377,0.00040244958595424176
45400,-3.5173933077393578,-5.9137678562782865,2.2373931611985958,0.9095605444620097,467.48546600742935,0.19859728899267282,0.0004024658768058033
45401,-6.693635454841349,-12.58560053564602,4.160655492652297,3.2373247975015236,515.2562628417697,1.0475380997341963,0.0004024727255889971
45402,-0.8887273783674576,-9.705130203002224,2.354989043785323,3.4672015377040193,520.3845702599318,0.45635210802182247,0.0004024731089763347
45403,-3.904174319447745,-5.9566021078019515,2.172952290505843,1.267323010529134,163.35935537465298,0.22664194466800414,0.00040249821384370587
45404,-1.6844772572882754,-11.512301904300262,1.2665891349178553,1.4406929809107925,468.8929895405949,0.6412901327801155,0.0004025373887784921
45405,-4.358154233734902,-10.34175743818391,4.858112824543118,1.3364961718998827,321.7351335763803,1.9413398598766927,0.00040254576389550786
45406,-2.6962665905539662,-6.876174026289634,3.0062940600239374,0.9876930390026786,256.81196064994464,0.6983055281371486,0.00040257871939110767
45407,-2.7584274362341503,-6.747430418427432,1.8293637538454193,0.9215997550755651,250.7758488895752,1.4903200373696341,0.0004026197534978654
45408,-9.290412060013486,-7.923354563158674,2.873361277524402,1.584299555582986,374.4601475468339,0.5939788468019964,0.00040263478247753586
45409,-2.102491977579378,-9.59525210972723,1.714273240417387,3.2709569820281965,519.1378800259998,1.216443971032513,0.00040265787487158723
45410,-4.876510058857447,-5.672169049839956,1.8812289071197084,1.35680806192786,265.0760123901063,0.290461034000014,0.0004026719129329948
45411,-1.2064011687222038,-10.047159252528008,2.157830016899901,1.8353427175269228,468.4013979559606,0.5370036546726125,0.0004027104771647175
45412,-2.0231229817425325,-9.836822795416799,2.2317615174681684,0.9865245686051968,257.7450441362618,0.964705422780554,0.0004027505020080239
45413,-2.577942784851542,-7.2801897266665465,0.8107487799662044,0.9291098354949949,236.12717981754753,1.1131721046006104,0.00040277519806183377
45414,-1.944362929774453,-9.992673701909435,2.4287861219355804,1.4190782707194327,312.7131842291685,0.9362026096875065,0.0004027969354023257
45415,-9.250682681128495,-6.583963163618202,4.946414281145047,0.9686308468087057,189.50921759277324,0.16068272772570413,0.0004028036047681021
45416,-7.319732695047581,-9.561314190838223,4.75906938097746,0.9854142657279288,258.0073346742367,1.6032665122026568,0.0004028370649327044
45417,-2.903317699171456,-6.642388255993587,4.169945268176464,1.2113668388075973,257.11309058683645,0.057881430072098006,0.00040289774396591024
45418,-8.05843184162103,-9.655328964104893,3.268107941373301,1.171225667045331,468.5160895737793,0.6528669996665473,0.0004029797547884961
45419,-3.766282814707406,-6.058496910371338,4.145228380387955,1.127766843069889,292.252200725614,1.1166360888684368,0.00040300143593665597
45420,-1.0795495807524507,-10.051410732166818,2.3395832461506574,1.0817112507046198,215.96569092525039,0.6890935376312433,0.00040303000495836913
45421,-5.9556013541895405,-11.199844788312928,4.544431139664218,1.0042851290294306,268.3032574116529,1.486959993888152,0.0004030348129315322
45422,-4.443854458731076,-6.0890547920691755,4.458394576584962,1.5157307042571768,344.6860620111241,0.02476860997027508,0.00040303774565192613
45423,-1.1173605468732788,-9.715323224488463,2.216016994224035,1.7738655760888493,422.87499159715804,0.7819073943498589,0.00040305066416229543
45424,-1.452704429628426,-10.061697172867508,2.410069185231924,0.7391665426433804,131.3805741662029,0.20626580441797504,0.00040308077463991433
45425,-0.7845060322736934,-9.542150148763502,2.2523093826788854,1.2210938909502675,234.7870543106901,0.016466668552368446,0.00040309404656636773
45426,-1.080707911270478,-9.784549153141137,2.2144239518958866,0.571011797185184,117.8672839371437,0.3444340462415063,0.0004031081600425557
45427,-7.872414940027715,-11.99817703666851,0.9054734679515487,0.9477896170270812,467.1774727300452,0.3832264675103767,0.0004031339868045937
45428,-4.8800014316787745,-5.470038011104952,2.608324764427047,1.0833784938432558,450.2859283744019,0.515890652730242,0.0004031967786056978
45429,-2.2990934408255193,-9.081490437317473,0.5153437470209611,1.0973499150865054,184.57459517675076,0.0281395435795746,0.000403206696146187
45430,-0.31201449181399177,-9.79141881164367,2.2105049727901758,1.250124953708538,271.702377846198,0.9377462751608077,0.0004032395539972176
45431,-5.7093233736441595,-11.243173366232995,4.536880361234737,1.8595828940193535,445.1756722789318,0.516507590801484,0.00040324986582342375
45432,-1.3860033120903168,-9.997476349663405,2.329392675898993,0.7718846259464651,171.55826623217195,0.21182549426757458,0.00040325606988122435
45433,-2.0670542614242056,-9.227794456984448,2.4037287974842063,0.809469724544869,467.68806851434715,0.07261591676429813,0.0004032832097673858
45434,-3.2334395496061274,-11.049184445782696,4.575337199907053,1.6764772420335752,392.9944153342881,0.16494464507592443,0.00040331021050395334
45435,-4.228289207917245,-10.820568301924057,4.6260431067895125,1.8981174280419315,458.11905472339635,0.36462735874585395,0.00040332053648298736
45436,-2.3959758081918805,-9.228799461174885,4.002619280937186,1.5295515709486598,352.701094073678,0.20573019742039467,0.0004033270286903127
45437,-5.501864137129126,-5.30263148682376,4.349988588096305,0.8092797978616616,468.71592521172107,0.19984086797202671,0.000403337730528605
45438,-7.416441317537707,-12.344624414730038,3.447078412023074,1.7965970596230134,468.29996566124095,0.8136497044409818,0.0004033464504853405
45439,-5.203967502081586,-5.07762667974704,3.272343760765328,1.864386654975641,450.63041907597886,0.5603847737169323,0.00040349838432648624
45440,-5.481943627024074,-5.285746585665398,1.3401900246053189,0.6250554777937865,133.24858921779284,0.0399210233816909,0.0004035090504359802
45441,-0.9819137830793654,-9.897142453966595,2.4360344630817488,1.145494735495187,295.31058390883317,1.617159520754492,0.00040352743814856294
45442,-2.1537284954732696,-12.799371951168355,0.40718197131694456,2.659171860524875,470.3831606602769,1.5780209057573735,0.0004036163853250418
45443,-3.304679027208728,-5.877821954585273,2.873139002338103,1.1870321586032946,468.1310234046245,0.24876713152426344,0.00040361714032772746
45444,-4.577487875872398,-5.9126688548835995,1.7536890475567888,0.9685956466280952,232.73497782829742,0.33617033886512093,0.0004036435788112271
45445,-9.763129931182956,-6.617836090228173,4.0004675990577905,1.1159345314167244,288.3022761142469,1.4204885969249768,0.00040366717237575887
45446,-1.8713674315902793,-8.829039291235997,1.2403585794000445,0.7496563141536647,216.58860031988965,1.4859312887740552,0.00040376653201995734
45447,-0.09418815663968338,-10.076457078512114,2.3975274102980144,0.9923182787310919,260.31829375786447,1.0238832125015902,0.000403769237832702
45448,-9.091402747917517,-7.852538822278485,3.7921070827676937,1.1088037098919463,286.6439424630401,1.4652584148066028,0.0004037905415367149
45449,-2.1077602845928736,-10.41677508063257,2.256132171893221,0.8206275996431188,168.4555780803635,0.7753003169698198,0.0004039111660728858
45450,-1.9818868647012895,-9.941063824269648,2.2427885002413306,0.8881870646366936,206.6482920988049,0.9137782205886591,0.00040398070063726274
45451,-2.508192957340892,-7.805297946295734,3.6339733254965845,1.269292134306331,293.18273115113215,0.15937832875259783,0.0004039940283501064
45452,-1.0013940179664456,-9.430527589083749,2.235590806433215,1.0990837448068003,283.58080268925653,1.7570762130669042,0.0004039960865315064
45453,-4.80094129015345,-5.445065504737374,2.411088355856084,1.3144163106437055,468.64348118692556,0.07937677691990785,0.00040403967711441605
45454,-7.717743596167912,-11.210844355754405,3.041986482227396,1.8261051571804008,467.7308571970197,0.49013334861779523,0.00040406958176158493
45455,-5.232921897772708,-5.001543465499506,2.7390513635674343,1.0780429259858049,262.25318626240795,1.358525226360558,0.000404078704295526
45456,-0.29351852492637676,-9.425041534913591,2.427332464353437,1.8867755271604987,332.9749709358066,0.22687453731586427,0.0004040949929627086
45457,-4.84311722315325,-5.501024482524274,2.4417537219316348,1.4442697244376268,333.3630108770386,1.5827643590710405,0.0004040954710156349
45458,-9.485366573020535,-7.0651951457900015,4.204849598405052,1.2554202595825998,313.6749610752235,0.5479857104348254,0.0004041037568093781
45459,-0.20531534976609933,-10.02074731564537,2.314911371513934,3.1497819641385134,508.62921605756526,1.0702289230145654,0.0004041169407526818
45460,-6.397839572846749,-11.234867910229102,4.475378059963103,1.351693009568471,388.35091031581834,0.16378131567116672,0.0004041680981405838
45461,-9.879485326257468,-5.481214559748492,3.865957549972867,2.91085931376573,493.4112678260143,1.9177368266647354,0.0004042140198079991
45462,-1.867530335726423,-9.819284494764212,2.508647583920767,1.6593159902252332,388.95650830669626,0.3652426602215355,0.0004042284289453572
45463,-5.575874489434475,-5.489991074756792,0.7628607857064731,0.8952264881239744,467.69235720037665,0.8968593793440478,0.0004042381001056395
45464,-1.3984335325939892,-10.21108155819827,2.2343565397285072,1.208898676207742,286.3942015612401,0.8470863525160057,0.0004042847702486228
45465,-4.107491565510935,-5.904317317132334,2.3505229531976655,0.9155623948350795,469.730008870575,0.11396740734252298,0.00040429926833071485
45466,-7.759893663537678,-11.353972214883699,2.8592364241133663,1.84235482086652,446.33867738270243,0.2898169363941214,0.0004043098970421749
45467,-1.4821281666202424,-9.953486226776386,2.1486931717388527,1.3785892516402038,311.68402872376043,0.7262866869856657,0.0004043251133805405
45468,-2.537260270737608,-9.186279529176304,0.16449436887626784,0.8041795648914809,223.85712116900206,0.518823518063205,0.0004043301936160331
45469,-2.117983691342812,-9.471084082408144,2.398163441877406,1.9089221742189493,468.58776545142496,0.5311415532524828,0.00040444188581173295
45470,-5.292599337798961,-5.635124959103592,1.1556212537642403,8.16238459430977,298.7137521838799,0.3200703279818873,0.0004044437058008204
45471,-2.121502242996267,-10.013343515996128,1.9680264819058988,1.1246099446007354,467.1191818234274,0.1333811729513581,0.00040445993203090804
45472,-1.982546798411903,-10.638045497570495,0.6745041542816657,0.9796767041723593,467.5413004788615,0.26337698298447965,0.0004044607291461695
45473,-5.63593083323457,-5.101350811328094,0.87581729739046,1.1214190574257616,295.6637869859752,0.7808172719166624,0.0004044790538236941
45474,-2.2759978670589707,-12.126900856277489,3.0235099372273617,1.146196672238832,295.98934447589824,1.3589810446982975,0.00040451698391858734
45475,-5.19646180931,-5.187188453811651,3.425183205813215,1.488640313680711,335.5220008664827,0.8879660704667325,0.00040456623736911024
45476,-5.482179891159707,-5.0056723845138436,1.1435226932782372,1.698069653819551,467.4081117795709,0.09056815390267214,0.00040459062565426746
45477,-5.4590891550824745,-5.7370065373566,0.7355213248778868,3.550909500434251,533.6173004244934,0.708765253640304,0.0004045937234372762
45478,-4.346228421532342,-10.417276953352633,4.814764973952096,1.0623764655686356,282.0377950999739,1.258962045772389,0.0004046963206400522
45479,-0.9682649287752039,-9.501084636556259,2.3406874237791877,26.554603006796953,811.3066586151193,0.10965169812071984,0.00040469834826952275
45480,-9.650997124510763,-6.204363845990853,4.321509344343554,2.4230623980544044,447.76268283803665,1.5197436344692887,0.0004047039004395256
45481,-9.195729888876574,-8.05456156389431,1.7854862566570038,0.5736357489885843,158.92486536368847,0.6267073157445688,0.00040482209919396803
45482,-4.196427240512054,-5.780465767533153,2.639149668907417,1.3019438921882587,277.2337230293746,0.2990840605438727,0.0004048296781412942
45483,-9.154988585830239,-7.6307417123830295,4.074738793222169,0.997504680283821,198.45015371448602,0.9149642428207407,0.00040490840896681386
45484,-3.570713796921508,-12.472124875542379,4.285160964442124,0.7799631626542631,459.17597304446144,0.19319029808394994,0.0004049212787850462
45485,-3.4143958504017373,-5.908391345817836,3.048974225254477,1.2101795484897189,304.96583169342233,0.6909256241729782,0.00040493840967433724
45486,-5.2401785711412066,-5.602734720880627,1.2352886519487656,0.8018837711970134,136.1837704331393,0.19508263750228583,0.0004049851927120737
45487,-5.260431858803579,-5.575192715263431,4.20263270426483,6.297052037977248,682.9039778211591,0.5205786501663736,0.00040500741174374834
45488,-1.1200678964799966,-10.531481256251418,2.19135399040886,1.909202116733338,468.6294922465437,0.534652760328834,0.0004050193089313186
45489,-3.289046886623792,-11.613013316941867,4.40586330132521,1.7144603001467638,468.5479006374383,0.29394036441441074,0.0004050880076617388
45490,-5.047959495620151,-5.782226863206189,1.6069087084211906,1.8391203984912903,441.18791711484135,0.604602451182374,0.00040511182018778194
45491,-5.066406507316573,-10.200280745037945,4.957002566536292,0.9814608893792492,194.1328275753618,0.45768349046709567,0.0004051146863826477
45492,-4.398642300689803,-11.357316414852088,4.467800896157198,1.588786878043228,364.9151317311543,0.059547290594406554,0.0004051198033030952
45493,-1.7256124129343515,-9.974165685326017,2.4148685868692996,1.5755182782715371,365.1175294593821,0.6030188460689425,0.00040514588450369754
45494,-8.944229270561232,-7.415200942094976,4.8137729867716885,1.7576633897849696,469.1670850949607,0.1722960549730832,0.00040517752759202893
45495,-9.33918310024424,-6.613801679096254,1.1577688157944677,1.28696883627172,313.7409954538284,1.5715492143038698,0.0004051922037406707
45496,-4.116244942243375,-6.319807411249185,1.4046155988274427,2.635352670855137,470.60620479299683,2.4428710391835304,0.0004052083441852511
45497,-0.6159790330581298,-9.532007803266623,2.329648677528311,1.797618144361665,304.21289423489856,0.053883399275017396,0.0004052226835025723
45498,-6.703185199451591,-9.804179483090593,5.076542032993961,1.5189551319189125,172.99498869291568,0.42579394672694004,0.00040523320523633266
45499,-4.752623708530627,-5.791887452126321,2.076925176422598,1.8348920221743146,438.39008709350713,0.4275988334464804,0.0004052475869960084
45500,-2.7860441590567167,-7.477838229465659,0.3295995559661829,2.0803824615768645,414.01882860360837,1.9226312780464214,0.0004052925523561474
45501,-1.1608190771662592,-9.900741143958312,2.3299260805194035,1.4299445830522894,322.543441091921,0.2803436495213827,0.00040530196888084253
45502,-4.9973746082849395,-5.435297890808697,3.4408040946585703,1.8791163968233688,456.48986885684235,0.473021365846102,0.0004053073501407231
45503,-1.9186293927930826,-10.36401756895696,2.1850583011249167,0.8398265487872973,167.71113158276674,0.8185587513008956,0.000405323004633939
45504,-7.572039688244227,-12.064751532563452,3.180541240115927,1.8343005823770262,439.72464292733554,0.18981740465499986,0.00040539098178941056
45505,-3.8261868648142574,-10.923882430879914,4.584142406137172,1.0734955076660344,281.0711565511329,1.779574877679531,0.000405487112240093
45506,-9.48344076754663,-7.649318397339647,3.0760535946665764,1.246258219861648,270.6555711338973,0.42884332753427046,0.00040550957010369274
45507,-1.8354890066833693,-9.917952871901456,2.4258475423630648,1.836122812042537,467.7882042170743,0.6861188663524871,0.00040552671040785236
45508,-5.475335222133639,-11.800689243331664,4.411484638298174,5.31587705162412,625.8501267243653,0.2930317083117844,0.0004055475890119618
45509,-5.820499399091053,-6.196969191440597,0.07939745451601826,1.0691583159883344,287.9071492217892,0.8917389943652703,0.00040564475948236993
45510,-1.6996488744680036,-10.256692888697827,0.9538469484775074,1.8090163648714939,468.1318631107093,0.6895028736095963,0.00040569700278359286
45511,-4.772369985613705,-5.846101760603385,4.087979779981319,0.7409373825635784,468.35818036911866,0.29641423166206593,0.00040576550825152625
45512,-5.013158534327047,-5.260756573554112,2.8203636423497573,2.9280152467417517,263.437780417639,0.17553917022486676,0.0004057807346895595
45513,-5.0330505376466235,-5.729752263328524,1.6821082534740914,1.9458616827517947,182.15147457961538,0.4081183644176507,0.00040582608459187357
45514,-0.6601615041017741,-10.007158008038878,2.2927888122440367,2.460846204378838,443.650788115567,0.5287442856817783,0.0004058358341362827
45515,-1.5609466845906024,-9.513481213316295,2.3394329200628756,1.8884123692963264,463.891580712931,0.5520631658146069,0.00040584413692193797
45516,-8.623657899197976,-7.760959934756394,4.941353336321888,3.1623485703245016,383.97289788926844,0.02879481089929392,0.0004058517949009373
45517,-7.09685111775239,-12.513643840379094,3.85971768153663,1.4991252060866154,344.6587141740828,0.1706164089841593,0.00040587408988652576
45518,-5.80150850086876,-9.977091495257955,5.129674721313995,1.8970029427262374,393.3268155783985,1.77896229565403,0.0004059926726577925
45519,-1.347367231308489,-9.518614401709787,2.3385411334089308,1.8243792713130305,435.3989156875715,0.29228407729129113,0.00040600329441207837
45520,-2.2836462282824606,-10.438185342044353,3.191672323770889,0.9133271452034881,468.02488159721713,0.7907918762271189,0.00040600755078368635
45521,-1.8700916691796934,-9.912095482814925,2.421776731879111,3.261729796844229,514.3312502007514,0.8334173055670382,0.00040601763366047397
45522,-3.6046225352964543,-7.174250163113822,0.28383924485668205,1.2882443306847435,311.4973824849949,0.5431623860138046,0.0004060754771614131
45523,-2.148781557432277,-10.812126204240437,0.4700599750954219,1.659748645346121,389.2764436962771,0.5831875838899441,0.0004060799073892659
45524,-0.808867973230937,-9.89914596856603,2.423433903457471,1.1709168612464853,279.66104310506626,0.904106262312177,0.00040612979812718774
45525,-9.171457357921717,-6.3210109191623935,5.140027459189121,0.6003199929879882,164.59247844599733,0.7897979049016319,0.00040614326560860827
45526,-5.100821896938989,-6.1543466118597125,0.8170902002614725,0.6991898490178996,153.76109835013096,0.19359691099499088,0.00040618175415910597
45527,-6.1345952016071585,-9.96494758353138,5.1201468853678405,3.1275942092782882,507.4499079693369,1.1613174566832551,0.00040620110631987914
45528,-8.034125995416103,-10.677304233397168,1.911973238172257,1.2572527594235443,358.08157304659284,0.14192231528948085,0.0004062145607802157
45529,-4.2000899956213,-6.220262992974141,4.810982883311561,0.7195366008183178,468.16831889285737,0.3308343556255666,0.0004062401762419823
45530,-4.359108092619371,-6.293993072054573,5.021699811509615,1.2708868510258284,468.5983470683769,0.4316563032726828,0.0004062665248057328
45531,-2.3615748154472787,-8.318884075315069,3.100652317031039,1.4437248940599217,410.79446778020287,0.4417681020447999,0.00040630575435832405
45532,-7.396179881584644,-11.66493410415944,3.579716200070818,1.0674713157216458,216.31248247126678,0.06369981531274327,0.0004063145749008468
45533,-1.565952978920496,-10.490086577350986,2.19260644828056,1.3369154135604948,467.40424152636245,0.5259698659738605,0.0004063309515617097
45534,-5.2791894131923565,-5.050903622377053,3.441247078789235,1.1868961963319498,299.4402223638459,0.7991106831349386,0.0004063583207254809
45535,-0.17921751594890978,-9.448628080835729,2.403976898273809,0.8403882956582636,209.62194415509023,0.7047008156894359,0.0004063643562704725
45536,-0.6864960470384531,-9.994140219591152,2.3950063598369016,0.5987375549668599,149.29033686909858,0.022901038721317768,0.00040640472354466057
45537,-0.8956203118144366,-9.539896153449511,2.3392846168513164,0.9651602746761935,266.2516257201748,0.6255346272985411,0.0004064505170487696
45538,-5.298678635544726,-12.552006694022015,4.319480895536762,1.0807581396585073,217.29870464701577,0.020069391960507055,0.000406456550105886
45539,-1.9018933118993289,-9.582925068349219,2.4344133960063568,1.4720364684616127,429.0249477858377,0.487026676997556,0.00040670547313218815
45540,-7.803234756998956,-9.098014116022513,4.528515236103708,0.9095277033905411,177.9639373435593,0.10015059322839459,0.000406711006445497
45541,-4.866944739866525,-5.705826811086537,2.068354566728949,0.8371265439187248,469.1366356783228,0.03719711470890097,0.00040671462378432603
45542,-0.5806545036423234,-9.912976097646387,2.412952979280456,1.3736176303422085,232.49432471240667,0.06342352225394077,0.0004067793521603763
45543,-9.016119288579741,-7.994382717739255,0.8425603799093591,0.7491312957931695,183.28372509409297,1.0704542453369692,0.0004068079303288304
45544,-3.140342671133986,-6.013636081385441,2.775523018272442,0.43019880792775567,113.80973584301545,0.14574390921628666,0.00040680963012054114
45545,-1.4058029825959117,-9.891960519949095,2.416090390490333,1.1073308222441227,289.7486663550169,1.183675589010421,0.0004069293929073436
45546,-0.7342186217481892,-9.806289584705684,2.3414542276480943,1.621955231911593,361.0664650095543,0.7213150727546953,0.00040694787107534554
45547,-0.22939261661385757,-9.993658801134869,2.3224961169408065,1.8859299166407795,455.06252140629886,0.14895159883682574,0.00040694829934532334
45548,-3.9550007808555856,-5.912130341844146,2.442428842598137,1.817561749166705,466.4453457122242,0.6495969595069573,0.00040694891806874995
45549,-5.051117930322075,-7.024396462760727,0.14629171057533788,1.5317677487238843,349.9715464535172,0.028000192568976345,0.00040699026451628727
45550,-2.278754044823497,-11.258138203642327,3.2019841508928697,1.8468909912175613,440.5339849918751,0.5593883672647451,0.00040700162764880623
45551,-1.920393990329476,-9.792690301544306,2.509464582190407,1.0782951576891409,467.1730369752031,0.794023488692166,0.0004070701496491212
45552,-4.277947503823328,-5.912829031895971,2.035646238717381,1.3929077182352803,468.02852008398,0.07877352841572094,0.00040711642039820817
45553,-2.54262311401615,-7.502434471189191,0.7339721642788529,1.0540075643814908,209.320740975896,0.8447408792461273,0.00040713160028593487
45554,-2.274544267674531,-8.88674634374316,2.758299495791695,0.587499667778189,127.8333397758899,1.066823261209489,0.00040714375317291146
45555,-3.842464775473694,-6.292535749972369,4.913833401765159,0.8516909174082958,186.77158632346706,0.11136302063606784,0.0004071909950322185
45556,-2.004540925117544,-9.346723620245003,2.193530565941514,0.5517608810534903,116.22997344411507,0.21749522849892156,0.00040725785379924084
45557,-4.558788568532073,-11.29460929615221,4.486817677287846,3.9477665131347863,372.5187226906543,0.06393987702118942,0.00040727118450380537
45558,-2.727803802593817,-6.794791907341846,1.5556047423314634,1.5147159713880198,343.0917124587856,1.4416703026650142,0.0004072912110483644
45559,-2.9864424383081944,-6.553474619755291,4.477979068154971,1.4396978232686197,344.15434805194764,0.3876098138204034,0.00040730705099645455
45560,-9.099755564034234,-5.48286533763098,0.5554037598110075,1.087368818916265,466.99980648788375,0.6192546249951159,0.00040742558632861933
45561,-1.7990727336381678,-10.111122463367918,0.8395018955664186,1.0103132558274244,246.94807046182927,1.1087243211922813,0.00040756118885416237
45562,-4.594498314350883,-5.734121321490429,3.4425518240082527,0.7297611834355693,195.85201934000278,0.08155067731469323,0.00040758544961057937
45563,-4.409177204389571,-5.680062114884818,2.6668338568266954,0.8847256491815376,146.03458262212678,0.3875821157624397,0.00040758554060824434
45564,-4.66738495174178,-5.5422520431125175,2.8397057109612365,1.6569410315840327,384.2142349321361,0.04240605405486786,0.00040758847808854126
45565,-7.396835203367606,-9.096565766622188,5.148916568553679,0.8347103442781434,169.8489392987766,0.9482843530589635,0.0004077087797083298
45566,-7.086456921860987,-10.326036557088994,4.439725808106339,5.754219997023696,242.1770610230705,0.3381435643090187,0.00040773366766869677
45567,-2.128122577942233,-9.842798991308111,1.9677824407291384,1.5348836506337962,356.15769463969497,0.612557831321543,0.0004077623218314862
45568,-8.238517785946373,-9.894348703409843,1.3684258050426903,1.0751314361988156,286.10533394016875,0.5625427841274275,0.00040777343962472416
45569,-3.295988330731366,-5.9168368842713335,2.977996992597937,1.81272407957034,467.69382442255846,0.29695685997724386,0.00040777502532573335
45570,-0.9635415302630186,-10.439201626153702,2.196014277999209,0.8685290247258605,468.26965161711985,0.6878684695414421,0.0004077765484164484
45571,-2.4128164665634744,-7.462107402713224,1.2269770989280244,1.008381656654536,458.71134896593276,0.7125098069925402,0.00040778401440264754
45572,-3.2568459074666993,-7.3620416790088905,0.20852405743249527,0.6965023434547182,178.2365838143163,0.13486448833063402,0.00040781072745024814
45573,-0.7102510171904939,-9.626287602445183,2.4301966083736977,1.1237677752926438,288.97995609186506,1.3985505068427724,0.0004078387211753059
45574,-0.770550919874692,-9.820342105650004,2.240424120095462,1.2233595704082918,263.5694712092807,0.09398260637831335,0.0004078448338246273
45575,-1.3206800198208573,-9.675829158537663,2.4315958836218896,1.1275841033192426,129.03254045447332,0.31803948505805657,0.00040790103096219864
45576,-2.052327244785843,-12.074629194708663,1.5978122396294525,0.6760748050684565,388.58348997408694,0.41719811686936126,0.000407909264030293
45577,-2.34213013856645,-9.852639462341266,3.7361359823243516,1.5960198077884975,376.4611266290208,0.24119933966191365,0.00040791612339948657
45578,-0.8134092821940193,-9.357467800498734,2.1910042469568625,0.9473305755437429,249.9635226952317,0.866815214018632,0.00040791835808804273
45579,-4.916537770404746,-6.271738347632257,0.9599926748797037,1.4271954216550058,316.70641861612745,0.1888773427444148,0.00040796992533041195
45580,-5.150142723491652,-6.615106099355162,0.41808676906521486,2.588241410051157,464.55601757757506,1.7784683166343314,0.0004080523778191263
45581,-4.988188444135231,-5.893257632517993,4.520719145015566,5.981405905420827,384.64079678532585,0.131312610533298,0.00040807174978457994
45582,-1.5790056870279976,-9.849366681877818,2.300847748869281,0.9727019262407453,468.0561253766395,0.9234807505851075,0.0004081971427559978
45583,-1.7813285962564187,-9.979976806059428,2.2836831959962782,0.7675584340745404,169.65960622908398,0.2759304512006535,0.0004082465144501075
45584,-3.4714141659722584,-10.529588662588248,4.735823531199767,0.9928068403149637,468.4909124209539,0.0660086423921511,0.00040828540452506545
45585,-5.069061376001926,-12.408024735280087,4.321180587283177,3.51516336652319,526.6455088848811,0.47287218365307293,0.0004082875572108743
45586,-0.2851571842234275,-9.894700289558525,2.288836351093769,0.7239328192561305,215.18049253086923,0.8813924069469552,0.00040828779309400894
45587,-4.815659598101984,-5.68102787151049,3.762272759310477,1.6678272232346627,468.21030787622493,0.07226225505809758,0.0004082925489858982
45588,-5.2689118024748725,-5.098487318002362,1.8725820503731283,1.3264557924357403,190.4054394164063,0.1442984349799321,0.000408344021261285
45589,-1.0474084676492144,-9.74584014050258,2.3120277265494953,1.848916115813809,443.4412312482375,0.17928137854056825,0.0004083661247999701
45590,-4.329016185178835,-6.022413773330732,1.9808601834952868,1.7183767640774645,405.1916775308196,0.13031131589998335,0.0004084308951551275
45591,-2.6901179399609845,-7.442012978941786,4.725524686715903,0.8135287686688798,470.1468144876962,0.1913632966514447,0.00040843840359841663
45592,-1.8544628704358352,-12.068339234890532,1.3556610028167164,1.123859771300949,468.10695057592034,0.7348076087250686,0.0004084628516922786
45593,-4.948160195574766,-6.326785173637083,0.7928395157226313,2.292461205106935,431.6903577604686,1.2063084583038348,0.00040852354884275585
45594,-7.791890294295467,-9.148614236319442,4.4851859181309734,0.8498856667530542,188.12495411037395,0.8773396706370313,0.00040852409006288885
45595,-2.0554094566023995,-9.979581914930735,1.9042851388684758,1.061516934753024,275.91311198322614,1.0809107066545875,0.00040854161280252515
45596,-0.20829440097624818,-9.604788901035679,2.418207925716965,0.9047483269846953,198.9269534170742,1.0221605911449378,0.00040855243832597194
45597,-1.4454416780826698,-9.637705320752012,2.4203527041957975,4.766674477841739,302.00895673505676,0.20748911436004303,0.00040863565743566143
45598,-3.3507459166728086,-6.930077804856317,0.5301174695833286,0.9997811509182706,275.31613434777455,0.7452266129783416,0.00040865391918526976
45599,-5.439865486541341,-6.158268104127962,0.5824238789780845,1.4749331192712105,469.5477050196218,0.11425245165102904,0.00040865781746615525
45600,-2.009997236175196,-12.89494738241662,1.5148776792568843,1.0263893185245678,270.23777946621965,1.389424354456568,0.00040874229206298797
45601,-5.817666866423749,-5.769852647575475,0.27132684625724296,2.7439333004514577,431.0428561018823,0.19630574492570574,0.00040877378131469374
45602,-1.5476523545008956,-9.839805350550046,2.291942126584081,1.8637720500079433,468.12042752255593,0.37219338358266985,0.00040877976650885824
45603,-0.10640085665557031,-10.018927912809115,2.2361554358737106,1.349861174410869,319.68905655376267,0.20018096300343835,0.0004089141132552276
45604,-4.078341523304893,-6.892905459715303,0.518305448708527,1.0786672809228612,266.63865694024577,0.2686438849705466,0.00040901936656679205
45605,-2.211641378079766,-10.748294967054862,2.5428404011435863,1.829468848577155,468.39539966149863,0.6409020860064354,0.0004090664928584641
45606,-2.572092310035293,-7.272444728485358,1.9682910200463228,1.0685336322329968,277.03579385448637,1.805214580105985,0.00040907704359560097
45607,-9.486081516772051,-7.66927313888494,2.950043966474966,0.8374906171478403,243.10065077193073,0.28253312156967514,0.0004090860781278858
45608,-5.530384477087666,-12.199559206093106,4.358846042901403,1.345051909323168,304.1496684161196,0.06980755213721945,0.00040910977071767523
45609,-1.355108368984686,-9.781553253662254,2.293665755075284,1.2575964876913346,292.5058474490371,0.3398091384267605,0.0004091180902030924
45610,-0.3285061973754697,-9.65523256867091,2.4146363339840806,0.9940181389819507,263.7403925184601,1.5203645807335482,0.00040916878665177596
45611,-2.8734933393488067,-12.258140007835095,4.897974619991682,3.0999388328742405,508.33381699816033,1.7242052484288353,0.0004092093647757638
45612,-0.8318542335488726,-9.701132867717853,2.2926386389652307,0.9421100693754426,202.67780181836062,0.166266715465075,0.0004092455181881015
45613,-1.4096638036700977,-9.60596208714863,2.4075621584016775,3.939075119292465,563.0401754014318,0.8164371939483521,0.000409372042928272
45614,-3.338091684762446,-6.0531348426802865,2.0360310271971,1.6621761218845894,389.56487334725534,0.13446869563139696,0.000409379987070521
45615,-9.381848091282157,-6.669806011191846,1.3301608587817975,1.0297843147758854,466.33870019872234,0.6984342589486996,0.0004094414827853183
45616,-1.0539058151003466,-9.914049485560792,2.2835989163075316,1.1233507218363679,244.64695720726786,0.9452227700861604,0.0004094425041381831
45617,-2.5039932591377987,-7.663147947732339,3.300633159330345,0.949147200874091,251.05607614036748,1.410650233487977,0.00040944775845180284
45618,-8.163690103020114,-10.06628465308052,2.134351872618344,1.3531861919000043,469.93147050926575,0.2363157032194083,0.0004094576261160978
45619,-1.3636172258833525,-9.713679258843499,2.41061554236536,1.3876643644149171,466.5442739691023,0.756057396233353,0.0004095164472985334
45620,-0.042964984445442056,-9.760381428407872,2.407199154485626,1.2901622609477115,319.72648688513254,1.2454159613254232,0.00040955231918933147
45621,-2.4001156888735187,-8.544848488321112,0.5184186190132869,0.5114199489400723,121.12753570311911,0.07046057738641753,0.00040957296556234625
45622,-0.18323734170793315,-9.57044323604974,2.3979850751417864,0.7924453552093892,216.13457140982698,1.236694937544864,0.000409581478460987
45623,-2.063755185869187,-10.655396288378302,1.7126720613954214,1.3559270076724284,305.96719469454536,0.7768049261161698,0.00040963095712823254
45624,-3.726823013868678,-11.923674285263893,4.343681208792626,1.4330733447991224,338.9439516264722,0.3134755466044421,0.00040963388072169123
45625,-2.398514510911136,-8.013579361109382,2.8753827335288564,1.7682318487077744,417.7860993987538,0.5334990210890771,0.000409717910648557
45626,-0.16270444478745816,-9.390172945842567,2.194314723410078,0.7098760690850615,467.0797857406986,0.37399807910244487,0.0004097241472950125
45627,-0.25033365552241804,-9.833560830806604,2.3947105863236233,1.114205873826662,295.3113709071089,0.7239080258384263,0.00040975543307657973
45628,-7.794226502289871,-12.306234932222988,1.4698247798879502,0.800303832824746,209.1529005494395,0.3918252440189436,0.00040988645192233293
45629,-8.936146813434277,-8.443366856792863,2.444357472357537,0.8014758944533122,469.96063013929285,0.22019455332756177,0.00040996383200462227
45630,-3.3443680546841117,-11.086348886906858,4.523310980541397,4.715154058633084,609.8627717433054,0.7849201495417377,0.00041000364641995086
45631,-1.9855495864417279,-9.742038369111395,2.516759354581469,0.6273356159684897,149.9813435185448,0.35469482397251184,0.00041005083361321147
45632,-9.484588908099692,-7.656481929535996,3.0303072205234867,1.6289528366920276,469.3142394508573,0.1432629822338214,0.0004100959305862991
45633,-1.7876844172271706,-10.08207505281852,2.2987165662743627,1.7605965344015868,467.4980205529602,0.5204857932893967,0.0004101110053079909
45634,-9.343991371732585,-7.875897619683438,2.136153252632323,1.702156712802977,398.862123542837,0.020076663812924167,0.00041017461661915615
45635,-7.811145521991927,-12.310651500483239,2.3251335848785426,1.0580740623170566,264.6787487852342,0.9676846914359887,0.00041017841220123574
45636,-0.7488516510275556,-9.645655735221156,2.322222911639362,13.211809508945574,628.7493290339781,0.016215141956096524,0.0004102060001417928
45637,-8.451631715827284,-9.377179620992123,1.4340512530619005,18.462111358207995,559.8011645458212,0.1264509820734796,0.00041025990660710526
45638,-7.503019685910438,-11.892142486256954,3.3450536977654406,0.5472384016113766,133.07031687138402,0.4645891591203899,0.0004102848383348924
45639,-3.7696938332124033,-5.876252436476384,3.3224697176691587,1.2697101182892578,366.45825469626516,0.00644547042419763,0.00041031986294396463
45640,-2.742579391106026,-6.668380208906178,1.1526783425085532,3.628396959780146,546.1223950610203,1.3209554751899484,0.00041033371372470594
45641,-4.2715865324152,-5.779713452274706,2.3850585247890663,1.9250278676508996,395.4457519128116,1.5737499442727376,0.00041042644696123325
45642,-3.3101980000977838,-6.406556185838067,1.433949705551681,2.8654395285208696,488.28985399143943,1.5458822300420483,0.0004104279325967028
45643,-9.68312109838696,-6.781648712500398,4.050641720526197,0.9793524369343161,272.62527962915254,1.9030004367702196,0.0004105650728257721
45644,-4.972069557352464,-7.18033417565228,0.052566286015761736,1.1613463350839694,276.5722705265353,0.13358112264709732,0.00041057979310631673
45645,-5.107512942303538,-5.168131003470736,3.0834672030750774,1.3691240982555009,470.1731601711836,0.1246504436084761,0.0004105934190214928
45646,-2.3887186446329736,-8.005532970611377,2.8160198165238093,1.8849751223571058,224.22026593209262,0.4189967946250581,0.00041061468715207185
45647,-5.296650250842358,-12.853465064865155,4.297290758688821,0.9271218475539277,230.4780147693883,0.09544255461306772,0.000410699133908266
45648,-4.997583424189988,-11.88022290128,4.381597230790826,0.8412467848563915,425.89896779260624,0.18008276124330092,0.0004107880980269743
45649,-2.158976157984238,-12.16117134340846,0.45408018662555594,1.1479298300712057,269.52162519669224,0.3185829334421655,0.00041078966110282147
45650,-0.3208766214324239,-9.411179968227351,2.1944283896193912,0.7685756517717237,467.995413869336,0.36536063654181383,0.00041082472607084294
45651,-5.3545760310326695,-12.450174462227245,4.327791170793489,1.2761167886560516,225.49096911940885,0.05974288168267705,0.0004108834515158441
45652,-9.36108412466616,-7.8559416714593535,2.1741969779212424,1.4442817912947612,467.9033441537221,0.6271313579167108,0.00041089931613096716
45653,-5.0981840187835115,-5.713033325694773,4.2813571065093505,0.5757311548478723,171.41848127367604,0.8664402832061517,0.00041094838354326975
45654,-7.924810787552968,-10.709837348464685,2.6089242068559417,1.1590427301223927,467.6743368679091,0.5107979097489226,0.00041099982605433556
45655,-3.8552556085651633,-6.429294689104984,1.0828766194655244,1.1585010016791726,300.874343806515,0.31796643047904194,0.00041104775977612645
45656,-0.09952690392997354,-9.414097349910866,2.1888353816012174,1.000581440230511,250.93840494228886,1.02309518235118,0.00041104824668999803
45657,-7.509191852684819,-12.37202676271616,3.263227628334766,1.118394588868708,289.4349548793047,0.3685083055678069,0.00041107385611689664
45658,-3.411681718031595,-6.056160456543312,2.0949779664269146,0.8954930607183155,268.9709696247393,0.7539520423516537,0.0004111180344244395
45659,-1.622808225851486,-12.003861240949481,0.9922245036562898,1.362642181813582,323.56582300028936,1.0821177248791995,0.00041116169044950205
45660,-7.85512630630835,-11.105105551932917,2.62521906525545,0.9412225694388535,203.90103062759786,0.028169033854076098,0.00041121786762341947
45661,-2.448439879294906,-8.753032862014432,4.3347489546753915,1.6093595302950563,345.8652711527645,0.7676196157583837,0.00041130622549311713
45662,-9.845253635293192,-5.880813880851191,3.948608168666452,1.0828238882718406,267.3656324051888,1.1914819952893936,0.0004113182522768553
45663,-8.322553040674247,-9.768625910173931,0.7815297113745983,0.8870411505630239,468.0789937813338,0.7188185295532028,0.000411439863092282
45664,-1.8975392711685384,-12.178834078774106,0.7163583326659169,1.5990221151882078,468.5127644063503,0.4327413813077081,0.0004114493317984783
45665,-2.155700232568809,-10.343970591355784,2.1389896355075066,0.9558722551018629,268.34477755458414,1.4549850011204368,0.0004115513616070094
45666,-5.361533837421751,-11.36940703697477,4.489937122486358,1.5855648257918897,469.48959591789475,0.080663103184337,0.00041161507225753133
45667,-3.9157954468456238,-5.94636861448524,2.354650424709067,0.7792059553586025,165.6748746897262,0.0024717747148210734,0.00041168862025863076
45668,-6.2190784947693,-12.558735126602096,4.2987246216802575,2.5966229660301146,235.27197847124054,0.41452813639919395,0.00041173997966772937
45669,-3.3037699889509264,-5.9626744514818695,3.271246157826314,1.0925198370597022,286.1313973926361,0.8410037391865073,0.0004118971757333373
45670,-3.824240487249665,-6.064666600108257,4.138613013427666,1.2002547204262166,301.1159749769357,0.8052613432462357,0.0004120669521828475
45671,-3.7493074719497175,-6.422056101934479,1.3302553165067357,1.7793027545675326,422.2192305827547,0.0677410497467621,0.00041221005282646503
45672,-4.883352471388964,-7.074621151369464,0.2175148102434117,0.5954522348291468,182.38083462777539,1.152120887705924,0.00041225788454967067
45673,-2.240055974265659,-12.177273937931018,0.3637204640825729,0.8436567342479936,171.01578422084086,0.9679313131052494,0.0004123680608194142
45674,-3.036935246849848,-6.1901534019598605,2.5678680559155342,1.8419753611793654,467.5365339466479,0.33416600170271593,0.00041239405722891156
45675,-9.350392073563683,-5.955009204735397,1.0618864090103044,1.0539079135649696,269.7259155099694,0.19603172414091308,0.00041240606224574044
45676,-4.316460217082305,-6.944320913814229,0.4333474328936031,1.6829090910573363,362.79793526012105,1.243877769972796,0.00041240955910166663
45677,-1.6294992197695617,-11.867169207578648,0.9552378410728861,2.4002704914880866,446.82215419846534,1.8530557944482293,0.0004124604867714438
45678,-4.6386316910481185,-5.711380908012298,2.242554121010291,0.9392847493417855,188.9077762245144,0.9988876073223238,0.00041246666909349047
45679,-4.32579792307089,-7.434346058831497,0.04089140218125638,0.8268089713075615,162.7556421486844,0.08242218420225988,0.000412522381626599
45680,-4.820620892914198,-5.544140118815753,2.4260307213323427,2.7776891572058298,463.6284025024765,0.4740201056986484,0.0004125715650183961
45681,-4.686990109486805,-7.37001976007807,0.02706863695650074,0.8656923356150982,152.6926475380141,0.10116348095695127,0.00041266401294214527
45682,-5.081495393282602,-5.171988043287085,2.357874707273372,3.8116790709021275,544.8629564119058,0.42211745136268775,0.0004127072260419594
45683,-3.226933721942644,-12.4031834973589,4.319230139732038,1.0703700601914647,260.6887256568973,1.3778105927546678,0.0004127348831502192
45684,-4.7223368278996825,-5.672140649912548,2.3380581957786606,1.229917557336611,300.66194959597533,0.9695689729547938,0.00041274730195016483
45685,-9.932042018613712,-5.980664257180095,2.1566221205334295,1.4865297927326309,467.9925952392372,0.47929560226595846,0.0004127622911319042
45686,-4.967705331867792,-10.803099692283137,4.650027455778201,2.305530732817393,360.9684710130957,0.08643048163734868,0.00041277434234337075
45687,-3.4512788979228057,-10.068889761587869,5.0012283078985735,2.698623847326178,475.2823102160514,2.017818860922449,0.00041298978080408583
45688,-9.642412766154902,-5.3386145759204275,4.285901595602901,1.8683905653961084,466.3795138626965,0.5195242206123689,0.00041313921184286473
45689,-4.476095850239358,-12.971665650895492,4.2612000434529325,1.721863555586326,405.7955161987145,0.5720130644643939,0.0004131803876476848
45690,-5.464342142883961,-5.174820360662463,4.044451457238102,1.4520592748492165,165.52266605731774,0.20513900943507135,0.0004131991619639952
45691,-2.3243676127026704,-8.39908926793787,2.676841179480393,1.1700662859608066,298.84248520985415,1.8905714571694556,0.00041322061403066925
45692,-2.428649393641007,-10.156378776443672,4.9190624522594755,1.4598439882419856,469.7335101936093,0.14521393630846635,0.00041324924820519763
45693,-5.961310083127226,-10.163695164211695,4.991423476841994,0.8517614339043971,248.05621791207346,1.3997033982308418,0.00041326856828966283
45694,-1.7569254144757789,-12.874921944347289,1.2932782412575277,3.0838874187453302,381.05999128662165,0.03216798748209637,0.0004134001966215013
45695,-5.537486381338795,-5.376381217428526,4.51635802022194,0.7565394408678879,154.20643584348758,0.45248720397619824,0.0004134108057419711
45696,-2.3151577266490246,-8.676257234504416,2.9350734800662543,1.2681954513388272,266.03923768059553,0.2651379817513382,0.0004135506181626381
45697,-3.857984214379755,-6.284703511494224,1.4587977334400626,1.227216503348448,306.3708396734308,1.228721006577417,0.00041357481063974494
45698,-9.824607908990227,-5.3231929140208285,1.9348105495648287,0.6791738606243599,201.8117109021269,1.1564245700593618,0.000413583644023508
45699,-3.9491569421131976,-5.93688354743458,3.479185372219849,1.4417456378077471,321.00560515117144,0.1071418101286774,0.00041358527696213726
45700,-2.1426489812930463,-9.593496331757269,2.0853161460303844,1.0811335153239552,468.118924379164,0.7413215734687428,0.0004135869834194054
45701,-6.207541821859808,-11.244276446019743,4.501130885476526,1.3472952484999763,466.69654111854095,0.19304685090602458,0.0004136012180967094
45702,-2.084280375966677,-10.647020398055375,1.7085601863198876,0.78719914589525,468.0743604743594,0.25717701855558595,0.00041385859746601733
45703,-9.940258227215539,-6.940791456168531,3.155196491660982,1.9035796804478626,467.6173931225952,0.41154720627076014,0.00041394035388441934
45704,-5.356843289075932,-6.92305266239013,0.10428140710197815,0.9958155223536238,275.36776783304066,1.632533350517618,0.0004140372701954703
45705,-9.817853673671651,-7.207289062504351,2.95936647400021,1.375116707946304,329.0137809674045,0.8507396418588788,0.0004140731840410015
45706,-0.9955076029066774,-9.48457309798388,2.189013272011747,3.25306867059617,518.3333395297697,1.2955152500797924,0.0004142780876565535
45707,-2.8147650374555013,-6.6612311061659675,1.9770546612266682,2.7718514026761873,479.7226327444777,1.5117121484024567,0.0004143019192264854
45708,-4.202538522460103,-6.6915434181668445,0.7176504509490321,2.6426957979486665,228.4282277548074,0.23400710314340767,0.00041447345447759374
45709,-4.9255744168819495,-5.337212020808968,2.6860337939457017,1.0314175638931333,271.7583586442289,0.298530081575767,0.0004145121007383296
45710,-1.8741247356347674,-9.469394741781928,2.3084903113449635,0.9957966270024952,194.61549086122096,0.051892440194405864,0.0004146112892435915
45711,-2.0421655016088103,-8.902639136225922,0.9666636963052275,1.7190820835664538,468.44950964414096,0.8130702757076902,0.0004148008701404776
45712,-4.931152098525571,-6.868349593447163,0.32795436962790375,2.401433466119607,445.21441849252733,1.4645708578666614,0.0004148021844260675
45713,-2.124426970448212,-11.449802592732734,0.39377177334266394,1.1559000451481456,180.3492321607881,0.15426061786455225,0.00041496422423259975
45714,-5.365153809882519,-5.164874754311841,1.6974501508616082,2.017450286918888,406.4326109365231,1.7346164723910782,0.0004150012921499291
45715,-8.286846045080766,-5.019662530982698,0.13691912969530529,0.8486229468881414,232.4897181998723,0.8265926191721906,0.0004150757037769217
45716,-3.103575646194317,-6.391938060204399,1.3760794370670448,1.1080275995238076,287.8327455916455,0.5121759610568093,0.0004153082161551696
45717,-3.523758898003991,-6.668252084495408,0.8408997984748138,1.100876064134336,284.56027165384273,0.6545631108845615,0.0004153391599232735
45718,-2.1995785856334127,-9.349347010118708,2.4527496642629596,1.6441288200902253,467.7871011853911,0.7821194618385752,0.0004153516914335961
45719,-4.30974094068775,-6.188611328099104,4.738541785608433,1.010480944643293,257.86457986404633,1.2858271090113007,0.00041540900072971684
45720,-2.5367039163173093,-7.411302351597253,1.85401055452808,1.0274422660739542,277.44303485154563,0.7818272736939464,0.00041548797738774705
45721,-1.9342491051888437,-9.312443184018331,0.8748600629222555,1.8610381938284906,452.77739347416826,0.39381626166884587,0.00041550339506120414
45722,-9.322020956659218,-7.190723679239414,1.3434388292204866,3.1210474198597526,503.53138759672254,0.8844137284338691,0.000415554743907986
45723,-3.925818143557871,-5.91237308762845,2.868774422213476,3.9330934752514217,558.922219097237,0.6344077772004679,0.0004155558521139043
45724,-2.073232276845676,-10.079683680004035,2.1825784458076374,0.9332233801652606,246.48667198544044,1.2832878903853917,0.0004156172373983436
45725,-0.4629070964352824,-9.943143561399685,2.185324624364949,0.9081100110975052,183.0459964202815,0.8837083082879218,0.00041562201036794575
45726,-7.851995344093373,-12.203305081346699,1.9781190193261733,0.5622282434473704,114.97266223805603,0.1286157488774693,0.00041567093006190963
45727,-0.708077962922669,-10.009894172791057,2.228378154794236,1.2331886842343929,232.06044223874818,0.11878715499048376,0.0004156900845565581
45728,-9.986990234706038,-6.335897795466893,3.583531058841949,1.2866350149635373,321.3528815671584,0.39814266636037754,0.0004157441112810787
45729,-1.2117030914542664,-10.158815870930841,2.2005499977626486,1.3012167010717126,315.44344379098385,1.3653373306025927,0.00041577176783560223
45730,-2.6925370706269023,-6.921601496014601,3.0608558938375348,1.2404294343128668,258.9491781786639,0.2574537871589557,0.0004160667588550056
45731,-3.2862580092088987,-6.144858640828655,4.280894941967321,0.9926117991221571,467.56566792747566,0.3052570741361995,0.00041607777580647786
45732,-4.798975636357932,-6.701001714142423,0.5281110776207881,1.3804751605422831,314.062794157478,0.3113563621000148,0.0004160878307306803
45733,-3.9699045717180512,-5.948148244314265,3.674742893271818,1.3541382963735018,204.28040443913395,0.13336551638939032,0.0004163982861682334
45734,-9.028932436451024,-7.3297900966771525,0.6273162093861137,1.2364393339374693,310.89996661757567,0.5871142992259939,0.00041645139184742547
45735,-2.5034879951691957,-7.3907858110484135,0.9738994821331781,1.0912866827709624,217.91333931918317,0.5649453906436568,0.00041645654586231824
45736,-6.621314675373265,-10.012116148594693,4.950343656005354,1.158676557531117,298.0625065898223,0.832856258877297,0.0004165070233657913
45737,-4.887907528384332,-5.574179590015285,3.522182011369824,1.0293172772523036,277.34280708710776,0.5191302049170208,0.00041651522947416217
45738,-3.9816714162023974,-6.731711756710976,0.7575826935600068,4.392863882637156,587.2145719302913,0.5783985992772545,0.0004165730331579623
45739,-8.854221217216224,-8.321009698679148,3.3129567021159887,1.8039810173877302,429.8086551612621,0.31350679910672685,0.0004165991490534314
45740,-3.7522694999783646,-6.249265794201739,4.735036631450672,1.1008740688755252,468.76449550536887,0.9058422642085731,0.00041674975387168405
45741,-4.385803613655492,-11.637734279486548,4.396757042729065,1.042326150732003,281.01275321305314,1.3451059020660825,0.0004168048637826463
45742,-3.0025274536908793,-6.664595563827734,4.866972841993027,1.4522179637158217,466.0075320772748,0.3318165913798108,0.000416837554661164
45743,-3.630070471887432,-6.402040225078964,1.2371044585954079,0.6784235115927891,141.69392059974385,0.09627610326647229,0.0004170051383913872
45744,-4.896792171090775,-6.313288276702415,0.9595074350145313,3.0224812157524723,495.86486372196305,0.8958010928050966,0.00041712013532191274
45745,-3.991281053462301,-10.587683256934643,4.70700966755597,0.95817007649307,296.3254503702305,0.5098237387270474,0.0004171223413832912
45746,-3.1951524644252247,-12.369441618699462,4.34038927027399,1.1416492543659957,468.16265144429946,0.48419809303675887,0.0004172233349828686
45747,-7.800966204145675,-9.2331189263463,4.357434572893059,2.7866177218638106,481.5292102647216,1.5813239961135404,0.00041730716200215
45748,-1.869976519336543,-10.114614980444536,0.8454130465502633,1.2950364251289241,278.06537550883036,0.4627393039848755,0.00041735419493254595
45749,-5.319929756866457,-5.481870377640495,4.079287409705782,0.6673082307327352,142.02904368112948,1.0126508637913467,0.00041737286432334407
45750,-2.173736555056916,-8.19985725943688,1.2599602437409698,1.7133585232213675,467.8799218372643,0.4084582504313934,0.000417424936771991
45751,-3.2918962099395497,-5.95947715926043,2.347547263845311,1.164025238264936,297.8261091644383,0.807913653464265,0.0004174334134797819
45752,-1.8036093474028565,-12.204678484792701,0.7761907943640599,1.0546050784728038,467.95836549586977,0.1415260998512391,0.00041744981432651287
45753,-3.6085637397177015,-6.195269748835659,1.7894230047076247,1.7102696083511604,467.9183035179109,0.5885496856418309,0.0004174743096873639
45754,-5.651692552538275,-6.635980418616399,0.04654492197008908,1.8615303964750665,467.94205850536247,0.008758467016415139,0.00041756144713648674
45755,-3.716533029522237,-6.5183995587736225,1.034183814603859,1.0247301563479567,468.08189987305883,0.82395693907901,0.00041767994936099564
45756,-9.066045427706252,-8.267831860085892,1.821790232185138,0.6207094369485826,184.9137852305369,1.1879818590649602,0.0004176827321018407
45757,-3.697040581279407,-5.954580200523947,2.1442524890486965,3.535701753039489,536.2286781619565,0.9176260483441956,0.00041769354325966513
45758,-5.053236976886043,-10.900920426890846,4.611801251722653,1.768240487375846,421.2311448979576,0.7818232949630577,0.00041772497588375744
45759,-3.8695380894459035,-6.334535522371306,4.988997610925242,1.123142733395618,464.54817738603407,0.5739745350848979,0.00041774575081109403
45760,-4.128562992446789,-5.848799117258021,2.37136399860596,1.7807155774723253,423.0744647897566,0.6533780518181631,0.0004177485606281881
45761,-4.4038110909727735,-5.79048405455264,2.332965646439668,1.7635141278226403,468.2224194270742,0.6859930764063806,0.0004177665325114304
45762,-3.2094678555051512,-12.093057533684622,4.358955476236509,1.095452094484535,253.7462871172414,0.15598629742135994,0.000417813879306824
45763,-5.138276194655881,-10.24971419853069,4.918430399730784,0.9788373111665061,469.5947925731011,0.13708031513532593,0.000417832779244251
45764,-8.010577795205206,-10.716016833355429,1.520877663925446,1.7918400586176124,468.03331336045136,0.5382366575908479,0.00041784430791332066
45765,-3.7105978481327417,-7.009207360817395,0.4410649092464506,1.1284775711407782,263.22187960765336,0.6064314477934696,0.0004179675994376655
45766,-4.5054955991014065,-5.7597249702462445,3.0746362905630904,4.549551441140145,600.9803858489125,0.8472329005060439,0.00041796798766085565
45767,-8.099567506162334,-10.402784284016112,1.7328434938049382,1.1730601061150676,279.6431260646213,0.2646681195195937,0.0004180688558667129
45768,-5.385881845513133,-12.728175889938772,4.298512251521757,1.7076028717423921,468.69593799118377,0.8868897498232657,0.00041811841093238646
45769,-4.9891482378126595,-5.365223225635542,3.133894505411336,1.2258612626653131,284.9696945917436,0.3044599672621029,0.0004182290820323052
45770,-0.5397451616607256,-9.620698285062968,2.1979036950395185,1.424784083888563,430.15298106068195,0.31096393949629775,0.00041835209433045684
45771,-9.425922552511253,-5.925849717084993,4.703222900629004,1.641581046266592,468.8050429221897,0.4673182830829665,0.00041837856612877733
45772,-4.6222608972594506,-6.962576110762415,0.36523997505858286,1.244602340439183,467.9436311215277,0.40558659230887795,0.00041837938952129876
45773,-7.819415247130336,-12.036035192808098,1.500438122147253,1.850002279566029,467.68760748874854,0.30512402673326466,0.00041840654742126426
45774,-5.304285049144381,-5.963896131430225,5.047074312380203,2.6925410958839593,475.12096081819897,2.1388938393750445,0.000418444734120601
45775,-8.522569101167658,-9.223222781153787,1.4707127266132847,0.6957499934653691,467.1669941009039,0.4819926457667547,0.0004186844525428216
45776,-2.1053240927359322,-11.244668268819183,1.8107700119340855,2.2075341067450034,427.0397106230939,1.8563714444569586,0.0004187359051754551
45777,-2.4342535490856756,-9.537051022241341,4.757915852891921,1.459995633878207,469.412650256698,0.1468936140256778,0.0004187430214143695
45778,-4.348156542404357,-12.059768398048964,4.326660023847636,1.5717527421152226,468.43715840687304,0.04468133755243908,0.0004187706917446373
45779,-3.5934227291505048,-6.256971508728555,1.7000190767993733,1.6594733418294412,468.2825599267434,0.27905800732380026,0.000418788364625471
45780,-4.51142145188097,-5.825051090645705,2.243851795492759,1.0134416457527076,220.21564432111109,0.04934135032876519,0.00041881934987274353
45781,-4.125544236225709,-5.815531697718649,2.76012855066237,1.6226597705274926,376.2432252485916,0.9711796947486242,0.0004188522740242149
45782,-0.7673929237881012,-10.018660801621536,2.1942023451182844,0.6666382174446758,194.1032075997079,1.0523331989368172,0.0004190287649902027
45783,-5.620046905543734,-11.56877689041513,4.446682415044484,0.9290869137837804,193.0929871453178,0.07462556678730259,0.00041903376031129106
45784,-4.6142187065277716,-5.715668282462618,2.237663076599507,2.9597190969449487,495.5901603319674,1.4211882625274406,0.0004191198495393252
45785,-8.616983846093834,-7.731029233595998,4.984353261433125,0.6527917015697687,468.5115043819809,0.4411734879427067,0.00041914467765291527
45786,-3.118184115060876,-6.068645218984219,2.6698800850917754,1.2111552794030793,468.04658060202814,0.6415241779343139,0.0004192323800487726
45787,-9.129501338632739,-6.788348300276729,5.041313450192431,0.884609427978932,467.1795530378447,0.5666645233193908,0.0004192645519238024
45788,-4.05853258851036,-12.350417638863924,4.289551436251876,1.6144484539925863,373.59829904041345,0.23888879926032036,0.0004192740885106668
45789,-7.133410964209741,-9.67886343837683,4.845761949895294,0.8199837983637672,209.45407204924103,0.9403883170101679,0.0004193786207849423
45790,-8.399669362721431,-8.985254168081566,0.4954171991814823,0.8523080119437361,210.34305074112584,1.0474677799608196,0.00041938316001537465
45791,-8.645190098022029,-8.26136169272361,4.03694600742304,0.9800277542884225,224.7111303207171,0.13861674305201444,0.00041938395799102777
45792,-2.186573007604884,-10.268525214872495,2.54140368088448,0.8688690596157331,201.42456773426434,0.8627486915223459,0.0004193977513179214
45793,-0.7194572687273801,-9.965736206284516,2.201505475870605,0.709731134106544,159.88948409683067,0.6257753387521534,0.0004194046020362954
45794,-7.958451656828137,-10.948107578208589,2.1492101818668137,1.1415053578449352,268.62215635626274,0.47954733410340733,0.00041942300268765336
45795,-5.239571854857122,-5.97992497301666,4.982017270136947,0.7197303954056936,466.92771036012414,0.34875411319010663,0.0004194745173435249
45796,-4.692418696801371,-6.252015014930512,1.3147077784732806,0.8643956154190064,172.9097189428315,1.0804461491993491,0.00041950175822168305
45797,-5.420807577894763,-5.429809513824622,1.1443108276753542,1.851659251285936,444.6426529194654,0.3905665479321083,0.0004195431963813251
45798,-5.622582002015931,-6.346834905166804,0.30856921372511636,0.8239694747584706,469.9635895780294,0.049938142199484226,0.0004196595551553609
45799,-4.547272905022231,-6.996104855928508,0.39656138404764696,1.5326470424061045,351.85475584945374,0.36770424096313103,0.00041971018637218966
45800,-5.722356902999277,-5.190149709168,4.587602653246283,1.1916303869324754,302.4644116358564,0.9893232715312479,0.00041973606539665796
45801,-9.28441370683337,-6.195930459639183,0.8737909183519202,1.1140855562797076,286.6600753900959,1.5126510882145894,0.00041976453972694547
45802,-4.78307916578051,-5.766886854777746,3.8077516185066855,1.2603383770936534,468.07253892071105,0.7153092076759462,0.0004198135463431123
45803,-1.966347584563044,-10.250196427424028,1.4227844299716217,0.7887381336706704,468.0067153058813,0.41513413077369155,0.00041983219468957363
45804,-2.0648955686678097,-10.32655471772658,0.660587119105858,1.0513413408907701,159.3858011703317,0.20448327288950274,0.00041988900346243195
45805,-4.148946928967857,-11.18458113901767,4.492251641782909,1.0205736335923472,272.8874625676573,1.4687193858695453,0.00041989023457962175
45806,-4.103114238999113,-6.148982343425285,1.771071213950741,1.1486591508984367,295.9366210100354,0.7270828208028544,0.00042007802669800936
45807,-3.2219843132877504,-5.98817181984558,2.980514580528309,0.5738834181488344,117.9485596099064,0.39797344427615844,0.0004201311863635557
45808,-9.600207796667128,-6.537576079318292,4.32276856541073,1.0675330469947337,279.85111298142874,0.8498011644199677,0.0004201457937476576
45809,-2.8754779876509184,-6.597464681166008,3.8201214391341702,0.8453895010236635,191.40676047439257,0.45612514346577715,0.00042017104702912246
45810,-4.832203963375774,-5.533696568937198,3.28891343979997,1.240417652905852,312.26664200190845,1.5549672544743132,0.0004201764489514714
45811,-8.078237044179033,-10.554255570441493,0.6423153975903023,1.1219125864495536,276.2501484275358,0.1495159408782678,0.0004202144468511087
45812,-4.484765755364698,-6.3239493082751315,5.179097298272653,1.8897687974389976,468.66733619560307,0.5408564491947647,0.0004202625872740276
45813,-3.0710883085593057,-6.561209137938361,1.022614281346432,2.457423679609882,452.0392745065652,1.8054035209694108,0.0004202680475416279
45814,-2.5015075538927087,-8.651056856271616,4.843070258199959,1.7225993658813634,467.32822613932797,0.08826651395456331,0.0004202735440265847
45815,-7.772954836535909,-9.923288816959092,3.6804650324742285,11.297498757472884,554.0044746549745,0.0644985623603116,0.00042027886977352615
45816,-4.52593090630508,-10.673412006043604,4.679496254159109,1.1295515358047765,266.3006527655505,0.5151245054820084,0.0004203577381711591
45817,-5.288996237167466,-12.889162524099758,4.2848657058861725,0.8585895200722993,198.08305764191297,0.8076177163745326,0.0004204363387176042
45818,-4.535278031297727,-6.908090148516543,0.4774729016022268,0.8071710206700284,223.05527985778346,1.0914184998887189,0.0004204380149170566
45819,-4.644668387348718,-6.110493970565582,1.2689181435269687,2.3877597646675666,445.8678443771237,1.9384306220129766,0.00042045303149551095
45820,-3.779435480624498,-6.415305285409367,5.187731819620737,1.0906662308740889,281.5006901467804,0.5657898364201266,0.00042050940007996813
45821,-3.770901891764849,-6.340738179043834,4.997871957496637,1.4881481285492244,336.724086365606,1.3526318127648276,0.00042052050496587165
45822,-3.681716127549403,-6.319659486745324,1.4516797958578322,0.9435559175099918,467.50242427003025,0.7874550738486246,0.0004205707578496252
45823,-4.884209040713988,-5.62741128229537,2.041195207266227,1.1507827925684508,467.29838638691723,0.2975004927430067,0.00042057944362137534
45824,-4.629417147593156,-5.7281035311060675,2.599022422431491,1.0331628709644773,281.4774617501992,0.8686499079187175,0.00042064005187947544
45825,-2.943270134414596,-11.12366313291869,4.941309241126931,1.1154156109794515,271.2250281398481,1.2347417407562693,0.0004206635048150201
45826,-7.414381838463067,-10.409198311000914,3.984840723853156,1.1475260688666544,467.02240605148125,0.41681359647277727,0.0004206703267746609
45827,-1.7347561349060072,-9.869318490972535,1.1376439665081732,2.6309306845209917,465.94176182938725,1.3665585024151596,0.00042069394229814157
45828,-8.051897078428139,-9.106981971382044,4.003881550226105,0.8329565505050157,175.77923987428372,0.012389741111600294,0.00042084679115281736
45829,-7.055181845174252,-9.861986303350376,4.768847337437628,1.3825377238659464,265.1490149765416,0.2227186913339354,0.0004208622088510755
45830,-7.381745133090182,-8.69828237620902,0.07954451350699228,1.1115291879420885,289.8281562607666,1.3663074234547965,0.0004208827522839752
45831,-6.656345001082395,-12.216675942173433,4.19510890562047,0.9538401544121995,266.9495455623991,1.0032194157831524,0.0004209339061250905
45832,-8.023714825062449,-9.778564874440772,3.193612376686239,6.064247956671284,629.267601007046,0.21457546812098371,0.0004209702453460387
45833,-3.9732509498563795,-5.888735915127744,2.5928199398814566,1.4638805336203584,339.4838732292692,1.8017914416849932,0.000421084252064023
45834,-3.7753656857262836,-6.130991922391044,4.326357053713245,1.8826099509404128,470.29065249991385,0.021427351230754788,0.0004210873432472369
45835,-8.103514720710272,-9.564872611989887,3.2285352267138454,0.7698649669833637,222.74135359288778,1.3520959214140875,0.0004211046507379778
45836,-3.6860528610878776,-5.8823040420632635,3.091832685469507,0.8405250879424261,213.12281909013524,0.3079471516129262,0.00042111601092495145
45837,-4.262298980008742,-11.916485057741955,4.341596914721953,5.107412165309317,313.62583134231426,0.22607420045132987,0.0004211480806743128
45838,-2.610519329907092,-7.701516948397838,4.484629890305397,1.7395216322626712,457.7090879298936,0.8166351513899786,0.0004212074911612979
45839,-4.1381646234631155,-6.017757497690497,1.941897262526304,0.8130720517596796,166.26362579628454,0.08413296856445918,0.0004213165267939781
45840,-8.175308605031953,-9.57298971430002,2.977583430313938,1.8192538002563665,469.62718571544036,0.003989990248075337,0.0004214083020291335
45841,-2.088732908063898,-10.373512929180857,0.6377261898861718,2.8498046854631296,470.37735209567535,0.5350143398030598,0.00042160483211434044
45842,-4.297216545072358,-6.596522184724795,0.816412334321497,0.8055296221112098,470.368106787033,0.1533831007298403,0.0004216809619545433
45843,-4.928083741334336,-5.739463906023786,3.9168117074867843,0.9582167385331339,466.9931469858286,0.6169936562280229,0.00042183895782176283
45844,-2.687354373084622,-7.002011508855538,3.5392480941372755,1.8355066030657112,386.88032989336654,0.6697578161188664,0.0004218579426101962
45845,-3.6663770997178533,-6.113203041914415,1.972470156995492,1.5217716759896902,359.2133051678028,0.3439561634605566,0.00042186980876645876
45846,-8.636788857861324,-9.002362064337078,1.7455059914384559,1.0783971142487259,467.8450593423527,0.9205119473662862,0.0004220368220492721
45847,-4.726827707241819,-6.123873544577957,1.1854329417312044,3.7936941602811656,544.7242782983654,0.46175078997185803,0.0004221324303317343
45848,-3.4285449761074123,-6.133272447139791,4.263759065858929,1.1709701438696223,298.72204257489705,0.4469683234373356,0.00042214934102369184
45849,-9.496542717764935,-7.52013256918194,3.3930038233395012,2.2182334821048286,416.18758039609617,0.7430138118357297,0.000422169415118026
45850,-5.100992703727409,-5.324278904414652,3.3237619788074158,1.9018665146026241,468.0872116367028,0.6026580887829089,0.0004222344310689138
45851,-3.811104928871675,-6.035989405817797,2.047465925449786,2.215381112145896,404.9013236028024,0.42490101685148307,0.0004222498458915135
45852,-2.2329734215097847,-12.681378820658843,2.6516241259668556,0.971809915860982,467.00401264995537,0.6793723390575499,0.00042226190872462306
45853,-5.431131112011217,-5.433441738945108,4.3549993996438685,0.8804110704248276,468.10298274658265,0.669983014242943,0.0004223805192004943
45854,-2.356155795244458,-9.270156387417465,3.731770651047235,1.1493725796600611,279.7772180977112,0.7187874108469012,0.00042243355692496984
45855,-3.5924162240328164,-6.148659100806078,4.3366981773118916,1.1726439277083969,249.89890488426528,0.16732324163390544,0.00042261201590544547
45856,-8.06483455637573,-10.48186874695434,1.525098993516841,5.344812835321933,640.7745624119067,0.6501619773866212,0.00042261693648041666
45857,-6.232482243975287,-10.364295959981394,4.836036998063527,0.7590392677288286,168.71691671083076,0.9968728004625147,0.00042264224220101194
45858,-7.018619701530875,-11.622343694795415,4.034595799558146,1.061890147621402,215.805498034682,0.020374393458348905,0.00042266403061190066
45859,-9.971523797580366,-5.7519856630797115,3.6310148871374883,0.7290571966714152,468.4852439857174,0.28811604791664625,0.000422687496457265
45860,-2.879776196784105,-6.968374388724643,5.057064813811117,1.352958713081192,328.61928431644355,0.335912210868357,0.00042273277620008483
45861,-9.004506912419153,-8.366075692193512,1.8509151395092398,1.217524614135189,142.80764236520994,0.28661189563245504,0.00042274522880987565
45862,-4.996293637823781,-7.057912760869961,0.1615568972327775,0.8723581955854085,468.6169441688498,0.8027869924532682,0.0004227575881194674
45863,-2.3649300599946566,-9.644826585037011,3.9825612049721975,1.6367742802383043,380.46340455311207,0.15911843440793572,0.0004227619542009735
45864,-2.6095160442785623,-7.966490441005862,5.118681384078139,1.6050088978234178,372.5564087663239,0.2143618389426365,0.0004228046040787114
45865,-4.171633103246113,-6.240738442456665,4.713058751360622,1.7975764129020915,467.72988898160463,0.4519966608545056,0.0004228104205387786
45866,-2.4301409110173093,-9.686681193971818,4.703674645892901,7.633328717005892,472.22892616552616,0.0988422776455744,0.00042297491252336607
45867,-3.1514479860497406,-7.059163107548527,0.5289203683771885,2.2501904444677354,431.99471840025603,1.814556333314301,0.000423030393838281
45868,-9.450629218593036,-6.754921626544223,4.485471417766626,2.150955566065007,421.103732959332,1.7739925239309233,0.0004231373569195079
45869,-5.294130525061625,-5.299799334481596,3.684930678539959,1.8489568817998467,467.6780382361864,0.29921855412137344,0.0004232678587492114
45870,-2.483440438430139,-7.4844370484521905,0.9943587367742527,4.405575569977114,592.6553177409435,0.8433423708004009,0.00042332427967778407
45871,-9.662583182023019,-5.096126276714775,4.216844468846574,1.8356863191952988,439.40341179487024,0.13108447911697674,0.0004234077840676741
45872,-7.2261069760110175,-9.469216705317795,4.939299437297815,0.9410482569662185,353.0412686086799,0.8158149949574662,0.0004234739082023752
45873,-5.140355411972938,-7.090148614045927,0.10170951248731676,1.1011045941696682,467.00741389241335,0.9306235499493045,0.0004234837935912277
45874,-1.9752963952938156,-9.754993122701398,2.2991413040462545,0.705758001314563,216.58682629474717,0.46383004550368234,0.00042349498668535826
45875,-3.3329480318577556,-6.628051230181122,0.9460121295962505,1.213982716098938,306.15244891821646,0.6969996242844099,0.0004236358699075212
45876,-8.89855953542288,-8.093853292975254,3.731666389522862,1.1277789217454797,289.7777890311937,0.3047202619015623,0.00042370609241281843
45877,-5.211746866282845,-6.456725235132261,0.5535065592496377,1.0418051404511712,467.2800942954881,0.135954130798436,0.00042371662770150306
45878,-5.548490363821242,-5.822103620596139,0.6480191791816491,1.8314963970578357,369.5326752280601,0.6260249163728906,0.0004238189506524158
45879,-4.654094170993791,-5.66102275338462,3.106897140735892,0.8120442144601687,467.493294538471,0.06485680086437551,0.0004239529123127875
45880,-5.070808082922107,-5.364796383254854,2.350710433675619,1.1900311448546106,222.3435940067622,0.062433188109213056,0.0004239621021886555
45881,-4.008260100188279,-5.851531959973665,2.6358965489681223,1.8476265960269573,467.6843111645109,0.30035258761785766,0.00042405799775619996
45882,-7.049671847938507,-11.644515204134473,0.12855084191620336,1.6153404714039097,468.59424610718287,0.3981048969361458,0.00042409386859620365
45883,-2.9690279492161498,-6.56813022642369,4.224053298046603,0.9687017877908533,269.87659152864654,0.47466998770517943,0.00042419260407603105
45884,-4.356245802727422,-10.715343734957154,4.65159043954846,0.6290942883320685,127.54674486571244,0.7785819073769842,0.0004242182171605919
45885,-8.63374766192868,-8.513959764816232,3.5362107406584142,1.0895293895564815,282.1886031255736,1.4670762331159404,0.00042422690353315914
45886,-7.010007791624707,-10.45518043812317,4.425945085829313,1.6381007290998577,342.6142908363936,0.7353630268397042,0.00042427356457472917
45887,-2.2695352805157496,-12.515303860218534,2.984393132460203,0.8409582520428981,178.08846374454438,1.0263102683097207,0.00042431324806466175
45888,-7.456721124659833,-10.083670554263566,0.2012763763720183,1.1578400082487035,295.0028023237801,0.2666471596378299,0.00042433464072688627
45889,-5.003244106471232,-6.832831483788083,0.38704832158766095,0.9673812409054103,467.84593594327504,0.07494235241844294,0.00042434384327725785
45890,-5.976729081638958,-5.055820577576656,0.2798821103139413,1.399417699261362,305.95721680748295,0.1136285125118901,0.00042451967492153277
45891,-2.246039965016875,-12.833236194294113,2.7752569038269947,1.891792661647856,467.97051122913285,0.44363959898573135,0.0004246054092875262
45892,-2.1893921595487518,-9.286646157196088,0.6612634014948959,1.8048524567131066,430.37410864769987,0.24889774904704254,0.00042462219616523335
45893,-4.0930647664016035,-11.800239059142854,4.354911957931819,1.3934621004679073,327.43824779942906,1.4934396787544548,0.0004246600408296832
45894,-3.142406263243556,-11.687113400621604,4.470709070081281,0.989123948349479,260.45613927156893,0.7506615533501213,0.0004246756258560615
45895,-4.386058412526255,-12.924206256843055,4.2494983513551645,1.137141452290877,466.9002617495188,0.6014512883092831,0.0004247675200854499
45896,-7.721540493430825,-8.899659319369817,4.904809478034094,1.8668169350411312,387.8963086865044,1.6703080540610813,0.00042484984587619215
45897,-8.670110195699444,-8.859313389258487,2.319519623234017,1.0106601635022563,467.6046540415195,0.20042141475971942,0.00042490856856502703
45898,-9.701000619584196,-6.425863282810294,1.7983688678514327,1.1430711839186436,467.9579045540442,0.4268815311674361,0.00042491487102877155
45899,-7.278468103757306,-11.978823273584558,3.681303256039559,0.9512346382604259,468.16865171911934,0.8168777164326526,0.00042505939972841853
45900,-3.888663896761492,-6.324461360813021,1.270750724079718,0.8292349502877409,467.7297307698967,0.46903016267100917,0.00042516693690182407
45901,-4.3964281115506765,-6.144791839376468,1.613444884011522,1.1704698572129082,298.30627321998287,0.6943212999024411,0.0004251709645546172
45902,-4.806570442424229,-12.358552535216726,4.304265224045199,1.5619027274903015,362.3717101522902,0.3395926110244769,0.0004251798231663585
45903,-4.686765756035097,-5.879374585758886,4.056492045105565,1.7946264912961336,164.3942145409065,0.40490281918265314,0.0004251986176960521
45904,-4.110961950850572,-6.486307327410119,0.9990781747340863,0.9188440269150199,225.27024456149323,1.1138182412928517,0.00042523095226821005
45905,-2.336744392902199,-12.71501247517262,3.854165284337661,0.894276317377439,185.5265909523009,0.9014224033705114,0.00042525393428147196
45906,-7.506375236583386,-10.310953299885501,3.8925386569938367,1.3595328383766283,293.38678900852915,0.930996402487053,0.0004252833815512889
45907,-3.4029500307213407,-6.1100673100578975,1.9487132002667,0.6855532598057333,448.8871992628274,0.3868210194607853,0.000425444430895724
45908,-4.624386691685394,-5.697973475068751,2.2130382511211555,1.2221944613757092,261.0008274018951,0.6482322700038017,0.00042555011770018653
45909,-5.72901715494463,-5.221512293148134,0.6584031902732149,1.2735102510735394,310.1922598993131,0.24574303027705202,0.0004255596831638532
45910,-8.67880871280327,-8.23006416160285,4.008268103932026,1.797726351999747,428.0051540825019,0.2664163100897019,0.00042559901604740795
45911,-7.901911195714126,-11.268728402906328,1.4953456512463847,3.4895028183707772,332.67008691584346,0.10579291457143114,0.00042567541573456665
45912,-5.6088624764459665,-5.337086752337712,0.8558839627002608,1.1706536915235506,467.73720045144256,0.4776505647361873,0.00042616333229587774
45913,-8.008888049134855,-9.965856289824238,3.011740684398458,1.5911944614715023,366.1601268139466,0.1739540658053187,0.00042630149150390916
45914,-5.0707478954773215,-5.628552053154956,1.763034740449808,1.1722431871491317,300.19581009566235,0.6136910756028247,0.0004263149860081377
45915,-2.235490505930006,-10.46874862195882,2.8365223649494165,1.7685929844114108,419.47908178207933,0.24912748735377033,0.0004263522880474476
45916,-5.533671174111524,-5.314958706061367,0.9416123173179989,0.8691446566677188,417.2027861851021,0.46161633320502116,0.0004263778976402654
45917,-2.4627458862000653,-8.148762015092128,3.588972385652657,1.445002007261979,272.82500027672,0.09952839432073723,0.0004264233246655572
45918,-5.73318991142815,-11.965479786169361,4.374977708070343,1.0264102534518529,279.0686190131326,1.4319317229126796,0.0004264530369570995
45919,-5.98432898482203,-5.727831659649035,0.07477470388263709,1.8813699241576844,470.08614098599344,0.1885800027868898,0.00042661770123748216
45920,-2.2324211508172374,-11.982270944653923,2.6919700939622064,2.4449254495303356,446.9334678231946,1.14729416512892,0.00042665937098056893
45921,-7.543827778662869,-9.455292538961439,4.5329272548075235,1.4753064598024843,468.09146130089414,0.5478711605759541,0.000426728199291919
45922,-2.144959609924485,-12.862939177037772,0.4002945380811934,1.2050937318438166,306.3180398133541,0.6753799870180144,0.00042675352179814244
45923,-6.628220814005377,-10.749677294191669,4.536308340322091,0.705180625219865,194.58649014673503,1.1490665120228094,0.0004267864320675179
45924,-6.490714289907261,-12.989865435840414,4.196002234084174,0.9184405732823424,468.61698957766714,0.8390034139812501,0.000426845513746522
45925,-7.182394683611673,-11.91061870066437,3.8120590697993175,1.8578804590667357,468.6981511986655,0.15190075352866828,0.0004270401018946651
45926,-5.1143296850256155,-5.5514815276942215,3.925991207903391,1.7564538994623444,417.05026458753224,0.5288730957859702,0.00042705979600370076
45927,-8.939338092441231,-8.46391751272958,2.0630709145536983,1.7939875726554142,427.31235620057214,0.18077862304448988,0.0004270708452518382
45928,-6.482505371078029,-11.717158114600021,4.32562902459904,1.4481777332259997,343.8698523401562,0.48791561716584564,0.00042709925482506796
45929,-8.284659107288316,-6.00247130513137,0.15629640394956645,1.1455271266073752,238.70776105841492,0.9093660504868728,0.0004271834011836026
45930,-7.907472582769621,-11.480423872986503,1.8914723624354886,1.1948433929845659,208.12049986911492,0.10147316623738067,0.0004273551891374259
45931,-2.9255066577688735,-7.77885928140738,0.10554055868426901,2.830156169813533,471.9302542728565,0.6290291881462737,0.0004274463074884557
45932,-8.46558101685076,-9.34043525372194,1.4629727604182758,2.45329711268191,446.324877827066,1.0986631447412973,0.00042752581090819915
45933,-6.3470513656092535,-11.517842343030845,4.399307713229683,1.3747191899347564,304.95688542976137,0.502471465409494,0.000427563073660632
45934,-9.730324621228728,-5.232862356531017,1.8213344716099358,1.8369426941454943,468.82939500729236,0.5280026391236197,0.00042762935642694515
45935,-9.415320967079756,-7.401703823522394,3.853163741062486,1.171421278126525,304.6143151508506,0.1683516063211803,0.00042768082620182836
45936,-5.733882972737459,-12.092236682707217,4.356815860981136,1.174852960618979,468.717564717392,0.24669530905780768,0.0004278415082585545
45937,-9.513096183331688,-5.613250012931017,4.524660154383918,1.5791623552515435,468.7371868204469,0.11540703283089737,0.00042785235298913445
45938,-4.260491012911815,-5.939540196344368,3.771924519107686,1.3517218937006494,317.99962209944283,0.18852897451327788,0.00042792531013859407
45939,-3.1728477669085517,-12.610779258006719,4.328665833716528,1.7436944095868934,412.06410116978924,0.4597373559047062,0.00042793308542884105
45940,-5.4241367073482385,-5.737071146987781,0.9692910983290796,1.596931556852341,354.16156274033006,1.6523579775424393,0.00042793444134364765
45941,-4.2220645469342974,-12.986106126453949,4.239206708707496,0.8631069347415825,224.91043206093667,0.2625715351742981,0.0004280243453045488
45942,-2.5385260755369634,-7.368896050317857,1.908487365707202,8.189754834651813,642.1054100461347,0.1114270288351058,0.0004280398761484911
45943,-3.686809474991377,-11.762971080130876,4.350422599394202,1.743507108133667,468.38875027485943,0.5322432711195919,0.00042808834318292606
45944,-6.825273051111764,-12.323151204983391,4.082803992206089,0.9657802550128356,466.5064071005843,0.15967343090615316,0.00042812274461199627
45945,-5.24761297527745,-11.023774397803416,4.567168690105909,1.8727678768548808,449.48218786250413,0.48045420361895896,0.0004283844796035486
45946,-4.665918963739118,-5.807767038945906,2.0194914774726547,1.464478529157834,469.82415347489274,0.006524034882398944,0.00042840802834717446
45947,-2.625193168587616,-7.081603259741087,1.499835434920913,1.0985318867476042,468.7318295011117,0.39622702002539256,0.000428523010157866
45948,-4.93469263938088,-5.526936632089549,2.9232473780222237,1.6026367644378905,373.1495859745571,0.22505418948913203,0.0004285287870202532
45949,-7.173558269583635,-11.371758825835926,3.9237319420691392,1.4351012014418736,186.73638145032757,0.15214003628965678,0.00042861519506666863
45950,-1.9906969244237196,-8.953128653878299,1.3292800428456293,1.0788408963377085,283.3297734423853,1.4252089759798912,0.0004286226802181411
45951,-4.8066097164173724,-5.990134709427642,4.497333623133397,1.8703587214646173,448.5972589362458,0.5946399560818962,0.0004286670858425103
45952,-2.587663862124269,-7.412519443345731,3.5823857558771306,1.3260590007235773,283.6296187345448,0.26450472556800353,0.00042876984016242847
45953,-3.5980773835878086,-12.130272761996988,4.296812656897342,1.5244053179027588,356.5672263257181,0.2741191671580152,0.00042890431793260475
45954,-2.6150025708062703,-7.102386775833017,2.17343812758848,1.0706893585175967,275.3603462298902,1.434213100142136,0.0004289630471391446
45955,-5.355282466623181,-5.272261285470637,3.838761942165156,1.1880258978778209,204.35300635380568,0.0918298518109193,0.000428978139445524
45956,-3.8927881751752285,-6.2489787911583115,1.6876413872818392,4.86749236630113,614.5788262824766,0.5621358079681888,0.0004291422908121548
45957,-6.083166216717942,-10.813532084078329,4.6410298239568935,2.9531099608382325,475.2751691603233,0.35201244120968145,0.0004291463986909345
45958,-5.327779130587238,-5.014861310374199,3.2103431179534296,6.290867226360533,422.55612894292403,0.12701182658137267,0.0004292399306233549
45959,-8.390599510175756,-8.324723220628709,4.484310741300671,1.9152728512578963,380.2750917488144,0.6179038872886284,0.0004292666339666419
45960,-2.7712792843671616,-6.799385504579614,1.8311907015633677,1.8508461301858001,468.5145386210311,0.6529162837294313,0.0004292932222117031
45961,-4.8590756191723905,-5.622013164407271,2.329302861339108,1.9422965307629279,272.3945209262494,0.03508160165848917,0.0004293283700863319
45962,-3.1903103352570605,-6.046403701439265,3.031737290860601,0.8031904437558551,237.98724108576602,1.2366507758393661,0.0004293517424139122
45963,-7.6878946475053525,-12.381621141719252,2.7920230316585206,11.757728987921794,442.43675396567215,0.17333943459489465,0.0004293584735088936
45964,-3.7412540162698775,-6.387522145676076,1.1997646674633766,1.2658182243845777,264.7451970260102,0.7305488999670517,0.00042937472795737006
45965,-4.606918570577477,-6.280751262888048,5.107912950890974,4.223867805482318,582.6628362419007,0.9407797398747606,0.0004294739051612319
45966,-7.837687409687783,-12.152549925185996,1.6201588462318521,4.134201843699176,322.935725785404,0.17520143510523933,0.00042953567126872267
45967,-3.3056334703409043,-9.841620758300316,5.160257457499993,1.1070229569717234,455.38111709831566,0.770912312230192,0.0004295429494616814
45968,-8.772964599191544,-5.268629451444184,0.3315769070135944,1.7374038992647929,468.4139412746587,0.1835425928271155,0.0004295519801454115
45969,-6.567586162458486,-12.58595924954038,4.191666501172609,3.6006000266377916,431.81931006088854,0.062469673178428664,0.00042956255509520334
45970,-4.3336217598431315,-5.826495350800026,3.3117614900652965,1.0145149627125267,266.4895238670392,1.0493202357397982,0.00042963921501011073
45971,-4.345327240191784,-6.521815625724356,0.9081807362658826,2.6104238085864657,467.0510684903887,1.9035496797389406,0.00042964402550975335
45972,-2.132896070453717,-12.352107451977773,0.3974658838698872,1.7995182183786884,467.8953196213667,0.2034390958068384,0.0004296864785340503
45973,-3.0911247327927063,-6.2938021944759095,1.7787698959528644,0.9731274890306925,195.67656028471313,0.4405236388317695,0.0004296978443623747
45974,-9.631211944539881,-7.438904380154326,2.2956115003689943,1.3392468173661172,468.39535070634844,0.6213101015125195,0.00042988118745896866
45975,-5.676244288799717,-12.730216994587265,4.295139269587375,1.710296050327033,468.50611288563226,0.32522545317843576,0.0004299453376282054
45976,-5.26208107390832,-5.398525829068854,1.905667741572812,7.038606885961076,698.2417003861378,0.288475250231496,0.0004300155280892865
45977,-7.76692935860965,-11.953819876773181,1.2454581006277134,1.7775006367474158,465.0434242731413,0.6974743632702571,0.0004300200479642084
45978,-3.069017175049769,-6.215851417407426,2.596576878874714,4.393638033649137,261.08488699425845,0.4410215906220065,0.0004300497366638161
45979,-9.26889686560983,-7.3817430528900365,4.198390320436698,1.5785635780365657,366.5971893516394,0.9868981691553778,0.0004300793604934974
45980,-2.155272479702904,-11.058753709589968,2.1298163801102827,1.127658289582461,220.5912747989745,0.02163543297546955,0.0004301042176711472
45981,-4.254672704789346,-6.300467112864436,4.9745769021903845,1.0438742019072398,224.24160672572168,0.2676917515215518,0.00043011859869541736
45982,-7.235178049705721,-10.972384257545722,3.966218900648151,1.8566844659377595,456.0809667718313,0.3317295189947389,0.000430238681036137
45983,-4.927080358914331,-5.651411722399736,1.9415887288154716,0.8511796136103177,468.9052306211645,0.1838162719486407,0.00043038805636236646
45984,-8.403518808956747,-9.127349802175539,2.929302914150015,0.8368289304896497,230.69173813581565,0.5707507227904953,0.00043050021350024206
45985,-3.2112387293039637,-7.350356083505124,0.2525870499184263,1.2660761227908204,281.60092700086295,0.5798872999372167,0.00043054681410977956
45986,-5.877419413493835,-5.010477597816132,4.871153376625224,0.9084248360888577,245.51112293639338,0.3260796228964873,0.0004305771527362777
45987,-4.243794501676625,-6.052489539444702,4.127200266336191,1.8196895120491132,468.0201435424916,0.5495134905328714,0.0004306066807632156
45988,-5.262856609001175,-5.054066218962949,3.334947768495817,1.858963138805754,447.455190332353,0.14380689374522948,0.00043065163950786446
45989,-1.8784217012004572,-10.043577899497684,0.8184006543592864,1.7289198141816298,410.53263482875167,0.6625719321261476,0.0004306539428742349
45990,-2.9757916808274896,-6.4190874779346245,3.61709753245085,0.8101736750607157,163.02493257974055,0.8676181483697034,0.0004306981115038717
45991,-2.7445963843026693,-7.315078172650031,4.937611286063973,1.44287005915908,324.0625558165828,0.6818572814139134,0.00043076637862683715
45992,-4.910184603318878,-6.931163526794529,0.31785759717186823,2.4971459389058768,455.6744753045704,1.7713466836112532,0.0004308096231994519
45993,-5.270345926412336,-5.088284922246716,2.958572971062128,1.501538155619788,337.908023599658,0.5659504021303565,0.00043092086971204907
45994,-5.960395573837648,-5.314707792704804,0.3141344942072025,1.8438547011605957,440.95678305998445,0.4429979224114229,0.0004310251570779725
45995,-5.159645378543228,-6.046244255545527,1.0513513170156092,1.7814457668571142,422.7732629222693,0.39459922227293465,0.0004310724308806956
45996,-6.651262669326097,-9.782762388519506,5.097806454984489,3.4337005474443445,267.90706208422387,0.23585049891429666,0.00043115775534749716
45997,-3.7017845409089825,-6.1587019944007855,1.9759063627934186,1.2528501296461017,313.26953559376744,0.38609442706304087,0.0004311728379549414
45998,-3.4783419661786947,-12.91069615869009,4.229589010574885,1.4470426823070768,332.6282118326664,0.8979790537993297,0.0004311738623916713
45999,-8.678502950718997,-8.513835769898932,3.386611980548153,1.6338055285833786,382.68961694125386,0.7759937675534516,0.00043128917809093003
46000,-2.2302910445397757,-11.136975421310316,2.638063031059267,2.5696190290417604,462.0341257326812,1.5389235423518288,0.0004314366093679978
46001,-3.880062246234594,-5.969993159470662,2.1255490730835995,1.1747713671990692,243.5049260794924,0.4526134579988499,0.00043144944043226687
46002,-4.55574052159842,-5.765600602343703,2.41853808761838,0.9052541612928362,467.9749748576116,0.5815549293656623,0.00043151741438171977
46003,-5.159739878444133,-5.472295761687209,2.0655087517119926,1.2864147350876673,280.76511309802294,0.5333412054831923,0.0004315720901818961
46004,-5.075448299019575,-5.480539883239058,3.5420494889985163,4.023933904262777,522.0896934368534,0.19561596672717485,0.00043161301442909476
46005,-6.805555561850716,-12.765952187311246,4.0566170508720605,1.156968511436755,237.6463692792564,0.5742656299837092,0.00043162858952300873
46006,-8.043258648894124,-8.748348473628013,4.52775641002525,3.40020132424177,524.285412103874,0.372499996232051,0.0004316968592276752
46007,-5.614634670028448,-5.768278601051701,0.6724636074498829,3.100933640590974,481.3405528724649,0.33149393522504056,0.0004317157780705947
46008,-5.566457602442261,-10.662114765210278,4.709523153114327,1.0692389265698319,269.8400118144507,1.429768290520892,0.0004317417982662807
46009,-4.0086587038817125,-11.36809168883564,4.43216753017463,1.5511037145633746,467.85343900589714,0.32022473347115454,0.0004317653314951059
46010,-7.820865966056792,-12.055322545975711,1.5298027148999147,1.721508076781109,469.97498311549725,0.16460288527988975,0.000431772073666815
46011,-5.315048352204287,-6.747755547876051,0.24398931439833627,1.8489705070010989,442.6967551490894,0.34034212107900164,0.00043183334312151125
46012,-4.08240218805623,-5.976895757801682,3.7668988796664205,1.0697624617378079,453.85849973997284,0.3879732870148631,0.00043185990678546533
46013,-8.102624820786067,-5.332013013352475,0.09186476696484477,0.7306387537311918,171.31190842992493,0.43633535683659463,0.0004318947445290979
46014,-5.550410374257541,-5.550699222444834,0.8421217742352217,0.7637127872036404,228.7469968334642,1.3560200845209822,0.0004319499338418903
46015,-1.8656687858333871,-12.747005361346108,0.7560458750806944,0.7529666498338511,153.62728950248592,0.12566096113338698,0.00043199357668881664
46016,-3.436819590131636,-6.217115771416647,1.8894840674403137,1.1067877084311957,288.7166613145165,1.2943023368566893,0.00043201139576562177
46017,-9.358761155136953,-7.802441407162703,2.9714459711235106,1.165515858641877,301.35697932829794,0.35190865699009866,0.0004322010878332278
46018,-4.506402778324957,-10.745191865306863,4.641062917498777,1.1920524437513753,262.97666947229743,0.5104420914898151,0.00043221639816389934
46019,-3.2230043224726597,-6.3182873387241605,4.656154028171777,0.7794495340946129,468.75837823788584,0.5031822327706461,0.00043222012465725786
46020,-9.889293782203815,-5.759801731276416,3.7997225227564453,1.1238847812425263,468.3737156814878,0.7662922399455683,0.0004322299566936339
46021,-8.438605641207317,-8.813290010692223,3.4750755358955514,2.303527290000452,397.6113016775676,0.31986960835004563,0.0004322567704242035
46022,-5.064080709860331,-5.725434246948641,1.792677813209518,0.8638597873451436,223.25078227645963,0.34176686122830713,0.0004323001699806649
46023,-4.68840480884386,-5.943290127752474,4.078038651729984,1.0911963680943986,467.9655431360037,0.8879419956500083,0.0004323096616106828
46024,-5.551018568498765,-5.033008958924952,4.05706977958225,1.6316840223787181,178.63786783653757,0.24528374378401274,0.00043241588376625285
46025,-5.774252789172327,-10.788145708994396,4.659552242396623,1.717368966071054,468.6814194596971,0.7704585137589213,0.00043244791566795593
46026,-4.288509848290118,-6.196587174452385,1.6752109484724826,1.5775186795472433,362.50628634401755,0.9795286420057812,0.0004324705294954281
46027,-8.189639814176218,-5.993892708758442,0.12865207342356216,1.5688925502785718,361.9321987213297,0.1048423170593793,0.0004324710017359844
46028,-9.426490721309472,-5.890935459338015,1.3776066926551342,0.7688863980061357,153.4007406597712,0.04033937071555638,0.0004324715750075299
46029,-5.6562300955202955,-5.173320107706207,0.8542987816287203,1.0988770407985748,290.7555526246054,0.940133753417487,0.00043248970673488365
46030,-9.600023205846089,-5.561535031067107,4.356849749717323,1.103056307324473,268.62299337870616,1.5494643329539004,0.0004325526089336279
46031,-4.8980348642813,-12.70461847762313,4.270800867926494,1.0240078165649682,244.08669746051106,0.27907216823360237,0.00043263096380662477
46032,-7.772210467982213,-10.368817790045407,3.31226383765017,0.9699347409929444,412.92652324824166,0.9526349041653939,0.00043276850826958743
46033,-9.655465413302824,-7.326609755545476,3.335992343055924,1.1627422567600953,467.0638758457369,0.48986081276554394,0.00043284802713453924
46034,-4.15745514767067,-7.277514533297177,0.21169267928060304,0.6070760928639289,163.92698988809428,0.5001835408342261,0.0004328626152771534
46035,-5.540478478912766,-5.241730526471008,4.186484391482404,1.3229991722587138,299.4609575972563,0.3890112355715889,0.00043289671374322614
46036,-4.892129858286709,-10.760734478865956,4.645803691391276,1.1069219821425658,276.9779873392297,0.6694288416939456,0.0004329387534089409
46037,-8.316317946142775,-8.468437321120092,4.399392314330065,1.4491556400040322,328.73348248728695,0.8225643744368982,0.00043294190367922444
46038,-2.9091124992482706,-12.843743061254136,4.723005406285396,2.5793730990000423,450.7987686980202,0.6977118346687803,0.00043317251519787954
46039,-4.479386942387103,-6.319195029287793,1.234543973351031,1.850232049167186,470.0892145797633,0.054077536763010414,0.0004332074420479539
46040,-3.7807337125617337,-6.428666183529278,1.2991691040507185,0.6971305182169029,192.442825711079,0.39438072041934635,0.0004332188714663881
46041,-2.4219791501653676,-10.645275317246284,4.934051431315465,1.2537353370543087,260.56862726020546,0.6358104705179342,0.0004332215971634667
46042,-2.0717662500029412,-10.077889995135976,1.616734740163944,1.0270676044750247,269.0569641530619,1.5057431629225047,0.000433230412176257
46043,-2.048904253511391,-9.665748245145837,1.5017981121756865,3.97637915885373,566.8104060713067,0.9195138359689627,0.0004334468923066839
46044,-4.877408343019608,-5.7847076650852305,4.028396460507669,0.7352525804793786,431.6652655076785,0.2711244988131192,0.00043351712556732777
46045,-1.7281448482386939,-9.909842967633864,1.1268457204773552,2.6098146769733415,466.3624334214468,1.7445290284581532,0.00043355723829486214
46046,-8.410498512815863,-9.309847752872638,0.6193746949848887,1.1573640820419844,297.0776779832821,0.41324529653512343,0.0004336156013246591
46047,-5.14970359182298,-6.128954199637096,5.14789748160547,4.032315832744,504.7197951352949,0.12480719093039383,0.0004337431353650094
46048,-6.879712645988908,-10.782494410301421,4.373068672478162,0.8223360429781962,467.9789930241822,0.46114176546523034,0.00043389987937611177
46049,-4.213763284428859,-5.879618169142514,3.16416545473826,1.634131596561577,469.4614064240121,0.07987002345055849,0.00043392279224196766
46050,-4.602756568204482,-5.974943458356404,1.8616567489885931,1.6954905596338354,359.6153205121992,0.5469168741765769,0.00043399418040508946
46051,-2.2105146487569005,-8.929866355739161,1.9255645693009953,0.9170590723759423,200.1534165923203,0.09967456780649808,0.00043400317045661055
46052,-2.2823785869618662,-12.146142276343323,3.0816813012877313,2.8700582672014963,365.4754890913285,0.02588077884299622,0.0004340801396406064
46053,-4.256209862050724,-5.907147305438499,3.392742719093777,1.381122098076906,333.69093996461146,0.3037419069473737,0.00043413320382081695
46054,-9.491145031591289,-7.428689909267892,1.7733764537087089,1.4427255939753314,469.8945736063506,0.23602741571054864,0.00043418935849602906
46055,-2.3157072056785255,-8.116323903677173,1.7496604192105552,9.366794514366473,518.00884822606,0.04995027757960635,0.000434205005441676
46056,-9.699456626535595,-7.169352489928528,3.524666393701177,1.416313998275594,311.2725158574757,0.3618392263351149,0.0004342338881460474
46057,-5.528686988431632,-5.1010919017138425,1.373346849492074,0.8533568658451667,191.71148110156903,0.2753505668151641,0.0004342363216724882
46058,-8.013092905426838,-10.767657109558009,1.6902418462891962,1.6519750953984258,468.0229325402764,0.23822187707403852,0.0004342753188425861
46059,-7.766014836676832,-11.962308939647896,1.2881373648541392,12.26087522499144,482.8389555405171,0.16002616654299562,0.00043429494468860783
46060,-3.3060462311076186,-5.964842745366469,2.5601639952229736,1.8812546781713886,452.1356615285058,0.5446425187324051,0.0004343701678738807
46061,-3.8560252981933,-5.88753305593857,3.0490817403027286,1.724684653131419,406.1830872470133,0.06916791831564062,0.00043439261867082586
46062,-3.4535899531980796,-5.9519267366866675,3.352562176325344,1.1671201182610353,297.8363810662869,0.5068746553231671,0.0004344143375672803
46063,-2.6062843698994476,-7.6807924098107145,4.341705118824861,0.9004419209339352,468.5449128259061,0.47450182865113266,0.0004345544322775112
46064,-2.2179249795283695,-11.821007747686293,2.5930653529900005,0.7523304481028134,160.01582003869055,0.5793534680885273,0.0004346012023892984
46065,-3.311964142782914,-11.02904212826487,4.523737790454801,1.740050036187614,470.02861106450075,0.09218793771100309,0.0004346979192343352
46066,-3.5024460955149106,-6.188521406395618,4.382845095187808,1.1003857891927562,468.0682833403717,0.873572505925055,0.00043471217680214586
46067,-4.775980303473128,-6.9515044255404455,0.3996076024992553,3.580658454170444,542.5097382216585,1.2604945800731642,0.00043482465045505543
46068,-9.947207080824658,-5.441470609774841,3.642898316289952,3.1471226805326853,507.89776060572905,1.0336512113321659,0.00043489944315356553
46069,-3.6197041245207444,-5.911885910259817,3.0676969894265897,1.7780611003838938,450.39476513847814,0.058034262204941456,0.0004349397055160807
46070,-2.1566889535350056,-8.377620488120883,1.3535140533958512,2.1360235774461716,418.6564562965591,1.5483857143421647,0.00043516234638183067
46071,-4.214852757314031,-12.016399584378897,4.3135650007085165,1.0779744325536693,413.14600685944475,0.32646891235415687,0.00043520119644941996
46072,-5.160157141400804,-5.345074423860818,2.0311494481683363,1.4255595636573986,324.6631999656034,1.1770584281492065,0.0004354699175847881
46073,-4.0970085103797125,-5.909925197747183,3.3312379977677327,3.215682198498381,513.4713419913895,0.35733230542749084,0.00043555138090645834
46074,-2.020087691059288,-11.702002278472788,1.5117963077442833,1.0645633545421187,261.0617603464086,1.4088240810266628,0.0004356010993085809
46075,-5.643538336548931,-5.06139840710665,0.9749814184946668,0.7522331580435303,197.22242873672585,0.23336074036139554,0.0004356973953138828
46076,-2.122565264259876,-10.48945277298014,1.878539276152474,2.5595316059896147,463.8223609752144,2.538543473572693,0.0004357442862168267
46077,-2.9496879255097666,-6.545485523407422,1.1004156214355714,0.9200651139017877,468.07908339343135,0.7188413917646423,0.00043591723086682676
46078,-9.585483909668094,-5.001171052220132,1.646920355047757,1.5899987942096483,396.7705731789804,0.8908027879269858,0.0004359827061565601
46079,-4.821047461301436,-6.66167092508315,0.6000329191215996,0.827163686200085,467.05766204992733,0.16656069712153254,0.0004359864006748752
46080,-5.9661524074526255,-12.15712112327761,4.337809447831106,0.9552297796729171,238.90662496809338,0.21941653623806712,0.00043607770961244654
46081,-5.025238407662925,-6.1130616967756195,0.9989573055448687,1.5926423241267433,349.3393250183021,0.7388927221215011,0.0004361000251299492
46082,-8.026883147450334,-9.142219847938561,3.994163635773193,1.372123393620864,328.5683391456323,1.329411892723198,0.00043620351534257934
46083,-4.642189824421314,-12.45164548867089,4.281169894177612,1.443769301442672,323.27117592746663,0.04091908012808432,0.0004362513858173481
46084,-5.584994198430423,-5.180258959289142,0.9366587760055753,1.7625645152628509,418.250440338017,0.173346597662146,0.00043632728731671705
46085,-3.0204109509652284,-6.690157395257931,4.9674639402656595,0.7815685051883138,225.4882568718336,1.0328888360082509,0.0004365715881128468
46086,-5.970350544260974,-5.2969904671939565,0.3027860081514646,0.9492098399956884,247.53790050530705,0.46155220695914245,0.00043660552793486234
46087,-8.04052552006571,-10.616224546245743,1.8272537904095292,1.3993713807590915,469.52827594039354,0.21761670257492494,0.0004366429052246023
46088,-6.68813966248145,-11.876207456637774,4.208651023419673,1.2292727893306736,263.5710815575387,0.5099116022917389,0.0004366432468499531
46089,-5.413238710605336,-5.505741280032428,4.348843085045277,1.048068091832907,272.5457261831011,1.615447696537493,0.0004369496972885262
46090,-1.7314340998172515,-9.869139223263637,1.1326911851255115,0.9742894137147324,199.72939501685426,0.9941567754620548,0.00043707500834872334
46091,-9.667969253784158,-7.302664505411583,2.1749532371624034,1.3672711772182737,468.2016752248398,0.762360947599638,0.00043718408920601906
46092,-5.353880049577087,-10.327738522688929,4.8666371604357765,1.1310503490891064,207.68200405241106,0.4700635342458188,0.0004372882651769624
46093,-3.6800925954347408,-5.966989367514437,2.6947044047846993,1.8886531025901143,381.40485835347044,0.3197397480534301,0.0004372973060484552
46094,-4.273390677338066,-6.091716037293233,4.297482151436622,1.0457034916357502,274.12309378242725,1.2730432285392927,0.00043738346255661287
46095,-2.170163758036937,-12.993140127864418,2.1279009549728953,1.3716158826218028,331.7578203645027,0.2878065459349992,0.00043758838390460666
46096,-7.741773671641361,-11.78020784755023,2.7271626401022773,0.8908811900884264,226.73380951204402,1.318259366244476,0.0004376658891636129
46097,-2.212100699592618,-11.077593807186409,2.493124419914667,1.121553722594328,288.74713551562405,1.1907575798673014,0.00043770718786759986
46098,-2.8939155736247058,-6.509680083061785,3.409695925697435,1.754070531032369,416.84614632897933,0.5542002066218021,0.0004377350490852689
46099,-8.115530502948191,-10.056302509002315,2.4180339125270867,0.9344638341400522,189.09495561004053,0.8100634491245584,0.00043773842017867784
46100,-7.822676791940575,-12.642895963897445,1.7084496405057215,1.0453358844932419,214.576953353714,0.0973739725613223,0.00043777229651059246
46101,-3.4837090664300074,-6.029762539246443,2.149357813465433,0.5640945170053939,154.23261130315498,0.9353312189608332,0.00043780316537958677
46102,-3.797407479609401,-11.22554062561618,4.461127000358987,1.7240486816564506,334.5917292771597,0.15953927245958432,0.00043784777417708604
46103,-7.522356853249452,-10.11375060779702,3.9864936379061224,0.9324859701297491,187.58468137015979,0.10888148425667499,0.00043794328333703503
46104,-1.727606813682197,-12.202194709136899,1.1482838375224953,0.5617101234845842,115.827408452436,0.30097135989390456,0.0004381171530068781
46105,-5.696164723244838,-5.5355934197006675,4.8682164997578,2.205999342293792,389.93531452181514,0.1995524051033799,0.00043814785874567223
46106,-5.7232467992298295,-10.749721747377368,4.669968017135255,0.9926773253860234,272.4774308018827,1.896292696590936,0.0004381924225585464
46107,-3.074820238947006,-6.246625459713679,3.7019912378878486,1.6224152841656982,346.6299736099738,0.32732369695031327,0.00043826812468812675
46108,-5.202756776998582,-5.22277310526568,2.8692175466350167,1.3130116236911116,467.36264780584645,0.6172037390658991,0.00043840884101408573
46109,-3.8939941846225796,-6.387179610285203,5.112234541578668,1.7353609403103272,409.2580567995293,0.25287340693888716,0.00043844348617270675
46110,-1.7455077944616342,-10.348973614672268,1.1812290023182495,1.0978314376529659,219.45974111610974,0.7655621102833408,0.0004384563198773773
46111,-3.9227832748121667,-7.301313407385292,0.22081681932022143,0.8961420937738174,238.6250596117624,0.7489681769720846,0.0004384617024271438
46112,-2.385915496493121,-10.779872838314443,4.420539024925653,0.8725899989433737,185.94601691342433,0.7533195511895396,0.0004385035150767167
46113,-7.911670347146915,-10.982893313785436,1.2843780008779853,1.6951199031280455,467.7361964991447,0.5722551080582097,0.0004385837763945929
46114,-7.914557448419108,-10.224257599427906,3.0325097122867737,1.2102310570979844,302.39560171848575,0.40464943324374136,0.0004386188517351413
46115,-5.020089153459503,-6.357769899626218,0.7842802835548962,1.6632225388518336,349.1827744509384,0.6010622876998868,0.00043869822601854465
46116,-2.138522805309517,-9.66998047182057,1.799576495595609,1.3134359532027011,436.3240428720156,0.004265915156702604,0.00043871036592827773
46117,-3.9572108195857947,-6.460773829493792,1.1095927755600035,0.862038211126244,207.09195511966385,0.5283158989387511,0.0004387440916412476
46118,-4.685852990104314,-10.527298852831402,4.737666165379385,1.166779356628693,303.70381973749664,0.6575540950167866,0.00043874983162731903
46119,-5.629749520964607,-5.5692099175925485,4.857403773696614,1.8748743573524966,467.7312491239105,0.26627510497411766,0.00043875530696563605
46120,-7.475279107452977,-11.846377129683793,3.3726985471663453,1.0184022013104668,467.97814670069675,0.3580219632499624,0.0004388105405723305
46121,-9.179662294680428,-8.083894690883618,2.55735769875514,1.252249313709269,265.02753523504015,0.06356687671113459,0.00043881320142599587
46122,-9.793811636155027,-7.1382760615599725,3.252516381048927,0.9571259520706545,192.63981304971253,0.23657045265025634,0.0004388300819630601
46123,-5.504911661570523,-5.475041189716205,0.923491049619094,1.3185257770127368,467.7455020569057,0.28060214396562877,0.00043884494493953333
46124,-1.7409248871661163,-10.794759251424042,1.236090031556984,1.510677983584089,346.51490644025046,0.011504917000467074,0.00043884857418651467
46125,-9.078718354657601,-8.238760286595957,1.8489100061831096,6.706516070697311,613.6406531136676,0.1376074205361073,0.00043887817179905114
46126,-9.416206120150523,-6.320142467564977,1.389566056278567,1.807994826162435,467.5507522146183,0.5757908090545429,0.00043893412920917297
46127,-5.031627023423802,-5.342198653569562,3.0711508055913463,1.264570025012056,467.82681099993266,0.7781630431011983,0.0004389454757884602
46128,-3.3706023169260613,-11.972649076394012,4.306746958834487,0.8894664392890647,254.13336474243738,0.630037448064976,0.0004391135319350593
46129,-6.763626188978548,-12.868752500527915,4.069053282929981,0.9577371533669967,266.2912146849012,1.58651345412476,0.00043928836806923766
46130,-8.356054483462529,-9.204572894233017,2.9372542907859702,1.5642184716416476,370.00624033232026,0.33868383013147874,0.0004393169273572672
46131,-5.1399973699319865,-7.156625295411886,0.046163952972935914,1.1906243699242547,249.12386272157332,0.5453199493980554,0.00043941493796590693
46132,-6.810853785044722,-11.729955915415424,4.159964526369779,3.037613037484534,496.18111223423136,0.8533497174491318,0.0004394203669723168
46133,-4.847377840505427,-5.526694015674078,2.5794523240713665,0.9620328592014173,189.76541329230466,0.35962042674108563,0.0004394326830046424
46134,-7.831878433720712,-11.954782678277947,2.2357065294492116,1.6603863624068123,208.12929020753623,0.12368932538741095,0.0004394668385080145
46135,-8.159621383895981,-9.204191894910972,3.5731369313102768,0.8337698269643801,467.86125312403857,0.20666992547857888,0.0004396629408083884
46136,-2.1608272701505093,-10.291090296843036,2.101796309259809,1.078127443976196,283.5323198101693,0.6392933515247945,0.0004397234169858952
46137,-4.880143206234376,-12.867795234348597,4.250963969699773,1.516085300380824,348.1958229750663,0.17996045816620576,0.00043986491017098794
46138,-3.9215870483603066,-12.385935297983634,4.264329724163339,0.8512443182575057,219.36703803266712,0.9812499084774791,0.0004400428002124154
46139,-2.284798943761861,-12.36530614890427,3.1694447269098456,4.797599637626403,608.1131359605344,0.4146983295256179,0.0004400445388565295
46140,-2.5921362517804685,-7.2378424431853645,1.8946679738941277,1.8123984495799503,433.7260817172791,0.698181979859414,0.0004400582559927485
46141,-5.043815633977966,-11.829294423425452,4.364346352393455,0.9531082790728008,467.6017042033264,0.6118200913039562,0.0004401183098094534
46142,-3.2934552701981445,-5.954214514264249,3.087475922644439,1.0255244881167458,253.75967479384119,0.6032149288311244,0.00044017841609542434
46143,-5.726316981671899,-10.480663186767128,4.791001264536671,1.1306980352725462,262.70571108269735,1.1775893411247482,0.0004402540090344045
46144,-2.419753550282122,-7.7371867162980035,1.8760710367002256,0.8336982890706066,200.95346832233275,1.1366544369521394,0.0004402990217055114
46145,-5.515718618574585,-5.56578510953351,0.961629022803045,1.0640822663859966,259.36853461861153,0.4771878668870633,0.00044033453628991185
46146,-4.431565678947921,-6.007946733694528,4.135884118430069,1.8692077975889576,468.05051588291764,0.5043408688603801,0.0004403949881074828
46147,-2.3347617783749754,-9.27720501776031,3.5234132892322565,1.089369842023907,467.9575415658705,0.43677259285671344,0.00044039737139420476
46148,-3.5921193973049075,-7.3176353451717375,0.22242940887681972,3.187481668924121,493.3587552442827,0.30646905142644343,0.00044040751593696045
46149,-4.16140963072586,-6.12900868385597,4.365147286932966,1.8718174307288518,467.61212371076687,0.29957913377176393,0.00044051293732210735
46150,-5.416220247007856,-12.874205208805854,4.271130440134748,1.595535981505982,369.9703072792579,0.5912483526603651,0.0004405407032112514
46151,-2.2790244539227427,-8.104078136596392,1.4727631696591932,1.4515906307549797,326.1138045113369,0.1881221165540401,0.0004405941327214205
46152,-3.6072903690935654,-6.170285602815935,1.8542252619718806,0.8890301645321552,195.459086309992,1.0670170984697025,0.0004406001411266805
46153,-5.8759500171505055,-11.210645489270275,4.510865386834829,1.095379937343365,284.650580373386,1.4563558778572183,0.0004406160372098956
46154,-8.592247385507955,-9.078746621537302,1.713333254541886,1.0486797628037154,467.1542696905063,0.12205357143597872,0.00044062257731102217
46155,-4.789503317375406,-5.558628063706384,2.564252319027193,2.9918862170359497,499.6366207337854,1.7281221391702175,0.000440640548080967
46156,-4.714200562763759,-11.963563891598193,4.333859097996947,0.63431405041696,129.16704041823405,0.03626807288871259,0.0004406474676397187
46157,-4.620041076238476,-10.46842994204113,4.76326760303978,2.4216578900453034,212.02218151055416,0.322416136143187,0.000440678179163657
46158,-4.145096525915715,-6.308517950500211,1.442022435218739,1.7298515212381647,469.43328988136676,0.11429167956206765,0.00044095725747525516
46159,-5.0979388346132986,-6.363421553221311,0.7165661440807758,1.0613160338047818,468.1191348786379,0.06979241768596811,0.0004409673012047148
46160,-9.994576545662195,-5.227094173936109,3.473416356651899,1.2448479811914537,272.53361091673617,0.2487973392772327,0.0004410121453291674
46161,-4.768493310082109,-5.812684581027297,3.903182661251975,2.07378868322562,407.1184197507336,1.1431819519460635,0.0004410917087384713
46162,-7.888128011604161,-11.176065395725374,0.4946577360148982,1.314543903040617,302.17401754368655,0.7387989741738972,0.00044115540553683343
46163,-9.647165369111685,-5.282871839535736,1.7297037117597434,0.8310714223188499,178.87382892574732,0.15468137521776715,0.00044122952908227085
46164,-2.0975530202353845,-10.730416148898344,1.7508988241216024,6.453404881006148,405.40597851784133,0.14353257009784137,0.0004412541694725548
46165,-4.12159921763781,-5.911363947909465,3.166642829027708,0.9188922436297762,241.02353988795488,0.6637645520805462,0.0004412573203911809
46166,-5.163933747916874,-6.417844447926116,0.6396561412552721,1.0961914412120994,288.46971961440175,1.0389993061216645,0.00044128947908088546
46167,-7.838360116848495,-11.860615403666769,1.5487335752314462,0.9795342364265406,270.15863442162004,0.6050892097561045,0.00044140098911950613
46168,-9.566678775250566,-7.130504903501448,3.8990575936445704,3.156780573571532,500.0892453519293,0.5871832698613977,0.0004415407962887799
46169,-3.163100099801057,-6.14725871353674,2.0455652746234287,1.2878702244528104,289.2519371731031,0.2195681768572415,0.00044159040935739
46170,-9.98198753681673,-6.824963122234509,2.890580808048557,1.2886894605600632,133.3063855206139,0.35123705548294293,0.00044177892693213867
46171,-3.4897792090639133,-12.39243178573823,4.256198746271502,2.364909410811672,444.94125687884804,2.3506178593577927,0.00044181532756606203
46172,-9.426547801798083,-7.0516609792609835,4.274244984875589,0.8840733073819351,468.32196852622656,0.5066024101067237,0.00044186366355266043
46173,-5.272790035031333,-10.674088939164678,4.684266205187451,1.707242125333114,315.40245693592345,0.10802561048608883,0.00044196264115985503
46174,-2.4047938828825117,-9.632411507468818,4.320042749951438,1.868724855046916,447.4927132184207,0.5607069454296658,0.00044200296015485454
46175,-9.240543103476675,-6.909266086418683,0.9007764777323415,1.442354187795498,336.26909177921675,0.4359695995003685,0.0004420718942505336
46176,-2.2257195458996097,-9.58637809778076,2.58143272024873,0.9670491037458884,254.2439462417507,0.783498841202193,0.0004421033413526279
46177,-9.616254862755104,-7.489975159000359,2.479713304287566,0.8811736283211199,181.58473650059582,0.003966039625028728,0.0004421326561298046
46178,-2.080346343005801,-9.773365052505072,1.680079494831319,2.762081004912783,475.8975593041599,1.1231837888779923,0.00044239593164727516
46179,-7.212562889165482,-12.620081446074165,3.6809933085622526,1.2262416833952248,240.41759220258584,0.00045537803078943284,0.0004424879226045569
46180,-5.234762031889246,-5.058427972702364,2.442839920908672,7.41322059150199,719.1968562543248,0.34204910962513413,0.00044257285254006124
46181,-9.90347211685732,-6.899594039040095,2.4831669486026087,1.331739118975287,320.14889481908193,1.683049563008205,0.0004426914405567439
46182,-5.440461715392581,-5.080779698716096,3.8420783851324267,3.195094951278607,506.1994699424409,0.7171086045240456,0.00044274338720878283
46183,-2.0225839868227844,-11.484367283667588,0.674111282145792,1.7095469067864952,467.8649477936546,0.6187428052582531,0.0004428638849621538
46184,-4.41272700167374,-9.954437135015553,5.071482715412902,1.8225770197933784,443.90067248614025,0.6550033480048327,0.00044301411726083487
46185,-2.1348072477185447,-8.638268480073883,1.0516555503730909,0.9110004658651912,424.5804437596023,0.0845773288655236,0.0004431609258996183
46186,-3.8813410656795195,-6.10523329517141,2.038168829179002,1.1275061003571218,231.88780747281527,1.0050568105244517,0.00044318696357497164
46187,-2.061443862406284,-9.433286225077826,1.5731067363855697,1.3910514092351904,317.01692302488544,0.30856566437335076,0.00044323451468562504
46188,-3.373172352122272,-6.120324416982065,2.0457397315158317,0.9579792601122948,261.60306599602654,1.101732403608083,0.0004433610922253666
46189,-9.4010466112166,-6.472077841332045,4.66611239849184,1.1260130690006513,468.37932673916873,0.5284855791005709,0.0004435812826534913
46190,-7.433876989273451,-10.459557887167364,3.904127840338283,1.7728254734746214,421.0869892959177,0.35246340543521715,0.0004435984915641413
46191,-4.028068660343855,-12.952287286873277,4.222583564284651,0.5140811922220411,108.57866023124525,0.3276466067249979,0.00044363712759512417
46192,-5.756496432685343,-5.5159106724774665,0.5627046091758121,1.5291845662753845,468.82820458714036,0.637054814735599,0.00044368426431077093
46193,-3.735223063042672,-10.293995339997377,4.8307390574341005,1.5160184037263063,341.38345090408,0.6235035178879986,0.00044385242348805984
46194,-4.346626174759685,-5.86190623521697,2.9124771225140504,1.5807546751913402,468.5875335597627,0.6503337160398086,0.00044388892493789177
46195,-9.22799301162494,-8.028065780575172,2.431233503668552,0.896841604314147,180.67691793640427,0.30208663504593414,0.0004439959021533031
46196,-7.628903907077396,-9.127665348422356,4.750685576459004,1.1597654961235437,297.1491762568991,0.9880663907308209,0.00044409524805154446
46197,-7.41716560631072,-11.213522067540717,3.6183860374143655,0.8619768614415851,225.13084698465747,0.7914624562792065,0.0004441096531568791
46198,-9.301317354311902,-7.251616419222389,4.290540609350614,1.879391482738418,466.89555126374165,0.025826363956420018,0.00044441486736954844
46199,-9.970092597171782,-5.765769084424681,3.5907856293682467,1.8102619358988854,379.0320725697219,1.3001266192087142,0.00044447606987240644
46200,-5.078407512656156,-11.193768616102693,4.492477422619873,0.7399991104578478,152.6031106175532,0.32486549892797445,0.0004445123037120348
46201,-6.669141913910007,-9.665055236596853,5.176794716724712,0.9988737484221053,269.99415286342594,0.31543115583400816,0.0004445538835634062
46202,-2.3997374116491175,-9.86385606262243,4.325108388875413,2.7973234220756553,228.2170577059594,0.29841300650458,0.0004445813454132986
46203,-2.565882434741442,-7.391978545966002,0.8094212876978193,1.8335488185362778,438.30942842812635,0.3411720602359596,0.0004447039930365228
46204,-2.1622069720769286,-10.554714812685392,2.1014498626183666,1.8395571128796067,439.3777706619587,0.14389987654538494,0.0004449624133722358
46205,-7.635917602775673,-11.438729998805755,3.1197362130011888,1.0723694610726555,216.76601342642815,0.14345257586306648,0.0004449834363472148
46206,-2.8417128001738607,-6.824124564953906,0.8167394647200322,1.6608011510804899,467.82979266745247,0.8086492704282078,0.0004450064284150824
46207,-8.950474104068222,-7.656250035331984,4.417740686064765,0.795322690994773,166.15822478406014,0.02541367161897501,0.0004450593482774699
46208,-2.991380054121878,-6.36479350876574,2.8335039326075977,0.9246149320252133,468.20960546252263,0.011786904542478993,0.0004452506596866638
46209,-5.253096222014541,-5.156051616239512,2.706503852897494,0.49677775065694224,122.8127632750059,0.7738247442550348,0.00044537282581599624
46210,-4.521556469614997,-6.112968126287718,4.518776203794223,3.898264919530317,549.9421046895421,0.3833092099749438,0.00044540816870498336
46211,-4.227473089276639,-6.3425914733515345,1.370086600525792,1.4195942267692738,312.3881464007529,0.8724958187430856,0.0004454314717807388
46212,-3.553809927730561,-5.933861501727369,2.999378766666448,1.0643078673101631,309.6033076155479,0.6673273398999156,0.00044550156181794026
46213,-3.5267504739591713,-10.306138444274564,4.821245488134839,1.1860438449819084,236.65421947859923,0.36852561590165145,0.0004457008291904087
46214,-6.3905248448608925,-12.291645657322853,4.258697585873606,2.730006229711897,476.82301939963287,1.6125266798819569,0.00044572885673120697
46215,-2.325803887092568,-8.07279430660828,1.0490794313791245,1.7636463196799759,418.88201341780604,0.05307444588760557,0.0004458023146859755
46216,-7.779183915836745,-10.743973483756877,0.33449430136268227,1.3022588713222643,318.32203958613746,0.41796187463480816,0.00044587257425675005
46217,-4.671164840378822,-5.9671790879710205,1.9460472535625242,1.8569143822959884,447.1414164283385,0.026383147354891,0.0004459486815083785
46218,-6.036036771453848,-10.479801514324038,4.7783287500716956,0.9906333147960767,224.33510650645138,0.11447941812763762,0.00044603546296288993
46219,-4.0278424471064636,-7.215880900229093,0.302847452249464,1.5029956547045185,347.84144322792974,0.9383968314230602,0.0004461123368431506
46220,-4.0231098269924095,-6.629279978058429,0.946652392084015,0.6057020508288145,129.18050554699255,1.1195033718675083,0.00044618962189507525
46221,-4.818815687983529,-5.952567551393453,4.229903341102167,0.9198672942769235,468.0616081758517,0.2077174352594886,0.000446267030745056
46222,-9.18800422003557,-8.080279608326467,2.0888297485722087,1.4769603342731104,166.97755884394576,0.19360455583450698,0.000446282851291329
46223,-9.096585751866455,-7.975693541066454,1.3267959848285495,1.733056457789466,405.7643721093143,0.16441217995428392,0.0004463118172850935
46224,-8.14469653575222,-8.463747047968848,4.745129297130188,1.0400502429728096,468.0710351184665,0.7142878389089597,0.0004463415880026377
46225,-4.389477246973982,-10.739889057569599,4.622998262980871,0.8911097711490888,467.99558403295396,0.4866426265506698,0.00044641984573991553
46226,-8.587338737322506,-8.300802951994488,4.0685513245180145,0.7642642657410021,161.24941135490204,0.002534755737307215,0.00044650163509390474
46227,-6.425995189309498,-11.794605487955357,4.312158381579321,0.9293587357448532,468.1029658916467,0.37692102922926285,0.0004465169353473162
46228,-4.72329872965322,-5.918681507093264,2.0492684027881256,0.9434738903138757,182.70148658050303,0.09705712752442341,0.00044656737675289053
46229,-6.958398471505756,-10.11956268877089,4.645076689610534,1.119588457903011,288.0263700155778,0.5119396491713166,0.00044677205357926945
46230,-7.581487998256382,-9.398866975371007,4.516315899386468,0.9250127880515534,468.0230991726426,0.37853404292533366,0.0004467773572931424
46231,-5.442257932581901,-6.2402236093978924,0.530928305945452,3.4445133983411385,526.6425082421351,0.7384569248796096,0.0004468525211244244
46232,-5.902552854133055,-5.137944753254683,0.4250087376835047,1.8701035406648645,469.7733168697778,0.12449091840611715,0.0004468652570142425
46233,-4.374451802865287,-10.071184092718173,4.985487778204438,1.8730218416974267,468.7855971692295,0.14523441814821947,0.0004469392570654773
46234,-1.6517189702179422,-11.754569470260016,0.9469830047228872,1.5188016749868078,360.27749618099125,0.2702142637094189,0.0004471809918778909
46235,-1.6684755505415634,-12.99396991276817,0.8492138418707089,1.3039503415917082,277.3204330367703,0.6599614607652988,0.00044723101092371904
46236,-9.55516048935513,-7.095329060455157,1.728474515693163,1.0796239137105517,284.86256907486666,0.5630123618789833,0.0004472872375732548
46237,-7.34495174708155,-10.102831020700904,4.247560868535293,0.9470960992541674,265.4319325426139,1.2818289181423532,0.0004472979695800536
46238,-5.38889934014086,-12.11784631683635,4.329820875852343,0.8624647016909065,469.9802792511971,0.08627627889980172,0.00044731445471706536
46239,-4.73225430792314,-12.701959768292033,4.248570072922127,1.0624341067849978,260.8074709382139,0.5797913240529011,0.0004473146654483769
46240,-4.155914764760624,-5.958515431793615,2.2237275411428996,1.17928300676528,283.9358403851943,1.0588905550464824,0.0004473735396568761
46241,-7.949212876664905,-10.882542433880088,2.224619020820865,0.8827537755480633,196.36716655475996,0.917708225436896,0.0004474825050054189
46242,-9.385277022994021,-7.171517494278628,4.219416072649309,1.0085510002288842,276.32956771298905,1.536396562203013,0.0004475121992858408
46243,-4.970866487731445,-11.12563471393164,4.508607423117304,1.8549736638783227,467.7815964944737,0.5487344932883298,0.00044753800054182747
46244,-8.35690170238659,-9.583300903462149,1.5299768941398726,1.0209725111761871,427.65241911708057,0.8498380509260999,0.00044758245287702497
46245,-9.771193949950375,-7.258320487895283,2.759819269920983,1.1108475217394451,420.55781469994037,0.8259222592719828,0.00044762836084198654
46246,-9.265354322318519,-7.542041083764798,3.924239046668599,0.6876061789612549,128.7681716858601,0.17776621389926728,0.00044763110700028085
46247,-8.63930692507857,-8.6174829414458,3.2361817567522952,1.8474280004615136,470.13576492837007,0.048874281640592265,0.0004476812066435947
46248,-5.80548523520123,-5.196024860878105,4.788842372750428,3.700165134553334,539.8956156253008,0.5482641024615482,0.0004478139788841052
46249,-2.1317299968121706,-9.155544185389363,1.5598687748090685,1.5275280619870537,341.4092828017512,1.3126019994475895,0.0004479577909462462
46250,-4.7329639844535,-12.159851980162777,4.296454630339638,1.0796774252471888,281.46290801110104,0.7676028452973158,0.00044799920878504365
46251,-3.192543236736701,-6.122315682256245,3.571640540799987,3.313341700937603,523.9609921728991,1.4906825375516313,0.0004483979678705413
46252,-3.9098275533396585,-12.549857605524902,4.24240729684958,1.6085392991737448,370.44065858767823,0.4326926845544019,0.0004485257581947123
46253,-6.960602875847945,-10.44649566121258,4.451242370832402,3.961033447810379,564.3467333212809,0.7858515360051017,0.00044854645292533805
46254,-7.6128374642418555,-11.279578550403224,3.220353768396163,1.0465695766751448,278.95142897957146,1.2953473314191593,0.00044872225937262947
46255,-4.976528387439036,-5.988674965926212,1.4282875430737378,0.6707797876817729,185.75239836925192,0.9891532499548443,0.0004487579488569282
46256,-2.90207007261297,-6.483049376277449,2.661925762001501,0.9102847564236012,468.06072799643437,0.10801648017971477,0.0004487971012529321
46257,-5.352500108039479,-6.0375832830658105,5.158913290655675,0.7705396119825274,173.68604221949394,0.38914896886094485,0.00044880241798366465
46258,-2.3502538777692186,-11.887735331232435,3.9966720708228376,0.9520718623564384,208.91629858235143,0.3288395339819683,0.00044896842944686343
46259,-8.375419498243978,-9.526149934473025,1.4032092446427449,0.8799274906395601,467.54871374918093,0.562978747082167,0.0004490899702186312
46260,-8.409101747517086,-8.17993424364756,4.661965797395026,1.1047356031458697,290.43735923201655,0.41298377340309766,0.00044921075028503713
46261,-9.386100171031536,-5.2282641292894105,4.689432820292082,1.6183889025817098,379.13214780288394,0.5346563507774329,0.00044933638144769374
46262,-3.70305392660058,-6.018820467977061,3.632598784238415,0.6371969995525847,136.39350614948899,0.1227573971468443,0.00044937044505680596
46263,-5.416528108406584,-6.8078156240706065,0.1729307655246185,0.9716802925828928,468.1076340105296,0.7913047317930282,0.0004496736385957534
46264,-3.632553161748497,-5.99364009001336,2.6769783280003363,3.5134563140309782,524.9540738357363,0.5159707916195941,0.00044971247439934203
46265,-9.605449680836859,-6.579401862179308,4.2539153015203075,1.492952156788461,468.35992815128066,0.5446940681481482,0.00044972209458078456
46266,-3.211828088141468,-6.118257976819948,2.1714910531864335,2.5308145310069805,342.5794915222745,0.004335420192769668,0.00044980164254268816
46267,-4.900338459853888,-11.734033628445097,4.3635112439252,2.708281129963823,476.3751496380868,2.0770866020335985,0.0004498115611405543
46268,-3.0023909102538227,-6.3338267943173445,2.284220096841377,1.487878565843156,353.80296765626736,0.5399960327358508,0.00044985190171663444
46269,-5.794710590125519,-5.0745549788306255,0.657816847720989,0.9131487273797152,180.89556221676335,0.12756667947642253,0.00044986489458975195
46270,-2.4495909715124284,-9.79504814632073,5.008956746282442,0.8126189485444881,183.65926786606747,0.3293057932313914,0.00044988489592098974
46271,-3.6488188485612554,-5.956378611467432,3.3062231863135416,1.6681783311252272,356.1822126976763,0.7752005706381153,0.0004499110960036934
46272,-4.085325201720754,-5.95321129133938,2.9938899643514874,1.057371490199581,279.8542921353893,1.5387274677064884,0.000449922702766946
46273,-5.245521917992407,-5.698093655674681,4.325208224631839,1.3229527629537068,321.2991171065485,0.2380812673460193,0.00044992650212440864
46274,-3.101931748254948,-6.582439456742846,1.0735610688474595,1.286217031953953,321.45807201802825,0.43368528050615396,0.00044997041967318927
46275,-7.454886115445182,-11.561988836536381,3.455754771848893,1.0915198698651882,467.1174503179852,0.12105975012308878,0.00045003067015119086
46276,-2.9602547146225797,-6.617405700246451,4.293290683779047,2.7340136693491512,464.2352348431748,0.6465417616697833,0.0004500335731491748
46277,-3.911840717317899,-10.482314952734242,4.726769857480245,1.973282987931397,397.9872943104499,0.35463401613444834,0.0004500536985694168
46278,-5.151008595256646,-10.47459171523465,4.767252691219585,1.2983137449415074,298.9110088616179,0.2570500189032403,0.0004504687723764175
46279,-4.350058940472529,-12.59435395239644,4.246118446136901,0.83827988536129,201.28642699806826,0.05389105198074162,0.0004506144462193595
46280,-4.698007606610112,-12.58938257711139,4.252575391371114,1.5130206694950994,468.26437827659265,0.3637033575032369,0.00045067669582288293
46281,-5.166104516966262,-10.04104201851088,5.025511609308796,0.960997534115184,164.7512894332884,0.1676411436576819,0.0004507350903052602
46282,-3.736996470226056,-10.245352581802974,4.858748975825846,1.5371449789342226,352.86865001222037,0.9847554075788709,0.00045094149569360395
46283,-2.095104109071336,-12.407938815336419,1.683225765539214,1.1721600610794363,299.41659881950466,0.7389328728717635,0.0004510541848394819
46284,-9.782365683333662,-7.233676739851791,2.7220429299363924,2.9215154541644317,480.35801365114077,0.6205551685145343,0.0004510709467169632
46285,-8.296998951395322,-5.834635972137562,0.1556903596177431,1.1205007063491066,467.2627836567848,0.645459327274498,0.0004512211578179655
46286,-6.57430680046207,-10.261271486287574,4.779213002884973,1.8083872963423118,468.44583081672096,0.49609978457574666,0.00045134378252129173
46287,-1.9407479207182927,-9.160943616148208,1.326960750951169,0.7909606826658401,216.64333258446658,0.48083717695792405,0.0004513680255104558
46288,-5.0182105712760094,-12.849895230837092,4.2498397569890525,1.8577285031179662,444.8989427426152,0.4896653643321045,0.0004514172562964776
46289,-5.201456429690083,-5.304850453187588,2.251244462986601,1.7003585537990533,447.02171362410456,0.6428166077997766,0.0004515634926726909
46290,-4.876030643818929,-6.408326802439014,0.951639828481673,1.1193527041411786,467.4177419333087,0.6495710027138273,0.00045164118147725875
46291,-4.893930284399851,-11.623691518242486,4.382485789973012,0.9734805715221418,268.9461003075274,1.7716069829232977,0.0004516891839204715
46292,-9.209700352188253,-7.754347263199403,1.4417654672524947,1.8553389842828276,469.95880241856906,0.06609886025456913,0.0004517716359356473
46293,-4.396534188606664,-7.271126915205205,0.21139224248831262,1.7610243836589339,418.0941004952395,0.09462554869175754,0.0004518178616958667
46294,-9.89843278274495,-5.001364311350562,2.130249563041436,3.339879506323476,234.20513794080136,0.3097944677698701,0.0004518189962267247
46295,-4.826876800762704,-5.562231038061168,2.900965104560343,0.8876113529444538,467.55798991251254,0.038349222800827754,0.00045182973062482713
46296,-4.014636939874698,-7.222803099566921,0.30556921261387227,1.2744384289287858,307.9931451277439,1.5645209771125872,0.00045183585521051345
46297,-7.069581904601657,-9.62700933663602,4.926016722688498,0.9563058906963781,266.91793443180376,0.8261310837746327,0.00045185955109220164
46298,-2.1754426483382865,-10.556160016352642,2.205829153514019,2.5763016899251694,464.0393140672647,1.9372526840025417,0.00045191633568879736
46299,-2.772591746396147,-6.799058724664687,3.3672201394479644,1.7798059460729545,468.1351631269619,0.010128712084127578,0.0004519199270916025
46300,-4.980782749413648,-5.475479331370675,2.7462422422709065,1.6731657612222413,390.65019448065084,0.4076810804668378,0.0004519199307684083
46301,-8.968868281579232,-8.31655383271558,1.4404564677453044,5.014348805639674,486.6091237171654,0.052164267705632206,0.0004521437832209237
46302,-9.41804905169466,-5.225459810677743,4.627488500441502,0.8617043904686622,248.66004513409388,0.5360276337044665,0.0004521459866256513
46303,-2.701732531370512,-7.11352225754304,3.6103949202521837,2.447103089408996,450.94858604112443,1.7806906601844563,0.00045220404826213604
46304,-2.036450856453021,-10.988864888970928,0.619574888669302,1.5412245779962856,343.3913654563259,0.4429724792736218,0.00045230768795508395
46305,-4.326861959250997,-6.081072565510604,4.254638514064793,0.8220828369586075,179.33233591311847,0.11623768494925102,0.0004523332476487058
46306,-2.2881064575085315,-11.54451933451302,3.098022431024508,5.505209176257693,640.2079396619488,0.32403490113055344,0.0004523374719557103
46307,-3.8799303620637824,-12.285624011296544,4.262268594862307,1.0059475867616372,468.1738606809546,0.860284745929369,0.00045233888832092245
46308,-2.4669500185335114,-7.897574493821296,3.2575846999750535,1.0465873134540993,273.8905586157876,1.570603590775943,0.00045234824213461025
46309,-9.878703870690321,-5.416376835521775,2.0808096668288893,1.3361652872439982,468.3441261737536,0.5152227637756939,0.00045238447418556756
46310,-3.360815048700254,-6.099209909001635,3.7250367920854113,1.1515915807025645,467.64283500385676,0.10900019790909532,0.00045251404534354006
46311,-4.270107366958972,-11.69320849716454,4.3484987052737365,0.7669017599315835,388.2435666182276,0.31711022329886607,0.00045252517557767464
46312,-8.427797327501752,-8.80697295528158,3.489692074852074,1.2164598278475731,309.3574127996808,0.5870192473017539,0.0004525477946280867
46313,-4.212289597181183,-6.037123390222937,3.9419294888664127,2.5107302033640426,448.9785433327114,0.28250295768711187,0.00045263722334855876
46314,-3.1244667069218934,-6.146039969889394,3.0015087660053386,0.931185890867886,468.32435129901114,0.2560642893311451,0.00045276913514767897
46315,-4.425230763334657,-9.987850012310071,5.036945039847259,1.7356553321404087,410.7181049478587,0.3017080882271328,0.0004527810465217381
46316,-2.26223269504755,-11.287289286407379,2.8315489507758866,1.0511582283265022,467.21700306954517,0.19638027049864704,0.00045279745053845903
46317,-2.6359267747355712,-7.285542501044687,3.6480668845900768,1.2114037642872622,159.09947577130762,0.22832627927826987,0.0004528545353356183
46318,-3.711907107124981,-6.01602602110891,3.5816989416120495,0.7817861464003302,177.4743745739425,0.38590523453578296,0.0004528669344819492
46319,-3.688876830236259,-11.176662977446643,4.455341998745799,1.6357951434425584,468.6526645253188,0.8139330828019391,0.00045288139102205136
46320,-7.802324224734713,-9.255104985428845,4.29253330145252,1.5661690356282991,346.32799591517977,0.8491282957630597,0.0004530150206024934
46321,-2.271109984428983,-11.641744859429053,2.9452095761775166,3.19504202141913,457.65929277168544,0.1765278003699109,0.0004530183322701349
46322,-5.320673217181209,-9.90128871168351,5.133611778873916,2.4979440354772215,457.79863362669096,2.394522062161342,0.00045314290259697125
46323,-8.249434690949176,-8.361198304773186,4.690996440430784,0.7922069619600282,190.8377519490106,0.0649871149883472,0.0004531941839610389
46324,-3.454962375158134,-11.739315355040542,4.328846300643615,1.664258267129176,182.95834899974503,0.4327417157578708,0.00045322739328263216
46325,-2.8354711885172534,-11.702580162297025,5.050002136853466,2.2765171483832605,424.40447180054906,0.8463317351015283,0.0004532500838206378
46326,-1.7629145539305995,-9.77535861451716,1.1510684459509453,0.8926731501207985,264.72682223354394,0.18464205037002035,0.00045335405584400525
46327,-4.22552097064047,-5.881644135965012,2.482798095017683,0.9365414903189825,187.4776420751488,0.4348364970879173,0.0004533589399007385
46328,-3.0798790366419313,-10.326992754687549,5.009536439148818,1.6354764086982967,468.33961012893997,0.506820606814915,0.00045341882571349836
46329,-3.3213549538809426,-9.8677336358336,5.11640859222397,1.1839510039883296,245.21856324046271,0.02784730677415137,0.0004534228782497112
46330,-4.215602023130085,-11.083017414657723,4.491630093582748,0.8728730124427885,178.36118569845385,0.21281049995910273,0.00045342320768317345
46331,-4.526428533203979,-6.252298138155413,1.2529689206176404,1.0626393368677707,467.86426935662047,0.3554643909909867,0.00045356004988282166
46332,-7.543574694922102,-9.537272939418813,4.427526129663715,1.0681454312767904,455.6649937253573,0.8714300152766379,0.00045358245383886775
46333,-4.3394697991015265,-7.195353685833778,0.25289278899659606,0.807422467695653,217.6548130181964,1.1887455855572995,0.00045360325178191006
46334,-7.884901130294903,-8.480009503510116,0.22234018223605767,1.1765004268244121,137.61074979252155,0.3728648034639379,0.0004538234015861336
46335,-5.42269172718741,-10.66871379314707,4.6825823639873425,0.9089337306313918,223.84677324740963,0.0933769431895417,0.0004538336739702607
46336,-1.8922734263108136,-11.963330705817423,1.3531447516147348,1.0105814514303515,265.7660053538506,0.27610272236361055,0.00045387203659129534
46337,-5.423216266099972,-5.094376040954891,3.5026079925339646,1.111551309641529,287.95626825114687,1.2367385418327101,0.0004539018546775597
46338,-5.42176361323199,-5.239601881474228,1.5736324409903715,1.2862558316325232,157.06828842459637,0.300937688671822,0.0004540194951463308
46339,-5.1374456677470395,-12.453537269654607,4.280512851145316,1.1583989977117444,295.8950335459458,0.8050697121607477,0.00045419767541295407
46340,-4.771109172667288,-9.973911566808805,5.054352418225265,1.231997080822138,309.2159943126772,0.5847696724957112,0.0004542825580419071
46341,-9.01174115779246,-8.075284638828009,0.9429729331127278,1.5479898685960785,344.0684930406241,1.1263585999919536,0.0004543772401590362
46342,-6.931195849194598,-9.529030791591033,5.129626533636977,1.546697750815048,358.647123747034,0.36421329043442263,0.000454387579122885
46343,-5.405352722361219,-5.181439938850621,1.8881447009356809,1.8992943252294583,463.015948001687,0.5063813653619409,0.00045467124896277875
46344,-4.612585895328233,-6.945481336257871,0.4897329035707784,1.2432762161449016,260.73742515962766,0.8108216888058077,0.0004546908189086953
46345,-3.19923272757623,-6.170874521613106,3.9363216326180255,0.9532343809951208,193.32758126843476,1.0530054164811187,0.00045470624473932563
46346,-3.902261725206494,-6.326058831214482,1.5711002612602152,1.212949715838866,273.4459564951665,0.26940297879507735,0.00045470920275193316
46347,-9.003378363652573,-8.349168552532536,2.1613300791082843,0.8692632209410857,224.92693365760056,0.3648949390017284,0.00045478782531037154
46348,-3.047542714235332,-6.644578500919865,1.0386711889478761,1.7882901614932476,424.5633972194475,0.35644495091252093,0.0004549193158691923
46349,-7.658262113864263,-12.492765846362657,2.826864409141005,0.669806062229743,156.48541578511836,0.34076681456673263,0.00045496178176248
46350,-9.829784307204243,-5.5356678668909005,3.8753829969573057,1.242961851873199,288.85708905696305,0.13286859423386144,0.0004550205346287402
46351,-6.876622485236428,-11.453552622916114,4.155888581190265,14.762447071449314,669.3071813313455,0.04693263311751039,0.00045503848771326675
46352,-5.26193433313625,-5.345432362019532,3.4606066297663602,2.9592037625722827,494.97651974972945,1.3452215563223122,0.0004551107643003492
46353,-2.9634706067482934,-6.4596996425943445,1.8385258901875228,0.7026582863232034,145.98422723807425,0.25193952760426086,0.00045524247589083836
46354,-2.124181448322725,-11.193743979836652,1.8977229917852299,1.1346980768690926,289.31150904000316,1.0369771967102785,0.00045531205085551965
46355,-2.5310165805623654,-7.397947189846365,1.7196643289366877,0.9709167300425235,194.0912846476194,0.859242893405125,0.0004553626231063592
46356,-1.7071826941920492,-11.587794544336747,0.9021375267794669,1.2038279150540265,303.9670577591282,0.7322984287638219,0.00045539985762150283
46357,-2.0361434594158903,-10.525353046293773,0.6373019504476181,1.3883230760308414,301.7075480107856,0.14572764244774206,0.00045540099515482113
46358,-2.450433180559715,-7.695230174741895,1.818954010911074,2.5884733180050765,437.2564730610963,0.3645672857181026,0.00045540537841376683
46359,-7.661425156209342,-12.470447388851161,2.8199808654075804,1.1439387317990788,467.1482046387262,0.5532205781464397,0.00045557570452919394
46360,-3.111689249395634,-6.145701242324477,2.8877469923193315,2.0389878984398133,409.5077745283731,1.8268554154948582,0.00045572586162780787
46361,-4.042921110421103,-10.845518430694955,4.566577247518689,1.1173199765713002,290.4917642948252,1.1082106987839788,0.0004557998692454965
46362,-7.429965973888686,-11.767020728233039,0.2364152490146784,1.0963438270268628,285.33976849829935,1.020960426771592,0.0004558031776119044
46363,-2.8032459061961728,-6.669525151485059,1.1541644049726476,1.1343185771822528,230.00168750833114,0.4238292056997288,0.000455899668833172
46364,-3.015123437137973,-11.948149756532924,4.566854761573208,2.8130292879599983,482.49582076670123,1.3344558569782103,0.00045609263259485916
46365,-4.423620107730747,-6.0252641242433,2.0281675939974946,1.0069102725610997,208.74475157980316,0.19003306775157291,0.00045611759067079545
46366,-2.7392100685022625,-7.481943398439167,0.39305486076418233,1.6751659156159509,470.0195055118006,0.13122743294371908,0.0004561177087749132
46367,-2.118146610083553,-9.763533051215585,1.7414662480799998,1.8188511860776495,467.86473341078204,0.31171916954039336,0.00045619223691657887
46368,-7.835626156472021,-12.211834171546512,1.9961335228181813,1.5826901284415862,374.1734253093367,0.3634308105923836,0.00045621334456669437
46369,-9.885704192077505,-6.586108024729885,2.2348925685774335,1.7395299686951575,411.30095303127933,0.17825014275314732,0.0004562507542383661
46370,-5.823075668866307,-5.814186931350398,0.37602413012665686,1.0235343967061097,201.62909981122783,0.0027086890820493537,0.00045625919038523794
46371,-3.20818558625155,-6.107537981796024,3.538792382689975,1.5667963818930133,370.03302153642994,0.24476082311925484,0.0004562749963181504
46372,-3.167231860338844,-7.441584760365679,0.23400612977167393,1.10809788949765,287.61712813460935,1.2987683922882622,0.0004563990373447857
46373,-2.6446978235940417,-7.109211793686343,1.5568716444257351,1.3059093461451976,468.8977824904009,0.9136947410354406,0.0004564571819381381
46374,-2.1959156314927677,-8.448387942077431,1.009294155292848,0.6940153912079965,170.54125572175622,0.28714496764205055,0.00045650712687191823
46375,-5.2512079614587535,-5.693671611098857,4.169269649960779,3.0647612786300438,505.6249618052032,1.7819947097065265,0.00045652709457009235
46376,-9.954302569658752,-6.4641158467545745,3.5150292456030936,1.8364015745471962,468.98856264534356,0.1728758399458279,0.00045655447581098254
46377,-4.77381077534623,-6.708508576817274,0.6413205636872658,0.7634000320458096,467.223896698124,0.5094324556356886,0.0004565645380165156
46378,-6.8125562086243985,-9.586629284510117,5.1569622234712105,0.8508464854002599,187.13120721989938,0.45860165953219845,0.0004566297407528399
46379,-3.034694294732229,-6.505082560868096,4.369681782978136,1.1619302890608285,468.02597601923117,0.3796569480334293,0.00045667671033680494
46380,-7.8938535643382375,-10.838231280667554,2.557517806601962,1.0283830206669715,278.41277223312176,1.5793564004471774,0.00045692036936988807
46381,-5.6063148837633685,-5.541553260510359,0.8476545972617783,2.2270133395899823,430.6835527154086,2.252932719675224,0.0004569570277966275
46382,-4.9135462481546535,-6.559271382534953,0.6894966131980765,1.730925163891947,367.5581310050868,0.3152000580352796,0.00045699812999036685
46383,-7.255536906774081,-12.85277608139323,3.59184943159135,1.8339495476462317,468.3659155750167,0.32582133191873996,0.00045717514529886245
46384,-2.2897630402594773,-9.346881358155771,0.49720029013956607,0.9238209491914567,249.51241970271101,0.4033056198759537,0.00045719909225088676
46385,-1.9217659103216107,-10.52703093910312,0.7771231175362768,1.0264539816406508,195.3167564185873,0.08216992593315808,0.0004575361759070825
46386,-7.748826388643109,-10.565723699288332,3.213581022861284,1.7074219497761636,467.93884650025757,0.33857056049862955,0.00045757361543240444
46387,-9.120617387008007,-7.797108706062807,1.0618203853270711,1.0507611782952109,277.6680291639478,1.0580174332898435,0.00045765612247253187
46388,-2.359749746088461,-9.423656958052959,3.7593496974694145,1.0593963018365389,467.88896547211436,0.184702717384293,0.00045768493843626
46389,-7.900483837175575,-10.414444392173014,2.877910021437143,1.0021554014550123,275.1839520155772,1.1443532650463517,0.00045775842127843445
46390,-2.438131749940709,-7.776029657189372,2.5041425939047213,0.9284030203991716,238.03614024760492,1.1551236985348607,0.0004579252419714853
46391,-5.360807707495657,-5.328221526905452,1.8929665884513873,1.0045793444568052,178.38913511379022,0.2154708301352457,0.00045798564978943905
46392,-4.063948430492194,-6.241202203828235,4.601701376373185,1.0326587663938958,275.2567306067099,0.7927192162074137,0.0004580268902068872
46393,-4.819351520154641,-5.685968457872828,3.0583351588139247,1.0684341610784451,468.8970991659454,0.9232553554628806,0.00045809695160115775
46394,-4.911718090594944,-5.859543844752196,4.15664285345651,1.466340425001591,468.1099207441113,0.7902538452317414,0.0004581298526973218
46395,-5.945017988365554,-10.285507230059357,4.878867208165169,1.4635741995380718,321.1637792486317,0.17606936476515056,0.0004582114132420746
46396,-3.700077033230772,-11.625790371451407,4.3477492324482085,1.548609473317843,352.26058784469564,0.1261608139403707,0.00045830660673384173
46397,-1.904245654229415,-9.839921924312456,0.8533136017018415,1.5113491947771334,470.45367264157005,0.18798757258686205,0.0004584815645409885
46398,-4.184974585036009,-10.772056716249374,4.5985943391179305,0.9595030830887091,268.88317074674376,1.599776546184546,0.00045852555211170146
46399,-4.048014772739533,-5.964558292335656,3.510526739793795,1.1661523436461114,467.394083532925,0.41776432953437403,0.0004585460749875737
46400,-3.0520393037069002,-6.255205724126044,2.5290041572179955,1.134490604828295,295.5820166716487,0.25394048244789413,0.0004585788920402691
46401,-5.529761356241313,-5.186702036919076,1.112575279022593,0.9163915634801799,468.5934685639223,0.804746751201054,0.0004586027038666015
46402,-3.680336015150008,-5.9490669211473355,2.6548744896951897,3.9538327851407606,555.2354726119318,0.4599321756038526,0.00045862377408917646
46403,-8.719113518397513,-8.669472344774647,2.7180291026846612,1.1520198033619071,154.00861835956434,0.24323272870440515,0.0004587635529194826
46404,-2.416276177108517,-9.429553908212021,4.3753235701135,2.327212554024958,440.85937258214693,2.2521630590769135,0.00045889823888304454
46405,-5.081846886963001,-5.662877910266947,3.89785076890384,1.0610021939131105,466.3731261651706,0.09607734078226571,0.00045892989372272154
46406,-2.311175588168388,-11.399564302521046,3.3958899196392993,1.4977469147672537,468.5871636415744,0.540550147179399,0.00045897795749997564
46407,-3.8108159619544777,-6.167434108423435,4.314449327944165,1.1754511471837126,467.18889362318635,0.4076505394425496,0.0004589872480857919
46408,-9.800448427571082,-5.249980893296041,3.911574608475444,1.3309586698732103,290.0427714596622,0.8606942358704659,0.00045903051397592023
46409,-6.508133295718657,-12.549838173580516,4.190063360800658,5.40524526466797,644.5151784805345,0.700955948871429,0.0004591113107689401
46410,-2.891993422023188,-6.718916288802973,4.136633763766393,1.3242890765275854,144.08614649801848,0.3843748150946089,0.0004591276796652911
46411,-2.5496208716230697,-7.56470797932383,3.182115897395477,0.8695070765235807,251.63448315269565,1.013566286821713,0.0004591339086811184
46412,-5.517023826773183,-5.56313532011556,4.552002962463626,1.8308527169173818,461.4196544886866,0.4667683535196856,0.0004591657880594878
46413,-5.421440202051805,-5.037644828357042,3.473296168344091,1.6282655091733904,378.3790083419133,0.5055079282046231,0.0004593528439895337
46414,-5.475627407017691,-6.660033981616504,0.2957839754664857,3.549572435623789,534.2817498111652,0.7434877687406471,0.00045936146969135757
46415,-4.73961359635682,-7.111020028362414,0.24890388031224434,1.1023571851792244,222.7066658735363,0.08210687873571576,0.0004593885175281437
46416,-3.6591935856625266,-6.065729784444123,3.6441290004695364,7.962071780324286,455.6820380320543,0.09620186268492237,0.00045944228255186896
46417,-9.776582777214397,-6.640997943161357,3.8676757273412004,1.437522674059131,468.80491365682235,0.25213361481213425,0.00045947605025223846
46418,-6.166607814336023,-10.23805419404249,4.888338741728576,2.4466093009157883,433.4422740346316,0.5783045790764456,0.0004595562114819481
46419,-2.375490339392581,-8.150225035025382,2.490831018426625,1.2602173939453678,314.9437117193529,0.4031852228504258,0.00045961010054659557
46420,-2.9021261384519237,-6.493852162781844,2.377852183522775,1.629228182000685,470.162055351005,0.08995164612096573,0.0004597054524592258
46421,-2.1968482323538208,-12.581496182096993,2.2980042572350534,0.7810267539192465,165.891223894699,1.13474365995632,0.0004598705497909197
46422,-9.821322301765763,-6.1411039935660225,3.9011035951901762,1.266417950259209,275.68587770192454,0.04132753050145599,0.00045987272322957584
46423,-4.652632014919833,-5.732179730997656,3.1242594439484557,0.7380797004375877,221.27969740642678,1.3388802596208418,0.000459878256143958
46424,-4.55425171772414,-6.632974591585041,0.8526821898606254,1.09728106116,291.5919604734198,0.9407807438646545,0.0004599959188511794
46425,-2.9996101278302945,-7.634400764625103,0.20734567037802112,1.7358418280955732,366.4716294422226,0.30186923973829316,0.00046026441515267314
46426,-4.971710087208213,-6.0774059934257005,1.1546287317475843,0.9512238052646119,128.44259189962116,0.3591470255444582,0.0004602746938358577
46427,-9.261584627151478,-7.921715040000586,2.8680475654200777,2.6989517616147283,397.38073788762773,0.14083703499394673,0.00046034798259846733
46428,-3.1188509959443156,-7.221824968709664,0.4568478460227599,1.3802145735507652,299.955168977254,0.1273530581182163,0.0004603522070681709
46429,-9.99723077366633,-6.466810110178451,3.3297143910224167,1.7389336382998224,468.64385941120867,0.8168397762886652,0.000460393503090081
46430,-5.311946183731981,-6.233213600978505,0.6940661556072506,3.3360820502955266,514.1788842013099,0.423483220276192,0.000460429184261621
46431,-4.500184223773781,-6.283022159648119,4.973503832420451,1.1286433177032946,466.6939840059267,0.5757663825722625,0.0004605710732923753
46432,-9.85962757115289,-5.809955164853276,2.066533440450129,0.7263706459194557,150.57344705966577,0.061181699625410424,0.00046066320690313703
46433,-7.678439314301661,-12.926638868705103,2.709839524647183,1.535696514461703,349.6625103052995,0.16305151697693798,0.00046072943097459846
46434,-2.821826745622676,-6.648215928902886,3.106670349501531,1.102232215786208,311.66738466299734,0.6742484395996877,0.0004607347778057807
46435,-6.36577280330053,-12.898673237588195,4.2054287710221905,1.738911849789976,410.76784480446713,0.179640034683195,0.0004607434282044406
46436,-9.464569569688631,-5.2364208455743935,4.539456418376192,0.4678475368595208,107.49400571596851,0.32545907140912345,0.00046085767494160186
46437,-4.1125927646008495,-11.6094873711472,4.35778936527622,1.094444163021482,230.1164308785407,0.5327743144024213,0.0004610155325785124
46438,-9.215258295854278,-5.069290222904466,0.6915872602941407,1.0060032132718457,276.2853822853682,0.6785775000982861,0.0004610292380593097
46439,-2.2011386283407823,-10.805485017065696,2.4971919301541607,1.10227004586156,462.78148548146936,0.490560078310037,0.0004611783282455339
46440,-2.0182495981629067,-12.958468903993378,1.5600706495461036,1.2667804539643042,267.47755685388375,1.0000190106442597,0.0004611971874481445
46441,-5.399101036546528,-11.664607436546557,4.384268131846999,1.023544849825452,262.3732056496526,0.9896101418645715,0.00046119777738523235
46442,-1.7123900806889356,-12.334307912015982,1.0280539658996486,1.7461349260314387,413.2884214628287,0.360707499675061,0.000461206098646438
46443,-8.856611933734719,-8.566384111342884,2.1599292407456354,1.5088459225033015,348.8402882316708,1.065676647803934,0.00046123109894841705
46444,-4.348918954842841,-12.93117078671399,4.214806387367039,6.858441569614751,523.8412553356153,0.017548709791319617,0.00046134172710835436
46445,-3.871457144680069,-6.235464648213893,1.747919373695706,5.092055667131417,322.8987352402744,0.22541736963881664,0.0004613577028047781
46446,-8.602801303108123,-7.887169596582023,4.732571416952851,0.5779203629673667,171.18277547402695,1.0686399219292255,0.00046136968967838904
46447,-4.400755680668111,-6.369843463180512,1.2725194612471789,0.8215596689847564,415.0533927000269,0.08580497171668888,0.00046172860682251255
46448,-5.348655442072912,-6.148626146442129,0.7199529926697643,3.736020282829679,546.4068613926955,0.6702395693698611,0.0004617608966142513
46449,-7.948166283678651,-10.942734054221155,1.5172579501234449,0.9174492419333649,151.1211157595681,0.13499400339464085,0.000461920245375826
46450,-5.430791718794978,-5.73684344412249,1.0334986946961284,0.7907066939119652,223.71881749338849,1.169469970552555,0.0004619435404226155
46451,-5.830686483236182,-10.213466947294773,4.921932019521911,1.0148210941892972,237.5946687280989,0.3016529378945805,0.00046202899611837926
46452,-2.941344153604568,-6.4736281868337,2.1928559911504717,0.9214995291048068,183.47293167678626,0.46534483869518084,0.0004620310242202816
46453,-3.519378994932402,-6.002791000875873,2.84015176102726,2.056010301205469,402.6462018956803,0.4603852126350194,0.00046205459983105434
46454,-2.0900584809844993,-9.767156177523399,0.6913387596069007,1.6137365040582257,468.47263926263963,0.6571321622349204,0.00046205631295929636
46455,-3.795292568622153,-6.050355646916982,3.789089517266723,1.1582918654952103,263.4511861909828,0.8830539279527132,0.00046222836574477986
46456,-7.63878539966886,-10.657482571710812,3.408689820904696,1.7929112745509173,468.1719647376587,0.2560345357368421,0.0004625607966764614
46457,-9.811734672774314,-6.3708903977954945,3.8850210469146758,2.673764412597296,466.6961331336787,1.0074580672989866,0.00046274694317930846
46458,-5.596231901965681,-12.733538407670583,4.265448290757976,1.121808263008638,260.30456435059574,0.699243100006389,0.0004627699748280194
46459,-2.2026185565638983,-11.457068257615129,2.362510114488699,1.597180265722473,369.89232750060387,0.5129677917166742,0.00046287711365545554
46460,-5.2128761935760695,-5.766731266264813,4.270663753555106,0.8106727697028252,163.51071613170015,0.12516815877797072,0.0004628941060793153
46461,-4.123345730234188,-12.024556287515605,4.287586047740664,2.286219822732401,434.86632851825397,1.6583528675779764,0.0004629469854912163
46462,-4.691475717821163,-5.896009216390041,1.992503121587679,1.6303994427848814,468.8429911140945,0.8885649161957945,0.0004630027826680704
46463,-5.753820283512337,-12.072922303235892,4.326281639265778,0.9441378164617625,467.61914089345316,0.4869427834736282,0.0004631371599223204
46464,-5.4089259449866205,-5.182144193771613,1.9982084943883314,1.170756269085671,205.86120069022803,0.09802159473723382,0.0004633239797792976
46465,-2.9386595613462143,-6.5432028947104905,1.7538148769176958,0.9463826512940684,266.16411990443487,1.7018889165924724,0.0004633341532686666
46466,-7.795693796057748,-11.715252042480707,0.45017647823934576,1.836840171135139,438.468548564709,0.1705035923444207,0.00046340523876376295
46467,-3.5977608725901122,-6.898788752645408,0.6422192094219845,1.4371558120936927,323.1262985601244,0.8877729572690498,0.0004634973143758875
46468,-3.1429201282623076,-6.459782052671181,4.739862501101219,1.9019883792125898,468.5125019613724,0.5027530150645516,0.000463506094369447
46469,-2.7845269567650712,-6.834027012310857,3.5110923635818723,0.9276682471669628,215.49538298840906,0.355674000503881,0.0004637485320419042
46470,-5.046668663363315,-5.674084205336911,2.0340597513092833,1.0538257519717966,279.17587408114645,1.5237876397714203,0.00046381200351482555
46471,-3.421427672516578,-6.798367017746746,0.780348511080344,0.554458311736506,126.64188027068403,0.03391266572659202,0.0004638217160167316
46472,-2.666031105202503,-7.202073413129206,3.617408352107841,1.1263374347476918,467.4419628066962,0.3039353545165797,0.0004638716747476899
46473,-9.784077742304682,-5.776865741683262,3.9690380278092876,1.554945401026302,317.0517507930547,0.13288779826569996,0.0004638772537162529
46474,-8.076593954403162,-9.386458024835553,3.5008113132739767,0.9249558867427621,467.90072340567013,0.59095853684122,0.0004639957826392266
46475,-6.017721767633376,-6.117973113836665,0.016946167066897326,0.9318763508760479,253.10877905552343,0.41451392515580654,0.00046413841488951424
46476,-5.157985925920295,-12.523484653878231,4.262109862305465,1.0597758962053865,467.264007769183,0.13557109011434676,0.00046413902914181057
46477,-2.45367444336687,-7.643567715202399,1.5093906161464266,0.7252616528826599,208.59738382642456,0.5368204380820103,0.0004641725567739631
46478,-9.539920956890022,-6.127524087100219,1.6092728672564813,1.6101554906082292,458.4027744588335,0.39986611937732075,0.00046430589488695553
46479,-5.470882827260425,-5.862948133887087,4.963831825306189,0.8403729744153077,169.3299530253969,0.6100660744434174,0.00046435524057792825
46480,-4.377984602147,-6.297274981991773,4.9067351719209364,0.7651446810583643,136.74814027583926,0.24826287942029346,0.0004644181960848583
46481,-2.6292128174558007,-7.924694362893403,5.159307123115644,1.8430745554563388,467.5621379213669,0.6279789470917807,0.000464540256175939
46482,-5.45632604359458,-6.935606368948349,0.0936901089513143,0.8815117482470893,467.9883204660846,0.3626694504048098,0.0004645581770112646
46483,-7.704926604480477,-12.666362365839715,2.638398786518791,0.9752242192657101,200.3999229705748,1.029137931530017,0.00046474629113163175
46484,-4.373890275720677,-7.007884342972871,0.4429041839227197,1.8058722473315265,470.1454887566028,0.1572355277487949,0.00046477524475397924
46485,-9.536786702092643,-7.241522181299711,3.771120837913314,1.0498327525116942,224.42170160783178,0.1651684884885789,0.00046477560877906666
46486,-2.1735042462928886,-11.299760439235857,2.148472954606644,0.8704282200288216,468.5605432836689,0.861543182638906,0.0004648158306489
46487,-2.1294369341242056,-10.950512569299022,1.8358259625134106,1.760261356436105,415.60813632675354,0.5722080678586998,0.0004649015513226436
46488,-9.68688442268961,-7.12378161813115,2.051986992898862,3.7382172046128743,549.7373865335119,0.8450969528138659,0.00046503048150205444
46489,-7.090808483747489,-9.362480390822526,5.15042985679953,1.0382300259665183,271.1113497062767,0.8290408159935767,0.00046519028680494723
46490,-3.930513519791199,-12.483686928185637,4.23335014572354,0.7551321089205235,156.7414589658709,0.454031010059353,0.00046521467026290923
46491,-5.208038128456447,-5.947466160371674,4.730767882201615,1.345763497932599,405.22228451627126,0.310847079779772,0.00046544641317305865
46492,-5.581325032507264,-10.304479877362155,4.86221655918855,1.5374411129085097,468.7685480057809,0.8486337446520107,0.0004654626427462158
46493,-5.645497617555358,-5.4545892216465415,0.8459265833280454,0.8454019690887258,445.4703294616238,0.3124851418905594,0.00046558232497810213
46494,-7.470237747176027,-11.44860859935718,3.439733069651411,1.7694819958876875,467.6359435221526,0.22836608863975094,0.00046560801994390173
46495,-3.3190713983971287,-6.060022947712618,2.6940512983043177,12.976806755228006,772.2237155099593,0.18842577488046164,0.00046564048964909907
46496,-5.358914162489771,-11.831286996750332,4.35146832557439,1.015406659089233,256.7157143518639,0.5747986966970453,0.0004656954152545092
46497,-2.434444326693371,-8.294391487102382,3.4153218248006985,0.9188582669827694,469.68493025986453,0.08894712000143468,0.0004657807369256845
46498,-4.227184840435438,-6.870808918802511,0.6110327097707859,0.9765660538465284,269.32955869115796,1.0946365596956902,0.00046581724936717317
46499,-5.5670911053110625,-5.148288585695666,4.088026739214088,1.1004556474796703,204.41875744247534,0.31156220264283263,0.00046583842891489394
46500,-2.5665501276417713,-7.477603640197803,0.7529777757770699,1.7833224664795575,424.85905245815695,0.5555793405098575,0.0004660728034776431
46501,-4.290910540498248,-6.215516910538147,1.7660039376680754,1.1422423165842286,158.54063692974003,0.41220981269811663,0.00046625222063744197
46502,-4.145427294006964,-6.373026295173541,1.4695986716114862,1.5559654060893822,368.3516940421025,0.43988979061093136,0.0004662606688176352
46503,-3.4083168934513424,-11.665854312481708,4.3298733972319825,1.2564515160129692,314.75013709549,0.24683860423881487,0.00046632074169258907
46504,-2.8785727875228284,-7.003866357804355,5.012539494501939,1.1135041779361408,257.5447754491725,1.0771815231150148,0.0004664654625939299
46505,-7.495861944210861,-8.957439504231424,5.133941513245302,1.8659064447089473,455.4530184858827,0.08243246966276452,0.00046658714972132873
46506,-9.22478998558855,-7.519575025718471,4.031065064689635,1.130513326634235,461.6598395776449,0.15286588789261124,0.00046659762182719696
46507,-6.002356839575425,-5.0835434093912015,5.105751651344291,1.3215519033941723,283.25827500724586,0.7797774834168445,0.0004666127183297027
46508,-5.479089182988001,-10.13097959397836,4.9648540801042556,1.7711890977295457,420.99915292981484,0.10875816057039067,0.00046670959857527446
46509,-4.523979300966166,-6.146171959991122,1.6380596656808373,1.1759666320060767,298.7730976644545,0.6789549103929469,0.00046676624968322394
46510,-9.939235974899999,-6.865899593000446,2.76596993715978,1.0556842445123065,467.86126036541947,0.6157094248950274,0.00046681559025195813
46511,-7.910229032339577,-9.061614041628381,4.318471930074729,1.232372867329291,299.5808074584287,1.4691438187476686,0.00046692086530639897
46512,-7.4344231427310214,-11.983014083113918,0.23811454893997497,0.9768094549082221,228.34243120687222,0.24713635772980158,0.0004669474509522861
46513,-5.86372830351883,-5.15499908287711,0.5717782033808385,1.8630994383137467,470.3223486490412,0.015725138695221297,0.0004669551124730153
46514,-5.29631288235834,-5.155650214945333,3.079884260621676,0.8797830546437706,468.0723898505114,0.7151442827586232,0.00046705594424479213
46515,-2.4807832610628218,-9.160744608040273,4.9816979174331,1.0705155326764122,465.39377333615084,0.645966302326296,0.00046710147074596666
46516,-4.101319765146271,-6.525775926510968,1.1131551302669591,1.785350947857877,467.73196611128236,0.44595627234895385,0.00046713429506989036
46517,-7.963598049361839,-9.844673740094533,3.235745849249983,0.9880003343156551,274.07859653910174,1.7708607650236319,0.00046719459916140326
46518,-8.897294443414077,-8.482985498730681,2.3090681524170016,1.6697223814123217,391.30007740805127,0.10642738538127272,0.00046727124919809836
46519,-2.470446788199662,-7.624711430596138,1.852442097297242,0.7853294727893272,155.56360404305866,0.37762712571278634,0.00046735226371503417
46520,-3.9667037154444884,-5.988774487567008,3.3216259857045882,0.868551242628908,236.36219273405206,1.318717538570814,0.0004673883443635924
46521,-4.61108875290991,-7.30534815120561,0.13682895310035423,1.2144943454255428,312.8216413471239,0.5730292096372853,0.00046745520956673184
46522,-5.138958659329694,-6.616793505754572,0.5436247547453514,1.7881472553513411,468.2039629019134,0.3671234723669956,0.00046763116589543496
46523,-2.2549887072199972,-8.974668284421462,2.4069220760074352,1.2104861560271127,224.4425431787621,0.04970922945703915,0.0004676324922587191
46524,-6.4085583237417705,-11.659046893127714,4.322301259990149,1.075868942011982,279.15236422428654,0.6692379140933822,0.0004676612489594727
46525,-5.132271959650534,-12.016065452391928,4.311681060811155,1.3902085246388858,469.50806891578054,0.013494503080905496,0.0004676616266021801
46526,-7.832827770665549,-12.557269421789893,0.6053335437821816,1.1096289558502415,236.62223432912597,0.045124718405872954,0.00046773999513664404
46527,-9.495086740515074,-7.504885986966292,1.9228813965779228,1.5259742396942366,351.59054448427423,0.27826622912493004,0.00046784772841152274
46528,-3.187524466866961,-11.388163214445314,4.452211042267065,1.0774394309958875,282.0100303726507,1.6943204391921105,0.00046786627828031984
46529,-2.415399641340543,-8.308642735576996,3.392406311008643,1.697923476857617,399.95851007099793,0.004568560792260534,0.00046804989391539185
46530,-4.479899720264251,-9.827209143604726,5.147939758266223,1.1388527121755228,468.7118680647973,0.6461204590878795,0.0004680694831907661
46531,-2.171851425754621,-10.141304672483997,2.0838011643988534,1.0081104857109167,183.068325597661,0.124278855670517,0.0004680829035382885
46532,-2.2412142238685853,-12.297747455474319,2.611457783214582,4.918629280747354,615.6991392436138,0.4557880127744012,0.0004680946078910686
46533,-5.144864095877333,-6.20205034302454,0.923946443631535,0.8604080761788967,194.24003774591765,0.3804081936911974,0.0004682106531758121
46534,-6.887927023798303,-11.610029560444074,4.10377560960107,1.5212756331744537,335.3038143654458,0.9073057523326513,0.0004684493200497967
46535,-2.3201391558036164,-10.339975935305489,0.36113053772365017,1.1267057226024355,250.21791580882802,0.3317767553665929,0.0004684651966600786
46536,-9.346220508054545,-6.192818620721072,1.1507937514138824,0.7219067891083125,468.56056581732116,0.4926245311982873,0.00046848685036428425
46537,-8.645464187042593,-8.948258013645969,1.485028393288379,0.728026712781053,466.74198792220164,0.3155096577963148,0.0004684961227531952
46538,-5.441145769124767,-5.561412237118402,1.3794256313821351,1.1300421647946604,296.34608049589946,0.8133036108575853,0.0004685184337040216
46539,-7.650116811863052,-11.107156465575013,3.1725702833394314,1.2682111668734677,316.03384421429877,1.1983511943664569,0.0004685396669289423
46540,-4.657313611436601,-6.095688168302335,1.6344125017915345,1.1351956610945442,292.2226911541113,1.1718545093397328,0.0004685618322802051
46541,-4.212442160134575,-6.348936470422684,1.4375465471990918,0.8562824804391675,469.88787879564006,0.17146972121246495,0.0004685899993890898
46542,-5.423826410667819,-5.525180407446522,1.3752848680682164,1.1250137393946966,468.2391844956978,0.6718045038018143,0.000468719879405131
46543,-5.655224770775951,-10.981797478336345,4.557122423310807,1.026112080425723,202.02228222638288,0.969053094908344,0.0004687714776603073
46544,-4.9034605867316925,-9.872244576927907,5.123470375567633,0.8642965773227691,245.790487133737,1.049534563556505,0.00046878063138238964
46545,-9.420565215042494,-6.813625777936116,4.4477050672607445,2.707186691261723,476.1138431516046,1.9821339800572675,0.0004687984649860456
46546,-4.4598439030116825,-6.500151890169237,0.9832808118195472,0.49999501482795705,130.65569179583107,0.4347063581518631,0.00046895640323567486
46547,-5.1584458413209795,-7.16179214940366,0.12015948025863889,1.6696421077956074,392.5311087895694,0.7836300330340711,0.00046899525648555815
46548,-6.213977005186839,-11.376471494483017,4.418616968093746,1.1823203209252338,467.61830729213415,0.17817405281681342,0.0004689960856233377
46549,-2.877989342759948,-6.842003115552482,0.8345229884977681,1.2468059830636065,268.8677043029733,0.4399606486686247,0.00046910624750663574
46550,-8.001064287280085,-9.782415451948832,3.195938354396646,0.9380984942316328,467.4400539163839,0.43669175215364664,0.00046913537226765515
46551,-5.318121881075488,-6.09775346684956,0.8143315540516398,5.233106109681929,342.0932761678148,0.16266881709516046,0.0004691809474625049
46552,-4.203172902653199,-6.205989918717519,4.541925224214322,0.8803768722071208,205.6462486747441,0.28100808881109884,0.0004695012130462114
46553,-1.7968340177010322,-11.645880587892828,0.8007369766476905,1.8693284458899366,468.01633179922464,0.38967858853067394,0.000469534836424372
46554,-2.9252605083830883,-7.168774066840821,0.5397071411081307,0.7765563654847057,218.44962126064874,1.3364296871027408,0.0004695617391628054
46555,-6.270002887509064,-11.807438846668537,4.325443524268131,1.221935355576703,298.1185867776726,0.40753428069986075,0.00046960790345373856
46556,-6.712234436255162,-10.628959198645896,4.5112490753657735,0.9076320195260127,189.44665292126618,0.7422823363263928,0.0004696282356729453
46557,-5.63310492821391,-12.119015192940081,4.314869527417328,1.6795017504301681,394.3719553853072,0.5114896986694335,0.00046972232694101734
46558,-7.7730475195221835,-11.189101984233204,2.7894903839728262,0.8400441618473136,176.03582790768633,1.1007047674907762,0.00046977871258765676
46559,-7.2865003554156225,-12.663299388209683,3.551284116146002,0.7731308401094233,191.24130467236265,0.504205526733644,0.00046980094191984234
46560,-7.955124144389818,-9.533702516436243,3.616881422955692,1.4822503265007383,200.17536281250503,0.15777974171024223,0.0004698084859571426
46561,-5.808694087040885,-5.880085580560647,0.35491690373227164,1.0704541380855825,467.4032427683464,0.07031083065464205,0.00046981574194878014
46562,-5.391135563774586,-6.0328968298219054,5.147457973675016,1.6421019785603028,460.5887970515353,0.20050964661271298,0.0004698510534518811
46563,-7.326893777918836,-11.831229073619197,3.590870550389579,1.7892305380624183,425.5731342484129,0.2791637518535657,0.00046994015685243156
46564,-5.3564591854936285,-5.675595161060424,1.3739929657330183,0.9879324249392528,271.84069105477823,1.7830677422398304,0.0004699598852458643
46565,-7.850585031874198,-9.912694266791496,3.461014766023323,1.119033151191692,239.8772812240384,0.12811968148989816,0.0004700024921110225
46566,-4.917104835480911,-10.759901549830982,4.6149345604795675,2.569810888264222,438.2462740156182,0.362015411366408,0.0004703267890484918
46567,-3.69946672103589,-7.1065403373160585,0.4224735785279209,1.6748494463968489,468.407655794248,0.5393912215958556,0.0004703376560159415
46568,-9.81862485463633,-6.542847912474601,3.7916737999565377,1.1471775121983683,260.56849072336007,0.423904488215439,0.00047046852852431257
46569,-8.098651000377348,-10.463536859832912,0.6938153034700846,1.637300745671325,467.85891528629827,0.4829513168166448,0.0004704882067730701
46570,-4.873094697982465,-5.618607114992345,2.2906520245001825,1.0520373799487246,278.2969873689569,1.4957877014860559,0.0004705979043561501
46571,-2.5477489253867835,-7.762149561140146,0.5995084697250216,0.6861985351985029,162.74332885924278,0.11114357935174546,0.00047070127565812227
46572,-2.1717470522881577,-11.899722385744036,2.237984175429866,0.7263985132377676,134.03002367141292,0.19422037668411196,0.00047070663053639354
46573,-2.10623558100416,-8.389564257388113,1.249841176130494,0.8208028739743102,467.3456666701822,0.09899745202081522,0.0004707752758282674
46574,-7.068853043977132,-9.48410856706915,5.044114559729145,0.9544795653012593,250.37347130696796,0.7553150294083464,0.00047083387412916096
46575,-4.3028439015958595,-6.22194503335938,4.652623363268732,1.3815210309325872,324.5966403875391,0.5152694761067478,0.00047084232203486857
46576,-3.01128002694616,-6.63941969302455,4.700791082284779,2.575856645067603,464.07914920088183,1.9449121402110316,0.00047085276529490173
46577,-1.744163521059491,-10.691382664772291,1.2004011078696544,0.9308746491875637,194.913824738649,0.2001046951177221,0.00047090861271221703
46578,-5.428575915473033,-5.776005398954362,1.0274723198520161,0.8152997720347737,229.19040125665305,0.45061201584648636,0.0004712362468141439
46579,-4.893165838873362,-5.779483569367552,3.8202634798525312,0.6250339283882993,128.9785531053092,0.2528006327731216,0.00047128015682650835
46580,-1.7030232797542446,-12.354425424327586,1.0903113426757953,1.46270176320532,340.79111070368896,1.751942014323677,0.00047128156035318875
46581,-4.329724463736687,-6.172407624520946,1.7258263663924986,1.0341497080026736,204.17013814270769,0.047196342657925605,0.0004713954027381667
46582,-1.87144321257348,-9.451205293173674,1.0467790375141026,1.2871653275735881,302.0276963480201,1.0356815587828612,0.00047141046214665516
46583,-5.2770748178063,-11.599095188732731,4.383243388386085,0.6346725075594136,158.42639314934993,0.6398665664540966,0.00047151514970325797
46584,-8.065213662953315,-10.43339515886191,1.9156218633922266,1.8761857318648498,467.54761749293885,0.0996088836307143,0.0004715195212088434
46585,-1.9868268137094613,-10.493928324726909,1.4775836234748931,1.6471911322766515,358.5727628873889,1.3122436125002777,0.00047154604351901374
46586,-4.209061369844735,-5.898282771859631,3.1124913985897584,0.8648330517843885,183.76993317907957,0.016719058414876642,0.00047154644335979857
46587,-3.1474083622709763,-6.122218157507649,2.6657731320206195,1.7041807483630271,400.9364296279884,0.4119938651628585,0.0004716865864478864
46588,-5.560126093966712,-5.119403991081792,1.2404461047532962,1.1599781006715248,468.2035106348262,0.19868624502750176,0.0004718127391757129
46589,-3.763676530408131,-6.055041670311671,3.4714642991726516,1.3303230024681525,285.8690842860524,0.11551686206925726,0.00047190704794021574
46590,-4.957662124723856,-5.697713866543978,3.430068421266298,1.8491711086958986,467.26156402763957,0.2826117012419074,0.0004719072016457716
46591,-5.689620879264788,-11.796241833029303,4.359479899765008,1.2625665764395555,160.1260988128799,0.23248850690352274,0.00047191908753130936
46592,-3.418017788662027,-11.267714703583598,4.4125264727763405,1.157350654743787,238.34620627987826,0.4785012742022312,0.00047202470154300655
46593,-7.166323685396079,-12.93819737257472,3.6881428870767943,1.0837766542547442,256.8732444367769,1.0676978685507565,0.00047212613270258575
46594,-5.437680680473626,-6.856997332554466,0.15341462106507076,0.667195976511875,199.76465122374753,0.7859774403835678,0.0004721593321583404
46595,-3.3141911377039355,-5.992760869293261,2.8940643388364977,4.727239289409019,292.38273109705375,0.24411181165567797,0.0004722077711745296
46596,-2.937028148640074,-6.542959491416728,1.5229048346492535,1.5054546742320307,349.12158743343764,0.45356716729650604,0.00047226127746613955
46597,-2.5591268213325566,-7.301208074312359,1.403940190276261,1.7919001573229754,426.3044045811225,0.2204453416554788,0.00047229620803747416
46598,-4.467493160999561,-5.924589949825274,2.207301982819692,0.7848999187269523,156.92660611803902,0.025097924456461307,0.0004723219848116652
46599,-1.7099077533025522,-11.059785343821721,1.0102856532835054,1.6632938715997359,299.07086971847633,0.18523799162757815,0.00047240663000406127
46600,-5.043287910164583,-5.652907679468922,3.5773033355980335,0.8502087478846885,176.7322974809613,1.058850479597429,0.0004724236340084863
46601,-8.342890336627596,-9.596777017605294,1.2414795271397683,1.8935938373993302,384.8450610139149,1.0679793655142342,0.0004725649290948259
46602,-5.738292153490546,-6.2834654527369285,0.24332849226063258,1.5677484733784242,469.3921613148647,0.14425099546154474,0.0004728192749333638
46603,-5.3296926437651315,-5.063632138149089,2.1606007690961375,1.059343109688968,467.8854200744229,0.4090989897082249,0.00047283832179506363
46604,-2.659411706974807,-7.444972036132844,4.279021309415974,3.0914915510453773,506.28755137422553,1.4199122722010795,0.00047314161225260837
46605,-3.053667968109748,-10.369691697782397,5.002346393374457,2.6541379204281546,470.20247500867623,1.6323819021247425,0.00047318668215923243
46606,-4.859790993502328,-7.089398825600152,0.2787781735769838,0.8344803708374684,230.25930682834567,1.4253799840779129,0.00047320823637199243
46607,-7.401315640542419,-12.155752069027223,3.421373422722905,0.7562009854854281,141.83846811051433,0.19151594323352938,0.00047325592436371557
46608,-2.3808690471750165,-8.139863144608658,2.6745788133361206,1.0804755985817038,467.6846537330943,0.4903713267679892,0.0004733210318877349
46609,-8.205403411100807,-10.112008063991667,0.8407532916885098,1.5290526228402839,469.5832466504998,0.1145305101758387,0.00047334834709682276
46610,-2.7511707629494904,-6.9123832005122265,0.8110981879216016,1.6389643743086617,356.90605596148595,1.1093251054158761,0.0004733623597183538
46611,-5.380827613868537,-5.6606531338260355,1.0944645084313867,1.7317045744851394,467.49544654759796,0.15780931218186023,0.00047336869106142797
46612,-5.933113908486611,-5.205263691543969,5.000880366273487,1.3299631140408146,325.4495142503608,0.3423432437954652,0.00047342186190725235
46613,-5.050395771463453,-11.046709668620744,4.5137271007001765,12.729232796436118,769.1975237864765,0.20753166258270905,0.00047362419075990675
46614,-5.300683802645011,-5.0264063576229665,2.3984179913339285,1.4200300273324211,313.5283597714965,0.7263811523435093,0.00047369620334026836
46615,-5.206617071590138,-5.449409347265319,3.3660409190872755,1.1674792987445592,300.6235342309599,1.4903120180295009,0.0004738908853844368
46616,-9.153141676591373,-6.998501403431017,4.797999784081582,1.8742975082823479,389.2338848189007,0.6295589682647211,0.0004741747846920724
46617,-4.601386945596636,-6.3122338703423,5.066786737296004,1.788735686426975,468.3883049859899,0.5320629096759548,0.00047426433266112424
46618,-4.341572608764021,-10.25430923757952,4.845649768797384,1.0513974179906014,211.97116667766358,0.016825222786743588,0.0004742649429696184
46619,-9.272302954024806,-7.509725131287077,1.432348690243456,2.9472618972569564,496.33102213820786,1.8899561540780914,0.00047431165356603223
46620,-8.52827329164952,-8.651891049307908,3.482265247470688,0.917078535769409,467.64460240480923,0.5747198810778658,0.00047436708128524514
46621,-9.890647135407963,-5.725690755575416,3.7143162499226023,1.85589933969535,370.63951584177033,0.7165010250239465,0.00047438512836486335
46622,-9.166844022329023,-7.004798205597712,4.766357911137478,1.7136708377934011,403.0327323504868,0.5586321748328329,0.0004744844910111904
46623,-4.058975266855013,-6.046857048650157,2.1228951409218526,1.6590746533854086,385.5965816963447,0.020068832131991066,0.0004745573088993895
46624,-4.831058736948198,-6.0182487163483565,1.623331907438625,1.389281577489892,309.8740840617964,0.4687415416008971,0.0004747130406556205
46625,-7.590117487869333,-10.997559079995826,3.341374009906529,2.350693831739733,441.7150791209038,1.8294167489250794,0.0004747361773548793
46626,-9.59086981315012,-6.46422409505817,4.285795270248363,0.8405987168557056,197.03863935237644,0.39096068412624785,0.00047482868670506017
46627,-5.884381758771442,-5.049088602715113,4.796240266587771,0.7537251066466272,215.60545785883326,0.5019449574664279,0.00047483045537310097
46628,-3.6326397748072337,-6.067934084231016,3.4732685563734798,1.8379682397924975,468.5378755838193,0.5429503757689726,0.00047485770197260566
46629,-5.092066215453443,-11.90413325587086,4.320534383541093,4.14690428745852,264.96634284059957,0.2619522752451324,0.00047491840873196256
46630,-7.744165728925445,-12.825899657023879,2.430957906489938,0.9042657680984058,468.2238613234026,0.41573409717926335,0.0004749342577205074
46631,-3.895422268451803,-7.357175484201383,0.18115365089956717,0.9862226050665318,258.1488259140795,0.6474940025963472,0.0004750585718234543
46632,-4.872407147284977,-6.167521738346569,1.4623106482803294,0.8607806187720543,458.96853686413976,0.060623758596010546,0.0004752030549075058
46633,-4.774626243431527,-9.785306250293292,5.187147596790494,1.0636363627828143,280.9459106202051,1.6649320010681077,0.0004754879374252732
46634,-4.99449918179672,-5.540286495205374,3.041618662458042,0.9480700760318773,226.00516089036273,0.884749915623753,0.00047553348897878497
46635,-4.359505048335283,-9.97070612489397,5.0303570600975736,1.8626077801521614,447.59710216805337,0.18875414335555263,0.0004755400593123093
46636,-8.127803165025204,-10.15388784406263,1.2941862148433176,0.9222452644304024,181.6936118057265,0.7383226564927581,0.0004756393241860114
46637,-7.522978786581879,-11.981269770354208,3.2162550457730545,1.1212088168442647,237.64210515770444,0.4621839354533055,0.00047566131414986633
46638,-5.309859813089502,-5.0142258882698245,2.397923311901968,1.0692979773146023,282.70842103551604,1.0213803987499057,0.0004757503307851103
46639,-9.659914843674697,-5.79598352753122,4.1985232124537974,0.7145826346473649,160.58779299325693,0.4829001375755322,0.00047578763253762073
46640,-4.233425090130011,-5.977825639776138,3.6342894664464906,1.329993636815154,327.62460243022804,0.36434140219259437,0.0004758392606932618
46641,-5.853394048322321,-10.699224283367535,4.659750038684809,0.8752100727118669,192.9011269501328,0.9003063199840193,0.00047592453656317856
46642,-3.96096664771012,-5.967805300474598,2.561126541398078,0.870196764629571,229.48650824973853,1.2028893397170366,0.00047594857645295543
46643,-5.446381232653568,-5.328908057394789,3.9871876379611524,3.092217321856739,505.7505117808888,1.2846299329647133,0.0004759586215058165
46644,-2.3437613109187208,-11.999440794636666,3.9025081683465754,1.2840965675169385,315.1911455190294,0.6296052841218289,0.00047596341225454017
46645,-2.3978289187911495,-7.734168624618069,1.0734265532259786,1.09859679536466,267.7888881141459,0.3260788592386126,0.00047603627477267417
46646,-8.137185596307402,-8.819957802856088,4.182389389602297,1.1062111649237734,468.08057120588904,0.7197936277146537,0.0004761281268449346
46647,-6.775051879277732,-12.645699269247622,4.045117434574217,1.8003614906505487,468.1986801622216,0.47978820447413373,0.00047617526275951354
46648,-2.695305366022617,-7.529470812199741,0.39495210863924946,2.931612882760992,245.49600401440682,0.20634492878952226,0.0004763295947378952
46649,-3.0004791749933135,-6.380131905786067,2.2667250909359913,0.815087988560843,182.59025056006774,0.35906039430112635,0.00047640025271570744
46650,-9.104037252658475,-5.489670994571374,5.170230517406809,1.8406853057666468,468.44048483950945,0.07875947230032754,0.00047641673890610656
46651,-5.553707354674022,-5.473585584587606,4.455190914303918,1.5053579130979609,255.22310759070587,0.020177749375084097,0.0004764472174810995
46652,-4.604801874290901,-5.832243848314936,2.644039042723264,1.6990790404815233,467.71913666941236,0.22802103689309927,0.00047660242301533594
46653,-3.3699760143917956,-6.059358158310729,2.7719362443968465,1.1037593407986555,233.74623029055508,0.6376117740801375,0.0004766111290560056
46654,-2.1922420452571387,-9.55876339800453,2.173548540195419,1.240720214558209,311.22707417830543,1.3905378265222277,0.00047672728405531636
46655,-2.680995878641946,-6.935372836533175,1.0404567671078413,1.8366685320754423,438.61419540360595,0.38507605414691515,0.0004767993942490394
46656,-8.580991689160237,-8.205962529237027,4.224630642489657,1.2099029243849488,305.12654848017297,0.2898382554416994,0.00047689740756746957
46657,-2.3118782936067017,-10.715221921012748,3.297098428047691,1.823273606664267,468.10323303381153,0.36835111370800355,0.0004769426920845524
46658,-4.887842503587897,-6.905609674080842,0.41241904642271304,3.3509455605913154,506.46927483684726,0.35628141196977126,0.0004769746047661446
46659,-4.8820833306252975,-6.196462366493875,1.163417086257766,1.0657418715164904,277.6595551876445,1.7678697326018211,0.0004769846249814476
46660,-5.483161793479079,-5.046719540238036,2.0056415057903174,0.711658912519189,158.2099735020046,0.9596841273884751,0.00047704402717002457
46661,-2.1954388117390984,-11.81439703418485,2.249378835718897,1.7100163450558337,402.3329636194381,0.7677766294940396,0.00047712760034936727
46662,-4.364858650053421,-5.941881468485312,3.5148522678978735,6.189427005155846,660.904453444585,0.2642308785668819,0.0004771778474788387
46663,-3.1292135930565026,-6.500992143895675,1.360603622760299,1.0029108751789222,468.4713583679704,0.5854160116926082,0.000477190013631627
46664,-2.3865626461411917,-8.90431833751741,0.49230594919196496,4.5641624349418475,574.5024113501844,0.24173236571368495,0.0004771996085803495
46665,-3.38616387319715,-11.231573673104158,4.4181708536910955,1.748366167609617,413.7179595315896,0.09521520217121182,0.00047729240890022394
46666,-9.881917422379791,-5.0202888191845645,2.1281519092485777,1.8700278531131724,466.99022732901005,0.17198660756147088,0.0004773187270911467
46667,-2.455942141014993,-9.071354861928725,4.555767235672633,1.0338652229709817,244.5398580475272,0.28203033110619025,0.0004773388910487244
46668,-7.902414324250229,-9.272149559466309,4.050541557353681,1.7573696927958298,468.71829904999845,0.2469896009268835,0.00047740303390948156
46669,-5.309000583541541,-10.234652324057993,4.8873832336713114,1.698298365764176,398.953328604652,0.4261512841491202,0.0004774183817253482
46670,-9.32627718478456,-6.1776795321639675,1.057596677341586,1.0510846980821342,285.1459663251334,1.048710986779155,0.0004774629470498895
46671,-3.783652808459701,-6.046920699204574,3.6605071064109156,0.9544086789528459,267.9352773655081,1.2278524293559343,0.00047756003316004646
46672,-3.019328754553685,-10.410576729963978,5.040427095765438,0.8751155329818827,233.82019134770817,0.26512181246004296,0.00047765967929830946
46673,-2.721368802818567,-6.911893534572466,1.810055963172269,1.4714759590948738,334.82132223339477,1.3676088086001874,0.00047776963169372257
46674,-4.140254462777127,-5.92302084649078,2.619734081669974,1.6178361513692365,374.906124169034,0.782348470962515,0.0004777828675522636
46675,-4.744422941902502,-10.930759759743804,4.536962609314508,1.0596036259453567,228.4553874931369,0.4255364138163431,0.00047788098523200066
46676,-1.9371111664233513,-8.913162894891634,1.267141868307113,1.109363787637296,268.13915149602343,0.1294179017594379,0.000477978572980603
46677,-7.214982107533073,-12.111417095667143,3.6959406418694414,1.8884491338638014,467.76135856637825,0.3522909768739879,0.0004780857393443337
46678,-7.707498785947432,-11.217710822301674,2.9662762348126037,0.7811949963176271,161.75777388684372,0.08854761932384037,0.0004781307055238795
46679,-6.038009149872712,-5.179769046727233,0.3153596391332557,1.004107688177708,468.58726545675944,0.6503495958764738,0.00047827245789011327
46680,-7.31464629133683,-9.575622290880789,4.689479293469539,1.0542147448697272,209.4676050863544,0.45988272798847873,0.00047830028227071773
46681,-4.549636325915683,-6.190296120659599,4.673242073837063,1.743047674449297,298.7033385089483,0.1476317346800844,0.0004783141900945839
46682,-2.851542733451713,-6.960318119181787,4.670370312230154,1.0633573030888264,210.3924283239954,0.517633002276292,0.0004785431516702424
46683,-9.856269751519044,-6.599973979929912,3.65554235854873,0.9552439428602386,246.50070640707,0.924903812817198,0.00047866522516346673
46684,-4.614994881978108,-5.840907680748186,3.4706575634487917,2.934911609223882,493.5159896264857,1.4544128892550523,0.0004786811342351374
46685,-2.793937719054192,-6.7902358133159835,1.5702090380744786,1.8040363379929754,469.3119168890642,0.20185153173766057,0.00047885650811121976
46686,-8.316118195227888,-9.405331914925942,2.6007811330861594,2.5364885444413336,455.59208558431254,1.1735598391830786,0.00047889619032772925
46687,-5.436605753250812,-5.6325606503942645,4.401411840496561,0.8308574004254597,467.8672545752879,0.1991848211168561,0.0004789817444196816
46688,-5.3590352227629205,-5.418747307530436,1.6590002166906885,1.9464244783074631,396.61897957219855,0.5866419779987355,0.00047898534217114116
46689,-2.054858817099573,-11.920168077986817,0.6424085894394668,0.9932279531655746,469.0814657103746,0.14149939994491234,0.00047905793472428974
46690,-3.652098804982388,-10.890541655857806,4.529422996346515,1.059124040871697,284.19904395756106,1.2572055719432225,0.00047911108806096466
46691,-2.415162553498492,-10.599007015147919,4.714131575816478,1.2686166166294548,293.8569863944478,0.3499179657328977,0.00047912177980171273
46692,-7.303909250508304,-10.751945256477255,3.91855703115183,0.8891130003124633,467.73088080344974,0.7811641820449733,0.0004791500927241799
46693,-4.960820415358244,-12.99199985227222,4.214486532346541,0.8039526072741222,467.84175864069397,0.0467285959092667,0.0004791896863616718
46694,-2.5513072257016836,-8.016288928320488,4.364864912412913,0.8809159441111544,467.6226561540257,0.7956937704628126,0.00047937240227531407
46695,-8.757074948802119,-7.892057620452009,4.393339090046697,2.0173802840008874,392.27952902404905,0.7066988412485573,0.0004794432967087584
46696,-9.765594666588049,-6.6270801826546695,1.9914737717090643,1.839403685781125,458.89827394235067,0.4894044797253425,0.0004796225485217373
46697,-4.48468056436758,-5.8557333519890475,3.326467836942102,1.9176431682208726,253.57036068326397,0.07195306489887177,0.00047963727461480414
46698,-1.6649553511775235,-11.969068226687874,0.9675437612016635,0.8230236462062877,201.4498395533707,0.4283885640972329,0.00047972532084866824
46699,-9.65046962383278,-5.811352972704171,4.211331982205625,0.8928493846081691,254.81766371135214,0.9221839690518641,0.0004797687263961201
46700,-4.0548927329500835,-6.371375848367979,1.5677186324177934,1.040633594100614,301.4525562706468,0.5350892143928307,0.000479823927391315
46701,-7.78603058433118,-12.385068773220159,1.0175446069123373,3.270523181159646,517.1930266349667,0.9991195504373334,0.000479895299857014
46702,-5.097566569946197,-11.351586282862808,4.426279793198082,1.06353817223196,252.94537465677493,1.268500713960746,0.00047997020216212566
46703,-2.3900060775553342,-7.924802587705416,1.7797256048501864,1.1433107738886186,467.54972510811785,0.5646810452958215,0.0004800248796948874
46704,-5.08888615828449,-6.6739451770074885,0.5173714666260104,3.5656844848798444,526.5375456334123,0.23754980659090918,0.00048006929976200636
46705,-5.3184840057742635,-6.296184307863617,0.7588669981707454,1.7385206219752958,376.1221825306953,0.7571097023476465,0.00048013019020201456
46706,-7.654474120656982,-10.746210839722675,3.3099594158248267,1.3303036092656095,320.52500437263836,0.34997418212455234,0.0004801492966031025
46707,-4.533703314653708,-6.035212785781942,4.064724018813277,2.298661638781371,421.9573974380737,0.6231126782456533,0.0004801592118306296
46708,-4.789022882198907,-5.781150649467625,3.5722733419176063,1.0979219554586765,287.66260409207064,0.8310362126709334,0.0004801642242546836
46709,-5.595192928150628,-6.098995122279192,0.5444532202529618,0.9982025288787147,467.654927907246,0.3477246054089074,0.0004802162853491977
46710,-4.94032469599897,-5.645188698631806,3.468342239613399,1.9062703970850743,468.60182327672857,0.39469055221830196,0.0004803204284214962
46711,-2.094503436003433,-9.0773699526888,1.4607429210390437,1.3171150280994408,286.61072843219,0.7662806587465889,0.0004803661289569774
46712,-3.0531048294034324,-7.312909415019308,0.4268237040182204,0.733620662344363,465.89698294799666,0.31177334041643867,0.00048038796580369487
46713,-5.4950029457043685,-5.080212285502618,1.8863179993507981,1.0225530704003944,467.773097007608,0.5937057673773172,0.0004804886328268128
46714,-9.400054907663854,-7.688054308975926,3.1017242532167835,1.87624993265633,469.0706991503635,0.0126562453331438,0.0004805416163997604
46715,-5.592079653018921,-5.863696524549985,5.117567432772921,1.8253308591318158,434.2910180434894,0.20837743419088017,0.00048054995520366783
46716,-8.092835913617366,-9.980887383473203,2.5773287652787102,1.4982260527886673,319.9776211303716,0.26010493696559855,0.00048059319245526497
46717,-4.156794851874077,-6.337499655893446,4.892370744258521,1.1215281807433497,177.26110153514762,0.1645916151672786,0.000480699198095212
46718,-3.158375944300933,-11.094463387651993,4.547313900504772,0.8975449656193218,467.75328661343354,0.47318881927532974,0.00048074579223275946
46719,-5.37016867751974,-9.816863815086261,5.181114649032866,1.0918502209775025,218.0842204099579,0.6822203463591006,0.00048095503620303735
46720,-3.4590719482106493,-7.325184276605572,0.2324918965349382,0.9106168550347744,258.7281197761934,0.35047350899400076,0.000480972077564019
46721,-3.656179767535451,-10.22039064398339,4.8424044678784774,1.6499503057817488,468.1901969637043,0.21298209697102788,0.0004811056991201849
46722,-9.465749692283417,-5.339692543578539,4.519994717762972,1.174589993528093,468.1052772385053,0.4200510083421092,0.0004811192063598604
46723,-1.7737875621928048,-11.39747710011643,0.8149536525416047,0.5911245798152368,178.79495708878687,1.251719246310273,0.00048119329200789555
46724,-3.587856947285677,-6.149706142866757,4.07671091152218,0.7317883051178795,142.4015972117828,0.33194920526385285,0.000481218544308563
46725,-4.8079604225418295,-6.745095146738405,0.659841934114007,1.8059279029319866,429.09902443933777,0.4678879830111162,0.00048126161081648927
46726,-4.8864326895677905,-5.809764518990689,3.884815306593847,0.8689423079291245,468.42472513622306,0.8245576990633454,0.0004813714238364647
46727,-1.768694069303626,-10.386721661202145,1.2265243968723065,0.9184276730935986,216.54671910668,0.48196481223549537,0.00048141303489119294
46728,-2.4619579895046346,-7.626986075115692,1.420212765639499,1.26197013075865,270.28483357212303,0.6834665320201543,0.00048149889440962526
46729,-4.55486384405948,-6.418813836814082,1.0748807753358718,0.6200888788480211,191.07232436768436,0.8727385676671622,0.0004815577425551498
46730,-3.7059985422384116,-6.2791544138901685,4.593320410780543,1.9100830272108253,383.838930068713,0.32691265887178744,0.0004816447770346209
46731,-3.2246355162810527,-6.367429107172308,4.651978454773728,1.126581912087145,325.5810337809431,0.04606598692719466,0.00048168656836897325
46732,-7.633485201402435,-10.092919822966888,3.7606969025158667,1.1115249972497627,468.0601272223105,0.8757692277402862,0.0004817169940682221
46733,-3.3264441688445077,-6.0263102324641356,3.2951062965612685,1.2603955211936155,280.1883944352027,0.09903864988772249,0.00048172180660310403
46734,-3.2820428747113635,-11.279905326199477,4.413096368473411,0.8816837093639528,236.08065166643303,0.6186975135694475,0.0004817798723973968
46735,-4.852237969104213,-6.190907014240094,4.90756162718553,1.3884146243429372,467.84552555557383,0.3871514758731385,0.00048179596344483805
46736,-2.353780707917789,-8.429349045159064,2.9229205580322337,0.8581647990622887,235.84854374031391,1.0974598068447081,0.0004819364477968593
46737,-9.88455903862943,-5.202200203195393,2.132652899910312,0.8880917677027299,240.1057614640619,1.0440927118570729,0.00048195057234915405
46738,-2.4069738625582717,-7.712495137505496,1.0669744381691375,1.7837704617316015,377.91844360179675,1.66419707569713,0.00048195894823134224
46739,-9.310589706292403,-6.344414408106796,4.810057231294485,1.8761189426465579,467.8997286873428,0.3173336757784817,0.0004820934964937188
46740,-9.351168321786446,-6.7225493602697455,4.6136013686696815,1.1135051500431414,468.10112626321643,0.7313214571345252,0.00048225046813348894
46741,-4.895275621392869,-5.668925206038343,2.1808519672933517,0.9093759339791748,184.80554633702437,0.42785795367281665,0.00048243901704227843
46742,-5.670641548239997,-6.297315703152588,0.374668455809112,0.9200231948361639,244.6994061427518,0.7005434689814569,0.0004824751209631658
46743,-6.13150561459865,-10.926626548491189,4.549550717284398,0.545555118334956,139.3896059102712,0.8235690327357865,0.00048249080471581907
46744,-7.094966803431687,-9.628608986283389,4.876686004080586,1.0728667648469696,330.6355089701006,0.6869182238400979,0.0004824923500387187
46745,-6.926232512847212,-11.392914473336727,4.109323693502545,1.2618322578044388,266.50324319936163,0.5886381413395343,0.00048256429976727973
46746,-4.918335382071134,-6.011758593535515,1.5955237439600176,1.8012439554699173,470.2989305541399,0.021437413831951524,0.00048256935390943477
46747,-4.57768863347623,-6.0613294609595325,2.023206611341148,0.9546528877936167,194.96753476996895,0.513900488106267,0.0004826017218653221
46748,-9.51551249405339,-6.692180591917704,4.327402217375249,0.8687137632122164,177.94516314025302,0.4335152475309938,0.00048260286418133267
46749,-5.073941816147608,-12.52784224279636,4.245579876362932,1.707221896587463,401.8405187352192,0.31757142688828743,0.0004826762639134239
46750,-9.800722198374684,-5.053797330873624,3.849918679500233,1.0502001239358993,283.2340266913956,1.0175308806662695,0.00048272273728137483
46751,-4.852735998658283,-11.67959178388713,4.342298515889603,1.0906288206856636,467.46173107228816,0.757593660168868,0.00048272495950294495
46752,-8.425613659160664,-9.219589918454806,2.4907448960462033,1.093292753519181,466.30790709548666,0.09346882392207156,0.0004828441815641337
46753,-2.5084918783470442,-7.547116123305029,2.050369821102585,1.0961579634254532,231.83379610145744,0.1402483032661488,0.00048285073865822356
46754,-9.198090906376452,-5.519758951627547,5.002245834191433,0.5566493053599995,174.17627646069778,0.5112852092656723,0.0004828612967293835
46755,-5.0520243356852035,-6.066742253057203,1.3409645903329213,0.9778127889646506,195.77259965569976,0.8598041376902135,0.00048295047357417895
46756,-5.426108192361637,-11.171730862184244,4.48159939442304,1.7939193885147577,428.56691981376616,0.7582628256483765,0.00048301744686787823
46757,-5.4599689050354705,-5.328086608055771,4.043622359725098,0.8085419182476896,236.00745947443727,0.4285992264290588,0.0004830805470250571
46758,-5.158166045801905,-5.507096049905593,3.3465757207767983,1.853644192513492,456.20489935754534,0.3931754440402866,0.0004831028728943201
46759,-3.7249702039386703,-11.530938295504633,4.345730389075778,2.5553810360424376,447.35046799622535,0.2454447305222578,0.00048311428094863305
46760,-8.51048247676461,-8.969615622557068,2.767363397741987,0.8012193188758416,139.52907458533826,0.11110456606672425,0.0004832023738667151
46761,-7.486679088161756,-11.815741529212715,3.3132428088067503,0.9433804554434564,261.306616523269,0.924387668654373,0.0004832074116815085
46762,-5.433276129007101,-10.015442987146978,5.0303001076032725,1.1619708554290151,255.43328233727763,0.3288789296016734,0.0004832111541346392
46763,-4.772622658567288,-6.66741074459222,0.6962789206174512,1.9133069438166836,468.987054272096,0.6016339056406848,0.0004832614581398083
46764,-5.8766574442923645,-11.45189489014215,4.415910633949784,2.2292784145628266,425.72068277983755,1.2036918674681196,0.0004832777994579249
46765,-3.6810797676495097,-6.409305210510655,4.993395346289796,0.9245419354327682,252.2074952315466,0.8253746729155322,0.0004832930526506344
46766,-8.469920443673978,-9.278788744273633,0.7333989145135271,1.8695318140953074,467.75208251678447,0.2600777452418246,0.0004835431649319898
46767,-4.45889927355411,-6.036155854618738,4.052247422343326,1.686275950232955,469.45232965081465,0.011714476445365385,0.0004835561031986982
46768,-9.48962031231747,-5.198962453671532,1.5276994783657751,1.1131259580099997,283.6841800705454,0.7599644060223536,0.00048375478142709624
46769,-7.490334194959454,-9.060810261209774,5.004031223088951,1.80781115705958,468.67613839917334,0.4297718350080846,0.000483860782826975
46770,-6.074914430049382,-5.346035961059154,0.14833432585829093,1.1420189416644648,253.58718477733137,0.5952067791363218,0.0004840238522074722
46771,-7.904450479759187,-10.992595830573643,2.3137732629528407,1.0457372607778863,208.2697899920436,1.0582563766471598,0.00048403659856524156
46772,-4.09768802935671,-5.938911064353136,2.9644477195805736,0.981632312830046,253.9314576673697,0.14485476537759823,0.0004841049836227781
46773,-8.068629256193995,-10.619812791850064,0.7408699511855741,1.1145268938467139,289.6805215256916,0.5577539695389975,0.0004841300950670555
46774,-4.932454164846188,-5.830151436256759,2.0133442340817784,1.1693342425766986,468.2682786962369,0.7922073787100343,0.0004841331445910761
46775,-2.4146676082223975,-9.410723984017801,4.32000207567957,1.0692767266833647,213.3683290088944,0.9137619065845319,0.0004842015588884016
46776,-3.51402658643123,-12.905668240475368,4.1800864561051245,4.212890595330139,582.1599158754577,0.9532999527335715,0.0004845965214936345
46777,-5.886415901078735,-6.555999161455006,0.009731520978122292,1.276760717729046,268.55353121922917,0.07384436779665382,0.00048464290426868963
46778,-7.743957086576744,-9.096048795992013,4.563306177772455,2.469530731706493,448.6527778237831,1.1715132559789927,0.0004846602048317602
46779,-3.3176217939859693,-12.348393852161907,4.225932070130482,1.8464990439223943,452.8342230657294,0.02903732782644841,0.00048466049170871914
46780,-4.494404059700429,-12.507930281610728,4.2258213838833445,1.6175902091655634,468.0498367847976,0.7023101171727371,0.00048471252346196436
46781,-6.917396343613401,-10.89163951549186,4.261498655540586,1.8181106613288947,432.8490787649808,0.4600511512174128,0.0004850463984796795
46782,-2.9867750288485126,-6.634335618052169,4.505876511266927,0.9991507458293692,203.45969341819486,0.7041858929140998,0.0004850518739269908
46783,-7.9446174850559945,-9.069262323901174,4.221089679194243,1.1982009638612412,254.25545810929637,0.8472955972876441,0.0004851331371495308
46784,-4.263855770212432,-6.734678776928983,0.7890844970697577,3.0786425604719545,505.79381599393065,1.4890614935581228,0.0004851826029053531
46785,-5.6243043596583,-5.280846294909983,4.359519776314159,1.6612867053752396,420.2417421228994,0.34610161186931077,0.0004854370198299299
46786,-2.262366251444041,-12.077361871275825,2.68365392142781,1.0654966013024008,273.5997099326884,0.18113475374497856,0.0004854510566984654
46787,-2.097622833158429,-9.656756367251024,1.5638712890862096,2.566162087933972,450.2890104127696,0.7236415663334208,0.0004854969792260295
46788,-4.633384633962507,-5.839042590599064,2.3767579886601826,1.0366014141461666,218.75849022121906,0.4745503579631718,0.00048554598101453625
46789,-3.826354903937518,-10.97433415438643,4.497147183610918,0.8470329121588208,467.9016310676206,0.2790050951763474,0.0004857021528846005
46790,-3.8150623074729406,-6.120798932906002,2.1270925044261078,1.225669475662233,140.9431315678547,0.3099989383081736,0.00048582305691972883
46791,-5.107143792189829,-6.6954594354851205,0.5729449622992385,3.6563655118634975,540.7800419055718,0.3371515103083391,0.00048582893771218237
46792,-2.2935508646990224,-11.522700642418538,3.0734648301115826,1.7032200328426668,468.0789617315195,0.20441425469488017,0.00048585171652846133
46793,-4.677101765895577,-11.001471288879163,4.503949816151633,0.8928340568969432,246.59578680692061,0.8194312145543305,0.0004861241721008789
46794,-7.142523378586463,-12.831624042723787,3.710726414899072,1.4964671950032198,344.2765094092593,0.5639837127521439,0.00048615390491147086
46795,-4.06152603001839,-11.526356636634794,4.347799891071688,1.6985043432980567,326.2013757612874,0.28054996832482537,0.0004862093095647532
46796,-9.99913017377731,-6.537857259423277,2.689482343680299,2.6054277234494307,465.06709008915675,1.5591179427077648,0.0004862726073153195
46797,-4.663106055493406,-6.272345043741103,4.899881843656076,1.855599802424468,468.02477001500625,0.02916122002967203,0.0004862935832330956
46798,-8.89959801634426,-8.487722699783454,2.146735748671827,0.7153928916104219,182.9641769486036,1.09823714725733,0.00048631375697686627
46799,-6.558931537627526,-12.91236189277129,4.125067340218942,3.677196021748021,406.09669569581354,0.0050740962358890584,0.0004863603179374745
46800,-3.7082032480304328,-11.255085743086008,4.405828226986693,1.6621789621544398,348.1443684405281,0.3928263224746642,0.0004864432507455762
46801,-8.797130820568379,-8.063786929433817,3.976184253389901,1.4570592185346796,334.52818091317585,0.010863209211493086,0.00048653806317192457
46802,-2.108160931497654,-12.444359844520287,1.6921221298960256,1.4045722357032868,467.9674783736552,0.23057183090484035,0.00048662511945822963
46803,-3.556569856750337,-6.103887845526738,3.811635888308114,1.1915125773912973,467.1278615960194,0.33689013134362167,0.00048675593921430183
46804,-9.782103128562062,-6.965574007075939,3.4933912111218812,1.2025881638159053,256.8820818402629,0.1308411782149781,0.0004867948176341133
46805,-8.995469576554859,-8.18086315990032,1.2785724360051702,0.8065142202618532,470.13149059796945,0.04636974204929967,0.00048683345168450994
46806,-5.248862883571226,-5.597375033649743,3.83629855135374,2.4402347317913335,445.620942922561,1.0970481031788628,0.00048694952895895024
46807,-9.944935940000665,-5.671716412449704,2.3008025819191076,1.390383694482005,330.29393372220585,0.2775928354630537,0.0004869544593898776
46808,-5.696374764790511,-5.009996980262341,4.205539831604274,0.7972245782204276,470.1168063507151,0.22989927476246486,0.0004869745166922487
46809,-5.9099577326273565,-5.4729323325088,5.174612859160241,1.2470669603632853,314.86578501535445,0.47350980401889053,0.0004869816105774325
46810,-2.769978872700011,-12.070180116433523,5.141073209858975,4.500472463936925,596.692377005015,0.723855150589487,0.0004871208883359295
46811,-6.065840729905796,-10.07179138756189,4.984428690261327,1.6852739040052507,356.50525165448715,0.9659647256751009,0.0004873228402537973
46812,-3.2440411457361096,-6.2371582886965955,4.187852931618891,3.849597096733668,560.7119347909021,1.2233255531067195,0.0004873456895140263
46813,-1.8779707391501788,-12.64184173702436,0.7724121304602993,0.9010076754225299,208.0950393251451,0.41500705990851117,0.0004873663237646427
46814,-9.065571203295075,-8.040704966856987,3.255190174359903,1.1863122058148268,219.3126154733573,0.0626787240159059,0.00048739365869699026
46815,-5.288150165340028,-11.25253610074251,4.451580906274156,0.7529300511745641,180.90221192084798,0.9901352412874287,0.0004875085871822943
46816,-5.465418888210019,-5.057587975930104,3.6294755066320556,6.369953704775604,636.4701568012116,0.20391721629835402,0.0004875336163496147
46817,-9.332255093359105,-7.168961231875162,1.404790552820482,2.0554592810818777,411.67547569361636,2.140351778837032,0.0004875409907280719
46818,-5.498063616068895,-5.010080407844525,3.4816541698715606,1.140112442568839,295.16690332652166,0.8684120128413388,0.000487612730490874
46819,-5.329166294387674,-5.558763962400543,4.104383460049899,1.4620685825741395,335.9167110860461,0.5156491274262285,0.00048768081312024897
46820,-4.86364304843332,-7.2043178654898234,0.20555061783729092,0.8713404363113552,469.75479265929386,0.09387138435915876,0.00048768296216812634
46821,-2.1061441525503275,-12.0867956044843,1.6727871648252797,1.0673143523988162,468.0858266129905,0.7226285839573743,0.00048773024816434494
46822,-2.2111981497885633,-11.439975648315592,2.444745290011928,2.104004483767438,414.9572086403732,1.6924876181354342,0.0004877384405569552
46823,-9.766821815365805,-6.423722765321093,3.930950406123278,1.0143647225089292,467.20216756413487,0.8068500207588398,0.00048775932446657377
46824,-3.4011690010451234,-7.493593413150856,0.10006963875554653,2.91016689777574,491.3627209075216,1.411408474772884,0.0004880126059601662
46825,-7.493118732607121,-7.642788321311382,0.018372940690778102,1.1694955357256378,302.98766282925686,1.7011483321855545,0.0004880385928282904
46826,-2.6730239309357176,-8.278811270728731,0.049722886057075595,1.1055124379461836,468.08258567712846,0.8791728932855145,0.0004880489312092664
46827,-4.210034904199402,-10.047266157471839,4.96443744173671,1.1976665774217008,467.9585152561886,0.6074297800253534,0.00048809361125558504
46828,-3.567176181969879,-6.381741034424291,4.895526184752684,1.7928870253005336,427.91242807871265,0.48190639468568097,0.0004881354553219227
46829,-7.691216134751541,-9.224727323232148,4.49789114437013,1.1108569514518256,468.0728667143338,0.715288073293924,0.000488202749558829
46830,-2.5996619734015445,-7.265564453231648,2.6756047343883442,1.8178450114792302,467.58633449373946,0.6449621506912129,0.0004882186703364701
46831,-3.1405890312100286,-6.150118700864497,2.793558314944591,0.7296497337728062,205.93004807252646,1.114181789695004,0.00048825407860216924
46832,-6.3398436007703065,-11.888509293541606,4.284549659184762,0.9233162003488229,256.24926480452245,1.0721287434859912,0.0004883006914987256
46833,-5.1788143209892965,-5.467365038651205,3.1913554500789867,1.2081220093715346,131.66218324159968,0.36099173076454427,0.0004884177899027601
46834,-2.3001567777433642,-9.958599226673696,3.140055345884126,1.4933275370914052,466.6809621378804,0.3988205080932312,0.0004884450133710769
46835,-8.434596776508672,-8.531689413473096,3.960800727467739,1.1905133865098765,284.15565455212806,0.5405256472556301,0.0004884646014116038
46836,-4.2002074441855894,-12.047460727209264,4.264501897820385,1.608459691247842,444.20139627966245,0.6174389744861903,0.000488482628454166
46837,-2.2314041412195262,-11.049070982479911,2.462727413844626,1.879596919520415,467.7203189174443,0.03925705608076768,0.0004886901294979336
46838,-4.916837020566929,-6.179315966581839,1.1586862003682816,1.895835790938788,468.7193264670997,0.5989817257846584,0.0004887247921055605
46839,-7.414951725636815,-12.985720688018612,3.30801004476639,3.462782278593181,516.4288378480655,0.4188001174034204,0.000488725384819185
46840,-4.842360596599144,-6.08294139532775,4.550669868137078,0.953684114584852,189.01729016679786,1.017811481789801,0.0004887575621302382
46841,-6.780949686033112,-10.184508121158633,4.694097963838831,1.3845768882549128,329.35102676013963,0.23343073626633704,0.0004888150652386015
46842,-8.3981972149931,-9.534891950252327,0.9725024068405259,1.7239943898537113,468.6234942385773,0.8351543270904482,0.0004891454158409218
46843,-2.3475750539957083,-9.42139179198978,3.411382232097185,1.3390171723321145,468.2232804498706,0.6126032073136765,0.0004891621387558226
46844,-5.229921876756522,-5.27674407310274,2.1998898212069804,0.5447944296616721,148.43695731121136,0.2515736774845312,0.0004891972596710487
46845,-4.854933886450223,-5.64325927594577,2.5979849337217567,2.583640676411753,464.98144010454286,2.0869003535396518,0.0004894020460837853
46846,-6.759022848732859,-11.281995526729325,4.2446368664877445,1.0521322938036068,469.8313985588718,0.236520110032707,0.0004894322681019269
46847,-3.5841800148209106,-6.959195470761776,0.6098056107099391,1.006199483340697,276.97649930950115,1.4625956020134083,0.0004894544089365586
46848,-6.681918637637565,-9.882191644554823,4.958852628246057,1.518521624578549,467.81013567782117,0.11969272169899714,0.0004895648991170504
46849,-7.479073935717535,-10.444590219301089,3.7986648684261892,1.9149033724533986,468.9924439990894,0.6014427123282013,0.0004898452472881515
46850,-8.236524946890945,-9.390544861242425,2.9606053813807427,6.365132125300576,608.7907191752155,0.15710935232405365,0.0004899572094007509
46851,-9.029344860209859,-8.128593838211337,1.3512199671292757,2.2613572368906443,431.2019752706804,0.41647739266292216,0.0004899602459221913
46852,-8.960273631434013,-7.984305138375359,3.71926308544635,1.843125077368144,386.2979704848383,1.7793875596233004,0.0004899902698755169
46853,-3.034549010983466,-6.3248678857557055,2.4484460871573708,0.7077671374576844,153.32232277407658,0.06515759710231706,0.0004901956851203237
46854,-9.101636238413565,-8.084622149985726,2.9413449725352563,1.1825629461127616,268.4998369846449,0.09291190678867434,0.0004902150324789455
46855,-5.769769768582717,-5.414929847938517,4.799102017884054,0.9829121205851999,467.9917911787647,0.3642293677358941,0.0004903950674625766
46856,-4.4133791691941315,-12.46188669311362,4.2241144901222984,1.0298926457414945,206.77879176664675,0.647557432197984,0.0004904633105107958
46857,-6.466017648403541,-12.796888805906196,4.160236600119874,0.8524704976789143,467.86320838762686,0.4135590628482566,0.0004905467838403624
46858,-3.8588338891264504,-12.460741943657922,4.214111475651287,1.702491200537359,400.5996446481522,0.052474522873056983,0.0004906882401032169
46859,-3.4211503686468,-12.260061567984689,4.223785440268366,2.1584594531956705,421.3524630554681,1.7603308534418565,0.0004907698637416188
46860,-8.012089167107623,-10.878896135286551,0.6993360264423427,1.7671982771414652,416.54771745912325,0.6173852965590418,0.0004907788279614688
46861,-4.117185444526934,-6.2247031380483815,4.511717804756133,1.8247056045014411,468.5814892422419,0.8673775608150089,0.0004907885491139164
46862,-1.7761061329944212,-10.874243784810135,1.163632128904167,1.9400375197815092,397.09402847543873,1.765480847851551,0.0004909014408383057
46863,-7.892248312299039,-11.699788249442383,0.8491781548763742,0.9116092027569932,297.8548371823492,0.9225089119728809,0.000490917169073289
46864,-9.751956608071822,-6.573558283963938,3.8994978718305497,1.1716291656211353,237.8469771966538,0.44890737211257914,0.0004909571306318202
46865,-3.675357013476347,-12.256657162388267,4.23056999820153,1.317009031763956,369.13431964966253,0.23120079335878607,0.0004910005349275363
46866,-6.818622912374974,-11.649189300879366,4.125936160438856,1.1743238386451458,268.3073339382743,0.707048032008565,0.0004910252010507811
46867,-2.2890479021361676,-10.172602276465714,3.1032467395796286,1.1233454679215837,292.9831028344969,0.9028200185368709,0.0004911001243926702
46868,-4.455234979557235,-11.383759926005977,4.388385346728745,0.9321878693883883,241.79437134429403,1.0181982948923158,0.0004911839322553859
46869,-2.242989484875425,-11.2723732314079,2.641398697618632,0.7291367665827759,128.90506324935978,0.22436301762895017,0.0004913117386456335
46870,-5.02979953914997,-12.230255113022746,4.264714406277742,2.769774275192886,200.27814005650578,0.36327878322025864,0.0004913238935477578
46871,-2.919347817365092,-6.510824257561172,3.2074798721168416,1.2977312805398393,317.11263559763285,0.5240442898015143,0.0004915666494356302
46872,-8.52981889756576,-6.517546828543598,0.28179952951820725,0.6068292201103628,123.9740484370016,0.6860986848635031,0.0004915856649255195
46873,-4.800878509713571,-10.761096931497502,4.593727487557486,1.0528887492148862,233.69769159174078,0.04871535251696901,0.0004916165902275181
46874,-4.940830457597701,-10.450565979909436,4.741185207929788,1.362996801042647,332.91105271979217,0.5604183090897417,0.0004916662287030065
46875,-3.4142878319381467,-6.801718911499101,0.8048689754587303,2.183958470569807,416.7910488021664,0.6407258169780317,0.0004917012298363797
46876,-5.9242418053362815,-5.0396129495087205,4.84427255900093,1.5529935472758667,356.852794828799,0.14593156756837722,0.0004917713692143952
46877,-6.662956728548513,-11.669159364595394,4.20917202868362,2.5324715195346146,453.58866479218125,1.0677844310017788,0.0004917765851434954
46878,-7.696274767945926,-12.792343399166798,1.352920900775828,2.177556531949426,412.97056444248807,0.3814330905508587,0.0004918301494771798
46879,-8.441861684904081,-9.165648194336331,2.537961432231996,9.561367772888888,369.17186218043565,0.29284854409859573,0.0004918338501861516
46880,-5.308224788042891,-5.412754211037788,2.0330726762968947,1.0696190227059152,280.6451421415326,1.571791966103774,0.0004918385326663238
46881,-2.4371588876540526,-7.859035811450011,2.5088905808265793,0.9841600081752451,250.13187158180907,0.38345560879713325,0.0004918516914496068
46882,-4.940638318245726,-6.677055060713334,0.6281158464719145,0.8582268187116529,468.01838925978996,0.5541839272971938,0.0004919731947371789
46883,-7.755601949283355,-12.0361741861105,1.1494631705956024,1.615189448622264,469.5237514127107,0.21352284545104094,0.0004920744236501732
46884,-2.5332350780739477,-8.154133312668549,4.373600812225544,1.2249317592097682,285.87884069358404,0.13411024218112289,0.000492136264382897
46885,-5.464521501700806,-5.338932444944393,1.6142257142939531,1.095108771048477,283.602546287552,1.0314547614080647,0.0004921410065103187
46886,-2.45496670139938,-9.94539616590744,5.077660475443435,1.1789468849389761,300.104019008044,0.8914584836076536,0.0004921427067413279
46887,-5.367853440740215,-9.87981068369768,5.119870588356185,1.4270352864532698,344.5266535947879,0.13315319540865467,0.0004921506432360714
46888,-7.291753124213713,-12.99538412951828,3.5010535535168588,1.6259606645724873,339.94500065088835,0.6953629950112346,0.0004922180588369507
46889,-2.9953236933493654,-12.098055839897311,4.555332928362236,1.8970245330092794,457.5050553789284,0.6009389425017364,0.0004922183383984989
46890,-2.650409873607728,-7.21494021730443,3.5315059425414606,1.138167576870247,228.55563291380642,0.7020874283081264,0.0004923568357650315
46891,-5.19177353107089,-6.305569456955622,0.8014458592806969,0.8761310231435526,211.6828142893265,0.8802187934920953,0.0004923596726856355
46892,-2.1068558295035196,-12.442935720140449,1.6561902662187136,2.4863416563593086,452.44417721188165,1.3889537255433977,0.000492481181626818
46893,-3.622007341416924,-6.110956509690632,2.212521768692349,1.8387740615526074,467.10335578569374,0.16547054965151808,0.0004925110314329433
46894,-4.589608676727067,-12.732266363505447,4.205362074703232,1.7366284152748759,468.1145101215125,0.31424988052742897,0.0004925670258593297
46895,-8.12968709937867,-9.752289754814278,2.7550638550407625,1.4068049895740995,323.7935093145047,0.329302765632848,0.0004926197482749182
46896,-7.208854606895543,-10.729832894229304,4.03795327844995,0.8725391257255587,194.07732555518285,1.0820164569462234,0.0004926287778877641
46897,-3.490211672706253,-6.536845116485021,1.4000171774054424,5.493433299585638,272.80939228122946,0.31866066966210127,0.0004926365013368314
46898,-4.90226247649228,-5.779279455140274,2.2003256845252497,0.7534665925269199,210.37915485268687,1.3431155572485034,0.0004926466966460334
46899,-9.287424303463824,-7.920124462059378,2.3002004546101857,1.310644807137736,321.4200981393385,0.5164128450161991,0.0004926541161992587
46900,-7.302139983583154,-11.437447747795842,3.6881969969883714,1.6635773629344757,386.89930514873345,0.18756108323010867,0.0004926886107467019
46901,-2.097364669947784,-10.695337015206313,0.46998394493570705,1.5523561744454433,321.66326649862145,0.48120520770474595,0.0004927095974633632
46902,-7.350893030797386,-9.643295198678537,4.569182274668051,1.0892724762918107,281.86139012572244,1.770810284474285,0.0004927580950185814
46903,-5.799475555706759,-6.383547937613891,0.1733840388022969,0.8949212219639876,467.13469304733326,0.5759646276804622,0.0004929208426524532
46904,-2.7328246702251793,-7.38261966961986,0.45683075637046955,1.1214551525037273,467.42283822224755,0.66788687421188,0.0004929402356420494
46905,-9.556521399217381,-5.115833789302327,4.3238472605657,2.1459922916352268,421.61453927859986,1.9523183636870396,0.0004930243103027553
46906,-7.1711537192089105,-11.558375573429299,3.828539922276874,1.1946037985387483,258.0756475268317,0.16023168331060944,0.0004931240280255121
46907,-5.0304957482067545,-10.389309447684383,4.771269750275976,0.9433032151339387,184.80770093201372,0.102744978637765,0.000493161591040358
46908,-5.165170588868318,-5.47573197966294,2.487530063702048,8.931301351169171,760.3261332116397,0.32638045388795867,0.0004932686838350813
46909,-5.496374450156405,-5.260289616122771,3.9795825950733787,1.3610441092509868,468.01974257014086,0.29577297778785105,0.0004932706881229433
46910,-4.180429328510993,-6.284589555394036,1.7613605647485342,0.8987644800505281,469.0733276285007,0.13289684987648087,0.0004933052437649349
46911,-2.4972929269294717,-7.806760516108918,0.7253758799237201,1.813423232778345,432.1757223707371,0.3922395800845244,0.0004933191126112711
46912,-2.1491277312685773,-9.907927010698048,1.8338127378956142,3.3254439622716263,436.9360658674741,0.08273965421131457,0.0004933481033835638
46913,-9.953192007503779,-5.608449937299063,2.3454562365101066,1.1773047945944262,466.8408064365092,0.29497634036137743,0.0004935901135063067
46914,-5.590723389579134,-5.063558989558271,1.1659104044357584,0.4546331392635191,126.73540791603352,0.38347507182836527,0.00049368162217722
46915,-3.2466799140600138,-6.412472558578347,1.6700543553517835,1.1150709171586353,287.63875564873786,1.0574729566159329,0.0004938100864691559
46916,-6.433353228544706,-10.25372521689133,4.798572137564371,0.5647094873723744,119.72604048193148,0.7893645073206716,0.0004938115061895644
46917,-4.173158776624369,-11.687987012628135,4.314286104926075,0.8975354956715619,467.6580111692504,0.2519884022409835,0.0004939479167029951
46918,-2.3242808813509903,-9.166372410669148,3.2112803019615175,1.2894983501200252,276.6164872718686,0.35434151523983637,0.0004939850856466707
46919,-4.419651624835109,-6.056786883105388,2.058474445525545,2.136724439569983,412.72020955483856,1.0109288836642962,0.0004940393706946169
46920,-3.038890631264888,-12.171246271536658,4.468814961563203,1.8708290791836764,450.95097596768824,0.1515248205515478,0.0004941890678573879
46921,-5.540638606857856,-5.3610628905654485,1.3682126780831574,1.1539085214802067,191.5135171834374,0.13577920086478823,0.000494219937666277
46922,-2.8931011936811037,-12.651339987065318,4.716207122066309,1.4528127080308009,336.0208358465345,1.8054078226007055,0.0004942558708636164
46923,-4.946500900354961,-5.635944123393532,2.419787616076194,1.2608462916420202,284.1679048662346,0.4766232745494454,0.0004943060183880452
46924,-7.505388352730401,-11.216752021783323,3.412751977406916,1.9108389615001034,205.7740895062052,0.4437740316481458,0.0004943896585298248
46925,-2.418095732731641,-11.299143160493951,4.944310067109883,1.1543176984970007,301.4769284563938,0.6846800088333467,0.0004944873314802434
46926,-5.242255285121626,-11.038478039080646,4.505513746437085,0.7258622255128323,216.6326588823662,1.345422354149302,0.0004945932803475626
46927,-8.049865080164029,-10.314133829782744,2.247304874994106,0.8893009959274287,133.43577003931182,0.28440902394711465,0.0004946051722977276
46928,-2.724103282683668,-7.323061962761602,4.558441002197161,1.352283288568377,290.66902710586623,0.4277179938865485,0.0004946827604247955
46929,-2.434002783824864,-7.747157835122815,1.5892471634324308,1.7855583003402529,470.26051983039207,0.05300441633511177,0.0004947456759031044
46930,-1.8558018935734406,-9.967650154558015,0.933238045430411,2.1079360638110787,402.38818061142126,0.6786902206245928,0.0004947811169454771
46931,-3.2569621440968257,-11.576321496861887,4.344283441909096,1.2049516346313616,468.0699171868751,0.28879166709561055,0.0004948101809502666
46932,-7.787648859953814,-12.020094297417653,1.4900062000717986,2.29476104923276,430.3318686411045,1.1101564813885938,0.0004949554683468273
46933,-2.375501005537598,-7.969767303026736,1.7105881071709537,1.323332772852063,281.28736462974024,0.37429762122865373,0.000494959293666377
46934,-4.648845750938016,-6.8072680197903015,0.6165632144436551,1.1748276362798968,298.3598431368012,0.2726279677470904,0.0004950350927947256
46935,-9.753943439517126,-6.75436206982008,2.025032020175425,1.2484116544326205,309.92395882607343,1.076165765900119,0.0004952153792022638
46936,-3.9460877188263686,-6.110843728007952,2.3116369127644085,9.10004731832664,713.3298665537011,0.21090872919467873,0.0004953249082220243
46937,-2.4474402688256056,-7.818699485737856,0.8920562343527592,3.7761831014251865,545.8419700490933,0.5587933265111529,0.0004955854390182537
46938,-9.769918733920582,-7.0864448590304745,3.310559900377089,1.078235665115493,279.32746407897514,1.843520536866854,0.0004956125007508406
46939,-7.581374751108102,-11.333299250141803,3.221773807984136,1.049645895595403,276.9826260185013,1.7994919885992111,0.0004956299528214097
46940,-5.061697878727117,-5.560984260966675,2.3839806822063245,0.8595698085010006,468.14131108220835,0.5665961630549186,0.0004956926730219113
46941,-4.850820388843765,-5.854558637266925,2.1064182561108606,1.3928553506247325,305.4818167985117,0.9527394184406228,0.0004958460223001816
46942,-2.056328147081265,-9.541700356976108,1.4669282810999127,1.243860019140587,260.93119478539097,0.3235793820675523,0.0004958774178819496
46943,-5.640478107972839,-12.20661535711886,4.282275003136254,1.8512836186737431,441.7951951852345,0.6438810192064857,0.0004958808560067395
46944,-2.691129545213445,-7.101976872321557,0.7642274737100088,1.5241606231627391,350.01224722865925,0.8259879618225536,0.0004958873880852749
46945,-3.197795867578823,-7.349812508860589,0.3308253900677131,0.7800253264167712,195.51225885473002,0.13384305016877907,0.0004960881022475945
46946,-3.0753385100855724,-6.498807193024911,1.443873056605778,1.0821089485108373,240.3739654367987,0.0959639913540764,0.0004961467674386087
46947,-5.317789766821354,-12.954781725331914,4.216067830143542,1.1036923215094727,467.4145072705186,0.5812604216062871,0.0004961952473608186
46948,-2.364261675187934,-9.829161927548885,3.6704274213217203,1.2400901486089875,282.2859452529296,0.2980249101120327,0.0004962121671445868
46949,-5.237245079928259,-5.217168439286043,2.8815516727037696,1.1803536625071802,210.41141159556332,0.08853417489335413,0.0004962271888531345
46950,-7.482161256298744,-12.123149693632618,0.26003984586674306,1.1355596639217276,467.2563805018496,0.4527661644122185,0.0004962345651401447
46951,-3.8926464950435076,-6.703834079569307,0.9019693117844542,1.1289982642633283,467.37013093599455,0.5821389776388495,0.0004962451854581124
46952,-1.943752072831126,-9.242048663913852,1.0855790601585351,0.7891728703633641,165.1598666479995,0.21711786582541226,0.0004963330388369836
46953,-3.7220439783006203,-12.932487586759908,4.169989615099768,0.8279983669364422,181.65799758021979,0.1466283203178067,0.0004965192827296058
46954,-1.917504155523547,-11.273801474479756,1.3719225876269525,1.0932677109404112,283.06267776783136,1.7270340768329282,0.0004965328384822481
46955,-7.434871840448889,-9.773507504533804,4.336601136504776,0.8642535457064706,201.27252566810319,1.2540253307592932,0.0004966301449061134
46956,-2.2585385294431823,-8.68783171885382,2.051869210613647,1.8390025547055489,468.28196219354373,0.8182988312755395,0.0004966823508020235
46957,-5.878363872807808,-5.027527601312075,4.605475413171075,1.6676571962595712,393.02356392997723,0.5457085278658615,0.0004967375718804433
46958,-5.004058684350314,-7.082064489278453,0.23253887156023023,1.2848055407198051,318.7927118797509,0.44029962636445674,0.0004967427263268268
46959,-2.201840765519803,-11.90385962346916,2.270476150353543,1.483394815708075,335.4579655653859,0.21757011638366386,0.0004967541353598875
46960,-9.978700429637238,-6.617015120336861,2.7329353187540235,1.191917170574702,299.2683931986495,1.3736362918173102,0.0004967899712299607
46961,-4.490037735510058,-5.95886368632762,2.467885160164773,0.6853305031216603,467.40771106904026,0.3846553982917067,0.0004968214597309197
46962,-9.912044170410814,-6.27987125410496,3.5966125548460504,1.0655005300709832,277.16312795482594,1.61153428408877,0.0004968618250520942
46963,-5.711577858307962,-5.1568386062874385,0.9446520120868012,1.4043320321536872,308.356327887161,0.5003710468551352,0.0004968959895526027
46964,-2.21672352417767,-9.581355807530759,2.3072622729428813,1.138151927214036,467.22785460860524,0.4851501981338098,0.0004969208194432953
46965,-2.5395348683993424,-7.712170576769358,0.6759937090155353,1.422551292909757,330.29859473322375,1.237507083590132,0.0004969472141616114
46966,-5.150885030171418,-6.990788658234066,0.28954443539887004,0.8707553387739765,469.9180649486244,0.05726761426834237,0.0004969981174508211
46967,-7.969088543963432,-10.76878487660284,1.4947512442132254,1.5190905878140304,470.4875397428451,0.22076456348949502,0.0004970084668632443
46968,-3.125898980720865,-6.654188777203169,1.063610854364511,1.7899079123282509,468.51386680152984,0.8322818077417313,0.000497087806830528
46969,-3.797593432758375,-6.033245770384545,3.061143236041171,1.5266430935210609,352.90592931143465,0.08871544152587152,0.0004971475263556748
46970,-2.024374561785205,-9.048074807958255,1.053459724695427,1.73735290303737,408.30094772060653,0.2678442751271133,0.0004972105717707218
46971,-3.3693184300003445,-6.1206900109663085,2.196454761817056,1.7497950864764984,378.66330467090387,0.7870644372036759,0.0004972539719979667
46972,-9.660019304143622,-6.937630030208091,1.8898103822490968,1.080227635534298,261.5868982003662,0.8933900524895373,0.0004974298190565114
46973,-3.8949006762075955,-6.185004986987079,4.198639971047237,0.682294845759428,466.9023661150477,0.39601237590811866,0.000497454126645981
46974,-2.33087341290466,-12.741313723287734,3.640907032649935,1.7528339764845078,469.6868807217413,0.0019390402440837562,0.0004974896406097197
46975,-3.6905697891502376,-6.188160773675424,4.182851030988937,1.232691189718224,295.16282771198183,0.570476829177049,0.0004975097624926811
46976,-5.279310259678228,-5.553866254322927,1.8507905756632934,3.1648762712938225,513.4291842375512,1.723076992147412,0.0004975536247570839
46977,-4.1543859635330325,-6.678206077428663,0.8987388271814866,2.2405614903742586,427.6611460796923,1.3225458141415842,0.0004975612399355176
46978,-3.447406448921816,-12.514802687703869,4.198266340152553,0.8598258809144252,240.60516584180692,0.8295805704594512,0.0004976606122525553
46979,-3.0384620386339334,-6.684081781538287,4.924811686172159,1.3343131525333654,206.4211287040353,0.4662272106378742,0.0004977214277599927
46980,-5.2096510893568855,-5.252408363117783,2.818697999322448,1.043748392475512,468.87411598967424,0.7748448158393613,0.0004978889558441883
46981,-4.752812537989505,-6.959673962170508,0.43673066570916813,1.5467063122256057,357.8587208619167,0.30617103654464994,0.0004979034365255365
46982,-6.224679215859902,-10.064646903029784,4.962430753274649,1.8553835996431833,467.68217048985554,0.34828878232231286,0.0004979337805173221
46983,-3.4741284672917425,-12.669625653674759,4.1834166911698105,1.334118375142927,300.88236311286,0.4358714065541722,0.0004979446765628973
46984,-4.666132523739426,-11.377105909484017,4.387341536601221,0.9112294504896031,185.04279480477115,0.5869626850026473,0.0004979927095372978
46985,-5.631758207458895,-5.812278383869318,0.7346809281967529,1.0316858320791396,313.8509028548294,0.4933558786188845,0.000498022405763097
46986,-1.7604694713068838,-10.864018348769024,1.1951047991912847,0.9679174624532565,253.35727948634215,0.8591328080556195,0.0004980950150133609
46987,-5.271359992120069,-5.233406422902434,3.1999701483664067,1.5279555065944523,352.09871727202375,0.5225538253545077,0.0004982780030275557
46988,-9.164373898000985,-8.08680580847781,2.061900402179073,3.662563618452327,543.4752639003299,0.7844279412961335,0.0004983547489202803
46989,-4.983496657567802,-5.67319760322356,3.16655069079348,1.7643915980141018,417.7153774436699,0.1623117027598031,0.0004983560601373531
46990,-9.705438123048888,-6.873630459396967,3.780926002922518,1.7988262312197627,467.7528370159016,0.2967165887350989,0.0004985400711289439
46991,-6.66321182740738,-12.54797243676894,4.094794476943321,1.6568097350222244,388.45763598723914,0.8146344573067426,0.0004986539524669177
46992,-5.181959955724406,-5.364806917625502,3.186333588041693,1.980478605868768,399.9944896422295,1.2814381111170254,0.0004986796211221481
46993,-5.191567958716654,-6.066549456088842,4.886934944944824,1.1541882133449324,468.3365131805341,0.5121394207713337,0.0004987284481450809
46994,-4.266527154169278,-12.90758579983983,4.182307075340888,1.479871654060577,467.8503366367623,0.025069019211557908,0.0004988217129780963
46995,-9.358127151074964,-7.785172210367819,2.072633123437559,0.48810114760913265,103.16774627702853,0.15199373869315203,0.0004988532042315174
46996,-5.143232987345509,-6.587151660167288,0.6371922937421157,1.2177984969995992,133.12045673274733,0.3599135377235507,0.0004988566138094483
46997,-1.737579588944726,-12.381979672655856,0.9474436001832781,1.1034488080836344,467.29824471803454,0.3454073173514143,0.0004989988257238455
46998,-9.295747404153412,-6.175381912664885,0.950147403380824,1.5250956513034846,349.46423390261526,0.22588346793888991,0.0004991026106842807
46999,-4.449958964666302,-11.007443433329197,4.482759277169813,1.8243169267189108,436.17710523108894,0.308788589238314,0.0004991314627120887
47000,-3.6304329327759106,-6.885024840709756,0.7545521170442941,1.8716942503905174,468.9913750889731,0.46125401062661275,0.000499184220572939
47001,-1.9967824233431308,-10.155193008660872,1.4309834168225026,1.8431048015677933,456.64486381537273,0.0875124078382612,0.0004991850593823124
47002,-3.3086395984346586,-11.39622572341881,4.364937341524163,2.6748841969472097,468.9234770186664,1.2243760307183473,0.0004994274246508923
47003,-2.8983043125466326,-6.727401799602433,4.110459366684152,0.8440931506343857,467.83029151354634,0.3140633336163585,0.0004994571965988269
47004,-4.362419791163137,-6.351937522557541,1.550461198910329,1.6023862619213676,373.2607818389149,0.41894502606408945,0.0004996481236083924
47005,-5.022460515855255,-6.153410042337587,4.902878889163286,1.1409145132048666,467.57888051137195,0.21583830464005693,0.0004996944768380638
47006,-7.724497702694337,-9.78288065994725,3.8323280578205097,0.6628580674696235,468.2961852100435,0.4651715539251997,0.0004998289790842266
47007,-2.4331645023671813,-8.484228473604471,3.75413302861796,0.850158295008115,467.8820534083773,0.09735922195752966,0.0004999936095378245
47008,-2.1817025505173504,-10.228488852035799,2.0638743911761788,0.8737659944975774,212.21690673759528,0.8855009597933892,0.0005000069419608049
47009,-2.9053834646741077,-11.427630094418321,4.866134260519406,0.9421636739652945,468.0360209277851,0.03178172359435738,0.0005000390315521438
47010,-9.56940536924768,-6.270283157639991,4.332280084730079,1.1271589986029364,469.0928715930706,0.6353264545099879,0.000500066189090448
47011,-2.868937558550395,-12.63526946728239,4.773922042585665,1.6018001993610864,369.94267411771943,0.24435337681265867,0.0005000807572916452
47012,-1.9120645589249783,-12.926731189947592,1.3531946471171916,0.9944968071028935,247.29184602996344,0.9886516072251057,0.0005001218440750002
47013,-2.3415186081674726,-9.861789814624041,0.3864836801078049,1.241328166673392,290.38258226418395,0.48643271319231385,0.000500128031452044
47014,-3.6706889113138566,-6.043876619723042,3.319835907813,3.32013672416649,515.1256689708202,0.6622484211216184,0.000500156878999595
47015,-3.649384345496398,-6.27941672570666,4.454990853555333,0.7732981753661204,391.8287462673066,0.3098560841968796,0.0005002043768567887
47016,-8.496171333029011,-8.648939589845241,0.4969337961600545,0.8615783299552816,467.67288959960797,0.651192398236943,0.0005003090226673967
47017,-9.887356612679698,-6.890767050854454,3.1643985519948306,1.7260725013277598,468.073792824647,0.21056219361916018,0.0005003542856935212
47018,-9.653207314169052,-6.374980710429629,4.1462041074433325,1.4032035966176843,308.7917388397924,0.16034323368753167,0.0005004748382854332
47019,-2.4304569642389406,-9.951438251487378,4.691144155620627,1.047888796822069,467.9672732873281,0.04861904964791375,0.0005005155754599312
47020,-5.218085442797542,-5.7271260707962455,1.6278606266705822,0.5712914588328005,131.8637692971887,0.618390593396942,0.0005005431247329965
47021,-7.371018103321051,-11.031808184921156,3.6976105548189535,1.761986197960394,468.1435530192068,0.21873474273328508,0.0005007405376037425
47022,-3.2592567164815645,-7.429711164191952,0.22663866359470775,1.4449468297963486,467.8947344964587,0.06170820074312644,0.0005007472540958389
47023,-9.629396749599135,-6.43720776520938,4.177647484905686,0.7853113044494707,162.67311724487124,0.9553889288566237,0.0005007804129601156
47024,-4.004038434105301,-11.651534616812203,4.311961399527499,1.400589306788413,324.96967876270014,0.8950972961587071,0.0005008439169636968
47025,-6.101460595949215,-5.274366199408035,0.14907767051210127,1.2500124666350918,468.47338725007734,0.21945450401766298,0.000500866110588759
47026,-3.7608931431289765,-6.122460369728555,2.1031142168357913,3.145998332613692,506.99848623179207,0.9921926418655191,0.0005009323997428969
47027,-2.356233704203323,-11.4300494548544,3.9777009213365764,1.574180225643757,468.02616264136327,0.33600573890401986,0.0005009755319622921
47028,-2.6424144224537756,-7.675698140965359,4.623305864951849,1.3593935247086333,328.91654188219667,1.489327633230035,0.0005010795926832692
47029,-5.959815931627732,-11.69792041475091,4.350042174883415,1.6616534005094246,385.85071715963625,0.3930077799247842,0.0005011538829083517
47030,-5.205287725399636,-12.034144261153967,4.285103068060389,1.1177503971090723,290.4939324406816,1.154005551993282,0.0005012285227176337
47031,-4.293671212829617,-5.978196925026045,3.4867773168390905,1.111260399235654,466.2552464200157,0.08881903805761393,0.0005013422772672594
47032,-7.712186155639152,-12.36345674636037,1.1974825467942551,0.7723732634964885,160.61913569633154,0.23078403359549338,0.0005013701700023606
47033,-7.967336559564389,-9.986763705682442,3.027144111681506,0.9869106045366215,252.05487540889374,0.7753726385796016,0.0005015623114649335
47034,-7.953931589212831,-10.875291975562842,1.546040954965426,1.7599680529701154,416.4393819767899,0.48901599465845624,0.0005016176090148221
47035,-1.9453796776532641,-12.737526220762316,0.7374250637485052,1.2453729086402832,255.8920672895196,0.0724297547347783,0.0005016177569459371
47036,-6.806101029210842,-12.66591557880254,4.003274595968121,1.0836344973483394,451.64999474156537,0.25412419710791223,0.0005017117424002979
47037,-4.7836010744048245,-10.285803514095091,4.8191015665275705,2.473994170454571,451.2155916616913,1.389175607616262,0.0005017239315586378
47038,-5.30939340069385,-5.174338266890035,3.192073927666424,0.8727442967126933,169.84711016027572,0.472132087866032,0.0005017539285228879
47039,-2.310784019004698,-11.822861510720204,3.361483420367486,1.761848879635532,418.521765117604,0.2768506808919655,0.0005019020326868089
47040,-4.029537635346324,-6.0034332230331096,3.042799184097367,0.8224850324350543,234.42995924048859,1.130472544924337,0.0005020075894284285
47041,-7.580047890503305,-11.023659495896453,3.325467955042565,1.1036938624145394,468.09295595238325,0.7267033912588099,0.0005020295367946068
47042,-2.9188216882731304,-11.063515510418096,4.933433248938385,0.7650811705243761,154.1843139198036,0.5756473290309332,0.0005020696661155277
47043,-1.7828211645205965,-11.099443029539653,0.8703001588405941,1.899362736631687,468.52791002485765,0.35882580027136424,0.0005020914845656146
47044,-5.022703645739431,-5.733511151505812,3.655059609856739,2.529990790396741,454.5118742894959,1.0835669275378388,0.0005022238016608395
47045,-3.800659098588338,-11.184976772068168,4.417997259377823,1.4354708129939517,360.46148331637255,0.581904679592709,0.0005023381549736261
47046,-5.234409968498218,-6.618060365013932,0.5093293727786936,2.8096913679174436,477.5057702132247,0.8862471686563103,0.0005023873838093605
47047,-9.359100184192677,-6.823882960615953,1.3716244432552773,0.8910687399707294,467.9189032913321,0.7584765378304246,0.0005024291617310281
47048,-4.720942918914249,-5.9959673879350746,4.036470514448886,1.5210253629511676,349.8005028595351,0.8118107652061148,0.0005029316097747986
47049,-7.818509089348071,-12.306425949778937,1.8601669540742034,1.4619122873234918,450.0801635815376,0.08871284286155401,0.0005029840714210525
47050,-5.258890669077022,-11.257754286340205,4.4345347615747714,1.4327245942782514,322.03923428464395,0.7861022626497309,0.0005029998896473103
47051,-9.013472347094092,-8.290141589476443,1.665897811055949,0.6766247913553891,206.709242177237,0.878862976674978,0.0005030863947485807
47052,-1.9588072483571484,-10.988429127708976,0.7453652754753145,1.8912111749560971,369.00433931522196,0.5097159547971977,0.0005031774128609793
47053,-2.685272395212613,-7.540291798966061,4.759249127966363,0.8334393411618504,309.75775866305605,0.22032972305877063,0.0005032113619156491
47054,-8.056654392902024,-9.658543257510589,3.143130027989007,1.165466580740745,296.8770254912322,0.7686277218636688,0.0005033008138928249
47055,-5.800233459240854,-5.167854387787391,0.7214015863534976,1.0013028030145594,138.7575083601085,0.2750531692845195,0.0005033825145503434
47056,-3.8960090326394603,-6.34109615073071,1.6852240667184162,1.1207791242632392,467.33328469188615,0.7495416992462216,0.0005034881511644635
47057,-5.3230402896137585,-5.8488966988892415,1.1938235449921408,1.633169334785491,379.06971235749785,0.005911303605763862,0.0005034961714840191
47058,-4.067173756966882,-11.066826799498193,4.456852409919536,1.5753290099213064,467.8823896728408,0.3791911312297236,0.0005035249945381003
47059,-2.7740449810800882,-7.172802021808762,0.5966744486414939,2.4539607714398755,427.6304628570676,0.45749245913355363,0.0005036655017976745
47060,-2.0604284022452024,-9.988778753705525,1.4790985291193908,0.47109371821415547,125.26997782222574,0.7123802169513445,0.0005040885719238309
47061,-7.064816362211262,-10.665431604746733,0.10934684023073593,1.228045399905748,263.87401063516336,0.03229335795992849,0.0005042027484699393
47062,-2.932555680155005,-6.909047000839071,5.039988309154571,2.155388773076661,202.78142839826722,0.3084929788536108,0.0005042222649490694
47063,-1.7315628067703148,-12.137116505951145,0.8876718837076686,0.9777143624696443,468.009607260399,0.37236027167416186,0.0005042484557198162
47064,-2.3982923348130907,-11.851269532899945,4.642440457933581,1.5133246751081546,340.2931531126346,0.6561015825696961,0.0005042698815848746
47065,-7.24571015155388,-10.58984063570591,4.047489101885909,0.8935946928017593,177.55925906719992,0.21216468339309458,0.0005042799099831941
47066,-2.055311332303706,-9.004792291716056,1.0694998769103716,1.2809674089341723,272.63774278919254,0.6581281124745875,0.0005046490937747783
47067,-7.797305840161499,-10.673723545944418,2.9530394949766348,0.8677699994686117,227.39583505795383,0.41889554326187817,0.0005046674432967206
47068,-4.3189411664060895,-10.842056381608403,4.537773928582791,1.557796088092401,468.28803833304784,0.5470778036895032,0.0005047040155642742
47069,-5.275764711469678,-5.348709302253914,2.830842466426002,0.6360699075883753,135.7083966607528,0.21059164132348407,0.0005047915003773058
47070,-2.2842466837517446,-8.849380954812371,2.488421406937534,1.2692098444509607,266.0014643260241,0.7282377154476878,0.0005048824905138073
47071,-6.072699698864599,-6.081460726800722,0.02838728776603714,0.9331629659658892,252.57657859486608,0.19811889647501513,0.0005051653523245065
47072,-2.2888611835614068,-8.299685537655497,1.0103698336825455,1.6832572943553323,394.03668753559,0.501756447508714,0.0005052539944747263
47073,-5.754083601109651,-10.864130296736802,4.569862783099809,1.0852248300731,281.07195960406494,1.5612115422522814,0.0005053397079344288
47074,-5.396719074210586,-6.176220470657682,0.8276519161464986,0.555254071486269,151.68003459667804,0.16180430285196756,0.0005054794932393111
47075,-5.717921163598713,-5.30471107603458,4.443914729067061,0.6441179268097778,143.93973159091942,0.17701442897846054,0.0005054880463539837
47076,-5.253517476387142,-5.879800553540368,1.167686193212925,1.2393082164155538,234.60678752375412,0.021783954145031537,0.0005055281146503386
47077,-4.773199256102911,-9.873796723392843,5.092963903736155,1.830809251148409,467.6464976194242,0.5531891833165323,0.0005056331210017403
47078,-9.417995950726906,-6.454498282233152,1.4469826980042884,1.4295982874126039,279.5526159393113,0.31582591601788135,0.0005057283584587811
47079,-4.644867446572446,-5.9000660509171405,2.6407452500301223,3.342130203968294,524.491911662842,1.2028911705714984,0.0005058014266124121
47080,-2.1815186363980574,-12.493240960810304,2.2064624859315796,1.0321525671198275,251.49953183498332,0.6316111172913983,0.0005059639365752349
47081,-3.884281932757661,-6.314436796974853,1.7119601949491914,1.3230935695338968,468.59408711815314,0.26619782999827724,0.0005059649948874442
47082,-5.505894220715953,-5.703848187555839,1.2958628216036883,1.1277883563634243,467.40086979473693,0.48474258078254184,0.0005059669915620438
47083,-4.951116479561523,-5.689025769794076,3.4562082556160476,1.7375657307806995,412.9604950426196,0.917396427679031,0.0005061357495797689
47084,-5.598275621595702,-6.068559542283781,0.5986913568571661,1.9405499551153629,396.2236197968789,1.6428553782231559,0.0005062254348685885
47085,-7.668046949851615,-10.577462900396883,3.3437992948636386,1.6953772844376478,468.4016654759074,0.6626192764841647,0.0005064374050519545
47086,-2.215193294557314,-11.134848555514528,2.3908878977543893,0.4840486892311606,138.06806599666962,0.873978304442562,0.0005064785704121151
47087,-9.207422883323865,-7.396281327992122,1.063549490129257,0.5092093464925518,110.49883711626141,0.3606835641956456,0.0005065366481620775
47088,-5.244028629835266,-5.298526607553078,2.4417171374372644,1.6618804555112536,390.24249713117433,0.2773752053038594,0.00050657297662864
47089,-5.332510356416414,-5.211906369341549,2.136370432231246,1.0644046411117187,277.8898959254954,0.4361510027247144,0.0005065732883675414
47090,-5.939467989981761,-5.085366669223382,0.5898691488892394,1.4293043923125865,327.5013664088169,0.8766420232142798,0.0005066109867550613
47091,-3.0985945586329953,-6.241468033126763,2.798690317927474,1.2698336599512676,282.1651358187081,0.0687918413112234,0.0005066475993034205
47092,-9.87107072165718,-6.383067270341329,3.6539692359254627,0.8740939156975205,468.3912658325563,0.18262748562334696,0.0005068309415510717
47093,-5.298911709672463,-5.167720227099818,3.05249830497362,1.5134780637314302,468.280014931202,0.20692564492838006,0.00050713243438471
47094,-4.922760925016031,-5.718051274175715,2.3758873374786806,1.1072449843397976,286.575605193934,1.3392901821342909,0.0005071426287352049
47095,-1.931901761721841,-12.2535462153906,1.3897374534177394,3.181199648136286,508.5075336405327,0.8489060786250215,0.0005073904575740957
47096,-4.51777345719765,-6.322786138765785,1.4918482347367805,0.8446761880949409,165.27698613541148,0.41245463538075366,0.0005075290799961959
47097,-8.300507301391912,-9.032483492888195,3.378521881616428,4.4532781411303075,576.6657974900091,0.2809486648021968,0.0005075573623634817
47098,-4.984482333443743,-5.6350474732242875,2.415139141329681,0.5936151473778876,121.92429226017315,0.08609666307487185,0.0005075809128494764
47099,-8.901359941063498,-8.29235393984027,0.8577119641711589,1.7003566932059848,369.4232872659186,1.7315838228695855,0.0005075809310102356
47100,-5.708942323503296,-5.823172335494992,5.189881040803114,0.9726582187044404,270.5680430174968,0.6850344499534975,0.0005077096124032804
47101,-4.000132674313786,-10.422358686682262,4.712350522667491,1.0267656084563934,467.4369453946686,0.34316427057034726,0.0005077283763709028
47102,-6.781071193463584,-12.078731572706895,4.070544573968992,1.1752162770571524,280.50286819858,0.14010550575065395,0.0005077337794444146
47103,-3.285368381663721,-6.716996210897768,1.0370470494924278,1.2531396227459672,365.6648421043976,0.02909178998935502,0.0005079660888679498
47104,-3.2292719811049686,-6.2100967519424515,3.96606872571661,1.8421534250285898,386.1517953522058,1.8683822458628603,0.0005081352982859551
47105,-9.501629174840607,-7.563571252115961,3.0040018099908172,1.0987522379467491,283.5138968386059,0.9250444681265542,0.0005081716311408831
47106,-4.4229064288962245,-7.34503381010612,0.18718196985037466,1.5243732211901293,347.19415880541845,0.6882201451263592,0.0005083437920070844
47107,-2.2971458737115213,-8.381817542865452,0.8792119617324518,0.9997374998934253,196.96435206578494,0.46484024724496376,0.000508360473479852
47108,-5.12449276987674,-5.610807097960645,3.488255625185616,2.7251031244587263,478.1723035724593,2.2729748224409256,0.0005084987453683403
47109,-5.474513865721798,-5.341228874789629,1.7652108508887603,1.8933878676008025,456.002517154209,0.5231604311797025,0.0005085739156019669
47110,-5.0076111465162745,-5.613504449071569,2.3744590853849807,1.0814991458889684,284.7342607278104,1.475516068868866,0.0005086216598612384
47111,-9.761700144151202,-7.191107926391946,2.6233155081692856,1.1001181645026294,285.84303998918654,1.3978751384647863,0.0005086785403411548
47112,-2.965663017746195,-6.581142594131084,1.4782429334355314,3.503247084695076,535.8337630942698,1.1035156407298166,0.0005087063302654167
47113,-3.557859059420407,-6.314687325353483,4.612436871622179,0.9124666729030341,187.95442830452026,0.05482015371459337,0.0005089482508153534
47114,-8.299188227932863,-9.74442053171337,1.0797687736727108,1.9027531008825165,468.49362769804765,0.3207150958941849,0.0005091065002627878
47115,-3.158508385724037,-6.341919036304285,4.1649915549922145,1.7165514353775013,404.7418012031484,0.5026832275688511,0.0005091393599724955
47116,-2.3706055662579706,-12.3285553245752,0.2611100766960866,1.704767504911289,245.88906340370258,0.07048142506784849,0.0005092045764527713
47117,-4.911863974517158,-6.088821895870158,4.590551993454239,0.6530248217025639,136.31405400027975,0.018206413002512356,0.0005092055234273302
47118,-6.472993196453977,-12.973948759579573,4.132321505278044,0.7363170195438958,148.31461047874464,1.1080003696665086,0.0005093048941186312
47119,-4.6263476914108015,-7.532795433335635,0.0013992408310372416,0.815783503981681,190.1621517364582,1.0836243195436763,0.0005093830067199502
47120,-4.428753476799323,-5.925536199250646,2.6095882824568744,1.7999404123771472,466.8695269398391,0.4227096443509124,0.0005094224293134951
47121,-5.287918572229759,-5.628191640899675,1.8405069778827172,1.1091107366432789,467.02463082887505,0.2726467987901602,0.0005096307844777287
47122,-7.969718447028921,-11.036819138204237,0.9101730410055922,1.7610712062088816,338.7001698149933,0.41825460923086144,0.0005099163097668089
47123,-4.174703116991583,-6.365288948625504,1.6512927916675075,0.7462338418058693,214.61935175002483,0.7927205147158531,0.0005099345950352804
47124,-3.9148524385502936,-6.496714322833927,1.2359711273562237,1.0915159270006571,467.48916221120635,0.024545130811833182,0.0005100530955401833
47125,-5.465646728009976,-5.91764916495819,4.914858064143565,1.625843523024451,387.32291474753555,0.8401403737601401,0.0005100581469517124
47126,-8.086197435825156,-7.645724151931725,0.19828014401749952,8.025550735061557,731.909373767957,0.31145983789028886,0.0005100718761168829
47127,-5.3626212012275,-12.53095644936233,4.2327255313917975,0.7713249233378155,151.85152214926984,0.156782185454035,0.0005101942773907393
47128,-7.03686372484128,-12.388459840701245,3.8364600563664983,0.9602410529727384,204.66051146156533,0.302193695190895,0.0005102282202832357
47129,-4.006455668178598,-6.27143577368982,1.8297497507686142,1.0888451826064696,282.1186391595759,1.6533518702182883,0.0005102847043272967
47130,-6.838628198360679,-10.350255845801986,4.5434064664141305,0.6744939861078808,184.8195956430777,0.4839119287518221,0.0005103390863816369
47131,-4.281284345228688,-12.030369164173223,4.250633148130199,0.9924686795875322,247.9615951826457,0.931656565909253,0.000510514002437464
47132,-9.276573467053318,-7.725028330722641,3.394869832620243,1.0738012523855924,146.54863123385232,0.3771299307478495,0.0005106071581045487
47133,-7.798782884741072,-12.4643028008939,2.030956483054358,8.597294892773736,753.4279715741279,0.3433711212302972,0.0005106173758402377
47134,-2.28543831667114,-11.653109107369632,0.3486669441456607,1.713942814368719,403.18311122366015,0.6259513751403949,0.0005106756426499451
47135,-9.985139919249018,-6.402705119573991,2.6163460008142327,1.312038621694662,279.60664743203733,0.15200657063797518,0.000510750088515579
47136,-2.207669978103775,-9.355956260102989,1.9889986012042902,1.2599853916139983,295.3433005302897,0.5006568377317597,0.0005108060174148162
47137,-5.2968315615512935,-5.375814163069938,3.39047678010664,0.7087850504315094,202.56235573223495,0.3490882062423788,0.0005109616766189733
47138,-2.2700887261452944,-10.995837871460182,2.769545963469056,1.1828232923337485,302.69703915112945,0.5832231709445859,0.0005110788620055481
47139,-5.454740309436518,-5.64207976128897,4.384147472275919,1.136898048514495,297.77367348433535,0.7990826414923875,0.0005111397207017787
47140,-9.556698057451868,-7.4505137420701715,2.1635993158109006,1.1599858426086882,295.1607356551561,1.6370406488977576,0.0005111664511263088
47141,-5.108882672662887,-5.727244221379646,2.0058137651609624,1.0701977876464377,467.8566215340808,0.9187844641607166,0.0005112175327598511
47142,-5.795621641751659,-10.376821773106007,4.7887681881297555,0.9581550345384289,469.8384147051535,0.06171384266149271,0.0005112424224924356
47143,-9.660461350182938,-6.274363146565121,4.134770457684186,1.7269754629478158,368.71866846302385,1.3341842043385093,0.0005112994458300893
47144,-5.424982255402913,-5.009688377230605,3.2972837885516366,1.799121544827042,467.7753834898059,0.4189937241429389,0.0005113059127121558
47145,-4.390950855566203,-5.931154317331976,2.517003775856686,1.3657409397777083,330.9530399308742,0.36273265916193065,0.000511390093247032
47146,-6.691583506762325,-10.853972557047783,4.398205705951782,5.194967862350083,630.9213712209632,0.47750433568032236,0.0005114375746005729
47147,-4.650729539967259,-5.981969210990404,2.199043477738542,1.0693675507593872,281.5275932112209,0.7361666798110571,0.0005114935945873031
47148,-9.92887903468812,-5.733049629773986,2.309954152629422,1.1942736797225941,277.70237896173353,0.41135874601720346,0.0005115089791172799
47149,-9.2007204619222,-7.509830789306917,4.045559799452457,1.118938469587748,467.5258711558941,0.5762076221058168,0.0005116291491297319
47150,-9.100480858241633,-7.064397562801772,4.798940320310919,0.5044324662346111,127.25317159003461,1.1234988751336221,0.0005116966851040724
47151,-2.809772859880555,-6.970621390699416,4.179728668624653,1.3325184037681257,321.1049016586279,1.955954577009174,0.0005116984027277522
47152,-3.445083787345034,-6.079741739755525,3.0778627655317337,2.3253520182970826,440.7569062572997,2.1806534090233525,0.0005117090525439623
47153,-5.381275865221743,-5.623569406593039,4.08954149097729,1.5442240772919271,356.21109066429153,0.23023743319766954,0.0005117613889972604
47154,-7.8319867537587236,-11.580547547205365,2.250943268275797,0.9198388832603687,249.11802006420527,1.098729748214093,0.0005117950786498948
47155,-6.195238950802927,-11.726025286337011,4.317019903407712,1.2350298779818956,313.57937648940094,0.44530051233678325,0.0005118098353810964
47156,-7.915323355415005,-10.35752035798725,0.39776968743428504,0.8904562495959631,184.60693648919352,0.09460951947377172,0.0005118189032082686
47157,-3.5017003902030037,-6.397367355267537,1.6206320806997454,0.9553254332557254,251.40553190764737,1.2562815312028173,0.0005119292322472449
47158,-3.0002720875082325,-11.600722184383057,4.60095609703401,2.456814681008271,450.98883696883354,1.5936821885996162,0.000511931808441156
47159,-3.337322342241177,-10.175354903152387,4.847819130676796,1.107127258709513,468.0263043490776,0.8648577515740792,0.0005120903154206062
47160,-7.703503363926984,-10.588072013611544,3.2510086615631355,3.1352993708344106,510.5162904376562,1.5739364380181096,0.0005121770972927373
47161,-2.715947487518635,-7.064569406793793,0.7607642402915199,0.8811888264281467,467.3538949913639,0.7547377018207957,0.000512283765878623
47162,-7.175396736706993,-12.994178966475692,0.19404224700887143,0.667158563235728,141.7761176685814,0.36853266014119157,0.0005122931613435844
47163,-4.790736842642509,-5.730442205188049,2.598282742725637,1.3608930391827172,331.9568576474176,0.5519459904351915,0.0005123917618868295
47164,-5.213051863407983,-5.623275564999406,2.014503322324685,1.5655784346784298,248.62680911734915,0.042908484380346223,0.0005124311866530354
47165,-3.414818509614234,-6.166962182397244,3.9635776201682535,0.8580976257416935,398.61747259634103,0.6611634443630061,0.0005124907135174317
47166,-3.0093638714032567,-12.922687096771666,4.443777118183572,0.8680426930167704,250.15575895042352,0.8671115536398695,0.0005128031740468516
47167,-5.175577501038018,-5.387364883879659,2.555399264934775,0.9923664496799561,274.91713031247514,1.326581120360446,0.0005128621898451165
47168,-2.4884074136449374,-7.565889699946486,1.0276156961257192,1.7805542729814539,467.745688931146,0.34226705887958353,0.000512864892964303
47169,-3.8067444680673113,-6.270694755339115,2.0377435248230937,2.130222155903501,417.79838999318446,1.6859516802812715,0.0005128830203342218
47170,-4.026388379326471,-6.493248936369459,1.3503253087557692,1.2034731649589159,468.7449951598313,0.4978808334531859,0.0005128904947295744
47171,-3.5577590029878667,-6.818164148585509,0.8106400767839651,0.4865390150031857,113.55852693110096,0.5573113005398804,0.0005130378357687952
47172,-2.0974138090887866,-12.181381769872091,0.4567239357356816,2.0885559980639954,415.6796226444169,2.204159105370503,0.0005131575734369122
47173,-3.947663257470656,-6.22429032517136,2.0039226789011964,1.6001098070673623,355.90303292969844,1.7655784031402701,0.0005132457700858771
47174,-7.132775303972055,-10.889165576900776,4.043828429548395,0.7366986366989693,158.39090607141074,0.30153703464514425,0.0005133145470766698
47175,-7.603278132314262,-9.864603985161787,3.9765867082370523,0.9169600727726327,196.23551904846656,0.1757061871208041,0.0005133247136525745
47176,-3.8948921192644974,-6.626250064493564,1.0487784977778822,1.403897084243087,335.9359848814401,1.1592083782295601,0.0005133674671074246
47177,-9.756946982462724,-5.983733272039702,3.9554454676902577,1.852717281263916,467.84104174205413,0.14061396935961223,0.0005134308851385322
47178,-4.34306563932073,-11.788632338740793,4.283417914532945,1.09802538090422,292.6995761658707,0.8276132718340214,0.0005134314995758932
47179,-8.494338279376475,-8.440617331147156,3.957035905960034,0.7920871399209294,232.1539655274405,1.4469857174245488,0.0005134398844158291
47180,-9.54824162439642,-6.582241243081322,1.6723220283054734,0.7739498840765288,168.6663795509786,0.030566205693363102,0.0005134418870574372
47181,-3.3437012411640463,-6.119656250745923,2.3949149857123007,1.7987625646477299,427.9953007951636,0.01511262630145982,0.0005134584417693268
47182,-2.2538515639436065,-9.953914877619624,2.7882743628032545,1.1697875241254052,202.6151302185886,0.12127475428156398,0.0005135179940545841
47183,-6.677399742588021,-10.301598599755318,4.662729930015248,2.3105464399538733,437.97182386814194,1.9093262326633562,0.0005136668943765771
47184,-3.9361105545700497,-6.032432056854873,2.5928423375977636,1.41023135323793,331.7652142117379,0.26055463119057976,0.0005137300498843039
47185,-4.971042144869865,-6.128354875278177,1.5395266261650926,0.8004568410062269,184.42731493887166,0.1483646858310559,0.0005139372697891514
47186,-3.02886459626683,-11.136241192802096,4.67609153257563,7.068285704775493,712.0986845864094,0.42506071203092155,0.0005141066012694025
47187,-4.126550140043434,-12.53328433938727,4.192156903008116,1.5000672770339205,463.91935552481436,0.49044223891180394,0.000514137246629338
47188,-2.8857723711379517,-7.988267317163521,0.02956197396432922,0.6673804025426199,135.02767168164326,0.010989032264019372,0.0005142261975330066
47189,-3.338822699182284,-6.1180031542522695,3.3946661761719943,1.0340872320248415,468.4289939173488,0.687839990529878,0.0005142979978743626
47190,-9.769726450682974,-5.648924051566096,1.9340168940544582,0.6339379257058065,182.3089873023043,1.0790291125512388,0.0005143141864408155
47191,-1.8974995608633716,-11.237806428523704,0.8366792791089364,2.1070512003433826,408.3933702501675,0.9536268524246738,0.0005143911692150016
47192,-9.685162320815614,-7.107990069724261,3.504324141239435,1.8430555492779774,469.85753660034374,0.12477932771439626,0.0005146576549814437
47193,-3.9177259267249127,-6.207927302636752,4.274983883892503,1.316521668772095,320.4569707961029,0.43845771404011025,0.0005147282929908778
47194,-8.145744036869168,-9.32182931706626,3.346005583107634,1.190289962481089,468.2496217993278,0.46757963198740793,0.0005147438514712349
47195,-4.673780553471547,-6.526932352390912,0.9566268688667621,1.0531361217355906,284.7842356923791,0.6633616910844333,0.0005147684456164517
47196,-3.6670588945512588,-7.516105309377521,0.11313288485965363,1.2982411929862887,295.6462992732452,0.43616603792012665,0.0005148527289882123
47197,-5.747094677245769,-5.7392168733347395,0.645854386531257,1.041942978503584,467.01856917794595,0.7548551437652851,0.0005148782435915993
47198,-8.321024104312055,-9.724457523120929,0.9726819807314474,0.8285126598602341,204.04690563664076,1.2216031127439653,0.0005149284456563062
47199,-6.580711566332559,-9.74793380854899,5.094628079876628,0.7672977003680285,213.10660615047323,1.2844728085217314,0.000515022262604133
47200,-9.97595345197768,-5.014987459226897,2.4818527713318184,1.7670268301895287,467.70919020042794,0.38829103249049,0.000515106726997977
47201,-2.135353658799363,-11.085780888487488,1.865131070665949,1.1152234445352478,287.2158943090869,0.9163199621740583,0.0005151776386730656
47202,-3.965331019792818,-10.45767992586799,4.692618325627477,1.1605718326498777,296.72198649104536,0.7824184620452099,0.0005152076579046078
47203,-2.074012841406386,-12.42100592551597,0.5832631031719362,0.8735591482130813,468.3689103346058,0.9166479493215238,0.0005152096307678801
47204,-4.208757028440518,-6.096951617423394,2.093745246479362,2.2788190686351526,425.2403965860451,0.841557074413446,0.0005152097740338358
47205,-3.776894764841126,-6.333605706262259,1.8439986711162784,0.8714707851320164,252.0692589344471,1.5549287325464114,0.0005152487427268497
47206,-3.859650391571688,-6.076474900304713,3.5991683774418246,1.994493457290824,403.40241918182824,1.5819413352809812,0.0005152558002691465
47207,-5.265173089977962,-5.8981708232770265,1.1626266241575829,0.8606957634620364,172.43236548612754,0.0486446180796305,0.0005153010731181154
47208,-5.8099368437803625,-6.759234148000519,0.025102156744143535,2.5173027489975626,458.10993564758235,1.8978172880458475,0.0005153122624697719
47209,-9.827137354767306,-6.7133055383968,2.22815437391248,0.9834064351751185,467.7934118501165,0.2824194123669237,0.0005153715500798976
47210,-2.0671518380295772,-9.97445897299862,0.7283982803658517,2.1710769795224323,419.3876484946063,1.1842854527739286,0.0005154888415648058
47211,-3.0486347872270345,-6.601023251209132,1.1719576716062963,1.791190269184979,426.89829335915283,0.10692487997576983,0.0005156875143387194
47212,-2.1978980222854148,-9.356310748584804,1.9087910386699427,1.1434741281358836,217.21394359204763,0.05103757876803172,0.0005156892985339308
47213,-4.119255833323225,-6.03136830205318,3.491551694593471,1.511494189141456,343.5268938267403,1.680480950363827,0.0005157913308210832
47214,-8.935481568057353,-8.420680165285201,2.13943138312034,1.39748876822008,335.6658611065872,1.2492805996502572,0.0005157938184625184
47215,-4.964802336162933,-5.640770677890795,2.93672851301729,1.6863449224537799,467.4387615961697,0.09048520030141827,0.0005158504740781516
47216,-3.1988334337899325,-6.110683947584331,2.732363910874501,1.1043817839998795,279.39815886295503,1.715588250619711,0.0005158909280934954
47217,-5.54903702842859,-5.103238588853514,1.8782827340418216,0.5084119368698065,117.17938276083413,0.34586496367832087,0.0005160810234132105
47218,-5.633850732745511,-5.387269134678436,0.9779335573484389,1.290849193377488,285.41287430462586,0.12349476336867493,0.0005160887297080204
47219,-4.40363025495733,-6.402875834847066,5.1293493267265875,1.1525607594153768,176.36032986846624,0.25113206301939783,0.0005161330713589296
47220,-3.710997765132934,-6.06617359730255,3.4038204214693697,0.7991878796313644,427.1283502685064,0.03238711966040686,0.0005161754633203456
47221,-4.813688695834423,-6.694817368325475,0.7002714511589934,3.2941557939914077,220.995874489383,0.32207158098497146,0.0005161965361211806
47222,-4.130800332624823,-6.111637413177757,3.9697072039451884,1.9903112204661126,402.26992396795293,1.6044931395977011,0.0005162113942423757
47223,-4.939303485113594,-6.227358910367047,1.3179944350616735,0.9532036135886979,257.8489344779324,1.2997607882630868,0.0005162957375640976
47224,-4.987766335470468,-11.614172981273638,4.33485543929636,0.9825890777967544,468.5334047421281,0.6042402117445054,0.0005163002885987118
47225,-2.2107752494455415,-9.951185640806875,2.3748039663900604,3.085880628351491,497.1803958324864,0.7064105905535749,0.0005163087566268961
47226,-9.806099712667555,-6.6699530002428284,3.6670457091063553,1.1148290371551899,467.67079125597814,0.16109974494197044,0.0005163488417009886
47227,-4.009378904956554,-10.576402471942904,4.633149136211022,1.359545338544862,386.8666873963333,0.5389423739545611,0.0005163907758072567
47228,-4.754772287316912,-6.235069859820901,4.822929386128147,1.159212821553911,467.358312671981,0.27374568494053353,0.0005164697647652288
47229,-5.187424969332161,-12.314281798497339,4.240631581358663,1.4534748578817367,335.6766237648256,0.5830553464499904,0.0005166979984133236
47230,-5.054868967521818,-5.649902050425141,3.3685479797629605,1.9094802798980925,467.9673193761265,0.5918945296614471,0.0005168530137068592
47231,-2.3750916102198003,-7.852905537025802,1.0778555450700271,1.7102140211202566,357.60800706386044,0.6706674529479439,0.0005168917174641682
47232,-3.597829897196684,-7.1483746003015876,0.48704961095131627,1.3177830185239627,323.56882383128476,0.3479906297884723,0.0005170176865223977
47233,-2.7745221536656306,-6.936324170099073,1.7994408981231387,1.8436294443960484,381.8367213804457,1.28251009312602,0.0005171144208393248
47234,-4.558570136878038,-7.536290095476207,0.02515891923277062,3.5706113807365636,527.5515135204108,0.4535624144854902,0.0005171166154856401
47235,-9.979690147017251,-5.915837077203063,2.5099508541161613,0.824313338025787,470.2838029929426,0.025239098288395212,0.0005174246046986657
47236,-9.921871156840934,-6.785570344640055,3.094749950706904,5.161284281694576,323.58770829832144,0.24832590740753613,0.0005174697946832113
47237,-5.072202546148465,-5.931563687034368,4.245185951836108,2.1912565246623723,281.20190282750286,0.5089481202144022,0.0005175764484381374
47238,-6.887697927788566,-12.791819813399764,3.9257868262111106,1.2540370669667285,244.9338576105581,0.003643834363867171,0.0005175947506634738
47239,-9.258348442643182,-6.54879129805311,4.815996881635714,0.9514363030369131,468.87739214808823,0.014481625127656272,0.0005176769245767462
47240,-9.819809609338686,-6.270827305282225,2.0790765247103087,0.6577176733743199,467.92335969329133,0.45487593755956013,0.0005178442883856307
47241,-4.820198797558697,-6.0732076470220075,1.6961862440779356,2.325225366135529,439.0107680770446,1.8012843482594372,0.0005180875993462589
47242,-5.1955942266367465,-5.387923532524832,2.294516010048687,3.647833786845744,240.84966083672413,0.3676234815684314,0.0005181217637692664
47243,-9.443607543904212,-5.776440340355363,4.550045566996886,1.2229158991227762,304.73459017910767,1.0279182364470003,0.0005182007895091391
47244,-4.735466685656445,-11.047989629171692,4.46729640121381,1.2021405112989754,297.0577545499563,1.6068456693570825,0.0005183173187574913
47245,-4.334850971261917,-11.889038769678244,4.265512292644332,0.6985707346930852,151.24585644736212,0.05608448631031493,0.0005183305679398283
47246,-7.731226449068928,-12.747051695592216,2.4175547356498437,0.9282560777598984,210.09509770929546,0.423785289602014,0.0005183643437515708
47247,-4.46492430993556,-11.917612949745918,4.265612079832304,1.0797896145013046,468.10508642108766,0.7335536527100723,0.000518365276365527
47248,-3.1703831372534435,-6.16257089564807,2.44079805029923,0.9198334690414957,182.01486425347989,0.2908665965380548,0.0005184700394971922
47249,-3.0840585932800177,-6.667180662470622,5.0657354410175754,1.8498184972207072,379.8677432189427,1.034210599190267,0.0005185472537448852
47250,-7.683213227736816,-12.473561145288143,2.659676819998282,1.6045289798680367,369.54367550182434,0.13916006359703115,0.0005187923085199323
47251,-5.455502716084161,-6.178719872718516,0.7021620326977828,0.955356741539548,259.2886665839892,1.1618760587882049,0.0005188146469692494
47252,-2.913456610472477,-6.64219639908515,3.7904713017784695,2.681393630675305,349.97216232582804,0.019941147943977278,0.0005188345211044011
47253,-4.147195344451266,-7.208391673017919,0.3423751372386424,1.0687295993641366,341.77277647015075,0.5876853232841777,0.0005189517309148388
47254,-2.9058429989188737,-6.910818428968318,0.8286478985800767,0.7248313358902735,468.1675258074807,0.314353178071622,0.0005193917478438382
47255,-9.23267490904006,-7.439391757127524,4.080300986544874,1.2323491774488609,255.21656235070736,0.39259180081168576,0.0005194436907142656
47256,-8.541147745683418,-8.323041220491636,4.058388774129207,0.9141420597648985,242.32812859688244,1.372903730969509,0.0005194996629246324
47257,-4.397405287627334,-6.471766772635299,1.1525625885222712,1.8369485616478323,440.3285822355922,0.6173474316502912,0.0005196463930866496
47258,-9.38103474227078,-5.0401863054933855,4.601210683581676,0.7093701019461774,168.85845147629894,1.1023756655894807,0.0005196792913122896
47259,-8.680350963970595,-8.702788427118861,2.6921997450326827,1.078605014100474,281.00540759782297,1.2620935570431042,0.0005197488948625003
47260,-5.550548269305412,-5.58703374809013,1.3843840644928747,1.4644734086141673,334.36641142498326,0.9992983106267621,0.0005197504204026475
47261,-5.349547438693099,-5.1391705208614855,2.4477057020363464,1.122667122122634,286.07730057159074,0.6174987380268799,0.000519759593873857
47262,-5.340739740640885,-11.634186520345065,4.342096468900027,1.732539074019994,467.4100276483091,0.024296671553273974,0.000519768737930445
47263,-9.472877318769644,-5.301661106383988,4.4536366893153225,1.3276800537695106,183.00640838435237,0.1716978852381219,0.0005198057336998113
47264,-9.366539791967224,-5.979162403869775,1.2563830368995808,1.0843798851444886,229.5787659374983,0.5571340832768064,0.0005198278826193675
47265,-2.4235936336489106,-12.080663936575482,5.07364565563756,0.7165615675857963,209.28652189809895,1.1266578839341141,0.0005198371803209742
47266,-1.7553453150816463,-11.196923405566848,1.0365415696194962,0.8163037317558707,189.53794997220697,0.2580287990479606,0.0005198782068777921
47267,-4.224377973961046,-7.491692018463934,0.07348185996500402,0.5886498415442174,125.17884830170836,0.7698690749208348,0.0005199640815208674
47268,-9.428959084822798,-5.840512710450727,1.4356312552822437,3.119086318708819,501.04377447152905,0.7406158889521821,0.0005200231603936606
47269,-3.963108545858132,-7.540118554986935,0.050360116163792566,1.9509696062783901,399.5642642233564,1.9717735790308888,0.0005202220947189425
47270,-9.221777651472319,-5.334910960154747,4.904158755903342,0.9196247073093978,467.3966637935622,0.9252244393688622,0.0005203842886606748
47271,-2.1716668320965695,-10.492253706718062,2.1221555181260525,1.1949740859456977,304.2349699773773,1.1276137594336815,0.0005203964340870419
47272,-3.3542278217306363,-6.764466502485544,0.9060706522781631,1.0975122524533987,468.3731188802037,0.5261387610716257,0.0005204214302728009
47273,-4.803959437443811,-12.068436812228903,4.255244957188921,1.8741479277383195,467.6027464370095,0.3401920658552511,0.000520551030039639
47274,-5.899702634792981,-5.289518489391662,0.537540569679548,1.5359845254157471,172.95650358667692,0.24204916433557688,0.0005206138340712534
47275,-5.098857961569257,-6.244365267993601,1.089667531058774,1.068843075035976,284.12419709345954,1.5841612299840344,0.0005207947717507358
47276,-5.373671546161661,-5.749847355607238,1.1608098037467112,0.7791709142915237,175.9486783575961,1.0288371179105464,0.0005207988149032938
47277,-2.8673903515821078,-6.812634345393653,4.194742863951657,1.8985337895397472,467.4921792389078,0.48017461873258327,0.0005208168172857216
47278,-1.8187145506378695,-9.912393374667529,1.1654011049371578,0.8932332688621887,180.78828496928705,0.07682039968301879,0.0005208180075633559
47279,-4.124215572802598,-6.149161917360512,3.983788690993508,1.2605290130675735,312.2121813584968,1.3642488283849135,0.0005209595726116545
47280,-7.9887540151500716,-10.737857568759217,1.6383595416006056,1.5941808846308676,369.7627418856891,0.08179178357481653,0.0005209878343118484
47281,-5.371925930502281,-5.152767944725006,3.2532685796305385,1.340411398266809,467.9761894103366,0.6078067860896885,0.0005210269683797892
47282,-2.2867470842834816,-12.88574123003495,0.33255322879637594,1.5586961396252204,352.45239583983334,0.045469142950982366,0.000521035134837928
47283,-4.928853662283324,-6.192654817475166,4.8538390245413945,1.0120844055710159,277.9906420653888,1.1856594777287874,0.0005211273106641269
47284,-3.065670293923378,-7.217801590097816,0.523948913335593,2.6533182343747566,467.1180656414963,1.1977304669766093,0.0005212874697469857
47285,-6.199515575119875,-11.641245292338718,4.324523681647314,0.8698372731236281,235.8178865594916,1.1730199352512374,0.0005212961561485848
47286,-5.4934239584989175,-5.537297003307368,1.1460660778749323,1.0278858246862126,209.79417313666934,0.08484721141111962,0.0005212971116258727
47287,-5.588661534460591,-5.5018101021002375,1.407629035621994,3.7926333348710908,470.7181358982874,0.12197767664999848,0.0005213948438653797
47288,-2.207869535263848,-12.098652860805263,2.317955463517021,1.2228189644691614,295.7835488375374,1.2090514294405734,0.0005214655629258328
47289,-9.731915018904544,-7.050737731827433,3.4413308349244325,1.2180183147771504,305.14186347442075,1.812146768942525,0.0005215691649817048
47290,-6.264532563453215,-12.71902034026604,4.1870567345962,2.5434715123734875,462.4962546529858,2.6399699459594173,0.0005216339066963353
47291,-5.480872287003882,-10.777938702065322,4.58539089744634,1.1100653742530733,292.33808914750983,0.9956553745557262,0.0005218383372663293
47292,-9.696684830260956,-6.8507911485281205,1.9597175594267124,1.325194837164142,294.7823495229026,0.05439845317734804,0.000521925110574762
47293,-4.643013312957956,-7.221968788195904,0.27868504205416794,1.2429023323107604,271.1847504092007,0.8536235868655409,0.0005219261577396317
47294,-9.202945666320554,-6.902230394386151,4.730092687701999,1.0885199527569251,467.98621186983877,0.36162749793062865,0.0005219941144292739
47295,-5.1464517781678945,-12.660074526809703,4.2083806812898,1.8357435003464884,467.4387935780413,0.12186943508191828,0.0005220068234688758
47296,-4.538070142112734,-6.12448892214633,1.9433470508821216,1.1325345289336153,291.5237190272012,0.693305439136739,0.0005220334120381542
47297,-3.371905529783845,-7.162076177764331,0.48222714020906937,1.0073009240629973,216.76975090172672,0.3313044412172248,0.0005221244048853863
47298,-4.420148249679871,-10.151978130487826,4.874088597758517,0.8852667248160054,467.49114930220935,0.9264636973771614,0.0005221726479149107
47299,-5.264595029624914,-5.906601286003839,4.548625377390204,1.009133736769118,469.050680725434,0.003537469204617949,0.0005223043509623516
47300,-5.182570675928329,-6.006917627433268,1.4338622946623396,0.6602566050409785,176.1057562913407,0.5579625781631687,0.0005223063618978762
47301,-2.0757368721427056,-12.827776817968685,1.6284739656498435,0.7899291511634166,469.9912816226002,0.18889278597986436,0.0005223959375876357
47302,-2.4633184426642485,-7.705696469564809,1.7008731252003235,0.7168582514041425,219.8469902130555,0.3289113129095975,0.0005224533118111462
47303,-7.822828234030457,-12.11366161479119,1.7665088703198497,1.7616103970242856,416.52259862723514,0.24527865596671816,0.000522518070341442
47304,-3.097670135116603,-7.417204973231753,0.3914955371389793,3.139152740974645,508.1219466956794,1.121497496691096,0.0005226453131176886
47305,-6.674145048566935,-12.376289266954979,4.085136809963438,0.8497153725900061,242.52218281957434,1.0516299784236587,0.0005226729174479758
47306,-2.2952059216866685,-8.583306038894328,1.9572473936609087,1.1537927545766473,294.4707570780599,1.0656451894207626,0.0005228061660404209
47307,-4.158830663712465,-7.122460542048589,0.4647237275504678,0.9030856399415975,205.00304097355905,0.03669344298929733,0.0005228758266996023
47308,-4.307542909669752,-5.968806718755982,2.9761533886079397,2.6097109937650713,468.37543496605014,2.494687512660729,0.0005229193204528821
47309,-4.776200962132794,-5.974483614576611,2.1145825778192027,1.0896925641020303,281.9143201528262,0.7644581382638318,0.000522979083512621
47310,-3.718392140875034,-6.624680155104517,1.0921731053061505,0.9765668772910553,267.0213985191154,1.7266213518855462,0.0005233391368798963
47311,-3.6393287358858926,-10.752403631165613,4.546398237421791,8.17815191041474,599.1514136814313,0.05258447817338929,0.0005234004265263472
47312,-2.8737807277764293,-6.674447827684438,1.540285449493092,0.7969747024795986,469.25838645204,0.1806751385518499,0.0005234306294711978
47313,-5.248546327665454,-5.885669790036237,4.481297251078693,1.7377110478087168,467.6748053598529,0.01938808932461189,0.0005235366195075335
47314,-1.8253729326330443,-9.85658623702668,1.1635458404743078,1.7973334964477756,443.67678718109136,0.2153693488476085,0.0005235461338027837
47315,-4.43895150992841,-6.685561817777833,0.918265769676143,1.951552428691575,397.0502663421892,1.5126110110711712,0.0005236546698224449
47316,-2.2635425957193984,-12.14499537684623,2.6428657931470707,1.1276734111159212,466.6003298838671,0.57441075423674,0.0005236727895018003
47317,-5.337239750422565,-12.17914223271898,4.253581093457668,0.7177560641328898,271.196589138741,0.4337335621037086,0.0005236775116527597
47318,-7.19974371779964,-11.463733712827837,3.7895531257190505,0.898553273540533,279.7823445425039,0.732460093630996,0.0005237441748775884
47319,-5.694033933224776,-5.150152490967474,0.990432999257775,1.0989185946365883,220.9097490463392,0.9047798043941846,0.000523803729313402
47320,-8.209540256490918,-9.917709436482145,1.5395995607429203,1.7593371744542745,417.755922743889,0.09139260981516362,0.0005238870952564629
47321,-9.709783867733778,-5.847158286437824,4.038400141308164,1.13408218872892,467.5608148916654,0.23851328974789698,0.0005239278021514321
47322,-5.875238502754874,-10.542770752529133,4.693709644859501,0.7357396377113526,467.486969966677,0.28744033714562356,0.0005241625139696173
47323,-5.393199736424009,-12.724640209667417,4.210354230711833,0.9637931574587891,254.4613982959886,1.3098794190636784,0.0005241733212144828
47324,-7.84282518011668,-12.379427903475756,0.6570688802010526,0.6576405810825354,198.23112034618828,0.16702127935922828,0.0005242482597142983
47325,-9.298215290802615,-5.120704162496125,0.8881605531858814,1.867963385082351,468.1807525939932,0.5711943945211075,0.0005242880046280267
47326,-8.988494793710995,-7.53682332342601,4.439109303488432,1.0350388047808121,214.69571396229279,0.009264825445182368,0.0005243345990431465
47327,-7.692793503293276,-9.685156170707224,3.968121874305785,3.839448478257213,555.7904523481192,0.7823004321698681,0.0005243732497894037
47328,-1.952762534686892,-11.657543743132342,0.7673629539662109,0.8817461178026601,253.99405230601877,0.835301834209802,0.0005244504251642544
47329,-2.128772914260729,-12.053624153142948,1.7683613637426274,0.7139306267249819,206.16132245830693,1.0838533468549691,0.0005244699506573656
47330,-6.742156646444277,-11.226171770733705,4.242183768097535,0.8879082418597605,418.30673780578286,0.20474679460342138,0.0005245808276581716
47331,-3.7360893160370336,-11.731880929124321,4.274336653128702,1.3480955278472486,322.66165299963,0.21919662021897413,0.0005246193933053463
47332,-3.6112309182426836,-12.294644694451412,4.197205249137437,1.055752535744395,466.89168750827764,0.536388821687928,0.000524622331280697
47333,-2.122956351163916,-10.238241916469223,1.7483906920691639,0.9803129950146664,256.18046130370607,0.3439275148483558,0.0005247535935063689
47334,-3.5901013810496076,-9.723513711609154,5.169759121602476,1.8226381088269397,376.43971087449756,0.928714247382735,0.0005247825807921091
47335,-5.059847342667246,-6.014607590594358,4.529455145203682,1.3948925678181423,332.3434402262258,0.2537805831895801,0.0005248990660084315
47336,-5.346988944889349,-12.68792790562735,4.2105255384937745,2.283418368447208,430.21213161398197,1.1982672423499041,0.0005249485850041439
47337,-2.6026072783464596,-7.804951381088649,4.452331794226327,0.602509602955449,127.13575534910322,0.8782925998938884,0.0005249791666776219
47338,-3.839326251199841,-6.044404846294579,3.235247523383983,1.0560722772248077,254.17474115432069,1.2057701250462118,0.0005250615878153751
47339,-4.03878482053182,-6.078584241748109,3.5304449949501486,1.0981335750846266,465.3208127970063,0.9277590049530913,0.0005250732736651922
47340,-3.993259302097311,-6.200756972543065,2.053733556805667,1.134984373981969,292.376334175347,1.4375404715949403,0.0005251746323603066
47341,-2.157573511565783,-9.282166196203324,1.7332652839530227,1.337076930134586,295.29387685760526,0.14709737492590147,0.0005251747522096163
47342,-4.6888491323953465,-6.318630827275844,1.2376371439872067,3.136007698476562,511.14947606588146,1.7214017666437647,0.000525192345751982
47343,-8.799622789021745,-7.345257471152952,5.046177139612544,0.9314244422471953,172.29232575421676,0.13421803032282842,0.0005252140309149075
47344,-6.520562777092576,-12.379781889252246,4.147547799060549,0.8760609288757181,229.36254083483496,0.1955310864696571,0.0005252229135329423
47345,-3.7827421867164297,-11.889450156980645,4.249218715327742,1.1929266944400672,265.08906805321834,0.12142700678229712,0.0005252254173423024
47346,-4.792823943910167,-9.989071786200906,4.992501929157753,0.9367859953962244,243.23701498412285,0.781879725946113,0.0005252855853753955
47347,-2.189675814200008,-11.120440968815865,2.101834828740547,1.635080117262468,380.7786059889669,0.23151672390292166,0.000525386781727829
47348,-2.7228314771300415,-7.348373973614668,4.550829133885075,0.9759055177758714,126.62813391198652,0.33507622225664413,0.0005255750222629359
47349,-2.675855865690208,-7.081547664251154,1.9108187006573114,1.2805128588752168,316.73539183677264,1.1167407722246594,0.0005256379160586337
47350,-9.904184374088619,-6.799204412584999,3.1425748466433223,1.0191859977641158,467.9319365670335,0.6198489392798914,0.0005256954289139216
47351,-3.798618823300817,-10.572051008144028,4.620890859805665,1.0080165945929793,276.7980062550349,1.4097216360013114,0.0005258302471873564
47352,-1.7289165015639334,-12.893310466756619,1.039806013252113,1.1948235506123537,294.2258145147775,0.9008122013953539,0.0005259273863355762
47353,-6.965444100359793,-10.876894177826308,4.198114516299183,0.6684708545128498,467.50216124658897,0.4479194020630066,0.0005260005851720943
47354,-5.277929449824732,-10.572119705035714,4.664758515677481,1.336166863434698,315.02935526461425,0.9950722682423914,0.00052605976866034
47355,-4.254954085917969,-6.451508783499709,1.4433638354516027,0.8230414085528328,463.54478034649725,0.4877040954466345,0.0005260682127131485
47356,-7.746588393479872,-9.091293239440471,4.53233000232543,1.6275500649447077,358.40172259211124,1.6179915678432746,0.0005261226364969242
47357,-2.7397802623431575,-6.816268400562387,1.1085206655946522,1.0083878671695388,466.89767099863445,0.575617737840556,0.0005261260253992906
47358,-3.6935017374558488,-7.067274450570314,0.5426754163774409,1.016359281790756,278.77972239183447,1.3785597532294975,0.0005261856320789741
47359,-7.137922620943378,-12.780384430830217,3.6843239220943795,1.832213994164296,439.33428147830665,0.7078505056600148,0.0005261878181367142
47360,-8.386791083241075,-8.180739654982972,4.63662698534946,12.123126418574609,566.7348829639104,0.05221297917536294,0.000526272056477132
47361,-5.4350222776745865,-5.302098736420797,3.7483670158785354,1.8749912830091224,468.3472734953314,0.3571884015965008,0.0005262860204767335
47362,-2.2194521086251227,-8.546067973110251,0.9794270668508941,0.8784279163658243,216.36605512566217,0.6440566498446199,0.0005264532704062567
47363,-7.057478118926883,-12.369963438240893,3.804364180111445,1.0219945095414589,274.76477909298586,1.8131105169857262,0.000526463496365519
47364,-2.2514499534413748,-12.618865316826064,2.520768558081938,1.2614701834333117,257.571744881681,0.038183080075140374,0.0005265910137815054
47365,-5.9360342554327525,-10.635247108059525,4.646333868617755,1.1053675040804607,290.2275970566955,1.2364384826211579,0.0005266020525814261
47366,-8.559927038795939,-8.814942579307722,2.904500791767353,1.3776175976980207,312.8616992890757,0.5892057420526386,0.000526665920678836
47367,-5.876453591618614,-12.322241796891804,4.246446238460293,1.4881830182744686,469.6640714664625,0.21014521315651535,0.000526729173762435
47368,-3.91156955408343,-6.083660901730612,2.542896269423014,0.8585276888019449,224.42601300916465,0.3250231506644372,0.0005267466831096883
47369,-3.1527215749630955,-6.186076341013733,2.696599243419589,1.8064813607030525,468.08343535541326,0.7214131098368677,0.000526828650281892
47370,-4.078084645752017,-6.0631180490615675,3.401400810861556,1.4169959728215744,321.95623766438445,0.18470648290062996,0.0005268548363750074
47371,-4.068748012422433,-6.25606001621731,1.8738478185653944,1.3252463999057467,319.00009026963676,1.660442974378916,0.0005269511011337029
47372,-2.6643188793175723,-7.070361490000134,0.9540745081961439,1.0827472389496229,280.23143979854007,1.239875411175123,0.0005269521950284134
47373,-9.402372623396445,-7.683796817318366,2.9776758661151153,0.9492576948872172,267.1721105802714,1.7564517600928573,0.0005271257811162695
47374,-4.372373328635206,-5.970674306794217,3.011314190137557,1.3228759356114028,324.78009104386564,0.26822010594192847,0.0005271713557527229
47375,-3.545726383695815,-7.1933751043588625,0.41145834895008354,1.2994913580496865,274.36073645462466,0.7289347026441257,0.0005272845560318107
47376,-2.52805105877421,-7.528584794755261,1.4154497331571394,0.8431976613447244,183.84434531452627,0.4131105220717739,0.0005273777792784466
47377,-2.3154690432724614,-9.574059740331936,0.47925824007652085,0.9093149899554334,195.00341787056055,0.13375698285557736,0.0005274252364663124
47378,-9.037990994732093,-7.6649567682143624,4.1238652822926625,1.8148231412881264,383.2461091019902,1.9516980877606303,0.0005276251130456237
47379,-5.187256746967187,-6.89340278942974,0.344791703217748,1.5015196524125438,343.6004335853247,0.17179867413320782,0.0005278640568090863
47380,-8.198949752652148,-8.500999637119552,4.50326274850542,1.691296763985446,466.54283392060586,0.11852012222867447,0.000527907113993442
47381,-7.8262009325466515,-11.799002166374363,0.5284560663304667,1.835584638246277,467.98372495974223,0.48707462446713734,0.0005279547215138039
47382,-3.5392958703081066,-6.439537991349468,4.969553451470934,0.9134246796459615,237.8468779601331,0.7663622442538083,0.0005280164739382798
47383,-5.864837721384087,-6.178531567668483,0.2706999336688631,1.1738656665017824,134.1381982880432,0.3680653900507034,0.0005280412616640788
47384,-4.0192369587857,-6.2327933829453785,1.995069276971558,0.9956343216532267,468.08730495952886,0.7235127527603984,0.0005280593310455693
47385,-4.916397863139342,-6.049667585613961,1.6751181431361788,1.8467915747549744,467.56637815012544,0.6329679228130791,0.0005281032190358367
47386,-2.495496362563361,-7.6594341522178775,2.3825632887194557,2.0644938769158454,411.30537424836115,1.8135329985311595,0.0005282051533539629
47387,-3.9322528724074033,-11.61104866461111,4.2967230145805875,0.8377955680676782,468.80525480443623,0.1775879374874174,0.0005282304205506592
47388,-7.6227283545527165,-11.393973421178647,3.068787176943753,0.9695592343493178,193.29042856572633,0.6788936830984662,0.0005282874794768798
47389,-4.841476115259017,-9.994559598271751,4.989431042325549,1.4640596447322551,384.9959535973743,0.9370466623408236,0.000528359874083212
47390,-4.84025241378019,-5.7281889108885355,2.9933843665172772,0.9039924214873802,468.3499283424476,0.5173581042886477,0.0005285010837327189
47391,-8.561548853444313,-8.890517583962602,2.6751059167386697,1.3350474846024232,164.24641897680942,0.23475836057815513,0.0005286107151865742
47392,-2.4101498119686218,-9.049968922735175,0.44974938031391326,0.7996241056133234,161.1794723870879,0.7713024332072136,0.0005286912260130133
47393,-4.1480634051052405,-11.458981545823002,4.330182374690327,0.7606922131182859,195.36602534209618,0.3384467651680767,0.0005287243097111945
47394,-5.755842616242476,-5.013595303185758,1.3134647062112657,1.6711558011958603,467.88585896523597,0.6017453189003303,0.0005288107425514326
47395,-6.374817821850273,-12.77512300262251,4.155183139980583,1.3644709754699509,324.5540130807635,0.21436594216271754,0.0005290149583732978
47396,-1.8434743256435286,-9.774356432736454,1.3082818084097378,0.8713166412824146,184.7342485548577,0.18217333306602157,0.0005290976124359635
47397,-7.028975260489823,-12.016560179381212,3.8718997982179992,1.0062504068759452,231.79240375919062,0.3411321597250243,0.0005291123716275755
47398,-7.82069733637193,-12.007721259698291,0.5395513688623073,1.7583636839368375,338.663256317821,0.23173662597176659,0.0005292153047448631
47399,-3.4068344968485773,-6.248267118367377,4.252690998751379,1.4001706403533911,330.5435930459577,1.9232683078368673,0.000529397834187295
47400,-6.3196807097068906,-9.74757452605251,5.164973637972669,1.2857777403946182,468.06741513335913,0.23672533017747366,0.0005294929985739144
47401,-2.8749776051006,-6.895377204896575,4.4946948713096395,4.1591278614154,579.4959952949814,1.0443618394196497,0.0005297446711811234
47402,-5.463463503715494,-5.202113466344885,2.0309135273800365,0.934900200863184,145.92803095769233,0.21142564507200756,0.0005297886224045551
47403,-6.9725176396671795,-10.00087677379748,4.651811108806654,1.4271218533290269,321.41967331309166,0.40803378294946846,0.0005298100971635958
47404,-9.268493802017446,-6.996760854402339,4.525595595025542,1.812592597090017,467.71692906000214,0.4562020680061467,0.0005300672298895218
47405,-4.439554142794316,-12.3189305998465,4.2063194639073425,1.3644894652465707,470.3773449635248,0.1975361837685332,0.0005301020551883413
47406,-4.022867088308054,-9.92827819829053,5.013922620242258,1.0317110486038996,207.4620273338926,0.27768972571883044,0.0005301889623620098
47407,-5.609890746454171,-5.055376328473374,3.894271206691317,0.5732691776542918,119.81492084462482,0.0011602101036798373,0.0005302308298991656
47408,-4.476182817990445,-12.76925307783271,4.1708807183962495,1.695737506733494,470.22385288409146,0.22251936668135475,0.0005302951372043032
47409,-6.765024003956834,-11.101342900476014,4.260349099235233,1.5005097957115603,337.51314960422496,0.6332749713950436,0.0005303483701028825
47410,-3.3292908977903,-12.366818174134611,4.187113852250024,0.9746837590369092,261.0846022370272,1.5173233186738733,0.000530350187548499
47411,-6.866280939559888,-9.498537987240972,5.149653700768484,0.46141334046113136,143.52183211778853,0.31989097260629773,0.0005303655332440892
47412,-5.2436156910126375,-5.601333836601522,1.9034423914694556,1.1133454483221865,468.22770722096476,0.21180993633497014,0.0005303746680710037
47413,-3.7446862715457963,-6.170981154269903,2.1952459665933226,1.3994145484627682,467.80019635916733,0.4822056914375592,0.000530388359107529
47414,-4.081264030496401,-6.430154229208201,5.058584757835711,1.1036679599516457,259.51108828129526,0.35848783972588194,0.0005304009909712118
47415,-3.5252324699531616,-11.515396201980598,4.308416608613748,1.0755184086891743,275.0999254001722,1.492326620415624,0.0005306078069636295
47416,-5.205567980013216,-7.010886818718732,0.2766243016272454,1.0251993868065044,468.6225827420608,0.6491139479757413,0.0005306652849466253
47417,-4.201014650887559,-7.122618079508993,0.459486440320386,0.8714338145014509,468.1412919364918,0.28308442660909794,0.0005311214570714121
47418,-3.2601345727998643,-6.211370683901386,2.0925309687034743,0.9475653621422472,260.29426552487473,1.2074628473226259,0.0005311683659787466
47419,-3.3830368688495813,-6.537691430579142,1.4729126441554228,1.8210229052384046,436.02902966052636,0.6071339847010995,0.0005311935230965034
47420,-2.4183667133026754,-9.850218723349322,4.478949615435919,3.3016619469801882,508.78472807728053,0.5109591328927978,0.0005314607929855376
47421,-8.57248529183133,-7.982439583211639,4.573198220540252,0.9343620316129947,247.70236502862252,1.2168942503851072,0.000531576240987819
47422,-5.417251576370223,-5.230080324058999,3.4902952077637406,1.4149660492117793,317.15328331363844,0.5257901055597349,0.0005316437542943689
47423,-5.418102591401479,-10.789298289490802,4.574014227686479,1.01294125885526,267.1069432273105,0.6598828675965107,0.0005317228806255073
47424,-3.341965310233377,-11.292843305806839,4.361475703911819,0.8208731506752727,207.6255755336692,0.7284000813179192,0.0005319656120737261
47425,-3.121590427312971,-10.535320354172308,4.764332606120665,11.058531554716955,438.893035726818,0.20561611641872535,0.0005319669201249712
47426,-2.193469596381716,-8.398512691355197,1.1228398076205366,0.815069509747673,470.2062459153183,0.15249002484159746,0.0005320277121230555
47427,-4.973915220734678,-5.722051469242988,2.439489048378766,1.738332579502074,409.72829797350016,0.07154903882509878,0.0005321321419555962
47428,-2.50982956627875,-10.565849741935697,0.08130814584328444,0.8739241837797436,244.11112902849663,0.5184608065330538,0.0005322005454105503
47429,-5.601314916394854,-6.379001469864021,0.42988635280360704,4.246632301516821,573.8399122733884,0.4115418039520602,0.0005322992465936713
47430,-5.060735344715592,-10.189404068454113,4.864110852351012,1.059548138507657,240.0802604250974,0.4012596632028709,0.0005323603303377604
47431,-4.235938952916998,-6.343810112737367,4.821917072504786,1.8646048617898618,467.3419624072008,0.11934898146300643,0.0005323790066180665
47432,-5.327608714356888,-5.944147990628513,1.3086066810785788,1.3383480247820199,468.8119432907663,0.643552405092584,0.0005323954211938134
47433,-2.715220639974282,-6.967930176495051,2.378044075584731,14.192875641801761,831.1399862214712,0.2807844539920019,0.0005324227673132737
47434,-3.9918225056308954,-10.861131638146036,4.502749390265857,1.0756044378168257,286.6791303884743,1.6102829288213343,0.0005324495623496089
47435,-5.376201401721333,-5.60897049777574,4.123723639742681,1.7787438886631337,422.6966664741671,0.2280586401116329,0.0005324785724285041
47436,-9.484235065115932,-7.569801185893147,2.166290605346766,0.8616029116498654,179.5157254278368,0.03361978483954786,0.000532491033075235
47437,-9.327678985810339,-6.626148558978806,1.2313345297674931,0.9162324056332839,183.1493208379204,0.3682863011042894,0.0005326001122212554
47438,-2.3813849589006795,-8.21795498756147,2.476919222920006,1.6584034378222086,467.32095497837713,0.558804659621293,0.0005326968490479563
47439,-3.853293379773106,-6.33717490489938,4.604256338291512,1.631878447523596,374.1292721425509,0.24202401971188436,0.0005327118560705348
47440,-7.678533667367383,-9.581389649298242,4.09202269591482,0.5881870610116663,173.26722038771925,0.7788870756222801,0.0005327259503355439
47441,-9.291572714542417,-6.626843367590475,1.0394052640252942,1.57439903376748,356.92192524801163,0.964452835931211,0.000532764836982406
47442,-7.3581642316784786,-11.730619360070756,3.50521170953844,0.8101490642943369,209.82130086700067,0.4723975812867076,0.0005329135616601867
47443,-1.948166503374443,-10.649162464591617,0.8154262524414019,0.9345487826151752,186.3135157580015,1.1051601316481738,0.0005329275691341048
47444,-2.358149068727257,-11.425262846096615,3.774759112017944,1.8746830716399998,467.8013083736927,0.4201200656758779,0.0005329349022632483
47445,-4.4161801121199185,-6.067668815208598,2.277900146978505,0.9933839678830014,212.921730117698,0.24749251766107339,0.0005330161160472418
47446,-5.768486902984763,-5.419685580236411,4.6481865069086155,3.77348960900929,551.6205227866312,0.8172140274401949,0.000533043323637258
47447,-4.284229163076768,-6.060958108058892,2.5394769138431523,1.6615931632053051,387.38298035251154,0.655912747896215,0.0005330742669245558
47448,-3.886561929380915,-6.049382145168918,2.684433448702088,2.3686665925543555,426.1316044626854,0.37883788576743616,0.0005330751168236129
47449,-3.7639253237325683,-6.087001977170522,3.470412942714186,0.8624952921133038,468.8380035575686,0.2102281925857037,0.0005330824467323487
47450,-9.546349106410954,-6.949349896358124,4.0116365946165775,1.8713379379914854,450.93142469441267,0.19744337913291865,0.0005331501034216295
47451,-5.75309641978777,-5.194986378907256,4.42939433263915,0.7788631017489583,147.52556697560354,0.06789739701923647,0.0005332162741540388
47452,-7.740718264272852,-12.045758495798292,2.499818391812209,1.0569512349958157,467.77031404056305,0.04677851896379437,0.0005333820639800577
47453,-2.6542350273327555,-7.14949386167406,2.8784073195411497,0.7737154698069282,213.17245080798472,1.2161158690278464,0.0005334063935347583
47454,-5.183271869591258,-5.820089638103757,1.6834582750169944,1.6632373471188349,391.62435513541453,0.3320944166304809,0.0005334469981008636
47455,-9.679509531884074,-6.40073258508889,1.8366452581308863,1.0387787220573597,282.5582757635813,1.2523978565297815,0.000533555384802242
47456,-8.269257181834039,-8.259524380382476,4.740898098234276,1.231246850827466,278.170043631896,0.3061160511340857,0.0005335781272968465
47457,-4.905058854439091,-5.721665994721223,2.9272737378067757,0.9002182155313722,468.07408488531655,0.015311297694352355,0.0005337353027838526
47458,-5.010772244045124,-5.793560386992955,3.806814899762218,1.1059035839277562,292.21848960502774,0.8952978449873035,0.0005339262574911676
47459,-3.6320975612677273,-10.79902184178826,4.51406155026347,1.3449651192451362,300.11312001458293,0.8743332769343981,0.0005339708918470934
47460,-4.554953215596057,-10.42008573430618,4.7118990555895275,1.3779821017189244,468.9358286881164,0.8896402652107884,0.0005340240759098018
47461,-5.637116201364948,-10.856981632946706,4.549816803701489,1.1726828220082324,468.0156328930671,0.6188800946294721,0.0005340241886623654
47462,-7.4561430747252935,-12.916441525728523,3.1871095532398077,1.1046913695317908,252.5751048732091,0.6369873429809187,0.0005340608303345532
47463,-3.9047111149760454,-6.054745224203594,2.9143892756213794,0.9349091095682794,467.1898461728539,0.6076903438128332,0.0005340804143507032
47464,-5.208538155308818,-5.455362528669515,3.240861860452397,1.8309101430609134,468.3445984036611,0.5153759917408989,0.0005340901139800428
47465,-2.5577646123750153,-7.85889403390724,3.9784791274069957,1.328574117517594,296.1245537251441,0.03223325598589444,0.0005341928414075626
47466,-4.500892887754583,-5.919602622841733,3.0050954370322915,1.4148509676154375,468.0286636622831,0.3809940821496811,0.0005342083842172191
47467,-5.222356840259688,-6.158323351322422,1.2839615258170505,1.1519000321181856,287.7422141344913,1.0908843312893746,0.0005343700254283079
47468,-2.5525762529296134,-7.433440587963167,2.23972895856407,1.829089045792721,373.99185742348465,0.38823506407361474,0.0005345841514878645
47469,-5.279246453852931,-5.814043396070414,4.36085264887465,1.7614859041172417,417.0499864241996,0.2710502348032504,0.0005346124780316998
47470,-5.459681941248092,-12.509933848846135,4.219387063012323,1.5278864084082782,466.6795471535774,0.8696060273941226,0.0005346169604524975
47471,-4.573494892722426,-5.94205951386283,3.4671995367493866,1.8415687253204305,468.635787871205,0.7516252384189288,0.0005346500513629265
47472,-5.852882433699489,-6.44027267686733,0.1383735669077037,0.7208312044334959,144.9117504152529,0.6595463721662131,0.0005346858470392874
47473,-3.879033707413835,-6.1440371507511395,2.1701653795386258,1.7541366334740236,413.98378058601656,0.24701424919334602,0.0005346941458327155
47474,-5.802271218148595,-5.407128819361225,4.755760408800036,2.4210519499268504,368.1146224136219,0.0839938468910093,0.0005347653078294129
47475,-5.5043935977818625,-5.717959219591958,4.55403039315993,0.894386104041967,467.23773240000503,0.5954916097363157,0.0005348005734702208
47476,-4.606884384016792,-7.339964640107666,0.17909515965237277,1.868350735573491,390.00837394360053,1.7984270215304337,0.0005348549603060119
47477,-7.763109439813032,-12.271891465406338,2.3191049736372626,1.5574955832166357,352.49258722826136,0.014460493104268224,0.0005348798464000632
47478,-4.229845133010723,-10.986449733886955,4.461817957199006,1.7301484577712296,408.04721251065916,0.575001225338772,0.0005348999023592224
47479,-4.367530498691281,-7.590549004739313,0.020121519903155083,0.9948776540584321,467.20045430326263,0.5873907804721306,0.0005350438434792242
47480,-1.9555837246116141,-9.425619128028591,1.0123398813190692,0.8535926948468965,178.01176716764206,0.5014674481157542,0.0005350915282524003
47481,-4.6163908476490745,-6.294109833986547,1.6198038858259196,1.8806854202027994,457.6929381476399,0.5399638191261573,0.0005352531520452974
47482,-3.175117333142455,-9.821411581649171,5.1731654421459385,1.7935418863579182,428.5039086383701,0.8042279851229397,0.0005353054247175126
47483,-5.922005310369626,-5.065895668839227,0.6650234281818868,2.6957011279165735,232.61694997283158,0.39458589980582204,0.0005353568283364086
47484,-2.8291771936008043,-6.750594348403203,3.2957416630596508,0.5331697424538624,114.53125742102199,0.04057456451843322,0.0005353854915336395
47485,-7.2445656844599515,-12.919249499848446,3.534771108700211,1.671178574390189,357.3864837725723,0.6727961667411728,0.0005355034815270254
47486,-4.498179868326467,-11.161835856048532,4.411580857389357,1.110425526942401,467.6816910713766,0.6535964877531795,0.0005355230294598795
47487,-4.33959089296065,-11.451784523142816,4.331123052104461,1.1186043021519907,292.5717167399522,0.7437765761809301,0.0005355814961876466
47488,-7.144838119085733,-12.654633682729804,3.677570039574084,2.627576779158835,465.89182879293753,1.3867746112718855,0.0005355844533962297
47489,-7.034922119139917,-11.196674468079397,4.024656805212115,1.5660510461873471,466.5089081019509,0.9027916694239151,0.0005356988118656172
47490,-5.210665831568513,-5.445513268317814,2.3720522459097713,1.7957246820681882,428.8494822246604,0.7030895732610576,0.000535705556037497
47491,-5.184583089866982,-10.78954043343231,4.562069909303422,0.990964404988588,270.85670584868274,1.633325364244187,0.0005357512791087251
47492,-6.583208590814607,-10.490906491266369,4.5873638599313145,1.0856574558182006,468.9035588420098,0.8663774069074899,0.0005357910813996075
47493,-5.866283841549696,-10.897184351684363,4.534172716735943,1.000496589357398,274.3054024848598,1.7232555878209501,0.0005358878351293156
47494,-8.700725980736243,-8.602846976890541,2.8926850535514936,1.4404492940151836,336.8731817000101,0.4750131629442391,0.0005358915692286039
47495,-3.4222619231528464,-6.50486595877106,1.5738641780264309,0.6978150311615118,157.0497763247406,0.08513061594008953,0.000535912706347192
47496,-4.061382779904033,-6.0770895452251565,2.7909444817757114,0.5467377679781728,173.86831567567964,0.42351635899539897,0.0005359732606936633
47497,-4.646859177455718,-6.043286392737337,2.0892310602251825,1.3408528241531765,468.3386343501298,0.3198283551680907,0.000536083639716021
47498,-1.8237605719959546,-10.334140782336686,0.8992038382806542,0.944243950659476,248.11283023676407,0.5986745295433922,0.0005362123945129138
47499,-8.119482312819557,-9.615708378524664,2.9537829948116077,0.601634600047126,122.61334245030615,0.5172549547722527,0.0005364343825656545
47500,-4.651154782587943,-6.3377265066006245,1.5457836966158611,0.7724209449231032,465.86226012542835,0.5237055736701688,0.0005364743697026911
47501,-3.8276500283708703,-6.441340606325037,4.983587480224309,1.090957485227231,247.85940156723785,0.07488866397074645,0.0005364777970771759
47502,-5.542333474753411,-5.203884006545018,3.643269660857462,1.0827190385102032,282.2406257010389,1.478708671474224,0.0005368510134249421
47503,-2.2630584109562815,-10.389199171822096,2.7104486513235613,1.6928409698039113,467.5077165852889,0.25265891259562157,0.0005368827722675119
47504,-4.8456616107415496,-12.528441268739352,4.193866151610365,5.582520528402132,600.1431517734233,0.1836972051909207,0.0005368904792371883
47505,-5.564862197829716,-6.702782943463717,0.2574540818040095,0.9354878034079255,468.8623856437827,0.07593267000433279,0.000536948153772834
47506,-9.961200837761535,-6.621666286554781,2.8601304912820407,1.1753848356795815,467.98508478959155,0.3610837312832924,0.0005370676870441515
47507,-2.2401745528692087,-11.38171280422721,2.517916761901004,0.9033423068162438,231.22463606558955,1.2615025752506863,0.0005371114208878307
47508,-4.898157618394024,-12.621313164929516,4.187458294529188,1.3647001983714204,329.8711170285014,0.28481519144320355,0.000537329722073184
47509,-5.481087920944368,-5.451683595630608,4.083326232645134,0.5263152955874707,154.32620451478272,0.3757051326206753,0.0005373529334461881
47510,-2.896150210810273,-6.674826790788141,3.7642043126774123,1.8435724322489604,468.34380612012495,0.5150673874080196,0.0005373792477403699
47511,-1.7709977006804571,-12.079751482474471,1.1340812235514741,1.7262504360388367,407.97386348261455,0.46480397230152093,0.0005374370462832182
47512,-5.742747957165493,-9.98507075860155,5.019641425739545,0.8930545918273167,226.8583673553907,1.031694982362355,0.0005374450073862933
47513,-9.382971667721304,-7.469836634968757,3.647622485505982,7.844835300167931,737.4927787777566,0.4068067451622266,0.0005374854012270155
47514,-9.582466727954074,-6.124389821643185,4.268212588102204,2.5172176879518875,458.2320756878315,1.802124437941628,0.0005375962478251741
47515,-2.788640772943407,-12.079190507311225,5.0535500773685404,5.250475964654289,364.67689810755667,0.16061325631357715,0.0005377572797185152
47516,-2.9194862051697985,-10.97649043042047,4.932586897454428,4.384738639947399,586.4586717621528,0.5709946929862326,0.0005378111092504186
47517,-4.568094938272847,-7.252198205388132,0.26220628768826054,0.9409860190416715,188.52928405525674,0.847175940063595,0.0005378707966971317
47518,-2.1935603744187198,-10.540603028989635,2.1099208879206137,1.242449010167789,263.3556105455782,0.9897125758375864,0.0005379415158394148
47519,-3.391514101148508,-10.876545124889793,4.483638007171629,1.7585979608840372,435.6359352260687,0.5495219288528652,0.0005380272396602582
47520,-4.219218679122,-12.19018882974033,4.208286898664132,0.9916008355864522,271.3019539975322,1.8109582412700993,0.0005381089046781784
47521,-4.1077240605403915,-6.2039059081457815,4.206014355868445,1.516749829594255,468.3219362529456,0.31949541466236564,0.000538126664301035
47522,-7.744619949509222,-12.347284151968498,2.3978080110588946,2.2937888166368317,426.9014321926682,0.8784874584833524,0.0005381608539244052
47523,-9.149770488088372,-7.932491006325038,3.1908062459177593,1.4016159246914788,259.8593207700013,0.06994091918257705,0.0005381761563723934
47524,-4.075019586103707,-10.305691411059627,4.760092118431226,1.109861888022916,467.25492689312006,0.8077086601714845,0.0005382389211702982
47525,-5.639213395531909,-6.50459285206926,0.38641589197172577,1.4961960746133645,468.4449435937254,0.04175956564057426,0.0005383226768544162
47526,-4.978276198801162,-5.738549483360736,2.853426210443186,2.1711364295547706,421.8115149262735,1.4330375082247349,0.0005383625718431076
47527,-3.651383559318834,-6.124445272905289,2.360977153728858,5.488123994800957,232.72960833861865,0.361599475695102,0.0005384186591731919
47528,-3.4078787165515116,-6.185379473587955,2.1815746455715765,0.8738537941045323,140.5666632491918,0.23723827592745117,0.0005384656649610676
47529,-7.5028531207234135,-9.589639449122966,4.37026835527705,1.5903828556013015,365.9405234626481,0.635839840675092,0.0005385002609310143
47530,-8.203701751518258,-9.659018205334078,0.5255718382653992,0.9151954426975982,467.8760039490863,0.41799168070271353,0.0005385641699116509
47531,-9.169369693705892,-7.2538601194270536,4.4424398803633585,0.8704121686785694,370.7581428662015,0.8322759948504581,0.0005386431197261237
47532,-4.413598227737285,-5.955326219554772,3.054639616379657,0.9612935371051273,269.0686531739504,1.3829514681294377,0.000538735417484048
47533,-5.455757776165905,-5.544519184899452,1.5372270030044124,1.0030254556373779,273.75303149449485,1.6284254075399414,0.0005387641138135527
47534,-4.935216113036082,-10.963778693267413,4.483978578551937,1.8281480198487288,468.46997575389946,0.575310846038156,0.0005387656521702866
47535,-5.782735529223913,-11.42796180844449,4.379923653168342,1.7629697797639299,442.07702486426393,0.6649287145114124,0.0005388049744956046
47536,-2.3166745792524033,-8.847620302506307,2.821987671392101,1.4734146779318584,468.49989519747805,0.14370900170844525,0.000538810677656195
47537,-5.8174815246417655,-5.058133018453633,4.472927599588229,1.8599269844770125,468.4097667610645,0.04491027956928928,0.0005389216019415144
47538,-3.1756598771026123,-7.478055781835382,0.30034437337554715,1.5336889682000385,467.86947369995715,0.5891281129992754,0.0005390033549935126
47539,-3.5409816340866804,-10.212985169594477,4.807108154965488,0.7940060574956149,157.41660722561522,0.1479084471130756,0.0005390348458933794
47540,-4.017227774608761,-6.345784683015189,4.741549737039307,2.5086072957951084,458.34502075417026,2.1685875007016353,0.0005390813527979914
47541,-5.856688393525637,-6.0349208265551,0.33615125329432394,0.8251660701101347,469.4416421086677,0.13337264294296336,0.0005391397764736742
47542,-7.526232562197081,-10.1161117768322,3.8884787216904444,1.86950556397994,468.3579616985288,0.33650831925402347,0.0005391996975804306
47543,-2.2213095282311013,-9.910123656648949,2.3617118787940012,2.6000440112338676,464.0576773043225,0.4091844359025094,0.0005392736603276508
47544,-4.038057641421067,-10.066600181877304,4.909110525130606,1.861649002671207,468.3459549489814,0.7750612742116614,0.000539310150217183
47545,-5.369535121010826,-5.17974509642867,3.1790463524334274,0.9162189688219841,244.0456773702356,0.1476084314856818,0.0005393356244315923
47546,-3.897159265192192,-6.231966040423546,4.261133442525653,1.5452366896282062,358.53658269464535,0.40767770066153286,0.0005394425564432272
47547,-3.4100216743235565,-6.496629025083437,1.5115368902732822,4.858547281313902,530.077963928626,0.1291526629048141,0.0005395286345169819
47548,-5.3692620651300835,-5.335589590092984,3.383531594116649,3.4230810378649577,531.7456810884312,1.3926459824875677,0.0005395430537632526
47549,-2.2776888989822837,-11.31188853404236,2.810118546780869,0.5590120541614961,175.5094752393526,0.9434858367899173,0.0005396994619494144
47550,-7.810972202090053,-10.275680952713579,3.1683851101651523,0.9100433583567804,468.05947658224625,0.7078872294862926,0.0005399699443906671
47551,-4.340945620559476,-6.381956269983482,1.5718958871598516,1.1467715117843298,288.72846187275366,0.7605968784876511,0.0005399988568641312
47552,-9.569610828728537,-6.422834148633245,1.6997090224973295,1.4422925666701196,317.9202490754856,0.59901225694749,0.0005401215197746467
47553,-2.3851131880062546,-7.733080227994018,1.2733420985786976,0.9918407982920668,467.83436568528697,0.7865798545509479,0.0005401468916338904
47554,-5.732422464031984,-5.097054508253743,0.9814205620498566,1.1742259099098475,466.17949359929503,0.16201181862499237,0.0005401733334100005
47555,-8.350964415821744,-8.427007600401414,4.293453914431769,1.337386059734702,327.32909352427583,0.39984178763866485,0.0005401924665848557
47556,-4.5280311144185355,-6.168207924856389,1.8640279591447293,0.8581601517544081,225.97034984843572,0.3678021378409797,0.0005402090640440511
47557,-7.06831978724246,-10.776735388221198,4.133216166473197,1.3062205490067416,324.66537586312097,0.38986187407844763,0.0005404541852590815
47558,-8.459577136387791,-8.804458941250722,3.285640840637549,0.6308342796918719,197.16118071134827,1.069256421999568,0.0005404974421739771
47559,-5.31101358087529,-5.311504284702663,3.252105706546455,1.0178375246910707,277.89169061537365,1.0050406223492727,0.0005405784833233957
47560,-1.891967195563243,-12.362021003743534,0.7914404597422099,1.1137265683893356,286.86011163065234,1.511549764191332,0.0005408043028623098
47561,-3.013867580218238,-6.456055099345079,2.160576541015546,2.0404101551378906,403.2337919629425,1.1524674931293175,0.0005410216951326013
47562,-2.4181611760793755,-8.550203236664322,3.3979480096294132,1.2121713676127308,155.74743038218622,0.28321880112385855,0.0005411862955617604
47563,-9.172436869260201,-8.054541063388365,2.3689251499003876,1.7483836473763823,414.4135995534495,0.8335573728514847,0.0005412318278367685
47564,-7.640077492104008,-11.429216322215538,3.0012518389050067,1.2392437306645199,313.6477257310107,0.41917730826136346,0.0005413837860361769
47565,-2.554609083171301,-7.470590929638309,1.6075351926572286,2.338550127769483,357.4032294307697,0.08472412080605451,0.0005415885236872433
47566,-5.91331096328698,-5.30733662391893,4.839087014472831,0.5897380230800411,121.93220924959445,0.27926985461726517,0.0005416216144816152
47567,-5.390075021513262,-5.092652000386687,2.2949530485859464,0.8585239324194447,468.7372188369282,0.21244422658049444,0.0005418203481552623
47568,-5.292101737601435,-5.7041315168597535,1.7129530019989778,1.4832621258336398,335.46538736400447,0.09510194961407503,0.0005419679672884281
47569,-7.424906719832602,-11.266511533176892,3.4986818097108308,0.8822781575473221,250.48569780404762,1.2233547509562905,0.0005420550715139482
47570,-4.4627282297552,-12.026456958630565,4.231314466571736,0.7037817636463035,467.7402645146109,0.3680730799979637,0.0005421082858327802
47571,-3.2782777728539516,-6.100409250393972,3.017169644755928,0.7125778186109,144.49145518546422,0.6893230881613066,0.0005421361986852316
47572,-6.280215415543454,-12.719161153128757,4.168643987187242,1.1409895508169734,297.40006861607736,0.6589589356706744,0.000542185266027042
47573,-7.665075358855811,-12.608687644363119,2.669178261189531,1.4680392419448234,333.95955628934627,1.2348532639633953,0.0005421927389828137
47574,-5.414726465301586,-5.148333682204374,2.129602073361784,1.8425435655501499,440.4935722361532,0.4559449414068384,0.0005422165074394557
47575,-5.283987645503287,-5.399014820810224,2.6363257274946323,0.8084476084962339,469.587709621353,0.10851126625939056,0.0005423814712874791
47576,-9.39389188075682,-5.639874556656529,4.604371581449066,1.714504725661802,447.9001348809521,0.19944895270246032,0.0005424027022913476
47577,-3.261738135662714,-7.190963454381591,0.49584573354593164,0.8772448230974252,144.13067200132483,0.10847483957919746,0.000542518760830473
47578,-4.060864753686033,-11.079269358263113,4.42267177159674,1.2045225426932578,292.68734056757256,0.4314117515528766,0.0005426671052742228
47579,-4.606039223738344,-6.097129077635582,4.03237021087554,1.685985342055253,396.2019974829379,0.3613906033394647,0.0005427542930059031
47580,-7.543330231941916,-12.81448148918872,2.993740270238465,1.824612295414394,468.4535607226207,0.851639489463925,0.0005428790007655221
47581,-5.862457374041416,-10.081860900941141,4.945443179138381,1.8725160780152212,469.12882196306765,0.6341766019600064,0.0005428923482576908
47582,-2.278143705042633,-9.923516072978623,2.786662283445806,0.8548559297623199,467.4654112992155,0.24196925156571503,0.0005429517794172613
47583,-3.5789492686188176,-11.731184941978468,4.258319982968156,2.4879626009969833,275.55594806111844,0.494317685982713,0.000542955576657547
47584,-9.39778608578365,-7.722931050363973,2.744766180751642,1.8635132592373758,467.52588092269735,0.29731295893643495,0.000542990453013585
47585,-8.66988359051533,-7.584714795626235,4.9687804326305836,1.8828389627262254,469.3913420485466,0.14421721215188565,0.0005430084939343488
47586,-4.088961048397817,-6.466640005820822,5.12737257682465,4.8605246279443595,614.3342041228813,0.5788538483590022,0.0005430322380181414
47587,-7.8714957771770875,-11.34826927955557,1.599928375443652,1.1323852567348933,467.39323957082314,0.6581562990853183,0.0005432343851224023
47588,-6.868179435695732,-10.92061961594705,4.243975528567033,1.0335021553739188,467.3239684503509,0.33301911763271885,0.0005433187198109391
47589,-4.120043433045365,-6.086706081191918,2.6302198463937723,1.9412793277453742,396.12925461402153,1.5370002913603056,0.0005434922044255364
47590,-6.1003472059585295,-11.47427969012699,4.353071317403891,2.444619838312959,452.9719864378747,2.5033440363831367,0.0005435990089325881
47591,-5.811314869130502,-10.432341191284253,4.736344288161126,0.967383951691374,467.7030490499803,0.9020482283510143,0.0005436582720912221
47592,-1.7382381593851637,-12.459524794486983,0.988532122986515,0.9366369992876662,231.72530150330013,1.288532604207405,0.0005437246216588939
47593,-2.6645721651602647,-7.581972143174713,4.5437620970338175,1.0079336335853109,154.31470269411835,0.2767331335401124,0.000543855635207795
47594,-5.543179237781865,-5.266228971264771,1.701259160042514,1.1784196960256017,304.62652684689135,0.5549870069679494,0.0005439975115549937
47595,-7.5502942447792085,-12.57299578829083,2.999094522162882,1.8226419083541918,467.90176264650773,0.21684998626477991,0.0005440322368131122
47596,-3.446217321333873,-10.53595213829228,4.624711196012349,10.507378006853802,630.7413390658722,0.0637217352063546,0.0005440322678752748
47597,-7.012312472054358,-10.501140218120845,4.30581584145793,1.9026836922689572,459.67732299713066,0.4655545812080044,0.0005441865523385626
47598,-3.2318419081227265,-6.219916057189047,3.832953689231232,2.383641272617007,256.6928427937541,0.1340174641698466,0.0005443639707287566
47599,-6.013208894266013,-10.049771476272884,4.962183502532762,1.6513568163713137,389.64416061090344,0.4037840927482321,0.0005443662263488605
47600,-5.910759443548825,-5.175083359217901,0.6550713660712455,1.2206544202280414,281.72323673001,0.12057354060586789,0.0005443986814074029
47601,-5.469095047030203,-5.126427039510539,2.333505229893149,1.238584737671334,273.0398224766659,0.9820383536212915,0.000544600886931119
47602,-5.362394354350946,-5.783315915924379,4.376033597485514,1.0874596090786839,290.6688278578731,0.9171915363227034,0.0005446518801314526
47603,-9.17106785732052,-8.02250132256452,1.7980201659779984,1.4919859451516464,343.065536356432,0.6916405446104053,0.0005449102325734255
47604,-4.653587058468799,-5.917202559549397,3.0777799392224026,3.7563571551169552,453.8633676207906,0.09413804340946363,0.0005449241816958883
47605,-4.683388435092946,-9.803992534056515,5.117467326466421,2.869426253022152,489.6777835165923,1.8324248205228821,0.0005450028445827391
47606,-3.925902145411394,-6.3116776071536265,4.4656494146387224,0.5458692529818194,171.0526461996957,0.8709484457369259,0.0005450272224109408
47607,-4.652733233296335,-6.358371959146471,5.063126201199447,1.3638876681683567,309.4453598365998,1.0044552752629077,0.0005451041846227945
47608,-5.071406159593742,-5.956000322232394,1.8138474675374925,0.9285275489930334,467.4688909664497,0.4454343957991824,0.0005455693957185862
47609,-4.916604436325902,-9.819653026218404,5.108860271947891,0.944611253597225,467.01477255845754,0.5515577336023982,0.0005455731040022836
47610,-3.236104491426075,-6.1616136485736295,2.822257202259216,4.342803934384664,534.4532729109727,0.18551535153048793,0.0005456101563600291
47611,-8.17126412317219,-9.984747721485569,1.2935833670521233,1.8481969626733052,467.5704800753794,0.6347724449678482,0.0005456909696440245
47612,-7.872930601426292,-6.479258845515548,0.06123480940267314,1.4576117715035137,337.95352543455067,1.9123830910119644,0.0005457044888630623
47613,-5.136161439377807,-12.506086867009628,4.199448268791187,1.6610758467041955,468.2829030368394,0.27011399896790955,0.0005459029989028828
47614,-2.128570804534834,-10.749497314871544,1.7257835876628371,2.7444555184185813,476.10849155739106,1.3208492081964867,0.0005460150682403694
47615,-3.4437460805748987,-10.506613833090384,4.636439472132013,0.8955024054792083,254.5580677628613,0.10765386765137475,0.0005460386249028756
47616,-2.9683653124415654,-6.5080361012542225,3.4925725567651247,1.1987334428761955,300.55665569124864,0.4851528803059173,0.0005460939789342664
47617,-4.9348730104464185,-12.403564646338983,4.202844935129321,1.83824510315408,468.64893846389,0.25986281474649253,0.0005461623022932867
47618,-5.573611336923971,-5.651974290381573,1.2804252714035123,0.9867688759793583,203.09396151577616,0.8816642664025247,0.0005461714694188913
47619,-9.072017081742855,-8.03231961335874,3.1573915022516768,1.0219923987409882,469.05008805773406,0.0046346033818700505,0.000546204744686273
47620,-5.093409565041025,-6.019241748132907,4.500352620982152,1.774402778907646,468.03562371993195,0.384040370878421,0.0005463208970212695
47621,-6.65229777909663,-12.94003123478068,4.0368836087506645,0.9995071281063976,262.7755592899581,1.0506276878581406,0.0005464888419501659
47622,-2.083159098239298,-10.396964451086207,0.7489902062132211,1.0863840455470928,467.40783053556447,0.35133448908321974,0.0005465610336757625
47623,-1.9026147659552386,-11.58314934198262,0.853623922070356,0.8960824206660201,174.88353153065296,0.07297225922188844,0.0005465623355766766
47624,-9.993403853229836,-5.6874124453858625,3.149997970674634,0.9562367528622315,194.23178187919484,0.7205403894172493,0.0005467696534341589
47625,-5.102679627665106,-5.559571742201282,2.4303504603302897,1.2728896128500553,270.33046307744536,0.031593443836015034,0.0005468103603229414
47626,-5.2174350572192,-5.7750582680202935,4.100421355728575,1.8998711123783392,178.7705672360247,0.42957632513223754,0.000546893628059516
47627,-7.456062294396679,-10.11785310307243,3.997185238519917,0.6522316889531408,131.2536695136463,0.9396163803902118,0.0005468990864302785
47628,-4.369846357660604,-6.432693631113935,5.13071174800995,0.8862573663398916,468.4463500441783,0.8900680808983799,0.00054690197217575
47629,-5.463621933531099,-5.225099402590361,3.412195051677109,0.8399630891841134,146.5044937145199,0.11479098420012956,0.0005469857271987954
47630,-5.44091946226656,-11.665495060345021,4.318546788346894,1.156394048824519,292.80449521034575,1.06398387873356,0.0005470922827366326
47631,-5.44361103368618,-5.616281009590732,4.125112717420244,1.1523953519480743,468.75523586542295,0.32161669280761007,0.0005471062034799798
47632,-8.108848744584229,-10.215702707626003,1.7957977671661551,1.1874172330308337,250.13390996087085,0.23885168977397253,0.000547126246897208
47633,-3.88964647243042,-6.374883608915412,4.787037726967909,1.2154777517387938,265.2972549807846,0.5363981482661053,0.0005471324432219106
47634,-5.4976742124983975,-5.904755709312894,1.0075356356545375,1.559038382235587,359.95527132256166,0.3458367614924587,0.000547228435586168
47635,-2.6518256219081593,-7.459485538061405,4.021997198668484,1.7951993696824722,467.7054224669479,0.10206225110981926,0.0005473549893928747
47636,-2.2394393535741486,-10.486054184258577,0.4531153676108483,1.6914697271263197,424.66387542873116,0.8394126260513328,0.000547413241146615
47637,-3.3753546889426236,-6.269821361091666,4.222617333821846,1.8602627676921564,467.4177207278936,0.23362807138599084,0.0005474176602188834
47638,-8.538838103978392,-9.02672520474228,2.2868753242235074,0.9611834589407512,468.04790494140013,0.9377109693243062,0.0005475136374175039
47639,-4.719925812863774,-5.91325437476814,3.4631333954468135,1.1924818351074773,129.4404709275517,0.3501582593848722,0.0005475193280640859
47640,-3.675894157827585,-7.550076711306189,0.07917446656004595,1.7791510802289818,468.5732890852223,0.6139242998717451,0.0005475325396479061
47641,-7.792563731945666,-12.396443349298863,1.995291486250581,1.1554757923812298,297.0520258196894,0.8381729862434613,0.0005475717715550406
47642,-4.999455334090779,-5.757453052836594,3.459890481095154,1.6334165336791961,377.6177549489127,0.7949341034662458,0.0005478632142169484
47643,-4.944837711299442,-5.9651389983505885,3.9960230958953527,1.2253550664080999,308.38808092549294,0.3638275066873913,0.0005479036196804763
47644,-2.4717370656511246,-7.655361134912258,1.0470956963253804,0.8780530373568827,170.23760905836653,0.00117978485821002,0.0005479448383221188
47645,-3.995569407838726,-6.260153224665694,1.987540156096552,0.6528868668346697,132.84571271353465,0.05963092025195493,0.000548011106743076
47646,-4.05756280889506,-12.101294422787298,4.2077946017602,1.329893794422363,469.10364795394446,0.6338140155683183,0.0005480515098944515
47647,-4.741040758867983,-5.998215409077566,3.961570822599645,0.9360576836159072,191.20578483041933,0.18999775774812822,0.0005480531617580253
47648,-4.2615520381776815,-6.283150347652467,1.8105869071749106,3.0002202544685446,325.73743000360923,0.0713291210129805,0.0005481495062309251
47649,-4.063346979839904,-6.413557105119736,1.6225489688549959,1.432865754947912,295.8147420570423,0.10246064765664009,0.0005481963442275223
47650,-7.476867709670324,-10.985920445719394,3.498735437939684,1.1185901548046029,368.49850516350864,0.44027738242139147,0.0005482346620967387
47651,-4.1914114289670295,-11.713708881150557,4.267647571331103,13.271086336852665,716.7494432944305,0.122376200422468,0.0005482433747614468
47652,-5.491182951282546,-6.147356112460234,0.8374710654751858,0.8953747640007379,468.457479498161,0.8773122926682246,0.0005483444581593663
47653,-6.20962731114043,-12.140478011372995,4.228195677902775,1.5218990616410035,343.96657236204715,0.34529113173688675,0.0005483831451589843
47654,-9.80693091770437,-6.139406040095877,2.0719888230937205,2.416650974503548,450.1385914493116,2.4472304088787284,0.0005484164163549974
47655,-5.566260614292921,-5.402338269053302,4.028526883006026,0.883578263999544,170.32184186071294,0.015593182003857287,0.0005485917525426161
47656,-4.678289924148013,-6.7993469598841365,0.7119892596220011,1.327252055688893,325.6379401972664,0.5693932495298322,0.0005487716950091548
47657,-7.957742941501006,-10.040726962866202,0.3897623725996231,1.8302162065129077,437.01813506319036,0.17057463023030905,0.0005488516776535376
47658,-9.563340608698773,-5.841127216683561,1.6771024529455891,3.0833782211605456,502.26841185065734,1.0158635133944198,0.0005488839305829782
47659,-5.087005165206703,-11.157814515996398,4.424121414501552,1.4692328394547487,338.1929848733198,0.6093627459805786,0.0005489514020499784
47660,-5.898002256687463,-10.184182080701506,4.874366887247789,1.2410618567194567,383.8131843864685,0.38169189164261486,0.0005490873984535764
47661,-2.0905284327928166,-11.78263980529227,1.6134271055875837,1.0110944498566055,215.20777303397938,0.08437445938302446,0.0005491073336432235
47662,-4.2617445243098615,-6.0126842108857135,3.1316544610342048,1.793337574642358,467.92678290179595,0.5487232168699974,0.0005492438625867409
47663,-5.248464595438063,-10.276873298379561,4.804916156655323,1.0957772744115648,221.5595302908546,0.6619641897082129,0.0005493972939493568
47664,-4.275240634532954,-6.345917362197441,4.8006262515801925,1.628607315128879,381.6894495612837,0.5876240937301098,0.0005494597525649853
47665,-4.328563153446396,-6.23855085190987,4.352235815390882,1.5958363425590296,350.498892732222,0.41997341575338165,0.0005494985915744839
47666,-2.3086890395501793,-8.947207643372701,2.64412290388002,1.1734541342584475,278.1519409699041,0.18382748950285865,0.000549562454766511
47667,-5.341262191997286,-12.404403665815568,4.214440453232647,1.0414341772140758,281.31682571365354,1.3635499009185343,0.000549595979810044
47668,-1.7624834317054958,-11.976272050043775,0.9456267069978268,1.0215385720974968,220.17909830873944,0.4455275080015406,0.0005495996367149574
47669,-2.4497042298273284,-9.582203653953517,0.294626931724878,0.8973420945545499,221.34531642161502,1.3056238602839185,0.000549613903000616
47670,-1.7962673466648447,-11.036220104115815,1.246915728945168,1.0670743563144722,467.6810681955608,0.3252422676557245,0.0005497110835980252
47671,-8.13589225815691,-9.694792528744905,2.7446505551019627,1.9761319009798173,315.2798387774308,0.12020842667711751,0.0005498933782905681
47672,-5.6251379692529815,-5.029872815310044,3.6648092572926263,3.399809748266265,510.6549785951659,0.331581780545541,0.0005499695355947109
47673,-6.570589445615142,-11.44041215257173,4.251420202317797,1.8287963257790179,467.1738723294845,0.69623506606814,0.0005500361252840215
47674,-2.9889410944370542,-6.50244611152067,3.34952344328758,1.8675883979679304,389.8518724107986,2.0146020827346245,0.0005503010279485808
47675,-7.7698797161423245,-11.455229552262406,2.563791229301788,1.4636472689006383,344.3479889528456,0.30021339694577254,0.0005503489691396489
47676,-4.6495018186215376,-5.946644712785299,2.928416042182212,1.4569691564648437,345.1179926636965,0.4463729627054498,0.0005503500358325115
47677,-9.632239299962874,-6.168072231547909,1.7710078817712462,0.7292428650842676,158.4293826410522,0.9988033052843113,0.0005503833309617847
47678,-1.9416893488423685,-9.812754713398485,0.9376451358717061,0.5810251275524088,163.4807444497481,1.172174937805412,0.0005504130184643466
47679,-4.274920966139365,-10.847775171067312,4.499014726553995,1.4814838516032263,340.708821257455,1.910087023052764,0.0005504561048959826
47680,-9.738984517466058,-5.284901199092379,3.892431308026715,1.4286567437097326,468.82010099759026,0.7498683092995275,0.0005506442986744507
47681,-9.45043872560243,-6.9566919998730326,4.189284376159915,0.9116058636035589,178.54100489196745,0.11871404504613903,0.0005507076460330333
47682,-4.0127081795125505,-6.25724986719154,4.228649636632389,2.3398653680535726,437.01264443792996,1.1737304983694363,0.0005507658304818182
47683,-4.60842213164946,-7.26434327567446,0.276350459021657,1.2420197088474416,296.68553940880474,1.0579340115471698,0.0005508479773841766
47684,-1.989325429342541,-11.348528996398692,0.7526418708360144,2.6339846582417112,466.4019106951774,1.3259256053215909,0.0005509331014040953
47685,-8.482288718157244,-8.862814681464894,3.0659330058431844,1.26139619843811,468.20452615787707,0.3668653838909641,0.0005509903067992891
47686,-5.070932324390914,-11.312370990399659,4.379575120185022,0.8975627919181506,229.61488858919108,1.0524267775584315,0.0005510764021234288
47687,-8.070356521439075,-7.4190034505392575,0.17288984773938676,0.9009542301289699,211.23916607328744,0.057168507769902455,0.0005511382915032773
47688,-5.81807256743942,-9.78661085070316,5.163413587309887,1.8140776281838211,461.78559817772623,0.821194661465869,0.0005514269424488489
47689,-4.221402072832545,-7.065585227642724,0.5492787176056783,1.7196236897703452,468.7667278167062,0.29016715764236967,0.0005514799719291196
47690,-4.0416439240733,-12.954321865246042,4.136846646660873,0.8612114654818728,222.83376554666307,0.8119992484764511,0.0005515192348571338
47691,-2.1412475374610995,-11.16872844852681,1.8391575080776845,2.373283562275258,443.2131378585589,1.6848459518951904,0.000551552341738699
47692,-9.982374523094034,-5.484319795834803,2.629679662554537,1.1071020403011604,247.7146840730113,0.06587112971647802,0.0005515604777318546
47693,-4.971241204394864,-12.59146799603411,4.182786309226041,2.911250953269089,424.72992134090816,0.1411058097700657,0.0005515985711361129
47694,-5.479887713624512,-5.4327411762856554,3.996779535987758,1.2181841260010682,306.6304975650104,0.2925432829718,0.0005516819026753998
47695,-9.604621053263795,-6.127303897893974,4.205117482521046,1.468612117976927,326.06859094056637,0.20018658857052074,0.0005518191576968208
47696,-2.820528041902193,-7.607595730969403,0.3424580658197976,1.0916866130692047,288.23905703695823,1.690495859575198,0.0005518941982029741
47697,-3.9950227495330655,-11.042700476696627,4.426396059123725,0.9444537143186019,198.66728591906974,0.5140082405148929,0.000551983278652078
47698,-3.7273440138739664,-11.285927547103597,4.348676097046568,1.1077484833749995,287.9521591540997,0.2964066256327067,0.0005520998099329117
47699,-7.821365420562216,-9.337183976679256,4.073339744082575,1.0285528021946901,274.1541457694774,1.2157396980056063,0.000552131592536093
47700,-5.377859551266137,-10.564353095921255,4.654561420436443,1.1986141835751014,466.13444193169863,0.15993301468813126,0.0005521859440505867
47701,-5.756149722603877,-12.121773903403856,4.249717065368627,2.537864349201537,453.90168696119866,0.9910879610112326,0.0005522147438296721
47702,-5.374920261865763,-5.687030563596599,4.201399933838278,1.597514977870965,373.8350201475287,0.8762168578126186,0.0005522153970474495
47703,-7.795190701445381,-10.546206040283415,2.993985668502532,0.5563374947695511,132.28744098444997,0.014913770289582295,0.0005522238719157061
47704,-8.500806691724403,-8.915198194562176,2.8523364561141467,0.7625270667603037,468.4775910470504,0.4241407969189046,0.0005522944199426524
47705,-6.118305227132831,-12.292227804411228,4.218423145036157,0.7002709217648767,468.18429692033146,0.4520657153706562,0.0005523689534688105
47706,-8.002029775481653,-10.422124620312612,2.2680411691953566,0.8588768576064801,467.85765056739706,0.5414522853358399,0.0005525157300347657
47707,-2.103156948894358,-11.640688907375576,1.6397407281660856,1.6309412777688626,393.2588263864452,0.2340856303937322,0.000552579888450783
47708,-4.747843992933815,-6.429002238944984,1.1157227993856256,0.6140052768633579,125.35278308128186,0.4757286277290449,0.0005525824039987016
47709,-9.531596985034508,-5.892906831666081,1.6369676690259858,1.8902307247297934,455.17198411183784,0.5722390864835232,0.000552615627742261
47710,-9.502163544766532,-7.287250035948379,3.649216540917084,2.2649883130235096,428.61852072976455,1.1872355680223672,0.0005526806991504662
47711,-3.350467190801205,-6.205580495622291,2.185780198378014,1.1749999134489908,257.85586910412445,0.1319259614741375,0.0005528638544690047
47712,-5.682054529972865,-5.307696808074482,1.2827932462141256,1.6441203605803625,357.7451335382305,0.377190970650898,0.0005529338208344106
47713,-5.2115958568794785,-5.471734773033222,2.3312568669805556,2.4335658033259304,441.7437659320175,0.8355209850680856,0.00055294556303504
47714,-9.885172238797095,-6.515565188172027,2.382258115117998,1.1980812802079488,304.2263769110729,0.3735947730109812,0.0005530262514120484
47715,-3.671087312692868,-6.14937964412149,3.7033193565194606,1.6813904816811052,395.84313978245865,0.0016628051321898596,0.0005530944623061758
47716,-5.654078001426225,-6.343215981063162,0.4308638872832299,1.224659589692437,254.22194836959673,0.6001832260731712,0.0005531277412459076
47717,-5.3137908242398915,-5.3737384193752895,3.2810908261735356,0.9120737270552902,225.78691778776266,1.150611095747057,0.0005531620787704852
47718,-7.872114447974994,-8.782446789075511,4.69703758429761,0.6501898764405227,164.93951012061098,1.1450463406777107,0.0005534398096364659
47719,-3.5994303108137213,-6.619791437595859,1.276201526966623,1.1751280433627183,263.2272202715414,0.4453389230685074,0.0005535827291941991
47720,-9.725739224284984,-5.5953580383269195,3.935079686706401,1.1196159002228268,466.95442653099843,0.6176107134332813,0.0005536286563868518
47721,-5.2121818743059665,-6.114234402470336,1.1900608395217733,1.0158123778793506,243.6865722515586,1.2382199898810162,0.0005536909458093631
47722,-2.342039507529675,-9.303055294439464,3.1687189400834765,0.7969446127803724,201.84276586328764,1.1619550175411488,0.0005536953188228622
47723,-2.2720456595191942,-12.654494893590936,0.36714193402160866,1.8604638723167966,448.10258076193935,0.026941431395482773,0.0005537111946350557
47724,-2.7247313101604043,-6.935480443357945,2.8780582699940593,0.860772721659874,467.8139672947054,0.2607074206296911,0.0005537719771818489
47725,-9.972992473157834,-6.392766690891177,2.7402899573358708,1.3545625881476626,305.47693995769504,0.6650843243750417,0.0005537849593141748
47726,-9.205683262968401,-7.836755751412242,1.5888374597388808,1.001865488206028,202.34555716547325,1.0479057178188382,0.0005537870342876423
47727,-2.296730097835643,-8.404630622021315,1.0088722846403295,1.8285065687167488,435.79914178106793,0.5366504793124802,0.0005538371421625011
47728,-4.765040446825867,-5.842721871846955,2.912862686232958,1.6925678693228863,441.3845056797017,0.761058339979023,0.0005540129305828
47729,-9.408786444213968,-7.568889537417187,3.3008592410897983,8.79247926598033,755.2496221923903,0.32063312354300866,0.0005540343159976505
47730,-5.236149631014691,-5.3726328259640335,2.7646715517448985,2.4433097839882634,448.9473756670846,1.4403014516815738,0.0005540518611877025
47731,-5.539192511549171,-12.913931244883535,4.178494117771272,2.2902137745500144,431.45517047008,1.136627376319571,0.0005540714137552505
47732,-2.8106462412134103,-6.698728331479814,1.2623731879509308,1.4549488403160438,333.58328056388024,0.05201657305586682,0.0005541317628945904
47733,-7.14455862113432,-10.034830549717888,4.450389597193962,1.025360389970562,468.0730425776083,0.8214828890305652,0.0005541470179101513
47734,-2.389779292811866,-9.291977095380467,0.4006597364455973,0.9825223063735555,467.3386164175639,0.47571146905710915,0.0005541564789440182
47735,-7.455828105691371,-9.925396455674155,4.136553189837048,3.2146340190706346,508.85793656939046,0.7673520496930202,0.0005541888936818099
47736,-4.92724780573933,-11.83563039712775,4.264424287766361,1.8490401836859371,444.87006034324884,0.006632824967666373,0.0005542066101912648
47737,-3.5600087677040726,-6.121584038243062,3.3958224081795687,0.7292062759280521,188.74151354128685,0.06221267465498137,0.0005542596846135593
47738,-5.860976426476492,-6.611955204126507,0.1009342171936903,1.0026238018239295,263.656493024915,1.3789194317070246,0.0005542791844753376
47739,-2.1647101204765775,-9.892451949606421,0.7242361700848817,1.6781639985012216,392.081217673628,0.26343801735768846,0.0005543000613755541
47740,-5.33591550357262,-5.2445782971219925,2.439317440943563,1.4810828134842613,330.92302402260384,0.08983207472339583,0.0005545027125606885
47741,-3.606339937918169,-6.264238785787302,2.0777269286277207,1.46062563653506,469.5798535981852,0.1360526359341412,0.0005545579640378181
47742,-5.212360730602211,-6.532117207556474,0.7169018594504661,1.7081931225245814,371.0653338277917,1.879366344782932,0.0005545868991514356
47743,-2.2716880134933017,-9.770836668275102,2.7809806716735452,0.7526068500566809,207.12439959892887,1.208922715482946,0.000554587406773232
47744,-5.484295427400425,-5.166256215275343,3.4961214578546667,1.0670740764062037,231.35018048879343,0.4549897719798155,0.0005545897161968065
47745,-2.2729941487394587,-9.0265538758138,2.539122277158319,1.8368751886367936,467.0343334939316,0.021353708255543502,0.0005546359275668513
47746,-2.046529563517577,-10.707147588163485,0.7308980071209361,0.882827777652161,217.60110809294935,1.2339470164842288,0.0005546769052356816
47747,-7.813831335416507,-12.004194990047406,1.9620877809241966,1.3456079308800846,326.9038209512524,1.2544034231144616,0.0005546843718418283
47748,-1.8432769981533959,-11.059036220946009,0.8449290616457784,1.973560742345159,397.22153048596493,0.9782188608187274,0.0005547180054104982
47749,-4.773766168426201,-6.0174953178781445,4.063088413264822,2.7766076266453985,481.5699791648268,1.8036788372102937,0.0005547348803852262
47750,-5.5127892954767495,-5.253421835313715,2.037293074937406,0.8415714729347518,246.3395975916912,1.2436343803809313,0.0005547376187273545
47751,-4.69294726019112,-5.89781021630543,2.5858898589253716,1.6299945972544008,361.21741096922,1.83370172279706,0.0005548962127508034
47752,-3.1257888328844157,-11.39044912221798,4.442680453194496,1.5483145457764025,450.49160612760795,0.6710067301059253,0.0005549415174799932
47753,-4.0311149761002465,-6.220209813683989,4.098643887505568,2.0287030855776034,394.11082067447046,0.7183694895007049,0.0005550088342847155
47754,-7.796393485878514,-11.531372490897613,1.395770664519088,1.389223894422071,333.8023213756055,0.3124521094351458,0.0005552312975795205
47755,-3.4106554799871533,-6.571535403433521,1.4665579985257704,20.45422273121154,624.8118473166228,0.05676557647970526,0.0005552574478653212
47756,-5.659085492196904,-5.034143901226432,3.825901735205589,1.5449934499325175,468.6600609707942,0.43012200296253766,0.000555268223512112
47757,-5.664043989546705,-5.8889609481114995,5.107945201904016,0.6837592790310708,467.6600611493247,0.4867338189741499,0.0005553143354460255
47758,-5.061521790018272,-5.796180956932354,2.178498989456563,0.8866196276170072,366.9532230116748,0.6104167737288906,0.0005553382908249805
47759,-7.088318490901894,-11.070979375655138,3.995369745940528,1.2196260205397331,309.3123674951032,1.286126721598122,0.0005553618498838552
47760,-9.516062511198424,-5.466434703901417,4.346626267493402,1.2209856574555382,308.2766705393518,0.6680076386843297,0.0005554684665029286
47761,-5.6053623085049775,-5.152511347308841,1.7479326371571078,1.5869863634555839,387.0478653502172,0.33386454073101923,0.0005555555595840417
47762,-1.9667729391304167,-10.625233796103474,0.831530721212968,1.9348872467051543,389.68320421078994,1.0656956811756588,0.0005556553002774342
47763,-3.220230693475319,-6.271656939794326,2.1174862649641977,1.080413364185597,289.58003893706365,0.894032662024455,0.0005557396402089376
47764,-3.3733133661743633,-6.127719857307044,3.0349121743660845,1.386560032140371,330.69840035723644,0.24708769018889765,0.0005557774229541163
47765,-2.327619876022199,-9.622910709550208,0.469166120187689,0.9580912851578809,298.66438138867943,0.7558628053458252,0.0005557963856972375
47766,-4.207664433975223,-7.162334023576555,0.42418816435194373,1.0127602035060546,468.74988203122473,0.6451564674163919,0.0005558001837049324
47767,-6.010522188725092,-12.155325159009841,4.238907740308576,1.1240126037526779,277.2449708213894,0.03235481945802121,0.0005558103131320278
47768,-3.3140632520568776,-12.975689311537472,4.124788637483929,0.95265623922853,253.1997105812572,0.5500184288045871,0.0005559332309657434
47769,-9.979488953038384,-6.024922420539358,3.1965654990812356,2.1322127021582893,415.0454499684538,1.0262393274281516,0.0005564638267129488
47770,-2.280826375003403,-8.711345257810649,2.115997219249491,0.8991618169582104,251.9230702587789,1.0513313771390331,0.000556528320952018
47771,-8.557174897547853,-9.04371360839587,2.050072177190699,1.5336229953378064,340.90704794995986,1.064873861977416,0.0005565409386049222
47772,-3.86679375997622,-6.49576152485771,5.1524778830200075,1.0562359257595821,467.9698445808712,0.8049282286547266,0.000556777834678493
47773,-1.97769937491449,-12.603533550505777,1.4205234482802744,1.0427934398280887,281.88693475500116,1.4912533699307327,0.0005568825818977697
47774,-4.940930880755703,-5.806797755577131,2.2914057647646526,2.6268642726134095,449.30495045972236,0.2292989791954989,0.0005569264064312958
47775,-1.9858243299740455,-10.787863273790189,0.8031530860689075,0.7582526823310034,468.39504713450503,0.2889513846556522,0.000556956592657059
47776,-9.831872303050877,-5.661310263184789,2.112545392858754,1.2583468701683256,262.43941599505655,0.14444569248602424,0.0005570548849930147
47777,-3.483487753080123,-11.237318274442046,4.354525783146413,1.6203865723616093,378.3897683193923,0.3944960966743567,0.0005574818542573812
47778,-2.018581776183158,-9.209405489159872,1.0248763803750418,1.2904842283393505,304.4303048365799,0.35729759725999255,0.0005575220660337573
47779,-1.9898918570099582,-9.404199511627537,0.9866440564491363,1.063813501040536,221.63689374826757,0.38470813183413455,0.0005575650395607278
47780,-6.73653130650589,-10.5313262314504,4.478516513081008,1.026688616916147,213.4671243649776,0.8987125236509019,0.0005577239895678776
47781,-2.102608851865531,-11.477841829614341,0.40862570735332854,1.1972459359185046,213.2237648802109,0.09486021545493362,0.0005577403748632025
47782,-7.284353630690647,-12.232065872564835,3.52015126475547,1.5778732110048483,468.2405389660019,0.3698094182836771,0.0005579221143080955
47783,-5.329872466868318,-5.427954504821722,3.4640539076043724,1.05640379004934,276.41016365727654,1.5004421431531343,0.0005580181929270903
47784,-5.62775049078816,-5.324427291688429,1.1805426880128391,0.7466305199196848,138.156872056996,0.22855429329228194,0.0005580396310149581
47785,-4.809806935544075,-6.2260828410262254,4.737907137790099,1.3342470872556613,442.86262851705544,0.4959603968834294,0.0005580421059318745
47786,-7.992511402169066,-9.480548848408624,3.50097975071732,0.804272330589324,159.66708086972258,0.5330640772334236,0.0005581135595409842
47787,-7.817311282988392,-10.993351601627875,2.6092444610682666,1.3576496073503603,302.9632516664241,0.05363878310227843,0.0005583644659704084
47788,-3.577894421192015,-6.1604897530972496,3.3681430164865938,0.9611587373433318,267.97614954384323,1.8468953289589924,0.0005583662254678789
47789,-2.230884953096738,-9.552485549890354,0.6345911744445487,1.7384457818466168,468.2634177122627,0.28285073784312775,0.0005583951059933319
47790,-2.262658347377706,-9.01959582319244,0.6290972092713442,1.5609552645284175,368.88621299897306,0.2665212265716441,0.000558456299536461
47791,-5.334874271366013,-5.63890862362062,2.0175326171447656,0.678197368277585,135.98844521389557,0.5745014956001926,0.0005585114953325621
47792,-7.491448110827415,-11.88959400446675,3.214225021637607,1.357358667692392,324.84113401773527,1.4600321453439475,0.0005585717537153033
47793,-3.9440042700034077,-10.662970503785605,4.562923726057065,1.290661061603756,317.03743043423924,1.4076440024610894,0.0005586943482178113
47794,-4.846932062688668,-5.830367196316475,3.241275206670297,1.009884822430558,271.7744312236375,1.1946745945350754,0.0005587514170043048
47795,-5.8827941475770285,-10.357930295441559,4.764157896491466,0.93297314203027,467.9452296383545,0.2676467181746922,0.000559055216711223
47796,-4.800068214491038,-5.844885225477372,2.672128308050288,3.5693322305442012,536.5185313933682,0.7813733678560881,0.0005590681092059285
47797,-2.560838824251503,-7.723455995967793,3.6635793667301404,0.9519120674143786,231.76298688863363,0.8761443833525062,0.0005590770007591784
47798,-4.833468892822856,-6.77661361941208,0.7468215869637689,1.081982708003416,274.74849846438184,0.41390644255321263,0.000559263073980036
47799,-2.4130925487094697,-12.129315910091297,4.864668298976067,1.0492444095378088,279.71179070107183,1.5382889234266637,0.000559471138430509
47800,-7.342082525155937,-9.9294196018732,4.290560937605196,1.547690893480679,468.3792791492258,0.5286266241009931,0.0005595264872766442
47801,-2.283395013058948,-8.431360385731743,1.593391949114279,1.1119205285552891,288.0418924223545,1.4140248499788433,0.0005595546553542292
47802,-2.738549544592619,-6.880815770256424,1.0503484410158848,1.201781635270635,247.20317031134294,0.3040756440566055,0.0005596133581115497
47803,-9.995025261460563,-5.2295392907210925,2.9171233804708763,1.00165543396094,260.9817422340598,1.3939792135072109,0.0005596878073914881
47804,-3.4788926717511135,-11.135243839168657,4.381642292619031,1.5952362433438785,164.31410057778643,0.4109680874923276,0.0005598317428936142
47805,-9.83500394028591,-6.9486005094355265,3.0704428340016925,0.8512284443027568,240.22094011187903,0.7633539806141254,0.0005598351817704656
47806,-7.302723040168116,-10.372275190892145,4.046478133415401,6.185268154249043,678.1273925878761,0.5181895987945779,0.0005599580385586235
47807,-3.7450718504630736,-7.032190497941147,0.6535671963680594,1.7725356619914927,420.19473553745746,0.352025202069183,0.0005599829105266021
47808,-7.7119479009989185,-11.140048513619867,2.889319449797101,0.5340861847245668,161.08416881905427,0.643082571079364,0.000559986219771289
47809,-5.298367191360757,-5.482416113014024,3.537317382259248,1.8966840758431667,458.1867255684318,0.3094854112859231,0.0005600056452962013
47810,-5.377704181730699,-12.789755848153328,4.176586307179918,8.411285419471698,535.0272073134015,0.03491194950004051,0.0005601271474159445
47811,-3.933405091024424,-12.205965683113613,4.1808598267938155,1.4647411180926972,335.1802653339654,0.06299656116793084,0.0005604280490919102
47812,-2.2846137790306678,-8.724263547473402,2.260193149740546,0.7730424680278404,182.78821060073133,0.860061162438325,0.0005605141513336584
47813,-4.717843805596036,-12.99829769936801,4.140627019784124,0.9334711835158501,240.79254550105495,1.450905118779274,0.0005605273074620695
47814,-4.164366993845827,-11.209736680917807,4.368902906705051,1.1532034623405554,293.81591362041013,1.2842119628538589,0.0005606316388996717
47815,-3.5293406999353403,-6.215132605322792,2.280262627590837,1.114730145271574,172.33109548555092,0.17587099750046864,0.0005608626320748915
47816,-5.459105616146178,-5.159273012439256,3.3468996048269397,1.3142760906909836,282.5982743965063,0.8902908315305584,0.0005609677361157039
47817,-8.172732273553471,-9.581242144430883,2.775583219990639,1.051749028089856,468.0838077760598,0.3445393152934626,0.0005609696066729246
47818,-7.762314133873327,-12.190007850787046,1.5316829855730205,1.0127410859337835,215.4833763652551,0.5218097309231888,0.0005610357374418956
47819,-2.3526079893871916,-11.075388220913094,3.7662885595867284,1.4687148800612688,330.0990031452388,0.5219276540449016,0.0005612129391594852
47820,-9.471846237156361,-7.198558053069018,1.7001381372899493,1.0034383471780906,194.8028693250583,0.01644198170817024,0.0005612961475859961
47821,-4.624453222997308,-10.79665502891234,4.519368142038849,1.1910156161121443,467.45816055949706,0.20134245360828906,0.0005613032806322573
47822,-5.413521835536287,-5.12455609128766,2.3788371267422423,0.9304962447726398,447.2196629858428,0.2996457752248203,0.0005613380450031444
47823,-9.897340977580859,-5.772352793408823,2.305018174335209,0.8807651929223533,193.7233662463261,0.3094428168896064,0.0005614080245215284
47824,-5.925950280569571,-6.476179508428303,0.06184575848657535,0.7845726131177068,469.68164600969936,0.23196803533477972,0.000561449154852436
47825,-3.202353071893884,-10.519261047073213,4.679478070165653,1.1108325589133148,467.43374430071265,0.6651085019027159,0.0005614804901993124
47826,-2.990706733793324,-6.4645528310396845,2.595896108048626,2.693496448241929,474.32603070402683,1.8259378316620554,0.0005615064099112968
47827,-1.955220675204707,-11.078575631002673,0.8068205889123696,0.7367552095849712,194.92129807521354,1.1495747324906178,0.000561803714615188
47828,-4.532707583183569,-9.941827219059627,4.994213129094268,1.4054654538051192,468.4319957459983,0.4307597857005012,0.0005618064629299101
47829,-5.0641736486078965,-10.77777524232446,4.539752043351249,1.8888311002856288,468.7588898202857,0.36537577286626366,0.0005618084421907243
47830,-4.222504355370807,-6.143994258436848,2.1620874312674108,0.6788274119197312,207.34527621458042,0.9791447598558358,0.0005618314287018257
47831,-8.014576536144538,-10.383676022360511,2.2266489311643043,1.9698861861946717,402.34491079033484,2.1952366917551407,0.0005620148520829346
47832,-7.0923873845185055,-10.539019438723368,4.20020261808667,1.747152147782693,466.23066635889194,0.12028745971825305,0.0005620980352735695
47833,-4.926177846133919,-5.8005598640542475,3.063698599916927,1.3433137401880266,289.48227629281,0.48851403169830654,0.0005621247046320579
47834,-3.036302107508856,-6.386500031308891,2.8644100075939942,1.0709098469686085,463.95611193629094,0.6213211243044361,0.0005621292057997372
47835,-3.261627491097551,-6.249847482475966,2.2007915969263,1.8324734744494438,439.671752436758,0.045212867103076704,0.0005621365838450194
47836,-2.4763757147314536,-9.230044305604554,0.3066170566211681,0.7898584342134728,221.66051867196038,0.43160563945068375,0.0005622586370794696
47837,-5.052224646736349,-12.417902131205269,4.192368586302354,0.9137237363372629,467.7982803983041,0.6473645380494109,0.0005622832098455502
47838,-5.996893277449487,-6.507407862399357,0.021403575324040993,1.7002956819051627,368.14058369858753,1.7218860834501273,0.0005623424366275339
47839,-7.838106414061718,-12.047778131609741,0.5838291595933773,1.9419692385415055,398.21200383459586,0.7311027038594977,0.0005623473558452873
47840,-7.145890995743599,-9.327985761717434,5.062340822838875,3.3249057551985266,513.8332087700968,0.6168267294697589,0.0005624122011187273
47841,-3.1516159964948818,-12.848011373183112,4.216633711368123,0.8735733843135065,180.31501275784487,0.32389535114063506,0.0005624336982228133
47842,-9.474981502423251,-6.621057126036386,4.3442704935746015,2.214883011434384,418.15219670314934,0.7945593778654372,0.0005625578981720353
47843,-8.683198994179136,-8.593489610307529,2.960651746512204,1.2831221513418378,469.98022658840637,0.23369099997048703,0.0005625742942370001
47844,-7.977140493330511,-10.820915635402903,0.5957817550768063,1.4741146211564211,331.654712990613,0.7705820019357681,0.000562587790636866
47845,-3.8593583942206333,-7.203433425297,0.42021618864470545,1.4461233309119352,321.01492815638966,0.6190734658770269,0.0005626036705530989
47846,-5.51800624032551,-5.387037510946195,3.9834708700796715,1.5627983088056183,348.9500812156118,0.9064409461744729,0.000562624502787178
47847,-7.6854323772244895,-11.882710408991626,2.715673110542175,0.9459971058970039,258.3331426403473,0.9936261427814399,0.0005626602870794685
47848,-9.15219573442949,-7.274774786522108,4.427128244496981,2.8512052816652105,487.18047987264845,1.5817696984619891,0.0005627141319906942
47849,-2.181092559458831,-9.897765797293774,1.9748258424067757,1.0843076646595975,281.2221369739901,1.0180833737843225,0.0005628569720810162
47850,-4.097326657244617,-6.097306394391855,2.860780086560871,1.3723773307384435,300.49206236408884,0.09230360403523541,0.0005631251499290173
47851,-3.1494581206674344,-6.672501171415016,1.1448112450860792,1.833989775709077,469.90992980179055,0.15990730991024993,0.0005631681521258478
47852,-9.374753787694459,-5.545863955588085,4.60773441028413,0.8968730423632192,177.45405880585506,0.10641767369485233,0.0005631887136736075
47853,-8.25537550379408,-9.771951136212198,1.7234289467769195,1.8407760322112774,441.62769901479214,0.0023097055120091525,0.0005632714638304821
47854,-5.612249363241045,-5.792903296074681,0.8671465309357786,0.8573817110986378,468.65133601500463,0.49814842704000384,0.000563418462292708
47855,-5.827999631502538,-5.869327536445184,0.5059182600848767,1.225220921409887,273.4149219412188,0.0862140335477406,0.0005634621677818589
47856,-4.08341002229918,-10.029381068286748,4.918673268791383,0.9285204773000452,468.317539068442,0.1437750804348541,0.0005634714040127971
47857,-4.0183625149738855,-6.313706298496221,4.505492166032964,1.6759155532561216,394.3479626997844,0.5226825849253691,0.0005635423894017442
47858,-2.798937845932647,-7.180871802444884,0.6490360055579265,0.9790865346712582,236.64620117772154,0.9515801579004899,0.000563556920607319
47859,-5.144399842663641,-5.6458100180942425,3.0017191631657774,1.0140955745374542,226.79248265362813,0.046423388055519155,0.0005637524797090603
47860,-5.1575600794173395,-10.244219167683799,4.8085051515618344,1.1835839217010407,467.15086967592777,0.25165675590034553,0.0005639450190269101
47861,-4.523861890942785,-6.21979045414147,4.367190911723769,1.1250778382562274,227.0569355811775,0.31989689152728484,0.0005642159498299063
47862,-5.441422015474069,-5.8775653029888675,1.0732290140375278,0.7128711322638073,457.70566660743384,0.486252925136351,0.0005644092104411144
47863,-5.622907655549621,-5.39597097133884,4.146860412031037,1.4590203743195937,322.0910480757326,0.8554383108834278,0.0005645389341142438
47864,-2.228928907214904,-10.541144333648951,2.3701544698206543,1.1584070509522215,236.2965755910781,0.11767300883545051,0.0005646027795466588
47865,-7.5348056827879235,-9.98561510585854,3.954126750805169,1.5289724389275747,427.4610221872568,0.4766874351863537,0.000564692548060602
47866,-9.368292634436866,-6.447642324965965,4.598549523000468,2.749495876584223,472.9423272032688,0.9850177141968475,0.0005647628602204249
47867,-5.056524842033082,-6.130868996352692,1.5094603872030066,1.1586607551205903,317.77179669120704,0.07641946969951441,0.0005648188877048671
47868,-4.942257322459439,-5.7863040753982755,3.419518659146719,2.477239344241033,453.16777615891004,1.5634877849599995,0.0005649208802527744
47869,-3.423278843603579,-6.327708024106739,2.000893522004644,1.310455424429236,283.7196493607757,0.5463597692855737,0.000565052308064138
47870,-7.114545215942009,-11.688259583164744,0.15705651684734426,1.2321809730494668,255.76164204349547,0.9678106028843878,0.0005652132453023687
47871,-2.658335790338824,-7.1878898090936625,1.6891067837970408,1.0382608044653312,234.14208383358687,0.31332940617293037,0.0005652794135356377
47872,-4.9935251569963555,-5.971980275691895,4.059097865810839,1.0993700538222355,284.2109397537906,0.9831519086122436,0.0005652797570652379
47873,-6.060243521474158,-5.004156739960758,4.914011859087229,1.5150069639938728,175.79698959003852,0.2738692728985539,0.0005652818745106141
47874,-2.224014175318194,-10.669775913048538,2.3962904437368815,1.8107642362259593,377.8477867992323,1.2619497149452545,0.0005653431634999971
47875,-4.098648792201183,-10.743324264705226,4.523032093331165,0.9534810682447346,251.05440496627023,0.9607005189803077,0.0005653792581217448
47876,-9.603436894345563,-7.397053663718733,2.9131080094212725,1.6181890615409,239.27523618466188,0.4382364899748943,0.0005654130177935395
47877,-8.154582373218359,-8.880502666258877,3.9669128003256544,0.764919422450955,469.87042432379644,0.23146257077919863,0.0005654374400489518
47878,-8.938339417924563,-7.766138964052363,4.1272899529426565,7.128000205873426,268.41377739666586,0.365150535824605,0.0005655736091631324
47879,-8.675967719906806,-8.175595297296184,3.969138855292623,1.2583367773134817,285.86272744573876,0.4281593885843593,0.0005656215388929509
47880,-4.408253718983217,-7.4060335314743035,0.21251160672343747,0.8034590885875968,184.61511927949024,1.0325244972388585,0.000565860783434709
47881,-5.499009670432523,-5.799411849642657,4.618559687799602,1.0043945756866848,263.95434124155,0.46780271175213883,0.0005659030261650615
47882,-8.312468989259546,-8.655487816893796,3.96363599320327,1.241472019793596,307.44428818564705,1.350211274277565,0.0005659371313421933
47883,-3.73304248985865,-12.629581995581923,4.140326293699737,1.1074685533962094,468.1362504229569,0.6059374577083148,0.0005659926292448525
47884,-8.238155279227382,-9.798332282673186,1.3003908555571633,5.905284689360869,665.6603739739954,0.49041112505843554,0.0005660143986255914
47885,-9.175783845324577,-7.872010645655598,3.2343484975873875,1.1273029055625117,290.32580587834406,0.9497272452416077,0.000566113677690956
47886,-9.81802761582131,-6.9685749605365785,3.102379012439274,1.6719312236773545,468.3780130111709,0.8824546255866688,0.0005669675974963889
47887,-5.313681430188572,-5.888026475050404,4.406811076868529,0.8186770389763675,467.5583060640665,0.10958112553898225,0.0005669723622632267
47888,-1.7818757113202626,-11.085187265628212,0.9200652379635819,0.6629917824068741,151.27532885948926,0.3726643867587498,0.0005670602281057955
47889,-2.2575595541024374,-10.633551542870704,2.62539388653378,1.059054794290814,283.9792001020579,1.9587477475220014,0.0005670956388777787
47890,-2.3426096554958145,-9.569773067052584,3.3648534171683018,1.6906310067326755,368.98187199825776,1.799087436451532,0.0005671061944896229
47891,-2.415574535879439,-12.120077509461389,0.21605085465707644,1.1736386510674253,302.41566261007296,0.5860927054699285,0.0005672199680634633
47892,-3.6349895622962674,-6.14924214497193,2.8929714111950355,1.0164988333746743,467.1404062313794,0.059587549653198124,0.0005673254583143521
47893,-8.292086118159355,-9.551849581465738,2.2035974547994757,0.9151936088814868,468.32111592690734,0.5614809567625008,0.0005674605644667397
47894,-7.614326307868535,-11.959331827489562,2.9022396845425846,0.9434885274845289,441.6912270251842,0.4445241158084867,0.0005674989399509231
47895,-4.028825341688437,-6.104567978460168,2.518120473288981,0.864654675340844,179.15324974410967,0.8156475045841622,0.0005676109860328493
47896,-5.415833976548079,-5.812113143108708,1.1604658062328324,1.810323001388472,469.26105220808563,0.11443825644308081,0.0005676453456230207
47897,-5.330482576357295,-5.45137901738433,2.2800704942507934,1.1532141787434145,467.04566978042703,0.23541475103095255,0.000567677716611273
47898,-5.76515747936932,-5.492141734993637,0.7925704182098816,1.1681532614484034,153.7182100015724,0.4060594592403932,0.0005677216517578821
47899,-4.831813639286713,-5.936782446835377,2.123191543332243,2.551376459740344,462.32195651615706,2.1962703917099757,0.0005677414791027197
47900,-3.5087208112135606,-6.207344679071909,3.8934327999658223,1.065547248623111,278.95421654583714,0.324515692429161,0.0005677495422483903
47901,-6.016886305687345,-11.906436453114182,4.263215947451056,1.8347189379734932,469.8859750643767,0.09203315584002691,0.0005677677253570501
47902,-2.5333380014517326,-8.33521671051744,0.43374595458647186,1.5840007805276126,468.02261229494763,0.3783260088670355,0.0005677777969136457
47903,-2.083451755646749,-8.967645072280067,1.067363351710228,1.1700173777161569,254.97667103273992,0.6689089335036904,0.0005679694136819881
47904,-8.970401202642913,-6.850806457646683,0.5279826652563352,1.0034238886020739,467.6376844771601,0.32037298655912405,0.0005681013903815784
47905,-5.2339771381977265,-6.053280236301061,1.5445351862135153,0.9697048176352064,190.4851024680876,0.08025410972161051,0.000568119304007396
47906,-7.392298995015144,-12.228101217372247,3.3404218469321054,2.7651554706581836,477.9094070520321,1.278849440430645,0.0005681709567068983
47907,-5.4452535513844955,-5.9352010806855375,1.365079509680962,0.6581199246414697,202.64451619256698,1.3607023673052288,0.0005681720533474722
47908,-5.334208222249944,-5.950341325459998,1.3932758982584292,1.0915943594069757,291.4947325082404,0.9337649995643362,0.0005682349314726653
47909,-3.979282257167057,-12.03345168059945,4.201576426474376,1.4836000973179282,341.16906120664044,0.1799344085566732,0.0005683384157227248
47910,-4.261969409175922,-7.578517900960314,0.04106274863185792,1.0361298013907476,238.92114555836625,0.07032763390141117,0.0005684028159226422
47911,-9.756201939713266,-5.91661673533046,1.9659668585530228,0.7878652091243912,210.09728165757716,1.369506283921388,0.000568403167543689
47912,-4.820832859446785,-6.108339288258838,4.341132563770776,1.7223772669196602,406.58920874576404,0.4499955971537881,0.0005685255014014998
47913,-3.080195177220876,-6.410916419267263,2.363511927577207,1.7441469609054552,364.6725239054601,0.5091738137245247,0.0005685580588767385
47914,-5.611554121775937,-12.27245812428137,4.219754825589103,1.6395863946350808,469.9627024879579,0.1678582286656889,0.0005687425592006953
47915,-4.6212761204964306,-11.495772783433987,4.308802635594728,0.7380953554599323,160.52537183942604,0.053532356356763344,0.0005687563479312662
47916,-2.0890604342900696,-9.41783872224338,0.9013085641047037,1.9110558842206748,469.1613749402909,0.6331426269767482,0.0005688179501026601
47917,-7.661114366501062,-11.712414428228362,2.825542160519659,1.0401033885190325,467.56108317908,0.41909186688642475,0.0005688376880521068
47918,-7.979220375067048,-10.718798521049552,1.6423014161246776,1.1757565500999692,288.3488464384198,0.16635455848796266,0.0005688657280460138
47919,-7.943819501602402,-10.30537705547363,2.679160480143534,2.6208878239140323,468.8563137403324,2.2266690753863463,0.0005689677149093371
47920,-7.782700537875979,-11.93017655815537,1.5363335284244115,0.9665506548091645,194.6485997491036,1.0139641368154706,0.0005691589011275121
47921,-2.7056416324825596,-7.048918851099636,3.17495541996577,1.7776366941686286,378.10743307824356,1.4888152795675849,0.0005692047296117712
47922,-3.9131546962331933,-6.227444938261313,3.986663566432,0.8937575876695605,197.08146848531663,0.00777412075976347,0.000569308194547644
47923,-1.8705455903742667,-11.021835827675325,0.809127522507147,1.0828834707174637,283.2732787354553,1.4276351352918724,0.0005697166154297116
47924,-6.189678125938189,-5.012914843865062,0.18405814634939927,0.9394130649208865,467.83311761895715,0.5642274878440672,0.000569987089619299
47925,-8.726549721607364,-7.890849339795944,4.373965014979479,1.819365001927783,432.7812031661114,0.569809994404733,0.000570008402927683
47926,-5.32449503290144,-5.278635710653946,2.764626485450836,1.1208044025326642,238.13244706347763,0.09004502855700647,0.0005702204831444003
47927,-6.113959626096486,-12.231601613508511,4.212462096821166,1.0481660443374257,251.04905613942282,0.9235663459144989,0.0005702249825167797
47928,-7.384441516397541,-11.01900120902081,3.6232557681474247,1.0700208717465272,263.2100983009474,1.5498559023299263,0.0005702282623766143
47929,-8.02420190606023,-10.52618309352075,1.7143418789319707,0.7714430627487592,467.7679543642048,0.5276040317002311,0.0005702794488799258
47930,-2.297825522512439,-8.690828869425268,2.1936668641760586,0.6367156303148459,128.73478916900547,1.1378560298100746,0.0005704720547968959
47931,-2.9508156721246523,-6.597263150315715,3.72258317110404,1.3375003212242158,468.8164019483667,0.25502201710961714,0.0005705876231424741
47932,-9.919170675354767,-5.073387625878104,3.346544922468405,2.047637187542466,405.20046214395984,1.2257927277694618,0.0005706670341838135
47933,-8.760269846638638,-8.578146807175987,2.617213243017271,1.6149351995499046,468.37291671039816,0.5262124847481635,0.0005707152257315382
47934,-3.844410925269637,-6.2882653832039015,4.2303714672342565,1.0647246266896633,271.79189014685033,1.2408823671626008,0.0005708240429951991
47935,-5.507885209143293,-6.105592435998336,0.796081144093256,1.3396976498261108,315.98736707957244,1.123000998571979,0.0005708919691467944
47936,-3.086869749636337,-10.788573715107246,4.663718846728434,1.6888780538788215,468.30485785572597,0.4035798106159767,0.0005709220256905231
47937,-6.966278176265174,-10.875063178518703,4.165619617507929,1.8884426967323575,468.0475546688731,0.5138086393232717,0.0005709501796636798
47938,-8.450770993503104,-8.873157643689627,3.1319837941202326,0.8876370027443642,183.11381956100547,0.8135335260846821,0.0005710126963646729
47939,-6.081577532605666,-5.201690259577361,0.3867907650415825,1.0489944580685193,273.1381190266285,1.758537522772678,0.0005711136395839702
47940,-6.36794080071341,-11.79207588614117,4.231756775855243,0.9569421956354279,289.6696410087717,0.5075675871000982,0.0005712210060202312
47941,-3.657653047140652,-10.33430389766473,4.7114801693024155,0.9430263968293509,468.087647265732,0.7237377201010995,0.0005713418806705736
47942,-4.900664157883805,-7.209251373997044,0.23935773127144516,1.443567768082556,318.47715720894115,0.10247687445212605,0.000571472260515964
47943,-9.688895210938083,-5.32006717374305,3.969402854623134,1.051890575756503,217.23435348714816,0.00714771308159623,0.0005715025759206554
47944,-9.487099544355956,-7.547711634395266,2.202056329999775,2.1311351435432844,408.96800982700313,0.8722633882485331,0.0005717398198581277
47945,-8.463207585891109,-9.191038805180401,2.165552954848875,1.341510584063315,302.90739474645386,0.6632624893230208,0.0005719423028532256
47946,-3.312811750456631,-6.47541743428532,4.951395927120674,1.3047016996546044,304.34194106184975,0.4984233338003188,0.0005719750760565445
47947,-6.2196916270691425,-11.736421825359379,4.268116656098191,2.3512288248359083,439.5108980397421,1.4575163839314893,0.0005720183702701857
47948,-6.218774106310657,-5.182911221223975,0.058055499865070956,1.0037815540776454,252.30412019046406,0.1361847268321439,0.0005721331275575719
47949,-8.364789746920655,-8.314426390428999,4.424840493772241,0.8659414718851115,468.4063775242675,0.5388432617086254,0.0005721657918121394
47950,-5.332393992843222,-5.928903534517432,1.4138369375481807,6.433718056336361,580.6396532466199,0.08890840982701231,0.0005722016007553588
47951,-4.913839444183775,-6.753623688121765,0.733697296683567,2.843816772902242,486.5491659278604,1.6181029517850227,0.0005722469070007409
47952,-1.8440839910125675,-12.098306900332602,1.3017936031562873,0.710615031152835,207.83865031832755,1.0453288840454906,0.0005725740429863404
47953,-3.3601670844574762,-10.221838826197915,4.776462247049011,1.16032224716897,257.31106601163384,0.34321724922401486,0.0005726058666830853
47954,-9.3784030834769,-7.727402101320861,2.1920990731263945,1.6971100470504894,467.3216963369849,0.11160994004365499,0.0005726141102189704
47955,-7.810685836786208,-12.139235393239435,0.9324570024821348,2.0125773077723497,396.3047655567464,0.9383134746460584,0.0005728030729939942
47956,-4.686527653511957,-10.674203533771006,4.562523782642987,0.5118517157185383,137.03983340991965,1.20325638501029,0.0005728253075998977
47957,-2.390718731720858,-11.657166217112225,4.420034067229734,2.120157554013336,389.71451835154073,0.18578090839863393,0.0005728614095555773
47958,-3.90646816358326,-10.749864512730023,4.515392691825249,4.5221468194297145,593.2612128431387,0.5075407066653765,0.0005728905200936341
47959,-9.036756088706891,-8.059926860440177,3.1696825663904145,1.1032542063757835,284.96659379837797,0.8455927216345094,0.0005728913489527393
47960,-7.5072747287505806,-11.19176511053339,3.3479406761170765,0.929011593735928,178.27094495980194,0.02530084115949549,0.0005728951214281317
47961,-5.896654354270175,-5.71327360963708,0.5738916557452898,1.7942086646164552,467.509626204808,0.05167721638478273,0.0005729603503939431
47962,-3.4651268799074693,-6.12776286741299,3.1096474555486373,0.8893571211154903,198.77818060691962,0.3324884408307138,0.0005730480069149347
47963,-8.343190041172697,-8.415017295677089,4.303512337453502,2.100946809830853,415.139061201842,1.7149777233882748,0.0005730552555601844
47964,-1.888178051655414,-12.49023827941711,0.8676381848323673,1.9072929987323337,468.00043678660876,0.44712667728244604,0.0005731353698717981
47965,-8.075540023569001,-10.326655096169182,0.6006559815770879,0.9389301978781216,256.77140985983124,0.2784192471626392,0.0005731746249925964
47966,-8.145954226943111,-10.056193821351506,1.2202371541712342,1.859373586945772,451.78774237609684,0.05331319687910341,0.0005731958330693609
47967,-4.048144351607309,-6.094823673467816,2.7685376397133585,1.050698444394649,189.2123792569803,0.11880075034368165,0.0005732742837560121
47968,-3.2167477905465898,-6.867962927180684,0.8877575615786046,1.2578399134424485,273.5481090738727,0.30103017429368606,0.0005732766113104515
47969,-2.777410363346257,-6.824160262084638,1.3149900812250697,0.9086647571396038,184.64359700998992,0.04275441692751425,0.0005734270186170143
47970,-9.987481892068015,-6.065404912858737,2.8553373357711664,1.632148742708857,379.63643948816195,0.8787109672673061,0.000573476983717856
47971,-9.225306912742942,-5.443575788369711,4.8533064986046295,1.4048380353841017,467.79569337162326,0.08545196514730868,0.0005735215343494989
47972,-2.2132516721811326,-11.678867401861494,2.190683106529426,7.377176627462761,564.2629597339179,0.03082251821917925,0.0005735639115649948
47973,-5.220390357815682,-5.575316965544692,2.599720870811883,1.0564481486789685,209.07176190461016,0.2824695362209608,0.0005735929561311097
47974,-4.967047261436629,-6.006531475415372,1.9737998764756095,0.9819350181522791,269.53547910863324,1.857046288750472,0.0005736717803627943
47975,-3.934180320442156,-6.1565973894171595,2.3186697688690168,1.0318713721577728,231.9989645716409,0.17102009773660232,0.0005736909190922678
47976,-6.1626440992656875,-11.815228568918963,4.2611046297591075,0.9937458741481523,468.1360634298177,0.20922360286805652,0.0005738993404833368
47977,-3.87084567465336,-6.101105369744046,3.2657905974658226,0.7311025814625157,467.7727447240034,0.33112460186427395,0.0005739100564069397
47978,-5.411553775101482,-11.256224415179112,4.388020530225044,2.0874619547738504,410.9522894942287,1.2001407263753823,0.000574212222712855
47979,-7.875242800187999,-8.597715682271621,4.9366368234861815,2.629158493770663,469.45093865750937,2.156986763956179,0.0005744380387991407
47980,-4.181153553958559,-6.72544526078229,0.9939201231301924,1.298393745688821,290.76289997248136,0.6841138148394164,0.0005745075422413821
47981,-3.338728803350648,-11.29582733376117,4.3294514022945565,1.2730971885864024,304.0387583188844,0.2844121020684165,0.0005746783920261598
47982,-5.575790643619207,-5.636144563333099,1.0833205432339368,1.4303825251076192,346.6982930326791,0.5951531455195411,0.0005748245615669209
47983,-5.958494465728863,-5.131665971020634,4.733274373774466,1.6098330487976324,468.0667600937658,0.19675908191097413,0.0005748433992219876
47984,-6.132988180282903,-10.348495828224069,4.744557622599707,1.8244165868777504,436.67669008163716,0.20135054508438088,0.0005749765733577952
47985,-9.273716102028033,-6.619218051900887,4.706661637982479,0.7454119876168902,184.1190314537709,0.07536249560096309,0.0005750158006012216
47986,-5.930366626673347,-10.480421345299368,4.687723949506326,1.1981548784888414,305.4381738706712,0.3367347397432372,0.0005750399835463106
47987,-5.421211195383058,-5.1854278092389015,2.377461251715981,0.4984120328549412,150.35222314606634,0.22627301193905947,0.0005751187729404094
47988,-5.114428731632667,-5.927488955030774,4.097339408283928,1.7241858236600567,177.72820833214672,0.26387882608128255,0.0005752429370546887
47989,-5.024480531847059,-10.514802162623646,4.650271413683324,1.236125153248932,265.92556218776485,0.24705685598292693,0.0005752948675576136
47990,-3.138834995730785,-6.371292266063693,3.9923936551349177,2.484564192786935,456.8400969060691,2.5386145897687777,0.0005753883510873976
47991,-5.478891150310028,-5.604838230913186,4.061492705385964,1.230806138018851,256.51136219703795,0.6739355720196043,0.0005754269731742389
47992,-7.15225490077601,-11.044203942611679,3.9212523286089582,1.3900718556917127,329.10837908451714,1.9482563321811588,0.0005755408914481948
47993,-2.122129935361726,-12.08939131774796,1.6312629887981693,2.489470807887763,383.7118144665368,0.12542418852212212,0.0005755513177322582
47994,-6.575260250901718,-10.670785543663232,4.4791171385402775,0.8376326361858478,139.29650888705126,0.056903172500699206,0.0005756638013230317
47995,-9.939115268098403,-5.323443040352772,3.2987131693021974,1.3345708296938352,300.36346060581985,0.2794921192816382,0.0005756715009221891
47996,-4.911922281997709,-12.882950006868649,4.140147539039505,1.3037119994802535,279.84367255275413,0.8838753312634209,0.0005756891027136598
47997,-2.414891671409091,-8.355002723151983,3.136073779358066,1.0439688112610201,274.59225980838426,0.8968621269283021,0.0005757337664885387
47998,-4.913670334635858,-5.8813825094975725,2.422927695598316,1.1837255593387832,467.99523847012955,0.5459911333959555,0.0005759255785125862
47999,-4.101687874099808,-12.65619471361937,4.1372205085778635,0.9348263323984743,467.92051904476796,0.34060488636549646,0.0005760210924723804
48000,-9.991974712551114,-5.616671892594096,2.8989108137744024,2.587220112448746,454.05228187432215,0.8000571681181636,0.0005760776057422881
48001,-5.172211974544354,-7.136728763117256,0.2137546545151278,1.1237442362944068,288.84345572480595,1.2858929753122625,0.0005762411351051942
48002,-2.6078776502302805,-7.317968262574979,0.9518960147646998,1.5572455143112423,360.7442680322645,0.005584048156030974,0.0005762770000515352
48003,-3.4449759836289857,-7.678024460209384,0.028714111670530364,1.2777118026219851,313.1805137177667,1.1722623874055698,0.0005763706858353422
48004,-4.375410683787639,-6.171658914199006,4.045389618739744,1.8136437784755406,468.32099312963095,0.5062821775953852,0.0005763710579719837
48005,-2.6691111569852746,-7.610299861296285,4.613816846364271,2.697932053569471,474.61110025283716,1.7637191564038188,0.0005763995495200472
48006,-5.18365270684749,-5.625206245374823,3.4239098356843742,1.3277998761869687,320.21970812137505,0.6418008335736518,0.0005765353759131806
48007,-5.78022261619206,-5.034445475633441,1.0133932153478018,1.222460313720836,205.62878002385423,0.4657685700749328,0.0005766170302377953
48008,-2.531378798771856,-7.77198125393084,3.152422413707142,1.0899955406025839,283.3622475072105,1.5561768532068578,0.0005766190269592357
48009,-4.489168705337301,-6.013833015250922,2.575396104408856,1.7364290816310808,468.5091990600917,0.2943339913650638,0.0005766336756590171
48010,-2.720269157317544,-7.340979775827612,4.357151010920999,4.696631234278523,606.1642290826146,0.6230234480636794,0.0005766772100552266
48011,-9.51239581697498,-5.0306156375189754,1.6145994450640284,0.7273355359006152,181.4907441887351,0.3110979274842043,0.0005769578278941081
48012,-2.5053433550242623,-7.957005638170505,3.2698434447075138,0.9391559814783713,214.02755494001147,0.04450960672111126,0.0005770106520469703
48013,-4.776570274352755,-5.94954956879693,2.5917074451799946,1.5690010987576204,351.96330729692096,1.6978235310646577,0.0005770537575996609
48014,-9.519043303291484,-5.515391871708594,4.32065741995203,0.6980648414496822,468.7208694336812,0.43493059431146985,0.0005771710082152952
48015,-5.086993389909611,-12.554301349817765,4.172974738915385,1.7413637653748155,414.83194787905535,0.5670722323155575,0.0005772285648403274
48016,-5.74295350956283,-11.97793926636866,4.250257572154728,0.9357220380129423,181.58767891532236,0.09924161353862182,0.0005775462390550608
48017,-3.3781869632019133,-6.267442769126053,2.1396131723414196,4.682759853802951,608.7302738866036,0.8719475967720607,0.0005776337001318503
48018,-4.219342545523636,-12.921774240232791,4.121725743572541,0.903705424833437,234.16135344287846,1.0815471904863125,0.0005776689135275528
48019,-4.173329566249096,-12.800897313453662,4.127784374733539,1.8536607473159348,468.2179713917535,0.4732952412824929,0.0005777370142142356
48020,-7.701986440835299,-7.4497089658288065,0.07014533662174686,1.8560190086971777,444.63320555967084,0.40617655063646385,0.0005778573056108709
48021,-5.475949390148324,-5.072187146401366,2.560407250748667,1.2308177874347397,307.57735274646893,1.9019658331348497,0.0005778818455996365
48022,-4.3788855628430445,-6.278424150218674,1.8892444244793969,1.212446164714418,301.37826029328136,1.6850664131549307,0.0005779211577221597
48023,-6.621844830346806,-11.093636166225957,4.302505173119947,0.8134210719365962,179.23885606213898,0.3234770366089954,0.000577935788780263
48024,-4.682867673188346,-12.342229885946248,4.174225986583924,1.2134190383074284,370.07818427899315,0.06244865436764524,0.0005779418562702716
48025,-4.9110890308083155,-11.786107181485423,4.251037158829123,1.017639021091277,436.3935229993047,0.013191298913354466,0.0005779890765231255
48026,-3.597579801704166,-6.175205200805491,3.647335697352393,1.730669597279277,468.52196863374485,0.36718806572215623,0.0005780209045814811
48027,-5.950458284213788,-5.8714774186654415,0.35044615364995485,1.2025343124708312,466.5233456253622,0.27097234402810866,0.000578103997891857
48028,-4.9871487810828485,-7.394684833947951,0.05607847643314024,2.243610919236594,431.3675794466651,1.9920188293010082,0.0005781081793144775
48029,-8.384545598881761,-8.5787325890804,3.912800620759293,0.4881124443287559,134.53309156775308,0.9946605040598246,0.0005781413016066316
48030,-2.8248790492062987,-12.360683870554164,4.861280897348818,0.8408000033347258,174.17843109356932,1.0074510710170044,0.0005781493440764941
48031,-4.1755567766930435,-6.075409114752103,3.1751872683715323,1.1613742797198277,467.61322536816056,0.41844165211316575,0.0005782762763211002
48032,-3.8531565628876754,-12.358206587020716,4.151019570361223,1.0022867656849077,218.14539186538445,0.03843298825761465,0.0005783173504241105
48033,-4.024436661827502,-6.677384505559575,1.0675979780883198,1.7920813766194827,424.8583471516293,0.5718029306880181,0.0005784019317704942
48034,-4.965494691765083,-6.595819136387075,0.915355910391241,1.8812429548953662,454.2568944620713,0.16491746323530965,0.0005785656586783196
48035,-3.565946573860728,-6.343726855949343,1.9963803391753536,1.3258330576583168,303.12703969730956,0.14481544392021295,0.0005786239300709689
48036,-4.951621639324424,-6.293214481357491,1.4137897859254593,1.2027203997947646,261.58824342615185,0.06982271419370267,0.0005788200484064932
48037,-9.168911380427048,-6.27247394974048,4.976551604470954,1.2190648470414787,140.7806101532126,0.29565044920927797,0.0005788647243938559
48038,-6.490636329918035,-10.200476756999647,4.753444319860936,1.1434345670048258,298.5820783422884,1.7858962369771136,0.0005789282089936691
48039,-5.64033097254004,-5.608304048308751,0.9728983912090703,0.9890469400539291,238.22746646314656,0.878861062512164,0.0005789626016530005
48040,-3.112042418837194,-10.227257368513392,4.923824803121578,0.5628546485187985,164.90341161853132,1.120259805365106,0.0005791852611377952
48041,-4.62165970526263,-11.890820334339685,4.2285638980494555,1.7288321855583568,468.11332548462383,0.039994145233331224,0.0005792556123731489
48042,-9.766437089642928,-6.041379062206075,3.8345429408398872,0.9175483010606496,469.9773233548206,0.06677219369733223,0.0005794194552716562
48043,-4.375777210688393,-6.020089434744822,2.7238122385137955,1.5167504942433934,340.5240940475172,0.07310603803867721,0.000579497328404635
48044,-3.46649846075705,-7.246148517778152,0.4128126898458006,0.5847590377563758,139.14823979722857,0.582424072456587,0.0005795360807204675
48045,-7.266661094988371,-12.184954573286822,3.5334342048805314,1.0951760153259018,291.5702525647294,0.40114621527263683,0.0005795438462751658
48046,-4.807287683847582,-10.360872367065054,4.720228943214513,0.5170037330676504,114.31388876300366,0.3633783049414081,0.0005797776758260951
48047,-8.144533676415966,-9.318273317094786,3.2859659138579107,0.9540016750673174,192.6050683966225,0.9218544145018175,0.000579814890728891
48048,-4.632147836379055,-12.52003401506807,4.155105893751459,1.6850199138659896,396.7122639001221,0.7221038167752072,0.0005800319090832517
48049,-4.406202214177444,-6.6431710568003055,1.0307424600797912,0.7644349478238162,169.49077600137488,0.6285825220550114,0.0005801141225359704
48050,-7.798595712073979,-12.106253483995285,0.5334018520189245,1.8264203398469714,467.51954186154967,0.9261282945983416,0.0005805026290835869
48051,-1.9890683425082027,-10.953057890460522,0.8080398575602491,1.1779034932707642,304.8763858873133,0.4062177859566498,0.0005806031292112605
48052,-5.572650570743859,-6.4270971420371135,0.5374723449624248,1.0412251787829474,257.2987074110321,0.16412099716571937,0.0005807086992597719
48053,-5.631874771709211,-6.611146562150566,0.3132831955368378,1.7660745993002378,468.4642575135352,0.5634193297105217,0.0005809028321888416
48054,-2.2492776439573543,-8.983660226605554,2.162328778045304,1.4399581741766627,320.86144048177556,0.39942675349104473,0.0005810294210242763
48055,-2.3244076671723466,-9.378414615364354,3.0581184470916214,2.5991973551069547,464.731234054577,1.5457905114187556,0.0005812011451571025
48056,-4.272127781495408,-11.4241061721388,4.3021661614518845,1.5398794958975062,347.45079899631423,0.05526899891563186,0.0005813377739354738
48057,-4.457124488938114,-7.619357307367657,0.023737842100640213,1.4522248049273003,320.0796690347313,0.33253908029867496,0.0005813380857156547
48058,-4.616499964341908,-7.113030130840448,0.42440963155457984,1.5560786509843434,364.63843997856964,0.4609108149452119,0.0005814276038622299
48059,-2.401925595824573,-8.247017129070464,2.533611904149411,1.159884364162642,468.3803719286561,0.5290438746382797,0.0005817133474213893
48060,-3.7284511327255876,-6.3019272123496615,2.077100677783439,1.1463014990353324,133.60983919226678,0.3681788691543888,0.0005817260267171212
48061,-5.3852476567576,-5.9747775705511135,4.7452596892913155,0.8419187904951718,468.2244267501237,0.506210504406214,0.00058181124377892
48062,-4.911326121623862,-6.554329890949754,1.0059173396191587,0.5297656463129561,137.4361134321914,0.32404770232663527,0.0005818943451046176
48063,-2.6321900075021514,-7.270599784706992,1.671130505857216,1.7292025103249073,467.90197679584765,0.2819838297615158,0.0005820363826473125
48064,-9.47477059747465,-6.606292295933836,4.330955773785279,1.1338484623030474,291.9796904303723,1.1098059908411235,0.0005821185567529501
48065,-4.752561356041807,-6.659619075136711,0.8718619156614728,1.8603115544837374,382.01383369155644,1.1342423065656524,0.0005821532946611181
48066,-5.389467062348079,-5.3882461465837705,2.193422851880341,0.6253566816675372,165.7640344662468,0.43693638015428693,0.0005821930923167868
48067,-9.292783500791014,-5.644965855686848,4.742083774867603,0.9891890425423079,274.2020406328322,1.3481911701946823,0.0005822071262291305
48068,-2.4140248632628216,-8.169026266158284,2.706093474022195,1.5308701547812997,359.8507652385944,0.39365392792532194,0.0005822368643490733
48069,-5.135207911050115,-6.045859593428605,4.538533935631253,1.2176856723437657,239.29503002772432,0.0030003798967586093,0.0005822583668779561
48070,-4.722172189233371,-6.758087971205775,0.8084361396892752,1.328648350455099,324.3199600167721,0.4830400990492256,0.0005823076037000811
48071,-5.686254639967162,-5.1083438719906,4.021615023139426,0.9116173349721071,254.94553987900443,1.2190245858541884,0.0005823512759265492
48072,-5.710656893899041,-6.023238427440613,0.6121826318086646,1.0025265537706654,197.02994569108196,0.20775629075265645,0.0005823756793669401
48073,-5.359712545858559,-6.014885217767746,1.1877459468677622,2.804438872391675,484.4030986953218,1.9273959345009546,0.0005823807740118611
48074,-3.6526540454879273,-6.225377936697972,3.981214166571894,0.7360169605503014,421.59849905630057,0.24437912093535807,0.0005824066439210042
48075,-5.555171840978889,-5.859058747857523,0.9528964442513461,1.8192081620102367,468.2416977282583,0.2695221986830001,0.0005826055560458664
48076,-2.238698568981105,-11.580560554620847,2.394007138312847,0.9447485932516678,197.11218699442446,0.024495873114367406,0.0005827417805766525
48077,-4.7966957277082125,-6.147173503970074,4.411185910188234,0.8579191069642399,467.3513010586474,0.13043171172012435,0.0005829082277924887
48078,-5.717419509573518,-6.158829470043778,0.5200483879563907,0.7432213960398268,467.84488029604955,0.2607898819902852,0.0005829252647048854
48079,-9.977818925145277,-5.521732173607003,2.684170614472753,1.6500344034719976,468.01985042396905,0.4402132808053363,0.0005830492281761675
48080,-7.750617824913736,-10.92962483362069,2.8525897815170063,0.7701415996294653,466.90117695130755,0.5187220790739371,0.0005832064206088309
48081,-3.359498795119964,-6.190639238042141,3.585266315077008,1.142310763051155,468.4702368863519,0.6578809397691741,0.0005832658100180775
48082,-9.577722963665499,-6.761581655402964,1.7609762504920268,0.9613020018344954,251.8420263279432,0.24623835882637302,0.0005833169582273276
48083,-3.4268534324071664,-7.440393197833067,0.22466676621372897,1.562908142762329,358.47099567307765,0.8422383925468617,0.0005833391088504179
48084,-5.158934123232484,-5.606191030136384,3.127450463747524,0.955114042159345,468.12112762015954,0.5423214690986837,0.000583481481381782
48085,-5.343369410911782,-5.784194648669485,1.662067913364578,0.8134564713832166,173.10069001429596,0.11668461238548478,0.0005835369222449141
48086,-7.891990152669539,-11.06452232719141,2.086677648421184,0.9179428699155974,468.38695640786153,0.8740778330886387,0.0005836384849252462
48087,-2.4981261171727365,-8.918719248946012,4.822101859343679,0.86818819320479,468.2685070878186,0.8001345155990132,0.0005836816000040786
48088,-7.8568780682593005,-11.49387195329198,1.8249609550230677,1.7213447640897055,468.7157775595588,0.1525747113652587,0.0005837559702327926
48089,-3.5741179485086203,-11.60672168912328,4.25132293582577,1.0779563045430183,279.54970107970377,1.3354912700603263,0.0005837647314610723
48090,-5.7042960217070116,-5.4090600156449655,0.984280101697614,1.1648623887380791,262.23681026543045,0.7159416278600164,0.0005838194360875966
48091,-2.6806729211691183,-7.170303266226846,0.8410799321858339,1.1057918607904886,128.72415807431702,0.3414411525786827,0.0005838381353065873
48092,-1.9279979633977984,-11.577909566142896,0.8382007082656886,2.6194064534622954,468.3438530217579,2.098666001536574,0.0005839539225890501
48093,-3.2156426601245958,-6.192499373878509,2.526457340046478,1.1392416869144633,262.449358324285,0.7948303918434858,0.0005840288747027587
48094,-2.4698995138209865,-7.869523598393531,0.8661612322903066,1.4520029584754472,155.49568788599228,0.4015197444337222,0.000584033425726345
48095,-2.8995019910785444,-11.482160245054732,4.809443572209892,2.9693604544974304,337.68570572769596,0.04524758179325161,0.0005840793982918867
48096,-5.201766125219921,-5.509615581582363,2.9709041071194764,1.6297838691870041,289.68417580378633,0.05917538219417384,0.0005841173373169959
48097,-1.7451441319378365,-12.392149151687727,1.1300501418299755,1.151465744401353,418.01523321110017,0.39084182267088874,0.000584141068932365
48098,-3.9988238739142794,-6.318402075404594,1.9883458208924647,0.882446392005091,254.11260978100802,1.2375022983542143,0.0005841445782507592
48099,-5.040767968421581,-6.237977368492084,1.4116664175740534,1.8199593971237422,468.21012982147386,0.41900376072289713,0.0005844316916543833
48100,-3.8032698377385996,-7.215606997554169,0.47768328766928825,1.6420821763029871,344.1977112880969,0.2914541429853488,0.0005846358246527281
48101,-5.231942994796444,-7.283784125143585,0.12050774086177164,0.7286058303136923,444.3408093526706,0.43653150328489776,0.000584725249386858
48102,-9.4746642064055,-7.563078887500772,2.9273722501603494,1.6221399174329112,351.41506882087856,1.0391592924985167,0.0005847932282673523
48103,-3.4287138349323065,-6.1458276967330185,2.85725521865274,1.3710831224757154,332.07137061372333,0.34619254952807665,0.0005848135823578286
48104,-9.487966665977506,-6.832947233676007,1.647692688351557,1.6172166280689257,354.5135694952663,1.1815493613797967,0.000584834917768753
48105,-6.692826435924045,-9.598831023040727,5.124531474927617,1.1666458820629586,298.9560756750727,0.706738645566868,0.0005848625025801711
48106,-5.581558302960137,-5.512656715448778,4.229457692647856,0.9772127048121926,264.40770868729237,1.536712383331877,0.0005848898600819433
48107,-5.454996228325991,-5.923129852122459,4.756982918519886,1.7415914131001422,411.9780143246136,0.031706352747026934,0.0005851123347160794
48108,-3.500099431124836,-6.480308724788121,4.9598145683906765,1.1898493228088627,298.0167430314765,0.49832505688135686,0.0005854724029112129
48109,-5.589723816575703,-12.773595196663834,4.165429573792426,1.1120166284970119,286.82574017427856,0.5503003015483694,0.0005854746212039833
48110,-7.753271828140536,-12.849839586291242,2.0886960919021202,1.6680998474008322,468.5741159919216,0.5620337741725816,0.0005855173540805881
48111,-4.785673848378752,-5.926649221641645,2.7473552043390495,0.8663849305356465,235.13681724094016,1.2187676418744688,0.0005856289581154444
48112,-7.715511550428609,-9.217850435332974,0.2431748045954798,0.7579318261738391,213.77281329782812,1.3289772532586133,0.0005856958566701916
48113,-2.1234931352171973,-10.276777529457842,0.6557067865045961,1.0606510694716473,463.8616830072115,0.9225043388847762,0.0005857179941167053
48114,-7.542909880351095,-12.68061224493551,2.9628668482914193,2.816131815459018,485.60666692622124,2.015388492265207,0.000585864136808073
48115,-5.7028835665101845,-11.482119219384844,4.333283977903582,0.9697497070565186,270.87655279522266,1.6123082312063763,0.0005859206085256076
48116,-5.223292048789202,-6.1707198873906295,1.1756754146025563,0.9653271814700971,191.31930989165306,0.5074395518822463,0.0005859377724379394
48117,-7.759798268374281,-12.643454516551808,2.09188610618843,1.6866978342793697,396.58335349097194,0.27459403088545553,0.0005859513749577225
48118,-5.441885944182777,-5.164274453844036,2.548374170236345,1.7092293461927874,468.4576444332191,0.6549692792461306,0.0005860435715498476
48119,-4.004814564218794,-9.903161924247964,4.99362120073034,1.0330963516858445,282.03939135479123,1.030831308644463,0.0005860765765881439
48120,-4.192668689832905,-7.019150294887169,0.6179783455202482,1.1481152582261398,467.27386454498657,0.26659115726327176,0.0005862593882217694
48121,-1.9827857232747625,-10.708057037344474,0.8212151923164702,1.6201439438754683,380.3660692443982,0.2798195986166654,0.0005864610991757677
48122,-8.18995497312661,-8.979898153503719,3.6989421419916475,1.8109692331348601,468.35417979146087,0.5190652841672874,0.0005866668242401767
48123,-6.08996783192792,-5.988302660475518,0.12626405125569676,0.6180807572593362,156.46181450337255,0.7320496590590135,0.0005866948923637488
48124,-5.671441570452519,-5.017775549797024,1.6434489678106856,1.096723043240445,225.95360630205616,0.21811633075309977,0.0005868273805975279
48125,-4.598283621415071,-6.742883347978043,0.9144215522680283,0.8881398794556794,226.4140320451111,1.1503459325303513,0.0005869936140793339
48126,-2.3956036445131286,-12.316984153091646,4.527212320596898,1.0961320114814022,467.8729070562549,0.692870157996734,0.0005870685595165046
48127,-2.1390865677285618,-12.362894029880719,1.7299488170691921,5.867040821767206,663.6913470687273,0.4574998465625528,0.0005870845874806843
48128,-9.128167596695842,-7.643466198252818,3.88602625246829,5.248376531405185,636.4652533220913,0.682257083423079,0.000587341704864673
48129,-3.2641535813849876,-6.803333481075403,0.9937057588609937,2.440036791745282,452.34813897479086,2.3306381536562046,0.0005874542102713082
48130,-9.77002106596429,-6.583079422588695,2.1072589630270606,1.2863988480448203,316.3906841717313,1.1163249747779211,0.0005875485082386177
48131,-9.651036912669133,-5.789130983377241,4.072604969135703,0.7504669065438726,219.00197034916005,1.31476644824604,0.0005875832486098622
48132,-9.691919395993123,-7.224859542082585,2.9786123871136567,1.7828791538711093,421.75378679683575,0.5913678837738372,0.0005876163489062934
48133,-7.7217777694414655,-9.070917441901399,4.554999716982428,0.8247535913498759,232.45907393480826,1.2141043150482256,0.0005876753533679226
48134,-6.76021194563036,-11.005727808910565,4.2532839684493355,1.0259535972210432,467.1349906666097,0.0609119633136288,0.0005876954430884219
48135,-2.028345566334849,-9.7791281634277,0.9284813870067253,0.7213180504890637,460.770938483974,0.4302831031871772,0.0005878955718927182
48136,-5.404135553612343,-12.82159864845419,4.156199161745907,4.524337628544116,596.7173456945403,0.6362237641685491,0.0005879621024904492
48137,-3.3957831856894476,-6.360339769878738,4.4384395557516445,0.8578101196695141,468.0938495701658,0.5627286573403074,0.0005879794998397889
48138,-7.815537912521202,-11.12908784885116,2.4862081070614344,1.03689723551098,281.850208438064,1.2079584928232316,0.0005880963373756155
48139,-7.249016429414606,-12.881457877849707,3.4878103902486255,0.9429893528467159,188.04922294685204,1.0001097197662236,0.0005881987262062934
48140,-4.569424659569648,-7.21917994527092,0.33706086616278125,1.7999182582992803,428.7533530506598,0.19001285272551716,0.0005882784813874492
48141,-6.483227647301117,-11.915331374544001,4.1695411357218255,1.8001044564401099,468.14803373304363,0.8820489889371688,0.0005883455008916254
48142,-2.875944498382168,-6.685261069989623,3.1764105062871715,0.8270451050118196,183.03725985729415,0.4632154007982523,0.0005884281137719705
48143,-2.2003491229496284,-10.122525653285196,2.2345159056886446,0.847548941691642,469.9020473815979,0.06801320629727936,0.0005884516809317304
48144,-2.993404731686309,-6.566901656312621,3.753541766359735,1.1151860741764101,467.49229050720913,0.07095660638080847,0.0005885297621625837
48145,-5.521168318727925,-5.573033882005553,1.2453108870816052,0.8749381752119526,262.80606611904795,0.5103733116794187,0.0005885774763473253
48146,-4.370990394639186,-10.91163907891016,4.450590306904998,1.183234543176014,470.0105644445518,0.1803619099952769,0.000588580534544632
48147,-9.179746746779083,-6.247176838394001,4.949171557360417,0.8705512070552919,219.2492185221154,1.1952962102218168,0.000588605524224345
48148,-2.2922848407921945,-11.834411092227908,2.841071685470073,1.9380109011848563,395.7795931851975,1.5546027944945155,0.0005887475900681673
48149,-6.792993640336544,-9.99863583405795,4.74244691815196,0.599963048266208,122.40810461350047,0.7030689188413968,0.0005887508891591286
48150,-9.935492855178463,-6.035290752934639,3.3067973424135944,1.7809498303874922,467.9970209441608,0.366619279441033,0.0005887652078521126
48151,-9.935268067201031,-5.3236974315701895,2.5001458527180045,1.8347811024602507,440.10031417272575,0.6837053661968797,0.0005887990511292758
48152,-5.617576062138343,-5.537035512790578,4.275990162196239,1.8480528892500383,442.58623728752286,0.36440224412354993,0.000588866496349093
48153,-9.759579895773637,-7.029211746273141,3.196093670663668,2.641601697588537,470.22793093555015,1.9962219439414826,0.0005889473221617691
48154,-2.6269740713609844,-7.250533631290255,1.4305657831420717,0.8942719142975473,218.4315945172905,0.7825573761736129,0.0005890075429597249
48155,-5.812574396776788,-5.741721366318172,5.03788900837675,1.2057979245746329,467.8334849610011,0.22406932119966072,0.0005890396854166182
48156,-3.2178186854285586,-6.175856550337689,2.9474145101968534,3.886899405385665,415.52364206245187,0.010919131791037096,0.0005890699252286469
48157,-5.375991788038611,-5.987007793114282,1.3722508793736443,0.7587236605282917,187.22064169487945,0.164076237327496,0.00058911059322428
48158,-2.578456728919166,-8.336642695694762,5.06485516559111,0.6905085514269982,140.4367534015266,0.9247119512320916,0.0005891158153539001
48159,-3.8417856794926877,-11.549746687515162,4.262680048636596,1.2553501826793503,259.39194256350623,0.04493360899683463,0.0005891673134458084
48160,-2.4212681352231353,-8.578886170766825,3.5497701189873627,1.4628036229117436,336.82519899645854,1.4757635825947455,0.0005891937806424052
48161,-4.663753775448801,-6.49899883858263,1.340618284368283,3.2165794856541408,499.4451726248026,0.2831208044677771,0.0005892317882339211
48162,-1.914739739951532,-9.772491125437721,1.0811728609772624,0.8652204118663273,468.19259984335673,0.2647868419362327,0.0005894976490480213
48163,-5.543201703140916,-10.499702438494914,4.666741419208295,1.329548698360663,311.6415273377621,0.7027105483293772,0.0005896049815555195
48164,-4.47723336663719,-6.528891279544962,1.2071203476783785,1.1280456989984835,233.89441911146815,0.1515423705604153,0.0005896168191966771
48165,-4.852978846965233,-5.928807208449418,3.4489000242113517,1.7772677833792894,469.92151125626293,0.19597562441419836,0.0005896391454401294
48166,-3.420273953391318,-9.84361809259201,5.028610091152831,1.41740283497106,423.7440854922507,0.3899154238628224,0.000589639930553719
48167,-2.2475523221158564,-11.763678306162777,2.4315237582103575,1.000730911677414,261.0548602339289,1.1454555515073794,0.0005896810647527334
48168,-6.311336644330323,-11.453792072727893,4.296137639902524,1.1866720234430819,301.8097489064962,0.818567994223053,0.000589693193340391
48169,-4.2803871687385175,-10.904850093942072,4.4524364967590095,1.0239381187824594,268.51863983592364,0.17775304400069736,0.0005897205476986862
48170,-2.169437236146015,-10.60866801388102,1.835146008654988,1.1232335453049165,286.0668203470359,0.9927920185480206,0.0005897574533408256
48171,-2.872142952123805,-12.965906944751943,4.694262343650799,1.3064932019508773,305.22949973407617,0.4879656786331257,0.0005900043173105804
48172,-3.492763711474206,-6.215336484771079,3.654605006196644,2.8095382423267155,485.0061023959668,2.0012499924931886,0.000590009218506203
48173,-9.870311042358717,-5.676111152869736,3.527480984816837,2.783118135450205,217.59881914350612,0.26731680640781175,0.0005901396547378471
48174,-2.904317533436622,-6.826598985437755,4.335890080883849,1.2616308724708223,304.0986688987128,0.18658600595049624,0.0005901737059436276
48175,-3.448529279947694,-6.543676910322156,1.524031740089659,1.8055353057902133,430.44641290170114,0.2602313041630717,0.00059025585307416
48176,-9.881422431896787,-6.701504983434806,3.1980716588116067,1.8620843933952016,375.87496475206916,0.5120485740159415,0.000590265266504676
48177,-4.338883862024216,-12.855000727901045,4.114713075823572,1.2226389396595738,246.907498899569,0.1733212197903411,0.000590375083242829
48178,-8.606471924177999,-8.251764093336131,0.49241005914308233,1.3923983013007535,312.94054918150465,0.41764487044565346,0.0005904309456464399
48179,-3.0338216357894563,-6.464758800149669,3.5094551051814067,1.4003785408489122,468.0859143414945,0.10044256603086676,0.0005905790929329502
48180,-3.1062397180010084,-11.695333926661533,4.372601060422653,1.6171295343603365,393.142723503866,0.49863036938733796,0.0005906394935257039
48181,-9.374890098861847,-6.924940106040025,1.4800366675417713,1.8404350517364334,442.0496179525448,0.049689625622636235,0.0005906432518088176
48182,-5.273192710767671,-6.0978017025525615,4.8417752885406555,1.376179569166935,326.98805142791133,0.5544116393362195,0.0005906596571945447
48183,-2.8293160326770277,-7.080037323303376,4.560274910626517,1.04282132460587,470.3458893674637,0.05175055328882383,0.0005907037996147354
48184,-9.65486361080154,-7.310212858458946,2.6816673421890975,1.614220541634267,371.8350483706025,0.031851831193718816,0.0005908243677816555
48185,-3.1530717795414622,-6.29199692401423,2.3945603751114866,2.2697649794777277,420.66468916401845,0.756560661241461,0.000590918975204425
48186,-4.677643973016059,-9.680160947110505,5.184472295360785,1.0966309232362534,468.03685370419004,0.8397965056574348,0.0005909871562779843
48187,-5.847827369895876,-5.564282836833988,4.9183405652440255,1.1818634851671657,214.77509690013272,0.07867892036468493,0.000590990889614598
48188,-5.225994761427754,-6.594231050933869,0.6744364276244353,5.770291513460113,457.1210185108553,0.037010701175442584,0.0005911015641968536
48189,-5.78083808034454,-5.454906440014795,4.646288618447316,1.22939707908081,305.3564995610167,1.3077843326858378,0.0005913491200550828
48190,-1.9065724310053263,-10.189722853104463,0.9565385633890306,1.8662462181685717,467.48365775887333,0.019696760006517877,0.0005916059233099608
48191,-9.272299376231707,-7.606369250064532,3.583054238720005,2.978452343104531,226.68455375464342,0.33570016201140884,0.0005918284387353941
48192,-9.541532539888014,-5.812755041811919,1.6641023023854926,0.7892812972950854,395.9345736119559,0.1648515974052005,0.0005919027945721672
48193,-5.1476699188665425,-5.738982605729157,3.504043576844897,1.0323995699014168,204.34571032827665,0.05223608238989108,0.0005919894154869196
48194,-5.840359046811082,-11.606671028287089,4.302005361380109,0.7624678179575853,159.3081529282429,0.2077969541429967,0.0005920326771496585
48195,-9.503679363917183,-7.41293978322859,3.3090725403286503,1.028330044683695,468.13020717896705,0.8580705974053835,0.0005920507747004528
48196,-5.645697655312412,-5.5260226159092,1.265244523455414,1.4456864151488338,320.12873034234804,0.4042017431601428,0.0005923161319653819
48197,-5.324183874088849,-11.179755830469261,4.39505650652823,3.9840719605248336,409.9284365149498,0.0049445132625054455,0.0005924166565224082
48198,-8.03250930738005,-10.471117932501413,1.1041549057429532,0.8530935960384952,467.99958104415464,0.3678376136517745,0.0005924346519086673
48199,-2.945277377637538,-6.905022297585656,4.875656761224342,1.1688337125494006,278.59006833267597,0.9363372160286412,0.0005924873982912368
48200,-9.70045901564288,-6.355583257831905,3.9326159026481404,0.8737696651354764,469.29970074178914,0.18709967312956,0.0005925014887946923
48201,-9.23774424046885,-5.9387143651752945,4.849925577737233,1.8228463738821012,466.65006388941964,0.6757260087172661,0.0005925378367407726
48202,-5.320814542519658,-5.915711290698803,4.481889763155572,1.8292311347052161,224.81020425950533,0.11566105854516184,0.0005928153812651715
48203,-8.15051983843236,-8.394366041623666,4.716247740109095,0.88863503718594,468.400473983964,0.5366625086370371,0.0005928773477064741
48204,-8.186838774387088,-9.275542185463927,3.2135185008127585,1.1653088643689056,303.29894737412724,0.6404670405831956,0.0005929158089179572
48205,-6.4019762918729395,-11.794794369129157,4.208152542421945,2.3518832926516837,380.319459702565,0.1328507421246421,0.0005930647568838937
48206,-2.977909975173869,-6.607515967457083,1.874628610277878,2.184243473522811,421.4711335978286,1.3491448902680814,0.000593135991849725
48207,-2.2592420424311888,-9.307072199437243,2.3321879805770633,4.553685693670546,451.40130970517475,0.0008143277609296007,0.0005931873881586589
48208,-4.950468232590383,-5.877198477638324,2.133051947612371,1.7569471173181712,416.79291268363914,0.32499690340753684,0.0005933442844237846
48209,-7.765821753013288,-12.803990342367818,1.8957144897114364,1.8737745013422682,464.4258590225251,0.3341708001252055,0.0005933505907684417
48210,-5.593113267060537,-6.209188951622038,0.7286212382570868,0.876328925347188,217.42404357035963,0.6293779213875785,0.0005933828299805454
48211,-5.587462049957753,-5.97235330087867,5.060572204273356,1.505875016824836,468.14915147579666,0.47959894410970794,0.0005934594182282511
48212,-1.838540793860183,-12.68626433948188,1.2883007193597653,1.23438749970373,309.6773166450817,0.5946048135168089,0.0005934845223926607
48213,-3.4104720420098724,-12.212819284688385,4.154771164416363,3.0174634884211335,483.52410031500017,0.4522636436416798,0.0005935308379148396
48214,-8.61660902505383,-8.477316712836748,3.463539969362748,0.7385841818826502,183.68339889659137,1.1975911670652906,0.0005936750740479391
48215,-1.9758529217914678,-9.296922175497693,1.1139227425482106,0.9866740529245694,467.7398326265848,0.581101338873582,0.0005937117747372478
48216,-5.217981630056304,-5.504088584337258,2.8980033027187995,1.0934274416013008,170.6885843134788,0.17938535976125447,0.0005937181011031914
48217,-4.750366201768718,-5.981018156788222,2.4020779855240177,1.2435672819506502,468.0297555662984,0.4447014500357307,0.0005938940253495421
48218,-4.380959772526864,-12.24096699585869,4.165732722081969,1.7414799889330048,412.57306865441126,0.8183503600200828,0.0005941148720744896
48219,-5.387660733389364,-7.312598499182412,0.01978210683524932,0.8317144464664205,467.6194173829743,0.5453578923723006,0.0005944430866287335
48220,-8.350800626618248,-8.860279824461706,3.4611511396025345,0.9146364984459946,468.05006145479473,0.1431714221415561,0.00059445444341998
48221,-8.956010928399674,-6.93803071063226,5.084024782967918,1.5041675319892396,343.378354681345,1.702454455003882,0.0005945100489189007
48222,-5.880765673773134,-5.1014407734924845,4.462145096181458,1.6852392309638402,371.5277426203712,0.8604284771028281,0.0005947158522647904
48223,-8.542705935280047,-8.02035421861282,4.521304413109781,0.4855332985882505,109.01115300825043,0.4229541454560648,0.0005948228105559461
48224,-9.590149549909869,-5.619305959954403,1.7338146191424961,0.7169014854393733,467.80194674011676,0.3484877120498231,0.000595045557671774
48225,-5.013902022739468,-6.588479138141224,0.9084316772724367,1.073435281134736,468.084612058997,0.72192393038332,0.0005951093324124042
48226,-7.718332701691022,-11.094123853950522,2.854378894601736,0.8739954405359028,468.52193733683293,0.8701556009247566,0.0005951700514586417
48227,-5.095006061393411,-6.681163887014308,0.7166796697918943,0.7451752079854549,234.6090865452841,0.34418280864552386,0.0005952448988360609
48228,-9.903693004269345,-5.61098665624591,2.3834622763029074,1.735519022809379,410.9305834386568,0.6383967100374894,0.0005953549885469967
48229,-3.3430433929640753,-7.087287547464081,0.6628641808744667,2.3595822552915733,439.1255736175261,1.1765784379561817,0.0005953558312950801
48230,-9.844069354256655,-5.995574152575768,2.209282925002468,0.8788843545181015,223.38545069274767,0.5571010590399448,0.00059536634549873
48231,-2.354027185977669,-8.368420605267954,2.1080494994676666,1.6489359859779185,358.7780267902207,0.41753431695878884,0.0005953696957632777
48232,-5.075041830739179,-6.040831380274212,4.3452827918821475,0.8504435723324019,468.24642229069786,0.14625094499909785,0.0005953736945855862
48233,-5.170234266082831,-6.221841256028593,5.027792552768886,0.8520238543999028,172.17006510344376,0.8545776970598951,0.000595376667540078
48234,-4.929021306076771,-6.128756202478267,4.436880857757736,1.8250969844047709,466.752367411346,0.6944259558667953,0.0005953833777214506
48235,-7.804047273446144,-9.30003037314067,4.117802663173016,3.068624365291888,502.01171073799543,1.0922653415287948,0.0005954981749489412
48236,-9.5198553075274,-7.495434926970097,2.2943801117148452,1.7480374836879409,373.1803240895381,1.608120752147281,0.0005955229729195995
48237,-9.869816574872583,-5.941040325274195,2.2842696051081814,0.9619391599888023,218.10713695910493,0.37165736465949006,0.0005955427002057373
48238,-5.1511395114141605,-7.329984190061312,0.07255223715432389,0.9249862111753306,348.92031433701106,0.11718271358875931,0.0005960078993593271
48239,-6.839161474687248,-10.17358443336646,4.589370119554599,1.042816914030899,274.739636371644,0.783233222749038,0.0005963473246946061
48240,-4.645698944434692,-12.921282054370616,4.116496150574929,0.7865837059803696,394.7053324575486,0.29989721418675774,0.0005963648873537824
48241,-4.331134255185213,-10.373672013513197,4.68752762511389,1.5334926771503206,353.1895504221988,0.038722110943143484,0.000596403078560771
48242,-2.502586438972169,-8.422317461546452,4.290462726050335,1.8552356319476226,467.41046915934805,0.5890160484092322,0.0005965055190578436
48243,-1.954996125391876,-11.024688646227306,0.8526744127407664,1.3256330838572972,321.80985171255213,0.28064706660309113,0.0005966958749675286
48244,-9.392460285940233,-5.840237943848261,1.3861373425533459,1.7443227908658305,468.5825426189592,0.26782378899060877,0.000596767404239135
48245,-3.642293549848775,-6.502993447130029,1.6177198846746927,2.2299691036508222,430.5956795038295,2.0210910661484798,0.0005967719203051084
48246,-5.394046993695766,-6.854738332191338,0.3466902821063386,1.7055476389496165,467.8195322539308,0.42484419267861373,0.0005969210331248622
48247,-7.934906166767114,-10.849142862331684,1.9973315132098024,1.0736541787723908,259.65861332300807,1.3243383883272584,0.0005969440728884346
48248,-9.739352204363867,-6.4281873971575205,3.8145353507491766,1.785477231579334,424.0954429139931,0.40951713009354673,0.0005970490162746447
48249,-3.2129793496056456,-10.71044254361161,4.555730505813137,1.5693684567878985,362.1031345656798,0.33787834160636177,0.0005971317344953209
48250,-5.4300995553527365,-5.802144195509117,1.6120949775849995,2.2967732034905666,437.96231863265257,2.220706901175183,0.0005973723050639409
48251,-3.896660565929788,-6.162470785788753,2.595081407507389,0.8711226040343298,467.4266487102461,0.24187486517843304,0.000597437898446213
48252,-4.9901243204891905,-6.146562982782095,1.8053348717904354,1.331338780583357,319.1061559234415,0.41728674076982486,0.0005975088468629171
48253,-6.0114126890565895,-6.394149274070676,0.10925194389327729,1.0984552368752118,285.71836056803954,1.3432521711827308,0.0005975141391452961
48254,-3.038535468357325,-10.937092029253682,4.665035701738445,6.7747244914216616,445.0489963321142,0.078358770441179,0.0005977151880408256
48255,-7.676163441309199,-11.927245878615086,2.688087567032391,1.2157843032948625,306.2970420653625,0.7176981219544247,0.000597728339886037
48256,-4.337113290526714,-6.099583472518482,2.3961485648782728,1.7101012078581486,467.62451518442117,0.05628832837250908,0.0005977507300263547
48257,-5.638328262172208,-5.316819148468084,4.048820774093049,1.588988587268544,415.77172572225345,0.20064319156676458,0.0005977893881755029
48258,-4.04628811585225,-9.796462565860006,5.06991123880415,3.052989703175996,501.43267843641024,1.1818339964513447,0.0005978777906216544
48259,-3.1200766363074726,-6.405611169599233,3.884263057745806,0.9591726695251971,210.74725740188785,0.016441390148608015,0.0005979612068947341
48260,-3.7921703655535657,-6.157470680448732,2.5748447991272583,1.779440025759554,422.82571379688574,0.18017469005066022,0.0005979982813363551
48261,-4.967508607689247,-5.832950582725575,2.9716366855437184,0.8394342297823287,208.50360756928472,0.946020135030059,0.0005981033590719935
48262,-5.794292887458056,-5.060894954579348,4.23391594462866,1.158754380078304,296.45566936051677,1.1419972653556796,0.0005981864966981397
48263,-6.7424688432025555,-10.414814329493318,4.508321777769542,1.042723171361929,278.51812116498064,1.569555823652669,0.0005982351596992259
48264,-3.9036531441475866,-6.160202642429079,3.6098219265991207,1.84261744433708,467.9215278028719,0.4397504635342635,0.0005982714327419001
48265,-5.271605810777594,-10.93270319663796,4.467170561467169,1.2138366750808927,306.691326796834,0.6579253503670222,0.0005983172546106252
48266,-4.923598694966881,-10.586659500866539,4.595110027088572,1.7621671081551544,416.5639346314269,0.5757580659516544,0.0005983926135934264
48267,-3.7471570283658195,-6.260640671651578,2.269769678145115,0.8213958755199676,171.34491636718982,0.42427762026282156,0.0005985355769246991
48268,-5.569419973772421,-10.526603173954614,4.648073933723609,4.434201580316327,513.0362884123831,0.13317605792314513,0.0005985704822974632
48269,-7.141429688412174,-9.664383494760845,4.719976262753405,1.4465996118521054,467.99824595669975,0.3672925844001549,0.0005985963739002919
48270,-9.487898574126177,-6.688851065280772,4.248230658829091,0.9707743791774514,467.8854301591475,0.4682778561507268,0.0005988063449404114
48271,-7.797760037682421,-10.179248941157953,3.22743224607586,1.0554967537737916,249.4091324934111,0.4511044688171202,0.0005988470213478658
48272,-3.1051347710144652,-6.366695278086476,2.1603967332094336,2.9689953806556173,454.6393249799443,0.2145443115243566,0.0005988753413266242
48273,-4.9429927816408785,-6.304457985317529,5.009053918297248,0.9509450845008035,193.08766562853418,0.3871273825799548,0.0005988991476582325
48274,-7.87902449133072,-11.221375179803648,1.044172283886817,1.0557726855703435,228.46464929009326,0.41163342365732003,0.0005990228510135709
48275,-4.281496886680075,-6.560516052498709,1.2564900657521512,2.226972330503883,287.03280748102907,0.5130982701486388,0.0005990333732651441
48276,-7.737082154464412,-11.955672203839864,2.441433793781012,0.7982630666310866,469.08591672085635,0.21416522164176222,0.0005992175957463544
48277,-3.825783727853521,-6.272811163477666,4.2014679603951,1.0483039736105155,274.28155547880567,1.5924365089114039,0.0005993219670397824
48278,-8.232087423896491,-8.675445409453037,4.088502197151283,1.1836264382963546,466.71533468882154,0.2630390815355259,0.0005993401295342572
48279,-3.289764767423325,-12.050832736932637,4.1793269049615365,1.048423764874642,189.4152195286964,0.11768387663727697,0.0005993522077563868
48280,-3.7103557740660005,-6.315063286292873,2.096918060174226,0.8523740758849719,181.85849670041634,0.4535355300187822,0.0005994494130839623
48281,-2.710410587805505,-7.001636824821745,2.6900018743960317,1.324776188587275,316.455027950263,1.2359722010459846,0.0005994622926876046
48282,-2.361760352708396,-8.892237990448134,3.184419291453115,0.6782006987179933,182.17674998877644,0.8447284649649038,0.0005994675602179755
48283,-1.8152301458859146,-10.260021716940008,1.2462048488149657,1.7495293503397338,375.8877341387336,2.103500044476525,0.0005995022230610188
48284,-5.218123080529465,-6.446004540060599,0.8961743135164255,0.9039230274562229,468.0405709343704,0.5841377584099066,0.0005995777926064552
48285,-5.127389567026115,-11.776030932941252,4.2488711426006,0.8593849091968352,172.68645268782666,0.40756379573309776,0.0005996299084863132
48286,-3.514110751656868,-7.251355015040039,0.4232453256142539,0.8364159907507008,206.36174558365119,0.7031398437395175,0.0006002118139198709
48287,-9.55942212418356,-7.333006839481651,3.2943726987409563,2.814335999900949,485.54944460541066,2.0849248500957636,0.000600229634768123
48288,-9.150707931037411,-8.059678384445437,2.2539472073343694,0.9623393149281723,249.24158885278976,1.3173924671651784,0.0006003292311261678
48289,-5.402261910973152,-5.294215923332282,2.7737424597428757,0.7648203157564206,175.0935292755106,0.9121597476433578,0.0006003497192770973
48290,-9.445675799755303,-5.691296184449197,4.445594734144759,1.244938447982894,312.77424767122375,0.4463597263513641,0.0006004387985619713
48291,-3.4392475789998747,-7.079616791054745,0.6378160101169872,1.6571100529979164,390.367111132521,0.7401729019235939,0.000600523364454248
48292,-7.188392467724342,-9.662986716380875,4.669497837710646,2.47591604220149,454.0749144544313,1.839127887595854,0.0006006044572248224
48293,-3.343428339272184,-12.141924236040555,4.161081187258992,1.7344363402443939,351.91462285784246,0.2403946359296878,0.0006006469255316631
48294,-7.452212326357817,-11.87361555981069,3.257322103896879,0.93641778689274,468.29023367115843,0.8513539019974941,0.0006007044592806259
48295,-3.440483704534013,-6.161087396312442,2.9441442874769472,0.8631947694706794,468.2786549970354,0.1807384945901962,0.0006007133448399463
48296,-5.153287207198006,-5.650791585649085,3.055512162805898,1.5330513909313155,343.35314603750845,1.415582234660147,0.0006009125783743647
48297,-3.7026435782535057,-11.236815407565652,4.326690406012227,1.8774122286703945,451.56929010527017,0.32833528831004966,0.0006009727269203945
48298,-5.680452777985366,-5.124123554242717,1.6425503605028962,0.9233805451279016,287.43378031155726,0.10159850367854961,0.000601012700258701
48299,-4.53063240365746,-11.89812061770235,4.2070556607705765,1.1982662066309975,302.84264555574583,1.0937826137621727,0.0006012720726204445
48300,-3.778792576393423,-6.137812510717766,3.141616088576332,0.805831950854672,225.24680591987027,0.6611483047509008,0.0006013666244994402
48301,-5.120272698253706,-5.857278694852164,3.930257642490435,1.470311629759773,468.4671675499211,0.34926442278090075,0.0006015164802225627
48302,-7.763441043689953,-11.68262097674209,2.4112593927652877,1.163510186461113,470.25342159366136,0.05682415842260635,0.0006015273856651536
48303,-1.9232575895912678,-12.759946526716668,0.8046731662265626,1.2153068989935547,253.40473654055506,0.06930339805898811,0.0006015787934551268
48304,-5.618281846000921,-12.707891300668717,4.158869042217003,1.7703597763300367,419.99475271526615,0.16410487670036478,0.0006016410265725315
48305,-2.013433082929782,-9.644316032307914,1.0323496409535198,0.6800240048023081,210.83335181429584,0.6065239909597713,0.0006016474084058678
48306,-9.428765565219642,-7.517159794182068,3.286015337311886,1.6770535999173946,395.03714380110955,0.4741115883853029,0.0006016495464352158
48307,-4.970092402772415,-5.976721953825873,4.037917679869618,0.6956715582026217,155.611857610089,0.019206634031424308,0.0006016906124020182
48308,-2.1393724467700848,-12.298019453165033,1.6823026881519814,0.9960054835196269,274.6007554383528,1.579485446037471,0.0006017101975784379
48309,-4.786779529776063,-5.916516029659263,2.463699008840638,1.3530673568003475,468.5037034982582,0.07759241636025305,0.0006017241381337208
48310,-4.1931551722771285,-6.087930909292626,3.0408301545185816,1.1459785956607924,231.49044082474617,1.034825065101228,0.0006018491469096959
48311,-8.618956472604232,-8.564905108968563,3.2348908453564547,1.1249982206891012,467.6397232908354,0.34695742070469304,0.0006020652654825409
48312,-9.966482793963205,-5.208911438027627,2.826699210240921,0.87257021064036,468.3231735708416,0.5071230260238009,0.0006020889477839192
48313,-5.802816214479511,-11.040710289983632,4.441713105252288,3.9870006706506533,556.23048709546,0.4220574354531763,0.0006021171658237995
48314,-3.0375856253514764,-10.276234237936682,4.980099069884304,1.259757568649049,468.1507955949291,0.5394013707845957,0.0006022126862199764
48315,-3.014720320297128,-10.478524812918506,4.9111873102890335,6.030773061045348,672.269423833271,0.6283278380911685,0.0006022896815861443
48316,-6.660826881972477,-11.992848816975423,4.0787256663050435,1.2506070065143338,308.4246281381359,1.668414707293561,0.0006023006330299614
48317,-5.106568179378655,-5.837783084130406,2.1550904798336235,0.8236286014890914,228.2647530881469,0.19266236635666,0.0006023723832132377
48318,-2.152281459059301,-10.549354281780648,1.809640980936435,0.8579844206233948,468.1079007044491,0.5648545915939627,0.0006023795903633476
48319,-2.993800046623539,-12.135251290168322,4.462973761712352,0.7995962684123686,237.2387749714599,1.2837737680219048,0.0006025021434425256
48320,-5.838093510922675,-5.021777835214153,1.044852427330707,1.4460481154843907,324.2129996489019,0.21111433777272026,0.0006025634889962113
48321,-6.599866231066663,-12.405474270746426,4.060164153159317,1.7953473178436956,425.2937431887915,0.5734866582144535,0.0006026048210319779
48322,-9.45237635679255,-6.4743182412667775,4.3970322893655664,0.9188186103186927,238.7452773037988,0.9029172561563632,0.0006026339254382834
48323,-5.018189258076843,-7.231243310938581,0.21794071021128308,1.6925269339515843,419.90761188056865,0.720719949687477,0.0006026504261190801
48324,-4.459224612718695,-10.115929869054805,4.842845794716464,0.8531053334278682,191.7918987058355,0.7632171220040771,0.0006026899104967504
48325,-2.1120365406479156,-10.497892940145023,0.6660840277690442,1.0002698337661877,145.63718816295793,0.2949373990015447,0.0006028688762326115
48326,-4.572389119571153,-6.191889974130163,2.01338290583681,1.8277596157890184,467.7438156403425,0.7914657206933127,0.000602896015746989
48327,-4.002235580861889,-6.913310914285665,0.7845426494305299,1.7061292353041528,468.50622609069023,0.4199879744772028,0.0006029096906373384
48328,-5.25897835989826,-5.670957024832972,2.156505389047513,1.2333271039108022,309.8532937120582,0.5805497358776073,0.000602993251881543
48329,-2.320379858295177,-8.940212040429852,2.636788452577553,1.0837083827119458,467.34167767689416,0.7884632045804505,0.000603129195406083
48330,-9.91284622156159,-5.26895264841597,3.3097977684233304,6.238635007809155,369.3729511532297,0.16745372648867374,0.0006031806837923903
48331,-5.403508206423953,-6.021802104901718,4.825534864175371,0.9311820014202994,261.3237530565344,0.2642181759538387,0.0006032705584781283
48332,-9.822712204280798,-6.578195661212237,3.5268015209823,4.319140302564798,304.4467695857622,0.1917795643268434,0.0006035928980317807
48333,-5.571263592280441,-5.916432085762329,4.8703755649575395,1.0376351251027718,275.6041307435647,1.7429512536448897,0.0006036006928682758
48334,-5.29327414586659,-5.588217520198174,3.478691189137784,0.702804474985165,191.89865705018565,1.287671256561695,0.0006036596411514554
48335,-4.934927290054032,-5.962779181854711,3.85024370162005,0.6803028434680441,161.4159652533593,0.7506506533862352,0.0006036844276112789
48336,-9.95555609424537,-5.8138938256673285,2.670331673712596,0.939921745661551,251.81409822641137,1.5630998621374168,0.0006037652487570529
48337,-5.4606685032643885,-7.288869742151528,0.0025215803116452116,1.6495697570023935,385.5608391024915,0.27593641336935537,0.000604034496841399
48338,-9.098394631666364,-7.5230797910256895,4.150884691182109,1.8044951943950642,466.4347720664573,0.0949455414310103,0.0006041368266802503
48339,-7.760636507522395,-10.673823081826338,2.9537135273065664,1.5205986823567428,325.8221246721407,0.7123833494329936,0.0006041391830219581
48340,-6.610970788639288,-10.132070229489583,4.735938697258925,0.49710833498160306,105.77981947762287,0.01585731322945172,0.0006041476071907724
48341,-5.611056951877967,-12.835726244519169,4.150012573216723,1.5749677901920238,468.28954279272097,0.41266283815521554,0.0006043089049240016
48342,-4.102497610704549,-6.324885793656827,4.3963853454927015,1.8044896399573407,468.3941909497425,0.5342948744954823,0.0006043155655226033
48343,-7.129562727376438,-10.504580875268136,4.150572593132289,1.499752293876762,343.2235377374652,1.828897653977939,0.0006045054602439461
48344,-7.3776443431826655,-10.680993392640655,3.748569960504014,0.8378556461180364,467.10054156865704,0.08848973685825268,0.0006045270341151174
48345,-9.96401708186182,-6.151311225403072,3.053470658984019,0.9853620726160952,261.14701121376856,0.5990258557401864,0.0006045434960890379
48346,-5.401405403091693,-5.651057412916664,4.012954576608663,1.8335459000134382,468.3470148854667,0.5162954999671756,0.0006046793538157984
48347,-4.321458157555104,-6.947228609655476,0.7029010172242367,6.516229819501151,603.8913771413411,0.14769731363767402,0.0006047485886921789
48348,-4.8036967689473595,-7.362551172080245,0.2027821472420243,1.356745092745837,294.62316383929135,0.13344160855439835,0.0006047820710365986
48349,-5.568501452625558,-5.0332270511592725,2.8911843267523354,1.0876900986235076,467.9933862592253,0.19786901445274108,0.0006047906359031371
48350,-3.8098331377074075,-6.410421728902018,4.73621737937245,1.2132308663027906,298.0565591568683,1.3744895462567905,0.0006049025283509366
48351,-2.2825418825357566,-8.973347045114206,0.7236831819621306,0.6689842699029236,138.56375615579665,0.29802750961410407,0.0006050115327033692
48352,-5.1708549308681695,-10.680953337837474,4.558650967064649,1.5961846792243108,368.6199173899759,0.641077314268899,0.0006051318364538598
48353,-3.3156744896911308,-7.104406218086999,0.6609423336021756,1.0288985035424725,203.37433703005428,0.04826307024640908,0.0006051806527616458
48354,-2.981671376442465,-10.983965861503236,4.742742437000878,1.0344154764205806,206.1197768768296,0.6616367562002434,0.0006052331891417207
48355,-7.203096790655208,-12.990150120195734,3.5296255683853035,1.152029961254558,257.22439461120706,0.17056360555158712,0.0006052614905867274
48356,-2.7560047333019932,-11.541233626594344,5.1788507041669885,0.9734408762936477,468.6752085163835,0.836472848741793,0.0006052890031505803
48357,-3.8022885184026016,-6.139266558026359,3.2235525865413144,1.739569699447819,467.98745016742754,0.3623466724573827,0.000605327892851234
48358,-2.998608342813318,-6.843214545603688,5.022786836608988,1.1524657397296296,468.34226215887617,0.5143477671587569,0.0006053416194773312
48359,-5.537835180647757,-5.490749444533563,1.8190972765317925,1.0570631752938449,280.8229271641517,1.5210045681770952,0.0006053983882383263
48360,-4.386270098555687,-6.342753084122256,1.7667061370329493,2.137779747199382,411.11105318683616,0.9151255439490553,0.000605417858091657
48361,-4.994961859409588,-6.303485478286438,1.5304699630138752,2.2712709965242164,434.5078090313251,2.0610423444388255,0.0006055811956956361
48362,-2.4158546891049246,-10.820494865255897,4.622473885005023,1.588899375018582,146.08389789036482,0.35092886803528867,0.000605652652607498
48363,-4.96656686740775,-11.083527386653216,4.402089226681077,0.9905977133108358,260.4528144488639,1.280754667855554,0.0006057393311455409
48364,-2.298518114749765,-9.18844356563033,2.7316325128348993,1.768168553821595,449.2264198907811,0.5857266471828089,0.0006057832238839658
48365,-9.824141156460756,-6.514960051649165,2.2698342906504054,0.840211050362844,166.83405205072077,0.054952392807822825,0.0006058185676150498
48366,-3.767541739842005,-6.468183292562683,4.9154978450192734,0.7022478810947004,162.63904358587413,0.010901728042189696,0.0006059238036085774
48367,-7.806087035990528,-10.447029647557827,2.9790283483259654,1.2207045446835558,392.0713334826371,0.683973261443346,0.0006060701407005234
48368,-4.904995034916395,-6.287626116400331,4.907891442479041,0.9462590411466859,467.41674840660085,0.4275434943579022,0.0006062051172671293
48369,-7.854782155688854,-11.026610182281475,2.341562676258369,1.1288331598616343,468.36304022713546,0.5223145318289264,0.0006062427101653419
48370,-4.143483017569506,-12.431112633860298,4.134715793155937,1.6988237564895217,410.3880593335785,0.011664476647747613,0.0006062896546931755
48371,-4.835717691066986,-11.380132323221197,4.31529066747401,0.8764111831645913,467.63184316464043,0.5802927694069036,0.000606553523495352
48372,-3.357673477832014,-6.28150422766377,2.157209193745072,1.3090443935068792,468.86173319672406,0.3614705367898674,0.0006065876462821408
48373,-3.795800935942766,-6.204820072282661,3.770244054456217,3.7419899848871245,323.5526072644054,0.14641447300648647,0.0006065950977474008
48374,-3.625569108185875,-7.414847051073789,0.26531910544393067,0.8855450340242365,440.4830954323305,0.1830000348113492,0.0006066488417860878
48375,-7.8121178899366175,-12.017519776775437,0.5521906119825063,1.3910714655929335,319.8590722990612,1.0552771182880472,0.000606691892688326
48376,-4.338948837528247,-10.902443820285372,4.44112653251562,1.0939404737088472,285.82707084826455,1.367238600776255,0.0006067446450308483
48377,-5.419802682733141,-5.730349598291696,1.824374446177423,1.608254263845606,377.63016745734694,0.85323142309863,0.0006069385137997355
48378,-9.388532569066852,-7.100192421327234,4.109923018180501,1.8192386419431534,433.90886779145575,0.4769475416982214,0.0006069868379123548
48379,-5.5216412015705485,-5.148192719119243,3.3742092889016018,0.9903243768734621,467.91094251525595,0.7711423706816314,0.0006070861409513765
48380,-4.324540126246172,-6.562326483282759,1.4309689084400659,2.8654056293906978,477.30769986032357,0.6921829872821741,0.0006073899607447725
48381,-3.222400968627621,-6.457061279257341,1.7896098947273738,1.2780417870025171,316.6624699087495,1.0445543246784244,0.0006074613245774114
48382,-6.504583750400688,-11.889343170124285,4.153592724099742,17.556350081741463,695.46242726356,0.03355662564479989,0.0006075443339921136
48383,-9.745482665257766,-7.107652752847727,2.596171091778651,1.2193653938851172,468.766257701328,0.2627921313253614,0.0006076911685796898
48384,-5.458116346742753,-5.221675551732135,3.237000935067425,1.2715380620035954,314.6221172984316,1.3020197599499648,0.0006076983126679869
48385,-4.04086880158242,-6.114694500561032,3.0573509381433777,0.9182564426997527,259.5303399157745,1.7678754731515403,0.0006079019347632266
48386,-8.026963133363559,-9.420790546070215,3.449472940096251,1.4870726014004685,341.3968872911737,0.7186869945609766,0.0006079123414547311
48387,-4.442503586921445,-6.471123055319594,1.4900644688108253,1.60132179774676,354.95267268931804,1.6357777823170645,0.0006079136370074282
48388,-2.415093280721515,-10.85279751491427,0.2534253708531657,1.0857795555391472,467.83285665295176,0.9385335759391653,0.0006079581186431103
48389,-3.2803107066682227,-6.660919314377713,1.3402571603811797,1.1771336651126758,211.70115761890443,0.08821130805497202,0.0006079641505327228
48390,-2.778528278005429,-6.866687549804327,2.5709476679800463,0.9383996770794767,204.47441421697403,0.17882495636406404,0.0006079990075677225
48391,-5.447482125709662,-5.437100173195428,2.097778397074725,2.091567974561997,410.70286611964326,1.2980882360758086,0.0006080071304976757
48392,-1.7824415979499548,-10.848670922086576,1.1741408858398317,1.053695349214039,245.66945579518728,0.44600950203451273,0.0006081969308667565
48393,-5.8234484531950645,-12.927377794065212,4.1441824900801,0.8429058936814028,244.86627635334216,0.3302046562815528,0.0006082254977553686
48394,-6.460408144602897,-9.81883133995273,5.017920263148203,4.7551657906455205,611.8871123756177,0.7810395229066742,0.0006082636992560879
48395,-3.203682561519039,-9.820477518490966,5.097869377920943,1.4205917750179486,468.7302869577957,0.4929093452898945,0.0006084035288170393
48396,-3.718894441282883,-10.74457453465076,4.488267772768487,2.7645178866126887,469.54014114511074,0.7449392387917255,0.0006085678433852064
48397,-5.835402940672999,-5.509752828616104,0.8295921295791662,1.615427225992928,377.32844288190574,0.06559987304240256,0.0006086642091311737
48398,-2.261192249394746,-9.464234723643383,2.5158991550972587,2.332790992067343,439.47542993268786,1.6358104749598468,0.0006087782508215025
48399,-4.844811102691664,-6.391004549811166,1.2470875620621436,1.0161908417785745,264.71476569258255,1.5434782998983154,0.0006089225318570997
48400,-9.769018417694417,-5.217255476629894,3.7336540481533014,0.8127770531496026,173.18493915482279,0.09707950496347362,0.0006092215476234368
48401,-7.386546779917619,-11.793251780561578,3.3831419427934155,0.9038984562925232,467.5638752764921,0.05209647036300691,0.0006092767772490318
48402,-5.180053645688406,-11.230244520421628,4.361782178792939,0.9940672712326097,293.6815676099794,0.9671213441025985,0.0006092986848809264
48403,-3.335551387642716,-6.76722434529882,1.1049228080185387,0.8073471212033796,231.36300194906764,1.3409776057671934,0.0006094599751339314
48404,-7.779679055784998,-11.47653632878312,2.4203153585773682,2.9821162211167933,474.71543788111967,0.4201008530099619,0.0006095114296095729
48405,-1.8132260222279406,-11.616301153925333,1.2355163272238585,1.341328773953181,321.04550404518454,1.7876058920197613,0.000609688885129297
48406,-6.495768081179523,-11.227808660631784,4.290168838675438,0.9943266649333772,198.38097531914977,0.8946776035372226,0.0006097700614472242
48407,-5.761151278682453,-5.305095218212137,0.9891045309265802,1.36637445565538,340.86534917561636,0.49554397255565075,0.0006098270876435081
48408,-3.8329274663809665,-6.317915886203576,2.096455859457205,2.65873767547628,468.8713736702372,1.4007873423214177,0.0006098490319202403
48409,-7.817590325013111,-11.817469688963413,0.9845476066878581,1.3614911408886754,325.0006388238661,0.4999615036729539,0.000609873160419504
48410,-8.909625136396105,-8.397014914570791,2.3327791772186828,1.0737923938176162,274.10452930009046,0.17453585367360702,0.000609873179258016
48411,-3.758083363407345,-9.743660135089279,5.0995140250146145,7.1858917681449865,348.6429127812742,0.2230593152277507,0.0006099672379691002
48412,-4.656899496154365,-6.965842216923473,0.6295839132127422,1.5702184902316212,165.34159770233612,0.2747462604964239,0.000610010988864517
48413,-4.769407069987153,-12.169949050963487,4.172337911842496,1.0078963503291225,214.85888296526127,0.006688251188962546,0.0006100650540492477
48414,-1.8687966627445558,-10.326855153972765,0.9777366025081793,2.1647876281905885,423.8932590831031,2.108000520374932,0.0006101534453732908
48415,-7.799064487739304,-8.685971494711897,4.919239907132125,0.9611154990201349,263.58273478316977,0.8242531980734134,0.0006101744246087308
48416,-2.2559494891068326,-8.510679258157698,1.508650532707132,1.8684645032132607,453.6491801508497,0.6284233355890061,0.0006102044235658926
48417,-4.7074506501308635,-5.9756366501065665,3.113194406038778,1.8901413136138654,469.16281258148604,0.1803939196563915,0.0006102283108160272
48418,-7.510487293112986,-11.978710594909048,3.1097535262232228,0.7506694183191314,153.06567013276995,0.36763773080273854,0.0006103090979824946
48419,-4.090469642204557,-6.489776795917281,4.999929851673585,1.5052205602657744,285.64054209044474,0.07437946861600508,0.0006103109459525871
48420,-4.63565948021466,-6.032121835318581,2.655255157108429,1.030429139921491,212.91125205715247,0.21313645894190625,0.0006105404153952994
48421,-4.947160992334818,-6.796683803507547,0.7346224669928725,1.666663857230486,391.7890951767558,0.43662720592989235,0.0006106319893640983
48422,-2.5350587233645703,-7.62604908189921,1.860619088688724,0.9107185320603712,225.94711744256435,0.6734150554949556,0.0006106539001872522
48423,-6.267712798672561,-12.187611024723768,4.170031859677931,0.8767347277597891,230.01612838326784,1.0361843968252638,0.0006106882015859221
48424,-3.0620102488684235,-10.148136680124932,5.023965795052673,0.6445157567663411,139.0427916818107,0.08387466897212992,0.0006108844357051327
48425,-8.00946822185526,-10.451513773330584,1.21609722218349,1.7464067903430216,468.1842926803147,0.5574632623678717,0.0006109664758110623
48426,-3.8464254305658034,-9.65700834666148,5.1740184309208175,1.199604258352439,299.9666719680227,0.718104939625209,0.0006109865982563158
48427,-9.929282675774495,-5.273218852154818,3.200292632927713,1.7512116922896173,413.61713805022407,0.5367067705185731,0.0006110678831595201
48428,-6.841351660510923,-12.169376021783762,3.946132731934757,1.7545129938939859,373.66580739032474,1.4709360928726918,0.0006111677748998021
48429,-4.726681126474364,-12.043962170954643,4.185466553306266,0.8946119989120602,243.14229947857766,0.8964026566814498,0.0006113219149623796
48430,-8.294458513518538,-9.590039512031279,1.9641259275989642,1.0950783883873718,268.7017997726128,0.8478713382368763,0.0006113693987303941
48431,-5.5947137893603065,-6.3574941431951135,0.6327699483558769,2.0393952567902556,383.0247574566667,0.19077293884589341,0.0006114732798978363
48432,-4.397765800290049,-6.569873970923375,1.2073315407429095,1.3039061260337386,297.93743137803983,0.3928260496445226,0.0006114888193487222
48433,-1.89036202103469,-10.606544709835838,0.9438331146849681,1.4592155001289984,323.83171569754705,0.13436619023106644,0.0006115057727834921
48434,-2.8418927625931367,-6.968786456309195,4.307871126709158,9.721165872310026,785.1715523242559,0.3784874925137638,0.0006115520274309562
48435,-3.1359970109195254,-12.866631656617225,4.192685785532407,1.4800344086458856,340.2095131514211,0.8770821560613742,0.0006118449222189253
48436,-8.231277978592821,-9.814120985062996,1.6144562936251565,1.4581150119037403,268.78649360534706,0.0994788310471506,0.0006118929802522417
48437,-4.476827361430503,-6.486921338462641,1.5110691953714115,0.8651297126694045,249.89568184663503,0.904153565498798,0.0006119026358440281
48438,-4.365855487234757,-6.553528533896326,1.2491116134103732,1.4880334242326365,338.3278877120986,1.1691153002418462,0.0006119707241326362
48439,-8.524209388488181,-7.486488634632479,0.37345407697888056,1.3648374083327999,258.8075091872277,0.07397565540794915,0.0006120515128604012
48440,-8.492255573082188,-7.997766080504878,4.6490756076138595,1.180585569159356,467.36421006116313,0.32360681773289723,0.0006120859882458242
48441,-6.038871200804964,-5.047584341083171,0.552798682080865,0.7058180025386652,162.0047368142356,0.7811268654172778,0.0006123215858002008
48442,-3.8809659348145464,-6.16006848249691,3.366314670472159,1.8245972276662528,468.01472579470897,0.3242004358755164,0.0006123536544273875
48443,-8.972904882832333,-6.817719401213126,0.5322844101921465,0.9944159625778827,467.35699491333804,0.8928182255538877,0.0006124396733660255
48444,-4.296213055028844,-10.430537576825706,4.644678686755035,0.8669938214281456,226.95115252045912,1.36412006523551,0.0006124563201103805
48445,-3.4515095909132505,-6.35709331302693,2.105369444055057,2.1811870900139105,205.1914572428658,0.3242246452661437,0.0006126184734228762
48446,-5.052499047713782,-6.368689176888156,1.178628740252537,1.1031755252002524,280.511097366469,1.6648270894274093,0.0006126650537849558
48447,-5.484450938236272,-9.848893368774805,5.066265022542748,0.9994164267713376,275.79352133019677,1.3014845616318764,0.0006127930416800004
48448,-8.187301589776842,-9.9371803111738,1.6748010418668402,1.1384540749974827,294.76654074665674,0.9253344168833815,0.0006129394956681532
48449,-4.6123985047822815,-6.279830414604946,4.628108672570754,4.708045721220521,447.31954108036246,0.012425570595211433,0.0006129909790378151
48450,-9.708222971411317,-5.244751528801609,1.9001319656018456,1.3506489192665643,321.6002279488136,1.1465294528935095,0.0006131214483574269
48451,-5.770964048250237,-5.424176849356919,4.535216359368228,2.6291128341952716,468.41328264899295,1.8186699574270362,0.0006131604848014699
48452,-4.243261400998474,-10.159720933047746,4.80161474214195,1.1724509351946169,237.76432969597462,0.22696706123167232,0.0006132966410624466
48453,-5.343622641136735,-5.92867611018643,4.392510954603214,0.770141459038671,227.44202577937807,1.4839771247947668,0.0006133253556448552
48454,-3.497816374519017,-12.533083765068568,4.107649126344765,2.3274068272057447,214.58846081924807,0.25892871943042106,0.0006134212879562672
48455,-1.9842865795757447,-10.845593170378292,0.8200798280861409,1.6269852595355792,360.5106810427819,2.0585893411864893,0.0006137179229015394
48456,-5.593217357945815,-5.211196700893464,3.718869899091444,0.5365779455962051,113.12295809350914,0.5381217553138962,0.00061377015810665
48457,-2.4503249228615918,-7.947527411870388,2.4329099091467477,0.9044591538565936,193.42464444897902,0.2298819607585063,0.000613899265635767
48458,-6.009984754898343,-5.36030600198459,5.039155877850032,1.7361698877583287,409.87454131155164,0.10915865185942941,0.0006139037456388644
48459,-6.494728296762256,-11.613465710652127,4.19966765287386,3.1360939567201784,495.78978699543075,0.4930986753191844,0.0006140685404448992
48460,-9.20442027417663,-6.169625674046632,4.890844353353437,0.6498379249352965,140.59752660230313,0.19046983000970474,0.0006142280714901662
48461,-2.1640658416380987,-12.631798789079028,0.52613575565252,0.8879064705557256,188.17636650277626,0.2694238045152213,0.0006142791014328574
48462,-3.2681680299651914,-10.671855975511285,4.532746229187148,0.8546748521344897,468.36017421627486,0.46544191639854215,0.000614445314664501
48463,-5.746975028614527,-5.207915582116413,1.453773709826454,1.7804054896971149,451.9510421510855,0.02944452871759573,0.0006145205150774401
48464,-7.390236318463321,-12.689501864259215,3.2570197472010687,1.520088817753383,468.14017300278147,0.5895356526295741,0.000614536634383965
48465,-7.409936618155447,-10.605828773552822,3.7268023178516603,0.9737058570812441,467.78476185242533,0.567197872420242,0.0006145677842957686
48466,-6.020847924501893,-12.43235978373856,4.168013794635708,1.0217401555791987,270.81817771749417,1.487526913247387,0.0006146090281891664
48467,-2.197082655186751,-8.886071292411843,1.5324533610500088,1.0621555651812649,285.2920418491806,0.6157871610461214,0.0006147113236873291
48468,-3.64726759674865,-12.046721694207392,4.161809835979091,0.8954550233011641,226.00577529532686,1.2243464186766113,0.0006147431518687915
48469,-6.43769834073704,-11.283721951870122,4.289949637308002,1.078592835248856,236.70140884079464,0.04540845911577929,0.0006148180621928336
48470,-2.841945656413678,-12.803801434835112,4.7691817156055185,0.7737332867228499,162.42611584402667,0.9055232292418358,0.0006148226926773927
48471,-5.32155178474454,-6.015674068047147,1.5061469063116586,1.1779033882539804,467.03236362488934,0.357629592733983,0.0006150303406315639
48472,-8.838150225003027,-7.226068025504658,5.030125116572381,0.8602483777708598,468.34610629476117,0.5159194659562703,0.0006150882312060243
48473,-1.8265699030940414,-10.351800509593403,0.9632797126555555,0.6957132153530656,203.34536260893947,1.3306953131575936,0.0006151057670662286
48474,-5.837946012238721,-5.671799655871827,4.986206004825931,2.5246262260452736,459.419558558425,1.964236203655422,0.0006151164536982301
48475,-3.620295630494538,-7.702004748748683,0.036422020118336035,1.0374165085640152,277.12045170537624,1.7600695073473203,0.0006152336492011249
48476,-5.4811694239805036,-10.644983693498888,4.579259906658119,0.824566643955453,165.54723515162132,0.4531385166726727,0.0006152604095107736
48477,-7.497871199951419,-12.057424628423089,3.1184624252630466,1.1897291023061176,302.3836583496766,0.7954965140349088,0.0006152675488593769
48478,-5.249234265660868,-5.5107286272628375,2.714919066179221,0.6375410576735044,141.1021450491893,0.8240298959306358,0.0006153939449771544
48479,-5.477730143403658,-5.224306846279824,3.0917368664279783,0.7451998546933515,150.53829862065197,0.8153917290347854,0.000615466080249433
48480,-3.361964959107575,-10.76657207559547,4.476112901262888,1.8525536800941849,467.24489138788863,0.28377208871783566,0.0006156590607390648
48481,-2.3563941590921527,-8.547423822271398,2.4595066029117945,1.3313659256599553,468.3653060783513,0.7946795907636028,0.0006156891976058714
48482,-5.615757435071361,-5.714973753441807,4.576925231162816,0.8023998462883272,167.15183752143722,0.07462292275126092,0.0006157857043125644
48483,-3.769494181852555,-6.279639257777133,4.135042714229097,1.4790303155431295,467.97794391985974,0.5419223836127962,0.0006158177691343428
48484,-5.113720909527106,-6.220527912715436,1.5013951889567128,0.8434480043215395,222.0477077805218,0.5737444929725521,0.0006158392076995888
48485,-2.3221678352539428,-10.020588738572506,3.1414197774371413,1.694554110189877,435.6369467522922,0.1763225357596161,0.0006158746040260971
48486,-4.359780048210974,-11.917290255389036,4.191015146612407,1.058789742590028,275.31081712145294,0.9141594487734341,0.0006159171240735544
48487,-8.097012388532855,-9.97556352004845,2.3572901942604,1.5046385838128737,337.2964418593661,0.7351725112267866,0.0006159179454797052
48488,-8.738977720458106,-8.342086525240287,3.3740790316141798,0.8144953530785228,468.1741119855231,0.5395295185343176,0.0006160939096320065
48489,-5.433534424434406,-5.517723335708696,3.7726407335792587,1.8278579567148294,468.04712411086683,0.2592613589241166,0.0006162263998233352
48490,-4.360180468521665,-6.60130436576344,1.3279688037199877,1.9486049950484596,386.1074937572066,0.5913610249131693,0.0006162397848550301
48491,-4.789256524064475,-12.53297408715572,4.134126161638289,1.2119236153191866,268.1335726639258,0.9168667981534702,0.0006162561400539488
48492,-5.135466453026478,-11.270363615228446,4.34769361379634,1.1440798879350784,231.60635296094446,1.0331242733568313,0.0006163002036979809
48493,-8.302766577354308,-8.373696409659392,4.4239112439292745,1.1784847270827172,468.00874181243034,0.37191866640057825,0.0006164519612388424
48494,-3.457104695124398,-6.245340975895637,2.6309820521096325,1.8371652308575248,468.5708705095036,0.3230832186692414,0.000616510221214922
48495,-4.159448857363309,-6.318020491268222,4.356734325476809,1.7289542314750637,468.3556662994134,0.5196556536756294,0.0006166499460356013
48496,-4.3796440504269505,-6.182997880542587,3.8191343273544454,1.0214389036109153,245.98569954937508,0.0970701303366539,0.0006166960376607841
48497,-9.703626606865491,-7.1850295341875485,2.934625694122882,0.982798938776077,270.7500995637704,1.7865198267561677,0.000616791639731158
48498,-3.1466765850053546,-11.012126684655701,4.4839126567078615,1.5404470301574338,468.1414532454502,0.23781310430357383,0.0006168890168858691
48499,-2.351251715598062,-8.101349863203065,1.0561653427494038,0.8128420552560573,379.45653367384676,0.040679977439504356,0.000617009291536274
48500,-3.7905838115852184,-6.829597395666063,0.9428423086285584,1.8166600677588942,468.3563796706114,0.29526553811292366,0.0006170226141605721
48501,-5.858063259216781,-5.241656016819872,0.9429113297682238,1.563344994497183,359.6194313573784,0.39645343633748276,0.0006171892543129254
48502,-3.2169443982136308,-11.02144563022442,4.421088805049934,2.236485486777309,430.7081006603195,2.0172363033605247,0.0006172207479973676
48503,-5.380354800223599,-5.450638067673603,2.7714114692935077,0.5321596139594195,151.70428891025998,0.948356520290849,0.0006173095208957313
48504,-7.876867655256394,-11.023900167198864,2.197838218838626,1.2287026984021803,306.0649082975777,1.4758037170850997,0.0006174427055406146
48505,-5.076698717044348,-6.107089570997154,4.53455557878902,1.6976303933940082,399.4006536403054,0.8628331722996618,0.0006174589441137747
48506,-8.704133118870917,-8.471719787810176,3.1548401197712335,1.329141848545717,325.1188863444007,0.5097767564244426,0.0006175777061279826
48507,-2.3095026405369445,-8.47903379361155,1.773355623060658,0.4995190163555454,112.93185508732392,0.5059101434066369,0.0006176249826330008
48508,-4.2684682298883505,-10.998588359454846,4.395332368688614,1.1796927441373608,467.16287560595833,0.2528931406964974,0.0006176552214933199
48509,-5.2229195522739005,-5.598723671068331,2.579298802310559,0.8109215217656937,462.6981247915866,0.018807030777171718,0.0006176603431094698
48510,-3.447724508285771,-7.297617029468327,0.39932978003208003,1.0900172938911568,467.48488650740256,0.48960638101264653,0.0006176705485176533
48511,-2.7086093080516402,-7.048793314931438,2.790317129584732,1.5788048240953185,362.330644510639,0.12673018140157044,0.0006179709593346388
48512,-2.191561620280832,-8.478008242813237,1.3169564294863156,1.1178682505936837,468.82973670133106,0.8055743655534151,0.000618011535419279
48513,-5.560871318333573,-5.016109686832483,2.6351059211365464,0.9699267316233171,270.83657855213954,1.47926392961294,0.000618026610148024
48514,-4.980220565240475,-6.206314208189489,1.6939723207421111,1.1580371739204671,252.99086543516762,0.009886949735885331,0.0006180730853035326
48515,-4.10072452426943,-6.193300691774078,2.3056015563367924,1.233643120124755,293.06684339112866,0.7901022294496594,0.0006181274897163389
48516,-7.362952608486368,-11.829004931935541,3.4091251618162244,1.2576251843832278,266.3874050276291,0.06225638940696587,0.000618244275081371
48517,-2.375970663175739,-12.290713698389297,4.0991666139304295,1.4048810720532199,468.93552719936343,0.8721099300017645,0.0006182455695349982
48518,-3.204221938879895,-10.655650497865901,4.57008957611072,1.4283364776727518,467.8021948298893,0.01963972028606964,0.0006182525844347069
48519,-3.564434384258753,-6.272211522353666,2.2593708483602275,0.8180455522921135,468.92160975263175,0.18093649859777994,0.0006183252186976149
48520,-1.8908718534612454,-11.769365999242112,0.9233648379683161,2.1772048419017276,409.1465909534367,0.5270097310757977,0.0006183866395136414
48521,-3.793767076159723,-11.597382538685418,4.232275174231717,1.837286230218386,468.1789634292088,0.07679389433327355,0.0006185319717945649
48522,-3.7845608546975544,-10.146343805184976,4.794481188363091,1.8459329312518111,167.67498363389146,0.4107752764706367,0.0006185622079964673
48523,-2.796240311568969,-6.850017748876386,2.4873787397811427,1.8324656608338583,436.99262549820327,0.5350652497526882,0.0006186035806098326
48524,-3.9146853019649637,-6.183639788083666,2.855680497594648,1.087424291431257,291.1041848031314,0.9610131052329383,0.0006186582669903978
48525,-9.708555838990057,-7.146773522926143,3.0572104713846646,0.9483709079661525,466.5815579179274,0.1708162379725211,0.0006188228560985064
48526,-3.2583153072780435,-12.89165154475384,4.10103785365044,2.1300228977893836,420.234671743011,2.2103701638319295,0.0006188663471628002
48527,-2.224498332369718,-12.13791197783363,2.251881508019365,1.6771364288970605,467.60800062617307,0.3885803860410286,0.0006188844022146028
48528,-4.018674462409328,-6.349214798445773,1.9620297829719284,1.072430049398025,276.1767333169479,0.2013810043026245,0.0006188888135235366
48529,-5.7164663136693505,-5.273594200335911,1.1676086446838778,1.8197608716194575,435.1894198450602,0.37769654102798444,0.0006189344575977256
48530,-3.905412207474102,-6.396031492401849,1.98962301844161,2.667486361403458,468.09599762886023,1.1254881684670748,0.0006190675286125488
48531,-9.88534489689192,-6.441802905050458,2.492082368131202,0.8132454145582144,228.28329129942205,1.5221348892990036,0.0006190701850629659
48532,-2.27932574580967,-9.473576944711773,2.638963349710307,1.4229656906177284,335.5009265231518,0.2999993514262256,0.0006191606346144619
48533,-5.027715994349668,-5.7997889987863,2.9576296709647667,1.284875926863685,314.8023134086638,1.7231211906484694,0.0006194020037069612
48534,-3.2053533307709383,-6.501148469440591,4.678635798546148,0.8754173895817752,467.69975816389535,0.45862251345023974,0.0006195602066273176
48535,-5.275148364582682,-5.484889989745354,2.822976453331489,1.913991718373193,468.87133119261364,0.5952501880057266,0.000619608875405794
48536,-3.625042339125198,-10.691701694401237,4.501843763243428,1.0719475635251805,285.2370160594023,0.650064657361404,0.0006196335583352594
48537,-7.796556814803202,-12.117002164616117,0.5409323335249171,1.7671626293453107,418.6920053913601,0.027378328260917684,0.0006196458383646666
48538,-5.210218633283292,-5.931473808118559,1.7457226892374764,1.7484562547291773,413.986927930993,0.33839849426729796,0.0006196873165120586
48539,-9.627104461577622,-5.898340888925496,4.08740846085193,0.7499919794455469,161.7894647948511,0.07155262923488692,0.0006196893491141251
48540,-2.031465255927726,-10.02996260114764,0.9159293807321266,0.9095436659604906,469.72061637802744,0.1538452739044418,0.0006198942972442188
48541,-9.645846861437848,-5.7945989936365,4.036288011295204,1.8480880337482337,470.10756090549216,0.20131451738604067,0.0006199748169560174
48542,-5.395648154812464,-6.895246845674163,0.3569919741330919,1.3114748761686086,285.3814721931706,0.8634375940349921,0.0006201757717920222
48543,-3.956867234792716,-10.35955376335074,4.668529937413488,2.4456156953784425,453.06342713583877,2.5316643036470676,0.0006201920327459506
48544,-5.459419771028425,-7.09514871562558,0.13644714236885894,0.7767981365682386,164.57953644281704,0.2864422367211441,0.0006202041995698337
48545,-9.291999147612664,-6.36570795028024,1.0449465204257706,11.966071848608102,549.7372564951353,0.05093455337596886,0.0006202501124075686
48546,-3.2770146860073535,-12.082775008689397,4.16664083162571,0.7020804197025743,467.8282034734827,0.4668932900593976,0.0006203313691394488
48547,-6.080514554100997,-5.216850639613141,0.41038210374851203,1.6023400604316445,368.607250980005,0.13394425785581898,0.0006204396976637823
48548,-5.175922692171813,-6.45459655215494,0.998909380621198,1.1784939420803575,467.17494369494057,0.23004864017691418,0.0006205702375984391
48549,-6.038731417633006,-5.109087711035758,4.899309399090456,0.9054274712031655,468.5469098815599,0.819273119829921,0.0006205906626645148
48550,-2.3588157873103803,-10.764991236537908,3.8184774515696622,1.8414850464627925,467.5808625093854,0.33818516715268476,0.000620690698065266
48551,-8.434855197655946,-9.397641447619431,0.9202991912348071,2.5481086651020672,450.55019982261615,0.47880165122371654,0.0006207265639964697
48552,-6.002241881689695,-9.877609197176326,5.03973155511894,3.6324387984642836,544.5756746364676,1.0454719665395702,0.0006208472805904694
48553,-3.417503139256379,-11.167787343236192,4.329103086613914,1.1036068182239012,283.07516998089034,1.7055572776459709,0.0006209228556880705
48554,-7.7007540195182,-11.531092884588523,0.35986405171760705,0.8079398646044681,469.02261773108586,0.012509894805204702,0.0006210683499735226
48555,-5.494789878520166,-5.755061156053629,1.227511764881744,1.4355995176366438,317.00360664857294,0.2708168707516192,0.0006210909787704167
48556,-5.30232560380082,-6.195511607510962,5.062536298396085,0.8759113900116364,181.52642473487597,0.41224215604768677,0.0006212550453286886
48557,-9.939335106537904,-6.403867927082439,2.9285414268797645,0.7391937538011462,213.2067183135829,0.17295452115721677,0.0006213142318628528
48558,-4.1096381166730955,-6.163403270826265,2.8444553571421713,1.117842585501357,287.59932986504555,1.5188484008926695,0.000621331302863792
48559,-4.332845392918857,-7.404961714996677,0.23013592232303093,1.6336076411629592,467.88244601260635,0.5223340063449173,0.0006213665292459523
48560,-9.926401834363928,-5.381517175928321,2.536133266365828,0.8113125799174142,211.7848323469415,0.18419108525238403,0.0006214921559485556
48561,-3.510596468325625,-6.312703819563526,4.129106638367764,1.911558037212917,468.57778065262164,0.5374752180615081,0.0006218543561091166
48562,-2.4160270836404223,-10.401553649186122,4.495038100456832,1.4013024650105312,336.4811995971719,0.4007114703603891,0.0006218857820888145
48563,-3.096860049993138,-11.25824037576268,4.4631203605828205,0.9674120204442768,468.9081900746101,0.03936751611011058,0.0006219347435915388
48564,-4.66011461565233,-6.408647267974393,4.979012520514537,0.8809588799824939,229.0720263081682,1.1478207855073865,0.0006219423444780039
48565,-3.2386852866370317,-6.284402044716727,2.462047717368037,1.2772125615163117,315.7997403063967,0.9199038373832549,0.0006221528308819361
48566,-2.9492989332235284,-12.161484958805458,4.545466201438186,0.8546345066895997,208.17849595203776,1.3359276457619123,0.0006223247951826779
48567,-8.419029539124145,-8.623801496761837,3.695749299610954,1.2069657441326656,206.6817675801592,0.47019592764747475,0.0006223631844662016
48568,-7.715755221421633,-11.780019063643863,2.5533149325536244,1.6073327569393905,292.31108418480017,0.5231275319806263,0.0006224991112127597
48569,-5.530118402649223,-5.120038958316259,2.6273137499051584,1.645793180459938,355.33430602994974,0.2663445718953801,0.0006225065712592624
48570,-5.877601151427546,-5.613976796307628,4.9388408845521745,1.1683277931220049,257.45863581253917,0.7287566519562985,0.0006225480445951576
48571,-4.119420962113958,-6.356116440898982,4.531657448469672,1.6807280894261214,395.86404199304366,0.458803225287574,0.0006226314238968178
48572,-5.3021839893726765,-6.102320007099251,1.4044962834154042,0.5700737172700658,127.1163671176954,0.22335371617938993,0.000622894278562243
48573,-5.1127942251901075,-7.073279858722103,0.3306466340935078,1.0009080683291796,275.9675895930033,1.0384947171082244,0.0006229693814329884
48574,-8.952385309189472,-7.144735004944088,4.895389688917086,3.3330102269076813,509.2714270579035,0.41929981713333486,0.0006230787052828252
48575,-5.136643777616633,-11.965969472174043,4.2054175654675285,1.1053565828883358,468.7408620087154,0.8357450196756409,0.0006230905010593114
48576,-2.226655572503013,-12.775644505699152,2.204411095253044,1.0662473285831027,278.9596033641361,0.7876754247761486,0.0006232108140101788
48577,-3.9298863493670773,-12.108339665651336,4.148095036985219,0.9681826220174939,269.6421005073923,1.0397960912733835,0.0006233028605725495
48578,-2.9850675665209856,-11.954034196775375,4.496375600722258,1.6798921358812,467.5584271442326,0.5553571944042544,0.0006233392159023603
48579,-3.9217504223355952,-11.934231952539758,4.172373060418335,0.9727803097934592,268.29737065101205,0.896661319473437,0.0006234286868720703
48580,-9.627676831014176,-5.060427190296956,4.0144876880656435,1.1592914855214556,467.2276015787636,0.2601978877609836,0.00062348628352978
48581,-2.86206138683185,-7.422551914640956,0.4846658864130652,0.9786361642339739,259.7055959700084,1.352991034017987,0.0006235498437873987
48582,-4.468108477194943,-6.093287778620926,2.985775339577502,1.4729298269084823,468.30460982604944,0.38799595393746156,0.0006238507328960783
48583,-2.722654235510441,-7.236877930158678,4.021128118954296,1.779864895341292,468.26642662209264,0.1816750019604676,0.0006238702155714315
48584,-2.1804196324756306,-9.43534645833632,1.6813584256958383,0.8684122071251479,194.01443286876798,0.647143219720431,0.0006238780411382275
48585,-4.002198590772702,-10.706610337584454,4.501150127179007,0.8595028138524241,216.63764485584707,1.2948405225723185,0.0006239020048797407
48586,-2.3668962838922987,-10.226616291379411,3.8255009110742644,1.4792054710151235,468.5003212761524,0.6550484787880348,0.0006239385627669963
48587,-9.88689884211451,-6.443678909062119,2.509717085281389,1.7383259079750493,352.23182441091984,0.47720136644744304,0.000624076575099994
48588,-5.4935989274622115,-5.389531916890619,3.390241599766375,3.898028324408931,559.9133436605333,0.7942660884159816,0.0006241600767389201
48589,-6.067706942123197,-5.280384412511005,0.4572262943141575,1.4760023051429916,330.7732045272477,0.027464117453147807,0.0006241687205048996
48590,-8.459202214986991,-9.293427017215897,1.1591724668181747,0.9966527064555551,256.90083753569536,0.4939373664533635,0.0006242220334156813
48591,-7.787788423281249,-12.091808736888627,1.6929738797695386,1.3638705736877488,316.64157188644214,0.26165516147039813,0.0006243195678173232
48592,-3.7940218584565377,-6.45575459822558,1.8036048131671356,1.4362694151082553,468.0647278401364,0.7106926790074777,0.0006243692763636549
48593,-8.014804996393028,-10.334951075870135,2.2024001255391314,1.6273920546277336,382.33099836169606,0.5329746094770096,0.0006245257488015668
48594,-5.51185676029657,-5.217293479062131,2.3693393650064696,1.6292945720623042,384.13230869674175,0.45673448255989957,0.0006248082335971886
48595,-4.155457679745888,-6.621200520658434,1.2585708955371961,1.2803966418859627,320.16942986615123,0.4466398179359494,0.0006249417941841663
48596,-4.4836629278908235,-12.42851582198434,4.130434499747026,1.0469516548765216,468.072039441116,0.7148505294497873,0.0006249506307256125
48597,-7.373059712459604,-11.556531334039947,3.443838604104085,0.9146063737094645,188.1178501844237,0.6409898471660345,0.0006249638800151475
48598,-6.464520026320325,-10.740212636933343,4.4565838871481125,1.5444131205821632,327.7108879083739,0.21711588949403993,0.0006250215429664904
48599,-9.074898551773186,-7.089041848207242,4.722132900684624,1.109553345799666,287.16324778816374,0.8788851552305763,0.0006250548604058028
48600,-6.921508990825094,-10.104299302850134,4.558725361968304,1.329741513544025,302.9441359940255,0.3232902562790363,0.0006251699620910932
48601,-3.0668324335750805,-6.452838169625632,2.429865989220313,1.8738892610829354,389.69883059634464,1.8403868763077211,0.0006251986095925898
48602,-2.101166125041382,-10.386697222440299,0.8033693164829548,1.1058177401027554,468.1006504000643,0.7751242669924263,0.0006252561759090906
48603,-3.236062102458625,-11.242444293688127,4.337259550982123,1.855620283685194,446.4174385964056,0.05756227461204588,0.000625340839264571
48604,-3.433540248232543,-6.896984833423611,0.9184789613051199,3.2127742241365143,513.7893530255667,1.1132396144544483,0.0006254437454640386
48605,-7.870367810786477,-11.105162104938245,1.521235129631245,1.0968143011580123,283.6333777989519,0.6099461436589486,0.0006254902361649246
48606,-7.7611044687775514,-12.55237663775885,2.0039368798523802,4.291143522834402,573.4674344762329,0.3257496214177307,0.0006257316125302501
48607,-9.57018995249643,-5.2149025580128425,4.147741816494469,1.7441593914837388,374.5833319389244,1.789698919309818,0.0006260483062097787
48608,-5.467126362721228,-12.362431102337029,4.168684546076152,1.5139997730389758,468.5152227220386,0.285925540902606,0.0006263722253591186
48609,-9.27024052022673,-5.417827167377128,4.730289525553601,2.4787559012588023,455.28525512484015,2.035343415230222,0.0006263866792851503
48610,-3.9641683415851903,-6.362592920559168,4.535098228419716,1.8211443199351287,468.3027142638187,0.5900297751823951,0.0006265178996716353
48611,-4.435496389784824,-6.063274792716877,3.0538208201387484,1.0615170300800747,276.6365327765546,1.2751306493794639,0.000626522270747012
48612,-6.336419541865719,-12.088408433382767,4.158568129505746,0.8853031310421505,200.6726499452412,1.2224357945056736,0.0006265919695256077
48613,-7.40055802613651,-10.604221106340598,3.7337739292569303,0.9380687791266561,254.2962412409278,0.48108866554641505,0.0006266110924790353
48614,-9.019238700421067,-8.16503772761526,1.5216191739602185,2.464228941740691,453.8891746939132,2.105039447375659,0.0006266678260070528
48615,-5.382672106929784,-10.11660767172694,4.860019824568624,1.3151158938060012,309.8251906475682,0.36228803812234656,0.0006267027931592574
48616,-5.200716946956278,-5.643306940855767,3.2586364454746386,1.0768409918276038,272.94842626350385,1.3401945048841837,0.000626714016055536
48617,-7.766844893545426,-12.545896027894148,1.8656673949880491,1.4252862380511437,331.8693643361024,0.25777482330056056,0.0006270419734409731
48618,-5.392398849228593,-5.4190136734092365,3.208036560273022,9.10608111298741,622.1261389983625,0.058217868031544384,0.0006270446617762695
48619,-4.515864542581021,-6.099933576464503,2.39261330292103,1.7123267462815674,404.53426304990717,0.24961886924258714,0.0006273123145805783
48620,-5.568810616192001,-5.073270927086774,2.2029251353640342,1.2034904818291883,268.0437993454709,0.5443967276928658,0.0006273861373342365
48621,-4.510953895596407,-12.08826904455994,4.164307216575665,1.0301712716539044,230.4720293542844,0.1284988435546266,0.0006274891999495688
48622,-3.4918524475465667,-10.591788231213172,4.536432640521774,1.0994236851696753,286.60576761522714,0.6609775167337997,0.0006276116527464166
48623,-7.7517899483369295,-12.916227321222841,1.9128260796866012,1.1790861780006727,192.948639569734,0.13627269774995998,0.0006276943281290421
48624,-3.51032514047594,-11.25958215140695,4.300088076979241,0.5876728782329574,165.6109062197162,0.7769626303286783,0.0006277570862393419
48625,-9.641236804930701,-6.731208907216361,3.8624727205752674,1.195999059824769,467.8559061505394,0.28404443899024123,0.0006278581777202735
48626,-5.313875817109807,-6.401820577649459,0.8433157976963334,0.9200544542326484,261.0733252322345,1.1527353627635,0.0006278760217826943
48627,-4.6971027119003885,-6.210246969822529,2.045272400338851,14.795287396296276,392.6676178971202,0.3072421581169289,0.0006279538070409631
48628,-8.431043680277732,-7.791663357429687,5.065585992508431,1.5727672220777629,349.67645871979795,0.4266913610429448,0.0006280454585664012
48629,-3.5990974268210127,-6.195767715147487,2.662615518911192,1.2918852134444763,277.6614779426871,0.15096696233737994,0.0006280561922606683
48630,-5.27002796156253,-12.603323216675193,4.139411716142631,1.8924743583066557,458.97657204619054,0.34702154941484853,0.0006281508337430103
48631,-4.2537304169702574,-6.156832603540302,3.540045810586933,0.8828962262004518,170.77960037500876,0.033748159058826666,0.0006281822214449155
48632,-9.715602514769936,-6.231184925076707,1.9513439351246527,1.517146667509499,468.8986693369045,0.9142015711027414,0.0006282238934521913
48633,-4.28877722540086,-6.209307245050122,4.007140253556338,1.4142122714657381,313.2370067406424,0.5533624725088879,0.0006283156098357998
48634,-9.809360841316025,-5.439498957987638,3.618897134086465,1.5142782834357986,343.9245593154635,0.3515843584955167,0.0006283248546059004
48635,-5.024351739765911,-7.14491914616491,0.31165185201374496,1.2995178308496744,304.89604451550935,0.16910934731197358,0.0006283713591902335
48636,-8.543675939884528,-9.082808784870688,1.391909729654295,1.4179550392086189,314.0495056177009,0.2052990335657956,0.0006283933291188336
48637,-4.974703889219361,-11.00224124704785,4.413771195763116,0.8490754680640762,173.05441150698587,0.19840842150475613,0.0006284758931313887
48638,-5.561986816437475,-5.973272683311283,0.979481596214394,1.3734237009239534,313.9268118939396,0.30884100699554384,0.0006285451291974277
48639,-8.55573605100534,-7.79682454627663,4.822444254953842,0.6418144726572712,129.29172117361253,0.026758587289012148,0.000628670046137159
48640,-2.4322089428293916,-11.393879050960436,5.03405560237699,1.0617645800940771,285.8510312652741,0.6965732056057554,0.0006288336490842607
48641,-9.726064215711656,-5.741890071098751,3.849021277866427,0.5060773109245178,110.57712699505741,0.4845775808102646,0.0006288394264927567
48642,-7.401094779613045,-11.59696664953702,3.3835864518471856,0.9292098117890953,400.8612918102297,0.7295548993770682,0.0006288544374296472
48643,-3.6749864085896577,-6.297379173769692,2.136891554343078,1.0873403553165277,283.9679828934188,1.4097280397279635,0.0006289339291655434
48644,-5.741206978828738,-5.3633317190265375,1.050112350704885,2.790626123638535,232.5573688177023,0.2836908750241651,0.0006289966639219966
48645,-3.461262790098117,-10.566250280430783,4.553980305914574,1.886211781548583,468.69696925586425,0.1101264419945247,0.0006290701191605793
48646,-6.237871671817112,-11.960405986041001,4.190946346186146,1.3108052062304363,294.8484369266088,0.014912408533256816,0.0006293523143433619
48647,-6.8928805074476,-10.694576823761953,0.07559865364794228,1.8450518772611724,467.4838338434607,0.5552640018206345,0.0006293651370804822
48648,-5.87531180620664,-5.343372990107819,4.6270610156924725,0.9886863061960596,468.5616523451276,0.35820412878735564,0.0006294363585087732
48649,-5.413082622199576,-5.912076017481373,4.5350653199312205,2.2381035528909097,389.3182997150564,0.22396575755952242,0.0006295615517802514
48650,-2.977222197065559,-12.621621955589713,4.427725855396515,0.6920315032626106,467.1345855348343,0.3798596030368184,0.0006298022546909852
48651,-4.213425616692275,-11.523761173572474,4.247657815587728,0.7912611963815845,469.3266639469578,0.13274093750143034,0.0006298313900347078
48652,-3.2533872420825656,-11.895708626438047,4.19141951454144,1.8459235760531454,442.46695495585936,0.16754653982871215,0.0006299185049369311
48653,-1.8806897754230665,-10.19115915404041,1.2402084652634158,1.1276532873426341,292.58353529299137,1.1567248298847455,0.0006300783815168482
48654,-3.8160991210792172,-6.447166338719334,4.812882243358413,1.3595688164912887,323.0287000935808,1.7055763723439457,0.0006302067700900534
48655,-5.117065902963586,-5.798403574321511,3.57156777846962,1.7644187808722982,419.57924749086646,0.008120368330828853,0.0006302276115718057
48656,-5.251641280753766,-11.179614541973143,4.367731301738788,0.6470771082089487,151.2830334577452,0.42318631361755177,0.0006302349431424197
48657,-4.74669112171474,-12.893443134223006,4.09823163098892,1.302666884355389,309.4996237131563,0.5288710534509393,0.0006302910837150561
48658,-5.78053678440666,-5.8319879899930696,0.6987765766829949,1.7425481235804243,373.7165246277084,1.682532900392637,0.0006303491243844458
48659,-4.705506770271376,-10.398634201899238,4.6614461168990795,0.6075508198535081,176.03703187425995,1.1958818967835976,0.0006303662450986229
48660,-3.176741867898719,-12.039291629415857,4.218784006803525,0.5581409731232276,115.80324240265521,0.3943311245971062,0.0006305611433465954
48661,-5.526226616092817,-5.487991613292365,3.93244943664004,0.6870918437193,452.7949978205974,0.3896070633863449,0.0006306401523983462
48662,-5.595093070300458,-5.282702418850076,1.8115312833815793,1.0383380678995655,468.18170946681835,0.8772888796377076,0.000630649289222675
48663,-4.563871225216342,-10.17022385631314,4.792782382740513,1.0401439030878827,468.0789813928951,0.8295380587886259,0.0006307210493029184
48664,-7.677561586120408,-12.497073524519882,1.1573522809850738,1.080215095899973,201.87868050838367,0.0025713836999381456,0.0006307624624963782
48665,-3.442692225574185,-6.199663682687809,3.3147268437985717,1.0708039919091448,285.71731043224355,1.056771231170205,0.0006309298733751409
48666,-5.2278252524338225,-5.8003598942324555,3.823867875375471,1.727409070597548,404.96365062714716,0.052023706234009204,0.0006309824000215028
48667,-5.5061816977456965,-5.580536990544128,1.686875253101199,1.0382616976878043,205.20517225320722,0.7774431484566788,0.0006311019172168825
48668,-2.273849558224926,-10.528802042338382,2.6336150381793395,1.048236900025677,273.8961107223382,1.5708010644095616,0.0006313001667766109
48669,-1.8028436062450197,-12.23431803395366,0.958978428277975,0.9828286493271574,202.8723457643314,0.9422343501304207,0.0006313296085867342
48670,-9.084006328310782,-7.128359191765506,4.661286497843576,2.2775830060053615,433.64275918764923,1.5557602255838185,0.0006315039151045791
48671,-2.2992837191481215,-10.010646910592818,0.4251947355876086,0.9464262208727179,230.6584460799393,0.8109526966537945,0.0006316340179233484
48672,-9.664875496936734,-5.821262211957642,3.9885736959890874,1.8285627489216876,469.17945268660304,0.01397260092639474,0.000631671748975034
48673,-9.943892816426802,-6.236462802506121,2.858717085126486,0.5870007627692698,175.2182891998086,1.1343485621246758,0.0006318639788639738
48674,-5.219532526146381,-7.229903109167771,0.19551013952341606,1.1288509474880226,291.5836888918834,1.1586932391077047,0.0006319016646867077
48675,-7.88888698964762,-11.12199315721661,1.0497486860676515,1.0128199267264673,467.09308088002007,0.6161189712939885,0.0006320637958278627
48676,-8.175735454193028,-9.360259986580031,3.069775305523065,1.3838375475648579,325.2855984674044,1.202128171314489,0.0006321436878530703
48677,-9.874330185914028,-5.618642778210309,2.3425370225552036,1.2068635065985425,277.6783952063942,0.1131150157278693,0.0006323228133223743
48678,-7.515361599724714,-12.911496782368392,2.9635702279337326,0.9853105852870694,467.07576891152735,0.6760022009819542,0.0006324286457073983
48679,-4.001040720152986,-6.167042102036348,3.137991387762572,1.1570673922411683,300.9846116336049,0.7793679725479352,0.0006326030183239125
48680,-5.103024326388343,-10.670385830217251,4.541957197160748,1.0888752606878809,255.78706700327228,0.8926938140157885,0.0006326185682594727
48681,-3.389221444049194,-6.438434717941204,1.8883892698007076,1.654198896407349,187.009516400264,0.4255994818419735,0.0006328405404397558
48682,-4.768822752315224,-11.577043015514356,4.253405886364214,0.9903247067598302,468.22348973567387,0.41578366561916713,0.0006328667447722883
48683,-4.626999836893281,-10.632036966576116,4.538195633243035,1.4982836455126844,355.4397356472884,0.3092878550351177,0.0006328870140755416
48684,-4.70392605948347,-10.387856597007227,4.665506430798979,1.8027403706797773,468.2045853673248,0.5570268363141233,0.0006331414690693804
48685,-7.734152934026571,-12.624254497429117,1.6043445586740142,1.1242471161737713,289.926801059059,0.22291495539845219,0.0006333488444564083
48686,-3.980043176773135,-7.335806713132588,0.365842680081343,1.7360323092402443,156.32855991185454,0.3196792648926641,0.0006334167775633411
48687,-9.327413222536347,-7.610048689709633,3.3396818304009614,1.8029408229238768,428.70280319008003,0.4091947506543745,0.0006334859518581568
48688,-5.079749371276615,-9.847609877738634,5.0361465591233046,2.4657570761127006,455.107405068474,2.5920641035612872,0.0006335829328369772
48689,-7.73901237053625,-11.669691808559223,1.245997266061047,1.7064331841472011,401.7867388048251,0.6999980190304855,0.0006336110375921278
48690,-2.2143964655898163,-12.754242108015912,0.5370238816350734,1.0946483857213365,228.04245356176708,0.09625863746568797,0.0006336699101083009
48691,-5.0858677769071985,-11.298808893019888,4.323334443451172,13.610329600538833,685.3987058214155,0.0898574241410861,0.0006337225029365178
48692,-5.4870692058709345,-6.019661928657163,1.0260120984106307,0.5037094570254128,149.5684133149226,0.6464678148093226,0.0006337251543215848
48693,-5.62782558942067,-10.008977756122054,4.938333143640759,1.8609110618592561,467.38882736296915,0.40703787331696795,0.0006341257649894178
48694,-2.3495513000867803,-11.671924993471627,3.743155788343507,1.6360627290463996,383.2134495947774,0.464145530820681,0.0006341485214101625
48695,-4.057232783352474,-11.10577690814391,4.346425021451093,1.2227258788236055,275.29887807309404,0.15999914791747916,0.0006343667565162033
48696,-7.825417388538975,-10.081960542023086,3.2107897345733556,1.1594719639224993,467.2355088212727,0.4576305791423225,0.0006344151838422389
48697,-5.562596710028678,-5.138483955324096,3.3656370647386638,1.099711102725753,468.74807364051895,0.6086340180951808,0.000634501297398936
48698,-6.280723754920809,-11.61359701717669,4.2394847719592175,2.3408112712384646,428.2542487473816,0.7558882230283297,0.000634526530510682
48699,-9.021568525007156,-7.470018937057266,0.6896314944714438,0.8213491397122142,238.18152362118119,1.4034525499960901,0.0006345376509663145
48700,-5.940523558380443,-5.157557393406423,4.627434172489923,1.5473022165463728,354.9466948822496,0.9804949637845519,0.0006345868606619705
48701,-6.097830116953665,-5.537170668100745,0.31349761412151034,3.355827961423768,452.5963118054628,0.1114746773758819,0.000634792761495659
48702,-6.1449522872007325,-5.031911391344571,5.089997338803324,1.1226245023324435,287.89193042459124,1.2248355015434305,0.000634797957562388
48703,-3.165241491182834,-7.186595399638449,0.6191785207114584,0.6865454324927912,211.76292860964477,1.0092218566163735,0.0006348282329100854
48704,-5.287586337481719,-5.673045639288184,3.494753307529239,0.8338639975338853,468.23880371068594,0.11629509873792188,0.0006350003145600774
48705,-4.7633987021356425,-6.034613010215471,2.38556013532356,2.358099357889734,438.4500714432393,1.0858303839012864,0.0006350154506686021
48706,-3.5477952713405516,-6.377137212347824,4.393657776975447,0.5283624137533334,112.01021709049597,0.18598864552104288,0.000635112952100367
48707,-1.9234892462844133,-12.239744052324927,0.8008122990134592,1.524648175786136,343.33775255547823,1.4110781577401452,0.0006352281781183943
48708,-7.326771786096937,-12.640369772758351,0.22177670123029372,1.1523818374936017,237.14912925476472,0.4710461265579804,0.000635232720389127
48709,-5.351901897980917,-5.56913048108603,3.4627291986165334,0.8079701054464232,469.3018134666336,0.10121765784797354,0.0006352793687846315
48710,-7.883406425513434,-7.61984661743283,0.13741825956304668,1.7045277565155486,469.7332379672227,0.0004027608136736305,0.000635492332892871
48711,-1.8095132522451856,-12.323503014493317,1.1311602168830182,4.327049438541761,588.3140098351518,0.8643301135530743,0.0006356490892809017
48712,-4.108208308410307,-6.966745531081792,0.7528274737023601,1.8285663792535964,467.67233936405114,0.48426940344812675,0.00063566974283704
48713,-6.144332571806558,-6.09157637359135,0.11815795883870242,1.708003129495724,404.0740431071972,0.6611154094539593,0.0006358746346345303
48714,-3.1112316084552702,-6.385648100229198,2.4626288656975976,1.3414382692605344,287.45150354743186,0.4484753944834905,0.0006360401773954744
48715,-6.736126527756605,-12.56837863900393,0.07501080507900798,1.7986766856827372,440.9536805072178,0.39006562459714633,0.0006361089654019564
48716,-5.118990585449121,-5.803591823181148,3.584240089181715,0.5437370042126873,169.405215850457,0.9088224929339406,0.0006362105775186187
48717,-6.9198635118723635,-10.630700916846834,0.08028669366991563,0.9661471278222643,467.49207220972926,0.5758726405018981,0.0006362343204887525
48718,-6.037712023618587,-5.2028188382580565,4.9150986555697616,1.3745233129557366,330.86169308276067,0.29400038960021124,0.000636352561354777
48719,-2.3873523297478876,-11.450467880142762,4.241199466832143,1.358108140361978,294.58128515249575,0.09982896990517443,0.0006364141773347569
48720,-1.8479639027983978,-11.333600729111078,1.0263753984110162,1.315536180240758,470.3902516767531,0.020984027018834617,0.0006366765005383403
48721,-4.561256285492348,-6.287379137031262,1.9496196685155587,0.9404297116169229,256.4623857805725,1.5858528332976194,0.0006366774685215677
48722,-5.197071571224464,-5.713118796237591,3.303465272443087,1.0998977898002398,284.0189275546399,1.7838539136373734,0.0006367264001613675
48723,-9.16802152128719,-7.135943230732578,4.487668454272396,1.080874247127479,214.5065464111039,0.9238317403392768,0.0006367398108664104
48724,-5.556154210678865,-7.007963856692267,0.193603436537484,1.0596837021961445,259.25981031576,0.29582900780355903,0.000636763265229284
48725,-4.857843212485994,-6.199124319960405,1.8215275919297595,1.089597793438741,288.0978427013654,1.2596289797405769,0.0006367759011098953
48726,-9.937982014928325,-6.0134222537836095,2.6834090110749402,0.8239313298146597,468.22259232127067,0.1443643886745969,0.0006368906518740981
48727,-2.3015577676124384,-8.746344972180196,2.0960786045746542,1.7469732210101687,411.4265567122808,0.023628276475210264,0.0006369686563438536
48728,-7.8959583991293805,-10.988955209064919,2.023543517295762,1.8477082766401665,467.7767540812888,0.9005570619070804,0.0006369939463815584
48729,-2.9825168762666987,-6.766495657462652,1.141349400142696,0.574061152474301,167.52371059895972,0.9147088903078595,0.0006371191576977255
48730,-5.664942382374268,-5.084385459766628,1.811843108523889,2.5494007170038815,355.17085477735054,0.06293285991080655,0.0006372126366833176
48731,-3.6666566857198077,-12.397239539032453,4.104361143399537,1.1544905362930424,296.8192432906035,0.9500049441879481,0.0006372391159283213
48732,-7.172959484372825,-11.456598706798973,3.7388449784188613,0.47087105014490205,120.38809893542077,0.5082099639536812,0.000637298658003762
48733,-9.891078964237728,-5.740636282322538,2.4262869705886057,1.1074218906137658,235.86443980228947,0.0796900916917691,0.0006375104036083211
48734,-8.809842543070062,-8.487315703219085,2.5735141892791815,1.2786460676428082,468.9230129416101,0.4294467328236058,0.0006375625258584259
48735,-6.102519802455724,-5.764912043801791,0.2230672908083489,0.9492233276468933,196.20368633023062,0.31434096113027277,0.0006377118378685317
48736,-7.2263328961852835,-12.621031338620881,3.500673370827607,0.9822437913083336,467.86540712798677,0.3559360889150449,0.0006377243451037013
48737,-6.634906613741702,-12.600459598260441,4.005169630049033,1.8460867273100172,467.3142161023014,0.3545227251168752,0.00063787488853641
48738,-5.137063199427895,-5.717168543190337,3.240113257106263,1.6998111861408127,363.11121467655386,1.0453417215956966,0.0006379317175362593
48739,-3.19623147087444,-7.096640116501184,0.7355562672810134,0.9791482951616506,272.67332468839527,1.3074537870378213,0.0006383053203447114
48740,-7.8338758882074,-11.41792603695803,1.0563374724574617,0.7481066964573325,215.34947905542217,1.1120692521558295,0.0006384516413159992
48741,-2.038149837256804,-10.159801613563669,0.8459597126674944,2.394889303292624,445.7471093343106,1.767993952736851,0.0006384617839799531
48742,-9.904245958905983,-6.581289635996235,2.8897692171227525,1.235285767196843,468.56872303013307,0.2205479679145208,0.0006384855016373172
48743,-6.537407853699206,-11.317773821388277,4.234984501796543,1.740601821889109,413.5981652723539,0.6076061115145466,0.0006385690495046023
48744,-4.249480618015201,-11.558035961784453,4.235658477481194,0.6942634576638032,201.41050596102232,1.1999384237268274,0.0006386280561580331
48745,-5.051758826823749,-9.762926991372357,5.103336096550616,1.4337397630937445,323.11531103312393,0.06906966709107998,0.0006390140856282728
48746,-2.942165896599831,-6.753411712357575,1.3540733218754368,0.7950874054028433,236.52925602893404,1.5593702223943833,0.0006390536308155541
48747,-8.824984419412107,-7.890236445277924,4.094013770769873,1.1078698445934216,467.11401949737643,0.12519006295532265,0.0006392752462164021
48748,-4.752734143497269,-10.714295775273339,4.5073040954118895,0.8759916579696793,391.95523077218155,0.8912246136349751,0.0006394787999532911
48749,-5.516883199307319,-5.298911245025046,3.454340490685895,1.6449801324752316,386.79628220690637,0.41465591585682304,0.0006395043567061622
48750,-2.906590603361268,-10.957082967422105,4.90151487032278,1.856607874135423,467.53263718857556,0.4532452180077309,0.0006396224701735735
48751,-6.000364820309727,-12.337564942707436,4.162885255797767,1.0401803744202596,258.0986454398698,0.13763234285526416,0.0006396263427406656
48752,-4.18848942602406,-6.581399737154898,1.5290575451986592,1.065323723710805,216.05199378012645,0.7886035013992165,0.0006397782255273915
48753,-5.190923757348861,-9.894487366597874,5.000914649117234,1.4891455628347017,468.0453905140096,0.47123126644353874,0.0006399642556281659
48754,-2.3963032136610956,-11.022060157124484,0.2774885692505545,1.3804518039793798,325.0683212845683,0.4687519177677162,0.0006402727338460513
48755,-3.352289982893966,-12.146891736760558,4.129407578658854,1.7511815687743433,415.4823116589671,0.9420723476203348,0.0006403889905555839
48756,-4.843097742190614,-7.115739212129571,0.4499176986886252,1.2305935601259133,272.22223085703547,0.7847889920125306,0.0006404942638763915
48757,-2.0147877381912513,-11.882326589502535,0.7698097506754884,0.7099830850185801,134.45855216569436,0.3148226608850786,0.0006405350012704316
48758,-5.30190178352317,-6.691641901253774,0.6095812850335941,1.445319839999696,468.1617424228687,0.48379723372539996,0.0006407094096765623
48759,-5.50854906889076,-5.529036053115027,1.7849491595181728,0.8550570745935913,467.21073696679684,0.04268125767913311,0.0006407559347107282
48760,-3.421579018216212,-9.827011371184124,5.009209320016552,1.1536872288664868,297.9046658164745,1.1290003350895832,0.0006407687027942247
48761,-2.9369038107655134,-6.747818968161246,1.539822587763396,1.0534695275329873,281.3580608750795,1.5102681679708985,0.0006408235558715529
48762,-4.741770734797028,-9.874487761916708,4.999669247998535,1.0267811104421374,280.6126841419107,1.3274441455362203,0.0006408663558954159
48763,-7.85033519433212,-10.795766043702326,2.5099159330685468,0.8996227237208991,185.30686517713283,0.44597338282892895,0.000641098905599182
48764,-4.461359473382219,-6.206128572956954,4.115902168816339,2.4891532801613976,454.8728064053172,1.7380138308493995,0.0006411096017613431
48765,-3.2579311109150506,-6.6675689312924655,1.435575478527829,1.2002376309704268,307.83182481786866,1.6089251746536926,0.0006411647973437228
48766,-4.330355299132963,-10.082922180371948,4.836884785071743,1.2079423856879754,302.25003115126407,0.5414719119411613,0.0006413176314040244
48767,-3.131042438658773,-6.473938889219756,1.9360381507495485,0.7721792143879248,250.12901684665184,0.4098564313199704,0.0006413235443744032
48768,-8.309867067688373,-9.335648604560292,2.559132332450028,0.9949820934319601,274.3524259863003,1.1114302790943063,0.0006413717176337519
48769,-4.531210785666256,-6.047589488074247,3.094939761509594,0.9785780014564857,467.79278160710874,0.6102952655506915,0.0006414382730180499
48770,-2.2901438929661353,-10.318605125552128,0.3955459689293904,0.8843124421619738,254.74647333265827,1.125339082736649,0.0006414754571148582
48771,-4.547130814565662,-6.0544102480454,2.6299954530856793,0.8899088835869121,173.9008294403906,0.05865212410309173,0.0006415004534959446
48772,-7.796840915623381,-12.960904087714365,0.6542439823165029,0.9364857509827964,468.1051307878482,0.7337713285706693,0.0006416807328578738
48773,-5.740391123513846,-5.559286279051177,4.510702204362949,0.8831869428784678,194.25968214181106,0.2777632689579317,0.0006417621589697286
48774,-5.725399567293228,-12.234659739072884,4.177271782025142,1.864529037051731,469.3415810315594,0.18113809833138816,0.0006417860550808583
48775,-2.8997536035518037,-6.690607471269343,2.7723813087472404,3.146993782229471,510.04319931929984,1.3065788399497764,0.0006417926177460224
48776,-5.7332311614849125,-6.080445634456442,0.7413536582608735,8.260296475839883,746.3767466262083,0.36022554827169184,0.000641848072391997
48777,-2.7910091441975338,-8.078159931583677,0.05843286511330423,1.756229850360561,417.53131401792143,0.17001820524277544,0.000642068704540657
48778,-3.2969303669269596,-11.65625628326627,4.2075805793360335,1.1570173864232536,295.9627740314272,1.0575309222269205,0.0006420699446509982
48779,-1.8207370415530004,-11.497917179873431,1.0584425655301166,0.887790165621721,467.9743870390706,0.33483425581385706,0.0006421246223672054
48780,-7.148332705336435,-9.522894406822303,4.815931592489727,1.1575705216921044,467.42044023296137,0.30666184979757727,0.000642211305931524
48781,-6.9812861257640595,-12.536140908075994,3.7767157225717836,1.572144173011747,468.91025591763645,0.6731492872908689,0.000642328599249384
48782,-8.313507560472033,-9.49292517336787,2.085849809206206,0.8703279722752847,175.94284535083574,0.17844635319055957,0.0006425128492175518
48783,-4.382974671229396,-6.355697772192472,1.841780796108238,1.1519852222325573,288.7613369133599,0.6393755933595839,0.0006425699793906135
48784,-3.960073587687126,-6.167270369741898,2.8035806776666456,1.7514143329417122,468.3464328281812,0.5161007412080272,0.0006425941765559346
48785,-1.818647784115722,-12.904282780048328,1.2058834858822163,1.7935441018016518,467.7159830019249,0.4737207306066953,0.0006428106313450377
48786,-7.09673918759411,-8.747124661189778,0.016815846997737628,2.6546817809478815,455.2503489742554,0.5480937268018344,0.0006428529865186941
48787,-4.46906780279824,-7.4749297277352635,0.1724524120398866,1.2332960643427506,306.5909836911907,1.5354216960861349,0.0006429071260164655
48788,-7.096595726388603,-9.906623690898105,4.537366043856339,1.6779752721249355,393.8782065352347,0.4607566730279178,0.0006430537827313798
48789,-7.737627295853949,-9.566831684973359,3.9114909601218595,1.170008360120326,467.71550855130937,0.32485702791282556,0.0006430769193862281
48790,-8.493458414244829,-9.184941171527793,1.4849141002987531,1.2387900877532152,300.1378001115268,0.8655720881169939,0.0006431434058988488
48791,-2.6331251518025542,-7.914696526979006,0.38946949487059246,0.6977295070931389,150.98625631703086,0.0641109543924232,0.0006431550888600686
48792,-3.29171472654558,-6.413203069177994,4.46776211083277,0.7682513075045982,189.7918528230173,0.32576030779472287,0.0006432663672351685
48793,-9.68176605979749,-6.479043809062554,3.8714300328539077,1.5314811840447984,346.6003539158896,0.8172515582887794,0.0006435087382866065
48794,-5.607807881509391,-5.682785703966343,4.4438523229777145,1.882673069456005,452.0826483601793,0.5607482185627912,0.0006436095087861325
48795,-5.1816092252128065,-5.862182377661046,3.7897325703664215,1.078142904622211,467.4238449796637,0.6774690172456639,0.0006436096129265103
48796,-2.7047737378737855,-7.707962410660455,5.1231243148454055,1.1407451527453212,467.4960313199776,0.19919948592695658,0.0006436141579459979
48797,-8.954326302649061,-7.508706676202924,4.443063091154207,9.519352093730868,299.99526168743574,0.38592277537785336,0.0006436794956323114
48798,-2.8015842091281087,-6.849298697212141,2.4956936654880444,0.5286350007541101,136.54366850077164,0.7648103435890468,0.0006438021157591614
48799,-9.832123160635565,-6.8145216702041065,2.613086719691023,1.8639524233719778,468.8207635379238,0.32881257110444917,0.0006440046051752091
48800,-2.8173370716264277,-6.840866977862332,1.1868711014960318,1.7666399307936556,467.98358497904843,0.48522520100365973,0.0006440546368311832
48801,-8.187729134634685,-8.884740048986199,3.816166212957621,1.2514971633249075,467.89492069217727,0.17037504816304772,0.0006441381605500627
48802,-2.8432838311461808,-7.001900869038535,4.359834393209474,2.105236710943083,378.99881218883337,0.19886485084459782,0.0006442840398027212
48803,-3.6913562864528657,-6.186998605279819,2.969280705612388,0.8827127790310901,468.3844661804057,0.5305870377286102,0.0006444888621292752
48804,-5.037535216019769,-12.181708044130607,4.158988621357067,1.8576231722209935,443.77761936194605,0.6223833660069982,0.0006445353145982577
48805,-5.741783129700559,-5.181781361326922,4.069164832916527,1.2318572589828958,233.685303605841,0.026969489837743943,0.0006445680101718757
48806,-5.228731686423908,-9.965797346004694,4.947300833529372,2.0183940533829547,333.99925986049203,0.15613659154782855,0.0006448577513461877
48807,-3.6211231184227923,-6.282108238198273,3.917556512506124,1.2220043229183926,302.0937765700395,1.2880672488662581,0.0006449847592338808
48808,-7.458106790959711,-12.062289256164615,3.175598067542595,2.590874583677969,386.00318258056603,0.11468122150396365,0.0006451066220291408
48809,-2.019255461123892,-9.330202790943899,0.9874911837879445,0.6782304253370869,141.68587992583383,0.6175248543029843,0.0006452794296034855
48810,-7.76737501144977,-11.636644380834221,1.4491838805167898,0.5173939362610501,115.50969910478901,0.028738216722383747,0.0006453234835352355
48811,-7.763692515881518,-12.476109710941907,1.7546594483977533,0.5865510337521711,164.67939837323883,1.0243465442592212,0.0006453385103272541
48812,-3.6676121376766178,-10.510933936212641,4.569273060932838,1.1132570092959244,468.04023838373007,0.8495881876690037,0.0006454891797748372
48813,-5.473179248288197,-5.197535160417516,2.8390147871950693,2.000712029365617,405.5220311793321,1.970493588998968,0.0006456689431816419
48814,-9.182068308905036,-5.304330563362042,4.858461602364177,1.358233947278155,319.3483190667182,0.5067198494026188,0.0006457700720914889
48815,-5.4782160340407104,-7.082188227677089,0.1961457822408006,0.8462019158653061,470.1841933988752,0.11863922455009224,0.0006458854011861096
48816,-7.607448834301515,-12.995123970704364,2.6874264681872875,1.9792000705533095,237.26958246302914,0.11910549201317533,0.0006459129709784887
48817,-5.2836241859663735,-6.195096256434043,1.298204487027155,1.0537396204679614,131.27466967939228,0.29850100999958595,0.0006460043273307385
48818,-4.969736235557659,-12.71443154308377,4.106800178493361,2.3404664237020225,440.17962095892557,1.7283075369684466,0.0006460978448674546
48819,-4.710538118835645,-6.556678414983619,1.1255320885745956,1.8455073502294033,386.64871902063544,1.7116888843175957,0.000646147693829478
48820,-6.016422288282618,-6.323657214830767,0.13930653207470345,1.4540473208957454,468.00045751387444,0.6216221498539927,0.000646189892608382
48821,-1.930027117159229,-12.544899245360021,0.8733137084787854,1.6024622393205432,369.04406796853675,0.2775680848135673,0.0006462105536058408
48822,-2.8829441303822554,-10.813077105480993,5.025591157762501,0.9976361588056679,260.2119537920142,0.5163787326814342,0.0006463111020001441
48823,-4.810766344942927,-7.146683550944153,0.4008599356958044,5.724220930805897,651.5135186865068,0.3317550984193769,0.0006465040149756662
48824,-4.618352447656808,-6.278562870750552,2.0540552092885305,0.9186815390563564,240.17681605811867,1.129922240707672,0.0006466594445185964
48825,-3.667400545786988,-6.232202154685585,2.494118043873394,1.8472739999796277,468.11407842267585,0.7387604803119023,0.000646680703068723
48826,-8.462855945380944,-8.903295883862647,2.925756056438235,1.1225449040551698,467.87724885592587,0.48734386997604684,0.000646956721782661
48827,-3.6018081303937155,-7.1336241580705675,0.5972014533833107,1.7112564999872988,401.7681416866188,0.5864067901980548,0.0006473381327973727
48828,-5.724052961272853,-5.394007021900774,1.189788559164036,1.8982360650954262,468.44823220161965,0.4277354414347485,0.0006474055833777858
48829,-6.407886073956327,-11.663266831400417,4.194472469544707,0.8901844090067431,212.5116037480337,0.06583415758910238,0.0006474165828248231
48830,-7.648631425406185,-11.074371242434196,3.0089712186671114,0.8720382457174186,250.5889133782099,1.263329419613421,0.000647805683292929
48831,-3.29421290446691,-6.37674579588429,4.249004843842592,1.9089764300258314,468.8979809112443,0.6042547897117849,0.0006478910125373465
48832,-8.113129746704349,-10.098375651747366,1.4244439501909243,0.7626420235822367,470.0815307216048,0.22160635209922042,0.0006479329980837096
48833,-5.710566754916606,-5.958226450531997,0.7931772674069225,0.7987661947505054,224.7179168232481,1.1371870649373026,0.0006479492551340099
48834,-6.468799795498397,-12.635669167943824,4.058121818024365,1.2118349725383464,468.3387848565102,0.5515705135676052,0.0006480918348251216
48835,-4.7785268499010485,-10.542384376546659,4.577466877300683,0.6776175283876554,153.65004110372342,0.06566917899461089,0.0006481437493657265
48836,-6.238041655692609,-5.129233276851622,0.16038955678904127,0.8811523499611488,467.52910277439275,0.1926140338594573,0.0006481462167390042
48837,-2.445973956405104,-7.795341566945125,1.1192750273510699,3.20207507534368,515.6417633243616,1.5310360895640134,0.0006481708562884893
48838,-7.706748988201716,-10.457753529946977,3.203549812927877,0.9611654406752297,167.25949991995378,0.07280394240309729,0.0006482998301689916
48839,-3.5574605183855095,-6.448545363484346,1.9895565034805798,1.0929377497206552,284.41384205975015,1.450093462930952,0.0006483140684392268
48840,-2.823439699881762,-11.753330014655692,4.906492343414528,1.1679285601501141,300.07125962201405,0.67178820423005,0.0006483534203443525
48841,-5.234541921212827,-5.9633784516024555,4.284395578490718,1.0179749810702554,275.7295631896605,1.5402057391299175,0.0006483923893878252
48842,-8.009979262390187,-10.5128994270176,1.680760753856881,1.1016894096100354,233.3483570021565,0.5209884559244795,0.000648403705566306
48843,-3.7054319591691343,-7.131257064899711,0.5962579762267239,2.3003240106992515,426.5852005568855,0.3185355776017422,0.0006484611753918703
48844,-5.4477275268418115,-6.021055735534758,4.738192743120783,1.833777825545085,372.9838540475282,0.8483771416197694,0.0006484885113269883
48845,-5.883362851473763,-5.5851315818293905,4.91878335208441,1.6722798205681935,390.0501808014373,0.22553429168960548,0.0006485571619492783
48846,-5.034906170111279,-6.048706498873026,4.21828328907861,0.946868748935214,468.0723893325162,0.907957694772425,0.0006485747996915343
48847,-8.627325029833784,-8.082691746128674,4.183988350738233,0.9436600144039646,191.5004609046351,1.0272958507912113,0.0006487980533211839
48848,-2.5894473141489023,-7.489537539850753,2.859785757774183,0.8537721239447498,233.3975237541203,1.0964303895540262,0.0006488106011963919
48849,-9.674115947010868,-6.13619588310243,3.9435640827417457,1.8249977612487653,360.1270387802042,0.5201563406186116,0.000648849137629495
48850,-7.698722666685235,-12.078288226596161,2.4972292280840436,0.5117194324611197,123.50870026419521,0.4840276207371135,0.0006489925865857762
48851,-6.0257302672142945,-6.109858171010056,0.22223593467784591,0.7784181459876695,467.8400207572775,0.40348543164056494,0.0006491716284742679
48852,-2.1434296786783644,-12.061515393612371,1.6675027828446185,2.246279180546138,430.75980835653394,1.6509145356793065,0.0006492065118533947
48853,-8.144398293335351,-8.686219223878673,4.231369215203024,1.0541750640645051,282.30688340081815,0.5704884122410148,0.0006492180523677841
48854,-5.003318007868918,-10.81494485188528,4.4667747232921515,1.1932447308242757,301.67228748604464,1.5406738306812873,0.0006492240897849053
48855,-2.219927029073318,-9.723704148438177,0.6563746976509244,0.94484462381434,467.1573393622064,0.6013466584491267,0.0006497089474322487
48856,-7.714280032823236,-12.56890700121617,2.3038713389982357,1.812908601116637,467.1342950603061,0.023993095853815483,0.00064977660755816
48857,-5.752516773036975,-6.883401085276593,0.12510245713180443,0.9445378943942451,247.80181148166918,0.7497540060525969,0.0006499153890014445
48858,-3.5808035739070743,-11.185378403564156,4.307075815210379,1.1040134234224286,292.52528350470453,0.7385299705194397,0.0006499453984157071
48859,-2.6854981925910293,-7.818849528196393,0.3245202079426784,1.532720968506006,350.96796312857845,0.43914941661440654,0.0006500992130469449
48860,-3.3284363865551345,-6.21457814554696,3.148965149296379,1.518179310782223,344.7134040825617,0.599176320744033,0.0006501559050098165
48861,-6.815014876962987,-10.15446983692144,4.585887182464598,0.7375948935191411,444.7955937960034,0.32313946507657043,0.0006502058778510382
48862,-9.943229505288349,-5.470776840721085,2.8337660231985913,1.0664836031201381,213.00256006434748,0.5371539656232311,0.0006505884418045589
48863,-3.9274663286748304,-6.2158139179279415,2.4827182541712136,0.8709781669247862,415.3943907125008,0.6050374399294878,0.0006508913373598662
48864,-7.875059586217347,-10.971681200110007,2.204654734207096,1.1951854514486517,295.04462316057914,1.519633166738502,0.0006509455104678308
48865,-5.9094074689469025,-5.043353455848091,4.423426028412719,0.7209847605137497,454.91505555583797,0.4089715251379653,0.000650996955089481
48866,-9.512446265994598,-7.313974772524481,3.410939880206044,1.792004009572146,380.08877835445907,1.8015022472094868,0.0006510472432489686
48867,-5.378312892459072,-5.584117600513243,2.240340250454446,1.3974028697386514,324.2063739373155,1.3569079739864272,0.0006510728433020872
48868,-2.184371779691249,-8.47045319377372,1.276506199883508,1.0640472599858144,279.5892311209516,1.3606265302756961,0.0006516791753923528
48869,-4.708816840989981,-6.068610849259173,2.3783672601741386,1.175061925375234,263.10684076774334,0.08224057357167869,0.0006519990920409067
48870,-4.866190647881341,-6.796789295189304,0.7568723263965841,0.8723447502862283,148.78867780123764,0.20249877424573004,0.0006520032537708199
48871,-4.973145322834025,-6.3408849823816595,1.4819916678432954,1.8022100343818748,434.4994349773664,0.07431727304429092,0.0006525960062800514
48872,-4.240478131602003,-12.058288131940955,4.146739764341028,1.9126188413754466,468.61335619280294,0.6494285578905314,0.0006526267069319425
48873,-7.748035895842603,-10.801605319135497,2.862879531643719,1.1187521875657322,251.20081968662885,0.172000507412986,0.000652679443042224
48874,-6.939771615065455,-12.15413007440426,3.8451646779319266,1.0976416514190628,292.6086568242563,0.8716513282839342,0.0006527132911648733
48875,-4.159752390235728,-6.191000287929395,2.467701953875159,1.121549962649123,225.33439581639976,0.6890292970173002,0.0006529835107523654
48876,-9.525759014877437,-5.305899307378455,4.210944982013784,1.1014995608378877,288.49359888137684,1.2185680627487079,0.0006529898667945183
48877,-4.62460519103304,-6.052471253936525,2.794188883280199,1.4845014881093346,353.73892305583007,0.43435501874920224,0.0006529906294858265
48878,-7.47043533239538,-9.299692541767822,4.642385036533595,1.515296697337983,344.6892268835691,0.7908028412119856,0.0006530408320875145
48879,-9.364028858559966,-5.443692963539558,1.2963368445317918,6.233245475137768,463.2901625500332,0.049925821559893,0.0006530544253209054
48880,-5.01354629679363,-11.635501504066399,4.2345470753653,1.6209272225666282,468.8670707971308,0.8559878321370036,0.0006531003597576319
48881,-7.538864807192825,-12.206431126431216,2.9677097004115827,1.0155390950404743,468.6521520167397,0.6063062589922614,0.0006531504317593569
48882,-4.327096211214025,-6.1453785533614464,3.563421897591278,1.0473781261496404,229.5398334386561,0.017159148564500626,0.0006535244710362345
48883,-5.777620110015692,-6.405049036751467,0.4543591828753081,0.8529442442713201,182.77980901052032,0.26150939640253146,0.0006536365776363644
48884,-5.1484045413550605,-6.24211543877957,1.4867822186061148,0.860730197381055,205.80053535172902,1.0005054460345066,0.0006538285349272577
48885,-4.348665423563435,-6.322693351904485,4.431483186905922,1.028267473557759,276.9005348257781,0.41591820092421816,0.00065384811670232
48886,-3.8217385165589333,-6.983222107119148,0.8333309180060109,1.2494449911374967,468.36884363302994,0.5836152722108876,0.0006539509780759223
48887,-5.516007631593344,-5.403602401470481,2.064598050088626,1.2772176709587915,293.4848279406638,0.5164024820509541,0.0006540516416233312
48888,-2.9507596614392035,-12.989544657421133,4.431337405554084,1.1496115193370335,467.3770343899355,0.10929301084151355,0.0006540657467768253
48889,-9.606736837711372,-7.043272218129408,3.601269411384991,1.5122666464627015,345.5639300672753,0.21775708001935445,0.0006542169138233124
48890,-2.5630282687105392,-7.82361135012226,3.6728565431802442,1.7550468550707916,415.34711925485254,0.13242051695553148,0.0006544356750454087
48891,-2.3568829413133745,-12.957262581031541,3.8584049163441763,0.6377202613702093,130.04461951973664,0.5044602874806889,0.0006546950170862999
48892,-2.3536829867488285,-9.235548612735862,3.1044871929521487,1.5401092638522675,356.3532154774154,0.6818616827117365,0.0006548222984540684
48893,-2.6329773605436904,-7.913687911305255,4.828240310583374,1.4008781007814044,327.39521532968746,0.845674609190576,0.0006548309479963304
48894,-3.0942783862438104,-12.729033466294636,4.217130961265422,1.0013101235667332,134.815474864508,0.3675530027608902,0.0006549058097494638
48895,-5.848338327956462,-5.241856710769771,4.333472545987217,8.068811549616514,733.2634623308181,0.29911576782096017,0.000655059656351332
48896,-2.4868312916838615,-7.987402333351353,0.7502883947954759,0.9911823664639826,467.7533963797196,0.5165870994882109,0.0006551493299369078
48897,-3.675544782389303,-7.04987272816464,0.7005019664742443,1.4487380822601608,331.49725639223664,1.3211413552239373,0.0006551913329041665
48898,-5.820297192274994,-5.228484005612039,1.3485647715665707,0.7999460135930079,470.0624538733266,0.18565137927706488,0.0006553472734458083
48899,-7.489601877701651,-10.183629102141026,3.818167157792958,0.8714003306202623,468.56333623596583,0.8870584722267383,0.0006554595467026239
48900,-9.731537669213838,-5.955805588211548,3.800887241254685,1.4209624396196845,357.5766140019798,0.37777117386000736,0.0006555430031976311
48901,-2.5550798159456845,-7.441914005399114,1.147699263991355,1.0519779764685122,466.327266845085,0.08463959447440139,0.0006557548500514272
48902,-9.298924671565333,-5.347947026831737,4.644783789194165,1.0793678477717048,215.48293836208046,0.49300768915134174,0.0006557790839437647
48903,-4.518778472960924,-6.334602852944859,1.9546197951578106,1.8633398094375868,455.9640426603996,0.39512501007754075,0.0006558021909189639
48904,-5.732620278443377,-5.012868670047391,3.775966991956616,1.7895869597137675,467.8810865138691,0.3772139771398546,0.00065580892346282
48905,-3.8590202427305007,-6.902648008102437,0.8893813736793681,1.8938682217924498,467.5937414562798,0.4130832515948608,0.0006560229396662452
48906,-8.600482443859494,-8.963946178539443,1.7707120552252982,1.235870731918104,200.7926726476532,0.047868801384126414,0.0006561441794044429
48907,-2.1387931114885284,-10.780887065218842,1.6684775854983689,1.0789357336587784,287.61734353796595,1.7241838248748511,0.000656169569428886
48908,-9.112947146398168,-7.462010883764965,4.167932363133428,1.2674379105437752,269.15998243293296,0.8876986506938804,0.0006561790027891105
48909,-7.4982929661909505,-12.904557643610651,0.2789560109874382,1.8128241549597648,467.84202874639163,0.27498047635939304,0.0006563271309338159
48910,-9.391516067813379,-6.770559385491347,4.335009536221028,0.9456646940912504,469.95996752270224,0.05879303338711761,0.0006564401706276634
48911,-4.38347501493518,-6.1294348598012505,3.4339394314680987,1.5959937437962575,470.5050532794787,0.08495829500145913,0.0006564874831813776
48912,-9.862409832747645,-5.936867571250999,2.3585347353918955,1.8749578096451704,468.1991282748419,0.2423698048185834,0.0006565910139631085
48913,-8.054877657064523,-10.291782278275566,1.196536414459073,2.559372208136529,462.337280396778,1.9371942759740142,0.0006569753211007329
48914,-3.6231664586298713,-7.542762850974499,0.21059497117147294,1.843651547316605,383.20115857717184,1.4128419970480204,0.0006570166382985194
48915,-4.551984650843082,-6.086542584712398,3.266147049343729,1.810953003018484,430.42101344639434,0.23319484779687727,0.0006570553896195013
48916,-5.11266057961092,-6.011403591350943,2.033454619880034,2.3614737192156046,431.69463553341745,0.7649521526817624,0.0006570851013482273
48917,-2.7748462108291063,-7.018852456056679,3.584377978632386,0.9761202577317077,253.73852432415285,1.3133364885214265,0.000657174590031731
48918,-7.180979755256637,-11.24068588875681,3.772486918290302,1.1011916353324074,284.01049010821373,1.8067041000013013,0.0006572839207456782
48919,-5.502500270664078,-6.796006333506648,0.386260266337538,4.5087667746552995,596.3609151398905,0.6749273459269398,0.0006574184953790125
48920,-4.707653722038865,-6.206226873418874,4.265168367492607,0.8820415587639766,195.31276100698253,1.011472605667973,0.0006576542157966887
48921,-3.0010871832847306,-12.777770532779646,4.343925267645246,1.8854188433175287,469.37181306555476,0.007391914486106543,0.0006576824107530271
48922,-5.466865185729864,-5.3820215205734465,2.2500457162202254,1.6374751131110719,356.8766232235802,0.4020441412540201,0.0006577881542926231
48923,-5.356730144621417,-5.594628361668882,2.186262896334373,1.3263109174027845,286.53831001452454,0.10065095432022009,0.0006579032376841412
48924,-4.060028444491596,-6.291077132738718,2.1276709126903497,0.6445537652373153,187.02834304297082,0.802456969077098,0.0006580377813396944
48925,-4.31625673710835,-12.65108249862127,4.081154071701971,1.7873938205530242,370.72191118649755,0.3208026566530222,0.0006580918797905686
48926,-7.938850208486908,-10.77079142342961,1.5918197766726467,1.5124152230474406,468.92316325523996,0.8669103119733022,0.0006581037179942723
48927,-3.072584459573765,-6.4936199902942695,3.692578155399518,1.9587874544129447,246.87054469972,0.1163560315974621,0.0006581213423739656
48928,-4.88502780578313,-6.042650527212577,3.858634705776873,3.262527408269171,512.5404730822756,0.7285489983402345,0.0006581916655733439
48929,-4.039723212782294,-6.445506993490818,4.787483010038329,1.1634749641928601,297.18724265129725,0.6216675698929537,0.0006583444936183319
48930,-6.023407023269119,-5.110520046060805,0.6043316732006783,0.6975107015175386,148.3036353514841,0.38816167646562594,0.0006585200930559308
48931,-5.681936250137275,-5.7959187574936495,4.757324660682391,1.378661099273983,333.1812808024866,0.34648844676170665,0.0006586420398855663
48932,-6.6945027170536,-12.246208789906959,3.9951301907370396,0.781396596255265,228.4261121640859,0.9189638228150558,0.0006586585032643296
48933,-2.5738359105430053,-7.808802546873745,3.6812627011877748,0.6991659879636265,467.7432217760477,0.36888047907636157,0.000658760073075641
48934,-3.442235659320728,-12.44654080097834,4.0877399004413855,0.7886362764769305,217.2178915049606,0.6540791408692552,0.0006587735053898968
48935,-7.769407079213944,-11.844371037231966,2.2124580813593053,1.8008583513679128,468.06056630503394,0.4365087857476091,0.0006589191237259679
48936,-4.087359474362647,-10.36704586679378,4.6426610514879885,0.8737452370454256,468.32926395945236,0.8894646780343018,0.0006592932997118404
48937,-4.8316693927521746,-9.6929910295324,5.137275794410062,1.8769952061595636,388.25546919581063,1.407950368578982,0.0006593045346694143
48938,-1.8989067530510226,-12.860220112668014,0.9773900559849065,1.266425995749754,311.07000020734506,0.23421960005860765,0.0006593857575536469
48939,-4.72163563829219,-6.00372586312757,2.6811787432003427,1.7381139159051955,410.1599237164234,0.3844571570364437,0.0006593870306261503
48940,-3.415558828903558,-10.757003291594215,4.4464797529206415,1.0734751318639886,228.85764384634442,0.24292664849955337,0.0006595209063625663
48941,-8.211890029438049,-5.376646087987778,0.12945974251550582,1.2923346761255983,322.2089003673895,0.43818127818390185,0.0006595604735255406
48942,-4.505160911971842,-6.921819011661019,0.7535736300669135,1.0547246349235875,274.1071491241821,1.2168202685685747,0.0006596084548270741
48943,-9.779766413069318,-6.445230014863782,3.612694395817141,5.72009704943005,657.2438746165897,0.4818217956251525,0.000659700997304028
48944,-3.1290743854716476,-6.535757843713753,1.7745361924912437,4.467122536963221,587.9616419167664,0.3900945446798394,0.0006597083978784364
48945,-2.4610495983300487,-7.889794104294027,1.5756487994950652,1.6793765676727053,395.9899310700933,0.4590256460046662,0.0006597776450186472
48946,-3.1623958775962695,-9.771232149074002,5.144974014878213,1.0190160782402102,274.51390268281637,1.569932651480788,0.0006599398270525119
48947,-2.4965924153923114,-8.398386156475745,3.9945616102379993,1.2922802978796821,320.51751575139417,0.46664730954865075,0.0006599730257823467
48948,-4.865007099082458,-6.316036138228732,4.821776379083485,0.8683909530785087,242.654140365282,1.185356352650138,0.0006599747099315898
48949,-8.342594061545038,-8.910554819359952,3.321962999558973,1.0682866335447871,286.922672886389,1.2893587077183977,0.000660008959082979
48950,-9.737633380010614,-5.6471720995613,3.7746121983267953,1.1498968220193233,296.62635604591543,0.9047108277605558,0.0006601204619407361
48951,-6.310981296370922,-5.510210144046282,0.0019171159435382426,0.8338863420053197,234.85259981614317,1.2701988301092868,0.0006601612778116701
48952,-4.956702558288264,-5.9774443647719115,3.7470984751563137,2.5537727263095364,461.48355416379087,1.803733603713356,0.0006602460366032343
48953,-1.8882327172716167,-9.883960032868366,1.1447244768277718,1.057444226762038,180.83394968900902,0.04251094592423055,0.0006603921131099673
48954,-4.946168902275576,-6.354574900404721,1.4700373757690373,0.8333290247367745,198.08036941798795,1.2403631904995658,0.0006604883278708293
48955,-4.294826422980381,-10.590243002073581,4.530515285015215,0.6627452289084451,192.69269505809385,1.2061036670161105,0.0006604986385673057
48956,-5.49566141366047,-5.245699787503839,2.8038459053076212,0.8723591158154922,201.13596408468922,1.06135418331914,0.0006607449195467199
48957,-4.962533608538705,-7.179783450751968,0.3444914701656897,1.012468119651344,264.677022572477,0.9600653473431695,0.0006608259272079436
48958,-3.2961559610202418,-6.334722159446101,2.214054457646356,0.7256197162961695,160.5120761263125,0.4422901935921226,0.0006608785662852119
48959,-9.89199638778268,-5.2112991027225775,3.230533800151656,2.496985590070268,443.8537144740839,0.7299442478076159,0.0006609424709661586
48960,-9.445211903309488,-6.599844901498129,4.313076151346182,7.326044812522913,721.3059879214335,0.43844549801693855,0.0006609628385078828
48961,-6.700632016840937,-11.221353224012214,4.174990457492732,1.1316889020658147,290.99017330372567,1.2154345127533182,0.0006609829867563308
48962,-4.0871863469208165,-12.584370166782865,4.084977930537409,0.9154213119305684,191.78678720410795,0.2427519128052973,0.0006609843442994872
48963,-9.750982491746644,-5.836937241439868,3.7545456153268577,1.6940694424314755,452.9186837313775,0.02938180772343113,0.0006610008434370623
48964,-3.391707381281515,-10.73271778857019,4.454424472812392,6.876024201467224,705.7406648533824,0.49798877649740003,0.0006611139189720181
48965,-8.589700767299382,-7.751544772518253,4.799251361972225,4.254597704210828,570.409051574152,0.3258426504029579,0.0006612511299140986
48966,-6.978402348791751,-12.24192376315862,3.7946543971182436,0.8184128681469839,240.03607491833492,0.47052623985307473,0.0006614267974811148
48967,-7.695364261070873,-10.72347285882495,3.051715756809433,4.344416963762936,588.1174452350144,0.7658647322567242,0.000661481012581217
48968,-4.942871791280593,-6.488743971091957,1.1459374607196327,2.600927841778443,466.8740592692121,2.1776308474561814,0.0006614962999241083
48969,-9.433619980278985,-5.419091262984446,4.388577863058598,0.8793356205177956,230.42918116050691,0.9170946831025422,0.0006615449453187002
48970,-4.168730132359384,-6.457492509500673,1.7855219949392094,1.8400746027655912,441.73991088030385,0.8482767780727505,0.000661775649056711
48971,-9.209960503215767,-7.901110048659453,2.762200575392181,0.9670960286478603,199.83111791004754,0.8447515561744412,0.0006617968245375325
48972,-4.805446081179826,-7.056519878725634,0.5188671824531456,3.3857689579186454,202.35415059279123,0.3428035938451677,0.0006618298693970106
48973,-5.287894407100729,-10.87548260460948,4.449481201830551,0.9877856312768809,196.3971085759375,1.0738550424279163,0.0006618304942845323
48974,-9.522671825159051,-6.582134260316132,4.1572372327040155,1.1795057997750313,305.28882359486767,0.6282742173841358,0.0006619525238150147
48975,-5.982162246198537,-11.805405506032953,4.217075006292266,1.5558373255814604,355.80254596216275,0.9086291051040858,0.0006621897528584257
48976,-2.8280267569140065,-7.171092152138067,0.7110680349852082,1.6135015868153515,377.9644582931885,0.9558950225413261,0.0006622287512294532
48977,-2.2202663535674994,-11.240266333220474,0.4892402062206086,1.1201130782040478,258.35595553038615,0.38032703766362363,0.0006622305744411009
48978,-5.766892464337788,-5.346984797367016,1.0625031271524676,1.0831114314471226,439.98803886622017,0.8243585675526051,0.0006623259649781129
48979,-9.118689715446237,-8.079164061869381,2.293863230244096,2.271586464091771,281.08267140631665,0.48716613528725805,0.0006624915539954906
48980,-3.5539481369593986,-6.328571785406702,4.158365113830013,1.2834540771857539,312.08809432129607,0.3512525067250083,0.0006625104389504943
48981,-5.303174028389436,-6.360059725314559,0.9463656522809393,1.0043492997902514,445.0484492546911,0.19929502608706873,0.0006626270716741556
48982,-5.474132591651025,-6.694680697394045,0.48862750574720293,3.4906502123623597,530.5118355784551,0.7707509489181321,0.000662736308511131
48983,-3.834632913723196,-10.729899196314125,4.464122318079399,1.1906187781364002,301.343109372659,1.8547962742701545,0.000662776842908295
48984,-3.2367577697955463,-6.594518289021891,5.051381526407158,1.7018846396791043,365.50614769082,1.3832114561634343,0.000663385753233548
48985,-5.965257252970372,-5.603940767532395,5.106300999955773,1.7756943655980153,469.9802698001374,0.19541145416102523,0.0006634249999028989
48986,-7.809509912188834,-10.85326302656046,2.6033866064572457,1.222330140177694,218.92763140658906,0.06336098977768678,0.0006635913066327097
48987,-3.0812844463863573,-6.5993872370618245,1.6705540291035936,1.1068840139635465,468.08382586917736,0.7214550776213615,0.0006636676628165011
48988,-5.574608183243217,-5.152270085943434,2.773342380221775,1.1782770646490779,296.91102868579617,0.7865600005555953,0.0006636758744245258
48989,-3.9876337089170075,-10.362108515827346,4.642697295526991,1.03686344351866,204.51299882305798,0.3377462620901541,0.0006636990380342575
48990,-8.430822936932728,-9.236336788162102,2.057955856326752,1.6582515516956498,365.3560041675939,1.898634500336514,0.0006637376634999018
48991,-9.936805048228932,-5.647993098939009,2.8738321799285043,0.4985627466906747,141.37367302358805,0.6503499823518029,0.0006637433655418261
48992,-4.267967020761923,-12.790407155352764,4.072019942015567,1.4539366167020282,329.3840095270296,0.47899787739718036,0.000663806153630685
48993,-3.4290415284079128,-11.769186077215664,4.168756417301012,1.2833667527617219,174.97980295900925,0.36677647010434367,0.000663813478906034
48994,-5.809044029073252,-5.381611860173146,0.9628030983246569,1.0507849466751578,214.19411659981398,0.009764129891275175,0.0006638324694563982
48995,-9.281361741522556,-7.16214339525974,4.206646745965407,0.9843203951827711,467.54488767136127,0.47946298769195383,0.000663974055096733
48996,-5.578944532192498,-5.700275096903229,4.338936593576962,5.12923869170214,627.3225301123468,0.4685772887252968,0.0006642601225322055
48997,-4.10623415282196,-6.180167210276391,3.2229255964443473,0.8823212857227702,231.69991110903055,0.32611562613297185,0.0006643669173909934
48998,-6.886771226162671,-11.306448384194763,4.032798550508011,0.5247739584570322,139.76209451956416,0.9474628814368291,0.0006643843683328963
48999,-3.184806870493368,-11.342373949890854,4.323559828691254,1.252431792292801,301.66785826327964,0.6458530585820723,0.0006643978590514703
49000,-2.1510382225200884,-8.999004522546091,1.4397310492437436,1.5879703432271255,352.54675830403363,1.55654898550371,0.0006644734905204098
49001,-6.827141693813523,-11.531972728100573,4.022428419228812,1.0125935862033661,245.53574432007449,0.957557410543818,0.0006647686820825081
49002,-9.900129332114487,-5.6303100852765215,2.533756490249825,0.8238651154848765,206.85937079552784,0.9977503404300023,0.0006648437878624718
49003,-5.060029361896047,-5.924233124417266,2.0995280226215516,1.0825370967891912,275.45669689277986,1.2528893303646411,0.0006648716874600761
49004,-3.2332678286254444,-7.2306089559768685,0.5786457615545363,1.0654340233415232,278.04272951649415,0.32337943084608245,0.0006648996236169618
49005,-5.146611330341023,-6.341663948724683,1.3014013704256737,1.9143315179636227,385.1079649529556,0.9575517735803762,0.0006649074853046368
49006,-7.342719256870485,-12.982447620089482,3.2785330585524135,1.844306805845693,441.10096238733064,0.31499029232641007,0.0006650667849292849
49007,-9.931347805252521,-5.273412206812834,2.8225560820449704,1.1109980122413448,308.2318713780249,0.15892145788926637,0.0006650794035854094
49008,-4.738742020633539,-7.250890915619118,0.35208521854259556,1.190145659667412,301.32425492413716,0.10564989989189666,0.0006650987304118974
49009,-8.744102547025594,-8.314102578647955,3.375130668466444,2.0737976221941956,390.58929239280815,0.4126489681597496,0.000665216558335816
49010,-4.551039405521983,-12.033868724534365,4.147943598878685,1.1912427783687967,457.69529397779513,0.33681170453800924,0.000665309400338449
49011,-4.294257503391029,-6.2662776525415635,4.1498135812230315,1.8575315152822798,467.88087891708096,0.267920345768065,0.0006655841044465965
49012,-3.5871909988995636,-6.70971806774407,1.3085421053284072,1.259329638862785,311.646767185944,1.6842912832043266,0.0006656564440462872
49013,-7.286991944578565,-12.279482912447559,3.42851164926729,1.0220310128092591,267.9445429002462,1.009873004793179,0.000665758151451795
49014,-7.107562005302622,-11.458891864374458,3.794418790151469,1.7881694363232234,425.92247514544994,0.5063789651838997,0.0006660596698989322
49015,-3.349722580128738,-6.261698871317624,2.57216321613455,1.47826451188581,468.31489652002716,0.5039318820501419,0.0006660864457056199
49016,-5.055993960106224,-6.049152010713618,2.0191738546496296,0.8137774013207074,427.61881021091176,0.17225599239954636,0.0006661063526697305
49017,-4.304874165035521,-11.861512256623783,4.1652319737332055,2.833040711560344,483.741088528622,1.2859675448096821,0.0006661389711147978
49018,-9.236493209548895,-7.895079723993632,2.066387137920028,0.6716155551985891,184.75906322970732,0.7710524003328851,0.0006661609590067103
49019,-4.537175460924022,-6.568163059576701,1.2249624881154375,1.3785430283415798,323.2089582718589,0.7076982684682411,0.0006661715991962586
49020,-5.376923237031338,-6.073945687139801,1.4892666529855212,1.1786097485345304,259.5424882732668,0.5953881981582798,0.0006661910218048699
49021,-4.003879280553431,-6.177767898416638,3.200358732074956,1.0252561143479395,279.86895308430945,1.2713714003215655,0.0006661924982917281
49022,-2.023712346416505,-12.163048672880915,0.7134922866383354,1.2973152840767963,293.0755812415192,0.12280266588765532,0.0006662398116516885
49023,-9.795372836711826,-6.134631532355589,3.62207650251224,1.2039278287734088,305.6447311378244,0.677345655009157,0.0006662549355896592
49024,-6.133021268786581,-12.826820449242197,4.097496137551239,0.9282093647108263,251.814564103935,1.0852683062368698,0.0006663155568079281
49025,-4.5037388099226625,-11.51100781848693,4.23315870454465,1.0406311575391154,283.1012433703511,1.1741338582807357,0.0006663373132044019
49026,-4.8383212681225665,-7.049194724947985,0.5259120717355508,1.463995595425823,332.79468660037253,1.0208230998413432,0.0006665671738067408
49027,-2.322790562249474,-11.935199221390834,3.1379337931570928,2.4942047846200652,443.3265791464823,0.732349452650479,0.000666616844603499
49028,-7.619980477235632,-12.752512260280472,2.652979463628325,1.4115282702400016,329.04456199550265,0.486038300912087,0.0006666410790774015
49029,-3.7594889998779655,-6.214754038659284,2.7334624886614267,1.7059459596542828,366.90631372502133,1.3966525255610636,0.0006669141622617244
49030,-2.4271495714535565,-12.100808782934212,4.960296256709121,1.1351081077548493,230.2776602913961,1.0451353434118724,0.0006669405060218105
49031,-5.700670867184371,-12.511086142625016,4.132665610588506,1.797446161888837,426.94316426275054,0.5187065556371282,0.0006670611292634514
49032,-4.697823183505094,-6.020946287139548,3.1679822580192183,1.480871774474088,343.7159224801326,0.8498537956539742,0.0006672367294250944
49033,-7.6238308032568405,-12.393963090386848,0.34241159228577595,1.8458850755742309,442.18927049174454,0.3021685480749765,0.0006672709860434698
49034,-3.2600000363181882,-6.647278119199351,1.5005813182612393,1.580799417616978,346.2207058479893,0.815766873479876,0.0006672911501504531
49035,-2.3678494979726805,-9.975455784441113,3.7142524491585376,1.7839495933303782,425.5370757432728,0.665226341259233,0.0006673286621724212
49036,-8.090635404024983,-10.156026996065245,1.4547887899804686,0.9014491668147732,227.87528582307434,0.09726429865917918,0.0006675376422407964
49037,-3.7043487674739044,-6.427490634307792,4.571920417805452,1.5826975019843916,423.8787949692265,0.8297605251615137,0.0006675884143910992
49038,-3.120827244133065,-11.812456036450993,4.279154849436131,1.2607690131832696,280.8262616849002,0.8079065859263057,0.0006676146311593169
49039,-5.252411055317452,-5.925072218516305,1.8376997503353862,1.7788385876838597,433.5495936623942,0.15308568512258436,0.00066767197010292
49040,-5.422377571471118,-6.017559531187684,4.705369742786706,1.1237485589609337,289.3915802641357,1.4335334107359072,0.0006677379001791017
49041,-3.483984097833062,-12.156549617769247,4.108652053767442,0.9939609812041609,253.49765524106738,0.4405883823038357,0.0006677878063282064
49042,-2.557944229338741,-8.06130969645073,0.522128466217024,1.7351697234317986,409.60383693518924,0.07167006732209291,0.0006678885694630658
49043,-3.82327304493736,-7.061869287970786,0.7316436265678048,1.8221100104312193,467.97157637964153,0.3035869654379981,0.0006682713852385735
49044,-5.914224707650584,-5.284289631805746,0.7916815966708514,1.9989888880887456,201.97435877750388,0.25124110367817565,0.0006682919496998244
49045,-4.069936875391741,-12.97218610029569,4.048398270772095,1.695139115584464,467.763442127643,0.06468695341229402,0.000668422962417923
49046,-9.864378687667386,-6.052949677180544,2.4033888126471035,0.7938961600962455,167.29642513838695,0.03631552109833969,0.000668457719550303
49047,-3.65821084288667,-6.395109536258826,4.395199981408337,1.7321962711818115,468.1849595099774,0.6006204239779569,0.0006684774334786547
49048,-4.116361553020136,-6.300187670021339,2.330671072906099,1.7720772815257448,422.0181763923052,0.5708212671225006,0.0006686319522987859
49049,-9.27878332284127,-5.098212849501089,4.646746898284073,0.6910477810050808,158.02419603302934,0.16868074046314074,0.0006688066289255165
49050,-3.031745763147809,-6.489248511162767,3.1284434955583964,2.3964322532174895,437.8689393471641,0.9133709673561903,0.0006690968933367391
49051,-4.606726786084944,-9.997544494009693,4.886678935680042,0.554661861712966,116.46068734723013,0.23820502215521788,0.0006691439801748272
49052,-4.298336861669244,-12.12328065619893,4.124607323755378,1.1247270647930183,468.3210820943695,0.5061836392013923,0.0006692053787714953
49053,-1.98717322176066,-9.986405595607845,1.366567535170938,0.9481106611269647,201.72549790819502,0.2546556099185979,0.0006692466823740348
49054,-9.565685270014006,-7.071167671277355,3.652086938328147,0.894067615694504,467.5176626479623,0.4437988015916625,0.0006692805881116045
49055,-8.272082315888039,-9.594522814440918,2.0276650301327916,0.9414450487929785,255.8965566583814,1.5920120925923325,0.0006692918402214186
49056,-6.117429786284598,-5.092331697867442,4.976882714428184,1.5711093009969794,365.04854761931506,0.5758619877089268,0.0006693380556143877
49057,-9.693451189987373,-5.274922582645417,1.908211420553956,1.7455138935271435,411.51895450533624,0.6061334805326384,0.0006694898068766225
49058,-9.497882683715064,-7.206362808946687,1.8121538216307733,0.8836535826876442,207.07450664019913,0.05113414364025992,0.0006695502927607807
49059,-9.298179179782629,-7.765101226590065,2.8563296594596066,1.0252265131065794,270.5459814306082,0.9157340964851626,0.0006696455246407857
49060,-2.3518378704068876,-10.499952868409364,3.417577538722277,1.150563567612422,294.22834414479,0.7410534173546841,0.0006696926361039393
49061,-4.083921130420975,-6.279247735604189,2.2080458867469868,0.9929468337602904,468.12446001998666,0.8232217580537187,0.0006699750934958763
49062,-5.673468600781219,-11.932882675885862,4.195857221145005,1.544485132614634,356.5275925692345,0.7798107598868542,0.0006700437911366419
49063,-9.640850858193097,-7.209782869367871,3.1165651442272018,1.112571701778172,289.231077836674,1.131850534628624,0.0006702314562687488
49064,-4.208251544400252,-6.311231529862233,2.087281498965189,1.3674598392938822,468.20445712020495,0.302806647245915,0.0006702394113095356
49065,-5.476393257473375,-6.0281146457715264,1.1377412179779482,1.649899261942096,383.7325597664252,0.7598131923931115,0.0006702430325529971
49066,-4.606576579411636,-10.813611862105402,4.441523340446139,1.6083900700745668,375.301589436088,0.45363126133906206,0.0006702841143373336
49067,-6.799148269634026,-9.932500718011088,4.738441337100636,0.777634539028223,468.5934491527492,0.2551661868259272,0.0006703467416461687
49068,-9.89868473278173,-5.944872979984401,3.231583846078425,1.0532023602683154,198.03614673116277,0.40778510292033054,0.0006705110714371276
49069,-5.8562948134681,-5.350561742765447,4.503304038594712,1.5246161816785488,433.52813629421547,0.9069290329324016,0.0006705333181027071
49070,-3.8707490658477735,-12.657923373815912,4.064688844473739,1.0121741608260353,277.83113378808406,0.7516132963043667,0.0006705341593281057
49071,-8.87569549876298,-8.277617120674035,2.984921719653654,1.5013256020245718,468.5852164004861,0.9403608051146852,0.0006706239806444972
49072,-5.585835586592273,-5.267157603498008,2.0877134285461065,1.2315963412420938,309.01668619860646,0.8280009465831233,0.0006706802196119573
49073,-6.84938802084912,-10.852167551155883,4.199471759226006,1.6317931029009596,354.8442775450664,1.2133968813226526,0.0006706888640881981
49074,-2.6065596738492474,-7.495191737629289,3.3246570801102884,1.082767299594342,286.8231488505345,0.43681420380545344,0.0006708383018785301
49075,-2.1583899783140046,-11.377308741987338,1.7746648527808957,0.8836064273586637,468.4143488074674,0.8534056719204548,0.0006708952104819958
49076,-7.486263365630555,-9.433644861586068,4.464835608296829,1.6869773031481579,399.4461588562677,0.3193286751733906,0.0006709086374100793
49077,-3.835806038184712,-6.7453739131259685,1.1438855270737347,1.7018705814778574,399.7081395013822,0.3937898359545615,0.0006709586850163244
49078,-9.929465490844295,-5.50293134205862,2.883321395585633,1.167367658194978,250.5282126685306,0.34301395113985667,0.000671090678667456
49079,-2.779743523704445,-7.2955211830385975,0.6273824392702093,0.81074508509708,164.21697253369115,0.007542466014315075,0.0006712167890398571
49080,-5.171667188058647,-6.352583110819695,1.11903387544317,1.16102133166119,258.21782757941804,0.2813284707014123,0.0006712438566746582
49081,-6.212490418170848,-12.931759540679726,4.078592043717524,0.7269469673378802,157.5287267164811,0.0053935496541930306,0.0006713650451489521
49082,-6.598271189614482,-11.378552583207581,4.176349699747664,0.9809716261185063,261.2009255699026,1.5831005810857546,0.0006713832945906573
49083,-8.443805062726296,-8.706720426822706,0.4913890437995762,1.1613544932609785,262.2104775833821,0.5233109031998007,0.0006715847428496233
49084,-5.65189759085381,-5.389215363462083,3.9688003818069637,0.996168863228162,426.2961852414139,0.2783465816139463,0.000671662738566858
49085,-5.055775131845588,-11.828287236599264,4.190866858583194,0.9964605640759364,274.72587203961564,1.4409594072662122,0.0006718160416817666
49086,-7.446118351676111,-10.432156461259734,3.7230567584869383,2.493433116982648,435.8042148039472,0.21634703118196175,0.00067189047436401
49087,-7.461374658376555,-11.352331234694246,0.2524260297121052,1.3009941751041374,317.9265858620559,0.80765252299335,0.0006719012719474657
49088,-4.740033611736401,-6.589122741206636,1.1073388820437298,2.2955625083033273,431.25960551133693,1.034612718432241,0.0006720804867973547
49089,-5.321940061886031,-5.578780736371124,2.6047110499084685,1.44253658272931,336.7906605099754,0.49466942108030043,0.0006720859768018335
49090,-7.364931360955669,-10.731715865270605,3.697240194399644,2.6236436828133964,298.5111696631053,0.5279155242424407,0.0006721292600032726
49091,-4.688169589777261,-10.345098174706342,4.664811686881928,1.1260169088852017,128.41482681058213,0.3347667730018715,0.0006722971840905722
49092,-3.670708360257686,-10.10629476570685,4.787434087487571,0.8539105060963319,468.3246316799087,0.39275804228576483,0.0006724190838924523
49093,-3.4416461534044753,-12.72557095986763,4.053653030909586,2.792892159572804,479.3053738417729,1.1900290499770882,0.0006724571594339292
49094,-4.173248693701684,-11.733795922227182,4.1807434248984885,1.8555795619836242,458.29606695175346,0.6497179004115585,0.0006725834365197777
49095,-5.568297582447316,-5.203708301935659,2.082148182542777,2.2827568282213546,423.51739369247093,0.7880479135529415,0.0006730434237376486
49096,-7.921779120033374,-8.331595131012909,5.169384869015367,2.3336119965129267,439.6753230343919,1.664425654481061,0.0006730523259073904
49097,-2.3375221120272807,-11.999560371253168,0.3233330167927644,1.4766251878212,342.23536931935485,0.3671405517323558,0.0006730622661380701
49098,-2.0490634967083476,-9.137880529962326,1.1177854039334192,1.0191547035726674,467.6056630601178,0.5985540528400337,0.0006731774793637754
49099,-5.0382821920403185,-6.182857646130051,4.486974807340338,1.0273206521206868,267.99168614603104,1.3074738198371412,0.0006733898647262973
49100,-8.701075379258958,-8.676571623124083,2.385687592883393,0.9251251127682245,183.61163511484412,0.7334530683017908,0.000673459095847594
49101,-2.251675747351113,-9.092907424041694,1.8799004943850803,1.6853054349016465,396.2997141516401,0.15865362222033674,0.0006734865673705382
49102,-5.2718084250224635,-5.829431936159234,3.6886626390944564,0.9428426239908744,468.0289083937752,0.014881474379392579,0.0006735996412556122
49103,-4.210622348435135,-10.61157908918739,4.516461773725887,1.7235245780415331,468.1059295488164,0.24012989280666464,0.000673605710076498
49104,-2.7988037769800735,-11.292253630443362,5.073396799536622,1.7693000612335952,445.7054466176785,0.44220047928991946,0.0006736294824420625
49105,-2.019322970471169,-10.822712965019537,0.8442006531527783,0.93514523892036,202.39417635418852,0.14229507117334883,0.0006736318774168586
49106,-3.1784979756139524,-6.339813516738012,2.597273161781551,1.1360337063968335,294.38629725354656,0.9818133615028257,0.0006737908899274194
49107,-9.84103227342926,-5.489384271898269,3.445732831179599,1.7586574645303976,450.22672071608105,0.01400180972705467,0.0006738745604269626
49108,-9.775603419845893,-6.96998554605416,2.6981561512987464,1.2508104465091798,313.1755294202608,0.5479894439240116,0.0006739536446389344
49109,-4.06343182427802,-6.255518089229538,3.8696331984802366,1.8226240974898036,468.36961978498607,0.5249420223189958,0.0006739980979333055
49110,-9.807725461593943,-6.486704155725008,2.3140696318598284,0.9484958627250301,190.5608904677874,0.9336335962952012,0.0006740682645589897
49111,-5.398258009325196,-6.022250299813231,4.664133440820624,0.8421091426704945,200.7997436832224,0.049776831752191164,0.0006741930886321713
49112,-5.364881808691514,-5.612109807655396,2.4845962945899207,1.143649109267193,277.9911441717581,1.0664064252916639,0.0006742735989881293
49113,-2.419837315725591,-10.547043817282317,4.569588746482285,1.0333477853939037,468.36735960234347,0.6678859613274044,0.000674502699264415
49114,-9.248958146737264,-5.059224193147522,0.8136508298868275,1.2221861689719975,307.41399044513093,0.6880655041769517,0.000674630802649489
49115,-7.05295623094675,-11.685103934936985,3.7977641290251842,1.0129320304138334,278.037876698922,0.7883001927103752,0.0006746727868302359
49116,-3.3832509788206675,-6.3423961018105715,2.2509008720000487,0.8377009338720891,470.1523036218719,0.2002710040972353,0.0006746974980062713
49117,-4.161611394332192,-6.217297251686953,3.532537018838439,1.1038498557252094,468.0066076585568,0.37095568951797464,0.0006748485903559862
49118,-5.116729948166253,-5.830955347992006,2.8629345138528652,1.7834272969950002,468.70443258861434,0.15256148264624425,0.000674902506204567
49119,-5.587670326481483,-11.096719998999713,4.375121211184989,1.5279132935728374,346.9144487409276,1.931308440925946,0.0006749080646768585
49120,-5.197649175941161,-5.7892776742119105,3.0901909011191937,1.1192260533964997,467.89371113988665,0.09558822295216185,0.0006749499746982429
49121,-5.2622909492613505,-5.674722559218631,3.286452834464745,0.8637644067912962,470.1940039907219,0.05170339617422748,0.000674953918461028
49122,-3.714733405901721,-6.511437347034687,4.904543393837393,1.7731176616101723,421.6327008315328,0.27026008294271797,0.0006750632429905958
49123,-5.519831079956404,-6.565757176388129,0.573236424130664,1.232424275458459,277.581574795067,0.14440986499505115,0.000675094140333115
49124,-5.641015968013832,-5.184504596610747,2.1217053632606273,1.068295525931384,285.79109898674346,0.506343708620058,0.0006751052282205291
49125,-5.154774714040204,-5.753803808637734,3.214686796771755,1.5546369006551228,469.4874909588866,0.18113972161077552,0.0006753012506249942
49126,-5.569565372827773,-5.493038731855085,3.9289282795804015,2.0284131038235302,396.934691149171,0.8398620836238164,0.0006756259614690034
49127,-9.622703640676269,-7.2772314694933,2.938344600430592,1.4586689824291597,335.7682681004318,1.3637390725909482,0.0006756831646756174
49128,-7.7034442196682935,-11.041054710458647,2.8442888294217994,9.946664921553149,480.05119499070395,0.1367905802478644,0.0006761447034528444
49129,-4.625931284938389,-6.365666047713655,1.745291599686573,1.6396005828712388,470.2785397581592,0.025611599497297632,0.0006762065161434354
49130,-2.184926991641115,-9.968895386104954,0.6235455309442433,0.9727144395337187,255.56128362563686,0.8284082639450023,0.0006762227418502782
49131,-5.050089722600605,-6.1821362550648065,1.870161183434334,1.032567714353237,279.185078822163,1.348397953166966,0.0006765864808272676
49132,-8.344680897687036,-9.470084930912737,1.838296056282175,0.9241339845483827,468.3977738689283,0.013136610868881071,0.0006766750767426915
49133,-8.399262772493257,-8.228646020632032,4.416418887730915,1.3121128124120127,284.537693260829,0.04770672903024131,0.000676865670975034
49134,-3.7086054821807295,-7.379121224582124,0.361274556789708,1.6997830816310027,468.3680412043804,0.3368935036922611,0.0006769829430169565
49135,-4.897512537222734,-10.182823981785145,4.768463948241782,1.130319499495454,462.4638226398861,0.6476161993644238,0.0006771235504621891
49136,-7.811995543093413,-12.287886216713288,0.6376558107626802,1.8338886562337,467.6456212492507,0.4782245116451609,0.0006771334972383358
49137,-7.3994176515639865,-11.891713672905615,3.2909703132246535,1.3893077672149536,325.12052161174455,0.5122354780160565,0.0006771580608548656
49138,-3.7600700767140633,-10.690791604163772,4.471288600362133,3.551129935424482,536.6182439416161,0.8739687796176652,0.0006771944992933657
49139,-2.1211147616157335,-10.36801766345593,0.6750569863934668,2.883982491562712,491.17582965582227,1.9507979902307868,0.0006772154725390638
49140,-6.863288036196883,-12.7256621708151,3.8347333740201504,2.2771653306499853,418.1676769674878,0.6231302149245659,0.0006772386399816319
49141,-9.898368024190852,-5.632462504285809,3.2057148273987854,1.0653414857471217,211.81235662308038,0.50378825116365,0.0006774199970352225
49142,-5.494919674945205,-6.82167560125235,0.3896304087636939,0.6579858891701563,141.28472752817783,0.28864003072675803,0.0006776199024557136
49143,-4.601524267245727,-6.26147553169146,4.279628835396576,1.2726612584748502,467.8306271640024,0.38796651975858687,0.0006777536312277533
49144,-5.397261562330974,-5.6160822111105695,3.338667731063343,5.434967714647509,594.1556145091555,0.19662955078182165,0.0006778606495280428
49145,-6.194512391392165,-5.691936901098391,0.18213479477315372,0.5145846005152483,108.77082229109415,0.24898174663300665,0.0006780293232714345
49146,-9.846149943266823,-5.986232318273426,3.44278353316826,1.0345382904485085,278.9256254003022,1.3342077574719013,0.0006780295054304815
49147,-3.9168205937893354,-6.266528338804651,2.490497456350504,1.0934365695178512,220.59402194557885,0.27092075062829846,0.0006780881352118701
49148,-5.959701031402404,-5.152896704442455,0.7738307051039417,1.1367269156947133,228.89496162822513,0.7737554329803817,0.0006781521124504449
49149,-5.415492016077835,-5.426306958127623,3.097947758618772,3.4529559760406277,533.78725685269,1.3653107090130279,0.0006782336726561316
49150,-5.840459722852856,-5.893715167029409,0.7230632928887958,6.095002448887128,287.6419210597767,0.47075012299914487,0.00067850907928223
49151,-5.479258758152104,-5.980778038912617,4.670537780274399,2.040684783039237,408.43797180692053,1.729905535186652,0.0006785222073856985
49152,-4.615478950402212,-7.294632915343328,0.3622100136616681,1.1505662829775565,239.81595424986634,0.14518300016377061,0.0006785875791259135
49153,-5.636998832334354,-5.977377305152258,0.9765046249343508,1.044428137897614,205.60498441866605,0.04819078785470943,0.0006785975179964729
49154,-7.955883204554649,-10.607325952314055,1.4591364890072172,1.2834452373496545,314.8440698531803,0.4587925510217543,0.0006786454910409981
49155,-1.929628949731173,-11.240947470914824,1.300644373238993,1.5616679902425719,468.28162348403566,0.04008169149227481,0.0006790453595307569
49156,-4.258188630099702,-6.830576510878894,0.9505583486128678,1.7999093713861665,427.189448642661,0.02413834470652443,0.0006790552204756069
49157,-9.707432308262739,-5.930950965588114,3.830351847320298,0.9141283541842116,250.0796621032076,0.3802748374396563,0.0006791834579304911
49158,-9.649103668571442,-5.130944757389296,3.9086000857456513,2.603247490529211,466.8378807389853,2.111828824254718,0.0006793619864807082
49159,-3.1384678117197993,-12.000505947012194,4.228712507251283,3.7127971851669486,485.37006716284264,0.15896517542232047,0.0006793921004901229
49160,-5.878944194142452,-10.896056345450333,4.442075590645247,1.5728340938318968,358.59163912400373,0.1638872670181426,0.0006796282826043756
49161,-7.761712726023939,-12.241526033810212,1.9661375801219794,2.8600548765970943,488.0366349094042,1.61027305104637,0.0006797831183316576
49162,-4.060284369555369,-6.325148109092124,2.134557578489521,0.884914167064161,177.79021960657082,0.17139445251424057,0.000679830825873174
49163,-3.2370843521728956,-6.79416264592402,1.1953664783190068,2.3808289623486987,444.5821535537724,1.7046888104226499,0.000679909603943642
49164,-7.370341717129218,-12.989269071990966,3.2178865239413517,0.9510350424774044,260.0155868305951,1.4566820807973864,0.0006803304837149608
49165,-9.798938497286057,-6.492087571310557,3.491902056935722,1.7888101226824724,379.4686548129601,1.813020903167092,0.0006803836189658185
49166,-7.0150867560149335,-11.063898010963717,0.1155688204704564,0.79688273844636,231.64052762028393,1.4266847999027252,0.0006804123171550495
49167,-1.8085018446813592,-12.146999062681283,1.2148861464244913,1.8383157890303639,468.9278686235564,0.6402822043264678,0.0006804314417103955
49168,-5.517574260971868,-5.183919691143079,2.6656655369415403,1.6895505719962483,467.92562544688224,0.45316947218610615,0.0006804486601469456
49169,-2.3596756090935607,-8.652206597278603,0.664272538611957,1.1538871781238222,168.7368575194947,0.24699465494050887,0.0006805152748834141
49170,-4.360687534659259,-6.241692806692932,2.196130680501695,3.422231064185534,514.3148084132612,0.4101546595687955,0.0006805209678496282
49171,-9.30533460970995,-7.574095900188333,1.6560359834104916,4.121787825530847,576.6549749819771,0.9772596863462422,0.0006806014601705803
49172,-4.948066544417779,-5.965984262001938,3.242594960304758,1.72584905467491,409.34775155132235,0.6226411061974408,0.0006808466353153183
49173,-8.570018533430247,-7.60537574789211,5.028970953413657,2.895963244069593,488.1575400708097,1.1782222701392326,0.0006808857609150294
49174,-3.261098204956154,-11.710056127216937,4.1868894849409015,0.9858005169510095,263.66791166974724,1.216169354889514,0.0006810442338145287
49175,-4.468564341629602,-9.687784798827929,5.1155023723664605,0.9485805251822815,190.20813995076716,0.06818707721957562,0.0006811080957386637
49176,-4.58784308544328,-6.590551859064039,1.2425533763911434,1.1308508759341638,467.2587598800649,0.47173869214244046,0.0006811599714612539
49177,-3.9658159042218752,-6.4170377930287446,2.0504082214675887,1.3537578925855078,319.447470889758,0.5338599367858432,0.000681363419815498
49178,-9.884163315512856,-5.275398925209661,3.219525109587807,1.1857326289003327,468.84817347697555,0.19047172749956776,0.0006814573320655899
49179,-4.6589914124987795,-11.85007540760548,4.166122442658154,1.6104266331841715,469.04233235637383,0.1863842348999043,0.0006817264479768543
49180,-9.87388943647259,-6.617900585425186,2.9411308501170152,1.8393076086695492,467.56520565268164,0.6248333580156169,0.0006818452517720148
49181,-2.2000543701454323,-11.005040925980937,0.5091542169491137,0.9742080612387941,467.0439384980315,0.6234599881210352,0.0006821844458529702
49182,-3.882143345393576,-6.222313101496468,2.8215884742026143,0.8580325793110184,467.96409514677896,0.04153057483784384,0.0006824131196601709
49183,-3.1100850401516844,-7.235577449990056,0.6543882493853861,1.1755215766244638,300.7081402843556,1.0823299356483282,0.0006826287701616121
49184,-9.558662460716139,-7.069946319822975,1.8794737147787035,1.470742817113572,338.5238863080652,0.46808926723223987,0.0006826764737667937
49185,-4.718388597614794,-6.530446285998462,1.3899100374061095,1.2300338866758735,257.8525497683132,0.9642361156557255,0.000682763305758101
49186,-7.913883437370101,-8.52351002704889,4.904056514525993,1.3899005749310958,323.76594994287774,0.3570826016972184,0.0006828582337958762
49187,-3.0017358928511575,-12.838197997620943,4.330544539619879,0.7506520582204917,192.8116071793214,0.061342997416296896,0.0006829143781104787
49188,-5.657356542917272,-5.202058669182653,3.4780564977699884,1.1579835835119345,466.1964762032382,0.15999671783931735,0.0006829369494616408
49189,-2.9908546816545334,-12.927297965899902,4.3440459091836106,1.7906731616735831,467.9755767859389,0.7948161812781924,0.000683056825864225
49190,-5.728590652669385,-5.076231890534376,3.6678562657359826,1.6401781445448305,354.6713432946578,0.5963247302251284,0.0006830640385555019
49191,-8.309375342183232,-5.822486904457628,0.17093635163501592,0.7328751665818644,467.90212798749474,0.28220491049147167,0.0006831038556698819
49192,-4.010135459069043,-7.681296085174052,0.04606381519037855,0.823153370033665,165.9175067224125,0.05890059141933435,0.000683121604491045
49193,-3.1090406826709334,-6.791744811339315,1.15942685880029,1.7598101359114549,370.6527056511416,0.9893165407330766,0.0006832078231847897
49194,-3.403713646053398,-6.258967200717886,3.3296077309208942,12.92830462487009,776.5459686723967,0.20460265702018088,0.0006832930610950849
49195,-8.641564770112442,-6.789322039123995,0.3542621862626406,3.1330444016171084,507.472693726536,1.0656270804745018,0.0006833718206477162
49196,-8.102934491743223,-8.865691237558249,4.019039518539699,1.5349661981516498,468.7669927927155,0.017817111344105463,0.0006835459811425831
49197,-7.474944714162822,-11.04431269117001,3.3737824698605983,2.0224374847131554,393.7657862878789,0.6270828416564163,0.0006836494197797844
49198,-5.7001865676237005,-5.153973886868918,3.7442819613338663,1.6709435358860356,360.54389915030436,1.1390534876030154,0.0006836625746594669
49199,-7.384048537838677,-10.771815403652088,3.641671435640291,0.8201169052371942,208.23225919423416,0.4864593062372906,0.0006838083720133919
49200,-5.315712204408438,-12.005768519916973,4.168521451682503,1.5608801176426224,358.01930277762074,0.017626272423969525,0.0006839786770015637
49201,-5.92475578067295,-6.888622156079823,0.024251205617692947,1.1537747307090889,296.12338619332974,1.0405062738161694,0.0006841582313471399
49202,-1.8549446828515723,-12.035867132529546,1.1191096450073466,2.1140903473539066,415.66003499854,1.5670256262170303,0.0006841862012506892
49203,-2.8064717031093007,-11.118179545150536,5.101959435067483,3.1401479197036686,491.7965600607999,0.38561236965465806,0.0006843043470724163
49204,-2.8443501945106924,-12.236083369488254,4.765588737551423,0.5111694037199528,136.93218106779773,1.1963541587378792,0.0006843737435707677
49205,-9.226286351270009,-6.526239618426361,4.73288080322078,0.4769876346551336,134.619204672121,0.7721901706066925,0.0006845065793729518
49206,-9.089444727301432,-7.893991922093671,3.316517681116926,1.4963473295994383,378.05306238934025,0.8854452822474093,0.0006845600041799044
49207,-3.0663021373237136,-12.474237440661106,4.256761970587152,0.9288942999511092,263.26316273085797,0.9032017828176198,0.0006846304033972415
49208,-9.604866769024923,-6.514489405771012,3.9853683555711563,1.1190236588944846,468.4044789789266,0.5380364408358673,0.0006847168950926549
49209,-9.37132407023883,-7.683065224759191,2.7106760226134625,0.9545349891074102,468.34554845908116,0.5156552624055548,0.0006847468807965749
49210,-6.791931775227002,-12.992113077169998,3.8629116553851275,1.1724220702813088,452.7103716999899,0.5098400245373211,0.0006848610287040857
49211,-5.754200619268702,-5.910444872617348,5.065503075166335,0.811345323308793,176.87366633478882,0.9886603140640444,0.000685033089742581
49212,-4.14870263663709,-12.781692975464626,4.055154288826794,1.13115910238854,296.11761775561894,0.643597328919836,0.0006850335385929372
49213,-5.742290116605586,-5.095789649953691,3.8727470320348756,1.2222247544021545,307.8006576203363,0.6095127628725523,0.0006851174842758339
49214,-5.088638554403174,-11.074899432838743,4.359283227649547,0.8157213113618861,224.32919720347493,0.8387180453040761,0.0006851669618454142
49215,-2.384077499880738,-9.444075501178308,3.690244358205669,0.8730028394358076,357.9868650231931,0.9243769604940164,0.0006851685346414449
49216,-1.8879911180907776,-11.2761529149311,0.9141976146119559,0.8046501401445265,223.3309777261746,0.6233058107712726,0.0006852028949313482
49217,-3.1247136844810246,-6.396198475324196,3.317320057314598,1.4383968397889115,415.70593298092217,0.0846617700863801,0.0006854001616914677
49218,-9.489466885746548,-5.437925245841633,4.256261331490646,0.9780865568697397,269.88818558710176,1.642732426002806,0.0006854566367430876
49219,-4.1858997257884845,-6.241995151111525,2.4799602332913633,0.9240447015712858,199.6101938053025,0.04005597445180076,0.0006855375669237979
49220,-5.110358441749263,-6.553623604476599,0.9573295997916463,1.1695269798604655,296.0383120903797,1.1451388508329376,0.0006855999374591485
49221,-4.7590159102658545,-6.114540619790695,2.456593827296549,1.2664095317005024,286.7789981306012,0.11554939639742479,0.0006857897571676273
49222,-3.69666164597965,-6.875289366854697,0.9710787667600198,1.849003996291786,444.127135813587,0.5738833791881737,0.0006859594664432788
49223,-3.312512359016524,-6.30319878713408,2.7710250599417035,1.0042921318859552,262.30773335004,0.49566549506611945,0.000685962824551866
49224,-4.3099304078988645,-6.462319516079379,1.7379942930604622,1.7385487867336207,468.3179704696658,0.5051277269054468,0.0006860183105462951
49225,-4.628610077776135,-6.350051919831612,4.621413756839703,4.080054293971546,572.840021042011,0.8457403374262675,0.0006860579291895659
49226,-5.062482264994551,-6.581939353576625,0.9550231218571182,1.233864136076215,225.3583203451424,0.055784635668666205,0.0006860706224432843
49227,-1.8901600185637566,-9.856260264434448,1.3164582795991415,1.0166869236755605,203.72431910327586,0.3931250346779551,0.0006862218044673918
49228,-2.678793251691797,-7.169267164355062,2.4858243760762297,2.7783924119796843,472.5936114034785,0.8210608330818481,0.0006862242917164676
49229,-7.737198099718668,-9.522709256904822,0.308067588627176,1.0554171714344687,273.913753716049,1.532511323546844,0.0006864462790599519
49230,-4.9423947660048935,-12.506395153406286,4.096439378629403,1.8052752311849463,431.4663033811676,0.00624802536100777,0.0006866358576795897
49231,-8.024016146870965,-10.508508880943188,1.0441183936211786,1.724006820482486,406.31063257094615,0.20906385823724438,0.0006867739987212263
49232,-5.513498774938407,-6.037449397363871,1.1755472463644014,1.8569428348024108,469.0958092290038,0.20335120540543183,0.0006867962597403534
49233,-5.610866555718416,-5.69140086998043,4.363587381204592,1.1416557910618803,285.4500927398909,1.2258962177917612,0.0006870265113842018
49234,-2.3094322415426127,-8.369733051417716,1.3504266328538337,2.16752152422531,423.4480056467671,1.8732718458439246,0.0006871054167050336
49235,-3.2550794675213073,-6.5320455018959676,1.8301900601052143,0.9979337970330772,468.2496934013679,0.7747271617849476,0.0006871454126912844
49236,-3.1404411621976713,-6.363631913797497,3.229870485315494,1.8313302337598174,438.4641538229053,0.27179588381683484,0.0006873776697750567
49237,-9.541245334166197,-7.34330881637092,2.1438961154046265,1.76561615124251,417.9214376784137,0.44378919934140715,0.0006874732098643848
49238,-5.225258270522345,-6.3094585489821995,1.2903090369334451,0.8001455049228839,203.95229170858266,0.8443454672175585,0.0006874785222199132
49239,-2.023548000364716,-9.602764028405963,1.0068676240124026,1.1296302286741098,291.4135541402095,1.2688334964526105,0.0006875564666389578
49240,-2.515010068469633,-7.648253734444053,1.3807875171278723,2.326129927798665,406.0947432036068,0.35331930032019976,0.0006876164923596825
49241,-5.328796890613637,-12.749813599073015,4.093686688467577,1.555461578609145,415.4063320547502,0.3550128285319074,0.000687749509076396
49242,-2.2192840142266643,-12.996723271755473,0.38727817251944785,1.6255630949950244,376.78586900830834,0.4933645626137846,0.0006878367636432549
49243,-3.2274109105572224,-6.300649230946481,3.33790056359138,1.6128229395255504,468.72934689082285,0.841261776709854,0.0006881124162485183
49244,-6.1949862290656705,-12.503561041856269,4.100274524024653,8.326825252094176,653.7104049404807,0.14290023931095241,0.0006881331300063954
49245,-2.2779100366034033,-9.225978710203318,2.354321706451033,0.840488490008439,278.6857339647439,0.3345262646469944,0.0006882386873992
49246,-5.768919984564872,-5.107576607471877,3.9463792513679685,3.6892342897109773,546.8749098710173,0.8652516856860197,0.000688347866482114
49247,-7.012109473910741,-11.647469635418373,3.837140216926697,0.982815383941778,196.35496281874646,0.5980323471389086,0.0006884992943311385
49248,-3.072324301104903,-6.454329870401764,3.3358455269741083,0.9854258744268839,467.9478388385697,0.5786819195566419,0.0006885392769969104
49249,-7.860934453068485,-11.232260332951162,1.6932933027045862,0.5073009720059805,134.35507285372512,1.022089086369216,0.0006889382828840756
49250,-9.80959656595895,-5.191871150383935,3.4966545877111916,1.434844612315809,328.6635933116931,1.1362399342780085,0.0006892944845170866
49251,-5.178628224778024,-5.885548354525242,3.6612348723792136,0.9929014685026977,260.38941220739076,0.5445231987658916,0.0006895501843385361
49252,-5.765675836758761,-5.007673483919907,1.8280645336719563,1.126467664877396,467.22902065902883,0.4330015679859667,0.0006896839020592165
49253,-3.503149350881194,-6.3696007086901965,4.257948851502468,0.7021478028003176,132.76513222365614,0.24287121762237263,0.0006899608516862332
49254,-2.3265128198808203,-8.628831836773237,1.9918687229765852,1.1082419378470598,467.9874621783606,0.8297900281945862,0.0006899642497477649
49255,-3.468645037135257,-7.183807057115467,0.5865803105414139,1.352126786227492,467.9221503131142,0.3573773922465424,0.0006900168357877326
49256,-6.004803161020349,-5.001862782163006,4.566348654256973,1.8671706256181126,448.7415561941338,0.04222927460598935,0.0006900210965367845
49257,-4.741499685271028,-6.051897138504766,2.513104530026409,1.0750793112996695,468.72176126221353,0.8274250579616078,0.0006900313658675772
49258,-5.467759380743681,-5.771051565688792,4.154226717923981,0.8857936646337584,467.84624499405254,0.8810666897595665,0.0006900439057703213
49259,-3.898092439557031,-12.571041599367408,4.05910971208664,0.4978073337396243,112.20457084509086,0.6201509368373221,0.0006904110495512472
49260,-7.664374695290515,-12.185280484024203,1.307874405641816,0.8558483556751213,468.528019049619,0.46386858142736376,0.000690488327695245
49261,-9.326781614610884,-5.235611266637593,1.1035224273526436,0.8703937522880203,197.93715202581754,0.40965591506401644,0.000690709710326829
49262,-2.985275936209801,-7.379548738861507,0.5449754302328486,2.3110698984956586,439.0434521949445,2.2267170397684453,0.0006910024630183229
49263,-8.143122442054437,-8.914533188253575,3.840967588552805,1.0033321365628094,199.93486853411446,0.05135569231112669,0.0006911124820925582
49264,-4.945654504658616,-11.122024454726409,4.335648535864739,1.2527954898695284,467.6534656140848,0.052603044240835395,0.0006911160912410238
49265,-6.12986794213845,-6.030557750443806,0.15859889498624702,1.0233123038706184,279.33440913278775,0.5479320859560479,0.000691235652469799
49266,-3.2197733386892686,-9.908856524011389,4.9652078343836825,1.1920112916892287,301.1562274063793,0.8537707841418616,0.0006913924781931132
49267,-5.161546850058667,-5.896698412848056,2.1202313658544196,0.812933595432104,468.21879671504223,0.04759454867402546,0.0006915719387574115
49268,-5.106177418507305,-11.380266808455838,4.268393451385284,3.2973558886606416,522.8575968999706,1.5012119643784478,0.000691633673935981
49269,-3.920570728956527,-7.38204605963829,0.3745827891410073,0.8748456733980265,199.31247510232865,0.42254159397155,0.0006917684217477814
49270,-4.119889792032248,-9.811452810167374,5.002361737417065,0.9644544851370106,467.9400995808824,0.6264281778037146,0.0006920868789569714
49271,-4.068884693610908,-6.529417663713339,1.7988273205685719,1.806073059354582,430.155344970006,0.05152827434405971,0.0006920881457670819
49272,-3.489962933249629,-11.373569946102267,4.227556834171116,0.8735644622329628,354.81835403110574,0.9537646226387073,0.0006921536475691145
49273,-3.786518681675039,-6.902093223855719,0.9343161936766348,0.8199575210206826,469.1881221945729,0.18000610962677133,0.0006924654668544279
49274,-5.283268689357895,-6.3400957487712875,1.3244941937202581,0.7823357056923885,146.02145704101798,0.1810550314527264,0.0006926009786532241
49275,-3.303649230336667,-6.444694039291851,2.0605538239837653,1.0926995784455056,467.1756150321712,0.8807069519395716,0.0006926099256472139
49276,-9.540772373247904,-6.6669041498981905,1.7454675497767922,0.6766007292649373,164.86264354947156,0.2864520201751217,0.0006927307490722628
49277,-8.277947708509956,-8.377188920922148,4.416363490988995,0.9737153483145948,249.85343783805553,0.49412201715377346,0.0006928922143478523
49278,-2.7865968144440023,-12.069577477088632,4.926247708437661,1.149719397976754,183.62926531106257,0.05721573974667038,0.000693136132274615
49279,-2.9454872792558344,-6.803264210523101,4.240086939950795,1.0644673526203228,276.4264753686074,1.310531974368783,0.0006931411014082832
49280,-3.8611037993625876,-6.525734197513789,4.927922115337233,3.8585789569606894,559.181143627922,0.946048825742869,0.0006931567829625776
49281,-9.460363190991925,-5.685359967749209,1.5815875216331885,1.5992288538446287,371.0319833916322,0.39211913889732397,0.0006933350803968518
49282,-5.7311504938614455,-5.1075046576166,3.8201801752586273,1.082374944865713,238.60384569406605,0.1189380562543576,0.0006934120502745678
49283,-5.457390962213796,-5.566447458264499,3.6464807370863244,1.8626302094765725,467.6483727661235,0.30437862125933357,0.0006934983753802208
49284,-7.450040751559232,-12.547444792720432,3.087767737142485,0.7565562036836115,152.64201665527227,0.10607964468765196,0.0006935242648497276
49285,-3.4288049127931775,-6.367490684729194,4.212198142944308,1.5162650090822145,345.4835708093887,0.5738448216139078,0.0006935899130015875
49286,-7.668205736029519,-12.286983480306363,2.520261963191719,1.514697812263202,339.42310814407057,0.015258709667317127,0.0006938119179772896
49287,-7.975050861921895,-10.271315669536785,2.4245529409652966,1.1517037795974192,203.67035754105518,0.10304418607630783,0.0006938246602194296
49288,-1.8956834726587086,-12.928880333497782,1.0553054954667982,2.1059749841450044,410.817617857173,1.1729179799864804,0.0006938387748575669
49289,-5.301474919455791,-5.626939458417473,2.7903423411091164,2.0834218299017193,410.2304243883229,0.8458306213857512,0.0006940801503415474
49290,-7.691852369485078,-10.409656286237578,3.2361075181147587,1.0552643070115437,207.54425389390585,0.03815737477272485,0.0006942385453709789
49291,-5.598785195347535,-5.089424674624658,3.1349986146371194,10.398331613868478,565.9975942860927,0.03523967701772257,0.0006942389829478749
49292,-4.974653292218382,-11.234143614226891,4.300028790349447,1.7969382843547002,467.85506880944257,0.12721319075983573,0.0006942426535090252
49293,-7.785288068448758,-10.959469029066073,0.3910657845295981,0.90257685097327,179.86142759833928,0.602477983239873,0.0006942468471495196
49294,-2.3155166650303265,-10.36914672746909,2.9543194628294365,1.0433981643426422,467.3875018763604,0.5486977892667007,0.0006943035950890059
49295,-9.905980441583447,-5.462124658509731,3.034679403826895,2.787790656566334,483.60222836311215,2.1637521532344453,0.0006943769884072704
49296,-5.549371217369617,-11.637172974676934,4.2295157580164,1.1232878716323702,289.6286644209283,0.9011662134787866,0.0006944085524791585
49297,-5.519338074540877,-6.004795484075737,1.297452074598103,1.8178139732215968,468.28860241729365,0.009193300091091317,0.0006945488456708537
49298,-1.9713090289493476,-10.594158869339672,1.032171976833959,1.704309538423636,469.8371127006016,0.13964296171552792,0.0006946704695676196
49299,-1.9680491853193356,-11.364302030425717,0.9295601597327884,1.6055547389334135,372.80723274461377,0.002529677660397134,0.0006946857559494454
49300,-4.74630807091326,-6.090778987838159,2.365605214359059,0.9634508292813878,468.1640373450894,0.5023586937893549,0.0006947037572810806
49301,-8.064389614144282,-10.131992776366257,2.1281284649824874,0.9813876914311578,254.17560274260288,1.1925694985137438,0.0006947952888467315
49302,-1.8771545229045294,-10.249244422581498,1.310611281663055,1.2093745331682932,285.4139418793201,0.479135177411254,0.0006948050755138601
49303,-3.4757093758299202,-6.52175601653845,4.864298094574631,1.2328882991364778,255.4806317451328,0.05533427392147683,0.0006948439749647432
49304,-6.8099972502211115,-10.839252285783077,4.215997084548806,0.7835095640293059,467.64469524610234,0.2755425670658669,0.00069484587398709
49305,-1.9025960806090119,-11.506347597286329,1.0589463501274172,0.8998749384582323,233.7844009443974,0.8890523170156266,0.0006948744079779156
49306,-3.9894396760004973,-6.874977905997832,0.9515621967518731,1.0108405515351322,179.68524348347916,0.43989401158916763,0.0006949376278870345
49307,-3.3677674816798984,-7.7385568297608724,0.036917391293687915,0.7161568672953132,429.69261711398417,0.32433475940308565,0.0006950425162888018
49308,-2.1992273772286257,-12.579492983046789,0.5102635216657467,1.8681040096311676,467.7858399151431,0.216836223338726,0.0006951284967364896
49309,-5.386136418930392,-5.5292115967139885,3.087199058657508,1.261464999645572,305.61095367019846,0.745092340377913,0.0006952215689343769
49310,-5.392638344625567,-5.664047284569954,2.2241610040173043,0.8654735613002997,129.6349681327888,0.196110502900245,0.0006952269083099137
49311,-4.552407346413116,-6.407077957118152,1.7480168370976632,1.5691786719789351,468.5766792507902,0.3509441431972542,0.0006952394909784344
49312,-3.6445113066071464,-6.963086754482024,0.8611579117187625,1.648083139353841,363.6189887798527,0.6602328075800195,0.000695311493264296
49313,-4.113277882520827,-6.201924689592756,3.3105430698965583,0.7760007173909911,469.14710880287623,0.20917966821619327,0.0006953883921570898
49314,-9.08754541208745,-6.104956974182774,5.038828069966202,0.8225501069451107,235.54921372971282,1.1494400956880115,0.0006954602367907189
49315,-3.457020746861426,-6.425330574885182,4.413558577642054,0.6379119662681138,136.77636755779335,0.22088503275494542,0.000695578005368283
49316,-6.298589860106016,-12.701884431611486,4.064227204061851,1.081211927992992,281.7508972059626,0.2720131541602333,0.0006955985535713631
49317,-5.862175762937325,-5.483825898977469,4.665954829422991,1.0536221658991844,279.67216229744815,1.5194109094862265,0.00069568924726683
49318,-4.633231604005378,-11.726568024021994,4.177184480826066,1.2447205527049294,272.2424614123088,0.7368815497727246,0.0006958536635660107
49319,-8.352156961918151,-8.307914968047804,4.372748021269561,0.9599312820068546,235.25259338397237,0.005298511388122762,0.0006958668465520286
49320,-9.096392072314803,-5.643156423824656,5.0007858572803805,1.8139612964462262,431.7345440272698,0.41581481113557217,0.0006959778727480388
49321,-2.2542422445733017,-12.921055438330114,0.38199933096283045,1.934497093259042,378.24132067307625,0.2970510949232361,0.0006960185635349974
49322,-4.771497219890851,-7.023140923909844,0.6182008305163071,1.7837389986806549,423.5347697453933,0.4629495597402906,0.000696175694844208
49323,-9.77378361020509,-6.801282513747367,3.27276005297471,0.8815717649549066,193.99247501953747,0.9674297230721187,0.0006963149982664264
49324,-5.646821909333913,-5.787536797721358,1.2995430778559716,1.847988885388731,442.20410113343866,0.30497218127131376,0.0006963374419891739
49325,-9.893327689493475,-6.135428074970926,2.6161079480286595,1.0732879765428098,285.3387647270151,1.6881489512259824,0.0006964143268412794
49326,-5.79846234839616,-5.488866554331353,1.0783647880114584,1.686545743453483,350.6361144366541,0.7744811132916363,0.0006964843206638752
49327,-2.746023426023763,-7.041106248489311,2.9730483274673007,1.780581202926471,468.0475158820724,0.5835018289223823,0.0006965914929064743
49328,-3.699908346794639,-9.770444010390712,5.0252676894609625,1.0787103925529655,289.62252220534475,0.9493839703257185,0.0006968598487696651
49329,-7.983405556787063,-10.658741567872687,0.5924811883914378,1.1321277764203836,255.33588394106616,0.77406707890432,0.0006971743274345257
49330,-2.419661224521711,-10.869597520242449,4.6156721300200285,1.60024697211789,374.56866237894934,0.8494644383271934,0.0006972333318874134
49331,-6.5451138147193815,-11.199182852643505,4.2288272873735515,1.3516549199053236,465.7590963186598,0.6113683352757286,0.0006972537270569507
49332,-2.1890721892059055,-9.195174194698719,0.846563040995043,1.9028384631784379,468.95675936576663,0.6026116815290639,0.0006972815843235567
49333,-5.711267222288671,-12.896000753338432,4.08663159310796,1.317147761765117,286.21578162370974,0.12893146783274823,0.000697330932747065
49334,-7.861490442166287,-10.853628678136229,2.3225904930151877,1.4930403350886592,339.7704825096545,0.05789114727633038,0.0006974141829218272
49335,-2.167730794352246,-9.54253852945082,0.7895887801464941,1.1631349057031437,370.6347205602688,0.5363997467791242,0.0006975301146520677
49336,-6.7953717435257355,-10.540526715426253,0.05458098195360418,2.4806601771035486,456.11403553163615,2.371187507500289,0.0006975947620808611
49337,-3.0525574102668864,-10.630044209429768,4.70108022462616,0.9927268414071341,260.31340843246676,1.1688347194440185,0.0006976025194343249
49338,-3.827028981352206,-6.670350240878822,1.5307958525883627,0.7460423511735117,150.02009793531687,0.066165814479346,0.0006976372161356599
49339,-4.707706056734136,-6.416665320479147,1.6540438003044409,7.238083056898752,584.2905293332374,0.07317209442658434,0.0006978429860121711
49340,-3.240547471827883,-6.289968833781124,3.2864700225656343,0.7871104652919694,156.2950645316355,0.3612421134112802,0.0006979623547326288
49341,-6.848140089567176,-12.55613591483562,3.845976675465618,1.4059368010347935,191.4409599495621,0.1478816389507971,0.0006979699378383633
49342,-9.329939752013784,-5.7095305678199955,4.581733095260226,0.9675884948225537,467.4729897163787,0.554808954833601,0.0006981599276075914
49343,-5.2929131033152865,-6.292231582511223,1.0932869446724154,3.3360516402000915,470.8488932054791,0.18592446392878603,0.0006984849467377589
49344,-4.805993451121663,-6.05089051201924,3.3100902437534705,1.3988915837477696,326.6204229219855,0.9734272880654204,0.0006984883001322135
49345,-5.528864013661668,-5.4704528448198015,3.6545003012132415,0.8525073237898515,209.73392140457577,0.060940575535524566,0.0006986225476567194
49346,-7.7890712140041085,-11.524502597217996,1.0984536268207084,1.8847303212925615,467.72870346317444,0.44515361614434035,0.0006986307348558407
49347,-5.304819811592384,-6.173711640250818,1.2126312020714674,0.9132570912739865,470.1276544148404,0.19544547199099593,0.0006993136037356147
49348,-4.168154845817816,-6.91846454753286,0.8774168421579366,3.377521278352063,528.89731964052,1.4991911283524635,0.0006996308090871991
49349,-2.779148608306663,-7.009975940066687,2.04007860647878,0.6453814696713278,158.7607983967096,0.214575408630874,0.0006996815670723198
49350,-4.724465214849625,-6.975211176112994,0.6648458784414998,0.59772093877509,128.87925373583317,0.13668312794786086,0.0006998868664398372
49351,-4.4946416378123475,-6.230597874840893,2.205411525384544,1.0941568674327067,257.4453359624841,0.2873536456774799,0.0006998975508507241
49352,-2.5040533385590997,-7.998055049660039,3.1084561751843247,1.0715839070970388,282.4122548067934,0.7497736864820395,0.0006999850829009161
49353,-7.62231781724159,-9.115486626895267,0.19559097827688174,0.6629954017995723,467.0437263254533,0.41886259582080587,0.0007001151575969612
49354,-3.318874581262401,-10.474412184201775,4.560811380253583,1.0289239937636654,151.8145908818734,0.2653413481466691,0.0007001348483982459
49355,-3.0029296335910285,-7.62474288935357,0.36585460361054956,1.8643810201146591,448.0314613527072,0.25761265266475597,0.0007001876446465176
49356,-9.22916511141253,-7.699875097177557,3.3466753490303547,0.8632296462393741,167.4195530528187,0.028690144564605724,0.000700193218414072
49357,-9.322976157779724,-5.131992150823733,4.546796571106618,0.8407121557939164,225.4552849049062,1.1080130016896117,0.0007003658248775007
49358,-9.325138196612398,-6.673800730912133,4.476057899916654,2.4561262511053155,447.50438815662716,1.1817863706914498,0.0007003956192606739
49359,-5.579051108112531,-5.278026627725651,2.836570382251675,1.23329712267589,310.493576816781,0.6740189512227142,0.0007004656212788218
49360,-5.481691368642158,-5.460320884267983,2.2279593139875273,0.917976475873458,238.0233732987625,0.7797756003995291,0.0007006003499434729
49361,-4.5677606463491225,-9.724245839002577,5.080761645158715,1.0295080771878833,274.628314058786,1.8607897312369568,0.0007006677370704447
49362,-4.41200194884108,-6.278641592004165,2.159198358345178,0.504857999755362,130.99019281478346,0.8589363018006706,0.0007007503624213867
49363,-4.66255977288201,-6.132114955635838,2.453604611098237,1.9013453532644067,468.4220999205021,0.2967559063541785,0.0007009675194825645
49364,-4.759324851182667,-6.048162895958902,2.586343777135954,1.033202073027782,242.66208737064164,0.08123305994349383,0.0007009712054155767
49365,-5.475803011499283,-12.274524964506327,4.131154127747505,1.1095688306425007,285.907587780627,0.8647140449063517,0.000701031892105856
49366,-5.495225008214091,-5.66421614855434,3.988172283077261,0.8387985110558517,467.9028552342073,0.25223752703069824,0.0007010403893585979
49367,-5.906668674107825,-5.244102100861061,4.508489734837747,0.7842238782955353,186.41753558180736,0.9417458697301067,0.0007010903872940682
49368,-6.9864370314864015,-11.730401102705263,3.8373073617532913,0.9743322942583788,192.63006094819303,0.08021457137351362,0.0007011119753187015
49369,-7.4200169020042335,-11.614492266669163,3.2927727891753222,0.9333786327633569,173.28209987246652,0.255467819441054,0.0007011335456003389
49370,-6.752230274409238,-10.490197013484817,4.4027305978533,1.1574340940477479,255.04499067265712,0.16361999692504714,0.0007012321979412482
49371,-2.3287748076520396,-8.746401538267374,2.2152705074659407,1.7514419008183761,467.6331587878634,0.9261872269516376,0.0007012903564507191
49372,-5.887527261282787,-5.140765754808891,0.9717620543957283,1.8977613628261218,468.6626745093977,0.5268487576908862,0.0007013667359065238
49373,-1.8570132438974003,-12.654372298439846,0.9347208096264309,1.303707337194374,277.4670217970531,0.06088716566606145,0.0007013693957614247
49374,-2.4569919094793855,-9.358519933351499,4.484407640615867,1.8488308939771314,441.66990267388,0.5804398760488443,0.000701441923174674
49375,-2.382751203803421,-8.349102596667077,2.166131456104534,0.7056008974580014,195.26615527486098,1.1264329423718955,0.0007015063108851935
49376,-3.8226534594918373,-11.65666737114584,4.171053674239764,0.7791075504625481,233.27582242083488,0.7640433851057287,0.000701557008158797
49377,-3.4542583021800777,-11.850268545808957,4.1280905124092895,3.4001235411120145,525.9207844304321,0.912343818252106,0.0007018117281740235
49378,-2.385736535915333,-8.469223915244282,2.572731454075793,0.7347866143267323,186.8787385137275,0.3235564758687204,0.0007019127061814399
49379,-3.7236292737268775,-6.244427602763837,3.240378733111393,1.090426693672498,290.4515683150124,0.5288285405010624,0.0007019162018778251
49380,-8.994409483089415,-8.003518328052456,3.3153401051862312,1.520081101518011,348.31430575171356,0.3791681076157447,0.0007019631479127761
49381,-3.8234791569420237,-10.06533650402395,4.8022006468452485,1.8663452961122675,447.1312840502961,0.6039582587813292,0.0007019871883327775
49382,-4.823422909425247,-6.03577047122714,2.5165692429653204,5.506072314525586,561.3660175928072,0.13594532130762627,0.0007020223414122342
49383,-6.330009728553417,-11.965532616868128,4.130505982307134,1.2606888519903137,313.8113560417603,1.1637999282608016,0.000702042560796724
49384,-5.384440066185726,-11.384046525845337,4.274483399790844,1.07439307367848,278.5554711612196,1.282633855918344,0.0007023273186087032
49385,-7.064695148469922,-11.753097202537168,3.7561365781666494,0.5305582446415362,162.9901444406169,1.0998482408970878,0.0007023831103186923
49386,-9.636491882418595,-5.208681212475468,3.917218383670968,1.3624627145631485,324.6635744574219,1.6224155438405203,0.0007025688954546115
49387,-9.833849501177403,-6.444741976960579,2.42509297734999,2.3593329834454826,421.2711004182618,0.5341722023736741,0.0007026155953681252
49388,-3.4125510964097536,-12.320990812723911,4.066906679241734,1.0425432894119757,255.35386470749748,1.205710557656161,0.0007026717063315385
49389,-7.120410440607547,-12.091635524192377,3.6427665812625265,1.7572610242199764,468.122328604156,0.7434070343262311,0.0007028038508974685
49390,-6.060186406086967,-5.0738187333530025,4.784001612674908,1.152003804139906,238.6072589835007,0.028350610107055196,0.0007028685491856901
49391,-3.0237796533393837,-6.714060674280703,1.5148031036252143,5.627425860784502,566.0491267989731,0.12834568415150738,0.0007028688382570906
49392,-2.9946286032552614,-12.18240907930273,4.381777801089296,1.373117815132098,467.98933231606026,0.4252120849475407,0.0007029825970580547
49393,-2.9994102365177504,-6.574230588718654,2.7251674318923467,0.8623016722207294,468.16351174662697,0.5657671391059331,0.0007029872693012293
49394,-4.059146349710617,-11.455681695696658,4.213355077380405,1.0723204123318895,135.62664004554728,0.3249850213606811,0.0007030717907495987
49395,-3.741567875468772,-9.872073043471387,4.9414253384442395,1.8120427020247447,379.3816747963563,1.4174953104512493,0.0007031551433496877
49396,-8.147973081515476,-9.329477030180739,3.14951688570328,1.2212071009834458,305.383125432725,1.7913033847386428,0.0007033097911916844
49397,-7.1233621872349815,-10.793453134449106,3.96295597003124,1.1406613771685363,468.4733052178287,0.6595180377667429,0.0007033907309702439
49398,-7.287552035957048,-10.78379837576728,3.766966583965663,1.3458854121087704,469.76941351633707,0.24160843609455096,0.0007034535205222988
49399,-3.5802784607808267,-6.569034357189749,1.8009851028146175,1.1986241350705147,468.27961117256314,0.6094391630330254,0.0007034626858053889
49400,-2.8074024075743518,-10.936481582182084,5.142621952276772,1.0296739786730704,252.94457877199278,1.1223756013558965,0.0007035088292092504
49401,-5.574700160331702,-5.347491927577952,3.348046568713781,0.9787820878357338,468.0228691841916,0.9152447044204797,0.0007036996094108933
49402,-2.2231119090987805,-9.88806527359853,1.947218086578254,1.8935031473119817,468.2803829092518,0.292485481595949,0.0007037059714343689
49403,-5.161361602673212,-11.667833168014699,4.204079067262346,0.6664481063393374,468.5164813410045,0.4415582916770884,0.0007037099892353683
49404,-9.414660878562643,-5.698660605181852,1.4953993428254009,1.6832810839845982,469.41531424401774,0.18072474778179526,0.0007038051663889857
49405,-3.3422970587151344,-12.043501543891654,4.105640051515103,2.1859348501797253,205.54236564880978,0.27692991694793,0.0007038065353723388
49406,-5.613106440209922,-5.3987666707385,1.9304163814244915,1.7590473080979947,415.02207365073616,0.4484826056930862,0.0007038241286829569
49407,-8.331973813978212,-9.07378172525429,2.991118097529185,1.0351461038064573,204.90746743049567,0.01612164439782493,0.0007038389421813915
49408,-6.997911065391637,-9.897934846563826,4.6002296270670975,1.8976292414791012,468.8818174782644,0.6416139225613566,0.0007038555802444116
49409,-5.623230472047515,-5.283090277617683,3.5951656205150035,1.8709762037465623,468.95280997730663,0.6395663788411836,0.000703932821738229
49410,-6.579020642554958,-11.347276616593575,4.17281718642712,2.3776893766685534,424.69588296392504,0.32360110863633906,0.0007040084336117416
49411,-9.708792136000305,-5.046380234265925,3.7351746569926543,0.7877754778123424,233.4114870713207,1.3066098424631267,0.0007041019924342137
49412,-9.616464722914388,-7.1350823873660945,2.1574733524073055,1.9246239074945215,193.99076188325756,0.3084475570676064,0.0007041260562825102
49413,-4.885151291052759,-6.005308550819055,2.5177698176871837,1.8458856054999557,442.0585339485832,0.33351338127618124,0.0007043008521346904
49414,-3.7684600815515594,-7.574953678858781,0.20358868797118018,1.2073486550299992,290.69106395663374,0.47615832626735255,0.0007043071336801796
49415,-6.045877572833372,-11.550348648614825,4.236495914481222,2.7266013249858445,472.71970029330595,1.143370649490552,0.0007043362611434854
49416,-4.146383736143282,-6.258652583421598,2.7380312364406634,1.451761014593099,467.6742380202203,0.41775343002364895,0.0007044272385615721
49417,-8.469051899935607,-5.4043085382362595,0.2233178165823457,1.0001453251180008,252.53282725975842,0.32870437780488526,0.0007045787892022328
49418,-5.290940388197404,-11.249023083708694,4.3043806608497235,0.9717443282692549,258.9781368532588,1.1683347715899428,0.0007046507094996787
49419,-7.76868386048089,-11.908685795168417,0.4912517380172969,1.1312228611655897,286.2503832251179,1.3797854466687953,0.0007046568734347027
49420,-2.5182811001461243,-7.77796854262675,2.525909826771916,1.4107374356288422,318.5030801065607,0.8497270958061511,0.000704697395333565
49421,-4.0761954636279025,-11.081187239211506,4.31254680998078,1.7606584263132694,468.46123219913505,0.6183693457903487,0.0007049658292584838
49422,-3.864484857927536,-12.888638239732993,4.0309561274349495,1.7543992235781314,469.77415860280945,0.14015306144219952,0.0007050889116344043
49423,-2.3525683724000315,-9.784715351169062,3.2974616213705823,1.6611198874554975,390.16897954724385,0.4865935928651437,0.0007051066682291909
49424,-5.098798414423877,-11.066065497689138,4.351139909067408,1.976770958183954,384.65662553404326,0.56395240238058,0.0007051508885018442
49425,-4.351327417693245,-11.451956198197605,4.219630935251563,1.1208713504545083,468.0875088348024,0.7235770739917209,0.0007053073315124334
49426,-2.213005592921454,-9.259115494784691,1.6558566461003532,0.9257048375393492,244.27881635657008,0.15416684281360293,0.0007053270191928894
49427,-4.291802961687505,-10.623157625365133,4.492898570069938,0.8665408996599158,218.16297982077316,0.12232917370330476,0.0007055592041826544
49428,-8.985485959400096,-5.490156859378449,5.179606147263008,0.970983909607581,237.9531128864948,0.5568047751444762,0.000705603846783139
49429,-2.0065091537271407,-10.203088948554985,1.0317048268969047,1.5218221890161434,468.40142646609405,0.7661193295584736,0.0007057068145615423
49430,-3.740012372561986,-6.250129274066663,3.298479000605864,1.1561160581947902,253.10340507061423,0.05647031288805504,0.0007058764734863893
49431,-5.949585290880201,-5.336994226527823,0.8071068816861134,0.7795249555010332,204.92966792052994,0.8509961102960881,0.0007060461164139719
49432,-4.7822234080361,-6.030410488511555,2.666305556153184,1.245175679521298,311.32543631082086,0.410303577404596,0.0007062108829438618
49433,-2.424731723166368,-8.107197290736611,2.0595236960766417,1.4343692579174536,464.51010096517086,0.6298971909410715,0.0007064382113151529
49434,-4.266040066347646,-11.646564201438851,4.176402962242298,1.6075034004848583,468.11372322233836,0.2389576758931975,0.0007065320343042415
49435,-2.761397038157634,-7.029195077969137,3.274225647402387,1.0456038184418388,276.01898559438933,1.7783926567377222,0.0007065591361678451
49436,-5.865242808807253,-5.117390054285276,1.2605004491318617,1.0364163668319186,266.1669224489224,1.3045585205271681,0.0007066226964537071
49437,-8.001664373142956,-10.371961824036099,2.0705089185367935,1.0946824736401302,466.6611870033601,0.5741810274666506,0.0007066475389845071
49438,-1.961840552389443,-9.687379428061368,1.0071076100815342,0.7014208040057542,442.51285312928803,0.3797289245586315,0.000706870730418538
49439,-5.677053822875041,-11.9742032907083,4.167888749847285,2.4314926655106905,396.2142972280155,0.17379043147397422,0.0007071379451885772
49440,-9.822167536715957,-6.101331659053922,2.30974608975061,1.149125508358684,467.2301363662028,0.44588621236859094,0.0007072169432198849
49441,-7.78114811327158,-10.848575113660175,2.668659473557337,1.0728432102043648,468.11839959596375,0.741033611138934,0.0007073568752928685
49442,-7.665195862527071,-10.93065706810443,2.9795957519048373,1.88154725102063,453.24814563964725,0.08797066431704437,0.0007074008574497021
49443,-6.074428700321203,-10.1697906584412,4.778062105717541,8.09610827065026,745.1176975989218,0.40068167756845785,0.0007074580450448005
49444,-3.0383073173222277,-6.526836094673007,3.3492126949422083,1.73865595112029,411.36253949126876,0.3656463594246553,0.0007078477096031218
49445,-3.9709568501630743,-12.155965553248425,4.0948510098715385,1.0094340508605868,216.8442646801435,0.24878790624611824,0.000707903934872251
49446,-2.2241223326628647,-11.267244730954518,2.052014920817684,0.9698088825360207,258.534537692687,0.5750616094188725,0.000708005446328066
49447,-2.169107044974341,-9.802513695952769,0.7366342920034956,1.0688234913515977,468.27081390619503,0.2918415733987141,0.0007080559769290867
49448,-4.140308307377576,-11.638719216937673,4.175671717815779,1.2336768966554044,310.6650899079149,0.6375335343662103,0.0007080936138053351
49449,-5.897075109050956,-12.580149266256004,4.102886524789941,1.6774276197583886,366.20010057811197,1.9088832676245122,0.0007081337982315638
49450,-5.373246610296075,-5.543432008471832,3.019458953929817,0.985611200960639,193.12896839206303,0.35135959333412004,0.0007082351212690313
49451,-9.307394423207723,-7.553800304089603,3.4487390750429356,0.9888212901288113,468.21960101102053,0.8900231967850205,0.0007083065487105511
49452,-4.803407143244167,-6.263955651025964,4.492592711348,1.3898240105038684,325.8701937757551,1.2657102376597722,0.0007083204563507648
49453,-4.662913312399781,-11.353267719299504,4.24924462115377,1.4909498980750115,347.3478775889894,1.0843307666311643,0.0007085490630630221
49454,-4.587465685653501,-6.602141317526506,1.2184023964200388,1.511136061099301,337.89074484324135,0.47697662378955297,0.0007085554354446509
49455,-9.270482296800884,-5.685539703252847,4.678775400975836,1.0503209425986157,207.33778338157964,0.23853264601152002,0.0007085790768652212
49456,-5.623665820950039,-10.802218805097151,4.460845364923133,0.9786471360847462,243.25843885191506,0.4999354774185685,0.0007086165517024842
49457,-5.369097154076934,-5.631497857394378,2.715700293758875,3.0703404855134937,454.8808258759478,0.13969506756029926,0.000708683653066185
49458,-3.054233504171263,-7.908696334621913,0.08812971044403498,1.7670882735463944,468.2175191888515,0.882500327277346,0.0007087582630393909
49459,-1.8613923162680042,-12.74759355317489,1.0269406386140099,0.7841644727060064,234.11152771784776,0.29902483471217156,0.0007090573625731992
49460,-4.992667105710623,-6.008752060108889,3.5610452250706253,0.7321266552697242,338.59227934890356,0.2943046474728961,0.0007091159972310572
49461,-7.378855497985794,-12.148790706696923,3.263137636092892,1.0944503130928986,468.4584061238547,0.010919122092000855,0.0007091911910740728
49462,-5.297201877320915,-5.92549405912324,4.1067060309674455,2.2125538987202535,401.71555167452703,0.49959264474689213,0.0007092531135013354
49463,-5.204742758515818,-6.376669148259012,1.0993039782477856,6.066556309928369,522.5276426685214,0.04434922834821897,0.0007092611989110868
49464,-3.2487143144552615,-6.697564004271325,1.522233025142395,1.8761019307192734,467.96223517361676,0.28225168723913985,0.0007095636429657277
49465,-2.8800720902533383,-6.84159819897794,1.4640814375757265,1.144232522984228,293.473798326698,0.932941362665475,0.000709719464264712
49466,-9.366842842728445,-6.449464175548833,4.466859146067876,1.8517469772032655,292.892597611142,0.529297067108514,0.0007099122895465966
49467,-1.9011604821057855,-10.914321489877473,1.0585072136083389,1.193870099795794,271.38976534419425,0.10085361124733971,0.0007100915285665014
49468,-2.054260454682126,-9.148399998304908,1.2778044255003929,0.8243137169534358,467.980979731376,0.5400913795486684,0.0007101304962655294
49469,-2.669915961397173,-7.883121379031407,0.34358221331631145,1.087783515204239,468.3495068004927,0.5171386638548352,0.0007103144062965598
49470,-2.4203847219333428,-8.15824718039138,2.224420683666847,1.0416029543590655,249.2996611268145,0.6590955640556784,0.0007104381351372394
49471,-5.344886801606636,-5.990860218124442,4.406898733720943,0.8820215915580383,175.90300316524826,0.18186818050398834,0.0007104461084806711
49472,-5.330996843314963,-5.619259921252691,2.461920786011162,1.1937764747039823,302.2481875454618,0.7627001813741874,0.0007105282624738467
49473,-4.842957447090887,-12.932146072741105,4.0497414388756185,1.1877415833703513,245.9115938404851,0.18772165392381712,0.0007106495716030864
49474,-4.851122068516792,-6.492554158069955,1.4871451955043076,0.8337937192342958,175.9414685664092,0.25834748761885873,0.0007106846766902061
49475,-9.906955764603842,-5.490997213742286,2.7019358518825,0.9096036936711679,469.5791111072921,0.15456733760288444,0.000710811969183182
49476,-4.36536731634645,-6.173282572440774,2.831272639414922,1.5067288767896698,340.0584867740882,1.3394925691769037,0.0007108643290638612
49477,-2.9725467471769464,-10.35172417338952,5.000077663089432,1.877107208174178,467.7314254287226,0.07087651821947283,0.0007108689119343384
49478,-5.354986062955581,-5.702262189811329,2.5432428796532305,1.185567931977838,467.1520560588174,0.2525678016987518,0.0007109537962605401
49479,-7.909860448442862,-10.964146098716498,1.0416134788540559,2.251216426885152,432.3995225726926,1.9263296074299783,0.0007110835528044334
49480,-3.003823234572071,-12.3942882817249,4.337427145299256,1.5997330091213067,369.8223557346638,0.180723022127113,0.0007111075395698206
49481,-3.2515157647823916,-6.278992129784804,2.9788162695910922,4.742292630136363,248.55271703812613,0.40642004922467656,0.0007111777320267492
49482,-9.160977165722082,-6.3967175890686185,4.8663701583070305,0.8705645337046027,238.09387032407952,0.6613218879372136,0.0007111988102648277
49483,-5.697008821918766,-12.47077527900537,4.110704525717682,1.2996332569654012,304.8188832796366,0.30504801339250154,0.0007115710128918083
49484,-5.548316141462092,-5.68795241025274,4.133565067057838,1.8537697528853654,444.86829486727834,0.1728427564832229,0.0007117743445884967
49485,-2.323846823837986,-9.76869462215598,2.9178638998958357,0.793516354620891,470.09326572163866,0.1183259816261879,0.0007117902564298279
49486,-4.821877622639498,-10.782238068034532,4.438378325445325,0.7291436724211889,467.2933124044406,0.3098615129478208,0.000711848494290996
49487,-3.8832943871108325,-6.436371935367844,4.540305874847861,1.2956343587270376,319.79417728981093,0.4530474998672558,0.0007119563769357788
49488,-8.592148377868156,-8.997162551803846,1.075328822692642,1.6871080037603061,361.107540673496,1.120967637761244,0.0007119627380351236
49489,-1.927899105797236,-11.565854501776203,1.1747771553230497,1.3692297636469242,331.26983975550615,0.3069082034402735,0.000712011512834528
49490,-5.1032511675473495,-6.2372640471784,4.737522355967531,0.7395982979879693,467.68560794331677,0.2623331722248272,0.0007120501777572516
49491,-7.876788933491122,-10.148419256280318,2.929187005295456,3.387796520226398,518.4618740346613,0.579409508484134,0.0007120986823914995
49492,-2.0355088337561087,-10.6690477343332,0.8462541016444552,0.9649166140848215,269.18127001002546,1.02023993199564,0.0007121073443930996
49493,-3.022000469948077,-7.837253180313055,0.15440729988531615,1.9391116335486591,199.56446455181404,0.34005839047761555,0.0007122512286472239
49494,-6.63147840260003,-12.156790220770521,4.003349252822017,3.7227876395695447,535.9282666063153,0.36907355834273403,0.0007122836730110085
49495,-7.620609022886588,-12.902187323788594,2.5812582614925255,0.9427463131533642,248.3459332903759,1.0926538025811485,0.0007123837922903111
49496,-5.699604056368625,-5.651359802993113,1.1130582487953566,5.005253756916718,438.3461244926503,0.025568040601721798,0.0007125123869338843
49497,-5.673693893141446,-11.774984868102258,4.195664207278332,0.9794009505520035,271.7147912118041,1.5087313918831784,0.0007126144279797337
49498,-8.21373352373291,-8.243523024678279,4.746316929581208,0.868830879487992,467.4520379534206,0.4062381101495225,0.0007127969330221795
49499,-3.358073899402209,-6.731418948795537,1.3864566721972733,1.3699218680502612,464.1645864152904,0.6921722144026186,0.000712806843337958
49500,-3.609286720515171,-11.018643950161257,4.320343833215401,0.8984963590544852,182.39478882281017,0.704410421020083,0.0007128818032083871
49501,-3.555565037968641,-6.805151311286581,1.1884448755422365,0.8661714388949575,242.2876977836955,0.7977117418955233,0.0007129652189827955
49502,-7.278985762639733,-12.162350654715091,3.4216421768199496,1.1264251719796918,342.1588181337393,0.6473679758509725,0.0007132990132293455
49503,-2.6478248837277905,-7.358382906296018,3.0298083165191394,1.8927269624953174,458.26882518060563,0.21568050321533594,0.0007134263497408657
49504,-2.7214436227194057,-7.402116568884944,0.5732662226556984,1.634670394248229,380.5092821313526,0.8453384311736665,0.0007134323646655133
49505,-3.5319635780020784,-10.426362807482182,4.572338638743479,1.7573336948745613,375.7332046909205,1.6638932364420613,0.0007134616407059576
49506,-6.826327841295582,-10.661923503650835,4.26886555994491,0.6187372973686555,130.97890752826626,0.13957183336926438,0.0007135020333299704
49507,-2.435526240713547,-8.266630033943912,2.81279115992548,0.6586463733204849,467.5959176926257,0.44694118517720494,0.000713516479199416
49508,-3.5170924085497415,-11.467795482986013,4.193054473540301,0.9094127224090118,467.1838624047867,0.5882598518219524,0.0007137779265264407
49509,-4.929639406371646,-5.9480365553217105,2.9082913289345145,1.2577889930188966,296.958873846286,0.2931973290093488,0.0007140418449929475
49510,-4.069121023722074,-6.822190937948157,1.0409944550481556,0.8778538670161367,467.69038364422687,0.30039924926272743,0.0007141436086842139
49511,-3.3403977424840257,-12.888253529293415,4.018639729265953,1.677147885852524,467.88203933528354,0.42994534917850924,0.0007142692235782806
49512,-7.247383681533361,-9.101974606842239,5.1123337033513065,0.9263318720663611,184.49654250545024,0.3502218454893766,0.0007143165925355192
49513,-4.300629605533387,-12.274329036817754,4.080394506472927,1.9076281277301765,468.6529463914661,0.49416347345372014,0.0007144081682476645
49514,-5.4326068595134815,-11.02644158924065,4.371110654308607,1.8856273099706622,468.10814602430537,0.3393834432832188,0.000714536066912741
49515,-9.233348474500458,-7.838797557112086,2.816058255894928,0.9684273858192963,468.587759052611,0.6328632377801888,0.0007145397739932764
49516,-9.635820951449324,-6.65490420501377,3.813458491136289,0.7903283766351394,169.74495608593804,0.9398414556134398,0.000714619186645815
49517,-5.1599807193917675,-11.526073928591378,4.224747109850763,0.5962340061593214,173.78177666605225,0.19395448185373532,0.0007146596987331961
49518,-1.9696311271408558,-9.970018197196978,1.3007208763624727,1.861352661072515,383.12995362975965,1.1256745504114454,0.0007146937768340993
49519,-6.389851651164051,-10.282175464941147,4.653978291928762,1.052275638003314,209.894503602294,0.19361016056105473,0.0007147317006141106
49520,-5.7035443459195605,-5.244660915429333,1.7944727254193087,0.9087198842695936,244.05072395510595,1.215347519070666,0.0007147643807008089
49521,-7.710941376280871,-9.714450447367216,3.76216968086287,1.2101025412357629,305.42501444599,0.37508904617831273,0.0007149340943230911
49522,-3.2604495537299982,-7.3874077943850995,0.45802090390113986,0.7123447052563984,142.71174538003498,0.14600698474591933,0.000715003889906424
49523,-4.189948469177709,-10.015808978928193,4.836702500633708,1.4790140911743273,339.6809028306984,0.8086581187610564,0.0007150160699175375
49524,-7.638028326953858,-12.526275872575162,2.5606497899293816,1.4772031986035212,346.0968612336657,0.31371666949411914,0.0007150344711676493
49525,-5.228994195900429,-5.740698936420465,2.6900612087816063,1.6312179375981437,360.9585754251063,1.7113399763389312,0.0007151349872583744
49526,-5.664439300499048,-7.249333065274001,0.005168922628030021,1.753520060290081,376.7508838030582,1.8416467897344733,0.0007151458880648131
49527,-5.164835625858743,-10.428272045348486,4.61385933801048,1.0471968588348455,280.43433110644315,1.459188330333924,0.000715225353119722
49528,-2.6696121986733914,-7.82456088950475,0.3780499181936444,2.184163621758415,411.6624868424313,0.6806388196870126,0.0007153491823744256
49529,-2.31737379158184,-9.886476289847858,2.9145976124791733,0.9289012812758839,207.75756453100462,0.22194665922543866,0.0007153832120898386
49530,-6.153293906022892,-11.091314976776218,4.339298713147008,0.8229371581647469,458.19673321393077,0.07847132757713471,0.0007153898061312018
49531,-3.617787716471099,-6.297180814909734,3.248674867036812,1.101744334569948,229.10583440645,0.16295241556826578,0.0007154019954454654
49532,-9.322262692183733,-6.786619406637564,4.409109946802641,0.727185072050549,432.2775545293657,0.39270528506358016,0.0007154440371236414
49533,-5.668894222220956,-5.161033860593877,2.0789880458953744,1.0597480956602066,210.99143647239666,0.21371856233874809,0.0007155438358871179
49534,-9.829224357967473,-6.621360824988075,2.5547163463135147,2.8307435994096206,435.08738606571467,0.13674340650312544,0.0007157614454525896
49535,-6.610311740733587,-10.78064993419657,4.333486001011205,1.9518132368653682,194.56371917180957,0.2387562647709922,0.0007157619748856761
49536,-3.1098929938642303,-9.758645524611365,5.185332296871534,0.5413541389580683,115.33209491775898,0.838451130545419,0.0007157651874852145
49537,-5.217665183468746,-5.83752999165831,2.1702632369773074,1.2176168046866274,266.453468446812,0.5473161460117639,0.0007157934612665734
49538,-4.043894111169903,-11.592952864913526,4.178788092096904,0.9214418690851514,180.67385556975785,0.4845040080819851,0.0007158152290422869
49539,-3.130337206529303,-12.873069678588996,4.12864104508803,2.0362966377637197,402.7935692863474,1.119780468459222,0.0007158476743440334
49540,-5.859076240560132,-5.441226753198359,0.9389082626101252,1.0026144227049527,234.4883307875104,0.30766776408604013,0.0007158740284322406
49541,-9.897574015658522,-6.154811808288363,3.0618329713169583,1.3728727714873386,468.7781627206338,0.22224444200315485,0.000716142656410824
49542,-9.907614869076486,-5.78394142417762,2.939528635502216,1.157231956105122,172.9150038559089,0.08475692391260026,0.000716381647649977
49543,-5.808074625254751,-5.2232216074409985,1.641466377784993,1.1317012138859281,220.0770694900407,0.03486583341524074,0.0007163854184943822
49544,-6.330827278937897,-11.983733786159785,4.117901030827472,2.6508422828048572,468.7637528304931,1.4966153074470965,0.0007165830395361356
49545,-6.009361531933278,-5.536737339533361,0.5867666313741492,0.9654136981725463,245.1839835316781,0.3448659305288686,0.0007166325966397997
49546,-4.358546886981703,-6.462516217327552,1.8508185424567452,1.722061732928918,470.0973736864251,0.23074081422322745,0.0007167946482426414
49547,-9.117342475436367,-7.846429155954973,3.313058997035557,1.6554708721186409,389.34763146670724,0.5912745345011867,0.0007168886013663575
49548,-2.6580811804502407,-7.183582175949351,1.290330994447593,1.809504037176778,431.3104193060162,0.347803066311692,0.0007169370769687953
49549,-6.897688316610342,-11.551070545712356,3.937015636440911,3.5837174784896684,533.6164700779548,0.4398634522804583,0.0007170336655712464
49550,-2.332607657890774,-12.740147886385682,3.2592211025170577,1.2876233943382323,287.7369776157556,0.6806386437494227,0.000717081009254753
49551,-8.191649977787575,-7.818421619395424,0.27973595963407866,1.1918841136624783,217.3442563056702,0.06713154192287885,0.0007171333139930645
49552,-3.918453100637347,-6.575433095696755,1.6662163478066567,0.8522435215068805,467.7659411440695,0.24318461692687166,0.0007171860869526513
49553,-4.82815206039466,-12.288046211492173,4.0941122883125045,0.9879186063176035,467.73228761342574,0.5924348338979666,0.0007172170943127367
49554,-9.24984052693156,-5.3473873486668735,4.6837906762549855,1.0719476146189446,231.0466643615069,0.9442463773572207,0.0007173191750782321
49555,-3.081885812551377,-12.857534364595944,4.186707590208497,1.2745575848762674,312.9713537949909,1.6522912179529774,0.0007173698826510467
49556,-5.4361734754958215,-5.443649922662899,2.6234852681149388,1.889082031894253,361.1341280074526,0.4645824907530347,0.0007174919548546574
49557,-9.453377046624695,-5.281280795625142,4.291194865148175,1.016605376990642,467.9094995838787,0.1753256864367998,0.000717492422533876
49558,-2.5276291016423693,-7.6985069630949585,2.3176527014410704,0.8147860898763185,194.82724831729914,0.5224109287882621,0.0007175164319112139
49559,-6.423289945128439,-12.25111689286971,4.063721715450262,1.2637707263676117,305.38749319536765,0.41180185829570704,0.0007176077950462593
49560,-9.404204798925619,-7.432495654420831,3.4086136560700226,1.8489836891814997,443.74526440360796,0.2426323115217892,0.0007176700832711943
49561,-5.039248404430134,-6.2215549690423835,1.7376812979392735,1.8615556653094627,468.07941010882007,0.6604005543347311,0.0007178483397480738
49562,-5.7241214242797875,-5.994881355964453,0.8330649085971302,2.418143751890017,447.4139144279898,1.6055541360728922,0.0007178613760222653
49563,-4.923473470003161,-6.042438153878195,3.5032075214557317,1.0737145653241693,467.0132358756454,0.6168593909510101,0.0007182743684502925
49564,-1.9496129943313285,-10.950167899988944,1.2966206966401606,1.0511213111413806,226.40623180987095,0.6804123272624718,0.000718607180567234
49565,-5.067550564222959,-11.494971004825691,4.22537196755125,0.9171571483335105,256.520544101237,1.418190525724854,0.0007187192157418721
49566,-4.521677393382493,-7.108385177128358,0.6296434192891519,0.9203336943713137,236.2021879019262,1.4504045103213592,0.0007188260698978382
49567,-2.773927690311158,-12.336919789367673,4.929216195623624,4.175952330543143,569.9506014354007,0.3267368456066828,0.0007188391302800441
49568,-7.422466486436235,-11.893500072887674,3.2182113995987516,1.188620154252547,301.7072160345416,0.5735148128902123,0.0007188498125167724
49569,-7.8251759230038065,-11.148549984679065,1.4515269845124728,1.8470589963758832,469.63308693681074,0.16814045815162615,0.0007188545607265551
49570,-3.913738075559868,-12.627592901582274,4.040222854845865,2.827330319430279,483.6953840509928,1.3497474381050134,0.0007190246553043897
49571,-2.9341352134542937,-6.797806695654962,1.2242129021297123,1.2704458560740908,132.94372732341893,0.35723624669896203,0.0007191849029044536
49572,-5.580203146037116,-10.454871636654675,4.612185971631838,1.7927561007231594,438.56394599821533,0.4074156591316642,0.0007192905934761284
49573,-2.2986633514307933,-10.27963038436164,2.7377167754364695,1.0594657655914543,270.99102050259,0.9186690915725082,0.0007196320980395747
49574,-3.7162511509827674,-12.700092900248679,4.0293029399538325,1.6525070927017638,385.3019988873298,0.03240238142602525,0.0007197211034143553
49575,-9.890161399057094,-6.327957720943133,2.9082086973487455,1.3565125810099394,468.5115402160797,0.6598331293032862,0.0007197613072769775
49576,-2.080993696073623,-12.705551531943968,1.469406339578795,0.8018219765735076,467.6319973071927,0.046734308024570126,0.0007197957116306286
49577,-4.824884073296898,-6.065256944247638,3.4023399189318373,3.4549253478362747,408.6528863167678,0.0400381630215616,0.0007200035082422159
49578,-9.34093358898576,-7.612679628256692,1.8178406619350875,1.7468181135729761,421.9348396174471,0.2275280757160978,0.0007201020275539975
49579,-7.682633942265993,-12.213690524906493,1.4411309449354983,0.9387299923074834,468.56372426184373,0.5429377047702904,0.0007201733396946445
49580,-6.283735399377914,-5.953999828693912,0.01648074960542743,1.12654627804233,293.18500130361906,1.0121108705402717,0.0007203962202749434
49581,-9.837522873680546,-6.052810187659155,3.386754474624915,0.7604910743216532,153.97612764289215,0.9333583750094894,0.0007204447346945004
49582,-8.826932559990027,-8.475750612369872,1.2130712387066105,1.327387231148247,284.63214422541796,0.34698163105004287,0.0007206364055559423
49583,-1.9302067953569875,-10.797257107415469,1.1978274905682498,1.8984604312235733,459.51485648176623,0.3438302021969326,0.0007206952717289209
49584,-9.662396211377258,-6.651165322687122,3.735788106946938,0.9127462370517254,467.8874304727471,0.28034567439681446,0.0007207860715729773
49585,-2.491852568098035,-9.30650540297775,4.913414559864698,1.527648916531633,353.5410002493554,0.6722100091276655,0.000720837398052167
49586,-7.820788326632561,-11.300930180668024,2.096192195702601,0.8758407553671856,335.14840167282904,0.5112343826235088,0.0007208416062242435
49587,-2.3579641753722065,-10.275629397226982,3.414341684479434,3.1253320712060577,508.75822914702724,1.3786382607852454,0.0007208464575390043
49588,-9.783233814149153,-6.875904082545914,2.6903626932133218,1.837726916458634,439.86296507618306,0.2174307165839604,0.0007209653174966452
49589,-3.332690897160173,-6.285845969146293,2.8211722007861293,2.721536319854506,475.0690939112202,1.485392597657131,0.0007209923843100142
49590,-6.070234496455301,-5.3811355878918,5.022052043759717,1.670994667742511,392.8431477585898,0.40622105445468293,0.0007210007989429434
49591,-5.566668277178523,-5.1998244155220545,2.552041752493627,1.1191705669800864,468.12693332887125,0.7457524427407858,0.0007211678494968121
49592,-9.123489395748688,-8.052146163333248,2.047230763163619,2.0868220255167507,381.36775220758847,0.35162563980507056,0.0007211774959776704
49593,-4.79454766998832,-6.08559257936039,3.463993469751035,0.9916091834366136,263.2830964074673,1.6709838925877438,0.0007213590243367098
49594,-5.201950006252695,-6.86999128757744,0.6110781234530261,1.8648444729660811,468.60812962814134,0.2893918625432885,0.0007213772707857989
49595,-5.781441760753578,-6.496473917154979,0.42930434702041365,3.2299091734111207,518.181438269182,1.6469291916497308,0.0007215679494131562
49596,-7.267634145637668,-12.609098824011248,3.384222493130469,1.0017166817620842,265.22711047910616,1.003752334107057,0.0007217762210048902
49597,-7.84386951370206,-11.182234784683674,2.0331234503042226,1.6297941495559913,346.5816520008751,0.5204415402134277,0.0007217916328263866
49598,-2.1437383262901646,-10.589659654414977,0.6612305366709609,4.39635545448312,583.8219929509969,0.4257853728130856,0.0007221933644347407
49599,-4.233122981534429,-12.85796363774971,4.029043040652941,1.0385946916918485,264.83310785888534,1.236064935527203,0.0007224580334512325
49600,-3.209075849143195,-6.418945134304039,2.255356950704853,1.219273139355531,290.91966010360704,0.157990435908121,0.0007224750167434733
49601,-5.735286313687665,-5.817583279372278,4.809046543185656,2.8002036442809968,479.5809162141302,1.108201701986796,0.0007224782046881905
49602,-8.238289672461484,-9.217608460940552,3.0259517977934642,1.7607321138759797,416.16302298726976,0.5860043787761198,0.000722650033647159
49603,-4.550371541716782,-12.01776489666982,4.116716409926455,0.9639570721011553,192.6420597063614,0.8003539032277898,0.0007226530413794454
49604,-3.62344414918703,-10.515094661498246,4.5176801596225244,1.6161699963505047,328.21857368614974,0.46929554542696206,0.0007227229178603065
49605,-3.3187978196204355,-9.593407171023822,5.165376907093121,1.5676671916290732,468.7480140120047,0.26114859301135507,0.0007227396712147107
49606,-5.690191957682902,-5.616376680585349,4.3536341066190705,1.3640887531216985,358.832444104905,0.0667195709112649,0.0007229609140765605
49607,-2.2477830638530722,-10.977089849385285,2.3316639830776276,1.0845487360660722,280.9308950311088,1.7429656280668064,0.000722978887277581
49608,-4.160563212696121,-6.394259378877335,4.484237152890357,8.703883536480811,592.3743716780776,0.05836249135693361,0.0007230349149929354
49609,-5.618963181943719,-5.109516977307665,3.1190971232689964,1.181621216771192,469.3824151431804,0.17669661853599727,0.0007231341744193579
49610,-9.234909412190044,-7.129577393692354,4.288226780517293,1.1532559721521456,467.51184583489334,0.4141515421893276,0.0007231968375230369
49611,-3.15942756335704,-7.09582974466448,0.7823899335272531,1.0427280438897675,467.19345863781695,0.9287837521233806,0.0007232093214125768
49612,-3.7517097351422013,-6.36051515775581,4.075591987696923,0.6779663146736298,179.27721523728252,0.7173620308029482,0.000723227690955408
49613,-2.2012341793175585,-12.988751782796493,1.8740181576207477,1.7069411212151087,403.5670290696285,0.5963123120740921,0.0007233237709757215
49614,-6.126172348837471,-10.616265044057625,4.518518563871019,9.748024472611956,781.7251643795956,0.34515860739807636,0.0007233542013200519
49615,-3.122060246004268,-10.223157038947205,4.8205033079651365,1.5061720532799319,468.73055456786284,0.8312726371714261,0.000723582739536832
49616,-1.8323739389107185,-12.806935137858504,1.1822129986004064,1.188242067745946,467.3101806883905,0.33460042636734055,0.0007236151921408286
49617,-5.310134989939086,-6.082960353095879,1.7606224437395988,1.6288984357576697,379.51195130177814,0.01948769185208654,0.0007236578244057556
49618,-5.565457783594134,-5.688787428847316,1.8767689566131318,0.9826561928457257,196.39365822031053,0.9736585139936862,0.0007236993118912158
49619,-3.914947766567755,-6.239443437019674,3.1015523611193156,1.0048319212145103,275.7578708788376,1.646575861011053,0.0007238788617772592
49620,-2.3835321029870595,-8.249398861495255,0.9543684698352258,1.5716115752326185,364.46875640245037,0.20277872336018632,0.0007238898017980222
49621,-3.332510154557694,-9.940571713288161,4.873632060705756,1.797351081775217,470.2140375392421,0.1199988285181659,0.0007239117605342126
49622,-9.132764973782516,-5.8501975223567255,0.6539236612079697,2.0473102659368854,324.4689125776963,0.04509780950828279,0.0007239515742078359
49623,-5.388279029400761,-5.86022539586902,4.13146177975028,0.8776920870979933,214.43494692236737,0.6289141060939372,0.0007240100163286337
49624,-7.749725633129989,-12.508769638097183,0.9506189952381757,1.1312858056564572,466.9415926739682,0.6189119556243377,0.0007241619008661461
49625,-5.306547508821674,-5.687605890182997,3.1458680142464575,1.137855997622872,467.35192892357185,0.33892233491903667,0.0007241966472556261
49626,-9.141929594914714,-7.548639728957404,1.0373171965209163,1.1319402656381052,279.4905274438718,1.3198387220571872,0.0007242686493603417
49627,-5.599779501794462,-5.186615389043636,3.192539376478567,2.2190039680178644,414.72724359454503,0.7065891165615801,0.0007245066283941183
49628,-6.339693630865677,-11.832448711643588,4.135326690679922,2.5426692292897433,459.6236268118677,1.680888640141263,0.0007246207058425108
49629,-4.2996523055111115,-6.2541208896501805,3.784729144976779,2.3907509843640713,439.6015460312986,1.0718826320686388,0.0007247308031760824
49630,-3.8595372355638267,-11.329856738191568,4.226960754716436,1.9347463658704647,396.7950298329033,1.833230576197015,0.0007247367790918418
49631,-5.674448137819069,-5.085951260888575,2.8636928843520844,1.6837984332488158,391.6682495238299,0.1390134545448598,0.0007248686027319251
49632,-5.758268033228268,-5.207150251882715,1.8065097308978562,0.7731448884003387,212.44106839851355,0.5191330136129748,0.0007248885606539148
49633,-4.4181890784191165,-6.478856735909887,1.7326704118282692,2.584946116148026,465.9779464046899,2.399261777374428,0.0007251068739507154
49634,-3.6854011076557214,-6.300307050125553,2.5442037606596513,0.9201499116263813,468.036745774485,0.10812875641706388,0.0007251134777169078
49635,-9.528248261618211,-6.594751649836849,1.7345291598923447,0.9800183321143461,468.03716545705663,0.9219303759619351,0.0007251216926151931
49636,-8.505120778925061,-8.195908450396733,4.201715160160427,1.117115991451626,468.3209703675206,0.5061420334373308,0.0007252244499861956
49637,-5.446485105887994,-10.234035939059972,4.730480479737556,1.1355420392893534,228.04439996781272,0.6562149912046795,0.0007252739355514296
49638,-7.41808552449418,-9.95467572215418,4.059837143574902,1.8381341104780489,468.02725219286157,0.4866361175328322,0.0007253133147508788
49639,-4.196655704755163,-6.537091526660026,4.962104992979432,1.078560375095837,213.528684501333,0.2732974677090434,0.0007254509859822462
49640,-2.866513067330713,-6.903151677402456,1.9184629948330272,0.9447667231805549,468.3943102690755,0.5672910051379434,0.0007255160028184081
49641,-4.654216585575426,-11.91993842741966,4.128997549055569,1.2141301472071175,467.481815843457,0.20897889279156434,0.0007255338472907352
49642,-3.79123695861884,-12.280289431803961,4.0634156747295185,2.257561285163402,430.91017182614786,1.4926629195958112,0.0007255440358862079
49643,-2.4521721402853567,-8.02693741406085,1.948507969809662,2.4130734517361483,446.9430474760083,1.6320477018769397,0.0007255509343612276
49644,-4.066256209008663,-6.262076222531456,3.0512015396076135,1.12850470926846,290.7670349499522,1.2785660322235826,0.0007256323398013431
49645,-4.3537789597292775,-6.21486269997763,3.541956001803749,1.7745510429226423,368.22538258347674,0.8225920382377847,0.0007256814988422306
49646,-5.248256826169762,-5.7660786892994285,2.3455598547298586,0.7209795130660569,189.50626449608902,0.8819030884745329,0.0007257080356520259
49647,-3.2739554926078593,-6.584160595024629,1.752001398221371,0.7761853195127981,469.8601763510776,0.19072131196740294,0.0007257132125662575
49648,-5.532385065253217,-5.429743267049408,3.3054656979364125,1.610273268931101,376.1139308540878,0.474328592114154,0.0007257157186477082
49649,-5.959575613939315,-5.086434196778534,0.8699830695555836,4.160385854136078,246.19805718686248,0.40215199447724626,0.000725780324536534
49650,-7.287313697352644,-9.85841440065814,4.313951259578283,0.6847972460891572,433.5119468127496,0.3939510677163005,0.0007263646163193762
49651,-9.713936930575324,-6.5797050593602355,2.1011299640013785,1.817870203018963,467.53325578901644,0.9287735235583954,0.0007263838276418625
49652,-5.455084772002532,-6.975889187069296,0.32538804961477147,2.4912502676132617,452.0043551200489,1.2936172514480102,0.0007266400510422076
49653,-4.54583221273896,-7.550392895791777,0.14393891050811294,1.36011376459003,325.3827835801785,0.22849110768651482,0.0007267462608664538
49654,-4.71179631440859,-7.410233970111232,0.27381343285875676,1.3295690460359595,319.67480617402066,1.741169961789967,0.000726746328076777
49655,-9.858589259483681,-5.26896855108232,2.4626631774264234,1.617619911627359,356.3947417007166,1.4526010202558313,0.0007267765259548303
49656,-8.262683409758445,-9.81081038424604,0.9291546763294227,0.8166346610575147,221.39716969252953,1.0243932554878397,0.0007267804526918216
49657,-2.99025339320965,-7.0393556094654075,0.918598744088007,1.8485210090383029,441.8867708538164,0.06755082525484468,0.0007268607450017484
49658,-9.883894577502526,-5.108879008599339,3.0671390819412503,1.2894928346498666,319.25841538086104,0.48580953949699257,0.0007271021970540816
49659,-2.358495650373234,-12.20885810991526,3.8363981414759962,1.6982805209436467,467.82504858415285,0.2870499921072671,0.0007273724055507751
49660,-2.4776030483125613,-8.975435633355378,4.440632444740135,0.8573352605057829,468.3117764756537,0.502718087794606,0.000727572644615457
49661,-2.252253245549557,-10.266788855052187,2.2940830241632737,1.3481408877155543,323.041488480533,1.7637977195211612,0.0007278034802380602
49662,-3.489197238844385,-6.290465578812735,3.2501173399772387,1.3670575392598114,323.12176686114424,1.7296772238883724,0.0007278239099834603
49663,-5.596470585658287,-5.183495549271589,2.5812323653837694,3.123329137517845,497.17320846335065,0.6110169196020303,0.0007279808292692878
49664,-9.844921864736026,-6.592935584159918,2.666775281233313,1.0366280542207305,467.84226760981625,0.01585726730684467,0.0007280302763873953
49665,-2.505996660465808,-7.78942528091932,1.7638290455392958,1.3000068748890923,287.74925731723016,0.05263281500971484,0.000728129007277584
49666,-6.737603276462726,-10.99826596058363,4.184366910344524,1.3225410325456748,284.8887468432927,0.295959885840273,0.0007282359035635687
49667,-5.552073654258873,-11.732815132511297,4.189186149388409,0.8407282473189349,468.51898317825214,0.1774804298261694,0.0007285193356725588
49668,-1.8537895859287303,-10.899881787487772,1.15665027460082,1.337167800491173,325.78075042263936,1.0287758704206027,0.0007285485376521418
49669,-5.967985029407722,-5.346289749388449,0.8088211167122294,0.9793769903962717,194.95879174107333,0.6219699353163923,0.000728556189564827
49670,-2.2517823162956763,-12.153702879741234,0.4739589640230051,0.918647866130878,467.75901527329665,0.7550668367186066,0.0007286851180364997
49671,-7.780698290917977,-11.266597181816595,2.3731186718208144,1.1260220104588092,403.14150011379166,0.3370841146153296,0.0007287467046371733
49672,-7.682752873417296,-10.390620421320985,3.2457623934496804,1.1184542951921668,467.2361952750547,0.43178729550595474,0.0007288134266958644
49673,-5.124704962050871,-6.171369194870617,1.9380908220183923,1.886978806238832,467.3641230348364,0.2510462806344469,0.0007290039008241257
49674,-4.2384873316287495,-10.013407597807355,4.831840363711686,1.7879828169352139,468.5876787758792,0.6136164434113462,0.0007290121162176232
49675,-4.444888310146672,-9.99503652139974,4.850622863538149,1.0236087058710015,278.8771864668219,1.9436075524453473,0.0007290598948325991
49676,-3.7044968696207414,-6.488955539952387,1.9468417209927058,1.8664102809818077,461.18904961607836,0.16731686731162565,0.0007290902672287123
49677,-6.724473621770507,-10.470931728972174,4.412903995744743,0.897817741305251,467.49759733449105,0.673978155414134,0.0007291363779376926
49678,-3.2017465235180644,-6.325310761493552,2.882922381767898,1.2839905918514463,311.8541419529541,0.21359255958461176,0.0007291367508469458
49679,-7.018889498352621,-11.137361527682506,3.932270734674751,1.6595799251454362,393.0201623283016,0.1733467863159346,0.000729201733323985
49680,-6.0348386032226875,-5.534160931991645,0.5701942866700486,0.7505863527602403,153.88394014021569,0.12230705331870784,0.0007292402244422882
49681,-6.5356404978939056,-9.701797154726354,5.022243107104244,1.3024262152116175,308.2848120332762,0.2744911723424961,0.0007293534611234213
49682,-2.2066405730283183,-11.108253979950218,0.48490127262547056,1.048463829263137,468.35576617503796,0.488706860324843,0.0007296539318432225
49683,-2.8273414474440024,-10.760577670722917,5.150544590879177,1.2241641523694373,264.11402207278627,0.8919197076500671,0.0007298735204024428
49684,-7.830590766100476,-11.795412093522183,0.6014961456972882,0.5354134145011791,144.2355345707288,0.3521804736091516,0.0007300340181365254
49685,-9.811557844386796,-5.167123327760982,2.27884981246435,0.9859358359088439,200.2322517937648,0.3274485852874589,0.000730158708772588
49686,-8.310785557434334,-9.654795325318561,1.0295904997695513,12.0546502117707,711.1415584434184,0.13999060343152703,0.0007301751677188904
49687,-1.906775158163505,-12.751824428584763,1.190656045408685,1.0879919906132896,228.50865132255385,0.4874902525259719,0.0007301965542860065
49688,-5.47189183350093,-5.414381248359475,2.539892241913081,1.8128607968252897,432.19968103694276,0.4315758494017663,0.0007302442178103358
49689,-4.857517331186423,-6.3314307143598105,1.7903588752236574,0.8309629154096754,223.94994227210458,0.3403804483710582,0.0007302640347692924
49690,-3.281435507317939,-6.347083872801385,2.455668559562682,1.1115229132863702,286.39227169051986,1.2048598934170602,0.0007303178634467755
49691,-5.015509110877138,-6.030257705446401,3.7903341818723475,1.3459399871424766,467.87096300122306,0.5474151426693581,0.0007304097946934348
49692,-8.96730061483061,-5.00807668597588,0.453394532656245,0.7303014665778721,169.74596385818603,0.44123639324553654,0.0007304795969345029
49693,-2.6773286156115894,-7.29802831056322,3.18732968063357,1.426253708517807,317.3020756955946,0.5996884463234382,0.0007305557286925024
49694,-7.6000324938749415,-12.813543881392258,2.640078154908008,0.7998196444829176,187.79625741408455,1.025919913428889,0.0007308080544347461
49695,-2.344879310185685,-8.678926672941202,2.300783036287805,0.8824778453893067,178.55113979469283,0.2037964441630331,0.0007308555778125059
49696,-9.826717113503,-6.04461182210595,3.4151932957951012,1.1377173341902886,295.0523342626982,1.0731140805990966,0.0007309015354399226
49697,-2.982770401047855,-6.687920610844442,2.129493221075126,2.0910586279615955,414.70879962625617,1.7909528517961872,0.0007311163977177668
49698,-3.012968721737991,-11.522883649195709,4.436517861753333,1.0429963046224235,273.5021960829718,1.7408135152643807,0.0007312275504552482
49699,-5.173666821709425,-7.348444018384166,0.20099947871600796,1.3883847240859435,469.8745625194039,0.07535455814253922,0.0007313069187653981
49700,-4.943064096046129,-6.530972397238047,1.2581673326787441,1.0675620382343465,389.92243771725657,0.3119631600931241,0.0007313931087903613
49701,-7.700321623309672,-12.562391744651505,0.4419437998158517,0.9245697445856083,242.18617064205725,0.7706967759644208,0.0007314001427319233
49702,-5.246042396288733,-7.443538325977699,0.042715194070697016,3.0592354554985532,502.59189887667975,1.2265733670987853,0.0007316509629410877
49703,-5.0762691581703185,-11.144934339930094,4.309339827857108,1.4639926107832073,326.7538091842845,0.4911593239174996,0.00073166610042606
49704,-2.646867908947695,-7.404708744131099,0.8011144880509651,1.6987250334883812,342.4769549184477,0.5438774915602442,0.0007318359712348884
49705,-1.993274639638642,-10.375880019427248,0.9933140726206733,1.260083969562917,278.5806869375153,0.2741051849558138,0.0007318460887803129
49706,-5.530639553458836,-5.327782136515045,3.0936945763885375,1.841739539189424,446.2867658033453,0.8861404313421994,0.0007319163110758803
49707,-2.89122998441386,-12.814179521443014,4.546504738141836,0.7739480168154502,196.66527389883169,0.3312054082197564,0.0007320570143327465
49708,-9.26688394288227,-6.922465123276212,4.407910799115753,0.8220802937070524,162.7116150700603,0.09682905031980749,0.0007320776502386896
49709,-4.8332288195769255,-6.2599072707772185,2.0019805386426897,0.9583872912534072,467.6208243446035,0.5849707463066656,0.0007322824007001678
49710,-6.762948963282424,-12.021108292963456,3.9391135908742387,1.1947151821342958,255.03844652604326,0.4395299958212142,0.0007323920131166202
49711,-4.129167353449069,-6.849991658147116,1.077648077867656,0.8619132342260472,223.29469623091848,0.7291354902903722,0.0007326478951406871
49712,-4.406636067291608,-10.006615751369285,4.839163886779873,1.6292823862620442,468.4665654371311,0.6582341837656775,0.0007327585972475103
49713,-2.3461046946305375,-12.64864218510904,3.5220579899853797,1.047451253527424,271.9768121367459,0.32554445795518827,0.0007328572668297926
49714,-5.591464282259266,-6.220450297132498,0.8539156628375405,0.7119986013997195,202.39085512441656,0.26807382218829545,0.0007332461076791341
49715,-6.489132621377929,-10.812196597846674,4.357240142821993,1.2352359641789719,256.79004635420483,0.9407895403520241,0.000733251127155985
49716,-1.8949157112348534,-12.560490725758577,1.1998555695572686,1.5264504131390928,275.8184100383787,0.059708222317561344,0.0007333444505416836
49717,-9.825580139837488,-6.42858561058228,3.317412019063476,0.9782808976912167,258.61466100500456,0.35147226770571915,0.0007334580290909047
49718,-3.337440807467945,-6.6753674203105255,1.5570551356518363,1.711614665122194,467.88203802568,0.3359299035303911,0.0007335055454580848
49719,-3.8741622835578546,-12.857018143187705,4.011826592549604,0.8682761126256807,231.03393597717573,1.0338138934507368,0.0007336983644711988
49720,-5.934872843740991,-5.228797121316357,0.8893796473823697,1.0888125439575327,281.59339247759436,1.1657446736771284,0.000733729686563274
49721,-5.527701551038176,-10.630571438688492,4.517498308442381,1.7525196860364438,415.7200363618986,0.47114221675051393,0.0007337864313851901
49722,-8.12668265600035,-10.24191548210391,0.8660884281038245,1.8940868529137243,468.4186841698416,0.5847254564848194,0.0007339158529879109
49723,-4.689862240020238,-11.345381843477996,4.238398151655145,1.6865385494636722,396.30770491755885,0.965722482947422,0.0007341145051546731
49724,-3.342156335369477,-10.54775895743565,4.498907644864842,1.0572330124570162,284.9519370735902,0.4662926361954254,0.0007342881959002952
49725,-4.588043065782658,-9.992093894087207,4.854411959279423,1.7117672554455048,465.5589787312435,0.4419799186750417,0.0007343652867270767
49726,-3.9958606625988757,-6.294794085351956,2.4565490943551254,0.5902563006236766,132.75265664617675,0.24688674764462082,0.0007349460844661063
49727,-4.236658938500812,-11.077427923092536,4.299917615040297,1.4092219560689923,467.8329820976406,0.053697777323887586,0.0007349951049131855
49728,-9.587521095551265,-7.092314277909965,3.463483809360925,2.2617454251148024,427.84875079617586,1.019844107297641,0.0007351342367324007
49729,-9.85167518614524,-5.982602409422202,3.3071789479179428,1.1496338918407765,294.36417529544275,1.1322548864830244,0.0007351929397434509
49730,-3.268027596206217,-7.57249374104659,0.29357384155706706,1.182482869527189,302.32584871503406,1.6439513991854096,0.000735305952382244
49731,-7.810863708750436,-11.139939147921593,2.2927040070217477,0.7743389484302671,154.2628989654977,0.26698979452069427,0.0007353794892737445
49732,-6.938596862424786,-11.216436011794336,3.975125661971912,3.1407877289852393,431.10926490255986,0.12364096858725748,0.0007353795230116436
49733,-5.94245058383681,-10.089599230322108,4.824159427083402,1.616026073846926,467.76160427026684,0.12967376430955913,0.0007354135303612587
49734,-4.435846125565726,-6.171578392251634,3.072269640138347,0.8648670996233604,470.29173496127754,0.023596940527512267,0.0007354139428257155
49735,-7.9003354215395944,-9.646896331978457,3.391610671674196,0.7926202966629857,144.80768913268525,0.2247615066040991,0.0007354596443248448
49736,-6.256827935722198,-12.095682376142094,4.106913530761544,2.3106444341438688,438.8955021083267,2.160162143468031,0.0007355083562220342
49737,-2.4010016097969347,-10.26056081786341,4.091370189648745,3.4957004410135917,536.8257224919184,1.3405829538052254,0.0007355609633660336
49738,-4.025756626908734,-6.310454658858061,2.4702100731036505,0.754868237534855,446.53008943836966,0.29750359025250894,0.0007355801226325097
49739,-2.510098276872843,-7.884086758826884,2.797045004002933,2.1930089044423844,417.7644178225008,0.4848746531682453,0.0007358985893293175
49740,-7.7992276781154715,-12.007516774956551,0.5676622455893704,0.975492035854258,231.90514711576594,0.7575575822349796,0.0007359067393107206
49741,-3.584057715131711,-7.4750595301240175,0.3043842146772688,0.9266618583001476,469.54526832716857,0.13087280164786197,0.0007359184712361766
49742,-5.592111108313037,-5.189028266594304,3.0465123212777168,1.7689519841561707,363.03589061917285,0.7556976673792315,0.0007359393584027095
49743,-2.130649159431721,-11.341079492881121,0.6780213480580004,0.4898314944721797,136.08824793317376,0.8720520553402418,0.0007360141973398737
49744,-3.1969903472262367,-6.778153473232873,1.2517076220559524,1.7346905442646838,468.73670391351214,0.9119508128903044,0.0007361330171970128
49745,-7.599365283942699,-9.781031300205868,3.899820635948893,7.252486103737068,684.9772805409435,0.21701438722901845,0.0007363867788789304
49746,-5.555941216894368,-5.910011164580139,1.5785755104873445,1.0096512222549192,272.7864635535614,1.2959975207039571,0.0007364501386277293
49747,-3.5914311541966457,-9.848716742751211,4.939061793439108,1.6461810802330281,267.81094275862387,0.08681221166465303,0.0007366048833526999
49748,-8.081083017527048,-6.393637614306848,0.12180312586700229,1.8306598877992117,468.0298473884662,0.2573906230048397,0.0007366227847004442
49749,-1.952471998564441,-12.780561194866344,0.931584141617415,1.9581463634687668,398.3615819300161,1.6413647558457907,0.0007366706926322385
49750,-8.924612009325513,-7.931366189448919,3.674786945761727,0.7951513352392708,159.97804394732393,1.0449311915059205,0.0007368490164811539
49751,-7.709469534474135,-12.851217016626567,1.0073475999031387,1.857420792043411,446.9080300106371,0.17198565923413955,0.0007372890849578229
49752,-4.034911018000168,-9.686295478308056,5.073578421149347,1.2962986617756511,468.27118950752117,0.20093555588357415,0.000737305441534158
49753,-4.566340304496035,-6.174257181873262,2.6878188381154575,1.0197815425085008,202.55034682394106,0.9316298907363736,0.0007374130582688192
49754,-5.571658329094634,-5.461407916795239,2.2353618915058706,0.9489615950129854,195.93062816402443,0.16039061161060442,0.000737450649862374
49755,-6.354763459568251,-12.998972543069845,4.009281986090562,1.6055744213264185,370.392023945043,0.5004425503759267,0.0007375640088242787
49756,-5.886747847130086,-5.5694305712575485,4.708636193749625,1.7648196453528364,417.12173186429027,0.5654442968020197,0.0007375969483286439
49757,-1.9487181900875772,-12.410928618335646,1.3475948727711615,1.4934896248264273,164.01291201267836,0.41266092108247676,0.0007377211834017928
49758,-9.666719673635797,-6.577266580425796,3.7457564804270587,3.0230926472539705,501.2861299469479,1.5408422847453611,0.0007378108271695152
49759,-7.586690367273149,-12.151324495246671,2.771000941726782,1.1138784874067864,466.95108298561655,0.6095212334906472,0.0007380132382979963
49760,-5.251868283302415,-5.840266732273259,3.5505571335814485,1.2524165211795117,302.17917327125093,0.4508028942035498,0.0007381006930880997
49761,-2.396084887749624,-8.14260639121505,1.5157441069477584,1.7359804016987603,408.6743387025624,0.5864680356119321,0.0007382518336904136
49762,-3.746714509923782,-6.503533431074086,4.672585850016721,1.233893895139489,236.8122995291013,0.014968835390207325,0.0007382729004471991
49763,-9.478928060020431,-7.350785926420343,3.3151889697019556,1.5986498869239576,468.1396032014663,0.617439654397165,0.0007383212232593578
49764,-5.264489090696339,-5.784952764808618,2.692308659578286,1.3730377240942722,325.81896724764465,1.5296345498175112,0.0007384303247719352
49765,-6.0965920654155,-6.324380985652371,0.13327382962357875,1.1527813930582569,286.89437991857704,1.0162361038415346,0.0007385320107160781
49766,-4.7689792371047925,-6.455283727931662,5.034005914561168,2.6909533775252816,472.58214842389015,1.4409819801927446,0.000738547075973058
49767,-5.580148241361798,-5.412861065813261,2.320579846674457,0.5363772762727216,151.886377463238,1.2469363010368122,0.0007385680270364009
49768,-9.869433884537262,-5.887028031072918,3.1963755229467234,1.3885775295539637,326.9673407503918,0.5235213786110782,0.0007386780932082285
49769,-5.378119716107312,-5.812492968235257,2.1196383354002073,0.8323536074056422,236.43306912854803,0.9147159592360294,0.0007386875715228239
49770,-5.062302065947072,-6.406870666972398,5.140000509126533,1.3910883471737376,332.25448991803034,0.2724312752115159,0.0007387146576076441
49771,-5.606444252711251,-5.813460927774076,1.4713651414328859,1.2110254243424272,267.4067545742375,0.011098643115634133,0.000738725636043253
49772,-9.597735468755937,-6.973229239133309,3.6020659633506376,1.1146498756881893,467.91816181639905,0.7998087036661348,0.0007388105375548566
49773,-7.760183716329308,-10.9615450693003,2.6421361821651375,0.7780790996315508,470.1454259617669,0.20132966119960738,0.0007388386879157551
49774,-4.951936860651952,-5.998773837398709,2.589165870920755,0.7867751433253848,159.96230314465822,0.08019950930795527,0.0007391596416152927
49775,-3.9403920528223697,-12.313405403977235,4.053468314606776,1.6514874868231544,360.4558396458677,1.1474301445210866,0.0007392901747729538
49776,-3.78806675613553,-7.524095883917118,0.24278294601834552,2.931500875956262,480.74221764221977,0.4595622423593211,0.0007393509092150784
49777,-4.319185344291652,-7.398440062983433,0.3280893784765051,1.4075079267712092,317.4883218924318,0.2569975445514636,0.0007393811351106921
49778,-4.871835169066289,-7.373913940989734,0.2821312797442191,1.1002908414482546,287.3611246347965,1.1254970522881544,0.0007393828921893477
49779,-3.047125489445416,-6.784880407283841,1.3769184446023741,4.055232981602325,560.474298064251,0.40335129972502415,0.0007393971453270928
49780,-5.2610615382018295,-7.379048949393875,0.1210561073886801,1.1296612849972028,196.51410649125032,0.45992009060749695,0.0007394190406725652
49781,-7.907654224322996,-9.13146256314067,4.026964543689688,1.0075174112796788,467.98140209551093,0.492732516808438,0.0007394222624710511
49782,-4.128057143580676,-10.531651665394104,4.5123445713681845,0.9343664364812244,197.9449490965667,0.10021671764142326,0.0007394478272036335
49783,-5.451542638172848,-5.801101128788598,1.8914433860617048,0.7242792704325277,263.6949987274717,0.42275055824297336,0.0007399734506675162
49784,-8.07202759705663,-9.219218280948322,3.5121804851500196,0.6963564270284637,467.6725680211936,0.468137727731742,0.0007402944976348342
49785,-5.175163142676722,-12.285752995787066,4.096720643372646,0.9990649579146303,272.9866291544847,1.450885848194818,0.0007403209920802213
49786,-2.8758358071441847,-7.103757541944731,4.7560989353670005,0.9877867572320317,467.82764469013205,0.6889740924204775,0.0007404956631522834
49787,-5.126830125647622,-10.83387267574077,4.413607857264225,0.8467413764282058,467.3840714519891,0.33646648482618513,0.0007408825847316286
49788,-7.261302164901368,-9.557670302068777,4.603578004831782,1.744989951920264,468.42795382061416,0.6058706285719948,0.0007409317078301404
49789,-5.733041667748592,-5.659066166617579,1.1349716320888328,1.8796433105677235,469.822671851239,0.08990629103254477,0.0007409454185537387
49790,-7.364510302346272,-10.774355394412208,0.23377798364701474,1.1723069615118538,298.5478355208298,1.4892324867942692,0.0007410719303316418
49791,-8.846104279345075,-7.802057873870516,4.124462351197946,1.0785138059677575,281.21918841948315,1.1586496672818996,0.0007412067830638052
49792,-7.0377608365777835,-9.67196834901954,4.732339433712162,0.7838704398283021,460.33847162031435,0.3027160298525402,0.0007412095937556553
49793,-2.239160469478186,-9.666720422294194,2.1249857868215587,1.5963798877872692,338.09072757681946,0.3731392267392559,0.0007414546197737121
49794,-3.691078287338067,-6.4517781762093325,4.534312185960478,1.8591916033877733,466.66421809409235,0.12604076744734627,0.0007415530969561709
49795,-5.737000961986263,-5.7637147189248985,1.0580232393907374,0.8975096577616742,193.62490431452235,1.1006570795348374,0.0007415883139228317
49796,-3.608416316459575,-9.833226206556407,4.948655328410033,1.1275777841529422,408.2112803663402,0.6209995886425448,0.0007418559433092534
49797,-3.17433358164509,-10.740389738567885,4.483395554282512,1.8683793161653672,460.2088198388761,0.6407102163015059,0.0007418796281826772
49798,-9.52061272524217,-7.363871406515252,3.093953660653233,0.7381403533664229,148.30471916392503,0.14607666461990565,0.0007419257021075266
49799,-6.9657267839620625,-10.90578269126595,4.049302406291324,1.0682754363657556,468.2195730459301,0.3498096932879351,0.0007419280963174287
49800,-4.018874259168416,-10.596711933616682,4.480492499732927,0.9445972466967659,202.72367062431084,0.2971269394106386,0.0007419395185705071
49801,-5.393698302619218,-5.626832430459596,2.8428367970900137,1.2087838349229212,306.2883526034029,0.5205117156168599,0.0007421773648238162
49802,-9.298317029675802,-7.419530984434831,1.5702813529220723,0.8990643897970068,185.1734100766371,0.840331646984315,0.0007421883984511573
49803,-7.588641061065496,-10.802648817766366,3.206155494062919,0.6242965053243499,126.86449714522188,0.8811575097217146,0.0007421958382090563
49804,-2.530810591597879,-8.325523453070012,4.159759414904668,1.8422481067299403,467.4596670560149,0.5563804152739298,0.0007423162871407096
49805,-7.773339889669467,-11.918212743097827,1.7554922968632163,1.7802167934528355,468.2521984411451,0.26278347135082747,0.0007423690972140135
49806,-6.071895033429865,-5.864572852868636,0.38980226618321184,2.0072658431752863,405.7655839905985,1.8533444035660773,0.0007423981216635463
49807,-9.348454127895199,-6.791283989737216,4.334466241271013,0.5588947173817393,118.01719350650671,0.9176140598139968,0.000742474322693886
49808,-5.315568444170796,-6.219406931756173,1.4369109014199521,1.6388944305424005,383.4067427656123,0.9335201347305082,0.0007426905178971053
49809,-3.1782973322839982,-12.096125877738583,4.142135827487392,0.9298031667649804,468.1090796986425,0.46810073577113087,0.000742795543578223
49810,-6.56656306706212,-10.997137394803879,4.2570942814276895,0.7049324531223032,444.48280117987804,0.35485645791481435,0.0007428010828241967
49811,-5.138627382387571,-5.8533786012435005,2.9891771338344775,3.080234993324173,502.74283764443527,1.0325054625274044,0.0007428072697939281
49812,-4.361487443228947,-6.738716862834153,1.3226271704929768,0.6370724578166609,165.15388990195916,0.465888972549231,0.000742821954610965
49813,-6.033287307915803,-5.136063304050536,4.680730705844278,1.1159175572578766,289.932135317146,0.7658870121981147,0.0007429259470259572
49814,-3.2330169114668603,-11.074114277628032,4.316601229777641,0.988476100091131,468.8241479147617,0.6432351597242496,0.0007429412665309558
49815,-7.504874298289297,-11.691383476539533,0.26828790235279887,0.8693304524680975,237.7280909126776,0.19801698902429354,0.0007429752123339272
49816,-6.910331584595776,-10.030996959021905,4.551818206579212,1.6055915683442925,367.31790173908456,0.17146749558586105,0.0007429849661945687
49817,-2.568679773748814,-7.757772388496117,0.733864899288178,1.0789161802129992,280.0143356680648,1.8212987745394171,0.0007430497882431189
49818,-1.9318663641384237,-10.050373733293442,1.2328553642488351,1.189352812655501,468.262311607836,0.4660172796852349,0.0007431706269534637
49819,-4.055372585567788,-7.646447321727185,0.12859301427970904,1.054803948430969,467.5028348501679,0.6584606572951168,0.000743302062383743
49820,-4.953284782299347,-6.203953718481264,4.3485653256990515,0.8822058758077184,129.7701770049525,0.34628891093978,0.0007433544187319478
49821,-4.808011939884734,-10.908968156249301,4.366152488171364,0.5195784886426872,109.60192283726145,0.2825330149590046,0.0007438950809494195
49822,-4.047234239321322,-6.354720984504557,4.197061065464337,3.0587788429656757,500.0410820091889,1.008460390489911,0.0007439617546983656
49823,-4.912761098599861,-6.082571582176311,2.529302426546005,1.0189437182936525,467.0834647234778,0.6155735957310018,0.0007439682017387905
49824,-5.224212588455634,-5.8940065151948975,3.5460007153285287,1.1429861915345896,467.9906274218234,0.09303199454894084,0.0007439769047144447
49825,-5.689360921476431,-5.034940673937411,2.219728622104125,0.5827605015373151,120.48642166862297,0.12385898402485118,0.0007440722798196464
49826,-3.847378794300619,-7.793952840240959,0.025643481614933922,1.1474154483746408,255.26808780160312,0.3574972426792469,0.0007442504320398662
49827,-4.188021578531656,-6.2632288692808045,3.2704870995789963,6.757727655382983,557.7410071893257,0.04363149296032187,0.0007446158160489139
49828,-3.7211170765467303,-6.610800533419759,1.6646279471207928,1.2501873541095658,278.59259996513657,0.30434433753061185,0.0007447029418563065
49829,-5.532057353159493,-5.417516280213273,2.302635381194979,1.0786510984869735,279.798463550272,1.4398149630060884,0.0007448183061826589
49830,-8.741599842074914,-8.674447607282604,1.5847863368030308,2.79840277106269,484.38318141126155,2.1461499401676587,0.0007451060400217382
49831,-2.5494195374549395,-8.763266642920776,5.1037404600356355,1.2803488434774337,311.38580422980374,0.20863275296529515,0.000745159463217872
49832,-7.570172257398694,-11.692332158761099,2.9142218615390596,1.2586739739707964,264.6642589474011,0.3623680262659441,0.0007452340187256279
49833,-9.703935277165881,-5.28335248005865,1.979527966131791,1.2752638922098063,314.82897904849136,0.9999931881558348,0.0007452917016203055
49834,-3.0341916170499585,-12.696454090878662,4.244722192548082,1.048243790804,217.51113291407947,0.12358937385399127,0.0007453328146645786
49835,-2.355203324511579,-11.021431235185522,3.618959337991267,0.8501838854442832,468.03785400286307,0.2859176464011046,0.0007453552107920161
49836,-7.815970317733269,-11.459352929522723,1.6950494833901477,0.6237204913162023,197.45687366256564,0.293862506003955,0.000746072435035416
49837,-4.493246590655776,-7.369868100792182,0.3695178169804627,6.34800989519289,475.7976740892811,0.04212532733028329,0.000746103676217495
49838,-2.9334492656428015,-7.268590103102068,0.6638940645957595,1.0611008619408924,213.92899172405285,1.0851226873646427,0.0007465915361556728
49839,-3.44187016047393,-6.377891804226807,4.070464176254479,1.3191818621858997,205.13835325697858,0.0023488564835814074,0.0007467678024808695
49840,-9.301682075031774,-5.931424340430966,4.606751409784352,0.8088908454379218,163.11919254966364,0.2916777168342044,0.0007468220746926184
49841,-4.665425349174265,-6.208553372545134,2.2653737338027047,2.063286628413759,408.2368230258133,1.3535430494936707,0.0007468709424610565
49842,-5.2873990741607875,-5.716270874940238,3.1059588179437068,1.0351790475080302,467.31394911578786,0.5241904103885053,0.0007468822498272246
49843,-4.390626680396811,-11.344180854100696,4.222246956664612,1.0764928726372205,285.15224071102136,1.297314481027077,0.0007468935872657853
49844,-4.7425699725412995,-6.149586785756971,3.673506079601778,1.830244738978245,437.9472184795362,0.12302120424161433,0.000746988043535211
49845,-7.672382823539857,-12.49396586800628,2.3893210976549515,1.436990464495789,319.8436185492893,0.44036633525521474,0.0007470418460459653
49846,-3.913824465966816,-10.686107608784075,4.4355624729122445,1.480140432581141,338.58946372282435,0.23597992648963473,0.0007471303613176749
49847,-9.003822479448992,-5.218042848008068,5.095976946368436,2.3278800312037604,440.6280298148844,2.195301254055395,0.0007471595377602103
49848,-5.143756047489816,-6.439402882294773,1.3772672631115896,1.7577435312104628,426.96033797751954,0.030699661498593933,0.0007473125405292295
49849,-5.831298739804522,-12.888554627273324,4.060357887906065,1.8632004354506606,467.8064881837887,0.5094701078103112,0.0007473840837217564
49850,-5.019688676440292,-6.853314052070502,0.7319318793320592,1.5975867430349278,351.11371852594465,1.0611439361945854,0.0007473987799498433
49851,-1.9964292737856546,-12.117079683557913,0.8690107083107437,1.2986585418443406,274.9512230389627,0.3859334113257029,0.000747495608438433
49852,-3.2867417863610964,-9.623981186211408,5.133310773128569,1.101523110341709,467.38245475280553,0.8112419366449926,0.0007476226105798836
49853,-9.363190732076959,-7.678595894777146,2.3609379574131744,3.9812212325459093,525.3308869194478,0.19167140237717017,0.0007476404530236627
49854,-4.403310577020978,-10.812677126262967,4.386765019428769,1.1302692571157,467.56107112536296,0.5606424844019138,0.0007479055352160275
49855,-8.864179619960879,-8.073167953621196,3.513039001673669,1.8837373787746812,470.4532120605706,0.22853017842275491,0.0007479858694401321
49856,-3.2875814493567246,-11.401741977680164,4.199140043191293,1.0606799600685735,228.8293825463018,0.52053117815628,0.0007479906754852792
49857,-3.7021420576439423,-7.523286859744096,0.2779803085686717,2.683445142279954,473.31821378417203,1.7500493237801686,0.0007481017444635669
49858,-5.214250315356538,-5.936433796212693,2.365864557392105,2.1810418093608,266.3687905064003,0.09383969329981579,0.0007481363615661062
49859,-4.306834192028749,-10.87096781999622,4.368173659480168,1.1258696111694448,225.75248443423578,0.7429088336069016,0.0007481630385629394
49860,-5.0092045213036664,-5.973900216512651,3.351710859588232,0.8494509479763637,468.6236038758567,0.10403395866722231,0.0007482071666224673
49861,-7.9918794458195475,-8.80897058892142,4.303640415249137,1.8134542681719712,447.62399615357907,0.17113285867604588,0.0007482799815843472
49862,-9.799363506669414,-5.071312380557379,2.2515464394403093,0.8827889296707595,141.87601747713413,0.16564253661886497,0.0007484046808274873
49863,-7.553285974353276,-11.25753625020616,3.0856716902241237,1.5657519230092292,467.30789524347995,0.4215086409716102,0.0007486755072045267
49864,-4.924471997840339,-6.024595464669025,2.709255653462802,0.7021119729968088,156.9027947509126,0.3424245813477489,0.0007487220355322175
49865,-6.388925090959319,-11.963930369292491,4.0899873034608545,1.0344953449916543,470.26399378344314,0.02925293344074298,0.0007488367981168883
49866,-5.731261635517784,-5.649291762949386,1.3944192637805262,0.9402683522684054,265.13221702918423,0.9559837624612522,0.0007488467266609037
49867,-3.6980348959840317,-6.3886496823695165,2.2090425598804586,1.0469514689279968,467.68501381174303,0.5701002866702529,0.0007489675674700463
49868,-5.853275604858551,-5.247792086847069,1.5253942950296118,0.6907205962085912,213.25950446065858,0.46111072874596193,0.0007491435811274076
49869,-5.789483758621361,-5.3716501806308,1.4935320679052078,1.10099007583103,284.6124598691023,1.484843990844758,0.000749153582559881
49870,-5.978697375988374,-12.870562757153108,4.054756212629837,1.0455351995915096,327.3561829991634,0.5683981279516228,0.0007493620923619191
49871,-7.940542858029984,-10.704621423541498,1.7907459746717997,0.8693329784479414,468.45069845739454,0.8312769879648103,0.0007497920119714379
49872,-7.077552924207993,-10.670998329238868,0.12241074196762683,0.835601929497731,469.9504431649422,0.14621408926643742,0.0007498221580031474
49873,-6.111355891276155,-6.284247781713461,0.19395593779164977,1.7578014653271499,416.27523128848065,0.4187484077241086,0.0007499742208270197
49874,-8.999764304855448,-7.773744960634524,3.791962960176178,1.0140812355445417,207.7353812617649,0.05849209629090968,0.0007501272958020712
49875,-3.5248246434939654,-6.612236317697379,1.791780526333882,1.4511426427768062,329.1022139590176,0.05047968638104816,0.0007502390923219204
49876,-9.839551499055888,-5.774695257328348,3.3134418710889526,1.0929912933741615,283.8850356939083,0.6450841595708399,0.0007503731916998432
49877,-4.313005743197069,-6.260313093459109,2.7018577662582004,1.2084605158565376,279.60940282746395,0.44013292450809693,0.00075049832080143
49878,-5.0229556607987895,-6.21314695532696,4.444664678680641,1.406793604032164,320.07688439125513,0.2636355490534408,0.0007508767745253814
49879,-4.990596805819935,-6.302793928236954,1.7117225160440304,0.9843971798966952,270.9390528724464,1.2411911870306778,0.000750934632305538
49880,-6.286681400692305,-9.758590936035578,5.031026467024476,0.8423721898889241,211.15441746658962,0.7960890288720561,0.0007509400330356488
49881,-2.4456153417455404,-11.266276818469457,5.089397373418238,1.2808100262679116,470.54806062203284,0.15280250560942044,0.0007509853774615281
49882,-9.02816714516214,-6.28386364027031,5.095761465859038,0.6714799662118196,142.54687155625558,0.17807023361019247,0.0007512079191731004
49883,-3.3700536742985783,-12.113597929035452,4.0637167585381375,1.9047838080769317,467.89105106722087,0.40652272496807296,0.0007512913553001713
49884,-5.636099462022697,-5.777386709591505,1.5663753181792535,1.1496096734884524,468.3756111869185,0.9339639148241679,0.000751374414965891
49885,-8.016086381154778,-8.851333096201234,4.186194557008286,1.1875988139790783,468.0166768095222,0.0998990054986022,0.0007517041542566193
49886,-3.555218524497837,-6.293302896837601,3.339160076298243,1.2527408364913788,293.51505974194015,0.46059148273543205,0.0007518012526526322
49887,-2.6932680466399255,-7.403295578368457,0.6493771314154255,1.7870262509818267,423.39029936259226,0.4741563261580666,0.0007518804969984556
49888,-9.010711369406089,-6.7227324362582,5.001377291176606,1.1927450910373414,195.98284522871404,0.13224567819983868,0.0007519279650215823
49889,-9.806775193687184,-6.463164076926491,2.409942575862059,0.6170829320328381,173.70629060350427,0.9682202455285198,0.0007520488528977046
49890,-2.7879565264757193,-7.437214253761546,5.035084937506058,1.1602629131976134,467.1981636562789,0.43545897215127827,0.0007521282728080005
49891,-1.8750966381485874,-10.808995652052825,1.1437273959266305,1.7547508497954325,468.5176590315512,0.5450891319336737,0.0007521845787897504
49892,-9.751448790715639,-6.448815741467882,3.559561511340534,1.686720251200498,397.9131083563805,0.2746579072166373,0.000752417230481288
49893,-9.161099383847136,-7.98351479143012,2.285699433093319,0.8581223811905447,445.65207261571976,0.587166861583114,0.0007524419496940255
49894,-6.34760808305189,-12.256621632163238,4.060671311871195,1.6604090038402297,387.58098024205907,0.21449014205143602,0.0007527092515537727
49895,-6.058174681349621,-5.039484541951829,4.658536622113901,0.9321146872850891,350.6733074594163,0.14962994011435704,0.0007527364850389139
49896,-3.9578034996467792,-6.517063663473014,4.8225258679739245,0.6734242338537458,139.69895128412082,0.15651459709966886,0.0007527383668764416
49897,-2.5203613863164858,-8.412208192746203,4.238088123682534,1.1036162728587453,276.2423556062978,1.7814436134425522,0.0007528496471535148
49898,-5.324233945183599,-5.740230869950586,3.141148244616797,1.7141260424667188,405.7516745369453,0.6892749832378184,0.0007529348820372034
49899,-3.9617641623224493,-6.578682352490836,1.7719533954955435,1.0353076964593662,443.48430580799993,0.0663786740777148,0.000753028869961234
49900,-6.16718163569106,-11.749048510275738,4.159494187211438,1.0718185346205973,287.5822262442688,0.6107839758732636,0.000753077893840985
49901,-5.515413802681578,-7.212640237804492,0.12806018781178027,0.7759571809270835,224.09760917693944,1.5064688654954752,0.0007531439129759788
49902,-9.865519713888503,-5.344458609088167,3.142422416639441,2.9676821249177006,364.9436766790388,0.005913089562230134,0.0007532536139026479
49903,-8.705347321039127,-7.217936046329899,5.190084031560065,0.8127740425348444,161.94375744687315,0.16937870988442238,0.0007533232616270892
49904,-6.296067517907481,-11.207894014930336,4.263056567839169,3.7351905206699363,543.1124774912263,0.5693084340435561,0.0007534019445696135
49905,-2.8851254968518445,-6.796171982777534,2.3577451739870936,0.655437535900517,197.0794832315593,0.711275634921968,0.0007534124982303467
49906,-2.57891524240823,-7.701056225304792,3.2813222196251948,1.8551211259991698,468.37907488463594,0.6450793424408454,0.0007535664398639144
49907,-8.970905438503758,-7.330123440705052,4.567025012569388,0.9482139836599273,289.10094392230945,0.5162133525814507,0.0007535680200695091
49908,-9.10630448771875,-7.86134757962529,3.269138222405726,1.0788461140436656,215.860794499433,0.4048106110997365,0.0007536672615311977
49909,-7.565203182907716,-11.375271304686594,3.0153797939542155,1.85996649952074,446.1323410596369,0.24275104135855852,0.0007537604615272532
49910,-7.305591928579347,-11.843839265542597,3.4029363190117707,1.2299093780991115,468.59643834400924,0.41934384888428955,0.0007538266754426381
49911,-3.9477268971764037,-11.85371794632271,4.109002863335611,1.8440285113394457,441.686221043732,0.133239225221792,0.000753913236761682
49912,-5.557049819490709,-9.612410864791197,5.1899161343041165,1.559969941598881,355.5030779988205,0.1400327923480642,0.0007539646348423217
49913,-3.2290667224400575,-12.559696324826406,4.053708029295235,1.1491355674439643,242.0161987632179,0.08412992390271334,0.0007539836521131381
49914,-5.961158081655304,-5.484077583101565,4.789121673012816,1.8559305556237646,444.60072490128465,0.36592596630221763,0.0007541300866401369
49915,-5.839018070032124,-5.421124783747936,1.0413591283719674,0.8874407205750633,254.00159475572025,1.3077834902900811,0.0007542858887004026
49916,-7.445111430914778,-11.407030121155268,3.262396054702407,0.8685957791534483,386.78321282031357,0.7024777065892609,0.0007544960542775151
49917,-3.7428419394300843,-6.401935634953573,4.142254666039896,2.687353711438119,473.77500836856285,1.8323960247049351,0.0007546173568606665
49918,-8.769240662309633,-8.487073951883318,2.6424418645645007,0.869784007976834,467.9490545933184,0.9011212195897427,0.000754676984531739
49919,-5.238064691532452,-5.985954118686628,2.1074673430103106,1.5566908921198268,307.47267452875076,0.20461405638584207,0.0007547165533429076
49920,-9.773429031637106,-6.222884593941753,3.536279320245342,0.8190887069305219,184.61982816178585,0.7648729748058019,0.0007550302349557271
49921,-9.66287546163945,-6.134440296464553,3.844749254336356,0.8978376217329745,467.59236612096186,0.5825343900573499,0.0007550713032145307
49922,-9.614775158490508,-5.053036209233013,3.9039962799558983,0.9842504541130294,273.2603296598723,1.5145872442162318,0.0007550968418807604
49923,-3.7923967207067646,-10.349609511499818,4.595682303474499,1.4866575142051108,470.4856470673504,0.08511237175330066,0.0007551326920576777
49924,-2.91406050006238,-10.860869973789937,4.8504507277686875,0.5858161441008533,136.34890248148133,0.37848098827827403,0.0007552890082102659
49925,-6.7722963536175715,-10.105373767144314,4.5873195807507505,0.9655688607167162,215.48429108504706,0.2908478532083061,0.000755405930944528
49926,-8.4487270955536,-7.781094667005028,4.966122567932863,1.6384797945730811,384.96192147901417,0.7539614924652449,0.0007555027015346659
49927,-4.554587853750083,-6.414290682768268,2.0256202089309743,0.8121188956375732,466.6848151872743,0.02350278957579377,0.0007555058428362073
49928,-5.041767452323522,-12.826044443767897,4.035826249290841,2.5427079117950724,379.452192886207,0.06936385008131651,0.0007556264083689822
49929,-3.0517529299723183,-11.940020151311197,4.291021754915992,1.6695477742481497,392.0880641804691,0.48677337426410716,0.0007557095645246512
49930,-5.607407516252838,-5.215685248229741,2.8151783468097666,0.7819763003495677,468.1358089069782,0.2478100432449155,0.0007557286826723371
49931,-5.582073239636538,-5.666517997124629,4.072101565106683,1.7528771016483125,414.89231313632087,0.21554577695114574,0.0007557961833125345
49932,-5.2756500185474895,-7.323130891205921,0.1930480254187563,1.109833784933246,288.3111210913274,0.506253946765292,0.0007559769466842539
49933,-4.448419956011028,-10.27603533437355,4.652227038243085,0.5081638365715256,136.05564941875662,0.7892683627308781,0.0007559867793032705
49934,-8.776546368484869,-8.133787289123429,3.62273900327928,3.5239507793662312,532.7287689753617,0.7610636712534911,0.0007561116539240661
49935,-4.77817345108543,-12.578049554364842,4.046423311963801,1.7957173170849727,470.36160173041645,0.02083290575963126,0.0007561764370972433
49936,-1.9661927623843702,-9.50395672035147,1.1405801087980147,0.7333367030455026,205.01971215441242,1.0242978280255954,0.0007563944155794335
49937,-7.749888826626476,-11.70398545348729,1.5299596489072123,1.8504678024762884,444.00571892582667,0.29300940001609366,0.0007564143165570156
49938,-4.820243696107978,-7.59468770468688,0.06503871943261676,1.2835205832291687,271.8960322041678,1.034776419535361,0.0007564461932244655
49939,-4.181731442506194,-10.423672551445582,4.555873867355278,1.0748609176036725,154.1696147136109,0.22172930014768344,0.0007566612889840183
49940,-8.184049107967994,-9.88565608910707,0.6240811033755937,0.6679105400699519,467.7728268633829,0.4537983723469292,0.000756710975199598
49941,-5.685420834618292,-5.3265587940413734,3.4996272610966868,1.0691488223997965,279.6119022196691,1.7930289085430031,0.0007567831020015042
49942,-5.155769169667983,-11.828372730023013,4.145945624687606,1.1173082837223878,292.4958807784036,0.25723488031851716,0.000756893862771366
49943,-2.1724421804408696,-12.464883804642177,1.721693564940987,1.180746707402344,264.78268381391206,0.08459560455463055,0.0007569245938342594
49944,-6.171512079513055,-10.11260759108795,4.777864601817433,2.3230903233005216,405.11915516865406,0.3696179660621448,0.0007570694986693754
49945,-3.3160941598571867,-6.720794637264711,1.4956906035923214,0.8198677406111863,176.0357801678083,1.1580734499277598,0.0007572269775740802
49946,-4.906206443888822,-9.951907509351992,4.883292676353251,0.6429929743676137,174.1897510095747,0.6925716855660387,0.0007572278066586495
49947,-2.3942459332680697,-8.33170015235908,2.1344783096161914,1.122008436526602,224.2584743068099,0.3260541165482591,0.0007574252780849264
49948,-3.686538428937199,-6.55481193076548,1.834903127806146,1.5377386392869594,348.1366456569505,0.21382430219287674,0.0007576030981574985
49949,-6.095302979412056,-5.374877520110091,5.02230157211257,2.605799287298563,467.31575662109765,2.1777392909999307,0.0007576052447056129
49950,-2.2751633809731455,-8.666359149241112,1.4971307390439437,2.718991804962793,474.50798473598263,1.4222553270259883,0.0007577635907753289
49951,-9.731629241194687,-6.782497728118263,2.3147282898400108,1.096386819424624,277.69383543906537,1.793903164479187,0.0007579432590469402
49952,-2.281469182488319,-11.679452565700874,2.545372346754772,0.7075595536902369,158.16540799097913,0.25810012191523235,0.0007581398979988061
49953,-3.4792803830281605,-12.9975379950071,3.9841379328986335,1.0330267909023327,466.33323792386983,0.700505932987947,0.0007581668192699697
49954,-6.244268627602882,-12.349918809738151,4.06704743874525,1.1747911793172907,467.93892559850684,0.3229673332539331,0.0007582027741742667
49955,-5.6697612576125085,-5.8647793512104,4.670602064099059,2.2847768857477373,433.142995275764,1.5128003241719084,0.0007583450509296775
49956,-9.253980474602724,-6.232846584120222,0.93332649119078,1.6898452765455148,401.67997895362475,0.4070529389358182,0.0007584713656319207
49957,-6.067357987737496,-11.717849609162474,4.171640747824052,1.3530243820677765,310.21259947585065,0.2831581660154514,0.0007588596779008827
49958,-5.675819096186349,-12.709748573769199,4.0650849270328155,1.6381107783728177,346.66573824441485,0.7678608523974448,0.0007589176682968918
49959,-2.1891385287046417,-10.881376222644139,0.6370783905159997,6.401300984650232,506.25125257150194,0.012382013397707503,0.0007591142924413248
49960,-7.41844427865299,-10.655016857778254,3.593525924922021,1.4743096875410528,468.7584619205411,0.6082431426893882,0.0007593662712107338
49961,-2.051249101540485,-10.7994469564749,0.7840042024992839,1.601780034440782,467.9419716613084,0.5757756748037153,0.000759440061526611
49962,-3.13545161756723,-11.49409066982873,4.274740397350687,0.9066839060878843,169.92526116142238,0.13886155934009548,0.000759456620325096
49963,-5.704625622194676,-5.159422087670714,3.4415099559871414,1.9605898527848529,399.9650526521346,1.8441300080860161,0.0007594679575009571
49964,-5.816848493967004,-12.034766340500415,4.131306607305473,2.9019725487305092,486.49561030754995,0.963935257631773,0.0007598567011202671
49965,-4.751770595347381,-6.085886913208192,3.0929406042301464,2.1102529566733623,399.0567294877815,0.6637630021072942,0.0007598824457627538
49966,-7.023431943807678,-10.42608034010859,4.204175731049056,2.3948704982455156,442.4120028075251,1.2422023804300384,0.0007599473516420103
49967,-7.655699959255752,-12.06292986529583,2.5409524138576196,0.6667483355773803,434.7732560548759,0.4362106491211595,0.000760096411540954
49968,-7.2700946833241264,-12.086605063522738,3.414159942817205,1.873351368456926,469.4430638096564,0.207987507588407,0.0007601581250532413
49969,-5.331947735821111,-5.757147796781653,2.3192723320349837,1.0312490379838182,468.49370440773237,0.5642971820089278,0.0007601735168311443
49970,-4.351222958645174,-7.454153747608055,0.2928570815741636,1.029000446892446,269.0937158273949,0.6281309101433132,0.0007602821223343581
49971,-3.626988817453083,-6.330761225874803,2.5538272733930514,1.6616287019467901,468.182137833249,0.7922126222607355,0.0007603985840363701
49972,-4.345589179664243,-6.230984984128793,3.4933331518585256,1.3419600619022836,302.6101393576827,0.9956784394903675,0.0007605233156305659
49973,-7.807681639570717,-11.282930848888016,1.5281248116986126,0.999349630345396,218.8204507133575,0.02437226609360632,0.0007605426278988198
49974,-2.789318549471009,-11.764570357681379,4.924715695190038,1.2264281179038703,308.24064509681955,0.4707405733750809,0.0007605803855098617
49975,-3.116061493076642,-6.449704383318532,3.5289655291107715,9.537769691065476,376.92955486265265,0.2637862287488346,0.000760604060993995
49976,-5.316230762402123,-5.726794937723624,2.5016633789534093,1.8066409719930634,379.68801467844116,1.448592389530555,0.0007607251279043875
49977,-1.8114011490162873,-11.526093554787865,1.2011028376743051,1.0564563099335325,268.69620929199436,1.3615141251157956,0.0007607481191482517
49978,-4.135154758709151,-11.975856660609796,4.089907387637414,3.703078420519431,532.7476970706972,0.3340001425230916,0.0007610504548515816
49979,-2.040603531263395,-10.967644051827746,1.389353647985384,2.1378187112256155,416.621977024892,1.219645974816233,0.0007610607533628865
49980,-2.190170706031431,-12.741426293807905,1.7389602126667523,1.1936552188868932,261.5999219362083,0.74519359900916,0.0007611099254430214
49981,-9.43714252993002,-6.57688905524696,4.246216831202551,0.8425705525163072,183.86306548074438,0.05382795389775019,0.0007611401525777906
49982,-4.379049012656289,-6.856482487746731,0.997620294746185,1.119900645344524,190.55783433044138,0.13325249934359018,0.0007611506548719765
49983,-5.988177436102008,-12.150810182651442,4.110139116495424,2.4653686880770804,452.03565310926587,0.41639411178400376,0.0007613225156946638
49984,-8.158058989128834,-9.722012851616508,2.3278375343111977,0.8084178146034583,160.24245882159627,0.5897621300087117,0.0007613768117320652
49985,-4.184834058171926,-6.604174875094859,1.6753396875147093,1.3209311929685834,468.89420152100655,0.25443501817222014,0.0007617261766003903
49986,-8.993221947977746,-7.510189540130359,4.264481203835512,1.5180314430381503,470.47952538999596,0.2261208601782636,0.0007618506151897388
49987,-2.841236142334612,-7.352414413143159,0.632137251492856,1.494543204818206,342.5285171089642,0.7346489019376055,0.0007619682107217988
49988,-5.796483099263579,-6.177587723912989,0.7032507278160105,0.8786030858632641,212.87737735927038,1.0110600700810846,0.0007619684296385657
49989,-5.515960508103581,-9.818975838220878,5.004744505532489,1.6735515793910858,394.48783627134236,0.33161380169102994,0.0007622674033406716
49990,-5.907625991514122,-5.0710085163888525,1.5484096044695608,1.884101524339561,454.8805886038729,0.2392547031492409,0.0007623103575963425
49991,-9.03179014778123,-7.657960458071858,0.7894432848107529,1.091217559116711,282.99466253065253,1.6777010207676293,0.0007623733880041888
49992,-2.3106231887650184,-12.40650409940497,2.9419815037321944,1.6740169934158327,369.0147549665378,0.7623339121749995,0.0007625411576114364
49993,-5.454188893110535,-10.781472942540425,4.431317607994197,1.0135196582113313,277.063792088645,1.0129165555228576,0.0007626166205331183
49994,-2.978724729643205,-6.834582191487407,1.3051167260571634,1.0698504719818276,283.2647410192251,1.1038842906775592,0.0007626935660450075
49995,-5.555362160253405,-5.34826203624178,2.3897320246152858,2.747220818808911,475.5787101997189,1.246239222265081,0.0007627117016981266
49996,-8.341435002685463,-9.367092850005285,2.1226251846028648,0.8522330001924815,469.54350610781427,0.09925884602857593,0.0007629380730513654
49997,-4.459354343707784,-6.210864396454025,3.461624906146325,1.0541005539636485,467.99798386907423,0.6264740326190665,0.0007629946740096616
49998,-3.3975679726169794,-12.244948595331213,4.043392604938637,1.1233280550900693,468.0103212001992,0.37265081012558365,0.0007633625714847283
49999,-5.0097352088269425,-6.018030906659801,2.909601925685888,2.491302203763568,219.39852397099196,0.392346718351944,0.0007635005235615007
50000,-3.024213527984627,-11.931693816393997,4.3277023960546375,1.60093941219294,428.9142595658943,0.31808734909016945,0.0007636251569481246
50001,-3.476520747540377,-10.186476383638468,4.6820297997843126,0.9082380820392311,234.76269373935276,1.4806069576939054,0.0007636809543775102
50002,-4.897750587982842,-6.449264053731819,5.053227969353222,1.0231009550136096,239.86587800827854,0.23420176731224362,0.000763689261913111
50003,-5.450290822570821,-12.856281138316179,4.045183993834798,1.1429815852773815,233.40921569245853,0.11695520063576303,0.0007639396900728693
50004,-3.8092609086499625,-6.363480502333631,4.037129597223969,0.8512743617892925,176.11048020066002,0.7307284611841496,0.0007639606510280547
50005,-4.289221165965788,-6.793587992376444,1.1149116942492736,0.877772546087025,218.77096078564347,0.8784017323455542,0.0007642085900260952
50006,-6.8267815164289924,-12.483416098578893,3.8284809816680605,1.3724648707162297,324.837352144368,1.6966022835937187,0.0007643563424515937
50007,-6.401538751027668,-12.532061023380788,4.015354981028577,1.7891210572106826,376.5792304335594,1.3651826167916878,0.0007644582212269607
50008,-3.989142572321523,-6.508111540366578,1.9335673161569178,1.0976704938072805,466.99810775392274,0.6252973532452524,0.0007645760889402146
50009,-2.7070405946691203,-7.148626289280637,2.5975492297422336,1.2601190064798322,182.48948071987,0.1671033365546153,0.0007646541806250178
50010,-5.221434899949005,-5.895032195853207,3.35508584185852,0.5858187185202867,111.03782802369393,0.050706997822165256,0.000764707030634547
50011,-2.95235505365929,-6.953696572466699,4.799029237634517,1.8606807070335813,467.6966922609314,0.35240298065052666,0.0007647425003218175
50012,-2.753477252303142,-7.08903859549499,3.199212770374856,0.59818160183048,127.80622497742057,0.05133638643598015,0.0007648552045793965
50013,-5.715907752651092,-5.791060564338164,1.2881958663148954,0.9402361035403298,469.6165062520763,0.1210908417171428,0.0007648713946099225
50014,-4.4276950151934615,-6.265541008516272,2.4098759253490796,1.7659537860659504,368.1094215026852,0.7265353281297262,0.0007649657929134174
50015,-5.757424966690747,-5.682179367756512,4.512614110482492,1.0064982287387827,204.6109764889231,0.07084148414491054,0.0007649969933713907
50016,-9.588072129954854,-7.287609971506114,2.870412786574008,2.3593323045237593,347.2748220426116,0.07556803409569923,0.0007651012052242762
50017,-2.0425791801478432,-9.893431911737997,1.0258274796863875,1.1049673986949171,467.82451626435204,0.7668017004337964,0.0007652557886341833
50018,-6.1580583792621235,-10.895785476343086,4.376645037737138,1.6325077213586587,357.2213919414341,1.3971016591267,0.0007655831733390749
50019,-9.200221818957122,-5.96840252901434,4.780234417267574,2.233387516960327,429.31162013007577,1.7169223368399962,0.0007658955131870894
50020,-3.8976306694221208,-7.717278589591882,0.08356098798732799,0.9869967948464339,257.3220320129873,0.20088369853950017,0.0007659696448029351
50021,-7.625523738843878,-12.995344346532804,1.450093426418311,0.7300931761377569,216.61351131873099,1.1819280080881809,0.0007659848693401898
50022,-5.331794727012931,-10.311782024900097,4.655508751548114,1.0531280657191948,211.01266262885468,0.1644120179605606,0.0007662050087680449
50023,-8.098293156207452,-9.286435678057899,3.315796654609219,0.7632594729582733,158.8386366775251,0.5617230889337401,0.000766236454180885
50024,-9.807190006286929,-6.508594649467333,2.474665008783125,1.8127248775891864,468.5763677109726,0.8571419448862168,0.00076642689137868
50025,-7.148127818678217,-10.74375268110436,3.9203692694323413,3.761837284278092,536.2990935821152,0.30602390629430776,0.0007665193111233216
50026,-9.520117877868019,-5.889408705249298,1.7038822562301723,1.8027530656290731,370.66608129074194,0.6338895345981728,0.0007665421273147911
50027,-7.9021579601269245,-8.696585707367166,4.628655993933989,1.8699792998421108,376.3104743305235,0.42401303737744644,0.0007667560133582985
50028,-3.6725410719253198,-6.30955515773998,3.4647975602362657,1.7624712330895922,468.3355987891296,0.3379467461482184,0.0007668707830919003
50029,-6.721079056007229,-11.16397933968026,4.120499821033615,1.1769852418592819,248.0517372475418,0.43307518419397706,0.0007673310616664198
50030,-2.2458902284542335,-12.708636475134385,0.4680717918225665,1.00230017783529,134.17441767549678,0.35878112292096986,0.0007673857349658864
50031,-4.418765809405979,-12.51245142227512,4.034326828920534,0.8966272834232171,257.1012885690548,1.3785590320740893,0.0007674034124456939
50032,-9.439655388753437,-5.537616153350744,4.294881167219753,1.2447532288468823,312.0585571029469,0.5605506570837084,0.0007675111728566295
50033,-8.256144657846393,-8.308230837326471,4.524212097072079,0.9550521560308783,191.11103203980122,0.9168404436132311,0.0007675571555612775
50034,-9.493003126948926,-5.620923903411594,4.189396714542549,1.7128504861022922,403.13105565346916,0.44303178484630035,0.0007675887219030281
50035,-2.8115168216015736,-7.282026493959586,4.751830166932701,0.8322441769059818,469.79644727342986,0.10652668718985847,0.0007676068898437453
50036,-9.792528884699243,-6.352717019400835,3.400826619512858,1.425325087104133,320.86584119914227,0.15219493929555128,0.0007676718915894571
50037,-4.7233481503707235,-6.11174772487438,3.0293241619055693,1.2251153049885775,272.1897916711779,0.5788941074995693,0.0007676858337475843
50038,-4.869260914633143,-6.0493244903463035,3.018179124688438,0.9217059511436417,243.5872941900419,1.1359895590355,0.0007677057030075009
50039,-7.08903974290547,-11.706445542366419,3.699611488010409,1.141020772275443,467.5116826656049,0.5777426428754806,0.0007677183931767474
50040,-5.781853871114351,-6.81906948272523,0.2239778025092466,0.8009292872253084,468.5897631398542,0.5361857041859341,0.0007679131758992479
50041,-3.082303432328416,-6.531254825093616,2.4327410157723097,1.0293119420121408,178.04629698837695,0.08664392083102523,0.0007679178637993509
50042,-4.887009595615139,-6.77237376898756,0.9709930750206806,2.1278496853799855,411.9052402993118,1.0506945332213222,0.0007680502762114096
50043,-3.6394302919564856,-6.3440504116993255,3.540525742156537,1.2475918305490759,436.05064584515475,0.3680252899211114,0.0007680847636029005
50044,-7.099157939386489,-10.436128508696783,4.1213915094770135,0.6463354201003974,135.56851105285045,0.07088379591172345,0.0007682390845138373
50045,-1.9142057059859852,-9.680761647016645,1.2789243706377125,0.8526269884359885,128.2555603842749,0.34747514770244603,0.000768406119743648
50046,-2.561255501926219,-8.521265089912989,0.35570515873982333,2.628167118407955,469.1427738265,2.0505417055229263,0.0007684436782802552
50047,-5.239945033891089,-5.901287825738142,2.3502020710860494,1.4643849172531282,337.6092924459442,0.6820688923515492,0.0007685192241921608
50048,-2.3281286683726226,-10.703120632311462,3.0896930620271172,1.1750417463393361,467.18161757380307,0.25539048160826905,0.000768519926958203
50049,-8.124471899153537,-9.995228117702291,1.8487010097775605,6.628004105201634,614.6214130619431,0.1304023205971898,0.0007686198824523016
50050,-7.5210119815320535,-11.433503171793427,3.0861355396982795,1.5279042936299523,349.7033261037545,0.8321583815859119,0.0007686992578207961
50051,-5.883706965850545,-5.082395503404619,1.4899570507830502,1.202204491824266,245.9662251945372,0.6061955650401849,0.0007687247423666855
50052,-6.066930759887588,-5.491674415322587,0.6513596535232985,0.5979030833109584,169.57834475093867,1.0878306986178954,0.0007687712685146228
50053,-9.063934317629098,-7.5870606388971025,3.978986823424643,4.383602380349452,288.5443736089028,0.24906579606783286,0.0007690372074717331
50054,-4.301255701719072,-11.835509041868471,4.1105043071395455,1.2563376336073058,315.42600524419345,0.43993073179462705,0.000769083638071252
50055,-2.8735864716060036,-12.93551029679931,4.537824216619388,1.8804278304418833,451.7544780701348,0.6352275623192387,0.000769090051408631
50056,-5.622875299604927,-5.363840893789411,3.3189443233358116,1.744718094619969,370.07093209674065,1.317747097562786,0.0007691248683442065
50057,-3.2364198432432554,-6.504378929334563,4.413249365814324,0.9300024692416813,246.98487275450196,0.18709779034982787,0.0007691487613424165
50058,-8.73085216767797,-7.826599710911234,4.3194343465798966,1.1829239830288054,241.55734607906354,0.23283886715040847,0.0007692469769583726
50059,-6.355682883556708,-9.787413830687324,4.983387769905581,1.7054672244606648,401.0825001538476,0.019952612747098364,0.0007692934179344845
50060,-6.286365671633602,-5.788058063574096,0.07733282024253865,1.28657673682408,319.39094955281763,1.3907103809010044,0.0007693562047865282
50061,-5.554653863226972,-5.747351759343513,1.763900456180084,1.4540937568644228,339.7449508177622,0.7803828539399236,0.0007696043218864532
50062,-9.68297761565113,-5.148114958342459,3.736564636993475,1.3652825307686047,322.2711563126781,0.40402245064020637,0.0007696474092108061
50063,-5.060635403934846,-7.532918188635283,0.10047176927355539,7.102842738114504,686.3854301136965,0.260343405555056,0.0007697822076164474
50064,-2.5792101870129303,-8.226980110307782,4.65039158291623,1.2443999985251337,314.74773673650543,0.36738760320871755,0.0007697909953804793
50065,-2.2497240980196747,-9.288517850637932,0.7388728841902534,0.7925353846876684,160.49102507411897,0.4895837303584729,0.0007699953092370947
50066,-7.5939684035100665,-12.90543779044287,1.3216433924278979,0.5473801298882188,121.36369266461892,0.6862333989331866,0.0007701639411756569
50067,-6.223408892628324,-11.40637124246847,4.214151617009363,3.1656392070658694,511.4450661260933,1.2867616778854467,0.0007702824203959061
50068,-5.648136030115455,-10.780165643743514,4.436447520103151,1.7358527284974603,410.7981478971946,0.24159640528558946,0.0007704407463936583
50069,-2.723618853372219,-7.101440443626879,1.4501830123504977,1.9067973574495272,468.1985979078912,0.47683936610161837,0.0007705476308282387
50070,-4.388995959308217,-7.323942104966056,0.42149098357934073,0.9773707249511905,257.93230155331,1.366747124384558,0.0007707504098733638
50071,-3.8058681301896247,-11.692714931386687,4.12450431394241,2.452528352952033,450.40511155903556,1.499946677939147,0.0007707561922188302
50072,-4.421607288522676,-12.907381067706122,4.002465671927067,0.9819856209405479,469.4906008312197,0.07560736181736516,0.0007708495061948962
50073,-3.600764487312114,-6.327200802752253,2.758506892287405,1.103965894877414,284.98270396415194,1.6921555251446447,0.00077087941392068
50074,-3.612233062053349,-7.093727768285043,0.7645748777342889,1.8477462258715454,467.4737541387223,0.7527326796582656,0.0007710846249146205
50075,-1.965256387977309,-9.940221100256359,1.0911996598639433,1.602550725165174,468.4506238711582,0.40073992526871205,0.0007716176649903318
50076,-3.052716127794369,-7.880384020845657,0.13401544589046727,0.7860849855996834,469.77317684552105,0.19217171822901324,0.0007716463410115842
50077,-6.10045030604307,-5.981269794073754,0.34752767656941436,1.9621006751203032,395.31198618092657,1.197722213413325,0.0007717468673062167
50078,-4.055041630763531,-6.430268856323743,4.3637746016067,0.8819700293659076,209.1727575687064,1.2630018611269023,0.0007717492936025323
50079,-4.924844188850168,-6.094067519649141,2.335682580105324,1.57255118498605,468.74585089372704,0.841661942601398,0.0007718391555873727
50080,-5.508016238650846,-5.568897771597562,3.009470453696617,1.0785214273136434,237.0722099065081,0.36339294132107636,0.000771864961893456
50081,-3.1556221352042524,-6.438802415976834,2.3953516314846715,3.2530494547856392,516.5772628591385,1.0729644179367996,0.0007719039077703991
50082,-2.336838396145425,-10.101924122422345,0.43418223631923875,0.9660031451366953,469.8004547740811,0.09789486729832308,0.0007720039052620102
50083,-1.9420897771303398,-11.760125046392002,1.2849069914561444,1.3909794992292401,322.39509111550984,0.19119842152884647,0.0007721940257925288
50084,-8.885622914816292,-7.16701533448319,4.894433758561975,1.8455050028524183,442.5656007288947,0.0018520423789976093,0.0007722506225761276
50085,-2.1456430240008393,-11.728440993406378,0.7000441630824819,4.193614951963358,578.9947269291695,0.775313680493297,0.0007722536649240635
50086,-4.434777420310734,-11.357835461615593,4.205922737802089,1.1312847787721212,467.40788252853406,0.6466673029869332,0.0007724586347245308
50087,-5.389053713438925,-11.343822848166234,4.243394769558794,1.3432332131495908,291.098415744032,0.08876417283144367,0.0007725182150555356
50088,-9.833209845783312,-6.5611431644085805,2.9858461219481263,0.7830999877165269,222.76531368377212,1.0928518918009393,0.0007727202264529708
50089,-5.8675961665471625,-5.764313992685484,4.926378454614132,2.3664836625496934,177.48893234732154,0.3405294706992068,0.0007727797128272693
50090,-3.7136475092562407,-12.804532315605487,3.992963106359959,1.0753839886590695,277.91193370193486,1.8133871115706564,0.0007733129474429836
50091,-8.564683047846971,-8.805979540456008,2.5869129902894135,1.7545054346314417,416.7723982722355,0.012198768359711565,0.0007733144420533036
50092,-2.174791095711627,-8.732063654789972,1.2957840155794367,1.4233348441149272,468.11325634833383,0.7383571268882188,0.0007733286124323527
50093,-2.3745946669854066,-9.263480177038332,3.17116999581999,2.445121102482185,450.70544399426586,1.6489726893614538,0.0007735287489611134
50094,-9.005153602187818,-5.29625584294794,0.49811807972058736,1.610533251563905,369.99505298036036,0.16788838839893216,0.000773546150102046
50095,-5.050836692965135,-10.96300799839896,4.33991068190753,0.9244301534313785,419.9327627765289,0.16231447244115937,0.0007736960369930817
50096,-9.867350235304523,-5.987933004494408,3.112844893411362,0.639535621931052,159.36586274470122,0.02186525949782947,0.0007737005448455323
50097,-6.5571124827527,-11.698235696059507,4.068022603029585,0.921470612259566,241.73981419114074,1.2352097607501724,0.0007738699596375969
50098,-5.312945814533651,-5.9152883474544735,3.9607107438647655,1.1826789973340897,216.49940308406465,0.016727864570325046,0.0007739202559157931
50099,-9.696173247551085,-6.8039627650916366,3.4474713039755653,1.768445560313976,463.5187524681496,0.17523353119683627,0.0007740312576430639
50100,-6.188936028823376,-5.851603703982577,0.26297637200610247,1.0192876131482804,279.20665210035247,1.412532477386514,0.0007740953282621086
50101,-5.275511921413961,-7.454169895140183,0.05059541552663299,0.9295112538706523,467.6788547128785,0.6081002073492341,0.0007741359874438555
50102,-4.702620825731606,-6.489495085947317,5.032804932231651,1.0429620477592387,248.5634718280976,0.4956924748530218,0.0007742396594814107
50103,-5.502831317275636,-11.528888715714032,4.201951235337484,1.5483447575615914,347.72384118694583,1.060101622667868,0.000774256492763163
50104,-9.879215513468177,-6.042917511106212,2.821364864341145,3.468264866546119,522.4064052985116,0.24834695775413085,0.0007747519316912589
50105,-4.383640245832031,-12.814982718945194,4.004697553612529,1.1393091152345391,298.17289254108016,0.6576298169932242,0.0007749123512313674
50106,-7.723899615330238,-11.184949956999047,0.3734004070083972,1.6581529395649717,358.43707030788835,0.35548834298722376,0.000775025140223608
50107,-5.798297674246558,-9.857543651168735,4.974779975310224,10.337599021091277,411.7649284178628,0.23240404646795465,0.0007752939546081954
50108,-4.122057234550719,-7.1247820636512085,0.7027355315523656,1.8845305713533018,470.0013435790391,0.050699296042425956,0.0007757955271636863
50109,-2.7959736416160794,-12.611111431436179,4.791313520675851,0.7618087120254995,468.04595767306193,0.5189649547815778,0.0007759874682086563
50110,-2.218297644762992,-9.779979694986222,1.8435801917809764,3.9517839788417706,549.0303201932579,0.22917001533281667,0.0007761040448727121
50111,-9.641131690275774,-7.163443599460186,2.9533314710040184,1.05926179839929,467.8393938232438,0.23177940975248035,0.0007761644302223605
50112,-9.472450701950372,-6.879007870285424,3.9733402481162683,0.6949350992963631,467.4936965696514,0.4862671104773044,0.0007761973790022444
50113,-3.0617637418864296,-10.977604889345386,4.501893217107935,1.3005863556746922,291.5745195224529,0.322376210909467,0.0007763275647266415
50114,-1.9670794006885082,-11.520178718239059,1.1388979571706008,7.166907077835997,535.672836045789,0.027671032875333346,0.0007765096988650203
50115,-9.373622461385985,-7.538597386708446,1.8760151217622165,1.835654261697995,468.4022386505373,0.2921883003055106,0.000776546087618197
50116,-9.79555328879761,-5.806676072723049,2.28433993960421,1.2235932833198442,468.0194611691313,0.631636246854173,0.0007767626372659537
50117,-4.925099418110187,-6.045349069317173,3.345826853665067,1.6711848847478097,343.61028188922114,0.5477984369071507,0.0007767989913479142
50118,-4.279939606724856,-6.44665787550206,4.63552982728929,1.570186063272154,358.79458382813465,0.1573231381839646,0.0007768916984750693
50119,-7.47758544619811,-9.93019971542014,3.9563458482130724,1.6805304020039842,468.6965974596454,0.9061272568076237,0.0007769267641781703
50120,-9.271007618954226,-7.759598145267848,2.833882917436325,1.152177832108358,236.20894954305004,0.607425740533329,0.0007770365488454336
50121,-3.9017222385151236,-7.078328353636733,0.7980086597855145,0.8594394317142928,147.62695569003756,0.03895639710437848,0.0007770418271686292
50122,-3.464500960595151,-6.401590262024961,4.134375636119038,1.039248893397253,211.46831881416549,0.9595410329218117,0.0007772452979181845
50123,-5.845602237860284,-6.04986729535694,0.6789572446696921,1.8903243949541535,469.14576983288623,0.5262518116651576,0.0007773513203129534
50124,-3.3112707899015934,-6.867645606712127,1.1191268633579479,1.4283251389558458,468.1521304988069,0.5584549895423043,0.0007775464804525988
50125,-5.4104400506653,-5.786547891859942,2.1873688552543964,0.8056554398208067,222.96231323085928,1.1748256600768912,0.0007778640251435323
50126,-6.00854202717087,-5.33851625525841,4.715003227979272,1.3379346855645888,326.56485268891913,0.34533507926179396,0.0007779319775405146
50127,-2.756495955629564,-11.176159271059262,5.165555684583189,1.574097156858551,468.26789137212097,0.2123186116439033,0.0007780608870015302
50128,-3.119366909345567,-6.5730436380967925,4.2143935595917466,1.0295232009344648,278.64993095977104,1.524012273439463,0.0007785444334982239
50129,-4.597351149710802,-9.633924963939034,5.117180367464224,1.1725273471268038,298.6844330501081,0.6397217020477823,0.0007785863253999736
50130,-5.1115871500855965,-6.099611097398541,2.0935383086795487,1.6088028173171842,468.63853845350826,0.5641201095176784,0.0007789093098448293
50131,-3.4130905709902777,-10.514550911611998,4.488010620242488,3.688776651498657,550.3588096746715,1.3268401459561678,0.0007789618731166909
50132,-7.334398188974432,-10.63966329326182,3.7209089066026375,1.06466199560371,286.0698168191951,0.6146299094927903,0.0007792326997503803
50133,-9.347366731602733,-7.6321786464696775,2.932358461430445,1.425418516540116,320.83916629597746,0.8714388416698702,0.0007792411324934555
50134,-5.423400907190142,-5.641114089520619,3.13157548724459,0.7968305005172481,181.48832619920861,0.29909052815360493,0.0007794231413931562
50135,-5.878804107875289,-11.49494895433438,4.211415510042322,3.1754893562808424,273.2768432902745,0.17123354733689045,0.0007795781048548102
50136,-3.156836761725242,-6.727578547944096,1.5498955472807612,2.094778297367932,414.4652792581448,1.6169448274874592,0.0007796438598509041
50137,-4.880427226599274,-10.419132009124295,4.5727427418727,0.7119097609404781,152.56543593083248,0.4988312061414524,0.0007796989636309419
50138,-4.015886359813944,-10.606691859273292,4.449989301622119,1.1096740125704068,467.1908074883217,0.5519153121708964,0.0007797464360857688
50139,-5.663013038058364,-5.195161531353098,3.111880579248728,3.4549314014840413,503.11038543426,0.187224453310618,0.0007799342713344528
50140,-6.693165884668968,-12.488417024673389,3.9000721790550554,1.5244654228298746,350.83169261008214,0.11139780901409058,0.0007799468264343368
50141,-6.2463420687654985,-5.092218849875009,0.35337418454383823,1.1939290779109715,467.54977389716066,0.21969815823171146,0.0007799603700238791
50142,-6.571755896721232,-11.77857264423952,4.044206895397202,1.0488722797643573,468.2754122591523,0.44163630212770055,0.0007801560710040614
50143,-5.40783366567903,-5.6883304788854465,3.27170657858607,1.1991202680509454,275.82814963135746,0.7218760569331293,0.000780302086567941
50144,-1.909598941846582,-10.666024736397356,1.2346522409595386,0.8734777839996559,468.0569794756419,0.7064351425441977,0.0007804223140154109
50145,-3.8206827142515376,-7.369613046027951,0.4443820053122834,1.1723411326775637,467.6196522653911,0.34585773579929846,0.0007804233017586655
50146,-7.077269628557662,-9.48088560316638,4.853256359934711,1.2126940149852756,303.6966772267561,0.2216911155145347,0.0007806504172502282
50147,-3.8459348227080836,-6.3851918902148315,4.049809397478988,4.800384944232622,496.92447976757467,0.05021011184237789,0.0007807800277687475
50148,-9.27725126520181,-7.724732214428566,2.9465642050937766,0.9232299122372457,468.28626698858136,0.8399983978248287,0.0007808339106752547
50149,-3.5776591881011752,-6.436699773081429,4.336113660463789,0.8151394576375142,469.82510084778613,0.09057935358315028,0.0007809178875849114
50150,-9.2561117322529,-7.322121442296869,3.9448519801915185,5.790794821446082,534.4108330777478,0.07646190389284868,0.0007810583342747763
50151,-5.004372711302142,-6.015170784012391,3.247236077964635,1.1537285958371801,294.6014501726658,0.8991630145654748,0.0007810781640945572
50152,-5.2719633931634355,-6.336212365654008,1.4594804517615725,1.3666847963001802,469.7700625887748,0.10301490590486839,0.0007811577954729261
50153,-2.6219242822226354,-7.425302722719767,2.793722689048688,0.9766953833298033,261.0162315477326,0.563406432545368,0.0007812970470642503
50154,-5.269557463865877,-5.954300742993234,3.9049886935275295,1.1696386931511078,237.92358949234918,0.4917762279579305,0.0007812994463849099
50155,-5.4190116178265235,-6.2238348783592,5.011792743368161,2.352408605325954,443.1193059363617,2.164585587507939,0.0007813563250309279
50156,-7.644198596446362,-11.177044799201244,2.86210215042179,1.0435736878902704,133.20718500229577,0.37001347747617874,0.000781552569180942
50157,-4.65469244882402,-7.131985930356178,0.6226137262273103,0.8091720334483976,163.35993886926354,0.06988278119795677,0.000781846010879925
50158,-2.3881400094542773,-8.0913297143926,1.196702876022057,3.339656849350139,465.7802193575179,0.1696769508178484,0.0007821523688456944
50159,-4.567191912407965,-12.006644488771798,4.085077361834827,0.745620701005681,138.6915359496897,0.34913471158250253,0.0007821565628708379
50160,-4.057169288417092,-6.634254026998874,1.6659920980630656,2.754855793694735,472.57001130896606,0.9373032813596192,0.0007825389780167468
50161,-2.9515106425643385,-12.686017705614857,4.374897827289159,1.4335329343150023,323.04629422193335,1.033496616418419,0.0007827140225649293
50162,-5.456859035188829,-6.235281818585142,1.0899922543922118,1.237962226916356,267.7635811329349,0.08456584759650276,0.0007828146391688786
50163,-4.998928938037766,-6.602314499883455,1.0851688244017321,0.8831323291309039,468.2708791404039,0.88904611974829,0.0007829246480170017
50164,-5.084424776168197,-10.918377804541837,4.357500165789476,1.1907843145046881,270.0038901626202,0.09474259429672927,0.0007831658623237754
50165,-9.568468195313933,-5.84475266791857,4.026615352932922,1.2732795578350988,156.02697184165194,0.2547516472422213,0.0007832655833836385
50166,-5.804259458078463,-12.550743062738745,4.063998288799861,0.8993999934616097,176.65545839280512,0.12234805020910944,0.0007834796653365324
50167,-2.244121506685608,-9.536471395358731,1.944656135268671,1.021426906966813,467.40749765032837,0.41170047924638187,0.0007835739749800125
50168,-2.0156593617531424,-9.72904481340765,1.1275012997865614,1.0305441242376132,468.519421989054,0.6527500276584002,0.0007836162072749244
50169,-3.2014986350107595,-12.8012668216001,4.030204968218228,1.0928250497435605,291.4537647493227,0.8607611236338233,0.0007836752320248544
50170,-9.586658692345237,-6.265271264474176,1.8168228960280846,1.443076363419007,336.5957009132406,0.6855804249842787,0.0007836846485815887
50171,-5.320956086703969,-6.196714509666817,4.749467742205709,1.3349661187629673,327.0924565134167,0.3156963849810168,0.0007839431150148798
50172,-7.523560637757122,-12.356379282340901,2.8720041341684883,1.1265662851999967,207.78459712537258,0.08907573563925819,0.0007840098290989399
50173,-5.199821773401573,-6.264441485855038,1.7532250750081428,1.5057209552239452,343.2175804654327,1.6654479217308582,0.0007840400426530468
50174,-4.835221767700323,-6.461377572895328,1.6243977353824912,1.436326955635613,317.84555422295045,0.4279814861642661,0.0007842999753575086
50175,-7.469248859947077,-11.53070935441785,3.160970845853542,0.8815054214396428,468.0811551179223,0.659583883446131,0.0007843509166700662
50176,-5.25049518915383,-11.82889622394432,4.133256817300764,1.6394013617982512,380.87477003688366,0.6622517350893036,0.0007844692730893421
50177,-2.2908277881305654,-10.011416105644377,2.515207828872896,1.2971555261668366,302.68956702629066,0.9879480455068297,0.0007845050136686695
50178,-4.981382913399349,-11.500408322460029,4.184437576806887,1.08398045892237,233.84095054423986,0.2775594728516113,0.0007846318807432148
50179,-5.653196947542011,-5.925818485853004,1.2628728164987753,1.1167165768206555,467.73558536822,0.7505330110280584,0.0007850430594585034
50180,-5.13268775910861,-9.643826523188789,5.125250096918821,0.9082081372921419,256.3011198176952,0.8020712198941604,0.0007851229529822368
50181,-5.939350838360899,-10.500336476328368,4.552965057403789,0.9616827110869065,192.45887409370664,1.0187270117403964,0.0007856212761120257
50182,-4.560239152705645,-6.562179231774225,1.665258147027036,1.204799614887514,254.07124052973285,0.7229253245218237,0.0007857283347317613
50183,-6.70437914725504,-10.675753137395084,4.29633491258054,0.9901217979339564,467.8772447383643,0.03450716918418628,0.0007858174225003511
50184,-3.617264274312406,-7.036026900830029,0.8555900493180527,1.873696294084391,468.01631595335334,0.02592079663047553,0.0007859733055616
50185,-3.9237351551818014,-6.60815839236057,5.091052126663468,1.5225896843684488,358.17669759790886,0.26720840186098993,0.0007859839921117972
50186,-5.0551166903470355,-6.157583888869459,2.048844860972768,1.8099052927798709,468.10295123018483,0.4813395793644961,0.0007864186348244714
50187,-5.637830106261223,-5.41066951811654,3.337413738560261,1.46308374471458,468.04449856769463,0.451564179905497,0.0007865079948471766
50188,-5.748590964926763,-12.683140689332737,4.0521799081960435,0.6519572415245272,145.3268057859678,0.323901782386506,0.0007865441157811386
50189,-9.557860581175557,-7.283982007089503,3.0516267793295726,1.4571697521240574,468.8127487273839,0.2549875198981253,0.0007866083055339182
50190,-6.032638548472926,-5.386888273257564,0.6942952650645356,1.589431478916836,370.4926879513342,0.36225012860022865,0.0007867116442018182
50191,-6.009667822320843,-5.122584210081956,4.521457465292608,2.9138646193068696,490.9631436350574,1.2982316936692113,0.0007868404478152739
50192,-1.8635486595414754,-11.831592508164034,1.1741638940083574,0.8814581489721792,240.4828391966738,0.7146060262728211,0.0007868604160484498
50193,-2.1526994433002367,-11.20281090715369,0.5278115659946003,0.7641219938740936,224.12393368646158,0.9913870153993818,0.0007870489518682874
50194,-7.063952620060337,-10.397379618385992,4.168133760680938,0.8289476666029663,470.1451141408333,0.20188810630689868,0.0007872044297849094
50195,-5.18506863645725,-6.167943997330317,1.9984433806507351,1.2537488466750126,269.1568345337443,0.4189147789625327,0.0007872426910700725
50196,-3.271347940260002,-12.868317240337937,3.9917924155255635,1.3062140887403737,291.57128635314746,0.27367792998611673,0.0007873079609226519
50197,-9.08564704157562,-7.373663569807241,4.249304786429651,0.8893700263023988,248.7485073219403,0.3222331034781485,0.0007873744929049031
50198,-4.447994469816523,-10.318770239436253,4.609939020671584,1.0252936782297466,361.69303229050547,0.8027021561409837,0.0007875498071725417
50199,-2.3230134652231547,-11.241154099026943,0.3688419125125794,0.8593803184330886,246.490515709088,0.6932077097982612,0.0007877038885816798
50200,-5.415063406105004,-5.639465567149509,2.5083721651139412,1.101656062228132,284.49017185295395,1.5557052538162734,0.0007877907098576716
50201,-3.996919375601803,-10.49590584449701,4.504043669451645,2.259771797338772,217.30886148794255,0.2091334110139096,0.0007879427602534307
50202,-4.811199469238515,-6.1320626413400054,2.8242222601585074,1.0338180950767717,467.5283005592161,0.6561511668057429,0.0007880008013831947
50203,-7.654302622838473,-11.872569242657166,0.3609184542644967,0.7118506555972636,131.51864632990666,0.21454303727666257,0.0007880634936937591
50204,-8.416627553226883,-9.203851499522376,2.1107760768269794,0.6006926407155799,128.76620912547438,0.22436509247839265,0.0007882798245179737
50205,-5.6508274859464365,-5.414691963638223,3.4009124642176958,1.5885540568988907,468.1655298166648,0.27467486174833944,0.0007883581260362985
50206,-9.67482498663486,-6.763147546505401,3.5365256130492493,0.943047296856443,215.15138435611925,0.07661805337036309,0.0007888072935599699
50207,-8.481011160497715,-7.885989982190861,4.727626281946911,0.887153523889957,468.0670154651768,0.5716315348908863,0.0007890934676202735
50208,-5.577187196624006,-6.116525869217868,4.982375181419441,0.7392422800701514,458.6567730157908,0.49457099827283635,0.0007891808915451174
50209,-6.052430478108591,-12.267883754846478,4.079000623017984,0.9820380306862008,259.52822928335183,0.9579713804225554,0.0007892770204389161
50210,-7.991190083894553,-10.405550413220984,1.4797758387375999,1.505491972376019,467.80440423489915,0.2928162414269009,0.000789517218523157
50211,-4.509554508725179,-7.118445428121285,0.6448358375239441,1.308292934829246,286.45007814178837,0.933859531087422,0.0007895417193169287
50212,-2.7292646794547757,-7.536088654867297,4.750188989797696,2.4343497258682585,436.52428981764336,0.7104522689511787,0.0007897743447402107
50213,-4.051979281185883,-6.321804635638628,2.797211278522984,1.7403566349392456,468.80087139364764,0.877337290771524,0.00079014291542122
50214,-4.8364026808633,-6.369228717147003,1.859967354832065,0.8637831941359259,219.64288871786388,0.5689523929950946,0.0007903818934755382
50215,-1.925089611849117,-12.243281679777729,1.1343089474053853,1.4940953618460722,344.5958891355767,0.7689785259678104,0.0007909125017462506
50216,-4.841393901622212,-6.113813168206945,2.8164581523580727,1.4842825928261016,470.2380998569972,0.039445563717617205,0.0007909594312084013
50217,-3.680416136364201,-11.47385100265715,4.154610356016528,1.910540442641339,468.17128965312446,0.5700550163695794,0.0007910021714303362
50218,-2.735305840018399,-7.116632191773024,2.684730204022777,1.0572801396594387,280.4362233001572,1.6619048000302827,0.000791082015629059
50219,-3.1269539867435823,-9.933445368449789,4.981590181212928,1.117040605308063,136.6349832340439,0.29213046638797646,0.0007911370299733197
50220,-9.855371605840787,-5.107865991739606,2.6084965336574957,1.817847103489153,470.1928719463278,0.0525222292939489,0.0007913091225507497
50221,-5.940615983086314,-10.753031336809922,4.434175430871881,0.9508197106574074,470.27896396782944,0.01892151391914254,0.0007913365961964887
50222,-8.686496336482804,-8.064732848115067,3.9770098540986027,0.8902026821694058,467.6715979455794,0.10309282163844191,0.000791397972774893
50223,-6.230178003676472,-11.097349892119992,4.286787763565638,0.551808616027436,152.05604799757072,0.05691508492742603,0.0007914247273830708
50224,-4.669746993220148,-6.253030198735965,2.3456388068102996,1.7725036730753285,420.9454991428367,0.20760484094803644,0.0007915205704589356
50225,-1.8791192769698117,-11.084298613617648,1.297685625592183,1.7656823898552747,417.3316306675338,0.5845015508999909,0.000791590006751129
50226,-2.1614418159265547,-9.09061801529299,1.1200989803860883,0.9331111868453029,254.41717509206148,0.7735903522887053,0.000791890853479383
50227,-8.972344780553232,-8.271577547287368,1.8212696098769803,1.732455304521881,373.3801689439182,1.9837436636428363,0.0007920656932814432
50228,-5.786607013192581,-5.855785941659695,4.852220755420769,0.7846815404068767,158.59368402890945,0.0891089128148197,0.0007922197157261374
50229,-5.899371863340585,-5.8785280337167745,5.149914375673843,0.5235058550688323,132.03213876209534,0.6589675698543189,0.0007922229074910894
50230,-2.044327084963129,-12.77384474575072,0.8817352018856427,0.8710120183570241,147.07535899066795,0.12808637203400064,0.0007925262796999462
50231,-8.74229094463691,-8.518860691343425,2.6178372338005778,1.903813947013922,468.3202846334987,0.6090742766754538,0.000792729615460637
50232,-3.9409594358662243,-6.286827079484331,3.1896699089775677,1.086830983887923,281.16038330158847,0.8981142168386551,0.0007927827926813997
50233,-4.991217045523256,-6.489844843559658,1.4437135516960249,1.0773183461511817,288.5421839530559,1.0164918009199502,0.0007927945738216152
50234,-5.124320783721928,-6.020590607920311,2.4182924984355205,1.4711757300471757,336.83662323885477,0.6579378196711909,0.0007929269627213741
50235,-5.649135826780215,-5.7818870749435884,4.332079104628938,1.3876346814187286,306.5561866003216,0.15918932392805907,0.0007930674043412704
50236,-2.631328129657783,-7.933389886218471,0.44567411585291483,0.7211139489622501,148.03094350722836,0.7697087781225393,0.0007932085506970995
50237,-2.6212085363101956,-7.55304359099029,0.776222215645707,1.1244681811470945,467.2520901336249,0.44452816674328943,0.0007932757947681806
50238,-2.8547684867495358,-6.9007924556847495,2.187281714201523,1.8217973676396917,440.2707540600644,0.03044249969324575,0.0007933664999012759
50239,-2.3587848687850608,-8.547449568917669,1.9894528383883707,0.838791820641461,214.55257307166482,0.2625672647686077,0.0007933803265240316
50240,-6.6199029025597085,-10.118664049229144,4.637988456575801,4.029342375975107,502.6306924557978,0.11789255479081984,0.0007934361206383327
50241,-3.0954990344045026,-10.22702735984396,4.80841896364295,0.7939366882684395,229.37708204990096,1.404104723598972,0.0007935029131049236
50242,-7.633565331952052,-11.854331302087768,2.6449916095142987,0.931696263815364,469.74993015881114,0.23881754385970755,0.0007936223596575047
50243,-5.096435582674136,-6.516560015700694,1.2268613077190558,0.7253085535718097,185.09591347976883,0.5903750324877892,0.0007936806485910648
50244,-4.296726685356516,-6.376443287294928,2.1525979959951895,1.122651819423719,237.47399527079466,0.030203054179673394,0.0007937349544197622
50245,-4.214919368274048,-6.71481175010495,1.494604138738347,1.255227802395851,267.54996587389496,0.10098360144836871,0.00079374318520423
50246,-7.990619232731691,-10.40718118172831,1.2226885181059801,1.0261032800475,217.52799525948066,0.9940697517764869,0.0007941483670141138
50247,-6.194182288079279,-5.853262725869709,0.22273323049071195,1.0236000846845263,266.9881022785924,0.2953145816606195,0.0007942593770679104
50248,-9.621574910759364,-6.856725614069893,3.5942431675910997,1.0481032045066836,422.9701281961083,0.028005591476222058,0.0007943465794664397
50249,-4.51572719755561,-6.449826551631739,1.8917824966204018,1.2980199384580626,274.11828520440287,0.1821541652731371,0.0007944667295325833
50250,-2.129728684523668,-12.521715835223151,0.6439177150425354,1.0530567702928242,278.7157519462668,0.5958954540361523,0.0007945163607490615
50251,-2.2857812831169646,-10.1972046229724,2.5322879107671556,1.8685571212075818,447.89238342641835,0.553282171685276,0.0007946339452673529
50252,-3.961024302051584,-9.847277152600048,4.9156896773090715,0.8801897240435452,183.81614400855756,0.8860765767086871,0.0007946919225383379
50253,-2.321803952624898,-12.030006638386805,3.0002496362727826,1.8572530412364485,468.0239515043269,0.3788667877050029,0.0007948529070339268
50254,-3.439075309329729,-9.818555542463145,4.930532292996951,1.1721882583223013,467.20677254632386,0.22641010346901602,0.0007951115012186547
50255,-5.363345148778225,-5.777496509717842,2.3481404018771603,1.0938387204269884,236.95630788539674,0.8022022808480518,0.0007951779938425884
50256,-1.9643790676164734,-10.899313007073559,1.1611849330986914,0.9203515556626859,188.42815751682403,0.6951849186603107,0.000795376860846636
50257,-5.7133089258168575,-5.210015407249993,3.335561232407513,0.784215154348969,467.64758347689093,0.27475641027269315,0.000795400197655356
50258,-5.773935331408013,-5.511105804219537,1.2131736471219323,2.288346183734501,435.4261397787857,1.7563340771400293,0.0007954946627957583
50259,-4.2397064122528825,-6.43695341609273,4.520639196793759,1.1144631728064989,290.2293718305803,0.9812872954225282,0.0007957424589345997
50260,-3.388313199894151,-6.41527547869625,4.134072232751053,1.1023742417183318,288.2393210315405,0.9411565793600589,0.0007958281980450636
50261,-7.7354674906013,-9.118701183238482,4.34691279066164,1.771412649633089,418.49949898562573,0.5999268444801196,0.000795973119856481
50262,-4.8484837071136795,-7.471381662549231,0.20274706600819092,1.77466057416194,421.22508031073164,0.07870284981142017,0.0007960186427002362
50263,-5.186645250227983,-6.95030152547449,0.6008273691529188,2.250586816751876,422.25650798006126,0.8787842074395744,0.0007961128756328103
50264,-6.815306059481227,-11.610155837536446,0.08573271245706768,0.980221062407215,262.9215097039589,0.7471753017649112,0.0007961301942222799
50265,-5.853756463067209,-5.321722474580939,1.6194702378198647,0.7279576118607686,467.4931635163441,0.3087217724343061,0.0007962695270237934
50266,-8.139622908231289,-8.432527515358553,4.548052923405571,1.8452424152417675,468.1914527187319,0.32516315653316763,0.0007962980363714438
50267,-5.740134948627619,-5.233453671018966,3.6085561049002317,0.5795088817503155,111.13465334471522,0.029597282101344824,0.0007964085579342995
50268,-4.921133024447873,-6.090417419308372,3.600635438200495,0.8146085125201276,160.880870681008,0.12429969596438717,0.0007964255017888851
50269,-4.8297006751644345,-10.181693490522726,4.701435470053249,1.406592555187134,307.03144350525105,0.9046958791198749,0.0007964443173287679
50270,-2.3476297609266332,-11.020950049265672,3.33175625200543,0.6614770567793449,140.50919661896637,0.291819227194698,0.0007964641914085009
50271,-8.768524063036766,-8.59820189331873,1.493358338267991,3.31969664324628,492.8312202886,0.2421321423753362,0.0007964890096072483
50272,-5.532967145719424,-6.0976707973843425,1.2251607210597246,1.6149950754839701,354.84650243260853,0.4697436580482268,0.0007965509100512006
50273,-7.001580148724218,-12.282704255885365,3.6880616671867203,1.6682934894512327,389.28901309664866,0.6102954022983758,0.0007965609766542925
50274,-3.510449356480091,-6.356212835283469,3.365031577391628,3.94875880299978,417.0013125613777,0.010469234690863694,0.0007966016255401182
50275,-2.277767672542649,-10.301229982983784,2.455467422908551,1.5015467036076384,349.4700425798829,0.4930890453928276,0.0007966521388278519
50276,-1.8799133087404627,-12.873221425495618,1.112165076813144,0.8827914877619026,178.10116651435473,0.08518182288190257,0.0007967863977638544
50277,-9.779571749720898,-6.789172629143595,2.7749223019613223,0.6183015620838811,129.50377748400754,1.0013264190135196,0.0007969273838490164
50278,-6.907463321440316,-9.521644510257486,4.948969722197706,2.6650014565884703,453.18079862483927,0.560299404828716,0.0007969455665665184
50279,-4.1718138683034915,-6.573980858017644,4.954225005327291,1.1100342980169946,464.7708102169435,0.8284825968402041,0.0007970037674810451
50280,-3.4192013350728736,-11.80696139294209,4.079456730215679,1.8173892285454794,468.85725081153623,0.6423285677643271,0.0007972357940531748
50281,-9.242295745330766,-6.6050714789679255,4.589151921343069,0.8763439772441391,467.68229847914944,0.31796503954701993,0.0007973827532743497
50282,-8.92910813895277,-7.708498372238535,4.060247217320032,0.8920433687719449,467.31455729940615,0.1711958156200133,0.0007974917017265276
50283,-9.487743777859235,-6.5266200923633635,1.6964852041818292,1.0320418859102918,272.18996108507054,0.6351303313844108,0.000797729857913532
50284,-5.33614894341015,-5.92215189968805,2.0923831137211266,1.408112535216265,320.96792534832815,0.953609061891032,0.000797808285103806
50285,-2.525716699646072,-8.628945042258067,4.574520062439952,1.1178605109472586,185.98272121530422,0.1371131415960143,0.0007978785791061438
50286,-4.938839557722007,-6.034458873326649,3.1011080575792644,0.930835425223169,468.4288828777988,0.2696521026049128,0.0007979585943004628
50287,-3.2724407037399272,-12.31936274342128,4.026020285221718,0.8365917363361769,178.96009484452574,0.2231388249398405,0.0007981246640342079
50288,-2.2431012472710368,-10.200801914120113,2.103322587037192,0.9177174055027606,208.1470383900869,0.2269506088692843,0.0007982073492506773
50289,-4.823218632305874,-6.702637071647946,1.0750129202675014,1.1806258059690757,230.20335326911606,0.0959392713211864,0.0007982630073998876
50290,-5.469867057251565,-5.686431132016431,3.6078922372246254,0.5993446795234486,127.50526836466346,0.12948239781362503,0.0007983869134517175
50291,-9.621738874172243,-6.532306359234122,3.8046586526200388,1.0361215106453843,267.3771288692232,1.2963507263815641,0.0007984143790165626
50292,-5.119310905625427,-6.101009884216717,4.116081570461453,1.1055262972579996,467.7904525405723,0.9180326129529357,0.0007984544980525882
50293,-9.41156905890774,-6.910118831398869,4.063653627767945,4.223955679084368,416.74494457935356,0.0341867296426015,0.0007986408716670318
50294,-2.031566418387828,-9.79173666388673,1.1367363514197755,1.0574323605586466,282.7927379019035,1.3602143257719073,0.0007986748328839538
50295,-4.552093081936864,-6.896015785882897,0.9206971388299379,1.520186099032475,349.10870504427834,0.5837794047981921,0.000798688714015449
50296,-5.814055626017643,-5.200779151395025,3.741479757051392,1.945000786555611,238.82836904419375,0.4129433978434873,0.0007987077133130683
50297,-3.7060915866998734,-10.030899543374026,4.767411887140813,0.8503779776920306,174.10226003406083,0.07999202201315736,0.0007987248230223237
50298,-2.9967308930513648,-6.621799290273004,3.018339738568,1.807624386776168,437.24251210538546,0.020880396570275295,0.000798749484014065
50299,-9.34329988247654,-5.735786188072001,4.476183099567511,1.074453227109828,280.9456198010479,1.7376471516909984,0.0007988352016135593
50300,-2.074202652959518,-10.12376099492401,0.8912064243466359,1.3461693125213283,301.38767060333925,0.7065010462070997,0.0007988853268479541
50301,-7.762893890119628,-12.998744451172403,0.813103416900607,1.5390123146286925,468.494338086429,0.3951472715439275,0.0007990359257241454
50302,-7.876061494015433,-10.350538436968401,2.650408525439889,1.3046242351412671,284.07794172531084,0.8210258083110675,0.0007990830256709824
50303,-2.250792484957202,-8.70689825942316,1.4071718480802888,6.494873639396279,687.4929793510223,0.3382805166063765,0.0007991525515668434
50304,-9.383273831293925,-5.753759445386432,1.4578202172519064,1.6707522774308532,468.721550503229,0.49462739938743194,0.0007992806060534571
50305,-4.000836545942009,-10.651518879432501,4.424638024700069,0.7817261806823647,210.79353755163018,0.9495584865407887,0.0007992946705858963
50306,-7.990306086524406,-10.736171659011411,0.862923434752699,0.7898276374964789,196.95121359438994,0.1825362027533206,0.0007995417363160177
50307,-4.1388518142257835,-6.281112906741325,3.3776879891272693,1.7813339800154946,420.90972551652476,0.6162600675305798,0.0007997011882629044
50308,-4.353853018493369,-6.2506702446229765,2.9156089298601384,1.7120418743817611,403.170499903439,0.08058843790060788,0.000799798478193944
50309,-9.00409567109886,-5.683849475297432,5.100047001508907,0.7688898378171783,468.3519002345319,0.28919024139391336,0.000800001378181868
50310,-5.3540524721871705,-5.708107514285819,2.8169918397278457,1.6149647911764633,373.0691149773087,0.7739035683804838,0.0008001341604181945
50311,-5.514727872225328,-5.758624456955836,1.9646540340269147,0.9861280159821126,270.4086687873035,1.5911662644971072,0.0008002835621069559
50312,-4.527989591466099,-12.642059052606001,4.008651148914424,1.3641486718496962,469.4110156803162,0.14895578741058646,0.0008003849738462735
50313,-4.678101876747874,-7.381448902804392,0.32591831258539533,1.4233705135980836,468.18006325397187,0.13705872138702624,0.0008004419958979537
50314,-7.7022712372871736,-10.400034536308286,3.141263994190453,1.0006394690344713,267.92218115657994,1.527569843971941,0.0008005539840739741
50315,-4.631874185025179,-12.41797161683995,4.030704538991265,0.8582892692651098,224.21343386660212,0.6289699571678407,0.0008007763897101322
50316,-7.598093937764519,-12.798207099007898,1.3560882363833275,1.3229180268920364,317.10640096849033,0.20433346814794895,0.0008008694956294009
50317,-7.395648769347307,-9.092651364750253,4.901331360623278,0.9567387248318528,173.3973935112306,0.2735561262064925,0.0008011421117140632
50318,-6.511081353735462,-9.745021654523322,4.958711190855672,1.461089684867919,467.9780056559669,0.15936656369151603,0.0008011603721545993
50319,-3.184716701153091,-6.549092907599744,2.075043657677107,0.7862493789418663,212.96153470307402,1.2032124143084983,0.0008011663104807316
50320,-8.933833997053036,-6.596676958260251,5.164696494415699,1.508056444163272,468.23195112383127,0.6417023118309721,0.0008011698331057066
50321,-2.491425755632343,-8.994829594503813,4.587128117396956,2.8036723324284143,482.8913422978958,1.5758716381559843,0.0008012255571395003
50322,-2.824615984126563,-11.985160063815833,4.7827396861074085,0.8949421591393999,423.4693049710383,0.013022264587102761,0.0008013386602654191
50323,-6.109855647700554,-5.533017685188755,5.155201200712056,1.8115350676589517,446.55475476950505,0.9156199859461154,0.0008014191166533096
50324,-2.7381436280873803,-7.159812512250256,2.066778258646667,13.33773103045116,619.5644688665787,0.01210113126538559,0.0008014557680686812
50325,-3.1805161697286692,-6.950519563782585,1.0741478802891535,3.786436328930875,251.7660792127071,0.453492085126574,0.0008015979350809973
50326,-5.378685649786868,-6.682492002244405,0.7965855987011402,0.9160926358871883,180.0806046180469,0.07444856000044897,0.0008016120617486441
50327,-5.0937034693532,-6.286884036083013,1.7310315478139782,0.9647058520099718,467.78392714810525,0.6243549900187029,0.0008016599883763122
50328,-4.085272325828994,-7.031929010468657,0.8372930597449911,1.244584382246643,284.72888837709934,0.11742554712961262,0.0008017281983744131
50329,-2.3335946952013433,-9.143808599246853,2.610975023916254,1.6184304042140603,372.84886402073084,0.05130232535386625,0.0008019914592702305
50330,-6.27225286796394,-5.448662478932698,0.2679140091431739,1.2757673815694783,311.523896010789,0.5310712702361586,0.0008020145533646363
50331,-3.225906031599644,-12.900358833866973,4.0018702033668765,0.8597927819822633,469.87895136890216,0.18891323902650736,0.0008023799775135215
50332,-7.881477192123246,-10.632263063702792,2.3154206806286752,1.3492982343973614,467.84728914534105,0.06358274916519857,0.0008024853199840316
50333,-2.3479310723719395,-11.63863825646809,0.344598627869123,11.788908280566936,592.9390487878578,0.023123820161288222,0.0008025197464979417
50334,-2.4667457771629095,-8.103974669816072,2.5290813833716177,0.9620769106875656,258.27103966903053,0.2140897290132644,0.0008025628743137477
50335,-2.9291260470750844,-6.728721892464814,3.11474521155321,1.6362851515513601,361.3250399525151,1.9810199762817655,0.0008026178011755609
50336,-4.1066210402793315,-9.541830455893972,5.1732918596891455,3.1543676964611365,507.6796432119688,0.9916057501252231,0.0008026221918852245
50337,-5.9875808847778,-5.251776114985255,0.8930107529083086,1.279401929388084,243.74707318842061,0.021932299666855393,0.00080278238642626
50338,-4.281744155541531,-7.20841238794036,0.5885656924951652,0.7670001594140192,157.14467582310883,0.1528359671584596,0.0008028530219316462
50339,-5.299567145611433,-11.947997690582966,4.108491953044531,0.9481202768549112,261.3585538782821,0.2821015759798602,0.0008030204994315582
50340,-3.3464706116873977,-12.546378063824102,3.9936395093306554,1.7652644511074245,418.63631171829167,0.2624153104311837,0.0008030379364798657
50341,-2.259821908672345,-8.488324523653827,1.2657142680932731,1.4599756807760162,334.6252074761603,0.6164787365592304,0.0008032306892840641
50342,-3.9282732780354293,-7.420053386506804,0.39074851948106426,1.2541946726833777,309.36792067441206,0.8225694448274856,0.0008034502377653863
50343,-6.185590050728386,-5.348024421778028,0.4143485296019049,2.854725227597904,465.83068332979826,0.44421716970969616,0.0008038585897730149
50344,-4.666819082341593,-11.20661255663786,4.2376557951164955,1.041387233994164,467.6634296190363,0.2764586360744925,0.0008039845583231071
50345,-3.646857648190501,-6.349517698736617,3.6903854308448327,1.775804142204146,468.4217741432021,0.6060425357916239,0.0008041402259513054
50346,-1.829455179507228,-10.968144984874392,1.180418213831181,1.0578384103919407,253.3382930470294,1.3785388183841478,0.0008043866287382602
50347,-2.444614853816235,-9.376709838360656,4.277789796897034,0.9434248272448889,146.6565144336601,0.39299421151063285,0.0008046962344455601
50348,-5.132849477775179,-7.002264150702834,0.561475511529472,1.8636539657465347,470.1235204739092,0.15733877898690363,0.0008047198194867369
50349,-2.5796959448870957,-7.749128128626969,3.5114096991562294,0.9334946554401174,264.2214459823242,1.793924926394519,0.0008047937323068757
50350,-5.975200484939084,-12.240391764313257,4.0776576196527134,1.4548089036905427,329.1749875260301,0.22983719068464747,0.0008049673773208369
50351,-2.449839639247794,-9.507822302038086,4.402134875606402,0.7974402700259923,132.35018322602718,0.2784644223804049,0.0008050299026821911
50352,-3.0229853146888903,-6.8347602071021285,4.697192923280376,1.2204595657136375,295.72212216555937,0.3606930715679031,0.0008050698931834222
50353,-8.003216439285353,-8.598359649722806,4.557977829978315,1.7546664151072267,467.56286475078383,0.6986086311827782,0.0008054491351665254
50354,-9.562555381994128,-5.171912879340822,3.9738130717403086,1.7896850534806474,431.7387203913072,0.1850709419226657,0.0008054579402936694
50355,-2.3595989054358544,-8.809607338053558,0.7147881438879209,1.9044332340476984,467.54173025354055,0.5229922834631315,0.0008054749846193233
50356,-5.442993146253617,-5.872630778762556,1.9936658767084312,0.8567858861888984,205.79019494397934,0.6905901610389398,0.0008055694784527595
50357,-1.9916629082332342,-10.70580360535362,0.9668659821430564,1.034004029224853,281.6235891253697,1.0975989294148052,0.0008055769859644628
50358,-1.9441559649922233,-10.5752110349491,1.1415299282745706,0.6611816093912044,152.44363250533647,0.5416058033447113,0.0008055941358275668
50359,-4.487473400112964,-6.209433110644952,3.1959250337721414,2.1290511774772303,404.40803636112474,0.29436705139864117,0.0008055995999541979
50360,-2.369832235294032,-10.94384830204908,3.819099983574167,1.2122895558326272,262.0802998218188,0.8492180085924925,0.0008056787957821768
50361,-6.521754918917026,-12.078812508646743,4.003837289047773,1.2848846457377832,468.31393989166264,0.21327308643231913,0.0008056798141034881
50362,-6.005674140891756,-5.445583938092773,0.7592399062619711,0.8215491096920912,466.9426185418339,0.5433163004492192,0.0008058404065731669
50363,-4.040783706740645,-6.293635783240509,2.9127093987153163,1.843655179080433,440.1401570535717,0.4962103722010207,0.0008059298132903589
50364,-5.515570814595476,-5.485850917010909,2.6542340956731207,1.1522592423129667,294.90339267967084,0.9949077870425649,0.0008059721908220071
50365,-8.054031976754077,-8.939463774801492,3.9404975525077033,0.785678724566283,230.82573881439086,1.4279117790802784,0.0008060872563379045
50366,-9.857240712167814,-5.605808822483059,2.9927606879051822,1.165421607082048,241.38840420221203,0.19582595698734817,0.000806317284090038
50367,-5.130034099929849,-6.508205900805531,1.2545750680633387,1.090650899524192,309.61963178989,1.0674426607914578,0.0008066552949567442
50368,-8.894841338820134,-8.258208009747987,0.9304796236571231,0.7255490773415898,168.16469596751878,0.397098343439775,0.000806834536085721
50369,-5.739473351139629,-6.811390977781831,0.3555268704658309,1.1534138415941613,468.34187070491004,0.5141976334224694,0.0008069176956295865
50370,-6.578632005913683,-11.866398932993729,4.013190694014897,1.4351813482737872,333.3005340739449,0.6394323077110666,0.0008069811677855334
50371,-3.6835711894385685,-10.70868686569083,4.386895798853509,1.1535710781801838,468.77043167866043,0.6446283941843012,0.0008069988180119924
50372,-2.832171245679879,-7.330055370351493,5.044482220665815,1.5815433331131212,468.71741274892923,0.830570554323125,0.0008075111064464358
50373,-6.193141702579457,-11.486167833201781,4.180365113075365,1.8320678691789054,439.25225063987364,0.1351304218761662,0.0008075632785680465
50374,-4.910624874831152,-6.071576910508034,2.8524395627053134,1.2028396090231683,304.6887764673287,1.531038028873735,0.0008076489253433811
50375,-3.526409518984539,-7.398240699997561,0.470534532611829,0.9619676391377686,254.813740402224,1.0650448565753612,0.0008078637865718347
50376,-7.5941447058677625,-12.8373144043683,2.58168796568798,0.5541662113880897,144.66196282542668,0.43641544309995606,0.0008079198141084256
50377,-7.160772388824465,-12.942937866944458,3.454519941363503,2.9883498911683066,497.9968193892948,1.4330610202829037,0.0008079921352462126
50378,-7.082542068213457,-12.202415959956753,3.60826265745958,0.8978670172459997,468.8587447287162,0.07814650292964043,0.0008080429772042842
50379,-9.828138537592778,-5.749043825582204,2.4818389276692288,1.0369296511954278,467.52618106561476,0.3063641721801993,0.0008080559745283855
50380,-6.223827247043069,-5.4866560849932755,0.36633484715031855,1.5906478502804746,382.9246004901365,0.35725670074485816,0.000808144326819092
50381,-3.735494232540666,-6.821105815143647,1.2879560641797814,1.854602038335743,467.4243866720054,0.2322609988087807,0.0008082795032661398
50382,-8.870480513178332,-7.845432460133549,0.6381640890893527,0.8352517209197002,432.06205826185777,0.12981851076336692,0.0008085549989850842
50383,-4.036682535291699,-6.338397892746826,3.7298511969737067,0.8836362512694714,221.18784318741712,0.9657232171422683,0.0008089275328920533
50384,-6.24856854779259,-12.782345898457331,4.003723584377397,2.550552051606078,459.4515104594107,1.489558870906519,0.0008091521806465783
50385,-4.175771853922162,-7.312500353024589,0.4882172374849391,1.8523255375587804,462.88839515596396,0.40677358494685034,0.0008093542473365076
50386,-2.3616865042078494,-8.626792827649215,2.2469176414617986,1.3562112968743836,318.9899709216345,0.9092812201180189,0.0008093556535098047
50387,-9.72980387909329,-5.648450688794116,2.107787785464363,3.052665770678848,502.07320295292044,1.2647267692085018,0.0008096402983640079
50388,-5.034545189645396,-6.351255601190405,4.826030471503652,1.8880636430693039,468.0216165620368,0.02745652143665378,0.0008097115752727208
50389,-2.4232282034587316,-8.301729253890104,2.3499845713519325,0.8295040408550475,223.22403979554142,0.9234413470882563,0.0008098053394968855
50390,-3.182370938992065,-7.594487178522838,0.3309591142323093,0.952838391858343,467.22457587113684,0.11927709516440288,0.000809931422519682
50391,-7.185751778186999,-11.743983258055536,3.5568214104887934,1.8842849628637697,470.147052981791,0.20097192923744434,0.0008099395228975524
50392,-5.4216580814496345,-5.769504696354128,2.0857992667052594,1.5678062469733787,337.28614006700707,0.190395709789823,0.0008100472260659775
50393,-9.785041182451664,-5.299842105341901,3.3889850246988997,1.455181708918413,213.53725526012815,0.041821498637976795,0.0008101114070106231
50394,-4.6543237835312965,-6.586235890469888,1.5424175673872853,1.842235217343234,468.40296054145864,0.18328199756287233,0.0008101180019089738
50395,-5.421829947799781,-5.803243374774006,2.3588740619272257,1.1035854263544496,467.1145813957188,0.40009015263134184,0.0008103983772362812
50396,-8.641733703698279,-7.290934950088643,0.3872852904397917,1.8322492026743524,438.8861260148807,0.30088837510401945,0.0008104274069213129
50397,-4.527442987535889,-7.257338024275426,0.5348623629778156,1.2650337825159494,177.6672557494727,0.18205844621266198,0.0008105444407577798
50398,-9.556730031579125,-5.655738984633224,4.019009626806488,1.3264295206917514,247.75956150144137,0.0015529458830672027,0.0008106303772723683
50399,-3.4353433728343665,-12.448264394700693,3.9923374620691128,1.1411631740682224,198.3573559253099,0.11301004657644764,0.0008109654187793663
50400,-5.48495586990193,-5.68405595373826,3.3544950573236147,0.9154853156014516,357.1765930256793,0.8716901299788189,0.0008112317436626428
50401,-4.35827559656846,-6.245400312702181,3.1558803159669515,1.7932792658520882,469.0493881159086,0.5639498050486251,0.000811456628115592
50402,-5.939113146060784,-5.3405586361706465,0.9654838103093787,1.886094907710158,468.3518882099525,0.572569004278642,0.0008114850710255713
50403,-5.297329892397629,-5.986773288263738,4.039147035722656,1.4526571148420482,334.9212343036101,1.4034662847284327,0.0008115340301292004
50404,-5.296574025632804,-10.991461167990376,4.322324440108577,2.029329528122881,389.3706618692372,0.3888225528237905,0.00081170211858138
50405,-6.048539892841196,-5.925306734911169,0.5272589832137111,1.0973481661577063,468.44383244748883,0.6658479213308537,0.0008118040845255224
50406,-4.569221750464635,-7.698929349864469,0.04932674058839308,1.8737427418202188,469.3648693388403,0.16957883113077177,0.0008118105715318046
50407,-4.006185851481724,-10.72319006969545,4.38642523313636,0.6353626829487841,171.72968354727413,0.5195848474782414,0.000812018235862583
50408,-6.372834475695607,-5.295780884484695,0.07857911666070012,1.0860660260688635,216.02203097316195,0.147917106766271,0.0008127003517785713
50409,-8.093188175871584,-9.550889265624223,2.8817442761972067,0.8764282651992127,244.592553185851,0.36056960975785746,0.0008127055507047745
50410,-7.981059086393574,-10.147213562332265,2.437759370411566,0.9556707244154842,137.4602152760611,0.37504050330283434,0.0008127869809857874
50411,-5.358281264698181,-5.743533811892084,2.930609237870539,0.8612454564071809,468.01545403838884,0.37509866066281905,0.0008128113342895469
50412,-3.4070097165870976,-10.341593418117629,4.566181908996201,1.242454665722743,467.6000018942581,0.5923458958163437,0.0008128388450066116
50413,-8.863777732952869,-8.424901193791664,1.5751455905043623,1.600945542959405,468.5714910424408,0.4195610505617742,0.0008130079650816919
50414,-2.801419254221865,-12.9105798138441,4.740022623134979,1.2576361460950582,176.6951014355429,0.18060692221860997,0.0008131460573086877
50415,-2.4054085733302157,-12.670563906669031,4.504457659966151,0.8418742112806197,211.8449881531701,1.05956345097949,0.0008132827696795882
50416,-3.4196568578794277,-6.345376950686235,2.879219159778905,1.511120487813825,345.50239195049323,0.9548811034976339,0.0008133846746339
50417,-9.524241413404146,-5.785173805816157,4.100208756368759,1.7202347406992806,404.86933085075214,0.44529908118467443,0.000813386684404044
50418,-7.761888113249896,-11.63650351090142,2.0874240562709026,1.3947193703926728,213.54835713584808,0.11217872722902822,0.0008136185148502547
50419,-2.6494394758816187,-7.3333598568126614,2.170117177278948,1.5242778754888462,349.78243797781676,0.15178478705808107,0.0008136887973572349
50420,-8.476738815757066,-9.175569407075507,0.7652317247369299,0.6665227237176671,204.4884982310334,0.8953921711179209,0.000813703464951187
50421,-7.853999591144433,-10.768948045359588,2.297874889234609,15.89139437294999,778.2572161946198,0.17098979393693092,0.0008137677807764005
50422,-9.140207439330506,-7.837488787178618,3.1452946970560793,0.8756780226814391,468.60962725014406,0.14865558326659745,0.0008138385824175752
50423,-7.278090410334736,-12.368588938325242,3.335068145613654,1.124774454081801,184.05245342518234,0.15044525422999033,0.0008139316319432955
50424,-5.610908199961765,-5.282111277172082,2.70438212104363,2.2993637437070182,436.8920066837576,1.8898870945862933,0.0008140113004596475
50425,-8.286131088145888,-8.988602689408534,0.45803211301234525,1.8705536295358398,467.31451538463125,0.0503139932943526,0.0008142479383363326
50426,-4.123521256805414,-10.598225121175286,4.437085861296348,1.7419395017047818,411.7178439597646,0.4242930353920409,0.0008143569865539705
50427,-3.214495424575481,-6.373550404771412,2.9464139075980453,2.011819937074901,405.9933887933687,1.8309900047192924,0.0008145991789045184
50428,-9.726270458334922,-6.194211128569469,2.135316058509738,1.1039423904032193,276.6154111910347,1.6848863624855879,0.00081468110566649
50429,-8.97718378170971,-8.212492167175235,2.4404503149479093,1.0079866303466865,212.8072274055809,0.0007660244666647387,0.0008148152559999748
50430,-5.259972738336339,-9.574929508135419,5.181263872256052,0.9493374801726939,224.47654562390193,0.48510403521146817,0.0008149312139762346
50431,-5.516545618568455,-9.988104966968766,4.851065221910532,1.8975858892105122,468.5825170446206,0.28900031515231017,0.0008150391829844424
50432,-3.430396206944126,-11.564423935138539,4.116202581061104,1.3803934904399038,209.37096129655757,0.4279415779528408,0.0008151299944806084
50433,-2.748385342994748,-7.079542738191241,2.8964102840511052,1.2018273278772673,467.302152711596,0.24171427287740865,0.0008151336958888512
50434,-7.741816277662471,-11.982333657786917,1.9940912420107602,3.9615504763074227,565.9361640956622,0.9255761430446254,0.0008152360466033933
50435,-7.665557846738514,-12.709225050081908,2.282481592904102,1.083014785639051,281.3056735624203,1.6053954618176425,0.0008152434335902088
50436,-4.422880967200595,-6.36724608356452,2.1516641699476255,1.6922364581165323,470.1022721619158,0.19880960993400887,0.0008155679789778548
50437,-3.4505429186312817,-11.933990693047837,4.051417295945623,3.167730965166705,498.8819887771261,0.30849832136633015,0.0008159181746156274
50438,-5.278827154894353,-5.813184062145218,2.882539601562388,1.8127055040049538,431.5523371460315,0.4860800214373162,0.0008160015908469317
50439,-9.657958452455283,-5.036904575415337,3.725948597312502,0.896014906202771,183.7237003916924,1.1434128001031922,0.0008160921916268846
50440,-3.9623093579665314,-6.984380139020795,0.9302029836250456,0.6257687403482147,184.39242052753082,0.12721983075225385,0.00081613740021157
50441,-3.23499685651207,-6.638296680105404,4.9080172724901185,1.005091209190887,469.00458974515664,0.003861280624980701,0.0008162114917813984
50442,-7.681015242966262,-10.870435749884251,2.880796007846039,4.608030871694759,602.9169330288169,0.729033685113313,0.0008162768244462471
50443,-3.214365300527831,-6.39692771379608,3.5813283967506147,1.309748717242349,322.0834744237298,0.4300678196788592,0.0008166785306850333
50444,-2.8628447165605797,-6.878747959177208,3.2121334335605085,1.7721348559658603,466.460613905799,0.4231620374636247,0.0008168653787707845
50445,-7.731052466983581,-12.136016941835603,1.9989242931713394,1.0322963417526576,467.77929484859845,0.5542673362894321,0.0008170186371230856
50446,-9.472684490554318,-5.681078548293713,4.202127577517516,1.5454328697188477,360.67981234156434,0.2977175851975167,0.0008172450958133123
50447,-2.507522392673131,-7.99711999940725,2.8769743678430335,0.9322484639594006,241.14932451644893,1.461286641715673,0.0008172759388535624
50448,-5.572753271996164,-5.513314361266006,2.8480468843954965,0.8677647683102467,179.58641663169192,0.29446060395047535,0.000817343080606361
50449,-5.821114112047231,-5.7720215882208015,1.055505741598217,0.8739360711316246,467.8415680419804,0.576795494188004,0.0008173591876154087
50450,-4.696866599904281,-6.178957482104044,3.259640697862729,1.7359200541947555,467.81939278121206,0.280867651205976,0.0008174980618468649
50451,-4.21145517424761,-6.552112898758179,4.92606077741033,0.8945546105741246,248.11564009827774,0.1861454061833019,0.0008175110042253046
50452,-3.107503516061393,-6.521589182632989,3.535032809182939,0.7708200018286973,158.7963832149023,0.23364620513166212,0.000817717930298388
50453,-3.8189489263651675,-6.329413344839352,3.365832251392656,1.6443740130169426,467.9285549618168,0.6136171747050652,0.0008177520082866322
50454,-8.266033269793597,-9.43886712827041,2.328247492892672,1.702456655919777,467.9233661170591,0.4447609254829157,0.0008180826814933687
50455,-8.208444996795308,-7.463247346670543,0.24158728478519625,3.0958370999279867,500.9144900612116,0.29697813543289886,0.0008181823073818588
50456,-5.151982232542079,-7.356688650413987,0.21603180392011292,1.1390260607495222,293.4795756318769,0.9377651849451611,0.000818332887669283
50457,-5.614580490396302,-6.12588360573004,1.1560583433797416,0.7987671110196662,468.68171512021297,0.5336358227796563,0.0008183394383354491
50458,-2.2938539568112173,-9.348835063669377,2.323377542294868,0.9147537160797722,228.71333302737335,1.0583054521083772,0.0008186767388615231
50459,-8.98665888751679,-5.871153140655875,5.131429572262072,1.8657950488077513,447.30188806905323,0.5184645555964282,0.000818913419442933
50460,-4.932366341337765,-6.135938300294309,3.722099526184781,0.8190424817289198,196.65240136469103,0.3621250789599477,0.0008189326671155956
50461,-9.060176986828386,-7.464536025229394,0.78059591862149,0.5019664703542494,151.2302703443734,0.8812876861474637,0.0008189525051339153
50462,-7.681853189517604,-11.822794268334247,2.4465819175059553,1.3069647919528282,445.49052003952113,0.39832235567462515,0.000819114124019752
50463,-5.567581298912631,-5.594759241806581,2.3717585764868514,0.9636171350392718,269.3692077758415,1.8684574925059971,0.0008191907764721021
50464,-5.101564745080099,-6.4891695171730595,1.4538757887951248,0.8434397388229368,170.48168416668454,0.04801363400777081,0.0008192999530960781
50465,-9.236382466499576,-7.285483218064976,1.3640547252514021,1.851676202674236,469.70270467934154,0.09547215521632335,0.0008194048357627105
50466,-5.595644463096059,-6.857627084703587,0.4037310539228826,2.015825174912292,399.94638938952676,1.1160441145471731,0.0008196140378519158
50467,-2.9385310663897553,-6.737816906279004,2.98145175906782,0.682505558937375,467.2378261247901,0.48588147858625863,0.0008196175261137868
50468,-5.451980427002149,-5.656128166247859,3.1166598661573675,1.2630955154082908,468.3236739126013,0.5073428666066677,0.0008196765547172128
50469,-2.9062956089574277,-10.32748672627016,5.110032219396584,6.673468634536564,697.948071972154,0.49066588548712886,0.00081970628392767
50470,-2.1665011954103424,-11.931112804622089,1.6411598899776079,0.8524884411760104,210.66786645707253,0.42822470942476,0.0008198411230521037
50471,-4.589957574490514,-6.632564360210622,1.5652304275080053,1.8226432460766009,357.0364112385411,0.23131820412058524,0.0008199705483368042
50472,-8.978459797697116,-5.1115517256672005,5.080402741236429,1.0682752509901687,249.76938391893094,0.6406497471572896,0.0008200218952926839
50473,-4.43645270294714,-6.3734979445466795,2.136814343527512,0.8727119817968765,204.30398319918078,0.04376745287791817,0.0008200893467121181
50474,-2.2982080341705142,-11.322163977602585,0.4435277021354735,1.8344265122297303,455.6348229978383,0.3291669350479518,0.0008201592395548835
50475,-9.274149313107793,-7.763746024078184,2.686301228791791,1.1284569031501315,468.59807404046336,0.43455462374092324,0.0008204038407290942
50476,-6.021839276479176,-11.467407264152321,4.192583786656824,1.7604552802825955,467.9238547677854,0.7581787110308653,0.0008205133547264945
50477,-2.3738248122975536,-10.241343212439753,3.498218947509446,0.6859547227786965,465.24531978981935,0.42878695597637684,0.0008207093159555036
50478,-2.8695918328184336,-6.873968111831109,2.41643478287661,2.5236527956828465,457.62775871931905,1.5966848301387406,0.0008207384457513836
50479,-3.2220442946803747,-12.270040042529084,4.046490451490959,1.6417708938053848,381.0313026797143,0.680845017308954,0.00082081438418947
50480,-2.211472556137587,-11.826296812375451,1.8916861542421461,1.1490955257955213,234.52229535432724,0.8186364656750404,0.0008210170231252617
50481,-6.644338362828855,-11.529771379360128,4.03892519525757,0.9980358957692687,470.0613919246607,0.12959852178383624,0.0008210376379126947
50482,-5.957887885790405,-5.022953210948635,1.405271327073805,1.0685467701711024,467.34993560654135,0.7826771880556178,0.0008210577395698361
50483,-9.783675182655168,-5.838084360238429,3.4080727520589793,1.307939379672708,231.43898478870005,0.017978983510428925,0.0008211281558061665
50484,-6.379560508953221,-12.663173788436902,3.979839469104503,0.8707469532274648,468.4291917539577,0.04814358072317937,0.0008212269796912674
50485,-7.781720551885227,-10.288540490638475,3.002051063777079,1.8292937766909205,468.52889435128526,0.9146691145152062,0.0008213111313113089
50486,-6.008461295739977,-5.078545698398606,1.274042162686281,1.066248360023677,249.15553457914953,0.23731528227331022,0.0008216670230425287
50487,-2.422664833500649,-11.535318152375774,4.677482179100733,1.1817890032430087,468.087040196827,0.5141687479603627,0.0008220454203592838
50488,-3.5661131079465687,-10.911909444121159,4.297047875204832,1.23033010511971,303.83508050367845,1.0515990686958974,0.0008221175917778955
50489,-5.780409457654446,-5.256115387718019,1.84725166164667,14.32961307243568,646.8778898761941,0.03631408947116821,0.0008221932171156885
50490,-9.664385170100118,-6.5298055279506,2.030752138297049,2.5662032750107526,463.8636765337098,2.2659877643842803,0.0008222924499792481
50491,-2.785408061133678,-12.440605286042638,4.809301839800503,0.9269083652485466,468.3655610007174,0.5234192622050022,0.0008224065217454443
50492,-6.929951704791424,-11.744767875990561,3.8137464042652667,1.8331449537061553,467.45701539248853,0.8074875144387459,0.0008224196557331495
50493,-3.3579804648905167,-6.346431416882125,3.1542789903565973,1.121277228325461,274.0356068495609,0.6067968341149159,0.0008224815001288126
50494,-2.8564350761375668,-7.024554067663977,4.238158460211583,1.0416311612042988,467.5339748126321,0.6666981188468464,0.0008224870168927742
50495,-9.73788832147142,-6.819584366478666,3.1368655208738323,1.0287798209549865,206.90559756309565,0.2557014471061132,0.0008224951906238661
50496,-3.7727734918900175,-12.943950930902828,3.954419377083568,0.9617953648995983,468.29742096696395,0.772130415408431,0.0008225408219321879
50497,-4.7560969972961775,-9.67914553132427,5.058189708566236,2.570875596805457,461.9540604861911,1.579729336572112,0.0008227081890520974
50498,-2.096127241853722,-11.545182548103162,0.7410641836910985,1.592752716816011,364.0267232813857,0.061884315419525215,0.0008228506308519109
50499,-7.497765906228307,-10.23138425873611,0.25918714463444925,1.388080773070748,468.1585411623249,0.4823807342812554,0.000823231018339575
50500,-4.68918449834177,-6.204677279619523,2.9767734024782015,1.1912503732177653,232.70960692935225,0.07429575651126274,0.0008233041079782479
50501,-8.955351119610793,-5.531581470511436,5.160744580584934,1.4742565063965976,339.35929445810257,0.7794859107805605,0.0008233814882819541
50502,-1.9848294800985116,-12.847990705192926,1.3096564311388175,0.7038322004508211,190.8613455612368,0.5923495328686075,0.0008233864768670492
50503,-9.311436213826934,-5.883208503871805,1.1961444228612743,0.8386366453602574,467.8582488469285,0.5545106432288014,0.0008238017426526077
50504,-5.7847084954485215,-5.514776429098216,1.6936521272014295,1.0893788321805278,284.12246583625694,1.6329055355280726,0.0008238512927849218
50505,-7.235009868593004,-10.079176469149067,4.16245103474079,4.4519096777652845,584.8515221529178,0.34397414592026987,0.0008239194003709076
50506,-2.789654615496092,-7.017507803432264,3.326341792055238,1.1265000859352812,242.42607256218966,0.24405627851964873,0.0008240693748365356
50507,-9.444550923320087,-5.941025863119936,1.604533047802488,1.2279423925538815,298.4641177941433,0.40732660134268883,0.000824081008456505
50508,-6.116583104335979,-12.2321629145619,4.059444106738911,1.276210642395685,305.03133985689453,0.42964188316472285,0.0008240890773171225
50509,-3.329851186154146,-6.4108312758595325,3.9882884155621903,1.0185807147367398,202.21255652999838,0.028492300267894954,0.0008240912651796735
50510,-5.745406503256805,-5.051609299709476,2.8967834062007034,0.7999029595527904,220.26618994708906,1.3724343315228529,0.0008241117083424525
50511,-8.202897818470607,-9.294863894313993,2.920196199330634,1.9952263003393367,285.3913098723361,0.49901280885943144,0.0008241337381234806
50512,-6.0757449280215905,-5.630447046818589,5.153332812716697,0.9372121285125983,183.97738104857206,0.13337416227378096,0.0008242656335898259
50513,-5.588105143079555,-6.145527047777529,1.124572162979835,1.2564114066356609,223.6564156516592,0.06548666483818444,0.0008243762765194454
50514,-3.706336723299934,-6.469531433017589,2.1582121909253273,1.2083938329513049,467.1230632503351,0.25399928427045904,0.0008244397899332867
50515,-7.145076433765108,-11.593860579581683,3.6276526576029986,8.06202279707683,354.8801176389584,0.23138609806512633,0.0008244539334145952
50516,-2.899447466704409,-6.926247093813077,4.172923839460727,3.1602269968737313,509.77264763428707,1.1305191974910818,0.0008245522663828563
50517,-5.929056756479744,-5.096886297916555,1.1194732287901266,0.9540322550311957,178.99998282986763,0.1477267419367747,0.0008247212380216735
50518,-4.013839775639055,-7.758985879847641,0.056552096450172715,0.5584137031160386,119.84548750090522,0.13097013481500053,0.0008247536610634723
50519,-8.77133464210892,-8.215028927413432,3.387982014665571,0.6208552937267866,164.94321727048487,0.7934379240409069,0.0008248072193693673
50520,-2.5362312696871827,-7.968450846552468,3.1923618876124578,0.6275682779284988,190.06654180838956,0.5752701381884737,0.0008249825109221839
50521,-3.141235055694654,-11.968373574752617,4.145595512179102,1.0450080225643155,221.63596609885144,0.8418871757116806,0.0008250477848698067
50522,-9.225693866553417,-5.355415765265597,0.812453217931165,0.9905733418217018,266.58976570495787,1.632648417925366,0.0008250736843792715
50523,-4.878376730748761,-6.231619633972557,3.9902295911536636,0.7137872312156579,142.97022122480303,1.049611302702778,0.0008250968625925574
50524,-3.2927051270423426,-11.121465635893554,4.232857648691446,3.1821285067386142,514.8311021664564,1.7368652726879814,0.0008251706037731828
50525,-2.3200552090747495,-12.692826616190343,2.998501823179363,0.8601335318522239,191.31566474428135,0.9629613725041732,0.0008252033775906631
50526,-7.769311749680341,-11.218670309918856,1.3283184431675084,1.8045946414075713,430.0997192003044,0.3145591964388075,0.000825235558856283
50527,-5.467545940097476,-6.161904160382289,4.839150811859259,1.5447301745435378,359.8246182205408,0.4701128031740671,0.0008252692775199467
50528,-8.153440990181359,-5.664720290876757,0.12078041176023288,0.9810952283565151,468.53902767154347,0.6363067643206506,0.0008253474793505314
50529,-9.552046728675927,-7.311595193841364,2.872090434888899,1.6496595561429888,266.8051024311098,0.017286272696727778,0.0008253559529837692
50530,-4.019526868921455,-7.647666106975942,0.1851420162866398,0.8651601030912504,467.71818135359655,0.4382101865303518,0.0008254120365125656
50531,-4.153644222573817,-12.475313004368207,3.9983263741215183,1.2909147133635666,273.5742045557605,0.9216159567082309,0.0008255961499994977
50532,-3.8005310661250045,-12.795258298088786,3.961279439462672,1.0140843059610956,189.55482114083568,0.4403730939626307,0.0008258050191896719
50533,-8.760993002249835,-8.231798071745782,3.378175296701952,1.1040715146685651,284.6295421659342,1.408610525868271,0.0008259096756334785
50534,-5.64997129262931,-10.689682477379716,4.446330051116438,1.425305889036777,315.6367263164831,0.9393594435152766,0.0008260349556136828
50535,-8.194205979208432,-9.326578944438364,2.8902531871967536,4.3509153118178325,416.4046328671742,0.018053634534601848,0.0008260665646422936
50536,-3.8353115406823264,-6.819796970221781,1.2311203705299734,2.4609267572698394,449.24551854088054,1.1818158777179386,0.0008265038286585854
50537,-5.24293889916827,-10.677489726680285,4.437011061509351,0.8261009022780404,197.1171108403633,0.9157564408400578,0.0008265091776764209
50538,-6.695568617364206,-10.038185829907174,4.640119732808057,1.6274486342156722,375.9374934950438,0.1494168583460409,0.0008265994389754586
50539,-4.945737350972205,-6.151466387770737,3.747280701603264,1.184506039975924,300.53267951904684,0.7689768050263348,0.0008266983660491814
50540,-4.813077976479331,-6.622280907427749,1.4704866983364393,0.9183468530668866,245.9614192767023,1.097129412189572,0.0008267509850827234
50541,-6.119621157643058,-10.238417306553742,4.669817298947569,1.4478448124824366,327.54199716334506,0.10927224237206001,0.0008267848720021863
50542,-7.003609941141621,-11.40195099389014,3.819327593166636,0.8666291814447,200.80903205965174,1.170922248195291,0.0008269315783215079
50543,-6.078348919595955,-5.988422656116732,0.4166232514366136,2.5485930645809467,462.9923950098722,2.6667891625219298,0.0008273874129820084
50544,-7.64841767812985,-10.055184465246324,3.512590474651336,0.761997294392315,152.5325641603597,1.0648301029803457,0.0008274874075592791
50545,-1.916967761845326,-12.479783375306875,1.2783680960216923,1.1037740284459723,453.1851055308205,0.33918235374849814,0.0008276889638871929
50546,-9.008865833554864,-8.194833785497963,2.141933351881918,1.2927314906051812,468.598039931343,0.01282878328873771,0.0008280074298481248
50547,-3.8073298731902527,-6.595609153975009,4.918093594401329,1.1316173801118454,293.8716260368658,0.5338945996227791,0.0008282019925051299
50548,-5.69361430834069,-5.143770598622186,3.040350647177906,0.8196925292525852,211.15947153136665,0.9124323462234818,0.0008282617129222766
50549,-5.779551431329033,-5.621997520687835,1.1911324275766684,0.9104931721374079,467.59287958879634,0.6495171746701294,0.0008283587105858107
50550,-2.9478276587824848,-12.452738484715832,4.377228306807586,1.0353470380064518,395.66289684078714,0.5281914278683253,0.0008284144820632902
50551,-2.788358270359862,-10.993440522466715,5.105650370948334,1.1296661424031567,467.50713113238834,0.20018229265188214,0.0008284962743035941
50552,-9.852177636644587,-5.41960823547636,2.7388385597031877,1.253445161454082,263.31440464273186,0.45297732927324574,0.0008285575893244639
50553,-9.094259342277647,-7.341662225817477,4.245473546372486,1.8632578361572185,468.1851082338874,0.5634508959957198,0.0008285796187334722
50554,-6.44248954785718,-12.204756571287293,4.001981644380571,1.3962586559824612,468.18122938251076,0.1745746365605969,0.0008286946941043295
50555,-3.9725394831236507,-12.0831268394961,4.0336083530819025,1.228321092717083,469.8948942416656,0.07023078131664473,0.0008287263382352916
50556,-4.459538252160328,-6.304164680747179,2.4198536900765695,1.157616143870672,217.00611885930755,0.12148561364744648,0.0008287328164202913
50557,-3.5469207994693015,-12.119901766994687,4.023930215149423,1.0240836816038406,268.06899062504016,0.2625187405970202,0.0008288276097427662
50558,-3.6107888224819105,-6.684346943583267,1.6529469090696454,1.7011616628372428,400.66493238273466,0.4326848552764968,0.0008288330376089267
50559,-5.701806654345677,-5.095719528294269,2.536465410572302,1.213966013627764,248.79592452077782,0.20994236949857914,0.0008289762745438419
50560,-7.183320642643828,-10.869375087353443,3.794763459049465,0.7753439052844942,154.79652050850396,0.1809084810722119,0.0008291911170730631
50561,-6.610457550340733,-10.182085232047285,4.5843534089062326,1.6431885130941444,469.39147412141364,0.1505284930854236,0.0008292329270448772
50562,-5.0984255553139715,-11.211855125715164,4.238824204756428,1.1992534186835788,303.5935900782547,0.5757777576323919,0.000829262567010372
50563,-4.524052858337402,-6.571104594081631,1.6713799040819548,0.5283536989524724,116.13189102664991,0.5661151916534779,0.0008293280851616775
50564,-2.174054948214021,-9.084140369870376,1.0608276008829265,1.3547521141939582,326.72952407486684,0.24002067484659495,0.0008293638456380217
50565,-1.9517439871533497,-12.8092847158453,1.3288702978889946,1.749301239016424,457.0253975771184,0.1627513142003698,0.000829456738864958
50566,-3.964290539457398,-6.78773560665084,1.3784019334356505,1.49233263612213,468.76032005774937,0.8441550453253894,0.0008294875139513398
50567,-5.318099525653366,-5.805523714551068,2.5486625203374174,1.7398876737957318,371.53470137752686,1.5351629411466332,0.0008295758490940795
50568,-4.3456889917075205,-6.587753177253865,5.080232442446231,1.8141409144969163,467.7027761300325,0.4499967430203249,0.0008298342296655857
50569,-9.267191485607986,-5.180426561917148,0.9167280256548759,0.5008970964375441,123.10951895483763,0.8668233448424116,0.0008298733276985538
50570,-2.888033609197029,-11.409046977593922,4.702825718081944,1.4222961444093625,318.5891223595182,0.08428038751633782,0.0008299922815098645
50571,-7.932124407423323,-10.561070665456235,1.2694753049944412,1.3614491773491542,328.96077012942726,0.25602760879792097,0.0008301015776369149
50572,-3.7701093947414197,-7.520570804686186,0.3077316662105699,1.0701540313329279,286.8696663087494,1.3575751473377151,0.0008301174289089315
50573,-6.054826469233827,-11.871459832436562,4.107423107519569,1.1823846510599,290.9375188454095,0.17251129139812615,0.000830206997609996
50574,-6.036760923100444,-10.808231722106887,4.389131964151566,1.1162236251498474,268.52864167943494,0.7180751459590908,0.0008303090567261419
50575,-3.774387263923681,-6.336989258169368,3.406827998345063,1.8021594477339993,429.4529740516997,0.19515714672235251,0.0008303823256327434
50576,-5.51248382172559,-5.59154449231187,2.6815416897816546,0.9520241968722412,467.1673125308862,0.7545738619368452,0.0008310843548394772
50577,-5.727243528725566,-5.0589155894793825,2.3069324612253266,1.7966531108534103,427.73341712392255,0.4423143224468351,0.0008312045861572461
50578,-2.2364630204685305,-10.38554264244318,2.0331912380078325,0.7146000286169185,467.20082527451973,0.3479961603291395,0.0008312870053612098
50579,-5.427516520201606,-6.68842439647367,0.7202579176255612,1.0964147924170888,284.71707308328325,0.8370067044621274,0.0008312870194724428
50580,-6.470359521279597,-9.751501746360443,4.952599711658582,1.0119527918819562,264.52520322988113,1.265887974950763,0.0008313021062410595
50581,-4.349946068651266,-6.3429528741770715,2.614674583668707,1.8345476811357018,439.3801515869267,0.0763552462720023,0.0008316450600671804
50582,-4.28158523790679,-12.17469147766334,4.027523066719365,4.993056397550417,606.894401528097,0.2411218573364735,0.0008316777159809134
50583,-5.208727535262313,-11.349686020255135,4.2051996316477025,1.3192167565681547,468.5821775174158,0.46600253220291066,0.0008317064379498528
50584,-9.805684535050782,-6.0947464252437085,3.2906290690577555,1.6553009645204266,335.2900285327335,0.5510531364870195,0.0008317624574021131
50585,-2.3369385844085633,-11.54594738262685,3.1994318290263664,0.4745955931110806,119.41587033961137,0.6791066983203828,0.0008317755852335262
50586,-4.631280066280739,-10.955373396510641,4.301952703315095,1.116244993946987,230.41450127699645,0.13274534677486916,0.0008318013463618926
50587,-1.900768719933918,-10.951721681906367,1.2838525651291093,2.3635424143448054,442.25715610685876,1.6877168381252474,0.0008321580907598663
50588,-6.031343594180721,-5.483513154351883,0.8030442857697858,0.9221279978818759,469.4778211073889,0.032229976993740195,0.0008322326213004078
50589,-9.643718091234433,-6.795333914481858,3.546998075943312,1.0522029974788356,213.2124881286471,0.02395328067970315,0.0008322720097512928
50590,-5.6663790988255105,-5.229618681976791,2.3759733632136646,1.7279760850124122,408.63334153226094,0.3428114404901166,0.0008322828004908426
50591,-7.637582372228241,-12.164052930545035,1.2308444247861923,1.8490554295018085,444.0989803930311,0.10376039734435771,0.0008322846008214615
50592,-7.8399937320665725,-11.71297552435289,0.6759703984308161,1.879985195954121,467.92609905276794,0.5572073775181323,0.0008323304936437644
50593,-3.9562553215269567,-6.326908390296725,3.1934095820978756,0.9257145765754644,467.2214486076956,0.6143954113711443,0.0008324872416682895
50594,-5.384541122408787,-5.880456718722642,2.3387741389048995,1.814641040234275,432.92880955814144,0.0840938024415907,0.0008330125809861988
50595,-1.9458087612830113,-12.415241056835914,1.1276257146135438,1.881028879730386,470.01615107515767,0.11914445633491244,0.0008330777791613571
50596,-4.652983556747836,-9.79963221761945,4.951781098308158,2.910261927129139,485.340441047528,0.8789353455850994,0.0008333107804880738
50597,-1.9774528833698142,-10.743806427070348,0.9558949153301953,1.443752539929906,330.7837016558248,0.7987131770329556,0.0008333549217224503
50598,-5.938790568782012,-5.038302496247244,1.4866068547036764,0.713801273783499,188.4585916514176,0.24780914106481955,0.000833530938336831
50599,-5.077400311907512,-6.236175494764489,4.414181920776756,1.7017394439500892,398.6031647702053,0.07046250943929433,0.0008335539432417635
50600,-8.082215703103621,-9.656853550597432,2.7330553944519904,1.2881407748248974,318.94645183068076,0.3616957471362001,0.0008341479145094929
50601,-2.6186760756903196,-7.417736958425933,1.3885343971574686,1.9748884684165784,403.1485552186706,0.6628305336526497,0.0008341519433574924
50602,-6.098201791595417,-5.602573479033831,5.161102156915056,1.078462396240348,216.8333599661905,0.1497059805797134,0.0008342843728640516
50603,-5.8957595197281485,-12.969824771871911,4.007784566916605,0.9845765033277584,470.2908201011144,0.023438236741219143,0.0008344479042855975
50604,-2.1621388450543044,-12.536709676527796,0.6575740048393488,0.7249022062886592,162.43355776358817,0.5216609450508924,0.0008345024460570719
50605,-9.46824315843476,-5.685810356739645,1.6454732366390938,1.1986766176677162,258.5688272002791,0.9853621558050412,0.0008348820202803495
50606,-2.546375044991339,-8.5915817156523,4.7842017466444915,1.7894295875327946,467.7202854211777,0.2714209753284038,0.0008350284047300377
50607,-2.3192184728916407,-9.173329140922196,2.423201128690549,1.22417881658319,308.0027554634552,0.6719251997991504,0.0008350684593795723
50608,-5.46042689273332,-6.259276990811467,1.3367835794760938,1.8459794455556982,385.3278718582514,1.5415913187865433,0.0008352283008485223
50609,-9.65988163095754,-5.785891785493755,1.9475354584043938,2.584920631189652,466.0894823582085,2.489961556824076,0.0008352935760372772
50610,-4.1039746295500334,-7.253634781236067,0.5824835260165172,1.0415417708043495,271.832072810773,0.14246192957174486,0.0008353222001592824
50611,-7.808707911208279,-11.346341069074754,1.8867025764478167,1.3048762257153077,309.9687998022438,1.3628077656794417,0.0008355364049644829
50612,-6.741090220443697,-12.979019839873605,3.810251648139655,0.8792370213998102,176.84857674840725,0.7833607042642567,0.0008355908109222444
50613,-9.480898063246446,-5.025239441874082,1.668999462203468,1.8455546196085542,467.63348159093977,0.4836278236893339,0.0008356111331344857
50614,-4.77544259618761,-7.758925210347502,0.00584498880642417,1.0545652900117823,467.4586807329239,0.13283106556615376,0.0008357052642313091
50615,-6.579308429163874,-9.9110454317867,4.783251314498174,3.6398416740354387,505.94003677915435,0.21507881685013608,0.0008358189411013722
50616,-2.2272722991132916,-9.155513893364406,0.9131238350193399,1.1199934390100323,230.61054102598723,0.07989084621636966,0.0008358265756786323
50617,-8.84216155725187,-7.498314653939408,4.554048075365492,1.714639152772446,403.9449760088026,0.506597301890988,0.000835920373137364
50618,-4.042133176044769,-11.205213954988494,4.203193140422032,1.1812107275837598,301.844723850555,0.8052311352146457,0.0008360772197441313
50619,-5.968732963670088,-5.8990545960832454,0.6514778140673153,0.6657136835087941,460.0101932310702,0.4114361880969586,0.0008361160279350291
50620,-7.407956132393616,-12.155114298185737,0.25446913499642326,17.365571307462087,699.3965265318942,0.040041744704381266,0.0008361780693768966
50621,-5.772200905209514,-5.218144580829788,3.652425771987931,1.6480957349532528,356.1332475244125,1.1708963525361433,0.0008363399281544359
50622,-4.639311195939033,-6.433929424413843,1.9876086225245697,0.9515971960695669,251.40808754471362,1.0426130929361817,0.0008365872491970412
50623,-4.953822464379191,-6.120252033503556,3.1126854409703415,1.9597434466865888,398.379016478614,0.7112344835279147,0.0008367300940268073
50624,-6.0821091378052206,-5.4168591064573075,4.912366854465877,0.844374804775394,217.0811633553788,1.3123439973417517,0.0008370600203301706
50625,-7.9357316914261755,-10.366151562699283,2.3264801159820885,2.632117732284938,460.77756165113675,0.8766041551644337,0.0008374354910943129
50626,-4.142617918705733,-6.304612842497717,2.8978728264408304,1.5724987251034912,361.18561929818554,0.6387680850967712,0.0008376663344103539
50627,-3.2784121747563333,-11.406661415091705,4.151795754524545,0.6908116039098827,143.20045042227525,0.11206757461606909,0.000837819478587802
50628,-2.939027530516406,-7.051004373062447,0.9859806540006432,0.9545377226848005,246.54704799809568,1.401704207391436,0.0008378634786352879
50629,-5.688555358700715,-6.895553937469367,0.3420326989816049,0.9390971524391192,245.92031769706554,0.6067675915828348,0.0008381099579991862
50630,-3.8676465385580023,-6.4475458821637455,4.292082273381606,0.9753039179944729,468.3897623330134,0.2522298610294227,0.0008382594178441535
50631,-5.400791492279786,-7.127750361570962,0.33830400315180054,0.7956292899544068,464.4306764293503,0.26961429970005746,0.000838594371790101
50632,-7.271588843694111,-9.245483623442531,4.863556611377857,1.3001329489838942,220.72047261027453,0.08227667126983551,0.000838626522094922
50633,-5.490637175771137,-5.893426807130398,4.046363678477182,1.6540965055824632,386.72352277541563,0.4362873279145374,0.000838638404968359
50634,-5.872629205021217,-11.067552395998591,4.297770809272219,1.5639919436900231,360.05346347477087,0.33782762184290416,0.0008386400997370383
50635,-5.418294416215384,-5.6699885834603805,2.8810458604683067,3.0292284134473286,502.569894897704,1.7217942249449623,0.000838670370412715
50636,-4.344082917317121,-9.972677316883974,4.807533543525596,1.0238761899790512,212.1599689179496,0.4091717979328733,0.0008388538236230536
50637,-4.166448446323749,-12.896549692505186,3.959969091121284,1.6713887907955838,391.40281960040784,0.2175570800419777,0.0008388654897060896
50638,-9.18674955415304,-5.315445139042449,0.736085631219397,1.8955592164119486,468.41402564264865,0.1753697512090442,0.000838869987463197
50639,-9.197061288134226,-7.8635950088555475,1.8393448021071712,1.2873071227909496,464.9233356069691,0.8709563429055942,0.0008390623838319718
50640,-7.771387233518203,-11.694876151631023,1.7757340330606874,1.6785830234171755,239.43017160421667,0.05424104967460153,0.0008393784524200172
50641,-7.685269976886318,-12.424725109358969,1.5983643127857392,1.451536663357015,325.838256238383,0.14755443730131557,0.0008394423026558566
50642,-3.96079865889606,-6.638978460318849,5.08366157905729,0.8563081479296382,467.94410506242934,0.3356276387282717,0.0008394819210639015
50643,-3.8766845675351487,-6.4794710343534065,2.091308415185514,1.2508239631206761,265.08655172919106,0.014289391261929296,0.0008396567230561066
50644,-5.569309854023585,-10.261336754830335,4.659364274724369,1.1493658888629381,256.7599805833885,0.6336160950637781,0.0008397241516860428
50645,-5.9440833957483505,-10.354199835446238,4.605653007915088,0.8936128093301003,173.36885871170978,0.05703794838878995,0.0008397688837426646
50646,-4.313309746481179,-12.488314481330631,3.989226522346415,0.5134005017099582,124.46289116065267,0.48178860226918996,0.0008398275048342367
50647,-5.74557867947479,-5.624605087829909,4.265062647957583,0.8729986933351451,468.3568891371906,0.9372957034194984,0.000839879180941746
50648,-2.351778857611566,-9.63528642506624,2.9907783101936847,0.5436717298805716,156.72802388024147,1.0605097901997214,0.0008398989657907402
50649,-2.3389444693729553,-11.536949337409705,3.2179372866006437,0.9097118092302968,181.46296237702975,0.6669349003453453,0.0008399920254149753
50650,-8.893025300127777,-7.181309155319102,4.8258973583484135,0.9002975835463737,228.40954143905577,1.032335247538418,0.0008404364948385351
50651,-6.463856003894882,-11.120851128663821,4.203595470509411,0.7715879816322662,187.2462185615551,0.8460170412021961,0.0008407175139171509
50652,-5.738550019988766,-5.345991101419292,2.054214882798188,3.567618726016198,534.9421412557734,0.7116068625533538,0.0008408809650140919
50653,-1.9433851236647808,-12.232630667811428,0.9876760651566447,1.4474470623351483,330.57588915652735,0.8165695209008748,0.0008409341144176499
50654,-4.826017411910362,-6.39311926470001,1.8765999244240554,12.175012895558073,621.4896500563983,0.02575813577119579,0.0008409353781074345
50655,-7.725744411208538,-12.045003192929475,2.0435470188547282,1.8584799296737524,447.5590478321827,0.032901496107510475,0.0008415336201193757
50656,-7.104663816524823,-9.157524156856105,5.13617506792881,0.6682838190415555,151.1004156977962,0.5210732366018993,0.0008417213739623542
50657,-9.261458865838323,-5.072903997998881,4.5461780398359135,1.6216081168345209,351.35655330760903,1.1447896105985578,0.0008417478757854088
50658,-7.099610793189263,-11.304388056715108,3.740139846168428,3.5246270914635187,534.6197463925325,0.8710359022522711,0.0008418060330401007
50659,-7.968467360813749,-8.972469233990756,4.060319595182256,0.8916668424066188,221.56436623629443,1.373711096413465,0.0008419110525888615
50660,-4.690952944886922,-6.628298255600616,1.559809457058367,1.9024195826836745,460.9401091510435,0.5158016166169261,0.0008420873714497059
50661,-3.6989813194135293,-6.3806088259450195,2.6057558160409378,0.9037889145185252,468.05966872730755,0.7079964393378413,0.0008420886399190074
50662,-8.310568550862879,-9.338901399711121,2.308443291213468,1.8102078074769414,430.7510402043858,0.3655242834835537,0.0008423674645650115
50663,-7.6448563266780845,-12.856068981076628,1.0878542566913845,1.6854083841009384,468.72012592907754,0.88662695759895,0.0008424660552212021
50664,-3.222782238050403,-7.103035867358609,0.8974018096613156,0.8931569305967797,468.06702129125176,0.7121881428380554,0.0008428331607433751
50665,-3.863343456343812,-6.394208467003569,3.904943435382669,1.5519284000493652,367.3541687088717,0.3294811957210495,0.0008429110805374104
50666,-5.660420298265854,-5.481777676195056,3.446075579333417,0.4925447855800542,131.57076894999648,0.7968343185285827,0.0008429324758022929
50667,-5.600668376084106,-5.436927419686514,3.2571948873302743,0.9789503411716439,462.2456424705087,0.9366557455993965,0.0008429387242398814
50668,-9.247927539218043,-7.404944017852279,3.782893029566806,0.8530267951373297,467.8331995236706,0.3459971014068799,0.0008430831521193607
50669,-4.758290500576205,-6.316794751529597,2.111647210277911,0.8578076742604546,468.6966310479854,0.21410500051507508,0.0008431595717942165
50670,-3.5236400518060673,-6.394699232918277,3.862289567976843,1.3643770140742897,314.76098004320824,1.11937042605489,0.0008432126887047882
50671,-3.9399626812289696,-10.53309695819741,4.4548782953693875,1.0697553169951173,280.5687243186623,0.6613429509523474,0.0008432353926717956
50672,-4.774207182098875,-11.480386063233532,4.149457431905163,1.5222637002410042,350.36378863381157,0.2707682429066498,0.0008434596439632564
50673,-6.497904241219352,-9.49686704381526,5.167062573304637,0.8743611617109985,467.5681457430743,0.44954915686960906,0.0008436739135531748
50674,-7.576726475353498,-12.645105876114084,2.625502584291601,3.6353856782837957,525.1269816660691,0.323448361828345,0.0008438219288346611
50675,-3.7661052543953657,-6.337848832771171,3.1372276234321252,1.3013912298966388,467.9250589836783,0.6487357174649704,0.0008438341640891477
50676,-7.606763142657895,-12.881597075564583,1.1596823954878703,3.028197478742874,499.5846802058685,1.2021937858772667,0.0008439173475251677
50677,-5.4487426360305715,-7.4064958216245715,0.05939474144010141,3.0622240170232775,227.7093724119722,0.2608624822215697,0.0008439684177635829
50678,-8.729047956861713,-7.372907276918357,4.9243523892681145,1.6952974287281517,398.57529174265034,0.7880914252667734,0.0008439995048499083
50679,-7.7459067356248,-10.244478068065293,3.1212852057296003,1.4186128230797337,334.00468088321946,0.5347776269659681,0.0008441285521175704
50680,-5.712707939347775,-5.361516939515928,3.615720797750718,1.8194284224618689,433.91007023867195,0.12079808790864544,0.0008449082072990146
50681,-5.741377525044809,-9.749698100546231,5.030558686230409,1.2983971484843408,307.3197706857737,0.5261408705397761,0.0008449696080565919
50682,-6.6561395133137955,-12.853056431043886,3.8569796758441632,0.5417423543094961,145.89583984828562,0.789873926675404,0.0008451456061129083
50683,-1.971192174249179,-11.870874615203308,0.9913393764565953,0.8643235450805715,240.97231153334093,1.3161344529013794,0.0008452262537534151
50684,-2.96068803936868,-6.737564592958188,2.507715123141275,1.3198794519814383,468.7040972439502,0.8196941656221517,0.0008455969823502792
50685,-4.42092331602531,-7.220269665573468,0.6186478357637403,0.7654574985289023,225.2927655266946,0.6533598047239417,0.000845666569521902
50686,-7.534758327947454,-10.636548811899623,3.340519940349925,1.1161741535279532,259.2868109473727,0.6333076584894837,0.0008457947430704297
50687,-7.834463228964724,-11.170131706819392,1.689941028242099,0.5499191410304991,138.05010499548,0.6682543297468841,0.000845805646236416
50688,-4.336121586046637,-12.83303153877603,3.964957071003843,1.095817562154545,467.72703291560674,0.12019799587104618,0.0008459063175631063
50689,-2.347384339530457,-10.953928928743064,3.272532258033035,0.9169836978908398,468.7263213740091,0.8613743355139869,0.0008460009181201936
50690,-2.316087104287318,-10.046657827365346,2.675889077477623,2.1967592785556853,421.07378074933774,1.2018397272714791,0.0008461649794431549
50691,-7.199222028686352,-12.541832206746081,0.20986981900086757,1.2024417228736095,257.6970530725569,0.9277017094355351,0.000846197385311269
50692,-5.533765419184497,-6.248589092335374,1.0997646563581112,1.5174394149478667,341.0250714916481,1.4060121549377218,0.0008462749335612864
50693,-6.352517096402563,-11.582796311125753,4.112132385281543,1.5279220679949341,312.59189859401636,0.4391000896046915,0.0008462978500760059
50694,-3.939032481666037,-6.651706833285854,5.139562878442437,1.1633450519679218,292.16853683435966,0.8992853951391373,0.0008465813733073448
50695,-5.866003624319799,-5.70155536968905,1.0514584544523538,1.4614186817278745,336.4021652986254,0.6705930532098625,0.0008468128987473995
50696,-9.792894652429371,-6.558577400228793,2.61198859955043,0.8672920660884268,467.5968215319343,0.4566800369739843,0.0008472171282706378
50697,-3.6763230300155394,-12.489855070591632,3.971456770708371,1.484271302001927,422.9255635988158,0.22735497642828761,0.0008474561170968458
50698,-2.96924644419141,-11.261279916339486,4.5377232409688775,0.8980528236398901,468.52682833198327,0.10381221655776418,0.0008475409548272425
50699,-4.425014526866933,-12.469121940713375,3.9875757007722124,1.8070122391937025,262.25570390965913,0.03957741435709394,0.0008479867341355356
50700,-4.440040179179295,-7.292760656727715,0.5040890034323118,1.8310981534582738,437.6734643597751,0.03165561617704693,0.0008482715015765153
50701,-7.2256876907179715,-12.172915585483949,3.413038493895168,1.8885233645697586,388.6161552815023,1.401066722080258,0.0008483862251342289
50702,-3.884705058864286,-6.597435443841443,1.9336174833357627,1.78669561869783,426.3584533481006,0.37610841120748173,0.000848430976567762
50703,-5.372504723581503,-10.306827540526738,4.621294001307703,1.1733212465452654,245.6276177539676,0.9008933041293341,0.0008485574532059997
50704,-3.3891054864324257,-9.564074263173676,5.122422278342331,1.0943672583854787,286.7870840412106,1.2617501583203552,0.0008485998973823415
50705,-4.260855596884408,-6.622219945966121,1.7035167173998298,1.515528522672466,350.8041465758388,1.0448675777214076,0.0008486804368717801
50706,-3.154096115606073,-12.432071451424711,4.060601799331743,1.3236750280088432,449.92354634369593,0.26117260109921947,0.0008490902877686236
50707,-6.547445599613345,-12.88556613950195,3.899136587304782,2.326737023514729,419.27188861475895,0.43764242750058546,0.0008491057845714084
50708,-3.3712525292739013,-12.408960058945556,3.981352856314683,1.7420227511471038,468.5472473373261,0.29118354026442184,0.0008492467295499827
50709,-5.5082904739181835,-10.551302372015613,4.495302440824598,2.363731971003488,400.0948876129567,0.1475758512974883,0.0008492480475592156
50710,-3.1344484215063675,-6.535941052346276,2.4837668742887073,0.9658281776859117,467.9370226833472,0.9423287179973654,0.0008493308293411275
50711,-4.553749765996376,-9.577871601680972,5.1274673128243515,1.1333644882274263,290.87485818734956,1.3634723694729862,0.0008495711032394838
50712,-5.047609588930618,-6.22658831629426,4.307808228083582,0.5077311784218411,136.88867256800629,0.8714078516877981,0.0008496275158230033
50713,-5.437856794614343,-11.78070696781349,4.114145200055703,1.8811358459919119,469.4018270969936,0.20869477306849848,0.0008497603896506173
50714,-1.9370969068636246,-12.158862269312285,1.121470800418883,1.530504553027578,348.0465594020133,0.11136175543394344,0.0008499776689330783
50715,-4.8550203782892005,-6.687190980953025,1.2709404227610732,1.528311116054648,468.55689544045237,0.5687602589305181,0.0008502532289637648
50716,-3.6047929162537438,-11.728309985821523,4.07231795365594,1.2578216416057992,196.84786524161197,0.0046758194215597015,0.0008505110444913995
50717,-3.50268296180679,-6.508945331963345,4.497688155347416,1.0124324316802633,467.0421266829369,0.4213591658027154,0.0008507226375437285
50718,-5.683090197679643,-5.240866361518771,2.5926183423480227,1.3177183184056753,465.7790037942502,0.3507467525086474,0.000850775622455545
50719,-3.380032663974185,-7.428367157620506,0.4417870446982567,0.9675492794028109,152.3496725970439,0.2109090117998642,0.0008509784409665818
50720,-4.0330779882398735,-6.5816012078926525,1.878636012059351,0.8336626050150278,468.25887652719416,0.17526101785592463,0.0008511791909581266
50721,-5.358040361718216,-6.982496345887732,0.4863914255373863,1.5725240457896095,470.01061004996427,0.1665618819252357,0.0008511978144185374
50722,-5.390986450470986,-10.493719106450733,4.518360441972999,1.2762900914643054,468.61792444988225,0.4907259514929283,0.000851209117755971
50723,-2.3450800418584024,-8.762992677388448,2.046527922396913,1.0498801283828223,468.01459222152664,0.3747387981565886,0.0008513895177759947
50724,-2.4334065427482843,-8.298759157707359,2.436807856474786,0.740670913506104,467.8229874702791,0.32599326073849966,0.0008517667915861124
50725,-2.4022487666978156,-8.399964335715222,2.066045767496775,0.9981905131389998,262.0181965955794,0.20542117549504724,0.0008518067580779138
50726,-4.42962625300705,-10.403256961328577,4.530868387369223,1.7364845967757658,371.36240369696594,1.5007390698702778,0.0008520414048765692
50727,-3.4460184802711336,-7.873880902309761,0.014960252277925195,1.6224419785833857,377.46743349128843,0.6901441612779493,0.0008522006367274598
50728,-8.623080082122241,-8.707170002323544,0.6888906993265267,1.8172245106525773,434.7856541530129,0.455250774663817,0.0008523041268757954
50729,-2.242095919322339,-10.725714124962122,2.036967346388708,1.525732174359044,468.19568988598314,0.3062472813218511,0.0008523262676606205
50730,-9.761465143844383,-6.585671853399826,2.430080126124699,1.6265111380728807,470.3434958792435,0.18852772868471757,0.0008525869001912513
50731,-5.548608758926711,-5.589002555803115,3.4047007139963963,1.8515491601435843,445.21311273148865,0.013655862693613408,0.0008526910378470052
50732,-9.367185560346657,-6.944857755646642,4.087462555258091,0.839269177404825,240.43366486954525,1.4261180906496902,0.0008526938385517762
50733,-9.444858669348214,-7.04583951813928,3.804558113594134,1.7191033970180967,407.56561603430265,0.7845050252032051,0.0008527693970287452
50734,-5.4042687010529535,-5.747746868562391,3.290525549032575,0.6999812801532148,141.87624075739143,0.6411715181541533,0.0008529076432101684
50735,-2.9874562447128303,-10.407745530341437,4.840388568766478,1.0656357452134635,279.60215001618104,0.4877816718783494,0.0008534892060483384
50736,-8.703511218386685,-7.520378998811426,0.4420228744835177,1.8420026777815384,441.8768348846418,0.3683751493176466,0.0008536051005454699
50737,-3.422087963694106,-6.600369387718246,1.9331594685704987,2.4999765103876666,454.2322429570566,1.3344917368317981,0.0008536109016898786
50738,-9.29751999373337,-5.005935531162114,4.465570642225478,0.4955370219209801,150.04084501709156,0.37700025919964464,0.0008536523081304114
50739,-6.780298822319543,-11.19625846573515,4.032509989490786,2.25601738644281,432.59448572774807,1.8843753677490849,0.000854431419837756
50740,-2.448639979150242,-11.986471329419075,5.034695431832738,1.2577912312968127,277.79147330407835,0.27679640135827466,0.0008544481927561856
50741,-4.235443237277668,-11.016482785407511,4.256335356548054,1.0215086122376889,279.01625120913576,1.3256677109735806,0.0008544783653899067
50742,-4.809308916808506,-7.066344345724659,0.6662058862717288,1.0860402102486537,279.26715226684354,1.5778323615420495,0.0008544904518183348
50743,-5.00239571778859,-10.6156125414483,4.44240498491552,1.1908853081074986,467.30495513260604,0.3378911697852667,0.0008544942998385153
50744,-2.348295866182333,-8.705705320117737,0.8343088861711339,0.9927643119479693,338.93374632222753,0.04473262375567533,0.0008547148818039518
50745,-4.045953533330006,-11.12450733473293,4.217569182936469,1.1464692200966717,467.1076976897245,0.19663105604204745,0.0008547543542091458
50746,-5.105255891790424,-6.326851159147573,4.734354822932794,1.650198869652926,384.2432610453877,0.5784654032305214,0.000854958826362397
50747,-5.973751090538691,-5.286027106576916,4.350456358412421,1.3381137005034909,314.2252117532804,0.5748237469490336,0.0008552162876937015
50748,-7.248954924821028,-9.061478606584632,5.090335914929873,0.5962092217551929,180.1204848236442,1.0308991464333532,0.0008552507992571843
50749,-7.740173276453293,-9.842276763670188,3.492137278550233,1.3227549075278047,322.6018412358898,1.4895386442561023,0.0008553018430832636
50750,-7.892463647876815,-10.839061833738779,1.737054857932598,0.7669996828206272,196.77313285042047,0.4484074874689732,0.0008553963218117499
50751,-1.8991982722774043,-12.818209806358626,1.275788233176792,1.3329603667413374,293.53572001952847,0.10193774726180749,0.0008554158106287428
50752,-9.432329354187985,-7.012672747632373,3.873137051832354,1.2334711372357667,130.34632372001596,0.34395253187691477,0.0008555974219536097
50753,-8.605131634489945,-8.178986182036178,3.912696833718337,1.8851902382538703,458.50600858590803,0.5973059243635008,0.0008557776118415741
50754,-2.9090053435520025,-10.493558736050232,4.96704821665293,0.8887034989330393,260.09891782822297,1.0020188027084282,0.0008558740196761232
50755,-5.29087358272265,-6.255935004611362,4.768809860132371,0.7999075470007805,171.60053901400377,0.10146728109970038,0.0008559429974413266
50756,-3.902489945639042,-7.1962366110313125,0.6867369105774987,2.7063867076560237,462.1770253673538,0.6612655708339226,0.0008560742725402138
50757,-9.773302673613948,-6.078848981084555,3.393240951485151,2.365849496229143,443.1390166335358,1.8132107867728058,0.0008561098678652503
50758,-5.368833033536665,-5.761227584692184,2.9996626995871494,1.759469129366013,284.40582356526875,0.5054235482334262,0.0008561679062048915
50759,-3.2854839587948685,-11.70234983057906,4.077759326841616,0.964283863669808,225.53672354538986,0.422662479709599,0.0008562376960632215
50760,-2.4020750722727406,-10.902585343867509,4.165099480794778,1.1349352531358767,467.3812662961869,0.4785798110025592,0.0008562736052731233
50761,-2.4461111298953755,-8.308939943244958,2.811432731265075,1.3064242246185198,312.6575239994518,0.19597422561196876,0.0008562837588833658
50762,-4.3814460496913785,-12.168200906648872,4.018016449831211,0.8088486197961979,467.4355221071216,0.5319546883298765,0.0008563176551394598
50763,-9.147171014648334,-7.720858233631012,3.3947212516109864,1.037441407237122,277.0821881244968,1.5572091820786147,0.0008564202807487768
50764,-4.100453606832646,-6.8846023514612185,1.1139992300683428,1.591656146926946,468.40704480988796,0.6876372799525035,0.0008565141404602015
50765,-4.740372668648102,-6.230751407115211,3.808650099958806,1.861572103797998,446.07292306336797,0.4908700140467266,0.0008567931310855815
50766,-2.2703099552597656,-12.622902175621029,2.3132420132520894,1.3188462258150377,467.81691200522425,0.05614081057557918,0.00085694644122604
50767,-7.625820669409103,-11.294121573607308,2.806632665300421,1.2119785416601465,467.1491380072095,0.22970664636609506,0.0008570878125224705
50768,-7.718623191547199,-10.833156700404311,2.756982839535214,1.0412836705352455,136.83900568630824,0.2833267546160503,0.000857093239021716
50769,-5.8001344835047695,-6.031051481106855,0.9623550971264931,1.6767030496183921,392.76506189744475,0.16253600843301363,0.0008572704665229087
50770,-6.2648192412862125,-12.090063646914695,4.039809181434846,0.9639183532370739,468.8718385644936,0.6290650306062755,0.000857342766155847
50771,-3.860713261646442,-12.418748718889313,3.9806853991860907,1.0507259677535659,466.27284703157136,0.6945367308953712,0.0008574382697329543
50772,-7.388263862363363,-10.532363474762965,3.651236889141195,1.0217765556579994,276.03857418411144,1.8326915126649928,0.0008574566991102029
50773,-4.1850286808887045,-10.763937630642427,4.350281524978363,0.7321212771713811,195.32268957747763,0.9867826532703647,0.000857589090866093
50774,-5.260057946058715,-9.839584881337283,4.934969181751929,1.0978991670944978,467.9670268967398,0.8194908035473949,0.0008576069964206894
50775,-3.9721485022556644,-6.479801971668101,4.355397708831934,0.8580068369605027,242.62319173780523,1.0016360371356372,0.0008576136503508482
50776,-5.412062067714517,-12.034918314162343,4.071951860760377,2.2528904315785216,425.6143649322995,0.2969818173049754,0.0008576799237116871
50777,-9.702454893666557,-6.6019208784180305,3.4720061171375622,1.3575001450100974,467.78897806091504,0.0922341475913786,0.0008578884528354718
50778,-6.664091320848066,-11.350473793752998,4.053386553369147,1.1326246899876204,437.68909628244717,0.17798358871416742,0.0008580751216842972
50779,-7.696383016893482,-10.753972831799183,2.874307826618616,0.7351002259406042,432.6798762779484,0.4930313147871894,0.0008580850621339273
50780,-3.2051860728633086,-7.6396003022575965,0.3044478957994546,1.0692892491083956,213.0345753300452,0.40313273113169945,0.0008583125292981065
50781,-5.791606551781225,-5.665985640122131,4.3991217837647625,0.9203238915891666,467.4649574463111,0.10384254037536689,0.0008584885906020932
50782,-6.2376574123985264,-5.809691838170708,0.23280998020622504,1.4920756622147706,338.848588900072,1.3646192565123219,0.0008587420218689879
50783,-4.8030151606348115,-10.302161536352601,4.596147069427531,0.7397487502461548,151.1318631192854,0.569270419527105,0.0008588935904497631
50784,-8.767482422850481,-7.9375654672386196,3.978931839417831,1.2865829555336774,290.5994682221311,0.11879506481469004,0.0008589825427897742
50785,-7.6371327528057265,-12.424422839718094,1.4664985539303996,1.376423314082103,325.96956576179474,1.4803049345003014,0.0008590292255221305
50786,-7.595357474009257,-12.6910520589809,2.543678718046429,1.594799325367729,348.58383214195146,1.1868260902120662,0.0008590824688344371
50787,-7.32601773241037,-11.450737604731069,3.3924919358843595,1.118101729468692,258.3726355915343,0.09015919282602614,0.0008594216649447722
50788,-6.069202113845759,-5.285192128916583,0.7864946852358108,1.0376998792734013,278.9406443242735,1.6090905564901616,0.0008594359158604248
50789,-6.428641921340145,-12.978675370204293,3.926840186001288,1.497151345477236,467.90343523396416,0.8085204881628156,0.0008599475978566774
50790,-4.74347698451707,-10.002853971464177,4.788645294159307,0.8006474498803824,163.86976869172997,0.6816076505070896,0.0008601046238890038
50791,-5.460169737256649,-6.443013045810846,1.0351364232527487,2.1445507914087387,414.36323393513135,1.0967774926114133,0.0008602304348112455
50792,-4.121778269918495,-7.1176905255811835,0.7802494170808295,1.2987524071081444,147.52412257939662,0.3374610200421708,0.0008603148349228305
50793,-9.750168986179796,-5.639422363112525,3.4511168474295726,1.6247561436970435,469.3545481502659,0.10852677112083153,0.000860341448959922
50794,-5.140138185225583,-6.6566357092612,1.0056618625661111,1.5176045226932477,153.08728814712472,0.39425841226737823,0.0008603560372550158
50795,-5.93588470590309,-5.166864257278978,1.2406773865982332,9.837471423739354,640.5650137837466,0.0945480770353031,0.0008606791189841506
50796,-2.851032881441725,-6.900627425209036,3.3524735539665778,14.492302345489254,385.6077854646243,0.2924158955680527,0.0008613720843849703
50797,-5.628920086606405,-5.641796715399034,2.1066114406925864,1.427102228834428,338.3193554966657,0.3402237159970678,0.0008614145264905069
50798,-8.902221920529113,-8.3690719256921,1.7725797599594113,1.8194082279390682,381.0659451081089,1.4762536108813764,0.0008617086835552705
50799,-7.596007697992267,-10.349806633770728,3.3799284843992576,1.1587577361195611,300.035739042246,0.9095834751906215,0.0008617219207097205
50800,-6.43706819700289,-9.970835546179925,4.774270124200203,0.8214927891383017,173.69242640110608,0.8501139795258084,0.0008618241028382471
50801,-3.3970976521695047,-12.746412477662398,3.9409635196454516,1.8762097652776126,467.58696770710526,0.5099466665705377,0.0008618346549474901
50802,-5.565754388568273,-9.656888196701992,5.098939112201088,1.0822490426437834,232.18644120927078,1.0089427549481664,0.0008618439930881842
50803,-5.44537563846424,-5.700348595750979,2.917923954531365,0.8992574731831915,256.67342542360166,0.467417677099605,0.000861989928572207
50804,-2.1101152335078535,-11.903274288825155,1.4877764656582546,1.025806688190237,272.62823431954575,0.3438111725720985,0.0008623475139115953
50805,-3.1676512371478847,-7.9159401780531775,0.09567213077069633,1.2590547709583717,268.7300386754936,0.7377513989613949,0.0008623878248108961
50806,-5.813489936543036,-5.616950840048482,4.3900953716608475,1.7683890711733519,444.4515450399393,0.11155761429694433,0.0008624103572768221
50807,-4.893704262577127,-6.609436760213025,1.4121642158495027,1.704129974882348,468.8193736913986,0.3289589181610255,0.0008624981659477901
50808,-5.792990124787986,-5.352329218367651,1.9458882026421405,1.7621442805269532,423.2685069495703,0.5488945426270124,0.0008625506439316697
50809,-7.548071292196184,-12.533515635688591,2.718231745651137,0.7749360856948507,158.32271549796357,0.7947336547421573,0.0008625838279997623
50810,-9.741594233526705,-5.671360372441512,2.196542221356462,0.7917557736771849,422.6165171702183,0.21288847878317174,0.0008626048146408693
50811,-3.404180922737286,-6.379393920490126,3.3702274595147186,1.182188170331015,468.62048054698346,0.6491846769334275,0.0008626337467431921
50812,-2.3780952348253868,-11.486482996953393,0.31402789043037294,1.6723188006387024,358.9109540978717,0.8554679092760091,0.0008628782835878422
50813,-3.872751363448124,-6.412705107836311,4.021704834144246,1.103538667334277,236.5916543104671,1.0171105377397023,0.0008629124751940617
50814,-5.002609505711806,-10.651215501084003,4.418308195417168,1.0296043150129606,468.0282002899891,0.3806642751978133,0.0008629906390187965
50815,-4.664642961628942,-7.512573818029315,0.27152772312373324,1.1192419177783226,464.55798290293,0.6772274988012432,0.0008631591253658501
50816,-5.663178741587059,-6.76221936409755,0.5338695120631232,2.0474798196471227,402.74909942086555,1.0392403024171797,0.0008634836663731703
50817,-4.106795041434141,-6.836942293099014,1.2749488105076368,1.4590659242688262,171.34405629240425,0.23622751208649628,0.0008634846265436518
50818,-3.9125758511011828,-7.673913815104946,0.1823196594855103,1.8704432099858734,469.60012342582206,0.1407807448490086,0.0008636132605640802
50819,-9.355922666918655,-5.776549200177315,4.4022845562390716,4.759642782323818,313.33820689634626,0.23262723636103555,0.0008636763386673917
50820,-8.313729815781748,-9.338571174130372,2.2735330104364,0.984283735918006,272.4643506016851,1.8383565192314633,0.0008637487533816542
50821,-5.625727663637868,-6.719020209588285,0.545571443659481,1.1130736832724224,287.469996293885,1.5147049798060088,0.0008638233543864061
50822,-2.052516812474309,-12.258601223827878,1.4005438352481825,0.9602948596821175,468.20801417789056,0.6141405892399456,0.0008638507792288508
50823,-9.17484306897473,-6.472415855719979,4.715514011128571,1.735826745170974,410.0913458288341,0.3958188334142845,0.0008639563456016039
50824,-7.2724138779156515,-12.524684922337636,3.2964662232565978,1.121138598088325,188.68338278075157,0.13117261138332292,0.0008640100563158537
50825,-6.0162144042993955,-6.428054905868337,0.33422415064467126,1.0029375630284563,215.5565419844297,0.031128885708414877,0.0008640271703568537
50826,-4.2920400862263985,-6.398782752009597,4.05434156636797,2.734616719148231,472.9459956006809,1.078814605370071,0.0008640748712131062
50827,-2.8827137064672517,-11.693042716097445,4.617229898344608,0.8090721900478249,469.2959219890293,0.23853454095864457,0.0008641119084258337
50828,-5.8987493025322335,-5.509829838066407,1.2830454968971556,0.7518538723884762,207.76240133367278,0.8219532737293873,0.0008644705549642409
50829,-4.760906646613263,-6.5609662072766675,1.6021260632115897,1.5584211266441768,358.24599969528623,0.2158277132406612,0.0008646897105794931
50830,-3.4940830612095066,-6.59059347542756,4.803820224485431,0.9361259961316296,240.25999106325764,0.872906004189641,0.0008647228176947043
50831,-5.124265240416371,-6.958969719962022,0.6581140439249276,2.110740697418238,405.80443717748875,0.8497495970194295,0.0008648352316019296
50832,-4.576347426710122,-6.594379301387863,1.742779944542139,2.347225316127152,442.26711375744924,2.0026428514696457,0.0008648906895687461
50833,-8.510225416138093,-7.810836140483606,4.74141891326109,0.550829042402419,155.8502300685441,0.9896571662878069,0.0008649029771830278
50834,-5.615628447583017,-5.720097979760377,3.96443591140547,0.7885688225240391,158.51465492843647,0.40270198231059595,0.0008649961220102204
50835,-2.5232252538011384,-8.20753778588315,0.5938561690401155,0.9111235564985224,181.23967879222715,0.6010483086787177,0.0008651301570562993
50836,-5.957747136272875,-5.6469895864065105,4.768045924668022,0.5897950599022383,164.47041949828179,0.7680933384071649,0.0008651810441150424
50837,-3.214942445565777,-6.64426871952089,4.747799105056144,0.7875008203064102,448.8140874279406,0.2734026658637019,0.0008652652409646435
50838,-5.011126433657791,-6.225065083067109,2.065316771165169,0.8915306951182728,240.47211168178683,0.5240411829462426,0.0008652959176238304
50839,-2.6086690725305903,-7.491638848710321,1.3925049273580785,6.364519825334282,253.6695401164497,0.32712071152242395,0.000865367453448612
50840,-9.286007256471049,-6.435560550978052,4.510780311035033,1.1278776707836335,466.78549439560794,0.573661742387074,0.0008654103885857956
50841,-2.374807338275331,-10.972691461947814,3.587834406251357,1.0058306378977475,262.78174285346626,1.6358868948520877,0.0008654301384528641
50842,-3.3013844741634397,-6.429089231380631,3.781734385953445,1.1134446508017033,287.19864490227144,1.1489735051195913,0.0008655316356400717
50843,-4.777322629944074,-6.182924494025229,2.910995003662944,1.1401322062342738,292.2113393621136,0.5275603243654023,0.0008656314779293143
50844,-2.3384071669228357,-8.84494589462047,0.7717772969351618,0.8316639775414798,169.62862768797723,0.09434075494285477,0.0008656769731893541
50845,-3.2944570285418333,-6.502787798487991,2.1958383848101883,0.936543092145775,270.63671961571464,0.11062127452322379,0.0008658811457067392
50846,-5.647255865412787,-5.682265159062918,3.9748783923999103,1.0195749001718293,200.33992243792926,0.0658172680799689,0.0008659410579654267
50847,-2.6322951237909216,-8.190968868499894,5.109207211976171,1.82258660451319,469.5093146985886,0.24069855420433317,0.0008659480951070928
50848,-2.8854499226445753,-6.852909957031588,2.975952101648806,1.49178727303528,323.7899227401644,0.6379102058720587,0.0008662192924415931
50849,-4.4405913270000035,-6.777488159821097,1.3284106313826072,1.1131574779775517,468.0119433411337,0.3733904797502223,0.0008662356969622262
50850,-3.3099293117629625,-7.0352362359428415,0.9659807628535227,1.0461408356767274,467.18339371462423,0.7637358262941056,0.0008662944434484704
50851,-3.446939265710002,-6.438155582524292,4.031920534401288,1.1590873068515946,301.1969452791707,0.31519627044287546,0.0008663191890042166
50852,-9.474151102143592,-6.829169953303826,3.9320980994545818,0.6624281720489336,468.47600791849925,0.46005403818860646,0.0008663393907512955
50853,-6.112808398510102,-5.216308105179322,0.6885296874568925,14.842575004254858,599.2716129027332,0.05057138790106652,0.0008664216950440812
50854,-9.436633036861481,-6.036900535476111,4.246427429305245,1.856014151085579,448.1218624561071,0.006911688794006388,0.0008665282655353906
50855,-4.744710792878988,-10.24527284864041,4.624337738734053,2.743363691013633,468.0059973326616,0.747801085166989,0.0008666186029677718
50856,-4.524963187763705,-10.443596021792514,4.505162777919659,0.7657649838866336,139.05428691555383,0.21516212054618844,0.0008666318504942414
50857,-7.577699679767254,-12.926147133615375,2.568104311758489,0.8675024254024497,248.38111046299392,1.5138698904327246,0.0008667711677549587
50858,-7.043254416856742,-12.730271955497109,3.570107514215821,1.350286353374103,468.09723963146513,0.5479773790838278,0.0008669044759983031
50859,-3.3754541288051296,-12.104080341708306,4.00065399152466,0.9488670647043369,234.6929883080444,0.816562634516691,0.0008670795420026337
50860,-8.993148838958499,-7.969993346352764,3.2501982555482085,1.495422307056062,338.82484108612323,1.4862447034384774,0.000867175402304305
50861,-4.940293360619748,-6.153532377891537,2.46200162937446,0.9211259299959523,251.85975346919503,1.2209226982418224,0.000867551208609491
50862,-8.562545362791443,-8.849820092587073,0.6791178385960347,1.6949680279226904,400.86004499290686,0.34658222361061597,0.0008675858805719069
50863,-4.1105805522027286,-6.643733000977053,1.724133784508245,1.379722290793582,307.8840714187357,0.19603662161698754,0.0008677049534273399
50864,-9.487187792891294,-5.030681102187234,4.069816114362925,1.1935972390386087,302.3082180372475,0.6267155245897724,0.0008678064184412128
50865,-3.088377072744124,-6.666709379504952,1.9854066630345557,1.2032361665339755,251.29596758327574,0.3296041390333171,0.0008678591009133694
50866,-2.693351069077253,-7.189932397747735,1.066163148125554,1.4696618619089583,468.03426775146244,0.3834511055891232,0.0008683865945991085
50867,-1.963667539775619,-10.412178308243394,1.1280216499446927,1.0553234798436453,215.61310661049384,0.016946819818968173,0.0008685647974408832
50868,-2.388001985969553,-8.210851187403232,1.1211367956895215,0.8059768651382697,166.51495882499412,0.5180869082708721,0.0008687524538487252
50869,-3.5755694390809456,-12.879871191303979,3.92996788852925,1.5239634722582927,468.3607309155684,0.793562107183682,0.0008687706810995647
50870,-5.30887630242202,-6.783833669712069,0.7559911757358994,1.821109146802878,468.17798832198883,0.585709831397005,0.0008688630002256889
50871,-4.022952585362072,-12.949175850613907,3.93260077758278,3.8868202106416154,550.5650824409881,0.4739450524451625,0.0008689051191306919
50872,-5.1040601399563466,-12.986806595779083,3.9701377743497566,1.102434287501996,263.7664130543765,1.5596458100610864,0.0008690134879223347
50873,-3.8320611196666308,-10.92423391462591,4.273017998302484,0.7984453046995715,419.457379605395,0.14821442391925554,0.0008690157866719019
50874,-7.658460939311149,-12.47222287297861,2.2999162107640383,1.6334365332558272,379.75792989415845,0.9215715429851832,0.0008690407444617413
50875,-5.0206939187258905,-6.128033715054456,3.7797568217125477,1.695522074395851,290.40606481998844,0.519770083360136,0.0008691307099732263
50876,-4.009032083586046,-6.331134899504734,3.1420238615270675,1.5703894425923814,364.41418258546184,0.4567780248160078,0.000869334887612115
50877,-8.01895190455873,-10.309928730910148,1.1892190210784692,1.7628890129748094,216.43528885355104,0.135837664891727,0.0008693463003660875
50878,-2.3815888006876937,-11.686374730105292,3.919813893079344,3.790054376978253,552.5980921253906,0.7999275392753491,0.0008694405090716419
50879,-8.200771359838885,-7.934753399763548,5.1440108168283425,0.9794213334621056,256.55122839778977,0.9548138597787439,0.0008698845107489536
50880,-9.731431919088687,-5.520397758762167,3.4902123073704328,1.8157880250013447,431.9285730980501,0.49238943429255766,0.0008701277301532177
50881,-9.243827511918246,-5.7770969070906295,0.8980166371008673,2.744760036810756,477.7139867236531,1.5217579486069974,0.0008702550881608599
50882,-2.3788116317781762,-12.31955015437418,4.034243497155601,0.9423053059552483,188.39948312104372,0.7396382372094248,0.0008704935239915398
50883,-2.6921997361045342,-7.200967006922316,1.0739306119822545,0.7959386855436595,224.29432858373306,0.50239967466793,0.0008708235886633588
50884,-3.4872798977884853,-6.418454710803431,2.5840594066809164,1.878380855773375,468.7503072628463,0.10811833541334348,0.000870949619448111
50885,-7.971962502490021,-9.88568649445806,2.7837096358921105,0.9182451169384099,237.78832910774736,0.27243162232525187,0.0008711232185395802
50886,-2.8796461515189833,-6.868500282372569,2.8285491929398914,1.0119565376246173,275.37377548693104,1.7200729485144715,0.000871204423006987
50887,-5.273458637446933,-10.446641488717407,4.528599426759618,0.6411015786282867,182.06679214300195,1.172817386632226,0.0008712774008447998
50888,-3.8080538815440814,-6.4134333882941466,3.9054169275617667,1.2913893578315407,313.5839850439969,1.6462520972653367,0.0008718784137613483
50889,-9.504977328214604,-6.694986520100229,3.9482900506824397,0.8007885281163123,166.3803402219985,0.10194596595954586,0.0008719467095620136
50890,-2.36741321024801,-11.567867589835183,3.600062516472849,1.8359665622326573,468.7141779396738,0.2947374878347011,0.0008720689659384792
50891,-7.7607630538214885,-11.713133993202934,1.8553196936617176,2.871060946878411,486.1849001623691,1.2049268395045027,0.0008720771565469188
50892,-4.681169810268726,-7.43025219193386,0.3204759819007551,2.453771145357136,449.99012007293067,1.3834698194311477,0.0008721656751436503
50893,-5.12082902982095,-5.994800363264739,2.846601908826357,4.325488414785623,293.96820524548156,0.2076973698660476,0.0008722248373490419
50894,-5.474976443829087,-9.966130912528808,4.839914660716565,9.458566754489592,586.0500689943993,0.029027429470072086,0.0008722348116492897
50895,-7.706672353604574,-11.069321407469735,2.6470738492902477,2.423908626372481,440.26868241860967,0.9018719718431853,0.0008723214177330087
50896,-5.440642139015703,-7.240863844915114,0.21868595875478797,0.8123681612133822,200.24023276463043,0.8277605941853485,0.0008723339260540561
50897,-5.198627585249059,-6.004308836180395,2.718682815798767,1.6260906354355278,379.1677712457805,0.1533776418860171,0.0008724231594850355
50898,-3.0007775683096414,-7.295812455316473,0.7062069005601952,1.269211473913713,470.40437304388706,0.017973326548644586,0.0008725963806746558
50899,-2.1949018387218135,-10.040474464795585,0.725661860770346,0.9452755425977665,256.40503991984394,1.428881741809164,0.0008726352198350861
50900,-4.854342283194979,-10.064332781857807,4.743568371206758,2.9351128446329207,474.5666509720591,0.3874981427633335,0.0008727217023983017
50901,-5.817719996377832,-5.066548083459308,3.345534594180904,0.8737855735076046,181.14776625503322,0.8387796372995995,0.0008727872907945186
50902,-6.285852778924063,-5.8703187023634,0.16234766166038556,1.7982518292887997,426.79555068019954,0.5230899386968426,0.0008728992730355949
50903,-6.078022540736211,-6.770061818898208,0.10195120542387572,0.7448624893534053,152.59066710814494,0.12533442612002954,0.0008730784360280309
50904,-7.465388708759131,-10.081401285848544,3.809066484480023,0.8521143658827125,467.6679694033827,0.44889003357480384,0.0008730877466787645
50905,-8.433924082447255,-8.866823178953446,2.9186321623114777,0.8458034407837579,203.5708677135142,0.41606751414481646,0.0008731101938238378
50906,-2.8792324709945563,-10.9579992225355,4.832560556332422,1.6273784743823012,380.41060777549666,0.8110770065233064,0.0008731554504750996
50907,-7.591820515958684,-9.313056989859513,4.3238220217529,2.2824718202309437,433.77814445276283,1.559985724890387,0.0008731574366583778
50908,-9.473090728495592,-5.386026798885394,4.124307013876088,2.094169832396421,403.2280039630364,0.8364839348039492,0.0008733125140033182
50909,-4.435301791638406,-12.881793535602757,3.9501567655511374,1.4406739626053877,315.3560574832466,0.26337633389243287,0.0008734889599952986
50910,-3.7321226826042766,-6.536278216219585,4.617572198439145,2.603535402454841,467.4555202401797,2.322633474810715,0.000873500483598235
50911,-5.8929436552730605,-6.401759171426868,0.48916443643436885,0.8610785212990518,245.68177594477416,1.3955992529512207,0.0008735024866879225
50912,-1.9920904225312324,-10.57297410304291,1.0552106875747465,1.0233501337861983,272.51381661458885,1.45956156373168,0.0008735573277672548
50913,-4.23471951486013,-6.7001916034663225,1.5928555482089715,0.977111016221698,254.99526597594814,0.8304775547041521,0.0008736506155314375
50914,-6.6244897771397655,-9.751920394722184,4.874867316051992,1.075774794118948,281.5320471617318,1.8595316741430343,0.000873658819302715
50915,-8.159388011373363,-10.020488480722168,0.7129940188127818,0.8349516513359071,436.12302366363986,0.23724256635995822,0.0008736861928999285
50916,-7.669790839124875,-11.004634798953868,2.7992965559895895,5.245733397417969,632.6786824104594,0.4080145439142182,0.0008736944133846637
50917,-9.727777922816792,-6.368970435790892,3.4746859550953966,1.8927321432896678,456.35291622600397,0.38189783431690927,0.0008737454285964672
50918,-5.088299630933944,-6.588337496031459,1.248425561016199,1.4305226783735605,461.16069209039745,0.710095474199659,0.000873975123823618
50919,-9.746910330934977,-5.212508740762897,3.3961977011530267,1.243359072379606,286.09791476733164,0.45087912660353613,0.0008741129222457497
50920,-2.078042669551073,-10.604358022831601,0.7860620901567182,1.3957600702793254,329.7844373822195,1.9496122028606466,0.000874239166906048
50921,-5.747292939640475,-5.463227916544014,3.8516116533028444,1.0068270436915554,195.36967577796906,0.3200816408781506,0.0008743725477803984
50922,-4.578189844142356,-10.804451057887498,4.331174243984925,0.6114196802423243,145.575711867084,0.7727780553994092,0.0008743919513163429
50923,-4.370759734197883,-6.3043739074423595,3.4791923012528625,2.9730926128348645,396.0561197300096,0.0792225644153417,0.0008744020462029533
50924,-9.237027700939933,-7.731850355240007,1.7450379800050766,1.130382013514826,293.607781553695,0.9816622294933603,0.0008745582333167502
50925,-6.090084317548496,-11.182666414416053,4.2343127883960445,0.8101439168450387,274.11355084503305,0.30165021047399954,0.0008746087947185485
50926,-4.620435407902676,-6.2549086831200436,3.1281619084890124,1.0661934019652755,468.2153140910088,0.21625184549154408,0.0008746697739629445
50927,-5.82737375212456,-6.6474032477451335,0.39576971484048,2.790526269497509,479.371494202312,1.1926866795832405,0.0008746819107115871
50928,-3.683141268282892,-12.295133651687065,3.9760351174055355,1.0743281566853409,467.34565592473297,0.07345160430301334,0.00087475534415772
50929,-4.971601714057527,-12.592514320793814,3.9877628634195843,1.3488866550312288,309.78033932296387,0.7807001664696873,0.00087483021204375
50930,-5.245880283459453,-12.293372615418587,4.024186667098269,1.0681931004346323,383.6176380054044,0.6643686944577727,0.0008749574766160394
50931,-9.83495397291941,-5.991002413231263,2.8688342716778816,1.3326945088227153,301.09154345037837,0.0901747344674666,0.0008749931242388474
50932,-5.531082066436246,-6.109956783727187,4.724877986335489,1.1400060546812831,299.02226894418015,0.7838285667336624,0.0008750142677049785
50933,-6.334302276594208,-11.425282700331303,4.1377395901794705,1.3127218834149352,319.5447831495389,0.2466182019106915,0.000875021776009724
50934,-4.347657638814181,-6.437621876253471,4.297096020917417,1.329538233051462,293.3930289714896,0.22553023831806662,0.0008751555710084999
50935,-7.189401834145971,-8.59322769744409,0.02906073817318425,0.9631719197334268,254.82328633967632,1.39838287545125,0.0008751947573068959
50936,-2.1112876862149506,-9.999178330696147,0.8887501523089487,1.6645394890030978,347.2766303695705,0.19693794660508157,0.0008752684040500067
50937,-6.061338202649561,-6.792654615903208,0.0844832688499398,5.013772361070455,625.3714973841597,0.750427232740619,0.0008752774178840611
50938,-4.100214076693884,-11.25574334364206,4.173292207963053,1.0089583802334172,467.3835454245247,0.8814812941456296,0.0008753238333990372
50939,-4.433549046871019,-6.650677372571229,1.6202156344995624,1.3725738396313942,330.3801531903294,0.25513462834208767,0.0008755442572248589
50940,-6.183600603545424,-11.103151834153731,4.250053311866745,0.9786429760407537,260.1663098145657,1.6119162933550966,0.0008755483602412614
50941,-6.291202986242307,-12.118013922433144,4.022944250937443,17.28900765344135,736.8561072247893,0.10255246548982555,0.0008757053829015486
50942,-3.88726326507007,-9.850363753270337,4.872669217101138,1.826373648114112,469.80190214359124,0.1967001245123816,0.0008757161459874112
50943,-3.3267096769631976,-6.617968137540303,4.866881334431365,0.7477674353785246,209.39508276060639,0.730130924989413,0.000875965158281861
50944,-2.0801178790722332,-11.21125026821085,0.7763770493807287,1.2411662405430988,241.8142953816593,0.003022775119313259,0.0008760704825108057
50945,-3.679363050913185,-11.415346430132182,4.125698672450856,1.3663844044323605,329.3791760306453,1.4945882122393925,0.0008761792200799615
50946,-7.789441462312276,-11.050897334530559,2.3010219821892237,0.7508595535614856,151.31346511492774,0.668451584981927,0.0008766083763742623
50947,-3.0591052001428256,-6.685195478553962,4.2050073978337545,1.1649866240882765,256.28339007557435,0.015077907750883135,0.0008766418479521528
50948,-3.991652416626824,-6.420690754401586,2.6177881289624927,1.127368657188492,290.6459765623758,1.3238366748613704,0.0008766624127601708
50949,-2.3070231396990337,-11.076135694835564,0.4302838227850163,0.8981195698172402,191.60669219658652,1.1427586740404942,0.0008766995376264952
50950,-3.1558734990298056,-6.475612426703687,3.1353599174810367,1.0678031040421985,467.86769785788715,0.9404941099203681,0.0008768174519879286
50951,-5.20229224538005,-5.99906246062196,3.5657458149054393,0.8830067467202674,468.4286945730454,0.9388758469343967,0.0008769657056829098
50952,-3.9695818200726993,-6.687862902283921,1.7643237703591164,1.7572709715918706,415.9851026827584,0.26333234204803535,0.0008769685564656401
50953,-4.102356472910977,-6.530958866726947,4.598237678170042,1.2138710926943206,307.66137564663615,0.5471128960902556,0.0008770196583880507
50954,-6.018257992823452,-6.878020920380113,0.08983774914358768,1.3907151425673168,307.0968590423084,0.18823997550986693,0.0008770575361270158
50955,-3.6976618160165,-11.717555106399434,4.061988445993928,2.349546022639412,393.70578291019245,0.2316924721225826,0.0008772486109299973
50956,-6.234820935785885,-12.527566027405987,3.9890059087262255,1.1517357080620816,294.5906059651598,0.8299578740858271,0.0008773446848589679
50957,-9.69170204779322,-6.2684484447376105,2.0941930392451518,1.8275691319239427,359.7384418113668,0.5219380390404806,0.0008773583142885926
50958,-5.619109320883241,-5.424390380628544,2.639487215338282,1.7801304515952545,421.25667759981394,0.12512927915109628,0.0008773697548017474
50959,-5.114800914391359,-9.620616590083936,5.101285536924721,1.663050218797844,390.5772992844904,0.7833448842166009,0.0008773948491340013
50960,-7.908331775371254,-8.74138258390236,4.4965897515388065,2.4354856413241444,430.385078552279,0.40485481201163065,0.0008780083299104978
50961,-5.828896697152033,-6.197997606460981,0.7714888935549216,0.7487570489310149,391.6724142369788,0.47221181190133876,0.0008781648501400212
50962,-3.521038372259799,-6.865814846921351,1.2166530955297794,1.0378079872481736,468.34058029439836,0.513730161438084,0.0008782831878147107
50963,-4.8930581062124325,-6.403251623988234,1.8828342532692492,1.1608940277333075,301.12116063352033,0.5025464341224071,0.0008782975109233039
50964,-5.432574614574494,-6.108858237785351,1.6860738328638754,1.3845212622606238,319.90002365259545,1.2431621836064908,0.0008783738848172597
50965,-4.222717582328056,-6.425691876550678,2.4392529886586343,1.8657472932151744,466.93888142445377,0.02243588885548764,0.0008784151187319689
50966,-6.142030102811013,-12.115505265599843,4.043744097454719,0.7455465373522292,184.35633592446575,0.3303129433856977,0.0008785592479043174
50967,-4.465259035537333,-6.28956398024962,3.376751284264331,1.7728541550238517,468.03697363782214,0.4431710143229717,0.0008788006918983898
50968,-5.0055969387738415,-6.171968322005868,3.9494293313371243,0.9822375124480062,260.9625852368144,1.163925750862135,0.0008789314678662601
50969,-3.966327320714073,-6.552684158248964,4.741030055272286,1.049855859984135,469.6275462160178,0.005303009182564544,0.0008790144913448592
50970,-3.3679273643168184,-10.722024728510018,4.343320948669413,1.1825400975868634,467.9771344495596,0.15141351207293763,0.0008790704620330657
50971,-7.838860692855736,-11.67826526407474,0.8085749634960046,1.817828094975142,434.42762560334717,0.17368025693660094,0.0008792536731683715
50972,-2.6891758888691184,-7.655295627725995,4.530071464961073,0.9446654623491096,202.06453332442496,0.0055850177458083294,0.0008795209923696736
50973,-4.340753547260353,-6.561378889804457,1.9014022441721772,0.8672421969551682,195.74121343616866,0.7732358684590546,0.0008796161237735842
50974,-7.554628152709765,-11.903176956773981,2.801226973228956,0.7457704452835153,191.0395615483354,1.2629759509831482,0.0008796564718241635
50975,-9.412423837964948,-6.254713120991049,1.578020224710542,0.9957702465613316,253.27107424651336,0.3327743770538545,0.0008796945518865804
50976,-4.093612077339416,-7.589871390492164,0.2620245422178739,4.4147092828978485,593.2157350451183,0.848624451014806,0.0008798089352298912
50977,-2.95392516518943,-6.873264788642319,1.5703846947078073,1.8162762975883726,447.85597473130326,0.7838766979954208,0.0008801285228203654
50978,-9.419756421850575,-7.266058746610651,1.7854090851966733,1.6468977327312047,382.7700401772183,0.7439972843994189,0.0008801294119047424
50979,-7.184862121713066,-9.029870363496197,0.06369255564792684,0.7437289764724566,411.99584469184447,0.30797388764305467,0.0008801964971783381
50980,-2.3992804514936346,-8.695566454786366,2.7981830652700292,1.0550924340606167,212.60377257337257,0.12649601375115882,0.00088044763917163
50981,-7.299077394926924,-11.831400092874068,3.3408571891745416,1.2102788402349276,258.4609455136011,0.7774956390883174,0.0008805590026558788
50982,-5.677452672556921,-5.559802496987128,3.740478209125422,2.3463178442782935,438.90777407385406,1.3271702499617648,0.0008807710001097257
50983,-5.5678321123032735,-10.100677457544357,4.743863118231376,0.5756856289143029,172.0242893015108,1.2086612527630756,0.000880780206794333
50984,-5.769271279147723,-5.607639073439063,1.6198795577776737,0.7498087773803057,222.34037588333675,1.2616432315546016,0.0008811055939471703
50985,-5.513161757628554,-5.636598218430684,2.6901337332259136,0.7092714967823034,143.18647879768574,1.0919167882614937,0.0008814564051140342
50986,-3.53430042785964,-6.467614724937365,4.205528211397138,2.7823863249305307,399.1264263634529,0.11639982437305907,0.0008817069870812499
50987,-4.101562044555812,-6.783250572660943,1.4712939502098823,1.2305193500896388,311.68966471527125,1.3805615932498538,0.0008819634281174946
50988,-9.07927205591539,-7.592236026811715,0.89448020436949,0.9953834735303244,263.93359024056946,1.2492985147665943,0.0008819716852459401
50989,-6.418816954003916,-12.29159030540227,3.97236643643836,2.444945489432727,449.6775367205841,1.5151183191813873,0.000881972134643758
50990,-4.418031953954635,-6.489520537310266,4.672818190946047,1.1415185399649137,257.4141080029741,0.7551265336281574,0.0008820628036061922
50991,-5.961624150245313,-5.329260661738571,1.4059469687462174,0.6420291833878392,130.69053510868645,0.5262763604400611,0.0008821228344501052
50992,-7.723586758760851,-11.50383643909056,1.4383525035478404,1.5572092820696888,354.5750383418139,0.6881686713423045,0.0008822552771986688
50993,-4.481172883058684,-10.828333737739001,4.313725062546173,1.128839842406801,216.18727988434185,0.04119834381308696,0.0008822613815377367
50994,-9.660522653643921,-5.668301355667719,1.979131343481382,1.803177729875106,441.22564714773785,0.5467959455336429,0.0008823074642494153
50995,-2.703315950596915,-7.2630465398682285,3.0351036574406276,1.6007690470330516,374.81462695967934,0.8389907689226073,0.0008823633698963713
50996,-2.381782936323294,-8.39206357933433,1.6891203640771193,3.1309294958372837,243.25666253473906,0.43937677542699216,0.0008823787406623396
50997,-5.09416084306628,-6.0807124667873325,3.319135108255709,1.6418429839567585,467.73028465038556,0.12822544578248785,0.0008825678639244948
50998,-5.417010333972041,-11.366255043649652,4.180693509724214,0.8522826586138846,467.90899957598765,0.41911316888711614,0.000882637804313615
50999,-9.614165247445385,-6.556047031367914,3.736218722209645,0.738365029587636,189.4970168507921,0.3325077718548277,0.0008828701675355508
51000,-3.6164368151143966,-12.183213309548423,3.983372880378414,0.8331674854637378,173.69878289584057,0.6376898185967166,0.0008833765459681081
51001,-9.449255195580836,-7.422176550550221,2.1577638884644608,2.3814899609388083,443.6748583604887,1.601505368102198,0.0008835649955956559
51002,-9.720318872025082,-6.620822271528851,3.354440332337316,1.855947868150253,445.801147430596,0.3753977040954126,0.0008839856905274577
51003,-5.799892665465886,-5.359940431754631,3.8936636464811216,1.8023250637201564,468.51952632601575,0.8382451259024917,0.0008840602337911818
51004,-2.3098528447634994,-8.404903327276603,1.2173220323057998,2.6515462674088663,467.78911368667514,1.2840111862308667,0.0008840867205068314
51005,-2.2119714343628347,-9.84775261009148,0.7423184800434988,1.8482490539470617,444.19439548985935,0.6888932017531193,0.0008842482102926288
51006,-7.836831483572408,-11.057978432285015,1.6228043685561377,1.7347312649383557,468.4876247918426,0.55997045995072,0.0008843788682578173
51007,-5.876232673758096,-5.148668796038419,1.7552919131145097,2.4000048342056877,435.75446941182304,0.5189287781905287,0.0008844126556120515
51008,-5.3118706976127275,-6.169943021947322,4.405445788177496,13.01436809364435,750.3690779744736,0.15077630093991257,0.0008847747416757384
51009,-2.0269693932495345,-12.39162476059347,0.963681260662304,3.72698609182064,528.9571200034889,0.28843216207437994,0.0008848547333092761
51010,-2.036743439558233,-11.449402905912617,1.369683311272267,1.5872171578336935,467.8890652085296,0.49741166967936135,0.0008848903624853383
51011,-4.4833480848702765,-12.188019665361459,4.005818807465002,0.9415799137166802,468.09704437844186,0.2249332356232534,0.000884941419975937
51012,-4.531444337017012,-6.330952309822194,3.787308186161844,1.8467605330213333,468.53288238025874,0.8631171004114728,0.00088503646915261
51013,-5.354154046821734,-5.898012710628577,2.642992874942676,2.323542012678562,367.8616608141865,0.10820471180231017,0.0008851142856050141
51014,-4.897136320256765,-12.107111150019705,4.029384269174854,1.9797161604823068,209.03628447255417,0.1996947951217356,0.0008852978996655189
51015,-2.1782420676219294,-9.882092416536771,1.561406810908116,1.4668859562787986,338.6304650595348,1.733271328355717,0.0008858055757111926
51016,-4.301024986991553,-7.48725911106264,0.35989038783270483,0.9274069361493262,469.8796927145971,0.07352809405461702,0.0008858211341040793
51017,-4.19047495854043,-6.382372726329963,2.488700226903435,2.133345520730826,402.743926508637,0.6767330236024813,0.0008859569779706345
51018,-3.095137536626213,-11.292217167150048,4.3046653237096715,1.8668142972084882,466.3066973061896,0.5470633237773397,0.0008860489538287454
51019,-6.92206600296412,-11.186364149515198,3.9189990452873458,1.4869033234314446,340.2325361909425,0.23507077833168122,0.0008860697790611358
51020,-3.7977792694894816,-10.386377622598713,4.503583816796416,1.1374277212879025,292.86692301069024,1.165460304092524,0.0008860751423306035
51021,-5.414153173314816,-5.891773976356026,3.7730142523602463,1.7986550909937917,427.7986405561847,0.041853009727556234,0.0008862404788118592
51022,-3.5524400687163205,-6.450583328229606,4.103085156918946,2.082199959320306,413.9273135052483,1.8456705000220932,0.000886460785253491
51023,-9.046355344602407,-8.00790192305989,2.8725479031983077,0.9462777652994189,468.39194593636563,0.6008106133849731,0.0008866022402690899
51024,-7.680447100336696,-12.938047456927269,1.7490525905071455,0.6090789814371212,124.98892778578829,0.02580931006179288,0.0008870556280346588
51025,-2.7801745896483077,-7.08388061251567,2.2033183997583623,1.8998717498476194,467.9091786785037,0.45059673816119616,0.000887275079083226
51026,-5.167477155188389,-12.854095241961561,3.9698249858428256,1.5303113045446022,468.3822617212202,0.5297671667355237,0.0008875899308556309
51027,-5.367143551259713,-11.513646149823034,4.1447728119113325,1.5980703385441215,370.2971689430124,0.26029177184926144,0.0008878564157419409
51028,-7.877468803497894,-10.524111030470863,2.372955649817429,1.0899923241037284,173.56447516436853,0.1688315400469964,0.0008878660857584682
51029,-4.029787087641377,-6.460331261591405,2.2647511819631383,0.9788675113881179,467.5028626456786,0.34140178784060815,0.0008882569689227846
51030,-6.291686043577636,-5.291292329535698,0.3554708015421122,1.1315473269903358,466.48938048087945,0.5886240616404246,0.0008882705193109947
51031,-7.700984567924089,-10.34792889911973,3.1259644819178503,1.163708432883826,276.4504403866806,0.5028945169670038,0.0008882737397491913
51032,-6.000884849397235,-5.481532650765317,0.8697205627852775,0.938750606129528,189.83284604447744,0.8441810008649844,0.0008885176247304366
51033,-3.948841286130267,-6.435716816825143,4.110947134092232,1.1590456668900604,283.02732383168234,0.39284880109607645,0.0008886230249001085
51034,-6.213093240201159,-5.136703413863878,4.90110869577342,4.8309187141544845,279.76511575639313,0.471613610036024,0.0008888870489997437
51035,-3.54250704802154,-9.874132564435591,4.84293189908666,0.78916643350691,217.96789721122326,0.12841071729874365,0.0008889066150024199
51036,-4.331701860161997,-6.447998341981569,4.420408786024834,0.7558302232875141,159.62990865552771,0.6743877955064601,0.000889014347267998
51037,-7.596866453047449,-12.46308382443957,1.2407976144965063,1.7371275718644623,187.7243038030133,0.2637554123777326,0.0008890884558096667
51038,-4.557289072796301,-7.294193329094232,0.5113629644169096,0.6501038601795486,140.75934797385005,0.23604112647661335,0.0008890959705318608
51039,-4.791975704281413,-6.218563504533703,2.5395778664130457,0.7398160699212536,223.40597872028516,1.2429443383120455,0.0008892193241733683
51040,-9.13175491538025,-7.364158110111054,0.9299502657122656,1.0582990302924402,468.1001942439377,0.7310056657170758,0.0008893301164112747
51041,-3.8382630214985456,-6.53297216414698,4.519736261954385,1.0511742119496106,280.8566421474586,1.604610860906619,0.0008893662338963364
51042,-5.5989312789299905,-6.022336237885378,4.625875075578764,1.1190664981187661,468.9482546205731,0.877573550510788,0.0008896073803628839
51043,-5.6183034034544725,-10.357686036716329,4.580252058697766,1.351648603106382,326.05870751765065,0.3831541435874497,0.0008896213473949541
51044,-4.522383517483222,-6.560820100692403,1.917619478546431,1.087944158844983,468.10215645003933,0.11542896782230994,0.0008896319250731713
51045,-5.753606918470342,-5.610124309756254,1.687699800420442,1.2424930573505348,274.34687326251714,0.7879446651973074,0.0008896699185020007
51046,-5.809288093696044,-5.595679038503609,4.196802309757899,1.073065389516817,282.87251987698625,1.0403466691816243,0.0008905769510224181
51047,-9.280804868373055,-5.473518992748206,1.0141894176316066,1.1469510845755957,297.2538286623428,0.9741332895217791,0.000890701536629567
51048,-5.006478906563885,-6.115094738969245,3.239731022909202,1.876986987329799,469.5127609819899,0.13465369104108316,0.0008907275273897929
51049,-9.026777001006153,-6.6375925314617,0.6041419346437983,1.113563792810566,294.02563920649914,0.8159190091618491,0.0008908068959982241
51050,-5.150996374652924,-6.591349113253134,1.3703677379255153,1.4832099084484829,337.84854849391434,0.8840718994466217,0.0008909035811455796
51051,-5.715615758714103,-5.339975363390164,2.455687023804194,0.6617393392335514,466.3430722560129,0.45789696241102984,0.0008909512396921158
51052,-6.358223226977794,-5.669881019805716,0.11654851596625548,1.0097125444559238,270.9609731041711,1.7268396789321168,0.0008909752671410124
51053,-5.380604893789969,-7.398698697173757,0.13317057259795761,3.7262772156686648,549.8342363955886,0.8959740480912606,0.0008910548910041753
51054,-2.305814012517806,-8.93452160533333,1.8145372230002652,9.880340078221005,673.2640490513934,0.12068205974174528,0.0008912506750460194
51055,-3.3802421685066832,-6.44046400365018,3.957624203889901,0.7727393091962784,171.3776616472166,0.34965412189716005,0.0008916500034428798
51056,-9.758220258901716,-5.297449031779129,3.339352863984307,4.232854304230126,575.6509995885702,0.4738087979433141,0.0008919528775039171
51057,-4.552271092904014,-12.26549168042957,3.9954117365732826,3.1550498322285536,425.38227537389446,0.11217404080673621,0.0008923968104459124
51058,-4.36953003838565,-6.48280607077102,4.539958543600663,0.7945321631006105,368.3552088250676,0.1591384767202566,0.0008924725456665955
51059,-4.875392872990912,-10.951033556843946,4.280351038634733,1.4167178590252238,450.1337890058957,0.8898150832695233,0.0008925064004661767
51060,-9.121071635609777,-6.1934752691179,0.6856940660270382,1.3253118181503034,292.4893333514481,0.006364374588150312,0.0008925758513043029
51061,-9.162620408536293,-7.9138773399425935,1.8649314434948474,1.7541075369220929,365.4659804320315,0.9566966146526665,0.0008926917393370005
51062,-3.39580937385922,-6.747116033647571,1.6772490351365763,1.3756506965473718,303.3832268417503,0.37796320371431325,0.0008926973275795794
51063,-5.14930421362047,-6.904891120850649,0.731060514231466,1.1090803117909351,286.04522481409765,1.471437345682121,0.0008929812253744555
51064,-3.497559275813874,-6.437339366708594,2.5216224446055686,1.836494928630684,447.47013445084974,0.45647417988601635,0.0008931251410065958
51065,-5.9283846399295985,-5.398899683051375,4.340567566234371,1.1909380825369082,306.3717090752655,1.6163987497363497,0.0008931818777018825
51066,-9.306256293070048,-5.815796050475434,4.484955668024305,0.854187949415303,170.664055873234,0.1002462684324712,0.0008933628467245111
51067,-4.974380125968565,-7.457620497487926,0.26520684867803535,0.9182797393197307,467.36220494993404,0.4084389920442808,0.0008934011283482266
51068,-4.689642120001035,-11.008758572177765,4.251492505390785,1.0199102819705805,268.01793272300927,0.7746959055475271,0.000893841537885197
51069,-5.655495144213339,-7.316192256274265,0.0414361706606291,0.7287402897894537,189.51971007299412,1.1532305761473838,0.0008938842006103015
51070,-7.782822663772965,-11.107412237160572,1.3863517504235428,1.5420790499839796,468.6199701925635,0.612296041869353,0.0008938965683120047
51071,-2.9736214317847844,-10.143562283426796,5.033230847771182,1.1312008309615518,245.18222535529344,0.5018937102613359,0.0008943344799654037
51072,-7.712219199580673,-11.971512364432597,1.0673744177431805,0.5370265452384844,152.6113018149836,0.08399217511907775,0.0008948195020749309
51073,-4.3364520400336755,-6.393266088722574,4.12539084535502,1.824043195527598,464.91422623180017,0.9278084331350618,0.0008949248060021465
51074,-3.5442321075269216,-6.3980858191907926,3.3219876996251583,2.325917325242348,431.90967434838296,0.9557104601379196,0.0008949547446256329
51075,-7.7560966655103085,-8.915765354218077,4.522863820616773,2.251760310776228,431.92830386709886,1.7889758804253644,0.0008950717877174783
51076,-4.131867529013819,-6.337831805897715,2.9837751641787715,1.0001822940199545,468.7966491999131,0.026680368407475896,0.0008951384679929433
51077,-4.288145806899769,-6.43877884127536,2.349109625551134,1.800039624360715,427.8698020139238,0.3323027329847159,0.0008952631837551873
51078,-4.332687159989384,-6.5517791148433755,4.807762282480412,0.9306516104594585,249.61700400147183,0.6112176293247842,0.0008953507801989975
51079,-5.2582782350112005,-12.837645626966573,3.9691926105383537,1.5976936274415081,330.9191658083252,0.5581147811505165,0.0008955086928819138
51080,-4.5424015491246585,-12.905980494874296,3.938088002364729,1.8250674379666323,467.8299144154098,0.3558376032213557,0.000895768866361956
51081,-8.15773241864678,-9.37365512155826,2.8857885824272547,4.882601214282486,325.9284521320978,0.2070837949841895,0.0008958255710892259
51082,-7.600929204209768,-10.283637034695367,3.3983381559303303,1.0352267116600873,277.17065108928705,1.4251499226931639,0.0008960832879874044
51083,-5.805988694817227,-10.85440837697426,4.346356147339302,3.4806017192441203,532.6634768753582,0.9127131658216268,0.0008961432521774742
51084,-3.61058578894911,-10.6961041086722,4.3471096666506455,1.5324621440123916,352.54700418834364,0.163314453318681,0.0008964318435354536
51085,-7.752940689325743,-11.241227866250183,1.265106363783414,2.3563723908806224,442.5659347715457,1.8351557101977054,0.0008964568632888132
51086,-7.759270360185692,-11.917126579653614,0.5183819527787225,2.7167261077430407,473.03577661791127,1.1741137874638667,0.0008966776326498135
51087,-7.6586207910597555,-11.443224847353386,2.605844936998843,0.9239336103638159,468.80027576566425,0.5941706995939899,0.0008967153227188081
51088,-6.0778791351126085,-9.978987382771656,4.814950577606196,2.5670524581445595,443.43137699398756,0.22013508886949307,0.0008967226618780061
51089,-5.733390479249384,-5.171163029785517,3.0166845598320653,0.7245626792033718,428.91621041298396,0.34467455979828365,0.0008970477447582686
51090,-5.963852453224229,-5.320133084303924,1.3967198132801355,1.6347707853683813,350.2559334349939,0.5110909316490346,0.0008970512215217147
51091,-7.252847712994882,-10.203581413131904,4.019387497912315,1.8632770201293616,469.2143468214574,0.21752607793417233,0.0008970986637014996
51092,-4.0525464784853025,-12.978597361411103,3.917995484010544,1.0467295426226384,278.52185265447844,1.7131999133396079,0.0008976195403496433
51093,-4.58726360909888,-6.331606507712065,3.924167441291893,1.525214469332674,335.19059042566136,0.4453696389221804,0.000897735488717165
51094,-3.7816378035503853,-6.394055032171616,3.2595210992425807,0.5519623133646148,113.587858043395,0.14487527106157305,0.0008978454446671448
51095,-3.5124984150534777,-6.7480128939516595,1.6828746200421585,1.796611147154388,427.4222982373972,0.10062369347735878,0.0008984849546726093
51096,-5.176762279116682,-6.570720855700223,1.2502208067769727,1.7427799542162905,413.43018047223177,0.7531794617846295,0.0008995346158860481
51097,-2.959501169244371,-11.979315368274092,4.371719448249845,1.079164934240292,232.32950468793948,0.8682363487579252,0.000899597555675995
51098,-2.2752664700773035,-9.179171560459432,0.8412313322737137,1.1748976896052195,298.6813766223253,0.5365101730372457,0.0008996506472858316
51099,-7.622102631631595,-11.732747359229238,2.621254684862193,1.628591960616775,428.35270959302005,0.6243438723451318,0.0008999118337052987
51100,-3.3588160675592604,-11.502008161148078,4.091449583603659,1.8456022200245086,467.8977570862823,0.6846850650163896,0.0008999243097433897
51101,-5.2946341745893974,-10.774566837154413,4.36318436857923,1.6240732201728936,375.96250628440146,0.3896851017679932,0.0009000015923474235
51102,-4.201335147083812,-6.860274548605976,1.2447035802597768,2.7326008291511656,470.27652208094497,0.8184140650679863,0.0009000057373892616
51103,-9.591699431327802,-6.715787685541086,3.68686310136626,1.6250826557575107,377.60186878709237,0.6426068069602717,0.0009000117299949337
51104,-6.795097094903628,-12.427777277868897,3.7837280918208527,0.7939157887820475,159.6779905254507,0.5711135732496722,0.0009001626008617192
51105,-8.751795978822681,-7.853998589025871,4.142072503699431,1.1369670589302743,230.48582253977668,0.8374607453330594,0.0009003012626209639
51106,-3.890787495764667,-6.369937992641901,3.402085101809765,1.237848064076277,291.5585710112197,0.848185405491825,0.000900301990093612
51107,-4.497194701432374,-12.96730565271467,3.9333892172332896,1.7260060747830428,408.4924945377629,0.45146721877462515,0.0009003218612436282
51108,-4.096711501804284,-6.395769145890389,2.6740219539684293,0.8359328171317694,469.9774300724783,0.09356568945199406,0.0009004266978123298
51109,-4.598985912504503,-12.361125255219893,3.982819345941404,1.838682729778156,438.04773968432215,0.6382588572426497,0.0009005435021633853
51110,-3.1755450654603017,-6.969812749097169,1.1047165177925422,1.965943488495713,255.07821503472755,0.09818602903218743,0.000900649201771582
51111,-4.605897145822976,-6.52335612644964,1.8886814201405469,5.5904679236299994,243.52932040843422,0.3253154766843922,0.0009006740617638572
51112,-5.824111945451008,-5.0225038006059775,2.827640273208785,1.8350447929009437,467.7253009152923,0.930628875811764,0.0009009673738281972
51113,-3.4349516455175113,-7.479645617848086,0.40214488973406076,1.5541370504880687,358.0299329658966,0.714550922559833,0.0009010334735742538
51114,-9.620519508445623,-5.964162112752403,1.909190100291062,3.386831562788831,513.8485995723676,0.31136209994067077,0.0009012528049101298
51115,-5.896015856272954,-5.097914048007957,1.871307182627376,2.81465054543681,199.07566374720474,0.3016901252790616,0.0009015336030188149
51116,-5.257674679979981,-6.542984161431755,1.3706354897752957,1.8840282165811884,467.98385733564425,0.5447926754494201,0.0009015711468236596
51117,-4.19456069543695,-6.433136806831987,2.3386366122869537,1.0282515797475775,277.8305089721215,1.5805131140093058,0.0009015729238630973
51118,-4.4834764965402,-6.411945213286751,2.199428431664857,0.8602689559098154,241.42588853156232,1.3460828336547843,0.0009016720180524408
51119,-4.637996554972168,-6.715980444698251,1.4204221215440656,1.7336590307642266,467.82534469826606,0.6089517338433357,0.0009017579838353626
51120,-9.407190524029476,-6.654695671877683,4.159728067029568,0.5928488992455955,121.88412210954372,0.5117528716754274,0.000901944479571226
51121,-7.7821669720717725,-11.117934302929442,1.238618913925582,1.2046393389194197,468.7655012470816,0.8463835982135413,0.000901946111408025
51122,-4.743195426754583,-6.58741667730771,5.135511211501135,1.8817194877878887,452.14272881099663,0.6063702468445014,0.0009019742054100896
51123,-7.774894753553017,-12.561462640250502,0.7767105706440385,1.7525659673729828,416.23120248703776,0.7863391311195498,0.0009023328413833537
51124,-3.205273016801364,-11.960370404311554,4.0490835605951006,1.1905081067516503,229.38012682553722,0.026208663978218638,0.0009025223271818975
51125,-5.66142932759282,-6.290964373917459,0.9150471956973494,0.9569405368503503,467.47842911105164,0.7824230660508489,0.0009026058948884122
51126,-5.504855355833821,-6.004377969751441,4.289673320476715,2.352766714217338,251.94475833670256,0.13679563175286447,0.0009031147140331475
51127,-5.145466032509164,-6.139628228962062,2.132236834287462,0.9066632423439499,242.1612126506843,0.9676628267466407,0.0009033390520862262
51128,-7.1045723183751015,-10.752120162826069,3.8956934350416534,1.7374321070050904,409.41361375824584,0.5035353308544979,0.0009035011436141933
51129,-8.135265355472157,-7.53821897839139,0.22684837446087017,1.3778761190313218,300.6868494996777,0.6189227884446096,0.0009036637812237198
51130,-2.628183312091151,-7.77101797077217,4.092130701215032,1.465267467296502,349.0006939487239,0.43445230705262894,0.0009037933533344582
51131,-8.532261380890155,-7.8656950321542345,0.4130869242978272,0.5351507861983076,141.56158806661577,0.6063009790963862,0.0009040499319786723
51132,-4.592286809015383,-9.797492780709913,4.9201534923160954,0.620045845648424,134.59667713514511,0.28993394255012905,0.0009040996339074411
51133,-6.032826803030322,-5.169964743969256,1.3255975262305002,0.9353269822285496,196.94600780249684,0.05433575048560346,0.0009041400661765203
51134,-2.4437813168607105,-8.178373998380037,1.9514073182410325,0.8419599367008467,207.60590120296524,0.2827735546862735,0.000904388286810972
51135,-5.344729522189386,-6.215636457621462,1.7505523405350483,1.84077687556013,159.78305770894545,0.3263496065025828,0.0009048338694654789
51136,-4.3004678623075945,-7.065911996551965,0.8604559268777707,0.9177284170044416,468.0584879471091,0.7706965029238706,0.0009049607982586359
51137,-9.21873410123645,-6.532239632796185,0.9205787555339713,0.7822182752409292,182.93872444459615,0.16192137130866602,0.0009050516430240663
51138,-7.655189797873377,-12.970182763816364,2.1561274478210626,0.496687202695028,134.46739372956432,1.1961151494193052,0.0009052946349153432
51139,-2.846945949018873,-10.992824875588436,4.897379798713499,0.6755893589085163,147.11282084608456,0.14939441457411462,0.0009053992959358286
51140,-6.168256358179008,-5.4316506394311865,5.062662903862226,1.7623630078436419,418.85535967516074,0.11605878396648972,0.0009057436974858769
51141,-6.0306277890115005,-5.498202731918391,4.773787504999379,0.9997136080318834,261.5874878326523,0.8691106748150395,0.0009057799692241985
51142,-7.729050042524069,-12.917651785764109,0.5637798124831132,0.8791542561486895,205.9719237005562,1.104481682293419,0.0009058613584930046
51143,-9.796591806943175,-5.16199284523703,2.514214230004769,1.5163178575898053,468.8361827951648,0.5417971049087393,0.0009059160896807115
51144,-9.037779471296838,-6.23185208098209,4.986833471778206,1.764392824678655,430.74528017969925,0.06169025399637462,0.0009059778679704624
51145,-8.983376370923253,-8.17611453334558,1.6016821679840214,1.5333563586589842,348.7580336091802,0.0677948183359307,0.0009059849863312658
51146,-3.8485606330599396,-10.043302537913718,4.708971492999279,1.0116124549606236,268.1019498402535,1.6763116353836098,0.0009060146220970528
51147,-4.979474185617292,-6.2256889228448,2.2622625111600456,1.7509935845247122,468.1088833621513,0.7358952230515294,0.0009062632342847697
51148,-2.4312533933268146,-9.540224306889554,4.0178722175557615,0.751310305509838,220.70533769840046,1.1127715407786392,0.0009063845878997508
51149,-4.388308774158562,-11.547764958495517,4.095349882097281,1.842780302271225,463.0367026784379,0.7656579101648919,0.0009065120280430427
51150,-4.878948440055236,-6.163191370732032,3.166022717490343,0.8675879134240945,223.40547260725623,0.3985916565703027,0.000906521184743684
51151,-6.036396643302444,-5.687904258465788,0.8055512405776797,0.9968993215262428,468.2362714540793,0.24492548879519394,0.0009066153389712193
51152,-6.684382559585123,-12.676757615574857,3.8253532282831366,1.0933869199906852,468.2529074899387,0.1057230243241305,0.0009066771976220472
51153,-2.9962313685005695,-6.6722948928444445,3.5173677165807327,1.7958241716376966,445.8700779594965,0.07578133187356251,0.0009067510185082893
51154,-5.14470562048622,-6.189395857169694,4.182514078359167,0.7048029567595333,468.42928609353874,0.35904866262852586,0.0009068463802079914
51155,-9.468596484613133,-6.518547461705281,1.7018269229090275,1.124627040828042,290.42627023018093,1.144200204747702,0.0009068973804767847
51156,-2.3491005731339385,-8.6195070958691,0.8833007076816627,0.8828648402848915,195.07223660756512,1.118867803285819,0.0009070988174406759
51157,-2.7815139677470446,-7.307230122757108,4.387471837186436,1.0273929779754145,159.87833241561654,0.19676521517792445,0.000907232108652802
51158,-9.632492661652538,-6.743860514721937,2.0875065291195543,1.4903067386420241,467.9537858633895,0.5737597897249831,0.0009072466698304443
51159,-4.579603094439701,-6.468920623846854,2.033550774360743,0.9556126691319253,467.8142577096304,0.568112808219607,0.0009073504646011808
51160,-5.753212796673173,-5.646035262080819,1.6852878565858511,3.199341808683063,452.56218604019654,0.16155413805809804,0.0009074394369780044
51161,-9.786807166351593,-5.923107215739223,3.2323450870160344,1.328943378134518,300.2151663948461,0.26522794767070046,0.0009075339863588714
51162,-3.928910585470568,-11.249423069937356,4.150483352258639,1.3017949466545549,280.8915798464675,0.15330937337441863,0.0009075894576005356
51163,-2.8411470501872484,-6.943130077892447,2.6154452694410146,5.302257527169462,568.2345817254263,0.15432574041484237,0.0009076003783999467
51164,-5.910123621247594,-6.459897684978028,0.5223544542859927,0.9298083429176706,468.227172625843,0.8246048164941504,0.0009078885688701851
51165,-2.3334851114921937,-12.75069755161928,3.0983592756233094,1.4611943845430366,468.67032028819654,0.04711518848805518,0.0009079042770068421
51166,-9.251527514866972,-6.419930241424663,4.554323361335574,0.8792555268368718,257.58211371932947,0.7490734301795774,0.0009081861494015594
51167,-7.699762030212848,-12.142490896739583,1.6428329977244294,1.6282650438629462,332.15347791872995,0.5183237492363215,0.0009082593665774708
51168,-9.304614553208099,-6.585555613674239,1.3524890303722799,0.5174598029810485,116.2230889028329,0.5006433732234123,0.000908437891766377
51169,-4.604976137396398,-11.140641613555198,4.2000786154095096,1.7834878969420491,424.3751160552318,0.1560814520363687,0.0009085349557433279
51170,-5.831746474187101,-5.05193608706413,3.316817039926563,1.8442224137694863,460.38392979582363,0.16973010994658466,0.000908755817902596
51171,-2.011410651814546,-12.77248773532634,1.3282198961760947,1.830262768575947,378.23936695586843,1.111456931946675,0.0009090415250878628
51172,-5.971034634174589,-5.832650894234681,5.071068118975494,1.4210546698441298,340.47070700443567,0.37308648408150713,0.0009091168602204855
51173,-4.634228831396117,-6.498398418573287,1.9719673834082319,1.5727306719331147,364.4733478792209,0.12451174604792126,0.0009096290747090483
51174,-6.0137245751835104,-5.442334915550321,0.98373545759053,3.6640709939819596,531.9989698091954,0.408981483666774,0.0009097994630250072
51175,-2.415413284262355,-8.462671127080679,2.4970978484176456,1.4156226833931977,323.9028813870943,1.1147802427947955,0.0009100657300140771
51176,-3.9089579390298015,-6.387981915124132,3.6406115907984464,3.254124288208885,279.3983023173501,0.16632374159816976,0.0009101353618483618
51177,-4.9750190613203475,-12.249828170922655,4.002989191523827,0.9626480426963175,224.11483352167966,0.36752903030750783,0.0009104918294330389
51178,-3.035822447150064,-12.619341620786836,4.1587129239938525,2.5639072570489367,459.76035774049114,1.3687311846654033,0.0009105109191019859
51179,-5.439015906996124,-9.806447067322578,4.944478171360434,1.101348706473119,253.98135468522474,0.10120977911575224,0.0009106804515651458
51180,-8.560717641329273,-9.018256784071834,1.0767015216248241,1.2176560073808256,218.70001965730378,0.07499599186972361,0.0009107567255636564
51181,-4.042861553662255,-11.952476968694747,4.007315708475896,2.3038988407829284,216.2437475246083,0.22352881207358966,0.0009107778121298857
51182,-2.4325032427128885,-11.019606383002316,4.728896729253296,0.9890733566208074,221.07056735887468,0.3706524997395002,0.0009108456909021445
51183,-9.685839174773411,-6.944021436182044,2.9589922752177626,1.3127629405074694,313.3950086610868,0.27112942269578433,0.0009108475754191128
51184,-8.264809661727762,-9.362783976126112,2.4394241956860125,0.9982423170059456,197.22762001651452,0.26297275628462824,0.0009109761353185672
51185,-5.989002789724949,-9.889021565343281,4.883725121861713,0.8677935605822159,467.893050842104,0.7914647790689013,0.0009110439617432762
51186,-7.453954714734653,-12.232960995571885,2.964217820341114,1.5929190228391243,468.70331185114765,0.8258762369344126,0.0009111347196534656
51187,-7.666600481634999,-11.916670990788448,1.1702599080102976,0.9138523741133866,467.60425963266954,0.45934319745364594,0.0009115469637332412
51188,-2.3142007915991396,-10.417105925344615,2.6762210019171864,0.8896675724931632,220.47609147297953,0.3548363469401732,0.0009116131398760671
51189,-7.645321854750113,-12.787389457124487,2.244207229554936,2.00144976512492,399.40723602998423,1.1823366177448262,0.0009116705092316374
51190,-2.938189907957378,-12.522763199590269,4.341633517027765,0.9022572096960437,197.80929654609682,1.0038614454812533,0.0009119367582021918
51191,-5.372316162943204,-12.570711230989417,3.985004178290808,0.8012865372165617,209.84539691829025,0.3835703461104156,0.0009120575397034358
51192,-5.718509874714407,-12.40404591891955,4.0098714364303065,1.091574926264334,288.95622895188177,1.195848386959601,0.0009123688397265702
51193,-4.139906281761249,-6.443816011454002,2.5286084235971447,1.6227160395596243,355.8543263349575,1.309679081391132,0.0009123917963344202
51194,-7.5897525660140275,-12.7043412505404,1.4156888556663754,1.246725658872398,242.27148887226176,0.0021103801888164853,0.0009124284500031598
51195,-9.544744467923833,-5.3817968700496825,3.937690338954636,1.3664021174956757,314.34408738798453,0.3957996618874189,0.0009124426093765736
51196,-2.3467087203474897,-12.89713826703213,3.289924232447245,0.6166159586580542,134.21741223225604,0.14950172342286017,0.0009124501142718127
51197,-6.314409827376952,-10.086284021012787,4.701819234633949,0.5618985785714384,178.18113936722224,0.6899681530776558,0.000912450703032405
51198,-4.00413563869808,-6.5799115485362165,4.783100708881436,0.8907208877000011,287.37260021157437,0.40634307427613603,0.0009132537062351287
51199,-4.528540394805026,-12.176133804530236,3.992513961511519,0.8265817138349592,179.2059564953061,0.3892405148090843,0.0009133760184672883
51200,-3.6502141979651226,-6.678729093264718,1.7993379143085246,1.1529312617596161,186.79934614287592,0.14878728820665277,0.0009134147751860756
51201,-7.774244749315194,-10.170929150787162,3.062899880640041,2.637880371099806,420.3658111508832,0.18052083374606998,0.0009134331386051634
51202,-2.852848394766003,-6.960052754241674,1.236852881679968,1.3762080769178637,332.36658122083253,0.26944218689020616,0.0009135804775617169
51203,-4.960365808995465,-6.858576552504445,0.9085031857253425,0.9714288555122982,205.36093954397063,0.6555277093245193,0.0009137201494453568
51204,-2.511932164545706,-9.111364721449586,4.857329524504101,1.8948554812943617,377.35096528162137,0.7655198709084745,0.0009137336520227337
51205,-2.617804562967244,-7.530026636376729,2.7774349823913855,1.4548422776244023,332.04780109788004,0.8917324285573232,0.0009138350612421927
51206,-5.186310646116747,-6.6273999151474285,1.0801812192795321,1.6411672963982902,386.331778376802,0.8408151404101423,0.0009138587125923293
51207,-6.942832110489086,-9.565057299765664,4.829720121644136,1.4121114176213345,325.8838835111949,1.387675098944995,0.0009139617353805517
51208,-4.951058237806665,-6.179418685718761,3.098161683012477,1.3373748266513952,288.8762928595525,0.16786637043422914,0.000914155357075944
51209,-5.887189057358084,-5.960421460985581,5.094075188367072,1.7458342341994098,470.3261567472815,0.0503724206045808,0.0009148648991224366
51210,-9.815668952599735,-6.075196961302946,2.7554230049680473,1.7588573592073402,468.06283385690887,0.21699956101742313,0.0009151371419672853
51211,-4.7801275592108095,-6.657431101999522,1.5491406391802827,1.759381766343679,424.22294710011727,0.46675667985882274,0.0009157277786506406
51212,-3.7545144132507993,-10.971841971484693,4.234210493466569,1.6520557555499578,429.8593868577646,0.4096070134361183,0.0009157751934301807
51213,-6.216707828516214,-5.41724807914198,5.146785905890583,1.1055568999504217,235.5414734266858,0.24861097053978476,0.0009157914984477844
51214,-5.590559241934451,-6.222068668600651,1.2528878593822557,1.0432013162782297,273.83228444307684,0.34162181810712244,0.0009159569923876617
51215,-4.699439910945326,-6.540862182232755,4.915389767216932,0.7094442002526554,167.53756733127435,0.07457827178551124,0.0009160811787450992
51216,-2.104322218354379,-10.8886555432585,1.437264851729939,1.0447265376624641,466.865556412547,0.49607936098957417,0.0009162696878299113
51217,-2.06103609865166,-10.633765434265253,1.380090229586328,1.2398431505020013,276.6130099151948,0.23573085399743032,0.0009163325967994788
51218,-5.9269217391652615,-12.133111660128987,4.0372028165244025,0.9311043426170015,187.32856623612096,0.9071609435047838,0.0009165896891940763
51219,-2.4539545658100437,-12.364655182789145,5.042048628840321,0.9972010001994529,267.77966362244155,1.0174067342911588,0.0009167107553575174
51220,-7.720252282960838,-11.865283118674986,2.068920844335947,1.122707802275651,288.6188720795452,1.3411978298226002,0.0009167112945333488
51221,-5.577628567824106,-5.606440700990279,2.3104110784329293,0.7181279539300632,432.4770117101503,0.3177844389289932,0.0009169195493912343
51222,-8.292143341132572,-6.480202389691978,0.19373890684941789,1.1924227894544337,468.51854757968147,0.6628003755591303,0.0009169863397441604
51223,-4.771606718014826,-6.44902675217141,1.9387703971254817,0.8077225794702428,234.3154350105757,0.4489972177727868,0.0009171516349595949
51224,-5.616718768191288,-7.080315560747985,0.28811934841985143,0.9861395746069381,270.3785040755174,1.775576194503862,0.0009173641007438432
51225,-4.2307672714862825,-12.200864704410462,3.981297310156755,1.508328530315912,438.14892183311275,0.11587100856004273,0.0009173997413175671
51226,-7.630473382563137,-9.252100361946585,4.308118260445458,2.6265941030966142,457.17862378293637,0.704100290514682,0.0009181457197534172
51227,-5.378983281410909,-6.178873658360607,4.574662442134276,1.1202295912947258,288.5486780998533,1.5334538498407326,0.000918475899151979
51228,-9.239050041993883,-7.736167449020672,1.7950290037064793,0.8126756437009716,232.68927997968635,0.9386799650142743,0.0009186702111835057
51229,-9.333681468280085,-6.358736956584658,1.4140777378799234,1.7336451646107036,443.5032507798471,0.1525849404478512,0.0009188693152195681
51230,-9.736447322896979,-5.1781975071446915,2.2284637398532814,1.2932654102064811,275.13550873823726,0.9224105858318135,0.0009189584719552516
51231,-4.608158844387516,-12.686778285711624,3.9393856375684244,1.1553108808490722,295.6840851899445,0.6066816059915547,0.0009189764265502642
51232,-6.621470352362191,-10.22049883931298,4.514584635002501,1.371646830421993,300.70194481078477,0.2014163212545368,0.0009190865536932759
51233,-1.989483960931489,-11.930846849700718,1.0386357433873967,0.7100619547014404,153.22593311833364,0.19558715988580122,0.0009191678103010429
51234,-5.1346510674707195,-6.450284961689565,1.574443900772757,0.9756840688706574,467.2123506907739,0.12064394544876489,0.0009194416232188102
51235,-4.92132476557869,-11.512814371561833,4.110815316372819,1.8701119385661489,447.93896874278664,0.6198807939825457,0.0009195106416769613
51236,-5.865582076191699,-5.687095787464304,1.4106009904054169,1.1244393509121733,467.790205042288,0.3177275236734802,0.0009195139755468549
51237,-7.289556909466151,-11.986604145353406,3.305204556375612,1.657396955037976,468.0689616470394,0.47758167760264936,0.0009196282550985326
51238,-7.973017661670092,-8.830889927454688,4.213885806629874,1.694337089704081,367.8067412337493,1.820822222273848,0.0009196515884244471
51239,-2.515665329833051,-8.76213623286986,4.533219737486922,0.7852338154998433,233.0262692590124,1.045043941908947,0.0009197219937832384
51240,-6.003909391438549,-12.531671989413706,3.990085202683349,1.2081144842833045,173.1072117066553,0.18716535665880318,0.0009199546356143685
51241,-3.308141661658871,-6.559532763036907,4.453827674689499,0.923332857836467,425.31849253655713,0.8815450276954868,0.000919965952703968
51242,-7.730359712205482,-11.598728348712202,1.5521804177635248,0.5958979375933817,186.1662342782791,0.94728908552585,0.0009201647515243107
51243,-2.221709310287647,-11.476203834744323,1.872814160761431,0.8849701390060385,223.47818757024953,1.379558622287469,0.0009202078881988831
51244,-8.479741375946022,-8.751497597445532,0.5565266595058158,2.351725985060324,434.11407387733993,0.9647042597897126,0.0009202553952859372
51245,-4.573752721879524,-6.312972102155304,3.8094841710061087,1.6654773643138168,391.3185163882093,0.2372707477364635,0.00092073395938578
51246,-5.27026204600584,-6.159642843107295,2.002559042729531,0.8884945265066344,467.8563722905544,0.9004105268870397,0.0009207777012219621
51247,-9.74558156002636,-6.425119058369446,3.3106174996957387,1.3838769535396576,335.5865929666173,0.5497620501060609,0.0009208292302348855
51248,-5.733951781345175,-11.6333129644258,4.114321869458346,1.7099010089160982,356.68581539548353,0.8446866202520633,0.0009208809739280645
51249,-5.069746844776834,-6.112765574333706,3.4975566278798516,0.6807318411758911,170.5272929944327,0.37385235034094944,0.0009213003303531048
51250,-9.376746899760315,-5.16217882631246,4.271661081459747,1.5957781025156206,366.6950660382582,0.1887305107190249,0.000921380675239688
51251,-9.168250857529378,-7.664672334292835,3.408211497725332,0.5952904839066347,123.21274075268873,0.08249678672092564,0.00092177026028498
51252,-8.6370786261773,-8.836978236137213,1.1779890556646788,1.080453308414523,468.0720182586993,0.714823883472099,0.0009218236917838583
51253,-7.250776215847498,-11.062562415295167,3.586668170639891,1.0728440073012264,279.5896520392834,1.3762777690827432,0.0009219178485354434
51254,-5.163218581333902,-7.313474187235843,0.35275133319660695,1.7946525202614758,431.20642803717385,0.47405269305448616,0.0009219738030363333
51255,-4.030027677552162,-6.3978020661331225,2.650239262655386,1.9498954714688168,366.1723199400329,0.2137804466313451,0.000922233540956176
51256,-2.1540368015964306,-11.166825828872238,0.7867980622535697,1.1987631525480957,467.95531867040444,0.06500965767146649,0.0009222923095813974
51257,-5.7576550083276725,-6.718169614372822,0.5297436523358656,3.606242737300861,273.32625141832045,0.25545743919997754,0.0009225236675128443
51258,-5.371745938555884,-5.978700876606441,2.143074262425281,1.8303374096600338,438.487817062755,0.191786154946759,0.000922574051521236
51259,-5.558171057297146,-5.690822645556705,2.4920539238923762,1.7602771926504792,447.39178332477127,0.11521125382034114,0.0009226624884051334
51260,-5.439409220521037,-5.900667903364328,3.8055002935410682,0.9673606274565998,155.65802427563548,0.34450824053380735,0.0009226696282636074
51261,-8.782881902923117,-7.782385944513703,4.183238832510807,4.453810464991867,468.10502913593416,0.02913982466046061,0.0009226963334985653
51262,-5.486923407425199,-6.551934485790676,0.9337627646213633,0.9303708254877615,466.63464895586725,0.6945873378009475,0.0009227607994421937
51263,-2.757436938877939,-12.980575961702423,4.783683125213906,1.709480321565076,462.0356837175304,0.3713466923671822,0.0009228143809991583
51264,-5.237764804940731,-6.175781300927727,2.016072298805589,0.9752031870621432,136.63405306874236,0.28339370558935784,0.0009228502971793548
51265,-9.819297187386889,-5.782055678017137,2.8520912090811263,1.1193123954697868,285.40236413758214,0.46459499308181407,0.0009229037713131708
51266,-7.31930848808139,-10.934396458307265,3.5372363512200353,0.9946370580893997,269.32661969069324,1.5390391322227588,0.0009232285996591614
51267,-5.222206603738691,-6.021847525834336,2.78044235327495,0.736581418093622,221.9926134118103,1.0094059034366696,0.0009232294746335573
51268,-9.230258033897611,-5.72801345456848,4.6113925239952644,2.814527154735845,224.41215955418517,0.3543626265947726,0.0009232691070792467
51269,-5.7304646782352755,-6.049584888138811,1.0643655300953074,0.903841745994518,468.0626864761289,0.5849704483281863,0.0009234593853015496
51270,-9.228559205198051,-7.6351110503470085,1.6366370368237286,0.7209229126898415,151.1683195191235,0.8291200463182795,0.0009234879455693222
51271,-2.492942967278675,-11.05584784815696,0.1341723482088537,0.9994375402780699,220.23904914531138,0.03132970519406708,0.0009236277963500571
51272,-8.210362708008043,-9.857750402876594,1.031462999074084,0.7062630588448774,168.58861015768153,0.5480433622086469,0.000923717162389472
51273,-5.140426263551555,-9.5476561202747,5.1527470427764905,1.1489210584231027,467.9894118383295,0.3630973806119142,0.0009241686325316506
51274,-9.358429652388615,-6.9927798756117125,1.5908450339469213,2.7465626352023853,478.36713889320373,1.6941789572380346,0.0009243008417347694
51275,-5.132014088238343,-6.394562498677485,4.867261977675077,1.0198860205479987,206.09010739133763,0.45193403636228435,0.0009243992372261971
51276,-7.670399599866329,-12.471426433496578,0.4291545605385695,2.714193783027388,470.89908182429025,0.3522787102399727,0.000924489847997933
51277,-7.396267250250979,-11.385898440642015,3.2558510225086605,1.0480354515403232,282.4655399886051,0.8380403259493141,0.0009246625527799974
51278,-5.76417903379551,-9.589053740152979,5.13633688322799,1.833675667139764,438.94332112546346,0.1870552718114995,0.0009248811367703249
51279,-9.602864205375328,-6.9737376327190725,3.3478940972215474,0.7738847560955703,210.93625613477386,0.7489048742625686,0.0009248956925456184
51280,-8.482824100927939,-8.3382211946106,3.869369329074861,1.8428807842185189,467.8004713968047,0.7627978836073508,0.000924957682491041
51281,-8.19543367307048,-9.725018074854912,1.856498510935874,0.8498601113015725,182.91210021188448,0.6999590176724624,0.000925051446094172
51282,-3.4832331482442704,-6.417967031044505,3.0335634954852027,1.8304549849212741,381.17626376037686,1.343883012708682,0.0009251352289340624
51283,-6.430248498229245,-9.571172157576743,5.0835373706332385,1.0139520505700552,278.7490660921518,1.43360696523174,0.0009251959566721135
51284,-9.589044394501752,-6.252831220280459,3.8434336323412186,0.8458716996753248,228.02025353974688,1.1324351297291848,0.0009252219129395947
51285,-5.658382075423304,-5.525487944466743,2.516262132982082,0.7970376765826741,181.48304804521814,0.3846068395485869,0.0009252512282582854
51286,-4.126007040606082,-11.193538881599084,4.167476583625532,1.1648994559880663,240.4966012820421,0.02708564967539484,0.0009252865240422919
51287,-9.66893244183767,-6.486084707489184,2.1192551289946246,1.772213613953905,470.12522427691977,0.1240394453847129,0.0009252939771701643
51288,-5.035588761967339,-6.18071742180113,3.8511982594314818,1.1095386559985068,466.94528956927195,0.9332878010699313,0.0009253429961876916
51289,-5.162445493115303,-6.249933729854339,4.400897716717288,1.1366322061589045,467.439974588342,0.30757247163406287,0.0009256471043651768
51290,-3.5092065219217776,-6.705700135806685,1.7848886750419328,1.2146061761126417,467.1791543754719,0.22640781679123112,0.0009257097811220152
51291,-3.6381714268943526,-7.063224882983802,0.9605895592734576,1.4206349943014553,468.93180830095525,0.26811797448421526,0.0009262344213836193
51292,-7.75803483141496,-10.152280062701934,3.1172764969539073,1.775946196482805,435.26932190200597,0.4043436364424968,0.0009264613640393004
51293,-6.1308477019407,-6.694790085596768,0.054719199274470554,2.9799339287165187,478.5822626114681,0.4768239309764608,0.0009264807480508811
51294,-3.1337782672159946,-10.805957635812266,4.402562849837598,2.7749368839920305,474.3781242422146,0.936216945970072,0.0009265762352337293
51295,-6.122685613758716,-5.2488417076598886,0.7448106293327993,1.0123886774159223,276.944334954008,1.783395560303747,0.000926601739263642
51296,-4.463194287090227,-6.320424486479589,3.5795953855146343,1.7440988785878708,350.4062050582029,0.5949693138682788,0.0009266768370480697
51297,-5.776368830484324,-6.051286067925577,4.980864401090502,1.1728980811386407,298.1983968990133,0.7694940738304155,0.0009267398966810583
51298,-2.343856939883853,-9.732479445324294,2.9151562693399007,0.8097107170263504,467.3810221251335,0.056048958948759164,0.0009267791896494633
51299,-5.973818389368226,-5.618496274309965,0.9132326487544056,0.6477051819385478,183.90170919480488,1.2374272806590962,0.0009271130531329818
51300,-7.930248694467599,-8.819812942050188,4.315162076315314,0.6857921487091995,142.33548181713067,0.1259412249925269,0.0009271937606136081
51301,-7.549103188245095,-12.246661430831962,2.70882647984462,3.6691201576518364,499.7994603334358,0.1676490987880781,0.0009272002534483725
51302,-2.605570344269921,-7.428817467671508,1.2271816679802738,0.9501834723515,265.9187564132638,1.7876636347807784,0.0009272522681169855
51303,-4.240747566631768,-6.871626566748156,1.2412820582490787,1.324092352869163,324.62147848931534,0.4085360693298874,0.0009272790771419423
51304,-3.8000274605216644,-6.668563779102435,5.041724916919193,0.9172067976345238,254.53949386099038,1.0630970451068258,0.0009273945432261537
51305,-2.351395818512694,-8.759292738573926,2.11554339737612,1.5956806221360864,356.7117716083453,0.846191609916251,0.0009275895146798794
51306,-5.8077561537832665,-5.164196761084921,3.3054413590516183,0.9247376459896509,260.4806654480058,1.4092945307555995,0.0009276510059635983
51307,-7.504063031453693,-10.125301814581697,3.6823091163427564,1.1188786543262796,290.0201706590917,1.72575798834992,0.0009280631012808408
51308,-4.872216391210166,-6.720088775370641,1.3565310267158812,2.2643736762425597,433.4494915609007,1.9771465157556056,0.0009283547989315285
51309,-8.928552112288966,-8.30778446740457,1.80193937786311,0.6532895360930502,129.2598881270911,0.1172391074513568,0.0009284333954458806
51310,-5.568144308852844,-5.586181216132521,3.077590126557546,1.2315884906531995,226.14994967423783,0.04863267484905798,0.0009286751415507116
51311,-9.346986772479868,-6.12708063631559,1.4335481570063988,1.0831187276504506,265.4632156901537,1.2889145569168798,0.0009289574802466205
51312,-6.337258052971152,-12.830714299892081,3.9249494864422347,1.669793519890742,391.69244905697064,0.7697862848227315,0.0009291674128234067
51313,-8.47212623558733,-9.047711341692654,2.126660805554322,1.0749572022046843,278.67928012201287,1.7057376193971843,0.0009291677342136263
51314,-6.121516082201299,-5.1636214389794075,0.7658288362099323,1.0843214944392792,284.4880344009104,1.2534401855023178,0.0009292142336008919
51315,-5.43704880447038,-5.822174770136606,3.4287745316580955,1.101137916643871,469.96124044632904,0.06061215725731994,0.0009292893716140497
51316,-3.822430679509724,-6.55467240482866,2.0674100719725557,0.7668754977050284,468.98528231012347,0.21403847368433304,0.0009293078529166223
51317,-5.168451035445573,-6.030805384499609,3.1023992635790014,0.6935182382192325,466.5535644453131,0.4886104057913956,0.0009294943546714666
51318,-9.626790636876635,-6.679624296275807,3.5822060018649324,1.4394713363999405,452.16363843051096,0.804342798536589,0.0009295998540294452
51319,-4.418483796361129,-10.536195476745894,4.4254555396471975,3.1198629171599173,502.42631484873317,0.7848927342575314,0.0009298499004655935
51320,-3.8794359262401166,-9.799939065022514,4.888418556518312,0.8977116525560783,184.37215043116896,0.2040055352369663,0.0009299151447028683
51321,-3.2298279458960675,-6.574814806369462,4.362086775918428,3.9347669027211074,554.8679970537428,0.4733717120085741,0.0009299191864088834
51322,-5.5624052408029785,-10.969438073780902,4.2843016183455,1.082852506681879,134.84180301655135,0.29066247760396546,0.0009299207856659975
51323,-3.1654560321090184,-9.87046107526691,4.914531814413841,0.7594880959692771,180.12442756741586,0.8853227024614521,0.0009299860789739456
51324,-7.741276176469644,-11.493672596508814,0.4406693478404174,1.85846680433992,468.30421998333287,0.18438384639729133,0.0009300066500143432
51325,-5.651398432274074,-10.831875925490507,4.338248409286658,1.6714539400950954,390.45213212140135,0.6349712470748576,0.0009300937441676167
51326,-6.68670935206699,-10.25553719542523,4.457677279361627,1.2413425799395363,273.8304232733609,0.4430158923780061,0.0009304485917671939
51327,-3.0005056693621013,-11.780563482718174,4.313104777813526,1.1070086672143051,268.28766942953075,1.6054066090796875,0.0009304513712838099
51328,-2.3145607981126206,-12.30893407056236,2.839876280707055,1.014430906905929,278.6450985678625,1.274004781956358,0.0009305134242344039
51329,-5.8057109838123075,-6.770286498476894,0.44550022419782886,2.082551930384254,414.5350009638812,1.889183171669102,0.00093080227918638
51330,-2.530300340048468,-8.552530193913796,4.404653882011357,1.1663793667264881,286.58468900351767,1.0064024772127675,0.0009308057416399735
51331,-4.409903817671874,-6.575884117200162,4.895952925794468,1.8844679736736019,460.3308691324964,0.3793899016850242,0.0009310740797303829
51332,-5.952048356378243,-6.789615928499169,0.25381910627713916,1.0031761694370125,265.7490016360682,1.024570648117785,0.0009311410402339224
51333,-6.008869921138487,-5.305676312129322,1.241255748164489,1.5994981871300404,424.9121652366916,0.4487367779842115,0.0009312635476376728
51334,-8.007878236526068,-8.316598070956227,4.906269486161582,1.751105451141169,414.7522471054608,0.15164683414490465,0.0009314126142075331
51335,-2.70444408010626,-7.241010603031882,2.900465339900987,1.6570238544018816,387.25874005882935,0.6753676614528663,0.0009317036773731432
51336,-5.712127535781518,-5.44434391116781,2.352472926025475,1.5040719559876112,468.5262728803974,0.010699567379888641,0.0009318253786141827
51337,-2.0744550233149415,-11.631697354529745,1.4310546202901464,1.6174075525107539,468.2174959044231,0.792094554536777,0.0009320016691018881
51338,-6.315649901437106,-12.300487738615962,3.9700636183793256,2.337515139899479,334.7465132092116,0.015377979015722687,0.0009321858651975062
51339,-5.527973232542374,-6.055147555854695,1.7505904041045508,2.1770584036737928,424.11488262044236,1.938736619862497,0.000932600045019442
51340,-4.562895688618945,-12.6089910589939,3.9392041265574935,1.0458722420560194,275.81447376086146,0.8635554893566484,0.0009327197950250323
51341,-5.658940609826632,-5.937361448644769,1.5889295665134002,0.7773413473526912,371.8467571944089,0.20672923014587408,0.0009327237550137633
51342,-5.975557498921646,-5.87204976477522,5.11691978612989,1.592665387458306,468.08186181255337,0.37748963381407474,0.0009327299896243715
51343,-2.9099585364179656,-7.078676530577018,4.712985991692568,0.8417219990625621,191.04969889224435,0.40898742144517986,0.0009327750200868595
51344,-5.27355038130319,-5.965713057337609,2.928835806645854,1.1024227730348637,219.70673904934733,0.883190317406731,0.0009327900056815133
51345,-5.6878744415084475,-11.150548325404312,4.223921771726081,1.0530839981635562,207.14172011187304,0.036124699604316746,0.0009328008051210777
51346,-7.469760460071068,-9.43485247752,4.3544571996721055,1.8493283247592185,443.41147904263215,0.08880074033798024,0.0009329049421785562
51347,-9.785940079814825,-5.527926706022709,3.171531889649826,1.0486353829536073,282.7640041004726,1.062510267438511,0.0009329519056379736
51348,-9.43321071751091,-6.056158957197357,4.200706916292081,1.780786417115945,469.15237299547414,0.6334278059988607,0.0009329698889727746
51349,-4.41405962236186,-6.351413009475975,3.553738955882618,1.8305446349819434,386.25101952526984,1.9178647300437524,0.0009330289921325507
51350,-2.012887222748711,-12.892773417986845,1.303239449552004,0.7502353451171837,465.45884191263747,0.49256769295593106,0.0009331795755388629
51351,-3.092765729108411,-6.571657830981276,3.065398232741105,1.8530159938118966,468.24991408641966,0.8286638234540566,0.0009333279378898316
51352,-5.6192347181526605,-12.640995241191206,3.9772047518823905,1.7255653370717583,371.74926600490824,1.7705640405423049,0.0009337131345001521
51353,-2.462932046256583,-8.10731107978692,1.6816016146086927,1.6087025493834126,468.6484444745633,0.18439586843120015,0.000933804470173183
51354,-5.03442490575441,-6.912681213437752,0.8460173493477068,1.6091870706834015,467.7434820572809,0.12150537353335533,0.0009338245788095319
51355,-4.03264980836909,-6.5527423644657965,4.659105764112598,1.5519542535812634,465.8713382932369,0.668126212354827,0.0009339129188702796
51356,-9.662033388792462,-6.898165114205175,3.1884527283901116,1.0442483450410303,275.0455078126306,1.351993452786684,0.000933936298512205
51357,-4.617328092211751,-11.293759272668549,4.145286876782361,0.4978160158841662,123.11488193310086,0.6203449545061819,0.0009340842529502941
51358,-6.149073708533519,-11.367393284527244,4.151635529070299,1.7930186793269252,467.98411303611215,0.5722295710283118,0.000934356039057069
51359,-7.672069704804157,-11.775042194370537,1.423048732055255,0.9768564350772803,265.32229210474395,0.9776435030962469,0.0009345515208377329
51360,-7.497061384268268,-10.136588718340843,3.6829768653136936,1.8274771894183728,382.59226596977334,1.4877560080796934,0.0009346335917120998
51361,-6.383194935895329,-11.27178271357532,4.137842147117579,1.7054098159888094,370.52463325364585,2.0907290704115056,0.0009347580959051989
51362,-3.946655269516679,-6.484445541337952,4.1425745263459035,1.8232114760534552,468.01726504660974,0.37590894529617014,0.0009347687239362934
51363,-4.942652105712417,-6.235781552872046,3.862395122686175,1.5124653163622874,328.296018948063,0.7316622121794163,0.0009348368500893848
51364,-6.580128776528886,-11.914785427133939,3.9412833766599467,0.8673653099705878,467.64721467528915,0.8074871152403498,0.0009354256645334884
51365,-2.2267472368253234,-9.329383861119874,0.8531369890228832,1.5241630849238943,361.6017931367023,0.3405007202587669,0.0009355534849470192
51366,-5.905511440678229,-6.616589882539966,0.3818552502345617,1.3594452921748286,422.013674333086,0.2861462168352542,0.0009355702555929213
51367,-8.259118986209781,-9.517542987921427,2.011014871155607,0.6498221582195713,140.47774625427226,0.22747352675069532,0.0009356644039328985
51368,-6.387396649442062,-9.715881358196519,4.960617657627959,2.8846976814364047,488.0720615224743,1.2340262855980386,0.000935687128035756
51369,-6.632847138565309,-12.398098456442153,3.8591749745847803,1.1751272267233488,298.82444170215007,1.6247405996868496,0.00093571735944901
51370,-2.3087380194154257,-11.116967616248145,2.644964784919043,1.4935204289925572,447.77648213209983,0.23224546462985263,0.0009357655891850078
51371,-7.285872313773194,-11.148413317008016,3.5020376350850517,2.6006131058491575,466.7512170681949,2.142417979478772,0.00093595624048359
51372,-3.3360682596362814,-6.731062875958899,5.180610051385246,1.3494432921666537,329.7955627785314,0.35453448771781737,0.0009360687193548372
51373,-8.82430323045902,-7.253985240327115,4.828379594992408,1.4087508590217337,310.24866352041124,0.7284057120340135,0.0009360845549744917
51374,-5.976373274352112,-5.6584785458615885,4.774665900068742,1.1982776993104787,467.61958541956307,0.4330026719832114,0.000936113551400368
51375,-2.1794768188750746,-10.35127246174999,0.7884467389313773,0.7682700103375621,213.8547583068258,0.3667118257767745,0.0009362592254679527
51376,-4.596843796000467,-6.5288058882619096,4.763184620319725,1.93438584495811,396.77621022305925,1.684586103606735,0.0009362714542100792
51377,-3.2586350429520285,-7.2914716593637525,0.7047294619924829,0.9662770902403679,209.12360316704357,0.04731840611350169,0.000936372575452328
51378,-5.142280487789007,-6.589059214342815,1.4543879598533378,1.7382377405506237,467.8811136190942,0.48662591875067474,0.0009370789628695134
51379,-2.887936224195159,-6.871891214934226,2.679115705827917,0.7782197038593732,469.2117648542462,0.17968820849661604,0.0009372276386035886
51380,-5.8276812958081905,-5.2042685729149865,3.4135438935559117,1.8440945252065146,469.5910429000604,0.0009187574026467971,0.000937261176919273
51381,-2.4804347773739055,-8.026331092522234,2.341744949606855,1.0459808938293478,468.05087839937863,0.41095490026491444,0.0009376890685805708
51382,-4.8604290785482505,-10.086396184027521,4.699259196619897,1.8653807478274085,467.9398588917348,0.4475078979547318,0.0009377247491064855
51383,-2.454021514373946,-9.428351879815523,4.28703826625126,1.1025217944198236,290.81742008944235,1.3267444499549752,0.0009377266763921656
51384,-2.460352439187311,-8.17523476937076,2.267123983183044,0.8622981358977393,206.16574562148762,0.7634059489569562,0.0009381790834991533
51385,-5.386551595352863,-5.943967158757352,3.74681429390728,1.4744204128005836,298.63197942425205,0.40928575827079516,0.0009385667081988442
51386,-7.940295769397045,-9.104635535151385,3.8820415836375317,0.8742426105359106,250.81669013586193,0.5130895272495772,0.0009386362346856855
51387,-3.7244929627796255,-6.680489635138112,5.0541605035143204,1.0215019292120162,272.29445246228465,1.17128993407721,0.0009387024959795403
51388,-2.595056844851883,-7.558587988730968,1.4368455709708874,0.9750397496832581,468.020919797183,0.027278131031011732,0.000938711865244422
51389,-5.970986023170229,-5.2121246705989375,4.137391754742822,0.9862236625946216,265.85554428947694,1.1222515324560964,0.0009389416366175051
51390,-5.773751157548391,-5.150021428151324,2.3586973414214594,1.1106208057904507,467.3081093074012,0.785775376238524,0.0009391344877591454
51391,-5.516957967276727,-9.879488774583184,4.8770197918213585,0.669004067215473,149.70049882241014,1.0615140907263259,0.0009393629052012469
51392,-4.380593616924385,-6.348193642953484,2.886260418641872,0.8667640572736941,468.60130320839966,0.3222613021663667,0.0009394858923148664
51393,-2.3193911444882804,-11.294272565562943,2.8432705209689204,0.7896751713200467,469.8694007976926,0.24192423617224978,0.0009395484511039502
51394,-2.371275236830339,-10.19375157732938,3.3743272835502327,1.1098173518319339,265.0179784887249,1.3292484359200687,0.0009395633993296853
51395,-2.4881242190316053,-9.064535913812866,4.447526476991223,1.6896295833728454,396.2198278564234,0.595588199400269,0.0009397123239443255
51396,-2.3946955753213732,-8.79813439673875,2.7907024086015446,1.6613687847617378,409.56810733648524,0.10004784057630456,0.0009397245656058158
51397,-6.365688475060578,-5.6708523376775,0.12331496378953825,0.8298948293857346,167.7157524406666,0.10507341963090422,0.0009398840010211414
51398,-5.080709700977655,-6.830357057922883,0.9322586002370742,1.0483008210424574,218.59995367940448,0.14006674436233357,0.0009398954064058694
51399,-6.882368098890302,-9.675580083744803,4.763557649424089,0.9826122652663606,209.51332516378426,0.1812947462946699,0.0009399102534171401
51400,-1.9644775690726881,-12.537784403430651,1.308049989064264,2.4355818124933934,424.8441491265842,0.2472689873365077,0.0009399130717105561
51401,-8.477630177429507,-7.546442705165323,5.131565024530878,0.824012682747072,468.23276054475986,0.14249301213676535,0.0009399578484873671
51402,-7.325441938897288,-12.717754836664382,3.145005877575344,1.4187712228748701,322.40834381436326,0.9514113703272704,0.0009399712993028279
51403,-7.734360273845293,-10.745536814584185,0.35524882428932514,1.0670128607102929,252.90540758580994,0.6703518718407775,0.0009401113719638263
51404,-5.514903133938935,-6.364095000509162,1.3455957331853707,0.9380619637296286,467.50928990707644,0.7874876138050722,0.0009402563470944984
51405,-4.373669767315414,-6.5616809782350725,1.9691124654020473,1.060983006833155,281.72234517837774,0.35971179031447065,0.000940270535085324
51406,-2.119576717658667,-9.66743940419692,1.071958545035413,4.515506332371172,593.8454339847696,0.5494088306077041,0.0009404443614271704
51407,-7.567857562288669,-12.335365781725525,0.32953327824280887,0.9868134914572274,254.66583845198093,1.4138384443584835,0.0009404892609464434
51408,-8.716467548553439,-8.670430570438171,1.7682508387916553,1.0817961973818149,253.7648454076823,0.8633302722075626,0.0009415314604164979
51409,-5.694941862598108,-5.56094913170375,3.5313401110782348,0.9635606980539896,468.70822231477075,0.6083417950239287,0.0009418482647220323
51410,-8.147729730518805,-5.5037176435766835,0.11725371429200751,1.3730701752121155,311.49333013734787,0.10185974433890355,0.0009418775034361819
51411,-4.474259503149356,-10.523119547089854,4.426040171524859,1.5239147124876367,345.9251885639513,0.10589152679947578,0.000942195932574658
51412,-4.5575616435247905,-6.584954601517009,1.9053983038448576,1.0700789646327047,468.23327051342704,0.889878194370886,0.0009422301909245364
51413,-8.764062521483591,-7.980726329257066,3.847309504533837,0.5408060193324098,118.31107249950878,0.8465881303327558,0.0009423194268282015
51414,-9.219233523992937,-6.3878030345697026,0.9050490329470743,0.8947641023197234,179.3917008392354,0.09147752509917151,0.0009427380559768878
51415,-5.112553071788254,-6.10142088282823,3.384698902647872,0.5068817810443704,123.39798857067431,0.2274122165297463,0.0009429393857891346
51416,-7.770029435838886,-10.755747562382968,2.5680550742648265,1.5579222626772926,347.55246993436697,1.1695361832724585,0.0009429740762831577
51417,-5.425917995223587,-6.054637655492004,4.136064193635525,1.3542293330329251,322.67761956669654,1.3349816479664396,0.0009431364190514858
51418,-2.6012558867139104,-8.146754357189817,4.569400789845276,1.0547760267532778,281.38722804731424,1.49737315812916,0.0009432691464585617
51419,-3.8892492106229746,-7.410457359714643,0.4855872296141875,1.2686598840423131,306.13309898857085,0.4163837205375289,0.0009432716526959817
51420,-4.250673776956768,-9.797048600900029,4.893075295042793,1.1943660225242334,302.3358286592382,0.5810361396114336,0.0009434170923057143
51421,-5.9463193784093615,-6.437498258749994,0.5250915617006813,1.066464629782993,214.2326617709471,0.10595079655885264,0.0009436685355042971
51422,-4.448671324787659,-6.332533478197774,3.5774667080173788,0.704564352425235,468.1266936575468,0.3669338770559545,0.000943767317351218
51423,-5.377926305211697,-5.9171692346311655,3.547869714932021,1.3692473870635689,468.441796490764,0.14339369709411542,0.0009438864704226225
51424,-9.175629483990019,-7.638754595759502,1.5024575919188896,4.385795958406109,410.11589942381306,0.05544740651969793,0.0009439231058263792
51425,-5.755589507489161,-5.167976855940141,2.598786605286256,1.2851813536464982,297.26858579173233,0.14131687753296696,0.0009439766978217868
51426,-4.949485474245488,-6.179001326242743,3.5615823862361666,2.0979469240192383,408.9896829998214,1.0805346174659052,0.0009441057938660716
51427,-8.708651794969596,-7.977807328439989,3.993310973733394,0.8164852520429784,469.03289826504613,0.19992482875836437,0.0009441301011217113
51428,-8.912762393542577,-8.21522674919118,2.694349617295765,19.926662080628027,700.3756678199331,0.026045593293178015,0.0009442193719563273
51429,-9.367020654039964,-5.654005286953371,4.313464763468355,1.8372540367453023,468.07248655084067,0.715230069927256,0.0009444270415929904
51430,-2.820273549516717,-7.025932099824147,1.1361960600348096,0.7537964204203084,193.65231317637773,0.08631921010600241,0.0009445322621289762
51431,-1.9648280178548774,-11.181582556550667,1.2051203325037096,0.7411384714747701,190.05875325807094,0.1666605772545564,0.0009445651712485106
51432,-5.264774359097341,-6.517800457715477,1.4448647867402316,0.8609830445426658,468.0179879036631,0.3761988906826321,0.0009446159727875481
51433,-3.1299106836856803,-11.778014382988196,4.124218616311698,1.8379024169592568,468.4661782422229,0.6405029946586138,0.0009446362260069136
51434,-8.378308046319509,-9.262317906493,1.9891084943410908,1.0223033030493667,250.00125193554388,1.4366789685816563,0.0009446435420159687
51435,-6.2674988678019705,-11.670006048253379,4.064979259244229,1.7320112717584675,411.1486291735368,0.8619505517917947,0.0009448341146127716
51436,-5.155057644068345,-6.117219483844986,3.789644891096264,0.5531632405200424,138.93372152095557,0.5702707380252914,0.0009452454032399118
51437,-2.562031544034298,-7.980643577885871,3.3456056533485254,1.7195490013862667,406.3174632046373,0.6008942014448291,0.0009454134277228586
51438,-2.448598583105186,-8.183140310290964,2.1428293100882474,2.5563962246384886,457.36074829515996,1.19753504162387,0.0009455492703608919
51439,-5.034154637439116,-6.165372005725579,3.4993355545060636,1.8910735638131395,364.4709166779959,0.3752046924130017,0.0009456033086968234
51440,-4.957180674017815,-6.198000190025985,2.941287066320333,1.0387163936150465,272.36965374490575,0.6288508120551954,0.0009459406051138022
51441,-5.564470528359865,-6.761139064400808,0.6284583363484602,1.7333368785140433,260.4858971177845,0.04051140328261926,0.0009462970567546792
51442,-5.77136673078058,-5.985395629847259,1.464639099532441,1.1113379259070888,223.6530649581807,0.6110779119027816,0.000946580210588939
51443,-2.0501947890154026,-10.674055647735841,1.3570334432867783,1.8378787070613885,445.7845216977474,0.7820328229769222,0.000946619681370224
51444,-3.0679424095325842,-7.342403992321276,0.6762244766458859,2.6529895393107163,466.85834923258994,1.2163433883956332,0.0009468278788337725
51445,-2.251027328343861,-9.913782926689569,1.9063547998868864,1.488232233262435,468.15709581190873,0.4821919283317726,0.0009468806300366997
51446,-5.7515769435939905,-5.850773192955098,4.4550136524946655,1.164037640713295,296.38247352170043,0.8312078634058944,0.0009469275108141947
51447,-5.996771847344071,-6.019187965959607,0.6529957369147844,0.7968807037440794,197.13208130346212,0.2303899472182538,0.0009472297067309714
51448,-6.562535442196423,-11.39706527178471,4.0444927782646145,0.7118961713857699,154.96291904111484,0.2697360316030206,0.0009474956953984206
51449,-3.2797306496150993,-6.709657263607713,5.074896786910167,0.7604941477199685,152.0836911110515,0.03649906945521497,0.0009475008072118267
51450,-7.460630779743955,-11.97112004483719,2.970253752997645,1.3456003943048511,316.51361086639264,1.3735567010026104,0.0009477652101387634
51451,-4.673292916993253,-9.612578904174914,5.05957023085598,1.0118637751249782,273.56061952846153,1.203269438697638,0.0009478754233590767
51452,-2.296996008658323,-11.605185238829357,2.5250246026931262,1.0983021788580773,283.9437774042518,0.5529622656631306,0.0009480050313176604
51453,-7.072000746513041,-10.062327766121813,0.09719485843671277,1.080610951013693,281.77750265630976,1.8269229635283954,0.000948025436378399
51454,-4.647641385501405,-6.913521700703925,1.0132245685282526,1.0346833689888126,468.35550673416304,0.6716651845902684,0.0009480788773944895
51455,-9.619377202010005,-5.756518550628573,1.923425692319981,0.9249311344917034,188.92088249973546,0.8149904712536609,0.0009481286213588332
51456,-5.807096918248508,-5.956887675789745,4.804900106336873,0.8935845622098315,224.75536105221278,1.3587662596436951,0.0009482534129808083
51457,-7.724663709688198,-11.423364666632551,1.4512717808936173,2.5832899052858718,319.0807256995774,0.04694168970173074,0.0009484105848260166
51458,-2.988145674508603,-6.8275688278556395,1.9980862589559125,1.7782485757310444,457.50852635454436,0.1085603164773552,0.0009486110104202826
51459,-5.687350555861035,-10.982359356280634,4.272173991027193,0.547577782790768,115.93747695029673,0.44459828430088333,0.0009486448733433362
51460,-6.723578821636078,-10.926373936106598,4.109691076435568,1.0857307203358066,280.819776799771,1.1112545008944972,0.0009489862857403801
51461,-2.4797250036879035,-9.798917134708471,4.912748796969068,13.484056858898976,368.0328477745072,0.32176318800007575,0.000949621662870645
51462,-9.073440412724146,-7.606047258494701,3.78687590867959,1.0960733140350283,283.21396836441204,1.8147204291858792,0.0009497563558502561
51463,-2.4191151497823125,-8.953002330605152,3.4007232992450502,1.1263974251002233,468.0631506022222,0.7097874078379869,0.000949807580594579
51464,-9.260075324562832,-6.001236111526226,1.008595501862327,0.8526495222072428,186.94179073120958,0.09852220541219481,0.0009503572776831586
51465,-9.141518105892487,-6.595492300537497,0.7593122674273263,3.5127407718058334,537.7891749395724,1.2762996580803074,0.0009503975057737329
51466,-5.847379178111783,-5.562587099740409,4.2307533150583385,1.8717886523345302,450.1315625338972,0.012746681385462644,0.0009504843584902886
51467,-7.865684759415098,-8.743143125924554,0.2753948457698881,1.4341940565015492,315.75790359309525,0.3009552776336806,0.0009506206007080367
51468,-7.951734733945406,-10.615594585631614,1.0682639616044334,1.6013323104617285,468.5823941876585,0.6134570661137166,0.0009507314374610108
51469,-3.7577870560712334,-11.930700571540516,3.9900154714698237,1.771059615011445,467.93692920245627,0.31374966967426854,0.0009510946604037255
51470,-9.342965704152476,-5.418047829420676,1.3847352085488296,1.0739155996456373,230.97150672527735,0.5377716464428,0.0009512862292821183
51471,-2.2505937798656976,-12.98971023998276,2.0707605450495197,1.1317648423947622,468.7392116812962,0.8350300919162033,0.0009514580618050826
51472,-6.907067732087786,-11.369525431508453,0.10346657608038817,0.9881704603638519,246.8774115272701,1.0862260846025205,0.0009515342010045823
51473,-5.414867721174965,-11.444100684072989,4.132405975589781,1.089746829340162,279.1985910616771,1.42306782519311,0.000951699993216408
51474,-3.799079967357171,-6.9140148395320455,1.2566806230596996,0.8971884018001871,470.2537921877349,0.1886977434985786,0.0009517802172766063
51475,-5.788135505269603,-5.921932056768966,4.728027873079046,0.8932729507625763,256.2654964983624,1.6925508801057925,0.0009520400185334318
51476,-9.136314308499584,-5.14010228396704,0.6732083433335173,1.6027060697999072,345.3011825937022,0.8599632726743316,0.0009520603468670127
51477,-9.582289077071986,-6.061534698251021,1.8645014718765043,6.327727828355598,683.8803042160495,0.44034621578513633,0.000952385573179967
51478,-5.529482636760033,-5.890206896266572,3.956734897356508,0.9961920811963058,224.19652647327385,0.19283943199675146,0.0009527427727013498
51479,-8.343634431512985,-7.7938755732593314,5.041626545596365,1.9228636284069214,356.1358867063049,0.3250895413882704,0.0009529407852471977
51480,-9.797000784897609,-5.270573936526559,2.9591350078461014,0.9852155308149386,194.1560566308865,0.20149679063667225,0.0009530034066986595
51481,-5.08338107194084,-12.050556419913597,4.008394177549856,1.019410914819445,220.10357614727204,0.16585442081631108,0.0009531568915715783
51482,-3.213627355575655,-7.936837065941606,0.06090148395572564,1.723543629454684,468.0129104955961,0.3132733897415685,0.0009537702717022184
51483,-6.266591718883351,-11.487202930935137,4.098034079301036,1.19227825387584,257.7520068052458,0.011426796055840072,0.0009538147242701346
51484,-2.3650638351064117,-9.313594765865492,2.845299718779974,0.7969278596276246,168.99951480106773,0.3097721574278083,0.0009538409198501321
51485,-4.834447718684075,-11.078320669958043,4.207106593688386,0.899948899218396,468.2714163968767,0.8187961718045793,0.0009542233329526081
51486,-9.074305736021811,-6.180598493354727,4.894157230163155,2.2918753025694665,436.58153593332906,1.923008613678749,0.0009542496530682645
51487,-6.412815694983852,-10.02111747719213,4.705871556049104,1.564073599396022,367.9332043687239,0.5771146786036949,0.0009542749729665717
51488,-5.8308313410557915,-5.382431869096636,3.87922943100142,1.1798587577129263,385.7928722322303,0.435822609365621,0.000954313866854993
51489,-5.569796215767856,-5.980831104634125,1.8306514476926545,1.89053870796643,390.48835823566543,1.6313948194504961,0.0009543302908238806
51490,-2.7266332892385865,-12.962118721559495,4.876900746205553,1.2125709993206184,256.7920611067147,0.05294962851546625,0.0009544937745016661
51491,-4.8181857939524875,-6.741138865234591,1.3234587653368546,0.9375787821591185,247.67418186495203,0.5283780770351205,0.0009545215009638664
51492,-7.8548720371344665,-11.418552498115565,0.6623507900871736,2.587093049915329,462.4324872259128,1.44071276473231,0.0009545499673969463
51493,-4.115879038928023,-12.467100265274544,3.9274822624698307,0.8938693390225939,468.0372132522206,0.20862160222889248,0.0009546093508873305
51494,-4.050292140765812,-6.663871484884493,5.039055962639429,1.1481282243927833,467.56414698930354,0.14922293682320298,0.0009547851268118712
51495,-6.059106638649963,-12.009284519565382,4.028083778948791,0.45125207744951873,101.38584749485827,0.11708791278113839,0.0009548237098569556
51496,-3.560944036589566,-6.714298704983624,1.8461049470763593,3.5474673958696097,540.4199223928595,1.3253609440571177,0.0009548624873214874
51497,-5.747860336024891,-12.12571722103736,4.021054319771384,1.8514382972433447,467.7044786705515,0.47455288013344177,0.0009554149785403115
51498,-2.9209772341433258,-6.968695590928432,4.2991703808726545,1.0866068699697495,280.8574127959739,1.4427563260391656,0.0009557840425077443
51499,-5.906014622233242,-11.341029442793893,4.163149818781768,1.1143590787483442,295.2795234732244,0.7669063423125762,0.0009558619719508443
51500,-9.243217680327414,-5.902896778299927,0.9285673534827156,1.887258208339834,468.3150594191708,0.4649715042703777,0.0009559517314726215
51501,-7.640681934357737,-11.907986491573734,1.389302438070697,1.303698760353086,294.83787388849663,0.15686361640283675,0.0009559740956628811
51502,-3.552370435539533,-6.557504437773312,2.181942265709355,1.7611120911641356,415.61804550121116,0.08735011612016219,0.0009560457583387306
51503,-2.2730522493579395,-9.562669603550908,1.87556589226175,1.8262146891051985,467.96144326520886,0.303598339525716,0.0009561224823101065
51504,-7.411825658659735,-10.905121940187511,3.380384711254814,1.5448823465373687,468.6776980965245,0.15059247542265464,0.0009563626555765076
51505,-3.0105875561938857,-6.764357359149218,2.2977132510989176,2.4800672591690187,454.48734729676625,1.7726592201362292,0.0009565132128082751
51506,-2.134454388907473,-9.530459112827902,1.387695078240099,1.1090595632842015,262.1070269075495,1.0793949964766343,0.0009565249555155743
51507,-2.0906559445033492,-9.343722793747526,1.2690840007612503,0.9427511876083515,467.17921677426034,0.6070093359562465,0.0009565262521280958
51508,-4.6101947408246,-12.388117124364182,3.9472932532370892,1.2069007218174697,267.9279420926459,0.4302086122831543,0.0009567246148855831
51509,-2.857796993965315,-6.962806909680976,3.475887089540673,0.5985956338102145,124.71169750136887,1.0873513054261812,0.0009571428810977864
51510,-8.52670166219488,-7.811823322489895,4.663616467860723,1.0476123240577075,272.8133023207425,1.4167238698930023,0.0009572866132834997
51511,-9.243137130792094,-5.588467618739953,4.550186339198353,1.4222752963851488,320.5328156048013,0.4034755570466446,0.0009573248880009423
51512,-6.189158390612459,-11.568600162508595,4.0904110513513885,1.594419338804188,348.90352521375763,0.9975419827799374,0.0009574508428107715
51513,-7.394221515411347,-9.632108974236589,4.257559984569871,1.3711996457178826,468.6675491210771,0.2591583903789836,0.000957710227615852
51514,-9.426688455120958,-6.749670255388106,1.6769657460147451,3.1440421280877775,500.5694959549761,0.6647861492553995,0.0009578084255797223
51515,-9.7648626549572,-6.496943263217693,2.6456546010190616,1.8954382381189419,470.14530624817746,0.2018133170026788,0.0009578208101358655
51516,-2.086002281580946,-9.405862113765501,1.2621347346752538,3.1205394039558656,502.6888482568447,0.8200580056094031,0.000958374056909693
51517,-4.755048349293183,-6.773088120649826,1.183200472957946,1.0350723288892099,268.8340500193871,1.6910998000759099,0.0009586186421959526
51518,-8.819034675300575,-8.390403287564364,0.8928579711280857,0.9514511291321214,263.78659188145497,1.479624059842819,0.000958701671324687
51519,-9.244599564877213,-6.723463182356585,1.1081459226140968,2.0592792930515036,390.1681653847799,0.5787360270960429,0.0009588563512409878
51520,-6.024024142282265,-5.762541291784687,0.7586176850480364,1.6303617382575177,359.4420236927295,1.3274943764643359,0.0009589324316663294
51521,-3.98151719883451,-6.385779890673291,3.207749423024196,1.7999213755302075,429.82812637347155,0.5000301324331362,0.0009590537878155732
51522,-9.277545729632076,-5.001476913211947,0.998039355985647,0.8475604552534047,393.38990998267167,0.5221303067032901,0.0009590587979614137
51523,-6.262628488233709,-5.4533508867633405,0.3973112874393578,0.8635022064008591,216.6652167452154,0.6261514491864064,0.0009590648156989938
51524,-2.878217842110952,-7.011087719067952,1.5721532475162476,0.8467175102817545,453.1061261927652,0.5018484992578589,0.0009593293132759038
51525,-4.416206935479718,-6.333078489971862,3.307629583793562,1.4844206425034816,341.6445035771798,0.4010365347879157,0.0009593367186753141
51526,-3.2030244878311986,-10.621285165881705,4.404230515822575,1.2242578871785543,468.311011109768,0.2178814336237762,0.0009593653959674681
51527,-4.218506830774903,-7.237803331989646,0.6752459569064961,1.7542627039691796,369.0300666753076,1.0495844025162508,0.0009595817039129831
51528,-5.666087027574587,-10.88034481804269,4.304868870985673,0.6861991730305658,150.92404495914025,0.3061392715911504,0.0009602571010419142
51529,-3.8490732493355004,-6.771840156291936,1.6623339287516739,2.7693128762708166,480.69691914248773,1.7380509302878036,0.0009603653800225965
51530,-9.018528485991668,-7.936566098214121,1.1154185512599768,2.450393170419516,451.43967317101254,1.8054814000408355,0.0009604202686570635
51531,-2.2313461308886664,-12.893683474878957,1.916648543177849,2.180507052226976,425.253165592117,2.1501731555414407,0.000960865740247066
51532,-2.3855236360977976,-9.149177530361786,3.0995835652067423,1.1128109003869577,228.0908507995842,0.9753867370889475,0.0009608870055118207
51533,-5.095790239000928,-7.456922201768664,0.2674318141413902,0.8577992179643216,468.37751575251446,0.5279070382047033,0.0009609278032836157
51534,-3.3597746962953075,-6.914957577727577,1.4100668724921224,0.9972179422812291,254.6065299992479,0.6193556593082166,0.000960956125497066
51535,-5.2801746476376294,-5.981355679643599,2.588391080769475,1.8320878851661837,468.8802784719533,0.10671207668469229,0.0009610214374306817
51536,-5.0299624634793165,-6.2884925146117725,2.2219800829189595,1.664671566691168,397.713151979888,0.5213020855037724,0.0009610651770110886
51537,-5.48689992881805,-10.817032614740043,4.324042172860049,1.8768967564037045,469.0697598072006,0.6360703092625126,0.0009612110775894595
51538,-7.967293817105283,-9.732840707276646,2.941574890569155,0.9852659752623557,268.423656962132,0.15823973239257239,0.0009613243363168582
51539,-7.304300092796753,-10.484838850535867,3.751788499452864,1.2607486094405704,312.2459209888221,1.5203664758702624,0.0009615818652625343
51540,-5.049300593380199,-10.48143191335286,4.458298518214759,0.9818650421820326,147.5328929659058,0.31636556618283507,0.0009618172490160179
51541,-4.954807204812642,-6.272117807541162,3.9499853854501796,1.3846331375685494,302.2773089606844,0.6431146308188449,0.000961969916662857
51542,-5.042491373735936,-11.626665669107098,4.0723360245331195,1.0935839309456021,273.4909654533068,0.6722434232358809,0.0009621917249191779
51543,-3.1833815099893368,-6.518113430830231,3.7329709680400684,1.2876956216040798,449.5514400035829,0.22837279482579032,0.0009622920598611752
51544,-4.6435517299770135,-6.349390987861987,2.4644549512390475,1.8871584290509746,469.8255639869622,0.0922049563839451,0.0009623645004261998
51545,-6.44256104566944,-5.370651257926409,0.07852139867134834,0.8979087318083199,194.27078587438393,0.045365506655296706,0.0009625239060819206
51546,-2.8908423627235837,-7.008622338333612,1.5115649303125136,4.103291569011358,569.9833932492165,0.6250449070810618,0.0009626421666080893
51547,-2.4073516060631706,-12.031693519862696,4.418850006708127,1.9285779609085432,396.33717324543153,1.634088033597643,0.0009628870272992679
51548,-5.859145078227181,-5.278919024478173,2.01390312535041,1.1016909628858658,329.63055876462835,0.8120117075672884,0.0009629074251290747
51549,-4.563097139328631,-11.376119307062892,4.112583210763717,1.0536745211205887,277.79013226369,1.521869543140272,0.0009629128572148889
51550,-3.586980617111964,-7.2697984556332775,0.7104158839463166,1.051204367944785,273.9902528647637,0.6751511557501644,0.000962918675835292
51551,-3.9492786117166334,-6.545725709630859,2.1311698026987513,1.8705689925243132,467.644570673837,0.3123252591279906,0.0009632493452492333
51552,-2.3114406843704858,-8.897607804719382,0.8956795097421895,1.0538812905953336,468.48558425874404,0.5353490388928641,0.0009633376503574747
51553,-6.930132028714462,-12.229343581612065,3.6738376827606927,1.179958410102763,187.1581494367157,0.2702812302376385,0.0009635307144138833
51554,-5.05106860494759,-6.51055487716498,5.1015136678111475,1.1333311856916208,286.60335624956707,0.9756040891052757,0.0009636908811211012
51555,-2.2483312626445837,-11.679744318812824,2.055477746680416,0.8219446001667914,235.23260560238302,1.4070515812564404,0.0009637507009736474
51556,-4.545285563495002,-7.074658886162575,0.8250529774756665,0.8713017731945534,197.2372883640998,0.9784556876624917,0.0009637596221034147
51557,-5.012778653063216,-7.48604889932672,0.26115766656087114,1.0471935833104085,273.8830463806817,0.5233909394122209,0.0009638062324597586
51558,-5.13695273483317,-6.113678496053607,2.76884749967599,1.0830624058064273,286.8629721468465,1.2462042673407616,0.0009639362279066755
51559,-7.732755890315765,-11.547351844487743,2.133971688174197,1.1574599708175493,468.49600165336415,0.4606643800457979,0.0009640917184895069
51560,-4.770228071229431,-9.7915123581292,4.90220045295965,1.7189472112476218,468.3533372648139,0.07976600293415981,0.0009641141185518564
51561,-3.744052800745071,-10.046725765929038,4.684409157016209,1.0691661453010082,162.0039241699,0.2000257323574015,0.0009642261558040286
51562,-9.517879458121174,-7.210106601329725,2.1532388932391715,1.9995499252903601,402.0931669099616,1.334316240893501,0.0009646361312929366
51563,-4.796538765461883,-9.64832983406024,5.0258790874114565,1.5241580399559245,346.46223772682373,0.6661390951762476,0.0009647432358982642
51564,-2.0812579173176404,-10.855723379449486,0.9283791937839919,1.0570731912745472,467.2688823305719,0.2295510296763199,0.0009647505394882598
51565,-5.435566573163247,-5.952870554657757,2.386564475080681,1.0676614776165778,250.6421510577545,0.7235704111064978,0.0009647884114028538
51566,-5.229627769796816,-6.846333555126055,0.808347602008919,2.294206581576583,431.8622834326827,1.2487173068228694,0.0009649748394774075
51567,-6.327515266161558,-6.131126476182791,0.050637767719713817,1.6556948157208071,388.6293121153829,0.2916151835272167,0.0009653697496417126
51568,-6.890722545941253,-10.396860489773413,4.233629515359384,1.014726315250613,218.88871442097644,0.15157169198090958,0.0009653853264091204
51569,-5.7367042603146725,-5.5529900178564375,3.7878195463243376,1.0664232968828684,281.6506146660647,1.0846380606302732,0.0009654385295092008
51570,-7.127858276724455,-9.380472624383748,4.823756753348589,1.6710785254211262,387.4906190215133,0.18599050480657464,0.0009654971638840014
51571,-4.325360545654805,-6.4208927408808645,3.8507901075132387,1.979849667020866,375.5260357874631,0.44406709573804104,0.0009655201740337545
51572,-4.928928619979028,-10.946697801853226,4.2488884518085674,1.010449042710696,271.95470008657475,1.099401794009573,0.0009656813176855743
51573,-4.859801407964142,-6.500189661055741,4.8931501174616665,1.3907365776579934,191.339716960889,0.16530376316611228,0.0009658212113835529
51574,-9.79391757136366,-5.984681509539522,2.6740798168120525,0.9955799328248337,197.68667830363833,0.4051271818558879,0.0009661441247042546
51575,-5.827849373103307,-5.11817547519614,3.0842827049452834,1.9017056012444642,310.8483461030642,0.05243158998012554,0.0009662138816926004
51576,-3.994939887700779,-7.64090303995494,0.26722533324117514,1.0147462482350496,199.6996662303716,0.06336461633470591,0.0009664786793448875
51577,-5.228306084253763,-6.0033452085014245,2.8334278148865497,1.6519755500571516,469.6082648263235,0.13935692380850462,0.0009664972069363388
51578,-5.050468738506829,-7.756918432690331,0.010154207289170044,0.9918729606446941,201.01637220208204,0.936972086260389,0.0009665226053798198
51579,-4.401395123207223,-12.455158216060909,3.929914621069666,1.338935207248429,325.8864954961555,1.3405900671312514,0.0009667410462611909
51580,-3.5695764524159914,-6.451357813950464,2.9387284449168116,1.1584836682982111,293.3104063182293,0.8311601682637457,0.0009668765663920041
51581,-5.496862258792973,-10.587296374772457,4.420922726925827,1.0744195199541176,280.3723327253926,1.6941175594348987,0.0009668834152708171
51582,-4.320679831484283,-6.447336347023039,4.229665331897961,0.9923514866795996,467.60067484390686,0.6626893028766947,0.000966910274866258
51583,-7.210809669649848,-11.800418285259607,3.4292459196047718,1.2288889535016811,256.37013213880493,0.17760604956806691,0.0009669320346126644
51584,-5.644850154452028,-6.110371272744651,4.833892860354133,1.598119223866148,356.0494983066192,1.8725500413088403,0.0009669548859961518
51585,-5.841518667938409,-6.00085353789055,1.2887239087046436,1.1186972388095153,229.53772087915323,0.5306765304757688,0.0009671855291407626
51586,-4.940145312402922,-12.958140515662027,3.9170215651928895,1.7515681333843376,175.22199657767217,0.2664280983444449,0.0009675018158029126
51587,-8.48299803545746,-7.580348506039374,5.0654541516401705,1.025333146668526,269.73602075884224,1.2121396683487413,0.0009675290820142802
51588,-3.7624185754089092,-11.188663539570985,4.142469912803672,0.7909692541365967,195.0347938673121,1.001965492372233,0.0009678672192143943
51589,-7.58734551633518,-12.751900427925683,2.4635137460032643,0.9673830414539103,204.34219446234368,0.04279601719755011,0.0009679595911655999
51590,-3.590725089401074,-10.022680453444725,4.697290477334876,1.4917909421243902,333.84094323883,0.06128794839541918,0.0009680039869724799
51591,-3.856660951840432,-6.489019339527154,2.522232204533955,1.2787226614344247,468.2379753803542,0.3128857279381716,0.0009681379885726256
51592,-5.657455403457761,-7.1510422935789775,0.22258513403553978,1.8656568935928735,467.6554145668895,0.2746124320976424,0.0009681470377190127
51593,-5.62748303513744,-10.898749027692334,4.292257765406842,1.8522170766175479,444.86629993494887,0.2388843498711637,0.0009682846251932932
51594,-2.8216351642975983,-11.452275264668765,4.805831866865311,1.8106513532558275,467.9963848329333,0.3157240101361163,0.0009684081005551321
51595,-9.496621554290595,-6.261346469088678,1.7491268571935779,1.0159196659836147,467.99599978570797,0.3661471016205242,0.0009684865099945194
51596,-9.30670717820587,-7.0376896865329135,4.0481225092081585,1.3853144243321296,327.9978877587731,0.22350886268739867,0.00096857298668716
51597,-3.0989730966491527,-9.71709283834467,5.111276677216453,0.9889893921627401,194.15532022937728,0.19478773357633727,0.0009687405175571395
51598,-3.135329197978157,-6.840026999686308,1.5502638198546028,0.8866671651217365,195.1162521726864,0.24724183929574828,0.000968811703138094
51599,-9.119622690009697,-5.80623185793193,4.792693021506978,0.8631521965034843,468.17080900118583,0.17577237484475194,0.0009690057102952492
51600,-9.030597724045391,-6.72003247400994,4.8393655913387015,1.4409874048217342,326.5967937053116,0.7731684090258701,0.0009691082680487212
51601,-5.988778430667854,-5.517241351213447,0.9940860519354536,0.9049006610150894,253.63342664810344,1.5809203396419322,0.000969237038702776
51602,-3.7024180159097213,-6.419202674887753,3.401327686467067,0.6560098043426935,159.48627801964633,0.008597569196767019,0.000969859992658628
51603,-5.807120989385666,-11.05505082564382,4.239032323634883,0.8843934195008099,467.58354868307987,0.7796698292707953,0.0009699106907828869
51604,-1.9692094851406736,-11.745393651280223,1.1100166820614583,1.8336384193613569,467.3694506633017,0.2923784064333246,0.0009700661856412515
51605,-4.195373798778431,-10.189151255713636,4.595596700404912,1.0884379203747871,467.81741609576216,0.9160530479840263,0.0009702319726860362
51606,-9.090720569856414,-5.334356370072125,4.811137197479374,1.723963555834994,355.21996476948146,0.7513294788787332,0.0009704385335463343
51607,-9.376155919072232,-5.027253982607266,4.23295001718498,0.9486759312118089,259.00174741982266,1.3525300467501227,0.0009708860811168329
51608,-4.939780613946551,-6.491859455748874,4.937445001180805,0.5981168643391812,133.39764149063498,0.694426413396017,0.0009709951396506053
51609,-8.99999925141752,-6.581241351710888,4.956098349718677,1.0472672424450762,272.36127071065687,1.1232106941130295,0.0009710250705172129
51610,-5.92032964130997,-5.673579999878981,4.597672400760567,2.6017076346997516,451.0822919298168,0.6424345576133401,0.0009710623079388643
51611,-5.778001446781836,-5.960634194655237,1.437956881777832,1.235427150497615,302.1241042236306,0.7795373720273568,0.0009711220093105119
51612,-2.83358360451511,-6.992192634679532,3.484387483680132,1.7435137456853043,413.71839039240245,0.4378515548172208,0.0009713334830766827
51613,-5.79404144532627,-5.454078209676051,1.9693465113953856,0.816644402732944,469.51320135453557,0.20669763437822475,0.000971882507252339
51614,-4.354092803366464,-7.038422159526391,0.9434254753767972,1.9890323037851072,233.66811392132257,0.14636466578974794,0.0009721369817705969
51615,-2.1627426850447637,-12.02270284331852,0.6957438507322354,1.8175750366503192,379.36244676570766,1.024332691743301,0.0009723606388690589
51616,-2.7245787415287808,-7.213323079432005,2.6948510682721194,0.9534955431878502,467.49756818860686,0.040982979391450236,0.0009724905154656348
51617,-9.595032830798868,-7.076984625455166,2.35682980732298,3.408796052289061,520.0821357596337,0.6089399309296697,0.0009728118662412805
51618,-7.095233980610846,-12.064640200900676,3.5284370892809163,1.4475190615484066,327.76644908636933,0.6611545334528426,0.0009728458520911314
51619,-3.3232503252658363,-6.48007663779625,3.955998132617133,1.6626957110924148,389.8024248143097,0.40137626316224573,0.0009732112087874707
51620,-5.366322596621443,-6.685840694330934,0.8979296470159359,1.6476372821229173,354.12722820007116,0.8506545473460712,0.0009733554080605746
51621,-2.86849206925376,-7.1665785211166195,0.9238135741742274,1.3579872336611263,326.58040664541903,0.2381736392144882,0.0009736328226969961
51622,-8.032288578765815,-10.03356922275315,0.5076598012496475,1.6081342106118799,377.4842977097017,0.5839815647092008,0.000973637369382162
51623,-3.6662606082936975,-7.592027558094555,0.3126379920976974,0.9224166983430262,190.9806340937317,1.1494193651542508,0.0009737264150094036
51624,-5.381538950294961,-5.947048650637558,3.06647051901601,3.9570051962079034,557.8059351320393,0.5367894854334088,0.0009740057357886057
51625,-2.0438576836710336,-12.16294774350865,1.0656207674851141,2.574198845149292,458.4636154566772,1.1329153695686678,0.0009741133410757855
51626,-6.2640168598902255,-12.220138910709476,3.9698134148694804,2.6384356087325673,467.9661955591384,1.5267838709344543,0.0009743451231373459
51627,-3.5470696810476543,-9.589722829489471,5.044563394582583,6.482431810214137,687.027016801435,0.365219582168149,0.0009745906187158401
51628,-2.466047551473948,-11.914059677222493,5.1349672192157,1.088304852351138,280.9587676701074,1.6011196796641096,0.0009746792746277585
51629,-9.257143276370238,-5.361619033064927,4.491056414126266,1.0141707436269505,468.13037000588815,0.834529796334059,0.0009749493781930883
51630,-6.377062750220827,-12.575438383423439,3.913357135141014,2.6172434307893466,466.0168051866681,1.5610728104633056,0.0009751081362575573
51631,-4.3899058696735525,-6.472755755331335,4.270351388390829,1.8235221714913679,448.3391914677665,0.6231710853393269,0.0009751677798163348
51632,-3.315826931017005,-11.399068201962464,4.079292105713966,1.0941564162414035,467.74151042218165,0.25379405232130114,0.0009752045057077875
51633,-3.057972200897723,-7.0620956122152,1.046071243797928,1.3290310422680667,285.4270612678048,0.5457304715900966,0.0009752807459279744
51634,-4.81106469982006,-6.269356956448783,3.174496637847945,0.6601679769378673,145.7464938826433,0.1863607497402091,0.0009754269907003118
51635,-5.048974750392848,-6.129216558474586,2.8141692878724887,1.2494132786529673,176.58247178404784,0.18444309542985504,0.0009755203544596419
51636,-5.319297088109919,-10.835285842222227,4.305647501713392,0.7118633822622075,414.1531184194946,0.47890594057961433,0.0009755221100719469
51637,-4.282011055125411,-6.525670713225609,2.1651579350881964,1.333862851431937,469.12695886493424,0.5978496728876337,0.0009756676838070808
51638,-4.1021307903202855,-7.82549154753193,0.0919800197150779,0.7839178465851522,428.8929985898835,0.21796431438708197,0.0009757234486748592
51639,-6.03521037258381,-5.039282106967169,1.4908882279124789,2.594964730721924,467.0027047778782,2.460057288508831,0.0009757419535204267
51640,-3.025507686844483,-12.398430759969724,4.155159714758241,2.6555745233362984,469.63119896209594,1.4977490300454255,0.0009759070698155964
51641,-8.811320063130546,-7.784450320174648,4.085417118157525,0.9029601161736285,257.84212451802944,1.6352151417375085,0.0009759818040743103
51642,-4.1072741908735475,-6.388514528212627,3.457343347726053,1.237301568745527,275.2311447550239,0.03047815305368573,0.0009760282678638638
51643,-2.8876079721403283,-7.4988404010301535,0.5755071186747678,1.4675423145328725,469.6541011639349,0.04074685172744541,0.0009762169219095317
51644,-6.053834907780244,-6.21356524427833,0.5066520649451923,1.1904930664819848,278.68535162118013,0.3806375558291606,0.0009762344975154115
51645,-2.369490470802691,-8.644758390696843,2.0262754635682327,0.6052492765472891,133.28360183575688,1.074210789577136,0.0009763533155680354
51646,-5.857365025807265,-9.64851258653957,5.060794389880352,1.889161559357032,387.24618275036397,1.2568896864816335,0.0009764998079948273
51647,-6.075248386744683,-6.346632284738108,0.443716533152466,1.4810481306649843,336.7719463936575,1.2189354996093709,0.000976746365030431
51648,-5.57157955242847,-5.757219165202192,3.4971077535211044,1.331345096896342,320.08647635910165,0.56572016741148,0.0009768135072522122
51649,-4.134837109586259,-7.474410485179316,0.43271694530909727,1.184461968776492,300.49423872890657,0.8871032233216267,0.0009768428000041622
51650,-5.603592472883237,-5.870639877014123,4.06955568349988,1.870402588505444,468.1041067817668,0.3777986560165312,0.000976872777707309
51651,-4.494814588271917,-6.459539068462033,4.282401538452427,0.9425854898700721,143.40239316058276,0.2724992511475106,0.0009768752972591462
51652,-7.764159656677949,-11.215255160205746,2.1903143668346785,1.0661107622382782,250.71637154190105,0.24212062873470241,0.0009769022521190994
51653,-2.9687676383643087,-6.812100066050174,2.3430387383440525,1.3577467223839743,306.22696875857514,0.5922738565855452,0.000977192794267006
51654,-4.4471128157244895,-6.4186020166548055,4.132795446382145,1.0089184154035602,218.84448348851421,0.17896064157963298,0.00097734578986457
51655,-5.690388148958639,-6.070615966707006,1.5277597416787538,2.4960417253464082,457.8593630589407,2.476442471480885,0.0009774570459486528
51656,-8.166880008929585,-9.81419337971,1.5209484087202223,1.0857560714885677,459.61475320184456,0.2240093757622983,0.0009779145334032097
51657,-2.788406440744745,-7.478265772327118,4.890558745489714,1.488122111079205,340.51093659364716,1.4436462925900289,0.0009781622246606823
51658,-3.6350845983634557,-11.12160034985713,4.155840124557889,0.8873414505983649,468.19114206498625,0.7975140023141787,0.0009785232974203722
51659,-5.810061774640921,-5.0707494356228215,2.8345803501445666,0.973365146417482,261.9761978007157,1.5411963350286308,0.000978596674278649
51660,-8.776664093878285,-7.464893633335574,4.647424363000633,0.9323805516013818,262.0802398367953,1.1368255314301505,0.0009786760949123824
51661,-5.182729625214165,-6.145263363982625,3.865212513470353,0.6363909586583888,194.19629673442387,0.9805810836400299,0.0009786862361083203
51662,-8.037108346107557,-10.173925104319325,1.7906228391823602,1.5167576655916877,345.71536375476353,0.81380190563209,0.0009788343519208844
51663,-2.4389757267753005,-8.728215812180641,3.366494761922242,0.47672294817688593,109.36197909510757,0.3726145742859561,0.0009792381686874005
51664,-2.2296235485216727,-10.2521174484257,1.811434686505694,0.9698417338112189,270.0767780411466,1.7648874352896682,0.0009796484106555274
51665,-7.524114881159786,-9.334267913634504,4.360411284314761,2.5467864123113233,461.8149016159222,2.1579083563593207,0.0009796619218842596
51666,-2.017292729485481,-9.952911340725484,1.1974336970103108,0.9469136913713417,232.15022770551553,0.019690973049026894,0.0009797843051704042
51667,-5.691078070231583,-6.043424207274097,4.687887286989213,1.5091121821596634,450.1358247228461,0.7682869615677594,0.000979891720528938
51668,-6.346514170596191,-5.21822994577031,0.2997272303028227,2.766512525529503,480.72649800731864,1.7945001793507238,0.0009799220812999293
51669,-4.59522189971275,-6.451071569467068,2.2259742073587625,1.2948153790335633,313.00816122335607,0.22702085630146573,0.0009799243403193021
51670,-7.101542271968944,-11.161318520525624,3.712372311757402,0.8040141273308894,468.0232484842295,0.027945987963425623,0.0009800201306848489
51671,-2.8057694267501567,-7.5022937287774925,5.0892837673674824,1.7305079929632536,467.7277629839767,0.4975248278037423,0.0009801359730560405
51672,-4.002381945593017,-6.72764394278569,1.7119106134041722,1.7238161449668492,403.8752333507267,0.0524307868371503,0.000980535663925474
51673,-2.159134512825398,-10.26811059891899,0.8803916581517812,0.9749758952911795,263.33961117555475,1.7199021979349771,0.0009805492920122846
51674,-3.797235834271203,-9.595487292005387,5.0405990797594935,1.1213434387678247,156.08271615841315,0.40471797740201065,0.000980598341577935
51675,-4.328996748787086,-7.236270035849814,0.6814161343332548,24.359400358391536,769.3720449060679,0.07382107418857053,0.0009806035023381535
51676,-3.527926896626509,-6.867822114488598,1.4672326908811057,1.3111554060218797,322.7893201464742,0.4478622479851664,0.0009809879346810895
51677,-6.555171757123098,-9.498154535761154,5.088345595712697,0.8979404464391039,467.4120835865653,0.16275923500559575,0.0009811778305837409
51678,-4.9065610513091995,-6.478246406347069,4.835970563501803,1.712266852975006,403.04609918302447,0.039364312870726614,0.0009813822050247023
51679,-8.053143684955149,-10.12923782260398,1.5557401486719358,0.7354254950624592,162.9105588007677,0.7456574190815406,0.0009815245893881165
51680,-9.583958014746825,-6.949214764344097,2.121523908362381,1.6736445591813784,388.09752380148706,0.2080660527625131,0.000981728023013292
51681,-9.499733868285576,-6.11018221448524,4.027215117736548,1.2084610747463875,255.9724103210701,0.22534612996180048,0.0009817595658002097
51682,-8.152795752345435,-9.820692995601588,1.8389775945732194,1.679143075246416,468.01222807546026,0.47500647012815644,0.0009818249803791564
51683,-5.540953423461867,-7.413359034844326,0.11022967918362378,1.6487742286318743,388.416143600169,0.5261843927906193,0.000981884567056115
51684,-4.6605187117919815,-6.7208992621532895,1.5189003132630543,0.6525902892530129,202.57201006425134,1.375074354186978,0.0009820100312849685
51685,-5.842195885709728,-5.841317562525083,1.4428371435863863,1.1908221758887934,293.5715787836883,1.4959913889010634,0.0009820133575776855
51686,-5.530535159543335,-5.697130349945809,2.837477470517574,1.373347539462592,311.8984820528176,0.7862154067909168,0.0009822214906563002
51687,-3.9780298232415063,-10.049869927041753,4.674968084326174,0.9380477954262231,468.36411013508535,0.8798200126070936,0.0009823489125681028
51688,-6.113798005743432,-6.713031621811166,0.119820224592285,1.2966911348600594,319.4229408401483,1.5249365396832744,0.0009825497765994207
51689,-7.683100731498363,-10.892434799719437,2.7452464008825967,0.891281596859,468.24448563746455,0.9107290480158658,0.0009826730992960396
51690,-3.657193444316494,-12.30093175405818,3.9219595602348103,2.0357396701166537,397.1144968381723,0.8076057932901692,0.0009827343324707253
51691,-3.091756388980233,-6.923588604944212,1.3757280327288663,2.8229233217113148,481.2918875567679,1.1423472069844811,0.0009829919358508073
51692,-5.986729753478654,-5.312036711612462,4.285426981324783,1.8311978983684805,468.04101349847116,0.38639380056264194,0.0009830979397558932
51693,-3.099966933972431,-6.957142916006978,1.3047444491629265,0.7066095817447106,468.055023365377,0.3537328821195951,0.0009831881995716026
51694,-4.564966202250495,-7.023277692843513,0.9617855925248878,2.580006501495284,460.1920144278396,1.2502668962921168,0.0009833492482103664
51695,-8.955759432738766,-8.208961071006605,2.3368226376111965,0.9633016655832541,468.20489961456144,0.46265789208575026,0.0009834527041963162
51696,-5.159419353319483,-7.276572535230034,0.3931627693893365,0.5797880331552864,124.86329725125236,0.055850271373263816,0.0009839546199331701
51697,-3.0099643082948706,-6.838814550311113,1.7783481404481114,1.5855706596987837,369.75615552358846,0.37772753876620424,0.000984043536008759
51698,-9.769141043236761,-6.3964106179885905,2.6658295554933327,1.0529380664626373,210.39287587984077,0.06732528089310197,0.0009840498421324934
51699,-7.1052966769009975,-9.568099296124432,4.653219550388976,0.6231124870781825,136.39291838365926,0.7782672459361422,0.0009841414699428316
51700,-2.150870273967139,-12.551129155425938,0.7645344538978319,1.6877302017169222,468.7168086008601,0.24660953213606351,0.0009841506750706203
51701,-3.6927639432230652,-10.92430566390331,4.220816384534032,3.3820070586013067,518.6667831799817,0.6323294427308088,0.0009841747570562577
51702,-4.489264387803612,-7.4818649337460075,0.37172848160394184,1.828218480694341,436.5341648232844,0.5917978971207889,0.0009842106268983595
51703,-7.904642319302086,-10.626974587494573,1.5589980620899946,1.3070773896692103,305.6418093883299,0.8370035870384891,0.0009845562300923496
51704,-5.022616136880898,-6.192272324577038,2.6028733891493925,1.050278128858154,281.80266648487645,1.347917212056708,0.000984583011819537
51705,-5.105506060855741,-11.224809527885183,4.16235585713511,0.9589083692158086,470.2957971351428,0.022596973302399626,0.0009846441169850536
51706,-5.245681769468337,-6.14804661446275,4.029938568977128,0.8572534920767498,468.31715462916907,0.18348180742196707,0.0009847980147908227
51707,-4.917030901263171,-6.245934530814168,2.9916535747253206,1.411696208523519,331.28935757388655,0.7076789246322432,0.0009848173456815268
51708,-9.689460544699275,-6.870324157015509,2.6907549016615078,0.7045061425783827,147.11280221418872,0.20822732101078945,0.000984834392335239
51709,-1.9968587606264894,-11.185051315677109,1.1518665966175357,0.8175202575096716,168.67605283701758,0.09370848704865953,0.000984837922713581
51710,-4.485866898717545,-7.44078756000027,0.4216406465144662,0.9612354634039135,163.8897711179486,0.17166905552012857,0.0009848823589726616
51711,-5.6332955162661005,-9.695495376369717,5.01332551395265,1.1110088084220777,293.8869164135958,0.8109505441539158,0.0009849957865301266
51712,-6.298927520032728,-5.858610149841114,0.21850047823121646,1.2827692535684199,281.62822106243664,0.8799784182774983,0.000985235634469898
51713,-4.2707129837952635,-11.850148242970711,3.993725723778868,1.6809473872658964,395.05237505685875,0.3031356865250423,0.0009860944658328088
51714,-9.655298421148515,-6.425667679403441,2.107201578824116,4.7066832866191,608.7774169776725,0.7344012646491809,0.0009861143566279086
51715,-9.537385076701149,-7.238894013810408,2.403110866755459,1.8436863200857718,468.8464552052015,0.6426441241153968,0.0009863792345926128
51716,-6.986548780310971,-9.293725937293228,5.0354245319614765,0.8780240704346387,251.07937821150344,0.9263179361363321,0.0009866168408748084
51717,-9.346300506852277,-6.662053251401591,4.230417062005808,0.9556822478526904,467.06048740070514,0.6118753515006903,0.0009870498817070596
51718,-5.221128374503251,-6.588150104809699,1.4411596582935287,0.7563128282963603,467.6963916069649,0.31281768378213126,0.0009876469145570163
51719,-3.0462875789836765,-10.74652707242077,4.510499907819489,1.014886576808068,468.6553987129658,0.6479721886168237,0.0009876594400193848
51720,-2.0282029677252105,-10.380298768264662,1.3116050524006309,1.463553829870696,336.55515802891114,0.3259009137364872,0.0009881237191710442
51721,-8.27465570193827,-8.051165483816643,4.779490258789426,0.762842037614217,202.05157841768442,0.5572305199197229,0.000988151436432042
51722,-9.682361022153934,-6.193738776925265,3.5224504650633257,1.1390438306448825,467.90260325668913,0.5574240611451691,0.0009885200047370756
51723,-4.802553730041689,-6.382774837196408,4.297203630520418,0.9875846088520019,272.6363073625004,1.5766021044945573,0.0009885533356333276
51724,-9.25182114825521,-6.613259501768357,1.121285680965583,1.2397858109261584,186.28940747968576,0.11428283220912672,0.0009887201169920456
51725,-7.60726105994041,-9.245539462313275,4.324254412946596,1.5434288888814947,344.33755013714153,1.1193026480753012,0.0009887442470064062
51726,-9.547748449569783,-5.396874752268927,3.8706209992531204,1.3863214615953126,303.97507732844656,0.9987737037873323,0.0009887713658464107
51727,-4.779300033870557,-9.483575858798716,5.164609065051682,2.4543439197664734,215.1340623909884,0.301663875948023,0.0009888038977224408
51728,-2.6668754048738528,-7.9075777268110725,0.40957037853449585,1.1113831066479314,467.23205097378235,0.6437537709067893,0.000988857434802841
51729,-7.920172693096697,-9.983034327832106,2.7578663586427266,1.3802816027166995,329.352461364968,0.42346142416796173,0.0009890674179890602
51730,-6.25079689608206,-5.050518516569251,4.869187427751359,1.5288696795941545,344.11913254800555,1.5326030383790021,0.0009890704201330784
51731,-3.7015984981843433,-6.933347225105964,1.2777190961492892,3.2003785712486583,505.0471368429547,0.37449120728778595,0.0009890888203431135
51732,-4.958830456775358,-6.3026415528066595,2.3807121822663704,1.423269378859753,324.38861834506395,0.8591494457128741,0.0009895082814679835
51733,-6.32395639376918,-5.71894148279364,0.22108507818703982,0.7887206343691672,213.7322090860407,1.3415550193378207,0.0009895523587247373
51734,-4.667057922945403,-6.614412344316171,1.7942242493895149,0.6791676341741948,466.06260761327985,0.46192303758954534,0.0009895642023853397
51735,-3.9324523527545168,-12.044302616404185,3.954807250820925,1.8227372124265535,435.92983152673554,0.2301351969118981,0.00098961861666411
51736,-5.01007781793496,-6.195866221445204,3.4233623175828747,0.9231948398848451,192.4901838687881,1.1130997248906196,0.0009896267497545004
51737,-5.784022553433114,-11.691686215213371,4.073024566242874,1.1115914342615083,286.9835733880805,1.492477027540689,0.0009898063091993918
51738,-8.827768929188254,-8.31694162173335,2.7108411265783063,1.9244234257467947,396.8316613890105,0.6215757324194877,0.0009899562954743216
51739,-7.605532679597262,-10.939673218555008,2.9326213468576428,1.2751216369725225,283.86137436580657,0.6772900808830054,0.0009901218791230216
51740,-2.1213508017312765,-11.160216558965116,1.4649224112135653,2.250693652622266,257.99656743617663,0.12474103191527419,0.0009901715715355285
51741,-4.5013903811111415,-6.468483450985888,4.399083147443886,0.8740504637688445,252.05316992964302,1.629113456921817,0.0009903153715951996
51742,-9.62405051875927,-5.149926250863678,1.9526972488849208,2.8024397170588102,475.4734387202218,0.7533477830217601,0.0009911706980684717
51743,-5.912017302832297,-5.304063835418569,1.7256397036593034,1.0677354719977779,468.00966359287503,0.8199917343533256,0.0009912679652720137
51744,-9.77881489694609,-6.128557730187132,2.637721145574514,2.1266231707485352,408.61976421049,0.8800992153841616,0.0009913559743943369
51745,-5.508168553782137,-5.792614246266724,2.45374386690383,0.8159355873356935,469.2991320081524,0.2381465941017673,0.0009915081448891895
51746,-2.1742425422135403,-9.933652135302584,0.8595119211409171,1.095577003544317,286.09400974778373,1.450163591461596,0.000991608853384347
51747,-7.77699855025034,-9.242964039002313,4.017605936774557,1.5399000415167778,467.7279710544135,0.3848631791615471,0.0009918454235014434
51748,-8.9783812768102,-8.200620311473923,2.0360830015833855,12.390006528622116,551.4379324709088,0.056511382829993906,0.000991927711445322
51749,-3.754295022566212,-6.483018636660517,4.048484966950798,1.442150371982151,468.22689177032294,0.9014143355725706,0.0009922957184900453
51750,-7.564404524487214,-12.1423073515245,2.62765608810631,0.8618086866195778,173.66162072490343,1.016856674113348,0.0009926458196647316
51751,-2.970756821819811,-11.352916309836422,4.432738036438337,0.6708632573795044,140.20364523640774,0.18335474719112188,0.0009928599145274158
51752,-6.0457046468355236,-6.811067281720456,0.148661125801801,1.1545485387246563,252.54527015829333,0.7269744581347846,0.0009928959397434724
51753,-9.17303844444208,-7.875563515537142,1.94220860196597,1.702671525871728,399.98541601223747,0.10785313401915086,0.0009930389265785156
51754,-6.9124635944063515,-9.974965912168374,4.478125016648951,1.0094181515148581,200.93882686072192,1.0428215456417567,0.0009930737295948645
51755,-3.81296159265204,-6.496086404384185,4.171208180133772,1.1320831997026135,292.5068297930266,0.9152188138839188,0.0009932027744805941
51756,-9.665294637653675,-6.618543725543823,2.225773935202462,1.2483807240692273,196.52445663049878,0.13716469324605818,0.0009932523907090164
51757,-5.723983024418644,-7.290651207459458,0.10828289814476723,1.4000989599734757,166.4759406933644,0.24916363226428562,0.0009935303169554895
51758,-9.613303506698237,-6.262270912769056,1.963467811062611,0.8867115148587168,187.96642365403616,1.0439812228097356,0.0009938280016080806
51759,-7.737458641086951,-11.231697196788403,2.303428631298616,0.7816450521256596,191.87821158940002,1.0176779846238322,0.0009940054151670655
51760,-5.967631278963089,-6.556867878723108,0.3930323757049911,1.3443812737635348,305.29325344556275,0.22382873760324085,0.0009941510698568442
51761,-2.401408371087391,-8.642435775458232,0.7798636130395519,0.8332139406962723,178.74591158995776,0.7234702312677292,0.0009941591823037878
51762,-3.374942635407912,-6.452350363267961,3.600845849489704,1.4311182993381186,323.47139307344577,0.8864437559068277,0.0009941796487673313
51763,-7.905068654492489,-9.578314330274015,3.304455614890316,1.3094061970212636,306.59291157601524,1.1136911851870535,0.0009948465452291142
51764,-9.24536200601521,-5.976660695595529,4.548514892007285,1.5845575036900765,333.35642436849514,0.5316360750357036,0.000995062556455989
51765,-6.667833019734099,-12.971167096145255,3.7731092927236105,1.1141752036714463,468.38231735411307,0.5296312313922895,0.000995179271934413
51766,-7.9860971032325825,-10.390786301673582,0.5579583345181761,1.1412768557737527,467.2824375757269,0.5479885077833915,0.000995183339655048
51767,-7.697500684765115,-12.163833693493725,0.4611037602575834,1.8123833877450324,431.24626788592985,0.20847801004766708,0.0009952981872654683
51768,-8.019597259260374,-10.233541264089967,1.621088763375771,2.2112826842921165,425.23384485111734,1.4820138853872011,0.0009953497249130788
51769,-6.191934482635457,-6.038078454546927,0.3706017154917812,1.2789131130089735,276.0486490259417,0.16403605348584982,0.0009953931029245142
51770,-7.86386766730771,-10.76919426977721,1.9930580530727566,1.104402157894818,290.3240608424739,1.6477799142874838,0.0009955398376111499
51771,-2.7224566402702353,-11.085853277089349,5.159179409253964,1.236570767514502,259.9847055634446,0.5030013298406191,0.000995886551294425
51772,-9.046569681503783,-7.140130799328357,4.481160951154785,1.8448876378970933,442.69842471543774,0.06864311413947011,0.0009959797719575232
51773,-2.5456141581954173,-8.057566739373826,3.4768476173896232,1.025029526396761,305.3094149096885,0.5157904537510607,0.0009959981253719514
51774,-7.685713444880233,-9.316004117328315,4.102192691380354,1.0889539749861317,236.59150760505491,0.08687622187328348,0.000996273866912788
51775,-9.710068660339314,-5.27934928668465,2.2089882688991045,0.913199646646325,188.1811740348677,0.048521381430558286,0.0009963340644591223
51776,-5.085124210960227,-6.348438401340976,4.479208133145835,0.7701106168418251,170.80387722498114,0.005276790623887528,0.0009963789538149689
51777,-4.688003239914566,-6.68470140071242,1.6175837970267788,1.0382890167943217,282.7881985106734,1.2217766329171518,0.0009965477473647959
51778,-5.622133475681322,-5.5927470181530134,3.002730462386385,3.0611074758697225,483.0884650915293,0.38334609515539864,0.0009968307771339494
51779,-5.656407341260502,-10.43281527638361,4.494518634544078,1.0177006432050042,259.958264768411,1.2499149054225498,0.0009969028121847797
51780,-7.702638244936623,-12.848959820907893,0.9220766616331613,0.9908641238897031,273.2798662551617,1.6019332624208138,0.0009970541675679008
51781,-6.449517505522092,-11.78952242206889,3.978544693726119,2.110616281989923,406.13502382540213,0.7844115834012166,0.0009973198307458282
51782,-2.1227852705408985,-10.871720461513505,0.8960086038305246,1.0718110585306888,287.17540900762486,0.5121754787754709,0.0009974232772928177
51783,-4.3258789490771035,-6.364691932275631,3.178264273758523,3.0383107171942765,503.2372610009294,1.6993582128230518,0.0009974388868056493
51784,-6.532984710237815,-10.317780358297213,4.458861894245675,0.8749118119135789,251.29710382564892,1.0114426780584882,0.0009974815502746621
51785,-9.222343578560093,-6.8834974841188155,4.348122701596633,1.6130658041790298,344.0368524129766,0.6726534705494229,0.000997502969041306
51786,-2.8360589803707175,-7.098034128753663,1.0868647294522316,2.8016600996989105,479.968192606496,1.1725966766098654,0.0009979031959529941
51787,-2.2765882680407152,-12.839425999560564,2.291723195352811,0.7251797177580772,220.45394127043366,0.556055707380394,0.0009980497168023798
51788,-3.6297673341299843,-7.425950952014415,0.5191788571473823,1.8219836793490483,380.37400794655053,1.3613737477922374,0.0009981732317045097
51789,-4.293134510886187,-12.850132183570782,3.8829398907628927,1.3401113117354717,297.9669502612633,0.812623416345259,0.0009983870241483232
51790,-4.597541027756749,-7.687458062413726,0.1564864548469915,1.7934497717412234,424.87712310960904,0.07372721497709467,0.0009984252474785785
51791,-4.9635449430120415,-6.216777182556085,2.839590941489013,1.196731624985045,298.9904221806446,1.036963933907849,0.0009985586384783337
51792,-5.452705244165904,-6.19433208445898,4.589428579405036,1.813965581619363,461.31955414825666,0.10917377666739991,0.0009986340439292404
51793,-8.322923225022308,-9.28500927287945,2.2370336453390016,1.6386179579659577,383.98192316447984,0.48909019644181395,0.0009993561455807025
51794,-5.9719937615221035,-10.131065396375252,4.673441587691911,1.0868430793739676,263.6367727222025,1.1161626092381338,0.0009994233392220193
51795,-7.197556460930049,-10.928974464405425,3.670375806467192,1.0742500504774466,191.01950275300422,0.11897196622913775,0.0009994599702170966
51796,-7.304670175586773,-9.86465709305725,4.158119854683634,1.0217352995047726,468.5846371756869,0.6504395889196424,0.0009994918618787157
51797,-5.993843346647413,-5.051026568378539,1.6474780683817882,1.711150977885087,367.4563717441689,1.4121787051698345,0.000999747645306257
51798,-8.009256598898798,-9.220714324668647,3.517827089824831,1.4658708284702895,325.44503210147565,0.2996442956865515,0.00099980668995673
51799,-9.455716752732341,-6.584827582381468,4.014208197832929,1.699280534243208,338.80123648290214,0.33523573504016557,0.0009999943449773552
51800,-2.393954673673342,-8.893900416922069,0.6142109835467249,1.181269991909375,160.20293220243363,0.22481119089340584,0.0010000920306763802
51801,-7.679673237407414,-10.502365833797704,2.999024630665539,1.864288473098325,467.3267851193823,0.5104683323203494,0.0010002139359632197
51802,-2.9149649180951664,-6.899986194048413,2.3605839589264628,1.7936906964399244,426.82058982117115,0.09835639541865238,0.0010003357949831696
51803,-9.785238183470266,-5.446956755653842,2.9454613200264825,0.7196861478037534,215.14613175211505,1.343645350608524,0.001000360375302782
51804,-2.2468490800018213,-8.912992947906405,1.4308103142029036,1.0233945331834897,468.5403318435487,0.007511224951089801,0.0010005218857199593
51805,-5.527468502417194,-5.8027959898245625,3.1534558999957114,1.869341682698505,448.00504788254636,0.5516534967133655,0.001000845768994849
51806,-3.0412084689438137,-6.762730125196257,4.165889235388406,1.0640125193292502,169.2861697715573,0.2881753698185454,0.0010008586048239464
51807,-6.874618494424817,-10.511943134106698,4.170291041070891,1.6865219708458374,468.37425907968645,0.5267175081566311,0.001000977907736112
51808,-7.764781356637519,-9.07625071616885,4.247481482767986,0.8620514925561134,467.26539532469485,0.05151227692455329,0.001000983640327672
51809,-5.813663197368784,-5.447716203583931,2.102904124826648,1.4314667816883406,319.4003158030443,0.5708233865856505,0.0010010780969588113
51810,-4.160491222369441,-6.548282087082204,2.2507430670901565,3.9968513914801984,568.5941132147329,0.9719077067854318,0.0010013592959236522
51811,-3.8511717222467343,-7.37896006545226,0.5592620041644795,0.7806469100158568,467.47831859273674,0.27084520469328677,0.0010014030777366293
51812,-4.351147539880104,-12.218065522339904,3.9369967730339255,2.1228252894666113,419.29001905555936,2.0364206825507862,0.0010015453315143131
51813,-9.49073061035457,-5.781342824604758,1.7338974210787315,1.0703433596912488,279.2775069806087,1.3106654576288932,0.0010015455398904715
51814,-5.4329321509629995,-12.351592225751702,3.9655315757870833,5.181077733152435,630.3253403486425,0.4832874435608341,0.0010015556915996535
51815,-7.11116238996512,-10.84082422358773,3.8068415066631287,0.998051048090258,467.52742863626094,0.2674667785268623,0.001001599636094691
51816,-3.920140688776865,-6.414794976313344,3.1157013571561483,1.0703812678560851,282.08372235913146,1.4577237074789648,0.0010016432728014964
51817,-5.10648687498762,-6.440809578177561,1.772832970987621,1.111834151482922,287.1540211655123,1.4448691801319953,0.001001654206455373
51818,-7.816993565090189,-10.626744997329986,2.4398508400066845,1.4904777115498113,333.8720645184838,0.4845714975400677,0.0010016567957167192
51819,-2.2801283529823957,-12.384320058701856,2.343179865756724,0.9839793026035867,194.95538787615328,0.029262259758037423,0.0010017505085161303
51820,-8.402300083188683,-8.732252423715991,3.2493400195442894,1.2003966479477208,302.126057550888,1.323074585347645,0.0010018445141327175
51821,-5.355184469648623,-5.977210269484855,3.5160798895036978,1.8811980220110052,451.8950270138353,0.6092729908133512,0.0010018643940777347
51822,-4.820787020361525,-10.660773091367265,4.34488488892524,1.6234515372884957,403.4579694922863,0.2705718426430268,0.001001889758161236
51823,-9.041004323392993,-6.534861213299256,4.874178998305358,0.8731064807069372,467.71892530620505,0.30908225835050107,0.001002018241097071
51824,-9.778650213692913,-6.261760977292272,2.963811958256048,6.244602250511951,667.8699302723438,0.2910129330420421,0.0010021365758982235
51825,-3.471147115939397,-12.045953295016442,3.9421534631278665,0.9626240723441845,468.017666636909,0.5705089982546196,0.0010022958226696362
51826,-5.566000864715547,-10.881343005820652,4.284790289326023,0.5252075776872268,141.48157469601077,1.1607988069891961,0.0010025028190008456
51827,-4.18419673533829,-6.437798297145439,3.924910169416671,0.9204372983844289,206.7485356018315,0.2986355203137441,0.0010025195451654426
51828,-9.45229780574519,-5.93827601532306,1.6756804715833309,1.1837831005619497,300.64451187075724,0.6885334266590428,0.0010028223004595117
51829,-7.5418108593461115,-9.722735069913693,3.920638154662828,1.7227867428977346,406.8838365490264,0.795632255315085,0.00100282943661962
51830,-5.599221164320306,-11.97035085726832,4.018342144311019,0.8951213680508238,250.37763457785204,1.2442204958685146,0.001003217542193347
51831,-8.448114973609037,-8.911267563321625,2.639352095434041,1.2429447841045618,314.11752026135554,1.5582500747759545,0.0010032685406063475
51832,-3.7811132736346478,-6.50754670377123,2.411604848110133,1.876054973673245,450.67711144534115,0.41301807425916426,0.0010032766238539693
51833,-5.387442616854308,-7.2725862598680155,0.3011210571593215,0.690731118622501,142.97190772239242,0.24990249004557175,0.001003617964643094
51834,-3.144815634584025,-10.55356683242371,4.469818758902353,1.0983249634488486,278.9051140870511,1.3996579052028641,0.0010036590047994218
51835,-3.3051950722662484,-9.617640165240626,5.014518243672678,1.0874156150322276,243.2908350002176,0.061943340154579474,0.0010039645631123074
51836,-6.937081067537106,-12.703732053657658,3.605805527746607,1.204628042952506,159.30939403039176,0.4135600655628826,0.0010041341798790434
51837,-5.358473685128947,-6.878808085183362,0.7662995590245819,1.8432593369378143,467.5862949943378,0.3420007124041131,0.0010042259371249999
51838,-5.501408271548035,-11.328821264490982,4.139176706295882,0.8233530061333605,242.27917690326782,0.6540228965070334,0.001004555350908193
51839,-2.3703039618821613,-11.32144858806705,3.582797881304845,5.037114168074637,623.0772030309068,0.5391893855642014,0.0010047644400956316
51840,-3.0507454263321767,-7.8587018166313625,0.2595073244632736,0.9927416599761554,273.7480338294854,1.7012869458147835,0.0010048552826837324
51841,-2.9529405546083503,-9.944931142903453,5.177804171349017,1.8831896314538858,457.86600173438904,0.5028583095328045,0.0010052821838369605
51842,-5.908551119934781,-5.709176048162146,1.0886383290733015,1.0928526123921085,282.1070576664746,1.6753403512231353,0.0010053044378093585
51843,-7.026397641542293,-11.918617630079522,3.607737019835505,1.725179710743882,409.46880259855914,0.6140184276978546,0.0010054839221626058
51844,-2.335699162055052,-12.46573394350596,3.0744986927611393,1.4004436115955705,468.69432313839326,0.2575538207388375,0.0010058502966447658
51845,-5.844593880127467,-10.002659685242673,4.76298354324988,3.2713374459438596,518.6802114334947,1.1456845350788187,0.0010061375386942995
51846,-8.18826422456733,-9.920375746010816,0.7532716436877147,1.0282520030037978,468.56681534618144,0.6510685542986305,0.0010063436538079974
51847,-2.445053217604224,-8.032718415770765,1.206138072791337,1.8530577379289792,448.4375498751263,0.4429398817341932,0.0010067553275682555
51848,-2.405851292876376,-10.417636947105706,4.00031526751352,0.9708046632488526,458.3215619308893,0.3954042120129788,0.0010072072831010454
51849,-9.500573237436226,-6.372687828417081,1.7701051312007912,0.8117985807185734,466.93571173445184,0.09122518618164488,0.001007349704605316
51850,-6.305968568359201,-5.3151202325675815,0.43167003680690724,1.4907253167812926,345.4195752296658,0.41365070844513596,0.0010074115685439731
51851,-7.592540365772491,-12.286676772011994,1.2196140443517627,1.707199636015674,400.46503447062634,0.006767368507923699,0.0010074148373509575
51852,-2.2797626113095495,-12.90946648128658,2.3551446481470526,1.4864045229207954,337.1234088787157,0.48593400555112876,0.001007508093384577
51853,-8.856784453171588,-8.005627696656305,3.4969017650985834,1.1071102008489762,240.29429461753742,0.5107232734920597,0.0010075990907766168
51854,-8.49005627738963,-7.904225518853134,0.40738371072032936,0.991298248609652,197.09073439282474,0.6940498271429743,0.001008071122049454
51855,-6.358417576692821,-5.516048340046953,0.24232144531048752,1.2740563363049748,138.24400519381584,0.3335076213395656,0.0010082084458283226
51856,-3.49686062155516,-7.435574346412114,0.521311538990942,1.7502088891105188,415.4886316021687,0.8290367021254719,0.001008228201435144
51857,-7.985116052155284,-10.235840341154555,2.05905499779549,2.4062591488329375,443.77498607978055,1.3103799075514093,0.0010084078996465018
51858,-5.849834992199992,-9.70501282400761,4.999428307109989,1.821755533655882,436.04927648076506,0.13471284239362635,0.00100848645540009
51859,-4.321033325750458,-10.641919889581303,4.335102952890703,0.8639775522709551,469.39993124644775,0.20839571785101807,0.0010085388289827546
51860,-5.328629067291203,-9.82991059671706,4.87981490432369,1.606070774456051,358.0509991548674,1.6639655397485589,0.0010086162698208494
51861,-9.423910185301857,-5.2806204546347635,4.127865015002064,1.821623236121253,457.25381899045084,0.6541817760338775,0.0010086240425810002
51862,-7.638456802940115,-12.910136658206547,1.663802023681766,1.115603509372922,192.63539226281387,0.12609940642668427,0.001008859380687499
51863,-2.096662835474058,-9.860653524477003,1.3418867856476813,0.8905298297560025,226.5101755725513,0.13368884273137116,0.001008986746238509
51864,-2.2618380139296477,-10.901283977756794,2.060861601447081,2.7412740910104865,479.4439392509331,2.1722612135601453,0.001009205125650222
51865,-4.190719025430605,-6.914788726685565,1.2552811678194644,0.788336703316044,158.77914065159212,0.1439706197943762,0.00100921000163109
51866,-4.68687450616323,-6.598056105303543,5.043034605707879,0.793819398239684,160.82663596852626,0.23316247876706608,0.0010093050024718368
51867,-7.620139724746292,-12.368190254705702,2.354039963234292,1.1486367562718334,297.8574184001307,0.48769798663076624,0.0010094388714123644
51868,-2.85549751947248,-7.2247166106639344,4.650880222389067,1.8505326080774354,468.83973250502225,0.10890447961841598,0.0010095002049034332
51869,-4.517256751760471,-6.393184385715982,3.961689977510284,1.1324244540725978,291.25546630707436,1.0280416256457654,0.0010098132198739305
51870,-9.753212358500416,-6.33880255459963,2.5524407568266163,1.540561393747475,350.38527281498654,0.7452427915951274,0.001009989299818001
51871,-4.798737488682873,-6.364905961369541,2.263718092285728,1.8446648135232577,468.2283973242791,0.6712390277604827,0.0010107627864132387
51872,-5.655376392568584,-5.8092562082405985,2.003445408766997,2.5398829716352846,457.21640910161085,1.2900999951434615,0.0010108383330484736
51873,-4.796986841289211,-10.593724346076316,4.374268450857744,1.7908381168265897,469.8961434183091,0.06999541357166539,0.0010109048855849706
51874,-6.13178687355114,-6.178261329447442,0.39826071733711527,0.7616069033681473,214.8375619334025,0.1676299138284767,0.001010924869926298
51875,-5.926508955626159,-5.659486145401698,1.4052231756069817,2.0950627811842146,415.9658471006096,2.118815157666554,0.0010109582818345496
51876,-3.978133536775994,-11.945236582232193,3.963802300720733,0.6427164941263038,134.62409470531404,0.17770301007981093,0.0010109675365902646
51877,-3.797905603219748,-11.338360223863877,4.078326223868717,1.6250677215116056,468.58610726334996,0.18390024351056855,0.0010110295375588005
51878,-2.307737181168524,-12.930244590706348,2.7154315057338003,1.119198929095895,290.2514106854544,1.1338831173328563,0.0010111980186168189
51879,-6.379383878246139,-5.748269953581974,0.17065901087361057,2.8051906713543593,484.3651970629069,1.9255636735396786,0.0010112384614052125
51880,-3.5066277498177225,-6.625207896597785,2.096593164342336,0.9622366982912083,468.6439955913889,0.04289251942610672,0.001011631404196898
51881,-8.907133500657498,-5.512453867740892,0.4370087995905358,1.4340061884051896,324.4697184351702,0.5875253076763496,0.0010117003762406182
51882,-3.7741382111794577,-6.460016112807244,3.071940040337879,1.7753012528034435,422.76975934272133,0.6109227223165883,0.0010118471213300777
51883,-8.064937956963709,-9.113803982983686,3.5282697098334217,1.4762248981473372,166.66479901443034,0.2298580982070204,0.0010123000198343584
51884,-7.321127126790765,-9.582691365832078,4.381140791369032,1.6640208856797472,325.3782474888911,0.29966451410509887,0.0010124048949298756
51885,-2.8306585883934288,-8.049685723357587,0.21397225180715782,1.1183738126621545,270.02120250394034,0.7929304602843921,0.0010124587053974413
51886,-8.813080344377362,-8.127681459236722,3.325425195383545,0.6998006798085802,143.93363982704292,0.47215579742887837,0.0010124596135259896
51887,-5.734668698675083,-5.835809529758483,1.751834071650504,6.320191110472921,683.9051771764001,0.5374265743876672,0.00101260060506085
51888,-4.540812546468491,-6.7229795787400475,1.5890209967011208,1.8413292346596917,441.20029912308405,0.20142948613287892,0.0010126678524609292
51889,-7.600472692771021,-10.213530077983581,3.3889495710129864,0.9584161188781414,245.6070016150782,0.25194995633872086,0.0010126777484049947
51890,-9.767558292973689,-5.707514572855395,2.54443674780046,0.9959468170706988,468.1902682260438,0.8454458523950317,0.0010128402778183474
51891,-9.666888987217103,-5.000788972155956,3.4890384833190122,1.7702362475915223,426.6281520678879,0.28975905156519044,0.0010130220999846735
51892,-2.708190219452213,-7.320446545325902,1.9678426591995635,2.8825084579926137,194.0850020594545,0.3205790679790024,0.001013033809027147
51893,-5.373802378874936,-7.046685929421044,0.5389685167251651,0.9971592982531984,469.7360414552652,0.04880642560940451,0.0010131336462591057
51894,-7.955985748139309,-8.503557591033907,4.689351193262095,1.8165866264019623,468.70279685194157,0.6463468302326749,0.0010137942104016468
51895,-4.911672037988839,-10.259501282604626,4.553489294847077,1.5867097425031043,354.98422103109954,0.9965378926592843,0.0010140959317052889
51896,-3.1932507654303475,-6.793921518365489,1.7487065374321524,0.9578996760178395,250.32303794263683,0.9050379045766563,0.0010140987004211113
51897,-6.174570285956384,-6.401393552847848,0.2184408459957001,0.9490158698325958,468.59588304598736,0.4923197346562658,0.001014212498569999
51898,-2.2480446882823033,-9.656458759183904,1.6805992366419764,1.4309113454580897,327.60274354085954,0.8269204725557673,0.0010147398386118201
51899,-4.807007648999231,-10.046022682752163,4.692750150138983,1.0681719862672334,280.2955879732151,1.8604292604245911,0.0010147504769118854
51900,-3.180924455568168,-6.614283643192135,2.1876769454111655,3.940257741709432,552.4283673238947,0.3543430011002666,0.0010149201401920267
51901,-4.821569937216315,-7.651216377500756,0.15683204393723113,0.7762284389727533,209.90131632644565,1.1060318503894626,0.0010149338293587273
51902,-3.28211852056567,-12.386176231180942,3.9076812752579717,0.7913373455032534,469.8614131622639,0.1950144893917356,0.0010151657852117597
51903,-7.660341691247675,-11.22237683593377,2.6096679870489625,0.6318101923729567,140.64148696468996,0.5956970064420419,0.0010153994557189914
51904,-9.445792216192581,-7.3299075155181,2.063119558656372,1.2893524602653244,289.0304198805237,0.40667815530702,0.0010154147102674812
51905,-4.0668506466647525,-9.482313686995813,5.136238814811123,0.9192530911488362,190.09276253374756,0.2385554580238054,0.0010154689485651586
51906,-5.333963110199045,-7.128658418006512,0.5053592893166404,0.920963586587559,467.70183695436657,0.5885175887391778,0.0010158007029153293
51907,-9.226681853341695,-7.4949350866410365,3.532679097905168,1.7043935488710464,399.9388665846624,0.2900648693634098,0.0010160895706695307
51908,-9.457033627954587,-7.402873045431155,2.6259974493424623,0.9912078181077869,197.1088224496538,0.9398783537461464,0.0010161182627001903
51909,-6.068514066396992,-5.262008730698317,1.0539064521395718,1.1479822896310439,275.4587174225065,0.5373624654157361,0.0010162809526004873
51910,-4.258742304443583,-6.6273087862724696,1.9648118766428297,1.3172588328524457,468.3474779013617,0.5532602211823106,0.0010163594668910986
51911,-9.34970725819537,-5.062614129453154,4.260731750223606,1.627688511823472,468.05383334667687,0.7043730597180966,0.0010167255726599813
51912,-3.541608212455084,-6.556919631452388,2.3040487351513432,1.1007625068549365,182.49315336198407,0.16180938845146375,0.0010170161079402548
51913,-3.9718007706232497,-11.873225840758964,3.9733677117559925,2.8689960360888866,475.6014573893898,0.6379157892327205,0.0010171768582894205
51914,-5.39937390736893,-11.31791976438174,4.133804415808331,1.0603555527459438,220.00159059445255,0.7456842439936606,0.0010172600227500157
51915,-5.74482925524019,-10.793816905557994,4.317647092624028,1.8897821966555495,468.1820765985581,0.4774742200002464,0.001017274366685801
51916,-8.54904371556426,-8.568793960279876,3.1186742080510026,1.0286443603633357,205.5908253005669,1.031421574791831,0.0010173699267790708
51917,-5.850511867174583,-5.829143032694087,1.546059120509895,0.6033931740601327,123.77540711732712,0.2096212161212483,0.0010175592118665442
51918,-3.105302601140547,-12.735946304157057,3.9997623787633154,1.172967650338403,280.5265859378434,0.8144457496447162,0.001017769970299674
51919,-5.277369421505254,-6.5892448241155215,1.230003093812513,1.8795217154924841,371.2614568273517,0.4073526523647226,0.001017790445650837
51920,-7.616135485466195,-12.32714675536859,2.372833042000245,2.1722461743219466,405.5900116321577,0.5157975130155741,0.0010177961014987526
51921,-5.716725165526967,-12.79813477336672,3.931188986296635,0.9888240065322339,468.67331927005705,0.8307086909045358,0.0010180956031233563
51922,-4.410928007892341,-6.954533260076366,1.078908717124242,0.8678043434059809,200.94140531227137,0.2871553040912156,0.0010181957102089175
51923,-5.1491383712391325,-9.853020215667971,4.848909264983117,0.7267123179768057,467.2775795491927,0.34064702979802153,0.001018270248810785
51924,-8.951944869352985,-8.226057334354739,2.160305628059816,1.0015098686043882,468.11546396987666,0.6374037016126968,0.001018692131370847
51925,-4.953365793632693,-6.27440876017052,2.5252388876926846,2.4683250795250067,454.8908822199787,2.3722425060492283,0.0010187024175309146
51926,-5.026699057520185,-12.231926185516862,3.9537449501944923,2.0342026402410607,404.3102359346329,1.144916149469367,0.0010187640643417315
51927,-8.515221109779215,-8.045226073718547,0.43935174030852714,1.5715185674216134,468.30707598393695,0.32302170362233174,0.0010188821291677308
51928,-3.5920148373707104,-6.510187708214564,4.088609589173805,1.106989859805255,467.77659009508267,0.9127327558053056,0.0010191235435764868
51929,-8.193755994173252,-9.733516237175792,1.5763476074770009,1.7469330518313608,468.08031147717935,0.21742530951380434,0.001019205218011788
51930,-4.283626855653795,-12.938884808464017,3.8707320386972848,1.1247647637961136,469.8849308746221,0.13161086504081876,0.0010192583358168454
51931,-2.748839313017603,-7.7030669472924735,5.098849577997503,2.2528055231252577,204.99033813698003,0.2619958820036201,0.0010195606713155252
51932,-3.7641336750021095,-6.689202601824469,2.0142567673964087,0.8402094272572593,203.18209164806274,1.1973244708223225,0.0010196745973793816
51933,-9.78546870092213,-5.947414474991971,2.851085924028546,1.048098583329712,160.6208228759914,0.19167500212623434,0.0010200847581529919
51934,-5.5476404138311,-6.1087273498431225,1.7409682611088426,1.8101872164154693,382.48540464836884,1.8759382530064324,0.0010202001313987649
51935,-5.798761938636062,-12.652229500578935,3.94012894560685,1.1691299143743688,288.478342341648,0.48002322869522285,0.0010204723689342912
51936,-5.444190929494744,-5.873411800658714,3.244412707289638,1.0559298037946743,277.0540539301066,1.7983629331824362,0.0010205705322828378
51937,-2.5485587343029215,-7.80355628695906,2.1360366459593116,0.9690869695921982,258.8775844288993,0.7309657206269744,0.0010206263765315865
51938,-4.217816797677775,-12.828757504838308,3.876394216161122,0.7232790810096127,211.79168161504126,1.2898577196253358,0.0010207397960522893
51939,-6.027216644028803,-5.574120016896215,0.9248201615088225,0.8254914904665916,167.58473647831738,0.10144063595722219,0.0010209121165732434
51940,-3.5861612065403,-6.70773388463667,1.8838924952554938,1.6140791457536634,378.2919925537255,0.7101765646467726,0.001021074730306314
51941,-5.778435057679804,-5.74745460527778,1.7990149889515523,1.2429732131167048,275.69064639323796,0.5495387770210218,0.0010211050760720328
51942,-6.194095230975523,-11.781116437839426,4.022350469257516,2.2467799367019743,424.83309995774795,1.0080939533785562,0.0010211896675258135
51943,-7.544539261172621,-11.126160392661985,2.980443147482259,1.088264893210466,283.14021070686607,0.9336589333086325,0.00102125016335993
51944,-7.092947115033599,-10.501813356026172,3.9749291938629545,1.7586148115422504,417.28474844315355,0.8870968073085352,0.0010213028353795175
51945,-4.629763500025522,-9.857301597342401,4.8242324045722205,0.7872989906774104,189.8767566883156,0.11701232730884925,0.001021346183405133
51946,-8.348883412040554,-9.44665088094755,0.7352105475398725,1.1252633962600604,282.5508652947267,0.8661968403442453,0.0010214112517266927
51947,-8.252641942604086,-9.712801094066648,0.7442535707831186,0.7017550127880702,148.0400201657716,0.2732138287563215,0.0010214145523458084
51948,-4.035435761003248,-9.769072219932216,4.8783057899121935,2.6360577055417087,468.6413276293842,1.7134614363524063,0.0010215436379585614
51949,-8.623373458052296,-8.789108928488293,1.9457725299552073,0.8804046180871843,467.70362807969894,0.3081716176220235,0.0010216117151812484
51950,-4.068114606499771,-9.605569488916998,5.02012466916339,0.593918132959081,146.97102481594533,0.4632519710812897,0.0010217363084249703
51951,-3.5129341915978465,-6.450742442140414,3.2152923406054637,7.036394574876959,269.3439407123844,0.31225031383026813,0.0010218675148881762
51952,-3.996847021528205,-6.457559568655074,2.7373677551051245,1.8204332587822738,435.83607678849546,0.08688609190171004,0.001021875213456958
51953,-7.63817875856541,-11.140779219715894,0.32643990963324465,1.1375794631277463,293.0623543506883,0.6417429702006148,0.001021888406013555
51954,-6.078237258974763,-5.061237441652327,1.5139784156433476,1.149467891711576,295.2734469666347,1.0777941444660923,0.0010221129498111854
51955,-9.755404817757158,-6.407795315004583,3.019825082212958,4.61890784337592,475.490684501099,0.05189123935973328,0.0010222198537612433
51956,-5.900441610646016,-6.762949312607183,0.362405132248572,1.0206384855945463,252.80390347777728,0.9329150566817264,0.0010224882499084342
51957,-9.375119939876786,-5.358470611819927,4.220281517463409,0.9775936036401097,463.7064997919212,0.9425302607328474,0.0010225654267194322
51958,-5.512844701817501,-5.857541594774007,2.923125752837602,2.4373696085535235,450.621163533659,1.9211882312938355,0.0010226414568289491
51959,-5.497878821542176,-5.939371463763737,3.6775114670606053,1.7703900346017745,421.12549278585686,0.6579482051077363,0.001022656201669497
51960,-8.457257356557978,-8.011693247016566,4.460148300480363,1.093137992343254,243.8009857970991,0.06217392615786199,0.001022681104585922
51961,-6.8835204124397436,-10.750239508041949,4.044043156265238,1.2959434027544963,245.23745017444602,0.0038293293005038365,0.0010228163990339209
51962,-5.295067857174689,-6.043470567606527,2.6735642250671896,1.784601022371037,424.53568928279566,0.14767551950041824,0.0010232169002878037
51963,-6.042919287631474,-6.219520257712554,0.6031654140743017,1.3540362333990634,329.0021764704151,0.27784974655153416,0.001023302159384294
51964,-3.756617942415571,-7.695729135725774,0.22669957512528163,1.0292968535059834,279.7617590910125,1.868738459775554,0.0010234286090794545
51965,-5.98053448408184,-5.448557535786162,4.390629942647881,1.5448027223476801,468.7179116293746,0.49459995143041446,0.0010237164534308073
51966,-3.025047802621378,-6.729832785646558,3.635251972081034,2.650602161948237,471.2259399891455,2.1169758904831912,0.0010237765900586815
51967,-4.769968144597395,-6.604494213064154,1.7864827350095787,1.1402624183343801,286.07544634592165,0.7068412845145575,0.0010241401581708581
51968,-6.207056840159061,-12.586757747239586,3.922125733405017,1.326057037625926,326.3035206596127,0.4238926237960383,0.0010242557284045864
51969,-3.1577382071235496,-6.567458507584658,3.690347650400233,1.1586800808568078,298.0160265830342,1.664570925204882,0.0010243831405560477
51970,-4.4594713269987585,-6.949078393019968,1.0816906414696135,1.6626403027744978,384.9928188528683,0.20986550372761403,0.0010245327081820693
51971,-7.608270049410837,-11.690153101084752,2.5867643457588203,3.8020659683845905,243.95277619069088,0.368417713854269,0.0010246878566239034
51972,-4.784654650648543,-6.435630836412767,4.402182166080575,1.872441861963576,448.7926994872561,0.5898253279283683,0.0010248716244052002
51973,-3.558223234194566,-10.647976506888487,4.310668593884883,1.0576591942976965,468.4044116931363,0.6698880133489142,0.00102520154644163
51974,-3.576145835217126,-12.165391796042442,3.919774402275038,0.7070190784386942,147.66313097150294,0.24073192734924653,0.001025255110112063
51975,-9.15526334767633,-7.90621185923412,2.0247848751715485,1.8339007152428621,469.2752272672701,0.14929777223289253,0.0010254337060497556
51976,-4.418232181605691,-6.70841298938072,1.6920495494854646,0.8094308737862882,222.94713333784756,0.14273445501043636,0.0010256459601703095
51977,-6.819665981975923,-9.380059263273308,5.053897174750525,2.121310237547167,409.4353399916084,0.9556075571656768,0.0010258402378059573
51978,-4.571490207658272,-7.11972902663514,0.8032842674556017,3.830369891256861,546.1053072430464,0.43366980977328673,0.0010259258082283547
51979,-7.904009123719712,-10.119833145166023,2.6264244770786687,2.6929346204783937,470.90944484753345,1.1997902767948627,0.0010260689900965176
51980,-5.353953093949448,-7.145325943707078,0.45452692970255,1.5492292618968968,350.3828957168002,1.1551642764418206,0.0010262201407329776
51981,-6.987584766595744,-9.661137778038743,4.659649067734707,2.308932650772103,254.43705548638138,0.12687864350406475,0.0010262323109951326
51982,-2.5968538896988296,-8.476875182236519,5.07598524946213,3.9965458790101027,262.74410949309834,0.2939341993529183,0.0010265865235462492
51983,-5.681273868450799,-6.275769199967464,1.3432086285421845,1.017850704211833,241.3808697390654,0.08517824696636822,0.00102666459910279
51984,-5.469277726376265,-11.347175383726542,4.125596612315094,1.2028268387043193,269.03095202289467,0.03027382625090347,0.0010268251791177461
51985,-3.2811162549260207,-7.108937028461169,0.9854624582373075,0.6113333951438521,127.91624744888387,0.7924044998779118,0.0010268801521711951
51986,-6.245843994487079,-5.790897395466002,0.42920927795959424,1.0018544638766034,215.0775213083798,0.17245685843555503,0.0010269355072136477
51987,-2.7038474392234546,-7.6031262774814,4.326095647542976,1.7225613098900163,372.5369307850739,2.084303691285797,0.0010272292178013555
51988,-9.762146308508497,-5.04628686416382,3.0150446940819164,8.193250135491352,738.9601551629794,0.32275683772396935,0.0010274624435827424
51989,-4.515463811686148,-7.239996527779567,0.6635826750923699,1.5830842719966078,346.81269786547256,0.6549244395256748,0.001027526128551519
51990,-4.463389588250091,-6.3928159812621566,2.9510279755816384,1.0621286590370755,219.31742346086554,0.09032420777879402,0.0010277398916049047
51991,-3.9412878476102664,-6.53664967409326,4.281941222171334,0.9730980015759817,271.5970616090274,1.8327500475984708,0.0010277819510538225
51992,-7.994329208768203,-10.304175245822192,1.734251576518323,1.066635071869224,467.1547834973762,0.9282112530714608,0.0010278321461745098
51993,-4.110154931978366,-7.001946682402583,1.0684265823424848,1.2492104344717012,297.4393257021421,0.954565571115439,0.00102794913113417
51994,-2.5740319713321638,-7.790119511032233,2.907430699893629,1.5676620877733387,469.4325452620019,0.10812375666677987,0.0010283624159504801
51995,-4.518287721164275,-11.395661855188468,4.0761782031819775,6.438047779649909,524.0406470153325,0.034709126963366366,0.001028485968580426
51996,-4.549174507036099,-11.968862577217203,3.962900711133905,1.6634286627166168,356.49526797618756,0.9909985714035869,0.0010285933783473378
51997,-2.0227082843393918,-10.647331403334745,1.2436341394069996,1.0714736434232823,251.46889142520274,0.3572619142360063,0.001029317485665441
51998,-2.4824641986318197,-9.976103424625604,5.006765741437567,9.985717349841334,609.1005211350324,0.023205219385262765,0.0010293230506202464
51999,-4.739184047621567,-7.342836063560841,0.4944566320001144,1.426205832334634,470.1582783537747,0.1307198009823436,0.0010294157398365515
52000,-3.066952154716721,-6.70902679368167,2.4410923182991535,1.7912613909820463,374.50977568861083,1.2072430645200543,0.0010294562892883736
52001,-7.928424371424358,-10.83710382115155,0.6290146879133909,1.0173034647197166,266.4407907094325,0.834221692884908,0.0010297213437210054
52002,-5.156550368983482,-6.180499437722658,2.600829171232243,0.878190076320806,221.54597538537118,0.9415438797969182,0.0010299844478101308
52003,-3.576594608075788,-11.907568768564483,3.9568121628066995,1.1685164277634572,296.0729291874902,1.0189665160801784,0.0010300242842424963
52004,-5.669017569527705,-5.524317569641838,2.7115773887764982,0.9502810536666854,188.7503402848162,0.8904894413731839,0.0010300566724993658
52005,-3.1897617163663767,-11.517808823212759,4.0856596959989275,0.6971391726095754,147.88753967591407,0.34465319836209396,0.0010302136358802136
52006,-3.2719339602366144,-11.863946100338792,3.976371238931183,0.7741091089714434,130.97479949323343,0.3013436036160959,0.0010303269172716057
52007,-4.328223765860808,-10.462916956363987,4.4146243614926535,1.1274354824351214,226.78191182302,0.618488314323824,0.0010304728832573184
52008,-5.003651197680304,-12.248502067519075,3.9480088110624596,1.1725913493304208,296.1355971656178,0.2514235568785095,0.0010307961373246073
52009,-4.977231578588092,-6.208945158443878,2.977933509715902,1.0042821298728137,265.45534028810977,0.2240244577298789,0.0010308114504825484
52010,-4.952272009665602,-10.316321483857655,4.516799002176273,1.9344868112675224,390.07652061492513,1.0402109975369678,0.0010309970336020659
52011,-5.602431530413744,-5.844069194306307,3.84144440673053,0.7511329621597491,155.96196922554154,0.3493175866291809,0.0010309991198332311
52012,-5.831633173438927,-5.410903257716217,2.0939326116069363,1.1339270567833526,468.35262181351294,0.5183277221367897,0.0010310737773313115
52013,-5.07192308557191,-6.55284207665996,5.1725344721505495,1.1013487378545976,150.98560465590714,0.2906240015003716,0.0010315620910635128
52014,-6.549979183534908,-10.475724583569948,4.351612667105992,1.6272532735332363,378.4291109511895,0.5459872294523906,0.0010318094840008826
52015,-5.286976617602928,-11.766927892142546,4.0243960547025495,0.7860602655613496,218.2713061026953,1.3469820431925497,0.001031891812956751
52016,-4.982467031880353,-11.586570677616074,4.046878694671407,0.8269825779138563,374.7263600094574,0.2594636585933543,0.0010318962448231707
52017,-3.8014158606288886,-6.476327438825025,2.7474969830783618,1.8426532933784812,468.35068486006264,0.6397952743203481,0.001031920335760742
52018,-4.382856653994633,-6.379653849234605,3.2219885800741284,0.9658316406429023,180.301864896163,0.4321488458230567,0.0010320998522944061
52019,-8.662746464076093,-8.746735473701287,1.2793426314004768,0.810962163684547,175.52539045263532,1.0536572507891604,0.0010323331858717126
52020,-7.896660524308553,-10.56889353284035,1.3016374868970961,0.9970257595775807,195.36619012358233,0.002854594946875011,0.0010324607990877693
52021,-3.954421135609186,-6.559346551871714,4.368068092321628,1.6706668337318138,468.0695934878307,0.7584169782322645,0.0010324832270518257
52022,-2.177986833738471,-12.491803724405834,0.6807761211186492,1.3394354506861108,289.7124094676745,0.1155174171219846,0.0010326715214762547
52023,-7.716607659818697,-11.866665332572637,1.0443527766373986,0.7490729348801661,161.4137352982402,0.046316555852767394,0.00103270627864565
52024,-5.807931071317268,-5.280123041736221,2.2365955029858497,0.9814083420211946,264.6962546382101,1.0967322220184554,0.001032719723312729
52025,-4.728557128976228,-6.370232690342447,2.4473401283648157,1.1597975483664265,468.3280252158419,0.509021846355064,0.0010327975174059454
52026,-4.5731976889921,-6.7044738614712,1.7123991962202043,1.354336348519483,310.2233758683414,0.9976965094976533,0.001033038662101667
52027,-7.671842509239109,-12.084465494082508,1.6219498326652946,0.980848315059588,468.37407467164087,0.5265294054923055,0.0010331454805664443
52028,-7.291503222291597,-11.584684461952367,3.3250384829397284,0.8851119450613366,228.5253069949031,0.5154301758355064,0.0010331801526685435
52029,-2.1190361612623594,-11.66387403124811,1.4065572457986135,1.615318127008261,468.2090373686284,0.3637783456722312,0.0010332018847501263
52030,-8.32873148851033,-8.904797007230513,3.1097070604086534,1.121411304281789,235.42934671053774,0.021580240591613453,0.0010334578635269342
52031,-3.496476086608186,-6.616034391848914,4.532647494826181,0.6444061378036734,145.73960875971974,0.0915619074524292,0.0010335702379251613
52032,-9.509773322771263,-6.769363725660781,3.7388258263015306,0.9918688532125892,243.81620166706293,0.653194248187682,0.0010336279053457004
52033,-3.4412994525344756,-6.4843106637974754,3.783608632630983,0.8542745254196735,233.1034724983814,1.2522009090291757,0.0010336498832919602
52034,-2.9663015160260278,-12.199274117112832,4.2607780621200275,0.6605696596575905,153.92654872941614,0.08832341822207557,0.0010340036200628259
52035,-2.935099868100033,-10.956985412058863,4.6241795212227474,0.917077608881261,467.7259583462565,0.47078610412965016,0.0010340956548563166
52036,-7.761305220686156,-12.437478584644523,0.7924510927150681,1.8507772821777184,447.03782986473163,0.025985789199861387,0.0010341618964534534
52037,-4.112042825880334,-6.422408970260523,3.0038123334292304,1.1959687409978412,468.72081532355094,0.8270115685939308,0.0010342045354555308
52038,-6.069768864407743,-5.282898812868253,1.3963587878240258,0.8714029152817045,466.6370585817288,0.7558145966877978,0.0010344322753917318
52039,-3.0269599410195482,-6.945871903373416,1.4943948089560548,0.8597872225072519,241.76355701786332,1.5746777324667542,0.0010348691850918703
52040,-4.905539210764983,-6.265009143946723,3.424742372712417,0.9517125826303905,179.69498040399782,0.15023872850145192,0.0010351150980726217
52041,-9.667762788042223,-6.895976947219218,2.717885672345042,1.1726042050005467,467.18940179980706,0.4370809361434427,0.0010351903248720826
52042,-5.826276702263356,-5.3002988549802525,3.0520118218622954,1.7501381209022007,370.8770963607663,1.2956231174208233,0.0010352735541690231
52043,-9.21494696252409,-6.654853382947597,4.476011151364831,0.8664098576980117,468.3769266593412,0.5276952280725933,0.0010353319240668938
52044,-9.080334434417777,-7.446538842457037,3.9915299552600776,1.1995838387873956,292.9019765313764,1.215600518647995,0.0010354826872146737
52045,-7.827342076666431,-10.621893647770893,0.4191344859792702,1.089988978204817,468.07637249765645,0.4628653613762115,0.0010355716442392907
52046,-2.713487797792352,-7.300072966286819,3.3327489246759394,0.616755487686901,131.0726278159835,0.04753092802106629,0.0010355865508359717
52047,-4.212680001573899,-11.799107763345045,3.9814611004816887,0.8701632978635281,468.1335731716039,0.49897755408631284,0.0010358537281029536
52048,-3.8605501954669723,-6.611841833274883,2.176137039870774,2.5213152922668574,437.57351640953686,0.5289009763431141,0.0010368200516528378
52049,-3.692100395006329,-7.010652526390411,1.1119242201023891,0.986135753449309,265.11538238808896,0.9735353203845358,0.0010369076606107476
52050,-6.144884634532813,-5.693401927205577,0.6951698809044353,1.0537939632323976,161.05644483116396,0.20065566397904977,0.0010370225484512103
52051,-5.5952662009106,-7.258094623424744,0.26166795416458627,1.1137753998717648,287.6549896980084,1.26865933123005,0.0010370824082478866
52052,-4.718805469183328,-6.3094255420970855,3.1966561313427246,1.2975377717004082,317.0003455907204,1.5860065844041396,0.0010370887918812694
52053,-5.392962101769625,-5.9850575318348085,3.4633160389268327,1.4442055546905637,335.97076565767105,1.9265404109233843,0.001037195447329124
52054,-6.93741127530768,-11.606462458997536,3.732287892497493,0.8612091221247831,191.9878858167755,0.3974332732360857,0.0010375824876666054
52055,-3.1944086465799026,-12.070571355596106,3.977332743259388,1.2787044673516739,317.8196256408341,0.29323031724196635,0.001037830750706246
52056,-4.0053522852169285,-6.576823004872631,2.1403092500327086,1.1967524191755097,301.87325510469356,1.253895160198189,0.0010378958278204657
52057,-4.230509287644079,-7.038824805558197,1.027717193678539,0.7916083563922139,233.78645490043323,0.574120559106924,0.0010379545262723764
52058,-7.695000063987462,-12.08670968227223,1.815896096262442,1.1236208020247314,291.17864844162915,0.8329965614397752,0.0010380786512771557
52059,-4.01470709602079,-12.540277920947638,3.8788201595484226,1.1087176007117647,293.6106406748958,0.9875847140152887,0.001038167884360854
52060,-2.3777280247968315,-8.840288072352154,0.7704865370684189,1.6407703387775199,383.4522124825111,0.13029075508833987,0.0010386068191627373
52061,-4.808349599211315,-6.285133677602299,3.5553405728533285,4.543800574913653,564.0472589422927,0.22395572230511807,0.0010386930374123107
52062,-6.529188059476173,-9.928517440316309,4.705689833751503,0.7969236259202219,469.97025670328566,0.18935635608381052,0.0010389939961145814
52063,-4.730406506035358,-6.369493311214077,4.050372385006576,1.7800064165454106,468.6869397418743,0.8698813436429758,0.0010390522649043222
52064,-4.738939918361319,-6.64302435294474,1.6868883443281706,1.8556143885084155,455.86264580939155,0.10787447853770527,0.001039484507576908
52065,-5.551228458442741,-12.294907928342363,3.956943293686107,1.1171473781641466,467.40126020189103,0.47938532179957694,0.0010398256435756837
52066,-6.073354229809993,-6.133950112943861,0.592369174981455,1.7531390069899346,468.68926445417225,0.32189197161763605,0.0010399177302860487
52067,-3.9770373437242394,-6.744252758631353,5.144945808920963,0.8574632944313282,192.40195676864852,0.43433298919972696,0.001039945204253713
52068,-7.657280020885407,-11.734298882545142,1.2000142013666768,1.4563556546154175,326.4266064633765,0.36800996987430334,0.0010400021231857788
52069,-3.676723539528921,-10.27933016151395,4.499743320141426,0.9158325176664848,186.4201070829945,0.019502008477441102,0.001040312041306424
52070,-2.0308028471272745,-12.91363249639311,1.2927112099466072,0.5690334944523141,132.14869435044494,0.0022454554556139428,0.001040320638139526
52071,-4.846558535381468,-12.653081290854388,3.894804631261134,1.7700825047374695,421.11352656776126,0.9132637222889253,0.0010403640911741724
52072,-9.287316726560803,-7.676922262834138,2.163034719450916,1.0521847460915028,468.0427828997155,0.6516731434811804,0.0010405189248573162
52073,-5.842910268865585,-10.712205412831153,4.3421890361546795,1.034029883682568,280.02376464990516,1.4452393772404841,0.0010408860624502388
52074,-4.663304695230765,-6.362078461980217,3.631950512623811,6.0195885867233665,638.5948164328273,0.2103854353434782,0.0010408928059528176
52075,-2.255734953203574,-9.747867013509836,0.6999486243852296,0.7171018071307818,214.421547696354,0.6817224744653201,0.0010408999267562515
52076,-2.537883305306398,-8.003631132885129,3.0202161843627375,0.9052191618041842,466.59387662693405,0.5625305526624649,0.0010411749766084907
52077,-2.7686846429146206,-11.68266992536632,4.851199812282016,1.2895660022220081,469.8800602287308,0.07363135094194018,0.0010415583055412723
52078,-2.1948993993909447,-9.198453130361527,1.0670996052849797,1.272395253866132,309.07855339350846,1.651345840048335,0.0010415765383213105
52079,-8.51993146520958,-7.708264334987057,4.786820771482889,1.9081934095201771,468.25933560144466,0.465642418964582,0.0010420575042731548
52080,-8.698523868754094,-7.507527302548826,4.718827264871719,1.3440169798236712,423.21690777381053,0.3771199410055317,0.0010420627590871214
52081,-5.300998330671754,-6.00231725335761,3.0291017919902026,1.257668965180577,468.3214501574222,0.6860360718307659,0.0010421209903309844
52082,-6.4934711872012105,-11.850531307096004,3.935843314130526,0.8646904509769577,195.77797867150815,0.721120331287282,0.0010425211405527429
52083,-2.6981581075250016,-12.249546479704023,4.975068851878149,1.060466451519599,276.8434650879589,0.9453890155993028,0.001042610023187388
52084,-9.227045199050949,-6.741574525046297,4.405228880595861,1.018647830051449,266.65368158586887,1.514390606169063,0.0010426622095432289
52085,-2.116571783666325,-12.30339873667445,0.8693154945487952,0.7382197770364687,202.9964260065141,0.6063854797800721,0.0010426639711606114
52086,-2.3256705964687434,-10.078599301562246,2.7094868596349033,1.326277186186103,293.59103411525405,0.24256709238742413,0.0010430279792159893
52087,-7.3350149155153215,-10.259199434964705,3.808353789603677,1.1284442595010125,148.15983170725625,0.3911118824238633,0.0010431695119910126
52088,-9.52722029134973,-7.22048615404106,2.930020517820314,1.8572957107247405,445.6592891614493,0.2637453800139893,0.0010433679065101913
52089,-5.46594361218605,-6.317968065056029,4.952142197497765,1.0770645713837264,273.0102749112231,1.1718581255264597,0.0010434846411092832
52090,-2.4186214004749367,-8.199277373591977,1.4487184873201975,1.2008962488981603,250.61167027912748,0.8172252839934355,0.0010434853762868255
52091,-2.039267014193781,-10.548678616681428,1.0372463090547928,1.4094472705321404,328.4575535880622,1.180388273926007,0.0010435161205450284
52092,-3.83753542405279,-6.487950439209928,3.875751402279272,0.6678836065475569,141.21621876924223,0.3812973280600209,0.0010436479157844895
52093,-6.271139618371922,-9.746749485174055,4.9162335359568266,0.9578287473327244,258.0204207920657,1.685982228788533,0.001044213486339262
52094,-2.393463224718751,-8.332977327947125,1.1020301178206269,0.7582643092497269,161.29369777091924,0.19296517185520923,0.001044219294088819
52095,-2.494099892768416,-8.170992427891944,2.7740883987787943,1.8118525123919627,468.556056632604,0.49539764330996494,0.001044393526131094
52096,-5.527504292435789,-5.8985922587409485,2.195541339507541,1.8463756233414528,468.12253979386855,0.33859649979238693,0.0010444383062957281
52097,-3.9734069255956914,-7.235263939569858,0.7742724306180186,1.8369772996639695,468.39320979404494,0.29307592406056227,0.0010445663470915762
52098,-5.890891035977183,-5.696827420646673,4.39198681482879,1.0979180150823422,467.4336375582285,0.6491995749361879,0.001044604272977354
52099,-7.541135374723084,-12.801368706343323,1.2415774044126013,1.673960119102729,468.1009847335886,0.3873994848342184,0.0010446162106461274
52100,-3.1279953542588057,-9.844576991192396,4.932925603290025,3.052163025230715,451.82041373427586,0.1862716847783874,0.0010446662278185631
52101,-9.773924195645698,-5.285976011402717,2.7298985150495216,1.0758080581299165,250.65498075665937,0.7487852308502623,0.0010446920175479187
52102,-5.503554327793187,-6.138604572324183,4.427616877362328,1.768998232884976,468.087108228563,0.7235528285953698,0.0010448236294175583
52103,-3.988201311240797,-7.60477643808977,0.31703465923278024,2.22019232679236,429.96773995772,2.295350980515825,0.0010450721314682315
52104,-3.98992928517249,-6.570612967848505,2.1919680259262817,1.7729727615987998,468.03600309595373,0.5550141537333557,0.0010452249068389366
52105,-4.792370369379933,-12.462514110433574,3.9065593186874654,1.432272453662046,329.62089562772246,0.807961139771507,0.0010452493757319705
52106,-6.976645805864239,-11.345806539200886,3.7557166530789967,1.803812650897609,458.415794401883,0.5722205188789227,0.001045259096234613
52107,-5.229282017376773,-10.6370766543306,4.353950941857169,0.6065285234858357,184.48885101591833,1.130405279173596,0.0010452984625769525
52108,-2.487558835299673,-8.266174293040075,3.054509281528797,5.682300535385648,651.8530522612126,0.3413595538629872,0.001045370914278579
52109,-5.181346378873839,-6.567688136204594,1.492146219428026,1.1375362968346865,467.22031131262924,0.250932023496957,0.0010454175039648144
52110,-5.758714251752072,-5.719963222256915,4.069521917198377,1.8740770368269346,454.31063291163747,0.5093888385298948,0.0010455341391545035
52111,-4.318751316785793,-6.404009335198254,3.6105363022402233,0.5941886199423967,124.14013770136336,0.02106076453725958,0.0010455618099458105
52112,-7.816221068090351,-11.144466892447035,1.0660329959311796,1.567339593683705,350.2650690685295,1.6780056779098924,0.0010458541994906746
52113,-5.827072079918975,-6.000330920938038,1.3299465693162191,0.912808194224058,204.600219995284,0.3251487564096136,0.0010461938095709738
52114,-7.0856942118073025,-11.587406857544167,3.5893232254612557,1.123641624704673,224.36993900544957,0.5465021499447706,0.001046398342884224
52115,-2.1016551736602445,-10.155528003304742,1.320261266143944,1.9121947306453004,468.9338972819328,0.6034280827659959,0.0010466012144188408
52116,-7.880808976111796,-9.485638896826263,3.457642759866154,1.5504116766522642,468.73713588670455,0.29852674544453084,0.0010466731935953484
52117,-5.507779862573702,-6.365036096408118,1.4993948886199615,2.451308524579134,453.12263156355766,2.284146409932708,0.001046878493929405
52118,-7.728454149902716,-10.516051967989013,2.821494347385807,1.7104986915996447,467.853041750299,0.44135490123248733,0.0010469735354333447
52119,-3.248850312342179,-6.665126303401314,4.700544281020215,0.8530733290239269,467.37452067223967,0.099336778566955,0.0010472014539308946
52120,-7.3264474769581795,-10.76678317136102,3.538491004474658,0.6718336411885004,162.18691913307867,0.04681010271853481,0.001047282218688831
52121,-9.64010013999511,-6.217640780344392,3.5911502768411037,1.1204515189628084,288.04248511734704,1.427383486760914,0.001047305940881206
52122,-2.08055409134729,-10.362988809926742,1.367208502567214,2.4950742529863303,456.7129033491738,2.0949712183884452,0.0010476243672054087
52123,-4.724014614257252,-6.488242587099619,4.609686972767194,1.1144978012434008,184.02460171154823,0.17486993053464595,0.0010476587135886662
52124,-4.94005885712419,-11.994880611918557,3.970674791910912,1.52808903609454,375.07687066697923,0.4934978865638131,0.001047674165788123
52125,-5.792613415326386,-6.016930121652893,1.1483064399360021,0.8465722189845187,211.5696551650906,0.6329854484923079,0.0010477942937875695
52126,-8.983889681926655,-6.52098009646759,4.965961270959536,0.9241496898455581,182.44772782926168,0.2692470579256412,0.001047867734462155
52127,-2.7299189334535248,-7.2801277292452395,3.203298730146255,1.4805666436137541,331.24012648392664,0.10561922253237732,0.0010479907109265522
52128,-5.406969006642859,-5.992651032400088,3.4621328090060977,0.7487716313539788,153.50237913949343,0.5522310638045607,0.001048109623483249
52129,-5.89459223874524,-5.0340301205416,2.873259891162114,0.9585557547573009,192.47507240734404,0.767072955228195,0.0010483160548706394
52130,-2.3872995734892655,-10.71848717655838,0.350636137589416,1.80565137456436,430.01816914898745,0.15413195730989493,0.001048352234317934
52131,-8.353005618642868,-8.899721207815254,3.027256551563542,2.712536391490331,466.0818460260961,0.7989640208966717,0.0010483599314509726
52132,-3.1381833539044477,-6.713544411178807,2.049599775914954,1.771332908270684,420.5386303161182,0.5375959666445747,0.0010487404318768967
52133,-6.754049958019151,-11.877735637098397,3.8113572849261272,0.9910055636485098,257.65542153318705,1.3944629045783081,0.001049041538288741
52134,-5.487947437210545,-7.53994145923925,0.03711449469133457,0.7317693036605513,215.30745436303476,0.5094256099825705,0.0010490677548830017
52135,-3.781251717479658,-7.895236744848565,0.04046364697517825,2.453136588799454,448.1167370362492,1.2754082307578871,0.0010490820177525054
52136,-9.180051725489438,-7.788016111329359,1.7306747140486032,1.04734501269576,273.68418216889324,1.509204804137119,0.0010491656046161969
52137,-7.7712197859754415,-9.487353961134527,3.7067383017886444,2.571719981024001,456.9417411077327,1.0236984079534608,0.0010491908060358299
52138,-2.2713758411275453,-8.7180696640759,1.3552567255399668,1.838439385177526,370.06892629445935,0.7381765118433643,0.0010493979539755015
52139,-9.48163817881383,-7.302362594861693,2.9372257383919758,1.1756429841794085,469.5088666392757,0.07986186215087532,0.0010495017033662543
52140,-7.691346857281098,-10.608120091435996,2.862808324301939,1.1310694532689538,291.17998788679574,0.6673846818237532,0.001049771793945516
52141,-9.347665088830507,-7.57885033057949,2.249000298310815,1.3043817934081166,468.5056451144956,0.6573209914048865,0.0010497738912038292
52142,-2.316144083379017,-8.827265678658598,0.978873486825929,1.088843569620483,259.97875402975865,0.957037450648305,0.001049981531089316
52143,-7.434223966657982,-12.990079288339631,2.835411698820557,1.7320311539146456,365.2627943496191,0.8480192051311422,0.0010499919451388254
52144,-3.628371664143655,-6.515606877331348,2.5528376827381076,0.9020674942486534,465.56117093422915,0.18638114164248076,0.001050212858510963
52145,-2.731765900897284,-7.261651732353754,3.4241481265522125,1.1745447142691008,238.38187568439986,0.5297639539226671,0.0010504461598504172
52146,-5.422437151002479,-11.286444026827967,4.129996944780754,0.5359120152851634,118.11519382902763,1.1537124604372657,0.0010505356233506242
52147,-6.6756254502266845,-11.55770641741347,3.9122408884540714,0.9008770317299136,468.1197152442393,0.37508186580836433,0.0010507061383195622
52148,-9.076471595376264,-5.44995203145604,4.806388654221852,1.317823406092783,470.50894109405397,0.049160039181503024,0.0010507564531883938
52149,-5.948199509898069,-11.61046554604626,4.0592417831094965,1.6853624801670555,468.3801580401891,0.43258478947836565,0.001050772443185074
52150,-7.9280720418508235,-9.768207881428543,2.9660400280336097,3.7087563535683485,546.7845512450714,0.8003156765291823,0.0010510940963458346
52151,-3.832146768449176,-6.89572918472327,1.4452942193002574,0.880893148305082,257.66313548248564,0.05876689420951475,0.0010512645344151644
52152,-5.627341124144821,-6.687244510555932,0.7367578192032914,1.176110846706334,299.74453750855486,1.63499703875907,0.0010513289523158015
52153,-7.867959450861461,-9.216138615617346,3.834064752470557,1.8059776195428718,467.82947673760356,0.5530462287993414,0.001051464472645477
52154,-5.6879309885972535,-5.642685763397239,3.551409671425493,1.844903466408525,469.01980285161557,0.6005757722866596,0.0010514997880393844
52155,-2.375654994061253,-8.942191000249718,2.557033386427432,1.0069967748881505,277.44216738805113,1.480945932228554,0.0010515395502612244
52156,-9.40554912582608,-7.465495347236688,2.7446705257828663,1.9059627377620938,468.1814722536862,0.46707810339905986,0.0010519255573752748
52157,-5.977817657222726,-12.23540337435284,3.9631466487215903,1.5872207135464171,365.88880301142336,0.6203514306597411,0.0010519501659445483
52158,-2.670921221216406,-12.938548350284641,4.979485592323077,0.9996580020487198,268.6744366083771,1.7704764704655274,0.0010520692123240018
52159,-6.793337145929441,-10.342426416688184,4.295953955027075,1.8828721254636207,470.16529798306556,0.19283912514923518,0.0010522124065392227
52160,-2.655309384365008,-7.774923178373798,4.241277220250758,1.1724191831753583,298.30839920320204,0.9941072007016407,0.0010525209950919792
52161,-4.021354356483658,-6.48535316299672,4.023207590350771,1.094426891496637,351.70750567161315,0.2708233741907806,0.0010525731390048833
52162,-5.344586079774421,-6.193612154075094,4.31002183940888,1.77586775299734,432.9467369585255,0.5577814529200786,0.0010527200607664503
52163,-3.2284082115741244,-11.823129832964424,3.9922619614527077,2.3951463937968867,444.40891111554396,1.4191154374315618,0.0010531296294577213
52164,-5.342288942974845,-7.328677797296081,0.2990396888174348,1.9112752357300613,469.06917896182415,0.6360892298578804,0.0010531990421271814
52165,-3.8076936536988786,-10.877228422895534,4.210576912414385,1.0856308795172656,281.324475608743,1.5541777806146007,0.0010533887924868662
52166,-4.0676482689018165,-11.86697023996541,3.9602973059537,1.630035385197329,173.46600050846376,0.2590356208124893,0.0010534836311746941
52167,-3.8175797591555156,-7.2454218059468944,0.7638301556413922,0.6874022443540864,148.21620104161894,0.14390023169632382,0.0010536239573603046
52168,-4.855349926940549,-6.308056289745221,2.635788368329791,1.5246150026793222,342.68719117849696,0.3927144204647446,0.001053640773268273
52169,-4.574084300336827,-7.728545740593448,0.1416107815954598,1.4292230466733546,468.03577843322955,0.17316829403360767,0.0010537102897438576
52170,-9.30900206392091,-5.945088270735133,1.3265883622748698,1.3684353568769527,468.0680470483461,0.7127810488655015,0.001053731317785619
52171,-7.284431551131136,-12.24448638518831,3.2060417981482665,0.5820845919220574,154.6387141713404,0.5225067628433555,0.0010537586792384028
52172,-9.105260548084443,-5.683211543900134,4.76582124994952,4.550292391447095,595.3103217647323,0.5294764252431063,0.0010542557149377271
52173,-6.850403155767802,-10.693966553492778,4.079735141904344,1.8366840416662609,440.28381887206086,0.48624307173750925,0.0010545831229603882
52174,-4.9321685442314065,-6.578153079705576,5.082747002895846,1.849337885156652,468.1076564386288,0.7351466675808842,0.0010547144706911872
52175,-3.58643486380502,-10.706747192078893,4.272771214006663,1.8985867858134153,457.9557056906249,0.4827093524736057,0.0010547674418186024
52176,-6.3854145694859135,-5.456985878329423,0.2344298978371653,1.4623520675142676,331.80071103946165,0.18576985020068015,0.001054839656951295
52177,-5.204921103545546,-11.2210925063012,4.138090610512517,1.8747663565263835,449.8614217890962,0.526105805471266,0.0010550341644908492
52178,-6.79962255939118,-12.882454570606601,3.675544508549709,1.8115178783563415,469.248652745211,0.630329552690073,0.0010553571101531206
52179,-4.033877191864093,-12.548397697711966,3.8711837637871387,1.8744184366591827,468.2338685910118,0.22183102508574581,0.0010558030123418746
52180,-4.391639267469082,-12.702530403714947,3.8699503866493723,1.72537236752764,468.004495217809,0.5459915233250561,0.0010558053313578736
52181,-9.190962576764257,-7.416725261225292,3.7550903776969906,0.8514246311051509,165.4657219374976,0.052286638895385984,0.0010560050415970683
52182,-7.611451318809511,-12.460561947072193,2.3232869239346194,0.8723607861975803,181.92788915797942,0.6006524524392303,0.0010560196673386367
52183,-7.036266225505344,-12.768528508126733,3.4827536019376906,1.093713227423927,283.16341641301045,1.7196879256455473,0.0010560577363714053
52184,-7.240584740973414,-8.607397163383727,0.05447689573240401,1.3554983725632266,323.27736265909346,0.7083413607360347,0.0010560780627414542
52185,-7.142372070712015,-12.794300267906303,3.35708833924896,0.8478671398617004,467.7903249346092,0.34985908518869646,0.0010561062076498483
52186,-5.14695089656157,-6.303244213561832,4.346216780713844,0.8923626608091537,246.1588471869818,1.1855177344571723,0.001056132197769793
52187,-4.774321780252345,-10.982412381099799,4.190249908131744,1.7482613772768927,467.8120843767832,0.6116192859435978,0.0010562137232227465
52188,-6.335090502561679,-9.500296495836578,5.12366317753775,0.9970160151789362,200.87113213151238,0.5434226996118587,0.0010563470854364169
52189,-5.140295279615919,-12.806135057803859,3.889441858929909,1.966391241838445,233.54622908440993,0.4056670614934976,0.00105671756711721
52190,-3.8211308942200883,-6.494158684054176,2.932777701245648,0.7765737268313074,154.45459171040002,0.15463828082015052,0.0010570524389046493
52191,-5.983945108595822,-5.197464248723819,1.8519912448119715,1.0856820443955226,467.8744677243185,0.048256798544301205,0.0010570942648219458
52192,-3.804209983461403,-7.691451110674514,0.2570987446174709,1.0683786590896114,276.8685681156403,1.5042201410520386,0.0010573398061222267
52193,-6.832324233274939,-12.431280639655377,3.687224514752494,1.591809362497453,366.303407220889,0.03639807339446843,0.0010573623574447134
52194,-5.871697811485586,-5.478612215941254,3.9450942559947695,1.6678303565791435,368.7518705989903,0.8089301527768447,0.0010575298937247925
52195,-8.613584092256426,-8.754022427377102,2.1792996464340604,0.9577113573687225,468.1013010425035,0.7314881135018814,0.0010577096780597125
52196,-4.51843273204874,-12.795539048829445,3.864140139946733,2.3415038453446724,299.8925793263998,0.0551214880832287,0.001057826313837883
52197,-7.860190242592026,-10.65220123048065,2.1200151752976724,0.8177603842315546,160.86744264230828,0.138084650218401,0.0010578276665942031
52198,-4.908663197464447,-6.314721257276224,2.4139073516276324,1.3096700606939213,280.174627750838,0.2850651840782694,0.0010581971389160474
52199,-5.961757288279521,-6.686012210975058,0.4301569350738245,1.6763094233199398,364.3031274102101,1.4718593236095332,0.0010587362648767451
52200,-5.841972464806743,-5.163180088326697,3.12020733542703,1.0391267517208937,279.4353054440206,1.3854065773671627,0.0010588487897563387
52201,-4.656580277186821,-12.757591548524505,3.873585741126191,1.0601114880575775,181.14707865318138,0.029929197773030047,0.0010589876267995903
52202,-5.98109859724198,-6.171776577527949,0.7639715524400392,1.235425989805166,468.4381889501825,0.40820822141121216,0.0010590187926860486
52203,-6.2591451875942905,-12.585707241944622,3.900044820434992,0.6536266139121083,467.77915223836783,0.44287758997528837,0.0010592462134645718
52204,-9.228078955274652,-6.9456791552823445,1.2017372452101438,1.373328527551846,297.6746137264847,0.5169623916685895,0.0010592920324082353
52205,-4.069710148948671,-7.717457328090776,0.2084774739279808,0.8604128335305026,467.66663551977337,0.34147860512689565,0.001059515769466017
52206,-9.599871999661394,-5.131215010393654,3.6506485517981666,2.0327694876793543,164.78428359099837,0.3287879628652908,0.001059559676261427
52207,-5.7337933604877165,-12.525249251851776,3.933715969298386,0.9516673162289082,186.85186104991857,0.1036825575345226,0.001059689178226772
52208,-2.442599933643854,-9.734525845044846,4.213424499792931,0.785155665823109,157.46596996413072,0.12077515093741376,0.0010597763005367336
52209,-7.26358874501712,-9.399716826862239,0.11506416652431277,1.7916511936811994,468.1763807331263,0.3824159985022799,0.0010598293152397533
52210,-7.604004358565403,-8.786434981250233,4.876062514510738,1.1144834578882055,291.1731797971828,1.0838507676675961,0.0010598617059738964
52211,-3.2536039971712256,-12.094086139838337,3.9343847335728017,9.281927584968326,542.2314275215987,0.04581171254668437,0.0010599067404119197
52212,-5.903029604362481,-12.755496264925876,3.9153583118937587,3.026718760739535,495.6876357613273,0.8990914763049256,0.001059912007712407
52213,-7.337732398156778,-10.968812094127928,0.243081898314261,1.1085402958058286,466.19065839732673,0.35790615317524743,0.0010603247652982012
52214,-6.034493657154323,-11.798625805664265,4.017556474194491,0.9688281226681587,265.8092743687708,1.7469121270604084,0.001060512039667879
52215,-4.806910084475269,-6.36762792216501,4.081419478930354,1.2474328503050633,139.15251914366277,0.37704404088806864,0.001060706886473247
52216,-3.4725602217749207,-10.108967771342655,4.596402533343034,2.337238893739854,440.55964480635436,1.8376118706105862,0.0010611640568089884
52217,-3.079362539706861,-8.096772725416958,0.03394665724390361,1.8041851965188755,468.1285566940137,0.49879715495135546,0.0010611734531240128
52218,-4.395556691547478,-6.922555057577903,1.2632873956729413,1.6292393266319247,378.00576392739555,0.8935164788424297,0.0010612718852844934
52219,-3.786220158671231,-6.46446611548817,2.960280914929242,0.7052749444804798,208.83572653478333,0.34710636938005557,0.0010612898649008276
52220,-6.13312057428301,-6.8702380135384296,0.035269927987439054,1.821621703044048,453.628702423782,0.33258185095914605,0.0010613326924742018
52221,-5.467682135064391,-12.35316802832505,3.9404352997489798,0.7812896866717013,166.05882576776392,0.018644203357323974,0.0010613967100810515
52222,-4.363643992723407,-6.869639098499966,1.4484186934751788,0.7131804583132867,467.19832656448943,0.45358463343583555,0.001061464894631962
52223,-2.043451947860894,-10.738019806102699,1.0946228640162763,1.8917660924982005,458.00529583124074,0.4060461263079347,0.0010616072401643322
52224,-2.00925188257452,-12.104870044208793,1.2779221351002754,0.6293889430305375,172.3838052548347,0.09058848945243358,0.0010616237860930555
52225,-5.866697944871943,-5.470998679511593,3.9129113168842755,1.5444646463533014,467.7146868846372,0.05758976042340347,0.0010616812033773862
52226,-2.395310256732591,-8.316874969192103,1.139296134395469,2.435244030518927,208.68238048745707,0.25418087744122975,0.00106171962423616
52227,-5.774037250460127,-9.741238498810931,4.947655769530099,1.8651740113054616,467.7723034184489,0.2558701168094908,0.001061860718432814
52228,-5.677866574515426,-6.376278154459293,0.9836633064472904,0.8501467274792642,470.1149273274878,0.18961274035589426,0.0010618659264329817
52229,-7.975839100162991,-8.786098401385896,4.209292151924553,1.0673946222430224,284.7729136529435,1.0111939888220647,0.0010618771158137134
52230,-9.399867419341954,-6.405391332174933,4.150223226102438,1.6294696187931332,359.1609790685379,1.6754790759857103,0.0010621618425000986
52231,-8.460493940650359,-7.925524693307321,4.5710522196690615,0.6780796932187363,143.22175219705258,0.11216527020384959,0.0010632128193652061
52232,-4.223351912443498,-9.954860174910898,4.72038435326647,1.7039020112848184,468.8196872626338,0.8685912672749954,0.0010633905441601258
52233,-4.844651592594136,-12.37869703128045,3.912162199564218,1.765248104536879,467.5948660089374,0.31377927818307594,0.0010635076057826168
52234,-3.9336142572874344,-6.90407190223861,1.4557235395595054,1.9353426564813816,353.10665353256854,0.24651463375310723,0.0010635812637926469
52235,-9.420896124084969,-7.449536180087002,2.4682961282325877,1.3982384278745266,306.9620565388508,0.02766280332923099,0.0010635923739581454
52236,-3.21411423925161,-7.071660475813648,1.0749754274125443,1.2901444893066862,272.39353380471977,0.22700488245613837,0.00106365926473024
52237,-3.8322084781800623,-10.569742752867088,4.335439335396211,1.7967991088406476,467.6903948555561,0.6193856871836854,0.0010640406604163725
52238,-4.773686137169481,-6.33039464558436,3.66573278830296,0.8702921750387581,468.0687520308429,0.7131530500493382,0.0010642235891831866
52239,-5.719327873596582,-10.410284613511303,4.480945159309167,1.1960443439283048,287.99639329365823,0.44455286424130236,0.001064236428222064
52240,-8.04202688207477,-9.79632829655804,2.496119804089977,1.801596041388572,429.2334869929201,0.3611255339582966,0.0010643123148996794
52241,-7.64664453195488,-12.299522295419285,1.6203815435405222,1.229797476321349,311.4714247946417,0.5534764729405763,0.0010643663463452886
52242,-4.198739997208874,-6.695885956900992,1.8885702994976201,1.3539700788897773,329.71131862703817,0.36179075923535997,0.0010645047824667704
52243,-2.450116408321459,-8.491480769357924,0.7255062846744231,1.1961679463821806,468.8292187842248,0.465750134998836,0.0010648642907197048
52244,-6.027561537250525,-5.774334816657126,0.9585440343152751,0.9329650424901975,466.072579243969,0.9169305473788514,0.0010649950236027686
52245,-5.141699600983956,-10.760343534446033,4.291385730375445,1.354840533737708,324.0117466437575,0.2641484979538342,0.0010650321679246623
52246,-5.566549157753661,-5.803791632457027,3.4500696983177797,1.7607733978201368,467.8746274403774,0.47944388562101903,0.0010651109435190207
52247,-7.273291993085864,-12.981805319423758,3.145530251229788,1.1493680814612939,468.277804416496,0.43453386525294313,0.0010652615552980268
52248,-4.302927123949278,-9.588025067668536,5.024867719575832,1.0427732722306235,283.5614081382612,1.2273121115658485,0.0010655263708016156
52249,-4.763075096132444,-12.066168346676967,3.9443577825015197,1.8307909367848414,436.24335481009683,0.42284060154935066,0.00106600250662043
52250,-7.710398900649196,-12.854388554605997,0.876726152048508,1.7969590262967883,427.7256146748427,0.34213380785165004,0.001066036449797478
52251,-7.867255940630226,-9.441894528814641,3.5368158077364003,1.6779347678435097,394.2985512121398,0.35473795538653885,0.0010662097115956607
52252,-9.683860555032915,-5.802643111872989,2.184630092429991,1.0297274824475897,264.3001439756812,1.654811530975338,0.0010662791579165022
52253,-5.562307941805517,-12.052251243364797,3.979267047106243,4.162405530510091,565.0480284806576,0.300385497444279,0.0010663630385004134
52254,-8.994819823923986,-7.275614729343595,4.400241239636994,1.1282617309258502,467.6747189298306,0.46136793032575785,0.0010665903816148852
52255,-5.906797914856785,-5.018079709262326,2.629285628623034,1.3730059714412945,321.78251228650436,0.20790079778503756,0.001066682585041878
52256,-7.508020862845649,-10.551406155786893,3.326386292704462,0.7517253013669368,164.83020206365154,0.08106600007758935,0.0010668976423401733
52257,-7.056788820321557,-9.84614131199758,4.425356807180801,0.7810134936071167,218.14274986077967,1.038163188368336,0.001066965755259742
52258,-4.5697962352746995,-7.471276207380781,0.41032264965601734,2.357934682989225,440.7659642507358,1.4940678273694976,0.0010671535164460935
52259,-6.243444556974131,-11.023688600038689,4.184062969234359,0.820359086185006,130.42129262655962,0.35527128897211924,0.0010671712839673759
52260,-2.699048990352794,-12.176042357527441,4.969723450572376,0.8504762086951935,244.58785834563494,0.339986235801617,0.0010674894293876082
52261,-3.815136723197467,-11.862313192170896,3.948515296262548,1.0837213012408065,198.03687865686638,0.4536172981675639,0.0010675050842228189
52262,-6.621906403608184,-11.977875427867136,3.8566784415665003,0.8030970377078749,449.3350722402882,0.5247996849445569,0.0010676158706737398
52263,-8.793415773685151,-8.239978901904424,3.054473661400373,1.819326342185558,434.41038243349163,0.05717151627627448,0.0010679073459716486
52264,-4.167904826430004,-6.627835296656771,2.070048398715959,2.836823489703546,399.98109760137027,0.09941896748181289,0.0010684160251733725
52265,-6.596742396821001,-12.150203874626357,3.845315289701803,0.6875212992465392,152.32187588941665,1.0493874726380836,0.0010685527279508103
52266,-8.377111110623076,-8.730850423546254,3.2908605726056925,1.6357319042248206,382.5056123032517,0.4044978686808358,0.0010687536837083642
52267,-2.9260726071363807,-7.066728373377227,4.615251128847293,1.450143367061005,329.02265905784503,0.012929967469993642,0.001068807504616182
52268,-8.45931336369739,-8.84837536496412,0.583474806199934,1.6460190948627968,467.9674996397741,0.09756258742833612,0.0010690284892191351
52269,-7.655346192687869,-10.72069900674375,2.876809053201402,1.232978338615723,310.0308762312484,0.5247747854101306,0.001069146432859524
52270,-9.351386609243429,-6.145442899554986,4.279997059175284,2.2339094392511676,431.3950230585763,2.165383689160887,0.0010695783996046385
52271,-7.611641800035001,-11.616149410997734,2.5646578803812528,0.9463831580572627,470.2320983692391,0.15395469639243942,0.0010695980281845922
52272,-8.321259455561227,-8.395279864248089,4.082763847647576,2.693472446338826,456.8883546062725,0.5268028462203214,0.00106966424096436
52273,-3.3995609148529606,-11.58327979950559,3.9932117441635433,1.4304443369693427,324.17990797956367,0.2619179766338666,0.0010696654663012077
52274,-7.195850226139585,-12.022259067101048,3.3638651161915165,1.195968166453802,302.95457160686857,0.4097387220720412,0.0010697371744233589
52275,-4.857024870944215,-6.836805987455852,1.1969554256002617,0.8386978171217024,210.41540219419866,0.5448551977246447,0.0010700129619804215
52276,-3.613114808053072,-11.158574557099197,4.1005209955724915,2.4032524653600915,449.03253743687685,2.5009977176435685,0.0010705200030138198
52277,-3.61293077160595,-12.902281731967717,3.8334992120187223,1.7674311115988943,467.912545528356,0.30411984824106497,0.0010705535603792657
52278,-5.855666658005262,-5.419431748609258,2.0883820321541426,1.1063200401560378,220.99567764855632,0.8846216219552359,0.0010705998726103208
52279,-4.546573993620392,-10.90329755121899,4.206908544711928,0.7200170862770569,185.56815706657414,0.768303517134532,0.0010708328959374426
52280,-6.301199785091004,-6.270583056782806,0.16283674454144978,1.20548993460351,467.14520996930554,0.258011420230134,0.0010708582257800232
52281,-5.126214661272902,-7.0318815320419965,0.738077320445594,1.247503325647371,313.882117883651,0.27842191201189603,0.0010708978322695772
52282,-2.6596093268355165,-8.059703921256153,4.988820031663875,1.656580346230336,359.5445848937273,0.4115379060243356,0.0010709142383333332
52283,-7.04024568742862,-12.236744098623085,3.5208119462980596,0.7443924188520524,172.5166894841801,0.7895142309415331,0.0010710559503617975
52284,-2.169764737418994,-9.08628755472012,1.2625096108779637,1.1073672710632665,285.9814084935881,1.171832036161903,0.0010711039441576309
52285,-9.627737568122889,-6.86441457634563,3.1943379871997672,1.2234903623661482,259.0464921122453,0.05548084254948282,0.0010711194241500117
52286,-3.681660306284158,-6.97467707913407,1.2638987732693125,1.8867701997116864,467.1542473873432,0.4148609976577893,0.0010715564337176143
52287,-5.907834551577825,-5.121942619554911,2.4610983641125586,0.8620980781587837,462.5399844293312,0.7412862764446455,0.001071679644396588
52288,-2.7497099549883934,-7.337613697755027,3.947816277824628,1.536642092993988,332.9244514963797,0.8399488708790948,0.001071893518512625
52289,-3.4526216581853078,-7.740123724399687,0.21246396421679345,1.112916497999501,252.58511081943507,0.0736378710515968,0.001072045067930949
52290,-4.91326442497956,-6.278836322079286,2.6640686765877506,0.9190757350655107,211.71652378639678,0.4117760390965284,0.0010720677348882968
52291,-8.757671699400175,-7.950574776679928,3.8460382872338963,1.328075377009551,299.45579237122115,0.6672651528487998,0.0010721532776621495
52292,-3.1124628791590983,-6.69171948680865,4.163274943413295,1.7365632894545453,467.84365491183553,0.625942549837764,0.0010725329257387749
52293,-5.236314536347144,-9.578486721480028,5.067446987956222,1.0958961124544155,468.05642810801066,0.845215798975417,0.001072748815108945
52294,-6.318956842885781,-5.451988905358363,0.4289851545359462,1.4897694247742288,338.4601487308749,0.21041714091772334,0.001073279411963511
52295,-7.547907138484462,-9.499694136956146,0.22481731265326949,1.8612981281889494,467.8332443366569,0.07985346842172536,0.001073606439598553
52296,-4.934035372174027,-11.972104632541509,3.9622971132730567,3.444856610898399,527.1131642088451,0.7779061645692469,0.0010737328766894524
52297,-4.770681318530667,-12.844625752555478,3.8626534684807186,1.2811596631703273,316.0659581344285,1.038722287237836,0.0010742786943560984
52298,-5.1847538281973815,-12.958729506885403,3.8742639674013803,1.7516845623254838,468.14256504502293,0.24646028990072555,0.001074997682876911
52299,-2.649918054583617,-12.51415631062135,5.077950097592765,1.0457454587088224,282.0250251794766,1.9218830245517449,0.0010750183434477176
52300,-4.8643959786412685,-11.390722096685764,4.068052411321587,1.3444335758112749,468.4817600934248,0.6376455363964677,0.001075047765492013
52301,-6.018502574493246,-5.574591764882238,1.267568087242014,1.0773677803811865,280.9060038360727,1.593746836194101,0.0010750661624210375
52302,-2.981871528361201,-6.965221470778129,1.5090864528073165,1.2027317391360037,304.9575382928677,0.3011784435007492,0.0010753404769033952
52303,-3.624603041016411,-6.57718162335506,4.311091999887945,0.9065495325067073,159.0270378583023,0.14887983681324446,0.0010756961802471168
52304,-2.0498932212411667,-12.659143648273572,1.0155669364328441,0.922525399946357,239.27442559735434,1.005538347973057,0.0010760210177553735
52305,-6.730187892826862,-11.83555065979374,0.07671057158940874,1.6058274548130027,370.54228375003373,0.7361033773523493,0.0010764111958624183
52306,-5.743737629623889,-5.593470532659156,2.222618348840131,0.959544174816703,201.35551752820894,0.8864747002788294,0.0010765254884038747
52307,-3.9428264565663076,-12.820411852855642,3.8470677769750568,1.2088779977129371,296.2218826651663,0.18517534876072173,0.0010766263248988045
52308,-9.161437018695176,-6.334883136005708,4.647614512261304,1.1249023554117097,325.8749207342099,0.8531182419160874,0.0010768940978635173
52309,-3.6773112212480887,-7.198310008039686,0.8580458536016897,0.5597971485990588,162.8813173461556,0.11886525193283681,0.0010770648195670128
52310,-6.70040098315376,-10.127186295139184,4.474553893927351,2.909322239243861,492.9371413519793,1.8093363336836523,0.0010770654513436295
52311,-2.243302104160408,-11.251818383843876,1.8660262912075334,1.2890296729863444,304.19087139194147,0.7152193513291047,0.0010773840708537803
52312,-5.46492988105793,-7.175566928650596,0.4065999434564727,1.0280626624201643,468.6670156709267,0.5359740784221465,0.0010775744646200275
52313,-2.3725853375639687,-8.899994289469072,0.7489446605624632,1.0433655646749673,273.9602177536346,0.9142286702416138,0.0010777527082638017
52314,-5.382897332065932,-10.595418252888667,4.366693541789752,1.1371753653341181,298.2939993103057,1.7802595868924778,0.0010777699053167366
52315,-5.292436741463472,-6.040557669673665,2.877410016878082,1.77813007942405,422.02453785852816,0.17004130655068295,0.001077908261643205
52316,-9.319550209865893,-6.001804031009097,4.346679904309587,0.785162691815699,469.893472628,0.17234680777994615,0.0010784589430344756
52317,-6.341399644129995,-5.093846995580667,5.013027246400911,1.1367695404239015,295.7754197418209,0.6810439536793842,0.0010786571527082076
52318,-3.609915886745317,-7.1407861008734,0.9374755674525853,0.514524419295673,115.00728082995779,0.7433626685926482,0.001078684221788489
52319,-3.686135558334641,-6.490785235219584,3.5275933357501237,0.7888790760233351,214.22555777933002,0.2320151622079587,0.0010789672503425626
52320,-2.5716634077470832,-7.939154904815286,0.7080870783956149,1.0839665250495345,470.1469807228026,0.12442321390102062,0.0010789718294315343
52321,-5.5502550508182855,-6.020961108061596,4.154846096804658,0.8170609527582766,291.0804948374729,0.19589999376505585,0.001079039386808983
52322,-3.8007222422209512,-7.702641732860336,0.2523059412880064,1.2011833544495463,363.18956168021396,0.3295433307337374,0.0010790618042189894
52323,-8.522196032455959,-8.87844805811994,2.2727910211053284,1.8103607919618248,468.57650835427313,0.540565568874654,0.0010790735522541721
52324,-4.412272523783209,-7.846831919346614,0.07862438121472749,1.7401904893720863,467.2573960255908,0.08318350596926916,0.0010790980025719061
52325,-8.068700285984105,-10.042434341310482,1.7486743802908096,1.7321489083591537,408.8334255029349,0.44135652216736876,0.001079253580734503
52326,-9.66197900831231,-6.223623487031324,3.481227601389599,1.8828724211109946,468.74266389397525,0.5738234835684102,0.0010794050294219602
52327,-9.243027898593704,-7.016700444640091,4.145415771673402,1.105807044229341,468.0140101005889,0.3879355241401159,0.0010794724778696303
52328,-9.698753381272478,-6.678012296491829,3.0183705979744246,1.2850578772279353,296.00995431718275,0.1470036785434763,0.0010796199547928244
52329,-3.952802364151431,-6.495855181624737,3.952118159391812,0.6636967970684853,194.01580436895836,0.3341081829380128,0.0010797288567611382
52330,-9.679670199520448,-5.491310485242715,3.4106216260035875,1.1279622226400523,466.228471793935,0.08814207332805246,0.0010799615078760964
52331,-5.232332513571895,-6.999322375979953,0.7151738141386893,1.41390000876741,325.4873256890124,1.303235894125442,0.0010808519532709512
52332,-4.608646060036107,-11.46560915397079,4.041931796190457,1.0436819705175966,277.7892299335077,1.6851558241684979,0.0010809716536519039
52333,-7.194282606023449,-9.516567813037733,4.5724292956076225,1.624945049422146,341.7777596027713,0.5040412230579419,0.0010812399048690986
52334,-6.321248316782192,-5.262471603108889,5.106940801186804,1.205108040447258,249.41351767465738,0.3645963726260275,0.001081287489576489
52335,-4.8131691175494264,-12.886646979287192,3.8586040416622147,1.6074641474693179,378.168177615534,0.3013004730064939,0.0010813334109754324
52336,-5.603654043696559,-5.747024922576041,2.4265674467968066,1.1790049387857668,467.0458516555608,0.4039002296785119,0.001081394310784607
52337,-2.9632885917136704,-6.965500053670688,1.7494440941981906,0.6861407548502927,143.49297619501087,0.009308410327903083,0.0010814494939508728
52338,-4.898419962493127,-6.289115901116162,3.673965008413255,1.6931390072442964,468.72282560614474,0.46861991568922257,0.0010815604079717467
52339,-5.457523761177779,-6.077814191462945,3.9833520313868584,1.1295579459233291,294.56680865976256,0.8064080219243985,0.0010819883418371765
52340,-4.056859337871317,-10.92646692966976,4.184873096325109,1.477089300659771,336.7486699408837,1.3560057682693154,0.0010820603896607003
52341,-5.09006719538077,-6.294658289573686,2.436612658441128,0.9229757669254836,255.74849710828602,1.5968031945971317,0.0010821670397520875
52342,-2.9619172427540015,-6.936812824651096,1.683749599971297,1.7046303046446416,402.7834663798957,0.34433106396930935,0.001082509019223287
52343,-5.293568446737801,-6.098421355606764,2.823108828840419,0.9379940043142981,197.75442985514653,0.7365255172890333,0.001082580969342923
52344,-5.508659020383719,-5.924001096216023,3.6305486762447607,1.7908107475189776,425.6034840206262,0.15381953914307278,0.001082723482341665
52345,-2.2328536971314517,-11.636325951442675,0.6249291518351457,1.3824950879652795,180.87215145735735,0.16527547849169633,0.0010827288784655293
52346,-6.230703047884978,-5.532216783223583,0.5954094037691353,0.6846620926969729,193.7894835516671,1.1709352163422748,0.0010831501057219813
52347,-9.242335747769104,-7.505045793657755,1.625146468259693,1.266184753509327,304.6706215340548,0.18493736585639997,0.0010832774742174825
52348,-5.8684353279794985,-12.180193996459868,3.9586707568560136,1.0167993615584776,270.2722088407688,0.8604055788976526,0.001083521750865905
52349,-5.3533508224289825,-6.41756882161349,5.019114468887951,0.9362807995267264,469.840554961578,0.12071866571110146,0.0010836085840475107
52350,-7.334752152997883,-11.135985716572797,3.3606837245785046,2.372446058149722,438.97275283002426,1.0938064374928027,0.0010836106963801656
52351,-4.583447271185865,-11.195249306507614,4.110035058031671,1.0547566761704448,467.011950495074,0.6043479471078017,0.0010837473052406254
52352,-9.657081642271098,-6.467105615857531,2.2113398381227327,1.9949204547136734,401.62202536065945,1.4740910824674662,0.0010843775362091976
52353,-2.273963547654196,-11.25992792646277,2.1542666237322723,1.591282771385251,426.11380047670616,0.9365206111682385,0.001084727108641999
52354,-5.385729104046947,-12.0183396967381,3.9676542410639084,1.2090827364867525,249.90711993605092,0.6125297456194092,0.001084737928106656
52355,-9.52005457810856,-7.136127235000024,3.169250083737807,2.0681809632344876,205.32874583975348,0.2156338794916577,0.0010847593390633245
52356,-4.42845554441083,-11.81777344553886,3.9618639442289725,1.0040845052388248,254.6781114901446,1.0714996805476256,0.0010847678703732279
52357,-9.605915872475313,-6.029956004759129,3.669777577113924,1.614805041669624,470.44148973505634,0.22096924166832554,0.0010848498882520448
52358,-7.381306457779108,-9.407453276620954,4.44888196797525,0.6019473808907584,164.89686778419653,0.9503850879185096,0.0010849393779196598
52359,-5.926659150637263,-11.858468986263837,4.002148166212231,0.5989772999168044,124.9402283800278,0.0418563712419715,0.0010851124163341068
52360,-2.337134246024256,-11.28339692785825,2.9565629308334107,4.687735072609721,303.30285680085484,0.2570455472743589,0.0010854462655491746
52361,-5.163189823347814,-10.7896220630826,4.271767133963117,1.0863310797391772,283.75446810980424,0.7951818381254139,0.0010854901243725055
52362,-5.909513355280644,-6.102153000843603,0.9174032188258231,1.2718672649898255,313.16819382048453,0.903385445393698,0.0010854986579986665
52363,-7.333786213028836,-9.51626153117414,4.401593571697792,1.1198064380611892,288.4947134600508,1.3942068018844829,0.0010855376446851257
52364,-5.352690296202708,-11.79180216745754,4.0008385487716245,0.6425670167271333,197.94966559513298,0.8271633739247273,0.001085728670709657
52365,-6.3391569899408395,-10.177446656363575,4.566408534654458,1.735828656577612,411.7394372012275,0.5745045726613789,0.0010861577603236646
52366,-4.359924081917315,-12.672439027567984,3.8610484434930967,0.8569579694226647,469.9594070853337,0.12879670928405584,0.0010863445569417208
52367,-7.9594288485486135,-10.703091876198567,0.6461434977080358,1.9623471865268876,396.8604518097275,1.3746187441979236,0.0010863788582370993
52368,-2.4548733674723175,-8.267270492268016,1.7634936085029898,1.2733753486396926,279.6258157857265,0.7419990365820732,0.001087149706907092
52369,-2.236064272238666,-9.045443535572403,1.1489989165461378,1.062033040160175,467.93486935171916,0.7686412890236136,0.0010876326790549822
52370,-7.449513899398774,-10.15761752510397,3.680002284893661,1.1076857168781,467.524871159816,0.7672919222020775,0.0010880057898697247
52371,-4.168272371359723,-9.51455821220167,5.075330743200749,1.6438163104693249,360.71596673389325,1.676346494352484,0.0010881058327025788
52372,-4.33552161359048,-10.478855629169376,4.38126814493713,0.853109309425634,213.57978633715427,1.1290165383002186,0.00108835421503357
52373,-4.86487512101752,-6.942189346175919,0.98847641424002,1.3917613737156496,326.5896809605033,1.4350652812315596,0.0010885824299967056
52374,-4.985480397967351,-10.041362634639862,4.674405922188957,0.6145740617758617,193.6854098269535,0.575894536742962,0.0010885894194210155
52375,-3.0110252579012435,-6.951199385119323,1.513275672052399,0.8256123823966299,161.75666953744445,0.38669078220900577,0.0010886144898789249
52376,-5.8738139812374826,-7.266740267100244,0.08566881695616725,1.4312400567736658,468.71953435855085,0.18515536344057004,0.0010886932826661376
52377,-6.459497817833032,-5.3283147833557845,0.17122629524993155,3.488213891169149,534.1408744283852,1.0488601322845366,0.0010895372013270243
52378,-2.540527833519781,-8.156222503938977,3.613246940703938,1.2975464773970333,467.58354340701055,0.45339204351910123,0.001089552851957088
52379,-3.7573868639933874,-11.362420945472119,4.037839783306921,0.763493615956381,222.3904214982828,0.2934641494376553,0.0010897195415597101
52380,-8.010337581412855,-9.944411117244755,2.3731802915560416,1.5680623076579951,369.69203773554005,0.5347481731173858,0.0010899399414268753
52381,-2.915399981907827,-7.9701361689111145,0.2624663575063695,1.2202741574488778,311.4559247062125,0.500327413173455,0.0010905615566030866
52382,-9.298069879596909,-6.7850530160067315,1.4532539077889652,0.8769028937928911,218.00990056516778,1.1459848654375921,0.001090719563743641
52383,-5.732966857202799,-6.187125659514333,1.4066006971063671,0.6293598660479369,182.3276930795329,0.9252004441994215,0.0010909309699014083
52384,-6.053416707860203,-5.101758670326606,4.115972885170194,0.7851209886422938,202.2942292263259,1.0367577724084542,0.0010909404417434561
52385,-7.2543342278602685,-12.689693190819014,3.186668780633403,0.9122574484440678,191.37816045308293,1.1671662692765787,0.0010913053129585613
52386,-9.729361398519705,-5.22972717965146,3.123782371518818,1.1800130446576076,242.6546620475087,0.9487891005495355,0.001091436317526617
52387,-5.89118863603623,-7.122785087023129,0.1516753058800135,1.2108430430250858,250.01386202055292,0.9316174779713693,0.0010914843797713806
52388,-2.191372974953981,-9.505978130266474,1.0610408486199843,1.0069811504827255,275.732444105877,1.469515324029003,0.0010915073825584238
52389,-7.776052922636579,-9.654250522100405,3.486698517354075,1.153578191061656,291.8876152578599,0.8634156062900145,0.0010915395462060492
52390,-5.5287597671907935,-6.736344176620562,0.8219847781402626,0.6853473203446387,202.0152257291077,0.7707632288745048,0.0010917977474696838
52391,-3.713245784992905,-6.657504046364855,2.0749098730479414,3.189519000586106,496.4787669331517,0.4450134541560766,0.0010918163178042747
52392,-3.4330673673462444,-7.661012108217294,0.3014399824994259,0.970444463271919,199.9169560868295,0.033882175605341125,0.0010919221083701418
52393,-4.593800766994148,-6.359281684593903,3.0627257508017838,1.0421360185806772,268.14703084352743,1.3852458684956455,0.001092014809768278
52394,-3.438598469125256,-11.569842405177914,3.986826742907445,0.7919057704688041,157.3144738535152,0.06319121409055306,0.0010923775766313911
52395,-5.674103677198696,-5.655319952516002,2.688136320125655,0.8435735963494516,228.93730499080522,0.5784185821542733,0.0010932431156215332
52396,-5.506744531652431,-6.3415997188756705,5.016668382928997,1.8482862954468497,443.9966946306575,0.7396057823763416,0.0010934384046240937
52397,-4.408817243827887,-6.465567604603899,4.074171925491088,0.49410770749690647,113.5750037483139,0.46895473771383056,0.001093511060904698
52398,-3.80819564510859,-11.325488080291596,4.051719024596295,0.9699303230264976,245.3136602238275,1.3541269838289542,0.0010935297714315755
52399,-2.588729459929226,-7.577269565531122,1.2425627155356436,0.7998373037397808,230.76996450899992,0.16651113596235323,0.001093650324573358
52400,-2.542292037985016,-8.526371703422715,4.363907812346221,0.8714601599525534,247.10743759954937,0.9138863641546022,0.0010936950255596757
52401,-3.9763742874442816,-11.858018016047758,3.9380436798124347,0.7508133217391557,468.14800595362516,0.24538772914692597,0.0010938464869823148
52402,-3.84864299184812,-7.79101330857576,0.16145056198346538,1.2020358250695595,247.38115962177292,0.6581043413328498,0.0010939491700814512
52403,-3.622108638348381,-11.090739677340231,4.11144415265823,1.8040231990502749,430.4308781489499,0.23861358775547092,0.0010942959570235961
52404,-4.453574886680399,-7.001319846407581,1.0515945777269824,0.8421970613448212,171.44345475363406,0.12110136807411909,0.0010945424682342372
52405,-2.2723793028553976,-10.870876104155341,2.070145658296824,0.90181389425236,223.45800401884622,1.2889718397143595,0.0010945515646963717
52406,-6.045696877579356,-5.099503699962919,1.7907903799811076,1.0417427473642742,282.1431880244246,1.3141116215257247,0.001094973003925086
52407,-5.999134585773169,-5.238994925165713,1.8485978523971898,1.273743999667515,272.13939226802984,0.5979507860955504,0.0010949940113519924
52408,-7.420801026516333,-10.667959251036804,3.411094829243885,1.1770924158929599,299.7385153076686,0.7417626934943922,0.0010950633643668044
52409,-2.150987122147958,-9.457847032567228,1.363705237130993,0.6450951662961986,171.14771998476516,0.7692150708195085,0.0010951858949137647
52410,-3.2508854862144503,-6.7691917121778955,1.8645818373910064,1.3802832069624338,314.02896031131036,0.8223302124389376,0.001095276730287355
52411,-5.013694842048528,-7.304053723494755,0.4891095207088131,1.4819110112115457,470.52785902183655,0.048086195613749716,0.0010953589065031434
52412,-7.966319259519489,-8.742892063426268,4.2801671040222224,0.8817582014543736,146.5307121191388,0.19269101418835444,0.0010954033771644507
52413,-3.655497289075873,-7.759191280085839,0.20038778998266246,2.4866814378719075,455.76367689914827,2.0447055924176905,0.0010958393675958907
52414,-6.831114857603865,-9.271240310610805,5.134220282831285,1.0855956196730194,468.1090407085135,0.7357902516948984,0.0010959485994348277
52415,-3.7557916619622294,-7.204055615459735,0.8443587182664501,1.7739725777526167,418.8683603199854,0.013681746044464482,0.0010960085949924014
52416,-2.649205186502166,-7.384792633693038,1.1460330588241083,1.119996730785931,467.35654378274353,0.5552817573328257,0.0010960402372307831
52417,-9.22450603317452,-6.646751455313004,4.425680599082579,3.0472939446358938,504.33504555320155,1.7952095827942909,0.001096274900271917
52418,-5.844638160792178,-5.75967116728913,1.6468410664813113,0.8803515211751224,253.08096146292738,0.44634105901259513,0.0010963263065340352
52419,-9.657296547570667,-6.873598158283067,2.8655927996850474,1.5450355327567353,359.51191666047,0.7300719381343308,0.0010963372647619532
52420,-3.8564997386786715,-10.063616095179682,4.616951555665106,1.813341217973692,468.10095403104583,0.7925157354678003,0.001096471135499444
52421,-2.2687394842009656,-8.920419132517175,1.121002919467403,0.9016950979323674,461.46015974313843,0.665929689269082,0.0010966402653430154
52422,-5.327965465465926,-10.263271225430909,4.540348799984462,1.3045474012419533,291.8272250141814,0.8801773651458458,0.0010966525711184729
52423,-8.717009537292878,-8.59725387396185,2.0366084836762512,1.8219973014472453,468.50583794590506,0.24359156027750473,0.0010967807551715268
52424,-6.2609533412700635,-5.386587783317375,0.6098570891482393,1.782450758924709,468.15888327920624,0.36880206803704496,0.0010971126650089094
52425,-8.922308601857193,-6.726792702506207,4.976315360170015,1.1810890554857234,295.5231948623271,0.4632873989471724,0.0010972629451851653
52426,-9.139743199584245,-7.496557791417014,1.241053652607851,4.054805566029131,538.2127418172564,0.18214171501668108,0.0010973662061369617
52427,-9.748753281551972,-5.273357744594228,2.6400427685071137,0.5269233721997664,147.32976262059208,0.9363363292643134,0.0010974836370654488
52428,-4.078885888108658,-7.403522858579675,0.5642612170294126,1.0325316229259778,208.90886337287435,1.0247921318337037,0.0010975221196647415
52429,-5.769880417642924,-5.443187057072448,2.4674162787440426,0.7245807076143463,180.84776648746214,0.04168947488592423,0.0010977305699457554
52430,-7.727990193107778,-11.418170654686968,1.5859822450639538,0.9022380734630682,179.0306736554356,0.16623222062051823,0.001097887304607074
52431,-2.780289422098469,-12.761312959116285,4.652661530216246,1.0477275110239226,150.56088660712112,0.23643048658784327,0.0010979187208241257
52432,-5.448388404367244,-9.487012655821038,5.155715360149593,0.8046470515591091,185.45766220857806,0.36712440614528763,0.0010982055857320571
52433,-7.560415540736743,-12.370797566087818,2.5152467399897818,1.0949517245163065,467.22761468290196,0.8812356101866659,0.0010983631722901275
52434,-5.132314335657883,-11.300496770757343,4.09548422885098,0.7564743056516517,277.34104634095104,0.22541326905858572,0.0010984739909860569
52435,-5.121619710535594,-11.485549958952214,4.046963092123439,1.3605309406242962,180.43666918524357,0.18509706468469123,0.0010985471282866884
52436,-3.051346385287524,-6.882326236253043,4.657390502078457,2.9215972175349245,472.4196090486058,0.3183176929083613,0.001098823729939907
52437,-4.368964499484832,-6.422930470739827,3.004905109599531,0.8308271533439529,469.23879392777604,0.1016633075906146,0.0010988271201307859
52438,-6.199058671463725,-5.582722800243093,5.081140447316904,0.8470834397564871,217.61462685555455,1.1258558164231856,0.001099244102433156
52439,-5.399861756496118,-6.153038098951982,4.091086134340767,0.9236852771763489,241.7815878533036,1.1664741103364795,0.0010993900561734762
52440,-5.726161403699968,-9.649816041270675,5.010841097341735,0.9847107247180553,469.2820855314922,0.6292469033775667,0.0010996970265953361
52441,-3.9092673964029743,-7.653179778341367,0.29860831414076594,2.6098426213438883,460.3863817877334,0.30674803827031294,0.0010997697179607828
52442,-5.81841465742894,-5.257811701120613,2.799025691832914,1.059239673791365,468.1895477908526,0.1170826705925565,0.0010999137365276278
52443,-5.541495754409259,-7.2287008280427845,0.32691990056176845,0.8917716282107371,191.05743111036966,0.8484881055300235,0.0010999176689569545
52444,-9.155829274876883,-7.621462777217183,3.4060754853389774,0.9453304314934394,468.2819274439561,0.8604948138661985,0.001099928087857455
52445,-5.980825866124819,-5.146143533331941,2.017357721721858,1.0117948073460095,468.1439552547118,0.854322777995919,0.0010999309767303462
52446,-5.723513098683567,-5.655002430195546,2.115000050855621,1.3892162596250321,308.1021728640294,0.20339610224719262,0.0010999311291106833
52447,-7.5354297740298115,-11.543140631009706,2.8042897353720937,1.0654920754228965,286.34092606436457,1.2349358926811878,0.001100102547837985
52448,-8.664778189051566,-7.267003570908572,5.035862339440984,0.812012638459349,466.95132407596054,0.09297795606181403,0.0011001410798452615
52449,-7.875443935849814,-8.638048686607608,4.608044213113372,1.8465599665149375,442.1634169535495,0.07170153996715012,0.0011001689129006569
52450,-5.334735337003819,-6.048158744631074,3.033035655649483,1.8480651479280137,442.1045662495186,0.4742479827824715,0.0011002958829115514
52451,-9.603080415925094,-6.856409323753658,3.2769551815271423,1.8794729827436158,467.91765738530614,0.41204630959731237,0.0011003052315059529
52452,-6.073218941241513,-6.80340751967029,0.19338398684030828,0.7961956877187847,154.46604750900457,0.17584859507534034,0.001100324288896687
52453,-3.9989353693098053,-11.625556358895217,3.9820656760984248,1.5702574770502935,370.78058211935814,0.4880450264884697,0.0011005087203259537
52454,-2.752765584444104,-7.613645989761025,4.83193500907498,1.0632078960612505,467.102205471227,0.060402573837691875,0.0011007144884713274
52455,-6.215430422705597,-5.644952608934945,0.5643659380330229,2.771195038818834,481.5883334431536,1.9613783310218507,0.0011007223516585425
52456,-5.798353520683622,-5.471065954501005,3.4698537577857116,2.233552531928901,430.1890374174584,1.9643884055590979,0.0011008655116625133
52457,-5.571838120733112,-5.8684527227226555,3.650978836045703,1.164931322123483,313.4016013090111,0.26312395434760827,0.0011009787451036932
52458,-6.057591123632179,-5.377733640617576,1.1354259141948237,1.3293965567278256,299.2961614059269,0.9408293203844815,0.0011015963707382871
52459,-6.481861703844871,-9.396860559064038,5.169791540044986,1.8028760312882177,429.23642479901025,0.07024552493275937,0.0011017346389567242
52460,-6.614012933324191,-11.554371058604808,3.9213518515070485,0.8306428592096028,199.37128243626051,0.9979079640375561,0.0011017729513954108
52461,-4.828092522284119,-12.4994254539174,3.881455632002112,1.1655005363381288,244.70464243866633,0.9090687331065022,0.0011025421274479944
52462,-4.911451369111108,-12.428466632813084,3.8932469826144613,1.8335036994720602,439.43368681984055,0.1434217190965068,0.0011028473754180295
52463,-5.851013236827422,-5.736946149615393,1.657832201981393,1.728747054206635,408.61874888871245,0.21306621298032447,0.0011028600977245166
52464,-6.120933442796261,-5.004835598560767,4.277610702142972,0.9178704781282911,178.69048718421456,0.10134404707574429,0.0011029965305742768
52465,-5.8793531361483895,-5.277022647906754,2.2594762902607153,1.748587941506801,414.3100079441115,0.8002090342060866,0.0011031228425319153
52466,-3.377833130225677,-6.5247895926056545,3.0139409707873273,0.8138154444036664,167.58473511823468,0.0792466187769314,0.0011031263456396346
52467,-4.710067701861523,-9.747829306925704,4.87899496893232,0.9026681535939575,253.582995378891,1.1624355176655143,0.0011031787099232669
52468,-5.523743933881495,-11.01059246432327,4.1935133658915795,1.5186820567999593,352.2054926422371,0.6549211234975045,0.001103365294492278
52469,-3.2501313935789033,-7.305725819500345,0.7928085270092768,0.725865580151736,468.31199874885846,0.4962246348562642,0.0011034063353074
52470,-5.790493647413991,-7.238576500783553,0.15373848164535958,0.9918982255296867,274.9343546685553,1.5559834992828367,0.0011035372902492519
52471,-6.419636464170157,-12.79270857170736,3.8327811099561586,0.8242523700853134,222.11449694150826,0.1850036639033057,0.001103658522695918
52472,-9.550230130604673,-5.405271591001643,3.7632524062933044,1.830238091657581,468.8647524104511,0.14392514004553902,0.001103751223453013
52473,-7.736752049916699,-10.709755093981766,2.6056543286851297,1.1920484644038234,247.5971317878403,0.077019662548647,0.0011037919796389039
52474,-2.995438465721393,-6.901301705812335,1.8850152835098986,0.9975069491501646,467.2007166819261,0.12356061861594281,0.0011038082998335514
52475,-7.513975849099097,-10.533969132341255,3.3084749918823455,0.7121559428635439,134.64706141488043,0.31476133814920804,0.0011038143719883872
52476,-9.157888339178694,-5.420262713995016,4.619077718784289,1.790607239564918,424.56500032159937,0.5709768633153312,0.0011039271041968952
52477,-3.402046125873362,-12.674576782588861,3.8319451744153326,1.0862015390004653,236.93924295496686,0.10453403671779515,0.0011041131508119299
52478,-3.911199673446527,-6.476745223580085,2.943113955681748,3.1733527343013663,510.70919901320497,1.1184959347658605,0.0011041706366535858
52479,-3.4113188933741867,-6.546263530235548,2.628214711494767,0.5631440494279223,117.1202807286175,0.6624217810963655,0.0011046776506130683
52480,-3.6734856920957757,-9.386394465038231,5.181220928782632,0.9800600782477427,468.05144234514256,0.11175810063808544,0.0011048056526846445
52481,-6.771618589792949,-12.625334516237345,3.6913241813704354,1.1222437817955524,467.02556995971423,0.19557030771854933,0.0011050448620125572
52482,-3.030767063548886,-11.498449277994796,4.235802711619586,0.9514767441609785,467.61141936080827,0.5983313461677451,0.0011051282190825576
52483,-5.77835749288463,-9.7108655777453,4.957228958914982,1.1338153856590614,293.2184874986159,0.6378486946235631,0.0011053068951360266
52484,-3.0831526843112913,-10.987905080160242,4.315979051121692,0.7969359033123442,160.58906412457185,1.0595116968773093,0.0011055694849735492
52485,-5.552603478371655,-6.248193531552575,4.820672013282416,0.7606916734414607,467.52956016782537,0.2516872857646808,0.0011056618101257388
52486,-5.24006879434736,-10.266601133525537,4.531076163591523,0.6003332149036498,122.87782771705498,0.23048474620194792,0.001105738859126548
52487,-6.684019954182922,-9.426902578521187,5.055053153421792,2.9534631903438178,494.16071980790247,1.2969973002085569,0.0011058898712731225
52488,-2.291112512299182,-8.849899281520912,1.0725262627529293,1.0285684375941107,182.26636105362257,0.1366722505668596,0.001105939450389133
52489,-6.393285499378107,-9.6472543516462,4.95414669366649,0.8031608851495912,220.06704527680154,1.0841571976609101,0.0011061161559092723
52490,-2.8134378834175777,-10.398890615929679,5.170480982568059,0.7702608487794298,225.31081767139585,1.4144281414212978,0.001106373504110085
52491,-9.619151317953744,-6.3996408942301235,3.5582760169078664,1.3353580320197191,299.40880971609255,0.25933035777194746,0.001106527540102417
52492,-7.840436691035371,-8.97568115284502,4.193740582305212,1.6297976818820832,377.2476080865195,0.10446609857695055,0.0011066082978103803
52493,-3.0359872700966584,-6.871093739637972,4.46141834625413,1.6911694759042777,397.57119378118324,0.5484783691835071,0.001106644501367057
52494,-2.271797833874267,-10.12600193849997,2.0341081129584273,1.2819404432349548,314.53057842426335,0.23862650222898196,0.001107027351914105
52495,-4.946376970731501,-7.209295892319178,0.6234608223353071,2.5086715017048364,418.7572660590104,0.2673447028177396,0.0011070518281921591
52496,-4.778268965375237,-6.327445816146808,2.9470024797245027,1.808614787143892,431.60896643249845,0.22169163830984395,0.0011076027397889034
52497,-9.546576563409367,-5.22696723838295,1.8579306447166044,2.433958696426185,451.70351684723204,2.3777531233812548,0.0011077773626564833
52498,-3.8223365159254534,-10.51953562858868,4.342698032197853,0.9028936406521156,257.96810006132165,1.4992664299685154,0.0011078935144920614
52499,-3.2132492461610127,-6.611268697814548,4.194962267652008,1.8533777672466534,468.1677965983171,0.2255400014040303,0.0011081296270591381
52500,-9.717239682567374,-5.263055698280948,3.181384307897186,1.426329614175046,330.11650103457276,1.5822792028108763,0.0011083673744190414
52501,-8.110075873468354,-9.194104029122244,3.2260142114160324,0.907673559689232,235.00953570521932,1.0887404116873531,0.0011084052058276386
52502,-5.81633301676132,-5.585298777172191,2.064385266915387,1.093515651908282,275.0968884949601,0.18032714440573105,0.0011085553531290165
52503,-8.531607201141885,-8.236755053368112,3.843396528742996,1.1364828895150318,466.23921884697063,0.16235865485273937,0.0011091754634686658
52504,-5.601456726193835,-7.500283798282796,0.10037791245814223,0.9154811920702669,240.23983000485228,0.6789068548649011,0.001109212303815545
52505,-8.096539668575446,-9.957424028946171,1.3362114728476215,0.9116419383880561,221.64995411414966,0.3657322140793804,0.0011093302458412386
52506,-9.731207838767642,-6.396764451938018,2.6607857608385626,1.9154541747223606,243.32210649024682,0.4190667357238951,0.0011094005297043474
52507,-5.983450410720682,-5.210508238058239,3.7774509019011075,1.419605801262991,330.1780655107996,0.835663584538815,0.0011094296529842662
52508,-4.030599827112905,-6.497233608873472,3.92030965795912,1.691352701305685,396.53071872820664,0.4269765110513317,0.0011094362958617612
52509,-4.347533522319519,-12.151481026297736,3.8968218114184747,3.1347811142231965,511.16071082670675,1.753399430145671,0.001110092445426913
52510,-2.133409407435418,-9.394454436196522,1.255208000720652,1.9459265026002441,380.5146647175308,0.6050492751201686,0.0011103787381767927
52511,-5.072358130396541,-6.262447574809685,2.468843515088178,1.7202424992622989,470.45698230392213,0.22306726443590996,0.0011104122708528099
52512,-6.181969241000223,-5.903351166192037,0.6017443668474464,0.7463415075444737,154.552113239981,1.1414053690637607,0.0011106246692419704
52513,-7.777638947938742,-11.166751631238872,1.1276425185304966,7.605239613474939,405.96881770502625,0.1440508328998389,0.0011108771225781325
52514,-3.6204083387700923,-6.736121090779511,5.024539248364646,0.7204443248948055,461.4321661256442,0.34506846869083496,0.0011110587901966007
52515,-9.230828448178704,-6.772612146228609,1.1240622059420955,1.7296997639883238,408.50672733944964,0.49697000082587994,0.0011110804260572758
52516,-3.445684593615077,-7.989279081175408,0.01740436731864638,1.7528877593401266,468.0186718659577,0.20682723207236453,0.001111593196413602
52517,-4.7360682273104775,-6.391594535461417,3.9969642556837868,1.1744121962414076,299.32775283825873,0.3026901883554052,0.0011118153902062056
52518,-4.2135438083786125,-10.45021757031339,4.385910180576304,1.1103221212845447,245.6953609580727,0.08878923092238988,0.0011118782233609597
52519,-6.750729696703811,-10.659153434681569,4.13761517078285,0.6711475809396432,153.79392611220428,0.18676754667404527,0.001111879416711576
52520,-7.7695667431043525,-11.169912578357499,1.6039648908097583,0.9654033599985817,252.36152182834869,1.3244610165260005,0.0011121418706620141
52521,-5.7431388383997595,-5.638615466055728,2.3843189888175162,0.974714126852909,314.5872858620588,0.6648915297423494,0.0011121735348759913
52522,-3.481777477059463,-6.608807249047825,4.458527236534864,1.2849666307222305,304.15969080124967,0.674930801509853,0.0011122386047504188
52523,-7.090325853947033,-10.196135007570476,4.121263996869154,1.456661655329681,337.23460632052235,0.4641896070066105,0.0011122699479534756
52524,-3.6199327607252973,-6.787276390084463,1.7850591967471552,1.2937655644733594,306.746674519498,0.3733240575407244,0.0011123193530128965
52525,-2.1354891983291644,-10.86182510826459,0.8281837615703534,1.1297580821290854,293.3771120473499,0.7756917985993281,0.0011126585121646248
52526,-2.55203710303907,-7.831660770915232,1.767765284072604,2.4323016424172232,450.8273997722777,2.142848198980503,0.0011127488953671008
52527,-9.659428594003048,-5.839625177914833,2.142502102632711,1.606584716589045,357.01858462399406,1.8493266687280903,0.0011128934175521062
52528,-9.228891306061193,-6.921522990876242,4.242242129046049,1.5112981956655276,339.8322029676312,0.4305102096081308,0.0011134840377389505
52529,-4.972134860438721,-7.656733446038861,0.18103482487464742,1.701928954106957,401.613067617921,0.6652799187920353,0.001113581637916441
52530,-4.1494300505597685,-6.464075798469759,2.9839255640718587,3.8433817321569985,556.320375285141,0.8023419699189587,0.001113852103896485
52531,-2.1060549290029664,-10.39496960941506,0.9423974916493527,7.363173552982025,291.84944190733967,0.371593881758046,0.0011142384645582493
52532,-5.141912284662319,-6.791557350274548,1.0962108335650382,1.8485313879028877,469.5080826153641,0.033627641209103665,0.0011150126701988026
52533,-4.524261130347166,-6.390950581381818,3.4338384132192235,1.5917182643488437,195.274829361116,0.4619669750359181,0.0011151647554293977
52534,-3.211427594645367,-7.014845934514882,1.1994744953457968,0.9479751077461577,263.51609777182966,1.0121849636407267,0.0011154305415550186
52535,-6.087316939959592,-12.17702567219533,3.9375482037370557,1.1101252778864361,468.319692241915,0.2776733950226635,0.001115633053652546
52536,-4.353459802285306,-6.466621132670581,3.9584163971619213,2.5235789259621377,457.839474065925,1.6966413641301967,0.001115661457480627
52537,-2.4873076704268033,-8.077367824168519,0.9514155910469411,1.1520241175627932,467.94273097020096,0.401081141584096,0.0011156887838782625
52538,-2.4595282915938856,-8.567690586975171,3.1163380574543513,1.8516267405002063,460.79564953797853,0.04332261138702176,0.0011157433628623467
52539,-3.4712464982601574,-6.5064388774405995,3.66082266397438,1.024847634455099,223.38255611374055,0.022376882110671126,0.0011158591744250986
52540,-9.291643850217522,-7.578112515994782,2.960850325478135,0.9502534442631564,263.5704045342422,0.3600777424206898,0.0011159761804918854
52541,-2.7711899396479094,-7.173242514660592,1.096125406556255,0.7573344145807182,175.48096757426478,0.4415382246268065,0.0011162477000250363
52542,-6.230248458434117,-12.608776579986767,3.8794495420448896,1.6638761757650968,390.1376564030311,0.20571839366829625,0.0011163985251748639
52543,-5.169407004799137,-6.71911520407563,1.1450851915658378,0.9317255682567573,467.8435368520762,0.5627704321804492,0.001116439394974684
52544,-6.0108503922551995,-12.720894138761423,3.8906831447452777,0.7966871942240069,165.66635276295742,0.6194792941371183,0.001116649564598112
52545,-6.17120473240341,-5.038582081675331,0.9625937498395953,1.1095743762597563,270.88060279940083,0.2718616882020015,0.001116882610549712
52546,-7.152481243595951,-11.18274161003327,3.586854770300929,1.358808774103039,295.0648725380272,1.016397740432451,0.001117108859939929
52547,-5.907342671011351,-10.025351379749205,4.7038431284792255,0.8589995464235315,190.9808665812528,0.5281489364177512,0.0011171414969883288
52548,-5.384340524909791,-6.039859164094962,3.583580597848015,1.663541643512893,388.1152408325298,0.658646870808056,0.0011171894826795313
52549,-9.408640055498688,-5.403813039070485,4.098288003910318,1.873729317570226,450.6996447956319,0.22353159381714427,0.0011173055824189098
52550,-9.318412525414463,-6.3969739221815685,4.297959496560236,0.8738699441027221,467.5170189681508,0.09718391501650547,0.0011173740864293775
52551,-6.5928190253573575,-11.820497594982292,3.8738979545048204,1.6730016617687484,393.102971989002,0.9500559713087506,0.0011173751613498637
52552,-6.410808640616372,-6.134763652610794,0.08835869898898632,1.1760529414521443,300.17136510877594,1.3413612190895359,0.0011179777293778652
52553,-4.137497777394915,-6.762125892232738,1.7692171096475984,2.424636661821107,450.30787661792397,2.1075476314503563,0.001118020912433916
52554,-4.850106120674066,-12.153624535872929,3.914412266516331,0.8924020149388019,464.4829409349432,0.09376505884956732,0.0011180506244365276
52555,-5.408118859247052,-10.54453258939423,4.380549529658407,1.7631882255947637,418.8605901363943,0.0016772561377997874,0.0011181695538653173
52556,-3.8683593944020984,-6.57272685821297,4.2664570680810225,1.2616154346079362,311.8812650493717,0.8784116528534147,0.0011187799747433326
52557,-2.898188184820584,-6.989879132081644,3.596445788715348,1.261597591245607,312.1588817094002,1.222918841394514,0.0011190687969721723
52558,-7.78722526523352,-11.967204068584792,0.7843427851674122,4.5902958982961435,601.81779969081,0.7164780468777279,0.0011191788073620812
52559,-5.151383151393743,-11.31287877985009,4.0800796726641,0.9676916478084361,467.30781529758167,0.925985788976222,0.001119219985103464
52560,-4.268398554139288,-11.840666067143772,3.941453454444136,5.471945506301131,641.2910680820385,0.31472178519819227,0.001119286821511969
52561,-6.981457696964771,-9.854192388946007,4.4680370271852805,0.8017457222457988,175.2707584814104,0.3205230561050234,0.0011196534506276422
52562,-3.4136503496830093,-12.701484387064303,3.823460783104429,1.3236279148872434,468.0616770550973,0.7091578825031233,0.0011196581937109019
52563,-2.0591886155557395,-10.95641874107897,1.1815339211002938,0.9041574075910728,199.4584307069085,0.48683708787321667,0.0011199061460006375
52564,-6.616339184608872,-10.50218271391863,4.277975703236337,1.2758659233522798,267.6304274101317,0.979438282432711,0.0011200227817455377
52565,-5.739031185332006,-6.059246608605284,1.703990914133033,0.9469496042042772,468.40589358990735,0.5701182758892989,0.0011202315487209913
52566,-3.7770169015472774,-7.994098737843803,0.004808519461660581,0.505044210221004,112.49663743801526,0.09567583303640159,0.0011202519606114047
52567,-5.485861792807595,-5.895242830617912,3.0924859422776376,1.867635380814041,467.7168929919009,0.20351002792733208,0.001120277137491462
52568,-4.501095200180444,-10.95826433936362,4.167180604574955,0.9425567767342056,469.60903333740146,0.09461737524850022,0.0011205502014678692
52569,-2.7139059812732,-7.851288671228502,5.043058791616449,1.3553833918404794,326.5864011381618,0.2600727826068203,0.001120618900021502
52570,-5.801250104210636,-6.1372153426687515,1.3069922433438494,1.8761139545353531,467.7432494329873,0.416293368573486,0.0011206896407348304
52571,-8.399463007626268,-8.447769236114777,3.7667441057064437,1.252612041256882,305.73269738319476,1.3436542055012923,0.0011207164196170916
52572,-5.570819316241709,-6.820011376816446,0.6982459302685408,1.063457883599834,258.8270339348899,0.12150690589284974,0.0011208941494636805
52573,-7.66360013945034,-12.314561933182468,1.7841180301444257,1.1687436334179877,238.9020718620259,0.5128798119847984,0.0011209599995505644
52574,-4.6851562486789256,-7.330365013519788,0.5923116217919444,1.1747926385648813,265.8362207644636,0.6846072392778897,0.001121076714086453
52575,-4.578313181029012,-6.516528557390841,2.2954469047483537,0.8846741769579917,470.155285971821,0.1720415057075586,0.001121111368842896
52576,-6.567772255788041,-10.518160912891108,4.289487119330246,4.01568676711928,530.0316405301534,0.21643433759784259,0.0011212349081971794
52577,-9.292956576837884,-5.574070049112212,1.2303812510695844,3.448782218013495,525.9468274706453,0.7073586958943245,0.0011213376160828731
52578,-6.709261350692378,-11.736834780180644,3.8312152137932673,1.0210652765543986,272.58477854732337,1.390093689958694,0.0011213701679362942
52579,-4.818057007363605,-6.307257446022197,3.111505985824481,1.5427912755415192,346.7269300279054,0.24345677793069243,0.0011214180164773153
52580,-9.012812730264237,-5.838335425691163,0.5561738000769982,1.0906512052685875,282.69855600746536,1.6664667608246262,0.0011215166368406188
52581,-8.182876339690221,-8.65490303817888,3.936339931909057,0.9708576462864763,260.05701782323507,1.4564128217055625,0.0011217188067213742
52582,-8.943347186158661,-6.304114762689495,5.047912864649485,0.9886408848638449,264.6115125234552,1.0257399630977808,0.0011222013990744256
52583,-6.474325480155368,-12.867905442769887,3.8038213135436063,1.8663776134408094,469.81571926210876,0.017439521346413578,0.0011224025145128106
52584,-9.246891578584535,-7.53945406037424,3.279124209892666,1.5013293725221668,336.9692198168866,0.6787386747195994,0.0011226873147867275
52585,-9.016383343914294,-8.108406063273103,2.0636726456249295,1.8628926872919669,448.03598368247816,0.2233355797919474,0.0011229219373461055
52586,-6.543079636501584,-10.072733897542602,4.564931941108112,5.129777327799121,428.9503146479083,0.043560673048417264,0.0011231009986510895
52587,-5.394253555565608,-6.3776932758193094,1.6626395288631928,0.9649163113551625,428.84118139420326,0.2454527399165647,0.0011232706941878168
52588,-6.719425120464125,-12.399265774083077,3.7348347967840585,1.042588514167384,400.1847601807359,0.7992416094418298,0.0011234151636740554
52589,-5.168699504674689,-10.764629648472955,4.267601024233135,1.6000703456661831,353.6501462071625,1.4345331813158735,0.0011234357313823242
52590,-5.388169106709119,-6.109193961348215,3.8962474736731125,1.8994514646063874,468.3682042103948,0.29416589032559237,0.0011235641411406242
52591,-5.4051539590527495,-12.253302842973477,3.9225483432405297,1.7193363054828734,405.68556529264936,0.4315959408327599,0.0011238739937578911
52592,-7.643506009249554,-10.075695320113129,3.3551537818164476,1.5844515113181306,339.0797288332952,0.8111365785405491,0.0011238972380512948
52593,-7.455227814742237,-11.332333971058581,3.0508773014701918,1.108568630113778,466.73215585182606,0.7445494376110222,0.0011239305076555575
52594,-6.222083810080952,-5.928340738165282,0.5126243694703535,0.6331919334864945,129.9965029524425,0.9469736301223666,0.0011243583775129148
52595,-8.561718345458479,-8.584579772451779,2.9552703456829574,0.8081922764039129,470.4853623987845,0.2258580739421836,0.0011244579019495846
52596,-4.7834389928795416,-6.516362274058006,4.624382047324927,1.3026565239929948,258.79995218176856,0.05038342849112798,0.0011248332623893917
52597,-9.185642034986317,-5.029565009101661,4.519869617011808,1.2381161673090542,247.984071572888,0.018548188953982248,0.0011250283332673767
52598,-2.099708305606585,-10.847629713687432,1.0114276155496464,1.4104822545712539,468.05363148439153,0.4102926811308256,0.0011251457323477171
52599,-6.289377855298087,-5.024728742528072,4.833998811072105,1.732259600790414,409.21360761348024,0.27111090354245526,0.0011252284902917094
52600,-6.4438828916669255,-11.065485890732615,4.104982719607623,1.7440747708182178,412.56464696956914,0.5387241379034116,0.0011259486619576793
52601,-5.7161681194341805,-5.965091803242598,1.7586285274561835,1.3390759546822133,291.9590318283435,0.11235611890981012,0.001126153016144661
52602,-5.077881449915054,-7.088002123735535,0.768978383535887,3.29010697224785,506.66917654502197,0.5097905133599854,0.0011261671850838618
52603,-2.9918832467863874,-6.864744839579065,2.274039897130629,1.7842714075447448,423.9851654135664,0.3830861948297546,0.001126375399068898
52604,-6.147405206157966,-5.325689960872391,4.641527454237107,0.8126509051423658,469.89318882749285,0.07004253264660054,0.001126398357588177
52605,-7.756492956063948,-11.463273483069724,0.4901970803970315,1.218360608258296,300.47804569658877,1.2409995302228642,0.0011265742685875166
52606,-4.966921674674415,-6.4576072906660595,4.585216824328581,1.463691888231163,336.22451286395125,1.1828415860855435,0.0011266344985087242
52607,-8.07338539041124,-7.479111239665074,0.20320311461170856,0.9884995454460714,205.13590818853316,0.7874362109709718,0.0011271780527754424
52608,-2.447095090810869,-12.750512699902147,4.85952232756457,1.679775022593857,392.3444821490185,0.04466086018714943,0.0011272846140360003
52609,-4.86114458330528,-12.459841362063587,3.8760954962026455,0.9730228947951723,468.01745849958934,0.28267240935528104,0.0011274371470765803
52610,-5.749292610621527,-5.5926373427234415,3.4765799797878336,0.8948690258328084,188.0854019428687,0.8370607039831848,0.0011275145119152314
52611,-4.482359785072437,-6.803477296379395,1.6177489943907768,1.240218621967371,250.27967761774931,0.02508386008900576,0.0011276636162613517
52612,-7.556809094031017,-10.913325049570025,2.9904083197140667,1.106599263878141,466.97787783441487,0.6210868427385661,0.0011276818751924807
52613,-2.935867626583889,-7.046383467402892,4.52681950781991,0.9741032154432303,271.64109253532644,1.4167774749290825,0.0011277727574519453
52614,-5.861594498503553,-5.614867522582147,1.8747115613141834,0.9009926644829405,449.4808849809939,0.8440662665729235,0.001128188201437126
52615,-2.3435980718451557,-8.583530063465107,1.117364676736935,0.8060731097852334,216.0493570756858,0.5422141765132773,0.0011285175331921947
52616,-5.836132536324459,-5.5554935727467605,2.0279138667779333,0.965910679572544,192.79372356925728,0.14519083466561966,0.0011287888721500225
52617,-2.798091992386764,-7.2639366062350765,4.092840491058746,1.2952835693780478,293.01048294163195,0.14450250816594679,0.0011288395917332793
52618,-8.353410321057282,-7.975760292550016,4.681646959493101,0.8706811925471457,467.5943544948673,0.6524528567975727,0.001129105406679059
52619,-9.299987867408193,-7.579036963000658,1.9416852467080616,1.5730441582255477,361.01291683791123,0.6862817601785949,0.001129285387030537
52620,-9.603638451791628,-6.4590121502875535,2.049870778864395,1.872920498700438,450.1361053604216,0.4213525461885528,0.001129484435445337
52621,-5.904547714177869,-5.171059404018566,3.1367994803226953,1.1251558769319783,294.9460315662957,1.4753791802986198,0.0011295207625612682
52622,-8.166426778383194,-9.276979682408964,2.881219754568188,0.6392349453099777,121.02040227532764,0.07159304323353233,0.001129586772227024
52623,-9.516315805171699,-5.582311216871976,3.855127507437773,1.9131138623431363,468.52104167681046,0.5630284215529491,0.0011300702565443736
52624,-5.961968873627677,-12.279745940808844,3.926157447224613,1.1413195396027753,231.9192213835808,0.2554907565983866,0.0011301732962028883
52625,-9.634960773501502,-6.289901924703974,3.5101473042420666,2.4852376934559106,433.2163973587762,0.31582598485626523,0.0011305609973453641
52626,-2.7128578356466377,-7.582259160195539,0.614792734860852,0.9488108477110707,421.72771287566286,0.25532002693567346,0.0011305964395794878
52627,-6.143822362515,-11.706912817864053,3.9965061734528353,0.49820634675168357,131.35206827686025,1.173922177883358,0.0011307972794155881
52628,-5.16420161911547,-6.431006866957878,1.894344313911245,2.071916580966606,408.7358307688784,1.254301560986545,0.0011312120765093344
52629,-2.39841242748854,-9.135214912626777,3.0678739984016015,0.8596477354511136,241.97639399505562,1.061904855895441,0.0011313246994369374
52630,-7.571746810040221,-12.969939520840693,2.3375167908990377,6.1094507038864325,520.6228216294518,0.045406967458459846,0.0011318929681758134
52631,-5.789011514523214,-5.553774440680136,2.110643464313912,1.0863213603046178,467.3658609196284,0.2646669919559397,0.0011319874630522397
52632,-4.968565026839369,-10.128018478625384,4.5965657129472035,2.864956467306983,489.2918998919339,1.8042101427767445,0.0011322447738985337
52633,-5.6133221809939435,-6.554580586882825,0.9992198516210983,1.3099122803048482,468.73893561930925,0.8349104157470615,0.0011323142705960904
52634,-8.711172192051595,-8.450566737421589,2.699789009114019,1.9643262697613695,171.96151934353992,0.3260162725368234,0.0011325098261652762
52635,-2.2189984705691366,-10.746423975668685,0.6689269266881765,0.8010673527805215,160.14878575255764,0.48325224864031924,0.0011325552306728779
52636,-4.329848473706686,-12.265098021284256,3.8755093339900797,2.6333246190895734,468.71525818439966,1.8210627125015861,0.0011326642732293537
52637,-8.042593784459147,-9.400012010869805,3.08812759085573,0.9094159900099619,228.83621466712492,0.6803279446818848,0.001133179097715582
52638,-5.165043191027079,-6.337434080907461,2.05430572635192,1.190821969982808,467.30646207141746,0.33861675828724014,0.0011333480805950501
52639,-4.770861015485598,-6.362958385357248,2.7147682040620382,2.2672530369258603,391.6865421023125,0.257278051819708,0.001133582610738906
52640,-7.574346699981886,-10.54401200060101,3.1586615923201893,4.190631900285874,379.92058824384344,0.08521267568154389,0.0011336861691643957
52641,-2.4207175426752467,-9.578165403690795,3.797104184691417,1.0103993222107963,467.2334013842121,0.796317361700984,0.0011337221570450183
52642,-3.0396464405154875,-10.348468164157634,4.669061594684231,1.8460722624885513,441.2311144929973,0.3560715661607263,0.0011337816426851902
52643,-2.3411978790551284,-10.495643467041859,2.866009178403783,1.0234240625232593,279.00661685947824,1.2220893685204386,0.0011338615432391584
52644,-6.065266767418909,-5.580163618350841,4.671776653031122,3.254361191053995,518.4958646839257,1.2609198662501315,0.001133915963749834
52645,-4.028462144103152,-12.526526752940976,3.845485106792038,1.781828049306321,467.71266178297685,0.5978038297839916,0.0011339289991956702
52646,-2.197922311115362,-9.411943190997269,1.4424765078071962,0.9579373281260546,188.15517296780496,0.040960732939931965,0.00113420655013002
52647,-6.404903743986166,-5.568187673273431,0.23548052536880065,2.9102620577899545,486.7897691239985,0.9255307464473352,0.0011342800002899253
52648,-4.038266017827156,-6.9731805794942625,1.3726691526064052,0.7280509662439949,467.42886849060415,0.33241009167156843,0.0011344153791726108
52649,-2.196446002105958,-11.795474017109589,1.6370727381394325,1.0198285423065088,467.79777565757666,0.06587757323424714,0.0011346005261934956
52650,-3.21349805441161,-10.472330655240963,4.397929247011993,1.2971979611040447,299.99920453009895,0.257535952945795,0.001134709320792152
52651,-9.575728554178033,-5.317530086799003,3.6724946425136693,7.897177560396302,739.6992033317246,0.42881456223280257,0.0011349609081992178
52652,-3.2185189430031214,-11.703522449438237,3.9774635934049627,0.6747545846084954,209.65694030970462,0.6059815384815233,0.0011350089171281719
52653,-5.533873283762065,-6.845521690656399,0.7080117396860169,1.5838672002735255,468.5420023915073,0.10070260991135349,0.0011351725675583897
52654,-5.478424353482932,-5.931770602210231,3.0221190497575448,1.511459067527465,340.824024756088,0.4367679288313111,0.001135601654258445
52655,-5.983156831413879,-5.253056206652493,1.9068851606455832,0.7816673746378309,202.51016862382758,1.2173713055295794,0.0011357861689439508
52656,-9.160617177190979,-6.3478708166841065,0.8002396489641534,2.1970461263578733,325.11975088665923,0.049375250400003345,0.0011362480295357405
52657,-5.982799224050822,-5.1887585362127675,3.767931768000474,0.9268052092818461,409.03898649082174,0.08848953995512066,0.0011363955024937871
52658,-4.844455180010981,-6.310727807433194,3.2672141868514974,0.8681852272999169,277.5487845230394,0.5856528568698129,0.0011366813695643267
52659,-6.195443778822323,-5.082798219975083,0.8494168449534695,1.1159471455454038,287.8619112041239,1.2908874292768795,0.001136839922910113
52660,-3.290218382786837,-6.751227804299811,5.002111677853595,1.7327633912696976,408.78462839979795,0.39941818856591116,0.0011372112637405372
52661,-4.656677120450863,-6.4441687182866465,2.6168634622743014,1.2948046761226257,318.41504782582547,0.2464571591562983,0.001137578591630168
52662,-2.9811067586998776,-12.840382667977284,4.117984989811601,1.2375911509300461,300.64195964262524,0.4704025681749435,0.0011376583117269827
52663,-5.311625385790269,-7.1345800372613475,0.5571479416675488,0.9528152004725815,467.9733714320359,0.5539446474587484,0.0011377836646504769
52664,-2.3543179058920307,-12.643389305521959,3.2905988898787126,1.8405781238047259,440.7532448156092,0.28297659652038565,0.0011385372055616092
52665,-7.933065856001992,-9.989386864206812,2.604325181538117,0.9901740315976411,265.3348384392647,1.5882902315940957,0.0011385432288110132
52666,-4.46949147624518,-9.92142371170954,4.722350351192941,1.1364345569747063,256.0585243368551,0.206181764072789,0.0011386126475808772
52667,-9.122903419500679,-5.813726335043817,4.698592505331587,1.0702590596337724,467.9812495402925,0.35932676711099365,0.001138995361816273
52668,-4.108334228258217,-12.956516844116052,3.815409469543469,1.5287750137760905,342.36264170686565,1.3170846226160942,0.0011390707622249544
52669,-2.117456888161719,-10.253151573702755,1.0208528786355278,1.7521712332017578,470.2547583818489,0.05635677595024635,0.0011392802638485403
52670,-9.639077437154445,-5.055752025959076,3.435418385100988,1.9074694674374864,393.258692048925,1.7528226472769433,0.0011393359816432578
52671,-4.122712619273048,-6.493079823931957,3.8233255551151513,1.845732748042981,441.98711622974116,0.01712476702593424,0.00113984677038003
52672,-2.330651153806177,-10.199798006714317,2.7000314761801714,1.155155830571265,297.5869588990069,1.736453216063107,0.0011399854929631855
52673,-3.156012626141804,-7.68553899485684,0.4014391878661618,1.3458207556294015,294.9242309693159,1.0129013009678856,0.0011407746181649203
52674,-7.311356570825835,-12.515264305843427,3.0834356496029147,1.874222578692829,451.2981150214662,0.4010773381433834,0.001140843896468797
52675,-3.9873830215559067,-10.000512765879993,4.651025175478002,7.220549536667819,717.8461501072014,0.4571724348634776,0.0011411573764025858
52676,-4.071068324159778,-12.395323183580757,3.853489099718826,0.6549219013109954,200.26100346256942,1.2863262536923514,0.0011411878519812927
52677,-3.748651452618697,-6.763981002946926,1.893865211991597,0.6580606925765622,467.09756244567245,0.4584626533742435,0.0011412271195228962
52678,-7.612693657934981,-12.295499417360968,2.273252166204087,1.0507455425692358,289.87333689592924,0.33882562166211105,0.0011414008359210508
52679,-5.923028920839828,-5.0500296236082285,2.4728171969255177,5.717870193301226,340.70974461506074,0.24183025701168415,0.0011416240727600406
52680,-5.570769774172251,-5.8667951256208095,3.3222994546478373,0.9414276044453945,232.84066007980692,0.4402360955018976,0.0011417572106850805
52681,-2.3893126288064597,-8.662021147929234,2.131051429937718,2.536870446943699,460.6652970726615,2.0310494625599036,0.0011418514768319016
52682,-4.590021305135648,-9.81363405941295,4.811616406506209,1.2335375811282456,468.5273198708363,0.6376562939111965,0.0011420314383002949
52683,-2.1872008288164526,-11.389635490351306,0.7255935221539759,1.0450344530874238,271.3386397884153,1.0356666185794756,0.0011421206369858512
52684,-6.94450090663401,-12.262738089576933,3.5806402317928856,1.039308525721471,467.87509979878615,0.280305469508197,0.0011422060622608458
52685,-4.584322371993425,-10.726124523107218,4.2547769474639745,3.2457316182493403,280.64924704217594,0.16211820042833125,0.0011426326364782696
52686,-3.146874207881492,-12.10184307739346,3.9679664069862257,1.3182874835267666,322.5106052963827,0.28996958230136904,0.0011426519129842947
52687,-9.012667781324733,-7.137616847600556,4.477357074691484,5.416959227374582,250.87086400770292,0.3732169960360512,0.0011433946623897646
52688,-4.397127355451759,-12.771637743895907,3.8316896145552346,1.1212329292549632,267.8169553284667,0.9004334009082484,0.0011434362126874224
52689,-6.132233450732221,-6.823709327573689,0.16855605573708654,0.8149914688241369,434.4674609913569,0.3062948824330567,0.0011436057260792729
52690,-6.0595403322480035,-7.074177301090296,0.07370068421392206,3.3335285394937704,505.92883469343684,0.3197289081204717,0.0011436810065097646
52691,-3.3072637126672806,-12.020350673464257,3.891125554618929,2.1484970671247434,419.9019003373232,1.6615412353361254,0.0011438561315282609
52692,-3.817344630242113,-11.966490996526675,3.897082217655663,1.341168261150911,322.01558694493883,0.21848027657397395,0.001143956142254102
52693,-3.8853409486109056,-11.840296707189157,3.923594625409816,1.8602246771095312,296.36886151680386,0.09317726827820128,0.0011439600255103743
52694,-6.08407090185718,-5.267271059650358,1.0886601053969798,1.1013976451785086,467.2778344690704,0.44597891153846714,0.0011440917693478691
52695,-5.502498627010379,-6.049492079652487,3.9193744845824137,0.8792685749358694,246.5805239859527,1.6454841842461319,0.0011442080752147095
52696,-5.7254190921167325,-5.582515309270501,3.137738397558342,0.9402043157108106,241.00889855791442,0.8637620653342228,0.0011444727636436263
52697,-3.5060967575695825,-6.572881016810301,4.180454128098348,0.7641728279794647,153.92073264835145,0.1412976334623206,0.0011444956892919897
52698,-3.2773749199152515,-10.438566007732202,4.37843616715032,1.0132425703787622,468.2532777818677,0.016222279996518374,0.0011445107991434054
52699,-4.209625812130907,-6.685368246436069,4.890465423361253,1.2128881283064286,453.320300847343,0.2079355201134172,0.0011445814601676102
52700,-3.497338010629692,-10.046529888065733,4.606330108010505,1.2475774331438796,311.3565914084346,0.31335456140480833,0.0011447151773690744
52701,-5.7128292521978725,-6.119815960874109,1.6933443945551394,0.7142716287322766,153.0924709658633,0.3023756706866836,0.00114489960754366
52702,-7.321837220551606,-11.687796575688447,3.196317569007456,1.487722533519945,333.5866385660567,0.9628439564527387,0.001145173754118609
52703,-5.852469860904781,-5.437853737420303,2.1079420797547934,0.7355570211075191,218.58204224203828,1.2689369014506822,0.0011454532994098002
52704,-4.363988516589496,-12.904036206921015,3.81521261590489,1.0644287594826811,277.39318692335536,0.7074149536220915,0.0011455762092742346
52705,-2.32715107657768,-9.329833702522384,2.1590188715170613,1.3288961198916918,304.9275080931063,0.18409537312339808,0.0011456548684481284
52706,-6.20891770628703,-12.761276683636167,3.858939575329944,1.028116703749795,466.5129406950164,0.3672543960469392,0.0011457281106267655
52707,-6.948555360488502,-10.784455138737012,3.9300895820603894,2.2464713770816647,431.3973721103859,1.8916956822628155,0.0011459522678002921
52708,-3.625450298655707,-12.89686569517725,3.8017555438147226,2.342940897779412,287.6029268588315,0.5029601986119472,0.0011460593295067863
52709,-4.938696097166369,-10.247782214622326,4.509722470735038,1.1630301215076253,252.4878853857057,0.8473429372725514,0.0011461156006444299
52710,-4.8899472340190915,-6.5749438284582515,1.8818838662151056,1.2880654474139566,277.8234304272733,0.02960417665794335,0.0011462232929822136
52711,-4.26996659338148,-7.356539691335002,0.6272680029786952,1.3435812687759503,323.7262681331302,0.8712237488727741,0.001146332458132313
52712,-9.702821018487427,-5.010903072673313,2.353645139152445,0.8681624981617057,468.36727309561445,0.11228129968468803,0.0011464269441417848
52713,-2.6812087109749863,-8.002133834177716,0.3666014030837245,1.7542061073954127,420.07505299730155,0.4704981502395631,0.0011468523432187484
52714,-4.39402163258894,-12.746769356117866,3.831823749530652,0.8706538642809891,468.9933063312372,0.3929749833918059,0.0011471231237825306
52715,-5.539703631084787,-5.99747969608697,2.172653022078571,0.786349333252894,160.69388212804176,0.0017742006906598107,0.0011471556745576103
52716,-7.806894907116087,-10.989249253610504,1.88396250365422,1.5015421056736369,378.78184218161414,0.47972016914196747,0.0011474589366472622
52717,-7.308598836533719,-12.174931462736021,3.1270358386895243,1.462382075307317,331.7181155128178,0.882003388881123,0.0011475073317457664
52718,-2.433863839877267,-11.655691001787408,4.637141688316114,1.4512907401798807,331.8312139965179,0.17075040220822668,0.001147650297227154
52719,-5.256331288757902,-10.686021539451128,4.291476197803685,1.4588447909752207,468.61544060409955,0.04526620406093684,0.0011476644598823172
52720,-3.0087258439689695,-11.069412750460696,4.38170337610861,0.8099320968771442,469.02713079309285,0.04011624065571251,0.0011477998084576293
52721,-9.544400091658481,-6.416919303393924,3.7385115841403422,7.530806063608607,420.8698729020282,0.16625520283430983,0.0011479091103483129
52722,-3.877601852382478,-6.674292980493762,4.774100996050984,0.5572651381728521,121.96784885364039,0.808754621953244,0.001148393713309765
52723,-9.592622965013918,-6.639169507912847,3.4853754875810345,0.9458173711979806,244.65868300758464,0.7228974541873674,0.0011487958885267229
52724,-3.108976177601157,-11.487336134404073,4.119018218673192,0.8884298143824025,188.63021189686646,0.8761135397368642,0.0011491552882758192
52725,-3.103334646073397,-11.924990644106133,4.038377065827528,1.1292106309017444,467.11449867689214,0.3994956223228474,0.0011492614987939302
52726,-2.9268847362361905,-12.25715725875701,4.291265888312085,0.9293809695472084,266.6796515117997,0.5118094048847572,0.0011496631160717663
52727,-5.342588843963086,-6.772041923235288,0.9612210839581657,0.8671512400199749,174.95390592177915,0.10625655600850781,0.0011499056401287988
52728,-5.1104834625073785,-6.288469977736851,3.8878203853063384,2.0568212920044684,408.2870036454108,1.3733272942536656,0.0011502492303927948
52729,-4.667271496703255,-6.8738723368907415,1.4443082365746613,1.1025894605743911,219.95222545835426,0.7912252720488695,0.0011502620263447046
52730,-3.978861024352608,-7.448470939740122,0.5453390026946785,0.8928700965264416,242.37485430211999,0.24392288288965158,0.0011504069414297513
52731,-2.1104522938200754,-10.29478629618336,1.3077393763280625,1.6057961964574106,371.7846177002831,0.8635541470558907,0.0011505448603454987
52732,-3.9591624516531336,-6.5456352497825865,3.9792074343200254,0.8600966909616024,468.13670652699165,0.2562735542296499,0.0011507663963116243
52733,-4.210164252366182,-6.456283752592653,3.4247973200887247,1.5671026710915292,358.00381704053535,0.35423638338275154,0.0011508513342765956
52734,-3.7629213062727063,-10.86056662210579,4.1714847601099905,1.0579940185641945,196.73709362496808,0.09670160019284513,0.0011513216575800662
52735,-5.3391090078916825,-10.283143479394333,4.5084491631398995,1.4069512447423311,331.2385761173489,1.2293161055555286,0.0011514449391554873
52736,-2.790336529195935,-7.225729814718611,3.8000121231933117,0.8721739558044734,194.43120256205393,0.5749328854653273,0.0011518480421068187
52737,-2.2794591885168227,-11.189561735075314,2.190799851234212,0.8717613887107571,231.53840699680342,0.8865613169117088,0.0011519661637513544
52738,-3.8674507453838247,-12.147390161071607,3.8741745613050416,1.7823684141959104,382.0453379358997,0.7405771800752126,0.0011520185588062542
52739,-4.1147680908731825,-6.72431968444917,5.019844604140497,1.3456046308662468,299.3349812363415,0.014991679427532212,0.0011525418167195663
52740,-8.616216399413888,-8.493523482187374,2.9694138289187455,0.9908691373860687,267.6965259908593,1.38376829859508,0.0011528304695913277
52741,-4.287661200889912,-10.413015932400276,4.391298123505423,2.223321758214122,425.0304780580997,1.2948401779341179,0.0011528674876256802
52742,-3.6228787811460936,-7.8523726963489855,0.1305125081543998,1.0786348745826935,287.60616289102444,1.631603961259029,0.0011529110449482103
52743,-3.8348046347688136,-11.847295328751375,3.9178658143828144,1.520785520480547,468.02081932180266,0.4446402956561144,0.001152981355689865
52744,-5.956421991629599,-5.763025727073,1.408700462509983,1.0702936827337899,421.1852490489271,0.7121429932457151,0.0011531418764393463
52745,-4.241167220408082,-6.480894905315172,2.760801352519787,0.8531724765911514,165.59500853626042,0.0452083270661463,0.0011539276130571644
52746,-5.265286561171353,-6.140698249114098,3.5215131959058965,1.783909998306917,424.73971568068157,0.3096055714786221,0.0011539997753658255
52747,-5.657979270255935,-5.877036475940919,3.783777700583705,0.8000552614253585,441.2187375963139,0.24766071664994183,0.0011540335823054877
52748,-3.689682637355217,-9.915142775552695,4.704682113255774,1.1364501541350722,291.7455797815737,1.1235693600351206,0.0011540508305084552
52749,-6.119362284805272,-10.024609449098625,4.67923836270512,1.289499586123498,274.30329699296095,0.7895076854400385,0.0011543846129111802
52750,-2.913977605950314,-11.680084527097897,4.407927399437194,1.0107948034278096,467.8325600865226,0.6442264777572175,0.0011545358172812422
52751,-5.753398469560594,-5.970993427502165,4.434323395344756,0.9363772909628914,256.4124880492633,0.8606568954612053,0.00115472066861627
52752,-2.443423989871498,-12.148986637497588,4.799843539604981,0.7993422777905609,308.88924918598013,0.021205708845630333,0.001154794711589218
52753,-4.1640934605351205,-10.647119545890467,4.270446105406091,1.1766039102584374,298.83656630219326,0.8359344174843395,0.0011551312626456043
52754,-4.92460076335464,-6.330967690427164,3.3568721245941253,2.1759888685720665,414.35178611478506,0.8826613125973992,0.0011551613979462552
52755,-9.73003192128687,-5.042379375401505,2.9403440668888923,1.112790424456875,289.40877771160336,0.696148745396246,0.0011551655917970015
52756,-5.259803688452929,-12.314884776844886,3.895393171423045,0.8220933542149111,441.23303696785337,0.23815912886370239,0.0011552717316451679
52757,-8.632162822660593,-7.483378616461618,4.825572937545351,0.9568185078457632,198.28513024424944,0.4054304316418271,0.0011554361053891864
52758,-4.89628756307916,-6.3804708907806,2.4618288436564764,1.4102471952421172,316.1886350771715,0.07041761192503149,0.0011556091503068513
52759,-4.860635233402651,-9.726986508892516,4.883658079684515,1.0659471666016342,466.2857803479549,0.154904305520005,0.001155830795186577
52760,-5.708371302032839,-6.34212057172607,1.308136161489579,1.4950983353919132,336.91718406196173,0.6456002634449929,0.0011565034562008628
52761,-9.730232576508314,-5.291120167638603,2.9702128185652485,1.7484566070223417,412.3690145355097,0.10485504994428752,0.0011565061639151385
52762,-5.503833704991349,-11.67511517948287,4.002293760804727,1.151100550958685,466.7488988054062,0.27254411206604257,0.0011566256196743113
52763,-6.978119764002716,-9.570742900568742,4.70378768205621,1.7272071949870413,404.6852632935712,0.02106633805446112,0.0011567551944647602
52764,-3.5090802999718074,-6.65804503441992,4.568433746284922,0.8520863663407525,242.14816166396116,0.48240459595479024,0.0011567765373511464
52765,-5.4559314506859655,-11.797440890843516,3.974582273177182,5.110611938823934,629.9819354361105,0.725247231162526,0.0011568643745640793
52766,-9.071134643521114,-6.207048585492667,4.79536896127414,1.910567413761645,469.18182937807745,0.6324857352526987,0.001156884880483465
52767,-5.646275905547905,-6.605760452321965,0.907839841400402,1.2311155574860098,258.1089302760297,0.6694323478489048,0.001156962843200357
52768,-3.169669786398024,-11.531492189383924,4.037685366681394,1.0138856419526203,469.26016353311667,0.5939277072778522,0.0011571423036730673
52769,-4.426624738299187,-6.567343194772614,2.185963286026076,1.6882717302623345,398.5635057265589,0.31757591019725595,0.001157327109829001
52770,-7.843632788675411,-8.8603777683787,4.328586568053323,0.9005296422496538,468.4488771897438,0.8029574830731852,0.0011574032610887025
52771,-3.669048244567083,-12.581556522771296,3.820076740086204,1.0507236967725009,468.6899277855578,0.8198216460371404,0.0011580180772579052
52772,-6.138571760765345,-6.121174526484249,0.5456644214636196,1.7649110849348308,469.80029108357735,0.165189667036179,0.0011581056531789937
52773,-5.917134590258972,-5.061652627600454,2.416824524903614,3.1904082050494122,300.67379780720614,0.1512239451507824,0.0011582172528630588
52774,-3.6712833493401833,-11.887317325232864,3.9037078552937974,2.102212929995837,249.41229305220742,0.44319834339804043,0.001158580661923695
52775,-7.712483612430138,-8.847546906601371,4.582611766718731,1.4182243792965945,324.2608931180393,0.2055315344209374,0.001158770978428858
52776,-5.735077653491348,-6.951709734690353,0.5033903115229168,0.9185748895443397,468.2878111876844,0.8375212094911673,0.0011591754132355139
52777,-6.201729181170373,-5.7269067265119675,5.162484640397823,1.0426403314591666,223.48082811135828,0.12733050144308233,0.001159175680652921
52778,-3.7271953270221214,-10.609896622159233,4.277709134639023,1.147726491349953,291.16222887608774,1.1346827854536317,0.001159294056541965
52779,-5.584462066878472,-5.976365532495698,3.8559944136937294,1.1455937812535761,236.7546765953274,0.1591621626086548,0.0011593014327247488
52780,-5.947492826741994,-5.587071171664013,4.271457078364278,1.2249008251480398,141.98843416510263,0.30049542415692354,0.00115934065808978
52781,-6.3207268443021505,-12.324238988748947,3.872896268430833,1.0301145694741136,281.07763127952563,0.8691997795761592,0.0011593480788320793
52782,-4.86640173135849,-6.379845146714491,2.470261782238721,1.99992950715388,405.7683129376477,2.1945172690862025,0.0011596163316224808
52783,-8.172032805408378,-8.565843726681859,4.093440616917728,0.9048400628325353,239.15131556901412,1.0307249636423466,0.0011597397117652005
52784,-4.8294590818050995,-10.59435234110819,4.3167316339509965,1.510820780531313,348.28105798488167,0.12336781784761008,0.0011597866712561291
52785,-6.508442211217682,-12.689994838468706,3.789460535041632,1.6511683615672548,467.2364846938529,0.04563834353673624,0.0011611114511949523
52786,-2.4690852486999058,-8.050942244058126,1.3362912118274677,1.3630981283184695,292.1037146066582,0.1060814886028485,0.0011612456252068294
52787,-2.6882039487071587,-7.544414416090024,3.8728526806369623,2.479875996564959,284.2167444269913,0.09738924768320967,0.001161326610019587
52788,-7.150691251868402,-11.45679062295299,3.4945977159706665,1.817834699917038,434.8016814108949,0.30985921578537745,0.0011619878470130402
52789,-5.135104652782604,-6.782270751943962,1.1215561677116204,1.115390518477779,468.1650624687845,0.7635208744790454,0.0011621843757361112
52790,-2.189721331487945,-9.528105012744652,1.443181933603658,1.2304555562095771,254.6718541341318,0.09834558861068654,0.0011623950346894955
52791,-3.9384873211805536,-7.460022146969715,0.5407087587880375,1.4231319003696916,331.94440017858886,1.748086917012488,0.001162435429660514
52792,-2.80544697332859,-11.293387139920315,4.7886959768236395,1.8256321936825635,437.0291626599938,0.5414377352352746,0.0011626155202501178
52793,-4.182873379885599,-9.554490110065736,5.014349990209813,1.101264721873722,468.18601528413905,0.9058445303513869,0.0011626185804840164
52794,-4.285878058297804,-9.717272104632144,4.874587349276938,0.85020701224587,467.13909340037344,0.08920520885631866,0.0011626906706669988
52795,-4.799804568289917,-6.658595091600814,1.8675442727274114,0.8177047941039941,230.3157157770645,0.6811089577955665,0.0011627927207250172
52796,-8.295056723686434,-7.833672591697367,0.3656098601134827,6.31773711333366,682.4659996343457,0.3784295914700282,0.001162824029950416
52797,-5.992558075197677,-11.767289896285769,3.9845769022812907,1.5851720072189195,182.36337936011637,0.40391591643097424,0.0011629258588379582
52798,-3.614005507920303,-6.585327382226158,2.4605702902118756,1.9901435773156753,402.13565117958495,1.5868922107377967,0.001163064000463821
52799,-5.897229118344466,-5.198428302544657,2.3779515512993625,0.8639826182714759,467.3792208873651,0.5684920439954553,0.0011631924113575192
52800,-9.223536063454105,-7.234934462272403,3.8864921588410732,1.2345206811840925,309.23818501759115,1.5462432397017123,0.0011637487668280891
52801,-2.2923513498637735,-9.412611175178776,0.7831433232134806,1.048561772503252,274.15904092637265,0.9313641709574645,0.0011639017099715928
52802,-7.5247492227333925,-12.739535201492272,1.4073228292147844,1.0693831924234354,277.56592364159894,1.4193711604883346,0.0011640705791874082
52803,-5.721139458836849,-6.284172345141067,1.1678335237075943,0.930174291434211,243.97761297041188,0.7790620238804831,0.0011640853624919135
52804,-3.861507763941895,-6.566857583767617,4.2142766042473605,1.183091927465001,255.09763924601643,0.8490713783087189,0.0011641072112820155
52805,-6.403068102401866,-6.269876838765774,0.09358442491252335,1.2560629719270449,468.8809948858685,0.7506920270775899,0.0011642190218822794
52806,-6.716753795369783,-10.26836403537602,4.343286121131121,0.8987255560388892,211.2768662412232,0.22882950659349266,0.0011642809591577321
52807,-2.9182174409785038,-6.96747700868299,3.7949454007818924,0.8630984545023489,467.21283730663214,0.16428191138297876,0.0011644337212432848
52808,-2.7973871050245505,-7.306042527315807,4.179486045898093,1.177190219494613,301.196061457208,1.6295032120508957,0.0011645527083684747
52809,-5.660715786226188,-6.263590344179752,4.989783700257894,1.031998865138349,467.69085508468214,0.8991878631198071,0.0011648246581987545
52810,-7.215930662863293,-11.433617183788954,3.412242330262105,1.1817861777174639,305.46363354571423,0.629026120589173,0.0011650084637623947
52811,-4.48531968113218,-7.182769547603328,0.8457195174847807,1.8230308079318809,199.07119329704867,0.3682232522388542,0.0011651597104077823
52812,-8.467518771641712,-8.400927834231727,3.658864673866004,1.7546074337766124,372.5252089669552,1.1366482436925915,0.0011652257468389839
52813,-9.616730221733171,-5.689556570288563,3.5456778694729403,2.9064929066612955,489.89717243472876,1.2610697033546767,0.0011654814823432165
52814,-7.652980045190693,-10.928013257098366,2.701099264787603,1.0414382221527372,138.11885813494158,0.3446398567884392,0.0011656965141458565
52815,-7.092014028911926,-10.930415121314969,0.14615638955447455,1.0342948697641665,269.7288919050235,1.3315995038071025,0.0011658570921429295
52816,-3.2300955157656075,-7.482038271775214,0.5979910847559206,1.7781709000467039,439.3922751201566,0.7912352165563679,0.0011658679004174892
52817,-5.503142993934035,-6.005022310637312,3.7613435576136123,0.7805700289876039,168.81545793423692,1.1117896238292584,0.0011659641926524504
52818,-7.447010638329419,-12.901226109071155,2.7422325070264852,1.7419749402937008,412.061584031169,0.11834880318996976,0.001166037068314216
52819,-2.0928203206410085,-10.885237257883126,1.0814441382825624,0.5523075985744178,119.12344352303076,0.5074210551810543,0.0011662312380513005
52820,-7.2587065586345,-12.83991252364854,3.130200010800396,3.2648141308488534,517.1819770466672,0.9944846429303693,0.0011664528709175585
52821,-2.493276653358979,-8.656309160379116,0.5346113455121061,0.9649508070603003,468.09958202972837,0.7306606071260671,0.0011670410380355475
52822,-5.54491038649589,-6.175104297238734,1.9151750639432499,1.1989301430470432,467.85098107789355,0.28351961295206873,0.0011671023769467266
52823,-9.213121915869431,-6.57019653418211,4.441021709100608,0.6744702632768277,136.57965730370213,1.026608968899395,0.001167287025966939
52824,-3.6745989005376147,-12.864293113103988,3.7955635599080755,2.0360356353737936,405.60253106816475,1.4132120231285716,0.0011676451980354274
52825,-3.123506528721882,-12.440415984215338,3.9365401551549435,1.786126255892577,467.76065739406135,0.15362540189330343,0.0011677141532442914
52826,-2.456817535302452,-11.321777714049922,4.945070684829136,1.0712708819966,279.6928303845728,0.7420690064559397,0.0011677190214848818
52827,-2.2551826403384734,-9.49067623456958,1.6459916797113445,0.9268745217102695,251.84523133367009,1.2301860364187673,0.001167726604318535
52828,-3.546302382221036,-11.306558307382025,4.022765210796815,1.1419300671624348,259.0525896814129,0.8647301481635958,0.001167816669075099
52829,-2.8013193529478784,-11.254459410024792,4.825734080407025,1.808754170173662,432.509093928378,0.527194680325862,0.0011682390868263403
52830,-8.015209960024789,-9.36615784632406,3.2050670673653934,0.7873301755950751,227.04981031104134,1.452407340780594,0.0011682843276101264
52831,-4.439727208734306,-11.022390586814435,4.1266229249736455,1.1247249228834337,294.2579033275747,0.6926298751776754,0.0011682968950029685
52832,-5.371841129160036,-10.689262163611588,4.2917684081018965,0.8589720791145724,467.50561238707985,0.6329673924775836,0.0011685242554871117
52833,-6.896802182538927,-12.36932929092356,3.599498022880828,0.9753586531482039,251.1417692715489,0.8064474310131731,0.0011686021072382234
52834,-3.7766071384872397,-7.180714862224833,0.9523104634293897,0.8848553192045456,467.73119570415287,0.41352444758156626,0.0011686428518919755
52835,-8.139224286881962,-6.36820363379301,0.14373339289705173,1.7365751585290061,411.60873398566235,0.435733606516588,0.0011689762146995357
52836,-4.3732153213225144,-6.953660108422994,1.3529868971298233,1.8382509472375035,440.068756446091,0.10853629886711058,0.001169052865820577
52837,-5.528455864358499,-5.906182311556919,2.625148562933096,1.8186284146711091,468.4370404216043,0.4083133092752229,0.0011690829679177012
52838,-6.028207726813617,-12.231213970975459,3.913735727660188,1.105373743234712,291.64986603763725,1.0431335190739768,0.0011692553838809827
52839,-6.0962495172191895,-12.908373457790217,3.8514691631710556,0.7185107114678251,468.0611082882125,0.3527633718072378,0.001169349775905067
52840,-7.610049171634206,-12.03749413544343,2.3420439998738813,3.5476515575168834,527.7331010969425,0.524281621463559,0.0011695381824869658
52841,-3.663375756128504,-6.7856641585880375,5.136321853649959,1.6689856890356483,391.041159358942,0.39390336226838496,0.001169842607572452
52842,-4.961727517030323,-6.857092741123416,1.1257688378893502,0.8892284610866611,249.42894105207498,0.6877938517033719,0.0011699646549909474
52843,-9.160449946711033,-7.673701959261853,3.2033411626556574,0.7423853929054488,467.8895253129427,0.5116579587589838,0.0011705203398929334
52844,-3.2962829675539327,-7.042289295792337,1.178263164882175,1.1674254077349784,297.839520210075,0.6635570183888388,0.0011710083602660666
52845,-5.676997497967312,-6.4221864916207085,1.0718930153180233,0.67972498761539,467.99202179006625,0.39775088921183865,0.0011710317842879641
52846,-7.247475206096888,-9.032445611988614,5.005030603757047,2.4713513212575218,455.4577632560533,2.4849059323567904,0.0011713847236130067
52847,-5.720852851691166,-6.601621384969429,0.7963504037240001,1.1767141873207374,238.25331901799598,0.5139671706257918,0.0011716498621966956
52848,-6.28597807316139,-5.04000860236056,0.6613112761918546,1.0756803634203285,276.88644487776537,0.45646435372281324,0.0011716758853127442
52849,-7.204611859759389,-12.653808387360279,3.2279926145675373,0.8649600675412757,221.3841496502386,0.523063995962235,0.001171831530365803
52850,-9.146217564224415,-7.273289663935512,1.0072866553464561,2.5491100732907004,323.0990786759599,0.0032838824370076125,0.0011720775711646222
52851,-3.228945243016776,-6.573739288740696,3.826617353012485,1.1053937008767158,284.8564043211596,1.3599408235893167,0.0011722456323302868
52852,-8.85239326655383,-8.331066697731146,1.4166046301160404,2.4166360973029377,444.0002121752956,1.2224726709738434,0.0011722854369563853
52853,-6.460627881660438,-12.211138766684526,3.84574279062665,1.467780027122628,303.46594497916135,0.1590745491155099,0.001172652501970992
52854,-3.432997236537184,-6.781984921511805,5.096018004014995,1.0543454834108634,470.2730331421274,0.02734332532658712,0.001172835391950594
52855,-7.62508544627201,-9.4337501574254,0.25252040740723364,0.8873749107770705,468.3136914285395,0.821908286860805,0.0011731212787676538
52856,-3.2240865499749924,-6.906066275256318,1.661239896581909,1.0990515656563151,236.95126339119273,0.1794542119416045,0.00117312171456951
52857,-5.810808816931266,-5.467050085941585,2.381272795846785,0.9213570678481309,186.17579064744618,0.08783464940693886,0.0011732403591457367
52858,-7.951655249946901,-10.251624958781424,2.074715694042311,0.873141357878882,468.4805880718262,0.8565112011077298,0.0011733163133148742
52859,-9.73115721949555,-5.019904085649487,2.770366708703507,1.9265897426118916,395.0187483238681,1.6743536018380292,0.001173664038804398
52860,-4.980910570947978,-6.4694866370718636,4.578426492107142,1.0390519617838085,272.3944120270312,0.27721046024465057,0.001173722550924819
52861,-2.19051365464723,-9.712583655794322,0.9642741534970799,0.9935059761223621,197.9472592953158,0.8994479410125491,0.00117385731404709
52862,-5.9497349087413856,-5.287840994293823,3.7410665857776433,1.8816596847101685,467.29325135557553,0.12150319673325516,0.0011740863677496705
52863,-4.581427601719873,-10.137060377851324,4.556460160242882,0.9054942997632219,469.0948527577445,0.15077349502673343,0.0011741253725558558
52864,-6.48774806973397,-10.020700165814405,4.602580037884519,0.6898399000371747,143.37432267510977,0.15739526058838216,0.001174323178479051
52865,-6.118974395303591,-11.688890180362844,3.986157515733386,0.861965279153148,250.51150073491232,0.8614808883811635,0.0011744870390065238
52866,-3.7206028626498666,-6.527200292130466,3.7854074426900945,1.8844172444932425,468.3690702838386,0.5084971668045819,0.001174613630372575
52867,-9.010810409136772,-7.613404232688392,3.7965425380359554,1.4689372840036963,331.43540433845186,0.9302513636257599,0.0011746288532560895
52868,-4.500725108748286,-6.437119614026578,3.2257815948149524,1.0003154412039572,209.1458622536997,0.04829983075044897,0.0011753427364663695
52869,-4.021253546754044,-6.677677390102953,2.0480496047656924,1.2813476168970395,308.395517154769,1.230928547510108,0.0011754825907341658
52870,-6.362115866001989,-9.467107923938466,5.107840501469751,1.1960157479603897,467.38371835712155,0.30422660379155797,0.0011755593519783424
52871,-3.1701067070635407,-11.639598872649277,4.014575249145601,0.7950691165102517,181.92922018737553,0.5240329603528728,0.0011756159914375838
52872,-4.79531493059592,-11.25638107455078,4.0623054562155545,1.2847583101003994,467.9965253261474,0.40227534095795914,0.001175769494881987
52873,-3.60273516587894,-6.544178885733003,3.913189323275993,1.838616532424694,469.88011661998536,0.09366403915719612,0.0011758771419105134
52874,-7.591950959378256,-10.52375162990766,3.110181258956393,1.856946039411895,387.19803698038083,1.7332866677325152,0.0011759973901646105
52875,-5.267683865644246,-6.4732854616160855,1.7430418659378064,1.0012749430161056,264.73381042785786,1.5892772300306408,0.0011760126975466484
52876,-3.725353335282433,-6.511761239681221,3.539999535087319,0.667558261296189,179.8728938308662,0.6192165796818232,0.0011760991639572253
52877,-6.085895320980613,-5.394559378905594,1.063848621094556,1.3859632091286331,318.77466246955106,0.8719062197061724,0.001176271956347989
52878,-5.003958571986294,-10.335712326356397,4.454633371871427,0.9896303575800409,144.69592968186794,0.250821147023621,0.0011763851174201678
52879,-4.6708309208619,-6.384550913096283,3.3677792358314775,0.9677586322055108,254.80619635004473,1.120075299538155,0.001176659432086493
52880,-2.881606524745207,-12.843605104742386,4.336303163294414,1.0233829561962628,174.80387423888212,0.15468404910069555,0.0011768414392068305
52881,-4.812130025941491,-12.372949120100877,3.865585060275796,0.8098132973030047,469.3706737300532,0.23339054168870188,0.0011768927110298593
52882,-5.776980462005875,-6.6150206948802,0.7205534897032493,1.1536513551831864,253.88508233858502,0.47066039884674726,0.0011768960467790357
52883,-2.0140915784933497,-12.60920484783167,1.158519569503701,0.5402475199943223,134.4847057779202,0.3398407632879419,0.0011769397725318303
52884,-4.922405088877024,-9.899304245206661,4.744425122939467,0.958827222982338,469.3045398884671,0.6284831356989171,0.0011769776175453587
52885,-5.240929876996644,-6.7918977942156395,1.098286582668764,1.6916622716804743,363.8018387588594,0.9569189104921518,0.001177045275784837
52886,-5.889810228725742,-12.755189765940276,3.8685156120418327,2.501964619603429,457.11731597549124,2.029288300142584,0.0011774304386732734
52887,-6.4922089102769345,-10.137874918465478,4.518881699592975,1.662261219641638,363.65995305542714,1.7805317783584558,0.0011774326940100707
52888,-6.811632465585254,-12.941900594979963,3.6141928034550914,1.8361486527327282,467.48550246244366,0.7864460339197201,0.001177606494801338
52889,-6.231766234430025,-12.039978176934811,3.9149928327506807,1.054292052086391,278.24152661918373,1.414290451444188,0.0011778757114828302
52890,-5.636155589575762,-10.429096671591813,4.426648250624394,0.973267439459914,191.78625593380923,0.3027308045787054,0.0011780955205055567
52891,-4.381671092523719,-7.205500686884983,0.8606934093012838,1.1874186941142417,469.3062801600627,0.14292669762907106,0.0011783894729417842
52892,-5.5499229315868615,-12.668523235913698,3.8679587310497303,2.4109939253281474,448.0444513690845,1.7908598476271935,0.0011784046751920634
52893,-5.381834323775407,-6.146708571291639,3.955817326904921,10.902895816722484,500.3072912366629,0.10954081526523307,0.0011784902307589724
52894,-8.050784954506337,-8.569037608516824,4.341780188951813,0.9488398176182563,468.0352365835019,0.0778830301370208,0.0011785410298507518
52895,-7.443471940601456,-10.51208316961727,3.4207651877670986,0.9245552915679524,467.9991215461845,0.5800772888512364,0.001178638729315148
52896,-9.723262704197632,-6.248470299243792,2.9716647979878807,1.7700479477229505,418.8534512832927,0.5346784609571582,0.0011792059913376825
52897,-5.714437937787839,-5.64857012123092,3.2366243142037687,1.1140306073265995,280.9882685184665,0.3235586981542262,0.0011792147687918362
52898,-2.4525737951746773,-8.986434988765385,3.5519058634439173,0.541316407796447,120.61497674743875,0.32233384411787824,0.0011792149687910242
52899,-4.374771336577545,-7.398957999454744,0.6007936262481873,1.18178811101937,280.8532863290615,0.8079561689245205,0.0011793827670160378
52900,-5.758345802892981,-9.865687113863778,4.801574677777283,1.0113206046978678,467.09293999286876,0.24391086762610215,0.0011796190483089593
52901,-2.241578281224915,-9.92008211118474,0.7717030231846386,2.070677742300991,400.2907267062029,0.8164628203998037,0.0011797811324306693
52902,-7.5206614834101755,-12.516423601613226,2.5627381477063933,1.0285001750831013,268.83382225216207,1.306169433859469,0.0011800872274106045
52903,-3.2452260866269445,-12.174417675146927,3.873571168617206,1.0564729530773864,277.64604773154,1.838134975548182,0.0011801727561832895
52904,-5.825894120625165,-9.680084729398072,4.957995149923063,1.8760563829659478,454.1841738900068,0.036162860030832356,0.0011802928959747732
52905,-5.011860195197951,-10.257064055198295,4.498133392241892,1.806416087085712,366.3908270155728,0.42847518973971876,0.001180445120527468
52906,-3.9872393029213633,-7.575727360305347,0.4111823796615469,1.2477721033907965,314.6847678924106,0.41854978101852947,0.0011804738434073496
52907,-6.099885909078596,-5.877115710994711,0.8561495203630562,0.9447782412767078,266.3509255240953,1.4033097826297967,0.001180522636850086
52908,-5.968430647025663,-9.974634068395533,4.71629864625624,0.8802199983277881,216.92033432505178,1.0500617797560468,0.0011806674298971026
52909,-5.589830109024317,-5.905718232265195,2.3081815672959083,0.7537723167795906,468.1656159375929,0.31469772896781034,0.0011810118043332634
52910,-5.787463471682869,-7.29304272732967,0.16044831323309247,1.7715084634656997,468.30068873995407,0.9394351294573431,0.0011812662103671517
52911,-3.956495675719955,-7.360490150073483,0.6971393124324039,1.094802138964124,291.676545775804,0.59558410666029,0.0011815395577370168
52912,-3.2379112801614864,-6.5761947815257775,2.6536939477601122,1.057083498317406,277.8005470217228,1.1389003809158869,0.0011815470963492992
52913,-5.775684764689229,-6.7174394956265555,0.6518449978832691,1.8130752990516676,470.2355296430248,0.18572526471772655,0.0011817159444569274
52914,-4.176681533479857,-12.922177380994354,3.7948367233604183,1.384785083690875,165.4947926974591,0.2492310725024618,0.0011818402590795009
52915,-4.10447719338541,-11.018750928378108,4.112286648701733,1.2094657098850776,261.2913779571386,0.940577914240385,0.0011820546439211747
52916,-5.591372480091846,-10.824208836392822,4.235468964964031,0.9629230069928727,186.5560616156177,0.5325005880751412,0.001182185736101557
52917,-3.831466599542389,-6.582189157677882,4.256484144077342,1.7520023327920513,414.94167540675636,0.2314743218223585,0.001182734759408335
52918,-5.618071461794407,-5.7996267233700385,3.116822822578841,0.7705411733543401,137.23998642227122,0.175652323837042,0.0011831395382402017
52919,-5.960239764101518,-9.853340587911859,4.8102803990254595,2.1321170279097097,418.24408879346504,0.4653840781908807,0.0011831448824862402
52920,-5.695678357494265,-5.722495095174128,2.4038337608838,1.0384669204157229,188.59032151000793,0.11325680895084389,0.0011833778691957887
52921,-5.206726311870131,-12.874679791124567,3.839234882693397,1.4877428273040179,334.3532051205966,1.2162747148328847,0.0011839308494317607
52922,-3.0348765606127373,-7.060045962438094,1.2532524417006543,1.2298925442705733,257.4993863302277,0.5054489106965709,0.0011840140492571836
52923,-5.096248277382514,-10.808044912608732,4.2220839061735,1.0375395633276725,278.72219440600793,1.5185325010034978,0.00118430347890248
52924,-6.794188048445362,-12.036968449649892,3.707602160142223,1.5361909117659518,350.1813628667129,0.6035249606194819,0.001184332297311515
52925,-4.6420419604332075,-10.551026390192755,4.317027253189492,10.522164962604482,747.0404450102956,0.19862854477157565,0.0011845833550458438
52926,-5.013474287058838,-10.515645929050294,4.349545913137716,1.6783104611255457,395.0718433276863,0.04624691680248283,0.0011846038208498024
52927,-6.600649654698345,-12.032242248270638,3.8130479873777143,1.1135625869920975,288.68111861505673,0.4438039219557881,0.0011846611352352165
52928,-2.3082353045257573,-9.703714703551277,2.2369633740357475,0.7551993839265629,470.4817847384473,0.22632810906446732,0.0011848423426713643
52929,-7.988579148873125,-8.228070502710107,4.97058960566567,5.519634159302528,649.9061413978253,0.6980340699205314,0.001184959063640524
52930,-5.2688601999355305,-6.2591075316901055,4.081247627180998,1.2744963771049502,287.4482030142793,0.0009145544367177294,0.0011852074638829917
52931,-8.750406370075389,-8.26276248218884,3.0732401601356587,0.6937264697010838,137.81991838780465,0.03399168682818221,0.0011852615054014598
52932,-5.703647464878231,-6.996441920305594,0.4489795113741668,0.939915378902319,263.53372460746385,1.747087608772631,0.0011856876791215116
52933,-2.348365404477758,-10.848269842428468,2.944959915446596,1.4550135897430252,326.0357974707072,0.3344217800948037,0.0011857359394031107
52934,-3.373636622653776,-6.7836822255164115,1.9246898329335294,1.810949188761821,467.81765271704245,0.480837148254329,0.0011861763599081082
52935,-5.566880791916835,-6.310533517068137,4.9128260576871385,0.9656996872171246,467.15834829063795,0.615374296940967,0.001186209611090805
52936,-2.093458602236006,-11.836490625314836,1.3021137401436047,1.7427643377869608,468.4951054660845,0.5666496225627524,0.0011867576371891353
52937,-8.088845563479206,-8.309324502061223,4.6636833986737765,1.2799473612538173,317.246884041818,0.4438518733950749,0.0011867576500196276
52938,-7.5319552360505515,-11.098181472503278,2.9343449110352,1.0043482313554333,164.68728028830787,0.4148748159324427,0.0011868140480459555
52939,-9.000715111766274,-7.940101110302506,1.1542533237496095,0.6712776894350436,124.51295907798287,0.03680221730547384,0.0011868705332444603
52940,-6.1948262918520935,-6.590106804097758,0.23352091243745232,1.6732202347493637,366.01290704690547,1.6180842113207516,0.0011869223672106486
52941,-3.512133892036461,-6.773974366724845,1.9924291238861855,1.6890469013717109,366.277878079586,1.639228077682243,0.0011870119087415494
52942,-6.6544595623635425,-11.074649115241952,3.9992518679090736,0.9975822233639489,224.06880573730578,0.16341450007403413,0.0011870510023064215
52943,-5.1313370132626694,-6.577581159635137,5.128658345970083,0.619682177781483,159.00174426900853,0.5688442418377369,0.0011872846212892885
52944,-4.623417508585997,-6.429273674276472,3.8037791835742674,1.44613911172871,325.8762285631034,0.9474010764786343,0.001187335622001876
52945,-5.140944115111337,-6.549029783394501,5.039992549717654,1.7673214746804533,468.4700165001194,0.3930635334293733,0.00118742555426901
52946,-4.907480790365787,-6.614330907441753,5.040082834088801,0.9671666927460623,245.5803598397701,0.39172170073753687,0.0011876253146240001
52947,-3.421958043930047,-10.1566573837727,4.520559865393813,1.2076408820865008,306.8535805517658,0.5298921768170031,0.0011878130808974721
52948,-6.309110950111016,-11.435016700264539,4.008632301421714,1.0776154619422704,279.7714393363195,1.3569981039747576,0.0011881783950804773
52949,-4.899976016707335,-6.330206120890957,3.48389323507897,1.1620576490360846,285.8918408670151,1.2976985226701645,0.0011883332912391996
52950,-2.3416172220449907,-9.767074497060138,2.6782355352134335,3.863508933867106,554.3841800913322,0.31900038109600004,0.001188589289529397
52951,-4.8313721344281575,-6.659072915681733,1.8522384307717217,1.050882228806819,281.0860434358614,1.863515472657241,0.001188929568456151
52952,-2.8007611807509516,-7.230107030467345,3.8290760958814554,1.7338072762053467,468.17184333957323,0.5051775999993344,0.0011890547896904848
52953,-7.290906935028711,-12.975664426953392,3.0547327221915226,1.648250512593473,383.5228131807969,0.13622259880987375,0.0011890744769298628
52954,-2.735263227551881,-7.309311074622274,1.6271558677666027,0.99617010742083,467.9849191319709,0.36104876118133067,0.0011890789875932464
52955,-4.218423439899332,-10.588833264485974,4.286420726272413,0.9713421382120674,127.30779335147913,0.3119142159566959,0.0011891729680356105
52956,-4.188904528303663,-6.50407621841636,2.8539092732172517,1.2085397678747747,306.56994989023326,0.7206930589603466,0.001189260278996399
52957,-7.9007922243175965,-8.518624316422063,4.700941082472224,1.920605551025734,394.0573434890648,1.6215372213755064,0.0011892682482944831
52958,-6.352151473959188,-5.552665485424538,0.41230100710134654,0.6710735524097803,149.73556850640077,0.11125134769529321,0.0011893013126085565
52959,-6.4735431558314005,-9.536846462508645,5.005393724034042,0.8964217610287882,174.26061116405455,0.047747812798493605,0.0011893420943752087
52960,-5.908273307455637,-9.915321957719867,4.75938944358022,1.3113038595750266,296.32519669893856,0.12893650782805555,0.0011893448282782283
52961,-6.078837375407181,-5.72729265810053,0.9100317483393628,1.6914769747679188,398.0492244378214,0.32265362228824923,0.001189552447506151
52962,-4.712435643645624,-6.674559768492316,1.8515173621754182,1.1531475026988478,205.96607960603103,0.09355852058443848,0.0011896113060646531
52963,-3.3047715373782163,-6.755239210883855,4.9524938690910405,1.0975377414002274,285.31875567276313,1.3074589459639983,0.0011899299489699941
52964,-3.561962076242712,-6.534009117258966,3.0053047373707535,1.1977078824300955,469.5674859961392,0.07815049232420002,0.0011903040799009115
52965,-3.5183079712761938,-10.357488937252914,4.394179022305044,1.0762554302013456,220.00664810873997,0.12873536188406387,0.0011903242345796153
52966,-9.524883053536197,-6.320052257343009,3.7793227003774494,0.7732367340387761,449.1968526567793,0.5224847751489952,0.0011903667385746997
52967,-2.686090556035027,-8.162718654477246,0.2744343902934128,0.7549035860901071,150.3050048382371,0.0038830271424012963,0.0011905117916257944
52968,-9.151803454494273,-5.070276898974955,4.553823691143523,2.392625645249917,444.2651024804746,1.5294428091549657,0.0011911438753743004
52969,-5.739101135089576,-5.73458593844398,3.6985597068856295,1.824306163024064,467.571085962587,0.40368291988474514,0.001191154280665923
52970,-3.674733561955782,-9.535362895555027,5.013850366870709,1.0197515631701577,253.83521552497706,0.8199766807339577,0.001191163604002641
52971,-3.850228420163897,-6.824759174164357,1.805649504321327,1.5435290392507766,360.3860185294041,0.2654584713561272,0.001191207186434238
52972,-4.043104812674145,-6.6661042375223465,2.090334531496788,0.7931665154806072,207.17059875080156,1.3092803676773936,0.0011912879222140738
52973,-3.7256081377131682,-6.513382397900613,3.199506937296021,1.424565358028312,318.2242192835554,0.025828383547710665,0.0011914645444352243
52974,-5.233292008888026,-6.2840102787542556,2.412516891166147,0.9819847695484413,194.38020377308055,0.964124419520406,0.0011924287738388673
52975,-4.380453340492193,-6.967036049140954,1.356491198059044,1.9883190041101366,400.51856189430083,1.4494710232422454,0.0011925787934949923
52976,-2.6783854683880515,-7.409371817675349,2.4028939048071605,0.9370379897848305,199.65015721278874,0.36004754900571356,0.0011926297710724229
52977,-3.0853064540305644,-6.688322170575283,3.1232936337222514,0.7535110098195913,468.5308649425845,0.2900253375852113,0.0011927150238835304
52978,-4.212563912909304,-12.826762176473022,3.803036389596534,12.484599189694531,599.032779028725,0.02401981630133765,0.0011928524062666454
52979,-8.173632735737632,-9.380177459542331,2.6181932354097985,2.5999298641957207,461.99476509630654,1.2071242240847244,0.0011930614308290088
52980,-5.629114773402415,-10.41264265711179,4.430080858319896,0.787935773841376,165.43071109496972,0.10564488424010587,0.0011932755998501972
52981,-3.0373959865333457,-10.518936297477248,4.547982463982947,0.9542132640379345,241.05314196506907,0.9393741426613014,0.001193307833129609
52982,-5.501196551828343,-10.07598012784338,4.633802871778101,0.951802208797869,267.41883315155627,1.6279298183661526,0.0011936807743447306
52983,-5.232523796036776,-12.102427471291108,3.9041751319322064,1.6709123553982614,393.99281663727345,0.8498436528500788,0.0011939094329079952
52984,-5.450938297166232,-10.194413183739542,4.553711948348967,1.0356867601374375,468.1898632675893,0.8782584469198005,0.0011940169199289067
52985,-4.708315850407645,-6.409530678767328,2.714222209152204,3.3720176820632197,528.0230453633325,1.3950802266928397,0.0011940825464471351
52986,-2.163932477289121,-10.557760888915258,0.8541904291291454,1.0540699941027958,468.04409243093676,0.07340877370363241,0.0011942772074481356
52987,-7.97074716521451,-8.980870004311843,3.8763709486856475,1.7776815642186214,422.485738059944,0.3487620338731121,0.0011945213378821648
52988,-8.09688186478742,-8.99992801374038,3.542384605894959,2.4822382178239804,455.6660780397908,2.1154479750430424,0.001194582521742667
52989,-3.9857174542188822,-7.82417400849599,0.16692164333906506,0.9130475940022942,260.1117140945005,1.2648184005965204,0.0011946893409050501
52990,-7.8906619993510905,-10.648458907929546,0.5283830464967569,2.0522893160139843,403.1876652500571,0.8568505377189659,0.0011949242411163012
52991,-2.9435559277144927,-7.181495327850363,1.0146819115634036,1.7660616584493043,433.25205259768376,0.6398947060113622,0.0011950203027355907
52992,-5.543685427286909,-5.8895096301296705,2.7790406990967305,1.0275466401776443,280.4666013909432,1.0479108569638704,0.0011951276227480875
52993,-4.104067707894549,-10.847209621024437,4.170371503211228,1.00304071517242,264.32894837557666,1.6654509165107507,0.0011954795762348538
52994,-2.1521193187790386,-10.19621143611569,1.40400349953546,0.9432158512753551,201.81560619154936,0.3152029803717342,0.0011959232431556464
52995,-3.731456856121259,-6.537511100836947,3.8444945141151416,0.7690532318787037,202.13445718824815,1.3120295784584863,0.0011959312081866549
52996,-3.3639707373572616,-11.258801828428592,4.019753228760459,0.9109846145327569,469.5681577284291,0.038715664038216246,0.0011961647882718321
52997,-6.077047297509507,-5.524569626862253,4.551625346543254,1.8843736483009246,468.78640648999766,0.6044165536953043,0.001196213619033064
52998,-5.290132793563175,-10.924874549995902,4.1825446959697965,1.5364495976961725,354.1971856458496,0.04178355466145245,0.00119622166387353
52999,-4.507492324397325,-6.448190039835368,3.768961919288663,0.8102076237996768,469.83513307862853,0.19243155876216367,0.001196289670249679
53000,-9.447271353734266,-7.319623976776141,2.278892291471147,1.113741214863506,309.20702031104156,0.5201069878622011,0.0011963435774729905
53001,-2.1523950455301355,-9.458281563321659,1.2216997435648127,1.4489252846321128,333.56446293967804,1.6229935327597298,0.0011964655624884986
53002,-4.205795216079801,-7.0167552661020345,1.1507718167855345,0.8973518953928051,426.3237003826432,0.8981132026084628,0.0011968815235493709
53003,-3.090847605977517,-7.229949654649024,0.9679779092647078,1.0803747207721572,287.19568220997576,1.527975467978183,0.0011968987781080553
53004,-9.556183027836369,-6.489959136606181,3.6404704767231824,0.9827747399834706,265.6316608235637,1.7718045747519175,0.0011972965993029044
53005,-2.6653620093973576,-12.219228670280724,4.9943998930924405,2.630304920946592,469.8088108146279,2.305758697098825,0.001197371317432919
53006,-8.825508803373166,-8.171564543911074,3.0372849807715756,1.8423691212463802,443.8723442574345,0.11971211036581852,0.0011977174378709477
53007,-7.227568882934653,-9.723338302479043,4.30058952292445,1.4218170018061929,310.75875751165745,0.33349649451042307,0.0011977727006454904
53008,-9.711866690971526,-6.347347617627857,2.666153844242643,0.9935799158716299,468.85204087338485,0.8703761801964172,0.0011978658342194906
53009,-6.326370774269508,-10.759214069913806,4.221645834955564,0.5634980168081497,115.90145957090402,0.17119936973745542,0.001197889244733082
53010,-3.569307877424432,-7.946282962891621,0.051321909274846235,1.0522803580520192,281.8552273431262,1.2182359333854524,0.0011980077896323598
53011,-9.315465266552058,-7.027998212000831,1.5936046079827155,1.024181784321583,470.3953803276018,0.020180419192933563,0.0011980600983107512
53012,-4.138714698812595,-9.396996189974434,5.1511893925769074,1.5367780792759478,468.1074042620142,0.735005732829082,0.0011981804142472705
53013,-7.035028721323767,-12.94115905853982,0.173125476914468,1.0405718691092587,224.58395224012543,0.09367617469260114,0.0011982206825179359
53014,-3.694898019927061,-6.515730055302477,3.24474268349423,0.8635230063965353,452.3365375065994,0.7461162916930553,0.0011983327384652669
53015,-9.300585941418209,-5.872708704620624,4.314552091637978,1.9926121362294138,184.3683377163844,0.27085974930936096,0.0011984490980920927
53016,-3.378803455989546,-6.646971052397159,2.325694747660491,1.5419270978145305,355.70168679987034,0.9535145276865391,0.0011984558615941625
53017,-3.4619015706278837,-9.704520523879687,4.850907657337918,1.7499672818730232,419.87691813857293,0.15682160303108716,0.0011986712257401526
53018,-8.145643712747987,-7.9539288752981365,5.0774979171082935,2.7901257078211272,482.1481850365274,1.6281658224166433,0.0011987527629167267
53019,-6.560318639077033,-9.494422589820992,5.012723791201368,2.192957415628215,422.31604821118924,1.2596568921480982,0.0011987707243983113
53020,-7.718453873221631,-11.224405806282318,1.4648739244701041,1.6656909207446615,390.56768182326533,0.26231251782475606,0.0011990585455040933
53021,-5.277535958949263,-6.279513575014837,2.1565509467392516,1.065158650830271,467.6478609042397,0.3898821309855114,0.0011991571224033932
53022,-3.2084141514053623,-9.964997338405954,4.702596902173112,0.5998535367904868,169.33984101327565,1.1314537974774783,0.001199428043737736
53023,-9.139549899746294,-7.342090246541769,3.914454557129798,1.6505782024242392,467.90146827260014,0.4087041859296745,0.0011999506992475032
53024,-2.348116787978986,-10.417564571228406,2.8977521275324296,1.0664426110294414,269.84369198495085,0.8726541374996248,0.0012000087554427162
53025,-9.33951863881912,-5.919689280509364,1.4944756838280902,0.5487875980953961,144.6849572129184,0.9808649288910747,0.0012001864329469793
53026,-6.95869628222756,-12.38297970838898,3.530316723480795,1.476147660716639,340.5482678717139,0.3881125611592786,0.0012003456273857885
53027,-7.629829094200504,-11.854009242451138,1.509704414839906,1.8349028993567142,466.9366282406529,0.09425977809513864,0.0012005141236758902
53028,-9.565957099154954,-6.215005680247682,1.9408687110556062,1.818008750099673,434.60547587924214,0.20469744229205578,0.001200789799874713
53029,-7.5797514958925785,-8.849943567154673,4.778639292664606,1.0080082500100764,237.6716055390925,0.17485927887362873,0.0012008359606514836
53030,-3.681933564806977,-9.39492701876313,5.1394414633623535,1.2401331417044792,157.49790697944587,0.26030178299662676,0.001201032362112254
53031,-5.328857099072039,-7.685173084364836,0.08945679546198068,1.8953364101244865,468.5302172091757,0.2550578711360414,0.001201201664433423
53032,-3.686244144603257,-12.49010374841242,3.810875990585294,1.5212340813602505,342.74506196240435,0.28790610262458216,0.0012012330203538708
53033,-3.174941939969096,-6.793248621917271,1.9974505083826966,0.8902861278527467,232.0384193736397,0.19343023846479213,0.001201562045717839
53034,-2.9645081424093087,-6.96512023911036,4.164935591829424,1.0061901927702397,276.39636134058645,0.9929338982436127,0.0012018556164250637
53035,-5.391426497279577,-6.142973704869518,3.894833272147048,1.2559227648975482,277.9837491536012,0.7065290521732219,0.0012019581548315579
53036,-7.0183184757867565,-9.641075306255363,4.589556967087187,1.1219393098204578,242.54810962202447,0.1042937973019642,0.0012020783584078406
53037,-2.2734482964899216,-9.898672774187817,0.6730672635627194,1.933028069643527,395.216109436089,1.6041225927786646,0.0012023488449414684
53038,-7.7537215811934,-11.280988944399317,1.818084913376921,1.2416893906938364,232.3130621498071,0.3940852629745608,0.001202362417528934
53039,-3.4896335326316743,-6.691436535563008,2.1246054013080813,0.8511710388353584,468.7162676390719,0.21464315362698194,0.001202868067864173
53040,-5.599420329479466,-11.966120687708731,3.934356124906835,1.6313004854616502,377.3871533235459,0.5182233931826152,0.0012028781093575025
53041,-9.109355720744485,-7.903539725178748,2.5232633674388127,1.195360857593357,467.53079046754397,0.2146907054577305,0.0012030302022268116
53042,-2.4192829846599837,-10.387311762379603,4.087810654882512,1.3615066603297235,327.09985338320104,0.23611939174522245,0.0012030536653695465
53043,-5.042771690716722,-6.668083674470406,1.6846315464066455,1.149853435525218,194.98384952694275,0.12004674822401817,0.001203426308260671
53044,-2.884808692724109,-12.818888635274886,4.305955653338102,1.2729637771225142,206.1310661129198,0.41904574709844145,0.0012035147866983568
53045,-3.4432076373435025,-6.528720314317866,3.460389886192853,1.8157690740143642,381.1470323156346,0.5355794184326568,0.00120355214352422
53046,-7.556476138783728,-11.817074233814914,0.32628712938836874,0.9892808448798162,201.33505794595965,0.15309309143845784,0.001203817814779883
53047,-8.952059695639884,-6.9172894339303825,4.7595148483336125,1.098070478495243,288.84975155082026,1.6490335921651669,0.0012044081297649238
53048,-3.5549907520362343,-7.638953610209558,0.36905095715828945,0.7688223167291804,154.2282238593567,0.8974104599959141,0.0012047217616518034
53049,-7.560646222359457,-12.55361759776558,0.34778829931963423,1.0130621287662311,172.70408046032156,0.15791438940514269,0.0012050075243027183
53050,-3.5194524416192667,-6.525134548632787,3.3297596671191028,1.7752149133546975,423.71244616057544,0.8505036014888292,0.0012050390977314137
53051,-3.4063758566361795,-6.992084663736105,1.4105764542726928,0.8262826653420348,436.50780728812,0.18764744929657695,0.0012050433781185543
53052,-3.6881301484306306,-6.581729171693688,4.1140950302775,0.9419100684202382,245.6423599323624,0.39522013400809275,0.0012051054033474647
53053,-5.763058047492452,-12.846491263498411,3.849290387877441,1.8528695680685467,443.9257789723667,0.3838756488967485,0.0012052009830820281
53054,-7.014658365432002,-9.245324558109445,4.986271894419873,1.8348608287194197,439.57646764005995,0.5921225250892581,0.0012055288117552292
53055,-9.159080143631602,-5.385794402303429,4.56042187405717,0.8240836528230577,468.8803115430747,0.11975611471034764,0.0012059915657582534
53056,-3.809756938910148,-6.6984682660869055,4.782313614776099,0.9191585955685868,162.2721251177098,0.4038551763354663,0.0012060858627972607
53057,-7.670762518130262,-9.996419175561293,3.3301453769575717,1.0295898783636588,432.298520509018,0.7858082797427866,0.0012063386347891147
53058,-4.276587199553728,-12.537344881728863,3.8192200863367947,0.7269330730713733,152.74647932360156,0.9859556928020341,0.0012065689962094807
53059,-4.648384402283616,-11.684566681818698,3.9453346384519934,1.2622985855959716,302.64618440580665,1.2326142281997976,0.00120663429798851
53060,-6.888032082549477,-12.10337224688467,3.6223895728017927,0.8089840396911556,161.10769004087663,0.11578180481063693,0.0012066990545421706
53061,-2.124586862138936,-10.085587353829013,1.293163859900291,1.8186829487852525,432.9217575310217,0.43922842514682436,0.0012067608741909196
53062,-3.0496179513494646,-11.921024451570698,4.08234730849647,1.0955129713057155,274.51312443457766,1.4211204856912163,0.001206985609769995
53063,-5.2015456953212205,-12.640734181247616,3.846194164836312,0.9546140467715174,470.27609261529,0.084910571377935,0.0012073218288993885
53064,-8.850932276919707,-8.101574392649113,3.1371799851371884,2.517796103240535,453.1100985921092,1.012318123856387,0.001207792928944409
53065,-9.239455866246514,-5.137305495218444,0.937250285217453,0.9084076994763002,189.2510008448179,0.1636463427736521,0.001208043967764439
53066,-4.403281405632384,-6.739409453321758,1.8364727557037952,1.02012863435303,188.99224797278669,0.10894335535161037,0.0012081036842786718
53067,-4.011217462219438,-7.968079257616624,0.02607152335053102,0.7108997711870053,142.62240395765204,0.4011790039970222,0.0012081822264726687
53068,-4.578670949895755,-6.601042437969145,4.678355991997839,8.78659003443435,427.3987608704394,0.14367122015643563,0.0012082195915574373
53069,-4.173509195386433,-6.484795094516752,3.0820679745087523,1.58745154723157,370.0238096393187,0.37970779439965074,0.0012083386899312293
53070,-6.038289320891501,-10.248009723795697,4.5156110951801764,4.703867625310384,497.41367680461764,0.059676237479366456,0.001208356320931779
53071,-9.270924161257987,-7.639800906613678,2.6626865690836303,0.7221985543714999,178.008037002167,0.24960898481162808,0.0012085663385708646
53072,-5.898917121102421,-5.901879324045964,1.484466101223698,0.8923157577847421,469.15711902566727,0.04515212183649897,0.0012086070662206808
53073,-2.9840818683512076,-10.060164503520044,4.925037790224182,0.789701539085912,216.8701820387876,1.072661710535745,0.0012086250337971787
53074,-2.6551779522987493,-11.92134086957106,5.081571173106804,0.8324256130860646,155.95494396861642,0.22831113366743505,0.001209018890810274
53075,-5.997613892578804,-5.322438300618653,1.855217373960171,2.2925004920887027,430.78420843657335,1.1705243662489577,0.0012093828300747355
53076,-8.051988366782158,-8.808568412605752,3.9524731300246367,1.576447219269212,372.97092352656034,0.37993458707124894,0.0012094087829699971
53077,-8.473889863395291,-9.162214569484508,0.9099466565226578,1.158147799118859,297.6583296858242,0.8373574516592148,0.0012095355634100327
53078,-3.649971423358962,-6.6346379929453425,4.44956728989712,1.6763578938316146,457.3086853201769,0.23571093109748897,0.0012097792097503276
53079,-8.105117123391933,-8.571039001264737,4.209114879289783,1.840933463707645,377.2710943640307,0.2887213574057048,0.0012098222100663867
53080,-2.5161591332384683,-8.15782746851296,2.7612859963493395,4.382173076496743,562.1812156900598,0.24367262500512865,0.0012101672932914107
53081,-5.469949003274051,-11.397715819528305,4.037491947693724,0.9447024298049161,185.15495830203326,0.3174325875946762,0.001210242801585965
53082,-7.583315258223249,-12.687708547113877,2.2544397093747093,1.820351498489759,377.4921065780098,1.0758540052287158,0.0012103212914766782
53083,-4.479942132046122,-10.433752363100535,4.362852897431493,1.399506678579415,247.60102974437177,0.4492189967974616,0.0012103794326123012
53084,-3.0991807877078728,-11.0205886004841,4.241380535589349,1.7769246901909228,468.0635781928963,0.7102343207092794,0.001210553186738714
53085,-7.912649231975516,-10.083048012671183,2.5169405391038953,0.9299190704265125,229.0638664497629,1.0417354968860613,0.0012107846351635983
53086,-2.743213324845259,-10.744640395384064,5.158825820231107,4.706710020785797,604.824918350175,0.4919456210980231,0.0012109037855966432
53087,-5.370555081389444,-6.608207386327982,1.2072044938630668,1.7531167241155077,468.52635789639396,0.7485703552127969,0.0012115993202041838
53088,-3.435611087702421,-12.872458112143178,3.774680649275203,1.8312192733828339,468.0669200683818,0.7926086606464295,0.0012116077334886476
53089,-8.485289941337438,-8.790632395104666,2.6546575301502786,0.9089129069703912,233.0749681941008,0.8744743367778414,0.0012121338686083552
53090,-2.2782928407731715,-12.362627816081133,0.4994274299421135,1.0773395692570868,288.24680367817297,0.7397502953076804,0.0012122748429804003
53091,-5.403705770021564,-6.38631707268802,4.777374041759166,1.514246296237347,343.8530985252085,1.5638686204197478,0.0012124490257509762
53092,-5.719915115687889,-5.693225634049186,2.4106675110539295,1.134416542862084,295.1089451037117,0.5191892822288349,0.0012126387373827437
53093,-4.64586833799689,-6.404178505382353,3.1249719593576355,0.7460606579989203,214.79223257918537,0.8125787945027989,0.0012129355424209598
53094,-2.533802044984103,-8.516310437223297,4.108053625138558,1.6146466754001343,468.10250519437875,0.48083680070666457,0.0012132190188553517
53095,-6.765293479047518,-10.667137247496258,4.088737373134632,1.7327391949718745,371.8123465486808,1.6809585530483133,0.0012132613664192025
53096,-9.560322595777777,-5.302909985844287,3.6425323861535497,2.3423778908666995,429.5764530311834,0.7403034762048515,0.0012133485869902988
53097,-4.02279596264059,-6.509441055229992,3.6180137255297034,1.087677568093797,468.4092837751959,0.4742927159160457,0.0012134196091278097
53098,-4.2579225354174515,-7.066086554678693,1.1233633721363951,0.9857622501015977,272.02790078223853,1.5486790871434568,0.0012135172494382115
53099,-3.654959638458787,-7.048001276461071,1.2899472922758382,1.1116800693375093,468.2081510705047,0.20724560461408448,0.0012135549997514125
53100,-4.263732084526017,-10.91072740621452,4.1389967825357346,1.0264101022524499,467.0131667312985,0.5905576926271037,0.001213639457228891
53101,-6.3945322469126005,-6.09196095051848,0.1409949002507636,0.6878461625576591,449.21689812587897,0.3950591089180566,0.0012139218133529902
53102,-9.258858491848555,-7.674184616883843,2.1552675747041254,1.8648263760550132,467.65093118269556,0.3083601521380279,0.0012139595440994468
53103,-3.5172398840628762,-7.0969742484481095,1.1047708947306223,0.728485476063876,185.83001818644217,0.1700986044320949,0.001214137669451975
53104,-6.128967088793196,-5.321358798338999,4.447424569744149,1.0556178771361366,218.97517077627947,1.0847930961902916,0.0012141433509793359
53105,-4.039939295073749,-6.500262841020026,3.323949413907467,1.5438264018824726,342.7326988316139,0.8186855462234996,0.0012145598689603297
53106,-5.150634213604495,-11.950831946343635,3.917726256043073,1.1087674434857415,264.111996701727,1.0203845267540812,0.0012145682603701899
53107,-4.729891494915725,-6.402495797255,3.5710981741323677,1.7469131189951699,375.8391252803933,1.8066205214719062,0.001214672581674968
53108,-7.726008895683368,-8.849177034281228,4.5366757826956166,0.9687827007934317,223.20100887446617,0.4077535753381296,0.001214687217146245
53109,-5.822401002054145,-6.253515272351892,1.0772525430970803,1.8001544651433208,465.4043199251062,0.5794308240023449,0.0012147340756994396
53110,-2.9431266658492294,-6.9654068373904865,2.2437642673658864,1.8024534576907036,467.948753051701,0.06848738451888448,0.0012150077181986147
53111,-4.5553680929118565,-7.973279932039703,0.005529915840301484,1.0948151401733943,467.5479670448321,0.20438320539654686,0.0012151810440334265
53112,-5.667099857615255,-10.66782408384314,4.2944244251443555,1.2576837908092693,168.13107208094834,0.20833365884299848,0.0012156131914497742
53113,-6.938293941196621,-11.009058973038247,3.8244759024205806,0.9356929254464181,427.7080318989376,0.14117620322741153,0.0012156406849858222
53114,-9.337942477490264,-6.734031210869135,4.067035207759134,1.1471626469222989,294.32222709421023,1.0896977188922365,0.0012158311866821755
53115,-6.415117494488394,-11.475142924368333,3.965147754152848,2.540970985586299,461.93003539799605,2.456295892476369,0.0012158907340461642
53116,-3.34862064127793,-6.541417581406017,3.5683604910406768,1.1603735498630332,188.6299978319331,0.1436210397828388,0.0012161103585131231
53117,-4.742022448240604,-6.908453062902015,1.2985577842689064,1.5585775208110455,360.46344242646614,0.2946529140374077,0.0012162747093171287
53118,-3.638044169286121,-6.583034897642326,2.610140204795897,1.2231702998157747,254.20056717838943,0.38366202441793806,0.0012166533974799052
53119,-5.85444350875332,-5.958619470694864,1.7003211212234515,0.9238171420314518,187.08074944626162,0.05961307396809268,0.0012168151971662126
53120,-4.480490339237307,-6.441252978769368,3.474792031061695,1.7005309515058626,204.31389559186294,0.3496889132849361,0.001216868219803248
53121,-2.443310784630497,-12.312673486624366,4.768363904096792,1.0556503108063864,143.17387435540743,0.2942161888998136,0.0012169735528800496
53122,-6.027948520091941,-5.3605341312626935,1.6702564222694758,4.91248769323858,472.6067318023243,0.03501276134560438,0.0012174783767224901
53123,-7.566294164253956,-12.53957453605326,1.519655733474707,2.3963635695929555,444.8428075332257,1.5673721432350787,0.0012174968594863655
53124,-7.241912171044904,-12.760464249056476,3.1400999983659887,0.9241908978215512,468.32940329645703,0.5645263601181565,0.0012175077722051105
53125,-3.2805295971131976,-6.592538658189912,2.631105669369843,1.7642827637850231,415.93211861646137,0.23525776257542663,0.001217695073940395
53126,-3.9480371321468146,-7.3121898274384955,0.7555987530419074,1.4937977849732227,467.96298166205435,0.6972619081760953,0.0012178382395788539
53127,-2.603593994127598,-8.070278813399817,0.5367482582530436,1.9904479721589396,397.8494034205379,1.155253659241855,0.0012180229883906135
53128,-2.43453814759013,-8.432857015819552,1.93335235934822,1.7732492915523461,422.81943309047125,0.8540765870289784,0.0012181435413110221
53129,-6.045136944194704,-5.977558687843967,0.9341445277298066,1.6261550562554632,456.93264067717024,0.2116311218524869,0.0012182419325493512
53130,-7.6426952651149795,-11.789174718298687,2.2426041097355114,1.0621157338646856,273.0863648760523,0.9395448176379153,0.0012182659221680592
53131,-4.0080807872893605,-7.268820012860141,0.8061243961366009,1.4820741400702164,353.7644910347209,0.5368738461217095,0.0012186813154594501
53132,-3.5818989830866172,-6.771423739613638,1.954635945058786,1.6447689061395823,469.73169821595945,0.11257063443646231,0.0012192055729448844
53133,-5.641935054696663,-6.09823807206041,1.907337977581744,3.472173593985463,237.63051914913453,0.3538515722063629,0.0012192241140882186
53134,-7.4849001725835596,-12.939220650798383,0.30463817391189957,0.9660915241268251,198.50519064040998,0.9993964293063398,0.0012192866601862427
53135,-8.22962463450721,-8.159629558511329,0.39521089726844505,1.294905417771202,289.513513065663,0.5883998602104397,0.0012194839847224025
53136,-5.9800675785938004,-5.122469023339175,3.526583160976717,1.1616317340830578,296.6875156935031,1.0343897654065932,0.001220035632410118
53137,-9.225869556407899,-7.030801105218617,1.332089427814331,4.090506209362538,529.1716994807568,0.16078082183711562,0.0012200585675603952
53138,-8.141692195165293,-9.19163168519746,3.075303042113285,0.46894770951384146,108.63994284617102,0.33687795307545443,0.001220067789410641
53139,-8.877899746819612,-7.988902003784203,3.3330185988792076,2.093601222376559,413.6389643604836,1.4651842084245246,0.0012200917235297604
53140,-9.030370489104317,-6.4205062059559665,4.815902583378929,2.4444019497933933,452.95974982704246,2.4473358062198196,0.001220174590743304
53141,-6.314125205270021,-5.195347353839292,4.901728931203118,2.799011944649835,231.19054198323755,0.2620851564212314,0.0012202800566112537
53142,-4.915185207626665,-6.623313306383633,5.014107474347517,2.2533571442149536,432.2267207405655,1.8250907542949575,0.0012203624340744233
53143,-6.74494638647374,-9.468806676021847,4.9435297458851135,5.652632102718679,489.9997451387678,0.0031794648281433524,0.0012204113461925735
53144,-6.908966163713314,-11.405010179095491,3.7295169887957766,1.6307756526317316,382.4400775454328,0.499232920735019,0.0012205415578205893
53145,-5.4660660084964725,-6.064080646531168,3.5802774250667895,1.7091834137245812,400.94873882769633,0.1194882959476633,0.0012206437365963514
53146,-3.8677535111913164,-10.588325975180755,4.267553643712396,8.335021482006734,297.31520678160706,0.3831793689058589,0.0012214986875165202
53147,-9.669010918166396,-5.3920375965832426,3.253849405181369,0.8949990844829819,197.33689175496903,0.9344525491252265,0.0012217355677678256
53148,-8.742142712647269,-8.551728272613211,1.2705338090140041,1.0903326630105208,283.02559854909686,1.673666112590376,0.001222146395520293
53149,-6.50193595318817,-12.20834982940652,3.814591402177294,0.7017207280536142,185.88046188183802,0.902173765931634,0.0012223966376681036
53150,-3.5612923161242893,-6.660400999181922,4.499515638024063,1.8562776262409588,467.6139099442299,0.7297216063503695,0.0012225716037569147
53151,-3.9625706479435374,-6.800714003674047,5.17621424299395,1.7639613232885645,467.3820088031151,0.48559059819851935,0.0012226600692787977
53152,-5.875562019696112,-12.26891157538511,3.8941000875941216,1.5951939665752846,374.0857897355091,0.2744723190652971,0.0012229192168567698
53153,-7.6565833733141595,-9.1875742749076,0.2407551927906752,1.8228078722669416,436.1536342313351,0.03486807464495367,0.001223255090764869
53154,-4.96941770304935,-7.810118312498154,0.08423043419612301,1.8285420723672383,435.9678201362432,0.24385101847141843,0.0012232746867926656
53155,-9.398494149689409,-7.415391479780754,2.7315577340314787,2.148389245414496,419.51410164418655,1.5416387037100279,0.0012236972133886426
53156,-5.944872864981534,-6.03378624963267,5.002190401435524,1.676224647898844,468.37428863578896,0.34959507395633604,0.0012237260010436442
53157,-3.950204550201123,-10.009245960738582,4.60982946021612,1.1184257361513528,468.4731804007251,0.6666030782739574,0.001223959450196367
53158,-5.577244618040303,-6.318921280116669,4.917850423837085,1.7253707935444018,370.1117632504887,1.5817507585665505,0.001224602359334498
53159,-5.310905843640361,-6.454757882117574,4.88618530861319,1.3558641196857444,298.45778633207925,0.4129236389583353,0.0012246261968593276
53160,-6.63333386090964,-12.708449749681963,3.7133918529076633,10.774686481961055,400.60745326594946,0.23518718202509614,0.001224694353081959
53161,-6.128715936224903,-7.059394891620903,0.020676133670318692,3.098984215531721,491.9744252673863,0.5410928915502584,0.0012248349947057658
53162,-5.069218750034325,-6.281318271895498,2.786121781115809,0.8675044724415949,186.68933529283453,0.9680952167232393,0.001224998138296278
53163,-4.358677114020381,-10.401077488754206,4.376319211854804,1.1628213129809466,298.1850143652088,0.902648546555378,0.00122505786777684
53164,-9.101987487683589,-7.917894445645999,1.7700362917361292,0.8473071168874402,468.2993745865341,0.2900930946553535,0.0012251082301378618
53165,-3.6382657657728092,-9.533605973974199,5.003222892236109,1.829298983952062,225.62709329398444,0.14531876353492557,0.0012252803289466373
53166,-3.518128487090948,-11.520352396422858,3.947261357639091,1.1488454966452257,277.6867098098986,0.1451754348188219,0.0012255687527062094
53167,-3.2211370290666066,-7.129736187895162,1.0841299986522352,1.1889000976882447,468.20811601579464,0.31309674202265203,0.0012259473910916307
53168,-3.861451006556658,-7.589942365504004,0.4503952411835099,0.9831990711677338,258.8016909983677,1.647973266390709,0.0012259600173232762
53169,-7.903606617195924,-9.761192814138633,2.9592799052261936,1.0065471047528678,251.75485408607705,0.7881193783375435,0.001226027069918093
53170,-7.001325353488253,-9.96966224894949,4.324419917221197,0.8758713217461416,466.4369270149042,0.6486822208134795,0.0012262389547935786
53171,-6.308674467914619,-12.292986608195722,3.8529886845391523,1.0421298140586275,243.1187180108694,0.3417497498987867,0.0012263016214596114
53172,-5.658587176219478,-5.804890964785791,3.279060425495203,2.595260177781094,463.5164732277752,1.4197523394262328,0.0012265318549717168
53173,-5.628874188660947,-10.420760089207592,4.414028880101055,3.0374830040788185,497.05797759104723,0.8859391263343674,0.0012265350782597114
53174,-2.0580889931293314,-12.412290543464634,1.2176833609201474,1.7893410888610741,424.1409217215505,0.07349745317875467,0.00122683405575885
53175,-5.349320972933339,-6.336559938608184,4.548910780421263,1.2234127798956058,298.9237598123297,0.5993143250680797,0.001227064280362069
53176,-4.115279680250463,-6.5672358296269016,4.031205265661219,2.057827973928184,382.60167320576517,0.44343999490145247,0.001227221133471366
53177,-7.944055911199035,-8.611083699778133,0.3140761843883789,0.99453580879822,468.1810717658357,0.8419400848776171,0.001227232885749703
53178,-4.903956170071863,-6.3442151566409715,3.257388591426277,0.9833624948248878,468.2488812604995,0.87098059559984,0.00122729703403246
53179,-9.456777759724002,-5.089967472148688,3.893304540285947,1.0493004030326465,270.67649476202047,1.468274385876847,0.0012273682082457986
53180,-3.0820742382057675,-7.070754809319145,1.2538155518411336,2.082001486061527,409.2821610443996,1.2549716396336468,0.001227680775918539
53181,-3.660268585122978,-7.676486287846493,0.34301531125577367,0.879257877258412,222.72410663966392,0.995131385589203,0.0012280235162870753
53182,-3.396566152570114,-10.93277585409236,4.112690937910055,1.2901563313733535,202.470187462005,0.11715496208435727,0.001228047607402043
53183,-3.997814214440809,-11.824873536999007,3.8885942103294764,9.374823010374971,422.08738463818906,0.2057097415034841,0.0012280684725332082
53184,-2.422523414860893,-9.991036802196126,3.9489464920161237,1.190196373982373,243.3752840619947,0.15842154557722488,0.0012280894552150299
53185,-6.762265034290813,-12.660298311998208,3.645703965670093,1.0557722480665188,279.9208303352478,1.2876928205712703,0.0012281125935313727
53186,-3.023998062282849,-7.804669531976129,0.38089799454949,1.1981052445889904,466.97688316882454,0.3325105971597617,0.0012281666074495082
53187,-6.674756340572241,-9.570513900449582,4.880294374291263,1.4737636036003205,468.00166570701896,0.43148914529050675,0.0012282154740104994
53188,-9.10604772014224,-6.142724095064064,0.699748056414993,2.0931432144433924,415.2020236826154,1.8970892011451204,0.0012282725094227987
53189,-7.255026182211985,-9.132041466113398,0.09583822409708588,1.4517966669584301,468.85187378367,0.2650932660552856,0.0012283249965504763
53190,-5.1192680410658875,-9.600159828459386,4.987738021181279,0.9958456583289588,208.52234130454707,0.01145946044317192,0.0012286405058013405
53191,-4.9563441093258875,-10.592419377348001,4.294844447773936,1.1276044887336711,288.3746448639161,1.3636585214664994,0.0012288694056232304
53192,-2.8055721441059926,-7.160745130433745,2.3279851035880257,4.026434170901749,560.9712571814589,0.468497522749594,0.0012289495449595868
53193,-5.165868456925967,-6.612148342878555,1.6171453532476938,1.4803141621027767,338.18757551798143,1.2469947761184264,0.001228969618651931
53194,-8.53174560948953,-8.95588157955228,1.6390160964570144,5.692279412456126,256.6630863487699,0.38987625272995174,0.0012289871634649954
53195,-5.731673048292577,-5.7437624605498545,2.2400968187603802,1.2017743493399158,280.1484919896148,0.29791906721955996,0.0012293789086961257
53196,-2.6151538224336583,-8.022577134273137,0.5376379491760219,3.311090941208425,521.672357640555,1.1431682481943648,0.001229507024508597
53197,-4.062634100473701,-6.615291230956539,4.421732742537244,1.8043330732648972,377.87014387735695,1.3102588165420581,0.0012295224843892024
53198,-3.7115890547598864,-6.636416986520076,4.343758561240987,1.0104256593983452,468.4024754486393,0.537307102253509,0.0012295602935387536
53199,-4.47718674263424,-7.900560220421321,0.0814444938999808,0.7812679303687987,468.08130926782815,0.304163004302092,0.0012298032074591412
53200,-5.330527207876709,-6.230192407953634,2.2145797196998043,1.4088804870020883,286.54915758481144,0.2596544915642385,0.0012298454633455243
53201,-2.2949133455174415,-9.11947917649069,1.6020305906463461,1.7842633193142943,423.89079118629405,0.16722987906754305,0.001229993204947479
53202,-6.245771129700538,-9.939409763717244,4.700830924082291,0.9020280562903821,185.92848886571508,0.5437973767107414,0.0012302780013292132
53203,-3.903054481516744,-6.64004923565613,4.509048225402754,0.8960199413015267,225.14370676926538,1.0970906604959287,0.0012303325778544115
53204,-6.018330420214047,-5.233028609648141,3.8131423707467365,1.1960177603537334,306.8426532081486,0.4522248573085088,0.0012304700879130412
53205,-5.437451492362804,-12.898385053890745,3.8277364790383253,0.6727637992568186,205.15479716558204,0.5263610993004884,0.0012306966530908994
53206,-9.483548747230952,-5.510353727578068,1.7868393324565806,1.8672354859382803,467.7122184244436,0.20196732999031486,0.001230821713089422
53207,-7.449908105149296,-11.749353518967737,2.8847674144851836,0.8249214631019123,184.4676600764007,0.2683936627809915,0.001231059804849188
53208,-4.132519363946887,-7.935366133749302,0.054666273174145394,0.6768485760538495,152.50090576528612,1.1949006709507684,0.0012316544112331567
53209,-6.417519122232252,-12.82887803321955,3.7805417388525893,1.0641504025241009,285.07066114833776,1.1588445449767164,0.0012317837277775296
53210,-4.0944359982367455,-11.590817106815292,3.93476568215268,1.0036845650750756,266.7633161632616,0.7620127739602491,0.0012318172765087671
53211,-4.167756592827648,-10.294171378885613,4.425494082830675,2.5027061608732177,458.0139571195786,2.2985101929360257,0.0012319409898526445
53212,-2.211707420781643,-10.67576949625237,1.6232738910395084,1.347953563584925,294.7455292366665,0.18881873006884753,0.0012321399075590253
53213,-2.0802270486572336,-12.36380710224404,1.327479037215084,0.8905473844516555,355.60029773173534,0.047661414672148794,0.0012322743386772265
53214,-6.04539548574019,-5.0940286730321604,1.9999194616624822,3.7008761277001043,284.8083598816189,0.4770087789688686,0.0012323532344214
53215,-2.1983762434556686,-12.13502916251077,0.6693542482792522,0.9756291859044659,467.62907312733,0.664300280624837,0.0012323757669192063
53216,-3.1293829849848827,-10.024881532777533,4.718468543972122,1.0816713882911844,268.1191398233777,1.662654450306838,0.001232412875878696
53217,-2.213875804246019,-10.336523373430778,0.7948464652504702,1.5378977677141155,468.5828291834768,0.4898752851314123,0.0012327240184534577
53218,-4.827319881279148,-6.3644087845591875,2.9935781598517273,2.5733782507175147,464.11733912621645,2.0788421465739964,0.0012327240410255375
53219,-3.9234508246488122,-6.870972864606253,1.6672870084439593,1.0788937635555862,281.01886819571854,1.4573585394393982,0.0012327779286072384
53220,-7.049715274568209,-10.428953257543085,3.9786912773498906,0.8666109374354058,209.92477601773118,1.0487539764815512,0.0012329040064138462
53221,-5.032341604984346,-6.362546974623833,3.9814422263351226,1.054227227214774,282.2941153141175,1.9013106753642495,0.0012333939034675802
53222,-3.2481785002150163,-10.023974854504733,4.618880981654495,1.4144985941698385,468.3121909784294,0.5029142009858054,0.0012339403878981968
53223,-4.7840601876336795,-6.407939806340595,3.302820420937625,0.8321762467145358,467.6000775144963,0.10130356356364967,0.0012339801458383984
53224,-2.872901812984444,-12.298619242832443,4.3831806043151476,0.9597069410504226,198.0998250740251,0.9563007528459968,0.0012341512505479023
53225,-4.812447535525987,-11.393818100875043,4.006480184071396,1.1522723130802233,294.74185034569285,0.9391210953493614,0.0012341948562766467
53226,-9.380590702255121,-5.2494404512855875,1.590710929305752,1.784509243112343,425.55238205564706,0.5487039671646476,0.0012344306929479483
53227,-4.2322837927901595,-6.7726521662882835,1.8477995835828929,1.051275816365149,177.67472577033632,0.034049258522043324,0.0012346202830501502
53228,-2.422146446594229,-10.464609170932011,4.141468619399693,1.279182880030628,286.07950076303536,0.721010833458771,0.0012361234265285898
53229,-5.8190276546169,-6.264899416053251,1.3042023396608922,1.04796856252753,138.5871131728469,0.27787328563953295,0.0012361815418499382
53230,-4.9947936238422095,-10.67472273188541,4.256001524382816,0.9252393098516435,467.98496954881745,0.36109351833018,0.0012361864354107914
53231,-2.9057853437923953,-6.9940257897197755,2.3552285503990054,1.681962993561788,395.07337387601694,0.6148004028748879,0.0012363344568083277
53232,-8.216369990793034,-9.251644817983664,2.6813046429950913,1.0239170559729025,212.3777088382937,0.5757082025783182,0.0012366361616974572
53233,-2.8899555189209742,-11.03743980303097,4.60781580509261,2.233922651250074,418.48350578427744,0.7498165221173414,0.0012368696343985337
53234,-3.991353987690795,-6.571481570863138,3.9659573028595614,1.0056823241958393,468.56744646344407,0.6510473862196955,0.0012372093664639622
53235,-6.4423836748157175,-5.6571095693708955,0.24692608391974713,1.8430917445594504,467.8480496907181,0.21697727157135205,0.0012372274317540561
53236,-6.013185549879678,-5.46175137005179,1.6583616060515753,1.3647815344975307,318.82340773565085,0.21622920788169342,0.0012372373786492992
53237,-3.514235088719854,-10.083382359808558,4.54621579102943,1.3071660519126858,467.7764068146759,0.31765481044004673,0.0012372490699682915
53238,-6.410437961315907,-9.497577998792941,5.0457338254405535,1.1732449298518008,243.32549485727864,0.08036253315711583,0.0012374223445763347
53239,-5.294472868418411,-11.606592065384719,3.9744608135052006,1.018032737178195,271.8949051151253,1.5603145986475173,0.0012374520154851446
53240,-9.178083293754037,-6.984172023187822,4.23428511915242,0.8820289847883405,230.08614136062693,1.4349516372480826,0.0012377122138732776
53241,-5.141415850596339,-6.255771028661404,3.2385430001396234,0.929541706227996,467.17123823266763,0.5969364681362501,0.0012380868876814843
53242,-5.881140161835984,-5.61777932043403,1.993442930052786,0.82316807176777,470.02520347430715,0.09769184640248696,0.001238177607041824
53243,-7.694654908537656,-12.65692384954734,0.8898322538387629,1.8022164361773994,429.3470223183463,0.04490752886287819,0.0012382801239686186
53244,-2.4379341408828363,-8.184165227964513,1.1577286044144628,0.7066188908203673,155.25475607893807,0.14757563086637493,0.0012388326347832275
53245,-6.225847644337222,-6.711406767467782,0.13160177070485674,0.9081458819476098,184.20307447923352,0.4003024608313508,0.0012389901299222996
53246,-6.077428543113096,-5.021608519171408,3.7088357714980447,2.517684807621194,459.70443129842124,2.4262463867424033,0.001239185935085749
53247,-3.3959569026665504,-6.6214491818754295,4.140043731615264,1.4527958114274566,325.937847808411,0.31516908593917226,0.001239516844530759
53248,-6.20717703604412,-5.1061756473265705,4.423251954778269,1.1221928213122407,282.41974126495046,1.20395838008608,0.0012399637854159226
53249,-7.692579339503035,-11.377654132057236,0.404323887312887,1.3174097550904513,467.82927327113873,0.7798174099858004,0.0012400629231031893
53250,-2.108323513833472,-12.860577852020178,0.997411827176666,0.9177604253978854,248.0210877509479,0.17353342469820365,0.0012401134537593057
53251,-2.161374315441912,-10.213615750552565,0.9896746954798661,0.9387309285663473,434.6945880593023,0.22071480321877512,0.0012402105233992045
53252,-4.397510783231561,-6.550468630497773,2.627029965739398,0.873572710861472,221.795946039823,0.8241296246176537,0.0012407832109338649
53253,-5.580024708028805,-5.954118226455864,3.2406196651136647,1.4219335007838023,323.9846904116416,0.3963838721421933,0.0012408988702587104
53254,-9.362165336188797,-5.746681097096628,4.145813202003298,1.3312894091587741,304.1226787667003,0.3813744953724454,0.001240910122873449
53255,-4.536183816413194,-10.086466588810215,4.566076520922233,1.1647234563015278,468.2139517839423,0.9330533045408052,0.001241032900090465
53256,-2.3977709839979697,-9.366783243157446,3.126401534563207,1.752666898377364,415.26763794348994,0.4139547081249715,0.0012411911475429028
53257,-6.881970287636209,-10.082419053190312,4.332951274444434,0.8639599719290824,241.77036775343097,1.1034087489258813,0.0012412768011160755
53258,-2.5193373023917696,-8.609382164803304,0.48772548099318763,1.5712908538689732,468.33099689689305,0.5101712995022014,0.0012414774148758508
53259,-5.836309775359263,-5.529048216931692,3.449677715624398,1.5247046436277085,351.9640223175024,0.13632969241883686,0.0012416359835385827
53260,-5.101308678034245,-12.899082397760376,3.8073870650505994,1.8859512729824994,454.8651970860768,0.0382418364024355,0.0012416898645486543
53261,-5.635544154937368,-6.769514640429103,0.8277611042507032,0.6336816017040127,196.38882290353902,0.970293880567989,0.001241729362382607
53262,-5.627593336618395,-10.73288558043756,4.254569509417036,1.0805961444263428,227.42972410856385,0.5291967455803785,0.0012425307046619435
53263,-3.8762928229695355,-12.819303790755749,3.771796287186796,2.5322990194309942,349.9127645872088,0.01909574126503255,0.0012425435227964084
53264,-9.269986381625513,-7.504819860854282,1.7469390863985557,1.2314131150148626,312.1816111350238,0.423748713510375,0.0012425540688730794
53265,-5.69528823781347,-11.80256519886365,3.9511398664271513,1.0999958007965447,466.9941927782834,0.6248995022846024,0.0012425784164616846
53266,-2.3809957116020435,-8.451513292846476,1.392306666043391,1.002847281007295,203.15247915426352,1.0317016162926196,0.0012426328720157958
53267,-5.942717972227769,-5.173815044883916,3.191381525126737,1.8524728032547628,444.4619237628616,0.006194504659831956,0.0012426612335804151
53268,-4.2678148141496886,-9.911439683134171,4.683708844752838,1.1372375685421188,298.10773486237633,0.7461771175770702,0.0012428982204339405
53269,-9.594462366859819,-6.686506825668331,3.343236450424944,0.8352041145186537,170.7134355568474,0.22780923484227422,0.001243132384625969
53270,-3.561814842228637,-10.220765813846118,4.461319984146346,1.0724640662806786,232.09612800228498,0.5789225010833823,0.001243421316884059
53271,-7.884319822197301,-9.169534620169419,3.781321371418533,1.0207461091422196,468.04528191400186,0.11564047714822223,0.0012434841309658755
53272,-2.7775829722948746,-11.294904332939081,4.832741698493047,2.1318201328711357,419.71213336891594,2.0381643667354448,0.0012441312511591853
53273,-7.6842742488969265,-11.236937573210033,2.3332798777366217,4.052834499422128,569.1681609606957,0.7206537937885376,0.0012442715531289792
53274,-5.057522623884118,-12.15013956489417,3.875236076365912,0.9694055692659306,267.69571837890163,1.7488974976225995,0.0012446880579465034
53275,-5.665944179770255,-6.4992393101075745,1.0596964132320081,1.3112204056608585,294.94053196032155,0.7702522037719621,0.0012448246067427236
53276,-3.6041813661106117,-7.0574462840935634,1.199660444810863,1.0059109764797116,265.38822530408163,1.491784266956036,0.001245325817601226
53277,-2.1383175864498947,-9.796317437387339,1.355151158941352,1.7416613380422639,412.2185848540651,0.15204271311180761,0.0012453571623205748
53278,-3.8118036777289106,-6.53272409052027,3.1948032809068674,1.8699223998614505,468.3791595488093,0.6394616175907961,0.0012454297141015057
53279,-8.077004227162291,-9.5884794657031,2.59030941235514,1.6182434656969058,377.65632639314117,0.03615662391172325,0.0012455444240800897
53280,-8.199789538405453,-8.698579989526895,3.761562050695639,0.9290170076290976,468.3700788899771,0.6393702140843116,0.0012458294910134603
53281,-9.447372391051605,-5.560341345408039,1.729816878338098,0.8079149982908789,467.32349429352945,0.2822177407968498,0.0012458937016399628
53282,-4.973249234541423,-7.719595209323046,0.15254866188786131,1.089494206323881,219.746496677467,0.6534239484916124,0.001246000710980091
53283,-9.266674978926456,-6.477847437966792,1.3138866823102435,0.806285236408995,215.46859247275583,0.4158991572240236,0.0012460519856413083
53284,-6.290701957339836,-10.405719743635707,4.382454501391344,1.1125470470749825,287.7830085715839,1.3914105602853626,0.001246234643370721
53285,-3.500954715378181,-10.554808396916643,4.26950306330404,2.5942555916343273,465.84786187259493,2.0362914260444223,0.001246364466492842
53286,-6.228900605644982,-12.6920967944782,3.8228056909948003,1.8182656066679603,469.52466472739576,0.0038362505757589815,0.0012463729664126053
53287,-9.391725473450245,-5.474225327604479,4.063482212446563,0.9834239125228647,193.27226853596656,0.07554772468067572,0.0012464268482952567
53288,-2.416514341601496,-11.260520560424194,4.307266070293314,2.481571316823133,418.62291491702183,0.24236006558065526,0.0012468872728937197
53289,-5.518759939948472,-6.648112055904875,1.0474997380996893,2.4906736065700708,455.75730380606245,1.923795074158857,0.001246951937827098
53290,-3.5396105959604114,-11.98419764157465,3.8503766741958136,1.02731702053679,468.20187860944554,0.877820493598473,0.0012471163609685948
53291,-4.799243773493242,-12.863936544308684,3.793917178612989,1.2675374292647044,314.2577673840782,0.38259825137337256,0.0012474033904438572
53292,-4.837972955684869,-12.894560724791598,3.792477034452904,1.4089168594102706,325.30092591006525,1.004023246596085,0.0012475742427891128
53293,-6.331800602855671,-12.91517169762334,3.788815019842074,1.3262743357193012,317.8544866905807,0.8427669811803531,0.0012476767004886825
53294,-3.8479928008855735,-6.653291803579252,4.543451963290972,1.063047828832227,219.79488451739297,0.277355858827236,0.0012477225224321094
53295,-7.084032956308247,-9.957224672532494,4.248308724623745,2.597494715798397,466.22532225517693,2.0294439716173995,0.0012478560106236455
53296,-8.068429967557286,-9.55474593845452,2.687514302115892,1.8819484283805592,390.6829351934835,1.708734585834243,0.0012479388180331402
53297,-7.813994465007545,-9.486434325867314,3.5257534195653637,0.981496630082099,467.739229872153,0.8998294905936337,0.00124803287820509
53298,-4.503357868739833,-12.59296197837894,3.8046026147582443,1.2364986449922843,308.10418013778985,1.5612243739706786,0.0012480890958550155
53299,-9.588309602883697,-6.893995648507249,2.3785539443268138,1.8849742001434673,453.9105269995066,0.37776912836900767,0.0012487234757352307
53300,-9.2885411670479,-5.9600069856702325,4.313855321409512,1.4179300708324256,438.9754981097561,0.3400008317923531,0.001248915038199446
53301,-5.193908167786423,-6.3047885078816535,4.069365290000347,1.7948319420960825,427.04143665479876,0.31672965702887446,0.0012490233638795833
53302,-8.99130739317612,-6.012229785437771,4.906960296558675,0.8398818608839856,213.85861245398164,1.2606798563963801,0.00124914467999798
53303,-6.013672554627869,-9.831056088504173,4.803656553499579,0.9085496217134568,254.2851271726583,1.2216738629893564,0.0012492126362691493
53304,-5.2657493355176594,-9.7543415049151,4.85218111298374,1.4295379550771952,325.8808099633031,1.0454754411217744,0.0012496221631984946
53305,-6.867281729315673,-11.854767262206332,3.659207668777736,1.8024459219834514,429.81350032780534,0.2300627153339283,0.0012496616587148795
53306,-2.077183227305442,-11.106493092705973,1.2649755633782744,0.8686443441005803,468.4050526314411,0.8141627003352037,0.001249916758264112
53307,-5.552562995297903,-10.538658541250644,4.340798538037148,2.240975409085261,431.28925650406853,2.032372428401662,0.0012499548855694478
53308,-7.612751610188477,-10.921141628394597,2.774201634414242,1.0930569691761183,210.23245341861968,0.020439829031496437,0.0012500141233282422
53309,-2.6306819491951874,-7.571636880974511,2.5168254729006065,0.8960372438479549,223.66745274066173,1.2887570963915733,0.0012503074191029155
53310,-5.949988869047012,-5.1484893413665125,2.6538794231105305,1.1692230564710893,210.73941609181813,0.087189225381894,0.0012511061055598294
53311,-2.922275455404762,-11.534746213033317,4.377668098749651,1.710211279846019,401.6096499534533,0.5407585699852744,0.001251183202702776
53312,-5.108401196820766,-6.381549479990165,2.227098914181115,1.0095721747858641,468.01181860198557,0.3733581784280897,0.0012514162898236713
53313,-2.2870668998559616,-11.130766282749667,2.239781936063594,1.1062641593278337,467.77874313418465,0.9131355747841772,0.0012516111790416807
53314,-7.055014894269906,-12.758691623673672,3.3783516267251463,0.5003682577044067,127.32482002939325,0.8608434571382384,0.0012518718936675188
53315,-3.682338386683087,-6.645328496714107,2.400673498138682,1.80877506241252,431.258720298384,0.23531635131535555,0.0012520900909502055
53316,-5.209408638049843,-7.189305351389518,0.6117102519028804,0.9231857391448617,230.31005505633038,0.7439142659213269,0.001252192696556769
53317,-6.322106360480378,-12.932737560424917,3.7879850366634225,1.1889478782027363,464.75026184035374,0.31855771295247326,0.0012523288714979463
53318,-8.618870508103102,-8.454521972953888,0.6212198283660277,1.1580759140286667,299.5884033092027,0.7665640631145889,0.0012523528961002682
53319,-5.610778845949979,-7.097666061445516,0.46274122267129225,1.7216987680984195,467.92065767605993,0.10026400985789152,0.0012526531935739952
53320,-4.201480236715945,-6.502088392980188,3.5921759286211725,0.8890329155097684,194.6251455421995,1.1701156655788987,0.0012528817586774427
53321,-7.370611528685606,-10.007256527267433,3.853717946050121,1.3333001433978198,297.659789463167,0.7104572521822394,0.001253357244594635
53322,-3.8136746793136584,-9.707380181347439,4.834597126938089,2.344810829929922,440.6505189535716,1.6660102715927385,0.0012543703119462294
53323,-2.355749749978968,-9.039676144742316,2.108661798753087,0.804094910708774,446.957494756037,0.07567575368307455,0.0012544438693319194
53324,-2.8720311518299493,-8.220765748773324,0.10862565220584258,1.2390117659931228,253.66348945476895,0.11202869196843857,0.0012544809936196534
53325,-9.36879018705065,-5.656605257136917,1.5709993033872385,1.1765074692349333,205.79751169884628,0.09437807385730768,0.0012545351948493955
53326,-4.808525482005294,-7.857264850080663,0.09872759335407773,1.1131294393523785,265.91744872808107,1.2604190299893299,0.0012545375640736535
53327,-5.244382062888783,-7.518105736274456,0.2661552772745227,0.6788040835646466,160.8892903238843,0.8509544522403782,0.001254574095883253
53328,-4.4151646774358975,-6.760090126616621,5.124470888805067,1.4971615572113695,343.6286375662974,0.12324850779862118,0.0012550865074150686
53329,-5.191989694677823,-6.807639757056519,1.114351576736,1.149733445799388,294.3891225709308,0.9358630538888573,0.001255136140785024
53330,-5.969147300949233,-5.535363672870274,1.8267623677663491,1.2487764024959194,262.2829244414819,0.06574664897474847,0.0012552058803853192
53331,-5.971716460512405,-5.861337815370738,4.706585601912431,0.862036765550784,241.50793608660067,0.8798821206560445,0.0012553141463228575
53332,-7.631917669065423,-12.026503648416531,2.137774779875291,1.1634453809185656,468.23852253119315,0.39407621065672327,0.0012554664122003145
53333,-7.674584462671387,-11.612696393191195,2.1037513165531045,0.9022586455745654,467.8937795416105,0.5853213950102232,0.001255500645902914
53334,-4.814057259607221,-6.928744717970105,1.1536220831990227,1.1892580907952464,300.4132592960955,0.9679311250906064,0.0012557610414686503
53335,-2.165887607891027,-11.005962632325366,0.8111126683490927,1.2997852332155853,320.6501665142825,0.44602903969171237,0.001255764586895863
53336,-4.6271831459140325,-12.03116591950315,3.8695798859915604,2.5918421581816693,444.34981049901813,0.2203743206012927,0.0012559301874144314
53337,-7.997500295635215,-9.34003934792825,3.253562490505823,1.1072266279386858,468.14928872898304,0.8030021386816584,0.0012560430420415687
53338,-5.662333092907692,-12.331566097429045,3.8711216258539483,1.7339126556494089,368.1933476002536,1.0642421355309564,0.001256507968258618
53339,-4.3748001365784805,-6.475157478522481,3.385052116106658,1.035372089029984,221.23681031116698,0.7671398247724222,0.0012565492396666837
53340,-3.1541327947677846,-10.56315475037717,4.357744978913135,0.8686411180013563,468.4007731381558,0.8163321891761193,0.0012566153940111776
53341,-5.138317295549135,-7.219853053615827,0.6127809163094026,1.8374287989309208,381.5794562460886,1.2745860047270376,0.0012571603766883854
53342,-4.057609033699911,-10.068370021550098,4.564696333025404,1.8843464404059027,469.23995715334996,0.1495185644293544,0.0012572507876970728
53343,-4.5648618903939955,-7.276235521836451,0.729819773983,1.477601851462622,347.4485246855145,0.5491059555343822,0.0012572827203109953
53344,-5.957683658735513,-5.05242798971909,2.5742872980492777,1.579052454408277,361.52955961883697,0.1832975243385535,0.0012575154289639996
53345,-2.13479648008268,-10.349464285244242,1.3805540189983976,1.1106932272490901,288.0142934227479,1.2174580763056229,0.0012576386725778375
53346,-8.011619101242147,-8.290986133284354,4.810153762602097,3.7366390395550284,545.2886667044417,0.6375616530527823,0.001257775091071172
53347,-5.063468292031955,-11.83106306904824,3.912771800410484,0.9225206706560173,468.3653306466484,0.7737810465450297,0.001258041919100552
53348,-4.7508004832135144,-10.521831938463365,4.311743554836981,0.6537015728874062,137.1666086776633,0.2128409445910302,0.0012581160719395091
53349,-3.91806232327024,-12.550557901348709,3.786969052061421,1.7120570810776068,468.6261471032587,0.3580602232440837,0.0012584399830107373
53350,-6.007396553812127,-5.0691387701286805,3.3701281259794875,1.6304045900119923,377.66771619073165,0.05156134805816226,0.0012586092108034426
53351,-9.61715863089625,-6.866607368327597,2.7038383863967996,0.7473027261802185,467.2907135449383,0.5068735745418627,0.0012589087204762444
53352,-5.689562484937189,-10.38921249870663,4.421928675795532,0.8302762829167338,468.0349699593018,0.14886513697879966,0.0012590220772640273
53353,-2.797040585354793,-7.477849822914474,4.753997528870698,1.0846105853761911,467.4595602576605,0.6577329451029206,0.001259163995771871
53354,-5.090978440664883,-6.611423828009065,5.1197094261904965,1.6129120654130065,373.4952475890036,0.41784821459579025,0.0012592800478384472
53355,-5.929704670623283,-5.53116850806287,3.8960848868383717,2.8578207267352007,218.44856821419188,0.33384028232614416,0.0012594797202266728
53356,-5.931079427833793,-9.983592674539056,4.684640596159585,1.0817936265409518,467.51587163925535,0.41917004514972245,0.0012595070678185598
53357,-9.64891611145466,-6.300723154516441,2.295177974586822,0.9818378492200099,263.90979336992325,0.9153132120329284,0.0012596827083786808
53358,-3.108283779953145,-6.728335773817659,2.5808683380159887,1.1101621754904043,225.18224901090252,0.11165132297754088,0.0012598336591138361
53359,-3.210444676541403,-6.7758760955292665,2.0357503053491044,0.8990080478372631,469.1419776260759,3.7070827048069077e-06,0.0012600628219053846
53360,-2.203547161080407,-12.863148085175466,0.7231519962567658,0.8650136266615032,467.79893671625075,0.46578969242913804,0.0012604061140521591
53361,-5.8634474019706495,-5.813946597531597,4.234074456541723,0.8920244904253308,234.16579851356587,0.9684074585223863,0.0012613488302502382
53362,-3.810781247079408,-6.5517072068008,3.1998329554282177,1.1407230312634877,229.65110117030008,0.2180561557395615,0.001261395532336901
53363,-6.018975265301114,-5.662913717111812,4.4304292232805285,3.4877523195989433,533.1589913595826,0.940254170829208,0.0012615032939751374
53364,-3.1741813412636963,-10.762600733211395,4.239827077470977,0.7707654245322183,158.51515320170935,0.9616728702070656,0.001262037661147114
53365,-6.895506049786069,-10.194132850868495,0.07038242963053097,0.9618110829443062,261.5214007433779,1.1867344996043725,0.0012622048042329804
53366,-4.415658677697532,-6.644948946882507,2.0876893598050947,0.7229244523213533,156.9579072685816,0.4160757951697365,0.0012623253126650654
53367,-4.741639431156971,-12.435823647532626,3.817874796636782,1.1581663341915878,248.21941388785635,0.2313834013584506,0.0012623817878265955
53368,-2.069742729992492,-11.559925799139648,1.2950014543138428,1.0714045035219362,232.94130473090684,0.16881627798499288,0.0012624574355618963
53369,-6.507905488558075,-5.402009000111796,0.13699645584248638,1.1021266009646271,248.61439348977734,0.0667617916101717,0.001262813887738748
53370,-8.359674934864906,-9.420521421732786,0.9966341394198074,1.3872944387527522,332.49446836066846,0.2556210839199382,0.001263100122942699
53371,-5.281067571929382,-6.277433940915515,2.2678673978159467,1.3652486259290282,467.8432448072438,0.545332197160544,0.0012631189476614158
53372,-5.0622945387734966,-6.3332249710411475,3.8156450503027624,1.7504528986859682,412.73781245609274,0.03750274364642614,0.0012632333566551304
53373,-4.285057807881641,-7.33880696991367,0.7043532595179982,0.7938104323501827,201.8373211362222,0.9577136421892787,0.0012632898001379352
53374,-7.706075643235923,-9.610990622324952,3.6176596371219047,1.3698271754759679,321.79850608320885,0.9028911956073653,0.001263683314864084
53375,-6.048628073460192,-5.718779430847981,4.662597686920882,3.7313261853272635,542.7220646399463,0.5648703071957586,0.0012638473561379117
53376,-2.366418239592033,-8.624789637613587,1.081968686247018,1.4939596082243902,339.99623361624106,1.0730944273132215,0.001264031599254852
53377,-6.825561983931918,-11.938004318620994,3.671169127451109,1.547378547857864,468.08808851431394,0.6193463381547772,0.001264285607500669
53378,-3.054453042221681,-6.836250872877323,4.189604865045225,1.7840762923722473,428.4554622010456,0.16606887513816293,0.0012644366964771187
53379,-8.406222957872405,-8.035773568675365,4.426571488304184,2.2514217628737785,419.0757555455363,0.7528790051214491,0.0012651014856672306
53380,-9.561004067084612,-5.4903970632573005,3.62228991426849,1.2351783164848078,469.9438186517499,0.06488792414876698,0.0012651391424566307
53381,-5.387710515051405,-9.92384493616857,4.7160696523831405,1.0979741953814102,467.7837931234393,0.9084104425614052,0.0012653205180073596
53382,-8.76218904140535,-7.793235754697299,0.5631932727280963,1.0893169076891933,467.15306890378275,0.40754427629694057,0.0012653837142571854
53383,-7.553477763464862,-12.463328212060224,2.3948194355166144,2.254999047474926,408.6248891425203,0.5015184989244599,0.0012655014924492516
53384,-2.478471170362539,-9.145384784273329,4.176261784693478,1.228167850338862,266.16916057050776,0.0026926676359844137,0.0012660944740866254
53385,-3.15549609381545,-9.798997295187007,4.858355095846521,1.3731763158652508,301.5403608215795,0.3824452065721786,0.0012661224123246416
53386,-3.183843585772033,-7.62364816281592,0.49436956535739596,1.4445323512100947,330.5178253749054,0.8517865249420753,0.0012664387813935028
53387,-9.45155743845679,-5.774130672096707,3.9328460071811135,1.16202969480773,160.93071392636676,0.21656138936229485,0.001266504895907868
53388,-3.128260397603456,-6.837039019591766,4.645620242023341,1.8614515189574532,447.8214667653086,0.17716535740813377,0.0012667103461155211
53389,-7.74576211974233,-10.211323467757213,2.915543451403194,0.9957981787087026,469.46050621686487,0.04305144845700859,0.0012667821786473085
53390,-3.7971289114529636,-9.659595922193636,4.877745512461855,1.420644354645613,266.51717537914914,0.47555164513547865,0.0012668961779322945
53391,-4.757495233511291,-6.931516328044688,1.3237485118705314,0.89161575887816,133.29939389260545,0.2850349399369225,0.0012669520180846933
53392,-4.365646236947248,-11.2231404637761,4.023656804096545,1.7149454253597927,403.114391810745,0.2822423029621133,0.00126697653707835
53393,-7.30335088415299,-11.484579754330554,3.22391332408327,0.8651255017033489,468.0539506630541,0.7046698484747198,0.0012669868109927002
53394,-9.162595860526253,-7.00060892304164,0.9628924098535159,2.357675671638551,443.78967830251304,2.1171331156133286,0.001267211426634733
53395,-3.9501618476553766,-6.544286766599077,3.479974369491191,1.2164716226080539,265.063944645349,0.8982046563107966,0.0012674936126144554
53396,-8.181130684858173,-9.429774678401216,2.4344945886351796,0.9894703235933604,469.7587001546056,0.04761353256816214,0.0012675597920285015
53397,-3.284058299618655,-10.035157844488214,4.588170678833618,1.0204813504886436,468.4325082906558,0.5026758614420972,0.001267845613965087
53398,-4.049293908505036,-6.548511537159783,3.882746352139034,1.1098756619213794,467.4290317823439,0.6610711387117485,0.0012684255270127508
53399,-9.205716998127524,-6.542253720899581,4.416969183002654,1.8353047952151094,468.01832483578875,0.1809874086761889,0.001268884963947628
53400,-7.6390934674579345,-8.72734305600398,4.826200970903894,1.701967024498211,360.9634298397805,0.7214171212292539,0.001269143259289857
53401,-4.034399574878953,-6.780753542537055,1.9573015082075824,1.6828646630508042,210.12116119696205,0.4691055323599125,0.0012692149157972718
53402,-3.5019171587875846,-12.112540052897009,3.8237442039557625,1.7788091347587243,421.90849158665435,0.014591109267538371,0.0012692167072753842
53403,-7.863626001353038,-9.131795309739344,3.867531923223662,0.8119480691986399,192.41102584617954,0.17689216581354028,0.0012692181429400852
53404,-5.99495793469082,-11.399512595291752,4.022999049619933,0.9090756967904108,467.79418016033407,0.2764275325065979,0.0012692582527695428
53405,-3.153201945990469,-12.246423765292697,3.8914734142568097,1.1163557496183474,287.8844896036096,0.5665047443018425,0.001269271684880673
53406,-7.050735982736693,-12.395228066631706,3.4083127518743948,1.3187298101863345,468.2627768379458,0.45908631573933256,0.0012693634801105678
53407,-9.535859400602657,-5.076337284084722,3.6519087919229114,0.9950893556584272,268.0709060725585,1.4992122681425633,0.0012694646035484676
53408,-9.682472412385948,-6.472839447486556,2.97786853883851,1.0310368874182987,281.6006318558919,1.0867461003247207,0.00126950990388561
53409,-9.409929978381756,-5.928977763390336,4.039353572651298,1.5268765815653782,468.0834234345101,0.7214327344299578,0.0012695435637763738
53410,-5.985089302518197,-5.9460181674970185,1.2354672672623275,0.8197555730486497,165.80662447315765,1.0213766069684755,0.001269864433460826
53411,-8.64524494486031,-8.16640145695305,3.6071712103841156,2.386908067906735,445.9404720584037,1.9021528515686823,0.0012703053913870656
53412,-2.5820959959280634,-7.792364749216185,2.569022758443682,1.0595049560190641,467.82640516485634,0.9297025069747047,0.0012703654178812323
53413,-2.8108785852845646,-7.133819672458284,3.3238328511051978,1.7252918998297826,405.9121506146542,0.18039973379903174,0.0012708293309213004
53414,-6.501083143457803,-5.51552159561307,0.15421088209395548,2.7976799766982188,464.627252819361,0.40523256724807233,0.001270836724155198
53415,-5.826413561105388,-5.5183660888091035,3.1306359651493185,0.9873711731159812,265.5467329809414,1.4383440772622444,0.0012709822236343777
53416,-5.427212918719039,-10.934655769974183,4.1567156487634005,3.085676555737334,503.8498331619817,1.1178898673552125,0.0012710829854623686
53417,-4.42187433396962,-6.495751831709463,3.1529817735156134,1.5964893582214124,280.50134877883676,0.1723419958797905,0.0012712073522462856
53418,-5.474304636593655,-6.070038110816096,2.5471523452095433,1.188451457616102,466.9346902562236,0.3318729554980875,0.001271249012900783
53419,-5.734228455247275,-5.830582123419563,2.1655928846819976,1.683543795315455,418.5266744727869,0.09502859837610966,0.00127142411019887
53420,-2.5399396989276184,-7.817045421993377,1.1754753302155052,0.8363955716743227,468.7609644544396,0.0659499527218852,0.0012714769555651926
53421,-4.6977331465024665,-6.656283840759141,2.0011059200759296,1.2778956839580584,278.9188977776424,0.28153422208631174,0.0012715865890337318
53422,-5.731983646703584,-5.846629790942941,3.840651754491118,1.7126631905781768,469.4876531610017,0.2027670901138814,0.0012716824883019096
53423,-3.2532263577873186,-11.175689100252175,4.03603585533566,1.125263651031431,241.30104684290833,0.7494561701624063,0.0012718894463010512
53424,-3.214018359593579,-7.634316801866501,0.4703117461795267,0.7750024323786715,155.46489803881906,0.8530097134504233,0.0012721737779368522
53425,-4.657009144900336,-6.470671876437367,2.9686819378320224,3.866034542848552,560.0567724439588,0.9651135030002953,0.0012724336974589275
53426,-4.205217351139501,-12.9776749210138,3.7567253394411035,0.8403885932992713,468.4619215740816,0.20294461530795704,0.0012725347484529867
53427,-2.9450822992503376,-12.109230022444054,4.206126052141878,1.0582129384056105,276.734005297641,0.46738643022664217,0.001272798379618429
53428,-4.841030515540702,-7.624543578043191,0.2809492453817111,1.1983735768278252,299.6215396891027,1.2028331524491884,0.0012728683264890208
53429,-5.9334764335967085,-10.149982260498387,4.561145586974389,1.4419776971446994,468.0034950852284,0.4321194793554559,0.0012730149451774496
53430,-9.633371466971202,-5.822913912544572,3.3857987402349385,6.0596715973325725,669.7253494913919,0.35097662910430305,0.001273109896259381
53431,-9.679067204220047,-5.584890626222423,2.3833586946283,1.3770700214785376,312.9673474831321,0.3637565410305781,0.0012731824443698299
53432,-2.8434746394420927,-12.322969062440968,4.446072090489398,0.9796497198945405,271.71836013170935,1.6707230447901127,0.0012733157370101282
53433,-6.1023967953576435,-5.87163261981791,0.9360159244791273,1.4638619443124512,332.8621280777695,0.1547719283163076,0.0012733462348261029
53434,-9.098589081541235,-7.29824236357504,4.039413435065846,0.9290744405395228,257.4448872074104,0.6258678756301368,0.00127335194252139
53435,-8.638853732808363,-8.052049849109087,3.854550901901824,1.6721348673890595,391.2386341630281,0.05940422710058524,0.0012733991237952175
53436,-6.40485848673365,-12.743141670643936,3.7743764597616827,0.8668622326144272,467.3137547445409,0.593046305422809,0.0012734781028755666
53437,-7.4680449790533565,-10.426568621672459,3.3887856700752748,1.787052466175473,424.95027881626646,0.15031347662033845,0.0012735746280343261
53438,-6.592235252814929,-11.461620646940665,3.887478863975086,1.5058214487811563,338.6376149551986,0.14762998748574407,0.0012737183051725657
53439,-5.706564139214444,-6.154318966158171,4.640921951379763,1.1598869726819327,300.70719590842594,1.42790830915094,0.0012737219596300243
53440,-3.5033749076359886,-9.519162732929644,4.998641749844598,1.0257049955463824,215.78062726048393,0.055676000908170487,0.0012737573906532514
53441,-3.8044525913354255,-7.960651127811906,0.05960649552456674,1.6609749316903102,359.0386863035346,1.0780540455631913,0.001274162178262106
53442,-5.047240483730542,-11.135433784542753,4.07072776329956,1.117728904525861,290.9068118826189,0.912587367642506,0.0012746838804962126
53443,-9.66996130736729,-5.228059810661214,2.3229353809569626,1.3196336621878562,468.5535701244937,0.4669601594353656,0.001275248959398596
53444,-7.114659366574989,-10.119697775843685,4.089766400311421,1.1071098316011836,282.9057892669309,1.305554426272841,0.0012758520264825003
53445,-5.946049893076257,-5.505501200881479,1.9419064270701394,1.3274262376135382,319.8136264255009,0.5614608031627979,0.0012760085803455983
53446,-5.514135657695619,-6.647634191830566,1.2306345863732822,1.1988940267588835,263.0527899643272,0.9682934126605502,0.0012763050939695614
53447,-3.8942748420433464,-6.8571649871225935,1.799876998484279,0.5192086343630308,119.72370140099764,0.44197691024922126,0.0012765474069166946
53448,-5.267282233922353,-11.73308609909011,3.936405097990026,1.7770656613013225,441.27287562988107,0.8259079420983628,0.0012769131174806946
53449,-3.6378677387546823,-12.461097117986649,3.783499245697359,1.3964312680152182,264.36342212542746,0.029647910042434944,0.0012770838013337412
53450,-7.933327711458311,-10.278383956265184,2.051024478154509,1.2017000333478711,304.9314745885058,0.6517461601717223,0.0012771191214798112
53451,-5.964384967170602,-5.0371380701320865,2.643253272804818,1.2002885669174128,286.76681325031694,0.2455905677080592,0.0012771223562325087
53452,-4.4191719028185865,-7.505644776585369,0.49563157643218525,1.866237580854745,372.5850426643125,0.675349432134329,0.0012771506740092043
53453,-5.730683367302808,-5.8314040274170615,2.1420518020088166,1.1136946043760487,470.0793985438347,0.1583869282863848,0.001277467556186843
53454,-4.793496526497661,-6.54995267973164,2.130365792738123,0.9323791342257379,180.00861830616012,0.03761668470584478,0.001277898870427718
53455,-2.242656736158459,-12.878670752829917,1.8061085004850823,1.3489456000533238,293.3848080877185,0.26897430263703637,0.001278109264247256
53456,-8.4527341847651,-8.030056709379293,4.330358563812614,2.0673367780516574,380.47796149956383,0.4185584308754535,0.0012782687511041693
53457,-9.19649033372123,-7.773653408451494,2.2154191253916595,1.151607107655072,467.5974158609034,0.3554708761812089,0.0012791011433147116
53458,-7.623511104628978,-8.485326011491136,5.174949317744704,2.2912865866832495,436.80460666332283,2.0044152647390696,0.0012791432656824176
53459,-3.4524705244086196,-6.798903485775547,5.03127773718979,1.587611647140528,467.7740942577673,0.5869686154137641,0.0012791499738095894
53460,-9.140727619994239,-6.4295659264645355,4.5744734414272745,1.0045642043187264,274.9926725254062,0.7432469220898001,0.0012791757675845207
53461,-5.700203263176531,-6.183501673401597,4.728727961376465,1.0840255068838163,465.6810935363091,0.5457557056884088,0.001279705502155475
53462,-3.315949010446152,-6.692769729306798,2.328661311884051,1.5646769366189637,362.9117318889534,0.8645785378547322,0.0012797937891420306
53463,-9.436390952550665,-7.271986616445872,2.18581964431005,1.1493235209796484,272.7782261384919,0.4795486143697092,0.0012798244949194374
53464,-5.558005036180221,-12.7619450280749,3.8188105411770206,1.6710892118324305,256.03421578890175,0.040104129263263566,0.0012798960568102277
53465,-6.899692513910205,-11.91748666694741,3.6131861871419373,0.9280837543254166,468.1765045580924,0.6404607403269189,0.0012799719734742727
53466,-6.182777456895638,-5.571046014229605,4.78494426670497,1.612290578187941,467.75050280917696,0.33136610254741505,0.0012800342822145683
53467,-5.751728895735999,-5.8252984481258325,2.3430499827062907,2.3995084518474714,448.6244001816841,2.5352350920243474,0.001280171921344625
53468,-9.150096541606112,-6.00886786357022,4.590723285078043,1.4953948147418032,354.3414342067273,0.2994754495621068,0.0012803794166996222
53469,-5.541281516653635,-6.099309690079213,2.130420190580467,1.4599542673937909,317.7312330001608,0.5368444764146378,0.001280459154750229
53470,-7.0654624189877735,-10.859567610662465,3.738329956045602,1.1959297721820359,467.1239887862906,0.3366984996879667,0.0012807632184446021
53471,-3.5857484761837792,-7.071365236795975,1.2386028676818202,1.6257941910553013,467.92916485415566,0.6789277746943165,0.0012808568531828008
53472,-2.3296152335661624,-9.29676749474211,0.7524629721956475,1.033602784043717,282.1563284164438,1.2400371019080527,0.0012808623552806745
53473,-4.816015097173111,-9.716200421561972,4.853435178592779,0.6719082856720798,169.99119354099636,0.636307683957491,0.0012809761393901416
53474,-8.895800620171494,-6.709391200055467,4.957059208392188,1.2705433453651467,314.8586942096495,1.2715888830504216,0.001280979100350925
53475,-7.902626451670962,-9.841527392390972,2.832275358059236,1.0227940470350632,217.76008045002445,1.0021238170348168,0.0012810841540094723
53476,-4.751269747666428,-11.332901110538558,3.9974810450355562,1.1261317890095652,466.9332224939498,0.6100720522647896,0.0012811333825008698
53477,-8.074241600293085,-8.383603966557228,4.543370718194073,1.2044577007114834,246.79350155074246,0.7933208072162872,0.001281197238729095
53478,-3.987886177996084,-6.756672742794215,2.006501010185656,0.6106935818885695,172.9310724741736,1.152788807725722,0.001281378088263302
53479,-3.860070713266853,-7.541851181493363,0.5220420797683668,1.8762352870152101,455.1207014332401,0.1661698063973187,0.0012814770771075545
53480,-8.749718398104608,-7.942432411166438,3.776238066395304,1.6171886204729289,468.6094764932865,0.6495655539801417,0.0012815947643994032
53481,-2.5186216376782244,-12.713703746737938,5.173856251689899,1.1896790015614056,292.9539746714788,0.9571422793252244,0.0012819654068261155
53482,-3.3161858102689434,-7.813636441004537,0.23964078210326611,1.5997044726544016,467.82327983538875,0.16107637840025557,0.001282078089333115
53483,-4.386116821897922,-10.059066414404635,4.570958719777,14.748975308408202,414.9970765459382,0.2744439425359557,0.001282175440763675
53484,-6.191544775815273,-9.527957749847811,5.044053930388715,1.305060556904906,292.5170571331166,0.558957396202393,0.001282387898823382
53485,-5.4871045050530025,-6.978809272880006,0.6948288544962555,1.0098248837670412,468.350332762166,0.5174771661724415,0.0012827064131744564
53486,-2.6011842013699917,-7.737662265651763,1.9725965516901285,0.45922363376020475,137.84466076039624,0.25353995773186977,0.0012828017047667622
53487,-8.896737632069986,-7.900454228117109,3.452302716723466,1.212515281499653,306.2097799576651,0.7066507985959856,0.0012828873302163026
53488,-6.3912391960049995,-12.879298254163945,3.764520726091211,1.3945227871134656,307.64070310724117,0.07585109153750658,0.0012829210187018485
53489,-9.018620191942961,-7.863818302474956,1.141271157066899,1.7098372395322257,403.8972765190546,0.8572258079600914,0.0012835055058130478
53490,-9.350038321439959,-6.426135992617424,4.127933993861743,1.3311000663363184,468.79778837816264,0.25022682326391443,0.0012835087756015026
53491,-2.9173783993715583,-10.154534339856662,4.992247555961622,0.7058881939932097,448.4432046945594,0.41941516490647235,0.0012836232266251364
53492,-7.6059670640139805,-12.832265657045832,1.7771339285960879,1.830709147357696,467.73830237108643,0.3010189379745123,0.0012837026271268312
53493,-3.3669688953782186,-10.862439808813964,4.120986201061676,0.8111577749348552,420.27918377269697,0.4233396496020676,0.00128374979765952
53494,-5.939232884568415,-6.5791507906388365,0.6401891747653402,1.4782359406371,338.7221828885585,1.398195013352466,0.001283991833378029
53495,-5.78017543306389,-9.735405128581297,4.876809894436943,1.6884661374414143,360.0694489899883,1.1125430824786084,0.001283998624595616
53496,-3.0618329817136676,-7.093465660276651,1.2508960490339207,1.0984584957666306,235.2517662092356,0.6218805454041751,0.0012841817785383975
53497,-7.848965286819777,-10.64050787890442,1.4928580146147874,1.6102360364395372,468.6666874370036,0.8143486460204548,0.0012842259543556153
53498,-5.977188020784921,-5.466092062025684,1.9579909180928274,1.6930216350608258,398.18360385562477,0.25931374447546585,0.001284250835634884
53499,-6.028115940858251,-5.065807867500214,3.5215495078978725,0.839471043086531,467.3883145604748,0.1337994396256752,0.0012847871804257084
53500,-3.5057982035340443,-6.910273424657537,1.7249055492832743,1.2411154095596963,277.6296903555575,0.3333318607490652,0.001284943562997821
53501,-5.837754153141923,-6.446495007868376,0.8855442425042799,1.0553396274245628,275.76247491358384,1.3146962589610647,0.0012851566942720459
53502,-7.472037157119796,-11.80035004365815,2.789403940081771,2.584579693825255,463.60083163567253,1.6209998650624593,0.0012853959657121385
53503,-3.218137034595749,-6.593130310307283,2.975750009528818,1.8968582888773744,470.42084532438713,0.22685946696824733,0.0012855343555287578
53504,-3.972797352767735,-7.221848622322742,0.9479966122052721,1.0921740103696618,285.980566710004,0.915862977023699,0.001285760549301921
53505,-5.93019257431899,-11.872206125090715,3.923865050286746,0.8959738933795229,250.95531314623634,1.1760211615215441,0.0012858732078565892
53506,-2.4004735950696086,-11.69230208351063,4.031997991749847,1.7282355358448744,407.6313007422384,0.4999712488535648,0.0012860162419757774
53507,-5.168714487555982,-6.423288056548904,2.1618279384757573,1.510104576896521,468.7921581559572,0.3539490312402007,0.001286043007357461
53508,-6.978015141675181,-12.7689947749603,3.4430679348712334,1.1015814203804022,468.1079881853273,0.7763485303742188,0.0012860832265858813
53509,-3.5284522241195813,-10.923720243475408,4.098907885135664,1.1544465076302124,264.7885140985138,0.2626833740245189,0.001286131819704253
53510,-8.016990381338536,-10.066489577030069,1.9171402303906229,0.6962950419859885,377.56991064835677,0.3904020859722266,0.0012866839787407055
53511,-6.632189436978033,-10.266919954545415,4.345468592736752,1.093973831003937,284.19703944877847,0.75238736411697,0.0012866951745799837
53512,-2.7826091405107274,-11.181757325152338,4.835919419386878,1.640750023933404,381.34976796735714,0.7206206083541327,0.0012871544661880274
53513,-5.799158223685076,-5.8900355781508855,4.184758702475161,2.4514228519779797,247.16111307506551,0.17699450452112053,0.0012872209155737435
53514,-4.511774524498927,-12.309227146492638,3.8196077173599456,1.0927972364887604,467.4460731773916,0.28846699224402705,0.0012872814062326893
53515,-7.639524589051848,-11.139378649939404,0.33947803451754466,1.8897825793807612,390.5233440164138,1.6588072505778149,0.001287920804840918
53516,-9.602945477418903,-6.877638408795583,2.910183685037448,1.0489565709901505,469.89190672143064,0.07101678356251462,0.0012881167585357903
53517,-5.872116877039508,-5.538221119348882,2.236260534814483,1.1489792673981425,467.6728144624257,0.4957099003464789,0.0012881656182078232
53518,-2.474900891449332,-9.80065099761014,4.62092401215732,1.896721725946161,457.09334859221025,0.490623815544005,0.0012882227309487908
53519,-8.62223251405372,-8.754351128669589,1.8510262674138174,1.0906404293218248,448.50034316423057,0.10459589085887178,0.0012882267914704015
53520,-9.485718996608176,-6.959047061641876,3.4134558943582327,1.320951370725024,283.09236888580443,0.25243909020886957,0.0012887763629925116
53521,-8.945700268167737,-7.99605133275369,3.0217557775360855,1.7150573034434045,404.2354771120574,0.230850080396106,0.0012888876304981457
53522,-5.726971484068506,-5.813066801536326,2.2439959764707433,0.7578577792478736,167.93369902493643,0.19949747032569132,0.0012889709213095818
53523,-4.340485791015554,-9.43045375452308,5.089915024291151,1.1080205218265984,263.28512068178884,0.9553212066972403,0.001289008286843295
53524,-7.01418015348168,-10.447955800527886,3.983143127818605,0.9950161333932945,210.21850975482855,0.22757698201407806,0.0012893656045483385
53525,-6.2141751496558495,-6.3486698836040985,0.3857513879149293,1.0788410376408542,216.46111481084407,0.6647336552333529,0.0012894611268016115
53526,-2.5732470289833262,-8.550368508230493,0.38259820600088146,3.9187720377814363,553.3729934494805,0.4925210888800793,0.0012900470838780184
53527,-7.188640936870149,-12.81261772972752,3.1855316265175055,3.337634799338302,523.9273826486133,1.164970948268972,0.0012900749037918807
53528,-4.083040877993602,-6.570277995239015,2.6597177593223282,1.4520390416275561,324.1330913182748,0.570703965289181,0.0012903029172935088
53529,-5.95861424926436,-5.380956710852472,2.1440119934751225,1.7819538999796802,375.4781028775328,1.274203316962013,0.0012905837712626354
53530,-5.305998890106905,-6.420140142741798,4.6657953185598435,1.6567161508946402,470.1159751008607,0.09327120158677271,0.0012906887102550409
53531,-6.5297315858405405,-11.801540360909824,3.8381998477014725,1.814063028114683,431.8664512435262,0.46645699282301933,0.0012909808423712383
53532,-4.963127892868448,-6.365078033168716,3.0162533776069913,1.7654209941506656,356.9163749314719,0.5748071151939236,0.0012910741433901885
53533,-9.618455388554066,-5.926802761420319,3.4337572090362753,1.0083861588033551,469.53568504114645,0.2086059645605367,0.0012914419723732155
53534,-4.148539996984709,-7.0288745426729795,1.3582039871247527,1.1252008381951266,292.6576696040852,0.5782206892279911,0.0012916902011676612
53535,-4.457538741451471,-9.643149864569821,4.900636845705697,2.321363122578591,439.0793819011392,1.786079764370828,0.0012918111152135938
53536,-5.292723741683404,-6.569988966929658,1.6265904440731629,0.5165071203715429,155.7557715734022,1.1474562978915221,0.0012918746956697674
53537,-9.081429984981762,-7.548724299016843,3.667735020462979,1.0464910469907982,278.4948585801324,0.8642288110297747,0.001291894947312416
53538,-7.50136819013899,-11.285609773554006,2.8785869514129083,1.1145897522664776,468.05913053821314,0.672590290968003,0.0012921289978967243
53539,-2.216484633051408,-12.218249052112073,1.717282294817374,1.2422237087623031,269.56548108151713,0.23201231173368964,0.001292453256560948
53540,-4.008739479643002,-12.021151615096393,3.840319649070256,3.213768857656574,246.7966409263043,0.23073004091136884,0.0012933530370607918
53541,-4.821267438304675,-12.5725543440496,3.79799399594352,0.8071580091791257,159.74419461184524,0.1023326318196478,0.0012933616707334725
53542,-3.335144553944515,-12.891365591689564,3.7512280632471184,1.7875812554560007,424.5956005764895,0.039073868039677606,0.0012941015005647459
53543,-2.291480714453913,-9.934647322281084,0.6504775052916307,3.020237352598822,497.5116393756949,1.0139544938907994,0.0012941019789865702
53544,-7.923439763161548,-5.577864897607558,0.06646253174030829,1.2210170750682856,294.98239905511974,0.43790383940318467,0.001294393914890608
53545,-7.51221972560958,-12.522605650914995,1.399814332572672,1.1198400418855283,292.3173869886489,0.2866082335716085,0.0012945152080323652
53546,-7.3485818794970195,-12.988815693342806,2.8915243532960617,1.2332616894509443,307.5639925674089,1.5354385063928584,0.0012945241962580654
53547,-5.036008915380329,-12.363376784213372,3.8277705370458803,1.5480747469979477,342.3519499108002,0.5333456288791654,0.001294857657272943
53548,-5.92326952116152,-5.934458109900923,1.583276763708755,0.9099126390159701,469.728870525194,0.15350688743767638,0.001295522374473334
53549,-8.844012350791136,-8.227316296214466,2.6845485583951794,1.7462264239473715,413.06369991622904,0.495572263884398,0.0012955596470460595
53550,-5.734352453959195,-6.854147211913492,0.6164172326210817,1.563795278020893,357.68573002575073,0.7955355886367963,0.0012958920008395837
53551,-5.195164389826199,-6.247366151355953,3.3774514764376877,1.7319109968075426,371.8983974598966,1.7139054522222938,0.001296164456944817
53552,-7.642007602156124,-11.747653773832237,1.5693459072708653,1.843143851047227,439.94773349797094,0.579842225769494,0.0012965755108860636
53553,-7.418216841713347,-10.02250163435004,3.754420795330016,1.0987140388225387,468.09008351056804,0.8784216159444389,0.0012968068825900828
53554,-9.37117575667292,-6.2118627049778805,4.105894882595793,1.3165345290361725,314.97804066195374,1.2610010696645784,0.0012970896646198925
53555,-7.637267256488197,-11.885807090294692,1.6179290062366842,1.0351478194039219,204.27703274310946,0.8491533079187663,0.0012971710773622754
53556,-3.8401271666726196,-7.733744612755465,0.2920046783353742,1.5285185953568756,468.01887622374755,0.47295299758685605,0.0012972556592016015
53557,-9.145365854272134,-5.43810059508458,4.547547749720776,0.9327706002653972,253.7326690974759,0.8109662158275714,0.0012974765819508082
53558,-5.0486808604945,-6.318386645899082,3.581454719667193,1.0625287368495906,209.57880820225222,0.5091734654989812,0.0012976414962487148
53559,-5.826717416599367,-5.550870682099755,2.827406075769056,0.7988494482773828,160.2763554746353,0.821761099421173,0.0012980940808116391
53560,-8.084959615300551,-10.084889036743512,1.0702749665655307,0.5037234290055652,136.9657361558877,0.8413392942555467,0.001298550082227136
53561,-5.967220311280353,-5.166238044728985,2.3670211399126626,0.7065880457877084,210.60820416200872,1.2982952772373695,0.001298587135632865
53562,-6.789873386962675,-11.860820635990038,3.695865245267249,1.4163791924630453,277.37527163315684,0.12960859098199773,0.0012987354521223427
53563,-7.56825974408909,-11.71778558811372,2.5244230906355867,1.5977262458779666,381.7923077364697,0.37520640589877363,0.0012989684793783714
53564,-3.9945258832057062,-7.96050112533521,0.09309897978334965,1.5764652599846394,361.35894028160976,0.3702156516772961,0.001299268043315913
53565,-4.943683764276451,-6.421929722559989,2.4748483467182867,1.091983620703963,282.0859565857191,1.8597530335726615,0.0012992962179947504
53566,-2.8771468232159316,-7.0260084961148594,2.9030959463841652,1.5284679053597126,381.4292546863488,0.5313029765258346,0.0012995133208270602
53567,-6.324779220379454,-12.74411027637423,3.7822190342466553,0.9916781264648317,262.33964019805177,0.7669164180849828,0.0012996260920743092
53568,-5.067640338950492,-6.351488335088163,2.7913734010786255,1.7544517988292243,469.87509674369204,0.07524162662739187,0.0012997761608065542
53569,-5.980909458755544,-5.662186824743844,1.7816443248298532,2.2101624920815417,427.5668836816893,1.8187350529085355,0.0012999070263295543
53570,-3.2555426676936428,-7.011705939971106,1.4807564243552547,1.0909245665427005,250.17680674301786,0.35929824768167684,0.001300017842133342
53571,-9.433088771924096,-6.7884742293652405,3.7355348590794466,1.1215839329255453,356.26336482226407,0.7169459409638881,0.00130072376058963
53572,-6.193478459283514,-5.329199633123586,0.9645786171349406,1.8565614251908622,445.6775761932023,0.12429617978323027,0.0013008951384580354
53573,-4.6743843355257395,-6.727343326260758,5.131980668422292,0.8488892051832427,247.1635442914179,0.6671696193357199,0.0013013038049787269
53574,-3.348580423258129,-12.261111292216103,3.7953304791762643,0.5797656755647204,162.52363459233408,0.17387258518557935,0.001301553370059105
53575,-3.566434117724442,-6.718657196131811,4.717320712191115,0.9446930991754642,208.80554469923956,0.39619473935686056,0.0013016076880173382
53576,-6.397213210010033,-6.094276968693597,0.26529144342891975,1.5723797751238695,359.381321629048,0.8025544310879091,0.001301833385488028
53577,-4.987690667503655,-6.383516792179441,3.922525036036532,0.8230514689086955,202.3252907111572,0.2560662636889015,0.0013018528773682666
53578,-4.148676873791746,-6.701613844900918,2.0805031847329585,0.7492319013413278,381.8030209555734,0.23822835655012664,0.0013020765447086839
53579,-2.258687411819487,-12.333433308026134,0.5873367911709141,1.2048352113662109,217.42777504138564,0.07535196255789334,0.0013023908823258364
53580,-5.224346193385803,-7.048129260909406,0.8060800464880977,0.8275401618020567,181.13484915389645,0.475074046052276,0.0013025282016300317
53581,-5.970177822481364,-5.666863440375377,1.8706031869726678,0.9929492470331297,138.14882271212355,0.27445058292581237,0.0013026153373506893
53582,-4.4016192769827125,-12.602247604027086,3.7825920295778723,1.0481028494771698,467.9659754494557,0.2829404967611291,0.001303124896176671
53583,-9.164994717023362,-5.8058673786959085,4.541249149633017,5.061794877837075,579.588135373505,0.20240912243801912,0.0013031822416590215
53584,-2.3395115327359584,-9.125141618222482,1.8543217008770512,0.8783838066452357,214.3152949953864,0.6990838911280264,0.0013032595138226194
53585,-5.492552847657673,-11.309815693736343,4.027944955674944,1.1792206092671356,243.30967758405737,0.06916267024374623,0.0013033276080545787
53586,-3.4320788182029007,-6.591884883569183,3.8098412144021863,0.5613986548709868,125.229709200988,0.3314376677147095,0.0013034934321419231
53587,-6.412412569244459,-12.234009477791108,3.8089205821059253,1.1878282701987977,170.29809963046222,0.19192279343426222,0.001303583608354435
53588,-5.042074243904593,-6.329628498728455,3.620533262132104,2.3789830788825372,407.5949907576924,0.3376155765310731,0.001304002238372887
53589,-4.028713439642989,-10.275932872008468,4.409356625783542,0.898920977207819,468.1042772748808,0.8841699850882705,0.0013041081208120596
53590,-9.419188178002651,-7.206678797957028,3.225445877831484,1.1517087125050276,448.5188251988618,0.44836841519409987,0.0013045662778238324
53591,-2.102152152071607,-10.36988704641903,1.1762892103897336,1.0861249583683752,388.07347713160704,0.8372946918659361,0.0013048170486107942
53592,-7.238250708042608,-10.991068905751192,3.469799028782115,1.161398844105738,467.87805995496063,0.2833555622846733,0.0013048260131557218
53593,-4.169358726727524,-6.549146708432623,3.8796307095576514,0.7013835129975324,159.16328263523965,0.2377109294777373,0.0013050403797716576
53594,-9.665343944858051,-5.1035600606200795,2.3393596245921073,1.6785379617783194,468.6383732007008,0.8218575747726833,0.00130537763095352
53595,-3.896103733226923,-9.965267105501797,4.614358940102214,1.5503758036605217,298.04884691171577,0.24784649025201144,0.0013059011118824746
53596,-2.954536611890843,-6.903426066829377,2.8946336491035916,1.1105144742683937,467.2281511256424,0.34463950796361864,0.001306042229927489
53597,-7.928145311031958,-9.391810314799207,3.3446529464619044,1.2661749530056035,467.7468524639925,0.31918933164913366,0.0013062412107911856
53598,-6.206053720126212,-6.4096418596326465,0.3974469943368362,0.9814792419187415,419.5208703869469,0.6872543006693386,0.0013063671816096344
53599,-6.201186578361224,-10.73466777367106,4.214958483811399,0.8910391611925533,469.50182967998,0.20619336447817815,0.0013067410151113893
53600,-2.3585889020654367,-9.505000434324465,2.581030708478819,1.0134422883823184,274.453011233376,1.8536008198013247,0.0013067413021103202
53601,-6.01700475529685,-11.58301539138035,3.967521022872154,0.7615910545367431,221.86249077031738,1.3102878598045358,0.0013067462192800112
53602,-4.705083051751956,-6.458791996852232,3.4128386262238255,0.8458556856552998,170.20005175687726,0.8092804991267588,0.0013067948559669028
53603,-5.4457646745858055,-9.774858956335773,4.823179249452273,1.13687766434508,456.19127155814056,0.15058374810173802,0.001306807188533905
53604,-5.796115095777241,-6.223461032056545,1.1959352413923905,1.8075136201699054,468.53897198815935,0.017756447306615186,0.001306899458273189
53605,-5.869695543803084,-10.742640376212355,4.231555302065312,1.1792609751605323,291.6818795250096,0.9119935204967478,0.0013074661161786962
53606,-9.337768659273971,-6.758794290008079,4.00433594970599,0.8957251268888814,229.88433243394616,0.154679726151409,0.0013075280260774005
53607,-4.6343662165674075,-11.877626218917575,3.874034458935378,2.889112415545331,421.11732662187484,0.14886367498307607,0.001307794812312868
53608,-8.97928752634042,-6.181113559415408,4.906570689025888,1.0339133612991789,330.04081420887286,0.9021534192473712,0.0013079827306846053
53609,-4.549277635509842,-6.483409873835637,3.2034677687852127,1.3470671284065465,290.3901783643184,0.020639887939027268,0.001308178703269838
53610,-5.948215734033956,-5.173478303348831,2.6295957793231595,1.1009795855363151,335.6668604986586,0.9824612749573545,0.001308216393337856
53611,-6.0681598141034225,-5.121092208542502,3.8258524015925213,1.358229870062981,467.9858040266997,0.8093074023214593,0.0013083129037359672
53612,-3.1750694247986644,-7.105763548389354,1.3006029946510553,1.6043002168028164,375.3406771251163,0.7469084877853351,0.001308640437131723
53613,-2.969553455305025,-10.678895798622216,4.553090047646519,0.9932640831364508,469.70487912691186,0.05319966029637335,0.0013087442101126882
53614,-9.64282766567501,-6.483451244816442,3.18448442243773,1.8899567528458514,469.3977504455863,0.1010705060968835,0.001308801322023783
53615,-7.21623007736868,-10.295697075179735,0.1631776805992899,1.007182115584177,266.63176860650356,1.7414302755627773,0.0013089695907471664
53616,-9.550546082294684,-6.864816473826417,3.253155886272494,1.3412118576650578,303.75264052461296,0.2605305937573297,0.0013090595450850828
53617,-2.711075230222626,-12.001988237959994,4.8564303618331115,1.724444316449194,467.82689145959426,0.4050328813546802,0.0013091956900058385
53618,-6.277600223399408,-6.650177507742011,0.14229882624619639,1.420261713508848,324.4069459271494,0.1354478542665003,0.0013093995617923621
53619,-4.990207055174766,-6.683253638781138,1.7133904706272802,1.0325675631103244,205.31728735785742,1.0493159520831759,0.0013094002430715235
53620,-8.846364834129414,-8.350798201193093,1.592576797165956,0.9552087609590887,267.90368055171894,1.4312522199650912,0.0013099765732958726
53621,-9.693581251411326,-5.482063263684852,2.59327766141591,1.1203175776736927,468.16610147334734,0.24248462554657468,0.0013099952826591923
53622,-5.0272822158317485,-6.390718194410626,2.6319741016468337,0.951597102619749,467.03885585167654,0.6105182256956265,0.0013102827788887053
53623,-3.3147243790614542,-12.971921967291472,3.73538098209708,0.7722464345500741,160.40197271390264,0.023505721681212677,0.0013105542762518745
53624,-7.2008338002143475,-10.74481459575985,3.619694324413337,0.8443085096932457,468.04087995826814,0.03328854703309414,0.0013107180330920736
53625,-7.609637201202551,-12.236003789874706,2.120356942752633,1.0552902320469417,467.50775963208145,0.6620635354962836,0.0013110355026065355
53626,-4.5778300331024715,-10.965638062472582,4.099964956995461,1.8035193501068023,431.41836830000153,0.7787323290071226,0.0013113599742211892
53627,-8.900013321061849,-5.260939024040165,4.991603648060835,1.4738687613107953,468.02028009606687,0.3092616714408374,0.0013117842080595343
53628,-3.0485680348438224,-10.335080407102804,4.5834124126714535,1.0608465304142831,452.4945011700655,0.2554424980925969,0.0013118735260448777
53629,-4.911575447074545,-12.014658168604917,3.858783720247433,1.6297946820553262,385.01437005460576,0.3796811946344061,0.0013120989397658407
53630,-3.2925257804295764,-8.01983640120874,0.10043919320702968,1.2900869991416886,281.2557242547704,0.5171897602464144,0.0013122722647537853
53631,-6.261762572444648,-5.514252961626022,0.7671261255119257,1.0356209339939022,270.1045495145784,1.316816423823723,0.0013124099662481412
53632,-2.4206828379009213,-10.969310491719414,4.223407647973758,1.4813451160851185,332.73749272570996,0.114697477259468,0.0013126125129886662
53633,-5.8387107807441225,-6.180315327399982,4.988199632961911,0.6766124316952423,200.09819682934207,0.833475888890967,0.0013126646378326596
53634,-4.290148306578297,-6.7167293792622615,4.877264189264917,0.6262240716011761,151.5013914518822,0.7655707002603158,0.001312690270733259
53635,-5.186069580427296,-6.506344061315593,1.934691320269451,1.614638392217493,376.24212781195143,0.25371325923708277,0.0013129682723786657
53636,-6.435305380909471,-5.221905105427521,0.43835413370868154,1.1474636157239297,265.9109936494963,0.9292830302075732,0.0013129822432301503
53637,-7.576579901280104,-10.216155278938828,3.308566289568416,1.0176258236174023,254.7330900173299,1.3744879704585857,0.0013135482632160981
53638,-9.381188092252307,-6.988049988116797,1.7394857470764806,1.4520336103477836,322.3418731119943,0.8589734157147966,0.0013137741706221956
53639,-4.757800050624858,-6.565122667333268,4.568076770758498,1.7945688653225877,448.38231949636946,0.5115860756250141,0.0013139648684754239
53640,-6.033917173376844,-12.316660908141369,3.8508263302786467,1.480137555416858,260.97779713437035,0.14868459448515914,0.001314078172473434
53641,-3.1887475053289203,-7.6351739760490736,0.4968729926377587,0.8039353003390461,467.5603893843329,0.4510531100759785,0.0013145339970656797
53642,-8.844364988615693,-8.36799786008974,1.67839274731602,3.48006334052241,526.4266113212975,0.33265762855818704,0.0013145717203110782
53643,-7.487570174470918,-9.260624261414959,4.3782504766927275,0.7057578634062539,197.6267313298359,0.9832452472224267,0.0013147483060983664
53644,-7.344752477668067,-12.711888325662215,2.9136441375774496,1.0646951165911802,255.11721470446489,0.40061690569150343,0.0013149864532601152
53645,-6.231159556155928,-10.675903792993061,4.2343476949986085,1.6110329523409375,377.6050193338017,0.4563302085416394,0.0013156834963521976
53646,-5.112083472045276,-6.35510566006301,2.6305417148344894,1.2291153289689374,313.0024861147019,0.503271536089442,0.0013158654998561645
53647,-2.172900657404492,-10.800164689290888,1.5054144509515202,1.0956666806503554,384.343724390727,0.17325489970766395,0.001316070547481251
53648,-9.34874948716883,-7.348604614807106,1.8673057287618195,0.6940841691599918,141.39596767909745,0.261660947750018,0.0013163262893884757
53649,-4.134927184608294,-6.530559955544096,3.4943620095006245,1.0521060252827055,271.63826787720683,1.2147187877284695,0.0013164494812598997
53650,-9.518262803160221,-6.550354278694184,3.639454913588179,1.2265522082294815,223.15930275122554,0.061498288854426875,0.0013164548455068764
53651,-8.408658766105825,-7.97214101471286,4.504888675267142,5.018134436265726,552.0690929057449,0.15518779175351938,0.0013164894297654152
53652,-6.603899548293963,-11.749610664911255,3.8091301213436175,0.9148331839581348,182.43508032879157,0.1333259477361457,0.0013168361871905543
53653,-4.9207362159078025,-7.673962384969534,0.2330055628209116,1.3025593958540331,427.8937099062167,0.4920582966142524,0.001316940931753082
53654,-4.851080311393016,-10.18466850642749,4.492120788048741,1.0699698917212257,285.9608581287568,1.5736442513109816,0.0013170228613856511
53655,-2.271083592382591,-10.167536598895044,0.6991275683403139,1.4887025974458266,467.90397492560044,0.47092277813787486,0.0013170285589018504
53656,-5.897195531919741,-11.533375799002197,3.9781961982034684,1.3642509167053587,332.2725298290203,0.3392708064806884,0.0013172506413832376
53657,-5.322922282938801,-6.173826038695114,3.3195235987901768,1.1273475560258226,292.1459830090556,1.0066536908419002,0.0013173220091626586
53658,-6.232641767012118,-6.804802622320362,0.11465911558786096,1.0150301688480625,272.74741086030986,0.6449715606566038,0.001317547649875461
53659,-3.0342066724363725,-7.055301775672138,5.01504328672088,1.163811681494435,260.57628244715085,0.12353494860915148,0.001317616677814485
53660,-9.620274220389119,-5.889756001933743,2.153568070681356,1.5943837745132299,469.4178839272202,0.21074724031264314,0.0013179546223311093
53661,-7.0316610391621115,-11.236706740272195,3.62909220533826,0.825907412257795,170.59659099615013,0.41910684922270125,0.0013179998738625815
53662,-4.296935579239049,-12.828216574867001,3.7513061000005603,0.7346665120692325,213.7836597399081,1.004271962572421,0.0013180667578904567
53663,-6.953561940355819,-10.375366867756817,4.067821938822653,0.8659350242131598,468.0291779231235,0.38119402779738376,0.001318231047985636
53664,-4.01393762933521,-12.238047304325887,3.797309003565591,0.9086629948099508,163.45844028654886,0.2401040952498903,0.0013185235342410865
53665,-7.346064010803056,-12.997313705014221,2.8859064971453345,1.0764577974932825,467.06959337678086,0.5507746831785507,0.0013187462528207378
53666,-3.6611229281274227,-6.609113903921927,4.076390185243219,1.1558940443165397,290.1843100476153,0.9916044779580835,0.0013193244494134246
53667,-2.4810888864186396,-8.316741787136229,2.638665935613915,1.7731460556151661,422.6684461190476,0.7932369290585726,0.0013194199215425836
53668,-7.127711474748706,-9.257474120004247,4.832805576707508,1.0813879607663899,214.9541318140935,0.8313903191347523,0.001319954021429602
53669,-2.9831628753039654,-6.916601045296348,4.0054657443727715,1.8270746408763174,468.0063884181566,0.3709681886198677,0.0013200119524722765
53670,-8.517218891433183,-8.283261138513707,0.4884055527252077,1.7903624789050547,470.01172473748375,0.15938553061429417,0.001320391082872602
53671,-4.036570949058022,-11.875877452361955,3.8508685845448247,1.8012368764211975,470.27041911907463,0.02789998217443479,0.0013204011864156955
53672,-3.1923667899855515,-12.339016776244115,3.8322091277467503,0.6936575512584515,182.54458733299657,0.7988959475508546,0.0013206500456608469
53673,-6.263548047744633,-5.27422659427335,4.693099117570571,3.545306291997364,537.1123651112664,0.8998198793697485,0.001321141036302032
53674,-5.47523172480197,-6.384826848759734,1.7748272026244336,1.6135317478424998,468.00302483598415,0.317175307827414,0.001321551389102887
53675,-4.981593993501844,-9.607715292464082,4.942380734033178,2.220532772414099,260.7019922788717,0.10233495299529771,0.0013218027341484184
53676,-9.134020789672082,-7.166107681014528,0.955519558831518,1.3198005245400735,315.6997381258025,0.6289062695763405,0.0013220517849779035
53677,-4.889355497060307,-6.420279781982922,3.8001693613443455,1.707345469452827,367.79489272526104,1.5524185064816125,0.0013220555597964723
53678,-5.146745769419245,-6.432055546906392,4.354254188665204,0.6241979724460083,156.28725192642284,0.7471855987794136,0.001322412533135899
53679,-3.737088393624104,-6.57855177476215,2.920580549006171,0.8585312419182949,204.9311761803292,1.007114535750242,0.0013224872463409303
53680,-2.244692233124031,-9.125490320451604,1.218760031648568,1.1358788886395268,468.34808002733035,0.5165766088713273,0.0013225602827910425
53681,-9.318141536312952,-7.447292771773372,3.038917738679667,2.3181041280406927,438.33575731339835,1.8267012003469425,0.0013227629672553074
53682,-2.21139294073334,-9.601356198644037,1.0060004837179763,1.6354851728605795,379.2677049912151,0.4853919695360567,0.001322770817646142
53683,-8.826079495593586,-7.731410950740544,3.972637224483837,0.93371273773693,467.82846299344425,0.5499004975404178,0.001322781246018651
53684,-5.7305623769667156,-9.46012673814588,5.115185984863189,6.9287508921624115,707.4454273090447,0.47207328877106747,0.0013230537605616762
53685,-7.438774484206033,-9.95879487784159,3.7635987586570834,0.986104548118868,273.74776396318964,1.2494003362283328,0.0013231049404757514
53686,-2.3493498894183276,-10.13074266492683,2.714427893971918,0.8365279465544808,242.0424717887113,1.1056056897480362,0.0013231813305582382
53687,-7.236011299197667,-12.840426250211882,3.0984551858672154,0.8463720495518816,206.49958389123827,0.9287122618657797,0.001323254047445241
53688,-3.506291155558065,-6.805992716329972,1.9975540771358997,0.9245746721851603,197.97905782371473,0.010951259186154694,0.0013233283420561273
53689,-6.468001641168434,-11.923691364168416,3.8282663240119135,1.0007798599334237,203.12694024186257,0.19493677163333434,0.0013233467137714605
53690,-2.599994231679391,-7.663228823701081,1.3908772696657181,1.5078260239188093,344.2107110259505,0.6759776115551839,0.0013234478669043824
53691,-7.8663205722030725,-11.1502312192565,0.7893610542259023,0.868779151246548,220.15124174528242,0.4981186238684936,0.0013234480874786698
53692,-2.215774782732163,-12.392501203535751,1.727727311415638,0.8754387992333892,467.9453495447408,0.6547597492844144,0.0013236341429442066
53693,-2.9715217125261173,-11.259318074877969,4.319172182047196,1.4850859472791789,331.9772761662246,0.09953479722461633,0.0013236373632926242
53694,-3.3474811458085183,-11.054658341659636,4.042258026668398,1.2128845999936804,297.30372919418596,0.1889721404347533,0.0013238514189487746
53695,-2.2273234835979423,-10.228991747167363,0.8323030727100957,1.253264473541025,383.4414512490812,0.44288907635077557,0.0013240337357106734
53696,-5.500323170374936,-7.213678117506732,0.48203758974229444,1.5340683594489153,347.4652090461933,0.10946606782873491,0.0013244327633633297
53697,-3.963941122846135,-7.349676331539288,0.7573125430319095,1.0356960620868148,271.7697222597919,1.5156082213340074,0.0013245665880778
53698,-5.67321877891622,-6.488116824581084,1.1062536200797517,1.0418528969746388,282.2477137201835,1.533137294782514,0.0013247126811148347
53699,-3.368558524678713,-6.720350145363794,4.658596294052964,1.651801467745392,385.96216820287754,0.25821188464151756,0.0013248201067463834
53700,-3.208352856461927,-7.474828303303669,0.6698318037510476,1.5225645804445342,165.3692669512617,0.35477591612843185,0.0013250242976299142
53701,-5.331157050755943,-6.1835674998355925,2.9947328505817232,1.2030943440787736,468.2142970544334,0.5535186444923523,0.0013250900229948765
53702,-6.113072189842669,-6.289837200739478,0.6648998174247667,0.8160796022626361,195.90947628106545,0.1412467227145422,0.001325250604586845
53703,-2.8605812546056146,-12.780767846293799,4.326498679643549,0.6918945941059252,182.91192755396517,0.349073260314289,0.0013254578334786645
53704,-6.101997565793354,-5.104202202938999,1.7831769927558578,1.8465070926997633,469.6296178583563,0.09906535894742863,0.0013256297950901819
53705,-3.9223426738740876,-6.569831534966749,2.9390154164967,1.1374194178464816,328.88280732962255,0.058228817074978956,0.0013257255921266145
53706,-2.3248633872180244,-11.320825845862844,2.585136241109141,1.0088641381278147,249.0837196281804,1.281116884681123,0.0013259127816227791
53707,-7.607899891880985,-11.80271065133797,1.4931579579743948,1.4422785583930122,322.315352020467,0.13685349368924538,0.001326121568651662
53708,-3.7264258000359307,-9.340832848061229,5.157419412818676,0.7570286846455306,164.88303559616307,0.6144614987918757,0.0013264928858714381
53709,-6.054216383478362,-7.099242917869666,0.16063435175442853,1.401502126279939,467.99458484803466,0.365629761877309,0.0013265731641418125
53710,-8.662303655655494,-7.077185135673591,5.132631583083127,1.2980107095247955,315.0067281616055,0.8865717917575884,0.001326661871026412
53711,-4.2508493090453,-10.80034208704323,4.146475147578515,1.3682831993310793,179.88845315852112,0.18640808519930996,0.0013266829055203404
53712,-5.262701480062921,-6.484878053245548,1.978739165716106,1.3462291071911343,223.73986610130336,0.07762295960518362,0.0013268432988399928
53713,-6.8313538301346695,-11.25763415626008,3.7898358708594526,0.7982577777798127,466.8995547487458,0.2830871267450439,0.0013268738436820393
53714,-3.276998311434295,-12.778354376126979,3.753226832029625,1.6951132440051677,397.69245200796627,0.017891012550340868,0.0013277942268796349
53715,-5.404520318027363,-6.123771994845688,2.738902755073453,1.807788428228476,468.0081896082071,0.37180841417955257,0.0013282560063596254
53716,-8.826417827354092,-6.481758381582433,5.143134440587209,0.885232630435139,468.4773427778105,0.9369104257479401,0.0013283475326932082
53717,-6.18531241256112,-5.394670986772847,1.0339960779962278,0.8871775420601278,470.26411327920283,0.029405256480219855,0.0013285547107512437
53718,-9.029449759449314,-7.533366173796989,3.812103386028612,2.535017095685182,461.0217585876181,2.268121596255649,0.0013285966252646116
53719,-4.72490111212022,-11.588658411047518,3.9173479735806245,5.276403074746403,635.4808928165093,0.4999024670016601,0.0013288679033043556
53720,-8.534015407525864,-7.66152450088325,4.716401889405772,0.947498385830717,186.62017663776953,0.6355656989218312,0.001328971771257724
53721,-6.560025482263917,-12.181630017476241,3.7578587071501346,1.3971947232365498,163.3216068182815,0.2606695145104716,0.0013292373344393846
53722,-8.755047927267174,-7.578701834147825,4.3777988052928425,0.8176526799303905,168.11943411283832,0.7150522866963405,0.0013293358444510356
53723,-5.486086373677814,-6.050698083350799,2.747900282530906,0.8600154562946339,467.79740193888017,0.5435009970117273,0.0013294604366449532
53724,-4.821116235710566,-6.494278110804254,2.436766014715277,7.408416950846011,340.0681316527604,0.22757477393884074,0.0013296718422756409
53725,-3.7027784577152856,-6.804482351401194,5.04987396179179,1.4781773233076454,350.9721568869192,0.37430165945985117,0.0013298360235318508
53726,-9.640948763106138,-5.800141174883786,3.2961313737444162,1.0781403040221949,280.22117785414866,1.170136519136558,0.0013299057486627925
53727,-7.997112038056377,-10.304289907034175,1.1007422644732927,1.8354928006365934,439.47810843414834,0.2532959546260516,0.0013301039393883855
53728,-5.75919852851057,-6.844765180663579,0.645952647356103,1.584057380844318,283.07946173190265,0.04913019528920781,0.0013302511514785196
53729,-7.723119494741368,-11.123993731731197,2.14913560176078,0.8025696950316333,378.5203970381122,0.033396185164829006,0.0013307529139873857
53730,-2.8884380396529217,-11.163542160354755,4.5298302223349545,1.103768597550926,286.03398145407016,1.1416880878355915,0.001331147780760663
53731,-3.249453808763116,-6.636670295996611,3.880057524262075,1.8644271810963278,461.9692069177778,0.5478202094430209,0.0013314473496907878
53732,-4.879553608069709,-12.754208409116888,3.773327730399206,1.1146277121946184,468.0610248053973,0.8772058777625302,0.0013317439701721273
53733,-4.3643983826642465,-10.002598295771925,4.591928694475577,0.8303690253796037,469.2412503331851,0.10064611669104817,0.001331901279555605
53734,-7.488721247559501,-12.114848502124016,2.641801731445998,0.8116958081829005,468.024579504502,0.028366287687060066,0.0013319304965777306
53735,-3.5312192916697427,-11.589603405996344,3.8892721782271917,1.8772437256098649,468.88630844203,0.6414828765637406,0.0013320206120026547
53736,-5.76103827420763,-6.1976920186567845,1.5779624594709354,1.1068041594717062,127.11590797027512,0.33325066533276004,0.0013322021916724065
53737,-5.833915492295365,-11.71339679541284,3.93670161000103,2.8965876354126467,457.8511348872453,0.2563856522446857,0.001332343859513803
53738,-4.803539167654989,-6.559435815018383,4.563485268731563,1.7079049164191489,398.80544610525294,0.040957930445902235,0.001332345109128019
53739,-4.9763068920870115,-6.4112403776092854,2.5832217853527935,1.4849651312023988,340.7188832932424,1.713157595108357,0.0013325490743552471
53740,-6.03149675555673,-5.94262335535401,1.3111122740122738,0.8350522195920296,207.1263511061801,0.36514233856303857,0.0013328629005118962
53741,-9.437630333491866,-7.201251847706537,2.0790369199820464,1.3152324940173559,294.8502209292452,0.5549058517798118,0.001333036139607888
53742,-5.66748074324512,-6.205742383504817,1.899507452968214,1.5731151904264307,370.8181611120073,0.5079710737771732,0.0013330975092448257
53743,-9.437033183157945,-6.289236842758304,3.9196329926250435,4.635363634463363,605.961655583875,0.8530843616697465,0.0013332916534900198
53744,-6.318324660422201,-10.001657638632839,4.608403019300895,0.7638895571024049,468.31013133687037,0.29655197771217434,0.00133337442123075
53745,-7.380390243731057,-11.518731151287907,3.047672486783942,1.450656978890893,467.70425431356824,0.3847892387632781,0.0013334373576181402
53746,-6.172391667485522,-5.875302986925114,5.17590360225655,1.9976769182983367,388.553835059127,0.6984853921224534,0.001333913143609708
53747,-3.070798215099134,-7.2810298510322955,0.9339122400450953,1.8140236402390855,468.00440292292325,0.3217169071959267,0.0013339252302943813
53748,-7.143248843083013,-11.696590294660847,3.3802389747874595,2.7131749118236215,466.6594821924747,0.8298153542333742,0.0013340294478951492
53749,-6.527275039293258,-5.521210779552079,0.18214630700594273,1.3385267241102328,294.0250336477862,0.8839446259625907,0.0013340872403888458
53750,-5.4595331949973245,-6.884109795070105,0.854922110359104,2.2101050642759055,428.80496305218816,2.2358995787820994,0.0013343936456447797
53751,-7.240651336009229,-8.86346158777387,5.166124106625148,0.706569487014512,204.85740755888602,0.8307903143318187,0.0013344461443919235
53752,-3.367019656370939,-6.6403201056526715,4.074856630099451,2.6735908165717457,467.7127554412801,1.1346655237089616,0.001334472368398858
53753,-2.4788870465353687,-8.545968498104024,3.0955571614294186,1.627850947429866,468.2252908940294,0.40817424515556056,0.0013350422417077222
53754,-3.537770655975069,-6.581090204059532,3.0126433260928973,8.080224861939927,377.4679751830823,0.18993614818953208,0.0013354108725760444
53755,-6.604937206629579,-5.017339975432946,0.07409062812690759,1.6469819006677466,386.4742321381156,0.42881083182835145,0.0013355818852019985
53756,-3.6420230862877956,-6.5815979451439475,3.7332757581121636,0.988262397635962,470.055361245057,0.019105384236092426,0.0013358948553909757
53757,-6.000163313268651,-12.009717954847526,3.8826014012855623,0.9539294301267485,467.28271822552455,0.02521527087928277,0.0013359403764041887
53758,-3.2091198152181244,-6.877287023737768,1.8375628271769868,1.9063050899847278,460.08892049231304,0.6243791796523173,0.0013360523557468518
53759,-9.52536174629119,-6.809850122139208,2.056817378036028,0.9697630892709918,466.09686612180883,0.6146550090620995,0.0013360599665619543
53760,-4.686105391067183,-6.748723888219575,1.8358951597906608,1.0870314353971235,283.8770074402451,1.4426123079928521,0.0013366362874816392
53761,-2.072363288668365,-11.820106929116328,1.2816327030970578,1.0029494117794397,247.86111583028628,0.5407675789044912,0.001336727438526906
53762,-8.594394252747437,-7.949175253631713,4.1293281437327325,1.334685805066145,182.90281912698677,0.1768164719343135,0.0013368060102799107
53763,-4.685508317646877,-12.627863159810005,3.77687502578284,0.9407813858757667,261.7970388969655,1.461523858340425,0.001337350785503793
53764,-2.151631159561422,-10.720063257231736,1.4459624320956364,1.6869124739767787,395.83673930325375,0.8319709728302236,0.001337361962526788
53765,-5.895892555876814,-11.836297112781615,3.9119934545066695,1.635155163226508,403.2264573814992,0.10111711370920773,0.0013375617694835252
53766,-3.752183399970777,-11.8342858569542,3.843757849118559,0.788863042970531,196.134418183558,0.15051560447462187,0.0013376383132983202
53767,-7.139332778983514,-12.951748918253593,3.22607062661552,2.2248064371812815,309.37532361149414,0.0018231003296165227,0.0013377129938775883
53768,-5.35700885218697,-6.200997306894097,3.6094781319991354,1.2820465099575498,316.7804056494556,0.4664987199156503,0.0013377238144175621
53769,-3.5571697362696506,-6.59117507773282,3.558236293059546,2.5672577905613596,225.99234361304187,0.2093643579706823,0.0013377320578275716
53770,-9.181089653122907,-7.182385934125216,3.9613547866374392,0.6768964205331369,467.6163881910334,0.40484774703893045,0.0013380985288624723
53771,-5.7873735737691785,-7.1833378828007435,0.3130155795960838,1.723327325038949,407.0132865505453,0.2828879513105802,0.0013384423405777483
53772,-6.010073457051197,-10.722092193601958,4.226213591045208,0.9821299821761991,469.24983335060386,0.06112255861483096,0.0013387925022089768
53773,-9.172508181819245,-7.009807624297116,4.173154308060885,0.6079604547408479,116.55530472518059,0.0926173354207469,0.0013390445738344192
53774,-7.462392819071935,-10.308595172542402,3.4530525292202388,0.8332028923984498,196.31279430314467,0.3232344407505261,0.0013393842498061346
53775,-8.982731980499477,-5.471569947202459,4.845460393372111,0.9508260545139477,265.2966100408192,1.7006181391332094,0.0013395633321116585
53776,-7.618109630651606,-8.50738823188636,5.131944660534648,2.323624706313281,428.8113024091247,0.8463672553700485,0.0013395761995559175
53777,-5.994729561346196,-5.787290342478985,4.524458075393904,0.8229596924658164,192.95908058317707,1.1708778893918597,0.0013395843275769309
53778,-5.571188973473331,-5.9734123234597885,2.9078555964305317,0.8798859823150245,466.7197914405053,0.43348621278491795,0.0013397909598582515
53779,-6.218399049777244,-9.765432901618206,4.809902425081052,1.080815649797641,279.6981416396647,0.5556095654162787,0.0013399386037945792
53780,-9.0287498872658,-6.699946046100399,4.679962288291149,1.112513115859574,467.8937894905302,0.6769866343651083,0.001340181359473473
53781,-4.24166194686555,-6.5783961303637355,4.104883856164861,1.067133247062711,280.34326346695497,1.4326705579413428,0.0013406865082019263
53782,-9.023615433384066,-5.02319843958819,4.727822122730298,0.8579385567419562,134.39309761493837,0.2872103399573316,0.001340880978883702
53783,-6.201353303978138,-5.462754932999553,4.643669719049345,1.2220534670753875,468.4748656681245,0.6281127989541053,0.0013411474803289771
53784,-6.170268715008392,-11.185177069275278,4.04330864032442,1.2358505214747306,289.83065151114675,0.9319538994982999,0.0013411780901289839
53785,-2.4266620929095906,-10.668248022621423,4.27164314784936,1.1326508725763098,208.63990857398542,0.4651701441741718,0.0013414649053858053
53786,-5.1726985574066,-7.0878211994180305,0.8169358189865714,0.7129459289810623,151.1012808386733,0.18152793418735325,0.0013419220719863947
53787,-7.570868434528435,-12.07726499514759,1.4897717022178891,1.3213165611359157,467.8200340646374,0.056889714948321846,0.0013419521750480145
53788,-6.824883867904018,-9.308666931443554,5.020805514866177,1.1679456896185516,239.0318937109046,0.3763951087174142,0.0013424384263295318
53789,-5.465170367551997,-6.097976323895294,2.6491546014326617,3.759091698555532,544.6466076018232,0.5420547547219225,0.0013425672845632547
53790,-9.674447458721428,-5.006421014174677,2.4765453551007464,1.1000828014220054,289.1345412952817,1.773177210683257,0.001342588596780442
53791,-2.458475472732128,-8.911294921221259,3.6223192995016142,1.2006533154785377,467.7741866831866,0.46985797207775537,0.0013427089935902938
53792,-8.878510571558598,-7.266314778247527,4.527114203406285,2.23725072520343,425.45167680453613,1.2058133822703487,0.0013430469573798025
53793,-8.432453118478916,-6.7523302331555275,0.28854415395529387,0.9560969279704771,257.54358219269886,0.2990755893185977,0.0013431911816238838
53794,-7.696022077095002,-9.17896975835075,4.118368956335131,1.850557763848406,468.1178227443028,0.6605950101442319,0.0013432064824769755
53795,-3.3867592085820553,-6.604477613298318,3.4219911800070357,0.9120806068909116,468.1612127735053,0.35397786816954646,0.001343509678713213
53796,-3.885457718898989,-6.907241200910084,1.6793071196873037,1.1013997713961479,284.26681583346004,1.3683781878117065,0.001343573812732086
53797,-2.928574446845742,-8.336240653303921,0.013924734376066237,2.0452228917609707,409.41637710753326,1.863391751436028,0.0013436654097588893
53798,-9.086768062243696,-5.293226884917638,4.630804231551471,2.144328042690021,403.5971259256138,0.39942067639687107,0.0013446400370907793
53799,-6.6115937718028475,-12.985151868336578,3.662158853363546,1.8353869130256257,469.194858245101,0.04040481147488251,0.0013449663159072834
53800,-6.461550201194486,-12.310891167299253,3.7716289263642375,1.5229608379722128,376.04390738174715,0.5679600905841431,0.0013450428831105097
53801,-2.277417443990579,-12.060824275041533,2.146593667546222,0.9451836208242058,468.1914066877776,0.821565957311658,0.0013450978825234846
53802,-4.454466802908951,-7.040008717054194,1.2496657205084425,2.8241920564332483,475.25976078263835,0.7205581644544354,0.0013452741892220226
53803,-2.422982102519013,-12.99187686831006,4.4625928392900045,1.7702476016008142,421.33403592100694,0.0006949471879247326,0.0013455625029102731
53804,-6.344397470791589,-5.516201608922467,0.6083314895286489,0.5903101488714708,177.14076450474934,0.5465908386492302,0.0013456183108691998
53805,-5.994216957472808,-5.529177419878033,1.8551319727073514,1.10362266729,285.15574431284574,1.2657097529915617,0.0013457074141349802
53806,-3.5669262400024584,-10.861035774771977,4.10037310240939,0.9579273689056712,257.7460504500947,0.8413485069788296,0.0013458247090690056
53807,-2.095409335738042,-11.34879276926012,1.0971925072748017,0.6911066387323537,157.85505965013093,0.32029529133385104,0.0013459412504544445
53808,-6.336147129701837,-11.17734314104485,4.016727626459236,1.1917732805720376,257.9094573912333,0.1534933694221463,0.001346144726998884
53809,-8.397655070345735,-8.436334511363672,3.6950047870045437,0.9598726415534431,410.8035425504382,0.2996744387343879,0.001346588017458873
53810,-4.090237778283626,-6.982747750632452,1.5184574653745708,1.7762959797891114,467.5858182782425,0.9257456982137873,0.001346910232682851
53811,-6.221249967720921,-11.699265997284808,3.91189501711526,1.4155057371458895,317.7860248884226,0.5224668002255228,0.001347150776981518
53812,-5.580715136719471,-12.378127594584944,3.832259646877224,1.1319806495080054,296.0163509698721,0.5257136051205489,0.0013474485969266845
53813,-7.086548089578619,-12.521775783303639,3.323191528602574,0.8571525326649131,177.04225513842312,0.8867656188156259,0.0013482634715497083
53814,-2.6534688944185785,-7.918672475968485,4.357390531867942,0.6480323895174768,130.17749561392367,0.11516602858183944,0.001348490477186136
53815,-5.108138749651351,-11.729646410632853,3.9002449215044668,1.6919270499746988,467.8901537428542,0.15558959812323447,0.0013490996985096604
53816,-3.4934419035940145,-6.831993076996021,5.052573732514817,1.151402257534816,293.8051649951178,1.1493540425201845,0.001349574948089307
53817,-9.197834435650758,-7.340336790399057,1.4773493009440593,2.308742743950878,230.15830074846136,0.1834629247497972,0.0013497333683486692
53818,-4.274238541228829,-9.670129772083886,4.852512322604449,0.9834526612073413,272.37251103323985,0.6589497490928578,0.0013500840762388272
53819,-2.202951722327093,-11.08832498099433,0.8118079589111706,1.1880683521996218,242.25114674848245,0.6258209674317419,0.0013501627124066292
53820,-7.695526012755668,-11.175551772113241,1.283271704884357,0.7935277609475759,468.1069734134301,0.44731937733064076,0.0013502826592723944
53821,-5.1274590205138,-6.4679193008495055,4.521097649769629,0.7309940114003812,466.88595854467167,0.49424338604894036,0.001350474810029423
53822,-5.986999964328249,-5.425400816035213,3.7547709366365813,3.5580930723857693,540.1343048948122,1.153075513879294,0.0013506434690925319
53823,-6.0444790427432995,-5.334539880155771,1.8557016297812299,1.413885065492459,337.91311759726125,1.2058508670329076,0.0013509364128925282
53824,-2.452455190923449,-9.005184193851948,3.637369688013666,1.111841727926615,467.98852991088245,0.3626977256628052,0.0013512164688363663
53825,-8.783276389170789,-6.575670192874938,5.188709109399495,0.9215658732179797,183.54248730562327,0.10446474492926328,0.0013518409051625148
53826,-2.1392404576259194,-11.327150698085909,1.4781002697201893,1.156410191567698,253.20061723588182,0.4983879992228255,0.00135191022196483
53827,-9.326109385644381,-6.645932030683693,1.5740247761537076,1.2756835601934253,316.71623312596256,1.4725137134566166,0.0013528366855079356
53828,-3.1956890489092604,-6.844101549165528,1.9813661935114482,1.8234306123946216,435.77159048559406,0.2000638997421138,0.0013528668076196405
53829,-7.8985281377489285,-10.48871768146277,1.7545002727736299,1.2041631549177385,297.4549586029397,1.0374222932481354,0.0013529480405107875
53830,-3.6490404592452386,-7.144453655161102,1.1082285672189385,1.9007917122840021,470.4855807564722,0.22576653614230668,0.0013530573432619802
53831,-8.319866583031875,-8.975070623298247,2.8065550234269976,1.0856772245987831,466.90572444718515,0.5470870303697843,0.0013531102136676524
53832,-8.96074989376253,-8.026790020533575,1.250739714641862,1.484175507627861,337.81161636394637,1.1108819322854782,0.001353515212441005
53833,-2.228892489076993,-11.47059580963659,0.7023348175771307,2.576934312085045,436.23629618278454,0.1903679539389218,0.0013535708481540757
53834,-7.761960658859185,-11.374101733971862,1.0205964148977593,1.1748384351542671,257.4766162678899,0.3110050940956812,0.0013536011280738066
53835,-5.576263799666582,-6.1389374464924975,4.050727829981248,2.3333877153778277,417.34290277156987,0.5015207025651645,0.0013537394558622781
53836,-8.223136486101666,-8.45897820677384,4.08299021393965,0.8557841768982744,194.38642929476018,0.6901026327566449,0.0013540557110152992
53837,-5.199070027114586,-6.3748668623890214,2.2986711577815813,1.0058306328361095,199.3425691550891,0.6833048860921282,0.0013543113466567382
53838,-2.5052970559485956,-8.524846792945878,3.475214316219591,3.5364696677412293,530.264626647966,0.620690586563728,0.0013546748191047117
53839,-6.19763644661542,-5.135902002087735,1.1216747345920444,1.4771660330651026,334.0648129474893,0.3841210795129735,0.0013547213954571574
53840,-2.4452354012029085,-9.819830734402927,4.1225066747908645,2.9225751648371374,491.8198364411542,1.3489598550681716,0.001354838373368891
53841,-6.869654464331511,-11.836386245094005,3.623199459702878,1.2317417874740826,296.92614460305504,0.47882991301790145,0.001354918638139433
53842,-4.116400303301116,-7.935908735196451,0.10900059881165247,1.8557776621854416,468.1690617577207,0.3140850513317712,0.0013549922918941568
53843,-3.613636192055692,-7.434147712387921,0.6785727968242041,0.9930980098253762,156.58796774550046,0.2508311626975823,0.0013552364320190973
53844,-9.63789119587379,-5.768499649274075,2.2510356228958157,1.8720253188303786,469.56800593719294,0.13874009459210246,0.0013559177457130333
53845,-8.1048729047219,-8.534527434065538,4.215087906407515,0.6190406653697699,180.82203847833176,1.2261168876821573,0.0013561737170722146
53846,-9.131137917227532,-7.038559258311047,4.230704881540487,1.1871396489113357,303.5969044164959,0.738866796464495,0.0013573887193650638
53847,-4.597007393303512,-6.652823395873042,2.071293638176929,0.522962929998144,109.90075468531796,0.2238571067954629,0.0013577220888859745
53848,-7.832498072398781,-9.869974501431434,2.979391472374822,1.1507012039836413,233.75100082440113,0.23745008957670155,0.0013578411482948638
53849,-5.150793413844888,-6.300816504927252,3.345192563773513,1.6432762103600738,387.8817961417464,0.4791650605612947,0.0013579318014413705
53850,-5.059282754323066,-6.3901792985026935,2.5250391470055145,1.273990275908184,284.08275465714695,0.25755126767420844,0.0013582432825693905
53851,-7.629380558719468,-7.963516212573872,0.11514805376138015,0.6746402622195071,136.2947748023394,0.7116289400213676,0.0013583435836214462
53852,-6.476907015513668,-9.638229628174566,4.857933186482255,1.3036143319274558,246.00209172735507,0.004653073248471529,0.0013585060222861924
53853,-2.4850980414808133,-9.532190179045354,4.536486311286045,1.0083164586042785,468.41708358963194,0.6873802312103541,0.001358719581069317
53854,-9.146046745399854,-6.18220035310651,0.7777367666407558,1.8312578306888214,467.7847532957457,0.5178434664432938,0.001358835883440841
53855,-3.6765195711996457,-11.0756404511354,4.023254318876352,1.7356486174831454,359.41457695833566,0.6192994277621633,0.0013589153839923841
53856,-7.716846649335321,-12.426690541614631,0.8318171232547664,0.8017769656691287,129.34120557045233,0.33039562530154765,0.0013593889878298424
53857,-2.442668489449219,-8.351019903640985,1.0165769761467314,4.156996807842334,570.9629168638164,0.5336743199518059,0.0013594009327548972
53858,-7.831669249093407,-11.195928907139134,0.6126425569483375,1.5387334463480762,364.1978785753773,0.24970188176537622,0.0013594823507261967
53859,-7.631003936139377,-11.474823418470535,1.2960361823148685,3.9846894868696077,248.32513855473292,0.40648456596981575,0.0013596972386086953
53860,-2.559469735827168,-12.471068376009661,5.179857273436394,1.395675590417985,337.3510236098575,0.4749395506966829,0.0013598436253653237
53861,-5.537194212489825,-6.151233711879613,2.389415131110703,0.7088759962049989,216.99884069307893,1.2366095456179371,0.0013601872252166722
53862,-6.808210529160011,-10.24966870161466,4.23724806639662,3.0688169141908963,505.59493346889457,1.6681510611084933,0.0013604761435139197
53863,-6.461463319461897,-10.650344161670564,4.182227601377534,0.657325989270141,135.10615163884535,0.30043785566820613,0.0013604994924119576
53864,-9.64481501128505,-5.155555802908763,3.1717385565610745,1.0562161205863143,285.52414362919217,1.1217654152753278,0.0013608321299333653
53865,-7.585171667320317,-12.338186777033087,2.1880232223280767,1.105495148328201,293.72543883708096,0.6998308712000627,0.0013609317541402723
53866,-7.190912124612272,-9.114495965753289,4.914139320438492,1.770425974915578,469.3858159669362,0.07628144744498933,0.0013609817252076373
53867,-2.1495908451834502,-10.166172096017704,1.350063371886524,3.3527144017186106,243.27169452808945,0.2979308600725581,0.0013610854462012298
53868,-6.363313269067566,-10.044832249813041,4.559612729263777,5.9830297847803795,461.66352106926394,0.05942253089127281,0.001361179324759175
53869,-5.927320748488013,-5.754471150499737,1.8066973614813115,0.9443427734036544,265.947434079602,1.4724187033656495,0.0013613820581417097
53870,-2.865400638839869,-7.109980605837296,2.1830692916092245,1.7599023969064402,373.21982473811175,1.4001920163876438,0.0013615109847123761
53871,-4.443575808564524,-6.503791694142757,3.4149341097806847,1.243669261005313,308.61449242401847,0.42606859895989224,0.0013623004818011722
53872,-3.6150664668754935,-12.849279770384983,3.7207344961322177,1.7887449645168165,467.5428135071006,0.6202548274691315,0.001362981767689841
53873,-7.113549680514584,-12.660650327503259,3.270016484966907,1.7023794333972382,442.31253889469536,0.011985713426748035,0.0013633514754170827
53874,-5.366016146385235,-10.392237176665564,4.370624068832691,1.0258891411140914,468.58822765045966,0.012103614078064595,0.001363482274319382
53875,-5.901278853030622,-5.503396317071335,3.2529511319907507,1.6249337788935454,469.72156756191515,0.23983817614030922,0.0013635222242158144
53876,-5.480285771246315,-6.239345425252616,4.19523402556395,1.7787522810863798,468.55004276629705,0.8387016981412412,0.0013636638192718743
53877,-4.367758256512132,-7.243531946882906,0.8694246318238055,0.8113233860711228,186.77290203923206,0.39557400165297185,0.0013640261037812969
53878,-8.814505692510842,-7.624096415871917,0.5759280368389715,1.8315708693721802,438.3413940667479,0.24412599368413712,0.0013643535333744325
53879,-7.738779794429222,-10.974275709261608,1.3236125443604083,1.8951011557557451,469.6872699521969,0.09645780069152377,0.0013645947467921008
53880,-8.289742098663275,-7.631379344894899,0.3325951153010076,0.701205091983373,161.96488167899406,0.2558815235475844,0.0013646874000380442
53881,-3.9624672528859373,-6.70216458146498,2.291231641228239,0.7497477523369948,466.96791476180323,0.3182550240229345,0.0013649118932847768
53882,-3.379480466627954,-6.621919214916457,2.878809488474705,1.1525672120654789,235.10875609937682,0.2804005823441118,0.0013649700829579518
53883,-4.9152605292031515,-12.888436671935692,3.7552338399065004,0.7030182881880747,152.60790830592055,0.05542634981029604,0.0013651242955028157
53884,-3.0552214772922586,-6.809765963577931,2.6280070650788736,0.9971995212344579,273.9584079909562,0.49557767380360307,0.0013655526562534317
53885,-5.1896252367416515,-6.428747447686836,4.406161185424732,0.8643205518795287,468.7135735416058,0.24568998760660943,0.0013658978222723154
53886,-4.991699465671211,-9.498210798251385,5.032697192700345,1.4556877818059653,332.2970373262979,0.5155039028538475,0.0013661586653217798
53887,-3.412071762461327,-6.726168438334335,2.319268980810754,1.674286095362448,395.7617050229961,0.8527155888716953,0.0013664880796937717
53888,-5.665488389567704,-11.226270101206145,4.035291001374516,2.448832123451783,453.375644478894,2.492280899890563,0.0013665103009523015
53889,-4.488058964412449,-11.339801749150773,3.9572851113127885,2.4875665384406616,457.1368303992739,2.5515114401062062,0.001366556429201367
53890,-2.336052119830341,-9.305282916060651,2.1813376299357947,2.040392804602848,401.6217242229565,1.0470808289719118,0.001367154146130251
53891,-6.923093368530416,-10.40173666768488,4.062374932747165,0.9476964537501057,254.855271608513,1.1375357014850325,0.001367391917365835
53892,-5.55827063673566,-6.100867428989927,3.8912085281815174,1.1211140399339892,359.83211123031856,0.8322848683903343,0.0013678156325660465
53893,-4.093727373561615,-6.552633970733109,3.145839280088506,1.1164402665059285,285.1331554914781,1.0535744856433995,0.0013680442260783688
53894,-4.8866736145589815,-12.707262853128327,3.765342024254336,1.0453743520609455,273.42882483039295,1.3266586106893659,0.0013680705871337772
53895,-7.493223775634611,-12.254375741245028,2.5764840282351904,0.7329563097189413,467.8070429920496,0.3099096370860961,0.0013680725868305639
53896,-5.989710508631436,-5.3975394600181295,3.5857548092583165,1.110849514664514,237.52714152996498,0.3727577363183574,0.0013681891029181184
53897,-4.8303674167259025,-6.515191055145273,4.293465362247409,1.5917873202029382,468.22527674224233,0.4593509105372293,0.0013683276288928476
53898,-5.384156334889218,-11.946143414454243,3.871029749163191,1.4877433311507546,336.7746875984348,0.00377043240147934,0.0013685801742643665
53899,-3.851317581656434,-7.112619041653462,1.1414464226564176,1.867651918078516,449.1884273309895,0.06998865386336828,0.0013687196269935142
53900,-8.082775904338462,-8.67223107155817,4.0406519387704645,1.1301236367431449,296.7427865705264,0.5323139303625881,0.001369092894821019
53901,-8.167547190318663,-9.844172693514125,1.073753248373948,0.9680376335041945,466.4384702235816,0.5844106283599544,0.001369197298813098
53902,-9.563562131228696,-6.244266694752261,2.01825581975519,1.8932242610686123,457.45832372666456,0.41590456346629257,0.001369592723830284
53903,-4.5173051497839865,-12.487099496252533,3.7705673180232364,1.1877473964162562,467.6712657031239,0.5099131260460332,0.0013697472461310616
53904,-6.0505959932505835,-6.338601246920291,0.7003458130549446,1.7065598997322717,362.4605098108044,0.3039183016113771,0.0013697673575740572
53905,-6.864946155900434,-12.805597168181308,3.5104816109237214,1.0611695761195385,454.76278684778976,0.7445197673255342,0.0013699154795167598
53906,-2.859187117233642,-7.079515683633952,3.0851979847109616,1.2120850871973772,467.5208564376151,0.21506137508003587,0.001370092152025982
53907,-5.902934271191057,-5.502872269139907,3.4241854353903207,1.241971751783439,272.0316919927136,0.4851018693331435,0.001370216897081815
53908,-4.11170426154375,-12.036815621676626,3.806731030603013,1.1305275909335188,189.24481775633745,0.1375941750219294,0.0013704599149672806
53909,-7.157871905064343,-11.361282431846018,0.19158155278009548,1.7801802872800045,424.66049243608813,0.8139664145912882,0.0013706282248568194
53910,-4.977398693413625,-7.28918759562784,0.6560544416941233,3.6052394718806355,540.7137950171357,0.8849363740379355,0.0013707792996474548
53911,-4.04228114532176,-12.34363455556401,3.7672566411270405,0.8677309123359352,467.53272191140877,0.891213142847068,0.001370965956210851
53912,-9.378759927202674,-6.8139686392065695,3.8279680481752227,1.1060984471332107,466.86904177566373,0.3472219419499707,0.0013711206396188253
53913,-4.575244536587286,-12.693585945115318,3.75473810869828,0.733564302849621,237.7966083738877,0.3661709928403747,0.0013711558482631299
53914,-7.459060084552059,-9.903420968948149,3.760563789529248,1.0024838889086927,466.4612710929387,0.16408009219932396,0.0013713731499826359
53915,-6.68487022688546,-9.8211590880193,4.6130488719758915,1.772907091055449,420.9716610854172,0.7554502092812276,0.001371416671058076
53916,-5.559259944368452,-6.395856514754026,4.950844384991294,1.1258598784250367,467.3612642879102,0.3383322856685007,0.0013714343183673405
53917,-2.1789254224074783,-9.985576083102883,1.461734116425449,1.7583872500225655,416.62730310225714,0.2124058242375959,0.0013716505677854212
53918,-3.0982055292814916,-7.060594535453007,1.4649354083246993,1.595305427008894,469.9760501380823,0.166884070942678,0.0013718727984384069
53919,-2.373289022055282,-8.934878145118173,1.9549770903481214,1.0594224345301184,280.35215970449167,1.6890577690563466,0.0013720944240223274
53920,-5.958289992542197,-12.367239013403434,3.825758994243019,0.9814717020567489,229.14173874406674,0.3200419060375497,0.001372200406357262
53921,-9.30369973817128,-6.58414931309175,4.133777611826679,3.1697054393409894,474.88276915044673,0.1815317576973836,0.0013723223350750734
53922,-3.4718955719910145,-6.780082567316497,4.862057597366382,0.6728351026096103,192.99665702757076,0.8746357398130788,0.001372817057665008
53923,-3.6536543228410876,-6.671056680673393,2.460463675673631,0.9841084176909418,468.7370468503727,0.8882243460160071,0.0013730495963494667
53924,-6.027680784499873,-11.513465268380989,3.9597837102210396,1.8987029662912618,468.1789304660669,0.3937918292948055,0.0013732347976010651
53925,-9.369134228566564,-6.633055308357751,3.9616641763747644,2.360500292493131,441.23396625791764,1.5663579260942644,0.0013737005170368505
53926,-2.424844702219775,-10.500975212618085,4.10188757294829,1.1237220461781747,262.31349204285897,1.195450269393195,0.0013739809863434994
53927,-3.971459786357019,-7.311924256331342,0.8207705869625358,1.8803798463633763,467.5561474735968,0.31013595633861346,0.001374022812970165
53928,-3.5365391603804186,-9.795955237886616,4.7228276166373675,1.2259830190912957,308.0783292590795,1.306745367132403,0.0013740935494637792
53929,-2.190042951814469,-12.99506403122078,0.8403202857629565,1.0338485015936505,257.2646297473997,1.201397016424436,0.0013741022866036053
53930,-7.931036714241811,-10.344508603013413,1.8236018502230391,1.2854831033053438,314.2067417121774,0.22304639241316337,0.0013744094164646495
53931,-2.296670063480798,-12.89957693883597,0.478164154315232,0.8701455955789889,467.6208865663515,0.8928280397739146,0.0013744404370235567
53932,-5.7679204852701895,-6.105110035102249,1.8967584221647067,1.8588006601191804,446.7550580536976,0.14535769938230647,0.0013744666756454057
53933,-9.514978783812424,-5.119248620286205,3.6390459996630287,1.2872225748528145,283.05237482880665,0.44227879016543703,0.001374664552764177
53934,-5.339518630199603,-6.19274229083163,3.1058235763307245,0.946707228225521,469.17758996093744,0.034575502650846524,0.001374817137078554
53935,-5.898101952294901,-5.444239487215535,2.867109786252859,1.671434431878053,468.1528541425541,0.34509516835870446,0.0013751366314329627
53936,-5.556598287018245,-6.080591406870823,3.719235831055763,1.117786613272249,467.978212363451,0.8307167867194556,0.0013754620333371512
53937,-2.898414132287078,-12.780309820999003,4.203680615842983,1.0156247424348173,468.38958459468154,0.5324308498365804,0.001375528894090601
53938,-4.404071827833597,-10.251921459884485,4.415157697774578,2.266322209923154,431.59547383827385,0.5248535908143941,0.0013755611830224693
53939,-7.2857311120062045,-12.993525328852561,2.975803302275781,1.9496758710758963,186.88447932955162,0.25299920995079894,0.0013755763734032026
53940,-3.9687030756844655,-12.513976206709204,3.747809298387028,0.841145940353205,467.93010330676543,0.18012594824056638,0.0013757551976935067
53941,-2.113514475443524,-11.471966476120599,1.13015133008552,0.866976765411011,467.42494154970643,0.6333893232291743,0.0013758193137613636
53942,-4.91422218020916,-6.582828570675437,4.71636341506547,1.314374692654506,321.07962372035723,0.8975759272507107,0.0013758539978315982
53943,-4.480386942990117,-12.868651589915816,3.7331184032035614,0.8745780123321132,228.4433337831814,0.1155211613401077,0.0013759370729251146
53944,-4.045727702210033,-11.662647296073715,3.8670534431962214,1.0854176760825474,257.25119849686666,0.7134995891052496,0.001376069034446408
53945,-4.765424468279096,-7.844371283408754,0.12053734679337505,1.5159565278376423,442.4543297439356,0.7497058654988065,0.001376102362181571
53946,-4.573535356307649,-7.199902372365497,0.8909176725873784,1.8050794659927425,380.824803734744,1.7067894875306644,0.0013762466170945578
53947,-2.5823368483346183,-7.829918720955756,2.212133589820517,3.937431520352861,563.8778909744548,0.863686012469703,0.0013765726568608302
53948,-4.177301745063602,-6.730930862157728,2.117698318100661,1.6739860636125576,393.4181014826443,0.2783834178653857,0.0013766888743190111
53949,-4.803190798576177,-7.985441629065293,0.010536845925543232,6.392508565013757,569.4931237533741,0.09313547890199736,0.0013767557487622758
53950,-4.314150782602681,-10.653408323288968,4.194483474775288,1.3381762337758436,468.8476618326734,0.2635228551146236,0.0013768971521509132
53951,-8.253416304077902,-7.759340855987145,5.091700805783493,0.9160061384347546,466.03725864697003,0.5601127766104552,0.001376994006971613
53952,-7.046102579072656,-9.872587838974603,4.310549019231485,1.8903756175799733,456.1201599605094,0.2962894106513856,0.0013771468953763665
53953,-6.28492010416177,-9.48297135935148,5.0448898483343045,1.8573633648845265,446.203766316173,0.44986360945750103,0.0013773535331479405
53954,-8.623265611033252,-8.626600905540617,2.3576936652524108,1.1524679946040737,274.90655841416395,0.512067241423126,0.001377479418277385
53955,-4.06444346069553,-6.9069965367627315,1.686736153935767,1.1829732158094943,305.6741846054012,0.3795412155917104,0.0013777728302395316
53956,-9.643843475249907,-6.412832985948377,3.1229310416096676,2.747574739970796,479.52729686874926,1.972057341394673,0.0013778851212164422
53957,-5.8277328902827765,-6.4602864102925315,0.9570422892314604,1.3534752870915352,244.0181575136635,0.14926278770255852,0.0013781117173309297
53958,-2.850781768744774,-11.918731372643858,4.448263211575198,1.8551952974394306,387.1514367914477,1.7678844571875452,0.0013781252361054059
53959,-3.4494124536674615,-7.164231068886433,1.1254045986699581,1.256657476457826,264.63912124520556,0.5087415851000774,0.0013784674678121833
53960,-4.380834682349029,-6.513554198366165,3.3800937119209187,1.2390396062622262,281.70253581983457,0.11048574812240464,0.0013787187713856157
53961,-8.345603287841648,-9.303249151729366,1.572348722968298,14.234055592540708,561.3394780199774,0.09550470826065194,0.0013788622661963727
53962,-7.222055261119117,-10.722296168204277,3.5786531569476416,1.136073563171526,468.0014259418753,0.3685738904020406,0.0013789283590732373
53963,-6.096983380927327,-5.39493227986547,4.191862259256904,2.130512896082403,406.2588686425615,0.6880935011439195,0.0013790251689495925
53964,-7.939627572716817,-10.078089582122562,2.295942218587607,3.2404892525837474,409.6032469020069,0.03688156781629637,0.001379468293973695
53965,-4.9226605173381675,-10.727872282154191,4.182131690191421,1.1004056525077313,279.4964479326105,0.7546283833844125,0.0013795694278261894
53966,-5.322233158506971,-12.180586846544628,3.8302288188494398,1.420974383263881,305.44900984308924,0.1366044763040284,0.0013796613662418879
53967,-2.930666912699773,-12.919558860876085,4.115322649097613,1.5668182529093408,353.742915392175,0.716504123393273,0.0013796871163932912
53968,-3.239113677522292,-10.191025425077182,4.460526611891973,1.491363891198926,330.0573731924701,0.9577569858728356,0.0013797087764980379
53969,-2.5861143096544037,-8.125205161752623,3.9938744755771522,1.0172375851976379,196.41419720656222,0.07742224819779864,0.0013797839290918645
53970,-2.923568566374418,-7.015463874290139,3.754968887535917,1.7750780219729403,469.2953543446343,0.1807000072192677,0.0013798487458055464
53971,-6.1229565155601975,-5.192133339381247,4.073822184603801,1.2665037844895513,295.11064377961037,0.8599981558176193,0.0013798758267250313
53972,-6.2078014564898645,-12.132077618578291,3.833857307797025,0.9847021215527627,273.4587722755954,1.8114955418205492,0.0013800754400724801
53973,-6.529601599932647,-5.5561038834141465,0.14204292828771042,0.8862086393665358,149.1040792192028,0.12652653287142623,0.0013802423830528022
53974,-7.400163592845741,-12.57498761150804,2.7765324621073786,1.1154862645737484,289.50453348282196,1.0966986845166984,0.0013805301483348794
53975,-4.384420880689567,-6.753476111111922,4.950285060682856,1.8100370270145671,430.29498287838993,0.5416721187011664,0.0013808432045641778
53976,-8.810541797165284,-7.888461854017016,3.6850399802441434,1.1121990021905965,466.10974935941357,0.6976873582858216,0.001380897454365607
53977,-4.599262029534012,-12.221836045682606,3.7984439422502363,0.987389636794669,258.9786354681402,0.9254117312615646,0.0013810006828414646
53978,-2.5758795811402715,-7.886212453326088,2.8236677995489132,1.5470584948272161,468.73998953771365,0.2128977349166652,0.0013811987250632331
53979,-2.6270312631182176,-7.723054677888874,3.041891090919169,1.4394019987389484,318.6691572045535,0.06785018366198958,0.0013812705998499384
53980,-4.603693441511299,-9.622691576606778,4.894827413376582,1.2407934758728225,295.20796661167947,0.4015897689237997,0.00138127101145637
53981,-4.043582143804027,-7.038117513387745,1.4484388374707076,1.0848587565262824,288.9243697895168,1.0280215217970001,0.0013817224294172515
53982,-8.19507669519007,-9.182978797065083,2.8275875126970176,1.1441433082503378,243.96936505902818,0.22760111600662558,0.001381888865187112
53983,-5.174025058514149,-11.700437978389242,3.9006877981732346,1.1009446663126794,420.0509856161649,0.16466512856946736,0.0013821391991680415
53984,-6.127277410570754,-12.685202518781807,3.78382077412157,1.3007008481478932,309.2250183892102,0.6448057059776096,0.0013828637471965876
53985,-6.062370841148656,-5.66700588753686,4.48182319386204,1.437374163329241,324.99594135671214,0.5735838858526048,0.0013834615632646952
53986,-5.9160927908510885,-5.562442511588288,2.3597698585191647,1.0056568314970094,414.718316108674,0.1456008580397823,0.0013836812194391943
53987,-5.8408404234063935,-5.560497473614323,2.9275147534142283,0.974356860672525,185.23453345700685,0.10766496954325877,0.0013837046215631726
53988,-3.2102034540556357,-6.893208598718257,1.8999077221489364,1.5568909086581815,363.42930958030183,0.4867515625996912,0.0013837119033654557
53989,-8.993324583703226,-6.792467528195361,4.681462319323263,1.2305709013135488,310.7199498773345,1.1757348330077484,0.0013837688952581105
53990,-4.665353418077469,-10.121804155549363,4.505043918323118,1.1060860943362714,467.458873547901,0.9347479823785747,0.0013839887221940765
53991,-5.561069049282439,-6.312619166961529,1.9686096705562508,0.7428744910803178,147.4775333757168,0.17379338526142707,0.001384509206279279
53992,-3.7303896661654745,-6.806640806493806,2.027128527026451,1.2802540432847282,318.4211693100648,1.2379309398715144,0.001384606525252407
53993,-5.782287276445423,-5.777334019216166,3.090110743989619,1.019276784758846,266.15396259866606,0.9330171047738274,0.0013849198552511306
53994,-5.323875315521759,-6.225233908162966,3.5817449828238423,0.9754369472944895,254.57679879847262,1.170246121635845,0.001385315699748989
53995,-3.8070169963605665,-6.598183083861985,3.8799252326322464,1.1922002908188194,455.8451681915004,0.3495038771974954,0.0013854250447266835
53996,-3.983512310243996,-6.604930850639991,2.9458646846601706,0.962282950274358,146.88594380544208,0.3966428251861709,0.0013860405589799303
53997,-5.630618669424946,-5.989665421383881,3.2813190852750944,1.0646161573019224,221.37860634241213,0.6041173244532292,0.0013860892746348848
53998,-3.930694149274567,-6.808990143009478,5.0389767784678545,1.2484096452521607,387.6548487803765,0.7745851103383501,0.0013863984263174129
53999,-5.702693766083871,-6.243692954812261,4.715788326854688,1.0681232583208866,217.8165287018838,0.9223338936880667,0.0013865829220843884
54000,-3.350536374116441,-7.4077353305252025,0.7282077124499979,1.8002297259609514,430.74096799943504,0.9171970930049298,0.001386845885706139
54001,-5.557333793024177,-6.170730822933105,4.161349056010962,2.4189437709231725,442.0713308524089,1.0441149286502336,0.0013870249440653874
54002,-2.3761399623978807,-9.56191618243748,0.5130423584436519,0.759785961627211,151.90150785049104,0.47192696547567703,0.0013870456050210868
54003,-2.8562545437480322,-7.507358206945716,0.7090569411877766,0.9862427850249896,262.72333731874267,1.2682858532527463,0.0013870672191067174
54004,-4.9477993343748805,-12.484242005496146,3.780786076240036,1.7842118773947577,425.28782505370805,0.02110321798154491,0.0013873265674206377
54005,-4.084690769972221,-10.850646938606571,4.103611104249866,1.3505103637163276,305.5265484742788,0.48693578712310526,0.0013874383018512943
54006,-6.4204209930623986,-6.104071115440921,0.19327775881260406,0.7736778432794704,469.2547474516558,0.20869293022481816,0.001387686294473009
54007,-9.672220219246132,-5.736203477670391,3.002066655871845,1.0873852061483587,467.12421748442017,0.10282873480343291,0.0013878713841692421
54008,-3.924333511679947,-7.099654979085213,1.1836239005938638,0.9075404667801855,468.26038109280444,0.18318308931070337,0.001388285679651939
54009,-9.650647627751253,-6.4023765938198505,3.069852201030499,2.6232454558325746,466.572267325769,1.5568140717210257,0.001388354525323709
54010,-5.364121196634579,-6.508258718102097,4.963382359352135,0.9681596733682801,188.9931344550878,0.06402456185520489,0.0013884374746353696
54011,-2.774621421133233,-7.321358116189818,1.912282017418399,1.1690861319714465,467.8756559675784,0.06550963855457059,0.0013885307246100929
54012,-6.7556849803459365,-11.325881333299076,3.8000589697742044,0.9331360478927674,236.7948990420678,0.5601871094770239,0.001388722001477892
54013,-3.557566561447995,-11.510805525719052,3.887153958900534,1.9206828553946038,394.7637889818135,1.630614475090323,0.001388917471303952
54014,-3.790463661454795,-12.006873776373306,3.7990751396466,1.028247390848551,265.3624721326267,0.6517963418622763,0.0013889698096865417
54015,-5.012540726320304,-11.704379074940785,3.8916598050805025,1.0438266662765874,468.6370789952252,0.905119850426356,0.001389064085921149
54016,-6.116129105394201,-12.98081625840405,3.763767444561596,2.373766749656291,442.0896554096228,1.5176739082117257,0.0013891375437502368
54017,-2.6106975519036375,-12.499530908578974,5.058013111459239,1.1127316881911877,286.5715928838822,1.3305094021740738,0.0013893230477710066
54018,-2.3071331571169402,-8.933155708272688,1.1356576220798438,0.7057522067155072,448.12298419489736,0.391933015565197,0.001389544931434492
54019,-5.684306974133566,-5.95555292658907,3.500094527820558,0.8622535815116089,169.16993638244756,0.45290393743109814,0.0013895872479150037
54020,-9.422429712854198,-5.220673135976235,1.7171913812348216,1.5863543160769216,362.12203588147946,0.3324600730907932,0.00138987908016605
54021,-5.809463231592645,-11.874948287935668,3.889059408111862,1.1276260986725464,270.92736082054205,1.2509073775209805,0.0013900457676155088
54022,-4.763834349622194,-7.002179041954198,1.2396982615103924,0.9532770056396707,160.1655772728812,0.17656905989566507,0.0013902317687200147
54023,-4.075970355469591,-10.954883846785737,4.056669225062855,0.7826122806209392,199.1482929339678,0.9102605007957498,0.0013903344761136212
54024,-2.994061432821182,-7.141839375394879,4.984123260469867,0.8744706288017929,466.72172243305187,0.6500370077468771,0.0013910852666818574
54025,-3.548002869734228,-9.401793428226151,5.0749369076597075,0.7862656878379376,172.30283008501115,0.03965021343950248,0.0013912362455821485
54026,-2.667600151068897,-8.656751483692961,0.05096459818796872,1.1443751548606604,294.4419698274135,1.6515530626932042,0.0013914103458791665
54027,-5.996575802271909,-5.681936334822637,4.288655180847336,1.1866094211788212,232.37329427007006,0.011349976654277505,0.0013914136505763614
54028,-2.9538722904154593,-7.19347372314268,1.1250493427309691,1.7301643371859128,408.02284877618507,0.375459563007996,0.0013914169980791952
54029,-3.555090922865687,-6.769677196201143,2.135595593287919,1.863983246927371,470.47608329453544,0.022286840182592194,0.0013919019976997707
54030,-2.572743420477156,-12.31526169606139,5.156728940257505,1.0002746399143354,467.0346408105038,0.5394650649344586,0.0013920993555003238
54031,-9.040560004108292,-7.171924793051451,4.274030325779762,0.8418890115287112,231.3811807527844,0.8241588896909695,0.00139226428251285
54032,-6.180315882001871,-6.009488282964228,0.7022912666493786,1.7198576138088493,404.028537842684,0.5570496034123451,0.0013924988981791836
54033,-5.700432574374315,-7.052760418348123,0.5145546183136913,0.9139925383336538,260.5215149639195,1.0105969156731769,0.001393029143202635
54034,-3.875088997652351,-6.581909853933022,3.0477002172243823,3.1050998997820867,491.26994050300146,0.43800484818120733,0.001393133395140239
54035,-2.806009344843165,-7.2590922164597975,1.8770890063910697,1.9065156045197886,468.1973341238573,0.39689475493141035,0.0013931800264579556
54036,-3.8981836744185516,-10.524265477914048,4.241887733798793,0.708718241827028,468.12927077750885,0.49491335031294437,0.0013933400618976357
54037,-4.93993820772325,-6.393386632278144,3.11928370645731,1.1123045535777174,269.59207205273276,1.4994494433772942,0.0013933695497177587
54038,-3.4410749060571213,-6.62607624378952,2.8602563910129697,0.9358936765557856,468.0665025698592,0.7117789064171571,0.0013934794041152714
54039,-4.721473784009202,-7.126866739901014,1.0072018881379985,1.7872986922094507,462.50026338545774,0.27156250251538516,0.0013935139416756186
54040,-5.977239780642666,-7.351951470654976,0.026715910232090804,1.1656527966915837,254.48015795464772,0.2224759549313715,0.001393553538105501
54041,-3.016742850108331,-10.575732641000794,4.483481885286424,0.8364183803066524,219.60901398082945,0.6777252453516622,0.0013936492237247879
54042,-5.495133848002853,-6.176780260831373,2.5332375393296864,1.1269390303757194,468.5343319371685,0.6705485227450962,0.001393862769387188
54043,-3.981180342592374,-12.15683630125511,3.7802657722178252,1.5320407296937084,341.7182673567946,1.2902318968637791,0.0013940650116614883
54044,-7.605762806537582,-11.050180071974491,2.6508178948670107,1.4076224363960623,307.523236072937,0.5256312977642494,0.0013940659473308291
54045,-3.60588015098312,-12.45523340542959,3.744590248612655,1.2105363396266537,228.78299672941867,0.48917990781112053,0.0013940987103545225
54046,-6.290904615449027,-10.891892425676417,4.1088888279814215,1.211270009179381,468.51420145124,0.1115012003653808,0.0013941846806810004
54047,-6.136704881423801,-12.272817338768705,3.8205535896283487,1.0906971025521353,467.86600199778786,0.23316229668995003,0.0013942072626203365
54048,-9.675290887749487,-6.184097608598572,2.866981962593497,0.9767293985085576,258.5184952066235,1.2971429120467954,0.0013942792487863771
54049,-9.07033283225627,-7.750044706670765,3.181047136979513,1.4398304515309952,430.75423962754104,0.077796282505739,0.0013943265342393034
54050,-9.495593252224268,-7.0582923560804,2.2409184586266204,2.403779153417859,448.9733567025689,2.3848807437517,0.0013950422092949544
54051,-5.74562899944656,-6.129770833070309,4.53470987491332,1.7950821444672131,470.320492651194,0.154336581988896,0.001395089192078037
54052,-4.967871756428837,-6.3820916196554585,3.49942837899768,0.7432903914346201,223.74468010568717,1.216452273748918,0.001395145477169011
54053,-2.937296620788824,-7.116538352414189,1.5434402237769826,1.4559419600923103,324.1498531829363,0.2748121453031205,0.001395570236238592
54054,-4.596263140740237,-6.746101066714508,1.946728808681446,1.311086991658616,237.41047647916474,0.07704411011718992,0.0013956214504405103
54055,-9.039149789026418,-7.6408773320052426,0.9415957946105592,2.973651151173814,494.71621037466986,1.0999274483900665,0.0013959442197876116
54056,-9.66540208788592,-5.918493505770182,2.499575487456307,1.0743457002243881,128.68195189579876,0.3367847359212277,0.001395983604829864
54057,-6.13760439555906,-5.351982768176745,1.612376160882649,1.7922512055845305,467.6819653032864,0.6032163557069188,0.001396164837842532
54058,-4.728237806898718,-6.606194958283426,4.579312589859145,1.337523498300854,311.9903454123652,0.43624901116918213,0.0013961905593731744
54059,-3.383423732498109,-7.0281852065739105,1.4857350301149193,0.9278742325481708,187.74521713120708,0.9329821174652251,0.0013962902544346339
54060,-9.498322314101111,-5.3399044665941,3.693209641162155,1.09333055194603,467.3349911211087,0.29327853439852447,0.0013963033115475855
54061,-5.400887125409287,-11.908521304236828,3.8648360489498605,1.165208112978061,302.93073394671563,0.5658166946595369,0.001396304993853021
54062,-7.471585309087627,-11.406569711024083,2.8553850068324325,1.259839721649047,280.37873415310537,0.7043662004539666,0.0013963091071479273
54063,-6.7803306667551295,-12.277626601627455,3.609724890033299,0.897651351753746,235.08581754116491,1.1056549517742509,0.0013963143277618776
54064,-7.6266684789962,-9.727890578146031,3.608788352390421,1.2585895939564131,303.6449507084337,0.5100754244722774,0.0013963289439498656
54065,-9.23650633823126,-7.343832893455826,3.537523592476452,2.7477866498892234,472.17408629873614,0.9483160559512758,0.0013963498918239435
54066,-4.7350123985138035,-9.631825163142237,4.887997416187334,1.4295289861838447,218.6943905191437,0.45283627613126587,0.0013963672783232819
54067,-8.681951778392182,-7.437410415511489,4.698805357825673,0.7965519527798418,200.11918660896518,0.75242992698651,0.0013968940204501779
54068,-9.105970959012062,-5.529627204861137,4.58978703643174,2.220384224518847,327.04695136660007,0.03125271119933348,0.001397479243412483
54069,-5.716030339390105,-5.929555377213135,3.670712939798711,1.0310460260048364,277.5047946339309,1.6257000768223664,0.0013980070467177292
54070,-6.049817376917844,-5.703659638543947,1.2084612769978516,0.9382204950209454,467.44407640717714,0.4391119303368649,0.0013980141870708778
54071,-5.373518321373092,-6.347836077629554,4.372844286045387,0.9871755273033544,467.3969668270511,0.4032928419955226,0.0013982381499113433
54072,-3.373895272495604,-9.703200245041348,4.793547430191634,1.4670993336488642,340.07039697473937,0.7334723139975443,0.0013991053035940218
54073,-5.595839216442596,-6.37693919360046,4.921137940364138,1.5537716683617082,423.6022724042139,0.8834151388970639,0.001399193745445162
54074,-5.191223670297725,-6.359502388298066,4.0491791825418115,1.1259144470267939,468.3765314451208,0.5274163295217766,0.0013994336054058067
54075,-3.684545139184828,-6.697606653876803,2.344261343747061,1.3679837548764031,310.3449020610804,0.5560521445667286,0.0013997734667770259
54076,-5.211176296026267,-12.657272740934408,3.7737432663834567,1.6328692065754555,385.62479297710786,0.29248143570115026,0.001399792378952239
54077,-6.167212950111226,-10.225409736458905,4.459057878832714,1.8157866001097132,468.05317241669223,0.8827571962239196,0.0013999488578043278
54078,-4.315092155705039,-6.674678417639805,4.562121876996833,1.4614040936199928,334.8039598247998,0.8130095418541226,0.0014003220382423193
54079,-9.151181951102465,-6.080368786731541,4.534419485598921,1.2541966202346628,468.0389872107008,0.03275585337287712,0.0014004941740828468
54080,-3.3157656230975254,-6.609776704766251,3.398632363955261,1.3580543281387525,306.70962729902965,0.9895805283972869,0.0014006391113437727
54081,-4.776822998654731,-6.620285124431997,2.1615453357101684,1.249334081318496,138.0514430164828,0.3095707049810441,0.0014007372774220202
54082,-9.187803443928734,-7.591726515376101,3.144084040522804,1.0931786398712942,221.38887829052481,1.0784133153023818,0.001400886365791917
54083,-5.9261503900181935,-5.527485229818757,3.5980509600365163,0.9407872786625552,178.2145058762339,0.15054427410453197,0.0014010123038867305
54084,-3.0699701785513147,-7.37022665610551,0.8408158313858708,1.1227465265577297,466.07893486963764,0.6960953647559291,0.0014011043012222397
54085,-8.232807059872258,-8.287930387323705,4.329753701900195,2.2355596175811723,431.58169977236304,2.1831866758860423,0.0014012477497418294
54086,-7.485295660882973,-11.030211603222432,2.974313153291022,0.5457252239418546,170.55617897264023,0.6813110929726616,0.0014012765574478849
54087,-5.723496261298426,-12.375054541090975,3.816954190913272,1.390891063986225,332.91542115885227,0.9982545536695655,0.0014013685386579636
54088,-6.038548207811221,-12.388787373564236,3.809935120906006,2.22384950764675,411.4442967121239,0.5732728882883249,0.0014013742634625876
54089,-2.3605458695117836,-10.979975654492701,3.1055134614709843,1.1995984291964357,255.94540795801078,0.9448670681392981,0.0014014538541736684
54090,-6.203205595846274,-12.921230518387635,3.7536186842750747,1.8476480678360656,338.42386522489284,0.29788717138842014,0.0014017732976477064
54091,-4.66784430140923,-6.636754607887506,4.648352923671243,1.2626417061878088,309.1095945589227,1.2208539410391355,0.0014022232281537194
54092,-5.766962395201235,-5.908537070393369,3.8267403513473357,1.0330974684778877,271.0182592575932,1.3618200241342686,0.001402897888758898
54093,-4.7911166802729035,-6.531661318344403,2.4762681667781012,1.7039574403922322,402.6446644139212,0.47018706299319035,0.0014035122949024952
54094,-2.8085935182509347,-7.347998877098471,0.9180986978168458,1.8953052687453213,388.83277609006024,1.3382018761959555,0.0014035871332171114
54095,-6.590122109084506,-11.059335691300086,3.958595163271321,1.1987950551845727,303.922374328231,0.6138075624024841,0.001403599407472477
54096,-7.139206330932896,-12.640274382340724,3.22444996419692,0.8838729376624506,194.55769347180683,0.14264426874870217,0.0014037733681323116
54097,-7.554858002622563,-11.890144622299822,1.2908413112358477,1.0468136851435708,256.19516246057947,0.7687020311656614,0.001404041195084582
54098,-2.462212326646121,-10.63092872607701,4.793235974712156,1.2605322770646308,260.62159917667543,0.0490602976144503,0.0014041723870877169
54099,-6.413147066568916,-5.391723686389597,0.5201286675250842,2.3071425076147745,412.492020693124,0.5012954368749227,0.0014041871460119682
54100,-2.6054432969702646,-7.739418083719852,2.4733859651240113,1.364128643738856,306.25477999704293,0.17930389238784805,0.0014042459899670215
54101,-5.979388740788943,-5.8580298326136715,1.6628429212932747,0.8610400736285557,334.5150749973434,0.1328632549310509,0.0014044771789866414
54102,-5.944741991365272,-11.01838502747977,4.089215070392574,1.1713791252648464,251.46955694038138,0.5633927629363464,0.0014046158051556354
54103,-3.906864920932467,-6.617666972769493,2.8607292874456336,2.678702645357354,431.25234447469063,0.20046892993597076,0.0014046267727989277
54104,-3.078231472276846,-6.897996405023561,4.4690409139268334,1.8484894030788253,466.91287657850125,0.69122039553557,0.001404732174635548
54105,-4.271698738423084,-11.45766628305741,3.9076088008112264,1.580460527045717,362.0686924974611,0.7646556372381843,0.0014047822253229942
54106,-5.364543780631658,-6.2525734000005935,2.6108145281574298,2.347691288695101,392.0472181831369,0.13725354901414644,0.0014050064402166195
54107,-5.367544500953731,-6.861700682638056,1.0002932136383862,1.7574150281598138,416.3099596348047,0.36944599005041656,0.001405076696841893
54108,-7.080875356464995,-11.409901183312126,3.498629948152571,1.6826626588226994,395.0999982768202,0.031445359957582575,0.00140551561135187
54109,-6.067889183181336,-5.33607160380596,3.969295500227753,1.1244707422871618,469.63342900807555,0.0783871681588364,0.001406043580599249
54110,-4.826619257281202,-12.938715427293358,3.7347430030402298,1.480905877559053,343.0710139453478,0.7616907147389735,0.0014063126227534888
54111,-8.602283136190131,-7.622117896289341,4.606917538251209,2.2417397015582057,254.76702889070967,0.12276174707827536,0.0014063881997337805
54112,-5.933887160222435,-5.37625394069108,3.130065697728688,1.4509918959900738,336.8493801652867,1.8251649138035857,0.0014064418177116291
54113,-5.880850431061922,-5.678445525884084,3.7431021889468723,1.9030352034462772,467.68028463952595,0.5561622152128747,0.001407548405682471
54114,-3.704842614083822,-6.731195391233178,2.2417495294106264,1.8768454816136115,467.55903153640367,0.5239554294338475,0.001407753664961291
54115,-3.2479031094615864,-6.836075062026315,4.921224423569358,1.1461582726077972,297.32763440620073,0.3966184067415339,0.001407891434200312
54116,-8.012325392898441,-8.086544515349422,5.059077191681925,1.2325463422264369,303.9750604135407,0.42695423788621145,0.0014081890984412987
54117,-9.665169535265248,-5.664495902265752,3.018991321329673,0.636264963666842,128.74332991850883,0.07420105094071161,0.001408318943959672
54118,-4.28453792601179,-6.694415075995915,4.670910425192501,1.703017632540958,401.5751111141327,0.3237750541748472,0.0014085187140834901
54119,-4.61696241200459,-6.591709367121031,2.5056712950420086,0.9640941280494277,269.75427937650613,1.5702610122487242,0.0014090004386156725
54120,-3.5748618411463005,-9.883610688283184,4.642096407917938,4.229043495425071,573.0259616178381,0.4240400714031063,0.00140936609753923
54121,-2.247857023156187,-11.207581129548108,1.7830331622320887,2.498551717455285,450.2538347256909,0.9243130384708165,0.0014096616244183681
54122,-6.073735837033763,-5.167563266078856,3.628532735624114,4.0414405707232195,206.61169869446445,0.37483103821526154,0.0014097184603210093
54123,-8.596895327753945,-7.814615295840066,4.320429000076126,9.865484023167477,665.9590435570603,0.10034085649995728,0.0014097836465640087
54124,-3.23694590508516,-7.302193093039424,0.9141353892376751,3.159876784474864,465.38262122176883,0.20311501783118224,0.001410867105166376
54125,-3.578289326256911,-6.744153886093237,2.1936470792272345,1.0212250144463317,181.46655279040576,0.1079771606537765,0.001410911704059586
54126,-2.242258390661279,-9.212186576504738,1.430410791924047,1.1918884311264455,470.4519739341247,0.049353009049393215,0.0014110210403690598
54127,-4.651965359701027,-11.624009931902917,3.880551172669802,1.868017916556193,468.12787856586664,0.5660259253263167,0.0014111122440642028
54128,-5.793085419276301,-6.539181710517898,0.939411901884635,2.7402691768300693,473.544804984588,1.0690181499341653,0.0014111852510845263
54129,-3.9595746931179363,-7.216143002911513,0.9822727917582063,1.4228335103114638,332.28782218036406,1.5316203539005997,0.0014113535922390722
54130,-6.162030115565985,-12.245672947583113,3.815316280411798,0.746022392363126,466.7913416832764,0.3205817210943005,0.0014116491277298621
54131,-2.3711460918094254,-9.529827512232977,2.7599908344042925,1.1671371696753934,243.166620262786,0.34354644573633575,0.0014116612347538603
54132,-5.112260973443659,-11.467141799177924,3.9361122795293415,1.68524162473389,398.694422559798,0.2615225168864903,0.001411784870183566
54133,-4.772598535995332,-6.689803527181586,1.9760525730023148,1.76013980380184,415.114282306842,0.6208191582346565,0.001411859678555405
54134,-3.7802604735091982,-11.607946253682936,3.867400760945493,1.7892108160460978,426.7872594790693,0.24290824497038432,0.0014119086108893624
54135,-6.3412093340234765,-5.494518011726767,5.047859358060383,1.0533939986556686,467.84237817405136,0.17211733808398932,0.001411959170422148
54136,-6.0536135289092075,-5.801891355667169,1.4770304381762323,1.0439809843957015,260.5226172840584,1.132725932514476,0.0014119995034232854
54137,-4.438713282670692,-6.596369907012584,2.6804823733981333,0.9205512057624917,206.33528897131166,0.39055809789530826,0.001412062311575361
54138,-8.534220831696636,-7.543787695257534,4.842495371395903,7.27018784867177,717.6953769699726,0.3879084670670876,0.001412502515003211
54139,-4.605192360792706,-6.494325315734492,3.1488524780973752,1.5501810363114858,360.075274960285,0.23204293396990128,0.0014128739719355713
54140,-8.061031295047433,-9.959768812425104,1.4987868860633948,1.1861458491453345,468.35107453318886,0.9024948602992717,0.0014129381135990255
54141,-6.133931033942119,-5.563618276800021,4.545639535213183,1.3323220371112179,293.6150848200713,0.13476276649397434,0.0014129928451016248
54142,-8.894985226541186,-8.253117060365227,1.9967660310227273,17.40404211960601,651.6416238805573,0.0014274953766895138,0.001413114606983448
54143,-2.9914728235264647,-6.894325793472263,2.8116009660307,1.024984656092171,263.09155169418443,1.3306223013890346,0.0014132760684894667
54144,-9.404761194327518,-5.471821742932335,3.929299167279586,1.1081080296683536,467.8966320828292,0.7001049216112607,0.001413280419603054
54145,-7.589444777229341,-12.350603133692667,2.1008153229542788,1.316433155319446,468.4939592540788,0.2433607188932312,0.0014134202969878417
54146,-2.363687432267195,-8.807552088152477,1.6882013914342293,1.9091593741712725,468.4452481661281,0.4339497520263764,0.0014134718915093194
54147,-5.272698676952099,-10.844092607009351,4.138121673061623,1.7703936717584319,418.2053511193663,0.5406133525865942,0.0014135955884884306
54148,-6.326964017618551,-6.778927423156681,0.057839149369527644,1.124926548686715,466.94591266401954,0.6166828154137347,0.0014139885450392107
54149,-2.2305230214621137,-11.86966993739845,0.6730998605316926,1.6538726581385825,395.7765831841779,0.34041594680113096,0.0014141843125353472
54150,-7.497929234791592,-12.328637691458374,2.522335868178887,0.9847584873406791,467.5109968642938,0.5932121455964934,0.0014145269903598494
54151,-7.206626654268856,-10.116273795074836,3.9430329275698655,1.1643744698014697,286.1264631987256,0.854906669862987,0.001414677368236577
54152,-3.31223247935524,-11.310767630159914,3.9372181294420523,1.4322670340775558,150.24431219810128,0.3167176241942302,0.001414720931369833
54153,-5.973084253059523,-10.907243688483868,4.1257837877898655,0.8752640442032401,223.9223632811407,0.9529722713636009,0.0014147708027466934
54154,-2.176451844677743,-11.04748950542742,1.4757270079795135,1.921116928300339,390.80358191783,1.0094666252002895,0.0014148923237889334
54155,-7.455483502039094,-12.167504780763577,2.6838057144759198,1.493887575795505,233.0458674414423,0.006443081757337765,0.0014150773757762231
54156,-9.244834933145217,-6.740879519952732,4.174531702373587,1.488929196402668,468.8266614637931,0.3963507256818053,0.0014155648544071674
54157,-2.305715016608991,-12.110379870330625,2.4073162640793426,0.9244127183482829,262.07301699675935,0.9603403018753172,0.0014156294952604005
54158,-5.297486981010872,-9.794995751636623,4.7653548326542605,5.741741936359286,415.99193580850186,0.11494332104230587,0.0014159446344708022
54159,-4.848694512965248,-12.671537919308463,3.7527940631181997,0.8879372046452169,467.30947182035044,0.12828608778357609,0.001416586502275882
54160,-7.373584245939595,-9.983357037492626,3.8158899841902816,1.0071903914966576,467.6677266298254,0.21281879504216317,0.0014173493306130001
54161,-2.1998105403246377,-9.436593557074628,1.2523707783597609,0.9015758079111728,246.3978292389797,0.4998112424960022,0.0014176662705422147
54162,-8.053503897703665,-10.267724932223327,0.8444865292229109,1.0363067624648465,269.5248037812937,1.4348919961697453,0.0014182590983488096
54163,-2.771991366931797,-10.961958395566697,4.911135944687083,1.1096283099326536,467.22858323975004,0.23029269674660657,0.0014182741113493548
54164,-3.6762682644618128,-6.928904287352965,1.7303197560326617,1.5242871151395994,347.05913064423163,0.5022845297279224,0.0014184321024032847
54165,-3.3581584178191903,-6.956762796544697,1.7095536929701682,1.6524243079142358,468.0826242881719,0.48224444954677903,0.0014186942361637358
54166,-4.317562617760727,-12.911912791853943,3.7100177753265964,1.0559603320455855,276.4204098799701,1.3937386634920284,0.0014191658165998088
54167,-3.4556920421422666,-6.620347295576791,3.843916067104021,1.7289636892069968,410.4413293740406,0.8355484859075908,0.0014196735574106636
54168,-6.159068115979318,-5.601233005886819,4.6553464238767805,1.0990247362452004,467.1098383537406,0.9042479040509184,0.0014198159562201233
54169,-2.3280792955151934,-10.225344440244532,2.454093096489002,0.7589490070535523,196.64971754121152,0.5564605988916229,0.0014202240407969167
54170,-2.416661263154298,-9.838808731499716,3.5995191734000604,1.1570655039469182,267.90077866194406,0.7838494294833582,0.0014202324065315495
54171,-2.611861087989995,-8.139230281447208,4.336263241982386,1.516304024862423,347.9543343011477,0.8538871174169929,0.0014203323216118626
54172,-4.622612663978263,-6.671934696531256,4.7553094096339,0.9302723500233279,469.11760426496596,0.0014563802273599435,0.0014203328380539963
54173,-5.30244728372513,-10.958921835009832,4.093313251472664,1.6967875410936242,234.65506631834472,0.07935939863569885,0.0014206267999836185
54174,-5.5015912424838636,-12.33375998636092,3.8084023820116575,1.508259712154285,339.41872328044934,0.9304166303190433,0.0014213405909085253
54175,-5.899203572022869,-6.418506727872711,0.9666041528704762,0.8463331465557481,171.08838062241858,0.6721902801140454,0.001422043838229391
54176,-4.635414298108973,-6.510037341850598,3.4606185500120694,1.6466956760139944,385.29314209360285,0.17937683149143346,0.001422292038670672
54177,-6.190802636962321,-5.416509290700044,4.480168254111902,2.321445964448867,429.89594947284274,0.9117477766638498,0.0014225472080340814
54178,-8.873027512690399,-5.676947533458231,5.038310555377491,14.13662258712239,640.0338924964931,0.0018430603579835392,0.00142256543233357
54179,-4.529179095487193,-6.74344397110725,4.924526017863711,1.2536755850746457,285.1699338025783,0.11524338207090157,0.0014229078104334475
54180,-5.591851201653045,-6.0340439772169825,3.585583565771912,0.8831729199694558,185.86380476345525,0.24273549073585254,0.001423465305129004
54181,-7.253697518640706,-8.938676344083431,5.033488817870401,1.2630536493286593,305.4476983454515,0.8280079800530471,0.001423550437432877
54182,-2.409446662957082,-10.353962882896324,3.8273572574227703,1.8393804014186237,441.3645725741611,0.15477464982063793,0.001423654414855768
54183,-5.78998130573182,-12.051721769862276,3.8489219755653457,0.7902976259638962,212.4764280456404,0.44554250695695696,0.0014238067693093258
54184,-9.309552264518588,-5.702498183756148,4.17759392200199,1.5669879120352816,416.4718306328377,0.37786784077294744,0.0014238516155789375
54185,-9.630188057684988,-5.045968277678839,2.2671619566036396,0.9162676393084472,178.8211460568777,0.10779073457362554,0.0014238848323178655
54186,-4.324050966507109,-11.183419612472111,3.9792487956805034,1.161322714577556,263.57101708344095,0.8258284641245126,0.0014239477288425658
54187,-5.405537147022316,-7.091551158231367,0.733789642101141,1.3390612502140107,326.638225490959,0.4025272309376833,0.0014244539108635465
54188,-5.62930083136435,-5.991543805655507,3.5368626415271422,1.6822377386587484,352.21165366832844,0.8211294903888282,0.00142450355123858
54189,-5.64703118767143,-12.830469195438479,3.7692941587314084,1.8075509998322732,430.889444214978,0.04915293634150242,0.0014250131763946293
54190,-2.4587480070555845,-8.365228767716452,1.9701546050110077,1.6033183580181622,367.73692505014,0.18540207751453153,0.0014250330435342344
54191,-7.9030172112315356,-9.293243611578264,3.5010146118065166,1.2222283879459495,468.31493259171066,0.5039459004220399,0.0014251538988103243
54192,-4.493738174607726,-7.120812882128084,1.103746031745388,1.5574607767237958,360.1392898474459,0.12396869154332713,0.0014252326444673955
54193,-6.048978206131422,-5.160612161150716,3.2674289983813165,1.8822334885235459,452.99765838454397,0.3531281007256206,0.001425439873316741
54194,-3.633739255387259,-6.79330793622464,4.867601409566308,1.804844291535715,467.69953908001605,0.44462694539762015,0.001425454979927794
54195,-3.0890551535943933,-6.825869510232779,2.295969573326348,1.4558637444011109,468.7443107856773,0.639985637779688,0.001425655375317606
54196,-2.8022111150028532,-10.521926183894593,5.012299785706646,0.8781805813820661,470.0926296820942,0.05904199317043357,0.0014256925640716515
54197,-6.091650384067702,-5.518755409705448,4.277209706507397,1.9370338729550702,395.5062378452942,1.5762359043711323,0.0014258301749704562
54198,-6.683247298979375,-10.579381363945764,4.107049636868496,0.7296111099640674,146.99647808805852,0.9979897695994069,0.0014265492196457706
54199,-4.766504674899263,-7.66385061071134,0.3071986008115241,0.9975440524325737,259.50859429037683,0.9674882220797469,0.0014265667250796452
54200,-2.1312097794938527,-10.292198366640363,1.2278788749461598,1.1397764353467792,215.7442191566637,0.029958038413163912,0.0014268997011716352
54201,-5.357762672151304,-6.359573461028166,2.2134561477957644,1.25107619815291,289.08575803220464,0.13039977154020743,0.0014269449473003004
54202,-6.140225618156588,-5.529685922835397,1.504112652471811,1.3184934511092834,319.1139801339582,1.6634786413127918,0.0014275847220453612
54203,-5.210529552875443,-12.818754039125462,3.7485230863310868,1.6791261554282777,395.4218512559192,0.5813071615724468,0.0014277614349504134
54204,-9.668713875306473,-6.205324149900214,2.7224148770161007,1.9744183429474675,195.5038523715551,0.23709026111230536,0.0014278116312360224
54205,-5.755274984602871,-11.271579101565436,4.00606417253756,2.330398628718449,438.7665246271713,1.6736497380461577,0.0014278957181436123
54206,-8.343446299648038,-6.747212871531806,0.25076921243639955,1.1809206811897617,467.99782148510286,0.3669375551132008,0.0014279006488522319
54207,-4.822749175555165,-9.390738293070736,5.108320468146248,1.307190864758691,307.740360088412,0.4354393129824503,0.0014281196513269553
54208,-4.011862097492017,-8.049153438239344,0.019020785361186086,1.8619721219635426,182.17604781217452,0.23382274804656245,0.0014286366571201305
54209,-5.933373580021871,-5.843337519553502,1.9173331540910186,0.7765095978804447,224.54960530888366,0.8907595479433059,0.0014289140441416312
54210,-7.2710568446878225,-12.049691560712908,3.0894345020871414,2.151060838577899,421.4142520533605,1.8887328122691374,0.001429111855968504
54211,-2.3054451672460763,-9.776351038784455,1.9560676700466841,0.8257944170493755,230.71000120686588,0.7041001561561684,0.0014293297396097302
54212,-5.555707830068315,-10.61277363012074,4.244705596948199,2.2461554128559396,362.59445341050156,0.15199404006062966,0.0014293448743377668
54213,-2.7735558212121862,-8.272789897803438,0.14940694655932085,0.7050199119896075,177.20290462345253,0.47888907246422985,0.0014295487353013364
54214,-2.583808506331698,-7.955638076759648,3.159243702186192,1.5924951607324689,365.8323992568341,0.3688456896348411,0.0014298289584932485
54215,-2.360458504453325,-9.48948361852703,0.6060208661885782,2.2827626051059364,425.9197133711204,0.49342908203202906,0.0014306479600908046
54216,-6.012281133437696,-5.193868789537501,2.280438668119028,0.6639306766360381,143.5976184407972,0.07891521046832395,0.001430730240768624
54217,-3.021434838287556,-6.86465449356672,3.7717669783760854,0.6783943542910843,168.72372657184545,0.3287739380959911,0.0014309755371546835
54218,-3.9315021208866217,-7.393983080661256,0.7356986954586479,0.8713998886344085,251.44402052641593,0.4652137890684296,0.0014314681574812236
54219,-4.9661451346777525,-11.495578003276579,3.91935548181045,0.8338879119933426,186.0241896474331,0.8925838263541594,0.0014319159629434923
54220,-7.055488346938786,-11.769656770048657,3.4342016533360384,0.7982767777836082,221.3391820008183,0.5165706834179344,0.001432011312083323
54221,-5.632254314032541,-12.872277456932633,3.7627795101153647,1.077670379380594,282.34256545351354,1.2527097307662052,0.001432204751298986
54222,-6.12548783971251,-5.8447029728562905,4.915948271694955,1.024524977714756,257.3680421880782,1.552342936320172,0.001432310144566776
54223,-3.0649278368281285,-7.397812803882238,0.817549700724404,0.5129529705275697,116.44232404135921,0.1199482518655488,0.0014328877614355159
54224,-6.062625749249316,-5.289116839944168,3.8108863142274174,0.8932364405643108,469.17705676855866,0.17526231747626486,0.0014335740650173957
54225,-3.764422444036999,-9.307387686132852,5.155344704255789,1.5736746900415404,467.63858167894364,0.45283875309330046,0.0014336424190150574
54226,-2.451374130192673,-8.809209455032352,3.1998857938650036,2.706249110392119,476.06905819964715,2.0755873575139168,0.001434222540136778
54227,-2.839804643109093,-7.1590605341502025,2.4031960382128132,1.5251051771820172,350.8574696644566,0.13807000510087075,0.0014342340859122033
54228,-8.281233877594065,-7.315380368609388,0.28188370829235054,1.2404244494730714,406.06249486973013,0.7952330567307415,0.0014342596706134806
54229,-5.214798665749727,-6.375705911304769,4.112185575146587,1.903174982220954,460.90503016917296,0.4566148892302868,0.0014343821526800096
54230,-6.137821550113278,-6.808018803117983,0.2823611573868693,3.862306862560652,538.0205837192735,0.2107036172849508,0.0014343939570030067
54231,-7.22778312373701,-11.328120615533482,3.3207925117265367,0.8054721991843419,169.28468031551623,0.05007843375415799,0.0014345984657770138
54232,-9.268508295095762,-7.57016648742855,2.003233809891012,1.8337845625177498,467.6374667691261,0.45618730651097295,0.0014348373650964186
54233,-3.725197521687017,-7.116171760946235,1.2393685007663549,1.0181632083862966,259.99356167208254,0.8850707811777516,0.0014350380896892044
54234,-7.5487447785520665,-10.22778957589482,3.3122502563839107,0.7164534502403177,134.0612719686138,0.2851363853909481,0.001435264826883672
54235,-9.39825462116252,-6.936918761900376,3.6218622503424385,1.242670018817278,264.93080159004865,0.06635224691886776,0.0014353344108194285
54236,-6.012882591865273,-6.945003636976127,0.3404759279930649,1.4951974407606048,467.80232013941963,0.05348903172029473,0.001435338507624017
54237,-2.7105967769286075,-12.482032929576947,4.753033787056616,1.0715027236442463,365.4472280808411,0.40743984370979813,0.0014356589961192852
54238,-4.530877305163143,-6.563748369214107,4.0544904466176,0.9514813177946988,467.42115548738263,0.5867129736813999,0.0014358306277819865
54239,-6.2111510152166876,-11.585541194735368,3.9071886401762903,0.5564485270692264,116.83111637408244,0.8588787197611198,0.001436058257091226
54240,-5.50056542777884,-6.1197018747852985,3.5751231550921467,1.0534348097648292,468.55468002923186,0.26077296397868466,0.001436538218558698
54241,-2.2069911733484373,-9.466146445058573,1.2235092867414812,1.1585586631263554,300.8537096812244,0.7343578871985716,0.0014366206032977924
54242,-8.781364608231812,-7.315251895739482,4.6333249085288,0.7548201656603344,238.40350539951592,0.26548927232280306,0.0014367583398948451
54243,-7.241504234544467,-10.78318430300894,3.5056059732648017,2.5355424808439304,452.823316379269,0.9126012858923547,0.0014369034215638112
54244,-9.609690013894433,-6.155982194806442,3.313783671896689,1.37475527723352,309.3295236855223,0.1883643208327559,0.0014372512414560625
54245,-5.814278726380268,-5.719305640374649,3.2598630289251074,0.9958896272835157,467.6314693377256,0.2942306096994045,0.0014375107552727538
54246,-4.596515671612914,-12.042576361040481,3.802499890696978,3.047730502453954,503.7712083743662,1.629618988947266,0.001437713574846836
54247,-8.133968845880352,-9.384828861008161,2.6420944875251835,1.7239991204512515,467.82180965524225,0.6008951860943252,0.0014379389084551504
54248,-3.348004923565443,-6.791666215419858,4.825390404274843,1.8381984092723336,441.26281904597994,0.6027256086248878,0.0014379632285634759
54249,-9.6222275272947,-5.2597050470369755,2.2440861631018567,1.0582768791681605,279.3779332967082,0.3630058575213919,0.0014381858976844223
54250,-4.162592365987282,-6.713263453882588,4.666832096430724,1.3633946309729366,328.41637133583697,0.46367141846513693,0.0014382572453108988
54251,-5.918176391685746,-5.671070091997599,2.1754960973430015,0.9390125136320339,467.7223398716416,0.10244158884090826,0.0014384233254635698
54252,-9.66729761466244,-6.158577729506125,2.7299879273608947,0.8815046323437965,222.51947012883073,0.83024258690571,0.0014386109842115633
54253,-9.442969475129164,-7.176048997424617,2.160973312258874,0.9894865866060298,468.3150836854194,0.5443497792117284,0.0014387448422057264
54254,-7.294997649506553,-12.494218534413358,2.978238572452401,1.1220440090744743,131.53360938232242,0.3430492764819908,0.0014388812081181032
54255,-7.665748801612658,-11.543449332165931,1.6430342786356966,1.3886094457028388,321.846322222154,0.2929320266606039,0.0014389432555242969
54256,-7.618867489513702,-11.626490408048571,2.254270707293177,0.7282847182429862,154.45528930323226,0.2670355392081625,0.0014396821757420091
54257,-3.126647270353189,-9.56031610871436,5.042610944219219,1.161668328592246,296.6573962325683,0.9678683962152199,0.001439799454475763
54258,-4.703341012579697,-6.839029661028481,1.6913873583784362,0.9192417557780479,467.6532288321053,0.23670833869638486,0.0014400543738413004
54259,-2.257025510225282,-9.95575992540638,1.649097989583199,0.710846002318305,145.9995399488816,0.4004083762738615,0.0014403159366823794
54260,-4.295889478076116,-7.98945871729913,0.06714274886704247,1.6837575747526445,468.169298914531,0.07436999666798894,0.0014403911785119353
54261,-5.620295360960783,-6.088437404788762,3.9622024604785175,1.0869090854579881,467.16868613180185,0.6156796073159985,0.0014413527428969281
54262,-3.5126777454431943,-10.681131046434913,4.149508096936869,0.8984615666818757,180.0873435631873,0.5472651456468771,0.0014413801053899658
54263,-5.993386028162306,-5.589784389171856,1.9098881307549362,0.9669755043770913,269.5834332082534,1.3093233000450626,0.0014416779779636265
54264,-3.931063644521622,-12.76843386735661,3.7086563096084335,0.9746805747279498,333.41779621898644,0.9723120776853538,0.0014418653487320984
54265,-3.7196894127781253,-6.645238052845773,2.687309722987509,1.7154847259608617,447.0090457035651,0.3316235964747296,0.0014422634580773766
54266,-5.536044484501823,-12.870299337239635,3.758487245921621,1.7684465576124535,367.96114169300245,0.28590340634709666,0.0014422871257791085
54267,-6.895883639142509,-9.225209706175482,0.02287778538104185,1.389638310995706,309.69176785696226,0.13045956113685087,0.0014423502409374048
54268,-2.377509181212483,-11.22721369341321,3.4919949550955507,0.9874617733313538,193.9666333056587,0.19106916394272488,0.0014423572206359
54269,-6.124904399890965,-5.744356684544828,1.2759340927890688,1.5251376588517018,345.505039961881,0.2970918866738632,0.0014424950044324035
54270,-9.240282528496149,-6.220639911183804,1.1358412050545437,1.4604641859548695,368.36885484621087,0.7825650465563383,0.0014426129963317047
54271,-3.6626935604828716,-7.460618093797047,0.6778970559334845,2.167688341271353,417.41869402577373,1.0686202396888662,0.00144266018626929
54272,-4.637642343665432,-9.308485192764412,5.178191449960721,0.7787562058136203,200.91847048176137,0.9650663160255828,0.0014426754197126447
54273,-7.62457778085674,-12.022131371067019,1.726104534314706,1.2903123516063904,301.15716500286743,0.45898720038506013,0.001442790028186614
54274,-5.9510444936958695,-5.325602465467113,2.815123147102605,0.7556807908200023,155.1505784054312,0.5316344501297943,0.0014433212695106063
54275,-9.440362448198126,-5.621211374185858,3.848362959682296,1.4925075635251572,346.7618419010106,0.47788613217019815,0.0014434088261126832
54276,-3.6940382165977343,-10.752160894717402,4.113686371021729,1.6932245089352953,395.5989827400659,0.3060173371414123,0.001443593482351767
54277,-5.17723301105362,-6.75206057873768,1.5301427005590593,1.4007033195809633,319.4696028121773,0.5641958018633257,0.0014436370561405358
54278,-3.35400015842821,-6.616472151680829,3.6015782991174796,1.6769661786042778,396.4374428602967,0.2884755155013048,0.0014436675669371108
54279,-3.7383640402584737,-6.614709403469491,3.002111712042297,1.265313593311358,281.80168791133934,0.20697542114533896,0.0014436791124441924
54280,-4.906904208745441,-6.6979016315516,1.880322601659331,1.2134375944361635,284.6615189908896,0.47292431949507474,0.0014437783676819042
54281,-5.34883285211524,-6.240906565875763,3.590170704686987,1.1432839072389647,297.58283657492404,0.9473572932583272,0.001445004561637372
54282,-5.958383297033601,-5.579279952932324,3.7147147197504577,1.312603222055753,300.0843483140926,0.14025859447384992,0.0014454809948123868
54283,-9.65821512968985,-6.119085789041944,2.574076239976838,1.076927119617715,453.2566171506389,0.06718981033938487,0.0014454926221068832
54284,-5.857080290838542,-9.7610860558911,4.8069427650355365,0.972847794950036,257.14326458626397,0.7903790133716999,0.0014455980281428927
54285,-2.5388556332203462,-9.098507588745127,4.857667607054797,0.9173182874964853,258.4693514466265,0.9719818562521398,0.0014459900992808863
54286,-5.378785351052607,-10.95253482662594,4.092468578339065,0.7218186723616656,169.64364188851536,0.7076882792599433,0.0014461399730128753
54287,-4.378257683161677,-12.964800139993716,3.699147293263432,0.9978785019083218,207.90354990662988,0.051929275057360336,0.0014462248627746688
54288,-5.5268658875007635,-6.069150065010226,3.0334425577598076,1.9503363261232816,194.53784172092307,0.2216718902858963,0.0014462375323633383
54289,-2.5540422419954547,-8.75319880395448,4.634731686986707,1.396484739101437,317.43553666075474,0.17410140437378363,0.0014462687106673088
54290,-5.020984624261164,-11.53723783828135,3.90749215971038,1.5233909274926334,467.9960354481933,0.6214105996556212,0.0014463771277157193
54291,-2.9310256652634727,-7.169522120948484,1.278288251821692,0.9374993998683493,259.19926770143843,1.6694801270093365,0.0014467062230504588
54292,-6.000999779925276,-9.600609993687156,4.944141171423881,0.9266098043965134,247.17233003662412,0.8258626894364864,0.001446866919870605
54293,-2.845172250437903,-12.12435285429677,4.399296776842711,4.2750497759245745,365.8056382725498,0.11676397912625003,0.0014469602534405432
54294,-3.327495538190841,-7.957933311210766,0.1373252879388046,1.6414773561925322,382.6010966020486,0.7811170966122782,0.00144714561065819
54295,-5.391559325365903,-6.269950956866116,4.018488412355676,1.3918700983795795,331.96133552967495,0.248231816226685,0.0014471769887049767
54296,-2.5433060140544983,-11.849716357125244,5.179964414614016,1.5634156053915167,370.71275272092197,0.38414444285206795,0.0014475080142259831
54297,-9.63062594445487,-5.776882932574126,2.3151185691866742,1.0343902358687733,467.41060390790994,0.025408383811662105,0.0014475110799156187
54298,-9.593970040360286,-6.738837496349303,2.485726577222245,1.8520972952520498,443.0824094427581,0.5170838280342283,0.001447518243824597
54299,-2.989930444808337,-7.155910106047987,1.204026167571256,5.1916430759014665,632.5695483634985,0.6138813357922208,0.0014476307466063066
54300,-4.219036565113699,-10.023057640863492,4.540161406193487,1.0364137982302408,469.43235112484837,0.17743992669157205,0.0014483596741757107
54301,-6.137349753432336,-5.399180281801916,4.236710702421767,1.8260467509214628,469.25189713161774,0.15140919945492026,0.0014486370596730601
54302,-2.3800048279236012,-11.361725507069245,3.5409041016087413,1.0453049981327345,281.37103222378096,1.5923159858934968,0.0014489405646076806
54303,-3.543959443511511,-12.192457982897803,3.753471606936105,1.7570400156984742,417.7039691012623,0.4388551129890361,0.0014489850122392876
54304,-5.119724931973252,-7.355722814600045,0.5568259302708343,0.9230672017243772,246.0550599510786,0.16097296652928605,0.0014492186103613938
54305,-9.356716452996945,-5.549054803450035,4.039231268453957,1.6608914766089915,391.86958076356785,0.9465706461739671,0.0014496357508406873
54306,-3.19801783863398,-7.257068544479926,1.0022518641993836,1.9813341234654784,390.97847468819725,0.695114627666551,0.0014499970328781325
54307,-9.587991163838781,-6.664170998001179,2.3565708617231063,0.7962940533696977,466.44332451227564,0.37724819831044343,0.001450332491193741
54308,-7.517476102626086,-11.52178433146101,2.67078911069431,1.1952071113180356,468.72571083919405,0.248859600495682,0.0014503559034389451
54309,-2.6266787879092153,-7.838809066928883,3.4580420454084866,1.3207138784085228,314.25760582114583,1.2544577631638303,0.0014511785118669228
54310,-4.244330093831053,-7.726221434963227,0.3474030135186051,1.8544593894851606,444.337435668692,0.3105840063962999,0.001451736872906932
54311,-5.698103428820487,-5.8929982392675635,3.3079428530796102,0.7193921060479472,148.4119622396033,1.050538474941491,0.0014519128212325913
54312,-8.702195578399394,-7.010271892369215,5.071842332888814,0.6927144015173565,172.39506741201865,0.30254416532193407,0.0014521060073805281
54313,-5.804777707219401,-5.939789290379722,4.068158336640568,1.147571402713059,233.30732984945323,0.8955993003947746,0.0014521079244339775
54314,-2.963392529727562,-10.040169670639418,4.9016220908759225,1.334460994613632,312.5511046684634,0.1861610290375788,0.0014525533304441153
54315,-7.722892296908447,-9.061011736021388,0.26996331839321436,2.968262733205344,498.1964279517136,1.9081317684615424,0.0014528813196604995
54316,-6.432265645795372,-5.198143425663605,5.042761982538104,1.6807573498795734,393.62370454387235,0.10950267665716762,0.0014529332707494838
54317,-2.903107211453378,-7.032948172962101,3.005592021734983,1.1942552631099035,290.8923025318539,0.7859101129033084,0.0014530342951084843
54318,-6.482418085455874,-10.186554681969938,4.403589892297602,1.1173723355493559,293.912272870101,0.7607112699105949,0.0014530804136092125
54319,-4.234390880687196,-11.885013406751211,3.81037102579793,1.3663425591638654,470.535965837227,0.1534301678363139,0.0014533637578377067
54320,-8.281423135545479,-9.320177834484172,2.0439982417296947,1.1517681187973596,286.2787077209793,0.17441625484254075,0.0014534428619812864
54321,-6.124754785589238,-5.737875250680271,4.716875714167547,1.6222598244587394,380.3634355928494,0.6095298078781815,0.0014534857563726546
54322,-6.360091939059606,-12.657124293165063,3.7299976609258754,0.968416253466644,468.14228244567005,0.21568568085385298,0.0014535543286227591
54323,-5.819297206204486,-6.110155564237849,1.7044824682225277,1.4291088970427093,468.2411786626525,0.31383897648311265,0.0014541561488545412
54324,-7.6277261590782075,-11.510388860402106,1.2253627000094125,6.124743674230334,589.167505728178,0.11536531041498765,0.0014543754508045928
54325,-8.976310106711372,-7.569612448670314,0.7540869275744221,1.3392900189840162,319.0248339550362,0.5410853134144897,0.0014547700481849913
54326,-9.121925179327139,-6.003619240743591,4.571826673267756,3.743429529383652,420.7227918725886,0.029447643819573877,0.0014551154868618678
54327,-4.8468801629115426,-6.5573381600856155,2.3421845061096906,1.588609302510344,467.81328820183694,0.38800551548121387,0.0014551194189690497
54328,-7.442232202796941,-11.068214089851272,3.029195887981849,1.1298213892217877,467.98277700904947,0.440677836904217,0.0014551570033359837
54329,-6.172086825453986,-5.829618109889293,0.8711730876629712,1.190834276472951,304.1124595507343,0.35523488923096025,0.0014555746841902737
54330,-2.9896455522773664,-11.016910478225805,4.32506060120339,1.9385658511085253,397.9334189390325,1.9802437411713711,0.0014556636676951733
54331,-5.235809582297877,-6.5124845799145685,2.0140875576499013,1.6028802116818652,378.8107841688097,0.4211277829608404,0.0014557913752927271
54332,-9.090026877911196,-7.0164588954578,0.8069785379567175,1.6995447427285413,467.8192026563583,0.06530390468504965,0.0014564173902454653
54333,-8.363233071879502,-7.921228886857611,4.629282797770925,0.8665419566496103,468.48146872025717,0.6731137973354704,0.0014565610263413211
54334,-4.9956010710272105,-11.843151854418508,3.8395440424478777,1.1737637210918992,299.5003977571629,0.5581688178679984,0.0014571798921901877
54335,-9.573918380409216,-6.163837210315175,3.4330486253971233,0.5708586427579005,170.25826409693408,0.5889634276323852,0.0014572044241890777
54336,-6.255206164144074,-12.670163524524362,3.7448329253841925,0.9222907609045734,468.16707478325446,0.768474120628631,0.0014575680769200639
54337,-8.306315769118639,-8.698649029311696,0.45513242826620887,1.2806236079220887,319.5610246709454,1.4534432637374755,0.001457657089975234
54338,-5.7238294828464795,-5.91525657653267,3.213303313271748,0.7575996271409754,202.61863782415713,0.9353645272785363,0.0014577093339698199
54339,-2.4710176091551936,-9.531035166612796,4.293638956373514,0.5148512854554393,153.6476065624676,1.1782496594835985,0.0014578727384639163
54340,-2.0770432272401242,-12.969858929525813,1.2121106379624935,0.8336476379782288,211.63376632601143,0.3185321515512616,0.0014580095660092702
54341,-5.4697734146432895,-6.137301649934043,3.1598224869713962,1.3313717788898831,468.3729398800204,0.13558871397405436,0.001458148721904473
54342,-8.600575805682478,-8.481650819577592,2.888440456634529,1.235962172611629,272.64680592496967,0.086970395346051,0.001458208881438174
54343,-8.708791056543763,-7.072053676304989,5.0055693838934525,1.0190020123738954,242.15907990497664,0.46022581359131376,0.001458216819047134
54344,-5.175474183135633,-11.804524013695715,3.8572001759911196,1.4420062661118758,329.16376337711824,0.7833599586458133,0.0014586914217954393
54345,-2.1771970556726172,-12.015669836955183,1.5303409680672044,0.8128169761812644,469.62159134154,0.2299227540544857,0.0014587778821513345
54346,-2.918471546128128,-10.767128466658242,4.565673576330033,0.9352922183860459,187.51923162486065,1.023057892145931,0.001459175408526467
54347,-3.1276542877448277,-12.644540472263584,3.8146699632175087,1.1796555450805593,280.90385525242186,0.1353101739164151,0.0014592523224747646
54348,-8.65692013165599,-8.134517492755416,3.555746650313673,1.8708496316432763,450.2838910590285,0.12798839405896967,0.001459289013283103
54349,-9.43944038750904,-7.184133290607905,3.007669104789643,0.886149592177189,231.33994353253775,0.3844874727187113,0.001459324352775352
54350,-6.313415295579376,-9.807568698724506,4.725275427957641,1.48365996672176,339.6464964329045,0.3785662798630609,0.0014594019208726623
54351,-5.991411453337393,-7.376522134494316,0.08969557490689811,1.083396295060173,235.922070116279,0.040428829068910765,0.001459509714829059
54352,-3.8500027784384354,-6.700957895980083,4.4648036975670164,1.3379052404043814,322.0131551844571,0.5604024815214625,0.0014601830288200198
54353,-2.93291804171104,-7.007279150955493,3.7263269315381606,0.8870444501826501,467.63917338236905,0.04393011027053717,0.0014602513986384433
54354,-9.648236132207767,-5.102546230242154,2.997145683997151,0.8980960428948869,467.4125500451499,0.33680965227212667,0.0014604407783318791
54355,-7.540051914288129,-11.183757164387954,2.744175129336485,1.0828494148087962,290.1543449828363,1.016659001521142,0.0014607154494565928
54356,-9.347710919101004,-6.082410859743575,4.080728089536752,1.0364084034125394,204.32336908482327,0.5060447915413375,0.0014607652915656236
54357,-9.08258495070055,-5.503343471396107,4.607976800016819,1.82767295010829,178.14231345247524,0.2697432117443146,0.001460917895295167
54358,-9.476816505092316,-6.075957962947199,3.7572416028342723,1.1749582391274729,300.5134105351163,0.3718749639089669,0.00146094537071667
54359,-9.569242483880988,-5.013760945254828,3.39571694164949,1.9066767995291853,394.1252722839565,1.8388076455077522,0.0014610319032394119
54360,-9.353323391762585,-5.913423894414948,1.6011896750001098,1.3055628752972213,274.6342866450013,0.16195318477894993,0.001461357745049919
54361,-9.66823866102528,-5.52659882969971,2.821880659052377,1.6150485691340029,468.12330389317174,0.552897385084,0.0014614869438449181
54362,-7.188199302162463,-11.135126443590874,3.4290152049654887,1.6208292609473915,376.7715123160229,0.32066433200990563,0.0014616236288259841
54363,-6.1055795890241065,-5.743486607879916,4.6033880690207525,1.1230526922864228,290.9202865498316,1.04647016209747,0.0014617375667642396
54364,-3.5895106171225777,-6.6763089770174275,2.5822913899371804,1.4451628190063714,344.80479771014404,0.34523767137073147,0.0014619336147947113
54365,-5.760459005081208,-6.561352660995421,1.0624003145491407,0.7311994710358626,148.43322009053696,0.15083795580279347,0.0014626656804407766
54366,-7.604238550657912,-11.422202041051365,2.416916087457383,1.763348193368597,469.11506117495327,0.18657558591736567,0.001462798422735377
54367,-7.7858510889675046,-8.439786573391114,4.927864943984291,1.8392478397818721,376.45040096723403,0.3576876745914941,0.0014629763574732831
54368,-3.5434185393856357,-7.752508087738967,0.34735241116198484,1.1449778123486722,467.21786430099274,0.43783073725288446,0.0014634384129062464
54369,-4.94358067965163,-6.573505290511008,4.575922383490067,2.8059063725979825,367.267429489747,0.05021132370240622,0.0014635496752917019
54370,-8.103994132880246,-8.96564743371233,3.471838662557418,0.9796307704217939,247.30884163801758,0.13852547469399568,0.0014637731719175575
54371,-2.987388643740613,-10.296998143067695,4.66856957174882,3.3149468840100056,522.838310745801,1.2446471242505313,0.0014639335184990997
54372,-4.78109310972214,-6.538457328963339,4.1776766488184665,4.846754108940174,441.2602409741845,0.008039229454220198,0.0014641291557358003
54373,-5.862689847158065,-12.994880409670388,3.74887933307464,1.0771881627721585,282.6859288561393,1.4088658037138542,0.001464236109911374
54374,-2.5734774599550745,-7.87737963091151,2.3001264476371808,3.977369692829087,396.2518891000332,0.050951949095860094,0.001464477948280412
54375,-7.990945356272606,-9.262352228766563,3.3033410758553154,1.4546600514100667,316.0149968717644,0.689294915043897,0.001464591406372719
54376,-8.129477752758463,-7.463108846731938,0.23174750443181252,1.1428316006075996,296.5685854661417,0.993127454058885,0.0014646346022757358
54377,-2.4560704151236656,-8.771530679682417,3.091035538269285,9.053093741724965,675.4164178982804,0.13028572754945156,0.0014646813843366667
54378,-2.2218610714308262,-11.284907006513132,0.7903386513653134,0.7403130183941122,403.08867070484405,0.31135921565680835,0.0014649962119227115
54379,-2.0955090428152534,-11.99156717986247,1.24444783583859,1.7230430781623607,466.73234061959647,0.05929102142496223,0.0014653076788058257
54380,-2.9833879412371944,-9.873017210329724,4.992223000494094,1.1362500308321704,295.11033788140674,1.404652633159766,0.001465410713824876
54381,-5.766223428848679,-11.62731855080084,3.910236912428555,2.3366949824042247,423.32808997492805,0.6397309328780834,0.001465722353787678
54382,-5.081142328203301,-10.3135381423301,4.37589369363272,1.0673599529423055,285.27760992617044,0.30955066383135943,0.0014659613033336963
54383,-3.993382238625549,-6.599537040276356,3.668776227376539,1.0969711814401517,467.3117351433775,0.7799886429322074,0.0014668306672662673
54384,-9.664031561502744,-5.575653643786094,2.872256827712049,2.5009632292820525,391.4610432469016,0.13459327062087745,0.0014672490860077245
54385,-2.983271213628111,-12.968306770396755,3.979977141994187,1.8082185918027383,431.4726388253841,0.21566971591026451,0.0014672865197116341
54386,-7.090682499563593,-9.392127803079633,4.6841307296065136,0.6065919584891591,165.16742583412596,0.07471277093295381,0.0014673276396408687
54387,-9.622525888027258,-6.436488383436927,3.109255724529856,1.8479866771457074,442.04284349232654,0.48689391968906737,0.0014674356548013583
54388,-7.550864269627821,-12.44501352584187,2.250236498492355,4.4398665352292115,594.5620812851994,0.8343675568835129,0.0014676314799319775
54389,-2.4927577951386617,-8.204508960345688,2.165787204795586,1.752345856802431,467.60691930250226,0.4700661238924644,0.001467755914517106
54390,-3.303529125731556,-6.940588174377662,1.760144147413612,1.6938735289868192,469.63512061781034,0.009091901929192403,0.0014690924049396811
54391,-5.625595648867855,-11.825752491497488,3.865726906764532,0.8482918088517962,470.1453996215829,0.20165443053846666,0.0014693709610070853
54392,-6.69959797889746,-10.668790899042504,4.043250747042159,1.344766001884076,329.0446588548122,0.29279209842376464,0.0014694489183126912
54393,-2.973574920008181,-6.954732542558491,2.4714295731366804,0.6516560769507167,152.09700740335083,0.48012539408433863,0.0014694517810554862
54394,-4.007972684828593,-10.638593714326127,4.16581988957708,1.6112911469677726,352.73029100813517,0.4188965567200871,0.0014694828442616255
54395,-2.818045976550404,-12.102755896284892,4.47301249964698,0.5868781949386164,132.29378279912237,0.0464745826998767,0.0014694910615368289
54396,-6.540557823439206,-5.682121915726102,0.13467651971468733,2.491788338714,446.2989235151278,0.4072854942650581,0.0014696956281044385
54397,-9.179829596837969,-6.526293012676073,4.386540730322826,1.7068618205732526,401.44311317519947,0.4264227862458787,0.0014697256702705555
54398,-3.3185145987502205,-7.778532999289923,0.32747319262968394,1.4667506802265193,349.01430694993434,0.570377576317922,0.001470255326265365
54399,-3.3246843455503505,-11.208875352469445,3.943955577168643,1.6271195709556563,467.87759946635236,0.69853773473461,0.0014706787497767908
54400,-9.445915103498223,-5.510520143704134,3.806062052556782,0.9226494009155843,246.94420328957403,1.572391746782908,0.0014707098180808756
54401,-8.429712482684321,-8.746511090257627,2.8631085481475815,2.9930331420315324,261.6642982498529,0.17871231095867213,0.001470779673365404
54402,-5.045564210646225,-10.152452630349424,4.470415444736732,0.913339263362991,468.32981425210306,0.5655744839223509,0.0014708717323872942
54403,-2.5185703361094447,-8.02862417018778,1.391474694681182,0.8050060142035724,468.5794594593275,0.20341704053621346,0.0014709021379460847
54404,-4.010010088250611,-9.88448839296579,4.631133064889745,0.9503979773364624,191.84632893710244,0.8085933818263937,0.0014709890345780334
54405,-2.127133731393336,-11.74501016884171,1.32788809380332,0.9675209560106148,250.03199920730773,0.4913851520299639,0.0014711427208485724
54406,-6.746500434523843,-12.262508396340372,3.607116473652165,1.2995475937446774,307.47062469634557,0.17612786963725124,0.0014714429493473604
54407,-3.5422114787984507,-11.338201162072707,3.907461995468574,1.2042433466628162,303.30766568267734,1.5580656775210695,0.001471870060163815
54408,-5.307058364548974,-6.66178944683912,1.596721685288284,1.4280744569956798,303.80528000330236,0.5544379636730019,0.0014719739744340227
54409,-6.4461740326112,-5.528675926834906,0.380826247658788,0.8718012379204144,233.31745003562358,0.8311074431105139,0.0014720559378031258
54410,-4.474393366241357,-6.823008178990023,1.9375348328075286,1.5788256519376425,411.0591265800787,0.5066697624807768,0.0014720682674200349
54411,-5.482811525763213,-11.122475932412062,4.028927578969206,1.309733505457565,313.50638249099904,0.42264782367983056,0.0014723690126576428
54412,-4.508286937773475,-11.931593824636549,3.7985766520622137,1.672925240025509,392.53290791349383,0.23750303577561738,0.0014724507415650842
54413,-4.06729598709465,-7.227293671337954,1.0009916072666123,1.039367985989388,248.2581674976722,1.052126662101343,0.0014728525325702316
54414,-2.377925297806433,-10.606152217724116,3.234915883746429,1.1007159839826943,199.05354837670785,0.1036101493330932,0.0014728942340811028
54415,-8.412410147227298,-8.504186661716691,3.4703341830465804,1.1725378132593305,467.5152444176304,0.23764690090193152,0.0014730210721272052
54416,-4.306926378448431,-7.068712275654826,1.211628056810037,1.0870754615124902,289.10175360338883,1.1211781011827169,0.0014730925726383825
54417,-7.265106765481157,-12.874423779931185,2.9806743076359417,1.0564599568054185,210.27893941115,0.008552860621057867,0.0014731001108988047
54418,-9.665569372898354,-5.845975007157363,2.8679477032849783,0.994826146510548,466.4813874217601,0.09606439867846728,0.0014731155010291475
54419,-4.6232420592511145,-10.48177204932351,4.259548580761947,1.187964769486929,261.96831633827674,0.5392377867659963,0.0014734962394390837
54420,-6.0057308493707495,-5.454092677805327,3.622173423984345,0.9273395143091234,243.50171743442672,1.3582258128634743,0.0014738648708485166
54421,-5.680593623944453,-6.788934427627343,0.8445519969690082,1.6126832745208652,377.07676727880784,0.29778543692830617,0.001473950235334415
54422,-3.0865800205796488,-6.935886917166712,4.600746219187431,1.882625319720711,454.8772125335087,0.5662832006508367,0.0014746551861723064
54423,-9.654779824054614,-5.028218835459582,2.550295282269179,0.937901058940005,265.02611918978783,1.3613696481853195,0.0014747759157291477
54424,-7.936314291252444,-9.395043614802596,3.2552492620930362,1.5102776862364546,468.217896129919,0.3108693178825117,0.0014748390501214364
54425,-4.604569761170496,-10.339103692838416,4.334126573895642,1.3381582806501287,286.4037260180548,0.3946872476188057,0.001474979482910861
54426,-3.015533404294974,-12.452581108412309,3.9615422075636277,0.6664367596594395,202.53695727052195,0.7812921105522328,0.0014750234741042446
54427,-3.8431192605237996,-11.737645227847011,3.8155937205451833,1.0943589680754073,272.94491818218023,1.4860415464651417,0.0014750713379147744
54428,-3.9373622643988506,-11.644225254866079,3.8394442198899323,0.6186972469712383,129.62980188709037,0.10286755691974303,0.001475303404203212
54429,-7.737739124451071,-10.835823986452578,2.242976790765846,0.5580223199586918,143.80369118674528,0.6809169986051726,0.0014754377152957823
54430,-6.299621075573815,-6.310622992086386,0.3660365360542696,2.561891603836942,461.37675081755606,1.6273294757002548,0.0014755109041120129
54431,-3.710278424191057,-7.438373021791797,0.7072726880401606,2.119720187768051,269.0875076139031,0.05839410863234562,0.0014755405990802281
54432,-9.07811448030261,-7.809450598024837,1.5724571499512212,1.7832857960370676,468.3442862722619,0.42055649591491395,0.0014756735530734937
54433,-2.312843944917571,-9.471569652291931,1.7984268394951597,1.7493729184390021,415.7725677192937,0.8513488068505337,0.0014760110448797895
54434,-3.186233372179551,-7.159920776535106,1.1668377414311497,1.0635766911574238,285.50516640295325,0.8509937093828848,0.0014764856028239633
54435,-4.520582923154189,-7.680668102211608,0.3508975337995397,0.5380477348238586,118.13881951319915,0.4158869617992256,0.0014771635183020383
54436,-3.232390308096865,-6.681339359264027,3.817768338965546,1.5184066667298615,350.6742892705642,0.13841586599309608,0.0014772126440214365
54437,-5.847244942468569,-5.934703205974749,1.9608192991062328,2.7703897960814037,481.77587266416236,2.070168065709419,0.0014775189087131838
54438,-5.420756570374713,-6.295084421239478,2.275366308100464,0.9097705415853533,259.1048984814784,0.7038930236851426,0.0014778035875648936
54439,-3.6681175432928557,-12.207827587075188,3.743769626537293,1.1801359298193077,301.6508510242776,0.7937322973182832,0.001477811863006933
54440,-5.51090016463488,-6.12796873898063,3.378413644036049,0.7582257102479657,165.40773784660706,0.7744460367813657,0.0014790062423365251
54441,-6.281946100651931,-5.267465751687634,0.937311315313926,1.6959430017935981,399.4553556065287,0.5814523608284352,0.001479088441976514
54442,-7.804215739199874,-11.376391956600354,0.8549659814227617,2.18826678787296,422.5504841845181,1.3647907306293634,0.0014794696379104868
54443,-3.4861453228995254,-11.94459534609974,3.773774770827891,1.6368968373017247,467.56102174610913,0.5575584604113795,0.0014796191179837297
54444,-7.848272866321906,-10.524227121951663,2.011706075652178,1.2116950957584562,259.9202978610724,0.7448580879467643,0.0014798734552358321
54445,-5.590621009633717,-6.322047261570859,1.9038572430477254,1.0812493275704844,467.69203063923027,0.556054766109848,0.0014800846446320285
54446,-3.7153647598024246,-6.619196999229254,3.7561955608169644,1.0143767461265079,264.58115711339497,1.2715831557476172,0.0014801067629917383
54447,-7.913986736324746,-10.635146810048312,1.0121320443611637,0.8680416253065933,213.8058345995835,1.0123814253489822,0.0014807730906758818
54448,-9.306341913371835,-6.214719397033506,4.1585414029147625,0.8876510183936471,247.10037859725801,1.594393042056896,0.0014808352368508562
54449,-4.256453588941249,-6.754282417391813,2.0933323809725577,2.902089956444571,353.5190298242028,0.0029305376149446616,0.0014809702372938756
54450,-7.531417523687247,-8.84121697627172,4.778117458317867,0.9771214103416409,467.1258077187679,0.6099760531011986,0.0014809960322859476
54451,-2.149097582743849,-11.564310653296763,1.069895161211894,1.857728773422882,461.7565325572334,0.12375688814570207,0.0014810233260064785
54452,-5.263816880084129,-6.280092332746656,3.165127952171493,1.64993297691672,380.59604887288117,0.0909508992153043,0.0014811062921884818
54453,-4.1816446406628955,-6.602798119032926,3.7344569615340575,1.363773345482518,469.509424701223,0.013283034371620595,0.0014811333587968925
54454,-3.968316786178354,-6.6328554514975275,2.744061331050725,0.7365879424079216,222.11148132097819,1.1143057474475748,0.0014812529380842344
54455,-9.275130374494497,-5.9736880932429575,4.232121711105052,1.2817598493110285,310.1715430386798,0.2585015377727542,0.0014812678898655598
54456,-8.90841539079209,-8.13597496049439,1.1187332520647608,3.4486252405234827,516.4480250432136,0.45031585807863195,0.0014813434207189555
54457,-2.459050108801276,-12.709077345069877,4.780431064684027,0.7970183715431155,211.80787115587384,1.0003841342578363,0.0014814906165846863
54458,-2.369587718803431,-10.818220665441396,3.154205038191311,1.0044522109432183,467.4481013266368,0.04165913882737815,0.0014822820923131295
54459,-4.74581897187544,-6.515460982957483,2.8625641495655363,1.8279033630853316,434.7877394275052,0.6102331209908751,0.0014824981978098573
54460,-5.6752494717288124,-6.666179760933877,0.9962908616514484,1.1861166702464863,466.7470060302323,0.019744288561669876,0.0014827439233852545
54461,-3.441400873787023,-6.698690098808679,2.6350260739062397,0.9057032044333257,226.3833047312973,0.16700323926305938,0.0014829638725695224
54462,-7.469593395308699,-12.59629349696073,1.3948632036984636,1.9262586875565273,394.60761979851065,1.586653645543156,0.0014830055962736395
54463,-3.5437394165005127,-6.665457488043161,4.094306056100292,1.1208373536939154,296.05545866323763,0.8680220932543241,0.001483085148910248
54464,-5.286508447531715,-9.441549768721778,5.069008287113223,0.9825026806325978,468.2247466425292,0.8635742882642203,0.0014831002964090503
54465,-2.5445477375875347,-9.21155692218665,5.049077772834137,0.8202348929433111,241.12103677358024,0.48890904114447853,0.0014834979222955304
54466,-3.0876757379663733,-6.8083882514171234,3.8172419364961567,1.956704135394512,397.3473506690188,1.5125720400767122,0.0014837589962192884
54467,-7.280022641920054,-12.611580646565764,2.9739993671930707,1.708816372023599,412.2485828451802,0.5083033222990885,0.0014839898093664619
54468,-9.05123204725945,-7.556592755684524,3.6407381446932634,1.044303906767203,467.6503264410959,0.3802832300258663,0.001484168711780301
54469,-7.908938588068266,-7.145822729370241,0.13116763331258383,1.8081717217146989,352.1156754373631,0.47976648467628014,0.0014843591652678048
54470,-9.658509851866183,-5.413852423947288,2.6538615828998857,1.8265659816348614,373.0296870864858,0.5073407531046028,0.0014843843417035542
54471,-7.628140364386748,-10.570352956516295,2.8502017189406845,0.845994762853963,243.21051856831858,1.1973834922739934,0.0014848800648905956
54472,-8.205382126798899,-9.721566420269783,1.0858755156153477,1.2368226571326204,419.6521356394843,0.298148421037177,0.0014852745255435084
54473,-6.20556939948154,-5.409401563417347,1.1045691593502684,0.6503283247106918,196.45483467755324,0.6596217811624898,0.001485287083365035
54474,-5.230699849487519,-7.2585467913365775,0.6291993628483254,2.310824680711604,353.4692740698036,0.12076079202934409,0.0014860744755050836
54475,-3.975562993052276,-6.5979263980232306,3.564930570828292,1.7958542101377897,467.82603098384664,0.06941102842387092,0.0014861052570246474
54476,-3.432346801822698,-10.957721713428585,4.015284703980524,3.3291141591816844,226.13576682887407,0.35105724121251747,0.0014861471610420369
54477,-5.430187526927087,-6.467159177937662,1.8571371347547807,4.513487121553164,213.50787310080233,0.36579983988870435,0.001486369707143296
54478,-7.756223716147799,-9.750820612915966,3.2687213677080407,0.8026061637572227,193.99656167883802,0.04353603252802696,0.0014866004757984651
54479,-3.3946948923079443,-7.480538076595781,0.6816589967602823,0.7264670737810579,150.0743514196169,0.22547398613346825,0.0014867052836871762
54480,-3.5893250330926927,-6.835606199990367,4.95528539505845,0.4301635826257246,111.56126526574626,0.18535284065607893,0.0014867491670411109
54481,-2.5019029697251067,-9.499288864577657,4.694176727665406,0.5661942207202062,177.94719530935453,0.592451466215989,0.001487338976965822
54482,-4.085639577922043,-12.879665918850106,3.687003938223731,0.874456079495263,224.41979531381307,0.7170654442470132,0.0014878748071902534
54483,-4.74673544420627,-6.736072990615652,1.9454790646244369,1.554252399614768,468.7803621012595,0.4937171013273405,0.0014880335843500596
54484,-3.3241683666889514,-11.250362528830703,3.9286470674736607,1.0979590650516733,467.1165042194307,0.10292613798818184,0.0014889282399019395
54485,-7.489415293069581,-10.709493071138166,3.0931008362171064,8.833837196190025,602.1995774091442,0.04074265486127615,0.0014891619661886295
54486,-3.219458158141868,-6.769027476134384,4.394425139975627,1.816585332926164,308.8837001721777,0.16503604980597242,0.0014891699285598894
54487,-4.495168331669609,-7.019004127686997,1.386331408194826,1.0523809082956237,183.86598538831595,0.1232850308204636,0.0014893053156180397
54488,-5.611467854966537,-6.053566500352851,3.3854796988217095,1.1360279993177127,466.87958161831966,0.5909578864258966,0.001489436947165313
54489,-3.730884413422727,-6.659444375588917,4.08186049637876,1.0460565276734153,446.2967568916945,0.639819913996944,0.0014894683568317407
54490,-4.252681113250253,-7.481174622804006,0.6182290687965486,1.5261123205377092,351.161738115092,0.07954251899687126,0.0014895193314496803
54491,-5.259031488647993,-6.3022891300692745,2.8517353688349156,1.1420852177454275,285.25650691281527,1.0759058701406383,0.0014895461583696382
54492,-3.180739887055797,-6.9882773616110105,1.6757677255635013,1.3851565455051742,333.55528142713615,0.2852635509492183,0.0014897205719618556
54493,-5.100286392917982,-12.163756499611388,3.7899829037248187,1.8651078568780848,447.3515832233994,0.42601391277187783,0.0014899256586401175
54494,-3.822540126102762,-11.128077501165384,3.9617723240651066,0.8675693517479719,171.3060055875219,0.5729478389030147,0.0014906435995360114
54495,-2.318608024942577,-12.977418731139528,2.654554796116629,1.8259828990748073,438.0718105414297,0.8975886712988261,0.001490746903400121
54496,-3.254251382995415,-11.166052773735254,3.963885021614246,1.1268391649186873,283.964196626969,1.1854191660270734,0.0014909540720814275
54497,-5.480950715488366,-10.154322187874502,4.487310364890139,1.6043596741170343,375.050108622574,0.6472937135666852,0.0014911584716145025
54498,-2.9364987612690197,-12.748609044819666,4.076096108771166,1.0737720255887595,467.07202130336367,0.5504382069239293,0.0014916530849097822
54499,-6.288757798932863,-9.358271039716575,5.138133725165654,1.6216899330742445,381.27077841699406,0.5322125118515695,0.0014918748355928287
54500,-6.5798080506168155,-12.653032015531151,3.6474449399182847,3.047389835182912,504.3088281250061,1.7907155462891877,0.0014919341122148983
54501,-4.243959385210707,-10.107192848619738,4.469413153370546,2.3454092233486388,441.94030995261477,2.05504566936208,0.0014919361482409704
54502,-2.726836054908447,-7.3131630304295525,1.2534699659712145,0.943892682550781,255.383573922875,1.658784578560204,0.0014919621748259396
54503,-6.54123894920751,-10.910711018547076,4.004082249417717,1.2996823444498535,322.61007123402504,0.4300001976386376,0.001491998085106473
54504,-8.51257155998265,-8.621209464662298,2.8483636863265973,1.454699275034287,340.57121489453897,0.9061373114420874,0.0014926940887103313
54505,-2.642581006830617,-7.604010054712305,1.7036889840105691,0.9956434641240209,129.87645690526622,0.3003573417322798,0.001492970439902874
54506,-9.57544650756763,-6.610504779281687,2.291370541271017,1.1365159361633255,291.7133504284066,0.7684283201631583,0.0014930221053425568
54507,-3.161793407239549,-10.62631168173027,4.240541687865702,0.90133864174211,308.01618900718637,0.029541469707112356,0.0014933587370626132
54508,-2.1678779505072967,-10.15054431493474,1.1144642085832732,1.5906032036911684,362.5960721782029,0.10878298001338482,0.001493378070946917
54509,-2.2926924756428253,-10.67663543697569,2.099163539955919,1.0485559227559418,279.71297726086607,1.7119810499707464,0.001494422601245031
54510,-3.252495421646028,-11.128545908417141,3.979821579018468,1.1958129000572266,467.7767873735852,0.17311165032910303,0.0014946500311863397
54511,-6.054142479498968,-7.191416746212319,0.13197330322095838,0.747498321535031,209.04705305867122,1.3061580060144031,0.0014948769414845464
54512,-7.280318302551877,-11.721788748489221,3.111271002450421,1.375646227618953,297.6134687646671,0.5726011964733599,0.0014948796704685045
54513,-4.052864622568686,-6.642636489351953,3.995853392126125,1.4419352674602701,326.34960310163683,0.6931486163650229,0.001495712589752763
54514,-8.83293337405754,-6.846188903766421,0.479847255513042,1.0880817397673925,281.96772981660337,1.6266317253681182,0.001496108265134386
54515,-4.279230665537572,-12.2467290005511,3.740976231627659,1.0197593021506135,467.564461773229,0.6660366789035459,0.0014961566600491076
54516,-5.592469894864446,-6.655188568561487,1.2476449771492033,0.987365104186272,221.76641818150225,0.04175920279086309,0.0014962633505923497
54517,-6.0606329406799535,-5.010830515698705,2.797505689122757,0.8729665778537132,469.82189995083866,0.09969907794454969,0.0014967770261980397
54518,-2.1400443802183897,-10.910994770500157,1.360771463655543,0.7591461182875437,192.46083963100733,0.05893688036742084,0.0014968525869354828
54519,-7.149630943803499,-11.384263593967118,3.3903981333850215,1.7908518368640616,467.566504228322,0.9281491887403552,0.0014968898493496145
54520,-9.654239288207293,-5.189221245807887,2.8460892569850165,4.573630619604497,268.537370099523,0.28922846425046966,0.0014973413825436091
54521,-6.128679926108855,-5.772246316069906,1.2937105798559974,1.6166910603168732,378.64777928184134,0.825765191787684,0.0014973970488308742
54522,-5.248735914172405,-6.802389817084558,1.4677868525838795,1.8139239813273218,433.68236830778847,0.3680199942771516,0.0014975709925653183
54523,-3.2295217503033147,-6.749524577623274,4.3345338055532,1.8502156190105246,467.89231103552953,0.4798295701472517,0.001497779805533403
54524,-9.043778915749277,-5.473079335873284,4.673672450529569,0.8558230021957299,435.90087347720646,0.2582975346955072,0.0014978132561924472
54525,-5.045336354735926,-6.491660668661157,2.362801797598391,1.8298402108254486,191.38189470849522,0.2787996107359536,0.001497903344078556
54526,-5.976955238173371,-5.522565855213497,2.0989101718189125,0.9700852737490977,270.5937434265758,1.8719571804862953,0.0014979460543592886
54527,-4.989871131924492,-6.9939442029648635,1.2342830347570315,0.7267441031250589,189.66130664439527,0.9319409413973192,0.0014980509444401107
54528,-3.658794018984115,-7.358633044854531,0.8278955516116714,0.9557768861542623,251.02520087168082,1.31815321625795,0.0014981006641568836
54529,-5.683306129293529,-6.1651678094287705,4.325497028771013,1.1911559102008162,236.58291689641592,0.04891222928334216,0.0014981709381929396
54530,-7.781577888800252,-10.862335112505187,1.6240162565745997,1.0573230624218584,281.81499645982836,0.9720580009675404,0.0014986371883328005
54531,-9.385026119773425,-5.224183769755887,1.6730359517512654,1.11896484712694,289.68334531175265,0.960953537787792,0.001498696976433901
54532,-3.123399781206725,-11.436224156808787,3.982882138912691,2.2595189863470715,414.9838537695015,0.5151593183409169,0.0014994077435286275
54533,-7.59439377274395,-12.233335410136556,2.0162135536579053,4.68587206236109,258.45524046659114,0.3747254178864763,0.0014994249435009387
54534,-4.967431180187819,-6.5596582405052155,2.206931098482265,0.875218748881965,467.58746352170704,0.13257515246362406,0.001499542268045008
54535,-2.9711092133176384,-7.106260378348844,1.6515739604681716,1.210268625560489,300.03341608961597,1.1420362507164272,0.001499672158880194
54536,-4.556378523319241,-11.748944869067383,3.8283254382948924,1.7546831883400482,415.7487254949501,0.17016000529228137,0.0014998954010145558
54537,-2.540426855592157,-9.38183738552089,5.1657663576900745,0.815711936380479,467.8723211459451,0.4498464822499848,0.0015006962185124656
54538,-5.466709050347431,-6.4997358028961205,4.993284938561159,1.3206772550859003,324.0533628770746,0.422280665235256,0.0015007862654194256
54539,-9.059706095766785,-6.959479699678049,4.3910208871234335,5.823939708071397,662.9392224825824,0.6160379726791669,0.001500867078691631
54540,-4.877049805833293,-12.481269951840773,3.7422548938329667,1.7218723610143154,406.6949305422729,0.30151118187062576,0.0015009209352439545
54541,-7.561536392157713,-12.80862137957802,1.0768585848331371,1.892101028375834,456.2410981949865,0.34221845157494624,0.0015010281661796481
54542,-3.6931380975666217,-10.555345569657723,4.193353624218041,1.415414259931963,322.69784765096944,0.3732770205935658,0.0015015143818699259
54543,-3.145502757011082,-8.050417879582062,0.18433361569114073,1.7754516432160716,467.9471002137598,0.4832787475572742,0.0015024797123243967
54544,-9.101245298189344,-7.7267414094651015,1.558233105215381,1.1126693098138853,291.55407596177076,1.8783195835094775,0.0015024943428292598
54545,-8.379007108448649,-7.511377539863468,5.14284778452964,1.125880699740434,289.4033061088534,1.3722275334315794,0.0015028167928443788
54546,-7.405911883235367,-10.490030639130303,0.2612692783466323,1.8994877677628472,467.74460207406884,0.3327421835689863,0.0015030403562387273
54547,-2.685721759893985,-7.493816183781938,2.530908560162325,0.9413622917622552,237.52893022881875,0.5525669808989422,0.001503158236320713
54548,-7.731387785698465,-10.866678580542423,2.230939892125667,1.2798455707048606,284.3582578624652,0.12219938090293336,0.0015034671491946418
54549,-3.4573794357460557,-12.191593555714867,3.730832514115336,3.0319518424058143,500.9459040724488,1.3498570913349353,0.0015034775266464895
54550,-6.112653218628391,-5.280557517426933,1.8550795451524476,0.8254982984380351,445.9746448345981,0.004615911610891921,0.0015042522005023966
54551,-7.503174568473141,-12.471280778038109,1.4861769307960162,1.8613934324606607,467.53289989617707,0.2973807381764777,0.001504302410915402
54552,-9.530319117016306,-6.772926180614689,2.162161093491921,1.299382447367544,304.0566502209969,0.26866516839574217,0.0015045317415416282
54553,-6.42242456359819,-10.447311824925576,4.252198385961897,1.8361992485603202,437.4604609437641,0.6304678206049257,0.0015047356179090357
54554,-3.5003194325231535,-6.639804568424854,3.43318744534903,4.9303491376800705,338.5030520311547,0.2000062209664515,0.0015047976428033036
54555,-7.608483285422961,-11.072999887408546,2.568502457178767,1.2428986968072422,468.09641424738317,0.5180920834726139,0.0015048753642912878
54556,-7.327646082717137,-12.249933415939823,2.92173257479732,1.8677893442822477,468.87020103873675,0.5959500873413868,0.0015049234422716876
54557,-3.572523372654106,-7.083747867155899,1.4104749483954555,1.736965613243655,468.66459339194665,0.3569255491288361,0.0015050270500706604
54558,-2.389600831709603,-11.648863843395038,3.7582239272193294,0.8731576174463911,236.6582300434748,1.1856608765180914,0.0015050466881615118
54559,-9.522435267168111,-5.474298436556152,3.5581501568490053,0.9009464178035537,452.43911269020134,0.815194415766844,0.001505181928017931
54560,-3.6130853257544224,-7.450256490674771,0.7060830773166747,1.342619428407108,302.2900239061443,0.4392862157907613,0.0015054219119664436
54561,-7.70179985986507,-8.9476859002772,4.355859816454909,1.836638432859889,468.27960861080226,0.5661954381244518,0.0015054772345246532
54562,-3.5464436459810553,-6.686153543909987,2.5945002583292425,1.0149998774489486,246.98248332699131,1.0522910236844352,0.0015059557038133102
54563,-4.477846039133078,-10.104955042845237,4.47428436466723,0.7940414653258853,185.5644514530193,0.05846421511448785,0.0015064214715304327
54564,-3.8791482717447607,-9.25641201096176,5.189170234461944,1.1122368074454592,468.2221671279429,0.4123895429572686,0.0015069363613095174
54565,-4.758631829610521,-6.537963520490114,2.7964140505063373,1.0246723873177135,238.09037357405907,0.49230499301535335,0.0015070739114344544
54566,-3.1410125840050673,-6.811464136692517,2.2014058594786285,0.9880369011571223,468.56586452832624,0.048707355886859816,0.00150708582610351
54567,-9.265062393894512,-7.039951853458138,1.55950272347694,0.8209118636196142,469.069615182914,0.04386598862188418,0.0015074482034597718
54568,-8.846047719418321,-6.75692748499391,4.945944583643477,1.090728660217724,288.4478850323404,0.8143806118843004,0.001507512117057579
54569,-3.6012753127127697,-7.087017509066638,1.4435477622877388,1.1608643812298267,467.613829461102,0.41839136524674814,0.001507518215353887
54570,-3.796059076758464,-6.986828856291779,1.6301122069736995,0.8632486344644481,467.3098636297246,0.3313066626268375,0.0015078933659758678
54571,-6.034106490348366,-11.73592903993357,3.8689041179335133,0.7443337846573902,145.11734045770794,0.17597101715242136,0.0015083882328203633
54572,-3.307652175691792,-6.670995449276687,2.761476153597894,1.4968944843344338,313.17265849712953,0.27629749194358144,0.001508647598019078
54573,-4.954211235990785,-6.908325971641223,1.4764368321263868,0.997249779881996,226.79896642963664,0.3994391216381281,0.0015088956266784042
54574,-3.3429482637396486,-7.256802295240964,1.005089239407661,1.779351859686543,468.2383482629564,0.2586798390613261,0.0015091386022048484
54575,-9.254837754244404,-7.5595842886118145,2.7999175708369224,0.48299366366137725,135.9112996303014,0.46207235879590325,0.0015091651051398374
54576,-4.670777201784496,-11.721118000778137,3.8304142837874675,0.8216874889964825,163.73920124744788,0.17648311052235766,0.0015093032107599835
54577,-4.430272739908146,-12.046846210560485,3.7735693452305927,1.9034367389628482,394.00250149780095,1.8602135846250443,0.0015096069472643012
54578,-2.7316087116150864,-7.502055144166793,3.7597298985774517,1.4954735669331811,344.2664887491976,0.21306158203616388,0.0015100123910354569
54579,-5.9168357728511,-6.106383648195872,1.6464007015496214,1.8647649243205098,454.17539471932406,0.6163881088354097,0.0015102180132119608
54580,-7.431754900484494,-12.99379069309302,2.574497014880392,1.0552646787417688,275.16995871664193,1.003905640643227,0.0015103284492213665
54581,-4.787616515754921,-6.542335754641862,2.7083153015863246,0.9816746156901602,468.96661733473144,0.6391723063608241,0.0015104700871725757
54582,-6.012058912389238,-5.443511696720652,3.476302291234727,1.36738967292687,323.1901402546952,1.6161289724674033,0.001510529110852551
54583,-5.08568189359969,-6.553091990504519,4.580135476335791,1.7222822264273732,360.5580865268386,0.916432873360816,0.0015108765189233914
54584,-9.330815205596819,-5.686031876438041,1.5507966975081195,2.5173909835472887,458.88650230301016,2.021556354375055,0.0015111782781231477
54585,-2.2761710704799967,-10.458512256003253,1.8408953040639673,1.2858482145417516,310.9588685369824,1.2749387806230361,0.0015117757950237096
54586,-3.280140984788652,-12.733750573502112,3.6851338556791355,1.8381892882846087,467.8936964432187,0.2760233037947266,0.0015125266738878708
54587,-7.636945558012457,-11.801105884795447,1.7443658113342524,0.9401885487270769,251.49298186960726,1.1900607041447104,0.0015125936332658592
54588,-6.748860961746697,-11.066795690165183,3.8436669313992557,1.7091495627007678,303.9303860946968,0.07100865123112587,0.001512964825497123
54589,-7.509572354940103,-8.703502286582658,4.9792211433910385,0.860843761556106,188.14646162345701,0.9486744057708014,0.001513107116478303
54590,-4.462615753203973,-6.7986502933493895,5.00980914118043,1.8369227617850137,440.6265839596587,0.5951889308786154,0.0015133050162807493
54591,-3.28584352336466,-6.7195485589137585,2.56004677447147,1.1369158935205168,262.51186336154535,1.0636685238098336,0.0015133551828783599
54592,-4.183077995155282,-6.640859592429875,2.632433995765878,2.183641034476241,417.7210275570804,1.055472708144734,0.0015136793160546215
54593,-4.678968922891156,-6.558433758822005,2.6126815285464327,1.4342975486712328,467.6580657871789,0.6261493683701893,0.0015136850145592126
54594,-3.36139343813728,-11.975111818810905,3.7619307009509,0.9349663023362418,189.11013691922247,0.7569354396259067,0.0015138348256143797
54595,-7.566736936292955,-11.747204884938734,2.3792723321635916,1.47722122188611,350.97925824244595,0.4970990131038482,0.0015146401404182303
54596,-3.8739966652138005,-7.614617206176954,0.5165420428979693,2.424805673565297,429.65375505528743,0.33563521361003357,0.0015146640586434475
54597,-5.265324540189354,-12.962768659051271,3.71726548701342,4.26362852911109,501.45145343677586,0.12840961463991718,0.001515375629796875
54598,-4.597966828017313,-11.332726282944254,3.9187312466136697,1.0878327672109263,280.4628846721429,0.7354569468758685,0.001515562461322425
54599,-2.7542848247883187,-7.765898690898032,4.9298595089996216,1.884080686292215,452.98730640662984,0.4595379104155901,0.001515603660314455
54600,-6.9234420331513515,-11.622628608682488,3.566500686055361,1.0262808513172421,236.44906931174117,0.5016663024003156,0.0015156792566662198
54601,-4.7347694164160945,-7.959869896357322,0.057114498304956934,1.1578222695022258,296.59211135124144,0.42827528390940817,0.001515882558253274
54602,-4.215117938616598,-6.671853699940792,4.274085612663308,1.0547866502836556,275.99486831086165,0.9789773752832547,0.0015159434903156096
54603,-8.547384540689581,-7.2544637354657135,5.117812886590412,0.7012875669192141,452.9959662481766,0.45563724234197966,0.0015161421718621981
54604,-5.635241910301863,-6.609657357664431,1.353929949138415,0.9101271820584008,209.9000744999903,0.1330552593540384,0.0015167268194924322
54605,-4.4012613196817165,-7.0132200442752275,1.495352903973859,1.420673257545424,314.96482455891004,0.8222622229715606,0.0015168294017118028
54606,-3.211734801794571,-11.195398287015735,3.9702218773351636,2.027913389562343,199.77028958843906,0.22507620379918603,0.001516865597247203
54607,-6.867937217669935,-12.526418763928195,3.4783332974024272,0.8880390356786944,467.683772598215,0.5453072276967097,0.0015176192709751945
54608,-3.4241675210226568,-9.680937583709444,4.775343235512105,0.7264516456263861,150.6071392094656,0.3056013324783686,0.0015178258461182152
54609,-4.2317831716898375,-11.96314326037391,3.770973037303611,0.8640941829754375,468.07802124902526,0.7183189438874065,0.001517828290659878
54610,-2.215253905480351,-11.838824128352966,0.7842084382175598,0.8418361727955656,469.9007471902213,0.0683575401345049,0.0015180167556887786
54611,-7.037065369063775,-9.326876117119612,4.78961216109995,1.1995781701244428,467.2488190491631,0.17675834389427258,0.0015182111821893053
54612,-9.435164018020807,-5.4760048170855,1.7759379588680668,3.359212467242263,522.9122933662895,0.8775848725501056,0.0015183428622462572
54613,-9.627217524577372,-5.0684643419084,2.3545094985265362,6.93924811144549,508.4743233912754,0.028440876477124455,0.0015188442463027428
54614,-8.887152652565415,-7.963643035272061,3.2018038249765426,0.8039577985375657,463.3994542419853,0.11436551411585505,0.0015193140210683976
54615,-3.1744923772869935,-7.252153425886502,1.0462188264034977,1.2625914123169537,266.0225341700453,0.8666615046397217,0.001519332966595672
54616,-4.466741059005715,-6.547261563289876,3.2300912998545135,1.210535322538882,468.51074686488,0.6594959052691802,0.001519399997917608
54617,-4.906662425058608,-11.149081788545502,3.982750195617466,0.7140248097122581,151.41750971075248,0.4367966123862663,0.0015196499242905166
54618,-8.347450124138561,-7.997363249648644,4.525290279768622,0.9195370418475756,138.17692722297582,0.1757554597864024,0.001520128853200911
54619,-4.687874816680767,-6.666442802467689,4.654974483841415,1.1618743123396933,289.7559353332685,1.3739729082576861,0.0015201422113634863
54620,-4.127139352165578,-7.570786496220363,0.5307196357889529,1.6564876417684973,353.13962471045204,0.6949580861387288,0.0015201847216739887
54621,-6.4140826890086355,-11.588967051544856,3.8416277869838535,1.0943178523061352,292.36839335211795,0.9285293255293903,0.0015203377309655974
54622,-4.994156014573097,-6.524131783390356,2.3359309671078337,0.8151704637111334,178.87455761176324,0.06174720504107878,0.0015203552493914178
54623,-3.4325575670348396,-11.436801162744235,3.859977471601623,1.6017330596934745,352.8590819692674,1.4489608710181985,0.0015206736540472469
54624,-7.625652870606714,-11.886127818312545,1.9393238568365128,1.386351301629557,313.75522641715094,0.08463047306950156,0.0015213811637133877
54625,-7.497455497424754,-12.968981313419109,1.1549883553989133,0.7727664010516663,169.86916069062354,0.5549912885480213,0.0015215848633284921
54626,-3.1023200830711364,-6.828212874639216,2.5728649746403396,1.872901266241674,469.1216353509254,0.1715265826063499,0.001521624350754297
54627,-4.220225512723788,-6.638393513205111,2.8395274418886682,0.7531623091201691,466.37331337424183,0.2845719022338873,0.0015219377586712973
54628,-5.141578699582164,-6.389854893111502,3.7867679885005985,2.2789445230011913,433.8571933114522,1.7087043000462776,0.001521989858173045
54629,-2.2390111268827066,-9.237363541112508,1.1957520904148455,1.2482253570378012,277.44655430242284,0.3114283349452309,0.001522243504159752
54630,-4.162339337169161,-7.075838592189547,1.438251063591055,0.9621820482791801,251.73245142042217,1.1049069753971787,0.001523043001061086
54631,-4.819224660744092,-7.210843400179708,0.8714607445625271,1.243592834537332,313.0962502455775,0.4774985230152451,0.0015233645689755565
54632,-4.9825692742809045,-6.455631537224762,3.887414016524092,0.7364217122283295,214.53233945381737,0.23230543045445806,0.0015236566546545783
54633,-3.746302861912005,-7.098676524998813,1.379032944759728,0.6723107076234165,146.88083473055693,0.28454998885090266,0.001524214186353224
54634,-2.69200984620852,-11.941433502722361,4.835384577607036,0.496876051682767,107.16609767860312,0.2930896214445591,0.0015243975465368098
54635,-7.821028628649069,-11.204267259553305,0.6222532296230293,0.8248437006097724,467.9484870402699,0.14728730372515653,0.0015244640715941563
54636,-9.568783086227441,-6.000266450613589,3.417944070451129,0.8012691501196355,470.4669669933102,0.01875428749969643,0.0015255129644027566
54637,-5.188191255713212,-6.523995823238189,4.643867480376381,1.1747053706298995,139.31794526672238,0.37886822558205324,0.001525805997059201
54638,-6.382274614651651,-5.061482912679818,0.7745216246618964,1.4496471244424753,334.53097562171337,0.44607317501273425,0.001526530091220027
54639,-6.275399529268071,-5.393798228640643,4.686211038381746,22.1632283466377,672.6022471936473,0.004398342538472377,0.0015267704894249916
54640,-7.561316863064521,-12.574197411679853,2.0800910376736623,1.107848882231966,468.73908967242585,0.8349772026284104,0.0015269065880020186
54641,-5.822346576832334,-11.453201918465842,3.927750745384383,1.8454308286171248,469.67761262282295,0.13245842353076487,0.0015271159922791273
54642,-9.289428161179735,-7.082656227429178,3.7101930746697622,1.0480315873990462,149.83363764512373,0.2587936935474371,0.001527214368793673
54643,-5.928833357286897,-5.901691875875626,4.314530903845035,1.2409206291173158,270.43343539005053,0.079469298362004,0.0015275250874016934
54644,-7.626509397121327,-8.564854198315487,4.988950866492773,3.120437792517005,509.8274914943087,1.6924615817173327,0.001527780904059051
54645,-9.54091546146591,-6.3341520306201815,3.4754777400373933,4.1372617698243745,509.17644313071975,0.11824683746786224,0.0015278328958508558
54646,-3.661918009067393,-10.768103810804398,4.0840595442791505,1.0967041349207136,289.0665746524481,1.0039515196171491,0.0015280682225883068
54647,-4.881545264500464,-11.934447374667606,3.7984805704740228,1.8656530999988084,468.30632696429717,0.5617712358828983,0.001528497473880189
54648,-4.131737893927969,-10.262907697046199,4.349898156707479,1.5799153919994442,468.32062468470644,0.46764699122850306,0.0015290463878201014
54649,-5.475091332126561,-12.453448258572706,3.7614325912661766,1.0528260094557413,274.9379725130377,1.338991540942903,0.0015294750599818656
54650,-7.647937841311306,-8.645712496452877,4.846051960195828,1.309875205530567,317.42876185300446,0.732328461957537,0.001529511321049709
54651,-3.8066502980553256,-7.4221560371634645,0.748387108597941,1.6130166850606658,381.4126652362836,0.3318959050861432,0.0015297751166477391
54652,-3.0199143306427336,-6.865462206306354,3.015948844268854,1.0693922324757204,255.36769935372163,0.3101166087969345,0.0015297792638723413
54653,-5.339018923664048,-6.514479938786792,1.9689940742022118,1.2303335991484354,216.54279232801977,0.004669243278033974,0.0015301561461358941
54654,-3.748976619796305,-9.623083181847758,4.8288669104105955,3.318187956770946,524.599818460512,1.5675424560521813,0.0015304453423166718
54655,-2.424988464019238,-12.593939687273165,4.407440467309202,1.0854252315943669,259.46955388854576,0.3891948928186979,0.0015304801999897553
54656,-7.65045144286411,-12.095596999542806,1.0087086435065753,1.8874212282796297,468.5879159745741,0.26707623521457347,0.0015305825500407033
54657,-6.047613941720524,-10.23631111107683,4.424077375518252,1.5473431020221828,355.21923179630596,0.7800434015506665,0.001531187066446196
54658,-5.370431838216001,-6.254507169342143,2.771162568905189,1.1589000890393357,227.46885117401143,0.07357607026960178,0.001531372405816668
54659,-5.169265793364161,-6.687444521641651,5.175763398952005,1.108647242754038,280.6292713140732,0.9497280236530221,0.0015318964505792784
54660,-8.911774127779248,-7.577622484020617,3.941654283807235,1.6449940766136526,386.74146616525326,0.3481278332939688,0.001532067455710228
54661,-2.697806330076558,-7.5021274346317215,1.854884700927575,1.0097087412139758,202.51394378930016,0.07659149658753517,0.0015330231866124858
54662,-4.007004737615263,-11.462279237520079,3.8614260317499265,0.9477510519850625,259.8282555115244,0.3771597220930012,0.0015332998798263623
54663,-9.593031523356276,-6.604134140960255,2.411165106003693,1.7414229099136447,410.52352223179963,0.47300139079163195,0.001533424187404907
54664,-4.265952950784707,-6.989760709031711,1.5645499211958362,1.0248728540086343,467.1307331633806,0.05870562604399954,0.0015334835211498069
54665,-6.3159951055478025,-9.475992190508144,5.002454570664253,1.2682614090879112,300.7779215888396,1.176870393964255,0.0015336570228916694
54666,-5.938207420305737,-5.654239815808487,3.732862828597329,1.4404580273971634,319.5869543653782,0.2783992669564537,0.0015337862978814355
54667,-9.248200870837817,-6.690216115057154,1.392249145388816,0.9628753821748177,237.6189335693562,1.04763440008482,0.0015338724230155498
54668,-8.246821977966968,-9.651083481622265,0.9925126189792078,0.7359118091679443,205.6488735188581,1.0547756615260466,0.0015342858513422686
54669,-3.247858863906562,-11.225391904998723,3.9394974823374644,1.3850099892585315,470.238002612163,0.09301438041138343,0.0015343289990152388
54670,-2.4161999560526652,-8.579175961998782,0.9722156924802641,0.6284864875967483,124.30944546378929,0.14753151927250396,0.0015343969235725428
54671,-8.617409525757349,-7.500699864611741,4.700016358302582,0.5959520270520375,167.1306309575139,0.6109507014808955,0.0015344676771149059
54672,-6.345294516888102,-11.501913739310192,3.8725677027915486,1.0368198398464847,267.11189445828484,1.0473585939290144,0.0015346233571011778
54673,-5.783562231779051,-5.839185123299204,2.5075146919892486,1.428639292725181,467.8430452116692,0.0216662930459961,0.001534784239783853
54674,-7.477009754512062,-11.011371364693142,2.9475235546595133,0.9338837538830871,187.55964509760918,0.7460338675899818,0.0015348508682130368
54675,-9.387490481614044,-7.129490476872252,3.3242535307635026,1.039663950264793,221.9595425457704,0.9182291730111363,0.0015350854879567068
54676,-2.2330138550966963,-9.996962754671271,0.9704607802855227,1.7927992300090352,427.2213749919261,0.763295850493722,0.00153515272780434
54677,-9.594327577154653,-6.0129217929388945,2.2138519172813895,1.6332913410501841,149.76631135802904,0.3721161135444637,0.0015352496770854238
54678,-5.317253927617908,-6.2713067560745035,2.935267845667972,1.0120779260929131,268.1637194454885,1.7253433913263532,0.0015359046238651011
54679,-3.6256103524562358,-12.764218258732381,3.666135901115056,0.9066670551551306,189.82881479073959,0.47212964926614287,0.0015360077503437108
54680,-7.985467624645498,-10.461457252533917,0.8891822571789135,1.0404451053121213,278.6243337265569,1.2050815171998712,0.001536215680655718
54681,-3.438805461202941,-7.942003107432433,0.17306804049012225,1.4695772060666354,467.82912004784157,0.7797148042760123,0.00153627897252641
54682,-6.781661586635547,-10.717511027889891,3.9529236504854497,1.0279263536638523,277.6674459035225,0.6964212021780982,0.0015362797054449477
54683,-7.509324360814096,-12.630021971309228,1.5455704895545685,1.449783807117031,165.79443658132212,0.2509597160457089,0.0015363674192110759
54684,-5.950148734375337,-6.862849824974463,0.563576430344114,0.9718588743776374,264.38424436785834,1.730817376068189,0.001536390829624179
54685,-5.2415616816872985,-6.325070752814749,3.318819181925595,0.907368346801097,256.64495792176365,1.679488654729533,0.0015364344312977583
54686,-2.174451912515849,-12.740806698458973,1.5247922537031784,1.717433159635985,404.2038856056286,0.04923086538838817,0.0015365892099709828
54687,-2.537483598971794,-9.23074142758339,4.959773520294962,1.0986257332075535,251.4188966390719,0.383732611152344,0.0015374088062649143
54688,-5.045638743234935,-6.412915561109577,3.653309131296512,0.5711435357614983,119.69253518197013,0.8900324710869585,0.0015374780480753173
54689,-5.9690261898677575,-5.58040745124145,2.0816982552644716,1.1093515119989437,288.8751806364042,0.5769160514346412,0.0015375262549191205
54690,-4.797313634444544,-10.883100703787278,4.064546617472562,0.7107470456122789,209.79258138314896,0.9087511788144438,0.0015377228469092663
54691,-8.854644755981454,-6.690552457200494,4.950403665297852,1.1944326064212172,303.9650243049693,0.47255183379004695,0.0015377701772249874
54692,-5.627279156949047,-6.01440735834595,2.9435254612074906,1.0317977422816016,468.3968081588062,0.46016172102123587,0.001538043532735079
54693,-7.62543093603893,-9.567792013940014,3.7346377783980245,1.131430643346828,288.2784567433593,0.6754688842570813,0.0015381692542490823
54694,-5.2145673767215985,-6.3379413711682,3.3135638268479863,1.30222759990663,312.85674512890364,0.8166363724118773,0.001538207255107275
54695,-4.355799207822035,-6.588712568905727,3.7574385644335067,1.1247449038841133,287.35292933052136,1.3525190069903248,0.001538597464699795
54696,-3.876553729035744,-11.779676848294429,3.7878899860079738,1.843175141210119,442.34007356805466,0.4918856523910611,0.001538604778135543
54697,-4.439608210356214,-6.639465463778145,4.311825286374148,0.7579463689761997,467.3266314231798,0.27630368924850934,0.0015387956840068379
54698,-7.040331751639739,-9.932157132835496,4.223887136179584,0.9557859287425462,467.3205303595608,0.7604964840188488,0.0015390298206482656
54699,-7.930668125842315,-8.526737273554371,4.52317640349,0.9955519512048326,468.07470268485275,0.7163639644791884,0.0015390435253652556
54700,-2.7761173024623336,-7.327191825922693,1.5390637334200732,1.7436171914191143,412.3866428437574,0.24932364026721388,0.0015394753439876433
54701,-4.659866412110104,-12.564047789579547,3.713512289640606,2.9368168767924914,487.6972688035967,0.8425359253493765,0.0015395020900598978
54702,-9.334087346576613,-7.267590922281802,3.257962383142466,1.7661156460293672,419.1280128002107,0.06420644496244599,0.0015395880720883597
54703,-5.737493249439708,-7.077568685395785,0.5205870413615782,1.8129270255440126,433.9483935597135,0.010559215008631107,0.0015404641549958793
54704,-6.733505539167732,-11.61805673324844,3.697453246245897,1.5826873819300409,467.8328572253877,0.44827756104896466,0.0015404653173217205
54705,-9.43860205228839,-7.093094719727036,2.0791903562728553,1.0482759547685165,468.8075440592671,0.6715839818911684,0.0015412119816595252
54706,-6.350283298561773,-5.360351763345469,0.7118661053661075,0.9711838485765966,468.28444963357555,0.7729066977602157,0.001542170936660509
54707,-2.818660089824175,-7.18861856339451,2.817485109166366,0.9949231358448029,261.0210913320252,0.6672408935531307,0.0015421875589226768
54708,-3.6139613006988185,-11.98904546269055,3.750628210324984,1.2518589061554937,468.336958774684,0.654593325976184,0.0015422041537464597
54709,-2.4339483644378737,-10.092490399857283,4.026864581854019,1.6785315087205603,394.3778715597509,0.12630432767445932,0.001542339500085911
54710,-4.461074067095341,-6.749472376979537,2.0791018763811677,0.9058420572474816,141.2236807219232,0.25005458744078,0.0015428122110793653
54711,-8.613044094744195,-7.455467655593515,4.764087033766699,1.27752461323766,294.9163689805511,0.1365454335352192,0.0015429977671775961
54712,-2.518420313464965,-8.900358710647723,4.294794746593212,2.097839019657679,415.8494245754335,1.9905780236720592,0.0015431085326737105
54713,-3.4841250374692017,-6.700065986356405,2.6062120411951715,1.7558432824128551,468.5444598192582,0.3899527277816581,0.001543174006700355
54714,-4.818659618655455,-9.616859510472626,4.862851809937683,0.7642987848433522,180.74948819206384,0.6432690875860683,0.001543192139821291
54715,-4.999892063733408,-6.436780360596095,3.2056261388574145,1.9417112222534416,296.66931608264855,0.008906891102574477,0.0015434066783332635
54716,-6.5853298477564035,-11.467924688122412,3.804337275871689,1.058641560905346,206.7146987514346,0.049645626948778165,0.0015436188458861433
54717,-4.567604678780644,-10.806708209369042,4.08172861701906,1.86030091719738,468.18964747323355,0.5589589596459748,0.001543764375977971
54718,-9.636600153983366,-5.69558688503579,3.0103769397532254,1.0695581597647337,357.6987241249078,0.9580457976967898,0.001543808043479119
54719,-3.5209691143624875,-6.782757277034992,2.2345962325462376,0.9735487183159377,270.85344176804233,1.7602789195010882,0.0015442158655078057
54720,-2.5268429800572534,-8.408984077778193,3.594613368309745,0.6224801349015929,156.90547079291946,0.5239258872829202,0.0015445298715680436
54721,-8.265084262247104,-8.130523269221069,4.473500067352198,1.0311329048636901,272.70727421779526,0.688220833845552,0.001544782285935936
54722,-2.6066311666228126,-8.496014704558284,0.35256626804543423,0.6320779843705234,180.99382713567024,1.2099021190847443,0.0015448157722347548
54723,-6.890558592339136,-10.098766450788142,4.226002980595311,1.6420949706864754,468.52791072036365,0.24423552646438296,0.0015448728742262438
54724,-5.115575644738388,-6.451680233666714,4.124384330200557,0.4867051180344276,111.21463331251329,0.4258653888835484,0.001544903123002771
54725,-9.4296061767751,-7.190505014332826,2.222998268834869,1.707692959732353,402.90991545178844,0.5629137932749853,0.0015452075815301353
54726,-5.859538156711376,-5.796456800198811,2.2010179567857975,0.5789367612930642,163.46493130596625,1.1054235478336318,0.0015452502255313234
54727,-2.5152894324045283,-8.319421593499895,3.0761207974117473,0.638882799919,129.88569448086412,0.46802098646691004,0.0015455274918348457
54728,-2.665742971428566,-7.481318925809503,1.3939702636638154,0.8797850680939338,228.73558694576138,1.3221368542728529,0.001545579050669916
54729,-5.823125728501082,-6.43472412277492,1.1079012789921463,1.2438202818391775,275.39135847217017,0.8820226589280225,0.001545687799636634
54730,-4.097142711125804,-6.618343629357839,3.7505865031889463,5.58982008852061,650.7519214007897,0.4625277487650843,0.0015459272465198541
54731,-5.99433038543458,-5.446591964957962,2.229287536515161,1.1334099554749122,291.13719222876233,1.2542729928575378,0.0015465948056935688
54732,-3.9218097469321833,-11.513341290709587,3.8445544266386973,1.6922466049092686,469.23623117047504,0.10753460394090997,0.0015474266584996816
54733,-6.128287453726059,-5.863891922622934,4.855933008840444,1.1863937839132044,467.29178750669274,0.34443497551296876,0.001547470560034257
54734,-4.215350664695466,-9.77985755914312,4.693870994745012,0.5538333328128789,115.9376092193173,0.398488125188452,0.0015476512942004153
54735,-5.9059607019301605,-6.072028481073503,4.648543375596194,1.0996723315223875,284.85792547697935,1.323147981981685,0.0015476562257213124
54736,-9.53683403909922,-6.4900146268205905,2.077235711438299,1.0984141436933956,467.3237861553935,0.7874901070829425,0.0015481272094220744
54737,-2.4786554829368104,-11.320352410788637,4.955594647763586,1.1316394716820728,467.92652034062206,0.584508490052623,0.0015483242359494273
54738,-2.1274957897445104,-10.61757263161742,1.252262760889189,1.0927022339632488,286.31029182305366,0.8753064580300736,0.0015486890637021594
54739,-8.431980350793896,-8.185561006802871,4.009405723814409,1.7766654569182772,422.4322517560217,0.19141221026276067,0.0015487056641596097
54740,-4.976818162037748,-6.461652608195676,3.8578825993678314,0.9632020757616148,466.9808256536507,0.06349179881018685,0.0015487418725450039
54741,-5.282797745047928,-6.302239702508116,2.986735689662014,0.7995787662289696,162.5792700977336,0.16645627426531107,0.0015490356414479332
54742,-4.623030624468604,-12.48815868593522,3.7140879360414703,0.7177326039956822,184.47118141355034,0.924768308499611,0.0015492096667587656
54743,-2.804162282064361,-11.281918516796956,4.652944840236309,1.1938004677555343,304.97592708472536,0.6168375062552531,0.0015495627816087508
54744,-2.9892866332494545,-7.974100956922575,0.3231963378436009,0.8918801103907904,467.3893263494072,0.40339012669222374,0.0015495846744817527
54745,-3.4480030775199797,-6.640778426761545,3.3470831973079362,1.6585707101782787,467.8152978823555,0.3891824579249832,0.0015508616438683776
54746,-9.128347277051542,-5.819110555316124,4.508940537112127,1.2073656681444387,467.6653921085268,0.09495307734996672,0.0015508942872846233
54747,-6.279228682461715,-5.141597729783443,0.9921367905395776,1.0911153983576578,282.6209259787213,1.3232529895398057,0.0015510427087316136
54748,-9.291234765624722,-5.597937795391648,4.14297017573011,1.4271258066576566,325.4741979346912,0.17792466892199688,0.0015510973129586464
54749,-4.425149323752887,-9.54830401474555,4.908672046886427,2.952677304706279,243.14633639670254,0.21076758705072596,0.0015513880115101562
54750,-4.021474652391349,-11.96891169956165,3.754887707006978,1.017190196236449,266.5185781074191,1.5173317346136264,0.001551565460592677
54751,-3.897933024675554,-8.001318158330395,0.10800264580709709,0.5985937750218654,126.00691757915234,0.019832622505240316,0.001551725835773579
54752,-9.372763812594094,-6.0726076698128875,1.6666659585013328,0.8201606986343825,199.61972963147628,0.36343050850015146,0.00155198417814487
54753,-9.054314034521694,-5.2588241200629735,4.6103254976360315,0.8126592524889819,469.3073376120913,0.23715769118096208,0.0015520514948597053
54754,-5.727763385403034,-6.856648491394103,0.7646454798706706,1.285273635430039,302.6583072777597,0.4798777221931214,0.0015521340761944628
54755,-8.321691695673879,-9.460055918278925,1.023624429143337,1.045593200182679,275.13619334329246,0.884944088649898,0.0015522247562307
54756,-2.8633696439957665,-11.271241568819267,4.4907558771816545,1.7831611611099607,467.7024118993535,0.40544499287375135,0.001552492179304887
54757,-9.313337373065645,-7.0530968080925485,1.685424543490112,0.8646913184262606,467.5710438010686,0.4373174726341942,0.0015528432190343678
54758,-4.770586304673778,-12.406898683481982,3.7234845472734324,0.7949005820613132,195.25791777770243,0.08745569985796653,0.0015529693009765835
54759,-6.371628437115549,-6.326277221980602,0.2782761687611283,1.185468715345654,468.0004744775741,0.3276057771508949,0.0015531169858266959
54760,-6.035168078074754,-10.11515840555248,4.499145299405243,0.8566267669869297,468.121667371705,0.5426853907469171,0.0015531243931410244
54761,-6.021787445486548,-5.231990833241225,3.0412183048043575,0.8348832419006958,231.07557115289296,1.2654196013419812,0.0015531255635415206
54762,-5.956172344371817,-5.521016449106657,2.729389350936822,0.9924739249349933,468.9199031300966,0.426827223021637,0.0015534044202221767
54763,-8.975140984763803,-6.612815175550097,4.73784079714952,1.0630244527821466,199.80987783910206,0.08096478672545881,0.0015538920922684462
54764,-6.255008268138366,-6.932339034686076,0.1159299218854952,1.0927530084883479,288.429009592529,1.1110668839736313,0.0015540963571461822
54765,-5.711660271199149,-6.735460016031662,0.9513248848381017,1.09431017196951,282.59017652529366,1.8159996129342613,0.0015541030903568126
54766,-3.8164821635388924,-6.81279812031892,4.87674596048802,0.7315656146224114,420.0644749590677,0.2678216612084219,0.0015546117002131696
54767,-5.27043423008565,-10.059554562138691,4.524286581515836,0.9213638829580291,180.4800302045219,0.7303838731586039,0.0015548503394122002
54768,-4.388794430346633,-7.169079155018857,1.0804268176433958,0.9473918245881321,159.91575636091525,0.18527659524937334,0.0015549942181181536
54769,-6.132710422686353,-6.468327210903758,0.5965848745773383,1.9864872503419753,382.79962431912736,0.5439169265573556,0.0015551801617676307
54770,-4.307946761838433,-6.762454890424196,4.758469384418913,1.853979320297789,468.80926060854324,0.460715123604138,0.0015552578849772581
54771,-9.04234068130857,-7.728073290421604,1.1453539328320888,1.1922383531107485,470.3639572538601,0.19002181373725424,0.001555351406421494
54772,-4.871945147873205,-6.565307477840559,4.354016150006615,1.223334406883876,306.0271452725453,1.267133154100775,0.0015556365914569876
54773,-2.247076812825636,-12.43859738297863,0.6350847238354652,1.475623396171629,335.5045079850702,1.333913148139671,0.0015566124390647461
54774,-2.5190460434214748,-9.228070021330339,4.684196420365104,0.9364655028480033,467.5044088312009,0.09830448336015074,0.0015569072190700153
54775,-9.650899822225915,-5.907409823379135,2.75528942844265,2.0686622636126346,412.77577691857437,2.0354751000572993,0.0015574877113861839
54776,-6.136389976813542,-11.335283695062516,3.9383359199058123,1.148839993046001,275.0751400031023,0.38170811957217854,0.001557507103785477
54777,-2.861329492830559,-8.254131033598327,0.13810309908367827,3.024937531237501,500.15881613733154,1.2913996779172043,0.0015575082529946961
54778,-5.11245444562141,-11.730728846405627,3.835140698139757,0.9482035871606824,452.2355625786319,0.11367821024104519,0.0015575370767731012
54779,-4.036236916658296,-7.95034995405654,0.1379940415931228,0.855327195537952,179.02722531054633,1.041622579164109,0.0015576879340528963
54780,-4.016746839293895,-12.489451798973043,3.6931196488507916,2.091489461744676,395.6010107127634,0.5898729837280685,0.00155787041477505
54781,-2.965562904803477,-6.9934660676395985,3.8362536896836383,4.270311147414562,575.4125243927975,0.3057693514271689,0.0015579549851025773
54782,-6.261098696071011,-11.620149485105015,3.854657367073884,1.35459755199239,297.27714412323195,0.42261140241449624,0.0015579769973277998
54783,-8.702583321396668,-8.15025934207901,3.3347633335888034,2.216311659255987,429.5424400823502,2.167754148272512,0.0015580362718027247
54784,-6.747950159388376,-12.639790469091587,3.5418174294211995,1.2356616515061216,254.83873998163065,0.3039456385849606,0.0015581601227238429
54785,-7.590491403233717,-11.296423474496189,2.4802994848092776,1.1038577552516433,468.3060636816381,0.6252638271917812,0.0015582636033915978
54786,-6.771336868226271,-10.836408769409367,3.9020560136174676,0.9401470524166402,245.2596688682511,0.6794723286929809,0.0015582989313030966
54787,-3.445935374361202,-11.461255193636536,3.8424162519020886,1.7838066915724817,424.1619818495533,0.17889795496809224,0.0015583729005681141
54788,-7.215565672794451,-12.537199973411449,3.0631761950261205,1.703383509383574,399.9214695450034,0.021795637658465594,0.0015583820205732942
54789,-3.4681881037905224,-11.943673659129605,3.752551292682174,1.7823085080595127,422.5661466033695,0.5140928480166798,0.0015584279177548017
54790,-3.9468045389493147,-11.952011146518991,3.7537008264217424,3.709719409827338,544.6520528550182,0.6862185937215948,0.0015586713310532048
54791,-3.497978277745103,-9.65284056314,4.790355070076888,0.7491704617209238,467.6772443462184,0.423300435338958,0.0015589721097351383
54792,-8.966783430682309,-5.274560039996765,4.782206028671771,1.8436038670271229,442.8088153135586,0.12394627919448364,0.0015591912285131402
54793,-5.906440296024549,-12.862460676134486,3.7251577225271606,0.8859535113184294,467.5142406435621,0.4337479916885991,0.0015595448755241904
54794,-2.203929619528722,-12.766666806565032,0.820841156169427,1.2938448639074882,315.93926068390454,0.46801698856775165,0.0015596446281262973
54795,-5.743910985863748,-5.997959862019248,2.5277930663703585,1.8787427728870973,466.7239488673313,0.09430889682689703,0.0015597436531521469
54796,-7.449834504930051,-12.645440541195965,1.3815097135896521,1.6230940780010494,379.73700386475286,0.7141584525997002,0.0015599397372065063
54797,-5.412618153304135,-6.586549103621458,1.7914142016321897,3.332210573765303,327.3796497145566,0.09727184456044302,0.0015599632713665214
54798,-8.892578252199634,-7.679542310679658,0.6815810618425399,1.01404827881687,467.11657034927475,0.6277796726722418,0.0015599867485477281
54799,-9.568974286427979,-6.740673215237468,2.450085686956252,1.4440862908728007,326.2515607050813,0.3142050661726765,0.0015604340803199112
54800,-8.930912459904185,-6.067860502528078,0.5056687875267833,1.042381272331284,271.9134561084048,1.560631937486332,0.0015607562936165
54801,-5.8206847128961705,-5.921629239234356,2.1081375017725175,1.6559729426793777,467.6050337821013,0.6125824148061607,0.0015608067452481506
54802,-3.9985931986913723,-7.367540097210218,0.8458336833726506,3.077491698851268,503.6035764986446,1.1680334391693838,0.0015608344922549914
54803,-8.804487973612666,-8.371590964294082,2.0269695633282945,0.7356590272788323,150.9906607461534,0.434973039377776,0.0015609425383896257
54804,-2.3139876687193217,-10.132392337925648,2.159769253344281,0.8628131698885794,272.7344293887613,0.2071325391089891,0.001560961208897627
54805,-4.535715695098549,-6.742762913615738,4.788153773281469,1.3686038489929226,300.8497996625007,0.39753069171999567,0.0015616180580697513
54806,-5.9999624803026235,-5.369817913106855,2.962136423001167,1.2254920039830073,193.2813169779118,0.30638751975324396,0.001561689686859069
54807,-4.091849293507082,-12.556627313217053,3.6873545194526414,2.3173630942804135,439.8210274949952,2.2396676797097905,0.001561812917730374
54808,-6.04396806212039,-5.23680535092215,2.4525798212512377,0.5700883453853123,178.91798689087605,0.9817850891350757,0.0015622214208772622
54809,-8.84509135446454,-5.846845770340727,5.057916250218184,1.1596651478233402,293.2685558749056,1.5930930168433717,0.0015622378346755723
54810,-3.6732563293119282,-11.810764718421211,3.7713944506277506,1.0228569056554917,267.3381479566051,1.348803963284694,0.0015625333358351614
54811,-3.3981766214009728,-6.87613147250822,2.004651891368972,0.46381734202837044,119.61341861687252,0.5601219184214532,0.0015626292477214703
54812,-6.646794017717218,-10.006298619269678,4.433764216920569,0.9769381212417249,192.03433876526532,0.26320281137676993,0.0015628659611705343
54813,-2.301219692840962,-10.13942340353942,0.6520511358920097,1.4200052719794478,313.489531725779,0.14763795083282627,0.0015629000443448872
54814,-2.8744388885176004,-12.308091955097254,4.242762551317127,1.870466471390744,468.3285277436142,0.11150988847681909,0.0015630022695293647
54815,-7.505460811550833,-11.321968320897819,2.7292096387303544,1.5545097023487289,355.74174219854143,0.1996640858897898,0.0015634730324145993
54816,-5.489407050062127,-6.494943283147139,4.955859753214551,1.7647928285659207,419.4526466252358,0.7266084782491085,0.0015635158664033299
54817,-3.3831699527176786,-7.137275648882934,1.3368423566064547,0.7161778634993278,143.76071887540658,0.3518603936957385,0.001564000601639706
54818,-5.754695286410247,-5.924936565455273,3.4920354972491428,2.6014868505338615,454.28529741844915,0.5719612857405147,0.0015643266481343858
54819,-4.018425537715846,-12.13834766239953,3.727030410451172,0.4604442895830218,134.11638907438618,0.542613609252756,0.0015644193557285335
54820,-2.2940284347929305,-9.021806685782384,1.4284552401929558,1.6190300608681318,468.10384014791856,0.7330491633799721,0.0015645072204755002
54821,-4.370484770566952,-6.757018056248558,2.1751007743222006,1.1126390718216421,253.03927870909214,0.5745320851089284,0.001564727527857824
54822,-3.2564998149483575,-6.661098336274804,3.3339171343717933,1.8042858872481669,428.1400913042895,0.4484522676412954,0.001565313241642527
54823,-9.053575239806863,-7.78163820222065,3.047340657219525,0.9030534040156335,469.45700276999816,0.2083434103942574,0.001565313476535425
54824,-2.940574900366583,-8.327180178492885,0.03399646462059418,1.6038017334154184,370.32716349407536,0.33178079580779407,0.0015653634520851072
54825,-5.215720332910784,-6.988656471315743,1.0301757097348,1.8638531003859926,449.284295663431,0.026592989693734026,0.0015654861060777968
54826,-4.202934845318356,-10.00655604952605,4.5135646332634005,1.5989818667881386,387.14295987532273,0.4999678644225556,0.0015656082137292895
54827,-8.009613452605992,-9.200595736639592,3.3108642450918033,1.7218961418317797,365.00935908949305,0.9215499863399002,0.0015656408639128342
54828,-7.756583350861792,-9.538068749163042,3.485225037946291,1.4079884973486303,142.0394830946617,0.35058259744643916,0.0015665779340019198
54829,-2.512784498513952,-9.60396984926058,4.907039276853463,1.8208801982413723,468.45880733950435,0.2587586036734679,0.001566997243937255
54830,-5.193296681309344,-6.8957949753113486,1.3842207222067495,1.5862501940613776,357.7271114013977,0.8221426703425774,0.001567269911067065
54831,-5.1007225433092565,-6.4178084271142435,3.61158117942778,1.0745355558391712,288.64042012228407,0.9916045502845856,0.001567347759860354
54832,-7.461112223401635,-11.290381207834228,2.850239795971811,0.8988973010034985,181.54889756969783,1.0633040686743973,0.0015674579669271939
54833,-7.548103565745766,-9.505667903276613,3.931588570368232,1.3805653520102474,319.15409245731206,0.9334278200357282,0.0015674874314998413
54834,-5.2413632978134626,-10.041520874763881,4.532255607326224,1.484330224766644,333.7302901534741,0.12098284153737637,0.0015675316375674967
54835,-4.237320174586832,-7.762304815663671,0.3282270268858415,1.8213357228727465,467.7682960582899,0.3010814560580988,0.0015676300998875093
54836,-6.120775563260262,-5.026620075091248,3.1959939832781132,1.8977095277415565,457.6635493737092,0.5737879946203472,0.0015676368674337783
54837,-7.135626474386866,-9.118031857555474,4.912565736889508,1.8774689814294783,467.73600959717,0.0721062150138021,0.001568053918163195
54838,-9.6020914536849,-6.426413985946881,2.413351890563893,1.1034876714021715,468.7012571992879,0.8184632999548755,0.0015680759817501167
54839,-5.274222299754359,-6.386635070544026,4.064124759655134,0.8712743594227615,466.667291256752,0.5209483474555263,0.0015680941130020807
54840,-7.38004291050663,-11.488401323531903,2.96020012100211,0.8632506662776606,188.0310784117747,0.22346406712833033,0.0015681739987143729
54841,-8.925194783985141,-8.105783515245435,2.488880798688278,0.56450678639696,175.71315122359601,0.9175975534400989,0.0015688927105550153
54842,-4.490100333105902,-7.182137965896829,1.030590524129434,0.8167953762706155,238.77581570886187,1.524610269478016,0.0015689198376931418
54843,-6.466565040879956,-6.09748442389262,0.2094124020311506,0.7168312918763463,214.55022333258995,0.7631359077444584,0.0015689367918025308
54844,-5.959474895218669,-6.247945489720162,1.1330675779481103,1.0547414428059043,283.32535028868176,1.1294603188502066,0.001569026398375269
54845,-9.294611216905546,-5.078207477751258,4.087160949637651,0.6951350324469975,193.20760212345843,0.3866216554807407,0.001569323591780994
54846,-3.899202574762124,-6.658153839054647,4.0355002215608895,1.2451596879371676,279.61861627817626,0.10501070512674726,0.0015694558417877512
54847,-5.537675525761633,-11.689096103880917,3.85848311978086,0.7950000648451034,199.00138391546508,1.118333261198754,0.0015700816588807437
54848,-8.328357233237542,-8.780362542230424,3.113852941855218,1.0526714395600663,208.99233330512385,0.5485204742955103,0.0015702045334147704
54849,-6.052524703665895,-5.5596033372738605,1.895679196794851,0.7994511224595627,467.4785260480649,0.06636534620595747,0.0015702108422365696
54850,-4.6808081079556345,-6.63044287664667,4.328313750483311,1.5321716496065854,350.87634226057094,0.5357037582681512,0.0015704388987443781
54851,-6.585579254919719,-12.328348485727126,3.650782978947696,1.2832858485506358,286.0151860741491,0.2552360906312616,0.0015707213003711097
54852,-6.65001392268867,-10.619702727849035,4.061928605973396,0.986264268822633,468.3391322442042,0.5133081447806189,0.001570977763959527
54853,-6.03031192492713,-5.480180415012185,3.6578560283131174,0.9192660308694174,364.2476738975429,0.18097768571680373,0.0015718128396017582
54854,-6.434230604871975,-5.150277045210134,4.932606807034487,1.039315640034935,470.2982356951171,0.19573116946683378,0.001572067592162105
54855,-4.172207418630699,-11.229246645347116,3.9134007876682895,1.0258680742797608,277.0626720677747,1.0459183383223207,0.0015722395519110245
54856,-7.511476467616289,-12.112743512329564,1.2543879743195576,4.645354061458997,601.1658939106884,0.5048901282699534,0.0015725378554596033
54857,-8.748845970136621,-7.055850674649325,4.909431076364183,1.2187116836790448,250.48268569566213,0.5634812854008713,0.0015729739533703953
54858,-9.265705624996574,-7.531517167453546,1.9642630951763544,0.9751232692497559,256.6151324194473,1.2886983972119772,0.0015730193859772612
54859,-6.213315048629469,-5.337965997490169,1.1842856593945195,1.0991820340157599,286.0102466665492,1.2681010254296998,0.0015732130632778098
54860,-5.855018191111701,-6.232297515464481,4.866521905146858,1.1181557170043623,288.45548814732985,1.286955703462783,0.001573294503540721
54861,-4.548593001154346,-6.548933914528551,3.5169078685944255,1.6658927382889634,388.37117101635135,0.4487557473042907,0.0015734502347497959
54862,-5.943329174760522,-6.248481402709304,1.3393215606474307,1.0117252965131247,238.11036560890565,0.07940241998383968,0.001573525845790136
54863,-6.102725811196663,-5.541906783709539,1.7511467637782372,1.0513937496778845,270.6577635113502,0.20039676380605354,0.0015738333669420882
54864,-2.439319029810086,-8.539866981638017,1.917251961313393,1.264300582566275,274.90680894283116,0.9798468638988007,0.0015739061332470353
54865,-9.27432465784194,-6.725662984263648,4.043480735791873,0.9772774563882574,468.9865449011601,0.03282823437932336,0.0015739821709157933
54866,-3.8634029515331996,-6.726447604965947,2.4141402633067863,1.3156792435599673,469.73986558635124,0.08133678098190611,0.0015741947507526546
54867,-5.479196913485055,-6.521094963440159,1.767297427127928,1.7350999303681531,272.02189692190274,0.011394865725780967,0.001574307687790149
54868,-8.439870969717845,-8.481377627050254,3.394460028393741,1.2551644103311737,268.5226534438731,0.5036444922695491,0.0015743400144526392
54869,-8.569457821033724,-8.429089075393332,3.0928060577755794,0.9834775167209847,469.8946452584917,0.06969019956125777,0.0015744750245229385
54870,-5.631213007170301,-6.226319786045755,2.1993546471471825,1.0684599278789362,285.2762519516339,1.1191934972679922,0.0015744754098709342
54871,-5.210407651076501,-6.39391280503383,2.576716355595984,2.0258419110327006,407.9280976421637,2.0178719543861154,0.001574649596448603
54872,-6.343847551079838,-11.344574442861196,3.898841692550446,2.46556239003996,446.1679571515971,0.9130707241655589,0.0015747776432897967
54873,-4.799422395803395,-6.545294267132198,3.8924105159646833,1.375581020288403,313.05567047440184,0.9066109090369237,0.0015747910276290118
54874,-6.654077997867784,-5.149088393226932,0.05880038016348889,0.5139608228834075,114.63059068165055,0.7765615765918898,0.0015748396234825765
54875,-8.872579960559591,-6.3280458215238085,0.4722200438561232,6.786197376998313,617.2342798659168,0.1491862998812179,0.0015753398118663305
54876,-5.65299167597363,-6.038245493118253,2.7318096450973472,1.8571931406082915,205.6085335357639,0.35566821144166916,0.0015755028269643266
54877,-9.502587870767869,-6.940283746585739,3.091173118420145,1.0226565320568022,277.5848460805669,1.1781894863067839,0.001575857095864657
54878,-7.164522357502845,-10.929489945429442,3.5007214496891206,1.8910915121064211,455.840456083872,0.4056143830542771,0.00157632335577159
54879,-4.084166122238222,-12.242729674684865,3.7127759290590805,0.7984049646924802,218.9472074015966,1.2167476830356616,0.0015763380752984058
54880,-5.2669082487994,-10.150115879534486,4.455846620632264,0.5556925394837781,148.0769905634666,0.3563223518832883,0.0015766096235494142
54881,-3.5404660510334187,-10.27892066663043,4.317834242836172,1.0459908111340537,273.2936767739591,0.4352091763666861,0.001576751677247616
54882,-2.52010020390384,-12.462924128907995,5.070932692789431,1.583733855620208,399.1220293633861,0.2710461814272547,0.0015772392757735629
54883,-2.1854929513833676,-10.910500402097288,0.9847720478100328,18.74438818235051,763.5800969606665,0.10296170618799039,0.0015775832669031882
54884,-3.902674959838058,-11.705364338931124,3.7901192304090703,2.5032445892717647,361.31659923017753,0.06891429852891129,0.0015776128447247098
54885,-7.727375013214155,-8.39464040578082,5.05272407770314,1.7492741925150868,414.6570968252327,0.1695000792274639,0.001577623378422381
54886,-3.4411688204305104,-12.112677341451992,3.7210229211544625,1.61817581979715,468.06649959375665,0.7119060816517679,0.001577734275100107
54887,-7.077797762794857,-9.961047929890974,4.154413170451278,1.1020387277547794,246.04404371793294,0.2526063288154443,0.00157786385390762
54888,-8.101976879083265,-9.521592596053331,2.440567883833137,1.7017950850644992,467.3804393941953,0.11863550750938145,0.0015784629334550538
54889,-8.010917365070862,-8.0950197408285,0.27391246665874264,1.0331166749016572,467.95004205937846,0.19849911391769393,0.0015792131879867172
54890,-9.51864334146465,-6.879151236176139,3.104236104801321,1.7902602978473843,425.31641760973923,0.1653094853129522,0.0015798850140356642
54891,-8.742964934817616,-7.987450438549403,3.578150378237025,1.024492283029445,258.20023384325583,0.3987769387546374,0.0015800258265601958
54892,-4.881891920926661,-10.361290640629385,4.306594610081054,1.8167458658239948,448.17153753569517,0.5787968756641249,0.0015800620885921901
54893,-4.087968743799303,-11.305720967542339,3.8915135965027066,0.4937383851939008,124.31180865286233,0.4472068027347138,0.0015801133671433686
54894,-2.170479610436267,-10.335120837261723,1.3811197285395742,1.039426343710864,275.865187202573,1.0240766670246026,0.0015804136297295171
54895,-4.015329053105089,-6.619427760666701,3.5875061636595325,0.8083736311023638,190.20773423972355,0.3974809232019467,0.0015805591167242878
54896,-7.236806870234545,-9.416528246067966,4.47102741251853,0.9353463383367332,192.8253077177697,0.20602515480679973,0.0015809201731287715
54897,-6.745730500655599,-9.814343502824036,4.528902666707594,2.687326937149001,468.40170503149665,1.053417154972843,0.0015810345862953838
54898,-2.8045718810859954,-7.607080988485393,4.914240485609432,0.8346175870845048,467.62982474368584,0.2994217392179239,0.0015815025080153295
54899,-4.1112203635432,-7.489900674600038,0.6819555773162019,2.2656163943594283,433.20205306660466,1.8832025954464529,0.0015815614628904842
54900,-6.159693848661481,-5.241833174115255,3.9281736933154123,1.040833922541018,226.9824196296607,0.306756179311658,0.001581663284256339
54901,-3.604895636480226,-6.764609156952103,4.596301747911864,1.2172871850890656,308.7878450909649,0.600209782128899,0.0015819737640008706
54902,-5.409986174747415,-6.253710832407776,3.573062994023196,1.1187010622414895,467.5272456072105,0.5780801013317269,0.0015822526347778957
54903,-7.776869575628609,-10.815009803352124,1.9343421095990128,1.3487600364632952,321.0765094848145,1.1585957265663458,0.0015823077378840954
54904,-9.566419263265267,-6.616246841796687,2.325839899503884,1.0257953070769645,267.2431357949999,1.4582663809534848,0.0015823092957203873
54905,-7.655032033611766,-11.026716420555536,2.3897687568070327,0.7769170917641375,157.72584501471337,0.9012958769997086,0.0015824565346683418
54906,-9.629853911304874,-6.346945300361165,2.807012268518498,0.9790222200421705,318.3192111437646,0.5020553158595584,0.0015824993887554608
54907,-5.473595297487598,-6.26248818418848,3.8487204296966646,1.7824888683637643,467.96254418912247,0.6832432648819493,0.0015826884493969492
54908,-5.894629235190251,-6.362143151214492,1.0942527513590652,1.0047686110426564,467.13442803897044,0.053527638278812795,0.0015828986545029034
54909,-5.674350995079856,-12.998404937239478,3.709919813311952,1.4647192661253587,468.9511441958156,0.8788140892491292,0.0015829988408385504
54910,-4.045227075255566,-6.676401304269838,4.191736691536904,0.8955962186501104,468.2081439200056,0.4895030144836694,0.0015830626662966566
54911,-7.983588789045486,-9.406982994798536,3.0616831986079833,0.9637043865064405,467.0772092140422,0.5751825005763402,0.0015838543716451016
54912,-5.781016035393748,-7.406281799322954,0.2191564427160027,1.0282423100206712,209.95728597796796,0.26391072426553297,0.0015838897697837142
54913,-2.1423882331132047,-10.651638607905934,1.1759520475437788,1.1104262275311196,232.95210876400404,0.1427951952239379,0.0015839527558447468
54914,-7.542005689676531,-12.541386919040168,2.1646957548357393,0.5336271212496163,160.0119316834247,0.7532809255703654,0.0015840252322659842
54915,-3.1641063042848465,-6.896370573881244,2.011522046894902,1.4771502429308663,343.8142418947059,0.3326112246937081,0.0015844277592420627
54916,-6.4956458921155535,-11.78865104180517,3.7586529192018676,1.1413401933176677,243.7577048311135,0.043006473287584335,0.0015847120683358687
54917,-3.3849155694385207,-6.677990628273696,2.912190705726781,2.1390328766684674,413.9147060545387,0.30480382185591903,0.001584848860913316
54918,-3.901909797113982,-11.92158916929377,3.749275343671824,1.7594713637524255,426.279375834932,0.16014805496033002,0.0015852007066354827
54919,-2.7157254256612546,-10.817821114245096,5.063488165053113,1.0349538456775116,279.72453829533214,1.480468727627569,0.001585264437540585
54920,-5.741600682944093,-9.881609753804845,4.665658206419501,1.8742119520699576,449.7157941607769,0.632694346657602,0.0015852782390599729
54921,-7.158126311513328,-12.377825268197542,3.158290793806152,4.993027028448464,623.599069297564,0.705793276150108,0.0015856811424866599
54922,-9.604326807616491,-6.3592619656429115,3.103682672130271,1.417603294646315,328.0981757218176,1.1941933597261416,0.0015858481231494582
54923,-2.6315336035033585,-8.00318680146967,4.086371624230265,1.0419272318327844,208.38446445562715,0.11483903069298496,0.001586091619910546
54924,-4.445356198559493,-7.062409658884928,1.3952022339286294,1.646927497240319,387.53674422839447,0.651551303740729,0.0015861184012140293
54925,-4.574316005553184,-6.718028644188342,4.756475126925656,0.5581866154482567,125.46893441462517,0.5126583007625181,0.0015867585669707394
54926,-4.349821196568364,-11.671650195072491,3.8078488203077887,1.7371592633935746,468.31060675914676,0.4279747473316453,0.0015870197135676597
54927,-9.556236324709428,-5.810793597351132,3.4045872559749655,1.1849674152623033,387.4172842792702,0.26028755627802624,0.0015873112421040127
54928,-6.2751196341517685,-10.528501275739112,4.217930467759296,0.7691913616626147,160.80176828132318,0.11695812555616314,0.0015874408822330113
54929,-4.276482223089591,-6.597691057291712,3.6476712051296563,0.9479769006541225,190.23291955989447,0.44716360074694705,0.0015875958503829243
54930,-5.121945075515014,-11.718118385777665,3.824414961526032,0.840656076179274,222.46180104690936,1.1587594848757679,0.0015880195828568283
54931,-2.2819156192059236,-11.448969005913986,2.078830230711033,1.522034731712752,468.36767372165355,0.41548708652942334,0.0015883472945601189
54932,-6.261247894880368,-5.600288227720576,0.8760082692995804,1.3124803745474416,300.2836408863482,0.1437517348285633,0.0015887583321071018
54933,-5.905212507525278,-9.676201764516803,4.840448295186175,0.7853122158640847,208.77100111419912,1.0262038847454429,0.001588796194547803
54934,-5.576660383403168,-6.40464997008316,4.775451726767495,0.9701438041283164,230.7496674675162,0.6318393947470735,0.0015902442802013135
54935,-6.554418454019597,-10.821935066628047,4.006193204837534,1.7895803694381491,461.4729995246166,0.040015163684190114,0.0015905139280831973
54936,-7.7413063301158385,-10.855516240756218,2.114272539422748,0.7277241543899634,201.43644647825508,0.6018005335100067,0.001590562919265657
54937,-3.2204174984149745,-12.798568756832015,3.6808963440754976,2.6016468256157466,464.45568383616103,1.473614663642464,0.0015907023481900521
54938,-7.888484545395478,-10.188862842716716,2.2468438487261966,1.7064090784631478,402.9331508429692,0.31202890274540174,0.0015909799504673701
54939,-3.377399198436253,-11.05001605653601,3.9515255603086983,0.9245807805282131,362.00164223474593,0.5885302886469326,0.001591486252474014
54940,-4.129631658852002,-6.945778020758642,1.7437874018545745,1.2208204325073833,304.51387031197174,0.2119462960314733,0.0015915000292998493
54941,-6.599624591983668,-11.499794151719998,3.7756184883149952,1.2044990747705298,285.4566968681864,0.14305204123573922,0.0015920498347042381
54942,-9.465894499865968,-6.946021577865338,2.0732148038655662,1.1462567246342987,297.0700736365263,1.6740100340091395,0.0015922094555524343
54943,-3.81283321539396,-6.658526604753204,2.8982134292876327,1.5978858258647604,367.5353218633112,0.18267879538680543,0.0015923355077770889
54944,-6.480612154799772,-6.306899701846216,0.16733730520770076,1.8841440220931929,469.77097363343216,0.018263297738655204,0.0015926989630442438
54945,-6.441934813420999,-10.570732775086354,4.15797296318073,0.7861526426860862,234.55409756666845,0.8394316358821845,0.0015927608882200127
54946,-8.87327409446832,-7.326188073400266,4.3760994129539315,0.9813024762724298,252.83990602628575,0.6080800404457003,0.001592888856684336
54947,-3.087177802102559,-6.87870751842082,4.183522630654738,0.7261528000681854,172.3644636122075,0.4110688009419112,0.0015930591520519736
54948,-5.172096849145626,-6.68733432875403,5.1247862172134635,2.4153242092945177,447.3727484701269,1.5843675386895049,0.0015930710690221985
54949,-5.945717749808827,-6.633513947108563,0.797465755154815,0.9071477944903826,467.4605443415568,0.878776418710415,0.0015935326867542788
54950,-4.7766235064843965,-6.565397251050163,2.6114049299750506,12.410832865307743,710.5544459156126,0.12840560253301536,0.001593825231212989
54951,-4.569979796100655,-10.299937743753397,4.326594192845065,1.2347934658728734,179.35069221776646,0.07918230466084264,0.0015940744475336373
54952,-9.20595484154629,-5.058768129438462,4.270485371383174,1.0144846850215479,263.69616576116226,0.4253623047957351,0.0015943600810459368
54953,-4.439967965916857,-12.604388520845903,3.678420847030548,1.6437576503787916,384.5309678330611,0.38549749160392555,0.0015943685608092344
54954,-9.62433188497884,-6.4098574933850765,2.709127477943922,1.262241394990108,267.1550815446719,0.5414784408267783,0.001594833419478896
54955,-5.338066013201015,-6.3610038805159625,2.6649129620378367,0.8925280380501214,193.85138874377003,1.1668694496991039,0.0015948763957184878
54956,-8.91919098313105,-6.427794755162726,4.88556547194211,0.7011942226733258,142.69932144764581,0.47820696431549603,0.0015952379080241999
54957,-8.905025409156512,-8.175320370337683,2.238227172918843,1.0176306497089158,202.4864581261967,0.986704566197103,0.0015957441712524459
54958,-7.821935038620799,-10.6271332849256,1.5695194107218384,2.5891895096327318,466.0948336397589,2.2806458740715554,0.0015958301833498992
54959,-6.06344867359371,-7.35315905279898,0.0306908120281794,1.3559357611982545,326.2472113838562,0.5721521777136864,0.0015959706053768933
54960,-5.057206205807353,-11.407078323550023,3.8935703628824228,1.6971925380680444,397.1791449131024,0.16426698610325996,0.0015961575656019218
54961,-8.968441008244444,-7.6555868253105475,3.6289240602060415,1.8688475271459806,456.82688698585355,0.31489757703660626,0.0015961711417943317
54962,-6.38598290355531,-5.100361818942136,4.7497810516366625,1.3239378606645686,309.11573534233196,0.17122429142447437,0.0015962291036271485
54963,-5.396458495956853,-6.34334796585101,4.155792762776525,0.7683835925886032,468.18956042433626,0.3235712278364362,0.001596246618835474
54964,-4.188766621147667,-6.606363576631341,3.2525089655002346,4.031493974213301,391.8909665975436,0.04092208756782778,0.001596715149421445
54965,-7.621415744903431,-11.795033849795862,1.96501941053653,1.008519050409531,135.49030186175438,0.3354995163993051,0.0015968185634601584
54966,-4.805881525403119,-10.853537331387546,4.05916249947859,1.1374925587075755,291.68907729241425,1.2794288029721708,0.0015971378214918465
54967,-5.020284854943866,-9.513628556353531,4.954390503455171,1.803428439088047,469.41406012367156,0.0756840019638565,0.0015971524119905256
54968,-3.427894547884696,-6.7306023597372056,2.5299943927639137,1.9468514445243634,399.17662306855885,1.8687908249258616,0.0015976109540596134
54969,-4.313502821850782,-9.76961097428254,4.6974599991297445,3.0348038352041256,503.0766116386016,1.7387683724525216,0.0015976858048207978
54970,-6.144170042003854,-6.677333711589409,0.44359584720710105,1.1773566476138833,268.3206270574143,0.650879986144691,0.0015978042075755626
54971,-5.904922389485116,-5.81588088936497,2.145960000019041,0.9410846883495365,257.5976673623313,1.0228484420386206,0.0015980128543870919
54972,-2.5289942967373022,-7.967844503514678,1.244414154985277,1.8105041590857895,467.49264502321887,0.47036931657228553,0.001598082108044641
54973,-7.166800488722171,-10.337109174324322,3.790074078029023,1.1436900982302518,249.20729538513282,0.6048957140008548,0.0015980826362105352
54974,-4.445777315179305,-11.500578071992177,3.845786108473436,1.785232605287926,422.64658603187974,0.5855733125659013,0.0015981371410008975
54975,-6.4845478058902275,-6.280898418519151,0.14635046178778768,1.3757235465389892,299.91710305368696,0.20062365167284124,0.0015983580540110509
54976,-3.1529081453370544,-10.34598223512559,4.368879357561734,1.0815165022213507,289.20977552236667,0.5584649949210609,0.0015987666508380327
54977,-2.3441455861004634,-8.743031559872053,1.2046826793212453,1.5211111044365047,371.0091038020088,0.3858379710446451,0.0015997626810049814
54978,-5.610048720436877,-12.92208424697401,3.705281474535203,0.5656974120790728,173.08150610249137,0.16259365761061595,0.0016002844082558957
54979,-7.917192978274656,-10.543395495526486,0.5865409694351618,1.8889110351645118,454.6830619044325,0.36633956033033943,0.0016005138145295168
54980,-9.637544313940694,-5.051526604423031,2.7294172233143175,0.946710742560017,469.8943508996637,0.16454755785540964,0.0016005620217559389
54981,-4.020898778291376,-6.75407880226149,2.3521957000209586,1.7663869363647493,377.05885185226543,1.8311734809016817,0.0016009167409011737
54982,-2.6075443810867203,-8.153471245154662,4.167055289816921,1.075759113364844,288.14454452532124,0.6779642552337988,0.0016011772748187132
54983,-4.099598439483295,-7.494782540688077,0.6837124886427441,0.8287576656202351,226.65256890409418,0.913018027285907,0.0016012171182370337
54984,-5.918809083383254,-12.212459060848678,3.7715642308556028,1.1198849744821704,330.8359475529785,0.8330586849769084,0.0016015944732716769
54985,-2.149372949077593,-12.820146019138308,1.3833519648958992,6.073612821623029,534.549882187195,0.055922369062500366,0.001601615185346373
54986,-9.628148389330697,-5.027639196716167,2.528825991139773,0.918410940622486,253.39041957913918,1.2840372875421435,0.001602141560685888
54987,-2.6022180566771045,-7.8612147930056535,2.929987892341437,2.083637445629884,414.4231514714581,2.027942375753498,0.0016021571157663237
54988,-9.377060397175239,-5.5893542343657625,3.9181841072059016,2.5593495572544733,463.759263289141,2.489783687043408,0.0016026909244937532
54989,-7.666514952156961,-11.755638133013823,1.0451633819281525,1.4701747131683391,332.586863038117,0.09046157015364376,0.0016030964708673011
54990,-7.084773747320483,-12.702282936491494,3.216400855444218,2.5888107297781064,459.27263763314824,1.0460047432370212,0.001603112974695043
54991,-6.066405805196423,-6.047766225147152,4.983812790779613,1.7689454475595103,469.2747353828283,0.6294926370371119,0.0016031666711110856
54992,-9.05030538071713,-7.511105688814666,3.67224300880854,1.264682555907734,268.30135377920465,0.7413175197975947,0.001603791265417375
54993,-7.908239403967625,-9.367930427341673,3.322686062554276,1.855307781136934,469.4921552359786,0.008206969852934343,0.00160389429562529
54994,-7.569063997104374,-12.47121149220453,1.9517910855251699,1.9045729054795044,459.4993273161325,0.6237209335340692,0.0016042106411416413
54995,-8.847033425230402,-7.069901011952716,4.697607229995902,1.3738323514507826,309.21097519851384,0.13488429706837657,0.0016044230109167562
54996,-3.1462558593844703,-6.760714649697665,3.3941611163099084,1.1852836614306133,468.3723855053418,0.5260122246387757,0.0016051330389037716
54997,-2.20875784159979,-12.22853112482295,0.7713023575568103,0.914852462311343,467.7952286220301,0.47444556013762273,0.001605704043628797
54998,-7.5590138701401655,-12.448206148184925,2.0551213252707465,0.874274465775224,468.1780876635874,0.3928784672901804,0.0016061224754131767
54999,-3.948465055559839,-8.056898614984295,0.05732992153827896,1.0339373403061134,468.7124069002826,0.24534854839065812,0.0016061526517192628
55000,-2.2249341214701603,-12.779721750491538,1.6751583981568057,1.8297214126075567,443.06876590447735,0.3713735757968193,0.0016062884965565448
55001,-5.8471918912106915,-11.111414576843078,4.002668293013081,1.005240338449097,260.770390715256,0.9154174436307683,0.0016066030571297142
55002,-6.219231675018928,-6.922008953707915,0.23098641484488514,1.808204400911785,469.3665749535848,0.1811889692331583,0.0016066803679116316
55003,-7.600766195995293,-9.036941682267194,0.20664503231649992,1.8754957530695266,468.32910019612655,0.6241790448584661,0.0016070041948156612
55004,-7.618234602321811,-11.364211047157024,2.29697407111665,0.7504854731605509,467.520744316112,0.2774416410855025,0.00160742090930825
55005,-3.939264255583174,-9.906961489084264,4.575632878528687,0.9392315883814806,189.37800174663536,0.6087338200543089,0.0016075392327049214
55006,-3.1264582847589297,-6.781783817774127,3.237975613535242,1.0507696705930643,468.71568103727304,0.24621274483885802,0.0016075865938932946
55007,-3.1576580133381684,-12.550887222503352,3.7441490655751077,1.7730816288507802,421.4304343022399,0.296476164673976,0.0016076084138627413
55008,-2.5798462823201955,-7.8276023112992945,1.4074301194545142,0.9437735844190529,189.53301478717395,1.0151986088565632,0.0016086421054144703
55009,-7.635229785115164,-11.261429172999684,2.2863984762972143,1.3905613859142392,311.55624984527856,0.6337625529193502,0.001608666342472079
55010,-4.143604679710837,-6.90054160069763,1.8747551520968615,1.8116744882667455,383.0968849369087,0.6038148118493876,0.0016086866399468715
55011,-3.6162195187265542,-6.66265703454443,3.0259893708491967,2.757595630722863,464.7829646669192,0.5603896068354937,0.0016087287929056266
55012,-4.765682711946976,-10.072058510397657,4.478009982773883,1.2162141139156508,283.31486491804776,0.4323248724978299,0.0016088875914254154
55013,-4.7061021281541375,-6.603977134038001,4.278299740012766,1.1147109928667769,234.7952854032081,0.9134368573105167,0.0016091160250009979
55014,-4.590226370440609,-11.440085409387889,3.855878627355655,1.0754630902745086,279.36512136205016,1.8322889878609363,0.0016091802605003843
55015,-7.414252599580978,-12.980313016891047,1.3462545821130936,1.0389901513604591,280.7948214698011,1.5914435107177125,0.0016095685801946805
55016,-6.071165887636029,-9.515796223608284,4.977054620660548,1.8575541369047393,388.37505128151344,1.975717457013661,0.0016096318102774491
55017,-5.1864667016309545,-11.519987357437602,3.8650985005446747,0.9471362185812957,237.70902331834293,1.0048034805704615,0.0016099360246327864
55018,-7.155309620940907,-11.224306467415973,3.3949113689644745,1.423313724946959,210.39316418090576,0.017037251367328032,0.0016101543561053645
55019,-9.63043136891388,-5.127060430751194,2.8538547468077433,0.8984471015819979,468.0608018168027,0.38987091186583545,0.0016106280036780815
55020,-3.3117385361069367,-6.699406307638555,4.072570957511527,1.5141454248442252,342.3770986970378,1.5430069778259394,0.0016107992156679646
55021,-6.237383860073365,-5.433555469381081,1.3630891634873408,1.5398359215631066,343.08487116145136,0.49824297879864066,0.0016110960601735738
55022,-6.516599170198723,-10.058263359678943,4.4364106638517296,1.675098922362059,365.8660629677915,1.9140551385639926,0.0016112369310478287
55023,-4.971198555203041,-6.52968656477155,4.215569772284522,1.462832517494146,152.5813733404314,0.39464939687034306,0.0016113661797249113
55024,-3.516567811915956,-12.597774974574603,3.655975016600423,1.8559526888360416,450.2305844654539,0.17849885899227846,0.0016115892146484376
55025,-3.9025500139689715,-7.968203322625471,0.13969713961651056,1.2593097450297384,311.04637985680546,0.27125358317999915,0.0016119327387622705
55026,-6.523676447744657,-9.95678581324875,4.508843367929842,1.466711569926658,330.9271940457226,0.9896571476815792,0.001612045846288042
55027,-9.066152603875068,-5.571575500932299,0.6540455814457405,1.4176976241738173,320.03909472934413,0.3884780454914578,0.001612072730255147
55028,-9.452806158774344,-5.467873815547632,3.7051685109637464,1.1286364680292111,192.99091021833024,0.06885026091759006,0.001612543244852957
55029,-4.237095686140786,-10.158087271695575,4.401334937838861,1.8816434273601566,467.51907633967926,0.037611383872287796,0.0016126116403221082
55030,-2.2627982090229315,-10.356255989688918,0.7898851371130288,0.8272207166588672,239.35507866709278,0.48434041477237333,0.0016126577184862856
55031,-5.223497471706304,-10.05546841465334,4.505449455137376,1.743457180808961,467.23546775679455,0.42205885946853616,0.00161317059287519
55032,-5.692394168307104,-6.266372173312603,4.568730946167709,1.8477381176704561,385.73947542406574,0.9703479934137205,0.0016136985136342291
55033,-9.202579815886358,-7.583754966608788,2.9280451843369986,0.5943554460217244,141.64630715902018,0.9496186675094291,0.001613897821971346
55034,-8.74608790611349,-8.017192560238108,0.6294872744814545,1.5786094257999135,347.65446948813104,0.752027752333853,0.0016139821336703046
55035,-6.140757428320952,-6.491139841695981,0.597875369332211,1.898510822336,469.68509630179244,0.15799005627515328,0.0016148209119118294
55036,-4.713825856086445,-6.5245775861724296,3.411676538978953,4.385233746949584,584.0261909026823,0.38433986639150497,0.0016150765565390915
55037,-3.9442674674333054,-7.526056344854769,0.6271534513294784,1.4233727093742772,468.01748850682617,0.6310505599846428,0.001615090016596167
55038,-6.655267883900679,-10.45985798413767,4.1293638664416585,1.9666958244162869,240.38621360094652,0.11576851886001904,0.0016155784951404864
55039,-3.0914740292063483,-7.615727439588616,0.6275846294989598,0.9014056060370433,221.85208591897396,0.6326315177563293,0.0016156955591941
55040,-5.984406282658197,-5.542008869817863,2.4919855548119236,1.8401840564342316,439.9037241967025,0.045985870863778366,0.001616013240318435
55041,-5.531192538370279,-6.5136551955497755,1.7314153866948347,1.2515352738065497,253.81252874839086,0.030734085806198408,0.001616046393820321
55042,-3.4659859642742754,-7.394306000565974,0.8485329923360351,1.741864316876409,411.8929959841557,0.32953271640824244,0.001616057811241902
55043,-4.808254153814699,-10.606806776329297,4.160759093538505,2.469268028937989,454.61814710184404,2.170106222852082,0.0016160995579977229
55044,-7.739648204361983,-10.879153104658371,1.2806713472859976,1.6876003745439414,403.21538798861474,0.46189028182986913,0.0016161470445264865
55045,-2.858414143881628,-11.552602818274039,4.412049165839681,1.2823339574899464,468.25050048727877,0.5547340622126296,0.0016164854659521234
55046,-4.623315856302748,-6.583317030586914,2.7553183021704157,0.9374171883231674,244.40723598523044,0.7309221926734555,0.0016168910509346227
55047,-9.220001153521508,-7.3665215835201145,3.4229117090700574,0.7252026284501671,467.73765230435714,0.3117099664523506,0.001617277770544459
55048,-4.566888830621548,-12.44408014631879,3.6897419281098385,1.2240272527440115,274.470474868813,0.03680383548549848,0.001617414342046212
55049,-3.7057342485768814,-12.34452303203888,3.6838822123492303,0.8341483267255915,469.32301666603365,0.01845470011036099,0.001618447604020929
55050,-3.505900224344952,-6.7714854458924,2.340544237562555,4.4391653227363665,593.3227514535565,0.7409865892637058,0.0016187069984074365
55051,-8.692711559938498,-7.741355464228154,4.159412603385165,0.7889952054203595,170.45814018639865,0.7001555026840256,0.001618844220614576
55052,-6.112513988006772,-5.4750264366128265,3.9874373173887863,1.521898843105572,344.6988392473956,0.35841397543072073,0.0016194638612120965
55053,-4.6574226439528355,-6.6926170546974175,2.218341112865436,1.0626570950017311,279.16657990688435,0.5391083141042028,0.0016196830228721497
55054,-9.022595355799877,-6.403771092029684,4.679790425719935,2.226864294893191,225.1239072296752,0.3881303355580039,0.0016197671315446478
55055,-9.004752640315608,-5.746925374531447,4.724095873039696,1.7761621594865435,421.4966700259937,0.13401145426940975,0.0016198449261637618
55056,-4.251092215745547,-11.297477938257082,3.8849079935348976,1.8587724211374144,444.2177753612686,0.5611566703225339,0.0016200058592021212
55057,-5.921956836739766,-6.607420524960432,0.8835443980435509,1.729884999048946,363.91739018883914,0.9928425230585427,0.0016200921405356689
55058,-7.058254516215026,-10.904105294679926,3.6207735858870485,0.8629672521764017,234.60868662366246,0.5180716940662755,0.001620679715483556
55059,-7.917877420222441,-9.838381070458516,2.6315309489141585,7.582592015874804,380.73668022461067,0.22261326985284224,0.0016209790589732846
55060,-7.586445312546283,-10.5361085000344,2.9314681439800645,1.708862354343817,400.6328866946988,0.4157678363341306,0.0016211096074636457
55061,-3.9021850332323105,-10.905747550835013,4.005731610530177,1.774068443330375,421.8641476518411,0.43980668697094316,0.0016213644871330183
55062,-9.533315222228046,-6.1192405778836765,3.4589825974478927,1.2584722029177082,290.39280979578336,0.13125941639955752,0.0016213839732323065
55063,-2.2948451011520383,-10.792059288264074,2.0890220375786734,1.7404769184810471,306.56684206686424,0.07650489444801689,0.0016223661565578078
55064,-9.562662889430516,-6.705972789438357,2.433183979077328,1.0911082134963244,468.00743218439953,0.8289762402322127,0.001622439083657982
55065,-5.471357834196238,-6.802792151423269,1.2557414705830832,1.0202622204646452,268.58806077211045,0.31140718755705965,0.0016225234354687544
55066,-6.0977176633568355,-6.042576095314691,1.044228244177476,1.099909517167169,291.62556307378077,0.8806957909260555,0.001622726894936493
55067,-5.429935392633272,-6.351750516909577,4.198965942252491,1.2142771935454209,466.94911458729734,0.2452679720245099,0.0016234766557617674
55068,-8.691749745451657,-8.581782508540822,1.8351238945428185,3.8247005985542497,555.8256201918233,0.8543465610652659,0.0016242966987059955
55069,-7.626001839490572,-8.50273936318793,5.048546468951266,2.138323500075712,412.4349448430641,1.0337643282623308,0.0016243954021296966
55070,-5.578176682382498,-9.340911288010878,5.146849691925505,1.0594965205882427,209.67226940394505,0.7188318573344281,0.001624560654416278
55071,-6.1292189976629,-5.0540839483856494,2.2198146559154996,2.103818507257892,286.46656903703405,0.041426739653338096,0.0016245972767857308
55072,-6.51677491769643,-6.138141392598344,0.132737805224348,1.5853508887402479,371.2192548389787,0.4024219174141823,0.0016247956488966411
55073,-6.573339249029858,-5.75824971041582,0.13583568682009187,0.9895977103414667,260.01830847793883,1.0001935886505509,0.001625221237461808
55074,-4.903104656597689,-6.916415294326658,1.5164436225433096,1.2761010760259528,233.54941904933776,0.03710198599531367,0.0016254879988756115
55075,-2.352061826877753,-11.629955524961053,0.4115273303782497,1.5275763199605474,361.39595118467906,0.5144631671210407,0.0016255083307960823
55076,-6.53833048573831,-9.230665446840359,5.170965348787816,0.8681963167357616,207.06421905112572,0.07583230481972603,0.0016257432592174307
55077,-9.396413548113081,-6.853275458420444,3.599075907214519,0.8442675105912795,466.7510923379105,0.08990843365737167,0.0016261547354972732
55078,-5.540320222910873,-6.236065870454576,2.4979806646034204,0.9909281163552343,256.5143259842949,1.2527231515451778,0.0016270092684547769
55079,-3.95677136390767,-7.350461595059961,0.8732332779700407,3.400752546274506,493.12986571145234,0.21391396273311614,0.0016276621892984088
55080,-2.8224397327116186,-12.369000777987857,4.370852144608245,1.6526614853904504,384.79147314082724,0.4612469346554029,0.0016277909401442936
55081,-2.6198298373158035,-7.9765506186672095,0.6323429469857597,1.1981653907785865,290.44850698811143,0.3928631348204483,0.001628063645020591
55082,-9.414037261115103,-6.588802955620955,3.7236948903049174,1.0785366683334268,228.9978185176339,0.8732424362884474,0.0016283941684883897
55083,-7.173741822379965,-9.581875586499832,4.36774572720495,1.1022596430523894,290.7328352918351,1.4304379988429696,0.001628562110882004
55084,-3.3385243109410823,-7.420833843708358,0.8046240368631932,1.2091969102755185,467.4652770010687,0.20543423732301758,0.0016287409859754558
55085,-7.674423757521691,-10.377369913587227,2.815276621332226,1.1005715169338846,262.4485238822032,0.9515997159172844,0.0016292121644012427
55086,-9.29554670047657,-6.580653898025849,4.038892414207042,1.2208567981337106,269.6102547776577,0.9539654417713388,0.0016295493478243144
55087,-4.96247120872297,-12.838097367421152,3.671841593869287,1.055510498624988,275.69074450381834,1.3543837804372751,0.0016296812160033283
55088,-2.866270775767071,-10.66481799792001,4.706792246636754,0.6515666884270483,203.6207494832872,0.7957151671442597,0.001630155675894773
55089,-2.8006441552944663,-12.772718516445469,4.397603709692158,1.8847829631790574,454.5303712306764,0.3215425285439002,0.0016302251019540473
55090,-5.810527241021464,-6.013915828559021,4.062553980114503,0.7787296506529784,232.61985062146118,0.3887465064374158,0.0016305315810800957
55091,-7.230395126531142,-11.508605043846348,3.1981807410584766,0.9663139884888732,249.67204851711062,1.2858085120909086,0.0016306523805266504
55092,-5.289052608635016,-11.053739400062948,3.99577994608955,2.5147282485263998,442.767077950724,0.6312274394735509,0.0016306744367358581
55093,-3.761164276866678,-9.737639534448862,4.7018928566356095,3.440479097485463,529.9732797101359,0.9862864120947101,0.0016308273138165384
55094,-8.936566431886284,-7.394344804431908,4.135449625398738,0.9053586123381268,183.76464070160574,0.018948839557272557,0.001630945526869783
55095,-6.2321151015717575,-12.081326529600023,3.7586901463400326,0.7520209611098079,467.70846258029275,0.5027972036401387,0.0016317116176660736
55096,-9.394532886607202,-7.123068203742237,1.9516256943779962,1.074483572242927,233.02415614157215,0.46413813757911004,0.001631899836722804
55097,-9.370582214576752,-7.28030647742763,2.9575374070300606,0.6448238105612625,175.46490813141534,0.7323238258887699,0.0016325024303449245
55098,-7.687452523693109,-9.401732520982177,3.7720949097464698,1.3921906128164985,467.4894510333176,0.5164213979367149,0.0016327178823081552
55099,-6.40175655214999,-11.128625787792593,3.9320458389911854,2.0957349936063268,409.0440927205924,1.1045619221396787,0.0016327437779870696
55100,-4.519216462161337,-6.883115050294892,1.8025410211489485,2.828023320906835,483.614370374012,1.343541227122258,0.0016327444591431191
55101,-6.240276091468164,-12.057124774677318,3.7605957332051534,1.3801922445972057,333.2362661202078,0.33590741463315954,0.0016329783516179687
55102,-8.125536776920866,-9.375214347519783,2.602436781373999,1.1026704155502502,467.60378899294716,0.5651766060297989,0.0016330947983768712
55103,-9.50088031459521,-7.004676425019689,2.8375172837493787,1.7057214841287507,464.873967114853,0.5627691336543394,0.0016335833817245197
55104,-5.450655142298994,-6.257290473300549,3.5711407077231034,0.964536807463388,189.39479176188775,0.563724383043418,0.0016338099499872906
55105,-9.09310078996407,-7.563650753524434,1.315637394087959,0.8122493296008094,204.60550022461746,0.5111475285720708,0.0016340897297099548
55106,-5.564746638967608,-6.225311307267283,3.885982941417664,1.1248166959403432,303.76306385061895,0.7227617664012778,0.0016342261126012004
55107,-5.641583527212442,-6.180867819174449,2.344168760174143,0.663931939551312,467.56913803989323,0.4196171832925053,0.001634390895671077
55108,-6.226733757327477,-5.213541005269875,4.2216864756812145,0.99002675300953,467.47495147101114,0.07448918286232153,0.001634582097184192
55109,-3.3709676726524425,-9.450081746594938,4.958981625905011,1.8428770017046718,467.03255172868785,0.19809940384714064,0.0016349105866026539
55110,-2.732639708254575,-7.50362000474771,3.4187084327001918,1.0091533931561727,467.3511375369659,0.43264377119242337,0.001634934703470876
55111,-5.370280646516689,-7.40322585657213,0.47194402553267756,2.836756512137664,482.47806244256964,1.1229413516565332,0.0016356303993937628
55112,-6.137411394452921,-5.094554143663806,3.602164881630796,1.2817497593779221,277.0426892744186,0.47783440078398254,0.001636519227328122
55113,-8.40938995157063,-7.614760649143664,4.920459754480822,2.255813294442675,433.3276229493442,2.152664384327287,0.0016375116468023273
55114,-3.88443024380536,-10.484326464855572,4.1888917813160935,1.241174531612895,437.30735513369365,0.24650179598651878,0.0016376207000023233
55115,-2.1624890690948453,-10.36142859077527,1.1813690311017833,2.7634427968840485,239.9618940068428,0.24301466670198035,0.0016377078159658417
55116,-5.714743293017824,-5.963119149305346,2.9373232995912844,1.0648526515458767,160.58056832398518,0.2108215721859592,0.0016377338909016141
55117,-4.733694394492876,-8.040038300291673,0.014204548397048005,2.8134209808730395,192.11816730099736,0.35043145775633366,0.0016381897748971382
55118,-8.385074217989917,-8.094580148351255,4.244096882904434,1.4839600061083862,339.4414957026295,0.127818082296991,0.0016386737242552677
55119,-3.2647026879539034,-7.511962818119682,0.7095204555649257,1.4394953041203304,428.1056467054349,0.5921030700697649,0.0016390034038399732
55120,-5.669531189000267,-10.758190567958671,4.123583899980245,0.9607539283519307,324.2351172786489,0.3943262636182583,0.0016394112099549318
55121,-3.320153047255342,-9.54167692468044,4.8684755623728835,1.1817852554971449,305.1307827779926,0.3297054409161424,0.0016396973650664804
55122,-3.0521214331688853,-12.769570062902034,3.826275235723763,0.9779921688597477,204.10468750602186,0.1649493593020921,0.001639840365195755
55123,-4.76003278824064,-9.342489589861053,5.099297338062366,1.8539066499586165,445.35070238650655,0.39355593782255394,0.001639852187938052
55124,-7.092278375290898,-10.83221244482289,3.6080994159770894,0.8793929461721228,469.1721048841196,0.0009815164543285348,0.001640154342711254
55125,-4.1169545200400535,-12.276015400062773,3.6936467831762254,1.543022882639172,356.12160302587915,0.21205285219893621,0.0016405648427702043
55126,-8.92982343524933,-8.124728519777054,2.2705052302680935,1.8663063398785427,467.44388762155216,0.4306091846949167,0.0016406381676798711
55127,-7.5531768231483625,-9.493676283511384,0.24289509128000936,0.7218609565683046,467.9115328440726,0.5036288558617121,0.001640667343160582
55128,-3.974673973687035,-11.473112396155804,3.821881337007188,0.589219278773137,159.33423245022234,0.8685958598504859,0.0016412501696226685
55129,-2.1616517875698253,-10.79251740276557,1.2922475983518171,1.7326198079404513,409.3930650123685,0.30738891103923827,0.00164158716793121
55130,-6.212736775834788,-5.012364969943542,1.885865363516047,1.861109165359417,467.7427433487893,0.20554458046775803,0.001641623724954305
55131,-5.401566405262148,-10.232649121633045,4.39144119785748,1.0189847349189982,389.6410636047791,0.19751871666434173,0.0016417198901788677
55132,-6.116283716989029,-9.506442691780297,4.973808672783867,0.9801469574427033,259.353999650305,0.9523212862540857,0.0016419158166924104
55133,-4.572669827947427,-6.602899883588638,3.98268557024648,1.106312245163427,467.8144399488652,0.5563620680411363,0.0016420575921925163
55134,-5.981210285876728,-6.534361964816286,0.880415188651508,0.7360680746596444,157.02522614073376,0.22291735360301157,0.0016424337465875528
55135,-7.651783824946379,-10.691651403942213,2.6196364097217217,1.1044253469578746,279.3592749897209,1.297934644147655,0.00164283216158531
55136,-7.520852371535524,-12.487454824248527,2.250222751363569,0.8379060378961496,458.7516297114922,0.4238409268545027,0.0016432312591258295
55137,-6.251005523813713,-6.865558682890388,0.2165373345157753,1.5459873500012118,351.4706250842712,0.11657729965448471,0.0016437502483928011
55138,-5.937019549022631,-11.196223231946856,3.9642116617185885,1.1178876682947267,241.27460736337582,0.05043465495057564,0.0016443600702069684
55139,-4.729262713580068,-6.912996711353983,1.6360870386657376,1.482402392319522,322.3262066259841,0.6792633158787531,0.0016444907605043125
55140,-2.425013615861154,-10.354458103737741,3.941495263180159,0.9983925744547284,273.5424546357709,1.6840610950013248,0.0016445039568184889
55141,-3.959099647040876,-11.185229297136987,3.9034970068279247,1.1788760599671089,300.2793514542835,0.25324658485825413,0.001644729484555257
55142,-4.015902249075285,-12.749088950817978,3.6454305012402917,1.1829172038055693,247.92151156187455,0.46025299032238554,0.0016447701359115034
55143,-9.224863695227027,-7.383899793480118,1.657223291499589,1.218199137684597,308.44360304005943,0.47491424555468065,0.0016452571438777563
55144,-6.633810115606319,-12.302033410030326,3.6095632258976567,1.7569076432329722,415.5816044834867,0.021652303759419844,0.0016460549819576904
55145,-3.0652488414348964,-10.339316883178295,4.45790671835828,1.702181600534585,468.2355536297287,0.3075679702922427,0.0016468784584678206
55146,-7.168557691742572,-12.62153821712607,3.096539727658002,0.7846776283102945,210.98482138830872,0.8040102988137461,0.0016470140589038417
55147,-9.635538600710674,-5.456521184911821,2.705119701236572,1.1254960328579724,291.03256258653,1.1371999526392917,0.0016470160505678085
55148,-6.375362338758992,-5.477697675991535,4.975972938483816,0.8059595258505571,145.36515946494603,0.12955409988980104,0.0016479188555167618
55149,-7.519647490926407,-10.024440814558428,3.461951935139418,1.1788824131203481,301.4374179794294,0.24211077504065415,0.0016483031189888978
55150,-3.6190685070475705,-8.157681834655577,0.004619365553443054,1.9020640751172941,157.1870292470798,0.36463978866520286,0.0016486397626863175
55151,-5.958109528736083,-11.217396100792865,3.9538976839449362,0.8150121287583797,232.62743520824358,0.4532648241147532,0.0016489377209463543
55152,-6.208298256482836,-5.724770667225004,1.2332945536354711,0.8652622847566838,204.99699863504364,0.7881628147866531,0.0016492079123065686
55153,-7.724058970067053,-10.774530458567401,2.263322678629911,1.3398280636919702,468.1706865483107,0.5514991726488994,0.0016495438405481823
55154,-5.7488126971564535,-6.301765294895493,4.769015903094794,1.294153329082471,313.01484875476865,0.4528171970823047,0.001650296080020864
55155,-5.639974504547909,-6.90294421580053,0.8634105297218905,1.6994812674488362,400.27258909488233,0.3061584714060279,0.0016504800663299617
55156,-6.0680304383531105,-5.3288534683002124,2.1613862057054654,1.499043869662984,332.59319415184274,1.031810262729782,0.0016506101631959327
55157,-8.468930020454858,-8.127960873264637,3.9928507964704036,1.1137957885331926,468.24365054114486,0.2156796445201996,0.0016508432330767477
55158,-5.507689159915582,-11.35555364617618,3.9082276295486897,0.9714265850212523,270.49604307899324,1.747471980189352,0.0016509020966984519
55159,-3.480518769523698,-7.258286406600984,1.052735982477176,0.8018439139137874,468.90334259192406,0.18824460797638043,0.0016513193001226661
55160,-6.463141815549598,-12.286350798091611,0.047016931358471216,1.5570886945088074,352.5026349713368,0.7163978585618116,0.0016514785148349451
55161,-7.988215080662968,-10.42574749660247,0.7187264163093663,1.8237661918271193,437.19329994211404,0.7426045503600358,0.0016519671133005363
55162,-7.735237405008594,-8.745574241587052,4.532785392699068,2.546652793378876,461.32138923594164,1.9982002129166574,0.0016525934558327278
55163,-5.216485532601881,-10.809303149463386,4.081584534851789,1.1004719167763242,284.369601354618,1.2487557013145443,0.0016528721289279674
55164,-7.962278087526207,-9.445740447701134,3.042867528877685,1.357760788431929,468.4623586071123,0.6548005284635261,0.0016533417032984121
55165,-3.659657532384215,-10.434996428480282,4.208855715585403,1.557386285318134,354.5452999777312,0.773126948929348,0.001653366419788953
55166,-8.838805899434044,-8.218058182085427,2.489928664951063,0.6499717609333439,174.54138027907345,0.5211237817893073,0.0016534131916963405
55167,-6.246732891452652,-12.286891290205075,3.722428189034768,2.67486968283891,452.9636587204991,0.531571068563303,0.0016538640430533887
55168,-6.164101145437508,-5.4094731930640245,4.170189229842881,0.9568547368984297,240.75598235364046,1.1482196888910998,0.0016539487101875595
55169,-6.915086277016355,-11.527691967985788,3.553145127713615,0.8936163713049954,467.5193983295729,0.5529669791824494,0.0016542276882739527
55170,-8.763813509342203,-6.473912074924588,5.150326065775441,4.0059550708458485,209.17485492039359,0.3781077712972376,0.0016543928284086084
55171,-7.6609441856608615,-11.145956556438477,2.2295538675548343,3.3548215392067986,522.9096443959966,0.9432146182536725,0.0016544658725522953
55172,-6.643141390162077,-5.002853007235859,0.14369675089213477,2.2795293212793304,433.92047268141744,1.6166716787943658,0.001654889265532664
55173,-6.904818039011806,-9.041598716950965,5.178442771370906,3.1150695793440963,508.7705630734557,1.5432063934760114,0.001654946024368789
55174,-5.510417605633059,-11.248379842311358,3.9371625511855135,0.928012217961416,467.2851832303112,0.5875809878699902,0.0016549884995584962
55175,-7.341588406145134,-11.80629290664908,2.919527411183578,0.9667212895506276,467.0098995373431,0.6780412604871318,0.0016551034486578776
55176,-4.469666165674734,-11.560455554837052,3.8138839887337324,1.1246121452440005,291.1509370613548,1.134676011251659,0.0016555186069511555
55177,-6.079358318530442,-5.255585814711697,2.529137602926205,4.65741262254331,607.0026217219385,0.8183986138913069,0.001655765462526017
55178,-5.350180282670565,-12.820238970008912,3.68633813685091,1.1183620691284721,243.03790715966085,0.3835185128178731,0.0016557676231265897
55179,-9.399038101114881,-6.528632550556127,1.7758663370275884,2.6345523762593035,469.9771027152338,2.1936522975687778,0.0016558563595330145
55180,-5.793621392693813,-6.705498165411346,0.9410619485520134,1.5413095682317561,349.5012649506781,0.06722530335940569,0.0016558576028037897
55181,-5.49879325535703,-6.189639102830706,2.990216462035924,2.3575819292832394,444.17409236897254,2.3378339985488674,0.0016558845128635613
55182,-5.79146916154965,-7.516539419671417,0.16814373314819736,0.9410093073235578,189.37023477954367,0.06306561795512611,0.0016558900526924796
55183,-4.639111577853888,-6.554501181037954,3.5232980526976587,0.8769070810160356,194.49589577176684,0.39762785080747687,0.0016559497252017594
55184,-5.221385277660593,-7.572214740982017,0.3491004780810555,0.8346590170929657,468.09007323496326,0.5490167411107132,0.0016561974455016346
55185,-9.183642200861557,-6.017437145814018,0.9110640361353668,0.9881881388360042,193.41900954814804,0.251447880287647,0.0016562093466109895
55186,-7.656205792894614,-12.594997241873854,0.8896443304340601,1.233375562299355,299.5365696114339,0.1835898679016461,0.0016562646742839119
55187,-6.788797769501562,-12.457083248519302,3.4995259176977465,1.4741436909339976,336.045018568269,0.053587735552814486,0.001656559833361164
55188,-7.706114443530802,-11.135787117549608,1.661366306552531,1.9761858394173308,401.23567954260096,1.6384876251719644,0.0016569359903890555
55189,-6.508225701824685,-11.965811558751465,3.7036293682756525,1.7971119245926395,426.91209517722893,0.21066945491376288,0.0016571017209896374
55190,-8.922574811439288,-5.853795766672907,4.88167895372039,5.112473753823358,393.45800149165655,0.12257324491962329,0.001657138433431544
55191,-6.03459833803537,-11.0627867775691,3.997588655426515,1.7633714588516416,419.8006545678589,0.6657921957382404,0.0016571773641990948
55192,-8.03054703036528,-9.972879743904961,1.7187726179017144,0.9977534943615826,468.20533409815346,0.4212428732136173,0.0016572445411172354
55193,-3.2507345111924932,-11.993801435710305,3.733501235474318,1.7095300789036654,400.87098407971683,0.09446491632607934,0.0016574494102752318
55194,-7.258206622901612,-12.469639546869338,0.23573509456383762,1.25182526102215,265.1344758429601,0.047915748813283976,0.0016575540996271408
55195,-3.4835021480807526,-6.728437363869856,4.150156894995567,1.3148530466540314,306.10962415994834,0.45534150233357806,0.0016575992358547522
55196,-5.747732196443111,-5.982935162194791,3.028288233329533,1.0995165668847677,283.56341197448813,0.634420317659151,0.0016581399194574142
55197,-4.146497161950149,-6.932214187059363,1.811185976418011,0.9880488614075711,203.75875681901434,0.028120658562921896,0.0016581662871318218
55198,-2.2991173421408906,-11.204975412716117,2.170230634694079,1.194007125008978,252.1792385155005,0.04469804422290391,0.0016582557159197154
55199,-5.980409473015234,-12.789875523978479,3.6970364318534026,1.3227688566053724,292.73225415643833,0.056970165135168394,0.0016585170692151466
55200,-8.835388967618432,-8.328916602696673,1.8252425426866081,1.0614032163186968,177.58497304051667,0.15416085226275467,0.0016593295809439962
55201,-6.2838559416265305,-5.308112722938608,1.3219486093474444,1.1914365255301296,251.57090349807382,0.5510998419989415,0.0016596150274866904
55202,-5.8376565283382345,-11.345658234615833,3.917029342598844,0.5195053861094782,122.42189252991523,0.5106708903788757,0.0016601517546516024
55203,-4.903637919200314,-12.626815861355594,3.6785254325547463,0.961769972511188,255.87127983307133,0.8055569546748353,0.0016602645631490602
55204,-7.090724376594492,-12.065885334641033,3.2650328765913637,1.6760109709524298,395.7969530227889,0.840079088957598,0.001660357695602781
55205,-2.979187955281091,-6.952487347626312,3.090322846162716,1.3938659246210146,316.59820109713263,0.5950191849014184,0.0016609739608347861
55206,-6.195683351832713,-5.692049376276061,1.3785630514286706,0.7510699376879834,423.8936807943067,0.28361227503546615,0.0016610520882208862
55207,-2.4060280215378516,-10.784958120663049,3.732768499143631,3.422785282686918,531.5855175336856,1.3615505900019835,0.0016612647369831928
55208,-9.068533860794926,-7.43496613991947,0.9439071903825299,0.9622046303261732,468.2674851393866,0.8063391947891558,0.001661508723876208
55209,-5.72361624085135,-5.969489492582387,3.2291026677710937,0.6472424632438669,191.6504574030968,1.1263980494384773,0.0016615658504191592
55210,-2.175251543178738,-11.041786049649069,1.0709447467560502,0.9274797333009279,323.17583827667335,0.7298250462203333,0.0016618349754149414
55211,-5.794644469640925,-5.913145462127072,3.5145718750570496,0.8238309985087423,170.11095470079695,0.34461569113962387,0.0016618533877980225
55212,-7.585214619422125,-11.789965429670767,1.5990857090910615,1.3636249728995546,328.430171893197,0.24322900144533754,0.0016621839605676625
55213,-2.4795457784520085,-8.749320214209398,3.2669528971040878,2.5100050590745586,453.87329101157485,1.269225647147862,0.0016623140325306666
55214,-4.065914119132503,-7.460226696872033,0.7195629512221327,1.7891455970667223,426.66216179308003,0.3951721194775226,0.0016623303515321136
55215,-4.216522230296756,-9.733681390360791,4.705495113956883,0.8688889215250958,468.1657205939126,0.25568822903753485,0.0016626873684858741
55216,-3.374847256206481,-6.676953380995536,3.1480012978847727,0.9387546794273863,243.92177697168475,1.4100347233415151,0.001663324573532308
55217,-5.5869649173630975,-6.279312073363501,4.268675932564894,1.538906854630413,468.55162396181373,0.14455018496560168,0.0016633813323619798
55218,-7.376960946113881,-12.556880002616658,2.701123736957474,0.6636221203521651,198.61830583717548,1.2001659337158799,0.0016633854647638499
55219,-2.4666918926302195,-10.41956972871633,0.27421430134011515,1.2688036349343552,265.66785427596324,0.1112460765617902,0.0016635059154982692
55220,-9.556437657677115,-5.932902344708097,2.121028172594612,1.049319785625071,277.59496828333516,1.6840208034142377,0.001663741429783087
55221,-9.038247492727322,-7.776474073667877,1.384644207392161,0.6188671935022569,143.421031300445,0.2726365224781473,0.0016638057408699697
55222,-8.079522778153855,-9.06143406173435,3.3080823370083565,1.9062520700490821,468.8431632346365,0.4242466319551408,0.0016639941412383047
55223,-4.506866396411134,-6.706745646940577,4.583101826442448,1.7038052237814523,349.9064204301418,0.40847937018233704,0.0016640203292144359
55224,-2.39668911127239,-9.563022459243252,3.0026663893266035,0.8363797689341061,202.40872378349914,0.469003932231546,0.0016642303304137667
55225,-5.92585789003196,-5.90048677282017,4.157103069742088,1.1499930651900947,292.8470014157885,0.3981480456617259,0.0016643459292166407
55226,-3.535887722796004,-7.271715617643665,1.0355141062459996,1.5361773444709748,353.28963198122904,0.9565091650250146,0.00166463441920029
55227,-9.601711837734857,-5.0090093848770705,3.01631565146027,2.602189840953526,464.7992363495971,1.5883287809542663,0.0016646887326727654
55228,-9.294168620113165,-6.640536344391557,1.5700794370237248,2.5775048276592125,455.88884607445266,0.9306726972836659,0.0016648077621488518
55229,-6.9157393675610574,-10.330862566709108,4.025470302883008,1.0899109873472275,467.4688353106096,0.35770631446974477,0.0016653308096762915
55230,-5.574973138482944,-6.260443831248206,2.4139581778586523,1.0623446108272832,196.64959812962422,0.08185965567462627,0.0016657543975711559
55231,-9.44587676966233,-5.735112358441625,1.828856866146748,1.1169955783151764,411.64491346830806,0.4832058219400226,0.0016659265113669716
55232,-7.883569495131688,-10.555751527372728,1.1202494345230873,1.3026797950263804,322.5799740685458,0.4060362551949934,0.001666149608041257
55233,-3.0574533791491856,-8.259663100356088,0.06732659926409501,1.0930090318722072,288.5777927151055,0.8914685625543983,0.0016663455699523512
55234,-6.054768160063985,-6.003256564177253,1.2022370627837893,0.7680833866676045,153.78827330640883,0.1409691724848292,0.0016668587041214883
55235,-5.127240573369251,-6.411697218033607,3.4295947216737352,1.8993678711320168,468.1270531188976,0.5029048999290469,0.001667091508647157
55236,-7.499108827516974,-11.888826911167461,2.4907097793137596,1.861235150982336,445.2548340094165,0.28618294923232757,0.0016671993115852893
55237,-4.611719773631061,-7.843428833593886,0.2257466071456353,1.9566507669359003,400.5092155117416,2.129592449282013,0.0016673318118259498
55238,-7.364782773244589,-9.04896936254274,4.703728014805467,1.4265965085324919,333.2972314385587,0.32653684629166335,0.0016674732800275329
55239,-6.019926570855454,-11.181778912100224,3.959319607012496,1.6847365276953226,467.6322938816487,0.1563760768384279,0.0016674938335499293
55240,-7.7002042003043725,-12.293710128254945,0.8213996659915455,0.9898394932515593,469.41835727710503,0.05661993745329852,0.0016684567321776807
55241,-2.471609801825002,-11.889051338225599,4.829109082673789,1.4367010252592574,328.42505269653776,0.8876931075952958,0.0016689460740780045
55242,-2.345196843321961,-12.191618358818777,2.9047349181004183,1.7889761945169558,468.6891911640727,0.8778066101813433,0.0016692648444440346
55243,-4.496784560960188,-6.623655800299833,2.7540189571633933,1.2826699887075452,317.93163953814746,0.4905224618043169,0.0016694675895964047
55244,-2.858073820625986,-11.564606489517582,4.393911949356258,4.6045087008552645,570.7652598470247,0.23268968427955006,0.0016698638531152281
55245,-5.096396635195371,-6.454453501425007,3.204683697943201,0.5775630826873619,151.89125643210104,1.0688801506695702,0.0016700379323030723
55246,-6.73102331579614,-12.663426003994374,3.5135310858605258,1.5184474920979025,341.03205028159744,1.1518654536616335,0.0016701773843202372
55247,-8.531808122728062,-8.557742822001899,2.8573820316554253,1.8093295501633635,430.34937404395595,0.15286676268913535,0.0016704328041079043
55248,-5.113534575180608,-12.445245072695771,3.7023223914604135,0.9287751026563712,244.20825144190547,0.6181841187869397,0.0016706091096906437
55249,-7.178304182848138,-11.932664620988769,3.1660732763511312,5.963492023039223,668.6742349510565,0.5664074192579642,0.0016706180909155921
55250,-5.504405879381543,-12.186983236532182,3.7463676730418443,1.1000751399034123,467.2963123735063,0.8829642646333928,0.0016708918022195426
55251,-6.428167753419611,-12.052647726080261,3.711470296140155,10.371351570557323,650.4630647529975,0.08166180941777679,0.001671215190283603
55252,-5.71812800025651,-6.118721159348197,4.029410760653385,1.1581955822517624,467.7661036214543,0.33083145696956073,0.0016712990881355794
55253,-6.826931928605676,-12.306256879939825,0.11287467380870576,5.308619543789299,572.1978885083528,0.15345648003955148,0.0016714992275054421
55254,-6.029267684835942,-5.494966456507562,2.1537546265578924,1.0611003901203073,466.2552400358411,0.7009903618692821,0.0016716174746223586
55255,-4.318866975415572,-11.955947669552437,3.726551234883135,1.742857002017891,413.07292265431096,0.2683092039678465,0.0016718854216337957
55256,-2.5879476854132832,-8.6346123173665,4.820159487852091,1.3422945639555668,327.9957002004995,0.2896485809608764,0.001671942356040197
55257,-3.6855091203700834,-7.297492637036504,1.0052182926812354,0.8166774492143033,164.65579658529197,0.29197340795801363,0.0016724725396043928
55258,-5.7632823884316675,-10.989368533009578,4.025555065235314,1.0414115094082446,466.900745232047,0.05998254243194889,0.0016727393305408411
55259,-5.701472672852475,-6.453983238944456,1.6965045339992701,1.5284146810642674,386.1577618970219,0.2011558429303033,0.0016732474628045916
55260,-3.873621985694726,-6.832434316850915,2.197035086102693,1.9394584584906696,242.60680910431262,0.09297912368321182,0.0016732664409000468
55261,-4.304167031692698,-10.241431416760909,4.333003719340884,0.776056703678016,201.67201497945135,1.2281843556362935,0.0016735673516473754
55262,-5.877081635875555,-10.76283226339223,4.113101793323872,1.0686922723926933,280.8983030897605,1.1022500302220033,0.0016736478574366812
55263,-5.045454319040069,-6.487083174545648,2.8259465769002166,1.1851331146758504,448.65449064903254,0.3309561344923049,0.0016738721792009057
55264,-2.4488248172277025,-10.488550918355907,4.435192163373418,0.7333956797341238,146.7021549693102,1.0149911458553467,0.0016741204274689507
55265,-6.071202557234802,-5.263441581410249,3.1443467175230952,0.7529342964877752,189.28192892446563,0.6631438014965143,0.0016741386446296
55266,-8.025866784561813,-9.777271240837909,2.24081462113204,2.5769443918598687,463.73238103191096,1.7827584193689399,0.001674459777381791
55267,-7.449165356000133,-10.795205415830155,3.066858588475126,1.7533166162192821,415.7881298062436,0.41861965692720204,0.001674585975145042
55268,-2.3378212176789788,-10.292017225778679,2.438354140391713,1.3734341436694362,322.52763698749516,1.3725206558280254,0.0016750427016848394
55269,-4.4245973124681015,-9.469300030422515,4.950760858760364,2.2624091426898456,432.7070750159922,1.8491516952939078,0.0016750724415971162
55270,-5.560536076700747,-6.177951568904636,2.7394530622449915,0.5258538625560639,136.43223334865763,1.111177908438017,0.0016750861684973269
55271,-4.062778017487648,-6.689994443273248,2.741103116010235,0.7968441169332198,170.2745102810953,0.2776172887794628,0.0016753788807457302
55272,-7.978423785438207,-8.230701495633852,4.835148706928249,1.229169785229349,468.0108263619486,0.37303268707216297,0.001675623808470076
55273,-8.61311171988401,-7.2506659355683105,4.952809277474744,1.8495624767263075,468.0291217381147,0.042091960727932864,0.0016757984036377713
55274,-6.091188910598886,-5.904943586660144,1.2029062607151848,0.8758361099376969,188.61306173194015,0.241260376876256,0.0016759864283397224
55275,-7.698501721907663,-11.589113192175077,1.0109164511879845,0.797777581455153,180.36289749756162,0.3336810915216857,0.0016760368047699077
55276,-8.89769190308705,-6.569280749104673,4.865452742506071,1.5064488985726379,357.72046985306866,0.2774254615146692,0.001676427195882537
55277,-6.766466905475193,-9.182465812463555,5.105228348574516,2.460615418888275,452.8241986683446,1.8274962875570333,0.0016765938578242533
55278,-3.8130796494916996,-10.984533411792913,3.9552858281186674,2.4376104406460497,445.0770053297832,1.1322662272140134,0.0016767249241842303
55279,-5.870727667400591,-9.95752334898147,4.58331840081255,2.0721990139105384,408.15007031927837,1.1749133395858982,0.0016772625027128688
55280,-8.019328025210886,-10.317045610865371,0.8677646400499441,1.1252328792929283,290.1821951435241,1.298882174629803,0.0016776047244452593
55281,-3.8537360355511705,-6.816691180119968,4.775306950672109,0.9474117070451091,207.2322660751585,0.46184527342918447,0.0016776485297618163
55282,-9.514180231868306,-6.058733332350145,3.491044881583776,1.0464668707299853,279.7120338373747,1.4750051258599584,0.001677687857443063
55283,-4.473256150846972,-10.883258448148185,4.014292077833929,1.183254196123462,467.86110449941594,0.15556543624497454,0.0016780167110243872
55284,-6.32930577481794,-5.04293802259968,1.3403202906416634,0.8626863985660849,166.28785127999467,0.07387448362842797,0.0016780423502081945
55285,-9.617260229891569,-5.18517092379601,2.54649959175291,1.275234651397855,280.16042713761715,0.08630012843284973,0.0016780945611127435
55286,-2.9975383178525092,-7.179276142897443,1.4552633293661503,0.9543515521802518,467.9123425726135,0.9307207468385981,0.0016781406086577783
55287,-7.532365686916153,-7.054122858825405,0.001707254360986227,2.1828806018269167,425.351092549585,2.106538813057637,0.0016802694934888649
55288,-2.43683585273327,-12.549090957858128,4.4725783666475225,1.6796680258869212,393.55448328647,0.10176939850724853,0.0016805138772316274
55289,-5.070271949458794,-11.445288231766217,3.858310491178234,1.888443684724562,467.755333811018,0.37606672650473083,0.0016805497344841963
55290,-2.9147812086471596,-7.302624559194758,1.0582910184952434,0.8330238780627546,229.99030587182943,0.19731557229993424,0.0016805665940133655
55291,-3.838677675102681,-7.244304898595644,1.0761988750927058,1.5678501664361288,468.02457665489925,0.6220997408485349,0.0016806124927049746
55292,-7.866056144897466,-10.473240990528776,1.6999118673389728,1.8466129998430612,468.52331686842865,0.8596345966537582,0.001681117215718697
55293,-6.18086662125237,-6.799989643125891,0.3967155696450945,1.2327916961620196,297.46882784968994,0.29056157436688324,0.0016813132156060753
55294,-7.260090484327882,-10.388414707525754,3.614459490823182,1.4263506920158135,328.4121844149327,1.4252196985395278,0.0016818138768426706
55295,-8.83997474764971,-6.746916911337293,4.907273893214063,1.2236750703418715,470.48088431947554,0.020483389350062886,0.0016819359943124948
55296,-3.2720072326126655,-10.809270525480063,4.030115525062554,1.88412232903281,469.30699741572937,0.10251958519043036,0.0016819538096361098
55297,-8.623572859207297,-8.622086499329647,0.7400597494211124,1.0382022987412944,275.29559374828096,0.7302163568630142,0.0016819898883431493
55298,-2.210310636351334,-9.75570018335047,1.3503089623394748,1.0385516691954915,467.97764968069197,0.35765552920078836,0.001682270355574654
55299,-6.08686371592982,-6.035661359536347,1.335841311785074,0.8252006767454573,427.9908257125561,0.5204833554507502,0.0016826164868328543
55300,-6.274372254214248,-12.540784450285749,3.6842592471030295,0.9857082879554425,262.6963320774044,1.3397252711532746,0.0016827553862619985
55301,-3.9060106283279055,-9.838485291200456,4.6046876817525835,1.1764414940093424,230.2183965034279,0.018690820463743485,0.0016831341235763663
55302,-9.569053516383336,-6.404441439927246,2.2974787177273877,1.7366172423668955,411.8949548916917,0.8845041194310417,0.0016833525916704994
55303,-6.811140511715154,-9.127736123386287,5.137883992950684,3.4621250160075396,532.3456701979012,1.0214674593315687,0.0016836933454860916
55304,-4.2985657043447345,-12.210421456080294,3.687787783487948,3.017908470422765,500.6299122301822,1.4952850181966708,0.0016838189740429165
55305,-4.223462777301503,-6.70354592226817,4.225846489578985,0.9869738306854763,468.4831936338892,0.2625007190459838,0.0016838846337708891
55306,-6.129959455914186,-5.834172162678408,1.4359247157045958,0.9094692883529668,468.04968761927796,0.5510855896252416,0.0016842094942192429
55307,-4.1555517621904405,-11.061094417311791,3.931753056710599,2.708796883662407,473.8803809712647,1.4735656178404737,0.0016842335491679542
55308,-2.337044297582926,-10.240695145935126,0.5151187951703061,0.6351292258371827,139.96340601517994,0.2487581101455829,0.001684254429755417
55309,-7.636371323593821,-11.208108341430801,2.272216640879729,2.292551330098357,436.67712332808156,2.06627588975672,0.0016843332294510533
55310,-3.321697101806028,-6.801907681749036,2.378317088924142,2.8561261328092855,488.5185287109811,1.822742613789221,0.0016845533258084573
55311,-4.3823395779143866,-7.8924414105245555,0.20605772244307946,1.5495407181769547,468.49855764278135,0.6581447885775651,0.001684602325232832
55312,-4.415313118126752,-6.62248320508771,3.297402521368311,1.4364407616808854,467.80363826543794,0.09086591617631878,0.001684826096934186
55313,-8.561878466054086,-8.599880720178417,0.6445295785186111,2.252720265509077,431.22986759389414,1.719193819219206,0.0016849667832534371
55314,-6.667665457053259,-11.914282489220085,3.63456252007238,1.106441109639275,277.88160335666294,0.7993835173767101,0.0016851643142033958
55315,-4.974430327085061,-11.393143395087211,3.8614682526410427,1.02864910625038,274.8513527695922,0.9209431127851309,0.0016853851340792808
55316,-8.557965482103933,-7.17156114938872,5.1291195847336155,3.0308767806307135,475.4946812188279,0.3383867707566539,0.0016855609841919682
55317,-6.093369914608353,-5.160262197014554,2.4396420007128827,0.7598354981119548,132.93660198649917,0.3067705193730914,0.0016862047558894766
55318,-6.255357334287502,-11.528710878482839,3.838520036153702,1.0226735430299425,201.07617940145477,0.42284063325661503,0.0016866502337279786
55319,-7.537713351804767,-12.955578103213064,1.844541842647829,1.1709126847008728,216.58089695775362,0.06186130013357438,0.0016877742677393567
55320,-4.467211087477566,-6.772442741338023,4.80747936658537,0.8618836049704389,468.03452867458054,0.5616376306850812,0.0016880505835576963
55321,-9.046902695429099,-7.018647708540055,4.301134966605683,1.863156356841188,445.8098613100713,0.5899737186393059,0.0016880781447469542
55322,-2.2191839592545373,-11.861117518173097,0.8195695050277743,2.546127164647088,460.6259864162118,1.7373080068435867,0.0016882939296266146
55323,-5.935782870665162,-6.25535313755287,5.01308615648532,1.1261183428727108,227.1472306361194,0.23894526228014623,0.0016885964478754278
55324,-8.963335079827253,-7.971186344216734,2.7499479447878845,1.2350207980340893,310.0626002818195,0.5762875979230158,0.0016887186176681676
55325,-9.27011144889302,-7.506646029168147,2.0311181857903122,1.887448202213521,469.72452940845284,0.22576023104066945,0.0016887201194445754
55326,-3.106741322524372,-7.820262217288099,0.43859981959271666,1.5529056344783938,356.29384153832183,0.12579214310328535,0.001688769089050644
55327,-9.298529349267504,-6.602639312709095,3.9964696950612253,0.7825172443455316,444.7417294401884,0.27446213920135865,0.0016888961854476285
55328,-5.248194504628691,-9.704238176498155,4.7678420084375785,1.7018210343686788,430.6984316017392,0.08148204819868621,0.0016889086246955564
55329,-4.190967593464819,-9.702329922073483,4.727133533132309,2.1231847111102335,416.6187979707366,0.42377425806086144,0.0016889425273380952
55330,-2.704906179643282,-11.22786763209557,4.890761286087816,1.276708399249616,315.55813497863005,0.9296191098906235,0.0016898924303775504
55331,-2.9607875201810794,-7.123630074822268,1.8062821220002592,1.6427252008589812,386.9579523462166,0.6018688816951974,0.0016900541614030303
55332,-5.337044624586559,-6.359940960080805,3.8898992592510164,0.9276230309246261,432.8658460987018,0.570551438488855,0.0016902998289509568
55333,-3.9455271408138497,-12.489345245168696,3.6521247498285043,1.1508755382824627,247.87782350699712,0.9385688822110589,0.0016904191989811676
55334,-3.851822700533684,-6.744005327752682,4.405322631648353,0.8123176187528824,467.7936674104685,0.07446301221889762,0.0016906186940272496
55335,-2.186720356675732,-10.394613459241652,1.3838218510357574,1.866071707417903,469.20408209918617,0.0425209974523435,0.0016910166704129355
55336,-3.8430709793685045,-10.800704326956357,4.023571410235898,1.6022218351559407,468.520985393649,0.36909483536439147,0.001691166169725481
55337,-8.781741286397454,-8.372044127207978,2.139327823920233,1.365126495988543,225.70726264831612,0.07065824515462626,0.0016912388158470426
55338,-5.61023583345478,-11.481919710412969,3.869479456905779,1.7602863036584666,367.285317835171,0.5080359606943619,0.0016914317113325339
55339,-6.625504351710942,-10.57101867881504,4.064793690137095,1.8487831247873014,469.59043482215736,0.0011358969179173783,0.001692244968539116
55340,-4.348874982019339,-7.729746511737906,0.3785788477486023,1.1922915952495774,212.94640856277536,0.09512937803628052,0.0016924347468047392
55341,-6.810144357589234,-12.337641784339162,3.4865810968255806,1.0186734277952874,225.00325487891564,0.1334238993547041,0.0016929566298070585
55342,-2.226079329163994,-12.369391751214819,0.7769059795324104,3.8466664345917274,558.0273938249278,0.9026498427973744,0.0016932665331475093
55343,-4.899268598814853,-6.563394645502673,4.130128032427217,1.5180952984072615,352.5651542226863,0.47251199102521113,0.0016936124588345235
55344,-6.51001186516983,-5.160863536540069,0.5060091500026295,4.114849790440918,314.98229718777395,0.19188955714042066,0.0016944320612663722
55345,-3.740153939502971,-7.50079967901482,0.6974192652092712,0.6972765616148124,212.85823489197767,0.5612814910613473,0.0016945723734199836
55346,-4.679516522748131,-12.631435354352718,3.653051262702389,1.4371257188359179,337.2477848578114,0.8435172865494929,0.0016947970947028372
55347,-4.809704607776114,-11.646240350167137,3.7948615475277454,0.8261285563610095,468.11548992191194,0.5151108836810394,0.0016948754702400448
55348,-5.6258270675430735,-7.732562112935634,0.04714889213003636,1.2057754480520944,292.7745290026712,0.4445624696563071,0.0016949042357347723
55349,-2.3338296420854707,-10.764220740194846,2.5191940496806606,1.1314745366287293,467.52876602911834,0.5193171048355723,0.0016951924696358234
55350,-2.4204216773202187,-12.474807169923919,4.275589390302925,0.7781928060621195,223.35676264711253,1.2843546981988672,0.0016956154434070484
55351,-5.854815179597864,-9.733245964299389,4.762744460843318,1.6754700078161207,390.533865772342,0.1522467265261893,0.001695772872994187
55352,-3.174215661657735,-7.222728500928291,1.184802772210483,1.1048825648165455,467.6992448729213,0.41729587741907714,0.0016958396873686336
55353,-7.215845242135477,-12.736524426316716,2.992080183268399,1.8358832449780835,380.8021604352187,1.2260491962647802,0.0016961041092646003
55354,-6.0563318902300365,-7.306832296203647,0.11637151169411426,0.7903193993436226,154.07345055432148,0.140346723271775,0.0016964700998391734
55355,-5.011719031909498,-10.835966054636215,4.045551331685165,1.2380687278242903,269.4870083985238,0.5743399515427754,0.001696815028519802
55356,-5.437155358936215,-10.416073134241845,4.268260461851299,7.672769536646511,476.6824295004864,0.09300370616983145,0.0016969520636704704
55357,-4.193424192660036,-12.604020999409267,3.6448768878938247,1.339410117865666,226.24827439671185,0.04831831099903372,0.0016973511383376139
55358,-6.216185926271876,-5.233522448032687,4.144164592428451,1.8268509920960185,437.9011124191775,0.7835219355586354,0.0016974488934942634
55359,-7.5380088191317824,-11.574089153583184,2.4568635245947243,0.9273040517655851,468.28972499160466,0.8436311538962373,0.00169750218229952
55360,-2.699331169858695,-8.069381556317428,0.3789962165367963,0.9407760156999315,253.2624195858762,0.844846606384345,0.0016978276559680156
55361,-6.327405031757244,-10.813480229522808,4.045478605639744,1.0736793375235296,280.74088621412557,1.7916451553434136,0.0016978311265095558
55362,-5.4972525000299,-7.447793142782143,0.404601961340993,1.7534229665815855,414.3777590111977,0.11433593557499133,0.0016978609746878405
55363,-4.588268339455545,-11.934032775425738,3.7371066831941375,1.1821876981378334,277.2588262913303,0.12099417482659192,0.0016979217542666537
55364,-8.223811727664657,-9.056275280219616,2.8451474885992933,1.1415061800207773,295.7442037878085,0.9771801514186862,0.001698259666680784
55365,-6.390089447247515,-5.068042210699759,0.8009948454007332,3.477443993645291,526.5327172809075,0.6522930663813629,0.0016982914026431948
55366,-4.950198764598209,-11.826968227709601,3.764565625064554,3.631122577974388,303.0262926992501,0.17657553705258966,0.0016985394574861874
55367,-2.32533204287593,-10.881254840146461,0.48451417568679167,1.5448564222744483,356.48108247692346,0.20409183326275127,0.0016985524646372441
55368,-7.144710887407585,-11.194025719038514,3.3910006376876223,0.6165438574562315,183.6230378609522,0.9619783367916446,0.0016989873619907832
55369,-8.917317394836115,-7.999697455959933,2.8730574086528606,1.0394411914302895,276.2625548149971,1.2922959958367697,0.0016991023982036025
55370,-3.770735526051407,-6.68905598048542,3.651316948515917,10.894836604512664,764.760789676718,0.24211904893449532,0.0017000008950772767
55371,-7.464894349223069,-12.48859034114573,2.4370009965217894,1.5249538795669004,467.4608753244752,0.5566692863534088,0.0017001364327088244
55372,-7.499964227454189,-11.68007291659829,2.542153125268647,1.816953661632619,468.3902885758291,0.514332824009184,0.0017001379186240703
55373,-3.8317952880592507,-12.579340305513115,3.6321524514539965,0.5998367987945279,158.32979446182208,0.7273766419478358,0.0017003263776344667
55374,-2.1209737535956315,-12.555001468795124,1.2380167774758721,1.0899693409766393,285.76936023810265,1.3097901727447026,0.001700338403890258
55375,-4.690891010696011,-10.427646479697815,4.229106524977501,0.9898476727061807,262.40273367935043,1.4613585766913824,0.0017005702132282332
55376,-4.423482560780975,-7.710594681617949,0.3969610472524418,1.7797811814274738,423.9314762112897,0.023994052749589656,0.0017008934277100995
55377,-9.121491130527515,-7.767460078752043,2.5965265896315017,0.9873114498260145,308.60854804295764,0.9907538959450681,0.0017009585081009988
55378,-5.444447682010972,-6.402901552706828,4.383772244828893,1.186245947883917,302.2487609181774,0.6719564505006357,0.0017012254559269683
55379,-5.198246710009163,-11.739191912934409,3.7921918561267547,0.8248624939678567,467.0355561645685,0.1712234842716942,0.0017014995389534266
55380,-9.444474583859387,-7.019499445963863,3.1352730776806714,1.1854125296493503,299.1319085520281,0.5456730095233437,0.0017015093189972016
55381,-3.168496980862633,-11.005286977728778,4.012343206932976,0.8964389655604946,460.7068406459681,0.8280586554283174,0.0017016032621394207
55382,-7.957143965383214,-10.13696295528603,1.8529828890951234,1.1551982493304933,288.8809407941863,0.6131495419805777,0.0017024793905232856
55383,-4.350590747516559,-6.664138093019713,2.6952821081346516,1.3311802001932294,298.77805901087066,0.33663392532154646,0.0017030559502560425
55384,-8.9094436164622,-8.01691196514378,2.848166828189164,0.6940543798085664,144.5325251223442,0.08703740483496336,0.001703440461335985
55385,-5.129780035500001,-6.423967617414577,3.5209542403761556,2.5014526381802873,453.9478428063152,1.3181395270656209,0.0017035837486077214
55386,-7.773657826869412,-11.392803964446408,0.8878873188197739,1.992354900072287,370.3372704027656,0.2245300394981138,0.0017037315690351397
55387,-4.34000940519414,-10.258106539185384,4.315705202592108,1.926411228326252,394.0248173265381,1.3188936479496798,0.0017038464667848707
55388,-5.352904935428934,-6.329682055591655,2.7724626684301095,0.9540102156435799,217.2941930181205,0.22281209450294615,0.0017039915627175249
55389,-7.551698848691624,-9.160156926854397,4.287010270643027,1.5532179691719346,354.00988322468197,0.055024593770578,0.0017045595503520324
55390,-4.33515162728955,-7.450910888300105,0.7186321086236637,1.070312801644518,275.5781866797742,0.8282794821567352,0.0017047393802702062
55391,-7.650924895440527,-11.484186879932945,1.7508696784857867,1.41174587938652,340.254385022722,0.5159634685945607,0.0017050163969742115
55392,-9.178102660869717,-6.321500504381383,4.339601579890727,1.885813822242054,469.614601640727,0.16731995872133165,0.0017053093046551196
55393,-2.7549936030697006,-7.744879391736674,4.782067190317651,1.0835781368413417,281.244700258708,1.8053300606675098,0.0017054140680323657
55394,-4.642219061995326,-11.71410245564657,3.7697384599864603,1.1296903989969058,292.23023591847345,0.9874582504358029,0.0017056191689013755
55395,-4.921023046374707,-6.726549931727119,4.922581218097183,0.7480692742348884,149.98161385378623,0.03743865842231475,0.001705809150850297
55396,-6.352743153401445,-10.508426084940686,4.181942105122418,1.7283314337456075,185.718946103255,0.23205617184383076,0.0017058901935051779
55397,-8.934799177617684,-5.919096909895125,4.8455745528470935,1.3323991863275042,468.91718153732177,0.864335489102829,0.0017059284626544662
55398,-5.3921812725661935,-6.722073804140453,1.5624079014729644,0.9757401443395443,469.1137079379547,0.6346592569230545,0.001706043527507538
55399,-3.173331413991632,-9.697604088190962,4.796401896086667,1.1862283527800543,298.7757374995439,0.7572174867990427,0.0017062839696761164
55400,-3.4492148189191907,-10.920859288402827,3.97041332497061,1.012367236856846,278.04779072986094,1.658104960988494,0.0017064103304711951
55401,-2.3138949309872885,-9.147900308164957,1.0567045418392882,1.475750194840152,332.45816924665326,0.07343886822157675,0.0017064498340686727
55402,-5.127562108918501,-6.42113200623129,3.442282896476433,9.70499468129414,623.9786191747471,0.061906465776940145,0.0017066047349473625
55403,-8.831268561972854,-6.791479810610431,4.893586271779837,1.171872143714037,238.04094597911745,0.024856575113127555,0.0017068010220418874
55404,-6.396611730977605,-5.669582750827956,5.173584588820979,4.512106448492795,599.3883711483443,0.8998012505917581,0.0017071298599772905
55405,-2.988331984913149,-6.955954039585619,3.4776260905650855,0.8651524723053862,246.13840727219696,1.5211252641096698,0.0017071796385961801
55406,-5.2854096427155115,-12.618308886590434,3.678964335049114,1.1108101021824561,287.9798165447071,1.3902485831409743,0.0017077924521940986
55407,-7.448388292291704,-11.584799101523856,2.7162810877817054,0.7152415640265272,467.0157192841556,0.3426690291350578,0.0017083732144729615
55408,-5.498653398661098,-7.803993277330077,0.040559239802840444,2.18498860614302,424.92128795118776,1.7603380656471366,0.0017087529977702234
55409,-8.022766766360942,-8.221769010125993,4.758400338119956,1.852612371185637,467.6437223107735,0.19642902280727892,0.0017088414596632187
55410,-3.945263474406638,-12.421128215549501,3.6531434101284113,1.3991863706202594,467.9604601487399,0.6954682788378834,0.0017088851142622696
55411,-2.48053861438673,-8.560455368403177,2.89706782190095,0.7370054663445349,164.2841730058321,0.3116292286076572,0.0017093203216117959
55412,-5.877566522846685,-12.88683776203221,3.6772990202139186,0.8985767988451963,468.6749784537269,0.7712080936967132,0.0017093635762658022
55413,-5.743636696067513,-9.303677486462812,5.169039770470047,1.6965522741572112,398.86155610170306,0.5676360861136915,0.0017094284626790375
55414,-6.987980720309302,-9.38062187761113,4.7282576502790885,1.0538737875973962,274.6595467331254,1.5241583658101963,0.0017095871465520195
55415,-5.920703038031554,-12.870227800694696,3.6794454449205056,1.8791693531532991,388.4233974548543,1.5213219141857843,0.0017097782556187559
55416,-7.02296973266113,-10.919748737726472,3.6260182749359853,1.7803651915844556,257.73907653157886,0.04637649718940384,0.0017098720987908712
55417,-9.129436416370094,-6.246172285809024,4.450453462526441,0.708654865077351,213.31238177744277,0.41286777832438215,0.001710246380483041
55418,-6.154789825081393,-12.787545818246603,3.6724525114999995,2.67443598236917,472.093094596112,1.7165488727054923,0.0017106358035354136
55419,-5.189224525265174,-11.687534987109327,3.7979406125955952,0.9237914460655232,183.27266668793126,0.9306650051296037,0.0017107069633951865
55420,-5.749999700907732,-5.9971031561008585,2.7945523616123618,1.161610446669349,260.0411542381894,0.07918129076192226,0.0017112403989712074
55421,-5.278345251308746,-6.907789901433915,1.1807148027760044,4.079026269459857,574.0591297824815,1.0005467020353942,0.0017112649160585065
55422,-5.84926591318061,-12.590991877526028,3.7007419289962433,0.5297102868691473,134.3977645129579,0.3873026400138393,0.0017112772823314158
55423,-9.431624428941427,-5.820226357400649,3.732313165586,1.0625328970351164,222.88011862712293,0.7713933427626225,0.0017113716728781089
55424,-3.484533315359009,-12.167958505522451,3.6682031511306294,0.8984616368955843,257.5475821590566,0.9461231041349754,0.0017116400309352775
55425,-8.774577871074747,-7.380324967768487,0.510758870927604,0.8997063741328281,254.61864079603396,1.460906199557222,0.001711711084889601
55426,-5.384045050480032,-12.308548155770051,3.717702288409109,1.2607370379088154,316.09451344446836,0.51221100084729,0.0017117445368947197
55427,-9.59027582251298,-5.8642712749511805,3.122386941411504,0.859825338705558,467.54010186896545,0.2931081312990198,0.0017120578737007703
55428,-3.3966270964532397,-6.782153925772811,2.420924973223954,0.7111276197811011,193.1662119759324,0.5313027201831924,0.0017124789971123661
55429,-2.1433313153890445,-12.500752063317938,1.1110389191625272,1.967193062980385,395.76484401936926,1.1838817135779953,0.001712537315992829
55430,-7.001131104414191,-9.80033957344227,4.3219372228288595,0.7868047548354915,168.97378747292413,0.06256442099373061,0.0017125738194017544
55431,-6.391706566980772,-5.15646141130232,4.680382380770752,1.272509125562808,317.9922425572015,1.4977626684322924,0.0017133336531305378
55432,-3.601091731426882,-7.362930924162074,0.9216684678686272,1.8304638617700977,438.03894648212383,0.16230347970274828,0.0017135183161334523
55433,-4.5229619554630816,-11.734661652586345,3.763800589206695,0.8747961872806709,468.93093347421757,0.11641928885223862,0.001713540610584676
55434,-4.431966476325675,-10.125113621383587,4.399419075852874,1.837072382282881,440.6652022329747,0.599558645167817,0.001713850139026866
55435,-3.75841429066218,-7.255961524191423,1.1033659090746486,5.065599900016982,624.3880723037563,0.5006615246893675,0.0017139257929962878
55436,-2.224567774287131,-10.30291256138305,1.5718161048039276,0.8046507332910703,182.10838404437465,0.04819310939621868,0.0017139599326094278
55437,-9.328963860999885,-6.279585954831762,1.6192176159352718,0.8628016127309062,224.45679563195225,0.14779825356211695,0.001713988807274104
55438,-3.2765435151964244,-9.30950031343684,5.095240365322383,1.1761395562757453,277.3751921490196,0.49200714092891484,0.001714186618648701
55439,-6.105484112103225,-5.617999763209817,4.198464779747794,0.6934302399788708,159.20182794857888,1.0442734487425218,0.0017146020876058978
55440,-6.187023603499361,-5.048142538232709,3.6204017735884086,6.161554757638164,394.05111601913836,0.1643221707483571,0.0017147246636381973
55441,-6.212688231006029,-12.688553371644812,3.6722978104983026,0.8542214324817633,467.63505841877674,0.4496028227068871,0.0017147334877606654
55442,-5.282128308097363,-10.59703468546094,4.160901000946497,1.6856186199338172,397.18792701985785,0.7700557196366828,0.001714911588634353
55443,-5.715440142425839,-11.42997366784096,3.8777106334803957,1.0247816647711392,279.7967764804035,1.3969274243522403,0.0017151399551715411
55444,-9.508048815628674,-5.69240978422958,3.4835233569155855,1.099380029394071,468.2416208944908,0.636706461313457,0.0017152406571332858
55445,-6.037250932258486,-6.288733955294022,1.0461609256953206,0.9447704823904352,187.4525920998449,0.35412332243440936,0.0017153853717860243
55446,-7.076376396444031,-12.30846204625135,3.230874278375645,9.635675741666752,764.7367840942912,0.29185309899594714,0.0017154586306428465
55447,-7.80617695156831,-8.903785724766152,4.166071157088732,1.4798862538397768,337.6848672303038,0.7880581815741738,0.0017155307913572287
55448,-7.734852121771313,-10.435868128457315,2.530524045514601,1.110714248871214,285.51886417250216,1.4078752290906271,0.001716213602533075
55449,-6.03308769340078,-5.50910525472357,3.3048940928086763,1.332311646454007,317.3083351594167,1.1413999184461368,0.0017165681330822173
55450,-6.3054820625093555,-12.424201526497207,3.6801443586896556,1.6283826855153527,467.5491716172454,0.08823248383570625,0.0017168547185255779
55451,-3.4810012047977335,-9.49937583136824,4.887826682074376,0.8249480937324892,204.26577762750628,0.09112080663795297,0.001717082009130898
55452,-3.8900995279355595,-6.7660042412995365,2.404550124010317,3.133814907517632,250.93995787144524,0.47129403635424794,0.0017173734780913873
55453,-3.15823388333124,-6.765435682118018,3.5265181942910413,1.0937735588222222,467.40413427799575,0.8020801996755864,0.001717612229578501
55454,-2.3397638011554154,-8.932442141823817,1.1077156397603922,0.9434324459841142,151.1090583132216,0.28557411568162117,0.0017184169183008615
55455,-6.59359274131723,-11.184783117233492,3.827594892158241,1.1372816980566989,139.40213195645637,0.3737357781328834,0.0017185290911237547
55456,-2.9552910396920593,-11.484983396637439,4.148420848876285,1.8821269546589579,455.9132170352909,0.4456698820364968,0.001718924119897668
55457,-7.255819548710463,-9.883548002477104,0.1569111449075592,1.7107641747816382,362.07604591129655,0.7533689658473941,0.0017193624408024515
55458,-2.4460689932115027,-8.601342695163325,2.228819495856019,0.9841762600707555,273.0894334140763,1.1433009521905229,0.0017199211834964926
55459,-8.51844745960335,-7.87888695583754,4.288024729639409,1.0551732513642333,279.3479996411408,1.0036049910574887,0.0017201317726817716
55460,-6.1549642976116985,-5.03705530802424,3.2487857773384157,1.2761963075314742,285.5980919690639,0.029731614959707997,0.0017202752563209773
55461,-7.1880277792318745,-9.033988027939113,4.918539546576666,0.9027849108818461,185.3781665362493,0.7017706044456427,0.001720720007725138
55462,-4.197209758277118,-7.836666785362131,0.2855473548212995,1.5829784775281288,352.1891019212466,1.5014953647913485,0.0017208129361798656
55463,-2.407935792147385,-11.23969734881526,3.737939571500962,1.5889638560239108,366.80486332317724,0.2897746239188459,0.0017209496369274984
55464,-6.355792422365285,-5.7291817868353565,0.6836674094965345,1.69682507306602,468.3460834527978,0.35038311181193915,0.0017210431857342093
55465,-2.4761739608004163,-11.677343033093823,4.863915083304799,1.0230161082220894,270.47946502033005,1.3670371423820642,0.0017211956771823486
55466,-9.106546895025762,-7.276114805517774,3.8563328944985695,1.7797960475437529,420.7033003505045,0.629633606495732,0.0017212926983169758
55467,-6.329498481975001,-5.776213690341246,0.7123625697134839,0.7617242705395529,217.43470881517027,1.1969520893592023,0.0017215573959986458
55468,-4.462260799952547,-6.618663566779925,3.7330293043831375,0.7141024075155838,195.6306281193479,0.9107754709193108,0.001722066880164237
55469,-4.860211979842144,-12.755683839937376,3.642679674792245,1.37557783356651,306.51161369354844,0.11578246566474704,0.001722197300149647
55470,-8.267886770655316,-9.340547398488292,1.9178302565125194,0.8461094399538022,205.12526887735186,0.36022373796021157,0.0017224030859100076
55471,-5.69657949396076,-6.710111939217541,1.0654248534232504,1.557629791791593,350.80294292708476,0.6311165721215595,0.0017230240206291137
55472,-6.2708092471579535,-5.384701373891361,1.3920561943151564,1.1505119708034992,255.84686943366682,0.25753634634937317,0.0017230379730304416
55473,-3.0993243026714374,-12.602352284719606,3.764361320356745,0.8041039420069628,186.0716267032489,0.64273852495573,0.0017232892578541619
55474,-5.425234820333285,-6.359175698820756,2.396940525631603,0.865316834487917,136.35089343757343,0.17713541642165165,0.0017234202195789815
55475,-5.746199341177542,-6.313780650632362,1.8084315766595822,1.853000871586373,449.7443912497192,0.6223194943588153,0.0017237550265144258
55476,-7.585700798807414,-8.84476829969449,4.629191945558299,3.2372807458343837,514.3298986412677,0.9687462450060975,0.0017238846246417933
55477,-4.8955527087965525,-6.562909108454733,2.831731144824897,3.4695700883823037,332.6039927625421,0.11026872315690994,0.0017239007027075558
55478,-5.806979632124779,-5.900817154279604,2.761209645935571,0.7471487915199706,183.55489488196625,0.39622947227507144,0.0017239848247639605
55479,-3.478203571811081,-11.468683506127778,3.791590341935682,0.8482287237024844,197.0009578521412,0.7262115522573476,0.0017244585217657468
55480,-5.947985896596613,-5.671306579951188,3.1817644008403567,1.2003510334561818,242.11874925855597,0.3031764793138665,0.0017245540492056763
55481,-4.159044696251614,-8.07818591623612,0.056242943639471014,0.9533150682963133,467.76609652140206,0.60942299453317,0.0017245744630862516
55482,-7.91839158759421,-9.945275171543416,2.424622515292991,1.2942624770130822,282.7109127138011,0.09383346228180134,0.0017249362225384992
55483,-4.127225034551434,-7.78156925643366,0.35095582771630435,1.1206365841726806,291.86581443077375,1.8661621942067788,0.0017250937091783923
55484,-9.333973069474403,-6.8250972514821004,3.747333811468989,1.2476505343336473,309.5131440236776,1.5577687108903602,0.0017254661681231826
55485,-6.029708413524762,-5.546833405176806,3.5063760302965163,0.9411341287046164,468.20414389997114,0.2780710330873015,0.0017255309130344478
55486,-2.4823232624307368,-11.647129588674176,4.890024049203188,14.673634299027633,836.2917239316811,0.2822655889165864,0.0017256729386221907
55487,-3.336167146258582,-6.815954886666681,4.584552916568191,1.739536558320349,410.0265768586954,0.05166816959090337,0.0017263311916702595
55488,-2.8204242142707328,-10.942632659322456,4.657952880754869,1.235148090552034,292.8377712494303,0.4722107116556957,0.0017267115903822814
55489,-6.196116563286122,-5.326413736887906,4.021926177495264,1.145233868265777,282.6876581495415,0.7500241271760979,0.0017268661387893208
55490,-5.813328003617606,-10.552217477325984,4.197861590214056,1.7238267524345607,406.624251099821,0.003432730496627734,0.0017269250686609207
55491,-5.985127891550429,-10.164061213244631,4.423714726678872,1.7172977244910752,165.60952452641507,0.41285800207580703,0.0017269381629438749
55492,-9.063277202467503,-7.911403158268926,1.9850702914680893,1.1248713637895282,291.91218709111155,0.6920393625062831,0.0017270333853038548
55493,-2.4291061851057556,-9.029353314578692,2.8125277626308502,0.5547637018225116,163.272940495596,1.0052074133264313,0.0017271257444629973
55494,-2.871647705631739,-7.359617198906945,1.0045812750001104,0.8972513522167967,468.3684325526698,0.18373196188736696,0.00172721414573668
55495,-2.951292378628601,-7.83992596831324,0.4810449107408731,1.858247164761718,469.77094288093645,0.03401626771547317,0.001727327137164799
55496,-8.624388265779555,-8.674189883479265,1.8901553387217256,1.1603362118230531,298.106167242495,1.5481521015600892,0.0017277047043685067
55497,-4.305296577113569,-6.805585004624533,2.1251388824085606,1.899525981951017,457.78574071684227,0.6222271935864558,0.0017279500118619606
55498,-4.483935300271637,-6.603683923531681,3.428242887238205,2.6625762720440207,468.54525484466507,1.2935936904576115,0.0017280022325650405
55499,-2.573673809441406,-7.9426968245777605,2.2765175775453668,1.3879853426116744,334.5178038619095,0.28324517765691404,0.001728364143937925
55500,-5.070463997987394,-6.723379961412651,1.9128782964135227,0.8146180073404382,165.00912645332392,0.7709140285350804,0.001728504296718197
55501,-5.62053963674107,-6.594413110735704,1.617825359640962,0.4855666814260926,115.1979070866774,0.4195336685969524,0.0017289031526769457
55502,-7.779862046461991,-10.548200374258183,0.4077926205746144,1.5130238241547855,300.10063548754334,0.10046183061627456,0.0017289547243897051
55503,-4.453884715442925,-9.333886469705806,5.071797365588556,1.3635588199690418,306.23139975812643,0.4979635457703102,0.0017290129959176635
55504,-5.196386012931404,-6.826474354966628,1.5604294491964517,1.150041811561832,284.59035735948544,1.2122047245022571,0.0017292998735130211
55505,-6.289496502043701,-12.994377097990204,3.635136169127544,0.481507377685752,145.57807322120277,0.4893629128386001,0.0017299109427548563
55506,-7.854054322948557,-9.299492834042129,3.511726590365467,0.9336500481870081,257.86183628120534,0.9612380626475394,0.001730259121579644
55507,-2.7284934281323707,-8.143512744023718,0.3359915579138233,0.6508358179909411,131.94677976995806,0.2931342007011395,0.0017302685387607728
55508,-6.097177617664516,-11.81473443091075,3.7842979922208744,3.1418537335237184,509.6823153531027,1.3075486990175387,0.0017304620437831153
55509,-4.432330905682958,-10.123235020483932,4.391615036620648,1.2342182241933377,257.7276249183121,0.3808731249930224,0.0017309623683579019
55510,-3.1117904062813553,-10.370255716040102,4.359715682654851,1.7759539880404978,422.17750074826995,0.3053351543656033,0.0017311063856022524
55511,-7.146568100107471,-12.085926986830229,3.1656914316079376,0.8259107075155852,469.66290259517035,0.23290678472271065,0.001731236727227607
55512,-7.519372517454798,-12.389271806663585,1.6190748338955596,1.7161055492770467,407.00117101050796,0.7729318833871988,0.001732399650217992
55513,-5.599598140337638,-7.43011830978473,0.34384313573084246,13.460397268119712,599.1846802237769,0.0281015182143447,0.0017326912875099151
55514,-6.325935316797489,-12.461473508662957,3.6679429732065976,1.8413320172625605,386.35093490311175,1.8393271514900489,0.001732841672192328
55515,-7.260103024168993,-10.434207309563188,0.1989340632139466,0.7884979135316036,201.77926012274477,1.2052537527941256,0.0017330101259980899
55516,-4.100932660384028,-6.925039423657052,5.167801056934982,1.4442331796549077,467.6711292279067,0.24925911573869364,0.0017332103543754964
55517,-4.854698524001946,-6.562962913438523,4.0241393774839285,1.830802117313541,468.0593356563242,0.7077693826372462,0.001733310309399934
55518,-8.310057712149149,-6.969526961457428,0.25932072741111334,0.7488212421802645,447.0252589027548,0.24270385205699974,0.0017333462960288308
55519,-4.946032249515488,-7.296193362898892,0.804259201838695,1.247868646255605,261.76791801920467,0.07825992294587625,0.0017334814097657116
55520,-7.261113973669655,-11.46450357616757,3.1266493555861246,0.5098977741143779,131.24948383785238,0.9560249629887361,0.0017336525727760697
55521,-4.434671568492422,-7.102552531156731,1.3845169322947761,1.7115526548271716,401.74127647121435,0.029202505678886936,0.0017339963598203864
55522,-7.159129233920601,-9.233160532118083,4.717761606631003,1.7404867211810522,289.57343504251907,0.10468939680078204,0.001734892699219333
55523,-6.017896534362308,-6.25134102108305,1.3019422087896546,0.6747684215271093,467.7413930087366,0.4413908221250171,0.0017350046985664762
55524,-4.007687340657209,-10.691508748121262,4.060811460884544,0.9634054830812634,255.93218193132455,0.5239163081854699,0.001735056770999551
55525,-5.033452691137082,-6.703655647739898,2.0079353418057497,1.8437087632020845,467.0809656370942,0.16523089586038697,0.0017350997407671969
55526,-8.037526223283635,-9.848515026813818,1.992341813745081,0.8213857316889986,175.1849949227167,0.19155408382321415,0.0017356192889502508
55527,-6.133573112340267,-5.0828430289917685,3.0094880600488474,0.46753749012626067,137.808799646007,0.3306907926456901,0.0017360719616885095
55528,-2.886495058913475,-12.3435445185927,4.154480123356208,1.6089510523422181,371.0481951023164,0.2112337072921333,0.0017365834374651484
55529,-2.391013442347666,-10.405022434191435,3.2766762628881874,1.6080481345121445,298.80172625245797,0.07922450208121834,0.0017383268481565824
55530,-9.11601175407593,-6.695171177870934,4.352872301695732,0.7837847583288117,181.3455850671988,0.8898520413106388,0.0017384190290501158
55531,-5.209916578683419,-6.555558948908091,4.575152219587356,0.753407549290674,227.28784306594883,0.8832707533593949,0.001738592267028129
55532,-2.3121121523955965,-12.543774908846927,2.437999845350928,1.841032030818208,373.7850053785422,0.73145846236081,0.0017386706319341245
55533,-7.897994918150408,-9.488096771979214,3.1407731253396207,1.887840923155933,456.57436312610764,0.12408735946003446,0.0017388126668021428
55534,-3.720273173705948,-6.791119528231204,4.5801989411954285,0.9480254385597261,256.9577325712257,0.9379877271089718,0.001738885508671118
55535,-8.082482342931561,-9.722427895289133,2.014595911073135,1.8441291519514815,467.782416979363,0.899597690799216,0.0017392666539853743
55536,-2.406224677462787,-12.07098375435867,3.995313000810637,1.5754350592421908,469.0266996426201,0.6374605629874157,0.0017397077054049194
55537,-5.678941634248182,-6.07691505364042,3.0740236332559525,1.3978495636774457,275.8329773516409,0.13454496941756044,0.0017399076944447608
55538,-5.850917337375249,-5.938831311067411,3.697143639350674,1.8528556187341698,467.38264809625787,0.054800699368967365,0.0017399097539810106
55539,-9.00595222324634,-6.0858043712026,0.6040867557476642,1.47727754352557,352.54602875951645,0.47500929450911844,0.001740764383523689
55540,-2.4063216218007923,-12.053707063885327,3.9950607280844164,0.8166580716839014,467.25686003787575,0.086044782948977,0.001740804562679232
55541,-2.545120917809487,-8.539158792067013,0.526722624207045,1.104380524456298,219.88813803567953,0.618901007278998,0.0017415190362490918
55542,-7.055238726290023,-8.974493226550202,5.113420228303669,1.4303530589269482,210.20612232600647,0.1229895517937134,0.0017420140698256867
55543,-4.25369831158314,-10.772284872499785,4.028615891280438,2.0001966385626977,164.7926387401149,0.36890476412858586,0.0017423143682497335
55544,-4.374946412023028,-7.896406152607942,0.21588103438435763,1.9286591343847443,396.07899964932847,1.8150031472629982,0.001743100743552863
55545,-5.7970236410638964,-6.817396479668963,0.8759709437051888,1.6612403405001626,391.59538158260034,0.497111455457973,0.0017436990658383927
55546,-7.07432544430309,-12.81200768895396,3.173774153516221,2.5426872198254666,460.0416821602895,1.753156875222551,0.0017438596569419546
55547,-4.478953288180757,-6.9350698721496125,1.8387819455862195,0.9344527361970376,253.2901018243266,0.9588121239846705,0.0017441702190955548
55548,-3.0779313546879,-11.004938463737268,4.084569100700634,1.7653121861828884,420.68247609365153,0.8058943646131942,0.0017446992447276088
55549,-3.5813209653617504,-6.698908698372312,3.019387919082691,0.9811679572970987,272.93275353189694,1.046684674521786,0.0017448398804849668
55550,-9.58523914596061,-6.440236155517354,2.537614057972192,1.4005824822598802,316.4414853725305,0.0641766505259449,0.0017451288566622135
55551,-4.69220882134468,-7.352920791368486,0.8289108153863324,0.9360266705730825,219.8381647698293,0.24425265083785952,0.0017451289087182778
55552,-2.9409289976173962,-7.093961327557197,4.077456435406016,3.8984062438718645,559.0724603667613,0.7520379542617919,0.0017464987166862932
55553,-2.474504505566113,-11.996146920552018,4.817779322382465,1.8941967582874697,457.5461414904426,0.2432390577866803,0.0017466378681713654
55554,-5.046892890729059,-7.030036429637741,1.294509304431993,1.1244838125104217,328.20622233105746,0.9029868517817876,0.0017467363080599725
55555,-2.943088728638916,-11.883257284498464,4.080633760035303,0.6118922515207419,124.0951259519746,0.10642900105575759,0.00174710166128166
55556,-7.996213060478214,-7.860921153460063,0.23626574452421675,0.8208631509400118,468.78956227926,0.16995768524967492,0.0017471430608255382
55557,-7.307569403763043,-11.188127539126606,3.1356128512751984,1.6194102659764362,377.8429901854081,0.22187664046220856,0.0017471980467757445
55558,-9.267848942563278,-5.430596212236426,1.3558579090485585,0.9301807400280337,208.39470566755404,0.25069856039190075,0.0017474482702278021
55559,-5.427839009426842,-10.94745450643731,4.005626843892992,1.5479886477505906,357.27343391760843,0.08786836409958187,0.0017477610847408866
55560,-2.225601451862204,-12.539785490146185,0.7574381185543952,3.0353863481979793,496.63900101959223,0.9138224704640248,0.001747906548722951
55561,-5.848214836631756,-5.947287247176164,2.34526534129072,2.0863550039567182,415.13766845053584,2.1414030677334344,0.0017479264347542791
55562,-9.312180904648052,-6.679054313869216,3.897650084610836,5.650348592023015,272.0521114305615,0.3725700554972535,0.0017480098499125837
55563,-3.2418979829503005,-6.9804286544589225,5.156523263847755,1.6036962745270373,358.0190307309441,0.7020738294811926,0.0017482805292466533
55564,-5.728833814851445,-6.107414332855635,2.3591959809648255,1.5981423981468892,370.9560316945269,0.03240126757156592,0.0017486644768408845
55565,-9.521263682167087,-5.959596096186726,3.4298506021171047,1.208888268948092,357.21028691069085,0.1512899057808781,0.001749507541710831
55566,-6.604084959027118,-11.173884013090186,3.8184481549844054,1.3780880247477298,326.07155195900117,1.531232463283252,0.0017496610243411478
55567,-2.709506919094764,-8.033766203611043,5.019565069262141,0.7714980549213974,161.6716108152861,0.003709018619454163,0.0017496890839990447
55568,-9.60248039500602,-5.034814827355817,2.5080772228559254,1.7668935904070653,421.2331811522223,0.6337291602352666,0.0017497078005474322
55569,-5.375249322238042,-6.336929092242685,3.2839067012563476,1.2136291393145688,306.0442715409432,0.6839338312210748,0.001750041687796762
55570,-2.6922566292979706,-12.044622831915175,4.751864926671981,1.830296575313181,467.5962070435463,0.6263700254795426,0.0017502296630678227
55571,-2.2246080724537425,-12.39409032829812,0.7933046236997898,1.21884558520951,243.19400442389954,0.009530792525612064,0.001750270016123023
55572,-4.06176347756531,-9.898097669654552,4.543132171762292,0.6025748031188398,177.48861765673976,0.4278973797565717,0.0017503833305177391
55573,-5.0370167387934925,-6.572202068615854,4.340439596223643,1.2937933496308958,322.56959923294687,0.4088363129243531,0.001750457824066726
55574,-5.880207773359296,-11.377803076945392,3.8846450103192818,3.8326529984942366,557.129112800126,0.9264736420888591,0.0017512133243064308
55575,-9.235271336687461,-7.0846849568884505,3.7489511380702223,1.664954355108013,388.93041865315945,0.11208843657322376,0.0017514328406228064
55576,-6.8479608972372565,-10.277501060301397,4.086845032625757,0.9052351022690089,179.41737369960967,0.07598882208913871,0.0017516353623585955
55577,-5.6859470774361744,-7.049403532901745,0.6938773081094871,6.595006389692673,693.8119143589232,0.41211337142928794,0.0017517183142568833
55578,-4.521766953369051,-7.02716253646299,1.5382194550675967,2.0054856317325207,394.83003814585095,0.9086159582933604,0.001751797836379056
55579,-6.154466427285514,-12.590041290410067,3.676148490401323,1.0344452772817585,273.0981969300445,1.3013847348941114,0.0017523400871365072
55580,-6.4967714363086735,-5.14689222692837,5.011543802834703,1.9151752821115735,167.24889448027764,0.3421883574915592,0.0017528200018320972
55581,-5.296129749989163,-7.19353197051829,0.7950564632464276,0.7149144990998864,468.37369784570933,0.3422779712528232,0.0017528610892182136
55582,-2.338822307680589,-11.01751446769679,2.6127888205749015,1.3544787288976434,323.6400826382419,1.7174622745903214,0.0017529887773230467
55583,-3.21421800900037,-10.787176308104225,4.047654150774135,1.2230839329507333,174.81922526250054,0.10217307220559846,0.0017529944678711048
55584,-3.6780604522146394,-7.4845090847947064,0.7475262552782003,2.8529000647783618,488.4334419268932,1.9206094886266785,0.0017535216061986528
55585,-5.708180046732745,-6.051493302740919,2.9236059715678713,2.977539919651581,377.1304306370508,0.04468685957440233,0.0017535727053133647
55586,-3.4594678327031056,-7.493917887058257,0.7330202655047828,0.7690517577130322,142.43662707841935,0.10714125669066643,0.0017540796446951158
55587,-6.783306774803973,-11.472588851991096,3.638132704475762,12.311393810445264,800.6377511093857,0.2686784760744896,0.0017547817708003764
55588,-7.74877037849779,-9.9164961548152,3.015245109376308,1.7241908317941284,414.1551253367337,0.42997875879177894,0.0017550604209089855
55589,-6.258054812678837,-6.534202553297019,0.44877929663619537,0.8679441775805458,415.2028534602777,0.2355017226162559,0.0017551262069649164
55590,-8.036239602038671,-8.335835711301913,4.551352084019867,1.1936479638437327,296.8851058489362,0.3030367230024744,0.0017551429169328713
55591,-3.056894092175667,-10.15066066300443,4.563206737909826,0.9690808773842977,469.2182874484702,0.0386281602636922,0.0017551637935600097
55592,-2.367921019506184,-11.370644865173123,3.1093866475926646,0.9775286425350646,430.12630818392404,0.03799224403541235,0.0017552266627924582
55593,-6.007921833625478,-5.853529213501245,4.173803823969461,1.861011795435632,445.9012642360567,0.513612291675897,0.0017552780371451954
55594,-3.789260833901319,-9.648631390121357,4.7481319381500775,0.7955614713365218,159.7093596040778,0.2145705939006577,0.001755829676067166
55595,-6.110964834945635,-5.139923930399515,3.132741041239415,1.6702018080946537,467.63383556255195,0.5515459741155704,0.0017562440735771484
55596,-2.853597697522387,-12.85646851671501,4.1912708386596655,1.1508397387483273,467.24331259487803,0.40582010636068055,0.0017562647388428797
55597,-5.148061299206589,-7.6194387046997205,0.35386405436977586,1.7257484224914037,406.9444229947357,0.27236801927256327,0.0017562908843707272
55598,-3.045384476241675,-8.11340559348941,0.2109541933370875,1.7881826257625244,468.03736502605824,0.3847927247342273,0.0017568197398749267
55599,-3.56388393386779,-10.09885407817967,4.386519760908817,0.8575642605850053,468.131825200476,0.4124333471459076,0.0017569566043208814
55600,-8.101444068493418,-7.816167151246373,5.1825080695472465,1.5804338280617354,294.31006516579623,0.2500643678979966,0.0017570310816222166
55601,-5.921023254228481,-5.846883198387792,3.8339264193418106,0.954031175524673,268.0241736140372,1.7815017115728233,0.001757189310425469
55602,-3.740623938128956,-8.09984916291543,0.06678497476642281,0.8966663018669934,468.68811384446343,0.3620856788303639,0.0017573272892401572
55603,-8.513030001228051,-7.692779004479979,4.57671792071374,1.3539327215644794,323.36935176951107,0.2824075223479001,0.0017573574815711692
55604,-7.2289996624034725,-8.968080191598144,0.08975108641787302,1.8538514047353287,470.255774856277,0.03100208693232176,0.001757855107228092
55605,-9.586139435605594,-6.458827454223616,2.5897497342711184,2.982094145413096,478.90318080727883,0.4884472662497217,0.0017583356991216052
55606,-5.987900943850089,-5.681532405128914,2.4584249254159816,0.868003095523822,469.81094230697107,0.1678175857282218,0.0017586641581440892
55607,-2.4699449722939724,-11.60603719030804,4.800350144983862,1.1762682546165204,242.61673644227196,0.07126315718907339,0.0017598666944657721
55608,-7.263650554466876,-12.145948083341194,2.9609588467918653,0.8532801770446417,192.79002436850237,0.797738504775249,0.0017600514564944545
55609,-3.4441584433212284,-11.951309961858113,3.6846187327427917,1.586438719720331,374.1707859992341,0.5828290878332245,0.0017602347290325282
55610,-9.125048589163331,-5.202794284850993,0.7363817459692774,1.1045721411179419,222.89022140857267,0.08396045723152135,0.0017611858115093664
55611,-7.882436314664422,-8.423569331316681,4.705502395101665,1.2578836342502955,302.25805589392314,0.27169599441154624,0.0017614897793451218
55612,-8.503447045948272,-7.627399322984667,4.689573140182223,0.7809521292909111,468.7171473990422,0.20304751303837953,0.0017618054267126448
55613,-3.6829732652066536,-7.218507503181602,1.2611075831797258,1.2475251034539836,261.8021626776911,0.05979561573681913,0.0017623108589060695
55614,-5.946910497841783,-5.7770192802943665,2.5319872716633807,1.1934007194002403,301.3387035178841,0.5331726549229581,0.0017624174131827116
55615,-9.526054229572258,-6.847344616912616,2.7057787616244653,2.562424722399407,454.1033514394504,0.8925223999573406,0.0017626063553550979
55616,-7.46877910325181,-12.847334759795679,2.320390436056365,1.667012273674695,389.42287051253726,0.795836858357176,0.001762805007476351
55617,-6.1163109291684234,-12.276845125849634,3.708414446138386,4.192270758086768,411.04566284794333,0.024781711326574474,0.0017630257002345686
55618,-3.5819746422295733,-6.747185111325171,2.643661277411804,1.8687602202881226,467.53074502955224,0.35469303016625453,0.0017633740187772825
55619,-3.7131906491691407,-10.212041163295575,4.312135560684436,1.2555837276924324,309.2770584349352,0.5206317838066923,0.001763703067235621
55620,-5.511397051601257,-11.44717609753608,3.8547267106192837,1.5599471079914609,369.08538969584316,0.23137365404383825,0.0017637651288394543
55621,-2.6234907812118564,-12.082207438102564,4.942568793396676,3.4785510231944174,235.18086060686346,0.35908799649894974,0.001763908371670468
55622,-2.792561417862826,-7.34173838679211,3.6178797191642693,1.18128707514174,284.3021960948784,0.3923440316143223,0.0017642243174941928
55623,-4.659055166559062,-10.446387694829955,4.19730266371447,14.693591304962135,673.3777154254341,0.033118544108570624,0.0017642499088909363
55624,-9.233286993681023,-6.202347130213944,1.2359231581524994,0.9509480371539726,424.565207213915,0.9597951627005923,0.0017648336545647257
55625,-2.4541878308646066,-9.16063215463168,3.5728716395537488,0.8485425137486053,467.9841171049557,0.36074794949304767,0.0017648373955657908
55626,-2.190919129621971,-12.676259584524413,0.9197155051629466,1.022351938869486,470.53983950244617,0.016041366670781265,0.0017649026818797042
55627,-2.4309807958431513,-11.304898760272721,4.30986409585982,1.8602519104899136,449.8530593005509,0.48948088012396607,0.0017651169751781498
55628,-5.592569043268175,-6.203556382965363,3.7284938717628533,0.6357508505950873,195.3918293522069,0.18452071338297849,0.001765451042576185
55629,-6.78356839985037,-10.973734438774942,3.785616813325457,0.9926419554561743,221.82397607031052,0.007328859912791863,0.0017655261375965606
55630,-2.4210151493823666,-9.971858140873978,3.6844935342156377,1.8248317974968318,248.4783949874906,0.4470996379028298,0.001765813801300143
55631,-3.4698540984665005,-6.772534884121131,2.6064073110045607,0.7252590157753602,468.3297091865523,0.3209374248034633,0.0017658820382357914
55632,-9.610549455279191,-5.811377048624488,2.8078393652254645,0.9212745728795947,195.4964506010135,0.11661633900460355,0.0017665907623029575
55633,-5.745865544792033,-6.061089444662343,2.446068427408567,1.284632651860169,317.46320056205496,0.3071588892689512,0.0017673246743614664
55634,-6.4101645772230285,-5.460141034526185,4.97881000562715,1.1044528608547313,288.09050153349466,0.8550696800747621,0.0017675605449122944
55635,-9.594545606736045,-6.272677314362074,2.957391109679904,1.0900197245668157,467.66131468705925,0.9357863235099773,0.0017675859774428412
55636,-6.165911729999803,-6.531141181787887,0.6202066973694349,1.0744166489509666,288.8532659487508,0.937759924645631,0.0017677128316212817
55637,-5.580979586331686,-7.783030212763232,0.05908734144845617,1.7086139720957032,401.5106319680252,0.08971134864243169,0.001767957660542908
55638,-5.828353131015008,-7.0508315146319624,0.5695329808085063,1.838323658015363,385.16724212167355,1.7580529000611564,0.0017684152785609197
55639,-3.3059259650593242,-12.239882158724543,3.6543929279323293,1.8170059073817602,433.99180141903753,0.3665398727407876,0.001768603817431302
55640,-4.307467902934436,-6.640679073249359,3.426511423566065,0.9026703097198021,467.59826978303533,0.5973641811048278,0.0017688587665369365
55641,-3.9666635431042243,-6.671390710019291,3.2913579347663067,2.532047772678847,457.0810172849317,1.4334150302451745,0.00176888567352521
55642,-7.465099019621051,-9.835437800993223,3.6921068476890686,1.8321407064052422,467.45231363429656,0.12322208062374784,0.0017689550402718928
55643,-4.632913961487169,-10.82503332050118,4.015987674516261,1.1640535517040105,238.03644460349454,0.4925484842237271,0.0017689844752998615
55644,-5.516456049810886,-11.424933163022738,3.8594547653024547,1.1661260595666487,220.2811646109373,0.025802095713700623,0.0017699038759510306
55645,-3.8958023603363507,-10.118463052506929,4.375289703674208,1.7165874040186193,403.4850211867611,0.43731503708721764,0.0017699654908757143
55646,-6.04455851653424,-5.567115265877651,3.6762663656501244,1.6155058725890086,373.8373870097457,0.42669048011966115,0.001770199592055476
55647,-7.1723440447963895,-10.379888830701354,3.710613067102305,1.2814388029135073,273.83132715908914,0.5777169018699047,0.001770447668483297
55648,-7.623406148365454,-11.078660086983739,2.376062598254781,1.0610142030679623,282.07017203021593,1.3099373808934365,0.001770521949881933
55649,-2.702032461741405,-7.637884844841918,3.6545462863981713,0.8921284562930786,468.074225169729,0.317427539960911,0.0017706737010697
55650,-7.792146472798336,-8.835784702018085,4.273361245189467,1.0230784600443348,388.01989050388704,0.6991845011122555,0.0017708067392954094
55651,-6.288999536695513,-6.479577513061776,0.45291061655458037,1.907147642596534,467.72585807707753,0.552829539715149,0.0017708637859476936
55652,-3.995982918345974,-7.494663416613187,0.7131226998843602,1.2798673899847275,278.98077459974485,0.2391114017185485,0.0017709568586218426
55653,-6.2153799964133665,-5.796537132691705,4.823096244419108,2.994810212469762,489.99542096727436,0.7142743127119049,0.0017713074839170947
55654,-3.0329062761575942,-11.627766703518683,3.9643697562070144,0.7905853418480951,220.86095342022747,1.2684177382271775,0.0017713317015726551
55655,-5.165466232454449,-10.970390092625138,3.9821389405448984,1.1026432754629245,467.7291689385952,0.49554053521052843,0.0017713708776869056
55656,-7.048921951705019,-12.464368632879147,3.22877158440904,0.9097127157466817,258.1916946377136,1.548616666300279,0.0017716067797499907
55657,-7.617608937227098,-9.142084838527072,4.181907440142438,0.9535230845512433,224.17038219027563,0.4317491901360775,0.0017723806189426023
55658,-4.957532453318848,-12.551487895522536,3.655761373347476,1.0657407080630048,277.5936022985806,0.8641177622349945,0.001772469440804556
55659,-4.446491835179753,-12.03108578380422,3.689505717703618,0.5010282967520308,119.63997360038698,0.4417149938282767,0.0017725083612152425
55660,-3.9754299233303083,-6.975176767833368,1.8321750000029522,1.1941944172091075,252.7761755083894,0.7832750741883503,0.0017734344797303361
55661,-3.0888572849971654,-6.872417440769898,3.2164714790493596,2.508873854008071,456.70107777493797,1.6607093796201235,0.0017736501165047298
55662,-7.950778492006619,-10.154124180390296,1.7968979697470349,0.8940227052079263,132.61839118906533,0.33884536766794326,0.0017738553921587256
55663,-9.498063990561251,-5.364951455977659,3.454831947057148,0.7450653778270419,224.90016170741472,0.5863430792564026,0.0017739298902213557
55664,-5.627693986795077,-7.097893642495744,0.6969385350691415,1.4512224375828158,444.55283213546363,0.6102402094492492,0.001773982191026338
55665,-3.19700662046602,-8.284153723005694,0.008945091619924688,1.7686895033353596,467.65214344849653,0.31374759895709037,0.0017740143211321772
55666,-6.2526372230801925,-12.832090891590253,3.63809070999665,1.8448423129593596,441.02825335392413,0.322046629386219,0.0017740325931915421
55667,-5.065879158053389,-7.621342448276542,0.3945740474614997,1.4554731929873994,470.12331356812314,0.09797393026640044,0.0017744051114220486
55668,-3.5424069351070493,-10.872373566000185,3.9712034760198223,1.059543038318027,279.66094051971277,1.6338479229495908,0.0017744088583178433
55669,-7.109580951832436,-9.603466482092362,4.38041757286403,2.9265790418243163,486.1127280050843,0.830002616745932,0.0017745205388823497
55670,-4.722686328059086,-12.379529990381789,3.655144171148424,1.20626071869422,304.6888883803442,0.6860601789850467,0.0017746194849045456
55671,-4.924224889718301,-6.544853458886548,3.9243975922440404,1.1726921797242102,467.9991107529632,0.36752269751543665,0.0017747255725871114
55672,-7.2922079683629235,-11.982861901418032,2.9334452494046923,1.7608936437934604,416.80507404555226,0.33144175261150366,0.0017748698224821168
55673,-5.742574029963477,-11.74414010758403,3.794350558601027,1.5496463940425966,359.83821286222536,0.011742362470816836,0.0017752320997706792
55674,-9.431275095516789,-7.156752841133499,2.61375758879157,0.9986023558734998,195.71556959935646,0.07581159218930011,0.0017753827981753794
55675,-7.776733637901975,-9.825162044738226,3.0348467521457327,1.4404637209855113,324.03543156749015,0.11676528585943391,0.0017756332257443876
55676,-8.755193039665793,-5.342033463903032,5.107072566826287,1.656370968168,388.7412492988318,0.521075473638196,0.0017757011160116029
55677,-7.218339318706889,-11.03877981545119,3.3241804391113696,0.8050285399018756,469.95927122289737,0.16074428197231683,0.0017757086001069513
55678,-7.346443336135959,-8.939854604850627,4.834652001565489,0.7817846558531552,161.79783000805517,0.09638628174719344,0.0017757652691382628
55679,-3.089292828498394,-12.388194642777389,3.7801948580460296,1.6110532869789975,178.55985518938948,0.20910096510010145,0.001775874300576563
55680,-3.6205671543402467,-6.693800628762189,3.3368282034863244,1.1868815686425929,157.8016494434809,0.16311712820098645,0.0017761784257448112
55681,-3.100476514431235,-6.910503720732331,2.3876040309062967,2.166067247489684,384.09431504128867,0.34405555319296166,0.0017770801417572146
55682,-2.616922262264829,-9.234398220533938,0.03266516534585014,1.755819260720366,467.6564067792816,0.7819533901075788,0.0017775912379421749
55683,-6.341682562347591,-11.497395561161161,0.024841697585719923,2.2795142200490095,424.0395059099507,0.8414173038849002,0.0017776498133000964
55684,-5.911835964385357,-9.682528210530009,4.788320362913788,1.5423154505188814,355.7183601087105,0.3284011521359913,0.0017776705426878077
55685,-7.415455639207179,-11.61368628291645,2.763628823604862,2.5521850650725755,461.32121770915825,1.8165450449375777,0.0017778867263531744
55686,-3.11999455870851,-7.111688492513461,1.565350900653351,1.0709874749569706,254.3813569921997,0.25901931729887817,0.0017779503378591876
55687,-6.256182173626049,-11.39445296649717,3.8463246697977724,2.321957854587508,353.2498654771876,0.11330618627961275,0.0017780027544755772
55688,-3.6339167721098518,-12.446277143555937,3.6251951663312427,0.6272496723553355,195.77465853875154,1.2023381162038786,0.0017780612282526879
55689,-2.292940727717008,-10.03388016784485,1.7515562759837988,1.1145338195013994,468.5163240030732,0.013582630734667589,0.0017782971585355793
55690,-7.601073512002262,-11.83023831523241,1.8309552952272259,1.7062928890079445,397.6659674405532,0.07034578124457713,0.0017784410926545348
55691,-7.125729186164297,-8.982069039150069,5.030844202226334,1.4148762233900318,322.0416262123736,1.0880672400289138,0.0017786771139458788
55692,-7.530159508536402,-12.794522697542074,1.80209143002514,1.2021081825787028,267.6620576844918,0.03989925654295767,0.001778705239676935
55693,-5.736023418249344,-7.020993867755643,0.6823558474883713,1.0262465772326972,279.4466905313228,1.182367252791975,0.0017787834905539158
55694,-6.218474419115299,-5.699324413448852,1.3581529702684993,0.9813705565610378,469.0720406231554,0.6359976362448698,0.0017790320277580104
55695,-4.0785984865680325,-6.770783443268843,4.539240172384447,2.969268375422815,495.4678994501032,1.2861552228554674,0.0017804524258655547
55696,-5.770824508441233,-11.917235245559983,3.7596178529069118,2.9159665116719813,491.8805789838227,1.4416483322697387,0.0017804984973870744
55697,-8.585951399712993,-7.038882623300649,5.164872328361899,0.8648230636350847,204.51252188701216,0.04483959588644293,0.001780546671818228
55698,-9.07593626737676,-6.600571484451886,4.463631976742274,1.045950453743145,279.98092212044514,1.1088358477556586,0.0017807817359551843
55699,-5.976566853995858,-11.801606232381573,3.7794868910521884,1.2702023742130448,298.98656951954035,0.5385025775649197,0.0017811187633621727
55700,-6.010312448909289,-11.264320681579058,3.9039411753848143,0.8146608011013039,465.6911556027948,0.2341637439715507,0.0017811824368298517
55701,-6.418312498064353,-10.959284659268222,3.9458257851549363,1.806527635370198,468.3017996885075,0.8009561858798486,0.0017814121565820958
55702,-2.2582467838671905,-12.73626843384861,1.837599524507699,2.2699404701986414,275.60583121417136,0.08924397902207115,0.0017817007266801733
55703,-5.3653748563188906,-6.375998060352294,3.9080660188221845,1.4388688397602276,335.5175189441132,1.9348781141298455,0.0017818403179783958
55704,-5.695790373740678,-12.497975568056805,3.6869284634104313,2.641568396495565,471.3081636286221,2.5350939162307684,0.0017820304162224946
55705,-5.67397713245719,-6.275131166920892,4.362451355412975,5.690395502057452,272.13987882596376,0.2955842210425752,0.0017822108918166771
55706,-3.307569679923229,-11.037075364019628,3.907865756817678,1.300069669116263,320.17396235033647,1.0532051558641697,0.0017823810685127764
55707,-6.198706078901089,-12.207439404935036,3.702381499184388,1.024079608696944,204.45672528303723,0.2833276341694786,0.0017825180547667728
55708,-2.76529271803446,-7.856325988891344,5.086592849852802,1.6948955209038297,399.9878733910805,0.5238474093342393,0.001782636282006679
55709,-7.797870746111722,-9.972489202595192,2.8000122341541207,0.9332720492886677,191.71039974079122,0.32004048175336397,0.0017829270635836537
55710,-2.883095524420293,-7.241976009741858,1.5639733349915728,1.2966744972646351,203.04036090779326,0.11843562374106575,0.0017831676446245044
55711,-9.419223630071059,-7.105135688182519,2.1686438075135475,1.6988624484742514,399.37797604238693,0.47785400851010973,0.0017832736016262863
55712,-6.157500138918362,-10.369791566912864,4.270024754316822,1.39034177296698,327.6371522168256,0.2198769903761768,0.001783665030000025
55713,-6.656497029682705,-11.505909196805304,3.694895503845207,1.7666823604261754,469.6703428377271,0.0051177138372215936,0.0017842513357360014
55714,-2.6909532861993126,-7.588219864522241,0.8390094957732801,7.611286043365469,400.1133410467709,0.14972112869986098,0.0017844866899447698
55715,-4.166160453513892,-6.7759954474858635,2.4268685768627885,1.879867373435935,467.31368530614327,0.1295017779112957,0.0017849283267225007
55716,-4.796027707824276,-7.984178469910665,0.09962066179784453,1.125264333021245,467.94232786902825,0.5715205568884736,0.001785087350183485
55717,-9.492321861018615,-5.982230497468867,3.498374506803871,2.2998218412133875,436.43042749718785,1.7952005446054917,0.0017852013649325546
55718,-2.6256005417573425,-12.52129176563521,4.873590456098573,1.8082844171309276,430.23731277274663,0.4847906245959708,0.001785227557858242
55719,-3.279586246533314,-6.7364396060937874,2.8180866307273207,1.079846528758619,233.2849937150968,0.4495251905657538,0.0017859107541362616
55720,-4.626455635560972,-12.609519716823222,3.6284441988533476,1.3633994142031238,309.17959096776013,0.4227196136035287,0.0017865297982848328
55721,-6.0543465169826955,-12.085286333718374,3.7299021911751593,1.0919300202271478,468.6018815911124,0.5731854253393598,0.0017871061007455476
55722,-4.257139813378982,-11.704115011572826,3.7359396340867423,0.9797835062016215,241.44334630557236,0.8080203604503255,0.0017872011623939414
55723,-7.9601656917137005,-10.134977697799707,1.4743867823216699,2.7830321193784893,263.8185693335438,0.1580385721428028,0.001787807465509631
55724,-6.382313900706139,-12.372130709752993,3.6492423930662343,2.6759168490117995,399.70848603739756,0.12307466554862945,0.0017882308951550816
55725,-4.800622107934017,-12.238622467211828,3.675558192982845,1.0309362411027252,468.0606859674491,0.7084135960664861,0.0017882410524892739
55726,-7.790675825600155,-9.60629999071161,0.34365835055803523,1.371416996105359,321.057071808791,1.3399388290409897,0.0017889230319298453
55727,-2.912313769990904,-7.1054751073270985,3.5784037423648245,4.207026072158647,534.8101046878571,0.18538384910037475,0.00178901062521564
55728,-5.818619818610152,-6.530362159019609,1.1551402339888461,1.729614681073311,369.34409606134705,1.0650435948786159,0.001789107481107724
55729,-3.3136043037800196,-10.314417112243351,4.243059926742172,0.6168936983878446,125.97099406083937,0.4542454254712167,0.0017893107559058714
55730,-5.775352688105527,-9.807372843717525,4.676556789840171,0.975452130917174,270.47982454545706,1.4050829715100779,0.0017897882031483062
55731,-5.595323050160041,-10.909573960592141,4.019248091986419,0.6015148427213876,178.42282408066208,1.3367876587517227,0.0017900168945884283
55732,-2.3728225066654396,-9.16626010562383,1.973451760900257,1.6117081376376405,372.88374984982994,0.46400998852130204,0.0017900673592981314
55733,-6.323863736783778,-5.498626123204892,4.7012509825106505,0.8884438687115681,468.9438507078986,0.5274171365006639,0.0017902579415418527
55734,-8.765029806718932,-5.115215851548947,5.061984804915449,1.004595538289569,273.02034747613374,1.703960182077199,0.0017906208597740227
55735,-2.2010155019667685,-11.247880597186345,1.5406361081431612,1.8430028015627173,441.3280464796231,0.10375961204792095,0.0017910725675494231
55736,-8.286598172752468,-8.996441828093614,2.7030746076206333,0.702927196184443,167.27940622915497,0.52785420008387,0.001791175231124553
55737,-2.260136000111819,-9.292425700108819,1.23973931494956,1.6779110881855404,468.014264529931,0.7909925086002003,0.0017914274974805487
55738,-8.651070722653206,-8.142158216209056,3.4246511104724315,3.6758127949134756,381.2536624260851,0.032549121255935454,0.0017918294356015641
55739,-2.1598497882171976,-12.597451574622555,1.3263470639023125,0.9099061756752738,463.7151386948238,0.37969954628731717,0.0017920609042539897
55740,-7.138237526001866,-12.141686372054123,3.1486983775071287,1.8656863609785777,468.02678440808313,0.5134678618371975,0.0017921072036897131
55741,-9.333405274284413,-5.293421513327422,1.610652795014323,0.7873379110615266,468.4831270193154,0.14555485683374503,0.0017924121552265282
55742,-9.162162542852926,-7.719041130642146,2.1997472312924407,1.1336667012410697,291.5287404199731,1.1080064544889678,0.001792573988558679
55743,-6.0011921377861235,-5.671000040190873,2.5462034872137487,1.1851197330213246,466.1670242091213,0.16298974686421008,0.0017934421967163215
55744,-6.505463629416416,-11.709005319094715,0.04945296449630135,1.3898618866945684,313.9866457306657,0.40431151777058805,0.001793607064008909
55745,-9.572283337248365,-5.318189742154799,3.091515360553102,0.8573386650527112,467.41843409703216,0.5958856233629763,0.0017936429325124809
55746,-5.6622552746413595,-6.292288630747056,2.1691818586831646,1.8207337492103337,468.01843635064034,0.3764343091241704,0.0017939443947580355
55747,-9.599314091544585,-5.497573885033676,2.898481457036167,0.7120015616638816,468.05642469576753,0.35352021050891747,0.001793958860039058
55748,-2.8600358190020083,-12.90982494985497,4.155300371963731,0.8649016437857651,136.96539319184558,0.29152004187505387,0.0017940355739523265
55749,-2.7244310881615297,-11.08082761456325,4.868411889998976,1.1876330258536931,301.8648645206176,0.46682812863344925,0.0017941438856566446
55750,-3.218863256616899,-6.763487556406697,3.9449568307293514,0.6775058483044637,141.82345985184077,1.0306343282361237,0.0017942759846146929
55751,-4.497688348150962,-6.813426098022188,4.856726291446326,1.2982562514173626,315.55048595889474,0.5814388347512898,0.0017945565534236755
55752,-4.277468407471854,-6.692537648993046,4.03590288436057,1.0995822239000677,291.2922535286744,1.5429561695921974,0.0017947922141550465
55753,-5.438177197569896,-12.21392249983144,3.7071458515640847,0.8842825117913224,194.7982677346404,1.1161713733243124,0.0017949457779585234
55754,-7.466433755955304,-12.591405950972883,2.3567985010799344,0.9121093737137578,341.20455833622395,0.6717281265253083,0.0017949567210054777
55755,-9.176227707202592,-6.920797197979074,4.047784968451156,0.6903396796794032,152.12173791788297,1.0784741566689435,0.0017953154102905607
55756,-6.237277673329335,-12.632402797407703,3.650401555806084,0.8238933093655657,467.5281794537637,0.5436133510179255,0.0017955749233620557
55757,-5.339486056952227,-12.307068448209636,3.690959992250972,1.3116407339057026,231.11632882095222,0.04801973949329419,0.0017962027398910681
55758,-4.337018228771835,-6.667286753920207,2.9279614269678307,5.546267680490254,650.9567336230325,0.6836513756610882,0.001796466774055881
55759,-9.20610235200762,-6.614840176249663,1.1912637054332353,0.5952860059389945,178.57882375886442,0.9492451973935623,0.0017965242770055672
55760,-5.481558516589143,-6.2882355019041976,3.2746754578827444,0.9421126249814249,247.07536820787388,0.8331666275241956,0.0017968711513998536
55761,-4.813580353431592,-7.935950861429931,0.12887373887683945,1.829614205418878,468.39988479820835,0.5091060048839218,0.0017971349074026248
55762,-2.285819825948182,-10.83876441876347,1.8937547476037175,1.545800077915614,351.0484476717879,0.030962143250913066,0.0017974624985381072
55763,-8.8428945355097,-6.490912102301081,4.95614169783629,2.047650693276084,407.83321258529685,0.4004949738752446,0.0017975994888745044
55764,-7.516430042703709,-12.48382459433133,2.139660414695489,0.8399780824737065,468.34618723823706,0.18320526365168632,0.001797932540166551
55765,-2.572228191605581,-12.902372644108873,4.979364638979694,1.0388599062181276,468.108724807799,0.7356312033832451,0.0017979599391511657
55766,-6.103389619558169,-5.712331786682303,1.7990874726243957,2.0606299190872512,390.9948684945323,0.2620267661172724,0.0017982903368509114
55767,-5.3327619460327425,-6.664798670322776,5.076234471529568,1.304400459280047,317.78826014583257,0.5532854508760447,0.0017983455939813025
55768,-5.525121561163074,-7.238784918534478,0.6066933992609924,1.1046740640151669,169.00492693367536,0.1756981469279575,0.0017983489031982369
55769,-5.119011867413271,-6.835191151187002,1.702427583428189,1.8537256503379336,383.60004555802396,1.277744658464532,0.0017989235771664423
55770,-3.528976285753882,-6.8010940082556965,4.529026114575233,1.0011851268539336,267.8294701562553,1.6523169040448282,0.0017991346502296984
55771,-4.949133074429103,-9.741347101049868,4.694412149932799,1.3651899239065046,327.94859135926873,0.9157893430903608,0.0017991444081415916
55772,-6.372776812634232,-5.010375713090857,0.9472202315750807,1.0072372852595848,239.80799796752538,0.14933048616190803,0.0017991789948260417
55773,-2.5416261572625256,-12.177375135755238,5.033606918574196,1.5484358484823784,468.11489522736514,0.1758818391917334,0.0017991971895079135
55774,-9.57785927192934,-6.447504476441272,2.5439998877209775,0.920395152678256,230.37031926267707,0.7258836470875725,0.0017992141325112784
55775,-2.89801464924348,-7.133744274267394,3.552905085161753,0.6507143576141631,146.53748487840372,0.6162712243538788,0.0017995383884936707
55776,-4.056021146085652,-7.322161316094859,0.970061150985532,1.785140338283307,311.0579718544661,0.1718278606319057,0.0018006483864948372
55777,-5.086148234167556,-6.8014860678320765,1.7615736970124847,0.8546544938242189,166.47679590650972,0.4222647057597646,0.001800837011079711
55778,-2.368564166652015,-9.317169948220727,0.7235731261077777,0.570392321866608,117.3846636406361,0.12369965935119431,0.0018012507538829679
55779,-6.368704866938724,-6.066259346780203,0.5354423055303728,0.8408698637468861,219.0077869817033,0.8105413317404961,0.0018022055576944476
55780,-9.099935507839437,-7.094725363231284,0.8977734653993414,1.1334898864121796,467.7900290798513,0.5185268337006645,0.0018023393545713135
55781,-3.597024357928264,-11.577332024171588,3.7496564784412034,1.136433474923642,155.42163408446936,0.23443117639456812,0.0018023903195180492
55782,-4.541727395303592,-6.624273782905715,2.9810874392312905,1.234735858570282,468.7403972866873,0.6090104490192578,0.0018024291182473008
55783,-5.273071666821287,-12.418808746502744,3.671886658801069,1.574846597830476,359.93701884673226,0.010701025944865883,0.0018026950008651619
55784,-9.378304748912452,-7.080451771118814,1.9211485494670262,1.1440959648467162,466.9897076443105,0.27277085575670146,0.0018028566026341173
55785,-4.756347192003365,-11.522751807739413,3.791280607699951,1.748520404735509,468.46817436910675,0.6545865550793826,0.0018030745368793862
55786,-9.460816615398384,-5.610244817632142,3.5788348246243804,1.135440583299841,468.3462352257484,0.5158699627469598,0.0018034883340568464
55787,-4.6897781391742726,-10.980742070368642,3.9488214729629068,1.596734946748446,349.28737451145366,0.6189642569049543,0.0018039160943394926
55788,-8.989811417968863,-5.704234654430358,4.691464631560784,2.0279750333307027,407.5996427993285,1.8812196719222634,0.0018042346186533658
55789,-5.894275126949266,-12.636584491210215,3.6689206930675176,0.47082124971322264,137.0650243854127,0.5129573352878625,0.0018042817400970058
55790,-7.166660879406715,-12.3414698570574,3.076785661812895,1.3243287839488953,299.30583080847566,0.2345735987128359,0.0018044263438483476
55791,-2.15246110658824,-11.94782303941044,1.14446619931979,0.766148905048506,191.5625734574046,0.6457997402593696,0.0018044534165038099
55792,-5.941186110866969,-5.718627826863633,3.2142672561358534,0.9017093711222005,181.57273961362526,1.0046439779853733,0.0018044619696342792
55793,-9.52612376612887,-5.812588214545758,3.3645475177742417,1.4918761209297144,468.6628484285222,0.6006357785969012,0.0018047215361760053
55794,-7.522812073334112,-12.679327671230974,2.025141077357229,0.9898048200431715,469.754074703773,0.04810005585079935,0.0018050195884915517
55795,-6.662577971338427,-5.216091281010892,0.13374517908356928,2.5255624984044154,459.79641647387075,2.1671537189111314,0.0018059805282443716
55796,-6.062499020824536,-5.637991670024033,2.160696665593113,2.0153073208454657,405.9269098603737,1.7553225841748956,0.0018060457642170677
55797,-8.03985349895461,-9.36685807570362,2.8671931499319254,0.9475884814945302,468.4001015410956,0.0480697682277178,0.0018062076051845312
55798,-8.87160636438114,-5.286178844887766,4.877939769910407,0.9905362099622759,468.4304882879573,0.6707252560631183,0.0018062722883833377
55799,-2.532691542928932,-11.79796859307185,5.05885033479053,1.3737742053089996,317.531488085005,0.46593072635783717,0.001806287409084798
55800,-6.005245715354716,-10.950064278020813,3.999616157152312,1.8609316043579354,451.26098273168935,0.1839725578043323,0.0018064593392968823
55801,-8.167761746749289,-9.373422184106124,2.348989220622806,31.718198239208512,857.6752394160503,0.1683865398005011,0.0018071920986879348
55802,-2.646790332855341,-12.655472986425103,4.803885127124486,1.0644680188674962,449.76899893971216,0.09220946205219516,0.0018074169622016158
55803,-5.580647244660104,-6.254020684834268,3.899349729549457,1.7769588823781248,420.9010382703952,0.22028262893682093,0.001807904325351755
55804,-2.8075432846146615,-7.5247493579533025,4.5760239949608295,1.4411696347727998,468.02254951206726,0.170244851004262,0.0018084277223236742
55805,-5.910311977870764,-6.338147335087719,1.482009571218445,0.8686690505412835,225.06904739470207,0.7501202897772554,0.0018085301634357131
55806,-4.269788596668741,-7.677305788590966,0.47442580881402985,1.1577986891373042,437.5837971988772,0.2266225449010859,0.0018086314874819877
55807,-4.38104642893919,-11.987338324428872,3.6840950409876645,8.214728988907774,300.97474842881076,0.32582856171997054,0.0018093489719129903
55808,-6.266254433933543,-5.788612087190136,0.9873888085726231,0.9800672742905597,467.86685507752765,0.4340542470244815,0.001809565329388665
55809,-7.941676581392615,-10.039281095776989,2.1065961330046297,1.7551938956645594,415.12600291319967,0.14123366902836398,0.0018099013206799225
55810,-5.8895189688963345,-12.098914332939012,3.7248684512340446,1.1204198579973013,276.2733839358345,0.14967344070266453,0.0018099436920652819
55811,-3.712368884915332,-9.417598905821908,4.949838612420684,1.083220332318438,286.93401410748055,1.8571393299951051,0.0018099954466993637
55812,-8.007336751881072,-9.321208224666718,3.046478529918849,0.8710664278185032,467.92781380670095,0.4605187160647164,0.001810340499823602
55813,-3.53893470883591,-11.103714953613474,3.872526332195703,1.2947479883628599,279.36284544572464,0.9467657063977528,0.001810787533006624
55814,-2.7501605820319384,-12.272577147209963,4.533519887046153,0.8504378620648743,467.4016993822572,0.19459879384868461,0.0018109160362931563
55815,-9.486323402508297,-5.367879083624096,3.4658294390469724,1.3757146966605982,468.35451008053474,0.07382680262253505,0.0018113973890549941
55816,-5.207621251087957,-6.484167397939497,2.5580219308023437,0.5776681527581923,168.86008201187178,0.8153027892372817,0.0018114938201631476
55817,-6.322592455813012,-5.2684415175177834,1.4156080574512275,0.7093684081531164,168.71075353346885,0.8964948445592649,0.0018119711880814214
55818,-6.093293623920658,-6.051643879637461,4.884850467363085,4.08901832923143,575.3066209562696,1.0741211278577945,0.0018129048563641818
55819,-6.028625024544668,-6.528706390533113,0.8486527317453424,4.050099915023286,561.8416595588353,0.4098243333492322,0.0018130083832276194
55820,-8.805586752092623,-6.020269116588283,5.0597679263028885,1.108980500837048,467.0288440534547,0.8813530480748897,0.0018130815745001003
55821,-8.350588954032547,-9.097946596369502,2.1127888166631794,1.1148317293893877,246.8106159601411,0.19318136433380673,0.0018134265322350862
55822,-3.6837032881006726,-7.693937171147292,0.5120761690007368,0.8219493382004346,469.3817216285757,0.00990921658821975,0.0018141298763884174
55823,-2.303854924107199,-10.325947139517108,0.6261008937691926,1.4605841700042912,303.9567336398689,0.17380713826836214,0.0018145845824859056
55824,-2.8690710206193506,-11.45921393907823,4.332306846683963,1.1814374529820422,304.40984328644583,0.6297583243703526,0.0018146314659881427
55825,-5.939009176400943,-11.360998504625131,3.8714024359353605,0.9522771512264202,426.5024930009317,0.40307816795716356,0.001814935274019516
55826,-7.152734494191928,-8.87896465030533,5.1181143448405475,0.9556739164831809,145.4681621738065,0.22752790560344227,0.0018152937757339451
55827,-5.769671285146119,-5.987741418917805,3.107197858148293,0.9253006809371842,254.37116902277205,0.9331796527384695,0.0018164217275077707
55828,-2.215459707475487,-10.620200516138784,1.545538791941898,1.118477667289686,244.60734490959584,0.04849798181129028,0.0018169244459381704
55829,-9.434447621747603,-5.175662980446518,3.612508404242666,0.7669916139099525,165.89051727489425,0.0396736498308945,0.0018172206454992114
55830,-9.111974240195453,-5.737176264752158,4.434650113991245,1.563432576344173,470.38001351907985,0.18770193325947915,0.0018173404710365832
55831,-5.95665714655979,-5.665848988374924,3.084025766440091,0.5135921387896906,110.34850863894181,0.38974995352045116,0.0018173828523377813
55832,-5.922951483502158,-11.011861053043914,3.9787475704628963,1.873049447529472,469.93947115989386,0.004102794930305187,0.001818968635230952
55833,-4.456576307134439,-11.155888709436011,3.873349194012175,0.861752643733914,227.02787458275782,1.3312849061007954,0.0018193157007503815
55834,-5.888927872319604,-11.560501078710402,3.819724505401448,1.8261749958252833,436.0020081900237,0.039003195245213895,0.0018193445215018782
55835,-8.965601980740297,-7.783917003146082,0.8846313213810159,0.904422142663235,217.4216769968216,0.45830430128263,0.0018194097440971595
55836,-4.028685392998432,-11.220271810512996,3.8467214147627953,0.8585169351976631,468.17647958455575,0.22337867855556848,0.0018202301079401114
55837,-5.700777209857616,-6.226954189106604,4.22052890190074,1.0392477596044185,468.68692598230945,0.8216760596240311,0.0018203180436995399
55838,-2.352861556229885,-8.800489120457005,1.2772185073472395,1.7088935837615147,404.9657937609943,0.9659959546083758,0.0018204334938378651
55839,-9.457852659401592,-5.085903461481612,1.8897093405126781,1.2040531640389491,343.9338662290154,0.13705648546654547,0.0018207970345365822
55840,-5.958933544758132,-10.010486697284264,4.508560154669936,1.363423192014445,323.94491494902866,0.6833417192942903,0.0018212589822094484
55841,-5.934275937529303,-12.187470532920106,3.710123394890562,1.7753283681488254,422.0518018443814,0.38582101316855155,0.0018213947894288529
55842,-7.67318707133609,-11.206402877229676,1.6663144710456992,3.52332461798346,538.7450958647672,1.3241841315377902,0.0018215086171137153
55843,-2.3501808342976904,-10.479663852810088,2.607833499344455,1.0649572567964964,245.6976091323305,0.404650214544616,0.0018215868053772784
55844,-6.2731527095407476,-6.3039071427127675,0.5982056566444722,1.4958258826908817,467.8810126818481,0.06356169560094393,0.0018221022317416171
55845,-2.3672064071702437,-8.740027041418847,1.2743359777981298,1.113538143100761,287.6451445978378,1.3191599018452171,0.0018221469773554288
55846,-5.986536463248008,-5.9424599361785715,1.910099416432421,5.432621770939729,505.2231615384195,0.027743387379056017,0.0018222155106886457
55847,-6.871819755960458,-11.978496663886034,3.4518566067298333,1.1951187337690306,258.76162595496373,0.4593720218243158,0.0018224092745446937
55848,-6.441423189952871,-12.055093842846722,3.66343994560694,1.4169062922627538,335.5081313404218,0.25924399033671364,0.001822581666316969
55849,-4.748118366375832,-6.594929262156636,3.4210621535288555,1.8220741193792054,433.0710447248722,0.6239047870496144,0.0018228179748089118
55850,-2.47653876201134,-12.034853463187918,4.802708232348702,1.0839219892024294,280.8788216664365,1.228565980960755,0.0018237165536277447
55851,-7.347780696978126,-9.687859053542144,3.997724368439375,2.358612713020655,441.13251521852436,1.5879425785541992,0.0018238559575805445
55852,-9.092191442923305,-7.786236736404047,1.7159810817352956,0.9350519464668365,235.49915613121888,1.0040958573835974,0.0018238666693018923
55853,-2.7681641269093724,-11.583459257486561,4.59966086165345,1.8365472212361358,468.06978194876825,0.9400936013643575,0.0018243762629466531
55854,-9.193026406995607,-6.775800652592581,1.2152465326932087,1.7400129859435802,468.77023491977207,0.8664809470040016,0.0018244106515513576
55855,-2.6414079448741967,-11.575341297923973,4.963042893532514,0.9146092124694375,249.79720891900695,0.6306158197469793,0.0018244312625486192
55856,-5.494413810948943,-6.370837536814706,2.2935748144035792,1.3687778626633982,468.53561149106537,0.389389750965484,0.0018246527014796332
55857,-3.3371370942576597,-7.07711628416691,1.6433442720986295,1.0578716063297713,283.90591282853376,1.2939151141833767,0.0018248077764966212
55858,-3.2506939950165146,-12.05671972690509,3.6729742679265636,1.8773768606792767,467.7713567511762,0.21106065707774846,0.0018252680475315357
55859,-7.683700192446673,-12.157918149169236,0.8631350256465492,1.382024877244411,313.6459829756446,0.36058268973638885,0.001825300960090281
55860,-5.659463299461046,-7.2719102031111005,0.49776825804979297,1.090233102403884,283.91599618854383,1.5949150280683737,0.0018254975911636876
55861,-7.029235688443947,-9.418463343488753,4.626820021232218,0.9726755881389209,261.5362142962982,0.7278010437520361,0.0018255528965838994
55862,-9.435453252831511,-5.784878773743636,1.8450123065554618,1.2601444071677081,262.8303501956479,0.4383090953405526,0.001825877565212038
55863,-9.592520259196032,-5.370979341581418,2.5062052564673998,0.8738685081878669,251.94752394895778,1.2113887403788173,0.0018259339645666018
55864,-4.101981811380292,-7.521849447336959,0.6881358766297605,1.3780805011011923,187.67854181564377,0.43358120538033784,0.0018259428499464514
55865,-3.1579903957802387,-10.174005449842165,4.410188162278885,1.1304561632838976,288.1969134833139,1.3639303098348963,0.0018260207741450766
55866,-5.7821314936904855,-6.3453195247663885,4.831997847140446,0.7714069240476937,215.78847066886786,0.44352711486850094,0.001826233941651533
55867,-3.5073401370043964,-9.935745674559817,4.48673907569173,1.5071416957128099,341.04471212123576,0.39261090312471225,0.001826564989731046
55868,-6.318120617303462,-5.406723145287079,1.3105072839169722,2.1929247278711768,280.5646426327795,0.07538818892178956,0.0018266376375961322
55869,-5.433095070329345,-11.884134213620262,3.741377444066518,1.1380037166169714,467.4409161082872,0.30876980070172877,0.0018267795339560072
55870,-5.924820426445584,-6.442781319730625,1.2120022238976917,1.0107524266506982,224.7336951256753,0.3069097903755891,0.0018269304534026896
55871,-2.9239359413948565,-11.035286124687405,4.341878130594641,0.7455101845752286,148.95378156953433,0.09320000129807937,0.0018270336118187767
55872,-3.9842639198192114,-7.51014469460482,0.7098348921238096,1.229626574939582,298.6058869707532,0.436964454803471,0.001827148513133703
55873,-6.224223676664918,-5.822625546597997,4.83110745166789,1.3022690425155325,276.5712443977607,0.08142268739273728,0.0018272654016903943
55874,-4.06619496897134,-6.762541739851123,4.417338795517193,1.161583642105376,300.82787283322864,0.5084587193258239,0.0018272873715018817
55875,-6.318797939538346,-6.87300001350842,0.23134412715339786,0.8464230914173416,175.98608629363423,1.0068676613016008,0.0018275736883412983
55876,-7.477298380690785,-9.237687778703387,4.282329533819679,0.6926244623094873,287.91633893468986,0.3872315068000445,0.0018278116551050975
55877,-3.3024025716772156,-10.855896545579377,3.9634108820466474,1.5193713152442243,469.47788698485886,0.08097888991031965,0.0018281256441477927
55878,-6.1461058936358395,-12.947217030302019,3.6288307264337303,1.1040022831743763,290.34815472083113,1.5460317979471059,0.0018283187823560222
55879,-5.02957759157039,-7.4448187604285785,0.606418348580129,3.5592804694105196,528.90236837446,0.5268603149066733,0.0018284368565838088
55880,-5.541994742983789,-12.921463383493464,3.63688014476056,1.6741149544687521,393.089549849186,0.37946641243080226,0.0018289796561909981
55881,-7.677128909763342,-11.053376336873132,1.5046530100486302,0.886215872846951,303.7077822721082,0.1950567394894076,0.0018293550543926533
55882,-2.657317215506981,-8.012216389615325,4.322004959068473,1.8529034738164647,468.2790005840798,0.21454343732692305,0.001829398379707629
55883,-5.722706616096709,-6.0633456734243305,2.840786340766613,0.9019256740703009,194.29600518294689,0.04663915265677154,0.0018297517766391934
55884,-6.524521673832476,-11.770832946644346,3.6833093295797017,1.6688955508897216,392.73417404993023,0.4276272225879234,0.0018298584799000552
55885,-2.1924790179905624,-9.929236437193175,1.2336606414524502,1.3339845766793705,296.18199122771415,0.3372871903736758,0.0018299038356392845
55886,-8.780486469804673,-6.4233735842478925,5.08032424078561,1.8304717290748922,468.3966478023431,0.5387813601972296,0.0018300451992721842
55887,-7.942176163515271,-9.15772215728583,3.4722108548007573,1.73630949019222,455.8751916152572,0.7183606651202199,0.0018308455447491395
55888,-7.854913735525605,-10.443119987509284,1.8177930514136267,0.8093247380537185,232.5929522739563,1.4264160688319594,0.001830907242340203
55889,-3.3604986754066593,-11.777013663382053,3.6960426245327316,1.8506520855853987,468.1048851771555,0.7334860884832723,0.001831307183632756
55890,-4.722221336704029,-11.093070050072876,3.9044944920435123,1.8281190964355785,468.51246971319193,0.32401458550288975,0.0018313963252746279
55891,-2.899068702580233,-12.038729693556638,4.13549877503572,1.4899626617926054,333.173223786023,0.594452437762869,0.0018315881375700178
55892,-3.3134141392386063,-11.324372109361235,3.803931262410211,1.3658441487707063,315.3173942963932,1.107579644995723,0.0018332082090009123
55893,-7.143455538637175,-10.860000656408456,3.483472494154002,0.9771346105715732,190.2518064324915,0.013999153412785681,0.0018332413626866893
55894,-5.901492636317899,-7.153561276306205,0.4248305771119329,0.999498151089524,248.55208474849027,0.12456749809659229,0.001833419137178042
55895,-3.1366967525479392,-6.813260573452456,3.624548720140054,1.875595961540447,467.9920690049677,0.2607635877041581,0.001833753621726486
55896,-8.596224257815924,-7.011644236081028,5.151698939651617,1.151152035900256,271.3193034987039,0.9635697942516117,0.0018342558169759983
55897,-4.729133789267107,-9.263373310483445,5.1302076692177545,0.6301737043287153,187.13220023388655,0.9473729281190719,0.0018343116244701123
55898,-7.836115433292983,-10.522751944751509,1.7286638760250281,0.5835938710444687,142.68523452237483,0.45099282296276133,0.0018344239291182807
55899,-6.408146415895525,-5.4648039407573235,4.953326173201073,0.8142709414533803,469.7633874547702,0.09627604611666474,0.0018350815581331622
55900,-6.169869135579411,-5.780566685144653,1.499320470173173,1.2297815929131715,390.4652219678724,0.4322814911996229,0.0018351161797677765
55901,-4.959878407378664,-10.091823869324372,4.41477077505631,1.7762311534396191,420.17743786046333,0.48311107583672275,0.0018355928337802768
55902,-7.0995707301932685,-12.259028339732465,3.1709850782321354,1.7692713641471598,468.5522133253314,0.8353653116763349,0.0018357472835360035
55903,-4.747525224615004,-6.673307553666072,4.428439021695623,0.7786462075827069,207.8023607449414,0.4399062051475511,0.001835968319459137
55904,-7.569903397550056,-11.561306916916438,1.237901344162294,1.8284388093142003,468.3022478552504,0.3667874245137277,0.0018362961754399575
55905,-6.4187098538864,-6.933627764515031,0.008010324775317084,3.5745524763191456,235.77191529774854,0.3691462499589706,0.0018366056352692478
55906,-7.140915249490911,-10.367365377550247,3.73923678677307,1.0781490807475376,227.99573948646648,0.9615852191419316,0.0018366797264902474
55907,-5.759649301197843,-6.127126344436291,2.4892439568676714,1.3202350662845814,281.4899390696129,0.6612566634657906,0.0018368553288090183
55908,-3.7194975680776334,-12.735259608066114,3.578991597763565,1.071653763279257,267.08130201184247,1.2772918805215525,0.0018373869026024824
55909,-2.4145226460352376,-9.910397542525056,3.396877366345584,1.5036360010629388,338.49537998368226,0.03541077430796857,0.001837651455294344
55910,-7.425503954925462,-12.449416627287306,1.40800439500607,1.3360850040541528,468.9290219438118,0.8693637892619845,0.001838131597094132
55911,-4.725693447156578,-6.657984066297408,4.216133466027547,1.3462074003736741,291.6619976298073,0.7312793071198813,0.0018386090930219007
55912,-6.085676526753154,-6.379171476491413,0.9395445224560752,1.4290559893472745,319.40422958687054,0.4459761521458594,0.0018393595340598975
55913,-3.9767693451285338,-12.591350955571315,3.598398857916631,1.0276858296822262,468.0780952847851,0.5778662320695851,0.001839434883341352
55914,-2.8614029822329643,-11.228038396395918,4.435864019132962,1.1092511613452734,287.413945871074,1.1448645107659985,0.0018394888631495492
55915,-4.265141609644899,-11.4437866997746,3.7847926332343036,0.9730103767157228,204.86619088699106,0.9764952554089588,0.0018394926247580327
55916,-6.198474017747545,-7.1809911430094795,0.13774892418311316,0.8937585709745997,249.27215817077908,0.3068052990730026,0.00183959203924004
55917,-4.368249540895986,-11.9835818179962,3.6763822184450783,0.9308695979247982,227.46472674882,0.7072932867062791,0.0018396604633235687
55918,-5.135099540109223,-7.0639062340956515,1.1373082864033353,1.1961135468450026,224.40751409785688,0.04428291805309126,0.0018410225239142719
55919,-3.9944492880913884,-10.21764695255494,4.294538708170763,18.519598039954175,419.5082206114756,0.2935757814900226,0.0018410965267625706
55920,-4.335088795542291,-12.631703285889749,3.604902765815877,0.7202565886912579,148.8840407131495,0.12643998696683756,0.0018411791917811678
55921,-2.580811568837838,-7.906125154665624,1.5980211047663517,1.5899916188541965,376.05263342554764,0.4731185433118936,0.0018412557886327149
55922,-4.841871126596828,-7.685832164403966,0.40889484809792503,0.5865550139635738,175.41099117764153,1.1447312799380986,0.0018413511003556014
55923,-6.366606731364033,-12.716006937129242,3.606735904203073,1.1775228939230542,284.1614547598636,0.15516065095934461,0.0018415768829698552
55924,-5.298032572365364,-6.38970911471695,3.1834849440752904,1.260677153938173,173.04065076418405,0.19604167582189103,0.0018415824080018962
55925,-7.660123189820934,-9.205317032071054,0.2625217560404416,0.5135876102915308,141.1390052686552,1.1983345275346515,0.001841650746448326
55926,-3.349111061322951,-10.027905884951732,4.416128347330129,1.6053492394881457,468.75545830207767,0.8510542064400219,0.0018420295397805165
55927,-6.216882948230391,-5.545344918830643,1.6487259733992978,0.8539537714280162,208.81531370531286,0.4601961328909576,0.0018421334499338882
55928,-6.317325547457453,-5.3100064281808645,4.499719419625737,1.165230965312376,236.11880590067517,0.6176182230738592,0.0018425400809970512
55929,-7.946656889786789,-10.167151594043336,1.6111236389447976,0.8932268663664147,467.01585730719876,0.17468958895627917,0.0018425703336923261
55930,-5.411236408043231,-6.945254265313887,1.0774983886269554,1.0755075979524995,289.063034081397,1.0390611298592427,0.0018430473526468442
55931,-3.225350722298627,-11.347987587637856,3.8236974011376046,1.6069108554101705,372.3097436840462,0.09662867250709795,0.0018432828679675135
55932,-6.159115416856014,-5.317906369909204,3.7583848568593083,1.1008653110089406,232.47779685691737,0.007959082897047054,0.0018435650393306073
55933,-3.5310829309201095,-7.007660683568092,1.8474536608533976,1.335534466461226,468.1980624189318,0.7604324526994013,0.0018444051069277305
55934,-3.8374819190973977,-12.355851858360952,3.617288415540103,1.090280784350756,468.0060339751107,0.8282341295921984,0.0018446922986949765
55935,-2.8123076370893827,-7.3477727353555125,2.0172150479114848,1.803834443259269,468.37405546548837,0.5266229812762662,0.00184505260595122
55936,-2.5030779136829464,-8.298335218243395,2.047115283691491,4.0445571669757,568.5202617559835,0.731619890799772,0.0018453463919252343
55937,-6.156353977149677,-5.802306490943328,4.58884928079431,1.5570313082942726,349.8946776026385,1.7130516554815065,0.001845381773233014
55938,-7.190471341150786,-12.75828566654852,2.9803548175136867,1.8674633624593349,448.9044257314638,0.041027240586744895,0.0018463446399647238
55939,-3.4197475123256638,-6.87744545013298,4.8142303467737735,0.997353186711067,468.84298917425787,0.8659642185121053,0.001846474287160647
55940,-7.347944832248893,-9.570838829208789,4.106639145988483,1.4570368473350515,468.6575993009594,0.3523430200855655,0.001846826511473461
55941,-5.75146051717444,-11.334334024088877,3.8678785095155,0.874302130798338,468.2089398388305,0.7708477466457913,0.001847473963815384
55942,-2.606003919336345,-8.53107199188889,4.7957135786876215,2.0190724664245185,398.2552408176421,0.9816413669282076,0.0018476741306347024
55943,-8.510312920946207,-7.999876810484582,4.065432502166169,1.485234992872371,346.0109680552065,0.5001351565635037,0.0018480844818704245
55944,-8.947875751734557,-7.563377013510017,3.7594654832902017,2.3856641143916355,422.807012607724,0.486515170058909,0.0018481119806574291
55945,-4.799994560053894,-7.092760689606823,1.3199993879633996,1.3597997601035319,304.95735410769123,0.34622161307478194,0.0018483894364553265
55946,-3.3948035461796042,-6.800337243238249,4.348746564825727,1.1657542077880494,297.7886080281534,0.8211040771340743,0.00184846162113336
55947,-5.531445017808608,-7.4851957164276826,0.36204243629598726,0.8649118089232211,468.34808843645675,0.12172493315961397,0.001848595811752734
55948,-2.455781313646561,-10.484024322362416,0.29040730375496865,1.1323567043089788,303.0923781849229,0.8616442333761958,0.0018489977887883593
55949,-6.89772310554669,-11.305300995027913,3.571259975501486,1.6285526737948541,378.247919282092,0.8461792836341457,0.001849838608854742
55950,-3.7442697690154505,-8.041897088468197,0.12663343685450484,1.8364837486463452,467.7888342232887,0.20152011674555848,0.001850171133417811
55951,-5.522591781118107,-6.250490334708208,3.470181919572858,0.9182463658281399,467.62999807536244,0.4788180491384004,0.0018505486305549859
55952,-5.720997624946121,-9.783440293577767,4.680678728587422,1.1489149127320994,466.42712901127675,0.5016655102102829,0.001850690937176921
55953,-3.9405093271785248,-7.314291409416068,1.0138405898781337,1.1665563677956532,243.03564632047548,0.026449785686842198,0.0018507801651495577
55954,-5.4727655069191306,-6.380931826111626,2.3564631197297934,0.9127388697523942,237.15398491708802,0.8818101834721155,0.0018510915211874866
55955,-4.952064647438679,-7.664980746208107,0.40201069086173236,1.210782107978835,467.4274958523635,0.2225444404269643,0.0018513639639047657
55956,-8.344711805132214,-7.504206138980067,5.120131814159972,1.4284570497214322,327.49641282098605,1.1048994965743253,0.0018515711712239556
55957,-6.123627918781712,-11.8199346283846,3.749023303991842,1.790025886263533,424.22011058770494,0.08539865776728206,0.001851588906566045
55958,-6.168942483518957,-5.55678030726487,1.9160374768750053,1.8580631210374385,446.10300440982155,0.17749657932606056,0.0018521410805890889
55959,-3.2407923427217007,-10.489609636856333,4.150938446288986,0.9513938294974054,261.7674678295226,1.2615939004937182,0.0018522381096036484
55960,-5.559399923377286,-10.931447911703156,3.9937870171730987,0.9092526519953157,258.82517955477425,0.3063834688449152,0.0018524996923839018
55961,-6.39700461081722,-5.702447421760653,0.6730078952487839,0.7974625251260781,468.1169152586673,0.43241863472751163,0.0018526865464251329
55962,-3.5960104046131525,-10.985132171107582,3.908866443173111,1.4220707296108694,468.4908873465852,0.28166991791016116,0.0018531456407890662
55963,-5.717693562841487,-6.673009499305825,1.1508769377376038,1.1614009437887343,296.386967119553,0.6666516262423103,0.0018531602522545113
55964,-6.448425375221837,-5.7314760694138425,0.5520733766128006,1.8797384699736048,467.5924000790559,0.5188029910068366,0.001853261615284938
55965,-2.8985559372221426,-7.240153607748079,4.266577223796334,1.6659758586604239,336.4903879375462,0.42041625987230535,0.001853495264427287
55966,-7.567250032987037,-11.194866536865302,2.4735755594585886,1.004451939426758,269.3080138666142,0.8845889214276905,0.001853574515142367
55967,-4.472137031993272,-7.101263109842009,1.4776640510527905,2.1337655038307086,413.86564308541136,1.164025298496072,0.0018536950958900139
55968,-4.188616251270089,-6.733415659335228,2.620776769253101,3.017441901307726,490.4789501426359,0.3837740030528094,0.0018541481846688
55969,-3.8982818625546667,-6.766245671166493,4.247368445503476,0.934516958143436,188.13982250030077,0.28918490888084936,0.0018543242822944494
55970,-4.0476443092913215,-11.836419875626218,3.6861635744036954,1.4367064932565905,467.9859400097863,0.6134436536248176,0.001854659506037359
55971,-4.089597046162103,-12.035998942012347,3.661468111725154,0.9051844469704423,246.86891209208247,0.6577642024703829,0.001855393264262249
55972,-6.531409152398561,-10.417767938658924,4.143736825386632,1.3862872471406422,327.3433477510911,1.527419457295914,0.0018565872085843321
55973,-4.762936929889658,-11.875375135591556,3.709292214908153,0.9995345668739984,275.03908111017563,1.7187682110966547,0.00185671926812759
55974,-2.5567093790488924,-11.845809784565215,5.069345504086942,0.9836670535366677,468.0191540673194,0.02674933931167711,0.0018569934461993244
55975,-2.3146172876286784,-11.047148749706137,2.271159582958702,1.1117855251120585,230.65470782587047,0.16187814860456573,0.001857425371024134
55976,-3.8387724507691834,-9.735201960428085,4.647708992575516,2.533667576919219,460.77881010216123,2.171908999002736,0.001857662227490951
55977,-5.664835031582535,-6.71842916941453,1.1713638471769994,2.0313287339163377,395.2254793516923,0.6227171987039544,0.0018576634188603876
55978,-6.187468331355843,-6.02477396510972,5.064728259144144,1.7723840732789335,467.3974772850126,0.26701261757309247,0.0018577454111919885
55979,-7.730173823603884,-10.431003177919543,2.4907734190127893,3.859327917729317,316.5454945723854,0.17335966355161592,0.0018579744223421169
55980,-5.110631628809171,-7.013626058792103,1.3720126822346494,0.8574356529635857,171.14695770348823,0.30552881888964745,0.0018581947754663637
55981,-5.923756321111265,-5.925030032305628,2.261992820949704,1.5975844516374553,467.94830798636406,0.6067930232413534,0.0018582676205651523
55982,-5.272065684233096,-11.093778535762251,3.9222326973129347,1.51751783952626,468.1364131962076,0.6172569590477073,0.0018585558056860346
55983,-9.58967949643967,-5.22834854893992,2.799368152533804,1.0473730355834572,274.8416577938455,1.2098233023951215,0.0018586365224333293
55984,-5.662587903255626,-7.112071322842427,0.6729307882186152,1.8165448964417699,432.4841117670183,0.41135900153937754,0.00185865714716431
55985,-4.439355699577073,-10.595515852388122,4.092286787604554,6.910171379985475,706.4874246252443,0.4309854217890514,0.0018590019712630575
55986,-3.620752029073695,-7.242087140521789,1.2591456397595715,1.764180613789055,369.8257314038711,0.9144584496835568,0.0018590720892771994
55987,-2.494194679260046,-8.815830705691608,3.469596904921664,1.9542585327410467,376.8103056920421,0.23469536965880966,0.0018594195606316294
55988,-7.1806563035212845,-12.681599284589499,2.9981133345643136,1.0935300078999932,287.6545652160491,1.3472297334272731,0.0018594518424400392
55989,-4.571131414714925,-12.196070110715052,3.6479335851861046,1.128114215523973,291.35240956206707,1.7379749663839137,0.0018595567505005019
55990,-5.8866687507866375,-6.242068229029949,1.8425527075717205,1.322099774659699,315.81477084220785,1.3216568825710384,0.0018597204545578534
55991,-7.159809551780096,-9.086659374923173,4.856150443509314,1.1773778094454415,290.5186099079862,1.3394839974416461,0.0018604149635015302
55992,-3.9896804574699605,-12.766262332081073,3.5725394540076225,1.5488067807275494,352.6503335129484,0.7857648063769487,0.0018604514090620732
55993,-7.557243013018453,-10.176449790428281,3.1982338811456024,0.8898869141235726,177.59936218288166,0.44435359345614867,0.0018609212097718665
55994,-4.135525699068452,-11.302931596318711,3.8151021454495977,3.313006018888092,504.3702865460151,0.32479463514402696,0.0018610655598452273
55995,-2.356517288252327,-11.816243450746644,3.0006701957648314,0.8012587190212095,469.658932951141,0.0636467910095675,0.001861169822756152
55996,-5.685618606527892,-11.604440334475562,3.7978351274927142,1.6749855377548282,468.2963702317891,0.415404458380511,0.0018614413053636935
55997,-6.081445870493575,-6.2500092921616055,1.3538410347009704,0.5657582439132742,126.64500360951934,0.16870983934900696,0.0018618569171252692
55998,-3.72638922783477,-11.907914978882156,3.6734063388746896,1.4512679112900955,346.77758861842733,0.46882823842538723,0.0018619248015821755
55999,-3.916265344012505,-11.173262371247983,3.8465077473769895,2.20254268924914,413.99498969916914,0.7036445369845499,0.0018620354606057195
56000,-6.579505363233087,-12.290627550564787,3.574818028418878,5.054873705058934,294.1419371412418,0.23241538737740886,0.0018622140276231595
56001,-3.8218894159873003,-6.858088328941983,2.272457197509194,1.00933453510672,467.74488899091153,0.6808978380055892,0.0018641779925295465
56002,-4.661784278622702,-11.602684503476949,3.750945469302324,0.9874072627693828,198.24730493685726,0.41807329124026094,0.001864495375743591
56003,-5.358529724985943,-7.719933630722945,0.23362713593868098,1.3949937625522988,169.02159870625022,0.3999299011748745,0.0018646582249321143
56004,-5.69248527822165,-6.139571514390899,3.21172447492338,1.3226391061998515,319.2842512844062,1.6902304712066458,0.0018651477506768516
56005,-6.3750827631810845,-5.008702831259187,0.9932308343041082,1.0926744536090551,238.10073661684575,0.40885778918836113,0.001865560709704692
56006,-4.655748540012581,-9.823721228064239,4.592043679991267,1.001185344578483,247.45288317700988,0.8546451837212832,0.0018656912907192519
56007,-4.823156390148451,-10.914925924598755,3.962584833586975,1.839645198301204,439.4236442004146,0.38700383501556246,0.0018660302367691686
56008,-5.73234534564083,-6.149679970269921,3.9263340218624205,0.9179487851369998,468.6944647764797,0.46984318353003207,0.001866256027400783
56009,-6.116439823805666,-6.621973380568157,0.7105636548190146,1.4195675193062953,468.19765650508265,0.1375085775096503,0.0018666472263442271
56010,-8.430209666902705,-8.698868375572726,2.815392376057059,0.8522451518684954,467.6373194254846,0.41184720671791997,0.0018667153497913239
56011,-6.61348016485244,-5.597228362194795,0.21512780342107746,12.45064610322684,667.5001001779208,0.05307841190611473,0.0018668807464615968
56012,-2.964967652192163,-7.0377889851381115,3.593102812148773,1.118570713897802,243.43522326503418,0.5643621261003178,0.0018669966476222671
56013,-5.503697676419314,-9.314813167705188,5.110972743620359,0.8815629523989988,155.8082487121932,0.1730694517612248,0.001867712595181196
56014,-3.9982846255309434,-11.334844525360214,3.7944423077061176,0.5598904459310299,147.66554541510195,1.225430910924513,0.0018679759381978603
56015,-5.317598717392141,-11.346485794966874,3.8418392939477464,1.0652728838991137,287.0661345550182,1.1345353448320328,0.0018681073251378027
56016,-7.468830211857217,-12.773685297033392,2.2657726044836215,0.9814023439363596,272.8410794118186,1.4829424870693577,0.0018682684026478692
56017,-6.35173862955795,-9.26814391780827,5.129757740996039,1.524972443064695,468.19396971802485,0.5167325819436543,0.0018685225670708955
56018,-2.9178342972853173,-10.683420963934514,4.4810764275587465,2.753221162671959,441.0167743366988,0.1623540911340804,0.0018687755977532723
56019,-4.63161636413271,-11.750062741157763,3.7227146331764,2.850487982885161,488.5320362125534,2.006322460403939,0.0018693674113548
56020,-5.011509132337915,-9.661481938908214,4.750786614617287,1.1769908387749186,299.8938022162978,0.6560954447969154,0.0018704965959546523
56021,-5.607079435266783,-6.95242846028262,0.9132928307566685,2.1658619710973404,414.6944924378659,0.9868975445597954,0.0018706650386523342
56022,-6.591380189527717,-5.875013628966929,0.23758368157679363,2.057882697380242,404.7180126062115,1.1002633830787891,0.001870790145680582
56023,-2.5564804824528853,-11.301763043263435,5.135189552852923,0.5688887453611142,150.18358179570237,0.08278596264749272,0.0018708811189775344
56024,-8.871454384395925,-8.228566042930876,1.9369986808870667,0.8524695753932399,222.13496787366216,0.1313684629325751,0.0018717933989605092
56025,-9.363336819207568,-6.490652106552165,1.7451301564881827,0.8789648824501943,467.3782864346222,0.7532788154627079,0.0018723487329221282
56026,-6.033443797380396,-5.845827148577091,4.16210416532397,1.4050491753321903,306.4182025535491,0.6139492508610687,0.0018737514327821175
56027,-5.674620591645999,-11.144782593953057,3.9140615450226925,2.160625712215121,423.23998342505314,2.072707984342828,0.001874026981964193
56028,-9.47255558749621,-6.61958457814478,2.0322120562482304,1.4228319874814281,468.67578865863607,0.5650892514361878,0.0018741020112946775
56029,-6.928228482996695,-9.241304980835427,4.888246578122907,0.7146890771068526,204.78687831199852,1.3675991080833088,0.0018743895688700589
56030,-8.34423256069037,-7.8036028324753826,4.724425463152705,1.7243663029944822,408.45325231677316,0.279687434228574,0.0018756797827359911
56031,-6.2097276940620985,-6.738372562009453,0.44459057098368865,1.0599074371233197,249.66333952967622,0.4684319231173548,0.0018759410113471278
56032,-5.320735174757086,-6.606434775253794,4.812353249353407,3.2958902220885977,521.4446631620096,1.2593532643486984,0.0018766324318612085
56033,-4.866521219110909,-7.000444148201032,1.524737519331165,1.7532579491264995,467.8503998659963,0.27960813255564165,0.0018768051694802764
56034,-4.137021034240704,-6.678120922535581,3.3520122220555915,0.9998848507363682,272.49562645805526,1.8658204606013937,0.0018768535074595936
56035,-7.746905824832426,-8.998002446682285,4.108515176964562,0.9909156566657049,264.6092549031448,0.7954107730810192,0.0018769352334415217
56036,-2.3823668497213504,-11.695868679999203,3.465342968982253,2.1109203376633396,411.26249582143936,1.1559822576666807,0.00187725903252964
56037,-9.154642365579825,-6.182792881547418,4.337741404556212,2.226651985450222,427.3483074750968,0.4552763703557092,0.0018776904761517396
56038,-6.237418978893335,-6.691502656309377,0.4724681972959429,0.7359858973869962,442.37631474720934,0.27780045226948413,0.0018793482050178138
56039,-6.379673168643165,-5.257587636373128,4.621333174106762,1.606779495164643,373.8790681531011,0.15533458728605787,0.001879439241239541
56040,-3.34589102321989,-7.033509508984939,1.791350237221177,1.1194108757542625,278.3323704603076,0.4976383984260373,0.001879468876828034
56041,-8.948728515044827,-7.550556936911273,3.770314823630427,0.983412161963183,245.58423991968368,0.8845975792950238,0.0018797949635619656
56042,-4.078735593255245,-12.606115245781156,3.5872130111168805,1.8622175907698728,469.49817402133914,0.09710209652497781,0.0018800469457338508
56043,-4.584503655865733,-6.6285671633599375,3.639377994403568,0.9920421140358507,256.05805233108237,0.8575394246521286,0.0018801179292996433
56044,-6.108906011811458,-5.469555712489789,2.113136121512452,1.2282061236357809,469.19067347262256,0.5958746003061526,0.001881957759942134
56045,-8.633340879135213,-7.116903485729815,4.985965926113919,1.7570971351356772,414.8174186159081,0.08660003115309944,0.0018820452425513238
56046,-7.892672422132783,-10.2983217143257,1.3782039657160392,2.557067826713614,458.63133128605745,1.315689639951854,0.0018823263519872975
56047,-8.051788226048622,-9.873862005315253,1.6643650920857636,1.826225120826993,467.17733172221557,0.42237639931188387,0.0018824617152400154
56048,-3.5068070112627066,-6.772233036461148,4.187678433958507,1.3949740670446218,311.0860346757416,0.7805650195289902,0.0018827317951488813
56049,-4.597853788747472,-7.090885262138038,1.473648495817562,1.78164042549789,448.61245517507933,0.5335431387572074,0.0018831438705679113
56050,-5.862579869240564,-12.271579719288905,3.6837031639195956,1.7450824428223624,413.39231252041117,0.6323533904448873,0.0018833276769725344
56051,-4.784737744693807,-11.187571025747406,3.858966142185563,2.893406376462552,480.7063645902457,0.26651047453831644,0.0018837046869662282
56052,-5.811617793930062,-5.97076457579718,2.7607257335211233,0.7825588823891502,146.0812893459185,0.192574799460286,0.0018838860338239367
56053,-5.310285646927274,-9.512466663202495,4.899532313614788,1.227765392103243,281.8777297701666,0.23026842665879688,0.0018841660309447733
56054,-2.714652378478503,-12.605542850655205,4.5866083077240125,1.077375360002913,468.0518908124263,0.7033106453746987,0.0018846568464808786
56055,-6.185786848938239,-5.773594202776728,1.4969750230409202,0.9653272270548068,468.80865257665437,0.3301635666569789,0.0018848421240201165
56056,-4.161594328034016,-6.7034101280488745,3.5985820331968936,4.4658011972995375,596.3890784914655,0.8491294784350165,0.001884943178346625
56057,-3.1158059014128376,-12.371294455325005,3.7155708963661627,1.2551728852234318,311.66627988874035,0.5625380823960393,0.0018851239100208532
56058,-4.408101104416049,-6.650989221705596,3.484688512982608,0.9784916789752727,466.4877400428808,0.695309347860527,0.0018855497658264225
56059,-9.336549191608224,-7.342355728947701,2.6560230861671728,1.0800439868145368,468.12595865467216,0.7450885422168669,0.0018856349081116572
56060,-8.720105250499511,-5.997913204134025,0.377966155030309,1.7590627462233248,375.5607232061151,1.3898728473967514,0.0018856701851754647
56061,-5.877776754718214,-9.646031630952121,4.7937795132315735,1.6570882789003762,390.99637856769857,0.4472700824328717,0.001885792042178992
56062,-2.5068656864882444,-8.76996163765498,3.57410319923262,0.9790587661749104,255.300283916108,0.24005852344078527,0.001885953833420946
56063,-8.891149844818319,-5.444483942852037,4.837073740409748,1.0635533005339601,267.7636589796123,1.1810519407548155,0.0018861399916953643
56064,-4.600480445889997,-6.8904860945318624,5.168089859606305,1.4624275447657051,328.7953893253099,0.020475135967168434,0.001886691070093853
56065,-5.004754917430362,-7.484350312497403,0.5857049992127505,1.6139362026334616,196.3042258636669,0.4557188031802619,0.0018869442473422508
56066,-3.729207786084845,-11.566725777901906,3.73261793607733,18.332808335949327,700.8513794344607,0.03208319033223983,0.001887207938147675
56067,-8.775541590776923,-7.660425870193625,0.5771171406007852,1.283996835376015,349.89727667511465,0.1768595648157092,0.0018873978960863844
56068,-7.644331088505458,-9.379170600797682,3.8150714170789852,1.159201732657105,199.8363764928666,0.003623854780849811,0.0018879460465797806
56069,-3.142671312323724,-7.883732876284542,0.4022271862341316,1.8324027820137543,468.30699489977343,0.8158331656924345,0.0018880236503455903
56070,-4.975591886472226,-10.628332827622028,4.0864243472076875,0.6903107682185643,172.41220706026024,0.29228374655820044,0.0018886755004542154
56071,-4.242168339464901,-6.729349147721501,4.11868745635635,4.35261548492043,218.29624472128475,0.362090518944683,0.0018890509312363647
56072,-7.794460782719819,-10.644554009756762,1.656735525167001,0.9951121849687947,196.31953558641513,0.8996943211196937,0.0018891836086649563
56073,-5.763685424021985,-6.189582274547494,2.150103510477588,2.215465696117445,280.7263270654198,0.06733590712070736,0.001889252636377561
56074,-2.6649027150856464,-7.5557511114812925,1.3334241191314185,0.8806379034129361,466.83460671427815,0.5737074611903115,0.0018901215478830885
56075,-7.9244605290687655,-10.121911295974042,2.0070675386866568,0.8369771525738202,470.2710165571244,0.027925511558334115,0.001890397725469844
56076,-6.537645464046614,-6.42155605910583,0.10145295859685348,1.4128425136376688,311.2402684214673,0.9149982342177561,0.0018905851844154763
56077,-2.182520365315675,-11.509636891907643,1.0327785370672282,1.8404389569950212,467.8922743415125,0.7596245978368312,0.0018907187012615243
56078,-7.768573415171883,-10.758690078386858,1.7161583514986276,0.7749829952272632,231.03452983841947,1.1567966755792112,0.0018914007093000689
56079,-4.57445974169425,-6.692859911975078,2.588482929126963,1.0285304242028503,468.21685483009367,0.42005914581788417,0.001891575212695295
56080,-7.090076440321386,-9.032781507313771,4.9807696329143925,1.2664105203936957,311.284762911782,1.6706930146439527,0.0018918594048394008
56081,-5.8340778198824275,-5.952680258588951,3.2140721352028625,0.7522402556346851,209.89688705624698,1.066285092519129,0.001891976171692195
56082,-5.522919831464619,-12.218683156339004,3.6832349230857075,0.9855060510146407,263.08638164791114,1.282448602909387,0.0018927279120272997
56083,-7.2594207776462145,-10.501079647847023,3.4925050678679503,10.289675186134625,781.1282503328741,0.3011634983400562,0.0018938626406428873
56084,-3.4795287087569147,-7.1911755624652525,1.4273492419729394,1.109040490040789,468.0628454720717,0.7096181538797328,0.0018942252625384264
56085,-6.854538391596658,-10.037689464841108,4.21013579534221,0.9892245129715556,274.10196613131745,0.99217093432621,0.0018944309264870764
56086,-3.204535865492093,-6.745715308072468,3.2622317216880776,1.8594812446318787,468.9780722957854,0.18425306532505026,0.0018945274324893013
56087,-3.333577129579835,-10.22511790601044,4.272587248665643,1.4719361971358218,169.47758852847184,0.2120136900367644,0.0018945608568705548
56088,-6.084112249401846,-5.838449879081871,4.356633502655244,0.8429618940933927,208.78875514560286,0.27962146293253287,0.0018952823743506302
56089,-6.385099557143272,-10.063375447150719,4.403028477477364,0.9372792724213955,188.23333096587484,0.7663770749707846,0.0018954863038940653
56090,-3.7870438914731466,-6.841995946645212,4.629048907391079,1.8548467051802895,469.7939534160355,0.1638343769670163,0.0018955552422660114
56091,-2.3891988845987298,-10.499209240179223,3.206282968472231,2.601059680305712,466.46972115856744,1.9812503863999469,0.0018955658716974136
56092,-6.13195195292665,-5.611350056956327,4.001409339625701,0.9772844146483836,467.2684904351332,0.3348319763414649,0.0018956744810679634
56093,-7.8599759799750695,-9.94379412842505,2.586833552109551,1.0941417289508926,223.91973130328125,0.19529893343367366,0.0018958081957800817
56094,-5.8786841508961825,-6.403623991604577,1.5958141301292257,1.1074667412682655,221.222925769141,0.6439489217051264,0.0018959918015571456
56095,-4.623741820766297,-10.538156081050891,4.11610084368597,6.710703496703482,580.8827414134324,0.09289104524151615,0.0018961799954880843
56096,-5.5194414214972785,-6.3193549070009425,2.5730316036176193,2.4250194399071145,449.4366682681534,1.89593598810258,0.0018962280899540182
56097,-8.110345632224764,-9.87515603727211,1.120323358903138,1.1788157928746221,241.39894542585105,0.12211991753533713,0.0018963019610278285
56098,-5.914326569213027,-12.977279658986994,3.617771600838537,1.8786219252368568,451.2107956760813,0.6356136783373323,0.0018963378388788482
56099,-3.011507287033294,-11.82026436314511,3.932382212970061,1.0988053012740757,284.80360587437366,1.5966304547272872,0.0018964130536853934
56100,-4.00510907027831,-7.249721199987025,1.129633002793269,1.0172816656633257,266.3508699212462,0.8026580820860785,0.0018969281904739745
56101,-2.2515663455834947,-10.852420971997207,1.7284273399089565,0.5338733497860955,117.18948726981485,0.24336593231691772,0.0018969468111593975
56102,-3.1385879837202735,-10.896927876344233,4.028962805073209,0.4949755836555873,126.61371597323603,1.106024907786689,0.0018969972280227997
56103,-2.2680365671472913,-12.661636412621652,1.906505231823389,4.433885526564817,593.7010045151131,0.8019312104549599,0.0018970369537773407
56104,-2.3671328379769534,-12.234613127840612,3.141326754426023,0.741403934205828,466.3344613933897,0.507288399158333,0.001897174859009104
56105,-5.962554277474797,-9.67360570086857,4.764971882979373,5.648491420154216,528.1957158726814,0.053121401052345085,0.00189868831855936
56106,-5.281505795163212,-6.523634098334301,4.274657634890315,1.256824712500767,316.06191190707335,1.41602801268344,0.0018987709285304744
56107,-2.906745531422037,-10.344392128053014,4.702219268634625,1.0782786841852936,232.69372509845664,0.868635320962718,0.0018989634837557818
56108,-6.8552299761257425,-9.470547439231341,4.695877049697755,1.8871842690797915,453.99578565422917,0.579158291720633,0.0018990685294574252
56109,-2.515888259220854,-9.6132689007141,4.829404875542367,1.0767375014177873,281.36662546655657,0.3333076629776883,0.001899376323025235
56110,-3.1854480488116312,-7.865886722546532,0.40436312174462546,1.073446741227646,237.52990490010652,0.08286932162474692,0.0018999931906262578
56111,-9.01047507871346,-5.6981665906263315,4.6221494652649255,1.5442087520961447,356.05198187703917,0.29467395218372694,0.0019002705711123353
56112,-4.859275553991141,-7.3037283352790014,0.8741681560599943,1.55964944106502,369.44759732568116,0.4698973849519046,0.00190033059833296
56113,-8.740543560915023,-5.962841160199267,5.154219660092582,1.1169613503065192,287.6788191780147,1.5420832615138176,0.0019007665813467413
56114,-6.721185144477641,-11.31392811274396,3.679591510976223,0.6405395258275428,135.76197014119543,0.0075788432478196555,0.001900969758080454
56115,-6.336988032174728,-5.8899051336532695,0.8176961413454731,1.7431886311963491,413.9037467257095,0.6904256570574869,0.0019010621327645025
56116,-2.6302442585021337,-11.262684934683039,5.048392078623246,1.044371562827387,470.0146889830832,0.16115651452809931,0.0019013575592774406
56117,-2.6116401542113366,-7.8398606272922615,2.7090888464539975,1.7732659437498708,437.64077309371,0.5530597207773162,0.0019014893729470323
56118,-5.704118229165566,-10.115676434099305,4.415856633197699,1.7564831806313603,420.4229211672873,0.12685058686268214,0.0019015957927726325
56119,-6.127446748414834,-5.589075663563495,1.9594381840753483,1.0111887893241767,467.366875611066,0.44290344119717506,0.0019018618860668374
56120,-7.643958480226013,-11.700934635925703,1.0517406109957137,1.2095313368360923,405.8039401602588,0.32413625474501817,0.00190190617567435
56121,-2.900470488837973,-7.12510861292336,3.2617816864502207,1.5127140772065406,342.24099874927197,0.9057943723816964,0.001901965089512036
56122,-6.115431453709107,-5.487302551437933,3.7081064684769514,0.9371279259718204,222.68813036824704,0.5529077821260797,0.0019020120647710648
56123,-5.678886098916926,-6.26413026791321,2.2203214125549535,8.355696329023711,712.5625311762609,0.21538016963524242,0.0019034017315252415
56124,-7.69351852929533,-10.404536267011913,2.627001799345919,0.8767303517797971,215.28330584487352,0.7726244780254836,0.0019040350366930996
56125,-8.383834557578034,-8.35956405464536,3.691056183774774,1.7219951121187005,406.2264571908784,0.3394386259303248,0.0019043473594676993
56126,-5.36574179439189,-7.91404638842961,0.07999575797773323,1.8384106142440657,467.9826112546963,0.25494947477004093,0.0019057160145906438
56127,-5.834704025278576,-12.58546745232659,3.647069346372563,1.176844260254048,299.17754951670054,0.8209070117838948,0.0019058648215622346
56128,-5.070572278677596,-6.8433195482591165,1.7409790076001428,1.8421839648980196,440.7201961993712,0.3956995316205951,0.0019059836241550562
56129,-5.412701162733776,-6.354711440184857,3.4190474809069813,1.8112075413104882,433.41688961984624,0.7913003043566489,0.0019061601388469325
56130,-2.4796932399199125,-8.766290786210886,3.1442498672915473,1.119769583174934,289.56482381750186,1.450428049478206,0.001906219695652779
56131,-4.640712177324422,-7.968706656439697,0.16667246784811882,0.8347275548154774,166.83702762122692,0.8516790871348805,0.001906690339138106
56132,-4.052601113222975,-7.256696003365104,1.1172378833701895,1.5921188088504363,372.7980629956725,0.5226272777233634,0.0019067597311654657
56133,-3.671914073357385,-7.1866705005248575,1.3891088258013857,1.835436422088614,469.1096499280727,0.22244921912722848,0.0019068430782694745
56134,-2.825613657035893,-7.6175365916914854,4.901197430699044,2.1443337263184064,418.4978506675363,1.5221425019783839,0.0019070752216258217
56135,-2.8874761792157972,-7.213427438694972,4.008177361604894,1.5565361309211196,413.0882577331117,0.20149631761959252,0.0019072209891127648
56136,-2.820385973928044,-12.659060295232889,4.255981125296264,0.6960827308373655,180.34523906301354,0.6178357830136258,0.0019084048672897737
56137,-3.187698121913842,-6.930875026577886,4.6554559181403965,1.1341103413304818,289.1148049405161,1.255497897922119,0.0019086279919763418
56138,-5.312184554021682,-6.445340644707219,3.832607176981432,2.5203451570497495,184.6530136864812,0.4119595381913337,0.0019090089296063843
56139,-2.6687300607678797,-8.356914804851996,0.2981940649141772,1.613254904832742,336.8234808729471,0.2367069574108953,0.0019092977251778664
56140,-6.27637433614602,-5.636054199724626,1.3300073860021402,1.8426708258980578,442.5634828187549,0.2093215668955608,0.0019093897054353695
56141,-7.302948296904553,-11.07253089463546,3.139119403452155,1.9005419134349284,458.86890404567356,0.595965154297434,0.0019095474330537241
56142,-4.200498881798362,-12.913381760820856,3.560516696161497,10.99072191993448,555.0312145669473,0.026946763184751532,0.0019096676980415476
56143,-6.167896419438019,-6.410568986548658,0.7569488185022857,0.8923378026961032,468.08863417215133,0.5667601267697284,0.0019096696400961106
56144,-3.9033887545238164,-6.880691738332417,4.8727235266234254,0.8779525708319571,241.7853460397445,0.249838148327993,0.0019099991513390974
56145,-9.478312270569678,-6.255105291071333,1.9805181098088596,1.9373738121800912,394.69545873590414,1.4646581286085079,0.0019100729245303655
56146,-4.301961059117128,-10.750619906655295,3.9978387634627137,32.88980020808973,866.8975695214999,0.1550578195771859,0.0019101173102167592
56147,-7.529414945970615,-12.086969466422639,2.1291833289281903,0.7781341331147663,469.84776950754383,0.23381657268325284,0.0019103958700755282
56148,-5.268434483816139,-10.341365381651567,4.2514017069438825,1.231800549395181,469.009824663954,0.6379402304606776,0.0019103991350347945
56149,-3.0238091543187338,-7.006871302691307,3.9963439850403226,15.235052713521421,806.7278020663757,0.212699428043309,0.0019104187174576919
56150,-2.6077273625627653,-12.120399387802875,4.925222849305737,1.6259017164960516,354.9660891728442,1.2380557328057282,0.001910556534761542
56151,-6.372243011637581,-5.682491731272049,0.8172672596790479,0.9277645682358613,246.88522205462567,1.5046829653376,0.001910561246043016
56152,-2.250437663668208,-9.834501496511756,1.035057611159144,3.6040812847252512,544.4789777960667,1.3256297142296862,0.0019113809125906565
56153,-7.496720479948434,-12.717273070707478,1.7056135939907389,1.8072747002164076,467.7456895192699,0.5538827762105063,0.0019114738817618214
56154,-3.3145269600286023,-11.746623441565461,3.683954562117664,0.820996391165169,164.96429482747803,0.5405980506591357,0.0019116582621271313
56155,-7.7513792353381445,-11.095072806628544,1.057620270800305,2.044777617386771,407.99430521195023,1.489308074022353,0.0019116630790416782
56156,-9.02305100005834,-6.5326227736759614,4.555974238500072,10.125508422469037,374.4339686133271,0.219167947742422,0.0019118532839334386
56157,-5.835793945119255,-7.2249084411672255,0.4473493378809939,0.7799754818269833,178.54144914079777,0.5800864791745335,0.0019119087224035078
56158,-6.40935929615027,-6.452995084638161,0.3269743327115832,1.0773862709111455,283.3140232522714,1.2388970522354557,0.001912750868566509
56159,-6.01337976257358,-5.672456761458149,2.3442323296427596,1.2326288766429367,311.30236296232556,0.5083308103873057,0.0019128045403971493
56160,-5.281983718080724,-6.619666557874522,2.0863408936226437,1.583081301038964,365.80122044859945,0.8315107387363154,0.0019128739379891586
56161,-4.481711163648255,-7.935489260895516,0.20424932103261748,1.8776543738777212,456.0435261282995,0.11569537323292423,0.001912916177151631
56162,-7.899377825149578,-8.541087750859653,0.2918489230252995,1.062753538958645,211.9404744330354,0.7460747976657389,0.001913044312593022
56163,-4.947888746178819,-12.725896656211713,3.59509050186816,4.872108618486608,257.74810765402947,0.3899944049495483,0.0019131475138461365
56164,-9.360337827790948,-6.176691040557425,1.7168102200142208,1.2562998386943132,307.6545750212514,0.54418365393947,0.0019132396299159312
56165,-6.991012780662075,-10.721675631056948,3.689302725330095,0.8415893734664346,468.63237901560535,0.4940045171655685,0.001913393635544191
56166,-3.9597172254387614,-6.856114599302417,4.749288024273163,4.542585205858186,592.3054769039258,0.40728286834725136,0.0019134870843244025
56167,-6.005376382268478,-5.700047460881271,3.188763346195585,1.0651009553616253,273.34370792124685,1.7263855602488851,0.0019138505958529084
56168,-6.259221738228365,-9.891617635870913,4.552384187555839,1.0589469220864314,276.2049120078779,1.2094889297595666,0.0019139214113378955
56169,-7.136865548256933,-10.827121509023737,3.484844733121398,0.9099271029346792,129.01875921863822,0.3234169466919887,0.0019142172443547686
56170,-3.4445748877918927,-6.865027768475093,4.7084244085222275,1.5578181467665173,359.89963732028605,0.04287409177479873,0.0019143292592473642
56171,-7.642342787419076,-11.197631087414688,1.2310396855232895,0.9867139501218117,266.52112482999325,1.3971801589355408,0.0019151539635403965
56172,-3.7669518350747246,-7.308998181730021,1.0586199066245732,0.7210959743948944,468.029216109274,0.3194244536345492,0.0019152949963330713
56173,-3.018992239695274,-10.483131892387416,4.380309960104532,1.7775591281975356,470.1197587024464,0.08424110446629385,0.0019160542800993497
56174,-9.228259477937659,-6.346766956201853,4.145938564571965,1.0298848495100865,470.1507327712893,0.055524425791675824,0.0019161013332675673
56175,-8.937615557007529,-5.927526836724056,0.5275144957901574,1.830186397025596,468.53732525154874,0.921158479717052,0.0019162679920200758
56176,-5.882987189795559,-7.18798153690325,0.43637330989794454,1.0695963596904927,468.71636358421057,0.4004489110973255,0.0019165738851477502
56177,-4.6375737532091925,-7.675866405527212,0.4536481510748942,0.7000751866229586,137.7900777847134,0.15362293176067698,0.0019165819744921969
56178,-5.4026144394131155,-12.947079129199505,3.603814683315433,1.1334120227772717,470.4395372934414,0.04614591016377734,0.0019169763346164165
56179,-8.954128936801638,-5.531415370674986,0.5271035492711248,1.1261448216978476,290.0172404023078,0.6071994421593638,0.0019175042117582494
56180,-8.565368053771987,-8.050483368081723,3.8117963698601067,0.9108917674733433,258.9793528923551,1.6770776830121124,0.0019176893682695743
56181,-7.6630007340595245,-10.662566803492808,2.4906149404423177,0.6563207268967621,136.1731392742198,0.18618247284210288,0.0019177807774628148
56182,-4.760336199709712,-12.886239809168556,3.5721912185552425,0.8163439026158436,467.69948163726144,0.2714431924818692,0.0019178277214222056
56183,-4.691771050090809,-12.693171908643947,3.588727285486245,1.1144368720337068,467.29085182007856,0.7794940329811118,0.001918151159750147
56184,-6.035898064687589,-5.742783366479937,3.789543460166527,1.8620934662989193,467.46942106551734,0.4355508978444549,0.0019182343604395096
56185,-4.144444078441529,-11.448751279634186,3.7545005021985025,0.9283439730567926,237.53024921657683,1.3902682256294927,0.0019185956644823092
56186,-6.181789780681523,-5.177761733991023,3.5104129748831014,1.0204847580536494,200.19152810818255,0.3470326262200487,0.0019186912865412175
56187,-2.968689428874603,-10.915676738504072,4.259900414415669,1.1830086816149599,254.7467186458269,0.10928166303919351,0.0019188801478475933
56188,-2.2316369032640306,-12.133322330078446,0.7618495805518313,0.8702552696625284,467.34846060720935,0.6113288840735924,0.0019193361008800287
56189,-3.1640652870207404,-12.166857229816507,3.6879869383298955,0.5655691831413279,131.59365543527053,0.8004182042949681,0.0019199428515723983
56190,-5.368622043908497,-9.884198004131985,4.570135743194014,1.9323307167178556,391.8201488290363,0.35028535415672746,0.0019203647139801833
56191,-6.208817795989332,-5.693063803426609,1.526072464519619,1.780019177261484,422.89655178432184,0.11506003929612163,0.0019207575156576881
56192,-5.024210641745003,-6.53515380737875,3.64752180327308,1.847145107128232,464.29579855883196,0.09205954644715053,0.0019208646473779089
56193,-3.298739527465802,-9.42019071694902,4.920669668579189,0.8581122702226192,467.4412442689477,0.5977735860993265,0.0019213138923493513
56194,-3.389559304666548,-11.971752733452647,3.6433749715773542,1.2764355086316905,467.2404135593966,0.5748635928707149,0.001921852979610808
56195,-2.5207212069810234,-8.4276353825226,3.264000354858763,1.1772933587939667,147.5922746339642,0.2152893310702355,0.001921899659528965
56196,-7.631815693986152,-11.966740574454926,0.9991492987720595,1.529946274059597,346.13856632834336,0.28992187952189497,0.00192216007528721
56197,-2.4600595811463624,-10.643169345700489,4.536568729077604,0.9326241157505606,259.65695665997436,1.183500058531406,0.0019231248757426494
56198,-6.147823534313909,-5.718287283437477,4.314677477868942,0.998435016693393,275.1697700974669,0.6915671100779575,0.0019231497733652515
56199,-8.547138007248407,-7.614828104186766,4.57635993201925,0.9384506279201789,261.226963338243,1.4366787735988922,0.0019234771327448744
56200,-4.093528592821839,-12.134343590417206,3.6293229428829417,1.2707721747671625,266.6634553266322,0.5044617676361502,0.0019236346108419337
56201,-2.2899923426484037,-9.165203596669388,1.4040855061765158,0.811958043261448,224.6060934145628,0.5393304634002947,0.0019237994687953165
56202,-4.508423807017755,-7.17084961235142,1.2856227043250508,1.2820588938143869,308.5852118324547,0.9790606821958177,0.0019246805807496847
56203,-6.343259485406833,-5.663259124437926,4.901043921665716,1.0908167370115265,286.3100464785663,1.3871652391446903,0.0019251291233896043
56204,-5.273982445696205,-6.51265402632204,2.4277949183089107,1.1677963240170723,294.6140890229263,1.0075498886198817,0.0019263022212123579
56205,-9.517276319511325,-6.792838308641646,2.639863260006845,1.6736611187903216,393.368849846839,0.6199986525172356,0.0019264699462921415
56206,-2.767768356720776,-10.511533952345161,4.964967402387792,1.7214723722985972,407.6924619762926,0.682550181948451,0.001927566900733507
56207,-3.4673628258241376,-10.590365267641237,4.054146246632762,1.498603795806733,339.33652416380005,1.1181922042624466,0.0019277564273637554
56208,-5.582965739763352,-9.479388137976514,4.935540473921421,0.9245119874754472,241.94173509571286,0.8883530653696807,0.0019279111224589692
56209,-7.685389016236407,-12.243986305797964,0.8192939186332268,1.527637145451545,349.46529377240404,0.5319874434054119,0.0019287355071783499
56210,-6.654229797616336,-5.4479002173276045,0.1757979951641558,9.308807274860932,404.90706543781744,0.17747078139573347,0.0019288758628986252
56211,-5.150336944450325,-6.941247722303623,1.4769532021178389,1.4311561722258381,334.66876913831635,0.2594163499964788,0.0019289267285770011
56212,-5.726869920603631,-6.888388872007004,0.9423204549924641,1.244967371527907,314.72431694644683,0.3724373435799375,0.0019290953399028257
56213,-3.058559402104163,-11.321911359160945,3.960951075335977,0.6443313785601592,194.02271629575796,1.2889179728416913,0.0019292510795179297
56214,-6.368324052695695,-12.471900709669253,3.6042693637925223,1.004960803895532,175.40457955192446,0.0949378997119803,0.0019294935985568885
56215,-4.779564188680424,-6.5933603996015915,3.5318253635809755,0.7445661813439595,149.6426070593252,0.3771149420885074,0.0019298700842728864
56216,-5.22056580555038,-6.451139346122699,3.109508620002975,1.304442016257412,320.4707655610417,1.0413800729764393,0.001930099386682598
56217,-5.247320732382782,-6.73929296681989,5.127509282443012,1.6370016712467415,468.1914323057342,0.209424141297875,0.0019305351538465127
56218,-2.285241846224878,-11.003792035877652,1.9139147285577924,1.1714764002651221,284.29076248716376,0.5506553377869183,0.0019307428112586376
56219,-5.182469341864454,-9.951943234527828,4.505708628252311,0.8336918097370469,168.0218830813606,0.46583161932170203,0.0019308974459665924
56220,-3.5306286043006683,-7.001273984761185,1.9370705654254257,0.7849563901849799,162.73683407304648,0.28848681942539134,0.0019315600253409053
56221,-7.742526592154437,-10.020120277339027,2.860677630096223,1.8101676078163391,453.09444018170433,0.3552145451117994,0.0019322918220995842
56222,-7.289244693552579,-9.463527783036135,4.273950635525081,0.941573825338348,468.0055836517265,0.37052773387876226,0.0019324351301886692
56223,-5.701718265572654,-6.410021795952242,1.9842720375460605,0.8322347248207086,467.72908412191435,0.515625980704395,0.0019324882217903803
56224,-4.968236827510979,-11.42471728947802,3.7925604309964753,1.1367081007151343,296.61018749283,0.8138523430997955,0.0019327433948354135
56225,-2.8763336397308876,-12.519639350344827,4.10628012054113,1.0356491672716177,155.83855247086376,0.3963046533149006,0.0019327890794691826
56226,-5.2200755105924195,-6.736966771342955,5.085436974838521,2.7110866862535024,473.91145423947626,1.4427748627917536,0.0019328624546917114
56227,-7.514866983999457,-8.70535294400297,4.870634493537743,5.178530779498034,342.18250669840955,0.191123333161336,0.001933183689394247
56228,-5.05417000945444,-10.229976790588747,4.298794052979688,0.7815589956340694,159.7940683327352,0.04681914533358533,0.001934432647226387
56229,-4.131589498256644,-7.066441668669147,1.6499723447592562,1.7205866863712345,467.99453503981886,0.4836624244128922,0.00193506328493947
56230,-3.0055037103982993,-7.514533190007232,0.8376925092479405,1.9292153388363162,394.9784633593691,1.6473514721361004,0.0019351148652457747
56231,-3.8814314743144678,-11.908202995909896,3.648669979672241,1.6857546892877113,468.2984705258387,0.3475536290572352,0.001935873658359792
56232,-6.268677422751758,-12.38868796579996,3.628210616588043,1.8319115458816857,467.4706473582989,0.13132609219201807,0.0019360451620631888
56233,-2.640307581416347,-8.002876564395201,4.019293455173443,1.3991693425690601,468.2704430016456,0.4849413595826464,0.001936278832645537
56234,-8.849497776520117,-6.522619864042887,4.896160689118936,1.8020352048577073,441.02057888535626,0.7791758026539108,0.0019363426828454054
56235,-5.39534747670873,-6.797300533346159,1.5546003934022166,1.1286080844118036,290.229839235033,0.6832475574097705,0.0019368010379831669
56236,-4.2496425636047785,-7.137523447305474,1.4747241355853564,0.8138832667444584,164.08017489002202,0.511266853694976,0.001936890699156018
56237,-5.408432402737098,-6.366256290593243,3.112188935519237,1.6548801963720168,385.3113917056307,0.04600490390043621,0.0019370531810970397
56238,-2.5983281988291305,-11.68127416613593,4.999840313028006,1.6817754355170937,397.8941703248664,0.9180633953838955,0.0019371959471670124
56239,-7.349419976753045,-9.151497627795166,4.53843222635576,13.173146969996091,444.75602722177496,0.23246662122801176,0.0019372180563928634
56240,-4.722484340866818,-11.731776296803549,3.7117297488088234,1.1662260900436618,469.32216577430125,0.12822133713450334,0.0019373183115347153
56241,-4.214766885546807,-7.237125703904947,1.2376926828583157,2.9616474305567233,497.3387694123984,1.8277123187391648,0.001937627413944175
56242,-3.4938247348527955,-8.16734972402149,0.028884737049673422,1.1862800989471303,254.94332710776072,0.030381990174560336,0.0019380241557316867
56243,-6.281237107190603,-11.247819731137778,3.8419658481624954,0.7498026162191728,165.07594103870233,0.36751180111446136,0.00193835775350287
56244,-5.95374763305473,-5.753670174536254,2.7665868318062636,1.8519419234001937,468.71317127796004,0.4007434426555285,0.0019386110529579306
56245,-2.5032437143332835,-8.682500785371833,0.5949892228032045,2.049931160255109,397.6027723622149,0.8157256668921358,0.0019386796346786872
56246,-2.3789120178618077,-10.111662790703436,2.9312014957681183,0.8426860784152531,160.19399886328483,0.13840784631354008,0.001938948649183004
56247,-3.884002666688005,-6.777205378128786,2.74076672585192,0.9165450187086959,255.82970659047433,0.2193041587168123,0.0019389765024273096
56248,-2.4989580782025955,-10.596604871201322,5.031984631355549,0.9709188821547022,234.07144893584243,0.2023764000483652,0.0019390741179344236
56249,-2.916540156874447,-7.13339337488667,2.5167030850938685,1.627083506495811,468.07506521012846,0.3018042166158805,0.0019391751925247633
56250,-7.440544668004787,-12.316820485628567,1.4663280739759224,1.7283010267894405,407.2348684047084,0.4969932731752946,0.0019396029554472332
56251,-2.356422355045921,-12.093172681817288,2.981271696719771,1.0849673510141027,281.78499370332275,1.6783763677087622,0.0019398745325179018
56252,-9.19510241308866,-5.954946124751116,0.9992713961557883,1.2192021801934858,467.5735298875388,0.6974894377337497,0.0019399112635998105
56253,-6.251936335682702,-5.905983969896416,4.987820270403962,16.47305834796341,603.9936327731955,0.05277726001831429,0.0019401840006226117
56254,-5.174920408361169,-10.187907718435623,4.333192150531704,1.5410713167634547,356.80425927321284,0.8963192306917884,0.0019403327389093405
56255,-6.148665419326461,-5.290839127668224,2.2417815954921223,1.140157531336065,293.1193710352771,0.7689704489421034,0.0019404885663575177
56256,-7.694338561499225,-11.056832350329113,1.860548002554493,1.1777932217895397,303.57019234763385,0.5003151364019116,0.0019407679463591175
56257,-5.8608639986790365,-6.010524355191584,2.6322960767542645,1.0261757815320383,230.93927964461804,0.0524078241749244,0.001940804914065208
56258,-6.4548538778828775,-11.872749485158124,3.6573142538866086,0.7315653434891097,212.927267702379,1.012877374758859,0.0019409859430305637
56259,-2.9933323451765403,-7.170735553901811,4.66288868281119,1.7631322893434451,418.7282905827208,0.5143192973215802,0.0019410500192461324
56260,-6.615680537971093,-5.716570533758065,0.19276075869655104,1.0614616788624633,212.15248772475172,0.07142957499377278,0.001941236180915763
56261,-3.5736129401242795,-9.441448731042883,4.893893584276804,20.37235519734451,560.4141800720087,0.0997673993230146,0.0019413546744997032
56262,-4.71697534158007,-6.692903761147953,2.495355444644086,1.1594980285943137,246.55966944975674,0.42951348242729726,0.0019414418824817271
56263,-3.828632745395641,-6.91991376958222,2.0464095821304418,1.6555005215296548,347.5284480093857,0.7874002636331374,0.0019415046164778238
56264,-9.18241365295551,-7.510879634531884,3.0403889684270933,1.8449236328302128,442.3209944385066,0.2579684721040181,0.001941891973758012
56265,-2.2025605271455913,-11.94473220433485,0.940901554535068,1.466886369814589,335.39625452216325,0.07296345852721853,0.0019419341270479366
56266,-3.5906656125397127,-8.223970671466201,0.0036420198886269075,1.3146765850534015,304.5543940471628,0.15954335042719503,0.001942019507781671
56267,-3.395433886823948,-6.8375798036303905,2.532074881270374,0.7826889104842668,230.31341982631213,0.9729173360952164,0.0019428542788974565
56268,-9.189551237952156,-7.4402562113885935,3.202936424543635,1.4549514055364168,332.7561106124016,0.0006873178235089483,0.0019431460723806993
56269,-5.092399852865808,-6.554966531713061,2.664950951923205,1.2498529788661354,277.3465010991704,0.23037253166301408,0.0019431842360212725
56270,-9.48640096383674,-6.757314890589096,2.2530494178365763,1.1939903974083201,288.05893698285,0.42634428988657547,0.0019432788963263592
56271,-6.704045069543517,-12.89914846502244,3.4357957064768416,1.198246096796648,299.1624315964619,0.45217185754983724,0.0019441456036366602
56272,-8.813728961623697,-8.331611261054778,1.743962042352087,0.5921367588664288,187.42159794573354,0.7433043779576263,0.001944152152609938
56273,-6.856156182929096,-10.293656767870306,4.02534444268554,1.1638051501967877,286.16798125469546,0.8842397119751748,0.0019441749067846499
56274,-5.399080272462848,-6.955470217904587,1.243821212872502,4.177529328182277,578.0083117140033,0.7861530408986024,0.001944323447635828
56275,-3.4533671693471195,-12.329341064913807,3.587398277583381,1.3033101841111878,321.3275321632122,0.3651009616671006,0.0019445026353322546
56276,-5.953303879996778,-12.084909307460824,3.69231145959467,1.7494217100703866,413.7031125664291,0.20436124442617576,0.001944668229680453
56277,-3.764524985095621,-7.032773481329862,1.8473052177781075,1.0305264510988366,206.39199110619066,0.1346548236986882,0.0019446870422225122
56278,-3.032470269866863,-12.387688122864834,3.8097236079455685,1.254257818016852,300.4442275341854,1.2863995889335769,0.0019449072416886305
56279,-7.026862203198007,-11.322653440495715,3.419837934331875,1.1792565174008336,131.15241136470422,0.33337723686549037,0.0019454859298435989
56280,-7.514427218390957,-9.131145748006958,4.325129418035748,0.4571928761775988,133.9410845567859,0.49419760156533066,0.0019464462303684735
56281,-2.9215874403698194,-10.39152023899814,4.623626153232637,1.6677322842980749,351.01029537716806,0.8556060027526646,0.0019466410638447017
56282,-3.117144044377959,-11.628629895380886,3.8194680962193126,3.492856795578221,533.5082978433371,0.9441126303855167,0.0019470262481906802
56283,-9.136665539527142,-7.6338531682879225,2.87545437644978,1.2230643914499313,244.76566517759147,0.02051268496862857,0.0019476895817132933
56284,-3.4296172863157786,-12.17212270147509,3.6026408132937635,1.1518632754949596,468.49124389061194,0.8008919649256816,0.0019481781645369135
56285,-3.176932295585795,-12.153152895073115,3.664345875381467,1.0916258041928275,282.3686985221726,1.6930175436829478,0.0019481831822385498
56286,-9.571364365470746,-5.328738102954114,2.8966941814569287,0.7125606495949888,146.5580144959236,0.4954994343875052,0.001948492028410578
56287,-2.148995133599855,-10.904212309625501,1.2417161816973568,1.147503231039487,300.4726337362497,0.6900785266123188,0.0019487129900475093
56288,-4.0850479707504475,-6.788754083777997,4.456896570095938,1.4620392752447762,332.21815195375245,0.0458842161152937,0.0019488241098479997
56289,-2.4467547959369806,-12.742211996138993,4.465230586156618,1.4112742785623533,317.0232554120486,0.617663389793754,0.0019489387676057985
56290,-4.485477000056446,-9.189034720730698,5.16992690588547,1.046160283367255,268.0106205969167,0.7636796781284696,0.0019493191564489568
56291,-2.9115370935454674,-10.5800147540591,4.539539928437819,1.2953174448260423,286.13099664012714,0.15995977975116116,0.0019493442997023137
56292,-7.419551091210998,-11.704817379367555,2.6554871984281134,0.8000417849155468,180.03213144091694,0.15173015692429814,0.0019495457323480433
56293,-8.130543493014155,-9.924194332561942,0.8583116261509636,0.8507334770723132,235.74899085472853,0.1668674175286986,0.0019495976291919856
56294,-5.535412704097093,-7.093576645264708,0.8262202356207902,0.6434114716887677,118.71190298570895,0.03785805615969284,0.0019498964036536006
56295,-6.417755165256999,-6.520156354068405,0.2760826932949782,1.4362734599405058,321.1807566259084,0.15457606005157842,0.0019506301464133193
56296,-7.581104220009234,-11.500156401193017,2.1730562825826576,1.4388033195228676,317.11817737398684,0.11697635132534767,0.0019507633819460543
56297,-5.725269436979374,-9.74528206916131,4.690616541228042,1.0527157222785153,279.28898792187687,1.259879375456669,0.001951086597127525
56298,-6.13589139747079,-5.459347630245624,3.5294254000472067,1.8821995749872673,454.87663250703434,0.037630676611889236,0.0019512459978182457
56299,-6.457160725987711,-12.379095604245599,3.5830901848044614,1.4501201808261939,344.36934813040637,0.34376290951108057,0.0019512911050748405
56300,-3.319281504193709,-10.63926446403013,4.0263395935430175,0.49594795762561283,126.45773644307411,0.7906056792228648,0.0019516593905057021
56301,-4.402635847283699,-6.682137692355942,3.270338330474478,0.6446398867188893,138.30731009225116,0.2394156738757891,0.0019517788248462323
56302,-5.0281910012701,-10.841545190525542,3.98108157531106,0.9343269970908776,246.58106890426524,0.7567232102886612,0.0019518720565697763
56303,-3.93917108130535,-6.7145121036585165,3.2483764260994237,0.7788874898469377,200.70947294685658,0.622714883049535,0.0019520822116207992
56304,-6.061643669030575,-5.847050906372192,4.161441276120796,1.0550060338813312,274.6491192101917,1.3052489468696367,0.0019520886266355133
56305,-6.031827206647172,-5.684898938340462,3.3163927401337054,1.7050248766602278,172.3279829379911,0.4190568449925456,0.0019535615655613334
56306,-8.680674563516035,-6.658370289743233,0.39344065202538825,1.7648402797025289,468.3332156712471,0.5110240457141151,0.0019537842158403643
56307,-4.389222445942772,-6.7809173302833425,4.57143140044745,1.6586002032538405,468.18694024192206,0.27323340532105345,0.0019538980122538476
56308,-6.359922673209521,-5.0302118156593725,1.4559507279639028,1.8607760404739706,468.01898107741425,0.459841954823065,0.0019540729623882037
56309,-3.93485877231355,-6.800907708928191,2.5712130654960084,1.8675694740871958,468.1343775794667,0.5666051489024175,0.0019541804275822004
56310,-6.6061820567201455,-12.676714417420559,3.4989721947015924,1.0115741276559116,465.35803096116103,0.7552141765382281,0.001954201939063261
56311,-5.555577022212741,-12.73054763162721,3.615119422250584,1.1251970492632517,466.7813654253585,0.6783801475118283,0.001954207660943815
56312,-4.839892342416449,-10.008451429420049,4.441221805964284,1.6709375702535643,391.9916843064912,0.08324703260327215,0.001954621458974479
56313,-8.763101280219823,-6.313404363063123,5.094291729987637,0.9179696480704435,188.7693917458471,0.998406973062405,0.0019548708458325837
56314,-4.7201684145549265,-11.912075784301207,3.668331816782567,0.6196799690151692,124.98893743309846,0.09308596519002243,0.001955139935644496
56315,-5.1837494110909805,-6.473173013153094,3.5505104032966113,1.1327580955525758,276.66316498807174,1.2790590354756395,0.0019554655575047338
56316,-5.961499361214184,-5.806290849694357,2.407062075084818,1.1157026572400215,287.36358748061804,1.4756703655953123,0.0019554824223370036
56317,-8.519877399441425,-8.853258945273122,1.7737339551409512,0.7291776838284258,178.9674906693861,1.1334318619105064,0.0019554840333691637
56318,-4.895953919898799,-11.074984540325477,3.880268105772164,1.066353992563661,468.26973948415724,0.19082213261953473,0.0019567096700921762
56319,-4.349548479168933,-6.831594604125479,4.7800286253639666,1.209217248545427,248.58199408567842,0.0217696839920114,0.0019569934417554523
56320,-8.877991875697157,-5.033640199781075,0.44673157195589247,0.952833803925369,261.6207543338863,1.408866980948762,0.0019571913864290537
56321,-4.425854904491456,-12.139084913450562,3.623729175181992,1.1432598406012975,299.8105724951093,0.7209197307977142,0.0019572599612520396
56322,-4.350181577678849,-11.925091498165077,3.658173907423864,1.326052356209063,326.41581737290227,0.3179832306229837,0.0019575263499638823
56323,-9.26708142609002,-6.650008560077902,3.9400627076202888,0.6344604830012105,125.76449155507562,0.20742673357628316,0.00195852685242967
56324,-3.339419806661401,-6.784848023007007,2.8451163616007684,1.8707600223783556,449.4738237582864,0.376363500050898,0.0019588857215991013
56325,-5.113249686197066,-11.639306383028398,3.736079388269648,1.1101372617042062,261.87058110065095,0.5239666989777474,0.0019589255371427567
56326,-7.056568632481836,-12.580494066928043,3.1493614593524546,1.795440974795504,427.0347650460281,0.36472374115346096,0.0019589944710038786
56327,-5.40744959002876,-6.881519167457856,1.3879301277660314,0.9200146439708198,462.2649071486147,0.5502994304989537,0.0019594050278314047
56328,-5.211875138844315,-6.678834057934545,4.868255695934915,0.9734943382463027,468.16418973303485,0.827055963748422,0.001959955248925028
56329,-6.115600236354126,-5.479533332469177,3.357026442710694,1.0847922019052216,467.53364605433575,0.47728431759263046,0.0019600225985294457
56330,-5.153627037130746,-11.180035931190435,3.8634995438411677,1.4594592894380398,325.0290230186979,0.7779452259625614,0.0019603782288671024
56331,-7.746011864675232,-10.828238340435362,1.2058022503176433,1.9459339949450964,384.00713190870255,0.6437445917177378,0.001960652166254712
56332,-6.3849599425939365,-6.233798645932147,0.501743101768541,0.9003143400593654,192.7781724634804,0.06780223978669486,0.0019611001410504585
56333,-9.555643694458967,-5.699593760000163,2.3295726809111144,0.9785769467086793,255.91695242750203,0.7938294060242184,0.001961419710241579
56334,-6.1301727343126835,-5.33272923310627,3.2809082087430843,0.6993998508564891,468.27239515865153,0.3950147865687965,0.0019622364205132696
56335,-7.779486249812026,-9.187841843158088,3.7666956582111,0.7102085620856434,467.06305031918265,0.34861759531524505,0.0019625327179195653
56336,-5.833639710183259,-6.486864825900023,1.5167016248011942,1.5601260781530784,355.4875296033319,0.03838857438693832,0.001962694774730481
56337,-2.184764783315525,-11.854517740999619,1.0377325432911992,0.995226969003944,272.4818796562778,0.25589493887980375,0.0019630225697579023
56338,-2.378234040611714,-12.047275462490925,3.3240513514736887,1.1172085467298791,468.7566016896466,0.7682774569436548,0.001963456835550061
56339,-2.801866560825486,-7.7163249179989775,4.94706817798092,1.101234437224777,288.13246179613697,0.08145201279748449,0.001963755210839781
56340,-8.722615831633428,-7.769906160643167,3.926389313647811,0.7961023515234565,433.31040758656223,0.5187503123412425,0.001963794807590237
56341,-4.602895966073534,-9.21039074912197,5.151412920859503,0.810783958021682,448.6644165383394,0.4211711898198365,0.0019641654761894892
56342,-4.333896326870876,-11.232091159456361,3.8117368439797517,0.9016789921933432,237.20653615448643,0.2213811993380519,0.0019641714502535127
56343,-6.179467108789781,-5.666713353097616,1.7003833559289008,2.4981930123718805,456.28041747603146,1.8935980741331493,0.0019641930867533982
56344,-6.173267788910305,-5.292971883515534,3.65342723339072,1.1374959159618256,295.2439898472624,0.8815110379828832,0.0019645065109509213
56345,-2.9733940008772937,-7.270816108222952,4.9143134027853765,1.835176449784509,380.0633797005635,1.1723250491080979,0.0019648430794316422
56346,-4.172470121694997,-7.199981625407757,1.3338081868892238,1.137994204162515,293.62157397357873,0.8428266207663144,0.0019658398201658
56347,-5.197562147659581,-10.811644098223228,3.9956623911391906,1.7406187568292864,368.36341617213395,1.2099928838698606,0.0019658831314125313
56348,-5.357491657420107,-6.7198392801753455,1.8304853651419646,1.1913681233648803,281.1028805076732,0.8735455270370647,0.001966454165967867
56349,-5.916626660829504,-6.5713604216165775,1.0571303612988099,0.7646062058026918,154.01845304738646,0.6754453072048365,0.00196652170898976
56350,-4.822562572867152,-6.670071218519863,4.311201680876918,1.6467697678128685,467.76581045554923,0.1716706352189803,0.0019667473894203935
56351,-9.280610362183278,-7.345695711093282,3.006456595981695,2.4534866819964383,453.9586044427469,2.5918822411506053,0.0019676944793474965
56352,-3.3956905725868802,-6.767860397015218,4.048769087243849,1.3672635359143614,467.6183607563443,0.6484832011510298,0.001967915453768486
56353,-9.39513376082268,-6.162702803825078,1.8035562788784347,1.0039105746531807,214.59151725786654,0.6783555091288678,0.0019681502372373696
56354,-4.318578707138718,-10.86700294096897,3.939335126919045,1.1275054871017254,280.1204812010884,0.511415396653077,0.001968732345894672
56355,-3.4181642916396546,-10.49937110698999,4.092324108260651,2.6873439417554663,427.0871822112848,0.19905558071280183,0.001968980722516313
56356,-2.3667446584472804,-8.887187692261108,1.536506155077732,1.1929368351857517,307.011860685835,0.4821667218726793,0.0019690786661056845
56357,-7.498635092844863,-12.396779049275699,2.133089485640728,0.9395962522825644,376.8268915275904,0.1125834391988958,0.0019695118018638142
56358,-5.943441467508893,-9.808334965212811,4.634438730950012,1.7519599096513814,468.4605947565226,0.4029489335454981,0.001969593972899863
56359,-6.69561049312766,-5.319450074701277,0.16574731515946375,0.8589375322057411,417.3697001019338,0.5210724877692252,0.001969957061313344
56360,-6.115563946056613,-5.366488208661848,2.4426052968943948,0.9794970498622633,269.01921203227437,1.7054186300226037,0.001970020356298967
56361,-6.653349168043931,-5.373063734397497,0.19904734880128874,0.852529292347004,182.14225542069104,0.026131633763837314,0.0019700597383612837
56362,-2.515372796250876,-8.219516194585772,0.9752322745736597,1.3324404423451743,319.0100972493727,0.9053508190921651,0.0019707090365728005
56363,-9.291875057820821,-6.28660067120999,3.979074089752795,0.9741753826416572,469.3473231197953,0.06284714097088528,0.0019711318380300226
56364,-9.094631425551002,-7.392201341004143,1.1040053784801285,0.6311581985980732,128.4350732353106,0.41095984131346164,0.0019711782399488773
56365,-5.786775890928585,-6.659868520531298,1.147363401123438,1.3416813728205714,302.086522310519,0.5653540999080189,0.001971864226522741
56366,-8.423098042904709,-8.714857729044887,2.7655301704418043,0.874506403480138,468.03559785503654,0.9345224134938093,0.0019730762604687735
56367,-6.087648401813873,-6.241893185874845,1.203816439313174,1.3455074161990745,135.52493752362628,0.35035478853487945,0.001973261387180106
56368,-7.508755751302784,-12.479527420912438,1.7269711268686991,0.906764403818465,232.64014605579175,0.9122422781734052,0.001973371464644607
56369,-3.156653180508534,-7.027642753214141,4.931732948210973,1.007565279924559,240.4508370163628,0.328724956741695,0.0019737844484111586
56370,-6.117619875040934,-5.59674355972772,3.8702192616513282,1.1802427689099444,245.38659556520318,0.13417642573046695,0.0019738759335462723
56371,-6.131631929783994,-5.772536164494114,4.307636012593035,0.7349874136694867,334.73002123571507,0.2732111288335206,0.0019740191628314554
56372,-6.111541722187331,-5.795655137810763,1.9520986369796576,1.165717843348199,239.4551661903459,0.3120417463724223,0.00197472024527021
56373,-9.234497631990942,-6.502592582285391,4.076337654993475,1.7413479561281278,409.8171663667319,0.5573970640601011,0.0019747863018161034
56374,-5.548296170053172,-9.723120295495265,4.698978632302716,1.03476693627415,277.03016066443007,1.8195583510352593,0.001974797177704915
56375,-6.36431548698823,-12.364990517614626,3.6030663681757638,0.8100830184961648,219.12728851715966,1.0050199484733549,0.001974952863513759
56376,-6.824920377510185,-12.041424383046031,3.4368541765444514,1.3244587663198564,317.28113902181246,0.25266072107357473,0.0019750556164285023
56377,-5.605535565964899,-6.228515184984385,3.0951727659202426,1.8210960108871372,467.74720233870806,0.8933833123907267,0.0019750810676787125
56378,-4.545634899590086,-10.751128000620692,3.992736411591653,1.0610152708392833,424.4755209359967,0.8968063985608241,0.001975090826173071
56379,-2.353127805523709,-9.87832673439161,2.3243577940964775,1.6146485674437114,345.76678337419736,0.9216714720100745,0.0019751279224850898
56380,-3.9263071222011003,-6.9162127265507305,2.060717592882699,1.0420098728693323,266.9131338618413,1.3987930138496445,0.001975195239574061
56381,-8.725309290464926,-7.554153004576445,4.271039124482075,1.1688780926506142,297.666679952737,1.0180252760520307,0.001975597112738052
56382,-7.5282223931672245,-12.369087648399438,1.8329529995157192,4.391130448489582,564.3164832394568,0.2461496122118758,0.0019758418095871984
56383,-2.169844579343697,-12.177919763779398,1.2742732195238178,0.986444645247197,467.98249071768015,0.3599234243349416,0.001976142523818188
56384,-2.4551082529495627,-8.401047261534835,1.137796965353619,0.6743369051448908,135.86928782673965,0.8596491645617439,0.0019766481374116976
56385,-5.464401281088602,-11.964273929631654,3.695057909742288,1.9538193581586807,389.86136842518476,0.9438462452290954,0.001976836415109885
56386,-2.832789097081144,-7.651013203132297,0.7045654372952669,2.109742541864024,417.5392932553622,1.954699420594526,0.00197728586034326
56387,-3.784081080843719,-9.387093877960206,4.942812040008366,1.6973184523841736,297.8828477939756,0.1349852584129314,0.0019773129558867198
56388,-6.03905288414701,-10.667346862074922,4.076685046898959,1.366404171964019,224.7757945672129,0.37965708431336775,0.0019781952225660436
56389,-7.450205993950872,-12.090254001305492,1.4316413149045106,1.0453858908927003,269.93436368299655,0.7404154488300998,0.001978350360735107
56390,-4.61113997081041,-9.678191487081694,4.691362404155388,0.9050809292580879,181.60987755473278,0.8269788464850683,0.001978689313866542
56391,-3.497253786669278,-6.87685715906559,2.367165257662369,0.8015809284908277,470.2909534700571,0.02367063728602492,0.0019799784991853344
56392,-5.29996709087471,-9.743717057624918,4.665720359381616,1.0855888543442447,287.01000660744864,1.2568112232881434,0.0019804071364132813
56393,-4.054271101888873,-6.888945575832458,4.889611217330423,1.8633786503976493,449.06561315766027,0.05721308137512526,0.0019807294799379996
56394,-2.5270103075672807,-9.08848195960131,4.4045445926947515,1.127100814392723,247.49049960043138,0.07167516563704979,0.0019809270062286456
56395,-8.02314651814584,-10.189884779989558,0.9777047836818624,1.4377900856836243,328.3908047199575,1.005881730713317,0.0019810091907203754
56396,-7.231583527865657,-12.677351099500706,2.870327259884721,1.1562686042976886,258.5359803311554,0.3736367651947132,0.0019810739539377667
56397,-4.5196015779000875,-7.150989244658514,1.3624267993027672,0.6945498230012269,135.97667464130922,0.11958948973939965,0.0019814057523062363
56398,-5.640029552559756,-7.338393341147812,0.4902212601134476,0.9815410136655492,467.55112779508863,0.6791515689924177,0.0019814846934905457
56399,-5.266033882906224,-10.699972880562846,4.042387944091396,1.8956045347354027,467.8973432707964,0.5402152967643445,0.001981998979311429
56400,-9.107100874609994,-7.42423962043881,1.3247395681831082,1.7471461550277714,468.46121438499455,0.4266083210138589,0.001982483488598302
56401,-5.607172654693166,-11.173730103547063,3.87703232385496,0.8056363738588677,469.4808383714846,0.06452754135757655,0.001982492129030176
56402,-2.341277171342247,-9.97380038897741,2.2482473599567476,0.9934877605968229,468.2024669116475,0.8505330150408703,0.001982921128733224
56403,-3.6079144728580754,-7.044903962716164,1.7957188099917853,0.8702357324328678,183.47389207417817,0.1551893234453745,0.001983343635084748
56404,-4.051386013741993,-7.128534023734377,1.5329242676608712,4.852629443324081,617.8341026539428,0.8356391213120569,0.0019833539835925618
56405,-9.171658810844015,-5.056129102974957,0.864706336574531,1.3615888880461553,330.6784570815228,0.3452348417351727,0.0019834343593222365
56406,-4.144251190046876,-9.646286187515999,4.700124997938556,1.1021210864590125,290.15099688092386,1.0787137885418039,0.0019838754112473777
56407,-6.4543120842962995,-5.455271768699672,4.993263672645725,1.5038146666312446,291.0867624610325,0.31619803436033767,0.0019839635514853943
56408,-3.255786346588523,-7.003108265607221,1.959162201570032,1.1066271146911368,293.5878187720211,0.6739833581704309,0.001984289076026371
56409,-4.915677793712256,-6.580577835931811,3.1613729726239286,2.6322056764132427,470.2735984192725,2.415027063126561,0.001984844673993317
56410,-7.432429285239309,-11.764699107099354,2.5846739014820423,4.039095620427781,558.0582460677459,0.3434019243928681,0.00198492968326957
56411,-6.215615718127315,-5.943269452827412,1.230463265360996,1.4717184232268579,334.3112528088632,0.6547648520180465,0.0019851967598268298
56412,-7.395585825882019,-9.71758865438873,0.20314187131421405,2.3819987703358803,439.8432674170755,1.1118592456701206,0.0019856471755778605
56413,-2.41936110763279,-10.032791480014453,3.652594247975533,0.9608024960946125,248.40144419580065,0.8271035936187259,0.001985676286895852
56414,-6.688207113245656,-5.405309823569172,0.1420163781580068,0.9234456372511165,214.4962813454077,0.052834545375970876,0.001985780174984312
56415,-6.748113698744332,-11.495945292155438,0.08973721145216369,1.8117155359539556,468.12761309199647,0.7463049983877514,0.001985898010075056
56416,-8.530913412804452,-8.265005229196039,3.450429107555646,1.2067008850282155,307.07943180711953,1.2719316965215297,0.0019861518097262455
56417,-3.324481614496345,-11.686261904983757,3.6756987085264576,0.9622370839672523,264.77427131026457,1.1049504306805158,0.001986457231104568
56418,-9.25926303801143,-7.262737150379183,3.2950404500061357,1.7872315599696127,375.42977285423984,1.1900742585486084,0.001986520827809106
56419,-7.717142523869455,-10.906575901256407,1.6487393235594547,1.3689279021861471,325.70372881068204,1.9222178021687002,0.001986924031899599
56420,-2.48030355807758,-9.243253246772664,3.9301375888332992,0.9801190131105502,256.78347991860943,1.4047819909493304,0.0019874460409900303
56421,-4.598620506936539,-12.33282190903996,3.595768174074091,1.7456737706939744,413.33820548244,0.8156415974890932,0.001988016896248
56422,-7.503244004429654,-12.769760597697589,1.8930478916830953,1.0648703244387447,287.45198056509724,0.9478576408032655,0.001988090164775673
56423,-7.381090812918022,-11.086549036213357,2.963447454134717,1.0611422670578925,286.384601813678,0.8207945582626648,0.0019882980133554286
56424,-7.501471406280293,-12.132556344475143,2.220486490938536,0.6929697532184742,467.26935870710156,0.38065575727272094,0.001989027498300779
56425,-5.872080890823396,-5.971803480803928,3.1412050244952243,1.0521120537292077,390.4745207061433,0.7852993808555384,0.0019900371802136657
56426,-8.404958656765384,-8.327612174342894,3.67419729153724,1.827266393805029,437.45396717812025,0.4511165283819851,0.001990220023756975
56427,-4.573868569130721,-6.741622443390121,4.458955160956307,1.1093322748510017,467.66836981945437,0.4932446803487176,0.0019910861338814706
56428,-6.1105569958789285,-5.391065974008046,2.5163554335661487,1.9810692381888226,345.95510449681103,0.10615937257986197,0.0019916144120759125
56429,-5.536218657663094,-6.41213213401363,4.2933640094594665,0.8246669408996959,469.40211257616795,0.2015223677846505,0.001991736178459446
56430,-2.437478132380562,-10.768687196752342,4.171000713593964,1.1571307918959515,253.58420947838115,0.8525228487576628,0.0019921382030513683
56431,-7.002961504215383,-12.369684433693969,3.225934685006074,2.5109953679482113,457.89692286029975,1.8984670571372435,0.0019927430257968867
56432,-9.215628071068414,-6.951014979142386,3.8495989289487866,1.1050383865780273,467.46031845245636,0.8112273654155588,0.001992947488208643
56433,-9.371014922158443,-6.1252437077757795,3.7788172016465014,0.68039471317275,468.50690841499164,0.3948359822373577,0.00199301707897126
56434,-5.991631188034234,-6.778600679108136,0.7669741371340811,1.1873262206242081,301.3502497174387,0.7532625188641191,0.001993284722977027
56435,-5.259350354803451,-7.741393608795695,0.25721445303254803,4.730578292220166,443.89390298918215,0.02076537157680569,0.0019941491846846653
56436,-3.929367316338608,-7.04023178868433,1.843699966904257,1.757964577830167,468.1262754830135,0.5004255952042724,0.0019942651840125208
56437,-4.264549097340488,-6.705231121983153,3.389838553035419,1.4664927221818804,337.0337041233284,0.6858918816620019,0.001994273700074154
56438,-7.712740014849472,-11.248160589752281,1.0573505955600662,1.8558434368105592,468.99319626261536,0.49610131799682744,0.0019943530958971617
56439,-3.508827997960764,-6.922716898790406,4.90240606315642,1.5752115250587782,380.6904899524072,0.30208249727107006,0.0019945565055263475
56440,-7.939115996051225,-7.288439021579928,0.15993058004828908,1.641608500088032,382.1003146453861,0.2169771735969137,0.001995093979275479
56441,-7.446526025546984,-12.196786665167078,2.4172025341945402,1.0607683601291789,286.237057521906,0.8801226754813918,0.001995518741356605
56442,-5.9043873552407184,-6.253351752240353,4.720761186499601,0.48474463575770865,126.1019165082026,0.8724583023706325,0.00199560244727987
56443,-2.600759691602976,-8.830122683370622,0.2771267962406328,1.7938688936539962,428.91170094083424,0.9051309710518085,0.0019956757155953457
56444,-6.058337341614626,-7.171878624170127,0.3252240794339286,1.2121491985108044,467.1103845341007,0.2525293614846911,0.0019958377644697187
56445,-2.474104941787573,-8.776510310209867,3.1089722017479224,0.7434794060065509,159.55164021976927,0.2231510654647204,0.001996636668897423
56446,-5.413446032743187,-6.375845649544667,3.0282195520076702,1.1703032773644144,297.31243884633164,1.0115362112129995,0.00199697066685379
56447,-3.2436100076719034,-12.745286721970466,3.5526472163901524,2.337995119573202,302.14008808628495,0.03735715863778388,0.001997054940060925
56448,-4.683163800035209,-6.8951047797500955,1.9302746272871996,0.5047025531447338,135.8743256875821,0.7793372097449351,0.0019971409887529694
56449,-6.33041263853649,-11.690237795594804,3.7077897745072255,1.8581338367551528,467.97550747524923,0.6220953363532313,0.0019973201357090507
56450,-5.652347492833155,-9.599963681661752,4.8083658242346,1.3979386475215778,468.21999227451926,0.30750185248622763,0.0019977932784859278
56451,-3.162149655636595,-10.449220964582972,4.1946805387705,1.8782757428638766,451.2913411854864,0.4507298046546184,0.001998011664514553
56452,-5.9734929291660555,-6.820123652181495,0.7301261772589261,1.7118676348567907,401.20648385456116,0.03244934804603705,0.0019984250976865705
56453,-7.466643264090292,-11.997717643063327,1.4553326899799122,1.8162388733708965,465.182349071146,0.6466439239859438,0.0019986716253441662
56454,-2.745015915628324,-7.443831282915549,2.275123483775303,0.6053141598012206,124.83093407289627,0.6529109055202467,0.001998692018898822
56455,-6.299215859570333,-5.798883120480033,0.9379244191618014,1.1739241991039147,468.6425223280893,0.5616742843367444,0.0019988139718195796
56456,-5.987265381098609,-12.183126478191861,3.6642931313894667,1.0757008816234623,466.8529028156371,0.5735818049685362,0.001999202871575686
56457,-2.5001088844499613,-8.233014549692815,1.4956493838593132,0.7063401975439999,148.8927643884834,0.2982496984108449,0.0019992223615343868
56458,-9.11509990532028,-7.651308571345834,2.905096492945329,1.9748415293267976,377.3090538107521,0.44974037154668345,0.001999431968716695
56459,-2.946585050994873,-8.131401348824575,0.2766681914456727,1.88906249291542,469.8923180821777,0.07002283162691114,0.001999685524650496
56460,-2.302872244082579,-10.87015633524456,2.018919153888686,1.083802775095358,231.32483154715473,0.03939150877183195,0.0019997166442493244
56461,-2.4068637019729575,-10.580394082038996,3.5560451015192758,0.8199312395031405,222.28496452568703,1.2929214716829085,0.0020005980152807807
56462,-5.80099614874517,-7.372816395412473,0.389173453172776,0.8756071330574817,142.3021190503916,0.061479248625232685,0.002001296654895631
56463,-6.462334160966005,-5.079922837935885,0.7792690225619862,1.150748283684607,288.1879248476112,1.0193435113552365,0.00200169414884
56464,-7.195798812975233,-11.869848394973895,3.0487450949447465,1.3264833016618094,324.0753867837184,0.5066442267439673,0.0020024402997529246
56465,-2.9744551157361503,-10.006733160801385,4.760865488600915,1.549148045663266,467.9482991728794,0.5735320206966028,0.0020027289743980606
56466,-6.046623918340959,-11.213866239933276,3.8610807871189876,1.5405945327909354,470.18116294893264,0.15910394727097277,0.002002798897444369
56467,-7.586727304214516,-12.505364426827459,0.9814079653277352,1.0343389927121327,277.87366302786506,1.7040817645820274,0.002002960381670329
56468,-3.7386820938250533,-6.760037341253265,3.1442212391582864,2.381113399406188,443.2755331057054,1.5755305999777578,0.002002979353621159
56469,-5.442549337306912,-6.951227338730928,1.2409790885035905,1.0037415332425983,216.14077985096688,0.17025134614224235,0.0020029840332120314
56470,-6.417421976989421,-9.41792075458274,4.928135777296601,1.5103444896955636,348.52640217362585,0.12078477098706575,0.0020030086227879164
56471,-6.958511715015101,-11.645099222454462,3.3913170093873197,1.7885169976334847,425.98830561905004,0.1894654232185271,0.0020030854579081193
56472,-7.981301462801584,-9.906708453249742,2.0546194212865028,1.9040138023041926,461.6289337420528,0.44017310240309104,0.002003204008511187
56473,-2.909833787986006,-7.149172799990105,2.612523452231075,1.5615855690606568,468.02710257490065,0.45441899920386764,0.002003669103471787
56474,-9.350957964429718,-5.067556961613429,1.701506370064771,1.979633573543848,397.71362758992507,0.9437869219733157,0.0020040343479216112
56475,-4.569388078926549,-7.834955547561402,0.3312453237152522,0.6866817538027045,208.50288817690588,1.2084139184208054,0.002004426967345402
56476,-3.062653370855882,-9.812100646174152,4.755029517296456,1.251434316320211,275.8122029028257,0.28601593035741235,0.002004434924633296
56477,-4.003657853267169,-6.882008854483653,2.2583872861578738,2.244158385085777,432.6606597097578,2.192599950485115,0.0020051176638500724
56478,-4.320844363607874,-10.21626586448153,4.265267322542943,1.071238784120292,280.33814202387424,1.867605896594668,0.002005152838601973
56479,-8.077614022053641,-9.179903565286551,3.0071828062745585,1.8658993423130101,453.93081285069456,0.03837354490358802,0.0020053227573921975
56480,-4.2246343822054655,-6.984940544039847,1.8892914031768617,0.8471855677817405,191.43774162572169,0.7289507009298672,0.0020053944777568924
56481,-5.402177029989471,-11.12483560851879,3.8801782347663853,1.1672542020355787,209.95595773666517,0.09552828157257487,0.0020065078576162743
56482,-9.57551544579391,-5.86896733869733,2.753236391116578,0.9840232418956926,454.86223313513733,0.5023797183174326,0.0020070646515634783
56483,-5.5418742766406455,-6.449598167906663,2.1662312910033648,1.7900062192861685,426.68569315761175,0.5994811359364105,0.0020080980302440055
56484,-5.911113338060535,-6.1420344937707485,4.410317479302662,0.6430010318081961,133.72070051241892,0.22333789332229426,0.0020085005483453976
56485,-4.291690735634921,-9.480963725875297,4.8566488241945285,5.108634685138898,538.9970652452012,0.12829715304031275,0.0020087503121216026
56486,-5.117662448053151,-9.465537172474761,4.907177439347084,0.914072777252967,468.3566331359538,0.30496278564405355,0.0020095243455579117
56487,-5.343850981226402,-12.281729166635316,3.6364746910372463,0.9831918185712147,263.9770695240662,1.5689035100272593,0.0020098806213526953
56488,-5.920609883645854,-6.343877865648703,4.993890025844617,1.0810697048830342,467.3910336989849,0.7582553291692475,0.0020100755516593498
56489,-2.7458446725066112,-7.577470805931007,0.8259883364869294,0.8867954420191242,173.35008014437312,0.535382409462084,0.002010759720967436
56490,-6.0895888892478744,-5.430749598397362,2.7491646991747283,1.876498405742698,466.8945887013082,0.2692328533386874,0.00201077397766699
56491,-3.6642878280324034,-11.97274027522651,3.6217727705490295,1.5927735661097702,468.6086887440859,0.18280618071534072,0.0020113187256865393
56492,-5.931291119945487,-6.17058392717685,1.8703540793712137,1.0841750458292967,285.38895273009894,1.4291921958710292,0.002011334865607761
56493,-9.268930351006585,-5.277091679734804,1.4477805097484628,1.8573905336971668,467.92139722737653,0.5552536239104828,0.002012879154961307
56494,-5.721771374663144,-6.305610613268436,2.1398847839522266,1.0040352052942156,265.72591109316676,1.3751553334174877,0.002013605631452204
56495,-3.697404067768602,-9.579099501892104,4.7428966685560265,5.104530165481549,625.9384930585055,0.44356442033615284,0.0020143863438568965
56496,-9.011185510266639,-7.134212132873882,4.160602813297948,1.1050567424766886,178.3634815361125,0.08774545152916158,0.002014416033351598
56497,-9.387602650647828,-6.560939019404122,3.625711728288638,1.689668646972034,468.61509621980423,0.3951359557009706,0.0020144344229579276
56498,-9.447581692019362,-5.085273921041027,3.469440130450539,0.7879993606656349,163.4989833074314,0.017795885605274897,0.0020144369643331334
56499,-4.552843120940128,-6.655964490550077,3.33499800297994,1.6058174068590756,468.1001467537695,0.47737484789980567,0.002014623679008447
56500,-3.1034863488422175,-7.270178943628159,1.290422488264434,2.4869204574307755,455.14331205673216,1.7789855290102556,0.0020147370760820885
56501,-6.211374960777078,-11.544279069687851,3.7541894682146757,1.1107711407283827,289.13805826221216,1.0691535554731724,0.002014863635289975
56502,-6.7172849579985545,-11.655048857349712,3.5689585059050213,1.0373301819470317,468.49398520604626,0.6536620200688619,0.002015314215969674
56503,-9.374124506587664,-6.166954643360227,3.7568298471644703,1.1974839307347809,303.6869479781318,0.3823643162620902,0.0020158011161533354
56504,-9.475039144272325,-6.915052629656111,2.6525419881800705,0.9957956458801582,273.31225867685976,1.6838248614560083,0.0020160778977686795
56505,-5.56039495601649,-6.632106593201577,5.105919345193044,1.8814595087233914,459.52434837113015,0.059733160511269645,0.002016328664427863
56506,-6.566268729677455,-5.304768584324107,5.159942162781718,0.9352259715379436,467.98251268825675,0.58833960701969,0.002016609463157012
56507,-2.723183046504431,-10.905997706565092,4.858809613472862,3.937695020816498,554.6574580944537,0.4870749282349962,0.0020166477019234654
56508,-9.538158451249188,-6.564804763259018,2.8261690795814287,1.8519133836912878,467.4924295051661,0.6048038551777566,0.002016681783289506
56509,-4.790203740199127,-11.177691374073893,3.8331343579739223,1.8953177489083184,467.448510693312,0.34819982125235516,0.002017000999098755
56510,-7.633352777677716,-10.929223021448236,2.332048088990742,1.1587231924965855,301.24679526950524,0.6581718913718779,0.002017102094699609
56511,-4.824057310496439,-6.73688967849443,4.631803493970461,1.550931915955105,413.83848653447563,0.4739229993186971,0.002017288809240809
56512,-5.844322040658855,-6.11331773058588,2.200425134306543,1.0023492879357723,236.83112268506574,0.21446536349521228,0.0020184653396218125
56513,-5.495473892452044,-12.321362096343952,3.6355956434988177,1.3318041500444233,467.83727676324986,0.11964078324198901,0.002018576763394471
56514,-8.832242579338766,-8.194932800589847,2.4067860171540443,1.6011154846433202,372.09319061824846,0.20642472592747385,0.0020189191298756806
56515,-2.499392092305527,-8.864030838057026,3.771659389400874,0.8463113569910075,366.8444938718822,0.17528288092307864,0.0020190661223421333
56516,-9.382338992854205,-7.15767531088911,2.8663033772120565,0.8824789836723002,469.9972316822697,0.19281141880034358,0.00201916900623571
56517,-5.808907860637874,-6.63052560618722,1.1908190451646516,1.8886297567544432,454.84733960167216,0.4204008985500982,0.002019557248768683
56518,-8.75666822805253,-6.275211324367128,5.09265053924229,0.7944366262030298,158.94718398729805,0.8403450032941313,0.0020195770221567793
56519,-5.322884516148767,-6.545917166212657,2.2856691969110807,1.5057975455009527,341.10173230421606,0.4782555050219246,0.0020196856266266466
56520,-9.316591753761863,-5.786644028967367,3.903103759017714,0.865663788098099,468.0874353118725,0.7237130866498722,0.002019979083597184
56521,-7.450982600809557,-12.433784665946499,1.1933838985063367,1.6160484200267413,374.6268894941553,0.9297183109863338,0.002020409009364541
56522,-5.368207640477189,-10.784294052076767,4.002369831302845,0.9213340252898763,252.9846133471185,1.3799523882920743,0.0020206445364384083
56523,-7.475102190511687,-9.777146102874768,3.66689248628064,0.619703085572921,166.31577212613584,0.8152223250890609,0.0020211606243551636
56524,-3.029180977713491,-8.053397888555324,0.3202848602768223,1.6524733229631796,355.218788719806,0.9801082153825469,0.0020214524987280597
56525,-4.233056187602447,-8.216825417213993,0.006542046739319587,1.9944174162715222,404.2252864508258,1.926662346613207,0.002021499362479079
56526,-8.908773778016853,-7.569899528422641,3.7956273328412657,0.7450793208542454,200.64889734076036,0.9528088190300172,0.0020215301016064803
56527,-3.8096247824531604,-6.906763030827555,2.147045871057297,0.6954888864047416,175.04891938307878,0.32757749192594776,0.0020218922478313552
56528,-6.719555457295566,-5.5241797477267625,0.04457694278050062,0.8272771188577777,150.73045333198525,0.20399122261108626,0.002022514183542921
56529,-9.10250462550438,-5.212798658431764,4.3438421782626175,1.4868788364550942,340.79568129324986,1.0926910343227707,0.0020228786972539747
56530,-4.013737891004143,-6.839043955711973,4.627012381678695,1.7116399562076205,401.2638878452493,0.11219332441418839,0.0020230839059319637
56531,-5.137981214217319,-6.914865149510609,1.5941990299627098,0.8700992376104963,228.3230558223852,0.9029513489903858,0.002024297769950272
56532,-3.6636006403145327,-9.979375553274668,4.410134553036545,0.7720940322766164,153.43646655065078,0.17614363607817918,0.002024489281754466
56533,-6.353305087545371,-11.1748264468321,3.829196726450551,1.7958714933483908,378.7362743682512,1.573935944615518,0.002025292587443457
56534,-5.245122276128855,-6.668945044759858,4.815092163015955,1.0255496146304441,467.66701324823526,0.10515821175244966,0.0020253669232086022
56535,-5.115724784672675,-6.52530853463027,2.9735185616002857,2.3451970153491866,443.0046500644685,2.3282368672701343,0.0020255668932182415
56536,-7.742191171789937,-6.365247503023587,0.043720678910804806,1.7840770606440368,468.57223143430735,0.8476536334875826,0.0020258881018999225
56537,-4.986557356922559,-11.366185763607195,3.784443546639359,1.3052105555674556,469.38839133138737,0.14257828264776684,0.002025944703261813
56538,-8.686992339242604,-7.814150108558042,3.9162230794544115,1.5442789904058554,349.7714179721098,0.2411696147742015,0.002026638234313885
56539,-5.767136511525874,-6.13881477959958,3.6479479313726917,0.6967136867372598,130.83830096996397,0.12419595373869274,0.002027240215526312
56540,-6.2822121624395635,-5.047378615952744,1.9042133391948342,1.7201516889548445,368.91781061034914,0.4600311409875788,0.002027946001522166
56541,-4.525558009996816,-10.424547626293908,4.142180583613911,0.7100361114569881,449.921810616206,0.3893193367315373,0.002028235856099952
56542,-6.380597038255239,-12.752928172272435,3.550452824187885,0.5216703631755603,110.32520544624506,0.20311665771599685,0.0020282618260296036
56543,-6.195188267813759,-5.533487481439343,1.8572794025987007,11.47046446168627,752.4004420518423,0.1912786635049093,0.0020282927575257666
56544,-3.190845447664165,-6.80215478606001,3.646288753898484,2.3497395007710207,439.40258772550595,1.473421262605938,0.002028338458215128
56545,-7.416264762425815,-11.748987739981832,2.622149397082247,1.1922699647046269,301.96114771281526,1.5675756215751484,0.002028370373362112
56546,-4.638221917183111,-12.249060164558538,3.5966639566361223,2.3420457867483084,438.89196444332043,1.476726358123476,0.0020294478612142893
56547,-6.5769881530634295,-6.133288871827395,0.18251101250781857,1.7650365890463098,468.4520429524642,0.22529714634444264,0.0020294767116994187
56548,-5.704356049961541,-6.568361957248151,1.6445121986264593,1.5904907477924934,373.17793015827357,0.3435322757936907,0.0020296644735669236
56549,-3.2217834743812652,-12.93428589258197,3.5461635149723936,0.9532919797380645,266.8092146544088,0.6387410792449293,0.0020297374448513678
56550,-3.42645953328055,-6.917926016516373,2.1723390111903957,1.3978538214434197,316.9043470591078,0.6340401407029601,0.002030231499595214
56551,-8.075118652443411,-9.35673296501941,2.6905887729370663,3.0685283819275195,504.07853217569067,1.3733283982451745,0.0020304815205788684
56552,-6.741806076970294,-9.383762196937312,4.827107394148592,0.853049840668739,174.16209803842776,0.8890807021539517,0.0020306047476161084
56553,-5.23812603273903,-6.55637488535244,4.281485408766217,1.447039884688264,439.863986704754,0.31722595946734966,0.002030670144605105
56554,-5.06363113320101,-10.838103515454552,3.965138708106027,2.241806262771592,430.8964659689557,1.94471971114804,0.002030750356878098
56555,-4.161279590885619,-12.116637538372458,3.598430511245539,1.0540252538259647,147.90253524348398,0.24568301068428955,0.002031003207693347
56556,-5.9727563210413575,-6.1057122983833985,4.427177499042598,0.7679295240843341,172.4139631333198,0.3386110874134971,0.0020311833363772396
56557,-7.485673631516436,-12.777560100460255,1.7437125530180657,1.8456907689923674,383.5256744883326,1.416080447719624,0.00203119009628107
56558,-5.95324744100998,-10.815289555838017,4.0020439798608995,1.9014896871261808,463.40985495191165,0.5820223197301795,0.002031753703238826
56559,-3.618502465324757,-6.761063612816165,3.886684763408426,3.925195063391894,559.4620764388467,0.6570665963076436,0.0020326098958058513
56560,-6.065369343310324,-5.577923929875015,3.3619125391250377,0.9627616116187163,265.86323532003087,1.588005021481325,0.002032640221854881
56561,-3.961699993305034,-6.881142362558951,4.762499613439846,0.9409789521064057,261.20985190094507,0.4770629478641455,0.002033225710527691
56562,-4.868443437891977,-9.743009481816216,4.634572924854481,1.8517535918182593,455.7418482630969,0.08499151699107266,0.002033268271933467
56563,-7.241469330886561,-9.57957137442269,4.196650909990868,0.9792412487469447,272.5847815343838,1.7790752062837196,0.002033464482059486
56564,-4.9943127141745975,-7.159349363546468,1.0821249855397292,1.357532902792344,322.69797509539677,1.3398553754064197,0.0020339160957528494
56565,-5.943574068579459,-5.820415428820191,2.817102349938182,1.4728088923275893,338.1836522702547,0.29544091780121473,0.0020342726623844083
56566,-8.073149443332369,-8.05545619735242,4.833670837957464,0.9507512648515509,196.9072713980781,0.5666238131086105,0.002034474113653881
56567,-3.9311483460309296,-6.7651761066290215,2.891661092477403,1.247106063030549,461.8299605234403,0.7296150495972986,0.002034835563348604
56568,-7.508480758484277,-11.949647614038609,2.2360151834259,1.8256129796704297,437.24959394653536,0.21572332819646167,0.0020348597390724807
56569,-5.873323367554907,-6.065302229964531,2.3109759048483975,1.1071229580287412,285.5459944830575,0.9236914274980483,0.0020355946623410947
56570,-9.264690916821843,-7.391348967238014,1.9020153339470085,0.8778804260330123,467.526928528799,0.4796090440668852,0.00203575875150753
56571,-7.63311106611286,-11.249316907849089,2.0230485260143385,0.7878229500429041,199.9136744611067,0.9357601952891983,0.002036655996035115
56572,-3.0595065685885228,-9.583799142253014,4.957124445932618,0.8660268523625636,412.14248175814953,0.6863014573162207,0.002037440809394469
56573,-5.932873480719273,-12.259968830133554,3.647721686199065,0.8519576845390611,248.37344964325305,0.883743925105029,0.0020375382479572548
56574,-4.275775777261489,-7.566027517593906,0.6732558237945748,1.202668988261081,467.45856616440943,0.2032924750166556,0.002037654108052436
56575,-7.509485420170211,-12.392968371575739,1.9999628142972625,0.8981947089449013,450.9268764593637,0.8713256511343799,0.002038072033685864
56576,-5.306915962972898,-12.923464025860614,3.5696843633415987,2.3356159270135315,333.2621114264602,0.06565686894917189,0.0020385824306229155
56577,-6.137573899703476,-5.648040208250322,2.0608029429198855,1.0128479965420145,466.1949573726867,0.0240047603557505,0.0020388196608659647
56578,-7.83434415042823,-10.179805210674257,0.41170591665489237,1.8128971761361714,468.53997676287213,0.8060092973813706,0.0020388682016983886
56579,-4.264478142922604,-7.124028511709729,1.5497947547905964,1.682245750680727,260.7744011851928,0.03667766138679074,0.0020395265920462396
56580,-4.344625545069574,-12.439402894361166,3.562473193531009,2.9244188582209234,419.57019190036164,0.0904896730043454,0.002039716516101088
56581,-4.674215209781131,-10.471194647709755,4.117558887124006,1.1097006590715477,467.4079900065476,0.5813782091634865,0.002039999670057365
56582,-2.521442318255831,-11.116169827869337,5.052007481048328,0.7893488673924334,168.35054097227257,0.13738616419492633,0.002040081358261212
56583,-6.110722470564356,-6.529638982006858,0.8450330138866469,1.4860053398121473,469.56998055704685,0.13826428946633573,0.0020404577962359685
56584,-5.495368480765175,-6.413943688291735,2.4446838274415703,1.2062602966309193,246.62423338753814,0.026101979900118977,0.002040566421579175
56585,-5.557590077495538,-7.539697447793693,0.3456509229825934,1.0746338585426412,283.7932677015282,1.3543863903644198,0.0020408716194242798
56586,-3.543892838369519,-7.151637384362265,1.5865940429334724,1.3844733241457892,337.0990178831991,0.5691163836126618,0.0020412746872101417
56587,-6.439939525398132,-6.828147636533498,0.1432961871171932,1.4177479849866974,314.996961140699,0.17603857018360625,0.0020414343851352565
56588,-4.875006153789471,-9.947967357149384,4.46671259846181,1.9548738440525537,345.9607400793956,0.2532523732429244,0.0020415328394147022
56589,-6.148533573700324,-5.433130511902057,2.226776806215125,1.2808661461564708,272.1194713857915,0.5421540499337825,0.0020415774849329143
56590,-2.5479834668248103,-11.661160300824431,5.024249895767309,1.9058978934343511,390.8709353374566,1.4264361901887694,0.002041877412774332
56591,-6.091835665251206,-11.779897653653217,3.711920637339424,1.4865290904883022,468.5512114145487,0.936336334345607,0.002041901548651511
56592,-5.396530681903914,-6.544434953088673,4.553360831808129,2.3777871769919092,438.5598801434192,1.0815782889032324,0.0020423466092552994
56593,-9.509382482011707,-5.1936229581236395,2.1013948507876488,1.465138682701112,337.4632157750282,1.5213597654859994,0.002042455348944971
56594,-5.535717694227883,-6.419039011793135,2.455157497262314,3.055131490867502,498.4268362069427,0.901858284883077,0.0020424770614518076
56595,-3.7124951204809067,-11.050668899671674,3.8342051102486203,0.877059865560226,237.03175253380869,1.0058480969647876,0.0020425553082051295
56596,-2.6210372636892876,-7.7913868410071725,1.5930225041528159,2.77623335727702,475.3355466028157,0.9509293464896693,0.002043192696389154
56597,-6.3661692651682635,-5.20539976926182,1.5103132312571133,1.1415747257687918,275.51839313099504,0.42057285351206186,0.0020444046183382427
56598,-5.3950492259993945,-7.180203580326311,0.8454906548386489,0.998485469597456,205.83091221252278,0.005828821352923619,0.002044470464875165
56599,-7.772508127113798,-9.322356811764132,3.584999868605382,1.8993072453360267,467.93985449023836,0.49710295067490673,0.0020445899028234942
56600,-4.492443036057737,-6.762345125110064,4.324186256964731,1.8486140795785093,469.6482781457689,0.006870009310225633,0.0020446439353677755
56601,-2.246762903929924,-9.62455858304389,1.345079424570874,0.8469745169627352,140.99616005311336,0.33129633881723386,0.0020453031642369973
56602,-2.840636025545315,-12.037760575417781,4.231956875017237,1.1747221615817085,277.4156294598541,0.2759665166629963,0.0020456063946389423
56603,-7.482902958213447,-12.834034903064575,1.7582932443155344,1.5638775262683056,360.07258242157394,0.862558717402556,0.0020462095053070234
56604,-4.753383673456933,-6.845363862056204,4.981862777665719,0.8663379553163857,198.9065047835781,0.7931872399153397,0.0020464108941232475
56605,-4.381911390283507,-12.08766116508318,3.6100500801834925,0.9866340113320227,196.1963661919428,0.8112758663408277,0.0020466336352674597
56606,-8.784144324406213,-5.690176232287395,5.013741580589536,1.179320296120288,302.30133427279475,0.4647788092664493,0.0020467460370002933
56607,-5.3924615949270205,-11.27475662787709,3.820991024676177,2.190389905221777,419.2478895918913,1.1094051667380986,0.002046872500868579
56608,-2.4984544514300335,-10.970220482006326,4.928918909777199,0.8613857205503803,240.95900840285753,1.4239307483277939,0.0020468890665101733
56609,-4.25280934705026,-9.29048779440415,5.036415692337331,2.646087141271851,457.3069472070725,0.7005047503993342,0.0020474134593094755
56610,-8.1686849611253,-8.19574557152142,4.433548938892153,0.735589045380872,184.0619182856496,0.4161051152544166,0.0020481629943301764
56611,-8.258063826874526,-9.522765157811657,0.7432458562614259,0.9680254738029654,257.1761424427435,1.2492426000889987,0.0020482330358795884
56612,-3.55377777823122,-6.759856120466716,3.0629992396623384,2.683722819089984,467.15009828531373,1.0168159155131864,0.002048563143668421
56613,-3.496108560388479,-6.929400584143957,2.1310767068503247,4.81637497706678,606.2763113408603,0.34815651335134046,0.0020489664658971617
56614,-5.015435850518642,-12.260929384905861,3.6072248640009095,1.0142716672585004,228.1250109562921,0.3822522849420862,0.00204919095970307
56615,-6.304810972417223,-5.993246620072013,0.8394164989805832,2.5443045222880794,459.5074522529346,1.522621287417345,0.002049212538443411
56616,-7.013785330656264,-12.035567713230682,3.245944168701156,1.839221151659713,467.48875520266097,0.334661437881409,0.002049256921052729
56617,-5.571387197786745,-6.3000613740631985,3.7204059258911326,0.8481099666369487,193.84371887303084,0.4809002468219221,0.002049875792160736
56618,-6.551610136650579,-6.083421509099293,0.3203337213613181,1.5444671055609374,246.63383910793988,0.04622492394251143,0.002049963204486549
56619,-6.115804625030199,-5.53842269838565,3.4120574587081856,1.2287662529650711,308.8195235832249,0.6367019491334087,0.002049985526607298
56620,-2.572988117260552,-11.714888115153862,5.020215455235109,1.05197665689407,277.96512899061725,1.795794663168035,0.0020503272882856586
56621,-5.170481700248076,-6.505690730828181,3.3353542751403964,3.0993315641140486,507.5263466438618,1.5528924537682807,0.0020504846583239453
56622,-5.622341691214007,-12.627155684099176,3.6015170303795006,2.29879311629917,434.13648885102606,1.459268033814527,0.0020510884591858755
56623,-6.362278980693666,-11.41119393018117,3.753450448166594,1.1020963127577237,278.67147173735214,1.0618372916195424,0.002052930669935911
56624,-9.0019660817375,-7.112898254223689,4.19298737416422,1.1503960597223044,468.61447038565063,0.559227847071667,0.00205318446264034
56625,-4.691800914180116,-11.343510908453785,3.770095245092207,1.35394326690424,307.48393739310734,0.891057116534042,0.0020535122404509946
56626,-7.1552145247959835,-12.581618162490646,2.9874517316799714,0.8504432542637788,467.3669283926592,0.1325062116759126,0.0020543638940193664
56627,-6.089473070743328,-5.951814300627936,4.4918637991784065,1.3610893084540252,325.91293773281126,0.2228211567312437,0.0020544545265974074
56628,-6.165537408890886,-6.712103614584703,0.5945194695173281,1.8460528648195413,441.7670992145738,0.3427737386246532,0.0020547566735249416
56629,-5.468968418769811,-7.278849513721601,0.679925790890927,2.1274444761368123,401.4172497474437,0.42068845919255793,0.002055440343844673
56630,-2.656481230789338,-7.631282646572808,1.3462990371164587,1.042725645008835,467.3518044517701,0.45250695035925315,0.0020555865939489025
56631,-8.851721500253943,-7.7216332719293455,3.6552210740231104,1.8586196898162273,221.3349514575981,0.4072223128203225,0.0020557918982537274
56632,-6.222685359719172,-7.155647321967046,0.17502087934316576,1.176111327529829,467.939345462951,0.32509809626578257,0.0020560555800404417
56633,-5.755952986402966,-6.245237637273615,4.202616859055907,1.0245784133397293,469.01424252935715,5.080692504044748e-05,0.002056219326620391
56634,-6.23920741962867,-5.784065478115628,4.608321495196602,1.828665281545205,379.1171787721179,1.1389069100380418,0.002056547071833698
56635,-9.358610841040148,-6.762711242419152,3.576252424172334,1.033745482901274,250.68938237276842,0.630230832329544,0.002056614108841609
56636,-6.349520863509411,-6.547614321784105,0.41796955888875276,0.6985480084377894,203.07267970870058,1.339713531357833,0.0020567541697441506
56637,-6.007701782040848,-6.269477918190636,4.967487537915233,0.998765383272062,262.6317448649468,1.597977130157303,0.002057506245126674
56638,-7.236474606998789,-11.989746655014496,2.9406506483661823,1.856001420740353,452.2595197824195,0.4015672385513822,0.0020577014631996656
56639,-4.501475680094131,-6.743535956741539,4.240449577101255,1.1038200851427913,222.6435347374336,0.8262464082566412,0.002058464101969504
56640,-4.73357200113763,-9.597128695256485,4.753677082272598,1.0226600808436348,279.02848755625865,1.4482095175925673,0.0020586742550470338
56641,-9.561788413521882,-6.082699142455136,2.5774575366530716,1.0099162464914553,264.76862158466236,1.1873873828990087,0.0020590089943395887
56642,-7.537414527178323,-11.243925770043852,2.4566757047567642,0.8713597847930763,226.04300565590796,0.34628782933984237,0.0020593364667638565
56643,-7.005869848887915,-11.491266740154709,3.365700279221781,1.2040032694122926,295.07967202304866,0.17734931449085423,0.0020595659270121933
56644,-4.797949749470002,-7.161473988967808,1.2520626213604844,1.4360180175030715,468.07220182131186,0.41363824577437036,0.0020600013660853744
56645,-8.053984018694829,-9.82809424874152,0.5602046075285632,1.2277697148485405,249.30116032591326,0.027580343146927255,0.0020600136557790624
56646,-7.681957260685976,-9.287661042727292,3.813219981335551,1.1376600177543044,285.62265825674507,1.1221172094914458,0.0020600361653283703
56647,-3.9500621880353926,-11.756351234386145,3.65232281856837,1.2699888830160846,468.0160672456639,0.6302436469689292,0.002060069888375868
56648,-3.734837345016576,-10.823348748295103,3.9174189664250196,1.4225753417031333,332.422367024861,1.360848666119665,0.002060204603482835
56649,-2.7656827563949706,-7.421296490541099,2.271033560800926,0.9434152512463898,468.3416237529676,0.5142573603493901,0.002060796345509932
56650,-3.951381346940831,-6.766893950662379,2.876288137256948,1.1873822503968168,295.09218329392735,0.6032059412762107,0.0020613096592861668
56651,-6.2921925666134015,-5.703067730857351,1.2050359944392424,1.108743099825363,286.6667242979781,1.4060809641800196,0.0020613332493542584
56652,-2.410413425375893,-11.814600884839056,0.3114886684853288,1.017835716511431,219.82089429707844,0.2958104922119569,0.0020614504268192894
56653,-5.63978595496174,-7.770260328495485,0.10275041589388129,6.69205214535302,692.7844311292683,0.34220146524067907,0.0020616397343229537
56654,-8.713102457398012,-5.177104096688038,5.083981227591914,0.9059518582350629,468.5620810131471,0.13907035271619783,0.0020620293553679325
56655,-9.261661599152688,-6.08625985422359,4.024836241460205,0.45915492033720295,130.8801520060536,0.27708866115186837,0.002062636716600968
56656,-6.398065511586043,-6.269680938280025,0.49873078250299685,2.809087573117904,480.84489176717955,1.1264581742327726,0.0020626955759708264
56657,-3.6344515398318666,-6.763909467489264,3.505069749085368,0.7362292907498209,148.62990230171212,0.1738433237657535,0.00206279575280744
56658,-9.077797325881493,-5.516331138178785,4.412748083119799,1.7135573145203427,403.64427920464306,0.3210263751548217,0.002062873352194518
56659,-3.355239936396279,-7.226329103377418,1.4055107731588325,1.2161188397846816,259.7759430686347,0.053512776441482224,0.0020638376820887477
56660,-6.1291958156802115,-12.837056086637347,3.5754485879771463,1.6893752271876052,345.8302680683462,0.5297831971784541,0.0020642845314973184
56661,-2.483048943621913,-9.696669246407131,4.300403833438183,2.331581120443411,204.5568907852744,0.27676354378895063,0.0020644980811767672
56662,-4.801477097512875,-7.215414982817103,1.0814990555422006,1.6835820330762101,470.3200815070237,0.18647164640023028,0.00206522613711088
56663,-9.539061521924506,-5.839879429856226,3.085946627659931,1.700037296292055,468.5875598506097,0.3926039275719866,0.002066882259966533
56664,-2.7262376070799785,-10.825443038575976,4.893283823238513,0.9780062456177608,250.33053386357471,1.2426087010130376,0.0020669200437068093
56665,-2.867595799117134,-7.205017329009472,3.017386974684594,1.2556118766480802,308.08639254131305,0.21577129700792863,0.0020670645119027714
56666,-5.479996242943185,-12.01877122741093,3.663087614274946,0.5081772553122731,117.3919642250652,0.844253968104498,0.002067124953252398
56667,-9.449411032963798,-5.841989655333595,1.922107294065538,1.557782485674304,468.56180705212086,0.4626919474316127,0.0020672123559710614
56668,-6.036824924358487,-5.799860386642188,2.206200469228915,22.88952438515124,606.2453877866949,0.0881066865549558,0.0020680452093325753
56669,-9.38724261862829,-6.536491571826746,1.835384695938234,1.1531821031025733,271.4924914490317,0.2191703623142347,0.00206815703010569
56670,-6.045246331264776,-5.699906643867079,2.810326976903557,1.860455418967269,445.9640277275721,0.4245406984106346,0.0020688112363915637
56671,-9.469471724952518,-6.4465860085458,3.3385551148970536,1.6766647730075048,395.74168860473986,0.27700840239660796,0.0020697337810079573
56672,-4.1844918240362325,-7.349462264764529,1.0033311824462683,0.9759575657703525,467.5638734840664,0.48294115793481307,0.0020698759127367474
56673,-6.161595661622211,-5.384171443982412,2.4816929887135815,5.877029113412493,664.6344909752191,0.5359201214074032,0.002069892048839057
56674,-5.2659423627308195,-6.887905938511082,1.5669871504993602,1.0385902837347556,221.02906847383022,1.0542995761929355,0.0020701735581011714
56675,-5.188864590292514,-11.21179138098568,3.8265644602632984,1.571631609737598,365.33298587357285,0.8107546019271927,0.002070534267694587
56676,-4.287478969759983,-11.958669007795303,3.6217156083135134,1.9655214994968775,401.2687404479743,1.9649488934781791,0.002070646982065794
56677,-2.4609335886696933,-11.785069821785102,4.6107992288824775,0.9461255521086003,248.2435191920911,0.5594414108458032,0.00207116598497764
56678,-6.93199432987128,-10.01414540597829,0.08060137231333805,1.2005266285273226,465.3762005897872,0.19053132779707926,0.0020728698163986385
56679,-4.45811739282239,-6.934354650484727,5.13466409965886,0.7020565347901484,467.33122830911924,0.4495444108807156,0.0020734050059511584
56680,-5.31334967663943,-11.35821164817445,3.789220733542374,0.6935928123103512,173.8874318738916,0.2202227537741086,0.0020742902221007613
56681,-3.77023930561759,-10.863000802006411,3.900966753445535,1.365326819110535,328.7561046614735,0.4323658257543759,0.0020743222916752035
56682,-6.919641741340925,-12.191350641979685,3.31081355451848,5.5743533807247765,622.425495775376,0.21145503455657977,0.0020744574435531383
56683,-9.512858156574412,-6.017922252590368,3.2237454227684097,1.1795330552280188,468.3719504863019,0.5258481429132873,0.002074574972753375
56684,-9.042514982684189,-7.8530615926173954,2.450205343446319,1.9016678515667471,467.5105318265469,0.6266598984188096,0.002074673486396756
56685,-4.88692480992596,-6.818793773895074,4.952105456335776,1.1223746030268802,288.81120762943607,1.3068259796473223,0.002075429489268338
56686,-6.094599343162447,-6.400080838290317,0.9842513253504265,1.2901382149805725,273.3348064580686,0.4159634168623292,0.002075583247791941
56687,-6.249211804166104,-5.901182660142933,1.2356980152107666,1.218115458351027,256.2993159550836,0.7930831066215953,0.002075955494874942
56688,-6.439145995642797,-12.02574163916503,3.6045331251700574,1.2961043963241665,281.130218311606,0.5422586810164542,0.0020766210629907297
56689,-6.017408953639139,-6.4088676535589,1.383977455522102,0.5002265961394888,127.63836447875589,0.7966960582710465,0.0020767135284743255
56690,-5.971832942165554,-5.849622894329715,3.5887054666981735,0.9272381095438577,237.9499568168779,0.42366158762123884,0.0020768320096576985
56691,-8.326805255777142,-8.919579265385714,2.6119611190838734,1.8712171053572542,468.34759637493426,0.28648175711911517,0.002077329551446764
56692,-7.807747486981786,-11.167324951417083,0.7504623594741585,1.5731561596268342,332.7996690692711,0.598923817949558,0.002077679310452021
56693,-3.7187718168206505,-6.77896332284992,4.068720542371501,1.1974841788405175,466.8683012219154,0.2933381792412648,0.002077740615317121
56694,-9.233743235824713,-5.494390811746847,1.242246351068838,1.0949683830264052,467.9777215872697,0.8217917132176327,0.002078367200272723
56695,-9.002386962088785,-6.863743945802925,0.6898684229912201,0.9109567654386118,233.70402153000288,1.4662818382094844,0.002078402161055399
56696,-3.4999932019652693,-9.416018073105512,4.885447615652065,1.594456138090443,396.36460538002734,0.764298807377922,0.0020786850576280757
56697,-6.508650922248698,-6.32321185690433,0.3172292378953993,9.405802489398036,611.7180045650874,0.0606530078980585,0.002078685110018551
56698,-2.6872982535523082,-7.569121010018388,1.0140244085695524,0.765185157014186,215.43205938225208,0.6449937739036313,0.002079407883140319
56699,-6.3095862468946615,-12.402800948968713,3.585416426845241,0.8883460385947075,200.81808195620508,1.205624980560903,0.0020794619927539276
56700,-4.267764406110435,-11.87889040349892,3.631825390480726,0.6367097904901777,193.33942143903857,1.2693926890096874,0.002080401932587275
56701,-3.477413551480778,-7.3517979235447815,1.052799811823683,1.0996657727865613,276.77345564779483,1.0464937579177436,0.002080744620527841
56702,-6.148406847738501,-11.41077939168733,3.7774334191932315,0.5906395732621392,125.52289263174347,0.693492157733103,0.002081104445341817
56703,-4.595022219067265,-6.750525892341513,4.302619158103164,2.84886854028865,481.6804477062349,0.9750287352712501,0.002081448748984371
56704,-5.672936359286335,-7.824696010294018,0.04038919487825567,1.5430852800544739,391.94326736781227,0.5045624705837817,0.0020814857715657728
56705,-6.467918492128863,-6.135492982411946,0.46641662860484645,1.873217815385933,451.58031775864515,0.17774805965665497,0.0020816997969136824
56706,-8.603596727794194,-8.553306277532803,2.3572663377641216,5.191593330199504,633.4906049531957,0.6698041403274306,0.002082500098118371
56707,-3.259387799777853,-11.555201028293414,3.6915678023088616,1.7940341301892972,459.62950283939267,0.25337873696419866,0.002083265880989027
56708,-7.169956602043504,-12.745374953639093,2.9368342894192487,1.1758926551450457,297.76117539484244,0.9011436039853207,0.002083305472909418
56709,-9.559904462660691,-5.853741992009722,2.8538056234934515,1.7765367296686159,422.08094103982313,0.2781433814685359,0.0020837427354550887
56710,-6.4478685351968,-10.42676195723855,4.113644379651583,1.1615455286551233,233.94768940227596,0.9309575781235369,0.0020839478768333282
56711,-9.525079711263588,-5.373026850553628,3.099138980298762,0.5920522485812572,175.0867230998236,1.1660151653256214,0.0020841502251221673
56712,-6.589280802903386,-5.8478570177726334,0.27555540595515593,1.614178559396965,372.9438903098739,0.6566804131758319,0.002084321573176106
56713,-6.274917307041042,-12.119644891294179,3.6233619192936235,1.3116551342701337,294.76036571699586,0.9551653816799464,0.002084745608394135
56714,-3.284112594060165,-12.105949341693131,3.590588609590912,2.4247983519579153,174.13210848496274,0.35287084748071695,0.0020849722537677356
56715,-5.343444586318441,-7.829761949379738,0.16702136339756782,1.0786973263137132,281.65011245314736,1.6376646574664973,0.002085371162787506
56716,-4.212045764232273,-9.66222792021495,4.670963152447004,3.9205596386039123,557.2173362602754,0.6038417162442222,0.0020861335437292934
56717,-7.80672619762041,-9.908769218514044,2.749089011861684,2.4060049335046996,448.36098945975,2.1763466068418014,0.002086166193637617
56718,-7.486853852155557,-12.634814399782545,1.7502090369381025,2.5167037399691163,457.3832921014111,1.7423364305606635,0.0020863152978015257
56719,-4.392897059566207,-11.082387422332229,3.8268707078867306,1.248040942674704,309.47536040395255,1.7995150646380464,0.00208687967796644
56720,-3.5154856147751534,-7.395723280737867,0.9985435110789969,1.7235875882904415,406.5591614011413,0.07308513507783054,0.0020872353688311924
56721,-3.5322271037679673,-6.963914571206906,5.011973978097268,14.406338559816595,841.7803718683208,0.2994715341377008,0.0020878081949577665
56722,-2.7657340709080795,-12.049252715224766,4.427959242716193,0.829947504585744,203.8214273286975,0.6258036398938005,0.0020878842192590947
56723,-4.065166973465316,-7.0562578915286736,1.7670219274424066,1.8283109919938791,381.5078899834878,0.4039110784758577,0.002088424155826658
56724,-9.441201949823217,-5.44006186948208,3.4782672763484195,2.036559634777651,395.5913406051738,0.7382676887488318,0.0020888964274727523
56725,-5.408852020004254,-10.888158211947552,3.9455584402494854,1.0371030746581784,467.3333795398619,0.8077911126540842,0.002088929687040542
56726,-4.0410612592529285,-6.739640206677247,3.7155016233247937,1.6839366397154107,392.2564687501226,0.22438619329349407,0.0020890472669743234
56727,-7.42259580537124,-8.862063360496242,4.766132316195335,0.9108433984570605,255.45378149426045,1.075857746292603,0.0020894381621454523
56728,-3.8018819978388683,-11.285181241709362,3.7495057339637694,1.1049110627123775,291.4626807503168,0.8230425306799569,0.00208954304280024
56729,-6.130032999548188,-9.210841141884115,5.176989257812442,0.9073400553301509,470.29705988449564,0.02202477156216265,0.002090107342185748
56730,-3.20768724750752,-11.811515867828223,3.668243777182607,1.0018115497770321,264.00725192684564,1.5845600533858653,0.0020903812650468877
56731,-8.808953331924505,-7.4727789084529155,4.173310077163428,3.5426830308266486,255.474181231204,0.2301658448806645,0.002090485894307632
56732,-3.7730114549606046,-12.51697480815396,3.528201684129155,1.8909591659690212,467.7368638406869,0.35315929886182573,0.002090960324781384
56733,-6.140074547245235,-5.379996157564611,2.578525736542386,1.1334152167678355,291.1972207365268,1.2729182423929668,0.0020919837518321195
56734,-3.610971837414101,-11.567451293402137,3.6716620464350895,0.9458223914248346,420.3765906761333,0.8706688582594646,0.0020923725633659436
56735,-5.785570331429754,-6.206605622659202,2.455326485803518,1.651017583128845,468.3568153609401,0.520096441992445,0.002092397378084668
56736,-7.974699767323557,-10.126954149713198,1.2077464562685525,1.8778165533455586,468.9727361666265,0.5965566836823557,0.0020928833636125067
56737,-7.265919964475808,-12.728249530717441,2.7637464350054475,1.1045031843502013,288.58257911936056,0.42057573509238466,0.00209291858573495
56738,-5.695021625450432,-6.295028141398508,4.126850643646696,0.9788688865285508,467.5796211889708,0.7495711002521785,0.0020935387701220597
56739,-5.936682144943145,-12.256432757649376,3.6335867076490778,1.008511293321007,218.57014035723392,0.2761528744580133,0.0020937962419679836
56740,-8.364433508942518,-8.174228167267252,0.4387519955878364,3.0430685290928725,487.8809627560751,0.5289515993815872,0.0020943675372540557
56741,-5.481886022267227,-6.396506344150405,3.902930251361501,1.5658689979223541,350.54893783679535,0.31427475626758206,0.00209461330148551
56742,-3.0629872869115378,-6.955707944812344,2.842899391504179,1.385843845954542,314.45693791327943,0.4649744582336206,0.002094689484942251
56743,-8.639697851234388,-8.682251046898406,0.9766640812962095,0.7100829461290673,140.64772318620246,0.05920543343000961,0.0020947566203510775
56744,-3.6187038029470733,-12.274561311032128,3.555433859689881,1.7921407451985794,426.4927206724678,0.2934016154899899,0.0020948187511457316
56745,-7.037311457788176,-11.37129759358853,3.355960140679495,1.8799441566612407,463.55975072756604,0.04891535869025354,0.0020952814121754405
56746,-3.9006280408229728,-6.811174408137933,2.6388958591756864,1.0769331243067153,286.77733608662345,0.7503683705666591,0.0020955022301060488
56747,-6.599982677388967,-12.529297262692355,3.479891522600515,0.8747378658376888,243.16006213858108,0.10213608552215536,0.0020957538486310327
56748,-8.067539200371202,-9.196545353255074,2.9814601544168107,0.8965385281317557,246.4284163882492,1.0567174953656142,0.0020959671878936197
56749,-6.0191527332974974,-5.763978604346063,3.2303878392590875,3.804350000225507,551.9506847070664,0.7203004865509977,0.0020961057766000933
56750,-5.1523682318229485,-6.657820615952416,4.527555910773327,0.9043596173262977,467.80282313189645,0.6847507713954073,0.0020963581985676844
56751,-7.567905109403169,-10.092628877705955,3.183321046501167,1.0961184610457537,278.105037850494,1.7313699280106514,0.0020964887227421483
56752,-6.2646064522192795,-5.645439867118794,1.1847258189801535,5.307816410695589,638.3653371869974,0.6089103118709387,0.0020966035888681507
56753,-2.4436785042525457,-10.758109131761838,4.2839888388074,1.6624616928782725,422.6818339344338,0.004206299346256159,0.0020967546358376214
56754,-2.4303015581794982,-8.97605578030538,2.622761417467261,0.8757344196441801,168.04302862452167,0.1712358456680496,0.0020968452360551797
56755,-6.128386699209954,-5.877234458592155,4.418039259631066,0.8820438895866771,213.34335835008935,1.124791194411694,0.002097380710496189
56756,-3.8385867821319284,-9.890229803241725,4.469004074271287,1.1705814819091709,467.50383226228286,0.4151112927960634,0.002097721542598914
56757,-4.833747324893681,-6.866386072484371,5.089532715897096,0.9284499787545123,134.21554046676695,0.35388062843898194,0.002097849614171132
56758,-6.3346784043665245,-5.482251478190348,1.4778476665930977,5.631680681778532,654.4384728683376,0.640654452271308,0.002098367332439021
56759,-5.8253653763653315,-11.819086041813847,3.696152111736935,1.6142326097995519,468.4012146474514,0.5369637275522345,0.0020984389191109243
56760,-5.918032305104407,-6.012819080539199,3.84166772597845,1.6598386662746119,444.45103319684426,0.18136607904622437,0.0020986769257641995
56761,-6.314322407809998,-5.4847540088878,4.476979850193574,1.2129521730256816,468.8167904014464,0.6420938601522881,0.002098749615533438
56762,-9.072952576727614,-7.494148957407641,3.432606566446268,1.8981992014180875,468.1095210635564,0.533829940713102,0.002098878802989396
56763,-2.609163597382487,-12.18103666363114,4.882314529216265,0.9862688555843411,266.38281476153946,0.8198529992239081,0.0020989025116612023
56764,-4.23790024247099,-10.53792188530087,4.056535524262609,0.7984888810803827,469.48060691747236,0.1347590895611912,0.0020990366795418203
56765,-6.118693881381307,-11.748164345627501,3.702083713311873,1.58270057194667,362.11088886147843,0.47689477624826804,0.002099272236642741
56766,-4.8004172168587855,-6.647760356833766,3.3280274810367843,3.005009043639281,494.6577793491958,0.9424875681204314,0.0020995842317979084
56767,-7.702910296993833,-9.418304895927683,3.6003548728393673,1.0596476261141938,280.1151845315823,1.7630212977097282,0.0020997747103629126
56768,-4.890618024443989,-9.391935133077766,4.947797818193832,1.051302085100755,263.9164378192432,0.474758724552653,0.0021001064560755935
56769,-9.40414602569596,-6.842715471108471,1.96619450353315,0.8358458101189639,204.6514044080713,0.6155039476125284,0.002100524419170085
56770,-4.488181034376333,-8.13680225628363,0.05389410716620995,1.011190000191586,263.2584222477069,1.3006848840182927,0.0021009610021381145
56771,-7.814527642590516,-10.977178497886877,0.922389444380317,1.582405555106679,333.08861644129917,0.6944197737195497,0.002102405697818435
56772,-9.457351924141522,-5.27369407096064,3.396342552692574,1.721217688097635,402.529140842943,0.18845044652151532,0.0021024277873672374
56773,-7.69641386997958,-11.985990599149948,0.814786975222034,0.6633939099756201,192.62064755876867,0.8190190343293278,0.002102461820425335
56774,-7.368983226048131,-12.827330391689346,1.4686383981414783,1.070801734612309,220.24785247403298,0.8208605279152703,0.0021026907082399263
56775,-7.827436403912568,-10.428079023649023,1.4139515591993403,0.8984959517037252,468.2700034767132,0.4372954542820615,0.0021029089939815543
56776,-7.231271727355386,-12.479048722912907,2.855880162233372,1.7528487410186562,468.340203225654,0.4194164423478677,0.0021029598166120607
56777,-2.2633148600297375,-9.46393276818295,1.2064850159054277,0.9908293672595028,261.0676414980744,1.458508832080585,0.002103177859860104
56778,-5.419665225687469,-7.836295152718935,0.15083769019737828,1.6042749827714369,469.28836622564575,0.21919354489189224,0.0021034463128779776
56779,-3.778978467700167,-12.219717510840765,3.562885388335115,1.2199171902417592,306.16055448330565,0.5780661140230974,0.0021035054741123153
56780,-5.388948764557932,-12.64474157780432,3.573593036282282,2.3533204645962478,441.50376951756783,1.7292520756240526,0.0021037416698528196
56781,-3.6573983191955817,-12.137346410063344,3.573536018083262,1.5492577463183201,359.172300386826,0.26745471720790714,0.002104028400933927
56782,-9.165207392985593,-6.831101244208231,1.1183118849778135,1.047211864299583,283.9322216022022,0.7834034477526153,0.0021040614148416597
56783,-6.175739160607852,-5.887267649569515,4.596839391922817,0.893428992645092,181.98958931073983,0.8299691537886025,0.002104390339947178
56784,-7.859496615311343,-8.937857256207469,3.913251448860669,2.450108819125711,448.77290363115486,1.2945483849260944,0.0021044963572308304
56785,-4.815087344362945,-6.833442860137767,2.0516540725601207,1.190984248936694,468.55509507684764,0.013562342044593834,0.002104841441143048
56786,-9.42063994966491,-5.333150815025732,3.5270461736510303,0.8108661402528232,470.108363808163,0.19069362467570983,0.0021051713279925392
56787,-3.081680119484936,-7.561060523869654,0.7997254967329785,0.9351016410123786,263.9756113190129,1.245738270301417,0.002105303824679564
56788,-6.538018914019766,-6.416318464129763,0.21755277175435983,1.51106689347154,468.75633828644123,0.8424977038035548,0.0021057393833044742
56789,-6.9524429588844505,-12.372727707840738,3.2479997452788627,1.0847980975026823,284.64718837534224,0.8269123205047242,0.002105964942144373
56790,-4.342096911439679,-11.2919665766356,3.7552383930399484,4.628842073494969,602.9147477690138,0.6570532101170965,0.00210615155303422
56791,-7.703952113000626,-9.742169619932865,3.220383490583378,3.060788606124988,499.9806867580542,0.989109917879885,0.0021069337098802965
56792,-5.980771704433293,-12.376706810193916,3.6139556744789267,0.9020200079157992,224.72734045666692,1.0596767559013367,0.00210760403380374
56793,-5.187893338122946,-11.938934103050943,3.6503358746165238,1.0552480122912968,467.32686872370425,0.2752831377396916,0.002107709631172079
56794,-3.5363433484364553,-6.97138870837761,4.991525040428354,1.2450585314566378,312.02132651206784,0.37264808757271606,0.0021080660689162065
56795,-6.8899692181213545,-8.98238272144275,5.160644820683036,1.7799956098772216,423.2100550671565,0.3259955763020841,0.002109641990129671
56796,-7.751049360088903,-10.702418863775787,1.9021402967095236,3.220052851752628,437.5318093552716,0.08672924552815786,0.0021096530662798
56797,-6.054409205327742,-10.76700739817051,4.001919103075857,0.993780416025132,273.9224681630782,1.7478910788731943,0.0021096923942387543
56798,-5.991208023610115,-5.875658406838322,2.288009980672904,1.0575913367920904,468.1596927082143,0.8796341446765874,0.0021100436836642496
56799,-2.913356144939704,-11.856569050985147,4.05784706328768,1.3491611241660417,296.8461862611073,0.14313940807819225,0.0021101035236939627
56800,-2.7178464098130215,-7.507908258159009,2.4316165098521627,0.9995850199827487,258.213761610235,0.5254364346289178,0.002110965023369898
56801,-6.176105106660852,-5.258908936065478,2.7140626666109435,1.113851193162171,468.12928692882315,0.7470498604285236,0.002110970889658334
56802,-6.201295998182937,-5.307907508967641,3.6299900633687416,1.7011247163484509,469.5803457041879,0.0086696366435417,0.002111288162002383
56803,-6.603518039162655,-6.55546954083292,0.07584032585949294,0.9070974816452592,468.35486325702095,0.5192547984524607,0.0021113468039160024
56804,-6.1526795964796115,-6.035753505085311,4.788962972075351,1.6623439325767615,388.80372383602577,0.23259772863834804,0.002112077307486095
56805,-5.368327773144868,-10.27395561985839,4.2479733710617396,3.75488467041985,539.6465276331852,0.4121602476988544,0.0021128726372967575
56806,-2.9525525008009232,-7.328922850540793,1.267018046633036,4.847187126908417,459.1778857850004,0.0020777634727382477,0.0021128909576093686
56807,-7.650081828096481,-11.190184083291157,1.7194794277678378,0.8617583297846907,467.5120494602219,0.6169039144740696,0.0021129901722538526
56808,-6.099415386728356,-5.677775392653293,3.784609492711862,1.6561312829524426,388.09621042208005,0.0917646307355513,0.002113106846560879
56809,-8.837948673232827,-5.243326455173567,4.855259542070874,1.762157615201378,468.10108486955414,0.36742293348605326,0.0021131252924976793
56810,-5.8352762895033345,-6.68760796826358,1.109362007894888,1.1023124125831125,466.2254828320871,0.3582332178207617,0.0021133445901362702
56811,-6.389736442593893,-11.55711558602286,3.6957426511493003,2.9042076069581597,480.46546442975523,0.6367320693933163,0.002113393901117411
56812,-3.026465027894636,-7.3076037053067635,5.182435046722893,1.303798639685797,316.9226936343898,1.708241290380366,0.0021134126189540792
56813,-3.1952596781660745,-7.156542930478423,1.6209114282783963,2.491111838301778,238.16310096059294,0.18310606550544417,0.0021135717801946284
56814,-5.764095321048607,-6.169058352694101,2.554261207381673,0.9358453124451509,264.66044414418985,1.6869751450563752,0.0021139109830686413
56815,-9.196393065697247,-6.56588709442281,1.2363286415536692,1.74239851899336,410.8306681792604,0.5983705661633971,0.0021141451030339195
56816,-6.172205906033867,-5.633771010772325,4.070649925609001,1.745224254460305,411.53342773123006,0.5978385538436255,0.002114198130815416
56817,-9.18137118578581,-6.831249566061957,1.2803364403267525,1.867399029743374,467.7898687810378,0.30846627647027525,0.002114386741552504
56818,-7.529668403828667,-9.668954961610948,3.6557851068575173,1.1089865356341626,223.23572941696605,0.8490638293621062,0.002114557102681481
56819,-9.447756422052192,-5.191971615083012,3.4171036188106907,0.6564398863966392,156.81044541582176,0.24444492656324446,0.0021147231810127193
56820,-6.550750792897599,-11.563572631409299,3.644092563159018,0.8628388566765693,467.63068905909216,0.19666038619355852,0.0021147428475264012
56821,-3.1274869748057386,-10.778448825959634,4.033802875492782,1.6906387358199544,467.92925687012286,0.2714387212210374,0.002114824335743418
56822,-3.6160720768695693,-11.70558424001554,3.6411761488512724,1.842953529714902,468.6066552104079,0.6127989581034816,0.002114974145266138
56823,-5.989427372245154,-10.885429210167747,3.954288969347818,0.6099016782454676,126.05157348427512,0.8251071044722336,0.00211541372569413
56824,-5.121859616857932,-6.620493021282311,2.50075877501798,0.6531768644594357,199.74554502853644,0.35978445680874316,0.002115705485478873
56825,-6.831675804043516,-11.454876331462717,3.5165345604263067,0.9794341382158654,258.7634380011743,0.2530010056011873,0.0021158139049687907
56826,-2.835918289900655,-7.267197268168372,2.6580064121332905,1.3224125465124685,325.5859192293589,0.40926487752152774,0.002115958920525406
56827,-6.425895432522513,-9.240241867707537,5.090547885940645,1.6182117848161277,380.77949697538446,0.3943391988804601,0.002116284393343073
56828,-6.364757104192291,-5.059641166944727,1.561796831530228,0.8089110777839665,172.2738934269228,0.24740572274176742,0.002116545115925736
56829,-3.354664903380396,-7.699180461356098,0.5695862430967183,1.1457277200250107,468.3538612621847,0.5188014274975226,0.00211666315168596
56830,-4.187340684103651,-6.798106963995127,2.5819927531025315,0.6732035644355732,174.793537965267,0.9588439105638162,0.002117019082842894
56831,-5.28701928448417,-6.481282324399581,3.426657517303123,0.8193373129589483,467.21939775081273,0.05075961380283278,0.0021174198360993956
56832,-7.67983571914078,-12.03967577559811,0.5901037934714249,1.3091619625757198,319.60502835379265,0.5060212324197035,0.002117729957618255
56833,-4.891080334374632,-6.663080476013641,4.065650302705778,1.0413662597344584,468.0408198051417,0.3863403311879514,0.0021179041704434457
56834,-6.215933760769915,-5.807710443707149,1.5542540360857102,1.747475754259758,411.70975919808524,0.5321032582683163,0.002118771386640681
56835,-7.535219160565446,-12.05931561757859,1.833304613221442,0.8379361083789023,231.69651067524015,0.755184415518209,0.0021187969931750665
56836,-8.83150867398651,-5.015607033950447,4.843393606754808,1.1395529316677597,292.5789119245344,1.190292183946661,0.0021189181432933095
56837,-6.912848796019428,-12.146298453276344,3.311842536456561,1.1920320161693374,306.90407700351386,0.3517135441242045,0.002119157824307075
56838,-4.68211069571688,-8.128447155710187,0.033083984303035815,1.1576726647587308,467.5155600987255,0.3480440878945812,0.0021196070028294315
56839,-7.42949773796151,-12.511877785218235,1.5614525441958362,0.9719562131931735,467.9137169694266,0.10436056949730155,0.002119690826768881
56840,-5.224910753543303,-6.6632945823392085,4.707271600613677,1.1091080182546373,223.45043220358494,0.5575474679455725,0.0021197634439189036
56841,-5.844254476547308,-6.719923252015016,1.075604588357891,0.9576975033189428,248.25350215050668,1.4368299846620394,0.002120114598876118
56842,-3.436903589166712,-7.4315888496827975,0.9359634603950557,1.1700015523906335,467.05629219878045,0.4042171215534802,0.002120187025295451
56843,-8.838929526646126,-8.005359995411483,2.9978888421637993,0.8741019170388974,468.59530775139956,0.19888999432406873,0.0021202659595171555
56844,-3.3629741489243674,-7.140252428097776,1.6859346281295637,1.98207983756958,264.60735769096505,0.060855499051947426,0.0021203157496319084
56845,-4.231408890745941,-10.195950886750545,4.250384800467417,1.635045770915614,354.17485169384923,0.8323390466820424,0.0021203949750976093
56846,-5.449226212295073,-11.507398466526924,3.7427286993756463,1.2740002512447965,310.89367109105604,1.1183577115191952,0.002120403715178482
56847,-6.098534820416325,-5.584528488811041,3.5062758124045073,1.1417490664860217,292.93871418284886,0.7288933815515515,0.0021205157952830104
56848,-6.186649914714243,-12.541080315632826,3.5812264009317882,1.124593946359682,316.3814508736399,0.4510407544074555,0.002120926921105201
56849,-6.126259331829571,-5.539052286963157,2.3656560789119347,1.031727677096047,468.56326083863274,0.6511927051264559,0.0021213195304985747
56850,-3.6189280383328732,-9.175847563473006,5.1256636195535075,1.464324054609297,339.4030836302705,1.2752274111137458,0.0021218058536759117
56851,-8.405272869917617,-8.490441436384032,3.3020640563661354,1.1548871392645332,467.40780209097045,0.19711784115485642,0.0021222792630892096
56852,-3.6729660347958726,-9.495511771907154,4.797125470786549,1.7090811607808678,468.6589349826722,0.359451588879379,0.0021223861330229013
56853,-2.390257930407368,-10.53282926786305,3.152002168006269,1.3121737544340706,307.87973590898065,0.3497904523527202,0.0021224489900964947
56854,-6.034624240752491,-5.67450957226585,3.0185878102035897,0.8504620730085002,228.89496143227754,0.9737243836765241,0.002122631594600346
56855,-2.224279947442559,-10.791179919957207,0.971660052432275,0.9071080038887958,183.25177854616615,0.706532990571672,0.0021229617779888153
56856,-6.670340786790563,-5.602301735848171,0.22661363032659862,0.6675889204908846,417.74442817001693,0.4208013609497039,0.002123408690138822
56857,-3.4033166062248696,-7.0235469682044,1.953322396513905,0.9735172423064363,264.15203997908895,1.1141715391741656,0.0021238898039791956
56858,-5.686354534496038,-6.810222866111179,1.1397607437954698,1.1721894973503675,239.77515230834314,0.8476691611584393,0.00212405395928336
56859,-7.88161414038775,-6.337059832159019,0.08653302615758023,1.1512846003086938,299.27028172314033,1.470701919934636,0.0021245265958773343
56860,-2.4676303736627005,-8.527775864062534,1.88242686772725,0.9440717175942896,468.18873784311864,0.5541174071419439,0.002124968136692623
56861,-3.5146086979674678,-6.805222409226071,4.1517329731352905,0.9942993813871167,274.99329953988257,1.611623707935589,0.0021252979780160657
56862,-6.287297238552473,-5.2482771549004354,4.040595893449243,0.6865817905155891,196.95403591364763,0.8662335547048867,0.002125888436028057
56863,-5.483223553800956,-6.436975629149756,4.158052414489468,0.8267967394464912,171.40758043108616,0.194191196675515,0.002126105672894043
56864,-8.491002732737346,-7.804109090747424,4.360897793877824,0.8542803730586216,212.40007202408262,0.6137889643287897,0.0021261552715209266
56865,-6.559527196269473,-5.24251634245206,0.532804842081906,1.084822147611954,289.7944334892618,1.0841484043360952,0.002126790411783608
56866,-2.5126145943881086,-10.119426788106301,5.025223105530503,5.481477477345366,410.014577696691,0.09431027750427656,0.0021271179797405586
56867,-7.370002499761606,-11.586112080551548,2.755677061662226,1.5292289367128187,467.8758734361462,0.12774530934998918,0.0021273031911793706
56868,-4.825352364968731,-12.840256345032422,3.5293448832558054,1.2976760492722739,468.60565216646285,0.33325600564117774,0.002127304995600712
56869,-9.092227285561684,-6.140759223573722,0.7537871357275518,0.8311159139846604,219.52866222894343,0.7016032773700784,0.0021277673862213865
56870,-4.672630086524439,-11.778442745091859,3.647033095459319,1.7914757786352065,426.84155572062355,0.2592572429147806,0.0021278623303211787
56871,-6.0676261588037566,-6.4872935919839305,0.9757396059638237,1.1642259307325213,302.5525005617216,0.4171355256438076,0.002127955841875834
56872,-4.956258489785961,-12.109162464744026,3.6043284977284262,0.9232586003429304,467.77255945942704,0.8946280530313695,0.0021283142834331854
56873,-3.77756135166735,-9.900523128271224,4.450676279882064,1.7482152704224567,421.5941099969855,0.11625863886264565,0.0021290806421197283
56874,-9.41109697004121,-7.025392020179341,2.928777372485151,1.0257147390860861,241.9186433932427,0.09842799239720801,0.002129683568118441
56875,-7.038428068872026,-12.608390513482009,3.1228860620845946,1.7940847400702544,427.34333132429896,0.18330687055302874,0.0021300568467992826
56876,-3.0490437807061186,-10.547826046821067,4.243314047944365,1.7249295966398568,406.05132008859977,0.1897801734091118,0.002130076262525923
56877,-5.78235959991411,-11.415889196359487,3.7787743399546874,1.7689428643545646,418.47582953724947,0.45890909920941514,0.0021302325954584487
56878,-6.220323664029748,-5.018912271428635,2.4887741461169135,1.627610107523699,353.70642085018864,1.1295704762033942,0.002130251593324094
56879,-3.1881325522549977,-6.909162190482869,4.396953877272297,1.820204423428316,467.37440238483947,0.8069856232062742,0.0021306268429692947
56880,-9.391006102344441,-5.1525811300563715,1.8166570961873725,2.4377964409464776,367.91873519722674,0.06515359009026511,0.002130758403392701
56881,-6.458447708417891,-12.88066062237114,3.496357153528648,1.3679629777093885,308.6177507631986,0.29928389724490234,0.002130771997798468
56882,-9.266190511850457,-7.365847106256651,2.9126320760865108,1.9705234868453385,401.4508548209996,1.8494971315040862,0.0021311653003716234
56883,-5.515232837202035,-6.361047228603123,3.0983135244989373,1.7182369027026034,419.75706452150797,0.8556688830250758,0.0021319644395621485
56884,-3.3826866277428094,-11.021522490619347,3.819912100347605,0.7542063122839157,214.09922864021706,1.2782193507118729,0.002132185991539871
56885,-2.4421873168596733,-12.513109932979193,4.384041197286042,1.091079388918285,331.1368962842817,0.9169830015924889,0.0021324375484043246
56886,-6.962102033009369,-9.082886836855602,4.987326540437856,1.6742777068240944,393.64804622419564,0.23716618402360812,0.002132456023790787
56887,-8.33544883268015,-9.35911232836758,0.8548266629802372,1.0271007639487788,468.1080859699999,0.6672061913442535,0.0021336548382588586
56888,-5.557602219483666,-12.774135181724324,3.566924628214286,1.2796799567910595,315.77105627286505,0.24350882526065387,0.002134258967552953
56889,-6.294837497907729,-5.829504670017421,1.0082681983020902,1.7488170100651752,415.6033831375359,0.645118400357263,0.0021343879472666295
56890,-5.40381705219767,-7.688912847459462,0.28661723057217015,0.959968639864619,206.08907800866845,0.1861042839984126,0.002134430773327348
56891,-6.394078875828274,-5.374438106906984,4.586997596263827,2.4594259351110694,452.72157642013013,1.9295756541510949,0.0021344556059468404
56892,-3.736197998457836,-6.774118128795456,3.378656664072962,1.377087519903695,332.4704137133537,0.3361290113637896,0.0021351597203462633
56893,-2.4832779630776525,-9.97921381620605,4.537233773735161,1.116991279159173,467.2266695166428,0.6364376537891472,0.002135841567852242
56894,-7.490262835521989,-11.890330870622519,1.2201890620710212,5.608028414121877,638.9445880489047,0.2699182437654324,0.002136376190916247
56895,-9.452759025227719,-6.797650807250566,2.2071805399461013,0.9801997542997102,259.207423831649,0.6862853473290338,0.0021364824264460736
56896,-4.7289143412364,-10.361544623753263,4.160452622232774,0.8775695591530235,467.53124624555556,0.1767066764176537,0.0021365184462990255
56897,-9.137789793732551,-7.628265960357935,1.750077853359075,0.8954363523639389,463.03084415422916,0.37285695261067975,0.002136518455461734
56898,-8.188167935748744,-8.535528075387813,3.8003391653240097,1.568877728458062,470.34917869019273,0.05631036876308304,0.002136545149834691
56899,-2.6840441410215767,-7.6487927263944915,2.002851867283245,1.9966443479757092,404.28257269020435,1.824008865388186,0.0021368675530949264
56900,-6.842522557865562,-10.70758126386914,0.09144285381550395,1.0817390000384794,468.07925799762637,0.7190529520693625,0.0021368987018498334
56901,-9.422526701328158,-5.437306929199069,1.8795455135716124,0.9034505060354564,470.01064994457994,0.2323129487872606,0.00213709999164323
56902,-3.0257919462954277,-8.068861226956109,0.33322566672343534,1.5343863306649281,362.3197204132107,0.45883632515096995,0.002137355597097301
56903,-2.3387967348089607,-10.11995745476004,2.2602717932891565,1.7834654874133489,468.5712869247216,0.2537374542118229,0.0021374314517206053
56904,-4.2682699776574005,-7.936033070624084,0.26630108702369903,3.0059078990023136,498.65954408634076,1.3265069869442776,0.0021385094155153424
56905,-5.129109244895881,-10.32320047917609,4.201125855820781,0.8959049505004929,183.12705697999465,0.4664124801894216,0.0021388823138485413
56906,-8.804109608375079,-7.953112160811662,3.262532492612159,2.10945199173519,410.7379980041701,1.0089052019793208,0.002139026524550412
56907,-6.183777138007579,-12.166678222202002,3.6182924654424053,0.8718741785636778,206.62045316792566,0.9444116592082334,0.002139184113220656
56908,-3.7897185291316484,-6.774408521204674,3.9377758397280815,1.088123571396599,284.78086394392045,1.510013588337821,0.0021398723308957324
56909,-5.523468098407141,-9.949850732520776,4.478637028088606,1.392547035117617,432.1933610740312,0.14131708308324153,0.0021402318436857803
56910,-9.21937713014638,-5.336163900298568,4.059390200551365,1.0173384770258096,269.19196981675276,1.1820740357210093,0.002140353287750547
56911,-9.381221140462385,-6.270928142271026,3.67133815083831,0.9946273220049036,260.5686855973729,0.21471252638237814,0.00214085611025737
56912,-4.061202476194337,-11.459195602923211,3.700951004772601,0.902614577196059,234.25558757700276,0.5475259318189343,0.002140963126747926
56913,-3.4941218302308936,-6.786220880296969,3.7480309217244776,1.4510007544093695,468.71336213496255,0.18423828233506256,0.002141102308370028
56914,-4.07545840955252,-9.164200137719543,5.143301285416361,2.3838957569898205,437.4534477885263,0.968856565635063,0.0021415923051570367
56915,-7.306429969819371,-12.148527938587605,2.7484532461408917,0.6503655072926252,143.73239152794227,0.2579414930858537,0.002141752080842592
56916,-9.528756758369191,-5.796757817325457,3.0590942375431114,1.748500443483039,412.5874032478706,0.5647154183750809,0.002142206057511669
56917,-3.796352272804741,-12.948391707809922,3.487524821233127,0.8833475391059522,227.87508426769253,0.9403467434915092,0.002142517494114269
56918,-4.0364233499523205,-10.916752662113918,3.86909393335931,1.8948613653995652,457.64728914532856,0.31489959476223817,0.002143124521097378
56919,-5.428076056055533,-7.37788455995861,0.6325675406291822,1.1576596990007302,270.8525044437063,0.661743173735192,0.0021432618777456657
56920,-2.5706303180922427,-8.0468514498935,1.9262843185321796,1.616309881059662,397.50035723398037,0.26925608374949395,0.002143714937546062
56921,-6.252469630175747,-6.35046143220788,0.7579040601224263,1.3425369308271802,314.78022868393646,0.4481194256587928,0.0021442663135403032
56922,-7.680783222066993,-10.822605102135663,2.1593014884632153,2.9207466157940587,268.8880910014983,0.17542892162530777,0.0021450768595287794
56923,-2.556241604152607,-10.764953930219546,5.186699519566069,1.434194067417636,433.79448668701843,0.46474891793864526,0.0021454547949036886
56924,-9.235596070217147,-5.950098896951817,4.061684847268106,1.438723283525952,317.2194307724405,0.06516072012282503,0.0021462108318536467
56925,-5.387319455268457,-12.716221194772265,3.559675736060524,0.8806352514912426,467.70232027359924,0.29921332503652653,0.0021464337719191984
56926,-8.015713122277399,-8.122617627271712,4.817031660036922,1.206931587015566,266.08069857446776,0.20541511116324518,0.0021481556155557207
56927,-5.838256889406236,-6.066052146667263,3.3925931410986356,1.3051276683259103,295.62387350079575,0.3893318140479254,0.0021483492035851274
56928,-3.99776780064553,-11.972060043156832,3.592614989591775,1.7977992850285536,427.2743322602296,0.41054835978528104,0.0021485751179488584
56929,-4.3229839123636795,-6.939312603172993,4.998027435270064,1.1190128175417382,291.976434315669,0.956755398388526,0.002149049599478134
56930,-2.431798505194717,-12.680801475090398,4.258681695098146,1.4799314793906242,339.2918176310366,1.608457499162026,0.0021493763873230015
56931,-8.97995879893605,-7.176270704391322,4.14626663801251,1.556886598115257,354.33816145570165,0.42029591794144494,0.002149642133599036
56932,-4.216000310246047,-6.813180659841226,2.524532220798562,1.0740657197454042,280.4972212033587,0.43685576078835364,0.0021501965033993045
56933,-7.107253916960421,-11.927369170602843,3.125211003352701,1.3052884978268482,316.00165632567973,1.5152580364870305,0.0021508762020159343
56934,-3.515090858753041,-10.290343601910372,4.172762518296002,1.5333932050793804,350.2581702319608,0.6574550017507805,0.0021508968343082733
56935,-5.667234518593036,-6.227620696100183,3.3346660043121132,1.0654858873352622,283.1908861764141,1.2999385864832336,0.00215157347991755
56936,-5.5859403543436335,-10.576645808212612,4.081809091307562,0.8776336701642949,467.85970122580204,0.07250606425867723,0.0021517328059469758
56937,-5.88095541538618,-6.118380525544278,2.298266472786548,1.0852201987933345,281.800113742352,1.77962721400925,0.002151951919984864
56938,-5.066151161689308,-12.19010545215896,3.5928402250096156,4.5736450550396865,588.7531464635961,0.27633738989575907,0.002152181911316752
56939,-7.684978498438216,-11.037277860647253,0.41603054692020525,1.8122534718758068,468.59603161690706,0.8640058662389904,0.0021522592473261983
56940,-8.062989374948923,-8.593652501181941,3.9947447696504144,0.9620885576317751,199.399623591639,0.9311543005365124,0.0021524506661639996
56941,-9.374211716831475,-7.131369214210525,2.2026549305759358,0.8582469012010855,187.91619220876893,0.001963881177667659,0.0021525569050599622
56942,-5.839582864089726,-12.092770262833264,3.6377998366747475,0.8792336357757987,200.374449909874,1.0162601191672707,0.0021526151992708673
56943,-9.168451803062986,-7.640467282702966,2.042927576290677,0.7513337283549357,157.98450567183139,0.9511767213932876,0.0021527060531521657
56944,-4.682764612919642,-12.561920616743787,3.540169365511893,1.1265978118401871,467.22573979552413,0.4296729942155544,0.002153017898685023
56945,-2.8061366191651764,-7.321272692731196,2.940180442162987,0.8636307683106984,182.21685893745794,0.08599977736655173,0.002153742160358234
56946,-8.030873201952401,-9.825295948568016,1.8733302161581908,1.1143156852027651,436.8274217217936,0.8346548999445931,0.0021542206991752456
56947,-6.072158447963819,-12.61191512818791,3.5731506028455153,1.0117176657343463,276.68080081146655,1.1961733799937475,0.0021547329204540913
56948,-8.804067091399688,-8.26902947020805,2.1716017918806636,1.195738408226296,468.39089595830416,0.5330612334710612,0.0021554461552674674
56949,-4.030936805682375,-6.840757561610684,4.470507477966923,1.0108109332428106,268.50784126377886,0.6055944555754822,0.0021555077247065717
56950,-3.3304841394127394,-9.184241134793634,5.111097716048896,1.0571836570012303,157.638903234949,0.2219577316627026,0.002155940459392565
56951,-5.765798224226842,-11.845740342066755,3.679350310930951,0.7211992507804467,467.82924357712324,0.5054605222099271,0.002156061460798135
56952,-7.137201902676788,-8.991164903893747,0.06924488203509138,1.156198911846768,468.37733727264,0.04272831426085677,0.002156177730749183
56953,-3.887659252980841,-11.170453909250826,3.7698359274704067,1.0134772466030277,266.7070849053818,0.9713374474930676,0.002156345137141673
56954,-8.618193658544433,-7.418653601817502,4.634926420209054,0.9684554230282837,468.2282078529261,0.8575042911121242,0.0021564638079186772
56955,-4.586984726566417,-10.189651324966881,4.261255897763317,0.701497718334729,128.61501910493638,0.05624925595421271,0.0021569037908550897
56956,-3.346714129731339,-9.893096429226544,4.446894821164304,0.8916488709672129,256.1558137922793,1.2603286574222796,0.0021569880293527896
56957,-3.131600055868268,-7.467487871414308,0.9362324450396868,6.146094498864604,578.0093718559237,0.12666515529357714,0.0021571263662220307
56958,-3.413922692930984,-12.809136823343254,3.482577669566307,1.008190048416772,271.252549507728,1.7885383148433176,0.002157344337706828
56959,-3.367393233802521,-12.632980654676802,3.497202501090482,0.7710127909682155,217.82979862142545,0.9032491944573895,0.0021577778310227663
56960,-9.16864696736227,-6.831741360887412,1.1580972948250838,19.112558288798795,874.9332586890432,0.28164982815150896,0.002158090371052664
56961,-5.901047953196127,-7.056468486301339,0.6312178174182724,2.975090515334674,498.10215851406133,1.680104216283036,0.0021583528174344896
56962,-7.942206048088052,-10.104202524969063,1.705674259413056,0.7702716683603972,190.84120166646258,1.007198226203804,0.002158809740656794
56963,-3.0497583372529053,-11.503145571742614,3.87514280030642,1.718942181054441,407.84249857303735,0.8266164982757918,0.0021589801071430744
56964,-4.248369882991543,-11.741253812622327,3.637240430974663,1.9847721682420896,392.9160554922502,0.8894288477020291,0.0021596414893179593
56965,-2.395827152460855,-10.715605167192502,3.324685974016846,1.1187697796119191,224.0477665387677,0.1442550779926126,0.0021597483082822604
56966,-3.9166291397142627,-11.699369262958237,3.6315527884433814,1.8520246233316255,381.3088824426025,1.1622668099896822,0.0021605294064948946
56967,-4.413418169188244,-10.125955748496253,4.290626281722863,1.739555063998802,467.8094893918907,0.3182881631049135,0.0021608071570766393
56968,-9.475330644822593,-6.350725989337701,3.295750656265518,0.8901436375049052,467.7354395709865,0.551767510152481,0.00216125506437955
56969,-6.9860626873588245,-11.378939450908709,3.3917320231055013,9.998293058988933,680.5124038672633,0.14250056228011054,0.0021617803007533396
56970,-4.017814586693662,-6.758342305133457,3.129189316230997,1.4590986687174088,340.4649087574806,0.29896812220359426,0.0021631047826830762
56971,-3.5676266972622894,-9.177814114579961,5.114161627340209,1.1179494478940815,286.26787616908877,1.3403262978464303,0.0021639219158651546
56972,-5.140801752583389,-7.260483249996301,0.9076956037567481,1.326558698156803,326.45896735771316,0.34083521248837556,0.002164210664835084
56973,-3.739782326052322,-6.761037864566964,3.532089310854657,1.6376417298313355,378.75171284946975,0.03852426230437178,0.0021643468775905555
56974,-4.670322282235691,-7.202572572868104,1.2720034482182219,1.2648951883521664,271.90249290372805,0.14038135376555338,0.002164801312753593
56975,-5.081759803361437,-6.609007236819448,2.6876732334093165,1.2245463925052342,301.3895427355965,1.5568058232271822,0.0021649160050592232
56976,-8.931880572075892,-8.080473416337405,1.9935187008122117,1.7228488618206654,463.1314542619514,0.3784542671645159,0.002165294278389226
56977,-2.954369051501878,-7.069722161300585,3.4181059074983113,1.118782364108592,289.55440955251623,1.2738706500421904,0.0021655515189541725
56978,-2.7446036219286167,-7.679030147963203,4.16335909956355,0.9254621296038705,134.5258260351843,0.2246445339814711,0.002165832450543037
56979,-4.281040203514394,-6.72131385860888,3.492957075339341,0.9913491664430258,274.4938666324471,1.0187637806192695,0.002165912546703249
56980,-2.6194933468378867,-12.016516418772333,4.860262599702174,1.7862052998680173,425.46551060093606,0.05925161584943606,0.00216593631331302
56981,-2.394468860944605,-9.84804436591205,0.4917717976742221,0.7293056295354994,468.5130845524923,0.4625406457308241,0.0021659962979632586
56982,-3.677838663143911,-9.555920153714744,4.7337020246851935,1.7993112054942544,468.0264380557037,0.6368408205747613,0.0021661511529939732
56983,-9.190356433806988,-7.4428017066065895,3.074896546709724,3.6821154318478757,510.2491663185855,0.22037209510773703,0.002166205376933795
56984,-4.137184977728153,-9.19684176081694,5.105778764273265,1.122312288888393,288.4866547255067,1.143574106739356,0.002166229537271551
56985,-6.177996363270276,-6.026480437590628,1.4656419769124245,1.0096171804536314,467.2407766470871,0.9268254111027492,0.0021663765566288947
56986,-2.9198763382675317,-9.801639570529877,5.017420210151767,0.5758597223991396,139.94775681386054,0.021116316117065104,0.002166402347910732
56987,-5.355565873437197,-6.601716027860989,2.1784625392114423,1.201726933178884,307.7273636795475,0.5352132460453651,0.0021664379128676593
56988,-2.962182209060982,-7.227577105477957,1.7030362382789637,2.294858912186515,332.62600693686306,0.03653886911693238,0.0021664785148371194
56989,-9.014194815295426,-7.929684157399085,2.072916655466722,0.8011124768662384,469.4613702866479,0.00538806997671859,0.0021667568681445664
56990,-3.728123362574016,-12.992469438304418,3.470009022570487,1.7886677043431343,467.68886659720476,0.4058020401570772,0.002166819159571488
56991,-4.423287905655872,-11.24619895936501,3.7640286818432562,1.2179334853660948,469.1499905132169,0.6335040634328992,0.0021669621312365127
56992,-8.749305114124994,-8.304798994066399,2.400516883794554,1.8830198039127837,468.6149885284255,0.494651376539033,0.0021672111019053193
56993,-3.714074881951425,-7.408287463021356,0.9830278033027064,1.8505882047323192,467.4293988376294,0.2469021818974415,0.002167720448119836
56994,-6.03936646093211,-5.755826128297596,3.3483109321597553,0.8696718731303813,467.52503822773616,0.6041762341704864,0.0021681695309474984
56995,-9.462306520411778,-6.885370293410927,2.6959852325516174,1.1333082591146906,283.35976129781386,0.9988546322100422,0.0021685787549915935
56996,-2.3954369800824002,-10.108822139327227,3.0533396848361116,1.0524090768499028,279.17188707491346,1.7850713990817324,0.0021693336403768157
56997,-8.021403916742804,-8.490707783455939,4.242620004198836,2.0472706696552576,399.058163023026,0.8730608395138324,0.0021693820845184674
56998,-7.780183943347294,-8.59564037090247,4.546987748934728,0.8454713207509132,467.7226377236208,0.24139783983603724,0.002169402672958606
56999,-4.3888133749944505,-12.538695904117874,3.5200174895691783,1.9409951250543864,390.2493454460443,1.0607503860936776,0.0021694869269485873
57000,-4.229767188443435,-7.616868071705035,0.6451048181919851,2.440837355436704,450.46495074402463,1.6953745281717323,0.002169541142323738
57001,-5.318910337331165,-6.757050588081502,1.8958874445785232,0.9580938636455996,252.35220052453258,0.3861937364630039,0.0021695556721110895
57002,-2.7863072459957827,-7.453731100332071,3.340464497495816,0.86514199785899,183.7861698389004,0.6452777580413427,0.0021697222913958088
57003,-8.8819120092266,-7.972286415207502,2.8941593375391412,0.8888082330669045,468.39341548821477,0.5339960322553416,0.002169985359497901
57004,-4.339383073579013,-7.183942766251102,1.4799026435010814,1.2323658506948647,468.08487085656594,0.7222707383351077,0.0021703319058347338
57005,-2.67399715971946,-7.663040102204421,2.8574964878133953,1.192176319110246,257.0944182915201,0.09001757505980734,0.0021707698385749945
57006,-6.508876963465656,-5.505074738380549,0.6171777073509765,3.537204011862884,528.329628816622,0.5553499491744232,0.0021708358332573267
57007,-6.152384664701058,-5.415485791669872,2.997491352150035,0.739897369757959,189.08183874363235,0.32326818004323066,0.002171763619591845
57008,-3.456042081346796,-7.021168418083329,1.988307993600673,1.2707791141845743,150.2447836639613,0.39744682206029847,0.002171956025903573
57009,-6.179971490908736,-6.578428140533115,0.7778820841650129,1.0171668377947982,211.96651149499343,0.8097647669414725,0.002172145836963774
57010,-5.583528210234091,-6.426998517833668,2.2726119589547524,1.4791860824889005,343.17398339221495,0.36264069830743306,0.002172481503437226
57011,-6.182268272984226,-5.304152223959897,2.472945121912538,1.3977026811327482,296.25970696553367,0.16476046019627777,0.0021725466457931976
57012,-4.863016934842761,-10.65512876829893,4.004130954749423,1.8489553917460604,467.70718855793973,0.4745828056256185,0.0021727086204851873
57013,-5.1185155648092,-9.476725437375013,4.8632430380912455,0.6961823926739271,188.40326586766648,0.9423317849557735,0.0021729591815387466
57014,-6.729704681333003,-10.995690556159412,3.7134981642959963,1.5686918026501782,468.1680613326443,0.3047979245159107,0.0021740355661030862
57015,-6.308774836360614,-6.6972547271345855,0.44645315220189435,1.0899681113708528,231.9482998201699,0.4613071635513082,0.0021743441820151837
57016,-6.12414766593491,-10.09383745788463,4.363971604808193,1.8260075543844823,435.5803655097235,0.2520686653332387,0.002174520236134156
57017,-5.058833894965325,-7.379652902291452,0.7921928097693534,1.4044336377199804,446.22965742117935,0.1276372923760105,0.0021746046850681946
57018,-2.382538141497954,-9.100510617115914,1.7473866119136041,1.8054264016686439,438.0776385037773,0.31950220696291876,0.0021756753550350575
57019,-5.945142108060987,-10.471606359848133,4.134304633410107,3.1142898539633523,253.0208703145247,0.21530567012153679,0.0021757142180409577
57020,-7.42541751285722,-11.332571067312227,2.6998237662459106,2.129634037692808,413.8007559264751,1.1977666583676836,0.0021759863102051324
57021,-6.1306624535306,-5.676163973915822,2.1145378905265093,1.5556920026934002,361.28527224648855,0.2958319648620069,0.0021762057786489032
57022,-4.15223272269834,-7.26470015141234,1.2582753042038364,2.795718488524545,474.1307847601228,0.8241918769858865,0.0021766932756458394
57023,-6.2778637489899936,-6.998801832358736,0.2975247633259292,1.487087756850649,468.0181067061128,0.4399902592534639,0.0021775617970390534
57024,-5.422708175067506,-7.327252506054798,0.709182265624503,1.0699194558838891,234.6719571168774,0.0814909080455255,0.002178102251883319
57025,-7.251438182758184,-11.45580842552927,0.2457605215283375,1.821833543370266,439.54433830330095,0.32785463303061135,0.0021787180440738367
57026,-8.032762755655545,-9.156192349350617,3.135248343191603,1.4705190663030243,333.9701072591436,0.5761474148355559,0.0021789099059719486
57027,-5.430261161046551,-11.100163255086551,3.8486237221686794,2.2340455149464575,427.7841395186247,1.4690856115885156,0.0021790148409300152
57028,-6.216218954684836,-6.292580544068745,0.9239653620360465,0.9389949214528073,195.20842411357128,0.1301186946929862,0.002179649968764139
57029,-6.437843303062257,-5.440218781896833,0.8375119538633535,1.051030874416732,468.18357235697545,0.8052375042770921,0.0021804934360077806
57030,-9.225915017830506,-7.134925880464193,3.537727713121564,0.5107577926520414,153.5553308919976,0.8800438728418971,0.0021811383216808556
57031,-2.204634561330284,-10.824501500994012,1.346425474624774,0.732055127965069,187.26146369880112,0.5647895756333812,0.0021813405333080526
57032,-6.306149010432943,-12.879087365872016,0.03339287879565498,1.234999133312584,273.43663003676846,0.9818605765322346,0.0021814482358580786
57033,-8.86601551788828,-8.204347581961,1.8713187523638928,0.9927510396101406,198.2613264582885,0.5017049662675594,0.002182243564906113
57034,-4.376314981510809,-7.813082733546416,0.4058617248261239,0.7093816849450019,468.9993556648895,0.49571733434867493,0.0021823113846154824
57035,-6.104496693991512,-12.609594612757025,0.015358485584378865,0.7843715086204082,182.01893268153734,0.6053643387424019,0.0021826538332544716
57036,-5.683152946683669,-6.255186681017352,3.761086159155552,0.8091450121619629,189.41655820708908,0.13549685314143378,0.0021829383353224254
57037,-3.3949993536690055,-9.27994325563303,5.001969966163595,0.748814465037642,435.2485778364849,0.2955956055674287,0.0021829467045258993
57038,-3.670425837872328,-11.453997197473859,3.6776263067958386,2.1157650909146697,404.89127628190965,0.27634481327567784,0.002183151471298984
57039,-4.919932948417424,-7.14800026966801,1.298125213559475,4.784439820616826,558.6814426696652,0.15142704723138412,0.002183285259905054
57040,-9.462487465372519,-6.854029877019936,2.444979411724875,1.0793252272263334,287.4272597247063,1.1229521497988975,0.002183312241397159
57041,-8.928884047754867,-7.516940857045554,3.7850269201409006,1.1088812787878035,221.5261268715931,0.9600575152337845,0.002183315879077148
57042,-6.518953881338761,-11.313039282917382,3.705848541038085,1.5988755067799472,347.92100467772053,0.7866727492955325,0.002183751511901343
57043,-5.093053410979276,-7.1749823537793675,1.0636462834554232,1.536551300854344,363.6005321151407,0.37310631686591034,0.002183859907619329
57044,-5.856368503702411,-12.052523192393583,3.6363142362059664,1.3773608110038764,310.38753018771223,0.1660582445192924,0.0021838868150721048
57045,-3.990692856126932,-7.280775455062181,1.1789342915795866,1.7365754614592357,468.43257789819495,0.5407071080317847,0.0021839413335801496
57046,-6.483887563997028,-5.283858433883149,4.82689594410918,1.896218015038837,467.8128272058192,0.4200247790649758,0.002184046578548191
57047,-2.6155942110735158,-10.677750352817112,5.186826149387006,2.154393660941573,419.68642589980135,1.4316661719123696,0.002184753830353535
57048,-7.280520856101511,-11.30011206189549,3.013957852282804,1.1972859647183118,304.8242913341667,0.6522327118105045,0.002184904096543889
57049,-9.19812550988271,-5.458143839210909,4.10212704233699,1.2058118820976411,297.98161586722983,1.3902941125877915,0.0021850019324650203
57050,-5.581074648419068,-6.448419001427046,4.3991849171499595,0.890612557555993,467.84585690263697,0.3550622856857455,0.0021850420446180388
57051,-4.942592754484936,-7.596215007522067,0.5667025199927641,3.6121694132256725,540.8576766229683,0.8557837116304103,0.002185165438799707
57052,-4.363037844887538,-11.77122249969286,3.62552487584561,1.8286215474258978,438.33012385111385,0.08243041602807732,0.0021851739158045206
57053,-4.575672358680754,-7.529971141548277,0.7132684465122304,1.1500746921524971,299.68100150400136,0.5911175312105952,0.002185938872920827
57054,-7.954795757164595,-10.327195219184784,1.0271985024402763,3.845761850747291,547.5901734492195,0.43289670902758015,0.002186160206753514
57055,-9.489512996507301,-6.009813636600899,2.1081770460914577,0.8714971490810194,205.05826075454095,0.8640604631034465,0.0021861717247246737
57056,-6.211446599395729,-5.16802159429045,2.5686835794294534,0.8121045814905633,239.77549192078223,1.1609092161344865,0.002186908705432265
57057,-5.481436056732897,-9.231796204283327,5.13088386960074,6.392185443740915,644.9694107512674,0.22055363902986524,0.002186909093501216
57058,-6.90670248640267,-9.106629622102814,4.992393907357494,1.0832273566524317,467.81023875538534,0.5728025217982351,0.002187662884331322
57059,-7.429587277678497,-11.758322646286603,2.5185550324703754,1.3485432378537874,319.41814248606795,1.4603482284393356,0.0021880967705384183
57060,-8.032939443325219,-9.811902271071112,1.8752678425910454,1.2916038000265668,467.89524122843756,0.15651475622206323,0.0021881609675694093
57061,-3.3769505110621942,-6.933710995882427,2.2565220154579135,1.4930971922343452,468.1846886819969,0.29894209505634706,0.0021881996526138033
57062,-9.548785359572966,-5.495610158394588,2.655873902248847,1.0967052869094736,289.40759362134554,0.5171607385810519,0.002188711539788815
57063,-5.8781909456626105,-6.068847556021242,2.428096277592242,1.3830821176334678,468.90642028974077,0.6730007561319598,0.0021891643594685794
57064,-8.857749180213172,-5.574471698345777,0.46257825741852604,1.2121404151850719,259.9234034564295,0.437602983219624,0.002189876647662158
57065,-8.877438159305026,-5.1327779612886415,4.745912838582159,0.8409930052544835,220.20713402544877,1.066945068669643,0.0021905904116346128
57066,-5.509058823805803,-6.3670988152044465,2.9456126470552535,1.79116446832918,369.0461864252881,0.8536097328672856,0.0021907395058940802
57067,-3.4150564102066046,-7.055421497777806,1.8911621208651197,0.7772268746892484,168.43249850108708,0.20992013369248586,0.0021913424100764
57068,-9.380353999198427,-7.154708032431738,2.596948199215957,0.8563902184535926,165.61418241563555,0.017856674993731225,0.0021914877604481938
57069,-4.46178288654433,-10.541342771492328,4.042997353317105,2.657672855622139,472.03339382403254,2.176336959690123,0.002191885326789664
57070,-9.489282419926127,-5.431245686098053,3.2240592630891993,1.054138779471621,468.0534091180754,0.7042038866236053,0.002192389875635592
57071,-3.6461239933697422,-6.972995181803855,4.995651967273667,1.8820738852624617,469.89486222958107,0.07034949974941718,0.002192692006772987
57072,-4.50716709225933,-12.833066366528644,3.4942378735570427,1.0475093212630862,224.82532678026206,0.9446327077581342,0.0021927610400738254
57073,-7.500814847365307,-11.940875175061423,2.1767580750286797,0.6334103274256982,180.51339172427416,0.4471723511568797,0.002192952310851554
57074,-6.245273421579634,-11.558528880133588,3.704972299563412,1.8607175553144353,467.5234565831073,0.6291316524757802,0.0021929946499556294
57075,-4.321382280849713,-7.108697334531576,1.6263371592805391,1.3379902166814168,326.90176097469976,0.41430987536019703,0.00219309557092446
57076,-5.251304757422343,-11.456944100483048,3.7326772870078337,1.0395910872229748,467.4797934807504,0.5823946711256589,0.002193106646472492
57077,-7.800708478097555,-9.692929458768308,3.0075850505239448,0.8691306482885284,181.09198388054068,0.027488886244179334,0.002194080389997296
57078,-6.632993546110464,-6.225130314353765,0.15445151118242292,0.7247102812633076,212.98492680112452,0.46506547416993005,0.0021946349595354598
57079,-4.356863660273139,-9.185221631532926,5.116976670286149,1.136385517414641,292.82761950323527,0.8468298342738576,0.0021952299859263795
57080,-5.070172533001382,-10.257533705668848,4.228086587804489,0.8008203428070589,469.4807116642617,0.007432963829247186,0.0021958214224105125
57081,-2.9674799517838037,-9.994804693481628,4.749006803796311,4.58637187381567,598.4896977227635,0.5692439019624418,0.0021961306286202935
57082,-3.9461985910990727,-12.660476790404973,3.4964225626727496,1.8916620538468423,456.18730018074314,0.33930963159292205,0.002196179669134327
57083,-8.678152988877168,-5.433941607755112,5.142733896376543,1.0533185386657187,282.6899936832674,1.1831482371103066,0.0021961822263489006
57084,-4.227367786528992,-10.874538822956579,3.8808848253178545,1.0272461387295841,467.30343454978095,0.5528017521299935,0.002196323826706881
57085,-6.345838047269224,-6.378715509163247,0.5890690442788794,1.1287163909350637,467.1156659843288,0.13320514196398303,0.002196534033395356
57086,-5.414461130535946,-11.649536641184946,3.6932851512914606,22.700278770955872,870.2701470829035,0.2401532440400045,0.0021967257231109345
57087,-6.509255640879292,-9.876948561782736,4.445435161588975,0.8652494638897974,223.71472031939877,0.5580195700779882,0.00219716160013694
57088,-3.824866995467076,-6.773659235378993,3.0977069088075804,1.8788887892186459,469.6453834352873,0.0338710088862193,0.0021976225900774303
57089,-7.546987331975844,-11.624919695017919,1.1894939515559242,1.4586000686796428,341.42208366647066,0.30167134446467436,0.0021978963193741655
57090,-9.414463807159438,-6.877264842950885,2.0924170048899033,1.3930893566904339,307.0942458129883,0.3816737109051891,0.002199157237662744
57091,-4.016638200227076,-9.95019688810341,4.404855026527591,1.8801670205607957,468.1289898901321,0.4327047522583225,0.002199425006073425
57092,-6.276573932894103,-5.00359140450384,2.0736852024567987,2.237858545195031,430.6979550398627,1.969639457233403,0.002199644292672324
57093,-6.301802197725909,-5.578925683050302,1.5152030912654502,1.027947294101565,468.07314431253286,0.8226752944573521,0.0021997398113574773
57094,-6.453909837529421,-5.689227751367915,5.07283706770198,3.5565885254078857,409.9024093054944,0.03452932284305987,0.002200299323504543
57095,-4.327312656192618,-7.991844246414262,0.22155572129949827,0.694360467599307,467.0052013178501,0.456262240973925,0.0022006858037008853
57096,-9.416659436568386,-6.7149053001591374,3.3200680447239623,2.68654752463206,466.6516540778079,0.8337864062965492,0.002201182924137057
57097,-2.513666755004831,-11.713469028539064,4.917866049137819,1.8724485128888315,449.0759302766432,0.4950888718819142,0.0022016695342130447
57098,-7.364087045255323,-10.430835010333517,3.2948031094958865,1.9084748174972836,461.3707324161723,0.6055692245621307,0.002202062268173672
57099,-4.014264688811364,-11.43542666421944,3.685926312362097,1.7233052909215136,187.01260789757427,0.26816589910791766,0.0022024170029109674
57100,-5.348178628138188,-12.830207030544289,3.535439110129568,1.1571048321572142,276.56098614615775,0.9927052349554026,0.002203231780829916
57101,-4.335423429459651,-7.1213811338028785,1.6582894892422897,0.8134886405962322,470.05119556339804,0.08504663116834354,0.0022034511593469713
57102,-7.255669272750695,-9.530837896938488,4.1925203065227485,0.7496931587425915,201.0760532805544,1.0316626841584,0.002203664702319984
57103,-2.9022259452957746,-7.2973879901612015,1.7551988748522351,1.3360761032058448,468.7770828535784,0.8516595212540166,0.002203979507386959
57104,-8.834851521601832,-5.800858494905008,4.889683384387242,1.713530311028344,405.0070449360861,0.3490184468711828,0.002204169913323447
57105,-6.799783489308206,-12.467332869172447,3.3427282356160144,1.752364887244484,468.39232507690804,0.11339732369217081,0.0022054181458009336
57106,-8.032121005837146,-9.60608867033907,2.333163750397773,1.5140802707857488,450.59779050172665,0.28848158286924974,0.002206405683037564
57107,-6.3575917119735585,-10.332226783591754,4.165946856792002,0.9006296900569108,467.4571740686333,0.9302320199223004,0.0022069029488093377
57108,-3.836130902587131,-12.70298362690638,3.4898095109739304,1.7340321577837174,411.9194806990338,0.7124273080217156,0.002207618966060733
57109,-6.974129926835817,-12.282088831795546,3.2108491602107105,1.8279251361332114,468.3851818827716,0.5308584018532398,0.002207969390997091
57110,-6.840395837187163,-11.363431800128094,3.513121252331984,0.9682505908094,467.626815287471,0.41779522684334314,0.002208405691249504
57111,-4.926529996314066,-6.618222281406943,3.25882980060747,1.1741986033607703,299.5067329184022,0.6336126120191743,0.002208726719283566
57112,-7.818120718131475,-8.297788466540418,0.2260700163147605,1.849259482047522,468.8140164417933,0.6068098892714735,0.002209060517874509
57113,-2.476778033031442,-11.041308372518753,4.721879335472218,2.1927353443535496,421.2375600417499,1.2536039290945888,0.0022095572580899244
57114,-7.310151321106004,-12.635041396861016,2.63513337532768,0.7246846541831594,175.57978507353675,0.29009352963454127,0.002209861805970246
57115,-4.109213589784478,-7.661299662397826,0.6008846076096489,1.3054477092373846,292.35183544738493,0.12713258460284926,0.002210150115059305
57116,-3.983602301702626,-11.380430369638306,3.7011067355586853,0.9843541169259148,467.9436889816378,0.6183331683438817,0.0022106847734955967
57117,-5.476812635971278,-6.802838075481149,1.6560643200054828,1.5637544747465049,363.584407087383,0.277943852842478,0.002210795784899438
57118,-9.204850692719463,-5.247135851315747,1.0401733864306753,1.0614417006532357,269.97162888717116,1.1362712514678135,0.002210845449370184
57119,-5.944195133761918,-6.4378921802927405,5.14178012746363,1.8016508852715012,381.7238893172818,0.6215002916466892,0.002210879918405331
57120,-5.706143629299638,-11.295930096341907,3.7910981166597093,1.6853074519078903,468.5976078668211,0.35734578571876163,0.002211297472308266
57121,-3.658516509312035,-7.290155245604983,1.2702951769271347,1.1771378549733962,467.47340576395624,0.201438476709753,0.002211484467471135
57122,-6.6117183537043225,-5.227560369290268,5.138541086603499,1.2191020146900216,219.6297465592315,0.07242856279979826,0.002211926398164923
57123,-5.699789354202871,-6.604352026355694,5.15137354847644,1.1063986646381938,222.4713250315099,0.5170131924473358,0.002212803551917346
57124,-3.6569549636060996,-6.870557309122939,2.58384922156764,0.8569347093882315,219.83240373031722,1.0281396026062533,0.0022128761029255087
57125,-4.580367623870662,-6.788505889141113,2.5033213114210073,1.906477929571021,390.73702203805357,1.3967566278024073,0.002213344107285467
57126,-4.70894037201314,-11.059459660526874,3.8190771586073935,1.832308108959756,439.36046400559707,0.6117863153974863,0.0022141489976903305
57127,-2.6305612343259277,-10.683262434404693,5.151693325420582,0.7585607108468272,189.65420218177889,0.358188473002361,0.002214946770918999
57128,-6.001998534306949,-10.926202764006314,3.914845253573452,1.0284457454623377,467.3134340441249,0.8931183021694453,0.0022150537787937047
57129,-6.371816441456315,-5.234499134240927,1.5780628651973962,0.7911773934751555,469.3741409460405,0.13137476735104325,0.0022150718380844147
57130,-3.4796780367407187,-11.80492364955363,3.593179953530611,8.790797035043799,395.78529744889573,0.23706977684539066,0.0022164589692033735
57131,-3.726756063353424,-7.3925079353596574,1.0136866360846124,1.1287067958339212,467.9440627299784,0.4126634679920427,0.002216677997970409
57132,-5.333817632322812,-6.481651867830315,2.8707166169797693,0.8768389888632537,146.17836656649396,0.003367029681184519,0.0022167927369976734
57133,-6.240594417283406,-5.606016789618537,4.269070025970253,0.8625211711151602,181.59654746465074,0.03721529241453769,0.002217441757039813
57134,-6.595574686946032,-5.122398136853763,0.5100761453768503,0.8823216793304023,264.44303476574476,0.3251430063858516,0.002217551489457834
57135,-4.581871394686364,-7.143452249712627,1.4807860953285488,0.9180094547960049,212.44728207502467,0.32302555538940947,0.0022178531559962473
57136,-3.176260968972552,-10.21950340612636,4.273789003366179,0.6865547377006251,140.19327902251564,0.20530533468408496,0.0022181535352840125
57137,-5.092463215866456,-11.18656724950325,3.7981412191708115,1.1373561376803172,247.29058995966085,0.3826635497840476,0.002218435623099203
57138,-3.4066560064861413,-6.853403647005921,2.613935761837609,5.858301049317126,437.0792335626183,0.0721021754383484,0.002218469014047882
57139,-6.1783680078413585,-5.329356865576678,3.285895512061949,1.138404524010499,241.5960302067228,0.14930986335960572,0.002218526950718916
57140,-6.575037630746338,-5.090168053869736,4.940242745177567,1.586151771008438,468.0348222087679,0.897343096171185,0.002218537784648706
57141,-7.082702583849781,-11.012828596303882,3.3971229667070366,0.674373997094074,450.7918866320989,0.4014807215719589,0.0022186255214826853
57142,-5.611672891111793,-6.3159972297761575,3.555652956487761,0.9878718039779023,188.12252267047285,0.09785358184341764,0.002219192379462796
57143,-7.075034564136009,-12.070387580112213,3.1232403902868002,1.823683696250275,434.74198368557734,0.3821270824601424,0.002219248591955096
57144,-5.767745199457344,-9.612285652393838,4.756301188465123,0.8383003113390252,168.97417382317764,0.06265301818403479,0.0022194709482681167
57145,-6.484461412720599,-5.255021406723866,4.76482742439121,1.2431880730682927,305.0595060218952,1.5986174478315194,0.002220626531974618
57146,-4.314959296587371,-12.225629488960049,3.5466393844821718,8.029935296384304,719.3601213475944,0.265540871863327,0.0022209187190344332
57147,-2.594244833693244,-8.445006699896567,4.271204583943511,1.067660552879449,467.7325308901663,0.41718687294795753,0.0022220830114578734
57148,-3.7200115293972704,-10.301003678373775,4.154280925636351,7.122833757511355,714.0653643177994,0.4306331571778239,0.0022222226027321696
57149,-7.7744302625358435,-9.57454205569011,3.21828721985182,1.8360542221470748,469.4599973777566,0.03882597907393315,0.0022228859461798207
57150,-2.7931637764702177,-12.39967685437759,4.27295418179415,1.1316537566472957,246.50854549330467,0.5533850086226044,0.0022240360075835575
57151,-6.421358507408146,-5.206697790478347,1.2978765870434859,1.6642055835327525,468.75568530001465,0.9066992699850145,0.002224045258937914
57152,-9.446384287059022,-6.894847903804648,2.3668836604080683,1.7956755772855821,467.72179159160845,0.447975887622575,0.0022250015647674983
57153,-6.116798322365139,-6.14281595978344,4.877650978934142,1.0917888136250746,467.56693205289645,0.2072931765992463,0.002225245938342017
57154,-5.208148590895774,-7.375260153011095,0.7386396388440105,0.8372443853834123,468.0382941966587,0.0325188009963675,0.002226055334797809
57155,-6.246161707031771,-5.180348969933487,2.1620428219036394,1.459913288631384,346.14474721909517,0.48312556316145283,0.0022267367826581696
57156,-5.2903977800049224,-9.391638774704473,4.944541219116177,1.157919990110174,225.95028949330057,0.025889527139907997,0.0022268206005122797
57157,-5.714967667479333,-6.393029231753242,2.1186673458310024,1.6584311075452385,468.70091493403913,0.3278421006661638,0.0022269495024415968
57158,-9.319851910726257,-7.178302155166303,1.9485920616993395,1.5936185820384599,378.11662885268106,0.3593529282805603,0.002227605894185257
57159,-6.29462812189387,-5.279109967585964,1.9026803752373573,1.7981365927667907,468.2974926488675,0.3339392461285513,0.0022276833860257403
57160,-3.7434934126072994,-7.549649273390522,0.7744246996904042,1.7019264610531977,467.7598620208373,0.7876420825193113,0.0022289273040140105
57161,-6.402478810909396,-9.687039174880873,4.632202462312662,0.8764938490462318,468.39859575641833,0.9411581239508982,0.002229017851797734
57162,-9.486509978104792,-6.511916859486664,3.1097666838484668,1.843458149438637,441.22973429104985,0.28473049887007473,0.0022295317133939996
57163,-7.5661751255026335,-9.121449827818985,4.194729093966772,1.819983425965135,467.9268384606123,0.27280016553941255,0.0022297350786159307
57164,-2.4044710670801823,-10.955475699050337,3.480932459309544,1.1260132073865976,259.4305874119483,0.9532346869108892,0.002230075074474996
57165,-3.64074930770008,-10.840343824523124,3.87033245032946,1.7919960891532507,467.69606233676757,0.43672814633422075,0.0022301996452211473
57166,-5.709178589712544,-6.299668245807076,2.3966341391390733,3.47457682951388,529.5175633043726,0.7839112920817497,0.002230217166970315
57167,-2.7030747759356064,-7.818187246538242,4.16986972108554,0.9811083305974971,468.2161128008303,0.6353520034837761,0.00223078046354746
57168,-6.367303274230462,-7.106791161222635,0.09948002754605526,0.8980943525612428,469.66859087672464,0.09392976247218687,0.0022308849972836687
57169,-3.282491112350262,-8.330446400003108,0.001196165946259859,1.6957527221713364,468.4826274155632,0.18260093777411157,0.0022312980905421693
57170,-3.134571897871866,-7.176173708062151,1.6710586827553633,1.2614163626005679,243.39421795355216,0.06964173991633338,0.0022317529974081062
57171,-6.10384846351901,-5.631281043665164,3.5057168865036012,0.8670656007924096,174.23428762486142,1.0579700700816748,0.0022317590696009884
57172,-6.35835025143734,-5.426410868570851,1.139135616795684,1.697273840613729,399.92144656748815,0.36887663457799835,0.002232067867734347
57173,-4.198851588524168,-6.74703519017935,3.7162710195194704,1.8849289089741934,466.66314846459045,0.08696359328181913,0.0022331025619514496
57174,-6.652527261763153,-5.116875814445387,0.3617793463061107,0.915819941791008,258.6202793368637,1.7066024999742275,0.002233467526905084
57175,-3.104504828336121,-12.111054626550237,3.667257174243041,1.8789286769086764,389.98092457195645,1.6813956786492215,0.002233530570384571
57176,-5.400191375903522,-6.725053925887519,5.073182811135064,0.9964088938111416,249.7718827407504,1.425845952716255,0.0022338241065299673
57177,-3.8931907033793935,-7.595517850849969,0.7035866039701875,0.8509773126612074,205.07742296240394,0.6426320175015396,0.0022346130884595074
57178,-5.172300042105423,-11.080349052254205,3.83092724471743,1.0025448298860602,212.03203091584427,0.5642523817566252,0.002234865045940794
57179,-9.282299142081852,-6.264041399773602,3.9051668105003663,1.8115922591649691,468.42890414926524,0.8225449280393837,0.002235016018512583
57180,-2.1693973551738255,-12.186773498321548,1.20948735202876,0.9969313638342645,200.64474253239658,0.8896206978866479,0.002235835033006063
57181,-3.844018343653742,-6.981129106512413,4.98911735265187,1.2879768884324596,284.40986823233413,0.1354429696994055,0.0022359976951775522
57182,-7.4880678460181205,-12.18156305345356,1.1497790379027344,1.2513031029630504,468.6184078002052,0.49089685100564484,0.0022363947616643055
57183,-6.598570463715086,-5.7172218469951845,0.3630489610570193,2.1638522687886965,378.7282751397201,0.1730765472890985,0.0022366587416601962
57184,-2.452739292954348,-9.187602225207057,3.27360065238271,1.0855139699240894,281.53923197488564,1.3273765015977634,0.002236671373528235
57185,-6.462572032455711,-6.4738341240506845,0.37365702010787155,2.6770407712468236,472.2242225938182,1.694100670475943,0.002237014175065288
57186,-4.749939093753429,-10.741163864635029,3.945274877735141,1.3356752446750202,315.14526527070416,1.4257835360247313,0.0022371403690485668
57187,-6.524819948589312,-5.484577594979307,5.084809079784636,1.035099724032175,278.66507380880506,1.523138149529756,0.0022376776420882185
57188,-6.274182597264167,-5.3933411356023315,1.9917021196515696,0.9048299799540928,244.57550257864506,0.19410589549211554,0.0022377082908212526
57189,-7.962016072395675,-8.340585416339486,4.577683698587922,0.739614820585916,189.11021020453373,0.08323510806245782,0.0022377640875094504
57190,-5.302964731218764,-6.5077126007457275,3.6622925136167113,0.7440938468520989,159.03482214765194,0.3876595882592664,0.0022379342775015365
57191,-7.648038463222475,-8.524659137193503,4.853359940807971,1.0064298981670527,257.57670745944256,0.1663362763599583,0.0022380877956933313
57192,-7.535358405148418,-11.627422704355569,2.1376847250641897,3.240763328570002,516.428286667698,1.1658699782497468,0.0022383026815818606
57193,-4.937965600900325,-6.758575831561312,4.6455673385585925,1.795957908895362,429.07305181119744,0.922489502112767,0.002238354500739987
57194,-2.213602831220099,-11.738489797892765,1.5550616774489707,3.2360023919062364,503.8503179754315,0.547616494982651,0.002238421123695676
57195,-6.271463198211361,-5.1023064629556,2.1817357562149367,0.7308934486993912,435.167971465596,0.2545706025019365,0.00223845410451666
57196,-9.42510463831133,-6.808115238515921,3.1579276069971014,1.7151007569759107,369.8187357014798,1.690235654392862,0.002238643433194415
57197,-7.797972331420021,-9.950827516550463,2.678492904527583,3.3629733836608176,526.7730578058564,1.300485759360165,0.0022389056327178796
57198,-7.259023844490116,-8.949856339993492,4.834701610165416,1.0818599825820436,467.3289943087161,0.7903598293062766,0.002240057881572735
57199,-3.2915504827231414,-6.827741534065124,3.9542318747763168,1.072474302972088,467.51071017148746,0.6835908664955541,0.0022406637284491976
57200,-5.600764808475101,-6.825705875652012,1.4269387011205876,1.1956753247487961,230.86042150837312,0.02231541800627923,0.0022408660986196617
57201,-2.7975654158549146,-7.366014170401346,2.551211443056268,1.028773391055132,267.5328268446459,0.22024356025672276,0.002241297726812922
57202,-2.645837311460996,-7.831383904593294,3.443662445569854,0.7059069993973136,147.54351836096507,0.25220364012852503,0.002241744374863247
57203,-8.496222253176477,-7.820644537428456,4.297583117866792,1.4449360747515474,318.69804946832465,0.4365629721630695,0.00224215137220616
57204,-9.375067091158417,-6.355859625650061,3.6283679209381514,4.443306332318415,555.4237979582505,0.1771147522271237,0.0022424636027260337
57205,-2.3593141552674233,-12.372506319050371,2.9897793565747954,0.8671737102601588,201.9769386959296,1.2126638701499806,0.0022425445986672455
57206,-7.82608335916547,-11.008401428003001,0.7681403286635198,0.8749441219649132,468.72462896128144,0.18176605566684412,0.0022426363290087834
57207,-5.925203609286748,-6.315037669985523,1.8864304165338217,1.8660618658318895,467.4677279379401,0.4422042798111532,0.002243203948050865
57208,-4.725143783245606,-9.60956041641068,4.704277805124147,1.1469374762017888,274.1893251766979,0.8872970979028798,0.002243239425085747
57209,-6.085589834343992,-6.454861572175164,1.084903843702228,1.0760888581937962,467.34906235856266,0.7871730857355805,0.0022433878501542546
57210,-4.302487871420798,-12.229936098987123,3.5405900881833574,1.768940552605363,468.007556132737,0.48326105652887374,0.0022441073569848756
57211,-6.099653761001094,-9.42498029162514,4.926158038548603,0.8256724291579283,175.71169685110902,0.08558683335725803,0.0022441235481834715
57212,-5.845260174240506,-6.975992191218779,0.7986174677481,2.9428672155697324,494.88410709194955,1.5885006567633821,0.0022448454277015934
57213,-6.369541529321436,-5.213776864236123,1.6865134594503068,0.9654672799589218,468.459451584019,0.618564276425043,0.002245113325085432
57214,-4.087596676430504,-12.96706149193143,3.4666164274715348,1.7884997256920983,379.21192435802567,1.694946272188412,0.0022454395305170592
57215,-2.795499350513512,-10.30062989124922,4.931401280524888,1.2305133516663327,466.8080734315345,0.48867043655374776,0.0022455554002317295
57216,-6.165188101000075,-9.79348104142294,4.577062982920173,1.556872479489537,361.48174398891825,0.4609127630587917,0.0022457857538981463
57217,-9.539314579782964,-5.615938249183878,2.7632112203886696,1.4988469965018423,346.7385942657101,0.8509507743842448,0.0022459020324434066
57218,-5.790611407859939,-6.353385035851538,4.509330091431057,1.4748701044994668,470.4412271076887,0.22797448142145793,0.002246778941594187
57219,-4.874002068292864,-10.028919796169655,4.359780561710624,1.5125075678273516,468.0250532206291,0.4452817749077296,0.002247319118421299
57220,-4.1593774331952895,-10.313785991453663,4.147820735203792,1.2911775004595045,314.9685560930771,0.45138941817373546,0.002248081898788839
57221,-9.418883640765639,-7.002361069633252,2.750823065170162,1.298055129984027,272.1765720445513,0.16447110996058356,0.002248305787833794
57222,-6.127504478264376,-12.50098357955028,3.5572416302394005,0.8851363314624828,231.47499899426623,0.8632922799857967,0.002248355551341582
57223,-5.74645659870601,-10.499589176673776,4.106442720620225,1.6908247613133487,397.3934281145648,0.03411526846499502,0.0022484600625256286
57224,-2.3758694429271667,-10.275112224656837,0.4565283605427916,1.8136493536692697,432.7362735288686,0.31989574090470807,0.002248670291079007
57225,-6.698969960497186,-12.1694449471026,3.434252371496328,2.245599629705208,430.8850450677175,1.711763892706955,0.00224887837924269
57226,-4.524665761508659,-11.013832672387663,3.824833380338919,1.1004802979978883,467.50969846793294,0.9335351165223917,0.0022493041107604556
57227,-6.302174254798,-5.5238722161805125,4.319086284895824,0.6371617268929841,179.14086138840077,0.6071956306621198,0.0022495850072399523
57228,-2.657099533041638,-7.720403000092963,2.123633585275631,2.829563933345365,485.1990734771102,1.5866611979828535,0.0022501616750526085
57229,-4.308977408529815,-12.320071132936715,3.521340582624289,1.232752086011391,309.2622677261302,0.6398127159121882,0.0022503003155648744
57230,-3.4250378233490135,-9.309321866835791,4.958542887937763,2.7670493138853196,480.9692219820044,1.8707626749793134,0.0022506051934806275
57231,-9.507508128794646,-6.102876617027053,2.270937979227496,1.842402357559407,467.9218878506816,0.4842011541150866,0.0022512641970469736
57232,-3.832505887177322,-11.289233586079728,3.7144637253329655,1.2367404278356018,307.422363113524,0.817616897661968,0.0022513298186443973
57233,-3.5964630608688264,-7.929833224983662,0.3259385428048252,1.37976574017974,327.82107759843024,0.39787938762217046,0.002251332644924692
57234,-5.180559976042346,-6.552947286713869,3.199122477982139,2.369489267129586,435.9375047204033,0.8547799975775154,0.0022513655914449004
57235,-7.077358220593827,-11.569393248672784,3.2158987910646224,1.6868553054687943,364.41625917232574,0.4767679450276443,0.0022515272487906423
57236,-7.041858329093456,-9.02962008072572,4.959471861162991,1.3127356821988723,316.990858684666,0.8912243248713727,0.0022515406115788316
57237,-4.089942773960388,-10.168182195979796,4.237475058490653,1.7360277538094282,469.5553293824236,0.24206198087630604,0.0022515991998150226
57238,-4.617843487587759,-12.265129842358172,3.5453943884807115,1.1366610122162852,277.3232818576774,1.0846690518429307,0.0022521134213067413
57239,-8.512375811120524,-8.471275119935388,2.948440290805631,1.0963294029075894,467.14354369992424,0.406988428896633,0.0022522401807281334
57240,-5.308709179703031,-6.531457768072588,4.003581936443732,1.304293965675223,276.1175151131768,0.8663180582898216,0.0022523133887850217
57241,-3.104626695546065,-6.956392118841115,4.057477909205857,0.6466550491468788,157.6620885166786,0.5150716964261344,0.0022523360524156354
57242,-9.514061589783847,-6.1714549143770325,3.0395266789721505,1.2105842588844649,283.8896753033433,0.22560336715950413,0.0022523552127978186
57243,-3.26362861999071,-11.49182666526583,3.6685839879384647,1.3050372852393102,426.5926901237438,0.08640583502705912,0.0022524789041080007
57244,-4.674998394762183,-7.2613001434216216,1.130721625315825,9.315079431798774,632.0904591466988,0.06572046909126872,0.002252586498716156
57245,-5.8165363954756675,-6.362213844120365,4.5789427900557245,1.8238071910621116,468.1662891753881,0.4971084543247999,0.0022526330225191094
57246,-8.757862547462631,-5.793372660569558,5.014575504834999,1.0597645993648428,250.48529117737314,0.4743325217109584,0.002252829565012185
57247,-3.334722517593841,-10.785949649008298,3.8892383561265755,0.9886806174189327,468.3239754648667,0.507338504340269,0.002253605101375402
57248,-9.226813527821852,-5.765083198318253,1.2914794809932595,0.9305864138409428,257.32970810589995,1.2053902926613498,0.002254474396944142
57249,-7.41213687484122,-12.16036844544374,1.4651643643567835,3.263187091590767,469.4800534975578,0.14534478315917365,0.0022546662382731605
57250,-7.8470766492459125,-5.180762608127408,0.051045428601714384,2.0746203751336028,409.3894560080438,1.365547596676726,0.00225581864390335
57251,-5.701318911571379,-10.47833930810622,4.115226116287128,0.9934243996736896,464.5532052735751,0.5894114914035375,0.002255947053135168
57252,-7.416337050819788,-12.43089672945614,1.5622267282677342,1.846669093131784,442.3272057685079,0.3333605191523388,0.002256031424462515
57253,-5.48648550984286,-6.699863889999663,5.068552324875056,1.1958403206148902,177.503568985064,0.12935174439000363,0.002256170671992923
57254,-3.0573358939772675,-11.628001115751276,3.8144766059016346,5.159495219133037,345.73958584236823,0.187049335022345,0.0022562516983077375
57255,-6.325276133143426,-5.842613596096764,4.871633285042349,1.4259824598393096,162.2806205610823,0.4162878074236138,0.0022564424473942597
57256,-9.15086916914859,-6.728530894314305,4.087568755918556,1.8235848445246117,468.6914744597107,0.5270778362908883,0.002256737609696851
57257,-7.311600520721559,-9.03863042919637,4.6594351594783525,1.5694022385819617,388.9749073656375,0.8780860877856211,0.002256843235703592
57258,-6.464057550042241,-5.227840930158964,4.664557520800202,0.954404815373011,467.0690428996704,0.2899612752916916,0.0022569250316619043
57259,-8.781191076185578,-8.349710504208872,1.8220309766484581,0.8457890015053355,467.8020807037674,0.31111600573796405,0.0022572653567353167
57260,-3.5597262161466228,-12.648834464642256,3.472266810568237,0.9699250176976799,456.01376725512654,0.5063121843969025,0.0022575797322885414
57261,-5.24939544282512,-6.635513082632375,4.480580995396913,1.4398324313731865,333.0773587136175,0.5775171827522838,0.002257930270641512
57262,-4.74089927288739,-12.698081905989728,3.4969671586434745,1.3621796363973633,301.73971788532504,0.17847805094482627,0.0022584872052238926
57263,-7.020185547886095,-12.868021093448407,3.0846957018961207,0.5197487802562568,135.37889825139797,1.0966749394863697,0.002258691322499257
57264,-6.0149153475531,-6.129508893557608,4.506820244779543,1.0502458590155208,275.6091135102079,1.6534642723027213,0.002258819333703912
57265,-8.316445433687276,-8.41783682638691,3.664758696313622,1.6051361790423222,211.8311304989587,0.13873560344323455,0.0022588655462410586
57266,-9.078092012539912,-7.411403480909048,1.0909951316024753,1.2906987550403157,318.85193315360203,0.49860242357983164,0.0022589450886015975
57267,-3.970368939461797,-7.366676090351738,1.0761226301862177,2.7008754130294923,472.13234074717985,1.3351589352094217,0.0022590411080783005
57268,-6.142223012858992,-5.555544804765298,3.466037042161704,2.781446554833147,481.57712291521693,1.6877251815131986,0.0022595742525662486
57269,-4.047966402045095,-7.116866695291233,1.6934413889968396,1.295656942244521,276.8152011179705,0.6306091542556223,0.0022599481280758497
57270,-3.0931545941576157,-10.194926542815852,4.361846498216448,0.8903223794900975,212.97743831802603,0.5931321966408563,0.0022599911429590286
57271,-3.0170936533205985,-7.234449593289176,1.597474363420204,1.042063699286038,278.85272985073925,1.5495975748302113,0.0022602341985402193
57272,-3.2930681043707244,-12.901084183257042,3.458318069597228,12.793410609710254,667.434205669098,0.06053609192365084,0.0022608738764605544
57273,-6.242428820356311,-5.766270125824802,4.515532889648126,1.4589375968089753,330.323849123224,0.7685094347261359,0.0022611327458133524
57274,-4.481937514236342,-7.843092793796581,0.36520230566906536,1.7211609700874269,467.754197431698,0.4573315141762988,0.0022615524984110308
57275,-7.8053172167607485,-8.788742310088608,4.20637664723667,0.5477621245049608,153.56840215377645,0.6402856001375365,0.002261703823462489
57276,-6.95627803525983,-9.100885725615061,4.947706547508916,1.2600974129277753,289.45346293117274,0.128040877344894,0.0022617142110775775
57277,-5.955564492273612,-11.014005708173151,3.87341783525055,1.864206843376292,468.15301603875224,0.4209592369142472,0.0022619371268297103
57278,-4.344281886348218,-12.969610504404,3.462511822506637,4.749393613119385,528.9376814097108,0.13776195365394894,0.0022620779960631715
57279,-7.787826131842405,-10.526713345545971,1.5620919768528299,1.5821675829635027,363.28194886495424,0.013947923732503753,0.0022625176814653593
57280,-9.34188721724011,-5.607001663452739,1.7252620211166245,1.3858592973998916,306.51760864435255,0.000618642971357275,0.0022627335941428927
57281,-3.8229604619698945,-7.782777798549583,0.4940917609569172,0.7582553021046011,128.55177133461584,0.3246814572817156,0.002262741773418546
57282,-9.333827875589614,-7.00035233655568,1.8584776569595673,1.1964995738344366,259.8865167976282,0.5323036620478883,0.0022629360036877347
57283,-4.57597043555353,-7.672050643411402,0.5599012756483954,1.8222465494365627,432.8790349905057,0.6187445861920802,0.0022637272379433418
57284,-5.837097247028394,-6.386033823958996,4.754044631796468,1.7950925877301784,426.5024576048333,0.44802244567072425,0.0022637378297384334
57285,-3.1714235377218882,-12.46533581872004,3.554641966354121,1.6482723249300717,353.8404692583099,0.8995809863609843,0.0022639618821847242
57286,-2.2610376557483978,-11.631459155013012,0.7400335508271928,0.8376442257766826,173.7434520223336,0.6168952498369267,0.0022647515820030796
57287,-4.761506820487934,-9.224282785308262,5.075903592201995,1.5679757450624405,347.63826662076985,0.3495016641529656,0.0022648429275752132
57288,-3.5645894218447527,-12.872962802151536,3.452802547111809,1.176433881011423,467.372881392155,0.34637688100839004,0.002264891940684794
57289,-6.291730342967292,-5.072364861671091,2.191466120202941,2.525318594069932,307.42360741869834,0.04511057884606906,0.0022662322715299044
57290,-6.390395929948982,-6.277805243958794,0.5912817057499413,1.5053987465527165,318.63281600709246,0.6160936716166958,0.002266427000719607
57291,-6.706049113103608,-10.899676005387274,3.7442172350095095,1.048592694794361,274.678097647472,0.9407330573851169,0.0022666150815419182
57292,-8.898339466795742,-5.622356874349763,4.734056589003242,0.8769476201820997,246.02019942289252,0.7807046015581491,0.0022669061036539643
57293,-5.221733004388257,-10.398036702278192,4.137431974922095,1.2240995668191992,468.09846346512137,0.7299260429234904,0.0022670443660655517
57294,-3.70834783567048,-12.613777099222935,3.4729400815463993,0.9608033432353872,467.48961923717,0.1941356619999679,0.002267968370883328
57295,-4.978603030839013,-6.607933199950544,3.4872289407961516,0.8007609869499281,159.36624014616373,0.9154785606666795,0.0022680369828722313
57296,-9.527028965319737,-5.831621371093037,2.4020253970386656,1.346667017808275,327.66045572468823,0.33557944355694325,0.00226874524632077
57297,-7.4264291466681085,-11.325830886219084,2.671037442114563,1.31488659837322,468.04426872907123,0.09963744975895406,0.0022687508386742368
57298,-5.258158548158139,-11.376974846360602,3.735563973635139,0.7061487652485064,182.37016042488148,0.6445799165948598,0.002268752109369441
57299,-6.174303257890781,-5.611135111221887,3.879167928525494,1.0709749285150614,279.2155958035995,0.39334598199392357,0.002268808758775833
57300,-8.754256598309919,-5.942370509317599,5.033917810083296,1.2615979350521318,323.08459547506493,0.5266581328111055,0.0022689841986925285
57301,-3.4667295784717256,-7.039180733691606,1.9734683807682485,1.75277287516165,375.3804438019358,1.8986073242605288,0.0022692034965785287
57302,-2.796943117489203,-7.5516024179276195,4.2240793656279285,1.8519540997486164,443.1378863189588,0.5093207289755783,0.0022700660204285302
57303,-3.212653748500678,-7.675963798214601,0.6750300506740557,0.7739755475611343,173.8502168249837,0.3747348388275782,0.002270474539868675
57304,-4.850293143868632,-7.774580899264078,0.40228948134236875,37.23248601683448,972.1645187982989,0.3213850019287454,0.0022711522981823332
57305,-3.4406676082836203,-8.09998861330677,0.1647625810828076,0.9611514869723617,252.23638277494186,0.8909509001013811,0.002271155356948718
57306,-4.382682067204984,-10.27807674751882,4.171093956012966,1.755132850968037,467.81098474537777,0.747406811860956,0.002271677200127047
57307,-5.89269784745923,-6.1844115331777845,2.1202747130321176,0.9621942733996327,265.9588278282928,1.0899858654840848,0.002271912181217238
57308,-5.175687729177719,-10.310380264396459,4.1835746942137915,1.860935959265939,468.1858252515024,0.39129305322019636,0.002272688270933932
57309,-5.830200894029272,-6.360110668782574,4.656748873900414,1.820027459708649,469.6097188390481,0.0008030879267195701,0.00227282737689285
57310,-6.609693564924193,-12.171099242073076,3.474603156561426,1.699068682081515,468.5352174351648,0.5621817341080346,0.0022731996843228606
57311,-3.076025817476781,-7.513773156613597,0.9219841521844259,1.2158149976604693,304.1668389037431,1.8340526419193415,0.0022738027326071556
57312,-3.2087361689104785,-7.097076625767564,5.172913063604371,0.9193337760471315,221.80554139690574,0.45604781822333695,0.0022739432735966432
57313,-9.092814992321427,-7.330314330481248,1.100110060015253,0.6310842730748193,186.6848037470708,1.194916670309392,0.0022744614491549678
57314,-6.588389449895663,-10.99925730994989,3.7610299911359433,0.9420336899747628,468.34967789823963,0.5172459115198231,0.0022750184020971795
57315,-8.756726443594328,-6.8744372073596445,4.838027270390365,0.8618866407618917,467.7756197616648,0.6858277120579359,0.0022755636176821008
57316,-6.055779422564234,-6.0589323823151835,4.454116497547474,1.0291846930318815,281.61329396298845,1.2822956702535135,0.0022756582709492885
57317,-6.268509950025135,-6.401014972826388,0.7438583530674566,1.2666423570550716,467.9941298079025,0.8916334145803892,0.0022757835408700904
57318,-7.407868259435473,-12.049095731998504,1.3675870354748492,1.0266172672024143,218.29656435934422,0.7585733456013992,0.0022770909046894916
57319,-5.809369460269751,-6.212910861930964,3.936131768759653,0.9769734581029244,272.15468697661225,1.7632013058367084,0.002277713722289957
57320,-3.3658326798049583,-6.818684549364897,2.9472533577758924,0.720226936669498,467.97824631606505,0.49917624748281764,0.0022788527511225353
57321,-6.7563557033715895,-9.37226770599928,4.784394537012405,0.8367666749703904,221.01462964803702,0.35830420812658925,0.002278858153034721
57322,-6.346696867773967,-5.636284545361875,1.1926617940529274,0.920542701297841,261.7211577455264,1.7579165912825774,0.002279362331028073
57323,-5.393003440367909,-7.023477986649698,1.1688128005590945,1.7924665728460942,467.117109146061,0.09052678717123808,0.002279454044630574
57324,-4.876938014356355,-6.6503588955053825,3.2459862731071527,3.6798169357179744,536.4934766330837,0.25291301180548054,0.0022795204904633216
57325,-6.681791247164939,-11.115611627728912,3.6752994220595583,1.059062239443117,262.51642918559213,0.06869301604887657,0.002280116481582911
57326,-3.9071871789429444,-6.778230936822828,3.7426947789093337,18.974046747941316,642.7237918838301,0.00479957309867185,0.0022806847360556342
57327,-4.3549104823897835,-9.810082879798337,4.509104563105717,1.153657105941236,290.48250301113893,0.42364057861841165,0.002281379376464157
57328,-4.357676469967427,-10.096628888997117,4.285560316053738,1.1356921412554468,279.8726630779416,0.1608853610172476,0.002281523021100748
57329,-5.259288217668773,-11.239993504856066,3.772178085971006,2.140071850381725,414.82651515640765,1.0344864960447024,0.002282133855432729
57330,-9.261960193528052,-7.413143498720322,2.5819115944196227,0.8672473423212772,466.4958644405877,0.023110832102349654,0.0022821861750320738
57331,-7.602873507266613,-8.821795942846887,4.511125795070832,0.8644169353408369,468.53865424965676,0.5623993103188534,0.0022822854783039635
57332,-2.481152726648438,-9.305681595593821,3.908670286926198,1.0495151051921607,273.28927562431284,1.6511233818196676,0.002282536396428585
57333,-5.335359254583559,-7.384367290738607,0.71177363985877,0.8174483616176038,179.16776538418108,0.2413784588862855,0.0022833103408032352
57334,-5.770603803303279,-7.39993384395946,0.4205817040100765,0.8717506261822092,252.28562998784582,0.8827582076841987,0.002283402700877628
57335,-5.1316782368193685,-6.566626400166717,3.6554341248926447,0.6865441252624009,177.13534387279705,0.45454161064740095,0.0022839976800026734
57336,-2.8573395994500386,-7.5242182179229,4.747900694373046,1.3448578800405118,469.62879389690147,0.009586843959985991,0.002284747301142763
57337,-7.58411689462509,-9.610183342521829,3.5786353254844476,1.0243608299866214,225.71294599493442,0.38701019512263546,0.002284942858525325
57338,-9.458317690748109,-6.380499564037114,3.285712028545353,0.9844028449341495,467.2188026673871,0.12711649959673377,0.002285209254781527
57339,-7.08431696304709,-11.440923830951805,3.2342397615818665,0.9978291244868932,270.94627139106774,1.3003058252663342,0.0022853632470937577
57340,-6.083339841189659,-5.700439035256099,2.9381937232275814,1.198298593035681,256.53233903657053,0.13585097735873308,0.0022861715111491513
57341,-6.182540366442117,-5.306844794827644,2.967537174587223,2.5478405386157403,456.3283094339176,1.126406204386055,0.002286253054841341
57342,-5.006993079837423,-6.831832022851977,4.988602829764122,3.4856230884280164,520.9043911128356,0.42758570200377743,0.0022863806344626705
57343,-6.076610101771626,-7.145613488310877,0.4081309873722798,2.979974311526714,496.64767692930707,1.3430909105525535,0.002286496179274232
57344,-6.271879507127688,-5.715579830677438,4.4780799465313885,1.872726066525817,450.36997713099197,0.022330709612545796,0.0022868777322946426
57345,-3.4636362177220636,-7.336775803473359,1.1600367560440303,1.11653034995825,237.78028090764872,0.856423863571453,0.002287026835849431
57346,-6.313844394557515,-9.896476458618054,4.463338643009001,1.2412738024509362,290.8594805271973,0.7009623184680782,0.0022877094003455017
57347,-8.04180140699,-7.966599098296589,4.964339437414296,1.0382075913840036,277.22445931816776,0.6230191656203266,0.002287787050055506
57348,-7.252147745073214,-10.363619080282424,3.4948767924073194,0.8706268233378914,146.68129144722405,0.21179327812913407,0.002287860999815743
57349,-3.1820861486339345,-7.4014664987502465,1.075868588373536,1.0742632324206465,282.7981454861142,1.08157979502771,0.0022890054883833786
57350,-4.3673047003103305,-12.223071598566396,3.525388360582288,0.8580018331356207,168.77634836643327,0.6023312363269913,0.0022890275706419416
57351,-3.9521788337554664,-10.848741854228795,3.8643031157024015,1.3084590723031075,467.9814318758491,0.6108482015440009,0.0022892663760785592
57352,-6.5101399415891485,-6.956975698701629,0.057985182464682934,0.5361149836306016,118.65840831950997,0.8377021913033795,0.0022894261897976665
57353,-4.311532836089393,-10.335274797417135,4.128598335061103,0.9266041058840585,189.26617462279773,0.06123601692627112,0.0022894385646894215
57354,-7.506608415364185,-12.977998299359315,0.3775437889346669,1.324664906900235,170.40319984890218,0.21392537210433904,0.002289951098252984
57355,-5.118477406012445,-8.072394722182507,0.07166198395694368,2.212537359470521,295.5745861839736,0.041879221806065736,0.0022900389353693036
57356,-5.263051830147827,-12.05877623773601,3.5922638592725016,0.8020596568947344,470.2571071951382,0.08387553271560666,0.002290058977438034
57357,-2.381889436568679,-12.59492316215094,3.3321016483930674,1.7051841890668813,403.28390533861847,0.3426061732555157,0.0022904818986278167
57358,-5.712438558889332,-11.078519334778667,3.842446259153608,1.2457795527623405,217.5676876270438,0.07351394204455097,0.0022909311063877536
57359,-9.193306612424697,-6.820284468063592,3.910805773724608,1.0849142704642765,282.7007423301228,1.4014613975627608,0.0022909618691168785
57360,-6.238162137744494,-10.715510719683158,3.968305928195622,0.829804548492002,467.6445740653498,0.4599156400264244,0.0022913271930799168
57361,-4.376738010885037,-6.834839175059735,2.4741798759900684,3.423079683504537,532.0957649783528,1.457963039316188,0.0022914067189555454
57362,-5.426202484537181,-10.946154140969831,3.881102094300284,1.1994907572931515,468.7123686357962,0.5637976072065678,0.0022915253606320914
57363,-5.81502917021116,-6.221634600822266,4.068931997491595,1.033435169839158,273.99361681432663,1.7894785642712945,0.0022917681364844566
57364,-3.6750714180038715,-6.978756263424519,4.944882505110752,2.1895534402812453,410.66599134078194,0.7121187888827372,0.002292573749408258
57365,-6.288391777734832,-10.563263002841062,4.0320082399705335,1.7339390174551967,409.37090582968915,0.4018867246898692,0.0022929991671280857
57366,-5.0445548265447755,-9.913620053086438,4.451794281950317,1.1683956333596852,297.9104005482208,1.8112016220621348,0.0022932760574385074
57367,-5.634124861146191,-10.416170113325645,4.140371001601412,1.1471950586112172,142.83503194500045,0.38866332575325924,0.0022932988140483895
57368,-5.518362954585022,-6.387483294366566,3.581605542159425,2.6968328522967138,472.37915766647615,1.348545069666959,0.002293504199042455
57369,-3.7752420585786863,-9.960456302817773,4.369847993640868,1.0518595298406967,251.19686073343755,0.37641279799753136,0.002293632608548728
57370,-4.379907430410626,-6.764646404939877,4.054578170571338,1.4967232259136023,320.1609807599585,0.21326877706540426,0.00229369427021014
57371,-5.330194048823921,-6.642670997704432,2.204974084378795,0.9871732049880706,468.21992134532434,0.8644127381408184,0.0022943857854459595
57372,-2.5502118455846743,-11.79533012104734,4.946974986619723,1.601604195085401,378.8617893076953,0.47619003745480004,0.0022947324699170765
57373,-6.8583580702875215,-12.518858766477448,3.269663682471823,0.9367290603556321,467.548414687535,0.037944798699126814,0.0022954293127005745
57374,-4.663871896223153,-6.743206833175346,4.2231329185642235,1.2155894552567046,307.47826212990424,0.5211017812522973,0.0022955519153028204
57375,-7.8625103015334705,-10.675092111303005,0.9635624870667242,1.793505942675348,427.6868424805408,0.6531684089899334,0.0022959235457236226
57376,-2.987269732950061,-7.522579894541927,0.922129594994897,1.2238169359482627,233.76349779013756,0.025983684340483038,0.002296239579540584
57377,-5.539543649219984,-6.360284096326728,3.2617281614376394,1.5626340741386595,368.02619726989633,0.5912671198413344,0.002296273363660536
57378,-4.637783877391806,-12.090587155662078,3.559070940441245,1.2106928976926616,178.30780780273378,0.16937686312201716,0.002296772395027167
57379,-5.807839547933526,-9.437100928705402,4.909478339807934,0.5883654347012239,183.39602097960184,1.1528972502306347,0.0022969458620841193
57380,-3.6198524957402176,-10.29271615718362,4.143198924989325,1.9243289955682055,396.4636436781791,1.819372307438809,0.0022974626732011304
57381,-8.583367688882893,-8.105639499666832,3.546810714666464,1.7576782913102014,470.1651946167474,0.19267630490422594,0.0022975538745567464
57382,-9.401801699150118,-5.047023852821034,3.4822252652023415,2.9700412512706187,494.662069026917,1.1978629449581257,0.0022976004834546863
57383,-6.217387938586426,-6.026358846305925,4.880477016071613,1.34881252104541,321.2270393343387,0.24373920235987345,0.002297728868740739
57384,-6.333134296459787,-5.114522642640918,3.8466193351965816,0.5694063066186175,152.983631791545,0.114752769100539,0.002298140108810314
57385,-6.312269095859408,-5.354995956177087,4.1322598362782506,1.285099906854774,279.28428477202476,0.3346733850971999,0.0022985453281998704
57386,-2.2698772929645123,-10.456595211956259,0.8242115927718566,2.214970151399561,428.7744948095457,2.025013401786759,0.002298552834531425
57387,-6.183825909188731,-5.477183206433315,3.5588289281748144,2.58357955459039,448.5146490948647,0.6301229878814469,0.00229938580250023
57388,-2.6482571107336916,-8.260907835796072,4.581065780457357,0.9070636543171035,461.818921874968,0.0659090520478216,0.0022998283406292165
57389,-3.6890924677492194,-6.998794611967958,2.0806938836552114,2.371057331470846,444.03364205105896,1.805052244605002,0.0022999295924921183
57390,-9.0283549833856,-7.305515171463238,3.82071450649525,1.0120509460762328,268.3017426423935,1.6009526702420525,0.0023001614014895896
57391,-3.2336950040175303,-10.376608678432127,4.121914743490473,0.8111560816405535,163.42761216724048,0.025345301762628836,0.002301258336234801
57392,-4.694877391375699,-12.292442220589859,3.5333406785930603,1.4952291072977364,337.7727486020406,0.20624862502555352,0.002301635153555246
57393,-5.574582345036032,-6.514667844150154,4.558275848445578,2.2187738678750235,420.87922082858347,1.0137887802852044,0.0023019087756143567
57394,-9.533060526221083,-6.12736228776585,2.6898032817387088,0.8208204381251171,173.36709122681614,1.0435318666617448,0.002302261887590197
57395,-6.040861962531027,-5.86712864556682,2.390947951097168,3.311097223538809,345.431022716687,0.06708642046498525,0.0023023477517747255
57396,-3.1036012948150002,-12.90141411982432,3.5662987066125966,0.9754128727804452,271.58849001952984,0.8945112782084577,0.002302397323625536
57397,-3.7144120520424915,-6.998391509825402,2.0815341299548846,1.2000874335131888,254.45809315887587,0.07437510457214547,0.002302741758016239
57398,-3.210664761475722,-7.849886549629954,0.4873378112388711,1.087565230142336,468.0737916425088,0.8491810723034083,0.002303449230924527
57399,-6.812232260503156,-9.032670260749313,5.118926902075409,1.4578758701887746,335.5761895112122,0.5459068911411284,0.0023034751903509574
57400,-6.931062344761569,-12.393585075598416,3.2162833015178007,1.1091353358003466,285.1850950234446,1.6977839129338816,0.002303798962922272
57401,-6.311988690530591,-11.442663926680252,3.69766034353146,1.0302847760264808,242.15629163529766,0.3793201949706022,0.002303813743364396
57402,-2.6239398719869147,-8.728095805619652,5.128631078601696,0.8029088559517644,221.91832657080178,1.317535516448463,0.002304772723347753
57403,-6.295218785264822,-5.003466818926962,2.182967805221054,0.8935718062018342,251.96508982994132,0.7751601460949242,0.002304818306619499
57404,-8.954869931130444,-5.582847285236529,4.606399864332206,1.7663935676760076,469.37253554512375,0.009997209051030076,0.002305025322102059
57405,-3.4676537696135634,-10.706295261193052,3.917152463674294,1.4572857725208916,469.7353189348686,0.11335661217533133,0.0023051013902942686
57406,-7.26227061457322,-10.366284507786718,3.4755084146344726,1.8698783201256528,467.7265451066776,0.5182274496236667,0.0023056528031168786
57407,-3.4596706759125198,-9.77464323124948,4.512192681838362,1.3903813891680996,302.76105413269215,0.4908259172533702,0.002305969751082359
57408,-7.622940275765098,-11.762656140530845,0.4500214898359287,1.8540315585957117,443.1894044750315,0.5563865753246704,0.0023063473080954956
57409,-6.70211530273118,-6.232673491353996,0.06380335329892477,4.86219327812265,615.6137629009187,0.636064060961373,0.0023065965333801336
57410,-4.734834651114445,-12.500020112187013,3.5084432397589294,0.7557000765737628,467.57821627705096,0.24726440018370788,0.002307499854203943
57411,-7.684424688491498,-10.597742837067258,2.317531811568091,1.2733057030708397,269.62048799967846,0.20139204289367374,0.0023078430626214275
57412,-4.318309773515611,-12.68094149830928,3.469329900120449,1.4295707279507042,328.7969252165669,1.411519445975033,0.0023082308264835466
57413,-5.912738748718925,-6.666006110456829,1.260403645705196,1.1566710062175793,231.09283931130466,0.005313528485108243,0.002308362129019109
57414,-7.392584670947121,-11.081807377862333,2.8480895790841303,1.307601594561239,299.84144580727286,0.5394775164280965,0.002308796141046976
57415,-6.9156817435107385,-10.592732523981294,3.7319305995807484,0.9013173017071451,128.37013335771826,0.30453386869062804,0.002308870741113156
57416,-5.621722711794661,-9.219488914410771,5.128724374895473,2.6222508083842544,466.37803671713874,1.5452246708435382,0.002309505604992653
57417,-6.02510014463042,-6.429717737431529,1.4687630233861024,0.8900344499556618,192.3605307123229,0.8477682012164971,0.002309534468391729
57418,-5.527352225449284,-11.9584123648424,3.613754938101113,1.0217324767747085,468.3356910557133,0.5118542668978252,0.002309915966019708
57419,-5.890763434184146,-7.6534156430141085,0.13885094006035795,1.6059709000851274,468.4041010017172,0.6549494800169269,0.0023102091905948044
57420,-6.188187898104319,-6.093698739106833,4.922980995343222,2.040093188717903,409.3487904294294,1.880012968599213,0.002310331555331469
57421,-4.556639595645992,-6.7628258124056995,2.721245798457368,0.8048618872296268,199.5943084355046,0.11270080243694114,0.002310344512865652
57422,-6.699303374548039,-5.010045340925552,0.28970230036247807,1.572545464962293,333.8846428006952,0.22446989103498005,0.002311087586544307
57423,-6.440556052288515,-5.029504132661637,1.0338808293659858,1.0398154687786667,282.2344171561169,0.5988098289955337,0.0023112507747546297
57424,-4.3912350151044235,-6.803902324043648,2.668957058727364,1.1726147100011381,469.5895783836194,0.06975130514045258,0.0023115105149233996
57425,-6.42071309957983,-5.024500046720864,4.216321549205721,0.9663999750769745,140.57516860967417,0.18329335913008027,0.002312219044073585
57426,-6.908248521535477,-11.477400047616557,3.4031172876168987,1.0681228893755124,211.35271975942288,0.6484379765817723,0.002312398651421949
57427,-4.554192200105838,-12.508111996748921,3.501098100250455,1.26269998403444,311.4174890593544,1.547825740208336,0.002312443036870511
57428,-4.198949136635867,-6.903537051892332,4.757689350397169,1.7376834153531413,410.0850573778834,0.12591128755704073,0.0023130187542102745
57429,-5.873651554100435,-11.814244621320839,3.6487750102893335,1.148403164034749,298.7126224123435,1.395877935391277,0.002313285253482074
57430,-4.658045826711483,-10.329484955628686,4.139112376143338,0.8006663203991293,167.678435538817,0.22128424579652162,0.0023147208831321413
57431,-3.9003158019110495,-6.779059477883536,3.5416339547270423,1.7871498037870956,468.50023523672917,0.4339063692128464,0.0023147635929961574
57432,-7.398873032677898,-11.157930110353412,2.796087584319151,1.2766731048456974,254.794123010514,0.18248257303343784,0.002314771974205642
57433,-6.0799992793151425,-5.745159267406375,2.3826917402709675,0.7642577130146835,467.0482064269812,0.5202558731739462,0.0023148264559838248
57434,-5.859642439752522,-6.109691193613243,3.6866023874572558,2.1340939855745296,415.7834155151513,1.3589081826268838,0.0023151240803442213
57435,-6.540190905688773,-5.23933730593816,4.883037397989734,1.1311087481027196,271.9899536448182,0.2832286339080303,0.002315384976456796
57436,-8.441164715185748,-7.743052307873166,4.516551688269942,0.9385348685599826,259.31523510806056,1.1478868734557564,0.0023154888719327275
57437,-8.767518490121757,-8.060231198120258,3.0581917345497542,1.141988350659994,250.45078931177557,0.05381570987597062,0.002315719370650596
57438,-4.2267287463925785,-7.978421031789155,0.25790160659751754,0.9859943005649595,242.18304257646108,0.41126603652854765,0.002316542863014198
57439,-9.47120416309659,-5.211990187020923,3.205846091361644,0.8648837786759646,172.54328152505664,0.51180673541998,0.0023166769264339835
57440,-9.270876551917304,-7.122519795987598,3.3449071146036498,1.050889467377341,219.78511405322973,0.4830269810509664,0.0023169459607431608
57441,-5.598426534115275,-12.313622799291544,3.568524998981524,0.8573666154484029,225.7905244454777,0.9977889993274296,0.0023172034319655175
57442,-2.571244557653271,-11.578087520601322,4.963653325544845,0.996464754217968,275.0141056972459,1.3524141502091283,0.0023172744540569
57443,-2.4876635686221418,-12.723995331320422,4.710804801966955,0.8464456879436341,468.3719881878771,0.3276678760828675,0.002317319966712554
57444,-3.436046587629705,-12.281316535349,3.4932393131191954,0.5674045151426712,138.1332673507449,1.1677550556532887,0.0023176239666141433
57445,-2.8587182226927954,-8.506526837796883,0.05855555990069443,0.6271646977467588,196.50372502588024,0.9760516484367061,0.0023176260162891178
57446,-9.532338022994221,-5.063705926102005,2.630797473684554,1.6531674643032703,389.91694300932477,0.4932067424252766,0.0023178301588834397
57447,-3.3640263216402033,-6.970388499430918,4.870235038394272,1.0852400203132246,286.5341148825975,0.7157617436315844,0.0023179480681195168
57448,-4.130573732047158,-12.02734672460244,3.541262178938802,1.62307938832014,378.0747195894661,0.30505975603252367,0.0023184845031059254
57449,-9.01504843544614,-7.69866852057203,1.17303632572076,1.8030585554858425,467.7434668358308,0.4771897998826784,0.00231849452572397
57450,-3.778626883027812,-6.785377361102315,3.50937893689765,1.1038556877084549,306.8829734325276,1.1509893293128046,0.0023188413948115614
57451,-6.709928391254875,-6.158960251080826,0.05199927643451403,1.8558544104846975,469.54525927366575,0.005184614107866636,0.0023189754609875385
57452,-8.355624857823717,-8.026549844491601,0.4308896556648347,1.1472436166544473,294.99425565837305,1.5743186279893893,0.00231916592095755
57453,-5.485090563125807,-12.860404866530821,3.5134304578353617,1.8629650199128767,447.3651246291841,0.09266975119787269,0.0023196384070387527
57454,-3.5503419483961824,-7.270466606119041,1.3806818586181513,0.863348129274575,467.3419180353277,0.5969098163179556,0.002320343042654938
57455,-4.64591597265554,-11.439750514245079,3.6756517568361806,1.1283926460647216,466.2529892275361,0.16266078081263924,0.002321010324813907
57456,-8.826369097414386,-8.252247385620041,1.612060301741396,1.1374152514497895,246.0814679951829,0.06478344305208505,0.002321114516610463
57457,-6.079596206411514,-6.157852306509582,1.6940235517115148,1.3728284059253828,311.9915925732496,0.6823620616276385,0.0023212351915060645
57458,-8.357244504660345,-9.198729488868132,1.3026021648771995,0.6456955160315617,139.8079927079974,0.08301413133637237,0.0023226067392962007
57459,-2.3091871942090307,-10.622681894268412,1.9563614802743727,0.9408133164219878,247.631393526945,0.5556401734219065,0.0023233737025559567
57460,-3.2491697835048416,-6.821730164310406,3.1879236004651523,3.042370314063585,502.818054244802,1.5232400380613518,0.0023234293663939674
57461,-2.821414891763091,-7.607909964809345,0.8336238333101642,0.5907913482971818,123.0870589821457,1.1317192043629225,0.0023245968395401414
57462,-9.020398449919588,-7.886614171993077,2.241912446905386,1.1404046757630892,293.7951822448748,1.0533233376116309,0.0023249966468370294
57463,-6.2576319991270015,-12.606036786927671,3.5150031815275717,1.6661606226795012,387.0277729573271,0.1059618793698407,0.002327317981230929
57464,-3.136599135906277,-7.525734695007503,0.8928345958189142,0.5326124128432974,112.31456845028484,0.44220799035815883,0.0023282967555745856
57465,-4.030137821520459,-9.726097520450912,4.559429617149182,0.8272095187847354,467.2601202150086,0.17451073493506364,0.002328988073007008
57466,-6.177771375342959,-9.4048166951912,4.92440395040752,1.8015128055214986,382.0354636429408,1.8032346231247498,0.002329122356789667
57467,-3.6303821224015334,-7.340885087458963,1.1458825200512637,0.8937189048329626,468.99359971800726,0.13394130121460268,0.0023298639430660456
57468,-5.69912578189204,-6.7507070289687245,1.4834620298678474,1.0485958913184605,470.53831912460197,0.15363639005258012,0.002330374860974876
57469,-2.393792431186851,-10.409276178416805,3.0804830397677443,0.9641761832682524,269.9992830481377,1.7252333155456538,0.00233095102904124
57470,-5.9202428650136145,-6.166728409329858,2.112445368925255,1.1989780754532051,263.9828552017418,0.5189519743802373,0.0023310221490253857
57471,-6.289885980466632,-5.835320502035853,4.689406339638523,1.1176289118449148,293.1017262699554,1.193053435689495,0.002331101275838026
57472,-7.739353028358808,-9.04959433706339,3.9532530659840583,0.7660163403461894,201.5932062462175,0.32461047799815024,0.0023311252327566385
57473,-2.237998013081742,-11.558717364347803,1.626298481586797,2.1650775033163105,416.1877777167302,1.0825307046415427,0.00233135202368718
57474,-6.593210424697943,-6.506642940660902,0.11670349118038395,0.7463661457696169,162.58138633496804,0.2774057400840162,0.0023313962684889853
57475,-3.368441483369385,-11.27578164877574,3.6911177648204223,1.1752322385263625,242.7141534145076,0.19580787820197276,0.0023316499091609708
57476,-4.870236111056947,-7.067901491763314,1.5708144987394588,1.5695770174128834,348.27821569452624,1.1936210798360447,0.0023316786925231384
57477,-8.969784335369594,-5.6003444034096415,4.566904159643329,1.0543965955061354,275.78856081200377,1.2201644922614898,0.002332495706934557
57478,-7.5463867897047905,-10.264722631237705,3.0224579941829894,1.7977022230449184,429.0268182645693,0.10369787005519981,0.0023325438196700214
57479,-7.427713202011768,-10.778878085153021,2.9256338453102178,3.7920486920877092,541.8677628130176,0.37554240996779686,0.0023330295359295515
57480,-2.8376261453167366,-7.304396529614703,3.209570753566644,1.0775733557172735,447.33717478560783,0.11370136989430168,0.0023333148623683924
57481,-2.523323499114891,-8.66966442486354,3.6090108445132825,1.3662906463541917,322.3189280748094,0.5674292458141768,0.0023333527777506455
57482,-4.785520957586478,-6.914083573432762,5.083452458424916,1.308177587900453,285.8200396185582,0.7314689749215768,0.002333908799320345
57483,-7.634597517918369,-10.706471484357179,2.3983197325069368,1.5364088810918668,467.99287635634033,0.4345047998192557,0.002334137764750547
57484,-5.339905061966606,-12.973706847666175,3.4912993184761403,1.7623231741022156,416.4019101988295,0.3082967610291787,0.002334810743745951
57485,-4.249566166686934,-7.1201603804507085,1.679702303327563,1.3571739404464056,296.4172745419857,0.2660044767395702,0.002335666816601295
57486,-7.316476484417782,-12.86929652908858,1.4285740229920867,1.477092515390706,341.1125788772161,0.4302616959355783,0.0023380611069159438
57487,-8.481743895753475,-8.608504721213809,2.681488987100201,1.2314893774776738,264.1162026556471,0.17284187617434998,0.002338198671686791
57488,-3.5510654816680196,-9.54551066433487,4.712661640214084,1.3639460882885013,294.0601574645495,0.8739565883954654,0.0023387265395995557
57489,-2.36707597764386,-9.694302890240772,2.2788329064266843,1.8826355167815987,468.1246588498407,0.3735282550378569,0.002338962065467759
57490,-5.490545297284793,-6.544157991387148,2.2486861318630758,2.7134486033199825,467.6894065887592,0.874127106000393,0.002339243114984763
57491,-5.6784209631223135,-6.4560999757645865,2.0921057630241515,1.3889378995429968,312.2361895590752,0.03801760264927889,0.0023399343988640474
57492,-3.6391531760320737,-6.957422658538406,4.838099192083774,1.3526258101731456,329.05125101109815,0.2967626722887724,0.002340006234809246
57493,-6.414827034881705,-5.727701566355245,0.8534083475672637,1.2061434073798107,247.3875226405942,0.2259232682449719,0.0023400602772933885
57494,-7.733244143547904,-11.176278995412009,0.5454975633848449,3.407834873263072,232.8101233428068,0.3189331837592624,0.0023400727642996564
57495,-4.326277411494055,-12.214020554939186,3.5148356260676525,2.6075656090491237,468.19757900653747,2.5225191797379676,0.0023402261319532113
57496,-4.133256613932044,-10.03970251207342,4.309837929033556,0.8627602294644074,204.9472961094964,1.1397641613019145,0.002340464740494745
57497,-4.193821461860955,-7.027428140783299,1.9432549108905068,1.3878386498047006,328.54042271173444,0.5494134039093588,0.0023408616413581125
57498,-4.899096270796754,-9.495785972120224,4.799649341431373,1.3162542318356016,313.90347341326117,1.3777510247450735,0.002341529917014754
57499,-3.787420863661678,-9.97175268381747,4.352099472570305,1.46897887349701,334.32982452930645,0.02768437112701161,0.0023418658136332995
57500,-3.243188199853603,-7.027056479647809,4.943335555963643,3.542169246684004,529.6227918572062,0.5901084183321696,0.002342399972048428
57501,-7.215728656015406,-10.90828370139423,3.2364281920291473,1.3674558860689017,269.7877473166577,0.30782602241030066,0.0023427374981912137
57502,-4.5873128615059455,-6.759022526767683,4.175097834771738,1.0540830219802801,277.23876591745886,1.2098851774938115,0.002343373784362604
57503,-2.531956289701455,-10.295476749434336,5.149295052998539,1.671259922294474,389.0819648313384,0.12918189593116036,0.0023436938783741395
57504,-4.4887125115584245,-6.760426494429423,4.08017850971059,2.975506369567831,496.97739146430183,1.424068888087791,0.00234386643192183
57505,-2.5524422235533875,-8.162372825663159,2.2261610480642355,1.105386325965377,293.72172569662126,0.815803699543296,0.002344062440608279
57506,-8.230090011876614,-8.346656885934786,3.987479262114753,1.7936970186902566,468.1717369185677,0.3136141968493984,0.0023442524609421592
57507,-3.3197951315876093,-11.709780400423163,3.590806389316287,1.271129093678353,278.6134872056759,0.34596374220967885,0.0023444623100476875
57508,-3.56926665564397,-12.981740409723946,3.4259046632230414,4.587454346403418,476.6509985691733,0.06415875239308466,0.002344560174941249
57509,-6.446736478333412,-12.50857302435961,3.4777517395009947,3.824932942600899,550.6316746075728,0.605934972406355,0.002344886593387405
57510,-2.4845140716226837,-12.798017335523754,4.678836421998025,3.3245815574833015,524.6037721480706,1.4236059386128561,0.0023451903970542988
57511,-3.1487611506814908,-10.834706669021283,3.9341547980338976,1.255408715723718,273.6181037722504,0.026491819047310905,0.0023465464281309705
57512,-7.533028879198777,-10.328673304245896,2.997030231987994,0.8479078316475203,467.0678659476581,0.3155694511859384,0.002346663050027129
57513,-5.575521088114121,-6.382221309938496,2.799814710025698,1.854944419398754,467.44909680275606,0.7811140518846971,0.002347321102888188
57514,-2.8922308877629677,-7.564240670439027,0.8698127732272803,1.0974651984271513,283.6685501976031,0.6598477339655711,0.002347372350352277
57515,-3.74498751509,-7.242800956188432,1.4835703126242243,2.876264809876903,323.40650222417946,0.06121185011600172,0.0023477564133360784
57516,-3.8920302282125583,-7.031427572735598,5.15022435008505,1.0988428470032112,219.0124836435874,1.0377339514908561,0.0023478235421925406
57517,-5.2822561680529345,-9.40434106968763,4.904998598098887,1.0580413032589544,278.02834656707137,1.7487105301583918,0.0023479394041472992
57518,-8.15641374722818,-9.48542279166043,1.9133842863189063,0.7137055063388437,170.6081826043128,0.9808554887834262,0.002348957041316472
57519,-4.769839669067145,-12.666034791276628,3.481408644445271,0.8065597018659183,229.3615114202491,0.8724640855554782,0.0023491665964798926
57520,-9.316765095253825,-6.3394050977377585,3.765211682101203,2.786703981672756,477.86130560831066,1.0182901199617174,0.0023494758277445593
57521,-3.5492750976483585,-12.552484743267398,3.4585629292483215,1.152394413834448,297.371228092847,1.6148298811200306,0.0023496323418396316
57522,-6.358885962830596,-6.827036569246769,0.3828743549003354,1.17598031288952,259.0736622661472,0.3249420940367882,0.002349789004632401
57523,-8.714749060791554,-6.106544825213847,5.094535208246283,1.2478581286852175,470.30850278009393,0.12040418080864246,0.0023503803177709706
57524,-7.955738185579333,-9.09835335540955,3.3958587869171346,0.5147999712629757,130.71889000671334,1.2064122824234351,0.002351008424886111
57525,-4.920643566277133,-12.664323720381157,3.4935016273734565,1.018687256506318,269.16130008361284,1.6688644415793652,0.002351190246559444
57526,-2.410047686106492,-12.712889765638772,3.9424706358657455,1.834174202457323,437.02597700741774,0.5347533742356445,0.0023513266794299866
57527,-8.196670280678802,-7.65263874790697,5.09617679399249,2.75437107369081,479.32259258102766,1.7121518272351652,0.002351375952772457
57528,-8.751698054770847,-8.357318658557768,2.03274837018908,0.8882113618445452,467.7076946645421,0.6511035396401299,0.0023523646556464243
57529,-6.472796992625582,-11.645929266235827,3.600741003387437,1.584411040824908,363.2804159342286,0.04164285209052032,0.0023523802513379932
57530,-3.4646817270401273,-7.733267140643193,0.5796642030239452,0.849800703279563,212.80249995300264,1.1166164626777766,0.0023524995807882743
57531,-4.8766535561363735,-7.464757666554609,0.7663919810903794,0.7152665676344159,144.96056990635256,0.5031003503607208,0.002352668193107396
57532,-2.835840240276136,-7.6440437842168745,4.870850974462037,1.6486653715283366,455.8701283879929,0.7575511387896663,0.00235269522402246
57533,-7.315013828378254,-10.7931751664799,3.1310410577661574,1.7357752654557892,408.38373141352827,0.6150058798783204,0.002353230728239259
57534,-6.667717224028004,-5.168423422783151,0.3659317643906796,3.2570532607836915,518.9558768063589,1.3470964292182694,0.0023545643855214736
57535,-8.877503353951598,-7.255561495265804,0.6173485238231595,1.1478737937774253,231.4689501718967,0.4117423882827893,0.002354574273355958
57536,-5.604978594246929,-6.508679843131439,2.1424669475362004,0.7819175535623567,232.5135855501919,0.8261324588904548,0.002354679223219287
57537,-2.6272072664081803,-12.71583032674343,4.711355500328459,1.2258068043279913,298.4700110504421,0.553631666235181,0.002355605998870926
57538,-2.5430058929537145,-12.697118325959837,4.856949369045482,1.5458964106506394,356.02539695041327,0.9467025527542825,0.002355904644105493
57539,-3.2519740405256483,-6.827779308847163,3.6820600589888057,3.058791962649403,494.6458359742995,0.4467020771814658,0.0023561757340503737
57540,-2.8207261031185773,-11.064055061351327,4.4619465087411525,1.0241271585411775,468.0751004594185,0.8215907704968872,0.0023561822245003763
57541,-5.709894837229858,-6.256641602594574,2.954488698978195,1.664074602601107,386.3476963816738,0.19599557813530932,0.002356598852754572
57542,-5.239422597172614,-6.5483300730917335,3.721777920176743,0.8682225052110923,174.91393637838812,0.848177425136817,0.002356793829074165
57543,-5.099228049949814,-11.21101277166316,3.7599817406143945,0.9600450713436325,468.08741922751665,0.7235968629142082,0.0023570560827784544
57544,-5.357331430178514,-6.814858958893099,1.7962367199323042,24.049987653825546,519.4763252535835,0.19333890942752063,0.0023570568370649128
57545,-2.6472657401528625,-12.226854225326884,4.690264006195063,1.0825751786892757,280.1216362560111,1.4785514356710694,0.0023573545065294107
57546,-5.203262435686863,-12.988219251429792,3.480750806821006,1.8647810527627071,467.89370713648395,0.30623976036301936,0.002357548032183294
57547,-5.741029604838291,-6.2493207534045885,2.8609629447235383,0.8659862652208903,175.5485393400681,0.655153855342034,0.0023577843834098207
57548,-9.417270872126368,-6.299542911879048,3.4347063910057196,1.0573472022847359,467.72181238823936,0.38502658813880686,0.00235783734930173
57549,-5.166460046740202,-11.933311772141645,3.593414873532812,1.7944905032233232,187.11435556842122,0.22833857888826703,0.00235785875998272
57550,-7.2357508124195435,-10.22201824870919,0.18124557867805,2.5563610617258927,462.9646376539128,2.2729894280981133,0.0023582218238545694
57551,-9.139973490946504,-7.662605803026082,2.282771745658084,1.3870147207653196,334.61666174112906,0.45682319723961573,0.0023583419079138746
57552,-6.188502592770089,-6.100261331198463,4.909297673814007,1.6551978449526301,388.7390417422647,0.617486124612455,0.002358770493799774
57553,-4.148446230505868,-11.224531080065084,3.7130514765680207,1.6489627054845903,381.5365696993011,0.025263617744551325,0.0023593035961424736
57554,-7.322412860702019,-12.664493941941382,1.376865787605095,1.2963844225185512,320.0522839301295,1.6601775300799355,0.0023593485790327287
57555,-4.032176472314852,-9.851247570155195,4.449513000019353,1.4515193413370278,463.6052666315123,0.41652245658932596,0.002359731869743941
57556,-5.95441900555838,-6.979943682838052,0.7173005288166033,1.2202073085295941,309.99265868968934,1.4624694022818039,0.002359868394314757
57557,-3.9354462270614308,-6.82307144728327,4.002694076871604,1.291937629257709,267.8746513543327,0.06234585193608044,0.0023605625992956874
57558,-5.288308663460908,-11.809193063234261,3.6184414140599177,1.120440559191552,466.306784479361,0.17338276829226817,0.002361823229040858
57559,-7.733681652748543,-10.396113284681181,2.3230310340778275,0.9305699400066545,425.7510969270964,0.40127163671453925,0.002361868153688195
57560,-7.53208046955007,-10.223050092711546,3.08112695964881,1.1738285364471353,304.4288553012046,0.6585826791278633,0.0023619994050131875
57561,-5.8425363537898924,-12.679378828886767,3.524774267766821,1.7668554526844311,419.5418995389696,0.5965184403936901,0.00236241718854197
57562,-6.659272117404755,-10.137436814991299,4.16004504255417,0.9637514133504673,468.63020395784264,0.8200949362123255,0.002362724463601945
57563,-7.880065033277016,-9.762714876215313,2.6191092582207722,4.730691376885791,608.6560419853155,0.6626911548738974,0.0023632180217700994
57564,-3.8034101682963497,-11.633639392959736,3.602965398356502,2.20325987812781,417.7793467427408,0.9377319266095929,0.0023635026738983225
57565,-7.592098949084946,-9.328189177237459,3.869274841521538,1.2009525215361352,468.6910220521515,0.8140050123383462,0.0023653971677509507
57566,-6.537504388073716,-5.306491078860076,0.6836151162527427,1.105753964213905,302.8215931667052,0.5877766346711555,0.002365757010150464
57567,-7.050821234751274,-9.462439543320105,4.456290859649362,1.3313811209886244,303.20389945891054,0.3467024873405924,0.0023662258617327863
57568,-4.970324782716741,-10.963040088720476,3.837629444951364,1.4865131794233648,468.40196905454894,0.21863414076200094,0.002366363564486137
57569,-6.466653363933791,-5.886432685632869,0.6641652355726492,1.8152425578599374,432.4993507173607,0.42092393395471017,0.0023671667261289616
57570,-4.680505733224793,-7.142865937269545,1.5296215161329247,1.7588130974252265,417.1466785713024,0.14467513273140398,0.0023671680968429362
57571,-6.83466939611295,-10.006061326881124,4.152037960930433,0.8851673102104284,466.4984160001388,0.5745911583282499,0.002367561407489044
57572,-2.400078132978405,-10.966217541566044,3.463776634895137,1.213033950716742,310.24483970801094,0.34310192412504836,0.0023680015897245407
57573,-2.8808199411746216,-9.895582425868636,4.997173156168863,0.6025040521674694,183.4256323578058,1.0882706444635417,0.0023682403262772957
57574,-7.331075800302203,-9.610943521980426,3.9809746057780404,1.1002183012968914,459.8917148304444,0.6482185139581045,0.0023682833199122934
57575,-2.5986160762192867,-10.876702962384227,5.1009390529669325,1.9045607522632322,468.94456950206603,0.6030458949727304,0.0023683708664540555
57576,-8.177119689425753,-9.414579758202372,0.5730362112535102,1.6953250326612117,400.06125056861725,0.31203455544080594,0.0023697809539289195
57577,-4.715364534927598,-7.604900208765173,0.6522641366335975,0.8646518016058266,468.09874894503395,0.7301500399375245,0.0023699232603838698
57578,-5.197193008013502,-6.641833408734089,4.317114753404477,1.7926934299594732,380.15677990509573,1.7805361162732254,0.002370211182491502
57579,-6.980726155762552,-10.703290192140475,3.6066695715720973,1.0190423096721672,467.4660699024403,0.16587173024681867,0.0023706786850567333
57580,-6.968874719786244,-9.431660023264536,4.559266619468454,7.477337236633168,587.6367060439675,0.0866928167882639,0.002370763322720551
57581,-3.094803621236175,-7.058818683523041,4.473847673092908,1.2770621520701624,278.07448171930935,0.11432455611888592,0.0023707848271068326
57582,-6.135715386160672,-5.783170008479166,2.0809414939811246,0.9411648634943581,245.55051295303292,0.8032198933080421,0.002371016638264075
57583,-8.364286700669126,-9.269471662514114,1.0229129089894209,1.9670542327630043,389.0680819905664,0.3387169730423709,0.0023715981351724357
57584,-5.688995363109072,-11.716509406453243,3.6519445916705107,2.8668339287106077,403.04987022240607,0.10205500015383517,0.0023716727881003432
57585,-5.932352983646948,-6.027815396160176,3.090382975960536,1.7020220606815766,454.20101878274687,0.30355309499771366,0.002371785193900395
57586,-5.954288970053588,-6.6319234846379365,1.1489054360064628,0.95489063229438,467.4537476289716,0.45761907562795656,0.002372360323938104
57587,-3.001309645554638,-12.418679644818765,3.7300814035300776,1.2358718491438723,467.68262683860235,0.09238173220103096,0.002372929174199656
57588,-6.142483623260415,-10.400818857170826,4.12375892418891,2.8982629540997444,257.9110272585616,0.17809594040104404,0.0023731109512968823
57589,-9.142882368644875,-5.03789215818255,0.8333782038656286,0.5911828777961843,120.81521905117341,0.1780718522815148,0.0023731204569968412
57590,-4.775678411126838,-9.787960166740032,4.524957419894664,1.6256183213947137,470.3291916319835,0.18734559539946538,0.002373676707622714
57591,-4.966453115797207,-12.827030525883092,3.4771013262932167,3.1220258721533347,490.635613079059,0.3579084270442241,0.002374235619918996
57592,-4.536479808367623,-12.278124256575254,3.5112567464494067,0.7019991299262993,196.668735560937,0.17805143989014383,0.0023747133750109204
57593,-5.4843931338743355,-9.619364097835408,4.706710323357529,2.284535958020667,434.06956180929285,1.5289212546793207,0.0023749144795489844
57594,-5.189877944706708,-6.665221241966726,2.4438018315657746,1.5276033243448772,176.14603950429046,0.24442349280003928,0.002375320685926382
57595,-6.22362183355553,-6.876529159510823,0.5390401270829868,1.0289016427767341,275.69872765686773,0.6223311861122633,0.0023754744275249744
57596,-4.754063850104654,-11.26752861616048,3.7213821560792737,0.9658330438225864,467.3255332556837,0.4725284942029431,0.0023758561452187914
57597,-3.0051038699757875,-7.230345585532276,4.662548115537981,1.5711332666483908,350.16629704986264,1.427175037606923,0.0023767298955308614
57598,-2.656148203157029,-12.057734559985185,4.678964534903083,0.9277743207181541,467.4407296692959,0.19376066344412912,0.0023769868470372856
57599,-6.4114991966316035,-5.792289702533635,0.8605831447085394,1.1364607902248642,467.6300788633843,0.47629139624626227,0.0023772764923384263
57600,-4.932818263666027,-6.8116735720186155,4.785217084949397,1.14203153928239,292.5496164467114,1.2574506548222235,0.0023772962562308084
57601,-5.731552890578893,-6.482556940438367,4.744843165679112,1.122578303484071,164.81742449152995,0.19988268342343485,0.0023777198571304395
57602,-5.141726186556744,-7.661907083404804,0.46209896047705723,0.8368140828225278,164.8800825037048,0.1062669084534642,0.0023781630673828523
57603,-2.512932365715778,-10.029814436373139,4.892112078585979,1.2465396559170798,296.09016917735846,0.36495738314240533,0.0023786850807753102
57604,-2.373346792634682,-9.166605232143555,1.791087241136992,3.613523034285208,513.207013176997,0.241019844311106,0.0023786903004791946
57605,-6.31114526249274,-5.569769411255026,4.303845823457882,0.9957854027433936,467.9532724760742,0.14576150539385946,0.0023790911234108317
57606,-5.535570371554138,-12.029240756647749,3.590718441851462,0.9755000221631447,467.1363500511842,0.755319035653037,0.0023794747537548466
57607,-3.695901649199622,-12.181920680051695,3.5014848938196423,3.0087438079615354,195.98271177918744,0.3435770904157245,0.0023800728223077015
57608,-6.191635086638501,-5.418487872381629,2.4319354215737707,2.02415895641366,246.90985152740353,0.10085241419333091,0.002380552358870615
57609,-7.392377896597724,-12.950948794809607,2.269554979224544,0.7242177385682195,467.9777204792595,0.33903098996943015,0.0023807162255605223
57610,-5.532417471744831,-9.882674554954459,4.484344063745989,1.5415808974788447,354.9629929882656,0.2819810526418065,0.0023819692807285297
57611,-4.448891406514372,-6.807725840577276,2.655721156982866,1.361377009305703,308.31222139782386,0.8507815282045419,0.0023820107828118587
57612,-2.521277365845032,-8.129442365115718,1.2115499702279706,1.5067803132300235,269.76502650352467,0.1810943991132028,0.0023824409324744995
57613,-9.380887263051621,-6.135350217607006,3.5716300176747686,1.6058097271533038,354.7140842844687,1.447429096629091,0.0023824527573244026
57614,-8.343902204205838,-9.02474162279209,2.1438141022851056,1.6299161532362443,433.4978922067076,0.33173737170128614,0.002383133803088394
57615,-3.942310325024807,-7.023393051241617,5.089157515923392,1.1822248561136273,301.34189499582004,1.0980531690871587,0.0023841110905267198
57616,-6.44097914197045,-5.490527212792922,4.726959133354876,0.8013264273695765,161.68739178199786,0.6286773765585014,0.0023853309773149887
57617,-7.814468444819221,-6.638775486873792,0.08368634092170069,1.1085375565623803,266.2455105054908,0.38067732426085943,0.0023853599982036158
57618,-5.236942083060562,-6.542631434234247,3.2741388029353518,0.914292761325834,162.6769044212644,0.12160942403989061,0.0023857900400230396
57619,-8.980039256092216,-5.140956188845847,4.49510995908009,1.0216887513936146,468.0632365243725,0.9367320071640908,0.00238598203727269
57620,-3.3071053873839116,-6.829057331774776,3.1949801198672287,3.296491643448824,506.7161812639221,0.4439616486036817,0.0023863266563083733
57621,-2.5475711870531033,-11.675575462103023,4.942683290476933,1.5437044279053624,354.68546804809995,0.9119043304389054,0.002386328464812752
57622,-8.977638812643338,-7.753036577344071,3.0520545704446143,1.765447376606263,418.22227235810857,0.39888441499376537,0.002386463304760237
57623,-4.695215827460078,-6.977412367940937,1.9211344567861992,1.8937092591164473,458.36606723564046,0.2257091242691489,0.002386505138964969
57624,-8.930149646560027,-7.778103223562147,3.172129992510367,3.228190773504658,292.4598273925208,0.14389375631180368,0.0023869207564865265
57625,-4.949012797688583,-12.415896968001265,3.508249947637641,1.3971724402191728,306.75954946223885,0.8781550557455313,0.0023873293892722647
57626,-2.526454746586281,-10.480730394086455,5.085081317135727,1.2890191057708484,307.79053786327137,1.2567226976817478,0.0023875866642684893
57627,-6.249135347104859,-12.09993263822256,3.5629306309225814,1.1519947503805068,258.5723117798586,0.4324326950672761,0.0023876161636893225
57628,-4.0675017128084,-6.78653879765231,3.7771979304997556,1.8412223149779494,468.4538595188234,0.4245475667352139,0.002387771361164889
57629,-6.105169858041386,-6.415507555161426,1.3946396635437515,1.8472699935353276,442.26778995323866,0.24751462575247007,0.0023879538468276544
57630,-5.8159048706500025,-6.695831337068115,1.4387253430246656,1.7693176306586413,421.1340520109475,0.9288285032548718,0.002389417548675785
57631,-9.49691709910776,-5.588126989162758,3.0392762071128336,1.7818633512977715,467.9917609261665,0.36432495262334985,0.0023907732174162383
57632,-9.22427501895883,-5.303084133480184,1.2693347212226722,1.2325150434940026,272.8430546205706,0.43398140385935235,0.0023913530901477306
57633,-3.8057731559560466,-6.917786140019037,2.3695497540711097,0.7083375519720229,137.82077815289256,0.06573077274194983,0.002392117357291416
57634,-4.745704132551255,-7.432775652694503,0.8598691577781968,1.7489057742051708,413.5166257856912,0.09619229395752438,0.002392891504868437
57635,-4.198086197019841,-6.7683754298954995,3.5055013443326724,1.086121249660968,288.11469223024267,1.2707629596496348,0.0023937425992626537
57636,-6.262800698735607,-6.041516429502969,1.397512563272352,1.6693265209801509,391.5651668668279,0.878548437579032,0.0023939238025074017
57637,-7.552122839692547,-11.087685795366934,2.3706984272326475,1.0994980052161427,405.2595652143677,0.9064974043710059,0.002394734660963976
57638,-2.6049880178622074,-7.876999110596598,1.4756223408714375,2.5696681009929137,455.014969926712,0.918956587265785,0.002395401074537056
57639,-5.273658230007776,-10.29291546280928,4.1772070183352845,1.7504175190344013,414.53553083091225,0.27720109263947723,0.002395461465794745
57640,-2.7283226533699834,-12.370656019440363,4.4250637089183265,1.5933697199171115,467.774854373408,0.25111164311276024,0.0023955463190458294
57641,-4.179230564067255,-11.89992254780636,3.5443751101599728,0.5989064409841293,123.01031387541127,0.2593787323124932,0.0023958760528111174
57642,-2.5683435967501644,-9.29082595975969,0.25068746250293517,0.9171161295867527,467.9770276355809,0.48020165950275295,0.0023962269517738255
57643,-6.0427975740764195,-6.029260345385249,4.106527761706583,1.364033871073301,329.67347637462217,0.2936528662579061,0.0023968664854891867
57644,-5.6532680310629795,-7.204688787518268,0.7525871040865258,1.934460914463365,198.23778171860928,0.341150072542022,0.0023972206783332718
57645,-5.286836352898046,-7.992623252213586,0.09612106603702615,0.7704390325774767,162.01559129107014,0.08142829298325704,0.0023979023830765296
57646,-9.064901510037322,-5.800077384751329,4.369881665644414,1.8671102883150987,448.69359079822533,0.06519138844553751,0.0023979257105888933
57647,-9.215833665869406,-7.058616187358457,3.587051757258032,1.8975184035013601,459.4409178026886,0.48736111949282,0.002399143833651626
57648,-4.361973763595778,-7.476869063670415,0.8797614045580793,0.9578925372621568,467.79610940416836,0.4714258973864869,0.0023994127003233116
57649,-3.831309488484939,-9.861693370823112,4.431110563946388,1.9459636536157625,388.58256874187686,0.36167430237861176,0.002399709515707853
57650,-6.910484849274381,-9.222768960329528,4.820580112537334,0.8740549459514687,467.91765504640574,0.5377063705364522,0.0024000523824023938
57651,-8.143705285364861,-9.210287909988274,2.5990612494987744,0.9172335340977343,223.20663941261617,0.25041917351914034,0.00240039718875618
57652,-6.1854693790714705,-5.566698500820584,2.357133095131101,10.428636123997315,755.877201063304,0.23920394926899657,0.0024006085416809772
57653,-4.197008186664247,-9.775703406530846,4.5068717133569045,0.8310500593233833,164.10174462747773,0.10481100244245933,0.0024006886981795734
57654,-6.051907802123106,-6.508349605729985,1.105013862461108,1.1011075545606472,292.6578250174165,0.8092453264336621,0.002401078702231509
57655,-3.8568750371853646,-12.323804640674044,3.4809738850678533,0.836348686581229,207.91098763852543,0.6278997700194511,0.0024013313394694183
57656,-4.204095966230723,-6.787495587224316,3.665342209889053,1.5637982917192026,361.97661749831536,0.19374767125292447,0.002401406908025453
57657,-6.430401239808235,-9.58914615998661,4.684080847937804,2.3771864778225438,442.329925607453,1.4877873048451677,0.002401453314200045
57658,-5.346200284062079,-7.232933949139879,0.9282896111746747,1.196232015787979,467.2771107758817,0.3431683028596728,0.0024022503903918
57659,-6.565071422750977,-12.736217114696183,3.4030662279061628,1.2152470147332872,467.9835000990886,0.6141552307657481,0.002402490023959987
57660,-5.95283808885723,-6.216423634377096,2.0431929364895525,9.574447679394337,304.5334432227829,0.39005689923074005,0.002402547295585818
57661,-6.392882499062508,-12.536271119021224,3.477869973906908,1.0351064273559587,259.18598550258287,1.0400461930671545,0.002402746735967226
57662,-7.401698136617814,-12.004397893401093,1.3392255965558109,0.8932715381820077,188.81237623294598,0.02975511740425496,0.002402908872978888
57663,-9.506450429042411,-5.291775669171289,2.338110730760308,1.6803916273491608,397.0443354984682,0.9606634940040655,0.0024034113968928335
57664,-4.147306014667212,-12.92299966933695,3.4301134072882014,1.066097945202683,256.3372215770404,1.471033964865586,0.002403685118161513
57665,-2.9241442491212313,-7.387680533619572,1.17728424656251,1.3936667382086592,216.38595265062222,0.10849794878386465,0.0024037304248327343
57666,-4.050046122563527,-6.890622562749103,2.4379544906930404,0.8268999742449608,411.5117219047431,0.23374072069513474,0.002403828227374946
57667,-6.317167092093356,-6.917901687490188,0.35834450255030986,1.0967809183388286,284.58657635658386,1.2923188735672761,0.0024039291708320837
57668,-3.530535724609357,-11.01996889912279,3.7634771552235273,1.7688731829924436,419.9277658750405,0.2883990751799459,0.002403989168298109
57669,-4.697948825174622,-10.85944070661724,3.8588199785681354,1.381200485232528,327.25087235230694,0.21977867222161507,0.00240405963276942
57670,-6.196394565119249,-5.581888452871813,2.274783050039898,0.49963919083192243,116.2204344243309,0.1761839042469875,0.0024040791864973175
57671,-9.16221920050717,-7.307423293733082,3.387415398326794,2.734680586788754,399.8687584504676,0.13779853606056314,0.002404337199349287
57672,-7.790985953216056,-10.485756850570192,1.5875430993732282,1.0586050042858197,275.20080487302636,1.7349211859147484,0.002405103038397178
57673,-2.1856590122299826,-12.457759105255105,1.330953810561803,1.2212034043911084,292.8537496587291,0.5327746876622239,0.0024064554826238797
57674,-6.112159857804872,-6.185213622239835,4.8506909471114765,0.7390497480631718,149.0203599361612,0.4207558407101173,0.0024070193750569753
57675,-9.492658031578097,-6.209980929804234,2.3020844301583803,1.0592105199667787,283.8490195260167,1.564527512301642,0.002407028714427795
57676,-8.13153774144819,-9.31230638528372,2.43899728563249,1.0201047833474015,267.57046508824556,1.076104507983593,0.002407047397768272
57677,-6.451952272234941,-6.445126197294339,0.4367555128547742,0.8399574387399374,168.33215388217425,0.12194771325087306,0.0024072383325528775
57678,-8.94687652934322,-6.034559225244847,0.5650799884479826,1.5756209397463632,366.5426959548873,0.37715821870150457,0.0024072916339717807
57679,-4.234451651873769,-11.676653775942578,3.5865383548519523,0.9416915652747483,253.68949091901865,0.717785719978072,0.0024083103219760755
57680,-6.189583037895016,-5.491587295763626,3.5181280677556175,0.6868439841888119,450.5772987480637,0.38569272408446764,0.0024086164700131123
57681,-9.450305370719404,-6.23801068721731,2.0586309853507405,0.8844514051779114,469.4239724972405,0.12010388757240076,0.0024095161041460846
57682,-8.466420783415332,-8.194239288052696,3.666516579816319,0.7947146740775238,468.040046657315,0.3320355943606117,0.0024095761131313724
57683,-9.01715186693118,-5.714765287339109,4.460431238166583,0.6286403143891981,183.51053642285854,0.20890619299964275,0.0024099603601827817
57684,-5.549193354320872,-11.292478850661857,3.7453896587474147,1.2832380730401354,470.2377176452318,0.12323918825917879,0.0024100804300857793
57685,-7.472560420359331,-11.9815449771671,2.168112579452826,3.2091655978967033,513.2420912725632,1.0976164920136222,0.002410324524763803
57686,-7.0236700527865095,-12.73877964671489,3.052309000678669,1.0410368951100324,190.10966902264371,0.09924511049426332,0.002411527735528829
57687,-5.7237232944568275,-6.56633130091528,1.846294300332521,0.7307505943030731,135.42225192484267,0.3467061637882285,0.002411560231907835
57688,-2.426882573470005,-9.927237291080761,3.492758580309569,1.9121065693617127,466.305489085328,0.6276417557246932,0.002411695215347202
57689,-7.326613898987713,-12.567766571724452,1.3618583307204668,1.7048647694865933,367.4106808789822,0.5652855773124674,0.0024122656104777433
57690,-5.433882391750798,-6.678383649348205,2.044869705550091,1.6921025832376557,194.54785894731563,0.1794652187150616,0.0024129656954796075
57691,-4.535317103749009,-9.509794746950607,4.757087759598805,2.9161479196332905,492.66693064056585,1.5863083598026781,0.002413319325232579
57692,-4.229105503660837,-12.803539478895708,3.4409859704249457,1.6783819105850082,394.5229765103385,0.647539541078336,0.002414467855457279
57693,-2.6335013678595844,-9.024199209773583,0.10615358542881824,1.660124798509735,391.23291328265844,0.54100671858789,0.002414470485114208
57694,-3.4393611450619357,-7.223309410340163,1.5499236046401563,1.2316859643556182,468.1718117073693,0.2753947667070351,0.002414600809210434
57695,-2.507673254853138,-8.549361068592997,2.8090119422788997,0.8593971340151205,219.4908950954425,0.4441550962110732,0.0024146759973659587
57696,-7.337211293036384,-12.727053712818119,1.4877097931933703,1.5673760337706304,357.37988825964914,0.14079414258620204,0.002415182243167148
57697,-8.895540864095725,-5.463049513265318,4.689810016754097,1.6804302318188846,396.3964530696566,0.3852019395599795,0.002415983972035483
57698,-4.975135152635447,-11.313048630385488,3.7097345169958698,0.8113485896572461,163.19132064181403,0.7753402947729198,0.0024160129647533206
57699,-8.344164991383282,-9.26910950647272,1.153948214556998,1.2734868779311193,279.48880219869847,0.20266950957764962,0.002416054136595325
57700,-6.378488901543928,-11.934864521208233,3.5554873131542792,1.0993151449710425,283.0743182585092,1.6914750674126067,0.0024168397157331737
57701,-7.306665253004841,-12.074556240573408,2.671380526280774,3.0395527185585633,501.111557112987,1.2509842032617815,0.00241739079224177
57702,-6.417291287597411,-5.370852329240501,1.3525020938284968,1.386053206288959,181.8250426796082,0.1741850257242996,0.0024174142875098615
57703,-6.107864801789967,-12.52059102358905,3.520893171258898,0.7074476109000652,141.69289827826162,0.21133281680267224,0.002419013490857062
57704,-5.626270674332297,-11.392381827854614,3.715863020422169,1.3699794238183278,324.9813874790174,0.29925902339982,0.0024196406493070415
57705,-2.2900547512101666,-12.670820685240898,2.0751580007081505,0.6263497238986654,127.53363329939612,0.1330200978852938,0.002419808471418937
57706,-7.8823016655453095,-8.530917717686458,4.4067348860069915,2.2294702242018554,430.84145144513366,2.2750792413293386,0.0024205620791173488
57707,-6.0639628660910585,-6.505940548027286,1.1965682509990079,2.1799070271105823,422.69316996992444,1.612135327795989,0.0024208360331619697
57708,-3.572833231372206,-6.885228654613296,4.306361536918066,1.3691254472934857,310.29656007831164,0.008414699412564453,0.002421119656349955
57709,-4.898927554819554,-6.717821680265413,2.6688590692004563,1.8427970329479488,181.53575838112369,0.26168346239893125,0.002421178294035433
57710,-5.900305844887973,-6.04790791987732,3.1993382252741163,1.2334778143985918,308.1098484523028,1.0228645790417454,0.0024213985300915284
57711,-3.362421284476767,-10.258999998557789,4.132808999670921,1.157145166786185,302.0103200294848,0.6896655089753931,0.002421705064622086
57712,-3.127859844304907,-6.917068246815154,3.618643050108613,1.725609262931918,407.2359131550464,0.0975994148708077,0.0024228375545408245
57713,-7.489092507094372,-11.79125922591183,0.3352839559147675,2.0116751921556646,405.0522275523566,1.6054546442448885,0.002423187802338252
57714,-2.269626657571255,-10.072104894705319,1.0080878799891702,1.3803968662899264,330.34127755561633,0.3041714563249496,0.0024233231707234933
57715,-5.495915578957114,-9.856776208274905,4.495928849118944,1.0119503400642014,242.44639602078394,0.002343194022190964,0.002423416567125504
57716,-4.902055932194439,-6.693659851835083,3.0119519833686357,0.7754678164140397,458.49693580286277,0.39087331995079033,0.0024243201804075585
57717,-2.8310206130977917,-7.3207328468164565,2.8841089305963927,4.821511829647455,604.480838682418,0.3191428412126589,0.002424346795621256
57718,-4.823063518270344,-6.886847077767333,4.9628718191631815,1.0844577668638797,289.6775961048827,0.7673365500727805,0.002424400600917414
57719,-2.5071426716837886,-11.755193735695673,4.813169178177188,1.4509153730712676,173.01905510203446,0.22437269199951881,0.002425077494215988
57720,-8.761774508023684,-7.536921492605338,4.102464504297129,0.9822168836328057,251.30896749980232,1.0913490714109964,0.002425284298244207
57721,-4.644035311785263,-12.152894069668967,3.513790648839256,3.8088136623004063,548.3853935892258,0.5672425565353931,0.0024262813442357365
57722,-8.890464551456104,-7.945969644196827,2.831895495421811,2.183100220319751,409.8868392351683,0.6885188682203909,0.0024265259061249608
57723,-7.352817486533594,-12.328867209924232,1.404536029148002,1.766704491620255,468.2948523333583,0.5564507642084342,0.002427635213010047
57724,-5.040596747852808,-7.926768542630573,0.23913256676652145,1.2442420054540944,272.40447499776667,0.302897408674645,0.0024280261836761617
57725,-6.196847278735996,-5.6697638557942645,2.1034257021964105,0.892400941359899,239.270239062958,0.3762557828189905,0.002428071876356896
57726,-5.307756195282578,-12.643332201885045,3.492869722294095,2.204050142444471,426.0756462787367,1.7241517025593103,0.00242813062054172
57727,-3.292965504333063,-11.042857668683611,3.7608995456482632,2.558192653620326,462.586628790632,2.0099797464783142,0.0024288363574760646
57728,-4.048315623037562,-7.0330395085085335,2.0043631788604768,14.932699814830057,453.4688458693997,0.18950818859173602,0.002429257506164887
57729,-6.795666533704848,-8.993178640828106,5.154604686974012,4.151668495847529,473.9252994549352,0.09326070348151028,0.0024296799600450093
57730,-3.5912029119481446,-7.025148722422556,5.014201401575266,2.3414345813904833,433.7646206674128,0.6443528274804988,0.0024301815941846685
57731,-5.831962154270014,-6.277029372195188,4.226483219351402,0.6881230645156299,179.23983143485614,1.1197996582308365,0.0024307946723421286
57732,-6.895607971615554,-10.988987438618512,3.5451156877807524,2.3031816022513185,437.41776636935606,1.8444373213425278,0.0024312384097432247
57733,-6.822431163022555,-12.473903187855612,3.2709022559653405,0.7367868053893317,467.66916902562974,0.5091162941262448,0.002431838042588946
57734,-5.2603202789055645,-6.624986448066676,4.232579499633457,1.560190064577571,453.4094827700652,0.8442174032305472,0.002432368834367678
57735,-6.281113668252852,-5.255836178725378,3.6348622428788415,1.3389404051462197,307.7847260942108,0.429881112817605,0.0024325574955412475
57736,-7.454161033499956,-12.247004858922507,1.6786211093166903,1.5253936587541768,347.2100564471115,0.7343942348552686,0.0024326355450712536
57737,-7.05841978070721,-9.159202372232917,4.762564705621536,1.0688113533881152,272.6892682151991,1.208149081066428,0.00243266211635702
57738,-5.246520442017072,-6.858005870338022,1.8976288213714572,1.1688618116371288,302.1620144701577,0.6388688639503135,0.002433220973264228
57739,-7.452967254045542,-12.343844262471345,2.0873382509191405,0.8359327453515855,454.97189308278445,0.07101884846811668,0.002433465176906056
57740,-2.6233837695530093,-8.4531156962546,4.606166371659771,1.1282112733656464,468.38842942651996,0.5319629109548876,0.0024345361967621454
57741,-4.109702175506065,-6.874147672642368,4.441039122866191,1.113583764448597,469.689580059467,0.002054899931584586,0.002434564846399369
57742,-6.157412617312674,-5.519227857168102,2.6403097362846544,4.660444367695303,342.21609455493706,0.15434040066371857,0.002434909183551606
57743,-4.262827527948824,-7.499044275934366,0.857145006676068,1.8564810971145522,445.3177946957725,0.13919047186292755,0.0024349725384416234
57744,-6.1427387719096105,-6.750745795432524,0.7254135484798168,1.6567186354731733,386.4422566019078,0.7590085613045057,0.0024350487894754607
57745,-8.492344089324993,-8.737002628559722,0.6659062397172262,3.8111523170506048,531.5626360167998,0.21106560198760427,0.002435578818163023
57746,-8.926507204780416,-7.699958137573621,0.8092583023580435,1.2063798328447894,258.002909211205,0.47785301934063984,0.0024366589787196955
57747,-2.496411231505906,-11.763934668073443,4.750438588774622,2.3195726094755083,436.22329968924964,1.4503675989502005,0.0024366829041045333
57748,-5.399202403565557,-6.696052927709436,2.0260125419998896,0.862173436983976,178.45922871312638,0.7115156435061749,0.002436874755832493
57749,-4.190001334912247,-6.795408488657545,3.120461912544772,1.1491272011983,469.7374292642588,0.20757059199695327,0.0024371512765862216
57750,-3.1338387469182516,-8.303039194212802,0.10306801249501743,2.268644763061882,254.14156013811504,0.12894150428332551,0.002437498767464037
57751,-4.139697980949869,-6.991238529385834,2.0713605592795656,1.6139323734997557,468.9224868290986,0.8772831421699889,0.0024378144767207063
57752,-7.7048248578529135,-6.769286948313107,0.06108872813990913,4.643977869813789,237.46714638197327,0.3110469518662944,0.002438209679167237
57753,-5.099525379444933,-10.216906695149962,4.206097718512744,0.9488939225401466,250.44890228229505,0.24466878157185867,0.002438240569564013
57754,-9.416941066363814,-6.598840971475457,3.280393889614541,1.487099704492899,344.7542780116339,0.2307608596765931,0.002438284033469395
57755,-7.8215870682992925,-10.486459644526889,1.2097742941834244,1.3465388672261243,321.53165297927114,1.249419249444645,0.0024384808827213654
57756,-5.489207453333625,-11.04673641868149,3.8148342018996253,1.0488037150609921,284.8091312797487,1.130038621598679,0.0024389560940530856
57757,-6.116607687856481,-5.7595862451243445,3.6531098494726133,3.3977897236097907,320.22755341927535,0.1115451937348686,0.0024393058492902264
57758,-6.331975430134097,-6.125537083629886,0.8805625973115313,1.0149565987446398,271.90336394847094,1.6266404348156582,0.0024395087384694
57759,-5.903184034349165,-12.32635433003901,3.543447055572247,0.8154579725546625,197.89241878886605,0.19947315017569966,0.00243980256623483
57760,-3.992226006955616,-7.090062118905729,1.9007672099184916,1.448419981402645,468.3220144611361,0.21223710149282216,0.002440352125814366
57761,-6.285738518407145,-12.81081286146555,3.469750839112569,0.9048193806181535,312.4112481716582,0.21678251990595143,0.0024403750977374287
57762,-7.133718998607623,-11.517934526844885,3.1110687170329947,1.012001654659702,278.647298241262,1.3772968923731428,0.0024407287931326473
57763,-2.7799335378588763,-11.424744904206753,4.443002040998657,0.6674673589054637,467.98195927222685,0.4643485942956671,0.002441456295310238
57764,-9.081088798563348,-5.492516001935021,4.298111962811464,1.065205668457397,466.24463963984556,0.7014489233865131,0.002441492271294996
57765,-3.515570414850261,-12.253270465934445,3.469939418742627,1.0092228952504139,219.34139360319378,0.02338895912670136,0.0024418637279730645
57766,-2.7036684606840877,-7.595019783969964,1.567509188139118,1.902769475885342,465.1144739915174,0.6273651220007093,0.002442173814377191
57767,-7.4605424354826955,-9.25333870239528,4.164217330042507,2.42089577310376,445.09957162242773,1.2900154576945146,0.0024426534916295755
57768,-2.255317216102929,-9.926841943882167,1.4092453115903838,1.2675401388662586,260.6819650914425,0.044706159251071576,0.0024428373373757903
57769,-6.550011189537628,-11.860795391302677,3.5100434394447957,4.42636784221526,587.1604304466945,0.4786825329810478,0.00244287578581434
57770,-5.043796861912513,-6.697990262614356,4.309001592195571,1.6689798626692878,392.6932941118458,0.4677556547507562,0.0024432279099382732
57771,-7.549599449423587,-9.531177922636834,3.698211939026036,1.793686841665039,367.2140521039819,0.7298266963129612,0.00244325855268977
57772,-7.659730199186179,-9.002082692039098,4.147000803562261,1.508767666063101,334.15305566043975,0.6096920488315343,0.002443523101087238
57773,-8.662182216391685,-8.593859593698076,0.9425871754198706,1.8836338574666822,466.303706638376,0.1603584243203766,0.002443895375835786
57774,-5.849791900125588,-11.507848351198795,3.685324377398616,1.5341867560044242,332.4694670254692,0.8309742864914877,0.0024439193711345776
57775,-4.44594368241325,-9.533808106858976,4.720423970925121,0.5117549619534808,129.4693147741417,0.5476686560649915,0.0024441141415646487
57776,-7.038588784497472,-9.746920945317305,4.183187582635359,1.639764973828828,379.2867480134159,0.19318943092218532,0.0024446488129846087
57777,-2.935103790232918,-12.014819245603128,3.908019793631734,1.2543987513654806,312.8966051367092,0.24916312388999629,0.002444669040108562
57778,-6.192932726266166,-5.573962580528525,2.162816612419228,1.259338709920361,315.93141533456844,1.573272723344136,0.002444686164657827
57779,-5.830797737893568,-6.305801158382538,2.17537485697202,0.5147179481676171,134.3031916177371,1.043465746748093,0.0024448018618111406
57780,-6.150893038489469,-11.22826550886374,3.7508225379828013,1.0818947453328023,286.02851641517753,1.3180645969539153,0.0024449577525147096
57781,-9.118769118920845,-5.327133182019059,4.200624538506793,1.2687079661114653,315.1408865570849,0.4444356248984498,0.0024454634799050785
57782,-3.209695275270211,-10.467133056122467,4.046766944295323,0.7074734245068233,195.6106510336883,1.0356788920805728,0.0024455063693120268
57783,-3.19829578169675,-10.637195459777278,3.9688702671845353,0.7497955259288183,158.9665246446775,0.09509902627518141,0.002445593427646844
57784,-7.841674917495727,-8.821504954509546,4.052544085832747,1.7635655417121205,467.15251140523804,0.5259486907476356,0.0024461072825489203
57785,-4.421322298713077,-6.917182815599832,2.2305005508300453,1.1616872018040911,297.682486815385,1.587584120149983,0.0024461104240388596
57786,-7.6901465395781905,-11.29998550235804,1.0115111062794255,1.7245919171300246,408.4460652315453,0.8664995938594418,0.0024461680065615827
57787,-3.6034302943574392,-7.513591986053565,0.8865032404967849,0.8328412917836546,232.87953732415792,0.25183731862668335,0.0024475468423498657
57788,-6.1998543409850715,-10.725990045237154,3.936938118888758,1.019730510761601,355.9455069379773,0.047314005333601195,0.002447718025215819
57789,-5.792347742294721,-7.094416127687099,0.7790394276215512,1.055592174259711,467.51438483049986,0.3086952931192579,0.0024479013881783906
57790,-6.33090528345056,-9.34616454787642,4.938581464391637,1.888396052290285,469.4437452613076,0.004813092203507452,0.0024482940430425723
57791,-3.369711693382013,-7.339375514705635,1.1878301000705827,1.0178484794229927,271.0065460413697,1.1069869745591046,0.00244885739821019
57792,-3.4415024274351396,-8.195012180544486,0.0985978760161269,1.1889857062332703,209.7299885471009,0.069565658134362,0.002449362478344931
57793,-6.126802938377619,-10.9876368467422,3.834940467476783,0.823396163402951,469.7056204647632,0.12895179047262406,0.002449549905120268
57794,-6.538914118846818,-5.95786759029602,0.5589784014129556,0.8299436568036361,243.0359344164716,0.48613512245740864,0.0024495869713392006
57795,-7.2538589938180245,-8.984911463292974,4.761020598309967,3.76895257585815,448.0021398443615,0.08377869652823655,0.0024503506814876914
57796,-4.74959474080444,-6.773724286319436,4.353040765887945,0.7046047976849954,467.92355197256785,0.36215680480882284,0.002450790537138471
57797,-5.72663629027465,-6.268510659333457,3.143340692142583,1.0009344696162217,468.55683138843773,0.042312284699197455,0.0024508402496870906
57798,-3.2180784511162788,-12.181285648733649,3.5099998265368266,1.584542432567072,469.61688357315376,0.1441545278999179,0.0024508595606085445
57799,-4.618586477897902,-12.680127241269483,3.4526301061982676,1.7663570775733697,468.0753221631067,0.7947320700162104,0.0024513030008264675
57800,-5.812849721584705,-6.169707790825966,3.1926425469206867,1.8182259854827603,435.1047649477371,0.6683964301998904,0.002451331122003094
57801,-2.570394898487808,-11.781755340296355,4.910321257853213,0.9065668709749767,233.24963198659944,1.0220981602621553,0.002451486734531944
57802,-3.7938887074823127,-8.273031387552436,0.012701906423379952,1.6390059017563046,382.19861751541305,0.23382618830377222,0.0024518427555048545
57803,-8.959342094199673,-7.633938288975508,0.846359619113169,1.2508054715729153,467.9845167386005,0.6126271340881617,0.0024518811204326373
57804,-9.34512124829323,-7.161879151249462,2.279371302746447,3.7843696096787025,545.7454987273737,0.5364002545983455,0.002452249825150617
57805,-3.327713311458779,-9.107572491051146,5.135478607756119,1.0505118670491624,275.28183130572927,1.075235755948035,0.002453101703609002
57806,-5.374656205697733,-6.718092507754018,4.879455836948185,2.3405042102414964,437.89698504080957,1.3927490425179423,0.002453373081988249
57807,-6.277517120298384,-5.02139071793636,2.7592447944748915,1.8463437267315428,468.576992045086,0.8776483798178534,0.002453593117933535
57808,-2.7510073290834214,-8.680416926760497,0.00033875097989180265,0.9547781992940239,255.6419846317498,1.6048517153243473,0.0024540514018622367
57809,-7.579218355374343,-11.336000198601127,1.9846846801532931,1.2300551281028114,303.1700581229601,1.4559806840671063,0.002454570398951828
57810,-7.23137838257537,-11.964519271332607,2.841402823412033,0.8213266785565275,216.66392939969035,0.9918835452739625,0.002454792879668071
57811,-6.13207661356379,-6.532483334313969,0.9984289305033855,1.392572851394693,313.35645858241537,0.1750832274943619,0.0024550865862421113
57812,-5.595995108822463,-12.323317870028477,3.531786621131509,0.48237525223774863,135.35526628908332,0.5027963608362134,0.0024551815153584194
57813,-6.234939737258593,-5.354599196738348,3.4380222017706936,2.580727653998794,463.24030916485856,1.686145574326157,0.0024553431942920066
57814,-2.7678909780671823,-12.24483444290658,4.311889264729922,1.8388436237749557,441.245490015264,0.5754777511292675,0.002455594200772001
57815,-3.1570016991409027,-11.069713816013246,3.8153633586868945,1.8129630222338948,468.08903431423545,0.7246381543152944,0.0024561223013759913
57816,-8.017441097442703,-10.195830555953428,0.7986960766148058,0.9541926477884304,197.75566550180042,0.03274154043985611,0.0024564593511503525
57817,-4.777436439030262,-7.384698927413256,0.938727819760928,1.4569744089199188,470.4945090709646,0.18648928791157804,0.00245647844734598
57818,-5.825231939718582,-12.825034698580161,3.4931437008559962,7.237737907620733,376.5729434232233,0.18121373188819057,0.002457116951514433
57819,-2.578306226836613,-11.666797588490592,4.908269245457055,1.0110176752925137,265.3935719932127,0.21882519221557217,0.0024573066275702634
57820,-4.837675137069772,-10.30597292793836,4.133394217649625,0.6031950900212967,159.81282496629458,0.9561919307471456,0.0024573454223907696
57821,-4.051266538309687,-7.886829302089724,0.3868718514010661,1.6503025888491885,381.2937233938543,0.18312158462829942,0.0024577352168577687
57822,-4.062216910122212,-7.807387289036385,0.4809858650149577,1.2391267179774597,306.361634842515,1.8138061290724687,0.0024581900000890697
57823,-6.245492352828374,-5.166517126232756,2.831088138935062,1.285499103236014,316.8971078887934,0.5651855938689057,0.002458213252005844
57824,-6.212849027751842,-6.1328957601323575,1.4226375783011558,1.2157684654851102,299.7352530889373,0.6755382772697525,0.0024588456937515105
57825,-3.3337074838763625,-12.249159837445287,3.4691879052917027,1.42413309003932,318.4997986873554,0.5127935866602344,0.0024591234172536857
57826,-9.296004754868846,-7.222594462621347,2.9240969820289444,0.8867657807730872,185.58809124163758,0.1475651092300856,0.002459685005940351
57827,-3.8400297114961948,-9.86242395332211,4.413506879363736,2.532937057263706,282.0724732872993,0.10819430526938145,0.0024600417350228057
57828,-8.495630962964768,-8.079340175248516,3.799290127023552,2.4159235723075634,449.26827483131495,2.127692637425384,0.0024601803328166
57829,-3.223230993787743,-9.815734126506563,4.487064040556037,1.8431909759574348,441.8200816232102,0.19591749851180928,0.0024606465779289963
57830,-2.9766350899008565,-10.44220100680449,4.36264157491044,2.4438777118571786,448.6967828368231,1.4547094105415628,0.0024608119701971395
57831,-2.469709361040369,-8.647692348238584,0.9159796471983405,1.0183718434631812,290.55259594388923,1.1288706279387046,0.0024609095005941337
57832,-4.594362358625789,-12.044958092264618,3.5206295723788754,1.7851237820529753,372.16139596009816,0.8466374971145472,0.0024611169412057515
57833,-3.6315469217675176,-6.845709840147812,4.044983749798175,1.4986765872045176,335.71659567046765,0.7306180000212903,0.0024616574319897082
57834,-6.022773945726904,-6.1064066783575175,4.281685629920245,1.7149727947171816,403.3598505734075,0.4132167678039247,0.0024616677072822144
57835,-8.960697581004908,-7.978061237646794,1.7013551968584433,0.9061773045671004,257.28536263750055,1.207631798836431,0.0024623589093928596
57836,-5.8549216730856655,-6.259429026619211,2.249185462581602,0.7631859167654292,466.5671156753945,0.5235300610299074,0.0024627864178360243
57837,-2.8319476663732726,-7.571381288129299,0.9016126179275141,0.9798286455874204,266.0883463430244,0.4824719787911764,0.0024628738295070893
57838,-5.408306870056562,-6.505159539732793,3.50349713807087,1.756576269259968,417.3129365398669,0.8942254045190898,0.002463736169255879
57839,-3.502539838147336,-6.84258261954176,3.2020201579776275,1.4988756935210619,356.5774062357845,0.44563214729872147,0.002463887138387902
57840,-2.2869894910105053,-9.622287320534783,1.5331821251634958,1.9452673971179872,380.0537070061097,0.6170289802814422,0.002464055711736381
57841,-7.459520867540329,-12.50785313802859,1.8623930886672164,1.34586578046371,322.937826787371,0.3683491317221508,0.002464144450158329
57842,-5.626429858793903,-6.506781841878659,2.1715485740599756,1.0409782703169943,275.422329739912,0.6341208187627956,0.002464368240760915
57843,-2.6209011094980124,-8.643389873386782,4.948377241604154,1.0045124802096543,288.1608550517146,0.6227256121377156,0.0024651268234551107
57844,-5.227257280795343,-6.84699678403052,5.1448623365253825,1.3973588398955885,468.85491784588845,0.26548495605872713,0.0024652318088984465
57845,-7.52844760751899,-12.299428851158263,1.0520821039558055,1.4699033265839305,330.48937007651926,0.8142091181770521,0.002465233691822554
57846,-7.301050642693377,-12.687891933410015,2.561083299583225,0.5007258451108776,142.13713874610065,0.07638322834395961,0.0024660050391306985
57847,-5.2209457489156765,-11.572554518842042,3.641987261169868,1.334330724908116,468.8384028835299,0.261004548498188,0.002466230165338636
57848,-5.350695217587006,-11.543354204394399,3.6547857155308936,1.856601074363266,445.403754731425,0.11664591027614613,0.002466423416723914
57849,-6.016537751100419,-6.03846171744174,3.947450807751787,1.7707205627359324,421.0076027692961,0.9173059319096843,0.002467046218876788
57850,-3.7813121073448297,-7.265983523070276,1.4380006094375954,1.0194981001494334,279.0846159639515,0.9471837894917448,0.0024671734440000603
57851,-7.460817435613626,-11.886640906872255,1.2190920677359744,1.3839069286798955,308.1948518909327,0.9058897598753672,0.002467315714423439
57852,-8.783492807002446,-8.31554147558655,1.0074446057251887,1.6295493484868209,467.23005313755556,0.19020788537249178,0.002467316690830473
57853,-8.424957553189216,-7.553472851925498,4.781607655989647,1.0333124979590929,281.01153869587637,1.2046625185138966,0.002468055931728994
57854,-4.968054396172046,-12.531020893068117,3.4812898406063684,1.5171322224668076,342.1738052557285,1.234579781280936,0.002468462245003577
57855,-5.694587722651211,-6.525094342436695,4.73127804788196,1.225234479916956,311.394735124862,0.521974904065984,0.002468949159504042
57856,-4.715782315854651,-7.463860667047597,0.8377480036090533,1.681360832861103,468.4740472076798,0.3631240260132875,0.00246897805415489
57857,-4.357559556556186,-9.42970576091927,4.817647240959637,1.7605107231657382,417.49227473802154,0.07430689991133566,0.0024701744807865754
57858,-5.14237762444793,-10.7944781997288,3.888694049744626,0.8323702389267364,217.66926903337526,1.103847999924458,0.0024715295262192206
57859,-9.400107650289533,-5.014025270190271,3.4034491221604886,1.5681231795413617,469.6548820785305,0.06686199666409554,0.0024719357207698364
57860,-7.3026461304241534,-10.644803103934564,3.206558365600932,1.1095077666537043,390.7596346073318,0.76079781203872,0.0024719459705688633
57861,-9.189932714500442,-6.339338554210332,4.054457575853429,0.8524614323812102,227.522255980054,0.8809823586233767,0.0024724257756205325
57862,-5.625625981489929,-7.408400300496998,0.5503061391971356,0.806474696627989,196.18734216934422,1.2812174133911016,0.0024739304767416167
57863,-5.3267026311947525,-7.229676108139963,0.9436040905855118,1.200795125664642,267.0840313525035,0.02180743947439101,0.0024740006001647287
57864,-6.055011131652782,-12.430106724758895,3.5180366742607765,1.009937030696685,467.2444880443333,0.9291336573598663,0.0024745090406295142
57865,-9.488269124956142,-5.378514455922988,3.0172707063604363,1.0309621743793116,217.7139182574601,0.0057630351508670685,0.00247463083444359
57866,-3.273568149514797,-7.780174570119187,0.5705293328110984,1.0879460311624245,222.58661604072165,0.004366235560783416,0.0024757089361305347
57867,-5.671772115389566,-6.374203726535507,2.5302320751905274,2.23105942506397,425.1554489735174,1.2030477798681032,0.00247699087906037
57868,-6.7598322737328065,-12.639207637976368,3.289381438399316,1.1148829702911405,466.80383885136143,0.6463677246246844,0.0024779670042642415
57869,-2.8149135114641144,-7.449494892457542,3.8582353570591787,1.076684756928489,468.1183948424472,0.8769210092756481,0.002478830018429242
57870,-6.376181912196102,-5.44856417315412,1.6465210446327077,0.9816644463617274,470.2028987979963,0.09121414602401234,0.002479032278546017
57871,-8.987275405516316,-6.532661969572724,0.654318634348498,0.4669121571164496,127.12429786297785,0.1416436284275031,0.002479093027392559
57872,-4.345990053653296,-7.006422364398439,5.112765744497431,0.8348770254044116,241.93200608598812,0.34489667454637196,0.00247914859678946
57873,-2.597339385878951,-12.517236970635778,4.782327297224865,1.47289787038387,344.1941001945832,0.4906052190680388,0.0024796363484901373
57874,-4.506378488462631,-10.354732804260223,4.087791281807963,1.5575542787417995,357.42200103154676,0.21524332789145006,0.002479705740067162
57875,-6.4460506787808844,-6.227140504164397,0.5803583667664742,1.6770859922560746,469.2951072849022,0.6288046691097113,0.0024797510625591823
57876,-6.088654656073008,-7.268778043776618,0.368737130033926,1.5357078481173443,348.9642896543164,0.40618836935974656,0.002479751197313647
57877,-6.535986565862924,-6.5046502859336215,0.26981337013091683,0.9867046972794836,467.9756275476676,0.49093268959972125,0.002480015659174487
57878,-4.378570015866493,-7.944370297073631,0.308213309261923,1.7569669983111849,414.65276843891314,0.4252127723776802,0.0024804688423183956
57879,-3.43703349366998,-10.57276617053427,3.9415807616093836,1.6318616760833153,340.3197829505846,0.69878878810123,0.0024808637344616133
57880,-9.37823240897792,-6.309230131743266,1.8709808407759427,2.2165257942330197,427.8969458245316,1.7273103554476172,0.0024809043240325997
57881,-6.101228040792233,-10.71618588381016,3.9455158242416712,3.4026818808500603,420.0460471762658,0.040382746470633,0.0024814203854934625
57882,-8.005799523225114,-9.20992861539752,3.0514902859826503,0.6449105752898818,192.78768275623472,0.641901444864291,0.0024816668782146074
57883,-3.798517589881003,-7.409992948956245,1.0794499975219107,1.16387742253447,453.2025992634063,0.3301411481204255,0.0024817351703496924
57884,-6.46905371956253,-5.1008688293416045,1.3904067799708448,0.8500167326447715,287.76849396644735,0.29945765665569457,0.002481825839079322
57885,-4.542646914502388,-11.035876295382778,3.7668221347322097,1.793833547516186,426.3864806296224,0.33132100581359225,0.0024819324172235375
57886,-3.473333438040682,-12.871448994013582,3.3991749096029427,1.1632582342627593,467.2316474085879,0.45733870600915694,0.002482389663290734
57887,-5.331697806376246,-6.943492745256199,1.5975531392793751,1.5799917406112856,349.3272910490894,1.269781760755138,0.002483006101566944
57888,-2.9400494798558885,-8.48116904577605,0.06843940274284796,9.892637585334993,638.6923733630939,0.06208153810434336,0.0024832010916685434
57889,-2.5254267038147358,-8.875333771386087,3.8968804762419635,0.7273747500784999,206.11702600085823,0.7595248022516525,0.0024832183576937636
57890,-6.442690955788817,-6.921862084661739,0.1832834536373119,1.6569740579730712,470.0906444816646,0.22969954546620652,0.0024840215396411854
57891,-4.1521845755436235,-12.969498327809484,3.403479165320386,0.686880843632234,139.25281703345772,0.5596273950254043,0.0024847723042201925
57892,-6.115341115260979,-5.843143897214696,2.175913066742401,1.506983371098391,300.6981231209853,0.3601411230393756,0.00248480310609697
57893,-7.0086669701777975,-9.002835009472237,4.9802301668995685,0.9697210795397158,266.16338220846035,1.6760525413997653,0.002484882290918796
57894,-4.202696744159597,-8.22842744900618,0.052613539627093565,1.7382558045735075,416.3760317738305,0.1788423978729563,0.002484908213218931
57895,-7.517047856920913,-11.480620109758378,0.33493405797614706,2.4803216368627137,453.21839259877424,1.590516516707451,0.002485454767612065
57896,-9.229970274047746,-5.146552734083006,1.3312487947926768,1.0308593020983112,279.3207214327244,1.540659987870769,0.0024857991307240123
57897,-4.694351464108304,-6.809180822085181,4.471620459032001,1.3080802679685852,468.52384977023826,0.26151412807208807,0.002485806929453992
57898,-6.436009467761172,-12.130758297803128,3.495049065080757,1.384543524267643,470.08483114871825,0.0032792445834735062,0.002485830526548603
57899,-4.819006849895143,-7.117065082046734,1.5468813134135573,4.108536175822777,572.4768172484083,0.7260408785731265,0.0024862607818424347
57900,-2.6001140230931004,-8.015933240779837,0.847804531268913,0.8267325095288837,191.32787772500956,0.2500161811645052,0.00248639248600427
57901,-2.9016560032013663,-10.24244391390705,4.644151525699916,1.1002324666774812,468.0250443154159,0.37925874049988817,0.002486455173503165
57902,-5.846969753748043,-10.895853320908047,3.8702626586263693,1.38512506503944,412.1584537130015,0.5160010649155513,0.0024864621036253453
57903,-8.34875426710177,-9.176479246801275,1.3997437825449255,0.9544650825877833,267.7617088110044,1.2441782578180423,0.002486576130758534
57904,-6.652787597987862,-11.599590073982423,3.508579938188058,0.8800262397824189,221.79812830387502,0.3716348028803651,0.00248708716356634
57905,-3.820496938334733,-7.268018261971297,1.4370752814630678,1.0715549317151587,280.01352692818176,1.7125048054585355,0.002487330783326913
57906,-7.280216454952677,-12.87357906381282,2.5794884569784386,1.2246138914684646,269.23190212181674,0.039217982537933516,0.002487385661069976
57907,-2.335102304004031,-12.877617554682974,2.644796578021901,1.9306296317473504,363.4994177064761,0.4175761617087099,0.002487573913334273
57908,-8.79351945236782,-7.959742412731957,3.172177244199472,0.9145369652637112,245.40522845066496,0.5428210280876256,0.002487911407814297
57909,-2.843891148668024,-7.465153129598637,1.094080523421456,1.8257356717139033,467.6217418349706,0.06011753356214111,0.0024879795059895697
57910,-7.188220642994339,-10.263535891792909,3.6067107230316537,1.06897643469376,223.3426506301416,0.8241278258505291,0.0024881311316824195
57911,-4.195041388622781,-7.283610377743207,1.3422631184081066,1.1338028766549038,468.3661377205869,0.5234904864484298,0.002488325089560279
57912,-9.449014728902661,-6.699539553959067,2.943859789857001,1.145512024786968,294.4378842005094,0.555592990091557,0.002488372222836385
57913,-7.714012716232874,-9.732122604436023,3.115600845282571,1.092281806949331,239.78104226219094,0.046304150387610044,0.002488551575411466
57914,-6.297065551300104,-5.144892121130239,3.3402519484004203,1.4441011438178832,318.64008067910913,0.09287091080258314,0.002488614932035062
57915,-2.872267404395129,-7.383232344148918,1.7602464351901685,0.7727902291240459,180.4364490879354,0.15928027011353496,0.0024893213048514822
57916,-7.98302224757676,-9.931651880625386,1.7068049219134342,0.6849691479488973,137.65672788067582,0.4596522003767305,0.0024893546929343094
57917,-3.409572966450636,-11.106077221878149,3.7149657631218527,0.9791440004608114,263.9474649072496,0.5303213101757356,0.002489587358949391
57918,-6.638392035202757,-10.033422283135803,4.221317495808839,0.8156512953903918,203.3905846413713,0.19912047498579266,0.0024899148297718374
57919,-4.565313570524541,-12.759540449239552,3.4286640606850933,1.7324275818187322,372.69093603903815,1.8045265033542428,0.002490058130913729
57920,-2.7339614184488674,-12.063376285849913,4.425989439026636,1.7150960455201787,467.80713158713405,0.7554058537483543,0.0024912972076505716
57921,-2.505881581339678,-8.55002127068201,0.7486480868593672,0.8530137659627677,206.8559553941033,0.7178425418970047,0.0024919298808661087
57922,-3.1884100589931386,-7.245182475563048,1.5881856337116231,1.125157844085459,467.4411171622888,0.5466600093483143,0.002492424971987994
57923,-7.815302014191126,-8.93087588823101,3.9356043793629456,1.8572167546871317,468.1636382355006,0.3994289056626412,0.0024933388418804025
57924,-5.9660416484848735,-10.951592887850186,3.849672607633432,3.093591667794737,488.1521834873754,0.356398171027867,0.00249358659291631
57925,-6.374007245192099,-6.712585784517863,0.42354444956883075,0.774648180635365,199.81075075837845,0.656420013465012,0.002494672922759448
57926,-3.0440435456800286,-7.13670495283933,4.427921741888232,1.6020725627633152,350.25500456955075,1.1466867079004368,0.002495324275086854
57927,-4.359831555956786,-9.994373050301425,4.323652262304289,1.559714568134349,359.53609094520385,0.05521641808573374,0.0024959938685173415
57928,-6.406366548646266,-10.030817595582306,4.3030388532601895,1.2999844952640027,294.2256010366017,0.17225204801115712,0.0024960337721733655
57929,-5.62073860119006,-11.976080964145915,3.5753836493394036,1.265525110169972,311.6658070029732,1.3320441270471663,0.002496122998726803
57930,-6.539978938980875,-9.279048956418777,4.94393747452053,0.7375404605284732,214.35950646687567,0.8137505174926583,0.0024962747048028534
57931,-7.668437891553555,-10.887324283086622,1.623933509283661,0.9116627104582333,177.52061224388459,0.06383328816979361,0.0024963974801194325
57932,-7.439881209946339,-12.74986686503808,1.91780481875727,1.4785649868210022,337.3328460201463,0.15130357016933882,0.0024965320907248557
57933,-5.98600800652645,-5.980290787703426,2.6112472691349793,2.7207526032559213,475.4343468235355,1.539806909835721,0.002497232547969858
57934,-2.9951580659676154,-7.649979613030007,0.7766767586404834,0.5068826850813875,137.8516898569021,0.10616664360077177,0.0024972515707805125
57935,-6.152902761310793,-12.29525876956303,3.5242120369111363,1.8127913708358867,434.5134659579729,0.9071626771912937,0.002497464104553134
57936,-7.338845584498201,-11.316192995256126,2.809553238674,0.9312657133830369,468.3069465338919,0.8595894672178774,0.002497481752402415
57937,-7.950231985703688,-9.766227909172613,2.3008970291197186,2.3097736945602128,439.46902175099746,2.3528320910284775,0.0024977953897454427
57938,-9.508853792533527,-5.403267762551691,2.4968125989646106,1.126481420433518,467.2339801348739,0.0845754226697153,0.002498162093758836
57939,-5.500076398528552,-6.437974460149886,3.442947870638436,1.3280934311734935,321.65489871269807,0.5832728609653719,0.00249852922719456
57940,-5.9087418660501605,-6.101726399759036,3.0712958346326036,8.528996121415664,368.97966902748004,0.20415529829934886,0.0024985603477710294
57941,-6.055841926857786,-6.6806613253004805,0.9484891624441927,1.8304191947971444,468.60708586355514,0.6333665023638204,0.0024986313341647938
57942,-7.645214853873945,-11.51729451706665,0.47181013529008314,1.8357426754224002,468.5254753790104,0.8542488123061345,0.0024995005990778034
57943,-6.571602976662955,-11.08545171379823,3.6917629695955423,1.7782151558092012,467.64013606492017,0.5759670182633565,0.002499539082870257
57944,-3.126379145377637,-6.997296226493107,2.509862872039949,0.6581831482751784,166.00809165627763,1.0827745188666942,0.002499571780517765
57945,-8.722133301758038,-8.459320666814465,1.0035982883986678,1.0767434771459559,467.6423084153968,0.5679413266811464,0.0024998877421949835
57946,-7.717962632688277,-10.699126683348696,1.9026444165730376,1.4216260896319042,324.5025117804065,0.37736752932269635,0.002500680824433048
57947,-7.0878844381601525,-11.4895369096289,3.1658262409553077,1.515167761142846,341.04641306657965,0.23896881763023003,0.0025009299436523696
57948,-7.010969344070306,-12.671288837908788,3.0525514424755755,1.3763543224955153,327.71367097094566,0.3407174466432812,0.002501149325914186
57949,-6.344871190461509,-5.689630258200993,1.4682127692658473,1.9242560064467202,394.7156153127554,1.6478609513784184,0.0025012721692522586
57950,-3.009755689650534,-11.77524548523632,3.7835647780851,3.146854744505756,511.7452587071445,1.633967876533915,0.0025014153589303944
57951,-7.229958721065824,-12.436245070427518,2.741563339173663,1.0196973364005437,279.61802983075063,1.340479698307803,0.00250216272685018
57952,-6.168726423111553,-5.6204299569866345,2.317215301310939,2.8067857657751354,474.38821047061913,0.7791237600052403,0.0025022669342778937
57953,-7.223975091444589,-10.72250545686387,0.21835674377530623,1.9686292783467363,399.19683679591895,1.4943527961127723,0.002503635102471958
57954,-4.941932246957789,-12.639902021004076,3.4540541810715966,0.9277721133115158,468.53811817516726,0.9400593057216557,0.0025039882047861207
57955,-2.2084519928557658,-11.379713473164877,1.051155706922121,1.9172757395074365,394.14965116670595,1.6453931275086147,0.002504271545140564
57956,-5.4290585151653294,-10.507047055190814,4.039678338281336,1.0601127794101692,238.12810726894122,0.34809721544836236,0.0025048300405565954
57957,-6.69582242541142,-9.51008975621624,4.640066500891629,1.3232859016404743,325.4896318820489,1.3866178803863418,0.0025056240536532074
57958,-6.26934250101197,-6.139724754241959,5.086412396813394,0.8632828038982062,469.15455142500747,0.004614737021364057,0.0025060646567845652
57959,-4.318269372335125,-6.776005944469418,3.3011835170597843,1.156050125790745,190.92677202357135,0.13879257060847383,0.002506119122396155
57960,-7.555592666923513,-11.207161950220403,1.4150131196801945,1.280103232461049,317.12491714719897,0.47445116349037075,0.0025062607931174217
57961,-6.46351887027203,-5.2523802023455675,4.552695553969745,2.6340575642879926,469.50387649668585,2.019983771681922,0.002506366290799821
57962,-6.568470360294814,-5.438294787219798,5.0454329422406845,1.051578629345236,274.81967906822314,1.7727691387301743,0.0025064028796513917
57963,-9.51054106091521,-5.701493227543076,2.7392677644668773,0.9325769829395185,244.35523085368845,0.9007003476666942,0.0025064254448438268
57964,-8.80744246702237,-7.168691900465827,4.447470098414055,1.116820717113059,295.3760712335888,0.6444914471923289,0.002506450284983377
57965,-3.8754138483274563,-12.957107510497579,3.394563999448626,0.927604293667255,250.18591278701743,1.341536548191864,0.0025066031554698926
57966,-6.692978566741583,-5.101635148680661,5.126172252145804,0.9174207111576913,145.2129309865521,0.2284940615171065,0.0025067400680917167
57967,-7.074491334878933,-12.882362762048245,0.2209440050445002,1.8263898233565303,382.1459870692381,1.532112630472663,0.0025069366824049407
57968,-8.865377078816135,-6.926784831283482,4.533438268198465,0.5917576197476914,124.78889111795884,0.053219671674686,0.0025074366763760576
57969,-5.605180509320639,-6.374422017144669,3.4715243752005533,1.068208375710948,468.05665379077067,0.7060777472663409,0.002507458234972889
57970,-3.6074599628526087,-6.82183313619361,3.510995062075613,1.1990301473473028,306.47888778083166,1.4749539540240635,0.0025078730770539616
57971,-6.290474556509711,-7.234610342803236,0.21359562426869563,1.1575117116570133,297.9532818036888,0.46965394495415413,0.0025093130040391553
57972,-2.523626453790266,-11.628444718876615,4.878434271360756,1.2654772474094653,311.31910211315886,0.9823127051734009,0.0025094422708951433
57973,-5.109330645783104,-7.695581558781895,0.4698720258243419,0.7332275626734521,157.34386414310205,0.8851236305429584,0.002509569183224252
57974,-6.562933380116513,-9.215889315892529,5.00192782504108,0.8692383924022348,467.535773418105,0.6508914244611725,0.002509715387695171
57975,-5.0126180355959455,-10.344408716596076,4.107968299516727,0.8252085932783373,226.12272333575032,0.9067224896234185,0.002509823207743029
57976,-6.878086970378298,-10.272397980093533,3.9068830608439993,0.7085746286437726,157.68723676933476,0.3185796700747101,0.0025105956546614757
57977,-9.042687429714004,-7.775590067444318,2.549715112549492,1.0135092121926796,468.4870535445183,0.568949322696839,0.0025106887557175468
57978,-6.591153372452578,-5.835404146412848,0.4563798142983647,0.6998642970070581,193.66926297989497,0.5667044456270789,0.002510838884251059
57979,-3.78797137024244,-6.840124341248115,3.8928206719780896,1.5236720389490424,343.6312223609996,1.5471422352174384,0.0025117340303625864
57980,-7.689716868609839,-9.40111304700137,3.5612626118668205,0.5397107276173124,118.67500887604406,0.9301916681526583,0.002512335444497621
57981,-5.184358328825369,-7.685983762732113,0.4401593621543674,1.3660268269351243,321.14906872394994,1.4030347138370711,0.0025126495376794505
57982,-2.541457591429533,-10.708761005722902,5.083285709759529,1.2026498811184771,263.07736915269487,0.04046168343218248,0.0025132999164214176
57983,-9.450956222819206,-6.757655296433183,2.596041834827344,0.8394414689421041,236.21949138359153,1.2566601914019087,0.00251338331022851
57984,-2.5526659384795423,-8.100197823996528,1.4770181838155976,0.9622202822513134,425.9441519335423,0.1064263473751641,0.0025135765835457282
57985,-6.261455238221601,-5.5835133771078045,4.064813250896669,1.0566563583228816,439.08789611194464,0.7175749571194245,0.0025137030017664476
57986,-6.085465207218281,-6.662564779666156,0.9276317566706732,1.8568094099498134,468.0055722323529,0.3705748138814613,0.002513799994163298
57987,-5.071078169067423,-6.775660153012233,2.3067107101715676,0.6979733883015857,148.1664762627342,0.19822119768828994,0.0025143756086074523
57988,-5.166380670711092,-9.204133209222856,5.081711977374023,1.3946106917715135,323.4484955053244,1.3281483646849033,0.0025145355338344892
57989,-7.460058845942415,-12.120155939195929,2.111313544803382,5.105821681744145,511.3808360875631,0.06276486832066563,0.002514540182799462
57990,-5.022346085612021,-7.143103247321645,1.3871052020036256,1.5210000780355482,339.2991559582277,0.9514099350277823,0.0025145741716048
57991,-3.5646497411061864,-10.623668070428854,3.914505313735633,1.739149535012113,470.0991813365773,0.19468057389707916,0.0025145758271032073
57992,-3.1606291288397106,-7.032067788454179,2.153129404953735,1.283649132795863,306.94078185307376,0.18374064032104442,0.0025153208041638086
57993,-3.358211993176975,-12.374271326842583,3.4391340371108385,2.5142919354356223,443.5889197837009,0.6794633402655661,0.002515523118505654
57994,-3.944117162991753,-11.021268728014181,3.7442677496960775,1.1701298648653347,258.32310923774367,0.5112572432777105,0.002515655707184154
57995,-8.704460704187975,-8.341744889268472,2.3770507755741517,1.3710298685327564,304.26305066243066,0.7356135348604633,0.0025159936059288997
57996,-5.5743424646922515,-7.369238766557407,0.6337471272997569,1.0050160613750965,276.8630533278547,1.455821158765592,0.002516230256301093
57997,-5.553058709725995,-11.375137302504164,3.6968801241975737,1.2572488444722456,278.6185610049396,0.3901127767129502,0.0025163009992223446
57998,-6.31274778595972,-12.496945636208897,0.036627735019902984,1.0423874163715228,468.0258031771669,0.028679665815547928,0.002516465467337172
57999,-4.645710517292246,-8.08438342757255,0.16213923029723518,1.243990486053599,309.0383834468417,0.4781862897329745,0.0025169647359312547
58000,-8.33799492157798,-9.077051263282621,0.6330694678800146,1.7078119388962725,467.98555977210464,0.6274380125995345,0.002517168883476468
58001,-5.768239293007141,-6.8677464224397635,1.1943601950546368,1.1145609018825577,267.67628550389645,0.3583392213833445,0.002517371580366463
58002,-3.004203005172874,-7.155138052682033,2.2540362754635352,1.891550768426499,371.5026047554984,0.23464116255062795,0.0025179215329825017
58003,-8.942023464226029,-7.779852501920113,3.0734019114909814,1.4384182839799897,328.7252291316423,0.5572645023314253,0.002518263754031086
58004,-7.5045636346396645,-11.854561429503022,1.7554101571692275,1.8202083057485425,434.56176257949386,0.09224508043495572,0.002518426613346983
58005,-5.829195327344046,-11.53632750562288,3.6648634061937218,1.1867766428340754,466.9745222736105,0.19172473003883805,0.002518929425054781
58006,-6.439666682311078,-5.456945940864311,0.9900599860101112,1.5249723049538857,345.7445527047893,0.07664177898105073,0.0025190050472904154
58007,-7.673362415025339,-8.722547506804833,4.488871141984604,1.8787572681922071,467.5694662703657,0.5877955316220804,0.002519792458516492
58008,-7.392619742524662,-12.280705508720375,1.5546684958521197,1.5577432726921612,468.6176531425982,0.4625984644407586,0.0025202637926029967
58009,-5.324885605315083,-12.026382302271552,3.5500673538613294,1.651587812621062,388.668654076162,0.5516203724467195,0.0025217485411419857
58010,-6.26232102910602,-5.430947633230069,3.79331335420584,3.8122438191659676,245.4795782708613,0.3124785376041759,0.0025223054538456944
58011,-2.4792121256949713,-11.587530023694383,4.626597233398074,1.5192908521655517,401.70337012899273,0.09946208681112534,0.002523570365319228
58012,-4.262074783252513,-6.802192686574836,3.0506998625345085,2.58559550991686,465.05832214794344,1.9756705059205544,0.0025237714332316343
58013,-4.821723906134046,-12.254608593989037,3.485660206238983,1.664422840626546,468.6154763500552,0.3326547332460077,0.0025238304607257743
58014,-4.13076000443497,-11.498774977230173,3.5996504643424223,0.9880014157581005,274.0263707929381,1.4584006423655653,0.002524288295813971
58015,-7.679514975709344,-11.823661589463757,0.6158400640989261,0.9311055513575587,239.1965409866157,0.3076420242918694,0.0025243586792054657
58016,-7.374869411169559,-12.31114487676529,1.5265430810691416,6.704968936716093,319.6609682720379,0.24707397588659763,0.0025245804924018114
58017,-2.5112027468356146,-8.858045205184848,3.7368165098575177,0.6969778280920292,136.52476311945068,0.07675445988765794,0.0025250191529408517
58018,-6.6466228204167255,-11.324065528747855,3.576578023356572,0.786614178666287,469.34587982344965,0.24176255849732886,0.002525229370693709
58019,-4.176840770557927,-6.891528043245889,4.524439360485888,1.6469366185841194,468.3598335734977,0.11003352715295289,0.002525679921008792
58020,-4.44554257683274,-6.860965337674027,4.530252393968322,1.026945637965999,467.9199596618448,0.15525921262359077,0.002525834662215672
58021,-3.9049972712826904,-11.062321083607138,3.7304337065903286,1.01293966968041,266.3136509103054,1.4002676394618403,0.0025266247417645234
58022,-9.457130074466544,-6.679154466393507,2.4121488331324303,1.1572497994542925,381.11932931031265,0.2950600579771434,0.0025273532972834157
58023,-3.643261642421346,-7.856867456902202,0.4426043517737307,1.1161657141342363,466.8772193870896,0.6759267935815005,0.0025273559596512324
58024,-7.025128023053843,-10.209565051088255,3.8180680847932083,1.586690925597744,159.80419298136476,0.3969338099041204,0.002528140859976509
58025,-5.929367768289535,-11.054027145544893,3.8033226966490723,1.6525431365642362,387.35516876787983,0.8828731314396245,0.0025283081527870096
58026,-9.505169557804308,-5.195795605876055,2.563812730383383,1.034879609954089,270.259496151158,1.378690539475783,0.0025289267317003534
58027,-4.129415913543598,-12.312073688006125,3.460030384722973,4.528915468455809,570.1226419285425,0.20268851032958946,0.0025290036823512967
58028,-9.495420516386805,-5.631403415506332,2.934088246212974,0.9823635253568366,468.1047634394173,0.5830554859113164,0.002529491813490416
58029,-9.393495136782292,-6.991840831597588,2.7338146280694615,1.0205415394697992,277.9512043421927,1.3740785809096812,0.002529808779853908
58030,-2.443897345593151,-10.574984001975594,4.03751077013743,0.6005899123769052,135.94501836073786,0.0006134732579301527,0.0025313721961598714
58031,-6.6548428254734775,-5.933270225201369,0.2901006588917713,1.4529853408417204,325.688910308262,0.15477793658977834,0.002532487136768829
58032,-6.31971391691733,-5.975565472767984,1.2827477267498186,1.5740003628794363,468.65975358880405,0.18782241084171591,0.002534955715538256
58033,-6.632053263146265,-5.220237773997433,5.0178667491415805,1.2199031531821531,292.30809766987375,0.3439836370042011,0.002534988145248857
58034,-5.043319662505759,-6.675715155863582,3.881511313156424,0.9123149504889323,258.6658846868828,1.7083061978568699,0.002535845942041523
58035,-4.337563924037708,-6.820364099309689,4.101735296984749,1.0895580980456625,282.98046041459617,1.7669828652240644,0.002536320108915325
58036,-4.579533895276807,-12.880615065924918,3.4127327278866297,1.8765778366356305,386.5137162041659,1.3134098537325007,0.002536505003234065
58037,-3.7944625673454,-6.930317731685246,2.4657969810519638,1.8016172957287615,468.4615409117055,0.2923509496301513,0.0025367348314643467
58038,-2.781607057314038,-12.71044757976226,4.20582547557702,0.875306530812125,225.02192202583373,0.7753433728273844,0.002538153354065565
58039,-6.270438784668526,-5.591364723759368,1.9219791371908226,1.8332723428843374,383.50064427576234,1.5211048599968882,0.0025381888162395515
58040,-5.360347489216611,-12.63807327532244,3.472710417696884,6.328915928164878,613.9159371262508,0.14286983408778298,0.002538389886690422
58041,-2.673177759843533,-7.8411890592189755,0.7278162981079024,1.0158835360485938,265.1009822056619,1.5026449750481161,0.002538838658617974
58042,-3.982536900052449,-11.626290484305967,3.563040971366256,1.0294683445577435,235.31406865295784,0.5399384518938017,0.002539125952271883
58043,-8.952922604765297,-7.235426418053594,4.0348110344975785,2.218776434586998,427.89774671331423,1.7703233080808278,0.00253957071583831
58044,-3.659536509523001,-11.632905766139254,3.5595070147053414,1.213957856366223,302.9656824824984,0.26533521182422337,0.0025402442230454568
58045,-7.824936598891824,-10.35368225055652,1.5558379834544338,1.6999880353215047,468.7200104707356,0.1523693319767112,0.0025405880059489543
58046,-3.2285262688150027,-12.456302154693724,3.451340387147813,1.1294498622696827,286.7141696006,1.3181058488061899,0.0025411728445204223
58047,-3.4088903347463866,-10.695063201491097,3.8669697569862342,0.9898368307725695,195.83153496740837,0.4364885841065087,0.002541983198558469
58048,-2.360054096581359,-11.98666840411078,2.887141423932385,1.2943744733626306,320.46796743412403,0.36389753922928225,0.0025420316784223332
58049,-6.4585929500392165,-11.771983955166814,3.5374207457479576,1.0851017162896528,280.9713183062382,1.8533256514196195,0.0025422134833845184
58050,-6.447131524925913,-5.2276812605041,4.4203305919417755,2.5705527145172704,462.3766594827449,1.6288126301369301,0.002543377386499445
58051,-3.402830263233411,-11.626607928057123,3.553495439189844,1.044477471345347,275.4555083411727,1.337226808080528,0.0025435541504557637
58052,-4.3802977111070405,-10.478967232715636,3.9946450757845886,1.2411922916472802,263.13774875725454,0.08149139791849347,0.002543724864687413
58053,-6.632631650427099,-5.074247742879447,4.916771375505519,1.4944981362361704,335.2840855044676,0.028190073524531734,0.00254404286059511
58054,-5.43860854642136,-6.530659356355067,4.070318495327694,1.159307767999737,467.3340603172337,0.3893472426531579,0.002544478789198239
58055,-3.0188910266748366,-7.562749322963023,0.9119348915432889,0.9260952152281103,416.0988079340739,0.3209637230473792,0.0025451435857269467
58056,-7.6271145747106885,-12.047181780110105,0.5269336128852589,0.7675874785685148,227.17462028893644,1.106765023317136,0.0025452258501208807
58057,-2.3599078555262567,-10.642047728384764,0.464636785509259,0.8592830905165202,466.6495087880619,0.51708978711999,0.0025461818701917305
58058,-4.909240616163794,-7.229782658155024,1.169337440192602,1.160626277234572,249.2993000950206,0.30288924987339083,0.0025467186880652063
58059,-5.924375750377583,-10.735123945489095,3.9307996998620554,1.6596414161472814,386.95917489185524,0.21340172269716007,0.0025470650273472046
58060,-7.422086668326697,-11.318519192190722,2.5936596650208656,0.8700059992485997,212.02691329015312,0.8247524258704155,0.0025473932238045966
58061,-9.489747557907357,-5.506684950216877,2.940022410786992,1.1354174547432039,284.60788953915124,0.17935061963562315,0.00254747201369638
58062,-9.108789684617259,-6.496546626360186,4.198176296760192,0.8657231843569432,467.6632458326718,0.7613076740093989,0.002548607595662405
58063,-3.975240084419264,-10.602434185827082,3.925335235738572,3.027647996088068,502.8715501622951,1.8413209854178154,0.002549360930912783
58064,-6.523934754332294,-6.60325263887957,0.2940053441451804,1.6840055110674266,394.69698302835013,0.6115135660629951,0.0025496213231206485
58065,-5.702960702697077,-12.677450621755362,3.4813357290690474,0.9635142907405012,254.25090793042716,0.619182574999324,0.002549867383687145
58066,-4.230894615067612,-8.176685111757994,0.10340344386629184,0.9447712429313374,247.8445831703349,0.7023765654999687,0.002549954252372699
58067,-7.620396916935887,-8.701192606673228,4.600879442901618,3.914983064387689,243.7523231905129,0.3111032665049889,0.0025503944314188617
58068,-8.802139060168917,-7.239085124677647,4.374225010585541,2.0847664951940468,413.65431055340696,1.707135843047534,0.0025508135196620897
58069,-3.85589958146606,-11.33368900675947,3.6324793739912624,0.8011184999877468,469.30214617672686,0.10231179247962796,0.0025513479841341377
58070,-5.009537017141802,-11.584268746489712,3.6070036980604487,0.49773396842020545,124.18961769856494,0.993658862864625,0.0025515561743388844
58071,-4.661538707516439,-6.785034189871502,2.7520546485926407,1.4775012092640303,335.6010362005976,0.750038594208216,0.002552034406375736
58072,-6.9455393823296205,-12.032070654816613,3.19532079166183,1.2247075579653877,468.6617436194882,0.5599565224215128,0.0025525561468491506
58073,-7.438620605546588,-12.574440863282181,1.7865311705394105,0.545035352487593,112.08803296434915,0.053970896428223725,0.002552859382884186
58074,-6.783943574830668,-10.074600081278543,4.101221112844571,1.8402696482100287,468.3058729925038,0.5643685765222148,0.0025538203260941526
58075,-2.763712595745085,-7.5131498389103815,2.0368864290371294,1.2550737834744587,289.74395001703067,0.2643731225603787,0.002554169043568801
58076,-4.834760961188418,-6.970871267516529,5.1813895858493355,0.5906668426801108,121.56817333200311,0.21383367955878452,0.0025547269031776215
58077,-6.814149715108853,-5.412885719916132,0.01026468523729933,1.812423851862172,432.89003566052884,0.8464011308757398,0.002554865080287743
58078,-6.675355862498785,-5.012004848368098,0.442352330942926,1.0579201035375858,222.22610622467934,0.6014873359062838,0.002555067357826788
58079,-6.028779739961631,-6.471495982193764,1.5540858832712685,0.6573264091114035,467.6013388370825,0.4491611806596474,0.002555533730880614
58080,-8.410500097411003,-8.021859098507047,4.090863367712522,13.153145563579319,513.0088091851776,0.1388052148247061,0.00255634942008345
58081,-4.996442672482813,-11.975726814350331,3.533965085694698,2.4544340925237726,453.1697439563289,2.196519737774932,0.0025565417954796065
58082,-4.640873340642205,-12.545736677506286,3.443967916840008,0.9548011881475141,261.7372198736004,1.746058579613309,0.0025568037193970405
58083,-6.185021099205932,-11.469113478760827,3.6571941433550457,1.273776912716053,294.3660474859788,0.44346923064064825,0.0025572011428025114
58084,-6.876734269111322,-9.194422433117646,4.8503635698739105,1.783720071598017,423.3203537162985,0.25270099497579235,0.0025573619534151795
58085,-3.5753867301557074,-6.887284065267236,2.7425841511319518,1.8115529053386075,380.2303428160992,1.5171016367380572,0.002557502663657429
58086,-2.6307695729306246,-8.310909264639395,4.3539289112876896,0.9259821900463442,468.200707729261,0.17762056680226568,0.0025586697187775236
58087,-3.0960319053918814,-11.928523817849507,3.6226627591441436,0.7506470738280715,467.90934787900574,0.2902866212326307,0.0025586826319402636
58088,-2.642366041466623,-12.898480257345428,4.618340116968202,0.8394015501424918,199.82499988707198,1.1851256053257284,0.0025588748241250295
58089,-6.119714460442017,-11.270137225898651,3.718676521300698,1.0285548516864553,467.3423847281315,0.4397908439462297,0.0025590959698197015
58090,-8.997857930592,-7.452558002634978,0.8613350081899606,1.0889908369632741,284.5860197402916,1.2559505679382914,0.0025592066283717735
58091,-7.345324877162686,-8.097258003964871,0.061427013217044336,0.8958610073773446,469.04250944834746,0.16765208555775235,0.002559507944753971
58092,-5.7549894978623115,-11.110415461016817,3.7775166035339875,0.7940209716063237,467.065533837696,0.2495325608069887,0.0025608907630459534
58093,-9.252479732789986,-7.00269064203393,3.480740562978044,0.8493082099254362,265.41515525304044,0.4566855402949761,0.0025617734318908202
58094,-2.7417625455584957,-7.528744674347289,2.8430376913214483,1.2363814170587737,258.3188811835432,0.7617851501577464,0.002561780392338081
58095,-7.5267359874263295,-8.675947251603844,0.16598780929498283,2.5673041508770544,464.4424831807901,2.477209977984523,0.002561806123452694
58096,-3.3652943552632406,-12.297026903815668,3.437524121481984,1.126130082698434,291.9584322847443,0.7095838742722274,0.0025618973965763326
58097,-7.730073944598021,-9.64300157073788,3.1674854931448473,1.2920846448052687,310.186137936041,0.5546020142935779,0.0025626603781387165
58098,-5.017207642340566,-10.395107929077543,4.068776980480078,2.1638825354537534,402.4401656559181,0.3878902059951317,0.002562918643284709
58099,-5.976864098910118,-6.332892322890041,1.8603502339608207,0.666111885638697,132.06319027846993,0.1570329778366757,0.0025630861319807605
58100,-6.184412800141003,-5.590551480066781,3.1540241313237036,0.7190516236967434,151.57960116071425,0.05111970347841055,0.0025631896131792942
58101,-4.685987598386036,-6.968152437830863,5.0890474388476035,1.795318460510401,469.34332139297226,0.08385856486595245,0.002563844052951659
58102,-4.588412383289217,-6.8669561346501755,2.406696373785665,0.6877424610066463,196.89204345503015,1.142746744791232,0.0025638939805965938
58103,-5.563043717349175,-9.82303579547605,4.501641223987798,0.8258892263067947,469.226550336731,0.22944968880209782,0.002564437563297944
58104,-4.334447634425031,-6.837461596454689,4.140214070066478,8.076385733256345,409.5397719084051,0.19348867386183333,0.0025658912217916816
58105,-7.196274844864603,-10.49174296913867,3.434484703543806,0.9101697798560654,248.97769706346094,0.27230362212371784,0.0025675031888470045
58106,-4.7875461816704465,-6.966565465735171,1.9780194146988244,1.0732246915122867,468.00592881876656,0.821303431589131,0.002567954029421892
58107,-8.310801085314772,-8.731040683325775,0.49742869528771555,1.456344296895388,329.03573594367685,0.22399500336458011,0.002568205870840809
58108,-4.0447691636434,-11.505697476016316,3.592021170249805,0.5282540121944461,110.17952747469845,0.24826504020145013,0.002568480403262331
58109,-2.2074373410983608,-12.723512587159487,1.0281174664736565,0.8000521964197483,197.10235370872914,0.0878244489375275,0.002568918463638172
58110,-6.471849985138547,-5.364679115272431,4.583908995654693,2.876020212912971,264.5664265295546,0.4649215580006336,0.002569038264953481
58111,-3.9369614201830636,-7.139225050795019,1.7901973103168047,0.897266610533279,193.8975493571349,1.183417426173503,0.0025695049073319876
58112,-8.271323149829609,-9.30091315888964,1.5405704004398961,1.0342098826548038,467.7100373821545,0.1295970923221086,0.0025696653972369283
58113,-3.82016441873,-7.530204756789539,0.8788592352143549,1.4364825217889357,155.18005518655326,0.39969773870075986,0.002570158311617483
58114,-6.035900401522414,-9.597610283844183,4.703098255559349,1.033536163387226,218.24048747559667,0.1545812794149235,0.0025705841096781085
58115,-9.088214686771995,-7.054787324620099,0.9454350867967686,2.3007872981756607,438.25735529842797,2.171832803730342,0.0025708535208337755
58116,-9.285286295458183,-7.243605469770384,2.008217580313018,1.202965895545187,302.783309512102,1.03029917664269,0.0025713503938111374
58117,-3.2266468063517273,-7.024218542610604,4.783616912874626,1.0289766809945793,464.3721744751647,0.21162440738331068,0.0025715640416849317
58118,-3.0637394721653965,-12.55393139297266,3.575059818348263,2.1037988309892417,411.0851947307276,1.210073564741716,0.002571875330543414
58119,-9.49857277747638,-5.661160224227029,2.441778934872469,4.22406798840068,571.5213099290961,0.30616193892285715,0.002573161181991581
58120,-3.8036780984873193,-12.00531179491104,3.478179259857569,1.1942547591812214,274.5639196899175,0.5658007233504874,0.0025734676977400154
58121,-7.661794254948331,-7.667802932118054,0.11746354113819577,1.0724579692065448,278.59225013616214,1.8190677811350033,0.002573655979442679
58122,-4.379360620562288,-7.362333718611735,1.0932545851454014,2.341705875784309,442.74856496591065,2.4379482889425788,0.002574051753529022
58123,-5.505000441405022,-6.520429096683857,2.5276969690161577,1.6402948528758174,468.23134740983767,0.03811164684288215,0.00257438503050844
58124,-5.233120909281226,-11.698497015579155,3.594929755517712,0.7362557275760138,143.1757385626037,0.1572325505493346,0.0025744651666821444
58125,-5.031042813751897,-12.363666865183134,3.478607328708548,2.2337443504130676,421.15796300676084,0.6311800007371353,0.002574966911378454
58126,-8.37188553179461,-8.857637914580483,2.416872629983826,1.5051569641253184,340.0216217174681,0.8488286404618819,0.0025750232582033915
58127,-9.349614745042183,-5.1952262828404505,1.801886310604439,1.0516742808710957,138.8527264537646,0.2778870756614804,0.002575132953917162
58128,-3.1502773337754935,-6.9358313411800285,2.920627911501628,0.7937202084844232,468.1230657369606,0.5266199904771272,0.002575403781548624
58129,-5.346896987601672,-6.607803841008182,4.262787675221362,1.3917749347734958,315.2353843419706,0.10673253797830551,0.0025757529887556934
58130,-7.647723833792636,-10.884307815054996,1.5088970101972081,1.1844798327797474,301.1247744308025,0.7965220654109313,0.0025763813540291233
58131,-7.1122470291803195,-12.13797355775268,2.970154978478216,0.6090887774913949,127.22591984913085,0.14967235229350262,0.0025769746642649405
58132,-5.889417317750095,-6.118712950933085,2.916558282098062,1.0315678653348201,468.5296389987969,0.2610728403615612,0.0025777185723360727
58133,-5.638611256104161,-6.715098419016254,1.7654331928259233,1.2639355453657455,280.95383322078015,0.8888934353898543,0.002578570465236521
58134,-5.709001854414532,-7.167618439167779,0.7955703621551307,0.8311312524068858,217.61526416884885,0.873323845962676,0.002578606692529079
58135,-6.887279112571295,-8.906234816785997,5.17169878681336,1.6693783164982954,468.26618102777024,0.305706192694136,0.0025792889685626098
58136,-9.469946219069799,-6.0044551916810835,2.2051253991425748,2.0948390701712194,414.2636554015556,1.5657673756008146,0.002579300178861404
58137,-2.808108739224285,-7.617448163112226,4.46337389127671,1.9942627381073044,398.2756079155876,0.3137326154107196,0.002579575959544907
58138,-4.549941293501108,-7.318090453435309,1.192875462719624,1.2437177683349152,417.29750039239946,0.7482526220429806,0.0025795927649047362
58139,-5.873017876802703,-6.455261928914429,1.9345037550628728,2.1479406262299303,399.670564360077,0.5646601093365602,0.0025800181128168157
58140,-5.537513545392066,-6.900367410786472,1.5678832356704755,1.6219043605219756,374.20062890346634,0.3541328840276554,0.0025803603550148702
58141,-9.099867605878998,-6.710347248453929,4.128781616612381,4.705145413355172,583.7319867543754,0.21327017813705762,0.0025805905236741247
58142,-4.936288276514076,-12.931205201295759,3.4188476592013646,1.7798283917661348,469.3637076723805,0.011536957026147654,0.0025808017390974054
58143,-3.4421648638781877,-10.842473983614061,3.793456432229527,1.7052897525225388,401.57373977721386,0.30340123900453975,0.0025814663942857726
58144,-3.9404919131862783,-9.168261598126472,5.053238284121214,0.657988729944936,467.9710929351119,0.4628928167770745,0.002582111024280808
58145,-5.915229782624551,-6.0903169358914715,3.391643381946582,8.616331527228775,532.9218202432413,0.031441872437007135,0.002582172433568829
58146,-4.19629592600994,-6.823664538138354,2.9596917245553507,1.4170938372904611,312.13776986528643,0.3134493595661185,0.0025823388889101113
58147,-7.404662592523351,-11.092551651772178,2.74244506876051,0.7304297451242054,131.0105781589766,0.18702298700897568,0.0025825046922642743
58148,-2.7687139721330674,-10.947557537602327,4.605785244093434,3.4295704722821885,466.6355578481787,0.15641510665290337,0.002583084869435588
58149,-6.117528978983024,-6.274508308144299,4.937113067055327,1.1342421556597087,467.4052928384021,0.32281273123864196,0.002583220969262092
58150,-4.961307360690621,-12.998539892912977,3.415086830152743,1.1119178401644398,468.24922797922994,0.6091219650452455,0.002583373283001665
58151,-9.361299009986249,-7.091229973276593,2.424332789389409,0.891589820164927,174.71847914470774,0.34734655478825793,0.002584695048234654
58152,-5.055317780686563,-6.989346864073253,1.764624353736957,1.3237124598351473,233.0153156613887,0.03677141827971564,0.0025848925623154365
58153,-6.472355646308822,-11.507315458675405,3.5841992025606983,1.3218742010178943,283.41163672811734,0.053896595650626544,0.002585305792309657
58154,-6.396867042025466,-11.193841804656087,3.6931811887697568,1.6336740602759117,385.0742560592384,0.4671847299738072,0.00258535648454702
58155,-3.866438508118679,-7.037602770325588,2.0383843947483147,1.264154409374421,467.99011390212564,0.5743942691058566,0.00258539305463411
58156,-7.224982782332324,-12.113165005603967,2.787284095781005,1.5908319808349785,468.85445806577945,0.4678013434335808,0.002585454294876261
58157,-2.6149730816312484,-8.202704878263354,3.875288008137722,2.0436754063612637,409.37514712443516,1.8934967086932089,0.002585536702257105
58158,-7.972731516663762,-8.129916539642155,4.803148639559757,0.8031804433864002,180.5463404178942,0.9024481884113724,0.0025859086801627894
58159,-6.227771893427221,-5.352715694263501,2.658724136624758,1.093301551484358,157.73469536584864,0.21819697305836794,0.0025860587758752447
58160,-5.827597275079037,-6.610658539702315,5.174707420518469,3.009273375332517,498.3161646279536,1.232337160708738,0.0025863592841540457
58161,-5.8604633571539475,-6.45842980503469,1.925764366660782,1.0144006002890307,264.5593720775442,0.006771090692215154,0.002586788689251364
58162,-7.500378659913256,-11.412742406036944,1.447585251515431,1.0937387538420091,189.04821128821965,0.04722297984347801,0.0025870424115519517
58163,-5.405775951174519,-11.729181704161098,3.5916583011153764,1.923218796987089,383.7569268522195,0.757460876997083,0.0025875688242739
58164,-5.770521028195702,-9.383619173060964,4.912640101935249,1.5569426067249668,339.8917750418887,0.7998398834401055,0.0025881494454633924
58165,-6.620202072453749,-11.465301102944156,3.5365804830627576,2.631240239914647,466.04652686511866,1.3202246966288227,0.002588165769822676
58166,-8.753925373028942,-6.9019526342917334,0.4661783837802106,0.943419316307351,468.08414690197253,0.9374424889192357,0.002588214397912003
58167,-6.000613677485926,-6.038628930716088,3.8449345607691217,1.8462002598548923,468.40196782123166,0.7691660159287901,0.0025885253752683784
58168,-3.2177967068762214,-6.867026540037843,3.4582533151403254,1.8974553112142782,468.8088320592345,0.3301456419161184,0.0025887427107466002
58169,-4.902869952796783,-6.701356767057434,3.3345995520894056,0.5375875039868693,109.38211434074967,0.1407841304031079,0.002590417419144644
58170,-2.470295444551275,-8.805086156915829,2.683077638576632,1.743849118061375,468.34040391032505,0.5137969284229316,0.002590758110001065
58171,-6.491292283930766,-12.982748875192463,3.3731913196374843,1.6778590113362521,391.65045089592445,0.10728502766306569,0.0025911060370127554
58172,-6.809425963730827,-11.604279379024815,3.3898021267304284,8.179720404561634,674.2956696771936,0.16430308321380238,0.002591374405463055
58173,-2.895414882598624,-12.097624743336631,3.9404473372185014,1.838110654913936,468.57171013423726,0.2224700261171142,0.0025916552718648015
58174,-2.592571825361274,-8.200922971735075,3.5130170972998505,1.1990350207490834,299.42463037902195,0.7684399598070941,0.0025927142859419336
58175,-5.041897418486489,-6.662314086375802,3.5377973251105304,1.625038792154518,379.3781473047631,0.6182760938375447,0.002593180328741984
58176,-4.275575716354187,-11.225826728941492,3.6721373512459605,1.7472810478071406,414.1795866719718,0.28830193036838914,0.0025937058853198855
58177,-6.345361512058693,-5.46692174197084,4.145165833111562,1.6033661205535759,373.0264113459687,0.0559630199207648,0.00259392337243144
58178,-6.347488216978182,-5.29812264705222,4.025761999397451,0.8242620482213682,160.6073841686096,0.3336232144246303,0.0025939744132665622
58179,-5.625299449628759,-6.423107826245092,2.656267214217658,2.2264661748323404,269.78484569506276,0.08813407821754193,0.002594401633302118
58180,-7.80847600658938,-8.98313702427009,3.8570314831060495,1.0666190968655123,252.68817310706177,0.5406541226609098,0.002594841565334553
58181,-9.499358888110306,-5.7983711707123495,2.4647248725224724,0.5767290199936754,119.72603676839361,0.032387742673233966,0.00259560917077544
58182,-4.6256261252909345,-10.768034617043241,3.850156460860703,1.7915208595458885,424.0740462511709,0.6247554947974789,0.0025963435156493467
58183,-7.419388183704656,-12.815744738218912,1.7921376073394832,1.0118675483616761,275.47059313811485,0.8517303091345907,0.002596615057918749
58184,-6.313086194764267,-6.143869971028544,0.9848201304644347,1.0464867054668352,280.74270098036385,1.4687663053668247,0.0025966243663344433
58185,-7.719970037255061,-10.421050613466896,2.2689231940154673,0.8752660652199976,252.64565326238946,1.7607096155383148,0.0025971438183315125
58186,-9.444194109110322,-6.479191977408852,3.1144958609169935,2.6720815145363837,334.2760406701155,0.031716919035194024,0.0025976680601666963
58187,-4.859602239994121,-11.110765474686136,3.7292773071559053,1.2683928509592344,468.5061513015374,0.6575372777799391,0.0025977308175048224
58188,-5.28440773986628,-6.703005758987643,4.5803378854664345,1.0337666515621746,236.54036704608018,0.0861421092914254,0.002598274205677175
58189,-4.601425592165141,-7.292326258437382,1.2651524350189787,2.4621996007423546,454.4628309713279,2.4314262357269856,0.0025994252516089987
58190,-6.764080097748421,-10.815674752653473,3.6796395099386143,1.1029271114507857,238.28929223228386,0.3454218169031398,0.0025996407583846887
58191,-9.474030315033346,-6.043817855638476,2.269037830736302,1.8315476031846563,436.1253914103529,0.604789798457678,0.002599861342472603
58192,-2.88852700051049,-12.438844650893676,3.9047311586123317,0.7689743438628687,163.14247755439146,0.1001113102415454,0.0026007116318350772
58193,-3.10079073411905,-7.060418444440215,4.339550627558759,1.543394995374423,348.0406601096926,1.6711466717451984,0.0026013971540583985
58194,-5.76225601360245,-6.891701973983543,1.2834602037930407,0.8859100374641002,251.27046517999398,0.48590130916837726,0.002601508416589118
58195,-4.51019640273995,-7.105972252999629,1.7732765510446633,0.9444382746545469,259.1247430111325,1.0184601801311564,0.0026015674356782534
58196,-2.454263299324553,-8.978127364484504,2.7123046231860797,0.6343075867865875,130.07770978954045,0.3231870223074065,0.0026016721245636196
58197,-5.645576774760493,-6.5644274957462585,4.691915558452677,0.7524965994893621,156.46165741248785,0.2426712280002281,0.002601702967098127
58198,-7.826149154851862,-10.31526408651765,1.85870884221609,1.5381861046941252,352.70707637022383,0.9702446574294017,0.0026021604548885826
58199,-6.005919897055446,-11.315216484068339,3.7029103723002077,0.8911010070185383,176.9379524975815,0.19909116442220576,0.0026029924236747083
58200,-6.926591578903535,-9.719242531592478,4.277277422623685,1.1946424532285649,283.6374305469965,0.4509243111861414,0.0026030807483574422
58201,-9.498737487564064,-5.130830922558596,2.619956910319678,1.6787335367858425,446.15483509421097,0.3130508563889034,0.002603343264905877
58202,-3.9740573639882477,-7.070212657220201,1.9948248241685373,1.750235080872343,415.02857234313774,0.3534398410257511,0.0026039261363578533
58203,-3.473959290972295,-9.658217875528852,4.553459514455395,2.631851676779799,468.426663820109,1.752132486748109,0.002604046558581622
58204,-7.635634554901506,-10.842833223473935,2.144139822078355,2.5343794639270163,458.45397423245504,1.5036129037879649,0.0026046471232609074
58205,-4.891259676623419,-6.885529111849384,2.155974024691454,0.8692005946052955,190.05458737972953,0.5419994119365157,0.002604826082630009
58206,-4.986157208166339,-10.12902334463981,4.229745267178016,0.9481272814498405,263.59447828252996,1.3690287201751792,0.002604964992587336
58207,-4.389893048382497,-6.781031466269635,3.447180146087806,3.281697207674353,520.8463223819821,1.308527189010685,0.002605095892884258
58208,-7.423737246140236,-12.811686272109139,1.8441650219647576,1.4786426344550079,336.90252756392874,1.2345128886583785,0.002605344999529249
58209,-7.404782554460681,-11.937189597964725,1.2892964373820055,1.6451609503541678,387.7198393960758,0.5168290047739559,0.002605618185445796
58210,-7.378130203506967,-12.577676137124463,1.623221990357916,1.9079389784153298,468.4240996983681,0.4303549771041739,0.0026064672255031707
58211,-3.7166162547567456,-12.862681878847813,3.3772466613111836,9.978117985150341,649.1887046856767,0.07278542212346384,0.002606520137626028
58212,-2.4919916083535245,-8.511058267887504,2.0689321525652344,1.1734684403914353,299.03166795865593,0.3181663796287948,0.0026077996751564213
58213,-3.7448491304554192,-7.072520263005938,5.105906030262296,0.7580340589739394,418.00067705958105,0.32926078940937664,0.002608448140299939
58214,-3.0371258947058655,-7.338937011338677,1.4000589795318752,1.5866041173986325,370.9884422498161,0.3292137614203341,0.0026085112957588176
58215,-7.076178925033263,-11.530359645246218,3.143618020513345,1.703370261115308,401.4581818265229,0.765818758634679,0.0026087468509399083
58216,-3.115740774416359,-10.263434361660947,4.2266928031823605,1.0578588837393712,279.54552390187007,0.9196111000392699,0.002608892176069964
58217,-3.9865104418360335,-12.595719079498801,3.4027895729036612,1.1109502367657043,468.5737301494122,0.6508210305278661,0.0026092640769361155
58218,-9.496014190497124,-5.329897786444604,2.6795328237503377,1.9007233574077542,468.64234064882066,0.3255786788266173,0.002609825629546295
58219,-7.030042275172644,-10.16940858144767,3.826235219693676,1.0483024555640257,276.88769433270653,0.35099359238712147,0.0026107299585829795
58220,-7.219494269420313,-12.713608925879045,2.694038300572961,0.9170490733483079,468.4703164233561,0.3559858368667408,0.002611100732477636
58221,-6.233584151016265,-10.611734768466853,3.957972880021291,1.6301940327656979,320.28214694002935,0.34336392507431945,0.0026111996331639378
58222,-3.5403561706144373,-9.767278466422287,4.459565164193297,1.7123986823848687,469.29431791954966,0.0495262418784419,0.002612105748464982
58223,-5.575391197303886,-9.582095488719085,4.706157325911486,1.1260272272078808,271.75507854646764,0.34361434127356105,0.0026121408468249706
58224,-6.60636806657154,-5.649371661840151,0.5546409831011275,1.7310579890546705,416.6500734994053,0.44742015597591855,0.00261295730446934
58225,-8.61105636685551,-7.872912926786532,3.853618253331865,1.0213244773164383,277.43798345615505,0.47200600394639913,0.0026130243338635993
58226,-4.612763873301815,-6.962029513589155,2.059318395358593,4.618760781909628,452.96579902043294,0.020869619330356137,0.0026134724978350335
58227,-7.673030849874836,-10.83882156152616,1.6298405745895554,1.2579284782341065,254.0035970083913,0.02786063668306049,0.002613789761837559
58228,-2.6543503063546527,-10.352792103399427,5.16145391089736,1.6557340021606153,468.41688996244034,0.28578462183204234,0.002613861338061961
58229,-7.284033043875873,-12.273488204267576,2.6225721922802325,2.5184165528134006,451.75999757927764,1.033140218398537,0.002614003642731445
58230,-5.533323373689095,-6.729720835818363,5.055186192423571,1.8714453334811416,469.4952612871359,0.0042568926870094614,0.0026147739974505843
58231,-4.322296701817101,-12.193419566781124,3.4551383516812604,1.357545317974514,468.7425510543695,0.42430464745830143,0.0026148259254232566
58232,-9.442136805395943,-6.3155615879367595,3.1785872635685646,0.9610702097847329,188.74513514965392,0.09345362923682554,0.002615536687238101
58233,-4.001366550741751,-6.931759839242362,2.420531626124892,0.8315097933548101,468.95348938611835,0.22702343066593755,0.0026160645653016306
58234,-9.224957243094696,-7.353520147144717,1.8674556071192268,1.1758347103049087,300.25083470947413,0.8249766834216752,0.002616144757250562
58235,-5.263334464300601,-6.588948400699798,3.302600591616492,0.9822142762127299,468.0182883630775,0.888542940058799,0.0026165815585992348
58236,-6.558677303187601,-12.417660844451058,3.3896173173104684,0.8797434083827184,224.63424238704164,0.7508854943749919,0.0026166286906649616
58237,-6.6720572082838725,-5.238720448224207,0.47504786962747014,5.848203700111737,659.3524124559356,0.3575316482500268,0.0026170175165704944
58238,-4.234827037360964,-11.165344228096624,3.6835514450297158,0.9137765121461602,253.36627029464736,1.0732106874661325,0.0026172042054830235
58239,-2.566932737825849,-8.55960512573007,3.8903096512062327,1.040823418202062,276.60146101488175,0.8727846953465379,0.002617211451379494
58240,-7.356560348417674,-12.656784309303909,2.3410533887908818,0.5348443264892527,112.16614402970454,0.042327694397408244,0.002618553897469644
58241,-2.820013317464042,-7.459707766114357,1.4298881192175004,1.4039818169867475,316.11123649627666,0.061416547734932436,0.0026185738076199136
58242,-6.782142938449439,-12.864829242155718,3.22331310480088,1.776781036824608,422.6237615351115,0.5670365047070405,0.002618657609466587
58243,-5.760781920919285,-7.016571811640085,0.9586546340842346,1.8551491246982037,446.3006936926127,0.09777925142921173,0.0026189051391539986
58244,-9.455354203403829,-5.237822959844783,2.1110138323478904,1.6865551648587311,467.79708921951914,0.41198804104178155,0.0026194941809854206
58245,-2.554987303123087,-9.25397456303328,0.30759873790138675,0.940481863044657,197.06610153497468,1.0667101952047444,0.0026194967158866987
58246,-9.21037287173833,-5.46866598108408,1.2400962885660123,0.9423990307161112,190.94947060795772,0.915961224607611,0.0026197575299763834
58247,-7.012681225330182,-11.034202002078944,3.3808532510265294,0.9882881542174305,249.87981209661092,0.6586503000323889,0.0026198328705196016
58248,-6.3548384106741045,-5.245891931550431,3.9723522305464316,2.998544999236535,431.7251842110474,0.15755971051404583,0.002619879456140293
58249,-3.4046542675178753,-7.200916158631835,1.689177004257502,1.674596092806867,393.3858134907611,0.6164412759512006,0.0026202655136984584
58250,-3.2745438135470124,-6.85905334798004,3.431231478722737,0.9101307598857842,466.908958830184,0.4847475696133001,0.002620363889374553
58251,-3.97579586949666,-7.049671797759308,5.067052963392186,1.1076869081088117,251.5888773095484,0.7820164653906394,0.002621125629185079
58252,-2.6848175307557103,-7.687874518840723,2.819837039503846,1.037087549861192,247.55436086671304,1.0004457042815185,0.0026213473923958094
58253,-6.049274722404442,-5.9044530641350885,2.728636404931487,1.0129139423554079,467.6428016528331,0.6855617322016174,0.0026215287070207333
58254,-2.309933626241339,-11.399618607230133,2.122430711707516,0.8900280125074644,468.1099194451973,0.7363913987753081,0.0026219836346594192
58255,-3.761013482828579,-9.78054108644781,4.455262725773836,3.0314051081141944,489.47455267715327,0.6206603558106325,0.0026223175354124985
58256,-6.282353632441807,-5.225809464323412,2.622346447604336,1.7381980515799746,412.3316593530205,0.9006648461719244,0.0026226862186294326
58257,-2.5154996148870747,-10.183690576784125,4.93106731479611,1.006988725320412,276.6657875030554,1.932624464045957,0.002623418585699068
58258,-8.021367563914406,-9.686554335290014,2.0738289554417486,1.0563537195165142,279.5653198016765,1.6209870886191835,0.002624118221485808
58259,-4.287710346259988,-10.564234753029009,3.937932226718347,2.3144276766319636,437.97054486638876,1.8113445909027277,0.0026243108714897544
58260,-2.439656427162463,-11.38054791335799,4.194009109767133,1.4287348782535805,246.47174582326392,0.012194467033624257,0.00262487078472872
58261,-4.8631316521650465,-12.122133625481528,3.489842682198937,2.0540889613570736,410.8436976460865,1.9534180509719699,0.0026249268120617656
58262,-3.473455091016283,-7.255331870204643,1.5570812030452936,0.8307511947073168,187.75041053882907,0.22572875334253872,0.0026253508586658535
58263,-8.542309427590483,-7.952061745336367,3.878378432535949,1.3355542110259564,311.01237196795455,0.48748646131389517,0.002626692434294637
58264,-7.680210138207474,-9.094805118776446,3.9513280049824817,2.5580046278293924,463.8780032458304,2.696807094624446,0.0026270244347369755
58265,-4.5061561738556675,-11.762155020723803,3.5327993047960113,1.4639658151875472,338.59046831705496,0.2674078180160073,0.0026275573670887687
58266,-8.527644038671324,-8.322848109500663,0.5610873008025717,0.8833639111072018,467.7924656230532,0.6361560379130813,0.002628363901723283
58267,-5.014987166418039,-6.669681128876563,3.274989713357848,1.6260197925136477,384.6024662601041,0.2535352647685878,0.0026287112362971673
58268,-3.4389437190914247,-12.480593670998173,3.3998719617390205,1.062478001463527,284.57587293558214,1.6126046269302803,0.0026295765616122942
58269,-8.832377174213326,-8.091793087913313,2.537387858282648,1.9839618647851538,394.5578647255428,0.9660451546656335,0.0026300581769302545
58270,-2.182159402201674,-12.10807763831789,1.2066485287634225,0.8271771617319271,146.05336600970622,0.20376094761550245,0.0026302371824677385
58271,-2.7949046502339474,-12.714088902849545,4.145696877875934,1.0102746508373648,273.9943324076631,0.7936948499935719,0.0026304246260026487
58272,-4.658507105241583,-6.786911741780366,4.140845492672215,1.4543726376974464,319.727294169301,0.3414740944040444,0.0026307057028288217
58273,-6.3948468790976545,-5.620874010214329,4.556058404506591,0.9565998688570734,187.9997009712283,0.08390211145099347,0.0026309003280066707
58274,-5.642868674796461,-6.978570652783835,1.129236778370508,1.7271278323191277,468.39374706303903,0.5341413519740437,0.0026313560098837866
58275,-4.6291055547778175,-9.152676368054797,5.084950031108181,0.8287939681932885,240.53971255008182,1.3258129152752556,0.002631705519987554
58276,-2.566334916087227,-10.488266802998357,5.157156780214181,0.6931067445547187,166.84683951007602,0.3026174305970448,0.0026326514055988472
58277,-9.496753679525556,-6.058034666757268,2.7291139522755365,1.8334587356089616,468.4155615232953,0.9066935961315741,0.0026329063481651525
58278,-3.219279615849934,-8.233414191341183,0.14990209689059084,0.9713080967457718,157.26000087468714,0.1952781150269205,0.0026336905372444774
58279,-7.374571341856058,-10.9562026946973,2.8647600972167835,0.8614873052208438,176.10478503831965,0.26471048389527496,0.002633743219954185
58280,-3.8913468752460476,-9.14177213410239,5.071165661756929,1.2342419933961863,439.69359414727114,0.23401010696226265,0.0026344816549185033
58281,-7.86228060367649,-10.708538610997216,0.6774749172584432,2.68783150677459,473.644665790172,1.7842866265397435,0.0026355543433646826
58282,-4.774131179530259,-10.08056251773775,4.246550075859556,1.761226905086622,415.8466931421673,0.5973693864911551,0.002635699426287966
58283,-5.932591882225084,-6.077983524488257,2.965273008537303,1.4446760956684994,331.21879244925793,0.4215147296000614,0.0026357298025310965
58284,-6.195875743658077,-10.864229161895622,3.8415494574576767,2.8509948933371865,482.3415262383814,1.0174962387957995,0.002635736781668417
58285,-5.039886325397731,-6.795633810367497,4.616268127064076,1.0281639923883081,467.9881842752007,0.36255717171813107,0.002636523956977172
58286,-3.768672405311168,-6.964352223432634,4.690186987546945,0.9043613652245556,469.8464288855354,0.1553848189358904,0.0026366131516405503
58287,-4.453282914280364,-9.739315387355374,4.50133230062353,1.5202945667166843,468.8226990662604,0.7711228952241749,0.00263673003198319
58288,-9.355573004799657,-5.237058772142557,3.5026722455249066,1.3121527181073784,468.2367860797719,0.31253115526003494,0.0026368081541970805
58289,-5.556908425272255,-6.62103605977009,4.7047424674062155,0.8832264323428286,179.268226640188,0.9299658510425646,0.0026381491494365007
58290,-6.2746437702646976,-5.351209801544242,3.549848321808851,1.118256357798132,288.6022576803528,1.2277661271068787,0.002638517900847491
58291,-2.3194146885464075,-11.560082248772957,2.2557878709036103,1.1026130218921697,285.00983373932525,1.6540795224257936,0.0026390129416274583
58292,-3.8839012065269802,-6.844270225383573,3.9048294867170474,1.192929517939828,306.43018446403624,0.6019978734626079,0.0026397044234419964
58293,-2.5945348472568552,-8.304286640682292,3.7587788751263447,0.8137785347661208,202.51105440677546,0.6907483543100463,0.0026397119324405613
58294,-6.253186642193918,-5.7935147803179445,1.8525918259258434,0.9774174435508408,272.24232601903503,1.8363392730530075,0.0026401162242272545
58295,-2.423714918081491,-10.257249187213661,3.606786214450069,2.1909387245940897,413.1086672060697,0.7991602141834324,0.0026403178749243275
58296,-2.3852721005026165,-11.369209139464049,3.1611463625829708,6.758735367674222,694.4775057302642,0.31350447683018334,0.0026414348799033397
58297,-2.2606125290457904,-9.929841593305348,1.4450079717111133,1.7434605235499125,374.0605497026729,1.1364706818645365,0.002642571929300283
58298,-5.031763952366734,-9.776076133403766,4.49347756652281,1.1339047540319815,196.48331379806737,0.0963642268328675,0.0026429719162820854
58299,-6.1134543945393185,-10.78481619837813,3.882298851580674,1.0581661565702334,210.56839914121963,0.2570536460586723,0.0026431444814385965
58300,-6.292056721494986,-5.146035814408078,2.4482767418925273,1.7818786246321545,468.3127713738568,0.6664879732422042,0.0026433056620019514
58301,-7.451539376393581,-11.507215801033162,2.384683902930287,0.8812814955076673,194.6350888069641,0.8254937335136416,0.00264333964254873
58302,-5.9700526273967975,-6.680383527244617,1.3396934683185255,1.788940744628691,425.5277838029333,0.2574982348763184,0.0026437829134960127
58303,-6.525593799003966,-12.446757367650576,3.3922172658487564,1.594188590332842,363.45974856601725,0.2195945675960953,0.002643816002666507
58304,-3.5240192039032383,-7.378888594269077,1.2189345187616838,1.7319322402586967,467.810790809499,0.5985912481758087,0.0026441942940051044
58305,-6.086110490797328,-6.317465335490073,4.955480253203384,1.0605673397924515,275.9315602900684,0.5616417201454569,0.0026449703475094812
58306,-7.94848971252201,-8.793092146228048,3.827509226670034,1.0505988133326276,277.33153415788115,0.679301407957273,0.002645122785900385
58307,-3.0935499678727494,-7.004564795039731,3.8743540702833648,1.4507486486916867,148.72951220379932,0.3868878311596644,0.002645160433031683
58308,-7.63925738465326,-12.10064827843197,0.8513186150906855,1.8556277793889429,467.87691660065576,0.27594859638302704,0.0026455984832557803
58309,-8.308451205350426,-7.402645071736431,5.136985730113548,1.6885557671643414,333.93734145585915,0.1519525129853001,0.0026456091902098368
58310,-2.4324019562202306,-12.164103066318928,4.1218437266019174,0.88084831139405,186.44329391285953,0.03542844017786795,0.002646893972208256
58311,-2.7737205811935004,-10.178413582342984,4.9821984426164345,1.5606372865543128,467.9071769936512,0.28131483634570653,0.002647465628227733
58312,-8.657022426735965,-6.6289239144817005,5.067867595988761,2.9738501503399255,498.24642632851635,1.7848328993557159,0.0026478413703098
58313,-3.350240603429885,-9.374423355225936,4.820527679015995,1.885576919665915,464.2534565707459,0.23027451911690378,0.0026479063614993797
58314,-4.438068150458353,-7.971094490219527,0.2959412787447582,0.6042495433034711,123.89564053325368,0.7699633146906306,0.00264791796913388
58315,-4.377645734932576,-6.930903057005751,4.677077440108451,0.9965471336680725,270.4078826677548,0.9127305910864187,0.0026488679809273945
58316,-5.750203712504539,-7.092622337900841,0.8720774027981922,1.0934316681963132,468.64488218605317,0.6483361391262825,0.0026496488332797457
58317,-5.350374159921287,-10.159239315396984,4.217503105454421,0.9676775684582739,270.2442827082828,1.1324295667166027,0.0026497829650905217
58318,-6.413926091944066,-12.466768001639181,3.4262615309504802,1.863911122828758,446.0528546757776,0.5870950178044607,0.0026500734802499654
58319,-5.921760633984258,-7.534031313663848,0.2933330589512979,1.9206176267168025,394.36362936188266,0.8743637733437248,0.0026501119051000562
58320,-5.921356822774171,-6.256771270996952,4.270925245650602,2.6579618311572144,465.95595162684015,1.005893421090998,0.0026501824863963174
58321,-6.395217079905382,-6.770823605749895,0.4486161797746383,1.2602098155287365,315.7935908486736,0.4854847476134436,0.0026502112762969003
58322,-2.985128833137133,-7.149539127194392,2.567386745516379,1.548887976198999,468.80499261543787,0.3305643606594346,0.0026504306871167086
58323,-6.70323362693087,-12.061343796696889,3.358086649288754,1.7725295863877457,420.4304531592845,0.3549298912883483,0.002650818001422741
58324,-9.343789719007884,-5.047976873240986,3.5167516776793724,1.7906778823912262,468.18971677458234,0.34858674620738217,0.0026522862147032476
58325,-6.1032036084044945,-5.798699062961074,2.633393418874522,1.7858344861084567,470.45822424488944,0.22283796788679577,0.0026525100746095953
58326,-4.562761700720193,-6.789483547602208,4.00599358592604,1.026786440120446,268.4009085017614,1.0454930434124945,0.0026525341052321015
58327,-6.426293845373225,-10.897327182576438,3.7824513101526707,1.6990815115224984,398.0728628268698,0.29854299689417463,0.0026525637886717825
58328,-2.405335309274296,-11.138351736328923,3.5258394698898874,0.8791337942828417,216.4755852178807,0.6825562144025099,0.0026531311968271
58329,-6.162559188052109,-12.333534165482567,3.482961463515636,1.8362317890231465,438.712654182568,0.1171341242899615,0.002653644782136435
58330,-3.477896476515115,-9.771514705617104,4.449340917240574,0.6689774817302353,141.04065599862355,1.0569929030238514,0.0026544505976767857
58331,-2.1822286915639912,-12.967225573932367,1.1522207552147417,2.144524670839421,412.75534994497906,1.0051918327895253,0.002654751375594992
58332,-3.4132960144211903,-7.261405600952069,1.5741645132809003,0.8213259524106655,140.61483784063867,0.009417799990266928,0.0026552872515770336
58333,-4.809481374789183,-12.904956582972256,3.3926176930626695,1.1611812134884516,241.5901212821233,0.04487665828619569,0.002655309144544958
58334,-3.0874824405072516,-9.572285562850167,4.805066901116484,0.7260994469071962,213.16727346105685,1.099009685185849,0.00265533058070319
58335,-6.962010433562327,-9.436789510066772,4.512817516304544,3.8438732706890453,393.91789984989583,0.03055924674152788,0.002655762289846357
58336,-5.435674683419745,-6.562633218044821,2.702834229431972,2.5307455341168996,460.3092431087208,2.1070329015852645,0.002655834579780666
58337,-9.461060645339785,-6.544756994318479,2.4225193328547485,1.8376989655923777,440.7411133292328,0.11020729141271435,0.002656495554609669
58338,-3.3026111770547226,-6.8611289441838625,3.3688060047631145,0.7524349781373416,467.41271745912786,0.30621958254982484,0.0026569041574246335
58339,-7.4682650547561495,-11.343605732140112,2.411519230595482,1.5914115778428648,370.6365616194932,0.07931684513815629,0.0026575512033938102
58340,-6.70575449349785,-9.477305084195434,4.641773001256065,1.0932987008988178,468.41470961782926,0.1449709538587598,0.002657763051813155
58341,-4.789730505770625,-11.93280812401141,3.5098167443110246,1.7997743895029226,469.9653112228751,0.0889709850817324,0.002659294848662061
58342,-6.366017273106683,-5.397729184117821,4.185044242943521,0.9435743052175302,469.0794860204602,0.001904037885902099,0.002659452688476515
58343,-6.104903883689667,-10.631349405818575,3.952778530289444,1.0175017437891858,277.5340443402046,0.8493539628461759,0.002660393653459544
58344,-5.759749598143675,-9.44963618462842,4.8321335630816815,1.9508836181798146,398.1949133587788,1.7220956345620424,0.002660670847571425
58345,-3.539893124156807,-10.150068075259743,4.164578671831849,1.2036259106702016,468.1925575487775,0.40973210983345965,0.0026608213139645578
58346,-8.471404393533307,-6.187993708979504,0.29665465973698113,1.8237973559250082,436.6968137278465,0.08805944870186799,0.0026609554908407535
58347,-2.842676928763929,-12.637379730011702,3.996321662760721,4.545508764502126,595.6483683613816,0.4272877980573595,0.0026609567383375256
58348,-6.160083256059531,-6.174534456592591,1.661892522426305,1.5677859399034844,398.5076630106186,0.8747944001357899,0.002661832807456251
58349,-7.457270632117569,-11.567096558567572,1.4434183141565815,1.6029199430890797,357.45754755201364,2.0411252637581203,0.002662024044686676
58350,-9.492222419972572,-5.365539980854136,2.503137927535058,0.8050432393131515,185.0494412682902,0.8753795501726156,0.002662202316557798
58351,-8.456708920004745,-8.400996204899151,3.200535135338836,1.4744815971242768,352.0078753275198,0.42787226813621526,0.002662855722329031
58352,-8.721689059368883,-7.831835522450377,3.6328799762487556,0.9952472465372599,467.31612262222666,0.9019015341267789,0.0026633109965166603
58353,-4.82137668869528,-12.423587455928173,3.4396625395415747,1.5242822815367474,468.40898359338706,0.4661202960757178,0.0026639496747968834
58354,-6.178201113932508,-5.944532062755877,1.9305295087193661,0.9584178419647953,436.2083408653306,0.1846454280954033,0.0026641533639009773
58355,-5.295856745600209,-11.245104261338184,3.689883150687365,1.7637829984581845,468.745099882712,0.8898804165967062,0.0026643177565572485
58356,-5.455481924053307,-6.490407269917076,3.4205604891887864,0.7306329496256492,256.02509925881037,0.29874658473364146,0.0026644398029842505
58357,-9.002849230780292,-6.383337955445287,4.43114238986396,0.6659158803443336,199.32024962092422,1.0331851835726829,0.0026648507904434185
58358,-4.223084715365655,-7.800795646635426,0.5059536533773344,1.5344715217030611,468.13092074704406,0.2487939121967777,0.002665183670712859
58359,-2.4205373095845335,-9.199294917591224,0.6853119424780152,0.9346010230417121,468.104977384662,0.5766045472158394,0.0026655366364641787
58360,-7.858133368787219,-8.757496776596449,4.0736383954846875,0.8455209162430504,223.04056163014656,0.5059910484446073,0.0026658537944821074
58361,-3.0153558591035035,-7.549045875172091,0.9382026492299063,1.434396594328169,337.8844723793811,0.3262875430700527,0.0026679130686309994
58362,-5.151222376489084,-10.977537607208488,3.7812616153517973,0.9962253375151316,140.85590186876757,0.26096064328034974,0.0026683472818510353
58363,-7.571293344032055,-9.417244481473166,3.7472396705663753,0.8359503327967921,467.1952860275382,0.5502529945026176,0.0026685446451493976
58364,-5.475109763815425,-6.564521439043996,4.181124646779654,0.741701854581055,164.18056074506376,0.03708413334528338,0.002668999699317761
58365,-9.200994769409567,-7.392983991755976,2.8848547786472776,1.2505962555055685,261.7937479605197,0.5070193663069258,0.002669105487211706
58366,-6.625377293727663,-5.500636069825399,0.5454736391408401,1.8445298778784305,468.3450003451596,0.8464551720857143,0.0026691753170281045
58367,-7.875750485077223,-9.42723046254062,3.046818180287766,1.7943873617501724,425.416482150722,0.39164559450753433,0.002669588493131288
58368,-6.168031853032313,-5.963548306545564,4.329316137209579,1.653538707377848,384.5299653751416,0.1869446376021573,0.002669713468090745
58369,-7.305198829107672,-12.445680040444435,1.3429773264746712,1.4206845621620685,468.0111272462559,0.6270720597814803,0.002669781265663837
58370,-3.279904566869533,-11.822371272823164,3.4976478144224408,1.4469766901249252,346.10846722915943,0.43877247161484334,0.002670020310776514
58371,-6.918074985357846,-12.380058326623022,3.1462222490753113,0.9539651887053231,257.42377685690656,0.603964406835769,0.0026700525661034493
58372,-5.345300851446081,-7.142446607653694,1.2175623585096507,1.736601211763152,467.6236300715104,0.129814222516222,0.002671422060720318
58373,-7.782590879824912,-10.452346008737692,1.8255768611975354,0.8725788112765326,467.5339048093273,0.4285365282129723,0.002671427629187824
58374,-5.250257734372214,-7.172081389406223,1.224163793817457,11.84873795575019,643.4429283090074,0.06387738371691132,0.0026716314033327256
58375,-2.5654305046972468,-11.07986562810978,4.980987051095464,8.906311119274825,593.906490076326,0.02855945539613991,0.0026739005797243583
58376,-5.179738994323052,-12.586646576960863,3.4413542411587494,1.7211699961300853,365.00813596481635,1.0674389692302908,0.002674172324510577
58377,-3.7856345701658523,-10.889712520399284,3.761109274965685,1.6588910389116422,388.4167242245822,0.30823416738231924,0.0026743183906350063
58378,-6.234071699918074,-5.383704305023952,3.028921662288326,0.9348669815739162,189.2319456576223,0.8669823661227207,0.0026744371998797846
58379,-2.8949912740939716,-7.325517064407466,4.082240492573005,1.4336493089125384,468.3656074278704,0.5234478725533753,0.002674480107096356
58380,-6.283495350151613,-5.168322067491683,2.8534764992285813,1.5887080236499251,363.6282025963286,0.17402799503735888,0.002674766684504122
58381,-3.256353567244348,-9.89728443607033,4.364632443907292,1.1898345116753966,260.29704528392114,0.14500871640611468,0.002674954820267732
58382,-4.3316492252953465,-7.267718847729959,1.4446888555784214,0.6451663229913835,182.6016230432053,0.2983313143379043,0.002675078463739226
58383,-9.085599324793819,-5.569842196894386,4.2369563852256285,1.6652742905347524,467.3029199467468,0.12750549858339166,0.0026756573988371848
58384,-7.556993285829047,-8.988276527819334,4.298809892442643,0.8794089101870388,467.71980521952173,0.49709417621392316,0.002675911643227015
58385,-4.490748429099252,-11.90241380842244,3.4931978161232857,0.7230242372239174,468.3359382734414,0.32115438861340984,0.002676438225755656
58386,-4.378493902999615,-7.975012383110664,0.3049067567521842,1.500754537691652,339.2839032695222,0.0883364669547424,0.0026766732450539416
58387,-2.4289372939540055,-9.005725153649568,0.7927360733816595,0.8437668344985713,469.9135188366636,0.22088918500152932,0.002676845163521324
58388,-5.676070718486471,-11.512928188664096,3.6360199628932928,1.0888491374779572,467.8309793962718,0.9229825439390096,0.00267853928425012
58389,-6.851248431467294,-10.482703834532366,3.771233938977807,1.0406370825819216,271.32126068271106,1.3590435024145178,0.0026791649209337628
58390,-6.567039184741226,-5.595089975796318,0.6497442173599846,0.6804428421126393,137.08717685771273,0.2285722488104165,0.0026797853585050335
58391,-4.6300562236047895,-11.591204231017768,3.567247969925468,1.1329824296110924,260.6777158392783,0.8879192073952789,0.0026804504259251047
58392,-7.376671841352622,-11.486713765274983,2.599618807771096,2.0119046511495493,405.011601483149,1.7167735423568553,0.002681193741488911
58393,-6.451203731572859,-7.236654707074861,0.0359117948734806,1.2354890698546734,224.67189596263293,0.05813879255065668,0.0026814982607240036
58394,-6.771870818025468,-10.113651104316087,4.0584606286522495,1.1756522040778068,304.35152439589467,0.4696297949631001,0.002681539536529543
58395,-5.750346095077718,-11.46971849722426,3.6454624092850296,4.047930737774893,257.01438408884815,0.32350370413584617,0.0026819718463364454
58396,-4.155874786428903,-12.58453673668517,3.3922664034798076,1.507493522908333,370.91501285108615,0.5238595176890941,0.0026822312769109987
58397,-5.876015164690345,-6.407486365117851,4.590306232852487,0.9356246627339377,467.6180009176896,0.2615485372230024,0.0026822321695893886
58398,-4.715126389252959,-9.2745407634491,4.945855322492053,1.8809596749570405,467.6737509217109,0.20024194601100742,0.002682599903862784
58399,-3.8198048963741176,-11.940487276566246,3.466528458655336,1.8650111773754847,470.16820342279516,0.22109059434644251,0.0026829880794348917
58400,-7.474090662062567,-12.57182325214175,1.0724275136610544,0.8933262786862141,247.81813433818593,1.2667300280797802,0.0026832989981372163
58401,-2.4279357111807007,-11.476243647177458,4.00639178098281,1.4819772801741118,329.86294438992644,0.9115901507340913,0.002683920982999455
58402,-6.717695456398408,-5.561314155928012,0.29024706276822915,1.201067796843321,262.5198381276393,0.16398163394830245,0.0026839817463688294
58403,-4.402554136232901,-6.818934314209849,3.117127272874856,0.900265461034939,467.585049549996,0.5939138415716849,0.002684261559212077
58404,-6.001600524773663,-7.418744948353029,0.3272372322915152,1.880690275492475,468.0305441985238,0.4137572179310931,0.002684362229859173
58405,-2.94499431840622,-10.692488441939568,4.2232631168201085,0.9306103758695191,467.13127699828954,0.895731475878458,0.002685008651305835
58406,-5.804815086090493,-6.377257806562571,2.4005884815728127,1.4338783809225042,294.39243844758556,0.15784491866018957,0.002685121723275636
58407,-5.249999351903344,-6.605224618470055,3.563291331522616,1.159488771783848,467.66263543915716,0.2777665045665634,0.002685159370155282
58408,-3.0281951632216684,-12.413060051618872,3.627109990304774,2.9394423773817224,490.14881878129506,0.9609879224296822,0.0026854178270900074
58409,-3.7959105341730783,-10.399708999721804,4.005354761093455,0.8730464615907372,171.12280894715366,0.23195940434945417,0.0026857323468281596
58410,-5.389543648526506,-11.46135661104847,3.634681587110486,0.7452493571058116,212.76798368107578,1.28535913296525,0.0026876812416294616
58411,-5.043124846650259,-6.822741975613378,4.727698637946748,0.6631959209240366,467.7516539450158,0.4668227552973896,0.0026888357870466935
58412,-8.881211829642533,-8.065941429531284,1.4163413371447287,6.748052680949515,465.0694640701692,0.07888891164648726,0.0026888491698703228
58413,-3.9360667173262884,-11.20221408080851,3.6451139252059903,0.931197863432317,297.2364029894256,0.2022543026787611,0.002689119304162475
58414,-6.219949297220472,-5.578005059116534,2.410125614193091,2.8036875376444446,484.3288833971046,1.945827173424326,0.002689228371813532
58415,-6.386485306159603,-10.966076897839795,3.7582597216007567,1.1040036477077069,127.47392459315442,0.3332879965798696,0.0026894410608438637
58416,-8.958878013590043,-5.272515769505197,4.473566349454406,1.1901339421840023,468.0571444056916,0.7065540144274989,0.002689521866303741
58417,-4.673103428171902,-7.9515675578401215,0.29558162699024937,1.3105209628901975,284.50253980569784,0.3227806836596736,0.002689526206596474
58418,-7.634420208050722,-12.406723334789397,0.7500671438995886,3.637361378343576,289.9400829562207,0.5043155103444787,0.00268992662134452
58419,-2.841667320127012,-9.822207776732345,5.08970663548048,1.1162897618686636,466.9372849672046,0.6058383507878,0.0026899883820137205
58420,-4.404427692295503,-6.808755815857069,3.904080343266529,0.6747750828374409,131.21422407201194,0.13629145502959528,0.002690522142155828
58421,-6.800712295356977,-10.844011029576441,3.626953312286442,2.0036094605647556,405.872561799318,2.1334629773397493,0.002690644834131479
58422,-4.875868301108685,-11.968250629329185,3.5021426378288476,1.1585944452056542,470.1723294072301,0.0934913780471458,0.002691436454343595
58423,-4.382030744315957,-7.3007007850867405,1.3324687846891163,0.8812389685054852,224.4240966769491,1.4136173988356697,0.002691458337734927
58424,-5.679190606741924,-7.329107014504399,0.674669844965736,1.2403193232444907,243.69472634722624,0.15441665651641046,0.0026916424559719886
58425,-4.1685556808708455,-9.534548134890073,4.665367616815875,1.127344246942718,292.08340508822914,1.0256336593747548,0.0026917439386741704
58426,-6.440216284406651,-5.6515485130342595,0.9782713822798985,1.0410690704826235,206.84505251649,0.9230663244262667,0.002691955089205067
58427,-2.7705783523012117,-7.473224303373787,2.490973554039798,1.8934400296491731,468.57687338419186,0.26864442623416807,0.002691963802821525
58428,-6.341879611180627,-11.853776125469793,3.5232563246056396,1.3633657022100258,467.81243530052524,0.02195930062412188,0.0026923859808149053
58429,-4.902304982478121,-7.455244214357299,0.8588647699781884,0.6475840280546331,179.5471141668946,0.29067133440421955,0.002692635035334579
58430,-4.2405315405606885,-12.974272125435798,3.3610089002191907,1.6301735446573478,356.6783734379858,1.2208635369875793,0.002692678477968761
58431,-7.052357127792401,-11.64632042921095,3.125841062204064,1.0668123370769402,281.45975103698737,1.1325834703472841,0.0026934650409526986
58432,-6.079671252199838,-10.230066017974625,4.176899742721276,1.2969576898014652,274.9510206784622,0.38912499279625745,0.0026935565157193615
58433,-3.5764519296377113,-6.94304501784398,4.4977430340138085,1.2369201086373933,402.0092617932643,0.633739632539851,0.0026935755323954148
58434,-5.820573216898358,-10.331517045011246,4.117821171752739,0.9156333748210363,244.15514543745215,0.5111237206360206,0.002693667328329047
58435,-3.3551815874761948,-10.581059848847211,3.8965381908767416,1.8952284470332599,468.59276383640514,0.2663957505274279,0.0026943734879568645
58436,-3.8906660239996,-7.49426044903274,0.9640693734433939,2.2100665413116998,417.7384715791903,0.8609581019916321,0.0026949441224530103
58437,-7.196813342452991,-8.607926257532483,0.06610951101664929,0.5624051998591945,115.87146241311744,0.2579909436378811,0.0026952551686018527
58438,-8.58124214500235,-8.536107031304166,2.3070204026081433,0.9877167852906754,195.00985619351835,0.3755140606803167,0.002695324426588294
58439,-7.4120795391360925,-12.65418497879362,2.040447919832059,1.8350696263194513,468.2750957879875,0.5602163534768563,0.0026954531790448007
58440,-6.330163677377751,-11.98820614060558,3.4998887701877335,0.8326006531172981,240.60365057086105,1.0402251644496987,0.0026955083913775975
58441,-5.813165699017112,-12.478007689764489,3.470125426768645,1.0808160915661318,467.44743705935224,0.3163083319393998,0.0026955862971467324
58442,-4.401163207409898,-7.602614916105441,0.7470478119675907,0.8864307628139658,222.53668640550202,0.8712235908881221,0.0026957390796264417
58443,-7.998179299787245,-8.150519560203783,4.710408061776705,0.5948251599355737,171.41040549812845,1.2040295213063459,0.0026959433696815433
58444,-6.447402854546618,-5.871407926355823,5.051350937244602,1.227909845196144,277.58434304847106,0.45558766239348447,0.0026962076463304505
58445,-6.34598558805423,-6.250280329457739,0.8645299278811652,1.4117465600469616,313.9070479570914,0.20973431645974028,0.0026964801962400566
58446,-4.536230999608409,-10.970650717840755,3.7499970236020403,1.2197133078635378,300.41799328727336,0.2021330193028108,0.0026965540732451685
58447,-8.702892816742718,-5.864504394552577,5.029928191707389,3.476032585124798,287.02539557086084,0.16893719099486493,0.002696609289563351
58448,-6.222734854692632,-5.578497918491466,2.5706276973597446,2.445391796350444,449.9108849387487,1.6209684388937298,0.002696688933960825
58449,-7.314926943162714,-7.792938748583484,0.004850759736220206,1.680521413910285,394.50702014975377,0.5591237815000971,0.002697216785669601
58450,-6.414305912305071,-5.324970568093543,1.6032094623119133,0.6625025438799498,155.2313130827338,0.1607571818573561,0.0026973462521507037
58451,-5.813502590567763,-6.271528176738636,3.749177661480573,0.9509046083030557,247.63375473270995,1.4317910459080627,0.002697739778192165
58452,-7.352604729649218,-11.96220182407651,2.496981258490855,4.054897247656018,484.3188859988118,0.08445508048596029,0.0026982047142183174
58453,-6.981196727405157,-9.795743423822392,4.150299856199461,1.036157286501972,202.85264277724846,0.06043903904022763,0.0026985044779160947
58454,-5.166875965998853,-6.67023778169969,4.109482255482893,1.0394929442187464,270.1647326299726,1.6504530626521694,0.0026998178099086694
58455,-5.472691204879457,-11.113939974455956,3.736006317824811,1.8150160598538114,434.0377438011571,0.1460531530115814,0.002700940814667747
58456,-3.228088336091602,-9.797989781884251,4.455680656815784,1.1882521694919477,306.5307998398405,0.5137407516420671,0.002701199676970207
58457,-7.385196886099637,-11.573979251342912,2.5382229427296603,1.1312444344977945,467.7436132863635,0.11902194610661532,0.0027013507596538337
58458,-5.8450641436854065,-6.279083615486436,2.4495443908525445,1.8472433829061836,468.50627246232574,0.8538891502105157,0.0027014383787038825
58459,-4.544651652736915,-6.797739066657208,3.982615359332735,1.0733094624148507,278.5124028691975,1.0790140745238004,0.0027021954401958035
58460,-5.214014942795387,-8.056227429057628,0.09989387762496246,2.147193801809612,331.2216827559072,0.04083385895648384,0.0027024667685309183
58461,-6.326711760477134,-5.695192290927289,1.7611828129876657,1.2918514089674629,336.17079905159704,0.25220787623214047,0.002703300975789842
58462,-6.404237327849221,-10.337427834563488,4.058816026805215,0.8058645728072937,468.25904103886324,0.0131663223602283,0.0027033576400108095
58463,-4.607772311623055,-12.954456508747818,3.376783718532762,1.4060989814142912,330.10982834204515,1.6391443972836859,0.002703641178702894
58464,-6.393473878419791,-10.787762368031686,3.827405160658828,1.2683279107535261,310.4492183388751,0.9190428471035297,0.0027036416176474823
58465,-7.369466725217902,-9.773149162806096,3.7063085247659706,0.8414760438765749,205.1972096034806,1.152792326037683,0.002703867495325818
58466,-4.539748918204738,-6.800474766377996,3.0937461448194856,2.339659117880671,273.51313059770905,0.11149076768480537,0.002704403589802202
58467,-2.9327576954510883,-10.208440374657316,4.547438635606805,1.1730543790149193,409.07295639322376,0.12735370129076262,0.0027048133538724595
58468,-7.757890195910324,-8.611250865078652,4.46815267414749,1.857125117128769,468.12519779998433,0.8002843508126487,0.0027054537326937117
58469,-2.3032909388210054,-10.191432146946095,0.8615335380475629,0.8099384552668495,203.30131604496836,1.116513934727819,0.0027076675363481525
58470,-4.189462160911107,-7.773309512608243,0.5596653787334015,1.144767580523774,436.0861369692916,0.4456919081508204,0.002708191572019426
58471,-3.7217270078137936,-12.068498128868331,3.4405933408539844,1.0821829840064263,241.85453150356489,0.5087742134251636,0.002708923326024919
58472,-5.571771621505949,-6.5981412354692575,4.615024861356007,1.687275454570766,467.8902637189025,0.6173007215004223,0.0027092194008530605
58473,-2.6871348465106673,-7.997582277161621,4.314223555953855,1.1706453905698981,468.5016244060023,0.6533838545046082,0.0027092300001063125
58474,-2.9375145787464287,-7.236502483922966,2.3558647515551137,1.0138832771165984,467.89128369922605,0.43274935011950877,0.0027099102203776305
58475,-6.377251100658128,-6.928093661585115,0.3465849170929654,0.9937734350484885,193.55357440137684,0.00924764235866693,0.00271067468511119
58476,-2.9727719065764058,-7.753426682642701,0.6931419982547806,1.3823757489098638,325.979091385411,1.4238258130925088,0.0027111376019897226
58477,-5.772040784705162,-6.63387820523735,5.1024284440875105,1.0348522129445545,179.45527437247821,0.24217290907734768,0.0027111439782892444
58478,-4.119022623052383,-6.874363207006461,2.915231572869029,1.0458200453211277,209.77686412172406,0.8712550443468974,0.002711618505951109
58479,-6.934051676230034,-12.982279195798226,3.0605077341699127,3.0919156084531947,496.1695860528943,0.6620761616462287,0.00271220575816476
58480,-7.075985603625446,-11.022141083830155,3.2949742442148295,1.2234762115981757,293.0669956417761,0.581218926286236,0.002712673298676494
58481,-6.125212478139236,-5.750762380548697,2.7868168207607873,1.862836117706916,467.43513600332574,0.4220932653192193,0.0027129101075259094
58482,-6.466418122414407,-5.823638987029851,0.8509498051580551,0.5814887358852551,120.55468153537389,0.9396865496373668,0.0027132461351572837
58483,-8.322146468641485,-8.125416536701472,4.084757430106756,0.8357996444785993,245.12404187203052,1.4980228808039273,0.002713350185639704
58484,-5.468068666206885,-6.493294887806333,3.4527033201094603,0.9733750995308024,467.427393593524,0.45281548653496007,0.0027133891032721878
58485,-6.254891942551401,-10.227158145371916,4.157350426701236,2.237401137637889,431.30922280858664,2.1520134944139793,0.002713602457017196
58486,-2.513540483637234,-8.49707144300788,2.6716966504100803,1.7185517766175873,468.51008033156756,0.574252623743968,0.0027136386570400842
58487,-4.99451694420523,-6.773337071238031,4.355534578825432,1.0198419750145435,268.53094812175794,1.2675649261092792,0.002713819429645448
58488,-9.444216974113024,-6.391613420752621,3.0777164204219813,1.8886321200861476,468.9194027334166,0.06549828137974334,0.0027140762430941188
58489,-9.173160296205344,-6.071620606173644,1.0712588480916907,0.7145528206772374,224.90650500995153,0.2820807715496434,0.002714363470263711
58490,-5.0078503885882055,-6.7422921871425645,2.6699468808485762,1.0338356857627289,274.97694570439387,1.7573677515006354,0.002714546181972191
58491,-7.31894200298364,-12.716440545182673,1.2415630389331327,0.906321627850476,175.77299293814127,0.0010468457755186122,0.0027153651083341285
58492,-5.552960233446771,-6.846049068072187,1.703253448762166,0.914925105717007,182.42384358416862,0.376500195725157,0.0027171091209406938
58493,-7.426846459405549,-10.916141126145114,2.7511429364378928,0.9370126871990302,190.39850939099378,0.7685719706155991,0.0027171633947247935
58494,-6.436137255558302,-5.682887065459563,1.356396447386996,2.7087397671423408,453.8349367142808,0.3956403501234922,0.0027172463164258586
58495,-4.705468838696442,-11.41192162782038,3.607344259065509,1.8828138547156825,468.52545440228124,0.4621393650745853,0.002717289646673539
58496,-4.612801237564906,-10.93106866612884,3.760020755692939,1.1754656334993585,301.4692199043093,0.6364189068414516,0.0027178334868464163
58497,-7.438375654814887,-8.658633284129746,4.898267147830278,1.0362728351427453,220.45327243886314,0.24581890296973175,0.002718703092469309
58498,-4.32669579179575,-11.882131927646057,3.4869440598982853,1.2879625572075837,174.28909857237792,0.27925935535188895,0.0027192987339798237
58499,-3.7621943578980135,-9.075562512751606,5.121803873400114,1.2160841213234996,307.77629765066837,1.4751558687232906,0.002719489831967648
58500,-6.733233550059883,-11.710570534744846,3.390932521528767,1.2300753589254472,214.3699394974216,0.09125065624652695,0.0027205339336976503
58501,-3.3273070422721505,-12.499871875916194,3.385234193593405,1.1129911008514912,291.72024594994866,1.2597529400294585,0.002720567364876445
58502,-4.032767014674887,-12.655723957348355,3.3739282499861827,3.330535139043697,225.9499410486974,0.29328477961797095,0.002720772734420643
58503,-4.035168355084555,-6.858537004124935,3.1632841167499524,1.4024937740250902,468.51630500474573,0.5096476649824799,0.0027211009319842456
58504,-4.869912086145486,-6.878090140822074,4.7987784939583955,0.9751116948154576,203.25441437036346,0.7341406024658008,0.002721230088831087
58505,-9.28027955136788,-7.211759963444814,1.9890729026234801,1.2268376850495477,245.3328551136137,0.013483828935988207,0.002721760706786155
58506,-9.106818529178499,-7.344701149988603,3.3965811028616204,2.4564467147554896,452.5143804004213,1.8665822046482097,0.0027219103780115176
58507,-7.907938983639195,-7.957320079552948,5.128131556869946,1.7773490527210232,467.7615273565664,0.33677657414800155,0.0027223035286476674
58508,-7.592910785362202,-10.927594116467109,2.2173790619481397,2.414789563509259,447.23472561676317,1.656310953215475,0.0027225251227733427
58509,-3.81159498118598,-11.590690395231702,3.5297607379925102,3.948051173720816,256.6882977072306,0.32153419052184606,0.002722552543922943
58510,-5.144023323792814,-7.6510414453572455,0.5463620371720438,0.6352739597794215,132.14105099287863,0.20345489181942167,0.0027231194178268924
58511,-3.2245027444965437,-7.215471827301208,1.7371749636767295,1.993854354599239,218.22807212222781,0.17709545592747133,0.002723176144609969
58512,-3.4966054437668834,-7.207423970703021,1.7231524421810949,1.8729802363929624,453.30599218972367,0.03529092870961836,0.002723483260294758
58513,-6.0403940691064975,-6.140108131426766,4.268908756472908,2.6603555184610164,470.7518970934481,1.6998034539288236,0.002723521148493629
58514,-5.717010918067311,-12.260482647895737,3.487626806905627,1.269424581051664,468.72418154358496,0.8284816493680998,0.002723526622895554
58515,-6.509105743165776,-5.086879761067052,1.3895332268899732,1.5660878864942525,358.92862319225566,0.19162681297960926,0.00272381396500932
58516,-5.728386660337675,-12.99817565775174,3.4221486013275855,2.084585147805907,408.16449475684124,1.1519718488657764,0.002724271340363945
58517,-4.782167148525703,-9.555538605827103,4.668758449194493,0.9195824209105582,459.91846372286176,0.8857888845402551,0.0027248559303947547
58518,-8.678977210264357,-7.950772065619235,3.497230735890511,1.2426419449179018,280.55880034624556,0.10531551275928042,0.002725124395139465
58519,-4.963374575265732,-6.91070499470346,2.0351458862797114,0.8550413518266069,469.25263234453155,0.12685023368462556,0.002725134466774982
58520,-7.232190411896469,-11.563895185182865,2.8719591385794803,1.7859737554483244,447.79302108562064,0.8360359381715936,0.0027252824771242293
58521,-2.3377838867221614,-9.161216824567308,1.4131643649060122,1.0866407736026131,216.54886630240932,0.36058466166699166,0.0027262264953247517
58522,-7.370774869971971,-11.606871208440147,2.5591557420754096,2.741455387311208,465.6994571219752,0.6652918394686367,0.0027262348973219517
58523,-7.195326377535229,-12.734324464986887,2.7081489997326016,2.178434118223158,412.94189996966645,0.7721629075380587,0.0027267707043385652
58524,-3.0432700647106303,-7.385836966839222,1.3002673588851446,2.425738647188112,444.6507549258619,1.1935266420353194,0.0027270335131450068
58525,-2.3268501503786387,-10.97360025370562,2.206071733190599,1.5761415203171567,369.9122317583516,0.37078323657395984,0.002727193058989827
58526,-6.963212033667816,-9.362214932367262,4.577991724910114,2.2137690975848763,421.063661986276,1.0542348839329003,0.0027274141431790715
58527,-9.085227127533711,-5.051515635513959,4.181510258287002,1.8586907197550753,469.20266907680093,0.20958569377630365,0.002727921949596583
58528,-3.6664997757722917,-11.673481796528897,3.5141991694974655,1.0358206656918643,269.1660242487826,0.7922877110103403,0.002727950505131431
58529,-5.31902046498829,-12.65517184545917,3.429391337589355,0.8465072111848984,213.4134911551834,0.779142008834083,0.0027280121607758316
58530,-8.979799632199928,-7.7666407385040515,1.160931475011011,1.0645652726470936,284.15917404580193,0.5590065705642955,0.002728178876459928
58531,-2.4625264222596375,-11.99238516689726,4.459797296274126,1.0263961852921824,468.12678211103287,0.8561021379147977,0.0027284312709726626
58532,-7.729218252401584,-11.149756538340046,0.9567367617190263,2.2306979253868557,360.67472782668267,0.14669191183626928,0.002728458236783388
58533,-6.8463399524336115,-5.011647233280799,0.08376159963697252,1.2507889512442567,304.0464685703769,0.4066754759097835,0.0027287792572045964
58534,-2.7464297487095193,-7.547566055125386,1.456808447173372,1.3188657616391373,470.27314748927034,0.1245074567126947,0.0027296419536936333
58535,-3.535738273973715,-7.212949361860572,1.6886309566346513,1.0581204560740218,468.14433770143154,0.8759183707260751,0.002731690966754093
58536,-3.681895239477912,-11.986007021717356,3.4484256965887634,3.1070643229294386,470.7890599179867,0.22867190942086335,0.00273177605155662
58537,-9.236710355177179,-5.489139640774751,1.4814376764671242,1.724223423466505,470.23265095407373,0.1910635258006561,0.0027317785207395962
58538,-5.03971833940225,-12.989824500437388,3.3831785283236346,1.3818481134222642,332.7586540940224,1.1498083659925804,0.002731835711112031
58539,-6.123379626680789,-5.933527151611367,2.164082102976384,1.7724241451525562,430.54504317989546,0.5933371431960097,0.0027320785878003876
58540,-6.106225696284332,-5.900590900049288,2.3527465809873984,0.888532211525013,467.85534311039424,0.9001059012040669,0.002732235709643051
58541,-5.462118515075723,-11.302735621929907,3.6730661128723603,1.1736722125837145,285.2800550334237,0.4042604468453721,0.002732366412295851
58542,-6.279032940457589,-6.233994114020476,5.179374959445308,1.3972617999521029,308.2489540876101,0.695527816342854,0.0027330881773320963
58543,-9.184148402819716,-5.7668499716233645,4.0051284573220025,0.8795387906957833,215.8124369534466,0.11594558523166576,0.002733199247404081
58544,-5.895154260643666,-6.407520435701329,4.658948563856219,1.0400624030961207,219.38389877933633,1.0357077971572144,0.0027342178004548506
58545,-6.259595276046589,-6.050599097540213,4.797436628845286,4.090687176524009,572.2021173331601,0.746298481618827,0.00273512917570922
58546,-7.9132297688216635,-8.297905759805097,4.640975216187103,2.939022323636309,493.3411159950325,1.3034005983504455,0.00273513675094961
58547,-6.208159121973948,-10.274042946217342,4.128950773157308,1.3396529998611422,317.40284269456447,0.7111071607353647,0.0027355434781139564
58548,-2.8132814761754563,-11.855056436911374,4.184632741699341,0.7956504319840275,197.98553044795705,0.06552496146523623,0.0027358855234118945
58549,-2.6741718835556316,-8.217167137070831,4.671026904306568,3.52297315588602,474.6079248410392,0.11809647216842478,0.0027359397668339025
58550,-5.92627340901155,-6.650790250214936,1.5296682257452872,0.9739569327058074,259.2826164993787,0.8282900303213436,0.002736271288553433
58551,-6.679928694334233,-6.430198202159596,0.10558229250645952,1.0208412455161613,269.37746202451655,0.7191826177227219,0.002736323195896946
58552,-5.520684375212275,-12.58718446972893,3.441943219546639,1.1246091279639008,459.2563970699555,0.31212020260097173,0.0027365471342276197
58553,-4.242773206978621,-7.054985104435183,5.092067924819746,0.9385598609354185,186.77975479247075,0.7341036776535868,0.0027368409366388983
58554,-5.256831453647744,-6.691021522136287,2.479142564638172,0.8630862800875307,228.26544841295052,0.965606543981,0.0027375494207092436
58555,-9.340743387558948,-5.885138033900916,1.810639965947932,0.9754737406199547,189.7326131804323,0.16629926876516787,0.0027375740101397332
58556,-5.89476616311507,-6.271896196014327,2.34124897825071,1.6339912009204163,177.6018477223369,0.43231818799095745,0.0027379154252826633
58557,-4.081483343225583,-6.873774738266281,2.8122217732447057,0.8059639340165724,171.5578478984683,0.1201763830697491,0.0027381296313651196
58558,-5.6612917113938135,-6.869577004186458,1.4860779549509826,2.7499497656958747,476.12246942360883,1.2626791901885275,0.0027383572014976986
58559,-3.0808943917033247,-7.023751384034167,3.6771886930794015,1.7162683018899345,406.2213305368739,0.9614186113323253,0.0027384860337229767
58560,-5.316167772765608,-6.851214223637922,1.9434039645894712,1.2737067394025057,468.34248674788284,0.5145957104227952,0.0027386565780321706
58561,-4.276851727102516,-11.983908129200648,3.4591864215509167,0.8972065179001915,178.99995956113494,0.26028804682665374,0.0027391915073949106
58562,-4.406951259596532,-6.822868693727027,4.001297587129398,3.5325300521099545,529.834314841191,0.6202656243506786,0.002739362732289163
58563,-7.218570519014342,-11.986083439604636,2.784805637398862,1.575971465475708,468.06388201018484,0.7898321926721303,0.002740283549806575
58564,-9.325308198095744,-5.914773627846754,3.614917782446745,1.0666252817907187,256.79602427269896,1.0484896751940775,0.0027410461810641966
58565,-9.100145895955805,-6.500035593425835,0.8650630159802877,1.7178511254454119,403.55538890464027,0.6114689941464899,0.0027411824075525026
58566,-4.735670139726837,-10.915885112207881,3.7707316905337653,0.9218259913281336,254.29679980641356,0.5668827562062324,0.002741434264410937
58567,-7.629090846822068,-12.345470035336156,0.6234011939808823,1.1020859150174622,290.37442867815923,1.6173979701525143,0.0027419082128869723
58568,-9.46541944475026,-6.039326221181584,2.9772746960440317,1.7545303669384975,415.13414345752307,0.4946428514387309,0.0027419314608337184
58569,-7.574662241120615,-11.134458122466706,2.075270222597911,0.8872260674764807,251.8949898317423,1.1746405847335177,0.0027420766776698447
58570,-7.836416535455167,-10.360514803442543,1.2481660088748086,1.122504665541539,290.7534408901716,0.9416860848850099,0.0027421581878539635
58571,-2.3843542138040537,-10.875761220978669,3.012329111064866,1.361636763215796,309.6638349002258,0.3772221433287548,0.002742344588619248
58572,-5.74943655596581,-7.4660106819384815,0.4707489286048776,1.0112303614369222,270.12294965251454,1.653599522591577,0.002742556512973678
58573,-4.162748889186165,-11.470712758515573,3.5691382721094196,0.9573831001000147,466.6411245545457,0.5693997797261279,0.0027426338989378564
58574,-2.302525607585782,-9.865439800349813,0.9208890545782416,2.1228360228191576,418.55611720537,1.9157246779090213,0.0027427358490113955
58575,-5.6839205926280325,-6.410645571070721,3.889167807744369,3.6659921691693302,383.37526309299346,0.035992299246299986,0.0027435914061593194
58576,-5.90971121322564,-10.19025433544552,4.1998564318319795,1.5416456233417226,468.2327224435231,0.10415346527937075,0.002743904237640244
58577,-6.683515225604545,-6.677783502625761,0.057922885052490214,0.950539028008442,259.58848416399366,0.5927986835786321,0.002744217156603646
58578,-4.9535361209938165,-6.7671471999781785,4.297161822696267,0.8105677886824836,469.1843998163971,0.07685707203498549,0.002744217199391899
58579,-7.552411178332093,-11.35974669938965,1.2004922323956875,1.063227216694127,280.5309123012918,0.982438825959643,0.0027457419060466256
58580,-9.441404243135043,-6.405930995049445,3.0541997824479874,0.9054018289756294,467.9070636685251,0.5711972657237618,0.0027460688785645765
58581,-2.5074970128469083,-8.701431411079206,3.1244986834463573,1.4732048985636126,337.5184550494886,0.7424975436932124,0.002746261919881247
58582,-3.5746824087432447,-10.261759799359478,4.0771570252977085,1.610207620740311,436.65542068973934,0.6263823047610222,0.002746301256233497
58583,-9.218146719030617,-5.621193028567558,1.3796564798131405,0.8404820859930653,468.52443665450465,0.5282250833999464,0.002746665582611368
58584,-8.15577337632307,-7.113663946835648,0.22405698519327394,2.4417292914811335,447.6036314852529,0.33844933298083735,0.0027470713957840017
58585,-6.163649194448965,-7.353977761234768,0.26756808669064475,1.8721859924596718,450.34921602745715,0.13454596228401172,0.0027473535210074582
58586,-7.6014398087392845,-11.03855759293194,1.5844986694318142,5.622895918329984,473.24730115135645,0.024429147255800032,0.002748381902239945
58587,-2.58898768469924,-12.428575107778185,4.747034088934262,0.933211062369625,254.79859614198432,0.4901642974888132,0.0027484282676131402
58588,-8.675735962005108,-5.986546072801445,5.078931489109482,0.9846043440120019,468.9162195893954,0.5426623453368338,0.0027486844492579897
58589,-8.179635927572923,-8.187369678529759,4.28535428163237,10.30901507910919,644.1946692735746,0.06091638352805262,0.0027489767001883988
58590,-5.988512917207711,-11.502551517058524,3.6262070132623734,1.9735736998973987,274.7352051313216,0.054318749180033876,0.0027492522950619954
58591,-7.85559121027276,-8.394441957190592,4.602227708195723,2.800840746589954,480.25233803716753,1.2084654712581901,0.002750019968454005
58592,-6.465904212370335,-6.052371895058929,0.7302308777327131,0.8791291336152411,468.5097143362462,0.8038469976787548,0.002750067111229563
58593,-3.4674494876058803,-10.140413648480203,4.15537355011013,1.092372713330572,218.55125525325116,0.7601548472775157,0.0027501624359114424
58594,-4.249896386959414,-9.367775264735739,4.827530522909336,0.9329743004162084,150.69746560078602,0.19091281315439446,0.0027506049347681433
58595,-6.757281617917674,-5.179867498374858,0.3033613983651245,1.024114031909498,468.98391996785875,0.004309054408451196,0.0027513961885650877
58596,-5.732597086655462,-10.990628397246585,3.784149849849025,0.869078154126495,220.0968442055924,0.34546306864814547,0.0027516309329630594
58597,-6.571021699362062,-6.535820422497,0.27266891264967746,1.603664700493729,181.4277675801177,0.18868804484346935,0.0027521003082872615
58598,-6.351567445528314,-11.99845222954053,3.4828107767569443,1.9657268487684447,397.53543185258263,1.4152475279570949,0.002752106623184202
58599,-3.8628026030296585,-7.245476491815583,1.5845362340708182,0.9472090716893601,126.30074465160375,0.34172850250368914,0.002752214493290142
58600,-9.451992176725053,-6.553009079887798,2.431754309904158,0.6283975133456451,189.42145521438727,0.19842392896736083,0.002752945027595614
58601,-2.688005569909312,-7.695388837685437,1.774182752826078,0.8230264137764789,225.40266764254875,1.0420354759665065,0.002753113576685207
58602,-7.686714641491761,-10.230280025791451,2.568769540044829,1.4161411518737606,318.7028890072574,0.8445800408292667,0.002753974989018223
58603,-6.452881284044231,-6.127851101532309,0.7786945870416568,0.6305119986049278,134.63079904569952,0.16749060781781555,0.002754141534571766
58604,-3.43189478463591,-7.396027751284345,1.218300416476062,1.8099602951929126,431.2727465806131,0.5666777723617011,0.002754210563725253
58605,-3.7473517185586136,-11.499054284056564,3.542992855538334,1.298258992988931,320.881311502442,0.4425983906017299,0.002754596401429831
58606,-7.469862857165953,-11.59186597484387,2.228768238997445,0.7963327417380018,159.64691534754692,0.12375576230492591,0.002754801260007199
58607,-2.8079455762075947,-12.242032746622616,4.129597030849545,1.13023075735003,241.7887899478115,0.13573166380848445,0.0027558569216307384
58608,-4.637273169784467,-9.884617175163587,4.372181366262255,1.1850192507790562,262.15072478562314,0.48735217997087954,0.0027559720681521512
58609,-2.4889786756910857,-8.625929161633263,2.5263395667925135,0.7330829973771533,221.02097142591336,1.048210694965083,0.0027563300977271393
58610,-3.891921337580718,-7.449197989605552,1.0629780671058662,1.695651434149922,468.72481747671327,0.3228711326125042,0.0027565001487952078
58611,-4.587658268686232,-9.295591404314088,4.911402268658042,0.8050196865738835,179.1127193591154,0.025041968604224252,0.002757046352769426
58612,-4.376065236690241,-7.542274542727749,0.8468323983153225,1.1141642867569075,287.8502796128076,0.33900355536384286,0.0027573896628300576
58613,-7.300327485381641,-11.06436124603838,2.931047100569848,1.87996712845216,468.41790215013464,0.5967581716675658,0.002757689508970365
58614,-6.239758666271489,-5.471956324712863,2.473978701661308,1.115232208220957,287.9821602933405,1.3705302941785833,0.0027584197886343525
58615,-4.399610798084962,-12.482746492001697,3.3962780570507927,1.090995217540352,466.90616474578127,0.5783648421072805,0.0027588876489762154
58616,-2.4738902437107777,-12.787163578135834,4.493673848784142,0.9386032245956137,262.7856395973146,1.6806208790381953,0.0027596334392125626
58617,-7.461899076251118,-12.054238997946594,1.9287825507165515,1.6640414667121162,386.994805563563,0.08502285273310406,0.0027596945562831385
58618,-5.236849448764464,-9.844138022213272,4.427871295093503,1.9023715381840414,468.4885751977483,0.6173397335559647,0.002761030126222839
58619,-5.044166683921701,-12.842975278405884,3.3871233360271242,1.2483105017840106,306.77170164058515,1.1629062454072603,0.0027618902676386095
58620,-9.415756538448031,-6.698297258417844,2.972795882150101,1.0532829044706489,212.2716382917494,0.025845270552754762,0.002762061513374728
58621,-4.088208305472252,-7.107077374961903,1.9233083653308767,1.7575225415549554,358.97685180535717,0.3927283531866417,0.0027625187913320488
58622,-7.938207180529434,-5.04318743755548,0.07970065210750701,1.6961975436778416,396.64658568744863,0.03817226875836699,0.0027632850893816365
58623,-3.351556169921049,-12.390304707117092,3.386272473613826,1.0000059667701304,466.99957136091,0.6271452827867909,0.0027636238723783733
58624,-6.998644135638642,-9.840733170145223,4.0861300557051345,4.487738471020853,283.0385814586168,0.29291921138689947,0.002763734657077591
58625,-4.430412591881069,-12.781034254684908,3.3640162980355237,1.3693844502238544,468.3109965600182,0.0725587069221234,0.0027640207436482257
58626,-3.954747939742237,-6.888248028753702,2.9206824385044903,1.3019163338237212,312.3063267306462,1.6078079788204596,0.002764445502657782
58627,-6.487261677091695,-10.592027043229868,3.884420314841137,2.16026625809022,311.47299300968007,0.00860397943579283,0.002764539355447858
58628,-4.800703616922942,-8.081672113555493,0.16271048333684984,1.1731357777697415,462.22004771946274,0.1295713917303596,0.002766500746796312
58629,-5.488068501637267,-9.457208424316027,4.796875685524397,0.8610242184222909,216.73426975999274,0.12357090335198961,0.002766685531094545
58630,-7.755540508829374,-11.061324409436848,0.5917287721487711,1.2183160123899013,306.9211760684527,0.6429522577115554,0.002767292539375756
58631,-6.101196004314362,-5.900271980128707,3.694094358213098,0.7429388167461505,468.13116146061554,0.24874511171314495,0.0027673652487674215
58632,-5.142728863725111,-10.596155060829673,3.9306362148848595,1.8962271201813579,467.1619715388698,0.48536377287214894,0.0027678567945707685
58633,-3.7699584130364636,-7.411043571131085,1.1197107931264707,1.3368407934362703,320.0510966720135,1.1963672598459256,0.0027678886824147302
58634,-4.3555544116583516,-9.877066049506642,4.359069766571026,1.1199258886831547,244.5024431205422,0.30332754627508063,0.002768085708678272
58635,-2.431167228585367,-9.524712616924392,3.017465869776698,1.9043874695480572,467.72599739627776,0.45252021423304534,0.002768831602673174
58636,-2.3766961433756526,-12.399083074201295,3.1303337792415387,1.1493071674175002,465.93496705742984,0.46945944888957936,0.0027690217939131904
58637,-6.132407402405134,-9.9594576706915,4.355746751395851,1.8265071127698773,467.9563922016086,0.5822773424303405,0.002769439266110251
58638,-7.3936938036458795,-10.905528148012905,2.8197976640662983,0.7075266136088709,165.67857313128482,0.24699762714976092,0.002769612880680618
58639,-8.779470071976771,-8.291700628225712,1.3550121639112498,1.3322137148245177,320.12537922516003,1.4070375148663947,0.0027696492858330824
58640,-3.8477945101690194,-8.208725708824996,0.1121558345699093,1.383745880124301,301.65014284053836,0.15153708992884685,0.0027708750003097794
58641,-6.150336605942339,-5.950440194306043,4.12983431375782,1.8058837339017828,468.32310582896855,0.5071027636177705,0.0027710841197316387
58642,-3.279899431176262,-10.430017627050411,3.972816944497419,1.6277667090749752,380.2607435153232,0.6342412304475857,0.0027713079765633395
58643,-5.090726115162928,-7.274538339054185,1.0974932568594828,1.315584860998461,468.4026189954825,0.34729160292612526,0.0027714601892911096
58644,-3.4947035126033485,-6.938153828485446,2.6093493668987544,1.7176544622730063,365.91410895807326,0.5619737329819108,0.002771935492980948
58645,-8.69418282063198,-7.602540456298196,4.083453309174142,1.3963444309603916,328.5564904655609,1.660728687786805,0.0027720382853467654
58646,-9.070273709793593,-7.743593053253062,2.2178023215417904,6.387867960019177,686.0917535638622,0.41295971875448245,0.002772928252112914
58647,-6.226490152637636,-9.676614599570897,4.580672347873797,0.619984957694208,128.68254801073408,0.04948420333626036,0.002773119950718957
58648,-2.9573661193163137,-12.255402922684166,3.745629846343649,1.0570589646796384,151.13996588326205,0.2368904159134031,0.0027739731849317317
58649,-5.648429944795426,-10.465516383246575,4.02223489658387,0.76387084969853,464.54785807323316,0.26146579914916135,0.0027745229709669403
58650,-3.2911533196672096,-11.67120632382101,3.504100404004959,1.767661943208461,420.73389054701875,0.5139145432058294,0.0027745327729458823
58651,-5.893167999038918,-6.696138709451891,1.5237591142065408,1.2854453388122926,468.8017871316607,0.32698032556321,0.0027746296081337892
58652,-8.973308827157044,-5.788891479226589,4.474047662125428,1.8809679882300083,468.1381633639465,0.5611268627913502,0.0027746569254815906
58653,-4.90124949632892,-6.760250523833593,2.8161730974246106,1.8512523451161533,468.21527196172497,0.7489889466717443,0.0027750231217583553
58654,-3.4624834228558496,-11.945452132203602,3.442973552405867,1.8840312708068594,467.77806654291277,0.5800207019311241,0.002775111373309207
58655,-3.199116703536987,-7.158655329568841,1.8997033639878194,0.956160896532645,467.51583984875936,0.6176382018677282,0.0027753439650865077
58656,-2.8589500714224165,-11.504317549248134,4.124282447424627,1.0769313807490042,281.3998764897278,1.5292238355268912,0.0027763652361244076
58657,-9.466501059430275,-5.805095487941292,2.2761450235623015,1.0596755466367336,221.4878087227526,0.39917245026001513,0.0027766585220728537
58658,-4.848090522347163,-11.499968026991727,3.5789009894492327,0.9220186934402267,237.07096634805845,1.3905850022432835,0.0027781393853613936
58659,-6.338134338582503,-5.132426397915231,3.4707506876749292,1.539179090788522,356.41046061033103,0.792716346476797,0.0027781610680418533
58660,-5.585258648399292,-6.486635911522737,3.9891645288446127,1.2556114771254274,314.3963348962346,1.6436355184963336,0.002778431794312587
58661,-6.533949418891856,-12.88633545409579,3.323500352163251,1.8951063731592352,469.7132819742851,0.12490043857730804,0.0027786034138971736
58662,-3.252108525738463,-11.811402701582674,3.4853172742386627,3.7491098840220136,538.0628430724818,0.3499476984574672,0.0027787112172756754
58663,-7.4963932082393985,-11.25020188409279,2.323633190569934,1.3316327716237752,288.63315079453645,0.9219035607430159,0.0027788675206987406
58664,-8.823794831389531,-7.691357249261283,3.5874529572161644,2.627732203729418,469.0452479454394,2.0814355225768493,0.0027789599973763127
58665,-2.4439656217421106,-8.585989100935052,1.3727666301060661,1.6953325456865014,400.4046534050153,0.6481306677707854,0.002779513355094145
58666,-6.642843014496676,-12.122321599506856,3.3555342565681365,3.455868132209128,533.1441891227934,1.1914992307362224,0.0027795872341340264
58667,-7.577297234406384,-9.284852122370493,3.8741123974955753,1.1967924951649072,248.85856694801504,0.03501448217731973,0.002779681912513799
58668,-6.005098538287568,-6.073871005623315,2.637924068275899,1.0014164812783721,273.81593262014246,1.7501492713361078,0.0027797189949369952
58669,-5.023507705590002,-7.157039326917733,1.4533579219311465,1.057158283769679,283.4077691491625,0.9803699284607958,0.0027809245257951454
58670,-4.381194730423147,-10.340147794961243,4.039476254351893,0.7397628989664861,468.59809916824685,0.2656652217161586,0.0027810600852725556
58671,-8.479162857815158,-5.42905530645016,0.2731291969962108,1.5956462873804236,468.5477727501498,0.5005904522941291,0.002781147815742982
58672,-8.67683158842422,-8.520905954938275,1.285656215224551,0.999209942950251,275.59553307067654,1.8867086779485982,0.002783440660763434
58673,-3.9806827890656056,-7.527410131575832,0.9167476986952424,1.460365808578341,339.2841928603242,0.34654543395341797,0.002783588988693646
58674,-6.2914937989265525,-5.876081984177421,1.6792401219600879,1.025247906608952,262.42428933440107,1.3181725442593208,0.002784511686250534
58675,-7.932776630180321,-8.902195056786404,3.6710924437428636,4.410940961491052,470.3524373488059,0.06613802031596716,0.0027848560886352923
58676,-7.674205454798142,-11.530443165916507,0.5607380676217891,0.5180597067659106,141.1883287666241,0.796824805000691,0.0027850060563595616
58677,-5.767583516540464,-6.3544785528401,2.6873755086593603,0.7789450171523836,211.15944618380024,0.38240653015310766,0.0027854256571176483
58678,-3.330039652927237,-11.835903796163059,3.4644994048631497,0.8565334858449334,241.37575621293348,0.8624208548515,0.002785996814795295
58679,-2.654859701805493,-12.667319874525015,4.544057926218144,1.699567946438809,363.2747655384597,1.1658177120794626,0.0027862048714565554
58680,-9.43044536825243,-6.146559711274422,3.1707717835850975,1.1227929867322115,290.9084467842048,1.242476501860641,0.002786927341004764
58681,-3.9516139532410666,-9.408696930637086,4.772415086967821,0.7799514294279123,203.55207898367337,0.8584781410067448,0.0027876651956788004
58682,-7.360997549650699,-11.984031411761203,1.4207458069334964,1.2796141921705158,317.9776250977165,1.4556635829411464,0.0027882298977634575
58683,-4.496049522266342,-12.587208428664104,3.3830080899462436,0.8778130331490751,183.6325837468819,0.24640001261309497,0.0027882320162828387
58684,-3.787760341572593,-9.16927664823306,5.014314524322895,5.301123990692614,470.9643082843807,0.011844270995980288,0.0027883666077964846
58685,-5.166667350522485,-10.851967157306587,3.8056490450930305,0.9252817447545661,468.50913753266263,0.11463186590590269,0.002788473601987685
58686,-7.392018101133939,-10.15383430895289,3.326196434755195,1.6198610443341566,356.4536228077942,1.562693728953871,0.002788639892691333
58687,-4.041811644911539,-12.746596879071825,3.3538455101362477,2.014240327245233,401.4493851255596,1.2336714190168214,0.0027888015949647446
58688,-5.319380387010314,-10.471214587058233,4.000389431028253,0.8062334528939182,467.2483137473286,0.06265614085381088,0.002789230546782878
58689,-7.345069691476743,-12.432676346516478,1.567919386592437,1.1847768726190293,253.29035558075313,0.7773017824797934,0.002789422482791786
58690,-4.600253622233885,-11.615205594677386,3.5374583988655894,1.473239055168984,468.4147715628325,0.07486434949673626,0.002789571504015453
58691,-9.344790443708046,-5.778093559278771,1.8284701430339894,7.796540489367956,573.1098333070294,0.03066252721602325,0.0027897148901359276
58692,-3.3193917523643046,-9.068959482618373,5.120039168130366,0.9251689234506704,260.9124942180387,1.6569872623519712,0.0027908743336380543
58693,-9.292857379632792,-6.519440506808647,3.635308438769805,0.9279912304153728,238.96441433538124,1.237753437277604,0.0027909957309686087
58694,-4.980697182397018,-10.94918811926463,3.756116443998087,1.5971345277363789,367.93937936234016,0.28380569187458793,0.002791795154246463
58695,-6.190300777505179,-6.382476988937565,1.3430614786114516,4.602584306705343,309.484639525454,0.24275375384067832,0.0027920033772403
58696,-8.455673629388508,-7.995092110690695,3.981869495356017,1.342471854134177,290.8628533969121,0.1091286822254327,0.00279259308026446
58697,-9.443248932144046,-5.796398760572708,2.123122927759663,1.036697763875055,274.1269545788587,1.809226681851662,0.0027926589567602326
58698,-6.127677388982622,-5.79533409104329,2.6397665877447825,1.311642291254414,232.51742311699533,0.42955191227230305,0.0027926761357554156
58699,-5.009869451111355,-6.734321980525435,2.8932642589841997,2.4733499399538967,455.03712789484155,2.1813224211477698,0.0027929372974617056
58700,-4.428164726354176,-12.5052654997218,3.381746149885206,1.455303974527897,324.9851269891494,0.8780917605276723,0.002792944550867067
58701,-7.926031309159365,-8.232456488974709,4.705950865191437,5.463137776259003,586.4389174550107,0.14882351092284285,0.0027933559357602275
58702,-8.247885525026227,-7.830752885154084,4.688340162745319,1.340673492855628,320.9766972948863,0.788468376580636,0.0027935148814979454
58703,-6.200774867608048,-5.589182458989943,2.8652524560958623,1.7313830923923295,407.64723334816097,0.3340549746780921,0.0027953529597223663
58704,-5.3945242711829415,-6.549274656387304,3.227477946872749,1.5602328181793073,346.7797741246174,1.3936803433888514,0.002796499220406447
58705,-2.951443185629552,-11.217872079820495,3.98328373831836,0.9646787621157211,251.99351170994132,1.0445877923207858,0.0027977747217818845
58706,-4.290688229380207,-11.778764345796576,3.4895173207047616,1.030603617153416,275.8249177423562,1.2463960122229798,0.002798462927881897
58707,-6.465459599316636,-5.269442172779823,4.412284319559672,1.1647997581652043,467.9823114329284,0.6304041231115152,0.002798550574423925
58708,-5.78656255547582,-9.20577721773449,5.06765792663159,1.0236194362414406,246.68259458308722,0.605513005082611,0.0027992129928142537
58709,-3.4237049110532176,-6.9391963897555495,4.293786424059821,1.2353709498397172,233.3895052207869,0.031049599817984053,0.002799816191879173
58710,-8.133570498086234,-5.601086824365801,0.14479102294874788,0.9586143334207,245.9369278120181,0.8315299830241543,0.002799892912635354
58711,-6.846422562118187,-11.399902834942903,3.3734684375144703,2.4945438930881747,446.24265898699605,0.8513550382762585,0.002800058072001954
58712,-5.520862084429896,-7.791905824443031,0.2646942265552765,1.5063733222908977,345.02831922440726,0.20949537370156612,0.002800487189286609
58713,-7.492207658641581,-11.408670991108012,1.5173357642164838,3.588981239606892,526.4219832761416,0.37090047997295095,0.002800798760175931
58714,-5.899824177142635,-6.527913447806198,4.995164224978685,1.8485139540705149,368.50704137161756,0.6821514599989138,0.002801004224380299
58715,-5.1924047022456215,-6.632208870494968,3.3701534984128947,1.0647966102262914,217.74462524915424,0.5153308329737447,0.002801518520100955
58716,-2.5251726065559996,-11.904493165778629,4.7686338379697855,0.8140193965387365,236.71637666809912,0.9650328330689959,0.0028019843573310462
58717,-7.476528206036377,-12.325003782532141,1.086466419876419,0.9377731024903551,245.07858161905563,0.8579477274148495,0.0028020299831686257
58718,-7.456811565569639,-11.22146040720629,2.4686497603408477,1.6911180984168885,395.9452413350482,0.5337749471700626,0.002802111691008323
58719,-3.695718904983142,-6.932511422386273,2.705263348330037,0.9587866243924665,171.94927881415694,0.4264366329004021,0.0028023698685273393
58720,-6.580831984501238,-5.482174684731091,0.7045059844887743,1.885837938740268,467.50816698084896,0.3015280533093865,0.0028023752908594075
58721,-2.5371359411352916,-10.548022827808214,5.0203427746350995,1.4266338333631963,329.08698023251554,1.4385894500919258,0.002802468609677837
58722,-6.104773173494662,-6.292963660647577,4.8750616247261656,0.8763734094100235,170.08097338118301,0.09123033888590815,0.0028027845239763757
58723,-5.581113056330691,-9.527694282445403,4.723913494167064,4.718280604348414,258.4267315850442,0.3184920608012325,0.002803700567651754
58724,-7.2460947823021815,-10.655690732848832,3.223635233936301,0.8031340696848209,468.63946847800366,0.1466907391888297,0.002804356357686327
58725,-2.418417887635158,-10.056448583435458,3.2958366773458256,1.909045757079119,467.816361677781,0.51397676387593,0.0028043801450038943
58726,-4.014443100298709,-10.757934833036005,3.7974857058725258,1.0962614720096446,468.8706050305079,0.8885461315964358,0.00280450728927005
58727,-2.462491070023697,-8.521139537274664,1.1516421795672478,2.8782844165268786,489.8534366486545,1.69653101607246,0.0028046308688854096
58728,-2.6430401451205645,-8.127041477191742,3.985165056085599,1.1124174190705605,468.10748478446106,0.7349006013505868,0.0028050377503581673
58729,-7.321006293854042,-12.604602999922397,1.5586204689421317,1.401914102498306,332.4293268220945,0.23576330538064472,0.00280506819048622
58730,-3.9802772653334966,-11.334417931165559,3.590369784425421,1.373279580765066,328.4414499341267,0.23131272342040265,0.0028052955022450066
58731,-2.743017826544582,-7.54018249792955,1.1084004260080746,1.1376203944875425,292.46712025228544,1.5163382360726976,0.0028055117289952428
58732,-3.85166904300164,-7.438020435594436,1.079886775415019,0.8302833691707578,469.4661639652891,0.1683960459685503,0.0028056403687173096
58733,-6.626896159515477,-5.116784778525632,4.8301490781235445,0.7691732900836161,160.40012370781162,0.1874526667182126,0.0028057600727753366
58734,-2.5831849094816564,-8.18659472744946,3.0018076600679344,1.7082162075348755,400.7047762243165,0.6129310588294619,0.0028068091906031357
58735,-2.3315243907189434,-11.319679341473348,2.322686379196748,0.7926844339770303,187.68240731966722,0.06857835526746126,0.0028070663262090775
58736,-5.948687892712244,-9.938855581743812,4.374654806271854,1.063551697127998,465.33385372006575,0.5773442171898013,0.002807222099605723
58737,-6.715011858891084,-5.767631864819457,0.2723366948444045,1.175635988592981,288.200518826052,1.2522213003516844,0.0028077248219027726
58738,-3.987068184602524,-7.483938301665987,0.9910769622957065,0.7809786476485457,170.0704161771788,0.2802494728261138,0.002807736807580625
58739,-9.040986993456867,-7.5355128899854815,1.2331451964585733,1.0965340774082608,467.25099699688866,0.6360174450430298,0.002808125487494225
58740,-5.544849129828514,-11.687241196155217,3.563444197963346,0.6672643706500314,162.61280875763111,1.0709809667253536,0.0028093378261776643
58741,-7.102410112191891,-12.00842508018274,2.951384566121343,1.254192516236594,261.3239159880399,0.3123919033827489,0.0028096875293584555
58742,-3.663762400586906,-12.44110562181851,3.37223199337576,1.8030718372921983,467.8731915158561,0.19970614207448545,0.0028098457661741103
58743,-4.742221963956849,-6.958374851260458,4.923389659125586,0.8588910127918625,468.35298118899806,0.5185682802072646,0.0028112188250824376
58744,-6.366587255804128,-5.966846448990763,1.4097836099200631,6.917990597484338,707.2920197153406,0.49436809233396684,0.002811363460661808
58745,-2.823036513959414,-12.068775997819499,4.099789495020955,0.8676114623003198,168.25022024771476,0.06127975515591011,0.002811411848903776
58746,-7.911032984523235,-7.994467279801645,5.059472419876871,0.7975060928893659,150.34652839039586,0.231839042545249,0.002812223014557196
58747,-8.245480762335855,-8.822727097085716,0.47851904909581827,0.7875420942399652,155.03083305489915,0.154119758454077,0.0028124067467109387
58748,-5.319172777336863,-6.651568285982784,2.604106606329349,1.185625058146977,222.09926651330292,0.052840883719586174,0.0028126884000763412
58749,-9.313258646320369,-5.119034825702885,1.754059085789789,1.7900555072767157,426.4840839488832,0.0012479900143143041,0.0028129880613680137
58750,-9.002620080842382,-7.866147733395361,2.142194239181169,1.8166164394993265,432.2521838691621,0.5364143399960382,0.0028130416296082484
58751,-4.268916346830097,-7.352737025469047,1.2656845381041222,1.188599887640524,301.6213859649236,0.823014745392272,0.002813469399235495
58752,-5.2692774039567585,-12.343963426521917,3.441467659673583,1.805809611491328,468.14481867817113,0.5544634635583412,0.0028138653081449675
58753,-4.342457726500431,-9.980677238268115,4.2742843819598235,0.788766767921155,212.02630523513162,0.8325685720037832,0.002814920144928189
58754,-3.195521079653717,-6.971650907272217,2.6611331425674303,0.8390475614616778,166.22877235155846,0.14256103900597505,0.0028150997979834256
58755,-9.476197240155722,-6.181722181396626,2.665028669977185,1.381464871172939,301.0393643447499,0.5445705029013199,0.0028153443706254483
58756,-8.673960692327796,-8.411477094643995,2.175237881427224,0.9138844776056142,251.95844741574018,1.6463311180648406,0.002816089604880575
58757,-5.0666162534593475,-11.174201286257961,3.675735568123467,1.3466219403112318,288.6129628585184,1.0020072222914598,0.0028161406350784824
58758,-7.502717168833734,-11.602159434025003,1.7156856664945144,1.2547331589810464,263.00866228140285,1.039061198085963,0.0028163731926011955
58759,-9.475527977955164,-5.892679624694568,2.493235005351104,2.0035193309865376,381.59030924185424,0.38266404700226353,0.0028164837547733014
58760,-3.0700888777668736,-11.176945801154837,3.802545390370173,1.7968357011904048,275.79582947038057,0.016159413097370567,0.002816827649347807
58761,-7.435511878547717,-9.720492079686666,3.631601011905323,1.544753537712105,353.50280681379843,0.21887249086673144,0.0028171806172978425
58762,-2.830015997473664,-11.384940482731489,4.222799576761094,1.0983812802555273,289.43066190949554,1.6440234821386293,0.002818143204259101
58763,-2.526572169789656,-11.939381434777445,4.776888114057208,2.261317406429535,418.8253816986223,0.6466014059685916,0.002818423159387501
58764,-5.202404947172943,-12.391897824607785,3.43290737004156,0.7264251583906346,180.12479109861286,0.7747264177638646,0.0028184542321017096
58765,-7.165353658134641,-12.909406334839248,2.721136774736723,1.1530868085744772,268.01526553438777,0.3922202468798348,0.0028187336658926886
58766,-4.754248704738745,-7.062238468749172,1.8583044027598017,1.8356392106785544,468.14760884907975,0.5173065052029662,0.002819094847649408
58767,-6.698632827759651,-12.576588140747008,3.2608037624537123,1.5690084043234285,360.23746169477715,0.9634966623313739,0.002819928181500399
58768,-4.203308816939817,-7.882474460619064,0.4349882971334002,0.9738513501468044,271.7021741201469,1.8651954436602454,0.0028203786514877237
58769,-4.669290310430751,-9.518072205163667,4.6833375230667285,1.0586087239022468,462.58119237173935,0.9025113782389171,0.002820933413839694
58770,-4.490977976840252,-11.330761033903743,3.60214559422141,15.659938481100253,785.4081035526872,0.18567980227782765,0.0028209783752924673
58771,-6.088437069304549,-9.815118671722209,4.466347832780628,2.2484037551896887,425.3357512879211,1.0992839496553213,0.0028211130096975445
58772,-5.493396000590532,-7.0492312096902365,1.336522794463044,1.0430858909747474,467.9917217294114,0.3641848077299281,0.0028212525454150124
58773,-7.567692917101267,-6.749898639473554,0.014844988732076524,1.0172321250921488,467.707509359867,0.5592705797993798,0.002821286872032809
58774,-6.801813192166415,-12.044863249957867,3.2598209610814326,2.7192011877595714,470.77907505351294,1.0415163396400393,0.0028226991994765977
58775,-6.86557855699756,-5.124454521905086,0.021631861392808788,1.2145012374367086,306.1819831341973,0.34973209129338834,0.0028229658499198543
58776,-6.119512710828419,-5.8847226662812595,3.6964167957729117,1.847265307778736,467.04099471301976,0.1581995505458922,0.002823726393352015
58777,-3.830940185974276,-6.919617486840245,4.316767345273284,0.8422108801440572,181.22210865415465,0.8868871915007803,0.0028237522467746906
58778,-9.363879574588768,-5.310847729937801,1.8765155431079357,1.6654578573850625,154.82506479202456,0.3468987584680514,0.0028240662494021943
58779,-7.603923419866611,-11.12289318147085,1.2047579506703674,1.7501578892127876,468.01384870278144,0.37439788448268896,0.0028242423719033317
58780,-6.119901341889011,-6.689728437266235,0.9619274746683868,0.9141526311717003,464.41924900570154,0.4464738697875257,0.0028243650677200714
58781,-6.367235166084936,-6.026612879060167,1.3068317504904339,1.8911890721829272,464.55644362421623,0.24111346030038483,0.0028252291118294917
58782,-4.065303658171951,-7.0055225990199,4.84360109884756,0.8676132297229264,213.03045045509262,1.1212384247257674,0.0028263538373707276
58783,-5.147190370740826,-6.807579926751312,4.7024435872031125,0.5963296584789944,134.15103468834735,1.1077620251777232,0.002826826759845234
58784,-6.304236362190803,-5.715715097546889,4.290824772162673,0.9866768776630251,209.4746834657946,0.820709887646971,0.002826908347593254
58785,-7.4755166560271125,-11.878573678260848,1.9195296540983406,2.5533102475128264,463.18675786830175,2.487293716810173,0.002827237128520978
58786,-2.6556532982383763,-7.988492909278664,3.728920194853232,0.9164621086172203,224.29360102635945,1.016731335511988,0.0028273908128428693
58787,-7.282430388964727,-11.419997982621846,0.25878893987522184,0.7547543466903405,174.30212694658763,0.9199305645741136,0.002827952563674436
58788,-5.63751146517766,-6.658885213591629,4.892730345046662,0.498649526978718,109.4757995654903,0.32777114023665543,0.0028288134765295982
58789,-7.290494414758539,-11.091568459275294,2.919871315280363,0.7049752303846466,176.09296700640638,0.9916315888154692,0.0028295734813530804
58790,-9.221275560754908,-7.40425619402845,2.123890366034413,1.7930738005381643,434.7665884087137,0.24649802704331414,0.0028310407718810304
58791,-4.36865010776032,-11.473931922526944,3.554053759260344,1.8655814835385376,388.1742654753213,0.5482672104154238,0.0028311068020854856
58792,-5.423107831331091,-9.370316705163651,4.870352890400168,0.78543630503207,183.56341793949778,0.034068614521792995,0.0028317062521034534
58793,-3.7655218410997513,-9.812195397152461,4.390122569118294,4.236406178329881,581.2035520032182,0.7541435237601268,0.002832621279375368
58794,-4.50830710178828,-6.849191220129461,2.765056983205796,0.8897223824436755,467.581532272633,0.1363059464691423,0.0028333371599459415
58795,-3.983142928942984,-7.037118417362698,4.909909366363091,0.85200490977776,452.25952215409814,0.12871184571567262,0.002833487214371682
58796,-4.44838893440947,-6.929761011989006,2.402299302996717,0.8919348149265317,468.1987809588732,0.30561933479062997,0.0028337409740094117
58797,-4.224454434808033,-6.9191389970264945,2.5813028195627346,0.8785581713306048,152.6123162521203,0.18441979223967486,0.0028337923552991815
58798,-4.147087120031485,-6.945282376359975,2.4660847205327734,1.767146004087475,467.8430490540967,0.6773705930715259,0.0028338245663639804
58799,-7.309764782721473,-9.390272699718968,4.160867543077767,1.1677880438401569,237.21198818758765,0.14345388206059173,0.0028338686790039353
58800,-6.009469827792129,-6.062457014654798,3.5900800407165128,3.5087255206327996,528.1210380046239,0.6203490540317489,0.00283389555918695
58801,-5.918238201579711,-7.267882795301716,0.5790337135864622,1.7177306219865116,467.32667030295585,0.0839496975308256,0.0028346980740035672
58802,-5.142021097175681,-9.537363368488435,4.688723896044719,1.0813327555766197,467.9785943521334,0.8153594825852766,0.0028352349438509204
58803,-9.102333215844084,-7.228855562115685,1.2669140542787884,4.482833135248078,582.7015254399988,0.3054263636616401,0.0028359484158432145
58804,-7.112671904069101,-10.87863880563262,3.288085696978441,1.5027212953984221,468.4838685682978,0.3952965834995501,0.002836263885124345
58805,-4.713375747307956,-10.92231174442131,3.7459579005178734,1.183770242027118,266.4350542448267,0.3820449822946461,0.0028364400234821316
58806,-3.7562839890659214,-10.435133002666836,3.9582236654889495,2.726659669973931,478.5370693932467,2.335886399592634,0.0028367604489216358
58807,-3.9202146213832023,-9.502541595461194,4.67245003656908,1.8109730463152516,469.0222650469905,0.17661721594138502,0.0028372438296544976
58808,-4.443725455852835,-11.40688335164659,3.5749667470013264,4.134560516914597,301.15191033153917,0.18045548023779556,0.0028374878183614867
58809,-4.3874747905421,-10.9144494845726,3.734257626935132,1.5826494875467274,468.7485513558086,0.28959013711151904,0.0028375056529192297
58810,-9.216032546793388,-5.672391373553176,3.889704968096539,1.1735916583875543,299.84969746890863,0.735942280390641,0.002838829220132468
58811,-5.273848298892575,-12.00325553024677,3.4849719505439536,1.0672780869944223,285.95145836101904,1.522034829942907,0.0028389057854686143
58812,-7.150971317655359,-10.971965493540944,3.19431501357072,1.8155952451470987,434.6239841649202,0.0005000746989436422,0.0028396393804272016
58813,-6.559385191139455,-5.717590629339219,5.104292748491324,1.1040656222098042,226.06488350952782,0.14580594007946956,0.002840001446797847
58814,-6.40758712926159,-12.83840321029927,3.3558934339429354,3.7836069099827676,535.2860014798605,0.28138914914357027,0.0028401182704269807
58815,-8.538730543450779,-5.1723531476033475,0.30486526261333935,1.9001916692761562,377.6367381045605,0.6374473697155008,0.002840166556509708
58816,-3.4465182349814247,-10.027512771206082,4.213295992728423,0.4670764931575577,106.01064678266654,0.19957969272389953,0.002840251134494111
58817,-3.479709419216592,-11.842887648736593,3.448585585372325,1.089949737335029,468.03210459697624,0.6276368748043426,0.0028409842421813197
58818,-3.7619066964303194,-9.364326121678515,4.803981469577026,1.915616600082021,469.0378948503026,0.5991230456325871,0.0028414762547735186
58819,-3.2972561389676294,-11.806069263608345,3.4623628035850587,2.133704729367908,340.0151465863606,0.093576792367287,0.002842752245461789
58820,-5.823531976252378,-6.303526934534838,3.8661710077183735,1.059715497873882,279.51502215723167,1.309424521538621,0.0028439906233880203
58821,-5.950513661967591,-12.979366418765757,3.4001062186852726,0.7149023316886206,467.0117570998229,0.3485820599077929,0.002844698799428047
58822,-4.3702262891877925,-6.825970587537143,3.7457912765419827,1.3005339403760543,316.8564622120114,1.781091056130971,0.002845339574958805
58823,-9.278227794124287,-5.447349230018827,1.664509234413044,1.2014411836754393,268.5119768055498,0.056028479536871956,0.002845506052325207
58824,-5.420538813936727,-12.472031999163724,3.4291712763509525,0.8480429637704355,173.31257140048606,0.1411469397574434,0.002846167333923225
58825,-3.8086423756487564,-7.5700307702570475,0.875186869206331,2.9057366610665527,488.9855553532597,1.1037506198757843,0.0028473944785425034
58826,-5.834960228975733,-6.338179664403028,4.090530282329734,1.1098486780563768,265.8880868291015,0.465722079431206,0.0028476449257924773
58827,-7.65066568891714,-11.747927274457954,0.5708383098502859,1.4334790960496857,143.3030093758502,0.3511558877587708,0.002847873320025483
58828,-6.038464228268236,-6.173449782154007,2.086605139570628,1.7642609133144795,420.2347762957105,0.7947605966074596,0.0028479593951889993
58829,-4.286682907961033,-9.025592760494646,5.172172123227233,1.7691661702572745,422.8942316200397,0.3827183102937255,0.0028483662361315576
58830,-4.766143909451617,-6.868893369867702,2.460630289579377,1.776571040721889,468.17319171966227,0.09294259598584187,0.002848866318240689
58831,-6.01396298512359,-6.0900302826152455,2.4680081250115644,2.9435117185621373,495.7619144093187,1.7617616237854579,0.0028489581151927824
58832,-7.187877634605541,-10.775919861126214,3.2350703921131867,0.8583096213959334,468.3550830687524,0.5193768559923368,0.0028498575823482945
58833,-2.474235576580778,-12.753117360396553,0.21801414040129063,0.5989741822854346,123.95349549938365,0.9161921044006673,0.002850454248156795
58834,-7.948624331551249,-10.133606210454039,1.1621634364552984,1.9881346606314023,403.599679412107,1.7598322621490512,0.002850790942728237
58835,-6.177661358578954,-6.152582305839922,1.735328920602885,0.9959373607803865,467.8006677516376,0.6196856969848747,0.0028508228518265536
58836,-5.722844573728532,-6.558369497546045,2.0602160039966746,1.7313811764522329,407.9803159310818,0.5996708590637558,0.0028509291873013653
58837,-6.0869345850092405,-11.14293425335697,3.707684524192035,1.074470990497107,467.33016838546837,0.19787391745515226,0.002851012246853407
58838,-7.917355451706008,-8.478158833895947,4.344374543545432,1.8082954646824136,468.49287965442267,0.5420053449468059,0.0028521895951732256
58839,-7.4743155375798285,-9.895040140167984,3.3891428420371597,1.2735037152439928,283.38197276751555,0.10218256525393876,0.002852929447670129
58840,-9.206854678039457,-6.366106250499064,1.461556622523883,1.8141210925908389,433.26747642330633,0.1825033773483673,0.002853088118429512
58841,-6.248159917587947,-10.050237903913144,4.25984255195881,1.8014696706031197,441.1421646125602,0.8205803478132934,0.0028541493672430236
58842,-8.02059311505743,-9.786098725356808,1.7177729413620535,0.8711772360507408,468.449680615903,0.844509188838094,0.0028553755800480103
58843,-4.2671554172713,-7.079386331840692,5.152369002852766,0.9922222554066679,468.83335869638876,0.5944240070129005,0.0028556411046848774
58844,-8.97194699722347,-7.883362665244978,1.6310434301417063,1.0590667772643259,468.3399664403883,0.5136296963658813,0.0028556561162682496
58845,-6.229124112568991,-5.578960682929004,3.1390897651073364,1.1729364241902196,248.2636653589854,1.0315603408743028,0.002855903044369927
58846,-3.0339514147904447,-7.075368682620705,3.5901396894561977,1.8825415003007349,452.3452134730843,0.5555321908056747,0.002855984481657807
58847,-4.1133789841131465,-7.044769548588434,2.0921958644158405,0.8638755347858111,410.6022653095825,0.49028552953768845,0.0028567471556002052
58848,-6.111706364618508,-12.702331356384983,3.411202833735525,1.366026197368872,412.5241027952615,0.16228035771821503,0.0028577292385448365
58849,-3.7791144789786193,-12.269760012566994,3.3818162873483497,1.5926325242309884,350.4249407941176,0.3551360988661072,0.0028578457420134844
58850,-9.422195710688117,-5.971740555811267,3.183898914746666,1.0223537645311482,252.5469143712926,1.1306035856075383,0.0028583004606855525
58851,-7.467959364482899,-11.53367344205573,1.5463153534521268,1.9834865961751629,164.18366942029957,0.3263072812373409,0.0028593685286743874
58852,-5.946588486375868,-6.124044986149063,2.879525572145928,0.5972932187811705,142.09187946514956,0.4766586336344121,0.0028594613252503113
58853,-4.9988043547900425,-11.111059745124702,3.6813858628606755,1.2897305000355643,314.65268926228066,1.6969137125083913,0.0028605745824981463
58854,-8.630195873139037,-8.254401180132152,0.6457348741939617,1.3330632729155327,468.42758511185707,0.49993839660302086,0.002861372923639172
58855,-4.500589045473528,-10.107971387013325,4.179613897877128,1.7097587722417098,401.2382423891959,0.13575919243569334,0.0028614074339141497
58856,-6.266414107342399,-12.53992509053452,3.407047328768516,1.0803975575106535,281.57647614533073,1.4257221759134193,0.002861982547804029
58857,-3.8784394828592026,-10.92943771466982,3.715042469550684,1.1078488855185804,468.0210786385602,0.8636600854121683,0.0028633624298737468
58858,-7.322256643373892,-12.12160750459706,2.4810092178446714,1.2890665968247084,317.2030787120812,0.9125154094228218,0.0028640975351910693
58859,-6.396787632757031,-6.1614277777624595,0.8682138967447137,1.2595437827977554,305.6989322574374,1.4730260656242402,0.002864566720892625
58860,-9.466329202302212,-5.018866053772545,2.6829557314809445,1.154508896149601,265.75858115605666,0.37835113847413204,0.002865467499398552
58861,-2.3500966423243463,-11.273627957683253,2.565746990497023,1.0944702347834383,467.5272451668092,0.7914179646619219,0.0028656542873733665
58862,-6.022848745470357,-10.503969773156697,3.987244899201324,1.042898450996929,279.7902063841485,1.5466742021114532,0.002865894501147897
58863,-4.621766457517046,-6.85994165153689,4.397366770040808,0.9944568680166097,274.81684037647614,1.3698777740955617,0.0028659219993994217
58864,-6.506874735606614,-5.607306477021779,4.863041082305855,1.1482145371711971,198.7195475954039,0.09859479449882969,0.002866000138950089
58865,-8.803332230744633,-8.195624763008821,2.171701800613932,0.9925455178981805,467.17749227841335,0.29645512232201643,0.0028660438819732804
58866,-6.629554549010018,-5.120638236518873,4.846729323274663,1.7795755702192257,468.12271753360886,0.7436182874594284,0.0028662896535397975
58867,-4.495791090890275,-11.898527308236131,3.4538101969715944,0.8604081864380132,204.95015265548733,0.7984958763287064,0.002866992472339899
58868,-4.15333942969327,-7.036144817932241,4.965083375084116,0.7452241369410604,437.04453274592174,0.48342537224832327,0.002867047897345495
58869,-6.481028757603531,-5.750923439755482,4.955081804935655,0.7302887141176886,218.77538760456363,1.4369672893019407,0.0028676070541758876
58870,-5.4107502630897395,-9.808166233102014,4.451765004213914,2.917925265620208,384.8493984421315,0.030678284442160475,0.0028676429460844956
58871,-6.5754952933432635,-6.335503088161331,0.3955238866472446,0.9688576270541025,251.16069757687424,1.2463807202661998,0.0028690832497377484
58872,-6.528484506412589,-11.380207727476614,3.5448057406624276,2.6577836257834537,281.1095808860552,0.1244164841009967,0.00286921711930849
58873,-4.767721354711428,-6.773025406695219,3.156811575701552,1.3216260319278057,285.684694938651,0.2063057876979153,0.002869816320960499
58874,-2.493384624174766,-10.700986409264907,4.707870115251582,1.9205913908209884,392.52677207857744,1.425018208090413,0.0028703141915361733
58875,-3.808217355010046,-6.887017204088955,3.0380559047483344,1.5272539484587475,307.3813794536901,0.40087718559201235,0.0028703776825812033
58876,-4.779676160795657,-10.13914293623575,4.166329011252148,0.69167950209732,467.7087795337223,0.40341548578959063,0.0028706198501376695
58877,-6.367524604850079,-9.152721716642285,5.072611971581558,1.5802941944313365,362.6228066742834,0.1642954799283789,0.0028708802876028154
58878,-7.829118276315176,-8.253915744161597,4.830786884173851,1.4622086949193873,468.6441369006563,0.648358439499102,0.0028713242300685933
58879,-4.7622622873805405,-9.049875809469764,5.15912747199612,1.305920229010062,315.00834848850894,0.2077480043923332,0.0028720226927571803
58880,-3.8149636857396203,-9.803171973053823,4.39204888681299,1.0598084482932217,222.5167640955622,0.023698458741439943,0.0028724679119503695
58881,-4.619401461549896,-12.640906370774832,3.3653320003411498,1.9613214526593805,396.5808481346002,1.3562592323427536,0.002872752239453617
58882,-3.059942427279224,-7.295322764325049,5.029440308889435,0.9317487385009211,209.93008382971138,0.028367442202321236,0.002873392792682541
58883,-4.411391234423946,-6.871343735469828,2.888969423064985,1.0156287600876241,468.7654955031825,0.4916229169609192,0.0028738564094951883
58884,-3.4752041781865897,-7.131102380749509,5.174670316706024,2.593711792497451,466.81155005744284,2.491650914760643,0.0028741004099079666
58885,-9.094716934772535,-7.14428917840563,3.6890163986971674,1.3647229847701643,296.1402434607095,0.764731690730339,0.002874194932221151
58886,-5.884963551405148,-6.531344774390781,4.943996987588116,0.9790705273645036,469.00232048311784,0.6381538756900831,0.0028744576744455345
58887,-5.76262211041668,-10.909359291233624,3.79536712697846,3.0404171325650773,308.3503200386924,0.10471613745117647,0.0028748924473131605
58888,-7.288067318826186,-11.240571786458464,2.849734306855919,1.376609709429838,306.86178186132776,0.18002410305245053,0.0028752722155116713
58889,-3.537031310437646,-12.434727554058302,3.356967448297826,1.6697561130318002,468.05081322231763,0.27864795323220637,0.002875755894152678
58890,-5.917991198782241,-10.545461751037923,3.966725097560921,1.3328283703027626,300.67602025168844,0.27109113289597175,0.0028764312910365695
58891,-2.49951865383784,-8.378308468731085,1.483301982150087,14.569304782964586,797.9224079938203,0.21122720442016973,0.0028765130955748265
58892,-7.398085425607653,-11.290220017167423,2.5792501735379765,1.6732904593424884,360.14557153682256,0.3770064487478404,0.0028768913402539044
58893,-5.856197638083337,-6.243926204669131,2.8958784722776367,1.6991912680582404,399.7247303921441,0.5751959406043392,0.0028773664822570565
58894,-3.661609353990455,-6.923874435057582,4.192222978437451,1.190522040719145,297.0571765102326,1.6248609564367582,0.0028774801426558264
58895,-4.364962414869954,-6.865686818761169,2.8399992655739235,1.738637364238831,413.1355823119179,0.6358958873698137,0.002877846367244049
58896,-8.570926768383499,-7.643130216163717,4.2807901236486305,0.9334191765302119,467.36767866282963,0.33614444682765665,0.002878192934450689
58897,-2.5051512404076304,-8.805487247879965,0.6027731932067699,0.9154898761562409,183.6960822708431,0.33922616294343033,0.0028784063397457402
58898,-6.761507090690117,-9.97882968058828,4.1333402157251875,1.014517886929654,468.14467954192816,0.4414613210604177,0.002880068959436971
58899,-6.221389513299939,-5.596429053985978,2.571997548425389,1.1426787339915232,290.912773582213,0.6682414977782418,0.0028801597177937864
58900,-5.2002900828713425,-6.682853604505599,4.045074733222374,1.0948576812899624,284.61943881892773,0.36111196454450845,0.0028804646090131187
58901,-2.5886669101081194,-8.05436629628292,2.345651590957965,1.0236439304491745,256.30436063794923,0.31856271610338815,0.002881368652757464
58902,-3.8370120279839472,-12.726829723034614,3.3262828247223677,1.845700484997765,469.8921436790603,0.0904345708478651,0.0028814548544708945
58903,-6.211729647558016,-5.679897940372584,2.355692142265761,0.9213759089033727,184.69069393351594,0.555340010764902,0.0028814907882001276
58904,-7.7395266191948355,-8.62149994588461,4.457839388713551,0.6724913328436717,135.78102771264656,0.777599138217548,0.0028815484519811147
58905,-6.239643975283112,-6.311425326098831,1.1282760523630622,1.064364013049651,467.13620698318965,0.06566289820984483,0.002881635950965364
58906,-4.897882304558584,-10.56364086769276,3.9138056389615232,0.9582225819412827,467.2923640214753,0.5890099151433006,0.002883065657728601
58907,-5.910560991131355,-6.458129610870561,4.773255478466513,2.0656402456136127,360.1259328109371,0.13734258472764882,0.0028836284685151464
58908,-6.527720811305566,-5.058841239829276,1.3262489210195798,0.6533292943853551,188.602959061208,0.9815868507392302,0.0028842085659749345
58909,-2.8542641414452143,-7.462243813895238,1.6124931940005318,0.47284107675950615,136.82819188147212,0.6706786953098476,0.002884858152167604
58910,-6.700269150591657,-9.146488966915832,4.960427463441874,1.609169722743329,374.8612953932056,0.5410010748000325,0.0028850063110130693
58911,-3.5608641143497435,-9.158748195209188,5.005879527836187,1.3193614919001049,296.379688486286,0.30101946466635887,0.0028852922949547735
58912,-4.774770997811553,-6.940162806295012,2.2358668873389194,0.9505602383051374,265.96396878785976,0.7565830729169924,0.002885611906925245
58913,-5.113006448268747,-12.965782176379196,3.3600867945675743,1.323995061517008,324.2298998633549,0.432785579341898,0.002885760432521801
58914,-3.7911991590124874,-10.58779397274119,3.8617932084078075,0.5148615533220865,152.66280531165927,0.11025055379709148,0.0028865145563549285
58915,-7.601872287234071,-11.832330050748158,0.48246162190766,0.8230983823063158,467.52318049584926,0.13871651936725815,0.002886994201417728
58916,-8.12213255157726,-8.585625632446236,3.7240637036870097,0.7521447652253922,215.46885575080154,1.3508236656705703,0.0028871149774177566
58917,-7.547609950791397,-12.967832605664224,0.49849546150794355,0.8331310084680202,469.80658642294617,0.16309466495656455,0.0028871661786397016
58918,-4.123757189219861,-8.0128403754324,0.3154197301270724,1.3236899744180513,316.2710213676822,1.560411898845036,0.002887666580511263
58919,-4.40193099509779,-7.196327502481355,1.7020674499851562,1.7341554930783467,409.99516963388237,0.46837299535534616,0.002888746686018261
58920,-5.101075567100325,-10.194577959468491,4.143324596701439,0.943937265997987,247.55504757280735,0.5746114165415301,0.0028891520960981475
58921,-4.202142438642229,-9.608518860535552,4.566282234237702,1.7754946949761146,467.7673032858824,0.45304764605229586,0.0028900615064654652
58922,-2.4589481730932627,-11.49379601387832,4.3718897312739164,1.9347812464115512,366.2975367468794,0.2239802043428769,0.0028909850393223943
58923,-5.873241549305438,-6.413032850470286,2.106188881110796,1.5119590442153148,468.52827966531447,0.6675569432542945,0.002891145398168608
58924,-9.22759496263975,-5.868211972176269,1.5002085760112787,1.7274400496523177,367.9289225541119,1.1875300082180802,0.0028922012438725962
58925,-7.46767709237007,-11.901214601365655,1.88826899482005,1.0452948788473713,469.2895997701368,0.6289888560258454,0.0028925634750621245
58926,-8.826819032962069,-5.390966326952819,4.714439808852915,1.5142982777869034,272.65836591648423,0.5302167946541703,0.002892606722219232
58927,-2.956514121859181,-11.079366393449938,4.002855287925196,0.7526748545873216,159.84069695825232,0.05521321623021702,0.002893012998367032
58928,-4.9495413392913,-12.280445425659117,3.415905643689284,1.7362355265753826,409.83578215538364,0.5088941543399255,0.00289364589483369
58929,-5.862232869504406,-9.31158078871363,4.940684052376528,0.9513852403606883,469.9025487745707,0.06859889767588356,0.0028941481718772256
58930,-6.279530877659655,-5.544286785789611,2.137642846534929,0.9929322722337546,261.56300075542555,0.9265754643974367,0.0028942490937505995
58931,-7.728198033676724,-10.553306117110964,1.9002870760469934,4.338019232582551,584.2748534601387,0.5960295310111983,0.002895968474004989
58932,-4.219834415200385,-7.117838577186269,1.9146915990776325,1.182811645036747,241.9540188252042,0.4050728251923781,0.0028966493602270394
58933,-6.461844572804784,-11.944269658034578,3.4360472939710935,0.9424830944390307,467.1980149460472,0.24358142800992244,0.002896755048077388
58934,-5.142824792324414,-6.859830693171527,4.883362005324404,2.379957548019272,443.90102805348477,1.705409867194562,0.002896881785550123
58935,-2.2564239856407164,-11.316810135782571,0.8519325920008138,1.052908075394139,285.2739852613255,1.0682688859670195,0.0028980909366615754
58936,-3.5195476545305224,-9.512086799860203,4.646100154571179,0.8637309176726646,463.77478412921334,0.0036382712766096503,0.0028990722695468926
58937,-7.423358127300278,-12.301900049565187,1.9471737030591987,0.8724550328544443,220.0558161759656,0.7604228662423331,0.0028995042943676455
58938,-9.199515068242205,-7.455989022587396,2.3289293527409907,0.9378580054560814,255.21433314875873,0.9303992350769823,0.0029000550050629643
58939,-5.8644775927482105,-6.872393546668268,1.2490489712839528,1.5619182386818111,362.2312282361812,0.39598194284332244,0.0029009296261273683
58940,-5.6926737854764236,-12.564628325386208,3.4197311687473237,1.0430736825320521,207.29632604381973,0.08507884203658467,0.002901480809999932
58941,-5.0020053361253884,-10.311621214979137,4.058622624572782,1.8981899057301854,469.5182450361312,0.23455823601272563,0.002901994127407464
58942,-2.8625840120737607,-12.066562046673274,3.9586579065966343,0.8472605183368335,172.89606427713062,0.5711106916589843,0.002902130032981995
58943,-9.177541879120241,-7.440577408717417,2.7409287129560798,1.5791735106370846,335.35486448629246,0.6540044034536079,0.002903477130200853
58944,-4.448992325039862,-10.696408779083537,3.820426770382341,1.0713046325449824,171.34903854579096,0.4281097721724709,0.0029042026908350184
58945,-3.7776177614180977,-6.888743762834096,3.341106266601669,1.1990796791696596,282.28920579347465,0.24119412669310503,0.002904358156966771
58946,-2.5971864215264597,-9.63105255520344,0.0676266767928584,1.6614869768453617,364.2223232346068,1.9180845160595172,0.0029045220402614948
58947,-9.422830111436367,-5.775232498889044,3.1474220797305,3.012352263953901,468.93506102263024,0.29333665446609647,0.0029046572803798185
58948,-5.541584816665087,-6.795816175991031,5.1071780626056205,1.1789343101564447,301.0529937367059,0.6514340142044954,0.0029049925557865742
58949,-3.359376410959336,-6.982296644140515,4.550793236121258,1.3537502080955863,319.187570936786,0.28615200409219277,0.0029050377835697313
58950,-4.232963931775954,-11.951106740140448,3.4360947851666612,1.1573113660008791,235.88624946877997,0.5428998874927107,0.0029051906393646153
58951,-8.016228537682878,-8.43516516473398,4.20453783178712,1.3693939028876287,305.89713375257924,0.18534414669249877,0.0029062180857560554
58952,-4.549336908166789,-10.936204161173603,3.7186927602474764,4.069761626844882,572.8053962996453,0.8937428388548065,0.002907150682337944
58953,-9.046018882514275,-6.000181479585158,4.301069939749719,1.573010368666945,364.57977282399247,0.18255087808776782,0.0029072036487993815
58954,-6.153103803129229,-12.781546892733742,3.3912128127001058,3.5268740445140967,532.8587761426601,0.723774368049769,0.0029079452911121868
58955,-6.458686483027806,-9.958547021949162,4.276325574300382,1.4947691372997367,346.7470299056409,0.9167812348281625,0.002908007182138799
58956,-6.297713791221668,-5.794086894638028,1.8999682450683644,0.6141831725120758,194.3938397409196,0.4147071469659007,0.0029080815031947062
58957,-4.912094640399981,-9.604956725164929,4.597785831074972,1.1309567630126842,290.8097628659062,1.3386370844549056,0.0029085703786059453
58958,-6.137197348154908,-5.817140758589732,3.3012417896916655,1.5411425703008832,365.721697680565,0.5525278140552059,0.0029085949862804775
58959,-4.379298274954813,-7.361417321788779,1.250303023943651,0.9117497939895054,191.9772293121317,0.22294848685542945,0.002908822186541212
58960,-6.702662586077431,-5.379238098537629,0.4236341481194009,1.6659384954940675,360.76233586531663,1.3378461483931368,0.0029090465409458005
58961,-3.8269048373819183,-11.698928304352803,3.467652030299072,2.1124936355995545,418.4948053345079,2.2624748623335877,0.002910646586863693
58962,-5.487755744399737,-6.542548814703576,3.8288257366533403,0.9839539377034463,273.57122878618196,1.4149504533751758,0.002910656377084555
58963,-3.6044426467734176,-7.435266805463344,1.1156602436873417,3.489585147384343,453.7943484537981,0.12350493034666865,0.00291118683236662
58964,-8.989641702558036,-7.879318721188774,2.1452703360583865,0.5887299768790241,182.24516614884934,0.1637081980538282,0.002911740549617541
58965,-3.1757999224991966,-12.51595297134593,3.396060865681558,2.4017780825348463,441.3287466819722,1.120039515290303,0.0029120211904990314
58966,-6.3401065403183345,-10.420553909568298,3.9911481059101743,1.084120028501086,468.9019338866493,0.7767881684600741,0.002912207994995229
58967,-6.345110205477804,-5.173425326459944,2.2553803795785754,1.1549652192774322,251.32519347147903,0.2992230366170441,0.0029130078723021433
58968,-5.999399846580398,-12.687227073012501,3.4059875697868724,0.8523486949414147,174.18309036061657,0.4741646788892,0.002913758759171201
58969,-3.912331531286057,-7.102873662489565,5.126552831479498,0.8156741714100939,164.42009141890412,0.17634378427392594,0.002914094730040594
58970,-6.052601618426614,-6.889194768073878,0.8949126395242388,1.1166100287575447,228.51208592617706,0.39496749709787604,0.0029146935900991526
58971,-7.3169249519047375,-10.288195922099902,3.327199648349305,1.8305503663817755,436.80070987225577,0.4894665987093978,0.002914805980956608
58972,-2.9264824314417144,-7.415339196058173,1.3821044515946614,1.1725534008512797,230.22051782434428,0.12421249648525379,0.0029150763143469885
58973,-8.451800990242553,-7.46241852192525,4.764113925338439,0.9764069530890445,257.7628819898968,0.9041967999161153,0.002915213058801167
58974,-2.2021680925448583,-12.26935682014282,1.3876531735364672,1.4243891469854335,329.48320126489324,0.4654132253006722,0.0029153060633337925
58975,-4.527697761295057,-9.210428536309516,4.973455752075175,1.3899267574811767,303.87831815929405,0.010979528623290769,0.0029156486673951026
58976,-4.252355300948803,-6.972758102735095,4.715113016424108,1.1044124150575523,285.03895654717184,0.7770323541848381,0.0029176558784598087
58977,-6.501777433401328,-5.702390699852854,4.937370714806869,1.8451038209198265,469.18247245791355,0.14323668260792832,0.0029186484739919033
58978,-9.458441692284522,-6.115818075734935,2.425377187884442,0.980302151232421,260.797576758049,0.8205184926578148,0.0029199173548727533
58979,-2.359114236611683,-9.565364534218423,0.8212439192577621,1.0513985405845294,468.5980205026506,0.5954291084480472,0.0029199877880236617
58980,-2.596429289615438,-9.215011216823378,0.2200462319812517,1.0151050148448768,162.8635213870839,0.1861862467064208,0.0029205358049989322
58981,-9.388899430995588,-5.627450003333218,1.9486554231263014,1.174155972732438,198.68522532005954,0.11096867703089242,0.002920773645731148
58982,-2.716044374817834,-7.659555175291304,3.1154918561563387,0.5688593937138249,132.97644056465086,0.4361095711472771,0.0029208695517364963
58983,-7.074200761404546,-10.328997510029977,3.62116358141324,1.2570213639656698,298.5813619990989,0.498853905946798,0.002921221971463917
58984,-7.495674161936763,-10.920658383269343,2.507419659694286,1.8845061966134316,462.8910431047336,0.5951237325284628,0.002921429331463961
58985,-2.7216330558804884,-8.257030956185877,5.128310219839324,1.129670389258484,291.17436558729156,1.5370150024905174,0.002921853675125534
58986,-2.9029801792434284,-8.162619786594984,0.37119634027852044,1.1137875920351867,294.9683532902689,0.7604426545523344,0.002922031707313276
58987,-4.6738688049799535,-10.815160199533688,3.77618850679318,1.4045322288956443,328.65625007162174,1.0944682555164942,0.002922089132125057
58988,-7.38736836670672,-12.328224785818817,2.156212171326153,1.2183605006453642,270.0914894504107,0.04913850562450328,0.0029224045169174598
58989,-9.324774956835833,-7.042767968229229,2.8983435025250412,0.6245216391350684,173.22481398048203,1.142430704581387,0.0029231133289150156
58990,-6.117060223966948,-6.387117269479817,5.057816674736623,2.5066214724012883,458.65354109739354,2.389613931514136,0.002923252078267605
58991,-3.886047513612029,-7.8426628574690795,0.5131792164026548,1.708208299954301,404.74811403157616,0.9289167660426347,0.00292353044674526
58992,-5.010111333746546,-8.20389615210247,0.06205263054918282,1.5937544279194402,414.082909179028,0.8046093370678067,0.0029237269862754365
58993,-7.161685574427367,-8.955362896416922,4.825348432872871,1.00145029508773,262.3525828745951,1.6483240440133056,0.0029244195407255274
58994,-6.216919011991168,-6.322446884456757,5.141906620860831,1.8944054442766654,457.2843832118004,0.3259519087152105,0.0029244516032433244
58995,-7.9064805419332345,-8.752462805649593,3.934687836309848,1.3671516407256488,468.00954664269227,0.1668299799888251,0.0029248002506037127
58996,-4.886594447156542,-6.955864263505807,5.000043988978637,0.7354677473043131,222.5613463526618,0.5329288893082618,0.0029266510218530013
58997,-3.276279399153288,-10.008824673311928,4.227085314090646,1.7964109781244475,426.5629856456676,0.05437639420459117,0.002926664770556012
58998,-2.412067246350534,-11.68194944909565,3.7769115981589483,2.85265714466732,488.15703342279215,1.776544262879507,0.002926800711000504
58999,-9.052932606381665,-6.234773558241158,4.278816120684174,2.359625007350648,416.1762904588317,0.1922702205454696,0.0029268038727603327
59000,-5.907084969317233,-6.228619141656016,2.7426443884494542,1.0868774849495764,221.289114796026,0.2476932065374422,0.002927107316911514
59001,-4.62612503341758,-6.795949998692076,3.708036160578618,1.0663632486914552,273.65695370884924,1.1247637427672794,0.0029278503546824163
59002,-7.817489310032892,-9.173432912357285,3.507273646114679,3.3312311899241056,511.9266215887484,0.5545792979960487,0.0029279017196036402
59003,-4.14439697538776,-6.849881468807335,3.5008593085556177,1.8167159481576596,467.97617348206575,0.5921064567829788,0.002928379868843572
59004,-8.817778103104969,-6.371904339580349,4.761783519843959,0.816042632550463,463.1848127031177,0.00880322311811188,0.0029286099235973015
59005,-4.721107621087574,-9.141904962259588,5.053326069339292,0.869988270310754,404.33567878742394,0.8563932236879062,0.0029288861309306126
59006,-7.511857840507924,-11.556953636939477,1.8659963119397018,1.5046937079405183,321.92606223288027,0.23623234859173348,0.0029291558762990326
59007,-4.586138752723155,-7.5684638247166,0.8099840553722374,1.0318296836281102,148.09834596380009,0.2453280477692532,0.0029301556417734454
59008,-6.522853481266079,-5.3994798176929715,0.9339433951866785,1.0574468564169637,414.00965604963267,0.057100457866718024,0.002930251455502003
59009,-6.0467777388564325,-6.166110542130186,4.203826023877823,0.9746717052488683,150.53596749488258,0.21908695946224022,0.0029315084716729713
59010,-7.132248361532643,-10.881672826579916,3.244168552217392,1.1833813118144183,268.7400477119468,0.44545121849968705,0.0029315905453589264
59011,-6.583716527599002,-6.632730264983267,0.24173087171144525,1.3206988330253586,317.35659457302046,1.2961142648503374,0.00293162391291908
59012,-3.4684291040918573,-7.045106144330065,4.840715838815194,0.9607641405162511,467.5447757477436,0.17748787409410038,0.002931674946807942
59013,-7.443165164511024,-11.798096383576787,1.654181441529233,0.9082658282956825,259.0605088860922,1.1736118275299647,0.0029318663824807007
59014,-8.153321183338445,-8.996763318785026,2.8675387703567488,1.617200188321202,376.3108637441025,0.2996803815945359,0.0029319202685581616
59015,-5.347989919565551,-10.471367963149897,3.977354272207893,0.874601095211034,467.6047603350097,0.629904569048592,0.0029322049973263286
59016,-5.492873590262586,-12.077623749909225,3.4619618007433224,7.932841794742177,478.89038952430604,0.09812860823554193,0.0029322852022865085
59017,-5.498956677280923,-11.855473918591233,3.5058804727599258,1.3091466876301845,322.0851160566509,0.37148268227741177,0.0029326094303673183
59018,-5.910606910891851,-7.2315781058620265,0.6773259434780524,0.9061169334045449,238.17481562077026,1.0691754854392972,0.0029341220938736926
59019,-5.696918641172079,-6.578058161518836,2.152117749434064,2.8822250911313456,484.16888161945275,0.8589832608013017,0.0029343080354361645
59020,-7.677635831161277,-10.751834192778997,1.2758645614928479,1.750882800327769,374.5799173225839,1.7746872486097116,0.002934394004061811
59021,-5.835153891983113,-12.828577938793826,3.393417398523086,0.6278432794001545,154.25226689845607,0.5174580792805559,0.0029350942387578794
59022,-6.48027689708934,-11.876502317110926,3.434717883714224,0.951439455700262,263.1640678432966,1.6368432025955384,0.002935452084445122
59023,-5.115117971007237,-6.9037218011890165,5.003877999942065,1.843930819260733,467.0877138088224,0.16754424352867758,0.0029355122171215477
59024,-4.424623054667915,-11.502581195507132,3.5317058675699915,1.7778333604708365,461.45788927975,0.27175301122487117,0.0029360844208605377
59025,-7.6462281134419445,-8.796460260022592,4.365741010919165,1.4855975614693104,349.030182574734,0.2380208645341897,0.0029361089099429133
59026,-5.2655120145068866,-10.421982648433213,4.000515870389189,1.16707066377588,257.5581838448886,0.0598383628697734,0.0029362851914011877
59027,-7.5579357525762525,-10.238643074878354,2.882412690454644,1.8146729458847153,443.911586077059,0.5369791386897296,0.002936426367065132
59028,-6.611175791978335,-6.147384773397001,0.44917603277086365,0.7331416724235099,467.17223178882,0.2861508478874333,0.002936524926074384
59029,-6.087149363690241,-7.074386265829953,0.6388256184349772,1.1644292696921097,467.22961197991384,0.45565507599095856,0.0029370661373673184
59030,-4.3602700499738765,-7.728861692529518,0.6306016155074725,1.040932010283777,222.95347543213205,0.944725081993071,0.002937295853733364
59031,-4.262316701104697,-7.250629787551121,1.5713068102646088,0.6974015023424476,139.98863120377686,1.0555129450543097,0.00293729899360649
59032,-4.800221302603075,-7.146084535193817,1.6600827398452447,1.9007995978011016,468.50726517048884,0.5400885383073772,0.002937726162808702
59033,-3.416917697350451,-6.994176488478012,2.4660496009335042,1.8877219822645734,468.52698741643525,0.42955811303048996,0.0029379587015497745
59034,-4.797049046607914,-12.897448854399576,3.3398914909551594,1.8840179946090199,467.7112611687014,0.3113992527885934,0.0029380581041918642
59035,-5.514661100220236,-6.870606295396271,1.738031493229987,2.467833018313263,455.03159649837124,2.417186050322851,0.0029388681283659215
59036,-4.984204071134958,-12.621504402658594,3.3721754314113213,1.235604935184724,299.2944750853945,0.52251566815817,0.002939372682891021
59037,-5.620612545090633,-12.011251726089279,3.482476557457859,4.0320878139746315,567.3181980710062,0.7137030662502291,0.0029396770313487555
59038,-2.7371817752370795,-10.11267692508518,5.057155347246908,2.868448528449159,229.40833978337085,0.2743299005245623,0.0029399035580775475
59039,-6.642058066205676,-11.673748537480165,3.408241859646986,1.6893958142146805,293.9653851053318,0.07469197491882706,0.002940476491663905
59040,-3.8967153144226794,-12.558644385431435,3.3306853685662516,1.3298568052173398,307.7864017737321,0.54975581607808,0.002941046719519051
59041,-5.3220123267979975,-7.104593001859153,1.416954644976467,6.446131043908314,437.2195820470862,0.09840239205409418,0.0029411074121591793
59042,-9.018245313336347,-7.636874822944959,2.9954499252884284,1.953057881304671,388.3201295129492,0.8842131666119917,0.0029412423002819622
59043,-6.708156548335998,-11.921053694335924,3.3229943488116884,0.800886015612306,467.3886325426539,0.5161483702022887,0.0029413876755325125
59044,-8.373719506925699,-9.086072027722196,0.7159718260501137,0.9790094863727109,468.77402482028447,0.9207019387182847,0.0029419494339188814
59045,-4.695558264790504,-11.761229188529011,3.481053528806197,1.4452578493810702,333.6295091064321,0.3906527943242821,0.002942093061123058
59046,-4.130011922162691,-6.862453375882624,3.7644332758877677,0.6621885128036923,174.52748078294735,0.1692417408176654,0.002942582585126059
59047,-3.794365446755373,-7.8974651382996095,0.4513932376709182,0.8703850033341705,467.85838416218945,0.7584740900431113,0.0029427884561215147
59048,-5.649055315735908,-9.942271322731017,4.344452409730346,8.387185121841096,747.299759186903,0.3427755778060204,0.002943874344682476
59049,-4.37946137954885,-10.613221153050103,3.8587079563520805,1.3445847025526287,467.88192335589355,0.4699748911256654,0.002943881752981784
59050,-4.178918833101294,-10.073798546180884,4.182095374833625,0.6129766557263568,183.00623641111568,1.0753905118794398,0.00294423697441383
59051,-5.580415721387034,-7.242434958256269,0.8866964028611861,0.5244787928112773,125.787961150752,0.7343216141498177,0.0029443447886906764
59052,-2.6080180105974176,-11.034255917967208,4.917250615549859,1.8300539313091462,468.44751664107764,0.8060644935721522,0.002944425415708014
59053,-2.4080431233350517,-9.432203110247306,2.522150200694344,2.377988856323965,408.9388058322519,0.2045450667324138,0.002944558291228055
59054,-2.3996150067181157,-11.23862632924792,3.3561892994406963,4.253236259873115,582.635219647447,0.781140241913131,0.0029453414737465058
59055,-5.25941358136154,-6.848707536809378,2.0553686724901543,1.1954097308763487,302.4273228994938,0.557513004614278,0.002945752594545598
59056,-5.7022556944909475,-6.401215287011717,2.920109116297314,1.802912347410095,345.4985999797829,0.4317490799630459,0.0029458586285339805
59057,-3.291366673684716,-11.941134364986501,3.417411176913298,1.0426575258233204,272.3351345355561,1.4766618014135302,0.002945909087437997
59058,-7.777939964717139,-10.141093050299874,2.2987948340057787,0.9164670765678384,180.71561031175554,0.12806658516326141,0.0029461892727852467
59059,-4.922055027455718,-6.995487059539143,5.142223139509723,1.5214018578052062,265.93693645334,0.44777665886914253,0.0029467758264450487
59060,-5.068173324895204,-8.028505864726805,0.19077690113338439,1.013643629157522,271.21269709921165,0.206204771973292,0.002947167068507985
59061,-3.3178449704981734,-12.452266625861162,3.343466876435569,1.60758167251339,342.9915291045211,0.6493688425329562,0.0029478176348730085
59062,-5.719721174048535,-11.844856541863278,3.511358076427453,0.6496347600187203,126.18436011704782,0.05288537847834629,0.0029478266648390182
59063,-6.5773367845834425,-5.449643677674567,0.7589389221153221,1.3550704926358377,306.21188446990453,0.7951112046774433,0.002948008841404926
59064,-5.5818964594009115,-10.642231210246866,3.895485136118838,0.7460582402301007,468.035487054139,0.34290759518080804,0.002948231050001844
59065,-9.415415849604152,-6.247470674629951,3.145573408746224,1.0656752261741032,275.4810843209854,0.7016411137248246,0.002948542944201683
59066,-3.0506812277478,-12.59074369601344,3.5136280828111888,4.8601545462599525,614.6905197362516,0.5958507615255,0.002949246799799233
59067,-3.476799198649127,-11.641880228359492,3.469499078373716,1.2776357031102434,468.6458526854843,0.15011258300777452,0.002949332395504147
59068,-3.694718094824805,-9.495233664556912,4.651644969386979,1.1086500845840248,465.3751072906125,0.9301675185596041,0.0029494586736952557
59069,-3.882221710487606,-9.690411140076279,4.479576610563427,1.8634957522427027,469.765382163929,0.19534028498495903,0.002950257879234782
59070,-2.6320274156726526,-11.95029708230779,4.663021305849967,1.501341541779429,344.63104623838075,0.3386395079854774,0.00295040292688546
59071,-6.4181462306795565,-5.7569994734895,4.67298368269534,0.8939803313273177,189.81201625880726,1.023102874144092,0.0029509872208920845
59072,-4.916459820781016,-7.872138002223434,0.3915492042287428,1.4131093495449496,318.8315370637887,0.3354601285148231,0.002951348714602612
59073,-9.192508863915519,-5.363091649723748,1.1662914292886877,1.5039472620458092,468.3319618348041,0.33877657539504913,0.0029518174953648162
59074,-5.468835964776111,-6.648743628721507,4.45372108574238,1.8037165535836546,465.88249330916966,0.6456477151769109,0.0029519561622744937
59075,-5.590856741805763,-9.633715340455957,4.604491246630753,1.868640109333272,449.5353909385711,0.2600067497791825,0.0029521392019156317
59076,-6.169967065102707,-6.978277305298733,0.6666019511568697,0.5877544461848709,120.32449656828226,0.6425868028320609,0.0029527298293585487
59077,-6.051477269514919,-6.649289844053492,1.1744310364568433,1.5772370546292866,364.3942319454571,0.9722621032498475,0.002953341194132583
59078,-6.078996415257922,-5.974452868219403,3.543791210463514,0.8052548124472745,467.7554861912909,0.3723963654754918,0.002953369680121129
59079,-5.791349254496572,-12.821648652512627,3.386223868255536,1.0340309232840994,276.30753862462893,1.233286763704041,0.002953435211095991
59080,-2.6354676706432176,-10.530396136847067,5.032148091139877,1.0124989778510347,468.46443649968955,0.6547316319265208,0.0029535193315029414
59081,-6.227883308737065,-5.758181333365137,3.8302573915838023,3.247883331256589,233.29111310362438,0.36191022745245593,0.002954106978145137
59082,-8.803878519665844,-5.1057553352081335,4.710038827810227,1.733941934968905,468.07901902106215,0.5824648259344158,0.002954806758033429
59083,-7.4767822723033746,-10.979657704289025,2.5137559580979514,1.654586377819955,467.59697813224545,0.4894046334584017,0.0029558227795376596
59084,-6.872121231738158,-5.59014939865259,0.061941773420902735,1.1531488578690958,311.11478083763006,0.5383508990240164,0.0029559574916003593
59085,-4.852159710721642,-11.381023723465237,3.577172441320375,1.7028819606194474,468.0157403322292,0.3038245884351767,0.0029565458321888735
59086,-3.9048621383697277,-9.068159855742884,5.09516796571354,0.8894332809273765,183.3799859309215,0.2008878712217781,0.0029575770485948667
59087,-3.3320118597576567,-7.152368735399974,1.960509052803276,1.3712388946276488,333.6198799242186,0.33004696288027535,0.0029575890176035857
59088,-6.427125837902342,-5.220525996006377,1.8833618748726177,1.1418219915011023,244.8627186114287,1.004453810355554,0.002958152709925904
59089,-9.356332397415528,-6.111264516200479,1.8890361812658096,0.9362247549047868,187.3279565487712,0.025197075137577407,0.002958315839635574
59090,-2.5166136757681805,-8.440499755632842,2.3755527955409232,1.2069689529578809,467.3694616942135,0.30085016773592255,0.0029589088255012473
59091,-6.407005642906018,-9.464836325592943,4.721598776672973,1.2167864818899214,289.34611777829804,0.14692230673700557,0.0029590030865919888
59092,-3.1501768424349947,-9.279534938949107,4.977320803796858,1.0246028159743792,208.81548670611792,1.0780338981056685,0.002959330424333368
59093,-6.142167360522443,-6.283920986575452,1.7728643886121103,0.986298259670099,467.45166960215903,0.7886557631384763,0.0029595993975368743
59094,-3.541957620798696,-12.343071877248907,3.3454216846138713,2.6568248148726905,466.80488507988997,1.1949879192317256,0.0029602594798681455
59095,-5.900293499181241,-7.617938915912653,0.28100754904596753,1.593147404717101,470.4765322748979,0.04844747272453187,0.0029604921196895923
59096,-7.364384168143436,-12.641127610307676,2.142995232424794,0.8963732645178292,221.14888010358447,1.3108408087723538,0.002960495110115849
59097,-4.904219724521984,-7.008731230930004,1.965990368921395,16.30380230888073,526.9509605071419,0.1438069980126988,0.002961582955921345
59098,-6.026570847880629,-11.022577648910378,3.7342835456999564,1.5024018084633408,343.0140584425295,0.024294063050992243,0.0029621816888169466
59099,-5.455300155467363,-6.551296674939436,3.673897341554693,2.5699988854287863,464.9286637729581,2.581417017327996,0.0029622835694475976
59100,-8.984585784741924,-7.647272865014515,1.0000077282016426,3.600606075342854,543.6214383659664,1.2227004702938942,0.0029629826947773883
59101,-7.300758054738837,-11.23902583414829,2.8060316279064192,1.040308935619151,466.84205679582095,0.5757858033909296,0.002963402140405834
59102,-8.783829705779006,-5.151789712822206,4.7543916066165455,1.5233636400859802,446.22333794646175,0.3100124834136304,0.002964032687032906
59103,-7.8341260486350865,-9.355508350339136,3.2038866764854745,2.0967497023409716,416.0900414344761,1.947502499858155,0.0029643662578108555
59104,-5.206280987525203,-10.069170468646139,4.2247124892158725,1.471918480560188,334.7544469761473,0.22367620303021685,0.0029646570209218605
59105,-3.584512741798296,-12.270843931436021,3.3536294183841893,1.0209173284975372,188.2431481495769,0.05026263055100344,0.0029648880255505996
59106,-6.667561100714922,-5.5295057764221776,0.4986364309207472,1.215479651682399,455.41652205229025,0.6444509610193458,0.0029650009630034025
59107,-7.828070125922119,-10.73331135104162,0.9192177469437441,1.884238709165337,452.9990173137334,0.5491348157931641,0.002966001057811727
59108,-3.859790860017018,-7.716846356264558,0.6800881320131619,1.391534465390592,314.3065941645575,0.15372006870808885,0.002966397901386302
59109,-6.424515334104821,-5.827253057337977,1.2728790646341546,1.6710190832949565,468.1355522513505,0.41220682802908915,0.002966440399748295
59110,-5.169548870119597,-12.865893652618098,3.3506695699087854,2.0361441334502324,396.86573424224963,0.773420088826068,0.0029666852367256037
59111,-3.75782655222077,-7.098446866751881,2.0290897252748414,3.8503138371049457,402.5239419872711,0.015938100487843165,0.002966912997427835
59112,-6.160879838544923,-5.767898320532703,2.9011889661900336,3.184509610073227,423.473713506807,0.08577813554598013,0.0029676272271537685
59113,-4.807619537959344,-10.382800394574794,3.9931618850940076,1.1728919013161712,251.53807680457624,1.0287861325492935,0.0029686009224611995
59114,-7.324629323362791,-11.574898652216923,2.618648780124474,1.3322633412496792,315.6552956568379,0.3777750257541568,0.002969046115965507
59115,-2.219519382860878,-11.951746063222846,1.0148309450735988,1.0920384022943728,282.33306031480276,1.3068695279681988,0.0029697488067420065
59116,-3.291603672052065,-11.027101843522441,3.660591717890551,1.7330243726151366,408.7871028434786,0.3786245777487993,0.002971387078054659
59117,-2.579352721028859,-8.54696804599362,4.0180892919090265,1.5512335615854291,358.24820510381807,0.6919186684435914,0.0029715914931677523
59118,-5.2244224670378046,-6.737628291530933,4.3914089109789165,1.7142121460672632,404.4732286669738,0.6026251942939833,0.0029716835808242586
59119,-6.535200493197178,-11.06064442271328,3.627429620846871,1.145308059971385,468.02422123409724,0.45636903801523143,0.002971718074652926
59120,-7.479976217202653,-11.125938785080171,2.40367327121306,1.1444282857913768,442.64738336326303,0.392272779916369,0.002971875893406114
59121,-4.530089783437695,-11.677889717432564,3.4821443544502158,1.0007243762714064,469.69009653770183,0.05399370451055052,0.0029720632309427958
59122,-3.7427241251542567,-10.383124947646717,3.963329023163536,4.205103145767214,576.938424930244,0.6214574883356319,0.0029722361966216145
59123,-2.8761783419513343,-7.319045508541532,2.7392408749602266,0.6265482955956962,196.59345948065553,0.723551934217114,0.002972536416453852
59124,-6.190938653041476,-9.797196805713726,4.44857535904626,1.7516430710413782,467.91069748663824,0.34266060443485724,0.002972755909792085
59125,-2.6718421694307146,-12.172816980662626,4.50610128611076,0.8799881677952698,467.69140395533793,0.3028917737314609,0.0029735247626772325
59126,-7.767080687423481,-10.42516168384283,1.4686897461143278,1.0247977613013923,277.3333263501244,1.5913272592535037,0.002973543238340997
59127,-3.372844815066892,-9.895390836719448,4.295943602106803,11.73834583947958,800.1889829652786,0.27205983103507325,0.002973610442517695
59128,-7.246237394276612,-11.970588767991666,2.669983997535844,1.3404382227032157,178.4297872886049,0.31382935573163806,0.002973854351380123
59129,-4.865793540689692,-11.32775284365927,3.5880661847499224,0.851447138364133,467.58018199595824,0.4092551014687631,0.0029741338660710455
59130,-7.160566189893771,-10.447641354985803,3.433623374582479,1.0362050637345517,236.72908488798393,0.21094274043982963,0.002974324823092802
59131,-2.5105136276817763,-10.894967239211928,4.785948113303947,1.054333480098382,279.8411994337616,1.068837266911741,0.0029745115669303455
59132,-9.365625859744766,-5.231828128253166,3.328609201277886,0.9978176534473692,396.4730509690679,0.6535423425667934,0.002974573930223802
59133,-4.979132054273046,-12.120459957634434,3.425382611234145,0.8879676546414456,244.63870144577174,1.1068898920552757,0.0029749534171834113
59134,-5.336311046545193,-7.284205466522391,1.015024213392169,1.1499043900040125,291.99959263033946,0.2040955090405534,0.0029751837006993555
59135,-3.495003866991995,-11.120587043122345,3.612361369289433,1.2925599654554152,319.3805935038059,0.3742729534588909,0.0029752422045855346
59136,-4.492549690818662,-9.952702614767952,4.2724151674185995,0.7673002841950873,154.00501948697732,0.6044999230285963,0.0029777029425668185
59137,-6.07478183395606,-12.32647944030184,3.429082454354634,0.5682105256115803,116.79646058605462,0.08481203861049291,0.0029777297179527096
59138,-6.903030814422573,-10.444317888153142,3.7026837654462454,1.87593145888923,389.880430052435,1.7192839965000184,0.0029778797170446018
59139,-6.068705594388417,-5.961872720570244,3.167605152041596,1.1133419345660438,288.59239426538386,1.050302895234835,0.0029779066676661535
59140,-6.111042004322957,-6.095872493899651,4.250795028274854,0.8376522151766005,467.51678596010095,0.06090719547089751,0.0029779676737410068
59141,-4.988631713161336,-12.6034771787263,3.3642678428080024,0.8593396377684352,469.4718548105929,0.16062803690204497,0.002978474778391264
59142,-3.288214402153442,-9.465707963413454,4.686694490433309,1.2210333851748036,308.76587610157765,0.6014281610521568,0.0029790838171398605
59143,-9.130011305922153,-6.405010109248689,4.060225694988481,1.8722685579708476,468.479499844531,0.49421491900736036,0.0029793208182403844
59144,-7.498975534388439,-8.677357503728441,4.75164374900313,0.9974295304683626,275.99477859080935,1.4606708244070612,0.0029815441585683993
59145,-3.407214607058405,-9.78339725301946,4.384825709913032,0.7603351597261377,190.28495386715977,0.35780371999231164,0.002981682590409471
59146,-5.377346988912938,-12.974704545604679,3.3521826424132963,1.8454093485129035,467.98745135278193,0.21912478981910866,0.002982122305768992
59147,-3.298570853138055,-6.903062081201607,3.604229498226795,1.447713918416823,330.7025423026276,0.47283066973438537,0.002982369902343523
59148,-5.0804899227940306,-7.849455825921752,0.37840536337713854,2.678777302551715,471.5822610042884,1.4669401068346,0.0029828909945203187
59149,-8.373945963026516,-8.708577325468998,2.693567514961261,0.5310627278738125,147.73865943970827,1.0205600509075703,0.0029838202244252634
59150,-6.603049692404722,-5.833285628378697,0.6246810660508741,0.9479510704630917,467.82327489341446,0.5664738289603202,0.0029841355641952753
59151,-3.518570829977059,-12.05870999038839,3.3842884575638243,1.825486079282429,469.97189811447544,0.09586414495024353,0.002984971893320219
59152,-6.312046206923785,-5.420133014934988,2.509285031019967,1.8581201731278099,386.80180246864165,1.6490856946388872,0.0029850042262243525
59153,-4.5088026682177675,-10.714458581080034,3.800194685547092,1.2800921819598807,303.7799933149537,0.9994567868335222,0.002985427790554499
59154,-3.331561916910565,-9.166701281881497,4.9836493690259065,1.1864473489522562,413.5419983429994,0.3932495487558212,0.002987345736925116
59155,-4.321626497830934,-6.873455318056873,2.917205143911976,1.4525976208847982,468.1302726045509,0.24892547083179828,0.0029873982611189967
59156,-3.2326048293876886,-6.923824920146829,3.291069204531133,1.0376513902740374,204.27355411135582,0.03248800080791803,0.0029879217272494873
59157,-4.027719801160297,-6.965650137580037,2.510775854298242,1.687310620840155,468.7549931726218,0.3968275665675982,0.002988488419623758
59158,-5.647524920575236,-11.70324407900847,3.5299052144598275,2.364825687875347,434.5121522427588,0.9154402502782011,0.0029887636660671235
59159,-3.1550929647408843,-12.503215458565377,3.3984927020572937,0.9178111696436564,467.8405875858434,0.5745876475201799,0.0029889949678211947
59160,-4.982155778712638,-9.827078375507861,4.395145576673213,1.1410765676439967,230.35882114032862,0.7878928766602566,0.002989185154813273
59161,-6.132675786413734,-6.172550357942376,4.5341366020437395,0.9400243423177824,182.74652233651176,0.14095632807248837,0.0029892268256982283
59162,-7.4747350778257715,-10.79787524365845,2.6348514738861013,0.6040710888968306,188.76039579942173,1.2262273965042523,0.0029898854191549996
59163,-7.863354410728816,-8.927476808144744,3.754370383281321,1.154905464016562,295.49731258702326,1.0363415316085103,0.002991464894284156
59164,-2.2906420483732344,-10.185855493343976,1.7023540719069188,1.662989379734794,346.00294485891783,0.7298668788856917,0.0029918223535068894
59165,-8.856128224672322,-5.2237971173652085,4.616019438675287,1.0424588652420965,282.901985762475,1.0380689255332873,0.002992473534629424
59166,-9.211376409743979,-6.848976333974853,3.6298572715390223,1.1394991695393526,292.27575439236523,0.35201970650171965,0.002993291829825338
59167,-4.642623857363407,-6.813527429972143,3.720945541122198,0.812166430788911,227.52171803536964,1.021928720689119,0.002993637012173402
59168,-8.368671475425973,-7.6039341264074585,4.733253532576567,0.871486907328281,467.1938099452796,0.09040076942993291,0.002993804542653303
59169,-8.935139833865236,-7.958436838716244,2.2323834487312384,0.8750857033881844,224.6122015704931,0.9751342949210269,0.002993870480050838
59170,-5.966435229902214,-6.13818707905652,2.9169372669163574,0.7276733461200413,151.30829271135255,0.2181749065902423,0.0029939172096196186
59171,-8.863552031890885,-6.196844175120251,0.5090578022908343,1.4128598983246963,322.39751090969924,0.9174558385733347,0.0029940293880235873
59172,-4.180301437397618,-10.540180869169518,3.882343065591585,1.3942961431547742,316.5388562792828,0.780180400570436,0.002994053729780496
59173,-5.724529434222548,-7.014194019458757,1.1036070735742152,0.7268702716333701,134.78039243784747,0.2588668000564285,0.0029940560180488998
59174,-7.930422921771422,-10.263045839975476,1.0560960519237206,1.3314180704344756,286.0929637402567,0.4630228101329674,0.002995186937564648
59175,-4.786134701849796,-9.97931238501317,4.266790147422026,1.51031807762162,344.24635536815674,1.807070874446877,0.002996139812435581
59176,-4.039873777070163,-7.073391000349191,2.077467218179079,1.108428724655852,429.66567074311206,0.8273264528996771,0.0029967009025769565
59177,-2.607346142275637,-11.208417708714578,4.860952801287353,1.7847956804527951,424.1029603239054,0.2972289923849809,0.0029973653813025213
59178,-4.015058688703745,-11.870056503021113,3.421046176845323,1.0184762664004245,268.5252464623715,1.54823422959935,0.0029976896095528427
59179,-6.677950697568376,-9.885050366457861,4.2355839347729525,1.7924717333614613,427.2856006325617,0.31323829722056296,0.0029979976623837543
59180,-9.382085976151632,-6.7766867240199415,2.945119532343755,0.7932460410228577,196.09605507110254,0.1923934366100326,0.0029982757784156105
59181,-2.966117110688531,-7.41183345687866,1.3810104215818175,1.6591055495831797,356.94636792764794,1.142169809703538,0.0029983663373886692
59182,-7.707090238676466,-8.554301179281882,4.592355979928249,0.8712760704869876,468.04018025644285,0.660565776985309,0.0029983745413086666
59183,-6.989137991504563,-9.869912515549215,4.033825028656393,1.2406345511989143,262.09789431380074,0.455446124694844,0.002998669292430278
59184,-6.804083531827695,-10.220943736699816,3.91126988377955,1.2019015340864125,468.0193953330888,0.09978873385276632,0.002998770371660838
59185,-6.639158050098829,-9.5053137041505,4.5960205433914485,1.6691793581207885,394.58856135789796,0.9235937748072738,0.0029988763828494337
59186,-5.597111428201404,-9.427432253655635,4.796109899602395,3.007099863717241,337.874645402046,0.0483867041517172,0.0029994646883538044
59187,-5.845395905787875,-6.276314332170383,3.060147017374264,2.5073138533232666,458.36194760803215,2.265379259192982,0.0029996282450348946
59188,-8.285526845172498,-9.141191497099346,1.938488342921377,0.6142488118018443,124.14566254773057,0.15692940175315773,0.0030000512842463267
59189,-2.6648056164300984,-12.853243915925496,4.458935830005837,1.5901251406815793,369.9989407543136,0.7084285602119182,0.0030018432416037528
59190,-3.6209450751669934,-9.162551840297176,4.984794837211555,1.5793975499437087,469.88207470618585,0.10091536020318337,0.003002322086333426
59191,-2.819569830212332,-7.499811306581419,1.1895743628472712,1.9087882187073,390.39676633134496,1.3220365762254298,0.0030031871035409914
59192,-6.444855724455173,-6.289435579316647,0.7219918793886569,1.0647425570242346,467.8544774796267,0.6076631590320547,0.003003315771807125
59193,-6.3366085551683735,-9.617109271213874,4.583158736876214,1.0590665184601409,468.0865533935163,0.8396150122644253,0.003003909815578643
59194,-9.275254171081627,-5.960839408100835,1.684350412119243,0.7720788546749316,467.85969479244795,0.28690759353949424,0.0030044370157674403
59195,-3.830327148340608,-7.151322021154411,1.9713033843824754,1.6557335980381307,468.5872821871033,0.5610165364135611,0.0030045009591707895
59196,-4.866743989397351,-9.882963705107445,4.3406173606236536,1.0808225392666428,281.79010254773453,1.4225750445782195,0.0030045319051456424
59197,-3.6606110735693704,-7.0904782277099105,2.0821870243040657,1.150925619877307,294.2846861003001,0.956629218555217,0.0030049155932071413
59198,-5.515677170037826,-7.780400967183726,0.3103907776285205,1.1171699072787704,287.509931769492,0.06797280144948115,0.0030068316565188304
59199,-6.399066552551316,-5.587754832023037,1.7806759164860781,2.239292882342601,319.434593172122,0.01617117783000488,0.0030072425717134576
59200,-4.753717546427749,-7.41550618565116,1.0318202145817077,2.3268860653151227,441.28281005347435,2.4302704207140335,0.0030075927578591464
59201,-6.681806916733329,-5.223561337647842,5.01856175362048,4.227650642507999,445.48663532609714,0.037266985122133,0.003008085980740304
59202,-5.872912732824055,-6.908208084526798,1.0965468075985614,0.7213092621096683,165.89620532964227,0.15825316460137184,0.0030090990945746904
59203,-6.78060118940959,-12.529609800227751,3.1743300745924143,1.7932136621178776,427.30701708744726,0.3683864213342014,0.003009278781614639
59204,-2.6819984256538243,-8.004726724415441,4.056848261252082,0.913704230633201,448.35155766560484,0.5495549029766149,0.003009396270726336
59205,-5.538059610714798,-6.8342995536374875,1.8379002369476038,1.4241631158177064,320.1294660414073,0.6661898461194502,0.0030094167455766933
59206,-7.355200009192568,-12.054975002248304,1.542926449813936,2.3771282341577153,289.06312985293516,0.0716794240782912,0.0030094908386209527
59207,-4.403406577108532,-10.207607119389337,4.080142330700408,2.6166830600487465,466.69826296481943,1.6312250216928659,0.0030098491409998526
59208,-8.001726487987957,-10.059437316479595,0.6411068330104585,1.0503680883627295,343.553149625563,0.9462800005177829,0.0030099070636128494
59209,-5.799227881486358,-6.61769196181422,1.9863464228434935,1.0864739203200229,467.4698267249749,0.666149252659527,0.003010084050439256
59210,-2.2127358136434907,-12.74873264710212,1.035493402714313,1.685666572779297,398.06186870915946,0.686818281188871,0.003010456408219689
59211,-4.870570813424878,-6.842943806327931,2.5565468364531587,2.015063698990282,359.86984625783873,0.2016120544838751,0.0030121278524584097
59212,-9.163098759554677,-6.287088051780939,1.1064160692264802,0.9884722681183197,467.9272894761262,0.4196475812445071,0.0030123502547681332
59213,-4.417694681215167,-7.193298225593776,1.7141558914547617,0.8979785434146992,468.3149052845079,0.8320097734981475,0.003012937906437074
59214,-3.5134997191627093,-9.57719407662314,4.5650370323737715,1.758977287841195,416.6544380628216,0.30720664562403677,0.003013413172990085
59215,-7.535002412937388,-9.689009452506262,3.4540003494841858,1.8873966803220572,468.71933984375704,0.17466447091685922,0.003013666646196666
59216,-6.690395940296092,-11.332064837414894,3.4590867228119304,1.0144471332200902,413.9813549367914,0.06129949223232156,0.0030138633487490113
59217,-3.6366504676512443,-6.970005053740162,2.614294053113605,0.6399257882731358,134.48552234180553,0.055942616999009154,0.003014173378569524
59218,-4.699147953059306,-8.072033347924993,0.2296950887880218,0.73038040014466,445.3442424538716,0.5035730671543659,0.003014600733694506
59219,-7.526849102389621,-10.687524066573724,2.5670163877494825,1.869042503934021,470.3104354161843,0.015840369190312842,0.0030148800253693036
59220,-2.5452682840849032,-9.493116346813004,4.807374476053442,2.00626963235445,405.6486038915581,1.9276037913872042,0.0030149262274068497
59221,-5.71366583591783,-6.405291948661594,3.1044492590750616,0.985922841015978,468.7206952005887,0.24754479048808076,0.0030150649991574903
59222,-3.326133083181495,-9.294585075615062,4.839234013324201,3.6304987098790154,534.786930416958,0.5465938804167427,0.003016651116471576
59223,-3.908493224074343,-6.886751031158819,3.231710937270311,1.8519240740392144,467.7463517288057,0.41384124769432074,0.003016785208603398
59224,-3.9296913573129455,-9.370388595634765,4.772233485625189,1.1202023717588183,467.8313895093334,0.7812313135609577,0.0030170587686787712
59225,-5.067859090469783,-6.752294380223441,4.1822047274316505,1.4688739678020968,467.420814021378,0.6187421422203636,0.0030172491593458014
59226,-8.74421606602792,-8.264899036358349,2.236656625922603,0.6805059000991247,136.96692222669625,0.8197433955068876,0.0030183576301083003
59227,-7.814963851294862,-10.786951101428755,0.9015687133113622,1.7222405639907725,407.9385994122875,0.24131487680095276,0.0030184035621754466
59228,-2.514264301149261,-9.193670648597559,4.03372246405924,0.9279119606436311,255.32723455308914,1.434867721712652,0.0030193124739773276
59229,-3.382794619630597,-11.258636840579959,3.558566039715262,1.1608278044113551,275.5450141627725,0.8707426542029175,0.003019320788149879
59230,-4.900115648224076,-9.453948651648822,4.72758942585334,0.9590479339289294,252.80019132880102,1.4170397070814555,0.003020138598647093
59231,-5.3708277814592496,-11.042187701896896,3.7027806555593568,1.418138545132774,312.769165347177,0.09129732679928448,0.003020428395295392
59232,-6.309875315834785,-5.281575909195606,2.8169221102522854,0.983275447240735,194.0118498734033,0.9715203254686919,0.0030206413049032937
59233,-2.3575296563682837,-10.693248699202622,2.480460673876735,0.6942278862782655,137.46283869000274,0.33024496792265357,0.0030211191170377337
59234,-3.278973250185037,-7.069656008876604,2.2275573518855714,3.991414615845553,568.1924641774372,0.960657580712569,0.0030215698436139664
59235,-9.43065659784651,-6.335144657371467,2.2796595994874074,1.0506802007509577,275.23318399790975,0.7383100977902002,0.0030218417940190193
59236,-7.895339810254371,-9.929137103053158,2.0927547158162874,0.5355239718373038,163.12029190984572,0.7845290601711312,0.0030225173931100638
59237,-6.478539403032128,-12.255651165203469,3.358561730696932,1.9775256293827743,398.4588847370358,1.3594520100306626,0.003023457860493041
59238,-4.020626105178553,-10.35224945009999,3.980225220422518,0.9608538397486436,255.08716224561437,0.8929516450683117,0.0030236888925976612
59239,-2.8334820768232003,-11.362806512178645,4.181060189722742,0.82613503675708,467.6210146976406,0.07354569676905687,0.003024233900892481
59240,-9.114725545867028,-5.8790272896482305,4.09922252352667,0.9211163086253874,244.0014547467055,0.30910704729322536,0.003024243254730745
59241,-7.499640671809353,-9.942966974071549,3.26652700985313,1.410032046887783,320.78063308196374,0.9193146877057261,0.0030243288581208736
59242,-7.403264455875572,-10.99472598384489,2.687764142322905,1.667481933175873,393.9326901602758,0.37453719921248574,0.003025735107639208
59243,-2.9547279520885823,-7.498749139201916,1.090207161469942,1.4881130859977385,470.17417104781254,0.19571662491668285,0.0030258285804273368
59244,-8.468714525171297,-8.138267360419263,3.6391578544786207,1.0743986075671381,272.6715212148306,0.8846636903071863,0.0030261527050459967
59245,-6.615914147122256,-6.071841170549676,0.4676504673829514,2.119849771437401,415.60443944042913,1.4943327118129721,0.0030261594040602207
59246,-6.180958666504558,-5.901065228837937,2.3432642446778993,1.2095842382930382,468.4394325244613,0.21932312487597905,0.0030262645420291658
59247,-4.264825034842778,-6.860039571436257,3.5048175917698443,1.8800741147912252,468.08110568830347,0.39501902204270944,0.0030262788264698065
59248,-8.597036132240124,-5.488607933803914,5.123987745161267,1.448252929219246,324.82163626954383,0.17703353906781416,0.0030268539262664896
59249,-7.491772533106273,-10.469717639830131,2.8278646613339244,1.6194266618993065,381.18402229721914,0.5415181979280073,0.0030272696910287325
59250,-4.064699534634574,-11.870474460035686,3.4164578798240073,0.599869098731133,139.9758114107389,0.055073340366526224,0.0030275221472228307
59251,-2.5065575071160753,-9.066426934402354,0.49664743339297734,1.0822711929316193,432.53805200474295,0.6879619569968698,0.003028889934259781
59252,-3.4405607074474975,-12.671737441075923,3.296104871557216,1.5364179393453334,468.10605243459565,0.5324979282397084,0.0030289264012406335
59253,-6.045597754195143,-7.249660367596955,0.5242585845127338,3.056808525773394,487.44487465090555,0.44798655037646906,0.0030291394699070665
59254,-7.339299187779949,-12.546822479917958,2.262949015371234,0.6520362333476548,143.21046559994642,0.25653119602910035,0.003029304847943853
59255,-6.251888218565521,-11.62595242530175,3.5211770005062157,2.693405988854482,474.65539361303775,1.902148785255041,0.003030048822636045
59256,-3.622291504326368,-12.208292294117648,3.3556175520565144,0.9469843357198927,257.65333160610027,0.5416313936728345,0.003030422176582353
59257,-3.153840190061353,-7.010002395684026,3.929760769069149,2.5519512924675523,462.33121399081546,2.109228568079521,0.003031217538823272
59258,-6.828230902788962,-5.134459013073938,0.19408398006656855,0.9942955871678792,268.38413076901793,1.4526660927048978,0.003031384312901499
59259,-6.553764032409531,-5.507948544685052,0.8624078589716643,1.5763568323991717,389.7034907041141,0.5370281645252089,0.0030314853430782516
59260,-4.520077426297214,-6.849117901723978,3.0784565581522982,1.2571834985535753,307.7833853212829,1.2801402873248584,0.003031608140991197
59261,-4.507612002119044,-12.11165171141338,3.3940932704579194,1.3580432464399939,322.7994257885183,0.4509109907980813,0.003031782118361601
59262,-6.648268619335996,-11.23285838024308,3.5083526255561375,0.8073113640943703,235.20301575818144,1.080462382207572,0.0030328242136350822
59263,-2.3578071855913265,-9.083207012834269,1.4490644703500344,0.6522774482640976,192.55436115535886,1.1162522393719767,0.003032884550956997
59264,-9.410265245748992,-6.485098829703452,3.025818393285959,0.9670434338052669,469.2939647022029,0.6288413935718333,0.003034033908026084
59265,-6.335532665784735,-5.6794644980658715,4.227006887552569,0.936309103849153,263.4471358326544,1.666155029182355,0.003036144510388877
59266,-6.296604112772276,-5.457359702440151,3.1658561240829197,0.8535525776696544,223.2271262439246,0.9048220307274493,0.003036313199982017
59267,-2.791699281715756,-9.933104975077207,5.043687812131782,1.3024415070182096,313.73755393280993,1.3559000232053942,0.0030363401925037692
59268,-4.693202063486428,-7.181693662498116,1.6431253133635173,2.8291141091394647,486.2965329903709,1.8698472676189697,0.003036822312102644
59269,-7.494580694468968,-10.532515153023654,2.7714989628178897,1.0234276037978078,268.2613282636174,0.9256962453407951,0.0030370287456756477
59270,-3.458752254583832,-12.20382366362313,3.3475093289076403,0.5383299221321484,152.40436722570414,1.2538545097400782,0.0030370675549276347
59271,-6.311796625262078,-5.780198075535804,1.981816477971533,0.8292351179521231,243.67514831974532,0.8446746250360428,0.0030374260881181874
59272,-3.4786523455155027,-9.816094921547169,4.34972514243786,0.8977698022869607,468.17416528609505,0.7994308352527861,0.0030386985883689276
59273,-6.264775377478681,-6.0708023546202385,4.701959524577777,0.8911966663183766,458.207047268368,0.07452101067781403,0.003038872483703033
59274,-8.14366836249735,-7.5772884339937,5.165916286835898,1.0437457537755985,467.9270697537724,0.41983546002856365,0.003038894781298294
59275,-3.1899472589599753,-6.964314222558703,2.9208501778114093,1.7863266154933282,426.56576046001936,0.8648451340616079,0.0030391501466978162
59276,-6.177278535897887,-6.005535103294957,2.108927975227304,2.7033622140393656,474.336645925368,1.615314508400961,0.003039889867830735
59277,-7.145682130185172,-11.132616366462742,0.2164224950839813,1.6565316308689046,467.78786323500657,0.7529837790852465,0.0030402025778909986
59278,-8.462090528353844,-8.815887368492138,1.9253633100393677,1.2945646066903533,276.4725655930143,0.7414724451129748,0.003040506371769175
59279,-6.093137657002254,-5.957821242568373,2.694937152545645,0.9719377404723579,269.40551155563594,0.6719054273841403,0.0030407188146370527
59280,-4.0218765121074345,-10.286640792357424,4.012807074826628,1.1528074363545293,298.9813059893482,0.266896470815813,0.0030408463196848544
59281,-4.221307785738455,-7.043334284398845,2.170798275308815,1.4953895190810191,282.26505617575066,0.2153876690192975,0.0030416838383973905
59282,-3.735924747225506,-11.475559458113402,3.5023654240769204,1.83576878173988,467.6088552102113,0.6761530177794466,0.003041786978672796
59283,-8.265225719385024,-7.567073643239809,4.964671953856358,1.0045001509780607,262.7040296994447,0.1764362385455529,0.0030420339014513857
59284,-5.691970661215904,-9.64749897992027,4.5829433877716514,1.6620991853445137,432.236101668009,0.048071696744324655,0.0030423113925345966
59285,-4.54618288277818,-11.79045515331879,3.442861490848571,17.372050844970094,545.6805274502769,0.09135021483281225,0.003042939303598646
59286,-6.673536834264564,-9.851828483260537,4.258046362519578,0.49610724319787697,104.66661689464277,0.005217199593448463,0.003043999840430264
59287,-8.147602352574225,-8.239295417678147,0.4263903569990082,1.0417899644984943,208.2942876368952,0.6027361470249959,0.003044081318170877
59288,-2.3830638234032886,-12.793826220023734,3.1861607752265404,2.7721069455450182,482.29890700683325,2.2183245995874126,0.003044151807216503
59289,-3.006592513259557,-11.048181054544145,3.88725673477162,1.5989369962955455,470.1377856560042,0.1658855313319778,0.003044915590531032
59290,-6.342601938415898,-9.478940390202634,4.709806103631759,1.8614428591000434,447.46312888606246,0.2750595722064979,0.003045476803772411
59291,-5.454500374135353,-7.261821590590498,0.9660066702714305,2.7391773296909636,469.03716181299507,0.7161200381319937,0.003045745533578114
59292,-4.435223276281414,-12.276319740367084,3.3593307705454833,1.5970455675699222,470.07994191945784,0.006870037484993041,0.003045877943648777
59293,-3.9939179617723735,-9.604854638726504,4.543051094183894,0.8401884552709071,173.13069919077105,1.1231836460902285,0.0030459605930286886
59294,-5.565952608944981,-12.605808601769029,3.379280251382647,1.3207887202233615,307.12125170597324,0.22905765088787877,0.0030462638072418138
59295,-7.2977385758243845,-12.878012117516018,1.623061270582094,1.1095791787737173,286.1897524316474,1.2098195286435152,0.0030463212931957943
59296,-6.990761660391952,-9.016429811170624,4.895130964157746,1.0645615865864453,214.12632419983427,0.012593162161426363,0.003046676546285332
59297,-5.3269817200022365,-8.038252640662012,0.14510329581483852,1.6531439834027855,468.7308390310712,0.8518446016041654,0.0030467900909150678
59298,-6.351138537796972,-5.089200411079416,2.6822419288645754,1.0245118593600897,278.5748813881091,1.1123124653925256,0.0030470949393332507
59299,-7.226953167009677,-12.835883772011277,1.3215385348573065,1.3441806472661155,319.24821417183836,1.0675513323268886,0.0030472994697833843
59300,-2.881392244429776,-11.833730821479486,3.9230716517192077,1.3336663438146592,292.9713887149522,0.46557363956346354,0.003047367223382139
59301,-8.423835151874762,-7.351728960488842,0.403822646455975,1.1293751916017776,467.25221084084905,0.4471278615103378,0.0030481633494422577
59302,-6.043519172091512,-6.405241213789887,1.8001494174128716,1.2613360079113682,284.0360726004304,0.10819725393007129,0.003048393738918598
59303,-3.3196303519121972,-7.022027908422755,2.411476473049181,0.7346714710055715,409.9554529201387,0.33559632521216454,0.0030485480352790586
59304,-8.577306136258757,-5.733821085849578,5.1761727376263345,1.897333041672002,391.6511938465668,1.6757181798310938,0.003050146260569883
59305,-9.171894131433639,-6.499419682138698,3.906661073258534,1.0774249134562235,281.90759647624736,1.714414722535766,0.0030502805456615587
59306,-6.316290765146936,-6.016247344327749,4.776515762907395,1.6554036672911632,468.08861642961466,0.41006476265380165,0.0030519482728749003
59307,-6.392492911993649,-12.291171077720008,3.373824610365447,1.9165157393021626,394.3079837092323,0.5608397314245765,0.003052393688223731
59308,-4.376273337892434,-12.195867391577114,3.3672622090717446,3.1022018006819914,503.58343672213033,0.9237911010117061,0.0030533327036606217
59309,-6.2029132264716775,-5.719617812406218,2.5845032547960245,1.4320090228119955,467.84040004527265,0.021270619738047003,0.0030537458304300156
59310,-7.509833973049542,-11.442993626011368,1.7268837726890645,1.0295664531464603,243.73123310119746,0.29101382108367346,0.003054138818692329
59311,-4.51390099941921,-11.480193502249792,3.5189883526947785,1.0434001832010942,281.9476020308299,0.2918510105915537,0.0030542855748207066
59312,-3.858280205999126,-6.946239537097771,2.7658309567820543,1.8663029064778007,446.7818456648762,0.6427052433302896,0.003054519956822327
59313,-3.1131695977312717,-10.298955385937973,4.120123464167292,0.8616715296619059,171.05987732996482,0.16762526858861815,0.0030553115441060473
59314,-6.505118805669116,-5.851442318882121,5.069213882302904,1.5041318595450535,467.7304535341858,0.5532984931835161,0.0030553212149757964
59315,-3.783888019241709,-12.48790388957362,3.315374297847419,1.2721694375919215,314.411671009118,0.47042096932270194,0.0030559318029034404
59316,-7.354203638063961,-12.559060615501014,2.176395832140761,1.7477514262987444,368.32520775730353,1.0201197526507064,0.0030563175086007165
59317,-7.966029232215285,-8.295187204521346,4.495869089514676,3.1003234143603704,426.720360316485,0.08219967372419479,0.003057044484973896
59318,-5.397165429357255,-6.770457153890373,2.1552026156711777,0.9908385473223293,263.1545993505039,1.1049778321933088,0.003057075057532516
59319,-4.852676898244381,-12.185672985178396,3.3915019781650053,1.3210423497218786,469.4573722870636,0.2116704435727792,0.003057129952172887
59320,-3.315439286926704,-11.984923040997742,3.387814521172304,1.7558697128127276,468.362549817984,0.26537148127475074,0.003057370027725087
59321,-7.336641841694304,-12.224703395810808,1.5717209405453183,1.3664600956961295,328.56603170541564,0.4533146373076731,0.0030577477930578264
59322,-6.377705448012813,-5.869429660895965,1.568642135637998,0.6496842288945839,193.5227486095811,0.8759720191297928,0.0030578171474402397
59323,-5.76670812106787,-6.391058340526554,3.8575185414414324,0.8427379932273544,467.98610044320964,0.2884232320593476,0.003058300646559839
59324,-2.270250482804177,-10.273790455758105,1.0590917401232045,1.0804111728731618,218.34671808000368,0.1201625358627263,0.0030583198364250814
59325,-5.7506207200739325,-7.508740234441194,0.48208409722814216,0.7470619688163841,181.18670432705792,0.4874730388028219,0.003059152999962635
59326,-3.9189629534269574,-9.651266304075936,4.492694697033951,0.5987906974178377,159.8859606173701,0.5393540351006871,0.003059294813760811
59327,-3.475866547477713,-7.1245343148721005,5.063837197740748,1.0754882904826917,282.8294811615209,1.4880862437459923,0.003059637522531193
59328,-4.782836961815436,-11.033408367058883,3.663916037101726,2.2413010755638876,268.75584798692273,0.1020432013287369,0.003059892898953116
59329,-8.86611540556467,-7.412078888319438,0.663110012289429,2.3060812785094993,438.90213200995527,2.266749764839795,0.0030603906166304044
59330,-7.503591750731523,-12.061976225942894,1.0662092963743701,0.7651692536001619,468.12864919920736,0.25615709073436843,0.003062273737358266
59331,-4.503873407424097,-12.460879880317421,3.3388185359225493,1.398538002809826,328.3923584046631,1.3503135029767463,0.003062430594936993
59332,-2.4037696779002804,-11.757783400824971,3.5483520720285284,1.761593336183834,417.9971922149419,0.07505331750351019,0.0030626650843330705
59333,-7.03578623000163,-12.91633098369635,2.862252623384371,1.459901140807071,323.5124942593561,0.7346805875040472,0.003063170778063264
59334,-5.952713694596401,-12.139910193423308,3.440451286757694,0.6459549303950851,195.4231117975301,1.3056043328186009,0.0030633426434167514
59335,-6.754877258610952,-6.265078211026571,0.10959651265524809,1.6362982166805418,468.56271909320435,0.2625809613061749,0.0030637517509268398
59336,-3.895238044383883,-11.070040140308933,3.62362906310085,1.1674830823389644,468.3982148033694,0.5358322923044385,0.0030641091596800042
59337,-5.7030089468180964,-6.476537863998255,2.563228867377885,1.4079474677874055,203.01913984266585,0.1282082305144936,0.0030642116031418245
59338,-8.97468275329872,-7.016163034009261,4.098123245181568,1.4473426120828083,467.63029126731374,0.5776831845721686,0.003064314835731729
59339,-6.497109992692463,-7.156079675613183,0.10166071017760302,1.2207253609577635,286.32337395290824,0.13432208415657154,0.003065058143335577
59340,-6.37873829565222,-6.547192272378828,0.7472180284576164,1.1506510222635415,261.7948861893729,0.8655186066206007,0.0030662973808095436
59341,-6.310057874978619,-5.769726548972049,1.9689263162715593,1.9379581415958234,378.3753009601884,0.6502703308528304,0.0030667186846331128
59342,-7.327109283623818,-12.164962357323065,1.534160070255836,0.9260681576525076,467.6402142046975,0.48240634062964727,0.003066745079494352
59343,-6.3220515388318805,-5.320829320873036,3.3410202646824363,1.324210754861749,316.2065742342532,0.9112714263838155,0.003066776214806333
59344,-4.513614469368765,-6.835684547745485,3.3624190129550233,0.6918527313355086,162.14783094422742,0.0946055429964785,0.0030673797825383617
59345,-5.479645279365182,-6.571329077882118,3.3429890694682,1.1099921969942423,263.4580833533121,0.5797995153017359,0.0030675593295177157
59346,-8.836861403702986,-6.519029971651953,4.673601394943125,3.1295189625998927,497.438315436357,0.603492346386111,0.0030686309497735295
59347,-5.256159730554623,-6.68373182542876,3.8880069451643515,5.7816392662399245,395.69985399321934,0.1110880462675139,0.0030690755762721304
59348,-2.6061789900273205,-8.126608416367553,0.7492041015090223,1.0980882096149207,299.88678793166224,1.0562419431233971,0.0030692073051039504
59349,-4.098858235517907,-12.275415866657797,3.3484006261448784,0.5381645870601521,163.13508948698626,0.19088679569124434,0.003069750163849643
59350,-3.6794146072285985,-12.286761791418622,3.3330496745409524,0.6964451076442324,148.68904327713517,0.198075788019624,0.003070242885597521
59351,-4.9547892115689525,-12.659608563399178,3.3385899381635964,1.1402186871141242,293.18538612781794,1.0594943986444063,0.003071449862019185
59352,-3.029521417316002,-10.766810201760403,3.9687057044573453,1.3467319043830404,327.05289851482456,1.3236063094635773,0.0030715854477946385
59353,-6.226373599131458,-5.836477830271438,2.1002815175756773,1.7716312793256428,419.6555194015766,0.44794232903237763,0.0030716025013478856
59354,-9.421992609467088,-5.52368053387633,3.0436186245622903,1.3094899011625531,316.5717371392936,0.21127576499859835,0.0030716848126071962
59355,-3.420855811798514,-10.645605611202972,3.795041630178436,10.181013831241978,314.2507367297376,0.3393159597328532,0.003071907044292759
59356,-4.3559252879652135,-9.15297904964525,4.996632023642712,1.6756510859741789,391.5809590286874,0.22745550802992653,0.003072150981587326
59357,-3.231021513133628,-11.259828130862395,3.5751912245004425,1.2639802081797302,468.82255191431,0.2660241015276483,0.003072215547574568
59358,-3.388640409049537,-6.920949588174711,3.9001275544901035,1.0354079199028414,274.8551134638048,1.6585040523193664,0.0030726873099027126
59359,-6.393950591534999,-11.770623192169904,3.45494194032558,0.8636401089241431,246.58073923807802,1.2813854417459725,0.00307481092315041
59360,-5.56860369331921,-11.33296397769271,3.6032054934780953,1.0764118985994104,243.48203878504447,0.45169705706488017,0.0030749400388734934
59361,-6.199631377149787,-5.701847222554265,2.9613306283118725,1.2910661374591152,282.06515416437475,0.05135557968555737,0.003075663753640574
59362,-7.295904516323342,-12.587088964660836,1.5748405317471261,0.930773774697511,468.31741596394136,0.504904131677721,0.0030757845549451972
59363,-5.0585259209456765,-7.431989033014851,0.920486896850289,2.8508436410462883,485.5017628936508,1.3279774206040136,0.003075845566069401
59364,-6.677175796251831,-6.516973065510748,0.200806490370169,2.621310897365451,197.3682341110931,0.3094597160643664,0.0030762919465350397
59365,-6.7058660652345115,-5.107373500777949,0.5433564399167095,0.9749543619415687,271.3853459831243,1.4543224377282966,0.0030764842357070034
59366,-3.432182577223405,-7.126622006485019,2.015447093077473,2.6648631240447003,473.1668208052552,2.406539867539723,0.0030776990822686686
59367,-8.566634554204397,-8.694841499045495,1.451219005030177,1.8453997205573212,443.2149589941779,0.1522777982998429,0.003077956508574134
59368,-7.7190017773337924,-10.495218159970385,1.992921918228414,0.6204143817526218,134.69521391186674,0.18967076290419804,0.0030781239194994873
59369,-8.99807496376831,-6.98011126841452,0.7552621289891377,1.0580923938701678,281.4489079985172,1.2781792057561718,0.0030781622784511894
59370,-7.333447005621536,-11.909388710505588,2.4484795833004527,0.7920235696753817,467.54195913277994,0.23306702010721736,0.0030785191475765548
59371,-4.55824068550986,-6.8372840917929265,3.24913309344108,0.7357494872574925,199.56616226830909,0.11341070790216978,0.003078745372010496
59372,-6.389126110137791,-5.062019829634661,3.50595286746999,1.689650539439341,468.3010052367158,0.7956379157760294,0.0030790210180851253
59373,-5.8305571618054595,-6.41505548859464,4.254706089574308,1.5928798364306611,372.2358804167664,0.344940636030759,0.003079369045671719
59374,-3.9012304619661027,-10.829878429385916,3.721535413417778,0.8881947703076417,183.14439626944494,0.36140886815785933,0.0030795748845349373
59375,-5.231653355047087,-7.070494801967216,1.6069742319168654,0.6543627647762659,467.07574662239904,0.454962314646985,0.0030798677011832196
59376,-7.16939047544602,-12.127999762134777,2.756644036823403,1.0910805742513314,218.2203975840354,0.736662153478675,0.0030808237756256543
59377,-3.877083223241388,-6.979204930216473,4.5230769181517045,1.054382912500114,264.7749416630727,1.6385694986534904,0.0030808756819754135
59378,-6.658575834210168,-12.76272882160367,0.09786071718256062,0.9077964710236972,257.4626690685252,1.751049414164326,0.003082256831857737
59379,-5.355868915132888,-6.636305007324937,2.9048314985931922,1.2043553948089267,285.8883820940942,0.4381144600564584,0.003082848678931585
59380,-5.469504604401198,-12.71543927799683,3.361826006580026,0.5426780187703087,153.80918586538198,0.8160815257299445,0.003083281012176205
59381,-2.563346787264271,-8.261108979784511,2.7983340951383724,0.9160473466495749,301.79775997962156,0.0030079609591355805,0.0030836080279315293
59382,-7.527526498872213,-8.760398643233781,4.581862519468448,2.391770336440016,443.4021972301373,1.4466801656082895,0.0030836601639902595
59383,-6.767871107798177,-10.420378422702425,3.796614546492161,1.4127545322202613,469.50198664927547,0.014535521481334968,0.0030844300025628397
59384,-4.114979778250273,-11.961548467809745,3.3917187489741645,1.45354859942824,341.4868544139055,0.39706734882507266,0.003085425745391755
59385,-9.385195618876228,-6.475949774902138,3.1564788229142873,0.8682288357568682,205.35926494270691,1.005653493436209,0.003085636581702143
59386,-2.938799469288952,-11.632990930142144,3.822727243847483,1.8832631918748455,470.0721923884935,0.18886718195033314,0.0030857122902508433
59387,-8.506527325512144,-8.454056019027274,0.5995642566227243,2.3258747199789185,409.9024378650332,0.36730139187185795,0.0030861444044863544
59388,-7.218909853452377,-12.723202071376354,1.4151064615472533,1.0400656566196724,279.33598794120854,1.3434906258146553,0.0030863828774882335
59389,-4.648491896523873,-12.136739893747645,3.3861501040458775,1.6101962100634257,371.40097934280016,0.07954047685988197,0.0030864880642769953
59390,-8.852707913668485,-6.427926063494863,4.6552127918116275,1.2616165026516388,264.17618827423655,0.10217318001164255,0.003086699306006016
59391,-7.333213504895036,-10.620242530960269,3.0420339327168975,0.9430023830920812,194.20302480064078,0.28288049095159984,0.0030867855507507257
59392,-9.453426503913409,-5.544170796346529,2.63383160224083,0.5623855737842332,126.4094259766517,0.055562108887974304,0.0030871957316500995
59393,-6.04880440253113,-12.42376629061674,3.3972507811306483,0.8768765320015589,182.4995295920964,0.5941271105316615,0.0030878321629953663
59394,-2.555456889378547,-8.33180721806912,2.8898867871507177,1.2293252417838376,287.26515577019796,0.13303944056741024,0.0030879030258727323
59395,-5.006391626563109,-11.783581392741459,3.463663441495423,1.1132892731976936,286.86037442481944,1.3146727581065507,0.003087954559378044
59396,-4.3254179306533524,-7.1631329817850435,1.832137958313203,1.6274093564085892,380.247711992033,0.05786807149346007,0.003088752162222149
59397,-3.4307467877501647,-6.9256976676168085,3.0244349125462473,1.3823060129996403,173.1105090304121,0.43273399594686257,0.0030890611627757943
59398,-9.155139255669846,-7.530985566970749,2.27567009207568,3.018388768229637,492.2707593165541,0.7061879886710152,0.003089555829139239
59399,-6.478625213081614,-12.63666542363014,3.3025259868586008,1.117541023585414,468.009899592553,0.8399550103538438,0.00308976651981442
59400,-3.7418505599612057,-12.621391419630342,3.2926607298673716,1.8189838526403557,432.8701166634544,0.35578881544335683,0.0030904540292629266
59401,-7.506743622266362,-10.99988307309751,2.365262155010677,1.050090333008224,244.8595212724175,0.845622710578974,0.0030906614215845604
59402,-6.59061385816983,-5.111268040757301,4.5966968755035085,1.0805453408429115,283.33143007914106,1.3953460145380543,0.00309110176583353
59403,-9.364609874781666,-5.703710510294828,3.338926534102217,2.0761001033826063,413.04714283934885,1.752984707402466,0.003091267847906591
59404,-4.553060347563875,-9.57722472363018,4.582307062133505,0.704419350607859,304.37489743559814,0.3822373761243085,0.003091383267321451
59405,-3.043999768514537,-7.1290340650371755,2.7286815729342364,1.4510808181299084,322.12383198837483,0.07198525428192948,0.003091664555784141
59406,-9.379369198018898,-5.695115392296485,3.2770200444602238,2.6802519582228794,466.5644982758642,0.9896902696405538,0.00309197950020105
59407,-7.88428811915421,-9.206217260269948,3.270656602441105,1.821197617517038,468.23689176863513,0.9363810946419511,0.003092188742645733
59408,-7.169647197619293,-9.791898129265505,3.8992656979599105,1.0384519153430567,277.01247930748343,1.780894642919015,0.00309287889820463
59409,-3.422326152134243,-11.73213229388557,3.421134260085471,1.776798164290264,420.591246520025,0.5450695971326454,0.003094012220452717
59410,-2.423000133546558,-11.769203428826042,3.796239333461535,1.7222419180502844,405.84836072299134,0.5748542756993409,0.0030942637175963655
59411,-2.5885380615122724,-8.095211148788913,2.56672201581016,0.8888124252791694,467.72950498169195,0.9345168392192766,0.0030948421155999085
59412,-7.302893060596401,-10.233281079149524,3.3587149075006897,2.638194511030246,460.2831100941129,0.855134669082724,0.0030950387602251125
59413,-6.203726692669429,-6.48563813898667,1.326302757675875,0.7681337055004885,454.2109227263655,0.45194609125037033,0.003095297159048975
59414,-3.0773237639892814,-11.602493784370367,3.6136544670662865,1.6115757561058492,431.9744426064233,0.554630439549185,0.003095307547721177
59415,-3.2049303912820113,-7.447411330732079,1.1692998556006033,0.758254846969334,165.7606171351733,1.0177289852256548,0.0030954318551509835
59416,-8.649153231147135,-6.577074732110188,5.016916055603052,1.0530210452752697,281.085849778769,0.7034674088699955,0.0030964344016408732
59417,-4.026283276231756,-10.045617087270333,4.172594864614357,1.0994903723746836,466.86336048474766,0.8917367275674142,0.0030967990523131164
59418,-3.186813346721439,-12.908136093221742,3.3161699188961595,1.7677386620147417,468.2775473424491,0.08107660748884271,0.0030971812007540454
59419,-6.59632069584694,-12.50911967586911,3.267326244356404,2.8959942023313503,492.46747690407705,2.0491334797977716,0.0030972079129222645
59420,-6.109536945511816,-12.28316473953243,3.41005896923473,2.9478549600942117,496.1094462821554,1.759614180304661,0.0030979957041738595
59421,-3.957074760472561,-6.974128977493898,4.440547258952757,1.097651911817494,467.016801356727,0.6317103286033525,0.0030983771578109317
59422,-6.513865204673673,-6.49826616364278,0.4999955886240303,1.4595448267069995,467.8009985099784,0.09619763972629336,0.0030984065100856826
59423,-3.737795248643221,-7.318646395501567,1.520040875525271,1.8003087335308945,300.773123315393,0.13123497715875398,0.0030984570640202164
59424,-2.9524738146270018,-12.950998718897823,3.609609081456083,0.8602271477642345,226.98577992786517,1.0685828919361375,0.0030985042469359333
59425,-7.155405210667314,-11.12514543646262,3.0731546939864613,1.859337790992187,467.9192460408551,0.1097093303667327,0.0030992999283556665
59426,-7.376271862682735,-11.744533701792859,2.36822794091541,1.3520451628910906,323.7725129114839,0.3714074004729575,0.0030995146568092353
59427,-4.271980324660377,-12.92486499427683,3.278064217548254,0.9036406107682277,258.59825560947223,1.0886820770194694,0.003099591507808744
59428,-7.732488926062182,-10.259796247512128,2.276627072393743,0.6333903874137118,187.54917064175373,0.8788261978630771,0.0030997456191496223
59429,-2.855318455852066,-10.900086981584698,4.2606298776604845,1.3534031806426803,317.95884949345157,0.2919401206747736,0.00309996419092597
59430,-4.126273426701253,-6.883561032542458,3.162011512819636,1.7618062514351718,418.5824174488891,0.09257699695089894,0.003100080477051789
59431,-4.395819524566299,-7.046813691800069,4.940376108923588,0.8168596149502386,466.85316622929747,0.019856022078394986,0.0031003765131065813
59432,-6.605235952989251,-5.69175053134947,0.698024240620366,1.7014698059397442,400.4311342791741,0.6699518931551856,0.0031007755264384216
59433,-6.193563608868718,-5.761195429958862,3.401891216348397,1.923770355320645,395.3738319304839,1.821157841604272,0.003101769324038902
59434,-2.80985753230412,-7.5236729278131875,3.759093269879377,2.355472570884832,440.17403704958434,0.44567006674982856,0.0031023327958100886
59435,-6.835005352776179,-11.551727473996111,3.2854131321725006,1.7706036936165102,467.7767246910446,0.6129154843023139,0.0031031063557459505
59436,-4.8252200698603325,-11.40381407614067,3.541849875698857,1.7708455084038266,376.8762801013381,1.7527718786118793,0.0031035958786668344
59437,-9.340423511493952,-5.900356098168028,3.4385246990667357,0.8655007740437689,236.18887857961144,0.8829240258954272,0.00310419186546045
59438,-6.659386993494412,-10.386626181949659,3.8735042663741472,2.2296395878129167,430.12636883456855,1.9996088884774865,0.003105299051996636
59439,-6.2428102000431664,-6.0966930607578895,1.7767737371402967,1.6645364848171733,421.19318920979015,0.3382231627482932,0.003106205367031646
59440,-4.468723471985083,-10.209229771363598,4.066056588024871,1.8200218512844089,434.55926802966707,0.2542803765467694,0.0031066727992213185
59441,-4.952686474315592,-10.953542708654414,3.694490183933328,3.4930864927241796,415.1083103778252,0.04388207640258113,0.0031068689960933034
59442,-9.429461809764412,-5.556573792225523,2.175405151163738,1.8003758893533859,469.98748951725855,0.16053197180021606,0.0031070968445391337
59443,-8.361969351849082,-8.817096032572358,2.435456473953195,0.9722573601871997,269.47652087461773,1.567048925372359,0.0031076953340055053
59444,-5.27809955034137,-6.786294407566315,4.653121658820467,0.9722602069672183,198.611620577411,0.045070519397129694,0.003107700263339571
59445,-9.043672493131284,-7.373810439305998,3.437946592160051,1.7393525282392945,372.1176569362087,1.3150901785176083,0.0031088797249374583
59446,-4.539502578440404,-12.764944705734637,3.301143122600079,1.0721445658084316,278.5060966173952,1.4974304266644554,0.003110913743503555
59447,-6.050791989667225,-6.212235452965901,4.292351949695875,1.5853746440427448,349.9759913356503,1.0392151969697592,0.0031113002117951613
59448,-5.5468239892769065,-6.704936713899912,2.1347038119648745,1.8278437557987406,436.7784857629365,0.27220661384327105,0.003112775024585156
59449,-6.993059383497932,-11.211428756199956,3.240327046201603,1.4861033779654698,348.4696484081153,0.5321931445537729,0.003113739957797545
59450,-8.838737491579305,-6.877047198187901,4.502376433587841,1.2891860467600407,314.27052755377196,1.8202595677620854,0.0031141675835059802
59451,-5.257945694855001,-6.659307683730157,3.427211361215375,1.1739097358511033,337.11848654064164,0.9270702485673281,0.0031143143950176006
59452,-2.5905352583568764,-8.153150282453307,2.942559284522453,1.3421368475245217,323.53254572418325,0.23673118874801968,0.0031145207672352024
59453,-4.997611227703916,-6.7456678936263,3.6817608121380063,0.6995336194235574,467.12395811958623,0.3762299783040346,0.003115327188922899
59454,-6.019701192955095,-6.367158751185402,4.677993414047174,1.2630937134131648,278.9321003066373,0.3177136657060826,0.003115541561500475
59455,-3.5331192870451664,-11.824959172513688,3.3994517693734836,0.7868692372888405,171.6119672941163,0.23804372439198218,0.0031156395989573194
59456,-6.267502937063266,-11.395777213571547,3.5638549819503855,0.962962165130388,264.58843942749365,1.655864979755874,0.0031174595588239866
59457,-6.228157507904014,-7.5798216917595385,0.09223325368330848,1.6965085948607677,399.52956321334,0.3513350043750707,0.0031176290611155833
59458,-6.414578605138512,-5.839024178665534,1.1222979756624605,1.1235176310119723,248.52624308877628,0.06354024882862053,0.0031195976777201335
59459,-9.375739963810828,-6.7964675238723276,2.2817578616547527,2.0180576418797127,407.9117600453545,2.2229600288016034,0.0031197877375108334
59460,-8.875368748973806,-6.920148094614455,4.390848778354538,1.261155588298672,313.02887512714096,0.52424521297658,0.0031205693727715295
59461,-7.746692619244444,-6.494975137062077,0.07028262096704802,5.68086406685887,641.8072243039678,0.28165652888615345,0.0031213756074893154
59462,-3.588156932471838,-6.987972459665933,4.430326515077546,0.4828497744085129,134.29453231341924,0.7551779562321688,0.0031214863744783126
59463,-6.687407164427009,-5.035979723621212,0.6238896575131893,1.622345151242588,467.7283184237881,0.06075200446586493,0.00312152317545751
59464,-2.5353412780033713,-8.213240645654,1.2200806943983835,0.9510397080621905,247.9849049308804,0.944037090369787,0.0031217417872014966
59465,-6.149982708688972,-6.33915371124917,1.659980444314199,1.1516735473802033,239.22026610013333,0.02371400214084929,0.0031219500433848405
59466,-3.757545417908857,-12.770624446830093,3.2728416902462367,1.1387754045898766,468.12903815634263,0.4991488862385731,0.0031221363408468605
59467,-6.827748051252332,-6.221349385449444,0.060567705867614306,1.642278982488539,388.2071360482282,0.4273907896297926,0.003122672572041209
59468,-5.391073151725622,-9.045744196843078,5.172123165293826,1.8514897798315315,454.4880000173724,0.20125375306464477,0.0031229589169540183
59469,-5.220430034318135,-10.523653712318787,3.91183281699209,1.4159086984917584,325.7237235645482,0.4358416260735476,0.0031230366971081516
59470,-6.184855819233634,-6.923985383575105,0.7121741468463803,1.2831250053581658,317.7833959383081,0.4419050842998775,0.0031240879643752244
59471,-9.014750347510105,-7.036365518605858,3.9702956943111203,1.023780520446591,276.1528731946452,1.7606582312715409,0.003124744462512055
59472,-2.620348105779505,-7.923456878285351,1.0194976567228782,0.7546767507428498,166.7352096905931,0.0062593601443401425,0.003126150177981439
59473,-6.277114418739651,-9.77386539484085,4.435501269587773,1.8615859493046556,446.1627681874303,0.3736290620738698,0.0031263044448757563
59474,-2.465342345136296,-9.544452699071911,3.6548209073825753,1.5707743692359515,360.14762350630383,0.1759094596936217,0.00312656944713951
59475,-3.245377443106281,-7.4425746340469425,1.2429053476676177,0.98361979688418,468.44519846488845,0.5611849595792853,0.003126651965835769
59476,-6.695246256896894,-5.003021129986832,4.891381517770092,1.7435372243800034,374.60347918164405,0.6039826751216948,0.0031270349376951
59477,-6.692281097801245,-6.622775190911938,0.10752052700900501,1.1511115981210094,281.1698270041271,1.0757869311689037,0.003127923114599132
59478,-5.366423556405203,-6.620118778271537,3.639088105792173,1.5213464067655438,339.9759149473347,1.0244792416043165,0.0031279472976266367
59479,-2.921076441957389,-7.25621198637091,2.937346730843351,0.9525635570931026,248.75969699779574,0.7764365267918345,0.0031284354883940324
59480,-5.991524870552237,-6.366519162139953,2.070441927473759,0.878708034188165,388.66663398653293,0.7022675595166366,0.003128475692237317
59481,-6.238700633475061,-5.7628157118629675,3.809949028822933,1.2958521244514971,289.0886849701371,0.9302721416992048,0.0031287061317431548
59482,-7.142029431828363,-11.704239460125285,2.891794654555797,1.1859966246425282,467.2451916910353,0.1982221511422937,0.0031298350163129285
59483,-7.507152583195001,-10.56639985752033,2.691590082414359,1.817649604121194,434.71356219117695,0.1459164870353682,0.0031300090026622402
59484,-6.446940655229883,-5.687131008099759,4.631340009161522,1.2250486800024436,284.36529717009654,0.45865320415194866,0.0031308122360109067
59485,-2.3692164839268166,-10.160215907555202,2.3864539789796586,1.3239179913036048,398.37169314719716,0.21147122921161543,0.00313162972672318
59486,-6.283040561704656,-6.68756783617485,0.7739370101230828,0.7167599010111548,213.40080053621185,1.1946570997595698,0.003132130974344099
59487,-8.907771201168604,-7.951474894377492,1.1982187186560698,1.7245459168171933,279.29337000280196,0.10783216938446127,0.0031322955231046956
59488,-6.965843333175724,-10.639029627144257,3.5157000526049362,0.8343458388757846,190.55094674868,0.7680067276772,0.003132442132506952
59489,-2.8182860303927315,-10.248501812206099,4.74012126909927,1.6465178954192794,383.0946569953807,0.09281916833110326,0.00313274902023261
59490,-6.545054712327013,-5.050177260310948,4.316249959901797,1.7536214497985185,413.4375195513469,0.628544463991366,0.0031327917141593677
59491,-8.063346368372004,-9.62245518846102,1.8387611787193952,1.5491427234888142,348.5854645010987,1.6785796308042693,0.0031335169705495247
59492,-4.899603303045273,-9.96416100633445,4.25924448039006,1.789457338970629,423.1230634533572,0.5297364045623549,0.0031347449463888888
59493,-4.728387425730886,-6.813064519767827,3.827886867202389,1.2682307710187806,273.2432898765304,0.0784900130336652,0.0031356123996316705
59494,-6.442204185270851,-11.190760613298739,3.5836706133345517,1.6292826560960372,385.63687200391223,0.25912994166478054,0.003137121554497676
59495,-6.385710206044196,-5.930136035923009,4.80051454777033,1.105653461150887,282.7737482820914,1.309227184383066,0.003138095386324395
59496,-4.849249261468435,-9.480051166928558,4.681938945210836,1.6037654607446483,372.21267237018765,0.19317383378547603,0.0031385160603147073
59497,-2.5982258366210615,-11.35690411569342,4.81202331060464,1.0062258058179774,275.7132892888962,1.5480061914539478,0.0031387955082020757
59498,-7.262589773686091,-8.984969854222076,4.645858811464397,1.8641062907436874,468.50197095541165,0.4995868564180661,0.0031407470563570104
59499,-4.723872789890891,-6.889220889192289,2.6136353277884155,1.1053650158277761,285.8530147278967,1.5291721152418427,0.003141583936215339
59500,-5.80673855554717,-10.080293780605343,4.215205864670124,0.5343304052055673,122.52181414203373,1.1887442101648569,0.0031417581086408187
59501,-5.037790092551387,-12.613352402973323,3.3290069682929158,1.1573896246668514,466.2154290251315,0.16444380764351418,0.0031419737740859006
59502,-6.41575599898541,-12.104296616929375,3.3772377477984397,1.8431964867303507,441.34409939915884,0.27130365923474997,0.003141987807195347
59503,-5.318815449263264,-11.024799324344427,3.6808012458353394,1.635762635327846,382.2337444133383,0.3749128170845166,0.0031420112962366794
59504,-2.8139788253813025,-12.629994027378023,3.9790522503328547,1.2489206531175396,468.884999471694,0.9079729033815349,0.0031420272644597227
59505,-6.510313117634702,-5.464436258298883,1.2190191863544269,0.7438808513880736,467.6528085718186,0.3116511118408587,0.003143231730621685
59506,-7.3501793658934025,-12.748172564957018,1.763711893191772,1.729855884951725,409.22397585460607,0.2625272356056625,0.003143337305000209
59507,-6.2562679568571085,-5.7389313169159015,2.285335723580085,1.8562553309166796,446.30897384821105,0.21627307427208642,0.0031434539706222233
59508,-3.57109865491259,-10.365582662111754,3.9396157040810684,2.397367090255741,447.48189941158483,2.168881123569319,0.0031452778417989016
59509,-2.459850310966506,-9.053837885964862,2.8025832951994722,0.6220632406493848,192.96022239356157,0.734307210452104,0.0031453488299368107
59510,-3.840412021206113,-9.285469506767878,4.835350427206227,0.8472112392588198,199.0476583438008,0.902714615505908,0.003145498635140564
59511,-3.2990334384889604,-7.096870644380241,4.899697311074571,0.9265200302071462,467.21924814698934,0.6140521449765659,0.0031459062136944015
59512,-3.5053488777349937,-7.2634215241851985,1.7046365085916024,0.8996958389300046,468.18335806426165,0.2906264022733547,0.0031460248246704785
59513,-5.026986966034269,-10.463627771125267,3.928800973833185,2.065082553543924,260.231732296135,0.09568750107909008,0.0031462810517759875
59514,-4.6102717990880295,-7.48256698643886,0.9740260669140489,1.1776429786292724,251.61019222190984,0.016940489130381486,0.0031470206042903126
59515,-6.3942184155221415,-6.444808710557435,0.7688758632651235,1.4209038489865837,326.20921976250906,0.5981244265125545,0.0031471164236535954
59516,-6.121940508233701,-5.956288914753242,3.5789473206570435,1.5029418642009926,321.91630874398624,0.1965934511144356,0.0031471495884675565
59517,-9.2184911691126,-6.7068777261683685,3.6668817322182954,3.071437487018783,498.78570329517555,0.2916482318855147,0.0031471978350232294
59518,-5.929658600973531,-6.615418289884194,1.7090108561261699,0.9812118523908641,149.10446470448923,0.22823926199645594,0.003147228899943703
59519,-6.083435108928691,-6.369435549110073,1.8108878248397844,1.0638053002109715,467.732214162969,0.045451297721154305,0.0031472486807620436
59520,-4.297969280502583,-11.028559950710747,3.6370331425017928,1.2618291194533497,294.96659361688785,0.4915122075543943,0.0031477154333138333
59521,-7.275800108486868,-9.57979312218536,0.16160319881854399,1.05174785118457,277.5034699910935,0.9176756356357147,0.0031477914568520597
59522,-5.311225746466959,-6.680093584676074,4.03968886142126,1.6348070208161762,346.2209314813492,0.43899804099147577,0.0031482207943776775
59523,-2.781205858920468,-12.7329170169324,4.068099179115593,0.7599171466377304,221.92903731544538,0.27361121896939533,0.003148331929926057
59524,-6.168112959191353,-6.376828373818596,1.566738729225336,1.1504300366710276,469.7618741898832,0.10351340066780779,0.003148643821780904
59525,-7.140183215655307,-10.331054558593909,0.16831620889818882,1.8370294804997607,467.11755107544064,0.7008599835707061,0.0031488466308004373
59526,-4.273266835836368,-6.874786324740656,3.7573164080170556,0.9222048871586195,467.7747396056823,0.5888418623159497,0.0031489907715660536
59527,-7.355741794516001,-12.749023216389318,1.7838363746193913,1.6686397341015027,390.6572595292811,0.24498579945785703,0.003149267157868905
59528,-3.5617716291584873,-6.951073873003753,4.1270886120114465,1.8205181887358257,469.9831478422553,0.19154303321433996,0.003149672699779078
59529,-6.151575556958759,-5.848323967022679,2.893451069614742,0.645564181797872,151.41693082706306,0.018414806333143297,0.003150671956403872
59530,-6.33074125820238,-5.281720185374135,2.565542716725981,1.0230460112230793,235.72861314204263,0.37514714830076734,0.0031506845103453367
59531,-3.040942580249377,-12.218870920871376,3.5305943873312726,1.071611830792066,467.28486220018993,0.43241840770285744,0.003150719706115758
59532,-5.345139475704223,-7.219930297957562,1.1554748057530873,1.5304732938524843,468.9054207354342,0.49500050955423625,0.0031525338777596995
59533,-5.9126465933616466,-6.415973119299504,2.1318515391574793,1.16700097686613,207.27287597535192,0.011812384915779184,0.003152938140968198
59534,-3.517897049769915,-6.909425081363573,3.6128683886725526,0.8612880601886235,180.58030022154412,0.43744457294461636,0.0031530589079269366
59535,-4.034210053589414,-6.959395822925211,2.6347330733833036,1.087403215874301,467.7483265417549,0.7708188645435099,0.0031534761800893897
59536,-5.999558678034566,-9.565719013635547,4.645000008845008,0.7839959015288734,156.99298490557973,0.1336976061621975,0.003153901908525099
59537,-4.54413123916206,-9.401261991408177,4.74298375421315,1.2649800804869824,265.744897305674,0.12181925247005854,0.0031545517169484423
59538,-5.435217591972088,-6.679294703372575,4.370371793246879,1.8624546709639265,468.0307090075091,0.03096758890255824,0.003155780773884599
59539,-2.7124428344304246,-8.060659820933223,4.540955947133784,1.7908927593292603,423.89030075249235,0.5613134405262823,0.0031562355263897797
59540,-7.583724050574787,-12.000658505247944,0.9286800562146679,2.151309205857509,414.1257984559292,1.023644028565882,0.00315642711452394
59541,-7.631132678910776,-10.735319512829069,2.0779042806800563,0.7152461897782094,152.12717779613217,0.8837871385416429,0.003156646033831028
59542,-7.59736757004384,-10.980529402909365,1.9200271043150272,1.3352995728894745,317.3856891718346,0.8929753445831263,0.0031573463205987837
59543,-8.258560068435031,-9.064720449016953,2.2489296610697904,1.237967601098336,313.6794119213996,0.5149046440370961,0.003157379184754893
59544,-6.241793270390399,-5.650206441212982,3.2371294575353504,0.8541996157864061,467.8678643486463,0.3568332974990662,0.0031577077075524962
59545,-3.627400578370464,-11.001583696797889,3.6323373160473436,0.8031851729097484,159.4234713231302,0.5533596123705147,0.0031578271148208796
59546,-6.49316202958242,-6.017272541217056,0.8192148410699641,0.934856816789041,467.76164446216364,0.5806307029752125,0.0031581527507659403
59547,-2.7209973710717215,-12.527675095918894,4.2701625295143275,1.3015830717846588,299.51669324526074,0.898797419185926,0.0031586084297732845
59548,-9.042216979527304,-7.758424311775053,2.086964651119912,1.1724603315802231,468.0166677173576,0.3755127753086249,0.003159512169936021
59549,-6.1894864390499675,-5.993815687336639,2.1834964266037082,0.5432528532057729,151.885252823063,0.06594451004970114,0.003161129213885052
59550,-7.830309962747993,-10.065544538529926,2.1227236583836877,1.5835142913627411,370.68104428534974,0.4341184826660074,0.0031613727745638193
59551,-4.606481963210224,-9.96733430465317,4.2374366421114615,1.1739854145616753,238.10508481186406,0.985934432866749,0.003161742252710048
59552,-5.963248299909425,-6.263659345715384,2.5117989450103173,1.2924242737296037,273.44256078102853,0.7664870012396054,0.0031634769157737413
59553,-6.298118613194976,-6.065464959621291,1.7134122448846671,1.084682506734537,467.61956547171405,0.5599208949364449,0.0031659920382010186
59554,-2.592640311817208,-10.996596398524666,4.894540391816853,2.0707825882739974,396.9123418247769,0.4083586555017735,0.003166324878392465
59555,-9.448990836890763,-5.795730059093389,2.467613229514147,3.204313346193494,510.9142925281149,0.9297993875014727,0.003166489142631591
59556,-8.81621291578802,-5.290621482120256,0.4416537106594753,2.9519963147568022,287.6960408138815,0.14365961867861454,0.0031667368503979715
59557,-4.508193591080737,-12.383717935155131,3.32768418847194,0.9508295782098465,190.16003262736493,0.6065414878891024,0.0031673764862979324
59558,-9.360772334605493,-6.641996647937467,2.0287006334652236,1.5843611043813999,468.6831387747989,0.25072953165103407,0.003168353690538641
59559,-9.435008522456556,-5.692889669052791,2.275027873069762,1.02600041310664,277.5786897723837,1.553090009590556,0.0031691682735121166
59560,-3.4166358055399115,-8.237974858118669,0.13606834262754589,1.7728166167384463,423.2585225909498,0.9072971658007747,0.003170145912941001
59561,-5.617650750391647,-6.502876549889525,3.1598744790761972,1.4270072817685278,329.6167703886401,1.1532925927947266,0.003170377460668999
59562,-3.9438491697171933,-9.252889625936607,4.87200413705428,1.7158921659368678,403.5878961724304,0.2082220935530419,0.003170821467248527
59563,-7.391029786285051,-12.006363862970641,2.163355921074958,1.7475961067620334,468.59061113218957,0.2561336292405274,0.0031709239850532633
59564,-2.356071956150937,-10.17442717332572,2.2395909227961086,1.5551954161750885,467.82169512493607,0.417038144958747,0.003170988881251411
59565,-3.3173536819808085,-6.93624181978346,3.7656765773520435,1.0497290962417354,274.3642590881566,1.1209899951146518,0.003171283057383512
59566,-2.7377916802497415,-7.708636746681826,3.66130440592608,2.926656166746046,484.69771859076945,0.7576026164158067,0.0031714274181378088
59567,-3.856935975809895,-7.522211063766218,1.0067259358994862,0.8953007190236624,230.65778985309996,0.3087863237423072,0.003171613078331708
59568,-6.896224283819845,-11.505539432116723,3.233652841412677,2.453896799755796,453.43733862106967,2.266117579694508,0.003171810140028977
59569,-6.363451287110963,-5.088549258661537,3.0349394582258564,1.2183285604744254,291.40552514111215,0.15559068738438775,0.0031719285295416103
59570,-3.3052521501520635,-10.373943885428956,3.940937873890975,0.7800540776598117,400.4154271378748,0.3047761934847282,0.003172323123918651
59571,-8.418147212670037,-8.565225900293512,2.830217641189509,0.9271991138859016,192.29046395463018,1.049273189205901,0.0031725556959691574
59572,-5.154001054546393,-6.736613408404211,4.084832611356288,1.120919296741302,466.08991797847034,0.695099080665174,0.003173310558186725
59573,-6.159504233709198,-9.648269457836872,4.555542310955269,0.8700685940669299,469.0471733987934,0.17236511829323664,0.0031748642371232957
59574,-8.00726159399344,-9.666709355207287,2.030255203508337,0.8490032196472319,467.6148547298508,0.2678007308221124,0.003175044755046966
59575,-3.5553029861104957,-11.223372586131333,3.543986285303795,1.8395175617370674,438.45424913988677,0.5538435454383572,0.003175272011272431
59576,-3.4813416365965946,-7.064706923696373,2.300455822340861,1.8476139183673042,467.85467520277086,0.310291231416298,0.0031754157343268055
59577,-5.8923924560305805,-11.038067300567894,3.695520855480816,1.8093546616107177,467.5036106701038,0.05842446040170657,0.0031754385552655866
59578,-6.0153491984732685,-6.6717179547132215,1.4551530966254536,1.210887534327382,468.00209793656296,0.6092554389922862,0.00317619127165257
59579,-5.727549774229884,-10.252309344411675,4.087625531051613,1.146333510036329,295.12080658902784,0.6286883094774423,0.0031766329809279105
59580,-4.776117206224011,-11.998611801018802,3.388589395638821,1.0931028966983483,259.5098570572287,0.31958326981680596,0.0031766736631988523
59581,-4.039495265486527,-9.502020076487419,4.624279134681325,0.9989878677244337,201.48164481167487,0.8400786846837125,0.0031770573477728865
59582,-5.096054643684883,-9.539495864544401,4.63251980710232,0.8444527752259064,468.9677011599392,0.17844042398885573,0.0031772139446708406
59583,-7.428206564315912,-11.503507778975736,1.4809106454573966,3.6239343062078597,533.9719866119597,0.5388319649011999,0.0031781449983414823
59584,-9.227184691639314,-6.841519096567266,3.527343675079127,1.0161001445147098,399.11534030953374,0.24123619627456527,0.0031783081926726035
59585,-7.323133023809962,-9.19636557643381,4.312239701233909,1.0236757180382272,253.23949742871767,0.12850121809338333,0.003179274983436571
59586,-7.8749982974434,-9.7884617692763,2.3964925429339488,1.2388777537224347,468.7174147457568,0.8255226109467761,0.0031797631730914842
59587,-8.467093995097576,-8.824415645277659,1.8147574192601337,1.0114706891999568,141.9532429390319,0.2589222968244522,0.0031814962740282387
59588,-3.9990290205992203,-12.256494069244264,3.3211634635725282,1.1314059478680953,364.18096725819134,0.3702055356589842,0.0031819509421449847
59589,-4.011193878621637,-8.15255974070923,0.21551770602557566,1.8962998887953861,393.2278362832442,2.0068044765147697,0.0031834263131237835
59590,-4.197138950129299,-12.869369713347668,3.26749221842125,1.8387471577684158,441.1863487301007,0.10639418190462457,0.0031850783387313464
59591,-9.395277201710996,-5.708370227736571,3.1544236098884477,1.2825581708365694,286.69160582650244,0.129951915640655,0.0031862609583712944
59592,-7.496012078380755,-12.348045312802313,1.0088572053605938,2.5093284900422703,453.73892051735857,1.2734504839129661,0.003186423579495588
59593,-6.803542230847619,-10.97042294979813,3.4849099670705797,1.225118779533382,257.8040569670616,0.6875586841790398,0.0031873836115336182
59594,-7.562573063476048,-9.970973983230397,3.07764814170452,1.158146247137948,298.9654869008039,0.33680656851667656,0.0031876156081225423
59595,-2.3116782825390283,-11.140361412044898,0.6471661163980233,6.499239158017039,689.0465494084731,0.3887904945800029,0.0031879546946705917
59596,-7.1493292167488525,-11.380378615231363,2.9693315670351765,0.9174668664466008,233.48646522730243,0.7753637282871093,0.0031887338633954506
59597,-9.191427279986193,-6.010665629869775,3.881591538613923,0.9586379056039387,468.4244984153983,0.29425491288319616,0.003189069468324652
59598,-3.9387257808161777,-12.032809607221258,3.357244228468821,0.612238364386664,124.9389740097543,0.44068656062529765,0.0031911298676011697
59599,-3.388456465746252,-7.334563126938031,1.535491718468377,1.244049469611471,135.6322211828265,0.3393720470807464,0.0031914320277246764
59600,-2.8274210267658306,-7.48413461336317,3.7184624317362958,1.3831873715398406,311.6829641703051,0.5758498293931327,0.003192164575648924
59601,-3.284827101706604,-10.960518627105403,3.6508108751968344,3.107860131585475,508.59767883560704,1.636537603694891,0.003192199721770104
59602,-9.215717614693919,-6.854601351975638,3.553795307275596,0.9613596852243599,147.98842298606428,0.39458105921049746,0.0031923307658786202
59603,-5.763709366658485,-9.18569753718485,5.029593339874013,1.7712699959098288,376.79927811984203,1.0469201940450494,0.003193221046579773
59604,-7.573349741775841,-9.475269449159356,3.5884769983559615,0.6483164899474582,155.1821632451084,0.8790485447221865,0.0031934340195380684
59605,-6.10936694181116,-5.952744597901172,2.95259848983435,0.5914621109748304,161.12976751394606,0.8728275749930541,0.0031936151735859324
59606,-8.447564923442284,-7.220573002066973,4.984077860966477,0.9679564498459713,256.42255645046987,1.199307897551976,0.0031937285039759684
59607,-3.1217615493726756,-7.206976180215458,1.9885078041206194,1.2718911010704297,468.8017895712362,0.7497376703566045,0.0031944380732485504
59608,-4.113654594534611,-6.972344186848518,2.561394841203319,1.7142932833206648,403.111274007598,0.4846246481133951,0.0031954237390190493
59609,-5.2384298464286445,-6.738602700228456,2.662195956625891,1.1616239842819773,298.986909607081,0.7817584743795463,0.003196050643218784
59610,-2.8477024345882764,-7.493098481692795,1.4231865045593717,5.926710218134526,648.6695269738211,0.25890831664991776,0.0031964492198263837
59611,-6.670192825891906,-5.0023864855663875,4.778250989185982,0.786552030735443,215.21135396681694,1.1482508460174694,0.0031967528855620687
59612,-3.751074209264308,-11.057264514093768,3.6050854841281055,1.0630252118262087,252.00221232444878,0.9991494691169249,0.003197553158086161
59613,-3.3704546998044886,-12.521442478871277,3.281963426720421,2.7987420306298945,463.5694670562637,0.5058449336019848,0.00319774829077953
59614,-6.616845173550185,-10.849718097395632,3.640374611026588,2.2135860822829954,428.51381991409914,1.897879871740792,0.0031984881496968736
59615,-5.20212865275343,-6.686896913795778,3.4553333679961877,1.5073882040467537,468.92718644492777,0.6428095827906413,0.0031987204787960353
59616,-6.500875133698472,-5.35799510885498,1.48256840864423,1.8732478434161761,465.93520453239887,0.38048657963685795,0.003199174038022341
59617,-6.345029764484279,-9.389970889921265,4.7779526817959415,0.8657594771363045,250.9804039238239,0.9980700580817805,0.003199302835582404
59618,-5.852616894299615,-9.461026103286578,4.74269142086781,1.641759987659366,384.4713563367703,0.9033575217909506,0.0032032186297950875
59619,-6.291061921143772,-11.129411720194865,3.628228591366171,0.48090693289892006,107.22225866094168,0.16287804977637954,0.003204048251283908
59620,-7.23479509299305,-12.588289230342745,1.480636692471108,5.657680841018708,532.4923466876802,0.05532273667003906,0.0032041680489191507
59621,-6.001571098068732,-10.243076976255109,4.0928335433127465,1.6475187442844472,382.1821326114407,0.133068192611419,0.003204256508795274
59622,-5.185950836037235,-7.067703188586712,1.7029175225909257,2.5992803082606466,466.9003905634994,2.2506591233054927,0.0032043485634064635
59623,-5.092580983617027,-6.7493278750508345,2.9892880002833904,0.9767795160009047,247.40054578151765,1.0346744406945048,0.003204758240302884
59624,-9.256678828714316,-6.9371888797798436,1.8008946053153692,1.193431105823398,293.72892018768965,0.18334743230721173,0.0032057905852214386
59625,-7.821641777533994,-9.255791799585845,3.335450174073653,3.340642092952671,518.1965457148074,0.410313580437327,0.003205897067092434
59626,-3.5012277592358387,-8.12291723138874,0.2522148602568659,1.1174105068802997,225.75588170109103,0.005213186068699471,0.0032076143523567637
59627,-6.375705053947332,-5.0972296703921955,2.5197438620418087,0.5501021139280609,160.84046278179238,1.0655232286236425,0.0032076532833030637
59628,-9.036143028453584,-7.187429486956998,0.9001456336769891,0.8461514024497542,245.74023042644075,1.2952025293311555,0.0032089379675703323
59629,-2.451635968522811,-9.673459728484886,0.4457560543996818,1.1750776016611113,238.59723396317148,0.16810802579376283,0.0032103388512450754
59630,-3.956641629894073,-9.737383266594346,4.396875889155413,1.1317924304271338,467.5696705596636,0.5681403212532485,0.003211290822682504
59631,-9.399653659496181,-6.670759332876857,2.4691380821151157,0.7043940092883852,467.3377356536002,0.4794794063294141,0.0032115935374921554
59632,-2.9644349197839386,-12.900938925101139,3.5756681799051386,0.8408110379183682,469.7148943592997,0.22909017237681528,0.0032120715101954887
59633,-5.923921889031936,-6.3342133672149386,4.145005666847698,0.8772743669047569,210.92310824940486,0.8797991876827735,0.0032122580090635094
59634,-3.973149366356248,-12.029150264121075,3.354713172932692,0.7847789985963125,468.23573644566653,0.37491146588601953,0.0032125108446626393
59635,-5.40733288905484,-11.187243703692769,3.621135430152035,0.9769992015942367,256.2646827547612,1.3862332934522454,0.0032129362091580654
59636,-4.405608557620676,-6.905401158465791,2.854417593504218,0.6685045324142687,165.3286450693878,0.412968915992991,0.0032132254485829036
59637,-7.966887426655138,-8.748806771663869,3.763356480808857,0.8836272571461735,213.47373138922708,1.1515823216385428,0.0032137010462906144
59638,-5.858229080729011,-6.488200146081196,2.1292366196587023,1.2228202072383318,209.66464443855423,0.10078198660883597,0.0032137038267293283
59639,-3.6261486018554105,-12.37641742594559,3.293727569971276,1.4471462772073356,468.6690888163525,0.5626476422970246,0.0032139719049225743
59640,-3.785188460902182,-7.424109295299594,1.298084060425516,0.9463726819386077,193.03122384695172,0.21805344132200677,0.003214311649040889
59641,-5.330893147999892,-11.207469917518964,3.6047892394997305,0.829208581070967,239.09701721633246,1.548076879668062,0.0032147705062013673
59642,-4.3627105278624265,-9.360064256586854,4.766472719949262,1.5068639902389178,468.58242233940456,0.36126410566645806,0.0032150785545164125
59643,-2.2196064241548097,-11.990640521737483,1.0582269158855804,1.7141085102126365,404.5464318197031,0.5244565515731825,0.0032151194697942727
59644,-2.4095750687763324,-10.118774980052828,2.9922494785232954,1.439340956679072,326.8235706040787,1.1908880642709212,0.003215458733498356
59645,-3.1213110690311012,-10.5538060314853,3.9354247192171177,3.3599250304724677,195.35605988930854,0.3900439296654925,0.0032163831198812718
59646,-3.250380614889359,-6.97365709497851,4.153180916237163,1.8719257331582535,451.1042146548459,0.3777797551140001,0.0032172670513904585
59647,-2.6415724711939195,-10.410743973794734,5.054796434682534,3.640694423873791,544.8659397965213,0.9940897251755088,0.0032175064777918224
59648,-8.916921191130063,-5.927099579336274,4.516207495714881,1.0491227464187414,277.63332333279976,1.6242352169772838,0.003217509006268607
59649,-6.191170566946539,-5.787219917954758,3.0504734559602933,1.884918901755075,356.04711798848973,0.19275706805251325,0.003217875325727876
59650,-3.0903169279183507,-11.126731865029917,3.7153614193477384,0.8502580611921171,468.3509767651431,0.352299390281515,0.003218128233910543
59651,-6.881206968734762,-11.548811456311853,3.2265653310445104,5.019037422164095,295.35017089433296,0.263552745003647,0.0032181631881671125
59652,-6.1986888570011605,-9.390856999158899,4.79586849408004,5.206566673191651,518.2212829656996,0.059631386532787545,0.003218401707304872
59653,-5.743404319550725,-6.413505273884244,3.0568517492218117,1.0755413692118143,280.4715544237418,0.2542274331337593,0.003218584974002097
59654,-6.111256972232633,-6.195655723258553,2.027142591866377,0.9603077909769194,262.7075346960156,0.9705845794231882,0.003218878512267731
59655,-6.449133061212397,-12.990970027703447,3.260287106498882,1.0502070450825385,256.3350222331968,1.5036402113910068,0.0032193211929373933
59656,-4.9953767251932835,-6.86343278984239,2.459168976230156,3.412685697990416,355.80381372373125,0.07293657900053496,0.0032197459386759915
59657,-3.2183463294052403,-11.169612392212343,3.58532708742082,0.9706703465279442,245.94065886145825,1.2415692808478962,0.003219805053364473
59658,-9.419954748470303,-5.949485326903999,2.9923112121045587,1.5909578567666012,370.51038489413037,0.30758218885604194,0.003220047222971894
59659,-4.930520383784506,-11.604387250583054,3.4755925143727735,0.976059859027251,239.154152767861,1.1613213107822906,0.0032201462877329344
59660,-3.0834415520466116,-7.249760031765849,4.808738946241583,6.450978699463099,669.5046421503704,0.2741600725576534,0.0032204602433648596
59661,-5.737245512302897,-6.46113156096299,2.6778964388846047,1.8007616536951097,467.6031579019448,0.3883072187079071,0.003220590011832834
59662,-9.06595650232114,-7.102153790352675,3.7382094629003046,1.1659380160438915,300.65808622250944,1.6106330408469294,0.0032212417783811795
59663,-4.685096038357259,-10.704471988330534,3.778856594598533,0.5880141844560914,121.88373277406457,0.4269159766943469,0.0032224698472455558
59664,-5.29942525965746,-7.0033948623565285,1.753644113241204,1.5078367725699855,467.95648405096114,0.5970641017740421,0.00322254269169617
59665,-6.0921572824948935,-6.686408631066741,1.2858575058660267,1.2815741338946316,278.08903940475125,0.19213475582500994,0.0032226903450861683
59666,-5.000654924445895,-10.858618049294506,3.7239228870999046,1.2776783001291832,283.674153861861,0.26098873449312077,0.0032230175819262185
59667,-7.435890009554483,-11.847572882483085,1.9788207726919962,1.110353384083495,222.81664670228795,0.685384643515877,0.0032236692352513754
59668,-9.38680874551696,-6.771702459315654,2.55266477035627,0.8425112380138484,198.5500011041485,0.6442410493830231,0.003223948551436694
59669,-8.035587275557088,-8.041221997836608,4.720691978517806,0.9372724960558501,244.839545798947,0.38446945166794855,0.0032246186153831167
59670,-4.7436495386573965,-6.82082625576471,3.5097516261729407,1.0186155159841908,467.56417228220215,0.6647734122814848,0.0032248599884133295
59671,-9.191338256446466,-6.176023464211484,1.4159812367906541,1.100345938979891,403.1672084229053,0.46676065779047526,0.0032252117127450335
59672,-8.223032880283197,-8.995355776849763,2.5539134370638945,1.3740925647320035,297.39707426003184,0.5525742025368423,0.0032252193054356335
59673,-8.086354611653919,-8.090666452441692,4.550291657914949,1.544813401322189,347.7180404323483,0.10240107677355326,0.0032253169155700007
59674,-6.122356075374312,-6.413107810007837,1.7573294386479004,1.3196554058812904,310.1035249070048,0.5729932657589201,0.0032260449673435923
59675,-4.452110487786668,-12.026098715025991,3.3630873005252977,0.5127823700594525,164.28140293092676,0.24480366941157694,0.003226452936826388
59676,-6.537951199701041,-11.321250187169312,3.4968205283094647,1.0548585015737098,268.25023938184944,1.6317122931239618,0.0032268441767492276
59677,-3.1778316371906445,-11.75770593681173,3.453383910731736,1.7395000320283476,368.038508298891,1.078654441697787,0.003227590636217906
59678,-6.915485218038384,-10.52542657868366,3.6075409604139597,5.658938712030152,240.61636942658762,0.33510311865771225,0.0032281492059079665
59679,-3.57949576263837,-10.636676603613525,3.7763243873542023,1.90395106947122,468.82088263018755,0.32880283066078686,0.003228630248815563
59680,-8.954495588854677,-7.318950624323242,0.7626108913312354,1.319015952333798,224.76487549428802,0.016457931263993864,0.003228852646702305
59681,-7.010809311201614,-11.436386731459663,0.17848207295911026,2.0954719877447667,412.2346294712005,1.4326915171847956,0.0032291138206022247
59682,-4.769730781267526,-10.576281066924187,3.846810349931429,1.107889388055222,290.8332395542078,0.8716909864517666,0.003229301338517885
59683,-5.594023296285521,-6.794632156350571,5.04151886567519,1.7073573125673838,409.17918434813095,0.5354616029758121,0.0032296647503798864
59684,-6.294212440008551,-5.45590234094482,2.8163383435985465,0.941739472060904,162.5329270785166,0.0570744901773077,0.0032300787596041707
59685,-5.637249176933427,-6.896273150746293,1.670188142019999,1.4766424922812806,467.9310803049524,0.7547051036452634,0.003230523920933273
59686,-9.439563107888814,-5.535988082323251,2.406250272509453,1.070694705832586,286.56020643171166,1.3729191879924079,0.0032305310025313025
59687,-2.7131885969613645,-12.951462306413049,4.239466991323796,0.8466545938909439,185.6605733650506,0.10566691228692537,0.003231027509837308
59688,-3.9864476367694133,-6.981390641102712,4.429954616440453,1.00303693472607,238.7279102510046,0.29119362298162343,0.0032315018877908915
59689,-5.7861788636700755,-12.111863637521557,3.4171586857326526,1.5383859180053507,467.8822294678922,0.5451183546463367,0.003231821272881524
59690,-6.039896375585647,-10.123464516134494,4.166861583295473,1.0122054911007035,467.9315375771047,0.6066787564582912,0.0032319842321225016
59691,-5.6199581719321765,-6.981824398989249,1.5083522087660215,1.0721952020691494,248.21652840104534,0.6709435872538405,0.00323206000581633
59692,-6.133800294453991,-10.640050074482906,3.8498553738995236,1.0845288794300294,468.8622784669175,0.6328214339513218,0.0032324810179522826
59693,-3.074275110949136,-9.269229756206112,5.032552449083202,1.2462689302728138,301.39367895024674,0.3635532387790956,0.0032327768776666487
59694,-4.147236483351049,-7.326900338491756,1.489304497941843,0.8735130318805592,468.09855194335665,0.7300083636433721,0.003233625898590034
59695,-3.5876966196138094,-6.947657694668306,3.954053001835436,1.8526267529654956,231.04937725899927,0.13738589747435537,0.003234533291903116
59696,-2.8886689112527453,-8.42003322347239,0.19950099244063818,6.4546948452502955,688.7735366653195,0.44397972106277717,0.003234602359701335
59697,-8.308621500418521,-9.173869076964664,1.5162935425476725,1.8275188453008133,435.44138270676365,0.16302670295365562,0.003235110092523895
59698,-6.120049540392626,-6.103927341133341,2.2008728720836963,1.4514952303181268,337.2087707231018,0.19659171080342208,0.0032353348001756144
59699,-4.79850724842075,-8.022293611635193,0.2740445373838346,1.060936100538276,279.0854871578374,1.3367976586906796,0.0032355894514079263
59700,-6.373751343289757,-5.758853154426841,4.411797413632976,0.8689664928179682,467.73449479112764,0.31198353430357617,0.0032357208512788925
59701,-6.459896292819247,-5.178831637284487,1.9716629306866944,1.8332058289324342,439.32901956265476,0.03166389192760555,0.0032357540277852216
59702,-6.760010663070074,-5.237871906705691,5.157649838159139,1.8703926311829253,296.4767195585089,0.02377965099663637,0.003235859723113846
59703,-5.119559452369657,-7.337028602513559,1.0857770130415032,1.761369487005733,159.01163462292388,0.38880156413789635,0.0032366155261808554
59704,-3.9284393009815606,-12.561717140626145,3.272999225506094,1.7018165437274642,414.4897689162004,0.333805273382767,0.003237778943135833
59705,-7.698096110680153,-9.55780206906387,3.2223012971694085,4.020643359854761,565.157476252469,0.6511748455868789,0.003238576262313611
59706,-4.400045834740607,-12.211747691916294,3.3325210796283553,2.387254557979352,296.58128409595537,0.5248571339289159,0.0032387536307221746
59707,-3.357055005890757,-11.976216928498271,3.3478305157419856,2.2913765194444555,433.9056089471136,1.530795682697371,0.003240065845911966
59708,-7.310378890576592,-8.552983996520409,5.121633082737939,1.9588684804202092,278.5509951609717,0.03565534910197243,0.0032409138024748264
59709,-2.231884007863373,-12.421079727958565,0.9988562712629518,0.8464552845637217,467.79796389958034,0.20246556505196533,0.00324121288096559
59710,-3.9035740695611922,-11.97095564796313,3.359108067558636,1.2914812008011496,322.20394051688044,0.4202868349232949,0.003241659381377411
59711,-7.62089381314852,-8.926547257932292,4.188672945332473,1.5673153515217642,357.24029999439244,0.4099581170030069,0.003241914028405693
59712,-7.2126556954354974,-10.285283397639077,3.4280481623308625,1.7663486866183897,419.97262924105735,0.02807131589177292,0.0032424214922499575
59713,-2.3920273326651014,-8.88765225773258,1.3666481892044071,1.3853032651103998,311.3854788115846,0.034836187212105685,0.0032426068248202493
59714,-6.369818157466664,-11.593997599561579,3.470577494196649,1.904630621674988,467.70368464458886,0.4823379916563795,0.003243126836509729
59715,-3.9034606397128444,-7.041315211591509,4.715355181026852,0.8630028378093263,241.08955691728997,0.6506441068163245,0.003243155217537744
59716,-4.494265244735715,-9.018774741987208,5.129072569234068,1.3450569725145172,388.1645916438896,0.24259878620736242,0.003243906451268873
59717,-5.252110094200689,-10.36282557343079,3.986008311709892,0.9686694532023272,230.3168375554975,0.25741101527545407,0.0032440060419483556
59718,-3.663057667652126,-7.473156859891651,1.1451916193614902,1.3148728073371698,288.90422162672996,0.663674174111903,0.0032443960619488723
59719,-5.164193283961288,-6.7043360045914735,3.5964967541093973,1.2716301184170162,277.3444181371791,0.17505681821668517,0.0032445741470505662
59720,-8.60598865611269,-7.0071499843968486,4.857863996260382,0.5485058207407641,120.95028993588356,0.05996381550042962,0.003245533448713896
59721,-4.424271993596061,-7.187832300212863,1.791286774987095,1.3143265710196756,304.48448434329794,0.15639988756446055,0.0032457058277315697
59722,-2.254743206729783,-11.623180345851717,0.9119681664582273,1.0675010273301937,467.8076161866277,0.7489142327730862,0.003246002418282283
59723,-3.633804515285602,-9.28037124564909,4.8262957743503,1.1660459569149806,273.266327225991,0.6812401590960944,0.0032466703167551673
59724,-7.08518732782712,-9.62836481485174,4.1226347188721215,0.8762900940304806,467.2089032988976,0.6778453460373539,0.003246803633972311
59725,-3.239548211704534,-7.057357817288215,2.3718151597983583,1.347117836265348,289.1424541682091,0.12157752333404748,0.003246841317834513
59726,-3.2097524280768788,-7.791451168112086,0.6825273528831454,0.8829796520390782,176.82385201980887,0.9314509675442215,0.003247494406167199
59727,-9.330531331867894,-5.862524216118476,3.4230350238093874,2.105805879333759,415.4072873013309,1.736080488755749,0.00324807486206353
59728,-6.711335064271895,-5.332923467865776,0.5299041651053886,1.732249707158207,410.5524091093769,0.45326032737784505,0.003248497624141436
59729,-3.367848508356176,-9.310966703297849,4.7906320407883065,1.0892771630874845,467.3627369019855,0.2650610258272925,0.0032499125241478477
59730,-7.570650609667386,-11.526695176651453,1.074423170385962,1.7801472351166718,467.9981694113755,0.36724456109144743,0.0032500565703033617
59731,-4.11286864412205,-6.957084906051254,2.7272959260581953,0.8175652895937651,453.79066612403227,0.12786387656810838,0.0032506732715230522
59732,-5.800076414010479,-6.427622904898052,3.9456540509231144,1.0759872503693153,245.8016965658698,0.5643411724110754,0.003252474761112102
59733,-7.098096833555397,-9.405377873900125,4.333114460185213,1.8378703724490213,451.8172078838774,0.18389714214339836,0.0032527387402994296
59734,-9.279882085206125,-6.215541706373113,1.7465471626352471,0.5879498390588662,137.70984773096944,0.9451403408839871,0.0032538774847605373
59735,-7.8709872063642,-9.63195180413167,2.6404988962732427,1.3776315147579279,313.27739573204354,0.8217414591738317,0.0032539305099624828
59736,-5.286271961434351,-12.419455941444966,3.3484400108083663,1.423210426682526,385.77802936146145,0.6418832177324054,0.003255022514480315
59737,-3.5192551662733926,-7.284142925055418,1.6709638639768247,0.6678334744279736,165.05952583976335,0.9144279303079843,0.0032554677009066857
59738,-5.874783665409058,-7.796703202194579,0.16978468915753234,1.775917192974607,419.31726082490394,0.043531507200916586,0.0032555837417422803
59739,-6.991874939611804,-11.99144672012518,3.0056753475966627,0.8834184621672757,183.4681649482695,0.05165394936809253,0.0032556811935682034
59740,-4.126883915347477,-7.779506639107127,0.6358431866564066,1.0180245016258869,467.7914494457728,0.5544375035829452,0.003256297303016658
59741,-3.320074465216197,-12.8272692819357,3.2415022333621213,2.9009191811734296,490.9570032218428,1.4594227842911573,0.0032563533985770694
59742,-2.8455412159873097,-12.330493718487281,3.9050502826489337,5.263960078165288,629.5752181993328,0.3345702476322492,0.0032567623256202906
59743,-3.7295598347571115,-9.932447826833524,4.2292824506835185,0.9995475548857764,266.68348467696757,1.4042848744627188,0.0032569043412758684
59744,-5.3640580741178665,-8.11159045931019,0.08693621278904472,1.1467985042250668,249.47545897099894,1.0440435917445816,0.0032569813319797375
59745,-4.9000110139464415,-9.97991674003633,4.231526706949594,1.4675136492909602,377.4500837161385,0.3742522858223012,0.003257150381586324
59746,-6.443287442425506,-6.308833054593019,0.8218452757231574,3.0070983772920252,492.04687881805734,0.7466092249770009,0.003257167485532604
59747,-9.238664749295504,-6.5804715418638855,3.642299608411915,0.9347060840958702,259.8216969101125,0.8271257220756256,0.0032576941509651998
59748,-4.019761680035084,-6.9861929890143095,2.579676444007429,1.3817059422977842,327.6941746268089,1.8426965059567264,0.003257874564290776
59749,-6.903309603144995,-12.620019509023358,3.00782433298919,1.6551060920801188,468.3722296326788,0.5259532410293675,0.003257887908004459
59750,-4.288886098352115,-6.956186836517751,2.6246566862121505,1.8311139069132623,438.5256885270366,0.20255748692858955,0.0032581236544138173
59751,-3.6296203891086094,-6.936221221925969,3.284149604229506,0.8966423077231926,468.0947538814531,0.7279198071564901,0.003258904980188241
59752,-5.490965547061134,-12.37328639637923,3.3653864086038534,8.702852510441103,472.3056163326705,0.09104924528144842,0.0032594854388549137
59753,-7.181272426267304,-12.913569935821505,1.3486445371616909,0.8817172443997057,179.9768477245295,0.1676600528979426,0.0032600544117434784
59754,-5.84276048390662,-6.710682352874978,5.171016069665607,1.1362997926766947,466.8768351250428,0.591036683843357,0.003260331263135981
59755,-7.351378327737818,-7.6911042902505,0.026573616022459615,0.8300983315639391,162.19076604069227,0.009524057292193966,0.003260801596269707
59756,-6.239965485173958,-6.132434353294822,1.7923307499687025,1.0260630751158442,272.76482733494544,0.820830832777907,0.0032619757631093178
59757,-7.081829268613017,-11.801519543345885,2.9303770961065343,1.2159841967495812,223.19933169335312,0.0497035251928164,0.0032621532244720237
59758,-9.419664349647212,-6.348287663956096,2.8337769166086813,1.5934480510987081,370.11498246514594,0.7473094965496161,0.0032623538912980123
59759,-5.453439011400129,-6.597133365833403,3.630457886250625,0.8278112864968808,175.1710798093432,0.7568341798701193,0.00326285312639207
59760,-8.515195115901715,-6.174893490828144,0.3354324422247946,1.9751283822519248,198.40984292777267,0.26597362664803015,0.0032638969548875445
59761,-2.8595852500874477,-9.676789891170905,5.067172457028611,1.2821187688288307,317.49010422684273,0.3096072966792667,0.0032642787296304813
59762,-8.73457868878346,-7.047784769771167,4.566123975583935,1.776988281730404,423.94715357013143,0.8122740146801499,0.0032649214514087793
59763,-9.263434274238513,-6.953827122074368,3.237823843983654,0.6963921808955943,196.57003897864476,0.6131305089180739,0.0032650218525980997
59764,-6.321138892030186,-5.619400832854938,3.847863894468079,2.4043496367773005,444.3025287390592,1.3659540147622122,0.0032652749166315986
59765,-2.7553749703095036,-7.906627362383912,4.569470333029126,1.1126037095276953,286.18938706141597,1.163482252161903,0.003265369682993749
59766,-6.951091589258436,-11.059085477997144,3.313617122187351,3.0090378877024953,484.6909231018074,0.5405333805344643,0.003265462220105404
59767,-7.727834973483343,-10.421001069642973,2.0007052184504324,1.295287236711341,301.8604078379564,0.15377007412715837,0.003266232536803689
59768,-8.543519411124356,-7.097467940076137,4.905424635426886,3.0638470263618567,501.74891854006813,1.1262525418588991,0.003266684432693453
59769,-5.0977805918545585,-11.544100815818075,3.4888927518755506,1.8034954151515985,434.4923945923582,0.4241247927136236,0.003266975133015173
59770,-6.0843895656547256,-9.794730457877304,4.418195068427377,0.8948309894098121,254.96509152856288,1.545438424193164,0.0032671793392088267
59771,-2.5511508833261782,-8.71264838082342,3.5860696042076974,1.1833748360541758,303.52031440538207,0.6522671133232558,0.0032673063742906937
59772,-6.307517599990437,-5.615443658322282,3.6617346532274206,2.0845067100921275,415.2147071212483,2.024297341821968,0.0032677267116420663
59773,-3.3341729604692194,-10.993968312444789,3.61356147733415,1.755783371027411,415.2674755952933,0.324122020264487,0.003268441762668894
59774,-5.0531427786437275,-6.9181981955281975,4.81760803268064,1.1751918367287286,218.39528607785098,0.06198379846090152,0.0032686196183663936
59775,-3.972440355866911,-7.823897855001534,0.5788472992465025,0.9686980203145411,415.820953515613,0.3957253541567498,0.003268708018589069
59776,-2.3727939975820878,-11.610779024982632,2.912377907692856,0.9131861896707673,468.36092470264066,0.5216521674250094,0.003269083797438596
59777,-9.045606127524032,-5.052743172794155,4.14642975552452,1.0744318939763806,468.55383960479116,0.7517254858579809,0.003269158893329445
59778,-5.92097352002363,-6.281655546076237,2.7029865160052413,1.2638975118500881,306.44355740092806,0.4270295690625767,0.0032691837771351537
59779,-2.4864604943207116,-9.638857904528326,3.9512384699939584,0.8353594363331289,224.6799215662848,0.352477849605747,0.0032699187158415346
59780,-4.340535136016317,-11.524932300695662,3.4567418689704565,1.4731851216241327,331.7528012499363,0.08367488567920933,0.0032699224208403185
59781,-7.366235489666759,-11.668013848191949,2.3805804133275283,2.9406870429017813,495.23535969875434,1.7107922015915973,0.003270065258362338
59782,-7.163981609531171,-9.613149401839568,4.048699498482663,1.6470101393664933,380.8670889052104,0.15063204913496175,0.003270244913441704
59783,-7.711734088814035,-10.560310737909615,1.6945291498114634,1.6254265013013052,467.82698461973314,0.1945069615965993,0.0032702777766957687
59784,-4.509460993530753,-11.918676332488278,3.3804135620175892,0.6095481496833096,143.61787978422856,0.8981447212196754,0.0032718075330107803
59785,-6.302684476663993,-9.718639579599625,4.459495492013516,1.8057846763150585,467.70173407552613,0.44587776697946424,0.0032718156425426345
59786,-6.138218883875578,-6.297689209930225,4.735664498553548,0.8665097737458154,468.92125697487546,0.07649610808939933,0.003272154236645577
59787,-9.206248385736775,-7.291923626241548,2.8487095133220306,1.1301241035764087,468.20111787785163,0.07025217795030247,0.0032722363917519976
59788,-4.8105103149899575,-6.9398493918692985,2.328255209505176,1.047072916754116,273.1042721371072,0.8353628690562802,0.003272561947637891
59789,-5.824821598172231,-10.263014791094045,4.071528169057606,0.9346542123927157,244.78106679892016,0.385148137342342,0.003272743990047248
59790,-2.9500309767290744,-7.277323067455541,2.574541946729058,1.9801914994715104,400.71849965171066,1.6008827713300038,0.0032732012640719218
59791,-8.54827950772464,-7.997621817135187,3.655184342382802,0.9782038651858642,195.74788350744706,0.09358090781861161,0.003273436179024597
59792,-6.48013928839418,-6.189085181809406,0.787440317599189,2.756602513322834,446.5280886975735,0.30961426103899825,0.0032734946885327543
59793,-6.608579453743191,-12.401911929927905,0.08526885695486587,1.4813052429884226,346.2000718984199,1.0949822861158953,0.0032738785635647947
59794,-3.7179323204026034,-11.801438652546693,3.3801265268155594,0.9915362211490963,266.3618975466758,1.3721572990855195,0.0032739305282170105
59795,-9.200532609051379,-5.662441838297419,1.401165508887803,1.1105161876265524,468.1203211162198,0.7420895655974791,0.003275101276690605
59796,-4.870488949837407,-6.972475653854583,4.865265741558297,0.7318781041879137,135.29280303465137,0.34740052876082306,0.0032754247239745703
59797,-5.913678449992893,-6.285304135665874,3.778030418962606,1.893245194652606,455.9142883661307,0.49144281319183847,0.0032758668276779077
59798,-5.607749877102435,-6.58428124107786,2.583557283702242,0.6868894354385409,189.43517118575386,0.47423395640239097,0.0032760959195082535
59799,-2.952710946923979,-9.517145595085799,4.996171301181213,1.1873611602795582,130.02418881987043,0.3537373535497492,0.0032762560776359506
59800,-6.262742251349425,-10.201252074220935,4.086495436923441,0.8561689800122806,245.04370074316077,1.4006266871900932,0.0032770798264993373
59801,-4.672589197521766,-11.905086399136742,3.386879594599699,1.0145791107604698,470.2900663370052,0.023937054221812026,0.0032776979757447636
59802,-5.957103095308981,-6.227735360596382,3.6792560013613858,0.8578415836646297,468.39829122059905,0.535810374347661,0.0032781768820338013
59803,-5.3667900405969755,-7.831963027756666,0.3500442163959335,0.7654745315960098,172.70819156421737,0.23304124511821556,0.0032784539195444386
59804,-6.571492174398093,-12.432220596913965,3.253879055291309,1.0097942072931818,276.1120724809753,0.46052776351630786,0.0032791129331282624
59805,-7.749430715787851,-8.668048885415303,0.2598926674187286,0.8276490274409385,167.69748332632813,1.0969409993905055,0.003280137394901851
59806,-4.067898450680152,-6.92725237654399,3.909520232051255,1.5996369805998898,468.90352786717233,0.2545201755478539,0.003280328866433586
59807,-6.12964472162942,-6.282076979164349,4.68177683698304,1.4906271155369897,350.71617330614396,0.2998693556732688,0.003281239905975296
59808,-3.3848843807008038,-7.086740891307081,4.809816969343291,1.760063905710691,416.7444361008782,0.04993464999968111,0.0032813959016171693
59809,-2.5684353318657127,-8.204452339342255,2.2725942542840984,1.7104134549463814,469.70107833206265,0.004719928616428781,0.0032814207663673122
59810,-8.98998219404035,-6.557918301410716,4.289335668762699,2.2619699878103057,428.85546418640683,1.2882682867650663,0.0032817682932535447
59811,-5.951427086784266,-9.223056840314708,4.980326168422158,0.8505909014179106,466.62505655498774,0.5499250939167357,0.0032822890321111665
59812,-7.575305163123428,-11.058272170550463,1.758438048352205,0.7488825319163421,281.9145795257252,0.36751238634786443,0.003282509283519286
59813,-5.540811662905963,-7.488775474716305,0.6782576815336966,1.5273609253698552,351.11610739581874,0.8095006526277313,0.0032827556498190814
59814,-6.471317773018593,-6.944212126566024,0.33536870777213335,2.559341652108011,215.03504893406094,0.25108845317797535,0.0032829398018873416
59815,-8.617021432218529,-7.765492071629896,3.900999943026807,0.9521152036490389,265.59587115594684,1.5875284861989405,0.0032832994384380714
59816,-2.246947044696328,-10.995221769876395,1.0347073032266907,0.9406542571251987,253.78626501222504,0.906041924113743,0.003284615650497161
59817,-2.4948797469400628,-12.973505140392106,0.1719857018608726,1.389002104154986,331.00269116694807,0.3756155885062258,0.003285722430038714
59818,-8.78148504776061,-5.852201637795882,4.772752945759953,1.743127556045669,467.8802321077512,0.097161800158724,0.003285988689438428
59819,-3.345688945954284,-8.194437603323463,0.20641714875079417,1.8696680953165514,456.17356932362145,0.5423678351282364,0.003286052197114467
59820,-7.615419404212969,-10.803824448338109,1.5059160558899078,0.7792251359022837,168.7508961702914,0.14928368070663556,0.003286231485937041
59821,-3.3987803090084103,-9.878478013317448,4.264075726642294,2.2541316619627927,433.2192247168126,2.1284089517938805,0.003286796088391462
59822,-6.522212325414692,-5.50751617367633,1.2289931347162835,1.3340200231899184,468.33596210064337,0.6541703732001363,0.0032874097855179136
59823,-5.691790832044822,-6.476310644862746,3.76094964250978,2.039744456940266,378.66299385831013,0.42897464598436574,0.003287469184233504
59824,-5.654686851729293,-6.805429473326961,5.126401758241121,0.8909218095816257,234.8909779456803,0.5159652146389586,0.003288582031059789
59825,-7.481024254280442,-11.527357154214744,1.7772420856293407,1.870020874313397,450.87658092699695,0.01287159156735207,0.0032888152468995373
59826,-6.480927461881903,-5.3258633775697435,1.6532231886343702,2.5682505173673897,238.7063610770937,0.18988061421853786,0.0032891775038919853
59827,-4.819543724344499,-6.812214332800097,3.2190906576614484,2.8962956510313136,282.87556786406964,0.13611341959153567,0.0032893704891527155
59828,-4.148228732775432,-10.334592173216722,3.9508633694895305,1.2382646475887737,308.16155250351625,1.6887688963250964,0.0032895629007636215
59829,-8.411144048241484,-8.084958157901536,3.8381561624735876,0.9222812335616629,238.6689261481067,1.2087180790386363,0.003289836239307963
59830,-3.548358153425708,-10.560618207856653,3.8053661387885676,1.1191545784211774,292.637655844668,1.4690443747479707,0.0032899871818224007
59831,-7.5744439470960465,-11.911167581884104,0.4657009883465761,1.0481000623599157,277.46626013107834,1.2665179153272321,0.0032915478206476576
59832,-8.96727606692997,-7.578289932812755,3.2455434428851446,1.6493283601153368,360.4776321005443,1.543914989189621,0.003292845569944536
59833,-9.17057771229099,-5.277423952738873,1.073775730970016,1.5660745074577525,358.999217629449,0.21937860947057075,0.0032928793050349386
59834,-9.231166584245738,-6.901559347176586,3.422800737019243,2.5712826809563385,438.1991359859995,0.45804918950160545,0.0032930386212784903
59835,-3.6330669986240114,-10.037126889327558,4.14466315977706,0.7527466301299712,153.9268132175643,0.8852897259410337,0.003294712249634744
59836,-5.919650960943393,-11.712937437965454,3.4792514218189172,1.4645422686210672,154.55286640393652,0.2938320841712505,0.0032947127048444367
59837,-4.666210862003499,-7.097961953813174,5.173885608010637,2.2564180363709463,429.16273654078026,1.3899218892578356,0.003295091229404616
59838,-3.063847350380044,-7.278297014696861,1.9063306404579887,1.169502931533871,301.02291290349905,0.6654926961332412,0.0032958272661524138
59839,-7.651882972354674,-11.012282100330822,0.4331823724680326,1.6562874552132762,363.5473428592737,1.9384995882437526,0.003295935332256593
59840,-6.327390563567996,-7.621102621185113,0.05675836149904854,1.8565186096701853,444.167678118857,0.5642327262455078,0.003296003906651821
59841,-8.331470761419462,-7.358199850546218,5.045169991122248,0.825932020898877,469.4119816665983,0.16574520266224102,0.0032962419274099757
59842,-3.1758417195494886,-7.195665979074905,4.969580737795346,1.298089460234572,306.0002060220127,0.402588994423863,0.0032971396432240592
59843,-7.085558876627646,-11.964179481582711,0.2270027892102262,0.7632309363611683,157.02076588163638,0.23656638953957465,0.0032971935094434526
59844,-5.277709489716123,-10.908919042192668,3.704151996449589,0.8818050672421317,417.5441948492328,0.022578951331397867,0.003297385532794737
59845,-4.0996014291919005,-7.238400556661345,1.792190675010533,1.0890406668398582,282.26087022437935,1.7277744873841634,0.003299554530872391
59846,-4.4533097928888505,-9.694648262781651,4.439353534583654,1.4315218076506742,327.7353135150349,0.630541295576573,0.0032997152655406302
59847,-6.0617135928519765,-6.4740042313532395,4.9933687017520505,1.1850954390359056,241.8440777874087,0.6326673920632757,0.0033002163429778145
59848,-6.588412049043766,-5.157270087632953,4.562148217171248,1.0304647906580957,238.53437571177534,0.4920372758115015,0.003300396081983141
59849,-5.532520106867018,-12.856537382316942,3.308302421943412,1.3931476387426007,306.8112710999301,0.6784085460753895,0.003300544345008984
59850,-7.182522740424286,-9.724845094556915,3.916359790629084,1.8637298941584606,468.04068374252915,0.0332224565056487,0.0033009831635754643
59851,-2.97285677939937,-7.276041087008421,4.141681191847152,1.2316878217882845,297.5727750257609,0.5004529855985744,0.0033013899079806374
59852,-7.100845021352831,-8.913873200175018,4.886238011135126,0.6160767118706476,162.75260469146033,0.12605798918973843,0.0033015482842145578
59853,-5.57855154861825,-11.308807071687475,3.575226632583545,4.895028224619387,617.6110327931702,0.6517477947284327,0.003301594064172313
59854,-2.6796338838504123,-12.04939482931944,4.4418527485942665,0.9944042494891998,468.02049598361515,0.37738252669509453,0.0033028049115391873
59855,-7.061763637461147,-12.758993424958712,2.7883388779239797,1.7072882143637436,403.4863821083916,0.8694707477616843,0.003302863109613692
59856,-5.428275359114506,-11.498025858026672,3.514068177727434,1.5860451944168485,468.03360733672383,0.5881128300206795,0.0033031445755201455
59857,-5.019430205431807,-6.770105190542421,3.892597560951694,1.8907574964123124,467.50003499270304,0.3431481162479546,0.003303543950574908
59858,-4.019059746996147,-7.211765105769243,1.829965946835904,1.053793992373949,467.3752160068328,0.7872315631518205,0.003304280911149815
59859,-4.037327442093285,-6.915800242223312,3.8503855111052996,1.4334145294883953,467.74071606936377,0.5076368389282955,0.0033046641831294713
59860,-2.2872698124254773,-9.913442032054583,1.4844326625262942,1.0727217559401956,272.76849855651466,0.6160981544384105,0.003305588670747813
59861,-8.825676339009213,-8.078305668485406,2.3823095952967543,1.8455215580184117,459.9922132726004,0.11243857657177081,0.003305834997992022
59862,-3.5799132463838355,-9.554570913285932,4.5404978759963015,1.7060025486679717,468.5201477522678,0.5596118213839896,0.0033060918924053655
59863,-4.349017992403175,-7.073102759091096,4.9749274311609595,1.1165891459470352,267.80653384647695,0.48648689366936715,0.0033061245729844504
59864,-5.3299462482300015,-9.198944002608789,4.9721145098255874,3.342347225695567,509.7731884580133,0.3015637942961371,0.0033070638595103646
59865,-2.9716680463911525,-7.209532026953142,3.0105197409368674,1.812930922246615,468.11390607592,0.7386910180292503,0.0033074235114641487
59866,-3.2899582253232573,-7.447636774119723,1.2986569875860257,0.7529853096873196,172.81447742990477,1.0931739946034496,0.0033075984120977857
59867,-7.444416747945193,-12.795667087898876,1.0228358542287246,0.9658942513125736,270.1000680876114,1.172406211331583,0.0033083156830004917
59868,-8.21318087708922,-9.261870567141125,1.916975271540739,1.206708607923082,308.20930321015254,0.6572529334510344,0.0033086254705742293
59869,-8.362093887268435,-8.80776191391824,2.410827335179458,1.2568341602787025,306.24930685306157,1.5263892103482108,0.003309118971070823
59870,-3.1390342266309332,-9.92769468683664,4.335977620437734,1.3562923347541633,297.65134972644904,0.029434281814069152,0.003311292389074971
59871,-6.423133225043352,-6.074644919961414,1.2093624221822459,0.6933309669728127,139.78937444292183,1.1346027066718927,0.0033118962730075466
59872,-5.297644726232977,-11.403188085083599,3.5266946915081414,0.9880750851254912,152.05222285814818,0.21280953590603602,0.0033129388933573643
59873,-8.46725960269971,-8.803979633634327,1.8543650749030889,0.8525707736629272,467.64823489597745,0.4274174210073509,0.0033131096769342546
59874,-5.43363581772039,-6.670623246512758,4.200567491121795,1.9058488625879204,467.90865309179446,0.626281662663053,0.0033136886127917123
59875,-4.718470682077678,-9.334395211373392,4.795998557663913,0.6819256538649067,163.27676357147354,0.0885012325760588,0.0033138781573912183
59876,-7.120008950772828,-12.74592900670059,2.6911521555146245,1.0438417036447354,218.42773566725597,0.1371222357635018,0.003313891986976194
59877,-4.958560394445467,-6.77797314603723,3.7195740091357568,0.9474901377826521,468.3017539486661,0.867393619412649,0.0033142590885605616
59878,-4.299517016773827,-10.803588421808538,3.698486376591631,1.1215961202056972,179.594925602389,0.1600711546990592,0.003314401734660069
59879,-2.643875255287794,-8.000791123324781,3.5246164183045803,0.9550438524663379,253.1428323742543,1.2185335318920814,0.0033146528428183854
59880,-5.929102925746726,-12.680327441733981,3.3316267522277805,0.6309789627860711,195.54434419974314,0.4663837280557406,0.0033146767737081634
59881,-4.67731118796463,-6.842313369348299,3.799205852772053,0.8915757314299183,218.24394718722067,0.10075344255412855,0.003314806786142193
59882,-5.548885267940367,-7.775002758914446,0.3494769504504978,1.1253669822572063,290.4061127835658,1.2716691277908572,0.0033153403909933765
59883,-6.201964307006947,-5.856373417660926,3.3606191592050783,4.26919302958054,584.0510722689627,0.8211240478152897,0.003315756409159579
59884,-4.848505522847213,-6.946711777779426,4.745827122677738,1.1826145771714536,304.9599081990068,0.49365321647823546,0.003316154114020118
59885,-8.730786389911673,-5.439979723046868,4.826950493456295,1.4021417468519572,306.1455139709021,0.6393063248215407,0.0033162049744140374
59886,-7.728590506124592,-10.470450566503942,0.4132007666638572,1.1414608468482619,235.4196264236839,0.016486155145478243,0.0033166697541995417
59887,-6.267333874998843,-10.964435378950341,3.6765948662636623,15.19490097814096,831.5500032400263,0.2573029477964761,0.0033167247933369544
59888,-2.6834910772093696,-11.513385346559081,4.523212199310433,1.7887682544046895,468.52932878149073,0.46828539531264113,0.0033170057448222894
59889,-4.55909344622973,-12.140886030398143,3.3328962920684075,1.211544420994954,302.7155550643879,1.1326148805742138,0.0033174046351306186
59890,-5.063817643690606,-6.89219972846176,4.727030180921658,0.8723353769856262,208.34663317920337,0.9670233434437323,0.003317913502514412
59891,-6.194284511380806,-11.048288303728672,3.651614105574858,1.0749534603534552,281.79184194264843,1.659651240100617,0.0033186453629985347
59892,-9.380654473969798,-6.747296708399195,2.4622009565369933,1.7041317878429165,402.8552879362433,0.47113996278361814,0.0033192972672021863
59893,-7.372533937042555,-11.42456390843303,2.462459774748594,0.8876601098614869,467.31255534179536,0.6526823390388294,0.003320006167729134
59894,-2.532595064266979,-8.432211710101653,2.4506379647638905,1.8394088140983555,439.8382379521153,0.24865675139967447,0.003320279618491768
59895,-3.1507372077878406,-9.966763771388422,4.277155081097436,1.0843184147406493,281.75763668685306,1.7581375926310576,0.003320569654499135
59896,-5.041389900594446,-6.8286469961901775,4.373641096852979,1.0391702024167813,260.89622053840554,0.8649407900548018,0.003321536687102766
59897,-4.364716718429463,-9.378674481622268,4.735488642350429,1.2388900591264205,310.1564407981992,0.5801173252952969,0.003321800333955427
59898,-7.213707047819539,-10.600667457784098,3.2094506005744017,0.9050050862523379,469.1516165442645,0.0025696943710604714,0.0033220066229181053
59899,-4.525209652989402,-12.474528109933177,3.2922460209039537,0.4549789413413093,131.5984358817852,0.41096184114043854,0.0033220406388146566
59900,-7.523428879335025,-11.269896885432551,0.34679426629270965,0.8177634380790064,469.1643232778088,0.01143812353864515,0.0033223238129488444
59901,-9.29498456085616,-6.94706914126371,3.070032146416766,0.7356801196028488,467.5878404660801,0.29779674163561953,0.003322585199922865
59902,-4.043748297478453,-7.858222248974914,0.5422715403659489,0.9864569038688776,467.18743729610554,0.5503598810198378,0.003322880184935954
59903,-5.727997310779644,-6.46967967931859,3.8937552874084993,1.302743030929695,138.10734738886796,0.3729599933066394,0.0033231586478561425
59904,-6.690605958357122,-11.956402407552517,3.2548351122279673,1.6552448895055982,467.6922208265648,0.059461023973425675,0.0033239383047485756
59905,-4.096600303931442,-12.544456137365367,3.2690309083602513,5.221940862878809,634.9778393481338,0.6595583784362793,0.003323958885720883
59906,-5.407076101983504,-9.159117636551318,5.018159615817141,2.112929723849057,416.3028857235649,1.7344147939503607,0.0033248394296580604
59907,-4.710998456847699,-12.994567090463212,3.253012843840101,6.989110885681024,497.64719755851496,0.045332797156945936,0.003327065232774424
59908,-4.695484649597762,-10.824804049284051,3.7061565187704577,0.9964631362633617,468.03848183349453,0.07619635588236218,0.0033271610994386595
59909,-6.066043393876124,-6.090657217881705,2.8001153839483126,1.5330603675050272,342.52561812687276,0.5680950291443798,0.003327799074879901
59910,-4.500616167118967,-10.862135775196247,3.676878527521024,1.8393757064566847,468.08127592005644,0.7201447185393341,0.0033281429317975064
59911,-7.709681364741808,-10.43028029277668,2.0580115665829326,1.3755074301682004,321.8193955323548,1.4947492390024086,0.003328738207990873
59912,-2.5070968119201043,-9.93189816500942,4.5860384492299,1.0987495729484045,283.7631943107562,0.2699949146846503,0.003328888100198119
59913,-6.349343075283578,-5.955145899387305,4.64618225779289,0.9280802263281306,262.1305083954703,0.46259240856637884,0.003329009421422918
59914,-6.562039571866807,-6.5846346386993595,0.40288372523597776,1.4783471663121495,333.45096171075556,0.5990259238164883,0.0033298784386167836
59915,-8.1508165299,-8.884519690320381,3.022952782888834,0.9169940382079568,225.40524029147713,1.2137267929193474,0.003329999583882499
59916,-6.432993986758236,-12.516914304629406,3.285432500939171,1.6323842492185616,468.3232835148996,0.2684364900802505,0.0033301555249175196
59917,-2.5593953739222117,-9.68917404954032,5.047045141216531,2.4310575210527543,451.09831488131425,2.3205321700259534,0.0033304701180173917
59918,-8.316682316496202,-8.898093458477415,2.3767062018988616,1.0709386154223766,467.51850195100934,0.07195748278932879,0.00333065944939383
59919,-6.8774022628779825,-6.024868441307095,0.06281509905961806,1.1734143614568309,467.99644377515807,0.36631375359351015,0.0033311886323007106
59920,-9.296292909966025,-5.126962071767147,3.4624696669026376,0.6236637016679903,171.2643644997861,0.9752341447095878,0.003331597597974504
59921,-9.371291063814736,-5.76778651106782,1.980005550011661,1.4114582791587527,320.0426809573312,0.004466983872911889,0.0033317063078972474
59922,-4.312415227774822,-7.167199815905896,1.9015511396961395,1.137122356934196,160.06193906188165,0.26296660007528416,0.0033317703015978846
59923,-5.594263309153195,-7.048680890262063,1.4051719195524843,0.8748405180573477,248.86477809500124,1.2042719331771066,0.0033319826383557617
59924,-6.029807857370827,-6.233707924442401,2.341990109965133,0.7774801722752379,174.5588185971789,0.20883125957022752,0.0033324987431381623
59925,-8.736539391817509,-8.089482954986146,2.8055376947555963,0.8244360799943784,467.6087490315877,0.2766042979995449,0.0033324993196196698
59926,-5.097270991810689,-7.21299668207572,1.4701575272484813,0.8124982901902117,470.0044820594052,0.08950628056038745,0.0033333609344790315
59927,-3.862903720064886,-7.466092153556321,1.2185413751208047,1.842375802189262,442.7765581688174,0.015328475846558831,0.0033340542197502878
59928,-7.540140156367913,-12.535677569237828,0.9004333963021374,1.7777213522529691,376.312455578957,1.5432668596821575,0.003336727388136232
59929,-5.892186669975571,-10.03612103691273,4.216945295285414,1.3605629882946424,363.55065657812645,0.14302703201576517,0.0033369153138499
59930,-9.429512020564406,-6.193403484040579,2.4954477120444856,1.3302239632868276,468.86606251503764,0.3252235525183096,0.003337355080027721
59931,-3.183439758053968,-12.993295022152191,3.263743733012933,2.602376210392644,467.1213416786854,2.209086000828129,0.003337485260417413
59932,-9.424776068215184,-5.771569538097871,2.323426511758227,1.4466078237371067,329.8347781761552,1.2873523626096448,0.003338162815663373
59933,-2.401556089039726,-9.274951730295307,1.9649494369205143,1.3864722337904283,468.7561288102344,0.6084231005340746,0.0033382068248701737
59934,-6.947902910543368,-9.199155348670077,0.05307854800932104,1.5133865560195126,351.8980904753694,0.2799572923151956,0.0033382557281417453
59935,-7.84574044531987,-9.036284421814521,3.574634022874705,0.7239840749233305,467.8480417423463,0.40979037610464264,0.00333845216857003
59936,-7.057675101888076,-12.823475268892796,2.778970115766545,1.3535516514314416,328.8710170031351,0.3683788277429798,0.0033388376724778628
59937,-6.058942479140583,-9.344528009472716,4.838555939636739,0.8540595402262334,173.69843764068855,0.9261126407469282,0.003339507837006044
59938,-6.492448138797943,-7.349342250172575,0.0656416985468613,1.6907623356890262,347.4354335360031,0.6294979795074944,0.0033397629041140033
59939,-6.296980016440342,-10.204946757706981,4.06923572248639,1.1169596282518408,243.0911855060679,0.42751679099553197,0.0033398002498576844
59940,-8.84733521321153,-8.101689533118638,1.1615421208698404,2.4346174543552555,434.30931240894574,0.5574137034930038,0.0033400885916634944
59941,-8.95383410544656,-6.931248019816167,4.163932388640893,1.4197254042564238,377.20060456862535,0.5174962372026117,0.0033407523155887854
59942,-7.88612572420489,-9.460776959666163,2.8351303010945323,1.1429287163967314,467.767812840467,0.46454666029419034,0.00334075953462355
59943,-3.0386495142155114,-12.142760193269714,3.5108443456470884,1.2730366938301951,270.0357870472504,0.7277645856623289,0.0033408804874663005
59944,-5.870299708810954,-10.254320032083532,4.067740258258455,0.5689479254216845,174.0702454094137,1.0267088986360928,0.00334095231845277
59945,-5.566332911325582,-12.419898063364446,3.3485411670035297,0.8877443725503195,469.4167736542072,0.16766157220829037,0.0033417537512735905
59946,-8.61243758265245,-6.4405287101947595,5.075772907576647,0.977580689703086,136.1755554190709,0.33572852998849356,0.003341796025376552
59947,-2.497777368212901,-9.446352264828853,3.9254004737062345,1.6577074170176982,408.9651171118123,0.528457140387455,0.0033420533868464023
59948,-9.082174958088814,-7.312050771681887,3.359615680608572,1.0662100168368174,279.5586647245777,0.3550497405014026,0.0033422556585589306
59949,-7.55826523544175,-11.020485876565878,2.040514203621121,2.584337304320797,463.33811420749475,1.6026908851611497,0.0033437552509579882
59950,-6.311820661028001,-5.505829409424184,2.769885825433606,1.130253661736669,282.30333135885206,1.1322434763819595,0.0033439980066173416
59951,-5.665592237267852,-11.5907976526357,3.4935489013405165,0.8552512336142194,217.86524100540822,0.488789843449994,0.003344087132831687
59952,-5.579493050302602,-12.337230369116284,3.357619343066925,0.8649065482771963,467.91558247334115,0.4037279812254866,0.0033448056713032822
59953,-3.1309866351559883,-7.807999490148832,0.6914124922942028,1.3392461712290638,288.6666280249401,0.06685476849954419,0.0033449206440000125
59954,-4.183187221207926,-12.582953759746564,3.2646090585412493,1.8171100395541437,434.07859181723364,0.6104288966123441,0.003345758336758264
59955,-2.4915007461309155,-12.44282599481649,4.5132731616659685,19.311629023578043,841.3388371763768,0.22407101801534868,0.003347152973510048
59956,-5.851687285986987,-6.35663599764636,3.2971855059367754,0.8033397998198933,225.6124909395753,0.9244896851318662,0.003347181804665611
59957,-2.4853948531927195,-8.992523639980586,3.176449804181888,1.6187704237633591,375.42808432428575,0.512543457015469,0.003348146917526344
59958,-7.395796047061253,-11.741050633357673,1.6042697827495662,1.0946742072608564,273.19074037240875,1.0344800800598746,0.003348170969655397
59959,-2.466207798129478,-12.273296595083941,4.328384874336375,0.6728318362738895,467.0676992039926,0.4117650705731979,0.0033482858867188788
59960,-8.173323339328832,-9.542044233431,1.2003097946299648,3.148171668051999,269.88150424536457,0.18314465584011952,0.003348442195340498
59961,-8.580145927816904,-5.124365963870514,5.055557982839183,1.2500355296646863,264.98963401740815,0.5346441916379856,0.003348616856055806
59962,-4.983867922256299,-10.675509091654124,3.7866652897049073,1.6805305592317967,468.41499113616146,0.4605904803254015,0.0033488844756311524
59963,-4.275163802457812,-10.734899515680505,3.722863783032532,1.0091192106069338,273.94019515479454,1.8869791586838565,0.003348946489074609
59964,-3.2830056739066755,-9.558003359442354,4.5458490059833645,1.8191346018232462,433.7446455083746,0.1042191984474572,0.003349226860411794
59965,-5.910265028829603,-11.344773982682524,3.564386170384366,2.2425169026610723,429.5388636600734,1.6409511689523333,0.0033494725262684802
59966,-8.110557318530795,-9.47210980282788,1.9060677452961505,1.74662396328008,413.82561176478225,0.013183909607501043,0.003349599631318497
59967,-7.16547292078681,-11.520629969855436,2.864194377230649,2.2929973215586905,363.5256196555049,0.09034467753507691,0.0033506953111056784
59968,-8.66120733332025,-5.634871366072927,4.971910849727702,0.9417180038827025,183.37478804551304,0.060031554154305056,0.003350744358189375
59969,-3.8482597511134653,-6.933014153584674,3.2520168622619448,2.6915018369777077,473.0388380397466,1.609128765703911,0.003350782740174242
59970,-5.584694019471264,-6.585477912150434,2.697094854094777,1.310532113006117,310.6835799108804,0.26859102224959663,0.0033518358340730533
59971,-5.516167889729458,-9.352753691745132,4.816366621503582,0.8423592981238058,135.58951539085555,0.33938249954338584,0.00335231667850024
59972,-3.1781298043827118,-12.87142641517845,3.2722045104983484,1.0034817746452078,276.51610957919166,1.108439840767736,0.0033523345353257774
59973,-5.76456458765141,-9.465606960893881,4.714541270146104,3.0220851412500287,436.2686365901154,0.15975527000254264,0.003352880838671651
59974,-4.158384514755287,-10.809971684269364,3.6892294114805595,1.1706525264006469,254.26402767890121,0.31197817440334585,0.0033528831528966485
59975,-5.23922112364977,-10.65405564757532,3.8090346045174757,1.1811052887353577,467.39084431344753,0.3007478507520105,0.0033531015858150296
59976,-7.42184624556273,-11.466561348262202,1.3244566558332718,1.8072493007920993,431.3365649484339,0.6003470036385519,0.0033540152799245958
59977,-6.555372248557962,-6.0331042435750515,0.760355296025181,1.5065466938198566,468.0208499151385,0.3096418962864016,0.003355921177982977
59978,-5.553218727803876,-11.535146566295793,3.5034004353022823,1.789583817271006,427.8165258433953,0.7584886205786452,0.0033563043584259114
59979,-2.9276868577123096,-7.329456285335762,2.4089183506835723,1.5992971049337241,371.10622240161086,0.5254155948614043,0.003356969138840446
59980,-8.046906735422887,-9.559941205731562,2.027014459006304,1.8350055578617261,469.2077496020503,0.5951867341199417,0.0033575836062044637
59981,-6.392099165893757,-6.05686589799962,1.3953034612879498,1.33718082005503,302.2041904486203,0.6187758012847482,0.003358230080770483
59982,-7.889559402175084,-9.748548135679652,2.3624320165742905,1.4108462891184743,341.6132581546809,0.562570565541411,0.0033585921327656944
59983,-8.983208494159813,-6.4551615940807885,4.317225691242086,0.726082440774061,220.07147550467906,0.38154147449305764,0.0033585994650413907
59984,-3.560447851718825,-12.552963248827261,3.2519227080332715,1.4671590532077645,340.3084180690624,1.7177153324891092,0.003358764511397835
59985,-3.6491312073888293,-9.8275106971549,4.295778284520747,1.453126242795221,339.31094636051984,0.3722901493181663,0.0033589637673628117
59986,-6.675233659559067,-5.028631905962258,4.711051095377638,1.3024650267398115,314.2370901002711,0.37134257812338856,0.003358978875585811
59987,-8.985057581972843,-5.829747134114874,4.335212242686695,1.6080900118617563,375.8383058612481,0.5696542512693101,0.0033593561786317457
59988,-3.706761981691243,-12.705456050899954,3.231008649072014,0.7756601186298447,197.1822038097642,0.7496698694743982,0.0033601908687661748
59989,-4.995183894846384,-10.645559984001231,3.8014535727186103,1.4054282190352307,320.4717485300284,0.9101295844979669,0.0033605493008959514
59990,-7.359560149426101,-8.91230342588931,4.585829279193046,1.4747351808497866,340.34613893914576,1.966801613961084,0.003360800110739289
59991,-2.4382493758271915,-12.162857922649476,4.005846998926332,1.326044757119089,324.34325948410844,1.2791633791707673,0.003362324982607285
59992,-2.890978623057853,-7.379504830507726,2.311343950665666,1.0705278988533031,286.39303336991816,0.5054117991140492,0.0033625996555462566
59993,-3.7618646171427166,-7.751983634532291,0.6935260231206255,1.5546136597683036,350.08249842849216,1.8331872048486,0.003362706290569586
59994,-3.9008961646650206,-12.597720568297571,3.248867121056671,1.119270331409937,468.39575127002416,0.5349016768509918,0.003362804928150645
59995,-7.107446159801341,-12.676921883480151,2.709778359230105,2.74717959952097,478.74253059575176,1.7097145419469006,0.0033638209014415963
59996,-8.49468682204527,-8.271731263331864,3.222667245966302,1.9051637736104736,468.1333101811132,0.369582234755514,0.003364437661484207
59997,-5.663462316515625,-6.512929913517873,2.8400783907015965,1.1013231583089647,468.0612390950349,0.8722085039444458,0.0033647466205952085
59998,-9.275600565456243,-5.444241685228107,3.54559435794405,0.6809183999951706,138.0755831959261,0.043721248896112286,0.003365466152959972
59999,-8.518587248550059,-5.0857436450947,5.156032265363706,2.259414277935295,429.0281191593392,1.3256440137343466,0.0033659197292404816
60000,-7.027862048624486,-10.089758536439513,3.768495309675329,5.161489620009005,577.7234985870806,0.17751277017599687,0.0033671112527552784
60001,-5.708741015008065,-6.499196804685697,3.961115929571035,2.0908123428373613,274.6106190499924,0.0670226464450785,0.0033679667749515227
60002,-5.756761940485456,-6.441964522572976,2.8588873733588978,1.1397051901950161,281.52028556309875,1.0172619130853482,0.0033681329305766685
60003,-4.745678294162616,-12.823168391600673,3.260030026918892,0.8662824877780039,202.1208975423667,0.9659864357576557,0.0033683423668859802
60004,-5.865638685984717,-7.4240497193309265,0.5520070228333478,1.8602578312073625,469.8367197577207,0.23400297473954446,0.0033685010013091883
60005,-9.395792711904479,-6.23920848472981,3.046672198440501,1.5561906375905377,437.07772204968677,0.2012350586609335,0.0033688422717063505
60006,-7.320956422851259,-12.822141843570098,1.7685382904397449,0.6408827372860889,166.3070979444865,0.23170611816661424,0.003369022226701654
60007,-3.666817018065772,-11.792989417323948,3.3662349446693125,1.26853851698158,224.42363611250366,0.06615159280977334,0.0033691217416112677
60008,-7.492439484304544,-9.84180519363547,3.3233706824986102,1.8065115958814253,380.11785023082587,1.299553220352336,0.003369297273626264
60009,-6.416324360818449,-10.502953239768438,3.858184169377306,1.1638798056417334,300.2371634987958,1.5531837203473886,0.0033702875932044066
60010,-2.6642594926459404,-10.35430586262434,5.009593204484993,0.793640760159661,208.22911325769206,0.7824138252109494,0.0033703357348570558
60011,-2.55155531129415,-8.474319501749907,0.694687445937715,0.48529886617827633,116.51853064771524,0.6598988645100468,0.003370437066983016
60012,-7.410298068570672,-9.11522663588033,4.262924399678713,1.850390629622475,466.9167776693723,0.15438725185322344,0.003370829910664633
60013,-2.563453588135559,-8.420551975268323,3.4084075698822884,0.7659220242835827,169.50137213853733,0.6611726528183857,0.0033719629474250733
60014,-3.6444731970529842,-12.561670715777963,3.249519124925205,1.2315402900920753,239.1179523587395,0.010105064378876705,0.003372289409427008
60015,-3.447507609561522,-12.851586085692219,3.217509546588077,0.5701197652590542,126.88623252712898,0.7089904088173355,0.0033744046794396063
60016,-5.142165869969802,-6.946769927500098,2.108076118739401,1.2713678162428794,311.25701991890435,0.22236213726053666,0.0033744563069999386
60017,-2.6098271611074644,-11.035078056955612,4.824769774451469,1.5133211932318933,340.7513530659596,0.8903835962018469,0.003375840230586845
60018,-4.032876202569514,-7.056606574138287,4.7808373167952265,1.7001428388518696,360.1364777800082,1.0333426723450234,0.0033762170812527514
60019,-3.4777046191763175,-6.965808921277102,4.095813796137565,0.8502605563554312,468.0769177892729,0.17017432795252585,0.0033770957701155105
60020,-8.611988474914675,-5.935096543331408,5.0792994072633855,0.796817898427019,177.50509889398424,0.6503433776307892,0.003378218145910681
60021,-5.687561014387542,-6.583215181374293,4.39838805671879,1.2790138881533304,313.6021718354537,0.7679270734126522,0.003378365693106033
60022,-4.648948477710135,-7.139548854063652,1.9069383976249519,1.5710023242340616,365.8889992130303,0.9458143265487546,0.003378523124668173
60023,-3.582211558334734,-7.13062387213235,2.099371768226584,0.6705078412140301,207.41559224450606,1.299045644498407,0.003378869169148877
60024,-9.386657483388609,-6.176336842724181,2.084904998442964,1.5784802641195355,367.9919542803964,0.5917243006181954,0.0033808948576817504
60025,-7.010202343938481,-12.41379618759875,2.886510794363877,1.0297900092892813,276.3441079181655,1.5376112164193287,0.003380929582622754
60026,-8.556090493533564,-8.035277191051993,0.5259976849903584,0.6575144628424493,132.62272779715062,0.2212712261330383,0.003381140529856877
60027,-6.300249758676859,-7.079782962620074,0.48185720784610725,1.0321480625421058,467.21108708840563,0.9297821942999223,0.0033817706545431255
60028,-4.027347708119519,-11.126578529257458,3.5509720683695383,3.141322244810005,498.22384769630736,0.6015554738443241,0.0033820710608943125
60029,-9.252875012312288,-6.96888018147956,1.8298298992396518,1.6585058753458541,411.3517970984398,0.2904552909442639,0.0033827419190843233
60030,-6.244868880284962,-7.157426598412859,0.49981518369277816,1.9134814362608517,468.1246462197036,0.5810783245185878,0.003382875092416278
60031,-5.766488432001729,-7.356737269470912,0.6994533921703068,0.8280990078533507,468.02542472440456,0.17853792383539435,0.0033830575901595506
60032,-2.997659227687752,-10.664334349329781,4.0174968238450415,0.9552120145344823,468.24580212997347,0.8442989415680513,0.0033830752273552194
60033,-2.3180751564778603,-10.565801693631203,1.9121076152048329,1.5506389742387345,467.9539512465439,0.13472034964350055,0.003383940452674257
60034,-6.848254661453451,-6.177299332416114,0.0020490334300769745,1.0631243894507567,467.17539482644776,0.8908705124625449,0.0033842695614865206
60035,-9.344152668909146,-5.380618393823887,3.2723344344522536,1.5851788950904997,363.47175358347533,0.045979756494577195,0.0033844198045918815
60036,-7.202893150406619,-12.541600943714744,1.4239268410458203,0.6303743059673983,137.5968760511552,0.2855366415620866,0.003384670673866972
60037,-8.236204527457444,-8.759263624435999,2.988882560473455,1.6961955649221543,468.7321701717506,0.2551688214967891,0.0033851370809413577
60038,-8.526052402957927,-5.093422107167085,5.140844240158075,0.7310289077313858,467.5415129381526,0.28735742631396555,0.0033853956392773596
60039,-2.544303700706381,-12.19354271315105,4.666345835771578,1.0939830378660154,467.4155113791933,0.19768444909570615,0.003387610993042935
60040,-2.539876158047348,-10.202406888342463,4.959870205334166,1.8276107283219827,371.500193646245,0.8426909025208706,0.003387631137702485
60041,-6.454202639510656,-5.549531095956312,1.645729582328,2.7396073558419514,468.08880818579183,0.7645989362297572,0.0033885591220490213
60042,-6.676746204446877,-5.579576597344074,0.6037776116702486,1.1973558217829396,251.65248035245028,0.21987312340602205,0.0033886661811455346
60043,-2.5394907733685717,-10.486792778222675,4.913449774462569,1.7659606910034262,440.7712972411082,0.6045257160318807,0.003389141369667126
60044,-9.282333373169031,-7.014307686017182,1.9656770368350032,0.9339594201107105,262.2219456088591,1.3823645062305294,0.003389763995228119
60045,-4.908949277910901,-10.299301996454325,3.9887576283200823,0.9653670150962516,170.14377133111162,0.14366328414228224,0.0033898598992150157
60046,-4.514247452040394,-6.876065774255763,3.727824591070706,1.7514383935879576,368.3640373508766,1.004905366045227,0.0033900807649387844
60047,-7.319699009016386,-12.370538476206113,1.668191068285581,1.6534539338638743,467.93308673141047,0.09694168691166016,0.003390429317888296
60048,-4.7401036345168315,-7.642877834346109,0.7472578281703617,0.6709372849628941,143.43904037155212,0.0756295312998514,0.003390603848305918
60049,-4.496132842629662,-7.040984668811951,2.2039859605155585,2.1512491562016636,406.159572478681,0.6574137183532569,0.0033910704415281026
60050,-6.4895258352153204,-7.395345928683541,0.021940762448762346,0.9574494712431223,468.5588610668619,0.6081142556723931,0.003391351536626821
60051,-7.360322588298763,-9.951547532401607,3.4502426002014284,1.0903091186478164,468.37819458662005,0.5280612199076993,0.0033915609898863283
60052,-8.830151884277917,-8.157953950001161,1.8003928458093266,0.9014447014582239,379.1985502543284,0.47197640722330103,0.003391767682263984
60053,-8.355776500223264,-8.950445697224303,2.015457691438453,1.008210598764532,259.13353784289853,1.3217987670404092,0.0033929034736932236
60054,-9.0522742261012,-7.236117648029934,1.0081543974185432,0.8528407308558577,246.8895864290259,1.2763948350907768,0.0033930891319323138
60055,-5.3733466441994215,-10.404299257742789,3.9454086172612937,0.8824531420222435,229.29806735770998,0.9845110950490641,0.00339334257632049
60056,-7.074806785403112,-10.70283290735172,0.17006814707323695,0.5684741375981955,164.94232933852007,0.7656451884341484,0.0033936906826250667
60057,-5.418556298968838,-11.57502591698016,3.4753634789621977,0.9688095682333946,469.37037894121755,0.08413801168452562,0.003393951182047573
60058,-6.326277042319703,-10.397499896532121,3.9355194985019613,1.7235007611054534,468.0566936631519,0.3534885240118113,0.003394262809873867
60059,-4.737565395512501,-12.839778683008998,3.2533160961473007,1.0894492580481245,280.2418375292522,1.1738075219877144,0.0033944200756508697
60060,-6.3203462221004045,-5.5400022944689375,3.2094021985547307,1.8378282215286388,467.6738495169254,0.3751111353647234,0.003394534344843735
60061,-4.005857727312118,-8.12646213460986,0.25617506608270796,0.9882271421467496,271.87094148304743,1.4816506355074157,0.0033956166400476414
60062,-5.563173630463641,-11.28148119799732,3.566602897862705,0.7953052220985753,468.14312695785685,0.5302535550829415,0.0033967636079764185
60063,-6.665462183204534,-6.367947858792807,0.33280053170287693,1.469170155527981,226.62811149494448,0.022575443388572758,0.0033973720901960495
60064,-6.430624323026297,-6.011243141194707,1.3544242985121637,0.5730280734163635,145.15358564964237,0.6106369918557464,0.0033974180786272836
60065,-5.775960633820548,-7.00805962767529,1.1644332069486205,0.6597075416263084,458.28348529492973,0.4286228791442621,0.0033976702227189065
60066,-7.332497795447752,-12.924750254302987,1.9304335063086224,1.794325399644079,468.30558426982213,0.6675871380357794,0.0033984473237906763
60067,-9.31596071936347,-6.2341721850486,3.4140085109588445,0.8871900402964369,466.21975314810857,0.5455568691113921,0.0034001370532446614
60068,-5.472065757708156,-12.91281395609184,3.2816801265497695,1.8074829628369826,350.5747293402502,0.39294145513403844,0.0034004104126483616
60069,-5.352845658248961,-6.672422458940496,3.0757341991837426,5.6579830960357205,621.2376291816176,0.22164334380897355,0.003400561333743375
60070,-2.244361038719658,-11.595519946466444,1.5916751099643651,1.932605081792408,387.9425038970746,0.8738045376385584,0.0034009773675502185
60071,-5.645077852318296,-6.843173312031574,1.801416562590328,0.7087830420512186,461.02224704460536,0.3565553455931294,0.003401847614836719
60072,-4.944584950839381,-6.862620180529819,2.7372600806268297,0.9880674677573497,261.1239403970157,0.584755051377372,0.0034019265750555904
60073,-6.623122581086111,-5.011376698625565,0.9017624836032212,2.924290259871451,455.4346144565944,0.23230557789663475,0.003402773949516895
60074,-8.92248312851869,-5.084846478208712,4.392980699174038,1.5565931672891637,467.84654269606216,0.4770237876522385,0.0034032826590376726
60075,-6.777725190696893,-5.542322137735255,0.35038932962011676,1.0503396980449613,276.10970505768404,1.339851447363123,0.0034036688326466048
60076,-8.1709977072475,-9.030764108181714,2.644394738114803,1.6141822157260641,470.22715962093304,0.15632339834422204,0.003403803585914559
60077,-6.005825172635018,-9.567121259266735,4.610156375478188,2.8696110184961214,470.15394512840993,0.35502293039237287,0.0034044546264514856
60078,-5.082125840816396,-11.884462961709174,3.3923660929285204,1.0071283639166373,268.73857023464893,1.517230587902767,0.0034047125703585614
60079,-5.033777834916725,-6.941325876661314,4.842891940938259,0.8493159788800235,131.0814593635369,0.2947345511829065,0.0034048432763797067
60080,-8.278404775719821,-9.38672003046285,0.9942444179572416,1.8725632386325155,469.27553432050854,0.13723212425479403,0.0034055256367226607
60081,-6.359820529773355,-5.360622752221897,2.3922833454771344,1.1889522936217454,467.63928319426583,0.27784282843275054,0.00340682351080482
60082,-9.404018503936292,-5.875753381281735,2.9737834809896664,1.2358415800687907,261.367295346789,0.07314927240154656,0.003407672013333025
60083,-2.765836660401183,-7.565972764976949,2.7126006052933427,1.1636851677243643,467.2214845822924,0.4484360698570926,0.003407904545272902
60084,-6.195338929478808,-6.3960892749851475,1.5687420283358502,1.704787686226033,400.75330658534205,0.6184893385639798,0.0034080124434020145
60085,-6.244930120227272,-5.695218016779523,3.047410019767598,1.2424308997232354,311.6702816044993,0.4537921813634389,0.003409511494396005
60086,-6.951998272037207,-9.984169205883255,3.9133134633496547,1.4320738815679754,317.9474353939414,0.5141269537767128,0.0034096206986079457
60087,-6.977936813691134,-12.980698907494775,2.8569860680137356,1.4407013674796363,339.04860506169865,0.4565749544304074,0.0034098312469734763
60088,-3.7245569111470056,-7.103162532707547,4.846751464384754,0.9511576153531627,189.02110586554167,1.0672926530955786,0.0034101661253746708
60089,-7.496207874666023,-11.226998700734507,1.5753324678520513,1.458904784512286,341.58126602931526,0.42599498909814226,0.003410258560902203
60090,-4.660831683621952,-12.402519696687483,3.286872032134613,1.4134111834823029,321.6545680080033,0.7866589475625778,0.0034112655801017307
60091,-6.026788725800818,-6.39374022207712,4.621193102088415,1.6511588715052028,388.05007342393975,0.8133158075903255,0.0034112819208548762
60092,-6.374138956685303,-5.944796092921564,4.655990386668893,3.024093809998262,493.77254109876515,0.32289133503141,0.0034121757650334545
60093,-7.454942175664196,-12.485815366289103,1.0347412254603887,1.1161704345742043,468.0527900975712,0.3429215342257965,0.00341250035426863
60094,-9.416877636518713,-6.044341323553876,2.8547409907593755,0.8521554849099265,187.05329385283528,0.27347441790669613,0.003413507235804044
60095,-6.620481700422336,-5.630014794227138,5.023332206737969,1.8235526544666507,467.67045677519627,0.17641818927842134,0.00341369502662967
60096,-3.9262358947067497,-7.065242118756716,2.3601033820076665,1.1189304984179105,292.32029512021535,0.6734907747067167,0.003414191418817247
60097,-6.568746723307161,-6.752886359496735,0.34838783290049347,0.8326227199041664,196.92146154130035,0.5243774613999248,0.003414262367921649
60098,-6.369057753634564,-9.637884568286436,4.5007955488333256,1.4346905656049298,319.72763888117015,0.8876754285073218,0.00341516142811247
60099,-8.650370127255385,-6.218703663362795,5.014001563868969,1.8830487551058959,453.0384575466009,0.4236232767451513,0.003415289119234991
60100,-5.6282176406621085,-6.523531228916462,3.062228590115855,1.3080245641599242,317.937088225657,0.4408383531956108,0.003415419819013847
60101,-6.2152253935507975,-10.36540788037167,3.9687458086302625,1.3879422656266438,323.45639884102076,0.2825929563565248,0.0034155682176048624
60102,-6.002503308723508,-6.577617751027902,1.752166620963995,1.4869179255956093,342.27937503013015,0.4849600650227348,0.003417264327100585
60103,-2.9015193141528464,-10.4376518797121,4.341418702294874,2.577415926617751,465.6324420645663,2.6330206585272338,0.0034173226864655936
60104,-5.225883765760919,-6.737706137297262,2.878176395238792,1.164760860425269,237.31961679481122,0.8216443210379873,0.003417612850805246
60105,-3.331688709739824,-10.571273015011418,3.7833456727922887,1.480923948390129,335.1364188475461,1.3348655436878945,0.0034178385740971486
60106,-5.07566203501555,-7.5340936116864405,0.8142305780582146,0.9652421104549336,262.6960435234454,1.5534321988154458,0.003417926480083528
60107,-6.352248917191064,-12.932858221599554,3.2542575026970444,11.275856579268801,548.5469867288182,0.07353652457672766,0.003418112183230579
60108,-9.421822192348912,-5.639652852360916,2.3526252957590756,0.8943153550983807,469.68465759581704,0.09293680128587756,0.0034183813459829977
60109,-2.5489693236339006,-12.098205732636393,4.662652528270844,0.86380512064761,302.39742598575776,0.050315443748019995,0.003418464432020758
60110,-3.892863258875458,-11.958239236332837,3.3226071735696383,0.8982746353948414,467.3005592736246,0.16298739854240463,0.00341923374036265
60111,-3.826592604057197,-6.977129402388622,4.266923844493235,4.028553123150822,538.5434920443726,0.23625886595602186,0.0034194088297087163
60112,-6.103732146689106,-6.091828877506489,3.7772880289366086,1.0834899931737294,277.8123246958415,1.6729563428281233,0.003420303164452514
60113,-4.7247431538634235,-7.021620248295783,4.889628728658111,0.9546889959948215,467.9806531853139,0.14508219956158896,0.003420637296968819
60114,-5.910475342114512,-6.367824145078086,4.094989667097884,1.8106982543725954,430.1284528709845,0.5806012409471073,0.0034216974729644922
60115,-6.589788164270913,-5.6111011379262115,0.8240844738307188,3.8158971481366875,550.6724593460347,0.6230428503530243,0.0034221196800936055
60116,-3.7380844380991975,-11.177928485829694,3.5240183234114677,1.8647811482086507,467.45907703900747,0.13580388529429044,0.003422125534315295
60117,-9.390956506992477,-5.784594143896184,3.0514491633765806,1.8971999089874099,386.07262427112425,1.0496560514080153,0.003422344194625804
60118,-7.67804422096448,-10.639281560426882,1.723376818217881,0.9454728151719219,467.6264843347019,0.12064189990024676,0.0034223991155719613
60119,-3.427923932041841,-7.0708146640168685,4.697542145099659,1.098759748759796,467.39798225959953,0.35230448840985407,0.0034227256143239577
60120,-4.945880842370379,-9.400969015099024,4.725796454095763,0.9948725855492822,273.3720517218667,1.8053562137770935,0.0034231952133621903
60121,-2.4793989990136502,-8.672970740600704,2.118170553079358,0.6913392567515924,418.1029362645817,0.38542995215646947,0.0034249397786539214
60122,-9.354417719547822,-6.258839083849108,3.2390696169238193,1.470843952174831,329.83019756703055,0.8490131435123587,0.003426570301630669
60123,-6.068875713939996,-9.358644540142585,4.814357465727802,1.484419665018842,331.49498429658865,0.11613543732057163,0.0034267684119040397
60124,-7.636839973325415,-9.751216278189233,3.1032253980822904,1.1171381429554055,292.09802355836706,0.8952596862574316,0.003427003286367662
60125,-7.327973091209195,-12.579371460916562,2.105221058731274,1.1083104861800845,285.72926605869344,1.5042862927857596,0.003427399657292853
60126,-4.133689903070131,-12.812759282281855,3.222358397656007,1.0708020390560022,468.1029921117147,0.3019337208503341,0.003428741664712583
60127,-3.224827790802286,-7.5879982455973725,0.9924320199163644,1.2783498728779459,289.90083461116484,0.12018955424150057,0.0034291823125904963
60128,-4.328408458387959,-11.56756049535847,3.4234044976424323,0.8910471997434658,226.33207108501682,0.9557917880405276,0.0034313129227672053
60129,-2.2473491105845875,-10.307408505911496,1.3291281777355861,1.7324753864421887,409.98214989139376,0.6777687486344961,0.0034318433003416395
60130,-5.1987384413971425,-7.298373892304856,1.1328728305756641,2.5175654854609513,459.1813828688569,2.2156705243072325,0.003431990833258175
60131,-6.527804305771071,-12.482492360971047,3.240534597960721,0.7756459993453295,157.12854736618453,0.44796976593533255,0.003432559047801547
60132,-6.361930948553939,-6.526031287275014,0.850603188015787,1.6282180625633076,379.30584591860935,0.1574730065923422,0.0034325889336099223
60133,-2.3452577453216206,-10.37329736538653,2.1329856384969528,1.6202686019268557,295.8128854407366,0.07577242664834838,0.0034341419277825304
60134,-9.06576324906401,-7.686485375857529,2.044585851505001,1.3404450996225465,284.0105247677144,0.09044799374569745,0.0034343544044186866
60135,-4.826120163565336,-11.743178849427357,3.4026047233274195,1.0954706073161957,282.73164719666534,1.7073494874481527,0.0034344270902125283
60136,-6.288689834746223,-11.860128796759877,3.397447027773492,10.954041614087508,497.39228788459883,0.13027647920903362,0.003434540513894717
60137,-3.617176648838477,-7.459378715871174,1.2437353264318676,1.6301680895883495,439.608195267361,0.4815359940898931,0.0034352918993073
60138,-4.799739741238849,-9.952772628118511,4.221907994726085,2.5769885199760316,464.1066526491706,1.971837945946672,0.0034358263863933296
60139,-3.539324850267925,-12.53464614935565,3.231490467909423,1.079583848247428,288.8659562386385,0.6166422600521058,0.0034380618155270054
60140,-4.977756097456273,-9.183490336077492,4.945472725668044,1.41460145883399,322.88926884604825,0.3018343157876613,0.00343836450866145
60141,-3.485251308098027,-12.484480793691946,3.236016473102939,1.696282777996253,470.3968993967827,0.018717648285162092,0.003439837663268803
60142,-7.358791283956084,-11.235847960588886,2.567409471351378,1.1081826672277482,246.97309916097439,0.06387843251292491,0.0034404163999732455
60143,-5.3673672532388395,-6.685016256302918,3.8474153448551154,3.0558620484680588,498.51568299710914,0.9058826557482442,0.0034409060076861244
60144,-2.9439478572510582,-11.38959026473398,3.8128230129578826,2.200504322753631,174.79307992373404,0.39547725011397183,0.0034417472194376597
60145,-3.841216331027237,-9.379605412796732,4.702338537527548,1.226568989708551,247.0242108602559,0.018742012967816635,0.003441825793327747
60146,-5.4201228791061,-6.659275119435593,3.7770224036462015,2.2950742496300767,437.21667868935344,2.032005154749746,0.0034418497224532
60147,-7.237223816200027,-10.30472938858044,3.350345921018794,0.6021113504693268,173.0464676626307,0.605719666650633,0.0034418957001485866
60148,-5.530032210761108,-11.841301059203232,3.4177704429668427,1.3595498276807212,324.3092098778657,1.7335627813652197,0.0034424204197392506
60149,-5.371512451709698,-11.49267275694717,3.485746576308155,1.903889394548833,389.18906843351664,1.259705600614594,0.003442669891142696
60150,-6.044170064864163,-7.162584326585152,0.700440090205548,1.0527129649174556,275.78296562727974,1.4518876797554645,0.0034432459191815804
60151,-5.523194632869919,-11.072088168269739,3.629022417785638,1.0856240944258269,259.2537071174257,0.6662593581781193,0.003443515388084156
60152,-6.335705789084335,-5.497846848753091,3.215483234881149,1.116524525891089,467.5833350963131,0.813276314964944,0.003443952871369514
60153,-6.073147236470149,-11.119054643057504,3.6181093865341447,1.9044674030838338,394.97804475641715,1.9500747456964946,0.0034439657208807533
60154,-4.476756866894118,-6.897160892698117,3.986288181993464,1.032387290614183,203.23279754878143,0.2937422803039178,0.0034449800400255916
60155,-9.424989181069254,-5.314546596062278,2.669254565856385,1.0367080270155724,281.40300089113254,0.9204975859750908,0.0034454205979691744
60156,-4.600166407877598,-6.968185648984981,2.4826039450836395,3.7287132118004944,544.7578688757346,0.6353743279666686,0.0034458199783658503
60157,-5.344615746206677,-11.055699430690701,3.625313256809797,1.1666265452840332,166.96924468468941,0.19971132116974566,0.0034459924049905165
60158,-2.3571604044241647,-11.085332962926808,2.508443107769912,1.114534618210999,406.37291648165393,0.7800882766182502,0.003446208758874756
60159,-6.633543856108686,-6.3711491657068455,0.4281670936723931,1.0496150930992267,284.8140491652556,1.1637428032231716,0.003446824687766195
60160,-6.862344709228619,-9.898028882793783,4.050044482718419,15.769718490029849,440.86723724275794,0.2542810487492453,0.0034469377798619642
60161,-5.11508965524775,-12.683839483388223,3.277887339383136,1.142299810433519,468.16162469114425,0.5802590262222509,0.0034474966141740332
60162,-7.4476562746318535,-10.168817758140067,3.0930336800429865,1.007390005589655,260.2040066039296,0.16892364279815997,0.0034475249446414367
60163,-2.9590286128753505,-10.459610920021133,4.1916731063322175,4.1229565198398035,568.958164411555,0.4359966746048638,0.003447872004798407
60164,-4.7084362251913925,-11.217330482078195,3.537378904446985,0.992579109551056,213.76847324363249,0.034624233285702744,0.0034497611361126975
60165,-3.284716263736758,-11.698078103771422,3.3718194748746053,1.1337289285870202,467.7957707898741,0.27985012336184134,0.003450103159507018
60166,-6.158509272253406,-6.170210525667485,4.380085187490319,1.3069545012873984,320.35037592966904,0.5491589711758698,0.003450593929504737
60167,-6.407940130270401,-5.014606921723457,2.6701733711292275,1.8648367499718725,469.5835410053193,0.004177067821165004,0.0034512591988472073
60168,-3.184553069760759,-7.062660761873072,2.5373031179113292,0.8881001930324347,248.96587498908812,0.9966210209732127,0.0034515803166556645
60169,-4.500035483224805,-11.999835221283515,3.331369946159667,1.0663585829786921,286.0556803340263,1.1463414167200252,0.00345211247603171
60170,-6.119447599416612,-11.271699479705756,3.5603338018919275,0.9107087683150307,231.8243940339622,1.38096668162106,0.003452210639182905
60171,-6.368204764017591,-5.259121158584383,2.933988547361362,2.8357580362086763,478.15576289127455,0.8383920381382515,0.0034522674828031535
60172,-5.4992481410530845,-7.735427733781127,0.4229418774623257,0.9176597135788496,468.1246665568812,0.7445950883561077,0.0034529156318408452
60173,-2.4847938383558947,-11.98990838882057,4.4343461648738725,1.3397754355999894,198.63747284654332,0.14442793526250153,0.0034529954309365685
60174,-5.68016427889391,-12.758335526421982,3.293037995547569,1.780853835727495,202.09532636912067,0.36619705751957543,0.0034531702190365708
60175,-5.124993600593854,-9.033100696641078,5.119816544079895,0.8286110286681458,225.101986202696,1.282687368910886,0.003453946465545142
60176,-7.173859449158154,-11.724206008145826,2.7661963969441548,1.189065405638574,300.3981978633952,1.1871167712370898,0.003453981713639778
60177,-6.5825724499580875,-9.758550206953872,4.322139067684921,1.0931229676258367,288.74335347603113,0.8646644870953972,0.0034540745848643008
60178,-6.415036445766578,-5.550084101419883,4.1417522670887585,1.8783953532078648,451.4939080094379,0.47273320645338224,0.0034547309200966938
60179,-5.40664530455837,-12.755941875316212,3.2833940177776366,2.563572402565497,461.7213089295324,1.7194317557381575,0.0034550381104464915
60180,-5.204126247175375,-6.740121690403534,3.3749510922106296,1.7774784954113032,421.88070897434454,0.219778670354704,0.003455364885121956
60181,-2.233217609521464,-10.810021723674973,1.29597094731911,2.263437308835091,206.32919839016495,0.30307629860620633,0.0034558969131869423
60182,-2.4907231119611692,-10.14876108995023,4.371278349421153,2.7112519384687674,475.638282968189,1.8128148383494507,0.003456667642817731
60183,-7.266503382487197,-11.809067207475541,2.5473693987911594,1.8579401418721968,446.076853073413,0.09241195756766363,0.003456745321503776
60184,-3.680649862133226,-9.621625854110361,4.465943679929907,1.6429944805890895,382.6594826118977,0.24037395002156714,0.0034569585847378337
60185,-5.05197552906325,-7.2811569506677,1.3508445400689937,1.8893197453393522,469.5801290556659,0.23991664714227667,0.003457446780778517
60186,-4.4855575382222845,-9.54475238757624,4.557841321160249,0.6391930897334223,174.77538497028888,0.6894909493296124,0.003457821199866574
60187,-4.983351500369119,-12.74320090089589,3.2562561510888512,1.1487424356144784,287.37997710482307,0.91930814859123,0.003457844560510179
60188,-6.5876163247334665,-5.918411064669165,0.7658699590370164,1.505419172998441,470.00043526799607,0.23352182661266596,0.0034579407600129125
60189,-9.421444525721707,-5.8160246400423254,2.769165148333268,1.1619308592912285,299.9337161187951,0.7901189104646518,0.003459368950743548
60190,-7.218633986716991,-9.889858060255783,3.6995475464370142,1.2832073690824635,313.2652937050759,1.425127553133013,0.0034604695912203577
60191,-7.9080064869428615,-9.85859691622187,2.052312110087648,1.0628378365992814,231.0426029497412,0.11601381064639238,0.003460950098406624
60192,-4.274123829008934,-12.06540793604541,3.314082122527027,1.6725702244835297,468.3023851829995,0.41612636816201753,0.003461391098876687
60193,-5.600516475903982,-9.573990681094628,4.586411862756482,0.9852737228085067,259.2670145188713,0.7836265548932726,0.003461449123813961
60194,-2.927198770584023,-12.466963233409514,3.637137250262687,2.362343273617712,432.22147366798504,0.8121806797956941,0.003462265437133418
60195,-6.765788152369742,-10.85607043257611,3.5152103005537056,0.7132241621012267,264.4222106717464,0.3088620007841074,0.0034626666666856005
60196,-7.166282956677694,-12.584162694495083,2.5921147356642935,1.1845446785899796,467.9869819028737,0.36196499457009335,0.003462695411235289
60197,-4.499633737880215,-6.903891463196269,3.8905210801573076,1.2096404100623228,305.1093576206627,0.6802371400491269,0.0034627605702016065
60198,-6.658156890308611,-9.373236605937711,4.6590842252084865,2.4196525334917243,438.0357429162919,0.26258440788306636,0.00346312609519503
60199,-3.8120736160129436,-10.579737153235111,3.7726026539043143,0.8165306539563864,226.1364553994058,0.596549243065291,0.0034638566178955576
60200,-7.128923359244737,-9.266523164704594,4.424615522915423,1.3207030948112053,323.39674660066413,0.4446465515832836,0.0034638848351296516
60201,-6.963836211362269,-10.58369566317041,3.4958857016215164,1.056980652896618,467.8644388617242,0.6440440971928671,0.003464279719072871
60202,-7.08950806733546,-11.63479589830711,0.21999818839926621,0.7583785561109486,146.51593932577973,0.05713132302320734,0.003464884610006879
60203,-2.616137742668906,-12.144410444648058,4.584316463637107,3.022348044444691,497.1030522016458,1.0154782644944023,0.003465658970085469
60204,-4.895072931486311,-12.500124083186293,3.2740691683624292,1.8219982969476711,436.02909494286865,0.23050882601942657,0.0034660363222797363
60205,-2.901366945313386,-10.594555367816334,4.245289935609892,2.592373171412992,458.0453856597927,0.9557392781324383,0.003466186771509963
60206,-5.6528807204576275,-7.418491118040561,0.7127268725487674,1.2374012792361646,309.77850835632523,0.5088262100405592,0.003466311073269399
60207,-5.486184575534326,-6.657292900461017,4.055596282019125,0.4819060846592939,142.35306356347994,0.14551668426188957,0.003466455815005643
60208,-3.8391911067578164,-7.985824211804828,0.4154772763958625,3.605135875313157,526.9599172641636,0.3505606574920863,0.003466521597448041
60209,-6.556876889499001,-5.725598748950301,4.92548644085959,0.9443069265726143,188.57670044946462,0.2731565895768924,0.0034665652623428562
60210,-3.0706922366784113,-7.1700689147701615,4.227386513455047,1.2050619406902758,252.42880448197064,1.0214185014518895,0.0034667168004236786
60211,-3.4679778346348877,-7.777896362954945,0.6805574147056789,0.7555726435827206,219.9332176400468,1.245565457506431,0.0034670213136019086
60212,-7.411609486483382,-8.663145534296344,4.827187828465372,1.7704049118414869,374.28484881990425,1.3820231345140925,0.0034674579425665116
60213,-4.798665386412772,-10.002458791814453,4.175051579076504,1.7020898192833769,401.50400351962486,0.29116028144597284,0.0034703434402763218
60214,-4.95437162842884,-6.88380490223547,4.451394353454899,2.187445247580303,410.90664369778176,0.7022836517840201,0.0034706043544649786
60215,-5.7852697390091485,-6.42967005263419,3.1308852951122264,0.860805440061439,173.37597261867705,0.5248570026515909,0.003472507670584151
60216,-9.32439131812003,-6.979026320919569,2.6030877715148346,1.9286442213806163,387.3776626097793,0.8661885996171259,0.0034726975055002786
60217,-4.029175581835429,-8.937567728598347,5.1681191193409095,1.8087695418234215,430.14498686662347,0.49402690801853577,0.0034728131696839843
60218,-5.398774597631285,-11.437132803473382,3.5004903683209623,0.63500164509432,191.67133275401793,0.3141145144591748,0.003474145072021618
60219,-6.340079649528018,-5.570820990360142,2.4695715914048066,1.302712462724132,304.14881097941327,0.34387018907370237,0.0034745969770173615
60220,-2.9609878915070134,-12.568859157471575,3.5622403436377965,1.2333308791919246,258.50530177646516,0.7088395809305261,0.0034755311433527936
60221,-7.377012169440933,-11.852607940466926,2.179618703698657,1.8115355519623761,470.19435883929003,0.05372787744661167,0.0034763177826683776
60222,-9.415856599486236,-5.264661740135825,2.7040823904594404,0.6898766324094746,145.99728645481974,0.404313860525253,0.00347706688073918
60223,-7.075334070316204,-12.519370482917067,2.756345720964047,1.4548115145909444,200.2314766948786,0.15527942029258224,0.0034772630884981185
60224,-4.278530190383668,-10.753249692495054,3.695440343659239,1.6160327956778573,468.711534679886,0.22347988231919036,0.0034776640441985967
60225,-7.282532798229959,-12.54438158856845,1.6461256981419454,2.7712839203077158,479.178036525091,1.3641302191258218,0.0034788348536619906
60226,-5.073518514222268,-12.617424419949325,3.2751048399500347,1.0978050701035824,170.41258061015188,0.18477820538569567,0.0034791541260377834
60227,-6.89121617249888,-5.4325959734153235,0.12845459987150545,1.7883592666309733,424.6109419705582,0.4499856003084277,0.0034792437492714825
60228,-3.1111001077882436,-10.381226581703332,4.0064341771355645,0.9076926869505534,468.4206124821681,0.8763554680142231,0.0034792449314301837
60229,-6.647594640968103,-9.826351612562313,4.2329357501976315,1.690970181320536,361.65058292312494,1.177675703090979,0.0034797838882823164
60230,-2.4693115969886197,-12.688072279711228,4.351593639607291,1.1163411372222025,291.80495289310113,0.41357151670346415,0.0034797895396134694
60231,-5.527613682101135,-12.091359909079753,3.3670762584295084,0.8652640721730296,468.0676795229439,0.7125161761440824,0.00348043804864361
60232,-8.785686048997807,-7.606235497089672,3.709410991648204,1.7460256964639194,371.98134205136466,1.4416127709227338,0.0034812753261956155
60233,-7.368282251931456,-11.270219602604513,2.5145946760152293,8.069613131197048,579.9728662737471,0.03172592730895918,0.0034814357761459745
60234,-3.132114566971845,-9.573260754990574,4.621010043857939,2.136476064007798,419.04652479112735,1.7912822584408072,0.0034820294706575283
60235,-5.754533392363668,-6.520295330678008,2.648428265925658,1.6633848009611145,387.4593711320285,0.10958247269517596,0.0034825694545237034
60236,-3.705009225888281,-12.792779973160277,3.2047559246659953,1.1092777824582158,287.0497421661792,1.0226324301203666,0.003482780007752496
60237,-3.652768904892315,-6.949667707093591,3.3139330186784175,1.2599675156000125,468.45276522541263,0.24256468380062746,0.003483407963353348
60238,-7.0187668390383475,-12.25306040154758,2.880216868958296,2.391800369768549,414.9472716233255,0.2330910484115405,0.0034836363578106323
60239,-7.678212675639067,-9.981332641158508,2.724099770087641,1.0993486617647286,466.9390871623635,0.5983125474608224,0.0034836385504883574
60240,-4.072569570155425,-6.920398983799442,3.438662321216107,0.906443497143954,193.32390103775032,1.1578297760836351,0.0034841523519302457
60241,-7.739741701010187,-11.051581846566744,0.8869973271790098,0.797156663372607,142.94586421223926,0.19594859178893298,0.0034845756164023018
60242,-2.9927077659625265,-11.565382448876587,3.6719649528232665,0.8902081883051113,468.2430893161061,0.9087108684350662,0.003485340257910045
60243,-5.861672113377127,-6.584652710317654,2.0392191153267243,0.9716390340293287,467.1711721574103,0.055304281641560316,0.0034872689674906583
60244,-6.710159733628344,-10.54334621902105,3.7013886285644353,0.9189686478572324,467.4577961522464,0.4311693419020388,0.0034873149585305566
60245,-5.8633321617763325,-6.491303362360864,2.262495342926593,1.3147512583716605,323.63100573588207,0.3677240446250529,0.0034876413803346692
60246,-6.852361718549271,-11.331472314624106,3.267979303466316,1.0358662742791964,282.45141540909736,1.204492138099087,0.003488204395322177
60247,-5.538920315676401,-9.715660469904122,4.451680795957832,0.8192192713009089,186.39528438711218,1.0474260300705796,0.003490111828850055
60248,-7.484305224044808,-10.392751944025598,2.817994710642499,1.3659155238312688,303.9331959090981,0.854621130679905,0.0034909093768895768
60249,-3.984445281764419,-6.950905589122429,3.104053262992722,1.3117265431742284,302.2246464628418,0.5122798368829349,0.0034909259238809034
60250,-6.995214497886675,-9.629224124345082,4.175723372825813,1.271858537576469,468.0340076774333,0.44669297813937536,0.0034909330403939285
60251,-3.6751431061624977,-11.222882973435613,3.4906628806237,0.9851419572505173,467.1259690876735,0.6136619109769885,0.003491411466933225
60252,-7.104127796405076,-12.015968641701683,0.2359887085754129,0.8744179006755016,211.4713580578715,1.0095697345171626,0.003491604666692255
60253,-6.545264750736449,-5.730786419297609,4.874935714416694,0.7511525614354513,186.80574824758182,0.6398957150147755,0.00349257561331692
60254,-4.174125734936433,-7.0420452782959755,4.674533741460453,1.2611697107785615,190.38245404017795,0.45582251716858035,0.003493595803831369
60255,-8.397760300568013,-7.795902112022457,4.3258333155872215,1.1635730658659214,259.32932029166903,0.021897894385784156,0.00349440232719548
60256,-9.03722403328954,-7.040374477151103,0.8739958635219026,1.0041979334323374,308.2326259003582,0.5657294131602173,0.0034945867866670827
60257,-2.614745284529848,-8.556054682855514,4.399787978497865,1.3101505029397977,322.67252682375454,1.218532084403475,0.003495251761269236
60258,-5.635049317446857,-6.615130877950889,4.313297010350557,1.8848246384431673,469.23914380236977,0.1495624025695914,0.003495268778875668
60259,-7.845250057251192,-10.100605675922013,1.8735192563150658,1.5373731077975301,356.01796485042456,0.2339374699261807,0.0034953684756087794
60260,-6.9003799672410615,-10.830210096168216,3.422680123450699,2.3735901556631274,402.31846436460916,0.2932271139761058,0.0034954949495093284
60261,-5.174714049347411,-9.896372564185668,4.278318098853803,0.7067882968091649,160.0014517701756,1.0724691655466136,0.003495531576226192
60262,-2.8474531665621603,-10.591742636048727,4.374139129047969,0.9399513575289009,413.21083973637,0.8134611089224668,0.0034959264085881016
60263,-5.477261900891953,-8.018808887324383,0.16021923499430554,0.8458777666158945,165.36221665742292,0.028854508385496302,0.00349677703584161
60264,-9.303832632384749,-6.697091234018546,1.8996368282491465,1.353443653893756,358.1865762753393,0.19209263253562714,0.003497083127206081
60265,-3.7893501467306825,-7.169646192430396,5.090268547970642,0.5131925242760709,154.21893302547724,0.6361492156528641,0.003497097682490924
60266,-2.439520790076699,-9.4070693007308,2.8390663034012307,0.704394841799717,163.67318817052828,0.13364950973825795,0.003497781721754115
60267,-6.345712825936346,-5.94113820976074,4.513915525313469,2.0967146897703963,404.71337905052707,0.8687383839067131,0.0034979309554210836
60268,-2.69573235746528,-10.888607810690278,4.653579413348831,1.02697484804687,225.8540639716071,0.0024770249474306283,0.0034979366557113083
60269,-4.653304507967158,-11.06583540435306,3.57801925482218,1.190558255414323,302.1419474222024,0.8688664551529142,0.0034979416792080293
60270,-6.671718101502055,-12.135616174403397,3.207292958045534,1.133709345327052,288.43679270765074,0.22080706892683466,0.0034981037251777215
60271,-6.380468555657178,-12.150583192359505,3.317021066565094,1.6201313418088146,377.1486928584208,0.5345873249994968,0.0034988096714651104
60272,-4.434913165543896,-6.927815589259109,4.152154537158471,0.6821222233449135,204.67235383052906,1.305478055862066,0.0035002896743152566
60273,-6.205054791768063,-5.868493041593936,3.4309442591696437,5.66920060310192,434.4200970519895,0.08562183116072841,0.0035013295675040594
60274,-4.034089603328706,-9.245645162729836,4.834054172063306,1.7902652271098582,426.4732129432722,0.15589005322157679,0.0035014384513122106
60275,-5.44349614502368,-11.915753059983704,3.3891920004279994,1.2457787253491526,303.07796205631615,0.44726440502665277,0.003502833855045006
60276,-4.696567232427852,-6.907309291294978,2.814964042314031,1.7893249938569482,423.4033201289045,0.6202449492169793,0.003502970103844457
60277,-8.198132687317921,-8.45333358551482,3.6676176672588277,1.065980477024513,224.82792257130384,0.1752029808011457,0.0035041988810584094
60278,-4.19616881985333,-8.98957904940848,5.113482101630223,1.8268240157976037,322.7001956229355,0.10595583063649361,0.003504397569428187
60279,-6.390612567631446,-10.823490655413146,3.6825183577624427,2.6255592337713636,462.21275252132955,0.9479242842796483,0.003505069171488509
60280,-7.678678974672186,-10.582468837338512,1.4147031140184951,1.2578286426244114,357.44824927091884,0.9597459912083846,0.003505310968072417
60281,-5.446668726657596,-12.99717712015073,3.252701083254913,0.9986424104672743,263.9061209751777,1.2263021043732314,0.003505469630921128
60282,-4.284781461333047,-8.245563329097273,0.15453524574737035,1.7712391151286013,467.644963545621,0.3984138407137001,0.0035062216933873483
60283,-3.3562605454274905,-11.651614684258794,3.371157497274151,1.8631732093025912,449.3071921567451,0.05679056172099273,0.0035064267183464912
60284,-6.745412253667656,-9.057417365802038,4.956011593144998,2.8792505318423642,455.3358480106988,0.28168413324029995,0.0035065234538056355
60285,-3.1413211896815714,-7.11145744110073,4.285110396397155,5.154536027910824,626.2962911667039,0.36873214662517473,0.0035069099876216337
60286,-8.774661441305811,-5.09656651638826,4.672726098294687,0.8363721462899416,244.67727896795137,1.4113722914784477,0.003507353695740605
60287,-5.370938468844612,-6.792367655927312,4.60922191786549,0.8701046173617671,468.1652617754242,0.31474902099999724,0.003509166939623026
60288,-5.546319809113205,-7.971742261550267,0.186666875333272,1.2820422898039714,314.93709443566996,0.31977400913504717,0.00351071968164681
60289,-7.6186307917388945,-10.790660392505053,1.924028825408054,4.295802172516064,385.99386928732855,0.08509713918126582,0.0035111487979944725
60290,-6.19790955466782,-9.140723046083188,5.027007438072243,0.893271915463792,255.57969576554848,1.581682512711775,0.003511678923474867
60291,-7.0745421727395525,-11.933768583724131,2.8570839321391657,0.9629702912167931,468.717325128608,0.2467332406097702,0.0035126317754641673
60292,-6.167900966080494,-6.646144842348977,1.2992627164726962,1.8246357901025159,434.5140425867721,0.5185813849577219,0.0035129335352754674
60293,-4.598877730696421,-7.4284158818856705,1.1337530980151507,1.749490216601784,415.81867198786483,0.7411248897879537,0.0035136000994658305
60294,-6.375130463501216,-5.261140033113413,3.1457518844542145,1.8810554704845273,469.82138173903957,0.15646826294664518,0.003514344398240184
60295,-2.5677399616192753,-9.430280417857585,4.931269930886867,1.303364171301379,469.14488170273887,0.561551076953906,0.003514541252137057
60296,-6.627860781165081,-5.891462032985543,0.6873001072431931,0.8555895915690463,466.91141235212234,0.48266449062463046,0.0035165929224151514
60297,-3.740327965593739,-8.197667992879573,0.21231059408442016,1.019235381707432,470.27813456131054,0.02624200829856349,0.0035166104538861824
60298,-2.9312359800955976,-9.604284816110058,4.931332781125055,0.7167835062298997,467.62400075180307,0.35165552875361694,0.003517758619113646
60299,-2.6250879866068697,-12.19312861577892,4.537297181510628,1.6346940643605934,171.4956121475646,0.4247074946149567,0.0035178323134367976
60300,-6.499137837138418,-5.117296242183432,3.9734981879882967,0.8737925952848994,262.12722338386635,0.9541789761857018,0.003518313065299243
60301,-7.33078032104533,-10.371465689615833,3.140650134622471,0.8429243113078709,168.65874515924313,0.20361735694302574,0.0035183785028942626
60302,-4.0161312009170835,-11.19203204243621,3.504518555849898,1.1439843534311231,169.57546772996764,0.11745294011854046,0.003519569493498564
60303,-5.169808011342148,-6.895514141844108,4.765273110120585,1.0777618967680331,467.68004473210726,0.5473620091856075,0.0035197980348450637
60304,-9.115405232064749,-7.550985075016759,1.9382705287865631,1.1379496823347395,468.31891895122175,0.5053406655738444,0.0035198391856979426
60305,-3.2363538017160067,-12.899319891607743,3.2048012343799956,1.7605619224849411,417.4051842372437,0.3246952062121222,0.0035198705060565886
60306,-5.589623511248609,-6.657005951114339,4.4068328752293136,1.0318651285323883,268.7530098668677,1.5743465510849797,0.003520876433680353
60307,-6.191703702302309,-12.456387978166747,3.307014367242191,1.6762668235779188,365.2166551990177,0.574676957757343,0.0035215294340142506
60308,-6.301664216239927,-11.756515852544492,0.03433446374241798,1.3631655927982955,468.525622608253,0.6657802967096922,0.0035227366089763995
60309,-7.576076263168817,-12.063585303164958,0.5217860695554432,19.777811270990203,451.4261030412138,0.258740082315871,0.003522744581477046
60310,-6.139417260814118,-6.216304282388686,2.04102834127259,1.1997808532734333,301.1075089370861,0.22757354655909356,0.003522877212684701
60311,-2.695129104052601,-8.261751675974306,4.745342681502379,0.9393942362250148,469.3952142101028,0.17961037457323936,0.003524044488138782
60312,-5.559030402122627,-6.943709540422211,1.7290271495252085,3.1864732028018996,514.1428793396447,1.4843894303826302,0.003524204610310538
60313,-6.29285970822266,-6.213413207067109,1.6857740968314918,1.1387369595929473,292.35760965494507,1.118503628668166,0.0035247625178321143
60314,-3.594881312857198,-6.967768903706753,3.060961201826287,0.8327512506099488,242.99522629968206,0.2889133142549465,0.0035250721752060087
60315,-7.5504450539274295,-11.097082311535592,1.8416697674499765,0.8714708316148089,245.2635778649179,1.1016300640160637,0.0035253000007289723
60316,-3.2139678567036825,-7.0914968155478055,4.5479174321953115,1.8168042339476498,468.10522777473074,0.03451095647178093,0.0035270255343019595
60317,-6.283282756645652,-6.405725035384893,1.1492912029720095,0.7334097496228127,147.4321035738102,0.8827091565892218,0.0035270346038676816
60318,-5.761336259526303,-6.463352774316082,2.9132486693085604,1.604254883796962,300.1861469049282,0.5415720371860937,0.0035283165600999886
60319,-7.903304512578526,-8.371454125974322,4.4341212193168635,0.7629653977071571,448.8162098176656,0.29591958435352606,0.003528479620246942
60320,-6.552931930899815,-5.079888462295849,4.254480590077333,1.881227406060445,389.18929181190737,1.586387089612912,0.0035301612646481437
60321,-3.559610146718585,-7.514066540891479,1.0973630393106426,1.4998949129584516,468.42505187327544,0.3380841141854143,0.0035311716763194606
60322,-7.9056961780247565,-9.531441790884687,2.6260611117169153,1.041263737277073,243.96023825881971,0.0791635938069124,0.0035311880486785974
60323,-7.339556013799239,-12.534952770077112,1.9871136607388562,1.236064617619733,312.53000568454473,1.5016886427803824,0.003531307118249615
60324,-2.887812361401928,-7.539639649222054,4.480114304549597,1.288671784113293,307.31348827822626,0.42133844082637584,0.003531666457754378
60325,-2.4708562660377966,-8.981233866342661,2.70665837064568,1.418115106751347,467.8336585861711,0.054062069888046516,0.003531792715077529
60326,-3.6346648832698847,-7.667866662999114,0.8432045261881003,2.787582454685457,483.06142164555854,1.9958514034251662,0.003534501181144807
60327,-6.206330009036292,-9.215976063574267,4.942136273718606,1.1524858447198298,325.8638186401046,0.26182773646144497,0.003534767143549976
60328,-5.221579718938608,-12.053346398532407,3.3422320002432113,1.4577877630537672,325.1486881422747,0.918398241863204,0.0035349500094316744
60329,-4.6211603787741105,-9.809509154663903,4.317519915098682,1.6624572859018614,392.6611901233302,0.3633584460457113,0.0035352501567981953
60330,-3.360932017262374,-12.888734085419786,3.1821351684511456,2.995313554360119,499.6981269093929,1.6824357243870756,0.003535422720322224
60331,-9.220944845143508,-5.26249190031308,1.5685904046055563,1.8544304829004807,467.3371086911256,0.059381914129388313,0.0035359045776651304
60332,-7.938781883262521,-9.65721616923575,2.287211370205937,1.8999167074050958,468.2984919921379,0.4389632829425283,0.003536134333588817
60333,-6.357308501631628,-6.315806907554874,1.2070672551226824,2.591028886011325,465.40741413320524,1.9910433885276406,0.003536468100192839
60334,-7.612354772046343,-11.319833052167368,1.0429476236617012,0.7733168303341849,157.75230065454897,0.4358809115253637,0.003537760979928172
60335,-8.151131837984847,-9.696951803975637,0.8857616719417304,1.3368356644327821,295.1670502908169,0.17312112683362724,0.0035388336676594025
60336,-8.64236390748553,-7.769809709547295,3.790889439658078,1.5271470906472615,345.80463686191734,1.6536602641121325,0.003539041251027776
60337,-6.9983176448056295,-9.577945337260434,4.215854637225485,1.8547379545868257,443.35329204702833,0.37875300651089194,0.003539663180925085
60338,-4.85121347020038,-11.69995065884868,3.393217344034398,0.8345189207658706,467.5643372597438,0.23133098007688435,0.0035398308220810724
60339,-3.784972142376361,-11.47347655738729,3.411606260105439,1.1983388634584902,301.17508373158654,0.24511757217353658,0.0035399624743979287
60340,-8.351074916063972,-8.000122312722443,4.095308279260747,0.7352720795846425,191.15587522331666,0.7454507608230907,0.0035401127201426723
60341,-8.995300909550629,-5.2989892587316,4.227230751198771,1.1008088804978116,287.2511400718954,1.2079364281633644,0.0035401571143809573
60342,-2.8364143181719577,-7.484215336219859,2.151129724053613,2.3629813634258285,437.5730815867591,1.1250358462825192,0.003540449637310949
60343,-5.326282835730257,-10.974053691020067,3.6429301868695116,1.6597471898050056,390.3974178920451,0.46042894333068407,0.0035406360695839642
60344,-7.2138264078755245,-11.764339414242693,2.6616851255622755,2.9818208990870545,492.2902288431773,0.9191082036202376,0.003540990970146793
60345,-3.884104202817227,-7.154324245973127,5.013206184711972,0.8907547405289677,469.6343051449155,0.12606549810343726,0.003541010859543087
60346,-7.319494441384793,-12.89058761876739,1.9290274229668887,1.3469204005058102,325.14709459421397,1.8315477223837702,0.0035416708381352416
60347,-4.7618445277945645,-12.631172659466387,3.2462968763872833,0.7971950039917624,468.5861237699914,0.5035639406236108,0.003542402881825746
60348,-5.583438077292671,-12.012980263219427,3.368922431787683,0.9033437620718032,256.60173839460896,0.6713268370567809,0.0035427378753743913
60349,-8.936980985640892,-7.11609742111141,4.000033434072156,1.3526585744087873,322.9993230200746,0.2174232501439235,0.0035442114935798565
60350,-6.641770081343156,-5.846531498654859,0.6333137073167234,2.1324825740497544,408.55985256735704,0.8673670009988719,0.0035447853549643825
60351,-6.0310463956608595,-6.504880040724746,4.905902485845614,5.153694385351832,387.89225471007336,0.1329432843581344,0.003545130814213513
60352,-4.12045764583007,-7.06837269517337,2.335512102603541,1.2390772915750585,305.14531104571654,0.7048468611863044,0.0035451355938515556
60353,-8.996450017541866,-7.725199388260748,2.5935154550205963,0.90201558116103,402.9566730581629,0.6710736723065027,0.003545419716721251
60354,-3.0436630818556596,-9.285271347695485,5.026704998543155,1.1105318585693782,293.6176801596561,0.8850538439123854,0.003545532110804644
60355,-8.92376251293717,-5.2185784045452674,4.38025925600134,0.6509852903936759,203.4662605200933,0.7708989830432129,0.003546231792603312
60356,-9.356603940930773,-6.151699549200749,3.1983998774527103,1.2473379692801159,240.55893477415313,0.011196144039448797,0.0035473632929759785
60357,-6.724155217382801,-5.359916609648667,0.5613306918848128,1.865714527448718,466.29876922611237,0.08266118608060768,0.0035474218907481647
60358,-6.29915985091826,-5.826149162839684,2.077828329737856,1.1686179616268315,299.8925823804468,0.78626984477307,0.003547946506169982
60359,-5.516270294408643,-7.151979823572165,1.3205541832444974,3.0176689114721036,501.8179552189223,1.8076242782775926,0.0035486590445474456
60360,-2.964320102995125,-7.2441581499087855,3.473529265106048,0.900872091097721,254.8886568113966,0.9376207249889461,0.0035490254686168336
60361,-3.460792777372318,-7.021850199737321,2.6686236026351025,0.8287851673439338,467.090525095716,0.17399564755388486,0.0035492077174492658
60362,-8.172162576539133,-8.796641432711478,3.0891896830399532,0.9967483277665182,258.2377932665405,1.0802886535466092,0.0035492789938783736
60363,-2.9537293640049853,-7.447268807934251,1.5012714657165498,1.7267043755744782,375.42933946731125,0.7572612980069087,0.0035492847277688185
60364,-8.528764134672357,-6.767595933727312,5.099945361576747,1.2030376440416628,208.683594316043,0.08909183748805649,0.0035493512580295596
60365,-3.0489622074396783,-11.120104429191372,3.7121405019654654,1.6444837341956149,385.07838448709975,0.3769541477543301,0.003549537858544606
60366,-9.415587254908601,-5.394879747159861,2.5858445762498343,0.8469872651452798,468.21390031312217,0.17619347108434713,0.0035501769598325745
60367,-2.231597023498284,-12.636203127480359,0.9712423305170998,1.0628562762111022,276.4341314725048,1.2290304980464697,0.003550278675083526
60368,-8.089986650008083,-9.60674436326764,1.4449511315215375,0.9311820857033568,263.3723456918727,1.7955301576373044,0.003550859600846968
60369,-2.4454881024213124,-10.805694725356652,3.94934269552318,2.414710635513666,447.09684010330255,1.595920065829719,0.0035511928693693013
60370,-2.601300723788241,-12.578400975214258,4.555937623952583,1.8515562180123772,442.32117496586915,0.5859033390533313,0.003551753215863154
60371,-5.561462472851811,-11.927626514405775,3.3807058184230865,1.877321923013046,466.90477275830597,0.02516040783904483,0.0035522479681672006
60372,-6.471509101520194,-11.089269800755979,3.5463702639436305,0.9577528801946373,228.64271078087913,0.4494957389331793,0.003552278211355741
60373,-5.890092095913366,-6.957996532589108,1.1405126122321931,1.5911238284107452,406.0812794460898,0.5187780745632207,0.0035527225234994733
60374,-2.691298103340211,-11.801167621528956,4.397277508917649,0.9977510997586325,261.1894381960655,0.8364269213906326,0.0035531347074781424
60375,-6.162223852029542,-6.621303681041922,1.364626944543474,1.1208896067735192,466.2641712534733,0.09298583374802138,0.0035533657351154648
60376,-4.807862127757019,-10.970787020765188,3.610585615740712,0.5658680833722693,173.99172636106772,1.2919376393293236,0.0035535819768032777
60377,-4.00653146796005,-9.828692053108021,4.275216544341956,1.1911530201634342,303.6959056567573,0.917268629820712,0.003553663456857429
60378,-6.401032245674457,-6.870690095985873,0.5428258121155954,1.8425103651827088,441.11142798531665,0.30667242827656693,0.003554553537010434
60379,-6.119168691959738,-6.054139783987546,3.541481274118743,1.819939771209145,467.6709704099205,0.2972727507644164,0.003555009372508233
60380,-3.477681211714665,-10.906249536947449,3.59985502593195,0.9455496538831032,130.51557475043634,0.3653302644291401,0.0035580803144922932
60381,-5.9466978946061735,-7.405381283218263,0.5443123905036498,1.5851877920950759,363.0909153039059,0.11805760770182161,0.0035585012846139612
60382,-8.683025649236203,-5.510132507965916,4.880915597128953,1.0223611471044838,219.15980143463077,0.09718769614892953,0.0035597027693189125
60383,-7.684129323982337,-11.437793091487661,0.8223028806675172,1.4070646755588536,307.904139410651,0.22404941797347444,0.0035602613454653502
60384,-5.066397412621714,-11.969272520915244,3.347984486250143,0.5033561628495627,149.5017740612024,0.13610783673987914,0.0035612440753842903
60385,-6.8527611187072,-12.7643779902042,2.98159183256612,0.8476341197861852,467.76519311068415,0.3420483143091735,0.0035615868027072755
60386,-4.603318020549628,-6.925150141364638,4.252429751025244,2.107981863649136,412.4194577788421,0.499196302662984,0.003562373812838176
60387,-5.759337045069676,-11.348894565883159,3.5279315646153395,1.159438499351981,282.00613607711233,0.15859365491513255,0.0035624206693278784
60388,-8.412033819068041,-8.7103403495599,2.3972964173398763,3.169008436201432,378.1078118116964,0.014925526314498505,0.0035630719300092143
60389,-4.27566821861391,-12.408376842897233,3.240296823806466,0.9995210720033266,459.4524046937784,0.5301956115724433,0.0035632701452327133
60390,-6.712495037656915,-9.304972228125115,4.692488750905757,0.945041298714726,134.96384100589222,0.200471890069716,0.003564681071787723
60391,-4.223128869788194,-7.04696779373234,4.7086087658673765,0.7520063358916187,211.09179199510794,0.7992640987241879,0.003564698869729597
60392,-6.630860363654989,-5.05399712692155,0.9135524918163334,3.3049779490534488,496.01722039279787,0.2617393508474146,0.003564901297306695
60393,-3.213726764667925,-7.321793246469568,1.702279672332243,1.8504882778315386,468.3960249073592,0.42039388862247673,0.0035651376852945753
60394,-5.776017743121685,-6.6050142430946455,4.552274869828746,1.172085506258247,293.7273967133658,1.3902159835651675,0.003565203841360907
60395,-6.832276023576286,-5.936507541907418,0.2070773330924323,1.5918312806055017,370.78394792458886,0.4859915120177396,0.0035652443903220385
60396,-8.014373142541034,-8.501560805392812,4.004881506387033,1.8235780484310695,468.882163963573,0.14373245947241475,0.0035656240047608517
60397,-5.061700574620531,-10.190734197373725,4.040118419137246,0.958042332253924,145.69796695384224,0.23809993545792185,0.0035664030534592254
60398,-6.301063158277786,-10.970924903895208,3.62997660189702,1.7925340165501622,467.97024553994385,0.46621353482110894,0.003566486015321763
60399,-3.5401046539480143,-7.311614188688331,1.6915458892934931,1.743433875981458,411.27333780806356,0.45150512752380134,0.0035666982193646394
60400,-2.3574042642713575,-11.193931526002268,2.5504294047429243,0.7243573944293098,140.68028349689598,0.07701101263531562,0.003566775816365136
60401,-3.454741021319535,-7.606415375065647,0.9628682140707399,0.6189488095595292,126.78831335561551,0.2628008216620268,0.003567508468877674
60402,-7.3256186490276445,-11.871346082035084,2.333568486617515,2.6134143341902165,457.11220699925957,0.7503798780059538,0.003567525789123168
60403,-4.089841568125464,-10.55180954703307,3.7776169808189874,5.762661662656903,659.3275071789137,0.5259577956684023,0.003568152137771547
60404,-2.82851826511731,-7.711596616850023,0.8840184806113065,1.3699668885787941,300.58443217743365,0.8139494445261031,0.003568391907204466
60405,-8.085448861440435,-8.425467603835912,3.9713916075628624,0.9474793024778568,142.07219959122818,0.1877541398593916,0.0035689488301611253
60406,-8.884548285546888,-5.623148190667582,4.489372966626247,1.3025987979506026,316.5616711909798,1.450596544787647,0.0035712784253396357
60407,-4.693354935827619,-7.057373413712386,2.1143783653996335,1.4075614579167088,329.61809576246225,1.6708632500866178,0.0035713055368935807
60408,-2.237731695434805,-11.448298065039488,1.057973824139673,1.3525653572093153,468.8450109760991,0.2909467672717696,0.0035713979394889944
60409,-6.27205822859028,-6.056414114347523,4.448473743829572,1.8625128755290474,447.75110013858085,0.20571059475506637,0.0035714761621645345
60410,-8.865500252382862,-5.1674029306008435,4.490178307643516,1.6105351640671504,371.7873370451052,0.8287772068476675,0.0035717019726021087
60411,-6.0143747200842235,-11.413808198182284,3.5068974792680496,1.7313454779539743,468.0908794997389,0.7257224907310631,0.0035724764690958925
60412,-8.894712321677408,-6.7898248605078075,0.6105196646746944,0.6957282044372545,210.68409877680864,0.3415234580562059,0.0035736665836108104
60413,-6.543782243554413,-5.506771478572555,4.546652981369381,1.7696272085079963,417.7870751377484,0.6017684467110209,0.0035740822694128906
60414,-7.480755394100807,-9.78489445359895,3.370533563363388,3.421976826027338,520.3628548517274,0.5774223872355009,0.0035742896931927537
60415,-3.7481637782305066,-9.590695395520342,4.4730943973708825,0.6607267733977985,204.41099365382314,1.3453195839884007,0.0035743488558695035
60416,-4.853751270353783,-7.902492054839466,0.428079229700648,1.0142488045305944,271.70188308989066,0.8171451600140829,0.003574613754640971
60417,-3.0886393027732053,-7.321382884242947,4.971336950223103,0.7105945695461353,146.96815531208608,0.7199755171153752,0.003574633982454827
60418,-8.062503419454833,-5.6237841406456575,0.12906838709850316,1.2369641903958528,265.59749339959,0.45647044229091627,0.0035747584562233962
60419,-6.1070414515660305,-6.11480648378848,3.7576278105251757,1.4719824125692564,337.6440153273051,0.9035646379667766,0.0035747901589262454
60420,-9.40494164427526,-6.276012474089852,2.4351661738968,0.9003796851079158,247.6623233625388,0.3345404156271181,0.0035749828092325494
60421,-7.438871258765069,-9.454154485075279,3.795809188099916,1.036521616450567,210.8217231291439,0.5467755364182221,0.003575380204678478
60422,-8.708486844983671,-6.300482192353343,4.875397152599013,2.5362017011459677,450.0945194287913,0.2776473472849217,0.003575846259481528
60423,-6.745606562000592,-5.36582503929134,0.5057189998088732,2.4810953092261165,454.4436894487496,1.7525364725214043,0.0035758601990689936
60424,-7.5424708185483915,-10.95743156512004,1.426872199840351,0.9052768150148739,433.5694382119163,0.14940846878107195,0.0035759701905651387
60425,-6.491794755190503,-11.669024794257313,3.365067168541058,1.7126642312036788,468.3805414338293,0.6632667645318451,0.003576138083204226
60426,-5.742818334081356,-11.472556990028016,3.48714273082848,0.7826954302294516,225.89923027992285,0.7283436098703016,0.0035761592690995063
60427,-7.048490588645836,-12.430662800881343,2.791133263285843,1.1283516209374809,424.59677806942335,0.7400890690106925,0.0035771904500761956
60428,-4.334579020529662,-12.48662392067912,3.236535151346612,1.0011656189888394,267.6224118869448,1.1394507535792728,0.0035773615936920346
60429,-4.250105626265209,-11.622061687387502,3.378872867752081,1.0278554763900063,276.9281230575384,0.23240180660797183,0.003577720512724412
60430,-2.899665731759061,-10.087251897944672,4.573242060259637,1.6552215489246689,323.96455600522944,0.17582926205027594,0.0035783625846772557
60431,-9.336327358799585,-6.151429221892138,1.9310914019049703,1.2400100555117657,270.5176367600559,0.4661042836140483,0.0035785175813536183
60432,-4.259172772398374,-6.988434790520943,4.404306841758839,0.8907024837941252,231.41418811470342,0.65782139541784,0.003579195536503696
60433,-6.627296932094466,-11.925817718251636,3.251984151329541,0.8764502300481494,224.19650750700234,1.2464802924859013,0.0035796358977600116
60434,-7.019278302989484,-11.46876592526397,3.0433095354805992,0.6828471539192451,210.79055245641604,1.153181843742094,0.0035816286057077833
60435,-4.667132225726663,-11.688416891946146,3.3838621258433608,1.2713296143262416,289.1093385929001,0.12038039694178426,0.0035819869631017213
60436,-7.355478320182487,-9.542831644423584,3.8284549077535965,0.7017719773546395,185.5878715745273,1.1281222074955712,0.003582188073587203
60437,-7.7780484047118685,-9.925474847226191,2.460033543475212,1.1617470852665732,297.353759338265,1.1251937589423315,0.0035832814637349886
60438,-5.811096037935485,-10.991250066621962,3.64556370940231,1.1907569889302505,466.1699207540444,0.1657667567554233,0.003584323128066124
60439,-6.4724484318540085,-5.398096123210992,4.149394116709471,1.1251755960877936,289.54243828784627,1.311528844413707,0.003585066247195707
60440,-6.62802654769308,-12.632690223127236,3.150318555386731,1.0237919171337733,279.7149939414138,1.653835888427774,0.0035858348932604036
60441,-5.669635152055711,-10.708827803575653,3.769450228217699,1.3345059661363472,300.07682379414837,0.43978418103227757,0.0035862062122255962
60442,-7.290586641154772,-12.892938226310532,2.126574828250649,0.5816103695970256,121.5730512530818,0.019625257891954462,0.003586511993372782
60443,-3.0758737564586376,-12.350021400271789,3.3918912143333495,0.6817393433200204,141.44936495656276,0.24859470264438688,0.003588177765207975
60444,-4.354804700326223,-11.668366547904707,3.369673163300223,1.8090852964849469,433.1766481572477,0.8633060813012179,0.0035883599408339135
60445,-6.003221850811736,-6.708113740804051,1.5549636307700658,1.3134564981351902,468.8891710644416,0.6414014751838044,0.003589431323896797
60446,-3.6530775152022628,-7.060706413097772,2.5261068615966296,1.3804245818299248,468.3721027737535,0.41501510702901534,0.003590377996459164
60447,-3.3226943914516713,-6.96112036514841,3.5352490212419747,0.5945343967838077,115.54358902764159,0.11707293869641244,0.0035905841784751413
60448,-2.9497904689435526,-12.710249491012025,3.557621037124021,2.218446168114807,419.6829495938853,0.9485999120680395,0.003590776933399465
60449,-7.311961880208049,-10.307246351323336,3.2081839675603887,1.3559868761902916,297.3052156759468,0.8852344290757701,0.003592369120828472
60450,-5.299658562814545,-11.799275124396464,3.3833230453895227,0.9998772498138053,467.76331432493527,0.3870532582975317,0.003592414458528602
60451,-6.692672317790975,-9.579976003231465,4.418381069911621,1.7316658120649238,468.15441876103637,0.3674966844099048,0.0035925615353206044
60452,-3.2860583223487723,-7.586109782502517,1.0078376505637223,1.2614769132279544,467.8766355776861,0.5221695614407702,0.0035935161461819465
60453,-5.465893429401205,-6.6340678733360665,3.622890786213732,1.09260243232296,467.718711456661,0.6391151051917836,0.003593657701926807
60454,-5.750433840214754,-10.203795822065478,4.063969247734031,1.5506235593125755,352.6850124987095,0.022736009623307574,0.0035941754288569172
60455,-2.733206404039965,-12.786291171186903,4.124422838588764,1.0441965233719146,280.8347849643309,1.1513985199827141,0.0035948311240589638
60456,-2.574165124064363,-8.214745626001006,1.9888189650138661,5.012914494428146,370.5241508003929,0.14815962180563336,0.0035951314311470305
60457,-6.504399917035133,-5.536262068893648,4.451263682943257,1.3712133605821422,321.76489338412983,0.346213352987518,0.0035953080210706385
60458,-4.599076274121272,-7.53671036277797,0.9672868466430942,0.9046942368862255,178.65277999492935,0.1363254109011054,0.0035955844351879375
60459,-6.480413229419739,-11.335678187720257,3.453100212669155,0.7620540857133817,468.1800498202301,0.46031786193532653,0.0035957020147814726
60460,-6.278426260832335,-5.863805857121288,2.1689974677105988,0.8142962085854704,232.03730122313897,1.4220980382198007,0.003596289675961653
60461,-6.25059969756297,-6.167337391982501,1.8588487412373684,1.0917166799946292,285.7834557452381,1.316199573951697,0.0035963366571341096
60462,-6.118859112607952,-11.837524867566906,3.393999038787872,1.1380560588583881,467.0750242839071,0.12586901021806796,0.0035967192671132885
60463,-6.748970533748753,-10.632431686366527,3.614778434431268,0.795794995878193,171.635868462167,0.2657933284569305,0.0035984297635713036
60464,-4.465191869383878,-7.679625164237161,0.7983621744507503,0.9760522661701203,198.82523680602628,0.9045124333363477,0.0035985992698227684
60465,-5.261569372100104,-6.848955259446007,2.3461797215965694,1.0017442051257779,263.3880737949302,1.6686205050663148,0.0035991937397305634
60466,-4.012184427543495,-12.94691480339314,3.178065827473104,1.9175241978656292,469.24017252866787,0.6306008325100123,0.0035998721907675125
60467,-5.335180361358998,-11.278578597824543,3.519754833011083,0.9046641203394794,233.08459719436206,1.2726258574520513,0.0036003921107034265
60468,-7.04268332999981,-10.298872798872631,3.5724099091060766,0.6919554716842077,151.06296144718235,0.20235274963499617,0.0036017800171764306
60469,-5.780354622586054,-7.728737531127491,0.32705693257147134,1.3580220904369082,468.7553099415277,0.842000324651365,0.0036021362544962276
60470,-6.5846648408418,-5.481471295961198,4.699370093356863,0.5714378743174215,170.0816334960703,1.1296849641890017,0.0036043910671031422
60471,-9.130753582591847,-5.1584107123436205,0.9143113272758517,0.9022311635969845,164.44397862619752,0.16324402613522881,0.003605189570544432
60472,-2.9985378561989933,-11.812680080216683,3.579085185717959,0.8982616993953625,469.69466294890333,0.13608504819133582,0.003605319531074642
60473,-6.823047607852498,-9.228536350299922,4.7044990892410175,7.196292357290178,457.90087017750943,0.10616245575988348,0.003605572173916822
60474,-3.17801673490594,-11.823766757004883,3.3703668120334975,1.8838119830220625,389.3643500582357,1.590962499247845,0.003606778260542774
60475,-4.51317167147932,-10.309448324066832,3.929012046690279,1.1797607286016607,255.86818651586134,0.15709572661805016,0.0036068425650769053
60476,-8.126285307644785,-9.054977555503548,2.720009469993689,1.1133988435514783,275.50316155621726,0.16289742363018966,0.003607329236491493
60477,-8.528133841384985,-7.190958784229624,4.800326092522299,3.3283386289933152,524.4203094761,1.3120460018563547,0.0036074302163510217
60478,-7.410017412551811,-10.363740989497055,2.9830659441126963,0.6378133841063052,119.52970797825975,0.04290340822501104,0.0036081585163578547
60479,-2.8670465966743564,-8.718128497014026,0.00025828791325737294,1.142763322651708,467.350970655118,0.3405790966203952,0.0036082331240026157
60480,-5.336586626084914,-6.980492821874402,1.9057763629505307,1.3693556064704702,322.32043150653516,0.32380146341120497,0.00360896132098395
60481,-3.059310993653975,-9.866492853820278,4.433053517398508,6.01552186000693,661.4789555636182,0.3129155859538111,0.0036092117816954377
60482,-5.891239387032337,-6.532425726959226,4.599254561605061,2.353702285943699,441.76086705631826,1.8050457880272583,0.003610213694080892
60483,-2.9843133411719194,-12.270745510615471,3.536419512723109,1.3052255336307768,291.446565247124,0.2269620237265686,0.00361073067316388
60484,-9.212647978803412,-6.5673650309319616,3.6316678957915687,1.4191326249274394,230.6356430975126,0.38412305603251884,0.0036118413808270303
60485,-9.166345908944214,-5.9149075002934035,3.848486575845123,1.7870889526201896,423.3305137706609,0.02683672958049499,0.0036118713543679378
60486,-5.014488787232219,-10.172825565398051,4.043572566872976,1.8241446531797603,467.49072110809067,0.7788397530535773,0.0036119079510322444
60487,-5.614296322772559,-12.876717328654054,3.2577423432342076,0.886919821496276,457.9677014172687,0.8194367697583731,0.003612976624237399
60488,-2.981212063263163,-7.661495704257207,0.9290623867686453,2.5294588139088483,457.832916947494,1.5514711996740838,0.0036142671870062807
60489,-5.547508388670391,-6.760367317021502,4.698445588717103,1.2389091255853437,257.4372932869028,0.585478559465348,0.0036145983029966973
60490,-2.9605204538637206,-9.622849123263405,4.823355523583995,1.482933514137291,340.78127451601995,0.62288813457792,0.003615533191436103
60491,-7.7674888326471665,-10.960103049221974,0.666262966588497,1.1090991411089077,286.341661440709,0.5243820782403725,0.0036180175397405377
60492,-5.79698453418888,-12.504931637779746,3.2976400798967216,1.156043709070112,467.7661814050402,0.1132520083282742,0.003618094059499477
60493,-8.963478261977846,-6.23840593566017,4.343221708047927,0.8918637807705215,468.3811055333581,0.90751146091345,0.003618187196854472
60494,-6.3926518884074985,-10.460821969541447,3.853035588378749,3.536564477823081,539.765366399762,1.33683679344938,0.003619243828756239
60495,-6.607278420575282,-5.125224608119401,0.9930576261952923,4.85942212510722,617.5108241559572,0.7688531499429212,0.0036193078776705213
60496,-8.901019506894185,-6.756285572345258,4.344718904165349,1.454455125180684,167.49637064237643,0.22880400167419612,0.0036202247849065707
60497,-7.5178164124865265,-8.489633885888054,4.892850180569854,1.4438617225758825,318.21334980131587,0.21821374221177248,0.003621043939617973
60498,-8.035910695034216,-8.882275215955753,3.3091278937067212,1.1391994404423036,266.1105076003166,0.5340065833327037,0.0036212981952925697
60499,-6.612487150139063,-5.584632687994127,4.856017550219898,1.126598499333894,470.5433859810849,0.0849137222580083,0.0036213291660088204
60500,-5.336792623939555,-8.976673898667219,5.175182459725997,0.6058131969371713,178.21540565921742,1.2896558533984361,0.003621348380536926
60501,-9.318698314520283,-6.961952188095392,2.347693377263175,0.7622135341234034,175.48263241885337,1.133777822536472,0.00362141946112262
60502,-7.409214838435339,-11.137104219130194,2.4434677927647215,0.5853910814327878,174.15397365492984,0.8467996490887684,0.0036224983789986598
60503,-4.2934131173296635,-7.01312149244866,4.538140845850091,1.0539681028374075,362.00728618100624,0.39234930065904283,0.0036228163933703585
60504,-6.146431987004522,-7.401006537347341,0.3990336879279746,2.0825707048596924,412.00020447840615,1.4362204306408062,0.003623655969732798
60505,-2.4968376647230484,-10.503895815795744,4.602814353536697,1.150659187659265,245.96005310043313,0.06483076165218904,0.003623738018708166
60506,-3.144000361997943,-12.783501881428993,3.26058880317259,0.7335094427863446,152.28795304575854,0.05219913442908197,0.0036237696566469206
60507,-6.313692710996719,-9.47383940529648,4.642865577980098,1.0133707007574884,267.91664808061427,0.6169718045524482,0.003623896857890235
60508,-8.867876023682772,-5.276038465406361,4.4851167521900726,0.9602425034152747,467.40573837754687,0.7933245790439623,0.003624530664433132
60509,-6.3377868003186775,-5.525580641061822,2.902974010305033,1.5863313306545594,353.073242458744,1.6194903299794268,0.0036250023627627734
60510,-5.80954226989647,-6.586767900219003,4.596101668705846,1.7349604862522194,410.42894613533593,0.24175901558213564,0.0036263312430808623
60511,-6.306350256173996,-6.784036049762768,0.7859375736113436,0.9612143836633295,263.6382247631852,0.9889900210840512,0.003627792590345171
60512,-4.856142040926911,-9.511723878777525,4.58118751647405,0.908806136102852,256.1451494939832,1.582258748010653,0.00362790141964966
60513,-6.387524308803153,-5.9141131524974355,1.6769718466762376,0.8662238840665094,467.7422096909882,0.3126976963512291,0.00362827228108129
60514,-5.553444360250881,-6.609480809987051,3.855703871319842,1.8151554296550823,223.12365575564272,0.12390443163012588,0.0036283371181299613
60515,-2.6207219706362315,-7.9174425727643625,1.2593582905038399,0.6474213426688756,141.88049116668543,0.09515646829847668,0.0036284889624029807
60516,-5.885146631563848,-6.568668351634833,4.718258432723241,1.3251411878276258,291.8088994781012,0.3072152528375538,0.00362865443157272
60517,-4.38825703148999,-10.89025174444087,3.6192125298950626,2.9359424697437273,482.8524457610281,0.6576917163635807,0.0036295514953736557
60518,-4.85660383208796,-11.342555593463425,3.4692509017607494,1.913018104998785,468.71610480888063,0.6460112174192965,0.003629878550628663
60519,-2.362496319610549,-12.53756284349914,2.7910053596906166,0.8939263011897453,140.00657990792538,0.30263755716633245,0.00363006591046504
60520,-7.344489400142994,-11.90132065967763,1.2487955639401784,0.9090381711121487,469.56789840910517,0.1309329850439065,0.0036300923176786314
60521,-6.298721980829759,-5.626483796970701,2.7101047589637153,1.8431316956462216,442.5584030293516,0.5576802463978039,0.003630139725128436
60522,-6.159424901187409,-11.999608306121894,3.356383646300704,0.6606905556482754,197.1259123879463,0.6007312099640032,0.0036302441701073474
60523,-8.745742960783998,-5.5354779856399725,4.75296249426315,1.072934067225431,278.3615782717585,1.7502799997680087,0.0036304703545627934
60524,-4.085433756840974,-7.243978649392497,1.8244408071008305,1.8758442931037465,467.4389020325169,0.5252447885947618,0.003630478830526778
60525,-4.516002157123325,-7.106168714252023,5.005800832438592,1.0991344891274246,215.19886434764922,0.038922496313086974,0.0036333969529424707
60526,-8.75109574391771,-7.760120599417552,0.6380550221407465,1.0138209323637488,252.8495313721212,0.9171367818805907,0.0036336892152625134
60527,-5.196000119885034,-9.066170827447706,5.06806706404003,2.1584824399497298,420.6183971030044,1.5730938002746742,0.003633703160333705
60528,-5.763446678150501,-6.968417434665559,1.4561118247598357,0.8023879544107331,470.03628480846555,0.005919339538415613,0.003634922897087228
60529,-6.334209038919212,-6.141948946109518,1.6810071383467462,1.1047887028782057,219.44386040471605,0.8474980968660688,0.0036352669612227644
60530,-5.192890086428067,-10.40806632833769,3.9019483249705744,0.5019106576148432,136.55896347859104,1.1510275531242664,0.003635287367135758
60531,-6.487922717330347,-6.244792751126553,0.8364187247513497,1.85820773335313,445.2319696845695,0.37726869744212266,0.0036355508825840254
60532,-2.305539653273164,-10.984339353744247,0.7529305749084987,1.8517965425477245,445.07402601648545,0.09120141690273353,0.0036358810260148015
60533,-6.307308947987858,-5.786829281340202,3.7559920745285913,1.638004952213179,468.8591931817939,0.7762466451754504,0.0036361925193723766
60534,-8.54588467978611,-8.17684898736389,0.5623530912601192,0.7997922310797128,165.84087350627647,0.5292056218099033,0.0036364006673780883
60535,-4.668911319852561,-6.9504253307324895,2.694385946185428,1.7877195351673532,422.7518539038952,0.2270818281475373,0.0036364039822703834
60536,-4.305526996929268,-10.445525216534758,3.8353375338400126,0.9435927921237165,245.22450108233008,0.3727518774320657,0.0036365074545103345
60537,-7.367628919213745,-12.1234690125555,1.9692311668462315,1.891089902586024,468.33923880019654,0.4458859972666387,0.003637464353408701
60538,-6.401326459943944,-5.807512417942857,1.7874169004050249,1.9125742598624518,180.74710382473268,0.4326892228750516,0.003638474312544924
60539,-2.6876382773495653,-7.773877814095645,2.701584345126459,1.043609456152743,251.5547977640231,1.0657748737644361,0.003638592725457111
60540,-6.140462378806028,-7.665719018295222,0.1938115325095114,2.3928746587758285,441.18326328345125,1.1776225610426971,0.0036392458105538577
60541,-6.455817077347653,-12.602541137348332,3.214358460600146,0.8805140192284077,243.43676218372926,1.514957058247588,0.003640012535613189
60542,-9.398068990979004,-5.0466359326123085,2.788594429950171,0.6263972110674605,167.70197361336224,0.5989851474349628,0.0036409006878241144
60543,-3.439794128988244,-10.960975242917161,3.5618331926515614,0.9053668557893557,467.5128170142507,0.45107664784259693,0.0036410066223808604
60544,-6.541690376773407,-5.401438493760425,1.1324187973484963,1.7147637056822351,468.45770232967664,0.35129149764810474,0.003641795426266484
60545,-4.525112877423173,-11.054373377758699,3.5557638465470487,0.5390829175681112,123.05129674508005,1.1380114567885817,0.003641921954725384
60546,-4.938095208956188,-7.072341869446366,5.137705700336388,5.769767665052634,476.5532841466882,0.029330909111552117,0.0036421093636725666
60547,-2.4385932019451095,-12.061772309194616,0.2988247750753307,1.1359649799618488,247.58599748042175,0.41211887820280246,0.003642324215535652
60548,-5.501913573664838,-6.635225579463095,3.843489961702491,1.8555669441644593,469.11387373655714,0.013819167594046,0.0036429395443949046
60549,-7.325765214681832,-12.147954351336931,1.6777236193741765,1.2602696712176629,300.8846898410922,0.46180683577963944,0.003643662443568066
60550,-9.09439255114323,-5.38631279459932,3.9853315369274616,1.1931005842745444,297.4445506494798,1.6409968712031935,0.0036436937818154005
60551,-3.9783991229867466,-12.453794012577033,3.219312973817273,1.068441319924928,284.9492710379915,1.0812337603026316,0.0036442798853271456
60552,-5.187162426289495,-7.301609746570787,1.3000808152830812,1.7241916444511867,468.4761425573482,0.01528647666338312,0.0036444870201469844
60553,-4.251286944290053,-7.376283029178695,1.4583076166753102,2.1546345170371093,421.60164679485223,1.7785190362013248,0.003646119382388819
60554,-4.046333823555811,-10.686789009239405,3.69407617732235,0.9509771596602407,218.49951557921307,0.21347554550095893,0.003647393060972826
60555,-8.276707386509614,-8.607708339428152,3.131418008326266,2.454847666389734,299.25198400774764,0.04573609074784368,0.003648060351585765
60556,-3.910950607857754,-7.715729758505206,0.7801740185570929,2.8323544951627015,440.9370259818403,0.17980562249264498,0.003649167678992201
60557,-5.500179297033446,-6.667861012234214,4.123891121906259,1.0701804573029827,467.31981106452486,0.5800862220235965,0.003650607676342174
60558,-6.557987606415216,-5.460509374460261,1.3929501938465738,1.2071111092606988,294.72190005760496,1.185110819420406,0.003650741878920096
60559,-6.221472988145616,-12.705784190245451,3.2534632659711256,1.942489682029823,389.8709420351004,0.9954819397366474,0.003650773702320865
60560,-7.444198480467105,-12.756322356655042,1.001622101154463,1.2819775430672793,317.047790411029,0.2710179785219724,0.003651520033705726
60561,-3.599705726180119,-12.964572960822432,3.157562039489678,1.3902176311226848,293.5428892711268,0.45698965434475003,0.0036526044891511847
60562,-4.784950084118435,-9.40226892793322,4.685667019564333,1.402915428432311,319.70075495506734,0.1836974667808038,0.003654214462754376
60563,-8.573364840980336,-7.616163146378195,4.188450699420302,0.564954330942928,153.67856784760582,0.8522167869878237,0.0036542465315784066
60564,-4.081683139224656,-10.778121699478406,3.6569894249993258,0.9065494686637969,240.08214730367158,0.5232941757838807,0.003654809423702284
60565,-8.030491646778245,-7.65151810198551,5.185187697482309,1.1348836493505392,467.9242005450532,0.11211236263374769,0.0036550192186749378
60566,-9.034452362899943,-7.665673644915536,2.5222205813369643,1.1193642525009804,289.1084409322054,0.47190539163735323,0.0036552191409551602
60567,-9.164837907914432,-6.720996831072874,1.512160907697874,1.7625150208501283,417.79249978871763,0.2501125606022718,0.00365568692352791
60568,-3.4151569980909633,-7.260073320273118,1.8744050827591303,2.697110130120242,474.9384408930437,1.9396175120017407,0.003656862670909536
60569,-5.457906242677596,-12.142042470368303,3.323057902887168,0.8679581146678491,182.2636851080618,0.02837492956514165,0.003657501277688895
60570,-5.024549803104968,-12.30466578030031,3.276046187003644,1.007969854521031,265.6152860329425,0.5588007774253363,0.0036578817802342335
60571,-2.9562512282686306,-11.425887635732778,3.7459363015956524,0.9569648068999727,466.5829784619579,0.05474960500035042,0.003658738266730909
60572,-7.548897542006745,-8.444377959583356,4.904946890543618,1.4138191967640605,468.500698422397,0.5030407618825992,0.0036588297634176457
60573,-7.936560144637394,-8.613224309155644,3.9799273103893094,1.7791407250460203,468.388487208405,0.4091814419928381,0.003658874552383451
60574,-2.8188486057622573,-7.541591183514163,3.6362442031058215,0.9042680973657656,154.45584078845997,0.18639649891381627,0.003659119288873499
60575,-3.737981886574289,-8.07580762697151,0.34275965373202805,5.226909478535888,635.3696751310918,0.6803351844160259,0.0036592837505036815
60576,-5.884790844907001,-6.635127533917611,4.917392058488063,1.8693163166273195,448.3367757087409,0.40449622689526077,0.003659921491373279
60577,-6.4149774722428585,-6.141549847216144,5.042370090576779,1.024459824904014,266.61872164090516,1.1451335824576985,0.003660547972255802
60578,-5.449064830105734,-10.31698716926607,3.9655061488519885,0.8165817483004134,200.8044223699922,0.09511557113940228,0.003660940177948079
60579,-9.038926565207612,-7.275774641895967,3.4912556958348366,0.4802525130102962,111.7079464285209,0.41268494767526054,0.003661015570849848
60580,-3.15119111111321,-10.026410745342208,4.183149955529905,1.1048947030366265,448.6676515921505,0.6184829104521645,0.0036616597782829527
60581,-8.658684557110895,-8.059341221192899,3.115315483765962,1.1270218225978987,467.7968390962475,0.42171345615624034,0.0036620860624384205
60582,-5.802590760691522,-10.71196207660726,3.757768437310471,1.103597985341153,219.76964444048207,0.34298211108737586,0.0036634373729202622
60583,-6.057134533629977,-6.159346145218971,3.4049909269304814,1.0635593319575218,284.19467730012775,1.2029156316547578,0.003664689747204605
60584,-6.00436019696035,-6.342287887114689,2.367595417753022,1.1376970486562454,238.9009990494353,0.0840909979602742,0.003665039652695025
60585,-3.574799353066905,-12.828020648013087,3.1659775259190637,0.7274900838934879,334.38671328262427,0.31496074689106024,0.0036650682545843333
60586,-6.189905309815025,-6.5494744246362,1.5038999173360494,0.8089533659678358,165.52486127671742,0.6179722674931769,0.0036667110619872873
60587,-9.054864142202184,-7.479709502425259,3.019721168108221,1.1490980203600882,255.48190763119194,0.49200266996833,0.003667597759998464
60588,-5.939524748455123,-10.588909144496599,3.821372647580446,1.1694432173645672,300.36793158043383,0.516338502039182,0.0036677092521780006
60589,-7.324841281306716,-12.59460403375235,1.8715603166205832,1.201073274592147,468.0239660373872,0.21982203498933117,0.0036687406683921548
60590,-2.859403486630434,-9.57186510982142,5.098266866648885,1.0275258526158704,257.9678890511005,1.456165270655787,0.00366880567433721
60591,-8.178352928492316,-8.248703680952573,0.43578535059081813,1.5222708380424315,347.71176856106223,0.4405245974322094,0.003668958546042743
60592,-9.403099618410003,-5.000416065203818,2.616689931095601,0.7889285379091827,196.07694891008214,0.10213790073840467,0.00366923156466152
60593,-6.163504738759771,-5.991198252553234,3.005748940776489,1.4762311956885141,468.00640778228455,0.37101455449957843,0.003670200204558643
60594,-4.6567443366510535,-12.239984949010035,3.2659656277619384,2.2159320686888604,407.8623761023121,0.4159768469316516,0.0036704376933997833
60595,-6.413551397838148,-11.56172570944553,0.047961144107588734,0.9603899885839563,250.2065851957091,1.1413596331093538,0.003671600554210923
60596,-5.660189322048344,-11.808816426741437,3.3910783708650842,1.3085732895874767,292.0229274182702,0.4567424499726256,0.0036716853248336925
60597,-3.290055198514315,-7.297337445394865,1.7717506250119657,1.4377716139255077,468.36164232708137,0.5445405386225248,0.003671735126797089
60598,-6.331312517938951,-5.999228670118502,1.8176663361973007,2.147030040546518,420.42356694089045,0.5468040347785905,0.003671777656641981
60599,-6.4531194823223235,-10.366824698574927,3.884995068074153,1.297491439257728,289.66015490145696,0.11147443803680179,0.0036718214409110573
60600,-4.327983812160005,-11.594304598699964,3.372873382888496,1.463550851564062,468.0507304016589,0.1352271833503087,0.0036720376839234005
60601,-5.346067696309912,-9.622076169578595,4.501679919755247,1.454672767729137,321.79758833167404,0.7261375927096863,0.0036721656760583684
60602,-6.886053848170344,-12.028511952057055,3.0327200223956705,0.7460164764828489,194.92283957786915,0.3629300014132628,0.0036729426786488266
60603,-3.064359387733032,-7.321150981115806,4.818865561386824,1.4334656925326281,468.000934267442,0.6218864238630912,0.0036735598512109766
60604,-7.135159719840235,-10.270681069468257,3.477460356020588,0.8494420904310912,466.78099465729895,0.1618467967063273,0.0036736436631746396
60605,-4.258986156962847,-7.087131373821019,4.820755924914584,1.8229890227962797,364.3589869794081,0.22122426885325996,0.0036737028891551424
60606,-7.161148199478036,-10.45886894409452,3.3162125288450732,2.318715090755282,438.61827866103744,1.7547468213552841,0.0036740100213222774
60607,-4.369322444620167,-12.807024983698703,3.1883283583926927,1.0521447123498164,265.6199424911233,0.3800858769068949,0.003674064269750685
60608,-3.518496878548479,-10.621236031079786,3.7197371515383577,1.1703759628257044,300.14097374044013,0.8264900271702036,0.003674362072715075
60609,-3.184985069731252,-10.362489630760365,3.9217080725482587,8.165985993957966,745.2127826309195,0.371226885102514,0.0036745495753252237
60610,-7.405445441520209,-9.583037788069952,3.695265672600801,1.3410187367036315,287.23859244416207,0.40745921300887833,0.0036750258832626216
60611,-4.42822187668622,-7.0426445102325665,4.723835956283054,1.2358344280852906,304.10090701810736,0.911951645794078,0.003675231270521264
60612,-6.80586458576756,-12.249215559410366,3.064628606279549,1.6109688874093289,358.1926033430626,1.9909299719182973,0.00367666888983285
60613,-2.51754523070466,-8.510953748917007,2.1593534432197767,1.633904192772442,379.83406767827324,0.12637240900677238,0.0036775309007731007
60614,-2.220788907037159,-11.375398661153369,1.2787080572134213,1.5992454400832503,372.10037394431794,0.1947714070737403,0.0036775605429148228
60615,-3.886388203089547,-11.803424230907195,3.310763779006801,1.9289883617963648,333.14441052834195,0.09591600773007425,0.003677576193462556
60616,-3.2977722476034366,-11.709313804379196,3.337766442688551,7.5128985707321965,444.97063156116434,0.13183322743128922,0.0036775807891512038
60617,-6.301502600112297,-5.763144816002874,3.7172071563057583,0.9370753481392485,238.95975265520656,0.9842706395773373,0.003678251698166962
60618,-4.455931208540943,-11.02766505951501,3.5525478229537386,0.7073376741539414,146.22169243098952,0.0848716249954542,0.0036788378710005238
60619,-2.809974890857097,-10.318203016560343,4.639235937011964,1.207825023496456,277.35342859644464,0.5212268004974616,0.003679835021528422
60620,-6.789923878628197,-9.616944310203142,4.31777280813038,0.6277377345348043,134.27670895908673,0.09003903205223818,0.0036800945166828025
60621,-7.909676052855572,-9.378565176655712,0.4020498009185222,1.5828188892855797,369.1896014042929,0.5908226490299606,0.003680154449014646
60622,-4.592534681812429,-12.192026169835227,3.268334927351758,1.7078879250515635,194.55762878063226,0.3272419103970394,0.003680579598992823
60623,-6.911881308587416,-9.00957026655166,4.884812616371479,1.3319405221990679,287.4497217299103,0.5450929956374795,0.003681167522713877
60624,-2.952214032699657,-7.462548881147596,4.692219416283967,0.733462373366628,468.2107863226345,0.3263614769606171,0.0036814485630295157
60625,-6.374527047187131,-11.53752976913647,0.04258084811183789,3.1537867585662385,492.15611801294693,0.4048568066421767,0.003682394695341974
60626,-8.796007230999791,-8.164461642981053,2.0567518223546783,1.8938830722201485,470.134180928336,0.22077657205646695,0.003683451118838
60627,-5.146032910745742,-6.902293693801403,4.6838325115491175,1.3320570758958812,323.15424339681414,0.2570448069703719,0.00368347754367422
60628,-4.923810433855972,-7.195094689694593,1.7311186031750727,1.0475889876783597,277.76232163026083,0.8698708980500074,0.0036835966790759616
60629,-3.9975645217686617,-9.71511817250072,4.354607534903743,1.8408457227604744,439.389867948252,0.47510682948341376,0.003683625934842982
60630,-6.661064720440332,-9.31202847450962,0.0024352867883115866,0.5526384893124519,145.18424521447707,0.1961072567384603,0.0036841642679984847
60631,-5.2266365663060785,-10.901651876827312,3.643949088838953,1.5691541709644852,467.91379453099665,0.44272039476695646,0.003684746328251637
60632,-9.230985546639143,-5.562088569200924,1.6348172791650877,1.3337003628235293,299.5139393614249,0.28125952179017144,0.003685181100017065
60633,-9.116547182133296,-7.546199585669328,2.061082026463745,2.4616540463720464,453.6962153105198,2.155448776956818,0.0036860936423829893
60634,-5.742121620995345,-7.915112246880917,0.1868808704351148,0.8099221350305252,165.26251672824552,0.9226184465420184,0.0036862334473441683
60635,-6.973157566293342,-11.800137146867899,2.9882545244420147,1.0710421545235345,210.3949774514376,0.392051713121206,0.003686283279797897
60636,-9.121770110499027,-6.778074160211615,3.7718624896744357,1.0240271996414299,204.46696030281757,1.0373977309744555,0.0036863717245909605
60637,-6.096856810009545,-6.197573182007666,4.041489837588092,1.8702363858557565,469.53083079741776,0.20390495137140352,0.0036864134532144906
60638,-4.738354874327203,-7.222043307009005,1.707975196332093,1.757095564322461,415.61711719307965,0.4315857726900605,0.003686783709752597
60639,-7.007642320665075,-11.660870833706475,2.983115447769837,1.7934580327864023,468.5205752001177,0.8355828455501761,0.0036872174986362282
60640,-9.385642506178034,-6.524306803482528,2.584433631575426,0.8288983760841837,138.52851923186358,0.10426820254658864,0.0036873314618866156
60641,-9.138629441321617,-6.675762610234046,1.2972734949117384,0.9477574451200702,229.57810215654163,0.851189485110031,0.0036875768847776567
60642,-5.9568135986198545,-10.448352902576513,3.896316259323459,0.9608982363106846,190.20578420773754,0.25818870473588085,0.0036887131364578907
60643,-3.6415865468645006,-8.124335437000301,0.29445497363855155,1.3979964591869118,467.9475745616484,0.5911104361675994,0.00368909672452129
60644,-5.411944638246819,-12.619648454194436,3.250520330702869,1.5992635560604713,374.44915705820085,0.32761439837274775,0.0036894263418039363
60645,-8.336412547378979,-9.06746172654676,1.6285249535078528,1.1831222596814683,301.4136355815786,0.8011360633825708,0.0036898973062172986
60646,-7.572408791222822,-6.711908594891369,0.028330450691106592,1.9027963732740185,468.70921030978064,0.42883186588489064,0.003690193497856401
60647,-7.9059679958284566,-8.41334212394901,4.34647027973672,0.7517669738020031,190.5824609683352,0.5802164279005355,0.003690561240991919
60648,-6.4219536813409706,-5.140836250962788,2.6208066439502216,11.88469400032585,379.7339607296746,0.3003140852297008,0.0036909546824770156
60649,-2.6107056283572936,-8.10278749380582,2.9268022184577713,1.5993316799485835,470.17133011657353,0.1600525262042085,0.0036909887855967314
60650,-6.494850792573621,-10.505800067525152,3.787589141851247,1.8258106300429224,437.3413852879076,0.5804700200957038,0.0036916176199703714
60651,-7.973321719622257,-8.298562248562545,4.391726910169781,0.5549703724702643,118.80921567007563,0.22415982612600072,0.0036923812560248986
60652,-3.863705985914482,-7.0157943323937015,2.7184739630889605,0.8637553996877833,182.9696691689003,0.7629161604154193,0.0036930949280288105
60653,-7.382778630286342,-11.965705441850462,1.8182489617625408,1.4278056954757128,314.8312889602686,0.95509868087903,0.003693642001818386
60654,-4.663611428117983,-11.410141597866321,3.427808897808342,1.7459811449073561,374.733259329164,1.9042532285195763,0.003693642376253411
60655,-6.2483036511167835,-5.785985257039227,3.173507434462974,0.9801449937415629,196.89669026436547,0.09688419683744875,0.0036944346970879055
60656,-8.93115270260348,-7.505168230174676,0.8032147197004097,1.0546279110915528,285.62356607844424,0.9823080647478948,0.0036950407576371684
60657,-3.7574323824336275,-8.950253883441365,5.119186799761795,1.6663289113836637,387.6360981811074,0.023504393540936697,0.0036954763228951555
60658,-8.94004530532766,-7.07451660604272,0.7154596501767224,1.0593839695579979,276.0997555666655,0.5106235137233499,0.0036957852773682113
60659,-7.284174864305498,-9.043899864190042,4.479791974919475,1.4904048549148194,347.81570408484293,1.0446426599395808,0.003696103399143826
60660,-7.294022400640473,-12.918124412250672,2.024820166370925,2.241818958665692,425.68008097550614,0.3754494861021991,0.0036967255892082856
60661,-5.852950182555033,-6.514838913042231,2.3603015961246867,1.0615387212476675,467.89726530397525,0.1863818849679184,0.003696847827019673
60662,-3.133453180733329,-12.041098492263332,3.350976715337321,1.6719871657510361,468.6718495456538,0.6398045798851575,0.0036970447486895995
60663,-3.2264240947070544,-7.763079944810695,0.7714115291636731,0.9585251721650908,258.6818293561421,1.1668934039473902,0.0036984880626234986
60664,-4.10357412265498,-11.729013212604752,3.333569982323148,0.8887103541062416,469.0959899841765,0.1405409194089957,0.003699127702774823
60665,-2.4556466996748902,-9.116915191026578,2.6206109262412762,0.9426785333660087,196.19540018892113,0.46734564466351447,0.003699299969649779
60666,-6.529497062828119,-11.231009311437152,3.4537948356461152,1.0193631065919395,467.40016409165565,0.778968078956729,0.0037000739494668857
60667,-4.544030749214175,-6.929521631024879,4.141306530507678,1.6857770113811146,398.06943258739204,0.3852656480841059,0.003700673258229123
60668,-7.053627618491239,-11.360937348977146,3.0155942347435785,2.7359973253412098,479.12530676482874,2.2256497830154984,0.003701960583472318
60669,-7.609921576236869,-10.787955374813642,1.6555754734945118,0.9242518179917275,262.4345106631308,1.3982954803244922,0.0037019910966704273
60670,-3.2026724758175895,-7.006013164092739,3.5737199047651345,1.2931888254291648,289.43350386185233,0.4863281015372154,0.0037024884465288953
60671,-5.225419594359471,-10.28452181048829,3.9699441602016727,1.1831394848575196,467.4990573220557,0.34838796238311165,0.0037028161875765917
60672,-5.255469408407423,-11.897825440387024,3.342971777461091,1.696547867509879,362.6218202908445,0.9903603149775977,0.003704098156494459
60673,-9.288413159542785,-7.061535877783298,2.428059082390295,0.8521952957753982,235.71109733904302,1.0055035770494172,0.0037043655972944177
60674,-7.564270594946461,-10.38744591100464,2.571081261581491,1.348468658124401,312.0803123987093,0.004738876395855129,0.0037049585427607694
60675,-5.977347184693663,-7.163006077529702,0.8113981066517204,1.2382228411343554,470.23108140511596,0.19236002302817656,0.0037057760253549074
60676,-3.5580291077957913,-10.390107809171248,3.8412678339231987,1.5169424464698738,371.7428265925341,0.5894365281243115,0.003706042643484904
60677,-5.567669472942956,-7.7359895773475165,0.4462048466929387,1.189082190776424,291.9318057973591,0.7858740172664396,0.003706431544013743
60678,-8.908575743366757,-6.386188404403302,4.432510145791192,0.9836737675714647,229.34433633175905,0.4634193786680987,0.0037064843301312512
60679,-4.6727217076553185,-11.212115576115853,3.4962495766731734,1.3586602338176963,307.7713285837881,0.355564480737808,0.0037065356017297645
60680,-3.3903811351609505,-11.191096664603176,3.4664120303356496,0.9363650346401958,250.08201291800117,0.556514947448707,0.0037067968657767993
60681,-6.661943690435789,-12.235066623187663,3.1595071227671796,1.712861950718278,402.06111930636183,0.008541107855888797,0.003706977325930202
60682,-8.931766802682137,-5.698832681676087,4.378885876012822,0.8754820483013875,179.507617110171,0.0968217183534259,0.0037071554265448448
60683,-6.483728771648228,-10.688019479233786,3.6919177598347233,1.446038948763493,344.4883405920746,0.4374222064113926,0.003707241182112614
60684,-4.665728590970258,-10.815842202117159,3.646201495396705,1.835735752751468,438.7183356164279,0.29816613047920093,0.0037078028969511345
60685,-3.684881178409861,-7.214361276685841,1.9864480161940348,1.762447208014609,418.06814708767973,0.30253628783833797,0.0037091072196821766
60686,-6.160994923930109,-10.24315272424355,4.01255926182339,1.1283616426977596,296.954825841646,0.48106505201838345,0.003709951292008477
60687,-9.169405293253542,-6.155777340721472,3.8210967910906626,1.630672360450338,381.7632078749817,0.49087295029354294,0.00371060310627394
60688,-4.0610356824770175,-12.234536330091153,3.235220685431503,1.860836660311093,386.02401346821705,1.4955299377958484,0.003711370716527309
60689,-7.66373536008911,-10.624582775841825,1.6964179846746075,1.0525720212166891,274.5014356615925,1.3408840987079609,0.003711627945241683
60690,-3.650428366037575,-12.474067058069426,3.197356059395835,0.9995597791128753,271.8547244648567,1.4835433942578211,0.0037118470909983325
60691,-8.41556812539647,-8.189364514404883,3.5645916630998413,0.7930494619189171,193.4034288253148,0.4137068053692836,0.003712194477511611
60692,-9.199936245563666,-7.233847588667199,1.8769620409531256,1.2358574078072517,313.1655313576889,0.438737046297466,0.0037140491117812263
60693,-4.753440255994291,-6.887220947791375,3.2574204062333254,1.111215632867911,275.18437920818764,1.4494968375000132,0.0037146128108626517
60694,-7.299600348144051,-11.42736910609291,2.5567515762794866,1.4733611958034423,469.90482752189484,0.10078408113908299,0.0037147550772629848
60695,-2.962820041330822,-12.002795474566334,3.590056279966229,1.183078616007078,300.3321129481619,0.2862039640156082,0.003715622261753601
60696,-6.5149581823645955,-6.638584862700075,0.5758982935853338,1.6081386508825892,371.6925734955484,0.004773983886772193,0.00371758524518581
60697,-2.3965765791547344,-10.162018080313421,2.641298374767023,1.017724748219219,470.29464842025175,0.02303071296209236,0.0037177260607178107
60698,-5.962625060165497,-7.0378431695875925,0.982882223535779,0.778672324292768,216.69333253313448,1.1750923514768994,0.003718060893716559
60699,-3.030820280594872,-8.538996737644155,0.07947150614552533,0.7119501547659364,217.36241578855177,0.986868246321813,0.0037180860022387376
60700,-3.26682451218581,-6.991401952397658,3.4537356153152925,0.8427997778103173,242.3723004051246,1.3008006492371988,0.003719068983540816
60701,-6.625956045482914,-6.91726087399913,0.20889517576202038,1.6253949223278537,454.21658369578006,0.3615572078396472,0.0037192388844889883
60702,-3.1891472366018982,-8.947849916071547,5.184818296742415,1.4406002144367747,327.9929734662539,0.4072342268634612,0.0037208281147542463
60703,-5.9304846232717905,-6.358296523132756,3.7157317324603647,10.677240591136423,528.8241490231162,0.08686318294098072,0.0037213170234702353
60704,-9.405886708674345,-5.364279954979047,2.5274419344762262,1.1706666526503238,466.8585808345222,0.42472821934779414,0.0037218192151516486
60705,-2.867183016858979,-7.475607502411847,3.8977868956836415,4.21330306503019,369.0597872425045,0.09332596129721704,0.003723482714071205
60706,-8.499170767512759,-8.59042921478271,2.294800908890552,1.3304079276883507,420.12845297319217,0.18550861259122353,0.0037235535026067025
60707,-4.639000401062708,-10.796859759314605,3.6513766497036393,1.8178665660786548,467.571165278349,0.5942517223151489,0.0037237996107789386
60708,-4.002721607967573,-7.0592532625768465,2.4968495064966247,0.8045555309469277,161.92084611068003,0.8883227757293479,0.0037240120904096785
60709,-8.57925007311671,-6.463396029791137,5.0756234167756515,1.2608374593157308,301.0763692987917,0.49721770255276976,0.0037247596273820628
60710,-6.41411901382428,-5.721316683347826,4.258304887592264,1.1651120407424913,297.7870077144532,0.7632991333961927,0.0037248917871798605
60711,-3.9946756263595944,-12.652514681060447,3.1807730832489054,1.4958972133181347,330.0579115248954,0.5207246632387408,0.0037254798153632546
60712,-4.873386190977031,-12.901509168380402,3.189090543284604,1.266176390868292,270.6451430040865,0.10390197654546451,0.0037264603687580987
60713,-4.683511712784477,-12.95804998836032,3.1747944722361052,1.1681037386458468,266.1473837549951,0.39728588682249466,0.0037265767264185513
60714,-4.399094039727207,-10.069380458569153,4.075676844866902,0.9020862156877943,174.67848057057552,0.043914507731028785,0.0037267237221992044
60715,-6.861337845524143,-12.89089280860101,2.9314534690127294,1.7628299550154056,419.05090997528436,0.8280525548095943,0.003727522152251887
60716,-3.2993475745152523,-7.012261733845677,2.902645785905853,0.9608102017877364,467.7326183992994,0.00884902836869017,0.003727649619907991
60717,-5.888202774850565,-6.445005619884908,2.632391194232826,1.4451699376099114,321.8433962558062,0.07060635307685015,0.003728730836212918
60718,-7.433420168175237,-11.1657574789098,0.30921600629815055,1.7605318268601362,370.5971114376208,1.1182005958050647,0.0037304214369288957
60719,-8.934235561385005,-6.18884772032309,4.391894648600397,1.091450149557267,289.71543231663617,1.0479775922758856,0.0037308792558587156
60720,-7.893106251137599,-6.080853322604667,0.0974931414915356,2.979038052860033,495.71850246042976,1.1545493213780764,0.0037312350549219718
60721,-7.311706812180715,-12.206524016454535,2.1947606962227018,1.0365672100002414,467.79406285307994,0.5984697658185398,0.003731422282942794
60722,-2.9124867825991902,-10.857270822681636,4.047273423411357,1.1549856295380536,466.24057607676065,0.17004976474934974,0.003732335985775351
60723,-5.952995500113682,-6.405130339183794,2.393861668944307,1.4474363618343364,468.48861184161797,0.28104438348047456,0.0037323598156619193
60724,-2.8433811730987486,-11.105657470677267,4.123052764416849,0.7787460821383244,278.7723236197763,0.2820650709569916,0.0037328632349056534
60725,-6.302240764855654,-6.849766989108555,0.7438962308633358,1.674908398089077,470.2667700704768,0.18670569530648695,0.003733357777653587
60726,-6.526224353239856,-5.215794762292292,1.756371164812373,0.7287109839366019,443.17775765832124,0.3367190696218323,0.003733684629411372
60727,-6.133412830924312,-6.20911622158714,4.216222282521159,1.678503329726757,394.03074016875144,0.10982394026986508,0.0037338109864393106
60728,-9.136752026761288,-7.02196149498484,1.5306018214029637,1.1115200563077172,466.9850196807444,0.626576214124765,0.003733993963447569
60729,-6.105919956111657,-12.322687096893953,3.292943583852017,1.9010859002953007,458.99910318587,0.597977898247656,0.0037340054122761584
60730,-2.4354544754745078,-10.877639017419124,3.6497374416643114,1.061927414160493,468.38784088458283,0.5317546582171273,0.0037344452982158646
60731,-6.030422790011479,-10.388078454451696,3.923931099018034,1.302156762651536,468.637705732668,0.4197148250005647,0.0037355185390417975
60732,-7.57634982659663,-10.87987824831748,1.308797842416697,1.5854748429703502,469.7513798959471,0.06592800351959038,0.0037359956591593983
60733,-6.6639163583354595,-5.262610043635999,4.735424227473663,1.8483195238881953,467.5384818100619,0.6230427414533173,0.003736917733389907
60734,-3.6397336948049936,-12.449573846683492,3.1946522365856467,1.4534725253399814,332.93932624092935,0.9354023574897452,0.003737799369464653
60735,-8.059310930496213,-6.08019577850804,0.14541513555018803,1.0724840611075694,468.1149424581449,0.5530860559869861,0.003738892411258618
60736,-5.814585013303557,-12.49767968106099,3.279368885597809,0.8747342525696448,207.85854650081603,0.2248276053528997,0.0037389402311276934
60737,-9.384979224841448,-6.170418890861559,2.24789678741715,1.9500489677618018,399.98032562886135,1.9473779036996328,0.0037396069608681554
60738,-3.887053000994123,-9.991737736289801,4.121027971654141,0.888793350603765,467.5477199355694,0.4561407874221759,0.0037398792237040594
60739,-6.465397628461336,-5.573626691531582,1.8153843178099023,0.8475113425456237,211.00840796061098,0.4959418805318716,0.003740441448560178
60740,-4.723027817787052,-11.423916204252885,3.427100951967241,1.2240099706197136,260.1274043877212,0.209577512201081,0.0037416106874706293
60741,-6.192528613060602,-6.172287149732044,4.366309230605485,0.8002587740471397,470.14504039700523,0.12196627234768442,0.003741619210761463
60742,-5.171304803452007,-11.068452455642039,3.5617642508501137,1.7971250939773102,427.69960952910566,0.07835859697278824,0.003741898178521102
60743,-4.698590040232359,-12.35064981701695,3.240016751295609,0.9610862445867496,194.84845340605534,1.082397442588273,0.0037426248224834537
60744,-9.194126940227191,-6.120064984713609,3.741243798900136,0.9963422725560918,468.5096516732732,0.03994613099776778,0.0037431770804560957
60745,-6.309311686408941,-6.335036345531826,1.4688939566580246,1.3813407414218968,330.5464342128326,0.2516364484009488,0.00374402095872867
60746,-7.807904015859505,-5.1323349198921475,0.05223580388429286,0.9180858177929075,225.3320863628792,0.47079267177035256,0.003744890426481298
60747,-6.483360183557668,-5.846036472203132,1.4217827013547297,1.9200150583345925,396.4906448574216,2.1575722538713302,0.0037465176983627973
60748,-4.401731626505111,-7.113329724625258,2.1512119803038905,1.744468966219409,467.8074301923509,0.28379148905123674,0.003748214996709467
60749,-4.764662849463074,-11.89686598585219,3.3089663722329643,2.0275007347591485,402.6383193920914,1.2100026545347875,0.00374839101947662
60750,-9.299822640282919,-6.843665939165455,3.0115542351476003,1.6947033250603938,469.8025576885273,0.1685564068807892,0.0037484301551068476
60751,-3.111568267057545,-11.469600804828975,3.492431342603894,1.9076485055362926,464.77748924122886,0.5703109448416965,0.0037484738848904894
60752,-3.2116702309973135,-10.451535695450652,3.8395036995198457,1.68001509909476,468.02010895728966,0.3446459813776501,0.0037486430870694947
60753,-9.18051997505979,-6.158461070875103,1.4541234214609675,1.0352556256995784,282.2225449268764,1.248208779828392,0.003750489310670648
60754,-4.020905376828928,-6.95441964982031,3.620471193053926,2.337021716292774,274.74192969895813,0.47451869461663865,0.00375219451752531
60755,-4.651601402939875,-10.732458296593375,3.677384636825095,1.0164283969451888,468.06992994225413,0.6138530889361649,0.0037535271582867214
60756,-4.250080384296404,-12.815165073183072,3.1634495122077286,1.0459088974052753,468.14866955815205,0.8720110165818369,0.003754548920698491
60757,-2.4696566152745403,-11.719769525143814,4.297442933920145,1.6923471596705606,468.23615447524725,0.33521252955492375,0.0037548356944708764
60758,-8.893731229576641,-5.722927438365269,4.449081383804932,0.5144223776771985,112.93321891166511,0.06932646429401768,0.0037564738794159183
60759,-3.520792099349233,-8.408566527034061,0.06377616931925996,1.0500760678300138,467.06811445707126,0.626992583469927,0.003756964197736352
60760,-3.381445407231146,-10.573668451235246,3.7322106769862815,7.216959240458757,717.9365092672182,0.47199491841425,0.003757018322547923
60761,-6.520463144728501,-7.101758092011105,0.2405367453685961,0.9165471983883554,282.2259292572136,0.6785823425923843,0.003757056650714395
60762,-7.390180510902646,-11.872313616240643,1.8367974892361025,1.8549254428448156,443.90181994444316,0.016787752218374585,0.003757664702626547
60763,-3.5944492819482177,-7.426356224174898,1.4595604657028538,1.361089586068985,468.6405581969529,0.08019215236470068,0.003757793599985062
60764,-5.329547731548673,-6.736186850174037,3.8952786033557976,1.5344263430219165,355.57339079311885,0.28219753091140554,0.003758167323639019
60765,-7.951507426370059,-8.714089358430076,0.40953517295982145,1.9042735403271356,376.09979230066995,0.4222316141364937,0.0037581764237924454
60766,-9.17122138246415,-6.120838906296704,1.3860580452943774,1.521722559569158,335.0204645186224,0.3688017175439713,0.003758474181411188
60767,-6.7870718170609035,-9.250434605256103,4.686297305799786,1.250999092453759,272.3656298048734,0.7128741212571414,0.0037594042799084567
60768,-7.135340761006592,-12.386585600010685,2.6129129069787655,15.453811585131609,445.2200932415935,0.2487471130819996,0.0037598048477931727
60769,-7.613480926535971,-8.441953084023867,4.8011972940128045,4.014099712896249,566.5312346036494,0.7326725663017513,0.003761154682853336
60770,-8.182476924770365,-8.549744258053341,3.4938256415597433,1.0277401402033512,278.720486075703,1.291583644677993,0.0037619130810429818
60771,-3.4723193666578043,-11.917833254652122,3.270463489460473,2.4402169869351176,440.6017497797779,0.8168926371908283,0.0037623974477368908
60772,-4.729617024772042,-11.374260114100807,3.4370729687121426,0.8662952041633248,181.97097564062906,0.4847933205973396,0.0037626471394679607
60773,-5.904147596729158,-10.477795029955999,3.8718249967975047,1.1326736639842796,286.8790121648511,1.2878524509078533,0.003762901707842895
60774,-3.169035099810438,-11.848680275065645,3.3442749867605928,0.7010668215191765,151.65287610678416,0.26687154560921567,0.003763101596939602
60775,-6.520839282384355,-6.655895359838183,0.5326361431417943,0.5965156091349051,127.92821607018355,0.1567405147659935,0.003764925603667145
60776,-4.7559182363770836,-12.964882202756622,3.178169222091522,1.9725938495565811,401.14198847677704,1.8374589977133189,0.003764953939192512
60777,-6.183595940946217,-11.868424826182045,3.3567935965867344,1.4397736984102054,328.25661833991563,0.6434186697899547,0.003765198021118065
60778,-7.397622271547299,-11.821744266746585,1.9279437397701897,3.179811069551035,507.83338694052094,0.31156801795560174,0.0037653848918905203
60779,-9.017835091092806,-5.198603102738155,4.128267248900762,1.6424209002603347,381.2492110489215,0.18261015410563086,0.0037657405932273
60780,-6.092302861898019,-6.182449007430739,2.549307269080469,0.9446966164285414,184.14106661646045,0.09349504796809693,0.0037659838670981317
60781,-9.124695462760446,-5.848582353503639,3.9231578345139644,0.7772428411145288,192.16990747477254,0.615025188186233,0.0037661959170543938
60782,-4.575053780663544,-12.080900474719112,3.270712096360613,1.0633012735948801,280.1752521704042,0.3399045057918064,0.0037663532941463263
60783,-3.1239280338439714,-7.092004785558022,2.9092118509406326,2.113534799051648,402.40633881725466,0.7373504547230842,0.0037663715763882914
60784,-3.933572366489715,-7.236335758739569,1.9530740002646756,1.0967181611978738,206.90610407006386,0.06341801662312108,0.0037667026827794305
60785,-6.489764901675769,-11.105334826777955,3.502882722522513,0.6033689472497368,169.98612097004823,1.1379125741588814,0.003767030004541333
60786,-8.056734839296556,-8.38103695413217,4.083417905577745,0.6144478142217226,156.96875970678735,0.44614993859719654,0.0037670456017340754
60787,-4.838608139848954,-6.849624900754198,3.3689776821727206,1.07559760339489,281.5547845939653,1.7227401226055514,0.0037679392191764718
60788,-6.333535000669643,-6.1296288052784895,4.736293293885521,2.0083757112244895,341.7545854424099,0.17473650012958508,0.0037681382463031665
60789,-6.304009322465749,-12.905117572038796,3.204832588575357,1.2602945294038692,215.45261801244456,0.475740683091896,0.003768618646677968
60790,-7.168267803083402,-11.26092933961732,2.875315784525076,4.86745637711363,416.66846387716936,0.07134320499022806,0.003769235431198284
60791,-2.4048516394323505,-11.446468549173336,3.337700637740027,0.6190716388664421,168.16350745830434,0.2782347755206489,0.0037693648888153493
60792,-7.262889596384197,-11.958072218316117,1.3599507224018887,0.9136750466174665,467.6853160508626,0.5774417619601246,0.00376972530838995
60793,-8.837178188694386,-7.237572106137045,4.066693348568812,0.9313069883986602,189.80243786428633,0.9476108544924884,0.0037710758204964902
60794,-2.8666001686313605,-12.562268716204464,3.7113337943841693,1.4462740292257412,336.49913434574955,1.9135302740453808,0.0037717359754128187
60795,-3.341810673063046,-11.979501002898385,3.2536911846217444,0.9438729567040938,195.47547348345788,0.7129537774810837,0.0037719774857424954
60796,-6.652462457818666,-5.443841921949176,4.837675925239005,1.0879235543851622,467.49456153762725,0.3136179365666676,0.003772206428849673
60797,-6.64889938020298,-12.620777560697682,3.1088986497358313,0.7569912915950208,469.35588671531747,0.23248866594452178,0.0037729071608499213
60798,-4.996083292463301,-7.475761384652467,0.9907681225034043,1.0367956305647432,216.13269933875983,0.18484707516762544,0.003772976242559408
60799,-5.737919802150121,-9.937826218308494,4.2361577193672275,1.1856550358775144,304.63640629352085,0.5389454980598654,0.003774572821868338
60800,-6.5237166686631465,-5.136228433385588,1.8463922300880269,1.0403645766071934,223.623914173605,0.4242029848285451,0.0037759923618473972
60801,-5.413350076920974,-10.14097886921459,4.065563585925731,1.615522668732861,343.5288693290339,0.513332670877884,0.0037760508212550895
60802,-4.750931826666686,-6.8977096167379175,3.0084548076551516,4.485505523422517,590.7730847182206,0.4764447438522792,0.00377671502740166
60803,-7.929364435773483,-10.251499553473089,0.9670683302655474,0.889291468057779,237.50144922296414,0.43671935079007174,0.0037776332900514684
60804,-7.215683844607467,-10.17389367010974,3.4275115716588975,0.6846390623370112,147.40101830131044,1.063605043900008,0.0037783630011782535
60805,-4.844344946867518,-7.1009163494113405,5.114490560133272,1.0499818593030752,281.45485275991393,0.5694097764533756,0.003778851146171438
60806,-3.2027963734543388,-10.834790381781636,3.6406355905480723,1.2316507037721787,280.4873097561373,0.23624933127790282,0.003779246652182294
60807,-5.492669130580002,-12.6181937015911,3.2398068224803125,0.8664056088122432,241.62419773453317,1.6114030729062891,0.003779509287133677
60808,-4.169843427500927,-7.01625260935975,4.424567628234388,0.9604234011467986,469.7043521088427,0.005516414446665507,0.0037796809601564965
60809,-6.171999383823284,-7.339251619902088,0.45058374311417126,1.4061175123105325,468.27126180862524,0.10396481217716502,0.0037798375116650873
60810,-3.1915071285233765,-7.1239248141681,2.3468279034143795,1.598832008589513,352.9363580332547,1.4752776296471746,0.0037799668234947273
60811,-6.033503605483617,-6.350290607641612,2.2847369560068103,1.815451150627742,433.1961114095058,0.0542076502282125,0.0037803110860173987
60812,-6.122063244629752,-11.261853743407029,3.516582766523205,1.0777655617542472,468.276668547204,0.350154515774153,0.003780340770154801
60813,-6.845532177251124,-12.032162027002641,3.051026477654462,1.1121705582137722,289.4552209183462,1.1453109870653018,0.0037803979147465524
60814,-4.8544001918359765,-6.851088494110453,3.2776531365299313,1.7528640079871174,415.40299801546365,0.08254204396931097,0.003782179199346546
60815,-7.250662524991483,-12.715539440706923,1.6908278200076232,0.8672513483315347,468.4054945365789,0.5385089613280476,0.0037822372707139932
60816,-2.666576659961488,-10.054531893740444,5.100517093866413,0.7269652721190317,160.23038275642708,0.6617189245258563,0.0037830205866348572
60817,-6.3057138906801935,-9.857965124613791,4.2735253453562425,2.631957054252118,451.39145909852635,0.5631531089429265,0.0037832736614949146
60818,-4.930000472263394,-12.387130299252183,3.237805869157883,1.5164045549333005,336.2179631461908,0.8257646216900403,0.0037833296903803737
60819,-2.629629046318316,-8.078977704989482,0.7744674825825979,1.8173131041608317,362.13390018696475,0.47493981711556277,0.003783931703761413
60820,-7.724347675226949,-11.178163455377248,0.7304428332089762,0.9439087295336781,247.27890080148063,0.5529457480414459,0.0037844910099166192
60821,-6.324251316972962,-5.650841802207498,3.0266146250943247,2.5617351300767104,462.8964436832846,2.0573242139769645,0.003785558515859624
60822,-5.057378892831771,-9.354550918597628,4.733214137651838,1.1231375594870094,229.58091428261423,0.6913866628208938,0.003785743915296998
60823,-6.108235166426031,-10.604974943879823,3.7892654741755374,0.9726124914241133,467.0106477489083,0.06815267036060035,0.003786525384094772
60824,-9.2341534598469,-7.1208966656996555,2.8840032899839674,1.730696855938979,411.980370964912,0.01585370739644798,0.0037869719941556277
60825,-3.560642234652195,-11.31955051432066,3.4133207980237117,0.944349208333926,187.4803135518423,0.052022004443235126,0.0037871271324221483
60826,-7.450198405991843,-12.95463424864255,0.38893241762942116,0.8834351407537976,467.62236872189,0.8890594696177789,0.0037878543641822913
60827,-3.9045491116374764,-10.382043421971668,3.840137205272037,0.8007082006770142,163.8838560686668,0.8926329487444997,0.003788717324305912
60828,-5.881275154880753,-6.481076424217748,4.266370452738235,1.8070527349117798,428.25663032010647,0.10405217232775055,0.00378890025859995
60829,-4.140126684124644,-9.457793911161332,4.581489342063797,1.2303827618708099,468.2171309904311,0.1392403610470616,0.0037891592296415894
60830,-9.370204497566366,-5.602362938693772,2.083281791262255,1.8471742254545738,442.9893482082945,0.2555469889604174,0.003789768135483208
60831,-4.0409621856332745,-11.49729635041864,3.3704597022657303,1.8609432982886533,447.7460424978887,0.2049142706890299,0.003790335706937984
60832,-4.473917531949969,-11.517602870441804,3.375391289683329,1.1235456388750305,468.1032174208414,0.7324899512718241,0.00379035523015106
60833,-6.366339559039098,-12.25866671419106,3.258027648690179,3.0716721557847464,198.2598443160217,0.41515172493858543,0.0037904600265750536
60834,-6.893731526569299,-12.853134987787275,2.8894175264606607,0.9586618584525424,469.6793527771464,0.05826965174821108,0.0037910916505554397
60835,-7.825803636805389,-10.7036535182764,0.8235700955466594,1.0195758407189088,466.45828928575094,0.6913297992275691,0.003791111146523353
60836,-4.59275438723736,-9.103667375311483,4.969040639871098,0.8004865475438708,166.98218766509788,0.25048422219278255,0.0037916901273012163
60837,-4.171599573863999,-7.042210061196288,4.550633307149424,1.3969955150193678,333.1331729965947,0.26326447644563356,0.0037926095008434394
60838,-6.5818171310037314,-5.317966513484198,1.096518426991484,0.9736602991868613,270.75946061229297,1.7335243119471526,0.0037931701027756493
60839,-6.333706978172504,-5.6505459762467405,2.6600785159652713,1.6433557805371068,361.9281333364622,1.3251643361975125,0.0037932649339903965
60840,-5.387220834927449,-7.2937173803323825,1.1027279861558927,1.60338820424766,368.0928808198669,0.12357219907486972,0.003794367681845533
60841,-8.865678670013931,-6.520692289510927,0.5522419421305228,1.0876641787101702,284.5882613284799,1.3207647303836287,0.003795685411437139
60842,-6.225719806111476,-6.519544558804849,1.4679896832140258,1.2496452513212661,223.00092184381353,0.06595763393690657,0.003797599271206522
60843,-3.037639188638704,-7.74404962700554,0.8344429869788468,1.2047535987914466,280.09296250773934,0.5089642431290748,0.0037982598325688346
60844,-6.50741976855163,-6.211987954421525,0.8498588454551729,1.7429290534268627,412.16019617663113,0.35485373307132306,0.0037991251596331474
60845,-6.874373739506162,-11.851154366915749,3.0585169333432187,0.9175388445983803,182.08012378019475,1.0509596606147174,0.0037991627680862934
60846,-2.3496790091058095,-11.005514589746063,2.3325631490450824,1.7608885775134302,418.26591043939146,0.45056933553929657,0.0037997636901595613
60847,-7.036367386549659,-12.66236071265645,2.7317244586689284,1.3721043268019624,321.0794562598398,1.1371436536712283,0.0038000081321254734
60848,-2.8602679936688977,-9.734479741321138,4.92278031001914,1.169452164665919,282.2735367031585,0.4709779902653173,0.0038000219809913934
60849,-8.713659727458055,-7.6418957343934135,0.5779645673743811,1.7650101844409531,462.3918806525664,0.9363831389949047,0.0038000267157243094
60850,-2.8357240888409683,-10.41748959093593,4.468880986364307,1.162401090773872,470.2682689952222,0.028325017843084943,0.0038001875949493663
60851,-9.200007750095047,-7.191519454639824,2.927594800143987,1.422782574135736,467.96752064464863,0.06426957874004202,0.003800422159248632
60852,-4.074618107371741,-7.00098161011445,2.871465532343114,1.2341831231530982,266.41646161162527,0.6969359625154068,0.0038009306375585174
60853,-4.969005156526853,-12.652571311893402,3.209606592767578,1.3178871391757783,212.2087566531371,0.10814590463854223,0.0038011798560702776
60854,-7.729373994565583,-10.644622268385085,1.1478475749480863,0.8750407523989497,456.72373078983344,0.7517620809535996,0.0038017737127699434
60855,-6.499831688250595,-5.0586280900698,2.043730496094968,0.8401854436902498,141.0496674139109,0.22016691033145452,0.0038026189428354406
60856,-2.579707135741165,-8.615020007002293,3.8812448666298747,0.9794714551807034,195.7538824282425,0.971877202402748,0.0038027235375047855
60857,-5.323156021190256,-6.818259519317177,4.495151407170149,0.8893332059494283,255.62916853300501,1.1790027431321564,0.003803032832716858
60858,-5.251140915096589,-6.748865234454398,3.2626928487396016,2.8260937964944564,267.92593701986107,0.15567491960431745,0.003803177177062071
60859,-3.4263808715567485,-11.476695579984005,3.3597502023693018,4.245441777479292,455.7756167298003,0.05135044611089867,0.0038034074092290295
60860,-7.38616397986984,-11.883813689626418,1.916904099754783,1.0429565807025802,215.80395530914774,0.7115678699514261,0.0038035084458252267
60861,-8.771467536663927,-8.258787364092445,1.0695542569653211,2.5196045779747713,454.84156951394516,1.278525113011323,0.003803558818695692
60862,-5.482548876914474,-6.739101958216373,2.5834630927549807,0.7550491103852824,152.22456688425123,0.4997255112177159,0.0038038579310461255
60863,-7.80859039221904,-9.575406086249375,2.8174535561177807,1.3644269605051578,296.51820240135487,0.7222553811448966,0.0038040627115607096
60864,-4.0201980431285325,-7.046793137843084,2.5540209315879285,0.6999607008272297,364.8245729713638,0.37769062771549056,0.0038043796796220454
60865,-3.2603100922628254,-10.386200599367525,3.8455419491260825,1.6811235005263434,467.300682704539,0.37108628095134133,0.003805618432258669
60866,-6.550875040381859,-5.39885882387319,1.52267220551368,1.7508332797083213,413.82768653811513,0.0222353355136935,0.0038057625126242923
60867,-7.516332140210137,-9.780753487177709,3.274392320382516,0.9556810387560555,258.7691063992401,1.1340884632074308,0.0038064617684275426
60868,-6.01693384445856,-11.23314850883051,3.524928241826328,0.8597580796725428,467.7211545500873,0.44939553589134995,0.003808803081597051
60869,-4.539129905024751,-7.175696554562187,1.9494351774078442,1.6059987790542214,370.3444871068163,0.12214933587222898,0.003809165780106456
60870,-8.279611940731511,-7.294533057755395,5.132472022285186,1.095492527495436,231.2860639547389,0.22466218133611537,0.0038097532278024227
60871,-6.4041955425784,-5.41049171682284,2.2874082356122294,1.0319915634701098,282.0898167202025,1.3093658083706847,0.0038115921967426854
60872,-7.337176398895724,-11.946756205202343,2.16972995254891,1.8709266215206166,467.8182144574022,0.07146432757952237,0.003811787343628247
60873,-5.708435382456763,-6.636567321341367,4.385863825404162,0.7997150173812724,158.58617351798372,0.15694227428212937,0.0038130796609340354
60874,-4.526567714154664,-6.913872172234047,3.7963208556522514,0.839546071126847,214.35028813940565,0.23706686612459382,0.0038132561911060747
60875,-7.34187043861447,-11.607732894055845,1.349814257425101,2.2858172150829956,435.93510083268893,1.93569072541153,0.0038135888552539338
60876,-4.287354833093597,-9.525081640422641,4.524568497959659,1.850927759534055,442.00044754510736,0.43878188772529025,0.003813795223615645
60877,-2.550882544632441,-12.762513730075652,4.549963773740453,0.6265612533572841,136.5871018277247,0.01991442369752594,0.0038139108551781976
60878,-3.5091872155177857,-9.427082713420061,4.599924675946877,1.7012463198844883,468.59184236131784,0.7677463350545137,0.003814340914814859
60879,-9.314358926139143,-6.558233912139333,3.177013227796225,1.8601637888813332,468.37636534192313,0.3418780355787492,0.0038145144282239513
60880,-4.53704695504658,-8.09942330133702,0.2898099605678505,1.071557226158375,224.5080593517666,0.9375552364373734,0.003814728371605653
60881,-6.362041382922136,-6.2241046050305435,4.9733023197024515,0.774381407888815,152.82269417247926,0.019370796076347396,0.003815208443544987
60882,-3.0694730290987735,-8.355851057651092,0.2186123053180288,0.8673329569974729,467.74568358323563,0.7966357028978353,0.0038152116532151684
60883,-6.074222601118317,-6.22173804341669,2.5872501622542794,0.9868949400133128,273.48580835325885,0.9493913858505421,0.0038156693179761457
60884,-3.3694074332980852,-12.01013230704557,3.2387072921084155,1.2057004634550863,306.9402047583424,0.576286652988788,0.00381572409324152
60885,-5.130598438218485,-7.675231654637041,0.6666753575350937,0.6084384524055155,164.9741612841737,0.39069138882096244,0.0038162303946595705
60886,-5.724978201872392,-6.580200129456209,4.104858695698712,1.3930342085444223,308.77606344770356,0.9868536508627326,0.0038167673680827943
60887,-6.578422919548942,-5.082613946382911,1.6021770948026672,0.7988122016513612,170.20135016470743,0.7850648902404647,0.0038173872034651525
60888,-7.753486501484664,-10.329541753491696,1.810292169521532,4.9392660010351594,548.9330792520549,0.12239110128961705,0.0038175503907657282
60889,-8.613821397539184,-6.72407590848379,4.919942303024992,1.454244355577351,346.1778894650731,0.2975487799134413,0.003817709604632031
60890,-9.125246520044866,-5.213160036532082,0.9189438710606586,1.739420585234652,410.0682919998233,0.3386140106474054,0.0038182011365132944
60891,-6.33685395230565,-9.63544333760954,4.4603442210942355,1.3195494877347762,294.97693722884856,0.699327441947573,0.003818220594792511
60892,-5.715290891883288,-9.835587136698994,4.3107085255694795,1.0819711947527935,466.9571890960382,0.7553391686341184,0.0038187004627690574
60893,-6.036931428241526,-6.265190804012336,3.8973932940578875,1.1103827179187247,291.9304123407351,1.0169836869320603,0.0038194274419537117
60894,-6.399291822593981,-5.416979518957771,2.3486225748334344,1.7808997989229591,423.438826745316,0.2653885472178148,0.003819955659869973
60895,-7.943601113056105,-9.185307035813498,3.027490109625736,1.0455470641788076,281.7014089659386,0.7460868159067475,0.003820098114018688
60896,-3.290998161143264,-7.051410431244898,4.286348478954219,0.7460326165234664,374.0484916400311,0.27017990712457784,0.003821368385770443
60897,-3.9271789304832865,-7.146030390943341,2.166914439482502,1.6553215945138313,361.9330734761282,1.6731900356000127,0.0038218276972491238
60898,-4.516483657181145,-12.593410772846326,3.1823921257245416,1.102729580405765,290.0920207265611,1.6650666371789393,0.0038221644143386284
60899,-8.677613293098588,-8.066872347353272,2.9950395294332295,11.469850300576864,802.4191913713036,0.2998843434683538,0.003822494746685642
60900,-6.381127796849114,-5.466528928729832,2.8351956288163938,0.9238956387499497,241.81313381458747,1.3041828180999344,0.003822613603310549
60901,-7.123001693864275,-12.797627169014415,1.461071340355538,12.226394724996958,767.286405486101,0.21301977774253267,0.0038227115834631445
60902,-2.749589430015207,-10.219775642241629,4.822654692036623,1.1523943090540787,297.2752383252728,0.7954639716555247,0.0038236014394625096
60903,-5.446583870318427,-6.681218930526295,3.3100030790903534,1.6440679808328778,385.91247176789574,0.29099941684641006,0.0038238699483079453
60904,-8.358367905900076,-9.018366748765159,1.6149122382137833,0.9543924170479621,251.1798053494496,0.19426185089592618,0.0038248700744503185
60905,-6.627028560099571,-5.493387829848287,0.8802772863310634,3.4227477847954857,521.5753956785339,0.5984709152643104,0.0038258248409833843
60906,-4.28272681746519,-6.963304874652006,2.988078885114109,1.8344467932974524,468.0360213230694,0.5428885545259234,0.003825939483021496
60907,-5.32897912847519,-7.309761934286605,1.1666841458776516,0.7421419674825989,165.69368426934003,0.10811751696341698,0.0038268585318016234
60908,-3.981096375591421,-11.114325578446497,3.4886223195621198,1.8843070941698787,467.89610172402087,0.044381551921806484,0.003827074406100753
60909,-7.344091729891716,-12.199148417982471,1.8495744704766595,0.7721176254790747,206.27259620338566,0.134260380179116,0.003829216925862477
60910,-4.286196387656482,-11.321726182127078,3.425484250157191,0.9504002856489038,268.4382053437597,0.5909307558310664,0.003830773419842313
60911,-7.368053761494208,-11.615324228618872,2.2302903464023296,1.0355724896923915,282.5990474278261,1.2183098595416082,0.00383083800529724
60912,-7.283945483064901,-12.925691112795048,1.8410885461358335,0.7541807622387635,249.8777556394406,0.26694267520861725,0.0038310267352676093
60913,-9.338566505721104,-6.292039674367821,3.1496159597292004,0.7923291604858022,468.57908418826906,0.14251966458777066,0.003831155972260456
60914,-6.750479150792582,-11.9734202641944,3.128318353072336,0.6758417426804808,204.82813927311366,1.3130917420458923,0.0038312664896436115
60915,-4.1063072043339846,-7.292923964681236,1.7570840508422823,1.8478158770832485,468.04036372095544,0.03313100820869774,0.0038320882695246643
60916,-2.9720964440511217,-7.27176807426389,2.823481350291742,1.0299959745013405,334.37149655746566,0.5602703994460905,0.003832839409104266
60917,-3.16579688343648,-10.947803544331704,3.6051250690755,1.7980739267217474,468.16408860922303,0.5842912327886269,0.003832925519975229
60918,-6.882730630763138,-11.215144963187004,3.2283559285325216,1.181794487835571,299.7468051016584,0.28203995939353543,0.003833135460798847
60919,-7.491894194396048,-12.295977165611957,0.9756582661188793,0.9232656774062776,250.41234501439754,1.1517369898748084,0.003833146837285513
60920,-6.771943648724296,-11.35304254865499,3.268059871777273,0.9948389332833203,262.7143913275458,1.5678188224765668,0.0038332916101042054
60921,-3.210116804579318,-11.590904306352538,3.3655181013883553,1.3235170897412618,291.034039673056,0.1355544497377874,0.003834147725543372
60922,-4.019868729242853,-9.699927633287496,4.349446087978068,1.288964917535609,468.5370932529241,0.045019697581170526,0.0038345071456787243
60923,-9.388297698209033,-5.805170688510454,2.2555206962315433,0.9119744058224398,176.07993373093316,0.015291721073901421,0.003834520497080199
60924,-4.459777162175143,-9.80523115340791,4.270253988405289,2.184867557194846,418.96368597097535,1.1245323165180432,0.003834831245635981
60925,-5.57958060267314,-6.638920361032932,2.942011637965992,1.8212888775612115,440.56563522093944,0.414850142161975,0.0038350127497290883
60926,-6.733971399633221,-5.108992682331557,4.840226638709404,0.7371310606674354,468.0257619350303,0.4418281698768389,0.003835644367982575
60927,-3.3386210950133446,-11.966853852203293,3.246595687767329,1.692076555660834,468.72116707519075,0.6458836818823448,0.0038358493467511743
60928,-3.7623836578444774,-7.283432280130631,1.8117559297208945,1.0304948133870147,135.4055046420513,0.3280336086371056,0.0038360159620533765
60929,-5.689083160812089,-9.513721691744845,4.604189453713106,1.076530896487541,285.9902207583055,1.9205806891467896,0.0038362490856744995
60930,-6.487618154404187,-12.415714149769629,3.192285735903966,1.8514176549985735,443.213735794561,0.45552966772769476,0.0038378371940729237
60931,-4.45701642039487,-12.94747214233565,3.145213854160859,4.137537265889241,403.846380484236,0.04936130457370691,0.0038384908073376867
60932,-5.194055759199258,-7.2569891631113865,1.4165713382354925,1.2302727880483464,468.0361886906302,0.4349612679834314,0.00383864260851786
60933,-7.51845705947489,-10.618472449884699,2.463186957804817,0.9495165865680053,265.1983873940881,1.7559390895759863,0.003839209640977001
60934,-4.617904323607984,-9.619226826736593,4.445726388173643,2.0844683591962943,415.1199324125765,2.203567228545297,0.003839237013544091
60935,-2.4936648649247033,-8.71518750562015,2.369772073758414,1.7418310102903176,412.183033359102,0.031124160782013632,0.003839420312951235
60936,-6.059613430183852,-6.371559672435052,4.4399101660364435,2.53372611429664,458.58788284157026,1.5669404424977502,0.0038404111642424974
60937,-6.361353308549204,-5.488932376322931,2.813379476103047,1.907059144811979,192.3924864247515,0.20009787701500237,0.0038412516695773094
60938,-8.962503063390422,-5.421468642210249,4.258573158689185,1.3724372950801331,300.3143837060781,0.897246577583295,0.0038414209707251564
60939,-3.4930218528437518,-8.430262140746056,0.029401122737328554,0.49044833668014703,130.11103875873124,0.659335856428334,0.0038417608700298126
60940,-6.191421623931259,-6.156464246747242,4.260114692092598,1.725166619092515,468.04146972133873,0.386631579906215,0.0038418462107228544
60941,-7.886642904200864,-9.973023801291767,1.8021538674579771,0.8079796356649569,368.3335491480606,0.25607388052008684,0.00384203237096936
60942,-4.21090008848817,-11.052377895538559,3.515645781773653,1.9099712382157592,372.43242988054925,0.5630849661558797,0.003842072734033992
60943,-7.217668217164158,-11.010845689764963,2.8927325791475855,1.517051767939537,347.818791142642,0.4337071310268694,0.003842342388812621
60944,-4.533379323526426,-7.880892840896939,0.5429315453932932,18.30546057298627,834.0820130322645,0.21347270520547745,0.003843661724199418
60945,-7.306905686583159,-10.877758079709587,2.7997203519918887,1.1323803464360345,127.30835246542955,0.34325659026048605,0.0038436723190107135
60946,-3.980533462930392,-7.0584397142037085,4.529698543585991,2.8320291668235362,486.3108121429143,1.7858768577117674,0.0038443645463725755
60947,-4.443625806644935,-12.777069411493555,3.162370353319224,1.6806693581875456,394.250990957894,0.4826182323942305,0.0038443719853849378
60948,-2.570083452517756,-8.181406549855001,1.6503290655875642,1.1234797850638965,467.64952913444506,0.5580166899499313,0.003844581936126298
60949,-6.873980186933553,-5.133717487153653,0.27620078884048815,0.7381374430163384,468.477883295847,0.25936731968917126,0.0038447064519115614
60950,-4.177459277555355,-9.925697174384545,4.161135524500957,1.8949381349966392,468.1930201647268,0.4318564347395304,0.003845253040627095
60951,-7.335869924039267,-9.430940566339036,3.943896367043325,1.8984048651794592,467.9287563361722,0.36659324346394406,0.0038467255646922674
60952,-7.367704029344543,-11.83617704043587,2.0785639445398254,1.1953144052720641,199.29458601634255,0.07216541551386069,0.0038471100661705937
60953,-4.563927518148439,-11.989512568234263,3.272674888023232,0.8391777169784223,162.47974254990442,0.1402151811547938,0.0038481120890477283
60954,-3.812191137489994,-11.21024756751888,3.444345953494532,6.667347842338382,292.41480391495634,0.35518518158992585,0.0038490558467489324
60955,-7.431103060978089,-7.6928817191811385,0.06095740970296475,1.6945664754268293,401.2655276244504,0.7733914965771751,0.0038490771860714267
60956,-4.614545414363883,-12.255277599526428,3.2277307558641812,0.9376075393976496,467.5336204994581,0.19112673621362664,0.0038493129336442493
60957,-3.756052302285674,-12.192773396676783,3.208978175003889,0.8645088015209842,233.03765131379996,1.129582036622791,0.003849429654799312
60958,-9.394095248567178,-6.055270296211976,2.718121535003016,0.9973547766261287,467.522978080008,0.355859866603371,0.0038496260808366153
60959,-5.144624758426293,-11.910277220829498,3.309318250279572,1.7058532187432571,402.0450764603392,0.23403255281772584,0.003850946256105532
60960,-6.206764761198643,-11.432701335065417,3.4462654537184143,1.60625438401794,468.09308052687663,0.7269809147593529,0.0038510707141060033
60961,-6.576868873618075,-10.980916995689773,3.505867937694546,1.2052943119684774,301.9172769722835,0.7007662883682189,0.0038515479134732223
60962,-3.8889590153762637,-12.765640937049033,3.1419600881845438,1.0430255618536102,470.3694135692917,0.048341042622658925,0.003852021174899991
60963,-4.570380922710452,-7.135229703492073,5.074997544339161,1.3114164593517526,322.35735054841285,0.43556332689155663,0.0038532615443610074
60964,-6.736481191723266,-6.459378568594819,0.27452836860272184,1.5374372416677893,350.34485360734163,0.2066861919175791,0.0038536374216437846
60965,-7.534043322920526,-8.626916395410365,4.656286224515056,0.9254944820102605,233.52686296645956,0.2479255935757143,0.00385377829450053
60966,-5.820096407387298,-6.561113976490317,2.395727506140943,0.960942445691671,467.86570257570213,0.3563914633527441,0.0038552589013509508
60967,-6.3893449122717865,-12.797932595733009,3.1802590104477786,0.9727923782054111,468.0912641169498,0.9313157464838016,0.0038554891880441507
60968,-9.008573177636055,-7.728583527624317,2.336300703945086,0.8257203062001862,206.77150678512075,0.6753622607537979,0.003855670485807041
60969,-4.692667199769728,-12.568432301313253,3.1942690860920773,0.9917555215820295,467.55601954790114,0.749390239962648,0.0038561860265677816
60970,-5.118355752067313,-9.06760762142916,5.031097429171509,1.071759827091838,213.90224456243715,0.7302741014754597,0.003856526597044303
60971,-4.3076696039768025,-9.350270569631418,4.685895152777597,1.118428600410945,434.20647372878346,0.561828027007218,0.003857003966515561
60972,-3.259859081144585,-9.602696621663721,4.443451310811316,0.7281020114594172,183.98525905615938,1.0088579780118385,0.0038573786467419584
60973,-7.112311982598385,-10.132562892053947,3.5808284432417947,1.8105218292689547,462.8759577308627,0.5154060957477649,0.003857770617662288
60974,-6.604450479095272,-5.4525413317703615,1.020935897215946,1.793487917407888,467.1469486630517,0.4121135069131254,0.0038591752771481662
60975,-6.094468004270217,-10.735011361311669,3.7175487795157927,0.7047796828038302,135.9643883730949,0.11034914526379236,0.0038593178815213005
60976,-5.241243668329574,-11.133124962524587,3.525631707204477,1.7148228154054248,404.09619234149153,0.34388214159508834,0.0038596681098339103
60977,-2.8227653345855472,-7.488082443010214,3.1002131078754904,1.1637144971498325,331.15075838457835,0.5370756089778963,0.003859838046716007
60978,-3.888000625791957,-11.13797542529929,3.47281346007761,1.7969231127389116,428.31111006935726,0.13489934963395367,0.0038598906499171643
60979,-6.531943788999769,-5.139310346040857,1.8366348368584828,1.0904562000884104,216.39141683578487,0.4609462570292928,0.0038600800364158583
60980,-3.2198791736867616,-7.38314757746358,1.6429869419935168,6.044517615185743,665.2560651250034,0.3300700578643774,0.00386031711833664
60981,-4.598567684574041,-7.109566520251363,2.0950263964539073,1.3361942088967493,326.9692884128689,0.2836879696730952,0.003861211053215817
60982,-6.093743507137747,-12.25261514195746,3.2834775350839607,0.7590442207683562,468.5484405426659,0.4742363829083116,0.0038616228628865633
60983,-2.4962985270351705,-11.880112720411637,4.447955179807335,2.469995716747724,455.04141625139914,2.3612322658162386,0.0038619417708537977
60984,-5.751115614520032,-12.906392480040918,3.2176878261885444,0.9531838122349032,469.90315574482605,0.0684490897329777,0.0038622703238475335
60985,-6.615053528233084,-5.201381962013053,1.3101012096984512,1.2435596169704246,312.74178277429735,1.2830050492786205,0.003862382569399176
60986,-4.693793441106653,-10.682001419981301,3.6885223239878098,2.73039084191536,455.7314125941426,0.31321406036262367,0.0038644249083485227
60987,-6.927604546238433,-11.968724575134688,2.9684234988208456,1.9100943768167868,468.33734869339776,0.5039403353819614,0.0038655402144740433
60988,-4.464457207414988,-7.047443102318199,2.407737149243837,2.862967375339195,488.9836173226393,1.782304184544345,0.003865747781999558
60989,-6.899144661633327,-12.748254398342171,2.8805023229603193,1.1615761167227872,468.0015879559763,0.3686414541644156,0.0038659692646636585
60990,-4.465525209038531,-7.055630241221803,2.370540543855325,0.5539452434706269,155.60693401885385,0.5306505041094658,0.0038668284329177733
60991,-7.085232151700907,-12.994157110515038,1.427265108207573,1.1010535342349372,288.6934806968711,1.0508383004312138,0.003867193256946578
60992,-2.898759375111588,-12.82193840681077,3.5983145994174643,1.669879500100447,355.8924480150313,1.0291784724876338,0.0038675503878266627
60993,-6.719737356316333,-11.053291618570379,3.402636038852149,1.1941438106816928,262.0216615607053,0.37791622268119607,0.0038676288484382065
60994,-3.270568815968784,-10.695416956929918,3.6674637809750705,2.443266990538944,451.5443366219589,2.0387236682591956,0.0038690014350720955
60995,-3.745169476872247,-7.050710746549404,2.6632729391628334,1.0194935419673832,279.05415278536503,1.709865295448993,0.0038700772381326538
60996,-6.270562403552559,-6.34219036143357,4.954625264247618,1.7802473732266297,424.51975806251147,0.7959921655175526,0.0038702270897872045
60997,-4.642545287519791,-10.267362335456689,3.929652117390705,1.6914669995409715,399.7514990957629,0.8936701734570915,0.0038713548582234667
60998,-7.324155229559305,-12.299841280976795,2.012697936432533,2.694619452213752,475.1791175189074,2.1242893338505775,0.003871514795993258
60999,-6.437988822412725,-5.174734221911394,3.2585311279372635,1.4060168445560801,320.8690334348148,0.633345612791473,0.003873132079056718
61000,-5.613531079362524,-6.6246369600277415,2.81846790969445,2.075680678764307,387.05691968118003,0.2475992230335402,0.0038732297520474596
61001,-7.234264453559943,-10.725169646292642,0.2440408198915825,1.21428982147946,309.8505676594764,0.518689077883054,0.0038741713169879954
61002,-5.316738353117477,-10.883675015842034,3.6302827820448105,1.618267741367993,378.48040109025,0.34329869608989316,0.0038747509090935623
61003,-5.382031700897263,-12.91532790055857,3.197861421577747,1.1299945487100085,243.5951560043604,0.38667962321230664,0.003875838034117617
61004,-5.878450164721427,-12.937969154660575,3.213217029628211,1.1267630611007091,296.43355701773413,0.5584295517085085,0.003875906884551669
61005,-5.21257170973262,-12.94938408166729,3.182838787679402,1.5722543896325585,360.4951076891383,0.15255140220574237,0.003877579204767107
61006,-8.545166202098072,-8.61334533163951,1.9151590706039234,1.1510590279421569,239.8237164806409,0.7430780433166211,0.0038784888332096343
61007,-6.214267838728413,-9.134210835008332,4.9894369469274915,1.2362394348223136,313.4998356413564,0.510779226869678,0.0038794521852388996
61008,-4.104371884315421,-12.599604881355006,3.1636863063146663,2.3600784405081763,444.6345886274441,2.46284711163971,0.003880054135042236
61009,-6.373929319732028,-6.726856727425253,0.7888939772195883,0.7857088067330329,470.1149905120844,0.18856155827190246,0.0038809903763606583
61010,-8.715393358566942,-5.80070298884069,4.802222665919666,1.0020077949082253,234.63328597204156,0.354276906723725,0.003881028306926168
61011,-7.479382490198064,-11.303787273369494,1.7978340977569578,1.8742872550220389,449.3845597215365,0.6442891214442685,0.003881313744046132
61012,-6.597984724768748,-5.016075224986067,1.1636694674169923,1.0998943166360744,224.38961875924744,0.8392706001559818,0.003882569916219595
61013,-6.00863116030135,-7.414966092657829,0.5377740669986321,1.587439438593209,352.3456632073549,1.4040948893228817,0.0038827229643000247
61014,-8.7690800761195,-8.245703006362536,1.0063387861420894,1.2323462536058216,266.2873855795201,0.25191196771171676,0.00388288594370164
61015,-5.187071681088688,-11.421299756052214,3.42933227167546,1.3627442316081764,295.58941098173915,0.599590688377817,0.0038828974788547932
61016,-4.675205607770923,-7.533923055822988,1.0048901775922174,0.9664823621359966,265.79161635281895,1.1259705984258996,0.003883394507330357
61017,-7.949840622041705,-9.375552250988349,2.677120958992784,1.3367594783265802,314.53714423040225,1.335115632449071,0.0038837814370756628
61018,-6.423982210072198,-5.698514015701225,1.9096414741538608,0.9721362069045709,255.92140882135197,0.4827120237782676,0.00388425616837258
61019,-8.030167954712951,-8.179897232356822,4.435929304194786,1.0471011931166962,284.0061215334267,0.7644916727077105,0.0038844481877399898
61020,-7.350634786091493,-12.117518096237351,1.8987929384192916,0.9475622930159184,201.21759222246789,0.26320394955260173,0.003884871677700639
61021,-6.533176386227752,-5.466829200838306,4.330003810694944,1.825218647490964,436.2850758319822,0.08946176299696518,0.003885669936953465
61022,-5.528120333004006,-9.325194062285828,4.781177356082149,1.7280331524044683,467.89990734705833,0.34168256087146354,0.0038861484472438703
61023,-6.2845952466004205,-5.758070301081415,3.0871825948314937,1.064830282943172,468.2371936155277,0.906527866101082,0.003886376731013478
61024,-7.552852258131301,-11.246606621235452,1.1408760130956261,1.12241551535362,148.77839058265076,0.2100124724202228,0.0038864715689010732
61025,-5.775216411076244,-7.700027622394549,0.3914742454812904,1.8204586383576384,468.05425220898076,0.40473586379518967,0.0038867140651798263
61026,-6.500591367685483,-6.278221793362117,0.8744190357534047,0.7657891937517546,179.0363073608503,0.8663155979264525,0.003886832070938387
61027,-5.013081273336573,-6.821372039993057,3.4096449550680212,1.2019853659885678,265.26021781264564,0.17950737307715947,0.0038873646546313564
61028,-8.410836013880635,-8.481916003490062,2.923538816724214,1.3550472280464756,315.589049528928,0.85226009287158,0.0038873784556517515
61029,-7.149048458954828,-12.964538067480762,1.5774840379849229,0.877478444784533,467.1347363759298,0.13244655051113874,0.003888066266239415
61030,-3.8529912919976637,-6.987696119262758,3.9337668253033775,1.8731885352490902,469.8502008947705,0.09190220198451815,0.00388853794143786
61031,-8.681489579041514,-8.083718661753664,2.921061763400249,1.3963089622866867,148.7181188789263,0.39058931342044634,0.0038892058008553857
61032,-6.470163349610829,-5.671506500718732,1.8144022507434088,1.0095733356305918,147.337853602296,0.2407185144300943,0.003889212429230276
61033,-4.78811524353162,-6.907137972565122,3.0386148265723123,1.3226889244019893,290.9758134789381,0.4716969182698021,0.0038892480735081493
61034,-6.2440879387764365,-6.0818738452753935,4.180874170860562,1.4703911287824678,462.5362469210573,0.7281519179629052,0.0038903065269659844
61035,-8.26038603687787,-9.042738387693944,2.1457178311978202,1.2577348089862432,299.5560545566646,0.16864250894591226,0.0038927353483441487
61036,-8.250331331389406,-8.70038060287207,2.9799026662318187,0.7080185331460765,155.82459055526624,0.17006820121017174,0.003893022333139045
61037,-5.993037843891416,-6.469020669776775,4.554568336101321,0.98128669942672,467.8691288423031,0.4346870586834335,0.003893680473805668
61038,-6.363746019479661,-10.083142284084957,4.069654959019799,1.6609673033284003,388.02772321873607,0.23554434681064595,0.0038939157589153355
61039,-5.650799286727983,-9.696103422805798,4.42429466457674,1.6143942120900105,376.9775206683973,0.17028143873362733,0.0038941823744394295
61040,-3.88560038459162,-10.532192991183662,3.741659105149962,1.8256568116825356,436.8904978380301,0.28460953916788867,0.0038946569095900203
61041,-9.315221436322883,-6.857802457299346,2.7671955084410187,1.4292468176979498,168.5328996108397,0.33487019881248337,0.0038947249248550953
61042,-7.224310822176377,-12.095828523742966,1.4783958817135467,0.4948434070642262,126.03695656877478,1.077460215294777,0.003896669402830745
61043,-8.938960947680725,-5.73294315421824,4.332474556019322,2.252084604086379,431.68704361778026,1.8464429869456174,0.003897189277740006
61044,-4.891707584026355,-6.987430059144877,2.4237204269045716,1.1356224345567756,467.2472234175872,0.44764489142456565,0.0038991310294229655
61045,-6.240339660721959,-6.665062365927852,1.0753989207053622,1.7004680223584665,401.273390032243,0.8949588125967507,0.003899502342035376
61046,-9.299214950742593,-6.199999680945093,3.3278906417381537,1.7327411446149037,364.42227826738184,0.805008590349293,0.003899564259120193
61047,-4.328743883137742,-11.752684296457051,3.302736475808631,1.4001674633538306,340.72075301348536,0.5673101400776916,0.003899948441149767
61048,-4.057720651679806,-11.678725804996226,3.3050437386786773,0.7009359062453936,411.8886358867817,0.38206102144214693,0.003899965058740665
61049,-9.276984417981263,-5.9241262635161,3.423988417189679,0.9076404720460663,231.21110049366268,0.13139878854702136,0.0039001331112081903
61050,-8.879313369791067,-5.019281265986449,4.399914706462863,1.8560480756576179,468.35141171455354,0.26231518938061527,0.003901493029141185
61051,-4.253036531065013,-9.856094979785915,4.214677467235936,0.895029869711957,220.20555292620747,1.0029769494214937,0.0039016636241749466
61052,-2.3909719513545085,-9.790243718370885,2.3016040770998187,1.7645386298660592,420.4583378895307,0.7676128030717164,0.0039019120396745622
61053,-4.252102095386782,-7.8599536868239746,0.5896046059068164,0.9869858870183499,467.8944136939081,0.44482993767995804,0.0039022027948358105
61054,-2.4418728204709925,-9.459914241989061,2.826618119998648,0.9283439560181723,256.75942539502137,1.2395807983744573,0.0039024445802157827
61055,-2.581516509558055,-8.708051951778916,4.062362722222491,1.4746888872813697,329.76953183155115,0.49601358024995346,0.0039031335845895365
61056,-2.822894095125992,-9.79804775355504,4.93971292970636,1.4049063967373063,468.67541327979467,0.564952483728395,0.003903355562742676
61057,-4.089161014462793,-11.875275709537844,3.262136665585516,4.5001595333100015,398.24196918869643,0.06259853460272158,0.003903597401764936
61058,-8.975705986412233,-6.6109513064009064,4.1928658242117205,1.3014476962325847,285.13799215794444,0.8646470769000798,0.0039038776434834597
61059,-7.157017654825269,-12.500337583771232,2.5146471448763656,1.1443177924399963,468.346749798836,0.5160642162008306,0.003903945231831963
61060,-3.7243875412317875,-9.033754600350541,5.003094278653272,2.7691964815792884,479.17361987148087,1.393238273393444,0.003903996074030844
61061,-3.3648671951944547,-6.999545960252005,3.239323201355495,0.8539028818186314,467.7112083907252,0.35098648995852866,0.003904514465775444
61062,-5.224115399122161,-6.823187823891144,2.709879541504536,0.9844342454843699,260.8275116526695,0.3819994668492166,0.003904972242471712
61063,-5.432821537439219,-6.769089585445489,2.5456318786283627,0.9694500114493712,156.27514203343443,0.2836155739059487,0.0039057505234075486
61064,-6.338611631809195,-5.941696579821934,4.245225157101667,0.8813344589656461,468.5196748984458,0.9114838570201895,0.0039059176515699014
61065,-6.348839365330895,-5.692507475304814,2.424266168543053,1.0899581044892148,453.2718858010148,0.16683403554760456,0.003906674199852513
61066,-5.613924123071181,-11.585943201808163,3.4045161772343575,1.4685716002943532,338.44010794239705,0.9431587064651286,0.003907080368779032
61067,-6.8532146440296735,-9.836242565106588,4.051116121286838,0.5980534310870108,176.8537015436552,0.9820694255702396,0.003907962935983968
61068,-2.753761518050996,-10.227708384834811,4.7875160187107255,0.9593229353719122,470.21842505632696,0.017061290694271314,0.003908911242883813
61069,-4.2337598434462445,-11.994163512083471,3.2482205329294866,1.135215812787047,468.41167150886474,0.6203625603724099,0.0039118522066377386
61070,-4.640973690939968,-11.965654958389594,3.2702004626268115,1.2432652472730785,261.47604317854046,0.2558487921717676,0.003912151096352648
61071,-7.490760713182355,-11.032427924364208,2.1532035145320334,1.0214737063085377,141.6875313539199,0.2774452869515649,0.0039128875147048554
61072,-9.37049969437544,-6.245606826594598,2.905950226114525,0.9807783558366128,261.90063117916486,0.3801962447153082,0.003912938542815037
61073,-3.442868195271849,-7.795794708299071,0.7279243084188811,1.3418555644365184,320.3218679531218,0.9105037774390938,0.003913419986636831
61074,-6.580533137273908,-10.579877930399702,3.686785718248776,1.1214750279432506,287.857831194407,1.4798249003842043,0.003913676655013974
61075,-2.9114001722157976,-10.201694957358177,4.405677965334129,1.491511531740783,341.63758425289546,0.29567167717869225,0.003913958532784447
61076,-7.611749703607227,-9.558103004561127,3.3143411793992668,1.6893637819912897,469.00338399479074,0.6381231885553236,0.003914369273389754
61077,-4.59172381660741,-7.846137202640123,0.5729638545107076,0.8149076426573114,470.2310269847213,0.05603733687458856,0.003914706653294616
61078,-8.908019699205976,-7.893475908328661,2.3827167036026817,1.1749604704509276,468.2861688809226,0.36636773954674506,0.0039150559872345655
61079,-3.092434717705922,-7.379690654061467,1.6602257078927947,0.5468911280175672,145.95693724932735,0.5384295696891757,0.003915068057851818
61080,-2.8952373593420315,-10.949998311980421,4.008306567958953,1.8980234293192064,468.2168691591997,0.25997331594703876,0.003915076300512268
61081,-6.114616625472579,-9.93811082497089,4.212971745785545,1.1824222819511625,302.23214129678513,0.48275892476857063,0.003915220755090801
61082,-5.107611108340876,-12.09049549866759,3.272884830211393,0.9487915712657227,467.4168704751601,0.43047395729480886,0.003915254757918457
61083,-5.046723055475631,-12.119768779952993,3.2559037933818873,0.7561456562640292,466.76376538060236,0.5214039500755971,0.003915609768863704
61084,-9.367842708005954,-6.49760438138288,2.38518115732679,1.6236789156730393,373.41738098330694,0.20055426334966686,0.003915626797128504
61085,-6.041162198618802,-9.388808011983995,4.722212713155209,0.7453569747502514,150.1253821387339,0.21454757540154556,0.003917952068841269
61086,-5.302895112861855,-12.272792614017202,3.2516361925602935,1.6923886686095815,400.4223404027559,0.7098551869626117,0.003917957876280923
61087,-5.28726087269156,-6.8983083623214885,2.294118378890125,0.9950080981599643,267.9134543871659,0.3735178588309296,0.003918229346076693
61088,-6.371914409664923,-5.7551312335396885,2.1031728812888413,1.0804227163271136,267.0040835876192,1.42210651959582,0.003919526013366241
61089,-6.435505136821691,-5.292906080552537,3.4977247051765197,1.287193907834571,298.5711080494445,0.1463342020284557,0.003919894831596607
61090,-3.099490643982258,-7.143124361325527,2.7165912547256577,1.0702161282537959,278.21257077849896,0.8698821174289284,0.003922882840534192
61091,-2.957437186130046,-7.4234226624213635,4.4799914992883485,0.8453946521738978,218.53563422610154,0.2167620522022622,0.003924249063093299
61092,-5.965831008967463,-6.466537343056777,2.3318164796018586,1.1482450465599567,145.8116211534164,0.3699669323221908,0.003924256803796887
61093,-4.228344663536584,-12.992303277656372,3.1178211750359672,1.6449114082935812,342.5923523734114,0.27975384227338385,0.0039252904067499095
61094,-6.393028889164255,-12.49096255970966,3.198726900073478,1.8949507142918698,467.528524871944,0.5239267379999308,0.003925864116407262
61095,-9.19864874472488,-6.356256105035599,1.608210246881388,1.0086087767641656,156.83353077772998,0.2543534081534071,0.003927281441408826
61096,-2.5453400952783554,-8.27131930686957,1.3609707400626643,2.713675211524423,186.76833625038665,0.3801823901105639,0.003927639093729811
61097,-2.229806575001901,-12.018594580343922,1.041275660315535,2.698766468453085,472.9965256764529,1.4696239393911847,0.003927737237744247
61098,-5.697797937899998,-6.824058257517995,5.062880599809052,1.0759913126260436,235.52579966796583,0.3196206665103132,0.003928347821264615
61099,-5.675591700751108,-7.656675050707321,0.5035410041696385,1.3642312172911886,331.1666568172014,0.2771055763601806,0.003929194623390639
61100,-6.94266510289534,-12.315132811563206,2.877179373308782,3.2265422170515086,501.06467366408765,0.4978170594416431,0.003930240363951029
61101,-3.346061350864641,-9.565624893207573,4.451415911098601,1.826826424343394,435.96407985015213,0.3694597248683351,0.003930317701367792
61102,-6.812880827194084,-12.18995898812915,3.0258992402199576,0.6481794241998808,199.97169763730494,0.488924996206074,0.003930397984887893
61103,-8.359876151267517,-5.949792747478146,0.24725880549058107,1.7650456499386695,418.1664772239423,0.06619203104328975,0.003930672652829303
61104,-3.2283723893055267,-10.10398081770554,4.032997242333216,1.031851498696765,464.5401008147506,0.13018318867471557,0.003930839548836649
61105,-7.58010085064336,-11.066655585400184,0.39269120819627407,4.024525879991414,367.24763078427,0.0773322155461349,0.003931562433047037
61106,-4.59203876031038,-6.939606480970141,2.9656179872794883,1.6011551637619383,370.1158462464697,0.06772740005250188,0.003932025776817444
61107,-5.301335148988135,-6.856034519410486,2.414232688196449,1.473029614254335,332.1812400303639,1.187210685144911,0.003934324540303237
61108,-7.256215715226994,-10.991941843139003,2.8172986334788184,1.068734019219774,468.3918853547793,0.5332913426576811,0.003935067453604022
61109,-3.5540199015582816,-7.008691087526587,4.01398719107704,0.7960247723552333,198.2122511915029,0.29745046145391907,0.003935134258223512
61110,-4.617170830073874,-9.604427965427803,4.447629318845962,1.3456245075884983,322.4114906375753,1.6148926574427849,0.003936024324781554
61111,-3.8100284913856246,-12.388862694689955,3.164881943310546,1.074888306911619,128.24644314628225,0.3551740983356817,0.003936310911489162
61112,-4.070727386101066,-12.613983509102027,3.145255805736749,1.3729437815413266,297.2197325218762,0.7830099689455174,0.003936684673399109
61113,-2.9780603721782093,-11.708086487739553,3.5852346539859465,1.0540210255099929,275.1359915073295,0.783337871762888,0.003937450036348966
61114,-5.250015618530967,-6.944523126237355,4.87710723220866,1.5554119773675728,356.48258294917804,0.33369789710089837,0.003937812245918497
61115,-6.467150019848253,-6.511637779573811,0.7949555025238406,1.500223526680708,427.35029069160214,0.45196126411920545,0.003940197314534751
61116,-4.334128515391599,-10.840143006988846,3.587738964334261,1.7772816260514208,421.15996638409075,0.5147742135513047,0.003940899514896646
61117,-5.6353184479546545,-7.625802380064102,0.5462936351516451,1.1276911129897502,466.9759869921869,0.6314085726467242,0.003941671373766893
61118,-7.088565670880771,-11.632813420787915,2.836337543920509,0.5009443071074239,116.80487316091713,0.5548280011101321,0.003942388061509395
61119,-2.433635880360539,-9.922760943013447,3.0643635778776632,1.1512323011653158,232.5137638304928,1.0449836544689477,0.003943121806589505
61120,-7.29182455269001,-12.3204434992406,1.7325670029146472,0.6641386329339054,133.99148838144544,1.0350850374399618,0.003943406713265764
61121,-6.3482125087759655,-5.564790920100025,2.9578915917226296,1.0290425297641608,275.02847551583193,1.3309173648421764,0.003943417285097601
61122,-6.937991288582757,-11.459898716085569,3.076598096081891,1.1354572390293476,297.151486563479,1.5724150479280805,0.003943690979641771
61123,-2.308368802300789,-9.69072675897305,1.4094673783622766,1.8213970428606823,435.93534380333745,0.45710318981557396,0.003943711126304126
61124,-5.043517428622645,-12.662737141274128,3.188917814204886,0.7471558773111424,221.03471120734108,0.25130241092825134,0.0039437558127134705
61125,-3.3299020023253645,-12.750418943929018,3.12927276551673,0.9041843577897095,469.7719535426784,0.19817969824409243,0.003943776603021566
61126,-2.4529275135983877,-10.91137142124597,4.028822388947789,1.8433178701464288,444.9409087184573,0.2641534514985482,0.003944069383754583
61127,-9.17949242893741,-7.336178094453444,2.496655537693037,0.6692560236332652,137.74677038148548,0.04879271955472664,0.00394455818930127
61128,-4.247882204292966,-7.037149802978155,2.6285459139889733,1.4573426694533667,467.8605602343905,0.12507966834297424,0.003944945688782443
61129,-2.7828459355852466,-7.611235796613603,2.0306270801004915,1.018667698912128,266.5061218726706,0.7136662274502337,0.003945300988393797
61130,-6.392938111141488,-11.649338461808588,3.341456694320512,1.0059267328688994,269.27213654965163,1.339635958840435,0.003945976968087641
61131,-9.394267767569128,-5.71669338440256,2.632704664443694,0.9302985907903917,469.2346063547596,0.1363679749404767,0.003946693346586877
61132,-2.9063440208510114,-7.412580647574427,3.7873267115427653,0.862955719994686,469.24633555012383,0.21147287565977635,0.003947028329736018
61133,-3.9640987300480903,-8.974054765059968,5.0677847361562085,1.2944166620922068,308.0545118387678,0.29941686357988484,0.00394707952961823
61134,-6.090495463786407,-6.9598393969766095,0.9773337629611955,0.647775713125422,145.20461685540994,0.15801864887781125,0.0039477941568622716
61135,-4.585605953812335,-9.674784211906665,4.379702613838519,1.7482941952345765,467.9870507947812,0.3621577005979528,0.003948000520997297
61136,-3.6301806790738587,-7.6883863268083354,0.8889457908505677,1.7615398644606135,417.6584699995763,0.16797903751154042,0.003948479627040363
61137,-6.964142145604528,-10.5597260364982,3.440655468337415,1.1680088408404827,237.52374260641707,0.6917541837403096,0.0039496473865814966
61138,-6.461082062007259,-11.859781099607861,3.274167965880611,1.3444653116317211,328.9394571163049,0.3000146832736377,0.003949730130970273
61139,-9.17727611246535,-6.150520462987363,1.4699059269631285,0.8490799851251445,468.79359502089324,0.22004365921001767,0.00394977823063509
61140,-3.522334868461887,-7.796150578370142,0.732462879697362,0.8486235306444965,129.59827245724742,0.30944189321313154,0.0039508310806545275
61141,-8.903962834600831,-7.069366927032004,4.058875015382716,0.856448995281844,186.93147034229466,0.31400633055637517,0.003951749585112187
61142,-2.351059565950968,-11.43420003377556,2.485359610308894,2.9703522578564563,498.0704527089806,1.8371575351366891,0.003951879603747997
61143,-3.1484619867317747,-10.428666075727584,3.873757642705144,1.1111540486471343,284.584499829113,1.533619934067561,0.00395210155877054
61144,-5.851562365253698,-11.51261663076754,3.424244194913934,0.9846169077572393,467.33607455302024,0.47559632588873413,0.003953937856480006
61145,-2.6490206068754674,-10.171920140471642,5.02235175799498,3.706571653925166,551.1977265532514,1.242032855250251,0.00395447792071539
61146,-4.18267262648383,-7.800199472536598,0.6795910173016728,0.91028207556451,420.27091254070365,0.011381694214350091,0.003954698303350578
61147,-7.2588964371348474,-12.058158354313449,1.568430626207625,1.8923213056390313,468.38082274864047,0.6217959786791614,0.0039549849526326645
61148,-4.878103819070593,-10.972446184111448,3.5578844261519182,1.838349809277605,467.507075340453,0.5958224494882858,0.003955835698409363
61149,-4.2729237542892395,-6.951585262007593,3.7048953109491602,0.9582933550767118,268.0552584351928,1.3245502029031266,0.003955975647474667
61150,-3.754612005532076,-10.05221254435854,4.039937399127039,1.3979047860113094,141.69753591017272,0.36876311936744965,0.003956796573366068
61151,-5.339645847543053,-12.895643237630258,3.178116494086557,1.2644157972984857,310.6569378973391,1.5264196105435461,0.003957222283738088
61152,-3.1987120758637557,-9.080461362425977,5.000276218841048,1.0580906557045304,282.4020959814734,1.411110812192157,0.003957317387906482
61153,-9.0628662255311,-7.628432170172984,1.895566611778287,1.1203883459414568,295.54756417516757,0.5359092580472353,0.003957792551290188
61154,-6.439205434398986,-10.708958369965417,3.6619855641795946,1.6516684363499565,468.19430326995183,0.10798763806079847,0.003959221505740713
61155,-2.537553620381516,-12.867611724049222,4.513395924233531,1.4649783786513393,468.6178438179193,0.6123762006289715,0.00395967331229723
61156,-4.047552311382116,-11.009906963673888,3.5060637086530844,3.3624901228939597,525.2798613809732,1.0976869804991454,0.003959717608333489
61157,-2.4026238518960783,-9.817453793768372,2.461684484043945,1.2714999024675995,266.50700612262494,0.1688648366596901,0.003961166761713733
61158,-4.579752945367225,-11.524311177237653,3.3514289289552015,1.1341926076558142,291.3157168230468,0.9336790907992238,0.003961175633851783
61159,-7.756142885309104,-8.992722002667012,3.7498401989465644,1.1567404938899832,468.128422322283,0.4988242823908573,0.003961185716206346
61160,-6.722787962752863,-12.229607443708321,3.080668258176277,0.9786533478255748,269.7852825665078,1.8722678775681088,0.003961794487460348
61161,-5.5979935908090415,-7.494976668192333,0.7398725574807931,1.8494085223419803,443.469471013972,0.31433082375826427,0.003962175785175956
61162,-6.770391138064742,-5.8406815317604455,0.44331507902308687,1.005519446664393,146.92119148789493,0.2423970051079145,0.003963285202069244
61163,-3.2822133808563736,-12.208213911939811,3.190484541590133,1.8239588021368198,380.6991947679368,1.398582354823942,0.003964627345602613
61164,-8.250124801201546,-8.87486642449338,2.5852811058225713,1.1084520997444052,468.03167852998985,0.3821680819544664,0.003964711003814164
61165,-5.126389674716094,-6.9741965241848956,4.8500321257461385,1.1055045261459275,467.5109164108267,0.9037717231941054,0.00396471650517572
61166,-3.7989675297183805,-7.989312202382988,0.47170724144323134,1.4805730760630507,344.9122033857911,0.3592559724299429,0.003965889025333764
61167,-3.2171874390485344,-9.959287839592283,4.148709570640252,0.898284645847738,177.5548848239179,0.09941444370512187,0.0039659217636588565
61168,-6.557283243667966,-5.423771459142672,1.56433986897416,0.8336201375433019,197.03233067967918,0.4247834317342294,0.003966437580747248
61169,-6.328306461667254,-9.226858859811731,4.860844873367545,1.278025919051562,296.4813016603636,0.6798667591158702,0.00396654027990858
61170,-3.910821581961984,-9.629339134249028,4.393995494922006,1.7697102235925273,469.27703681906223,0.014985945163117798,0.0039673487721311445
61171,-9.224183150795177,-6.085689782721725,1.6707510286364313,1.0741585290234286,224.9502586060428,0.95297230884655,0.003967354152955675
61172,-4.790185170433317,-12.25366371152363,3.2192612593832703,0.8351947097172767,228.67010091486046,1.1576748028696828,0.003967641316199681
61173,-6.617158915677094,-9.419321773525947,4.569777201888486,1.0159858615524064,198.43273197100336,0.12519099840428538,0.003968679436356933
61174,-5.739332161422329,-6.562074990439225,2.7803070151784364,1.4356868262575917,336.34315179902853,0.3125468424328366,0.003968842189112792
61175,-5.9516346136632965,-12.620516818361962,3.227598574920428,1.3892275981651625,309.7645371528292,0.1990328223788227,0.003970001694007746
61176,-4.390791424373017,-7.176117427756033,5.100152806778473,0.7423373663292424,434.30283983593876,0.4925093287420985,0.003970279900912809
61177,-3.764207860090922,-10.617772804712978,3.684705799535092,2.4494069215739085,445.0162977639435,1.0336934657918393,0.003971197642109999
61178,-3.195753143849175,-7.256041386630235,5.007051704657356,0.9732959486410919,205.8202440831073,0.26704904495546256,0.003971931065553925
61179,-7.902974629506415,-8.408330628001345,4.327468892782908,1.068722606222077,212.32467311139254,0.6481896275314805,0.0039719763432200985
61180,-5.64221989509873,-6.613901855796012,3.075399068567668,1.082116637684826,281.16706345486466,1.2322658140096072,0.0039727024379329415
61181,-6.534723962625781,-5.847640919715291,4.84491138299914,1.7677811204117182,418.32675836609855,0.49912660036781187,0.003972721440331891
61182,-8.505797510267302,-8.197181690469776,3.2470844888771904,7.886885644088743,584.3666097061752,0.051765877355043344,0.003973787879377644
61183,-6.129748344871172,-12.360952941673713,3.24967542413909,0.7569339430876268,199.68543715033923,0.2313920908867555,0.003975346965629544
61184,-8.413196193983014,-7.391521225908571,4.766849648566253,0.9555233323741358,464.7358023382394,0.25675269141721646,0.003976714439569127
61185,-4.762076113737588,-10.318658517509183,3.8896612452254686,1.0083661820151377,271.81324051973,1.8073538768220363,0.003976760103272338
61186,-6.100147948723826,-6.377556593036669,4.550947552982355,0.9325364747538639,467.61625575714453,0.4224375493736572,0.003976966638013169
61187,-9.390555800869986,-5.653420207617897,2.4498479444673764,1.513372753020231,340.98225005000353,0.9015025131279311,0.003977344418996244
61188,-8.17258011007007,-9.525171104514774,0.6985876027252532,2.3875231513454405,445.08025338321727,1.7769470051667158,0.00397920974789504
61189,-4.334942721123978,-12.024846871627366,3.228089444025343,1.3942568151494825,309.06032785237744,0.18967676744671813,0.00398003779302622
61190,-7.9060405889822505,-8.635467984776625,0.3633967868235176,1.0899824479738993,212.06416235858242,0.047981213627581454,0.003980139943359172
61191,-6.211802807465689,-5.981579641463574,2.955503944229431,1.0522191016221825,278.2795518014793,0.8876237812148569,0.003980577402861732
61192,-5.2915545670171795,-11.724628603686158,3.3366714709732963,1.6623475055432113,348.5281910045417,0.7937816994533593,0.003980837887805734
61193,-4.934226457217524,-9.633484976827408,4.4304946013795465,1.8441583241020618,468.58200843026924,0.8781970407872741,0.003981293678618888
61194,-6.403117150657631,-5.355477631343335,2.6782855850644376,0.7234953205761475,152.96585287692994,0.629977908573748,0.003983902542681085
61195,-2.891647632651443,-12.806459274149944,3.59788729520521,1.2062958656762952,305.1902991955794,0.5709446113772199,0.003983911338660736
61196,-7.50621075569217,-11.999299912273592,0.4152068186302217,1.8650820393167447,469.13563275436525,0.04416709846006217,0.003984065669295465
61197,-6.515351649275761,-12.968830750443187,3.1047666852296323,2.2621790277560767,433.57795263604,1.914813996997201,0.003985195358627077
61198,-6.032240358139896,-11.267874769046651,3.490145141442965,1.3399944859102428,291.5659540501826,0.5045732786555446,0.003985336107627454
61199,-7.199323603862974,-12.728446791441538,1.2440797191556328,0.6611366455564429,143.42148808631734,0.04644632251726666,0.003986681706917881
61200,-5.16778504951907,-11.15979745338981,3.4984235623726163,1.1681812471735458,246.2244495267739,0.9559065414326673,0.003987480006359483
61201,-4.333471969635031,-6.956532839701786,3.652201066904119,0.9907971409146898,252.50327723713633,0.33854285099095627,0.003987673475111148
61202,-6.445014437605202,-5.618826357468407,1.938807582457098,1.3931428413637883,327.1658615170518,0.3859357020576617,0.003987953702499464
61203,-6.457597245287353,-5.205188268158164,2.4998638155930304,8.336659229772687,570.863871319577,0.011762100102916229,0.003988556987483401
61204,-3.0598675139044023,-12.184865292319607,3.3594639746046484,0.8379674287923075,468.0848320546298,0.17825347568295768,0.003988573404372422
61205,-4.905336752908686,-6.8636501139687365,3.6391872397863647,1.2803538129113048,313.08294496338806,1.4278167399337933,0.003990047450101991
61206,-4.916129312012094,-7.004958329500792,2.2957348549430248,1.6226723033502741,376.16688273406004,0.13133166256699713,0.003990512633193767
61207,-6.2701712969896235,-10.94639095766921,0.023181938026002494,1.2497946110963432,309.9176160657716,1.861281779097859,0.00399081895633551
61208,-5.936239893076444,-10.190890807663132,4.022620814587199,0.841470601949594,217.0330207404,0.8531301104262274,0.0039910978405326685
61209,-8.916001266728903,-7.351867332890446,3.6689943411797663,1.8241387033537888,467.9077182707556,0.7614256772121069,0.003991337335747427
61210,-3.8405011481404028,-10.890211098284855,3.5511723523868683,1.1080021134397018,467.63635870369916,0.936216975876035,0.003992341592446689
61211,-4.586582386608809,-11.854915245146842,3.2766483356886438,0.5817939272203697,164.18791872619255,1.2554754252405758,0.0039926103072887974
61212,-6.430189871789128,-5.265588946948262,2.932341334867168,1.0782455950388348,468.1624938651772,0.32096481011798783,0.003992765982870308
61213,-6.139149328278267,-11.015477354023549,3.570790788851493,1.6165916712833313,467.02767702622236,0.3814185202184053,0.003992837990278487
61214,-9.218852972532458,-5.236211268057806,3.548674947457639,1.0256798233941726,268.0521312201648,1.2026744403048797,0.003993136543568759
61215,-6.679743621652337,-5.274734417102503,0.8517312709388029,1.8281988438361003,227.68504912069017,0.13082883967075265,0.003994067267551663
61216,-3.9140339369427686,-7.02675085746928,4.151664780574368,0.6703729858534663,148.1978844572434,0.44873051741239767,0.003994333318066465
61217,-3.632940659070865,-7.533686521135473,1.1800429976233726,1.0464626848521794,254.4193237301384,1.3570281030992017,0.003994579936607691
61218,-7.497524467011428,-10.120682718760653,2.947104864225315,1.1289736245409916,227.86182407990708,0.43067853838456127,0.00399505866862381
61219,-4.075656945145891,-9.40861684695642,4.607365234683969,0.6647546406476726,143.46587725995647,0.28044667637561105,0.003995221971095173
61220,-6.2198633630103295,-6.128471181587128,2.290320936644098,1.7769738224432479,422.0920012132973,0.10862544775697547,0.003995707601281617
61221,-3.6194505698039547,-8.142922985551914,0.3136402655530722,0.7006470837812192,215.06070460165265,0.7252541640449293,0.00399610289477027
61222,-6.548836424020226,-11.742559181970119,3.2606719816431573,1.165312225382814,240.8836907507469,0.14804135318952216,0.003996199008014503
61223,-6.379153356226075,-6.1077714067736615,4.760930107287089,1.0415794349599328,283.45212427284025,1.2402879398273914,0.003996471087052517
61224,-6.5796560377159174,-5.723250291574412,1.2386731824358397,1.1970065576996212,143.43967150876944,0.3677113696970471,0.003996870837475854
61225,-5.7704709334977515,-9.021303040159596,5.112353460888687,1.5935856378235254,376.79331740716583,0.385947120778793,0.003997410640762691
61226,-4.275873760987593,-10.814666284539623,3.5905732693209984,0.66599790591818,146.72537692315223,0.28819077977377283,0.0039975338941236884
61227,-9.177917462927626,-5.195693046123577,1.3617602420752408,1.827156851141153,468.2382567274378,0.7977131318946853,0.003997862554145773
61228,-4.208522422564354,-9.236789697160509,4.783560663064329,0.8419845934706292,470.44585767230035,0.22457498741574433,0.003997912080596328
61229,-5.689437226381624,-10.478671687054229,3.8356799532437416,1.3603963216924722,292.0244199323498,0.4233394533226251,0.003998052398822596
61230,-7.146221791885295,-10.552515893065895,3.23104099360676,0.9721526100479153,140.71419055404155,0.265412908996451,0.003998066734841105
61231,-8.25601004332026,-9.336254292021732,1.1756031721285285,0.617097167263162,126.6522933836219,0.3065144700914564,0.003998185885312767
61232,-7.510565933175431,-10.924378700423953,2.1543209435236954,1.0955992877000857,278.28407499989765,0.9509486341085625,0.00399909398103112
61233,-5.995911335867984,-7.430342640646619,0.5481182571974953,1.2578377616433272,209.3260190477128,0.026112643400919566,0.003999594913984909
61234,-6.811500624740647,-5.844599617778082,0.32497289000398,1.5513038225402034,468.48184681728486,0.9328841974467501,0.0040000995308306945
61235,-3.1635972753395594,-7.127176980189447,2.530273687201445,1.9444181050518234,388.40885698245137,0.6348885486959785,0.004000394751466684
61236,-5.342811307320131,-10.477715226076516,3.820921729409447,1.057359309288271,266.66253249323285,1.661181859695552,0.0040006531931292815
61237,-2.966020030257061,-9.394768110982358,4.994747480336975,0.8527316442955173,467.61301113984035,0.433443726599986,0.004000792172321854
61238,-6.248702831341586,-7.832467546710992,0.055458275798967185,1.210051161999056,467.1114375696026,0.25206144856334145,0.00400096753243885
61239,-2.475980258375338,-8.743220021526383,0.9341037837717474,0.8600223320799514,431.09807852660435,0.1920607168331383,0.004001114812879425
61240,-8.334917008175974,-8.027780934636041,4.02024252504117,0.7036300386242781,466.7670092895358,0.46585056245511414,0.004001216262707544
61241,-5.804999917044364,-8.99169275073988,5.146446085450714,1.9670976019900528,401.3926610164219,2.0277025650299363,0.004001229927621934
61242,-3.7210985428666827,-8.322555432396985,0.130316219104456,1.2113657766356187,468.72047489966025,0.24745960996746597,0.004002411878933759
61243,-8.876416294500679,-5.4218767756809205,4.420665304278092,1.0924316075289784,467.87944230692443,0.2952552573189928,0.004002475966321549
61244,-7.090917937102086,-11.324132176603895,2.9288928858569383,1.131054515383225,466.9698360111027,0.6317172649295548,0.004002998082047827
61245,-4.523461492571258,-7.125337274325816,4.976491261796049,1.8135123640129858,467.36935909710775,0.38707222349064896,0.004005369367910782
61246,-2.9265340992201025,-12.34819596690021,3.577039343554256,1.0678456866212458,286.3318911640096,0.7523859907748198,0.004005751648175392
61247,-5.7074174792602275,-7.017707480941158,1.5812054971022513,1.0665418246634923,254.7001470654997,0.8082144111819796,0.004005805523928273
61248,-6.912130040579591,-11.971318940318222,2.962018996935355,1.4097827437850998,162.7496585169976,0.28335999284586677,0.00400625796804263
61249,-5.442862008030524,-12.333921569820752,3.2342488934475147,0.8108164970030319,196.31923031997727,0.16619581682663753,0.00400657167789245
61250,-3.989334792315952,-7.167101072015286,4.955053553349335,1.1891460366270805,297.86394353987674,0.7827353136999271,0.0040074460414818505
61251,-8.298219632087825,-8.410552590656513,3.4090037789961967,0.9241134934846768,468.1225078542649,0.35087923556263334,0.0040078054021392235
61252,-5.640270111606193,-6.790890288213747,4.838420533840593,1.3556126265081678,322.11592256404,0.6129000084863545,0.004007991964282743
61253,-5.54382866498371,-7.170340445323856,1.3753426889201938,1.0573770840215533,464.1575693001045,0.7838623404215417,0.004008510888439861
61254,-5.678264447559593,-10.612170836289652,3.7600872102859286,1.8944992280946267,456.30667425502406,0.5548314880189311,0.004008991951319287
61255,-6.84412939366465,-12.060532412065545,3.007385165548854,1.8156462351423623,468.29842206396626,0.2878256179059626,0.004009566743389482
61256,-8.977876925810016,-7.293383810638682,0.846417592045794,0.975943738584136,260.14373610192513,0.9304190708843718,0.004010259280060425
61257,-7.996102352160861,-9.600904753270303,2.0405619870035077,1.6277831243082124,376.5295601693979,0.16785671329217777,0.004010582959197617
61258,-4.813824223293654,-6.931979717680223,2.768730823632768,1.856119995141492,468.2027413304558,0.34272518733508317,0.004010662166000618
61259,-9.328473713242992,-6.64913336729325,2.1465299522170573,1.2403838943469552,275.01217963018473,0.7177194122817712,0.004011188995195694
61260,-7.81401318166032,-10.176221415228385,1.4481140893864703,0.8518440161716573,210.51001495596958,0.3983546586680271,0.004011662236127631
61261,-7.340987003909616,-11.900126736071538,2.1002512681738237,1.8283667979007494,438.2038092724802,0.6072509458591488,0.00401250511059253
61262,-5.783244752374845,-12.872714964026551,3.1947571356075954,1.0066308671409017,249.70191658531618,0.8599779435770047,0.004012879427092928
61263,-2.6869857064921394,-7.970832612177451,3.69003965321903,1.2756715668774379,277.4175715426441,0.14604913548245957,0.004013291088804317
61264,-4.918096594880808,-6.855092531001917,3.437480045033687,1.386777243731504,330.0809502517892,1.1697761462471572,0.004014103936833587
61265,-3.9839784291311133,-7.009146417230738,4.090263303774257,1.875007540651551,470.0309917725911,0.15391451079796958,0.004015670717196679
61266,-2.5077597408408465,-11.017709515129523,4.574388827087852,4.4933075686185395,395.4021863942762,0.08309866582789294,0.004015984327332275
61267,-3.4452932738228856,-7.123258093164904,2.4585623389323286,1.3700986365051384,468.7309250874684,0.5705502346190761,0.004017180929964059
61268,-4.023781677201605,-7.374425122518688,1.5842934294697546,0.594898425328113,168.36070104729447,1.3157105579608395,0.004017788081565857
61269,-8.611808088225464,-5.789784959604398,4.978905595683867,1.3844393882180572,317.34169011116853,1.1160188009309815,0.00401885892447457
61270,-5.648254400373343,-12.504275390098014,3.2249600345264877,2.7867427676705416,480.69164175604703,1.3992686212170637,0.004018960889855026
61271,-6.3896915555489375,-6.99522898059381,0.5496411103231559,1.068597994956697,467.4408455099842,0.04438310990307226,0.004019490189144331
61272,-5.795497009179425,-12.93258583752149,3.1888718157597213,1.5155272021494677,343.1196030768646,1.4476309749775185,0.004020224227536243
61273,-8.82537410095642,-7.670775164935999,3.374719933298702,0.954762057726668,248.8797770335653,1.5458543981925024,0.004020737075973048
61274,-3.0937279459236873,-7.466755583099855,1.4643042760551517,0.8797278602678082,224.31114950689428,0.5775662707086866,0.0040214345269717925
61275,-2.873868845994231,-10.444767321491408,4.313390850516481,0.8471989281116696,469.48538372721475,0.1915727996828709,0.004021954165629976
61276,-3.4601962013113594,-12.728927270982139,3.113680718912143,2.573492218689145,448.7703857374037,0.6144247328691703,0.004022780117630515
61277,-5.297778324221424,-9.170841248160787,4.913110311013922,0.6905913915183862,156.21291939159198,0.5014101218943621,0.004022931332847886
61278,-6.397593843752841,-12.734913617145192,3.155471956952509,0.8877110041065466,247.11746262425453,1.112088732362034,0.004023857852558534
61279,-5.958718810276475,-10.921964764801512,3.612731228472619,1.2314178559762474,305.0919955807041,1.149979630626346,0.004023953752343141
61280,-8.082517703030343,-9.496386745614213,1.842174292183782,1.1508887349668957,299.91048604435366,1.7046493685912978,0.004024745009819334
61281,-6.479534561435045,-5.1070021146250815,3.2817089465021683,1.8661428894532537,467.80955751548703,0.3069290389864703,0.004026230467240614
61282,-3.59926805569407,-12.56345425626381,3.1326778955082317,0.9166959053300943,468.11929608019966,0.15003947725781774,0.004026322323655078
61283,-6.1872066694388055,-11.680860057729502,3.357274720766362,1.6052474703239987,352.80077734161983,1.3746848911155896,0.004026502494415752
61284,-6.157064735457016,-9.789498114878432,4.322552524632512,1.4662734340655508,343.00549596602235,0.3396112172415844,0.004026589136442727
61285,-7.325248104361922,-12.205835047378423,1.847703425724181,1.3201664659038115,299.9414851291407,0.8343156353391459,0.0040266635405520855
61286,-6.204474769996276,-6.161991977994206,4.213009591418121,1.8074565061748042,453.4752566404602,0.09775676411275303,0.0040300949452950615
61287,-4.972568080729315,-11.171583687886645,3.4775663866066426,1.323405565577194,296.27022679110956,0.12469297114586286,0.004030594558900537
61288,-5.866489751088995,-6.701850957403985,4.94567913532499,1.870689361229256,453.9374704506389,0.23447465215514907,0.004031587598894261
61289,-4.516842026746754,-7.08868599203485,4.77251758468325,0.7293976316119918,222.16404157378574,1.0560365387746318,0.004032424128709707
61290,-3.347782139954391,-7.0625608698885145,4.34085940692083,1.4670113838459347,467.5714896486663,0.5203857546772062,0.004032973361040929
61291,-7.565343261351085,-10.892875966998597,1.8677766314668507,1.8578517600857958,445.146598618857,0.28381581796580324,0.0040330010436121725
61292,-5.937726946161397,-7.536585392571703,0.4999267407966042,0.9361336754843903,467.5534854330421,0.5410799055755833,0.004033479736945056
61293,-6.016348497627755,-7.841973042596507,0.14992655324108514,1.0007882624310351,259.94111369448643,0.19684871899185463,0.004034322100062398
61294,-4.572490224571318,-10.228618856804005,3.926208819734873,1.268859304888153,297.8504655832001,0.15681665820642277,0.004034651248664183
61295,-2.753065900189041,-11.837378345648244,4.121800130687152,0.9762165783908029,258.753146865715,0.28001596206297474,0.004034694790703752
61296,-3.907843991502297,-9.786983695052061,4.247006155616872,1.442260402026131,467.8429990039034,0.9275994453471528,0.004034759260609903
61297,-5.510304716751856,-6.7117835769743985,4.137125215418547,0.9128915465639601,231.66444340819422,1.3284325508438384,0.0040348032585699415
61298,-4.816807573333782,-10.33696390132333,3.8665782387730068,1.6418977542831585,387.03411870908764,0.3899850268268281,0.004036304762439872
61299,-4.018923908654697,-12.727198425293325,3.1201749869908255,1.8956341968425552,390.1050735712014,1.49849111993798,0.004036378894614052
61300,-6.3736088145352685,-6.282653745559885,5.056913844492706,1.1659179175128258,467.7885806391433,0.49577118522543984,0.004036441929254576
61301,-6.705084519668665,-11.29851104184181,3.299067480599475,1.2880133912610432,280.7886577452671,0.06400608130536956,0.0040366573323086675
61302,-4.932267071659677,-8.301870495929936,0.08110431979581449,1.4083322021248676,338.2881512466396,0.5270366818439083,0.0040375364099003086
61303,-9.25306319181292,-7.117863190361689,2.489841889173656,1.129432431469892,293.02270659688725,1.883215204157895,0.004037903277068033
61304,-2.616005896051556,-10.452542330596636,4.92001825841823,1.635582073621549,383.42406084762956,0.5527344318620138,0.004039776932258727
61305,-6.344414646256716,-6.004877458063902,1.9425427026325406,1.0853450203137907,260.50370729868894,1.5437299515313567,0.0040400747052457015
61306,-3.4559439285277644,-9.191424569944193,4.812305735392659,0.670700550653484,163.308713484712,0.7864870890543587,0.004041810315573476
61307,-5.484065012308072,-9.80309166974125,4.299739670037987,1.189335049909286,468.4668220321216,0.584980530559295,0.004044676282993735
61308,-3.2768373613494983,-7.200247666948149,4.931967861759283,1.880199560775968,464.7020719407178,0.09301545184957671,0.00404628303832635
61309,-3.1575266076433586,-12.348665716922042,3.2208324334494485,1.463832885574323,333.36114314730776,0.9848202711776306,0.004046533397949458
61310,-6.222545063077797,-5.9915189163088725,2.621637264747707,1.9555822719984626,400.0595294505421,2.018393345509435,0.0040466098509884425
61311,-3.968929375713726,-10.953713550759392,3.5147803786902343,0.9013469191952821,467.8363339293728,0.6860211836115928,0.004046986903660836
61312,-2.8487263269605325,-10.2465797521802,4.513819287503535,3.4020992012619375,530.7574718566614,1.5087730321943207,0.004047590313785661
61313,-3.9522855279116413,-7.1110788211083635,4.682499615965732,1.8593227169069064,447.201619590453,0.3295080256010765,0.004048204218134617
61314,-3.6995620033085554,-10.122250862635124,3.979150503060778,1.186958731439818,303.4435594949737,0.5289525280742682,0.004048426608007228
61315,-6.446346776185964,-5.175743737788913,2.7526855022874686,0.9367847363389873,244.7265081935069,0.7927298745634372,0.004048444819160142
61316,-2.6063427429255537,-8.037970899278012,1.0379761762606323,0.8726566051979269,468.5113541972732,0.863935690132462,0.004048819520013855
61317,-5.365410292883624,-10.738930531543105,3.674949842228141,2.992505752153832,499.5055296937937,1.6932241424910686,0.004049970560679772
61318,-5.254550165367556,-11.253917490774008,3.456262806073137,1.276898799936079,273.44657738095555,0.1311599261979719,0.004051591096369749
61319,-4.384002159255068,-11.326106029977371,3.388204478824236,1.4619771917643787,429.56311200208523,0.2446845472616479,0.004051635334224339
61320,-2.5532004447867864,-8.579216610142582,3.3021963766296936,1.1480399152895604,287.31982006523174,1.0238823721309123,0.004052522208668285
61321,-4.914362052959923,-11.430149812338273,3.379340386712934,3.1003866792292847,505.70124986020306,1.1598620761888094,0.004052546130914478
61322,-9.19054016925158,-6.891368764710169,1.7122123552796247,3.4058819780384515,526.5268057972942,0.8792401106457843,0.004052682677231046
61323,-2.871112102063625,-7.4169013335431915,3.190864608875668,1.4888729936899012,340.7776948604562,1.5423759693119754,0.0040526972031076115
61324,-3.1735054424634903,-9.10071500157773,4.990411586099875,0.9097255328464893,257.06578012806415,0.4073250828724406,0.004054695736529742
61325,-6.601315163648039,-5.654812011703626,0.9554294887744081,0.928823299294685,258.42623372651997,1.527828628469579,0.00405523786678973
61326,-9.022618256746172,-5.982479697596968,4.128215245191193,5.155165513992725,630.4539096980205,0.5825258555987043,0.004055396595307939
61327,-5.271789618864813,-11.36685206521954,3.426695032756724,0.8284186825840756,164.22308156966687,0.49285266923605864,0.004055679932002633
61328,-6.765660130944644,-5.259344118847234,4.916031124562389,3.6515901758644818,540.7264287062369,0.6987507074751855,0.004055817804002962
61329,-5.731872967795688,-6.600257175784336,4.176756456568624,1.3804126063210196,266.6560120249863,0.4425631836667945,0.004056209813044953
61330,-6.580688948526101,-6.603467876762217,0.5169206427747592,0.808368331740309,190.65298695863092,0.6394961888406145,0.004058127029286831
61331,-4.789300942632605,-7.753252161081205,0.6867268805122897,1.8924571735888607,455.7695621045737,0.6054340791334072,0.004059354457661792
61332,-8.555466239966528,-6.70116648262876,5.008503028483509,0.6924229680200222,159.1840802087709,0.760364858488848,0.004059548964283553
61333,-6.634862798797309,-5.43228230979157,4.671881315109352,0.7123445088951367,211.40088737851752,1.162518888417666,0.00406052696628851
61334,-5.214108713514841,-12.221283090111763,3.2269612736244673,0.7358868333181717,435.4773855158511,0.28352664001579253,0.004061285816046627
61335,-4.685419104090791,-6.923129992738912,3.7004896831450536,2.008239828321292,404.4705353787433,1.6596237596816739,0.004062690896214596
61336,-7.297916471996718,-11.781415210188523,1.5583460535617322,0.9948827560551996,129.44178870602093,0.32011739247894067,0.004063072481798976
61337,-7.476100395476019,-7.207708894551683,0.035518369758865666,0.9733866392442926,254.8841263787057,0.8464135600024827,0.004064658119962243
61338,-7.214572677783924,-10.899455688909416,2.9196298075850056,0.8092033197209574,209.65928181811302,0.5858408989148627,0.004066643203456629
61339,-5.534292864814757,-7.539231558030292,0.7152241912967048,1.864691596327843,470.3225759853743,0.015468509115564189,0.004066659906301893
61340,-6.138112428304927,-10.289691511215736,3.939722797266034,2.165728948567571,414.9767537813853,0.9771672171402406,0.004068712556810569
61341,-3.5626167222948286,-8.075217444373841,0.38840496495203597,1.5579060128942843,379.9046104190992,0.45606139980289484,0.004068934650571873
61342,-8.799024278878523,-7.07687120528763,4.276210000825821,1.3186342242165492,468.89393368839006,0.9119773827619975,0.004069111361189531
61343,-7.451254375758081,-11.200449344983385,1.5797561635009942,1.8756889547688762,468.7180487475387,0.24689626340243453,0.004069809584997199
61344,-5.47974616992631,-10.904886995084142,3.603395158997739,1.8907498031722485,455.4976385117482,0.5330221527934249,0.004070949098115936
61345,-7.004221898760104,-11.380570020544479,3.009081282109533,0.9288481647671629,466.56698070640334,0.09052269680518688,0.004070963233027698
61346,-4.133753539403413,-7.501599205298485,1.277331792886033,0.7261474415150561,146.50861023025087,0.5102048591114512,0.004071953871379446
61347,-5.842080076181504,-6.604634672675273,4.482030453708832,2.3645018737128827,194.73787181893368,0.4008334097060331,0.004072104760146385
61348,-5.508826088113215,-6.76821641228089,4.449932579881435,1.3000696416025812,295.1450196310989,0.735309351250609,0.004073763698859597
61349,-6.582918307109232,-5.137751088077025,1.681144444063684,4.769550185503683,605.5177146910979,0.38102888230650755,0.004074705029587751
61350,-6.6569953057995255,-5.00778673224631,1.1898994321244616,1.2986588784479862,277.36982170168676,0.06635416133625416,0.004074796590213376
61351,-8.896071374568516,-7.278656015968431,3.816103657349739,1.2300318725921873,300.4444930305539,1.506047910917414,0.004074973059352568
61352,-5.905614787722348,-6.585111817238169,4.6381680751204435,1.2645435383848962,270.90385210155586,0.3120848245953498,0.00407593649798279
61353,-4.239007038520382,-10.102785440667603,4.004431074016082,1.1664858520848744,279.91454585577554,0.5308474789923645,0.004076118755868494
61354,-6.158485211000821,-7.5724263850485976,0.29525183106784175,1.4162470372002622,468.3305662372534,0.5100044549601277,0.004076229881973288
61355,-2.33920473542231,-9.990607687083212,1.8005328174348585,1.1366540629639574,295.73447957951777,1.3022809830380933,0.004076436326952032
61356,-4.455152891187167,-9.819977845478666,4.230458912058731,3.3519336628469127,525.571524865889,1.2405553298836312,0.0040775191025797025
61357,-2.902531486657641,-9.919406252001172,4.6254039575010895,0.9718310915624967,467.82564154795,0.6229801480437063,0.004078149005390276
61358,-5.735522049309734,-6.771326851457724,4.885505868467385,2.6361989608310634,443.0939533623368,0.19719366719717168,0.0040781531437170775
61359,-3.8288974371288464,-7.612867545365747,0.9997800990397814,0.7134715017433401,149.73323462360855,0.006458712673871325,0.004079267772724697
61360,-6.358003657074747,-5.71438125739368,3.7207867175020293,1.1895997377022287,291.1996391777669,1.3116790381784948,0.004079605352305491
61361,-7.137754186361777,-12.655882065956225,1.316614857063057,4.347706338165914,586.2698026078544,0.6519245638929538,0.004079980431093964
61362,-2.6866069155931447,-7.819086309908638,2.7333236623305237,0.8451716216136068,219.29021936681866,0.2590763937145786,0.0040801644764894285
61363,-5.041017571310319,-12.817728630338008,3.147125965892835,1.2492096895608094,285.36981570805705,0.42626972076701897,0.00408033587990089
61364,-5.298748488764883,-10.85150803581574,3.610853275311921,1.328718284637267,293.3988950282597,0.6152302064436093,0.00408071541316543
61365,-8.848454872911768,-7.960070150678732,2.469362221440439,3.2955974365431504,522.8929265574521,1.557121092750804,0.00408074591304521
61366,-6.728033673471359,-5.437628783381688,0.6642244232479897,0.8819487997347882,244.9097135070053,0.7439373398932609,0.004081448052744851
61367,-6.296169113721879,-12.154648373559414,3.240422001686235,1.6863617554314365,398.75185012940045,0.8954069525562165,0.004081488443230717
61368,-5.591042355266739,-6.664854860467816,4.055062196596826,2.0551182652078115,408.98913665846675,1.532348134245292,0.004081547264869271
61369,-2.5044196613545395,-10.279889598866124,0.28151462300568214,2.309633121581903,438.7663214513991,2.1078651392916887,0.004081559988058652
61370,-6.349290425774185,-5.7400097165926445,2.3095197048854845,1.270149794440058,269.2978756108574,0.021696508879605503,0.004084517546414803
61371,-5.73107289573406,-12.12298807929368,3.26863509246814,1.0813282216467375,215.75983245720118,0.05118888603593419,0.004085006203921431
61372,-4.839565944076388,-8.020294534239078,0.36055654173304064,0.8556345152328204,220.48674987916354,0.3675136170470008,0.004085733263149082
61373,-9.006561018157749,-5.5175544700660355,4.129132141470887,0.7504104523622181,143.50900011512363,0.1755173692095715,0.004085830008848133
61374,-6.653903884524567,-6.590782885666675,0.3890463327165313,1.0501910030632622,280.90967743995975,1.293508104253747,0.004086217850463261
61375,-4.831931904361752,-7.4101324275964675,1.2996990626466125,1.1685475805033625,237.78415219550286,0.011902614882434825,0.004086267288210054
61376,-8.778419103973706,-8.032607422069873,2.605912894870439,1.7825525827227646,378.9058035499272,1.6965117343678395,0.004086470224528666
61377,-9.360571966790674,-6.235010790187969,2.876403475204229,1.136660610960744,467.44836696145,0.3121223575826333,0.004088479463967632
61378,-5.609311538336602,-12.261594965183132,3.2412043511343063,1.451693312613333,468.5142707372214,0.8009552741987589,0.004089567029084306
61379,-3.4105892218562115,-7.761800963064121,0.7848859115930951,1.8131833727422186,433.5812243588627,0.09728407166007624,0.004089744073043465
61380,-7.784908903891244,-8.15221235323642,4.891768821615032,1.7576480947142663,468.63658713390635,0.19005417750147924,0.00408994039540297
61381,-6.654163704986329,-5.077046419675649,1.0137092672305867,3.098096698436108,507.36413568431965,1.5319545058165724,0.004090152367047427
61382,-6.550617884132086,-6.290748642193342,0.7729030553026267,1.4978680663479522,341.34726646207065,0.4000772936853032,0.004090174043378901
61383,-5.593756268606085,-6.756551942685974,4.56276099623446,0.9731389252549405,271.63441272369903,1.8482352270391447,0.004090432116865483
61384,-6.908394426686137,-5.12492416833863,0.2347609316306464,1.7705225650658185,468.3802839131103,0.5290039135555729,0.0040905630861451355
61385,-5.957989735905411,-10.287569706864765,3.9439811774606013,0.6493726916926279,132.30709660832105,0.33172353251053277,0.004091282383189774
61386,-4.428338877334708,-7.506119690573395,1.127693781129595,0.9224394182869496,152.88598516277258,0.20032819259579604,0.004091659699032159
61387,-5.9285928690926735,-6.563349417134309,4.6081383151702715,0.4896864515020858,124.83770156092382,0.8747924600286465,0.004092396899754184
61388,-6.960568037966959,-5.17068435303417,0.09650244471235328,4.602206372757657,596.2390228319613,0.3941391971371173,0.004092648328581118
61389,-4.2574181046778135,-7.063676304102269,2.5093319257837767,0.94997684589227,268.69572315922454,0.026409707258898685,0.004092693370679088
61390,-3.36382054843145,-7.848511765423368,0.6639209561939694,0.7990204351846935,200.19148604880417,0.6648007788157244,0.004092916963168258
61391,-4.736509011553033,-12.928605334534168,3.12190452371512,0.7675575381693115,167.00361649155474,0.2254470761507097,0.00409312877468438
61392,-3.3442847474963857,-7.274127981690906,5.183723778513569,1.3387391322008928,436.5563900029612,0.6557464182492838,0.004093379345613482
61393,-4.333336963628471,-11.006308146538556,3.5016325113114903,1.493605660390908,343.6735464683323,0.21223412571410005,0.004094284742045129
61394,-5.001314849880336,-10.867903788879538,3.585453576108709,0.865718356820863,240.70746598219117,0.9922619808485438,0.004094514784234202
61395,-2.7277505461835796,-12.604935811785928,4.057930502232538,1.1190856509168456,243.32638613437976,0.05125119193719563,0.0040950665431872795
61396,-4.114179098368185,-9.54196067842479,4.461731199638496,1.5030837151296208,170.55894613446156,0.24970229643138797,0.004095250338609163
61397,-9.366102023673637,-6.35217959780623,2.3324879854152707,1.0737707679972177,166.14768369031626,0.17194494599405186,0.004095937209874787
61398,-3.2978656869891285,-7.070281979998891,4.255015244370011,2.938817716727462,485.7698462796107,0.7714880251174341,0.004097834524166312
61399,-3.488893932780858,-12.565407795995798,3.118620202840055,1.8015786764483515,467.92185852331323,0.38921601536250794,0.004097992417657195
61400,-5.5425175784571605,-11.668565683845772,3.353362874374428,1.0490380945019733,214.63681452593212,0.21401237415638708,0.004098287117545101
61401,-2.9983177927693987,-7.380622916484791,1.9320858600007116,1.5352104657618124,352.8434320850337,0.7368205983351297,0.004098374927172063
61402,-6.355011043696696,-5.727505089131043,2.5679085356559597,1.06903121073703,468.1057709998414,0.3633113319872878,0.004098582467308253
61403,-7.638222317666683,-10.05983096011265,2.637317550399569,1.1187160130189646,288.2873036580852,0.4359165266025391,0.004101171374097441
61404,-4.478103797196179,-9.837892288215759,4.213542623433926,1.2666452356242741,273.17863210378977,0.08689345387439751,0.004101682761070757
61405,-9.153734767806064,-7.099191749188325,1.689061389974586,1.5414616997552935,351.73687376558576,0.21489423841997013,0.0041020140035700255
61406,-5.061330812249957,-6.9276749792778745,4.458756952341478,6.4896911593977,690.414823191516,0.46143389175172267,0.004102245346531244
61407,-6.511252687333663,-5.952124090090748,1.084683546677504,1.5221022497243824,310.3893939469645,0.34479291686353175,0.004102684713284887
61408,-2.6090700233245725,-8.368211326756391,0.5974205252667286,1.086548888561133,292.1304335692334,1.1308839491717864,0.004102927819206885
61409,-5.167988382344211,-12.027465561598401,3.2576028735444846,9.026859675588918,542.620627167351,0.03831540101077291,0.004103825022624345
61410,-4.65755600747856,-9.134074451205404,4.900802511827104,1.144649670274017,467.7152106051302,0.48752063529506806,0.00410484879057492
61411,-3.7293240052809464,-12.447897534736045,3.1347345612200783,2.7632929241205098,476.9247469581323,1.2115315619115234,0.004105476118305778
61412,-4.922254389186284,-12.931376420411082,3.1238844731628284,0.7802016269120314,173.07021313766225,0.292867381553088,0.004105534474269026
61413,-6.323636964252611,-5.924361368025097,2.1147305444070654,0.8894423146057928,468.0901454367468,0.725211900082658,0.0041058116889077425
61414,-4.608583003670531,-12.225065936707086,3.1864609001209585,1.0002210936986544,210.42969635943513,0.8345827820101617,0.0041059890220843335
61415,-5.701054166298686,-11.959938090160037,3.2955911898492487,1.3043232666724212,298.4857195529902,0.1374421619024746,0.0041063792699143585
61416,-6.350641963806502,-6.353022645460947,1.4879543506015152,0.9564651236976701,332.39539107285077,0.6693355792151001,0.0041064238801910204
61417,-8.537214012215937,-8.586641323878826,0.7300403833490735,0.5243622258637813,107.19560088736753,0.057111484575959715,0.004106912215496339
61418,-9.24817103321523,-6.183882135689881,3.4681854250146236,1.1732425818113061,468.1974484764063,0.7601088256894553,0.004107402621894894
61419,-7.382529267350676,-10.880702307138368,2.5802868057772077,10.247517164923885,464.0810516022226,0.16044831031829165,0.004108339355400788
61420,-6.744301244979285,-5.136500822364947,4.81063928549554,2.8863303101036486,489.26793897928644,1.438681221103388,0.004108470242635154
61421,-4.357260892388634,-9.76547222391979,4.269428717881192,0.7318608958624615,203.98311023663283,0.11263605474058469,0.004108581098414289
61422,-3.9353866539500206,-6.994898662651223,3.761487479762143,0.604534177831129,136.05953331944116,0.4278255872523147,0.004108954671587001
61423,-6.637572225387929,-5.597617847170484,0.9112759979262147,1.1177440212330323,279.62723989299104,1.5214841021846608,0.004109826617339677
61424,-4.319631049096083,-7.075729610275428,2.4661991154319343,1.8258795860637522,379.26995855988986,0.3402094645435323,0.0041105790762785725
61425,-5.338667848663378,-11.417893319706968,3.406905776623261,0.8607498917436373,170.82379398995946,0.08164870280981784,0.004112999978332746
61426,-3.7093389822725715,-10.951463026953714,3.508109265459435,0.9545330512829041,466.98857261500655,0.6161891392954741,0.004113056136754783
61427,-8.357071555394702,-9.008824624728746,1.5766391639530026,1.4513209278845136,467.8340485908375,0.05601112620036908,0.004113297720762453
61428,-4.232535297496836,-9.058804482356411,4.9656303514409945,1.215710814420523,305.3592910379708,1.2577075558873991,0.004113653991827744
61429,-6.384603281630338,-5.608842840043598,3.5570410604437637,1.2666176538022464,310.6408790084942,0.936333694350032,0.004114658138873669
61430,-7.2566693067602905,-9.893709636001947,3.5618135795622363,1.3935622414775206,334.37010168182314,1.0981824485659013,0.004114665462195066
61431,-4.798875120330582,-10.713042508823598,3.6438193275079604,0.5205768313829436,107.12918516233304,0.10772513023425301,0.004116305761096605
61432,-5.316319039766142,-6.960186742860419,4.94299867758837,0.8875382912698409,223.33146160050782,0.781544153866645,0.004116648088829798
61433,-2.4273170670389534,-11.739871110206485,3.681077204047666,1.4614866909608384,470.21407725659367,0.09412539822445254,0.004116666726086756
61434,-4.8046729025068,-6.891464336565883,3.368225733406587,2.1091738068655888,400.25726754268953,0.38965399104724163,0.004117532453276062
61435,-5.756076710515876,-8.034383662839858,0.12194575906070755,1.135760149519472,450.19752209018,0.3082769464586885,0.004117842823088599
61436,-5.24413138497528,-7.455151233513444,1.0000902198409798,1.0831522877121718,217.59962653564486,0.04279254192776971,0.004119651113969477
61437,-9.351830596786536,-6.550711513906402,2.3960910014612815,1.8543392979210935,462.09065075776664,0.42032137987232954,0.004119857394753221
61438,-5.693001337507312,-6.610244683798844,3.9156958712448997,0.6038558444593974,162.5316903653046,0.4999918964319443,0.0041198834255931245
61439,-6.441556034540889,-12.76675352878673,3.125468791581556,0.5965816603733316,161.3291689171077,0.6929432330819649,0.004119966750299367
61440,-5.613255199389254,-6.864368003793915,4.995811885490532,0.8539881284223508,468.18941383147893,0.07686252724166209,0.004120748935887042
61441,-4.997950804388261,-12.244161154029419,3.2083568761584242,1.6061077054923747,468.646153791029,0.08125411864707743,0.004121363667193021
61442,-2.305291926169362,-10.580090941920885,1.714440107027138,1.3822222671538857,467.63075137134797,0.24945200533836775,0.004121817192350558
61443,-5.152625741490118,-12.24431973549649,3.2117728248957214,1.1994016543407189,303.25700461263347,0.5936685832114295,0.004122302225558563
61444,-6.580055819401809,-5.3561813778872125,4.300357933544643,0.9857640493551973,273.24873809471654,1.1798550313582368,0.004122825227723873
61445,-5.517731088799406,-6.906519733087254,2.0509746065223555,1.0491013666829958,281.789709322207,1.33760751373383,0.004123676592880302
61446,-6.452414192630606,-5.277925614302659,2.804391448729806,1.5753420924843264,360.62941199938444,0.529497011078746,0.0041239667346168974
61447,-4.732789843139841,-7.4582155568891135,1.254759506363672,1.010435374225774,268.6271179103657,1.4923710652797082,0.004124102337563176
61448,-2.4278304001111826,-10.3129824067125,3.2059706415126166,1.6636627646257514,387.57276453640014,0.47380522580052986,0.004125761229490104
61449,-6.290302683289943,-10.938978414220662,3.567084218060359,1.0726320109336094,467.71004430089266,0.5575011228687172,0.004126257840401658
61450,-6.145197215349284,-7.4445697161427224,0.42904993559504573,0.9483530956925585,468.1832576455859,0.8820091492499245,0.004126695127512582
61451,-7.250410876208935,-9.429519715649532,4.02845383676311,1.304094483822225,467.70964013068345,0.08334232511831985,0.004127170368547701
61452,-5.292804193749641,-6.850445005789337,2.576591281010214,5.76760769189591,608.494951213102,0.1892548703749135,0.004127297911025488
61453,-7.219899164436249,-11.756161714993812,2.522104014027972,5.267273969484252,587.0340139874463,0.1980525774353037,0.004128873540892742
61454,-7.133049274677667,-9.121144696447596,4.51083586280319,1.5874370775466011,468.09339495792034,0.7903795067025401,0.004129892980813709
61455,-5.977036725176981,-7.393433894759983,0.6340921613490471,2.241483093333352,432.4200452647424,2.3820012117714766,0.0041311364830997135
61456,-2.571123893537621,-11.184187024084363,4.692848562216767,2.2121562700155923,414.05446804212403,0.7492975768225296,0.004131525646596838
61457,-3.117294497327144,-7.4479063424308665,1.5066944913756923,0.9896790560400532,268.09865485427105,1.063695480679443,0.004132087778408341
61458,-2.891877402808114,-10.493018469543642,4.212833343020236,3.269957474403897,517.6553668128107,1.0550305594217884,0.004132321638163582
61459,-4.883980959257988,-9.044374728596885,5.011011700527503,1.9050295189247897,467.25235029558723,0.5858760297669052,0.004132735874118249
61460,-4.468294830183735,-12.80233496820484,3.1147954776048117,0.9817682757664357,468.0827910698562,0.23820747722945246,0.004133239077566771
61461,-6.409179007027612,-5.769059735361082,4.149891324935219,1.4002804619265572,334.7374549876705,0.28277997489407714,0.004134727946244751
61462,-5.09192310204358,-11.226447581200407,3.4486628891313864,2.0549557661758406,408.21646348661113,1.487182877362721,0.0041359161407694455
61463,-3.5501267837385075,-10.644051785573161,3.6461301153180363,0.8558169023949007,197.86793513866135,0.8784623299988423,0.0041365104738512485
61464,-6.325897579676202,-7.586977539945767,0.1537941896824009,1.3037676071564985,168.06970403240663,0.15726394244033592,0.0041368140981806354
61465,-7.23064384571445,-12.622858529761992,1.7176940265154794,0.9404850695403781,467.34862647105547,0.7608964166767729,0.004137155961595743
61466,-8.690027108304152,-5.5527286938967775,4.791417902490522,0.9030592706785856,242.26500413788568,0.7166334381557613,0.004137188735091706
61467,-4.192824537297881,-9.851126149967595,4.190653004317387,1.8124538726806716,432.63028319356374,0.23129154231427673,0.004137662001345717
61468,-2.5027262962672427,-12.528675672703418,4.409540908528936,1.0123935741169687,273.7364540092596,1.8163836813410663,0.004137672860821629
61469,-3.0241865122509113,-12.299732825806158,3.368776416941537,1.7549161870065149,360.4110257556274,0.5112686370956263,0.004137973315995268
61470,-4.114374587882051,-6.988905426961228,3.249027527542051,1.6524320540631514,384.2825532727246,0.5503492874196931,0.004138222014296924
61471,-4.564525360507813,-7.582385856552147,0.980919529692288,2.4310560696509396,448.98575776004134,1.6844543522156963,0.004139298364856237
61472,-5.590960532003137,-6.7792944468043315,4.635746509879381,0.8172356530559481,467.6436205029967,0.07273093100560413,0.004139901972524661
61473,-2.779217826697903,-7.73217121225414,3.9272323404734433,0.5607964505611899,117.68951084152744,0.9220930071225881,0.004140316147898842
61474,-5.755068181360418,-9.111236089582693,4.995705777600285,1.1527504086069496,468.1098218547838,0.7901968945445272,0.0041403560684487245
61475,-6.518001023511589,-5.597532313902738,4.32727219640661,0.9632507042845173,468.1043110034827,0.7331704179920129,0.0041404478041673345
61476,-3.2276856279009305,-12.90152081672038,3.104279570770914,1.074443947328018,278.8405387567818,1.5742873876985204,0.00414071827932775
61477,-5.32970754127759,-6.774794907862294,3.8336626286156466,1.5547212951760148,380.01187641010995,0.8996704674471347,0.004141491945500693
61478,-3.8027298675377708,-7.026891709592191,2.951620403642485,1.5761214115969737,350.90290110577996,0.9795912386420289,0.004141658824406655
61479,-9.374965451861083,-5.213097275779661,2.3074915548515738,1.6392411463963996,351.18072978279423,0.7400181057670858,0.004142768637133072
61480,-7.298063939001252,-10.968397826941501,2.7137198774332756,6.541630769148504,603.8123709606925,0.14499044136646777,0.004143093844577141
61481,-4.312531610335448,-12.04148651383484,3.203395977241585,8.332167251904503,499.8808554379151,0.08126675860118393,0.004143726927658558
61482,-5.988640731561125,-9.630106272671016,4.46238784648995,3.088817072715617,507.63276094739234,1.8033612072095986,0.00414516102265864
61483,-9.11891111890403,-6.999437228199597,1.496699822387167,1.0618637963017141,466.7242710975928,0.5472637892087144,0.004145651781074017
61484,-6.7114669839858445,-5.372194897688279,0.760684044053126,15.443749381915312,418.86036321031696,0.2527805696902794,0.004146721272011387
61485,-7.327558843524359,-9.71488013535946,3.622688658477172,1.5361179003751255,352.60281635036193,0.8096011698038668,0.004147051713144749
61486,-3.4438493134536463,-7.054342662757861,2.8996003868715055,0.9642583024840725,256.3643976322414,1.3536169294926426,0.004147716419430186
61487,-7.362033382466301,-11.547621499381487,1.6062678170890747,1.886561085185953,468.5987785627547,0.5279880859901,0.00414834835672637
61488,-6.234204345586408,-10.459696511190677,3.812747207284225,1.089101361814776,467.412946844744,0.8022167607741357,0.004148652929140824
61489,-6.469323204600553,-7.1925865083301055,0.30912151808743166,1.8891098134371558,467.9012095709796,0.3761104901942831,0.0041503769379994514
61490,-7.060586811737819,-11.775999721990894,2.8004597216696885,1.2318071599441573,306.0258583096953,1.3822789081875246,0.004150378134325111
61491,-5.077697096083518,-6.846296348860681,3.1363960149758485,0.8269025732373918,199.00397889815773,0.4553892108303561,0.004151073773939454
61492,-4.1967035571089495,-12.405826254932531,3.1456242666713528,0.7973931510611117,228.71734026876746,0.18631561756948134,0.004151550408192584
61493,-4.22153411714393,-9.644769271463582,4.370776373861952,1.4630366074987307,332.6888876679223,0.6599238439344708,0.004151926440977583
61494,-2.645558627133008,-10.35438696079626,4.904398452991734,1.120396191704479,288.63695358496807,0.7895818745519465,0.004152120483667052
61495,-4.236738232607018,-8.857723563948387,5.175396074793143,1.6575328917790524,388.31401472991416,0.5919769975557028,0.004152311612845025
61496,-4.041945887362502,-7.15553632466818,4.869157822009171,3.0700394803227997,505.2130605244117,1.514674319501487,0.004152596842949796
61497,-5.696068477504811,-6.641151277888579,4.22553062680552,0.8804627345119467,199.1847099893228,1.117248990162369,0.004152871221565843
61498,-4.753021790116349,-8.87035805699475,5.185082955187334,4.261104922210116,323.4423987952336,0.16055375918027348,0.004154364304300279
61499,-3.091506806265749,-7.168177637071161,3.277509462393373,0.5175218885025994,109.01634035426142,0.18976087881839998,0.004156678530502238
61500,-3.4696949450973555,-7.077767970127277,4.350556184474413,1.3584279808926432,308.11760595452625,0.3267728218621535,0.004157515817895712
61501,-3.2063769872224714,-7.258060283955251,4.983851330675379,0.8586616040720343,467.47098754962224,0.6094829512379496,0.004158585540881874
61502,-9.247338859059038,-6.947782509647316,1.9224574397641498,1.3945532420938185,165.4925234037424,0.24379237056185055,0.004158893906037976
61503,-3.3465637554807612,-7.9795143976221405,0.5084007696370175,1.133512817101088,456.3211537938312,0.6313616422217603,0.004159326226145322
61504,-5.207984434339053,-12.058431688749982,3.245054233905474,1.7474515811947653,468.38537584694905,0.34057584439569233,0.00415941686085919
61505,-5.281159833722951,-7.6846778909388975,0.6437772159109559,1.0715830721044974,227.2870557792925,0.3382075029152025,0.004160130708657156
61506,-6.795284314591727,-6.304904250812952,0.2710987416121957,0.7098000796972918,141.00829624316947,0.22911663847065356,0.004160423381780885
61507,-5.422026603037687,-12.087164191845835,3.24518542284855,1.8770343720986569,452.27451984464705,0.15508027564357896,0.004161754930748773
61508,-3.6290515025594114,-7.061510025957189,4.279203088906141,1.2746307770797425,132.8478408261466,0.34466426992023447,0.004162861567839553
61509,-5.469464306666627,-8.270290925920794,0.006714679289769078,6.1350175933350934,338.4631659443493,0.22860675797425767,0.004163139368854426
61510,-4.825126529660722,-12.504802685710386,3.1514724278328408,1.5908302433099455,365.5706522379454,0.5138009086339883,0.004163387728449266
61511,-6.277449055297906,-5.9625532125848775,3.744905265074975,0.7832571057513972,148.26163886551436,0.16733872535798788,0.004163506591041642
61512,-7.588591621497242,-10.57904836269299,2.18305882176111,1.8547680477442234,467.2265814929524,0.33376617504937567,0.00416438760104366
61513,-7.657118451017219,-10.596471886260225,1.312419302478646,0.5406179584157106,116.19720030445824,0.8700875381305355,0.004164730670375964
61514,-3.6308822891314776,-10.686409470505218,3.6156231955867337,1.2030910838713496,308.9662278542044,0.5529946096061318,0.004164735575072837
61515,-5.693408186334367,-9.454594072403763,4.625981437142535,1.29902535182942,290.1805849203351,1.023423758609181,0.004165026533276679
61516,-2.765395119010325,-8.097549871800691,4.901268221245181,1.4957165043916565,338.4610503513462,0.7328273506880931,0.004165363972992495
61517,-4.300007122249009,-10.56100681578354,3.6974768895870658,0.7405661746439496,183.1430792590862,0.1481166932024447,0.004166048310452762
61518,-5.800452109463964,-11.089126919628296,3.528313943873097,1.326178428770469,317.59441734493856,0.48700275555148664,0.004166295363963129
61519,-3.4334730789263146,-12.353876697124203,3.1330995947917364,1.084723384700518,468.03486872489736,0.8345648981452962,0.004166571809442955
61520,-4.884721578215179,-7.025614172618487,2.3139172582976015,1.1551517177193906,306.2553000613166,0.8196764652174027,0.004166979689752852
61521,-4.7029228727394905,-10.859764053008231,3.5695389908305684,1.5871590242151292,468.0392493923083,0.5784261949297331,0.004167596030497928
61522,-3.5316631115033283,-10.43622855350669,3.757077517918944,0.8570397698476244,466.7925952310383,0.17061546379344783,0.004169116304817217
61523,-6.173727712474715,-6.290139582923578,4.418816387697829,3.5462953607177643,538.4554698555615,1.061856598669249,0.004169598435956588
61524,-3.308787326725354,-7.118991864232448,4.577169473338474,1.2388329364371413,309.4079279229492,0.8572106534533575,0.0041697186894475114
61525,-9.282850167946348,-5.86556036940385,3.3180052925982415,0.6892024458459631,187.68048753254257,1.0241484828630485,0.004170812762794774
61526,-4.154726133533004,-6.986083110880151,3.259369135947513,1.118832987133175,271.1763160761311,1.0407876638147036,0.00417207975403767
61527,-6.35943536774653,-12.28242553862972,3.1955826111938177,1.1333063987025656,230.6418283188418,0.7560669001631899,0.004172816673863455
61528,-2.7492987218779996,-7.760762424737051,3.4311710192387044,0.8621907600804924,180.44946414323016,0.9100697785884302,0.004173483128191381
61529,-3.11066780042336,-10.723043648779214,3.719036229667044,1.4494445018710314,468.3095981063894,0.0713989491350917,0.004173862986093613
61530,-4.698217634935825,-11.11592568562808,3.4587881968845915,0.7098272946885427,188.6868841053057,1.1631979844096918,0.00417388509636325
61531,-6.564641264554059,-5.738090883209576,4.732292027033249,1.7936253811417902,366.3725781353932,0.47431981677208057,0.004174672596061461
61532,-4.11822114147536,-11.448342431241038,3.3319349118862793,4.878358435317157,617.7425940281777,0.7155292438097982,0.004176994849892308
61533,-6.41255837147709,-6.470334851639292,0.974817595196626,1.1021023877481995,467.9933876902819,0.8291725968394301,0.004177421428132287
61534,-4.634691391044781,-7.205210257631975,5.1784806530845815,0.8609079594971254,203.68279404051225,0.6797888597738933,0.004178398448372054
61535,-3.745796210823772,-12.3661174296067,3.13365795427307,1.2511644672722917,468.89084997235733,0.9105980677940266,0.004179578804204888
61536,-8.546350539774606,-7.081055804773732,4.785642820752371,1.694942478264399,467.9639214353021,0.5420278642582224,0.0041795917838395435
61537,-4.437615294350607,-7.119543882075593,4.856885293454197,1.848331656257581,466.8542073099599,0.08835414685049336,0.004179998098784073
61538,-4.412380642841439,-9.338528617848382,4.6639813910745405,0.9124537532011582,181.99343630082444,0.164896076011666,0.00418009887914607
61539,-7.401775805142512,-11.583578869457698,1.8092240484448545,0.6883015083991533,454.05789710206864,0.3794835559495384,0.004180222201733264
61540,-6.588808279608371,-9.688638586480375,4.296864430048806,0.9807115174733545,468.39053557541024,0.32619581088706795,0.004180996131321602
61541,-7.364425372555747,-10.702021844518512,2.7331861014597347,1.0654536838183544,468.34110981128305,0.029600664139659116,0.004181302911500866
61542,-5.88222748597132,-6.672739768798167,4.840069836433879,0.7633581368010304,172.19707899088004,0.715801823793365,0.004181643274700212
61543,-3.488973437841766,-7.114099220037593,2.4864308825514962,1.885872090099855,469.9834918813892,0.09675414192981702,0.004181935525305919
61544,-6.150411758641652,-6.869371483123412,1.0474578680285331,1.054923961389884,281.2749243294828,1.4637707146283114,0.004182783304220546
61545,-7.518221629427671,-10.633124138840301,2.3796912808022026,0.8333346651824993,215.22614900943302,1.392557441978119,0.0041829265800303935
61546,-5.765213203821318,-10.41194939725208,3.8532204072787013,1.9999950068814327,401.43696100895215,1.4063025622390937,0.004183736076982321
61547,-5.256568026821727,-6.801157665357469,3.342566476044375,1.0040424543102797,267.9497049504342,1.3153576300047654,0.004183854623442223
61548,-6.511597913025323,-5.446813320312975,4.10507592430332,1.203127464449486,291.62856796414417,0.16740313115366323,0.004183931143660623
61549,-4.557003065240207,-7.098532274192699,2.2528195129257322,1.9055226600931365,462.0433167324115,0.4922435921038604,0.004184387922595434
61550,-3.7745345815239553,-7.033084706972507,2.9392169186064794,1.6595387764453784,385.5701379646333,0.1525528568012584,0.004184933174193602
61551,-6.427956991943445,-5.31073523829118,2.7539020532871783,1.6979522510191563,468.0248078633934,0.3792967545243888,0.004185163661895099
61552,-9.199185985058948,-6.798067056466655,1.7254839791663714,0.9443553054171879,246.8248455998633,1.5225667576165005,0.004186163183093019
61553,-3.065859619491075,-11.19868030174295,3.559117959302145,1.3442893906338793,327.8038090037443,0.34341203527321174,0.004186223745951006
61554,-5.467027945324204,-6.739869585439531,4.080747540246646,0.8113601112100723,469.3199713449978,0.16406796766422183,0.004186519554918515
61555,-6.209226906825307,-9.682649014056596,4.394648758342849,1.1792438698197445,467.7647482643598,0.2815068393067435,0.004189166501988929
61556,-2.4585433730088626,-11.769462673824592,4.117706923807438,1.8647565334321252,466.76487124938694,0.08608561178612373,0.004189177675548142
61557,-9.053499971781898,-7.262232310131659,3.3486429574219887,0.5509915883727449,115.01219428550155,0.5973079045935714,0.004189819529195717
61558,-5.70554166145292,-6.603646380873848,2.8154965096266866,1.3181101305837573,325.17961624317905,0.35797502435241135,0.004189877582719027
61559,-6.015082318573917,-9.95697487510742,4.170957118015623,1.7578335842980843,423.7869262498928,0.6991250269014158,0.004190701130253259
61560,-4.636656367819402,-7.140049230682696,5.017098657727499,1.0921262713384252,282.3056618138761,1.0312493158111158,0.004191256733403047
61561,-3.3090157695468267,-11.84941286133138,3.2214598034111472,0.7158602303304941,468.23755430114534,0.3567143054340507,0.0041914136877431885
61562,-3.495664486171827,-7.466202715172094,1.4446058622240268,0.8003708252212125,468.935490408332,0.04275537422835196,0.004192902401225906
61563,-7.168860379933751,-9.450558458701018,4.0972833032543665,0.7952688675451839,468.62980367997494,0.2545079498211358,0.004193516954047697
61564,-6.292992442947298,-6.454692968702888,5.179180251943538,1.282351085938248,317.4996634188869,0.3163075811446463,0.00419411097073929
61565,-4.580578818817239,-6.944443164779168,3.1918389197977066,1.6369176051570793,317.69781127526807,0.34877019443899737,0.0041944545916764026
61566,-8.902685866609982,-7.881910440494693,1.4334675302041553,0.887046137470907,469.49721989222274,0.1790654461088259,0.004196506529522051
61567,-4.519007948274943,-12.375563954144713,3.1445868250274933,1.0047793125442934,162.52312458248178,0.1487075507392337,0.004197261853613225
61568,-6.357111168460733,-7.185118454250178,0.4650908821801871,1.6593960884636785,353.831518311039,0.7037571190602012,0.00419739987422921
61569,-6.880238795692193,-12.744937438556587,2.843292307635781,0.9017752709524304,250.2430887490166,0.8675877022164054,0.004197844459483971
61570,-6.370431238906258,-6.2431695575335135,1.553659073363639,0.502618203084027,126.74745130075262,0.679224679411937,0.004198190899623209
61571,-5.429194647955031,-12.80168691713973,3.152103815660118,1.2094506122396524,467.68435180746377,0.5850007047094055,0.004199144432326979
61572,-5.805102541416568,-10.945905018084597,3.5800525727928836,1.104265124403473,392.2306437021307,0.17329856511347597,0.0041997049038077095
61573,-6.069670382742437,-6.357653983695805,2.350947179853247,1.2144656500937703,468.0713020114244,0.7146151612089211,0.0042002641518584394
61574,-9.25578289404721,-5.372901914570279,3.3887127089121125,1.6352455502103556,384.13625838538525,0.5602947277241492,0.00420045781328995
61575,-5.63080283974449,-10.644269404590988,3.71620362858558,0.9797702929147795,468.1122547931586,0.7377959376323098,0.004200784904838433
61576,-2.790283142089706,-12.785308068792865,3.8712233085152836,1.5747912604412966,361.9215882285602,0.23300929899300105,0.004201399885046663
61577,-7.0409914388633315,-12.894282415846964,2.613142348319927,1.0913055589954772,468.05723272978906,0.7064034656172709,0.004202334896702444
61578,-3.554474900446019,-10.729276734977296,3.592071669421449,0.5653646345323872,124.1816163261729,0.09516077353738783,0.004202681684225058
61579,-7.664908059182533,-11.154077141256371,0.9508324015395905,0.9635777684452493,211.09344262367918,0.16901947329519107,0.004204282982093684
61580,-2.512291588112169,-8.702858454002486,2.718897593298877,3.9445165883564646,563.8487297517412,0.8621232092967963,0.004205220892725455
61581,-6.670297073864697,-5.397053536651824,4.693663597880583,2.7458358777008747,478.2756550417165,1.6361606120750816,0.004205380902790839
61582,-3.2099024606315965,-9.37574358344525,4.653345423701253,1.0450214612491484,272.703348012992,0.9899965619085505,0.004205761721708134
61583,-6.366404790059244,-5.611717577011991,3.2660921507707634,1.0938426981569795,257.282758653645,0.4685793242360097,0.004207482228513492
61584,-6.079449323727935,-6.224417779540974,3.278976320903488,1.852804630396382,444.3167063532976,0.11358928618789754,0.004207866283771016
61585,-8.735714186606133,-7.980278382815575,0.7090341631805972,1.6548544350628984,387.72142971864577,0.42525766819817523,0.004208134580687236
61586,-5.8032477727511695,-10.762230279633226,3.6594894109987353,1.5788675267368788,353.3992522556851,1.82621289337464,0.004208270790817035
61587,-8.394605557029493,-7.4962994428719965,4.651285662721854,1.836658604911918,438.17023428719955,0.4772576583244428,0.004208576927075504
61588,-5.537777340714963,-12.84207079745363,3.158014868007182,1.375154677618627,329.74475234426103,0.4193759542018398,0.004208695125134513
61589,-2.8610145321675082,-10.549642533566566,4.250173836635069,0.9721499045167844,264.26269127995437,0.9542594009066496,0.004209105350498303
61590,-3.578556359941346,-12.768654134329354,3.0775297348633703,0.7687269253994274,226.8742225616397,0.5081046567570953,0.004212804372730701
61591,-7.801468693039565,-10.15653899328856,1.7797463572658785,1.083388033168144,242.0301087396707,0.20177344229579752,0.004213356558331307
61592,-6.2508770518435695,-10.527068289700782,3.7648846268826923,1.1498301633551176,275.1103106845524,0.3566154910588386,0.004213626712700933
61593,-6.0844481980223915,-11.152849270817304,0.008582263527384129,0.5587709135359421,155.27879562233912,0.8759613265355783,0.004213950875009738
61594,-8.911699021907747,-7.092449894089574,3.9768288060607353,1.5068033193627124,468.69759664402653,0.816890914402518,0.004214053119023701
61595,-5.829091382679814,-6.66537999822751,4.674353205232437,1.013496441645805,268.17519838731977,1.6759748834090846,0.004214307411996305
61596,-7.266936629605459,-10.704912920810271,2.920281199067414,4.8604353092197705,614.9995120765232,0.6133652932444322,0.004214901474626518
61597,-2.3254327999904056,-11.620277759772245,0.5939082509753332,1.7846392409636824,422.71518399919046,0.540562268219567,0.004215253126527524
61598,-9.157693595518285,-6.218306746129469,3.7406041871452507,0.8692953661169155,185.10412265431063,0.46681638616732357,0.004215298441495933
61599,-4.412672073987869,-7.497410712635476,1.2565913394262203,1.1765555888411108,142.87337498913107,0.2819587562138981,0.004215573516325962
61600,-5.242822618169114,-10.567249859664054,3.737246005173517,1.890937362905662,468.29237923210366,0.5679231129330331,0.004216204134665685
61601,-4.240843796410855,-7.882157636801977,0.5946462204944506,1.8550125916481666,444.46680343171255,0.42312372079913807,0.004216733602637661
61602,-5.760370057329806,-11.234052141562202,3.4680011626904514,0.8236440333127856,468.26497692237405,0.15017518232623583,0.004217856847334894
61603,-6.894423200410921,-6.157614906446763,0.09576911032419697,1.863793160681153,457.43758916534614,0.5789896404833721,0.004218097648966267
61604,-6.798668515652002,-10.323646081738081,3.6848437433919408,1.7459468772562223,414.2625891619531,0.3249857512005834,0.004218120535110323
61605,-4.713268467937535,-10.495809380211895,3.7450551299004746,0.8079920260253811,167.80999796250242,0.47619992532619104,0.004218709181950673
61606,-4.595718202276244,-9.724905516175902,4.299479931167822,0.9532982134267568,257.7537459137688,0.36675613394538153,0.004220226534042539
61607,-8.943734523885873,-5.612415557268174,4.255776679991051,1.3166739777032623,323.97559300128256,0.3216981743500291,0.0042205109322732475
61608,-9.213553074235714,-5.861833730144228,1.6554780017606248,1.5541951430302559,361.85072779797474,0.840288559857048,0.004220569862582269
61609,-5.679220073059563,-9.161085640431713,4.928404335061492,2.2332380934217695,421.23260583093776,0.9146805193881296,0.004220668110523518
61610,-3.3221752935275557,-7.742400632460638,0.835541886282991,1.1533576605248275,468.5781608615158,0.26845516882393916,0.004221472503253263
61611,-3.1572490967228193,-7.10454064286727,3.841465843591476,1.287575515617287,300.1078052392273,1.0069077924950998,0.004222887131240386
61612,-2.283746682787684,-10.331228608326162,1.5323538121576648,0.9654751391034911,252.96546079403083,1.374023035806748,0.004224252238091643
61613,-5.85197226273476,-9.309936329812633,4.772482621161791,12.044256712141378,715.5679862016058,0.12487858898686621,0.004224722232955265
61614,-2.324507768453403,-10.547518060588684,1.8471597654489906,2.165075837512746,408.0566495195736,0.6510158754990956,0.004224848780682395
61615,-3.5721076355423156,-8.818726168306018,5.187607292771687,2.203044192949408,426.76582458588115,1.9033074423326726,0.004224911104947689
61616,-6.640315327534511,-9.384549657297786,4.568403298887321,0.7780108554868589,211.09409346483878,1.1560270933397208,0.004224935565111889
61617,-4.7004728001513465,-9.80781061541127,4.236801900339627,0.7981380949028095,132.7419660623053,0.33834750124396695,0.004226041247143676
61618,-3.344455827386618,-7.177388362603515,2.2433900110225884,1.176833030444668,279.99399854145304,0.5305109965757602,0.004226265930149638
61619,-9.266283885745866,-6.058173781223297,3.3766124592124878,0.6966619652512753,191.43541483343412,1.0545821147606533,0.004226603657770824
61620,-6.6079198170110205,-5.451344438606844,1.0622286745232021,1.1400916239393326,171.84704876872786,0.17498551258753636,0.004226815807885346
61621,-4.283435185625136,-7.33659804425593,1.6941652160997902,0.9282784941219097,175.08809985460934,0.12500069028625926,0.004226979573654433
61622,-6.655411724661574,-5.977755977434145,0.7464774868948518,1.0151015516318815,468.0038874790723,0.2851477171360015,0.004227417128206022
61623,-5.774428418161342,-6.5415696310400335,3.786216103888915,1.5262940019409392,347.843711490791,0.6288575965929812,0.004229639572819243
61624,-2.4050863317183016,-9.385286483671528,0.8294287832667596,0.8905172417803552,220.29837357098265,0.3493806603835763,0.004229686351851622
61625,-9.03232287643167,-6.060137208770149,4.079074457003733,1.2178373282032842,468.0229037665987,0.6341027976241973,0.004229884140582531
61626,-2.745483922566505,-11.320231079047648,4.243766419560222,0.8494890282160331,467.3283372700683,0.5582012989458693,0.0042304741098055
61627,-3.014988576773522,-12.045525968656156,3.4118727594796443,1.2206416042947479,291.72630495212786,0.3028067370638121,0.004233073675729688
61628,-5.551789985195415,-7.7485319281594105,0.4789881472537931,2.21302300988164,425.80753632835786,1.555483106550926,0.004233703988193584
61629,-6.598710544734407,-12.770951849420193,3.0414367363382895,1.1104743957213858,283.2693119805304,1.6748799649076878,0.004234147847420005
61630,-6.161642667321854,-9.95243651110329,4.160542070381401,0.8937675895314297,467.7274126308125,0.41227776300283114,0.004234979800073104
61631,-4.386749283003272,-11.561606464604754,3.3006044658398572,0.8120423363717403,174.75823295449058,0.42895969481422735,0.004235427780506302
61632,-4.799625901103135,-8.071452821397388,0.32470322798398066,3.204602118371655,511.33165385612756,0.3040652024036721,0.004235508284819537
61633,-6.517767789217844,-9.078059660296338,4.949556109224676,1.3010865691442006,278.2217999971033,0.3791759940696844,0.004236279626211289
61634,-8.909065589247305,-5.757430526715513,0.5704916726030738,1.5662140996338352,370.56149408373045,0.47964368880590236,0.004237731575734661
61635,-5.230442478444291,-7.5307698842123525,0.8900938277680294,1.3768549161707688,307.11628204894595,0.10787225169738957,0.004238017575605227
61636,-4.003775092471388,-8.452577516632275,0.04630802316564409,1.4879755527539649,329.404554372934,0.9180596457547736,0.004238116474029216
61637,-6.545721121663301,-6.485156684591689,0.7097259352515899,1.7585357733137774,467.9788855492297,0.27632805689455875,0.004238754231359161
61638,-3.038216123250624,-12.802868458742651,3.273871142135466,1.0142839759292739,468.01370141951514,0.5822609103738321,0.004239322692688833
61639,-5.964494383916571,-6.386659131799152,2.8587645452867814,1.1284890440190791,466.2677437051109,0.09568932303887134,0.004239442939461362
61640,-8.91885727207554,-5.646786869991388,4.310435137451565,1.492013104608774,344.0551518962702,0.5510379250493793,0.004239773710817747
61641,-5.382232376213666,-6.977945229768133,5.0279401315956616,0.9958684008776356,211.82789801666843,0.2783223358578182,0.004240032187614844
61642,-9.270745002989962,-6.140307874406577,3.349739473066525,0.6220918736995149,133.7848100611021,0.12146706030387922,0.004240894936880762
61643,-5.456299753185861,-7.370814534269042,1.0133644977917526,0.9864717950576334,201.86766232127835,0.5305382614363721,0.0042414991188309955
61644,-5.077737145848863,-12.8847369737979,3.1220598458049706,1.9138758058348715,391.34769160512144,1.236082570076456,0.004241521479869737
61645,-2.5862688633910107,-10.09105708531461,5.04522481889599,0.8587466335306518,469.88088824715516,0.05249092717923709,0.004241733344932678
61646,-5.128857083191847,-10.734560613288764,3.637825867963901,1.1264745821839188,438.45588706548415,0.02622111297077634,0.004241743225733284
61647,-7.791180088336518,-10.156412881545485,0.44018683095183747,1.2565253814561976,313.2811384415429,0.5687130730617875,0.004242554271637942
61648,-9.371551787944627,-5.074824851437256,2.5356410548746515,1.1364125972012344,467.6307863132346,0.11252535246214901,0.004243114800853803
61649,-9.030851155924292,-5.905038497416233,4.073721851486007,1.1041470150064385,273.30390282321343,0.9923906908117219,0.004243402179216375
61650,-9.05387922337142,-7.48682192346629,1.6355470738545497,0.9479565901900656,251.76641784812398,1.3559679934056428,0.004246494424116474
61651,-6.860616123371788,-5.499966880835694,0.3631313665192978,0.7865344671499056,167.80398588716452,0.8319597019225613,0.004246736091217042
61652,-3.336683656083408,-8.33090617693232,0.1650796193498513,1.1317171841316325,292.29654661462774,1.1420346141070477,0.004247536833469408
61653,-6.2514508853678095,-6.152724748166848,2.0917434593711226,1.2374350441098676,309.8535053637773,0.5804563023251621,0.004247972090240495
61654,-2.7526580744053444,-10.622968955505911,4.49679206558618,0.8737440154580053,131.24622551242948,0.3624432650874967,0.004248667036762641
61655,-6.376636290002848,-9.463610833170954,4.571063741038896,0.5863621423971729,124.58626244456127,0.700629956002973,0.0042487057210851675
61656,-8.276653385577177,-8.037885377812785,4.106573293764526,7.2409910685288645,679.9393417530109,0.21136441353730628,0.004249821342526476
61657,-6.788872380282052,-6.60845717928112,0.17398394819691734,1.8256918551312282,466.3032510977493,0.12220641847128721,0.004249988812917292
61658,-2.8798947017455827,-10.262522433080168,4.387679012427135,1.7448208317574803,468.0592091797598,0.7077382238974286,0.004250843611672427
61659,-6.362812926589079,-5.617412267452887,3.1243573835969514,1.4479280567423027,339.21565088827106,0.3647129084905627,0.004250921856255061
61660,-3.1132812894064816,-7.2201201531861265,2.2608751500455844,1.1663881664402311,357.0054972789448,0.5313097029035019,0.004251285177076454
61661,-7.767645018633596,-9.490936643828164,2.9855816246142255,2.4268559290219534,331.853973979015,0.0427993051068567,0.004251489680284646
61662,-4.841631464844307,-10.660350724121967,3.6549717843399288,1.8604850858751898,383.9661733069627,0.33607748977614627,0.00425226121848106
61663,-3.284326079234674,-12.640595851744486,3.093538002631544,1.8696550950065987,468.8431046639809,0.5966461486614962,0.004252275460074755
61664,-4.921460381733171,-12.52563734742883,3.1470080575627324,2.053941700437403,409.67368818327236,1.6643434201171656,0.004253891588799301
61665,-6.609375139769634,-6.83550118839298,0.3615112366222369,1.726650028925671,410.30416607070333,0.8773806286544756,0.004253961755572407
61666,-8.197794927580942,-8.405659725671242,3.6517596351511004,0.7594184710267157,203.7980136326378,1.1803170192269503,0.00425407877041812
61667,-2.9275932144487973,-7.420721588630056,4.039590381608691,1.081748986965766,304.90219094279865,0.7171255195643473,0.004255078655819897
61668,-6.4981075982879535,-12.724568450492646,3.088452746285082,0.7001001764348437,144.79304264362406,0.4135394544343942,0.0042555197784165015
61669,-8.437764262644789,-5.093303043310457,5.16877127775768,1.1931393064925946,302.2467561539215,0.8327753010126981,0.004257178347124777
61670,-6.449487650249851,-6.577965493464001,0.8466649846007771,1.3590684489085796,319.96072292333764,0.6924568969187392,0.004257236372611624
61671,-4.903390413898519,-11.081925429361167,3.468093973971506,0.8214819465839608,169.81271607680597,0.060535491500652405,0.004258085651663813
61672,-4.498209769180104,-9.454187649504366,4.5478768782228824,1.2967991558899,317.62854960523526,0.6255906763567749,0.0042604790166301055
61673,-8.046170450126427,-9.400505321704971,2.2096090268029815,0.9321299261187524,468.33289780736965,0.14784383660302325,0.004260624738208979
61674,-6.3023871546354835,-5.852801232796993,2.5855258478715095,1.6943976914113699,268.9995629243617,0.014064740316202418,0.004260630350225534
61675,-7.805528192844619,-9.905330200791552,2.2550791686774567,0.5183588455071281,116.07627837996777,0.747589890024071,0.004261201383677739
61676,-4.419553759726139,-11.199507128828742,3.4093849096385243,1.1385778342482948,467.10978090030505,0.4099294833520277,0.004261542897950861
61677,-8.106142086804956,-8.745120443951855,3.27589404599032,0.9388775638486815,467.83889642258885,0.5665294551442654,0.004261635593329333
61678,-6.863987717318293,-11.38746974743679,3.121670666150594,1.076958169434183,282.8500886737532,0.8454225822237635,0.004261777228998987
61679,-4.244581417387932,-7.225126437571806,1.9895461310143292,1.853515843012739,467.3431582692084,0.39947510051891655,0.004262099524688451
61680,-5.789681048326799,-6.55328414843237,2.8408632607559863,1.0158820077134347,468.98643642283287,0.005018250888712217,0.004263034416102075
61681,-9.031229382837967,-5.45420938169611,0.731875750145722,1.781078722178656,469.37251950095464,0.21170509371362112,0.004263404295433625
61682,-6.1365860914585975,-12.22780729019627,3.2210145932397563,9.052362530633992,628.2172355283445,0.0727684266938704,0.004265003974681698
61683,-5.5642843177038355,-9.726383089743099,4.348982763975299,0.958660088373814,467.79248023736676,0.6239016210244683,0.004265889599435954
61684,-5.1890434123457165,-6.847968023772772,2.8618883428245594,5.269094725841844,632.5193125443083,0.36932352724892414,0.004266847130191319
61685,-8.499714698559961,-8.366888295380392,2.8159281695966887,0.7195942897289006,150.25645744698383,0.2568641158798268,0.0042671175073250136
61686,-4.228787239190346,-11.981827775585858,3.195260819092187,1.7689451384950616,467.64596617086676,0.650506123929504,0.00426790054699857
61687,-5.841318949896438,-6.523440226661432,3.967162432945819,9.697788067593494,468.3478907935194,0.14748161452580888,0.004268075905355253
61688,-4.84158557068088,-9.057740089865286,4.977364286955767,1.3840599187581437,468.19903347012905,0.06912190227508219,0.004268258088170899
61689,-3.782847579043734,-9.100452649518981,4.891160716656381,1.0307839049791951,230.4317396358523,0.4304860316436434,0.004268972301166712
61690,-4.748799466747361,-9.157001937631357,4.865643432301953,2.463152671866906,447.0023836410334,1.085360618398723,0.004269038556469876
61691,-2.637485037612003,-8.071016566935594,0.787909834660725,0.8905881489310602,468.9109942441075,0.11642289277897166,0.0042692532886558785
61692,-6.231029704765659,-6.319975209353077,1.9317461568668175,1.174210425748148,290.2521576219802,0.7950805848042064,0.004270924502443362
61693,-3.469186211985029,-9.514878130637939,4.457743679269319,0.856761368009518,215.4004776398687,0.9989896858288221,0.004271176955559585
61694,-6.360546504235733,-7.765318599224777,0.013560995913843426,1.5281341344380854,470.0599415519863,0.1317049474323646,0.0042717894859698995
61695,-2.9259634668382697,-12.536533858041684,3.507782675298115,0.9728339984592449,264.1845345764118,1.699019531958541,0.004274060771059471
61696,-2.7964072753673648,-12.681814500456328,3.818557654038864,1.184207936613528,302.29316694099094,0.9911898258944749,0.004274119521040911
61697,-3.174514670484111,-9.269852819721843,4.790497750140749,1.8854400942033946,469.83988861293653,0.06742689488434728,0.0042744193506127695
61698,-5.805587724895875,-8.150364536944545,0.017077768318150485,1.6343719319268095,467.7828489396641,0.05975479325458455,0.004274653018805099
61699,-3.1297220095540865,-9.195395496541135,4.911955613849415,1.9793810812991137,401.64665859362185,0.6887161621695048,0.004275401907484161
61700,-4.689562742275877,-12.134300535568112,3.1847732465974223,5.785967464924509,658.7243885298082,0.3782981029352239,0.004275436864283474
61701,-2.685128390293251,-12.482861756482155,4.199237040412952,1.6435636220542709,379.9337732627103,0.22550211321233338,0.004275512621133959
61702,-2.6204860363744196,-7.985083606724153,1.4437569456996902,1.7945193356491667,467.56791520337066,0.7873947018854617,0.004276322681451039
61703,-7.267078751925694,-10.21606246015835,3.2546880092549157,0.6922510100480794,135.91447985473513,0.014053147319261328,0.0042771896107923115
61704,-4.147455090626332,-7.165642962370651,2.2531824674567695,2.634786042616479,455.2478532748175,0.6737001270278347,0.004277462509984304
61705,-5.85390936402026,-12.535203485913357,3.1857142935387794,0.6039321539160225,166.5071062983572,0.9704246863068517,0.004278014993772206
61706,-5.9131882834309195,-6.5752834518798,4.532871177930506,2.386074306965988,445.98919688835826,1.982577114145582,0.0042782063013218075
61707,-8.190498567820299,-9.25428988799481,1.8527705757362924,0.8334472697347581,468.9037334819523,0.17377206589841876,0.004279034194593793
61708,-3.2346958441004494,-11.617723320999401,3.2726382945250965,1.1668077373155847,267.9733250972849,0.40029511898047687,0.00427921556441749
61709,-6.552538850599388,-5.854104647156225,4.803934935800092,0.7310813477115259,467.80934473836146,0.49905520078802024,0.004280240131095743
61710,-6.18459994838359,-6.064366200816026,3.1092358548527064,1.519460714187678,468.1772311167273,0.6357992275600193,0.004280489934693245
61711,-6.974015016041395,-5.265711287902633,0.13110090060880378,0.9956765760482397,468.63910748448995,0.8140572190388271,0.004280532861974491
61712,-7.5302613604228,-8.202547328425744,5.179886888673136,0.675579707811757,468.4328326544843,0.4759884033771371,0.004280805226620702
61713,-2.980920339355537,-12.99249976357983,3.350121922863323,1.0011118842832687,274.2232566890107,1.3905511996400968,0.004282629072985113
61714,-7.532414762481672,-11.950586621036974,0.9352941762421774,1.0251094052052898,279.0708304228727,1.8427446805829328,0.004282899875253225
61715,-3.7706218847948474,-10.768392900807015,3.5675375326938643,1.812984283741167,433.1179246788931,0.27761822350616505,0.004283391791834983
61716,-3.365112831231574,-9.129109027956732,4.845881314696035,1.8301292695743931,375.6022506800046,0.8817165131664586,0.004284146344935449
61717,-3.5082589312454058,-10.14542982092393,3.9326763521835453,1.1912250822312869,302.4228243668984,0.7992547737520628,0.004284470945993575
61718,-7.300405022656472,-11.863035941748869,2.208618958251492,1.8257323488257828,467.67026566017614,0.8098724719136188,0.004284662981949291
61719,-6.881702960974448,-5.4631670688280005,0.2970157614281973,1.1667150322469297,295.63879624091254,1.0402029123768797,0.004284909799315394
61720,-7.420405092850453,-11.451147821910302,1.8519178778764325,0.5803417096051001,118.29859805410527,0.12171954592265255,0.004285112055928139
61721,-4.964448332037651,-10.314169124099593,3.861818128532923,1.885107319404025,466.7240929075909,0.5202841511433531,0.004285767519576617
61722,-8.962803734763492,-5.747826348221823,4.216583395032483,0.6631186019101246,206.6409168108561,0.28899476215742315,0.004286613364505813
61723,-5.546729320618878,-12.82179345130908,3.146533602834807,0.9972509548177766,136.09907774839402,0.29977791796588527,0.004287715971089592
61724,-8.525425579151882,-8.77370556243314,1.152892487593504,1.29619635693081,468.0985762165677,0.7300951570505338,0.004288317987865478
61725,-7.210388841216749,-12.665298451963,1.220579946966142,0.8996249890251998,242.76685437446665,0.7082315028939847,0.004289541668406369
61726,-6.111890283692508,-6.373204857247733,4.430113106611457,1.1190285968747424,290.06250438293876,0.47111202723216206,0.00428972089509453
61727,-8.654203483220236,-6.231778133403587,4.883495236784828,4.945549842615236,620.3964733023806,0.648678338862628,0.00429168806591269
61728,-8.45948299436019,-7.315725216943907,4.721962869103332,1.094918618801957,231.74646764526017,0.20439230727701752,0.004292298938884922
61729,-2.5539698829048065,-9.114058460736327,4.200462943066282,1.051450763055935,254.54054789032276,0.7410895980291459,0.004293628839409581
61730,-5.156442449493992,-9.266705423318458,4.771973857236434,1.1484566373210665,466.977549143923,0.13884995659844446,0.004294154692186916
61731,-3.309740506778244,-7.027900337411944,3.554470220346012,12.94039210232581,728.1645230755463,0.12646791709526095,0.004294637950643826
61732,-5.439341305081767,-11.813403310585628,3.280479940149113,1.7929578149598964,424.5774500980344,0.08697252077737438,0.004294812122880209
61733,-2.3337820704707717,-9.902055132668021,0.9433166418063584,1.133878866985086,152.67166018008479,0.4031912624174554,0.00429577595556115
61734,-6.58682398968393,-5.236541967674197,1.7752089530959654,1.098457706644482,283.4690647872346,1.7900150813915703,0.004297304161973069
61735,-7.3664677418527065,-12.86986205005421,1.041558982492364,0.9939047185243496,207.7029561071884,0.7091850163201334,0.004298285381272165
61736,-6.331057243336243,-6.017142450144076,2.013739036421293,1.1106333945823716,261.0377351259283,1.2044217357612608,0.004298701054478213
61737,-2.6829779152633506,-12.116335132691566,4.246375365284958,1.005258342703062,262.81225736776435,0.20307900984884508,0.004299393295493587
61738,-6.308410053241158,-6.795759255322374,0.9388169799810641,0.8959389546576956,228.77601460784388,0.861561411283227,0.0042995867795699635
61739,-4.842449065316733,-12.867453872320121,3.099882664290964,1.1068522970612202,288.1014277940198,1.0650549141597123,0.004300074319619267
61740,-6.69052978955348,-5.582906058209202,0.7813469910372485,1.2097484172755375,470.4945287891352,0.22414280978563905,0.0043006549322588865
61741,-5.167661340798989,-7.06803507996627,5.088043942387186,1.873898040746004,449.7030973619063,0.4342684593806503,0.004301107065678654
61742,-7.747921861617212,-7.218668917214547,0.12353139250761705,1.4574705061701583,468.58638790500595,0.4946343720718209,0.004301377000340787
61743,-5.102590885226311,-12.724272857220608,3.125263517811096,2.7383060372796595,476.1830478322035,1.4250637209264454,0.0043016144539769876
61744,-3.2528890272555158,-7.961918360183935,0.5699778664395208,4.481616833837135,590.8664551736725,0.49915947700370644,0.004302341061339417
61745,-7.062097530854774,-12.097015148601399,2.6891545141970172,2.4953163741471456,435.8688189561087,0.21346070479468704,0.004302697178351541
61746,-5.208906929822384,-10.168930791416447,3.9717837485684644,1.0201343376909808,130.75702734045456,0.30489084663213806,0.004304019541796476
61747,-6.3752368127975565,-6.180141821119583,4.803454352992355,0.727697567311237,152.3013886087767,0.7426233573451606,0.004304600876561505
61748,-9.34850088034841,-6.186573333908662,2.873551422785325,7.631004298282009,731.400378619795,0.43712944564819534,0.004304712893564275
61749,-2.662920367797865,-8.23028853304491,4.052046345934646,1.8550483321580593,468.0355357453385,0.3839583280080605,0.004304976370477726
61750,-7.837751892966063,-10.289629536156365,1.1504313264865509,2.3050948185949016,428.6276310171965,0.9176590555946751,0.004305651835081731
61751,-4.1822395013278255,-8.836622299021514,5.1787323898641855,1.4616568584575633,341.25937263181197,0.8088645441569957,0.004308504636557219
61752,-4.535658551612318,-10.658459548247414,3.6413697567094996,1.2314697073271907,468.40432312134027,0.5554079114283175,0.0043097198556714365
61753,-6.341950406956554,-6.296649468987801,4.912447802064174,1.0603207201938885,468.1177365336543,0.740670298370822,0.0043099210939304316
61754,-9.176369981580825,-6.938897418696205,3.314682004488394,1.0381012401706855,207.43358350094627,0.6403991991859179,0.004309979859371252
61755,-4.593457134808193,-7.053635772815673,4.607791506383997,0.9731771729317648,238.4543954106277,1.344222626434143,0.0043102813270908015
61756,-9.056114639966601,-5.6455612289197825,3.983683743401666,1.9100829446355296,371.60360469481634,0.5290219274556804,0.0043111615866657715
61757,-6.592408308709537,-7.33968097018109,0.07686205959159823,1.2722577329698652,284.3782723549699,0.37366887574254903,0.004311863359837872
61758,-4.578553476262064,-7.598876526448912,0.9717509799305627,1.181018315408287,240.6280123987592,0.45850849701082286,0.004312305729922965
61759,-4.838237970932413,-9.637974886121293,4.383827234005549,0.8197238882636263,218.44492501210715,0.18227904868185796,0.004312375748005247
61760,-5.028678541641874,-8.286306337636677,0.09494365586266096,1.224552792078854,306.0819039870733,1.6302957093227173,0.0043128679732750514
61761,-9.01244416554203,-7.618255777477941,2.6365976182391377,0.9360511750200183,468.39971287869344,0.2868563242733897,0.004314292601684308
61762,-8.960528696769503,-5.285007842235516,4.17070956167654,0.7776002557246487,441.3524774872258,0.323210665836851,0.004314841806959952
61763,-7.10443224614375,-10.478129441936076,3.2892711878948853,1.2334004103589105,170.75189278471439,0.18961021071950146,0.004315365757154738
61764,-3.549498215302828,-11.287660136842693,3.343360146023723,1.2812692825243013,467.7576979101976,0.5867930441125795,0.004316489036662973
61765,-3.0708716824152695,-7.174779077636378,3.533712791275974,1.2553118528636746,265.7363447786625,0.10918844980800024,0.004316702885091616
61766,-5.5224240982369395,-9.715978051128747,4.345823459696501,9.055328225553653,522.8753726700502,0.06772777497333049,0.004316779825456636
61767,-9.06524992017946,-7.032453348871452,3.5959532005854253,1.809364531171591,467.6589418837282,0.34038688971427344,0.004317467397645176
61768,-4.249906391894677,-7.457682339904285,1.421709464115353,0.9899359777562143,261.10992491250727,1.4355054958488536,0.004317553697074105
61769,-7.541354397273507,-10.368931669378835,2.547914673341679,1.42976439736674,467.94358295857734,0.06402945210181965,0.004317776714528998
61770,-4.89611828774713,-9.31720232349013,4.700739421751582,1.409695030005186,320.7230890440031,0.602089939046027,0.004318125614989397
61771,-6.042054897860112,-7.457972140974401,0.5245541902508762,0.9510151995191741,266.4920651103159,1.2687471115715034,0.004319046528496636
61772,-3.507010331231662,-10.96148292962376,3.467215678404872,0.9644922328951894,224.26772687234737,0.42945011018909707,0.00431906307128214
61773,-2.95040043493485,-8.680201027708222,0.057758335995172536,3.458366543788344,447.7802842757559,0.08477514190061175,0.004320895732162133
61774,-3.952540808496826,-11.220731647070693,3.3753308365720462,0.8629943524093919,201.93394372613585,0.39377285856757105,0.004322059649198359
61775,-5.693902205416662,-10.182586659112227,3.9851254535751384,1.7160142284475592,469.0430244110328,0.5642424358708045,0.004322501162212722
61776,-3.6235359013523514,-10.048255880846938,3.9964293777757076,1.4414965686148107,467.83923846868214,0.31722189720717164,0.0043225515421512805
61777,-6.433123537961014,-9.963109877108991,4.095938823070131,1.712717373550189,404.07797334578123,0.20113178994529868,0.004323270984298678
61778,-7.275461961975943,-12.466856018312711,1.9134742995525937,1.0502849737140505,265.85090592146594,1.2162943114949885,0.004323272448079835
61779,-6.488342649543698,-9.762261698824162,4.251117705508758,0.9247259426056647,238.18429068833566,0.4388694389629162,0.0043237185409948165
61780,-7.074181038247849,-10.355730973774135,3.405522819445909,1.2612231153441515,250.5083713362305,0.019907841106380886,0.004324245607378152
61781,-9.275424911769692,-5.520081473148718,3.2828133455150215,1.195565163985847,468.02842642259793,0.22031745894466148,0.004324463169815657
61782,-5.9922584150093225,-6.848350115973024,1.5280657785985026,0.9214182846025069,248.71212098431087,1.3719686290075535,0.0043259078756488645
61783,-3.453661067595429,-11.30677906446798,3.339125921472337,1.7223404603630545,370.78873604343005,1.6447842035794729,0.0043265614606656415
61784,-7.3820737056501535,-11.469965401083078,2.1027434443878787,1.0574915422306441,284.99659070298753,1.1405420965962714,0.0043270867117693335
61785,-5.908430362454167,-6.780692663545034,1.8156867470335345,1.0425156246469287,265.67043910112835,1.3106077318163996,0.004327402666043445
61786,-6.939048751801307,-5.478556311896907,0.19467676211892837,1.3513349430488757,305.414577931576,0.025898922992943163,0.004327565186346525
61787,-4.630127013266891,-9.098305024230157,4.912989870527946,1.2468426064282498,277.01682752849024,0.8077237837563302,0.004327734417411759
61788,-6.540331358380113,-5.129332575664384,2.0165132968381485,0.8312303994125064,468.0788376996043,0.5498670555470335,0.004327879326456212
61789,-7.18512904749058,-11.191456429922741,0.2592257224167677,2.114600955048102,394.9364430959407,0.4399391333114204,0.004327902639484443
61790,-4.473516899998735,-12.830588661285226,3.0725897558269772,0.7856744116236946,161.30518728577374,0.02890706635223328,0.004330144235903682
61791,-6.1833097133843555,-6.092306685621948,2.8826641042503196,1.1652142557770537,263.16476604258827,0.4745454676926322,0.004330996958527888
61792,-7.379810208774706,-11.327097623150632,1.5103897523065066,0.651313739376236,184.3085503481478,1.1385747996477358,0.0043324822650311285
61793,-3.3785935428619513,-10.132135839747246,3.929820678000227,0.9169262371193111,447.8913842139358,0.3393629832395222,0.004332494650786482
61794,-5.508387481740015,-10.151576234567838,3.9989056742286158,9.285304595592029,648.6986889875229,0.10743596845968018,0.004332568948192514
61795,-6.6309970117938555,-5.34611980779846,1.366223653245885,1.3205948179711757,292.0421699675874,0.92547301732814,0.00433412898751726
61796,-6.1989894980820495,-6.050026799673021,3.1003798638427043,0.7686846433626903,468.50150878795006,0.3227947417324595,0.0043356044069029695
61797,-8.965011909029993,-7.8070960432255765,2.0730689970031504,0.6685234101363652,201.53776028404056,0.5684067101990928,0.004336242723661742
61798,-5.401816559283142,-6.8050551775547605,4.2115526625938955,1.255059652625537,271.88595829625586,0.23555424913518674,0.004336279443903895
61799,-5.737517850377538,-6.580094965504614,3.161302889313283,0.9662374557856047,190.05694831058145,0.5928057698348672,0.004339185521688549
61800,-5.189501302859413,-11.849182403658148,3.257850353974028,0.49804010056734116,115.48618525452835,0.566927808495417,0.004339731565752688
61801,-9.185184591134025,-7.089907969188917,3.0377876318182637,1.6035595533130245,357.1299977634493,0.7366709679387524,0.004339951919241156
61802,-5.788782015478863,-12.845225698186505,3.1435060282234963,0.9742286822049439,267.4852439393802,1.6668309572957272,0.004340401709002396
61803,-6.321365076808132,-10.529075895852028,3.7354651725622765,0.9213257253049391,217.72556726828228,0.33959322534985414,0.004340517620473456
61804,-4.680005204524108,-8.850869005191619,5.182648464615082,1.8557061280441591,468.94525372812063,0.17389883858770627,0.004340986157953336
61805,-4.921554667616138,-11.299064403527439,3.37903101037841,1.2031120532977349,247.34897923186713,0.45041085738162856,0.004341632292226572
61806,-4.677556196670069,-9.968731890871426,4.090311786713163,1.7703244668481979,419.6674512471528,0.18023646629510903,0.004342043500514742
61807,-6.1453359390984446,-6.372583457911143,2.087488119432448,1.6272233801066425,331.71143568594886,0.2334647290086087,0.00434233107375068
61808,-2.2413265535623257,-12.70772306370012,0.9668873418988806,1.132210588092304,296.7944510731328,0.8180871362083222,0.004342606254190451
61809,-8.56671113957557,-5.724406277452916,5.010957040162515,1.1351197910921254,466.2410391131799,0.09294397757091843,0.004343520469224802
61810,-6.897811551629196,-5.067094211434496,0.3236171533350021,1.4336470727171053,334.601078802456,1.846090234332908,0.004343549402753729
61811,-3.4498109399882075,-7.037285911741226,3.8463729126509327,1.6591303436932905,359.25923951169557,1.1555018168746356,0.004343756603122326
61812,-8.765145376899223,-5.980128808002691,4.650145174950968,1.6736447531650651,469.3723138808881,0.1164398798404278,0.004344360334537408
61813,-8.095610595412301,-8.306732711008266,0.4331101330299737,2.9433326400274797,487.8908767153829,0.8493485647532966,0.0043445429002411445
61814,-6.669682386741252,-6.628112201617333,0.40757560679636873,2.7321610651472694,457.2635735286962,0.3311084532238313,0.004344762808235658
61815,-6.749083155942499,-10.67426861606554,3.49521977509047,0.9992179954719707,223.87374553803846,0.04435310696996364,0.004346709526317235
61816,-8.514471782229064,-8.281268929983955,2.963863234673324,1.4517235959627963,321.3208422451515,0.6352344463940662,0.004346840725851218
61817,-8.545200538015628,-7.747839843065852,3.949549451519215,1.7904847313895622,423.75531537372103,0.5945948865624979,0.004346997767810023
61818,-3.8772308336345542,-11.922685850019647,3.176515436644466,1.7966721325651844,468.303966732634,0.798968270949465,0.004347245379671727
61819,-6.4887105301959895,-12.602680347819929,3.0890295742638894,0.8221130658412712,468.89059761731573,0.18366157735433575,0.004348486048294543
61820,-9.1791735269558,-7.287345845761998,2.487841872927074,6.044726900803484,265.9635934865516,0.44890957589792446,0.004348812168435919
61821,-5.2338376684586665,-10.84060193814898,3.5826852111010594,0.8418917878427747,467.98629495314975,0.5516832426230733,0.004349242968486098
61822,-7.256394940557902,-12.375907397855975,2.115408680589374,1.0259459871177556,467.5950475525721,0.04443325963739575,0.004350393748639147
61823,-5.5343484338559,-6.769728835271386,2.5693383045846443,1.1407828498153751,468.45735052675036,0.6372590023349707,0.00435114572370443
61824,-7.136524838372359,-10.15285615019529,3.4762510745642663,0.8400995488904683,174.26755688338133,0.376549429266114,0.004351824335359779
61825,-3.867960726610878,-10.172097412583998,3.906629772420775,1.6128491350612633,360.3434676768886,0.8882905945508108,0.0043521472891856145
61826,-6.735781209469201,-5.153243948851786,4.703992658584913,1.411493021918208,313.2609895963525,1.0102498127967392,0.004352541629933282
61827,-4.348341675204917,-7.657714820636273,0.9325819909351458,0.81977500691126,221.6879645805259,1.2231511714017698,0.004353103333434065
61828,-9.09605816445976,-5.431127802828431,3.850685044663102,0.9232238384097604,468.4715539465283,0.22350323018427698,0.004354101872905953
61829,-5.465252976935777,-9.452704067473451,4.595425119535588,0.9919827901003038,274.7540444885433,1.4701807638192532,0.004354521402398013
61830,-3.5014329623670095,-12.072296141811494,3.148600547349009,0.876705836986381,193.91882119402626,0.8533785911988794,0.004355180742364903
61831,-5.332857568399381,-6.8301512966498095,2.69489415575385,1.037416363391432,467.6265179491132,0.2374390622631104,0.004355205525976864
61832,-6.99264974440371,-9.867300016311702,3.8592051591294614,1.3972296264067139,304.0299283931467,0.17908423464753742,0.0043554137983144335
61833,-2.4106579187638726,-9.934466168284693,2.633067948736372,0.9488404219232377,266.7505255459292,1.7002712856209543,0.004356414524379953
61834,-9.127509560640275,-7.040131328495768,1.5959105324582683,0.734474891784029,136.78191967225197,0.25482521669644687,0.004356503174683939
61835,-4.736629705655795,-7.126452354102102,4.97298764458232,1.5393510548028861,363.8443547974939,0.39500954468540694,0.004358474028626192
61836,-4.458605761424115,-10.42576937013255,3.755889341375301,1.3805658902291964,305.2259229890499,0.8644653654147119,0.004358551479012076
61837,-8.221030186182402,-7.891608558991948,4.437318314332326,1.6619012389759713,354.59851252669927,1.0198092989939687,0.0043597226956958
61838,-3.984758408839695,-9.990464392965528,4.048003104680669,1.0488078336740883,288.5389155512618,0.8250214692179094,0.004359864598796488
61839,-5.329425201245431,-7.120339948299225,1.7721270416441495,0.9544457400851997,214.34545192845925,0.38033640305320215,0.004360536111434831
61840,-9.13767748196257,-5.356397384331539,3.7163925303130987,0.9868649655610046,255.48833696302614,0.9801950776444857,0.0043611187273184734
61841,-6.0233473851024755,-6.72017449924311,1.7307724648503628,4.56964292501183,594.2484904548504,0.41044476155153387,0.004363256277903692
61842,-6.652861550765495,-5.392159573258945,0.9918858677244734,1.0169149913502245,470.2870987608478,0.02389450711525143,0.004363927318115938
61843,-6.905751479629741,-5.515737531111357,0.2364391590166266,1.0622678835477384,467.6412537552068,0.6397527420616633,0.004364270724827195
61844,-3.8306876753575203,-7.1049984746571,4.5137647665421134,1.2143834210798858,303.5581331613844,1.6249170242369972,0.004365183191265175
61845,-3.751338072597169,-9.351472884015905,4.617948495582909,1.6300344316607676,381.78025350338453,0.35858008790259444,0.004365211672264402
61846,-8.765829851841378,-8.11522650734132,2.3077126458399913,0.5952019543187651,159.23480681405724,0.4954839711349672,0.004365544218574052
61847,-3.931607715630749,-9.14897515887208,4.8280320852623095,0.9829925982527643,417.52633102519945,0.037310696399983634,0.004365845594594854
61848,-2.3158371782795317,-11.031393612504363,1.9279093468990642,1.358326553629709,302.1877316109093,0.13440740316259436,0.004365897585777213
61849,-6.5673035802433635,-5.745353573443356,4.641146759868657,2.2676069244143204,434.49776921817715,2.041904264558326,0.004365935692052573
61850,-6.4034396943740095,-5.607557025095011,3.5500044014396805,3.2865417324847206,519.9957053840338,1.1496625222706127,0.004365948210187846
61851,-8.494062760136131,-8.71821127140283,1.7002044904864946,1.8316536806406785,468.0937259483154,0.727301763012318,0.004366874939458923
61852,-7.53321628903654,-10.874113985699445,1.5835634338891114,1.3903597841941138,311.8061263972403,0.45274793158456905,0.004372814156461974
61853,-9.332574201259506,-6.569556336360158,2.3382466294187076,1.24791072328093,314.7661757590308,0.3300992791587687,0.004373340552864838
61854,-9.353885987693285,-6.335553061456128,2.429760656187226,1.071834526377724,468.0645823895108,0.7106250373872163,0.004373518447459135
61855,-4.701463582663309,-7.438172875297027,1.3419323242420447,2.1098985179330594,408.9139786329679,0.9786096068395542,0.00437408031946698
61856,-3.833592723919855,-9.950284814958192,4.072533518982622,1.4446115887528141,467.3392853205509,0.5886834572304158,0.00437447939821076
61857,-5.084690623567138,-11.63385192129709,3.2963475843063064,1.0821425274156167,467.7873819306109,0.48736946118199054,0.004377386728660415
61858,-5.95538957370057,-11.922420895737503,3.2650903176570365,0.7692842334808603,223.6018653422914,0.7749885510459649,0.004377940498911994
61859,-6.3233376102011984,-9.145584682624598,4.909207843886551,0.9656215133249135,263.83696314723693,1.2228678205863943,0.004377985944399131
61860,-3.6654432321138977,-7.0299776863948225,3.647144845655293,0.8584076766369467,395.4364033824461,0.46664705277051954,0.004378256089936519
61861,-6.2697447857392605,-6.088998324245425,4.096042419067997,1.0186430297471734,385.84450931091584,0.10661222627198352,0.004378723133864103
61862,-7.22446003425763,-8.770571841447385,4.816058753086556,0.5271107522041127,108.83680620988684,0.22559187592532748,0.0043795832400049094
61863,-3.2372859728708665,-7.122135300506324,2.575854461600558,1.1173089151426152,285.292034273913,1.477249762072442,0.0043796743820588
61864,-6.343136073308328,-12.093912291881129,3.198012888676525,8.93302677638211,602.9786258305091,0.0391760870346296,0.004380350040765862
61865,-6.985889091310142,-10.549804786488359,3.3695554439142135,0.99986790331599,264.8164091656766,0.2793053182395768,0.004381661118740868
61866,-4.925730336857386,-7.087747458483764,2.184153732590054,1.6239477183985502,470.3195994783775,0.1558723693170858,0.004381685073137937
61867,-6.797855277033341,-10.866604587493539,3.3625953531868884,1.6643126976872917,391.1343641555379,0.30779427162603845,0.004382658678374213
61868,-2.8080150985012553,-10.593674118618349,4.347339038117428,1.2432939607777669,260.7732877317175,0.24289525180020188,0.004382779812461531
61869,-2.8450708604370814,-11.962967990439159,3.791313501444824,1.0863432961167578,263.2416638621098,1.4949716801416768,0.004382987301916349
61870,-6.767028126005888,-5.408665144684906,4.948239711987731,4.382566456655919,581.816832139963,0.38721273434507975,0.004383246679955252
61871,-8.749544934586659,-6.26100701969494,4.681232893239283,1.8238405068891455,436.4677715638753,0.3747164713448443,0.004384162528583758
61872,-5.254662785060991,-12.006948219460513,3.215718821015518,1.0095074105397455,263.65918105495194,0.7944851525871455,0.004385131977061806
61873,-5.646424233934362,-11.590206796196531,3.3361493670616924,1.2939454747687378,276.4865793724467,1.0048595034868137,0.004386646782775623
61874,-2.7889058373964994,-12.513725737783922,3.8410246822927276,1.8078488426903212,431.2500832213654,0.16279046402614838,0.00438738939136723
61875,-9.339807769709115,-5.65042047241808,2.932173198163884,0.8758374780806534,467.690339140736,0.6451452303221936,0.004388191120117119
61876,-4.927703892465645,-8.242801059665318,0.15884167017257178,1.8533038924483916,469.01764532782573,0.5980268196215546,0.004388548433969912
61877,-6.891898112672402,-11.687659565380244,0.15431901639194248,0.6722279772908895,177.75549213571557,0.09796076019372624,0.004389137253656765
61878,-5.120656905694291,-12.537947182500083,3.131135514531147,1.0632253959928744,213.2144921407365,0.3302569014389771,0.004389512373248235
61879,-6.568695608899081,-5.7441213999177805,4.637251398219581,1.3183906440835897,299.4112392570332,0.3722971262633399,0.004389556261783217
61880,-9.204550005011512,-6.905542855765318,3.211493184856632,1.324450977747913,307.7292611822563,0.1661083414986635,0.004389587891439589
61881,-5.091134024040666,-12.182857939431624,3.182353540561168,10.803602769197951,618.8486386880204,0.04323314144482726,0.004389591668812788
61882,-5.615004109737364,-9.257764629626193,4.800998905989085,0.8957289845115781,230.39738208705538,0.7479952010495312,0.004389828541477754
61883,-6.56196830501957,-5.482334431738017,4.331492453173164,0.9921919942514725,255.95180589974726,0.9067957831151627,0.004392181513851671
61884,-7.2341778797319085,-11.883847715521542,1.3383864712550166,0.9692558956960631,248.5252359057588,0.8094783570539237,0.004392588308237036
61885,-4.031973565919646,-12.140295073006822,3.133818467957501,1.498221363293635,339.04082089173187,0.831052842763718,0.004392979524784608
61886,-8.754393598783624,-5.997740682803112,4.6672280094806515,5.414311633425852,410.20093554624265,0.11209295846991818,0.004394164365725875
61887,-8.329959013098392,-8.03054146261821,3.9772631926522366,1.6427000822089353,468.53621230315133,0.41959934820552824,0.004394331594068329
61888,-7.9188784268713555,-9.919310367670825,1.3968134165529262,0.857021794436912,284.9457738545471,0.3268241968170331,0.004395108046436779
61889,-8.051043539429104,-8.753262749327263,3.3900092933601167,1.0947896473993497,467.7474760182071,0.6883075866992572,0.0043958461996125115
61890,-2.8965101595350395,-12.45338247878698,3.556651887959572,1.515196945040885,344.67018102424555,0.8674790954022296,0.004396759575114703
61891,-2.9183598650497835,-7.600520170894919,1.1989344667408652,0.6597843450376341,134.47943752469197,0.21232623931001093,0.004397370693278184
61892,-5.784823254831758,-12.964293202311756,3.1276477882426725,0.9677747645000847,163.53176046705485,0.02638720413055662,0.004397430106845428
61893,-9.096235755037409,-6.1808856885794885,3.8868108279739824,1.114861128329947,286.8478516487317,1.5822056195149647,0.004398260790361852
61894,-9.354564157269527,-6.003516049676299,2.273045200954391,1.1162768082286414,467.29038846277444,0.7802736656253915,0.004398665576841752
61895,-4.0541373806706185,-10.86715410063593,3.507126961741217,1.8589356535344548,469.5857674385841,0.10081556193953034,0.0043991395259869795
61896,-6.293548941229127,-9.896566939141001,4.171379773673755,1.396796089011988,322.09084876644766,0.4514746286358635,0.004399631112306474
61897,-5.73773512197964,-6.844707705868106,5.030174513327176,1.556074938735155,349.08756460837134,0.9093690965423198,0.0044002797500065855
61898,-9.113524081588375,-6.8720137189799315,3.5885806832428293,1.2763257760886508,270.1817107757846,0.793451048730847,0.004400574976800727
61899,-8.462315368617247,-8.917723093633846,0.9986492235063099,0.8149357267548462,164.52523131427571,0.7762498265363922,0.004401078701382148
61900,-3.903895813000556,-7.142597649503253,2.4086484631850067,0.8390562538012372,216.57847229054954,0.744986761159022,0.004401597261638193
61901,-4.343829458051564,-8.100627608401023,0.35601920281933375,0.9398689055376191,210.67475400424917,0.20816250618394427,0.0044020665617109335
61902,-4.269896756675781,-10.772532374295514,3.563657523212119,1.7906326219705104,436.2352293942778,0.33982083449633915,0.004402131827396905
61903,-3.6369526625606863,-12.44240629080231,3.086081224579482,0.9991290623578633,469.7510888069604,0.046963024177384405,0.00440322829793886
61904,-3.8742111008309212,-11.971369835805117,3.1590438310786833,1.3069746316356317,321.64473780602503,0.4272259594957557,0.00440437008095978
61905,-3.293726056650959,-9.891178424974607,4.119155488682846,1.315322783827129,321.8218051608805,0.5285690389142372,0.004404644148217918
61906,-8.627858447827574,-6.232393956875824,4.920127209650512,0.8279891702139903,208.9163590398268,1.268679567347502,0.00440514273126793
61907,-5.120304692758207,-6.967238443075534,4.648294806851326,1.8274818541230178,468.2658434065353,0.5716309173701593,0.004405871869455125
61908,-5.163317544514107,-7.410319362725166,1.2034523983646834,1.2151737573356145,245.50705656284828,0.018339720982276653,0.004406368337337539
61909,-6.204621370287499,-6.069060745511191,2.828524849843829,1.8109155983372665,431.57430466344164,0.025671345846279614,0.004406483882097435
61910,-3.5151837239079047,-10.135688471502942,3.925669391425515,1.8647499271006145,467.2002095592186,0.020267398770023703,0.004408072170272832
61911,-3.597473269052948,-9.943109709515321,4.0661773007023365,1.5138158314934118,348.4569573245729,0.04384376519469502,0.004408506795179435
61912,-5.919907930830092,-6.7391463581578686,1.9112814688819504,0.6819958179222045,468.99609070609716,0.3927476136676953,0.004408538594905947
61913,-6.536881932445976,-12.728036252653903,3.048025534870242,0.9899955560655009,272.2770695550971,1.8493466210085074,0.004408661229993619
61914,-2.6288045894887224,-11.417310196564658,4.521959791521706,1.1497061580030874,468.0404322686343,0.386006413634699,0.004409110837713516
61915,-2.291927640959006,-12.315890940783284,0.7167607565864665,0.9838173186296595,271.02629550307296,1.8268250466803462,0.004409741336980051
61916,-3.39127210169017,-11.346807473415739,3.3092109143506105,0.5174931433326917,129.55968920296613,0.6316459118076869,0.004410507589956578
61917,-9.341082964405256,-6.5264054078301905,2.4646363207871578,1.7524223669708514,424.92719543516944,0.48246334990938067,0.004410586747880936
61918,-5.472985641470829,-11.89162598232847,3.254090249869537,5.738977192884866,516.3539473423265,0.028097085085722284,0.004412526800541277
61919,-5.811471301365274,-10.156224533475335,3.9976730371446085,1.6676630308938991,394.1385549588707,0.2785263406145839,0.004412976075367285
61920,-6.628444665492725,-10.112388617150156,3.903399285382471,1.1451966391578032,285.86574427651175,0.6858142511148797,0.004415288844468028
61921,-9.359683406486237,-5.74055941254204,2.7124340685235087,0.554187065707559,124.5353254412376,0.3076423720516903,0.004415898786614643
61922,-2.5856033563304326,-9.390363808341137,0.2387443803600125,1.725467298168422,406.17043864612737,0.4477943780205971,0.004418773423824225
61923,-4.526046233539825,-12.641047394184792,3.0799284612884574,1.0191737789679538,217.3337162131095,0.24948617747548507,0.004418988202579328
61924,-7.202100739822274,-11.873705318318654,2.4588901491902275,1.4677161548567577,327.31032085560827,0.9120416434455807,0.004419553546918949
61925,-2.846142674950258,-10.20146482113529,4.500260943121239,1.7278324042522413,452.9342451899873,0.5767056133991204,0.004420235425232087
61926,-6.9761925599446695,-12.672953995317615,2.695505660311543,1.3686750693189138,295.4306267156207,0.5776386526939907,0.004420259485051377
61927,-6.517386423155104,-9.121786370133266,4.883273849595131,0.9249689723546795,235.95443211630067,1.1668203660290475,0.00442059781997834
61928,-3.8523113927435872,-12.756403423777426,3.0428407480690223,1.7070358306809532,467.90979795836114,0.13724954929580058,0.004422775210275995
61929,-6.226155608594953,-10.393435732164171,3.820639831138316,3.542729252095518,487.86555951472315,0.14320908890901052,0.004422903053660547
61930,-7.406123641374194,-9.260200342146288,3.97276760598119,2.8584836249431427,466.7649623972234,0.421619426857462,0.004423156313107307
61931,-3.343231789783987,-9.192351826292978,4.771888607864268,1.834063630322446,468.62657467359804,0.6489674826094394,0.004423577487746291
61932,-5.257554502798603,-12.078228490216851,3.1991885684548445,1.1047132652681628,467.26762938259975,0.4424329613820692,0.004423695522814393
61933,-7.192619905513076,-12.21106843446017,1.5981404863741593,1.873391334398824,468.49937261727086,0.5429607396827807,0.004424478739719985
61934,-5.559831559270009,-7.2430617946316955,1.286669183225256,0.6896745818220635,137.04422195727273,0.027860136384691536,0.004424908262293782
61935,-7.259696093267531,-11.120788799548293,2.6588122770301754,1.7994897019187202,467.60622405490403,0.8971092955928768,0.004425068128627682
61936,-7.237401746907189,-11.805182237220423,1.3892922299686248,0.7651532619851303,468.9753147443609,0.21556281269125765,0.004425116883850584
61937,-2.461234007395925,-12.03291807946201,4.061875804529866,0.933740044578773,257.79826898505337,1.6226662963102845,0.0044268756570174
61938,-9.036962216591311,-5.872304458348722,0.7670559455040621,0.9370428992735323,468.35361716475273,0.518764070755334,0.004429262460977538
61939,-4.906887257029895,-12.01374626243568,3.1930649038517633,0.7393238499678145,154.16171259514985,0.08869468838827554,0.00443087458500765
61940,-6.582393350877789,-12.26805438261652,3.082403537014011,1.010034937340037,469.1033506928785,0.03461853959553007,0.004431414322524643
61941,-7.141953441712824,-12.207112654054063,1.4792668025931537,3.2941423884120753,515.1167137815089,0.7404707460992723,0.004431489200466139
61942,-9.292252356153984,-6.218035469536302,3.1966612189411645,1.2456795999580115,335.4884581013768,0.21836283904513643,0.004431790760819102
61943,-5.853405788867427,-6.546682663562104,4.07887534654349,0.9673956839647567,468.72610663504844,0.1902108572082355,0.004432946439249352
61944,-6.136228722223077,-12.241042756956528,3.1970507154404824,1.8198358059898636,468.9905471164424,0.46131123605628854,0.004433626214481034
61945,-8.658714265525424,-6.675555157797305,4.773149853121137,1.512566826873002,354.1523749808497,0.6464175236789353,0.004434057228323045
61946,-6.282154516855929,-5.93202693910454,3.5083856146866026,1.8598716594638844,469.0478456351184,0.11518950415307128,0.004434464959083465
61947,-6.517981829776323,-12.78146064617269,3.0478387504312194,1.803510264251044,429.0166017494644,0.34969654202568723,0.004434796696908178
61948,-6.488674552566586,-11.29212972452248,3.346094629292109,1.1655647176543433,467.41212234727584,0.27939718739461483,0.004435467163627556
61949,-3.05180884658228,-12.421330608052616,3.275750134883464,0.9912709649644555,470.06712374838906,0.12718903654973612,0.004435646709054839
61950,-6.530402363038032,-10.613161809724525,3.623507521916882,1.8795689788501364,452.3496455243513,0.3804453584950265,0.004435712751838147
61951,-6.438872415421038,-6.03698094330269,1.7594279965045059,2.464887428103644,451.73700873877857,1.5614791319397936,0.004436111946382342
61952,-9.28303332913097,-6.33147124664715,1.9148743763280385,1.0422807653753963,273.66935723547397,1.4677589024918722,0.004440146465289326
61953,-6.765139224006404,-12.47460450901746,2.9384108199931203,1.0571187871253958,467.6758136261813,0.05313787407612747,0.004440728706489375
61954,-5.853540791772399,-6.742179214539433,2.0051361166810944,0.9849834841754274,468.32327667264786,0.34611827058225053,0.004440865185271402
61955,-2.4059032936143243,-9.136783952914827,0.9995862054228509,1.0942784349297476,277.0869957086941,1.1286510299154893,0.004441394814041307
61956,-5.476623089828603,-6.855596194532688,4.58052673699001,14.852389354698905,511.91774941051983,0.159577161812253,0.0044419227828086175
61957,-6.716340806954885,-11.078220233866633,3.319417808184559,1.0929658918348928,282.25078970387506,1.735768448450643,0.004442178333217378
61958,-6.860584300035404,-9.795900588647898,4.021295792756351,0.9102202415096656,225.3477154121863,1.3173759104167102,0.0044423203966770216
61959,-8.621147352882511,-7.959537991428617,3.3348707707045206,1.4163137265902197,468.7935732768792,0.8861245488575413,0.004442467711606332
61960,-5.614398277210347,-7.254019944616025,1.2589745853070753,0.7542389216484329,153.727464293993,0.5820112625261737,0.0044439656880488985
61961,-8.989325336992616,-6.000135579760034,4.146635091674805,0.8706074311432516,203.40664142147827,0.4120936261799182,0.004444281541806356
61962,-9.152960189266263,-5.415277592889844,1.1755158279363664,2.2960451477686137,261.87375349898,0.4613721096593695,0.004445116423603747
61963,-7.147905422461365,-12.401599257183546,1.578931666379867,3.5026871020410186,219.93821606998307,0.30955531625877963,0.0044472853871475385
61964,-7.193655033991503,-12.410709295894517,2.3034567444788974,2.0115759852613935,406.72288124252253,2.106341723515703,0.004447352275130073
61965,-8.793008620849188,-5.074171156938005,4.493020327968115,2.862924103493858,485.4389111448622,1.1899806740470042,0.00444765935317946
61966,-7.0537846915876505,-9.904912642123104,3.7578122060728676,1.7882029839459312,424.71293191641877,0.03994972568575772,0.004447783530710832
61967,-5.409123311936038,-12.860740473250871,3.111554045913766,0.9259670846968634,468.1393190625555,0.5950028634759965,0.004447967679530201
61968,-4.739724126902727,-6.995193140902141,4.262190905271288,1.3357738987644927,305.74900756114397,0.237993806244166,0.004449860917428828
61969,-4.641349951710052,-7.263579147978043,1.8339380956876847,1.3179560384603477,468.8888033028718,0.9096809543482314,0.004450364187057712
61970,-4.752118182015871,-9.510197616107618,4.484466757085167,0.8713700592856032,469.1813760018339,0.19591670591765986,0.004450473653334092
61971,-8.471239728155815,-8.6898159897722,1.9773196946497942,0.5608612188724889,137.20304513649708,0.22594823570470535,0.0044510164335441445
61972,-6.140848887931181,-10.604110738838495,3.706494533424883,1.0279626471461258,204.41292055472118,0.036238731683798875,0.004451501804253367
61973,-6.452977234004206,-5.8065127469973286,4.293676535314875,0.7684226390945773,468.6948180089205,0.26017784014396117,0.004451645654703655
61974,-7.27688731335007,-11.6821058956325,2.3262611484628586,0.9925383855537675,272.29210363539306,0.34466927831560223,0.004452580574823214
61975,-7.791267814550544,-10.02675706505958,2.0670825763439034,1.8330145123698864,454.2942312943119,0.1359102716467646,0.0044537127427264804
61976,-6.213497346026292,-9.31151370343316,4.734574375766296,1.051882281470968,279.93273015371335,0.9870902659429062,0.00445386205282544
61977,-4.2277515546350255,-9.228393665540079,4.743523838997983,1.8275389947403113,468.1465971643165,0.24566775424499543,0.004454199924093844
61978,-7.486999702934595,-10.965030754161788,1.5188338968880477,1.3807126112163228,320.32291569218614,0.3886591055851394,0.004454783474521589
61979,-4.81450606368958,-9.772590209778325,4.242479237793688,1.0607398523913854,280.25281065364834,1.4545528832684775,0.004454825506514885
61980,-8.743018002112752,-8.175875556296077,2.1993723828492886,1.774648187730998,373.62425936241533,1.228130334003196,0.004455199621338244
61981,-6.81216235219208,-5.068628060708253,0.6114693544361284,2.580887467848433,465.40082853303545,2.3299218826147428,0.004455607171177337
61982,-6.662475360327486,-5.444738751983548,4.659573499202904,0.8363120655397528,187.95977452842715,1.2386788090890866,0.004455814460472218
61983,-4.300285578787658,-10.87740006727648,3.5069491875129595,0.9318930987198175,467.84048927073087,0.30576937069725574,0.0044562143953548435
61984,-6.084711869503293,-6.6279071122388356,5.038384038558805,0.4501288063353856,126.70483717829404,0.3714556759992229,0.00445637661626989
61985,-5.1050824711332226,-9.653827365861076,4.365832449354053,1.6220925831825037,356.70683294797936,0.9000106718669985,0.004456411353420413
61986,-7.070811375833539,-9.240700858731483,4.403293328176622,1.529394814365778,342.3466912645343,1.31340079192839,0.004456606551635927
61987,-4.379525340754114,-9.737753274202053,4.254799721884438,1.0236946519342323,204.00970475908312,0.9705957638799871,0.004458060222314441
61988,-4.641927478174143,-12.833167240480861,3.060275206905061,2.17560363359576,401.3715361308925,0.2139641347501806,0.004458086308487195
61989,-3.047877502721046,-12.4705909013299,3.2572848888701103,1.0954922728347085,450.8723418491151,0.5537488685008158,0.004458678974718351
61990,-7.474130284004199,-10.99605750560217,1.4851361232549178,1.1349240085917438,291.6022286841913,0.8473693336816099,0.0044620799497026315
61991,-2.482588572402719,-9.422515888218232,3.5196803474841936,0.9717913930326725,189.57980801259862,0.5999361244927757,0.0044627340515066135
61992,-9.153419044059879,-6.302077293629831,1.4438240579667956,1.1252674795696898,153.4688525902966,0.192287762189296,0.0044628569353721515
61993,-9.335696578873042,-6.452425886510157,2.7736871963735994,0.8373940930183417,243.59337104805306,1.5905275934272138,0.00446322031295054
61994,-9.085931422105926,-5.754228804372319,3.885894259044227,1.2713495009188251,282.1559438891628,0.8989328535050376,0.004464182066593038
61995,-4.350307973382989,-7.792758821301724,0.7303400190867712,0.8364171743112975,224.1592152182382,0.3854107250561878,0.004465236964145211
61996,-4.901897730754531,-6.934479888728333,2.975434817488554,1.6945648488443767,468.0259206808851,0.3797874658769338,0.0044653645593272055
61997,-3.3070287355062,-7.854782883088191,0.719034860226892,5.445692372534088,553.2430430515507,0.0962446884904784,0.004466925090732487
61998,-6.480761777143173,-9.651285022452178,4.339478387588767,1.4999000564133866,343.21650484432774,0.2579220823868438,0.0044670533704651355
61999,-2.3457988123241034,-9.836326433247194,1.6944660896764885,1.2272467170856263,467.8919873683162,0.42404376159164503,0.00446744281636755
62000,-4.839168859547726,-7.0002316690916055,2.5963541043993303,0.5724282122132135,149.93156947283492,0.42157674238039267,0.00446898179549369
62001,-6.524772324312804,-5.87018176572303,4.653490222018122,2.541744327236527,440.62331064651335,0.5184919942595974,0.004469033118525424
62002,-3.384146113367496,-7.456135009326706,1.5449308494095793,1.1815856709016217,240.4098017566286,0.23284156711700366,0.004469679445339354
62003,-5.582592563011303,-10.677388781129219,3.665562096069904,0.7603300617960326,465.55470414241165,0.308622798840001,0.004471334536023418
62004,-4.272529485808532,-9.601583706785776,4.371021439801362,1.738631370328417,450.9838452683307,0.5004570693182506,0.004471730601267607
62005,-6.909541350702828,-10.79981354942748,3.29404860562385,2.7066445250936635,468.763623904613,0.9740866811946569,0.0044736417555457505
62006,-6.347827213112269,-10.393709153096946,3.7959012677936315,1.708278298556267,401.92559255485156,0.587675459362349,0.004473927280408741
62007,-5.056415810685439,-10.52118542230446,3.720623200321189,1.0620248755304296,278.28386356209865,0.6786010802435234,0.004474098721056192
62008,-3.023227782206696,-10.099101840970913,4.173870844483839,7.173147632908117,528.6347273060475,0.010291532922427571,0.0044749535332394225
62009,-2.4315156190465768,-9.838083776579037,2.913732803109476,0.7392453535875383,218.10012532453428,1.0879568645532283,0.00447519207670343
62010,-8.400395396233835,-7.144829999363821,4.976259300145314,4.7961594723665435,579.2633723664036,0.2271236664954266,0.00447612551701111
62011,-3.297981743063713,-11.676243375588852,3.213052264455109,1.5348580482691565,343.40275629777955,0.8518144593441628,0.004476515039433819
62012,-3.2712832548328965,-12.948687899584945,3.0295890697645116,1.5088631983270027,342.4524478760392,1.38473819758197,0.004476588262199173
62013,-9.14937477252932,-6.820794185405188,3.494343880825138,0.7629813290157059,156.4501655553012,0.22110585980298225,0.004478654147190158
62014,-6.498824159188864,-5.795265415321404,4.460242512044878,1.9009880269428,467.8913824527831,0.3371120393043059,0.004480689211354218
62015,-7.16517636814652,-12.78561677451114,1.2348892690152637,0.8385248678972851,225.78210120981942,1.2643009784270438,0.00448095788465765
62016,-2.9786090567538794,-10.557263206867855,3.958170529852237,1.1943055850276172,467.4710149177777,0.2045046368942165,0.004481554970749763
62017,-6.51482839309518,-6.605281456969841,0.7218321233896553,0.8932198101403979,179.1720435873807,1.0094649621172218,0.004482030360972739
62018,-2.313664386914284,-10.658111114692732,1.7932649098044202,0.8963510675459002,222.25308511682022,0.3133449316996595,0.004482332652194029
62019,-6.699951031509068,-12.72263582896751,2.9488665794188136,1.0191024241093818,203.2456127856994,0.6222432053091476,0.004483311981411957
62020,-4.171954985384643,-11.36113439754575,3.3144086321644775,1.7810929852641482,469.00917933872404,0.10874790844251603,0.0044835319067613524
62021,-8.978880869884797,-6.518951774140116,4.122249966758594,1.3110617986897857,301.46685407402407,0.9269485045438719,0.004484356118956578
62022,-7.986996732099177,-9.63711529529456,1.9125806738569964,1.1457048708008237,467.0749828701566,0.1213391507445829,0.00448487046043294
62023,-9.180289563195519,-7.089330712671801,1.8238934649011924,0.8646193263805386,183.6495489497062,0.22091783477059224,0.004485747764424594
62024,-6.0402125674178615,-11.552384896370803,3.333386683949364,1.7137629017661027,467.7079807442624,0.22785184387230384,0.004486424872862191
62025,-3.1343335961915306,-7.1688619793381445,4.059565972623571,1.364237223757858,468.49301105096237,0.9041212216776158,0.004486528439225924
62026,-5.837108171703221,-11.281360541854028,3.4202718709347324,1.6855046918385679,396.02805783196146,0.23928638915891653,0.004486570116700689
62027,-6.436586565827897,-6.492212300109911,0.9707612148626653,0.7345948379096185,203.91832674121545,0.601317252002417,0.004486675853074603
62028,-7.859034452265517,-9.589495663491729,2.5341959623535,0.8185876336923537,164.12858845174563,0.16648777565439055,0.004487936728114811
62029,-9.21302997091047,-6.306991905454715,3.4954631889574603,2.272968281333596,416.3450409675051,0.486964407097088,0.0044880586369087155
62030,-7.561990309678187,-10.425851480682269,2.3935844094854364,0.8038599095645492,199.383212770081,0.5898213172736089,0.0044884731439586096
62031,-3.3865253946131277,-11.022235260280763,3.418441136498219,1.3750781625444426,468.38512993674647,0.577925674257961,0.004488490959058443
62032,-5.954659907418184,-6.9946216284120855,1.362071976903165,1.209657918507621,192.33185754318313,0.293359118712635,0.004491605246865506
62033,-2.4999461789767956,-8.955606619104895,0.6368020400433867,1.7330392448096164,407.94240906141914,0.5082734829987556,0.004492286704184219
62034,-6.445527976007455,-5.422255853561969,2.897484241891796,1.0733842315155255,288.69469090862145,0.9196575063641523,0.004492459924092338
62035,-5.2861144081583324,-9.446757149125308,4.574204637893689,0.9166195135008348,192.2504447421422,0.1412106802487365,0.00449274659135772
62036,-7.969336353342678,-7.5214977320963055,0.22228851971523664,0.8715557582082498,251.7247793247577,1.7349828051209721,0.004493140671555289
62037,-5.72552935525912,-6.593942241999686,3.4996957137029154,1.0841266181039801,232.5320939353831,0.07444775209198884,0.004493349552033262
62038,-2.422755145194065,-11.1945289941442,3.471755059932643,1.0490943231245193,226.7599219881246,0.07401748268175723,0.004493942824350069
62039,-8.75926729849346,-8.22454153590354,0.9788387362746331,1.1244733048551907,468.3507685099416,0.5176164813437856,0.004494467202712163
62040,-3.572328881257768,-7.062956195367932,4.102719764927567,1.7439451668225465,443.4970041718166,0.19072059831378407,0.004494605847817811
62041,-6.044870870729905,-6.340662181570974,2.9346960439460363,1.9024917504599808,236.84728505427606,0.12525024573015653,0.0044953942408873775
62042,-4.129525001993991,-8.472202019229083,0.0453163970864615,0.9898588156649175,197.50261514344737,1.1314453186772218,0.004495501361168981
62043,-5.317414446207902,-9.561121211150528,4.463508040059366,0.8508826223295382,462.52670231147306,0.1846650664791225,0.004495867544706841
62044,-5.955908319642462,-11.817605222700092,3.269725120684969,1.0907357945639993,289.9470318334802,1.6490924604252895,0.004495998733045449
62045,-3.2956885319766416,-10.817887547698763,3.5134866016865267,1.0776561396887796,278.8904515260194,1.6391644361580129,0.0044960113987828
62046,-7.424191254492309,-9.778291653426086,3.362772520233893,1.8332694199317319,447.3001540611425,0.5067672913877503,0.0044967727726827915
62047,-6.49961918710635,-6.001945200026918,4.806249765297248,0.8761315324769214,469.83815996293566,0.19091510155658487,0.004496952100759561
62048,-2.4367857868890557,-12.070307946373307,3.8559731086926914,0.8038816466210802,468.0251302458343,0.3271192160199199,0.004497932735473702
62049,-3.0173088747302534,-7.461661322006618,1.6439518344553332,2.4316845842283836,449.720693111194,1.81814623107286,0.004498065781700013
62050,-6.9322830042519765,-5.509416623754456,0.21266830612481938,0.7907195155951074,217.87908557835704,0.5857484598384497,0.004498203308328941
62051,-2.9546300789867033,-7.622583880318166,4.961382039776506,1.7497308963180416,414.98989294085516,0.4462972188380707,0.004498582690118865
62052,-9.258199137264635,-6.854979952137462,1.9842085413185007,0.9839441424693113,194.06652787485697,0.39962868295890264,0.004498922627726732
62053,-5.783610905341828,-11.78453640570187,3.2772044788894497,1.034388308384838,220.7218313828109,0.6892315305419423,0.004499795610252472
62054,-6.046548276874608,-6.599632300671507,4.846391818013831,0.6503413008484743,155.75127394986708,0.6573265526622647,0.004500234707265599
62055,-6.900644145513461,-5.13202929194992,0.34472206841884956,0.7832047687362887,179.9926565672887,0.011654856255205459,0.004501279617940617
62056,-6.919922803978151,-5.070889339381212,5.158107728494662,1.159103481439784,297.2027323958825,1.2302795388093193,0.00450148413691745
62057,-9.109998241726107,-7.356905872561316,2.8053446557825317,0.5196198577243806,138.35379662132672,0.36936741598605494,0.004501821220240289
62058,-4.866225736229275,-10.896276405900942,3.5185755100414804,1.0969663766672466,234.40158202597314,0.49093882162517577,0.004502310927454376
62059,-4.772706321229757,-10.432314231723604,3.7478410835911418,1.2773503133713209,269.4780109820569,0.41953684519288625,0.004502909926182202
62060,-3.779285248899443,-11.218124940632523,3.3446037266302326,1.606788913545095,377.50162479986034,0.611777450356775,0.004502983174583943
62061,-6.868822953536426,-9.982074498486222,3.8513430500297328,1.3010660161858185,319.3387622322422,0.2710871575598981,0.004503190991489289
62062,-7.47503289210712,-7.4024000298373425,0.051477327352935386,1.0292175331285047,258.89690580544004,1.0888636828419624,0.004503402017673182
62063,-5.4856065328829615,-6.972672906794275,5.025015943125596,0.76683954290564,197.14208150343003,0.23010869570029602,0.004504737475076147
62064,-3.780396198137577,-7.289966145371722,5.162178520751422,1.2125471944281934,306.16842254758564,0.8424050593363814,0.0045049257769615185
62065,-7.019924366506462,-12.988316358786529,1.5131882227510056,1.6548892526687404,386.6210844450285,0.23686445897722574,0.004506826619348422
62066,-4.788937312487901,-12.877393191258747,3.054288150760977,3.7621569454627584,554.6171778068356,1.1743688392081149,0.004508073071404376
62067,-4.527183527607247,-11.334759845576516,3.330557889384069,1.5571660231851034,368.6719918735465,0.5944489032038858,0.00450913636165575
62068,-5.172539482271203,-9.332181313480017,4.682186660448397,1.9105703199937147,392.4378717101987,1.573539890868397,0.004509457866162819
62069,-4.623863763136201,-7.148743573467851,2.153008894355376,1.547801162220071,330.6838631700404,0.22845220445902736,0.004510918453446342
62070,-5.984905460810826,-11.208192874029036,3.4403369189682076,1.5174394384460739,383.11054401491026,0.31269370901296245,0.004511400733546278
62071,-5.304385532400958,-6.8069868665818065,3.166373465150529,1.1448944760008717,280.3717201424692,0.8154544718387831,0.004511405405180246
62072,-6.059287269909024,-6.290033537820372,3.3383682045592096,1.2481141430250515,271.5840330829025,0.1935916037232479,0.004512059332866421
62073,-9.052742866007238,-5.980484696795377,0.809836161604958,0.8150432371235903,240.48812155909292,1.4713076447402678,0.004512304589032727
62074,-8.383510437545686,-8.649029080780434,2.515295628611885,0.8595285112516392,224.59793682499438,0.6370625215541166,0.00451444768960105
62075,-7.572378460678896,-9.025191906801581,3.988805402074159,1.021526837655425,468.0942612299339,0.5173710241804095,0.004514791144623405
62076,-6.196287163805627,-10.144266460264156,3.9827175792200107,1.2236123114986739,264.40548392358426,0.3556413187365921,0.004515386024862941
62077,-4.4730193726136305,-7.180298697025198,2.1204039204622753,1.2936742850640741,292.0960203802232,0.33653306170421704,0.004515764109563975
62078,-5.734067640495346,-6.670686876731313,2.565937667674306,0.8564544831514962,468.23953899153895,0.5130263179950516,0.004515829063609292
62079,-6.202517145898706,-6.600649429812039,1.60134626975315,0.6934378892560871,468.3354917253426,0.4462915138054795,0.004515990730163374
62080,-5.369163842228454,-6.988862754666226,2.074581247878726,1.0712193208187624,467.9926137801734,0.8153787785942574,0.004516461761377625
62081,-2.3629602082995858,-11.431285253256188,0.4784338619705219,0.998694954651171,467.96094515551624,0.34965246345985523,0.004516966664814048
62082,-8.554262247363479,-8.53383838968431,2.012009448986484,1.0003594253271944,261.33148752304254,0.5264015856040682,0.004517381112600479
62083,-8.700469837839037,-5.010515814661634,4.667332844549486,0.993807226808555,467.5692043030588,0.3073876632082069,0.004518185618404443
62084,-2.4900431964431036,-8.550088432457972,1.142151455912303,1.0209278016473835,186.6108573762424,0.11807746255902263,0.0045186352971994265
62085,-7.946446227965635,-9.928359412896441,1.2477200495755483,0.9502797665377729,467.48137455896455,0.5991560113992085,0.004518643802505992
62086,-7.446982441391102,-11.062966807573247,1.4753750648611001,2.159535070069511,416.79639580176456,1.1787268385714027,0.004518718185136482
62087,-7.27520158164976,-11.691347724381451,1.556073439248825,8.188780674566804,493.49614057341483,0.08482760439351811,0.0045188028496939295
62088,-5.351285757521731,-7.026990241868957,5.07218634525719,1.0829344046604905,285.6293711599615,1.0236364712723915,0.004519972439065577
62089,-6.2164737045108005,-12.893760186326993,3.09762828557526,1.7474019189396541,375.2463992616555,1.985706482843125,0.004520424500634153
62090,-2.7333214412522677,-10.735374284563882,4.462678019987013,0.7747953846756578,131.09247671841305,0.32555427499523226,0.0045217548615299145
62091,-6.040925951688899,-8.93150914473061,5.1622544213144215,1.5373765897223899,363.8475650592877,0.38185154337864535,0.004522384213360345
62092,-6.877880936030463,-10.560876474569316,3.444206193024258,1.4029608173428416,330.38446377007506,0.5386723123236168,0.004523349960008316
62093,-3.463319386349502,-11.077632645061064,3.393563082355673,1.0554153588293802,467.8589485075022,0.27971040651828893,0.004524445139741383
62094,-5.158669595645281,-7.306363809130808,1.475959307427359,0.4883587483297227,130.4502076574958,0.9727511477612643,0.0045259020396292956
62095,-4.4482504807823435,-10.353161919825892,3.7874079444077133,1.4947521714214362,336.4951747789174,0.9851912085199936,0.004527568813086809
62096,-5.967335334376848,-12.400072272215521,3.1689337002012903,0.864855320238035,467.8925477874256,0.6588864971292745,0.004527710084792634
62097,-3.66772672304048,-7.046456388596462,3.5983418545185892,0.5790494166978087,149.94108599816954,0.5377036185219177,0.004527793372212221
62098,-3.9931714370897433,-9.977895672309739,4.039317782005521,1.4653142000286725,329.34772823272016,0.12288087260402492,0.004528468405053658
62099,-2.274413556839974,-12.912627290716038,0.7858104395982818,1.2885820655191478,285.765966925751,0.10664585731255993,0.004530721299755667
62100,-7.138482585475272,-11.235552880615739,2.8094237568742892,1.8510602112655254,443.11231362908023,0.04795214682982163,0.0045311448077375825
62101,-5.162632651411464,-9.392265710307097,4.617300683369323,0.7550864632632088,147.48856590066418,0.18625114974279633,0.004531564764294511
62102,-8.501515777178868,-6.356818830350368,5.12648836131716,0.6274947819873142,127.9361889499797,0.3593395507805077,0.0045316711488829296
62103,-9.356282516392778,-5.650937352335465,2.583493769320608,1.501669382476522,347.2651696256641,0.568206616035769,0.004531685004635358
62104,-5.062567896429542,-10.121976376604461,3.967311440090428,0.6931895574074055,157.95605348682884,1.0112405080803342,0.0045317164859868435
62105,-8.770701000413945,-7.862128685850544,3.0359813896604613,0.9561636980830027,468.21498172686853,0.7949212802593104,0.004531753444838709
62106,-7.468396237364103,-10.175539273695962,2.8838484246955844,1.1916413506046841,243.46071061230248,0.7236229826058045,0.004531879605192615
62107,-3.184010730525917,-8.020019075957759,0.5533144578550239,1.6668932686911533,169.21226634621686,0.2787453892507301,0.004532517576277132
62108,-2.7218238725795354,-12.762052613199087,4.0185896087444135,1.3002203697792851,418.33038310708565,0.44923621775298184,0.004532596860513534
62109,-3.6451475167320915,-8.231453469621467,0.2570818067416982,1.558750349716228,391.9795940411599,0.5526534329385351,0.004533177813555546
62110,-6.521830329316936,-5.909241601965719,4.696951064322236,0.9529117723563659,182.81810915211668,0.10774450856246265,0.004533768543509041
62111,-8.380770027950344,-8.673722370282201,2.460199529128024,1.2156497691605734,221.8725282094093,0.033225114648941734,0.0045339783671766
62112,-4.780446324058845,-10.982494440533685,3.4724895183517166,3.5221532700480425,252.96158462319585,0.25463221663051616,0.0045344699303478545
62113,-4.455624521543068,-7.017539980490721,4.041755581547596,1.1399367886847191,291.94523161294865,1.074677316910285,0.00453494147049941
62114,-3.3598540952395792,-8.136154414728953,0.36392859519465054,2.417841482936119,447.8589048980722,1.6707393500354497,0.004535009844032595
62115,-8.705524683381691,-6.164625011371565,4.754424776912895,1.644987540230432,386.3450603328538,0.583488120729907,0.004535030953511876
62116,-7.103509179522941,-10.143055583553402,3.5019669765679633,5.925403167949876,663.5114561574977,0.36209422857945306,0.004536122535797846
62117,-4.472226592523177,-9.135492856038928,4.847152950133441,2.404373370860649,447.7628289572819,1.9180820070269737,0.004536785061103849
62118,-5.474836754077294,-11.164283327053731,3.438602422255689,2.169726278502602,320.2104312079995,0.07851547329279729,0.00453880270676389
62119,-3.355058306046966,-7.069330907681929,2.993277929299879,1.111439123723208,286.6721723650836,1.6060584666416284,0.0045393381996602766
62120,-6.149444329449749,-6.9576999513573545,1.0072584760999193,1.3109198292207456,142.29120345413278,0.37319514504332396,0.0045413961025896725
62121,-2.484202128071739,-11.992405505262019,4.294350707009923,0.9707797592749404,268.43313077093757,1.80649917308427,0.00454163384672484
62122,-6.617772746765558,-5.397279644318518,1.5922433815021602,0.9098752534598085,467.9753501769795,0.14460861194721275,0.004542161243687547
62123,-6.603365539517926,-5.815105799716056,4.849345505493977,3.3886590341259164,523.805375807507,0.81353965391098,0.004542648162562702
62124,-5.686595159208011,-7.017312371583077,1.70849017628232,2.4212676231946015,450.2149933440322,2.310299023261755,0.0045429578653098735
62125,-7.953397944644772,-9.938220893586847,1.211053371504348,1.5896711970873416,468.2884479821395,0.3044265096634513,0.004544176314431396
62126,-6.208341335756419,-6.555421281022113,1.6630676725262434,1.7940388733186117,426.86103765024296,0.33901031805617343,0.0045449515800906615
62127,-6.354146192356803,-5.774809070602023,3.4051192124941125,1.9853646282474597,394.6280648879517,1.011512719964542,0.004545282506704418
62128,-5.734879254954376,-6.622898445635082,4.0097371485431905,1.1230835497899898,467.04585972934257,0.45758866185747227,0.004545475773617522
62129,-6.580314985613189,-5.5366812509600205,1.6403254182020506,3.7096548667593563,550.7359346509515,1.1294358535469895,0.0045457831624674955
62130,-3.215261466629741,-9.533069572956563,4.456190338510779,1.2447441573509415,239.61019664844696,0.012444568832925995,0.004545854301739662
62131,-3.5496506122608737,-7.068978057181083,4.111102934649642,1.1113025150350002,466.2918113390965,0.16560604672612556,0.004546008512178807
62132,-4.999110168533863,-7.132402501171348,2.00745228199366,0.6797379901634193,468.53814398509564,0.3929492470432967,0.004546283653108139
62133,-6.771415519138813,-9.827757104202428,4.041576157546449,0.9553892661639616,185.4831040345609,0.08346491771456854,0.004546615909826106
62134,-6.349030074757952,-5.801299761697977,2.567518870113972,0.8605608973900983,222.92084596091377,0.3364026950837635,0.004547143675293659
62135,-4.395256182482019,-7.095686190578674,2.4837339628795294,0.8294283865266797,469.4004184641553,0.1484541229309846,0.004548317921659388
62136,-3.4809511288164625,-11.978966517701146,3.1362515765939096,1.8273431756048975,436.9546402491905,0.14842691905636674,0.004549252024730062
62137,-5.558711844017725,-6.724675002867927,3.99488032508196,1.3710905464690188,331.65010114243364,0.303753092261565,0.004550256347995254
62138,-2.757612046849646,-8.102056865986444,0.5626239028726919,0.6854155440706408,148.41140844899476,1.1848859508615739,0.004550912645626159
62139,-5.653530678139644,-12.501726896581873,3.1466774525087504,1.7693652408975784,468.0829556685636,0.37239365795647306,0.004551152758028455
62140,-7.791472698985148,-10.485905159873958,1.0681196806575008,0.8710570822244625,468.60170412878347,0.7761586905826663,0.0045520272718824846
62141,-6.6628168895420945,-5.411970159644315,0.9764302389010399,1.695773424383718,468.33858758743963,0.5130993246374587,0.004552036950427885
62142,-6.761187376832761,-5.6541454587382365,5.1187103285134725,1.268025162737867,271.57802088113465,0.4519809761984277,0.004552473647833474
62143,-4.851500246780884,-8.945242500924724,5.06524877126358,0.5508226997391452,120.45535697945807,0.2117390409930282,0.004552933119892635
62144,-9.135575912425542,-5.1765418662796225,1.0512736734176198,3.102017400552939,425.5593422579003,0.08015478880207638,0.004553714671676719
62145,-6.725457878971991,-12.393273072514747,2.9612433756579724,1.1920189278406095,249.08900138057285,0.27691746493116565,0.004554001730119358
62146,-3.553402531483089,-11.869393003701166,3.1562346592062824,1.6786194617351393,468.7603004983831,0.644886894494654,0.0045541430710739315
62147,-4.09234941230469,-8.060863234392125,0.42202753022749095,0.9623604040994742,251.6151874302063,1.0603732972960245,0.004558734467735137
62148,-5.074789414463588,-6.874611200487775,3.787014925288026,1.002095399873376,274.7182642780988,1.381357805699066,0.004559860394865347
62149,-2.6084630310450994,-8.923491295673566,4.671280798107563,1.7028511369244108,467.86107558192873,0.8917271823081547,0.004560049480915962
62150,-2.5361143553723515,-8.380691249730248,1.4082079790544255,1.1224964058961835,257.8509500928893,0.3645902121094977,0.004560167316098249
62151,-6.247365824537475,-9.319996784988948,4.710772171877611,6.413621058997925,667.5992514662664,0.25736298531456914,0.004562430672997214
62152,-4.817720271519042,-7.0789298503635125,4.728130119754607,1.2802332193254515,307.3874498891681,0.5396412788955534,0.004564071627028137
62153,-5.330366498113452,-12.74573563309669,3.0946610651924455,1.1659775993679278,298.250193839017,0.9699299088688704,0.0045640954577787374
62154,-3.1453189268280735,-10.567473062960232,3.7176191446005045,1.1101691519270185,467.30609266646803,0.2600141265895326,0.00456426081385836
62155,-4.720030317709796,-11.425687812798744,3.3038060051727323,1.684415276284012,468.3253698879856,0.7663745138224476,0.0045643082400113645
62156,-7.6693842019068565,-10.472855420529605,1.4035675077967449,1.1624892838491756,468.3769135346942,0.5277218442038256,0.004564705877879964
62157,-7.704165019202959,-8.53296665105447,4.440463523279846,1.774424752161243,421.4002890709656,0.16237604321887744,0.00456539514428726
62158,-5.901655205874698,-9.448315191544172,4.595806012214361,1.5291518876529526,467.8498911889602,0.25305582006460714,0.004565630076185191
62159,-7.0369486258999405,-12.529943821008892,2.5947694739469056,1.438101989403786,344.2279156583087,0.4753270782580765,0.004565916503198533
62160,-3.051206092885219,-7.219342866861934,3.680491337854677,1.859379680600795,445.2387533598871,0.5443769139258654,0.004565975607124552
62161,-4.01643235856513,-12.629773103323771,3.0370261023568252,0.988393472228992,260.4015843856656,0.20481877435570617,0.004567975985716175
62162,-3.7508101236277103,-12.522031645402834,3.0440002132568926,1.1494405798684524,296.48117600659117,1.5147915694746663,0.004568597087719685
62163,-7.271120689056836,-11.589698243449751,2.3615608996399,1.3622843248475578,295.79348089847645,0.7421892909812575,0.004568741735021505
62164,-3.2085101598887498,-8.949584432006533,5.069240972769645,1.834396278035125,364.5779674951755,0.410249058901873,0.004569374562201183
62165,-6.323749487644525,-6.631167801632445,1.1727832473382744,1.1607251989084795,269.4068294980824,0.4551251076519174,0.004569884713604689
62166,-5.895642119727308,-6.967740316867566,1.5120030930880768,0.7006813877437374,166.34942318137453,0.25122439663390317,0.00457066239573632
62167,-6.958160678276437,-5.892123502398786,0.08023736791728903,1.0553969004685662,283.5613227288562,1.5857917672485398,0.004574074558769596
62168,-6.323459818666615,-9.139334562862677,4.896698943954961,1.0879365645102792,283.52999857982684,0.33992253032061726,0.004574231511933444
62169,-6.616933909941141,-7.242734420141272,0.18346574896130907,1.667081354497904,357.7625984508368,0.9786147346411331,0.004575147480509453
62170,-6.537752865235131,-11.393457524807978,3.2773321334320573,0.9828445428084344,188.84607358676962,0.0710592138415782,0.004575460879443042
62171,-5.298205351681805,-11.894345172250189,3.219990029990555,0.9285811905962761,379.69672352917604,0.002089698818793728,0.004575893389055935
62172,-6.2853100917573546,-11.289096026782182,3.378920667838275,1.1313888593551376,204.24067506505375,0.10947368929905021,0.00457649789931492
62173,-7.174702673693602,-12.187135457905038,2.3857549346769864,0.9591112551013292,253.52704134427856,1.0290899544064915,0.004576672080982863
62174,-8.601117903935839,-5.366332287649353,4.878480419741843,1.4998691291814061,345.34384870938055,0.019631854884911704,0.004576940194174645
62175,-6.440072203263533,-5.513375667974194,3.4739220849365102,1.7170760706681187,370.89722386867214,1.8594496587704095,0.00457723266947781
62176,-3.732673221291387,-9.18646047893953,4.757808699542966,0.9199588024291495,188.93800854726493,0.5590805981975571,0.0045776822107598935
62177,-4.249295615276713,-8.963205158344696,5.016553588921708,0.995733771927434,273.9796528704933,1.3061565823288364,0.004578989531131712
62178,-3.7277136025823667,-7.645659915104704,1.0200109813743226,1.3356518211259458,295.6832186085864,0.43717465004846456,0.004579289530309486
62179,-4.984827419890304,-9.089751277928336,4.9207943954138935,1.1428366919142663,177.75911594849916,0.017672371805179665,0.004579576410106531
62180,-5.168351711570975,-12.36848351784015,3.1256259629516117,5.174947765590622,631.3486442988061,0.5883624564911853,0.004579910430118057
62181,-4.388646104871023,-7.072567202990875,4.474189819265082,1.3549997052094374,329.40352751585215,0.3433651373558879,0.004580064044606166
62182,-2.7514667042471395,-11.151886378303676,4.236777565314467,1.2497005100295253,262.06130697393485,0.9568665753678536,0.0045801617120712615
62183,-6.828553929276057,-9.766775291957249,4.055758835054376,1.1329978917346153,297.40256517192336,0.6224804246616236,0.004580380556991364
62184,-6.451158381827312,-12.172290768249347,3.1272930996021753,1.8029106015483962,382.3564159269447,2.078718609029342,0.004581530030518826
62185,-2.9263977129543406,-9.359189729858304,5.036365393353705,1.0604323691736204,286.5843006849861,1.0350568463181604,0.004583101294135308
62186,-9.134676585755647,-6.219497130650223,3.736863554352003,0.5067394727197853,150.12148617701223,1.068083594817411,0.004583217575129718
62187,-6.3911037282485905,-6.336084406457755,1.5672176296151579,1.5048806408316093,357.36539672068983,0.3708974725999328,0.004583268138299873
62188,-7.594214208351842,-8.930364771804822,4.072172409390459,1.910977951925767,467.909743501346,0.5913764385390525,0.0045834924686958675
62189,-6.254059439979706,-6.027663777752627,3.0710705721585385,1.5739802970239363,468.27192127702966,0.6157277960897165,0.004583998963283691
62190,-7.996026224929331,-7.72588964862673,5.050785382591849,0.928230280712637,143.91026549072058,0.2371978603813183,0.004584618575784823
62191,-6.863140270503608,-12.177118836117645,2.8747902973587047,1.0571923953364064,148.35648550045627,0.17956801287492663,0.004585023313157326
62192,-5.03014986327801,-6.881730850415972,3.390354768046366,1.0897651153821368,259.7162818436837,0.3430659936741556,0.004586058566030653
62193,-4.440762868215122,-7.202529497197061,5.026551488493534,1.2457888888186492,308.75508473408166,0.9221069156712955,0.004586355996527795
62194,-5.438891699355976,-7.357056889032919,1.1967612964689762,1.3120536836342558,468.90428424269317,0.8588113592374365,0.0045870322455077795
62195,-4.559177690567413,-12.34261866713213,3.09980630239966,2.510194357237662,451.3448804166012,1.0651466973698662,0.004587781101043189
62196,-3.4207589783288164,-7.08757269835578,2.8834151044211986,1.442927205159075,330.6104165372332,0.945881357582004,0.004588073760711629
62197,-5.342628554536219,-11.449116723060344,3.330303918854711,1.8796285019379528,451.84737062483964,0.4563833417584595,0.004588655320389636
62198,-2.9190438075577365,-11.140262042495518,3.775000118127752,0.9214655408332968,236.64625334270002,1.487318026254619,0.004590016757752233
62199,-3.1665438443078875,-9.827375523152071,4.223666684241125,1.1081382865612783,470.126244055403,0.09771651035737428,0.004591886313497468
62200,-3.5837360402754594,-7.0521459212922,3.2147330783957604,1.0581941683641443,225.5668511039658,0.16516295465387731,0.0045930706974689
62201,-6.410721018567534,-12.865448327382271,3.0519826765900127,1.7824415660101949,370.37170538714446,0.9762825816474336,0.004593424408049869
62202,-9.02338354038206,-7.434023859084026,1.421660386536989,1.0799807932807977,215.76350223199444,0.3221202842638613,0.004593897520768863
62203,-4.191654134948717,-11.122506257434909,3.3811308893368333,1.0574758088701612,281.55355555770933,1.2471225787535678,0.004594478488273524
62204,-4.335872477584265,-8.216221107529776,0.2535260169249955,1.3497158726065397,329.6950323355438,0.30393978453902726,0.004594566838523122
62205,-7.274100256620555,-12.95012816287656,1.1227663711531686,0.6403117861891483,134.9839856052584,0.23324852109212024,0.004597307380171512
62206,-5.9508972673363765,-7.081783197993823,1.1927905386882272,1.071712165046875,457.96612738546304,0.16404168417793574,0.004598301451113185
62207,-6.587562640396378,-5.9362404265026045,4.939940423052387,1.5057090913202218,338.36364425038283,0.5307867126566546,0.004599186079936658
62208,-5.128322950751732,-9.56897634315856,4.433842955915868,0.7812064548187021,189.14433528558808,0.11100854809819882,0.00459927959360706
62209,-4.512609774906519,-6.989276022245936,3.694374038865428,1.8083967471835152,430.8579307247132,0.346640677001794,0.00459929271832182
62210,-6.384564737629064,-5.979084582103228,4.286522747384144,0.828216226690649,221.84427955897587,0.5191739182120596,0.0046013619253514205
62211,-5.9485602973854865,-11.304759223127675,3.3969389258417277,1.5904945861953137,365.21761092505824,0.027488187233854156,0.00460389396589653
62212,-8.562008368103527,-8.113132556134897,3.1600673670050545,1.7175860555433402,422.9831904058296,0.510691052214697,0.004604083458749218
62213,-4.375835480297008,-9.722087632115521,4.252746749488257,1.8340115622663686,439.5391234974612,0.2203143023682399,0.004604095215810822
62214,-9.334717208398558,-5.0184342157337465,2.76680343483135,0.9993633040182698,208.9364692950192,0.5137611809364993,0.004604417758365808
62215,-7.356930511701956,-11.299523328312906,2.267804564391394,0.7704275691613739,231.5833278255118,0.9791428502854798,0.004604678998822957
62216,-6.689184381302768,-11.630466279713737,3.130553676415013,1.768441286167327,469.4522208676905,0.2062430626367382,0.004605668746416826
62217,-6.473746542261678,-5.6618586400768205,1.9714925023929424,0.8253135179319583,437.04190109944227,0.23785452141522523,0.00460697299687044
62218,-5.902841136072605,-10.027354744258677,4.073924804964364,1.0806425512524334,280.2211680205192,1.0249723122105143,0.0046070368318364705
62219,-4.318040878048116,-7.070625134175804,4.403486051034366,1.8679627142903992,449.88181868166015,0.21079511684392926,0.004609182338049932
62220,-7.795919405257358,-10.22493107152966,0.4694886877408796,1.8684110776971028,467.3573805058992,0.40844618217819306,0.004609799504822744
62221,-5.326114318282306,-8.34083015649583,0.034810195551826614,0.8389562147054725,163.99046834998504,0.036595576613299485,0.004610147018693562
62222,-7.223503406897876,-12.656874082196268,2.035906055134554,1.5703415698224745,362.65838540944463,0.10394438389463101,0.004611011789894247
62223,-4.143564321904199,-12.596716109243946,3.0460121502824444,0.4983450409981654,108.41019926580529,0.11420111049966586,0.00461252621002037
62224,-3.1382603798322712,-10.764150372625174,3.6058739775595257,1.0656482445560742,268.95446407660893,1.246109733614829,0.004614540264701679
62225,-2.5932765839111527,-10.38149472858164,4.871384678446435,0.990544461414252,250.4926584906099,1.026010207944032,0.004614760996562491
62226,-3.820736823405861,-10.00482072012469,4.002203836965495,1.2639954725861022,295.0399924083408,0.14778211011032116,0.004615072476083901
62227,-6.059378782068617,-6.316347257823822,3.5627063196626647,1.1088304668411522,468.0042809029293,0.27125947829254304,0.004615835167624269
62228,-5.231122706032903,-6.832029443525056,3.34868821919583,1.6641383089618706,390.4931796484263,0.4544616511797068,0.004616021013830063
62229,-7.54578181609776,-12.041537999325115,0.5440783606737067,1.1556097305827886,291.7530443036648,0.21898093853614586,0.004617351680885376
62230,-6.27385915300018,-6.370069916788649,1.820079403495437,0.9521557366818215,188.54382053216378,0.2598546971943385,0.004619084517008976
62231,-5.019708926462904,-12.823572378236102,3.0567506395803203,1.1116314968827077,238.40349243319932,0.4986383296594985,0.0046190926083789
62232,-6.402897992760043,-5.986697694880443,1.957490940517325,0.8975252721042204,215.84174757995495,0.07311049324230101,0.004619754029804795
62233,-9.336200948765491,-5.039829283918786,2.151054758241927,1.1172939154787327,201.3607499040319,0.004942728361127635,0.00462003312763325
62234,-4.977608158696835,-9.36571490568433,4.622097675808221,0.9384682290209053,150.70662739016228,0.23108750489427177,0.004620394337050539
62235,-5.830399093158676,-8.903715496516714,5.1819795455280815,1.0078756285111428,247.26199257869624,0.7187910996250535,0.004621015065101831
62236,-7.1399896760553645,-12.176500404981335,1.357548443930107,0.9033743551366583,467.7215371950399,0.26794130261846494,0.004621219265925279
62237,-5.488593062629857,-6.931329012493905,2.197014028439267,1.2471397958716246,310.5912164473095,0.7820527209660346,0.0046214689095770735
62238,-7.094795354544451,-12.198456817131417,2.5500438510386783,1.7217675633568736,438.9012348885466,0.5505878077838542,0.004621491401142286
62239,-9.05885011349135,-5.648288199216818,3.9216488802230645,0.5584820928692581,136.9339284884495,0.5388945837013592,0.0046226718118409236
62240,-8.293584460699972,-8.492285491008516,3.177689347792044,1.0002326396411048,253.42589133141078,0.7327834018298818,0.004622826702904308
62241,-9.2602272476331,-6.204195756237121,3.2855384354895887,1.00580819167839,247.41985221048822,1.2149955265832988,0.004623019700926875
62242,-5.949250851474912,-10.073894841596086,4.036442437602029,0.9658422683271435,263.6015998986488,1.0829871322105982,0.0046237850725136245
62243,-5.687233081232547,-6.667277410285317,2.8172524284958915,0.9024051108637828,188.67627195184065,0.7707551206522707,0.004624798290718309
62244,-4.715213360071075,-11.095625631332256,3.4038290377044,1.0816787297959354,282.0046164056965,0.39279622729905395,0.00462483561485637
62245,-4.7772224822284235,-11.868574115066178,3.187505402535421,1.4788862371353688,403.22557321342043,0.4291824020469699,0.004625712822416745
62246,-2.8902146081563025,-11.707392057023512,3.664462226824563,0.7391356741688049,148.20026920503082,0.02164917226071683,0.004625971406097453
62247,-5.660089315505435,-6.930493483535794,1.955959191039607,2.802021417211677,479.67968910835344,0.32734199596645386,0.004626173475779512
62248,-4.498934087859279,-7.215827439431504,5.075835937908316,0.7292625588429895,445.7623760053816,0.31599775816908693,0.004627536864715162
62249,-5.927896568388543,-6.577309125860967,4.433447664065939,1.2259691197095333,216.9300686989958,0.08199979423397785,0.00462805189781951
62250,-8.489518519777297,-5.7231926934697,0.31278578033126986,1.7744765931303785,468.5467186688678,0.5398085747961971,0.004628435195757254
62251,-2.3826823912340336,-9.421002924650443,1.757699430016023,0.9501178732555284,147.73107143829768,0.39738763075328265,0.00462889961421443
62252,-6.763998809828636,-6.337675508133608,0.3831938024865738,0.793582116521107,231.2595362291895,1.195757692249562,0.0046289233378918595
62253,-6.564196639553773,-5.470615397076229,1.8062097859706914,0.5961040240044208,136.027256808029,0.44981610708263187,0.004629299767673754
62254,-7.125231674151372,-12.316385650510279,1.5433436245283447,1.1048270350629443,231.05618059820156,1.0177760679446335,0.004630887962985912
62255,-9.050522440382473,-5.529564362359281,3.926291591552542,0.9809234668379029,272.5527144784308,1.6908507044451833,0.004631162261788691
62256,-5.14458961216175,-12.634384020570554,3.08131076131043,0.8155768748475127,171.3321227287741,0.17803101360951157,0.00463180001059867
62257,-7.896117321263248,-9.870856228554185,1.8094788761210998,1.7064119149058339,400.7359359187504,0.19895891275870614,0.004632349450769278
62258,-8.56714677732497,-7.809897047889104,3.7540085033266286,1.0165870435848172,155.61943108635467,0.25189693273795033,0.00463286846975195
62259,-2.9798818381562366,-11.924718273380547,3.4335678403353533,1.1236092076854727,467.5055796464421,0.10312868741474013,0.0046332380590340515
62260,-5.1090934168105315,-6.8793341287029035,3.6854219875185104,1.379734686210606,302.74032579191254,0.09555062684451965,0.004633299499942324
62261,-6.241501979307647,-6.835548700348587,1.028704430814164,0.8658838762373102,468.12155521882863,0.671470502722614,0.004633347235540317
62262,-2.8634285335310796,-7.482204644021394,3.0119935963620708,1.1743491998231839,300.0149845525613,0.8652648504222764,0.004634122703375769
62263,-6.200231985826635,-6.273754976685175,2.2294934650954046,1.78498883707293,436.031345597814,0.5516391398482314,0.004634301302233776
62264,-6.637070518928239,-5.261463022777621,1.136603068058954,1.7714753237748067,430.5503739158533,0.14265429745368952,0.004635157747426411
62265,-5.176190818385117,-11.818201782217027,3.2146602134639704,1.7803416206877898,423.6945490397761,0.39112638387271037,0.004635707361880817
62266,-8.96452700860746,-7.658438649283506,1.4198283922959536,1.0177857763994251,254.33790671432777,0.5605063549628362,0.00463582039454713
62267,-8.93229285349096,-6.777566795023767,4.106154613512084,0.8783178546268203,468.4720103165722,0.1158231726974277,0.004636679980070519
62268,-5.47643069554707,-12.164741543865777,3.1718795667930757,1.8222817090026273,468.83793068958335,0.46564563535013637,0.004636720541382969
62269,-6.489071060022526,-5.315333863719242,3.419139116465148,1.153881312913021,468.29123334305166,0.10752745629793647,0.004637517875075472
62270,-4.927930811986371,-7.342481821779921,1.5409940301991047,1.2159138147879993,468.2321093125114,0.5697203994269113,0.004640875234555481
62271,-4.123182059355996,-11.007045979986367,3.4166811139605415,1.3781102470312279,323.59738521750586,1.359336380960615,0.004641902462212425
62272,-7.818602230366482,-9.497356429682373,2.7836622998338427,0.9051265415528137,247.51207443936792,1.4494520985650388,0.004642790295318663
62273,-8.453239015667863,-8.511892166042529,2.565384451230985,1.3617512826739404,468.8177061422482,0.25537892729605094,0.00464481654364028
62274,-5.169343652932937,-10.35188035210172,3.8067089008977657,1.2604972039154363,284.5876287151516,0.38633212877334433,0.004646568483024469
62275,-3.1277399247610287,-7.192707220068317,2.5449719162627953,1.1145480998897217,288.5943210421142,0.9730244438582423,0.0046485805240338495
62276,-2.572154569913736,-11.738841995676662,4.5208340554557145,1.4699099822440442,330.28696147179346,0.20471737660061162,0.004649037602268572
62277,-6.7573254358855515,-5.391979050377918,4.855786833823986,1.9293586448300666,397.2570272950827,1.8684535673620504,0.004649134151234572
62278,-5.980378866420514,-6.454080640967402,2.6854398693057218,1.672266214128995,360.98624782503623,1.3455891014433927,0.004649182761786307
62279,-7.864081945457019,-9.970355435584125,1.6830468801993834,0.691877570723482,144.18891598016947,0.12736135907310508,0.004650479179308336
62280,-5.796321667450131,-6.596073652882073,2.804408969558237,0.8606504992339623,467.1530035435911,0.7016530238872045,0.004651364662559275
62281,-8.81246875092184,-5.832123051450953,0.48046388317001876,0.9537828679036647,191.09306207963567,0.49037808000488514,0.0046513888843563896
62282,-9.284320129753324,-6.850113473943035,2.4309197340569457,1.1335897281154588,467.97907691486864,0.35830116840940196,0.004651455782076945
62283,-9.277672004375633,-6.116050801046866,1.9182812585508369,1.476167122530616,447.3057326824473,0.7472752723622742,0.004653034887968219
62284,-6.295998663946989,-7.503029690115649,0.3314617066349983,1.0356801056167642,280.6524080180365,1.924753610498274,0.00465426933228032
62285,-3.349953766077589,-7.477527239223597,1.4962809874130754,0.9972996669198742,256.2833851611255,0.19690801839365957,0.0046543062677879285
62286,-3.0576437846590068,-7.260396991489387,4.026275883684143,1.05891700132207,281.8528511231216,1.097060159262191,0.004654935246471969
62287,-4.042390478771715,-11.17578430137719,3.35240894335667,0.8270133978886783,209.2023839543801,0.5592836716730902,0.004656890308866129
62288,-5.965634497184244,-6.48468237773885,2.660623562949217,1.740184452152002,468.01352370901486,0.5503558862291911,0.004657270085608425
62289,-7.124521054151825,-8.670399976088044,5.019297240462372,0.5257486377184013,148.8254566231776,0.9580483869141956,0.004657516340161785
62290,-6.067292014598251,-7.940966010000562,0.10509610054239085,1.2133356406157605,302.4397386951092,1.7150655075551784,0.0046578221640563786
62291,-2.260228845415787,-11.597109556499772,0.9704280347461299,0.6908484312536309,162.45374987586095,0.32456156070026143,0.004657822579800759
62292,-2.296178096953768,-9.955402427769897,1.219756879030553,0.9230741227136738,404.74901328663327,0.9144503317505324,0.004658337669153861
62293,-3.921084439837042,-7.499368280548487,1.3989057276092818,1.8656923701257813,467.8610553441421,0.1070969012815306,0.004659672281820742
62294,-6.555744701237897,-5.966517136385686,1.089141789753852,0.8756496111220323,200.6246783225267,1.1852415493462507,0.0046646110859249945
62295,-6.560414619830481,-10.64088499237456,3.5708936831038565,0.9676495857421478,264.84959494085643,1.389231356798553,0.004664878164397962
62296,-6.501855944656048,-10.159140311233571,3.892280846168858,1.7884229754806829,425.557597318243,0.3169846210519127,0.004666259108311244
62297,-6.965123679379769,-11.760438961450047,2.8470793901822105,1.2029223049056799,306.12595485703366,1.4203214107808932,0.004667607687407185
62298,-5.9524684398074506,-10.620848354792402,3.6806992005806127,1.7867276672500756,468.04977680907797,0.07447599003258887,0.00466782134930748
62299,-7.127347568720557,-12.821902317762113,2.333742058901363,0.8526585235224383,197.1489416355582,0.24318589710475624,0.004669027182281111
62300,-7.068477357818876,-12.066020398938718,2.617220162791994,1.057685228579798,271.57931903774977,0.47494224441774957,0.004669350136324926
62301,-2.5101450682080078,-8.753317659712625,0.7601933910859799,1.331784886834108,319.3097426524318,0.21296922810633845,0.004669475595485852
62302,-3.967126499487752,-12.60144927841526,3.024485546336042,3.514297705830041,421.60258309858773,0.06242447757658276,0.004670621857762719
62303,-2.7632312920653153,-12.402584045134018,3.8943661406914183,1.3028030955384549,294.18651730601425,0.12396196038463714,0.004673050966889111
62304,-9.187528422185093,-6.9645703802295404,1.8013414515507291,1.472229306462739,342.7092056192301,0.4839206704901944,0.004674304716318331
62305,-6.6436378217236625,-12.01213146061544,3.0594233699484206,0.6998208653847793,467.2966898084312,0.38072561729328847,0.004676605417109837
62306,-3.2031009571856135,-7.696418598783288,0.9850389393921289,3.5338524981205515,504.77599986177523,0.17799427910563903,0.004677412541043534
62307,-7.3086452573668605,-10.26397176895568,0.2559851437227888,1.8813356693259145,468.3459633942188,0.623529523827802,0.004677760631456951
62308,-7.030967599096892,-12.640715135442466,1.4284161882471968,1.693755115105761,365.7881576377409,1.5034151200568981,0.004678687174201048
62309,-5.173131758061663,-12.215832150058953,3.1325276643919717,0.8147667982656019,467.1808017180605,0.3938049173939735,0.004680517916049569
62310,-7.573936645621528,-9.30542658558716,3.60435793630146,1.2900857855123917,296.05338678039544,0.3856245717598821,0.004681654516979856
62311,-4.710251947197975,-11.199718243429553,3.365446485543392,0.9197005963588827,255.94982122059383,0.4572842659968357,0.004681867040572459
62312,-6.406777827141915,-10.410817808759433,3.7494636747345704,0.8915926771932629,220.59313483495916,1.1485837375480745,0.004682130151216982
62313,-6.57036981909089,-5.612254642725197,4.408882696911009,0.9495832108647225,252.48967498751057,0.21628973762215242,0.004682819882471263
62314,-7.551054758954461,-11.88081395908087,0.5268785097364206,0.8567009252047542,248.1316346590285,0.9995411374647736,0.004683598950910021
62315,-5.800358435548233,-7.6870777185134465,0.48179812837308916,1.492720282195745,338.9917303409121,1.3233097023349742,0.004683916536740765
62316,-6.720828064925448,-5.162081707166241,0.9354220313524746,1.69045417165396,399.15398979053913,0.40610975889846745,0.004684751938172428
62317,-6.070043632322747,-6.728594033345762,1.7076313629807693,0.5638387827995389,116.28583985423856,0.6118642314976865,0.004685027606674485
62318,-2.5413317363654233,-11.128314610232861,4.586214526174799,1.8179403781717198,468.0243560532146,0.3790687596749098,0.004685152859043485
62319,-5.057729808373244,-7.110901558454747,2.036261776634317,1.3711020321586849,328.76364842160325,0.23602818935172287,0.004686139559717125
62320,-6.14975741428992,-7.838436298491593,0.14382064579015816,0.9183365446032171,192.7433038063378,0.6912334982170067,0.0046868723269333674
62321,-3.108400330007493,-12.959093652056612,3.0985548675688728,3.4299071604271965,529.3090029016944,0.9724821238836858,0.004688256729362614
62322,-4.296023066440753,-8.80686809061239,5.169452570736867,1.149033445609389,295.82740445996313,0.23631838961639584,0.004688317349310808
62323,-3.294866253422425,-7.097163369531891,2.8631634439190896,1.0433508426303781,130.53706164179656,0.3389165489629482,0.004690408799884002
62324,-6.567161092191018,-6.838176291325577,0.5029708888383286,1.1638703730899702,457.5700537327098,0.36682343785024685,0.004692093257337968
62325,-5.9855796823468115,-9.910004519354235,4.1565660675057865,1.7458153246758168,414.3668372723302,0.4393455386047975,0.004692158635771857
62326,-3.5732962973390077,-7.256639743398708,4.961645602026011,1.0784984951210963,230.40466186148132,0.8456590555269168,0.004692408536747724
62327,-4.570706378151962,-7.312678926887722,1.816171131966025,0.9716185370708026,467.6201908889392,0.6556688423783754,0.004692997331277039
62328,-6.898424617635236,-5.142901111697057,5.098887245774962,1.8142473300693005,431.25443749688367,0.48543425765512094,0.004693224774508563
62329,-2.7921760588232702,-7.922964251355749,4.570621896697458,0.7491374132299281,144.71002780738067,0.18954106594462594,0.004693882614882703
62330,-6.93846542535548,-9.840955539960166,3.8942090133538163,1.0887048384424567,468.12214409909063,0.7738180621724746,0.004695306956514532
62331,-4.9623565703913455,-12.382432535543785,3.095753318949443,1.8910741613687099,467.73049068119917,0.5583566413646182,0.004696647471848867
62332,-7.709312622558167,-8.132096790879485,4.97768364485976,1.1286689075352578,229.7766898340373,0.5447660690064096,0.004697069548623439
62333,-3.0343372911187423,-10.902779068020937,3.6529254430847886,1.5429108850601312,356.9144294346549,0.36274689235000857,0.004698843254046807
62334,-8.99296357512231,-7.590659351138038,1.5311806933087282,1.0997754484713869,467.2922079746245,0.25320913361737585,0.00469903723486116
62335,-2.4121650707154103,-10.069071695798684,2.7095468095575264,1.0201395011667171,268.2490105528042,1.0248466521216573,0.00469918521129311
62336,-4.052295164249461,-7.555198894644549,1.2403214323541467,1.601072196020312,368.90041715252175,0.9174875074814723,0.004699707752386394
62337,-8.971751869904471,-5.70614115769123,4.1299287948730585,1.4198368838964532,315.3057263400955,0.19325509732138713,0.00470170682716432
62338,-4.514595085063457,-10.927802726843383,3.4608954791571427,0.7509661640744425,467.9021445816854,0.5128718676530566,0.004701868040716601
62339,-6.569471728566123,-12.527141660666711,3.0101039333161337,0.9632004713047444,266.44767514788845,0.6011841208244535,0.004702690835492456
62340,-9.348099987224842,-5.854583335796335,2.4214520534509933,0.6348742497148149,129.2608156438859,0.1802165326158116,0.004703938472361643
62341,-9.100011295663998,-6.826760132311974,1.266068568078603,0.8380999055140661,468.9775158024931,0.17873397063055396,0.004705060241328575
62342,-5.824020787774701,-7.57189103923766,0.5929703406995569,0.8620850093166775,169.96172945748765,0.04629212307122543,0.00470518545820306
62343,-4.082113994115984,-10.250812952607152,3.8152649437460973,1.624920888935684,348.3397056072529,0.3628959519847683,0.004705908432903155
62344,-6.7717837632771145,-11.773831914824513,3.0232545865356766,1.0374247181777938,271.45359653387277,1.465989133276473,0.0047060857814468894
62345,-5.509155515705762,-6.995056371286838,5.089963005719371,0.9896782155573403,203.06904658468773,0.8722547403367118,0.004706279061884192
62346,-6.073400006892356,-12.268466321859009,3.157688387965216,1.640192198707953,360.7009129736738,1.7429245383471335,0.004707376778045378
62347,-7.69867733220977,-5.422909742787771,0.03655016456575306,0.9010274450114378,257.995139257054,1.2096694139988076,0.004707648802131516
62348,-7.531111659913165,-10.439690678326704,2.437168507084486,0.8518974337497545,214.94334629079162,0.9476270063236649,0.004708335953667511
62349,-5.969616050428946,-6.49547815731334,2.589540174167641,0.6454787231948426,180.08692256665955,0.9810445526904106,0.00470950677679671
62350,-6.817464565782959,-12.644422797561031,2.8277573865535888,1.0318747208552577,467.4211493072785,0.038659667858842894,0.004710198745618245
62351,-4.023018415865732,-7.642268922638013,1.0439318117039227,0.9571961240082534,258.6570739549908,0.44641249310302467,0.0047108510624733705
62352,-4.33252688323315,-7.018363872597604,3.5781977209975357,1.081970007289205,265.72041333655454,1.585303654405691,0.004711173641527968
62353,-8.55343171608081,-5.046722068843408,4.915905334759088,0.7697523918720075,355.72359540356575,0.42836202783841415,0.004712190561641152
62354,-6.171122742118197,-6.938588102439824,1.03173364421349,5.677927722328696,656.4323888113762,0.6308409714153891,0.004712219889153025
62355,-4.1857033075543075,-8.908589984840436,5.056165390377333,0.7778980700090296,469.5441043842098,0.19811768775423655,0.004716287148943369
62356,-3.458193629838587,-7.074249790188065,3.959701146607393,1.0403274295576128,221.1508304094019,0.5854919855127649,0.004716385666644012
62357,-2.5024391306854383,-12.722852338417772,4.307479355048493,0.8980618268129148,468.18606351816413,0.11407728804757067,0.0047166947973293835
62358,-9.214092772031382,-6.355200544427723,3.425983434089335,1.7364068427224517,409.7521327710646,0.21420064979741138,0.004719129104358526
62359,-3.6532106432025904,-7.3081860612853555,1.9606429435280615,1.8385841588538707,469.66931068133255,0.06263501448132658,0.004719501645929648
62360,-8.74871165315838,-5.680632470923753,0.4350619060339872,1.144574484995725,467.5293037402982,0.20803819468080587,0.0047195342198433745
62361,-4.554427536703992,-7.014490104980511,2.9497942536920867,0.7858710610850652,224.4449061150556,0.816024238544462,0.004719766280128014
62362,-5.295115196755933,-6.879070618668802,2.721880422160997,1.0438218431825064,280.1124182774154,1.69594610568861,0.004720835995452807
62363,-4.4220389812965095,-11.099648240137208,3.3782005972989126,0.8877838608510427,467.2996679000393,0.613553555163727,0.004721307681078551
62364,-4.132659285055872,-9.520394358165674,4.416021843729242,1.1470571173289406,242.93247359146955,0.8182524056315135,0.0047218015517176285
62365,-6.671148674305253,-6.155188892283845,0.6906286600943692,1.7675217610598009,421.1305307987632,0.7213187932513732,0.00472299167682068
62366,-6.376325294981168,-6.368789399926855,5.025947795475568,1.1880543050391026,301.26656956896306,0.6599153427389046,0.004723920798402582
62367,-6.537033121265843,-5.216974147758788,3.574480095441885,1.068188660395293,468.4057995102733,0.538546915068971,0.004726177584314664
62368,-5.3799579274565765,-6.971939392533177,2.189878583442451,0.9911969189333538,468.1904660446724,0.8434517468169789,0.0047279983591647316
62369,-2.4369805414382117,-9.635995756882268,2.72570230951165,1.8351508578026052,438.9080513536951,0.09521847009553319,0.004728178350135946
62370,-6.021946196114426,-6.702686003217663,5.045638964889459,0.859869274081402,467.7824783933038,0.2539084777282472,0.00472945777296776
62371,-6.3767066690912735,-5.706317236203453,3.097790253909048,1.1297380001844588,303.70833708682346,0.8931081601797777,0.00473057638204242
62372,-5.752330036598988,-10.926831796154044,3.5219610474235084,1.3994206253424506,310.0116919254252,0.1845418220569286,0.004730584100510569
62373,-5.181155154172333,-10.793201769034567,3.549580604434291,3.144469592362382,509.0290641298406,1.179544232548701,0.004731087275908358
62374,-2.3198706759806242,-9.890060428007875,1.0597612518726336,1.0887908734161562,235.84222125028506,0.7954142124515826,0.004731223294691008
62375,-6.526912613974452,-5.280255498921167,2.118271316091792,2.5143777823939444,449.1557187516488,0.8442571423931193,0.004731943740341141
62376,-4.43741397074155,-10.346623637386745,3.765938468217398,1.394920521882889,468.5072508486301,0.04400884189811638,0.0047328145808254694
62377,-7.046941980002719,-12.122252811367531,2.627412865607473,1.368085885781348,325.267255022739,1.646883224335082,0.004732836173610294
62378,-2.330546778732959,-9.64188942570923,1.4102440900968691,1.811174749539064,467.6229133158379,0.6077223834727503,0.004733367538130962
62379,-3.528816407569466,-10.742364814929859,3.51296307639578,0.49406356069968094,126.17181799608451,0.9610431707737748,0.004733426465386731
62380,-9.132011798574267,-6.657131526810028,3.603737778760038,0.7640913642655628,159.33280403623877,0.2656669147496391,0.004734527170184157
62381,-8.42879097607118,-5.014699008879145,5.113120765934203,1.131399750827384,270.85571404202614,0.9214822379026035,0.004735184015202734
62382,-3.295427938152498,-7.956246493739951,0.5990307234167589,1.098716982389682,286.80775180677404,0.5200781414363469,0.004735218626832841
62383,-2.376588318163231,-12.129218024362379,2.8210225353439284,0.6552186350623274,152.85190652772118,0.18306809341627073,0.004735415141182572
62384,-5.946882271899804,-9.127364596246267,4.921865906244038,1.0932029983319802,282.58062224320247,1.4495929091767126,0.004735939356665284
62385,-4.967655029545169,-7.8619827013342505,0.5673389577769767,1.774480980788899,155.06675237869962,0.3602951531211138,0.004736391378101535
62386,-6.468866753381213,-6.553155945151348,0.9086604878795925,0.8911189530418767,234.72578464929666,0.21490196189156752,0.004736550254634606
62387,-7.199170343587642,-11.912686622960466,1.5523920279501342,0.8810250298785853,468.45857407261644,0.7735937872433754,0.004737807085391499
62388,-6.744221461662403,-5.857102634339951,0.6622642771586418,1.4917525566441558,470.0148696463503,0.005452304822010312,0.00473791642788151
62389,-6.426485403889805,-5.5386653851710985,2.98261274975324,1.8870194626348191,456.08692242146844,0.4107420907850905,0.004738275633441026
62390,-4.632656980319196,-6.974982956510907,3.6094029132358476,0.8545211220604519,467.95613058305537,0.41747215867894294,0.004738350611324907
62391,-7.686606673733376,-10.900978506555369,0.9974814641230223,0.837061074658322,204.5594325581565,0.4341221002480129,0.004738591171767611
62392,-3.0316664090333676,-7.35328450402466,2.089768316525846,1.0470092995307538,466.14628670950646,0.026317997227298662,0.004739572968076107
62393,-7.571152652852922,-10.722216278110642,1.886905265684401,0.9955403792139244,195.30762482114804,0.2624190330065579,0.00474107358923526
62394,-5.0258539333555845,-12.966795612565047,3.0308610184119553,1.1028185419511753,285.70231311393235,0.6284693803436241,0.004741442055556809
62395,-4.344325790142236,-7.609943686837612,1.0453995634854494,1.163071193496836,451.03201026793806,0.3619111557783645,0.004741841190872498
62396,-6.041290967535729,-12.581259213339516,3.113897614679977,1.023899684053459,468.4483322929167,0.7485677467379714,0.0047418912943576865
62397,-2.9416906158671443,-12.515141704862149,3.3976254393198877,1.250286190695719,312.82668484544496,0.55648130515294,0.004742517184835181
62398,-5.63709125741296,-8.11503835222273,0.141881011985432,1.5237424017098489,345.0567639350041,0.5190553602927439,0.004743117283577496
62399,-4.948736287184393,-6.914597264662755,3.6923795844365657,0.7447246668781178,150.75878377780802,0.8417602046689412,0.004743526286950306
62400,-2.897777365468876,-11.159270278927208,3.788401568845463,0.5912261166343925,160.48280245095492,1.2264947256620315,0.004744062507203665
62401,-3.885255744295467,-12.602880173291394,3.0153069370138508,0.6232576735505085,175.82843445385984,1.0366926246523986,0.004745071179773738
62402,-5.850391727209386,-10.996324758843091,3.4928059695460534,1.2321422999162466,148.08149015989,0.3925482261569577,0.004745072053268614
62403,-3.695544892281762,-12.224757738629629,3.064118774093454,1.0200107687522717,277.77296288975924,1.26013805798135,0.004745590172691292
62404,-6.517815158639211,-6.732686100191447,0.6975844631555945,0.7122638183061003,152.0459879197808,0.16249782771582044,0.004746592521812461
62405,-6.526876884174563,-5.2023090113532815,3.511209052162643,1.8777019956273577,468.98846532458145,0.06755272944456792,0.004747794437420843
62406,-2.975091053560746,-12.52234204040796,3.3368717596458977,0.8780161842178088,468.11586230183866,0.7397919602680529,0.004748620250654226
62407,-4.047098841092308,-12.614299378242583,3.015403552750047,0.8337261720571647,244.40681205114234,1.6024216223470882,0.004748650858007363
62408,-5.9498909734943615,-7.078766562972553,1.2803853401238325,1.0030491892137678,275.9460492210704,1.7399564200030264,0.004749182002086324
62409,-9.278681423207148,-5.028872202509843,1.9309475919338526,0.6241483405509531,179.2370450550128,0.8788051341169743,0.004749291274457204
62410,-6.874908539461417,-5.835517374047358,0.31862379064050506,1.1884623285947706,261.9039374682574,0.20019025801314605,0.004749712901023075
62411,-6.319221938007382,-6.13573325263321,4.319030040214296,3.073682651857615,489.8286623302408,0.5028943516966615,0.004750218056362888
62412,-4.215478740724409,-7.048364966954439,2.979123784623367,0.8638664044071128,468.9615576662951,0.2008730797502638,0.004750502401875593
62413,-7.339375314152724,-11.522834309742407,2.12071851845888,0.7461723825219544,204.3278961056166,0.9855575553593328,0.004750965042048262
62414,-2.4893814179830294,-9.986624603899422,4.044594913787357,1.1862652432515544,305.26800327495636,0.34167556114099096,0.004751432517615268
62415,-6.30247437186963,-11.710375236590432,3.232127661193958,1.1586860060442363,299.27820799838344,0.747703700800332,0.004751495279078958
62416,-5.511190368328488,-11.740162156241063,3.24101824365869,0.6448294046182759,201.22070659098065,0.9490004756264208,0.004751959468340799
62417,-8.580789783527177,-8.578500837198625,1.4117945943038963,1.6421618385630259,378.50692044524635,0.21097084076450834,0.0047524020670656406
62418,-2.7602950398713757,-12.364543045911125,3.8945878142049226,1.7528861573412693,468.1142488827362,0.7389076403174748,0.004754870584142227
62419,-6.917242926448983,-6.450064076903714,0.06310658359542498,1.64504987753316,382.92243347775315,0.9384214323200872,0.004755322053229152
62420,-7.1677638344599455,-8.88304639396234,4.701193865939765,2.526377170395748,459.86475932425355,2.1376571911646396,0.004755416185757005
62421,-2.3846665886020393,-12.285262245194692,2.9375078423061987,3.1875822264925464,513.3271512506964,1.2741516135216502,0.0047561245594640545
62422,-9.145551673883219,-6.6529631632267545,3.5593550093357527,2.3079538241484503,439.12485737646745,2.3640983784522644,0.0047564140595024295
62423,-6.548658120355141,-9.798825913226931,4.1533960026043975,0.9111871605109401,469.7623216038612,0.11986612589340417,0.004757197045487632
62424,-4.998768031752247,-6.92968479487003,3.8885471745310602,3.6020450954596446,526.7827575439553,0.3576605891368194,0.004757721557302709
62425,-6.359635322420756,-6.0831246704413315,4.356570407996019,1.2746272421748543,405.66152708178225,0.45716986343157195,0.0047587111489544465
62426,-7.211930528944386,-10.231359885794369,3.26672616105152,1.2066283729389067,468.87866150958195,0.2565462714191282,0.00475872372847233
62427,-4.244834435318337,-10.894686087005017,3.4600927717010976,1.4934249099732977,339.23455259310344,0.0696170006270398,0.004759197464114606
62428,-8.674212118857088,-5.382142052874734,4.7219082553686675,1.7695429509970202,467.79515415266394,0.3858095769673744,0.004760861640115497
62429,-7.578267730824596,-10.710271719809667,1.3432834335850057,1.0716703775864007,277.12711937765266,0.560639738702104,0.004760891945637469
62430,-3.5896487366034506,-10.571572480032863,3.6023110852372473,1.687883727469445,395.91772750377424,0.8671117938049555,0.004761946023702636
62431,-5.983560984616853,-12.089076768138206,3.1814273251493326,1.5078497496125378,468.82884779739294,0.29092909248229937,0.004762158010456931
62432,-6.111697711040279,-7.88508792992627,0.13487265034670035,1.7102050255512768,362.1807471673652,0.7672371580631632,0.004763226084030994
62433,-6.859727743105518,-8.73446089822632,5.1415356638679075,1.6540889306963935,469.2601554837612,0.6299609548165153,0.004763333589271189
62434,-6.402203492151942,-5.715307693254855,3.568745110482048,3.2172652101906425,499.0328965958109,0.3764948618716568,0.004763934587183221
62435,-5.068551785660237,-11.850392412332443,3.1890007337853605,0.8565372261660598,239.17551940143096,0.4549698922206664,0.00476444711989026
62436,-9.307547310777927,-5.711500009525675,2.0162504720246166,1.7202151339569842,405.4132506372705,0.5952633863649224,0.004766098539902328
62437,-8.454916094770716,-7.150462966803369,4.835019422078874,1.252080488224874,302.24619930940344,1.3710109022632304,0.004766299813058601
62438,-5.8832954508218505,-6.814692180880255,5.081563342026965,9.384236091484668,699.396291744735,0.18383149935446408,0.004766590862439393
62439,-2.6059778109780476,-12.4633861905761,4.374604738138618,1.3795556576075998,196.0416388013875,0.33754561739068834,0.004766796925440718
62440,-2.966842418742627,-7.557313641796835,4.799970103125105,0.8636842386007361,467.7349864630568,0.5554204377097314,0.004767192344508608
62441,-7.360838268069977,-11.441744233082046,1.691409696431777,1.3126677195336767,255.2445139939956,0.02369431015231971,0.004767507914792298
62442,-2.7345530217965743,-7.720020997879891,1.2086804543736631,1.3927477920644082,328.44933281682313,1.827155472691083,0.004768043113998747
62443,-9.287985306869192,-6.709058488227693,2.7953561987965445,1.1910976041111632,468.1792484518727,0.5616795796438261,0.004768076698143381
62444,-6.593843197293794,-6.244071434790553,0.842976272665556,1.4956951792156816,335.40976065083066,0.6864760561260654,0.004768357628045836
62445,-5.078674361006905,-7.511867544634201,1.038338184438915,3.0571903828385563,498.71684282123124,0.2947236314602675,0.004769638613043853
62446,-9.17670782091699,-6.258787789072862,1.615530417911949,1.8633584339596114,467.87439904449053,0.4601955221793368,0.004770547564550059
62447,-4.480942770934942,-12.247862688508459,3.075247395721743,0.7133247355829371,216.41872087202168,0.8041546789373006,0.004771962055854774
62448,-2.81031436906631,-10.195357754213479,4.558669473330237,0.5555342105260292,117.08854737440755,0.00018124208383341056,0.00477307500053381
62449,-6.518198534332278,-6.113416099787042,1.4037612452124157,0.8277190189613131,194.3422708528467,0.05090636287479455,0.004773810375718137
62450,-5.282442921703119,-10.479086994310153,3.7233118533354173,10.890219293452096,378.7298345027886,0.2958718438922636,0.00477481348387354
62451,-8.669777765538173,-6.599739189438078,4.741308002128588,1.5334060026475709,305.67568958018376,0.10987597170773888,0.0047750388201159965
62452,-7.19601815402476,-12.734623005286881,1.1963208013587692,10.198022698734153,329.00301551758923,0.31950951970846386,0.0047757191127468955
62453,-8.92031424559554,-6.1111498489399345,4.265333310776326,1.8543161495643614,444.3238724360532,0.13570562382690543,0.004776279865764869
62454,-6.4303858628391,-6.0841826348796175,1.7581472455530331,1.5725852731262324,468.53114567313696,0.4187300921354504,0.004778962057191733
62455,-6.649633581831051,-11.940192504291943,3.0553680011319644,0.793197218932998,159.6285705797519,0.2914156856019732,0.004779331545483565
62456,-5.871755142034832,-12.205191831088584,3.159353949984765,0.5626619487612987,161.32439694444233,0.7799229625467552,0.0047798096796946065
62457,-8.485078631156208,-7.42463975050846,4.492863094875485,1.1486316970073245,467.2017937478673,0.42773976060708296,0.004779923467436148
62458,-7.196558288273897,-12.939480171657873,1.9584542973667098,2.178375323118634,423.0807471322572,1.7009908427343623,0.004780533038782465
62459,-4.743919831133109,-10.804776342210433,3.5178074779717865,0.8564488813835393,175.85669591329955,0.7299766204160134,0.004780944546583586
62460,-6.263488505548911,-6.774501490168193,1.2787914356956065,1.0910385670193419,291.09958583502805,0.9157189222073825,0.0047812496879445394
62461,-6.602878588078553,-5.792444166319708,1.0656794152493485,1.8407483627466765,440.42392869781406,0.36321872090954965,0.004781292354505936
62462,-6.3568859889311025,-9.443135777986399,4.542037187433374,1.3195107409610594,320.631753205395,0.39562185324615395,0.004781358775742219
62463,-2.7260189452599137,-12.534813968847697,3.9865962556012393,1.4690120085230107,259.3926111656135,0.03201392525791924,0.0047821781272190085
62464,-6.680509881408107,-5.019532845475635,1.4838801186674506,1.4470762978951515,331.2351015089953,0.38475946553736584,0.004783230127472621
62465,-7.749250205121765,-9.577393453707725,2.8459567919819895,1.8275816035705763,467.62888795233704,0.44017143323257724,0.004783748125879048
62466,-6.251217804555305,-10.355009775476582,3.803172776698136,0.8818770643182439,391.85335438782545,0.5399171019458429,0.004784248681962223
62467,-7.185304200246957,-8.729573724959682,4.872267958159093,1.3714763090556406,456.6338514493737,0.04337269118937748,0.0047851667841710376
62468,-6.983737649995644,-5.71700013430577,0.09346231111478646,1.9138655080465956,391.8019717103849,1.427797924339127,0.004785996652895293
62469,-6.936374775607053,-5.4345491582290535,0.2727210311049462,1.7220181435203217,438.0588605989937,0.8628853352654895,0.0047866405939477556
62470,-6.485188432236033,-5.469918493843953,3.4599815853690075,1.4857367835535056,468.16423393068163,0.06849381876901273,0.004787341394141039
62471,-9.109408967309381,-6.755876161086518,1.3611667379184003,0.8415953348144422,230.27778959770222,1.1359711865896456,0.004787936711551502
62472,-8.92536531811144,-6.763667893035153,4.10935020227405,1.6035686487869436,371.10655721046766,0.10144735224175339,0.004788466517602371
62473,-6.751006581242471,-11.890264495123997,3.0004343606434176,2.8600987538464757,487.91373429592915,1.5976188038923738,0.004789080182282834
62474,-6.708320902031037,-11.851658976819223,3.037522356086912,0.9567495706784791,214.64126506235002,0.4009028153690055,0.004789931631031261
62475,-8.968108687316503,-7.722006622856899,1.6719079429716008,6.0791763582016864,673.3789783045223,0.4922634255281322,0.004790355192177259
62476,-2.463455481501785,-9.001961094509229,2.183550295404113,0.9834988984407733,260.6630650259095,1.2183116496779451,0.004790825624746699
62477,-7.570960394788547,-8.530965252681586,4.636577524801825,0.9631790229072783,468.30081792188656,0.8755281875190137,0.004790950076701654
62478,-6.777931273243418,-12.880053613828812,2.82235691133644,1.1887630189719753,467.51645524736165,0.23788556280436968,0.004791991926511557
62479,-4.06057749070669,-9.841374188952365,4.122745529654698,0.837875547498932,177.41355091032895,0.1922174144933413,0.004792216083563993
62480,-8.904476029526329,-7.601244731099136,3.1053645161836902,1.6585198176611944,389.278381235497,0.25240338623604597,0.004792739269314551
62481,-4.074752090359542,-12.381167184036308,3.0421824358415486,1.173138924448221,232.78632827115268,0.008891661994304911,0.004793274132100761
62482,-4.125941777889572,-7.8578588206876825,0.7050424219213893,1.253872679011177,468.3921764958621,0.533547452109068,0.004793391501058495
62483,-5.72622116464745,-10.858877148427384,3.543914214343608,4.2538953058570765,576.1630470608347,0.4949504161035927,0.004793676900401181
62484,-6.2827114871485135,-6.208572244348453,4.353194956613393,1.0888864134684648,225.32399438313206,0.18772332019568605,0.00479446777742624
62485,-2.2942950095907158,-12.086287135416788,0.7471379554125942,1.4930883220439908,335.5266635951066,0.9088448055938878,0.004794977056357339
62486,-3.7032549235904053,-7.061812447431624,3.8687916435243923,1.772488279142775,421.0632111279159,0.09356978638415825,0.004795635877232394
62487,-6.527024628257276,-10.767108319171232,3.50377515560977,1.1021401776611055,228.38943984482077,0.6087751270022226,0.00479586470317869
62488,-5.074941344082333,-10.06329311680936,3.987890881198395,2.4682970128797095,455.15341290120506,2.452077436434596,0.004797329595520408
62489,-4.809280514826073,-6.96730896911966,3.0742501230575345,4.9846715852647385,545.9211856002823,0.11854492784027304,0.004797584819735009
62490,-5.0650819338922055,-7.972019188429641,0.43065935223285895,1.5965926989062071,468.51653729664895,0.1479478921104933,0.004797997488706419
62491,-2.548338703863405,-10.640709315193817,0.11694483239606485,1.548816528966625,351.52686773123474,0.5132865360214494,0.00479880194268883
62492,-5.932714716709951,-9.498727230821004,4.521827935111993,1.748091330728788,468.0793087779905,0.7624335122822012,0.00479882225159522
62493,-2.720054832339689,-7.7793295006031205,2.4363958976286417,1.7957560301444233,427.75688948402717,0.06389815886092798,0.004799397163964375
62494,-5.839214789519314,-6.559063488331058,2.9882292875670733,1.8788823727480581,467.51658115336147,0.4899258362838763,0.004800292246580722
62495,-6.54755246143121,-10.362664575267033,3.7237729038560885,1.3894256519839931,301.9606370862667,0.2162170763829474,0.004802052818249999
62496,-6.582865296645219,-12.975587639448124,2.943735265169348,1.7511940999449527,422.81250979473805,0.4750211952108989,0.004802884782611314
62497,-6.523350266060648,-5.148809461562905,2.8056682833244975,2.339950583924665,426.29670965290154,0.2780588813887048,0.004803062244506962
62498,-7.788930943779374,-9.809129592270725,2.384768490912505,1.2300180953300088,265.2911717033741,0.28206471113725495,0.004803658738248757
62499,-6.131442962944449,-12.886009763385042,3.0648576745659946,1.4114344285043967,331.79958787670796,0.4080492850818187,0.004804287051958648
62500,-5.039680558920588,-7.025595557568311,4.660332461194599,1.381062301523865,468.15305705278485,0.5516392305503661,0.004805567103367685
62501,-3.3271312400659694,-8.376981246309974,0.1659209096854067,1.0167573650862893,278.5827830649351,0.8394635208798613,0.004806098085725677
62502,-6.77730129758419,-12.657877686947376,2.8464674292595,1.4164469212713011,338.1569230177651,0.3566786636021897,0.004806358408803785
62503,-2.360149938687858,-9.535254553359595,1.653476758419431,2.1093507663085007,408.27245249312705,0.873591391453874,0.004806539727315883
62504,-6.0790747956436,-6.370709228591846,3.9496112750359123,2.1550773780039743,422.7618545158734,2.0063484988121543,0.004807009368102656
62505,-8.541629498848383,-6.142497637095707,0.3657562686455325,1.4463074473037913,324.38675434174917,0.5505269296115634,0.004807328324164245
62506,-3.0187573059307287,-7.542458854732567,1.432073338877397,2.580380802601949,465.5977994831216,2.48072749918534,0.004807404050556087
62507,-9.340010536873336,-5.683174763920812,2.2792196195986394,0.9398496151061739,256.4628319583988,0.9832705875059453,0.004807526749835987
62508,-5.470390845924805,-7.744524771341973,0.5899617315073681,1.0765968610147836,467.06829553156535,0.05293022101418554,0.0048081677994823435
62509,-4.522404421485189,-12.130617237130377,3.089838830468474,1.10736658098645,466.97215229530747,0.6185383136745601,0.004810353212214449
62510,-6.496364118591918,-5.411491465126493,3.622851857366523,1.486296125934822,336.7065794687814,1.333046083693966,0.0048110402346753945
62511,-6.5083689103980324,-11.749391726463639,3.160377249967249,1.072170259902075,278.4514830397458,0.9546269280414519,0.00481129958543625
62512,-3.0905353263520983,-10.26445959752103,3.933539875661686,21.18903374182925,763.8516469223531,0.11875066423761016,0.0048114939821118
62513,-5.868623472765102,-9.125695586553563,4.915757328280457,1.2334711149299846,205.44299225578519,0.37214576157955737,0.004812576597471104
62514,-5.148364783053471,-10.394856033685592,3.7625181278547175,0.9607492794453294,259.7581884252564,1.4050623886616131,0.004812634068887852
62515,-9.148201930812176,-5.4646603151840765,1.2243160890256228,0.7933401473788149,197.79339568277874,0.966155421583978,0.004813714785533218
62516,-7.248168847596617,-9.906159161698463,3.484196872161242,1.8155293406331505,467.8542268544795,0.5534544296425556,0.00481461690662487
62517,-6.381875532607429,-5.774065956090249,3.0344360880695103,1.7585823223253343,448.9721874137408,0.25113747548436205,0.004815394434860246
62518,-7.565943963286321,-10.689192470775762,1.4523155649011528,1.1459361348698576,467.3013905511418,0.2935239284765503,0.00481574898124497
62519,-3.5081884408323996,-7.600467502941018,1.209144753708385,1.8799305802199073,467.6882917349974,0.20406510976436376,0.0048171609659252565
62520,-8.52853893325991,-6.047412273941703,5.045761617007859,1.8711294056895775,388.24390775544134,1.6322086144705095,0.004817348890437467
62521,-8.179734419899404,-8.392349311938483,3.6548587932181253,0.5692675899707852,145.36832419226516,0.025643449661200357,0.0048178292743507045
62522,-4.759879786899694,-7.160861221298565,4.97101281953931,0.8268078637235533,140.78246235092752,0.2328797059465364,0.004817904757252742
62523,-8.662245600690069,-5.2072748538894045,4.719771097212716,0.861087529123225,468.85907133273736,0.10684528890550915,0.004818614850757964
62524,-3.7159267573233548,-12.016462639973557,3.092995787565745,1.4967856519550942,343.9249171570507,0.2816022727609475,0.00481878809606555
62525,-3.2571502605208638,-11.550623839928264,3.2062316990489252,0.8858824961294437,469.16575072903777,0.13157477292819575,0.004818953836869742
62526,-6.355983034238864,-6.176267021160667,1.921028073090357,0.7237205125613522,193.59468905564086,0.6420080864167348,0.004819092485008851
62527,-8.833536656721783,-7.740686087782792,3.044209167811131,0.7671278194363749,210.447985063071,0.7831994080195317,0.004820283066404495
62528,-5.047189410228839,-6.979404147007799,4.414249267593435,0.8484710713718057,145.3363591634113,0.21298835920798087,0.0048227235778135966
62529,-7.213206220650877,-12.45756977823876,1.8098170484897151,0.6930174843623874,147.2181080173426,0.29480452559731773,0.0048229162232520635
62530,-5.437774593123199,-6.822448145700356,4.217001931398881,1.682574379522514,358.3082148923636,0.608661433080262,0.004822978995090353
62531,-6.818147657891966,-6.5076309771906,0.24285223637213402,0.9403130620742511,236.10662536365885,0.8486117267381266,0.004823271111113503
62532,-6.360657142764586,-5.9761558368607846,2.2193544979165587,1.0347179682413796,274.3896674474068,1.3662431295328963,0.004823742053527642
62533,-3.43577475341609,-10.02795966318024,3.954308494410424,1.3132895564572398,321.2416665230111,1.342881947429107,0.004824805421909794
62534,-4.039628811832069,-7.158276169482883,2.422240784791399,1.4769486721398513,339.9606529843212,0.7891009673380767,0.004825157369743169
62535,-2.5960736033076337,-8.832734654799983,4.3246782937549195,0.6524929452945702,467.5786360529994,0.44263034326700357,0.004825787513333679
62536,-8.7912344787418,-5.424745854518276,0.46417399926522523,1.7433307242277598,375.04375845721165,1.7700360582540977,0.0048267621254619395
62537,-4.3621137334792195,-11.849888224808499,3.1438989647751674,1.4972138612786527,386.8947183823507,0.42071398676624217,0.004826774651425538
62538,-5.40445475649853,-6.83847463263191,2.7541134127167552,1.8850116111081248,363.9914461759001,0.5164735106028226,0.004828161039816145
62539,-3.8711553231968043,-10.040564702339028,3.953286398637753,31.18465144496845,853.7567202340911,0.17102261279350994,0.004828773634608064
62540,-6.823149411523133,-9.921294916813505,3.899895202022297,0.7492383700677567,466.74587050969404,0.2849541735483214,0.004829438366213978
62541,-6.512947035583162,-10.711265304324865,3.5336798151195024,2.1842974263774515,382.63440814998705,0.21590438091484554,0.004830175113654067
62542,-4.336974755704565,-7.243253906217745,2.0716562683535984,1.07148687290647,221.11100199584553,0.6961748714366527,0.004831620219076005
62543,-5.374840344949589,-6.79948979825599,3.350021238155899,0.9737310858575765,261.4541449992169,1.206663299605304,0.004832842047178673
62544,-6.609953831127313,-5.218792959781757,4.083787092700515,1.0399790501003436,226.35169423380228,0.05013362220309503,0.0048328734865964165
62545,-6.484082234987164,-5.383560561408975,3.311823486003486,1.1326249176612062,333.4619646021807,0.633384252052867,0.004834275163118085
62546,-4.185224738582113,-7.153372839115182,4.669934560164549,0.9224835486056343,467.66043815923547,0.6071049845193812,0.004835064818272015
62547,-5.035448619304098,-10.7826480972149,3.539155675852254,0.861562418284009,470.01437370377977,0.05470150669412632,0.00483680152779151
62548,-5.207552177845487,-10.4747288543596,3.709816264715985,1.1154255154313368,293.0369543123525,1.2866069874657837,0.004837719685057367
62549,-4.179677796755007,-7.559136723018594,1.2432854032173783,2.084908571458927,386.97809711092884,0.34608435831296624,0.0048378898454510275
62550,-8.740415526863618,-5.4419189503851815,4.586102013933637,1.7486605480746933,424.99828168388393,0.7552857576726826,0.0048380617780014465
62551,-6.056293146392425,-12.4378846858916,3.1144848806024594,3.17859806595177,497.67578011344324,0.4703609369134556,0.004839183809156254
62552,-6.672315450080108,-11.351119329547203,3.1941971978632315,1.7572542168718976,468.7573403728962,0.39059164937426605,0.0048396871556931394
62553,-5.221981594699065,-6.894219387265209,4.144051400170949,1.0019513667990338,204.96946496858357,0.05583553879443137,0.0048400403555265824
62554,-3.1289396490865595,-7.2932608987813685,2.1059551300533372,1.0922720155192533,286.0869537039773,0.2579744286427639,0.00484153860907813
62555,-9.087370793869713,-6.6152572565350365,1.0550854447636098,0.9151069486712594,255.84972524874274,0.6153634400556429,0.004841790802119067
62556,-7.674772713171386,-11.155711328184557,0.6362730925381608,1.2999405582159917,316.0092923658901,0.5526841522717829,0.004842122834833051
62557,-2.992243886089062,-11.135041199744531,3.5986780328602497,1.0557981648120145,277.77675199607364,0.6625757673808703,0.004845363980177254
62558,-4.530756044052534,-8.922210457347163,5.048170544795151,1.0648038493691245,220.80229360257397,0.17669833133677315,0.004845376466521346
62559,-3.9759256063558244,-9.287709470487453,4.63535111382434,1.8253187201768761,191.70318216369301,0.24957890060918153,0.004845838170755664
62560,-5.582266095441163,-10.132992820081174,3.9546844358861266,1.8759545804852829,468.8118418157663,0.17609402052225231,0.004846022498669657
62561,-8.435265964206907,-6.7174735336089055,5.130817453664433,1.5095002163437337,358.8773528794385,0.7701627716654658,0.004846085552662492
62562,-8.746985903445589,-7.252640635426331,4.112538010251819,2.293070112216495,418.49333129541515,0.6088559561299576,0.004846224782617469
62563,-4.545490402497655,-7.7298554094468805,0.8522307669818873,1.8858708087175386,467.60793826773187,0.038091558997832564,0.00484650975491581
62564,-3.630669152178161,-10.914514751211088,3.4219442749759343,1.1566591699817366,296.11874772443787,1.8226992075490687,0.004847136433041042
62565,-6.420218905982376,-5.7556688999247365,2.311855636207926,1.0593798532115557,280.7412377987092,0.3844270276277868,0.0048482336727006135
62566,-6.004039581062493,-6.563470832544124,2.251640090082059,1.1200313289380848,281.92020939759107,0.3975019222785017,0.004848585849799593
62567,-6.398308304787287,-12.983505285545917,3.0087569898785733,2.283359720904579,430.5995346826477,1.2380471607740509,0.004849011458309532
62568,-7.434990807226404,-10.095707000871222,2.989371460269868,1.143928817264971,251.47728323710535,0.33488819250553004,0.004849123265503825
62569,-5.438722420258299,-12.848569149734447,3.0513579430437106,1.4795158072208965,467.9787728405168,0.6093311686826164,0.0048491354854722675
62570,-7.74760914021585,-7.967780963537841,5.117787089088799,1.3135865845518087,314.5389864572067,1.2704660321203924,0.004849758546341242
62571,-5.887273152237958,-11.528155982917667,3.2939149890620505,7.283236363718225,309.210892842515,0.33406977388856607,0.004850348222806289
62572,-6.493249835616761,-12.983039940695342,2.975037087791546,1.6674558089200517,387.38561468438485,0.28118410773553126,0.004850525528290472
62573,-4.999621923037277,-7.044198159415921,4.637213488236183,0.9704061765330225,264.3553787258907,0.8990621261036784,0.004850877488449851
62574,-2.736299515033692,-10.249068538261175,4.704820979545925,2.2951193543223365,435.1121740747013,0.47833838946539853,0.004851546873138664
62575,-7.395877996502522,-9.735305831970484,3.415636369786913,0.830790020272398,217.04224580076016,1.042597140355821,0.004851704910796221
62576,-5.613818527239661,-10.931320142827538,3.500008527510903,1.1053253023847895,361.51114491864575,0.9284681249839855,0.004851851387848648
62577,-9.31570763313912,-5.026688665344019,2.8377872383267717,0.9269089233255097,379.0289503902837,0.8998205531035035,0.004853134909352887
62578,-6.456935531582294,-9.14656724613062,4.831648398214231,1.5284625240991476,347.43937260836515,1.97636623757281,0.0048532613403483365
62579,-7.379281437118577,-11.445439340415893,1.9238959500467179,3.791720120254344,547.8448026346271,0.588454805349949,0.004853935007034326
62580,-6.329695798847428,-8.878896346132809,5.167333769122831,1.103788419147202,284.9972809846765,1.357839814661201,0.004854352519345361
62581,-5.034278845050271,-10.10040553086824,3.9515651726923116,3.1001789532709747,228.15467370866392,0.36382368748318683,0.004854376237570345
62582,-6.391473362055358,-6.268309962283933,4.863375586098567,1.2734170213776632,318.9399639616924,0.3813839375144381,0.004856171552412864
62583,-6.443930328716897,-5.72051649294734,3.884061933158156,1.8386279119534459,440.4228379462696,0.3612332458564955,0.004856504166826898
62584,-6.715561890601094,-12.009956477747432,2.990895554846267,1.811733086593201,469.43640104439805,0.03470184601874937,0.0048567472310585376
62585,-6.0771218836623095,-11.435734288200646,3.316568006820864,1.663263353821198,389.5787557556962,0.4519159876377259,0.00485728958503399
62586,-9.336133251375502,-5.481168040718458,2.6990015478976748,0.803461453434297,219.14201269706825,1.033660140338669,0.004857623150642376
62587,-7.207408575230692,-10.639776258529503,2.9729743062574814,1.6717027498293946,359.8781190878861,1.0836453096398095,0.004857833513936347
62588,-5.9374181420602845,-10.12316062489571,3.975424266634477,1.1251334897856196,467.8261462704752,0.6945178831704171,0.0048587374492142085
62589,-2.5035095571295845,-12.811857979338303,4.298486412639033,1.8858912507180576,468.2177613289798,0.4744206454175197,0.004859004564002758
62590,-5.636701655170691,-10.657880379620202,3.6301529949801727,2.150005983094052,420.3718050933624,1.732705122617963,0.004859029042139916
62591,-7.8725819223694735,-7.842093023299814,5.082949447717971,1.7318643597173335,409.2230788884041,0.24768551987077725,0.004859107110295579
62592,-5.272183013990199,-6.8544163280198855,3.056294940621164,1.0059644360732491,276.42334460231984,1.3278807563254036,0.004859428047599695
62593,-5.0089062602172305,-12.244705457805015,3.092769351712125,1.5937198701019235,468.1622097508712,0.7594650288523725,0.004859760172973987
62594,-6.794339035950053,-6.016141679605187,0.4743067815580038,1.0248482398725614,268.73657759444006,0.46306307052630746,0.004860700891608385
62595,-3.9486500918048337,-12.682217946242496,2.9924421863173296,1.2972741163288917,311.4230765934178,0.37124151184001253,0.004861271734021974
62596,-3.503828717663824,-9.7661212302902,4.1688158695775375,1.1004825263871318,283.9011205451212,0.49255915947481466,0.004861915622891422
62597,-7.568018354764954,-10.696205808311996,1.6009231573974192,0.631152479116008,127.09349805243225,0.1015965833180994,0.004862065081179001
62598,-5.446170480107247,-9.942168048903282,4.094351860356599,1.3507379183315995,467.8573561718102,0.12429125348346926,0.004862633912531118
62599,-6.936525811297466,-10.591485058746763,3.3345701471110036,1.9098560939548017,468.49820028375876,0.498884468798404,0.004862687883173542
62600,-4.655206340723108,-6.986428948832101,3.4061483247608564,1.0571854292696554,228.91654509625724,0.030424647225813395,0.004863083612322027
62601,-2.749080963269229,-8.126703565730164,4.6976657122561525,0.9885462259002537,466.2412293545173,0.648555584029797,0.0048638793638329965
62602,-2.468598837438786,-11.175460674025391,4.107006983920697,2.734777122478723,475.91710278981515,1.4279098282705407,0.00486395861628333
62603,-5.2910119530059605,-10.463349339805882,3.723034479027439,0.8442306415996749,185.35716363932943,0.8966669975217192,0.004865430394856162
62604,-3.1135557917393726,-7.44568429228931,5.109168269077777,1.2071209590924656,316.4134345012002,0.24696564858068104,0.0048655142419587296
62605,-7.4785213491989655,-12.54050394760059,0.4711664188061632,1.7760314688437149,422.9867286876571,0.428076764737372,0.004866018592272785
62606,-5.55678064226428,-6.886705648519925,4.732781365647379,1.3634947197399914,299.342051214407,0.07927398152028342,0.004866248660682326
62607,-7.5230069404190365,-12.166204292640508,0.8729212439923884,1.8469090470804888,442.44782537519694,0.25036871779481107,0.004866570176242685
62608,-5.015768455197955,-11.739273914342617,3.197321821266778,1.1589311491523508,467.98059723887695,0.43454862467547883,0.0048667085513342066
62609,-8.846935302190754,-6.934969063444075,4.17684396524162,2.3632586477908473,442.0969915985246,1.65580102582567,0.004866960105693825
62610,-3.3392192109230567,-9.09303049993737,4.830642700258911,1.050004151203179,469.2504909444269,0.032105062826957464,0.0048673872221302915
62611,-7.222792067175366,-11.60027856542137,2.421270819529996,0.811028698892104,174.2452137204491,0.28579013518595797,0.004870591345154141
62612,-6.556705123748982,-5.346513799393319,3.8351149220423815,0.9980938053653573,467.9260040530135,0.31139100089276983,0.004871242341492307
62613,-7.162705171954874,-12.173769206080646,2.3510675020808174,1.8086981639713018,467.94802002133423,0.30653321594383964,0.004871728275004504
62614,-4.097439133614253,-7.683001291942591,0.9633412882249626,2.1814181338994145,266.65914888821857,0.09305519391084971,0.004872471921717586
62615,-4.295123655970717,-12.10009326128713,3.081997794602291,1.7210861155979584,405.89282994899645,0.3798861060531946,0.00487255440375537
62616,-4.542877450181265,-7.157696361371033,4.831441649244427,0.9580539977243072,217.99153862724245,0.39332812567587716,0.004872768864436423
62617,-3.281318700900931,-7.1322476542807545,4.335364874182397,1.535187062471699,467.7443981623218,0.3488825637275754,0.004873992397237644
62618,-2.6227428014212055,-11.444301685609757,4.4601141400834,1.2807138144395087,304.90391324875804,0.4754202439261288,0.0048750802766331655
62619,-5.607661671888105,-9.146429569892968,4.870760913888262,1.1499350949208147,296.5317137687264,1.6598557028112806,0.004875351695164852
62620,-6.604618785752949,-5.243078715007768,4.040362747203195,1.2992757215062645,291.35188027148496,0.11736962027305697,0.004876028615358039
62621,-5.103940463990533,-6.926027752025655,4.130018567926217,0.8061135070203577,467.9427468233443,0.008994033932363976,0.004877655072836141
62622,-9.020567895146408,-7.039243239741225,3.629290143312154,1.7908709952970945,427.9319801818378,0.8132990939355134,0.004877875156619096
62623,-3.692598261831237,-10.778738335097263,3.4814358063420303,1.0651390461638723,468.38009931550494,0.5289398256949962,0.004878002416900592
62624,-6.517169135850782,-6.224853539829381,1.0747584680125606,1.4802231336035194,467.9342751778728,0.2697903933783721,0.004879849424769872
62625,-4.000000409493526,-8.868165333871637,5.07918265101889,1.1312666270150176,466.9188388851381,0.6059297672911166,0.004880001721939875
62626,-4.032953704202285,-11.076017050930963,3.3599427740318695,1.031242261519963,229.33784186146443,0.04329273182096216,0.004884519744898428
62627,-5.954538333936478,-6.815910833611988,1.8279817449195888,1.837760660895258,438.49698312864876,0.49751057670464416,0.004885220346792044
62628,-4.580020849353103,-10.71061046912441,3.538735861472214,0.7457109383748326,200.521634223124,0.1102952148811065,0.004887096941230039
62629,-5.170053116489295,-6.904206629277183,2.90091068444064,1.0467019066906056,170.5381887272348,0.15635299059717056,0.004887471122552629
62630,-6.365105417205324,-6.269130219709059,1.7567288423739764,0.9745115816343851,269.07323065804513,0.32599551163128915,0.004888483283729531
62631,-2.7558545705239528,-8.091248511841204,4.623679358144423,1.5987974518680361,294.5302460029206,0.16955254384140783,0.004888921741917244
62632,-3.4541042152262333,-7.594290829922255,1.1537649362438884,0.9205481547828385,201.9518792594944,0.04999983870627034,0.0048895769656069135
62633,-6.508706074166646,-11.458761075119842,3.2289668005658854,5.287997218398318,464.57592164908,0.02362249846126563,0.0048913720020286955
62634,-5.075328874234064,-7.102307331598081,2.1575937568950305,1.3932829998612566,338.7159677902869,0.5654254069381821,0.004892473039735141
62635,-6.717581108708934,-6.388049009649788,0.5062704710465311,1.466477735767222,330.96325315201625,0.46029515717948666,0.004893881347263119
62636,-2.561515689764599,-8.32640638191129,1.7796269376472091,1.0579729310313422,339.5073426768883,0.9083224613755716,0.0048947918567834574
62637,-6.866866699635601,-6.962142466356433,0.030442062217520063,2.3666270819569584,437.8963421494585,1.1281412530821093,0.004895871785950227
62638,-9.309419100576978,-6.581489984477375,2.5437711348559264,1.9066851307305683,460.6529152239937,0.5771707967374775,0.004898005175254936
62639,-7.086885034805807,-12.162421147423334,2.515986891714511,1.8794174919822226,463.1691333219163,0.18184683750046915,0.004899959511901976
62640,-2.4350520699604434,-8.888856557639901,1.5018881500039047,1.1651017841962883,210.5850738568545,0.0564329820623275,0.004899965666160374
62641,-6.561306353251295,-7.186888400100739,0.3280261225273014,3.707704026798433,542.2366194688095,0.6011380790896155,0.004900641488646037
62642,-8.828365451411884,-6.919792100685368,4.226124803076294,1.1337365694584125,295.17581965031434,1.4393521437448191,0.004901127271193106
62643,-4.655192943308518,-9.99930995266738,4.005020945709173,1.0801849179529595,459.0919313522991,0.5872426772458237,0.004902669900089324
62644,-4.595414629547298,-8.846697762242249,5.1222945102184285,1.1888830698322461,303.311264236535,1.097401199429025,0.004903223703185837
62645,-5.077120426758266,-9.391428067328572,4.573688852439081,0.8686828030056024,468.8857893187872,0.1813968598430602,0.004903579137618633
62646,-5.0178142761367495,-12.099862021772136,3.1103524457645566,2.140341939370586,410.4841125987226,0.9255287175378513,0.004903840777735785
62647,-6.547283558873136,-5.045831337138038,3.3675253449635307,0.6240798872339721,163.86311974934793,0.4940643352721983,0.004904240883983028
62648,-4.832604860016626,-12.137029255756502,3.0920130779047237,1.017668633708972,267.16526010825805,0.2607356048454488,0.004905509401150509
62649,-2.46305011853827,-8.958106022739136,1.9912008717486267,0.8622248971022036,467.5407517703017,0.6281284516553818,0.004906161792062715
62650,-2.758378488322178,-10.170626799327474,4.684570770859123,0.6918408464638,468.10082593093415,0.38550779143334246,0.004908126632701281
62651,-9.29483650100233,-5.431088401083087,3.003171139027791,0.9583333058699316,266.1925773471069,1.2034469353667596,0.004909426730557436
62652,-2.259035178727796,-12.967656363373722,1.605970035867526,1.730616905327066,353.9261926184464,0.6586887103219841,0.004910330810577669
62653,-6.288403052128459,-6.207865269213946,2.117362681410952,1.9287567296594867,391.06505014351967,1.1970730363318962,0.0049131785576803
62654,-3.4600153906191435,-12.7654730666262,2.962876538630594,1.1465859435135073,252.30004358532818,0.061066290111889465,0.00491405712382426
62655,-4.948925559810377,-8.860715849084663,5.130019691615341,1.276181891602069,281.06134154609936,0.5077423659228284,0.004915063866680334
62656,-9.263018089114007,-6.695552049640321,1.997110298029897,0.46986045253469244,121.19160593487186,0.3151888153126725,0.0049155211107756065
62657,-6.340512315203091,-6.88426643478247,0.8684565065607337,1.8097527090350596,467.71979254933484,0.17645599739306128,0.004916086991509159
62658,-5.2057734823648785,-7.0474236277098115,4.888289327506996,0.942318041650941,264.6923368170926,0.4454818418042654,0.00491625373416605
62659,-4.014564570121694,-12.625879626406372,2.9914591666642303,8.89046694051513,566.1105906657493,0.020965947633050597,0.00491705908638688
62660,-8.928333375495862,-6.494773877388958,4.186992223761042,0.6315924635912233,184.25850090215638,1.1928345330683383,0.004917461654072036
62661,-7.231474229762205,-12.17514284214265,2.1008460414031456,1.684425450159125,468.04616132202244,0.899351186673587,0.004922051513096995
62662,-6.603792874237259,-5.923760802557553,1.2421942155247967,1.4268496671411115,340.7680130180455,0.44987229241592264,0.0049225242776316175
62663,-2.7927760747485797,-9.90020994140011,4.813897185945121,0.695465282005703,135.31435567506475,0.10768182950704563,0.004922948206981303
62664,-7.599101568978767,-11.201293021703771,0.4749375392209976,1.4293812512512323,342.51428370464623,0.5323556876256639,0.004922973882012267
62665,-8.240514850390703,-5.065667395299452,0.18410316206732616,0.701495957267993,441.5416069873596,0.48026544670710347,0.0049245280610026605
62666,-6.622841208480473,-6.011671480432767,0.9651481579594017,0.695490067207859,444.350725232361,0.38140405285921997,0.004925766772334513
62667,-3.8351479170791194,-11.978247950940592,3.0876044544594787,1.0816329517427554,176.19950996332517,0.16584278934022123,0.0049261186371882095
62668,-6.38127715928357,-5.948745067598152,2.174473563775811,1.7915987845883292,438.5586001296095,0.09718057147830894,0.004926380426392814
62669,-6.438211136246327,-5.928148195976655,4.290128606924884,1.8459221797803285,441.53167860242183,0.42410148872097153,0.004926678190074748
62670,-6.188407745731735,-6.226677992993954,2.6372047709186788,1.2186771814743653,172.28212065957086,0.43088007221763736,0.004927376492109318
62671,-6.431237688526086,-5.616511690182905,3.375290492241026,1.8350183062645191,439.871698733322,0.5549345951660163,0.004929091483120466
62672,-8.984824404315424,-6.569733137537861,4.022140819876517,1.8871539889973092,467.8041580473389,0.2702431353716275,0.004929588952189613
62673,-5.047316012346697,-10.254988113131187,3.8322814267304564,1.1663068881582228,240.29554244326275,0.11416336488951284,0.004930343763212927
62674,-8.905949431740627,-7.70502855617464,2.8025572283992806,1.8223530587586483,375.84106049479135,0.8889354242697936,0.004930376845058277
62675,-6.25371114849446,-6.062480487619152,3.2324406358030715,4.75882900464576,609.0014539603256,0.5957091093675464,0.004930718226781535
62676,-4.317877501817429,-11.45717183160086,3.223666849585032,1.150984499828995,273.02169788935475,0.7423276362364541,0.004931509692177941
62677,-5.938584466079948,-9.771879814142338,4.248719847751201,0.6653553492529797,134.87157105554937,0.7477953967758948,0.004932804245427135
62678,-3.5144339821278647,-10.282466784366566,3.7639787900385833,1.889751641193339,470.0250105010388,0.22187646879104417,0.004933289570448497
62679,-4.118308780017782,-7.553584271527835,1.2801474372785997,1.1617051209018159,467.2403169302232,0.26393642349562807,0.004933543804069706
62680,-6.834995101093478,-10.729133903011574,3.3372448152669976,1.2229650998313013,292.43012415947925,0.2524409037531212,0.004933803625595724
62681,-6.651333862825952,-11.031607054290351,3.3130287112271937,0.8375674944309464,169.76475586310363,0.09711621746603427,0.0049339526368125915
62682,-7.218819556326816,-12.345395246518274,2.072257510910366,1.0078088723715817,339.9291081968833,0.33938570397568757,0.004935892989763038
62683,-6.59472038374409,-12.192118316270705,3.017154889022217,1.1999270993699902,275.4344991935759,0.28982518639136057,0.004936686131629775
62684,-3.4655570886137426,-11.165468152524038,3.302664143937604,1.6329381629457518,334.6151747947243,0.589087288883003,0.004937358736616371
62685,-6.395512139617923,-6.5679358517552915,1.2700408244651777,3.1684741506233314,513.4681091903949,1.6396700874332542,0.004938703178599655
62686,-5.599873433365346,-6.708351861674942,3.6863811620578497,2.477210091786232,423.2406530208377,0.23519140034460229,0.004939141598646142
62687,-4.300312324695542,-11.499458611233564,3.211040648285186,1.9983676081713877,371.1569489363782,0.3262194927023314,0.004939824984443882
62688,-5.671366752764665,-6.668772987796144,3.5262154475535388,1.3584147140382412,331.38869870245725,0.3815870723218113,0.004940267936176116
62689,-6.706705546836037,-12.185949313286239,2.9497564569324535,1.504507138196431,342.55361119328904,1.5562276286186352,0.0049411693605686535
62690,-3.1486803733918576,-7.368756784433612,1.8874765586491906,1.0368042577453485,277.29100949477436,1.5198586732837738,0.00494250467528024
62691,-4.64971769235079,-7.065706064521981,2.640188626193188,0.8667103763389089,138.3425736765979,0.2388383956623379,0.004943399782764557
62692,-5.5462469300440125,-7.334231507242415,1.192250361703687,1.7061302263069777,402.24367305316076,0.7602504685112281,0.004943842541795602
62693,-6.187360056226131,-7.9441458498626245,0.06465599343927937,1.4124744434126648,309.00307668299047,0.13851001565386145,0.004944217985190562
62694,-9.113010215333738,-7.415897926865874,2.2877858423050177,1.0906343134449492,257.40773710246435,1.2597397656322018,0.004945457240996396
62695,-2.9172672256072083,-7.7611448277315285,0.945505579384941,0.7738857387361039,153.3936125326588,0.16333645555310117,0.004945568636582893
62696,-8.9423840124178,-5.721875442816807,4.1601093990422555,1.8060223641178905,468.11861588444157,0.7413199502059982,0.004946171558626353
62697,-3.2287294558187076,-7.088859216975479,3.348240795290007,1.7101167946662832,404.4503702295677,0.6191614466829574,0.004946564373022821
62698,-5.9054824853263925,-7.080830994631171,1.3602450969081465,1.8844582986862637,467.2968835836006,0.05761142870663338,0.0049475462488802364
62699,-6.373827864373485,-5.828855783324763,2.5716539641919196,1.8622256953347205,445.8528762436315,0.5546033102599512,0.004948238828963034
62700,-6.250098400375834,-6.088633824723694,2.812849136857281,1.5646057144504444,358.67794201001686,0.20934460273859212,0.004948501873828261
62701,-2.3771778150167346,-9.264915860875123,1.2774204023781375,1.1571547388244325,297.22124042417266,0.8890041504404627,0.00494864673718928
62702,-9.223450431714369,-6.20379907414251,3.3667390614212245,1.7410369363655651,468.3869034631631,0.5315409240990832,0.004949088227113413
62703,-6.099057001386937,-7.84152243642319,0.20322448930986506,1.722088291055595,470.2442728036248,0.12252755211460542,0.004951171471839148
62704,-4.857447681108571,-9.7618782031353,4.207228475345162,2.5591063569908035,460.40792599154116,1.4283671727088274,0.004951316112476151
62705,-2.7581669114201066,-8.288097276035542,0.4451983828714919,0.7897866432501972,468.1409530684075,0.24677176890422547,0.004951675399705273
62706,-4.114408482174072,-7.050247130394686,3.2396319153891393,0.7663108710469706,221.46819778155478,0.22304237839396546,0.0049551049749205316
62707,-5.331396990224429,-8.142183027324865,0.21725603314047218,1.088300193376016,223.162261777596,0.026416224683783796,0.004955262249869254
62708,-9.050409566827557,-7.540046981893955,2.3954603750770986,1.1891698436913227,297.79385743384756,0.2187175785769,0.0049565807712516246
62709,-8.914049512561,-6.359711027913795,0.632278074895312,0.8190154940221308,126.5118257355344,0.32156760892135505,0.004957011434300638
62710,-2.739853351930708,-7.749767610426005,2.8759564428625506,1.1574897409682114,468.12816936248004,0.49874626625754725,0.004959132292450691
62711,-5.607917126153948,-6.945399346212374,5.001588680052809,0.974559919008659,249.79891267160113,0.9663884134700425,0.004959211878353763
62712,-8.069511887092162,-7.651972287868023,4.983205565702171,1.0800348755098916,462.9814172569303,0.12458864748130338,0.0049592560169882845
62713,-3.046556281951416,-7.337763883656601,4.334297952378798,0.688761160930379,139.73109605198988,0.19210322807817448,0.004959503085214665
62714,-9.106987687187008,-5.085519715004469,0.9421688136555535,0.9034644042694905,251.1211666459427,0.2878570005826786,0.004959590758659504
62715,-5.637958302780488,-10.721037747483539,3.5855175560775616,1.6659520843236921,390.384980070872,0.1285835604895782,0.004960901516464654
62716,-6.734183725171706,-12.587878111553598,2.8675698998421986,1.8601415722749064,345.29589445831357,0.2690678286792041,0.004963783961623751
62717,-6.926406086650452,-12.92037378192625,2.632521829550269,1.1323992125235978,290.6704736569528,1.2241948722600293,0.00496614919455362
62718,-7.190510692181054,-11.031202410584356,2.7532678761857294,0.9154907741423268,199.42185652634345,0.31690755776090995,0.004967626338653301
62719,-5.911242096632359,-6.554256396729869,2.734344178671976,1.7396370473879215,467.98439317222517,0.3609228007360974,0.004969882685321795
62720,-3.7443619470462792,-8.1384027641137,0.3913966227502815,2.513390745653309,450.02433213157144,0.4488265101357136,0.004973290637495366
62721,-8.264973951840906,-7.734820565131771,4.513106211337226,4.308888145508707,585.1810888478749,0.714578380945941,0.004973421593913924
62722,-3.421246243103342,-7.149298677163696,2.6310622779453916,1.1154900774253937,466.9018142445342,0.5909933873357094,0.00497368050988281
62723,-3.6227101880959935,-12.79722305818156,2.9553853025220964,0.8124847312334935,202.50872923614318,0.11607714521792634,0.0049743188814952615
62724,-2.88725178226119,-7.636103403322703,4.423003835777725,0.8750662896842404,153.18746701777013,0.2077700251469361,0.004974520638027453
62725,-7.23532030868677,-10.733074050970945,2.8517539698532293,2.238168725977644,426.4534219701133,1.295138416434007,0.004976957434032371
62726,-5.42927606673652,-11.044112098871413,3.4278572092185984,1.902730484067041,468.4366505277258,0.36939556756128233,0.004977773829209089
62727,-5.537951561563992,-8.895279406731875,5.138744610424387,1.109620719611778,274.9090389453391,0.6545488961782882,0.004979255844927953
62728,-9.266920520125932,-5.238612880470773,3.103582063622546,0.9253265776279787,467.60303418693013,0.11884285756660784,0.004979529356173521
62729,-7.026502916211411,-10.618259531278309,3.2155111233132447,1.128701530374869,244.57304764774898,0.9279670585624489,0.00498017549788568
62730,-3.7987238768372755,-9.365331875815947,4.540676234126126,4.803784437688925,614.4104369404467,0.7561917592182992,0.0049803819089363904
62731,-4.025409862737797,-12.605329650443242,2.985184392499397,1.8138918846116148,434.378328053805,0.7962192113594186,0.004980660672612898
62732,-8.45017846157863,-6.754585206035916,5.074029487584436,0.6876137031560199,194.19037562288435,1.1449743048502041,0.004982280382922071
62733,-6.691220983430721,-5.696527339347034,4.864745061537008,0.784260862485655,169.38934197382108,0.04244608591702548,0.004982903810009663
62734,-2.734661267883604,-10.748335402933717,4.400191765541785,1.1925491958217447,467.302989026237,0.3375822316955235,0.0049830175813642165
62735,-6.417066016633709,-5.9007262263938856,4.099466023537542,0.7541051176382627,167.11929071223884,0.3389970451917099,0.004983316755600903
62736,-5.7281041546774265,-12.946992679111284,3.040532564262941,1.0439013663623418,466.40854382963903,0.167963008632519,0.004983896246962439
62737,-6.039293846468327,-6.3965609227800355,3.6765762528121613,3.825929833054876,288.53990824770426,0.4935244012885276,0.004985000349428553
62738,-4.026001205237895,-11.514667714352882,3.1910139339457784,0.6876946978343257,197.92800330907258,0.29533107003118264,0.004985565649832527
62739,-7.11518284832061,-8.592797283310453,5.094770000502326,0.9537191189185201,467.8112977969207,0.5651268676319692,0.004986161559512035
62740,-7.266079230487275,-12.490505492073165,0.2937458342072361,1.6644279790992846,389.9912672737364,0.45070788342661405,0.004986235172184765
62741,-3.775748461798041,-9.53198678331968,4.371965739304083,1.1733056019002006,130.0891322598657,0.35544636865694557,0.004986241083890409
62742,-2.5995064597613995,-8.65776547796533,4.015226271871465,0.8983785717804215,257.3978002665783,1.318521482629853,0.00498709821486584
62743,-6.797111814917418,-6.672012506209054,0.2341374318792552,2.3050001319610907,409.13437239488485,0.2312354433184618,0.004987990384409565
62744,-4.96284494486829,-12.854603228777966,2.9952740761093524,0.8098307092041834,219.19863723649945,0.49287377278564737,0.004988870758576335
62745,-7.427100770376812,-10.89331693531981,2.2720029225278173,1.4618433461182576,245.58383344103845,0.035724825535231375,0.004988970501537778
62746,-6.483929302148836,-6.361165320370174,1.2489207411452157,0.9983754028428585,468.11480096994956,0.8225042664906832,0.004989336672019775
62747,-6.184775912932358,-6.214032311342223,3.025602247311187,0.9463650485507913,251.10877901056602,1.043558733584823,0.0049905589712032255
62748,-7.556156345685428,-10.278260482172103,2.492725287210538,1.7404602953560453,411.00836723625423,0.43200557718190513,0.004990780170746673
62749,-6.682288485701486,-5.497673699150024,1.3079493046670907,0.9557905101468752,191.71022105355755,0.7397861437420561,0.004992036492216091
62750,-3.839234218852811,-12.197645935713977,3.0313745686468647,1.3804415213747028,324.645443264284,1.2634835228055508,0.0049928539470396735
62751,-7.43538528767874,-10.727547891695263,2.3978971521202803,0.7145308401573272,189.8081891405395,0.27520918266403527,0.004995455557389454
62752,-5.129912105022832,-7.033275104185582,4.719787127531874,0.9350364652960111,263.1706310789984,1.6873723502184896,0.004995609322579266
62753,-8.95806055926706,-7.648923601704541,1.4102850563145006,0.7184759223269684,190.22159513921267,0.7342176968684013,0.004996798551466033
62754,-8.200595652072165,-7.256451054454486,5.171787635743811,1.8587501409132778,467.9844860134293,0.3609133828241653,0.004997091080120085
62755,-6.981752288272741,-12.700583658037045,1.4764672523261737,0.978393902512275,230.2458561679448,0.2654641253262824,0.004997359472595327
62756,-6.838720604434133,-5.342714470934737,4.9927370856484306,1.7385560776104347,468.6730673419176,0.6473529708397185,0.004997625364915843
62757,-5.276774525857992,-10.31841844984903,3.7938520140858967,1.7660993401717424,418.15994731017787,0.34903368879597974,0.004998089084155291
62758,-5.133748097146384,-6.908587461000963,3.7778419640907215,0.9234842420381468,468.08794118300233,0.724035112460121,0.004998450926159084
62759,-6.114503129216628,-11.768529382190852,3.2101294882500064,2.1824622331014902,425.49438365304354,2.14817028635023,0.004999408968940142
62760,-9.205180114818118,-6.997938460900968,1.9262120357412165,0.8113281790715313,171.72420484715525,0.052461567828836486,0.005000742190984396
62761,-6.320933213256698,-5.934172346604047,3.3340241357002824,12.221777494934873,709.1940848164871,0.10984348669849542,0.005001217525679933
62762,-7.250167959814288,-10.164343253599851,3.2372216783792163,0.8373247716972637,184.6356402430053,0.3427855060531284,0.0050013171471875745
62763,-2.743832724547862,-7.92896048603595,3.997861972151986,1.1490304531246363,467.0905883789567,0.1288106705772245,0.005003089158469066
62764,-6.621087103626214,-7.319523436014937,0.1594128335233943,0.9002740284539783,418.4244078692012,0.11881771036565603,0.005004613528997296
62765,-6.372363197331097,-6.626682331225824,1.086524203692169,0.9968868665722946,196.9214040507355,0.5653294656202439,0.005004631073250782
62766,-7.765647642557563,-9.94427447984961,2.228204865520348,1.0848555242287075,466.983327173342,0.6086132495572061,0.005004863945982683
62767,-3.6334226356992163,-7.163651185755384,2.5675741534550847,1.0596552997740767,279.9857918026327,1.5510753311719006,0.005005490695169675
62768,-9.333140541409783,-5.691556173684051,2.6555758764319073,1.3285134395698859,365.0797928765642,0.9419711705839617,0.005006911729164993
62769,-6.7368456798644925,-5.1589518367367555,4.5330905026138995,0.9584146568758525,468.3729078686374,0.3253012293305826,0.005006963864704975
62770,-6.956927306585511,-12.07440646457151,2.7209974040450393,1.0899606315429458,468.0112083430816,0.8296360523436119,0.005008074714914554
62771,-7.665201355531975,-8.19777774943508,4.928536487872908,1.8134820450993958,433.9142655932313,0.8719640852437598,0.005010678111631156
62772,-3.036842352737156,-7.776726895480488,0.9126842434989884,3.2483362719295457,518.0181339535011,1.2694861271385767,0.0050109593721076005
62773,-4.294595464597913,-12.4173587898128,3.005433070046281,0.8796046479762109,253.25914157804863,1.3624892511612696,0.0050115563620863465
62774,-6.205664804013637,-8.95702703602543,5.0776943218210615,4.454605555563385,546.9747898688139,0.19809598691001007,0.005011764018064388
62775,-6.632354925582561,-5.609282128879142,1.113392802117854,0.8825781205332057,468.8039083475053,0.6896684639411212,0.005013375750868085
62776,-4.1562854220842205,-8.912878519958667,5.026099056610206,1.9709493506745506,396.92384278760113,1.102399256779374,0.005014626252633937
62777,-9.048882537540347,-7.207567998281059,1.298914564598202,0.9061291900908732,407.5264207350951,0.14867395162619612,0.0050146606265941964
62778,-6.352320218352057,-12.195423416783777,3.088937017876916,5.388280436141449,642.0714706215929,0.5879791025111922,0.005015027120731938
62779,-3.2013471361503356,-10.467825947365075,3.6826574632288267,1.4083037675093173,324.4509794085975,0.5817011944025019,0.005015812993155124
62780,-4.565669622095768,-9.593949354440227,4.338804326016254,1.9310927119366368,352.5330042988806,0.30474716993951567,0.0050183953639126545
62781,-4.173661822807001,-10.608830851040402,3.570040788017329,1.293101917119458,317.2578789928412,0.2303326032270272,0.005019457498992219
62782,-6.562875955616001,-5.037317960263599,3.1976064854039925,2.401746114754499,448.0238626309758,2.192318142358485,0.00502186595643403
62783,-4.341947621685787,-12.068248994809762,3.0682474024947815,0.8292830298261414,197.1668087298887,0.30191248429670914,0.005022131477766963
62784,-2.5314403042778757,-9.978063167942906,4.579616864626991,2.834809291364933,484.7742592288593,1.4096924311958121,0.005022601816109102
62785,-5.983734846479943,-9.939485784452584,4.100564281077369,0.6637901595011373,134.1969252183962,0.8872765268188587,0.005023201641893312
62786,-9.01455614850121,-7.3891460105300295,3.0822047013520475,1.2929458700502028,244.75155109258085,0.003175870603160824,0.00502327633171545
62787,-8.984939966944653,-5.9937529710703945,0.7156979957290801,0.5084539219998019,137.0975795723002,0.8352868215696194,0.005023463970437226
62788,-5.206101502838092,-12.307435822855783,3.0782478719906154,1.4925905167493763,340.17010873272756,0.11383829619341679,0.00502526704532445
62789,-2.9561126446631185,-7.836877171164308,0.840346195351411,1.065190318130789,282.3505405375628,1.3016934197959182,0.005026519224106432
62790,-6.243828657413845,-6.230017547373519,4.060972853206465,0.9416451184793855,470.3922834865119,0.020691333233734177,0.00502682433511522
62791,-3.628821249945057,-9.381454245571323,4.516959880885485,0.8586396981982918,467.4494539666967,0.6195263819351098,0.005026977671762462
62792,-6.2850867435360644,-11.530111699419296,3.246501055022919,1.0553783683704945,281.91158617510274,1.4683822043755468,0.0050276276163941785
62793,-4.390411802023099,-7.380202797757625,1.741745112276311,5.090182286151782,282.4832484326304,0.46791623960274453,0.005027704416726319
62794,-7.169123001054374,-12.24741627769972,1.688912073976403,1.1983978897487988,166.336569521072,0.20180589495323353,0.005027764089750853
62795,-6.945232915900554,-12.942823069916372,1.4954721075108972,2.151626889404471,413.6471981622143,1.0074259346459717,0.005028689069513388
62796,-3.3285798731093976,-9.185584890226384,4.714283598407358,1.0710479422650727,278.25139281635774,1.6521424327995842,0.005029903209348975
62797,-4.3554190581505425,-11.95456488698031,3.0896410122339133,0.5961270863621776,177.948285366014,0.9735638558741853,0.005030163286270432
62798,-4.885226842848224,-7.203340670910185,5.115315398530767,1.0134867964534648,468.2183254101375,0.8762969207788478,0.005030456535369371
62799,-5.547445483777323,-10.609451238295307,3.6351808419183387,1.5578308305909871,355.6091491963036,0.8991147465736526,0.005031742432750839
62800,-4.111099468195959,-11.548489064976488,3.178673958110019,7.523230923636459,284.2914162944494,0.3919183590539399,0.005032079583065778
62801,-3.4971555953617024,-12.675552153556296,2.9552047028764505,1.6208175952360797,469.878822442073,0.13467687053535915,0.005033251562760577
62802,-7.292095309756723,-11.549652450020437,1.310350778287453,1.5877402477290454,371.5171287860633,0.37338190714917197,0.005033346042789425
62803,-5.712528195699412,-11.911719900662035,3.170580319986885,2.0683157716097322,304.22123176797817,0.033128665320481865,0.005034910589514489
62804,-3.8835845627642573,-10.935885182858097,3.3947462403855995,0.8749060144682943,468.39604135583585,0.5349359716902953,0.005034911834175093
62805,-3.4665119891605745,-7.20607883370312,4.683520318872262,2.322065132184452,439.8663300766961,2.006005948356184,0.0050353845787628375
62806,-6.6635752498289,-5.414973975618258,4.455538592542708,1.0316127208799046,150.6288337732917,0.22648481370945373,0.005035657858024814
62807,-6.380046525858374,-12.223678902373523,3.076004770542737,0.5066446224329134,131.05894698873024,0.716337817891529,0.00503582975728091
62808,-9.212098517426941,-7.090347258141184,2.195398613879038,1.6638132526552896,392.83662253895733,0.9014595030056674,0.005036197942925371
62809,-3.938987949482632,-12.865292190290301,2.9463193669148597,1.7585412878376678,415.46548814465865,0.5358018057404941,0.005036352587423516
62810,-4.48591087094605,-7.2221627853085675,2.123630392459852,1.0718986492842035,280.37784973392803,1.7725845076100475,0.005036605289479934
62811,-6.839542844971193,-9.519735831826871,4.2403809416113285,1.6595612595152291,390.15195295477497,0.9636613662696876,0.005037079290487301
62812,-4.217633648929747,-7.078571636561045,2.913594169577825,1.5335086994611482,363.380369159676,0.6803900418931255,0.005037708838238252
62813,-5.293856843977639,-9.943551024973225,4.070000434098163,1.3280573970475118,320.0002091223388,1.752923387823552,0.005037883050883791
62814,-3.2439611936341546,-7.103308807126648,3.8088755357397863,1.0312955366742436,341.70445271728613,0.5871886660886583,0.005038385597873724
62815,-6.6418166388692095,-12.215729613911511,2.971014841176789,2.0961084388469757,408.6457973819409,0.6346187584849821,0.005038924041199684
62816,-9.169526409942836,-6.55087866266269,3.460794365101776,0.8413660977021102,138.13142962211788,0.08812192197532198,0.0050391389497796875
62817,-5.396051358166036,-7.309649810477175,1.4176880606471611,1.475764448928681,338.5300117781155,0.10824770660608962,0.0050404629952199
62818,-3.399197541015364,-7.144018119035888,2.723382651664214,1.1324406156719717,466.2561398491599,0.09502955013504799,0.005040845254125584
62819,-7.2005568863481795,-12.57891880464998,1.900935728972954,1.0414973669910714,282.34829027384063,1.436294108183617,0.005041352062546854
62820,-4.859314840286597,-8.34602790755494,0.11772810401080626,0.9797592872260905,258.8593193644898,1.1987318109541212,0.005041725082708361
62821,-2.6238061152400363,-10.003132097313763,4.9743269912554755,0.8767626664690686,240.6857972510757,0.7764498162509321,0.005042344445182842
62822,-7.276968336877729,-9.821111466505663,3.498129284792162,1.0662973085397367,468.1022585507586,0.7319752889549429,0.005043132986167537
62823,-4.388402809956316,-8.015702002886243,0.4927158773586436,4.142897462778329,497.08224149142205,0.09694815577674021,0.005044796177574728
62824,-5.857416890926328,-7.655494987645755,0.5187052769993841,1.9007906727137613,467.10221700025056,0.4881171109657254,0.005045018487170723
62825,-6.032412671412517,-12.275116000050042,3.1112143402617973,1.5504064925231105,357.7799667042401,0.9462969826764942,0.005045094100619923
62826,-6.605444168711777,-5.933189324089283,1.3386418167860232,5.837297610592156,663.4251227688412,0.6049236034236829,0.005045934415893009
62827,-6.193874712510288,-12.936767286761778,3.0213500016990458,1.835743338847121,440.9417636647657,0.10199746731452919,0.005045962564361345
62828,-8.426174110664578,-8.269684185417736,3.188928737267159,0.8285616453656789,188.49879827801266,0.36749245206712544,0.00504624955597764
62829,-3.687332854047983,-7.083624824716677,3.213637252355166,0.9644017001689275,467.66475410240866,0.06764459718697236,0.005047457699128787
62830,-9.16596865281049,-5.527041784479464,1.5267981395421568,1.089339801131339,220.73100608591287,0.015462095578898882,0.005047717109763481
62831,-4.151984483513653,-7.1649739758261495,2.4560694567843577,1.2495932850710554,297.2361358138195,0.31097412440664307,0.005048768391596597
62832,-3.738455247303868,-12.862996709118569,2.9373868645858967,0.8808779968416658,467.71718686226984,0.5816054041082479,0.005049516898249422
62833,-6.620828225221572,-5.342601309254517,4.215437915974346,1.7702412947012098,467.5142822934946,0.7004077275453993,0.005049788467413135
62834,-9.025482466242241,-7.0110126956036956,0.9345096350372406,1.8393565279122737,468.26923866134655,0.5662736631302101,0.0050499762782748
62835,-3.8157395209174902,-10.679602202799675,3.518712463264793,1.5706998211371919,364.739512204048,0.3396480984511667,0.005050546644974289
62836,-8.223671173871479,-8.359828449013364,3.5766316528929827,0.8896634883081732,346.9304854747557,0.9958037597313778,0.005050765498782761
62837,-4.462304986757999,-11.658927205682673,3.1645644190929465,1.0784428962678654,207.473014834737,0.05560576479493573,0.005050872103113088
62838,-3.0675141318504906,-12.298411838558387,3.166809405702474,0.9959665237861706,468.0036824726103,0.9212961127986263,0.005050943530675332
62839,-8.104508141516469,-7.790043557395672,4.7364999098414415,0.8266016410261797,164.8760316213684,0.8425017047664562,0.005051539145671692
62840,-2.557522869259169,-10.257515746399232,4.761565560092513,1.6974589985486834,470.47628371443756,0.22659606960613932,0.005052414866522494
62841,-6.171823003562578,-6.931415515363104,1.1680553211828992,1.739755372065328,467.9983503256753,0.5130409858452571,0.005052687873988698
62842,-7.591768163021924,-10.601957526807908,1.4308609701305874,1.7816096120985543,451.29665710587653,0.44045292889639764,0.005052745254054495
62843,-4.573635921360748,-7.147453700563018,2.334277396576271,0.8215151412629303,185.1587128155676,0.7144507571969072,0.005054162310853755
62844,-4.560397435356681,-10.82130172726533,3.468898304662618,2.5424070445176015,460.2156447107801,1.8010579087778167,0.00505568077913067
62845,-2.74534006708818,-7.794857595347001,3.3529570597584746,0.9269868457115654,186.32229180682637,0.9419656955826516,0.0050572992761851124
62846,-7.131907743798296,-12.647488255195043,1.7301997003081948,0.8260508645469643,190.80941359902948,0.25444211300568664,0.005058162986532044
62847,-3.1320737358448456,-12.678848762915207,3.038747882120141,1.018080691043436,213.5871142615027,0.07140395477301897,0.005058788453553892
62848,-4.398536302239851,-7.0790321498995255,2.798934096347216,1.5263151774657453,345.91655575088487,0.10084769687684236,0.005058897302229705
62849,-6.63934299232717,-6.212396434833038,0.7991687594244449,1.5476082235555424,468.04531632523197,0.8967605483590413,0.005059310792409584
62850,-7.898875714265097,-8.663471831110574,3.82513088712302,7.51146717901005,451.7256338953095,0.12347925537766447,0.005059676029512975
62851,-4.540043747053543,-12.046966120420768,3.0717640685338172,1.4281945338739785,341.8757082613851,0.40425089625799693,0.005060452688978224
62852,-6.803414622629159,-12.951361350855084,2.7475169185729102,0.8006231153802099,182.25089849832807,0.19243263400259725,0.005061754266309441
62853,-6.211565450236268,-10.38851178114111,3.7562435375001684,0.9656617179759841,209.6869867596443,0.4357522764154238,0.005061915139213677
62854,-8.889369699652873,-7.670809774703672,2.9465702412308192,2.042899383738176,409.86612337669845,2.011625576106291,0.005062324365690309
62855,-4.147961985626334,-12.254143390196637,3.0179696686809945,1.888975543792402,469.8984118879002,0.06776970373446378,0.005063242363841095
62856,-8.117224026281086,-9.509620689135122,1.2984598492743884,1.0953484509221685,468.07441061695044,0.8731617260441231,0.0050637820413211585
62857,-4.952832271910176,-6.9374419272074554,3.498180115220825,1.4862434211566489,340.6671943813651,0.1883153875304453,0.005063788841580934
62858,-7.407446392417096,-11.260994222831762,1.8062560002791146,1.373542353340228,157.59133578248228,0.270093382601023,0.0050638129618700385
62859,-5.132506356034297,-7.2826771317658725,1.684248222636558,1.1721654724793322,250.76225280755756,0.7304081927721295,0.00506424641228471
62860,-6.491507088461519,-5.429180452609905,3.0887158052820123,1.0129337150794853,465.5008725570661,0.306043610601229,0.005064448716595084
62861,-6.595085055837819,-11.545430075863726,3.144715421474474,1.8981740078463647,468.24787312234844,0.547899960292173,0.005064710976086249
62862,-3.799938242965313,-9.65601785033655,4.251217344725532,1.4638977458760147,468.9099731460995,0.919104370967168,0.005064810611467983
62863,-3.2809338707886244,-7.0950109739935145,3.2118439927620646,1.1983985317813326,304.74402821991816,0.6484761049205146,0.005065182659341004
62864,-6.412997765933336,-12.97637709181914,2.971095210422271,0.7336774727871963,467.4595320852993,0.3069952051602032,0.005065680505770473
62865,-8.998394108379783,-6.560248321651231,3.9694043388487197,1.8602645072196482,445.82862546684635,0.35039042902596496,0.0050672247544489785
62866,-4.61360499178939,-10.330592607422105,3.748107116510782,1.1872562745900115,467.39328671496054,0.3054102942650738,0.005067670499432141
62867,-6.479975525360792,-9.627549089227575,4.303785148131315,1.798711128872094,463.76673280584987,0.3202184521063627,0.005068616092873692
62868,-3.9425041062176227,-10.368325141568643,3.6977123987288647,1.0653232361080283,277.8096550884876,1.4390643049818896,0.005069660581645702
62869,-4.33600957874834,-7.041181589294742,3.210218066863347,1.1107881488978242,302.21078700114845,0.6301308241745049,0.005070345147377135
62870,-6.61055583821904,-5.046499820925645,3.752398837600784,0.6195839048195684,125.95657245103094,0.9011915904832408,0.005070581928470587
62871,-6.471432334926018,-9.060361155063553,4.90578712159613,1.140181860979569,292.8350555812623,0.7119226150935338,0.00507077426912252
62872,-6.45518709710362,-12.12582760631338,3.064949433312068,0.8515611738169958,467.9878915651759,0.36249606467283435,0.005071313901660666
62873,-9.205486673189936,-6.2330489045691335,1.7465844760237839,1.0919553726314775,266.0735879333848,0.3944094585204434,0.005071969726792503
62874,-4.257247313110665,-7.061697453257414,3.8397905129404926,0.9174664167085472,392.4405159802566,0.13090023562751885,0.005072591252765475
62875,-4.11765825296535,-7.236462567667492,4.869844969350794,0.5515366791582703,175.23737869433222,0.46725835281909855,0.005073315059288733
62876,-5.883606635197921,-7.9092369623876895,0.26303241372884867,1.225893729948238,254.39734258029975,0.03097366954136671,0.005074070427283381
62877,-5.418353641048676,-12.669401920135172,3.0379246742825647,1.7459948829717153,365.52460275029057,0.49088358669429777,0.005075075892090564
62878,-5.066063021043391,-12.80592627850671,2.992583422203908,1.6736379097141785,393.4062824344002,0.5899394383196093,0.0050752838787286
62879,-7.253753026694065,-11.700993219301186,2.2329015317453877,1.869842593403326,450.76818426281943,0.20689947764519445,0.005076154863881782
62880,-5.2467548700755415,-9.385828643853566,4.575073502569521,1.3475951684861176,288.94953210771183,0.26158138945571796,0.005078591665539578
62881,-2.699170761504549,-8.207668084424618,4.305114474122619,1.52060461991954,470.29284860646425,0.023167612531202586,0.0050786045017448935
62882,-6.636372515216314,-8.780503159569763,5.17565884927042,1.2467352351370427,286.5369139812228,0.423258447896834,0.005080050549048391
62883,-2.3134580952559327,-12.948198821031996,2.088614925618136,0.7860066934027571,234.1482873205889,0.6338135422959104,0.005083529272177478
62884,-6.220940628134542,-12.342136056609336,3.079617861853919,2.4766706569049792,445.169441834571,0.8814779630463585,0.005083542842611811
62885,-5.874822936851877,-9.363911670644647,4.630292433745939,1.037394409230624,467.07511420636337,0.6234521873097245,0.005089097375714079
62886,-7.020545387533749,-12.77908750842936,1.6011477452215281,0.6297334892725605,192.7712775970358,1.0042675690943907,0.005089960350617775
62887,-4.385454680441425,-7.509252371842528,1.4156350822564483,1.6478327589584458,385.2020595631669,0.30633259046704797,0.00509086926340764
62888,-4.498531508788494,-10.203860885375333,3.824071246016099,1.4743395010225142,330.1557872843623,1.043930446360413,0.005091107474076018
62889,-8.363418727374254,-9.046790014988183,1.2212324754415955,2.929725227112761,486.10065778569174,0.812922960102564,0.005092547861645032
62890,-8.579087186176073,-7.0253336330631395,4.660054234486291,1.310164125556809,469.4192737705769,0.11076642285316662,0.0050927964549275385
62891,-7.20680788173431,-12.10740123414863,2.1748458436504015,0.7218145200620557,163.50474122722704,0.11423302118758372,0.005092821384853333
62892,-8.366588250518138,-5.051172637722146,5.174323984454685,1.1102930949792718,234.8097510019086,0.5457331670278425,0.005093786846797528
62893,-4.0017989058067185,-8.524004118377064,0.04907273572283881,1.2312341027221831,240.90948617772364,0.24900182837490092,0.005093973417173722
62894,-5.5719638221874765,-11.810986900513434,3.1819577780119,1.267943528025417,299.03214149277,0.5118766959321883,0.005094404903780824
62895,-6.416282765170671,-11.524432267423066,0.055394838940317756,1.8825272132867417,453.32565000942475,0.31873584406313693,0.005094634196663614
62896,-2.423844452163281,-10.772856098594016,3.191574648086409,1.92735506655756,389.78996736300076,0.7086553765644394,0.0050952079633926305
62897,-5.402340818697301,-10.504664856029807,3.6799206028224662,0.8118775726694378,467.5823063434595,0.0892888871089772,0.0050958737409692355
62898,-3.9669953534186,-11.214961703113978,3.2735019595060573,1.1858405140984594,206.50984243665582,0.10323041938478372,0.005096972953470687
62899,-4.628343467662534,-12.479171986588938,3.0079164746273617,0.6974140703885745,154.7150122192357,0.29041174966682615,0.005097071399532175
62900,-3.5579175864045656,-10.337248607778774,3.7103829625554043,1.4350782308160803,327.87559232448206,0.7412161148478722,0.005098105576258362
62901,-6.571845462418966,-6.186537355170164,1.002168116728045,1.0687710048287355,280.2847511972336,1.345616059146816,0.005098512811430181
62902,-4.051057433042999,-7.196928589665546,4.705737776295717,0.8685001967932188,223.68873535424513,1.4331936049103184,0.0050988316873630795
62903,-3.9365238376964253,-7.087407582582084,4.027998980486414,0.9612321761383392,469.8797405494042,0.07419697116504054,0.005099428963541267
62904,-2.989077839482899,-7.49750025992242,1.7320831302727804,1.1391185634857168,467.9659415146559,0.6305505602785884,0.005099860756941234
62905,-3.940881235083248,-11.874207542722225,3.0878668478909264,0.9442274412598772,468.10803463234106,0.7995616913493206,0.00510052461698691
62906,-5.513228788895733,-10.045737095531681,3.989742750730424,0.5321321896125908,109.9463914331915,0.219782464163508,0.0051005957475488296
62907,-3.717842469408409,-11.70619573647837,3.123389465161393,2.516663070726242,457.9780751643507,1.8482962996074805,0.005100833084737274
62908,-5.462326302783827,-6.903243579177462,2.4701441734295355,1.8562075649339485,445.05919841296253,0.17068140958878342,0.005100866273168982
62909,-4.144002919139233,-8.422603349588869,0.10603512437545114,1.01776743921116,217.06983812264468,0.7638497412444378,0.005103617163825354
62910,-2.3185227929205485,-9.793787448902325,1.2799898222314177,1.5027301683121659,338.88801640564986,0.05084007137913815,0.005104202568090468
62911,-6.921406914411698,-9.053580960188114,4.6857999969849295,1.684949842770559,363.3726512355465,0.5377156945499051,0.005104253251175504
62912,-4.652870773079569,-12.850307058722326,2.9634967979997624,1.2284640317063307,469.10844605427343,0.4925463642315888,0.005104669594430113
62913,-5.223680229797406,-6.910177223439097,3.025714731216138,1.1491492982037501,233.20657674032654,0.27538347360917204,0.005105342810759804
62914,-3.05337420503216,-10.512740655869795,3.782690172133889,8.913046511593548,728.2480331838766,0.24536694718896612,0.005105579737142856
62915,-4.989725698056388,-11.166083539400145,3.33747796004684,0.8836690274720136,214.78269688273903,0.6130006091537341,0.005106091504686126
62916,-4.207221711550279,-12.601164025441426,2.9726722841343456,1.2733884981211738,470.46614187282813,0.05326240689002404,0.005106625270373294
62917,-8.024517995259023,-9.029971224140905,2.887450397008875,1.4469896832775009,319.22288037795283,0.38819069110807636,0.005107098651176394
62918,-4.441258391151958,-7.073598223962485,4.241141677798714,1.1206099832936267,227.8433439435191,1.0549933628983839,0.005107249893101214
62919,-2.3176703935729046,-10.520697981971773,1.7140305154723574,0.6980399162732356,185.37997413708985,0.7102528428126966,0.005109568362373081
62920,-2.4099927555203724,-9.051345533528174,1.6280241362056762,1.6986301140156217,400.0610975807713,0.35697372392276794,0.00511000367132393
62921,-9.05177064002024,-7.335172698804504,3.0122581506612516,1.6148640771975755,317.1989701478723,0.12820554005719575,0.005110181146208393
62922,-7.881854323272065,-9.558450144460515,0.42224458282268995,0.773343188947359,220.01299130437758,0.6765747504694728,0.005110925656567319
62923,-6.2359147426148525,-12.06782316078878,3.1194495781962632,3.8948497700397664,436.2588526125405,0.04938807139368073,0.005113175255037976
62924,-4.328882975978811,-10.343408685373879,3.717302101856729,0.8260525749780558,467.46096017599984,0.17237238105858044,0.005113553200991933
62925,-6.927175561871195,-6.263312822228345,0.18943564584294828,1.5535282574908356,467.9515269749528,0.4176918167637158,0.005114810192734683
62926,-3.1912874445556847,-12.441536214851734,3.013513058175262,0.9299659211927689,188.2424185594619,0.30866011140252336,0.0051154039618870415
62927,-6.927869442515881,-12.376126487867838,2.683162551423109,1.6326200856023916,378.12116177735305,0.18661182842248625,0.0051155775149483804
62928,-4.77904797789562,-7.0444395691613675,2.6857761292930333,1.359392467809042,302.21921276088165,0.34182382979026116,0.005115629380226858
62929,-2.968583005870741,-11.38940903594672,3.5243569075634893,1.6842016369707922,406.478676173601,0.44982611686284635,0.005115837169854454
62930,-2.619500893633056,-8.124035158075674,1.9982807831640845,1.1483647211187933,467.208948267076,0.434652150072389,0.005115972882370669
62931,-5.41498462795806,-12.441141623084208,3.0568774904533087,1.0557557374596058,467.4232246962356,0.3376866280431905,0.005116695109515665
62932,-3.537608335345749,-12.209342977853998,3.002395188900036,0.765411079902604,241.53268811439077,0.2460650665601607,0.005117224787265013
62933,-6.0320045358330905,-6.433294488498551,2.9024445940794337,0.9707116096996167,255.6954121568318,1.366141729726162,0.005118156139842471
62934,-2.278344585155949,-10.534064355761563,1.4621980336478597,1.230494244409157,255.801436448136,0.7699092311637701,0.005118679592166269
62935,-6.465253482410324,-9.845878300744122,4.10356092180139,3.485119486137853,210.38623102504866,0.38741648444309984,0.005119668019729025
62936,-3.116805979363223,-12.182163928082767,3.119324576273049,1.1435607801831198,137.8028029265482,0.2898200365233299,0.005120499507030059
62937,-3.5680162529495485,-7.082394607458877,3.3236293087385502,0.8054551266912645,162.79604565667694,0.12784386972306194,0.005120794585320368
62938,-9.121178914737937,-5.896974842665995,3.6817227341647127,1.7189076322638293,407.1169415816616,0.24014873172493179,0.0051208061066815086
62939,-7.626265403105907,-11.50969683546461,0.7063466640080184,1.788122740894134,424.7117167835384,0.00443603187476338,0.005121112635583323
62940,-6.080956427032127,-12.509347568856668,3.0638477076654995,0.8925665703364195,467.9190496596121,0.5595199169404728,0.0051221698385989795
62941,-6.943224337702473,-10.531590064201021,3.3353976650466,1.0846025921162354,467.1229586322552,0.7623416721967606,0.005122792345131776
62942,-5.978478083967506,-7.510978382160221,0.6185303734891835,1.005896718983332,243.57367734691599,0.5017280222438476,0.005123174779819852
62943,-6.007670406584462,-8.150408393488915,0.015070658258256557,1.8283136391846293,437.84199621484277,0.22460927394993213,0.005123794216364326
62944,-7.156161870999842,-12.331211964467085,2.2532811656020715,2.4367493243187828,451.94868542681445,2.3693691263397927,0.0051245680851222065
62945,-2.614032983044056,-8.621380641563613,4.112758761803485,1.0840217990100474,282.6717135359683,1.0434158658413706,0.005125831765422238
62946,-2.9023320091218636,-7.4685925595686635,3.6081299018653405,1.805999511454761,458.0683767469901,0.0034382145354436844,0.00512601325657015
62947,-6.07277084871013,-7.459267183399662,0.5970453423974186,1.832093513770103,436.62057042512964,0.5172078176394583,0.005126730305837655
62948,-7.344847959433354,-11.527129459154674,1.8990197019316306,0.7620364457718157,158.87708490354652,0.48829756531260227,0.005128272139247469
62949,-5.3373030685932035,-12.922587999399154,2.9926391130859566,1.109688069922431,190.13564579039985,0.14047477015105425,0.0051291923646882365
62950,-2.5987706453422756,-8.172693706091684,0.9921008983957434,0.8615055511659043,239.46059778237668,0.9008194390966899,0.005129206290222119
62951,-3.6748930132406503,-12.051176714678334,3.0357094831465883,0.6265361479672101,163.4411919597758,0.79109981776043,0.005131174967107392
62952,-5.746330023111495,-6.874004713694248,2.076025607856523,1.7567290730847622,416.76371895736185,0.029723119801446707,0.00513166686030054
62953,-6.607055226435348,-6.02553618382388,1.1824085425256345,1.4816178757005256,353.24478037472613,0.49626504834494245,0.0051322196068434725
62954,-6.401130067361782,-9.373892704762522,4.572945718826799,1.7431770579752814,414.7333589408465,0.7442167187554967,0.005133775760302209
62955,-6.505072377753574,-5.350056832298906,3.2900098023872046,1.0363349963019741,243.62433372592295,0.37976116103627877,0.005133964679250884
62956,-7.343740161960379,-10.196058422694255,3.0400282998844683,1.1449910785598076,269.4640689299156,0.03791087271476545,0.005136458413435728
62957,-4.488922073362975,-7.273778340004906,5.118062405785916,1.8686097274254927,447.6938307720851,0.49899762651655166,0.005137901461406503
62958,-7.167086279390118,-12.799303949174616,0.26172866363667485,1.0182957344119727,279.1558003915421,1.2539637606949405,0.005139224740660847
62959,-6.8437313323536655,-12.30634772546084,2.787190113050738,2.8604835328682667,484.5326850496016,1.0877923189065113,0.005139747238963013
62960,-4.139010387921802,-7.103621370294522,2.80681383781715,1.0225120405732142,277.6668639027734,1.6644051197332814,0.005140697506987159
62961,-7.589522483367949,-10.461824667988253,2.1184909811717234,0.8578968170404324,247.63346073908102,0.2568390602880548,0.005141481729442097
62962,-5.7701016064892,-8.060730234868668,0.1888314933626574,1.330527728686428,230.20310151293552,0.4218751580971194,0.005141489725841134
62963,-4.812603479150734,-12.267935518477351,3.035168399620484,0.8474675113438738,244.03711054252034,0.6352310258505733,0.005141590067133171
62964,-7.389188569936991,-9.854642312608096,3.275930592006251,3.2701396971668175,373.7919118982025,0.02147810219608548,0.005141679413203296
62965,-5.512255016361527,-6.880184917744961,2.433524744212631,1.4287667150689094,334.3497600582376,1.4006626018094428,0.005142687612257863
62966,-5.065166930152603,-12.404250851770039,3.033997806908835,1.535128874180618,359.38633503619553,0.5126510192190388,0.005142728709462013
62967,-3.170406395454634,-11.952966387443158,3.118382415369122,0.89563137955367,256.7401125193522,1.7833331020430405,0.005143028085206013
62968,-3.6066901648054186,-7.5081253640932895,1.4916821823997894,1.683254879017539,467.76195084192216,0.3328978198462824,0.005143210423429964
62969,-3.422719660618184,-9.469958774879824,4.4106896193981155,1.6579845315380117,353.6702924358034,0.8256617745920698,0.00514349225232281
62970,-2.557876604610123,-8.548520665374767,2.9417680590774458,1.508515021330071,468.7334385515604,0.5668885269999029,0.005144710767192711
62971,-5.1158111576790715,-12.88135245819248,2.9779056971543256,0.9343727312409507,261.22937555662406,0.9826683859439056,0.0051449045588601505
62972,-6.737090795510211,-9.152089386773929,4.688021919062624,1.6981509999683047,401.3424297089233,0.7956924850503695,0.00514536928165259
62973,-4.177902050428798,-7.114787277254724,2.7201733959708325,0.8684327247510213,251.34577606757577,0.8590876097143312,0.005145572272625254
62974,-3.900039104595855,-12.312565280504888,2.986433639110556,0.8291406511330061,168.31940983127842,0.09954990544594011,0.005147283860892564
62975,-6.62981537302783,-5.636744313520278,1.527395586128605,0.9917396668144441,263.40156907563056,0.3045429831035449,0.005148017112832772
62976,-6.958947545123895,-12.830271930606342,2.56358232778615,1.6829641583363009,468.5217224332548,0.9402463746166285,0.005148330152571335
62977,-6.705381845607522,-5.330424684795115,1.0065744531863177,1.2843248556837812,273.08924051705446,0.1021183400838579,0.005149144307048634
62978,-9.003210349848029,-6.562487969171008,3.9455798377966094,1.2448536746095478,314.1466826055752,0.5142772287012116,0.0051499455743897775
62979,-7.549698868599528,-7.450857185801339,0.09243457536170652,1.1296831702826484,468.1303528687914,0.49917888064548155,0.005150223953028308
62980,-4.494190729568791,-11.187341526189757,3.3016967588260933,0.8357640792177344,191.11742918263184,0.380279032541222,0.005150689369895935
62981,-4.774022892628166,-10.545316224484562,3.612056737997394,1.0124058687203654,468.86376539064923,0.035103799059339025,0.005150862054021295
62982,-3.4399098651570004,-8.44286512118386,0.10466978723006731,1.428494511897918,317.16897814540664,1.0034609024685919,0.0051517426844086035
62983,-6.873804741761074,-6.666831814904372,0.12313335407023722,2.0935690984866966,416.31158671847606,2.0603749184758717,0.005152295938512473
62984,-5.138035747589194,-10.487931091520517,3.6662441040255747,1.8389785401497278,468.41989101902817,0.6715735687627165,0.0051523832815472135
62985,-6.206908465590839,-7.670323560730612,0.2936246890379047,3.717268690511079,547.913828128834,0.8090476548577099,0.005152556211787411
62986,-3.795743388990102,-12.31856769206429,2.9833896375634366,1.7918310184502528,426.7973931519234,0.6140657147423605,0.005152794137590089
62987,-6.6545246825185025,-5.8981368263410685,0.9400731421937941,1.0585107425929563,361.5215154169367,0.11166131069902896,0.005155461815090065
62988,-4.8633105023801235,-12.219927327727838,3.043099540205559,1.7403954451852235,411.5524881321926,0.4405729732536736,0.00515552921865309
62989,-5.6319771469410975,-9.990269067554536,4.036684936481211,1.2368448744991933,262.2490832664279,0.8985253863339855,0.005155913587567626
62990,-5.445035406036259,-12.716323356393017,3.022172115980931,1.7086360739204813,467.85757885716794,0.649569354200481,0.005156251624653542
62991,-4.81515718968711,-8.8436847971168,5.120870433333801,2.3795474415831617,253.46256558424747,0.14223107192096496,0.005156675916496782
62992,-6.621213994576275,-5.198811267056719,1.8627843563683777,1.4279702412489876,324.4984790984011,0.2456162295093529,0.005156794909143421
62993,-8.01372773902272,-9.406888280792062,2.197666317111562,1.1854900459991409,266.7254657751666,0.2224843202950515,0.005157474162837978
62994,-8.77939001080032,-6.1612850909245305,4.52482253246167,1.0555128741811912,276.6365747433997,1.8413755356019772,0.005158016387134348
62995,-5.737307779666303,-6.818502563780879,2.305778610354139,1.5742458468652498,468.1289312740472,0.4705522230574841,0.005158308523657442
62996,-6.272822019423305,-12.724436037487195,3.0145421287380603,1.0483708578738211,239.4379902159845,0.06327550664343473,0.005158937345232001
62997,-6.95228532927853,-12.103910536702518,2.7003134046270887,1.3945631184654248,313.9768948195062,0.34186626986445834,0.005159147583608872
62998,-5.85435964943864,-9.985477492550158,4.048278060606517,1.6179238555473379,467.8077420377583,0.7856960681195853,0.005159707209330932
62999,-7.833301852098004,-10.460996699954674,0.6862637194350211,2.7921888496843583,482.43131800538754,1.7003282971479914,0.0051618137013507
63000,-6.530206008709865,-5.221329564267135,3.210423962230389,1.8909646795350288,468.3779986199888,0.43147388650997787,0.005161986348682385
63001,-8.811846855553291,-8.067829969195978,1.9165154857504276,3.37391091214647,528.5011654910469,1.4753849992427268,0.005162198499143739
63002,-8.624779349517517,-8.405350382374856,1.9134292129477595,0.8511088218007423,183.8922867943191,0.9026960878022585,0.00516428334521983
63003,-6.309960297110288,-6.062845958117043,3.808074628972729,1.093908337076068,467.69754490926124,0.4719930853735965,0.005164953906099798
63004,-3.485614556317741,-11.957347179870917,3.046553973626789,13.81675227544983,759.6354779431541,0.1642529233895873,0.005165283032383265
63005,-3.4864436768330798,-8.96080319711863,4.944028672559879,1.8844581275011583,467.9727611945687,0.042777185557369535,0.0051654295256109446
63006,-8.423296835239348,-8.669866609970988,2.1826917310644234,2.373741951417823,330.1773138366185,0.03675800560427778,0.00516564246062542
63007,-6.555622781704422,-5.50249843457744,3.95746267769113,1.1941466326248742,249.1799719531955,0.969913863873896,0.005167708794171054
63008,-6.192151779192075,-11.808044812696101,3.1718277286829526,1.1086078004211803,467.4746752709322,0.07443389535981737,0.0051697442189512464
63009,-5.9174494556510195,-6.5137518059764865,3.4380479043938594,1.1909765546681745,433.07844740787283,0.49833720150531224,0.005169877980167805
63010,-7.2849180941856195,-11.47081559781846,2.2559344172812947,1.957142844659709,371.71010822107314,0.3316726885491361,0.005169909498241742
63011,-5.456974965760381,-6.821948747684119,2.9286897437441297,1.5556226342770672,354.882214924935,0.019227083611712104,0.005171714558263086
63012,-3.9161602146100165,-11.533204652177862,3.1576738727383162,1.0687694058888906,253.85947481036268,0.4955562496951904,0.0051719134584655505
63013,-2.6914113567573574,-10.433917872696451,4.636863060624056,3.3746826210414524,462.4262988837823,0.1599166444206368,0.0051720320670925485
63014,-9.078821278771084,-6.358893949017067,0.9718801819071872,1.0822136464538592,276.7083667563007,0.28935170991460435,0.005172321298801761
63015,-5.007979136091299,-7.046029829518978,4.593766840639935,0.6512895078593821,466.56740081599133,0.45031755775902393,0.005172979455707144
63016,-2.448753878012041,-11.65735611698867,3.7314611402412883,0.801326700988741,197.8600603454722,1.0970635421270307,0.005174804209921257
63017,-4.021915845018334,-7.589747086902938,1.2731557139858045,1.903206746064713,459.3143856636713,0.5825480319108367,0.005174822936043071
63018,-3.8696335266174877,-12.386273049511171,2.9737125999912326,0.8903366975817213,188.15807152126303,0.7664506149703536,0.005176380738817051
63019,-6.658609279560954,-5.546700340418927,1.4596287521897366,0.9269041186305066,210.17167741843875,0.25062338109104676,0.005176840681928826
63020,-9.28588607469311,-5.123004825603682,2.9317537170306047,1.7611345581844546,416.7283557815861,0.5120786773019814,0.0051770579112132824
63021,-3.701286630529,-8.019248056803765,0.535475766713702,1.1599661828864627,195.0142717343105,0.448451233191288,0.005177919477760505
63022,-6.235833965344619,-6.349333653275417,4.451142211899881,0.48041295121118655,145.57734888613675,0.4472635762121646,0.005177964309508714
63023,-6.921979089561098,-6.426245971444422,0.12131098839021773,1.2533344691121389,468.11082016711146,0.7907748644328789,0.005178042591002101
63024,-8.596444520294886,-8.196442361191846,2.746035448334116,0.968595739557218,470.293830680554,0.023193221569210998,0.0051793761889245725
63025,-7.81542830810366,-9.449172106856427,2.800158368328966,2.7386110194410818,427.5908661083984,0.2078831337033753,0.005180008928105001
63026,-3.0570310569857364,-7.559245042740311,1.442241173784367,1.0473076528609728,467.36760132251385,0.7787438622512326,0.005180126400492196
63027,-3.589041244574192,-12.988935205861708,2.894733329689826,1.2552504762780226,261.30245681482756,0.6635156464210974,0.00518078618346243
63028,-6.424634545494859,-11.562128927658554,3.1886704674087607,1.5206535343884229,339.4958017802176,0.891724353520245,0.0051834452127041694
63029,-6.609422493657222,-5.834372771217172,4.703313429675266,1.2998660244596496,299.7960104945187,0.14890499855804595,0.005183513981423763
63030,-4.881174036865756,-7.164738374731095,2.1760164640051367,0.7146220152693337,153.77709653391366,0.21166656856744215,0.005183866236384945
63031,-6.6223161436675415,-12.867128939179526,2.8743484214325745,1.8389337408964708,438.08446672864784,0.5899409873134847,0.0051844486888064836
63032,-8.058313625108966,-8.025905330800473,4.4771911198340115,1.557129083987449,383.2239383830728,0.9113868120816768,0.005184865675061542
63033,-3.556747574842123,-12.26349522722788,2.9870321547238365,1.138919014419236,188.23999298605676,0.13966405815580796,0.005185223829835205
63034,-4.646391420877992,-7.016533695156598,3.4158430474702106,1.0513691369588527,280.424313172109,1.062479826158003,0.005186182489753528
63035,-6.853601089626858,-5.271013850237821,4.956258690201991,1.0879229962639247,266.6251954751747,0.8898354433274198,0.005186876683390954
63036,-8.699064322293697,-5.9699085028981775,4.677693971851203,1.1331598159329974,291.61896846071306,0.29205801210856475,0.005187814255210476
63037,-6.77421047954486,-11.115398479708459,3.173703109492809,0.46848773242069935,106.97887090837708,0.0409559508208428,0.005188964250722035
63038,-5.608177563475237,-9.225448732915517,4.758779198812564,1.6667384537075118,392.1241842753729,0.9710275016525074,0.005189351822824296
63039,-7.1363052819785935,-10.121320707203328,3.4093007403648414,2.7966779484393447,421.06511502752187,0.15216277709113246,0.005190389852376656
63040,-5.645762435716548,-12.383265289478244,3.0695120164486873,1.107478779346466,286.4973011916422,1.384628226751107,0.005190501873820691
63041,-7.31349416261588,-10.612140079137898,2.759409380711479,1.2617905799510736,267.12499527002376,0.13877105137969625,0.005191412618954945
63042,-3.2517788438707838,-9.741399022343627,4.171962706950042,1.169361589902851,237.03884828209397,0.5473006538693355,0.005194917353364148
63043,-8.255750089846243,-9.125304122325847,1.6617288596890998,1.0661417774689095,213.3241522117189,0.881564260870519,0.0051950020769484856
63044,-4.031813384093123,-10.416967016117916,3.6601813379666357,2.7924074879106695,480.30137744922,1.316755804359679,0.005195329838055349
63045,-7.096251125594534,-12.2572688049872,2.4116811050923195,0.7589623899754981,154.21805802000023,0.616382899661537,0.005195503587933227
63046,-4.260766278252732,-7.240580557462747,4.9329913106023895,0.9097466563726176,259.1274840129329,0.7666022802140509,0.0051956862061612544
63047,-7.471047024257912,-10.974962442968938,1.7488030924320326,0.7860183669023986,169.88535418135555,0.05479383370750668,0.005195701412428357
63048,-5.109660978637135,-11.752016626683307,3.1544763032105902,1.0778549250636054,266.17645594836813,0.17030302421064913,0.0051974744698385835
63049,-5.671246270937209,-11.83976252432039,3.165557187566387,0.889822197253708,255.00335084677232,1.7042034634671444,0.005198255616788817
63050,-4.298104894205932,-9.570985142394134,4.32638438789607,1.5571483970049118,350.2247456852575,1.8605507769117429,0.005198333449347481
63051,-3.216007590254309,-7.113125602758745,3.501396489391139,0.682373253533613,146.0877058142034,0.08093221313053256,0.005198634053379258
63052,-2.2770976228146678,-11.903095293022144,0.820982580310763,1.8045470147582507,467.9388327493869,0.2748576884058229,0.005199413658763103
63053,-8.490863909240437,-8.29693381921545,2.888824501241312,0.9232038514380013,469.98843754860775,0.08871682991086605,0.00520042797173002
63054,-6.537819580402087,-6.081169627665012,1.47045592038044,1.8633800095527926,469.24202931563,0.01082621675562212,0.005200438356533971
63055,-5.941576971540164,-11.705469590251136,3.204588107049605,1.096372079491134,287.41171541492355,1.2436891521207762,0.005201173032026795
63056,-8.024762427747206,-8.610272325062372,3.6110808021911383,3.771529013550988,248.93717079680596,0.2902494913510285,0.005202117124985603
63057,-7.266209524021913,-8.530512583380984,5.002283579981765,0.9096466879568187,148.23074209423262,0.2080505088206932,0.005203010361681477
63058,-7.890343209509361,-9.868705854881302,1.6648335896920823,1.0225995520531328,279.0225610702193,1.7209328040718157,0.005203734250824268
63059,-7.191330845660074,-11.945431916129973,1.6525560514346502,0.9976655752450415,275.75364728400046,1.0741736593075135,0.0052049486761987385
63060,-6.6550951683637996,-5.0304068549517424,1.7909187542553693,0.8458973451486445,244.57833373796097,0.6764349513492229,0.005206292408455307
63061,-2.9468632415119,-11.374526578568613,3.570731146295967,0.9761559461088496,270.89533376604726,0.8725417654910537,0.00520646702317082
63062,-2.585480929044298,-12.339570859415348,4.366923789571223,1.05782869453483,212.45430308850794,0.06257561350660712,0.00520673538536556
63063,-7.373914214972203,-11.465957146633281,1.219798105389263,1.3886267084563768,302.9723240251961,0.12604472332786454,0.005206816512070557
63064,-6.65058014693569,-6.160723889841623,0.8320606968814696,0.9105695296527458,469.11906349890353,0.10139874954066652,0.005207799300105629
63065,-7.622027698002193,-11.14194677877878,0.5162156028000325,1.2906415466149452,317.759494632162,0.26546344680544554,0.005211839325881025
63066,-3.7695660045715496,-10.44516066664065,3.6334524800035264,3.800215189369847,556.3235380835907,1.0576825143171833,0.005212632646639506
63067,-6.275262158833374,-6.884379684081071,1.0259317208828829,0.996205464075736,197.52823126154706,0.30828080815141856,0.005214391114348625
63068,-2.8276928104713894,-11.338507217260656,3.8621616902881595,0.8321563108306957,264.80133966119513,0.145141760537018,0.005214452033510228
63069,-8.355464466550155,-5.1512037096219405,5.18532635938101,0.9162006414432623,467.5438171543751,0.4115702797879077,0.00521473269681168
63070,-6.222169072313708,-12.765078967883772,0.04206990115387625,1.1448186096879667,298.0201377453135,0.7939294487976953,0.005215452234064312
63071,-7.371778981503454,-10.268926963695797,2.9147067569627625,0.8968849493458938,247.89356639625154,0.7522630006243913,0.005215466020885359
63072,-5.865702016980379,-9.956831158643691,4.067970869247857,1.868246772593986,467.44042606471027,0.4336494038862684,0.005215572136625319
63073,-6.383856283322748,-6.5647505089829865,1.3658907147764898,0.9062696961876741,453.35423699733843,0.1437493798706555,0.005215722254234995
63074,-2.871253367889942,-8.42032977558742,0.318591839753886,1.8719687859798133,467.9170850577582,0.24916449135915641,0.005215802515523624
63075,-7.528330000424749,-10.234814973355766,2.5825847229915966,1.0298590278059534,269.50591068943805,1.4440956609591487,0.005216471468233258
63076,-5.443118123040394,-6.887387874440914,4.42701324628353,0.871448447027743,216.31231457169037,0.5355688031029455,0.005218090082570374
63077,-8.56505909980342,-7.033148148415909,4.669788582435531,1.8640746873067915,446.4300568158386,0.10929440302673221,0.0052191787184944355
63078,-7.070174341315793,-10.335615240438045,3.3222116591355535,0.8395929710074709,187.22904857570293,0.08267591378081107,0.005220736970155826
63079,-2.2285047270840828,-12.945830229392046,1.1407226235666343,1.5584945381660589,467.93286606377336,0.23380331362930296,0.005221785807013421
63080,-6.224133782847108,-6.386876466716741,2.0941321324589395,1.5217223566393674,467.8625457045564,0.4154309830789087,0.005223687405087446
63081,-6.706273329611446,-8.885774704548798,5.006014886530064,1.3224762028376111,288.49951252080655,0.13070394871165814,0.0052241221848960935
63082,-7.756697387244754,-9.755977271270993,2.514095891913593,4.154766091141061,502.19971707014923,0.14175091629262138,0.005224126303441682
63083,-7.061426737116044,-12.157757037135026,2.5025487512130487,1.65539855880356,154.781881470426,0.38735975315014404,0.00522460867936017
63084,-4.509641509081983,-10.118836950067458,3.869509937211741,2.5975110787027127,450.3671392389896,0.6323480023735035,0.005225026867620957
63085,-6.042504395552829,-12.921601022562966,3.0096350250391395,1.1132300560680686,288.27169214770373,1.3623639988497844,0.005225280485319939
63086,-5.064626166130792,-6.949980420235355,4.057329581565441,0.877952995980165,173.0811960655393,0.3719440777465781,0.0052258502380687745
63087,-4.503663343377935,-7.126086271994621,2.585780405339436,2.851461473849686,479.7833791504056,0.8488747463075681,0.00522744117204538
63088,-8.524936917943272,-7.537391293753304,0.4608199489464232,1.5576626243803475,349.6025455551546,1.6039550209022453,0.005227816275835072
63089,-7.976940966988478,-8.677516190940375,0.4339238034516322,1.0192195495235785,273.3403966534369,1.5180174845328152,0.005228019427513312
63090,-3.89868494105147,-11.840859622656678,3.076978602943536,1.0068940604320766,270.9890417985314,1.6385191124956835,0.0052282127306489245
63091,-5.240828315121081,-11.286169242095253,3.2893177802132243,8.940256684051143,757.2445810838304,0.31706088640669616,0.005228438834846116
63092,-6.5561289573469885,-5.469229356845883,1.9842456127132393,1.497310917671812,355.5834245127196,0.432122697794858,0.005228860493924505
63093,-5.062805763992032,-9.612365235441905,4.327177104776912,1.8558912552662141,461.95602405822723,0.3037744198677883,0.00522897388348138
63094,-7.532295602533959,-10.923320248103048,1.2286942978097877,4.562006352891959,588.4044830424673,0.3128162196381181,0.005230321835681015
63095,-8.634413539490716,-6.350126435588044,4.804562606058547,1.5515420542882585,357.30882814849576,0.4482071593681427,0.005231330452238436
63096,-7.223638640845251,-9.4193780176061,3.964327268292243,1.41701298780764,310.03694192069815,0.3886197874981532,0.005231781204644705
63097,-6.716955364510227,-5.949247972131997,0.7582080859406627,0.9405711707018309,467.29055686015585,0.19666448389919022,0.005233015427667912
63098,-5.150244497621194,-6.910382224223802,3.2431410282033637,1.3259492498427028,326.159375477163,1.330228363139085,0.005234388009499579
63099,-6.236562689051981,-12.709677354858178,3.0106650239685506,0.8196022249383508,470.2990420509291,0.021893222862311212,0.005235390024757453
63100,-4.638170617119694,-12.351188616941215,3.0066245245614684,1.1878596915696544,260.09249332650415,0.7641064012565693,0.005236478845081016
63101,-6.137758514022739,-12.425771410895797,3.0549320056395586,1.1037523263410942,467.29168916384947,0.40833801597148867,0.005237426625529207
63102,-5.893860144041832,-9.12838506736541,4.873815453182162,1.8108019804080295,467.7025621090238,0.47645545214322027,0.005238359077060951
63103,-7.280832820592629,-11.31086545563752,2.351268817739755,1.4390754433051158,326.6087850015138,0.028279056829808802,0.005240053862543391
63104,-6.261920046286582,-12.804115383755267,2.9982907458457007,1.0813190870910265,468.1348500382422,0.7757472791437392,0.005241311407879511
63105,-6.892149699249323,-6.252687083145208,0.24989359201338623,1.6287834957204648,380.0678118395018,0.1715317657447324,0.005241977018379849
63106,-3.670345962808356,-11.10630083064331,3.291315793674718,1.2243540849780794,468.88963955838636,0.9100558415067459,0.005241990180820543
63107,-5.963559856385731,-12.124228227767446,3.1080493843147856,2.228736219844542,430.1039879739233,2.0431325323007377,0.005242158750081839
63108,-2.3291773444394392,-11.82815637237707,0.5802113972759847,0.8249716575524182,182.52802514131938,0.6269659429752723,0.005242962850288868
63109,-4.413972927806153,-10.274712091786869,3.751674818837152,3.2892770012277586,510.99136812046737,0.6154423316704989,0.0052442690791511945
63110,-3.3230734294881508,-7.396206946278595,1.8702445535143881,1.0073757885679548,262.89292784893576,0.9972983559953885,0.005245612115789693
63111,-2.6364526104054953,-11.942812021724817,4.291087653070931,0.9028800338913898,182.1064345207116,0.007907535990089087,0.005246558503030755
63112,-5.6099874740219775,-9.231464071353216,4.746996787852394,1.1959534823673574,365.2635799532215,0.6743112505982483,0.005246591022382209
63113,-6.427312952416408,-7.73507842544651,0.0781812631108149,0.9640682973659163,467.58911564242743,0.2673525693832408,0.005246853348439698
63114,-8.520181867357662,-5.4510542240802184,4.952950295159952,1.7414865973059226,412.3285696458043,0.8524396752466332,0.005248281523363158
63115,-2.4726808532597406,-8.688837733156193,1.1523007139162182,1.2076467791110246,225.95767752019827,0.047247212716243325,0.005248433531033492
63116,-6.85177984422686,-5.717875464813871,0.49450699783431556,1.4595821486847855,331.75749923903464,0.2177081133005334,0.005248728343984386
63117,-6.461637068434811,-6.240711844077197,1.5808277305163159,0.8316952728365317,211.9133899936015,1.2336178607980814,0.0052503655896264274
63118,-3.9636001087778894,-7.09657538003934,3.0526019161039937,1.5728647455722684,363.9999301690503,0.10167406786708533,0.005251876268460331
63119,-6.443362144892657,-6.266783125155057,4.908557755785734,1.0621983633344212,242.03854460221604,0.0669004143931824,0.0052526948707353055
63120,-6.871121815494601,-5.571223816581635,5.179693098768027,1.893355169594807,468.508692482103,0.32136477699229005,0.0052534185988014175
63121,-4.365778475928883,-7.056369501305675,3.9294328452350937,0.9411126453420143,264.5958779018802,0.8766645382840323,0.005253791222089352
63122,-7.865859498238265,-8.741102069405436,0.3844631715543593,1.6489218012485825,382.3515883055088,0.03988978799579801,0.005254304303043745
63123,-3.2654153776574155,-7.244067862110466,2.288677317748755,1.731926405853683,371.6789425690857,1.2053688653216525,0.0052546443459217185
63124,-3.624748791284336,-11.473637690401219,3.16363199509274,0.8213271354144669,469.1050602804961,0.08323993169060273,0.005255767543726049
63125,-5.782995197957076,-6.6306242249712914,3.6156027348669975,1.2365341368855765,309.26036518035545,0.3055103668284209,0.005256430662506897
63126,-8.54225207087646,-5.59303098076618,4.9338923299838235,0.7117517616599404,167.85709234385092,0.7278720171801263,0.005256622342492693
63127,-3.5745877483093347,-11.403308193618178,3.180328857983951,2.687220224549806,466.63667958768247,0.9462468647846096,0.005258280445325547
63128,-7.1473154847462705,-11.941049837597255,1.5728842210363752,1.7208561997776657,404.9647675870909,0.5216408616450643,0.005258292251156
63129,-6.620792721640898,-11.601548390810754,3.0914503520313397,0.8576579793808148,175.6356748872589,0.20478772523798483,0.005258497148353059
63130,-5.0862011449370454,-8.98700583102148,4.970526907145713,2.0725829897179913,399.6730140540493,0.6468120339695425,0.005259242852268074
63131,-3.934027046750308,-12.022929215398152,3.027074754727986,1.4063744711370898,331.4924464928518,1.949732514544385,0.0052595045880853624
63132,-4.34570338709859,-10.372638546081218,3.686047139936681,1.2311417618100806,313.22260406742686,0.5254697891957596,0.005259750707829762
63133,-2.581193998924867,-11.612187617751303,4.456431468946557,0.9044377190854392,467.2206830818123,0.5975043602592143,0.005260800386740721
63134,-6.509609836128657,-5.851781705478036,1.897045822505826,1.1724768754836437,467.367995859836,0.3209410584889332,0.005260996293391366
63135,-7.212180259157346,-11.062492999749397,2.655680854843351,0.8655764955047127,467.8578857643118,0.15313233390963799,0.005261894642324026
63136,-4.311447215481225,-10.807314547447445,3.44547834665954,4.151636367568644,578.0926781666312,0.9312196697156674,0.00526210592496377
63137,-9.13593653412276,-5.037479928024899,3.538302098459949,13.13007014962048,816.6412083503947,0.27954185488278327,0.005263070394092428
63138,-7.265428240163505,-11.37829590011978,2.348191143674599,0.8309646028094217,164.99709989178555,0.12595237614924404,0.005263790237724997
63139,-4.608206021053487,-10.529384404012717,3.5996775462170767,4.314942405372485,557.6757052533584,0.20360910545864286,0.005266465167098763
63140,-4.768649836306434,-10.718587430516168,3.5057146527011787,1.8580983317287818,468.0234650627884,0.3786509236724731,0.005266690455070099
63141,-6.829144827274543,-10.333568692310383,3.54450206889366,2.3340638219877063,441.0791738341181,2.0931116348750622,0.005267146178419109
63142,-7.5158452753470355,-12.453322623452204,0.6261702907265646,1.1569614091961518,296.24482884206583,0.890548908794007,0.005267532211153013
63143,-7.412728470829825,-10.944131484349011,2.2158424907776157,1.0179343015432738,222.70114459506124,0.02803292255953238,0.005267845451667201
63144,-6.392749755201129,-5.827370434135462,2.78749023967795,0.8837755555543281,173.02205874066385,0.09057921437905225,0.005268260279217115
63145,-2.967208701810459,-11.348138667120475,3.5292693556202743,0.9423779241482956,186.53989388445348,0.011701323704977895,0.005268677650896661
63146,-6.170858565648483,-6.251419851737082,3.428854267408327,1.4514524329459595,328.49606458210707,0.2204960379552814,0.0052699608960724035
63147,-3.0470677218508104,-7.265666515361126,3.3193543391886307,1.6715004213513736,468.39753933798806,0.48696186307601774,0.005270566375867433
63148,-4.071669789759486,-7.330964085614509,1.9537121484353734,0.5611441425655597,128.25518587969063,0.35752856626366736,0.005271971738681223
63149,-4.056559209752408,-10.589964043671213,3.5481368840337644,0.8417660273071481,222.57923603770922,1.0204685348115934,0.005272267719691123
63150,-8.533953303222958,-7.329318806975107,4.450160903871427,1.2210180068808676,287.061894963186,0.7478942383855829,0.005274496298805442
63151,-3.10415820992103,-7.647430369361593,1.213252942224401,1.7294709574826341,407.89230093937107,0.19870717744600963,0.0052755993234256185
63152,-8.739795141130843,-5.913725190396321,0.4458240159079652,0.8750415004158253,207.33049970833636,1.0215342864986097,0.005276363671963446
63153,-7.608704279859512,-10.540277630871406,1.6493926992466643,1.0544316635693656,273.89219893091854,0.4665760172666724,0.00527645704426345
63154,-8.532566091558873,-5.313902638920208,0.3320514772133199,0.818050139825136,220.12275368149383,0.11651175000733272,0.005277487915418254
63155,-4.562491318718818,-8.18402579652697,0.3148130920301222,1.581804332223576,468.1590769296554,0.3425193834917044,0.005277642283353622
63156,-8.432113145163507,-8.067410919442683,3.5534145449177936,0.9431634000669588,186.61950568170377,0.5862115311339657,0.005277865551415463
63157,-8.992436801860089,-5.850956812506474,4.013406249967827,1.77099146038919,467.46126851969524,0.3544028467216185,0.005279653492120023
63158,-6.7290303296854,-11.021349681002388,3.232392598362256,1.0804482200096812,280.1565426562014,1.1225642607874358,0.0052796848204015815
63159,-6.697218461614423,-10.092753997384719,3.7981897222095826,1.8338033329817072,439.2986591487578,0.330981879706262,0.005280361933797932
63160,-4.642300812176678,-10.99801937765952,3.3670427685795654,2.58230591923803,465.0782721605796,2.1557015054495094,0.005280685976719117
63161,-9.060407423538916,-6.9181425992143595,3.5581007526607498,0.811760916356547,198.3480313726084,0.07030254369030953,0.005280701596792539
63162,-6.228303487051879,-6.405451529780611,2.0629784093957655,1.6849428932144375,393.1502042572233,0.1770877721864066,0.005281148502249969
63163,-6.773069289413886,-6.1438396017653405,0.5624987416938305,1.180859497760053,467.99528210461244,0.3659471706263977,0.005281866295696838
63164,-2.9860804934364094,-7.350717444248398,2.8481389303077815,1.838965132303975,369.52445237043503,0.7261683691046237,0.0052821122536458025
63165,-6.064853654967805,-10.933372484727816,3.455214743514141,1.2267744660178823,265.71640719954763,0.9167317906997505,0.005282320640815345
63166,-7.419111174335027,-10.89004908481223,2.250398598068508,1.577938943802726,444.01080805333686,0.6300293047906544,0.005283890346140641
63167,-5.296717059640393,-6.870466689178491,3.1619416226645143,1.4744143026712493,333.6933451609731,0.03897662584105266,0.005283953150913561
63168,-5.58577006888841,-12.638320045031236,3.0192559566690087,1.520863243381506,359.4641245148692,0.5135608664104376,0.005284294189555906
63169,-5.308952365706952,-7.093866649117569,2.0117523119502536,2.9376424545385333,493.1132472123219,1.2906191520870829,0.005285346666947009
63170,-3.1489770348395787,-9.455897623238268,4.513490369760916,1.1060148740870952,275.7614972436053,1.5801186006253962,0.0052857967126355605
63171,-4.831242119334254,-6.984482333835765,3.23631539495416,0.6234858201342282,170.54893365821496,0.4214166614123931,0.005287471541604165
63172,-5.238922638203644,-7.690427184619758,0.7688339795111049,1.0627613727829346,286.128501080758,0.8986273614904734,0.005287647360072762
63173,-7.39679171641611,-8.054963509050689,0.11151565440890207,1.1819007415522549,240.33693186134946,0.6231819130268379,0.005287819039205436
63174,-6.507365307100056,-6.100204365207404,4.782708468498975,1.0286582786346894,243.89842628001563,0.08730048056428164,0.005287846853878307
63175,-5.119620839443767,-6.932059357096433,3.2241109447192557,0.7425332471200086,468.5889338807072,0.26695236333811057,0.005289172458938528
63176,-6.612005865587928,-5.700878555995745,1.5576085504356607,1.63914627069276,381.2409267006096,0.6031311211555384,0.005289880081845162
63177,-4.473893315206086,-12.226515717970408,3.010824338415051,1.2725982444608268,283.03616231171566,0.3360787317692395,0.005289981424073682
63178,-8.834408784634569,-7.129172223615905,0.6357811849791972,1.266483557196077,279.08372185755576,0.05702943209157407,0.005290156158065417
63179,-4.893429866953616,-11.51129829395515,3.1897357777110087,1.6876242227409344,397.011184494274,0.9101332940970774,0.0052906616200598605
63180,-5.343501049408025,-6.96984931608669,2.4959973239178925,1.1093462786408668,467.2978369544139,0.7800985240633054,0.0052914868632889375
63181,-6.365467745792245,-6.257456091354097,1.915047025194147,0.841178267813899,205.74800184844312,0.5662961010879854,0.005292184964849781
63182,-6.208705264329343,-6.673452611930738,1.6490857969976496,1.2174355217125208,253.02819090154637,0.041807618763129106,0.0052927390408901145
63183,-4.792262961693359,-12.593720325212317,2.9739606792790996,0.7875263947441561,466.8330406334612,0.5191347733938505,0.005293103869593405
63184,-7.1713210757450065,-12.620459955150615,1.996570445872021,0.8183310706984653,235.964622837415,1.0909085792696143,0.005293706385521213
63185,-7.051487452927169,-11.69780635216868,2.645106741917885,2.63227652572696,460.1295913766878,0.8749021007991375,0.005293839312663517
63186,-7.335256922697325,-11.911550108969973,1.1481912758289834,0.8480639746845555,234.89591894654353,1.0875910323906224,0.005294804109745211
63187,-3.6436549824361286,-8.355728810373675,0.19707785988031065,0.595392233530865,160.34222667110856,0.34427393593555244,0.005295894580248723
63188,-7.395424456755101,-9.599017007268651,3.516953362447456,1.8098367140020841,468.39761437125384,0.5355882197834365,0.005296679693342598
63189,-2.9019363240078446,-12.93089918720545,3.345780523367956,1.0821248186040138,285.0366341844637,0.948004584059384,0.005296912054646565
63190,-6.3155998063644745,-9.48507514071631,4.46067385410029,1.1143723072347893,290.6154903031861,1.0630671645646208,0.0052980732977798055
63191,-3.2019379201840774,-12.395108110724257,2.993827125787648,0.7017225883256707,450.76434435295437,0.3621914537792206,0.005298364237617452
63192,-2.6165316847156506,-8.139134475976146,2.0717692924247735,0.965464757609906,468.6903409431392,0.8456237458331453,0.005298452128584501
63193,-2.4737866099242822,-9.627250851532727,3.390571650150104,4.759961067151679,598.0019366709278,0.29907861188138885,0.0052991616012935125
63194,-4.798119448828975,-6.99843767196321,3.855014354215951,0.7172584675927459,467.85397009994495,0.3309005733868906,0.005299177602011882
63195,-4.089762340498194,-8.4823370630524,0.07674783127690775,1.11397248773235,468.05312241439856,0.7042261059188046,0.005299567837622439
63196,-8.73035552307057,-5.018234703364336,4.509444133344097,1.023772399753906,217.0671314910414,0.6268387580523989,0.005299954970129659
63197,-5.2114375334634,-7.5076191008127395,1.0594234169201657,1.2087156221518107,264.35039254717617,0.26702659702216724,0.005300596956913166
63198,-4.534541440520917,-10.823042712795615,3.435880238238206,0.8598574407784935,467.480672572929,0.4065191279068978,0.005302215494534873
63199,-7.217836770163108,-11.984608125277688,1.7553011302951937,1.8999441968313648,468.5299634442047,0.49192584197839917,0.005303490059177398
63200,-5.6381839671425755,-10.191943862719887,3.872381656809929,1.1649772984594562,299.5052726893429,0.8353288012535218,0.005304433911920819
63201,-7.223264157479336,-11.009656083034534,2.6591386900148644,1.7413629209055788,468.64314454656716,0.6421158345816451,0.005304710588065461
63202,-2.9330777832901287,-10.340386976547261,4.0858179645581165,1.002162789928448,276.4339644249149,1.5613276362704296,0.005305814098395139
63203,-3.71412575727324,-12.384035773183903,2.9589080136920463,0.5359318056430659,117.33741578945306,0.7945463323156492,0.005306056219557313
63204,-6.076261309898195,-11.251921006101652,3.3227435948264925,1.2853995250123416,277.6596533300205,0.8213051615245837,0.005306347147418536
63205,-7.3982761672542106,-10.33605518959003,0.3067807733306669,1.1083958961151004,283.8814754452533,0.7220875580257173,0.005306475207294072
63206,-8.568162867547969,-5.837854340521834,4.909170425318022,2.0738136223699692,400.3640596811599,0.813897108684194,0.005306700386123647
63207,-3.4661848642515958,-7.301848493238689,2.0728333296691543,0.9620514962682165,192.85580499055663,0.1841632511724356,0.005307498501854008
63208,-4.016897117972454,-7.112765350101451,2.8760833047881116,1.8609833186342621,467.52724247091277,0.3166289816822774,0.005308113466940813
63209,-6.912558653957132,-5.146338444593786,5.010647799883376,0.8786875215043887,174.92618662854193,0.23996344867817854,0.005308458880482198
63210,-9.241476672590057,-6.841119416225317,2.0736427729908002,1.6638270519029021,362.594114779832,1.610100600228745,0.005310038263976354
63211,-5.90779537681834,-7.043065801466821,1.4949852399927794,1.6527286473626452,467.9609175751219,0.06812391870171108,0.005310131752683447
63212,-6.756297365679459,-5.5643780603333175,0.7966333788567234,1.756169807574345,467.89455160699947,0.5881181471816648,0.005310246499851842
63213,-7.425152210799005,-11.9764994331396,1.022730575649009,3.1885311117356765,227.31048313751637,0.2759267770189382,0.005310635881857712
63214,-8.474129037307817,-6.087581280960761,5.096316322845349,1.8256156708867468,467.471638562733,0.1235440413032638,0.005312034158189837
63215,-4.519117981877257,-11.729839866669632,3.1136080525402465,1.1055851752385881,285.9479459906347,1.3215875329818418,0.005313074805864194
63216,-4.155074924975665,-10.914656358730792,3.3790761289900706,1.6507724596548372,383.59444611366416,0.1248942647000284,0.00531329557593059
63217,-5.606505557642993,-7.262527905748054,1.3883218401274884,1.8450137584009798,469.45177412092437,0.03989498404523051,0.0053138744004443406
63218,-3.6510857019176743,-8.027582239725884,0.5388470936201609,1.4847809634268072,337.75271539068433,1.5473282881340804,0.005314538380720286
63219,-4.028967059736999,-8.371017743831793,0.1763436787735134,25.640880255890348,871.2565159821596,0.21178823222119814,0.005314982770021499
63220,-2.3651220617685915,-10.882315435161704,2.373450736210472,0.6377987478373006,133.59267222640472,0.16198779062409052,0.005315451408744251
63221,-6.358779379945743,-11.91484238944694,3.1000090816541856,1.5917568269082403,370.1029131358945,0.050361031759080355,0.0053160845533396645
63222,-4.856879613213279,-6.980847688571745,3.2961943291782383,1.070305159037094,284.1751039742608,0.7013496300584201,0.005316130481413623
63223,-5.571018655443029,-7.316250042448316,1.3146219303194806,1.0237838340295453,468.82332572568157,0.013328065262498079,0.005317973408208995
63224,-2.854459371172842,-7.547913595103442,2.7940911624994205,1.3178311628060195,468.43343461911246,0.1096214659994379,0.005319126474423072
63225,-5.6723478626832895,-10.426892457478655,3.7169666025562185,1.005095458814192,466.1473028915388,0.6053731579651709,0.005319285519738048
63226,-6.623340136066651,-5.696367818575863,1.5063083485114033,1.1744641892703525,298.841300329504,0.7425380242530029,0.005319599961846509
63227,-3.8848326667081565,-9.753364387494306,4.141887454339847,1.8174315456591512,469.915873709854,0.2303332991245739,0.005321962110793382
63228,-5.047721217713917,-11.610234826034134,3.1712985024605205,1.8852793746058913,467.6412171353728,0.27898856655331716,0.0053230386279588
63229,-6.15598800231005,-6.460614536262154,2.1904520732327506,1.2249716162924278,216.62413577514192,0.07453745235027842,0.005324334351242314
63230,-6.431886071038864,-5.837139841078364,3.692463986321568,0.9969631431260741,143.34245989775775,0.25200910233615037,0.005325140036689115
63231,-4.3801688510531465,-9.994220516469174,3.95027007820173,1.5272113647056131,343.3265005663364,0.26650860457586045,0.005325174679278144
63232,-4.185905345353347,-7.240402853499496,2.219138239482537,1.0848219814805373,216.830502338916,0.970658469697649,0.005326364949436787
63233,-4.018798820667795,-7.480990928523107,1.589113074488489,0.9158589323221072,191.26458789767827,0.9615108807904775,0.005326434954419567
63234,-4.079640740965611,-7.1725256093129595,2.5011449123790053,0.8972800371901972,245.6198955974213,1.2595151031633138,0.005326941098040525
63235,-2.8967239341791675,-11.654664646111794,3.5648263932851036,1.7002302519220602,468.186760902447,0.31910480871379576,0.005328271811322384
63236,-3.4713015702102545,-7.961482268066195,0.6313882756182609,2.29847863831152,431.415695441639,1.16927262879602,0.005328462412985525
63237,-5.330205137507361,-6.882197035302429,2.9551710835853604,1.2585297174614556,262.7631817364064,0.22418601527383775,0.005329305355822638
63238,-8.136150676388857,-8.265410664782012,3.9238276183936365,1.895621123326144,468.6164303548296,0.6011707761658487,0.005329489530352502
63239,-4.689098443715475,-12.023809941976685,3.047161493918687,1.1136481916981313,243.6999537441946,0.44963114981795194,0.005329556526685688
63240,-7.091518446296898,-12.241693867550673,1.6145741700792147,0.5809059930929438,136.8941024514728,0.6453367372718182,0.005330434530627166
63241,-6.331111729984597,-8.844681682209028,5.165151745601005,1.3358605435027757,320.0304052421019,0.33847137800187355,0.005330872204100452
63242,-4.3536771981073645,-7.677571846305698,1.0034258222726495,0.8593405012846091,171.96193290180153,0.3215188539099252,0.005331571384021632
63243,-8.741993774655544,-6.735821311095691,4.474384883484346,1.6553425349293098,387.7733935433968,0.8633938687332874,0.005331705383130946
63244,-2.3968033577709313,-9.535078379423963,1.861617855164129,1.1529622036551257,295.30905654819173,1.0567463173241762,0.0053319213581852955
63245,-6.494109758452922,-5.443055859122385,3.195534745486336,1.1678308747912003,297.4829270015439,1.0106087375899824,0.005332501689648792
63246,-7.375560748638002,-10.667251139778887,2.559751590276086,1.04850142247228,227.21245708172205,0.21375106900342278,0.005333654725741824
63247,-7.56456944898269,-11.985372288308152,0.6992165003834022,1.3414698316908804,289.0981390822498,0.11077913907421166,0.005334012450122366
63248,-6.439569843303104,-11.615446109583226,3.1498404124014874,1.7753201515311596,467.7375806063215,0.8943533151006218,0.005334730069725033
63249,-5.861722472497326,-12.589307205264797,3.0283709212186154,0.9122698170875818,469.6737335454744,0.09113533126032625,0.005335269112340116
63250,-6.597171632948152,-5.267791710120224,3.832485266585994,3.459630564783797,331.4749955594166,0.1197060443536202,0.005335816053522207
63251,-3.7826833532891087,-7.100321343642258,3.8012103597928255,1.1648958529756448,281.208369671575,0.3259800204223682,0.005335896781288789
63252,-7.766130009910537,-10.414399580842643,0.523329259151321,1.8277934911306408,467.9910312082393,0.36396522685148014,0.005336043032226695
63253,-5.315831661336019,-7.319272299651281,1.4867300476479532,0.7904174742601368,169.7914282744512,0.2329176424701105,0.005336638271181849
63254,-5.832873745615729,-10.817303244139078,3.505553993733031,1.0769423177389221,209.5778373440038,0.0512451802006213,0.005337217567221862
63255,-2.4109150934547943,-9.101133876093982,1.1432715508649332,0.9877150603684558,274.12452582601054,1.5045392593162594,0.005337429341033498
63256,-8.496959085077465,-7.937842959843295,3.6188156568379544,1.2360953010800784,244.8877475949375,0.00892675688948863,0.005338098496886868
63257,-5.461771018872375,-7.304101954570751,1.415938825351533,1.4144304886925365,322.1646788194218,0.6679222967821818,0.005339023982599285
63258,-6.177486009711952,-6.403424350790968,2.270392168790073,1.8446340909595031,467.5186921409006,0.6078093445758936,0.005339420025157435
63259,-2.953094114430831,-12.660480515204302,3.2605477965784226,6.399519299234264,687.3067955423821,0.5631477445688144,0.005339593159216181
63260,-6.804329468525638,-6.211575779908889,0.4598448591106425,1.730682806746449,469.53920985592316,0.1305382158029209,0.005340092676685146
63261,-8.60396177766416,-5.8426442323998105,4.8389788870843375,0.9988952715521809,260.7207212986646,1.246342434946409,0.00534160482699071
63262,-3.2306711847142626,-10.606945756479185,3.547804573169067,0.8620986054396865,224.84442354049696,0.30115146013912764,0.005341873356570695
63263,-4.280046654611289,-9.798563564618402,4.106381617136971,4.018002132950841,571.3486591557115,1.152249255229031,0.005343053371167727
63264,-2.3637210197919964,-12.260283770865556,2.6150317995523222,1.6030771257982224,352.70034901554953,1.1684289518541169,0.005343749729175665
63265,-3.3567459154853267,-7.672564082040922,1.0677531168299068,2.8478803501377947,477.4512327450775,0.7258774133100587,0.0053438102059040924
63266,-2.746828494628067,-7.751281606526346,2.5885424505567878,0.8883589374178955,469.35506563097675,0.038165874214667106,0.005344244784673521
63267,-3.752774585720821,-12.16099738811146,2.9830369667539474,0.749942658540196,415.42099035916095,0.2476304929816049,0.005344269303994499
63268,-8.031805788773438,-8.450287300935182,3.8497887977696497,0.7591144442207076,220.25196974446152,0.8713699860495092,0.005344868381020021
63269,-6.429899672670718,-5.719758041947923,3.000396436956447,1.4841143006832962,341.2667756865978,0.20231410873226796,0.005345340052967368
63270,-3.9760582267825937,-11.386282374894476,3.1882369403743316,1.8724069551999916,382.1278833737289,1.0631305539296845,0.005346338741878905
63271,-4.537475832384499,-12.082829164935832,3.032064294741145,1.0502466896718177,279.23373866736296,1.5085091346095778,0.005346986805904639
63272,-3.214627598287356,-9.775522883197642,4.152737316622859,1.796438452489645,427.06710794183545,0.13319043191541624,0.005347192171447359
63273,-9.304535425863175,-6.146742784917141,2.199210993522345,0.7383617883384482,285.0395217422524,0.4303834802473725,0.00534864065705286
63274,-6.270373551490103,-6.1060149377945265,3.0243055670156505,0.8907880345463449,187.25222527483214,0.6252603631376088,0.00534893935944774
63275,-6.200889240503717,-11.660933259202087,3.185283800826361,1.1247365695711355,466.9190707512,0.6022142570926272,0.005350230592943147
63276,-3.5340950869490415,-11.843258603221377,3.046924595979743,1.7821637592165307,421.84675814634903,0.015586237402778202,0.005352125849564396
63277,-4.912196056756002,-10.833063120262864,3.4492343479172627,2.3280031354458695,439.77362101778937,1.8311577336310068,0.005352903184382357
63278,-6.9660113303215,-12.682467274117453,1.5489034429035204,0.7426220270428172,151.22965260912378,0.1340576229745265,0.005353407775365402
63279,-7.985294994120242,-7.642115162576401,5.100465368488581,1.1023862948083905,293.3882590543522,0.8302156238306733,0.005353936580813467
63280,-6.551803400695711,-5.257458242339163,3.270833828285293,1.6100776253497593,376.7638619521738,0.371844225877072,0.005355392365737861
63281,-5.6222438821857,-7.642325364048918,0.682568031753904,0.7821365668684419,467.196650190583,0.3856736262808713,0.005355710210782166
63282,-8.983013756914211,-7.626617570847419,2.4930270037176903,1.5531233580760646,468.3581762550749,0.5206182997256166,0.005356489900479999
63283,-3.637303916400329,-7.398619377390808,1.8483154161905515,1.5094979178213281,327.07235814239306,0.7341168555502078,0.005356678842141662
63284,-3.263472546587197,-9.15354570567257,4.733934837693311,0.856347656392945,337.9121377917906,0.6098666288465528,0.005358356003965363
63285,-6.924066777981059,-12.992794881260169,1.5609770699197534,1.6964923290455076,396.7405909494966,0.09482401544448926,0.005358545861384312
63286,-6.734574024055174,-10.887119717857392,3.280735940612743,0.9687740723774674,155.24734935192063,0.2538214242007477,0.0053599419514317745
63287,-5.264878979744572,-9.134979040707243,4.815802777886002,0.5897440958472469,117.13647517277231,0.13998887593114162,0.00536030193243658
63288,-2.259676445973695,-10.976439632825706,1.2746541782452108,1.1737440265561847,245.97097963193298,0.9455269084261664,0.005360400503756944
63289,-6.600385304445312,-12.15782211686028,2.961981306995427,1.178061116030289,467.48010074433523,0.20395333689562367,0.005360902458902407
63290,-3.7738088395825473,-11.625072184658247,3.111756593630361,1.1277887019118675,194.9325715593298,0.12937242770029211,0.005361115788036123
63291,-4.148162381378073,-7.33772408342122,5.153490825496286,0.8347018409492947,239.6634151256878,1.4783788279675862,0.00536179814271572
63292,-6.381605474571865,-6.387602940103319,1.657894445246205,0.759909152070578,182.6782653330375,0.3165402192985347,0.005364192436522408
63293,-9.212917887470455,-6.99893588185975,2.6433223110250927,1.002960132599527,468.1846622881861,0.8471382669035954,0.005364253083429928
63294,-7.3426036382427124,-11.033929344320507,2.3470031008103196,1.226855885930316,297.65209396801356,0.4008703387069623,0.005364715324341551
63295,-4.303351520156545,-7.076371841691717,3.9052580304576003,1.058596420782667,467.86214410852494,0.6145585607735979,0.005364851169767639
63296,-6.755998727227091,-5.007120094632579,4.386825798168338,1.4818373993825869,210.86650061529605,0.12763786711516367,0.0053653332741607825
63297,-3.0944516164360767,-7.536541554529814,1.541210074405296,0.7990556586224195,218.53463671016726,1.313122850453575,0.005366470961573397
63298,-6.759470315408994,-10.77467157034865,0.10057925463413445,1.6120652005710443,381.72132581694495,0.4221620838723634,0.005366620386399072
63299,-8.855265085902733,-5.216211922814186,0.5151559547473727,1.7941949895087987,206.39563417674074,0.4629035507540653,0.005366921167711278
63300,-6.889635614156302,-12.919979959342463,1.4429408090871003,0.6892091651682238,467.4406902361729,0.4100755721423859,0.005367348795266218
63301,-4.269258906020822,-9.216587619810134,4.663896326438792,1.2206806040830216,467.82369571593244,0.1624746447257328,0.005367948095046392
63302,-3.2580384581559594,-10.735989723404487,3.460235825369299,1.0448037140416748,275.3449205029458,1.069230728737093,0.005368210658434213
63303,-4.155334234863579,-10.841933510084685,3.406761571118138,0.7864289740161292,469.3188945880845,0.20370839860397005,0.005369243890486583
63304,-6.529507140837502,-5.350700868342139,2.983788239679273,0.9596937639384735,258.71009113392535,1.412954617660196,0.005369685439943329
63305,-4.758945344111728,-7.782150558248655,0.775491407575124,1.4484721988248208,340.73459407182344,0.9206359997282352,0.0053706876218018
63306,-6.623825175951346,-5.679181049066008,1.6130880379758454,0.8688119963646842,408.80753970676227,0.9371786445381227,0.005373101763553792
63307,-5.131877205896018,-11.867083136781376,3.107722251378778,1.6044526523095495,371.7691900601625,0.3958242857966239,0.005373221160275064
63308,-3.905574653948225,-11.977226057425685,3.0225450772435796,1.6768473538972937,469.5754289836738,0.10777651007450295,0.0053736395062315
63309,-7.0961917721196945,-11.980142995543385,1.4597956852342846,1.7151893035294168,405.3541071396896,0.3281755894879037,0.005374003453005746
63310,-8.180377517933762,-8.58932640601839,3.2299779835613376,1.7804464444527255,422.31611178645716,0.48713831554852316,0.005374708881672952
63311,-5.6469709853847565,-6.714749082301714,3.5558885210919238,1.1719570883622794,299.5287830282354,0.3325110986948987,0.005376822688397892
63312,-3.06358728265754,-7.298541434117722,2.5640700796104388,1.13910397388221,418.63583679589584,0.18128216629698457,0.005377390095616114
63313,-4.051590796397062,-8.820051225250962,5.082412419890433,1.5140089234178566,468.5153459735196,0.6528899389296239,0.005377805632811152
63314,-8.066084450530772,-5.854942637952968,0.15266362646554837,1.0596687469677595,468.33613550952623,0.5121565428580874,0.005378463378784564
63315,-6.319851581813088,-6.131227911669152,4.0445154785709345,6.422917149753494,669.4199067059672,0.26802626219080405,0.005378885389288209
63316,-6.737397524251951,-11.159527732372714,3.1573158010160682,1.2962311640879285,278.8439123920922,0.05649485829643108,0.005379533336640416
63317,-8.584029622985025,-8.601450943954358,1.1469007571554453,1.3228845704695786,317.4659935960992,0.46055600856649637,0.005381036824492098
63318,-6.5630384436574865,-10.462051697099275,3.5967575424849825,1.050551155648781,281.1651657169021,1.4620973620351814,0.005381564920654368
63319,-7.249199296953688,-11.693574758895465,2.168767890415147,2.5389238926142546,188.8947641445339,0.32811553198741894,0.005381645831727426
63320,-4.979719622510753,-7.921649677061922,0.5473344355689119,1.0158030474934987,414.5699504639678,0.6494941899248392,0.0053841474089924716
63321,-5.372619357328574,-9.23811870031539,4.7113726844524395,0.8806123408306722,219.32828671752463,0.889498549806822,0.005385163426848265
63322,-4.998320809672361,-9.992032672122034,3.977756045766954,1.8274406797819405,437.5812831683209,0.4359321689134692,0.00538555990394435
63323,-6.416438841158911,-5.790436516821624,2.645323603380361,1.1009528617456452,262.9702181223693,0.2523908883707664,0.005385871337062439
63324,-4.660601634524672,-7.109887427807615,4.50263519696153,1.8904145379834068,290.657150227691,0.004543519422811393,0.0053863066805085276
63325,-2.457201421471934,-9.09436992651471,0.8269233458595764,1.0561284927343093,218.1148806894816,0.01824812698116407,0.00538771912316799
63326,-5.1958995866217785,-7.045170620997675,2.315568997659813,2.8560435712451824,486.82248772809913,1.4229872654305682,0.005387907587728148
63327,-8.718143393723635,-5.481969315732096,4.571121937052222,2.373728330994289,443.16180762055734,1.6427075277609768,0.0053890317345031405
63328,-2.808928296931061,-7.687149616671571,1.9781815591021483,0.6874400343686325,194.90516760243406,0.9715354457253254,0.005391245960850757
63329,-7.428354234773584,-10.378917183976498,2.673270187505152,0.7791729628539692,189.25011926774806,0.8169870710787253,0.005392658123567557
63330,-6.142386661111563,-10.869685680469345,3.4686442781974383,0.6866538183594105,449.5638590825067,0.39744671375243623,0.005392848052889139
63331,-7.662331545238579,-11.227305846072232,0.7547930778956926,0.9109196472948872,255.98219682452972,1.0193688790123874,0.005394139690050225
63332,-6.817574721749596,-5.0634073083519935,0.7454500708528858,1.2275465481330985,311.93825842734117,0.46459435753576717,0.005395124522322977
63333,-2.948681274793957,-12.793118983817646,3.2494426419310005,0.666069783124272,136.09173148981384,0.24027714896352137,0.005396040049621888
63334,-7.757696167557841,-10.750021271921192,0.8607600020300052,2.143232643527017,411.72266773644765,0.46357369395261916,0.005397190523045165
63335,-4.465658380323585,-12.069072795948893,3.0241424673651203,0.8824117464822037,176.60607494399898,0.19687320117204,0.0053992099747622955
63336,-9.29253950121339,-6.5031599146365995,2.5671294701745913,1.19504952121513,228.78224492764912,0.4802033498367093,0.00539941202823821
63337,-9.26207899841248,-6.492568046713435,2.9522067213082543,1.0199128623327034,270.6596067923856,1.7764008491377448,0.005400374658878119
63338,-4.727238246122165,-8.384032956394869,0.12246508266709748,1.897946881608839,469.8198190372111,0.12951628025778295,0.005401252889994203
63339,-3.4361157113027865,-12.592839888976595,2.901469734649428,6.469882726149668,299.8999140495584,0.3380607058025804,0.005402519367000887
63340,-8.725005766542555,-7.18524987247123,4.173221626247807,0.7917219471677709,203.26412103674565,0.12752679461865046,0.0054025555570006035
63341,-3.3828029020322514,-12.09846990218496,2.9868841086227795,0.9112403195095929,468.3089182942423,0.38837463942705863,0.005402836251645727
63342,-2.6466392378060917,-11.746971447173195,4.2732584368486295,1.0396496560306516,294.2539517268867,1.152908934593155,0.005403121926855073
63343,-7.154218916698634,-12.182388893764067,1.7086527568639187,0.7507876399188699,201.97616770535922,1.2392313239567363,0.005403815216638469
63344,-4.854206212622563,-9.825250700548988,4.103121311544995,1.1177574351366915,292.82700482728796,1.286658134470085,0.005404088590219359
63345,-7.264791308792917,-9.121947131536592,4.240177812741444,1.2898533241159351,468.486777857232,0.14380242359645923,0.005404162463435337
63346,-2.71927082671671,-11.365176569975548,4.14670604086429,1.3652874818785214,331.94482300380577,0.35409656614241225,0.00540471479662193
63347,-5.538400387288593,-7.886421540226904,0.44006072902222737,1.0407998434844377,278.0074188536681,1.8012502564632324,0.005404742638621769
63348,-6.334700140756359,-7.175251080604078,0.6653569695358749,2.381925222227974,339.30906996245676,0.060270236476380745,0.005406030278762947
63349,-5.647130436252508,-8.328322763174157,0.022965738285859648,1.0892250943451012,285.5596935021707,1.3790747429220946,0.005406295815954906
63350,-4.3217667365136325,-7.228439811557959,4.860529877139485,0.9063387632227395,236.96409794495503,1.2692419476075871,0.005406539241636182
63351,-3.3254773049117414,-12.28951620257244,2.950605451112745,0.9845058332741755,272.6213405922891,1.236338676633351,0.005406815729730117
63352,-4.648587290358948,-10.383684656586547,3.6731450168054303,1.8622624701022177,467.65302733337006,0.3060850686807681,0.005407493471775781
63353,-7.337052021331566,-10.184636421762391,3.0318096389819336,2.044876459376592,407.8298685388606,1.5773380330287265,0.005407566888765885
63354,-9.11101248611282,-6.682006100864874,1.4643746129802504,0.9787280413392373,289.7570152180239,0.11219424369325992,0.005408727655681215
63355,-8.957824107754472,-7.519784990955241,1.0171020985675538,1.031119021759869,139.3934651560539,0.27376148261072064,0.005411699852836096
63356,-2.9197296155624555,-10.285916326438546,4.14111398389375,1.8062786614832143,470.0421597919581,0.08802675897931245,0.0054135498285017465
63357,-3.892906705211324,-7.2369088377381,2.2864421431166875,3.0652267648542657,504.3138203621357,1.4481296124520568,0.00541370185765371
63358,-7.148027718757475,-9.911671979585885,3.5508332729853938,5.679353840605161,619.4930288447464,0.22555610148727467,0.005414593064846998
63359,-9.126276846521344,-6.370093779967089,3.6016834181075232,0.9120350936808755,186.51233413859413,0.7812057122357219,0.005416197782552182
63360,-4.368783427026103,-12.972623821283335,2.893474739125543,1.0911578042846006,282.2111805793496,0.9308791924181428,0.00541657380050176
63361,-3.15649744895226,-12.193000124168808,3.0342170993605557,1.043305100210163,272.2938729044635,1.4524451489275414,0.005417388186438438
63362,-8.900870615812966,-7.661780904060296,2.851956040454895,1.8919787128381595,468.5197833692499,0.6527297491092208,0.005417959577378419
63363,-9.143541316448195,-7.1738739665835505,2.779554480968536,0.9368132812214236,185.2413866836127,0.12588507627038314,0.005419485565607981
63364,-6.321813086587175,-6.006805191785826,3.1924843248754606,2.4130191719044833,447.63768608164554,1.799823399847666,0.0054195022673088535
63365,-6.942747958697844,-12.934123572158894,1.3382559387997917,5.851769611302745,382.8128431430406,0.16540829649317512,0.00542101939730195
63366,-5.7033275124836225,-6.776356483752701,2.6460573772178977,0.9934817601425863,275.23785294210745,1.2490699341679683,0.005422027666257872
63367,-3.692865819453072,-10.575535315599238,3.532385928809958,0.7734705659299627,467.4848601855579,0.269500503453977,0.005422126149965978
63368,-3.781942045545393,-7.175158959837345,2.63137441801046,0.5071359130988761,115.28196163753802,0.7983012214034169,0.00542213085293526
63369,-5.156260468436641,-10.882920933204794,3.4306848320862784,1.1212067076827001,218.66130499867478,0.02328204061238015,0.005422205426981833
63370,-5.743599951737047,-6.734490400768827,2.7151784001484587,0.8584484720384057,467.2916963506414,0.5754504333441766,0.00542239373562907
63371,-6.433572943762914,-5.710947389743643,3.191077035655366,0.8258626983859414,469.8418514775117,0.0901504014449257,0.005423764978936761
63372,-5.3586759244859286,-10.43137663278727,3.6857218163787477,0.696293449974285,139.66876297435954,0.04994767423746094,0.0054258684844517195
63373,-3.079172239512342,-11.669578552520589,3.2300478719722903,1.022106066440682,468.2734392034019,0.40875500586593105,0.0054288774500731475
63374,-5.678185374041538,-6.707338363443223,3.311936658985131,0.9314238180589203,468.6686370278735,0.5265670870886323,0.005429518898991704
63375,-2.4946285311660414,-11.725374175496954,4.227888726279831,0.8832216880896882,467.98707791397504,0.411071647646013,0.005430134229279479
63376,-6.601433225013162,-5.73477712836111,4.479740483681394,0.87636734291677,467.83920670563543,0.6613697277220636,0.005430486131433818
63377,-2.8951307989414,-11.455966267602534,3.6322099281791695,3.161986523477272,509.50811443954643,1.048170481009496,0.005431262662499293
63378,-3.93507343787355,-11.704927664026977,3.0842733407849803,1.561404728103178,363.42821744940767,0.4696689336795723,0.005434033690063687
63379,-4.064239821180145,-7.2214731805095465,4.702495808240413,0.7422991806403614,467.10178985653687,0.30038794672582103,0.005435076682567028
63380,-4.113132079919135,-7.427310394477102,1.7033728946902473,2.5744305317805294,462.28962862316126,1.5261944953332884,0.005435967598449156
63381,-5.405208561151146,-10.669019593986189,3.5520578966759837,1.0324304501547978,273.14014027047386,1.2757893746389692,0.005437502795375993
63382,-7.497300467220544,-12.564904498937448,0.6039715383658449,1.1084146185223505,466.9861990221596,0.6260446770300376,0.005438659953598058
63383,-6.545988751077905,-10.93161877290282,3.347340908031828,1.4921743414464348,469.730806148815,0.17034273110411835,0.005439350992757785
63384,-7.094086640150732,-9.367678165282264,4.149844607740687,1.6880465044696233,398.0062307593084,0.4224758096373984,0.00543952315979935
63385,-6.722568415352152,-6.348069772662268,0.6203813731517265,1.3738353970345278,312.85887158175683,0.19945379952163034,0.005440124165710312
63386,-2.422328232108284,-12.551646808021635,3.4132075283223076,3.0775277938288785,502.6254225752989,0.33794037946620215,0.0054401502323105245
63387,-2.6727920709598374,-10.558655253944353,4.600280306941394,0.5293680971307307,137.26470403867606,1.2165101205279267,0.0054407070029428815
63388,-5.395875695176688,-7.06496356163977,4.997365694640592,2.832893810879446,465.9216525155458,0.44489891386217284,0.005441906822131924
63389,-3.1602866276737682,-12.309894224843335,3.0152117907333675,1.7533560913755468,467.6528705817194,0.5577786638586302,0.005442514378984083
63390,-5.542014992441751,-6.778444228715093,3.420429108986541,0.7759934539862864,226.53944152293406,1.227898783231729,0.005442899751722431
63391,-9.28495707070041,-6.113586626231518,2.8901886511698383,1.8429719158242726,468.42548585647376,0.6199575225171285,0.005443200859686247
63392,-2.705914098668903,-12.720774414000903,3.9440996092351495,1.1643395551643334,296.6691482130546,0.8338400061851177,0.005443649191027975
63393,-6.412790607975212,-6.457866125514759,1.4855125878593887,1.0571205538414152,261.7111809236109,0.18448081426155927,0.005446538083191834
63394,-2.495279793870119,-9.780364525821199,3.8432420078916434,1.146273857330675,236.3147109889412,0.21423656778578248,0.005446916853687898
63395,-3.780076431116165,-7.096320449629061,3.4892831249554748,1.0458175505763807,205.2388244231953,0.04185444362394097,0.005448058118193618
63396,-4.508968596971049,-12.898282279288349,2.8958043262935997,0.8351353820032835,175.09732528236574,0.1679962208018022,0.005449097302905954
63397,-3.7824218316246974,-12.753703319990537,2.881370241804409,1.1965409408099392,305.0908743476666,1.6291694137550286,0.005449227141909683
63398,-3.1142465506749364,-7.5735870744807094,1.415213914403576,0.9620152976008355,469.27628343426557,0.06047414885011282,0.00544942276301158
63399,-6.764425974149008,-11.084564893153878,3.1621822503051025,2.820346704942372,482.7721978546342,0.37621399025396496,0.005449930511488044
63400,-2.719944498932932,-12.240715725199298,3.9436569767880467,1.9003103025569676,390.52278520672,1.2184665766759162,0.005450267065559243
63401,-2.429098398974615,-11.226342844087647,3.452250539807504,1.2547206989056356,261.8094977551146,0.40428548359036576,0.005452107706333483
63402,-8.698274762391229,-7.831039684601513,3.2272783726131453,0.8732255218536785,216.4327284827636,0.9215222269988539,0.005455590040765741
63403,-4.446814868181296,-11.72196964902938,3.0871145366517876,1.060108095820491,207.7207972467222,0.051092708127054465,0.0054560015039622056
63404,-4.793850508926875,-12.44419528791088,2.970728717973745,1.0425474146929254,266.8830720945104,0.24102516931460372,0.005456063677908655
63405,-3.727896453301092,-8.131621387612167,0.41803219870631586,1.5579946942013283,347.6389255270979,0.7639590974360662,0.005456401539343222
63406,-7.081978422110893,-12.568553323473191,2.3128111833107403,1.857159424222827,445.58194985830863,0.3255930396650202,0.005457310873928691
63407,-2.300059038023835,-12.193248328776454,0.7070684011491112,0.8347262799809584,220.71354654370867,0.7132062578173022,0.005457516683667552
63408,-5.063741120783559,-11.296802911312913,3.248651654568995,2.6430260195447284,412.87856761058737,0.15970329119118087,0.005457567244979274
63409,-6.739358697252248,-11.650116520862086,2.978411005685215,1.101512903825233,468.0402256736927,0.8663926696957533,0.0054577442046219995
63410,-9.256074432814962,-5.678799835133847,3.07818089678938,0.9444256022937947,467.6132282271961,0.3323455941248534,0.005458494954733404
63411,-4.491131933554771,-7.373089501842384,1.7912124399111342,1.0205745709006997,467.6985197523879,0.7925763413118547,0.005460165298505677
63412,-6.1127988774285305,-7.033758966437509,1.2102575399302602,1.6986810131505419,397.69155516112187,0.04809402671866625,0.005461157505022757
63413,-2.409792772448279,-12.122770223999602,0.3802498387095527,0.6667197796609752,466.987997965555,0.41766704850579206,0.005461374029836526
63414,-6.18249041602853,-7.747008771694649,0.27082654345192503,0.6432331460547773,198.83843543237975,1.2607464407222002,0.005461595249842249
63415,-9.186254098236248,-7.017935247568293,1.9302166074147025,1.081111106758885,284.4294367102188,1.0477073720121295,0.005462266035569238
63416,-6.611338131318499,-5.184649171234068,2.076642853876423,3.114433204527655,486.3214794731466,0.4023696579424687,0.005463111586286348
63417,-6.333987600596042,-6.975322464261782,0.8694765386711136,0.9655300175011823,259.4087238057616,1.382801097926806,0.00546395119602374
63418,-7.34867554004538,-11.244465685319502,2.130191056893339,4.02446280435726,563.2667457971487,0.3561055986196422,0.005464518982870942
63419,-3.4836673722155833,-11.742006131078645,3.054862330167742,1.3522665415750779,326.92290574770465,0.26915161716088143,0.005465146924970816
63420,-3.9327262761764192,-7.09319991854246,3.728551432839657,1.0764460138800311,467.49999005373587,0.4890575704715934,0.00546598227717566
63421,-8.373007215415889,-6.54264647594531,0.30483530316759744,0.7452917115985961,182.80322839924244,0.3635617066191488,0.005466441398969986
63422,-8.010627545608902,-9.482773227319342,2.0011564655527065,1.7299968746116352,352.37206514156793,0.4678291605514202,0.00546673336171329
63423,-5.909192729089019,-8.87022054649739,5.146196909684983,0.7027082856232516,202.99756117669617,1.272566984209825,0.005466944729986373
63424,-5.165281039339755,-6.949816426819457,2.901301319130605,3.8122517021226097,554.6419686285516,0.8281190691444316,0.005467048951348588
63425,-4.153799295779419,-12.662100688058123,2.899864513443971,1.8525637818212513,442.3157090653528,0.6141642667185945,0.00546711532942602
63426,-6.517248995917461,-5.617724876303273,3.7914124223731944,1.1078025710876782,293.7654711325074,0.7746241472876543,0.005467723537272388
63427,-3.278782934874126,-8.100969051318772,0.4874294980682305,1.8443264917115971,468.04584483622426,0.4723578557183963,0.005468512314964653
63428,-9.16541340679476,-5.152717959386727,3.408720402272411,0.5727648469764279,147.00557880701516,0.32176206475873403,0.005469914813877952
63429,-5.807392992869095,-6.6750433321801745,2.767244909265805,1.6902011382506534,467.42278368126716,0.08931237872099729,0.005470361844127432
63430,-6.755469821191074,-9.940913527649364,3.8676119833153,0.7277734395988646,213.61907007529368,0.4973915279256351,0.005470551030366059
63431,-6.467764269938289,-6.060520811832665,1.853965042071635,1.2625508473388904,316.76809463490184,0.2901271075503038,0.005470740398544634
63432,-7.013913530386848,-5.975813236543538,0.08338830996724048,1.4949305591072684,468.8310197206815,0.22474684219837915,0.005472489833954256
63433,-7.4593087072662865,-10.980346549368909,1.8110649173340454,1.1306738405944439,263.76578712784504,0.1024198486630139,0.005473350538795371
63434,-9.304860488883296,-6.292779698035641,2.5199170779074365,1.6811027428621321,393.78109045165377,0.2969947375113211,0.005474708696098718
63435,-6.366848087187227,-5.919224027130281,2.8186264050115657,1.0707730750691564,286.9681536537407,1.706607548570326,0.005475271145937336
63436,-4.888423574009685,-10.871829050107529,3.4123247906912666,0.889199741736624,468.05242541752045,0.5775081776427742,0.005476898190418912
63437,-5.353406313558654,-9.334236240480458,4.6006748299813545,1.16629157324531,467.2482828242189,0.4592888503697017,0.005477829632541001
63438,-4.788310827242092,-8.987074896687988,4.929841169854794,1.8820970196162097,467.13273862656297,0.2833622714266406,0.005477937644955626
63439,-3.9094416355956882,-8.106580179436047,0.44816005513951185,0.8006540463274587,469.36406313563344,0.08272633854348221,0.005479362591948025
63440,-7.524960256860044,-12.24050736930627,0.7220908743041677,1.30110429395099,440.24492754391514,0.2944539551584837,0.005479831764610027
63441,-8.23180800960732,-8.102859507295268,3.9666023859837978,1.4477696985768997,468.83493474216294,0.64295069864807,0.005479922662477427
63442,-4.378904858762265,-11.504798453124268,3.1464527924880894,0.8248136590249692,164.69475889607418,0.1168708083457295,0.005480431542592754
63443,-5.96222027926493,-9.31752634643735,4.647153246477406,2.320016438872651,436.2213793960508,1.4412601260431241,0.0054807982185033815
63444,-7.012965157057675,-12.159519351491936,2.541850015263949,1.114233006352271,467.5837019223667,0.8125858114651274,0.005480976663034202
63445,-6.327116339170054,-12.391991231198933,3.0017588987210964,6.053303046635246,268.85051829939266,0.30021701052411576,0.005481434148405472
63446,-4.144889080166925,-12.104798777126536,2.991405131430418,0.9163262143582884,182.29739182880897,0.5211218375400684,0.005481598697964082
63447,-2.8697148480075443,-12.511596235843147,3.4594903765505913,1.1770930340605459,244.85516594910584,0.8834937937443508,0.00548274907459252
63448,-7.522567260804987,-10.714700495927316,1.9816224920387282,1.287600973775107,361.88948778656567,0.8547163715528976,0.0054828077116840295
63449,-7.299941320614916,-10.299435946485541,2.99269969633264,0.589086498376384,164.7915076387735,1.2422401200393631,0.005484517720412609
63450,-9.108527042299455,-6.911147581894635,1.5760614560873152,1.073115250269825,279.640174976371,1.8407253434603161,0.005485557546820166
63451,-6.522704142728016,-5.671973983788156,2.0354139134720057,0.9680697357893098,191.92864328097988,0.9965087764452427,0.005485836962508589
63452,-4.70792691312937,-7.086283026466411,2.779383161418703,0.978533275094511,417.16102300022993,0.19128254833920622,0.0054861717352914004
63453,-7.240928346319525,-11.470898692107996,1.4864662718718404,1.7837317598225921,422.0864713426201,0.6028614219351152,0.005486179300777437
63454,-6.382964646632736,-6.285924473357202,4.704531189958485,1.886994173362641,469.3655885043939,0.01936585105661237,0.005487102224305486
63455,-9.172202271158502,-6.453384574713678,3.402300742053354,0.9645005474730354,155.30164071091323,0.13428736643501438,0.005489533579830969
63456,-7.43126282467704,-11.112701595387387,1.2682463597524507,1.1966852709654643,232.27543673235857,0.018625502319477683,0.005489617642269125
63457,-2.8448187291160867,-7.677959794608955,1.3528207677206279,1.7794453020731085,468.12342575379586,0.7440111531816518,0.005490559221206248
63458,-4.873875603811811,-7.054025602755396,2.7071457482459795,1.6522867043749334,467.77304456765887,0.6737812148570095,0.005490585099647399
63459,-5.047408716340939,-8.069719039325708,0.3785450716665762,1.5306459953958946,303.77872409931825,0.3561465588494217,0.005490714684632432
63460,-2.505632896428212,-11.820745552820053,4.256173083225264,1.2186051518658851,308.1671067276396,1.6195792385903678,0.005491626169235537
63461,-5.050290029696377,-7.766216004717513,0.755687325742603,2.226132337541875,421.38991686127395,0.9070159935311377,0.005491815820948431
63462,-8.512202287771624,-5.467516306271956,4.943374247510524,0.5040893511115909,136.47928055988817,0.6119675104755125,0.005492247213066095
63463,-9.066798949963342,-7.0083516937393755,1.3157113685929336,1.509222455452903,467.98272547612106,0.13494554361792144,0.005492418134050277
63464,-5.97577884647631,-7.675412941191466,0.485259665723781,0.8067173469026993,228.57600063267128,1.3402604663799158,0.005493023183674294
63465,-3.816181898244735,-10.120585092210693,3.819846966199187,1.024498083868761,267.1979532025248,1.1850135946544,0.005493624165766053
63466,-7.544123748150595,-8.157102282012701,5.111219341128185,1.2169515508725772,258.28919777880543,0.12217891406804071,0.005494384848567292
63467,-6.726822858303098,-5.591693707695279,0.9150846759624486,2.4365874581009987,416.9616049830092,0.3602716266012349,0.005495725351811876
63468,-5.6995492797793315,-12.2838869382737,3.0463887235048825,0.680620030561446,197.70390848670854,0.8207548616498306,0.0054975497587359595
63469,-2.612136716409376,-9.579250406572822,5.023804223893566,0.8477265060408523,217.67292651266376,0.09148365173291317,0.005498064230397832
63470,-3.4074045555589993,-9.14931156558047,4.704874109165162,1.3836259463164444,301.71195473808905,0.5372708998772913,0.005498974728990385
63471,-2.5005818312750456,-12.737860949122108,4.211837813900543,1.3632723364565595,310.7032967038836,0.214686174514088,0.005499316246097125
63472,-7.0662735388195,-12.067029418411767,1.4008589528663937,2.7508708128673196,468.0094489572927,0.7323243999014375,0.005499380477946907
63473,-4.8388279100522915,-9.231601151523405,4.671724610355987,1.7485325253083117,413.0504908164322,0.030797993779062338,0.005499722085173139
63474,-3.225461613399374,-9.454354601990728,4.43260744086848,0.528841164202819,153.09268590656188,1.1671468362035462,0.005500275845655649
63475,-6.432624760735321,-6.177036818066135,4.605388224059364,0.9758303862314415,468.4229219058665,0.076529625957793,0.005501031771588635
63476,-4.507050977676814,-12.41444996837042,2.951288745164847,1.7894969944207357,467.7244295552306,0.47267096693240784,0.0055032431266377095
63477,-3.862126819650552,-11.96127223798329,3.010960972571407,1.1094367886352747,461.9427013683491,0.805344488086333,0.005503456406261066
63478,-6.9656722927611,-12.507172271906699,2.536917557218167,2.3202988319417197,435.5351848584124,1.3492030541152298,0.005503532856367878
63479,-4.4060302081580085,-12.84710660408476,2.894288382430187,1.0577205210736247,274.1400375279919,0.8568144420798101,0.005504281869415148
63480,-3.7485520014935307,-9.973975043882502,3.930993172421947,3.09669067594957,505.7256291495894,1.2715476792018405,0.0055043603528762705
63481,-6.388115773371597,-5.886530392988508,3.4492907083690985,1.2491177117315322,138.03141034544763,0.3095206440782734,0.005504962826082837
63482,-4.613827024560458,-12.968724658667801,2.8853107103042235,1.1608831918154943,261.0674033383308,0.8480299843372574,0.005505495582790434
63483,-3.694979949963704,-9.695867590721615,4.17194073514049,1.5811208995352348,361.9684625512248,0.13851667454595074,0.005505601102071168
63484,-3.8134098665040463,-10.920520115154103,3.3485093995076505,1.1192707708992162,203.637018260179,0.10190181671750143,0.005505962144035732
63485,-4.928118685051578,-11.073826525634393,3.326997782970265,1.1183362299353317,205.4174576811825,0.000582248916689565,0.005505985696915175
63486,-8.564752279397498,-8.028091231463122,3.22265227956776,1.258498283569928,278.3717167432848,0.09389325057258091,0.005506186187385771
63487,-2.3707122019084057,-9.893679665104719,1.8819499290627828,1.115729111637824,292.01636598105074,1.6083670423270249,0.005506395019601608
63488,-2.3030459576159323,-10.127967954357285,1.4299439855912865,2.3048689977283128,435.77166270736694,0.5102516752160966,0.005506655905109412
63489,-7.10944880717499,-11.579107715875843,2.560556783034983,13.717164217862527,796.0761986224153,0.21496811212898947,0.005506970761528765
63490,-3.481996904871618,-12.387912120958497,2.923767578844218,1.0392095836048227,466.86986560604026,0.8976051146457635,0.005507355144864136
63491,-5.153832596527119,-9.61719390225331,4.303390943770001,1.2493827153308799,329.58244918284674,0.5421359838398532,0.0055074441312227265
63492,-8.108208247459451,-8.008427684346188,4.377821679363989,1.111585805018741,284.54846960960833,1.4802639108524263,0.005508284542831773
63493,-8.750389500970112,-7.53641605213591,3.625725641452939,1.7956580966791909,378.5255576259277,1.54300308832888,0.005508364639383739
63494,-5.612087122138036,-12.593245143559496,2.9968598892297327,1.762753048669913,417.8078184188129,0.2766358557748161,0.005510066762539106
63495,-6.3528312333433234,-11.046210644271758,3.3464942282499703,1.7924472362889816,378.97222513148813,1.6575215302973199,0.005512024966663926
63496,-5.568766786333241,-10.19851271544038,3.8442111964895744,0.8024611606583462,450.3985668933905,0.04520687677701041,0.005512094378745467
63497,-7.4759434820719015,-12.273162838104291,0.8925225509283271,1.4692889480823976,335.32270473978065,0.9866114455453188,0.005512373568478298
63498,-4.000734595400046,-12.655961445503173,2.8947865758538454,0.9709900435584905,448.3593806445702,0.16654800369442846,0.005513723059033041
63499,-6.092654724286572,-6.9169462005634115,1.4850868931356556,0.8801834646160769,230.96355985586538,0.8086096650240409,0.0055142808833517345
63500,-7.040830474225386,-9.87419573960835,3.6937388084298552,0.5198237240134105,109.08980891840828,0.14279060362555374,0.0055148873462835405
63501,-6.497868582233808,-5.475136798998358,3.1211346065025602,0.8808205535809451,467.75893821261496,0.5557622195740013,0.005515566034907484
63502,-6.323194760009195,-6.1593762891742,4.07274931801307,0.76182295073102,467.38964718753994,0.28089994760414694,0.0055160046094125895
63503,-7.858603941148245,-9.277379334680804,2.907754375856549,1.2913883393512493,470.0805272523187,0.03302160964058132,0.005516166177437043
63504,-4.3634940950392975,-7.121141138211879,4.240225793450632,1.0205222013381774,208.92736339061432,0.5530194570247593,0.005517422328100316
63505,-6.5220636533657474,-5.341142293274029,2.9197639395491275,1.5325328733203314,222.44771562947085,0.08607641648872377,0.005517674114473585
63506,-3.7222307460162174,-11.329109651424078,3.1755673499134365,1.4732234112409632,468.4824621307524,0.009274596835185278,0.005518399187128734
63507,-3.517558357937026,-9.83714131258673,4.043174760645041,1.2001590952327752,154.65987068622226,0.20049547279386637,0.005519144772019819
63508,-6.941499061347598,-6.8881331816359985,0.006260221966210714,3.4785071373463756,529.7610630658406,0.7833136230447328,0.005519595291285728
63509,-6.816961570597363,-5.088581693850176,4.665577158558749,1.038409276636596,278.59941464554197,1.3224152127184068,0.005521172804502198
63510,-4.8638126615914405,-7.183049673406391,4.89313304848856,0.9751739418428805,223.78765331980668,0.25873205879986827,0.005521308084418956
63511,-6.893474477033608,-9.851744169387242,3.844165804107126,1.1633974980414898,235.8566644122951,0.415160068715994,0.005522095641612568
63512,-6.29720006207763,-6.129287077485728,3.579412854767679,1.454839765689922,326.2179564667009,0.19216897316455572,0.005522566771518935
63513,-9.142181504416762,-5.893601494927596,1.472177871573914,0.9870481369094036,262.69889749293503,1.4975167632989388,0.005522696368416349
63514,-8.799445070859731,-6.676509589740389,4.350651813544726,2.2329803491451763,290.65384594178545,0.05306695665556482,0.0055230040693279485
63515,-3.663970504684193,-10.765520733868307,3.4157038125911257,1.3184027372888003,318.2252202011301,0.9843394257741442,0.005524527743934103
63516,-6.366279896615028,-6.729023559149977,1.1606638188307836,3.0185001284773816,499.1221102774045,1.24054822511778,0.005525578630848622
63517,-2.2670465799087083,-10.89202077481929,1.1062348270075815,1.6287746511003973,382.84299672169095,0.7827752345395487,0.005525912165440443
63518,-9.257037763871887,-6.570871164977945,2.9024752660911157,0.9753218977629492,191.8966562420083,0.4275650811971685,0.005526496384610259
63519,-2.465177285501909,-11.134535628469013,3.9888393239045623,1.3319059431310765,297.74787809379836,0.9799877324785182,0.005527669539148323
63520,-2.893449395251051,-12.51633228394843,3.4000617669626636,0.9169304168405185,466.5990901048339,0.15971815804117195,0.005527980132181126
63521,-9.310388855325948,-5.416441420601081,2.347089204872911,1.1125594100589937,288.853653841294,1.2289854614355376,0.005528074692344568
63522,-6.194429672219213,-6.321916038800247,2.564804984026071,1.6202699634481827,358.1306068569375,1.8080974419244766,0.005528283120198645
63523,-6.134314954199249,-6.486167065503909,2.2946818682968537,0.7487782631199795,174.14026174550622,0.29310348328507185,0.0055291318562873575
63524,-4.636472928480989,-7.043890707411424,3.142907122324958,0.6436817624603949,122.9696364697112,0.07216421943333895,0.00552919755958445
63525,-5.879586496779733,-6.584555157939351,3.2845058971538883,0.679853136029711,468.71436507663714,0.4006495871540139,0.0055293354268884185
63526,-8.203148642978068,-9.448681760390441,0.939807264565689,1.8941706693964706,456.8888205815475,0.3764108876391097,0.005529814758894422
63527,-6.503917587306741,-12.763035410204267,2.8929386973696194,2.1602144721635503,418.04443363627973,1.259331663361583,0.005533668740578899
63528,-2.8201583325861046,-12.389990009968072,3.627841568751466,3.6534865693428564,435.9700627670575,0.0432285531657568,0.005534290367205473
63529,-8.765501412864818,-6.7396886747955795,4.3950402108116355,4.078957024435912,532.7044197531451,0.16831179388099393,0.005535577614698109
63530,-4.888382652036675,-7.559478823593936,1.1074879661490857,7.562696189950594,706.9464778045756,0.25007017943770915,0.005537465355966389
63531,-5.018648837257599,-12.23279835310141,2.9994484736397022,1.2641020097932536,134.90751979838757,0.3302730099770139,0.005537937279251304
63532,-5.000997070640935,-6.977046435506862,3.696648608552711,3.9946365311411505,569.6137271913557,1.1135168051504403,0.005538211971776243
63533,-4.829970731028691,-7.427999192299422,1.5234339939901151,1.6303250215927834,378.66946313680586,0.1398587126358759,0.005539111852100133
63534,-5.587568379314998,-6.875574190615155,4.520105991966186,1.6947735082993574,408.72976063279725,0.14203220133268513,0.005540229109806092
63535,-7.193585276820981,-12.030411528157313,2.1308026543286913,1.5794863287059542,364.44777472385124,0.36759809986851977,0.005540516924220239
63536,-9.001099036951908,-7.310726866898808,1.0507868466966899,1.087160743634595,280.8765090233317,1.8136825599629978,0.005540660262767635
63537,-2.6299710964392853,-8.100826815556257,2.2701720685332822,1.130705864105397,247.8397397077539,0.27812988199983035,0.005541155799302289
63538,-6.618762450944587,-6.981956046252406,0.4623488198489779,1.371133853389777,166.76850605835966,0.2345177639753908,0.005541192280571609
63539,-8.971003182462008,-7.302094929480697,3.3267878798088044,0.5201986276117553,120.97902694094248,0.12043434533463149,0.005542043176935709
63540,-6.412208570330341,-6.341430509750447,1.6760736416581457,5.585078054338948,363.14762887309433,0.14675779741257244,0.005542872839784053
63541,-5.5627910794533175,-6.828795248743173,4.22249966688936,1.6224527658356296,378.488037445791,0.303758103698061,0.005543350843730226
63542,-3.9530343450650163,-11.967569634346868,3.004964733639974,1.8871236649464047,468.17999792915157,0.36085409129670953,0.005543728642413454
63543,-5.902290967357618,-6.746782869612849,4.701985062017505,2.6095623611580754,466.868660769707,1.8726619337494492,0.005544020415911985
63544,-6.405538471469239,-6.209238560765683,1.900730582927912,1.1612675577856457,296.0570987877242,0.9943201591174766,0.005544362619889409
63545,-6.2856672068276485,-6.114918760235384,3.5475401966137707,1.555494140755649,342.4647950081825,1.0038076609829325,0.005544721848336037
63546,-6.220201082007854,-9.382617187873509,4.559181658085545,1.787421230284074,463.91408052620676,0.38285254935838164,0.005545307975602836
63547,-6.439398597578743,-12.496169246871357,2.9500658297484024,1.7502875951996544,372.3171517736105,1.4240064079071315,0.005545716804825017
63548,-6.320577236919849,-12.810738932483716,2.9407705789522876,0.9365770917876488,240.9791872943859,0.6281878511151282,0.005545889440145422
63549,-6.8822518933643035,-9.220450514226664,4.486047809419343,1.8505141275002384,467.5515926524123,0.44928144623312605,0.0055461005851574026
63550,-6.542644203308115,-5.238706506630322,2.8020755898289003,1.10704795114522,276.5394651725187,1.5640416941050495,0.005548419013467584
63551,-5.408210233866397,-6.9588403026747425,2.429201595565324,1.870924407706457,389.2418597613522,1.67422601353507,0.005550098039620435
63552,-8.303535939939831,-8.590213140442945,2.8196219954391166,1.1255304353063957,296.0186677383535,0.7866858638016145,0.005550564835588244
63553,-4.3199155922707035,-8.394077150190892,0.156702175825314,0.7914923670887346,213.76428020777553,0.8964069989963024,0.005550583642046397
63554,-4.213638687127564,-12.312928586142242,2.9409101447180213,1.1794035173284916,332.5845192603257,0.2947318852670451,0.005550696112152715
63555,-2.864664322878241,-12.675464041349821,3.4465360068918276,0.8697005222592862,190.74541145742268,1.1819200600847948,0.0055514661909206895
63556,-7.042157448608915,-5.11009243433532,0.1936898193108757,0.8949696115243742,237.93858064456776,0.21780432271003836,0.005553056131913949
63557,-2.4562719124399024,-11.052871030643725,3.715127979350123,1.2935021369481252,307.26918966757404,0.17924590632008908,0.005553344141680885
63558,-6.316040576049364,-6.052110342597531,3.457760263427959,1.016483920551209,207.66934344234988,0.7050574609264322,0.0055539630377649555
63559,-6.818006045952767,-5.49661990524347,0.6826992801690019,0.6597228454464757,136.577255395834,0.344619683794809,0.005556564695166844
63560,-2.7126284359255948,-7.841655575063944,2.181655374145887,1.4621890678190335,323.9232219273401,0.025974506525153096,0.005557108130791374
63561,-2.971909813932503,-11.363016581295895,3.4766083655114453,0.7765848273174,466.2805499470758,0.284474261053111,0.005557570750354419
63562,-6.590580736320364,-5.254498186427704,2.125333189100792,0.8581155315713335,184.8463353445316,1.178196782876511,0.005558055885400824
63563,-5.163651171618141,-9.038961925655848,4.891699291273279,1.1355130631124057,293.5878501645165,0.9893685656163793,0.0055596203664683265
63564,-8.419655665733687,-6.9688500643138225,4.959298680747449,1.3221065945613732,468.01327501809044,0.6287107759542527,0.00556021666172291
63565,-4.47964356543171,-7.11119337105428,4.326444224792607,2.4114820266376924,271.72149689621153,0.11136272306674666,0.005560768554906866
63566,-3.2473396304217763,-7.788944655338824,0.9208159221185297,1.112458465080861,468.09318954921554,0.7762603328324884,0.005561031654630943
63567,-7.753635747788381,-10.138185063263052,1.7636293824982157,1.886192438944541,467.85614383291573,0.5126245358079959,0.005561113233624941
63568,-3.0631680657923734,-7.359290069830699,2.265146507575771,23.694840995772076,893.6827158547121,0.26368915284037,0.005563846641607878
63569,-5.507299048762067,-12.539738827579491,2.984355514765381,1.034424199967754,221.36205065273492,0.09864212620007251,0.005565009986927504
63570,-2.6377905516765345,-12.279984234667536,4.218022418859262,3.1792555059070633,514.1542019835666,1.6101398115293684,0.0055652511294792505
63571,-7.176204779494477,-12.366276580440463,1.923985781794023,1.881521306737202,455.84593191030797,0.10186443819228064,0.0055662157926054095
63572,-5.325723500899063,-10.664197650393223,3.5349789421908437,1.1349650345630162,466.9996103384137,0.5509040812141723,0.005566879362264935
63573,-6.375988186933443,-6.126824003383309,4.234890240354149,1.650718733810415,470.13940913697706,0.09612450456342625,0.0055674545093351464
63574,-7.1418286278084,-11.948497701558084,1.6266837394207476,2.5119032371672847,231.1352808268575,0.42564687862936346,0.00556840002590693
63575,-7.379938363647596,-9.660381224681103,0.23217290036792937,0.6064007993045946,178.95193624998728,0.8029906245056155,0.005568730691579944
63576,-4.471035329750102,-12.90613589502916,2.880951612454747,1.0790434957373045,280.357870146193,1.0155893934792743,0.005569071900186508
63577,-3.1692830397210594,-12.86114160826599,2.8959305973644587,6.818922627833711,345.41450813123134,0.2534219054470581,0.005570230045353255
63578,-6.51699541380985,-6.90571483406991,0.6857182062162114,1.7175975472293388,467.82507244520184,0.5986734746074314,0.00557224189402191
63579,-6.4997416811709385,-10.057403162795861,3.8813398399660315,0.9096710055697972,258.26587116018106,0.8987985189942016,0.005573577764621493
63580,-7.844359110641662,-8.168950735234286,4.629207484227965,1.0309476475351596,147.60902817497166,0.18172446786584828,0.005575068869455022
63581,-6.249848957932732,-6.204429864158525,3.7115186513133422,0.6715161790776414,136.55461610967234,0.33063574281221886,0.0055751190803422935
63582,-4.526687780020766,-7.309547029151363,5.134987488748955,1.0338891060175281,215.45769480780734,0.9690101919201499,0.005576182353635185
63583,-2.9828299809242935,-11.182352342232663,3.525266585070685,1.2228939713902962,307.52754199809874,0.4686876815959673,0.005576855292198103
63584,-7.608574042744915,-10.30168952105966,2.196866444327183,1.703098060119107,468.0222127278283,0.08788355713466878,0.005577367456863689
63585,-9.197730063555902,-7.066226310554834,2.2513702292451168,0.5354055184362239,109.82777391023484,0.1717759575378226,0.005577876778042286
63586,-3.5636408995839295,-7.128811193557043,3.061902137157527,2.806086835040217,484.5369516080088,1.9392369677453907,0.005579352813577428
63587,-6.863442362148703,-5.054648187928124,0.6374797276384933,2.4339267978958556,423.3137571682046,0.4236743878634117,0.005581286344814141
63588,-3.303905539390777,-12.42045386390062,2.906638348344482,1.007530984402493,264.3255976968876,1.2054425079028128,0.005582358546705713
63589,-3.9751642251777906,-12.008958032105813,2.9828743708906345,0.8831310221662646,468.40859500207137,0.8517336435435139,0.005583789372499781
63590,-6.829296573426692,-5.056915576522374,4.6753379914487345,0.7992596463482793,468.13541283015905,0.2478908461229148,0.0055838474430822665
63591,-6.768447088645834,-11.129559035561087,3.1255823504478553,0.5254526327390058,144.4570110759261,0.9522234477108276,0.005584018551086233
63592,-7.7161841898637125,-9.537328192596467,2.8997554050036936,1.2186045568741195,304.5846522095617,1.5002052904927874,0.005584151810311792
63593,-2.833911840072213,-7.711035796465641,4.060099958075621,1.8229215813401438,436.09826941850713,0.08352328259282871,0.005584741125882031
63594,-5.289195167720075,-12.701334130001996,2.9530978355384563,0.7313850936710026,468.09417520204283,0.2822664115751996,0.005584898527894689
63595,-8.270767351128413,-8.508302693060582,3.1019103857794703,1.6611054447597933,362.1845503345659,1.5387992342932018,0.005587472120037976
63596,-8.45975727810689,-6.894769072935754,4.925986864672876,1.3927164205520695,302.97532162567853,0.019639309617891065,0.0055897935239357524
63597,-4.121344299234506,-10.005273423054755,3.912125669672697,1.2460483736513563,310.7414794089392,0.28648212524498806,0.005591022811380149
63598,-5.22248053459138,-9.253167031356725,4.6665607682742625,0.8308995685478697,467.8537547591185,0.15400132002875377,0.005591293120091407
63599,-6.138631243551899,-12.248924616861295,3.036235231478103,1.018304237881878,468.4835747319435,0.6176233026494549,0.005591440234963429
63600,-6.26300984288363,-10.6539899046293,3.5406199772481064,3.1998029661297527,493.0156079498559,0.34452083111035936,0.005594166201428101
63601,-4.932076795098437,-7.795151775338215,0.740978286232785,0.649561194363304,132.82097315813306,0.4385568607408237,0.005594215501080943
63602,-8.60317792251379,-6.711180426247132,0.4173089454492297,0.6665830998230715,132.0418523997134,0.2280336259024507,0.005595598605474344
63603,-8.045948013792243,-7.620811055311295,5.004753294026768,1.0700460856183986,278.4422547145731,1.7432744913419569,0.005595699461230566
63604,-9.179562411055102,-5.909620826691549,3.402373449298734,0.9795902024710471,257.4799088410167,1.3980372059314607,0.005595766401600925
63605,-6.590058328083547,-5.141154141015605,3.488552495433314,1.0850661594196163,467.5402725242201,0.4861404407174108,0.005595838734419827
63606,-4.696344471517402,-11.565731692026539,3.1227671752402664,0.8135006301278539,217.02585033026952,1.1040813576093456,0.005596246597784365
63607,-7.279670238791613,-10.985071854259091,2.5108830888711395,1.2522816643103705,154.92935766765237,0.21432726753391584,0.005597540179431316
63608,-6.693089087033069,-5.149674027448689,4.140745572954803,3.181557867072482,513.5081915794384,1.4060100381071585,0.005599318495410404
63609,-4.039315505529162,-12.678505444711256,2.885230442482833,1.8457833084141788,468.1280495634742,0.4995779624215082,0.005600557863583028
63610,-6.310345205032192,-6.054205795273223,3.0189147938510965,1.0022190875116228,210.78696675610368,0.9705546685178623,0.005601563698198249
63611,-4.546370188161256,-7.04689898202574,3.7280186299456544,2.3058226698751256,175.61452148526357,0.361078509456334,0.0056017715349483965
63612,-3.1086484927637423,-7.2486296403626165,2.806741920936227,1.7300423291541334,468.35893756540315,0.663390131269666,0.005601909732794273
63613,-8.991940680418013,-7.663495490621405,1.880746913934337,0.9848907597798162,255.83753519404834,1.4952474304152776,0.0056024909654488145
63614,-8.924513996629981,-6.9885406950067575,3.8422443148077945,2.561927614564086,463.8212643008241,2.3978479602498046,0.005603311716185601
63615,-4.515159518516415,-11.965430600986881,3.0204150861489665,1.648096573520291,388.16087024153785,0.5368011507241999,0.0056039778013312015
63616,-8.50939568808611,-8.383706072554041,2.538891413000106,5.908197008138549,398.09862065394447,0.11454697661818525,0.005604314847855885
63617,-3.9136306555765623,-11.268028766314929,3.1951628525543545,1.4873996173063415,343.4900463496262,0.6658022217421031,0.00560445589639067
63618,-8.098487471876998,-8.978953813198764,2.6899577807927817,1.8997233338643584,468.0586135550635,0.30519752194716876,0.005604571602709687
63619,-2.9037079687639302,-7.590462620438755,1.814100356195402,1.882705729038127,452.1381585975244,0.6467041571304035,0.0056050644851966605
63620,-3.67285629799858,-9.664001022070273,4.188795422827941,0.9743019433227553,129.88604319532925,0.319690851435003,0.0056071990894867915
63621,-3.845629997721143,-10.896771760245198,3.3489288377106257,0.861071780030642,467.8106108391448,0.6512913918226166,0.005607861220877435
63622,-8.489008773750129,-5.413969697075749,0.31317332809029913,1.1139163755855035,292.7946602458228,0.9783198991511464,0.0056099196391183916
63623,-3.6060734939629056,-11.852649924003128,3.014150788021852,0.7595038101966306,442.53689397596446,0.28051760726065567,0.005610934183969053
63624,-2.4254244246682477,-11.246524138842139,3.330915357190218,0.896647591783804,179.57119141391914,0.4967466056298697,0.005612942967793722
63625,-8.050805197686307,-8.631874346096913,3.470097766175836,2.2150821119000303,427.849062423797,1.8066333299137103,0.005613026418265849
63626,-3.4254273272391176,-10.466527821260035,3.5684624470253827,1.0851417616420698,468.31142321538596,0.3960387886176937,0.005613476836535184
63627,-8.52588677231899,-6.755010913329468,4.87230883244823,0.971223684018906,252.4173052371076,1.5395472369775733,0.005614870792253511
63628,-2.4275839255745213,-11.949467526539285,3.5698232672920422,1.8270315261006782,468.8619914077428,0.14617708161076504,0.005614943929419068
63629,-7.458742072795728,-8.320418926753204,5.00749868061995,1.516411751970235,340.33921367572304,0.07536342611269209,0.005615388861244777
63630,-6.742005101359411,-11.573339065230591,2.9794764229986943,0.6846016931770167,142.660111054398,0.3763300579524467,0.005615534151052618
63631,-6.851143810023379,-9.763851786270248,3.9451461163930435,2.739294624242426,250.99600594919306,0.1987310501120172,0.005616530166036835
63632,-6.680794839268952,-5.883544713316134,4.902842856246781,1.1173671765174606,254.4150099853543,0.5244455066136586,0.005616682383651765
63633,-8.75187810672414,-5.380233252303899,4.473197468678796,1.6725041742402706,468.79182638884,0.4620963118604573,0.005616884650221655
63634,-4.892802975528471,-7.5655600701663515,1.104114720161842,0.8853291632860258,468.3759918093701,0.8411657456885786,0.005616887114659061
63635,-6.046359975010458,-12.451422320495151,3.008587020023643,1.6254911078109593,327.344412171286,0.5016209440517736,0.005617864729468809
63636,-3.0682715623429626,-9.738573144159535,4.305738121306041,1.142024253676149,292.77157919845695,1.2335354946759445,0.00561848662303979
63637,-3.4849314061200456,-7.174025396262512,4.275846248452067,0.5790366604238232,168.82578257119584,0.7568459416875148,0.0056189843812848835
63638,-2.631917524527453,-9.16006686444003,5.036604659069464,1.383764178170905,312.5232928324107,0.42176410801922337,0.0056202336081819055
63639,-5.608533146756521,-7.776213089092693,0.5512059056608826,1.089901953529436,284.1310763416543,1.587034622053368,0.0056203472403222494
63640,-4.656168172496319,-7.39454435444186,1.7021414269681217,1.9038660951037119,467.8401747321903,0.5069743694138866,0.005620823829704421
63641,-6.714229147564166,-5.75153952269657,0.9169699933097678,1.6263825467546222,381.77430013778775,0.36637523307488085,0.005621069079087304
63642,-2.9622932906168673,-11.539549038414828,3.4198845233410324,1.0228937294030958,200.39802668748894,0.3366832503511521,0.005621473924107453
63643,-5.74456381398639,-7.3024696380445056,1.1827653688894477,1.2269047528268415,233.89533284443965,0.02649086834586445,0.005622095867131882
63644,-7.673524566434702,-8.647455928690189,4.23594153388257,1.6724375833778293,361.6566987840071,0.4041178504044822,0.005623985578425082
63645,-4.155113402707146,-7.344303985670744,5.120324424349453,0.9858795707018027,264.0943714540327,0.5723518954183566,0.005624122043680267
63646,-4.490690690605428,-11.838627375059762,3.044869835804575,0.7910581221813113,198.88328964294382,0.12973787827651417,0.005624324027217685
63647,-2.890542204206506,-9.211626603729124,5.148964553928409,1.753453956523507,414.5697198623702,0.3393369958368888,0.005624798799639504
63648,-5.8862618798398385,-6.673432709464034,2.6271291200694376,1.7566321851731868,413.8681495428417,0.1678249941438743,0.005624928605707047
63649,-3.976889230617372,-7.222145992901961,4.649793991020628,1.2230686301011016,310.91435896616974,0.32513170401381686,0.00562609042618049
63650,-6.487192607375906,-7.064887908345536,0.6057564140574538,1.6536370471321535,468.05857402379047,0.7073769941218888,0.0056269008670246515
63651,-2.6886552757868065,-7.842607151868342,1.1854606215539154,1.221964854550664,226.92534266043526,0.04841107671458911,0.005627379597463911
63652,-7.257932565681262,-8.442330072465388,5.088843682455882,4.0135651002098935,570.969002552291,1.1377235967254835,0.005627500488727453
63653,-6.473339803678218,-10.780002531748512,3.4260188158493063,1.2692615844165351,263.8402598832192,0.46365000550580593,0.005628725838533015
63654,-5.470955023271643,-10.338321878647621,3.730180778748558,0.6792003078814026,140.78333630439067,0.26243952650999436,0.005628727475081982
63655,-2.5168299831464065,-11.769810050411376,4.316706745492855,1.8476228956580543,468.7212782758832,0.5666680666478134,0.0056287636721912325
63656,-7.0416336222233475,-10.937738719183649,2.9434623745484907,1.1376922977033412,295.34581356516566,0.6289213815387624,0.005631391638580227
63657,-3.453289598291679,-9.742525943578336,4.114621353850107,1.3467620064736365,290.4278311277454,0.959096112004473,0.005631445393843374
63658,-3.7334718527833886,-7.105048067920779,3.542217422213011,0.9935907000604401,262.4561306408382,0.5102483552127852,0.0056346919778341225
63659,-3.410906749124293,-7.4806715384613796,1.6571055852076837,0.7287327677931662,147.65921718439355,0.37232861462093414,0.0056357724419302205
63660,-5.596791564541061,-7.122036821106758,1.7739410952518808,2.053086443514218,404.0893860803053,1.0753117873461866,0.005635795153530564
63661,-6.044293905645717,-11.720373943365539,3.1468049722718052,1.8744505181535234,469.20507421857735,0.6317322520036575,0.005637004998754967
63662,-6.655365979605467,-7.284701458105859,0.20206226293106813,1.0583997906944933,274.17419681869586,0.6624493751809615,0.0056372560029801875
63663,-6.530309602426787,-6.71502081868849,0.8040625400723612,1.1450640952352946,293.5554798026254,1.073123779065722,0.005637670443365716
63664,-7.077906969669789,-12.263211290425645,1.6530473598200064,0.8120248161267974,173.89433304508515,0.7404709392310904,0.005638080163273148
63665,-6.037674247113809,-9.671527591174412,4.275785349950718,1.0045813333213698,210.96748624299633,0.045025631083431605,0.005638244153425526
63666,-3.3739693326004048,-12.06220141129986,2.962974343240359,1.2831699255366207,179.4168441008135,0.16446985818303528,0.005638456836554807
63667,-8.942902715001214,-7.573273150764856,2.84650400079527,0.7549858623416836,468.587881147613,0.2671028589573856,0.005638514287749
63668,-4.210295572708276,-7.134741614679628,4.272351499925567,1.7057243477142972,403.80438642556055,0.6403653147403849,0.005638528188715949
63669,-7.404189217332949,-11.086020003161531,1.708170891339365,5.933624931016632,666.0607758528405,0.40692788867224383,0.005638571991579517
63670,-7.2818175259916735,-10.950136732265571,2.5242374175698883,1.024232183382914,267.6383051484569,0.5021910261499114,0.00563908130874865
63671,-4.083578719471178,-10.913803789129602,3.344737352236992,0.9377555682115022,253.83357900027053,1.34794623797234,0.005639516267602517
63672,-5.41619269564816,-7.266104954925865,1.5927652233282443,1.7215727125008318,407.00377419863344,0.6454188287802909,0.005640276170078891
63673,-5.001056426712267,-11.02518269453421,3.3332629301207954,1.885874690982395,453.38455132673766,0.5822095812466879,0.00564123349402319
63674,-4.6414162760222,-7.0328172211822215,3.604426377181981,1.0789978035146965,281.3978365704855,1.2547564787369492,0.005641897381843601
63675,-4.8219267213219155,-10.558018370441223,3.5548592706118294,1.6556876598026191,467.8847964432751,0.9299727314109463,0.005642335434978994
63676,-6.8456013210146756,-6.059752389343187,0.4856827411098782,1.6284210819211764,427.8313196360653,0.40151504120507653,0.005642771232525839
63677,-3.8815399640505666,-7.473085567016141,1.6635046521271821,1.1533088852454785,248.3860429646325,0.8142277107936939,0.005643438072040491
63678,-6.498662629280432,-6.142923235810579,1.6981816198435578,1.8675647295805367,448.87028937891927,0.011019535920479662,0.0056441361592828405
63679,-6.704170588989246,-11.529856536668351,3.0158197659835753,0.9815897998682054,273.0781396955158,1.6476383849810352,0.005645737959974106
63680,-2.354975254009987,-12.802685804231837,2.507229204422905,1.1756352279772972,238.13472981161553,0.01012419509312501,0.00564631689926099
63681,-4.045191508025462,-7.137840928295847,4.225311759053355,0.8276697127953414,469.94195806267913,0.1869125621881711,0.0056464867020332024
63682,-3.650976177197526,-7.256286046529403,2.30132764110509,1.340300410130155,322.4261979554866,0.7390005379561524,0.005646881511612218
63683,-9.29610961462659,-6.348337313336103,2.476232726861587,1.5054535520094565,359.32539936995596,0.6037624528096464,0.005647128138611256
63684,-5.246880219956288,-8.928843730599116,5.013382476527652,1.670825891296664,469.65257053165766,0.24122274578786662,0.005648148846034565
63685,-5.830101103882093,-11.28002557270428,3.2787436175013895,1.508090112462272,468.58151273993013,0.9385808941923353,0.005649475505451552
63686,-4.592603531265573,-8.177365643077149,0.34134118040346756,0.8237974589223782,466.9790981407553,0.167864828497172,0.0056496755864414916
63687,-4.872106260908117,-7.372990822546266,1.700808838715026,2.207986944987388,420.5394833896779,0.8369929075423519,0.005650502200431447
63688,-4.231350234311541,-9.533908290914773,4.320700538294634,1.079784971814778,234.87024715972206,0.225077771030187,0.0056505544082632525
63689,-7.202009982753641,-11.133638352466487,2.5785621404212207,0.7984024732796071,469.7783728475009,0.12166386210529456,0.0056508067815994835
63690,-4.880539353289405,-7.118776102685167,2.4611350662030067,1.3163209151497892,293.1368126678353,0.7536781672700057,0.005651514181287891
63691,-8.92360167597737,-6.646464355970159,4.054618512319352,1.7524121581011087,373.69612202621033,1.6077086600688775,0.005652251994706752
63692,-6.628982567936534,-12.847425984438992,2.8033739125041306,5.842594647764881,341.39681251478896,0.24244377782689774,0.0056527413694290995
63693,-5.93206836971725,-6.55079047413952,3.3960132434419306,1.7637104243086912,418.40004240019954,0.2849570940782318,0.0056529470562415845
63694,-7.2972972063799375,-11.779806659304926,1.1973230706051823,0.7023461516802726,467.41784383940416,0.3639764912869756,0.005653031607763373
63695,-7.017285292753107,-9.58856965718361,3.9743648114104615,1.2907750977287638,280.49319540151396,1.0047213201262606,0.005653426562049645
63696,-3.241266666776265,-10.532445220015898,3.5541383859263913,0.5365879127566597,130.55332187148545,1.0468535050104917,0.005653993309834643
63697,-3.009134890463173,-7.337876357581178,3.1076890706077593,2.351972995259077,443.8327717533492,2.472057791695798,0.005654414008259294
63698,-5.822812777088794,-10.769390700430135,3.4952361771381235,1.5214932658637774,358.81236985139157,0.5090700106639705,0.005654547733099497
63699,-4.5443060687487495,-7.0555067818346675,3.5871132447864875,0.8529908193295013,159.72620855704162,0.14796758279040834,0.005654913832394441
63700,-5.927098249180755,-6.714147492087475,2.353866303161444,1.0946790478164632,467.1121039160217,0.9287921989168444,0.00565608355380047
63701,-7.989667827063267,-9.326890352766622,2.38732218594871,1.0437688130589857,282.76704622854527,1.333719148045252,0.00565659828285734
63702,-5.359993020277546,-10.499294583209975,3.6218284685314597,2.3193869364616755,439.02550672677535,1.8231293754413,0.005657301744942561
63703,-2.526269222273047,-8.975609383137153,3.4006636569614885,1.0635516747940035,281.3808537398482,0.6822753012859177,0.005657332143217071
63704,-3.2374647321696166,-7.15151862733555,3.908478938743886,0.9042178077869586,233.66625390395095,0.7323328853957607,0.0056583751454524584
63705,-4.535583552743537,-7.382342117191487,1.7989992470825478,0.9765290498410206,268.673863913709,1.469656385269488,0.005658715621524259
63706,-6.77014389621761,-11.027360629344074,0.11320919496742093,1.4928987598137404,348.3281528043984,0.5075551212772575,0.0056589733072361596
63707,-6.237540418622688,-10.989646004004051,3.3760492538346214,1.0744204997661424,268.17197935855717,1.3662173938397668,0.0056592412371168
63708,-6.88776464746522,-12.82815012410367,1.5457343087158222,1.3377953842613728,289.0762800225033,0.028556196350068674,0.005659359046909911
63709,-3.3774556022344733,-11.051461002531532,3.268172670333509,0.7792892172288426,468.59937232304725,0.17444682785083288,0.005659475267099641
63710,-7.8910992269273805,-8.086661929752726,4.657474501641853,1.5461164691079372,467.992762017449,0.2960387820989032,0.005659565633087556
63711,-5.643798614919152,-10.648350664359542,3.552355795367784,1.7412500186596298,468.5605544910351,0.8238978885781902,0.005660468991487659
63712,-5.972340711764806,-12.782096621375715,2.9647309901672956,1.8517446860490472,467.481058989813,0.2953099772633685,0.005665221647646876
63713,-8.916888937663316,-5.990381495997043,4.15292824536969,1.1131977117913892,288.70137642948885,0.9410319046500968,0.005666290446576328
63714,-4.875513847893681,-7.133533378915112,2.370901205563072,0.9453272194320702,218.96985147876924,0.527036732742487,0.005666799310672379
63715,-5.644515347409942,-6.775470084648166,4.028732201158785,0.5875647413814741,136.80017184980008,0.6387988393049966,0.005666964091860929
63716,-6.539119820231807,-5.383445015713379,3.039182202913705,0.8966363655994964,467.14606759214286,0.6786822480432742,0.005667141828243312
63717,-3.866831855919907,-7.144525049310647,2.8704326222084213,1.2019812477989575,298.8530783734304,0.6554646400241335,0.005667514587424423
63718,-7.030877460342144,-8.490072806664248,0.03744350817265321,1.323827724905722,180.78141666391357,0.4431492885182342,0.005669357638939704
63719,-9.247255133479905,-6.645025943045715,2.8447406089887197,1.3512727691874997,290.0317538833256,0.8653993422948956,0.005670777031026345
63720,-6.1647419078334735,-6.326114503438833,2.9421204698797707,1.5377450758737747,352.0975800603173,0.2149325448604298,0.005670873831632398
63721,-8.809082169317103,-7.505875185922773,3.489755214925493,1.8134621103297328,467.2019732937427,0.12039122234193389,0.00567095548014731
63722,-6.879931965693089,-10.501553441605818,3.3543955862998764,0.9140894805084877,258.15687290737935,1.603037419483023,0.005672233282873908
63723,-7.255185537758271,-8.629230648758039,4.85019299279154,1.8000459824271957,272.1740183351257,0.0327027097967072,0.005672274849224728
63724,-3.0657518619106803,-7.382478047924932,4.4155470147783165,1.5129618969055145,342.3995467504489,0.4277544481901794,0.005672993163147859
63725,-2.613876462418933,-8.33392161471548,3.147838831385101,0.9053539424593954,469.5670455766948,0.1520931615624388,0.0056751718378249645
63726,-8.0690893529785,-8.431023749689313,3.768884628884675,0.8699705947880463,198.3830987818949,1.009909106045848,0.005675588215172526
63727,-6.648763198338625,-6.339896593044348,0.8103807574168089,1.7874633057688667,424.156969302034,0.3502003885898617,0.00567567181221393
63728,-3.4985972319068095,-9.21019672865864,4.628075443626171,0.8480693652445952,180.43761094222162,0.5543231914973923,0.005677052161639685
63729,-6.186453676312911,-10.988329242591094,3.378564455054517,1.967288471915472,326.79269478455075,0.1615291549494442,0.00567849708303203
63730,-3.738516930509884,-12.53657837967134,2.8739824905940083,0.670081267515335,152.59453884755473,0.16917726022440416,0.005679048199267648
63731,-6.486588429713509,-5.559900774272351,2.8773017774629452,2.0026693891912584,204.57709411298154,0.3606615955423029,0.005679120053297874
63732,-7.057770794968338,-9.132479012196132,4.43158143718575,1.238377328728863,312.47502372459564,1.412675939180911,0.005680255609601608
63733,-4.542919492367776,-7.1020201223438955,4.193909692168961,1.5563886182136957,353.75115413424686,0.50955274805459,0.005680778996361641
63734,-6.574073413087658,-5.113856495441259,2.725997542912068,1.4527092139791666,340.17449895363046,0.30760906718392267,0.005681441998912464
63735,-8.48969723505914,-6.2687367477254,5.0359169048921695,0.9525165089352088,184.41203772941796,0.009669725621243686,0.005682668121178083
63736,-2.4514139998270057,-12.171388145439517,3.7507934501358333,2.5380543314084454,461.177249286007,2.2334024354693316,0.005683013868742413
63737,-6.23859257493856,-6.741928598937713,1.5448497512368404,0.829932135268815,224.3097944132195,0.8559852358863607,0.005683510845365406
63738,-6.729474019883471,-5.445304829900228,1.213516919739073,1.4925763981998765,380.75321502649626,0.5677771144901671,0.005683871859928666
63739,-6.659100922482166,-5.447432733269737,1.7138134980984312,1.097429306449498,431.2237021888066,0.5458618240833415,0.0056847216938186755
63740,-2.810983198267504,-10.380634811207601,4.318928743355903,1.8009112153044662,469.27533211800585,0.04167764129962137,0.005684891526538509
63741,-9.202386810028768,-5.861922850699847,1.7810672027311343,2.123471083686724,419.36743738278153,2.173690016037333,0.005685256758254033
63742,-4.10601463405291,-11.77142964564953,3.0307393052789893,1.4234116831192867,334.47746128202385,0.5289390134537237,0.0056856897581713224
63743,-5.496101015934594,-7.071761058276511,1.967141360774027,1.8164874036630418,468.8037952911062,0.6898609922852241,0.005686278808600804
63744,-6.112444294482076,-12.773382028310678,2.9562252904394386,0.9108911351058067,255.3619937346,1.0447451897372035,0.005686610203919712
63745,-8.607289760339622,-7.041959281408905,4.534638400063632,1.836563874915272,438.5643007849558,0.33377331273037836,0.005688460948361612
63746,-3.0454907227397587,-7.365134654422236,4.187750845197975,0.4930137340736018,112.0615079116087,0.5743396013990987,0.0056890337533166595
63747,-8.692571143032062,-8.266915576976773,1.8826945639612702,12.379178499048763,737.3636624655682,0.1645826483310282,0.005689118315451016
63748,-5.11235698338073,-11.904763871053376,3.057029895846711,1.6946499318193224,468.0509306542221,0.2748999627109674,0.005689592206593137
63749,-4.899749366363509,-12.63066448516125,2.9180203727516716,1.387066470582113,334.5293600990958,1.2741685405141494,0.005689876101180833
63750,-7.46208939415105,-10.85878449732199,1.5851604844545333,1.8169683896018138,467.66149373504476,0.8085230476449157,0.005689944619114267
63751,-8.385919273181011,-7.093214304274814,4.9218098824881,1.1754320448532414,290.8161773788245,1.447075245380093,0.005691548503698596
63752,-4.878427478905652,-9.363191763174495,4.520229200881436,1.1786539670268603,300.4215093775738,0.40475684722751915,0.005691922558758935
63753,-6.394666136146972,-6.7803391415388035,1.0023487156174498,1.6518516266583314,392.9327381114586,0.961253189538299,0.005691967672317053
63754,-6.980698019907675,-12.829252710266905,1.663875263689831,1.7784728500996796,379.0384250236523,1.7313618270306694,0.0056926652720638285
63755,-6.726061498723377,-5.919582755233125,5.058099491021528,1.0097064427773181,467.2477082453606,0.4091153312628881,0.005692990509565694
63756,-5.303590645754254,-7.170448033876583,1.938706925171895,1.6264474084620038,382.8543727182972,0.5891169826840876,0.0056932559377693695
63757,-4.5354324248674835,-10.20984114196362,3.7639181981048226,1.61261454775535,373.0153640897502,0.19901328089334935,0.005694592672981927
63758,-7.059391718708478,-9.658358094610549,3.859752263391947,0.8537276014122837,468.6974095582755,0.21495032288693405,0.005694816378301378
63759,-6.109402436796193,-11.694553213832998,3.143230659514804,1.803193358217549,470.2411655982338,0.04899057187542688,0.005696040143942311
63760,-6.638507476097825,-5.02241887858229,3.5603216023839708,0.8966036459415391,455.8504210206572,0.08150796708519881,0.0056983384365262195
63761,-4.865678023304959,-11.586456704369246,3.118957957627951,0.6675849455859729,422.2141296641067,0.42546203100023483,0.005698946183985288
63762,-3.1481069357540425,-7.191765519632777,3.475274272863699,0.7847782756426842,220.02484516887748,0.6824813056470189,0.00569983401475285
63763,-5.449624083859081,-12.138873096797933,3.0314869331677765,1.1031154046617937,467.2078608631887,0.0681596034061851,0.005699997025833743
63764,-5.232642761659806,-7.033286623644644,4.632040706337419,1.303969558165961,298.7356091755821,0.13793766922812534,0.005701603799239129
63765,-8.594163353900687,-6.684576274239394,4.760181083248517,1.2170796823097,283.52837297175296,0.3407130864291199,0.005702118713448049
63766,-6.210716473402491,-6.886104824788685,1.3572532952557845,1.83348218087242,190.6705696615176,0.2820035305469162,0.005702125735157474
63767,-2.394349819403166,-9.884904449831282,0.6782839287131408,1.974774395074664,368.5235362637712,0.18108596068043514,0.00570267614105645
63768,-5.54176492761273,-10.210057989283058,3.817790002253913,0.6266249516925643,140.8052063500125,0.3549571618441485,0.00570312414429599
63769,-2.7742517107518774,-8.353240185873108,5.162996268430405,0.5572295135821318,132.03959583002708,0.330969970641962,0.005703282095592442
63770,-8.067335909154107,-8.168692599486512,4.197667197579019,1.007913009993259,199.10314564128393,0.14517323793412729,0.005704110712559353
63771,-5.166954798044266,-7.607713057048445,0.9595820673297213,1.2042357172689633,303.99422917447805,1.4473667077622485,0.005704561723381743
63772,-4.946252026864095,-10.54634686497758,3.5654239095840055,1.4906405728697842,354.14466571127315,0.28125873709798643,0.005704615307940283
63773,-7.039468578132057,-12.754424422701412,2.315377013472996,1.3422765007762019,322.43481973647704,0.5677390399136959,0.005704680177804739
63774,-8.361442972937592,-6.992966027256664,5.037539012244636,1.806230007446097,431.11078884049255,0.27223702760694746,0.005705594417641286
63775,-6.156752313255101,-9.193451780271634,4.755661143434678,1.3153753833925148,469.4713703314919,0.2142570052452104,0.005705656199294769
63776,-2.6076282898702345,-12.360406308085643,4.2786095562705855,1.0862739982322882,286.92054893143893,0.7712119330078551,0.005707085392909925
63777,-8.561650583418732,-7.674548656856193,3.8756655959470985,1.3095432578254564,144.28498486063646,0.3179255647270667,0.0057081888356273576
63778,-3.4026019610177327,-7.245018557128784,4.646992407186078,1.8409138258513433,380.2693633694899,1.1250712287549627,0.005708224453074251
63779,-4.065577482575925,-11.604093318376448,3.080551192972341,1.2840677617536254,315.5152165368574,0.4789754013122236,0.005710518113984627
63780,-2.8308040094295626,-10.600639632843786,4.140801304170132,1.3317744537215133,286.83418600383146,0.07241801847768237,0.005710546242709769
63781,-2.6593748584499384,-8.381527537288317,4.170684972848624,1.2272877232918478,269.3956529234833,0.6067921345347571,0.005711616096565154
63782,-4.8162298531312695,-11.24600133661064,3.2292666345424785,0.4627950921017268,137.2234079125186,0.43915224292984956,0.0057121852823715765
63783,-6.644654350641023,-7.070921529442852,0.36746886319051003,1.8983979019939585,469.5208371347094,0.23533668395293628,0.005712681084758077
63784,-5.496098073191367,-6.919351715448802,2.517931406332417,1.1344488653834783,291.6688042856572,1.0551928480993178,0.005713157190770579
63785,-2.4970053270755246,-12.51163984241124,4.176650319919298,1.8544034034180803,444.44348139928417,0.3587886601636958,0.005713383804132796
63786,-6.2297781815090225,-6.4508827640019994,4.582512388047576,0.877354691225781,297.73000533976204,0.22496226365024885,0.005714264346359281
63787,-6.548535276340028,-5.575534413816104,2.1611041333143426,0.9976784114621137,468.69305350608875,0.6466681887095005,0.005714383290421451
63788,-6.09595722113658,-6.72703245518072,5.006369098666203,0.6853406849316649,466.60316719981853,0.38553388127705457,0.0057145751147876876
63789,-3.281570065060791,-7.215292609135708,4.482772631676822,1.0525981177642967,284.80929904307686,1.0110432541135177,0.005714718238980311
63790,-6.753244995366215,-7.282489687493279,0.10543179270450619,1.0812722221740974,281.2342481494666,1.7931005492696608,0.0057158091271678445
63791,-5.287618024149804,-9.372820819480992,4.533227611909306,1.1073629012239152,294.0698755917325,0.8174050718104349,0.005715916802382485
63792,-5.608369787018812,-7.162400277259435,1.6670919476211459,0.8917757173578926,466.4636281665352,0.5802919918256118,0.005716014906744943
63793,-5.840060750906867,-11.44061485634868,3.2179717814985653,1.148121477786699,228.63232284298186,0.08608195157815235,0.005716081564067215
63794,-6.1086828662945365,-8.971555756109424,5.009237141412168,1.2953842668028097,309.4755449085888,0.18695422620793156,0.005716303037286475
63795,-4.853647103380837,-11.130922577210516,3.2698565507655766,0.9692994008865712,266.7428907221782,1.2900531032413403,0.005717029950964761
63796,-3.4164919706004335,-10.271646907597876,3.6838235974978515,7.427985848567051,441.05986496174376,0.134651904950017,0.005718964558732682
63797,-7.340237566594403,-9.616025745436696,3.5484810569225345,1.4015415297942777,318.8579331526099,0.6285008593224708,0.005719527093592618
63798,-5.7685200631678315,-6.982019807038809,5.145837016207319,1.7522416368444214,373.31797797877607,1.5380206207762024,0.005720082726508311
63799,-7.833047036607599,-8.236593474983462,4.539374184129398,0.8586497762361037,173.962843567551,1.0269765886031186,0.005720315454162624
63800,-3.1013545869327874,-12.454624786873463,3.000212132553959,1.701022973986387,419.7948612964414,0.5309467834811512,0.005722108415850828
63801,-6.406183507445502,-6.6251024222215324,1.3359571043440404,0.9039492228213475,467.9503534405062,0.3003611695334003,0.005722169226653978
63802,-5.193415316048156,-7.448625477404109,1.3155581750859495,3.1925535360444273,514.845468308422,1.541105191212126,0.005723452282423454
63803,-7.045281414446052,-11.858793068589696,2.5345710114046818,0.998828823806498,264.4459096383002,1.123106467614135,0.005724550382028804
63804,-5.394993662077335,-11.424975632435174,3.2010650235007634,1.1099543106599763,221.21208955122628,0.31487210873141525,0.005724772687793294
63805,-4.205071189792328,-10.584460221698745,3.5078151076625828,1.4669700648841353,368.20453465389943,0.016395251337089967,0.0057250113757851915
63806,-6.594519554777481,-12.239002712151176,2.901582138192102,0.786925639874809,218.65014175118418,1.092880676508221,0.0057254785673415175
63807,-5.447356133493152,-6.9419505270839945,4.501930829460554,0.7614886472216132,198.0681248370427,0.8378939429089973,0.005725794409313512
63808,-2.706737827033681,-11.85626002554088,4.0469334174984235,1.2774869799034447,305.2479569224107,0.9381255099702583,0.0057271426276587645
63809,-6.095538128944186,-6.442011868746935,3.9481733033955977,1.8181650263736633,468.3950312138441,0.5346060400730659,0.0057275226991002366
63810,-5.77482428823462,-7.899197437599923,0.36236205837608104,0.571602431814827,122.86229606024266,0.03916918124764468,0.005727753877193788
63811,-5.863056456732618,-11.26135206688533,3.278182416229213,1.4015457322501876,332.63403290582335,0.035343959801583225,0.005728773304210823
63812,-8.836556774230992,-6.653670689366086,4.2558868317154035,0.8330486689446936,153.89877156864335,0.0739265087063048,0.005729233354062903
63813,-4.913136096423642,-7.316940917069842,1.846198632267255,1.3805622952718997,227.1801980473909,0.07961207775201995,0.005730373415670932
63814,-6.933983496350734,-8.961996612653206,4.735112007641343,1.0259618228619476,267.12829286333647,1.183269328364255,0.0057304470913678435
63815,-4.756184723105693,-7.030530532034625,3.6389970790088397,15.702615096127492,667.8208960656636,0.01774826678653696,0.00573065565087125
63816,-5.9339161552875765,-12.13805629677311,3.0462190541198293,1.7608897936092989,467.8987822833405,0.3122580379432973,0.005731579064128922
63817,-4.927805689921066,-7.018270359590944,4.084532611119476,1.2133297529181402,470.3958877232483,0.18932197134012174,0.0057326649134403305
63818,-6.568940896346507,-6.185862791314941,5.003534118457382,0.8748957429125682,237.63300246162694,1.3347347626427633,0.005733065469465098
63819,-4.254449221693811,-12.087256182392071,2.967071886025203,1.8791248111099585,468.51035610144504,0.4696570310469399,0.005733087428497499
63820,-3.3649409281166074,-10.82327943898439,3.360157297493713,1.8678898401805746,467.7110075695907,0.20173269322847442,0.005733236134496446
63821,-7.290738191835409,-9.41734287527482,3.83443396861255,1.889470706209467,454.6639898121289,0.6406241750883206,0.005733586763010558
63822,-3.3236933494070167,-10.798763887190791,3.38261976804806,0.8582975195984157,467.5606631502607,0.4505000747318064,0.005734775332282773
63823,-6.728516794458801,-10.001397849674646,3.8105880749335053,1.3252677558616912,324.5095644315018,0.3939754807375033,0.005734778245468096
63824,-9.183035278619993,-7.099478126373589,2.1778694581911964,0.8061894501567908,469.13988722894726,0.20963853876242666,0.005734857381006981
63825,-6.843479312202021,-10.880582097548807,3.1661854052112823,1.063469590884226,467.3599236577912,0.784664458582153,0.00573593983919878
63826,-4.882661901724524,-10.018450802356117,3.9174653860715725,0.8405519554955825,225.6800640563876,0.5409783929681016,0.005736783370507085
63827,-6.197540028168063,-11.383872227889988,3.2224400714285104,0.9333436628497921,468.02925686209477,0.38115434506106727,0.005736790939839536
63828,-8.57523579542974,-7.962224742956305,3.3078686309853262,1.712113978535917,374.06291770421785,0.8923635383063147,0.005736936203041768
63829,-6.871635110033058,-12.105027086408155,2.7087069292440056,1.1207313967108523,288.8324696885397,1.2491161988356092,0.005736980399257099
63830,-6.62564833721278,-5.438770192672789,4.053290146369079,1.1153798413362241,287.0167011177464,1.4102727098093988,0.005737625612344673
63831,-3.279044095808569,-12.961147079769411,2.8258661572606747,0.69397077793132,190.8234094554977,0.41759743321976206,0.0057387220416576104
63832,-5.320384803732559,-11.587722813201584,3.1454011576910865,3.910005333891406,560.3156952444815,0.7731865132353706,0.005739060545231477
63833,-2.651051561817109,-8.110894746784265,3.0705425914531514,1.5725435022672403,272.94362024555136,0.13096121643593062,0.005739592580380748
63834,-4.409809752645366,-10.90082682714326,3.347420817412771,0.7432691281728396,466.44113925203334,0.3158173087540037,0.005739614397712668
63835,-6.472671417881596,-5.653338589946777,3.293448435378241,0.7160365414927524,157.88681052451952,0.1298414958944205,0.005741220346572368
63836,-6.3842731859846165,-5.909181464411273,3.1513123547437463,1.0232664128691744,468.33959374907215,0.6627123210611137,0.005741332502627597
63837,-6.855349214052531,-6.067511858291794,0.4516935735475119,1.1327330365269088,293.9867649926844,0.435325232680861,0.005742352151994598
63838,-6.359599011245729,-11.480832249875814,3.162466832705463,1.5616460658632922,468.28505951846154,0.3144484074110254,0.005743562481794931
63839,-8.243880363698178,-7.367943153114221,4.929283372221929,0.8486372633236383,469.001685248578,0.013844086296237457,0.005744139689772321
63840,-6.4403623236838765,-5.87877956839961,3.8022006263206296,9.171483863216398,478.161946623606,0.12640386911399748,0.005744233863015854
63841,-7.3365233240231085,-12.139566639416776,0.32311440778078543,1.739869386148766,467.85914255264544,0.1961947210097561,0.005746010782494381
63842,-2.4576817813522958,-10.694513748504978,3.7864736499969736,1.0898973360762754,286.700774260496,1.075677577694635,0.00574617336942001
63843,-6.966931301135519,-5.095475582849474,5.033933842167677,1.3683802415744266,293.4165542129846,0.10751883332355927,0.005747212699839095
63844,-8.72593224940503,-5.959202826605196,4.563949378741398,3.5489119121061803,524.7929111772019,0.4238506773044035,0.005747349216519517
63845,-3.12963101107902,-10.71000403724428,3.516409006361459,0.9906200235845221,467.8080028942326,0.32650020460137874,0.00574795760668594
63846,-2.9366656734633256,-7.740358346491402,4.939099598609711,1.1120490168422152,467.9888372869124,0.8561670359488636,0.0057488827671739896
63847,-6.357606336587171,-6.90202639861346,0.9612157131408533,1.7126721493632957,468.2482088247377,0.1806822445461167,0.0057495836341070975
63848,-3.1917956506811933,-12.110900678305885,2.986919366522885,0.9170991987982893,467.6469601216915,0.58407345176217,0.005751700065152439
63849,-4.72192995960977,-7.118914185487119,4.472977089368746,1.8763248410458808,468.45134357617434,0.3345696371101985,0.005752731202618622
63850,-9.112362960184065,-6.494506328595837,1.4373516983192882,1.1305455712274872,466.777938666534,0.646035815061146,0.0057541013613216325
63851,-3.8256960100157293,-8.188845628655269,0.3834594431626379,0.9669376624893951,468.89238387861616,0.043790740589780164,0.005754251151973425
63852,-4.303675545375121,-7.2628418707902815,2.1722997177179715,1.1680697500640178,281.92266214091103,0.7853136681751165,0.005754466152057447
63853,-3.229645525963183,-12.897417889151994,2.835542496408698,1.2860404695198728,317.3125753739811,0.2912197275325594,0.005754589401299977
63854,-5.982033520873309,-9.981390354713593,3.9987882747868553,1.8383603940610482,468.0267942191323,0.40467426803160933,0.005756074513580008
63855,-6.8039440664068795,-5.926969225600939,0.6255035308837529,1.1060484037797407,285.25442691693,1.671166520354002,0.005758961878530936
63856,-4.47865775172371,-7.139091162987724,2.744301713232151,0.8372277804317574,199.26283697312425,0.5021955283952639,0.005759342901181622
63857,-3.5051628677723485,-9.231279928359037,4.601602623088965,1.0381356883257586,270.7522581151582,1.5429439362050443,0.0057610003534933965
63858,-6.635204637785144,-5.20358679816122,3.880668743732454,1.6698888056724992,445.5309424708259,0.02992233387605925,0.005762536604299821
63859,-2.97715683402183,-12.800230379044914,3.1626870971790253,1.1892600498262766,306.19689635410634,0.5665120318871244,0.005763470615697703
63860,-6.1065428573389795,-9.15929102597935,4.792355645064024,1.7356150264564694,357.8620561051951,0.24014618204592342,0.005764242504511722
63861,-3.15478342299577,-12.106520865033124,3.0130731091166973,0.670227098982896,445.13735493862123,0.4061573246164567,0.005764484967882779
63862,-7.147267273928757,-9.44459156360102,3.981806770324004,0.9059656856028199,144.58209939252492,0.22979543433385263,0.005764740553596838
63863,-3.5228389135219773,-7.147047704119495,3.1040574579439504,1.0830978533454758,466.2568624902386,0.35816521083950903,0.005765686330390591
63864,-8.781065280082277,-6.988179942853138,4.184994488808334,0.7277594345861892,148.67340999999072,0.04659441515353091,0.005767272008481569
63865,-7.669246051004607,-7.95124787894133,0.18445101648775275,1.0787360053791992,467.1603878116385,0.2418775743715722,0.00577015305876346
63866,-6.204507081524191,-10.310417558268652,3.740227827298568,0.6784848029082038,208.27623743558388,1.162015684888905,0.005771302374001689
63867,-4.518394881852127,-9.09732819476116,4.774774323913132,1.6373579854069382,357.2023819429324,1.3768593339089863,0.005771713556995133
63868,-6.7634825987289595,-6.587778398358823,0.4496411055308525,2.7264138524703507,468.0708705507189,0.8132410363214095,0.005771867146589269
63869,-5.67011764218641,-6.955323485585941,2.1482254498584856,1.125010023560162,467.968276973331,0.18249903015518232,0.005772856308019706
63870,-4.715850672962869,-9.689625841910495,4.182677774471325,1.0645362047678504,284.98070656346033,1.5758090298754377,0.00577364017354285
63871,-3.5804042425186697,-10.91499825057794,3.312848195044569,1.1628045868916295,298.19243894084025,0.7732083318651659,0.005773652065227977
63872,-7.52480939294333,-11.49036229369993,0.9819263700681058,1.5733382613066162,461.68409714767927,0.8562832089996375,0.005774141940334313
63873,-3.0394222898739027,-7.610705198980742,1.387351753167229,2.516363699204732,442.5232003883433,0.6197315187676731,0.00577507603140807
63874,-5.991978404178291,-10.58091740603542,3.5840539370664874,1.1164679711711227,467.58752179692294,0.7925133230358083,0.005775120775944541
63875,-5.788402390088806,-10.522474857078675,3.61884383336354,1.622206003402993,350.6888610191445,1.0902142536325385,0.005776780268833152
63876,-6.484752473102167,-6.701219639707053,0.9176050655940787,1.6887445213598453,399.74499465885947,0.8757223977481106,0.005777177096312547
63877,-8.677018966575462,-8.30712073527654,1.7663112018250504,1.7895900591072587,469.6273376100065,0.1380245479249993,0.005778063307752177
63878,-4.730781418698351,-7.027545121145882,3.4295235870577874,1.4793027933774334,338.4289098619233,0.7868423428139018,0.0057807280466377646
63879,-2.345429907540474,-11.083755047234327,0.6260342945159495,0.8355815336932091,218.6220684558001,0.9521002979546447,0.005781442266746189
63880,-6.823414213112564,-5.43621120841017,4.820707175583749,0.7600170043536778,198.04593647153422,1.264879576618216,0.0057820778428335695
63881,-6.18306017882292,-6.322938734496677,2.9901384285323225,0.6146382512716689,170.04240290199195,0.37761065226206636,0.005783384132212253
63882,-4.93159823774848,-11.974259143012308,3.0112228837326875,1.0427300051629076,420.5989605890486,0.11151435459366166,0.0057834228977345775
63883,-5.862006968493989,-6.625737936247683,3.5316039979840874,0.877161453399496,176.630153560601,0.8310225105087969,0.0057834367969993245
63884,-8.28633974451519,-8.116696881272151,3.7874411877121292,4.9774787808416985,345.8034014556271,0.18673330703836566,0.0057836542187046916
63885,-3.0321508986253267,-12.357215471239835,3.1176981621333466,1.6308138062442705,381.21176134925497,0.6806780706508011,0.005784126717302361
63886,-2.8682764373930167,-9.965295896850494,4.469253298079421,1.434921433698389,318.67889851231234,0.9220928872584926,0.005785256484432503
63887,-7.436311473517517,-7.137321001984692,0.031381483900816756,1.0912119397527777,468.065751611332,0.8463362573408792,0.00578571276096391
63888,-6.809196284128285,-5.252195949156691,0.8265988157831169,1.4321489824564033,321.7868489701483,0.1536783170816003,0.00578679304907642
63889,-5.420969537226688,-7.508465130820043,1.030252999511101,0.899543181725001,251.917779273357,1.0929149199669093,0.0057870882713341905
63890,-5.597586277227838,-12.283099757763873,3.0031068035241413,0.9908218860762172,159.04030487809555,0.1933891697045178,0.005787278249107003
63891,-6.388866801609492,-12.632264020740047,2.912208800233871,1.2701164159624156,269.5950482927016,0.17035139502593477,0.005788301472176445
63892,-4.5836967623638305,-7.087040560420258,3.0257592651694285,17.9501423628139,691.5016685336294,0.0487445632926482,0.005788967508645671
63893,-5.227568010787376,-7.0147593302466245,4.493113454050607,4.1988844914630885,576.2659248590792,0.6294885406083663,0.005789015461208117
63894,-5.715502494975599,-8.135178531629538,0.18557592421907876,0.9265638790691907,468.1408707063736,0.9139421903974183,0.005789315334461813
63895,-7.931677484082988,-7.962332345920177,0.27594346213751086,1.1433619870553875,299.64506649450664,0.702883056661487,0.005790181894879072
63896,-6.651461460207449,-5.9663763744827,1.3397935710105717,1.8537388471826357,465.7840712320618,0.6485888514973448,0.005790483555686366
63897,-4.1772689427749645,-7.101089982058816,3.2153932250686186,1.0866112231958895,468.5615498712297,0.2524813860205475,0.00579184701159013
63898,-5.766399343585022,-7.2015472616402,1.4241287160359557,0.6842801189104426,163.11750923541692,0.8660730442526186,0.005792502276146125
63899,-7.754270913141664,-9.593113621171398,2.6929023536255765,1.1004646960579625,288.0951782415027,1.2516357691260138,0.005793515131691551
63900,-5.452976389659302,-6.850351793181535,3.1509544353378565,1.0340572685235678,219.52756525725002,0.48642215861852733,0.005794200947601448
63901,-4.870718821216786,-11.437877673053274,3.149831551660689,1.7648101668795595,420.8075166812721,0.7000204943217438,0.005794396998219262
63902,-6.579970825414199,-5.4503360566230885,3.7249335696378254,0.8072607873982801,469.65139835428295,0.1658663966546401,0.005794930345731282
63903,-8.54944761837342,-6.455872169352349,0.4021011769829693,1.6423194356342194,357.5995752092737,1.3262392334193995,0.005795298107507972
63904,-5.714194229336341,-9.516861224302822,4.407861004754935,2.1667991466505114,420.48864091798555,1.316532247695986,0.005800684966264668
63905,-6.998587401093789,-12.18541450766388,1.4943368625426423,0.8801284498061727,237.54059599035966,1.460147029820396,0.00580137150727028
63906,-5.327892590218675,-12.587605761471464,2.9326749437969433,1.046509547072389,235.39516601265981,0.2642454709923898,0.005802940425690637
63907,-2.736460817589287,-7.780819004598243,1.5055335800800353,1.150971124253063,299.29630948915684,1.443753843061086,0.00580320984219743
63908,-4.000622016927117,-10.292486097151803,3.6778112000047622,0.9175491630905763,469.1226242267969,0.13962594899623948,0.005803988450367216
63909,-6.917849942002965,-6.78028593877362,0.10815358222797244,1.833550510886278,439.7032983985139,0.7367187069397225,0.005804006673132628
63910,-5.423341043655564,-10.635633935381627,3.534500572221073,2.463891288008152,453.7786014815619,2.0639811687385867,0.00580448447720716
63911,-5.902064836867354,-11.315097146178509,3.2499757050983975,1.858371442123916,467.353001640239,0.020576252766781877,0.005805224174167629
63912,-6.626001209653022,-5.5733705562515246,1.7452095626708586,1.1789059252244178,301.4120380523596,1.7348715116740943,0.005806181161667083
63913,-7.394153344365176,-11.562591763807365,1.1389108678603284,4.087074028239027,574.8823576724053,1.032990740495669,0.005806383821922957
63914,-7.100106631930651,-12.445417681463562,1.7785833518357934,1.0241217191114436,275.254389035098,1.4068968451350896,0.005806918581003575
63915,-4.933303762871337,-10.149459709422999,3.816893589158263,1.2769449052915842,306.7844729247657,0.4189954245557308,0.005806955512129438
63916,-6.293455546231012,-10.350018864213821,3.6993205594975707,1.1162777339857397,467.214877268917,0.6744737206765246,0.005809833329646449
63917,-4.1188792249450685,-9.653174454075316,4.19416541587025,0.8934492919727138,467.9358459190375,0.3000551736456236,0.005811751987170567
63918,-6.338769186370466,-8.796029099310314,5.18179710856059,0.9275473816746844,468.66150633125824,0.5970492734940924,0.0058126263026343425
63919,-3.790780062275216,-10.403046410706771,3.5936885185855867,1.8807862925994123,455.8182172609957,0.34345261498179536,0.0058134753383606306
63920,-4.745087719024053,-11.197060382717666,3.2255680112121845,0.9036654642154778,467.52380865827274,0.45763541090951065,0.00581600981219214
63921,-6.62679002618785,-5.55796720858653,1.866344653004779,0.9187120425447897,468.1163399751129,0.7399643523738435,0.005816133018712015
63922,-2.672465497151535,-12.035244834844374,4.102155101894023,1.6240486252130741,380.82012565415044,0.4894274563710761,0.005817943281696822
63923,-7.014353532583899,-10.180537121714666,3.440528100247784,1.7839495541496877,425.41477590632275,0.5271411203017253,0.005819192940658545
63924,-4.153961281805435,-7.1048873664751895,3.332357595015776,1.0425348805644952,467.8572134926369,0.5856927991491965,0.005819322527627818
63925,-2.742615191530496,-8.29590449648783,4.822221528948185,1.875549160776986,450.913104778569,0.40602913234230975,0.005819395717091071
63926,-7.615925392940293,-10.459184269768267,1.611722876945293,1.4152524182329247,320.8822636165603,0.5249860696874391,0.005820537092152655
63927,-7.288973261425843,-11.443172380395785,1.7113225321117587,1.123297904296082,292.6406561665008,1.6780495405111573,0.005820723761434621
63928,-7.487721192155094,-12.548890112013757,0.7760915180493275,0.8335981007179195,192.27660206186457,0.019095768371509614,0.005821374379859648
63929,-5.652137788249964,-6.752811761372447,3.3995766832703023,2.3466792201746713,441.9111925356695,1.9158454039661086,0.005821606106502129
63930,-3.806800461780319,-7.2948514251082,4.8756013493368915,1.3810711162933456,320.1160976819483,1.250245011729052,0.0058218509091096165
63931,-6.405326968033852,-9.971629116743237,3.9536320232374518,0.9906312348829068,266.0854039891225,0.6788312028813666,0.005821963260767453
63932,-8.805753187625113,-7.311349243584826,3.774902766655768,3.2028197789911244,503.22179744793596,0.33958594327322356,0.0058220301562315595
63933,-7.263289405790931,-9.891522896585904,3.3770218462721613,1.249272805977514,220.95982004054616,0.016731853433177513,0.005823030111435101
63934,-7.377862486560878,-9.71157321583593,3.3777204712441726,0.8378017248062448,188.3867361102875,0.018978732573363466,0.005823441667978377
63935,-2.8624461132859587,-7.787004849063071,4.5388001285825155,1.8744223810918184,451.4757279999045,0.6289848033704208,0.005824651903901056
63936,-3.1831882670939393,-12.180368850884369,2.9591976162181086,1.0376097092043992,207.0880000689755,1.1092956220162966,0.0058246631855239026
63937,-2.5217388546308603,-11.34426007096705,4.390002560890687,4.451075692487699,275.6448883510947,0.24232929540626547,0.005824974299727301
63938,-7.437630343803114,-10.02406187229137,2.944678266853288,1.224395239441109,266.22038589471305,0.07689581658455769,0.005825032334947866
63939,-5.858465143323263,-12.55437643424114,2.9655199684561264,1.1650118183760114,468.95142427623847,0.8789342056234846,0.005825475208123604
63940,-6.3104798093221515,-12.050177432250182,3.0187088347005715,2.154779843709539,422.41947144891327,2.0846266075630577,0.005826058823284439
63941,-4.856474325803938,-11.078311214832114,3.2794770678299447,1.8249217634132935,467.76415159699843,0.6469833254575663,0.005826522174290217
63942,-3.907975798392033,-8.427105119835726,0.15659808553252524,1.3327351127154552,320.6031718012346,1.6419396914874982,0.005827157843311688
63943,-3.1204206882328727,-11.254959478516824,3.275852953524561,1.1632446873086286,298.423553175363,0.7992939311340859,0.005828247009592568
63944,-3.554224660414019,-7.125197711294886,3.3523319688748234,1.1057831303949899,286.5663766255717,1.2516362035083697,0.005828716554753094
63945,-6.581087814679467,-6.318695032073147,1.0146860332844247,1.4536290043333748,333.9800897579687,1.5110548295298054,0.005828810699328974
63946,-7.762199964424431,-10.536839492511872,0.5916411739665353,2.0192948467634215,395.9219082331644,0.8408985541699225,0.005829101442107625
63947,-3.549509269294246,-7.173571769926498,2.8633736657707494,0.7307568551659872,180.52820422444628,0.17969983973239767,0.005829125703851978
63948,-3.458224568175532,-11.6307178011761,3.0411590610142554,0.9174604636144426,186.99751221120292,1.0125478966259722,0.005829967143439245
63949,-7.5932772540444535,-11.554734390670575,0.7703959304303132,0.6466004233637933,133.03432024055235,0.07187353796035101,0.005831349427759872
63950,-8.734942110850893,-5.2692022041521875,0.4260441078555554,1.5403138103416059,342.4406960006424,0.5223623974295526,0.005831380205617635
63951,-6.842938812020108,-6.042798298743816,0.5011655441978513,1.1116890765864393,288.12323165186785,0.9764237948839849,0.005831883514405033
63952,-2.69163719531241,-7.820514339845985,1.1481430271419382,1.4711386237943096,339.38783760284235,1.7388517372032313,0.005832059236900248
63953,-8.024862481940776,-9.310217184888081,2.2622238246341193,1.8275407577447211,467.76310609729876,0.6470839298876454,0.005832811838947125
63954,-5.7094933601927265,-10.011114950877749,3.9620720802609735,1.2677242303199274,281.3993864800174,0.9096883522595629,0.005833552142069027
63955,-7.338223918219185,-11.351005585532786,1.9130054560667449,1.7439139582811207,432.5402419613069,0.09535246203387171,0.005834746199482563
63956,-5.476720333954957,-11.808991459581215,3.0850141399499535,0.9953604265191471,197.87016158852273,0.803228035558095,0.005835393272629625
63957,-6.631119208297001,-5.0831157706032295,2.2615222624266313,1.0658161071845678,467.6873265847935,0.19197298801480311,0.0058364671158238676
63958,-5.916100780668089,-12.839498918482048,2.933749238444565,1.0943028151508845,463.91651318483,0.7822718973783713,0.0058381900876065835
63959,-3.6453501811387827,-7.503150161049068,1.6154724209723934,1.1214275594133543,468.1263748245791,0.7454434713367393,0.00583822502617677
63960,-7.217132497699852,-10.428528798570381,2.9902573788217786,1.0533303824014086,266.613378076582,0.9063655479564554,0.005839444042281608
63961,-6.934271784911303,-10.644750409909467,3.2028421386346593,0.5510308757189885,118.07242451276039,0.967829754092425,0.005840145839468265
63962,-4.744171047359282,-7.279515497985613,5.086809332902184,1.7350212347500356,409.62897395683217,0.14060370507112996,0.005840285128357818
63963,-6.157277829553049,-9.104010695644137,4.844924814945734,3.031955362945014,489.4386476112396,0.6140656509693896,0.005840502913599082
63964,-2.8454439917246246,-10.464003495663395,4.161896118467266,1.1260532489077528,286.0512225067318,1.4232257329797395,0.005840925188416103
63965,-3.4539587039109696,-12.099374928817365,2.926897395659382,1.0226221445055046,279.9854970531919,1.296702866548105,0.00584102249264429
63966,-2.679448297023578,-7.996366465269779,0.845147318686575,1.5821813281088726,468.3750306164515,0.44824599337975624,0.005841138671169704
63967,-6.6252196256113365,-6.109348187604768,4.985859342021286,0.7634357974828956,469.76234394107007,0.2214483670190477,0.005841617014740625
63968,-6.10870659323273,-6.732961325892703,4.984990653211274,1.1394550654151556,276.7349824008319,0.14757406628650216,0.0058418169280590295
63969,-8.672156051643878,-7.595237584941306,3.705119313537117,1.5636037358526276,145.24614989298098,0.36360330559718435,0.005842911228217488
63970,-4.309897930772606,-7.437669643861861,1.717310581999473,4.010932610489261,570.0589513069442,1.0311279048432,0.005843164180249023
63971,-6.373459858931669,-12.15401488278745,2.982848147797476,3.847619399058094,559.7425995150435,1.0735828041843902,0.005843914198141019
63972,-5.286753450723659,-6.908863380292603,3.7627123791110106,1.5405796592669656,339.9463163521433,0.230964843055796,0.005846003784715339
63973,-7.61537782396163,-8.749041876420813,4.1736718253403025,0.9026564012797434,462.4379021737321,0.8922895689385255,0.005846461624239945
63974,-6.598828148414052,-5.077372633678701,2.7883702653248594,1.7815059816949692,424.27446169350605,0.42042921869206307,0.00584846522363918
63975,-6.968147849849132,-12.6319006704611,2.4470239851200453,0.9149350121384636,232.50664288962855,1.4258214795286088,0.005848902838681789
63976,-3.5556469804868884,-12.784630642892605,2.818410374125266,0.8523505453988466,167.1700070408865,0.04326391838372157,0.005849172159240287
63977,-7.9735351149504465,-8.139717972653337,4.4165853442962115,1.6907831040262862,409.0301803944924,0.47820457173912256,0.00585001457861473
63978,-3.3626801669265856,-10.45691784444231,3.5561739782717185,1.3328951462473586,467.99908856682083,0.4069784924853259,0.0058500916375445414
63979,-4.3435631988427605,-8.937796482315875,4.932242341541732,1.049591773891071,468.0008602951773,0.3683384060206407,0.005850158461513525
63980,-2.5146420638837483,-11.26153227382051,4.327981282128147,1.0268905205036856,251.10682705405554,0.07548850961503639,0.005850178677058816
63981,-5.586297047390076,-8.839971306398795,5.129704728279877,0.48981239205058186,116.60827363546238,0.7436584293406048,0.00585188050585791
63982,-4.033370429307994,-7.234327179497192,4.672502900112459,0.8767372772434615,468.87727534496196,0.11768933633528267,0.005852024924419126
63983,-8.807281474656756,-5.112961273974031,4.3022303168104274,0.9879664100144707,248.7116248905469,0.428793130078982,0.005852667282730459
63984,-2.8192614900916055,-11.005760251369274,3.942698296239899,1.0426688989352044,255.743513788974,0.2527059287353923,0.005852840922752195
63985,-7.114953529139802,-11.061462229686011,2.746716849337595,1.075324434966616,212.19039866301142,0.47677745475286937,0.0058534903582555566
63986,-7.00124352809153,-12.76035139875515,1.7070951507246144,0.8337836068685947,433.8402636923468,0.027131689170370343,0.005853949722994992
63987,-9.125666010344016,-5.965234501271048,1.3803423508030768,0.7368980801462146,151.17663584502495,0.05910937855551346,0.005853979591204848
63988,-4.405155905790275,-7.083979937428399,3.7738247706549504,1.8335143234251936,438.78235221126243,0.31106113029173343,0.005856013275915297
63989,-4.080267216539256,-12.715985224395135,2.8349938992467507,1.0164126137459462,249.38798527323576,0.8279209626452202,0.005856277040734583
63990,-7.803470604753848,-10.19773471158407,0.5122204178496901,1.0962044561607474,468.08420642370163,0.8759334291358885,0.005856508467371675
63991,-8.696088009707342,-7.432266854191245,3.8931327706635246,2.8896041040778697,488.1481303015578,0.34564887761171637,0.005857557845018421
63992,-9.23719160023713,-5.01925099855864,1.9292362481370349,0.9650077511292229,193.04498725005917,0.8783184668766122,0.005857892693831137
63993,-2.942398354097885,-8.757376415845663,0.06828228800325731,1.6630893582254629,321.16311848343656,0.37309985066195317,0.00585901050646243
63994,-8.773915102871886,-5.88038033171088,4.448001348534704,1.2114290113420054,258.31072129840123,1.026225000805205,0.0058613098843300305
63995,-2.804788917786815,-8.066648377146855,4.794409233630146,0.9015072346657179,469.453318199638,0.2087118328151183,0.005861647233342059
63996,-3.1020511546707086,-10.713419191599503,3.530385743398134,1.2376397909338093,307.65964338614003,1.6184376191195273,0.00586171859255755
63997,-5.176484829250073,-11.565818153826903,3.1221670841054583,1.0626775929059245,468.11596526730483,0.30735949288390785,0.005865399373440696
63998,-6.638658797614154,-12.2563074994068,2.851558084106557,1.865942448245053,467.707893326797,0.1990044813326044,0.005866826919429757
63999,-2.8853709854940437,-7.525274227379108,3.2168524271666747,1.6007093018107252,374.43587834911796,0.4602126211184867,0.005867091220808803
64000,-4.705983765027925,-7.188519438243967,2.2978149070335054,1.4776772074705355,172.32838400693015,0.2758306441659082,0.005869949585144027
64001,-5.038944234825167,-11.300722842785225,3.204061669134059,1.061409480538345,284.9298211215935,1.4095455629173612,0.005871234959950001
64002,-3.5883031380991444,-7.332243880598291,4.95475692833957,2.2666975671531926,419.5337572301915,0.7396750911454868,0.0058715183687757825
64003,-2.698970843408941,-8.496394854816096,4.844442806365441,1.2057843789862193,306.73102137086875,0.3197539571407777,0.005872305152166487
64004,-7.059998694117117,-12.055200900179948,2.415706921065674,1.7578999487899922,416.1893122258856,0.4538975577211346,0.00587337089567227
64005,-5.427713412054723,-7.099113779985348,1.9965542158482767,0.6414176111303048,162.19547019143207,1.0724811940468983,0.005874045227651444
64006,-6.993634923383283,-12.388567379446691,1.6084727790730926,3.0003856491858256,500.5006979929967,1.8026633006413002,0.0058748380466379976
64007,-2.605047503264103,-9.652060715986646,4.975500831538446,5.229269652958064,599.7610239766943,0.21534613229455513,0.005876657914707213
64008,-5.014205196110457,-6.9770383847992585,3.4814835647744693,1.7078886774902546,398.6420347394243,0.06923977479748977,0.005876676366279517
64009,-3.4002565164448786,-7.154186338203185,3.9528537420043035,0.6785727928462622,173.0302931274293,0.6278354111549236,0.0058772049338621105
64010,-3.2033516782999616,-9.124248753587755,4.754540064334497,5.125066693690802,620.9393244638912,0.32343417877009273,0.005877875520977097
64011,-7.5443508677070525,-8.091059966033798,5.164492035621736,1.8546806807558083,467.5594731341279,0.5803326356164655,0.005878862294967954
64012,-5.184654718972807,-12.20805580615185,2.9760749063422343,1.5589278185524142,369.2522065900229,0.310099620920278,0.005880099188214029
64013,-4.771946678619891,-7.054583306123591,4.051806061142463,1.051876995344881,274.25552357486157,0.8120341598259389,0.005880210720427077
64014,-5.587221772687113,-6.829927432879303,2.8412331551412415,1.8922447144787153,469.85339332505714,0.07445328817058083,0.005880749149219512
64015,-7.538566265325644,-10.493275547383087,2.149986229193081,1.3334988463119664,279.94951527133463,0.24652195144874156,0.005883627619785406
64016,-6.599342855151131,-5.093746662997389,3.071846835723868,0.8766977255802751,228.44445133522677,0.979517575542098,0.005883655571605538
64017,-3.779384813024129,-12.701042063282372,2.8265871077412204,1.1327973520659416,290.9773753601292,0.7100268839030948,0.005884330991518082
64018,-4.563346864088233,-10.492809933751039,3.559729786844583,1.2548144357255586,270.12675489124314,0.0762076075524245,0.005885694310836585
64019,-8.144026967965019,-8.725346394168298,3.0191143381041714,1.1016847880947602,466.3407695292899,0.17455812999743525,0.005886765257506199
64020,-9.18736499420953,-6.7260744648349275,3.1022403894813557,1.167397605785612,467.1943727877292,0.4370151330848602,0.005888452453626558
64021,-7.483526461286152,-10.781620846758102,1.9755779479390132,1.0006265622622483,221.01608563129608,0.21282349336359907,0.00588927254768505
64022,-2.9103623460408867,-7.620396022848462,4.330813655079464,0.8512195582512669,244.97284420791334,1.2767146006703838,0.005889478630549394
64023,-6.679117999620249,-6.076624880728272,0.9336077930547776,0.9878024787957851,258.4373169617959,1.4176621585822042,0.005890434697594727
64024,-7.528944485267776,-11.955534881145105,0.8075881925112308,8.970852923006293,626.9052681755128,0.0947684743526862,0.005891170043798894
64025,-8.493665916953377,-5.782352868299088,0.33198432000652783,1.083211647127672,289.9529637345929,0.6640055242322074,0.005892258477520505
64026,-6.596532615249806,-11.138509459929946,3.1876866803516615,1.4015642509991406,307.3308205426633,0.027015085903048686,0.005893514706812304
64027,-3.9834037904706836,-12.412466323888964,2.8784863305595922,0.8283162694176067,235.6169677748854,0.965542952299919,0.005893749353561703
64028,-6.574400371303382,-5.840849089468053,1.8080845233461793,0.8722307146725452,468.01838000181067,0.2105446569187972,0.0058944172332041295
64029,-6.590704362459087,-12.178089659712565,2.889986186878311,2.0392027883426054,396.88845390726857,0.7007631115986586,0.005895091730878736
64030,-5.752095603400577,-7.248706728958165,1.3644868432391342,0.6261212173219453,171.00224158025298,0.6564815440918084,0.005896810032518457
64031,-2.8942461870541827,-11.76710038889291,3.4717842647614576,0.6444896440647957,177.5521699539183,0.6178979855135083,0.0058974470184348
64032,-5.4085784174627625,-6.966106532980032,4.4954514391294955,0.7541110372223792,381.0807978172293,0.3226354435006611,0.005897774629731423
64033,-6.606684881974818,-5.387824024041425,3.7453209224641757,2.547804154013984,444.924408703081,0.23657126027345576,0.0059000223339578176
64034,-7.098962759119286,-5.123753022918577,0.06782739867256304,1.058007372835807,208.36124734964244,0.017363059691651195,0.0059002899258669495
64035,-5.2533523774786115,-10.38080369596518,3.666451364967295,0.8861905027104344,468.1114663808019,0.17591603929834854,0.0059002971185471735
64036,-3.597117045334831,-11.57139813069403,3.0491635864775377,1.0417676400958693,281.07861062692393,0.9065667390720415,0.005900787068987548
64037,-2.8794145388814236,-8.315954508400404,0.4293966684852541,0.501434497572731,124.64650748597782,1.0402494370122204,0.005901019802047328
64038,-3.386464387594067,-12.963526669948786,2.7845577469126184,1.8868501835511982,468.0129291012137,0.03435083852975662,0.005902911771793074
64039,-8.298446765479584,-8.689690831463395,2.5736266911139842,2.0649535169436533,410.2844793768075,1.597323976780264,0.0059030379931026295
64040,-5.100039933594843,-6.9635312517773125,3.2710366051321813,1.3517547414015083,271.5437928704291,0.07402708367746857,0.005904610895201476
64041,-9.135172947887932,-5.016244749007621,1.3213425471507398,0.6958899104828653,174.2350633729522,1.2015283908212036,0.005904723119470506
64042,-4.103002272596293,-7.130088013133459,3.8938373103707558,1.7276543959781374,445.9444374495268,0.3441080211323895,0.0059074502267863855
64043,-3.0380176812234723,-7.422076726849481,4.355622945130967,0.9170656241816675,468.77854402555937,0.08218400415372695,0.005907554161969153
64044,-4.8637867511766135,-11.040417249679846,3.2855175797400427,0.7157917604452808,156.189923708037,0.33450966113813596,0.005907730328525619
64045,-6.931849136022587,-6.67844888189659,0.11301500060920355,1.4030955361244195,304.88980551526186,0.2928242069601783,0.005909113725570909
64046,-4.484383613906333,-8.995532882580207,4.871506561619865,1.081780264230721,225.16466781622628,0.13726659779626438,0.005911131841979039
64047,-4.360519994817541,-8.717648994505629,5.152933819726542,1.7511995992884246,468.29385238401983,0.608882085739225,0.0059120793975312586
64048,-6.589835350426869,-5.658843680864705,1.8929249586355235,1.0293089367139165,270.23323429133575,1.1342154416595296,0.005912228013014327
64049,-3.9382439900076047,-7.70047926682453,1.049854885778228,1.3653798124114618,331.242489747691,0.29432265884553743,0.00591373101857227
64050,-7.654123834196175,-10.909136037352678,0.983569825576395,0.8870941117880853,469.47670267294524,0.16902253743604412,0.005916892768132469
64051,-2.5407401962051592,-8.780744616103938,2.9966089766498984,0.9063768954606711,468.1683725706389,0.11668462370032717,0.005918041281487643
64052,-4.403700031736938,-11.827058140897858,3.005264498774689,1.871336905419403,468.2063734224593,0.5418690404307531,0.005918461394537369
64053,-6.098952135364626,-6.92323456698619,1.5383831537592016,0.6955720982209219,139.5122986630108,1.035396979306685,0.005919525586598138
64054,-7.5277319596194365,-8.452136144414705,4.714177335187607,1.059575785473253,210.5529817545725,1.0177834815287676,0.005919688439842816
64055,-4.888527504205353,-12.16877862287297,2.9591122696873295,0.7553658060091856,162.7454209911962,0.7513192231796149,0.005920082342659127
64056,-7.636708304334968,-8.901784481445693,0.2717001019111666,2.5811619541259025,464.506844158741,1.9901704147219403,0.005920314594232194
64057,-5.7864362892061365,-7.407868530842427,0.9551241229294948,1.2542330946422742,307.8015748908977,0.697351404586863,0.005921082295514723
64058,-4.709038327068234,-12.328016648897197,2.919926493261472,1.5817687262097633,374.04175805829067,0.3011019651906226,0.005922336363092113
64059,-8.681204312174863,-7.761234428947315,3.3715966484223165,0.8040269631656296,230.02410125808717,0.4242305867555549,0.005923140221555277
64060,-6.507146015318364,-6.433375149497661,1.3361331411375565,1.0135595985410686,240.60773717361172,0.4251638115142695,0.005926994720960878
64061,-6.676281667814145,-5.857151103942072,1.2237483834893594,1.5994318186509968,285.13675806112985,0.06485789653836971,0.005927098727153254
64062,-6.809370315502775,-6.59156036753927,0.38531027814138263,2.8813188482074374,488.01573992348904,1.2816869270306155,0.005928275358616287
64063,-2.8776294267269185,-11.372775289538172,3.6448893626320484,2.363365903468944,444.16442802281534,2.174258814639824,0.005928610967189908
64064,-9.019548154746351,-7.314497453402123,1.4347281277178707,1.167441281947036,293.8523076770177,0.7081826567740288,0.005928660000694923
64065,-3.8078907663404307,-11.48921429762925,3.0825044020902137,0.7190394877863973,130.17786001921777,0.16878759362015838,0.005928847005152056
64066,-4.801957388869099,-7.147289459056356,4.635188542415819,1.7315568017578409,411.14707545733154,0.751265812399585,0.0059302094500433234
64067,-6.404538544554548,-6.3644978632493165,4.808897914944657,0.6403981921123131,144.92916749475182,1.0507728635687599,0.005930347332240004
64068,-4.145174159324769,-7.26075641733322,2.2907224923240097,1.5234962826573326,343.58987089582916,0.8154830585392583,0.005931646005284445
64069,-8.549133075906518,-7.331658769105106,4.354229739423417,0.8575257926723958,467.54936485464515,0.588074913835011,0.005931866362128398
64070,-5.85016287415772,-12.864108843205031,2.914988098921194,1.3354815027319067,288.75779977362697,0.23113140121962505,0.005932642979491185
64071,-6.30887089647327,-11.596154693771698,3.11687862963338,1.05848678169362,283.73811518632414,0.8346203403255634,0.0059347684189277414
64072,-2.8742181685127566,-7.573642433395634,3.4491273917569387,1.1196886586214216,292.4892074830566,1.6951219979953116,0.005934961940707224
64073,-2.389912320960942,-11.847429086709273,0.42934105088206537,0.7730270497910607,154.24559641771484,0.6960441505354611,0.00593528930049702
64074,-7.874018858275855,-10.279715572461754,0.910130085015512,1.1680341824070872,259.8908771241848,0.3164298156664209,0.005935611084146634
64075,-4.197691848591618,-10.006199518549378,3.8747492128035415,1.2661467950762795,308.18544889535565,1.4105551593395305,0.005935932091700351
64076,-6.146321038199192,-6.359007083858928,3.2284476347036093,0.7430497377781916,467.8450055231585,0.27392561003200555,0.005936292216629051
64077,-8.413239890861334,-6.879513398050357,4.989150650973045,2.147401218919185,419.5500003668395,1.6491417952060639,0.00593672362487079
64078,-6.336023322147551,-6.078245148884503,2.925406926046412,0.8507966835055677,451.90232017923927,0.43838339685331906,0.005936813953270862
64079,-7.024926681326864,-12.982387177318998,2.236333637494168,1.1130098532678128,294.971667252762,0.715242815436028,0.005938524780641746
64080,-3.5344008543542706,-9.90790940790926,3.943446647514481,1.3869922140596076,468.73531504905566,0.3933777521744082,0.005940791847149287
64081,-4.813226781625236,-11.731634786091758,3.0422572278183027,3.1210266519433865,505.5862798613838,1.034849714100031,0.005941962926276718
64082,-9.021710669481113,-6.492376548468884,0.8621757815616501,1.0095269042379478,266.3622317332067,0.6707558585780982,0.005942250693744182
64083,-6.4793822127064615,-6.191934513069313,4.694814519688594,0.7779658186237899,207.34021815341526,0.8127764695194628,0.005942510890642659
64084,-6.127336612857588,-6.9038172674152545,1.529287206995473,1.0969543046506363,467.52289133107325,0.903434371243276,0.005943433719067994
64085,-6.260226989617198,-10.412841862948202,3.651211488723344,1.8460099254885096,467.61743132736046,0.24575720304153403,0.005945500179123075
64086,-4.992845086599282,-9.675310481970772,4.195258138795897,1.8751291526275278,451.52608218111095,0.09576868527460913,0.005945681971512555
64087,-6.46819781487471,-9.207082617430823,4.6686580891107985,0.580912195885692,151.5289704210034,0.293032657764269,0.005946393755726203
64088,-6.827838833184467,-6.062378992419235,0.5467846743459328,0.8817510916336758,467.7129612042149,0.7786492763440664,0.005947087441857978
64089,-6.688762800897415,-5.70976027053791,4.610533889929268,1.012482188031354,277.93455091553,0.7478880385378774,0.005947347540410604
64090,-6.535025594365687,-5.736462968828708,3.9948149542851956,0.9994696800231667,198.47711335244907,1.0613383285049531,0.005949882889094644
64091,-6.318223199535,-9.672688939100368,4.222395592745289,1.8663051040497034,468.0178832431905,0.3761629721720201,0.0059505160216877274
64092,-4.964175406293533,-7.0594641961949005,4.352524055995699,2.9912541077564714,481.27373261392484,0.508272509106944,0.005950796872781585
64093,-6.863687332439812,-10.667382370052426,3.242531322384915,1.0567924357260532,279.6129349580348,1.3626840361855885,0.005950869745432483
64094,-5.925534551034783,-12.213764797295722,3.0047707363699963,1.0296359092446759,272.291742028458,0.7030437053312761,0.005954247299377353
64095,-5.36791158818178,-11.338077300467894,3.200766988305484,2.610427422434126,466.50585293496914,1.7290866077640663,0.005954324346229502
64096,-3.8673644276357226,-10.67528968235877,3.4222849379763423,0.6804166676742909,196.84487764503555,0.8017953659585464,0.005956286675020401
64097,-3.47642990293033,-11.365274476313438,3.114859001465088,1.8526281566884089,444.2915283849275,0.18183716641863334,0.005956832071116792
64098,-8.2222358572068,-8.786663803749198,2.6249537575830355,1.1883049665906396,467.73315030278314,0.5066800002938354,0.005957181272057667
64099,-4.060621123094803,-7.1115828880865735,3.5195616997477472,1.8996498988762283,468.21831939293435,0.3337865046141122,0.005958540663117268
64100,-2.5668661881191515,-10.720889216990125,4.583010642624159,2.3505008433152166,438.40945569424287,1.1724307689692468,0.005958997498287524
64101,-5.123799495756426,-12.955349970506473,2.8579775173314994,0.8714767130638058,467.32931085295394,0.643807870991238,0.005959173671150209
64102,-7.218148934773641,-11.479921983854991,1.3776361922058649,0.8653762463228811,163.79245087507513,0.033719372614689824,0.005959615482548499
64103,-5.0687903573678215,-10.211139151147183,3.7588238323279373,2.921779947606008,490.72810453416423,1.208800940938505,0.005959684438400555
64104,-3.527483892968357,-7.526453838247055,1.5794311810027644,1.2834616741039249,164.3053659283518,0.24103765494316942,0.0059598849210378765
64105,-3.1291983257137073,-10.110030659974726,3.884847269327676,1.5561266517995476,361.92414990265564,0.4109205106546998,0.0059618581004146
64106,-7.071908294005412,-5.770572521688774,0.06346412002261105,0.8962941789506192,468.46473257864733,0.4668236450740215,0.005963624739685885
64107,-5.868180329914784,-6.913186678569168,5.054720240997966,0.7360009546602302,140.520705994397,0.21952768540877887,0.005964447391507271
64108,-9.279943664630458,-5.32200620400319,2.12799013458985,0.8987268328563959,196.4133774571757,0.4501310154176368,0.005966349081871399
64109,-5.3794074470393,-7.64323620352282,0.8426447340893195,1.741916890178341,410.15676079720123,0.616816357697231,0.005966410218878706
64110,-2.613396777673433,-10.632761277261613,4.628453723057833,1.2578423068595084,279.97708414960147,0.41309954324851006,0.005968174233867009
64111,-6.495053003319536,-10.231984984979155,3.718246607537593,1.243277738020243,306.98920467704687,0.957571124179367,0.005968798987817633
64112,-5.048296616457764,-7.607653071087315,1.0192257444053847,2.981592588952033,496.4744284655334,1.2997399919100348,0.005968902532700097
64113,-2.652448024441095,-11.582205793646635,4.227503619148204,1.7013867211583127,358.7915705409898,0.8177987274779062,0.005969803449925432
64114,-2.58011282236561,-10.342562536346897,4.718149637915158,1.8739166319273992,467.96317034725445,0.4193831123472753,0.005970023568643575
64115,-6.321616255016419,-6.184839014146639,2.472596567266179,1.0763014392871926,288.02209774055757,1.1175524587526526,0.005970452369827617
64116,-5.78568794203112,-6.759345832303074,2.7099575352717546,1.649177712401182,467.74985364722824,0.168296174677244,0.005971163096186927
64117,-2.50031833246351,-9.013480138477808,2.8005114665497075,1.246114709003875,309.81312384511824,1.9611169624220972,0.0059716845626438175
64118,-6.879076931593912,-5.624789263041357,5.116221466880367,1.5637825800116079,374.82579687410635,0.11462746221933617,0.005972819719728534
64119,-9.267760794752906,-6.171328536955926,2.825039915773937,1.1485785428165565,293.37026214359435,0.2115544690081057,0.0059733135017113635
64120,-2.900116710629799,-8.607125168709702,0.1969915307120687,1.5974642856902228,230.90358117084546,0.10578628380042421,0.005975365832102302
64121,-6.3121983080526345,-11.132903796406833,3.271637122567527,0.9364556902788039,444.1276469233623,0.20052461349241124,0.005975962014592268
64122,-5.088489688244654,-7.979847051292564,0.5057821556988263,1.7283533176960648,468.66394056917164,0.769689469741782,0.005976649228228588
64123,-5.01433671998418,-9.635916184906083,4.23323332900786,0.8927846236100099,256.12269889403046,1.11206987038317,0.005977775143319332
64124,-4.186959850980906,-8.197872032421063,0.37071877279648124,1.0605537972457815,467.4662791423675,0.3167608350379254,0.0059795773343610005
64125,-3.6951745343481086,-7.62457444742626,1.2930346336233633,1.3914796095697433,320.29342793777704,0.6941901336193075,0.005980032514781194
64126,-2.880354493562308,-9.944718931463111,4.44253918336022,1.026608315569992,269.7482624401134,1.3618154856834215,0.005980067458180273
64127,-8.421827073690961,-5.187494611715769,5.011653022312739,0.8977802004543765,178.5297874395559,1.025075658434429,0.005981415358165067
64128,-5.708655903198473,-12.403001872809421,2.9646498229134175,1.4532754166507966,469.8763080119704,0.024914895359224865,0.0059821960598958526
64129,-8.409513559893366,-8.950652430232097,1.1079224905903842,1.5777227613062954,373.5049888263103,0.5435680444802662,0.005982565642371817
64130,-4.077116643456934,-10.370858466814214,3.6101137392684413,1.0532935661871048,465.7980331074067,0.647959695404535,0.005983378157834301
64131,-3.4981165570360773,-10.102468997277011,3.7832804368976594,2.7005423675946854,475.8415202736456,2.1753523686371965,0.00598419135986192
64132,-6.662681893135366,-5.837449333089732,1.407822559372292,1.0295277033398973,219.7333981746455,0.24265610560821038,0.005984669733057662
64133,-4.132028934287378,-10.110610100360166,3.788033106801145,4.0306319208854715,527.8646598183866,0.16484534832069997,0.005985472613319533
64134,-6.847434458322072,-9.416256341275787,4.263268977185127,1.413454022520978,468.7174850014014,0.6091907785601967,0.005985993917825551
64135,-2.6390256175752107,-12.188089708763686,4.169419923701196,1.3014298095913364,467.58587749852825,0.5583795196456327,0.005987135158669156
64136,-9.220351179124428,-5.196591651921444,3.084576191472692,1.7706295938415477,432.3348322769666,0.06635571234962256,0.005988163026339336
64137,-3.186462977112935,-11.192306264055292,3.2176372604485532,0.9576342910686095,252.0038186136052,0.516355416290394,0.00598844728324574
64138,-6.024575559511272,-12.578371383756009,2.944548123579003,1.32255703450724,297.393517058463,0.9180479375653521,0.005988949281671188
64139,-6.55559687932808,-10.2886661751803,3.655029145892771,1.1097346812461641,287.2227503543527,1.6154127853915847,0.005990640385758327
64140,-3.00280093977225,-9.772966286174361,4.32340425722336,0.7868883844876587,222.74395736846884,1.3701443275850451,0.00599076741542541
64141,-6.456536466078084,-5.795823345329695,3.4620350658528625,1.2936752198136772,458.27851253403213,0.14405942989941245,0.005993394429740692
64142,-6.621103391403524,-11.460917465312049,3.045139975479892,2.46765655338479,215.14413852830907,0.3185947204005686,0.005993481590090243
64143,-4.050915573104238,-11.302396868356153,3.137384235319509,0.7118816079870853,132.2358340215924,0.14619478982927614,0.005993894087067458
64144,-6.3612941449724385,-12.464170309221917,2.9149298255255536,4.583012845192914,415.58615117366656,0.05985038441103274,0.005994178632503671
64145,-5.042553379180749,-12.37196111836431,2.924420364621308,0.9259395180801149,185.0666406680054,0.5314836525538587,0.005995091137386941
64146,-4.736792508765928,-7.244331701442057,4.916392691180866,0.7585369649952153,151.95801090047027,0.07702874655119274,0.005996171501349177
64147,-5.175226978723844,-10.929789996893195,3.348218153403096,8.089103445301001,630.8135951916357,0.10646296986594894,0.0059966672564941694
64148,-5.505410385342613,-7.285069656850516,1.5566114084600433,0.8421086350426457,190.85167790316942,0.42901557450456185,0.005997266048591468
64149,-7.416879322347367,-12.05580486005508,0.9913990837246093,1.7689566255553595,468.0310789319283,0.9019141475782577,0.0059978736019178315
64150,-3.5079460764921215,-11.809465683903545,2.975315091784341,1.7321965272208832,406.129865568652,0.2479654924040302,0.0059993680545954746
64151,-7.331434899419921,-11.205973851073523,2.102144126878456,2.4095561018278246,411.22489656900143,0.20315403375690178,0.005999618893884031
64152,-6.879378668594258,-5.643502735649982,0.541585871906282,1.001862682898812,467.1523446196107,0.6343323738121978,0.005999739552675727
64153,-9.039919926898968,-7.30174197018009,2.9626681328695055,1.1038843456587526,289.285357832698,1.441716055480211,0.005999798255362552
64154,-3.666919066696627,-7.1844189978363575,2.7779930398565633,1.1515599973789783,236.2308026254505,0.06987064137648957,0.005999956780432415
64155,-4.1490220275772005,-12.388377628886879,2.8750170438999536,4.9300495315680735,411.2553673350945,0.08002128418592047,0.0060003863995074765
64156,-6.712997615802703,-5.111701562032079,1.7496365571053583,2.543253735019355,462.3979491133726,2.537469054402746,0.006000504491686589
64157,-6.247591282866427,-6.855930411505078,1.4056079477294883,0.9011603832060453,189.52301253411383,0.8817377232895263,0.006000994807952427
64158,-7.198316255235271,-11.5989053039331,1.6247452856944473,0.6619632327748216,193.23789943668183,1.1496646357152267,0.006001475009249843
64159,-6.94576240610746,-10.556620181461296,3.2301499272781915,0.8886709925390104,185.26732656318256,0.8126236024907509,0.006002495742587208
64160,-3.294377572562574,-7.345984973994768,4.938274383711643,1.1823056901828686,305.27601350672,0.36669358671817864,0.0060026587424959685
64161,-2.583635612744951,-8.218446215281922,1.183720267921948,0.9688710670352912,468.3841888679537,0.5303866531568397,0.006002705266695105
64162,-7.356070490098205,-9.451124851738784,3.6806337886404026,2.542259892040696,456.5478444468818,1.1656867550669583,0.00600270595397352
64163,-2.73695054084204,-12.59172735940711,3.7905518056737786,1.4900929501928555,334.83463894856067,0.7717259918792783,0.006002743342024891
64164,-3.014601129702265,-12.81058628164374,3.0353732894849053,1.9874940441936595,401.1375719876139,1.5537433917012047,0.006006875432389684
64165,-4.34101874311226,-7.264099353267413,4.849637025844665,1.1983940245772888,248.97579918113846,1.0571527694517702,0.006007300206269085
64166,-5.713594011870376,-10.88843646277101,3.395074498213387,0.9688273060053649,256.81139597515397,0.26468951426730136,0.0060084460868555685
64167,-4.52099445096409,-12.303794211408151,2.895314282674906,0.914401325563937,422.37515237348964,0.19206626322509823,0.006009954715739581
64168,-7.525169893799617,-9.863035294068546,2.9103698042510953,1.855356409109248,470.0765742526577,0.05389319473208953,0.006011141748285362
64169,-4.641177010452506,-7.079852849491592,3.0877480234232566,1.398480043636728,305.2024320311135,0.024697630859412456,0.006013666638184143
64170,-6.803682127947672,-5.526493338856534,0.8149200268777884,2.7017221711955752,472.4837318602888,1.338240747639234,0.006014010168113028
64171,-5.176213132278077,-11.582936806002714,3.1043967170821474,1.1957481900633984,467.8574726992691,0.2843062660192892,0.006016993075969191
64172,-5.0090485372630615,-11.389817539377885,3.1523268761077823,1.733772509257792,469.48650693160175,0.03955933923355115,0.006017732858750948
64173,-4.133834816422139,-11.855434861011293,2.965444675560818,3.317197797814936,451.8905772661947,0.1360313589479114,0.006019976237715463
64174,-4.164444417657745,-7.552354610705705,1.4535604185586433,0.8608603375399481,248.9892438402652,0.2668838834182097,0.006020105374432124
64175,-6.606557109646877,-6.124852787662116,1.3629985250386865,1.1718989749426287,237.59343151045178,0.3285018286099195,0.006021564021098851
64176,-4.773574102755478,-12.570175953164812,2.8657577694860805,0.6722489754504023,135.64665055866018,0.32999053631649655,0.0060218914433206715
64177,-9.204607687366453,-5.185711729585086,1.8224377831333556,3.739662649297797,550.2566151222128,0.877101700707418,0.006022262503606723
64178,-6.750092252745099,-10.150832553329991,3.657598824807219,1.277773589100461,272.9426950873562,0.7149449170764504,0.006022940723475138
64179,-5.806430738337458,-12.37743432374732,2.9658695903723697,1.867694050853413,449.92078296673276,0.24148799100501517,0.006022964266774477
64180,-7.452376133300618,-12.345871737617419,0.46348033834480207,8.293712239190397,747.301569755551,0.34614992560808666,0.006023913898837641
64181,-6.056425567933712,-12.506471072579092,2.948266541961704,1.4335077829826577,467.47503013221706,0.451632491243692,0.006026289094601773
64182,-5.936470760917524,-8.140195470320005,0.11859136844472315,1.6590167515958627,390.22653931578117,0.5383497335102145,0.006026432282673498
64183,-3.6692941768451988,-9.229034520120912,4.584892433892867,0.9999929934502081,467.05884747742647,0.5945408438799493,0.00602655853801764
64184,-4.974037721202274,-10.745322085595564,3.4252865191355126,1.8505847202933343,447.53060440915203,0.49160382296996996,0.00602810775688894
64185,-6.946256280296685,-6.257874276071362,0.2331962055918177,2.297565198916538,437.6797885977625,2.112201516181848,0.006029378188485561
64186,-8.809521165144776,-5.951171988014603,0.5031986572993666,18.92846315448306,829.5225617394208,0.20856837288458063,0.006032110902496329
64187,-4.1854503797842035,-7.105538701538424,3.60170648993449,1.0761344799776968,221.69596991659404,0.02773380025548633,0.00603230028133711
64188,-9.251241078955623,-6.201372863419261,2.933490000010946,0.8449672705426297,136.94612456159078,0.36983114365423386,0.006032395298150517
64189,-3.5688693634874333,-8.479651168246182,0.11963896194945459,1.2913485864920264,274.1629991649966,0.46214990680787604,0.006033281782124723
64190,-5.85819939282448,-6.78138206731801,2.4145258549130673,0.8684043657180226,209.34982399323815,1.2619646544839203,0.006033512527253507
64191,-2.5948618926752376,-10.604670807016168,4.6140227230934565,1.4243201461195258,325.5350600352839,0.8107639892711029,0.006033846506625239
64192,-5.917312323190408,-10.9586141900256,3.3649510701918857,1.2891547344819319,463.97823580346255,0.03425532099925199,0.006034574228456136
64193,-9.142207659002397,-6.40351835677214,3.431979128092978,1.0308246233216318,266.0522957721998,0.7978506327050603,0.00603461911567915
64194,-4.405415260377035,-12.653329830322784,2.840040898957205,1.076239420662668,276.2249529810509,0.6346190672870229,0.006037047008654196
64195,-6.8472647977606265,-12.311929894214718,2.6476212074666936,0.5937043396402594,127.53918573377821,0.11897834426601328,0.006037134612019095
64196,-2.9185107695291066,-9.397144678275524,4.858721096797934,0.9397858362182022,250.27694793671972,0.2680455269969091,0.006037673478718528
64197,-4.304955024444961,-12.83497409776777,2.802995978834387,0.9919191873047014,273.6792222595451,1.7802468920723946,0.006040928484620412
64198,-8.117141731471541,-8.954009388386865,2.6307499116488886,1.3143368437900527,296.0796629695911,0.36041584904558466,0.006041566376997748
64199,-9.173656291950298,-5.0639515148338266,1.7054289638863833,1.9582796808593594,194.05368601716015,0.20271916175761984,0.006041584369548147
64200,-6.66858515084306,-9.423454122098784,4.353815480435582,0.809472919198356,467.9701930946379,0.04381392614319157,0.006041847195499566
64201,-6.610168136581516,-5.110313639956301,2.862460266567888,2.2149062641409563,422.144677575597,1.123406637643602,0.0060423775699146
64202,-7.664529908802836,-10.110396844102945,2.1971864929972624,1.7669204469373403,470.3018837908679,0.05179405906158063,0.0060431477449291275
64203,-5.536965450422288,-6.863846025326041,2.945271960413149,1.1750685025624354,262.6454703549406,0.08294894726684987,0.0060433135445061535
64204,-4.835596201592624,-12.433867202517362,2.8953482324052127,1.2170964642764013,266.1984224647561,0.37143310587048806,0.00604379852215927
64205,-3.040277660294441,-11.828685327048023,3.1607281688920548,0.7651893543751296,469.23265537247414,0.22900450339212952,0.006044416108931572
64206,-7.063331866129876,-5.3681817584624145,0.15755467078475943,1.4820731803855332,468.55586868519924,0.46258527036335195,0.006044456251790369
64207,-5.717848145414795,-7.852068360315249,0.4542230166134822,1.598585429552008,354.2045547233994,0.5400276039561307,0.006045349563361071
64208,-7.928399335736113,-7.841800770868837,4.89601809422332,0.5164512161721563,118.76837166472106,1.0210867238893764,0.006045768606601082
64209,-4.829094934831709,-10.332956092537469,3.653348964283699,1.7712445032589126,420.07402288895105,0.2979614515686446,0.00604634080346588
64210,-8.439255686116924,-8.44951971043992,2.596854715567507,1.2502284466305695,309.37253973748705,0.7634679729876197,0.006046428942077702
64211,-4.814402144703358,-8.182622328287856,0.3341226086419872,8.686628886556043,472.5928366388572,0.12451596826885059,0.006046786373391576
64212,-5.09262739485265,-12.715247028905189,2.867675307634076,0.6667153786613764,138.50054565249317,0.050370954665822865,0.006046873550810024
64213,-3.730732294181374,-11.86979789232775,2.958842844213306,1.2156843819379477,238.39668402202133,0.005045717138195904,0.0060482751004512225
64214,-8.519047518014185,-8.224131763043037,2.85900387823137,0.7543296733436796,186.08372353977552,0.6111003075119141,0.006048719232776108
64215,-7.739218105626831,-10.479215850541259,0.5337353834120246,1.3490552219099194,331.09725855131074,0.5809391469321099,0.006050882645145673
64216,-5.783785677160036,-7.227408058655477,1.3869007459274294,0.8479324045682066,185.2653158225663,0.010105172512215432,0.006051036475835588
64217,-2.701326681994755,-11.979267743371187,3.973547573206736,0.6076586885990362,133.4898043729787,0.040217096768954796,0.006051693254021956
64218,-7.96536574634557,-8.540139162555729,0.4206415111069381,0.9615040584626098,201.0856981880589,0.3976910530607247,0.006055804760430295
64219,-6.2140351838486065,-6.682602446173611,1.8104210781480692,1.1398825372237846,295.2028178296851,0.7888452207304555,0.006055965611783918
64220,-4.474888298933002,-8.806269304211847,5.06248386347288,0.8188500977214894,162.2449370049026,0.656886298554844,0.006056237143720243
64221,-3.514745743458459,-8.130941634553254,0.47235805556897725,0.8532229152745333,216.2596075713157,0.7147842682249186,0.006058108248303291
64222,-6.96792337348319,-6.442383892141166,0.1764876139458578,1.909076791589872,469.0664070424036,0.5994378260640003,0.00605872225486278
64223,-4.438144954416493,-11.814145649707209,2.9864578927679912,0.8329350489559113,234.437903086772,1.2972748343645,0.006059166034270265
64224,-8.864691736007472,-7.25712393691766,3.657777900824176,1.3332932542783922,322.3655852957556,0.2392684441348214,0.006059342011605465
64225,-5.897871115715051,-6.841217635764237,2.0731675175675437,1.6371222701245252,469.28763952432604,0.14692656072031607,0.006060100006445328
64226,-6.694657982440198,-5.817435410692433,4.762443472558487,2.5436211364474004,462.48530294414,2.5948774972871727,0.006060273209177755
64227,-6.276100815840966,-6.703219332003847,1.5989998256181588,1.440882964094985,326.77900148493364,0.520789328748557,0.0060623449236199565
64228,-2.908697401537826,-12.545416623709357,3.2777931537657428,2.094547440373767,404.088167322015,0.7817309940504948,0.006062554529048755
64229,-8.18350365374484,-7.855856565881751,4.407728175805708,0.9669111601056929,254.13127254602134,0.4097416252468973,0.0060633320966035345
64230,-3.5369945846464645,-8.671428334471358,5.1680378511926435,1.617234092693824,401.16814915966575,0.048750680052568995,0.006066743495794621
64231,-6.610044190274751,-5.289542411038617,3.594204567048947,1.8554317369895803,469.74435501669734,0.032737766122058254,0.006067132802819847
64232,-9.24371119983559,-5.599372061871928,2.975882222751827,1.6351259690908333,379.9822596155652,0.25581266019267623,0.006067653149162399
64233,-7.652882772502663,-10.157519349875859,2.1679346872583,1.290189606279378,276.05908293229913,0.5401895265711536,0.006068158334263261
64234,-3.6452689566788834,-7.3282868645758725,4.875268731393933,1.4169045742026642,316.3972431978113,0.8203476612521099,0.006068224750202066
64235,-3.5620536565243386,-11.12558549730664,3.187292239583906,2.268293099625046,428.7317974262769,1.1191408674503274,0.006069169044029567
64236,-3.588489727084001,-10.401407131575775,3.5714097131292095,2.1165212212770705,373.7781147591436,0.26487221746793477,0.006070050966786493
64237,-7.035469836947758,-10.688727066311342,3.044067505001424,0.9384936885720473,469.34223560262683,0.20311965108588037,0.0060701720528943265
64238,-2.532794816758189,-8.553042195358493,0.9329755002285169,1.1762003519946498,260.83099315685416,0.09646982613690191,0.006070810786202653
64239,-6.7832622188675975,-5.529363229980168,4.7628867464420015,2.9457219534035315,403.71686242442064,0.10235381548232692,0.006071430448817978
64240,-3.5684365853209954,-12.49744942117427,2.822817900636118,1.4952834984718493,339.0034975877482,1.472104101000971,0.006072238286719791
64241,-6.4418656787541835,-6.0569479870216085,4.1864718908079,1.3113482318919578,284.7516452930636,1.0107872835109308,0.0060727344329364955
64242,-6.144088051569314,-6.729987700898829,1.8596617652797853,0.9284045873271564,247.04876488989763,1.49088396400649,0.006073027062228686
64243,-6.816508728858399,-11.653777697543855,2.839074481960322,0.49455746930255673,126.87554270333462,0.5077294251361772,0.006074223711448705
64244,-5.898273899624505,-10.24731366425629,3.7706345162583603,1.8487112689873069,385.96984736841785,1.526953517395734,0.006074441116416249
64245,-5.146200128408692,-11.573441298357439,3.0997680731840656,3.927940346136916,560.3412904419245,0.6993456292438882,0.006074817717133755
64246,-5.253810715520168,-12.462182026408811,2.913184814833224,1.101079334032318,241.75468049403807,0.15701330762779353,0.006074889051533923
64247,-7.417079777998508,-9.09693458684562,0.19667737280481365,0.685695576685436,159.3444867408973,0.45564183671627134,0.00607512010997505
64248,-3.4436289741155077,-11.693611236582914,2.992382161500964,1.8497846806611258,470.062643357291,0.12390732528429638,0.006075722867774646
64249,-6.721385691533211,-5.750202777663647,4.751520271484965,2.454497620925464,446.9556268570817,1.1332880921420374,0.0060760139211054115
64250,-8.200238874383775,-8.816519123087486,2.625739906602261,1.6590270797230697,387.945536076392,0.45388244185681703,0.006076141686686816
64251,-7.106795835382205,-12.223950354194656,2.1855675896475963,1.1872182183914457,468.5785399474903,0.3024918384724833,0.006076207836679913
64252,-8.626549633915584,-6.84657470605359,4.588104024568074,0.5739093443601752,152.15692934054042,0.301933839182003,0.006076791144411752
64253,-4.607221952841786,-11.99520368428977,2.950859118960537,1.465466711455752,334.8027277927058,1.1561514725479745,0.006077212325019574
64254,-7.244934303733336,-10.37526949876002,2.9624392507703536,0.7011778504837967,189.51461976752807,0.3045336567925183,0.006077968289242721
64255,-5.95039554971921,-6.833743056532886,2.0496735677339535,0.778018568743593,447.2914343281499,0.26991272805600897,0.0060782279542106995
64256,-5.451199071467219,-7.11436347164231,5.069297755011751,0.9729516544541819,257.6805720043684,0.99768205360244,0.006078878979481115
64257,-2.4721814991609437,-10.16579580819052,3.6623252795231624,1.7376533850851852,468.0925291302684,0.5429702165624803,0.0060790188978929235
64258,-5.3976696249348945,-6.915409902186558,3.999553993512192,0.8822967348205697,467.34812215660855,0.754123822617462,0.006081290356062704
64259,-7.161226201716559,-12.126276140777083,2.0258663633195213,0.8579991696540564,247.34967322310374,1.6235347949553178,0.006082503715783935
64260,-5.82995180805988,-7.1265358147291895,1.6003600822294717,2.8608598531351324,486.05957264710935,1.2743539105011399,0.00608393248151184
64261,-7.268334252357814,-11.387841081280516,1.6477856313096348,1.1280226465284195,227.98410153431996,0.860733027757612,0.006084661934615832
64262,-6.447331677646179,-12.963767322277276,2.8165439214830217,1.4896318907081354,469.5764554208703,0.1803844337959397,0.00608584107193108
64263,-3.4266266595002657,-12.278823637081434,2.854592824711134,1.0498502702175352,273.7650840165841,0.7135016542470121,0.006086507229619614
64264,-7.513500804233532,-11.971077467528085,0.8383142235766541,1.8658513581581606,332.5555037256173,0.20120243556326756,0.006086649713753497
64265,-5.548141308970882,-7.3942295105186675,1.251764563830954,1.010418235660521,264.96496419186144,1.4792767290182605,0.006089861232295019
64266,-7.905443546280894,-9.396934620084147,2.5047359929027144,1.0899141772728207,468.06128452611784,0.6259339394007286,0.006090088243317477
64267,-3.899538373515399,-12.50138507843512,2.827942437533073,0.8753757575517654,168.2981840774419,0.12667713395690772,0.006090162167075728
64268,-6.361079201597052,-7.561144462804924,0.3515667929310208,1.1197923269641288,467.41456148060973,0.6607753948918917,0.006090710140017962
64269,-9.179245795953593,-5.442513473786377,1.7346887203035275,5.234905666370535,364.3576167230783,0.139615984422087,0.006091334985610841
64270,-2.6192998097467015,-9.348111822624517,4.982787291232875,1.1148690642250263,281.3586240271566,0.6998988751925816,0.006092132948533804
64271,-4.6710185760920355,-7.939089311225045,0.6283815448535002,0.996107028280685,222.45893158764366,0.6644833511936152,0.0060925265874034245
64272,-4.658272622717099,-12.16488578554889,2.9239313574640824,1.3420323272509245,309.78374961403324,0.9565295666707385,0.006092589952865062
64273,-6.192784351743574,-6.372183003812206,3.927863178257664,1.1635132273723385,256.6186877538137,0.4419168315431863,0.006093452070889291
64274,-6.24821223087874,-12.713559835424107,2.8949505416373116,1.7171706495588128,403.22772638240065,0.11176168058461577,0.006093968940185036
64275,-2.7407108564732585,-8.130776350007373,4.394870545429829,0.7136304658272227,356.65528396902715,0.46375406619620296,0.006095075504914635
64276,-9.157537639801683,-6.202630853123471,1.678278685122311,0.9680058185633095,248.19382944203616,1.42633607620333,0.0060954419905109684
64277,-3.3646906938909353,-9.696233772919827,4.115646677455185,1.8725123586782926,450.6470262087878,0.6059005790352909,0.006096217608101126
64278,-6.096083539088763,-6.435077381161582,3.2670191916837528,0.7830869851624475,157.3328502595396,0.3438962270259651,0.006096277550175621
64279,-6.27963311635737,-6.611292647696537,5.022499370421467,0.8707072225401339,246.78495688408023,0.8475284180768057,0.006098172132118356
64280,-6.030280143640038,-10.901784174178594,3.3865418296531,1.8116081138226872,430.47628808391363,0.529031852947714,0.006098830842904121
64281,-4.724212968885453,-7.052361728398825,3.5441059485947113,1.625751226030732,351.68949661257545,0.7559901675847582,0.0060997032642489644
64282,-7.3624405965754045,-12.159123609502055,1.029920764102733,2.785360605325587,478.6045555947157,1.1085382823139573,0.006101746658220194
64283,-3.7078633388472912,-7.346735267355219,4.959594261518269,1.0525424412546562,434.60163843111485,0.000436913544318962,0.006101767447215367
64284,-3.01004292300071,-11.677975879807779,3.2401892853791074,1.69861423875095,363.19472455096746,1.2400039744615876,0.006102223940757545
64285,-6.5385316208963875,-5.879948382842196,4.210258200509111,1.8460668584669289,442.59482727749287,0.4502287065726742,0.006102304096930782
64286,-5.2833380743690705,-7.0913231731170505,4.818042402630066,0.9519272315874255,217.1655719403779,0.40155182254801947,0.006103166356023761
64287,-7.452423157242524,-11.359353083497375,1.11599160366665,1.676340677402611,391.5475443541861,0.29002509057169856,0.006103917248516902
64288,-6.629182091643318,-9.079706340078488,4.746059997102928,1.436848048286934,324.60913886545865,0.5214727526193172,0.006104175626833585
64289,-9.164740643044887,-6.7155161242106285,3.177038925157481,1.218387086018089,262.0063915332702,0.06635758599681107,0.0061042748223351425
64290,-3.4075310573946638,-7.229716562826439,4.435760795009878,1.1098027932946382,286.8827742501482,1.4235022634139005,0.006104661853402426
64291,-2.310333825218426,-9.936739737146778,1.3132414198252405,0.9606824586903651,467.8147637908282,0.34680569393011673,0.006105389559233924
64292,-3.313003386042417,-11.273015069595608,3.136320184061397,1.6801926582360407,468.541105247093,0.046055445771838954,0.006107290111576475
64293,-4.010765709474802,-12.263717570924614,2.8652914914904373,2.3624580899769985,441.3462222002709,1.5519525498936684,0.006108638316700898
64294,-4.771701691161967,-9.119211318321106,4.737195806856316,0.73838812757055,168.30813541005944,0.46028196629830553,0.006110460809512758
64295,-5.149942452671208,-7.292819981498504,1.7882944420371107,0.8905390851484961,133.72341218874405,0.2992399412472082,0.00611076119877835
64296,-6.975958450985006,-12.40518941274732,1.6299030371217533,1.7851848551355074,376.7851829522892,1.4939348283354557,0.006111159521847816
64297,-8.468057582970333,-5.379304572183613,0.30961363512153833,1.5463987884327897,468.1642421249757,0.2992003860579908,0.006111308852183041
64298,-8.986310543168246,-5.2586918017465525,3.8651479559570823,1.7361910549417128,410.82680864030834,0.24407274866307116,0.006111836365723215
64299,-3.784754530165479,-7.339865417868657,4.946908382795596,1.02829338141032,263.3632124764846,1.1780349840360982,0.006112601883470164
64300,-6.223057301223447,-6.5010772173713365,4.594897998412446,1.4668181225420476,336.6552927301431,1.1602150285397004,0.006114456721215767
64301,-7.480671988876514,-6.99806622827187,0.04557483148701868,1.0077290903031695,468.78577953108936,0.5372862307675064,0.0061148454187713785
64302,-6.913665046498096,-12.454295471236541,1.3853289190267566,0.4989804638195843,124.17312273683415,0.14344117742641505,0.006116353843973066
64303,-6.436905019576112,-11.210607552028671,3.1964046886438724,1.8240434964132162,435.6495311363564,0.2825551105764026,0.006117217586491478
64304,-6.901225061802424,-5.055067916340587,0.6142627850276879,0.969962227539246,469.26629354813235,0.629762742110521,0.0061187290544379574
64305,-4.49390469349242,-9.907409743620118,3.9578729959264356,1.8342359139183413,439.59050864198997,0.6180023210607031,0.0061190806465230285
64306,-6.148227757647101,-9.142059008184662,4.781455407026216,1.7834180585817785,421.1336194668693,0.5307444714185827,0.006119626084923547
64307,-3.9503612261831282,-11.618257274656017,3.0186532320636266,1.6413093873617957,468.110039443584,0.7365512309118349,0.006121728586514961
64308,-6.114164155390817,-7.225330069054296,0.9391030320441548,1.6807123960246957,468.5244988789654,0.8002464503937929,0.006121826962776289
64309,-4.682902873612375,-7.140886317417291,4.437523862393476,0.8882978130556854,176.2414218177337,0.19837765003821595,0.006122317661529055
64310,-6.355190179661594,-6.475065975050623,1.8181303701206022,1.0865110853377904,468.402622823716,0.5373429173795605,0.006122526802402718
64311,-9.22786434729319,-5.627114314145675,1.919301521932098,1.3116788731269495,312.6873593736224,1.426968945416525,0.006123657371631285
64312,-6.959123028943837,-12.250753638689813,2.4987152801520676,1.2566412796909567,308.84038764752466,0.3331743334694499,0.006125143715438725
64313,-2.4978770808630566,-10.080515804192428,4.062601754678303,1.022472923158329,267.08977371887715,0.5918828774044274,0.006126093789129787
64314,-8.58158816480443,-8.165566146368302,2.7623353285247125,8.299708448229357,465.8326837586698,0.11196184125555941,0.006127792602068136
64315,-3.2302883006071346,-8.683502297629087,0.03830233234498603,1.7698960946762254,360.28203906903036,0.33851856674289493,0.006128652955627561
64316,-2.5733441045061936,-8.283791305653992,1.5065460142403295,1.2966203612352456,315.2859727826376,1.0398863016708333,0.006129172483199312
64317,-6.696123261416167,-12.380493807112593,2.757324028824928,1.1701061390881105,467.20124377162244,0.25803473272238353,0.006129630104526682
64318,-9.06137967957749,-7.11934526844446,1.540426494655052,0.8220484903304912,161.84739567168845,0.48853198723784086,0.006132978753358492
64319,-3.446327028158775,-12.525721132624309,2.8124065604935953,1.0236304829383516,269.8337738103469,0.24189764749435394,0.006136908217353337
64320,-4.241463328211551,-7.459093201340669,1.7176179614443063,1.8045160723507003,428.17007215806314,0.5672564521958252,0.006137144858850359
64321,-6.031997354950224,-12.7317570684462,0.02828803305525344,1.1998435848723759,248.0652538462705,0.04732598269493149,0.006139490228462149
64322,-4.3842827128688,-7.230937747890969,4.673522735281787,1.1622304086929165,239.11675604624494,0.5097001018748211,0.006139620482594005
64323,-2.6462612987988257,-8.581213643516726,0.4296710655060009,2.064272412034061,404.21499228345874,1.0362539168908054,0.006140173417887014
64324,-7.147003645841089,-12.022435052050207,1.7865811753520127,2.2769754624189322,429.30307770693014,1.0566417341465133,0.006142012237092193
64325,-9.10268800365668,-5.300939918090828,3.5245568350761975,1.9782801536939805,396.5818996795424,1.004014509917675,0.006142510069982072
64326,-3.994774016148517,-7.754489768431184,0.9743881583952304,1.2810385141035296,310.9138291379926,0.5668059379076924,0.006143542687257943
64327,-6.187856176022865,-6.361398201146471,3.7905252232482587,1.1015750022283175,224.38344031032085,0.25810871138970715,0.006146001328828627
64328,-2.6733073396842926,-9.317922022852308,5.158602219352614,1.2334395803862153,296.9450844929699,0.6139375990497955,0.006147438740463656
64329,-3.27437377386609,-8.837323135835378,5.005129748134345,1.586761938963368,350.20180195224475,1.1665744303849186,0.0061481047459121755
64330,-2.4016579448879156,-11.448464866977723,2.923796982688775,1.292829610130683,313.9405627596709,0.8837349124776104,0.0061497347528476675
64331,-5.323756555819566,-9.348611738804951,4.526133683511812,1.0923323719197144,467.95093451985036,0.3035824969689669,0.006150046774153668
64332,-3.765669756997081,-12.633570904713247,2.8003252165105765,1.8101040480308768,467.59788009057365,0.6818528505375925,0.0061520714079743785
64333,-3.828535573853168,-10.09796536134472,3.7758116766826695,0.9782437443004124,373.6151738373437,0.37829809176311446,0.006152095260665517
64334,-5.853105226565548,-7.2905011546450105,1.1808170982862936,1.0242384448936677,275.8124608669603,1.5002682966767882,0.006152952927616775
64335,-3.035709920414299,-12.453866906977796,3.0277219653856573,1.088129986543518,467.495820397112,0.06729048285401884,0.006153234382073158
64336,-4.368090266278806,-7.895621348647923,0.7274499907794406,1.1382560435729296,292.03929001770376,0.9033864680308845,0.00615370186541387
64337,-2.6240643982501872,-8.749166375563508,4.379754708142535,1.8429083361027974,468.41559059453243,0.3959361416382263,0.0061550241697347205
64338,-7.4584316685666305,-9.10978211105936,3.9241212382879507,5.496931523756016,383.7921058283436,0.1529534069796421,0.006155306597017647
64339,-7.168320374985945,-11.687375103307133,2.2614828196729717,11.0426109596298,712.8105293323952,0.15162038364796615,0.006155694302259176
64340,-5.184481125070345,-10.863064566274534,3.359848417597078,1.8521889512810155,468.1194431209515,0.6656812175145825,0.006156425972216739
64341,-3.827595625719919,-7.2742755879651035,4.691287875393978,1.4115309157789884,317.8842366789685,0.031859645308799145,0.006157107518247899
64342,-7.09716254745266,-12.143786134518885,2.2400544921397785,5.5934004105147865,645.6120479903954,0.3269383711214653,0.0061586948018364585
64343,-6.65093941370777,-5.458066096179066,1.8246448372433635,1.8000974694002778,426.56860611332934,0.628843661824595,0.006158788836085329
64344,-9.245918659968664,-6.006627314495004,2.9521578850294077,0.866504136390992,199.13984791467038,0.4257804662307212,0.0061621222665862105
64345,-6.484659234025472,-6.998113673557579,0.7051444073221302,1.8687229614060987,469.072893475457,0.014495599738618026,0.006162193893390211
64346,-6.227692911682746,-6.66025977870209,5.010354441755834,0.7382008740907375,468.4777307682715,0.32108289342878216,0.006162355103940456
64347,-6.307434280869258,-6.338073207371828,2.1742579001434765,1.1966204612553648,467.797059950374,0.18764622762993088,0.006162542188898843
64348,-7.067121512714555,-12.265845816021542,2.268353514271859,1.336872088967017,299.0221353295658,0.0216270358810684,0.006163800328976202
64349,-6.943086020804047,-9.572475362701603,4.01513781562682,1.1998084623532193,246.10246638193883,0.6323034081717962,0.006164293685295421
64350,-4.922812203969553,-7.6710248504033105,0.9973053073179332,1.1355301239126516,296.4986434349919,1.6532575058166339,0.006165070123940188
64351,-4.711453680077642,-11.725587902069087,3.016147282050079,1.0807979489198782,469.36807472316707,0.2183535163271655,0.0061656880485912065
64352,-3.694557057489371,-7.190018310633878,4.268053743610863,0.8610131050286534,202.33268603651285,0.7644243522648084,0.006166077344294758
64353,-4.812062543570556,-12.676195720048089,2.8418924507514625,0.9697395340632543,270.9960317582774,1.6080214418661818,0.006167954592489938
64354,-8.89294094840437,-7.172262376488189,3.671519988644318,1.2653294666950234,284.5206695764732,0.10856157816700751,0.006168515632990028
64355,-6.0813802446811,-7.0405276803120085,1.3876340965095513,2.5860286768485605,465.16916467736564,2.0403411414260715,0.006168682440087921
64356,-7.617764141866108,-8.49906061530995,4.49537844092587,2.5305289024067683,461.02584997627633,2.492631897189142,0.006169839887180217
64357,-2.6942826925829877,-12.363983462869983,3.9561549699587086,2.330782931553405,427.393099907567,0.7537758730741002,0.006170377121680696
64358,-3.069778866595998,-7.2944167730529195,3.296292306680944,1.8780370782655966,467.99457913708954,0.5090952215596483,0.006171881626174668
64359,-5.340824158557859,-9.618231468486709,4.256669804747978,1.8497705484808162,442.16872359595436,0.5024748964149772,0.006173206211556645
64360,-3.921327423899519,-7.3447201495267995,4.968870573047807,1.0399688614031923,270.2634406072618,1.4420555034996188,0.006173436120448414
64361,-9.047953826546355,-7.043593395820303,1.226350111837119,1.738136455892285,409.2436319299938,0.10627732089334341,0.0061742877880980275
64362,-3.9868836661481053,-12.307888281694291,2.8469945816638518,1.1920286501772663,468.1561908259501,0.4813362139402857,0.006174641037828574
64363,-5.382907846263757,-7.011899890516023,2.4560179047930966,1.6957743899297721,398.93490233284166,0.569777386351908,0.0061755220102871124
64364,-3.6965525228104434,-11.200020043479054,3.153213247074098,1.1612249377458927,297.5440077681136,0.9115325322860821,0.006175560514309085
64365,-6.273628375849976,-11.390150450264027,3.161574868429075,0.7011663565175731,145.1700912666083,0.33358059957561004,0.006176846943803147
64366,-4.681673930942846,-9.406399083988497,4.419733951679486,0.703668192485409,175.74884382296298,0.3385138118610893,0.006178171602885103
64367,-9.115823796312426,-7.114656349931594,2.896469740554415,0.8707297453305394,242.06027995731978,0.250963548352507,0.006179757433362028
64368,-2.9722890553993855,-11.660721077264995,3.2922888619805715,0.7085814931321037,135.12982138442104,0.22957515966248465,0.006180061895605024
64369,-5.391634146231274,-9.434174741821822,4.439780373339288,0.7017229588464592,208.82541989960154,0.9190292284941881,0.00618084791108597
64370,-3.676413525657148,-10.748485728444017,3.353812742660301,0.7286287900215075,221.0461844776911,0.786396983578217,0.006181482037454151
64371,-6.455358789941031,-5.838564609186462,3.3954379500796006,0.6133407232680328,156.3526578575833,0.6177335775888873,0.006181975671941884
64372,-7.662294425348575,-8.775191480405852,4.028349787899729,1.1551166539248572,295.2494147711491,1.1152087142672773,0.006182713718513173
64373,-6.56973832478268,-5.556433318277905,3.6806519660364594,1.4349811222840894,330.9483443018027,0.7826216826382923,0.00618611886477691
64374,-3.4933393851621144,-11.641009730031179,2.9936387712006183,1.0856914086714191,467.7892576367976,0.27269983850762003,0.006186359828270382
64375,-6.2541482384390985,-6.522969028380362,4.738892771530471,1.018439790059455,203.17574525716557,1.0046837857437305,0.006187376345133359
64376,-7.068014066417145,-12.387211764511564,2.2117714125438024,1.0619122461290411,213.52431426731323,0.5325949466582953,0.006188766048914787
64377,-5.13028399397659,-11.95917834677581,2.976846732666761,1.6665900553438888,356.8935597371305,0.8596083276593367,0.006189573832632717
64378,-4.701790531045367,-8.843301233306116,5.023531651685541,1.1906181588880316,283.6620872860428,0.6241428113636296,0.006190419412474223
64379,-3.1081783825030165,-12.095323872692473,2.989575711783915,1.1230619787178346,229.31265682353154,0.8430340934864455,0.006191364774322732
64380,-4.444348219992888,-11.166328159236764,3.1869807795244647,1.4946730043633616,356.3707285396744,0.45129728905264255,0.006192604696315715
64381,-6.9330751110462785,-11.441949051494307,2.7774936722871826,1.273181823690795,317.8229211903946,1.4599672847103564,0.006192638571809053
64382,-2.6888371850488877,-12.657369332451156,3.910049312903194,0.9695794572836949,254.13505160897537,1.6214672043484883,0.006192976186797873
64383,-5.623351894893263,-6.860586814514771,2.7017246670071717,2.2121418109012083,424.4116035317402,0.33970084490361874,0.006193848291945966
64384,-6.316110053381709,-6.197435654127691,3.8446052345240926,1.9033983572704025,469.27714316629033,0.62941425797555,0.006194098226209958
64385,-6.677482493991832,-5.741769679140403,1.519115296519359,0.8587967544599832,467.39760408714506,0.6043291894017235,0.006194665341135428
64386,-8.833977573293845,-5.828792300761829,4.275439288379263,0.873240434332096,208.66365231638238,0.9569401716336543,0.00619488020478911
64387,-6.693485823435461,-11.954977402014425,2.837156112370244,1.6650645571259894,175.3672956081093,0.25494799251943956,0.006195367457583721
64388,-3.927320531295085,-7.273706088774726,4.723462843265444,1.1389461234308371,185.51716771323382,0.015153110119740631,0.006197439311132923
64389,-3.854029159870173,-8.274119317343477,0.31231918327327424,1.1062429769644098,467.6250530173456,0.900113183338795,0.006198636917415494
64390,-7.982947703088673,-8.626366110022309,3.5909010570103486,0.8114909437110127,162.092592960486,0.058507501013654206,0.006198748653472476
64391,-8.760310045639379,-5.209054586898128,4.366514047725469,1.9242239087462114,396.1318686392778,1.9455802054408382,0.006199965840821875
64392,-7.0226800288294555,-10.625687813897516,3.08509150110807,0.950488527518233,252.14142663238306,1.0301304372489701,0.006200059273481045
64393,-7.55352831629229,-10.420244530400694,2.1386672946133714,0.7284422897977445,183.34193457665447,0.9855066240070807,0.006200341171949824
64394,-2.9664970931104886,-11.228083160399729,3.4651120400458004,1.9124350318673997,468.10688881095183,0.5864394024000994,0.006201848440774229
64395,-6.537106009231448,-5.496473096815087,2.7289988891760446,1.9912531037635648,397.37748316436034,1.0835048000204726,0.006202007809315667
64396,-2.7651044616180753,-11.11505410552553,3.994151119567114,1.2880503597726576,305.4828345619153,0.30544089209791725,0.006202110610571789
64397,-3.40219651426726,-7.437758586222955,5.154856460200725,1.2031598374946828,468.765637109914,0.26634916289702204,0.006202333448987182
64398,-4.69403235055753,-12.890678787815013,2.8084478131828985,1.3228847153438608,467.94515580220263,0.15566155574129414,0.006203857535200918
64399,-7.159913274390368,-11.90418131783117,2.152800209906584,1.2268479586316725,308.72452091061683,0.38136851448351283,0.006205033508471639
64400,-7.038062834562043,-10.27590746898239,3.3075326013957174,1.9062883939088364,279.7250935260896,0.024021591455872127,0.006206617311812639
64401,-7.695636069906708,-8.19449063215048,0.22116517580705253,1.512892042138107,349.08784572938157,0.6687624061191029,0.0062084704194245634
64402,-6.918990006303023,-12.301252233060374,1.4345473763216887,0.7344577268843665,148.59632311587683,0.336113959715747,0.006209123540021842
64403,-5.119828459268463,-10.893362296709647,3.3413777527280004,0.9931691888643343,213.04708361251724,0.008565709092983376,0.006212180906161841
64404,-3.805299956323781,-11.619344999212245,3.0082387074594554,0.9528961888404249,469.73207695357326,0.003160774290463131,0.0062129442748538625
64405,-3.459945102926442,-7.195452219185372,4.164459567982623,1.883341892278884,466.6639864244154,0.08462713301082303,0.0062132826151051635
64406,-5.122292701808587,-6.994279212852229,3.3240196048177983,5.802956275464585,564.762776565501,0.10020741884945306,0.006214161874777843
64407,-7.478971197944524,-12.227678061974078,0.8510496785662798,1.368926009485053,306.58361722119355,0.23694840941143802,0.0062156021873812275
64408,-4.713417255317141,-8.951444758552425,4.900214796385484,1.8028598675227816,467.63994239113185,0.5583697853711751,0.006216071972593661
64409,-3.890935596643228,-12.405847142948673,2.8252210348592697,1.8154434514907476,435.03853612610055,0.37119463221656,0.006216690625552021
64410,-6.725604954911695,-5.1977156841551615,4.22416515689307,1.7111483026244374,468.37392558241623,0.9361327789737031,0.006217862805401017
64411,-5.249014261424551,-7.028776929735199,2.5787980270560533,3.0601732428860484,495.92928304590055,0.7583339741226007,0.006218277417199548
64412,-5.0029880747940645,-11.851053483342087,2.9917995643900164,1.7697334329954402,346.2689810970999,0.431024638789288,0.00621853903823817
64413,-5.569084639371635,-8.007662023003682,0.3618228305686078,0.8506468521246824,172.34997273593427,1.012170847215394,0.006219354887046073
64414,-2.4505011903536538,-12.456443402543167,3.7155771293588526,1.4492401052762154,320.77118030295964,0.10677640305305403,0.0062199476971453935
64415,-9.195699125513025,-6.348146954789888,3.18317086919774,1.769550740279968,419.3461533801849,0.3844775683690198,0.0062209067925655176
64416,-3.768107539050872,-12.150966179794748,2.8656138859755753,1.6042132328072274,351.69853829282107,1.0872228087694227,0.006222136280257784
64417,-2.3459161987027164,-10.591916760251745,0.740398202333311,1.741796360861811,468.1938554966102,0.10955066938974234,0.006222882857674438
64418,-6.652033691300304,-7.3732711368451,0.211070217285351,1.831387940415623,468.7452859533407,0.6088277328137668,0.006222885324854816
64419,-3.753497186418003,-8.868594595179536,4.95636698492776,0.8385857024010953,469.4210343765485,0.00535745933395404,0.006224054485828812
64420,-3.385217926993649,-10.334350133383747,3.6008792412020454,1.676510574555819,360.8068455478457,0.7901332281008466,0.0062244942580648695
64421,-5.342026580016242,-7.374141620589284,1.4804959976073269,4.818197451944746,527.3215404962914,0.09983605460854417,0.006224895945232234
64422,-4.757924068126654,-11.765041548231896,3.0029229188272915,2.1407206328331387,412.8434147274501,1.0268661373103063,0.006224907499181962
64423,-4.26948460880256,-9.638033061948674,4.177305306425354,0.9799483436355761,269.30295011406406,0.838923825287984,0.006225204745815405
64424,-2.5947933327882344,-8.71462172138101,3.806449823985498,0.9598337296087969,129.83796344843122,0.31086489805660467,0.006225490483951613
64425,-5.156931836305852,-7.0495215735532915,2.6018461333608043,1.5507103720567954,468.30678316457517,0.6224632309084708,0.006226152750081089
64426,-8.501918010849309,-7.016053080312261,4.712784808311367,1.0129252624444098,273.8446483515159,1.8330942732345443,0.006227998397363254
64427,-7.152946414638202,-11.597908047216666,1.4046878158733738,1.0961887464930538,468.117146893071,0.7403280258939935,0.00622861067294428
64428,-2.907512040598162,-9.494291153637993,4.769839752738458,1.0335648653762963,221.98667925106884,0.033423853142092064,0.006231195091679807
64429,-4.919150761709529,-10.065155093366506,3.837237472671266,0.9899538248814268,195.93742882240028,0.5535881960378211,0.00623128326655512
64430,-7.200436322215208,-11.715061742378635,2.115067431825535,3.168533890945807,505.71420541433946,0.7677662792993747,0.006231298590210961
64431,-4.157705446632769,-12.761538475767827,2.7838411548423045,5.628821853302918,455.5329436293533,0.054376441285386434,0.006231807238174052
64432,-8.816822146666205,-5.046139974401529,4.233274345316793,1.1396427694390783,289.15282243548097,1.2155696089353434,0.006231960566796705
64433,-5.576094906924,-7.673107723640699,0.7396302742631983,0.7746186843386642,469.2844486535182,0.20694386029520384,0.006232714596530463
64434,-5.692231097918575,-6.761457388406957,3.31809935605389,1.9862187483355889,349.651093548855,0.22004478869387611,0.006232833820630463
64435,-7.640922698216645,-8.927918649806273,3.8474645700023857,1.4627313908034427,334.67658466552564,0.27228366516396907,0.006234939323962186
64436,-4.008575540239927,-12.94768385660366,2.7498222220828183,2.08185683442139,399.44626689378146,0.5726882015408448,0.006235241776571947
64437,-5.616179608046619,-12.361577914137907,2.9335424972792428,1.7023316387058491,400.4744010105107,0.2148687220290899,0.006235444209128224
64438,-6.458829648187912,-9.75787546918307,4.088753453776332,3.656370644532519,546.4821627518548,1.0583701829201404,0.00623625784630881
64439,-6.0878862981402735,-9.124228037018511,4.795961976346851,1.0110066518838738,270.96871069846935,1.26045201875945,0.006236344578606958
64440,-5.019289052978445,-9.54666955137434,4.297385007028795,3.3451125775943753,274.39776905275954,0.4719643085271583,0.006236650155616108
64441,-4.13951589546045,-7.508211556581334,1.6061668463518826,1.534968517603678,363.030010462076,0.36666358368008023,0.0062371287591933946
64442,-5.5549882746691255,-7.933723690071632,0.4414391525577525,2.4565361384366233,450.63581931979746,1.5377475032867691,0.006238048175609046
64443,-4.719596605573165,-7.213922023588446,2.2764863055139646,1.8653627471608265,467.3971430598184,0.2517542089736411,0.006240701269457228
64444,-9.26975008180451,-6.13262438397846,2.690556674142457,1.7749145336658976,469.92548628514555,0.06460427217723463,0.006243452209644848
64445,-6.7743593157343,-5.899123883425201,5.066628210672278,1.225759967492277,307.21862798256257,0.9141233316899333,0.006243903370892687
64446,-3.6299555483592014,-12.46069314013457,2.809288816748992,1.7242892975471056,468.0636294321285,0.7102711211986668,0.006244143996460038
64447,-7.617257436482356,-10.424685203540527,0.3852544285661922,0.8264967288596988,150.85049122618798,0.09824405538856862,0.006244192031119248
64448,-4.598160387180336,-8.58200492698047,0.032800041178999324,1.8390457674302858,438.61166262228437,0.5827837197825971,0.006244239078781597
64449,-6.560683466308394,-5.543762676152856,2.4700439379823127,1.2785642642068382,285.844988832561,0.6599654101127257,0.006244794740242391
64450,-6.4398859581732575,-9.668207123289358,4.177017773147909,0.7315637973209211,166.12749634775878,0.22327291954194184,0.006245254183217664
64451,-3.3765641150456958,-11.696467495525708,2.976439773400419,0.9607901621889521,467.36408697710266,0.07798034401882514,0.006245700159618685
64452,-2.999342677768885,-7.403847728268358,3.7015757330019037,1.4288803698904964,468.0093807988588,0.19576869278247155,0.006247224417171173
64453,-3.0627168655898016,-7.529607178641942,1.7179017916182044,0.7534442020732826,153.15528830566214,0.25359247495768944,0.006247532912788871
64454,-6.5216852510817365,-10.74511482154983,3.3693553535406897,0.7909954914693517,192.58989318279998,0.7395746269996328,0.006247851217317537
64455,-5.333088469985895,-9.96509103461082,3.9431201689968756,0.884368896427287,252.23588475207106,1.2766617525277875,0.006248598209507111
64456,-4.0535577004931165,-11.3713645642662,3.0913504681057007,1.2802788684651507,316.403158846452,0.9304646989716945,0.006248647460334809
64457,-7.556233172670115,-10.244681567713169,2.3561240882361703,2.759680747302927,470.96330843994104,0.827108661291688,0.006249064081948852
64458,-2.243640556784589,-11.98201428925168,1.1433189438116689,4.615959222368608,588.1290293392494,0.28903274139480395,0.0062506265205858145
64459,-3.8299854207686046,-7.359878210749942,2.0680025703447016,1.6558242988532954,389.2646633494853,0.5695077915107625,0.006254124497360552
64460,-7.427262202446816,-8.061792965216886,0.12279812682331243,1.1662865224214682,468.0032694211287,0.4623970173860492,0.006254342792200985
64461,-4.808182728274234,-12.744188913899455,2.8129991472354177,1.394686922958269,306.3673329808741,0.14020241967304958,0.006254505722102531
64462,-7.771021809796148,-10.376537023605152,0.5561205086582063,1.811965263612518,437.9917928987736,0.384061735789218,0.006254536675218427
64463,-5.463558495452409,-6.868049477245717,3.3005529059040777,1.765225949295887,468.06578624640184,0.31415829354119484,0.006254587818347236
64464,-5.776487036359727,-9.206642729409463,4.700721681521945,0.9230149318236421,195.90101646263346,0.19299914027578602,0.006255102092025806
64465,-9.144553800733643,-6.827509319328505,1.7660669519756682,0.7172588116588436,467.811262257292,0.441501955020283,0.006258341241389106
64466,-3.7536830685536007,-8.513119462801278,0.09935456743503786,1.3201261038126972,310.28970996900586,1.2603842180947593,0.006258382500585711
64467,-5.779779032267459,-6.836082707352439,4.534470297659022,1.190315151626166,234.5038831404923,0.11802584570830721,0.006259101781482751
64468,-3.1979803663719144,-12.070690238439003,2.9347851415007913,0.8937532132030389,318.39194855293215,0.9458794956956664,0.006260929901959277
64469,-3.915634424603711,-8.016386659918865,0.6046988226907701,1.6384581535504166,158.74172285305585,0.304201238049977,0.006261549059016198
64470,-6.9114682462830945,-11.529371994586171,2.7638422453483744,1.124916478031296,292.6797355929949,1.0368485348201313,0.006262489320822319
64471,-2.895313745707231,-10.337548468480868,4.075623748467855,1.1316069540904656,467.57739421042226,0.5557389508751687,0.006263140408144376
64472,-5.843204095950343,-7.278350963346016,1.2372135729213405,1.4190599523043612,467.9065275268493,0.4713031795753304,0.006263182299886164
64473,-7.133302798162687,-10.032076887513504,3.3876210901820922,1.780885241647916,424.4216554965306,0.9110399007715353,0.006266752812883776
64474,-5.727400729952972,-12.618611081752093,2.8948769210187697,0.8035554072180187,222.402763960217,0.2149660507384139,0.006266985695832047
64475,-3.9974058757943585,-7.144693132609811,3.2328920356075104,0.7658731291938649,154.27438707106916,0.4988952801779991,0.006267523674095282
64476,-7.936633652874782,-7.990328549096704,4.664684300305169,0.8025789963839225,237.88648460248436,1.548772095720195,0.006267666776476615
64477,-5.697882116116885,-7.677222183739614,0.681367967260163,1.1333360038760318,292.85713252687543,1.6838124334556301,0.006267744159892191
64478,-7.385885727472114,-9.176392225196263,3.9432905154306983,1.4759126036438952,219.8588576554163,0.10555175577385878,0.006267899786916779
64479,-9.255930359598082,-5.187032981058777,2.040679441912764,1.5162923521209453,355.3012318534314,0.826152963512861,0.0062688501586933235
64480,-3.4242180157593634,-7.5161835824445635,1.678060699075262,1.1408162976066252,293.03209837410736,1.5983896209483515,0.006270133488593435
64481,-8.231689237290082,-7.566692961423445,4.683231392283649,0.8188484731485924,217.46215719008265,0.10181576888142896,0.0062705266005797485
64482,-3.3737683748341993,-10.342169098374232,3.584428313146666,1.3705994970060336,303.73623659688644,0.09191442993799281,0.006271587362161288
64483,-6.637946616688506,-12.222066681794193,2.8084024257429876,1.5747922760782853,367.3468873830263,0.675849712672913,0.006271599922933163
64484,-7.453020198844431,-12.759328932594656,0.558317740039592,3.7710984417801994,521.1217974728008,0.2337516541874045,0.006271951162405631
64485,-2.998143423896402,-7.921077215578648,0.8153960005457009,1.8660845698530457,468.01420115098375,0.5739761389198756,0.00627436077619144
64486,-5.038728214928532,-9.859460607745484,4.012159631818485,1.763270070857318,417.89192825945815,0.42786812879273484,0.006277249010527849
64487,-6.666344764907549,-7.487667719950377,0.12167963301268021,0.9728127920334418,271.3739352623571,1.5042182199129028,0.0062775207966020985
64488,-4.900408728786526,-7.126373631113347,4.508746859277342,1.3156611621687848,461.0136348606855,0.05854984096739013,0.006277607286256039
64489,-3.2996071721351203,-8.643292090930046,5.186497472941595,1.7692603838943364,417.8344922422255,0.06601285413056868,0.006278370025613631
64490,-4.866673167932337,-12.135829689049903,2.912099853072904,1.3946164627688542,326.4989998212011,0.2771344472811874,0.006278664873520537
64491,-5.008373072995156,-7.005924813720538,3.4042746812088907,0.5018860322341159,121.27730781770438,0.6713652174838609,0.00627960898247408
64492,-5.452325908742597,-12.73038024098604,2.864997315291076,1.805045031695309,468.1482931097666,0.2622978498860489,0.006280085887489798
64493,-7.353327217578237,-11.766611705548108,0.3313298383999191,0.7573526038617978,139.13095323058366,0.29979359763899804,0.006280814967975773
64494,-3.3929906817854905,-12.646802597981576,2.766279079159529,1.0660221524826456,276.50189202232593,1.7900745032931615,0.006281952217865101
64495,-4.392331824168425,-7.116970184047047,3.9021445822313208,0.810457318099702,227.1216348676306,1.1046188985559686,0.006282453476965489
64496,-6.465771670719617,-12.978808864815269,2.784635397264635,0.9657007100723389,467.8932927035059,0.4680861275160586,0.006282631407948816
64497,-2.7763919108680195,-10.530455942379799,4.269339800864511,1.4431548860579821,470.42466259604055,0.01814459822355552,0.0062836158535829745
64498,-6.510553600758966,-6.222672026591879,4.78249531081392,0.9506736342455303,466.37296157600827,0.5812091022204235,0.006284010148879952
64499,-6.138818543330275,-6.453685144808347,3.9464679610700313,0.9700009620744152,466.97804535515587,0.06400395650181867,0.006284176191128479
64500,-5.800806588005416,-7.322075556619314,1.1270346554877086,3.0185074189981,227.12352111424252,0.2640839073437604,0.006284685116729113
64501,-5.44554323953764,-10.573073649603284,3.524595434657403,0.918735527623605,249.27667768545243,0.8704414637204714,0.006284742262032021
64502,-3.464934315319929,-12.94646165531216,2.742205625637541,1.106526732023622,466.2315240734456,0.6915480703278822,0.006286363108065594
64503,-4.234266104627543,-9.713878105133157,4.101619119480158,0.6868167978925155,138.6236791079551,0.8654011811437696,0.00628645499027237
64504,-6.859193904915601,-5.25954407026506,4.7095928144349015,1.2480167754904707,468.48752005004997,0.530072576312068,0.0062865153938786705
64505,-6.146030214804616,-12.155673185497411,2.9640397830476544,1.381931174349474,331.6157545004129,0.2504391853840957,0.006286579271294033
64506,-6.66071028264585,-5.037807068398623,2.2588721339271514,0.6265287862888006,184.1984333127027,0.7387495765189778,0.006288083062059262
64507,-3.003737842465025,-9.75483255742338,4.310935948486968,1.125141445810883,292.0933238769525,0.629575460628133,0.006288826209152188
64508,-3.048783634156572,-7.421662300299936,2.1573706933188563,1.8615828878792693,467.4781243842813,0.43841080230439733,0.0062894746304472315
64509,-6.184922284027816,-7.74941312905851,0.3353939526218204,1.33373449289768,288.75139540796613,1.023343873356997,0.006291434898703241
64510,-7.3631628717263204,-12.939674418444614,0.37702835984408073,0.8915236804412721,229.22346871270665,1.1566309210471264,0.006291436913409934
64511,-6.063147585771939,-7.89535730417948,0.2725134173063861,2.288361961561896,422.133313992041,0.6826403252918203,0.006292432811505706
64512,-4.956451855710159,-9.703799085172431,4.1389603099380965,1.7907796489934855,425.8949847289289,0.22091291123767665,0.006293132792871164
64513,-6.296247317053797,-10.427419733372997,3.606007570328595,0.9828976786952996,467.66166627827306,0.33262253159301647,0.006293548891507292
64514,-5.180737720806695,-7.127932811072114,2.255946443583159,0.9608017076329107,189.72864821557033,0.12903554397945083,0.006293924885131039
64515,-4.871449768185004,-12.729262215883612,2.811017598005764,1.032521413735587,467.9270072859803,0.49099274387294845,0.0062939257268003765
64516,-4.27273967289291,-8.872683417523163,4.963010914994884,0.6775642070254487,201.0238016853561,1.1120289009227555,0.006294974257220213
64517,-4.5277408330415145,-10.741679698466049,3.370699853310699,1.4531073202864673,332.65428244707164,0.1397138303425729,0.006295062052270069
64518,-6.067184251822413,-6.652284478576693,2.264043640218929,1.0911502962407569,467.05604792154526,0.7973085012880086,0.006295440208353725
64519,-6.356362272633617,-6.1785913970135145,3.941697399751788,0.8958799217942468,467.292186935758,0.616537785052663,0.006295469712430048
64520,-8.68935947097355,-5.239749732277201,4.516118546860322,1.6701686372231523,417.6559723377725,0.23276641821239874,0.006295785970392352
64521,-7.410973917252521,-10.524797245791397,2.463212026319564,0.9220188134458343,397.9984701856865,0.5110286159108801,0.006295805291359126
64522,-3.1378031222717766,-7.2420248351229155,3.6013247269705544,0.49445390219557545,141.02442097131066,0.9063074030277702,0.006297547619861132
64523,-8.918703561814404,-7.592152268255978,2.8024864770129465,1.5361954007822274,350.139941892125,0.38505589983088573,0.006298085987539196
64524,-3.4258111035475896,-9.040916106481738,4.758393935038435,1.6205242416514867,379.0500802893228,0.3221855312506703,0.006298233913804072
64525,-7.019419274361194,-12.023225616268364,1.5806773202908364,0.6650287548067579,141.17581956390234,0.9240820558550853,0.006298427778183854
64526,-6.595421076864293,-6.984651957431134,0.5691803397131927,0.7571987468598715,435.7284739568385,0.27024999517119586,0.006298577396296242
64527,-5.397345336255157,-11.172526982652748,3.227818175341757,2.6289550393322836,469.81751721798247,2.3467927362927634,0.006298690253207227
64528,-7.019877331297322,-12.14326662014282,2.38846011563195,0.9788790222707086,144.46908103532894,0.22832844341303815,0.006299307662009584
64529,-6.795967776129214,-11.278215725132641,2.963053576939115,2.2830397516537175,435.7200513195909,1.9202375888288925,0.006301989194418129
64530,-5.161662466590229,-12.642094813167548,2.849029841453441,0.719041677664893,170.56586666876558,0.07255474117062821,0.006302287651976928
64531,-4.2771341403865435,-7.193768736652418,4.398843269534484,3.4391595530276993,531.3827440530907,1.1569175793411324,0.006302360661297155
64532,-4.823371815832022,-12.664433714066298,2.815334266875192,1.0510469828819493,282.46414205356126,0.8441324690531475,0.0063024458848409135
64533,-7.4031341273241225,-10.74943446551289,2.2660736717972134,1.6527983519292146,362.5573138013726,0.6563220435651642,0.006302876353889699
64534,-5.084057499784803,-7.598190871887234,1.060427938197161,1.5967325668023296,371.85331142785526,0.3933769404162879,0.006302902658587542
64535,-5.65143433829739,-6.784413973351118,3.4426802112962656,1.020172520032725,266.31373525144426,1.0855722676885273,0.00630317700434877
64536,-6.345647189917191,-7.266400243629,0.674593738773332,0.5702196542072341,142.3780679737014,0.5949005572868868,0.0063034343369281496
64537,-9.271542850119685,-6.005435383360799,2.1698322961695617,0.7879785749131955,215.64937453495872,1.371742201798627,0.006303763018604801
64538,-4.763627740148704,-7.370780031656571,1.8617748705627786,1.2974670828960773,283.8830537521588,0.28075482336589364,0.006304224398713823
64539,-4.536938776218845,-11.804334944828735,2.9661155826680736,1.2758839464169651,267.97762873656535,0.7993455146683255,0.006305880529779189
64540,-7.1888792783411395,-9.49796727389545,0.14913502423604766,1.1560777358635257,251.87721743624834,0.4142731834346014,0.0063073234558399405
64541,-9.210526044210868,-6.452181138676301,3.0486143591808617,1.3222646861687244,324.4724599568847,0.4423659352654363,0.006307985551835898
64542,-7.5316412914106765,-10.672644399007446,1.3399337906808269,1.8681624069650067,453.51533022710436,0.5616258024345973,0.006308219474429549
64543,-6.720599001630658,-5.368155883188127,1.6369406647121378,1.108066093457747,467.8079325883984,0.29336008683309434,0.00630964422161848
64544,-6.6668637373359,-6.78395278020342,0.6067721700656655,2.084293576474397,411.5485598555634,1.3350555646328344,0.00630965946000548
64545,-6.447013916631212,-6.161596015289906,4.4165349146548305,1.0201590799950009,214.45241133422462,0.04380392703103109,0.006309784114890654
64546,-7.394070840664074,-12.591769727334817,0.9260190221332976,0.8980904483682701,301.23156483844144,0.3670813031896305,0.006312481298555588
64547,-5.059759101017441,-12.644359482743996,2.841430158865624,0.9452504633026221,202.17162380498132,0.007009926131062549,0.006314405047122081
64548,-7.935641739918821,-9.587909104325323,1.998956412058273,0.8889821950231078,467.5434547120686,0.8938720621016545,0.006315204465832179
64549,-8.421244168187389,-5.2831622244427665,0.2777087351822599,1.1484209186972199,295.4093567695078,1.4143204697542444,0.006315950136293488
64550,-6.866501710332288,-12.854180268514403,1.6500642426154009,2.0249141152131265,405.59110141655907,1.5901671792396277,0.006316248621299087
64551,-3.7914377346950054,-8.933381175337782,4.873025031861697,0.899401458655371,176.71226338566916,0.45642348349738615,0.006317218757885244
64552,-6.769556303770356,-5.293178696129662,4.456523502934212,0.764844266376877,171.37125779624523,0.20981037148353376,0.006318441205599075
64553,-6.063839128130875,-6.54869960035426,4.093919330452753,3.0964197248116765,508.0742902725761,1.7509958350795056,0.00631899906121083
64554,-4.053808422676464,-7.231956329610458,4.538652991084577,1.0158359338354954,263.2800617057124,0.1621414550818967,0.006319877982382279
64555,-4.927170794124864,-12.245032132216899,2.8908864222620134,1.1312808346432073,417.8659800281054,0.11328428354519904,0.006320102022411543
64556,-3.473099612983769,-11.250666833292833,3.1159470377171776,1.099009250420843,380.5861235799804,0.9456823418770046,0.006321008193405998
64557,-4.4152945674485125,-7.134400053985907,3.0019381078129075,6.458602162997973,442.6428801217196,0.1045281928009727,0.006321770222403149
64558,-6.326407120260452,-10.457386627912076,3.5773746569742455,1.7715656615236255,467.21971531523025,0.42194556164025254,0.006322098576515026
64559,-7.233223792165113,-8.952210137228299,4.416941459070884,1.0068300098206633,137.4025567370314,0.37068105328754264,0.0063257484288669836
64560,-4.98521849100324,-11.950538048787875,2.9594738471612385,0.8418321306441602,169.35548574254722,0.945153047838768,0.0063261969409555835
64561,-6.337023057232667,-12.85400443194233,2.8296283063765864,2.846173581522584,487.9840134361378,1.9363631463643154,0.006327209401651407
64562,-8.450545702449055,-7.0321398001771165,4.793050094608431,1.8452065516622527,468.32105679007526,0.18583456758975458,0.006327260306975214
64563,-3.699101710063366,-7.320514734712817,2.2410468853432004,1.1164189637395836,236.17463220701288,0.22636445286611817,0.006328041703559766
64564,-7.107896776005636,-5.538575942818573,0.06264241448994073,1.7878797089242155,423.61459664373734,0.10037429414413435,0.006328431482636456
64565,-4.662868209327954,-7.270086258643254,2.179754634380497,0.9164436904428171,467.6078195667558,0.650027413879859,0.006328543031739233
64566,-4.092796106110457,-11.461823990862499,3.0521036589450024,0.9734298339390044,150.19321662038288,0.29154994078110885,0.006329157364628973
64567,-3.0175342492270865,-7.400501690657782,2.5651889840445117,1.4417979135463308,325.37308835078176,0.48351158011262196,0.006329248383315853
64568,-2.5819554378402625,-9.86742129489164,4.793382352227915,0.7479297619940481,199.8690503732993,0.4372719925902091,0.006329754555467971
64569,-6.531251341638162,-6.172026449597209,4.744968825677855,0.8652728828703167,249.7394376798651,1.4019319796051368,0.006329885792667882
64570,-6.618058957734502,-12.526668909689395,2.7601760212987907,1.8496937884492322,442.8348322496482,0.36320400509933837,0.006330896460556525
64571,-6.930021436235215,-12.924909488785003,1.2856932912597103,1.5936603275134493,468.0274717075068,0.8963096521544038,0.0063329587284389555
64572,-5.653704601948846,-11.894846565970045,3.0136362726313752,0.8368606137211206,468.38977720596705,0.5333954260359368,0.00633299816176155
64573,-6.169224131177122,-11.08620578067793,3.2718796535571224,1.0578648348049677,468.16213138837713,0.7715527665931363,0.0063349841215021825
64574,-6.125664940251734,-11.81019407608919,3.0367746956154495,1.708622242066854,403.2082262582225,0.15742271500725113,0.006336174329124902
64575,-7.295047654672846,-10.221162609939457,2.9791071558287174,1.0056720747355579,227.8640527635601,0.10328906602978005,0.006336228660125683
64576,-2.7892324335444947,-7.76168703125438,1.7898558229899515,0.6357823267850075,197.1743284354704,1.3149063240692493,0.006336396581033169
64577,-6.029145419614611,-11.226880447137397,3.2246485528408333,0.8420228798706881,457.8139460709066,0.4152600540325846,0.006336747014749956
64578,-4.895330066030988,-10.491518037836087,3.5335939823628837,1.0006109908762462,267.76896614009917,1.031849329715751,0.0063383176297922
64579,-3.1578147512571553,-7.237692291285916,2.9529495094164084,1.2994428281789823,295.6699998610377,0.3974907203605591,0.006338934912947068
64580,-9.045842426082666,-7.07410666248897,3.264093743878451,1.7807077499075494,467.75173073687273,0.23876200966554606,0.006339183760827543
64581,-5.676353697785272,-6.984005849388284,2.1280933691798487,1.037697227656058,204.55258361483632,0.5345715158039228,0.006339209973574982
64582,-5.844910995811891,-6.756761252921833,2.5842142573136893,0.6729800462623668,187.38482828487744,1.0441663156750787,0.006340624123834458
64583,-3.6340192670797977,-7.52340385216866,1.6303419258306606,1.0473455291957843,468.022336998132,0.027614989361126163,0.006340730940849086
64584,-4.550437503078947,-10.427040960008622,3.556388965760115,1.5872641461879176,349.254102506816,1.0937234062675696,0.006340905023307092
64585,-6.364204791417652,-6.053385988852563,3.321035945907037,3.051204112028455,481.7871257848637,0.2088157176297587,0.006341208442367494
64586,-8.33894467077182,-5.298739298692689,5.122614451389321,0.8869300781016652,468.15553361466124,0.5726068616067606,0.006341571910065876
64587,-5.245359234864456,-8.039716370353462,0.43173236793459796,2.635859368966086,470.2553608115437,2.2737125528963054,0.006342015495581361
64588,-9.238967254986576,-5.993159063052684,2.9412416791840537,1.9017182867018725,468.67416416566294,0.45915070082536946,0.0063421327417312046
64589,-2.769403644524825,-9.671751760945927,4.898410193265938,7.4295061111581155,723.341836409522,0.3912517799437074,0.006343397915402915
64590,-2.9458712332396564,-9.034603054949375,5.148588560560404,1.5236033132587863,357.38042391561834,0.4855614155263579,0.0063442122769672505
64591,-4.5921651023971535,-12.648211085519602,2.7976976676079386,1.193722270198343,468.55488542990616,0.6148869733408366,0.00634443537854616
64592,-8.118985243959738,-9.00457541477238,2.4859185657438605,0.9435308450435771,266.22241967516726,1.6107410964267128,0.006345902184773507
64593,-2.8113900099887887,-11.569121895086719,3.696601443706134,0.8896169390169302,224.76986756600022,1.3653454258713493,0.006347727248130649
64594,-4.475098258636594,-12.51477201637064,2.8092019710099616,0.8721619238566028,467.53528193950245,0.9305430942552837,0.006348044581296859
64595,-3.99546929191175,-9.910942230816229,3.9162926929148565,1.0650049803374548,263.28948639556177,0.5053671053999134,0.0063496193520924315
64596,-7.534464970270118,-9.463108051057262,3.3331550424628147,0.9738205218245799,468.15614520196647,0.6122743619642632,0.006351653339059405
64597,-3.528577323791847,-7.26724889519213,2.44098973137323,1.7760331857983702,467.9099870350891,0.0377571516828068,0.006352093240684218
64598,-3.9139088115611784,-7.358522096963208,2.050883065431744,0.9645654176793148,199.76738453919197,0.03035466833911915,0.0063521629874493685
64599,-3.512284770283115,-10.51653117863331,3.4687097430968716,1.193520779432739,468.47857324616973,0.24372540181519664,0.006353302828918225
64600,-2.6208521740938444,-10.090723587287782,4.796543994828234,1.170895762853928,292.02376737023155,0.43073209147513225,0.006353491389046599
64601,-2.451290990350542,-9.40013261717839,2.412973389395152,0.9583320728537238,154.11534511133846,0.40557529243008794,0.0063536892593096
64602,-4.004334392159566,-7.22155982971316,2.5875328618949993,0.9602697635307383,253.95945678437835,1.2645743763435213,0.0063563143491897605
64603,-6.269689135782961,-6.531822097722606,1.9526175164756905,1.8065930408697366,432.36249098731,0.9180215403233207,0.006356804978369021
64604,-6.7371315654324935,-5.029728141881956,1.6880571644672657,1.0316861372394899,182.88518816623218,0.14805294745191944,0.00635842120558793
64605,-5.298807622253253,-10.518009826887436,3.5402172053636525,1.0219877151838628,166.70153461496955,0.17313355836730704,0.006359404071956347
64606,-7.116911865127519,-11.680716378830189,1.3831726798672361,1.9040948353512948,468.46267989849406,0.42522603787610436,0.0063598905383976416
64607,-6.626171733958652,-5.619721129275683,1.8761429491172898,1.7299638362824843,405.5573054281589,0.06535014558951335,0.006360933269923778
64608,-6.378571867303596,-7.488311109227166,0.4219651051920077,1.0628652469004167,274.89367092879615,1.6620818848989023,0.0063617700574528195
64609,-5.38357326634964,-8.779010112014834,5.137146565708341,1.3653859704863294,468.5557654264472,0.35032351236232895,0.006362222826087205
64610,-7.353759501762094,-11.14450991947848,1.9757517264977016,3.436049349693213,531.0533646532855,1.1100796908442279,0.006362242508722021
64611,-8.628257535303298,-6.725012350752063,4.6159624078849,1.3326881137125344,468.78837538365985,0.4936016741522158,0.006363867563698245
64612,-4.36383553027833,-12.489981045075375,2.805975964855509,1.7884190360779841,467.96257703440205,0.27374834726345565,0.006363900288421665
64613,-3.0923532634754434,-9.652359384720084,4.289604867490843,0.7950659049136412,194.59366502227087,1.250976326914028,0.006364026397223072
64614,-5.632641302066196,-10.896572945701845,3.3547671475817165,1.75422328659335,467.32369414357674,0.586059352871855,0.006364308527524361
64615,-4.553174396026622,-7.857083345865761,0.7768667734483898,1.3419908821670814,309.5425345009123,0.7503500716413836,0.006364456317694916
64616,-3.090085151092545,-11.18363483343181,3.2780297224668695,1.8252946965682086,433.8211164071231,0.5014883922008364,0.006365266413142483
64617,-5.822703744319654,-6.712754777449217,3.945234107239212,1.154530861751522,468.4947765666743,0.6145320356805142,0.006365458516819094
64618,-6.662279280362125,-11.152179767438042,3.098900569755959,1.8593307164748762,387.76319746959894,1.7974745359004904,0.006365580650815823
64619,-4.9102990241645115,-10.5371565496012,3.5066851684473783,1.0802242337376773,284.86875354215096,1.4103058807524578,0.006367165514304714
64620,-4.8895145503028505,-8.143721316316064,0.37799257114169127,2.549045610556627,462.57115923024213,2.352329640566878,0.006367525694920625
64621,-4.948551796800454,-9.240800301425272,4.5953215054785455,1.905711667893129,468.01648110457506,0.43107334823787014,0.006368323931724671
64622,-8.824401100094175,-5.214000769918925,4.212760600490459,1.082456163726368,256.8837111156669,0.4301864138760143,0.006368371741146068
64623,-3.622547494942526,-7.224720472634501,4.393842046604894,0.963209027404924,269.6533524260408,1.8517326211307763,0.00636842220949388
64624,-7.042083805238644,-10.24010778291612,3.315966540389469,1.5430586589384996,316.74717698978304,0.5173901210090959,0.006368790090596155
64625,-2.73731973144847,-8.249951265614683,4.5912125532221655,0.9640458288522951,467.64380260559545,0.6624093030527023,0.006369199723514325
64626,-4.314752262256364,-8.358345249149135,0.2237958988034829,1.2013674787434518,305.76068519840607,0.5186348705371726,0.006370094451066919
64627,-9.245173119300201,-6.375486743040865,2.062746987700553,1.7611907832695803,416.4382451033823,0.4434672369184183,0.006370156682763565
64628,-6.000545698706103,-6.648670201018002,2.6115482609932807,0.8349963328996953,189.95513647537405,0.43503406066125905,0.006370687964388731
64629,-6.650480890775638,-6.953970070853874,0.5103626687072741,0.7694526189629753,468.2455832410297,0.3336161411094878,0.006371136926443425
64630,-3.3585043679499114,-8.599712477757514,0.06508190289008375,0.6332446865360359,134.61291550807374,0.038685806415965196,0.0063711903168841896
64631,-5.191049594590761,-8.905540947469309,4.980871635941696,1.3065309787749269,307.7140444982718,0.43267023109450253,0.006371319077880526
64632,-6.82187505668299,-12.518903341339467,1.4941528988650872,1.0600425909088178,273.9395092482161,0.8997389655321735,0.0063713920092719695
64633,-6.019535616170024,-11.353369780641447,3.1746442330081934,0.9903416517915772,274.5573497981076,1.5752517335375336,0.0063714610127288875
64634,-5.2548146117805565,-6.95483686882661,3.461308750174465,1.3123992678860554,285.44970444612153,0.04926976735411426,0.006371551170797602
64635,-6.023529272295334,-10.06240372572465,3.879802656448794,0.6372090198101587,128.09864479608385,0.13561757583912915,0.006371759377610879
64636,-6.248073734910906,-6.475204961121902,2.148947097190769,1.58226039370699,374.5440917247403,0.5708668713035712,0.006373538929991795
64637,-9.101413394172782,-6.544715825037038,1.4789543177035849,1.7650676516216464,419.2555063577109,0.40097354155418863,0.006376189524397205
64638,-5.075956215271619,-8.773416057761661,5.107292357345588,0.844892379485806,467.2102933360518,0.19357826909716103,0.006377644125085216
64639,-8.334436527234526,-7.040602739351143,4.996017752153195,1.6347557132791735,352.8140025991528,1.1203701277061189,0.0063778742242043135
64640,-4.671675532131787,-12.643844415566987,2.7994284675082937,1.8073177842814987,433.7002291546253,0.7024468657938225,0.006378249984706442
64641,-3.9411444435673353,-7.784182549401073,0.947957545355987,3.969821424805064,533.1985264019835,0.1821979971396539,0.006378259141251205
64642,-3.216601815540516,-9.489713340422249,4.330476619548827,1.0995141484466255,467.79739034486545,0.9161657292089691,0.0063809558759088504
64643,-6.929349786785057,-5.973298679461411,0.4093898417045356,0.9214119208825956,213.95847159946246,0.048229606346038345,0.006381379884510373
64644,-8.343231770523737,-5.036266816623204,5.086320350886774,0.8197038192408765,225.05496223402022,0.9088894362507931,0.006382364787397054
64645,-4.084859908951056,-8.597842212465864,0.053020561756448065,0.5951794877422281,185.15251188708416,1.1943390827713678,0.006385984306829318
64646,-4.580205127435417,-7.141177133321719,4.219315925742182,0.8007511261873799,165.9145239974489,0.6512499929573403,0.006387282429575906
64647,-6.37437826887104,-6.7351583031239874,1.3699529394564498,0.8179287252608188,221.2626287163256,0.04657483280084396,0.006387961672502999
64648,-4.536038598429721,-11.070135397383421,3.205397706156963,1.0116369854079432,467.24192198095693,0.4081935166965538,0.006387986451570067
64649,-4.689904157987264,-10.395351659358903,3.5784905413717474,1.2372575515536097,294.5545558456997,0.3822944181186072,0.006389116475045503
64650,-3.5163861105559366,-7.330919328494988,2.187036845255261,0.7980905143110781,166.47466813305405,1.12790489358125,0.00638936569082951
64651,-6.952943161006588,-12.473691238488946,1.6708825703419952,1.8547375522311604,444.8755452721222,0.3424037427360638,0.006389739147166187
64652,-6.165708470127043,-9.188585047336893,4.706415124262291,1.0632564725274,211.0467215212969,0.4285179565011825,0.006390459861350223
64653,-8.080916455625722,-8.863407274373838,2.894441998916031,1.20294007772498,308.0682173258587,0.3247256952199802,0.006391326872103133
64654,-6.114289320154187,-6.484073831656354,2.785550497846874,1.7644019564467894,469.8734438921184,0.07397303478542394,0.0063947726988255425
64655,-9.229824743505178,-6.103595845690625,2.9849407051414234,1.8693717120412876,448.29977244258447,0.570668795781522,0.006395073070185076
64656,-6.447557685534881,-6.861217321046551,0.926820164905893,1.0523506041023205,209.26122235430444,0.32871156624834885,0.006395689197746153
64657,-3.220815124135653,-8.784744700797091,5.068317213743857,0.9621851384272063,201.60406614691146,0.7957322985875086,0.006396411755512313
64658,-6.4774795150882465,-6.179173972975628,1.8895566288579275,0.6822326455965052,124.12943562914347,0.03784182662800628,0.006396439954892268
64659,-4.337282964720147,-8.349878855338682,0.2312236051478744,3.6500211374528773,543.8576388395775,0.8755798944899196,0.006397366191048912
64660,-3.3078829925339956,-7.175838345658501,3.8337654078406516,1.5961643444603801,345.8828536360114,0.9766257501516389,0.006397368543271778
64661,-8.545306312006536,-7.99466269174326,3.258680446259531,1.1793545928335925,468.00600645185705,0.37066348803077265,0.006397682992728623
64662,-6.289502392047139,-6.223747893130841,3.589454476104211,0.8718736981365185,469.90753064896325,0.04686031562054449,0.006398178308160548
64663,-9.038603571337509,-6.583175575670338,0.9472604533807133,1.5043743174875834,344.87645399266813,0.6936913963875417,0.006398665244392311
64664,-4.1815483099917214,-10.43831756785693,3.530766810276541,0.8051976799147897,469.8831799111668,0.1899738317838553,0.00639870916075138
64665,-3.436277750096215,-11.150102064599022,3.1473726939197877,0.8401652030260701,188.13660853319416,0.017144139656056545,0.006399535510174084
64666,-7.450330610706074,-10.9974364339378,1.2462568191156396,0.9861403466651869,273.8331614937867,1.7911217749733321,0.0064018756237344205
64667,-6.7104336505398905,-12.93632216904307,1.5128904019923037,0.545527214810936,136.55736037692597,0.9035114506411892,0.006402335243592512
64668,-8.752956149731371,-7.622370685585019,3.3666127711860194,0.6890483326934879,147.45702730319007,0.2794519698219595,0.006403056881288967
64669,-5.088924007496756,-7.14906891067861,4.7720225039170465,1.3107238932798262,324.8651245356105,0.3379598518257607,0.0064033400024619495
64670,-7.07840155169381,-12.378883592089952,2.121946626419812,0.7040889586847042,184.27067827641372,0.353701107864139,0.006407166290720969
64671,-8.86385477083699,-7.41338761061998,3.3885552241733508,0.8005229910813042,469.136027303001,0.07683807551944799,0.0064081357913931825
64672,-5.693218532722117,-10.749923894618279,3.4236825526956194,0.807302249832957,238.86815550449643,1.4017191225892285,0.006408344428146263
64673,-8.619132899294433,-5.590950865010505,4.678328567492048,0.8236005807504236,467.4802156924487,0.31937098380321327,0.006410940485942498
64674,-3.896861658296535,-10.498113775412452,3.4872378954332635,0.6039471363376432,170.47841715506476,1.056967647304547,0.006412198665294574
64675,-5.270730873192956,-11.73570384056612,3.0220798730127294,0.7627711008461157,228.95620523555996,1.5434062865016402,0.0064122109030620615
64676,-3.304218472415182,-8.226353385984492,0.3945055345213921,0.7246389025962144,160.43638578578884,0.34732173591608273,0.006412608793669136
64677,-2.59190435058094,-11.95971511179336,4.253754480559344,0.627673484884395,126.13142265168437,0.14213673313545971,0.006413209190269452
64678,-6.896755811257523,-12.611709145032473,2.462263854455422,1.0601588768905679,467.9644931405911,0.7448138857791902,0.006413410381392931
64679,-8.362128787259381,-5.364610194374452,5.089625224476817,1.872663332898069,469.47694421168154,0.005267025312105211,0.006413771506703232
64680,-5.947571327801368,-9.662028282494177,4.22457567093739,1.7203600622880268,405.71201072500725,0.21675399825955033,0.006414224361468582
64681,-6.448215433347263,-9.045383563581819,4.823676070547508,3.3602842892177858,524.9952035842915,1.04057055575666,0.006415779765852198
64682,-3.8699063911967526,-12.356552189008397,2.8058455394563704,1.8061129180888975,468.01604668794477,0.32174138279870146,0.006415835505618815
64683,-3.096499949892568,-8.047134568327825,0.658175728315542,1.184971565071463,254.91925834540075,0.0849958046270265,0.006418536665776768
64684,-6.693839412429314,-5.3165906765907875,4.126340065090669,1.0733099783479396,468.64359370563795,0.3274196362583037,0.006420270864867815
64685,-6.512072778323356,-6.216067287671338,4.748596477451625,0.8533501746200259,243.01968821799994,1.1237166156266722,0.006420750603002285
64686,-4.324143835487668,-10.0806950655995,3.7787433695481223,1.1617037810969764,259.4857109174539,0.15429158336911009,0.006421538088840752
64687,-4.609167286785852,-8.942499672598297,4.894727641843828,2.7126350778502686,220.6802086258216,0.24640730075854478,0.0064249009818163035
64688,-4.312278771578136,-8.235388450801583,0.345712391432545,1.6677806414795735,391.52532504964245,0.24550666108933417,0.0064250813344643885
64689,-3.2554546355299188,-12.971528121599238,2.729157350897847,1.236856019864448,235.47446191987666,0.023192014215763557,0.006425302659885529
64690,-9.26559009026727,-5.970480542531896,2.1542330465391664,0.6948849275827471,198.32323838656765,1.1299404633439556,0.006426946053334512
64691,-7.340328065908171,-11.219957091624556,1.286300933659161,1.335373119402581,467.98250403954813,0.36005016360999864,0.006427042453752947
64692,-7.001484038093217,-8.808075928301761,4.816830504704558,1.1512610267362688,298.9878069357407,0.7740870655168051,0.006427720379219479
64693,-5.2607016536639595,-7.216185699023393,5.111984648733257,2.325551954621983,439.39980756089943,1.9009010509402637,0.006428418584269903
64694,-7.197068185201963,-5.007062387434109,0.01189669987663293,0.7359829419282439,174.68314472322066,0.45983470567533136,0.006430908443789
64695,-6.601275398744265,-5.297562844029583,3.2319642533719204,0.8548098754254742,204.5699336440103,1.129323838431782,0.006432188162336544
64696,-6.222264980127452,-6.329968143566102,3.030666142269569,0.9445656138229919,249.05538808090597,0.6338471018623233,0.006436523900243627
64697,-7.272689666642007,-9.623442233028921,3.5799985836928445,1.6682766181992381,468.8307702581232,0.3296573964489502,0.006441289438591991
64698,-6.4647639590924975,-5.845453489506749,2.6614392334253565,6.913155336747595,705.9753386362602,0.41689084930226095,0.006441470793251609
64699,-6.588978113509158,-5.293741324471561,2.696071217064629,2.744199967198854,479.20743273092666,1.9437194553441897,0.0064441250419947135
64700,-4.071102199835352,-10.248810046157221,3.6523957416048325,1.1825670098258854,275.587908840635,0.4592992943256462,0.006444395897127272
64701,-9.069078866558229,-6.696988272845131,1.1523466030392158,0.6494073241854673,138.98783403506226,0.3211173194613153,0.006444420171530352
64702,-3.0547395998719473,-9.198139093849067,4.7863823964992065,0.8401470625788303,469.0246303528824,0.0799610566251987,0.006445703939967456
64703,-5.946450134174704,-12.907725275604692,2.843712858603226,0.8622756196427773,467.6222955654285,0.5833705476741811,0.00644819245126924
64704,-4.134522685375802,-7.1528437861384555,3.824714619827516,1.8839272347622646,467.5976769020086,0.34663396414217384,0.006448836045001397
64705,-3.4034159396777497,-11.630804214093093,2.9671069433973276,0.9109964004932503,468.1508597866161,0.33186226506274963,0.006450754720542936
64706,-5.296082158047371,-6.9521241206742905,3.892905151616494,1.2038933114700183,304.55310049042276,0.5945000658822517,0.0064511390932371375
64707,-5.69581884895635,-10.350372557388944,3.6604082724974085,1.8354429293502483,440.28343631856313,0.12968328487098013,0.0064514937081065205
64708,-4.088720145026784,-7.136060660066977,3.659286978899676,1.3246781231059603,317.1930967839179,1.468927560982248,0.006452332671340498
64709,-5.45040129121587,-10.209090220163745,3.7428523634968696,1.8424621152949707,439.73889796252854,0.5669127481416281,0.006453642705609704
64710,-6.631897999606794,-5.252142405631899,3.4301778958774007,0.6763246847074194,179.97040630360232,1.2314279336972573,0.006455632544723749
64711,-2.546870155416114,-11.147577004509351,4.376580208080095,0.9704797239505745,467.99281636964093,0.012858217915209913,0.006455982113632585
64712,-5.044863668812731,-9.632654955506052,4.201520706600464,1.7965469058036627,469.42630743961604,0.18079978875296643,0.006457318419419861
64713,-8.664514692336859,-5.362385089497016,4.560881185405745,1.480355994861387,343.55507066411417,0.4660600104193122,0.006457541302199027
64714,-5.435377941333442,-11.84420772907029,2.9960225467997206,0.9364604097483195,467.22845431647204,0.625320676993141,0.006458608507639535
64715,-7.805615352736533,-10.15676338549827,1.216458720485187,0.5014438862369847,134.17741444508258,1.0778659588660995,0.006460872161112112
64716,-7.1706270509188315,-11.64607416495304,1.316374522001291,1.9588379953763793,388.00717396987915,0.8354472858347171,0.0064610138321885965
64717,-6.485744667646146,-5.790989863297379,3.1319116570284335,1.2626880793684379,316.36603948114197,0.46873013818247333,0.006464438330915145
64718,-4.891308608669892,-11.165542924647244,3.17997742093533,1.828638243032077,437.5573911541249,0.3112024283745569,0.006464694464529129
64719,-2.7040593824570784,-12.546050437832301,3.8500102113615067,1.1106919350368907,260.8232366323233,1.3016309111992532,0.006464785974985547
64720,-4.271875969018031,-7.128143466187615,3.7715298627846954,1.0934170402224694,386.46578473680376,0.2715629903288219,0.006464923787635309
64721,-8.298611790212203,-7.326247721714034,4.809524740754429,1.4135920590096789,317.90766551920115,0.22234799692857798,0.006466272075444433
64722,-7.19823575596279,-5.083721563257161,0.007758757185328158,2.100620297544545,415.99799912389676,1.9506217913237078,0.0064677232929454265
64723,-8.137067664502288,-9.32029907794657,1.5584370152712403,1.6893335134955478,398.2493908512091,0.5467069542812419,0.006468165435941225
64724,-7.590830435413292,-10.603690187713031,1.264784336768659,2.151361476292387,421.8405454211351,1.9680038859757358,0.006469986027114136
64725,-4.8147294807856955,-7.063118314875702,3.8386979195640576,16.443722491439132,622.5314588780246,0.03604607879099753,0.0064704609814475325
64726,-7.297392105536953,-10.117954691571017,3.0553161430483775,1.0464377937236595,466.8818442739312,0.16082708536558155,0.006473903774774484
64727,-6.732808547141392,-9.095568385168987,4.6523106115334345,0.9475603691460662,266.08341189815263,1.025622814295203,0.006474033136236618
64728,-3.131412923319502,-7.689390711018153,1.2520276231206509,1.6731949052783623,392.16940995919856,0.18713382401771028,0.006474754234799974
64729,-5.365632595466615,-7.486400776610988,1.2530387801434617,1.251280564110538,468.3225159427769,0.4857477115675275,0.006477453010782347
64730,-7.851777027429883,-10.074384430463397,1.1942811935511115,1.5171605711564924,189.43978991145684,0.34754130875890077,0.006477488168642573
64731,-2.5219901901962203,-8.893243484998429,2.883101455044254,0.9555875057573788,253.11314233550914,0.674184755869609,0.006479229295758305
64732,-6.318867837854805,-6.422311390428716,2.0289117600875084,2.045813353176942,409.8496870852843,1.838513236010983,0.006479966150321003
64733,-5.448113909694227,-9.849803321465597,4.029166011392413,1.2824762437034685,289.16173354259985,0.11593744427354391,0.006480058220552655
64734,-3.3992444793543015,-10.79359172641207,3.300349576828425,0.8723044505803109,467.3170157117611,0.6024162047569144,0.006482174773623848
64735,-2.5252167877637275,-9.838412120914485,4.233749176051985,1.0162891263174705,210.83392517105946,0.4608171823229785,0.006483218911747738
64736,-8.37792070468197,-6.634085024919131,5.104595814402059,1.0693865404583391,467.7341225368994,0.07555915955729287,0.00648338079802145
64737,-4.214040968699306,-7.727165900276877,1.0327401074960783,0.8596734570582963,431.24745499838525,0.5378055888750497,0.006484130870524772
64738,-3.9224781304281766,-7.326059190120945,4.854433039405685,1.4911824633064843,334.9576841673228,0.43595001489418284,0.006485911869981114
64739,-9.163171761804318,-5.261744064777955,3.2521495817657966,1.1253970666687216,422.7374266166032,0.3071694053529024,0.0064868735258095875
64740,-7.089411476976756,-5.812350512012227,0.1039037460631867,1.229621340681988,276.6951893471471,0.11874553270455301,0.006487006121654456
64741,-3.2352317367132866,-8.645228283298913,0.0681486701706744,0.9495951127563188,251.27732835006395,1.0797899067884158,0.006489536997138196
64742,-4.146056557379381,-11.0679613449514,3.1811769132481102,0.6207029918122761,129.1864145965974,0.8213436517318167,0.006489855019714423
64743,-7.1380731959673485,-11.593333049586619,1.5679717022148285,0.87497595283045,212.82982652200045,0.5288091515015143,0.0064910931789093
64744,-8.503020183642299,-5.076519590661581,0.3218586336096392,0.8544761903705995,466.5429777233107,0.08795743527212085,0.006491142881948967
64745,-4.197328882144985,-10.745497625941802,3.3449812468889215,2.4468293664398435,431.6249196062249,0.4002390599622574,0.006491933929947869
64746,-8.191531310280094,-9.176078924159308,0.6247057644196335,0.8649431969609651,468.3442007982303,0.5151857455767921,0.0064931032179910645
64747,-7.7765997191912675,-8.974148873011945,3.4871120629338814,1.447031282163824,326.7773512455734,1.0647057337073536,0.006494252885655454
64748,-4.858591580334025,-12.712299413276149,2.795451297370916,2.2821674168396187,377.7455360145147,0.11129406976900658,0.006495329360197438
64749,-5.228101101404345,-6.975760846448154,3.9018974381851046,0.6373919727181753,200.04481068836228,0.6293430033543528,0.006495987060204375
64750,-9.108258644085392,-6.6640235327268655,3.3853819550706064,1.3396745684306812,326.33065484099694,1.0536428852943969,0.0064960180696559565
64751,-5.347860996715149,-7.1848907173149215,5.09109573234665,2.02768780907782,407.42154583337117,1.6994425217423181,0.006496545654105346
64752,-5.670708834297252,-6.836642321210108,2.922992341034745,1.1381812638416342,293.5138681547216,0.8880918291531597,0.006497028775031831
64753,-7.3269506249875835,-11.067364709037285,1.48274411432353,2.0017420715217606,377.711654426602,0.4772159334699859,0.0064982954591224044
64754,-4.013356272721995,-7.320193799293619,2.1852902209259453,1.5006970654432417,342.7599514900202,1.6986456253761615,0.0064985020951203
64755,-6.661685431022727,-6.250884057125475,0.9574084826199779,1.1279151907868545,290.6415359320788,1.0791230440756872,0.006499356597943682
64756,-5.336405443182236,-7.2027618540114,1.9647868208880939,0.8597086853571331,466.7991529710785,0.17418217744831477,0.006500136909345519
64757,-5.773145887528029,-6.830717395561675,2.5543359528032736,4.125200859052283,572.3760636143888,0.6660447578293001,0.00650149205634812
64758,-7.43976627198533,-11.642510497924704,1.0206822569115837,1.0317383736250825,467.91996668280257,0.9155435524167048,0.006502070808809986
64759,-5.182129388783766,-7.5663438102725475,1.0976197136978512,1.0544290094034199,282.26798745157436,1.3938407843999778,0.006502870439510932
64760,-3.2498711585254805,-9.523080712518565,4.266295991490147,1.7701931658800145,375.7779906831703,0.5697057684611986,0.006504234497451593
64761,-2.9479298763537356,-7.92088338200925,0.8383872040838115,1.5536952710618506,366.3890130512035,0.39775936393816114,0.006507540511946486
64762,-6.462143486458301,-10.216622242133585,3.692834717711164,1.2163297906297752,137.2783112967365,0.3748782320090225,0.006508517277088163
64763,-4.7064411356898175,-12.391177003576486,2.8240847929051234,1.4296170453798194,324.30455952413354,0.18455494175838805,0.006508654522025936
64764,-6.780705717768463,-5.854462263861161,4.986882374970004,1.5580987800366877,360.08796814969344,0.6947312148665867,0.006508726221085713
64765,-5.796267698951024,-10.341051219687566,3.6630313103586514,1.2840990090795166,468.04202302030376,0.10001257158028576,0.006509034840906976
64766,-4.562004263747269,-9.27651961314348,4.527408929352084,0.6680798706774776,467.1773297652254,0.44864758997639864,0.006509743454858203
64767,-6.837428812413892,-12.067107564015405,2.646247357081838,1.0732886496329717,257.0556893263748,1.3817937610339994,0.006510813574189095
64768,-7.590952386296505,-7.608842819842493,0.13418272688573946,0.9235173566928935,195.7999702380036,0.006582288029802541,0.006512186699512267
64769,-8.843573348150926,-5.836628864794844,4.2189482064955355,5.130620107068691,625.0066404492961,0.36993293334101285,0.006514136014651633
64770,-6.4754641926634395,-7.137116796664835,0.6433168166243907,1.3060719613028153,467.77923388711054,0.2568908190864416,0.0065144653024734175
64771,-5.494343893877164,-9.298478901533802,4.564437397778951,1.481486429816469,341.22425677290096,1.675400236130856,0.006515256426346357
64772,-3.172156430533443,-7.345355722661459,2.252509528502589,1.2013734166230952,467.1161770584511,0.25010602534119286,0.006515356806357381
64773,-5.707094178513325,-8.92809487401723,4.988268257375501,0.9092718240212596,378.0909571695911,0.21994249505062058,0.006516540859905584
64774,-7.190146162769564,-10.65832863644865,2.797904246010654,1.0930163255816576,266.69232266405504,0.5304325810394799,0.006518185045268477
64775,-6.288096076861437,-6.89449927648388,1.325487876151961,0.8037445864791882,160.55122042662023,0.6135047391515611,0.006519029760544193
64776,-6.4038497443199125,-9.440727704735508,4.392427004208395,2.6963218166269165,475.70654144105305,2.2849494704727684,0.0065194023537540734
64777,-4.759531400568,-10.09815153333081,3.7823784490877075,0.9439768085601773,467.2421670504769,0.6333365566960323,0.006519891157300871
64778,-7.084893343067911,-5.437547556595582,0.17703067606100634,1.1036018852083072,271.0995311306266,1.032272061784167,0.006520345167980322
64779,-2.559697658364664,-12.240305888438968,4.255610976357034,1.2367762875220256,467.8243938296151,0.542523196403649,0.0065206816767467155
64780,-2.7118845484990617,-9.520831078881384,5.076424320409534,1.6908820760162764,397.5814577969595,0.37183856020651884,0.006521361650483388
64781,-3.717473118892963,-7.1791795941856655,3.0383178812521066,1.851200992296747,467.71587349087895,0.23840533482639614,0.0065219967239416145
64782,-2.4746816564234315,-9.679019722307574,3.249215295397061,1.1349751907441612,467.6657419870452,0.45702109477272224,0.006522222267490461
64783,-4.436380930956961,-11.20721158289088,3.1364705431046183,1.7175929497154199,406.9591707125453,0.47911423408922804,0.006522444919265105
64784,-2.3819146631567207,-12.00085670818317,0.4440552574992138,0.9691692219904694,255.63354510525824,1.3803637465009837,0.006522877291150222
64785,-4.286760471535624,-7.136283180762243,3.497303204957251,1.7639479931477966,377.4784148172265,2.0543711309791535,0.006523980249603603
64786,-3.148368660762343,-12.859513092664066,2.7932315884996104,1.680013782789487,396.8687332460129,0.7637059432995965,0.006524094230519671
64787,-7.88464323315681,-7.948911802162365,4.792926947775622,1.0454274581849545,147.0209565028078,0.2463487692955484,0.0065242537918558195
64788,-2.7132158191047653,-10.30455349591433,4.522338742820103,1.8594303893570194,467.47323321474306,0.4306992692819227,0.0065243333047658985
64789,-6.6655086373643115,-10.811003318225623,3.2429797818915596,0.996863166937107,267.61204936007005,1.2884164970274314,0.0065245312840807425
64790,-2.612449919185255,-11.803761043571042,4.233494646764405,0.7742619650758886,190.2483770725957,0.408905326049708,0.006524796393464962
64791,-6.386533949914135,-6.1212139763735465,2.4797975462761643,1.7377780789174382,411.92456417746257,0.33342479459822627,0.006526361301082801
64792,-6.049548312709918,-8.98017855916715,4.939627938462865,1.3234000729865707,155.18039976680518,0.4021413816676729,0.0065264264761406895
64793,-9.160753428112484,-7.033385301328509,2.61590766859923,0.85420818415747,468.1110332056456,0.14613163443211086,0.006527997785615683
64794,-3.5546047150545643,-7.179289103636482,3.9538310322771606,1.0113808980471097,270.8198410725245,0.34450257926898775,0.006528257106939927
64795,-8.55350204071883,-8.158491309928978,2.8394435184377707,9.160475083588908,753.9924263361105,0.2908553574846078,0.006529107918528631
64796,-3.2235827577705267,-10.391100338319578,3.5645244149595015,1.5688898854202675,162.83161736926436,0.30307957501316274,0.006529841666697549
64797,-2.5536870496362782,-8.40448517882647,1.4753126801803134,0.6551180561699458,466.369881415095,0.4559068522194645,0.006530310535281824
64798,-3.4854162121144157,-7.256738437617237,4.4861674231052735,1.416575089878363,468.011785681405,0.44882807093365873,0.006530803417150689
64799,-6.477393089226808,-5.817662748422216,3.0568157543496812,0.8684115553222196,220.23389298458196,0.7715196428102482,0.006531002713235964
64800,-2.605799115738056,-8.278194118048447,2.4133839741447782,1.1057235744510974,468.36520938481493,0.5231445272298219,0.006531128576535692
64801,-5.514090194342737,-7.836902477477957,0.5820953136044492,0.9934679141012727,263.3435202038138,1.1764608458383439,0.006531659757504797
64802,-3.9565914266247564,-12.618981503022813,2.746856124439273,1.1272828362177931,291.6508918428134,0.7293692466938824,0.006531696519768226
64803,-7.534611486054317,-10.10083130117521,2.561581562864316,0.7148196543436731,213.01478854538948,0.5026220214387775,0.006534310940788631
64804,-6.891341992962241,-12.231325694021567,1.4873637022779302,0.7940102342576931,183.4912609128924,0.1452478388496612,0.006534433620353998
64805,-7.2799045816657255,-12.231075407276537,1.0931075273689534,2.1581400136996725,414.7383263904843,1.0122103372284803,0.006534766315494915
64806,-5.4156539214439565,-12.827756062206719,2.81292420194004,0.7613046808027496,466.9149940492006,0.4995513368286746,0.006536337695823249
64807,-6.995925768924741,-9.526759035585208,3.988404344572433,0.8732011310907829,187.02936272088607,0.7608298891310099,0.006536550437142485
64808,-3.8652897561577193,-7.767019221653562,1.0015749937788079,1.6600930259399307,468.5789409784223,0.5404746632328381,0.006538155749333523
64809,-4.7409547192088874,-8.246325977770521,0.3052111367057404,1.8054025082249763,278.25791690196036,0.06585372806426015,0.006538621515772456
64810,-5.473277786422361,-7.104317337786335,4.948343960002441,1.7582548402144327,467.87829434098404,0.5067520743376113,0.0065422635086126255
64811,-4.767622074062268,-12.370317960036248,2.8315169712781754,1.1297908253198292,269.9054993505688,0.5187595678481101,0.006542692740054515
64812,-6.055962601412791,-11.763444358613892,3.031399295868581,1.0380091639097195,467.93512179447976,0.44414444187305246,0.006542788597800126
64813,-2.9158280225180055,-7.549851933586363,3.805829877852404,2.514523118960193,424.47703698374755,0.35883043768074696,0.006543258936466747
64814,-4.655091340197636,-12.924544489653035,2.743016012467935,1.1169925389088986,291.27606309741066,1.9110315828741813,0.006543782097592689
64815,-8.755454843991494,-6.121607360027011,4.433968424660794,0.9987561395149493,274.5449083124585,1.6122271988148418,0.006544145570184059
64816,-8.72924397289575,-6.476711160434273,4.459180035449236,1.1314450174235788,250.08787853417184,0.31802523522366766,0.00654515573028255
64817,-6.722360956751768,-12.4945146696251,2.660202904332244,0.8681330996895692,467.62665076467573,0.5465412040109685,0.006546791551095143
64818,-8.39264152726579,-7.072130529867281,4.851900765210902,0.883028790442635,247.92044795796252,0.6219895962932913,0.00654697648890375
64819,-6.155110031478662,-12.647988659548828,2.8559695105199654,1.1362100891716114,266.50700351592036,0.992541285572389,0.006548391664330266
64820,-6.621761242836874,-8.894736314576436,4.933250288325368,0.8106584285093934,468.1332695217889,0.04673040744114587,0.006550519091155141
64821,-5.590066923778079,-8.890999566980328,5.018875161214339,1.4478286836005816,410.82456940942063,0.020119588979633285,0.006552185875240998
64822,-8.550433564842075,-8.345362154085276,2.336095197129135,0.520001833631898,113.07116790486894,0.5856972538419081,0.006552399138726115
64823,-7.388904365357375,-12.33111158320128,0.3851754656586423,1.190574202764756,302.4660714690361,0.7183023263711927,0.0065529620010825115
64824,-4.829854645067439,-8.052782118566522,0.49768546361752297,1.108028825990371,467.77169884368834,0.9112907947140299,0.006554367656118546
64825,-6.509401463082088,-7.38532268475228,0.38989935228317507,1.2510033690784879,364.48908613485486,0.6726345389517894,0.0065547610587343395
64826,-7.031065487536644,-11.838374664090898,1.526247892808697,1.442091751788668,327.2170543979845,0.2876120728085949,0.006555524894414711
64827,-6.873697304380549,-12.296804184152757,1.5073171231612754,1.0324395880199555,280.86243459494165,1.303679390034545,0.006557220330888419
64828,-4.206630199634013,-7.262441693389699,4.616629289428827,2.8566689748748546,487.2735595095974,0.385838265959241,0.006559497323699989
64829,-7.272249416880555,-10.654617827088199,2.6434773620655685,1.1828985723085528,281.33052745820214,0.9355348984055576,0.006560031569179775
64830,-2.610311158923965,-8.141424879755135,1.300749444477824,3.8777428709164874,549.347784709631,0.39262611826537785,0.006561203244180432
64831,-3.3561855121155677,-10.889487186116057,3.24360089578241,1.0690183450119033,216.25641487330208,0.019783150322450815,0.00656290465408088
64832,-6.275496796413221,-9.672852303402056,4.180521138863128,1.0667229639771827,284.61516103910117,0.6907920627090647,0.006566222389162296
64833,-4.232796914218909,-11.055314155800149,3.181191154894915,1.3995195382320693,469.8137794346278,0.035944544836670644,0.006566266431856593
64834,-8.112416769064795,-5.881174681103144,0.1701362756056747,2.7793264522958863,190.4581276288316,0.3953571180450828,0.006567696188335533
64835,-3.3088822523646897,-8.692477898086413,5.112493508258054,4.562363177778366,424.6148911556017,0.03873590979445485,0.00656828680594467
64836,-4.313280352668661,-7.142190327536472,3.198986007353629,1.0035821640869926,468.87121105091694,0.03912128261826808,0.0065684661337125526
64837,-6.579116379535298,-7.853272752288056,0.03080041842863579,0.8830560352786677,184.6769778266014,0.6400574395871059,0.006569847912369002
64838,-4.378072604093523,-7.7106501074756295,1.0497075510285765,1.2956711987357097,295.3405203018669,0.13168315866406033,0.006570671806335541
64839,-6.887038516495257,-12.178896382902746,2.5462349873923262,1.076283449055882,285.4927668122214,1.0479624627305162,0.0065710804267720075
64840,-3.3022889302221072,-8.63147327396669,5.174171199331216,1.1131997618803455,276.33333217822565,0.9227370995752846,0.006571690081200917
64841,-7.8299179324189385,-10.321957139944047,0.6485021674294899,1.125762773405015,292.23276260637704,0.4329257069952428,0.0065723376689886355
64842,-5.956789159361943,-7.154415351476717,1.4380991115859731,0.7139534607575408,144.77307285948163,0.16177584443429893,0.006572787726516959
64843,-6.402504283883976,-6.121429242381466,3.9411677648746593,1.952143050405901,386.4606234478065,0.7150010479033577,0.006573348506753969
64844,-8.974506826132671,-5.128777940149692,3.8186840984227732,8.687858399368436,410.1316302642752,0.20705876216029928,0.0065750786743723364
64845,-6.155837911055534,-6.494058354733168,2.681149925568891,1.2756372162523233,314.1776792642351,0.2288282507108148,0.00657586339344145
64846,-4.977008939248824,-7.150731337743443,4.635794741635396,3.599333795731004,414.43247662122695,0.023321467000619656,0.006575863575680965
64847,-8.651260727460684,-6.19694387178257,4.64389780175805,1.1055980033266946,412.40993414135636,0.5812227996670627,0.006576159831760573
64848,-5.887018893198896,-7.469707988387598,0.8593512454873425,1.0276147979107646,279.15566475868314,1.765759183303052,0.0065766196869943335
64849,-6.1775448813004115,-10.46227973001071,3.57393580314127,1.0683048352091646,213.13756258171648,0.08291460432980013,0.006576979673267718
64850,-8.584991688110787,-5.07514479610928,4.6720079902152,1.1450194414606814,293.7337305123492,0.30403808947383126,0.006577799171233988
64851,-7.772387877785464,-8.234333258617301,0.25631077686443404,1.77673126437431,426.50383098642413,0.2791232758727249,0.006580324737575611
64852,-4.426791595035161,-9.601512990325148,4.187016165395636,1.0867324486173509,271.71509173771824,0.9160075308519575,0.00658055485933485
64853,-8.507881265701151,-5.249347131056901,0.3287665290505932,1.128019884396081,243.61408965130536,0.14068228457297938,0.006581135999948097
64854,-7.860667199429985,-9.696273064485647,2.0625066694815914,1.8643986566775568,298.9324082752813,0.027871979462799956,0.00658187412517366
64855,-4.258255600736479,-7.30039311590959,4.801221421879743,2.8449135315851226,428.5025507784882,0.12081072076096788,0.006582369209677082
64856,-5.706909609907021,-7.00731702690578,4.931502928930841,0.9346189556435361,243.0501724861161,0.18637687011685866,0.006582975159964971
64857,-4.824459283516185,-11.702806914683958,2.9824160339044443,1.060225609371789,137.65050020859346,0.28089628309184445,0.006583060542266598
64858,-6.24744821960277,-7.7416076550484405,0.3232496373261505,1.1809494875656321,466.18952977207016,0.16700628760970648,0.0065832458474216786
64859,-4.109303396076197,-12.060328724192894,2.8468416309568947,1.830744775122978,467.72835085351056,0.5404623022049941,0.006583743791097666
64860,-5.154277445452005,-12.593285827477523,2.8185995020089334,1.1872039375381493,467.158003555383,0.25268336947989933,0.0065840543352434925
64861,-8.619069942717813,-6.707009192838891,0.4312053670277773,1.7238323655911936,467.50988954415317,0.6905479417839429,0.0065848824509934034
64862,-6.784942052804526,-11.414679656109616,2.888671672506396,0.749777537252401,215.18395859497286,0.3318627132786842,0.0065852203619339135
64863,-3.8049382533192686,-10.059488488925377,3.768231626456232,1.2559029273291717,250.41094504640748,0.02339188889201882,0.0065856610364452995
64864,-4.734164168180084,-12.331741978478272,2.8247001185012146,0.8577763037149,468.9896288936785,0.01177665465847344,0.006586195905099245
64865,-2.995215869954368,-10.320989049248084,3.854050703045553,6.719457209879929,331.80326090327736,0.23715775350889157,0.006586775518962713
64866,-6.556321954709334,-11.983981907364983,2.862210193629271,0.9720675141382644,468.3316059704007,0.5102904705714684,0.006587226242913563
64867,-2.2385835710280055,-12.618880687096288,1.2674046927220397,0.7677405664952711,468.1594984636681,0.42685065367330655,0.006587407130429329
64868,-9.195380365066214,-5.580779180189477,1.8406485784850244,1.0333410146908864,204.93475720440773,1.0068459303959179,0.006590037405519706
64869,-3.4907000786635125,-12.135311716517966,2.818800193091652,1.408006219696402,317.5111876114002,0.9826704797854644,0.006590505960537153
64870,-7.1292516446514895,-11.92211414248329,2.137040478865478,6.13271038967578,670.6368768291452,0.33009315867015854,0.0065908158755328215
64871,-4.142702461337179,-11.284387099672376,3.088086441334549,4.973108883216663,555.4603070428158,0.13498933425550774,0.006592962804575127
64872,-3.3219115672026147,-7.171340453887113,3.4581595627051196,1.127500381440553,466.9415736388548,0.616090343348481,0.0065932935949643825
64873,-8.98651120052833,-7.557543763278888,2.4083094048709786,0.8012584246476808,469.257265712461,0.13673984210662127,0.006593632769507637
64874,-6.719261711147581,-12.983651260002231,1.584332230157371,5.209604822750499,298.97212090845164,0.2399138625288577,0.006593776604291729
64875,-6.189857915052158,-12.609764607805694,2.85265332119537,0.9347106564950559,181.1520067875404,0.4086532228290718,0.0065950791204251935
64876,-2.903014347209435,-7.541942052039504,2.768380769693429,1.1991689595865218,231.01157074653338,0.01786710729816665,0.00659871514064302
64877,-7.029315840278855,-12.70614571159237,1.234000977855555,1.776850077630024,461.2840126187766,0.8161201462136667,0.006599899892724125
64878,-2.8632374595009855,-12.970587974907236,3.2979625920792066,1.5675308231403797,357.9632518895486,0.8942671357209679,0.0066020708627933305
64879,-6.7229799318223655,-5.972793236920165,0.9494360800683213,16.508733897878873,420.3646389250732,0.2413191054444832,0.006602943419207788
64880,-4.931976303096757,-11.557810468839513,3.02266397156195,0.6489959908804824,154.31418235232763,0.5038478915541758,0.0066034190895827545
64881,-5.227485348813729,-12.855763291463118,2.784285041403406,1.4640497120307563,336.10245931092004,0.3118329064545593,0.006603914098679072
64882,-6.7404539892600335,-11.61402577663021,2.8510035638142646,0.563374770288327,123.49064297944133,0.17742181844628657,0.006606542601018626
64883,-4.479549754942091,-9.867112140926162,3.943862598658009,1.64756697071173,468.01674499837543,0.3757092143426801,0.006607302619758789
64884,-6.892535081306383,-11.974922966408883,0.1842242802332669,1.1993187175634046,247.06450487066957,0.6545121198084134,0.006607548033290781
64885,-8.648557173180077,-7.8258061258593425,3.265689896775907,0.7367842420653367,191.05447941765047,0.7624117495607114,0.0066114690501915385
64886,-5.801095299742047,-6.72512305449603,3.6596350392580015,1.318673673258594,317.1323397269461,1.7955835780371823,0.006612144053391828
64887,-4.216471279293868,-8.408756988020686,0.20107048350970852,1.1158333929173474,468.3712252895219,0.5254201513984125,0.006612978529125485
64888,-6.950816027321686,-5.051917953145551,4.855920585555191,2.076974340259852,387.40874333839133,0.22476132902847024,0.006613857754015918
64889,-5.210718749453494,-11.253685076786262,3.1531694785116473,4.35757536697237,586.8388027185091,0.6468385923015747,0.006615054629099241
64890,-3.7146986579723187,-12.389666893907108,2.774041578774449,0.6609111687270217,138.26970923404483,0.16916209527641612,0.006616058480848323
64891,-5.471949608997379,-9.687965492657224,4.163650542288704,0.99722332523384,275.44593994508637,1.6910086213437703,0.006616165805760247
64892,-5.35918500580395,-12.850781892767989,2.800692230105448,0.8583077909943319,469.8654906171191,0.17093199057092878,0.006617995687078824
64893,-6.273960133451503,-10.786144263938596,3.374598298202711,1.9855104780112405,400.2705632380856,0.40350491448927706,0.006618287401355073
64894,-6.598181058047725,-7.131760008767271,0.4902843540278303,0.8487318729295031,467.11428823265487,0.06395266419169499,0.006618736728756627
64895,-6.491434476218915,-7.156252456736661,0.6074169084031001,1.1033017386280988,467.2638285754079,0.4398451169435136,0.006619161994075391
64896,-6.094254219375761,-12.011023242400118,2.9603933252004317,0.8466011673616602,199.02878502422305,0.5364187017901738,0.006619235149149288
64897,-5.057684138089052,-7.252327563662964,5.009737860571295,1.325330259867758,324.1287852742625,0.2651978073466621,0.006620087662440311
64898,-6.494048469510027,-6.356070693270756,4.912262508920091,0.9010016182151551,167.96373054317147,0.10714158708674848,0.006620260971434919
64899,-4.302733140085819,-12.620368879911734,2.758524938011202,1.3661635849041123,331.46510367188296,0.578341044690891,0.00662066281089648
64900,-6.340951985584784,-6.44673670376641,4.690390621875587,1.1708518022365164,251.7294842996292,0.17597566369307405,0.006620997987284521
64901,-9.14767944055774,-6.179044402980519,3.340613478978886,9.035734596043854,492.1310591107148,0.10374968067487611,0.006621347127044263
64902,-8.953531759572522,-5.441963800777471,3.906223633188278,0.8964034614625962,191.55129823441032,0.9399563492665051,0.006622313217515176
64903,-4.577321349467408,-12.116557867488543,2.850821059843909,0.9856870944354276,259.1687166027985,0.7376769454617174,0.006622338627475111
64904,-6.754785751970693,-11.006056561697147,3.0803490523428927,0.7474253516891788,445.31356941680673,0.2619418056351801,0.006622411952940264
64905,-7.232664839844245,-11.545902432357575,2.0147066394917426,0.9380680303917559,469.958923533023,0.12148565447126725,0.006622914447548059
64906,-4.827588542169869,-7.286278559547898,4.99882602698093,1.7410314832090104,468.83903792149124,0.5274949840060179,0.006623312202397855
64907,-4.367668087600625,-7.380553107515824,5.081795240203677,1.5933999958330358,352.5692846911898,1.3969546335442224,0.006623622319076905
64908,-5.803147278119015,-6.730524545241795,3.1599986774040936,1.161375700297526,237.9606402140697,0.3763250457385494,0.006624069792775126
64909,-8.428421180544184,-5.3481208541559075,4.964257554816341,0.9988437247119168,235.01804617976867,0.45965098858125675,0.006624418675191723
64910,-5.896234431062263,-7.465599765194985,0.8623271621763017,1.5226955761244625,351.37508067450466,0.2976409954620607,0.006625514847138302
64911,-6.650196830868835,-12.987087174873519,1.4854569808094717,1.0279480755160746,270.3749535651494,1.4196674926502544,0.006625811483265647
64912,-4.41692517997666,-12.896417648328432,2.7248224277007957,2.2812263815784455,424.55300975735656,0.8200467004026555,0.006627302330561963
64913,-6.533845114010131,-5.869953754229903,2.0974023435550566,1.2188324191866609,309.54071230535993,0.4157373386850214,0.0066275685231414186
64914,-8.374793362097028,-6.648311553671749,5.093943034734524,2.2575908430173537,393.5560118744697,0.26042767443252224,0.006631904086737976
64915,-2.7528218329680207,-7.816417419639383,3.0537572001049735,1.8550763075321428,468.0071225189051,0.03987064546639907,0.006632675705667619
64916,-6.495129845124718,-5.818994852724607,3.5875979170111294,1.04080802412787,215.36277172505746,0.27589369118892915,0.006633199426716118
64917,-3.9381220496130718,-7.4550478394145445,5.171968921263813,0.7617605631678015,162.16045777305493,0.3724866437894123,0.006633257696127625
64918,-4.963864344391711,-7.346188880658161,1.84880480877383,1.884533994370694,467.7732831385093,0.36308637344800854,0.006634417560379342
64919,-3.192714528723318,-8.153590097042358,0.5228198514019167,1.5596914198202743,354.6739295010661,0.29301354557761794,0.006634913538963477
64920,-4.671223889542261,-9.48077395450559,4.314777569012979,0.6735665333682214,156.98209472633943,0.2744718084421853,0.006636064188499781
64921,-2.6607634459520932,-8.73309078305257,4.714250641479532,1.1658942650282453,294.1910325397172,0.7694881705888763,0.0066377184565196016
64922,-8.617259231462182,-8.481786113011001,1.1404739294622308,1.5875904073304012,373.2624974588138,0.34679142067046254,0.006637792641065595
64923,-8.388716961524334,-5.168529019575654,5.00801411569683,1.7258242117583182,407.0193018115303,0.5195297316013194,0.006640003722148681
64924,-3.368390301302747,-7.318161896246516,4.707803169222686,0.6666667727996303,127.03659377101738,0.09619969662246586,0.006640507615060247
64925,-4.978559995593667,-7.069762734779721,2.901620449141114,0.9663678546303107,468.03148022022407,0.3144469696407013,0.006641004723321828
64926,-6.916166070676942,-12.920799542344444,2.3357420533922775,0.8824585883612266,188.99457346905072,0.1054858216413761,0.006641259655122059
64927,-4.828818635541847,-7.645850401464511,1.137544787146006,0.8798741601210295,198.2865656406089,1.25149520066289,0.00664205272260422
64928,-2.7838596953564263,-8.034887381920818,4.442717921389104,0.9033347578744126,201.5643152156689,0.15734728038794543,0.006644408481912513
64929,-7.0598179327361965,-12.130449613730018,2.2308379520968393,1.1039584870835946,466.7202069083113,0.8945466493759824,0.006645102658285134
64930,-8.9179998606117,-7.748723770516461,2.1299479208815812,1.1306039830011394,460.6675647692858,0.5061057371884328,0.006645506891736438
64931,-4.3299378949492215,-8.261657575517676,0.3302024908637146,1.5486518738787947,468.1834778711156,0.06926764491131898,0.006646164716434833
64932,-5.006018083755368,-9.950343897698964,3.904300311193422,1.3028712169708485,299.573884858014,0.8347574713443633,0.006647989971653625
64933,-6.720156667151276,-5.741324835419542,4.636525080870948,1.0268904738527203,466.8954967970252,0.8958548693788595,0.006648232787538479
64934,-7.573110839897377,-10.913070628314154,1.1006080915247465,4.283302282597603,554.9376586331822,0.21736208541565727,0.0066487276434345575
64935,-6.120867768158625,-6.561495305039588,4.273665439214909,0.74190784815184,222.47941970477112,1.2198525359411878,0.006649169155650792
64936,-5.707956742665712,-6.944621202157095,2.261666489088334,0.9972301185511133,275.9628687701445,1.433868638161484,0.006650429334327256
64937,-7.516990141056749,-10.61116664812527,1.5885169373728751,0.8435047036761644,167.97009782948507,0.18314944330482508,0.00665302548746495
64938,-2.5934050686483348,-8.289620524765098,1.8159646379877503,0.9393919151664626,252.66459241252744,1.3009178428178894,0.006653863619931311
64939,-6.510752776361324,-6.323039957990812,1.6731886654833057,1.2780977893082426,216.1757853888197,0.09308059443845185,0.006655210261921394
64940,-5.047508891000974,-11.038133764064888,3.2248043052353417,0.9575418629762956,468.21451021869075,0.9037098840704951,0.006655909683491925
64941,-5.682131833306127,-9.860831054883024,4.017988533339201,2.1578496898204844,403.1373413149957,0.2206071802532783,0.006656650278857426
64942,-6.6935204531917645,-12.815278865129049,1.4869034771616505,1.2293333409065714,269.89574058833307,0.6034758820373041,0.00665782832722178
64943,-5.107711526086295,-9.108975542595381,4.729196516642087,1.7563200144754472,468.5545553958133,0.8298033475994693,0.006658308981371977
64944,-3.960140257846895,-10.370763560860333,3.545309268477925,1.0369040290651141,467.10963113247743,0.05449739559918765,0.0066600122607002885
64945,-6.363286664716494,-6.486455652091656,1.8607383115179454,0.7075738895921497,138.4471510103488,0.04003706607126123,0.0066601395769647345
64946,-5.77000479584843,-6.7595744735628776,3.5410489832351932,0.8281730632694232,197.78844474712807,0.4334822729066312,0.006660479057490653
64947,-5.809776258774285,-7.646758936046799,0.7037705294680809,1.0877251487244768,223.56057148188916,0.6392907517831015,0.006660952414440551
64948,-3.4050837185834126,-7.450150344287429,1.8989324403296413,1.120207544468303,466.92287918341873,0.6021390749272744,0.006661714391249454
64949,-3.794574615932671,-10.563092148682944,3.4173469019113325,0.9544733002337178,202.24432323075933,0.10052432071710626,0.006662742934214625
64950,-5.314944050754312,-12.228701483201023,2.8836201640618815,1.5545956107486,350.6785457054034,0.6343053120424704,0.00666465390765976
64951,-6.242038780781316,-9.930533436515603,3.9476881685908807,1.0300282300803048,467.9391577821068,0.9224296990717447,0.006665575000701096
64952,-6.048274174715385,-11.39633287785211,3.1266204019011896,1.705606476682013,468.6880953270187,0.47034258308635835,0.006668071740277029
64953,-5.7643911687487925,-10.285948886371738,3.6888557842452734,0.7181109071326827,466.3415886408077,0.3512821153173622,0.006668219025294004
64954,-6.335146591771448,-10.646191831129348,3.4333811054228325,0.9031005614894677,467.3290913460227,0.05463115439714539,0.006669950870568048
64955,-7.584772820609252,-9.60213827366349,3.0283943183649074,0.9646651823352063,165.53393927669183,0.15955949374101053,0.0066717690751053734
64956,-2.911602496932616,-12.532518499143645,3.2185970619773405,1.6898358340638238,365.52388173926096,1.563521197679929,0.0066718425924761245
64957,-4.549738864263563,-9.183642824178117,4.612545907804969,1.2248945570144563,289.1287844796339,0.9269133596165835,0.00667244889611598
64958,-5.603962498679163,-10.613295622222392,3.475100928420208,0.7860253761868474,226.4954777102517,0.8361899374363713,0.00667338995537097
64959,-3.266942673175918,-11.022842264000897,3.1834339706659684,1.2529859913368817,308.7412413188894,0.9394501230350185,0.006674844139402512
64960,-4.342922940041417,-11.552210664707564,2.9886860068372987,1.641879719128434,383.0263860461085,0.4524855533744718,0.006675340654243332
64961,-4.311624440873313,-7.195858699662525,4.354645672088047,28.653174831147442,911.8587663187276,0.26275623849542207,0.00667582621984767
64962,-3.6650100908500116,-11.843653253874523,2.876798022431175,0.8434303669805112,240.45706166682132,0.3295548640092054,0.006677023305716767
64963,-7.0751290279261525,-11.117367784520649,2.678866399835919,0.8472132660035065,372.38029648650934,0.5155792776449273,0.006678730873260002
64964,-7.721060517458502,-10.102917301510091,0.4177305163247977,0.9240410576952205,262.15622449337593,1.6807648134952204,0.00667917558320626
64965,-4.3825234488953155,-8.684313858185693,5.135410129164081,1.7870911356080743,426.8452345738175,0.6992665465041661,0.006679365610646421
64966,-6.547307528853752,-6.90296146816463,0.7445977983439104,0.901538300610294,242.6670491053835,1.199754209950851,0.0066793845433797605
64967,-5.561504500345283,-10.989815891611133,3.2781408869597968,1.1709232767926094,457.8830831977799,0.29359023931300765,0.006679879409374572
64968,-6.923274544497672,-11.710894165205943,2.630053536555755,0.8462168398535461,200.864670554521,0.7197124259008207,0.00668041402575607
64969,-4.707379456002078,-7.082428388427165,3.531515306045695,1.3425874084451486,173.2000767676507,0.4331885507037052,0.006680880296910663
64970,-4.579154838115773,-7.139147793894503,2.905486807187654,0.7372645756193633,160.69369026028824,0.3093133588878567,0.006686275160115763
64971,-6.575857776007971,-5.838730810865839,4.19870711345664,0.9785818462590488,271.2184993327929,1.901935456191345,0.0066874168538538096
64972,-5.082340153793235,-7.157221512218234,2.3202333133467037,1.1045538388691172,468.05071238827816,0.8486945089616738,0.0066882099714395335
64973,-8.900404145539696,-7.619101074279756,2.7577612217213003,0.7631643336459453,181.03788945302819,0.7933470563305454,0.006688435778082135
64974,-5.506344862454612,-11.655384569470405,3.0294993913869184,0.6809769917145064,468.0623325894359,0.40331150218810485,0.006688581736019627
64975,-7.576230736393844,-10.309387616479798,2.1386121474387227,1.9017803231210535,468.179190421582,0.2693225530889567,0.0066888157739838135
64976,-5.720276775295387,-6.79962583760298,2.9540904412861577,1.531520437459743,345.54021545082327,0.2698558412158123,0.006688863404116581
64977,-3.390817520597592,-12.350220473710115,2.758117849020767,2.374191032649799,442.25853724921825,1.494717599063967,0.006688938884669373
64978,-5.695930236437249,-12.206105354602544,2.905024630236026,0.9322493179722952,243.75985012650565,0.6616217903670494,0.006690297654362632
64979,-3.521361753369617,-10.511284178296787,3.4411817177150437,2.227173536842137,428.10690505040174,1.6164805458525668,0.006691154295373726
64980,-7.744949016145803,-8.543279807683309,4.178159627644555,1.026363291336978,467.0648451908582,0.6113802916199136,0.006694607134423579
64981,-7.298577807011242,-11.3004383450041,1.8617243155793333,1.8305506521252457,467.8247886955851,0.20638741007662276,0.006697689047137416
64982,-6.586113309097614,-10.704318170428827,3.322340902861725,1.3445974634561026,300.27362378824324,0.0158158589576729,0.006698070505872625
64983,-6.599281218947068,-5.694059056275935,1.955502570794966,1.0235664902951378,204.65534945878034,0.8597681193054569,0.006699296917714428
64984,-6.611006664923457,-6.747969416383793,0.7547471737046316,9.24127641571228,312.1459271063877,0.28374995070427644,0.006701790784278791
64985,-5.227761005396845,-7.243145128379376,1.9662748953970364,0.6388799964135584,151.69949401489097,0.4157315670060502,0.006702361380590051
64986,-3.7858581927224293,-10.752828961911685,3.311153669830667,1.4132617761431698,329.91509569644467,1.1609448643235885,0.006702474111247936
64987,-5.969491715002077,-6.654724307162746,2.818936167470301,2.1201734166786785,412.77924543925263,1.1997839879215748,0.0067030365566018955
64988,-4.893289310441031,-7.2597692493701675,2.0987229103817246,1.7793588634981479,469.8996667994626,0.03282286390565936,0.0067039093289092
64989,-9.213656397709459,-5.6451093487994655,3.0015571739000984,0.8881676677749596,467.9800199360474,0.6871280385962288,0.006704397397970601
64990,-3.0899257635951436,-11.006883631019244,3.31131594982264,1.3481703780357208,391.95194392876004,0.31627295847600667,0.006704489165780142
64991,-8.817833604070314,-7.943692582017106,2.1156470351154844,1.1391657941800055,293.55191865496937,1.1217702928282298,0.006705996778739543
64992,-4.930418204138055,-9.616478027483618,4.191908930371102,1.3090009697088874,278.2562915238511,0.890770752733574,0.006706923271915503
64993,-5.919718432030247,-7.553293951625086,0.7439721788306073,1.8033972905152584,467.70258957944543,0.4985095788244349,0.006707532622457223
64994,-5.477384745396628,-8.341221285879747,0.12087908652270517,0.9030716232847272,239.19642731052102,0.26683536385173756,0.006707864701056983
64995,-7.009363134670042,-12.662248606976757,1.8499372201378155,0.7310765847926897,135.41477194823463,0.21102502599097495,0.006708021233599817
64996,-4.765787503831783,-7.079062855183345,3.7452240214734043,1.336386543333423,456.33984054904425,0.8106111132776297,0.006708579221748049
64997,-7.021545953180013,-12.69492847854166,1.8889418750319389,0.7147444697888159,156.3843122575004,0.35561844318755664,0.006708958270864914
64998,-5.815824814342882,-11.707020086370576,3.027922061368852,2.6640376856392223,464.00545772253815,0.9277571838787093,0.006708963787571811
64999,-5.4603775949211935,-6.983430639095394,2.5795572560068525,0.8344024169226018,166.7387819018298,0.1073872277586716,0.006709978913496066
65000,-6.460929936763993,-8.767704113130105,5.124395166683621,1.0041632186244993,202.10011920328483,0.8646804108310553,0.006710091314173237
65001,-5.373748359257453,-12.359619213451264,2.858794995102446,1.012569227011542,260.9165482526922,1.2786759522633195,0.006710234616498659
65002,-2.665592031759129,-12.634145357205309,3.9387651857638475,1.8230588559190455,433.6899759857878,0.4639465201468873,0.006712477133057132
65003,-7.255935895385596,-10.666734667811753,2.649883629263111,1.0024476445864252,271.440810595817,1.7981545154731275,0.006712766345868941
65004,-4.576486199282376,-7.110822833911822,3.447849604061861,1.182362619686917,252.28986295831783,0.050017415826204115,0.006714152735617626
65005,-3.209832122996895,-10.441444835029195,3.5194190742196945,1.7685257558305527,467.17832308805015,0.08592092199701007,0.006715576732372342
65006,-4.676313275201254,-7.391047760913128,5.180565278672001,1.1708449505873302,467.9881172761791,0.4358506545536498,0.006715633055190528
65007,-2.523723386266129,-10.578592391913997,4.376798595947424,1.0076435187610422,265.8987837528832,1.0825432078356583,0.006717045355397131
65008,-6.653122849032947,-5.00615550650812,3.0690178152619088,0.6658211170051682,170.23108229919504,0.8281491698518311,0.00671911599187573
65009,-3.2660345251528806,-11.864893599561888,2.8778243309444185,2.6301906816920027,469.38037878299787,2.111931810145607,0.0067191291006579125
65010,-3.039931996875125,-11.233762334857248,3.286232806569878,1.222045676893849,260.3427125524058,0.8371306007600241,0.006720677254161611
65011,-2.7608167032644895,-11.95699218952181,3.7366077876513546,1.1970661452520848,272.1745948935026,0.6494400174104245,0.006720778792754371
65012,-6.19704283824574,-12.829552262134962,2.805225557947564,1.6796109930945295,468.135022171192,0.0714844942641717,0.0067217822218390575
65013,-6.228098089095656,-9.047886310679258,4.8378940018381345,0.970970221787959,271.2070448106937,1.2662119198186534,0.006721848190039568
65014,-3.6419933831935216,-10.792443329251373,3.2818541221282937,1.7385428726120233,468.0812693317459,0.7612864195364724,0.006722245523703519
65015,-4.0674762604668535,-11.543628336767409,2.977153623524368,1.7918188388580616,467.90168004956763,0.19915660844854344,0.006723833446757952
65016,-9.257305645077953,-5.480314931245302,2.5725320910758005,1.0761600357973509,465.6494756038755,0.7365836525322189,0.006724130829741197
65017,-5.999412250016785,-8.895928138663303,5.023030778102029,0.6628043018574217,205.70294922698582,1.0982701195891655,0.006726148764121881
65018,-8.888697577567818,-7.827460848954863,1.9879074104417327,0.8940725922178304,208.61897653293147,1.0581689654978943,0.006727729052435658
65019,-5.547799030626397,-12.572632408188069,2.835701234475303,2.0326738320474145,384.95024944093535,0.3174966607646015,0.006728599207468971
65020,-6.220764045001063,-11.095470439967363,3.225837427593723,0.8805852608235437,468.524690256187,0.9151775749466298,0.006729739351681201
65021,-4.698450141709727,-9.957892153611626,3.874427861907477,1.9457843250699096,305.13386896591476,0.03516746517845171,0.0067320647411801314
65022,-3.188896763271421,-9.77327228895286,4.050763500593442,1.8676398910577732,468.7989328926675,0.10673765989974626,0.006732770570677555
65023,-9.182573933885315,-5.407677040871908,3.1296554734923854,1.102976640710077,468.5426901502711,0.7497052308139915,0.006733593710992339
65024,-2.4402918288234297,-9.164244560669127,0.9332917486490154,0.6117303849876331,184.90093613556857,1.1338581760000315,0.006733636170123634
65025,-4.701569400440457,-10.76464193874048,3.326111334215415,0.8614006238781923,467.9669996028378,0.3754100235511926,0.006734241161612519
65026,-6.486321538656496,-5.857336659364229,3.536965393154765,1.6201780813068474,350.6345940985599,0.8935386501832925,0.00673698357114499
65027,-6.60771894272453,-5.381095111754072,3.3677199314422204,3.4148196102664934,520.9557918431095,0.6195619877186322,0.0067371438441115586
65028,-5.438321867181397,-11.648630732471851,3.0163681701375222,1.2638526492468352,303.1785999242239,0.7986746860644116,0.00673807420997439
65029,-7.45780526423384,-6.938392834705706,0.0272747290781619,0.8557497040600032,467.1778138383531,0.16080639827292753,0.006738540228951992
65030,-4.681349011684252,-7.311080512413964,4.981264240414868,0.8351068538130799,244.54186927987703,0.6577288871109248,0.006738766044232471
65031,-4.961408365519706,-11.811962478825448,2.943287870693523,1.649707321758892,387.6756217848149,0.8745170046156092,0.006738871370305233
65032,-8.531518562209317,-5.898441605060117,0.36911681432606586,1.3968498448184368,337.18122378540227,0.529856587820154,0.0067398391835095505
65033,-3.388599892914728,-10.937344039318994,3.2003369422353556,1.0869876716862277,280.85253413657165,1.604978563460902,0.0067408399009902835
65034,-3.6479132559467047,-12.507089359446173,2.7288734395023466,0.8609097226163238,189.09614798412116,0.5312650432526569,0.0067429155575693105
65035,-7.825914115282888,-7.960973471624156,4.859655633814324,1.6953831727205866,344.53819922473986,0.3282839762505967,0.0067437991961297565
65036,-9.072684586343314,-5.979876701014452,0.9951208509389353,0.8166835950885349,177.1862957838046,1.0911779673162316,0.006745252622043196
65037,-3.405475001019397,-7.613236629786493,1.4506178547115973,2.4233634751535713,450.52093341146224,2.3210343584023763,0.0067459813264540746
65038,-3.1183064951007458,-11.751107007812854,2.996690192403682,2.443904159648323,451.20588362406545,1.923049966953685,0.00674643102554104
65039,-7.06260743537215,-11.825090025962696,1.6326117557073005,1.072296557275185,467.79884186062696,0.48724140498440516,0.006747160996225102
65040,-3.4838363746673284,-9.257197695114268,4.489672650295567,1.5041622266453898,245.9611732864872,0.04095118960575306,0.006747864597406908
65041,-2.54825811043509,-10.155330113369807,4.533035844265413,1.0777748981622022,282.7029326886593,1.5118698881620967,0.006750636006617747
65042,-6.8785204733038,-12.336703983802192,1.6002273636367736,2.6602025946217243,467.98383667890675,1.2665744629897109,0.006751284128735287
65043,-6.426883551006217,-6.589778249110319,1.5210966544627644,1.1309038075900346,287.4729002091289,0.48852439412687776,0.006751554927374041
65044,-3.8450021217596264,-8.211307441703738,0.40081018602227425,1.039008782656185,466.9349970962144,0.0680392130496772,0.006751709716452883
65045,-6.7909326783484865,-5.201257758951229,1.030818272015535,1.3694887945338179,308.81834958097426,0.6366681524665774,0.006751765435350668
65046,-3.3033936189861492,-7.298724783595745,4.600425433943157,1.6792939915641854,396.06959339826426,0.2653496226726837,0.0067518076055438254
65047,-4.8717382275184775,-7.331845849651792,5.1160042209485335,1.1329577029794267,297.0637649560369,0.3390931509427224,0.00675279874840621
65048,-6.792789089479405,-12.585073105901845,1.5822849114862938,1.0696149436213305,214.07485170057666,0.19335320164436975,0.00675331754429681
65049,-6.481199925299777,-11.934744918312086,2.8864072223364,0.9050230175314048,243.60802867100765,1.4627746916799529,0.006753481338335538
65050,-4.322037986257734,-10.683760176836357,3.3546553752395565,1.1111275822396476,286.549379648411,1.6059069878663434,0.0067536709903289645
65051,-6.980445177457458,-12.871968951751008,1.8571515891051082,0.8097213812972565,232.46325294024192,0.41854648063474187,0.006754603950465794
65052,-5.458331239699897,-10.523333461996083,3.5116610277599674,1.7088444230973134,403.1160557872905,0.4114107951109309,0.006757423754221043
65053,-8.752347248899229,-7.493153549920504,3.5573410234333753,0.6329608986434063,156.12834637868255,0.6917677667083248,0.0067590930970875965
65054,-4.386309140263357,-10.292287343793413,3.6054341690921574,1.7541848117858383,416.6563963095907,0.8979306952835797,0.006759199989315552
65055,-4.93687860967008,-10.001173244307232,3.8426618238297086,0.9404951281397809,468.3514886165465,0.8776477830769798,0.006759717998827372
65056,-5.47148904739589,-6.92368561468336,3.010598435619826,1.3095591009737362,251.51261995433765,0.12622520153713257,0.006764133190423175
65057,-7.044973617584123,-11.147843422122378,2.6975754658204756,1.8406833351486704,440.6512668294936,0.268885436012809,0.006765130683083351
65058,-8.910273740878218,-5.719416001759147,4.0238607444835015,1.5985447024451098,372.3988454928736,0.04095149189321656,0.006765275142698542
65059,-6.544409430233933,-10.0203442225415,3.7964394040945595,0.9826950885044388,467.6800121314156,0.7952016445980616,0.00676548087305247
65060,-8.980450062151855,-7.576502431729851,2.316754967001471,1.4269830866914133,326.04055821203076,0.7266319249621729,0.006765710279078705
65061,-7.568167407128891,-11.549964747058091,0.6660485942758401,1.6946885687582525,346.8866187552459,0.5307371172276989,0.006766101155151612
65062,-9.142981939396389,-5.204650511374619,1.63204254529418,9.787898759314336,454.7631943428334,0.16479923671433117,0.0067673940049623
65063,-7.400631538674357,-10.86917934698289,2.0494803607305268,1.0889707550983572,467.9735323456791,0.817384598678931,0.0067675858251243295
65064,-7.202390204202445,-5.453539049718648,0.011435850115710014,0.7291909101079577,161.65557069037345,0.2292021987326338,0.0067692088289725595
65065,-8.52683128484747,-5.646553062535384,0.3596649982785527,1.017836518145604,227.87604052638764,0.3707954683590362,0.006769834769962101
65066,-4.37131456113018,-10.713255488798747,3.3387463504843415,0.8423015669761931,216.06149831318405,0.23459508657803063,0.006770448526891145
65067,-6.856921930106466,-12.332211841953455,1.563072160272061,1.0388320649402587,197.1400732451103,0.08152158892517924,0.006770752819721945
65068,-6.357246592054308,-12.530234036050729,2.811740526314972,0.8063176785593714,467.4107716958434,0.05947424597862838,0.006771297627424365
65069,-6.505229604608306,-9.893868011710637,3.915966137551465,1.2617326490400451,315.8954266197674,0.27186939854878833,0.0067713472351190645
65070,-7.0061992536254465,-11.876819716465471,1.5490144411975288,0.8605602258289309,232.8225212249944,1.1914917558211968,0.006771369032674273
65071,-7.262710211644727,-10.762348632359528,2.5517459888206364,1.235449702680397,260.457285215543,0.07354331836650818,0.006771521486417179
65072,-6.798312734587773,-5.065009243240094,1.0563702158636252,0.9584687977601059,262.12332018897655,1.644968634907392,0.0067720608719081575
65073,-6.1384687668353966,-12.749491643785069,0.03881178998767361,0.8277348608760275,240.1655058409034,1.476414365113241,0.00677275692079013
65074,-4.017764169011164,-7.232014179850161,4.412401084845688,1.1523596905657696,298.8141192760696,0.5450123701611869,0.006773125470513773
65075,-9.228962363759221,-6.551504107782743,2.673720345419609,1.1158387061245563,288.35682510286193,1.1941866085998294,0.006773741599312813
65076,-3.051624467800859,-10.151767296301879,3.870453916844107,1.1253315544027762,266.78451837783234,0.8593500576122093,0.006775060289857276
65077,-6.2572763601877295,-6.305281883246228,3.3605717022699024,1.3376135256773398,327.84530186344375,0.5731264387327837,0.006775633256447753
65078,-2.5563546446757632,-9.11266118009819,3.9020222100706135,1.5168101013061783,452.9765906533587,0.3270173509356855,0.006775794714557656
65079,-3.3544493265404824,-11.65374492666698,2.926727748246963,1.604503348749291,470.2886910894744,0.19226764949307373,0.006775958996390898
65080,-4.893844701380593,-8.677433311445853,5.164311058719243,1.832984585336761,468.275424647034,0.35101786554943626,0.006776729927396778
65081,-6.227451278179657,-6.367720171657768,2.8422730407489407,2.7838864629320565,483.2548499352205,2.1991201557786146,0.006777067910321024
65082,-4.773056395615006,-8.732879165240114,5.095184838990899,1.772534187827336,418.74222289955674,0.5917693739851444,0.006777108919708531
65083,-3.119595220603548,-7.4762183731217515,4.846235460565107,3.182572894689191,512.5725865430844,1.2568411940915905,0.006777671181623602
65084,-7.067333949636241,-9.708894428944934,3.7191868609384944,0.9659370813355329,244.66153697992664,0.12789469160306854,0.006779770207298669
65085,-5.955220200155029,-7.295046566694992,1.0687280557720666,0.4864841343120784,141.9060873091595,0.22780221905844922,0.006780403425281099
65086,-4.614741486221133,-11.558189669557876,2.991530737779963,0.7755374737748482,221.81449125374968,0.7159891858174561,0.006780763017703576
65087,-5.449125330697444,-8.349774220603287,0.12735951998395778,1.1970574561964034,467.7697938914903,0.28731648545346644,0.0067820785994449915
65088,-5.06434175734819,-10.56412518402262,3.4607085478831285,1.7083709382737917,368.9413753751552,1.1979086727828552,0.006782756153820212
65089,-3.339399560030679,-12.879595135985069,2.6790185103686173,1.0191319595355923,466.85273505030597,0.19405337148457225,0.006782820556019587
65090,-8.851525144533774,-5.114020713884942,4.109212116229937,1.1122224561653706,468.06126098329855,0.7087104063911562,0.006783154112356997
65091,-6.844297777333422,-9.577797481461982,4.0389641827218155,1.5489376794609448,365.69230429412215,0.5813650306918285,0.0067835343427155035
65092,-6.8139117639580284,-8.702593062750818,5.054000216933064,1.8375393095099475,467.8066892470481,0.2526651280594594,0.0067844497850442585
65093,-4.746133626801722,-9.921778805092195,3.9030363342339878,1.8312006049460883,469.34678619441655,0.2111296368229887,0.006786053611553064
65094,-7.610991190598826,-6.009368262628042,0.04310173554635531,1.5127051506418359,348.54598976284205,0.17667370989340458,0.006786692157620576
65095,-4.6340716956007295,-9.773952151599616,4.024749311496291,0.624741761403073,127.03585634166585,0.8063139843756284,0.00678767727006959
65096,-5.954049047333557,-6.679267999851535,4.122842780344257,1.3693921050632465,257.2516449712386,0.47505246649580446,0.006788367401143236
65097,-7.680620480103216,-9.291728612130466,3.2168483354797863,1.6301476939920236,346.4457539045091,0.7597844875219888,0.006788657981078053
65098,-9.086232296781908,-5.708506564764079,3.5225741328332254,1.442525538123262,330.3768221550998,0.8652077386265917,0.006789116708505542
65099,-6.285158588463436,-12.517852764381937,2.8258278015476614,2.4162271695525224,446.2894597719234,1.4515740069414846,0.006789255225981247
65100,-6.713834912784967,-5.214776813834023,1.8735884727958305,1.0143110623004727,277.88425705338875,1.3232545829506943,0.006789671373209529
65101,-5.647986495882536,-11.17429446877636,3.1878578290568744,1.191441444632241,243.4244345123785,0.9142029017276441,0.006789848049624559
65102,-4.946613803320509,-7.0517978237227394,3.7504162870330173,1.1908010239529772,467.3980584164988,0.3096209301997712,0.006792262636128062
65103,-5.511951542409345,-11.579163836587687,3.039114694277225,2.1475303547819453,421.3384733164616,2.0092208119993478,0.0067923285098555495
65104,-5.681696832426304,-6.839927752183226,2.9967871371872516,0.6787988484980754,136.13377510305958,0.6243689486013961,0.006793064262485284
65105,-9.185727744690071,-6.579990447387841,1.8977959009416823,1.2835084391382554,320.80085689037526,0.45631862451496286,0.00679412096062292
65106,-2.5423471729704774,-10.165330289904638,4.497558814228868,0.5945313842244802,173.98745177965586,0.9642964595364658,0.006795177683589829
65107,-3.9787323556575362,-11.46842212605485,2.9944457759372436,0.773563228115246,171.7204467605261,0.09254851557071841,0.006795416857925604
65108,-4.394387341702609,-10.289033386164911,3.6050491461839744,0.9074890853123769,437.71802718680294,0.5605918252847975,0.006796793760974474
65109,-2.2728749842730043,-10.978664108523022,1.411530584064047,1.2104738443571856,271.2828724931921,0.023312678888507854,0.0067982652961877995
65110,-4.020570869734877,-8.715539790825272,5.079115716256564,1.5608279712171056,377.42214483841906,0.11217678042883161,0.0067995621015155905
65111,-4.53508637544102,-10.376426565101806,3.543834888215051,1.1287942739880226,289.90015473332835,1.3784018611358393,0.006800452430956766
65112,-5.61648677114089,-6.885766766752688,2.799849903840091,1.5085621039703867,339.774151369676,1.3730757211389344,0.0068015526619011855
65113,-2.86223255815292,-7.780251523533739,4.32048116025737,2.088773390072868,396.1249698177034,0.565803218023194,0.006802033097724221
65114,-7.056099136000967,-11.948017387202093,2.2972655262710973,2.9040794975357413,488.6981908349904,1.1062856136970582,0.00680217626890005
65115,-9.222225315609382,-6.6910529636889535,2.481481519898357,1.0929555340369788,290.9930171343619,0.965901070571916,0.006802360609962953
65116,-5.222691649934758,-12.539272682325663,2.7968621023052136,0.9744236279445315,157.78057299935563,0.1962642123309939,0.006802534007703117
65117,-6.686185990671793,-7.342722498842902,0.24120570235034872,1.832530692586702,466.91717140954773,0.08375557745350193,0.006804298265213105
65118,-2.8029365052581507,-9.96601049596792,4.527190494871953,1.2487568434001737,315.17772139400944,0.39992418662498164,0.006804368254130523
65119,-6.975110792453712,-5.2748189776149434,4.969003408184432,2.4893710296825113,455.1805211625368,1.7627610172022532,0.0068048550669332995
65120,-8.166963485182112,-8.903371939353534,0.5118007678815911,1.1469821690050463,248.65246508758761,0.588649388650798,0.00680872749472314
65121,-6.321453549415933,-12.22893636218283,2.8618033586163563,3.0604078852529537,191.10184646343572,0.37432800565273094,0.006809090433932508
65122,-6.060312692489311,-8.895696454523748,5.0173612694179415,2.89908596122166,490.50253751749597,1.4110839613169954,0.006809221531366892
65123,-6.744653286648669,-5.560878577199302,1.0924552537492052,1.827603871841926,436.4427764295643,0.3658919343547318,0.006809329791008387
65124,-5.524515212670808,-7.177059732600504,1.9161929499021826,0.8209905572011871,468.08438483437277,0.5405428733501401,0.006811117231230831
65125,-5.993256767492604,-6.646286048212518,2.873640354894923,0.8197752832524121,170.71778314237258,0.947785703818,0.0068126308338301664
65126,-4.862588226259455,-7.136926712828632,2.7280179320266584,0.7735571689276198,169.05612717869568,0.04316116642543033,0.006813208305056957
65127,-4.247534012047733,-12.531724669191714,2.7405749760898384,0.8989724643812572,467.97858570846023,0.35813665765992564,0.006814312297916949
65128,-7.05702542644597,-11.777548267790856,1.5960605200460494,1.138017829876365,293.9268129362024,0.6367224293104714,0.006815073338449485
65129,-4.317036181866642,-8.644839540754617,0.017614583654699638,1.4457521395033728,276.76879708844695,0.48653523294224765,0.006815122476231919
65130,-9.256409621088332,-6.19023623799476,2.2869965909667536,0.6157996007940025,129.96839364146774,0.5751628183629363,0.006816602603759627
65131,-4.047850072852951,-7.325277142005929,4.794529846302228,0.8807453632393566,468.66025145701684,0.5616809240518981,0.006816705619186228
65132,-4.132751245589063,-11.942887521122934,2.8465791484889165,1.5386273428836033,356.50029249909494,0.2678816286941368,0.006818110667370246
65133,-7.316138088045486,-8.287653042850035,5.133787366415261,1.6495227435314779,380.5608413893682,0.12471069710568283,0.006819707950593249
65134,-6.797293047456693,-5.180043868574024,1.1625114175104112,1.6536381679101892,386.0845087457041,0.3904755758357785,0.006820277936211553
65135,-9.181235340443408,-6.556093121206413,3.047077856277354,1.7570060617868866,368.6994282767539,0.9404242394979203,0.006821600329464416
65136,-4.505883113976951,-12.665495930263875,2.7349647613529244,1.5181160909437326,356.04421583268294,0.2888528335114202,0.006821803716296226
65137,-9.208917703253046,-5.393193744074389,1.9207754332850069,1.0689401034916097,288.0548049993268,0.9784545459875611,0.006823505705861866
65138,-4.419871511088469,-8.972849530842355,4.822022277569764,1.6459261387272994,379.8948882877507,0.18058243943494823,0.00682410365606037
65139,-5.389688912575078,-7.500404265965164,1.2166809228171434,0.5438081394769917,114.21106737980321,0.2773998185899833,0.0068254718703409985
65140,-3.7190624861679282,-11.859719563526358,2.85752268168964,1.7931940759210374,428.6202391248521,0.9051325091816809,0.006825776386282676
65141,-6.5668654338742645,-10.749213701756277,3.2953593583190064,1.8644079400566274,467.67758666910925,0.3753870329547029,0.0068263345012162455
65142,-3.9309513237655827,-11.634536860789213,2.9329753765655746,1.0897321134900535,468.3736238962735,0.5264789539176364,0.006826568185926578
65143,-2.884337025099124,-7.582175972452976,2.745404153819726,1.1822087174435076,467.36015792935007,0.321956722398439,0.006828930814368574
65144,-6.359781087235509,-7.182004078835412,0.785357554143552,1.795781581115694,468.05520369354986,0.7054137057639549,0.006829397963947166
65145,-4.669643404420128,-12.868577700756086,2.717935627371188,1.1020632495014677,468.4723801155607,0.582424855172162,0.006829688629622921
65146,-6.465106162930536,-11.658021131981377,2.9588088354195388,1.8123337499769798,373.1616562253475,0.7970774388774933,0.00682979231497493
65147,-9.033416535602733,-7.002960870280567,3.3278600260288007,1.7595205912118121,415.47807577013316,0.0810354159124369,0.006830827550135777
65148,-6.454547602099847,-5.936173935691655,3.357887386644806,2.5186163144097575,460.2871873186567,2.701417046406453,0.006831401296881005
65149,-8.980983295115541,-7.0113241096112375,3.503278457902172,0.8308421725974668,172.79181183264382,0.5744993553819837,0.006832597443844831
65150,-9.255047651374383,-5.019138593968257,2.5127045186798824,1.177881125540212,254.37694296106724,1.02293924947105,0.006833284102996989
65151,-5.059380601495131,-7.2309794973354995,2.1017769929138312,0.9634085957974863,253.94737313822526,1.0813540467052798,0.0068333173022536615
65152,-8.027816928590587,-7.515006298166907,5.059658776265498,1.1424038824081215,299.10908083561816,0.4831013892174889,0.006834424145576408
65153,-4.520449981691313,-11.890743706077656,2.8847290891414596,1.6031478952245308,468.81545967909057,0.2596235138229339,0.006835522558626813
65154,-2.7934834169903935,-12.083055683698305,3.5910379890699144,1.0023704116520176,276.8024366343421,1.232448454773719,0.006835891392752343
65155,-6.959985332678578,-5.497157269583702,0.4749681907254293,1.0890574210466193,422.2082791100968,0.3000792305577695,0.006836415566978817
65156,-4.675485117590739,-7.958643401753805,0.651799252593183,1.1991541604162266,307.91980893108166,0.5738543420957596,0.0068370990114534
65157,-3.982639797391416,-7.566203526570022,1.554282771819447,8.702609612092777,585.017098515341,0.02082274169749443,0.006837304875378511
65158,-2.6373467395440544,-10.092829549315164,4.742148094791298,4.687254304220535,495.7275834340657,0.05884004162074863,0.006837716051204458
65159,-5.489536238758408,-11.580735203092688,3.0344731536529057,1.2760466904486278,276.00717816891733,0.19724283463653602,0.006838822209893774
65160,-3.9926644088233223,-10.411406491275867,3.5046266267471955,1.2332733915304326,261.5079754342713,0.7110195974402318,0.006839311118521377
65161,-5.747433679557685,-11.470493966935225,3.079865337861322,1.491358551872681,336.20526427797444,0.26301708873553675,0.006841447589176059
65162,-7.805848325662831,-10.47005177569001,0.72122562487823,1.6612107389685598,389.09690256957225,0.13502909288828224,0.0068414900379250585
65163,-5.961083978635859,-7.678447247476755,0.5794774087998661,2.0293274913918222,407.9799844894987,1.818329328230087,0.00684207510049936
65164,-2.3187181517509377,-10.05386758655338,1.4667998954301298,1.963203860933857,391.3233404755611,0.28163417768864196,0.006843379224815787
65165,-3.0426076296000026,-11.932284985182404,3.0277932730246935,1.1857303986024041,270.18232639179934,0.6235328472871098,0.006846018942083297
65166,-9.174660591093744,-6.910778144998319,2.6711933001804393,0.8975219970957677,213.47163267626868,0.06410474836007918,0.006846306708315006
65167,-6.975826630756885,-11.306349772026255,2.704952107333317,2.746215166870673,478.4248135186738,1.6505383237737155,0.0068477722769365685
65168,-3.7926565869862348,-7.304666108453538,2.3660065413751497,1.614442764811576,373.97475651396036,0.5646822567299417,0.006849914466617076
65169,-4.411294126590828,-10.131395701224001,3.7083302836311764,4.709093850063986,469.0075069780406,0.03374073484092133,0.006850025299901353
65170,-2.8343258182227506,-10.821205192468131,3.86882208768339,0.9632827933884912,424.60020558994415,0.03167354647129006,0.006850608753541838
65171,-8.441633447409199,-7.7626001267539895,3.9228410133417486,0.9395129562322042,330.83173788626254,0.012320769097195594,0.006850903287193053
65172,-8.173431669591528,-8.143073301647348,0.4600236100452128,0.9336931510467598,238.72623606987244,1.2253576949149663,0.006851334943678656
65173,-6.723744244081345,-6.156941672181906,0.9007373254497439,1.8698103972035103,388.27361444483154,1.6678546798151528,0.006851741020045953
65174,-5.568445401564073,-6.88471991216233,3.9496546618622745,0.727390042051975,210.78917857915883,1.018918438257563,0.006852062998553623
65175,-8.427691663886145,-5.108560514304769,4.925769778512377,1.1310503822415827,268.28244056496743,0.7912058461672702,0.006855201168072542
65176,-6.226210266416329,-9.572945466091678,4.2634099688887686,1.661613775903683,469.626283337858,0.2404397721422411,0.00685572769321893
65177,-9.117637855203458,-5.221688248571785,3.371512954790625,2.525022808105281,456.1380716097738,1.3424580637821508,0.0068568960710207365
65178,-3.65198024780208,-12.129962239996871,2.794140821206752,1.3291475005341413,285.3180788109149,0.8592335860667797,0.006857660545487037
65179,-8.871911861796198,-6.639203061275159,4.052374050585733,1.2186748548315691,467.95197794695525,0.5969431369922535,0.006859072453227342
65180,-4.6873162302484275,-7.111675393949359,3.1828575670488024,1.557344287493672,361.33636636696116,0.37154191723070973,0.0068600359925233955
65181,-8.80709709602075,-7.989001243670989,1.5733018780870751,1.6756727481289426,394.9782493811267,0.48297879204942795,0.006860602338897408
65182,-5.059989829252095,-8.233295466498088,0.2909488563347898,2.536519135692915,447.58636944647196,0.4543358657490968,0.006861399133927792
65183,-3.9233589312153496,-7.316848062413251,4.703130608211875,1.428553745803901,327.22274399880104,0.9564930567700722,0.006863239849962427
65184,-6.877566990642395,-5.260437163648497,4.68393430927495,1.0513724162851152,227.69131157823605,0.4261112426461713,0.006863551601738234
65185,-2.791749615309601,-11.7911073706362,3.6673175651867798,1.8540315576142388,468.3023078285841,0.3522465835382409,0.006863894140336677
65186,-2.2487310676873564,-12.18375302063315,1.385892814115424,1.1179609814573215,468.3984865345685,0.5357777454391952,0.006866635223685577
65187,-2.5009637151028175,-8.730176093770138,1.6088938964727422,1.118066950494693,130.8808221820992,0.32364785453974765,0.006867510273367197
65188,-3.9853345437147167,-9.456779272995671,4.290922509048303,1.2319250751040969,261.51910888374755,0.7485841079627891,0.006868218457220087
65189,-6.146579903378528,-6.4480804360396915,3.2734395009763895,1.145132511022016,294.69359533900825,0.4863054254116106,0.006868254798549392
65190,-7.013615446438193,-11.546552259039247,2.538197896707797,1.825809335980084,436.15475120635176,0.17899243096390816,0.006868520853611946
65191,-6.173460522256958,-9.928692789051656,3.943081338488826,0.9759910443167746,270.7040300461364,0.9316221568295582,0.006868688366568178
65192,-4.318674519266237,-12.803745471357576,2.6878706158346715,0.7893389084385634,167.11636453806688,0.16423709753218763,0.006870043429877755
65193,-6.463440179619617,-6.319845726611606,4.71459464684358,2.3769544097701694,445.52410291824447,2.1691337546977474,0.006870223233968326
65194,-8.391782133736681,-6.632059608112989,5.049781574113561,4.769826119755249,609.8217158759406,0.6097638830501309,0.006870840373330452
65195,-8.6779766630154,-5.586602322372315,4.515420022559861,0.6916984744865249,146.63371325282463,0.040193146769357035,0.006871133777775605
65196,-6.117334384808929,-6.482629174378741,3.224157874777081,1.8379585047414757,467.59368127125055,0.6766956587535047,0.006871183644193484
65197,-5.456102435200032,-7.053523591780073,4.684698180220508,0.7031873352213537,468.2186598319809,0.3657406390030804,0.006871231526362504
65198,-4.246700779568285,-7.360455396565829,4.930436976664793,1.495445547209013,342.3430334948217,1.8825740297674178,0.006871867410195539
65199,-9.16387931131758,-7.027318833610256,2.193167729190925,1.6622992936254206,469.76623449481747,0.0017721910765109428,0.006876621795898177
65200,-5.781391704101698,-7.211280062287042,1.5471609274092246,4.533442672352667,587.2307949838009,0.31612421035090144,0.006876932067087155
65201,-6.193251115569343,-6.471613478679996,2.575616704446351,1.8595109079545709,468.08828948165836,0.27151124649904546,0.00687764435821893
65202,-4.580936873567373,-11.510946924845861,2.994496056748689,1.86757836508632,448.6419129361875,0.3179713212258619,0.006878074133068138
65203,-6.15412928942499,-9.546758688915288,4.294632366919478,0.9859289963183822,197.32998092304854,1.0227367628519053,0.00687840620096014
65204,-6.820858575444685,-11.231958327105897,2.900830097268786,1.0583008552657538,285.8831963769095,0.9158503393496735,0.006879398058549905
65205,-4.6538899130268865,-7.809968805858327,0.8672449408647287,1.9015258418522394,388.4612431335989,1.2617249213062154,0.006880501989471752
65206,-8.672259385878741,-8.270224270557893,1.7355550918518006,1.184994293451262,209.1350196541103,0.10551167864882327,0.006881227174287801
65207,-5.647794518913428,-12.524212132097379,2.826754934326831,2.450423330737795,451.8590311839287,1.9218312351000586,0.006882775175070762
65208,-8.788896408713649,-5.304317098260586,4.249917240257738,0.5572109353030418,133.95909613732465,0.2682218337554696,0.006883473535031309
65209,-6.342452188162049,-10.847694466361297,3.3066763131004655,2.6115631739511374,463.8509628272175,1.3371025342221268,0.006883831066662782
65210,-7.040012904423083,-12.766893665897454,1.2090534929203458,1.375211276500294,307.10599710858554,0.9443364346117278,0.0068845464844468785
65211,-5.940850943133363,-11.389487782193397,3.1082515770265386,0.9850273870085883,237.45807639482365,0.08546844042891077,0.006884766416800959
65212,-7.150579628772002,-10.91694161193703,2.651049954985411,1.0980701047365231,288.03400328714196,0.9666992246108794,0.006884774594500141
65213,-5.558911206139332,-6.865668117681356,3.3573833771174137,8.228106639957426,429.7612249847839,0.13710915160499315,0.006885015996669666
65214,-7.4436371319327925,-8.65076923086934,4.500059120248364,1.5966183430321113,376.62402773753286,0.4467684619613985,0.006885112941619825
65215,-7.249822025195446,-10.952260157677955,2.4211473879934418,1.3522662012800077,303.31034882678654,0.791400271674779,0.006886618556496911
65216,-6.680142438395424,-12.68274907726496,1.507356083557488,2.1174488357475623,415.38316659818844,1.5150714488829538,0.006886733117361109
65217,-5.612432189731274,-10.809164300680933,3.3495882400822348,1.279454787543565,279.54324756025164,0.9999341530501793,0.006887639537803052
65218,-2.4224546026083384,-9.947248900403178,0.5589070361620514,1.3908041105831044,303.2580837543468,0.3265193397694004,0.006888180140662109
65219,-7.528570717149639,-11.243330311508881,0.4410492805706043,1.043963517522579,219.5817490567805,0.9431857284333818,0.0068899635605885745
65220,-4.171001328628092,-10.7923341428897,3.2800417440650285,1.7242822659763029,470.14414889287616,0.15682826165037778,0.0068923115640248354
65221,-2.4904776558289186,-11.211152840967323,0.27428015052549143,1.0439274551529476,277.5992435772344,1.7283682755470675,0.006892750165341662
65222,-6.051698033631665,-6.546497641521025,3.4052449659164146,0.7412297145017198,148.31892286478708,0.8956449957848021,0.006893374753529218
65223,-8.589014531796701,-6.564133194774129,4.70522186961948,3.8006545889838463,463.72194528640085,0.07535371524167989,0.0068935689260885905
65224,-6.058629615557381,-9.67186510273693,4.174313455089475,1.043206383581144,229.40218121867372,0.016148063763394838,0.006894695863913598
65225,-6.1871495438026685,-11.739950166960435,2.9893245074147106,0.8575361662941678,240.32965871210055,0.5804178143750915,0.006895066803165556
65226,-6.7865124562847114,-5.906353485640704,0.8585690469273939,0.9918932954689941,273.4401364530015,1.627832542302479,0.0068958192096268845
65227,-5.545806461699498,-11.262517885989972,3.1375606218711067,1.0802958210163527,221.37358569545168,0.1840939430716153,0.006897422574669757
65228,-6.5560033313180375,-5.568983620909144,3.083597030670456,1.2045877230165436,267.8936610481584,0.34874085438032054,0.0068982653048518024
65229,-7.343603805633833,-9.041802920596236,4.126093734277939,4.312901593151065,578.9312303466619,0.4146152609283087,0.006899207357715985
65230,-6.8571652665601865,-8.702528061414117,5.02037698068898,1.0865507606640599,231.75072823388626,0.7987419554343651,0.006899771501675165
65231,-2.7996084306248212,-10.30847759512723,4.286178106598464,1.082008238549747,282.73689991167026,0.8078466911604956,0.006902247849724666
65232,-8.988766878842904,-6.400563364178667,3.810325649385522,1.45665638453764,469.51342698608386,0.14931696852761167,0.006902691212687421
65233,-6.85156233818684,-5.6125770763585345,4.8888045231296235,1.125056260072041,467.91633372243604,0.6092659424427538,0.006902695174419174
65234,-6.599444880290902,-5.4711367012919006,2.629052991590579,0.896076347148789,178.60960424700716,0.08620236269875914,0.006904667455329505
65235,-6.584533383305802,-5.5794302621663805,3.5717064308783555,1.369751428036305,327.6482705073891,0.2359980442571592,0.006905612840283124
65236,-5.237011947186582,-9.367203377926321,4.437901920924721,1.285540653512881,468.51858145829215,0.460898830631856,0.006906784198886203
65237,-8.581714378727463,-6.523896986812283,4.72426529761864,0.7445138821532142,223.07498194198465,1.4768773372471218,0.006907210700752927
65238,-5.3472193479464,-7.0111700608037495,4.290755251469214,0.7442107967360401,177.955811667264,0.8376570705169515,0.0069082042377289895
65239,-7.345418905398212,-9.749009336887278,3.3008120315592806,7.02021686084035,495.20865863613017,0.021593163456237185,0.006909968056478058
65240,-7.67627543289314,-9.607810235615974,2.7785511017500726,1.0663146687268408,287.05842870633114,0.9762792846030441,0.006911384455639389
65241,-2.8765927727757674,-10.325789241044497,4.069309658500743,1.491082994966151,336.67770748964756,0.41299432079168685,0.006914406392076609
65242,-2.371865257024073,-11.953305904222976,0.46571570276577046,0.8787056273857631,252.6795687339508,0.37002877186136107,0.006914411771995481
65243,-7.502431212886549,-8.835259041385491,4.161729898589555,1.0162437614507382,279.31455005590925,1.3248892455684134,0.006915274522510959
65244,-2.4916174725388016,-12.475923689894906,4.0470439766588875,1.344386669093613,238.94538605950152,0.39442815603412207,0.006915409739997078
65245,-6.540950235704105,-8.717940486297202,5.146668458170625,1.8810543005681302,460.49301258375664,0.5676811173550709,0.006918441266280767
65246,-6.757501371225105,-5.849967212289326,4.851286675979381,3.6481825646473167,534.5335438690844,0.3725960849827823,0.006919660115565667
65247,-2.661121454830102,-7.98233889313654,1.2592473279618122,1.9271972983316614,393.8532006873327,1.372679822669471,0.006923299504758869
65248,-6.546001559012847,-12.001567110313557,2.8256824627502417,1.1618514242785911,238.3540770893208,0.02054750680868178,0.0069234667937494165
65249,-3.3356307333296478,-8.71770224438324,5.056391432854057,0.9135773997080118,468.22600647911906,0.8834332722817422,0.006923760171594429
65250,-5.526782572512508,-12.588021482264027,2.806963196464138,1.6522615095650424,349.8066718497394,0.8779824064235333,0.0069243331763765275
65251,-2.8232129856639716,-7.738960363537794,3.680091290702634,0.5927208503518023,117.80207320384368,0.06663581939504493,0.006927020989741723
65252,-2.989434829363665,-7.6988575570804265,4.937939597446838,1.0841027316621907,281.2122923981012,0.5789365604994101,0.00692771638976103
65253,-6.934326413819776,-5.13253211619252,0.6129066771444012,2.1724032809549416,278.3925223512898,0.07382807850826101,0.006927936810992106
65254,-3.0530859421047394,-9.084858809511417,4.862191730063441,0.8550810512200194,468.60394423462645,0.46911651510307895,0.006928086232483435
65255,-5.082221906554975,-12.335577467634728,2.807804676340631,1.3875755365468851,236.34072154210781,0.3939977020549641,0.0069283506741789356
65256,-6.888245945547499,-12.821092692305657,2.346614325100737,1.6171320038962782,377.6618439387932,0.8823237137101527,0.006929844776645091
65257,-9.236294554555041,-6.497837239576967,2.52603104962221,0.5469492189878327,147.84347660622552,1.1805694336616996,0.006930293120353556
65258,-6.375471752367657,-6.307344773017112,4.274412967968487,1.0804753567387775,279.7336051196192,1.5815925255609944,0.006931632101921532
65259,-6.649187518747048,-6.160661232342159,1.1138289414274647,1.8224108457439985,467.69427669754367,0.5519307509154379,0.006931855648209523
65260,-2.470982804549891,-12.430826941340099,3.881149279219591,0.7795288879735652,467.0898109533511,0.24939754994247298,0.006932097981244691
65261,-7.915498165014409,-8.741291779244886,3.5036528365191137,1.1730451605967713,170.6971159736969,0.18249141155172666,0.0069334895015151846
65262,-4.653139615879315,-7.910588651095114,0.723082129649421,0.9711049574840721,246.08182934826655,0.4697167870352059,0.006934589607619403
65263,-5.284859024769509,-7.13184304384236,2.3330813697411736,1.2623867461707763,284.5375696592396,0.16098772766204572,0.006934701026931488
65264,-7.147623642286732,-11.81312030561712,1.2645428611456626,0.6281738464881323,188.21955084178327,1.0253180187726203,0.006936697111384432
65265,-4.0233491510459025,-10.798539774919302,3.2626485592627694,0.8221954717545588,193.1048343678126,1.1970612147233917,0.006937647131366229
65266,-9.24568247959808,-5.509527357914406,2.6954184939156747,1.1058133309845648,313.56794171672635,0.9042323863810982,0.006938958949074059
65267,-2.549539092112184,-11.65204866241145,4.263162053631126,0.7567183641215879,443.99283385552957,0.2724984195443687,0.00694101404206905
65268,-6.976802089403562,-12.938614477654001,2.082399391931963,1.8041351362273892,467.47086428078234,0.3335389745747266,0.006942947746582157
65269,-2.4013076365997748,-10.778280179525549,2.7055873360359532,0.5109881954674304,136.60921573323247,0.5337959337435434,0.006944868908553834
65270,-6.453723471712723,-7.097706517174882,0.742722633152464,1.0839160352047092,277.69759248446377,1.242279960143791,0.006945332446572638
65271,-8.438263416460236,-8.335169462227839,0.5775697502029943,1.0681390430591986,278.67335550861395,1.5775228529224545,0.0069455893828029806
65272,-4.692086117689691,-10.695181523482145,3.3426608409032323,1.6759553764466826,469.73001315763463,0.2386954252663802,0.006945788233033055
65273,-6.072001306856317,-12.99862684509129,2.7707419301483664,0.8867558233709252,236.78263213689166,1.2280242563952575,0.006946805072657775
65274,-3.673564864402513,-7.208816207248976,4.0667367857797965,1.0224956243919576,272.5382314864022,1.0195348057897933,0.006947004932334348
65275,-6.97526208637885,-12.410238655478553,1.2832094841825956,0.9911625023278756,260.9279974672459,0.3197006764891386,0.006947494740903912
65276,-6.786149007259723,-6.0474793897318815,0.7855944408650116,1.8571634313967325,446.7894988948036,0.23976210129051623,0.006947681202032855
65277,-5.6087839736177445,-6.884725877016128,2.9983665193644087,1.712686221783616,403.0646502607197,0.4258464402236788,0.006947775699600129
65278,-8.85262830703526,-6.631210054087942,4.095710391826684,1.3172181741959925,316.4203657823726,0.614547432141813,0.006950580536607803
65279,-5.586787274007797,-8.272461354493565,0.16409012873281623,1.891771134936499,386.80008922813425,1.1717569685472542,0.00695078776047626
65280,-5.79246763437538,-10.65199031661514,3.4377165588649725,0.9885543979773314,265.42147842039924,1.6045798325406695,0.006950925713163316
65281,-2.9666897492356306,-12.177328354998515,3.101939203972051,1.1911948880039884,300.70737649346876,0.5441483891678844,0.006951634812756133
65282,-4.680719661032033,-7.745992400861213,0.9769570255806482,3.0942275034091695,507.4158504618778,1.6181581434305548,0.006951704783012511
65283,-7.002372012475426,-10.534082235474104,3.097511979043026,0.5437758158205379,166.5157938809473,1.2077066392406488,0.006951758711251341
65284,-6.40233704161023,-6.4969982309362395,4.9079884247611485,1.6602254894778732,346.1508915241452,0.5654368032899342,0.006953995116093558
65285,-4.2769365200650995,-8.610629196640485,5.180091745378597,1.7322477045227909,408.5439195496025,0.37523959460285905,0.00695434020679792
65286,-8.97752105475247,-7.057592416619898,3.453284650857569,1.4900487262114612,469.53591506055864,0.21839676536837516,0.006954724931691333
65287,-7.470119304629103,-12.35948756815938,0.6240279130918728,0.8712508638004566,175.93509706608657,0.3042875256108868,0.006955243721366436
65288,-6.056752510761137,-9.344916509579715,4.5024018764736375,1.6410023404646747,381.068090434128,0.15636141236982848,0.006956294362176731
65289,-5.694277510287942,-10.71449570016715,3.3952746743366995,0.8649383061467432,215.72108769226406,0.6381586634360197,0.006957987142847287
65290,-4.162037055060887,-7.227064809481746,4.331730233974687,0.9722249179777778,195.0278580927681,1.0680549293645818,0.00696187771000907
65291,-4.251327901988984,-10.832033666362706,3.2564773713480863,3.7691497313469475,441.85692630601943,0.0723960521903253,0.00696246704627815
65292,-6.217429628619526,-6.607305422617207,4.695571416399216,1.6699189244156147,467.95655701404564,0.4550784734113291,0.006962518289433925
65293,-4.243042071243331,-8.184548086570189,0.4269118986314593,1.6300026074666443,378.0418114105353,0.6716733433230235,0.00696487715489994
65294,-4.2831852705831235,-8.765033112435589,5.024386186435724,1.270582822474846,315.83186274618066,0.48766578475922184,0.0069654990127903426
65295,-3.19614589261064,-7.235478415142392,3.7479172001016603,1.4380413144384216,339.43306309815756,0.3260111790727258,0.006965696026675664
65296,-6.336586402441537,-9.468460549715484,4.345374829019819,1.4049292687107402,467.776916937937,0.05039751256624836,0.006966075856685698
65297,-3.681197927846708,-8.185285327914254,0.4494330791811744,0.9985274404665463,467.9463004743947,0.18579183774808428,0.006968027133200949
65298,-6.285542597501319,-7.195140370779608,0.8754657342896517,0.840132623266602,206.81581323078834,0.39157407567944613,0.006968092745023988
65299,-2.79972102924485,-12.514356263008112,3.466796077783636,1.7931766280192751,426.32528887077746,0.32323736318321483,0.006969085804114401
65300,-8.35382651454135,-7.130689545824739,4.846185520526406,6.30982108231921,683.894244067425,0.6153253890096906,0.00696922527455841
65301,-2.880163423534569,-7.693786962847964,1.6297066476956863,1.7477467967898779,467.75855987389525,0.43154565123912914,0.00696953068106997
65302,-6.81318011012767,-12.542858020093023,2.4976247969260448,1.5192004712695315,347.59350838776686,0.1916229858705636,0.006970131485447955
65303,-6.919139557758813,-5.913975789431186,0.4995326278958289,1.0212716980240437,257.5068929969273,1.4101293449945498,0.006972167509719464
65304,-5.235904256405371,-11.834239164188222,2.9283004539374105,2.5425303306456746,460.45575793496687,1.7946589135194264,0.006972183952671868
65305,-8.281319608933028,-7.722207033964951,4.327860951230521,3.576123787845268,542.5129078389502,1.3383384471231397,0.00697241138854615
65306,-4.267657002419838,-8.640154995044371,0.039277311299427686,0.7665625088597123,221.88581149892488,1.1335577383444457,0.006972550083741022
65307,-7.216187227990826,-9.424620020347994,3.829965900144655,0.843704901475789,165.2736174895417,0.06697823017301907,0.00697293121989297
65308,-4.026866489549884,-11.725782200514558,2.8927812675690254,2.622416353621507,466.6545668526519,1.5501218381485034,0.006974215360841055
65309,-5.153526281787498,-8.558170766853944,0.030976487401906748,1.0431410014552305,282.5142544005629,0.42186021652026184,0.006975321898260796
65310,-6.4987908595028525,-12.897339508812442,2.6834876577673596,1.5949229616736906,317.3468452244613,0.21401801638790285,0.006976682247880784
65311,-6.662056258519848,-12.61518515159072,2.6281585761247315,5.728104650198353,657.4969595701796,0.4786995201521087,0.006977190188341825
65312,-4.930798116685526,-12.245233451266085,2.809913023726677,1.775903753649538,422.14895753692576,0.16157737014104345,0.006978069712719231
65313,-6.692554279424263,-5.428134289135449,4.0671742933693436,0.7742536987614539,207.52555628517337,0.5523643056461696,0.006978189608102191
65314,-6.997119870204214,-11.081459651520674,2.7728164273703975,0.646265274061415,183.7819280152574,1.151286687113518,0.006979751773677429
65315,-9.206567377275437,-5.860015078657443,2.9873245130180535,1.8859988876313902,454.53110367052574,0.36652344653317925,0.006980848936499515
65316,-3.6919588582661866,-7.280579628056997,2.528450538854897,0.9279776778647858,234.40520439166644,0.6050204668693988,0.006981655692955731
65317,-6.225915806372015,-6.82514794879066,1.6563804126195676,1.0942065057977675,261.18730219343394,1.5291239340305989,0.006982431396449536
65318,-5.327294605949629,-7.1481157852916395,4.8710388832662055,1.4804648930120736,257.032351586496,0.1267380498637456,0.006983128175193058
65319,-5.896887232404988,-6.692124558205967,3.143736721392744,3.7469022998798986,554.018656754141,1.2487862597866934,0.006983359429761263
65320,-7.383681797388677,-10.946470359067026,1.9537748977637002,3.6464574992840237,540.7162704398535,0.669347629193779,0.006985552017987249
65321,-5.761623681139137,-9.591204381712476,4.246237988958429,1.2266170499202171,232.1987213550657,0.03184746928912574,0.006986439591303465
65322,-4.338376254548011,-7.262138266274076,4.57982278097689,1.5281851978087768,347.2813235844139,0.9832103006458981,0.006987003100180629
65323,-4.34261764009714,-9.844322484392611,3.9266221687011114,1.1264853579465393,293.50566710650344,1.6641645677410244,0.006988721924622702
65324,-2.4087687203975108,-10.17683012454499,2.4677979796408227,0.9498078137022397,183.8144921996119,0.0661021495950127,0.006988846282299571
65325,-8.14878728402647,-8.09035083179214,4.048065782076658,1.2579686329257245,178.52523976435154,0.10817067543959702,0.0069891988152403686
65326,-4.844053536758185,-10.406336309096815,3.5305489364442226,0.9273277107763166,242.96222257163416,0.7797116482165167,0.00698957869910283
65327,-3.0726891731462587,-9.08012655320434,4.840495800253784,1.061784471484459,276.35175108026857,0.5017207781763551,0.006990848427666399
65328,-6.9608208617631675,-11.97962705560745,2.433243453457543,0.9119387850508694,205.7357925003578,0.3371148302587539,0.006992300180694214
65329,-5.518926727186364,-10.284091566881855,3.6537361225715412,1.0599982732116229,280.8608997809797,1.555295250880799,0.006992385275847571
65330,-9.01323897156695,-7.241305949590488,1.435689096542175,2.1966671036137977,363.19636505484453,0.14239476892946445,0.006992549188744265
65331,-7.039534108713118,-12.372474463424306,2.0816268398789393,0.9056208742714408,469.51919033157105,0.13749251750238667,0.006994565550663973
65332,-7.029050999430117,-11.59718982811518,2.4732599169245297,0.9390516284236208,468.79342738612917,0.8735786465814277,0.006994716200773792
65333,-6.400525513219218,-6.236509972319853,4.199566706568727,0.8402188645035137,211.02653889846394,0.44313101314638015,0.006995722915712192
65334,-5.472348954505358,-7.902919215095171,0.5471333130489413,1.1562930250417267,297.7577247439788,1.118288393389257,0.006995861508194864
65335,-5.729163243183831,-8.141753076970062,0.22826584778745515,1.1138308495627114,426.3059867279617,0.2157645658879508,0.00699734577559037
65336,-8.90373944902944,-6.2400379970274065,4.037309702314681,2.645716059622197,470.640863598211,2.0029023037311324,0.0069985993242290346
65337,-6.521242651920197,-9.385648587722187,4.384355837271531,1.1801046816546659,467.1731570967872,0.22982168652152257,0.007001595070330277
65338,-5.420375729068319,-7.660564062508616,0.8851571873717423,1.0361513533884923,205.4801187527946,0.7806043774264984,0.007002255181208964
65339,-2.5918925058588,-12.41469661197186,4.151911460464923,1.442660185900033,329.2494091231578,0.0377750052017074,0.0070027362106803315
65340,-6.198257329592158,-6.447033546989887,3.967845244436778,1.113814900647221,282.9271909037864,0.959656442813122,0.007002906480518384
65341,-6.351495433649078,-6.165963610023073,3.408378179435213,1.8429254250062763,467.47006802332595,0.4035265379826001,0.007004911739425179
65342,-4.0131595108018745,-7.453070097082784,5.123159255246487,2.183352659214506,421.7207499426566,1.3415484476990889,0.0070064998218556974
65343,-4.2543747704856205,-7.453664937667088,1.8395296310210043,1.7886785209649303,425.39784638695335,0.32730063773588647,0.007008561320411725
65344,-6.549348388149469,-12.067519689532773,2.795559156358994,0.9072380591969216,179.60914068772325,0.13042719847582696,0.007009477639898158
65345,-9.104759153543979,-5.157162029698328,1.1656225929732313,0.7781248637407158,156.49416983019552,0.6349657175140857,0.007010799264042495
65346,-5.247521302894252,-6.98475225333103,3.4697344488792186,1.4090737458459612,334.95656882336937,0.5533969989392258,0.007011401164166927
65347,-3.2772247459313695,-12.356913404242345,2.727212337324955,1.1914952228887228,468.7200976371419,0.247361382345618,0.007011896943602979
65348,-6.561252750201744,-6.102652091084692,1.8414298916686058,0.622384111602895,131.1352514404734,0.16751286390961884,0.007014762451809266
65349,-3.1138816893382417,-7.438799199726507,4.649368192550479,0.7349763091002381,448.63690176160054,0.3440569411187733,0.007014919971033369
65350,-3.0325005090387203,-10.82424014660673,3.44584776643325,1.0331621957423278,282.01413617190445,1.248870528194801,0.007016689885450739
65351,-5.620390008767436,-12.472895425980548,2.8191022591783237,1.0451702812589148,202.79314194265197,0.0638069146657072,0.007018775588744911
65352,-8.246726192068987,-8.86167284155172,2.2463258106186825,0.9768356811527046,281.3969574695018,1.0705098866525855,0.007019003109527937
65353,-4.560407533650555,-8.62625648701147,5.177196827884557,1.394441035779886,314.82839656448795,0.37272221490474156,0.007019228944086191
65354,-4.703714837433273,-12.73949851066812,2.710185613028757,0.9806222417309607,253.94753068566956,1.2778668266037565,0.007019391051349215
65355,-5.9350261620301685,-6.7577619569735745,2.5042944804539014,1.4944863915204696,467.99300629287444,0.6177553377107579,0.007019788205320773
65356,-4.46059703187485,-7.143884137610001,3.2020996590044373,0.8607407587935569,237.18518644582693,0.6592628801389298,0.007020490271669566
65357,-3.677190999813015,-12.080579394462482,2.783558957406716,1.8566236018486642,469.565770620616,0.06344624127120202,0.0070219982535023075
65358,-6.29574373039961,-6.322510455026335,3.8141636029343253,10.219768754585877,788.3306867870533,0.3301496648749591,0.007024028632854106
65359,-3.22973559792503,-7.207605832415851,3.3013677911689316,1.6919170472037877,470.27707657368614,0.020942691720454043,0.007024474488424696
65360,-7.677249305726146,-9.633818800156305,2.732913018789073,4.786885435432513,609.7106913703714,0.5600080144330848,0.00702490553050012
65361,-5.301642646545711,-12.505579239249176,2.779810223105782,3.1647134103192616,471.1103783516507,0.21346089150789815,0.007026100990565214
65362,-6.098621827621428,-10.734401587954016,3.3824007264907654,4.806585925517028,612.4588903390328,0.6174100594922942,0.0070263042955666655
65363,-5.4360052637900385,-9.998789888473688,3.86025903234688,2.525579080757808,454.6239233388625,1.1648761768644453,0.007029058914904334
65364,-5.496916872664703,-12.641271825834085,2.7812997529556274,0.9988763581522007,274.5136077083242,1.5818736095672588,0.007029388679136084
65365,-2.870333356222474,-12.657839569950351,3.2678031013369946,1.7731247543431896,377.82918453785953,1.788348756560242,0.007029454091499553
65366,-9.079416904125178,-5.624024574926887,1.0180444966839826,1.0850397856965868,282.37756736536556,0.7704991746611016,0.007031300656909753
65367,-3.2080498352105664,-9.905926856719232,3.894687004048461,1.8387495992612877,467.6400962758081,0.4804432208359506,0.007031961362868934
65368,-6.779240975509315,-9.625269844563181,4.016412958337931,2.807116917715578,484.7142787237722,1.984129582486954,0.00703201785754771
65369,-6.164812172353216,-6.652586218661801,2.1329094047557997,4.3347121686033825,529.2675749422403,0.17146239772311045,0.007032944879231498
65370,-2.5140972066363645,-8.682197898529939,1.7727641806483712,0.8704210141052484,468.11821595282765,0.7410563872712261,0.0070330729959807315
65371,-6.805459720600383,-5.586835979850732,4.686366221871763,1.0739024470602483,213.49370397742894,0.6462871301142075,0.007033613462615735
65372,-5.650507905170594,-6.928675450886397,2.5326727462191174,0.9066573340525591,229.77591415527854,0.6955620761504706,0.007036275519031856
65373,-6.343759955163567,-6.244532764410966,2.6854137026278098,2.5817346753100856,459.5557095073396,1.150010787192456,0.007036312619763647
65374,-2.694146504831547,-10.049752728719763,4.68205375815637,1.2002887133875277,304.82122660233273,0.5399000173236628,0.007036468363783378
65375,-4.678676403032335,-12.38565166083361,2.7522225052531915,1.6278228045874408,379.5152768838966,0.8968376258617345,0.007037281591185395
65376,-6.8840437155513925,-9.971132043630188,3.628309313047818,1.2432471754415215,296.032625822294,0.1636439147069959,0.007039589500775002
65377,-8.300829645137947,-6.399333065222842,0.2749360593857713,0.8302465792335103,242.0990082918083,0.39805253579671973,0.007040098191553003
65378,-6.025365936221068,-6.589456596901239,3.6424165329028595,0.6014667365975941,142.40511337199527,0.3764745121740871,0.007041003146269125
65379,-2.3547787325479064,-11.518607087700126,2.2893538482019498,1.7928337895278201,469.3239527032306,0.2051533376717254,0.007041367146968264
65380,-5.147968319577723,-7.500038102020443,1.4170221444847861,1.0232449602853064,201.62378769100295,0.3833279540286334,0.007041654827908846
65381,-5.004524803222826,-7.269866065415372,4.977411429937314,1.2374238201290386,468.5944066847359,0.4999131899877005,0.007042170348002531
65382,-6.984046021333844,-12.54118053410097,2.1848191233046363,1.0607413427182342,216.18918937211237,0.1821510431987905,0.0070422259187313384
65383,-2.829701796283551,-7.815550079665245,1.0648409054326284,0.9520828018744208,467.7013484449444,0.6112989513698723,0.007042726390060549
65384,-9.123555628187512,-7.173306286976477,2.280328574973105,1.9426076195023627,398.7787724222537,2.074664521291832,0.007042829039460192
65385,-2.869370708299492,-12.014044039805011,3.3392286890727503,1.0284329293446897,281.29925753848977,1.108927723011095,0.007043116632597196
65386,-7.707334133496229,-10.802975537802403,0.819516019710691,1.4169126357592758,139.7031200961859,0.33983862042545443,0.007043285722936815
65387,-3.4048924843021613,-11.622905868603972,2.894236520145037,0.6620264720816174,137.55458939453075,0.1130788730573693,0.007043472039183652
65388,-7.483847158503674,-9.969520289258151,2.7867426398874775,2.2911443479995186,216.17689512569737,0.35981589845671724,0.007044636274179506
65389,-5.782457400753441,-11.642152658068785,3.0096531503999717,1.6797598266214901,467.8685344493179,0.4064541634412011,0.0070449682239553104
65390,-6.747781757846352,-9.679676064059443,3.9821091783080824,0.8692269893109684,192.14022743174687,0.011843044518228929,0.007045425778903527
65391,-4.295346425400512,-7.159882987036081,3.534685152103863,0.8901491070678635,192.95449927628195,0.29240179319534754,0.007046366072711492
65392,-7.13878492923611,-10.24933354683519,3.132883404835865,0.9400344021568879,186.11658429794414,0.37037658825178266,0.007049950909331028
65393,-8.843363928961347,-5.626434481644998,4.146013502450599,1.1279271850027919,468.9052327456067,0.917006141794297,0.007051551120016319
65394,-6.988637775260656,-8.752248743463568,4.8548006982034195,1.8216916087356512,469.99917543372044,0.20033351265872135,0.007051770496552611
65395,-7.300679428199928,-12.155817649573551,1.0562707093937052,9.968015537414875,465.74664658389673,0.15695735203202954,0.007052681322775539
65396,-4.824725780697224,-8.722621788111589,5.098070854632514,1.3371751641053378,324.7663640245554,0.2752523870381127,0.007053079309108454
65397,-2.4628299971229906,-11.902782483457102,3.715425641642561,6.015344508572261,401.5667281779785,0.14434890579087423,0.007054258966725686
65398,-8.953794934071807,-5.27511804251084,3.8340816709491374,0.9406049463019982,468.4921420339284,0.22361703918774012,0.007054441766920435
65399,-3.3584551317253446,-8.402700563894392,0.2396989435777143,1.7335946732485121,468.3818358711217,0.5296016747498165,0.007055101433553077
65400,-4.5305925475128594,-7.333962208099693,4.910362807029498,1.7562056817005396,416.7876674133674,0.031026814041117845,0.007056422439684065
65401,-4.172742811171446,-10.727037510590952,3.296031234126833,0.7503689996898931,158.77422191340622,0.9651504797779165,0.007058079140478667
65402,-6.968680350643501,-12.649747424456203,2.185168221169347,0.6659240648329352,452.33743124625107,0.4202151065230577,0.007059117237169502
65403,-2.7065659468731322,-8.37038970018747,4.460573763296673,1.124165824082813,468.0603725495114,0.7081963837868974,0.0070591952076297735
65404,-3.3705959446621057,-12.944282286967509,2.621786059049915,0.849714522910989,168.89740069839598,0.6557368271304727,0.007060606308794123
65405,-7.261568151549982,-9.551198258114752,3.6265736594722218,0.7894163260926368,161.0967203621399,0.5821067360538397,0.007060624783723604
65406,-5.54417579866109,-6.886360732960155,3.4617477515365174,0.8380235071203226,467.41161072228414,0.5302988408501603,0.007061328247184029
65407,-5.3146677413922285,-9.338379261608807,4.467971993277392,0.8568179952233889,177.01519605141456,0.8517235512283605,0.007061491372754925
65408,-8.476105163947933,-8.730085770485385,1.2810919652212795,0.9059150151197689,183.17860975442542,0.7285289684771428,0.0070632124760264805
65409,-7.510740196003454,-8.918370208875363,4.026540986223598,1.8002233518279906,429.8148189526587,0.6289202520910857,0.0070659067006375075
65410,-5.445176114913616,-11.103891130155917,3.177144311080484,1.8168633300677781,431.8469404249712,0.5535447134013003,0.007069723063409284
65411,-4.279166133274859,-7.262887774555349,2.4765872896615697,7.658112132741018,437.9351660656088,0.14245332309282244,0.007070324180927539
65412,-5.465379131635665,-11.116659344049577,3.172885936693291,1.267290279358941,311.78985411086785,0.2261113484920525,0.0070710687904135625
65413,-8.297909520483934,-6.969326409907309,5.054048572718633,0.925636599580091,469.36451317064933,0.14235173194563977,0.007075214484914765
65414,-4.0604729688811725,-11.102177670623554,3.1095780518435374,2.8924708720038206,326.40424912703776,0.06030754381704995,0.007077683673847464
65415,-5.7195890919831465,-7.414135807807916,1.1747018383672936,1.2991512354668298,321.6112642361237,1.4908027974531644,0.007078043511706754
65416,-4.6176993455971935,-7.805935809100566,0.9114559927511885,0.9232112894214916,468.13245410919785,0.4985201746946686,0.007078217183609072
65417,-4.104744486870766,-7.5455494232721065,1.645187048283538,1.0252520971582377,196.33097971948385,0.08451047803509937,0.007079186803272391
65418,-6.736055566736744,-9.277618571355273,4.402891573926585,0.8246012798880528,467.0272443448557,0.17275106387143957,0.007080749196965357
65419,-4.607463664756293,-9.61329733960347,4.144014216180437,0.8339041244661776,241.99283663507765,1.1808003244164436,0.007081275617588067
65420,-6.899339271894563,-10.948964080487212,2.9427335214528534,1.0392656168180259,469.6453800353258,0.0001803637026158711,0.007082121430091122
65421,-6.543213752219519,-5.686376187385917,2.9308711241117473,1.7418285150316852,468.6769109865469,0.5360046819347808,0.007082437577146296
65422,-9.076593496864868,-6.749828465522414,3.362220371092955,0.852001981726528,245.43244277336046,1.2111760725960314,0.007082925656985232
65423,-4.3970653854258455,-8.801437233751876,4.983741154164274,0.924502471265437,467.88881966948213,0.5858251022389229,0.007083447992136818
65424,-6.5528223660916325,-10.568563110481099,3.3820346889125035,1.005124813332462,274.52505897733124,1.4915507768296319,0.007083590382508371
65425,-5.082439818137914,-7.031203148458944,3.438908050485055,0.540836668217304,127.33948073967152,0.85281242079206,0.007084232967981151
65426,-3.3549949790851414,-12.580754119999835,2.6764907396964692,1.7411473951282392,357.25214979133267,0.7389631324653676,0.007084802765955073
65427,-8.352898716875695,-7.6251205522250265,4.305554402579139,1.2367955419162417,253.05773714180674,0.04542951959874486,0.007084824574729655
65428,-4.28443992833572,-10.278427068535873,3.580442858926287,1.85363683469184,445.799705128284,0.14430360258010122,0.007085683419006113
65429,-3.9505510805806523,-8.209907322067146,0.4154274845987014,1.7787011500435315,424.5131441073559,0.7428536399708303,0.0070866811689715235
65430,-3.506943317678319,-12.89025030655429,2.6252893508688553,1.063245702734107,283.62224562442645,1.7947850009264155,0.007087177158502087
65431,-5.618410922324825,-8.192923481608611,0.22042348586535285,1.6753650237439517,393.1370955766638,0.2737057212420231,0.007090241959861432
65432,-5.702108456610422,-12.922732907010992,2.750864549915235,1.0937201105102274,467.9788578879238,0.8215686682527332,0.007090382253573996
65433,-2.6664449159276753,-12.5541198579142,3.9188268065728975,0.9113048854725195,249.69357701059332,1.1417695374142296,0.0070907336343487785
65434,-7.976427451577623,-6.798863420664275,0.18091647787258383,1.4801272815904538,336.3699739038991,0.022347826589586006,0.0070915650388909774
65435,-3.529082121262701,-12.098392983591742,2.7583308890876794,1.1605054278870222,285.5420901487414,0.6642112555267454,0.007091945612879826
65436,-2.9550037992657296,-12.841929153041717,3.0445676094696497,7.674693833998409,487.50114015170766,0.04854888262641399,0.0070921683324017245
65437,-2.8345911108759196,-12.308820766370623,3.3791758132742387,1.1627329787784473,284.26746888794776,0.7690382856409022,0.007092743274475862
65438,-6.832889492963611,-8.91153912429357,4.770729694829275,0.6533144805920047,155.93302510380852,1.0581262301581882,0.007092922561578749
65439,-6.8635413864909065,-11.304312501772534,2.8053965018952063,1.1575801904145782,467.0907772962185,0.13181171595757757,0.007093828884571832
65440,-4.396003490801938,-12.36025003695571,2.743287702997608,1.1353351025987317,293.1974708547116,0.8795624355962195,0.007096965039691567
65441,-4.445864116695044,-9.24514884492447,4.51147259665232,0.5378817110385886,163.17687550169032,1.1961715516805596,0.00709705131704792
65442,-5.281894262706316,-6.986321361399837,3.3247237292077823,2.7446130459009987,465.4158313165681,0.6417541173993646,0.00709707906992115
65443,-9.248319771341606,-5.778878436279375,2.173189142662299,1.0075893999604695,206.23664085893628,0.1359664682028514,0.00709803071125596
65444,-6.666461697932312,-5.249787338483515,2.266917893701388,0.9917736406177139,270.6231236207787,1.5784485357913676,0.007098753946905154
65445,-7.591553580032185,-11.361800172689291,0.7549752433787228,0.8301224220583197,466.82525895021655,0.055594829226197184,0.0070993783055251745
65446,-3.7853701882061017,-7.220824047658976,4.0312729015999,1.1009814034897831,467.86345901743346,0.14409991397121935,0.007099661613325648
65447,-3.526671054614056,-8.84524375172952,4.903377115324717,0.8796857718120662,172.36773349061428,0.5435774400529452,0.007101079683154608
65448,-5.436596429453154,-6.946584794970149,3.921188084221207,0.676347473578014,137.88623953726827,0.4318105181879277,0.007101120387188584
65449,-4.377105002326546,-9.605710025924909,4.139294470708136,0.7128788250637242,133.58212859891663,0.29272077402831265,0.0071012269914905906
65450,-4.516314389162238,-11.776225307810513,2.884683782823551,2.6709668929665775,469.9212046390296,1.3248635065710204,0.007101329697962361
65451,-2.6771658261467515,-10.702322002793476,4.356043814828264,0.755975014416943,152.43445505422505,0.7152920726288716,0.007103889576268491
65452,-6.688667401377164,-5.289602072942691,3.7563974078755735,1.603835216315633,357.8121172967776,1.5802152102528044,0.0071046622805184595
65453,-5.015606257332398,-10.043176624348261,3.7938712380736477,0.8633488456238696,147.6143518208597,0.12212609433268007,0.007104948291549856
65454,-3.4585651880382917,-10.934005881343838,3.171689535285039,0.9176523046536147,253.5459515537757,0.7933695315352063,0.007106217825112112
65455,-4.685262127539277,-9.042498429548045,4.740388989903585,1.0068010136733638,268.21618790584154,0.922058787757611,0.0071074845215389525
65456,-6.951726955540591,-12.991419595701462,2.1039492398190074,1.2745519390041253,317.16637789181925,0.5077280704789979,0.0071088743094426575
65457,-6.284239219746374,-11.940133963253869,2.901032737176476,0.9596788512436418,467.57956596552077,0.6157449745643842,0.007109480743415713
65458,-6.900093447833973,-12.105166137602328,1.5848684031905211,1.1501002520815622,294.2631315313494,1.1125685264472116,0.007109547331907142
65459,-3.751850214795968,-12.690031682765571,2.649592333612416,1.277916617196908,458.51111334614603,0.660015880713618,0.0071102599159085286
65460,-9.10722956393822,-6.5705277900620365,1.6117775296483856,1.812029384402853,432.1397455727306,0.5901296762546595,0.0071111125901170925
65461,-8.289626116644024,-8.93969970143647,1.8259486182784785,1.7459058730502932,412.07090717436705,0.5522790780449967,0.007111124686844138
65462,-4.868397569351553,-12.048683444134655,2.8341628485131847,0.503596709484824,132.10887774978383,1.0775974790962666,0.007111238814775019
65463,-4.043043095483646,-7.950082278257908,0.7380204372534481,4.512812113930341,595.825389355226,0.6415818775855113,0.007113990209831916
65464,-5.15566315913239,-7.336880592414085,1.8281986610009584,1.124748069039715,140.3631688451273,0.28136546197106416,0.007114964922210453
65465,-6.758011937778189,-12.63632399811531,1.6372615994937836,5.946713295863134,455.72106697147194,0.06638283615951845,0.0071155361339635
65466,-7.563996337629978,-11.128956852086315,0.9864268898978438,1.0927860154716103,282.61894240864143,1.5020715524604276,0.007115944042856411
65467,-7.740225861006227,-8.805651852118945,3.769052906300957,3.5272549130632096,534.1304653905495,0.8167601256757493,0.007116031464856657
65468,-4.114037958217915,-9.623289605233989,4.118153452058151,2.389224809710313,445.39632652560226,1.8146377904234878,0.007116535037563405
65469,-9.25108945535701,-5.632069590695669,2.5027785556872555,2.9205300199351663,492.06824132706913,1.3612692099240702,0.007116540754601874
65470,-3.7327459279107087,-8.409754809733567,0.2263230499029915,2.3475158170117045,441.36619876973384,1.8463888216315016,0.007116646128265781
65471,-6.922707085759157,-12.004060013320837,1.55362665556646,1.4319374340025939,332.70006799809414,0.4371015128715898,0.00711779693828325
65472,-6.141566083342128,-12.839242170656085,2.7611737145123625,0.7738869816475454,217.5163822751904,0.37874278556139984,0.007118882220269655
65473,-3.502754502915913,-7.39983117051482,4.906127837022834,1.7011368938824678,330.5598087439351,0.4090124098333163,0.007119364037390339
65474,-3.741931869660725,-12.423013759875088,2.695044007852872,1.763765039748403,468.37361756557704,0.01434069259686499,0.007120523077754319
65475,-7.526691715265548,-8.395322986984567,4.710094686673042,1.1432685543367487,293.0068765646255,0.21254008464337026,0.007120793016788452
65476,-2.595540300381714,-8.244693438943782,1.3801759999832004,1.1963099416854235,297.31260896482115,0.6976192587001533,0.00712084836620916
65477,-4.209518987678892,-11.196614177341152,3.070945651674539,1.6100599741244244,379.6001590059676,0.5008792619407947,0.007121438639093607
65478,-7.110276117116166,-5.6222577127923214,0.15576276122406219,1.0450641291631988,274.0484388894285,1.7926429307097145,0.007121461628063309
65479,-5.219874886155141,-12.126720922598798,2.8377573355742767,1.7084509059939446,362.49999937599125,0.851017160755263,0.007121620843940081
65480,-8.047223691286003,-9.74452989307716,0.9462242399516592,1.8481473485158504,385.7995689776071,1.4495639464518204,0.0071228718637773285
65481,-3.735834276755666,-7.472171775050956,1.8706786517409868,2.1496627425979646,176.55284059834182,0.41303197226052735,0.007122939302507019
65482,-4.039136541417408,-12.242225465537832,2.735278843614249,0.7369388002181843,281.04030224745304,0.310648038394846,0.007123792262572934
65483,-4.193762286882201,-9.88325978596091,3.8836118914595485,0.8455875296273869,246.46619167333242,1.07755103461776,0.007125167419379231
65484,-5.753104887761332,-10.663194360794158,3.4136392468724246,1.5162447806910344,337.6093657647982,1.1632966816875099,0.0071252512000415285
65485,-9.046446852305257,-7.419509257660957,2.0294384604897893,0.8177762083841394,159.43323938985455,0.01250822428529208,0.0071265979778459155
65486,-4.348056027501937,-11.670783362224126,2.904884117864214,1.650292858243091,387.18608812384247,0.538543058647817,0.007127266686509884
65487,-9.245865328636317,-5.026864127451183,2.506721367338105,1.650886216391682,386.32837756332395,0.3618614528991744,0.0071274058174304045
65488,-6.2021593586381005,-6.408474095778447,3.586454102831891,0.889914449838018,468.0785582460697,0.7186518282079204,0.007127635412618888
65489,-6.831515117288381,-11.687184901561649,2.683131087832447,2.8220571137928214,474.7722944605613,0.7438734939016562,0.0071280075478236905
65490,-5.378824950001081,-12.083339889111686,2.862502080696283,1.7132111662977088,403.09777777166727,0.09629440391851585,0.007128563623348617
65491,-3.4305223868596944,-12.959349712924134,2.608347830906785,0.9340894938861971,246.36920248477819,0.5898924763692435,0.0071297216925309
65492,-7.51888867398485,-11.89002975527675,0.7266687184348083,1.1393023913116431,188.29795737362903,0.13561938925417483,0.007130008594685104
65493,-3.2585276613419794,-11.98047646595726,2.8051048034581854,1.7182582339740584,405.232995130647,0.04190494160319069,0.0071320129806222345
65494,-6.5361396079103775,-5.89385421044,3.931236035723685,0.9993663436426716,469.69529888354805,0.05358648696897461,0.0071321121138553925
65495,-2.897268201580281,-7.596799439761732,2.373554664033506,0.9689317692410098,240.6824570204281,1.057964817892974,0.007134616707324131
65496,-6.483009999096705,-6.579606529251437,1.4414877116142197,0.6101809698626878,133.87075423131085,0.2946169933899032,0.007137084906842406
65497,-3.3058117200281876,-12.15259794760259,2.754368645405831,0.8251147158079867,187.17937418557622,0.4156962070017709,0.007137587753827026
65498,-3.083344249887185,-7.752753499552106,1.1653012528326854,1.7880249878060976,467.38783725585307,0.3154327494806264,0.007138451229287108
65499,-7.202533983820707,-5.862633398229685,0.01033122313045448,0.8884172471626742,468.09489126306977,0.7279963134757574,0.007140213346225854
65500,-3.94743529709878,-11.53288798494772,2.9313801713789336,1.2984924752511091,468.1002443985573,0.4392792291567096,0.007140832674684059
65501,-4.587750721737609,-11.396891142014816,3.0067396963250377,1.0840576170818543,220.04025517974452,0.062044727137163136,0.007141722723928884
65502,-3.5455688828637335,-12.860156903396224,2.621979024641784,1.247838026795173,264.9508565745108,0.1789444883744178,0.0071428014416655625
65503,-6.5341513119760135,-11.168289007218185,3.0779369169341937,0.9714343095252961,215.51511751435726,0.27799382843179377,0.007143364685919294
65504,-8.472454800437237,-6.162499792290862,4.940602763070742,1.3209199647339835,193.52400607841903,0.11202647820131428,0.00715204687147048
65505,-6.577279349032437,-5.721071774581159,2.2379183434698873,1.7814908887721599,468.63818601473105,0.4645633067246866,0.007153791593457956
65506,-7.179682534294091,-11.656093543184387,1.9474034533631313,1.2523226097658011,279.2840617042545,0.4885564444486281,0.0071541751829778556
65507,-7.012771070837963,-11.702732027784348,2.430623357642923,1.0019246708790908,467.1122656042781,0.13635533341432637,0.007154277471452513
65508,-7.9561734242561135,-9.641699721532712,1.5648408816573522,1.9868983400294966,386.0318185381928,0.3467148613617477,0.007154579638246447
65509,-8.573788701077197,-8.423862210167902,1.8660740338780657,1.115843236429093,267.5300881971187,1.348831980236656,0.007156366280622299
65510,-6.869166978828239,-12.582170966272717,2.378202335271284,1.8689288963902253,467.97887704361597,0.28218336008592804,0.007158978949147515
65511,-7.91496390057457,-8.08739164466044,4.506186728982895,1.0174329576731034,194.12282440354713,0.05185527972186765,0.007159312619739949
65512,-4.424814105612364,-12.935910809934267,2.6385837027862293,4.670256575451644,605.0884882912089,0.640835102319163,0.0071596732870846886
65513,-3.0832810786660048,-10.097791868936394,3.8366350887138942,0.797650646017286,467.6395313231419,0.4049591511446895,0.007159793333308415
65514,-3.137478465733504,-7.411753289255982,4.586780682252431,1.8655801721655871,446.8549328714929,0.6325503999425584,0.0071603462053051155
65515,-2.5275637453198607,-9.66769288423073,4.071453805211694,1.6493874800168,360.39267383195636,1.582196289849242,0.007160477323675057
65516,-8.760803637716691,-7.871741789155784,0.7785176499171966,1.2126320413757812,305.77996511631346,0.31857345028195727,0.007161215679346142
65517,-4.250902866441759,-12.031796193278822,2.7911968022227427,1.4808205738854894,338.68798456782383,0.5630257037898083,0.007162331767800936
65518,-4.969290725391025,-7.357443395732008,1.8780099061044686,1.8271288839263726,438.489795221566,0.8689793929691394,0.007162484259348677
65519,-2.435134149019275,-9.042668553802201,1.2317441342540425,1.2291066922912675,283.5736780284551,0.5778441912623391,0.0071627497950736245
65520,-7.163857845534029,-11.719665040091611,1.9041529554005352,0.618591265998504,133.29856886796733,0.5170599400036862,0.0071648727604899315
65521,-4.256772413805412,-12.727640140459858,2.6579511675099816,0.8137994052445111,240.07548665907,0.5835009977347658,0.007165816240381957
65522,-5.527232226426867,-7.187132579776922,1.9320111723193474,1.202322379458022,281.1195737221412,0.2680708844294122,0.007167502321573543
65523,-5.43099862597545,-7.126262447388934,4.870109149490577,3.6054067283615043,348.4350641242242,0.08638557477565456,0.007167788364404736
65524,-5.780991616061639,-10.765652725594117,3.3549360696343284,0.5993441789312595,140.05515448820685,1.050944287182907,0.007167949177671939
65525,-3.5607091673389206,-11.84874868885632,2.8188795393975923,4.0271489331075365,568.4240748185186,0.7897904821638244,0.007168156110491229
65526,-2.9627745926235427,-12.734714728155105,2.9682443890517667,0.9310059358245948,467.38183490399035,0.4102586931474832,0.007168531558814943
65527,-6.477207282768706,-9.529296603250689,4.237242414596795,2.2091457499495206,422.7220630410619,1.2076423046879592,0.007169071041692977
65528,-6.716160894677444,-5.02036057816503,2.061365554218001,2.1237574947261666,386.8769835037531,0.2547403362634233,0.007170026274650485
65529,-6.365013195928514,-6.966273300812144,1.0407014527760556,0.64849961968329,188.83609465560957,0.8271193456407184,0.007170761126994372
65530,-6.664142343088037,-5.825425805880794,1.7195828582449921,1.5207708278355945,345.83963511596625,1.8968089573768356,0.00717284737676154
65531,-4.1756301345462425,-8.211188669198378,0.4098624458326796,2.040709557978291,194.09846848548887,0.43960279392435275,0.007177979464746499
65532,-7.357460071440747,-11.519263685542919,1.1345283789425846,1.0800249187091915,289.11267811967906,1.075272374130634,0.0071794368194745516
65533,-2.5287766579349844,-9.759014708067223,4.158675006297386,1.1506120161272821,263.6818562932802,0.7489678314185442,0.00717950817017421
65534,-5.748638301971141,-7.37517965690076,1.261644810781099,0.9585645071713613,240.7226532448075,0.676067614093327,0.007182342897777184
65535,-6.784169768186279,-5.116650661963858,1.6524190913572878,1.7727643588235709,442.76332009979444,0.628036438832936,0.0071828038575162505
65536,-6.133355124001762,-11.905893469067902,2.915794588692213,1.6688811428124326,468.2227058174375,0.5137821649837466,0.007183569859338804
65537,-2.9596557736863893,-7.483821374325589,3.0626515394771046,1.507213456102269,340.1771622890077,0.58535793844234,0.007185971869295946
65538,-8.641152615676125,-7.355379247065361,4.0066425369128185,1.668301195673517,393.80128641890354,0.7238686932728289,0.007186111935082812
65539,-4.555550583733732,-8.905956377148517,4.875505304023597,1.1142845539805168,468.0158926803588,0.8650661769914771,0.007186327979601383
65540,-3.579508718696185,-11.643354197601537,2.874701948758294,1.1587700745400877,468.12881566609803,0.4991031891574309,0.007186742077749862
65541,-6.839453331144215,-11.605718944900731,2.6984744053121728,1.8183592100364407,434.0186474689297,0.2045562001800798,0.007188891722546879
65542,-4.310008809544628,-7.908771599694365,0.7841062153686625,1.4695711751123914,331.1601256089276,0.7641757984364572,0.007188925771798957
65543,-5.19734485443835,-11.446505699491011,3.015481103522905,1.2218765994011123,196.37936040894235,0.11515568113039443,0.007190290429559637
65544,-7.448918667439539,-8.397468907227708,0.16323263961426795,0.869233062524099,179.06019457378838,1.04980727848129,0.007190392872571469
65545,-7.373156532181479,-12.62481941913508,0.4012707898358379,0.7527964912981783,203.2045265361574,1.2131087965941605,0.007190883758808239
65546,-2.85787147884058,-7.630083465993785,3.0151424637649673,1.1587081451379175,271.19929215551883,0.1124362395546381,0.007191362430209373
65547,-6.511656181708689,-9.17213434105223,4.607434513931416,1.1678796833515437,247.74357452112463,0.428658227519759,0.007191388088586046
65548,-6.3794736259050175,-7.907779952079748,0.15737252280558814,1.2462913558166377,313.2084735691693,0.5046304728414368,0.007191390639359348
65549,-7.038600419343075,-12.321635579157407,2.0396070749499366,2.35795328663022,434.72805933735935,0.9108683610548054,0.007192238039453711
65550,-9.097873559562295,-6.197778546504469,1.4331831549612215,1.1577768146854392,296.094042038488,1.7051781727055255,0.007193016987758575
65551,-4.501567334344693,-10.043874338473648,3.757944466405642,1.472185289941458,467.92153941190116,0.6458992676922941,0.007195760275612262
65552,-4.127978130404247,-9.961766048942872,3.804988209482105,1.4913192079084012,467.961526463325,0.1954963374010017,0.007195917460576116
65553,-2.4671041904695725,-12.290726831483038,3.803269924160068,2.403189191256333,409.3730625074209,0.26454976519451456,0.007197776542758952
65554,-4.958448132047806,-7.575606619177725,1.3173244862369715,1.4173199626706134,321.3894374129252,0.32170191314383967,0.007200965204902369
65555,-5.631369066575182,-7.833172539068885,0.5857978241651799,1.0277499246637514,280.96367937352215,1.4709137389387363,0.007202098431187489
65556,-3.1017211962486844,-7.727102216030265,1.2419371767576215,2.4845276474575746,454.7702249586198,1.8393218341030488,0.007202481005394126
65557,-5.402979595267193,-6.953106361933291,3.2086171153306493,1.4727462492161918,328.2097733684759,0.4291537714403715,0.0072042509706892535
65558,-2.998049970801313,-11.220419235884446,3.2967560212828895,1.7541047742396252,415.65595645953937,0.4932512348220275,0.007204839157731234
65559,-6.599738734543988,-12.261406769241539,2.7045408848465735,3.5756697832659774,542.0623679864904,1.242317536545129,0.007205566005160651
65560,-6.107285147544345,-6.520047016155666,3.1859442958647497,1.008783313873607,468.3892947944961,0.5323225202238175,0.007206664198929395
65561,-6.9052533957639834,-12.057535157053312,2.461477260381597,1.7845210850854742,468.48758214384424,0.40723097022193766,0.007207454303740102
65562,-2.4826284055282466,-9.635619542814439,3.2476136269502156,1.5565087326101292,356.9767442949848,0.026903516424802376,0.007209102210972307
65563,-7.021447996892994,-5.240193989831035,0.4175538244845171,1.5496749275689232,364.9596076682166,0.4933980082200575,0.007209973222158082
65564,-5.415781244416778,-11.499675587220125,3.010861859054026,1.6025238414803307,467.82370586529254,0.9285747719392079,0.007213834467185121
65565,-6.728267712818332,-6.156112105000584,5.100252991315052,1.0235205251192818,140.82601897233556,0.38722348382659266,0.007214249106268824
65566,-6.235535518830678,-6.612261096720813,2.0601394349140296,4.796612672443241,511.716846562072,0.07317563723601683,0.007215015838170564
65567,-7.028584588285211,-12.378798691886733,2.029604147362174,1.1599881172142823,290.2328028205062,0.8669848529588657,0.007218428936517228
65568,-4.432179894642333,-11.082926195725795,3.110462245489643,17.41219594551154,702.6091207350509,0.04352435998286097,0.007218666222995831
65569,-6.568097913575356,-11.53027338813314,2.919041398518732,1.1050308736233607,284.3959404848559,1.399028090428244,0.007219521590434262
65570,-4.251443550675904,-9.830280075406911,3.920802092689192,3.2874171483599794,319.41713693393916,0.10474434558283452,0.007219665769096626
65571,-2.6732485199392952,-10.286567475008358,4.566972170616333,1.1998908544419242,247.57170159541934,0.005389840861137252,0.007219968170719376
65572,-5.1620517297250945,-11.204233753208804,3.10829748875738,1.7530132042408508,345.92710773925995,0.2842000058147329,0.007220032903099937
65573,-6.850867291671746,-9.986014541151738,3.628058831431827,1.8836119880729219,467.9710113867718,0.46838025675174766,0.007221285353676256
65574,-4.840826607885489,-12.012458555829658,2.8249392463728196,2.3999579203228105,439.7753477902676,0.5866923910239779,0.007221848064623872
65575,-3.797878232224347,-7.385173524408424,2.1495440997282547,0.8384840021992394,199.17392807804637,0.401937427295441,0.007222384962094201
65576,-7.526393299798264,-5.457721368960253,0.002825920964121512,1.3623547374545906,327.49269651753417,0.2437681908775522,0.007222661107950605
65577,-7.400972613696226,-10.843748613125532,1.6603703965894372,0.9799878588757056,467.35208589448587,0.549727441083637,0.007222988742397288
65578,-7.618576102020257,-11.07268775282372,0.8957169016918416,1.1888968236594786,297.91697621857526,1.6138607681100074,0.007226478173901301
65579,-8.93721672697688,-7.517413285788337,1.0681848680675738,2.9574836936920836,434.0832312460722,0.13352961403041164,0.007227490564284994
65580,-3.4812801704057676,-11.427581193014351,2.943781818956397,0.9504312367887019,199.09616203401885,0.3822041107678471,0.007228033659329181
65581,-5.297156288074962,-7.420623118697641,1.5699592678772354,0.8981422008367254,157.12250368116972,0.17454030517108077,0.007228220815133333
65582,-9.040683667926736,-5.185299066855389,3.5635303787642347,1.1061796595490259,467.2839899117323,0.45129040328083914,0.007230072893827861
65583,-7.411213550972953,-12.390376740531508,0.8917692036527435,1.3798871507206187,327.5961551299142,1.5408386802989504,0.007230337266116034
65584,-5.45984941315771,-12.26487965955271,2.8114668308834188,1.3662462271215028,469.75618554528046,0.007866827795160347,0.007231423934694849
65585,-4.48065574346445,-9.944843198499623,3.833802790195807,1.8037135279660812,430.28641369317927,0.21437239581834344,0.007231482969222306
65586,-4.914182087920775,-10.457866784604679,3.473184126068068,1.1302879594345638,295.40096623201316,0.9245121839163977,0.0072322346504718376
65587,-3.4205335061885496,-10.012335814685505,3.7483249366100906,0.7123664814126007,144.31133380327336,0.11763408713399226,0.0072335969805057505
65588,-6.99707145632192,-12.539146869718053,0.24619276865360318,1.3766706181893469,468.8239486757783,0.6718801625492636,0.007234469695423492
65589,-6.344722030113331,-6.718330890034276,1.6081165341515113,1.4719106170158063,327.1062183371184,0.2662556099981588,0.007235547272623129
65590,-9.048280018655772,-5.809047339402907,0.9181684962108968,1.0534988328211141,280.1054824888043,1.4234712283993813,0.0072359253457479795
65591,-8.99945569281363,-6.9451715585441205,0.946718307883198,1.8117475443970847,377.09434644485276,1.1006139381946616,0.007236580693293764
65592,-6.6693193155787975,-9.74542895473546,3.948539190247846,2.9580928355985376,488.546181113122,0.8204316678084291,0.007237023381682529
65593,-5.719061456742993,-7.399457989278748,1.2326719283012784,1.0366341393835443,468.35784338171175,0.0151870548283215,0.0072378532281934015
65594,-2.682614263641381,-8.013078360126633,2.5384716249689365,1.8909080596325671,468.3189716743628,0.2573472935241137,0.007238239247291863
65595,-8.00247957520269,-8.98216747332241,2.8353609661787234,1.0073456024307177,262.8255796630368,1.5379531342799764,0.007240302281341208
65596,-3.7843431156558864,-7.373721028787896,2.1612939622838256,0.9533676216540987,468.66927914017407,0.8408885710113276,0.007240699133290271
65597,-6.4797198579314506,-8.854772228798119,4.98224804133278,1.0844864035874944,171.8473180171958,0.1448986796237577,0.007240830021083196
65598,-6.548222847085872,-7.120593623570579,0.6251061492948279,1.0900090928772352,468.0441743713392,0.8393767875734595,0.007242028309833281
65599,-3.7846403372499706,-7.760048286847402,1.0668603465620208,16.528381024695253,565.4650003704738,0.10993128839703292,0.007242601954088324
65600,-6.573297152376805,-5.58171634463247,2.765345428730376,1.6706945653264942,391.5787780884184,0.4397483024951425,0.007243033783527041
65601,-6.32354065184564,-6.294387152079046,2.662751893435581,1.3144698223865954,322.80994033262505,0.36837893832937585,0.00724348433058641
65602,-2.48207632141738,-10.631043165143018,3.8916109590342214,0.8674063726782656,468.54079254206124,0.7732623498938418,0.007244138963037473
65603,-4.7453089318934305,-12.923692160799614,2.6461996205197917,0.99284735666938,257.45143946387077,1.3995707355778686,0.007245540577809789
65604,-7.63869906840047,-10.115531783070884,2.1263247319850462,1.2544557417332525,311.98271885963624,0.6390028297130259,0.007245944285041457
65605,-6.739295228249006,-5.948918416730688,1.2343388538386737,1.7779818506683855,468.72055840299146,0.7741120305819953,0.007246573007551597
65606,-7.873755336417203,-9.3547159655057,2.5708396158641094,0.9009397587037461,239.05687008484938,1.2620916880522577,0.007246892095598595
65607,-8.760718940557883,-7.51762000627478,3.4399017328645556,2.2168260400832898,412.7297890774292,0.5848422101734618,0.007247671484977903
65608,-7.0070735792109,-12.276479156617794,2.1713735472378604,1.0261669141821028,277.1066795320013,1.6859579283645587,0.007248826239130828
65609,-5.672696137855075,-6.929486851749079,2.5366305156976714,0.8901269637779771,182.28815917561164,0.4673322698105471,0.007249623473384815
65610,-6.79893084059497,-6.959946917574873,0.355342095707015,1.757505049831388,470.22127809475745,0.18799866464174197,0.007249961878562113
65611,-7.484181049416414,-11.291614368425815,0.41001992232923484,0.8634075071556367,209.98642516546553,0.6002512846435062,0.007250883263784421
65612,-3.6371816901745033,-12.973853841201537,2.5940851411816173,1.1120242443104695,225.67074077222284,0.5065781442290254,0.007253550067160916
65613,-6.036510147977156,-12.291054128363449,2.832556921634954,1.5721201407169212,365.45700234337266,0.2270717839833578,0.0072537366946175815
65614,-5.36810868534659,-10.281852228188523,3.6238697215931577,1.4489854907618092,329.0317139386315,0.33449609291622195,0.007257401021852738
65615,-2.6286627110404934,-11.089613117651645,4.2835594241754835,1.8784603145249585,468.5796220600613,0.6506110890177501,0.007258403539648309
65616,-4.26474155160176,-10.778340075012343,3.258327238600735,1.8762471606405164,467.8535580614457,0.2882384774695437,0.007258536773062117
65617,-2.7052439819218144,-11.591383579713453,3.9449320261011604,1.352078735330279,321.63763120066676,1.187556755096721,0.007259542576352219
65618,-3.735067927637931,-7.193159590541235,3.620138271437782,1.111968065074653,467.34772497328595,0.7495836940489129,0.0072597212398482665
65619,-8.60995054524753,-7.690114458943773,0.5547494194653105,1.2291999841488743,262.48002778531776,0.064308698764167,0.007262514833830534
65620,-5.552822657592162,-7.1222188016069765,4.953659216070292,0.6758623213598149,180.86120460746181,0.514281564797372,0.007265168186751052
65621,-8.351866428433231,-5.927384820395096,5.116551450504477,0.7284041660913623,199.70725453453593,0.6941536387447274,0.007265246873949951
65622,-5.651551296531098,-7.5867434251215995,0.9043176944194096,0.7447792419078952,167.499215171429,0.08671106745501955,0.007266663804549095
65623,-3.0689469448013407,-8.475820298214288,0.28964756733589586,2.0569756016242473,410.9994875542781,1.7591952766812486,0.007267063562336245
65624,-3.844516661401504,-7.306468259823233,2.4284834487576146,1.8772087407432305,462.3366442421372,0.27356652690806893,0.007267170553184198
65625,-6.078694040106779,-6.645770530115628,4.290691386258688,0.5329752131236825,148.62700833939374,1.0925551637073854,0.007267222677805397
65626,-5.245914370401206,-12.240763842169532,2.792892753424233,2.550798799278619,455.90220809380344,0.997939341411791,0.007267380429061352
65627,-7.7128127632972046,-8.921743261734855,3.6422797948610985,1.08024682300783,277.35065532242163,0.9940974671481335,0.007267398211940563
65628,-4.464356364270086,-9.695133379133587,4.052822392090947,1.708981812119933,400.3515745622944,0.24106927886043206,0.007269836080407314
65629,-3.7240382109649772,-7.374983202713793,2.168343988583909,1.1255428600637243,467.58004963659744,0.5695788517458551,0.00727018920501102
65630,-2.9117459903541354,-9.558616845618293,4.625176168042281,1.4714460005251335,321.12216629949546,0.7862484168725548,0.0072703324740439465
65631,-6.602690461009018,-5.499082962331546,3.031318361709389,1.883391473340033,467.17256977575704,0.4146987786615908,0.007270488032955695
65632,-2.594487173998874,-9.952635624786652,0.08746320195280306,1.1618785573191113,277.6707950298031,0.47175030753763636,0.0072717261490124275
65633,-3.0303500932745253,-11.920479981646313,3.010677025323666,2.5443774101636825,461.65704124264175,2.170813097936329,0.007273232809834883
65634,-6.85646480489684,-11.794335454182056,2.604635732450976,0.6957433397235615,468.0683048523729,0.4723999007062103,0.007273576683907302
65635,-6.446414675778705,-6.558062386377819,1.6020105342282371,1.190316539862353,302.3630510181996,1.0810021313300906,0.007274203956985648
65636,-7.708571333403151,-9.949428097812959,2.130562503757824,0.8716038366252076,224.26520775401616,1.4109340016101237,0.007275098201647086
65637,-6.234628635865739,-6.378193202685958,3.153360767952251,0.9564895886746599,234.6919349082616,0.41219677416520284,0.007275860342002177
65638,-6.792814246857905,-5.143546993786956,4.23781238988338,5.064366580344057,626.2785211862596,0.6224351589792905,0.0072759388860431495
65639,-6.707074090799644,-12.138753986559136,2.646428602305657,1.8029449234310044,468.4629380911128,0.0781226657092775,0.007277970685218611
65640,-4.313632444831374,-12.618134689723277,2.660267626782819,0.5017852655919627,103.40754563994577,0.12129973137888417,0.007278359232697613
65641,-2.774390176271119,-7.921764287118025,0.9309953682367569,1.1639337649542985,467.99807645676145,0.7558349649943219,0.007278805312967548
65642,-4.594660232452874,-12.93158284376598,2.6320196657103683,1.6826690873432992,397.1902914157684,0.6736151503207646,0.007279254534311498
65643,-5.790878672464606,-11.74148310056825,2.956620229157289,2.124808344856018,419.413056005866,2.060333100068074,0.007279766586344232
65644,-5.640657766851746,-12.767215716038834,2.743988722372179,0.6646812657338703,202.78354575306227,1.3889522912243653,0.007280331121087967
65645,-3.359510399194191,-7.381185744858333,4.778957260309675,1.5142845710768904,347.57271857460466,0.5781699515036758,0.0072812870306250815
65646,-7.391945169143223,-11.638489590296782,1.0499309236276975,0.7978501957712674,219.98971734537292,1.2652371049521092,0.0072815894064326495
65647,-5.761531457602208,-10.411828402506941,3.5530764591253177,2.6058592480227434,467.4917526757084,2.2398751228633476,0.007282076808233734
65648,-5.375575436589389,-12.03708034419589,2.854851615176011,1.6623425700847883,468.26829851118583,0.4019422880864161,0.007282211854587606
65649,-6.878464307475099,-10.480343853890354,3.2266564699623914,1.0777480815629727,218.78192833341967,0.012555793208957944,0.00728298233060681
65650,-6.796686688173308,-11.990045757903408,2.606535589330841,1.3536198264415782,312.3160080835173,0.29280786189286445,0.00728375469611125
65651,-6.715377903143596,-12.571277072775722,1.600160029667402,2.7122812935223797,318.5460162881496,0.05111151320774088,0.007283921264981344
65652,-4.584742221941678,-12.172163135066958,2.7593288126718485,1.4732348546933884,331.3805068743337,0.6903756523934828,0.007284060836166693
65653,-6.609743446624738,-6.5060158840156745,1.0176668815123668,1.845105685260899,468.34728180820133,0.8495675582584701,0.00728504036250062
65654,-7.53611400775274,-11.444626760937792,0.5469426374989403,1.9215810646985017,391.83497132187,1.3185972915245197,0.007285125776085825
65655,-9.031464670167438,-5.797244007337222,3.643726477676058,0.7883615092597418,468.72042442989186,0.1752215122890659,0.007285771988883412
65656,-4.555995661378115,-9.146356159347082,4.60808983846341,1.1680049930916945,269.0141400939304,0.44267007342040277,0.007285895972569832
65657,-8.429025576749774,-8.874261479707087,1.050581126323409,1.0881659306461446,282.9110097622928,1.6615157549387893,0.007286547430120613
65658,-3.9358107157050224,-11.129275178458917,3.0750959684535637,1.8247322441965936,468.1147697870206,0.28597535950206776,0.007288624363145803
65659,-8.402806222597304,-8.024091461809416,3.528127878565383,1.8515805752627406,455.2460237465493,0.1703030196406372,0.007289960897547983
65660,-3.8786306463262896,-8.690789416632281,5.064144458694545,1.082860476224332,283.9906391668786,1.5902437861659662,0.00729132597104908
65661,-5.213510124572012,-8.451171214580448,0.09536728185475121,0.9418832508668665,243.1562416330423,1.5102357112611502,0.007291961590997146
65662,-6.786632572779209,-11.251439957375002,2.8799770050533198,2.5541001906753307,462.28187345887045,2.075164292085839,0.007292549044269793
65663,-7.153250349449648,-11.72496582256911,1.970848501349009,1.0530697393040003,278.0557595666163,0.45283593609662187,0.007295654060235188
65664,-2.9814476339785596,-8.149416518744758,0.6160016077467307,1.644359351317072,468.6406418382535,0.26450755755825295,0.0072970498167519065
65665,-7.149805766173227,-11.522322313059727,2.18546626798944,1.1248996394599604,290.340113303532,1.1655716709479336,0.007297788661599889
65666,-6.914276016040954,-12.617172902397131,2.2678927891276763,0.7434859114543403,440.43868357692224,0.4332182858150455,0.007297876929128364
65667,-3.268867584503189,-10.497008862832871,3.4114026062675724,1.0076972786250236,468.71962911918246,0.40014798922278594,0.007298276609740111
65668,-2.9044953078975952,-12.365278079654628,3.156216069296926,1.3496885302110293,312.7255173067468,0.4585076934192793,0.007298472531973111
65669,-6.215034745555729,-11.380764671468123,3.059825038746322,1.404032317566401,316.1099872434944,0.6511331535630323,0.0072990754212003996
65670,-4.086286382693615,-11.216173088729905,3.032170381640494,4.114832268767345,552.1990690925603,0.25950944738061654,0.007299486295566802
65671,-9.159317094472012,-5.36952488982004,3.1332605587597087,1.9914455205584922,270.5328681206262,0.027069136275364336,0.007300142014386049
65672,-3.743287582711022,-11.44332436609733,2.933884038851839,1.8639286189333029,451.71473676579717,0.4168842819660705,0.007301516162860721
65673,-6.481493556175147,-5.912968383962843,3.022564507561025,0.743516174451141,466.44046490471527,0.31576810274444966,0.007301994654117547
65674,-6.705276210035892,-11.60555577775537,2.804327349129355,3.9216277757374325,563.1639915101406,0.9183218947510339,0.00730227957415672
65675,-4.395393799447601,-7.9092852444750905,0.7815978790708562,1.8685149108048449,449.2926057975725,0.13520005640684118,0.007302457250161031
65676,-4.654451795793025,-10.606359961041683,3.367347579254676,0.9434808096198045,231.9551169009304,1.2948049136621895,0.007302547768383872
65677,-4.536593879587311,-11.929669213097739,2.8098452991316103,1.7622054109985914,356.37719623642033,0.6139972397998985,0.0073040764918253405
65678,-3.756800994841848,-7.497231332062044,5.143780812023796,1.8129390956424032,470.14662494469667,0.18670237388433186,0.0073044883971974985
65679,-8.707967168221318,-5.019369726123643,0.4250514272478896,1.1621618279875534,270.8136931443528,0.7455216224853478,0.007306928520846065
65680,-7.155919460795003,-9.118889100326639,4.235251691985977,1.1622193156862497,297.93845829299397,1.1756964788406714,0.007307282170295005
65681,-6.031722577983507,-7.372774801806283,0.9407288525583737,5.002979726172941,444.02318137287295,0.03905284266411169,0.007308361742451274
65682,-6.395117623927769,-11.892920904656188,2.8656965583024445,0.7043349522068001,201.89579405245007,0.7303472810928886,0.007308361853095889
65683,-6.247671462326644,-11.099112649761608,3.166327248895547,1.0654522714346948,210.94648042720678,0.4506595275219878,0.007309998617069683
65684,-6.632779493797661,-12.94418064794952,2.5531737902527047,1.0245006503610643,266.2267754985403,0.8849910220639492,0.007313555306671074
65685,-8.830718234730927,-6.35289102487841,4.1770681006849335,0.6912252675500199,466.29840019286434,0.3814744123966811,0.00731444991857863
65686,-6.838445413270509,-9.287093664844718,4.3166164710029795,1.369364998953196,310.3542649165039,0.7875826027673556,0.007315486681140792
65687,-5.988895718427699,-12.69270257160094,2.7591405302161345,7.622259301243327,384.40434140195276,0.22337046612088596,0.0073164913571438055
65688,-4.899591369073208,-7.696983577985216,1.0333975302430016,0.6778910090979341,135.96005383704622,0.6133278558990929,0.007317611354642017
65689,-4.439453362447856,-12.359376736454095,2.7040557697349,1.8941185643870544,456.88817836465404,0.3285195551093869,0.007319526484999247
65690,-4.754935909018389,-7.374253925704755,5.073734558880901,1.8692311779282342,467.72189236854655,0.27647655208927713,0.007320561703854931
65691,-7.022494756902136,-6.3106699589902515,0.20818211935408204,1.3204357212391138,288.32924696890484,0.1448721081341322,0.007321590513386182
65692,-6.360317798322021,-12.844859779392506,2.6963002698532272,0.8506037656512767,199.32617885995722,0.5464938721854349,0.007321603491359066
65693,-7.017509491111048,-10.609069473184674,2.997702407287654,0.8086142785098586,128.8477753202805,0.17964528885078224,0.007323767597928804
65694,-5.603162885282302,-8.435034414107985,0.050027652637186594,1.7059732993480958,469.87317107237266,0.07290534767587786,0.0073255460276109375
65695,-6.969177902135781,-12.760157304903293,1.9835742060434167,0.7636596002555638,154.321429498373,0.32578412075515306,0.007326918660407532
65696,-6.9703012981594,-6.472215546754863,0.2607962807434493,0.9174427850025205,467.1873711019341,0.568121210286936,0.007328054900882806
65697,-6.513552340192235,-9.47611247397057,4.270400900195681,1.5536704581742122,379.4095694718718,0.5138969612468234,0.007329560538750936
65698,-4.830942469068825,-12.695357264765349,2.682659803997669,0.9620925825368147,251.50099261789916,1.4793861548424738,0.007329629430268908
65699,-5.656930109583094,-6.861809404123478,3.59521164278096,1.5573267528206856,342.36891895094254,1.0327505079291477,0.007330777110693949
65700,-3.068436391896374,-7.522993504898429,1.9266439848572035,0.8443093769857286,195.7099343377788,0.8830179790267829,0.007334238840740996
65701,-5.935968969873145,-7.328462072102988,1.1370936304665649,1.6782831616351317,390.73326786417266,0.0472731678816638,0.007335238879072742
65702,-4.766864005485848,-12.472972405389143,2.71233014974007,1.3471246029522113,468.75594752972074,0.8030276899348623,0.007335562449450298
65703,-5.874189440146259,-12.586279559539847,2.772139520323393,0.7340609134803343,467.19693094395654,0.31838256191503866,0.007335773872234982
65704,-2.433510083954328,-12.700556319518938,3.434530259935844,1.3703625983733387,388.24599204011156,0.5056025406134674,0.007339428101360576
65705,-6.735531295203399,-5.937083341537068,1.303710625045212,1.8541978242939323,445.40111892244084,0.13571189571681685,0.007340613649023955
65706,-6.901053605880628,-10.050049667585105,3.5264464184487436,2.2984950797884895,423.1032828439166,0.6956335164384786,0.00734153078922415
65707,-3.7300283591721985,-7.711045578480354,1.255876206846334,1.3619178258059776,468.150676994222,0.19728476552377838,0.007342165603406458
65708,-9.215038422287801,-6.2660800979898035,2.801051710691614,0.6987867796326279,146.42288038950394,0.05185283758111847,0.007343492439535927
65709,-4.008356536727056,-8.947064994591965,4.796706711987502,1.6749870627045653,467.6521149347605,0.053365178585792705,0.007345525762886941
65710,-5.61137693889128,-9.74388851476687,4.0676250310265765,1.0862942895261611,284.0865425401574,1.4069856319077934,0.0073455953271378445
65711,-4.894839192555866,-9.514935533464074,4.238979653705845,1.1094026620230553,467.2569767735188,0.4395460389536803,0.007347902006429562
65712,-4.411162067703515,-11.917962001862021,2.8016186596072776,0.7108361360495565,183.34078589751013,0.5171960698961859,0.007349060803085784
65713,-9.128745874676127,-5.489862789021458,3.2796352013070575,1.018982830935633,467.94436077726056,0.9156405352954708,0.007350175467361235
65714,-6.613202161538591,-5.472078019898123,2.608220488962238,0.8172869232803791,240.22086565770596,0.9975707865650305,0.0073506323329052894
65715,-6.46557159362529,-9.96989133568443,3.822209639241475,1.0097665843197736,273.47774024495834,0.8855666341996189,0.007351957235713283
65716,-3.473726086307785,-12.378869107437305,2.6749924727961387,0.8625305340922023,168.75999138394198,0.1296690665821787,0.007352264977087168
65717,-6.636652155922092,-11.502469122531654,2.8765424821392562,1.7269943034154207,406.69380891979625,0.48601051796014527,0.007353037961092296
65718,-3.996082282305961,-12.798733335110741,2.608965492234112,0.894531172016886,253.7171822363867,1.665386835522054,0.007353314714088337
65719,-3.805388600290324,-7.317781030727434,4.610298307487486,0.933802301339706,469.93054503211505,0.16092944075151117,0.0073546343978394164
65720,-2.6360763624128714,-9.771396445548955,4.874493542207893,1.1737414407295221,256.4514766296767,0.7093861568681543,0.007354677159583942
65721,-5.892000008132674,-8.949362688904525,4.917031959920768,0.7360515105432711,467.88621573386024,0.4795923366983361,0.007354904691488033
65722,-5.417969809534044,-6.948251857939081,3.3265488985580194,2.497597608560467,451.11725017009974,1.1434262080009043,0.007355082688440486
65723,-3.2133302023235704,-9.869018922377427,3.898381323351665,1.201713594356883,302.42812814748544,0.6180389586755526,0.007356524982657108
65724,-2.7995707151407156,-11.268914891317843,3.724464189691395,0.9681749082731308,202.50041926505438,1.053130888856665,0.007356609783606963
65725,-2.6959987629569424,-10.10771114902572,4.601976475751642,1.249841472014084,350.5412797938778,0.18037160224679827,0.0073571726081553355
65726,-7.033805036241475,-11.633104280855509,2.393085662721315,1.3071102869156908,293.5646191974996,0.11760169807775078,0.007357191022878907
65727,-6.359363035031267,-7.633245645911655,0.3838467746170687,1.080232739019445,467.1201806639144,0.11953804895441333,0.007358446011695645
65728,-8.088787539553566,-7.6158279068653085,4.806773640602989,0.5855334471650124,121.69793795661228,0.6638652586573714,0.007360383383696858
65729,-5.905177800428249,-11.560857665478972,3.005016915847646,2.2240697576917547,419.01775505846655,0.8569799003570386,0.007360902315090769
65730,-3.1300890110935464,-8.017323962961907,0.7414275124520737,1.1134628249015859,468.3982521953354,0.5356903765640828,0.007360933083906664
65731,-4.014929427434746,-12.438195226470814,2.6693434919449426,0.9665083612349357,251.65146643600931,1.5054979476552672,0.007361974370117165
65732,-3.470770927228063,-7.311264963258879,4.545249201485537,0.8720516466034554,150.58584439338324,0.0320698770769372,0.007363068607553713
65733,-8.880311064747174,-6.45067267186362,4.033496508000703,0.9794937433687928,467.7821288451385,0.6207759243575994,0.00736578778003741
65734,-6.8674614618200085,-10.533781428284508,3.1933398165256146,0.7489335423402647,435.0343819394259,0.23120901128413518,0.007368342026735207
65735,-3.139638499511639,-12.14071452519891,2.80348792296675,0.93355911529754,353.17553520906694,0.13239697764699,0.00737143642857409
65736,-4.749387748219177,-7.974902358176391,0.6510513046490515,0.9124466203743771,256.05339213486394,1.6588066987089114,0.007371979444954118
65737,-8.845269140870002,-6.858162957544393,3.9579194986216244,1.1772739830039023,467.5965209616733,0.4210946476121533,0.007372301647272323
65738,-6.945931654262912,-5.739184454294012,5.133867216101547,1.6638090562410843,383.70663120249435,0.16443848311498765,0.007372314119115499
65739,-5.938119179946298,-11.672503782791624,2.969673655511726,1.0335292654277681,277.7234494245551,1.7056092276594166,0.00737247749625833
65740,-9.088945240663236,-6.53288065626052,3.3819451287515694,3.881715909302861,561.2372384060111,0.9901744003155466,0.007375233129499094
65741,-3.359947345681034,-7.209372277770958,3.6508938289015505,1.1201788804180002,466.9941998440837,0.7967137265476749,0.007377963846872488
65742,-5.306042880270116,-12.977565630490103,2.6725185894830705,1.088617127261047,274.77081456209777,0.1774766235394658,0.007378609914691857
65743,-8.813414723254398,-6.7656839272923035,4.095384699638606,1.7834222896513365,467.90584232874045,0.1983768967362538,0.007378613035038928
65744,-6.949412757497792,-12.577739462749506,1.2613539444923452,1.470104571739763,325.59731699063536,0.11798840727291804,0.007378807226072623
65745,-5.577538687556423,-10.851332898770078,3.2830782253335746,1.0551236906106347,138.47299610351263,0.2783310616585313,0.0073789602996452595
65746,-6.568225666199218,-11.81889177432584,2.808210639944983,1.100090482623715,467.63196136562533,0.9005056281037458,0.00737978032329876
65747,-6.970527237145589,-12.260985564283473,2.2377008125072235,1.377717313625404,321.934243587352,0.1930671262162198,0.0073802193695292105
65748,-5.490256422022434,-12.559480153387414,2.747955189472687,1.8298015761962245,468.36096303317566,0.15162806281162755,0.007382104230038328
65749,-5.8858057609023495,-11.741347140392737,2.946001632560383,1.6959561070198723,399.80231606475775,0.7506935740939236,0.007385302617420852
65750,-5.289505921241986,-9.761648087953967,4.02634617997003,4.026579342354383,248.38716941805382,0.3594625692294935,0.007385772044979268
65751,-6.190279836504766,-8.763059684221655,5.125333636459466,0.5804463652466623,182.18548447166984,0.9069297338699203,0.007386154668210172
65752,-3.1628245707468334,-11.471773452826978,2.9723181275920165,1.442608478301998,327.6338971974648,0.9109687738113088,0.0073883908935117645
65753,-3.9858517883064604,-11.594799974548257,2.8889528512018607,1.004963804822112,469.76014458654214,0.04572998398615269,0.007390344949652892
65754,-5.359595131768543,-7.488600175502574,1.3404716624491266,0.9224145385231052,184.7819927395577,0.5927574707256751,0.007391557435223361
65755,-2.543435246413038,-9.631241913673406,4.2094146993400585,1.3752314093226845,468.7532162707996,0.8410977894265939,0.007392144885759299
65756,-3.462532702292995,-10.58847351515336,3.338168630415951,0.8970359922285425,468.12078317603385,0.5629066786085479,0.00739308424356088
65757,-6.090858862758134,-6.921281906277319,5.1654303027426876,1.7059032837271042,368.76968046757486,1.2416279703386133,0.007393245245750529
65758,-8.90116971455852,-6.912486673732664,0.7348803670668274,1.6800193264171623,468.1090557683166,0.2036045334238148,0.007393640261865552
65759,-3.4378542389326237,-8.583748913849945,5.150140735555067,1.7226995197450736,468.44662143235524,0.6192257496886748,0.007394066600121147
65760,-7.5195676767414605,-7.187066347754548,0.08760674092771055,1.6440783289081593,380.5510500097742,0.02889462381739616,0.007394650016272466
65761,-2.9904204850900618,-12.429360819298086,3.0082219825210066,1.6227106701951628,468.48777154505973,0.22065174991636116,0.00739520358816357
65762,-8.745301223682203,-7.700567283430844,3.12087953960612,0.8411335719169281,219.37042433139428,0.35843576614693706,0.007395952836716085
65763,-4.462037947528183,-12.197382285706777,2.740734464815569,1.0440038076119231,468.37524507592997,0.5270891249936751,0.007396185840529638
65764,-2.650164911784084,-9.330638714586318,0.0644626042195268,1.1706865568830271,467.05151238460627,0.40308272271704926,0.007397777912720119
65765,-5.435813560010686,-10.83562698229294,3.2815352555218023,1.3370244710342192,289.0207148579468,0.7814981347746102,0.007398586882881542
65766,-5.3784705829335895,-7.407647055434067,1.5517841591181745,1.3816639956210612,333.4392876309271,0.3144610332297093,0.007399277482610296
65767,-4.931290148510095,-11.149016066539513,3.0996691222179202,0.9588432835309052,248.5552983580437,0.9939944592587535,0.007401023442697988
65768,-6.930858562796334,-6.279954808723183,0.4075991396918396,0.9053408837498206,246.63520703188257,0.4026259378090016,0.0074011434744649576
65769,-5.88535104237557,-6.830226239221853,4.47839194205125,1.145915013440771,276.0658762561068,0.9375788171472683,0.007403338541745848
65770,-4.747935003636178,-9.536945241420437,4.201816308641307,1.0900667851451018,257.5773000395871,0.34598425342720773,0.007403495979238407
65771,-6.176867772489034,-11.503844305251917,3.0107609546514,1.3487361389091348,329.08082678300065,0.2950607319167,0.007403754438632978
65772,-5.779006090541013,-12.429162599222828,2.7860249468808234,1.0094014515743575,268.5585214046612,1.4746312755534783,0.007405492895740052
65773,-2.378552937907944,-10.419811112301696,0.621561774529232,0.7154379758127478,202.6074526622963,1.1621209748148447,0.007406926800513095
65774,-3.4243541135186852,-10.608576601775766,3.316416859141651,4.263460867800084,463.93731955442667,0.06672898777096403,0.007406937290611841
65775,-7.315855823340106,-8.619915351020406,4.673886202529998,1.8775082790043751,373.79165008892477,0.5788769179517077,0.007407184797063496
65776,-3.8437499282623753,-9.792845603372163,3.9272813767928576,0.9036799086900633,467.9792298953563,0.14651213065253632,0.0074081978118727175
65777,-8.93956228791828,-7.602390303026209,2.4360698611210454,0.8019987237444675,182.03165872651,0.23653495290350346,0.007409161574500855
65778,-4.1764623335596625,-8.55711606999117,0.10295820031193972,1.703565460702647,468.0754842445415,0.9328353044598447,0.007409857185370489
65779,-5.354463977433897,-12.507639747622216,2.7442666123203336,0.5160241922572958,134.6684884912824,1.1733352188287158,0.007410615044393096
65780,-6.611859236126253,-12.805835356341241,2.5741317329490183,0.6964597055972531,166.18885601343698,0.4617256745592009,0.007411016801116109
65781,-5.3618189452917,-7.0625554581619205,2.558514019659168,1.3868449294165068,197.15388031301293,0.1468509911693321,0.007413251702933348
65782,-6.16039081765507,-10.788846191779697,3.3171580059339267,0.5820633939408759,149.6803942867954,0.30359095465813457,0.0074137394231607884
65783,-3.433352788977098,-7.644691183469916,1.4444403226975298,1.7259434336228123,468.450275908893,0.263594951374178,0.007413756473038013
65784,-8.704688370702414,-8.182888236507422,1.80811706686326,1.7137070756174144,404.5821589689436,0.27936404933037373,0.007413880811337894
65785,-5.337492894531139,-10.636844271913805,3.3759203162540596,1.1320407117357865,432.21975601509575,0.22883386543515893,0.007414389936062538
65786,-5.1921204586208916,-12.884611520424109,2.6690825691907625,1.0949748130997357,292.2298137867591,0.9040505549881415,0.007415213591469702
65787,-2.6856725324497157,-8.375949860410966,4.181591808687659,1.6208474625925307,375.58156724891455,0.42173565845165406,0.007416933355903686
65788,-2.6821620069038907,-11.769859172276627,3.9521435168664527,1.5517025552193666,367.359342032387,0.47710120697003955,0.007417714854951152
65789,-6.069907358935179,-9.170604334579844,4.663504822519224,0.913115695957202,137.2020160375791,0.37933876118649934,0.007418329870499156
65790,-3.4770277187938774,-7.289747030792909,2.597460996502252,1.0156772019318925,269.47834124281803,0.632709949379648,0.007418410639843773
65791,-9.007967684221454,-7.354851186275969,2.7476016976122692,2.5355024032553017,461.7479584141718,2.6498351172965995,0.007419207587568412
65792,-6.497355263864458,-6.157171655064205,4.3296466659958455,0.9584194133279001,469.0152444288982,0.03276947431216648,0.007420127535027682
65793,-3.0696955590748676,-11.891806268466134,2.9457490834638533,0.8992355752378834,240.84694470761318,1.3981835680908619,0.007420858405540853
65794,-7.782093674003525,-6.767740794966775,0.1271906148480112,1.1200625723148205,467.3407810214937,0.29687774764803176,0.007422517905058909
65795,-6.951301402874982,-5.46779259375719,4.968488739705035,0.7940134449791675,468.0516673986176,0.5329279332448236,0.007422568083741948
65796,-6.0633589572661775,-6.680834857940535,4.352943561905923,1.905777072729621,393.4395656096809,1.796549922308647,0.007422986205032483
65797,-7.899416453196233,-9.41321744809603,2.3672769002489793,1.4762009600386323,239.24451900172852,0.4121643911469235,0.007423672469741182
65798,-5.633717686306029,-11.904066852887725,2.8882425709307635,1.0032416348090913,469.033416030452,2.5071408706445197e-05,0.0074243947049342385
65799,-4.273815436671093,-8.186336030412697,0.4558718411276144,0.6260392557236565,170.832650753585,0.8690258834194546,0.007425362212302
65800,-6.930209371231269,-6.410296211414933,0.3885094601817034,2.6899041659350966,460.8522389950051,0.6910713645156248,0.007426739900035287
65801,-5.408753803654754,-12.375972073323249,2.7679893352549043,2.6826413769965827,474.54953265034527,2.291338563892804,0.007427919702566875
65802,-6.573809449018228,-6.1254325502116185,1.8187205056952576,1.211992045830516,294.3629562304542,0.5375705211284503,0.007428684486538267
65803,-4.1879589856546,-11.554540346368144,2.894553312125404,2.7052385806094628,475.56377913150556,1.8612113424208099,0.0074293472880776834
65804,-3.476111475963802,-7.546878587369948,1.7144507591580103,1.322108512410355,321.3153324216543,0.9391625771654812,0.007431016677789581
65805,-6.836058777723181,-5.973930588974554,5.109987913568985,1.5954464617698259,455.310168901605,0.05733330267544012,0.0074310822662682335
65806,-8.53047689070553,-5.710169553772828,4.76951663145521,1.5873187670180098,363.4391173932711,0.3267549292357437,0.007432186373502817
65807,-6.742945215814651,-5.446388392236292,4.23273615527382,1.0919169311951984,285.5400757514838,1.1207172740264069,0.007432190877949098
65808,-4.07550863300588,-9.348424131938302,4.362797835254065,0.9660905681144808,469.2760779321611,0.0599123012835987,0.007432905830428083
65809,-3.2589538658455375,-9.274144332300006,4.445491478560476,0.7987771879431914,425.5635159404548,0.23721177385282743,0.007433559541323809
65810,-3.2876869418254753,-7.222973126274343,3.78032402493219,1.834040676990234,437.36063115107146,0.32470597731382966,0.007433713315096373
65811,-6.970094893619638,-9.080648241565132,4.448687773567036,1.7663310678912334,467.8421717532234,0.6766389417450691,0.007434800474089354
65812,-8.992878504446756,-6.78296232322381,0.8896036581534873,1.1002093494753018,288.4450095698491,1.0961759919673755,0.007435858235757543
65813,-6.435297544805874,-11.884935938043757,2.838072371530535,2.4009199725469066,448.5072137402908,2.3880089088671266,0.007436103420112426
65814,-4.647935317399256,-12.95376299019227,2.612137437000181,0.9690184627778591,192.72429820975918,0.5372942936154539,0.007436474519574779
65815,-9.077468852357262,-7.3007874138039,2.138073829950312,0.49969384884239637,118.25080064401388,0.7485710437797826,0.00743655120999298
65816,-7.056998965773836,-8.195990279320974,0.022252880719044472,1.670263017163183,357.8883601306135,0.9614599596873861,0.0074422453172099815
65817,-2.4695064249723844,-10.300235712696708,3.5899770606648973,1.7570522744048873,468.0713930372293,0.21814607266954056,0.0074432352801573395
65818,-2.9353202029065173,-7.564342345015222,3.733584639657533,1.6393471958665178,382.06194567160475,0.18504996840867793,0.007443290765495388
65819,-8.823860518733778,-7.831599928520181,0.9214836167845271,1.2592162380840501,312.54665124427436,0.24574885967047866,0.007448000910371711
65820,-3.5436825761766677,-8.02538705019709,0.6703897377329746,1.57116555126824,359.54040780966193,0.15750968332152127,0.0074480452882892696
65821,-3.4519809298282143,-12.155206691845065,2.701819680366182,1.1385876464540212,467.39781621069227,0.34417696415095467,0.007449539781254534
65822,-2.7762852417689725,-10.056026939988087,4.464264585126822,1.757740201734464,445.6862345399512,0.6862230023465115,0.0074524902367308805
65823,-5.250605082144732,-7.938942792511685,0.5964220983901273,0.934757958609084,252.3619963591881,0.7239757784783665,0.007452529971592722
65824,-3.5212279740458508,-11.731517011371844,2.819333892125901,1.0890054898520227,226.37922332122773,0.251329879851375,0.007453759342813783
65825,-3.4403807655350613,-12.714041534831964,2.595422709060588,1.7924248535673948,467.8974322634499,0.2716774414611116,0.007456900000835529
65826,-7.0244294530798905,-5.540375709470785,0.3708726547594769,3.310139305737128,416.15557285507344,0.07469315666100851,0.00745711856854952
65827,-6.346306583755132,-12.157285167832827,2.7952324053995774,1.2374010008997258,305.20006065856495,0.2144467874380931,0.007457388242443295
65828,-6.230684818788638,-6.418224196733012,3.7244093931218067,1.6537880261376772,351.6572066022695,0.5645297141313845,0.007457844590203187
65829,-6.632467006893405,-11.158852116589967,3.0054047178604963,0.5368886619168886,150.11801775321877,0.6765841409047555,0.007459547963912026
65830,-5.2789263638796005,-12.932254911437752,2.6646207367146157,1.8412130530833384,450.34375819097,0.5353851110012817,0.00746049623037087
65831,-6.659983403508474,-5.138383173269181,2.7812576474594333,0.6229849755801411,138.6922876469351,0.2178547447870356,0.007462196956238821
65832,-3.5946985261162343,-9.150835386686259,4.553517064805475,2.370689603059289,433.29067193555926,0.8234934618585408,0.007462322559446989
65833,-4.887497726998191,-10.087711507294525,3.7180635695461377,2.297938047847306,211.69260602909546,0.3415621843286001,0.007462531342164193
65834,-7.079571023452038,-12.824364327699524,1.1605376788666646,1.2556143349508815,280.0819246338907,0.6640582673769932,0.007462538902206741
65835,-3.535231218073137,-12.605877836042415,2.6138094428940297,1.0514442267055313,469.97202450322317,0.16743977640588614,0.007464666137931668
65836,-6.987176322604851,-12.186664548500994,2.2076057943867236,1.6962845232344534,446.0099129131488,0.058365107330666355,0.007465251280159124
65837,-6.513229389006339,-11.562703112251933,2.903905109622938,1.09671111109671,466.2866548002496,0.09028951722816814,0.007465483310913591
65838,-7.069071968799754,-12.000434052095144,2.0597401655040204,1.3428252186626983,291.94695847079066,0.33781679062891445,0.007466116730480698
65839,-3.2836217404054757,-9.45173322063503,4.2541959559984415,1.0512663933180275,274.8699151676201,1.3124428593473345,0.0074666035593687835
65840,-4.950647386951634,-9.224105969024414,4.530171874323137,1.099780228658127,467.99344509680407,0.3649618538698105,0.007467367119876203
65841,-9.187927542780901,-5.166904876241051,1.912046628230325,0.9854328266881877,467.7924864182,0.41794194767203496,0.007468601187298412
65842,-7.036416833737645,-11.66411761140536,2.3537564327077884,1.1559005732811245,169.02704873945336,0.19277747221741492,0.007471404455063056
65843,-8.09183172970735,-8.340756777919953,3.72544530142179,0.9038528191598229,185.59286431045226,0.8654920206421997,0.007472026215549534
65844,-7.206151624163896,-5.12629377183435,0.039893663093785524,1.2420001743473172,268.6754551935066,0.081914347685907,0.007473812464515732
65845,-4.413105362383646,-8.572616873633603,5.185479655934507,1.8312850189834178,467.85914179376573,0.2736717278352172,0.007474333689971138
65846,-6.815763237465706,-12.606818180970066,2.395385754136627,0.4931311495049365,140.26459096290145,1.05654517457583,0.007474746440994706
65847,-5.484629222948041,-12.974550921220226,2.679560768990153,1.5024006962673628,467.68020543371165,0.5217481010408473,0.007475414054154007
65848,-9.025314195744297,-7.0278069308479685,3.2428905520491536,0.6899773938781937,139.71836737266392,0.3274752703268975,0.007476482852183352
65849,-4.317113774357786,-11.967470278267209,2.772507993388945,1.813427842145575,431.40330215258183,0.3283466929967416,0.007477222797736396
65850,-5.623862403512819,-12.619432393382855,2.7387101680236543,0.8721714850752649,468.45023407094817,0.8174637498840562,0.00748060763684928
65851,-5.782563981468906,-8.104922526630395,0.2698351996791523,1.0549907353400216,467.88259608268714,0.6924302515498697,0.007481369910378658
65852,-6.546232688141367,-6.037047148555798,4.235595389144953,1.191120422826172,303.66188170051277,0.3376722268587571,0.007481772241276285
65853,-2.403269400254122,-11.009707162597879,2.771635166131907,1.4375443236693648,318.0915817479051,0.5964336904011853,0.0074826595486016
65854,-7.410785412525001,-10.035040874745903,2.8372129324941646,0.821544126472428,183.94954358100603,0.28390758721900156,0.007483929540989036
65855,-4.244063569945724,-12.847507968298007,2.5937258493048954,1.8692014789777014,470.1620098480892,0.08498309442718988,0.007486488040165548
65856,-5.931547752821881,-12.726042563867939,2.7358900118930394,1.1439454707000063,294.0435115960811,1.0854425277784978,0.007486591614951133
65857,-8.930590091036043,-7.6207189795990296,1.5951157864695988,1.2435919288293222,299.83335786762916,1.2908776677479556,0.007488073148628343
65858,-4.916769456531176,-12.217290119218443,2.7456543455989144,1.3569127450506933,227.3190418781627,0.07263151011796065,0.007489894833573912
65859,-3.3328861006683557,-7.519127148130804,1.839388232746567,1.0997132622202543,244.0928911823379,0.3189175084760292,0.0074901392981559225
65860,-4.14694116711064,-12.341267276606812,2.6758096258373367,1.0207622167770445,207.8171682527359,0.5743391341476523,0.0074904224080225585
65861,-6.296786193651473,-9.86412264064327,3.937646493170488,1.7557987275929978,467.8170809037622,0.6216495736264074,0.007491326021059044
65862,-8.691233363889767,-6.888230156403312,4.299839531343847,1.5769085041908628,361.08239529812226,0.3916957190399364,0.007491808098081829
65863,-4.073010628938133,-11.226081815651288,3.0130553364275046,1.0478047572982485,274.05581107452826,0.4283965109057464,0.00749212417705307
65864,-3.7829291462837507,-10.120865390028642,3.650548218750424,0.8266439517959877,240.32447468048716,1.2151356914207616,0.007492927478118902
65865,-3.5749036183622076,-11.084371698435614,3.0599778903762918,1.4373531627505025,328.7055994375536,1.3306513995708515,0.007493420602986904
65866,-8.96945122302244,-5.5009039159034625,3.771086141929928,4.752896682450548,611.3565873086781,0.7392659430110262,0.007495739419474679
65867,-6.097323454795395,-6.908496856095748,1.8238200529225141,1.3554323838894953,322.57951333684787,1.1540442529250914,0.007497925203025189
65868,-6.2747609628512375,-11.786283948970006,0.049734159856824986,0.7916179191637672,469.3487880829544,0.2073787320196976,0.007498199889064321
65869,-4.394883629100169,-12.201856255181996,2.7131019749124348,1.1447590321390402,467.16208729954116,0.11125577488065108,0.007499356283092403
65870,-9.201282854276213,-6.601227298330654,2.657366139477225,0.9354874240056881,244.25510785986586,0.8031692787327787,0.007499821751003403
65871,-5.711310259157495,-12.116696214962216,2.830812796759563,0.8516640473031731,467.77295950737357,0.3099381864046977,0.0075014452180439
65872,-2.6037109228448987,-9.034276728860263,0.33861144371787777,1.0784272263739747,230.33269429929507,0.3534626152704261,0.0075027951747792246
65873,-4.7234617703479165,-9.834838171874418,3.9208753162347323,1.0518855355567982,284.84956317374196,0.9201608048599761,0.007504196986421018
65874,-4.361568153059537,-11.108137388550103,3.0748183321812252,0.7676174085926022,216.70608144236894,0.6448074456114181,0.007504615345398339
65875,-3.67828870203822,-7.515471599626793,1.823442919111235,1.0252806214233838,467.61074053834494,0.8824666705060364,0.007504655601210424
65876,-8.86225813867477,-5.404602746781779,4.0339444426399105,1.1451596935183743,171.78388002212745,0.1773837665444411,0.007504995047471218
65877,-5.257848940536753,-9.898922700037579,3.898341690989456,1.0960919548473893,467.6060420716961,0.21456451550340017,0.007505135342512531
65878,-4.687213138633288,-7.129941740859273,3.701161699782735,1.8514745739778242,469.71898614264927,0.23434107458967812,0.007505331814292816
65879,-3.066030059930892,-11.450003028344788,3.0756767947419776,0.9110691788643992,193.3572712712632,0.11381330189332939,0.007506712933203488
65880,-7.412866520644912,-10.599591306117842,2.2243537201428674,4.799777572527129,460.59959964594793,0.010441027273281556,0.007508164618614696
65881,-7.995932201907903,-9.261629337479041,2.302678419720766,1.0235014625192,467.5679919125323,0.06324373404011396,0.0075096630087458024
65882,-2.886725630913154,-10.431485353522191,3.915430941305156,1.1882244975481349,287.6307483696872,1.1250691774458126,0.007510311640246935
65883,-4.604777639905242,-11.103975887768412,3.0815223262570104,0.9005911928283226,467.7853456963375,0.5759118214031469,0.007511343002364269
65884,-4.092149121786624,-9.126491701254661,4.591435674699708,0.9310059921521071,255.91976554131458,1.489404850880871,0.0075128260265158765
65885,-2.749645634289351,-10.806280832950335,4.0581973496914925,1.9452184158469268,396.5428353574401,1.6075363052809628,0.007514858531770027
65886,-7.9510224220127945,-9.151986540935813,2.6647681590490846,1.0013442268681916,245.28090433005633,1.0251550235435856,0.0075154389917412735
65887,-2.9810251832512353,-12.560909902540063,2.92152228442568,1.5658427493533669,361.65051439964407,0.030150078897507093,0.00751563835618547
65888,-6.907771075064625,-12.844912567534331,2.153695516232665,1.6080985732975714,467.93211995612967,0.40341797311275496,0.007516194269903659
65889,-6.361756471567135,-8.161715536701845,0.0216571054367667,0.7971156662015875,236.65771114198702,0.45973461845170416,0.007516771509152476
65890,-5.679341768236028,-7.158429991581767,1.878161659686616,0.7174777545414281,152.40760177816497,0.013259134945226236,0.007518067775325643
65891,-6.795598203663134,-5.543065449646532,1.1551792054782883,1.1417220216946626,468.131436071542,0.4990105220520302,0.007518904971227853
65892,-5.974844867753867,-11.571621948216926,2.985696602935355,1.4146134332375766,468.5156209922025,0.04141268423677946,0.00751919642561494
65893,-6.020264399159611,-6.617273337061698,3.3724941432936606,2.8196924280574978,484.0190895710091,1.4514949649268756,0.007519857160937644
65894,-7.051578419505149,-9.054176319624165,4.404140116113468,1.0942420757395082,288.42422064003784,1.1093652080035152,0.007520496546637038
65895,-6.764296925783199,-10.630525871018294,3.1987784805518222,1.2887082421748977,271.05851263160895,0.9672229284433937,0.0075211456479153185
65896,-6.943671719254672,-6.188454545012895,0.42390164316481943,1.6894367465174693,361.42758980370496,0.5042860764511836,0.007522072931123539
65897,-8.620108644479258,-7.930514970587313,0.6332437092863465,1.0754354776495725,279.6253833801473,0.6457213415516687,0.007522554366510895
65898,-6.829642986768697,-12.374361008122433,2.4276597449316135,0.5806906334810435,176.8081518201061,0.7362958025386419,0.007522723128192894
65899,-5.908323526783788,-6.790734365151527,2.6490071205942582,1.2144245341139792,249.9727966021862,0.19188001319373793,0.007524260144957412
65900,-2.91114852524969,-8.006725864855753,5.117289758468547,0.8885185184745034,235.71134786417616,1.1372493325278281,0.0075260793624175185
65901,-6.72172797631683,-5.26943168041644,1.9650990924094471,0.8534792038008431,147.0976036474905,0.203963665558633,0.007527094825104061
65902,-3.61260958075499,-7.721432689814741,1.2535390193590141,0.5618437198466724,178.0019875429189,0.6700019678369209,0.007528312653740108
65903,-6.682157400571759,-12.537612794826092,2.5484735290346436,1.8802994023733164,468.2637194493265,0.28903626511558667,0.007529593484864696
65904,-4.499241876253769,-12.180503656971645,2.7307834629738412,1.7020142991485483,467.63246619948177,0.11888663640108454,0.007530521058642729
65905,-8.923038445591995,-6.18333459401882,3.939508463733521,0.502510881951293,127.58364219466642,0.9069007626429313,0.0075307181749770455
65906,-6.835221317367857,-11.792554353365405,2.5980885721179883,1.1305936532220855,296.7373984637894,1.7771499703884919,0.007531633323042204
65907,-6.707270536250067,-11.182125002835711,2.9469628972432567,1.1506252659873746,244.19463521138496,0.4172806865723242,0.007532053584124071
65908,-6.563951280781616,-5.6766908284967705,3.1914841509683787,1.0676670871829308,287.7775483284277,1.0423842634438811,0.007532642886891788
65909,-5.915892201667979,-6.7030724289702,3.4452477804855146,4.658487141965813,258.1133532498269,0.38133098010453637,0.007534689278266798
65910,-3.4119626637691134,-12.098731091450125,2.7036852782252394,1.5487005675069485,337.6303826042053,0.8381651368322185,0.007536420903884792
65911,-9.230567361749738,-5.9317180478611515,2.127765528070781,0.7846298928768468,157.51122056989144,0.05691736768216771,0.0075370528763349185
65912,-4.191171364944756,-7.23393697446142,4.258829685235054,1.4560229237219628,322.89649760193225,0.681175872343454,0.007537292662410536
65913,-4.914588487873258,-12.672707589031411,2.662473014118493,2.1380995376287064,255.2592935924165,0.11849965390506156,0.007537437563556203
65914,-5.3756619638604235,-7.672105401359559,0.929138117340641,0.9978239030956852,273.91075463519525,0.8751535942041082,0.007538425214853826
65915,-6.584769271280756,-5.914663935305107,4.157644620166784,5.729364830934081,657.543387359657,0.4616856048450062,0.00754221016649076
65916,-3.749595537501433,-11.78700653086337,2.799186630874497,0.7803552203619205,228.88769728297996,1.2091675550153793,0.007542914565364941
65917,-5.218462557832545,-12.002964040142222,2.8216335707158855,1.0599558800474906,276.50299905700336,1.8235362742407348,0.007545839687849029
65918,-2.937740507986062,-10.986874045628447,3.4722981576996994,1.8249050579721746,437.5499065053709,0.7880389541211335,0.007546565268157514
65919,-3.6797419875125783,-7.8630725457800255,0.9246703182700095,1.271416789528616,467.9573663401862,0.5969057232573052,0.0075506000867579205
65920,-5.363226795453583,-11.653263742657277,2.922862783490954,0.9253851005718842,466.6362498855782,0.17347727863689943,0.007551100322531443
65921,-6.476159488695032,-6.603312899922914,1.4991582376811707,0.677133513140089,200.9634202797106,1.1741224281500298,0.007551694150130141
65922,-4.198288820263865,-7.31028171484575,2.380500252443875,0.6066893003447078,169.06188435993522,0.4000335821941041,0.007553779114147712
65923,-6.597004827129264,-10.611656736005033,3.3019781738059986,1.1492123450268166,133.0561842200732,0.311206233701081,0.00755503464623853
65924,-7.09432830441151,-11.848025193672234,2.057016328658997,1.1315116435464303,297.6290207963306,0.5000550791703953,0.007557736644993022
65925,-2.924362093528697,-11.343751356868328,3.360881545374412,1.289331794272942,468.2355125399763,0.31215106523824954,0.007558145780008554
65926,-9.050104981077988,-5.797887711541595,3.5479436773086395,1.0706297124012658,284.4030511316206,1.3219948332176044,0.007559058187374629
65927,-6.205472540519574,-11.67703019250441,2.9351456112235637,1.6612659176404974,343.5175438483169,0.4952821081495271,0.007560112118053611
65928,-6.757664001084924,-12.448728042641232,1.6464983228092145,0.5735487585606175,112.46450213895105,0.12895012331971678,0.007560481298793354
65929,-4.701072808902239,-7.510274064405278,1.6352105571268112,1.289647339415992,468.6003022608998,0.5024433085553195,0.007560924153114073
65930,-3.6741157950970624,-11.742762705354366,2.8086378592360712,1.1660821633342688,189.59233449711823,0.1423970340491456,0.007561016844984037
65931,-8.204146681342202,-7.730832356160347,4.432952641781895,1.1658102526291225,467.93548358110684,0.48012305379056475,0.007563834840155925
65932,-6.980076811628928,-5.180598408776995,4.8575354254385825,0.801974091638345,469.4218888215259,0.0364070540069763,0.007564013239581667
65933,-5.108096027575765,-11.839438463010445,2.853061127344231,2.4060085939341014,442.9127081479495,1.0798695398178841,0.007564256732713206
65934,-2.4966838256750314,-12.869937000984264,3.994455529096096,1.0119777763314417,274.972268270893,1.4218528115263682,0.0075647275626693775
65935,-6.793668413396935,-12.853368291967293,2.367611398228261,1.883948451132939,452.91453006349866,0.5234553655414231,0.007565027736681126
65936,-7.328363199443327,-10.331982984086558,2.7054083770264636,0.7197601368108137,158.47215915284926,0.3260868911026922,0.007565183407713666
65937,-3.4874946591273694,-11.561533689984154,2.8603626519109597,1.0492535193319565,467.98736119688385,0.7994583179785097,0.007566558636930272
65938,-2.9254994794220677,-7.87271005981826,4.939463537635596,1.1398660879889553,233.09915853417823,0.010274471925906248,0.007567038144552052
65939,-8.591296738376833,-7.854177479465785,3.29681490202309,4.071276901433982,313.68081427750275,0.17801288509637558,0.007567202953357623
65940,-5.76990477799734,-12.961532871736239,2.6885029855911804,0.7608293222836966,419.4914293001829,0.23219122245733725,0.0075677559998385885
65941,-2.9289901080519503,-7.547379662469606,3.5659408919606124,5.813618391887304,319.2897800726939,0.21928875534610803,0.007569429154922507
65942,-6.623750320777242,-6.05989942941423,1.7088105759558947,0.9094906178900526,203.53986858089118,0.19561219090668036,0.00757223591941931
65943,-5.983278182137937,-6.915139444452907,4.942874111486662,1.0292190175053317,272.57758513756465,1.7253786208576072,0.007572300436265072
65944,-6.505810250356507,-6.3520135613816135,1.7933588379533005,0.7138871266848797,468.6433678914182,0.4953977784955761,0.007573128983382146
65945,-7.745095257878768,-9.027631105251215,3.3967168221697035,1.0424099797942181,468.13000891711687,0.8649976133872626,0.007573842161888838
65946,-8.090740152346616,-8.031682405134525,0.39876689861426157,0.9801228753859798,262.784804062109,1.002426223254223,0.0075757294499198945
65947,-2.4679410611509764,-11.617631438841434,3.7279766930147495,1.9236347265854412,394.7318745354031,1.540257131478369,0.007580099440697043
65948,-3.7460799003720213,-12.955480642862248,2.5538726354116976,1.376250446577456,309.9073308551124,0.31019670419937295,0.007580176964994904
65949,-4.843321047162839,-10.670158087818411,3.3100706539116294,0.8651927509249548,466.7221007631039,0.1597563593634952,0.007581053929943662
65950,-6.206655204987419,-6.62405994840171,4.577420299166845,1.4458257799025698,333.1860663515678,1.2180433222590148,0.007582385965427992
65951,-5.6730565411298,-11.87500452612452,2.8808939819594945,1.7455266976043076,412.6861448997626,0.29612290576103906,0.0075826296033190375
65952,-6.657428160166646,-5.3181421053222575,2.3765800955444907,0.5990311055122344,122.52904717341413,0.6243911385950076,0.0075839932923296395
65953,-4.984543411218507,-7.296270080976461,4.951592621153181,1.0280320075370875,468.02555607260615,0.17596937877192076,0.007584004457445114
65954,-3.3206103435745407,-8.035119447335607,0.6805351971332156,1.07584617758642,266.548519927661,0.9955529465558444,0.007586094497213623
65955,-6.694479619799377,-5.51406308519298,3.993062648097587,1.1032606523827548,286.3955426617276,0.8603614514253195,0.007586867388515799
65956,-8.246472495323319,-8.04795755637004,0.46231804739241666,1.6639946853804002,468.0179592692325,0.4103278947849285,0.0075873095210410016
65957,-3.1499601142997316,-12.336632113682416,2.7597444355432734,0.8775794658348328,203.27216873923493,1.2670342041687492,0.0075886784741139995
65958,-7.677911385129114,-8.268144480744402,4.6249502971836,0.8466521957511539,469.1578212320072,0.11786781479200492,0.007591465812750734
65959,-2.528244602214923,-8.57761802846916,1.3766329258722916,1.5357637899281864,349.00707266345523,0.05773787130613872,0.007591554722127785
65960,-3.874799651538372,-10.157047566512457,3.6213679595073702,1.6593892527276262,470.0624157162015,0.023220442705431665,0.00759182094845495
65961,-6.179273289854425,-11.396306572662144,3.0276145441028337,1.8501451052528466,443.17476832984687,0.09139959518320584,0.007592292315069551
65962,-6.715853567150668,-12.186227899827026,2.585975988808266,1.8960135831200535,386.5908512204021,1.1311977247988603,0.0075934699025592845
65963,-3.1057270110703783,-11.208008666183822,3.1130713071096068,1.1571933361814246,262.85092036552555,0.4140143653302193,0.0075936380592486735
65964,-3.522111480511355,-7.641242038338166,1.4791440319561817,1.1601325350853169,293.50682159801937,0.7777550229569163,0.007594498541224421
65965,-3.326227377029306,-9.836156373720886,3.8727608653978467,0.8168535881288763,467.7617449434624,0.10205712865936167,0.007594498960450804
65966,-6.142540351880692,-10.535159564314869,3.448112614542819,1.7825496415010602,381.0933199350031,0.6790056768699388,0.007595269163004931
65967,-3.645579974356509,-12.275863755972043,2.6677027053935416,0.6008777609345687,123.68525768528261,0.04980567213891529,0.007596696535488462
65968,-7.899184373801379,-9.186388627808292,2.755225127632129,1.5623848966025402,362.3224796960878,0.20954216260274894,0.007599331435668441
65969,-5.498251585084201,-12.715510424229699,2.6976377074462956,1.83288114379854,467.4391328480629,0.6750289602311401,0.0076024353741422955
65970,-3.0925983023602255,-9.196308182324529,4.658366125645816,1.2570064018958569,276.5965614170003,0.16943306567359695,0.007604009664888233
65971,-3.305487975873117,-9.414285550851329,4.273921345914901,0.8084958267674378,201.25808491365277,0.11158470078921745,0.007604816079971973
65972,-6.553024089540544,-9.854625447885702,3.8751034686809134,0.7382680430969322,170.06091629788983,0.32726774837958494,0.007604988062568066
65973,-6.383547537859059,-6.1617278567957765,3.2207889549932744,1.809738071239623,468.5559822621088,0.8483703619854372,0.007608262456754159
65974,-7.714744737931271,-7.9813683906161765,4.950504930035856,1.940373130394617,394.39151828333536,1.379919536063663,0.007609907034187536
65975,-3.6469828084706943,-7.336007748512211,4.6075848284477665,0.9222284227186693,467.283229064107,0.1319943901841647,0.007610698549196369
65976,-6.646885873196267,-12.308367213280691,2.610691879600558,0.9677370886595063,199.04384849421334,0.37978898008147066,0.007611156256945968
65977,-3.043899013929966,-7.5955681444827965,1.7388674632793815,1.4520286844190111,410.00965688187614,0.14763459353059183,0.007613552411506539
65978,-3.469033727814825,-8.572924754423557,5.145596841958145,0.7922690964589146,160.03401523029677,0.9685898758776865,0.007614026231591692
65979,-7.062848244534721,-11.987173592227371,2.051773707968759,2.6540003264569867,464.8177852355865,0.9384921759759886,0.0076171239438640554
65980,-4.7572927410522725,-10.59729573421642,3.3535956251612444,0.9069335060166804,236.19312274726454,1.023288191240197,0.007617347223582348
65981,-3.0804996515082532,-12.600383477914693,2.7417102121570727,0.9460078103316438,467.1502381639496,0.5804150277519957,0.007618464563752815
65982,-4.617520185606142,-9.677334327300915,4.045219910472785,1.262292278609444,351.9228286477226,0.43002787151246036,0.007619291494068335
65983,-2.328450623249797,-10.769068498968384,1.7751271894357608,0.9944551251413886,199.9326465130884,0.2490905070920295,0.007620620904603898
65984,-6.226553709120599,-6.4371885246277065,3.5948680829189334,1.8315895637961224,375.01564482475175,0.965870202084095,0.007622073825739395
65985,-6.088822585667691,-11.570776464834934,2.9706806770739855,1.3359823129846977,326.58523570021146,0.28606443114116775,0.007622439402214015
65986,-9.097917334871394,-6.156328301450106,3.3913115800340545,0.7803045345664009,157.7123047563605,0.9841056502640422,0.007622719547387
65987,-6.815814666661856,-12.553512250581326,1.3251698638268714,2.947227139498925,495.434263452908,1.6041781903031032,0.007623203923833206
65988,-4.170431706564548,-12.804919903690774,2.5784235339873676,0.9124496288682135,468.2541293610026,0.18870085937319114,0.007623327219381659
65989,-7.240059869177772,-10.716779058292463,2.5431319832991353,0.7346790101943999,223.36818918652077,0.7718618731950242,0.007623593875008181
65990,-6.671879678593141,-6.124256872404458,4.822722653564141,1.300715375590931,275.6322010261672,0.012102819609743243,0.00762367314550726
65991,-3.0651811596626484,-8.813461253905903,0.058374166359287764,0.7518595959544356,195.37354229608448,0.2207239097540663,0.007626264772948266
65992,-4.844587105428997,-12.100288258728533,2.7497862619989397,1.0363488872130393,272.8599679729031,1.1776932648586689,0.007628022474561558
65993,-5.3012974051202,-7.590880378802352,1.1737878774342363,1.2623784033987113,311.26589216610614,1.9120299709008446,0.007629143402415288
65994,-6.674480063986656,-5.742039143875542,1.8867548136271888,0.7751645502232936,229.72408142093022,0.7660715486297418,0.007631900042676181
65995,-6.9550571235928285,-10.831593407271962,2.9020333194175314,1.8598083642631764,465.0013168952101,0.4963134240983962,0.007631958352158186
65996,-6.860295670158411,-11.673130330521118,2.600152013615871,0.7264732496733057,146.8961902728339,0.9230245728647359,0.007632772101541018
65997,-6.969535631394115,-10.531194413761796,0.15635993550188082,0.6777996146368456,187.52063508744476,1.0342181905983248,0.007633855785251302
65998,-8.794398931237955,-5.160331947302242,4.1648333607002375,0.9830258790194866,271.7164992600101,1.6763208548801014,0.0076350293548341774
65999,-6.774591535241995,-11.835684264964234,2.6295036514346983,1.666193944109815,468.409229557879,0.1813746997126593,0.00763528296717398
66000,-6.236324816917458,-10.907820522240558,3.229592557850101,2.1402138433680533,356.6180457929216,0.16399672542078125,0.007635347736756883
66001,-6.813335823616541,-5.0659574576539335,4.140472359266532,1.791981594454888,425.57877062929566,0.43741389487376914,0.00763695398552542
66002,-8.70061451315058,-7.561840359229759,3.508862500792339,1.2061466161693664,467.9791825413423,0.008626746356568127,0.007637287022304245
66003,-5.8711598698603265,-7.483533166697161,0.9409257554635213,1.198178143512294,467.38639371978013,0.3066373351641669,0.007637539112538723
66004,-5.5010250826338485,-6.93072440755849,3.588990207577237,1.7101354869726517,402.56292775944286,0.12386019561277362,0.007638967142141772
66005,-3.0053565366415533,-7.481065993110079,3.9482284190374637,1.9029550938811657,394.6301796405449,0.6367623233514594,0.0076401366232103024
66006,-5.298178540360995,-9.823788967350962,3.955533238926901,3.098780154877535,501.4410408481169,0.8346578062635537,0.007641174236736477
66007,-3.745998629885989,-9.923159846973855,3.7954813147177444,1.9266361516914567,359.7961102725267,0.3810321311285678,0.0076429786323313174
66008,-5.375169813936637,-7.138065570316161,2.266628544390653,1.9300032090264967,395.2779017521791,1.6700922662547262,0.007643574986247055
66009,-4.049374320763043,-9.35202363254205,4.343970762569712,1.1724639211421233,298.89280057798794,0.9094555988855726,0.007645444841306973
66010,-7.775146877807302,-8.183357902192004,4.581636145949609,1.570479759998848,359.8126234406563,0.13924954060789485,0.00764867279634481
66011,-8.8644099017323,-7.842260711642282,1.9454052787036076,7.492686262744211,575.0429796742068,0.046581213616961215,0.007651801277961662
66012,-8.926201635553301,-5.147372721027597,3.842961614058042,0.8804120512627434,228.67015331216976,0.5703600097024824,0.007653390925113691
66013,-5.808891260210945,-9.39984904563797,4.395906548217893,0.9629579983198077,469.27125812932394,0.06079939233115983,0.007653991551015886
66014,-4.220169348374276,-9.59269001606696,4.112371146591401,1.7627516125521294,417.78962256307705,0.9179559567894762,0.007654342705373938
66015,-7.671972469687885,-10.178833495621621,1.6803827322911415,0.832842857478511,299.93161287850415,0.2642939312952137,0.007654856251453697
66016,-8.390987183928605,-6.555273733680324,5.012606904946582,1.08234648304885,135.90714393754527,0.37712699959879625,0.007657948532742422
66017,-6.958006367547244,-12.595940233991207,1.9834216883970608,0.9865345406278482,271.16092740033866,0.5112283809775304,0.007660652767015424
66018,-2.650361854360562,-12.706553250073005,3.8823715075178766,1.0810776474912385,285.9236754116419,1.6403955487827622,0.00766343569715528
66019,-6.694095519072774,-5.455542135630628,2.0067194155125465,0.7859936386423154,149.07010443049273,0.17927498840884137,0.007664484065851207
66020,-5.189904207030609,-7.182304474218463,4.7235861375905746,1.8257242378076999,437.17783393682106,0.5630298612535958,0.007666602766983192
66021,-6.491880969129474,-5.971916149234234,2.879737089314533,1.6594473642768748,467.7317549944508,0.41805369033917916,0.007666848608518652
66022,-5.600261547741659,-7.136802955138951,4.983487773979502,1.0232294083133608,238.9246207089539,0.48732139543037434,0.007667497727398138
66023,-3.0163122636828454,-11.039260538554107,3.3115918801927404,1.3311800663691062,285.93988523294337,0.0004943772625116694,0.007670537100703856
66024,-3.8610539864194955,-7.282093218562404,2.6670283765721123,1.0473785066498382,280.2130880628124,1.1358603412209014,0.007671439802821756
66025,-3.723896366747228,-10.132673842199466,3.631249438960205,1.1100534540391715,336.57748498859803,0.970099241542961,0.007671653794379378
66026,-7.5492558249095945,-11.286748047366915,0.5348259852113384,1.1448182332071206,250.7569950543642,0.6586670327105617,0.007671798462411859
66027,-8.341522729467126,-8.894383765915723,1.5572078304881307,1.1723244870848675,468.7216163830513,0.8273617477680535,0.007672655838063871
66028,-6.7977609812666735,-6.109669984790983,0.8398028439261385,1.5991999647597492,349.77758601119564,0.7130340634977008,0.007674611438413358
66029,-4.306731325289427,-7.377105224790502,4.883834876313454,0.9176197365609694,182.58099863669926,0.2961813797644126,0.007675328115268452
66030,-4.918666312904522,-11.742184110501595,2.8473037618771926,1.866040498213232,468.27101652697485,0.3369629922614772,0.007675893292339544
66031,-2.7515591710590304,-10.041809123337924,4.510670141027421,0.9671444570564621,235.27091445303503,0.9084919670686498,0.007676504732144922
66032,-3.4848675466416354,-10.697893699831441,3.2420161059405417,0.869216885360598,467.95749587624266,0.24501213305268887,0.007676866269076555
66033,-8.686232289168531,-5.686626603412593,4.444205306676038,5.495338616084699,608.9998795254576,0.22105625410692475,0.007677146581938352
66034,-4.071519671740537,-7.278970833202032,2.6779895784051173,0.9269925330957024,259.41509084042224,1.3239472714924752,0.007678995449560589
66035,-6.113867215460465,-7.700672964285126,0.5253586696738025,1.028515898947485,244.23547025848478,0.2868263640603317,0.007679514267851123
66036,-6.463940945935649,-12.863374291864432,1.4599785854822573,2.4919603261007746,179.40515903856377,0.35387649540658206,0.007680012021839762
66037,-8.983999845852981,-7.557446870461621,2.007137159491523,1.4603268690961333,255.4675708969584,0.028325397066478963,0.007681123857743722
66038,-5.703863828008245,-6.8601799910936645,3.94083513587342,0.9461787244618783,467.79401861496933,0.10740156047465899,0.007681450867391143
66039,-5.314382329637394,-8.994633234385418,4.800388164735158,1.0341293679979053,467.89879100428647,0.9082832891477999,0.007682305050760851
66040,-6.338993428194298,-6.2880552823526275,2.792201398493966,0.4828528143435328,112.56636511130701,0.5491154721840603,0.007682492547691727
66041,-5.18650720704453,-7.229122947006956,2.14684845322519,0.7859154767621485,467.61363023436326,0.4978878347024791,0.007682609078767051
66042,-4.183800883118364,-7.196712173171738,3.2312041412743255,1.8816359784087033,468.7939538737028,0.5977557858348872,0.007683241355334935
66043,-4.518972476498574,-7.550469141597182,1.6129475006325333,2.2567839292082863,210.51114419798583,0.22686929896069774,0.007683972307759661
66044,-5.648324031769578,-8.880268666123463,4.957480798641888,1.0698794684754338,468.0662994345911,0.8378975493060086,0.007684640915993199
66045,-3.695404397071642,-12.377276429773403,2.6271634993555772,1.2308322080522243,238.96064245984724,0.006770184269123014,0.007684858058410381
66046,-2.868764593141961,-11.36663504146484,3.468767035322864,1.756224041637822,417.7212819250659,0.909934591066369,0.007685160939706052
66047,-4.201214099139186,-8.678415711159468,5.0558638923116845,0.8127208757584089,389.68848160052505,0.22455300886641538,0.007687028715054368
66048,-4.376120741848684,-7.20661253461393,2.958460054874216,1.4820852950000292,345.24539401167345,0.4218991752068382,0.007687615652890942
66049,-6.869826677321269,-5.508952724504556,0.8268347962006481,2.037745844954305,395.95979391474384,0.6411362472011524,0.007688903370484847
66050,-6.275852565063165,-12.378633116527325,2.740086193228147,1.980376208189602,393.8133400206441,0.9396391656803731,0.00769119692094782
66051,-8.91390751077387,-7.212344629709263,3.385180571291431,6.918186700524257,672.8556638657151,0.2145479668718382,0.00769250857658656
66052,-5.612873375747841,-9.992518376634662,3.8272129519474745,2.2014004940425314,419.01356460154,1.0005076259536372,0.00769385226589747
66053,-3.177674188163831,-7.565444087006265,1.7588959482320725,1.7115630118773049,344.26126652315224,0.5673370351140177,0.0076951952817214
66054,-8.510693163683873,-8.020746873962874,3.192917475005584,3.4248677707537283,530.6201401542808,1.1478727129822586,0.007695778267199175
66055,-2.538248611910565,-8.699450661396272,2.285999519029029,1.2734712163126112,468.61068463756004,0.3238248704610234,0.007697484272549089
66056,-6.453429742957139,-11.88789806005447,2.8039916524585466,0.8694671025897748,207.5690590177587,0.7634527487679179,0.007698136005184201
66057,-8.288426543542156,-5.543305174735848,0.22989239884417068,0.765569220356938,225.71696169463294,1.2925754147056594,0.007698818568363994
66058,-7.046841333622613,-11.896007029888946,2.152193583038668,0.7380703228116128,467.73251535011553,0.46836491255815993,0.007699239001204476
66059,-7.1417283250681605,-10.812255616558865,0.2478360411547167,2.9908966018053578,498.7717504117392,1.565645844154207,0.007699269580194922
66060,-9.199483281411322,-5.60564223331105,2.8520391701961016,0.8339020855051236,457.2843717268179,0.23112450064165113,0.007701345720594635
66061,-5.618177719434124,-9.676384139006359,4.1081994597873726,1.2254379256192482,455.214755589122,0.8045037016748697,0.00770341633204923
66062,-3.709034157718331,-12.846198170500722,2.538075135592363,1.113680613838999,293.49262724543104,0.701980167886302,0.007704126639243673
66063,-3.968494033679316,-12.813389585257012,2.560351993251189,1.029101031018429,211.09874080592596,0.8254713050653253,0.0077045570723432225
66064,-6.449259921556504,-11.183238853044465,3.0499660769544983,4.9284432949329995,550.2180955535639,0.12660793960386663,0.007705014298536934
66065,-6.764674526086182,-12.765001421524714,2.392221811168495,17.751363156875,684.740363666236,0.019651792802028112,0.007705165511173165
66066,-3.7509599262773863,-9.092501006137642,4.605333475725033,0.8362504404422484,141.86203300013946,0.22843749694445226,0.007705189640285552
66067,-2.309068852645389,-11.522198054122507,0.8341275820840339,1.4139912224821283,317.71058753156984,0.3804421400689959,0.007705377953240745
66068,-6.8448059792327856,-6.497453257470695,0.5359991481155085,1.4111385031211399,320.9173968630527,0.3274818039606897,0.007708543463549211
66069,-5.29006589451245,-8.877505424274712,4.921063595668888,0.9569170323412431,249.01744083761866,0.6873453871471833,0.0077099886359849575
66070,-4.009403728097643,-12.301839559671762,2.653989192679642,1.0763429702649618,467.03208091172445,0.6280457841193812,0.007710240928020847
66071,-3.3363001727028987,-12.458186508306358,2.608147875187105,1.509765107242068,360.22303419674023,0.5466587430182424,0.007711333822741743
66072,-4.74595981037615,-7.8317554822698625,0.8744491450869467,2.023528987628772,395.7725974114332,0.8571903696179781,0.007712583932232823
66073,-6.762099956911259,-7.127516080821791,0.36665017418473966,1.1390428137602382,468.0090953173701,0.30453268074669904,0.007712935805197879
66074,-3.923010106616095,-9.654072900989938,4.034419595645699,1.3385256452156766,320.0310942772253,0.24289044848666297,0.007715886237555808
66075,-5.341904247022706,-12.14161656716645,2.7692243932979363,0.7639902981023465,158.1820108085018,0.06692449652515009,0.007718214955258039
66076,-3.2305791597384923,-10.09353588519333,3.681322233402079,0.9084394742440208,468.3933587791484,0.4935300969834371,0.007718796779038479
66077,-6.742550452053084,-12.437216113957483,2.48543839786482,1.0475927811299222,279.9241447340006,0.7954982375249404,0.007719284856017682
66078,-6.821154971729652,-12.752746594127682,2.3132619529606955,1.4525731835344096,469.0004748122471,0.638205518602601,0.007720256429938087
66079,-6.478216155818155,-11.586878363303587,2.8831918804628853,0.5539342714471223,126.89019171946498,0.2683586726070253,0.007720285209069625
66080,-2.9937553111338726,-12.08012691341375,3.016046768142938,0.7527735569501439,177.4469961950475,0.6631815863530166,0.00772078025970876
66081,-4.876867235566515,-7.605477484127697,1.3358978190531356,1.171247770090346,465.95692841853855,0.4118787298883442,0.007722410380520969
66082,-3.1450634333664738,-12.022206720870424,2.78820937434389,0.8483716614504828,239.51022079059126,1.3430597400670452,0.007722604550795289
66083,-5.850469975277525,-6.78289254549787,3.933160512443029,0.7823295637252338,194.9343995825037,0.3365511497081135,0.007723967367699006
66084,-5.00419770992638,-7.200150175445869,4.606586032891166,1.7649557871866297,418.2233560048959,0.3822118659011009,0.0077254865631825485
66085,-4.3929377850591,-10.35216047196996,3.477520003471638,1.2520645179052723,266.0855439697045,0.08132086221159884,0.007727765607407991
66086,-6.474874337343164,-12.86496752466003,2.598886923216235,1.0713131545402907,279.10847077534294,1.7450968560942623,0.0077283907493877575
66087,-9.040866456145626,-5.886560074969551,3.562527411982825,0.9883804187842976,267.19856705047494,1.177787308557476,0.0077300328507640854
66088,-4.56899326339401,-9.973286981302568,3.7786290255884722,1.7344988663866472,468.2335277986336,0.5987760084567766,0.007730083009247498
66089,-7.010344605231554,-12.233108284064059,2.0215497194346286,1.5304198866539163,353.454642578264,0.1788506401332528,0.00773014010349202
66090,-3.670877043665194,-11.973775283576204,2.7170967554963523,2.55212540225072,461.6640679853527,1.8757454784266656,0.007731559680285666
66091,-2.6969224908494907,-7.982930013455474,0.9586110418957997,1.246531915572085,306.15447236442037,0.22374797364103127,0.007731824900350164
66092,-9.068071030066204,-6.897670210248743,1.6010327177947359,1.8602550944853575,467.6041717361132,0.4833267885257415,0.007732155103149514
66093,-6.240838923782537,-7.343278848974665,0.8093752908273031,1.637562292655905,468.386062031112,0.6214461406033394,0.007732950481988935
66094,-6.7830322918251165,-5.043785760777278,1.7640703342141226,8.741531621003766,633.2450426640061,0.10873677482991884,0.007733670012122554
66095,-6.890432713651748,-5.0871016413658685,0.8539557205773215,1.8242384468297284,468.26678554357375,0.5542058067096578,0.007734500907121438
66096,-5.620453410763858,-6.887535105350972,3.633083270322442,1.0869637749396457,466.99086609352344,0.6141545281150309,0.0077345309260254584
66097,-6.852275043902639,-6.16391060933949,0.6725924325493657,1.775154712366701,377.2470784459054,1.7050670935881316,0.007735147735775742
66098,-6.027122203997589,-9.732222819820233,4.062867536009872,1.1163160531495566,422.99932906421054,0.2761218573293931,0.0077353065280600115
66099,-6.713341511633997,-5.263399762355912,1.9903831510816012,1.7393997388532207,412.5107342676384,0.8586216725651346,0.007735821940752374
66100,-4.8969374160009025,-12.936247399522689,2.589051706823296,1.113579496206226,466.9169167044876,0.594425312111122,0.007740972889040988
66101,-3.2781963809072288,-8.088367286111696,0.6277100872380692,0.9798059524538939,269.1539959641331,1.74909006754985,0.007741247568963497
66102,-6.8588100418612825,-12.721934926908421,2.2438300812577396,1.4228506196935111,329.19030700016,1.398336825376611,0.007742649172064057
66103,-6.882114459534753,-12.858246179257057,2.153434831816887,0.7397180099763586,194.99795690170995,0.2867550816687956,0.007744363815979543
66104,-6.997643368436506,-11.239776138898433,2.606613139236938,3.6453679214674257,249.82049064159625,0.2499903119023159,0.007744511257926798
66105,-5.7787193261663985,-8.884951067117868,4.95922456112507,1.474411612184901,297.3430921943079,0.09614271292398247,0.007744515552885017
66106,-8.933020491131163,-7.597748260259609,1.5946754477935805,2.2405111555936412,313.95550862194193,0.008068960854946461,0.007744771935151138
66107,-5.668660795902742,-6.981506987217641,2.4419058336776094,1.9684774225754431,385.820982733774,0.5064665484943953,0.007746187859642466
66108,-7.518144149115962,-11.653370956914838,0.617322140324182,1.4871489940389035,334.79544081556264,0.5058059497643956,0.007747607976629522
66109,-6.987485818104397,-9.042077460078412,4.46151689668159,0.9480854537446696,457.44934013148827,0.5418987459280258,0.0077476999393442615
66110,-6.064016012807473,-11.434917109239647,3.004161760572245,1.098388693646333,464.1975158764282,0.7897560544031199,0.007748261393006136
66111,-3.7592668547272323,-9.863148125388909,3.839594574547344,1.1283660239674436,294.61739923634354,0.8836875229411367,0.007750233276322524
66112,-3.556045644799384,-7.732403828355888,1.2381060307239002,1.8493625178235205,467.6433445788404,0.38648551407642895,0.0077505294531571775
66113,-7.66816975608686,-10.32908159370349,0.43126921930263845,1.7699580269238546,420.18769152719904,0.21783155295414414,0.00775243280246025
66114,-2.6608516063572294,-9.923927866144075,4.749542614224588,1.4588670072292915,346.982930100755,0.28538462698863043,0.007753148111789661
66115,-4.8548331752228275,-9.71650160882849,4.018247940046144,0.772542432546698,174.21352443342818,0.8696156695187662,0.0077538099803062255
66116,-8.958234132724396,-7.54939438202558,1.6814010067598166,1.0802883372527545,467.9027556912485,0.15540361525818547,0.0077542800210924495
66117,-2.671525229177618,-8.286788086387237,3.6746373688412604,1.7905317401963232,469.0020058865523,0.3922311152727209,0.007754527608088114
66118,-8.54339682171842,-5.065405030726262,4.642127853454152,0.8235530778196573,222.39295062792112,0.40204915013085607,0.007756392043409873
66119,-5.803424545089832,-10.406674731612881,3.523466718116881,1.119357151354698,260.268747664666,0.6095354330010343,0.007756820371819433
66120,-4.6862818971015745,-7.245093825320565,4.537059184640451,1.5684165083430222,344.95785253937913,0.49297209063771863,0.007757691233200735
66121,-9.048005445471688,-7.367438470125866,1.9869729355759955,1.071173621483195,469.424067432462,0.2218083736223191,0.00775861020493206
66122,-3.0592352489643577,-11.819739125936302,2.9727482491240496,1.1387719798874447,467.4434315726778,0.3104381344835021,0.0077611599510338
66123,-3.4565662121511176,-12.13147655926222,2.666607768254089,1.9008141990039185,386.16817492484853,0.8947221813456538,0.0077614971400292
66124,-8.801193604891687,-6.6361865942909475,4.145356439124568,1.1845938725534215,301.28947156139793,1.7012366159656338,0.0077667935217702365
66125,-4.8256637851511455,-9.885208727197677,3.8613764683662453,2.6256393353983105,466.44897946839404,1.4600532572899612,0.007767404915609395
66126,-5.816281852525201,-6.814134756703042,4.027664760904619,1.7390145999228395,411.561856144391,0.27841509609969517,0.007767458347788504
66127,-4.134701672806308,-10.564877630635307,3.3351692245947118,1.6066062228561349,468.2789946582913,0.3226191826417102,0.007768484523151182
66128,-4.399454314099453,-12.953696528949424,2.550552858497745,1.1050007667564037,467.9418765584469,0.887898945436624,0.00776874400713524
66129,-6.241692429821489,-6.505427072573845,4.1662098959340685,1.3414088900083911,306.39791365839113,0.20494769498977927,0.0077701932033826275
66130,-5.35028517255061,-7.280017480741385,5.106199115074324,2.5461642367154087,461.7510206650099,2.153802045661811,0.007770728104798504
66131,-6.740680438228702,-6.165718095540886,0.9727454244790871,1.192265448172577,267.3927996306978,0.0869306893645847,0.007772231111820072
66132,-3.953246708131191,-9.240880441734879,4.447139980211703,1.531799597990441,351.50018129076904,0.24512036696363726,0.007772390116146607
66133,-8.288210507055089,-8.212322717024403,3.444787799194291,1.217770703359368,259.23145862551996,0.19772928203882767,0.007774073659578326
66134,-6.906596909282232,-6.5511837997016125,0.3963442401368797,1.3003482695278925,309.5295505281266,0.37016841669141964,0.007776833674183707
66135,-6.405449817875182,-11.179093464065431,3.0577964859953375,0.8328702781672958,234.41096634328918,0.8318076515021096,0.007777524989394355
66136,-2.5682116408398254,-10.828908140682845,4.396615406591849,1.8880317669549973,468.6135027766641,0.4644923073067071,0.007778560494163235
66137,-3.5158831035354314,-7.530097046264727,1.8059648407920097,0.8981881834224732,237.86200323477925,1.2136115309756255,0.0077789104931493816
66138,-3.161084799897081,-9.102341440589527,4.665586680208433,2.1719981647105926,424.5039806693687,2.0957146463356784,0.00777953049586859
66139,-3.3067068745186132,-7.745094597479515,1.2183414847991079,1.1482585798607705,467.16470891627677,0.3370024706012247,0.007780337469367792
66140,-6.943121823136999,-11.466936018098922,2.5645445774194826,0.9385907347914326,188.41206298489305,0.8907555573429251,0.007784303458250916
66141,-6.57095013184696,-6.16373021459564,1.8471869356602568,0.8480424871936362,467.90944083731347,0.5538317240426078,0.007784477692116603
66142,-5.392593930271474,-8.11783799915167,0.37746930582153765,1.5774551421854872,393.84823241615226,0.3053158294037521,0.007785002274761975
66143,-5.781697653971085,-10.577944631267158,3.411035165388865,1.7758842870715306,468.2526557276918,0.2587175854987098,0.007786772852483081
66144,-8.595543496289821,-8.119562349400706,2.640234877468779,1.8707075339298223,461.60599938432017,0.12131704652478259,0.007787694856494923
66145,-7.546846902491994,-10.401165728535151,1.9529809396980204,1.511466413444704,357.6133636761035,0.5204661975475009,0.007788119046751557
66146,-3.0956853498422596,-11.009572076635266,3.1992808948357263,2.773962993950925,475.26695284321033,0.9931808586072792,0.007788959018405258
66147,-8.419810997702138,-8.417267858569078,0.599721177379646,0.9537669374991666,263.40029831060224,0.5075082897443552,0.007789644600923975
66148,-6.315434083303968,-7.589098730202734,0.4916743787171246,1.36627114492438,295.2637736889843,0.04579133845386352,0.007789878822595561
66149,-6.955646570476276,-5.279583659371952,0.6289541505919831,1.320412712177359,147.31083061618156,0.33814149789393166,0.007790395796209037
66150,-5.662400772065753,-10.304087366526886,3.582964035388484,1.0028712271488,467.7919017717006,0.22987347639562028,0.007790644115644689
66151,-5.828106820457551,-9.637827155486978,4.148757028316455,0.733319106561281,187.76462779420913,1.2645205317912405,0.007793235920011503
66152,-6.370098326671551,-9.168210271452843,4.61038438484118,0.8119618793969929,467.2998602054643,0.45366065069774386,0.007793773804773706
66153,-5.642488220183373,-12.245329316101163,2.76476980428687,0.6027210826908728,123.32465065707107,0.4336123168450543,0.0077945719400099355
66154,-3.954844108420005,-12.179352881183181,2.666968733787977,1.7208216131549254,406.4235365013012,0.2999450584096328,0.007794608637733785
66155,-6.620630149148367,-10.34423569969729,3.4458893729697,0.815580489592847,140.88821779605328,0.3764847074013815,0.00779512491534151
66156,-8.9263404659488,-7.195712753495877,3.351294305534137,1.6547262519809076,363.08695760526166,1.854890365560406,0.007795982755990048
66157,-5.034732684788372,-10.584938172863396,3.3630556130367215,0.8563564143387051,148.67076404432672,0.17530881939365184,0.0077960595278292535
66158,-6.913271767910212,-6.155250372253493,0.5370776561584111,1.8309270911555318,467.4446612479753,0.8941903360294994,0.007799208818048289
66159,-4.034696882038756,-7.210523548680947,3.7247075692427973,8.491447609665622,441.95389166432244,0.15933688525604772,0.007800449932698632
66160,-8.393136001969632,-8.772109604620544,1.6528922877118675,2.4534878526097788,445.40457423851,0.9800751723257379,0.00780244980248655
66161,-6.230070471627245,-6.851400941664186,1.7220905190302482,1.0153520074671112,249.57817856666824,1.0405225614792757,0.00780269812771414
66162,-6.995071136123556,-12.75743867266713,1.203586402745107,1.733031959364219,369.9355970933937,1.3869745010362946,0.007803521024396906
66163,-3.06105539732717,-7.724311188067051,1.3431874802716608,2.186982289065352,426.2901697598681,2.081685143929353,0.007805159848208989
66164,-7.770612930984692,-8.441637080274297,4.207826338153012,1.3783969477613085,299.60177197767075,0.705499681402233,0.007805226503736088
66165,-5.92111027994582,-10.095944832447087,3.747477057520732,1.2347220922102398,300.11361840803994,1.0843950803648594,0.007805882938229027
66166,-3.977479050890685,-12.638579707013326,2.57460092584265,1.7170697373738049,405.08894873432956,0.6656873004505854,0.00780633031542858
66167,-6.8915702208602205,-5.064430799268211,0.8760666325958295,0.952254971090511,222.73020726968684,0.44208910525633893,0.007807002002788836
66168,-5.710169944929761,-9.642389359833778,4.138790531713736,0.8946110406547523,179.09169907946566,0.7446403452168822,0.007807089256200066
66169,-3.286544529103449,-10.888788483298788,3.141517140353429,2.781144694122684,482.82471873358827,2.1461322172500132,0.0078091176188477135
66170,-6.9152890970136145,-11.849350515961179,1.565799526047733,1.7433297769326421,409.3793266415778,0.23306260447152116,0.007809280137271495
66171,-6.2809277240287615,-6.908783648998602,1.5064181086670756,1.0604937482201047,277.05798714188404,1.0681234461043214,0.00781034558250612
66172,-4.578013758676846,-7.586620429461252,1.4989514938154571,1.004830171002436,468.4014420628614,0.5369200908891925,0.007811535469172088
66173,-7.017996350544517,-11.833456755929515,1.7302327307422316,0.9343480013349887,199.68384719801,0.4237536971955409,0.007815249212644346
66174,-2.5843743717766188,-8.919885130035286,3.804899276073459,1.0547661032744817,211.3644512937191,0.03143776840149126,0.007815966420622182
66175,-3.6511408751165,-10.206588380256393,3.5571909777651687,1.4245672051511404,320.4307313141037,0.688442973942113,0.007816757502846716
66176,-4.599838762464353,-11.549581626419982,2.881135075422596,0.9239177517252846,241.14311711322767,1.5267203480819846,0.007817099081411307
66177,-3.1826441331392976,-7.815960080529429,1.0545702979854015,1.2569237648243485,307.2852715877794,0.6515133723300233,0.00781827640739517
66178,-2.6435715988605466,-8.26753480704405,0.7265581341079183,1.088054323088548,287.41254488154186,1.0034277319278821,0.007818623727446699
66179,-6.876232023610845,-7.053978911239578,0.23449518433214195,0.9544277444624085,224.34720623714105,0.06153399602763976,0.007821160110395317
66180,-8.978036537356687,-6.100077749945483,3.756625840806713,1.0932926285819717,282.3728720437428,1.8034476528731975,0.007823176344868307
66181,-7.4519654989377075,-9.969082626424028,2.7918120090626997,0.9741367043963517,468.86169087809657,0.014042514113100424,0.007823676310428348
66182,-3.153990967867694,-11.877817895960256,2.8085472406877168,0.898856807985433,468.02854743899695,0.4671618381328013,0.007825389419096159
66183,-7.0727948940248995,-10.374324589685271,3.0579240412055952,0.870474536009683,468.5024238616364,0.847381082436736,0.007825941785500792
66184,-7.306835722743594,-10.294570317830404,0.2926407739644032,2.3997138846204726,177.30226020635155,0.3902169554417396,0.007827351010740878
66185,-8.819549717296791,-7.5864057750425316,3.0450393751320735,1.1138300710751252,132.2849083798432,0.3664600386826731,0.007828137375329265
66186,-6.404334605628824,-10.114664829320143,3.6870789634684833,1.2056774730509263,270.3943226515273,0.357707399577305,0.007828982216892957
66187,-5.573593238552281,-10.646082904429019,3.3578174361503534,1.0746538909655619,277.0650343862914,1.0972576843430017,0.00783245389740699
66188,-5.483882101967287,-9.42703170619633,4.337708492089548,1.4146943512096544,328.88857237433075,1.5645165778674874,0.007834108364034054
66189,-4.885603390321479,-11.438929519882915,2.936646140034705,1.8349580507043293,438.930709301325,0.347822799826516,0.007835081766173113
66190,-6.606775705723965,-5.703023862301427,3.617195724498659,1.054581471649124,283.65393647473024,1.320011854901865,0.00783769173372036
66191,-3.573083562011842,-8.180129607627428,0.49227829276467044,0.7889653227569206,227.80939082813674,1.1252955322989324,0.007838466792197041
66192,-5.880097852412865,-8.754150390542716,5.106230055826352,1.7875943545146102,374.3032035766659,1.2154815887247556,0.007844212204880149
66193,-8.438868082098837,-8.687490647206438,1.6500831051378215,1.2851331071497027,301.6774579998087,0.23784813272544092,0.00784504576523155
66194,-2.6641551599271125,-11.314180546410768,4.072192681304009,1.1233479092524665,197.7873445772348,0.33134664898625044,0.007845637463786305
66195,-3.5891565041883746,-7.352550218827538,4.619058363682933,0.8789837184106853,221.26432586374938,1.0744442718140874,0.007846926023182961
66196,-4.961911828843161,-7.0997832613971035,3.553997823016623,2.6246945428546082,465.31300199859425,1.3373985621336342,0.007850215990113273
66197,-6.726996687192361,-5.831752629382077,4.53869022512289,3.2551763353525835,505.2964698272319,0.3491557229161657,0.00785097354400478
66198,-6.506951834985511,-6.51126445226821,1.643510374576832,1.6241122795830458,356.9142949269728,0.5328927007046094,0.007851449687913079
66199,-4.432507137915591,-7.246322582998343,4.373690782765428,1.7048750546162768,399.4422539228608,0.3203034357802599,0.00785235354703017
66200,-4.403194819947185,-7.177887699567082,3.5578306138016367,1.0958537714220555,262.60537607392297,1.3191981215622333,0.007852425006370262
66201,-6.2688955998612625,-12.12289825953122,2.7770349186034813,1.530406599337685,363.4647429882879,0.4068424006067888,0.00785275294638058
66202,-4.1944238224941905,-7.2212770040197745,3.9998696838866183,1.5352613194792046,350.2072268041708,0.07305538604847417,0.007853128956068036
66203,-3.761396533824046,-12.466319663932602,2.591874268867622,1.873658553184814,453.9407835937151,0.3467419858517289,0.007853154760614052
66204,-2.798614853294313,-11.907360762963833,3.5048921001258138,1.8346562323183997,467.99180479000967,0.2696430192489645,0.00785465809982195
66205,-8.498502191454465,-7.473363827253528,4.134911324909234,8.341067385288472,402.2319797412748,0.16354812343489566,0.007857426916083926
66206,-8.381754147157276,-8.509928153913677,2.490433133893492,1.0325311818091591,271.4029025425807,1.7583015960813873,0.007858116295857667
66207,-8.32189985467548,-6.497686911970674,5.126035034796117,0.8456818412040646,467.1367525499693,0.09162933726548417,0.007858171830305195
66208,-6.8492588235507945,-5.433714864144805,4.551500861094454,1.1651489662653849,287.36732571284807,0.48394181956872817,0.007858306913575204
66209,-5.461832046179843,-11.642637135685732,2.9018967448747417,1.2915916745833425,469.7969596705009,0.005232525869541149,0.007858509007264172
66210,-4.651564499315408,-7.212859074795586,4.334515824103954,1.6071741907007884,376.1032663410143,0.9027491075449818,0.007861823451056236
66211,-5.953581655374187,-7.1750942627364305,1.563792142979742,1.0535693022820176,207.8727824315379,0.5299347547849633,0.007863513268349167
66212,-9.034217848151364,-6.976532566640143,3.2152195137248896,1.0866742497692348,465.1525359068325,0.02943857660019411,0.007864309624609805
66213,-4.378394964317273,-11.547578168963572,2.863608145382453,1.6995469150591096,362.48461683514995,0.6200430194161619,0.007864979062739814
66214,-6.4731823093443275,-12.957132485081953,1.4171938239974304,0.9465230525844786,468.45621798941187,0.576591404053759,0.007865007979395796
66215,-6.147318869664375,-6.55761232396274,3.790180844801624,2.1613649060555766,417.89719126998733,1.263045916629511,0.007865953033615508
66216,-8.198755262253862,-6.424133307080584,0.23463525674737723,1.8630090714708372,370.18691441394975,0.6298345802574943,0.007866415157989342
66217,-4.475640497695151,-7.217745468668772,4.195156295512382,1.373892993568695,298.0311923468855,0.7057803640602023,0.007866462303177552
66218,-6.760793356877412,-5.6842581416245155,4.491403245659684,0.8727378817685758,175.86139232737935,0.5416455801889404,0.00786722042324665
66219,-9.009817690173303,-6.8607940267121315,3.4209264961730077,1.191019804316751,303.8375611868166,0.56577432243418,0.007867741027355175
66220,-3.9027297922990734,-12.732374779115151,2.535239747497914,1.0580966578462876,282.8686138064638,0.6461429296086321,0.007868140289509492
66221,-3.6463915784852734,-11.119015381440981,3.0147805043291362,1.9997042118032953,398.2826928091496,1.1073064006523525,0.007871907849358649
66222,-2.9201105180798415,-7.631875830415873,3.909786647528673,1.6906641685715942,397.2027478900337,0.6947099538114232,0.007872361938080514
66223,-5.11403488152304,-12.681472278164843,2.6340252446871553,1.103530824617255,227.0707456928104,0.08619268504451405,0.007872954183127117
66224,-3.957414573270067,-12.992922611659043,2.5049895897002123,3.583408124522254,486.56063252453896,0.13622631261439366,0.007875011407584518
66225,-3.2311243356658856,-9.630558482529032,4.067380285801896,1.0243910157309364,469.86799201756736,0.23442478797521815,0.007875398617839419
66226,-5.715721669874067,-11.317254899647955,3.0361854109040296,3.6396319412578704,384.4159959542943,0.03287505644547206,0.007875922783323384
66227,-5.529222645033742,-7.0616266934338165,2.4075705738908706,28.591060642139922,848.5504484020001,0.18002565124574588,0.007876834748662527
66228,-5.411673361643781,-9.152026282945915,4.623401344766845,1.5404612965495106,348.7991531202352,1.952421754110829,0.00787963971257925
66229,-8.031240784239715,-9.421627588589727,1.7193477480230532,1.047798789353579,280.6647507372604,0.5355637349943612,0.007879843421661455
66230,-5.103540743790233,-12.11242455794192,2.7487378953280195,1.5122144209128592,298.007331225068,0.3550506343634128,0.007880137652957336
66231,-6.790510192720905,-5.45560307276069,1.4853013938488442,1.8079771490167762,468.80852332735316,0.33017274647950856,0.007881213615764424
66232,-9.208666935222093,-5.392194884391976,2.738486408514771,1.7374635867056885,468.0807443909026,0.7607510816656324,0.007881722990099404
66233,-6.321732816866566,-10.31507978970138,3.5515220154417633,1.3811399284980657,302.158533074544,0.4854729039469925,0.007882568570870644
66234,-6.383265697879006,-6.411421630587824,4.448784643905781,0.8967089275630452,468.5461236051812,0.8884882506994147,0.007883171017117432
66235,-7.0120052474461065,-5.428584414749709,0.4866288163109116,1.0140244046748508,162.96096959544917,0.17201812051092435,0.007883867047117821
66236,-6.413685410387158,-6.219687404712965,3.815471748030658,1.0290476897328018,273.7906578378988,1.460034337317638,0.007884380219940562
66237,-7.775920798808241,-9.57311632790364,2.4640213639942767,1.3184147608207404,313.7310415795139,0.14573691626905205,0.007885470581277292
66238,-2.265576864632612,-12.394636556772575,1.4955035167085984,1.053475367225617,384.17889802467596,0.8456997114722329,0.007885629459978765
66239,-6.367634871920652,-12.348744034085016,2.7031869242194086,1.0420818859214727,273.39067227554244,1.4286187484265263,0.007886696674617832
66240,-4.150256998348588,-7.5055565136571865,1.8258363208580144,1.5336904832628615,468.71973090295484,0.1882425278002655,0.00788839997659992
66241,-6.573441790326497,-5.77629059752838,3.5793223877435536,1.5251925820685104,468.7558278321098,0.8425632154196565,0.007888680292796916
66242,-5.791786287416635,-12.3428327313097,2.7458443530433403,1.1468706294704096,470.40367747927525,0.053120563179840374,0.007889762680198134
66243,-8.127209909913248,-8.538548565655102,3.2568623441448667,1.8293296651123196,435.56790279778374,0.5675057644042036,0.007890537488275114
66244,-6.802042648615246,-7.503535923116611,0.10396805645816132,1.5193306624789484,346.518797495532,0.7032488525519804,0.007891286486236194
66245,-5.520052250759918,-10.801988159684099,3.26250327194145,1.62014816160573,468.71469790098695,0.39388851093275523,0.007891524755561036
66246,-2.8445677702307,-7.721120564338671,2.0022341429010564,0.9631945211170263,297.8479255731533,0.9147223780183165,0.007891661262555237
66247,-5.563294546039948,-7.014922126115238,4.462797081152658,1.3794629209472777,332.2592160283527,0.30111442888317885,0.007892028360673414
66248,-2.7976590255941662,-7.8403358920022965,1.2917973036070407,1.2653749705063029,310.64790454299606,1.2394501669759492,0.007893976702000184
66249,-5.138471096389188,-10.135533380787361,3.6686571697759898,0.9248879454622325,201.66770131666124,0.004945829949745573,0.007894767315817624
66250,-5.362083403073935,-12.58331141916962,2.664217959824128,1.0975727479916306,282.9515666625651,1.6630916174291341,0.007896875693762764
66251,-3.1562290566674953,-12.992031982088152,2.5746960039620963,0.9165529609433815,261.88574531495647,0.02585534511286358,0.007898389625174184
66252,-6.114418905690558,-12.277021096412886,2.7537521017704116,2.11281513789654,418.2212164082658,2.16842331331402,0.007898514972820023
66253,-5.424365808842188,-9.460303795644737,4.295356779125608,1.4745246909790406,336.50889098298416,0.5898653423836127,0.007900078489397276
66254,-3.894126010912565,-10.422613400060307,3.4047447126338457,1.2860902980557534,296.09887791494964,0.652216309296529,0.007901094738071372
66255,-9.034626685361047,-5.886875114160505,3.5628574433150413,2.8473216948995312,484.10051513311237,1.1991267459196218,0.007901203576468053
66256,-6.247009535777347,-12.354370010782088,2.7266819699968345,1.0893060658357991,284.89212996156937,0.7877586613892378,0.007901251754192857
66257,-8.098840000279422,-8.299647451842816,3.7518448559395674,1.8901215247113947,468.96148027161246,0.5274885210965996,0.007902585554581825
66258,-8.009752750190767,-7.7067125693141785,4.799882837597531,3.2321736654850812,508.5816854674408,0.6905659571407972,0.007906828665786075
66259,-4.160770650973747,-12.357391662957635,2.6235154980379085,2.384390728029465,435.1492583255987,0.8454900008932702,0.007908477683457404
66260,-6.685721866683689,-12.878906427085994,2.423185191843425,1.4472197473763062,331.7545265082778,0.1000846544277385,0.00790874201524539
66261,-7.02673196270722,-11.851566283300231,2.189134792795745,3.879644941554505,475.5708490905999,0.08643030159614717,0.007909107508672367
66262,-6.630258934023549,-5.869116801279859,4.19397804307039,2.3457103370884744,442.34601119450855,2.0522525515671832,0.00790919220238786
66263,-8.038815878446352,-9.4110730747542,1.706721023102348,1.8172601178136931,468.49118654570907,0.8045670685150137,0.007909207074504791
66264,-6.450085052942239,-7.986029509721715,0.08938937602667807,0.8228688683891674,163.10778335516744,0.6098992148449502,0.007909477968298636
66265,-6.925442734357845,-12.618342093801642,2.050770097797063,0.6675645242944194,135.9991298327772,0.27401460069760386,0.007911328400045221
66266,-6.608760089312835,-12.830723453569945,2.4990704642810124,0.9414436132582873,186.14853417348345,0.3421137137608179,0.007912216613694713
66267,-9.177715505399261,-5.602834127602448,2.948391238390844,3.0361937992670813,502.652822714333,1.5948499343494573,0.007913139293157548
66268,-3.7260231548475886,-7.564157394353666,1.7109437168643478,1.2747709503593252,316.2255796698871,1.607166448031501,0.00791338910617413
66269,-3.854480547942954,-7.682930274455922,1.3689218807461325,1.4877861151504965,315.90261504452104,0.627400957020531,0.00791497915653605
66270,-2.654788892991963,-10.414885190592642,4.460726744659222,1.1388388374674976,467.37369832361406,0.4771035692920851,0.007915292495858418
66271,-6.711978177070154,-6.941876152679066,0.5808338516934379,2.761150950336062,479.0393393326912,1.5467447711552635,0.007915533856372475
66272,-8.389033348060103,-6.953516652988448,4.843877434975649,0.8022508340914287,201.89644278629538,0.2617232482754899,0.007916676880871481
66273,-8.787967346675519,-5.2580159687388255,4.160704613337011,1.798262175976013,428.4614191247377,0.304295765797054,0.007917805624442909
66274,-6.154278446249856,-12.699102805780555,2.67654090679448,1.1782587765442742,215.58842934393724,0.010481365873982185,0.00792056223268413
66275,-6.829339232199612,-5.015788000747061,4.138737132247272,1.873213081394836,470.0976558603744,0.08605831703908162,0.007920920438607417
66276,-6.759676746943819,-5.020087344227709,3.7849625448000417,0.6673362231707572,184.90382100274294,0.8957872848504671,0.007921450259425913
66277,-2.8153297368297086,-12.776948371735116,3.321100133233348,0.9217516948718885,245.23598630473967,0.14732436990933806,0.00792145736922584
66278,-3.172913729514968,-10.572477688711292,3.365804708480576,1.8828694968518924,470.0847894332341,0.08629202033452721,0.007921906308234273
66279,-6.1875441578317005,-7.508301844491355,0.6830839715591082,0.9489122198832908,262.8633462997386,1.7781840521012855,0.007922967082243392
66280,-6.7466342204662,-6.73426844471164,0.6418671716335899,0.8102506989958145,469.11102402939645,0.03751246030739441,0.00792342227695738
66281,-4.802895123437797,-7.135408961380382,3.2664821784147993,3.018055321232115,286.20981924884245,0.15492389425315167,0.00792350136755335
66282,-2.529802403781729,-9.361964602606513,3.568721928087443,1.0926253376695365,467.794336382104,0.9088057276326245,0.007924043153684156
66283,-4.475723083220183,-11.554902708583866,2.8564704157800835,2.707421013672004,475.49606687841066,1.8144339232097293,0.007924490931106108
66284,-6.2464777885513065,-12.817176077068243,2.6471216484528437,0.959321808202043,196.75611530128728,0.2760733485190192,0.007926111855639063
66285,-5.776849160790941,-12.10896536934123,2.78909043593123,1.0715697255217789,283.12830426078585,0.966114761142653,0.007926497257357395
66286,-7.176006327678345,-11.010139647772437,2.413430607161587,1.1622447190296503,277.5819876859873,0.43146027921239405,0.007926549655114188
66287,-3.8436147529962614,-12.975875018579064,1.6495922520716897,0.983658479218841,231.27139956483052,0.2508072134436672,0.007927846690345974
66288,-7.0313455849843445,-11.63032028605858,1.3798978011790033,1.9449666759101838,399.2642737449325,2.0779283074495973,0.00793006536221757
66289,-8.714089781757364,-6.782580857051392,4.275391955319588,1.774997176320793,377.0581962098452,1.692319648979975,0.007930214631071143
66290,-2.383268572071109,-10.78769166781245,2.425270907437439,1.410125979890483,321.54801937863203,0.5393440104363822,0.007930856268302052
66291,-6.032587110585741,-6.6360333389258885,3.3716432803371275,1.2069234055954292,290.39455686621864,0.7748340932667341,0.007932250496447421
66292,-8.064719344456812,-8.396378517467756,3.6633033508854806,0.6730687721023849,136.30926843681777,0.3614164368950883,0.007932415852915493
66293,-4.088672902452707,-10.145339391589841,3.6091292188354713,1.5080943351035137,346.5678171608192,0.1676076134806328,0.007933527746591779
66294,-9.225002268885108,-5.374757836179403,2.48600925004518,1.7600370711002438,441.1183346257331,0.6219106460769597,0.00793441997696557
66295,-5.105348017701401,-12.625461449755832,2.624841423819516,0.9534024584646076,217.6391717233557,0.23366834121371394,0.00793632200049976
66296,-5.228408695707286,-12.550843408653426,2.65302989828333,1.5909142665797966,365.44161091839254,0.23482447883223045,0.007937267091260747
66297,-7.063246385760818,-9.339973913097024,4.035112164886279,1.3645391893221266,171.6705872612876,0.2164195297903957,0.00793902653135052
66298,-6.977641781767329,-5.567032022321869,0.530065790787696,1.5527421518367732,348.468954411271,1.4754325930873256,0.007939939657853615
66299,-5.222542345358185,-12.037913543456616,2.7668339805365534,3.56493130321545,528.0356531001171,0.49990255014101503,0.007940153812398022
66300,-5.664361779899215,-6.880448548668319,3.288760894954195,4.3299431604026895,300.3263204209388,0.24832443845121777,0.007940395274650914
66301,-2.972671934137045,-9.009432402138092,4.9831612598924835,0.9584413781843454,167.4588633853441,0.059122495864945,0.007940417700232282
66302,-4.711227070011331,-10.601057985101763,3.3172083635756873,0.8491607237459283,229.9857137804109,0.136134214017674,0.00794143177150109
66303,-8.478285171574658,-5.139270141841036,4.76060108270215,1.1186457429619214,288.2999698219703,1.415628906893839,0.007941502176078318
66304,-7.122105032208649,-6.02826075983585,0.1585151430138889,2.577735084362847,445.5549945594643,0.4685934497149331,0.007942585431419616
66305,-6.090198444855064,-10.567394571816429,3.4048110144890713,0.882135861787029,210.85218015259701,0.5924695993314826,0.007943293423996094
66306,-3.6169752776859445,-8.546624872144802,0.15054488397951,1.3550979329268422,321.9055852460038,0.30953852777978597,0.007943516398858815
66307,-6.3491005639469815,-6.529929336921988,2.025574822925575,1.4465472089810523,468.65767147224074,0.3523512025113016,0.007945030335812193
66308,-3.8009313694192723,-12.131335196616217,2.6607017686019026,1.8683736208359227,345.49990215230247,0.1754426150664301,0.007945967367786444
66309,-6.627467931365121,-6.008698769303153,1.8166024774351721,1.801180171097419,467.81115945425495,0.34383342390629856,0.007946561808339319
66310,-7.536878725091761,-10.353361425958544,2.0564543392318955,0.99462142991111,255.55869207034752,1.1658193283985145,0.007946657060494614
66311,-6.689314977319255,-9.52834799321333,4.105014761627182,0.9879407633159626,260.36449095386877,1.4326641535182363,0.007947618064948718
66312,-4.071950135880781,-7.366954625113916,2.289921304460057,1.071665101073315,282.90463867725055,1.500584310488514,0.007948287527561198
66313,-8.751217614226917,-7.818262171305133,2.7610870307416113,1.13718582590411,245.7391389791607,0.14911068782477166,0.007950545818525173
66314,-8.58166392288887,-7.758272891760389,3.4772624357415904,1.6458471550176845,467.60274387958793,0.02206802217103121,0.007951830059839302
66315,-7.441742594079644,-10.753803285239684,1.3330604909881651,1.5639866824484325,414.4063001086558,0.1870168853387879,0.007953097245096878
66316,-2.7023004934600836,-12.287761340698495,3.7365032662223605,2.540252344704016,330.5463385108944,0.02252957325193261,0.007953989981830802
66317,-8.870503165201741,-5.117629169212003,3.9447937375119166,1.2823098816235798,467.87650164843177,0.5887943168741367,0.007954905712830683
66318,-3.792798558928416,-7.272085319038047,4.148337069707299,2.6985198664376693,474.4073280576318,1.775493551629518,0.00795507272833744
66319,-4.9714438310541205,-12.072604575499042,2.7276937703556436,1.5976098758290778,356.6730183796649,2.0243623880913573,0.007955391780392972
66320,-3.004771624070152,-11.768740864872312,3.023837024827103,1.3151184469482031,283.5643190614742,0.3895695450220087,0.007957606997317119
66321,-9.109862775042322,-6.5445218118962405,3.210529593618351,0.8050831608056642,159.5352412383091,0.08428881063740334,0.00795969728405762
66322,-4.180744862670213,-12.999363120144372,1.7190173644222158,1.0290339439238747,266.9402739130479,0.6094390675649795,0.007959742559539813
66323,-5.7833778782152825,-6.927984210439437,2.4756935903583996,2.040968964627941,409.61885800483384,1.855533762965229,0.007960286011419735
66324,-7.572707290664849,-10.397282894212609,1.46991258300681,1.452871304913312,330.23939446934713,0.4008412968677151,0.007961500600098684
66325,-4.327578802459282,-11.199052617567029,2.9889627249161976,1.516684385741631,360.61937419351244,0.5021465581948181,0.007961610464891893
66326,-3.1537955522502816,-10.650241128029396,3.32570639645899,2.6302002144199124,469.77726041621577,2.30006170364224,0.00796183546397275
66327,-6.325532029684899,-12.823435928938045,1.5358407922093098,1.0309999943931358,268.78641596949245,1.1180191274861926,0.007963886103716226
66328,-4.503255119124439,-11.998366330993477,2.7119052326663264,1.0181453170932484,210.9659815178012,0.0910006487646493,0.007964529382507144
66329,-7.5523211334623905,-8.81929587270701,4.037759630299002,1.136428188570002,281.1963872169411,0.7071967857802184,0.007964675468069988
66330,-5.4420382765265565,-11.413949916577234,2.967925394270584,0.8634329265830724,174.42093169396807,1.0760235945680572,0.007964848229389771
66331,-4.1697355949200805,-11.50212576751137,2.8542530616724524,1.4099356276197554,185.2832791859135,0.3323415978611548,0.007967252211181912
66332,-7.439506159662945,-10.679043878561323,1.6749040785912144,10.007329125575794,571.926505117048,0.020549079410067783,0.007969296321533403
66333,-6.270702458410929,-11.564698734217451,2.921198960622234,1.3271066034404801,296.5295931304,0.0037347217440677483,0.007969527060942689
66334,-6.790022194814815,-12.116476937211338,1.4160655236546598,1.1497533607268753,467.570007302681,0.3926009101231953,0.007971261195526356
66335,-4.97574973694125,-7.663031576772014,1.1937037516355729,1.0733094789165318,223.59011330569658,0.32197574127013073,0.007971353337300216
66336,-6.775188830437387,-12.903662375942353,2.3006919400409735,0.5970118500577329,189.97992137577492,0.27877179139193764,0.007972216079900485
66337,-7.56119505621815,-10.692696238942617,0.4034018462843488,1.682392368823912,394.8078661432089,0.48302550540803235,0.007972743843104322
66338,-6.169516617572019,-7.2098403609143915,1.1403161362008343,1.8575569927161466,467.48161505753734,0.43095600382712096,0.007974881042418893
66339,-6.762363417147518,-6.086213650703447,0.9868689090941919,1.0187288984273142,262.251086879389,1.3504570727466847,0.007975474624812521
66340,-7.38903183679856,-8.74920152095687,4.378278640331813,2.1793818608202664,416.7520316323951,1.0213400583818215,0.007977730907632836
66341,-6.467308491350176,-12.681292347861,2.5970585652118756,1.0623345588773847,277.3665274237932,1.331492874844229,0.007977924665260542
66342,-6.137941189953841,-7.79818671116744,0.42292983802985856,0.773302653680781,206.9044414942175,0.6709414531600526,0.007978166583167766
66343,-7.33048616689174,-10.041868394840225,2.946220015051023,1.175662793735157,259.2413262807856,0.4110711203848325,0.007978476039797802
66344,-3.3759974098272094,-12.94729547331365,1.7031446520722422,0.7891451055608514,468.563131020201,0.2602546265173258,0.007979448134538061
66345,-7.269714478434284,-12.535764553643812,0.3266668568300507,0.818851842041925,165.41739436018327,0.6708964899537815,0.007981222162314568
66346,-8.161009563352035,-7.866477948748255,4.301348858040961,0.5504422078709426,149.8453202541466,0.41431100172928215,0.007981231914441177
66347,-3.382344756246095,-7.422813700882447,2.149460615327842,0.8278804359236523,191.49123146247337,1.233700607602807,0.007982282856882295
66348,-6.998497138025758,-11.203108351623975,2.596744423768384,0.8783836564653528,242.15003996406398,1.4350220864335412,0.007982366321018135
66349,-6.019846940031405,-6.898117058661271,2.0363673890673337,1.0833077849883757,285.76288006913575,1.2806951415183816,0.007982924820711315
66350,-3.1510509550880847,-9.990098559984046,3.7958722656524624,1.0831738922769885,237.18539391795454,0.12735201135119123,0.007983823270235071
66351,-5.7512416247371725,-8.865947824147248,4.962648175632066,1.4675770525924627,468.43690403961324,0.43959174839040305,0.00798410179418875
66352,-7.977947081497324,-6.433095112753927,0.16469887037978062,1.1817281114010314,276.5389136979513,0.3615130590956275,0.007985690781095973
66353,-6.189081575662432,-6.642098478220502,2.3129946406192907,1.8357494778084416,252.35944044888564,0.09019830919225313,0.007987112243486512
66354,-6.981054516398296,-11.195852545801365,2.6296562926362843,2.6226158282167287,456.37202129737955,0.7455118189310523,0.007987308391061857
66355,-5.354346326142285,-7.208200890430185,4.900492061638211,0.9454939806612854,467.65231585570314,0.5950638375263901,0.007987968109309304
66356,-6.147052058802524,-12.62704444045528,2.6797469641573404,0.7998978723617779,148.73518632079129,0.1890075687518129,0.007990072611811732
66357,-4.958728042072133,-7.251146150505958,2.307404707519828,0.7309650308793891,136.88343257116105,0.02262451811040389,0.007990303365052543
66358,-4.895649699771839,-11.729363576890972,2.824450340020042,1.376796410059898,325.211613271938,1.0157303654305903,0.00799152178334342
66359,-6.920508534366616,-11.882517854945982,2.386986785609299,1.5846997538689644,372.72080457760785,0.4143266252946365,0.007993482004963314
66360,-5.605040522586987,-11.649664009204088,2.8991283043805582,1.3448585454648339,328.89054736203775,0.29291220854669575,0.007994966232419121
66361,-8.96114018117846,-6.124572153846343,3.791466487938593,0.9362673965875528,231.42622295693565,1.3107048180326677,0.007995055980602973
66362,-3.3334595433882175,-10.216874261876143,3.5435007347693124,4.401518063708416,564.1601292377715,0.2453237177145864,0.007995060297657942
66363,-6.510640629836163,-6.336828875175938,4.682261278279267,1.8947574835720364,468.9460603100986,0.6029950975404423,0.007996619275746962
66364,-5.167071953666018,-8.941519447850844,4.827372009965242,1.90665694144089,468.0067700467656,0.4817227854106534,0.007997396630664016
66365,-3.2003787192977073,-11.812577093090525,2.7731884289709585,1.7088440307298074,401.4930087989329,0.13686983981966172,0.007997471001738012
66366,-3.210781103925857,-12.950001403873149,2.509023667062763,1.6351806185208475,378.46150693074543,0.11839406149804521,0.007997884240279616
66367,-6.083582609091662,-12.383646222141424,2.7243029310872164,0.8789077117913048,183.91010452357503,1.0262415784607475,0.007999227520277333
66368,-4.454354999346966,-11.893698201348183,2.7451953659757033,1.724649334627113,406.8112578376175,0.20649743625447048,0.008000733438969083
66369,-4.209223901429095,-12.049849191370049,2.6805929888300906,1.1216045893635933,264.16736568080415,1.2489236035898124,0.008001949962503432
66370,-6.135430617749202,-9.721778362230728,4.052265816152744,2.128921446221941,418.55103853359225,1.8343771428864022,0.008002873355064263
66371,-2.776693553221987,-12.173381006830967,3.48034150569153,0.8330483515737401,467.0348713404806,0.48614700726624704,0.008004379816018986
66372,-7.46785947764538,-7.3586650641597835,0.0932267136143802,1.8279562678986434,438.09625522622787,0.052452281326904604,0.008005626206278179
66373,-2.786926357556484,-10.575307829092724,4.049379164404713,2.1636455342302923,411.5187098218197,0.7840468396416611,0.008006878698071835
66374,-3.4235632708825676,-9.29599357898369,4.364438349767773,0.7112591758317747,167.88705965811016,0.013193838331823748,0.008007397892156752
66375,-7.990033393922445,-7.586231676972957,4.9701764288858845,0.961493492695897,195.7347685840027,0.5926523748093562,0.008008491117044597
66376,-6.6939148542906,-12.223301511805023,1.5689442432774174,1.2217956743457017,307.70228860335084,0.6623540379196244,0.008008525373188698
66377,-6.918153136743049,-5.1705816425754785,4.5948430791070125,0.7532491126028106,468.045277117129,0.3042144790684409,0.008009041607740955
66378,-4.956013368856844,-7.949785825502323,0.6795419622970347,0.8120435752691022,466.9648894285967,0.09231124360351028,0.00800909007077902
66379,-7.266321598815173,-11.074204461828762,1.6535797547484459,3.6308432328744447,346.227917494862,0.08625434808987098,0.008010308230584287
66380,-2.58132660893068,-12.513214915571416,4.0996616328784015,1.084483920746205,467.7238622720436,0.9425271969425868,0.00801147749542884
66381,-6.397394745771199,-6.251099926649918,2.582388308535153,1.0156639561147727,201.81299922751705,0.7332018274017242,0.008012545260691518
66382,-4.163700562331498,-12.087465992842013,2.6674271712529283,0.9209548724004286,256.4840389358893,0.8559026226242414,0.008013023305671357
66383,-3.3030368227992604,-12.793615909946768,2.501050610100521,0.6157180753940159,167.41668848263876,0.13897872167641268,0.008013436580641844
66384,-5.691592249214207,-11.318696938417371,3.0169831819327873,2.533780295370269,461.2820108963072,2.4854859268633263,0.008014150033932943
66385,-4.69738909559422,-8.533086106772162,0.1252991518910648,1.3706834824062515,298.77765763114496,0.09478388786389935,0.008014551947438614
66386,-8.858572891456483,-7.043620284930425,3.7169804201162977,1.0234227237284417,279.43006224662486,0.46766176292878736,0.008015152332467586
66387,-5.106631594238473,-8.33961301555874,0.23289983305629677,1.7878294583595868,470.18813202732343,0.05528759237881342,0.008016145264631555
66388,-6.253042183793657,-6.517425287518214,4.173089416261371,1.8269947884050186,375.61097624156514,0.8052259741224459,0.008019293604042691
66389,-7.321372123683146,-10.699661991148707,2.3200886830961704,1.6538134999575944,387.19451956012455,0.40823312714748194,0.008020002174380354
66390,-6.19189250826156,-9.731732256622054,4.035659606645708,1.7844624834852811,378.0593274651715,1.6596442720415618,0.008020164396459487
66391,-5.811531778021034,-6.840249382507524,2.885685320453774,1.6462353402417764,468.05995311594575,0.5046223638335565,0.008020869274769128
66392,-6.64711309174699,-5.669301429468673,2.1091091794649586,1.841168049767837,469.21517801881225,0.20223594950205648,0.008021744845449577
66393,-3.8819743173896786,-12.90745435821466,1.6514164067948836,1.2288842894685263,257.36513560417615,0.13858662720037795,0.00802188372054459
66394,-5.670333326478047,-6.892341632346942,3.8528419624247348,1.1720575621065796,298.65503121237646,0.8422380138486512,0.008026436879218115
66395,-4.742973836807003,-10.839153852471885,3.1746861729988463,0.8675551480681982,468.0512744925543,0.7030840019545694,0.008026976734049144
66396,-3.7212059587863404,-10.664922959253637,3.236499646403402,1.489885250805387,281.44223844316826,0.0847390273580313,0.008027671658488746
66397,-8.97900761964152,-7.138185455954001,3.2110220022738956,0.9834186589237607,272.5370266469638,1.7840116407914488,0.008027823612548318
66398,-3.969068025334761,-8.523988312920899,0.1695587156133321,0.8024980247521758,470.0885853831626,0.04863688415856693,0.008028331455853825
66399,-2.5699865014926093,-11.172778048740115,0.006168111866193416,1.3455157328468033,304.3731794322607,0.15651710830614007,0.00802908424283802
66400,-3.0902903167106546,-7.3671865928572124,3.175471743134142,1.3907555529417714,468.67162070383824,0.563571541976942,0.008031428983205158
66401,-7.514091764989354,-11.271606858579252,0.9670256954483885,2.0662712532585084,196.7202850981132,0.2126929637427999,0.008034624506715818
66402,-8.657474240080749,-6.475352444840709,4.48781267827974,5.771574903550877,331.493351304805,0.26136981874452037,0.00803825818017757
66403,-3.711840569250012,-12.134929512361738,2.637651360218737,0.8007370827137499,464.1112056432397,0.13398301369766497,0.008040239416603272
66404,-4.391331901856264,-10.941551551614552,3.10294629817209,1.0004578398841768,275.1892490552333,1.7455122546909854,0.00804055244077526
66405,-4.761245943727518,-7.838506157992676,0.8906086495598813,1.6266971156749328,378.5850488570561,0.47120433402764306,0.008042899498186516
66406,-7.555764898598131,-10.387393804554387,1.8805699288678235,0.8588550530787902,444.6436567019954,0.13222694458719708,0.00804291248706998
66407,-6.7411925774166095,-5.170345612088705,1.9833042908016947,1.0135021289364394,269.59939167651663,1.7502440193180577,0.00804499298641142
66408,-5.904740472145708,-11.330079493689112,3.0195659160938133,1.0015972256829375,468.0662624774636,0.3065571408513472,0.008045063307027159
66409,-5.564108813539014,-7.992273258401949,0.48369540098301,0.511228421819674,158.62851031260624,0.14637743570112693,0.008045220709176647
66410,-6.493658998745394,-12.991203702155659,1.7011144185788565,0.7082558334811907,167.1838125263875,0.7346369290689578,0.008045852584462504
66411,-6.354062119539439,-6.377838166699799,2.424684377306045,1.3257100079466753,293.7242926508974,0.12067896242928011,0.008046154251818191
66412,-6.92244702749889,-12.182292531405276,2.239872483247135,1.7567756576785545,436.6013308252468,0.8053847681867827,0.008046257949127408
66413,-8.320345608742578,-6.769776891600463,0.3245950528984684,0.8993114175912154,240.192632856156,1.44129752299198,0.008048268917847717
66414,-5.1425262957295095,-7.111914652827295,2.91745315507811,0.674368856273061,141.3504355279136,0.10016765607176659,0.008048502087695685
66415,-8.596198268097565,-5.057030980286795,4.5287331695455,1.2184059589938274,287.2570242647928,0.14039727405509783,0.008049527792822031
66416,-2.792895978936073,-11.860222990174153,3.5143212875350778,1.0808041892257243,468.0642119805829,0.7104088133286615,0.008050377205781006
66417,-5.0808571620977245,-11.951855873311029,2.762753941504605,1.173721877210783,300.857365764041,1.3063427804710495,0.008050991818253231
66418,-8.842792408644804,-5.209367430810964,4.02347640748118,1.4824016865718166,468.68223400830686,0.6106266180426188,0.008053440705432164
66419,-4.97072876199355,-9.288005350043761,4.43226012804514,0.8646947570151085,175.0281036072494,0.2625244517950662,0.008054324549963816
66420,-4.290332893872229,-12.956904469752214,1.694829004311445,0.9600573453718662,466.90987543841385,0.5742505301158305,0.00805473974403194
66421,-5.903207517472232,-10.213323394660334,3.637554272740471,0.9210922645698407,130.78839179515123,0.3028557406249037,0.008055760306182401
66422,-6.478380221851243,-11.432238473719975,2.905691895543507,1.428956373404682,277.6744369501504,0.29997144227593875,0.008056005144547707
66423,-6.636870687191258,-12.59990747884626,0.124724096171155,2.950044295692823,424.39767262633876,0.09745460238426773,0.008056335712120112
66424,-3.9490411088805013,-9.563955702574868,4.097112293688168,1.3643794630901684,322.59247521902194,1.0906928862809435,0.008056796778023902
66425,-6.618951838705667,-12.449914431489146,1.42761714852251,1.4553852666025273,390.08594503527456,0.5589965351346455,0.008056827025044577
66426,-3.4316765199827994,-12.543640302777016,2.537491871341461,1.9016344767768196,459.3037168102782,0.46623138578487744,0.00805991502446739
66427,-4.717495849798964,-7.2048744876275235,4.281871013398512,1.6060934170753556,355.548015057598,1.6023631256097852,0.00806035181743915
66428,-5.243047783809307,-7.039520270797173,3.6829171114686248,1.1135865031392418,226.41713989850788,0.15308265490110262,0.008060642967587224
66429,-6.57944041926088,-11.9668959710354,2.6855545117295336,0.7322523014585194,199.90942227731958,0.09321328314751653,0.008062514389888668
66430,-2.4581510643758753,-8.968314425922419,1.2686434772946364,1.0769646854128683,289.1859900009473,0.9692041006334211,0.008062675468436909
66431,-3.2856417552050745,-8.554885468433465,0.17885587350662005,1.7301700202150274,408.5501075347981,0.14754036688628158,0.008063060421882158
66432,-4.864992225998067,-12.435332297825898,2.623711916185052,0.7106791505688014,467.51287928226856,0.36369567005494297,0.008063114546377686
66433,-5.50892357972801,-12.769971196781235,2.626852736292293,1.1054190873029996,284.48030497251483,1.7401723611812185,0.008063230663727626
66434,-5.989951900805211,-11.992032450019465,2.8075973880761325,0.733306064105511,201.02081911991522,0.4912895336656735,0.008065231931554355
66435,-5.631407192085147,-6.962680786875708,4.295251221062782,1.7647876938313896,468.50627029750837,0.8185550949921696,0.008065907760460627
66436,-9.123183327306796,-6.4859695638467265,3.156567612949643,1.0847834548096709,281.2022512011981,1.553884468064111,0.008066194586727013
66437,-8.445532818295096,-8.740964662546066,1.3499160038440359,1.669183036831128,358.9267957868832,0.9013898452469826,0.008067892364082691
66438,-6.182802564271129,-6.593506899869007,2.5721450637688834,1.2441870655804952,296.57212575936353,0.7323702719751237,0.00806916639666568
66439,-5.675147280376604,-6.928368553771068,4.1860117082272525,0.9871284783018301,271.88605791797926,1.32715054452144,0.008069654464349672
66440,-2.6936639295778866,-12.994489259420357,3.6834355976110795,2.6948489459698903,473.96268471775437,1.6773744018161487,0.008070557807401044
66441,-9.162352312309569,-6.153262473588161,1.8757300638378307,1.0495106392702094,467.47789698032835,0.48126436857212074,0.008070587172568665
66442,-2.6669157110397617,-9.46340218769912,4.961804074984728,1.6616680556296155,354.0369828234144,0.9943958171160725,0.008072583345918408
66443,-3.5302624787998713,-8.711229510939534,4.982581093143021,0.9851053863978744,467.69240549964957,0.21383764473540534,0.008074263080005573
66444,-4.375122668761129,-12.798334014468784,2.53108719232288,0.6501591991808232,160.32102506402313,0.17026011096846627,0.008075591731833085
66445,-4.80421898137412,-8.640341687527375,5.10317260471228,1.7754182157701068,468.0498607914185,0.3147151206534726,0.008081268857937527
66446,-2.736863314616441,-7.887588319817538,1.0854225018351322,1.165188872805891,272.58010795086506,0.7776099140978436,0.008081442043145213
66447,-5.128640178415072,-10.46747969414562,3.4154229645348653,2.3659112337018127,445.1517352019967,2.3833775791749297,0.008081989124378864
66448,-6.286113194052867,-6.461273953461602,4.13733415645903,1.1050947042866583,289.63718933390356,1.2736719876153577,0.008082228043068272
66449,-6.745218581795614,-9.4606754418113,4.138491673487114,1.0958489008573349,283.00414312442894,1.7535767998430876,0.008083280889288154
66450,-6.511867002521116,-10.904057479759922,3.12801484785585,0.8813479562483567,468.3560609312983,0.5197836212817686,0.008088083002367416
66451,-3.834228082009904,-12.701557144570977,2.5142696487999574,0.9258513716915897,167.513589386954,0.058407218365136515,0.008088173946660096
66452,-5.8215691208486025,-11.186086443267735,3.0742926024385984,1.2772735139125913,312.70994064127393,0.5700183398948946,0.008088780428230599
66453,-6.884643693635141,-12.496684213320199,1.8605905084251735,0.8453762783261219,467.9249607705186,0.41379085044363695,0.00808912173862112
66454,-6.476478254545186,-6.078888669549991,2.699143437934693,1.8931116562462738,183.4725449495791,0.234337646565681,0.008090553475069331
66455,-3.0248336371271662,-8.922095777970569,4.989965373424928,1.7448440388644357,424.8672502705148,0.4659332044479827,0.00809207358454306
66456,-5.481317843166643,-11.541380838439078,2.918492487628973,1.0699224521448831,287.05421359040326,1.056599763389582,0.008093068254460583
66457,-9.18613916834274,-5.942166743536129,2.8806577191121705,2.2135033595918765,428.6533844490052,2.0741478147092787,0.008095114615776108
66458,-6.271921697789446,-12.950362965193777,1.6336489850104583,1.0520757006436283,469.35570567523024,0.21184009910039148,0.008095691779959375
66459,-3.152858231859983,-12.894190414168152,1.6979515634942126,1.2491151562954166,307.35467282943705,1.1839424587440535,0.008095887672531974
66460,-4.542568246464126,-12.941229545202967,1.639880219741049,0.6506892244362916,154.56100077579646,0.11352183431309548,0.008096523135542853
66461,-6.62343305613147,-9.405221553124495,4.256449797739342,0.7292936177866595,466.74881716436903,0.31597163738933975,0.00810053155316161
66462,-4.062901118991814,-10.868866319301548,3.128941367271938,1.1229668826245458,228.33413392691747,0.6807770894430654,0.008103538969651382
66463,-5.419536869293578,-12.862877225227598,2.6017231038588973,9.4002992690083,752.9435654327787,0.25332343544134606,0.008104438028307483
66464,-3.609424029146586,-12.841351001544464,1.7107672334079753,0.5337760621786921,116.69502048464287,0.35490841614628277,0.008105253754487337
66465,-3.3952389440227835,-12.362831944825896,2.574899257535865,2.373451513076091,437.8767408099294,1.0743915740361425,0.008111292721894106
66466,-7.193361755665697,-5.214369184975112,0.10607686749027993,0.9628201281719136,252.89728997227795,0.24110937193949056,0.008111503037867685
66467,-4.453029062837523,-7.302779295135378,4.54146757570634,2.3078214728172624,406.7726174932244,0.42697137442760624,0.008114021600622115
66468,-5.1681261764122075,-7.580917392755172,1.307781959923986,1.0200800055104897,211.03651918897998,0.4657108819776905,0.008114878860326536
66469,-3.7605993364208965,-7.23139061674587,3.563571043754511,0.9430750987509384,184.37172228255307,0.09633215036576726,0.008118227617620785
66470,-8.602990514027407,-5.729315645665878,4.5856029233978415,1.8490424731762496,444.7437924659741,0.0018011016722736528,0.008119485434094994
66471,-6.174877426274373,-12.343138375094155,2.7107629963007462,1.6366882998363121,468.0742983259205,0.3010245874961326,0.008119806580425663
66472,-6.7403323676192635,-12.345988289389812,1.6847056892294399,1.229523279075575,311.9691020451925,1.545740701203127,0.008120640381840608
66473,-3.1901970324439475,-12.861246578084781,1.6692989432253482,2.513154122222325,279.3881692999467,0.10720982742794405,0.008121079100659727
66474,-6.027479296723533,-7.177661531832821,1.4590550970925076,0.8883644169771956,146.38545343277752,0.2173491975267119,0.008121859907673746
66475,-9.184424181279613,-5.129640395682866,1.9565745866296975,1.1518080645414577,223.0607512562167,0.033748107385211945,0.008122051724118676
66476,-3.386807563661012,-8.074921038004515,0.639626977896763,1.0408536774700776,273.72873227963385,1.468090726294875,0.00812223310303713
66477,-5.9893830782863136,-11.828757118397586,2.845826176585484,0.9222154126983214,147.7404396886002,0.18784554838002343,0.008124829990308736
66478,-8.99523246416263,-7.176692218170302,3.0713782340498463,1.6482949903426642,468.365564696431,0.6879943738710246,0.008124929296902221
66479,-7.261006295011629,-5.5716372787659445,0.01600344671705984,2.3614773368418276,429.89117591959325,0.7425557167873675,0.008125507326325263
66480,-2.7265302900715813,-8.35061171205681,0.503595406981317,0.9585439726224325,191.88455407871027,0.7452458816546477,0.008126032539622295
66481,-6.574653322704885,-9.321017173997294,4.365650647957601,2.4676300663375863,448.81819334622037,0.32558526073978644,0.00812620938463154
66482,-6.98319385909566,-8.655110193350849,4.915234550782672,0.8580935889015994,468.1116815448339,0.5636074331085092,0.008127318574732902
66483,-6.622154543586243,-12.794146127036512,2.4600471225405647,0.8632426593885634,468.039622522799,0.38572907160325354,0.008127411938554993
66484,-6.252154639043324,-12.883088718923288,1.6114933479852145,1.5881951175856075,364.29692823553944,0.45569475226372536,0.008127535919268337
66485,-6.886516440852916,-5.7828098532634185,4.9517486686718275,0.86840884404138,467.67127620798374,0.7804462588385261,0.008128459067570908
66486,-3.845157281081595,-10.983524890494436,3.0615648398144293,2.3987256969441115,439.2986422486012,0.9914386078557049,0.008129698245257014
66487,-2.893647537785869,-12.517732661142277,3.0454034722954435,1.7077001286744558,358.84924649600174,0.8330472547053338,0.008129810761959191
66488,-5.413856576875039,-12.19306917609933,2.722114341280181,1.5448163041535738,468.0147013703361,0.44574720718730365,0.008135588161296498
66489,-5.488977326329898,-9.877853537131074,3.888019002577868,3.4973745281403836,240.729551840794,0.3385308943007912,0.008135711602395103
66490,-2.3135640042587156,-10.751208647572057,0.9425069319648713,0.895896264335898,248.7437919553575,0.8830177032335422,0.008135712020738865
66491,-6.305102094284859,-12.752623086079346,1.5449143551845979,1.1822129644705173,466.20587674782564,0.17196059171803046,0.00813637616595404
66492,-3.824747376664705,-9.060559306454765,4.615437914349594,1.0426047043325428,262.98770904931297,0.5513787688672069,0.00813745241752027
66493,-3.509853410659516,-12.814694658553229,1.6518085549318182,1.4207181956920059,468.11336397435434,0.7384173744221583,0.008137987350194638
66494,-3.9471329538670012,-12.826697384618281,1.6671628509895036,1.1958425882316648,222.34789584239337,0.04363446731388354,0.008139812538096373
66495,-3.3009537885666917,-12.935933284573021,1.5886817917251994,0.9280087138686703,261.7480063409737,1.0922950911447051,0.00814036669098751
66496,-6.794868359248111,-7.186293279853734,0.31086829811102207,1.5652830769841273,373.34701670398016,0.48734336429834446,0.008141639595945546
66497,-2.4752182312171893,-10.07548817520581,3.448315920845201,1.059563533469914,468.08367850379943,0.8389446881730569,0.008142049152948064
66498,-9.15643398304491,-5.633044339321242,1.8361772333271067,1.0447274737071064,467.94864239777667,0.03410270342033073,0.008142300247649855
66499,-9.18385259251252,-6.383389334768995,1.9822647971724552,1.6063263705819,371.0307763233575,0.9865777141648673,0.008142655179819212
66500,-4.054461636183397,-10.615056037597931,3.264807764326313,0.66914939518019,178.84577981183642,1.2745994138626697,0.008143370103332897
66501,-5.1629709113924065,-12.085487194438779,2.718355327352926,1.1031899089880257,260.62940135264137,0.7986707333887795,0.008147154741109969
66502,-7.659066139457253,-9.979724800210382,2.176838158175649,0.9539518307047351,469.25577274059754,0.10475760285833591,0.008147687590182922
66503,-7.567184950473425,-10.08860225034327,2.3200003387789523,0.9034337097255499,468.215173031372,0.3524563432373222,0.008149243887816054
66504,-5.598111911677423,-7.515537966218256,1.1758354632694104,1.8349936225630374,468.88482195460017,0.595654233045571,0.008151453947087267
66505,-3.1340340789736363,-9.529848680866982,4.217693378756279,1.1563587096900794,165.45912247541654,0.2807331447762822,0.008152771593642371
66506,-4.254531382998504,-9.797672618940851,3.8886709789989005,1.8092420547162666,432.22908243619463,0.7756761118565407,0.008153233224535851
66507,-6.828769870450715,-6.327048374277215,0.6917058336279271,1.5852510392814496,363.6928028631872,0.15529574557894943,0.008154902739501788
66508,-4.435756586694433,-7.727607361093751,1.1863873337802102,0.8984911208662661,466.6948555542145,0.020280520566663185,0.00815595928151331
66509,-4.448043037445734,-12.981941560347536,1.6018414340317477,1.5253943227784357,468.9132775765017,0.9208508655167034,0.008157620913056206
66510,-7.4863072562139,-8.508374112448166,4.554121612866846,0.9633356313170172,211.66789510073565,0.281051005265855,0.008162247120010247
66511,-4.976014336988421,-12.901659887749396,2.5484007310771863,1.5766409832631714,353.28863957878616,1.9169738332187487,0.008166601532168812
66512,-6.213632930588391,-7.636398235114531,0.5404336273272239,1.0271467436961779,253.01123423528628,0.8848011077049156,0.008167173970128857
66513,-2.3076647500987315,-11.3520377438812,1.7204287135356453,1.0165585313063212,232.94960456342093,0.23790941744887473,0.008168694090478218
66514,-5.940714512399382,-9.971506117985774,3.823550304188548,0.5935292591015072,173.88218137657216,0.973718073777798,0.008169067632509618
66515,-4.325064486102011,-9.398439526047108,4.272029433895054,3.55742966788286,538.7755287399943,0.9812181373612274,0.008169821159561547
66516,-3.64437354560751,-7.4664430111493765,4.940326220154869,1.8860688210216658,453.6604856925394,0.546476670897099,0.008170858766381033
66517,-3.6537173182876472,-10.235498804770506,3.507541542366397,0.9207942264458885,245.12673318698114,1.5380644287985463,0.00817306924126056
66518,-5.006515401698967,-7.165075835773257,4.3165075328128815,1.1175803233125143,467.89189712158174,0.17787412217092058,0.008173086307831274
66519,-6.345508615924085,-6.353166341177569,3.922845213433168,1.6559410243023884,384.2728710518431,0.16615491109190916,0.008173450505840599
66520,-5.577824536409821,-11.930589777579392,2.796284520351867,1.1841931776030337,172.24334394892415,0.12199268646767703,0.008174616648118298
66521,-6.293213575837502,-12.752684205531873,1.5661782189795734,1.6476513344994812,360.7162848302011,1.5883402125393458,0.00817575062682478
66522,-6.017350492972031,-12.485916423027605,2.688673443232913,1.6082084175230904,467.76376935855825,0.5876190713218881,0.008180430838609754
66523,-6.708224924933073,-5.985147463036767,4.663923409353202,1.6669883921277022,212.69662663282358,0.1264894700792798,0.008180529824327827
66524,-2.836151483794466,-9.363675791689658,4.87872700854626,1.0981586734343047,225.99128205923634,0.44596398636845347,0.008180687206325176
66525,-7.3959552208812065,-11.416811442539348,1.0773336300756233,1.696365396658016,417.5164497528636,0.5093812564005775,0.008180785519888675
66526,-2.681731875045524,-11.51949975160084,3.927813575852205,0.9905371790283028,269.803029592928,1.2623508281776887,0.008181882560944223
66527,-6.995401425136944,-5.103831850284245,0.5862935975954456,1.9176476390810238,392.61979303823546,1.1967281254958761,0.00818422118452375
66528,-3.372588760909295,-12.89506573819449,2.4628958403979384,0.679534032209425,161.8988613952622,0.5699684031414183,0.0081842433722669
66529,-4.73716166677829,-12.590170974401044,2.5761125265860008,1.846650588956253,469.56188351788546,0.0036045604691876676,0.008186276141093678
66530,-6.994656254831954,-5.634644856116163,0.5036203788071315,0.7366557504301714,421.23258527550945,0.28714834625958563,0.00818739719137122
66531,-6.22826596067217,-8.175387389014453,0.07494881404544664,3.110175681485904,508.0659921828651,1.4697808716943355,0.008187470635061705
66532,-5.3637859744374055,-9.420719266301026,4.313409417064619,1.3469133311649857,467.9273038575106,0.545427558012574,0.008189377540609204
66533,-7.654564399871325,-10.303009608529452,1.3116907822955541,1.0340949944439977,278.5551657471947,1.4316157575593298,0.008192919399788879
66534,-2.88099983942156,-8.73828556930945,0.18278039650684713,1.124695364650639,226.1788163729812,0.2597581963999298,0.008194377341420138
66535,-4.844912805386024,-12.824280326011717,2.5448140116458635,1.5004676598006954,468.7946187721363,0.8866173947592033,0.008195771615177982
66536,-5.266572472595214,-7.053009847724549,3.434822642820653,1.070184159588628,460.77064301549916,0.328345102382797,0.00819597782139809
66537,-7.486489306706033,-11.836606189855882,0.6270476916150992,1.046403955489467,395.30297201794633,0.20021369255134314,0.008196697299250552
66538,-3.2964649771130876,-9.070378734575824,4.597056794708923,0.7299620930885917,340.2500356783138,0.3198786671198217,0.008197704396572705
66539,-4.510368456098211,-7.3923903392880925,4.898108893361795,1.5208497752436083,326.390396465261,0.6635597899781942,0.008198015349785677
66540,-8.614401560094336,-6.978415241479214,4.352955526353185,1.1665556690799435,235.48046930166134,0.6683389257867107,0.008198380120586922
66541,-2.9092421743476704,-12.027993351928583,3.1129740616981834,1.4589441234500995,325.9918603178109,0.8819494467939446,0.00819961480920317
66542,-5.846788385137626,-7.017212231368881,2.082756489394938,0.872029051144694,467.57462786007505,0.8078478825573816,0.008203084425092934
66543,-4.316603653559161,-11.509130340160056,2.8330423797053643,2.537650940084224,458.2569957648698,1.4952795762022282,0.008203486981660213
66544,-7.41657102027259,-11.062890791922843,1.1865056382571337,1.5821448972236147,367.17267516393724,0.2084087765652809,0.008203903631414645
66545,-8.159083775759381,-8.627519387407148,2.9710294375408566,2.7015188510510706,464.1007271705062,0.7533285347257319,0.008207313475076777
66546,-5.661543312329973,-12.827666706549627,2.6218690605419024,1.629387604186175,467.97108605327816,0.43664723316449905,0.008210680749490397
66547,-3.1786877236876023,-7.390645800610506,2.3468944025826484,0.8910233052011723,180.68580086160807,0.7357402999404057,0.008211270306028817
66548,-5.167277678120616,-7.696789040667006,1.0213988981170026,2.7650660165935528,479.0385516678547,1.4265793497726813,0.008211313264585645
66549,-6.7143028392823965,-6.09567197329629,4.836339534449636,0.8514530902562992,468.17951997860774,0.2831065269002204,0.008211777265778727
66550,-9.217468140177916,-5.130361608760525,2.4323007470035702,0.9002072023461256,468.0251992009418,0.02851216693000147,0.008212873438203464
66551,-3.542815133453634,-12.968598280444285,2.4497005294297947,1.1003686985283712,284.24620178211273,1.100093968717017,0.008214875197409306
66552,-8.428070537257462,-8.262143247865565,2.886677818346079,1.2359232229912147,274.53149288811596,0.31790661482736926,0.008217752899093532
66553,-6.774424813137324,-12.414253034739286,2.3786490769225295,1.9052082924996578,391.3814309561012,1.5052923260400988,0.008218958732847193
66554,-6.523895820091747,-12.599556904996794,1.6446397612264094,1.882660334409109,455.0341439905612,0.04449752878475799,0.008219073870507491
66555,-6.6510866267589295,-9.697596207988747,3.9401121605043308,1.0885930237790076,282.1413763497771,1.2035317506173655,0.008219174649039882
66556,-7.44626901496042,-9.262547220268548,3.608701476335747,0.6585096961382203,199.94121932786945,0.36238311283037117,0.008219355664156774
66557,-3.571967597382254,-12.796304390468102,1.7445392723107795,0.8528730695791703,244.81820044074345,1.612547976290469,0.008219455013486266
66558,-8.592650714404153,-6.055618595546094,4.6244578611825435,3.6607880086799707,539.4028617584029,0.27894249602741006,0.008220298162875617
66559,-5.434915397244369,-7.009587733521651,2.9906963604230854,4.663185176205958,541.6397572039513,0.12992999414210793,0.008221133054209594
66560,-7.195234898054773,-12.901984887087826,1.0386004612777961,0.7284945242714538,147.81499469545605,0.60037980957929,0.008221172638846865
66561,-8.126114114972129,-8.465479218006795,3.369789295016437,1.1250308280399755,290.1145473202733,1.0210997370748398,0.008221974474248628
66562,-3.8213632381004317,-12.800999903433611,1.7013135550860616,1.8213111911442124,436.0122340093479,0.10641432478672819,0.008223163888409967
66563,-6.775225532387055,-11.69388102699966,2.612304555891206,1.579232619772745,366.88514967391586,0.07191638950906754,0.008224156476506712
66564,-7.715340547542797,-8.198056249016325,4.624597320746319,1.1888914440292744,295.03610747395936,1.5469931516024351,0.008224263646927115
66565,-4.895428361640062,-11.86193067360094,2.7488297162024105,1.7146868816249419,430.87633980131875,0.482895679401512,0.008224581748139722
66566,-3.1097510623124647,-7.7962173676121065,1.184954814702148,1.1627457670251626,467.348634153192,0.4765476272091629,0.008225144279715916
66567,-6.7845613728262135,-10.584852090825914,0.11265752329306901,0.5969312647722717,126.77038268636863,0.08811106842822714,0.008225391493033155
66568,-5.63649000458566,-6.9475810830894265,4.1619988087221405,2.4159018599699125,448.42244541132453,1.908095990769442,0.008226357995127838
66569,-5.3122711074148725,-7.527792242658164,1.368522076934086,0.9275939531970355,467.6158992158053,0.4786268940564895,0.008227230159384175
66570,-7.0609199120377895,-11.735678966756655,2.111895623719253,0.994768717884624,467.70077412911917,0.008399444715574411,0.008227862758264986
66571,-3.954519714079334,-10.153569901316173,3.5737995096245716,2.2883886524241985,432.6017946261905,1.4127556381134507,0.008228136989688318
66572,-8.310345972781725,-8.35284257857429,3.0699525455054606,1.6378388507161485,384.92433482126785,0.5736105732732684,0.008228949810142121
66573,-3.33583894773279,-7.250986885814692,3.282883214342168,1.8907209233457198,467.49965585131935,0.2996278668108845,0.008229670321199214
66574,-2.779647249843192,-7.818520617732609,2.833096459783199,1.0377727297790422,469.6183038860238,0.005248933039999848,0.008230033500490968
66575,-3.679272717938977,-9.895764191234747,3.7770791454609887,1.0906958585462196,282.95462692509625,1.7996730949765203,0.008230994353508277
66576,-8.902710206518055,-6.804966816657336,3.762841701065833,3.0357343978845828,501.11173654844094,1.3170673336209289,0.008232848413444434
66577,-8.656658831647716,-8.24908099620088,1.7828996255152343,0.8959821276436688,170.51451230296024,0.13401037913758884,0.008235698499908411
66578,-4.450981932147171,-12.834495559544605,1.6483164116028892,2.588948493325859,431.7599809679543,0.17990470477248266,0.008236566096537928
66579,-4.188597647085813,-12.803635857318056,1.722386750408982,1.19328385732654,286.5556918771552,0.38045273015355097,0.008236646743046866
66580,-3.8672527408424617,-12.788839782567145,2.4727302750643343,1.8978751441227386,460.3501061414241,0.4799369775912723,0.008237385097967578
66581,-3.327634048099277,-7.261190461948307,3.8606813886734623,1.963098972418586,240.13804102196022,0.10339769295206125,0.008237679557351192
66582,-6.834067039918889,-12.904729760569253,1.9436809055014126,1.6989550027738543,398.0132936540253,0.30777583936916386,0.008237803091703763
66583,-6.626647792515717,-5.5942878389553625,3.08939250697921,1.0178123089981101,208.56190859326477,0.5388184469498736,0.008238245888023391
66584,-6.302895704457558,-12.747784050692006,1.5934566567509152,1.1003295786657727,288.5339063516324,1.371861215625855,0.008239207123259705
66585,-3.3641629678714944,-12.874513797712819,1.5864388563739105,1.172190568553914,415.9142266302399,0.43964724547717804,0.008240063479203157
66586,-4.2262447149914095,-10.364406116185553,3.4250037557975843,2.8809876444055864,382.1475025917579,0.0684771909340478,0.008240508802318889
66587,-3.039787888596025,-12.181860187263956,2.826139386320642,0.8615856065562393,468.0985866379622,0.32004296009422806,0.00824091745426362
66588,-2.9110841354778323,-11.043412215065342,3.4462864206323878,2.3716891641453546,422.9645332378902,0.41474858900619704,0.008241856263942986
66589,-6.350567970099267,-8.951292543783044,4.836603440307657,0.6989374936909999,140.52697538751272,0.9094020024405092,0.008242059017347095
66590,-5.454667149970345,-12.853355657754312,2.5893935150275365,2.569489201825433,432.44310510640037,0.21709685002897405,0.008242752321745227
66591,-6.737467032771152,-12.803458187381574,1.8106953576104738,1.5408066235215663,407.5237489080831,0.7553740707096539,0.008242769970831508
66592,-6.895748627103384,-11.473785692829995,2.5694610026772753,0.7074351935319709,468.48077032450567,0.36209806651313947,0.008244735593710572
66593,-6.7895050435621895,-12.077194314753196,2.456801105171315,1.8619990781248543,447.1583757706827,0.09071834956119051,0.008245483309039561
66594,-7.322918336945323,-9.950553442045784,3.0312256763084164,0.971614241912782,467.7370231553584,0.604813516081955,0.008247314728362326
66595,-3.934393993998418,-8.931806704191246,4.751191322098681,0.7821992653410559,195.0341352525948,0.25139506407401324,0.00824851413115385
66596,-9.147529970830695,-6.9275320650752725,2.3239444142554864,1.4945423705013372,337.46459870315897,0.30340492317687673,0.00824937535127647
66597,-3.4199533054793605,-7.2972132173175295,4.158210278192805,0.8714311728071943,467.97991498094854,0.9031512349189947,0.008249760805656156
66598,-4.579041135933611,-12.96317258136172,1.7613967813496243,1.3703140303879182,330.3854849268521,1.1112057502351727,0.008250782196704326
66599,-2.7822093769499237,-9.989033284166359,4.4403230989560765,1.8459350732271866,468.1020627535229,0.7319968484308701,0.00825100295857544
66600,-3.928682576645082,-9.285195933885984,4.370550587354712,1.7994369106832309,427.56946984519044,0.45097758626283113,0.00825165404615649
66601,-5.818377552775565,-12.498262890870759,2.6720369482847204,0.7623270614733385,216.31607304694862,0.2679547092027663,0.008251723344376365
66602,-3.8686769342729903,-7.387501994181646,2.2911624925953156,1.7369195544829878,411.10204037389656,0.040719722028688565,0.008251772251302835
66603,-5.951784044801789,-12.984243322925426,2.6043622732969194,2.051774173379595,402.37007120113367,1.002836508639831,0.008252025846612545
66604,-3.089883440026666,-9.982638285325272,3.8459102319818435,1.1107173394525862,260.9308212035183,0.7285548912031317,0.008252782950475475
66605,-5.475431784975208,-11.066215292269076,3.0961501655480546,0.9979292970676245,274.44494385274055,1.6366666062571662,0.008253346538672955
66606,-7.315186859457897,-9.341317872409952,3.7124674062876606,1.3593565527291547,299.7360157574246,0.3241840940112972,0.008254712920580701
66607,-6.861936367751048,-12.763208825377896,2.0824427005545765,0.8702990953673966,465.5580472455442,0.2943953590606947,0.008254988602214826
66608,-9.004923745436544,-6.751842818451886,3.473752462972449,0.5626309359534842,178.89139797386306,0.564563441257631,0.008255452050146396
66609,-2.9131930604740397,-11.034354444460932,3.4444638767398765,1.171245141776383,300.12794325047065,0.8344677283075885,0.008255774592275191
66610,-6.8047469394411735,-10.652385508542917,3.098274686855212,1.6602846632930228,389.15104863309233,0.3848401860508117,0.008255806135774172
66611,-4.906173130111457,-12.466705928618751,2.6016975589283464,1.8374014655370658,440.8062573865252,0.15835521392910223,0.008257512546333058
66612,-9.162713312136042,-6.441372035215668,1.9217609881237483,0.8318334705337453,167.24297410774534,0.9156755428656576,0.00825756133286229
66613,-6.887315768639462,-11.020187739448552,2.8062359312305527,1.6251370834262855,376.07986562086234,0.4446872247863132,0.008261788392224181
66614,-3.914442288054837,-12.940317161328867,2.451017944255554,1.1352974790101709,292.0777236789027,1.1999159232827123,0.008262316273751437
66615,-3.045117391906148,-11.61413709939581,2.9517510112870484,1.7769190955989675,420.1548223548981,0.20789219521538094,0.008263862729000504
66616,-4.605259420900506,-12.89581185901977,1.6087093706870352,2.8886466832361117,483.50472026320546,0.882912905165159,0.008264044092538668
66617,-6.780103835760029,-7.438281877976021,0.19426292121161715,0.7510341913886384,213.22511759512324,1.4440324188463896,0.008265631433088807
66618,-2.5576998515005887,-10.46585858256249,4.384346587613092,9.650513805744374,653.4639034846741,0.10239371870829217,0.008265897773789378
66619,-5.51486468692746,-8.043521282506756,0.44420140937916974,1.6096463338218727,467.9432953106093,0.6090280974244182,0.008266689867373674
66620,-6.660140937939205,-7.737688618178805,0.14114311993935844,0.6884837412598199,187.1728423979951,0.4937856331512167,0.008267498417861788
66621,-4.169065358632269,-11.849202747907045,2.7029505553261637,1.1887089038929457,304.884869212772,0.4066668450639179,0.00826827371989742
66622,-2.5651210278660166,-11.04611200502434,0.05072536018105815,0.9632595968203342,467.82901790533606,0.8134770121493116,0.00826867629386205
66623,-4.357412685164544,-7.263780876672137,4.307472632939507,3.7532922846468497,209.58679021844517,0.3357181142471459,0.008269495873233156
66624,-4.922513819236443,-7.4218489277150725,1.9036356262397751,1.1372031731881553,292.1038649134257,0.9252617553385942,0.008272930237715446
66625,-4.931492302729648,-7.130005695010737,3.7899484649507205,0.8019741737420774,157.14038520470487,0.21726147735556633,0.008273023956055937
66626,-3.79507114424515,-7.354742431723037,2.437566921897197,0.9895828783577726,170.4629342156117,0.1748436820757151,0.008273125963075093
66627,-6.495228706092455,-12.101572653739646,2.668168469041747,1.4197983146375341,310.76660501515835,0.15115657639725377,0.008275794020534192
66628,-3.5605157276749075,-7.31667375054991,4.336566036011859,0.734259109742645,417.12455050220535,0.29825417149121325,0.008276319483374851
66629,-6.457746327396727,-6.195554388024216,2.430373536566857,1.0265684756862206,466.4218163425804,0.09468651136203299,0.00827672818886776
66630,-3.2717599718583648,-8.195358844595209,0.529578164005812,1.6643388239610806,387.55420222986066,0.2767441200041656,0.008277951474459973
66631,-4.521264955315027,-12.869014411484681,1.6612564938099619,1.5408797976847606,335.56061000566353,0.8087501252095732,0.008278134212418041
66632,-5.578018055917214,-6.937116153142497,3.7474142517783022,0.9578250780077809,266.95619845846966,1.751514881573537,0.008279085253096069
66633,-7.278760885641325,-10.514770244519884,2.5731013366685764,1.1902794627843882,303.7389430424557,1.1414852217127418,0.008279636264899116
66634,-6.465670871224185,-7.956784771914634,0.12525129836954055,1.65720221307817,381.59821452199554,0.027020462230266773,0.008281022388659956
66635,-3.2476718665406237,-11.73670825466081,2.742961420852366,1.2427375671247785,258.8248615305303,0.6299851429687431,0.008281465217609694
66636,-4.933216933476299,-7.163273506316574,2.9388667262645782,17.144991992584064,437.9896768107891,0.1951234932634316,0.008284584057653973
66637,-4.7297315651529015,-12.309460836885926,2.612706529153533,1.8193522015396393,467.1528128356904,0.40374830720548704,0.008285330735630569
66638,-3.6529699592845253,-12.57054568988641,2.4987041600114654,0.4676442722212718,132.1641561336896,0.5666208912654822,0.008286214498552692
66639,-5.814322659759368,-9.960693374461275,3.8232694808993877,0.8548769218378403,225.37460150662517,1.4406655971940205,0.0082875816266273
66640,-5.192038542189912,-9.254921712913251,4.461657584412183,0.7210867417125256,151.892032072307,0.11968459071471216,0.008288672032221134
66641,-6.186751613465906,-12.841733845607468,1.5126219795813112,0.9979374172170625,467.52217204274075,0.2662756282833181,0.008289812474384132
66642,-6.8185413492848514,-11.895997422861132,1.551961363830979,1.0504913772188018,207.38318830156234,0.5503552132292038,0.008289988506041849
66643,-5.300375581547364,-7.047993132615371,3.810074534128629,0.8366685203392898,178.95615315224876,0.32421825518011094,0.008291543517668237
66644,-8.988255560819741,-7.510772547070265,2.033732005744898,1.7582225510427967,415.9600655122568,0.3817556068238508,0.008292068750685593
66645,-6.13512483215036,-12.895191054482904,1.6163318248532372,0.8538577427771272,169.6585742596198,0.6386754675188948,0.00829206945927584
66646,-8.224949343684388,-9.278165434007516,0.8311538593498415,1.0987894567257352,468.88519878558077,0.8557446677302556,0.008293696135940137
66647,-3.6754912978299163,-9.10769305602845,4.547125183219673,1.166372809374517,467.823108896396,0.18802412033064098,0.0082944312732851
66648,-3.285714513396016,-12.945620849171645,1.8355104372073787,0.8445244048749109,177.2317425913919,0.8641504374065008,0.008294812190741739
66649,-8.650293571107687,-5.25665993843719,4.417916669470277,0.8027493217431443,209.05678346394848,0.12352084974979682,0.008294970284975013
66650,-7.010577535612698,-5.706990800897304,0.462963526970864,1.507003715518121,468.79910731447944,0.5710944434429361,0.008296712423695219
66651,-6.6579211589751175,-6.159513937617439,1.573028138098529,0.647831012346536,171.48662146828727,0.7253458039381551,0.008297028797721713
66652,-6.503887038543295,-12.84752151777501,1.707402528310705,0.8496898180630272,239.200418168783,0.8898010174021307,0.00829725491636427
66653,-3.9073310008951525,-12.857354502175571,1.759157434967331,0.7780504924236257,187.94531123214173,0.853423266241359,0.008297433864091208
66654,-4.8432856497776005,-7.448717767048234,5.154070024594685,1.4976794805117881,277.2023623066317,0.5227008115058691,0.008298525069268717
66655,-5.085323471305766,-12.975459635019755,1.6060129446706422,1.0154916643721148,468.06861521975264,0.8147166931847911,0.008298600110290997
66656,-3.4802409932139735,-9.964254792469312,3.709202651655534,2.205491679996439,425.3627925025052,1.5994594006790974,0.008302063921902475
66657,-4.2171211753325855,-7.50095929572909,5.084455674650542,0.738014556716703,143.77345755663393,0.1676845130358835,0.008302742113585821
66658,-7.024191913081642,-11.663806374158913,1.7141343832310196,0.9290718240705658,469.92108321997785,0.12480118758097802,0.00830571693349237
66659,-5.229359967641171,-12.999265583221096,1.6041713853184558,0.6776272106990057,199.07007885596357,0.9391128325703484,0.008306028598994913
66660,-2.8460920579750537,-12.923662516039165,3.081894405498756,0.9831636026609836,268.37035661342065,0.8421981561393883,0.008306943437566962
66661,-3.1879132625394133,-7.534556175977972,1.8883041592477108,1.4658512506457342,284.61126735629415,0.06999437325447122,0.008307100358071522
66662,-5.4012029208035175,-9.283423805188052,4.4525322205309665,1.0161203224715323,260.2694264497717,0.5506983851268741,0.008307243936250918
66663,-5.769375396981693,-12.982850398932463,1.5923781804960548,1.1182327446336915,430.47248009805105,0.0852222480442153,0.008307783957687189
66664,-6.268748915715479,-7.001533079339925,1.4601530686354107,0.8731642778308103,195.9601292712933,0.1733366445634088,0.00830790853278699
66665,-2.701406117416271,-8.168572930808626,3.6034064420995833,1.6452272706916433,383.4616806283948,0.5389666535137634,0.008308547240130953
66666,-6.163720281801082,-10.477846896204309,3.4297868483879355,1.2078271070873792,309.15697868544555,0.4259476719892019,0.008310704219759732
66667,-8.752157642258075,-7.1734423872337585,3.8468913255276616,1.8387109704683435,469.1590285377689,0.11465386195273197,0.00831102111517754
66668,-3.688582862332611,-9.942905529645698,3.7325579599213192,1.2148459098039053,210.72727768488068,0.097819395282845,0.008311547646744317
66669,-5.143930625545834,-12.350878539720615,2.6415473830228997,0.8709297179544109,468.06531177361944,0.7112053785529993,0.008311598457732609
66670,-2.582651460925889,-12.67482472565299,4.021665393081811,23.536126505936597,783.1237121094633,0.1165358920563424,0.008311646761069238
66671,-4.793342786247367,-12.862332720034203,2.5120062983933016,1.493062872208815,335.0458343854249,0.04481481794897135,0.008312119248084284
66672,-6.409268014620875,-6.54095872176321,4.784731343175875,1.2636324132260228,315.2490632535226,0.4093550302223301,0.008312360488331049
66673,-6.999569808934336,-12.03497805002042,2.0434852741748544,1.144872773661505,468.3766323945756,0.5274504670894844,0.00831276551723918
66674,-2.546465832592279,-8.65651407906157,2.1134985768584884,0.9884277275967661,273.9935074108641,1.1450412829486263,0.008313801757519473
66675,-5.646171928358382,-11.444493583226476,2.9418785148558184,1.8454987947494637,440.43642197012855,0.5572503673142641,0.00831707822980139
66676,-6.748582987518979,-8.965285043059477,4.683304856983125,1.71725012710608,470.3529035695779,0.05159918740681757,0.008317664775608724
66677,-5.205952983790668,-11.309692884776021,2.9581457326505007,0.7526634558669527,158.17288913567177,0.13225761718383566,0.00831902704020138
66678,-6.331614108557988,-7.6118183050422905,0.4901148667331889,1.808993272558282,431.28823742274005,0.23985893751666776,0.008319059246449871
66679,-5.5930183974214795,-7.421967059093607,1.4232555494577364,0.9335296821275257,469.88248388026807,0.0735728441155068,0.008319235160754905
66680,-6.474989232802741,-6.959289126001404,0.9867933031609383,0.9018078830034032,240.06099806089077,0.8971782703854201,0.008320952093106574
66681,-3.335797882999435,-12.984052069557771,1.8529160417993562,8.89373210809354,640.6071879181229,0.10184825134024056,0.008322193362357747
66682,-6.8210805654160485,-12.468469748049596,1.3036684846762043,0.8591336167935943,467.9987927844671,0.3674742575033143,0.008322284725924778
66683,-8.136054288969401,-8.652444236325938,2.9825677889808215,1.4818528975349172,331.4300114069442,0.12054518582360174,0.008322380156535147
66684,-8.888361840505617,-7.294277155431816,3.2834019995598216,0.5872187320620665,146.26049313355438,1.187470284658115,0.008322979253727667
66685,-8.673423437140857,-5.486533670443597,4.39215450428211,0.7896139009539377,133.64999181144714,0.1633034803617024,0.008323145363142256
66686,-5.992419380664543,-12.108317948743894,2.7495864622210715,1.1491341836369648,250.09794277085206,0.5861598329680158,0.008324315127015293
66687,-4.297499948970271,-11.865980413576029,2.6968482335566395,1.195327778587253,306.71978502626206,0.289374802037873,0.008325461552607123
66688,-5.2601364687325,-8.4143052684568,0.1698267146602028,1.7190867956274607,439.73337727175294,0.6563141694046877,0.008325538082102757
66689,-7.05280854972395,-9.810666676643581,3.531629752346791,1.7945439476633331,468.3068051647914,0.7996963432417052,0.00832696004217143
66690,-3.437294716535037,-10.524877298933525,3.298079170545799,1.3422043253214895,327.462272223234,0.5500937624131854,0.008327032127461654
66691,-2.89826477045433,-7.707461985794105,4.049039724893351,0.45065151379652946,128.76964036947015,0.09178381214953468,0.008329142753000422
66692,-3.797312300947598,-9.642456847930696,4.001826164413864,0.638612752412354,170.32284531618026,0.5119327438328476,0.008330087737792525
66693,-7.89022832836088,-9.099907187237749,2.872423558781473,1.0820346050350134,284.3591400603955,1.2098845810066168,0.008330628108973427
66694,-2.81290045919297,-7.777629303129445,2.114313063256806,1.2763520429268558,468.0499223529115,0.8965508494261583,0.008330846159475203
66695,-5.060816942848211,-7.396964826499564,5.119629989306599,1.7861926655078384,423.9099836034049,0.4082399801756784,0.008331824763284843
66696,-8.89348692715407,-5.4006484422304455,0.6221228573172972,1.7722180170607635,468.67306435066445,0.8576586419272543,0.008332187801185633
66697,-5.337531765043741,-9.000175539861601,4.752475640477754,1.0632249066234722,284.85784326229316,1.197083318884343,0.008334365237948052
66698,-2.693167430245694,-10.632517244538608,4.2269006488734,0.5429211586829317,112.77492101783405,0.37863097614574404,0.00833675208465946
66699,-8.648754851874976,-6.986067092800301,4.265646597280824,0.9612674361123013,265.09433185044963,0.3781531580138857,0.008337038906083474
66700,-5.555031209812567,-10.932183932941594,3.1593303529457324,1.8352805466771065,439.0557727274682,0.09869713700292682,0.008338406393951555
66701,-5.399674958615285,-12.978950384817264,1.6786983695037456,1.2852146991479516,270.6047393915272,0.25356587298748057,0.008340829575320776
66702,-4.934735951175004,-7.319291178210203,2.145109547094646,1.2768710609538154,285.6848637570095,0.13849647317615688,0.00834106760115269
66703,-6.372661968189195,-6.688680323031417,5.006814877213669,1.330357059780693,320.3895474735471,0.3888043254290201,0.008341455075188828
66704,-2.7021580814131188,-10.357653805519769,4.36069112668554,0.8522992007376317,183.88060091363636,0.22503350800325528,0.008342269337769366
66705,-6.048387627800305,-8.944224629428962,4.865065819571221,1.0159102030815994,265.2996353325689,0.9063451922870653,0.008343206649128512
66706,-4.500900871140027,-8.710565080690763,5.0024989730103195,1.3370759050335772,151.8320589844751,0.27978919506098077,0.008343557992807319
66707,-5.022092661077372,-12.555121243259533,2.5783215121863123,1.0536799300104926,278.1014096545578,1.2284426667395243,0.008344436816943728
66708,-6.35466201280415,-9.849453724477788,3.886516146835442,1.420406737932145,327.1995624707865,1.2373764704733183,0.008345971207995682
66709,-5.340551683737385,-7.049766550305515,4.053567812479922,1.688826824128891,468.60734813171507,0.391041115985594,0.008348089975155217
66710,-7.992340931595425,-9.55542067774066,0.5721518296598594,1.919105639445696,346.15968251223853,0.14445080366337315,0.008348190527194063
66711,-6.549457045404926,-6.484128997527045,1.5687952905247584,0.898061419914631,470.3284674720768,0.18603725078852484,0.008348529376653218
66712,-6.81387464899374,-12.366064916487591,2.3160552055080617,1.7793202244065487,422.0083892950741,0.0324936473295141,0.008350461516479758
66713,-3.2894684627390482,-7.594039415385947,5.158871738801787,0.6900588440902478,142.41740708493654,0.2254975127661547,0.008353522209475819
66714,-6.427032091825188,-6.936452910909917,1.0925067758883573,1.1686784764283773,255.09068676141973,0.6265186975032266,0.008354142309978342
66715,-3.029494977102667,-7.448960110984471,2.930837255679712,1.1012534445526918,467.7807066509942,0.4232310355511171,0.008354901781136662
66716,-6.022203430990843,-6.714600097911543,4.016757399815328,1.904587121617045,468.1611736080584,0.36010013845716404,0.00835500139063697
66717,-4.184002040432723,-12.80721603023137,2.4781739018352207,0.9755134538307808,255.10378375663504,1.121028417381976,0.008357817792881578
66718,-3.459564390896742,-12.570904833344903,2.4845270665994086,1.0874310014750541,468.2073328273246,0.8815609473036146,0.00835928430797253
66719,-6.259046567560827,-6.55757074131732,4.282992821868412,0.6469545508683024,131.6662367650395,0.5701255715652032,0.00836165975444671
66720,-8.311642360586173,-7.105425924628021,4.850080743589877,0.9568305525122206,198.24586451778765,0.25510438250603507,0.008362395166680093
66721,-9.034162124469262,-7.258940122704508,2.6344234550347165,1.3358565891669507,324.3921310799486,0.29713771264008937,0.008362711749150908
66722,-6.852402129070944,-6.01764770063033,0.784764225964205,0.8606161773637718,218.70366143037162,0.9070564002571544,0.008362843436420459
66723,-3.165509028167124,-7.325429303953937,3.880363383370344,1.3447704892910444,467.75939017317245,0.4522940639549331,0.008364141177302001
66724,-7.622410644925685,-9.000023561728643,3.6354598081237635,1.0190112674682184,470.35340015234675,0.0483311759663243,0.008364202051679547
66725,-7.057361111292064,-9.815368272162146,3.520095676591596,0.7551148366290888,181.95386567649575,0.2994716589060671,0.008364680322999857
66726,-7.090548452292327,-11.6506041190712,1.2938412771669934,1.311318675224292,461.85782265396284,0.23739083698986718,0.008364704104389277
66727,-4.186588310975318,-12.831979572524567,1.7558920524973722,0.9514723816766005,200.88189444985838,0.682432193260003,0.008364860769240912
66728,-4.996743168723443,-9.875609148851753,3.83592274399479,1.0654497060047907,468.0347235882852,0.03238067434851555,0.008365986340952276
66729,-3.869365890001408,-7.45143331233236,4.900131641816434,1.027488924945075,467.9802317433329,0.01837479505214379,0.008370115362434136
66730,-6.0203312642622535,-10.221362570332875,3.610162416282114,0.9218560037970271,468.30452447820363,0.845159743517315,0.008370613630211021
66731,-5.290254440070793,-7.153790365283775,4.5695281717062075,1.1649040994742181,236.04754798788935,0.5938728591685916,0.008370763334969215
66732,-5.289235921473445,-7.44920033557557,1.5918822937171346,1.2329258257388007,264.32095563404766,0.11474105520208777,0.008371508993152211
66733,-2.84309831278879,-11.672294556003655,3.3635355526791844,0.9429878293217698,185.02499733971342,0.09342885242533949,0.008372172860462745
66734,-2.567540771303668,-8.435378664529477,1.4041035989360267,1.1344651685962308,272.67860526899,0.5387040634153797,0.008372217119619909
66735,-3.8016989330373843,-12.973778210386127,2.414158946541497,0.6754485689481287,464.81468693579313,0.4120016020911059,0.008372282008215057
66736,-3.5637090420379334,-12.886964327758548,1.832830150217927,1.8885348868461298,467.44248456078117,0.4231308698530265,0.008372610108692084
66737,-6.641588418469281,-5.549354633253402,2.5776254054987766,1.2281926150471518,465.68929455452155,0.42359505821677335,0.00837321358368927
66738,-7.676050528602602,-9.491998202261987,2.828945662999516,1.832904787300298,438.1499026650538,0.37959647569793287,0.008373741829551223
66739,-6.271501803576425,-12.68979003600373,1.5862817535927707,2.7495247125730167,475.0126655425116,1.1612196585675258,0.00837431510652981
66740,-3.851223541112308,-12.450147598538857,2.5209307005323702,1.1656497007992161,467.2267251397397,0.45218708383336637,0.008374523279565081
66741,-8.09488368631327,-9.345062966178705,1.5029196577285693,0.7343371646100434,467.7986745240511,0.27358315410937273,0.00837528812238187
66742,-3.4555415835237557,-8.696348048095942,4.976861931358921,0.6681356418743495,192.2185137739358,1.298708339576664,0.00837596191185942
66743,-9.055634643333146,-6.561927502900142,1.19598360324579,0.8724041775407125,468.4522561844703,0.9170848555001347,0.008376047305504777
66744,-3.0508904830239656,-12.35362061863352,2.73718807948279,0.9728910693306264,468.5967638521401,0.15092841499575993,0.008377416575079061
66745,-8.581974235381711,-7.6689726502185325,3.597103462670566,1.0323042497423478,468.24332843520233,0.8013728771248108,0.008377685765626763
66746,-5.415588350148587,-9.000376682374247,4.756578477809403,3.4709268484161484,495.5723415112937,0.22425773703059537,0.008377783260492462
66747,-4.582593362741449,-8.183653563403102,0.46425226803283426,0.8866737688525145,183.99764061947204,0.618281231607761,0.008377903992152935
66748,-4.695905763958153,-7.207474086866182,2.8566013674611432,4.4868195784431295,301.7970903561662,0.24292917343802944,0.008379257166789174
66749,-7.924210643769342,-9.734120332016976,1.3416380044437077,0.7459884609389806,467.7201239493096,0.27611651894145517,0.008379626881814263
66750,-3.638550087803033,-12.530789310640154,2.505217532214773,0.5499727327565557,172.84166169493744,0.8896239662311194,0.00838119709578383
66751,-8.767868783062609,-5.3907637979249285,4.185576646987456,1.9626588071348194,397.79467809863723,1.471009870624866,0.008381340867399851
66752,-3.375625204603149,-7.48781069405538,4.94074593939655,1.899766515827351,468.4329657054847,0.40869196618777703,0.008381476406555857
66753,-7.79624434926518,-9.082617018130229,3.141033446713099,0.8787969281811053,469.7210760848531,0.19559946702658948,0.008382214904527051
66754,-3.5949728453532543,-12.69332193248486,1.7015716909984553,0.7301473141802863,147.70531022649172,0.625849131318315,0.0083829506250416
66755,-8.94445600043168,-6.477107858909421,3.7630593880100367,4.070305300133851,574.6497114053129,1.1472361996535776,0.008383324469309566
66756,-4.636519010104191,-12.150529943940215,2.631719837784117,1.352218365364264,306.01783598062076,0.16342163166271018,0.008383888407842578
66757,-8.439766044818345,-7.230306632064378,4.4980271967054595,1.1032478655306872,291.1574511343562,0.610969643259125,0.008385001070309548
66758,-5.984194279921672,-12.187406923775418,2.725866238094581,2.0441732270517727,408.5928978770386,1.6324942621299545,0.008385394087096026
66759,-4.551725862246199,-12.877691394029847,1.5910894638021407,1.8838146001251326,455.41998491889296,0.02563508539428927,0.008385595289055197
66760,-8.502818982021202,-5.66516410855149,4.747327623265921,1.7608218144880254,468.4207812277565,0.3657566481318364,0.008390277816071079
66761,-2.6799846356270027,-10.389771714543114,4.386058685123782,0.9679988495481084,260.9232543265999,1.1537018980673324,0.008390556036966377
66762,-6.095066270091898,-11.354727095390633,2.9755927621497893,1.5026873213946348,262.8529302000499,0.15582811999480217,0.008390741211003541
66763,-5.591791376500713,-9.568753950580225,4.166405842393954,1.6078407096251255,349.976295795653,0.685684031932051,0.008390756653457187
66764,-4.012878930156902,-12.004131880668664,2.6446724649144313,1.0132550577736834,468.253266834882,0.014121188663447803,0.008393913943320864
66765,-7.389750783137398,-12.466141265063225,0.8442875259940771,1.1319569402116891,281.58097934080973,1.2631861526570765,0.008393962089468292
66766,-6.254910775970204,-9.816602181121727,3.928455256363175,1.1140526010625722,257.8362490924405,0.9682271842862473,0.008394432470441955
66767,-9.212533452849836,-5.810156270051229,2.1658633078976015,0.9921409899452709,272.48509641008826,1.811191069009448,0.008394998794355327
66768,-4.752910661506322,-11.299019550092307,2.925661150602241,0.9605563754519671,267.75152020807514,0.4144580385822083,0.008395139112796256
66769,-5.0002632753334115,-10.800621720583004,3.186069812663065,0.7327755459331927,149.45083636631958,0.08112674157558875,0.008398019311335611
66770,-6.181695142592821,-7.044257232272711,1.5310561784392003,0.8028678304953473,220.0934482317231,1.2143722777323518,0.008398732223393166
66771,-9.128988729279605,-5.564912796031752,3.1215919633989624,0.693604860456172,158.8517719115081,0.28544217532703353,0.008398955088319513
66772,-4.189672342350757,-12.269745336652079,2.5763591154769014,1.1359145001266975,271.0115731164785,0.4868476683785259,0.008401302612145549
66773,-9.175307711668998,-5.6523533012686835,2.870055177298818,1.4960042734548762,338.50035159753054,0.634590077782204,0.008401910719675847
66774,-2.6616563747055766,-10.355960451984014,4.439412856688759,0.8888469196457538,247.51596134537064,0.23290309199014736,0.008403302439669677
66775,-3.841928758749286,-12.793251521833628,1.8098691096901802,1.7283719727635578,408.85204805971756,0.2344992201347349,0.00840363278424033
66776,-5.585539251834356,-10.945317045188006,3.1491156485135496,1.0500184773284882,273.2494127416453,1.1239112930314326,0.008404516243021059
66777,-5.6089869040095035,-10.163652506211223,3.64056796111017,1.0521820504200405,468.74285811220625,0.46597534564215515,0.008404760144284483
66778,-8.28256262575801,-9.0466748389094,1.3417476840285574,0.8857437953856451,468.37407919981666,0.2941342057881915,0.008405858008679941
66779,-5.196273035057545,-10.306298516821379,3.5108841719929056,1.0270948118020429,279.4556862312284,1.2521650943623124,0.008407217571260499
66780,-5.73975570481649,-12.859238791388766,2.5961339926613833,1.6104129166363639,468.223344049784,0.44256644629441677,0.008407460034977323
66781,-3.6757596779215698,-7.4980997837669126,4.960402194010046,1.0315721175887058,467.8098226232136,0.07375676860727687,0.008408273485893871
66782,-5.885998774639641,-11.959023721828654,2.7777361497665134,1.1716454946953256,443.562391828299,0.4844935219162503,0.008408696283195103
66783,-6.554856272080701,-12.238718383787157,2.5878726543722337,0.9146319111494575,181.88519330313642,0.17185381094811625,0.00841016476958084
66784,-6.891420505025273,-12.504468300949227,2.0675839827032205,2.493608604547991,457.27615154645594,2.35206616945546,0.00841073336823303
66785,-6.241049393000832,-6.634517620785402,2.246247399428921,1.0759037649712606,468.08870098181507,0.7242803365284676,0.00841156326480811
66786,-5.7828369191869005,-11.824458713613398,2.8104282466903516,1.9917084741193876,404.3055874619332,1.8254192681067662,0.008414943077547562
66787,-3.5775458125260604,-12.503286453845444,2.492792337841766,0.9549919144159131,251.02688720679959,1.1129155094154601,0.008415217747310804
66788,-4.413833290463672,-10.199949224320513,3.546689655503776,0.9740232974353217,468.3625271608961,0.6427833346727807,0.00841545406745475
66789,-8.902849849855476,-6.582709004582486,0.7145740745925706,0.7303274756174492,465.97421368359824,0.3241346490703165,0.008415781172263478
66790,-5.028024365891514,-7.504665533718562,1.6066207113345081,1.8756141362909993,468.29535454338054,0.5414158271517264,0.00841600090531249
66791,-5.3832162845067435,-7.306982590929271,1.9100624469167,0.8078727059781999,192.10264915431057,0.15411541639751647,0.008417125615522318
66792,-9.059908310582875,-7.281989308911755,2.133614769742366,1.636137650204247,467.78712175946316,0.35769415712606456,0.008418084573445148
66793,-6.525729335711024,-6.2433144455592435,1.9817399313668733,1.0013496532264765,274.3508456918072,1.7182366211485745,0.008418225609133525
66794,-5.2442641498423015,-10.546859279210992,3.3456578217645463,0.9220389434002932,261.13353739432614,0.5057237214839327,0.00841846207160497
66795,-5.615567948666774,-11.103119590962255,3.073570990092085,1.5500712880786987,329.6668424510462,0.6224246738130406,0.008419486280826399
66796,-6.708580453467613,-12.885038163869767,1.833412579944098,1.5514186379943375,359.1779628277878,0.4287750225551452,0.008420487351413536
66797,-6.645106038161975,-5.736513425222524,3.8930567264485676,0.9474918264632924,467.6408143232336,0.5996367775802511,0.00842066333240063
66798,-4.250368839958243,-9.957946469597495,3.725352934330762,1.0693886121759024,466.43715095722393,0.7481797811860202,0.008420718913109448
66799,-5.456419693658687,-8.888266639960499,4.8874951978434655,1.8657533670824138,468.5017094807521,0.24387799505154906,0.00842079054937396
66800,-6.983631409853949,-10.21701360745261,3.238332676171617,0.7847684819181238,467.26817939164727,0.2769275493001757,0.008421216543200159
66801,-4.816111548185451,-11.042159804055716,3.0418550091345713,4.835112382857323,616.1386378547448,0.7602281106948858,0.008421602398761788
66802,-7.346534659759809,-10.819837993227255,1.5039595827896293,0.9179558501345483,247.92374009765894,0.7609095045316732,0.008421628698523729
66803,-6.73466542294152,-6.057374239796961,1.3709577241903108,0.9173174506297795,240.0475796110363,0.9438341422831238,0.008422030728928456
66804,-6.804227265498809,-5.557409153631447,1.4799305607471378,0.8818037550441226,220.59545011226177,0.9826891992775488,0.008422042935309609
66805,-3.4840666154614084,-12.933606009295108,1.8577510955020082,1.8359972791713686,439.57962002949466,0.19716655472088096,0.008423712609721726
66806,-8.660628749777871,-5.630552623030554,4.433788884115842,1.8642399489580943,448.4047368209137,0.39624402310920104,0.008424299694998666
66807,-5.321481873734317,-10.235522163923012,3.570451120442355,0.6820864253094039,210.9442987209111,0.8740608950791602,0.008425159695386217
66808,-6.794425975493564,-12.281432991973155,2.3639602739344596,1.6774498133538813,468.3739721459603,0.5739421226059696,0.008427173504196465
66809,-6.118038318558234,-10.850746790800068,3.2055244869876742,1.4068686167889628,331.2526469434673,1.9737238913505228,0.008427312935678362
66810,-2.9006531659401116,-11.844796614356273,3.1582164667558845,1.7582216884665691,367.8781078907276,0.8376678036804099,0.008428892220592718
66811,-4.902673663615778,-8.84622622375758,4.882831907192657,0.9125205137511173,239.58283353315892,0.45263565724577326,0.008429028176424092
66812,-4.693956630518139,-11.138901166402144,2.9953123894246723,1.6522415235647618,387.01435464439686,0.9141876065461307,0.008429706322140084
66813,-2.2518873979648326,-12.54101518842863,1.3509594436830095,1.1238965571470954,233.52132608812434,0.700364951679016,0.00842989845273253
66814,-9.005805552148075,-7.119782182987571,1.2933281795251619,1.1705650606562445,298.44156612731825,0.9288578867614765,0.008430429600939803
66815,-3.2468851560788172,-7.383407221515755,2.3819231373543888,0.8321555591187986,228.4037406243179,0.36959618401412353,0.008430565269921848
66816,-3.8255962021548706,-12.979083260307737,1.8665653985727593,0.7951963247569007,212.4694203055257,0.404078519462975,0.008430784755117876
66817,-3.504313877530384,-10.643946095454165,3.2197043792934066,1.0418355596653872,468.8330065880597,0.5949105909457613,0.008430998087755352
66818,-9.105370805114768,-6.1318656489275964,1.6492634037294847,1.2125436724962344,264.14717347104994,0.9285328169729272,0.008431681561040483
66819,-6.283121422295283,-6.401843195091034,3.4310151333226067,0.7046814544951548,128.86669151265554,0.06640835075569473,0.008432124728086783
66820,-4.227662398536694,-12.285766091445,2.570312328021306,0.9703501382146598,263.60447026657965,0.29856133283772124,0.008432126859091003
66821,-4.6989658826817475,-11.777369852376383,2.7400058922317942,1.1686777485667306,302.77156574123615,0.658945198758329,0.008432154349877314
66822,-6.7710900632127276,-10.149345839888541,3.464427494969398,1.889570198458984,382.88941859459754,0.8729019074167503,0.008433285848332184
66823,-3.719870406115354,-12.89098307043401,2.4153488776841274,0.8709249122353576,246.2604550604823,1.1072161815870256,0.008434825475547301
66824,-3.327853204472354,-7.308740703655218,2.7589954774209775,2.2343071854399885,414.53511828262987,0.6269957531784511,0.008435197981874878
66825,-7.057976569946149,-8.998328903875045,4.413416717492777,1.0941119686101715,177.79929894246263,0.0830747802589924,0.008437303711443198
66826,-4.158054870097181,-12.718053420450952,1.6855187077449363,2.094322414070127,402.46333511204745,0.6827679216193463,0.008438312318551465
66827,-6.750881022872539,-12.589209503357504,1.8051117747074483,1.4848447476178441,344.84086441151817,0.3007235877548089,0.008438857870606163
66828,-8.663142636138396,-8.323809112212555,1.127980369106037,1.2929832822278322,468.0404471819223,0.44706472039574674,0.008438984516864213
66829,-4.3377645644218585,-7.542388484793753,5.164045803026497,1.7904285067595587,467.7220629011086,0.4727524597305548,0.008438995777557351
66830,-6.835975242728258,-5.436524884173864,1.1373535276795057,1.629335127896414,468.0183000201343,0.3764059587892401,0.00843947187915335
66831,-3.9679728885255194,-10.148916103378848,3.5665509913133815,1.2976055729014846,307.52121478419906,0.17940879469995963,0.008439855378396376
66832,-7.899849627575303,-9.126356387389567,2.7936968261360895,0.508055170658705,112.29806445118996,0.5641134487627166,0.008440632332205787
66833,-7.871803415516744,-8.360579666229885,4.1023829902125035,1.6625282958049719,431.37980260833535,0.40650202799703816,0.008441195172563417
66834,-4.410702357129489,-7.738872986441347,1.1977037528743215,0.8160482538609425,468.8210359906922,0.009053382187521386,0.008441816452115804
66835,-3.416524478454537,-8.25669809321396,0.4347323589912848,0.9024226862138898,466.7603089969069,0.7018935767633936,0.008441841087205986
66836,-9.090284772551199,-5.413653499526653,1.280485717650207,3.0555631893140514,442.70154409216025,0.17043102121191112,0.00844581511589593
66837,-5.338346808507087,-7.0301958595327685,3.27916361142984,0.7406919331803472,186.2478628364758,0.23563573006021787,0.008451164442325453
66838,-5.704529537402909,-12.433755269289646,2.6482039536524775,1.3453988684275935,325.0290003599164,0.4157421002320971,0.008452302667311644
66839,-8.15841135405042,-8.265344965466106,3.6318767474988647,1.6745833614088097,365.0366865018631,1.780956985517152,0.008452371972557002
66840,-4.744562748337811,-12.934211523302134,1.7771867246756474,0.9633828121202265,469.09084820001334,0.10010398516478691,0.008452488769438432
66841,-2.47311491162778,-12.867391880496948,3.6633859418954966,0.6886227872278267,206.77844524078927,1.1960079157760717,0.008453577154451908
66842,-2.998947929160856,-12.97271329648437,2.7422655495819397,0.7433885666907581,468.13364261329923,0.24824257522224524,0.008453726399574039
66843,-6.688488685697637,-12.152210944751621,1.597358665675977,1.5936216432465218,369.1875536277307,0.2849085263385662,0.008454109494532087
66844,-3.9717693587653216,-9.747112101484161,3.901438429783524,0.606058788015416,174.81046928283308,0.14106539689311237,0.008454379541032286
66845,-8.879589486276021,-7.7452592762530434,1.655356241562586,0.8179159407856413,220.61739012971384,1.0872807934052124,0.008455044725270523
66846,-2.6200407130763734,-12.939389123801934,3.9271309573990405,1.5620246145889065,365.01788446477303,0.9524140426033947,0.008456872763331449
66847,-6.740225880744509,-7.641026508973285,0.14763754621692846,1.0664652150437206,277.4522025995508,0.4672672457367497,0.008459791950863079
66848,-9.072738111740387,-6.81571585785295,1.6607369521983428,1.816067603897301,433.4581770697731,0.2882517615197431,0.008459872966724154
66849,-8.980662384230303,-6.397988714489522,3.66272995500434,1.8209553053335896,470.0893883758651,0.12057250947676046,0.008460004920810185
66850,-8.492096332704763,-6.5414402942958905,4.782001728343174,1.027369648512863,200.72353447639668,0.12870868875147856,0.008462065433479504
66851,-8.318387584226667,-8.521073701582068,2.6585663038433154,1.8745194560769882,452.14690652492334,0.4315494282840371,0.00846211711517653
66852,-8.40192993153567,-7.953244668209512,3.5714647600447584,1.166058631432284,297.04362229818656,0.6067995072081205,0.008464604024434726
66853,-6.810060938408034,-11.750727907530287,2.526656546457245,1.81538042239176,467.4708497396957,0.05226530873987656,0.008465503137349992
66854,-5.270902074677358,-8.930167987147215,4.815575061135966,1.013514401126775,273.3928065433745,0.6703477923611256,0.008466706010156227
66855,-7.127913331119064,-11.355613485634708,1.6918293843257168,0.6106698262348218,180.8288187895514,1.0032553915545828,0.008466963865672233
66856,-7.547861806036064,-11.437557522363026,0.688593490811718,1.2855500848423569,187.14763782147557,0.07477820146511949,0.008468154740383605
66857,-6.795776329542558,-5.830993400868917,4.684753481969897,2.9132035267148364,418.7592156350725,0.0931421237497041,0.00846837010243232
66858,-3.5482418324686185,-12.442140195979093,2.5101128287722685,1.117600790816951,292.9268894644145,1.5153939429636232,0.008468785775938077
66859,-8.574314578323442,-7.42571424470708,3.980457736561841,0.9437635539808572,254.63075766559288,1.4295051035828417,0.00846989051707051
66860,-4.59248840579915,-8.869046167799812,4.833965389180734,0.9139858371634718,181.2462186170956,0.8309335334055055,0.008471013178918208
66861,-6.514165794723963,-12.89012776541082,1.7478065932547808,0.6313352733633415,180.7385356934307,1.191773650921574,0.008471294935882836
66862,-4.702832056840583,-12.719305823460939,2.5065682853930387,2.582260651767932,463.36104597818894,0.4284615415478177,0.008472202904739982
66863,-5.318227459175152,-10.770340485983922,3.219433699173043,1.0917431581443886,467.46226724474974,0.6660502192987385,0.00847235791328672
66864,-4.131611870145896,-10.09134148598478,3.6114283645616143,0.6942654344718939,212.5324335146628,1.4864117937027155,0.008472358208618278
66865,-6.059992576899412,-7.115530412834376,1.5805852201337753,1.7636191270274264,370.2389228819256,0.9310577421150077,0.008472936478022292
66866,-6.5532002989454785,-11.40463303665508,2.850408767484984,1.8102839586674575,432.54701598290796,0.3849667557801508,0.008475262415349365
66867,-3.003030597337081,-12.491868073830535,2.8284792259513862,1.2132263532863246,467.0165745029594,0.22508207263821056,0.0084766948122901
66868,-5.464010932804828,-7.1356818858920175,2.3155910435525215,1.8056494403361645,468.43890239085255,0.2940764035744694,0.00847793741775095
66869,-4.668457818999102,-12.006616385190556,2.6594112687289213,0.8330791720024275,469.2295530002268,0.21056239249389375,0.008478181659543851
66870,-6.186319827431249,-9.1085171311181,4.6624038669273,1.2456167582621203,468.0362185752769,0.44772222161820796,0.008479253006450213
66871,-7.172836956399537,-9.663978568105868,3.530709985636077,1.3073262084524662,390.1278402110156,0.45316819457270263,0.008480051795053891
66872,-5.086321756837603,-12.86768736392089,2.5213559176201614,1.2661303890868938,284.7611406384988,0.10733955765376102,0.008480622015764864
66873,-3.6962192171969255,-12.866244644792008,1.8390555824196952,1.5125167829412722,446.909977317595,0.25891674927229236,0.008481211097713215
66874,-4.192776489126602,-7.452143728113328,2.0070240417406255,0.9649621779181025,261.8961240305874,1.1256518809133356,0.008481779802245392
66875,-6.503528792358649,-12.196123440446948,2.613365084072728,0.6598361324035491,140.35147789483406,0.9329100964616659,0.008481998231545428
66876,-6.794235261688863,-12.597227286197382,2.2405623451943555,0.7165092194171233,144.65239860593192,0.6924575000900868,0.008482114835752381
66877,-5.054258296867766,-12.907164719387506,1.5698719144817126,3.637191534228349,357.9932793411776,0.08915214773055702,0.008482314552790199
66878,-8.936352469545785,-5.864040100343647,3.8012454031995366,0.7028593552233665,129.864950234564,0.21630580408293643,0.00848388310953356
66879,-5.26506367380954,-10.495340434300493,3.3782350060467867,1.705096219229136,402.69664488035085,0.39116028674110925,0.008485103185959346
66880,-6.34775326072651,-10.497348614165634,3.379684037743117,1.7215619829137,467.69150007581726,0.22687467016065277,0.008485574768488779
66881,-8.82703308913071,-7.7499090092564815,2.509198265903945,1.8137197439189359,468.09584767547074,0.2578362065823665,0.008485925771417654
66882,-8.467146011413305,-5.941438111837982,4.835840089358985,1.8770390087001516,468.1183817842991,0.48054429166601675,0.008486285829487879
66883,-5.83897492474377,-12.128804976800952,2.726373296025803,0.7597225630577954,197.90637555986487,0.32571405041709856,0.008489305681147363
66884,-6.811873002425673,-11.85743921867573,1.5099518324094763,0.8869854533796006,235.94192124494305,0.9934334209197884,0.00848957538437125
66885,-3.1705939953510995,-8.391395327218518,0.36544253452024333,1.651252618653711,389.42985682060197,0.5505167077586135,0.00849069071921071
66886,-7.037129053217833,-5.9496133037671095,0.36368436511863955,1.282943854009132,280.7064477065581,0.09156869751901464,0.008493187098995351
66887,-4.93729476016795,-8.731692898881075,5.003754822775751,0.9484361553589342,266.99546896963346,1.556992858978398,0.008493599563598981
66888,-3.127187181744909,-12.692249070375752,1.7370130789593194,1.7507694034099208,413.4252682662116,0.015000014674328987,0.008494434697802184
66889,-5.86066740445962,-8.74208710686194,5.080490885053404,1.8302964603211942,168.4676954347073,0.41392586967762224,0.00849463963838346
66890,-8.409043114809192,-8.77781985430733,1.4243328279513823,0.9553976665246365,191.1140529569112,0.9995814694714271,0.008496895811063042
66891,-8.83611059255814,-6.8261989853851865,3.904680267488539,1.1810818790591855,467.1672232447672,0.26966919332626027,0.008497541267412041
66892,-3.5116115242717347,-9.870267821199334,3.7816819718324832,0.9645513158644778,150.3736664345148,0.24227210954190515,0.008497655052151802
66893,-2.7834918646543745,-8.005398482283839,4.074504062911357,0.6742577568195043,451.3858311979826,0.4088700272710648,0.008499413175970302
66894,-2.3042610704790603,-11.707613289508524,1.7464337000557948,1.2355427849198928,227.87720537774607,0.04822454468474913,0.008500064814410681
66895,-4.248227932454862,-12.457208583594484,2.5273089634124837,1.798500704122669,451.18883810759223,0.8345795256161521,0.008500198484884116
66896,-5.689917752355445,-11.28856929998355,2.9897449158417726,1.7462526973068115,468.3430314249445,0.797554783175257,0.008500325565363499
66897,-5.480073435698007,-7.340812600157713,1.7405219919058088,0.8611672294385723,400.70362618333536,0.7439073319515144,0.008500415780943628
66898,-9.057065178540421,-6.242895156147977,3.422608537105025,1.7890914871376409,467.68202840216884,0.5969136307895484,0.008500889063514509
66899,-5.819738314957719,-12.35460708324547,2.6657105275852397,1.0453942098292397,282.6845428507249,0.6146908022612845,0.008501285490447522
66900,-4.351796813372162,-7.851076087392764,0.950014697155756,1.1338947566369504,290.83387110031305,1.0934808360611283,0.008501669176830987
66901,-6.624541442244409,-12.16775115394407,2.548260015537557,1.343889315523897,468.80741922029154,0.6715347967838019,0.008503582853705602
66902,-2.9012575769388107,-8.950774078097975,5.127865697475678,0.8967536422690842,235.9889866127957,0.7074837586402962,0.00850599323970034
66903,-3.2073885117579426,-8.636205480540996,5.07167912661649,0.670584530444371,161.91091324558732,0.7780088525858364,0.008506272872915655
66904,-7.868318247499754,-10.165210717520656,0.8985886447431357,1.1319485428599618,466.9189233413597,0.6062876288228294,0.008507887155346266
66905,-8.894070609046128,-6.546107642323466,3.876133077528136,1.049384120415221,159.34320181851746,0.0849334160664208,0.008511532387539471
66906,-4.480824013829132,-9.927791344583792,3.753264602493913,1.1085237090130087,190.40053560615698,0.13034297995241229,0.008513190434598111
66907,-9.165731967986906,-6.7066621030084885,2.0775159515744517,1.592326576700206,468.55940216160565,0.4903949671287924,0.008513534260974296
66908,-3.41833364427705,-12.694754699933204,1.769895846699721,1.081307997034352,469.8528444667013,0.06569577493540191,0.00851386890198032
66909,-4.23205053239486,-12.150059416828151,2.5925299835773,1.706144737176897,362.68699446373114,0.9168574908502434,0.008515906791578555
66910,-6.520259368545945,-5.985695454930148,3.5098137499014728,1.1910035185945924,276.2214360129684,0.18674949968926935,0.008516150274892888
66911,-2.9739486666472015,-12.64947118492996,2.8445733072874044,0.6783059517840072,468.7119433618468,0.4008756304583416,0.008519836635361103
66912,-3.3174226043290638,-10.12988947100196,3.5699615018584896,1.1663762452472084,212.79874194572315,0.01977064939254003,0.008519989923393636
66913,-6.289285305469493,-7.277375449129453,0.8995261604983072,2.0821434134548684,414.7090900149209,2.134418031790365,0.008520869804709091
66914,-6.790436851673077,-5.338439830194773,1.7635461911817565,1.2065096385151255,263.35951197575355,0.1668943358222723,0.008521982437557593
66915,-4.3077263075988395,-10.841688656263166,3.111630582839557,1.4673788531855874,333.48262609705654,0.2272386746549806,0.008522127042763027
66916,-5.075596828999388,-9.686825020222104,4.009649872874484,1.0228071288242293,468.1966006437011,0.8745773947762894,0.008522841654784747
66917,-7.487951715818916,-10.352576622477802,2.1692704950226114,1.0124997384957513,207.95413167891132,0.02214980331574523,0.008525184902851196
66918,-2.6590192841301583,-9.724071195354249,4.806991523449726,0.7700091144100786,217.56968405611158,1.3722150507132254,0.008525690186476188
66919,-3.7319450599606254,-12.880113453524814,1.867477206413552,1.6123545769069585,332.017078499131,0.549516477781185,0.008525706270635813
66920,-4.133069102518013,-7.247074654179699,3.9483965490640616,3.2519355389858333,512.3863514739135,0.7800077189119259,0.008526358317979306
66921,-8.630620905739198,-7.360749249263345,3.919717328532451,1.484397195119502,468.4011804792458,0.30150788499839987,0.008526933780671316
66922,-2.78757028706805,-11.7538807780404,3.4886638253574906,2.6437806492175735,305.6825075069344,0.06518700769541308,0.008527731948625349
66923,-2.9709915779589737,-8.39151704291501,0.42886852278798016,0.9329297479730394,468.0857972290223,0.7226775985831706,0.008528022368798465
66924,-5.623477075909131,-12.760317222081492,2.577949576219682,0.8241137530198949,467.37990337907104,0.3737892826136209,0.008528221978660362
66925,-4.076958322630647,-12.26289894088383,2.5598353154868136,2.8866763796377755,490.5694035509754,1.6508981132663356,0.008531578061910242
66926,-6.182908138726418,-9.771093070972247,3.9678799331741903,1.1518254755272774,294.4591874088782,1.1298763406363763,0.008531638189872895
66927,-4.159104494047099,-7.226126765171946,3.5719456436279304,1.627445821103112,343.22291792804566,0.7833367079327305,0.00853396063443974
66928,-5.578653389454107,-12.90067595541555,2.5555799380469817,1.5657860621730768,363.0276567547635,0.5217066238868275,0.008534117940849503
66929,-8.732391733410646,-5.751744763919584,4.280463186152544,1.858100000278181,467.44381563720833,0.7806536144834162,0.008534186742634568
66930,-3.6779944641225413,-10.773058697173406,3.138980997395492,0.8194626572124021,169.04303734145265,0.19950260302061107,0.008534574688989568
66931,-4.902448533489759,-12.786597851108652,1.6358093544978327,2.5868203783028068,465.97554203576794,2.346910710984221,0.00853516300806314
66932,-8.76639924775142,-7.315674791250762,3.619995856865507,1.035555328846489,273.89229121112544,0.976067647518609,0.008535255405915734
66933,-7.61924428478222,-9.805938799957007,2.523752681402697,1.4883271695395148,344.93169890947286,0.343327316419459,0.008538049415900452
66934,-7.878068189772996,-8.77216453836163,3.4328730223206034,1.8807628827757297,468.0443482855941,0.3428409357813722,0.00853868799560459
66935,-3.8399354675372592,-9.599883005321361,4.0357656994226705,1.0453794031136794,268.23913682131314,1.4188219095521086,0.008538728269792191
66936,-6.324397747709471,-6.706039857460611,1.8878098274650772,1.868308761868574,467.35447283234663,0.13112868829034152,0.008539049112536048
66937,-5.922137210589145,-11.847642317882807,2.7942299736048803,1.3270319739321457,319.2237562328028,1.0063042862534273,0.008539280767934037
66938,-5.978568194204398,-8.932743314677246,4.864547527592063,1.8316444778630376,439.0635384929488,0.47217128535693753,0.008542252381824154
66939,-4.638950760557806,-11.098129028323191,3.00140322683714,5.075917771302259,328.1613812827196,0.17869387481941512,0.008542284553925592
66940,-4.537280397841115,-11.837992129791926,2.693905479912506,1.5659873706379264,429.7714593019142,0.45335564572509757,0.008542910389867943
66941,-6.222877258454265,-10.109975621668712,3.67441620166271,1.8201872115446003,434.944437534564,0.1416160614878983,0.008545189241687581
66942,-5.1709937153683425,-12.6329434530968,2.5566337528748386,1.5234920162009324,352.0165397406764,0.23135437268176862,0.008545821650247427
66943,-4.856597140370203,-12.761154867675552,1.6427930411699303,1.8323031840390165,467.9930734335545,0.9025143825517139,0.008546193325224877
66944,-6.170412284410417,-12.6801635309031,2.5977015483523576,1.8655287827040865,447.3589528363546,0.5012230712445929,0.008547849186225183
66945,-2.778634054470573,-9.270723537728081,5.015841711756304,2.551241714964273,461.29991092182325,1.8031327083563609,0.008547868095866237
66946,-6.029499194478532,-12.860346496359682,2.5799822843978664,1.611334025861078,237.801446336228,0.08126854347133605,0.008549233302364647
66947,-8.954649691635387,-5.555770197274983,3.7164853887383305,2.965778184221379,491.4687607332927,0.31452187477534377,0.008549471529456665
66948,-6.169646826920835,-8.367766446359356,0.011684126743423397,1.1546245795605474,190.5442344079253,0.1412094309985461,0.008549706074120946
66949,-4.174471453122055,-12.61534186331759,2.483296583570288,0.7300094173663735,467.53163501434636,0.30737903666461275,0.008550281585003582
66950,-2.676608481395979,-9.587010047582618,4.849192987071238,0.9912182931246655,233.835522455112,0.3551653255347107,0.008550418652805711
66951,-4.443978215971924,-12.075239004190411,2.6233459907476795,3.2498754509102192,516.7663170668354,1.076140719474414,0.008551694303775469
66952,-3.331057326414834,-11.8186025485532,2.6671111259587263,1.8941672595620462,456.82576189185363,0.4059300650757143,0.00855175622524567
66953,-6.720067736720319,-6.115747994099673,4.809477723841048,0.7080357931381434,138.94794211746608,0.2276771347926685,0.008552168490921814
66954,-3.320579660240223,-7.331346414998004,2.644838801863288,2.7641429553078756,477.381975102679,1.2479442273511383,0.008553630098278923
66955,-5.317948065203811,-12.936454316336283,2.526316014411023,1.0749393125850037,222.93589278496972,0.9962407728505935,0.008553646639306299
66956,-4.037440863888727,-12.843985637577354,2.431014534066778,3.3547673670862452,523.1503467155305,0.9576575423298719,0.008555775937231742
66957,-5.704421056192037,-12.154900635498281,2.7025270886318933,0.5025022215930088,114.68217094941377,0.6337113054182142,0.008556420435100938
66958,-6.326008558022698,-11.140548430753235,3.024863764105986,2.4205878583181173,444.92674337764697,1.2822116418771143,0.008556517969555826
66959,-4.594990413948636,-8.240340569803688,0.40873734761469416,1.0712895906331754,211.55347746464463,0.7795296590372471,0.008556946044604611
66960,-3.7698492447123177,-10.274379188724673,3.4570370805807644,0.8561489254354286,170.9456654525574,0.1506677472229283,0.008557031863387883
66961,-3.914186866811866,-9.63746866540701,3.998971350663966,1.8294259744878887,438.2161456891809,0.1724526952816383,0.008560176296187558
66962,-5.028575460693477,-12.610883242886025,2.547016087878365,4.647184480381479,597.586424382119,0.36355548229502865,0.008560547137866957
66963,-3.4308644414468867,-12.61212471337301,2.442980783887888,0.902168417941602,232.87381081961362,0.9314011618631062,0.00856068075880213
66964,-5.996203917129652,-12.794806039846021,1.5411152191358748,1.899721844343656,466.99056704681607,0.3823086536938094,0.008561189755393096
66965,-5.353758825212486,-12.351690224899633,2.6258397921033185,1.8873371994896972,469.18007608660736,0.5961331290480887,0.008561650194675505
66966,-4.361248542215781,-12.013905010264839,2.6347731986947185,0.7499519503928194,216.73418243723327,0.8679892792396968,0.008562340426893666
66967,-4.10750081891626,-8.241540443347887,0.4489009667451846,1.0663845337645526,175.8553351218627,0.1604618084196341,0.008563500192591389
66968,-3.901327072163971,-12.690269566184687,1.7971887987520274,0.8937454769215856,469.4810915153099,0.12340254690497421,0.008563638157175561
66969,-3.515218820651329,-11.193320730521272,2.9183529635904595,0.8755521111580895,199.8375692539476,0.25866484150486446,0.00856576995631235
66970,-8.309763168721666,-6.515780265135544,5.0976959695808715,1.89168172758559,390.52666964558983,1.610776521808531,0.008566195387903546
66971,-4.766680572043418,-11.9244651861941,2.6888818514104322,1.6710857573579612,467.9056150533342,0.3859013858690554,0.008566284122373155
66972,-3.001618103403656,-7.781845484550845,4.952699432269415,1.123283548295076,467.27031028478103,0.45580237905616805,0.008566889547978131
66973,-6.538127208287739,-5.980196041730664,2.5612052996168266,1.4323614904351518,327.9112910205458,0.1974329321475352,0.008567756987633202
66974,-3.3106958756938143,-12.673682970396648,1.7940189702916807,0.7489437034972275,226.21048243507295,1.1616859119665461,0.008569353862166338
66975,-6.789484551052711,-5.917993730735824,4.771779392337124,1.5188780198950473,342.824427287149,0.20287560619207046,0.008570591842735903
66976,-4.938727622066522,-12.851299477247055,1.572065583574931,0.8063686528574946,198.4300988951042,0.2967557860468295,0.008571260306229447
66977,-3.891557109086442,-12.83876112992575,1.8595777819514498,1.122819636976878,289.70975658450385,1.0360170715961363,0.008574042442146528
66978,-2.4897569054743407,-12.073935734318528,3.8539974632056087,1.750003771628288,468.24352728923674,0.2838021040363037,0.008574133062691483
66979,-5.238648303658663,-9.55385162343392,4.143162546879446,1.444830884858727,331.5936132994827,1.4423596047707488,0.008576605909199519
66980,-4.2022697970858065,-11.018926227630558,3.0103137574507106,1.2293245357880078,300.00679039507094,1.4687542792663724,0.00857808203591505
66981,-4.936782225920248,-7.156943888428742,3.04921847445563,1.0185827353437116,266.27872595703474,1.5983552663116098,0.008582579598662161
66982,-8.671754535725514,-8.296728433676346,1.078035554899273,1.1606975438329898,242.07313812784284,1.0424620558664532,0.008583916179520153
66983,-5.125273947393894,-12.962468913966408,2.4844215139891044,2.8244380107429787,410.32909542155926,0.13736186008784212,0.00858396847560128
66984,-9.197582564749528,-5.509024141973205,2.593893955178404,1.1786707240321104,469.6114646774464,0.20293947833028714,0.008584638500987252
66985,-3.835968243988513,-12.646346622209151,2.453250690514567,1.1147491841063097,287.57517750907834,1.262313137242221,0.008586109529775928
66986,-5.4891737075863105,-12.787277837315797,1.6128918631435063,1.7480002707184588,467.7793232314407,0.32023800373747857,0.008586452615130075
66987,-3.762265237904046,-9.697179209027242,3.934449742570641,1.699728884516561,402.6845538420977,0.8139919959925939,0.008586782840938898
66988,-4.967359900044408,-12.801862926549665,1.7294146596678046,1.2487035040595431,303.28733589317636,0.5442663271464516,0.008588180500168454
66989,-6.708941288041514,-12.300593301296866,1.7112565853842854,1.361659034377736,301.1527609366477,0.20713883941701905,0.008589773563757742
66990,-7.3750779685590935,-10.173269446830979,2.675218439807658,1.851922059971771,456.1646928751279,0.03196959177822212,0.008589876376699727
66991,-2.599296735558138,-9.166031914985734,4.407100767972122,1.0724333971094844,277.7437068200243,1.5104106435007774,0.008589890386470162
66992,-6.350921064396457,-9.623226657952412,4.084296184571697,0.9066383033471349,468.2696832939606,0.8232190948619644,0.008590137367149354
66993,-5.530833397980567,-11.925600247614984,2.749338635458175,0.8147261527250311,406.2141128772668,0.154274867421889,0.00859154130402456
66994,-8.277535460389354,-7.426915175383309,4.602311961102899,1.8523993686052673,444.74457666212265,0.10937787690895195,0.008592618948041671
66995,-7.8146440693933705,-8.357807228554037,4.204605426365093,1.7356057623111083,468.4002016615881,0.8841419305754616,0.008594671986854412
66996,-3.1520285824125596,-11.050305151074111,3.0593603435678913,1.8861321965355191,470.3583406738687,0.0849345130414072,0.008595409666130567
66997,-6.227137942921114,-9.025682471221351,4.747474576657896,1.6313524918817166,382.188726954878,0.3826442689800107,0.008595450375326052
66998,-5.676558792520447,-11.229176461396959,3.0036188009427347,0.8244110198682529,170.9314819414953,0.12425582873866237,0.008595873407326766
66999,-4.98946079519158,-10.431616871233636,3.395389634013646,2.183872084715868,407.73590112187026,0.27046270081431256,0.008595878732027162
67000,-4.289633472591147,-9.988616565332336,3.694649314383973,1.007912997971906,212.9845702854313,0.8726105856167914,0.008596497590778391
67001,-6.877252537709188,-12.49367428847123,1.9767824567378196,1.0260160890910792,278.9381624247754,1.4213800099223208,0.008599720406908906
67002,-4.629670364099931,-7.335970959036725,4.675507639266204,0.7707745193613603,136.02577527780048,0.2534184267710371,0.008600701567413096
67003,-4.442690502219644,-12.876108854978856,2.445482565589908,1.1418226584272284,229.5030698939475,0.006144544556579312,0.00860109035572467
67004,-4.355800590711974,-10.458410428721209,3.3428753346940607,0.7403146125000564,468.2458854694244,0.25902608483008205,0.008602396150493076
67005,-8.404296341032081,-6.529514603445405,4.934045300191256,3.30376107815969,523.3946864312468,1.4968955159980544,0.008602784856321882
67006,-4.227830413161351,-12.60155858488899,1.7250857323946174,1.6951017183839066,322.9804031792609,0.13719874414896527,0.00860323020474102
67007,-3.26709085002003,-11.137489662792754,2.945104425509589,0.8408707407652255,197.59922667288762,0.2167736530266806,0.008603418213199886
67008,-5.0544666072549305,-8.579783154248823,0.06869060026720439,2.4184032153209003,436.8760003730017,0.777462810716675,0.008603696243585182
67009,-6.952691149663019,-5.751281357277255,5.031438459786758,0.9921997601936987,240.43875348287807,0.9983215408659349,0.008606038184067836
67010,-4.427285618278405,-12.863612127801645,2.430487506013514,0.9803197776019841,272.85329505476926,1.5156477111341777,0.008606788332289972
67011,-4.405540617107835,-12.11778692780475,2.607430256928162,1.831598223815311,459.15890213042286,0.7972841583157457,0.008608675345402387
67012,-9.095601014386512,-5.743872221290836,3.2449335890442312,1.29781718791157,468.52072091971945,0.26144117320179117,0.008609359433875788
67013,-7.1771943342597995,-7.770549783042676,0.03441831616273496,0.7430489769212855,159.14458294697164,0.003981023941166839,0.008611819942718419
67014,-6.640013304946547,-12.186494894159036,1.601406003928871,1.5791865467256954,372.0823445899182,0.5931993581966664,0.00861224105956659
67015,-2.9675076432545744,-12.792049228211816,2.8373843334856037,0.8642051545785171,468.0771400608074,0.7178362093269968,0.008612306442941796
67016,-4.119154247248408,-8.954161856298153,4.702157956915931,2.345950315419613,440.8333156144158,1.7132545095663936,0.008613157690572743
67017,-4.836049191012224,-7.904822936405908,0.8037213358612583,1.5188724941569762,352.31934589636586,0.8847498270038132,0.008614412370308359
67018,-3.856585576267186,-10.1294765888015,3.568476870520118,0.7337439777761663,169.7071392101587,0.26637656719580693,0.008614793304573464
67019,-4.60181980891975,-12.736864899956245,1.5962419751745986,1.231069683900373,229.64957171837142,0.4989059110688423,0.008615717169977354
67020,-3.5585782036406064,-7.269419402414615,3.8828832869657957,2.465926272399451,454.70324509823087,2.370986254171714,0.008618147244626194
67021,-6.841027285102228,-5.251844499486709,4.209499962945709,1.8891463339660672,469.7247499807922,0.15807072269192712,0.008618587248977202
67022,-8.33387420773641,-9.012296357436778,1.144644982997177,0.8975915364179079,178.6353087720214,0.34616628710040054,0.00861881985438716
67023,-7.168445234678474,-11.274959477374516,1.7398486340242942,1.926098833213271,393.5845525988994,1.4869801420174102,0.008621731492948407
67024,-5.39517593717388,-10.721536653207274,3.238012025801356,0.8385063187119103,180.34279547341032,0.02025958043581877,0.00862235897918459
67025,-4.730832581189618,-7.349758996257312,2.182849555830953,1.5364179905214386,345.35496948712074,1.5101079530403014,0.008623352390489735
67026,-3.6224421553431876,-11.040125022353923,2.98319008406734,0.9794444386854276,272.5646439687147,1.7518511042912417,0.00862345553000454
67027,-8.598246027561128,-7.254399104773649,4.117353485549465,0.8456142447723929,203.004083163002,1.1733505389099195,0.00862398521589258
67028,-4.17306290714034,-7.289840700003542,4.29553739373121,1.3092607485462326,292.0048592145764,0.9838215857932564,0.008625309778332847
67029,-6.810347274902071,-5.938507740278827,4.840855941732126,2.575643846359068,421.26807555238724,0.2370345374941385,0.008625643908063939
67030,-3.906367047718456,-12.623378555912078,1.6269119368397185,2.540712060499456,455.6483616846123,1.1538002191147454,0.008627543256738519
67031,-8.254806667678855,-5.644874341175613,5.135055769584719,1.814264763401767,468.9100875118843,0.1428091598623995,0.008627737401385017
67032,-2.8225501932366157,-11.313218137687223,3.5323989161586913,1.5111230024022444,344.71658075792925,0.8480266917407455,0.008627918264992086
67033,-4.270486750541018,-12.595154807986143,1.6607028529314531,2.636365281208473,323.8126944449287,0.019718889591898936,0.008628338657369134
67034,-3.0062102162207474,-12.049342595201459,2.8614880445281434,1.4067959814645867,182.18773489964502,0.39472891855489234,0.008629646577759538
67035,-5.31761261809335,-7.08418653500746,4.174693185084669,1.8155303833174585,468.5873678185878,0.08001708673132502,0.008629881342968814
67036,-6.720408579311199,-12.152745298223483,1.6611471906690751,0.9148425201701075,466.50632962957667,0.577949295784494,0.008630643917762384
67037,-7.016663633577546,-5.0316968152622055,4.736859359777429,1.2108433547796469,305.3691746450335,0.7481630959357721,0.008631351402923508
67038,-3.912023944161218,-12.846603869178349,1.8755885123404912,0.6887580656495893,138.4404665727459,0.42791290040831687,0.008632867668854348
67039,-9.065335599029384,-6.46018633789939,1.4215525078925397,1.9337075515998017,389.33077397649726,0.9887764304226563,0.008633283995724302
67040,-6.380308706792544,-12.413635272344782,2.593467023467711,0.7840623924884258,157.35590243430303,0.13312950938354007,0.00863331037408273
67041,-2.864805482893412,-9.836895071764305,4.355026041609883,1.0630274593987747,467.86289706253604,0.9024396955013279,0.008633872927314637
67042,-4.542005443521625,-8.977184969441502,4.702278516547163,0.5409467409646372,127.25853939454674,0.29391916633037685,0.008634197678911087
67043,-2.939592642448037,-12.625360596593845,2.9035843418926635,0.8334719578530643,467.3764726071246,0.1243021936755655,0.008636170143795361
67044,-4.966815719010179,-11.371653891949308,2.887803877719471,1.8081885639916997,469.3137858591695,0.14015011244603226,0.00863624393446961
67045,-3.182719389591586,-12.74151340936664,2.4629569259961053,3.1801781278858603,239.48859662603553,0.24213589849676787,0.008636807465671192
67046,-7.465724230804138,-10.004663812598135,2.6540459124820184,1.8989834429149548,462.4536856127585,0.5581180567500743,0.008639215184182331
67047,-4.804371401843204,-12.889979776306205,2.4497205893500786,1.0717674222477835,283.0542549538834,1.5602078187642947,0.00863942687311568
67048,-9.064296965937212,-6.593633570925931,3.292070397337121,1.5014488433134079,215.53650462241896,0.06304390928274284,0.008639693535044958
67049,-3.0529208737097147,-12.096880399963805,2.7495230190532616,1.113554301555109,282.27873161593027,1.2090112723418969,0.008640039634080736
67050,-8.736715075283545,-5.821154533521455,4.2707730966614275,3.2785081266503764,519.4363005176907,1.1750409463471323,0.00864167250871749
67051,-6.798139042935451,-6.065958082203846,4.96370964239614,0.8026927210221557,166.44588651280466,0.7612984997426864,0.008643286335570757
67052,-4.845515388715506,-11.241748125029952,2.930107376460248,1.8789994676218624,469.4455348420482,0.004873925585033412,0.00864348549857795
67053,-3.077113003577897,-12.759817103463075,1.773122296912222,1.7955380640426264,427.9556967633721,0.18177078498362853,0.008644327443536819
67054,-2.589069176996686,-10.436960629071052,0.03489153579374712,2.382574298848685,172.4665469997826,0.36319080759998545,0.008645251157916882
67055,-3.954317891846994,-7.425600306531296,4.789978767398147,1.1810934800241235,239.9463504813679,0.3708837236675473,0.008646874857665318
67056,-5.307398698303424,-12.7379792128079,1.6197643817640324,1.0290920863930055,279.7150155297106,0.4641290978344337,0.008648702157643986
67057,-4.329390246381948,-7.633362947747956,1.5218043088950224,1.6340425834129242,380.7231747723468,0.49665178320250813,0.008649113205596727
67058,-7.140224625358778,-11.312569635602452,1.3667397653091844,1.6933719853609657,400.216519309219,0.6409956627456168,0.008649210008237254
67059,-2.318922765344582,-12.309661613836516,1.9330006465054048,4.000093522672682,376.3809945527072,0.061565024248285916,0.00865048200089583
67060,-5.222754117436485,-10.700453009449916,3.2375169629353233,3.650292583476446,544.7770250270387,0.9512850764934591,0.008651103209785193
67061,-6.146645034031408,-12.770165769914586,1.6621392153189862,1.1365430897213995,467.1753115218857,0.47604008565493583,0.008651796730105191
67062,-4.8154046638222505,-12.085832657264387,2.628822003377981,2.663090371904259,472.2192744877261,2.0562895965610837,0.008652641859484295
67063,-4.574103188459792,-7.1960256536124625,3.3210084689068595,1.5239834809533503,186.238002938952,0.3449298482064629,0.008652956669387014
67064,-4.5199664416056695,-12.693654255397549,1.7560849184116674,0.7878168968578427,469.9149112233881,0.15514859341307208,0.008657312518622246
67065,-8.008549403601638,-8.952867792615308,2.767314996134708,0.7860491723769333,467.73019065051255,0.3334958600433575,0.008657998277631147
67066,-6.685989706373334,-12.68448396345815,1.8070366772561006,2.661262513679811,469.23700152276365,1.4121780763405614,0.008658205293779832
67067,-6.328639199360959,-6.350390243066459,3.1792296746017206,0.751602115310405,138.7914865556929,0.218517539647749,0.008658744717053458
67068,-5.798693310984606,-7.2423378129419405,1.6745906346557577,1.1878429539265536,261.254717297804,0.0513834716230539,0.008659165022384306
67069,-3.147170321705329,-11.651926509323216,2.7946067595120767,1.6096283401150646,468.78877603443317,0.7499956075335765,0.008659461330377122
67070,-6.1546609961252,-12.324521718053782,2.652843808640704,1.5489915852085927,348.27643416313936,1.5510093006945782,0.008659911034689686
67071,-2.769672727511966,-10.80114484359284,3.9314343570374866,0.983048039271523,270.57826641493494,0.8636818493215657,0.00866013318461772
67072,-4.890843289724854,-7.977998918501797,0.6866551328380827,0.9662120381339849,467.56598490953553,0.6168995341124619,0.008661936242523151
67073,-3.982933413514031,-7.648132710685794,1.5347106678759586,1.1056124825241886,285.35133728357874,1.7134493092949539,0.008662412970109393
67074,-3.0523430215826997,-9.852667101249805,3.9756818965735903,1.0671535042152351,260.7387940176551,0.23986519507570492,0.008663200175405028
67075,-5.448407278253831,-12.860488643959643,1.5596673070694076,2.0214351896239475,403.7105778108682,1.3087989937524798,0.008664341047144654
67076,-5.856733175409369,-8.730259337186315,5.0837188087069425,1.1004334887311786,197.27855690310741,0.10016420952987115,0.008664593999733025
67077,-3.1718049682474545,-12.851660509746642,1.561085220984986,0.8670213056659611,263.2350652762198,0.7929173668788927,0.008665244086947006
67078,-5.843532246760885,-11.563958643054217,2.8744381570332442,0.8582092028845835,219.58932462147052,0.2854803356787201,0.008665496724292891
67079,-5.099837769549151,-12.948048762884317,1.800808125364499,1.2003956728541378,303.69497721632683,0.8190995945590798,0.008665508525043702
67080,-3.3543265344364297,-12.283608788690845,2.510296597455058,1.113472174885628,269.00822548141997,1.0018301990711995,0.008668783922660048
67081,-3.56784797365187,-12.617613141736083,1.5994301217353255,0.5549743070730369,158.64698271032339,0.29369345542598957,0.008668922074529647
67082,-6.376873749544821,-11.787097111107022,2.756310052978441,1.2660079915682254,468.9746444726091,0.6019802087582677,0.008670368126634477
67083,-6.443022459213044,-6.187432354649952,3.6332748721210204,1.6585642067942297,410.98537985694134,0.3802864843645919,0.008671163211614352
67084,-5.345497265318427,-12.600250095566114,2.556867921797718,1.892183070601982,455.99717433101273,0.3667200701225175,0.008671189855075577
67085,-7.29526177868132,-5.366615583426658,0.015691299522868057,1.7467655195704046,413.2916495556319,0.20500125258159407,0.008673273511935238
67086,-5.755392710710742,-7.414002558535351,1.3356145046424455,0.8003193498059149,469.31719157554227,0.2387010080411196,0.008673444973200096
67087,-6.125506893341657,-6.6502414412338995,2.765501082519805,0.8515129888233229,236.41535661434327,0.6663472421182908,0.008676391918516779
67088,-6.791022659626593,-11.913760403211604,1.4328135213929145,1.511552096261665,341.66521194398837,0.46098422676040673,0.008677466722067928
67089,-4.412450304682042,-9.357718578932085,4.284227020953178,1.7655723097073124,465.6546085959829,0.7809411873093399,0.008677856988692783
67090,-4.205391237313179,-7.552758738106243,1.8017641483990683,1.8385274826875777,440.98508744443865,0.5375453197832565,0.008678312305904145
67091,-8.90198767030512,-5.8800599210792015,0.6668640898194983,1.0291161966931022,466.9956334148534,0.29476012495053094,0.008678862210011544
67092,-5.827151056053435,-7.976674871871335,0.4279429074026552,0.8877989768847481,243.5748364344346,0.8846771789688477,0.008679993865017072
67093,-2.875285017532353,-10.788350137176977,3.616562958546241,1.427238557919063,468.18426489420943,0.5453407104991346,0.008680746291836806
67094,-4.962062099658536,-10.568422907356844,3.2985974863874854,1.5343014858966826,176.3923387492943,0.43350102732536566,0.008681126250505196
67095,-5.667332638015606,-12.861437105695087,1.5447969857213673,1.5075913537740189,339.5804355470365,0.6213862739457321,0.008681558257925994
67096,-6.419052598219297,-8.969426720327377,4.7778342582671,1.1205586990436756,213.38889610237547,0.0590910581552091,0.008683137716191225
67097,-6.560564232626389,-11.175131008130121,2.927152402343417,0.9827997971051424,196.40501156150177,1.0086272895146893,0.00868385911931943
67098,-3.122338424038727,-8.254284083975657,0.5207854398971721,1.6081084246647055,467.9463465318081,0.4319576626122421,0.008686912131183628
67099,-4.960416113292666,-11.4135257288152,2.8716728631567086,1.1271953395961103,240.42477522561197,0.03540445784213997,0.008687047920633333
67100,-2.9054959169471806,-10.975421377644343,3.4553734052738587,0.848484353574325,178.43728964522356,0.04008871553853055,0.008688221399342846
67101,-6.065138437025526,-6.709902030644168,4.124165522892288,1.6243927021837992,337.4778709369895,0.5971627365459176,0.008688896662421912
67102,-4.011073269393704,-7.364703641926236,4.581543818071648,1.3470335350927343,327.13527195583134,0.4682912625006672,0.008689411148256445
67103,-4.8799528036872175,-12.807309344852143,1.7713978000089552,1.8389582074490658,467.9921874254811,0.07255979376810107,0.008689638833584635
67104,-2.7555011996818033,-7.900308499198856,1.0866093246577757,1.2249251710874154,308.94527241003414,0.47737940535964096,0.008691666346349014
67105,-5.8722542551662515,-9.139529555056113,4.61996834488069,0.8706074836270856,244.4356972078556,1.358104182864495,0.008693565418030635
67106,-6.751487447186485,-5.140050704668197,3.5932522146855645,0.7945153147391787,160.91295132592992,0.7542985527827542,0.008694026387129565
67107,-7.101075751977566,-6.8766104155849614,0.059818324915793274,1.1086861528380507,181.71488357076973,0.06287451220816553,0.008694428012018392
67108,-6.01265415980499,-6.733635169500672,2.912907342392987,1.0931372044774221,257.80727542545327,1.3131847523100832,0.008695119338047851
67109,-4.080344957893065,-8.484787805822947,5.1727765995391275,1.5461336012001712,468.34904326571944,0.5171092055395858,0.008695662612193051
67110,-6.945866483118694,-6.223157579650015,0.5195497584517458,1.9073195168511001,381.02574323224997,0.43446477280673523,0.008695876435281975
67111,-4.797757049253927,-12.305009387006272,2.5744009012575675,0.5877474028264297,166.59429502367254,1.2378479706048227,0.008696020932096742
67112,-3.358957949929101,-12.591191925507223,1.8116564807698343,1.812620600899156,468.00983928444583,0.3229572865097641,0.008696148363952216
67113,-3.655631543318666,-12.820951948996212,2.383057138885031,0.8774160853478701,468.0847159930265,0.7221597993247615,0.008696306509420708
67114,-6.602480384275486,-6.173037980405546,1.8700757028385284,1.3657729565424892,297.22529915654934,0.7706380803228754,0.008701750989777558
67115,-9.141347624221506,-5.577030322270711,3.0039637124855774,3.6043731634741056,495.00116088499277,0.19518260296175605,0.008701761919764602
67116,-5.077942763705364,-12.842437541833409,1.7747839948727886,0.49393377115853954,117.7235518111637,0.5127168146756897,0.008703155850696575
67117,-4.8302993140668775,-7.165235603093869,3.8173170522569446,1.1124433228824884,291.92433045059715,0.5867882509736333,0.00870325811702559
67118,-6.860877712178673,-5.396086285801955,1.0276844879673226,1.746283725968346,365.5797487257187,0.45997110780047024,0.008703293035895343
67119,-5.892298919146604,-12.86330506952635,2.564122767236846,1.7162085037411126,353.99285411618325,0.3284318280457157,0.008704200692168741
67120,-6.921854958034363,-11.712708136005796,2.359664776527395,1.0318268632145957,282.06882887297064,1.3087741099961976,0.008705453856802962
67121,-3.9680798055326107,-12.790886121051079,1.8662135073644073,1.069300763032877,277.4067945871826,1.3288637343910095,0.008707431428335884
67122,-6.655513124739149,-12.975153493799713,2.2938019282346245,0.6217777967445253,133.8059314157309,0.8199855180916531,0.00870799835316124
67123,-6.806684978998215,-5.446462220797963,4.281029066784907,1.1010540504875033,279.10446781959484,1.4417209466656535,0.008707999207240818
67124,-2.63938661510728,-8.183751820737745,2.035371093243913,2.803515810143168,481.41786290378593,1.331473740847854,0.008709716438117314
67125,-4.874990088827655,-9.30784794044527,4.36125619549057,2.0450084684630396,409.9032957821522,1.9698112790866116,0.008710030352908312
67126,-6.802390998306947,-5.873107697197448,1.2018854848886211,1.56611491816707,376.51507765209817,0.1780236353129485,0.008710940762777746
67127,-7.683370608192222,-8.996681213473845,3.501555548125091,1.019905548953045,305.1712113156621,1.0472864084519946,0.008711557864938442
67128,-5.90932705629779,-12.858473476892277,2.5631431747181135,0.9247348153957978,239.4881814610315,0.7481355821986542,0.008712854748227111
67129,-4.081108055027306,-10.931871132714283,3.037752058836055,0.7997104850995563,230.6969859807702,0.8467812632743286,0.008714245836987943
67130,-4.066415163123683,-12.612426250800084,1.7859129220845922,1.6789479143860944,185.45882113391542,0.22182600890893944,0.008714940678670452
67131,-3.960626890214794,-9.582352157687472,4.038825899119408,1.0123083299824263,468.19569095843536,0.8697326014685833,0.008716489566266467
67132,-6.530028182252129,-12.930083013602655,1.7915218216958888,1.4335178191209645,142.83184012432915,0.32948548932418564,0.008716773479040435
67133,-6.828423840876521,-12.67702714629025,1.2664595263369531,1.0484153754696455,466.9290922566518,0.05102945826542982,0.008717906398764812
67134,-5.9449966831899275,-8.80204370405647,5.0040793935439805,1.951908313298704,230.54673310820493,0.4266101206945798,0.008718842618091034
67135,-4.049913061185263,-10.878188880656298,3.073854825484046,1.2342851481877808,264.38118413982636,0.20586391876509058,0.008720204734493881
67136,-9.113932006393721,-6.776226098262859,2.9032791343465427,1.775447489655419,377.8642065088623,1.8162848233132882,0.008720511838340776
67137,-7.0189332685721695,-11.475695270217576,1.6031643576256052,1.7786651888632707,423.5453825930513,0.0073031702748567184,0.00872081293867331
67138,-6.622544706327073,-8.820764295614538,4.891047492616981,1.3405225123420732,298.3306196157307,0.6331331761961723,0.008721561503982286
67139,-7.080137027882888,-9.240148566314666,4.088978281843284,0.5938426544719563,127.38389340356945,0.10903510643800196,0.00872174881907131
67140,-3.128541956390852,-12.42505133573419,2.5882285857248495,1.8170211942380012,384.1130961474885,0.6993485696670279,0.008721868215070393
67141,-4.108041421859064,-10.008295350753036,3.6654584522964186,0.9169177927483472,191.12357746069839,1.0801227405064173,0.008724884274225833
67142,-4.599741308675619,-12.645664664695223,2.4647098260126863,0.904537394207,198.17519398144253,0.19452436277216112,0.0087252035484715
67143,-4.477092911549474,-9.549150608965318,4.096004126776025,9.530066911416961,350.39618182014794,0.24234602782682746,0.008726515119744448
67144,-7.383702994325311,-9.0330156054079,3.970871024720785,1.8466910713673,467.56422232153386,0.631704830343125,0.008726657007842932
67145,-4.9524686385517125,-7.137785319296408,3.3383216152159987,1.5028526629236012,342.12938654660223,0.22821947022300204,0.008727274742424443
67146,-3.7170777960099173,-10.253272293596357,3.459437437691285,3.2294486763464882,515.4670364802495,1.114729482992895,0.008729157813753668
67147,-4.599567186644756,-7.560794064804935,1.6888773113558873,1.3433234024091913,323.5364832866753,0.26371132847441636,0.008730260532467718
67148,-5.724644396751174,-9.21574382628576,4.524875682071442,1.202430261326611,242.68917304767402,0.09217162747961716,0.00873311417704599
67149,-6.409560286711766,-10.987308798900465,3.066639540069748,0.8109435870274403,469.1603666585193,0.19221059627773762,0.008734353326018346
67150,-4.176534944668658,-10.011336424614031,3.664259887950553,1.0596362635847625,160.718971212017,0.2022392060216074,0.008735645697424235
67151,-5.867972706798053,-6.863048933436089,2.793824497522854,1.2199211269915085,300.6976440217871,1.3313488341428696,0.008736628919003639
67152,-6.6413440515141025,-5.592090830564368,2.9800463417476526,0.9510425999199037,468.36927040790687,0.5248293561505353,0.008736755001764665
67153,-7.661612298121568,-10.153295156683422,1.575541172550184,0.9834571292942842,468.02329376980504,0.3634981266338366,0.008736898664426397
67154,-4.218683263884456,-7.668786365822189,1.4732189119625196,0.7554859180797676,153.61509905673026,0.4817821595153067,0.00873775332035031
67155,-6.885212987088677,-11.56546686588353,2.4813667551740934,1.1724858188172347,369.100077877569,0.47440885164390867,0.008738813017081667
67156,-2.689629686394297,-7.991469511697843,1.3554366592727303,0.7813251281993503,159.8728880431626,0.20075361415748905,0.008739108390033341
67157,-6.622479496982794,-5.8385353554432715,3.8765906776045567,1.8736371809489103,468.10668079929417,0.0177495841534423,0.008739694360948048
67158,-3.2883227976527145,-12.582618922184357,1.7897738021723075,1.215898111324157,308.4508098093556,0.5933808306772361,0.008741483504332138
67159,-3.3407856414721184,-9.373932416000365,4.238028545059506,0.8888714362870563,232.49164999246224,0.4858125934820752,0.008743706336511293
67160,-3.8897007749288273,-7.448171852312312,2.1119341402593,0.6496051469746414,151.75676773685365,1.0968582119313277,0.008744108425982063
67161,-4.422189507566879,-7.659507446021924,1.4591089421230425,0.9701256599389251,467.729748920258,0.6218245779375051,0.008744472704548444
67162,-7.855896240610424,-8.69674771585188,0.402912552446149,0.7469072765856418,379.31324474746276,0.28588430076707017,0.008744673808751156
67163,-5.7907883155632955,-7.238364640507677,1.7069555660534677,1.362513464151099,329.9392580402308,0.29718996118874763,0.0087486625412303
67164,-7.495424500980516,-9.37727320506718,3.3472350244022078,0.5538620697732907,175.578863480136,0.7408653304802177,0.008749043920939382
67165,-6.006730584866564,-12.907075791835513,2.5493795577893725,1.1250189294588644,292.710929906274,0.908358732251024,0.008749359397039407
67166,-6.549685200549692,-12.856738490217088,1.7917886975779134,2.0887135581700496,223.02497320485836,0.45817801643391665,0.008749868507839926
67167,-3.3927940050918126,-12.072461638771273,2.5562876334077327,0.7547506849134414,228.07135750464244,0.9753023108684946,0.008751183905160097
67168,-6.133770693637938,-6.844982767598611,2.0397753362194377,1.7431595977497274,469.263560910929,0.08205108740074518,0.008756008571022794
67169,-6.666150151406789,-6.770978761784401,0.8493743126379619,1.7645004045235024,417.98645924808534,0.4052287409017419,0.008756335154531702
67170,-4.207045504542811,-9.575761435382454,4.049763077757125,1.4644211236409763,334.8694653680826,1.1867499418252008,0.008759539056910234
67171,-3.801588345500937,-7.30628673812252,2.806143740237246,0.6956100487826489,467.4529814537619,0.37686196803479266,0.008759612554712644
67172,-4.350606472796173,-10.62864417626982,3.2181009464616763,1.6076622735397557,374.0825210210366,0.19495780346505143,0.008759761365854511
67173,-5.17750102933111,-8.947296177833124,4.7758160168608965,1.0723005728614725,278.2753569155285,1.1527984786683492,0.008761422602341461
67174,-2.350587217395863,-10.676339594707711,0.7468781182541397,1.2945579879391211,283.4424000444808,0.5545778844788396,0.00876448463767533
67175,-5.916263305600384,-11.811204516967532,2.782247099181414,0.51548706994171,119.04474015865406,0.9114349710924694,0.008764610300573437
67176,-4.571591720368985,-12.80257905445119,1.8382057992708363,1.775460029157842,469.53116847419045,0.13842838714552652,0.008764757614523933
67177,-9.203316659507943,-5.255899592774069,2.1781810008323323,1.1106643529208204,287.9842868249983,1.0483092303550476,0.008766297935101267
67178,-6.986249594453561,-12.743417977608688,0.24776290422746236,0.7522896538879972,170.44397464317598,0.37228540054406434,0.008766393464614636
67179,-5.994020964565276,-12.666816331608976,1.6030805571291165,1.0743594801160286,468.1069017752668,0.7345868505430166,0.00876708389502072
67180,-3.919180678520414,-12.497886221464313,1.729651423384263,1.7210020543623983,468.378366638577,0.34158527867645727,0.00877011198252315
67181,-8.365258608082465,-8.756379719686425,0.6937061873189275,1.8014694574057621,467.6401551791859,0.5991234829971228,0.008772592608885082
67182,-5.556698831701555,-11.181854391809463,3.0040794966214506,1.7711357506993521,419.75421334441836,0.42030318411783707,0.008773349835168425
67183,-6.081856532720723,-10.429723447267051,3.4356790609922636,0.5504698186259528,139.9422311000816,0.1845850217934677,0.008773772753943294
67184,-5.814832652477544,-6.850260170395032,3.8357292174035282,0.7822209244431806,138.64865333696065,0.369985500169828,0.008773842368138716
67185,-7.4101777501213135,-6.686582479961469,0.020910338771227773,2.7605251204138357,410.143193508257,0.13333668291248468,0.008774206195751859
67186,-5.334589242920414,-7.222293383726812,4.812156237193177,10.410544070813115,401.92146634199537,0.22446294266919242,0.008775164113753342
67187,-6.496869485682842,-12.407039982788092,1.6542767315118825,1.5640567632671356,349.1349659173561,1.573698146524447,0.008776051921958818
67188,-5.860389483449671,-6.9556281100368595,2.3381423795220355,5.769034791309426,319.67020737209316,0.27459685514257703,0.008777476069918284
67189,-6.678762330510253,-5.55257419187377,3.5625746969080168,1.6085365174344746,468.6418570841576,0.0809977772379904,0.008778041622711185
67190,-2.7585892250219537,-12.32984195851473,3.465180078219205,0.751833351317513,469.78729928123096,0.2440779169248204,0.008778232936947076
67191,-3.1072024460757754,-12.329448232652053,2.6266417253416794,1.7696416651374651,468.0959875626698,0.4810230230007164,0.008778565434018072
67192,-5.509526678502209,-12.404818847031684,2.602656695474753,6.686849193980348,657.0549077385691,0.2264138876649886,0.008778822775625562
67193,-8.022005691959684,-7.981583624307832,4.362333193762719,0.8057146920527322,192.72307631676424,1.1338777332787844,0.008779336604517258
67194,-3.2109589984843243,-11.63177458895839,2.757504330259986,0.9859961666575031,194.49437798948335,0.46848124584678263,0.00878213921852798
67195,-2.768052932553892,-9.419908186760406,4.903777684406541,0.8764373650367571,173.02691926232532,0.15696019896314528,0.008782593432874304
67196,-6.884254234286492,-11.955402156390662,2.2879226823403442,0.5552455227212577,153.91348516892774,1.0028636077767823,0.008782625540602586
67197,-6.245914658408699,-7.189361295657702,1.0806368127357966,1.865363248914291,451.9804010762299,0.4927120307832542,0.008782811286427307
67198,-7.006873445424043,-6.650598469593534,0.26872247532435106,0.9716891039341687,271.1924202265774,1.4322629071214044,0.008782940413565433
67199,-6.6551002693174865,-12.12828289300653,1.6107436639463752,2.2515518824129317,432.1828123711297,1.8737035726516327,0.008783516490010837
67200,-3.56354750904603,-10.94311461699935,3.0125796046218776,1.9003559960285599,462.0857906771494,0.3839483204611698,0.008783942828179845
67201,-2.824558533619875,-12.060097677138863,3.317921245272126,1.5374840640576244,468.02466442646227,0.37923437687152983,0.008784465365101269
67202,-4.394667779176581,-11.432768684435738,2.8085981183841406,0.9169338094075066,179.74378595317168,0.6516696625152312,0.008784526890142582
67203,-5.684871362569581,-10.272449918080714,3.539217255492873,1.7079404223074635,365.1703840238354,1.1394491803475946,0.008785618218370305
67204,-6.53942565056037,-12.707382254217084,1.3656478569963244,1.6501056599062895,387.79302469026396,0.7498045862444584,0.00878645217967928
67205,-4.1108076831949125,-8.774388634190107,4.890634872683176,1.2361151041839966,309.9107683822455,0.48320908331930656,0.00878746217044449
67206,-9.104827015985181,-5.378213437354801,1.6367017803716502,2.7465995432543795,476.7569473307057,1.320930487629398,0.008788696199008284
67207,-3.864660709378292,-9.655973294341281,3.966470903259441,1.270091761011306,269.81976296428263,0.6616362768575419,0.008788950880622282
67208,-6.8330374123863225,-11.92879862307438,1.6829685662849774,1.0476419790151796,284.6063893688939,1.2030221101051808,0.00878971383177212
67209,-9.029665079681429,-7.273151915953043,2.5481049845304247,0.7799254770766745,174.57836674061494,0.2292256998957729,0.008790686134158072
67210,-4.538989255916919,-8.482069880335832,5.186584904698139,1.7690724927986403,418.30344493705866,0.503732036946559,0.008791373150524504
67211,-6.2158323983252455,-10.64650754434517,3.2832161266622033,0.9987086726600063,262.0581251707019,1.3119502036619037,0.008791552248708931
67212,-3.9688787076381953,-12.719650921021037,2.3986070870518303,1.8615814339504495,467.45286980137564,0.5985623639480542,0.008792529199334343
67213,-5.650384093655761,-12.108623691458169,2.685276383099137,0.9327479649038659,187.62247986377682,0.16152591087644907,0.008793287610762457
67214,-6.9395079246475575,-10.469415427813336,3.0634083443890434,0.7826267770849025,161.3497316941847,0.00047273383906709654,0.00879372958422517
67215,-3.9554970351119074,-12.392662451953155,2.4908946675324413,1.4265873001141927,326.25626640725267,1.2419477484364805,0.008794961246506878
67216,-7.987661160666599,-9.506205358420438,1.5970896867186917,1.4079439220841503,324.73412981163614,1.3545038270791112,0.008795246773273454
67217,-4.644431146066145,-12.215472325803873,2.5739416832364164,0.8781902849425688,236.10941772079946,0.9045480717111092,0.00879637402926018
67218,-8.485534250203976,-8.659408943269419,0.8707347083380356,6.531787733520217,544.5920037639354,0.03415690485594691,0.008797103650512453
67219,-3.7408234848140642,-12.700678415200125,1.8633056995520003,0.9810468354199487,468.0122739590825,0.37368656979032355,0.00879723510030497
67220,-4.867194300445544,-12.58883884226438,1.688120170718235,1.8387919833393964,441.21177493838604,0.5565485502864069,0.008798375905770043
67221,-3.394769677130461,-12.21900074429692,2.517834348424794,1.915077988906689,218.71149043220825,0.16446073909405623,0.008799129291047708
67222,-3.9419542402508965,-11.494853480737804,2.773070543302089,0.9612279495864365,467.7662338241634,0.3456382555037667,0.008799288669554622
67223,-6.225078171880611,-9.658870520688993,4.055553789292652,1.7131356190128235,359.64514763842163,0.3464041261101558,0.008799845539164807
67224,-4.602403108746767,-12.574812721049295,1.628406202547961,1.3154096442082142,235.53175584549396,0.10873854162247998,0.008800543789777937
67225,-2.9829767001183907,-8.814759300287434,5.110877543607464,1.4951315794059492,343.1013649747016,0.11614669355502727,0.008801134883572594
67226,-6.96076256441545,-5.334985332560216,4.722291425774691,2.6940728057239447,475.46457679702195,2.249118252858943,0.008801312195015319
67227,-6.329801555978298,-9.82362791556576,3.8866397061344657,1.6832530242968942,357.20971365552646,0.7024879241020932,0.008801445250203991
67228,-8.274293264620487,-8.156371615393663,3.5154385558098067,0.5738828573213587,155.30145868356743,0.7906510886026163,0.008801870160782564
67229,-4.981824235778997,-7.526148313093041,1.6103957907550932,2.8551846837554633,486.37425951934114,1.3978042204651429,0.008802314072751689
67230,-5.231221824842429,-12.714675138764505,1.5759235527694713,1.706269620054879,468.18454760890404,0.4520390115337092,0.008802911778066299
67231,-6.053572031179271,-12.642746833403924,1.6210378171533049,1.0094561721471336,265.02392841251657,1.4803237475291047,0.00880447643518814
67232,-3.3413044586522753,-9.547940824256761,4.065209699620343,1.0984036478659274,467.2283911026949,0.8101727659127409,0.008805074679340271
67233,-7.060609403744548,-6.485275114968656,0.22866890000711962,1.206487261989413,214.2203774150304,0.08154560656300003,0.008807364609068854
67234,-5.0820360363366754,-8.860177023057695,4.858845038387482,0.9611941505323592,267.41710852295756,1.2414853345352181,0.00880873033239699
67235,-4.50457205424895,-12.960762288849631,1.898325767271965,0.8956037882341474,469.3691713167893,0.16644830355128004,0.008809536214404683
67236,-5.317021056549628,-7.048633440834223,3.3915667663400613,1.0926955015082982,275.0226997416103,0.5773443828584242,0.008810085281539655
67237,-6.699794279646786,-12.017132229968686,1.4636424707384248,2.467811317367598,453.22413620465073,1.738032453337337,0.00881081462521292
67238,-4.909670156381387,-7.15751667022946,3.8647737292641735,1.2809605420050603,294.94336128328456,0.13587547967282987,0.008811813295779656
67239,-3.279437219329626,-12.891208198300083,2.3494086517710513,1.1936735693481346,243.59169366330195,0.352612020703007,0.008812017939877112
67240,-6.509948664934485,-6.07784243030259,3.713878713006229,1.0213718633702402,276.8961837911335,1.1939521116276248,0.008812443018323993
67241,-5.668262541840075,-6.923313627135216,3.2432853980404213,1.1237965684894848,198.48287349205341,0.07516953517408265,0.008812507738245464
67242,-3.507476644513238,-9.70253500808211,3.909619560761379,1.5566907801265741,468.5388874763347,0.4179591870455335,0.008814177082882395
67243,-4.575584124124028,-7.479980209641636,1.9111800698232357,0.8499061409312011,224.91613534981127,0.683965598238065,0.008815040183602798
67244,-4.534779255350161,-7.7712842983592205,1.138363989173047,1.827853454085857,377.2156214221387,0.9267881016587527,0.008815687569617368
67245,-2.65981181485639,-8.692764681470855,0.3835000988119049,1.1138311988899954,466.89795408778787,0.29549028741069616,0.008815819966722495
67246,-3.1418573580248275,-12.368467147946705,2.573180052265686,0.8608751852499421,444.5652882142206,0.2557325089120832,0.008818242871977636
67247,-9.15419370737681,-6.738241652161587,2.5701260821058955,1.0522914429150498,279.5900694918951,1.109953528800209,0.008818389124707093
67248,-6.203530937951555,-6.87001518772105,1.8800654122276586,1.8883421816049168,468.98617275805697,0.15244888630575115,0.008819116869416319
67249,-2.64196604643646,-11.915916446188023,3.9091213802359452,1.1074598000739315,278.03959761386017,1.205782163575127,0.008819448297288649
67250,-6.81272056011123,-12.00102408103556,2.376572311296411,0.9702448329019796,257.4756198748473,0.5265985298041427,0.00881977788376438
67251,-6.833448558424403,-5.546578556690942,1.0933934519012063,2.3314410109179993,418.43160580769114,0.4708197535152321,0.008819874602685822
67252,-3.8434589982030687,-11.89100029176823,2.6182054495551843,0.6917596404560599,150.04470959865978,0.06529043779501897,0.008819955655402716
67253,-6.174914897799526,-9.46786909364168,4.250502491551985,1.5999084818640623,468.0837898176232,0.7216450761511952,0.008821451168164917
67254,-5.153743756503065,-7.117391934994913,3.0295343495382503,0.9133837308511806,245.4463869494613,1.0304046845689454,0.00882225659050387
67255,-6.43206017130873,-6.391218675682283,2.21676608065099,1.5127915881444416,359.6774241435807,0.5829154286859666,0.008822829129971961
67256,-6.31354798544745,-6.938961882993402,1.513460146793292,0.9867062192233648,241.43940033354613,1.0266623875127374,0.008823336954914001
67257,-4.107963259706674,-12.895976632650713,1.9092475104634992,1.057546839846801,253.42710021796393,0.4251602967083352,0.008823446015586277
67258,-3.4847060093753512,-8.071394850875894,0.6818889994618321,0.7901994323463304,130.25979058206627,0.3030919371576024,0.008824362957586313
67259,-4.156436486022734,-12.933374652877019,1.9350006489899567,1.3248480694295222,304.1255520778138,0.3257415327909978,0.008824514739253475
67260,-3.642335580964824,-11.139294080062703,2.9203596273427523,2.758637921844001,479.2922259376368,1.661821544354023,0.008824912631416652
67261,-7.226239120136292,-5.073502945038,5.189428210941904,1.3428679175831701,297.4332113144656,0.721948890551773,0.008825804315247564
67262,-4.468830273520753,-9.95526854757846,3.708895550929869,1.6411297076430307,387.7213645053703,0.3563314499942125,0.008825921752985287
67263,-2.482829545414935,-9.554023500478294,2.936941030418449,1.4759740137159167,468.0222989836872,0.6337659145434484,0.008826177865015166
67264,-3.028342050029532,-7.4649825213698495,2.855484261922844,1.1545235729142174,257.70213432705197,0.38632278674105347,0.008826446593860409
67265,-5.003882928711333,-7.404749281955402,1.9303243823241987,1.5599664043329597,468.39934397853875,0.536259423904105,0.008826743648247209
67266,-5.773329845420532,-12.988585043134746,1.482103383581074,1.0556006083537324,280.16103649883877,1.606913767513542,0.008826816246901476
67267,-3.9618143141621367,-12.976270021753217,1.9607129269164572,0.8670443818282223,234.48358618515164,0.7958950967701179,0.00882690732921588
67268,-6.458291351856071,-6.42719090184594,4.572624514363489,3.488102847618766,519.8771701092344,0.4051967037988655,0.008827768836493586
67269,-6.543303461655659,-11.747079784042725,2.6901982546769627,1.5728626464800441,357.69591279829933,0.9462690454790605,0.008827779636738727
67270,-3.1806048591263547,-7.397181076438004,4.32388236708197,1.471672712031072,329.30428904405983,0.03655931113168798,0.008829022380407411
67271,-2.9314358094462465,-7.841264723244413,1.138696057620066,1.0064395075020982,468.55746131267705,0.6513997194732797,0.008830425407783562
67272,-3.0244289125219916,-8.407708140146124,0.40419240781420923,1.1322170439058437,291.3429149889986,1.1979229609590467,0.008834356582050177
67273,-7.217231381320257,-8.925661573411615,0.1397831334305059,0.9918269217411492,467.80122068905814,0.03518191932414716,0.008835394803371005
67274,-5.884296440722737,-7.4545646417561455,1.062808567981394,0.8777773167243977,468.14377493455464,0.24621049370088866,0.008835733714049453
67275,-4.874465662667847,-10.88099634883182,3.093666130369678,1.8784909299581933,468.2599111056338,0.2894277571770383,0.008835891222461603
67276,-6.493538258399558,-6.087647253990632,2.876490264479052,1.09803866491027,239.31825423562287,0.397061241211186,0.008836290153172667
67277,-5.080348979583997,-7.162748485487723,2.8308805237372607,1.2528341574264195,265.3516984162115,0.904517722482753,0.00883684201987717
67278,-5.14261791278528,-9.06942930883935,4.633354479806735,1.835155917442235,467.97465109509716,0.32069315707675283,0.008836948659516166
67279,-3.8298742598999915,-7.4314533589052685,2.1854509220012144,0.8161810674295262,295.13861591017906,0.11526468429983172,0.00883823873838977
67280,-2.6500497696313063,-11.288090968581287,4.070707585113588,0.9379880931145079,256.4268093764813,1.4830664817934665,0.008838565586974706
67281,-4.918714084228344,-12.985968647313033,2.4174586382893457,1.1273909629046879,262.4310818830459,0.41456156482134876,0.00883903205496711
67282,-7.070389738465856,-5.207052371336007,0.43461056511526874,1.3189794955079666,297.1440546974797,0.7104587583473565,0.008840033659418885
67283,-2.495116345486971,-11.219701905085968,3.9221910525246297,0.7722547058406328,393.63616047287536,0.21115992779428616,0.008840528514628257
67284,-6.4601247075015555,-12.666221469754932,1.3938933208823578,3.0272112776294944,494.7207220583754,0.7972819089847656,0.00884122993146819
67285,-7.581058140403868,-9.130831396795909,3.5061301619173,1.2676436112575038,220.4922571468042,0.0725068534143487,0.0088427993122994
67286,-3.4748378956509303,-8.652835476409106,4.991242789397367,1.0669007624316553,466.60955396756157,0.2694318636816515,0.0088460669434433
67287,-6.6899904487144175,-6.061483177347075,1.6616484103199505,1.0959210553821572,292.450460469766,0.9164178461262855,0.008846908634455114
67288,-4.257679350452355,-12.77511161233734,1.5441252196833088,0.90740902039087,183.58191418618418,0.8222794145575625,0.008847079216991172
67289,-3.2223189969625077,-12.658741624041726,1.8717564818216776,1.0974980029378694,289.5296973268002,0.5388908407298656,0.008847357990977146
67290,-7.047547007150584,-11.368177159548043,1.5284124704153965,1.042347768288041,250.1996895675371,1.1199352694483204,0.008847366313299972
67291,-6.549766115281521,-12.743859584873686,1.7850946162174581,0.892838336364202,467.98820692627424,0.7929613084985201,0.008848232397287745
67292,-3.7955895057084046,-10.462871439415512,3.3024939279337873,1.5384856811294576,347.20107545206815,1.062614054387029,0.008849666977912304
67293,-4.466698945558409,-12.652831918084043,2.451348579094621,0.8819731514445707,468.0224203549708,0.042305195783048255,0.008852252628096103
67294,-8.226500908789173,-5.144209790363749,5.081035267111934,0.7696886403388957,176.41645791291373,0.2620427375366807,0.00885294034684885
67295,-3.316544973289677,-7.281042506267323,3.3058556898747895,4.020715955222827,562.1990429462522,0.5433871619252706,0.008853860490562561
67296,-6.022166141165081,-6.862936207361672,2.2971940320097084,1.055507818414966,277.1759986016405,0.4205906858664985,0.008856284855275898
67297,-7.75702351622436,-9.520001384979926,2.5308710109135033,1.5622796280983675,357.62469651525765,0.6988489516466556,0.008860029122386556
67298,-4.044084575342546,-12.874803634747963,1.9316346590227098,0.8395105743572172,186.134322721857,0.2907359223350108,0.008860115176586464
67299,-4.772470433579445,-12.592570494249737,1.63121574221898,1.3811468301258865,301.89551802544736,0.9109322322604232,0.008860380150691741
67300,-6.71160330914314,-5.224587879750918,2.544047166712633,0.9214545552659557,468.2549001448849,0.9022569173015578,0.008864101131026066
67301,-5.12343709774159,-12.971889644140859,1.8277934193920622,1.09355203019777,288.7334653015837,1.5845479597664225,0.008865763463499998
67302,-5.565822744720921,-7.461548481673002,1.4087153102903553,0.8465561788214181,469.48215406196476,0.15956305461760412,0.008867160757644923
67303,-5.8242411407187475,-12.763641376562695,1.6951524207664541,1.0317182377542122,280.8743488392376,0.883309269467099,0.008869082427376072
67304,-8.628135283556102,-5.241071799872149,4.41843468054847,6.364720570179344,603.5696445139617,0.12499567398377298,0.008872442650425912
67305,-3.132608446269705,-7.674969949478928,5.077603325114483,1.1179576400049467,467.36586241893144,0.33716492856117597,0.008879526666759834
67306,-8.509014720262703,-5.3066172746193025,4.6520283649017715,1.3622270087504353,321.3376582350911,1.5805555825980813,0.008880103485293422
67307,-8.743808230455194,-6.972225283239189,0.5670401255076455,1.129534177675846,291.16083690214526,1.642919583241576,0.00888071685844243
67308,-3.804685385780701,-11.468011908833649,2.7629873119410937,2.1814897990197806,285.77699412896936,0.03781168116083311,0.008880879071434356
67309,-3.3372885425282544,-12.895587486599245,2.327716652898469,0.808391809306605,168.4295516628663,0.7137499396986637,0.008882169822985788
67310,-2.47560116080105,-9.066822146628171,1.8681929462326894,1.83672658523396,468.4805288652631,0.2908677219835196,0.008882460405908973
67311,-6.179841609965604,-10.585058624782766,3.3215056378068906,1.1087111709037056,286.7901573663618,1.3553677260711607,0.008883081182345497
67312,-3.7332847083076057,-8.718715679096963,4.929792313376599,1.792946075577998,431.68849928272704,0.21765736131422742,0.00888317497503312
67313,-3.170083178127693,-11.426410705967527,2.82922168160812,1.806752019567935,431.97762176224165,0.7901657122861883,0.008883658399292792
67314,-3.92409525793337,-12.734476230523565,2.3773503298395506,0.8518444675635148,470.047640984472,0.19087149943195403,0.008885265199567722
67315,-5.206076556682727,-12.957028109213372,1.8380178704338626,1.120724604422089,260.5787744945277,0.5747663635342537,0.008885401438033737
67316,-5.758844572409329,-12.517324238311303,2.585196979002633,1.197511081362743,302.97112842792546,1.8007247783778828,0.00888551846621573
67317,-7.494287043245889,-11.618596325018416,0.8121872803265741,5.1298577108869035,629.1201271516411,0.595849571736939,0.008885944051917184
67318,-4.510411049490233,-12.748874922309351,1.5468254363044627,0.8704955402852022,468.46261915799175,0.46495898783661804,0.008886276421018958
67319,-3.532992736515177,-10.123923363569041,3.5470418139136384,1.0304103753758256,463.54880447322205,0.587980099899613,0.008888476290263738
67320,-5.233496821803117,-11.468498958712521,2.846178119748916,1.8425649404986821,469.88804324960734,0.15902322969247873,0.00888863051705435
67321,-4.950730815789042,-11.358084503094435,2.87487885698763,0.8172201530530145,196.5655517812786,0.3588133993750855,0.008888867742404409
67322,-7.609190235027434,-8.074045213139286,4.914814119583,0.9811927923256376,203.31760151510963,0.9881879752293825,0.008889838128658175
67323,-5.799041667116139,-10.329344549129875,3.496318720951724,1.822979557887618,467.3140552761731,0.38716705341610247,0.008890288005440184
67324,-8.261863727658488,-8.011429733436781,3.7954241483108424,1.6816974329218228,362.8016150904988,1.2573506181301148,0.00889113901219693
67325,-4.285781018104013,-10.899123896669,3.056534611016129,5.4767166055179475,402.2899800200482,0.10979244986573278,0.008891837671827971
67326,-3.6327095379477905,-12.524797205787102,2.41604571031918,1.6909983382098148,395.8440277832297,0.10578324167728059,0.008895483914532928
67327,-3.8973102936614996,-12.364050344511444,2.4685841464416787,0.8481903968330987,225.82488247310104,1.2338106185093123,0.008895609382571853
67328,-6.7784595897208355,-9.079381473018994,0.040186837538975374,1.357324251128098,404.20355798884395,0.9123819586403652,0.008898103885661058
67329,-8.632213662590994,-5.2245315065063505,4.41336141396754,1.7616535821245594,417.78579967585733,0.1770463951930532,0.008898344158120507
67330,-4.758037769549767,-12.67585775051203,1.7837373360956692,3.6863153445903745,544.6245690771203,0.7646036391943927,0.00889834490059876
67331,-3.171362545341493,-10.185221765382044,3.5545632092112722,0.8726037200597069,174.63011625165748,0.12908484498181938,0.008898444937874306
67332,-6.458368060149865,-12.775354940559435,1.3762135984858768,1.7711360778296865,467.6266797292769,0.7878035492272435,0.008899769181682678
67333,-5.125665590954356,-7.683931206504368,1.1361301445648766,1.1735719299465406,300.46048029273885,0.8252239779855977,0.008900684824905851
67334,-8.658023866723259,-7.393897113570625,3.7779754964238057,0.9150788019658166,259.0449639650433,1.453065309333459,0.008900892883195413
67335,-7.45867164601066,-10.553910917015937,1.6037676036385629,1.7478064610591832,239.99797598171887,0.10514779451576839,0.008902358504447117
67336,-7.142994471873254,-12.245990383377292,1.1285618982262122,0.9295472178318256,445.67109498362123,0.366422443186722,0.008902922045879542
67337,-5.450165696922392,-12.821012578603526,2.498899695149914,0.9185866088274355,194.4262483288381,0.5057553731265578,0.00890355124813084
67338,-7.486113485762943,-9.814692850516758,2.814761047849545,1.5514754106905249,216.8116729912449,0.06759934476926066,0.008904113115298182
67339,-2.6761100273679217,-8.26425453654283,3.355818005820942,6.410626328567453,492.6606947133732,0.032710453949007956,0.008905422495268517
67340,-5.619510672403538,-12.458109435484047,2.584920576124598,1.0939465243589814,188.38172637044104,0.1351004554077555,0.008905684869050341
67341,-5.424764092261801,-7.560492024140372,1.307847605647048,1.5343914440605302,470.3007261739829,0.09361456071723229,0.008906662321041892
67342,-3.041132364402353,-11.45411296739904,2.9965487421399644,1.0614068791284261,281.79795795450497,1.0732181875373312,0.008906784481786391
67343,-3.235778688405021,-7.680582202764526,1.542971667461599,1.0923513757879413,271.26377027674306,0.40283376637079815,0.008907110191822155
67344,-3.855936555230702,-11.845936990701231,2.6232776637803332,0.9144217897446733,179.49595739910785,0.15694988039643487,0.008907376054137522
67345,-6.91860100772534,-5.4061228723454064,0.8308739745361452,1.1575573683112539,467.0683115326928,0.12291610190339597,0.008908076485624538
67346,-4.529222316255766,-7.576338397954602,1.6533995357754068,1.17708448905756,466.87426431451746,0.24391527715318073,0.00890831288626377
67347,-8.225007927012104,-6.9175857583881495,5.087699528454939,1.8421654254952133,442.1019789846863,0.2176071758082765,0.008908760261350476
67348,-5.955402066468436,-12.799958473498746,1.484764349816797,7.608506183936672,471.92670785743405,0.09795609341313227,0.008909181645077983
67349,-7.485456323019082,-11.265169666850891,0.9847332119245937,1.1050437394568402,286.7958369640902,0.9315724545758739,0.008909414223561559
67350,-3.1661137425792942,-12.91868421854291,2.4014514282423978,1.156175800444479,235.04441997778355,0.07377767956208015,0.008910289207510068
67351,-3.336723490496473,-12.871056544437526,2.3277434862872806,1.3537609843613072,295.2285161796904,0.804329689302425,0.008910789368980794
67352,-6.480523675731652,-7.455582486927968,0.5363424428786823,1.010567545607216,468.17842113248827,0.8500362122591865,0.008911439980350969
67353,-7.920313238244722,-7.925626627231676,4.614178973992036,1.7788749307676792,467.70717047601954,0.4031160089346342,0.008911988969496227
67354,-4.30232941131119,-12.659851346659181,2.4241320336310346,1.7860319982900064,424.75457444189783,0.2909435679543142,0.008915164371919
67355,-4.117830657490287,-7.248934615109506,3.4174409520871354,1.1229791150248738,289.7516986119778,1.2842375501891654,0.008915634432876999
67356,-9.093769366431223,-6.9890120766861985,2.68352448485683,1.6559693240961164,385.33653927307785,0.061376805909366894,0.008915994301060822
67357,-6.244706083218855,-6.5952182306611356,2.465380762038582,1.4584576706685515,383.3449482074371,0.9244351414416849,0.008916056618207038
67358,-4.453420007978882,-10.099797621972945,3.5913696440961744,4.458919911787228,401.17681081560903,0.07534921335228972,0.00891687219228159
67359,-3.913259292577517,-12.768142458838724,2.3660761628131155,1.0799833618561416,467.2873581147247,0.8077767424700557,0.008918098520198784
67360,-3.7283876915109326,-12.49736487008799,1.7968432842248474,0.7879128783439064,136.32539795539222,0.2895406829915741,0.008919293263176758
67361,-6.587320980914904,-11.910495942785117,2.599995214161942,2.981299873414505,497.67277634068836,1.459079753295609,0.008919429536658991
67362,-5.0566315544803295,-12.5070362642659,2.5239076577127135,1.2473216633803945,313.0355422921151,0.5858693938129198,0.0089220566031552
67363,-2.6623918450053132,-10.24645722093546,4.459427054087891,1.1563037726684884,218.8722835715147,0.043891577141068616,0.008928582388590699
67364,-3.3680786767524733,-9.994670147895889,3.6438546715186715,2.077129335393053,414.03131633952756,2.013628115465658,0.008929090521804309
67365,-9.059467222109053,-5.179619905073986,3.3072291062124917,0.5460738554203238,130.22663817509064,0.23341360329655636,0.008929681768333655
67366,-5.8470829722211874,-12.659290077387148,1.6354568564865046,1.4933287909529416,467.9730997915346,0.5474314761846069,0.008931527669268127
67367,-3.113070119234945,-12.820072941772015,1.549955863944574,1.0988103550845445,284.1383087910656,1.7393536170418749,0.00893386623580798
67368,-7.970689734665562,-7.529730054609852,5.007658116130412,1.5715332388792917,345.3741355467484,1.1178954389153075,0.0089342405186237
67369,-6.261131781027022,-6.977891307112559,1.558692813690402,0.9959411251485051,212.1076167017106,0.028249421414845877,0.008936158511550597
67370,-5.4193460566611575,-7.346302496608239,1.8221624912879342,1.6625455736696666,469.67862949264236,0.010699068052738347,0.008936626216589336
67371,-4.489818980974519,-12.652718216677636,2.4254583645838355,0.8484519050429468,185.02479048254287,0.8774538315090803,0.008936855848749764
67372,-5.260917495742528,-7.080731512801156,3.217766542714691,1.5010206265268755,337.235000494185,0.37666772327854403,0.008940282948967163
67373,-4.650463114288128,-12.522282733975985,1.6733015118195387,1.5351672844254083,348.2774739223793,0.26756246020734675,0.008942061148874416
67374,-8.046883422288678,-9.229828054941322,2.048416184618698,1.0674396550880758,284.9943714706572,1.227198770924713,0.008942381251033022
67375,-5.474640987418641,-10.971434638150095,3.0846367236150556,1.3498460184793957,324.75736956304536,0.23616389462097231,0.008942445345914278
67376,-2.5753391824790386,-8.864290581678027,3.5797496635637227,1.9002760762328954,470.04203201736107,0.18872203265734466,0.008943285125528925
67377,-4.005911051868005,-12.431570933125432,1.7272320963678454,1.28838423328529,271.88235395225644,0.5939680821786508,0.008943654587486145
67378,-7.866248969627128,-10.117021770776784,0.6976972383856952,0.6312604398532006,129.03990781103556,0.44252935311290376,0.008944354464553118
67379,-5.354882065848991,-12.692427674611455,1.5706273624065914,0.7227940266294077,467.8001864782228,0.3311305027360518,0.008945269319077558
67380,-6.731722265946604,-7.865206094946723,0.04255213362241686,1.6243231523178596,377.7032077476246,0.37319656891422337,0.008946324640891502
67381,-2.8290871014842214,-11.19190698046851,3.532204855012252,0.7736530723586201,224.72102387662335,1.0960513308934923,0.008946745844561836
67382,-5.340025064680091,-9.136370090748777,4.569631311186856,0.8786042166688444,235.15512966827143,0.13528216917490532,0.008947813559679852
67383,-3.8631659395208837,-12.785184830387458,1.9250038772179165,2.19422012615766,426.65094037960114,1.9402768621521576,0.00894876988970659
67384,-3.5820523958664,-12.493584398625437,1.6204548487728068,1.1217219161429546,258.6519350473541,0.9208209761493436,0.008949594562895988
67385,-3.632120326494084,-10.268192269404642,3.431531647912041,2.6711887997180774,468.5932864394599,1.1598197016877778,0.008950874019012043
67386,-6.856228407530534,-5.502424645352816,4.4912561231907695,1.0383035901290443,230.2742597772924,0.13197944020587293,0.008951926595838591
67387,-4.04861770954414,-10.229880482260363,3.474333489261598,0.5653639155175673,116.05710103320075,0.16826269074754574,0.008952644332809616
67388,-5.781742057986211,-12.220229539259144,2.6487259815024173,1.0339057095827457,468.2011876497057,0.7754198999504895,0.00895394920135299
67389,-4.055922652707446,-12.93749956167012,2.3453865834588274,0.8788499496610364,467.59904211487583,0.06441039101008528,0.008955445306149022
67390,-6.87550616478876,-12.27956289605267,1.9385495879662729,0.8707192845898695,211.84774632675172,1.0527143433878843,0.00895698652218629
67391,-9.199222504138822,-5.603540173113495,2.4512913098874045,1.0797576635178785,279.4907768539364,1.4351226896138787,0.0089576996091211
67392,-3.2595714162773177,-11.345578788676193,2.819435249024294,0.8165274677213784,468.8656643041106,0.529039678409335,0.008958806948947335
67393,-7.887912611210995,-8.372174857430032,4.023322868790481,1.8609327900929613,385.5483267212065,1.2679318468735046,0.008959184383982188
67394,-3.5234532048014984,-9.026848059990456,4.597514008224235,0.7408949223485097,180.08619115947292,0.5024894492069096,0.008959389922543044
67395,-3.8178057119295445,-10.107443675704397,3.5600014200708308,1.4254257932578638,339.17827913298225,0.44099481673564167,0.008959712999609376
67396,-6.3735005582291695,-12.52836073690431,1.4432955653142887,1.44210066528203,468.0554103632447,0.4691091403419474,0.008961035377725518
67397,-5.274962146986286,-12.614850230027006,1.6831856736992972,2.734825532731022,476.1301506177642,1.4666580958580768,0.008962592540596878
67398,-9.097794175633492,-5.343248512059012,3.153491751041653,1.0463222171230435,275.4031301905456,0.9911362746574817,0.008963249124158874
67399,-5.857903269009849,-12.736610309696715,1.5062077363149542,4.129320620949038,514.9430161079475,0.14474932702063992,0.00896332455917236
67400,-3.535932711509674,-12.402397318109644,2.4509630582389432,1.4468990557035806,322.307635724391,0.3102983884818249,0.008963433800003324
67401,-2.2671625207496424,-12.326494631988071,1.462918759408587,5.145714778070847,262.6803575304654,0.37126689736704677,0.008963719844313673
67402,-2.373097335123312,-11.049028791748587,2.3125926148246982,1.1295465815545733,467.44994050097563,0.30951677494094554,0.00896575737117979
67403,-9.081233631874538,-6.0489667824517435,1.4999416009304967,2.8719520373153724,488.39072654423455,1.4980099072133681,0.00896665624404295
67404,-2.930136488531499,-11.814209029992835,3.009815437543184,2.9893711845277973,478.4493066681528,0.4677638643866624,0.008968171882833735
67405,-5.92715909946787,-8.794228486641995,4.998419319026076,1.01814182433277,468.1599647050333,0.8620560651725588,0.008968275664770398
67406,-8.020245146910632,-8.526639489779285,3.480395444697504,1.074445228483444,467.15695460834434,0.2749701952058521,0.008968975581809766
67407,-6.150243077127779,-11.20277433051505,2.9840152304116327,0.8262489367424852,202.02088008364308,0.1840714313558065,0.008970643887456085
67408,-6.579216879139454,-6.915842446672864,0.9107374966779769,1.7383203188864782,410.2404755152292,0.2007001651006286,0.008970835047590602
67409,-6.114355865649809,-11.84249051487232,2.7477854686392473,1.813695032042796,468.6071129142356,0.9113779562896784,0.008970915509572337
67410,-6.155573749322272,-12.906757085752643,2.509438424317528,1.8828367693877963,469.45670811714086,0.1367768831243774,0.008971254430215764
67411,-3.3873682166000973,-12.944849674853431,2.0307004043090515,1.789401917339243,427.89636686798457,0.9217473873025686,0.008974471907477025
67412,-5.641422960538601,-12.708965861660168,1.6983048364594964,0.8802863881780981,467.7172908079426,0.31354101158219994,0.008974743402097524
67413,-3.0174038546966253,-12.938871515900043,1.5761526270022967,1.6468966680568244,385.71521679990377,0.5518965267500748,0.008976148828710243
67414,-4.598496767303048,-12.477823866938913,1.6947301399604853,1.8651587225538466,467.752816014717,0.2509512477979623,0.008976454323329492
67415,-9.06317789576226,-5.474616876005947,1.0659857729143303,1.7165492052095146,463.97231786513174,0.3068942006444697,0.008976549196961479
67416,-5.340396262308603,-12.691470038457835,1.724223715850275,8.276091883647236,382.0836630941398,0.25626844028395634,0.00897687975161649
67417,-8.245791566047755,-6.662210347791101,5.148476724151272,0.9725234134549953,267.70727502280903,1.0907602208883196,0.008976887812476101
67418,-2.529215863929428,-8.750129261529686,2.067354718071719,1.630779529131723,379.4815105085012,0.12760316379381997,0.008977787666972024
67419,-3.9756098739753076,-12.790187384679387,1.937182704634862,0.968484354948971,227.1805465698223,0.44880744029712893,0.008978304803045721
67420,-4.737877084632661,-12.865360753637367,1.8707611104208786,1.0849792524025288,282.8432476259979,1.5542488510399908,0.008978313295204033
67421,-2.426203857067776,-9.193292924810514,1.395412512477549,3.941113642395311,559.3709684456687,0.6260665240489232,0.008978378889332613
67422,-2.877577562461102,-10.386994386302055,3.8377977939445107,1.1015405224568022,234.00506225416643,0.8343981147879163,0.008979039810991603
67423,-4.196953545121503,-11.043992913174812,2.9597123963799024,1.153522751802507,467.38306663518625,0.31759147510706853,0.008980179370018177
67424,-4.249740647687755,-7.814814664727884,1.066255923924801,1.3251007457816655,283.85247236090976,0.9378932713532242,0.008981273049831486
67425,-4.856319435563003,-11.579353235625028,2.760458777865062,1.595190205754079,404.8002001684903,0.8548777469165776,0.008982039377291697
67426,-3.2191178465288193,-12.648767031283782,1.90805483732103,0.9750850419373069,271.800526615825,1.7653258977210813,0.00898207271005675
67427,-6.5292092959381485,-12.925931942855001,2.3737236706189746,1.1130974054919642,283.95243518041394,1.574299217390636,0.008982671350199785
67428,-4.8327461896818615,-9.831951660310283,3.8250714593763675,1.1665497982679534,240.80784836164653,0.9101571319004611,0.008982921465950639
67429,-6.244560511250946,-12.217594475661867,2.6283913032384674,0.6541534870502534,467.5854591898247,0.4496447996960278,0.008983452630545518
67430,-3.1788525320837575,-10.986953551783806,3.026311687529678,1.3434403453662327,320.22828002772064,0.7535493724864786,0.008984663567420618
67431,-6.206497339415369,-7.36725304444054,0.9110788793277815,0.7631379756259508,440.14985152366427,0.29193548508959744,0.008984890818018742
67432,-4.919512148479221,-11.665065357062543,2.733595465124248,1.0995897336334535,467.97781029004506,0.3577164964123778,0.008985118329734074
67433,-6.920019628694852,-5.074908283669407,4.3757733691803775,0.866469870960442,128.03423007681985,0.34137836735770843,0.00898539112859597
67434,-9.18293519412376,-5.554516930584807,2.6799644036671872,0.9787929725043553,240.23255371831777,0.8939265051374585,0.008987199816345777
67435,-3.104420714309148,-10.617381055615464,3.3078209731183295,1.0961021327221236,285.23795060799597,1.1218094383431536,0.008987217882301453
67436,-3.566257264884549,-12.469118400489869,1.6097613521511274,1.4105013353994298,223.63918939770693,0.05623346184110556,0.008987222855442005
67437,-3.5787748225312743,-12.40077074616598,1.6590555450228883,0.8306218474374667,469.22527821419345,0.16701674880295592,0.008987459720718063
67438,-9.200810211976805,-5.730024484989124,2.2520136099576358,2.7255226548616993,477.05015842915225,1.8340322161497253,0.008988031010835047
67439,-2.428381902909363,-12.719545996463427,3.153767730590227,1.0186032697926357,275.8843128522135,1.804339464971517,0.00898839334292775
67440,-3.2409284024074996,-12.60273522515822,1.888779877621785,0.7306301257498047,136.49475201812058,0.23869855573094423,0.008989667066536294
67441,-4.5141074539815875,-12.091949915956747,2.5656223481633984,1.0546914103123537,202.90641198380746,0.06790026428847362,0.008989694276934475
67442,-5.484579800760246,-12.89016927478708,1.503971840761862,1.4988995471075608,342.9895869728729,0.6774117196323859,0.00898981065107038
67443,-8.179394573589034,-8.313577796343921,3.461103206408704,1.0885156856725555,282.4084422359268,1.5986047142255373,0.00899060508392875
67444,-7.088938003525631,-9.811024187230787,0.15496395888706346,1.0371451769985622,205.89631924876832,1.0120172517482056,0.008990946596986644
67445,-7.3118304441826645,-10.83862858370369,2.065705098323379,1.8806265778674651,467.62860153943194,0.5159189696399764,0.008991108133279104
67446,-2.527708105509908,-11.753615204795002,4.03174323834234,0.9838486496696862,466.4476469941116,0.085928241923245,0.00899256075961278
67447,-4.429891012710671,-7.2961156433722785,4.355301781664567,1.6244314733964054,468.7300034167278,0.6712716057461572,0.008993325071509769
67448,-9.087405876286542,-7.0983589893832555,1.9669008601639344,1.707317777920711,467.5723516379542,0.15820606363538836,0.008994355460969614
67449,-2.827708884438298,-9.036208277927795,5.125023719926755,2.410982504082064,449.7046791296939,2.416569046653925,0.008994810359351325
67450,-2.6630850566312887,-11.709632588372,3.8826503254629605,0.9182516315583341,187.95190564473333,0.8806220116799262,0.008995254594380659
67451,-4.751835916701799,-11.416288621510233,2.8202896252280234,1.072884564858806,246.6385919533656,0.49904763385847684,0.008996292690458292
67452,-5.284946430801943,-7.294701761612803,2.037816279574374,1.1685312898500284,192.3313304212002,0.135639228202999,0.008997142583501065
67453,-6.714147963200372,-12.81559404761634,0.154740809341511,0.8920762342564922,165.7972208364438,0.1105810518606063,0.008997369731178541
67454,-4.327471284236742,-10.129623177668387,3.557973925852085,0.8549513407334495,467.15212984373215,0.08948370049731391,0.008998029063788581
67455,-5.394327101114327,-8.730600084170604,5.020568955535645,1.0995846248871617,290.9296738140248,0.6474732647566332,0.008998972761294998
67456,-6.136973696709412,-11.014223711732642,3.0724153030956107,1.8181398668085045,432.4147188425724,0.5401604159579483,0.008999405006809976
67457,-6.660667812389834,-5.523026462306195,3.117615316458571,0.6817540974986613,203.47870684926013,1.2538968129102877,0.009000390526016066
67458,-5.96275046727828,-12.863768943524095,1.7421287984338016,0.8703393204390376,252.20196691823634,1.1124231748000408,0.009000671913266044
67459,-3.678547198619821,-7.777360425248809,1.2489971314413193,0.9725328434946549,254.89700919966756,0.5912381664424506,0.009001281323545088
67460,-6.34406193603648,-9.835278113625499,0.00901909541979865,1.1819449191805946,255.8960178651692,0.3439691744679303,0.009003295775675933
67461,-6.781743849422587,-5.969308371695349,1.0843547809772633,1.1739881547996796,467.2355275975055,0.42281063872128133,0.00900398047244219
67462,-4.805671843048477,-12.921563401250754,1.90278250473821,4.808819316659385,607.8119451016755,0.38609240654591037,0.009004317760695307
67463,-9.053960840282231,-7.252916196235346,1.987472761207225,1.1276922721703055,466.9898205667275,0.6354291230596258,0.009005887529218012
67464,-6.120202812463309,-6.6658942949999185,4.023808177445797,1.1385518386457067,280.00833294945045,0.2870598387025778,0.00900657336155444
67465,-6.635881094753329,-5.658940921003118,2.9172708771368563,1.0668352506456773,276.6106728006646,1.3182642459396936,0.0090066781306608
67466,-4.414670866527146,-10.10726229726621,3.5710280392062734,2.6522902960434767,470.3416681634913,1.719434287919996,0.009007232812788809
67467,-5.899186873462748,-7.695510245532986,0.7295281874883393,1.4116851642882733,327.72271152941784,0.5258635107997751,0.009007580907001182
67468,-6.451418959041118,-12.64787097879002,1.389212048793979,8.171338401854191,278.53247144251,0.31986271562405033,0.009008308527061611
67469,-4.8652883815764945,-12.636289076185834,1.779840622136083,1.1649896716630745,272.7569840193968,0.9185532956237621,0.009009527653408796
67470,-5.072844373583058,-9.474186389311914,4.1857808257342155,1.8814137465798562,454.2312942881579,0.20269328209001092,0.009009773430660733
67471,-3.361062737326968,-12.702017200523668,1.924079396281981,1.083927924538542,468.0746095727685,0.7162737162542792,0.009010009274055507
67472,-7.784149439596323,-8.377945543489165,4.208034059975643,1.8128673425704793,431.29479039026006,0.5093471293151799,0.009010119521471825
67473,-8.284140185745901,-7.801196781428163,4.073511775851483,1.0795668929176565,228.2648885633372,0.019936478536670243,0.009010292776610347
67474,-6.343392346041456,-12.248088546210367,2.5978573755917593,0.9861368553796551,269.1547809371594,1.3576714857633663,0.009011546343560047
67475,-2.936379081063696,-12.70335234982212,2.8651665871413825,0.9807311215040629,207.33350229545908,0.1899981528410386,0.009013392018746099
67476,-5.483980607931477,-10.833398016688333,3.1490676580112384,1.099265121345275,278.7530578773237,1.3259556882275074,0.00901398147999304
67477,-2.4255433176996464,-11.902035170162348,3.080320562554126,1.8281791613663267,436.99737237529945,0.25479485515100997,0.009014105034025204
67478,-9.017441935588314,-5.609147595169832,0.884522879489391,1.1644195648367757,297.052904723742,0.5176150852456258,0.00901413463083778
67479,-3.5926567121435147,-12.741557309409938,2.3382840333171906,1.333370589116504,319.89927657499675,1.3629326551066914,0.009014989612047488
67480,-3.162272787290065,-12.84210455176713,1.9708003413426478,1.7372972319197793,292.0632252891804,0.08528205333800898,0.00901663687763886
67481,-5.507992823589701,-6.996049978697143,3.589574314931093,1.26476968674569,282.4441915927473,0.42002927425443914,0.009017994762999013
67482,-3.7399341096811822,-12.916798946995907,2.003122745543863,0.6377999559705875,191.50936597435947,1.2472182298024643,0.009018916603511016
67483,-3.1959309182303794,-12.413034322413225,1.6604418341648155,2.763494628869189,469.60143305507484,0.7420727840587018,0.009020148848277286
67484,-2.669736567434345,-9.24665073290259,4.910495199852285,0.8462126923812089,467.1663924336243,0.16789089584525652,0.009020853940851517
67485,-4.522051017480122,-11.874355603958234,2.6318973702253374,0.9693016458920388,254.5903610369933,0.7748914193271039,0.009021424411688054
67486,-2.5324512323246298,-11.439065946359857,0.16618612883251596,0.9966796724509375,259.4415510464947,1.4953146497798047,0.009021950353260413
67487,-3.7551137355857165,-11.411368596599182,2.779962857979013,1.8640714299996823,460.3394222395182,0.4503034958999086,0.009022015288595682
67488,-5.0414647777844195,-10.832451446885292,3.116502746647166,1.6894006589575545,355.39439219047875,0.5849042995138225,0.00902241657012433
67489,-3.545909878629968,-12.5293605987223,2.3904400030184036,0.6914150067022053,142.83811773131367,0.3320632060067563,0.009023093191048846
67490,-6.626287315663562,-6.091337958853365,4.387588538194106,0.8822723346222062,245.57295592215092,0.9863377704418577,0.009029553783083847
67491,-5.143323495055403,-7.2187326770194495,4.559286701647467,1.6314793308885256,353.0746964863223,1.1555727702853558,0.009031972110143095
67492,-6.371402447378218,-6.6881540433697575,1.870908032273292,0.9872053684054009,470.2596927926347,0.029864220574334688,0.009032320639257007
67493,-3.21475062402048,-11.878307846643297,2.6228629310001605,0.9036161555826088,250.34426488958036,0.8882969949866295,0.009032387648817062
67494,-6.342891028797739,-6.969258327333856,1.434859876861281,1.0926485894908202,287.3218860428411,1.3439273147983117,0.00903380017693589
67495,-2.538683600207082,-10.804363286391172,4.169456073520077,2.546996223622988,461.101904614954,1.8200870352204959,0.009033999156770446
67496,-3.154499602624375,-12.461617180283021,1.6424958362766822,0.648832093217429,135.97868676369518,0.15626408064976083,0.009034368743476443
67497,-3.3620488491402325,-12.882765244755017,2.02449193537393,0.9604906232719899,251.17753259800898,1.368723501371588,0.00903502373999364
67498,-6.152056590721184,-12.720580533730512,1.7182965763043574,0.9894700704061593,269.2028287217925,0.6365243896391233,0.009035528350531554
67499,-6.170965775977781,-11.367018505806566,2.9106918843849807,1.2949542411026742,296.012814617339,0.43096297022702323,0.0090363922793595
67500,-4.917406128189331,-12.789098577351469,2.422026225982686,0.834862890048876,171.9576818524797,0.7504410485562518,0.009038933237074083
67501,-7.5082690069363185,-10.378853434881472,1.9906783105012584,0.9270561166023877,241.42501263008847,0.9746542473522721,0.009039691392675589
67502,-3.5656604654927424,-12.428187765628413,1.6334204157107075,1.0356982758534892,276.1590644896736,1.1090806260021697,0.009039924305498971
67503,-6.500298183483866,-12.841481001142046,1.809144648174198,3.1347986795836547,504.2642706060558,0.8644393814682916,0.009040065057231494
67504,-3.7223870820058167,-12.178005526468864,2.5076760857957456,0.8015474825081005,160.98831940982438,0.768184150821706,0.009040306701848282
67505,-5.250539092804786,-9.93117717518017,3.762309356131003,1.3603285106624698,328.8320256401577,0.05835986620859401,0.009041732434373685
67506,-6.450786533526412,-12.24586517438082,1.5303991224121658,1.1480664263219957,468.3251433222215,0.507750299229702,0.009042467075506936
67507,-6.550999577412923,-5.967881628764793,2.913948664238203,0.8318255828088272,191.08912148683336,0.2650363756219498,0.009044948557682396
67508,-5.327524708551225,-9.910701559947743,3.7863689988501683,1.8599960579341284,469.0013714795473,0.3922886392633993,0.009045747901683351
67509,-3.0648817211131405,-12.07389938635511,2.7163700532647472,1.064559857631834,277.74635422250026,0.7780210564217933,0.009046227188222474
67510,-4.5415108527664705,-12.449211543527435,1.6422946687201148,1.1013291154339255,292.6582774235876,0.9678440652143268,0.009046945929351858
67511,-7.483629807997696,-10.49613075969639,1.7519576821908505,1.072395808236985,237.4849699648822,0.032866916989511274,0.009047852893259607
67512,-5.404990103534034,-11.533978493163639,2.817874617802106,1.8403533835728607,446.15472023575535,0.1938640859886407,0.00905078198732242
67513,-6.112925180290048,-12.991709959187302,2.4861968973849184,1.019968743935954,447.15763492223795,0.7820584975657514,0.009051083802198661
67514,-6.7453299038712595,-5.29497612547241,2.1214390846365605,1.0786890750234976,262.83976423683964,0.8605669200821584,0.009051416963418714
67515,-2.9724819404175467,-12.867973030167558,2.7194457538635275,1.4944244173030106,337.4139289899559,0.12989071265643215,0.009052888644047581
67516,-6.74955168577742,-12.773778235827011,2.127193138283364,1.6216922778844578,377.5153993126882,0.001231937512401693,0.009053228106371136
67517,-8.918447221170796,-5.522934096151476,3.769129067769236,2.2644369204018675,432.0535230889552,1.6412092172486483,0.009054073041509115
67518,-9.036555592653167,-5.9912540086752495,3.4421618286927664,1.927085554030116,397.3227354584092,1.897585548008875,0.009055510766503154
67519,-5.662775807916842,-7.661692824897293,0.9226292272340697,1.156648409318432,290.4805712065492,0.32378020121077977,0.009058120855381262
67520,-2.822228660120322,-7.826343294308064,3.5806813355167844,1.1238449475586536,270.9664596955569,0.9202078851280229,0.009058758228032319
67521,-4.465447279371006,-12.957615813842777,1.9428703364048714,1.3330146555862898,320.17442226351676,0.7442184398681908,0.00906054837113486
67522,-4.024081418120609,-7.275189844579687,3.134037157772578,1.6554347568074683,388.82532862913314,0.2886558024647803,0.009060624045503904
67523,-5.073066863428376,-12.6888120405095,2.4642057101476524,3.826356481253335,548.6605553201262,0.5018896622900089,0.009060672844922832
67524,-3.6110165437291064,-11.683130954825572,2.6649797718671393,1.1302000742149436,189.6701803132324,0.13778663456519968,0.00906139665464312
67525,-7.750833336928123,-7.9837630561411,4.8103313028590975,2.3909226078182084,446.8816186426927,2.0736094755388033,0.009061572922440664
67526,-7.360170211272963,-10.972726742752009,1.2630455408027492,1.7804456399090247,420.705711556867,0.04801178640717385,0.009062221236911465
67527,-7.214221031607928,-5.052714043121229,0.16535666752187755,1.6700324212967272,363.74619759886633,0.7015820603723357,0.00906234150333881
67528,-4.750163224009157,-7.471696639000639,1.9013046166648,0.8513636512343512,193.08102264583047,0.9616595562979695,0.009062431452993907
67529,-3.9540419815142593,-7.272194143599024,3.2031675271279836,1.4754287883617365,345.55397892905387,0.19212424207119572,0.009063648308176901
67530,-6.948913647818813,-9.054920961116075,4.404268830394015,0.6568205554153048,123.95595547414862,0.1647888532573445,0.009064026636654223
67531,-8.34603666423165,-6.213013968751773,5.0261602733568065,1.0145617863718461,242.99299462783023,0.817587200622099,0.00906446170140106
67532,-7.065149709557437,-5.174441809034593,4.887258988119622,1.6925700767257186,468.4908211695212,0.2546914898904573,0.009064934717757723
67533,-2.5582892364335468,-12.954267846944045,3.989427096095402,2.9368421739670265,493.56703907892035,1.4228569886282623,0.009070248259316563
67534,-6.050393806236439,-6.696250027741297,3.6792953339633585,1.1137441978215754,293.2145435889758,0.918598514522599,0.009070995164217954
67535,-5.559573129300923,-7.024685335253236,2.8930287528487892,1.8214336931730475,381.8819166299263,0.4695711540390226,0.009071986358028953
67536,-6.795439442529891,-9.49564017399119,4.0147947615381065,0.8863167367295268,143.80343369557752,0.21326026188859792,0.009072170351103775
67537,-6.178043386014057,-12.5439155785471,1.6589534101164074,1.256080158550426,272.86063387762715,0.3063114495389474,0.009074911210542965
67538,-4.585463779448439,-11.806913846787134,2.6531439473815017,0.71716863367326,146.91167931759577,0.47793042726237633,0.009076047311479901
67539,-3.123404675951118,-12.650890688924417,1.8665001926804483,1.0897226382843395,461.15022318266625,0.4141001918202143,0.00907621035939348
67540,-6.004643895266484,-12.79459801422733,1.739679235895328,1.12499807863383,181.79264327020707,0.1562362595953415,0.009076250833424594
67541,-5.400988917639518,-12.792153745187402,1.5166544688137578,2.5731683013343094,464.7566302413358,2.3386523712418983,0.009077435146433596
67542,-4.986481886186061,-7.239257411151634,4.482461498455497,2.6279655710676626,468.67131218072564,1.973069621437908,0.009079203039655342
67543,-8.946158385671986,-7.5841427587316685,1.9181925993984688,1.4183903830858096,321.65400536826496,0.09033101447380432,0.00907947838998148
67544,-3.2157611166991025,-9.146115666450468,4.5015499725507295,1.5829268258555653,362.2213045333176,0.45227673608109153,0.009079690213750036
67545,-8.102057774754961,-9.498009806670643,1.0950134449604891,1.1373357860638529,467.37715710760546,0.47789282628313146,0.00907983495810869
67546,-3.2523842530865608,-11.552269052866706,2.723200489287948,1.6085318632903256,372.37480163642226,0.1499431372014346,0.009080876216660582
67547,-3.9935610905994405,-7.419107306444683,2.2333334236980824,0.9387303058077998,468.348348255924,0.4612034987768201,0.009084088686858198
67548,-5.851199503636842,-6.849476986991403,3.06336081462112,4.256486615533649,482.79374529362366,0.06626447018789516,0.009086007773187642
67549,-8.318800020107826,-9.035532884226171,1.1323817485408958,1.4212519546933673,468.0218771537904,0.16795090238114518,0.009087028475194438
67550,-5.85534988764696,-10.161790576106263,3.6107729080801185,1.0913457176421528,216.47918734337938,0.06302848637533476,0.009088244159751757
67551,-7.029810797508709,-11.378206065336105,1.46066309093448,0.861129462272637,221.07056133822036,0.3545409628612024,0.009090833319369883
67552,-3.7832326734143447,-7.42757044283202,4.721397965464945,1.4726972249916965,468.2097829599391,0.30538033198607994,0.009091093563075242
67553,-4.10878199343631,-7.583562194193405,5.1302670416532115,1.657657207107297,386.3198901465495,0.45627790253618894,0.009091250132150699
67554,-4.586730438034559,-12.437401348106867,1.6402678825885104,0.8489810852473043,467.80754529345137,0.20579312971924768,0.009091850816228847
67555,-6.7776444617235345,-12.719389525954883,2.034595993506743,1.8837923922123017,467.1837138870776,0.03595054374689344,0.009094445991188811
67556,-6.49043386877526,-6.897226755719832,1.0960720300301858,0.810214140401616,221.0310792075172,0.46764745280737596,0.00909456184114535
67557,-3.2628181036986605,-7.337211768565807,2.7680938459820226,2.6448418072588398,470.91528205558694,2.1819876122023087,0.009094821102255929
67558,-5.955740743010959,-12.022393317639256,2.688721034937669,2.744499299546526,310.98036382685996,0.08724043347321508,0.009095582378890197
67559,-7.574051357839713,-9.160349283428538,3.4648911459883163,2.7189853180122685,462.470743197004,0.6345899689249928,0.009097189454539613
67560,-2.5082984867996583,-10.201155545951002,3.972193941778315,1.4694051314553245,328.41930982229366,0.13005348802580752,0.00909890693050062
67561,-4.343778896285068,-12.495290543148444,2.4283634706128954,1.5694046077984027,468.2766686598777,0.6263525308978783,0.009099674012099908
67562,-2.877086446025352,-10.777215557037472,3.5917251794060556,8.876641950185546,749.9083997544124,0.2979486949634813,0.009101266685575331
67563,-3.0744406532916653,-10.297108300239366,3.550788761208414,1.3544774503678605,470.1821324290745,0.12684988222153226,0.009101732772144797
67564,-3.9580766794564415,-8.077320004289586,0.6758644160793577,1.1109587969108172,294.55918084359655,0.6771142594286967,0.009102122739600997
67565,-5.119193661590076,-11.230607017017816,2.922532151785598,1.7963158721931887,376.56983066672814,1.277688994639516,0.009103096641799865
67566,-6.45162412086675,-6.8332760440100975,1.4491281243602612,1.6982613246072142,361.84298168210705,1.0743908076359352,0.009104090882085369
67567,-5.786989304155014,-6.910625567180575,4.121185551116704,3.282866534701846,514.0658385541634,0.7528707980804237,0.009105852809528437
67568,-3.9582821601106053,-7.451566746064157,4.815628266410989,1.1563581467238628,301.48458741661403,0.5574620521597344,0.009109072586744342
67569,-5.118259729140779,-8.949983854083559,4.747743933437312,1.4982469683810622,468.81688134432625,0.8047472887387732,0.009110554367721626
67570,-3.169170873742134,-7.426667837916203,2.399984603031707,1.082230084827528,230.60177166514072,0.5318155230924253,0.009110971532356744
67571,-6.196076032857103,-11.339290732557442,2.9130255376187875,1.0143404227076367,220.83307295167373,0.15347546541873935,0.009111758392463669
67572,-6.834773449681824,-6.286078920541275,0.7911293596914447,0.5739509412476624,118.2403928887389,0.7245010208185221,0.009113216918409248
67573,-2.652989482048959,-9.34576122782351,4.865711534894465,1.3722393441754375,302.0222869745704,0.931701718183148,0.009114285028270792
67574,-6.367815303452371,-9.466176270327471,4.210731815816674,3.3438942565238277,520.8002045292164,0.8350634344057495,0.009114358270908864
67575,-5.9970847992077285,-7.299939703461207,1.352278005399871,2.5638948494435616,278.0298037848972,0.11602832005934882,0.009115061709118355
67576,-3.8775952856730553,-11.040505665391485,2.9502998867744483,1.1577964737655537,295.65371077225245,0.4324156102465677,0.009117482293541458
67577,-4.078639255912506,-11.73105049569893,2.6530883543606905,18.932050972621674,706.8595726609151,0.06395066431442853,0.009117649180482957
67578,-3.839449386169669,-8.151372790094397,0.5758194592234755,0.9917690100531957,256.29481878137466,0.7105010953287314,0.009117710147946686
67579,-5.009358585663157,-12.770154957601646,1.851112643400135,1.6368552545855977,383.2239927289572,0.23018614760339506,0.00911784710696169
67580,-3.2779293572108585,-12.470148574402021,2.401272622521475,1.4964216574306455,333.995747534753,0.35741570382886234,0.009117897345236178
67581,-4.497067280462003,-7.375402153457735,4.709387602989383,1.6597561915048749,468.531765198671,0.014897933766943261,0.009118617147709347
67582,-5.873103407425509,-11.77292019041809,2.7603075585696106,1.1640128621120185,300.9859413395392,0.7264396870496155,0.009118766699840814
67583,-4.799349118380159,-10.922402682663677,3.043986441650677,1.0031689196102833,275.93052854796025,1.1825804820967116,0.009119990561332586
67584,-3.1852722113007648,-10.613911783171659,3.227354725453344,1.99366203363162,404.1099086894119,1.7856365923968687,0.00912026124341839
67585,-8.476524571763823,-5.962138211255545,4.779372049267973,1.6283567715746932,377.89161011934806,0.7851056345120062,0.009120470149840569
67586,-2.8167564457809853,-8.449179845823322,0.4398641715879356,3.664534439131729,361.70169021113395,0.06877323163934079,0.009121706229279469
67587,-2.3556060516404163,-12.617911466567977,2.302089419338249,0.9349562463041137,468.58302756163056,0.49425840633914486,0.0091217301364704
67588,-5.99569070392706,-12.171547233535065,2.6480120712835866,3.386459208728225,526.5756510429838,1.0449435065148451,0.00912187017729241
67589,-6.822510965155527,-11.281063387500694,2.6564696674454797,1.898885527048345,468.1084117116924,0.5823654406633114,0.009121920581328841
67590,-4.988276599596818,-10.57441430431125,3.2597181972557854,0.9294494806070867,184.67099687873517,0.2546709390983031,0.00912291261463565
67591,-6.9069165671746315,-11.723900430589994,1.6962649440642588,0.6862430306050923,138.36846309667905,0.5713582058220608,0.009123879112436855
67592,-5.488621607345438,-9.780193293608747,3.9130970405354226,1.4092190237502311,450.3084839664759,0.834393913155349,0.00912444039351163
67593,-7.07319282735874,-11.33122348399927,2.246172054117481,2.6037750819024037,463.1174517544411,1.3396926043807467,0.009124491488133518
67594,-8.00847046080034,-9.324551153989152,1.985038362670322,0.5009495150801949,123.14962849531327,0.7251901824894045,0.00912457712428983
67595,-3.8881843001387297,-7.420968056058997,2.2855591377549906,1.8640967595744093,447.77025233592104,0.6188973170145866,0.00912490652258232
67596,-8.595917869470238,-6.51795177178618,4.529968157849171,1.2383828508905388,271.16616360778096,0.8073258728527444,0.009125037491115304
67597,-5.633049094819481,-12.614559653659512,2.5227395178610887,1.0067154517194676,196.62547717106486,0.07218118198630563,0.00912524057672837
67598,-4.372015308769573,-10.273451591321232,3.441667118126041,1.473359932972531,380.9002392651356,0.15172512569579855,0.009125707812278951
67599,-2.3515201892904383,-12.784042355392165,0.5416020251559451,1.8895916755276534,388.09118422258956,1.3441015187612786,0.00912586398917546
67600,-8.537351754415337,-7.431005014559853,4.016646846362004,1.1412636530900497,468.15307621853174,0.24254816303521842,0.00912603202064102
67601,-2.3764848117536586,-12.626671188193761,2.5608535537815995,1.21788990547494,306.8351078684006,0.6691794018509762,0.009126292217010027
67602,-6.983894112679566,-11.670592980217753,1.779365931535076,1.380244257265199,332.0389375181486,1.1029804597159822,0.009128709792974669
67603,-3.648489530639633,-9.729202232017084,3.8677517512847657,1.8482012690196326,443.955766383468,0.6387553341973193,0.009129905554408785
67604,-4.323185003313592,-12.855956809574415,1.5045661708101665,1.75507964264183,467.8245763406229,0.6263694244753948,0.00913137475188038
67605,-8.228441569862722,-5.903089511855871,5.177936214945848,1.0589630845851583,278.5791495194567,0.8664191048663588,0.00913145868741084
67606,-5.441610633571184,-11.916895759925183,2.686432153852414,1.7613959933205292,467.8838663682094,0.27284214490271985,0.00913171020661172
67607,-3.7107779475096825,-9.863770993894494,3.7546505449201035,1.741885850123127,370.13897235825993,0.36754480558275127,0.00913201579093967
67608,-3.1563176631237413,-7.375348433009332,3.938283417950229,0.9924807326473871,258.79994946314855,0.9919576088735171,0.009132399134961186
67609,-5.010837338046194,-11.491350522041458,2.7982316176347073,0.8194243003837108,174.06609237738036,1.021114269997482,0.009132669626562666
67610,-6.507064037806474,-6.6514101008704305,1.5586468989907512,1.6203475910688205,374.473248349937,0.5729301355540359,0.009132991083073883
67611,-3.613493723896678,-10.497492951289935,3.2628680849917626,1.663488206209802,468.04816183161427,0.31010522351763736,0.00913309993416566
67612,-8.604282870352717,-5.226269202324598,4.452252784285453,2.0750765067230237,406.5823179242667,1.0758008038330216,0.009133604634443192
67613,-4.860960443105497,-12.934811536040048,2.3727331537757324,1.399963815870289,290.0735251875782,0.2299449184477238,0.009134066317331288
67614,-2.3431341681169986,-12.294281118552053,2.1656500773826104,1.2910099455038253,282.1600890627456,0.22576119839893138,0.009135525818426584
67615,-6.0715430694800645,-6.845281745842898,4.642844292359067,1.022621847929262,241.26423946121716,0.177719910147772,0.009137141908490732
67616,-8.321500727707148,-7.7967768741203765,0.46478961270622493,1.440470176252452,468.387288263164,0.14152368569356621,0.009137185010717025
67617,-3.642972387706216,-12.893592803401278,2.2928737756362043,1.1276991222888242,291.3053182903489,1.1814080782223533,0.009137750976298889
67618,-3.360519283244443,-12.870949699210048,2.0488071455351116,1.215369873642033,236.25234043244325,0.00941122007449291,0.009138052972048838
67619,-4.361014982115816,-11.533572047461417,2.739478503406719,1.0114225108587462,267.316076105018,1.4150757838075236,0.009140136624137672
67620,-3.454834915181488,-12.514649796568996,1.877764061563035,0.8551339877396155,445.84012987343243,0.5133221215866461,0.009140704904917377
67621,-5.992659112389168,-7.271382433156084,1.421932322747123,2.341260624143378,441.2063067017738,1.9629499877420127,0.009140812344542648
67622,-6.248859266998638,-11.310174805048142,2.9159280146352837,1.625178010767215,379.3264636460124,0.46516417860374215,0.009140929728847008
67623,-4.851840746449383,-9.257320655786529,4.385022132679281,1.165973336252311,468.1982206666522,0.7610107493887126,0.00914402832313758
67624,-3.6958546856703425,-12.83376208717582,2.0199350250919013,0.9474663664216102,186.65080842062474,0.08494315886083204,0.009144052869989823
67625,-5.632836277912098,-8.394265325141195,0.14402555819069174,1.5902593796424727,468.4176433411,0.34949484456119073,0.009144533106832418
67626,-6.015660013645102,-6.763409657250589,2.911724396593496,1.1113411215577251,228.80776441265013,0.2918282064551425,0.009145363559662941
67627,-3.2065091354469297,-12.918786440952516,2.3182867699486884,1.1032239173654474,273.86317479336304,1.3074362617638604,0.009145683598186235
67628,-6.088230796133877,-9.814618657117247,3.898745830788034,2.8517514029671993,488.36681794897896,1.9218439096212565,0.009146639319050041
67629,-3.357362575529839,-7.684637503128453,1.520688002455179,1.7170370078432027,467.840430441894,0.4082128199242092,0.009146639765381496
67630,-3.490851915178319,-7.317098598813331,2.8726908340343154,1.6489204661898909,387.59713616363547,0.6312838133701044,0.009146886253560827
67631,-6.221100350801452,-12.584422515928042,1.4608664176601722,0.7418688553662851,465.55505675957215,0.48117576358185676,0.009147400493685487
67632,-2.7868512013335955,-7.836155193586872,2.748156304978972,0.5836205440600983,122.25628212573797,1.1450421266606652,0.0091479559139238
67633,-5.42834856595973,-12.62569437556254,1.7305516342459741,1.0673183528089172,219.59050359672574,0.3327618708847515,0.009147956854219477
67634,-6.728768672704337,-10.627610545615669,3.102169456658226,2.699753162154129,469.25604675965474,1.063028745164793,0.009148579844354495
67635,-6.605197687629339,-5.9796302331738085,2.1980480970362968,1.4900562938222877,468.47144499837214,0.14423217857786863,0.009149001482825945
67636,-7.374760832876177,-8.608190424432841,4.520371479894608,25.87633273088241,598.4800078365992,0.114947117373009,0.009149255367080455
67637,-5.7510580771225825,-7.530363910511754,1.118042209997993,1.8094891780158877,430.6387398834262,0.4515897403776066,0.009150740716079325
67638,-5.554825798982052,-9.188161983773853,4.5195065748352405,1.1615160974826024,254.63069822245313,0.2740364303426963,0.009150778987884084
67639,-8.79069418132655,-5.804984912008803,4.113428612782196,1.651156751826058,355.0228744528645,0.6573778989290933,0.009152981276449923
67640,-2.984610935282486,-12.914772148637358,2.6787708749901746,1.0219811280632471,261.49056578316805,1.2124980639630873,0.009153739035755936
67641,-5.679702695920098,-7.400159503119368,1.4811288055258096,3.5807850764099727,293.61803694011945,0.1648937055965467,0.009154441895524511
67642,-4.181985045684133,-8.864928225584766,4.7720793875419725,1.0943615213374756,467.77447420137105,0.4236166657088729,0.009155641517436966
67643,-4.290255519893712,-12.419268304723058,2.4355320950159096,0.8728399882166299,468.6042206395208,0.8666202700909507,0.009158647839774433
67644,-6.427752337115713,-6.458273176450164,4.449866884939915,1.0547068804276245,270.44112214122526,0.5574776252906561,0.009159066205649762
67645,-2.425285076137188,-9.657751898374725,0.7434155277172911,1.0544507811496826,467.1716133438382,0.926814542903398,0.009159667640438825
67646,-3.3045967392640554,-12.982138205060178,2.0934357391078677,0.8728452153769575,468.112434719233,0.7378730305014676,0.00915973770678047
67647,-6.034927494117169,-11.534848253111184,2.8405491945149777,1.8951667649432071,468.1489024424079,0.46410218663417435,0.009161483805093388
67648,-3.3812290417849606,-12.557050514198973,2.3714681142948972,0.5061482367746826,136.83691520154835,0.9362127976779115,0.009164211147794043
67649,-2.424613504117704,-12.334789554002805,3.0879346820474787,1.1322128355182033,264.0529803885388,1.1218683365665187,0.009164486689637602
67650,-6.48940741299992,-6.152387094323931,2.82870893005129,1.5071959786110503,339.1290487081873,0.41705713797006005,0.009166578169711993
67651,-6.219372712606767,-7.247460173061143,1.1407792307889733,0.8001161653088488,179.10304911006926,0.799631572016497,0.009167355455632962
67652,-2.979025222362237,-12.804244569714376,1.634862775611521,2.324045328015362,438.8806455540943,1.7269022486394148,0.009168280280427623
67653,-4.765388243782786,-7.559973435283112,1.671496617923052,1.7553026232076199,467.6633066592533,0.784818982173805,0.009168516920660324
67654,-7.273473626105491,-11.6453907030368,1.1192102733857034,0.9817608074881842,266.6458776969542,1.7072675183586368,0.009170860666672945
67655,-8.083258606360715,-8.739979032365326,2.911876554876289,1.8317478469268627,469.57581230377264,0.003243792877227314,0.009171870264015863
67656,-5.753507716918565,-7.100014441176362,4.865819759277532,1.6010752281439529,468.18833978320686,0.3823627146524311,0.009171882161574118
67657,-3.5967462419186456,-12.860915445364755,2.271071641672337,0.582965664893727,120.46770791363701,0.13626013614819055,0.009172808479740086
67658,-7.004685931034983,-5.480683724199397,4.866855237705105,0.9426685404860781,468.02877445302465,0.029675487466190198,0.009173412939602096
67659,-3.1027910912464183,-12.642263090692191,1.5711322496353444,1.7795973438007249,329.3563046566921,0.12369598700219164,0.009174989839683276
67660,-4.4427143113477765,-7.283743617346481,2.778228202118381,1.391473359795946,320.823274632286,0.8478146213970454,0.009175276515937716
67661,-6.422078591392866,-6.312908086877852,2.599638797914045,1.1675890122047003,470.192879670855,0.09373890599650014,0.009176033779231589
67662,-2.70150782349687,-11.864961445219343,3.6967656324856306,1.0129923330081658,467.34609665222183,0.43160682931034433,0.009176659485976983
67663,-4.149782415995865,-12.734020561877834,1.9523188332198227,1.8800915946522465,389.4789458392057,1.6617515008136206,0.009177348352497533
67664,-4.575149840865266,-12.925061749965433,1.9556870143792444,1.1925309356423617,305.0068494752853,0.5491481447171784,0.00917751762557568
67665,-5.1830262065769706,-12.4988784184371,1.6234715497554844,1.8929970546477881,460.9757256515883,0.5443140766679173,0.009178154980282207
67666,-4.574697087039143,-12.529564674958692,2.4220901939455306,1.588065057793465,364.3501543770592,0.043391559859146334,0.009179392390649573
67667,-2.996896977768321,-8.678358510147493,0.20870431887239965,1.483316534974428,467.8349409351404,0.8904173154672543,0.009179841703564687
67668,-3.731679386343809,-7.9822777709274355,0.8188113679252446,1.871731820867841,467.8161343127397,0.41058612855116206,0.009181348316670085
67669,-3.1203567244512946,-12.901917116779448,2.41549307010059,2.696298005114428,464.34714644390505,0.7898167685973867,0.009181762194476549
67670,-3.9764856496195824,-11.678639798449343,2.6617675211564205,1.2120129005540305,271.84965937853354,0.4077441460328748,0.009181842669680553
67671,-3.4958721923950744,-7.579279254628248,5.0495669106199195,1.9014983006257558,459.201359414278,0.6292031612875091,0.009182280823478797
67672,-5.396971492580603,-9.209795307979121,4.476684970702872,0.7953860460070797,234.62842053650235,1.3196936636829157,0.009182649064745042
67673,-5.8129609624895275,-10.960571970328862,3.0910997238679516,1.7227967573181402,371.2244462266408,1.7167556369893626,0.00918352742309527
67674,-3.3008178739346814,-8.827589835341078,0.013462236375475544,1.0010822428229904,467.3132217929059,0.22960795289169322,0.00918528487349313
67675,-8.829419542745715,-6.910983686687302,3.8129203999342645,1.0755098887531882,285.85638661390664,1.2558373245438617,0.009185473227219644
67676,-5.864993285965434,-12.870101582974087,2.4921548583061477,2.206904364923945,425.8934316664795,1.5903799971192685,0.00918565961287813
67677,-7.585601602738465,-10.945778597169397,0.5598555200859824,2.289612870105459,437.21654003356184,2.323572117032559,0.009186232118233422
67678,-3.9143431570476945,-12.448510000615617,2.400177052521502,0.8598903294393772,196.67629369298902,0.843325361249259,0.009186612415197545
67679,-4.3827521347281255,-7.775458454923938,1.167439877601368,1.184999379577591,298.9240896042426,0.2466014114952575,0.009187763110813782
67680,-3.585613542035148,-12.7953884231322,1.9944468548310152,4.610008229702268,597.9797968673646,0.4595960725376669,0.00919089856256846
67681,-7.639748245404804,-9.878547622450224,2.3061200835601987,1.6496768611460255,388.1783801369421,0.34879843636550145,0.009193252773968106
67682,-3.707264275488413,-12.402104371661808,2.403806535794263,1.8885247363033895,456.6965631617227,0.15889789349672512,0.009193555620570807
67683,-6.754323485353679,-5.152360865321579,2.234944586867317,1.067285011362666,287.3785814647574,0.9840250857433945,0.009195065990622812
67684,-6.574223753033717,-6.406619497121616,4.797831585495986,1.787302837091428,450.5825043856262,0.08668041387359704,0.009195790011071119
67685,-2.7189573072757414,-10.83271506736938,3.9755031441695032,1.5576538232541015,343.07775341019016,1.1335415106747027,0.009196147551154221
67686,-6.236961788614059,-8.659913276355743,5.136041963330662,6.700623973272617,641.2415956229792,0.17258256117743098,0.009196198684006422
67687,-3.81198549190358,-12.775006678446244,1.9783083240278954,1.3052728656506314,290.63833284217145,0.16003101844196355,0.009196443656591667
67688,-4.730963690739287,-10.23238761203433,3.4843508049864766,1.6157137419904444,467.8480604465326,0.38131665944904736,0.009196836766576332
67689,-7.669673855710613,-8.94135818295972,3.580723854434284,1.5384924518445957,154.3284948953752,0.39274068299935383,0.009198023145445069
67690,-5.971305064178499,-6.952305103736643,4.7456876115994,0.969599832129064,267.16414883683416,1.0971256000994485,0.009198780973391402
67691,-5.54073910728955,-11.397643775645784,2.8693602147615773,2.5957054629408955,464.74072907028017,1.6746626192677097,0.009199375311385656
67692,-5.350002486535978,-11.377934195925075,2.8674655444987818,0.9133065855603787,237.89368853939573,0.639857899687331,0.009200263709085171
67693,-3.3936962843318517,-12.767414138164632,2.303676351370427,1.010893539935357,468.510113984227,0.6530846483644481,0.009201045163405364
67694,-5.126074506631292,-11.99784342186701,2.6165756645220273,0.8048461769079066,210.28027758865048,0.36147211283690694,0.009201575976378756
67695,-4.822152290036747,-11.086281844769697,2.961831236332819,1.7254798682910333,469.2202039207443,0.17586791139522262,0.009201638641199881
67696,-3.434590824999809,-8.888545866403113,4.721451711943169,0.787616468477673,166.91880095718034,0.6059821891458421,0.009201960236400923
67697,-2.499076151590601,-12.591525778044456,3.8525370340092393,2.1896173262415655,194.13643631778,0.2934604202398132,0.009202837393687014
67698,-4.982063825917197,-11.434051052855253,2.815197287903007,0.9059584113439025,146.17159889522964,0.3869464979351269,0.009203094857192872
67699,-5.979986943626335,-10.847391340710555,3.150405408997756,1.3902423675568218,302.759733103071,0.29568615267272946,0.009204650399151004
67700,-5.972419382538116,-7.138532051278916,1.7390130363044303,0.9823585349680818,270.4440442747867,1.811526551200318,0.00920483515210685
67701,-2.4615747325216732,-12.236509287259956,3.6322606106078723,1.8396094183751783,467.51092445493344,0.3736317384944865,0.009204908303382182
67702,-6.225497886087318,-7.316118983773656,0.9733551095246853,0.9228173862926521,183.477108638357,0.0313712829748507,0.009205044696852675
67703,-3.244279919677936,-12.892231456008492,1.4986438885979623,0.6646416177352769,198.17287027865055,1.1599815850944895,0.009205605228160758
67704,-6.028317353662022,-12.783952686711165,2.502489259784089,1.626210137218226,357.89667242043026,1.6495250823054244,0.009205828687568402
67705,-6.900496273404006,-10.280166253448444,3.2148293888124746,1.0071244815126181,148.0419590261519,0.2389923171959838,0.009206202738103087
67706,-3.040366167288566,-9.942048048577087,3.8754771179386167,1.7489349416001583,468.2300217194904,0.6871131662597643,0.00920693955861094
67707,-5.893221512745084,-6.9670939115848265,2.36189383322645,4.058448159116522,208.26886988180289,0.3840187446711054,0.009207124253131756
67708,-8.002694760796604,-7.523513719632036,4.950224639025501,1.1877723019742394,467.3168241200586,0.34206107819815923,0.009207814272930019
67709,-3.840680801396797,-12.31811743127807,1.7403766300372676,1.6447256024394847,384.8498761785394,0.3735489675454202,0.009208053948999276
67710,-3.0920396711955442,-8.597048423714616,5.152013841747197,1.0062510150739195,270.6394108852061,1.1110949035033277,0.00921072949499048
67711,-6.005485440102635,-6.956093422357554,2.1373841429758835,1.002331508842809,276.12344341067103,1.5682481464220759,0.009211583558681607
67712,-5.57840016554482,-7.056737663210877,4.400344756717211,0.9881085727033598,271.41365519401194,1.358188541438694,0.009212394530873018
67713,-9.160800657152816,-5.2490297866758135,1.9629211157885111,1.6570040728328908,391.530933194092,0.4178529048054118,0.009212583932289993
67714,-2.558112843565455,-9.255134332005658,0.4109758721114179,0.8535926651597133,197.80038481869357,0.6058699375447629,0.009213802275179851
67715,-3.2629062098154717,-7.596363236212207,1.789522029596662,3.4502454219360787,529.5184936233353,0.9024472670178003,0.009214127993581279
67716,-5.072586837908822,-9.842012829508786,3.8247808546936204,1.117071678565573,467.4272963044108,0.6668567369758689,0.009215668670751761
67717,-2.988223605049215,-12.168014009713827,2.7853033282522275,1.7111770503483998,403.5247018485004,0.8755403151650212,0.009217028999146814
67718,-5.6586882211521115,-12.619681722837989,1.7290769958470074,4.57753734262164,464.26526314319443,0.023220543782974445,0.009218542341062926
67719,-4.976639405665023,-12.508916681110835,1.5850836118023142,0.7566644259983349,219.16265581418784,1.4088556291397705,0.009219178677791356
67720,-3.3887280347889597,-12.305174043293569,1.7172045895511348,1.3667388313724882,383.34603664171095,0.251729221023,0.009219628473689883
67721,-5.277865827817616,-12.497810981082969,1.692943250803777,0.7724596645661185,205.9304319257142,0.8818346960679309,0.009219702599062796
67722,-2.6947442900683853,-11.936219295252691,3.703521464373838,1.6167458390829315,348.65407184056534,0.7327003068410862,0.009219845747400588
67723,-2.4515179413022867,-9.07745336624911,1.531159202516189,0.7722730566307737,469.3749383445207,0.2383575066559942,0.009220113964634211
67724,-5.030580393896624,-7.17456635447177,4.083590357865732,0.9970013363768853,197.2565789892209,0.6535719758071403,0.009220292678750276
67725,-5.61496348802507,-11.216580781055569,2.952255723432314,3.0607290740689255,504.92703479179835,1.6671942501740284,0.009222237498879014
67726,-4.671511291581614,-12.557450729515558,1.8310162257579314,1.8005707175352197,468.10818212622263,0.7354819701726214,0.009224013466811598
67727,-6.044992875630989,-6.86535681711839,2.297210818693941,0.5187426439906677,156.02109178336391,0.457820269998364,0.009227214255232308
67728,-5.289857892349092,-12.551922452383511,1.579084999516879,0.9562303250763275,293.9192624440639,0.2952914092241814,0.009227608346536137
67729,-4.451952450069659,-10.656089821120167,3.1698938211279186,1.9027743045976928,460.33360494143494,0.5657067403276912,0.009227839011282164
67730,-4.098147120601114,-7.27876977938562,3.959052764533721,1.036454245851183,213.50457687886154,0.7276866991194408,0.009227945155365064
67731,-6.9760887475123985,-9.370036175800895,4.009113337223035,2.174577188773665,399.5882347520717,0.4932349430079297,0.009228423791493382
67732,-3.5171328942519295,-7.474128486051252,2.1340775682616515,2.8931063878554824,492.0588016961653,1.9662600062411775,0.009229011940201053
67733,-4.082662025649457,-12.876801949112547,2.2879043860309234,1.2502006369028957,262.45814170907755,0.19911967825366172,0.009229224778199192
67734,-5.000789030330007,-12.62124313393781,2.4493344034164926,0.7783455520165752,467.8722330145005,0.33497085969601414,0.009230438215818901
67735,-8.836441778077079,-5.825801900813069,3.999344161787658,1.5187495503319557,409.53827753463395,0.11319088689765255,0.009232549726013391
67736,-3.0089182778499133,-7.527556861345687,3.7415817106907685,1.2121230129756848,254.78376079845168,0.026727847188924514,0.009232881356576211
67737,-6.1310010167482,-12.819031401810323,1.7697419244774364,1.0677407322215344,467.8673299605544,0.9216796766980453,0.00923394224712994
67738,-7.182679543778344,-5.230173571914126,5.134598298263907,2.48037962866226,446.7391223179995,0.9464206775206181,0.009234160165551505
67739,-8.643701414886586,-7.9929026987766925,2.6355352597723885,1.8825823016794407,452.76397465162324,0.532418368022042,0.009234586910843405
67740,-5.75668628081199,-12.41555339119232,2.563865067881683,1.1332658847714567,242.81140256169596,0.4162989836093338,0.009234762046246122
67741,-6.023601566075084,-8.763738798339805,5.022223558771328,1.7835027495425382,469.7112536527627,0.13325712156800318,0.009234983354888596
67742,-8.57999903776437,-6.278347782222424,4.583239631348776,1.7601578740492014,416.1591679987024,0.025185226136959393,0.009236173859060176
67743,-5.334649729320834,-7.071851036930239,3.201289235840922,1.2817839958610364,451.83079547038966,0.22103661900844163,0.009237755365035896
67744,-4.894942362826713,-7.431428642790234,5.018007236693711,1.170758897691312,296.9379046538074,1.3940713063689225,0.00923877591400766
67745,-5.281255540853783,-10.282879447484307,3.477059684967921,0.9386650086472816,247.2932197850306,0.4097952777084908,0.00924044461528512
67746,-3.5149671283104054,-7.4036815411544765,4.562417546860297,0.768466357774955,191.16218766020742,0.3592687215944883,0.009241165679744484
67747,-7.634133318494719,-10.193534950912472,1.5051413989983164,1.398339379310569,317.479315164521,0.8664119123096699,0.009241239716029182
67748,-7.689122571534754,-10.593007595972603,0.6172746864772733,0.5596433793130201,172.21910646024475,0.17801437850408774,0.009242688416522097
67749,-4.534167988038971,-12.222933188453766,2.5048969601443614,1.0814175056186088,152.99887896517393,0.23397833964369852,0.009244178948545533
67750,-3.4260451856603282,-12.492433864015878,1.9048924418223845,2.649896316627903,465.9264114320792,1.1729178231882438,0.009246144233837888
67751,-5.363570207567071,-12.934345936919982,1.482679034466873,1.8186677731725835,467.68059621798113,0.4458584123012779,0.009247151165631951
67752,-6.130237779912691,-11.74169926908443,2.751755716789295,1.1780128477566658,302.26408179447725,1.6240756296177912,0.0092476668815241
67753,-6.2178913925982355,-9.296576922151035,4.407811265962613,0.7007542540869829,468.142073432021,0.36632821960920037,0.009249878831222975
67754,-2.3784264925612453,-10.435359450780279,2.097162672317755,1.1765313898499323,300.28036552612053,0.7298526299447756,0.009250333507788765
67755,-5.217035519537881,-9.679333620198882,3.981170165130203,1.0425095928200243,468.71729684393233,0.46746656146786947,0.009250455779160626
67756,-6.73482407977847,-5.196164257702707,3.271725786091905,1.0909446459143375,468.04777162121184,0.840796304843507,0.009250500493005106
67757,-6.895244425841415,-5.178332567776076,1.180219218201531,6.649028270195335,594.9345366680935,0.09903831490283643,0.00925063525612957
67758,-2.8151822175029917,-11.047695615303585,3.5993687249522863,1.081128026944008,466.9707660221779,0.06880047419393254,0.00925112041619176
67759,-6.801402376848662,-10.23008768576606,3.3281460820731903,1.704595907011017,468.6221993140941,0.8224034241050253,0.009251728331149385
67760,-4.5955594614504305,-12.366412463790448,1.7120494157296913,1.8367308421235746,467.9019343597168,0.1754095916302978,0.009253010835127851
67761,-5.4408518415871026,-7.047063200468211,3.8656887181711883,1.2235043562387562,470.3033427950277,0.08687188101743004,0.009253323269287173
67762,-6.028967533777697,-10.521714888767006,3.340321661011379,0.6979706836980712,175.55228907492028,0.7838923963028295,0.009253797641896691
67763,-9.092751251912109,-5.387083761703214,3.153689979565891,2.3287766073570673,414.7094174979855,0.4982791044992192,0.009253800829096373
67764,-3.0233567599193636,-8.776591967130592,0.13997657585487203,1.4513707572841774,341.44749640157926,1.252602829736527,0.009254249190709142
67765,-5.923158115786319,-12.559356465775386,1.524233462307102,1.157197178368058,292.33913977228883,1.3126264341249794,0.009254370280586554
67766,-3.316300121547026,-8.167455303274057,0.5838681450053683,1.0924172818511348,230.15568522683242,0.5827887923767241,0.009255816921828652
67767,-4.5761443405217515,-8.768654865323008,4.8934119187472875,1.8075943467188946,469.54534495627405,0.2091219269183373,0.009256445685750939
67768,-6.60903297564594,-5.771680807422371,3.0576232879965306,2.664734657820638,446.6318603107754,0.4161214713918122,0.009257608509814193
67769,-7.410568865620906,-11.04352015827504,1.1695651346666807,1.0204855615291593,278.13844625918244,1.8485626364356973,0.009257695500217938
67770,-8.55019227512377,-5.040433005217452,4.5296049048675044,1.1286727285690625,468.36798812999797,0.5241930166036122,0.009258587853855561
67771,-3.08062877307294,-12.443153348489336,2.584983028093197,1.3223801113547526,323.23581580418596,0.2518278149458135,0.009258927551855131
67772,-6.155324902186267,-12.263580829849015,2.598965596676216,1.2533290872077758,265.2262615628894,0.1476241757485921,0.009259051856641025
67773,-6.157156460771797,-11.349876260463038,2.8959985223460163,1.209391025956198,296.50075839943656,0.7248869387139445,0.009260199298491537
67774,-7.147537926468385,-7.276870829451437,0.0033732234077953486,1.8828757272887038,453.3076775095847,0.3650757688407733,0.00926038912076175
67775,-4.367422374315274,-8.447212031928107,0.24976370837208306,1.2576313306093372,399.52925261961724,0.4406570260226941,0.009262268758673538
67776,-6.688057145788594,-11.92205915083085,2.4833083041882165,1.0441537581650713,468.18655690601224,0.7755678795210921,0.009263588918032039
67777,-4.559787846579533,-7.3807082962165955,2.2511203371445228,1.576316578198107,349.2726036511399,1.327558838691611,0.009264321831488058
67778,-7.509911868626238,-10.399838418992779,1.9017086022803242,1.1602902683219476,235.48618674857778,0.9182803716327923,0.00926513281397145
67779,-6.932043714491918,-5.8175119679585015,4.967161126616778,2.2788880766482142,428.2184059825852,0.5905268657116247,0.009265917861953138
67780,-4.580645861105483,-10.016064010930638,3.6432772151205435,1.189248467306001,262.0868567223345,0.8183561862722613,0.009267600663359285
67781,-4.3304088100427585,-12.349358607513407,1.6923059580342532,1.8047709828827745,431.6830201550919,0.7552922226414589,0.009267686956744682
67782,-3.6127924744141184,-12.926694964145863,2.0632371725092815,2.214951961918235,421.39690448685207,1.0640003292783877,0.009268231203940089
67783,-6.438084911362584,-9.562780530614695,4.087343384369869,1.9160978673802547,468.2935975695965,0.6256220204184082,0.009268235477126012
67784,-5.703751210272467,-12.494425036826875,1.6110010707554236,0.6942013593268752,468.1338116009866,0.44414311504734183,0.00926852161558215
67785,-3.190648631013641,-9.267778400820427,4.377980225142345,2.4548029831646683,451.3165113056808,1.6666376174266073,0.009271321590489599
67786,-8.972106852336617,-6.27329330552147,3.6283987340574813,0.5523198684404609,148.92545933325252,0.2940677274888577,0.009271343308721766
67787,-4.509784454387553,-12.911327291563707,2.0029938402551926,1.052521299889682,270.20256513126526,1.2670940471723222,0.00927317433946732
67788,-3.6460393882621815,-9.643910523043454,3.943177166995514,1.9182265552389284,381.5075995213743,0.4347277115494652,0.00927433393153232
67789,-4.366289022583132,-12.610186973507828,2.383277281567046,1.2911394364923083,321.1677125344678,0.4063617246307585,0.009274382448445938
67790,-4.395723348554023,-12.339779585023294,1.6966347362046592,1.2198290352608137,306.7721625908146,0.5966130996392547,0.009275622074840192
67791,-5.697486464139047,-12.622620514081422,1.729100030609908,1.5783007275311873,372.6551467822969,0.5651794099853156,0.009277287440792112
67792,-8.401156806207307,-6.445718250250703,4.908640267984574,2.713545267952234,476.0531183555587,1.8529637024376004,0.009278129372524613
67793,-3.0092286457492126,-9.398377025345958,4.447367432316498,0.820348208821199,224.15136189630803,0.977777713505513,0.00928002857280838
67794,-4.222636764074591,-7.599804571460822,5.153460393655285,1.6560540073137273,388.87540108138376,0.5027077658479193,0.009281330592535303
67795,-6.797982724024545,-5.203219168164797,3.80589413520994,0.5112479861523904,121.55535196229337,1.1606781260752248,0.009283865100912421
67796,-6.78929470437348,-10.691877297382305,0.12214103004296051,0.6533046822023149,142.15432925054668,0.05747756639196844,0.009284849566152926
67797,-4.396746485586397,-12.416599258253964,1.6078813621688186,1.1839893990096224,190.94060553799022,0.45208578455291626,0.009285188030084653
67798,-4.707520454985152,-9.645474262405736,3.977975725901906,0.9643156255241713,254.0497468339583,0.8405273480363347,0.009286946644951744
67799,-6.6458957762432975,-6.885444351847426,0.8450666354926336,0.8277141321357677,442.53221665953555,0.3316459171340691,0.009288194287404608
67800,-2.477742173586658,-9.02406944343898,1.753487543559676,2.915107804245937,491.84909403431055,1.3966191939040113,0.009288263696221887
67801,-3.7798753127458538,-10.760161348590975,3.0892389711737156,2.3952964397223875,335.7030602532692,0.03378858847742361,0.009289169789912533
67802,-6.821284820456611,-9.701231431852666,3.7793072012113966,1.8726628478722833,449.8805298596766,0.4422344180985833,0.00928989546341648
67803,-3.583019579527214,-10.497948768798043,3.2436596465075596,0.8754395648996964,468.43497442918385,0.1907041092983004,0.00929191143038045
67804,-5.639679523510654,-12.280218930838219,2.5803519413940137,1.8073732550244923,428.38613871251897,0.1041411507648844,0.009292830875719032
67805,-3.6030088311821427,-12.708188611802882,2.3057727338298046,1.0907305941260679,288.40617008338086,1.1423770995625198,0.009292880376218348
67806,-3.688496677449381,-12.908701080299712,2.2209025576438655,1.824764922218834,467.4968106124333,0.7824037016396952,0.009293034927375949
67807,-3.837794414239422,-12.946592669834079,2.2182647586641147,1.7996060048484197,428.06003829996484,0.343900071157047,0.009293943536151688
67808,-8.415009689913063,-5.435841771122987,4.8093596678011385,0.8986312799709407,220.77123067595534,1.0492826442550323,0.00929559656257071
67809,-7.931459119486476,-8.350076548250764,3.9514250136786875,1.4006555641566678,306.9982927651455,0.0410275021369646,0.009295975274763377
67810,-8.546603100307767,-5.015547149378864,4.5288281123983385,0.7732143304769087,209.11989228007442,1.2031524011999712,0.009296461019060542
67811,-3.223107300763285,-9.984375379692153,3.6606194103628824,2.1961214788842995,425.7230701485691,1.8320615240137377,0.009296663520581852
67812,-6.768597219179316,-9.170752819726406,4.379399182616791,1.0031450294763686,271.3391452490671,0.3473838232267985,0.009297087206930057
67813,-6.563829238172737,-12.056309654836486,1.5822131498747263,1.0246513121721443,262.436098834628,0.40866713255872344,0.009299469266778491
67814,-7.2195821421659,-7.812990633742567,0.06634119057005744,1.8469646955438095,467.7586518546183,0.31049406595291273,0.009300566687393357
67815,-7.7129095977379105,-10.38628997102652,0.549289955604237,1.128816123498533,273.180266154841,1.30745560596303,0.009301522504033629
67816,-7.036689828268598,-10.783055135749862,0.20914440080703753,0.868597807683144,215.61006156100825,0.31583502119607765,0.009304382769280797
67817,-3.6014690814666697,-12.278999021523699,1.68518389447373,1.8743685144696747,455.93802437248354,0.15055527299223748,0.009304401008492912
67818,-6.574853204601884,-12.248797099418924,2.455377156733399,1.005766380701575,199.1775758446099,0.045681619672371276,0.009305122043866089
67819,-3.0195841869085305,-9.008392770131117,4.83249950444456,1.5432669210178238,341.52882571789206,0.6701902150417363,0.009305640390590684
67820,-5.023138371415652,-7.333713579572514,2.18709960260312,1.7489944932467953,413.4411778314425,0.2408018665243823,0.009306537125310894
67821,-7.245443495844782,-9.559190736078643,3.5004465674136576,1.8754502451187052,452.60802107298525,0.17302376254319274,0.009306644734174013
67822,-3.7237253894347324,-12.905201399491201,2.0707235975618903,19.5242736535958,722.004838679091,0.07969774411086927,0.009307906428818616
67823,-7.852013485750172,-8.094236762770814,4.482985752463269,1.4724065734262093,390.5625341894308,0.12933008888290498,0.009308488004155114
67824,-4.268583520930671,-10.565568449648879,3.220277192963487,0.9816805628102703,271.8012792370746,0.581250438145152,0.009309180001571733
67825,-7.351016648257162,-10.759128838429584,1.6839839320771988,1.7186667648414797,404.24567436417516,0.5604606780340484,0.009310393108879392
67826,-4.385300727747712,-12.375467814832998,1.622232738621033,1.7476396163058108,411.8492473230142,0.6226128217331999,0.009311919519035044
67827,-3.8426715452552926,-12.454457120444353,1.8736041778043782,1.0919141353706359,283.3980799663552,1.73400475354482,0.009312135730107352
67828,-4.31483965168857,-12.286572062668348,2.4664188830039766,1.195585690244687,262.8501654040375,0.8441233960170687,0.009312892725358908
67829,-5.471027339291971,-7.830704714165355,0.7735613049562626,0.7362402570090624,468.5819738445872,0.2679345515757827,0.009314071742694859
67830,-3.520252167001625,-12.873710289504434,2.2203417444585387,1.764096380540849,469.2908982303902,0.0435622310983641,0.00931413956284864
67831,-5.486211336983657,-10.7322137593922,3.189293164580026,0.7559064721479771,186.38399777769695,0.21821306855789135,0.009314401970382883
67832,-6.868615048126996,-11.812545814161997,1.7365367375857743,1.2338351265870335,468.5271355655919,0.2950432156730889,0.00931454179753062
67833,-4.973896436009307,-7.345417650531297,2.179917936593883,1.6909291504481831,398.80178472992253,0.9226685592935224,0.009315259551349242
67834,-6.582466502437683,-10.360907894761556,3.34758069042274,1.495039685119925,468.401154446001,0.7652934351039065,0.009315646577683405
67835,-2.6778210862429983,-10.273020977617783,4.38606464703203,0.9110777721845913,252.3969263733993,1.2194831362968666,0.009316112719193394
67836,-3.7769584747812823,-12.055912195847101,2.510212061398845,1.8853055032655226,456.322805657277,0.4781843489182771,0.009316808306244234
67837,-4.630551527039513,-12.813639288829084,1.9556372255656342,1.5863083770547926,350.21780437203637,1.0548262567190942,0.009317131712607615
67838,-3.951565995731534,-7.556972163457039,5.034232403970547,0.9930736756260763,198.37180890824988,0.8889374846867186,0.009317401288669926
67839,-6.732122154090948,-5.181654920213022,2.7773071232611333,0.9832334228927918,261.5293633077944,0.7840428486533524,0.009317751812393965
67840,-9.126460723581857,-6.42664697084643,2.9572389395855807,2.426473389284031,443.96175186536306,1.0647411230436052,0.009318114720983832
67841,-3.356490215561542,-8.338766779388633,0.38174757100196405,0.9257361049147693,238.82916386095195,1.3093641592530743,0.009318668537870941
67842,-6.708721262743897,-5.3672906827580285,3.0240006745980827,1.1112984107707362,289.9592806794335,1.7845911837437063,0.009319680718336958
67843,-6.587202673288158,-6.397103830368619,4.819441342861637,1.2991358884959758,259.94961857572736,0.45263625140180874,0.009320105663209228
67844,-4.349762020733486,-12.50368129460916,1.8656479004919544,1.7905914458069754,467.57008464177073,0.7831580495823287,0.009321003755668108
67845,-4.783744473213954,-11.426538760967087,2.7933514989918797,0.8694794742498343,250.48206305700592,1.0233481888171516,0.009321249090309168
67846,-6.377106783497903,-12.447966274295279,2.5018542291360717,1.022571767758766,252.82473760523325,0.24801709074298994,0.0093214229229589
67847,-7.15413529552022,-5.01413819597314,4.9653488402500106,1.1781984626630793,251.3564041795608,0.6127252170490829,0.009322141400937019
67848,-4.165926662150275,-12.94479397078101,2.237847628320161,0.9366856868413574,182.74994028343144,0.09926958237979022,0.009325059991656585
67849,-4.0810336436391275,-12.436626568517827,1.847368986447395,1.1479904316075946,294.1676407001441,0.6898095696946731,0.009325699650061229
67850,-6.76674655802195,-11.527429026890522,2.5673227246710044,0.6625212326175041,135.7129203199674,0.2608352030557777,0.00932591117499619
67851,-5.403617089271729,-10.123005045649693,3.597202449811043,1.8221236422789047,467.33483690312283,0.48568913799544866,0.00932718061884677
67852,-4.710151389764729,-10.40602749512582,3.3396559583511323,1.1538230275937575,299.2227317502383,0.27834001559942223,0.009329163706071628
67853,-4.315919465331922,-10.901445089655132,3.012786643093498,1.0890062468138415,269.03882259433396,0.9667077647122353,0.009329367900064733
67854,-6.724017852330137,-7.698770357870916,0.16184618753971294,1.2978154802790731,275.7436266095875,0.07498585878167052,0.009330815182766492
67855,-8.480065940182469,-5.1042657715539494,4.65843749923652,0.7223702051150348,215.321741604919,1.4568625053604984,0.00933454808701179
67856,-6.8538531227388155,-11.998925836107588,2.2231958709709074,0.8093187219514862,171.12006482332865,0.1132874942286275,0.00933753062608517
67857,-5.155933283943547,-12.900401229548198,1.4859234704071105,1.8787820567665299,467.6054198063821,0.19648890652223105,0.009339708012215555
67858,-6.062571462507286,-12.573979041708116,1.7125433623003508,0.8665305603604471,467.5476471542889,0.6198043417946186,0.009339907467823368
67859,-5.242104339178075,-12.490004292897767,2.491151681555053,1.419194150414955,468.7755651436247,0.8509644450936431,0.009340292321866702
67860,-3.2868409029137178,-12.345621603575417,2.4012958752970537,1.297781229771647,314.7352567735075,1.0177692258386992,0.009340633207408109
67861,-2.788005739397523,-8.369431739669832,4.890049591333246,0.6148906438119613,124.57866021466467,0.13251468703732971,0.009341053349821238
67862,-6.24133189943814,-12.573733610895003,2.506137723356056,0.9343908176929201,232.69440911078235,0.09889553280976848,0.009342764985440271
67863,-6.063238079121568,-7.762856999716882,0.5718270527765875,1.330897010173982,286.7444752113237,0.19822132602887965,0.009343177109801586
67864,-2.690285953710978,-8.016534995944689,1.6379792988537207,0.7632366892908792,160.70080056320572,0.8099356266818551,0.009343764438422985
67865,-6.762598248849704,-9.253394729740396,4.286675464772534,1.0653819214612459,286.37701058252605,0.8904984367122415,0.009343880887195163
67866,-7.633606043361702,-10.605306590763655,0.5001882127986103,1.9031373361137458,461.55556378770484,0.482189817837531,0.009345145880942528
67867,-8.517516820177187,-7.445549642896175,4.031164638588932,0.9186720792724463,196.62645062255777,0.31536357602723886,0.0093459944103458
67868,-6.322787711319729,-6.446927652796131,3.7009154432642513,1.1307202902762221,172.66197733709274,0.3026977655413807,0.009351141567792232
67869,-9.192419571363093,-5.918308887913929,2.2476502429727687,1.2245858725568108,447.57263833421865,0.11925653541357217,0.009351759852201453
67870,-3.37609319150123,-12.827910111466984,2.2220818342127986,0.8015388066984783,190.18159032428218,0.3370148534702002,0.009353543683276525
67871,-2.7611718912421237,-8.110286581696023,4.046007090001968,0.9854532861265658,467.5793923830083,0.6522046111554998,0.00935606418396702
67872,-3.5987240837899392,-9.546957355008303,4.027879488349597,2.6129759260478704,468.1531927307829,2.2570773448233057,0.009356585240919785
67873,-7.835842188686323,-9.531595825791921,0.43351586191752545,2.6302812626834617,466.4890782473262,1.3712671186698282,0.009357868266021793
67874,-4.5616371792995345,-7.425385280738296,4.8539497656529855,1.0907971237450782,467.328299905818,0.7657079832987082,0.00935871598236291
67875,-9.05087684911641,-5.991958313020275,3.352771598613069,0.9459080198683131,467.82874681122274,0.6470007146308463,0.009359865981579818
67876,-4.340114690475158,-12.549923410889285,1.883264156261145,1.158760517998229,241.42664873496372,0.25796731884979085,0.009363945400844426
67877,-4.157507270383716,-12.561275559062125,1.9001084069834593,1.3846686860757005,468.91226695642183,0.49504306705474566,0.009365753018133083
67878,-4.5967753808379355,-7.224537305977093,3.5355795220486046,1.682599064030584,397.72484782890865,0.7707920471384506,0.009367954410787915
67879,-8.67651369593158,-7.1180596180218165,4.019169312973547,1.7499058057046828,413.9273984475785,0.3462741503023299,0.009369038228575684
67880,-3.462258380658003,-11.022460084385155,2.9283605876761025,1.8668963677334265,466.7899440566057,0.0959901884351897,0.009372350200207904
67881,-6.128573805545947,-8.608779343089951,5.188229122035814,1.0019020192926524,468.8647906406522,0.042146182874271076,0.009372910366837952
67882,-3.7387204176967774,-12.85574487547059,2.0827080500051336,2.44704514643893,447.4874995413658,1.2395869957950891,0.009374117606031641
67883,-6.236447286162759,-11.97003638757106,2.6581056088717525,1.776644955897065,352.85871432599555,0.5347325739178901,0.009374977055961626
67884,-4.826552099943378,-12.79423111622532,1.9221635975582598,2.535461165316539,452.1502221359698,0.8942996389686284,0.009380265549756994
67885,-5.416690403219887,-9.034940682810824,4.6622758919972025,1.3138847258055917,324.82252122003916,0.42940875289729874,0.009380376311277527
67886,-6.671255104190735,-11.961692672741478,1.627461076009138,1.8789571460430983,468.5183838973665,0.32248901849479417,0.009380832847178285
67887,-3.124694296772377,-12.323051436941807,1.7738044288443222,0.8601542847395012,469.3070679960666,0.14285823384810215,0.009381256817182942
67888,-2.9680177166222235,-11.057806473836195,3.221825664235188,1.1517333927540585,296.3336809033759,0.8146248444827435,0.00938261693375615
67889,-3.895178652037097,-9.678423379977051,3.9094726365107793,0.8905052813881232,233.5996627205054,0.25560099887159016,0.009384332238203669
67890,-4.20888095098365,-7.440938283677656,2.1985695510054675,0.8592228081999871,249.70079196778903,1.2599946199069656,0.009385208537784987
67891,-6.612711463434042,-12.369213019546738,2.3878585241706953,1.7893959546306406,327.6364857366398,0.17133706388423953,0.009385315103087719
67892,-2.9520238843387183,-9.887121522456864,4.062699850645236,1.0062272696938663,214.2369008375721,0.22375532899807293,0.009385675400046646
67893,-5.774152589072377,-12.562862400568807,1.525909171901753,0.9258876630140248,246.80462218002168,0.3014930145124568,0.009385731773158346
67894,-5.73341011699024,-7.072640750329292,4.7149162347626525,1.2317899324189296,469.8382073510347,0.2393638179985791,0.009386681572255787
67895,-4.438295309022715,-12.935202541404042,2.2662547076674726,1.2247370062673852,308.6608196203941,0.38278663616428243,0.009387127603796308
67896,-8.170753353158048,-9.26279582023553,1.274878595056267,5.737805796256236,364.9997994716164,0.19021265216789285,0.009387148009866814
67897,-4.479221713585999,-10.738148539447117,3.1187049816144405,0.8968663314559903,241.52414548771188,0.963045997546045,0.009387919581072691
67898,-7.310261350508686,-11.687840096917393,0.3485049295190445,1.7840650137600718,424.9304964533435,0.44429031348889314,0.009390218779951493
67899,-8.821266937072064,-5.297882637532408,3.9719722845898398,1.692177450980842,366.49523035708154,1.6002344594038975,0.00939077153703664
67900,-3.9301105414137085,-12.353696007030974,1.617995976876659,0.5235011367982049,118.14994048620498,0.19560730593555942,0.0093931283451812
67901,-9.178234098893768,-5.07369504314592,2.5404011224878134,1.083371059324328,286.3695867145192,1.6713349115529894,0.009393187567722536
67902,-5.102953655941592,-7.428724247973874,5.107669208108166,1.6465432298065117,388.1651599873969,0.41178356901351965,0.009394013994065501
67903,-3.9576184384680078,-12.794667532191736,2.278488330580655,0.8626031789191895,174.4313894578012,0.09250532452585158,0.009395362560227043
67904,-5.763391775744644,-7.719202889189521,0.7921379217371887,1.8613436257472236,449.5248016442229,0.05277631090792756,0.00939666328497295
67905,-4.814621577158937,-7.412120053538335,2.0309921939836038,2.394422070002259,438.2336505976993,0.8728109273363733,0.009397501876107318
67906,-5.087716051593877,-11.963701865687112,2.602048804904357,2.763860365457126,481.4119195048242,2.165232907403462,0.009397511152335293
67907,-5.211094747502803,-7.343524345832522,4.973351428314394,1.9549487528115352,305.41405689527653,0.0909566078309112,0.009399137150930765
67908,-5.810610831005695,-8.15515742396974,0.2984560385175929,0.6909091574569386,188.62038114254813,0.9749856657635023,0.009399511198504261
67909,-2.732207649510258,-12.996091997241672,3.3981970298160675,1.1469104337783342,467.3211649223173,0.34298365022708044,0.009401831161502883
67910,-4.859535018047216,-11.154432777610342,2.9088125533855322,1.1092213076520745,233.23277917135226,0.723884078179621,0.009402203093270365
67911,-6.616086669776949,-10.214051978653181,3.437150304801351,1.1284169702309126,467.2178472748949,0.23184869034635813,0.009404301334120345
67912,-4.3569539243584385,-9.465769399012583,4.133970837729788,1.2560188422955414,467.9654058965031,0.6016216705727944,0.009404305840254793
67913,-4.0221617893437065,-8.900870891706049,4.712581985070506,2.2559206854899956,432.92773714179685,2.024556259792818,0.009404797228366492
67914,-5.267989352291641,-9.222988452159377,4.4379867747648,1.0934554408383894,467.6130984613329,0.5633494493239475,0.009406382260256073
67915,-7.002238814837505,-6.295714711737996,0.42791590790144207,1.1941355334663124,405.4506783815071,0.2756877209296382,0.009406969414226909
67916,-6.750607472528612,-6.88692069073488,0.6507157798296569,0.8102003121564544,221.51955322816718,1.179487735528351,0.009407114979059604
67917,-7.985979127779322,-6.133886222756244,0.16245066255652263,7.38788085554919,450.1740586022439,0.10828256107038126,0.009407156288935513
67918,-8.179812790603432,-8.045872626096966,3.8980977787947264,1.1029564285162663,291.353205726437,1.2195654050416342,0.009407737989725183
67919,-6.3843103902935265,-6.324989684730639,3.4215649663682877,2.4239253261416454,221.72732018430892,0.25466800524469235,0.009407936001510136
67920,-6.389520006683939,-9.976991675251037,3.703915789345694,1.7921001981019897,467.9725988978875,0.46614521285523214,0.00940802374882986
67921,-3.1597999024609793,-11.012467757066396,2.9886652845718538,1.716923581118312,368.1825452880184,1.4727012276827915,0.009408155061579377
67922,-6.87958951867032,-5.374251479293893,4.394617137856563,0.9397162473270607,244.5398960510441,1.3841230079999125,0.00940837128681009
67923,-8.602095019153149,-6.61412707206256,4.477874036827157,0.8708731455991586,238.4606343295943,1.5432925137700586,0.00940936501377192
67924,-5.877853938073993,-10.219330684775542,3.5473083264437113,1.0795254891782569,467.3402963199846,0.7841812700204658,0.009411857972481678
67925,-5.15302926453416,-7.117126575326652,3.5840115459305917,1.5911346178169832,365.52406586958904,0.15991280849201583,0.009412252754695174
67926,-8.010234809788896,-8.709066126804341,3.160534253147842,1.702004038478409,398.665555187183,0.18921593321716657,0.00941374355059286
67927,-5.792776591328723,-8.390707506179343,0.11539536146490671,0.8631744579386912,211.25236291770767,0.9787917656487828,0.009414426879633944
67928,-8.59914364475927,-7.761046339688216,3.309916187943067,0.7877937951621055,468.14471327034136,0.245182035066434,0.00941538328425105
67929,-6.332370371099058,-12.235743111543727,1.5636718413736639,2.2602775105617074,419.1102498705353,0.6593874567763658,0.009415536028784248
67930,-3.9840087521148355,-9.49275915652713,4.087076688658643,1.3104027894420285,308.1985227376889,1.2154300088337324,0.009417478034488872
67931,-7.5526580635146665,-9.95891118700976,2.4328853008776696,0.7048348067957582,141.44056790363922,0.560131769906433,0.009418991001019497
67932,-5.9138517855431125,-6.835017823847346,3.971259785504599,0.9949923141532344,467.77663603545517,0.3465181072571246,0.009420337532338277
67933,-3.754045559779162,-12.496471679459217,1.9150712478177523,3.0555492810997578,501.63655134030455,1.1107934804401038,0.009420640436704916
67934,-5.348262185647787,-7.257990582021037,4.842554582246745,1.3485307562582782,324.3056748901814,0.2772673066367206,0.009421707298787768
67935,-8.239886565694949,-6.430919166100735,5.169012312952408,1.1431405882256445,282.6020540419035,0.1787354403192305,0.009421712164394214
67936,-5.590249866604226,-11.975604481882092,2.6524411717774385,1.088035540543652,282.98532368303546,1.7518037580921169,0.009421847800378755
67937,-3.0445226869678708,-12.921998877016213,1.521363100982943,1.539149844848211,340.239087392194,0.4767572668519726,0.009422180523053162
67938,-4.874708669585505,-12.451203197731314,1.581518003962174,1.0232070769533108,211.41804076660068,0.7663561735891884,0.009422208162161457
67939,-6.4454943698613345,-6.747662555620527,5.148377741896449,0.9424763882127234,265.6202383600433,1.2393119530549752,0.009422335057723257
67940,-4.370309218933634,-12.677040593021035,1.5186058497108972,1.8446221256714503,442.88571942231493,0.3373526610634796,0.009423157508576403
67941,-4.533475248714931,-12.754721554997953,1.985152930236388,1.544369867345422,365.81776293667883,0.4869015232060878,0.009424530730929128
67942,-9.10444469572975,-6.244903533201365,3.1025582106769676,1.4718193624179237,335.30482051704575,0.4736630927873824,0.00942476287644877
67943,-4.239389302389039,-7.501958824403133,4.960050345472222,0.5252661758260784,117.74443395504962,0.016850930687083654,0.00942629820919269
67944,-6.3848918086204165,-12.39610756205044,1.7122397781377372,0.9702716222509532,175.40546475082024,0.13777037643752,0.00942706307603843
67945,-6.568320567192439,-12.209520536192999,1.4147605836951787,2.4151516932002695,433.68200583564857,0.6318360015727773,0.009427114184894251
67946,-4.4673952783464985,-10.534603083250786,3.2422535693983696,1.7251304574738662,408.6389577577053,0.8216939261538423,0.009427256147274984
67947,-3.186078979576915,-12.451843563756043,1.5733525275481792,1.5687271808213565,368.43608744699304,0.6048678213445546,0.009427644748352875
67948,-3.5259156741696875,-12.301643479247133,1.6300890128833472,0.9652361184268557,153.2894182705899,0.1420391455139125,0.009427699774304483
67949,-4.643358009804773,-10.85153407385834,3.0543655683576145,1.6626208853224156,387.4144681233091,0.6018359396050306,0.00942805273262787
67950,-6.682409778444303,-5.6854970721148055,2.2426974555016925,0.964550137864872,201.33962380690062,0.7723805137980344,0.009428167069496384
67951,-8.60979575173602,-8.342288005071314,1.4973005707426565,1.116402907722882,467.7463462559448,0.4869630711344781,0.009428199254607084
67952,-6.165068605385007,-6.871793025715107,4.879110175412627,1.8313097385243147,438.94673240595404,0.5486038323175704,0.00942873381276445
67953,-3.907760291605733,-7.589639807196415,5.081935739133593,1.2143352044263396,291.8059712531791,0.46202138866596965,0.009430643633734278
67954,-5.5066682143620245,-7.376810668065974,1.757860054363079,0.9338815049194207,245.80050376253305,1.1132280854212215,0.009431684138791219
67955,-6.575986703426386,-6.370598913025766,1.8069010173227666,1.2993324048410995,300.7826891506495,0.1534779216470703,0.009432087915750603
67956,-4.116727756261175,-12.621772792103183,2.316590522011944,1.6924080330918319,396.6273026401554,0.2015786583292538,0.00943257268689202
67957,-7.363953480280251,-10.721778910666893,1.9457356160840902,1.5184857421666298,348.39866157779863,0.8055344674208902,0.009432587316279181
67958,-6.455653819993298,-12.230096806379576,1.6550551060542278,0.9455339264296583,198.58209775275188,0.6308117938756288,0.009433517151009348
67959,-6.515116918974051,-6.452008903444708,1.9059422592395694,1.3293570415816944,307.90466170301517,0.2890571423914938,0.009433716128656365
67960,-3.987777516787702,-11.007803007552766,2.944235706539233,1.2039888022072773,467.3918950944009,0.3124588051387356,0.00943572540854325
67961,-8.538044240390143,-7.132485759781721,0.45332112760643484,0.8510292503283298,468.17669667997313,0.28078965028101877,0.009435921825597266
67962,-6.929122545204915,-5.636911876763992,0.7988623461213604,2.201522724921766,412.3653077432917,0.738298240190983,0.009436083784611065
67963,-3.5102528448006796,-12.622725324379353,2.011369663192793,0.8237597983115367,158.43536606626563,0.4056276999082895,0.009436252314981068
67964,-5.690280885059238,-12.778219611020942,1.8108914563816032,0.8206271628336259,192.18761727742248,0.7766110245367024,0.00943680047255581
67965,-6.224814931543366,-6.574132793755473,3.8817795104356057,1.2576813777190414,309.7583024960893,1.3571594902021493,0.009437497470259595
67966,-6.052712804513783,-12.511709076366206,1.697515649399524,1.7969561127368334,380.73042343199796,0.8692386354666946,0.009437628767098465
67967,-4.041186467393131,-12.737181004984228,2.0382470887258144,1.1259223662330489,178.0355231955017,0.16363534095322763,0.009437748224371718
67968,-4.113826323495358,-12.351519798475623,1.5981864585018324,1.2596830953127607,268.95966232026035,0.20123333931933196,0.00944271796964142
67969,-6.949381854803083,-11.78330454281005,1.8530423299811667,13.200200674410029,388.95260671128074,0.22676687872749213,0.009443767828429034
67970,-8.538443421229001,-8.536260537699214,1.2885326490439954,0.8849378717068243,164.89191191419258,0.29117140238135963,0.009444243151310752
67971,-3.8609277195589833,-12.721680482522396,2.2837539682316543,0.6903223264285551,155.8988838418937,0.894360659624045,0.009446295355237867
67972,-8.402731025283162,-5.706425724764621,4.855769279825449,1.2132327833747785,468.03755956780356,0.45000148322076683,0.009446840635349785
67973,-5.0430698649197385,-7.699442490066496,1.1941338357343192,1.8801894510342017,454.44380045156964,0.5317048875033423,0.009447901995883067
67974,-6.266153254599127,-12.335654088485688,1.4973600651284376,2.020195798837679,407.8871350620557,2.0127085780374188,0.009450077378427667
67975,-3.5513289848288556,-11.317941746934578,2.767748804364234,1.3950730990552762,304.05301473011923,0.7401671664122,0.009450395118663281
67976,-4.408536817267264,-7.259840822999573,3.7970463167587654,1.1339016638381885,295.206064828173,0.6702646851007481,0.00945146527900178
67977,-8.016838555759703,-9.022422699781133,2.5536094785014902,0.8610607607751429,139.45903413692838,0.16182274402935182,0.009452822403365297
67978,-8.63781756499124,-7.709115322654624,3.284653805381616,0.9984007084040963,468.2347757460924,0.6370317398789256,0.009452922539707294
67979,-4.811875671815333,-8.785348799299403,4.876222168237549,1.8654824285375518,469.78273350931886,0.16370874179984884,0.009453015360978825
67980,-8.803084427349534,-5.9679376798928505,4.070974290600589,1.5047019491707896,470.3374959396157,0.12241977815215055,0.009454203553984445
67981,-8.480877483869023,-5.831883714271407,4.734730254667437,1.889445743159855,392.64905842893205,2.055829407029086,0.009454516693502451
67982,-4.055523926344997,-7.468464631397241,4.806183324218247,1.0698546071405053,212.3799271445324,0.9031486098273263,0.009455699192550784
67983,-2.947725516508111,-11.351853318399925,3.123477375765817,1.703818869097486,404.7658003442145,0.2757006583808943,0.009457651985236654
67984,-6.944028954499248,-10.442255451419234,3.03155570425477,2.7280178761555804,478.585207855052,2.31944548062551,0.009458109456216618
67985,-5.775431681261961,-7.884347845838035,0.5822001764108853,1.7632474930959394,420.52514660008893,0.9622353756203683,0.0094607468922431
67986,-5.873406392713959,-7.000656911611332,4.697426253906571,1.7366623257686153,468.66051955577547,0.6358504378183376,0.009461441096324005
67987,-8.248768350564887,-8.402113405908995,3.072680572903736,1.3321961412339465,247.02012440971018,0.019783713884110377,0.009461492885247818
67988,-5.349115465334987,-12.492389771415827,1.5513783782515438,1.1895070466961486,273.87024012583976,0.10772367202166944,0.009462574153756998
67989,-8.129042243296903,-5.1445115964820385,5.169262187882808,1.45790086010458,340.81886090080855,0.25674244397372714,0.009463722346094904
67990,-3.009597706172774,-11.748711131269662,2.8561367602613705,1.2650933555800266,315.0022606808166,0.4038835368771263,0.009463915363995866
67991,-5.722681929609377,-10.51084675006154,3.3299507355205233,1.3930901341236108,151.88067198581993,0.3955391085899791,0.009464377027584866
67992,-6.407115958858066,-11.528492874401271,2.762042035793697,1.2800620676410732,468.5515340105319,0.6150611420234675,0.009465218462580954
67993,-3.623096603638041,-12.83277658990514,2.1398492107080638,3.2138819451740033,373.6952946606793,0.013274714478575866,0.009466378923179692
67994,-7.170369509083162,-5.1812754783505985,5.073820152099204,0.7984056183592761,160.81189585094987,0.10623461183622052,0.009467038826553793
67995,-6.258201133598775,-11.232004070083411,2.921821953793655,1.949820113948308,399.45225721166173,1.9363108021332254,0.009467498464645343
67996,-4.487393184528599,-12.704204954591651,1.5091320187694666,0.9419138111154333,187.2115794041185,0.4896933898882825,0.009470292620757928
67997,-6.060483048559127,-8.031637132167173,0.31746254811245656,1.5240533537969507,343.7110462131368,0.2894419191432105,0.009470780163397304
67998,-5.412804546023545,-11.22306357743577,2.911245627956084,1.1937466586926333,423.823001475547,0.22036602998635946,0.00947126767949888
67999,-3.6652966291624516,-7.855647170122241,1.0437991469679937,1.8477688333886553,442.81613138941213,0.24890345746230036,0.009471645636056097
68000,-3.705363357081012,-12.477688930134915,1.9338601695702435,1.0309341159337282,269.2985682416219,1.3752826338017128,0.009472261538750259
68001,-6.968037658733858,-7.150110281276239,0.190386295940271,1.1708967975877012,242.4157597658528,0.7703853400478913,0.009473082844222033
68002,-3.4613325998588182,-11.428614887285097,2.717196582188825,1.5815703980717806,365.0477795786924,0.18888241319396837,0.009475150121502109
68003,-2.830165629074216,-12.197836692350627,3.1914643015018394,0.7641257364456704,451.2526379421324,0.2658400525899678,0.009475575074241458
68004,-6.768284119862649,-5.068382613204847,3.142811403300817,1.0041867948518153,455.88925642714656,0.6343832338130957,0.009476118311660953
68005,-3.794633438618371,-11.186644682754688,2.837458880629819,2.5714021660147997,461.54655684860444,1.4664341730477028,0.009476958098591136
68006,-4.265748912165387,-12.52364444986866,1.8978400068283618,1.0085603705962645,468.49302858379417,0.04011124111158715,0.009477152376657203
68007,-8.567527327114806,-5.360128575508784,4.509499834117411,0.7860068613262935,231.5058674047252,1.161377961095245,0.009479300498473618
68008,-6.847186766885521,-6.2958279741027825,0.7880887431039129,1.8178363999738127,353.0905214448156,0.46099164855013886,0.009480620038184954
68009,-3.048323987091334,-12.217785173855827,2.650795388021782,1.9045209061827186,468.67133882068515,0.6474138022858273,0.009481921624322105
68010,-6.863353566833261,-5.46066643882841,1.0990119456971263,1.8284976930880485,467.0782379646398,0.024615929545702464,0.009483069930031583
68011,-5.476028800603037,-7.197311933027001,2.266498016954188,2.4595845904906875,442.9103881717196,0.8237578703825532,0.00948323019642805
68012,-4.712721267870923,-10.542172398689427,3.2439081806427925,0.9794213508180668,146.61555096857185,0.3295865825945654,0.009483252166409861
68013,-3.6115871889884597,-12.035168509672033,2.4800394918580424,0.9769630929859974,468.54441635382693,0.6103482711438017,0.009483459063458788
68014,-3.3396661806621895,-12.461123101769664,1.949421763799568,0.9586480265187527,261.7712337563997,1.6227668402883886,0.009484923024627624
68015,-8.37360798223075,-8.317179736003315,2.853557575558721,1.060865342054812,467.04980571135474,0.33129271470037924,0.009486050080905476
68016,-5.428483028856257,-12.438978651786146,2.5047033210415903,0.8978455285871262,233.28877535676048,0.962860727566099,0.009486749601606264
68017,-3.0838157775017363,-12.402041729052632,1.7877705209262165,1.0626049422379955,276.19412014436915,1.3685713539345379,0.009486850371831496
68018,-3.962986178759195,-10.405666879160584,3.3059389948649693,1.241306470844495,312.7677467236958,0.5437511513682614,0.00948688547013218
68019,-5.135904954370158,-12.829368127598983,1.9268637676813443,1.6391808818750437,212.95197976318426,0.15017333057218618,0.00948772135655493
68020,-5.629639465342068,-11.739682866985133,2.722973459699955,0.5186502305713724,136.9683851006878,0.486176540968561,0.009488146009670517
68021,-5.804364209335289,-7.148290858910211,5.02143538628108,1.2142352270453511,467.9479105876252,0.24287093549644556,0.009488990216582782
68022,-5.563376657378208,-10.075085445838603,3.64161381022928,2.0695899275574097,410.83420694117393,0.5106166875707219,0.009489021812660594
68023,-8.22341814780593,-5.498294096330976,5.097934087424538,0.5196469488110783,137.02355330994405,0.8093771837460535,0.009489662375885496
68024,-3.4273678522580386,-12.209405983010795,1.7195145870144375,15.421669289836306,412.4752866762658,0.282953697591636,0.009490298531132257
68025,-5.686109631626061,-12.682855729342814,1.7967269006736575,0.5902053319337441,137.6389092333753,0.5264125437553444,0.00949280426946298
68026,-5.966932335645245,-9.670188748731341,4.017260016351452,0.9818154878185583,267.5382748119416,1.0728331093823202,0.00949294827490112
68027,-6.369656532219987,-11.339698859203029,2.846896628417908,1.165540161907003,298.66418809725513,0.638767263242392,0.009493793313774989
68028,-6.596295739845918,-6.73720622673982,1.161413034990266,2.1924680406338535,424.36682948178765,1.6665209745590923,0.009496212559064849
68029,-6.595857744910408,-11.902088256091856,2.532990356925847,0.8395110742903139,192.88314604338373,0.7025877075284859,0.009497171066855508
68030,-4.51664018537925,-12.884716804356211,2.0499111046930585,1.904308139362417,269.1997836601539,0.4762214775895375,0.009498891445808611
68031,-4.795004887971915,-12.83537958703402,1.9835216706105345,1.861103886948557,457.53060803719643,0.14712829871352984,0.009501965246986271
68032,-5.005874611162836,-12.942338805915599,2.335223709615751,0.5826042179144225,155.3317013421805,1.2558730003789185,0.009502806182341573
68033,-2.8209114671405233,-11.339231111494597,3.4256727033930177,0.7480792634083862,205.10813880207107,0.5620905511274605,0.009504077726105356
68034,-4.561898372590064,-12.487928865626095,1.8638423220661156,26.054959210359208,584.1893785251455,0.11479768727399264,0.009504146520601206
68035,-4.2402009147511235,-12.624048244641148,1.955867523330466,1.0888397795104272,466.9065345990098,0.5470267410353049,0.00950476480321929
68036,-6.053060138715496,-12.952446356640987,2.426403786005368,1.1189818851698667,287.8555797815192,1.5550056844205953,0.0095055268961367
68037,-7.064789745867705,-11.281340908465035,1.443170734883045,1.1349370981578546,468.24459406470834,0.6113029765899807,0.009505670706803677
68038,-5.989552612691134,-12.44458358985654,1.6788220998265009,0.8480286640751464,467.9940280327565,0.21438538758649361,0.009507634249649944
68039,-7.787492587384472,-10.293756941092559,0.6544710503961475,1.0464453458521843,165.53058977719758,0.17643866460081004,0.009507893695803077
68040,-3.168797317199436,-12.009562037041976,2.5607430600188192,1.4347222323929678,467.8333074733987,0.7825065100488473,0.00950847678786752
68041,-4.51281179625262,-7.369716132384741,4.607669670104241,1.1817808185309084,223.91021022244163,0.04138321676820045,0.009510506874824952
68042,-4.285578549851374,-12.414604601902756,1.8779950552534372,3.3055506969038526,419.9898401838517,0.05901130600440485,0.009510577287223172
68043,-6.0754665564772985,-6.779820205354011,2.616967608973979,1.3765792144692683,329.07848778495736,0.8518878785166217,0.009510786212513792
68044,-6.725394267981094,-5.4765399405176325,2.1926546216348473,0.6702893514911976,200.81179301549204,1.307557122006049,0.009514318197502277
68045,-5.171952367340113,-11.113829511962381,2.944975523748663,1.0959059030585372,467.6292791755828,0.8982200355280083,0.009515631580639785
68046,-9.062983472087657,-6.899367860736401,2.933420057520784,0.9726878027833085,270.98658826738955,1.0505812013426175,0.009516231236004992
68047,-4.497219935959179,-12.34531465875255,2.4194669765182035,1.0744308917216663,282.77187709213683,1.1164023380227404,0.009517857521696262
68048,-3.4729326433253496,-7.299175361742176,3.590973149978922,0.906401212919646,468.26003493400776,0.2540070712396618,0.00951853609766615
68049,-5.675459852093481,-12.615374397934787,1.7769729283457563,0.5482749434620023,135.33007065968826,1.1341594598945735,0.009519276984490333
68050,-6.068342912392814,-10.464864646933735,3.3636392138660733,1.0587830083484557,225.4368940063756,0.06558512716871068,0.009519447635138822
68051,-5.6374339971018586,-11.273932082861183,2.9035230258935374,0.6260478619564106,127.26685848283213,1.1427872783417685,0.009519591472827407
68052,-4.462401113009844,-9.050020958226767,4.570702256207645,1.119437279343321,255.67316740721907,0.29502618970422567,0.009520476232933093
68053,-6.805259369359133,-5.403148430367965,1.7842598338664617,1.3063132660209629,315.54535036961033,0.531559515952412,0.009521817267811029
68054,-7.883202927216418,-10.092980953666821,0.8272119739511139,1.1727946462986805,281.0773604680311,0.4024596309799824,0.009522205275207854
68055,-9.151641681194203,-5.835022566400188,1.9466288359375588,3.224696551286906,517.6210205193139,1.6031120197021576,0.009524629231144777
68056,-3.5925917927488378,-12.49034069684708,1.9729904168073473,0.6662158550506345,465.50540189018966,0.4207437701313177,0.009525302797483192
68057,-5.2577750338403355,-10.453195673557314,3.334474459397697,1.3015842433100706,314.6459989853049,1.2222264249915957,0.009525728233846207
68058,-6.1480104728143505,-8.777703139523027,4.9902605901054775,1.7251416396997028,406.95298910019926,0.17862407882151032,0.009525975993653043
68059,-6.732053712694858,-10.523231999667889,3.1425207136899447,1.5657707905614964,346.109903555653,1.2441186179056674,0.00952644604733112
68060,-9.036355922069612,-5.71957468063683,3.3688829831665177,1.8864391145806008,467.99552308211776,0.5775969897241433,0.009526885082599345
68061,-3.6720412090148304,-7.3898123715396595,4.493575916897478,1.3979719604670338,292.293070043011,0.12399065413212718,0.009526910502226146
68062,-3.3483093833643736,-12.202807188294203,2.41193421156804,1.6700404010453003,335.37759942954045,0.44995790888251985,0.009527969067244287
68063,-6.635734584725734,-12.658991381141654,2.2466501801672605,6.577718762707279,683.1705624870156,0.305372878740072,0.009530646702111057
68064,-3.7589637430504155,-11.186412373814917,2.8319344888359685,1.6891155231742159,468.0320881600823,0.48114381066295486,0.009530916543710886
68065,-8.312914759930473,-8.917811887196738,1.46816856140486,3.20927741229532,513.0494976723602,1.0224254903061674,0.009531180100243952
68066,-3.752948244627568,-8.863827724258456,4.742340293465931,2.623446249673725,456.6201067561129,0.7535919828818178,0.00953435159883816
68067,-6.747690599998352,-11.05206637766198,2.807167858005381,1.0536289304880277,250.8609789174558,0.3050142394319808,0.009535004246028406
68068,-4.931790296007358,-11.641595636656323,2.694235059566487,1.4068410575263859,314.61909363425326,0.8525422759450683,0.009535673649531241
68069,-4.8848604991151765,-12.871622011624394,1.974779183232658,1.2095703893736511,308.5783637133974,1.6705468668150045,0.00953623481871799
68070,-5.083213986995178,-12.33492531904514,1.6602916220396884,1.1718573065613744,296.38063822894765,0.30742462853121033,0.009536476573837147
68071,-2.514193133336776,-9.01455916865168,2.4897224956702098,1.7076863360655155,468.1605321996409,0.1091889520165008,0.009537985017784611
68072,-3.9908291669355407,-12.331616336323334,1.8494353284467122,1.3071714000149754,324.44608626714785,0.3563454303548008,0.009538348524293742
68073,-7.190743048333607,-7.259694035356833,0.027394068160825343,0.9978521682251332,467.9649570390353,0.5731844778907904,0.009540356466232207
68074,-6.1015935832458155,-7.1406964174151994,1.5792753699724222,1.7866463812290054,375.0397089065774,1.2761517773478834,0.009541450993013774
68075,-6.241856958202566,-10.659879487119941,3.222822211997724,0.9674127036307397,466.0866159458457,0.35765440460075837,0.009541539764962064
68076,-3.4319171396087818,-8.01230516551566,0.7950781501756654,0.6925832396521981,142.56012828152507,0.19010662742237283,0.00954256057668793
68077,-3.1790529462085937,-12.146414000181975,2.4944780381052754,4.496560522207566,595.2156219211246,0.6644170790049726,0.009542950367020802
68078,-8.846649032681201,-6.7535283551870275,3.8361664831534497,0.8651145844738073,468.1142683483687,0.7388828103119849,0.009544294607411524
68079,-6.458792156369594,-10.414980444919758,3.339931924616464,1.4824000554825063,332.2509354695846,0.03833393635840121,0.00954451237112037
68080,-6.572368159845207,-12.849097380783764,1.9102852983318999,1.7106639711949545,405.2539290306924,0.8343865089335143,0.009545174345644829
68081,-3.9200554841972446,-7.642691642064891,5.153045156923353,1.0056621778130874,160.73260439584718,0.19308959397684866,0.00954796309124389
68082,-3.9457940039232566,-7.281755303545365,3.594277550413017,1.7123688695103267,467.69606868648003,0.692906238096449,0.009548257171935757
68083,-3.3409755850663556,-12.297172628786024,1.8513452339772254,4.114990893902338,398.9894873442114,0.03791970116159593,0.009550118412933985
68084,-6.992104564294577,-10.453864948783629,2.964346350416319,1.5006878042782883,339.8251055022494,0.8132142198483345,0.009550757842504098
68085,-5.303498959175785,-12.690342125878024,1.8549424043469136,1.5621355183518317,415.2029196375608,0.895681842029286,0.009551589340192393
68086,-3.324894700808281,-10.995166693475394,2.933064962018452,1.8327663421200184,438.3832424262812,0.1219361490440134,0.009551805797592985
68087,-3.4045670932205354,-12.14131297026193,2.4275168898502573,3.037904582710875,501.7042158831951,1.3789071946894742,0.009551919648787375
68088,-6.506202255034809,-11.490713539906558,2.734207375788556,0.8379364977321165,180.4871572789626,0.050185832346586245,0.00955196422831518
68089,-5.974930372076001,-12.52114913423248,1.7312166199722645,5.8752673016651356,547.1719000300407,0.06526975431467275,0.00955290267005946
68090,-4.556967329852293,-12.89727987092585,2.255617952366697,1.1476068014304976,391.28614938702674,0.19595178153414583,0.009553090740090028
68091,-3.4468358883804004,-10.433581956444232,3.2743222410342057,1.9013453227488013,467.8775134872937,0.5767827270910466,0.009556653845092992
68092,-7.471999791109323,-8.282776075386558,4.799602418988252,1.9319885536271102,396.36048732485966,1.7736954454799934,0.009556913159934701
68093,-5.209114048277866,-7.164371616829459,2.8124441128492905,0.7810876934748036,228.60088206028567,1.3940184469643553,0.009558161652361601
68094,-4.5416322025314715,-11.880568209453065,2.5682917225715047,10.088047173277031,637.3342957411159,0.06149346416297696,0.009559089084750201
68095,-6.481253729611247,-11.488575533221157,2.7433478657390844,2.3815310476026523,441.92702849499534,1.3727776913814322,0.009559322548353339
68096,-6.286862313351667,-11.073119414817958,0.04414446637500517,0.6817361885568641,467.7143880860423,0.3974492851229856,0.009559620851767274
68097,-5.120101251534551,-12.360581811978294,1.714738649554693,1.4839320009993169,334.22550742933225,0.06892779594800214,0.009559638668691013
68098,-4.200370809440173,-7.286471561324514,3.1249839303366818,1.2011445225819202,467.16702323858294,0.23357840886639725,0.00956083446113795
68099,-5.15835469067234,-12.66880397142639,1.5052808230187646,1.638426817733247,467.82287702453715,0.35015653958568294,0.009563324249403619
68100,-4.815265455244423,-11.96080536211376,2.569761977751016,1.7795067379583431,429.59685328952884,0.39798880554446203,0.00956435125408766
68101,-4.3015162282633135,-7.604605312803043,5.146259686056129,0.8025415311883379,162.62695202081235,0.08121819285634935,0.009564847257240104
68102,-6.287423220734873,-12.468238247835883,1.7315801387480068,1.7735903460301077,421.71289524330604,0.6418348607453632,0.009566517872466585
68103,-7.267837174034394,-9.514335933069088,3.5052689948990663,0.9415214726952517,256.6945577871252,1.4917080907505893,0.009566945175039726
68104,-4.827042400843494,-12.508684138420533,2.4079999886279193,1.1475795550601047,468.90194808671083,0.8578053023121255,0.009567219835395324
68105,-8.238657495381059,-7.527326501117222,4.509167376618056,4.4124115448317305,438.5042259123417,0.007773587300406781,0.009569528737681555
68106,-3.6684818892866824,-11.858900310998497,2.535536727726821,1.6507706155235333,385.1905549431997,0.05432781898199668,0.00956988948243533
68107,-7.22526505861049,-8.938051558578007,4.2543293776216045,1.0124563832515865,468.144766378131,0.27918557638974306,0.009570028055462636
68108,-5.001975840096625,-7.393753918393857,2.009540287806457,1.134697943693488,281.3794965453982,0.9767421796398557,0.009570901100819571
68109,-4.691227085547666,-9.30621653332459,4.306303093608686,0.9090244409257988,248.0863847525317,0.7263312503258481,0.009570919594098694
68110,-5.60165448974706,-12.575357466341206,1.5081039823041926,0.6874335544402065,145.08204559144383,0.05624815788334292,0.009573779883965053
68111,-6.281483501767178,-8.933051249727331,4.798184613617441,0.7922183201807168,164.73532454621977,0.011011606214782255,0.009574690547310244
68112,-6.143982917091783,-6.654601379030928,3.8704878111685668,0.8541352879886017,194.58627383775396,0.38690496983957967,0.009575005260499085
68113,-6.447705823848398,-10.684696962489394,3.1640620399443575,1.225622450256532,257.0025371753868,0.5725180989060146,0.009575921688791943
68114,-4.969603354147,-7.933334997539401,0.7776294996450689,0.8629788898902933,467.9242959550569,0.6373456545981719,0.009581769132018466
68115,-2.629308012347847,-8.22238411357042,1.5478357969885284,0.4882348004010938,127.48161181119079,0.9706995129966147,0.009582099219320961
68116,-4.515306594052259,-8.778821855481407,0.014783591727061214,0.9073350225730958,186.313498333319,0.915386032516821,0.00958210851895699
68117,-6.7641869874436376,-5.253515413295324,3.5017623540537843,1.7327571358848808,195.00510996290419,0.36845050267145574,0.009582266347357557
68118,-5.300487026200166,-12.456187866153613,2.4592975328927933,1.6391887556506899,354.23296351928576,1.163139272894969,0.009582823292597025
68119,-3.0322190248543404,-7.491927246137494,3.065747850523178,1.0921920305885582,267.897761672744,1.0889731657252115,0.009583989924406285
68120,-3.9197032319917646,-10.589053892273903,3.1690113260218564,3.689982913460513,479.2676008123628,0.1334030920847713,0.009585038505797934
68121,-3.7756695148639574,-12.627832679385882,1.5099183068451363,0.8850723352556964,246.32017499172582,0.7855034370429328,0.009585458675885608
68122,-4.154215665751454,-12.253401172545422,1.7438312059968024,1.1372955135936198,262.0041727667503,1.016643100518122,0.009585538434905939
68123,-5.624066300292872,-7.106096564750568,4.578607492498198,1.5368071723902463,468.5177108562429,0.38995255371881665,0.00958653977319101
68124,-6.158101240293736,-11.717265897499491,2.7252227675821494,1.7756552085452362,422.0220635690534,0.24811011283815,0.009587795927655022
68125,-4.959335152924379,-12.415386004642736,2.4283842776650846,1.002283893647413,269.1331136270487,1.4713089033872917,0.009588547006090268
68126,-4.5512999803919225,-12.279339312160824,1.72822627099646,2.852546852785719,487.0842121022771,1.4952507846531686,0.00958930557675554
68127,-3.59577330405679,-12.678069156078015,2.130066706977016,1.615003598706262,467.80990887743235,0.45191099178354666,0.009590133484028691
68128,-6.789129134661084,-5.258308012837066,1.9593957378950548,3.9512578082186014,559.3912604067925,0.5868296762491125,0.009590889392815796
68129,-5.262190118772198,-7.106590509487577,3.3491508730050543,1.2291362265395716,273.55104973041097,0.09195267372134008,0.009590925111749889
68130,-6.082960527814947,-12.681635006005742,2.4665725583991143,0.9590682119579571,253.01394654448586,1.0360909993667704,0.00959441132421045
68131,-6.756074483663493,-12.442255638403402,1.9631180601307248,1.1257925294275426,270.5193621999805,0.6541311961065208,0.009595017592557485
68132,-2.9293813430357076,-8.948757587297429,0.0625979780067854,1.905633009258516,460.2666869234931,0.6089360468315297,0.009596756372088684
68133,-4.3902528613139165,-8.827774498701636,4.801365493115366,1.5267938471228675,333.54547137055613,0.822947753009502,0.00959740218383334
68134,-8.388931568557545,-7.159529685615347,4.590884518966591,0.7614740407974276,139.76481629094485,0.09969351239117774,0.009599052844769607
68135,-6.746487335315124,-7.411938636384546,0.3331120418613245,1.7870468121274157,467.92531869017284,0.5624998862684185,0.009599601346481149
68136,-4.822208232789053,-11.426908537683639,2.7611196465685395,0.9270177683143392,194.91467879741506,0.16132683207267196,0.009599641576408647
68137,-5.2078028032325365,-12.541329845235522,1.8415869465902994,0.9464018918934164,245.0425379376437,0.13323724064899345,0.009601038180813877
68138,-7.5456989098779905,-10.141604772546374,2.178866702812955,1.1123418556975564,232.33440758297257,0.7767364610083787,0.009601702215960815
68139,-3.642738671373131,-12.543336341663371,2.2795168402714103,1.0660358031031796,128.64480972758173,0.3262896059680891,0.009601768697813722
68140,-7.144453790900342,-11.153481100053774,1.4203603278115657,1.1968547381350632,154.9441429128481,0.2496261874401382,0.009602210892550266
68141,-8.031197979993822,-8.531167913096237,3.4110571370386347,1.2079960454262664,305.3194099319901,0.5498325620615789,0.009602916595472613
68142,-8.89593107001944,-7.458847905459913,2.803128907857522,1.8048966771884773,468.60093420315343,0.8599832344852825,0.009603895730363821
68143,-4.566952648763966,-12.925441623871436,2.1242280479551865,2.603408580644286,465.3188708139333,1.5659261787782324,0.00960634608326128
68144,-5.912363293128873,-12.141049302286918,2.5954152332982523,1.595212524135156,367.3775653376144,0.5523661873980812,0.009606685616949813
68145,-5.2010525753362575,-7.153504867670266,4.1470960118886895,0.9657334809053018,200.6882160040252,0.010832576093623203,0.009608232367675787
68146,-4.878687873119798,-12.31611987252645,1.6160309436774194,2.436942631986403,452.19629462129456,2.5064568948399923,0.009609016851489871
68147,-6.1991784252283075,-12.312276138210407,1.652255000787963,1.0274796072900685,268.9262935479821,0.6793299290289205,0.009610145492204274
68148,-4.667912176459482,-8.476275253215565,5.161229619091283,1.0548031187082954,277.9355805292234,1.7393306229576746,0.009610491200967027
68149,-3.5564951847668773,-12.30608763306584,1.8710501099130836,1.2995810343351735,285.30121141484716,0.9829829715546223,0.009610557519241046
68150,-4.036369992804695,-10.612446137108506,3.155185208949152,1.7156689567526116,358.51098794913634,0.8901837488758702,0.009610762112906434
68151,-4.330629508866053,-12.494782749253453,1.53867379788539,1.7914204720800138,425.4453744108776,0.39393005116058966,0.009611632836716165
68152,-6.301754428004253,-10.5348504976002,3.2890508819497994,1.1891009862376514,467.83506042772404,0.3268168631183537,0.009612084745305786
68153,-2.670321971736003,-12.2041598299777,3.7216082279540905,0.8044958158730384,163.844023734723,0.6212812868375295,0.009612177903025588
68154,-8.877015955795612,-6.162275724986135,3.8811854344943355,1.0510155182298664,277.624922305896,1.1795193753476871,0.009613421108000864
68155,-4.822930236571845,-12.273547548348152,1.6755271151767033,2.411274911353752,316.94275030172327,0.022648617250520253,0.00961475159968691
68156,-3.165051041210165,-12.864015373871009,2.2423482895968476,2.300353942022488,429.90811908057873,0.6646741304988799,0.009616654149653651
68157,-4.700352401683194,-7.460894966072817,1.9955105855662911,1.166597123758986,468.0392970669167,0.38549182625088196,0.009617150713234716
68158,-6.951570160232746,-10.541728697108205,2.9381290891953205,0.9389320284612483,240.92146622415805,1.2770314427699212,0.009617162200570378
68159,-4.694539802988218,-10.43868488950741,3.3018408612269674,1.183699050513246,282.5816755135246,0.5376804466106142,0.009617265116399484
68160,-6.589174826728588,-6.970773427177594,0.8884422228265176,1.0011095405597565,436.07450666505406,0.41248892667918824,0.009619008779666724
68161,-3.6550690350803228,-7.4088296959737745,2.4042344411877785,1.0636974855326282,213.9189170554508,0.9539618008863888,0.009619074284109767
68162,-5.482650203729703,-7.039099491851648,3.151148886315007,0.905294166212896,469.6781937483457,0.09209103605042301,0.009619134726490992
68163,-7.7505429709426075,-8.34378477927207,4.288389014340291,1.3816738382588818,325.598760097836,1.0105774300085963,0.009622319402961276
68164,-7.368861697755889,-12.778542167153978,0.5643993971230571,1.5908056895989078,370.5556839608676,0.4242442997023126,0.009623454580980777
68165,-3.525123672804779,-10.309095545723796,3.3542327325964263,2.247400894227259,429.1048555357683,0.38841381468870484,0.009623698328533683
68166,-9.091374654307252,-5.075326436136538,3.077023157840844,1.173405526853592,299.8590905474918,0.7782124709440357,0.009624081409485877
68167,-5.915098115899947,-7.191710246957356,1.7461285369204091,1.1150642862230205,468.10899192884904,0.7357511873694156,0.009625088670736194
68168,-4.838960085667939,-10.296464506409492,3.414880436140058,1.1327320080330163,290.6224798412711,0.6170105567192499,0.00962586821824351
68169,-2.6663182201210054,-11.949942336942886,3.7810239828646557,1.0364191845434627,278.15277005794377,1.6400760608733718,0.00962642414318192
68170,-4.815399674122815,-12.18586845406634,2.489319794043249,0.9087114425160218,468.05375293247835,0.7044801116266362,0.009627376281943718
68171,-5.342982599714727,-12.754602401417781,1.8880973904966805,0.8312778296973173,241.18343696360395,0.19383925226618803,0.009629499787290793
68172,-5.358310387431312,-7.100540666902206,3.0565774498750278,1.9235675573215003,172.04434781863418,0.2920609530212275,0.009629965966657867
68173,-2.604156126212093,-11.604064632431779,4.026562277045261,0.6783089554890153,134.39375027287554,0.1613867939356206,0.009630173061951802
68174,-6.687694776345518,-9.937423594760318,3.619585224468232,0.6960542489061861,192.44760744831493,0.28312069579845556,0.00963118581504177
68175,-5.0208611973712545,-7.214968733769311,4.275476038620497,0.8883761918082586,223.7563278701677,0.863913040923685,0.00963123964077905
68176,-3.9698698226375804,-10.743475745057118,3.0780885728166187,0.4984456305595526,121.34461836841348,0.20578466920702798,0.009631419587998116
68177,-7.791933963295962,-8.393356605915148,4.1383800127802015,1.6844029644915555,366.64402732852875,1.8216594766665626,0.009631651235846417
68178,-8.925291709972477,-7.467673862263721,2.603256811625763,1.5227912969023574,344.9095063789177,0.2506169738838091,0.009632199682669025
68179,-2.7068576947825544,-8.019076007978946,1.6162794159098606,0.9845675784441965,468.2374442181033,0.868249074902093,0.009634902667666496
68180,-3.391922193943299,-12.825041907268735,1.4815544287437614,2.411472162883192,443.0411494206113,1.1733552822098492,0.00963543408521945
68181,-4.095471762411444,-12.203263012975464,1.7050702575289007,1.51178244089889,355.3248708160296,0.42764736027214934,0.009637180248319546
68182,-6.2625350109923,-6.52590590429824,3.5549101834683854,0.7146035397664385,145.65781643456683,0.31897950641883455,0.009637325603911279
68183,-8.425599047892877,-8.409918774220449,0.6348198618729338,1.390602036857237,326.8318264899648,0.5614575318771449,0.009637456987271491
68184,-4.623544960724124,-12.837497048602842,2.280612448501508,1.3704544668511491,327.3793841927214,0.8693270295116751,0.009637622534322045
68185,-5.288420058365912,-12.341898530263732,1.691607478343639,0.8712620878257099,251.46637429790073,1.5576643930297251,0.009637978603401506
68186,-3.876006040062542,-12.808380180428529,1.4819375570793256,1.1071088672443257,284.00400618401875,0.21515772194902638,0.009638255949048182
68187,-5.86026354196059,-10.532276907406494,3.3064678738738946,1.5479506735607735,413.3196726389554,0.6153534880042404,0.009638567461176797
68188,-5.847652338952741,-12.839933252810226,1.838350677053978,2.491465467634909,457.0886503814461,2.366561956430421,0.00964025266645485
68189,-3.712505463887739,-12.408826228250511,1.9236273468354779,2.221529321364714,387.48804755808453,0.31432955211922575,0.00964034452579
68190,-4.650621039967397,-12.013830020441382,2.5253757978546827,0.8695589418400412,468.5896458875524,0.7751982208179902,0.009640481042944475
68191,-4.23981190602917,-7.663761740405652,5.187631030795436,1.7942398189040787,468.8953451873048,0.6412212044175103,0.009642351895236738
68192,-3.962044833193846,-10.746720661592663,3.0750272031463632,0.8168690639417284,467.44245629976587,0.12580342563058,0.009643292989721105
68193,-6.644409108691218,-5.892858714012182,3.894915849661047,1.1946916303493837,468.408028670736,0.4805553599115653,0.009643380695092029
68194,-5.350906756426025,-12.527013892893638,1.8100969665934215,0.8580677467433735,178.8977016739535,0.05650500948384529,0.009643721651695794
68195,-5.757837193522936,-10.026162271382173,3.678904068811208,0.9561735060757767,252.31566358674112,0.8824669338346594,0.009644049083640327
68196,-5.933601536134331,-8.637948202827765,5.13679723768317,1.3288654888270108,468.47586496018084,0.654310512055889,0.009644409248126064
68197,-5.054949808223433,-8.119261447586764,0.5215704772741461,0.6005940229757045,123.06097870737942,0.15071102764559452,0.009644685751428246
68198,-6.734221029422134,-11.605766338579434,2.530101330288459,1.1725560404439117,468.07639572281926,0.3966562092169026,0.009644944138461514
68199,-5.691220743637489,-12.431667703291039,1.5525725590643547,1.534064534305046,156.04945199362984,0.397407242540317,0.009645145877699511
68200,-5.175051389029958,-11.892348241087133,2.6069190347030267,1.7706456883898603,420.87400805883374,0.34485773697648714,0.009647238627119496
68201,-5.942352354408447,-12.996065471385522,1.871416373400357,1.1034983029457601,225.6213305960364,0.7043743933033992,0.009648233942224483
68202,-3.60050981718548,-11.850855394815548,2.531208595803088,0.8795486315143042,181.80594926749507,1.0579730799004743,0.009648487279077455
68203,-5.3883364971627055,-10.385200025236067,3.377535224090996,1.531576868500049,348.7395563556174,0.012008772177812155,0.009649120898741485
68204,-3.389784811030893,-12.45741975453111,2.294574447005985,0.8684436396474835,308.5460112350809,0.19570432341144706,0.009649471079346357
68205,-9.035796019235041,-6.741706726079552,3.201919063368925,1.1211447279442823,288.44560899977563,1.3126005723687069,0.009650820355210874
68206,-3.242669253925942,-12.674189806970626,2.1929430465502167,1.5903572976448412,231.4949734594287,0.012608978217721223,0.009651127875452574
68207,-6.292799571336746,-7.152707927051193,1.2409383056495824,1.009678472831477,468.18210717677397,0.2174599412526037,0.009651411840161918
68208,-3.55548462985284,-11.466497375748745,2.6881839120194577,1.5175047930578032,351.76375393255364,0.41880160173266123,0.009652143179562797
68209,-3.2684764305953244,-10.537086834486308,3.20311418938995,0.930357479400248,468.604664604148,0.8262452908881288,0.009653504296273003
68210,-2.634250245709202,-12.703459402041343,3.7848486478710974,1.763225692972118,418.3720613198661,0.3659046984862888,0.009654804554102624
68211,-5.100468453286072,-12.342424091518224,2.466355095671321,1.132157107428223,263.22642101255593,1.1530203405202348,0.009654969691536668
68212,-6.59647607106704,-9.97317330313179,3.6295705849470044,0.8869953362911145,177.83816814514867,0.19697138294629912,0.009656568713674584
68213,-3.6998270119481935,-9.108180373937216,4.475626310281213,1.3700324863054871,328.2384220112979,0.3231113746182048,0.009657282759170443
68214,-4.620858206135457,-12.958350729078884,2.216911843413505,1.1556700318611615,295.7349981220073,1.571708700664467,0.00965744665679896
68215,-7.066160847064383,-5.367977617451594,4.896927160849263,2.724670274994429,475.95497937496003,1.562615186744222,0.009657477385066395
68216,-2.619334976595175,-10.27384327817321,4.444291987730897,0.8188290037874894,467.5824156907152,0.4211335901028308,0.009658310486885946
68217,-4.508079679016317,-7.632872382515371,1.5802006172432463,1.0741768267992464,467.490127244877,0.41264091792331836,0.009660576201427415
68218,-6.892618911625024,-6.110463568270073,5.114078317244914,0.9497841290196496,248.3777666652126,1.2143686875607909,0.009661835216763393
68219,-4.764206071121278,-12.960579202166272,2.101912738914281,0.8541542288928691,228.73142009985793,0.41860898071034036,0.00966279385727067
68220,-5.424684955343056,-12.377676825678968,1.5937947145858293,1.4773719468155055,346.1619498106167,1.0597596583819504,0.009662801692296526
68221,-8.609392624088189,-7.828269749649073,3.1237587652931262,1.0118501816220944,274.2564947707727,1.732140244224782,0.009662809666982838
68222,-2.8258287215333358,-8.42074746924543,5.105853680555631,1.018180740736217,277.4510452292248,1.8863918758249794,0.00966345420110733
68223,-6.890899353184357,-11.259664055470392,2.5363515789977913,0.6279536204622187,120.63295733690501,0.10005207772204461,0.009664625550694776
68224,-5.732707350233792,-11.866582571587367,2.667605476143334,1.2077079824021757,290.7303376892089,0.2684492998026897,0.009664936351090503
68225,-5.827464916140226,-10.001727829082943,3.702646071970388,1.0308483941385487,468.06796933057245,0.7125626166940293,0.009665116084979735
68226,-5.991771790134517,-12.907934458061476,1.85279210059063,0.7536594442704961,146.89683456662436,0.38066870599477287,0.009666183321467653
68227,-5.568014425622772,-12.911956609047861,1.8960973104132741,1.1272461356034338,267.7136099796928,0.11751380678189793,0.009666333094950609
68228,-4.460141609799988,-7.535280589971754,5.05047957847887,1.7885111549458625,467.92958314926756,0.5489997149071266,0.00966861068254708
68229,-4.804017754487164,-12.473994431243565,2.401018524530394,1.1315795287172974,274.68752145541737,0.9923245882161558,0.00966964598230952
68230,-7.191434551837785,-12.614728458267106,1.0234410406139574,1.4514618477615364,468.05001212642253,0.7024126776596384,0.009671408271024697
68231,-2.5760185220806084,-12.02251357651286,4.004629855176954,0.7267256032404655,467.4254438343093,0.5049653748856775,0.00967143645082101
68232,-4.469245922881874,-12.072353553032803,2.478787383168731,0.6941505598205036,423.51753664381397,0.3824743467149423,0.009671582809950377
68233,-4.1020868244001,-12.739874309537779,2.1771792461474537,0.996987691059461,467.9934070966177,0.6447003231220725,0.009672953388522733
68234,-4.847198929311051,-7.343498028084799,4.699041495936342,1.1476294221781866,469.73979966647164,0.003236900608957427,0.009673589501496183
68235,-6.5365179368161055,-10.429835434825389,3.294505648134741,1.058350092573909,466.48164663230904,0.08203465307290703,0.009675221447869817
68236,-6.488246270782865,-9.450793739258167,4.168086691191741,1.6865653024260567,396.63992368872226,0.6025740160872743,0.009675538704320488
68237,-4.013064263318935,-12.755626406830888,2.1888993664197596,1.235398836203216,293.96068056935604,0.3821219006773289,0.009676767880052676
68238,-5.60081387905203,-11.55516524905908,2.76845976902921,0.9537718792318167,257.19309854837076,1.2927442787977759,0.009677205647311246
68239,-8.676033158010057,-7.03444649641808,4.0738739867299785,2.4198053569519784,371.0618468957107,0.07294881696274036,0.009678365116720688
68240,-3.3803692525698352,-12.610990440277583,2.1443755824934723,1.532676562085328,341.9222027449819,1.2245423854555009,0.009678998407277914
68241,-3.3994388270335616,-10.786520651550797,3.03688199789926,1.6572159835311493,390.78719973162225,0.7623146680316681,0.009679517511335793
68242,-5.5861993873484925,-12.33384737643118,1.6003250983118735,1.0257249695921038,470.150285444408,0.015569370954652051,0.009679681981621223
68243,-6.88083257827388,-5.024987712553363,1.6253667931018507,1.8890834572197335,454.7885001169759,0.45757791484848376,0.009680767430535642
68244,-2.933639328607769,-7.780057737423616,4.444753453481672,1.066046747233663,467.62751312895404,0.1690082765517742,0.009681249026677727
68245,-2.923745348752469,-7.794425760567637,1.5337256940956177,1.4937570180307873,334.7825288956283,0.2352634786823593,0.009682118317219567
68246,-5.579876655181409,-7.016103535765153,3.84726176251555,2.7393056816608112,479.49131080809735,2.2592363500940893,0.009683262295009968
68247,-4.557789165831107,-10.894796008293014,3.00889137084381,0.8716396538994302,178.18886885353427,0.39547295736221866,0.009683533786930165
68248,-6.077699410999641,-12.414118665501874,1.4888269035431896,1.1041492447449053,467.9570048621241,0.8188601787025815,0.009683774753725767
68249,-2.9935513076640063,-9.039750325410946,0.0042056203983111716,1.0142248876055404,276.02222162664015,1.2767587959946214,0.00968393057459269
68250,-6.123990001034122,-12.76973265773591,1.8195873995523955,0.8069581010535826,469.1622774786552,0.1343394615505833,0.009684387041499553
68251,-4.490224595814708,-7.394839412812204,2.3010612571081737,1.197566468951222,291.83504843120977,1.0239350393054236,0.009685210382687826
68252,-3.117647204301912,-12.36830009269751,1.5883814758742487,5.023263938372632,608.7647523567448,0.24986090860427002,0.009685258412625537
68253,-3.3489704514073555,-12.142829569346508,1.7481548524985908,1.0765468976328607,281.1716202041244,0.8925173546577261,0.009686303628150563
68254,-2.6533332611655496,-8.24955421097841,0.7861021342041354,1.465131109486933,338.44040934998463,0.9922049046636721,0.009689584991790607
68255,-7.245569557199182,-5.483028777079558,0.12535809751451313,0.9865670848162893,271.11631458509646,1.8540856381200959,0.00969016116877998
68256,-3.979562242923964,-12.667400406795524,2.0573339280668987,3.808313414669341,557.3266210368016,1.1188692978546824,0.009691539062556693
68257,-4.154852790606256,-12.694642442821156,2.0482310327631206,1.1075570238181092,467.6340741385322,0.061446524558033566,0.009693321567094251
68258,-6.858234477101563,-5.203513786650762,1.705966554054826,1.741249648666069,412.75950743173877,0.014742819124383466,0.009694923302919682
68259,-4.786205888325772,-12.38091364840729,1.843487679166553,1.2502553428593965,468.13130348132387,0.34271324926540014,0.009696020190145626
68260,-6.373370239349271,-12.965722765470014,2.3288833806873948,1.826516185159546,438.0627916127006,0.7685862938116559,0.009696291128177206
68261,-8.616157408598447,-6.925997815634119,4.287866841181355,1.2642785367049327,273.60312553303885,0.8972470608832035,0.009696488153025514
68262,-8.44050482166173,-7.389666709855656,4.24826968825452,1.7981304309667068,468.1473189850421,0.2836570415296604,0.009698586581291073
68263,-7.001996696628055,-5.382493404354649,0.6614120364208196,5.919333053604268,531.8133767340495,0.06415533376112226,0.009699289718926763
68264,-3.17349772234384,-11.245243968620287,2.8320968539479363,1.8112996426982364,468.45582339768106,0.6891207286145553,0.009699379727348752
68265,-3.2373264068350665,-7.3193783472276905,3.1102685957976894,0.8916431146644632,467.93907956300626,0.19776658466496055,0.00970053086485857
68266,-5.517671095393998,-7.169877382588846,4.689131207697533,0.8519584063429766,188.36946131254808,0.4871570290805316,0.0097010217787629
68267,-6.739039717315385,-5.546755583013665,2.12508239686544,1.877772363365252,450.52941418404225,0.6178707216588508,0.009701536685645539
68268,-6.938687711346747,-9.736366498311298,3.632827394863626,0.9042791680720557,181.0356769102617,0.2575039208333232,0.009702277653462123
68269,-4.535159369404069,-12.822262941726311,2.203111251079012,0.8782665556975355,442.7951165550761,0.5830184833203491,0.009707757506813026
68270,-3.5759718014674196,-11.78083191724963,2.545766519229771,1.0773010188032783,214.7469277565138,1.0384643267788531,0.0097083117117748
68271,-2.276225819373961,-11.802409356202748,1.4638755543613706,0.6534299603470917,139.6030117675543,0.01358374851019395,0.009710911679807272
68272,-6.6175237590235145,-5.851396542319272,2.9374565196598765,1.8182117549293957,435.6626017493049,0.6583679924562746,0.009712978352448248
68273,-6.814230055389481,-12.236303595670915,2.071027579432065,2.9501044257868028,231.57972338403442,0.24633928822880957,0.009713788711559082
68274,-5.659172237719709,-12.160797879194286,2.5647565419934435,1.0959437418760916,291.4770927116543,0.5218419674840087,0.009715651747473958
68275,-6.335263804572404,-12.973617303339694,1.882141580918169,1.6447569781544915,468.4388020782718,0.40814991480251717,0.009716142461815683
68276,-9.054654097130857,-6.343387274631835,3.280183730539119,0.772363043033259,180.44452474556886,0.22051150119897844,0.009718545364163202
68277,-3.014402689356527,-12.901331104796482,1.9936259284138418,1.4187187072542962,139.83887367641722,0.3326842007547661,0.00971878175975695
68278,-4.54021530419011,-12.841047013708943,2.14332165446864,2.7465753551788703,479.54794384318234,2.0166557790075457,0.009718884462094578
68279,-3.940685338465509,-10.558196126299656,3.178485536605674,0.8601983719231664,468.6020558604687,0.5628675334077107,0.009721447163382108
68280,-7.689581703940587,-10.513989939358174,0.5820322178030446,1.6847447111393878,468.32419860136105,0.04215487698344411,0.009722448413387418
68281,-3.682610449201907,-7.617194015785749,5.078605759310666,5.842253949927371,537.5576743962209,0.05730439422201972,0.009723219978891737
68282,-2.897809061885922,-7.68961531293867,3.5496833077325136,1.0113607940291114,260.1503075559889,1.2978210960741192,0.009723299108838167
68283,-4.510590334201235,-12.449460545708108,1.9117649000339232,0.9403811732894265,186.25022899796997,0.3576512332182249,0.009724011255847135
68284,-4.3451128840193975,-12.79011355384757,2.1966925412310383,2.194962757662948,411.9229747765041,0.7439714092648062,0.009725027421763335
68285,-7.962315155159507,-5.043215574685682,0.1314452802716464,0.49842980133779086,116.88879770141347,0.2615125329629846,0.0097251822410264
68286,-6.922887205912479,-6.469170364870846,0.5595655328066792,0.9775652996516356,468.2963271582422,0.49967697383033016,0.009725679100485213
68287,-2.566637157885234,-10.470190416501442,4.31007878050935,1.9100299600295834,393.2569968667882,1.6497948330620913,0.009726445826244996
68288,-5.07249291039852,-12.27771642792899,2.4720827611936125,1.4995192625520466,342.4793506864288,1.6785098115458963,0.009726489442351452
68289,-4.796121843877012,-12.924649760319344,2.084609794546881,1.0221928212392553,280.3239806528645,1.2639861878880287,0.009727629779979433
68290,-6.0484432514020945,-8.302335917152504,0.12362544100833057,0.9686166592059386,219.95266023940565,0.3813801880221126,0.009729078510191117
68291,-5.436367221245245,-7.22744178621035,4.791789301674878,1.446171816986048,318.05374823474904,0.1970290203860685,0.009729786548444848
68292,-3.8624280801211643,-12.310066789374376,1.8894423955106185,1.1593064160710775,240.05806750215908,0.0910742519091352,0.009730062802808435
68293,-4.548963197325774,-12.421369130077036,1.8773020445507738,2.4603410947641753,454.1838348327301,2.350268536406163,0.009731482150628334
68294,-3.082941217123352,-12.01629826140337,2.630252176736805,1.5972879994346696,348.61771648918125,0.5558437872637318,0.009731625036123914
68295,-5.054734553151819,-8.927220578576488,4.733335763454289,0.8591905685676002,468.1193447677003,0.5584932413363664,0.009733497316705841
68296,-4.64106545959739,-12.742036224665151,2.031742687400351,1.1600689784009357,300.7040700820101,0.74635743980875,0.009734609127475204
68297,-2.8976159366633913,-10.436567474746488,3.702052266397113,1.8474509010624276,468.23412096813513,0.15119596154209436,0.009734625897276753
68298,-2.9208243050312177,-9.44208114758705,4.5296455776917295,0.980521595247723,467.1652652521262,0.6283673098216846,0.009735528820408507
68299,-4.908508942850624,-11.289458028432577,2.814085365828477,0.9977186790235344,468.04268861503067,0.04642362093770913,0.009735545414064604
68300,-6.398698252801841,-12.468278548957276,2.4389527332879313,0.6213528454029075,161.82105638348702,0.6743852532766299,0.00973615035375814
68301,-3.0736682139835168,-7.583805476762037,1.9577543571792182,5.753257665220401,576.4156525642119,0.12910014538638404,0.009736866926222776
68302,-6.570687378986424,-10.654873047492497,3.1255054043693833,1.8507827435120094,443.6553929369183,0.2630173768950117,0.009737865693195354
68303,-6.199495237885518,-12.2277129594152,1.550999675773525,1.1088141468142259,466.94126958843304,0.603718853121527,0.00973864238304834
68304,-6.160741006628909,-12.612560423876893,1.4251840470912323,1.4083594965709028,469.17972880772555,0.6325537078193255,0.009739031545058471
68305,-5.281668111704588,-12.733311228297671,1.482250401311798,1.0576349006098504,468.1074140208252,0.7350698147508545,0.00973955727593507
68306,-4.636280542447208,-11.688642374352417,2.627253286436,1.9371181456010609,389.97814617639943,0.5166479868978646,0.009739780752449105
68307,-8.837780117742387,-7.603094652565706,2.7246329317106515,0.7795992706254058,215.18146046533468,0.18285520011930245,0.009740183391927134
68308,-7.849885228106855,-8.355952557212522,0.34496660879562663,1.7924413431010773,376.4777179971006,0.6071756307715388,0.00974081638045213
68309,-7.091966837713022,-10.18190807176484,3.0584598858459744,1.0434513814199426,209.06890203909532,0.9594718621615428,0.00974103853211063
68310,-6.3882864786140505,-12.617088965084164,2.3983304477511704,1.891387229662356,456.6324564650147,0.28046489824435117,0.009741081620484605
68311,-3.0354113292875216,-10.412374263132156,3.4845258416734755,0.9464681988658354,193.43810183660042,0.05291128217023111,0.0097422573885711
68312,-3.80567985996648,-12.672273236451996,2.1439526791566865,1.390654790860215,331.82788554809764,0.3090788227055379,0.009742453286944454
68313,-6.308079054010989,-12.62846657348688,2.4223608661400235,1.1092273769532073,287.7190076341807,1.186930369343279,0.009743336216072093
68314,-2.703535315366631,-10.252465807304198,4.3168812683966085,1.7366462894466432,410.01457259716784,0.36260344010141665,0.009745879819771182
68315,-5.73878110726038,-11.291902062747594,2.8818692039485043,0.9697497200379761,193.43448235638746,0.6242091454381962,0.009746085450529728
68316,-2.948188198142975,-10.976066611836906,3.2687748371003003,1.115971128536815,264.8455065053529,1.022232077146123,0.009748475542233159
68317,-9.182680387777818,-5.640433221343574,2.2085550951611848,0.7143708119255124,144.19021440962956,0.0482526486519399,0.009750906085273379
68318,-3.0537674956474063,-10.768436260044755,3.2169618848352854,1.0094149760926243,268.9383753362416,1.7563617794329245,0.009751101214382527
68319,-6.043245665818003,-12.714588503382888,1.8155524935388376,2.7477704723743437,478.86649896746934,1.7714350902382199,0.00975184727951058
68320,-6.096337045837984,-6.745030899314346,2.751779200159734,0.7608305468018576,213.8354460612171,0.9129507138854303,0.009752912512871076
68321,-4.826233472538011,-7.491460223740617,1.9062250451947451,0.8080109698299187,186.27122684683232,0.2884324620478793,0.00975299181276347
68322,-4.074926595379459,-12.08887230361258,2.447505535752557,1.2511374570392428,269.3364325382245,0.4655912779240188,0.009754108664591862
68323,-7.154434527075617,-11.124454989842276,2.1228373493527286,1.3653477355482904,468.04303795517757,0.27221766849016493,0.009754764627597523
68324,-4.207737106697211,-12.536357455222436,2.01353896959646,3.737883515499181,515.4772964233078,0.20815645701815377,0.009755453652387083
68325,-4.432796276926209,-11.126503310867847,2.8660406885189142,1.1883754534794049,304.45356652110905,0.4908608012844171,0.009756015920875901
68326,-4.792022730940497,-10.500293312307697,3.2597527404022344,0.9930756804961596,271.29389021826665,1.676259499460678,0.009756992174119824
68327,-5.284235472298077,-7.153691737287094,2.756211065066461,0.8473745509030307,244.21173546186193,1.0226109898964548,0.009758667752032303
68328,-3.469744850378116,-11.059692852402263,2.8713181767136327,0.9861570380290439,262.4742373784745,1.4975783051371705,0.009760008978344116
68329,-5.172886693376682,-11.104705104134572,2.929459314241191,2.7278717044937273,477.1897377721229,1.755503667155466,0.009761761550427761
68330,-3.492380357253947,-12.130163177638345,2.4007349645407623,0.6110049136369905,178.96865020030114,0.42561205184172035,0.009763006845314892
68331,-4.398030911011304,-9.60000082295977,3.9743252007907928,1.6968815637779022,399.7657220759809,0.6237284054991132,0.009763269990083838
68332,-4.17213956543343,-12.155383139889503,1.7221821966911186,0.899336428661063,257.5400206074775,1.3673327651727805,0.009764129365582118
68333,-8.737952472113934,-6.6919263754603895,4.123789990748362,0.8856711344560574,157.92234656490228,0.2495457940361563,0.00976498882286829
68334,-6.377610872077319,-12.319935065025684,1.4350394792018615,1.0158306310295249,276.5115983319148,1.431808384828762,0.009766120075565581
68335,-5.18622781285731,-10.171799515241586,3.5216335977694784,3.170785664451594,486.6910702111847,0.3224079138284548,0.009767530759855357
68336,-4.766000260214503,-7.637825319619124,1.5077378478708476,0.9963083600646436,469.19969185341097,0.6319059711867032,0.009767991964596384
68337,-8.95725319318834,-7.49105573062862,1.8418269437893255,0.7775162108484215,207.5733643524758,0.9861953048364143,0.009768402466101065
68338,-5.70880191124645,-12.331384547519148,1.5787068628865166,1.2412316792906481,156.33169916088443,0.2753136772420124,0.009770388511134358
68339,-3.759093983320775,-12.379679441629724,1.9609988368495361,0.9256444957562632,190.59850088501273,0.831537383340657,0.009770953206647786
68340,-5.360985754946795,-7.076794729982621,3.4132998542172346,1.6273542200336706,173.04953535007414,0.4270537081111092,0.0097716714840071
68341,-6.244656745754343,-12.788892420637014,2.402796224258294,1.0054103290190977,277.0889382370865,1.2698532814851395,0.009773141162845207
68342,-6.172650343250266,-12.496729808656763,1.760677453014184,1.6199135334764738,467.88815736114714,0.5735979869255923,0.009773272662305498
68343,-5.852334450377226,-7.0733463375682835,4.8251053996049595,0.8639171820535496,179.61009701691134,0.64277000050319,0.009773443407775504
68344,-3.101535830976779,-8.034961848525619,0.8409738753200946,2.3983463906339235,445.6204896587679,0.46623648048097355,0.009774267982636918
68345,-3.1664269569604153,-12.76474668527503,2.2381562065162486,0.7437303687877668,159.50377599206757,0.9457368992871187,0.009774377193450588
68346,-6.096440200906652,-12.256067416761606,1.5807849256064246,1.5484925726665266,467.96864702910943,0.5778894317450787,0.009774415638979603
68347,-6.218988358658177,-12.472608460685484,1.4380588769984066,0.8034541244818171,161.8779183170495,0.010540606105780448,0.009775066749699269
68348,-2.940129869073819,-12.809496488912066,1.8668130284811109,1.07504379485785,247.97372075627786,0.07886582940801734,0.009775727950316617
68349,-3.0442412775808094,-12.722200126574274,1.9881230569635373,0.6538506476575077,198.53737272054704,1.2567571722423247,0.009776440423778796
68350,-3.6082424246125893,-12.563178633705949,2.2222460569784714,1.0166670492368897,278.15299501105267,1.3514432895258954,0.00977663024289345
68351,-5.386402831748714,-12.041158816516168,2.564020272884891,1.0204291415213869,224.39800682132986,0.03345218478905476,0.009777544388574581
68352,-5.563447609293017,-9.899080998490723,3.7729595589358973,1.147382481244563,296.21093576813604,1.9061748730243222,0.009778017938972702
68353,-7.266422317675359,-10.692951679006327,2.2848188288749522,1.7718004164233565,418.84087263137764,0.5863659622598396,0.009779261410452949
68354,-4.965046197082148,-7.177743449753559,3.5299766675187296,0.8455419730180956,182.04807623737148,1.1271065487540257,0.00977970882296446
68355,-5.452129501369076,-12.352334593675556,1.712425835777223,1.341986980915477,302.5446566449298,0.04282642164689765,0.009780174049708785
68356,-7.931252671796898,-9.810880356279073,1.1501658275056408,0.8642997598860834,469.0869422046886,0.20591466418916227,0.009780218398925244
68357,-8.081965615363812,-8.992834787634699,2.3714337405776655,1.1055763680478363,264.447981447653,0.617650320805363,0.009780240303698421
68358,-2.61366488890304,-8.471448858068651,3.037328264011213,0.8617321480327607,172.27561145610477,0.187249253635402,0.009780257714312967
68359,-8.756283218933852,-5.9227033750795535,4.155035521490799,2.7460990082161687,470.5225359216536,0.8051193586509022,0.00978101925993679
68360,-9.053795774248004,-6.412213289347698,1.4460324681510532,2.6118785350953972,467.7272014605108,2.1466166751342692,0.009781931455371005
68361,-5.395702180122591,-10.682424876322983,3.1748067322137854,1.2289568052796775,258.882386349642,0.0609425420796077,0.009782090194305867
68362,-4.736262626679341,-12.43461211992752,1.5391545326509635,0.9940771045829855,274.8230898263214,1.5414906758324216,0.00978356958096274
68363,-6.8710645702128925,-5.633245288475316,1.0142478616852626,0.8742784883946221,242.75178170421518,1.3574422586298267,0.00978397059169403
68364,-6.48234334508801,-12.48505070815078,2.3808162446644108,1.5542675392933603,169.09154330030972,0.268969487609815,0.009785225857624473
68365,-6.463246320569061,-6.675338572906,1.7448032420377404,1.2137033049737835,468.0824483614584,0.7208728519414036,0.009785416386446215
68366,-6.301942962600113,-6.532336987956596,4.036068024556269,1.1304996564003547,291.0841318848718,1.2404512769156026,0.009786450730970574
68367,-4.3561972260860005,-12.197100194756361,1.7937189897508587,1.1410483421523565,242.34829439352907,1.0306477509204717,0.0097877443359476
68368,-6.790126673942314,-5.3247944703843295,2.002072122521095,1.303810581854882,310.5523892340739,0.527053265471106,0.009788284396418902
68369,-6.774045554608179,-6.305000113403434,1.0121816792887357,1.1060933562674886,274.03316003849335,1.4874260203466294,0.009788481301516713
68370,-7.767853396918627,-10.410964300791083,0.8687892718416025,1.103269619327346,285.70308805063183,0.7661963536107086,0.009790385710157818
68371,-3.058719289539357,-12.63699746519908,2.4808913691141976,1.0512217683341627,246.78421909962088,0.40800331109511223,0.009790934177583066
68372,-5.328032195661644,-12.605179215508342,1.8619672065752586,0.8043992712938637,233.80092508832536,1.4370107787183892,0.009791711403715032
68373,-4.986696847597254,-12.834653322087345,1.4660696030341354,2.3031145292027486,429.73251320059853,1.010287686754709,0.009792011400410642
68374,-4.883448507319668,-7.51153759877282,5.129930939083907,1.1013395530018684,468.06601973734354,0.6519553745565938,0.009792383787176681
68375,-3.9380102886893447,-10.223345850199337,3.416740342689576,0.8539556054572426,246.17829987131273,1.2117500363724636,0.009794235910256882
68376,-3.7720762194289827,-8.441570483623858,5.131838037429489,3.1324742758482453,323.0244750721788,0.09039137534178021,0.009794265551380426
68377,-8.544144192473142,-8.060437948158434,2.823541989972173,1.243341604737706,468.7788593668858,0.3223462952700773,0.009794431239661797
68378,-4.1129666042875455,-12.40629091377204,1.9582623579000542,0.7066243421472906,205.1585445431677,0.5503571946774306,0.009795025852619045
68379,-3.918801978987471,-10.955787107692416,2.941812706704634,5.4722524208356065,512.8016245466141,0.041534153826554565,0.00979504339285052
68380,-3.8868968383385685,-12.345745391236452,2.33013237322176,1.046216144722267,274.56132956555547,0.977701140064279,0.009795893300325915
68381,-4.307049607808856,-12.425139380881545,1.9484605921718174,1.1595644765214634,468.03656891238415,0.38430353068253265,0.009797546674293405
68382,-4.690489775836554,-12.836064043048257,2.202804264450757,1.1383896523187111,295.4495943828138,1.4202131098069417,0.009798989909700361
68383,-3.9330639127960687,-8.376720148119308,5.1863523569852505,1.8249851601720597,436.2451667541375,0.11993773896411497,0.009799218665514933
68384,-6.564431514169706,-12.078030201535706,1.689423687846274,1.8325848991730922,467.15659859345806,0.17272643250900277,0.009801555975769873
68385,-6.846792646224495,-12.917117712553294,1.2088643505919605,1.2248388531867869,309.5586900558981,0.5474269000560836,0.009802582367642294
68386,-4.787222836753486,-12.772188938439914,2.286571261523927,0.8114131020623926,143.87180417766294,0.15864425231845747,0.009802864804255103
68387,-5.071871850319958,-11.530501351980815,2.718925291136208,1.852459269483807,467.6677068809476,0.29930140709979547,0.009804127721592493
68388,-5.696684488938209,-7.010596224240364,4.267246850824182,2.0394308772304544,407.69482202416583,1.5420088866085218,0.009804153491390442
68389,-6.476383541158048,-12.913296628761831,1.9215705887706211,1.2107806476289407,306.54913013890217,0.6592321332313507,0.009804617614572977
68390,-4.099465009145198,-11.82600328905563,2.543822661553395,0.65754365352631,194.2673707166097,0.5155395555599567,0.009808254005248665
68391,-9.147316412963306,-5.000994262350339,2.711958223345038,0.826264995264019,225.1060324705887,1.2311559160565206,0.009808339080038055
68392,-4.375292278353059,-7.308092788630803,2.7895933725899678,1.8479075421688371,442.69332933660104,0.3084677616009399,0.009808613237989731
68393,-9.067716952331079,-7.148470379919808,2.0882350015202666,1.5067643736671343,467.98640217944603,0.426766724456888,0.009811455823443742
68394,-3.6952125210296742,-12.327030138263893,1.9201576513183538,3.6449649351893303,530.22472302449,0.33159313283773706,0.00981184627945957
68395,-2.614157038577874,-12.888371119791442,3.8427043576575173,1.6006616226782873,371.35400301703663,0.7451615520940891,0.009812722422792675
68396,-8.976693461044018,-7.10783963647486,3.0540061076137754,1.2847774219948842,276.256884150469,0.06488418947686636,0.00981391493490429
68397,-6.771219378022031,-5.22558006451445,2.336197484773902,1.3138525970756065,312.49878329274645,0.6893536553667827,0.009815020269424596
68398,-8.624559935653082,-7.756457423912006,3.212046615151069,1.017838988566528,467.34854844652733,0.43692822577111645,0.009815236853842354
68399,-7.391743019152123,-10.618089044124474,1.5799983703698246,0.9897253624534436,462.362011797191,0.1328825646800249,0.009819164623279693
68400,-3.4963740215843897,-9.83772168597537,3.730668498152913,1.7616039895070545,417.4398363416272,0.13450914575156414,0.009819486431819858
68401,-5.235440892656605,-12.348500493244236,1.5629621424685305,1.4108786965678772,468.80950158020755,0.15168871667721273,0.009821636086856144
68402,-8.414920850022213,-7.3592751629116,0.45385585862163835,1.1148989565148644,292.7940068460638,1.0068172159563709,0.009821951567771551
68403,-4.512208413655654,-12.82578685844693,2.1699271393258024,0.817542664806897,166.0024767787622,0.06305951875834825,0.009823029098626862
68404,-2.7587747648520455,-10.955721786562208,3.7677699198679337,1.6357197214067642,470.15273975775204,0.05843288279465053,0.009824665723492108
68405,-5.402595222963306,-12.79756885519402,1.916147716814373,1.1920664401007524,263.27162845207374,0.11672899040394658,0.009825343994631308
68406,-5.52597976192063,-12.495570574271426,2.454447143270945,0.53025725762993,110.34626348123625,0.06613227025002555,0.009826087871968727
68407,-5.573406965243471,-10.358780681699775,3.4041392633197414,1.3472054596705145,298.1327305365659,0.9211915529404546,0.0098265227726878
68408,-3.424920335058104,-11.99017449585747,2.4458262774965083,4.523103871475712,505.1893992599156,0.09118561489764243,0.00982658681208327
68409,-5.342435854118889,-12.512529253492875,2.426165028742717,1.6868019122451088,393.52842844166616,0.023700421714032416,0.009827247609126573
68410,-3.593837711708204,-7.355617009388937,4.161581634239574,1.0845073504246554,129.78785773822227,0.3140134708377218,0.009827425130256237
68411,-5.243225396159776,-12.667084440826947,1.916859455890452,1.0837262471801545,466.94187367276805,0.591263214876208,0.009827932369365557
68412,-5.341413169223128,-12.992841447270349,1.9825708429869546,1.59556089913027,371.9065627204978,0.2918465233604124,0.009828590709022965
68413,-5.01589809588644,-11.924072756808542,2.564211813798054,1.4969990679209515,468.94551276574896,0.8763945961567625,0.009828678255050093
68414,-5.602877130803001,-7.30460442313792,1.852260362092436,1.031805186460227,281.2947623527796,1.3160643635356992,0.009830176787868872
68415,-6.15341863862802,-11.246156439488622,2.8943739738383796,1.1899744373260976,307.023101743989,0.5963944525891991,0.009831462618376762
68416,-3.912810863274496,-12.296491070825283,1.568252082269654,1.4986870245901516,466.48724902924687,0.44495912740997134,0.009832571321442446
68417,-5.587154202565707,-11.344520517385806,2.84158033021517,1.3637781359451877,303.97001196669004,0.17261617843875765,0.009833078998903153
68418,-5.5084041968792805,-11.601974701738566,2.7270193056324152,0.8457129589278198,468.0784120659541,0.11013502129727915,0.009834163639578525
68419,-3.7013980167247205,-12.55372572718089,2.1684694424100597,1.5872212033957234,468.2855851026604,0.3194858204239166,0.009834953951283127
68420,-5.127173664534203,-8.632339892859111,5.046292032757755,2.6650819089683084,470.22336564143905,1.4516050205969737,0.009835717303500916
68421,-4.393559429288509,-12.703211482129586,2.203230506545394,1.2696066226116214,470.2944620950798,0.022532172764156755,0.009838291224233015
68422,-4.881982415236835,-12.041695048411135,2.5105015356847162,1.5767347199003912,343.3669157905647,0.4548620511947652,0.009839071035784314
68423,-2.8462607882009543,-7.742057782496979,2.8123771403209394,1.6629600382260712,389.4345297914425,0.5828918198076432,0.009840084914006971
68424,-5.054005441863511,-11.969750243831877,2.551503203937291,0.593762882486293,123.50794104621463,0.7355994458357857,0.009840362983517916
68425,-6.766349480348486,-5.192491769247642,3.4200919235127634,1.4997428608775485,203.7053158374454,0.15240904076340733,0.009842645319751092
68426,-2.532263374936683,-9.171713614310757,3.112884175486432,1.3150495552633945,306.24013807356005,0.23176883166143103,0.009843121582403407
68427,-3.293699697174328,-10.398192823887218,3.2848503596113665,0.6255339325823347,173.87401762044436,0.5030387378712549,0.009843214993265013
68428,-5.879012321817678,-9.527268980329048,4.140497770990248,0.8398017207728932,467.63825037019865,0.041247005047127416,0.009844159520147635
68429,-5.940234710004074,-12.434711560443487,2.4922245453249627,0.8921007536208989,464.43223319513777,0.9420278710941448,0.009844899885403182
68430,-3.363320479947199,-7.808737494387732,1.2586897554971868,0.7389822005013383,452.38358967041285,0.2627530195141894,0.009844935619524958
68431,-6.264493617005543,-12.506825504471413,2.4550490031911876,23.177645977938077,514.7437726363564,0.17113375567238887,0.00984620043798556
68432,-5.121429838967294,-7.163323653039522,3.9761327738465853,0.5783896801815334,120.57716936796709,0.005774987001978538,0.009846643200876904
68433,-3.2945559055158222,-12.44168232737552,2.27010528456343,1.1028486201959642,468.1737993534333,0.7682011649611722,0.00984664913037047
68434,-4.591051731879566,-12.633426320363693,2.296622662177408,1.713552827455819,405.09745085433315,0.4432114077545837,0.009846975928554122
68435,-8.8133020471861,-7.56535091584322,2.9145313163168507,1.1890138614081436,468.55604314498265,0.18090448732032893,0.009847757736737605
68436,-4.904069413735588,-9.72761986309655,3.880904554237935,1.9154337131733263,288.33460353576714,0.06547523481784978,0.00984789121765246
68437,-5.894019800755606,-10.895160856172474,3.0787257009746685,1.0077794869863759,146.22032974563282,0.24548597649245796,0.009848169098913846
68438,-4.491933043999326,-8.704329627374767,0.06131256251491788,0.9871057155625285,271.7162742344156,1.8355497013319217,0.009849092037341847
68439,-5.928147221434483,-12.434814373580968,1.7455507601277886,1.2367610892492615,449.83803049108934,0.17838551882090936,0.009849339951177061
68440,-7.312516434559627,-10.503602933503059,2.362246841367425,2.05734776456457,391.5765619293786,0.5921457803042145,0.009850684157013375
68441,-6.041980806816416,-6.735365902737132,3.3884227002341896,0.9444177512732304,250.57346577641135,1.3479341089788859,0.009851334194472148
68442,-9.101065480573073,-6.979051875658825,2.0640474984125055,0.821889194282725,160.83028982316318,0.028765901103913194,0.009852134254828147
68443,-4.489719361876345,-9.830034072277039,3.7635280488236185,1.0106656279607327,265.90382672848426,1.5578367002517162,0.009852389206918997
68444,-6.768689244230149,-5.059980411828351,2.7352352924585905,0.8274674007185165,467.78101447346245,0.5408587220064396,0.009852394268542076
68445,-5.582613854685603,-11.745328603578471,2.6803306741827524,0.5712611091411681,175.5273591822399,1.2834359361778676,0.009854086869310696
68446,-3.5247864283195893,-12.541877503437712,2.2093324466255124,0.9294689766596812,430.2847812155879,0.5507017169191517,0.009854136914244882
68447,-6.00148918672351,-8.710960059393349,5.049265291731198,0.8147629223696519,201.10579654154466,0.25206086306243947,0.009854263681215687
68448,-2.4310533049422496,-10.054826769842657,2.5341304660783774,1.466525608110309,468.1536701756173,0.48021855677054326,0.009854490467393387
68449,-2.7618497069671335,-12.942505692535457,3.2582127670249537,1.3599604286032108,294.8942065567076,0.08748529038427755,0.009855237575799355
68450,-9.181101019784489,-5.352040642506331,2.2492523809023623,0.6599475130145402,467.13835066755166,0.41973246642707807,0.009856633667322695
68451,-4.057384637573415,-12.220931450781347,1.6010068545079859,1.2298656601878841,308.25643353372936,0.5478393813424782,0.009857057356396559
68452,-5.31266795095244,-12.867335314354484,2.3146592228745573,1.5417677499317206,358.67303232914554,0.4647426409668993,0.009858301198436663
68453,-5.228530766075333,-12.775773328737769,2.344326773666154,0.9787048040898817,269.83525740653164,1.4109521402603225,0.009858618608515798
68454,-8.529450864964343,-5.7747294700008736,4.617755700538714,1.1476354726049944,169.55100776791426,0.19060740357225292,0.00986231573806892
68455,-5.494841751724115,-10.018220050582435,3.6621860930421204,1.1829227835414748,466.2475886200391,0.35583454261030045,0.009862379035472076
68456,-2.897528651142509,-7.89091972635515,1.1001693923133435,1.1713796689406009,468.35184479370815,0.5181883725120136,0.009862637601880584
68457,-5.025609387731121,-12.840665103977116,2.276846779920672,3.2343257083544503,516.2784611738126,1.1678445148147345,0.009863586023567475
68458,-3.5336721990032425,-7.306703735447757,3.57486079218741,1.607830795401184,371.21500100718316,0.20368233285365545,0.009863942304087997
68459,-3.131132220860721,-12.37922228266996,2.4211981077559948,1.8239266487418688,434.63978601760334,0.35817017835546316,0.009864469993411522
68460,-6.660435909186933,-6.3849556552949664,1.5339532560029823,0.8754514716156873,467.6232898374444,0.7588086412701704,0.009864724404593222
68461,-2.9648247489567003,-12.615086352306363,1.861094930373604,1.8177259521201004,434.9898097381467,0.5248991936384924,0.009865988998360383
68462,-4.30319471342688,-7.708327001101056,1.4472969645397484,1.6124990668087948,372.8697984492878,0.08378399898780398,0.009866837333491843
68463,-5.114151709017634,-12.992663477763536,2.0743206691496274,0.8545059000128573,196.5283624262346,0.647160194822666,0.009867417266044913
68464,-3.3289890784274334,-7.535773046786734,4.875220278856335,1.100277465237631,468.2909389971311,0.39416563877094024,0.00986865703426458
68465,-8.921565438483473,-6.245705481035196,3.7267132146501485,1.2361183511600389,307.51974573668036,1.1104231969765843,0.009869131447016625
68466,-3.0498622885640945,-8.397855238998766,0.43845163552506344,0.9605492619261065,189.79982448423078,0.2927469835819627,0.00986923168830424
68467,-6.145683605286635,-8.994370701083966,4.7212297367136244,1.0755680599073223,232.5242052771167,0.7386664617849759,0.009869503278290337
68468,-6.7455838609505205,-11.790705901814805,1.6569403020114586,1.293321740703522,444.95349406415556,0.5566042954788557,0.009870269766929776
68469,-4.840301442962075,-9.629908371411283,3.9705781014588344,1.0545750853643279,272.7797378098911,1.5756763152446833,0.009870526863257347
68470,-5.095621146395681,-8.108766921956413,0.5339618017248469,1.4492446203649283,323.4779193327045,0.18999668675029557,0.009870988427378704
68471,-9.140598207534845,-5.131400083577086,2.776959534121842,1.4164863902657265,333.0453465470624,0.22993025884211082,0.009871369670291633
68472,-4.009823238583108,-12.43670171251631,1.9727882907209626,0.8934806506489757,245.04548157660997,1.481114856296812,0.009871733928933476
68473,-6.2155012077034755,-12.053276431812789,2.5804302474947445,0.6505169857992529,167.19324551974861,0.3355409383117145,0.009872619224580695
68474,-3.8705557699311433,-12.558023949491798,2.2166330454376566,1.0728850082716164,467.03597909224976,0.33081112834660686,0.009872621039786528
68475,-6.599086209292113,-10.959137949530776,2.924041487107031,1.3336861265294413,238.39169046767262,0.13280318301981353,0.009873807125004878
68476,-3.6941956341290405,-12.84428780255882,1.4708580691638582,1.6063533134254167,367.98012816588744,0.1484150821182615,0.009874170828946179
68477,-4.804988024778232,-12.31173712534013,1.8300193682023238,1.8420866939231018,369.1570768281444,0.349277512038662,0.009875426650589535
68478,-5.256976478041475,-10.456547850340723,3.3114020659171657,1.8665131592493154,448.2657959443838,0.24586772533555834,0.009876312644108425
68479,-8.052050417366651,-8.72123835841159,2.9963510760116283,2.2981822497683,436.63237487258505,1.8304479258260518,0.009877053300703664
68480,-4.719423684524246,-12.224064725877536,2.431986725641338,1.1664082345101503,255.50338507567474,0.4095824902422436,0.009877080712830458
68481,-5.358787955713455,-12.528972335657938,1.5075696866795798,1.7944642589355086,428.28987200571873,0.61005661210688,0.009877121571948535
68482,-6.235640851663673,-7.176753323211857,1.3238119262508252,1.8492518398243425,447.1315363312579,0.20146749460434954,0.009878376839703627
68483,-4.338185590496541,-7.402948119853821,4.597405489362931,3.4194204999185414,508.82673439390027,0.29329275590744786,0.009878536884551942
68484,-4.435685768159251,-12.55180668405649,1.5049335016621455,2.1693140389807466,397.7929658123894,0.4665509886928243,0.009878690620998016
68485,-9.047037683809084,-6.233398291117816,1.1359583438526417,2.8115623551919224,482.94144091941934,1.4190800162954273,0.009879710084449227
68486,-4.381774693443148,-11.880350466811509,2.530818387898647,1.186093778323695,468.5292409763718,0.6672973287851187,0.009879817893341412
68487,-5.930588363958629,-11.540797450966853,2.7719962870264188,1.0640456982373057,469.88745419787887,0.030800521311226348,0.009880394742749836
68488,-3.5836776078584833,-12.299923322454129,1.9477204348677528,1.8780947348548045,453.53937036479823,0.0186617287700086,0.009883286379062786
68489,-6.791190580462207,-12.281769875962409,2.0298073277858486,0.5034006528812168,124.91548591287868,1.127007771485439,0.009883287468514667
68490,-2.7042150357689243,-8.47114077208829,0.46459049528231455,1.6137606307501755,326.29521704139563,0.21374738135878424,0.009883592769762186
68491,-8.583174871065367,-7.824491771602544,3.2051697407835156,1.356096826700579,291.7315498770161,0.8149363464886541,0.009884125951419366
68492,-2.73413271663412,-11.798365800016,3.533756937655652,0.7152889986316054,194.2516398745045,0.5361498983520088,0.009884779119524538
68493,-4.071202752350841,-9.480413595719089,4.075002247773581,1.8884709005488174,454.3679832265877,0.5798667401837063,0.009886635990073367
68494,-5.8536301747206725,-11.997487957411835,2.6053730274937723,1.845669763800258,379.26154049265074,1.0713989104819577,0.009886812686564626
68495,-7.936141690287386,-7.9326759384002905,4.531367556914294,0.8607973320938835,468.39810304681146,0.5357301711067288,0.009887133204230089
68496,-7.224167272929389,-9.122183732298645,4.010799449388094,2.904747581335005,482.23935086162885,0.7441370655463659,0.009887242982378154
68497,-5.135726119063227,-7.175376560771391,3.042731315870365,1.142184021151021,199.1644073873557,0.11295078489917021,0.009889037680108069
68498,-4.70323696345047,-11.627929276083638,2.641482793258994,1.4193165900615872,310.9406607839849,0.2321659133654581,0.009889366766164335
68499,-5.26732426843532,-12.260676141827146,1.7065447914270893,1.048609441207384,260.6284557363097,0.9403279073005537,0.009889867030825237
68500,-4.6987549569194105,-12.312452021793709,2.3933236697196993,0.8966879209128508,467.6515197343448,0.5804792820013658,0.009889949982294428
68501,-6.21750508846609,-12.619218037857792,2.4228441462293113,2.262994438170461,426.15987798708323,1.0420147213383588,0.009889957535228495
68502,-4.087880502194567,-7.70291873692954,1.483944221117261,0.9096186693058673,469.777778024436,0.16538732488315322,0.009891472675404538
68503,-4.192225014432536,-12.664292498169928,2.1861918549158728,1.671743086893666,467.84505284839776,0.230942721348101,0.00989192958437916
68504,-3.9585681252841267,-10.394890379994365,3.280900001779725,1.7924246230071113,441.1780394686075,0.3227140122433605,0.009892319959299444
68505,-5.058390383662919,-8.905912164165075,4.748573176159825,1.113000171688054,287.28488567343334,1.115729149431412,0.009893992378798311
68506,-5.644196488199798,-8.050100854927829,0.47401929123779757,1.6846109605236532,394.9523676719487,0.8266652978801856,0.009894145015176445
68507,-4.5330916438222255,-7.286353980916718,2.9013474697519945,1.1652651573676414,297.5520154138434,0.6545960280449732,0.009896822774715455
68508,-5.707808687991452,-9.738388894568363,3.918658245264958,1.6121722396555693,467.9682937846887,0.6250695383285594,0.009897053414968411
68509,-3.8094388004898248,-8.734326428095699,0.06044319024882281,0.7390735812652776,148.20873249955744,0.7014985629530006,0.00989705609227522
68510,-5.635865893135874,-12.810040111672832,1.9005930524082235,3.0104091970873093,497.61518998162705,1.1502877924282773,0.009898254328422975
68511,-6.589599632658848,-12.25101465640471,2.364364754513897,0.7023182768943461,215.7622271995373,1.0864485596256896,0.009899904517381741
68512,-2.545013670063816,-10.014688667967182,4.202304407306416,0.8992093187269106,253.13652732322024,1.6370597915347966,0.009901623991075692
68513,-9.16162163347969,-6.095774757504924,2.0285473502681377,1.3419777941165552,327.8665122816133,1.1864814254070515,0.009902088744551537
68514,-4.7087642034397215,-11.880763448323066,2.542168756020316,1.6621602996340996,389.4185304709984,0.11627828322117839,0.009903383980672375
68515,-5.400413510636121,-12.357859789044785,2.466826028662313,0.8061394150857888,183.43109167547826,0.7159523597096653,0.009904628019364481
68516,-6.5730385839923215,-9.31220064296676,4.27975261721542,1.1257032850570992,293.6747698986041,0.5331512202035738,0.0099050721679527
68517,-2.7901736067056584,-10.126449498673006,4.212267601452349,14.524244178763045,727.194288000972,0.1272387314053871,0.00990641002836698
68518,-8.210256558269363,-6.024288847900081,5.177154760908082,1.1642410355621722,297.56525097748187,0.9668550643048883,0.009907358514475084
68519,-4.362811665143709,-7.432658966980591,2.2129466077028512,0.7104665820091745,143.36667875350298,0.7966908044398187,0.009907803045970333
68520,-4.414919773353704,-12.67601901006807,2.0852051313309308,1.3513521959682302,320.24529733441284,0.19790469310052305,0.009907928076799489
68521,-2.699924656422656,-9.940154831048158,4.527580986369275,0.8253429895050907,165.8192550814371,0.05551065317267767,0.00990891714804717
68522,-5.604601336718803,-12.902042822502638,2.35663894418755,1.073599713437466,468.1334843546299,0.2482658489959464,0.009909237164767012
68523,-6.1230169765868725,-10.214141953443182,3.5170961253951445,0.749909012685072,191.27492171025838,0.40250470460966437,0.009912389465210523
68524,-5.414293026125865,-8.529539072118627,0.09994810819545433,1.0954538786901615,282.78626369474034,1.2729267962286404,0.009912771708149151
68525,-6.82204992365433,-7.1217632216617615,0.4268780139333846,1.9236133561938966,395.92920019506613,1.8766700496109605,0.009914656776548535
68526,-5.099142813693506,-12.3828961534877,1.84282416830092,1.3533615162312773,329.59500886381716,0.2825397095951532,0.009915250141108846
68527,-3.2548118824703103,-12.404107742046245,2.2767673992249966,1.7974182399359124,428.7865980935551,0.13174321768248287,0.009916892498416588
68528,-2.9005256227324816,-10.004397581205053,4.038802580447332,0.8496983836314156,241.34224477859814,0.8928491181112159,0.009919948403424124
68529,-5.377570132798499,-12.900206147614766,2.3238125109135104,0.9745577212699761,270.3222840229107,1.799776347691206,0.009922789032205661
68530,-3.924246699897508,-11.311310504574173,2.736598230283827,0.8536548198059857,469.8943890924776,0.1880797821728981,0.009923486434255672
68531,-5.028372151635339,-8.000291753784186,0.6859333359737728,1.6670242170022553,389.69733474961384,0.049355797780667565,0.009925932269137001
68532,-2.7647950903346166,-8.156258119178174,4.14604522636912,1.0918887445045495,267.9077672898001,0.6250414298866955,0.009926892898371065
68533,-5.705982615962812,-11.414957528869268,2.8108573284863763,1.0451201685711435,455.24941051625274,0.9380040558405094,0.009927542196991131
68534,-4.515637572316735,-12.467422272374456,1.9513818110120964,1.0726879998593293,283.3943279787873,1.4768207468196382,0.00992771575688822
68535,-3.570554725271381,-7.363412427576417,2.71748396605595,0.7488779858066532,226.29699883794487,0.4804667117915784,0.009928193492667471
68536,-4.049023636666259,-12.511367075616503,2.2365730552161507,1.7719044616341149,468.0743987380835,0.3226780924573811,0.009928262977964777
68537,-3.699077583364879,-7.433856625427424,2.3475871928118335,1.0780392259357456,220.56627138805524,0.5463872100077802,0.009929189863639689
68538,-6.5495297720907395,-6.125708211032236,3.8397156681864497,1.0614488531286337,185.0922959634739,0.13673677754902958,0.009929475421307461
68539,-3.435916282134322,-11.891277157430773,2.4776766156241745,1.4713181737436685,324.95087956180805,0.8968109882423656,0.009931667318196573
68540,-5.391360134300948,-7.944760198787686,0.6671285809180123,1.0292420332973249,467.8198386381152,0.38653929016143795,0.009934097069867216
68541,-3.0161557681917897,-9.78433336534384,4.010497783843299,1.110523772587731,288.8653494561945,1.230542571727061,0.009935100475273106
68542,-3.5867695334446807,-7.396648069638611,4.4330307035137855,2.5199006562758157,445.7570397693786,0.6890081379627775,0.009937392704953097
68543,-6.167651144899363,-12.984763349518904,2.345222383251698,1.4409340512751052,323.8831919306284,0.18927754404767594,0.009937408348396275
68544,-8.595638710692366,-8.182355912312113,2.261218946200628,1.7004554186580083,358.76557686090683,0.7311353775345344,0.009938115147429542
68545,-8.276447628689535,-9.04383418794616,0.7621514167507144,0.9206806632794072,467.9851450200588,0.5811763185935392,0.009938583420113585
68546,-4.396924154940959,-7.263172920873706,3.315524903891135,0.7616589069497054,451.47851864546107,0.2980611563975417,0.009938638655744118
68547,-6.896310321098124,-5.415704551865797,1.3496709846838884,1.0469173857068603,267.9941441158079,1.1735295843920195,0.009938689326589832
68548,-6.6966999459962455,-11.62072046219177,2.5248916728625797,1.9071295080458943,468.88728766152246,0.4990433364898541,0.009938993011472594
68549,-8.254908819965468,-5.5257954338587725,5.028096533595892,1.8279665638847318,467.5903077682071,0.6189114846836299,0.009939012277543955
68550,-3.181922901796897,-10.027418689079031,3.608010215224797,0.5744776868138339,153.0352116212871,0.3721601754144892,0.00994352880959685
68551,-4.313771516009231,-12.423127347208574,1.9544506055201005,1.2802790225809069,299.9655588292169,0.42075185517058156,0.009943929593325547
68552,-2.9137880474777775,-9.455648384834147,4.518553172868532,0.9397635887569363,468.6135805279946,0.1268026236599491,0.00994468635318395
68553,-3.3727203463627173,-12.21259647026261,2.3406471562218085,1.5852573552459925,374.5828297635749,0.5434707903434477,0.009945055370118873
68554,-7.938089164267598,-9.861242719843132,1.039058661058621,1.5118917185798082,348.3797329889708,0.24116753128652846,0.009946644466951227
68555,-4.490470605233864,-12.456041423870282,1.9589796476889911,1.6575466860598271,384.0430975579728,0.07335283458195452,0.009946795351334272
68556,-5.791171311279767,-12.450411531624622,1.776445704606341,1.605361252998748,384.99454802967654,0.9473537802913459,0.009948088042554232
68557,-3.0564637694534893,-8.985573202768922,4.769422871435535,1.1137898082455744,171.13180031778072,0.17938348671546755,0.00994840970560957
68558,-4.906311118243129,-12.369526277422993,1.5476204998152192,0.741575505227168,452.31299286829346,0.45098668996319713,0.009949747031461474
68559,-6.885131950652694,-5.643366261735728,1.0011796745082857,1.3371209420974193,287.9635342244677,0.7584051362325868,0.009949887864729983
68560,-8.99414747139217,-6.972904069962356,1.110394588006984,1.2537183446810192,312.6092103782258,0.37138290752990155,0.009950073611957764
68561,-4.3373766881991385,-12.462871846377686,2.0109651984354464,1.0690161303766932,468.12249041997325,0.743313095198733,0.009950630990414492
68562,-5.864156711180705,-12.764696319543676,1.8720215265960076,3.7388431600206635,540.152700052602,0.383224598677919,0.009952009258991368
68563,-2.8962177637571216,-12.72271246071419,2.8689161694246486,0.9043251832135322,193.5298443430655,1.1892019558836875,0.009952616466386129
68564,-3.9996462654443077,-12.438445101871473,2.2606615126357394,1.1275295584659013,466.76233374276313,0.1942430207438397,0.009954912388744616
68565,-6.912661672842969,-5.147691448281068,1.154599208690325,0.7149455348652703,146.19502673732316,0.2036271881287437,0.009955378703802538
68566,-3.1947822136244044,-8.225598204155977,0.5752678696585799,1.3614298584506674,294.4028146885926,0.6144842416778156,0.009955728509005755
68567,-3.5263977761954397,-7.406116967778012,2.5489400695259494,2.5403914325198644,450.17120234295396,0.7918963914450465,0.009955926985342528
68568,-8.161997071229909,-6.938429086580459,0.2772267917847318,1.190355164052812,458.8131159092553,0.37175424065843377,0.009957196057445713
68569,-6.540446720445214,-11.029265237660205,2.9038912244880324,2.2645034765990273,427.6551522143469,1.1472999009098643,0.009957225409137065
68570,-3.8773165082045598,-12.373902763813183,2.2967585223565075,2.2194133377042244,411.3057314170996,0.6153853832020717,0.00995747957444829
68571,-7.109313074840687,-11.30058007801025,1.8676068156640064,1.1676189243755857,468.9293956822124,0.8695218718265991,0.009957779694238495
68572,-7.277478367796246,-10.866788756342155,1.7200091853220323,4.126934382309884,542.6176469867213,0.21328066664841838,0.009958619622111057
68573,-6.989975394362787,-8.254960685001507,0.05396323029751891,1.0861457048418024,467.6640499493159,0.14756544313206188,0.00995962966383761
68574,-3.735737401092976,-12.100342857313786,1.662561764832253,2.484742020254962,442.72888040096024,0.7414295172587115,0.00996013218918584
68575,-5.425863230649901,-12.878634756009202,1.9674777802314831,1.2683208375889403,470.27469492421676,0.12667501302798545,0.009960389748722608
68576,-6.7484522269472835,-11.974124446272914,2.306364943937537,1.8477738504755976,442.99889527987403,0.07806852475026638,0.009962361405535941
68577,-6.578053638584212,-12.688285159914104,1.9466091494075837,1.802482966960575,468.6505928181232,0.8753521931820751,0.009962867542829906
68578,-5.487464973720494,-7.056706883568343,3.910897029675447,1.395702050587013,336.2167593078791,0.43037422009823434,0.009963923707675579
68579,-7.524201905575919,-10.356105188244959,1.6339921317245027,13.875601858987983,700.4519340080126,0.07696868888514619,0.009964657294995028
68580,-3.645459161961238,-7.366368154194347,4.28835845013031,1.248859847536868,286.82864748517767,0.17716265975381607,0.009965646695384203
68581,-4.51670465241095,-7.298883653431651,4.214591594664562,3.421013525279962,210.24505316633383,0.3165054426810441,0.009965738252344463
68582,-6.593784871391335,-6.010976677197547,2.474728767596199,1.8289613199279442,364.1399397283844,0.20916188268779745,0.009966878959112245
68583,-6.16652716093976,-12.624431356094762,1.8242609473154434,0.7797060204302886,199.8542339448831,0.43982850118803185,0.00996696285006066
68584,-3.1449593436439747,-11.574315415858818,2.6906235487221757,1.152980887467892,298.78419348890895,0.8292487661263293,0.009967653361190026
68585,-4.031356867884544,-8.993316534159728,4.58394869641757,1.581296172992796,470.46023965728364,0.15321165861873887,0.009967829832891904
68586,-7.370157064613522,-7.65738820198965,0.1082590601933895,1.0659389165258153,277.3371686311597,0.5418190357494455,0.009973289396017278
68587,-7.200635379044677,-12.622457905561669,1.0025035294961289,1.6638498987849244,390.3192465292561,0.027017939493426013,0.009973396892500718
68588,-8.061632729071265,-8.41842072542602,3.512100727670326,1.4719281032132907,470.25910275424576,0.12355985037771955,0.009974227217559304
68589,-5.633647371367468,-12.273685802875512,1.6725404972520386,1.0330932958707562,277.1789402884613,1.2083659931204291,0.009977312381100379
68590,-2.9912947829853076,-12.796741332031548,2.5688146431506294,0.93009732313063,242.58787668052562,1.0574493032230183,0.009979215533125987
68591,-3.6483477075096253,-7.584906308905543,1.8750365395127142,1.0541232107666623,279.2216560238198,0.5111382619786147,0.009980398841629462
68592,-6.578909427191121,-6.776959307230628,1.2565674511956972,1.2099778135331012,303.2272818024022,1.0439635916944985,0.009981622150203392
68593,-6.748745407289384,-5.562908606998804,2.018834331430763,0.867824837546864,186.27344290066117,0.18508214629581676,0.00998305258499431
68594,-4.991019495280971,-9.69503623675065,3.908117551938954,1.1089586508341025,467.8094920498389,0.46450305083959353,0.009984764262490082
68595,-2.6479789341687168,-8.17393103149718,1.6597463574580147,1.640668329549826,348.35255356477114,0.5444566815060279,0.00998516072041676
68596,-3.4931625348157027,-12.382117150846298,2.047635517752198,1.0537626568328722,279.3123191882106,1.3713577846721146,0.009985297978426125
68597,-5.623575396433242,-12.966897825701448,2.329881537709811,1.0424033626904723,278.2566320279407,1.3447755341641932,0.00998669858574334
68598,-4.646013051054929,-12.7445321291416,1.4716897537833906,1.5651007082687185,361.7157555699195,0.1959849267850613,0.009986733282031049
68599,-5.406810278065767,-12.510763872606697,1.502634393307927,0.9766588212998103,208.8547299959113,0.4657202671189493,0.009988204059101688
68600,-5.945372254170334,-7.022508495275229,2.1424118119081506,1.3981290086427771,468.5100357271785,0.4683681255586736,0.00998911853760968
68601,-2.99978693018563,-12.748110996983382,2.5563814157967557,0.6061093332015307,139.9224358689313,0.8283379506403286,0.00999000266403267
68602,-3.6003068170376356,-12.162552176042514,1.6170593728540734,1.386250470896915,326.12884890377165,1.5706266341176587,0.009992135402899874
68603,-5.884131990782418,-12.347790981633679,1.5171934411512369,1.833958354723188,467.734254347228,0.5070711484014216,0.009992548669880412
68604,-2.886897913330383,-7.788878040176676,1.7396547725859868,2.1449784350311716,201.3990573166308,0.3204974591267291,0.009993465607177475
68605,-6.940604832607012,-11.75354092291133,1.9322916407807615,1.770949663177294,420.858933591725,0.049677191836489776,0.00999372997645101
68606,-4.022308180669927,-12.448982269869173,2.250357156501392,1.4206229191030544,455.48523938627494,0.1750027087972894,0.009994532401347699
68607,-4.303984157959681,-12.231162654141752,1.8771601632215995,1.8582533897506077,446.31014630083763,0.17884878749712296,0.009994775246937105
68608,-3.5882270728781798,-10.233605610821034,3.392336453691223,1.8123064289086976,468.60240617466,0.4973091025280203,0.009995198271131473
68609,-5.303849774908752,-12.234128952070867,1.6488990614988566,1.1944940297988649,470.40393605944223,0.08633667023104241,0.00999581831307264
68610,-6.265461434149859,-7.64683705078107,0.5918915416113056,1.225598291789787,285.2855954976503,0.16569753117767227,0.00999909062165439
68611,-4.005794648158827,-8.027320136646864,0.7756896685853466,5.4540699263227825,503.14517668778325,0.026980754022099873,0.009999631664520748
68612,-6.17396647913019,-6.756835135526152,4.444140906047483,4.360544931278507,572.3472872359047,0.28393070391721054,0.009999927793973528
68613,-3.2872205476389507,-7.475298032800823,4.6742339066044565,2.1209330117083947,396.7123346800872,0.263223539405268,0.010000528286218295
68614,-8.906527342239345,-7.591349690692625,2.2801181514340567,1.840581288656633,468.23010812166876,0.5924699552034438,0.010001924192128713
68615,-6.3449296485525295,-9.601085736019431,4.030251775182331,1.1197005069592099,282.3272170140254,0.559715105871537,0.010002504867007732
68616,-3.560231120583289,-12.339498374806949,2.2757284498402934,1.3537023418949214,321.0190810409599,1.1668638512793157,0.010003110089821968
68617,-4.602240065396832,-11.633256236543161,2.6212821760018343,1.7472867013471358,373.44271507679457,0.9878217912533449,0.01000366062635683
68618,-5.024933157107904,-9.876985779729642,3.7432271315402668,1.5523199957002485,342.37942147494147,0.7250371541946228,0.01000392999849562
68619,-3.545877592126578,-11.647770761517055,2.5655018660535576,1.7281732416119917,467.82106132583544,0.2722655833301131,0.010004229150069401
68620,-6.592912140093995,-9.08771604717184,0.0073259518478977475,1.3587286215064167,310.0861563309507,0.3543344615138997,0.010004832839875901
68621,-5.702395067736732,-12.731573998107152,2.391022235411046,1.0783249260886678,468.5391358586649,0.25009330612141145,0.010004897410113294
68622,-3.944412176192814,-12.296786009158359,1.9569775057792218,0.9491793299498925,156.08308721454102,0.19353280739357093,0.010006318150966325
68623,-7.080475949220135,-9.766388409834082,3.4476904996869115,1.8323039633029354,438.3775076214693,0.1600883571326337,0.010008356302960906
68624,-5.022879685806039,-12.334364306001355,1.8568386167036068,0.9907364993129459,228.00743475912853,0.1453033058938482,0.010009058179804933
68625,-2.857474835157003,-11.464179217906638,3.222124233625732,2.4955268706963865,454.15150934594936,1.4944056585080032,0.010009971281160069
68626,-6.507682696271418,-12.263158511027555,2.404039670541685,1.3278884931679373,315.6303573772799,1.3635497356191815,0.010010130625884451
68627,-6.0605698246102016,-12.916974091273577,2.359364858073092,0.8747787976541187,192.57952134448425,0.7558790224160239,0.010011223352312547
68628,-4.698803806731506,-12.344655869303363,2.3748474937955866,0.9251894983222522,261.71423729535906,0.5702990882146519,0.01001163464475423
68629,-6.531012125156476,-12.980409819682375,2.0138012393124174,0.9101061899767289,468.0767549675753,0.7176545607393781,0.010012999066813983
68630,-3.5647346458446023,-7.483912985368712,4.741754818989527,0.9583459146671595,468.5435886850708,0.5944741879785704,0.010013076335643451
68631,-4.045384915327695,-12.486472176924797,2.0851044734567616,1.4493940456995547,343.31878825418835,0.43376539326650576,0.010014384340908018
68632,-2.433371176841364,-11.563411187728372,0.3882832520877382,1.3619944402381832,162.6033387470967,0.20966298741056644,0.010015060175907819
68633,-6.39825199260438,-6.38292192855831,3.801614918857127,1.0784497487776092,467.8229457772309,0.9102427662992545,0.010015249758942734
68634,-3.1870477964770894,-8.9868207406431,4.639416130915585,0.9764674840719463,304.00445208207606,0.4815115340673577,0.010015535107294865
68635,-5.517892736589521,-12.293160647675125,1.7444338462515883,0.8046051427552577,162.61512970321138,0.04736612455478362,0.010015916211570827
68636,-7.432741748829799,-8.633201461181477,4.367604299939018,1.6321686745879744,360.0705244308581,0.9513671697332899,0.010019408408410146
68637,-5.250127521453213,-12.258549908555047,1.7450011480660526,0.9910026944148024,128.01137028472107,0.3312131573061192,0.010020222439477318
68638,-4.053794090648092,-11.672683535360598,2.5789347601104518,0.5374887723383553,112.09064810106858,0.281193470430833,0.010020536390973186
68639,-6.866389009057848,-8.158732499835743,0.007442723997816277,0.9809060725771932,260.96473234015923,1.1251065327800047,0.01002376546690177
68640,-3.4156802964161184,-10.680458119650467,3.0693573301169472,1.4351513159478195,468.3150736709797,0.4293664023469459,0.010024487366631965
68641,-6.102644658001665,-12.96464320309371,1.385286731256151,0.8814086106275884,468.3760723228222,0.5273213388100135,0.010024959703753944
68642,-5.201894111081805,-12.733064401616797,1.9909001043464114,1.6274247913102757,382.1418665181088,0.5285977508505146,0.010025446975610747
68643,-4.844249489409478,-12.732460282957412,2.0936895874606365,0.8581985874413548,234.52155879528667,0.6357833705159974,0.010025584679370458
68644,-3.242331025083372,-7.322376023689189,3.4778975609199883,0.8454168024033306,176.4383623974233,0.3740648218463756,0.010026183747522666
68645,-3.1367426702950123,-12.15994961084851,1.6421640377722326,1.895180663245197,469.9834415250353,0.18950601102458986,0.010027076406671132
68646,-2.8475375167970016,-7.823504901783702,1.802854272870335,0.9473851010036849,187.19769137535206,0.09758818720851004,0.010027396052766112
68647,-8.415616076190885,-8.594035051575407,1.9357406251212095,1.5677306042406434,359.6109955871245,0.49211516369040975,0.010028595716524934
68648,-2.726415609456976,-11.247516247933511,3.7156322677363547,1.31194125644626,294.81411456135993,0.7383829459682341,0.010031358937773661
68649,-7.709043180036934,-9.996781540575336,1.5901582449612772,0.8464585317410536,179.72750746724222,0.20457202710194888,0.010032032073892578
68650,-6.200431380117918,-10.548805891427673,3.2639748155357844,0.8676196135771578,197.84798580048184,0.8550514402878813,0.01003371706920861
68651,-3.1151537316482214,-12.541495658630861,2.384892628179319,1.107971824287947,267.36080027581755,0.8832301150913313,0.010034880196901436
68652,-9.035431878814762,-7.031089726992469,1.7191546459296294,2.5505390954273945,454.0331562309782,0.8931362543916377,0.010035293008570149
68653,-5.485161951229745,-12.280911123103635,1.5825978004487837,1.3500394421252684,320.3362265709689,1.2495932775398098,0.010037023016146309
68654,-7.4114601220036835,-9.403382545212322,3.390137080590355,1.159225584041111,296.86213511590694,0.9130209603256265,0.010037256630740338
68655,-8.726345915324359,-5.657771368439003,4.183355718963644,1.8989602977669495,393.71437203304754,1.8379261241504485,0.010037446990748634
68656,-2.427230968701762,-12.307336241776184,3.123544132825926,1.1142332898704799,291.4124214396474,1.9402180391684984,0.010037799740626695
68657,-6.634297580997092,-12.701601738171476,2.0794743537864613,5.979315752184516,668.854261570942,0.45755620418005893,0.01004091591228342
68658,-6.200668543005346,-9.320054254591264,4.3423723167179595,1.0786305640704108,283.6747580589851,1.48208077142138,0.010042131080351669
68659,-5.239624220882905,-12.999130897122098,2.228688786263829,1.4744811252127557,336.73144773400446,0.8286755327394566,0.01004253132207988
68660,-4.892585528520677,-11.117257580671222,2.8829411138610164,1.8571652113257737,468.1591959040777,0.14710705241432098,0.010042541743118675
68661,-3.4310298525553016,-10.537768957096034,3.1683522479597763,1.1488530310968728,275.2073906545874,0.2712482846657851,0.010044004880450185
68662,-8.502538063589963,-8.557843193551156,0.8278575369859429,1.4728797548313148,231.98704267547149,0.08028201739993879,0.010045454985641312
68663,-6.196771154280094,-11.28525913351561,2.857055342099762,1.8694503694989035,174.87261481120035,0.2853482448373512,0.010046514588961433
68664,-5.856049333828727,-12.990554848671907,1.92912456264399,0.7722970178980149,197.40363490810626,0.4105580786352778,0.010051395847904637
68665,-4.647824933938001,-12.075023190335557,2.4499131206374374,1.093239594904033,275.51976731142014,1.1140364377629748,0.01005196764679998
68666,-5.02193373929737,-9.857425223373426,3.7556542592441726,1.8120789824324148,469.5057353596239,0.00734105590403189,0.0100523076921879
68667,-7.23971849893387,-11.782953933986422,1.0872082425540042,1.900217581091802,467.03730536473665,0.45640477997428786,0.010052700370350524
68668,-3.6174822737940033,-11.581549092459476,2.5997426708673173,1.7813866265572265,424.48788109784164,0.20803612221407164,0.010053146471265727
68669,-7.16294427332947,-9.004886093419557,4.2186805532483485,1.4521007645961217,367.3168297912637,0.8101450761202154,0.01005329147562076
68670,-7.236354976299621,-9.467764977585503,3.57576700310268,1.336962629737335,302.3937590531848,0.03652143083412707,0.010053654309550917
68671,-5.061882580178148,-12.650781598314607,1.972213572379314,1.3219867173868933,320.455515025603,0.4385696520158584,0.010055540734232852
68672,-5.997962334250657,-12.565494249737268,1.8128180745253033,1.0440262463563665,467.93675967196333,0.4615931009636478,0.01005666233343783
68673,-4.699271438958652,-11.34930400630826,2.7472977620889956,0.7846259499830313,166.49619354550092,0.25000186843184835,0.0100571629464577
68674,-3.4346692914675048,-8.147104985309154,0.6254314384609383,1.3180056957397592,431.34874312650294,0.22442415564434715,0.010057177018376277
68675,-4.846670364946428,-11.534715327599912,2.6806991523250097,1.0201015540250873,267.60482213214135,1.0385045712204937,0.010057982047822083
68676,-3.7556775923051653,-12.052616698747165,1.7410847644130494,1.0795799254986997,263.94487588150326,0.1292856148405459,0.010059284299699326
68677,-4.357375375212396,-7.27079324971771,3.358374097577791,0.7979568505330051,201.31540776955288,1.1683511391530734,0.010059391817347645
68678,-8.296228126339283,-7.501395630225055,4.3996073855220965,1.0032533762082099,198.66475483618578,0.8281641130197537,0.010060683972719182
68679,-2.596369915565301,-8.324512922903546,1.2236582252316954,1.2236249207426058,468.5649879619062,0.49671039994663424,0.010061325969174258
68680,-5.784635516925372,-12.809994837212573,1.9035767546773206,1.217184906655481,253.72792669754242,0.17084800108283282,0.010062926928819202
68681,-4.44441752703419,-12.25533587350392,2.3593163051335595,1.66829124641557,468.8473622799748,0.9150184606943066,0.01006314380187491
68682,-4.41159628441167,-12.512719198995738,2.232815485969725,0.5544164697982806,173.31019646212872,0.9390404532192873,0.01006767229784053
68683,-9.17693073436255,-5.8733052660536975,2.371590872167767,0.4836334779728188,146.85354665573306,0.6372696947750613,0.010067817168908904
68684,-8.487916838905951,-6.725373591107791,4.6343613123978855,0.7686091530124735,229.3353854047927,1.2922265574549572,0.010068800481242864
68685,-8.919086786951649,-6.582633511745824,0.7772205928224455,1.1010080925676802,278.86935352100426,1.43207892018681,0.010068939698970146
68686,-2.527808647054691,-12.949075477540871,3.9073003912008057,2.032636293008517,363.7189376942786,0.16320559502729282,0.01006928128461024
68687,-6.693796674428958,-5.902028482771372,1.9739979757649955,1.7746266267239483,420.3002298718304,0.4701519956344846,0.010069663763942669
68688,-5.2828266122234115,-12.971309291739283,2.2364936847051577,1.6795300907670399,468.3505238605098,0.5176798547976755,0.010070699044706253
68689,-6.888753368333747,-9.804056166886552,3.588130686914834,1.0029779557224214,467.70829133772025,0.24724743189660092,0.01007126290467242
68690,-9.09488521562642,-5.384387444821917,3.0382622062511713,1.8076786884110707,431.5274211209566,0.20330052344228644,0.010071474135091105
68691,-5.291806257528554,-11.201099496023607,2.8672374006773,0.8328795186531668,469.26820511506907,0.22885973591082998,0.01007227482730441
68692,-6.351859419461818,-7.4933279651183975,0.6903640913906502,2.2740825079515314,397.6563756636215,0.30069496562070785,0.010072501736077303
68693,-5.089949035683204,-11.233910589311783,2.8254921861890834,0.9082595732849187,195.92850435725623,0.01223996382463799,0.010072940243416985
68694,-6.868738187714257,-6.9775963127774085,0.4513696337568538,1.7155620110600707,405.38281494371984,0.43725964280672347,0.01007302896140855
68695,-4.074139042912998,-10.308355367237818,3.343643609675865,1.3688376309605053,322.1165529506235,1.63610697147283,0.010074038822750802
68696,-5.162868749325151,-7.193089363919302,4.206677434905045,2.5949457805866696,394.098124824524,0.12291750906952359,0.010074051126276108
68697,-4.58481874262538,-12.134761492448098,1.7267245296754867,3.9292524954956787,563.1144881212882,0.8654182781544089,0.010074488841588526
68698,-6.72673624890075,-12.333023183995689,1.9701313970236063,1.3124430326635195,311.7740304375134,0.4890289031432493,0.010077038558935554
68699,-5.725611169524004,-12.726360335109641,2.3836550786198725,0.9868717241742286,261.17106397482223,1.3695576092379698,0.010077325743029768
68700,-3.102826851337799,-12.809829945541692,2.221491314973585,0.9952413098165526,266.4343446198482,1.0083065386332697,0.010083226700979232
68701,-5.306787289187858,-12.2779233759178,1.573894918511484,1.2660766961979997,313.7671426056671,0.24780692699794837,0.010084253352642281
68702,-6.832775889864619,-5.396012951548298,4.107261420610581,0.8893673134626341,468.360746094819,0.5215141738736504,0.010084265402660593
68703,-7.759375119234611,-9.047291048371555,0.4240584914512524,0.9427586001271088,255.94308880843667,1.077564813841219,0.0100845343077173
68704,-6.086444927634461,-12.708811412451086,2.3852944119454116,0.5241969257614568,116.99242194117183,0.3059065427144745,0.01008646579211723
68705,-3.184490789434485,-12.264377046189997,1.9723758614117302,0.9983705239630069,276.13345665715167,1.455806928883299,0.010086544693411744
68706,-7.966929864971062,-8.86390339361953,2.9615887556389935,1.0364478940122697,272.0035017352569,0.20382615649143165,0.010086580693750227
68707,-5.965541141358797,-6.815317602603014,3.782956499145228,1.2362136460737223,295.6322412046072,0.400784487263782,0.010088954020588691
68708,-8.444197494691618,-6.136034135696051,4.792511426228543,1.1793225111993497,262.7821719748567,0.21163009404254662,0.01008900362144314
68709,-4.437091058630012,-9.430863627358278,4.130271509987368,3.0008181772777682,489.037197269958,0.6875166499663203,0.010091646631070431
68710,-6.702025050487624,-12.462768858030906,2.0694262375583032,0.9029510490945838,469.95083370127423,0.08488001819850055,0.010091708241880468
68711,-2.719131479944555,-10.552442945500395,4.070378574149148,1.0468996116166658,279.4795922377993,1.2683861229388826,0.010092861392842715
68712,-3.267152731969359,-11.71325683394656,2.5461471993485136,1.0932672530272631,283.11949382674743,1.7818128076368671,0.010093496502620154
68713,-6.820232010986893,-8.566614386122687,5.032430727145618,1.6052250961607328,371.03580730814963,0.04331791835327703,0.010093680745562768
68714,-5.084995515593222,-7.242284867430643,4.3591416832400744,1.0271550353249788,280.71204269055795,0.870968939198808,0.010093743285612916
68715,-4.316837287376709,-12.110811731559235,1.776104384576402,0.8241157335794331,165.49124665581732,0.8929589426719948,0.010094197311392931
68716,-9.000658650556707,-7.194085289123035,2.7338708638527387,1.4832873367182573,351.8162849790554,0.5791798078797754,0.010096453508702818
68717,-6.743150270270976,-5.240555202406531,2.874167958471862,1.4441395671684678,468.91755437853976,0.5950597038985608,0.010096632321325825
68718,-5.953194997872072,-12.79146980673033,2.375119988649901,1.7569659330076455,416.82244465899834,0.2315964783480613,0.010097028692901988
68719,-3.6501451874923116,-12.342789532062989,2.2585791055334847,1.8971312919229972,469.97067823831594,0.20164514214044615,0.010097983488395372
68720,-7.726530416228732,-8.794997325968502,3.6366097919464533,1.7731911883035947,421.9062074745237,0.08761712128698651,0.01009843333338096
68721,-7.020344180852884,-6.721189312036143,0.3129273488390601,0.7135583958078531,149.12996035956482,0.035499726965398715,0.010098467923867423
68722,-7.680887965227068,-8.516928998053157,4.136305602068735,1.1618354070025907,298.0393400114592,0.9523927838176602,0.010099113281680446
68723,-5.024085757659029,-12.838655126742314,2.150722665217837,1.4708941763656398,336.67604657266156,0.2251401904744883,0.010099289702944733
68724,-5.373991676038415,-11.388381437360655,2.783356860861539,2.6067593946533183,452.8467663384838,0.6402532733552215,0.010100069553332806
68725,-5.517144823899354,-10.838020103271063,3.0727753872251053,3.123678651601141,509.07976117109524,1.4610242855567952,0.01010053560394082
68726,-4.518872657883616,-11.87560045078036,2.516236789425688,2.03789406585321,343.91266396908003,0.10598933811096689,0.010100920280935755
68727,-2.7853635351802497,-9.893174654449496,4.389643683879361,1.1420388119217333,294.09156343465344,1.1232133809658214,0.010101238863828034
68728,-5.543566142276051,-12.262629801949727,1.7212785507842239,0.9959874277711508,271.38913438478113,0.9638714306404301,0.01010176936307372
68729,-5.265626789909105,-12.643029001945578,2.32336793097373,1.1701432588755807,331.3075046701042,0.29037512465651805,0.010102519618591396
68730,-3.7364940574185095,-12.371384489847332,2.243159725718931,1.2629912065470306,308.6015704475042,0.5027270718504608,0.010103784963262336
68731,-3.0770587586798506,-12.051535258004355,2.592711682551083,0.7567112877352413,151.18624013462636,0.6176034105368009,0.010104181769854281
68732,-7.1912950250120655,-6.490135795522844,0.12850054941028868,0.9299823810222163,228.82010343971908,0.20498615622343141,0.010104242815127087
68733,-4.075196191842406,-10.914172764924345,2.944108361563641,1.1209447655624072,172.5175269385794,0.1790830918905586,0.010104404843453542
68734,-7.090283426042671,-11.15308631799679,1.542294696621607,1.3612612611173354,467.84664860019785,0.11918402516689675,0.010104476443635867
68735,-6.099387157504242,-12.980508451176247,1.9231870623731901,1.1468274889114547,294.83944573167724,1.0151642652272361,0.010104897577669456
68736,-7.025316033371121,-6.420442770064124,0.3960225324112545,1.1351279025929482,287.4491075238157,0.7897791677704387,0.010105000480620569
68737,-5.593329067607675,-7.8844428032249985,0.6916204166503406,0.5968683770156779,183.37433781011399,0.6618735331789667,0.010105209446396054
68738,-8.91777878856503,-7.594124011544072,1.839608233081336,1.3927613306475437,468.042886957477,0.45080542754221664,0.010107360038991998
68739,-7.127640945518965,-9.408490318302988,0.14737867944125874,0.9553133718719318,152.7356530056682,0.2078509106858153,0.010107963631163952
68740,-3.4022177578909005,-11.24722769587935,2.742807823569077,2.7301190701904736,476.9856542944712,1.625863379707,0.010108069468653868
68741,-3.5729521733568763,-12.23174074100094,1.9652104953522271,1.0420426589163094,230.34214061237978,0.3131338364030736,0.010108140766604897
68742,-5.916775067922035,-11.646532456172528,2.712206652131194,0.7657169750808775,469.97465016515775,0.2428041593510759,0.01010856010074343
68743,-4.553422662907213,-12.121971356121067,1.7580569003053501,1.4984151538383457,336.29299124434607,0.9755104345543453,0.010110028656421407
68744,-6.660396804098642,-11.778517285102595,1.5578415732250237,1.0969867093068268,232.82713819186736,0.18721551959730842,0.010110080861022363
68745,-3.0526098390652256,-12.227862730087121,1.817233077449075,5.241645011929291,637.3030865835285,0.7773351803520416,0.010110855056650941
68746,-7.408315910930581,-9.880667879863664,2.822122407742133,1.537280822797235,422.15286682285324,0.6253739457403205,0.010112265515388418
68747,-4.294353630157065,-11.832187509319875,2.503103620722025,0.825050944323058,207.12085091656397,0.2658765087356567,0.01011308427565546
68748,-5.1555089858042535,-11.769281391239822,2.5991119707832193,1.8950370095661644,469.07613658478317,0.6358644803164353,0.010113217447573682
68749,-8.269517395338475,-8.232807218252788,3.307641841745558,1.820080734217164,468.43130737522404,0.8356239988623235,0.010113423927355534
68750,-7.068235213998166,-10.884852956290572,2.4925414391325362,0.9871316976881332,467.7021703062365,0.6790207146811484,0.010113541507713892
68751,-5.004250358307203,-12.712473987509068,2.265308968557084,1.6501887648537643,386.7733373712317,0.5256307448848458,0.01011575069624209
68752,-6.8745672521514525,-11.460359483722996,2.3934686825081806,1.8590222075465828,467.5200104547367,0.6259340954484767,0.01011613203822225
68753,-5.2802996339879265,-12.187201263296858,1.6359010519204844,0.8574246706820515,467.78255200527207,0.48391393358395085,0.010116688412708246
68754,-5.076594328994148,-12.892960460315718,2.1933043270914956,1.2877543235111601,466.8215087831931,0.593528449568872,0.010116834605360428
68755,-5.435936772372239,-12.209744179315384,1.6136690891905983,0.4410537730334938,102.65712240373921,0.12911879001012938,0.010116929678185047
68756,-2.7944945989239525,-10.46167592874296,3.9317897431442916,1.6497817007707323,388.14481382590907,0.7371229812553022,0.01011768845425798
68757,-5.956272586718644,-12.473666406317614,2.4432903406463207,0.6974420131156884,175.8112123200388,0.6159376202792561,0.01011808998481707
68758,-6.277395846654739,-12.400500415877348,2.4367177249161633,1.8129546008702089,469.84726421857175,0.16354502742686705,0.010120396725534143
68759,-5.593677702936351,-12.7328351300339,2.3592835035354036,1.0891540894411234,264.4903152168417,1.0900853071912673,0.010121413962129169
68760,-6.242357816209369,-10.235680384782178,3.4760812354156774,1.9890275640270008,398.896710929753,1.212980946671892,0.010121643658433268
68761,-2.870931497238307,-7.8799950919869675,1.1983958381446165,0.8302360536732473,469.5242339060472,0.23074122811148978,0.01012332848386103
68762,-7.290648943001267,-6.385285384690085,0.04090452503011246,0.7042621716585431,215.66965202598297,1.3005415258955146,0.010124030954721969
68763,-4.471818086480638,-9.648816684237524,3.9164498118040556,0.707324465404028,143.29386797061503,0.7442311963752282,0.010125080778175118
68764,-4.602605516601655,-12.489201229901242,2.291877697964185,1.9902541119371095,223.7465251569826,0.1550182500249635,0.010129350320883156
68765,-6.564066000585864,-11.868303814319464,1.547784893550184,1.015200913063282,273.5934793892695,1.2673769543658358,0.010129591709953758
68766,-5.440357001578019,-9.626647916047299,3.997064881480457,0.8019737086531908,409.69757210528957,0.07352064075932496,0.010130155294594087
68767,-5.269364166661506,-12.7589169123733,1.4565197577605937,0.6810413821235548,469.000847719504,0.3923448922525914,0.010130528836376019
68768,-6.452273212333036,-12.514566089904967,2.3307178493339444,1.8702549257029661,467.9979500286047,0.589245759505963,0.010131409998601404
68769,-7.513859364543165,-10.439859267744522,1.379239638775848,0.6631266845186546,177.30809096550257,0.4300679698135257,0.010132565069781335
68770,-4.972609981265807,-12.850687213091499,2.187789492799143,0.7987510017161009,235.48073530808978,1.3436414017227944,0.010132657090969267
68771,-7.66464375405512,-8.406422949805147,4.319540127902553,1.8151818584768082,432.79632715308543,0.33488132338745213,0.010133494439794437
68772,-8.568762119379135,-6.283632703178693,4.552123108126102,1.2932681296479887,285.2613699599198,0.13673138035042154,0.010135112999714098
68773,-7.040563668899974,-5.759947308249214,0.529112749563405,1.9798812820646159,205.09221345477155,0.20367265349022734,0.010135896579470694
68774,-7.595963031218382,-9.809701597450266,2.466732147630116,1.1210694748284982,170.81962856416692,0.17337238064760374,0.01013599603243098
68775,-4.025869596793099,-9.276625761489381,4.274887121632904,0.8829815528835885,211.9929239655969,0.33312015416913976,0.010136035715650278
68776,-6.624953938370831,-6.63743960626291,1.351885684833179,1.8683046022872918,467.7532637101168,0.3437432857607643,0.01013752047818057
68777,-3.846935254922352,-12.426065751155116,2.0780539300520715,1.80308879862412,468.5579373482878,0.6147218453159118,0.01013902106291482
68778,-5.315654318202409,-8.86252248253995,4.806532797755779,1.8517251230342042,443.3094907642424,0.4539678255628967,0.010140759239379828
68779,-3.912942975092535,-12.409268198369872,2.1090715663218385,1.402502050348513,461.8040150153197,0.47290413344828774,0.01014323190162692
68780,-6.1556111193585,-12.252397052749789,1.7114112089994613,1.8516584534185863,441.97468851257617,0.642485742833415,0.01014558733292111
68781,-6.814584102060753,-5.209926398870329,2.0316999518183665,1.7075329500664091,468.3650330629564,0.3472016006278933,0.010145662442963969
68782,-6.274207776469046,-11.339158490687023,2.8118383978072554,1.577658042471351,365.0759836910556,0.2881428303478639,0.010146006035737216
68783,-4.257843265800615,-11.816466599860622,2.503491600717289,1.0720531686860268,468.41222890776913,0.6662062062825767,0.010147856427704497
68784,-4.301375452653597,-10.16867969394837,3.4541153830949387,0.6238626301902128,186.51287601178586,1.1228689852526683,0.010148113554961704
68785,-7.148689291478168,-10.830842060860782,2.381668173568337,1.4765105722507497,467.9376228390022,0.2700932469535964,0.010148250046431748
68786,-4.883600812989784,-7.299555970804618,2.524254834337408,2.997244639668981,497.6716354139422,1.2872758135411058,0.010148277093360419
68787,-7.941316310979486,-8.502867704413404,0.4459194912935313,1.7899181502870227,469.2304983651449,0.17926961520967932,0.01014877823478958
68788,-7.7922408190071675,-7.993030654369571,4.680441522603593,1.0729057559150834,468.06059773451096,0.7083455863213244,0.010150209175456915
68789,-6.858184571981791,-11.983184480254401,2.0176904751768503,1.1663496061871361,294.6265580771932,0.23063802081385276,0.010150554153442638
68790,-6.238819173969756,-10.107792399476338,3.577563751919981,1.2139542472092026,252.98906068455477,0.9644507617667823,0.01015219469845729
68791,-9.043144702309785,-5.876959525430642,3.2944331581806243,1.4846880130709952,336.71002060342636,0.4249699504538187,0.01015238218170792
68792,-3.4358780118483336,-8.053449741827357,0.7732879164267917,0.5624177023444881,130.74158530912914,0.004773035289500349,0.010156072378238132
68793,-4.91266221304408,-12.70767788756397,2.047813411106098,1.112226851814295,466.96410432853617,0.6176230226857582,0.010156672569270638
68794,-3.9538661601786016,-7.8417299241945315,1.155878327339457,1.5536013167697105,183.62142101942203,0.2477731657162776,0.010156883059929948
68795,-2.4901665240587327,-8.923874354668811,1.5911657928459129,1.8096646923163138,432.2816313127636,0.5140901045630271,0.010157176570907344
68796,-6.376918862282881,-7.876247096989093,0.3165081209800325,1.5611413133175687,362.79175748228465,0.4503028981615085,0.010157579682871206
68797,-2.8016503946558036,-8.105039138025202,4.321693103111301,0.8117082957846359,468.323947847183,0.18950974478591398,0.010161001120852022
68798,-5.812495794634392,-7.52902401906451,1.1380300702160995,0.8072098925269457,439.97276028287104,0.24800005745631282,0.010162507625356787
68799,-3.997278494413525,-9.976828212093798,3.6011701495927064,1.0992511580976654,468.5148448111731,0.6165085628391527,0.010165300760140382
68800,-2.8349913209691717,-7.785390426417756,2.61806298564453,0.6544428651410417,468.3096158588425,0.4330448244541083,0.010165660528812131
68801,-4.8886687319193145,-9.859645010172754,3.7399672487284112,1.3527630043856267,316.67395463235357,0.3262405247531017,0.010165709535372672
68802,-3.7143654606475884,-10.07847126905644,3.507214355933117,1.1108049752284868,286.25383417196264,0.8240035293169674,0.010165813691534801
68803,-4.3009026846944876,-12.17568148838762,1.5984232328095285,1.067905335202671,283.3248797132321,1.5428376576098541,0.010167381267797718
68804,-5.755636730303471,-7.118087537140942,2.193208635570264,0.9328092893494294,310.18819998496633,0.5213980882487386,0.010172476772364403
68805,-4.513093362810936,-9.737128417452933,3.8314030657892375,1.375026129594218,467.83988883126705,0.7870576683879307,0.010173917867292078
68806,-5.473051263343904,-12.682607135188228,1.9455647789958077,1.514109030625707,342.8352611787984,1.422851394096722,0.010174940183029207
68807,-9.054046858964385,-5.140353259761431,1.0718117893137187,1.3281084627033595,283.1349356558553,0.8386620316767956,0.010176171594521784
68808,-7.025842105315397,-9.145067014616297,4.179404883332647,1.79588127953874,429.00215776682376,0.6990820835176512,0.010176191137278995
68809,-6.4176730576674474,-12.394864524260548,2.3835173683797652,2.284473655796827,428.7073913407577,0.9756961540278715,0.010176900436883008
68810,-8.184848267634631,-8.44180117473875,3.134853261367067,2.4119166233558342,441.97467395383865,1.0903766209442702,0.010178249079452022
68811,-4.245533061011253,-12.930672235332581,1.452742218631098,0.8195107322523747,167.3306457932709,0.08467656268339852,0.010179926523574582
68812,-5.565298444076871,-7.545087191184626,1.3321221641771648,1.3046330612913049,293.92472599214864,0.7422553269478005,0.0101803339534075
68813,-6.386283423910464,-12.8639020506878,2.2638625739317653,0.9081879191508334,184.20108445096423,0.7813169363534529,0.010181469155332834
68814,-8.808697813290053,-5.160420347497242,3.92450689415796,1.5523206146905162,467.9876978652575,0.620578151687698,0.010182324581129573
68815,-6.743592173586288,-5.389734430566376,3.329029990038498,1.3740661129755196,335.5752322135263,0.5766360602809426,0.010182840293177519
68816,-3.6116910579289394,-11.84190619492771,2.471676007141775,1.5767693803756369,470.48185755628253,0.04957161432042767,0.010184105351009871
68817,-3.093295818028091,-12.677215435849643,2.1231016279118826,1.885213515939563,469.73643642190586,0.10529140532220449,0.010184622584685991
68818,-4.850638638968289,-12.131908882949764,1.7131504139940532,9.051668835620177,574.0909698310085,0.02327013125423072,0.010184951572029309
68819,-6.07222493315704,-12.535709651906103,2.416000050630121,1.6742591881091342,224.32119177824913,0.4470575579757723,0.010185386068786106
68820,-3.0678296038561648,-12.77573691714583,2.1270219057603628,1.7641050634096644,416.01073936990196,0.12228720684974093,0.01018568548002092
68821,-9.032122947299337,-6.9746225927902525,2.9168296450776756,1.871545346909317,469.80089241283775,0.1287326378919884,0.010186463441513945
68822,-3.002499281494911,-7.5421690434154325,3.0100422647852345,1.314836511440136,322.87373135863,0.33607160503816846,0.010187484151832385
68823,-5.234243349711533,-11.635896286448911,2.654146005375119,0.9594250417370255,239.40736329796027,0.8322230469276217,0.010189120533864249
68824,-3.100618200814772,-12.12120897076002,1.8063902632291937,0.7912326517995297,212.15130625438456,0.8903859773751073,0.010189604675513995
68825,-4.583793267550744,-12.467731207507178,2.286306824611107,1.1887147944888037,303.13111777338094,0.6566228488690422,0.010191992910829572
68826,-2.478253088754653,-12.001833952682903,3.7132626973749976,1.6169927262196542,373.14083945973965,0.1853065052547045,0.010192138193308204
68827,-5.321724597385135,-11.01197773898025,2.9494539746442716,0.6761981084072837,136.9236290549248,0.5081614486114567,0.010192423929259942
68828,-4.622963277805513,-12.291409409768017,2.3559040688194828,1.348981681781933,329.01602521045595,1.2658286924734732,0.01019687019510909
68829,-4.887325022448125,-10.778044429774754,3.049352727505847,1.172542705021499,298.67794853173945,0.4022085450439219,0.010198144394248168
68830,-5.772399935240023,-9.958099413221275,3.7094906611803533,1.0781882367447198,280.4022188029707,0.8738474500101514,0.010199378661720517
68831,-2.534405648185471,-10.43933494151731,4.1356467681490106,0.7887599193268762,216.65786513091675,0.8436029856628258,0.010199514054214544
68832,-4.702031038145118,-12.51946383630326,1.4948217259056091,1.1407760380679797,246.8663361603217,0.4407589926786484,0.010200226507451757
68833,-3.258801187367503,-8.163739358528735,0.6408455274387566,0.5124470338869794,122.38644067465279,0.41754854846794753,0.010201146889490599
68834,-6.8715159294806565,-10.859704935523235,2.758724813725352,0.9767572860875063,249.99930140359353,0.5210023944862003,0.010202169080803469
68835,-3.4945890050576764,-11.713311403148849,2.5265556779626506,1.2340100158793599,298.913403905643,0.45231267757190174,0.010202184512020306
68836,-2.8322240883432004,-11.829074309975343,3.179131213213175,1.3099679352827425,467.88193960347434,0.5824699097803476,0.01020221111041753
68837,-2.767519878423835,-8.12761227732138,4.094620783643967,1.2429908065096635,309.00211582737984,0.9312324363492115,0.010202255720119095
68838,-3.998680580807914,-7.563311218840396,1.9162380370449066,1.2839425427761602,245.61452095367142,0.23258228447470586,0.010205303313255767
68839,-3.838992596984566,-12.379127178340962,2.1183475147144994,1.0545129153711585,276.49331020996823,1.7624310869757558,0.010208732964428046
68840,-5.103358665177494,-10.23924956649241,3.4326699299659396,1.076210714645408,264.3516625585042,0.32834213357761843,0.010209059288600704
68841,-7.228459201659957,-10.90349012833875,1.575033864479003,2.4095358387688286,448.1851181381598,1.8896733471717084,0.010209387765740381
68842,-7.666735849068343,-9.408429366523121,2.853687797009114,1.5665205906972606,470.4768282503618,0.22498159234581205,0.010210512337880194
68843,-3.283571425064258,-12.259659382299002,2.0404139064693263,2.816729989523468,485.875271625087,2.1400991305701815,0.010211813229493069
68844,-5.079578482467418,-11.298366216072527,2.7914208829699407,1.893247500111572,456.30896989371945,0.4179052612662808,0.010215016332887097
68845,-5.525000540777903,-12.188559040696534,1.6480371724685274,1.5780328033491675,468.74568279679414,0.8037210397654624,0.0102154478754844
68846,-5.33367367459793,-12.592419688130093,1.4749080813859827,1.5710845254060513,363.9533041594474,0.3069402427332433,0.01021832939023477
68847,-8.591361510598443,-5.371686819679397,4.421946984014711,1.0860160390038331,155.07497596243795,0.22173431090896134,0.010218681477481777
68848,-4.372885220490578,-7.5930567413299705,5.07978370176385,0.7134000095605518,468.65091635358596,0.4953558755415939,0.010219091333436585
68849,-3.252903400594553,-9.683806685785923,3.864116003386516,1.7237805614263402,370.6361066556436,1.660790070503717,0.010219858370417093
68850,-6.722878675309724,-5.574983941636932,3.473735976189519,1.4188990096684955,312.4140352074031,0.529764940694931,0.010220414820378783
68851,-6.099553372995173,-7.0493285778673345,1.8572350682194312,19.33133118748639,393.06143280768305,0.31825840372998826,0.010220593430332431
68852,-3.941456743708014,-12.227160639769664,2.307690280476788,1.19643983751297,300.6538001830328,1.3559132709341792,0.010221120817808595
68853,-7.065264613876167,-8.302140060625518,5.172394607113521,4.973675953218552,287.83581056570335,0.24706067431310696,0.010221810804750193
68854,-3.9994512595753475,-7.34360450162874,4.084346578091006,1.8982478085458276,376.62382791417815,0.24755212965605544,0.010221960906361974
68855,-6.891173267577765,-8.610126146295428,4.9315738090075465,0.7588987381983885,467.81337116250046,0.48340629002516255,0.010222452630988537
68856,-4.748322833889919,-7.390398691726821,2.236172137361293,13.435480295015033,530.2357899548325,0.12310024332645408,0.010223213513736387
68857,-2.6705955126069556,-8.91723580354013,4.695782493889015,0.9268787297094044,253.20843415750974,0.7462777014828852,0.010224223238512404
68858,-5.554074066249194,-10.03429284430836,3.6263482152283086,0.7876741399160769,184.69374903926223,0.7918927116484449,0.01022634211817965
68859,-5.069116450472994,-12.791378798077531,1.4518525797553894,1.8546775753375537,468.39983059092174,0.9155358975706243,0.010226657912206139
68860,-2.861863172352934,-12.850452994618877,1.7476310529744883,0.8285113406481328,231.6034988838869,1.0273145759547342,0.010227950231245852
68861,-6.772834493104549,-5.711990235321117,1.8326957831353587,1.464348598916381,326.26233386140564,0.780654225321733,0.01022804973106356
68862,-4.331379021716366,-9.986499258742409,3.5924847066208305,1.132271412205864,468.3107076581298,0.5022447889436448,0.01022834097721287
68863,-5.447988291410799,-7.339118204437154,5.032994169708023,3.0030050763438427,495.48548545368527,0.9679230472428797,0.010230035516070273
68864,-4.451400399197726,-8.623521806789782,0.13765137420841575,0.7517371710551989,186.40740904676707,0.3889031561152487,0.010230667313486614
68865,-6.094657987012539,-10.23535648570711,3.4842301370008286,0.9957684523951171,468.28672606450067,0.6242760070648021,0.010232758013271923
68866,-4.9007469644526385,-12.526829899194906,2.2871538056115384,1.5512561683110713,393.8068234902587,0.4868274943933235,0.010233833102709736
68867,-6.667993614147514,-12.518157019430546,2.0515896858803293,1.51571245730355,468.52476028640865,0.637683914166149,0.010234025762570974
68868,-8.920722628865862,-7.475856943128793,1.4124073775756887,3.4545382111392784,457.16259215354864,0.13431678029778116,0.010235023182700469
68869,-5.180917104957508,-7.771252549577527,1.0221723820185904,1.1905836552269242,467.4618114868859,0.20088342331073683,0.010235052261263809
68870,-6.901841806614506,-5.970243144165012,4.935174868560866,3.682838340924305,540.1707391092584,0.5726762070007636,0.010236788000402808
68871,-6.555429811874876,-11.655495263497025,2.578102889479397,0.7751250232705696,162.95350316267232,0.24573240607594204,0.010237150213325365
68872,-6.475901269308,-6.266663080206068,2.74044934659789,0.6558325213574481,467.1046679956777,0.45180977187067395,0.0102380596173549
68873,-6.8845829142951,-8.326221805709345,0.0204495175602891,3.140579501833584,502.35120137276783,0.6642015127181464,0.010240421339067756
68874,-4.840031682864902,-9.995942360532998,3.612481932709799,0.9965953514721138,200.8224203846379,0.5379492595260169,0.010242415357615008
68875,-4.833066817137556,-7.718395797814529,1.2945276099837124,0.8341342955087772,182.98992761718029,1.101652028866372,0.010242726402968047
68876,-2.9444994267685267,-9.56075311937644,4.327640288159777,1.8423333269968944,377.1276028481273,0.6136404927332224,0.010242942304141956
68877,-4.990478674144932,-11.550754251234377,2.670900433588507,1.4145463760553691,327.1217601811188,0.9981268361887752,0.010243428707715352
68878,-5.316601863556708,-12.107681197558218,2.4900775282654903,1.182265109933943,299.88489861516734,0.8920131705837724,0.010243654965658844
68879,-7.632286065833336,-10.317578129772372,0.4283664859715414,1.0539979321331499,261.1216111247661,1.234287415011102,0.010244272428184688
68880,-6.261527122253666,-6.576278657776289,2.869793940323463,1.6373960758121964,384.75944107199047,0.557084413323186,0.010244321004476602
68881,-6.84229048839752,-11.200086812927196,2.573896172653738,1.1037729111546337,245.30936651106703,0.3527126795259772,0.010244321225943593
68882,-7.0504928359379155,-11.139897287870589,2.31102016834093,1.2737729199027574,297.9056077641781,0.1804405441807857,0.010245663818993736
68883,-2.849198462389886,-8.141995018963534,4.7921525710792965,1.528620929072559,468.3119265694697,0.48544655426837124,0.010245730259752488
68884,-6.666265330927722,-6.25220348616304,1.7337032577240017,1.5686197400771822,469.5120703034683,0.08085341782194622,0.010246178145378856
68885,-4.336278872634024,-12.078141129543695,1.6766075741979702,1.716693825551955,366.5793122076586,0.987430004864323,0.010247212495132238
68886,-8.87376844434629,-5.538883926173821,0.6339563707442114,1.9543768127590047,398.5371454418323,1.7196134152526534,0.01024994434426281
68887,-6.913417443863815,-6.8394089206063295,0.4589865063607401,1.811447527467671,432.9129548696583,0.4742203812037138,0.010254257125643724
68888,-6.667239592549304,-12.428155650908316,2.129508036227147,1.7096135603074045,469.1859708030225,0.10958986159409534,0.010257777589518258
68889,-6.788488984449257,-5.217772033294295,3.4896329044302226,0.668585104480426,139.86660769355433,0.20934572141998498,0.01025777987616539
68890,-7.157150580869411,-9.845646389606864,3.2619321660390037,1.3322391665339268,468.07805053935186,0.7183839706340018,0.010258112222745327
68891,-5.133348125068629,-12.176753836604421,2.4440564722538287,1.4436943130733173,326.60957990108903,0.72629206611371,0.010258997443347224
68892,-3.03518611080861,-10.572497344263551,3.331100141642731,0.8259945252611104,192.49964748005166,0.4681410750958843,0.010259667981558746
68893,-4.368396437362644,-12.06125229413003,1.7940342612877014,1.6926446433116413,397.91339038135357,0.3333821280670568,0.010260269980737797
68894,-6.300846311423076,-12.940577971212031,2.268483317706233,0.9946351392502581,259.630968424649,1.0814117277507798,0.010260869029888865
68895,-4.717349455732412,-10.042538707792444,3.5673127969644214,1.3482144036074313,304.4332844044493,0.16789804503357075,0.010266906329467987
68896,-3.109237761188157,-12.769048929390092,1.4824052386116033,1.5564782668262056,355.728309540138,0.47840749702158636,0.010268637593571968
68897,-5.215498687399233,-8.93929753261612,4.707443859503132,1.411855032410609,309.4617053607776,0.09620460173464629,0.01027012307811395
68898,-6.819784744064719,-6.045150764406613,1.1284215925839165,1.2358749113071108,307.50947511702265,1.4105102234189602,0.010270909568851754
68899,-6.2653432243596665,-11.882285124465213,2.586549079834817,2.850633350025346,487.47960182325437,1.6447892511740152,0.010271488843288887
68900,-7.153402175127758,-5.678898282466001,0.30612660048038787,1.196451291009253,307.5720769194704,0.5826217301948491,0.01027197244081463
68901,-6.309497319949141,-12.04852768382291,2.515408096647303,1.1540244369734125,241.8958836807555,0.8038992392329467,0.010272687889935524
68902,-4.156831024119235,-12.039435763035943,1.6713042097852395,0.92354373738042,255.1219070194439,1.1557322886621346,0.010272831532291946
68903,-4.97023854300831,-12.105511659248572,1.6727607608095862,0.9007525824223913,467.1610390135662,0.563351816380246,0.010273032147887303
68904,-3.3255479466083653,-12.234888949225015,1.5539824035974945,0.54563339221262,127.6226452658573,0.6587609631367952,0.010274339479807364
68905,-5.874694925307335,-10.398487465066024,3.358900725594546,1.4799073181830302,331.1976092320754,0.8034802413431708,0.010275140487606686
68906,-3.173802945795617,-12.475083137044534,2.1584303041501296,1.1427084835036596,467.6273104294,0.46916998985187686,0.010275555782982103
68907,-5.632009421920278,-12.439770638542965,2.417754003901786,1.5745450228622382,362.1035529492476,0.2638411787631485,0.010276010989665596
68908,-5.291263713830599,-12.949465956899678,2.161504232301958,1.136468053728031,278.2038559903318,0.7404916538401407,0.010276146706370363
68909,-6.5926652914528905,-11.179490193140213,2.7759114522949644,1.765228107966775,420.21431926329757,0.6370676268990243,0.01027697537320091
68910,-3.2575469375515373,-10.930993391443959,2.916224598501302,1.0931192358211885,241.63832113907992,0.17174079646721552,0.010283494022187775
68911,-4.255637807580679,-12.387372279721694,1.5124121029150208,1.177991701507456,302.21388672696935,0.7177453385101904,0.010285122662403293
68912,-4.517686848501043,-12.173022241540728,2.3808780546810504,1.954436564869557,390.190003408543,0.9154347255552784,0.010285275023038172
68913,-3.590985732781119,-11.999883505378136,1.7585747338711397,0.7654695837897306,163.88432287689568,0.8442753654808435,0.01028749643902384
68914,-8.362641836743808,-7.124567028064842,4.636789306223631,26.764246306251483,831.1472673999555,0.1589568408162192,0.010288762582415473
68915,-4.101704232018525,-12.041834508491249,1.8136678990422248,1.0970479783207023,218.29117394387964,0.5471721048018701,0.010288859165111741
68916,-7.409538996462462,-8.91748237458834,4.006852288355288,1.9361495087898841,395.2770723674774,1.5205713115343533,0.010288953149732527
68917,-7.09441191016702,-11.237863754270982,1.7799536971915655,1.624391439904602,374.99008463197754,0.2974610853643904,0.010291410183894808
68918,-3.2950593632352305,-11.683349612928442,2.5358699568264638,0.9076799045029146,468.50123351385724,0.9380874333939841,0.010293782544476505
68919,-3.81142890411848,-7.986960075204684,0.858136802039896,1.814131801266678,468.03686272205,0.5525950953163044,0.010294193383565589
68920,-5.050545809292804,-12.264645525341587,1.5512079594555963,1.491540490206672,335.1008113650212,1.1999426355524614,0.010296288275864856
68921,-4.997190322274326,-12.648021699854596,2.2544141893481284,1.1244786924900625,467.65168685093107,0.2519526305643769,0.010296761950778046
68922,-5.338839292038923,-7.121850540831916,3.1209585615708018,1.8712572092195061,451.5400664974195,0.2043808186209768,0.010296893682633326
68923,-6.733892629154779,-6.442283683089814,5.129449027501846,1.4264938468248427,337.66013036969326,0.5239303275948197,0.010297000688177913
68924,-7.060212176545825,-11.179827724422488,1.519001671356163,1.0587179705420224,466.37970048774247,0.1665994507474169,0.0102974385176773
68925,-8.746277169469636,-5.539512581394604,4.103700229690522,0.5601832335703617,136.49878112924597,0.5054111516587456,0.010297848729272833
68926,-3.4056474764791753,-8.674043126561337,4.8874451652118545,1.9399378789938169,385.9914479433982,0.8636949508315599,0.010297914694685158
68927,-4.969382721188239,-9.45354601796342,4.12755622764813,3.4835093897558242,474.20560442280635,0.16849437323169258,0.01029882304648025
68928,-3.5810748033631965,-11.136744748393635,2.784600871278297,3.6299278254661083,339.4564656923519,0.09789226922285366,0.010298947642079738
68929,-4.76406324519869,-9.96081395863954,3.6314158544167547,0.9211285544173078,468.66447240273396,0.9196086560507748,0.010299055234295832
68930,-4.923652513188062,-12.017597385196929,2.4724938106124053,1.0525505480623016,279.2095520952308,1.7206740679560566,0.010299404875492305
68931,-6.413887335043328,-6.594129137935681,4.625485468750247,0.8529897126793331,172.32145834490169,0.8239099153957392,0.010299896904166701
68932,-4.7305062145162555,-12.114779933693615,2.402192634856424,0.9731013354740807,263.0101034764192,1.4279843678785094,0.010300128397387953
68933,-5.026140072322903,-12.12282626805662,1.7415432573350973,0.7604131152036169,467.53296095331376,0.3048553994076295,0.010301226486281515
68934,-8.374699763638647,-8.137902018104429,3.1819085511839162,1.8928959585117715,470.15701567793724,0.08377986332796272,0.010302752251394135
68935,-5.837827939308669,-9.359367970930627,4.2903798629973275,0.8666668190602521,467.7468045969354,0.35199230401340653,0.010303042878237061
68936,-5.159348991268579,-10.593528338087998,3.184298412826308,0.802598563370791,224.67716665946114,1.294670150873034,0.010304087265091562
68937,-6.55342674756665,-8.039821444831944,0.1211857065094296,1.0901451347899296,282.05390664714486,1.8340480938861772,0.010305173366437692
68938,-2.9042152377214068,-12.561858173456717,1.7161884959660758,1.2476162825899317,311.9326572983025,0.5901653970900638,0.010305233561665671
68939,-6.727678331847493,-11.780279717303415,2.3803343641314663,2.489043236178456,453.3667167766318,1.438592063570506,0.010306827180250926
68940,-7.097404186262725,-6.319401617662827,0.2993808151324047,1.711653117548412,405.37357215441443,0.8034496219863003,0.01030710052981865
68941,-8.209411792767156,-5.614276461567272,5.090157658637767,0.8521294296755691,467.62819395483956,0.4370254485340874,0.010307990356662973
68942,-3.5130671927336596,-11.601752631787589,2.555042980687084,1.6062858567094587,468.0434129987502,0.3384195686355458,0.010308243730700259
68943,-4.526257658757045,-11.573122159237965,2.615696093137242,1.2281150579679372,252.57187276066534,0.03493656951399604,0.010309077206226482
68944,-4.602373791386278,-7.595923758362204,5.104534162437558,1.3761306752819844,325.54282116762636,1.423714339189467,0.01031185427382686
68945,-9.17215847081157,-5.127243145857326,2.2705699649879123,0.8593617870242709,170.19547959959888,0.2859639482119434,0.010312847058078053
68946,-2.7380526627517714,-8.726748796845168,4.922036662516582,0.9548238334694268,192.8312917802131,0.6393302468454021,0.010313458795888101
68947,-3.260286597325144,-11.984436782930747,1.752673562092674,0.8559670317678771,198.84979660401711,0.9251063915442286,0.01031417040077228
68948,-8.573151465640548,-5.833897467288511,4.5082838937154115,0.90093183757604,221.1910981154177,0.6430825246671317,0.01031447032632687
68949,-2.8715230773275717,-11.160689107111569,3.3139986643254336,0.6783589917046036,467.046362518241,0.40701977605439144,0.010314971823281557
68950,-2.647020668811612,-8.273096378174678,2.757731078555284,1.7729494236358398,467.62138440253057,0.7873798775069156,0.010315590709007923
68951,-7.754769701677752,-10.103683253193775,0.5092192068660236,1.7121048550426767,289.3917096170218,0.04190312092770565,0.010315690419816777
68952,-4.056283615562593,-9.54062677974958,3.9982920046861223,1.0712424230048525,217.27812738070696,0.017898158347342097,0.010316328976862571
68953,-6.453670800900657,-12.885898037627504,2.00308335160897,1.4556785266267156,467.9557964379062,0.5959850090126908,0.010317063069087997
68954,-4.712584273813109,-9.147545854562775,4.438685507708315,1.8327832622008808,357.49665254598006,0.5247837087803253,0.010318111062007125
68955,-7.927762201617367,-8.252363768685964,4.059350372602597,1.7650551640432175,419.2131732661949,0.2650958254552238,0.010318571004750393
68956,-4.030677936640026,-8.59490918921883,0.17553907279973882,1.4325270624004982,326.41445200685934,0.22019803539620053,0.010319852694192484
68957,-3.809979054144913,-12.324420418712767,2.106114321682706,0.8862537151505159,397.88452897294593,0.7702119882560883,0.01032201892356587
68958,-2.9493027762304322,-12.675027828957406,1.5613516808521692,1.197198625039063,467.4003761924983,0.31410248151137576,0.010322217815592467
68959,-3.0336612651432517,-11.770684141247074,2.7323339136940072,1.8447092884296072,466.1936295565104,0.28698332380767777,0.010323524345717846
68960,-6.720343798124796,-5.4280692618464315,2.9143824681367754,1.5519714566992047,470.1616132597848,0.1620608851322105,0.010325022887698744
68961,-5.614078716604125,-12.845449142297909,1.9959511893753465,1.6683147553930568,385.97832502080865,0.17754908345671616,0.010325262025531683
68962,-7.439024407257751,-8.210665619907441,4.898939898388501,0.8963142880210513,243.4096787592786,1.3195399911023982,0.010326069054817965
68963,-5.725980751890243,-7.2385196986204825,1.9424724541217049,1.211098763451783,258.90124469869176,0.38322824159229896,0.010326883329546094
68964,-3.88231159991797,-12.151628922117123,1.9254510818645505,2.2310355219554814,422.55600345538613,1.021501770287375,0.010327757151911485
68965,-6.252937770330198,-12.146540274622033,1.6909726956208286,0.9052398154738805,182.51403497594802,0.3562751517944909,0.010328177237661124
68966,-6.572433846342587,-12.314397671886498,1.350232891918932,1.8764145049967058,468.44646648561945,0.2969030323074575,0.010329422898447892
68967,-4.468650696200562,-11.105248927869216,2.838716437655244,1.8159508947317307,433.49175444607454,0.24883847764762912,0.01033122237896077
68968,-6.89696947072517,-5.327661864343935,1.0889800329347636,1.8413296004581101,440.6340730079436,0.006468639980463209,0.010331350202877084
68969,-3.0646756235604276,-12.124534931267677,2.5639898213399284,0.538361473608809,151.12928487526509,0.6898194008914276,0.010331527799932844
68970,-4.257763066628645,-12.395463669625837,2.141061643536462,2.6383593743184965,470.03418851224745,2.103738561429023,0.010332442531658784
68971,-4.04321678779756,-12.355374887090955,2.0535913294763595,1.2773407950610223,277.7515372445866,0.6224778370916413,0.010333351241266471
68972,-3.1667534220035423,-12.090194498619782,1.870015838237993,3.2929832938987524,518.105501344018,0.9425041034157813,0.010334603561816936
68973,-6.416988279421892,-6.605681181894297,2.0206721204952616,3.0290456917269855,498.1256607262815,0.9732891618937085,0.01033610500970335
68974,-5.755178934051364,-7.232602726711904,5.074120822353183,0.652249458951523,131.91631104852436,0.8036814557957968,0.010336790459611573
68975,-5.926405574849238,-6.874645568019804,2.8931282789616644,1.8808639211159244,461.04345117447133,0.6217372326892772,0.010337188460810918
68976,-5.95722513066025,-12.856190783952517,2.325891987101728,1.7976863360282418,462.95785450219125,0.5896695029284524,0.010337191423413947
68977,-3.0090709835796297,-12.51118047163459,1.9522302265008507,1.3837773802072726,333.20452806634006,0.284543575010745,0.010338076565334538
68978,-6.862272281399889,-8.559143316935344,5.005196126214081,1.515642341978548,349.04032805509473,0.21963769722799764,0.010338378893350186
68979,-2.686808010832065,-11.82326012768752,3.679110418315944,1.8271745414141687,437.09312016252943,0.2947918300627643,0.01033870608153957
68980,-5.947270091428757,-12.872823036804252,1.9392653961810644,4.996676667970582,621.1529761884998,0.5482347936134424,0.01033919329509045
68981,-2.7731943011506583,-7.914230350570993,2.975005679014891,1.3342586854686733,325.63680895419486,1.4425664192821506,0.01033959023553951
68982,-5.433130875502794,-11.21562633325771,2.8503531933436115,1.631619864474557,381.7811521303931,0.3082722569835843,0.010339921270140433
68983,-5.35084460071497,-7.451012163705268,1.731453493902828,1.609037803300619,350.2912981623266,0.8206171449528368,0.010340235117868734
68984,-7.94766291082013,-8.972491987728917,2.807713034102359,1.708721242905956,401.7180376303758,0.20693144145484066,0.010341303858539395
68985,-5.841685587322959,-9.506132680006468,4.133904982526466,1.2673651025380266,305.5492555944283,0.4497412604879436,0.010342832163796502
68986,-5.9538326127929695,-11.714421108682743,2.6643555919555615,0.678024685946235,449.5320820120827,0.41262223150860766,0.010343934027350562
68987,-5.955899957630001,-10.0450682384371,3.629550693266495,9.234800711086779,764.5969640312504,0.31737029907026226,0.010345694993586814
68988,-5.679648024581922,-12.820268268002222,2.293100739691238,0.7855982353949837,223.38292675596992,1.1328248005636299,0.010348036721354493
68989,-4.941087747243964,-7.456851506712179,1.9506898508316641,1.8749094111926505,452.74773921815137,0.2426995112704935,0.010348587721626975
68990,-6.874142791994254,-9.802279769527841,3.5870006713694202,1.837765848117179,438.76308403886134,0.4120043653505192,0.010349337173440235
68991,-4.890490086190765,-11.90809520396048,2.500313837135255,10.284524427199765,592.4208331620611,0.00014493355410394315,0.01035072904942662
68992,-7.616209042401039,-10.197113549625737,1.447337457489651,1.824015680519766,467.79107332029537,0.27414729362758905,0.010353391071655617
68993,-5.061074341317972,-12.331787522638972,2.3715974112827385,1.6140746694386405,381.61559162430206,0.28727437303756265,0.010354224705202381
68994,-3.2657886300568704,-7.360632907869479,4.047694353650722,0.7533189424818791,211.69241137828314,0.5245341708275326,0.010356756119737255
68995,-5.065979970408964,-12.57353370000104,2.2685905549732492,1.2683103908129518,419.9725940149182,0.703566385099367,0.010356936445212768
68996,-5.994444869074751,-12.258448626758913,1.4960096841055104,0.9058695531551446,468.38746611943037,0.5316621750401733,0.010359091385319565
68997,-3.383925536028073,-11.927756219146566,2.4002135301458467,1.3703104774561798,298.2134642861757,0.011918098839118763,0.010359376917670004
68998,-3.380995876565505,-12.143704264566294,2.312206501536964,0.8032946521382944,161.35058052546518,0.18021546792492327,0.010360664513745413
68999,-3.8806347069629465,-11.38556804302575,2.667487149153441,0.9738721565590206,457.19647656257195,0.8316464022127326,0.010360717707083291
69000,-7.463020322914877,-7.110129749454459,0.09520705885486842,1.0722112221108562,468.1226794966558,0.8876474590357883,0.010361452651005071
69001,-5.587040484992222,-12.407042049735846,2.4095286106839167,1.5844777063911604,356.44955203664114,0.744024876854394,0.010363296638218443
69002,-5.440186397374737,-12.123796709986175,2.481131666734381,1.620631954150664,382.2036487987194,0.43041143417001937,0.010364155875964464
69003,-2.4538678162906002,-9.087952161441791,1.5719381756941695,0.5796855552242418,156.3810750063349,0.736946291546352,0.010366639819779524
69004,-5.247214210092381,-7.201758600040046,2.66670873951476,0.8457385228343142,218.63608948836233,1.317642235114442,0.01036762940312596
69005,-6.5676754857677855,-12.450290949860173,1.332004032340304,4.3459186989263054,585.0572874531482,0.6103482783273231,0.010368459851344693
69006,-8.28810992190964,-5.2710950136114505,4.924152745993586,1.1152690896430981,260.69052832572237,0.40011864214528625,0.010368469248692346
69007,-4.498690437671734,-7.812846498058799,1.1091953864331765,1.691126221266959,461.26594682822844,0.4379564973031309,0.01036850708042299
69008,-2.923194633176138,-9.845044027213318,4.097728832621557,0.599951090372132,135.01329631075745,0.9807369576846652,0.010371036996706875
69009,-3.268518062056419,-7.654790944934915,5.045821334744361,1.754370881462864,467.84696590781647,0.6769414895811297,0.010371349187578878
69010,-8.531133573010113,-7.021707335422473,4.3660979848344095,0.8324225349708549,236.095246700613,1.251767200402707,0.010373597471218932
69011,-5.513853360331157,-12.768079323087214,2.2773058373380004,1.204279800653076,310.5861683747382,0.48561967822032237,0.01037402582124739
69012,-2.3050013603289967,-12.70889913644694,0.7982736781758684,0.9956986855288212,470.2536185339792,0.01876286928678539,0.010374266971260532
69013,-2.7952969578209377,-8.343241040982782,0.5576894882035387,0.7176158501772221,145.73922552387094,0.27287887384620824,0.010374367443742346
69014,-8.406074871031118,-6.587996980702657,4.814247588619094,2.751045888375808,475.25974114955307,1.1314346554651582,0.010377014393909433
69015,-5.547083891087556,-11.938272080339688,2.5550082602518773,1.3744683518836918,331.74991403824254,1.228296610564132,0.010378007747794148
69016,-4.943164681779724,-12.092615773971838,1.6924873136623115,1.8472919735830227,468.56947811276166,0.8757103530336847,0.010378491254958681
69017,-9.158512523910602,-6.029724416247008,2.0659653266838243,0.8165828201842446,239.2622484504073,1.5926883163666137,0.010380422304014494
69018,-4.5716574063799555,-12.046486504892867,1.6815370913767433,0.8706466981881426,422.737536614278,0.5354033840730557,0.010380963946473597
69019,-3.0114823758578426,-12.608139608944036,2.0077763424899517,1.1128909935290114,260.8346134066837,0.4668100759341671,0.01038191432363998
69020,-3.745232695424611,-7.366579156151439,4.213715591086088,1.8920881497040694,468.3327553064427,0.6239108633984385,0.010383727033759739
69021,-3.377090826611674,-12.076828887328128,1.9129809471344024,1.130685824953674,276.9568313495449,0.3700171690175802,0.01038582424461453
69022,-6.624091448354547,-6.042203165390572,2.233519433344658,0.6068282002352504,123.62460577292191,0.594704834354375,0.010385856314829274
69023,-5.196538905461906,-12.107226065226895,1.639151687070084,1.062884303112005,258.3788230447752,1.4461622177294577,0.010385861435981827
69024,-4.500361232791531,-8.526655012720926,5.061719798963804,0.839107183126228,213.48273697222533,0.9723041155373506,0.010386382270738629
69025,-5.04475637565399,-10.816281945381384,3.032736903688601,1.1604974981978686,467.3609021103858,0.4806202563268629,0.01038640966492443
69026,-4.252533156092575,-7.35972790938864,4.337279954312903,1.9046287053853206,394.63949745894195,2.131940021677736,0.010389944434935803
69027,-8.420901003051636,-6.2045023334189295,4.819761121407541,0.5389007277148408,163.84073361831187,0.5956816963645446,0.010390373550671133
69028,-7.012805538847299,-8.746801203383516,4.668419948768726,1.1251178926728693,467.9831623266807,0.36020089210231365,0.010390381461048872
69029,-7.0005204390698434,-5.1092946680282685,0.7697103339313481,1.1368392629727568,467.3342240063393,0.5552706623184269,0.010390574891783631
69030,-5.722528927812241,-7.93295462196303,0.5872451320975227,0.7575123647765146,179.5796672752698,0.8948426929645352,0.010391274595818862
69031,-3.243439130717439,-7.668337934567627,1.699582493192671,1.1945471012341715,298.24921917774736,0.1963664571066035,0.010393039832056254
69032,-6.5012879777968005,-12.736938731734634,1.9981488077516887,1.8028186483153732,428.51554191539765,0.45834600003218817,0.010393250389258523
69033,-5.525232014934173,-12.577824756819552,2.3334741712064284,1.897722120193405,457.569952545409,0.4259819428910978,0.010393478940895755
69034,-4.240362387411055,-7.998492325283833,0.837560246122342,0.8125200291767675,468.5803771701565,0.26815134408620445,0.010394844002080829
69035,-8.770844939728594,-5.4044079236191775,0.5027954622608896,2.005952625495706,325.42679053906005,0.060453694437595296,0.010395113463283165
69036,-2.8999289443346976,-7.715593875745316,2.2895573240742513,0.8511306403496663,468.23976612781115,0.24279774915181296,0.010396209322057771
69037,-2.913581784808179,-12.491134019016295,1.7386921918305351,1.0960801201195551,468.0225602108951,0.3781603617896616,0.010396335392338354
69038,-4.266852647801293,-8.419277396611841,0.3164390884056266,0.6794825352235538,135.45007351031109,0.24921774882851988,0.010396786493347654
69039,-5.672849262952242,-7.369188606979017,1.67749437389407,0.9690824631194936,469.8668776097584,0.07346173835113667,0.010398770868363183
69040,-3.9219181241342795,-8.440381301815991,5.104700689937604,1.6211701081192131,380.9396178501708,0.4309593969361556,0.010399785257719401
69041,-2.902706019094249,-10.745218133240888,3.4536028436042727,0.9050220588596556,238.82263946647933,0.22851776200256513,0.010399859471272099
69042,-4.557122338768654,-12.112142450153955,1.8556605498737977,1.0494620918357094,467.82018466793346,0.9292096223032482,0.010400253420367062
69043,-8.00034714377606,-8.359719829177658,3.7303774757154575,2.983661884583038,496.9077831333214,1.3201693618172898,0.010401543406358028
69044,-5.420243752701898,-12.020469655585982,2.5045583859367295,1.772257158567445,422.3824492950219,0.8715239924798057,0.010402133878855526
69045,-5.969343084584674,-9.778365776366126,3.8662665625129984,2.6322958935631346,470.40087105306475,2.4923840039819245,0.010402584806863251
69046,-5.305832055512872,-9.201251969952905,4.416268192037386,1.7386753598946718,467.8185214006813,0.6085528325843592,0.010403517311557952
69047,-7.462257362870879,-11.570435781862376,0.5836838975369869,1.5548656151098128,366.5416436722851,0.38099367473537704,0.010404764212632955
69048,-4.027218403096484,-12.530074599065808,1.4829743287442103,1.2727221282654757,282.83784989127207,0.26339841600395175,0.010405306491727186
69049,-7.575487590882558,-10.270198320887197,1.4485059919953653,0.6472995110571326,200.16000325324006,0.8826755281247332,0.010405513910529829
69050,-6.515882337380221,-6.4242445762876095,4.476528318697056,1.2738322716717674,301.38840228913193,0.9199384324604782,0.010405589427827768
69051,-3.933305504677623,-7.619260659948925,5.016809077780771,0.996474129402143,271.88797269730566,0.9782843345835524,0.010405919379659432
69052,-9.007397021839148,-5.442713650799648,3.3622957086795626,1.772241606447632,355.2966435732615,0.5437356452129185,0.010407203938194597
69053,-8.601055695164014,-5.085587200669551,4.353702862143384,1.843106283449326,468.9750189887924,0.6020594197511757,0.010407862655267887
69054,-6.373258420180882,-10.852699095243088,3.0265267683474684,1.7407269420479101,467.81319303259585,0.44695492433534145,0.01040855946616659
69055,-8.091016834282488,-7.550740247231537,4.710206464473428,1.283454292482197,320.41732021531084,0.3416258800783316,0.010408817656290134
69056,-6.592590334589238,-5.977010917682281,2.798653972982324,3.4979039273710844,537.1635042998071,1.3802715399646335,0.010409274955039299
69057,-5.78312514288946,-6.9332113536701145,3.7470727722344863,1.3929133249267909,328.0148157779888,1.699396512674551,0.010409346086775127
69058,-6.969061884395188,-5.2723629185128384,0.865087981538688,0.9263518689667204,261.4635624641929,1.2242023650876446,0.01040954232402861
69059,-9.085140228368257,-6.507149883264132,3.0032614863245635,1.1797602010696913,468.2269255782301,0.39439199109118217,0.010412100289610069
69060,-5.562635668745852,-12.195441535508731,1.569175790870791,1.0480617889585682,276.6508955609225,0.3528803074167328,0.010412366023021008
69061,-3.300540606924061,-12.311573802463451,2.1524129642370253,0.8853532346257893,198.99453430674717,0.439586325495676,0.010413382687111877
69062,-5.392875759711423,-12.844457156851824,2.0724748706625475,1.74755269325186,467.99103419395277,0.36399744203238704,0.01041343292259777
69063,-6.350733182163951,-12.117308584490715,2.4703697311683195,1.3559956194361733,309.469997218122,0.5608778145522653,0.010413435115023083
69064,-3.779648668791358,-12.120606520071098,1.920499947162983,2.017439923213156,180.06313061822223,0.3933660265649479,0.01041466567808634
69065,-8.232722512420818,-7.415777858909058,4.601871409165143,1.847503712733731,442.7437017410992,0.2727929108238607,0.01041477255754749
69066,-3.5295745364856668,-12.12497244094658,1.5731926558202514,1.2537120928818468,159.60929097384474,0.24283951119639458,0.010415623917833896
69067,-2.9410981530122235,-8.747824606787539,0.20556705224311533,0.5685462568074118,117.3708403769116,0.5039072319806319,0.010416483455450693
69068,-2.2654802011669686,-12.651176699675974,1.1069352645990702,0.8412939402517152,240.74607479026176,0.8242184740589051,0.01041753682136108
69069,-4.142479707817746,-12.29038649248904,2.2370890269326735,1.1098305248221179,467.4348199542236,0.6648696613989902,0.010418675806169892
69070,-3.606710604872811,-12.20300660435947,2.260313293036395,2.3172458839238,415.8871776589963,0.5288312883286981,0.010420871744599837
69071,-5.079489906162608,-12.118657808059627,2.4380722579442766,1.5053934805933962,343.72505766414804,1.81033023662014,0.010421111860134311
69072,-7.440875615355786,-11.571684076367928,0.5029243596371105,1.3330701630402604,287.5722378134148,0.36300139844958945,0.01042281456809636
69073,-4.35844238351053,-10.169217574874134,3.4395259795220183,2.3011387046558878,435.7681488049921,1.680582069658608,0.010423114608113349
69074,-3.3362180090612323,-8.879920892880596,4.669116837057542,1.7898738433634054,431.2436240136434,0.4192423508661909,0.010423670947554156
69075,-5.831465169810924,-12.291476809609213,2.4503881968867027,0.9347993891776764,261.4636766067752,1.5673726277256836,0.010423998527594926
69076,-3.0780304926007656,-9.294772219439054,4.407553281395045,0.9992208140109553,237.08768708833696,0.2673385337203351,0.010424068871937267
69077,-2.809495266988627,-10.507562957386568,3.8232136958248755,1.0726920582691672,283.42883973086816,1.4028882976542265,0.010424280337891046
69078,-6.371117074165014,-11.91290043975863,2.530589170238751,1.678146444571842,360.3350704873061,1.2321604988265973,0.010425968364169121
69079,-5.302030475676641,-10.423523961557162,3.302359530485572,1.253729044763035,248.42947040251056,0.02062191455984408,0.010426235456570714
69080,-4.071414516656118,-11.070839525074454,2.824882840625409,1.2693212794375264,293.1633384203532,0.24050521574803518,0.010426409201080037
69081,-5.621849082952754,-7.012187921534345,3.78515108953361,1.1879733880703018,468.4441326307933,0.4076641986143761,0.010426657791619802
69082,-6.955468380992374,-11.35163488697233,1.4674015023909115,1.662749750852531,468.25820391494005,0.5782006349533138,0.010427065774293143
69083,-6.858734310906339,-11.815847121786765,1.8851277472656753,0.806418507269458,230.48523330182925,1.3306543694877426,0.010427483651715726
69084,-6.518484952425217,-11.002784626111007,2.89240359066979,1.2232155015457065,470.2530357995899,0.1286644640587875,0.010428961199683442
69085,-4.517170137402463,-10.98057349873167,2.897789332536555,0.5882484126695415,180.56539113496046,1.1868320779162431,0.010429933067453084
69086,-2.9383790251112964,-12.666426314350884,1.9248267885071788,1.0138231104818323,200.78022827875415,0.6536785488434127,0.010431440667064877
69087,-5.940492977849174,-9.81257905238018,3.8315274732716924,0.8763147633478856,468.4098533603737,0.21967531153474518,0.010431716296155882
69088,-6.0943558029544675,-11.768083997866775,2.6322253497577788,1.1904657096003615,301.11547109567164,1.5703261817245764,0.010431878511895627
69089,-4.6275227729013935,-12.218906153141072,1.5484924330580008,13.484506166588885,723.166879073067,0.11852043433042869,0.010431954103607559
69090,-6.706359189182866,-6.518812780925864,1.239092910215042,0.9362236280824768,469.56578447513624,0.12806771559608432,0.01043296881342315
69091,-7.115641920408473,-8.298814396368375,0.09314993492759727,1.6879778734379285,469.3588557482095,0.21874901708675587,0.010433790024906677
69092,-4.341100327136504,-12.045135862311408,1.8059471854330609,1.081979345108597,227.58061913021922,0.02724395370207855,0.01043399040236588
69093,-3.8581623094415125,-11.303703789086299,2.696699424721481,1.390190783788417,315.8557478856692,0.3752755064434732,0.010435331760445468
69094,-5.7505371348218155,-6.951369574837678,3.75380923274455,1.1150644154534977,228.05337440297083,0.7279212242434161,0.010436190097267971
69095,-4.344862241252452,-8.407060473241767,0.32444129780515085,1.5622922348012844,307.4057417482688,0.1552616234876334,0.010437350393846093
69096,-6.612396660226681,-5.931611180294722,3.4294165720095764,1.1956034437237486,467.3308618641716,0.27368639920606785,0.01043916410423978
69097,-3.9655626705449842,-12.122182330849459,1.5746204886813213,1.8982103540186754,458.060429771871,0.5673500183493116,0.010440100123426273
69098,-3.8606516674056017,-9.508665976986322,4.018791192042982,5.962528175000075,669.1404366832267,0.6066465909954255,0.010440176887195143
69099,-3.0824327093265227,-12.490457425296386,2.076968597221341,1.6312292178364576,385.40967485155016,0.34239906360133165,0.010441392651777275
69100,-9.085059144273407,-5.090668613396986,1.6625259904192822,1.318217477338916,469.89093378048784,0.0709365327840068,0.010441509101218547
69101,-3.450651014787958,-11.977172073756172,1.8040648385391123,1.342516704936669,295.1414590440862,0.13341521054662575,0.01044262504242182
69102,-7.241346649793967,-5.001061988084159,5.0490574965213195,1.2082282898601115,259.33277871625245,0.08456410637993184,0.010445202284738135
69103,-3.7068243079597902,-8.630490087828427,4.928759550803318,0.9131615649284623,252.36186981262549,1.0226841617880256,0.010446044635947952
69104,-4.618075545442604,-12.270323381998145,1.9441079397572993,1.2204178254378648,270.42373830894786,0.3777211291777913,0.010446156360360798
69105,-4.716067794959319,-12.45081450634419,1.4948612212574768,1.0732927182551377,129.61969738133195,0.31153637592235395,0.010446195913483102
69106,-5.211398648075573,-12.239498253243788,1.856246198802802,1.0552440084299533,272.9211882883424,1.0400177604660223,0.010446221061347722
69107,-6.949881988187579,-11.460501590951262,1.7367397407056837,1.8554571510621907,447.3320909758759,0.6728313502951639,0.010446434690606257
69108,-4.828379236650184,-7.475251263654365,1.9794667844598195,1.4486853436742102,467.3922041185041,0.6250906253095989,0.010446770617738558
69109,-7.025238787719643,-11.253934906402636,2.23682488451168,1.1100349125802509,289.8777383363927,1.2041279037357375,0.01044789150126181
69110,-3.0730373013507473,-9.991316092375303,3.715172490787738,1.030513492763253,251.0534179614878,1.1927747813108356,0.010449503016408429
69111,-2.725757933260722,-10.092035094002515,4.3320180069999985,1.3917784148315022,320.98332548446945,0.3735988467131781,0.01044997911237876
69112,-6.740038470251379,-6.169522914506016,1.541712786112977,9.13553148083356,765.4857166119207,0.3350304796429908,0.010451986692723328
69113,-6.748615494261674,-5.3582600862009615,3.110981026702148,1.6895736380290691,469.73440589346427,0.0025888556145536867,0.010452060112077584
69114,-2.9586717231606086,-10.744136185644713,3.3298936624601594,2.618298204615193,454.9873186835335,0.47324581837146784,0.010452113803481563
69115,-8.275323305207914,-6.06173215273351,5.050345524186605,1.6135119826242657,468.0402663918538,0.23651346429149278,0.010453976170352722
69116,-5.694762033557865,-7.030708701908153,2.7548577540874715,1.0990492410244561,468.07697131125946,0.8752160831458324,0.010455361765921947
69117,-5.329381236003837,-12.370912426974453,2.362318129746437,1.8380192920992984,468.1901227049581,0.32334384207502875,0.010456039869949854
69118,-4.2355170548800745,-12.026571268047228,1.6397918577170676,1.3623569589433442,295.8187449027507,0.5625362747784637,0.010458681087189718
69119,-5.896754799751735,-8.602317871925457,5.131894327620044,1.5811773195682437,367.81476638648707,0.5002820708087627,0.010459636743839505
69120,-9.162483606907342,-5.426980333890737,2.4634600678864507,1.3594534891672783,469.7941047827415,0.04062148165602686,0.010459735904296304
69121,-9.04079175536447,-6.44995094782747,3.2319012205130875,1.036337559894498,467.9762366854809,0.7926034752372244,0.01046146832094876
69122,-6.9444495188481365,-7.013029760538053,0.34250680035819064,1.004884885977963,203.60344998942443,0.02210309926865328,0.010462364659073369
69123,-6.28166838111641,-12.046088422299496,1.652316947571524,0.8082520039863849,209.25262112261203,0.2934224044320919,0.010464293226615391
69124,-5.293046760967546,-11.500285679378685,2.688967180413486,1.0212753946502693,411.05230716032247,0.36672475779323577,0.010464397137703085
69125,-6.861582626539659,-9.297127519409601,4.119812316512829,0.951617181848067,229.58622080969513,0.40584881935654504,0.010465416817361689
69126,-7.273731244956279,-5.2134743312509055,5.152069259693151,1.7971053373410821,462.9804791189174,0.8492630334448856,0.010465949859033895
69127,-6.644262874364493,-11.771058475357124,1.4788402656839965,1.3492012895880716,316.9136533649145,0.21111507453223677,0.010468195123519241
69128,-3.0612262153072347,-12.49721453834636,2.069331881333183,2.485656109479605,450.78357539349685,1.1238224601827804,0.01046906164730383
69129,-7.679084764823971,-10.153622937244062,1.3198847665398605,1.8980571959845627,468.1808799295017,0.43230132945625677,0.01047195232440253
69130,-6.512540889279793,-12.693940510579823,2.010895386637915,1.034541572527789,467.807067605256,0.9255164824735358,0.010472576836495578
69131,-4.339641646019054,-9.598037787598118,3.941424908477219,0.6569470528755392,173.04876112066876,0.6882911910805776,0.010474651331047543
69132,-5.351899117048679,-12.16968622120884,1.5834532139994457,0.9581221772820231,139.1862126533488,0.188571420461364,0.010476151959562748
69133,-8.989467244430328,-7.365753652297709,2.2201626061465602,1.0387459179388276,272.1559412347865,1.0609954931994432,0.010476308415012993
69134,-5.117166578947057,-12.184257525022101,2.399408229385452,1.7922453848870312,363.8162865439493,0.5419806706522383,0.010479345121836764
69135,-4.231845271328686,-12.322048446041057,2.053339625428354,2.732728081035755,373.95313458402615,0.058589079728211146,0.010480341499715025
69136,-6.2110276357155785,-6.628354906055127,3.489212990618306,4.046082137825658,571.7738822045454,0.9744068123618286,0.010480687991721565
69137,-6.290633292928116,-12.754022264552383,1.360328080086325,0.8947635086666192,191.81947117969105,0.840571319621926,0.010481991866177428
69138,-4.613580306262368,-12.398879510904191,2.2055910511473305,1.4183958032402393,311.7440652078421,0.4769370804570139,0.01048549591928333
69139,-8.435005667275046,-7.676132242160547,3.8305203870082414,1.067661630318838,468.12577766111605,0.8751309836067334,0.010486753207671175
69140,-6.5995479358082765,-11.862112815473251,2.4310977615593004,1.2326242193941357,308.619410522299,0.39804322328946196,0.01048906892699188
69141,-6.203426183792699,-12.406409140543406,2.3965425202657946,1.0104311228367753,273.86325692882826,0.966525340051704,0.010491847739722181
69142,-5.089447008310482,-12.397760380145696,2.326071292375266,0.8596812594999829,217.30716385798578,0.6452452121112957,0.010492041171868173
69143,-3.916365961757979,-11.967904274361823,1.7097427065804442,1.084554035201594,286.3495438604484,0.893470966554867,0.010492374669053426
69144,-3.200468147706122,-11.988999813260568,1.793416916438352,1.2468855113501707,241.88535549237133,0.006911376387514601,0.01049249470915402
69145,-3.4292479554118422,-12.220055147497808,2.1817899710645725,1.7676711311270905,420.4478700483639,0.0026752734321364713,0.01049275399871657
69146,-6.367189250647702,-6.48196815624936,2.6757177233597567,1.4848865359614136,337.8031280202571,0.5089692069329486,0.010493131123437425
69147,-3.1813754711632267,-7.367479450400633,3.514348254260448,1.7814097693918138,377.65386211333305,1.6551568461807635,0.010493672460449585
69148,-3.6333907095160995,-12.031384732177868,1.6254626754108754,1.0690627862170945,285.27446711691914,1.5923716227652962,0.010494471628084295
69149,-7.917007096654038,-9.310035853690032,2.269939745825997,0.9655064213483718,467.20199425068785,0.6221498478384673,0.010494944631527418
69150,-4.827499884561787,-10.5191031934411,3.197180501135944,0.837524270123866,190.40646200413684,0.3891457907476683,0.010495204964249605
69151,-5.1236051488985614,-12.571943593362224,2.0238739505682273,0.6520557692906529,162.29772949090668,0.2873591439571017,0.010496327947506526
69152,-4.897306919822925,-8.19506625168755,0.4993247037771141,1.7996922039534637,268.5059023193415,0.010159928527604833,0.010496399404729182
69153,-5.828411767369387,-11.848572246096538,2.597620958839954,1.1008482777415023,468.2447575641888,0.5709056212671433,0.010497466234492322
69154,-7.032004644562937,-11.29028804216459,1.722056422343869,0.8304340048301296,226.59205837860804,0.5269959288920765,0.010497468694941106
69155,-4.702446892715043,-12.436033389553605,2.120145773208923,1.0379686535513901,211.27948265863463,0.02408836020279015,0.010498039190716962
69156,-4.451594913852251,-11.988261229265857,1.7150000382057966,0.7769222778026657,468.5266514460224,0.5264516743198664,0.010498390913575016
69157,-6.789306138936518,-8.884120807290323,4.648830438107543,0.8171275270754619,215.06098409564572,0.6927489534343563,0.0104996635489646
69158,-7.637834774313739,-9.676069328138238,2.5202441811571745,1.729865064475031,410.93878400006014,0.9574503349679349,0.01050019418744211
69159,-6.935121001377466,-11.679154097312562,2.019365613697502,1.5101339998827206,468.7427650861005,0.03127795701939551,0.010501249556853477
69160,-5.859842382383853,-10.926967822926876,3.0132219836918117,1.1267202434085248,258.0358657786957,0.9471847611027453,0.010502100289269607
69161,-6.403664866458916,-12.764441691322581,1.3378240410527389,1.378628988651157,298.43804049450137,0.051840642113443636,0.010502795235751212
69162,-6.315222323828306,-12.639056743544625,2.3029262370483177,4.023096103044773,563.2144865010569,0.38233457180261343,0.01050286547019959
69163,-4.239999021426025,-12.294430167654037,1.5203342838460199,0.9722869404574099,132.4420982520981,0.2981020639863363,0.010504922535607468
69164,-6.86005877457297,-6.239103577508357,5.109558583189165,0.8565912006309226,467.7817209480436,0.4595127252866549,0.010505091918410257
69165,-6.996518106798026,-11.496578737069639,1.3335716773758963,0.6522377381556066,173.78021585496836,0.6803508365923454,0.010505924856939252
69166,-3.4230691903069586,-11.198382921122102,2.7340447142096687,1.0298865026203339,280.09564914619494,0.4379084147341361,0.010506731685630422
69167,-4.259238668500588,-9.393985246548123,4.144080933585706,0.9886288392107825,263.03583212152733,0.6854930617023252,0.010509490218492536
69168,-7.944967142501623,-8.57107429841638,3.501857102717984,1.3121772735274737,316.3859915905954,1.5355292728342809,0.01050995839295964
69169,-4.174224547750358,-11.964872320829828,1.734159107304629,1.2687968654344932,273.4458066102406,0.5648544772985025,0.010510614931683758
69170,-3.826263358555054,-7.579114571288948,1.9152974796685156,1.2129044520337948,263.6462277169571,0.22816385158875896,0.010511275173987505
69171,-6.807838483602886,-5.607736877594526,4.1268243395247035,1.792805376612254,467.7458206680156,0.4568897020798728,0.010513876714228173
69172,-5.174861846444707,-12.67564381074853,2.1301277034095514,1.1148833199514503,285.2010001822351,0.8205953609586158,0.010513955657670129
69173,-6.349792636300034,-12.972044999081161,2.035063679900855,1.2405307336728113,273.7567882255483,0.4449972117733454,0.010514481366629788
69174,-9.156932334134186,-6.327596235006088,2.1871543922547323,5.790048710440027,474.7657850911044,0.02872481008319472,0.010515892688960023
69175,-9.134177582767359,-6.662354204988441,2.231946495598454,1.14080708123406,295.27578794318276,0.831894540988821,0.010518762352625987
69176,-7.348214182286922,-10.904755020976747,1.2644745541789202,1.5499774097209877,344.4651517127046,0.8749364641846027,0.010519857974141508
69177,-8.492696645527234,-8.587851537542097,1.3447807824914275,1.5542569455889421,367.6101185318749,0.5896652121238715,0.010520525977950307
69178,-5.764900894028403,-12.468515720832519,2.388209289679302,2.5581337417267798,460.51117809497856,1.5399532738283979,0.01052109556937196
69179,-5.196107806910382,-7.547650922479566,1.6270975879266367,2.7416325916122033,472.32701106631686,0.9787361085940658,0.010521184342965777
69180,-6.386713656244384,-10.388797263563351,3.315932379812819,1.564007043428111,343.81892317974336,0.9336180467419846,0.010521306449261756
69181,-4.935377092624552,-12.039505367235195,1.6682715848372764,0.8622425338330825,216.18623334531216,1.1178517814904012,0.010523272340117172
69182,-6.521389410617973,-6.665703730705485,5.009712694157043,1.1397652836316963,273.931835783734,0.3643147880445943,0.010523302536803966
69183,-6.689020019400706,-11.657063518717457,2.450940931086878,1.004070662336818,273.383435054501,1.727590610608467,0.01052360649860404
69184,-4.870858529103858,-10.77716659948079,3.027130017072386,2.162461101685654,326.3429118789421,0.08164044009017513,0.01052432083623689
69185,-3.8620873739242736,-12.096699403209705,1.9286759307189558,1.5627557322865728,468.54689931733475,0.46674205766312493,0.010524739294258928
69186,-3.4101392769701526,-7.482335917903126,4.641708773746955,0.9565320173614744,469.74040209820083,0.05372138077565225,0.010526309977159767
69187,-3.405364641906715,-12.887320612170111,1.4408047220238729,0.9551659553620312,251.60090252931673,0.4428206343327572,0.01052662754568897
69188,-5.743820663227746,-12.275786045547218,1.504293277181988,1.178889370970036,298.52752714874043,0.5945770827339576,0.010527548415888726
69189,-7.743817057232094,-8.691357853020467,3.7384592879367116,1.163885606092627,265.279316871798,0.8320227760871104,0.01052901996809207
69190,-7.5835530988220015,-8.473236666846738,4.338155540005963,0.7860732587393046,153.3168707238903,0.17748728873121244,0.010529131178041086
69191,-5.3531526132579055,-11.89586160038862,2.5319780315982836,1.0402094904511054,274.9549103453013,0.3464974894551993,0.010530737522678163
69192,-6.229094042883088,-10.421120988583807,3.319676940157403,1.4943080085081515,468.78357131734685,0.6078572910365905,0.01053217918329417
69193,-5.78342391794563,-12.272688505474614,1.7904159408783988,1.1549033836948404,295.66460038830326,0.9104638972651662,0.010532862632030208
69194,-6.870442663140587,-11.686992983989764,1.3515990990058424,2.9465063169150367,492.3606466451717,1.175632383601097,0.010533595230850961
69195,-5.490351662372924,-12.94798491129669,1.417599833348025,1.368412787650708,332.2374180440585,0.3092214620755902,0.010534999380052461
69196,-6.908405518746816,-11.433310589638841,1.6339092046209573,0.774240688792212,212.4921394336338,0.26778690003552175,0.010535514289272576
69197,-5.649497824276976,-12.862628916011397,2.031266497801784,1.0623953294209756,280.99075265315713,1.6126752325428617,0.010535786444821893
69198,-8.964016223854543,-7.290844620594366,2.6979819003874423,13.76993978178148,721.8209575207983,0.12783087808152604,0.010536163774274588
69199,-5.698995257435991,-7.010108871822544,4.0416814834126695,1.0629177542052903,267.4512888786468,1.481856772968018,0.01053694075611567
69200,-7.015630703375393,-5.255437189897923,0.7147431323980548,1.8175739714335444,377.60625504578417,1.0788023143787182,0.010537383273449058
69201,-7.00945533447627,-7.9271074569010604,0.033593219918337566,1.8066817752498052,379.61016762417745,0.5977772259510497,0.010538133522590993
69202,-7.231988083124392,-5.409242387769435,5.178146179972671,0.743410141043728,205.99324703181108,0.9168580935691812,0.010538454078840985
69203,-2.9794419233171077,-12.002532678787766,2.7205746854569477,1.6332404981322184,382.26349705019993,0.2305579006456151,0.010538826985901972
69204,-6.972455742299042,-5.568501687582826,4.704202267559146,0.8809305877185619,314.5769175328931,0.5110119326685973,0.010541879311647757
69205,-6.010265376011445,-11.447625480655022,2.752886809578346,3.037122034097272,496.64695028451735,0.4196241737321307,0.010542576599518167
69206,-3.3342895456211536,-11.934135127456404,1.7657041601134882,1.661519681038918,360.8094617122494,1.3376194744453107,0.010542966537031627
69207,-4.978399301377648,-7.305068753055518,4.499796648824144,1.4714952279234532,468.6718178190406,0.5756767614719758,0.010543700940344394
69208,-5.494173656864548,-12.366207706138734,1.8849391032451475,1.1177354230378218,468.08305579720525,0.7739070446495804,0.010543734001134312
69209,-3.954265365335486,-12.16631262794534,1.973617438201664,15.853906897143322,838.2646127959624,0.2569277212286014,0.010545423075689987
69210,-5.616882073412768,-12.477295018223307,1.9138270965307072,1.351066564869428,300.1205974203741,0.9444707279449336,0.010547526194069764
69211,-5.401761630298004,-12.854288673304474,2.1377198099012276,1.2305776038239833,306.9706711184031,0.8163365494663255,0.010547702243223451
69212,-5.400687724433083,-12.100900981475347,1.6346637415223109,0.5088568101829278,150.09655665859498,0.6372286312892692,0.010549493417296154
69213,-5.319897631530222,-7.121569987418556,3.4659380814455605,1.20787710917671,468.6378211260354,0.6485776568799455,0.010550096791838506
69214,-5.684667416081086,-9.943385955526365,3.6946978842726166,1.0890658128157817,282.78591624989167,1.7563745732278093,0.010553143046691589
69215,-8.192542324525329,-8.50148733153819,2.9743684621367183,1.322841107337656,303.9263240049189,0.7972481654290826,0.010553556970252894
69216,-5.243953772276421,-10.942254874723169,2.9558506642154043,1.2530174374455703,451.9815857647176,0.3266438904203328,0.010554157018617333
69217,-8.786004396614223,-7.888987631641295,2.000131486733736,1.8121275959133532,445.3136429524477,0.8021938491636069,0.010554293854780473
69218,-4.618487391016166,-11.966443117141358,2.435569997702535,1.2116134752762655,305.42474919980987,0.7043548106835962,0.010555879120413947
69219,-6.9090926367015975,-9.12938135784547,4.27692780093879,1.0834513657934286,281.5243027790703,1.5918298722116022,0.010556147417930083
69220,-4.105886261633064,-7.8234053465136615,1.2188183186877788,2.2762712545995436,416.52758532842483,0.22561871460195526,0.010556936389886824
69221,-9.100251477120311,-6.688292255452324,2.752851905684485,1.879561492273796,467.2914097956644,0.11884821707586823,0.010558582666793869
69222,-5.183544233055448,-7.4069291983978225,1.956722192802654,0.7839541185311688,208.63089891942556,0.21155794814465345,0.010558855295598501
69223,-2.9943943701541853,-7.585355562616873,3.0755492764432,0.8004463856684552,468.96198533385905,0.03997841950079639,0.010559141118172341
69224,-5.658762456082197,-12.256322184613111,1.8012293259539318,1.0515316368462069,276.2173576791813,0.5930194159033002,0.010559333873058872
69225,-2.9106572532125234,-11.989525648293714,2.918248645585804,0.816167631412012,164.4998042102969,0.09954213010264823,0.010559399432613097
69226,-6.528776903754495,-11.832648249889543,2.4820164398415923,1.8503035508567656,443.8555182727438,0.37319713659551557,0.010561523726941274
69227,-3.1273341321069204,-12.144754225435278,1.581486571159037,0.9556603442350393,251.8279049215436,0.3133390468463393,0.010563309811569154
69228,-4.073177198797557,-9.246803748260884,4.285865836082577,2.977073183561285,353.88360421480525,0.012245229759209053,0.010563868743581777
69229,-5.430551500309026,-12.86614816505795,2.117947140656371,1.2276874082576286,466.7753734823717,0.5931000143148433,0.0105646097235957
69230,-6.426306191606464,-12.309040654583606,2.349467289618873,1.649342886569063,341.1877652404858,0.19197083790183367,0.010565031700405549
69231,-3.954906333039424,-9.432787973012555,4.086607778124817,1.0619391524739052,279.46930296777236,1.6427952448839553,0.010565632477747363
69232,-8.980586537630725,-7.332396708415146,1.774481818309821,1.504382494180228,342.79257221842,0.5263428194123669,0.01056637097526813
69233,-2.922777282877396,-7.840055977820475,1.4221894209850703,0.5615802014884796,123.69884973764051,1.0848430398925215,0.010568422161330512
69234,-5.684723685412047,-12.86812106718159,2.25460401947165,4.959400178022478,372.82436206877185,0.11287312815465267,0.010568454056888395
69235,-8.378960172708565,-7.22586133721689,4.498127271399489,1.7624864511780063,417.6162075949877,0.17019693413080983,0.010568558535122993
69236,-5.7447170986526315,-11.667902344657014,2.6537801599828548,0.8453527868183407,204.89779552076965,0.4531029855731008,0.010569175079834865
69237,-4.910917243910751,-7.3405632998873225,2.4013390839018602,14.575900957849894,747.6300354108563,0.1255815147554058,0.010569390104939817
69238,-5.894927753637747,-11.084418825933376,2.9254669668433775,1.7586611922244288,418.1629964536923,0.8714581072310841,0.010570946445934946
69239,-3.0850332803199523,-7.506974112103944,4.099710132771861,1.8346718517390008,363.7115278925603,0.4393852434992427,0.01057095026891699
69240,-5.826012757860274,-10.932130421916712,3.004582181478006,0.6708618849200598,468.4268024208682,0.47620632794061546,0.010570974566284013
69241,-6.679495652801403,-11.545227404072314,2.509235350041428,1.8510238613828396,468.6791338807513,0.4933280554252102,0.010571457233502701
69242,-5.227980444161661,-7.274327553641331,2.4463206883039827,1.072803576360572,467.74145462149374,0.13199753354967658,0.010575450946858706
69243,-5.724242192922408,-12.96621177634372,2.0558292924404893,0.9497843635655111,186.24653605163658,0.3879417835841359,0.010577250811186071
69244,-5.686700252322721,-7.143712071908673,2.2763882236213737,1.262051060340088,274.6851633072187,0.2233442073631524,0.010577454533497193
69245,-8.093418020105586,-7.663568146842838,4.5654090236032605,1.0907481368973306,290.08392977873206,1.0539035614293315,0.010577869357051687
69246,-2.942872464796798,-12.749188764222348,1.9775706912896618,1.2551624047899772,269.911237009607,0.4101770312912967,0.010578275463330592
69247,-6.8011270857787585,-12.051044945898816,1.301567045447609,1.5878159792622817,362.37664367484194,0.13310443946524142,0.01057952113236143
69248,-4.209906917953674,-10.710765503494372,3.0363305748157754,1.7689207758178167,467.8002146710986,0.2866011022981674,0.010580035602205
69249,-6.517436626422503,-12.969288645933345,0.11256952492691917,1.0831857222941417,281.6748642778798,1.4685873361911224,0.010580440967833714
69250,-2.633442824691726,-11.8617438658099,3.8295920666630443,1.3409128268056334,467.86846663495504,0.4229992184195215,0.0105807001397818
69251,-6.713657465662909,-6.323919730512866,4.863792535324167,0.8730706807598767,210.74096625225854,1.040952792577281,0.010582762020370288
69252,-5.390175528735118,-8.174131068022158,0.42766105591015213,1.0509829463089757,198.5268198737359,0.08054508963397122,0.010582940442470623
69253,-2.703989053093954,-8.077096281701895,2.8801674971226885,1.2131374746728478,467.9917399924733,0.6189740371345467,0.010583478427752526
69254,-6.39106344101194,-6.473696225131027,4.063115730085444,5.33925412771997,638.1807949790681,0.4454091790968233,0.010583707295814426
69255,-8.841991146542094,-6.615783927785638,3.832701848062507,2.3530450125440567,431.22490327845054,0.42176891981835407,0.010584022177040846
69256,-2.8986388242851344,-10.954146783260484,3.320767893321035,1.8033687864287824,431.6924034122876,0.006643281198980944,0.010584527846751466
69257,-6.536789939033273,-7.192519366637551,0.8306240449630558,6.80850753673209,703.2967339163775,0.5107246177492462,0.010585023145299279
69258,-9.145167028281659,-5.8033021576241675,2.0143157671525374,1.5837104080066202,373.1167455466651,0.5586094185254113,0.01058607083568151
69259,-7.131815731341309,-8.128056196520362,0.08260766926395005,1.454149391389218,468.9094608308833,0.8610348514697082,0.01058731977715882
69260,-5.707111990476742,-12.939549008859297,2.218884160040473,1.0694070987105637,285.3084637749698,0.833377168941495,0.010588533808761827
69261,-4.1350867585267315,-7.41460913016405,2.4329961383459695,2.780933007199845,471.74512670774345,0.7710237212590902,0.010590628359267277
69262,-6.638142011827579,-12.16268336365757,2.2492137026053243,1.0768811994559542,285.62027305873033,1.1231911450981373,0.0105924498781064
69263,-4.001668178505454,-12.275575819577384,2.13937183391568,0.7485943236883071,150.25548142965565,0.6461260180192197,0.010592585535582504
69264,-6.393594571459078,-12.161918226251801,1.771786826037766,1.4441995175688822,328.44381475590006,0.8576101819408173,0.010594411713088081
69265,-8.337660105642437,-8.712220089665784,1.9439457849846113,1.8819478574453008,455.01179120937593,0.023820468078514345,0.010594904636370727
69266,-3.4936355885208767,-12.518437744383025,1.47853364816577,1.8619848889714867,467.89241077369223,0.4186405890264213,0.010597624013519333
69267,-6.815567497034074,-5.099966315018885,2.275809860382291,5.00336752657493,624.0406578858825,0.6854601844799637,0.010597990101737835
69268,-6.687848095900681,-5.811014486311208,2.371655691234083,1.54790654951338,351.391274704011,0.40662173137605784,0.010599023400987003
69269,-6.793416236761001,-5.666384232940554,4.151428892788458,1.0341279024056633,409.1511499434768,0.28358671722710405,0.010600932638804066
69270,-8.074894889648167,-8.367303726818596,3.535374109720522,1.5863349669339997,399.8658913485003,0.11739759458946253,0.010601438365638644
69271,-4.560715151793459,-7.477344671601064,4.843221650246478,1.6137387276750983,378.07321115430847,0.8926439266709529,0.010602403557994576
69272,-7.156907341561325,-10.997908929064582,1.5826911976735116,1.6618545420111437,386.80638108687793,0.5111476342784025,0.010605652358269074
69273,-2.5660438773455887,-10.642878141086431,0.12414349933471745,1.133912183146821,468.72100646211527,0.24760731520954593,0.01060591312227995
69274,-4.472436399124832,-12.229514070590843,2.2984470575503018,1.9250556458296115,396.4315536801387,2.010099974378102,0.010606112951328248
69275,-4.991801633447791,-10.533482977848099,3.191923711394726,1.65488560626831,388.2635909764403,0.4072536033916281,0.010606534506246343
69276,-9.141737872995861,-6.539342782440082,2.365681858583436,1.6777415847952801,394.8064009439119,0.4590016445954337,0.010606600276587061
69277,-6.0012091714171945,-12.85916982451312,1.9868621461818838,1.137910139346457,281.7848591267799,0.6623372793863016,0.010608073043081808
69278,-7.289309533652355,-6.3792809662889844,0.05452780771746678,0.7775330424904139,197.25525712871885,0.5985297174253654,0.010610809653948278
69279,-6.056107872500531,-12.993059903153036,2.2171208592678955,1.585926973062586,425.52856352431775,0.6199536872500993,0.010611159838037868
69280,-4.726745172053203,-11.095358489533227,2.8301108456568955,1.1263832069043862,291.0330008313259,1.1322755089221692,0.01061121000100851
69281,-5.720326060281323,-10.156828768899157,3.5151021675677416,1.2939517506191376,195.05774878577267,0.4570772758009989,0.010614420434736644
69282,-3.8859746547565983,-10.442648386923171,3.204262506745318,0.913445644647948,192.9809744843647,0.023338992323052032,0.010614933016441076
69283,-8.31508133765378,-8.679767778575624,2.128949981314617,2.1141691302308483,311.35177978401504,0.011254901144040375,0.01061532255344079
69284,-7.659384178553756,-7.919621847471983,4.952869122188471,1.885758556694908,468.3532637860894,0.47224861696573317,0.010615484321307893
69285,-4.426139143125428,-12.196347733669933,1.9942448415027891,0.8818679332796105,468.0839380192038,0.5422528071781336,0.010616505590337246
69286,-7.268611700479892,-8.909108557610608,0.1599064301813645,3.6988972294346185,540.7230271087923,0.5756622552960247,0.010617166855184207
69287,-7.201842420188978,-8.62053249567895,4.639550972636673,1.450573626410505,460.76358666053613,0.22366580455639085,0.010618592704264717
69288,-3.449095298603381,-10.747417325440477,2.991031318496569,1.092527342601727,269.20499841513504,1.6166623407763714,0.010618849458821923
69289,-4.700054381522408,-11.05656390190351,2.8527642307107985,1.1017742055366506,467.94458492578474,0.8869047041822355,0.010619631915451446
69290,-3.560396501327183,-7.6164477553745495,4.953022260267426,3.8327149923188792,557.8841274901131,0.9939787214444147,0.010619902173281565
69291,-3.541850775516547,-11.935301891583256,1.8131902151009351,1.087573568413076,284.28058022212906,1.55886542332546,0.01062146055082499
69292,-6.601623463439993,-5.965884653145597,3.3418136761556605,1.2416644079492962,231.21247653889165,0.02355675384607725,0.01062170324859168
69293,-3.054866213763612,-9.560420536688984,4.136197455863593,1.4861104646917422,469.4947661356203,0.21750208892402156,0.010622084452771324
69294,-6.395917665608602,-11.926721488764858,2.494554143637773,0.8818021943133864,245.5107124893719,0.6396593961575912,0.010623292587332937
69295,-8.273122558171117,-5.0058940505477905,4.899818834579728,0.9388422671279816,395.8533552052766,0.7191940599059334,0.010623957245866672
69296,-4.618248075281341,-9.974723583643058,3.5989106148028593,2.3994632846510786,446.25028966758146,1.8036031965650583,0.010625902913395015
69297,-9.001323297465195,-5.230585183902381,3.335625259579295,1.0011221262074188,267.4347648432514,0.7685266525419108,0.010626325761765964
69298,-4.627210739079359,-8.646756634182957,0.12371254959450466,1.5207505303000615,349.44909222409706,0.7300586091701904,0.01062698804899044
69299,-8.472623977320415,-7.245634002670354,4.282475796132168,0.5565829636760238,156.3891345869115,0.449738374211484,0.010627452105594945
69300,-6.387809816243857,-12.209889333815026,1.4081364329043757,4.679463363163984,590.6524030173352,0.28148382428373697,0.010628715101595954
69301,-4.8372814802854585,-9.953043294300567,3.6240593357319963,2.0686060440882623,401.7634769497202,0.8916675265336176,0.010630294424568226
69302,-5.915577786112649,-11.474692747250886,2.7351153719864993,1.2088251614428824,308.2155568902086,0.489548681857209,0.010630582435067934
69303,-6.064465091093048,-7.119635792087605,1.7872580357743633,1.255012255241312,134.11282930973263,0.3353759831090928,0.010630959644507535
69304,-7.287928949475057,-11.598865009265793,1.0675277527722928,1.650985704322048,385.6451725158878,0.29726203582321187,0.010631147923770687
69305,-5.548580105322067,-7.532100193893735,1.4303510074499404,0.7476942429764526,467.7600877674859,0.5098782359971201,0.010632026314735607
69306,-3.955103206145746,-12.006432747599193,1.625999721777824,1.8388801189297426,459.44638202070513,0.482472422688339,0.010633924113558306
69307,-5.643436215016663,-12.571158567906338,1.9445087598999324,0.5700870091078797,158.37004514707354,1.076904347797262,0.01063722440524715
69308,-4.289407545212761,-11.969920800601887,1.6557903612564149,1.3728668432612074,303.8164710739467,0.20787265987454528,0.010638938514162897
69309,-3.6037614670256364,-12.074883614917393,2.2887780632507275,2.4867872544109915,449.4799413693196,0.967882557694753,0.010639956809717329
69310,-6.495412914838615,-6.7857227357558285,1.5496074289738222,0.9292279189316502,467.88560119932595,0.47376871109258545,0.010640138098877608
69311,-3.8030803877429094,-12.024631077374647,2.3405554041221905,1.1224042057106673,269.7579146240803,1.3489048523035665,0.010641686463109425
69312,-7.398133035447833,-8.944115209489068,0.2056887005234026,1.0919258600326132,470.20860742059887,0.195213362697082,0.010642152537563437
69313,-4.829553932469573,-7.273886244776753,4.154528603976181,1.9771157385892522,400.26978949209166,1.6112082902929687,0.010643915484850015
69314,-5.961845298953563,-6.966912887343555,4.561560527592276,0.5360779931041795,108.55052341235854,0.08483889436989056,0.01064441850584037
69315,-7.11741530095861,-7.621599264623498,0.05404962911425871,3.0168800511870972,477.3243487373239,0.4010920104552449,0.010645313943660426
69316,-5.788840546809596,-6.990902033691279,2.7686639940255704,1.0916438141326126,468.09091700927445,0.7255440993970055,0.01064619363722954
69317,-3.332262240346476,-10.644143896385216,3.0574103333166183,0.9988814192965956,267.6972753370803,1.058109323399683,0.010646200572983523
69318,-5.290796282428904,-12.67856885540792,1.4463741299862556,0.9371248706582284,258.9932867499113,0.7508522008935072,0.010647344779055063
69319,-7.247198944532494,-5.203833926891959,5.096496605601941,1.1698366041087653,169.35833945007795,0.42147684725316914,0.010647620765953186
69320,-7.162898316437765,-7.260188334033771,0.07563757589428945,1.6724401003063167,392.8411673063354,0.30039439953311575,0.01064778565303364
69321,-4.497906997213411,-12.17366542826466,1.940703411897077,0.8907428529710101,255.63555683743232,0.9325486503235032,0.010647898890596367
69322,-5.225569781230978,-12.531166922469097,2.0170221597646836,2.308383531401661,430.77772829908537,1.0204610241735814,0.010648002774706964
69323,-8.744883842594655,-5.091076855303213,4.036406092137948,1.067396720280319,212.69102025832046,0.03693410375031192,0.010648629804120829
69324,-2.6823460335097824,-9.016971041719053,4.812241993620429,0.7343434165582363,172.8320029274443,0.9457829109674494,0.010648727539780968
69325,-7.286415343843153,-9.831190541136174,0.2478730784042806,1.6146243105589246,373.50495769951647,0.7081646147399558,0.010648982751423031
69326,-4.83353840771915,-11.263202961812642,2.745014840458414,0.5670486085904715,129.4476242129094,0.30005216836273885,0.010649143494520686
69327,-4.883163787108945,-12.289868440160584,1.5177512060827085,1.1127979815126654,466.21567900771703,0.69164724971876,0.010649378510840826
69328,-3.481402231626223,-12.784814494915372,1.4455675708912545,1.7871669438454048,469.0481497442751,0.6367699490934138,0.010650414153596632
69329,-6.961617916170912,-11.413723359666651,1.740904169725687,1.7542865609637683,415.4159619209016,0.2855500943276974,0.010651707694544973
69330,-8.53066661340374,-5.612061068633749,4.5467267355614585,1.7647724346412659,417.1401648911228,0.5661956541212207,0.010653043038719393
69331,-6.4105056955216355,-6.477782599490523,4.176072047077686,1.7577460309998478,436.4225756535033,0.9161035420495978,0.010653602573911779
69332,-5.902704542147737,-9.119134165471857,4.541056072163645,1.8606260471097966,469.9187049901363,0.1242418426927463,0.010656124414546579
69333,-5.325053790167796,-8.73853000395859,4.911247643891055,26.334294858194298,802.6574927452946,0.13335474684361426,0.010660614508724008
69334,-5.7186199751980284,-11.341721734848445,2.7839379138348654,1.0830764694467674,287.3382482134582,1.310828236555408,0.010660936871586615
69335,-4.354503364254898,-12.230162908470467,2.261419975942152,1.1332594600484927,468.3139649127026,0.5034097633123737,0.010662554844927678
69336,-8.532901232654458,-8.558885019051173,1.0312783713058327,1.2128305075563581,327.26160511521977,0.4684968182445557,0.01066261787075971
69337,-6.505614731057136,-11.829679169319295,1.5755692086283049,0.9600787061177769,268.9202868371575,1.8112668238703256,0.010663004462951002
69338,-4.159840093954166,-8.614232690286501,4.949037944084299,1.1104347853634504,232.16748243756675,0.1113671680217676,0.010663048751993405
69339,-4.889423219861757,-7.2293887153170395,3.290752978873161,1.3841166108779048,325.0742738614184,1.5166555727478492,0.01066402046389662
69340,-6.939486325129517,-5.199060496046564,0.9805959148789285,1.098723493498585,247.8925126793905,0.7473819199246678,0.01066446605923069
69341,-6.4765150475235345,-10.918044209434312,2.940693726061673,0.9924150524568291,267.6054215659004,0.7233837251729511,0.01066598787840829
69342,-2.571564490257403,-8.852937608652654,0.5917972673977095,4.019896875637302,369.23136818774884,0.0773944209114541,0.010665995070718342
69343,-4.192175401741599,-12.131757329299779,1.9585614836005711,0.9653581823637727,189.8498670000576,0.2110082264936466,0.010667630659269347
69344,-7.615665423546213,-9.60567861049533,2.6727872106458426,1.1673138028458996,282.1525982536872,0.33411653459967017,0.010668694682934436
69345,-3.252511735441731,-11.483912425302131,2.5933389892056495,1.47014985577862,344.1867604202767,0.3655643086056015,0.010670994240349632
69346,-4.12560986940627,-7.32805927076949,3.960486630756017,0.7366490730037972,148.16391074061934,0.8691649407646924,0.010672632293100278
69347,-5.08103528795445,-7.306580311226897,2.4706806438112867,1.7299506856832458,408.30768342736854,0.390037759455212,0.010673329334695246
69348,-3.7056436237777284,-7.423867377030873,4.450179645629468,1.4983801969979686,337.6838398697924,1.3339356880363438,0.010676238688420858
69349,-2.935595391434976,-7.7805802128551385,4.3290585692682395,1.0309790228709286,466.4533442058481,0.8920364960851375,0.010676725421392837
69350,-7.617448139836455,-9.50656398327967,0.38883970531604045,1.7995490569782047,469.19969625602397,0.11760205384588485,0.010678577477193014
69351,-8.639243735291766,-5.656679369214608,4.3259352990212045,0.9831531043055307,271.48180373175694,1.5056780172261215,0.010678952084001837
69352,-5.609632018681009,-12.905031590326061,2.1123052489657383,2.7475551660836524,476.18197697342464,1.2770569046453728,0.010679045861536089
69353,-5.372179395060321,-7.104225630009912,3.3684070975290052,1.015894989291628,268.92219697045147,1.5405261148002714,0.010679106951216828
69354,-3.3297376687935305,-11.419372795666003,2.61302538764668,0.8431555698308578,454.88939714035627,0.08232291291332583,0.0106794030979551
69355,-4.393970935179771,-8.758717304920204,4.81698712813711,1.3978457024742899,325.24705610818353,0.3478011426683123,0.010679493671174373
69356,-6.229810553990745,-7.90991473978176,0.3888048574751044,0.6400337064462586,166.80946562740993,0.4011002177799403,0.010679525365191574
69357,-8.747002603579398,-5.504555071923106,4.077878442976365,3.594556683274864,464.6818439792135,0.13254754789605894,0.01068015887759852
69358,-8.800395318257731,-6.530606644005154,3.961937113346245,0.8806243188836373,211.98351411411838,1.0444224536033007,0.01068189424593971
69359,-3.2880341979270247,-7.980227846054529,0.9312890607452892,1.7747085295888751,467.59954458011896,0.645941723513241,0.010682702510186156
69360,-8.910990468258246,-7.606507925516263,1.9717240595175285,1.0485384543758167,272.4961578028809,1.1427920857804148,0.010683038962530457
69361,-7.31771851840371,-11.030350442334145,1.234481233147671,1.125821215978798,289.07852812130443,1.3512120816764712,0.010683187192671502
69362,-5.560754787227349,-7.467426398651411,1.564071682330325,0.9962209209333389,467.1112922481318,0.614005266775286,0.010684200633480549
69363,-5.137180395688348,-12.373105688063852,1.9932310055157108,1.1183313211741444,275.7542510590765,1.439123368209816,0.010685045584034564
69364,-8.9930879330514,-5.994483674029646,0.8938408027734073,0.9270924709415282,177.58642916766797,0.1523307030724208,0.0106855304891617
69365,-5.2247065943334,-12.345551932139127,1.933528910437955,1.0244056372400092,467.8790114805853,0.28129011469126564,0.01068643640849977
69366,-7.893597579762289,-9.275972731376456,2.4046010896799035,1.4095784620340421,467.77862240329625,0.4887982295551119,0.010686590850960966
69367,-7.12124815249525,-10.506702798060891,2.672568751661255,0.8960777438826519,468.1926957704552,0.5802084977517916,0.01068672882448102
69368,-5.262313801211294,-12.67253191975594,2.12618853675502,3.012647040394909,493.25386718895504,0.43252835887783636,0.010687732671644327
69369,-7.578093977181913,-5.252622939361263,0.054948683417630866,1.0984383680380507,467.26121091617546,0.435772912409484,0.010688089010494667
69370,-6.074830639516271,-7.064438415934402,5.050606737948577,1.1452115370091165,467.6864110774881,0.5544404862575938,0.010689675986131592
69371,-2.701990216191275,-8.818144212147212,4.802268002625537,1.8801922072836588,453.7053484652065,0.22226336733326324,0.010690587812935557
69372,-4.098900633178538,-12.078322101089626,2.322277466344337,1.770604309327584,439.91772537840257,0.6033427967813942,0.010692152891815014
69373,-9.128024130931914,-6.54522249291077,2.5992215127195575,1.6496817578754683,383.77368273688876,0.5472790504415972,0.010692480555333419
69374,-4.709986036160555,-12.274789100862181,2.286727316260355,1.0301156957143538,270.8321011209493,1.1100066417691377,0.010693736513412402
69375,-4.284096187694209,-11.809706788751233,2.4606898204802987,4.068441628887926,557.3617998301268,0.29227839379584,0.010697787715282823
69376,-3.4138154743207227,-9.264424490253488,4.246877687903351,1.7922444997525389,456.3828566854763,0.331972049355036,0.0106986633098048
69377,-3.433990942525968,-8.430101027760685,5.082295038794174,1.1060066265559785,467.92519886258674,0.7983376886330351,0.010698796173954351
69378,-4.858959757459279,-11.378696347232946,2.6961399083413156,0.9129196201146423,458.6516221346248,0.133322621794302,0.01069989560965068
69379,-2.5512716397097845,-10.050831372975805,0.28109467496384755,1.3084566673991969,314.21577411327735,1.2727135709847692,0.010700324570110371
69380,-3.1267426963267404,-12.657725083900425,1.4738509814273562,0.820535995540175,228.85863082780548,1.371693900332276,0.010705274105901
69381,-8.903284588111559,-7.304433388479562,2.9724314169340413,0.8030981110928221,224.24471710169436,0.49775066410471425,0.010705345959887157
69382,-4.312034484081958,-7.371664008220817,4.367503246061,0.8332122511238131,185.01661678792993,0.21255640806963338,0.010705519078740153
69383,-5.47397216697238,-10.962951969961178,2.9535174563404536,1.8582664889473075,445.5745284792548,0.3797844902931482,0.01070577704718063
69384,-5.31442402190185,-12.23399766629517,2.383900457881018,0.6377696101714265,164.205338031016,0.3533519801798404,0.010705914148022034
69385,-7.097841135320797,-11.739119271036017,1.197779762195308,1.1131871413400676,227.87044090962254,0.008583449940817722,0.010706639777371194
69386,-5.559672115634252,-7.0827732254198965,4.143431559176032,1.0582916946476342,468.1453964709829,0.6730683694868906,0.0107069185445165
69387,-3.01307699320831,-12.480332469112772,2.0175898229240667,1.7842651507738798,439.86854228252156,0.5917120218528424,0.01070726848003198
69388,-4.238595557823394,-12.012514782161556,1.8714127725501166,1.4334929512461638,316.0659549917032,0.5170782637536719,0.010707282576503063
69389,-5.472820523266403,-10.303484160941958,3.3849139345934187,1.1597213207140236,462.26006420820323,0.33177423486386015,0.01070926333876786
69390,-8.472003029977449,-7.279737462563649,4.245766583707833,0.7106554451247039,164.73926953110217,0.8503593308941699,0.010709588499658662
69391,-6.067070159582952,-7.038054909591304,1.9411313009958557,2.439760897160502,451.6757150234206,2.1106796614670893,0.01071117828834491
69392,-8.323265589593726,-6.41454240134493,4.967797202262672,1.2895694890456022,309.67953785270277,0.3921555133166148,0.010712410088972004
69393,-4.264117155248526,-7.396896598444971,2.5541188711180256,2.478975482591783,441.6242659807593,0.6890395616900573,0.010714649573211069
69394,-6.636071174964007,-12.347748198015735,2.103074849448313,0.7821087220588787,200.60308403158953,0.2879510144766835,0.010719863847173518
69395,-4.551687497056058,-7.37716899285246,2.5236004422579654,2.9075306234586535,489.95161589139605,1.2719648869469404,0.010720655820869921
69396,-7.56774144546439,-8.835411899979885,3.84536089168789,1.8357403082236912,381.5562151464101,1.3209838854110147,0.010723617049195049
69397,-3.5839698891946394,-8.478247293635322,0.2930377062147297,1.8104704678124746,432.13675292654904,0.22554002875135382,0.010724008649989762
69398,-6.168899963688991,-11.91357476453154,2.5389487811203,1.9728729404060443,394.2823331356519,0.9971141958261631,0.01072439084654556
69399,-6.136635036257347,-11.148364700831092,2.8751556029353984,1.0889192919745507,468.10612148308905,0.8786575883939509,0.010727987030605922
69400,-6.508578445492793,-12.438277346592356,1.944006620681389,1.627650066783724,377.4734940755052,0.7289782829186668,0.010728004545625437
69401,-3.0535299193536316,-12.165736293972452,1.9312620017646207,0.9203110109309003,180.6130839134128,0.09468623086696049,0.010728763539780637
69402,-6.786817335696379,-9.110032905729101,4.372273734583952,0.7938588959726988,196.84038730077987,0.6024183361282489,0.010728841119665947
69403,-5.7695116580092005,-12.87367737266797,2.046218365958018,1.1228791655042152,234.31105406294606,0.5367846698465968,0.010729261970748543
69404,-8.49041271736701,-7.58765682862667,0.4932890904060815,1.171921971622951,282.71991223402296,0.5922079084001988,0.010730283037910366
69405,-4.735882262319309,-9.618282479444028,3.926033422013433,0.7370194750054595,183.84711626306074,0.5163768989418704,0.010730903577910154
69406,-3.922000068504367,-11.363316530653943,2.640332378272988,1.0663658455633847,285.3273721373316,1.6720338142921358,0.010731518806348277
69407,-4.392435437244018,-7.6204290762769835,5.08098280989398,3.058383831348477,503.1129716676172,1.3411192424016676,0.01073237982723981
69408,-2.5937279914367988,-8.43690348368484,1.8984319536223717,0.9477871898492362,208.7562533866348,1.077547385028514,0.010732848024066217
69409,-4.472572219469281,-11.978198418757579,1.6395013078778276,2.711300386372991,475.3738001916371,1.691208364989774,0.010733021973489857
69410,-5.985996924276892,-12.213578427845555,2.440706555454493,1.6935139884915518,360.6231303249041,1.0460027335189457,0.010733467813179251
69411,-5.836729032750545,-12.87597185603274,2.2315909259088658,1.0921562239962501,283.51504389977197,1.7352799956387344,0.010733715986067642
69412,-5.2998241208554555,-9.293903670884555,4.29661735797258,0.8421458668390175,469.443135486627,0.002391683663530486,0.010734524759936246
69413,-3.4228908106889264,-12.132121089677671,2.2236016628370576,1.1577458338081676,242.32640326562188,0.8800338919459181,0.010735170054492548
69414,-3.941692668577903,-11.988085586781615,1.8926145873981413,0.6791244238338764,142.43453177582978,0.3447675486722268,0.010736952352147966
69415,-3.1974017655898033,-11.78165862651445,2.464354204359661,1.453494903442806,333.8171304498835,0.8638111696147694,0.01074140359548195
69416,-5.063102718353617,-12.445091263742484,2.0463329603922737,1.3361750163352026,301.30819913925114,0.9364087369571541,0.010743140589954781
69417,-3.527267289929563,-11.923426307576323,1.7806090562717676,1.346194041249892,234.3874260245351,0.5148540412594027,0.010743200744222135
69418,-9.061208572978405,-6.7248938352678005,1.7378452604226093,4.778741428846558,539.883631486017,0.13737870800394525,0.010743253901126036
69419,-4.725340431834033,-10.404786300976522,3.259436558617486,0.8207642752478236,166.3417937616809,0.7984539256074035,0.01074375185416049
69420,-4.134082994118352,-12.1947300802532,2.052071945321429,1.0627393996163663,467.708751267247,0.18128185166876243,0.010747184377865985
69421,-5.93432388518121,-8.886423323861223,4.80442983764408,0.6286960318332427,192.08224653049098,1.1624836877206501,0.01074728740893442
69422,-6.294361170540457,-6.564881450502995,2.8632535923472537,3.056930241228107,504.8665489842679,1.743165909311113,0.010747461774531175
69423,-8.345750100600885,-8.505097654262022,0.5991303636331458,0.6369991784990492,153.1100554536121,0.3579166776384639,0.01074807063128957
69424,-5.2228662496924,-11.209131554068163,2.7967752821019354,0.8937678396728003,131.83378970693732,0.30740356421786874,0.010749725053958992
69425,-3.682590991395081,-9.289630785034547,4.222536900494334,3.846046724615718,372.8960072320767,0.06034129086269768,0.010750451067353185
69426,-3.058602778485904,-10.287307838714323,3.482662424453715,1.71826982822824,361.9170851060548,0.8716944459409026,0.010750876988359827
69427,-5.147772899768167,-12.177635204816458,2.375805180054325,1.3007203111411028,468.4968741414817,0.4717330861665898,0.010752852047433016
69428,-8.503186124392819,-8.156154486867923,2.6821646226228024,1.8001914938514185,467.66511586610886,0.4279050700210627,0.010753744688925109
69429,-6.666572802098381,-5.789034061635494,3.390689617191977,2.8703827210996327,470.36395755688966,0.5159638781306759,0.010754219034495182
69430,-5.524033175956079,-7.344812676355922,5.066073317441427,1.8434729151822216,440.3753797534802,0.5338838994992026,0.010755102680014858
69431,-6.319985868799176,-12.19396165846079,1.4235326711455365,1.1454099220526497,468.16265788831146,0.3042682079341956,0.010755455681370105
69432,-3.6015552935104935,-12.018142123285804,1.9576597538760137,2.294137406227968,437.18147246863003,2.1314887304829204,0.01075662525321359
69433,-4.239111267789788,-11.98199767586926,2.3548127460767825,1.0804723431492715,280.3116566659745,0.5464066130516896,0.010757843597288243
69434,-4.611978856253536,-7.265468417476781,3.6591466996564215,1.1688187245057753,202.20967719959538,0.11677438657612971,0.01075797342079352
69435,-4.584227572665164,-11.372907577908302,2.6630597088329875,1.7828844671358253,425.52074466158723,0.7423490542484767,0.010758006192637289
69436,-5.312343378269114,-12.670240198288663,2.1390381510390237,1.0413098406639203,469.87885327509275,0.07401825709360565,0.010758725057853509
69437,-5.460728485989902,-12.731433733773457,2.1905647413801552,1.0294823999950842,224.85501894670006,0.1014058012473189,0.0107599022030617
69438,-7.152046923679365,-5.246889563226029,0.3696804182073926,1.4916371553766388,468.52712153786905,0.3312344569085033,0.010760998750088124
69439,-4.253178360082213,-12.071180780599969,1.5709435766382105,2.7869535416018465,480.0017061241251,1.3526236238098237,0.010761164985165154
69440,-7.131774616771198,-10.556894170882629,2.6068234535504904,1.4363183604090763,190.35203875996797,0.17071797383724974,0.010761323515342045
69441,-6.2699439731998705,-10.00859283395968,0.013967268451923559,0.8772286959591811,468.32499159195964,0.9138279053184144,0.01076143680170952
69442,-6.227988145851624,-12.7724134835262,1.9856423676770567,1.5898087895808761,375.9385982975941,0.26949538600979306,0.010762181590180492
69443,-6.660001630945205,-11.970978744116552,2.289272859217026,1.7139292114569828,338.64524882051006,0.19436128111311746,0.010764840737265288
69444,-4.360913788807323,-11.47562559010666,2.600316026553753,1.5877765302116016,251.38784223075086,0.050584438957429256,0.010766348792718409
69445,-8.891609277810872,-7.603577019697703,1.6531347716334583,1.4507889255588957,468.1904146461462,0.5098798026619571,0.010767136251244883
69446,-2.444182641375617,-9.19359450254799,1.0538381557977283,1.0883451078405455,467.6967455955661,0.14120689739769254,0.010768389852100735
69447,-6.051133595994166,-7.352694185594829,1.318912810602458,1.6693898606888524,356.52843880351844,1.051838851178558,0.010768947260982297
69448,-4.4584066706784755,-8.334266218909931,0.394270523939748,1.116341361537605,468.3010858016106,0.574552626264496,0.010769646438825825
69449,-6.377339844343354,-11.355449686890243,2.732498819556385,1.1745199951701721,202.6712512450282,0.11229291234511773,0.010770522398665293
69450,-4.839023982440162,-11.845096163791501,2.476602478717978,0.7804306596056618,160.36761553105816,0.16581638172731417,0.010770740649032126
69451,-8.77924058782199,-7.158862223210046,3.611347350994724,1.1794887119738744,298.61014203928653,1.267851677893142,0.010771426385705137
69452,-4.3302734441994994,-8.807183822912513,4.752157554900397,0.8934998532750648,468.08062535008395,0.21846374758317477,0.010771908456733058
69453,-4.490803390222824,-12.361049509703815,1.489390122557386,1.8628411977794102,467.6448782746943,0.30323065801258764,0.010773492112903448
69454,-5.941815313663276,-12.961339893701682,2.1941082573030877,1.1516395630791179,467.51803716828186,0.20701889696708697,0.010777032115068232
69455,-5.460944493501494,-8.318334616902646,0.28391635990608355,1.8479217899276612,443.9775102977537,0.01880276301944228,0.010777034518644977
69456,-5.335515728498827,-11.350364015112467,2.740699451049985,1.1173075590790709,291.877197385006,1.064946529511146,0.010777289179914605
69457,-8.178802349835617,-7.641461473440926,4.4199108927899236,1.2103827345738878,279.22358491277055,0.37678221225158914,0.010779474325383624
69458,-6.76974195078326,-10.618664783722304,2.9681544718262605,0.6903219516154239,166.42129331755157,0.05479752679302052,0.010780578130945013
69459,-3.1373464927726573,-8.416143709385448,5.158238726632704,0.7287373404701012,467.52246471249526,0.3070007934277035,0.010781295440549402
69460,-5.452584415302385,-12.721154807713024,2.124366746452469,1.4870455711188395,169.41042128826592,0.2298342203349062,0.010781965423254849
69461,-6.926982858645696,-11.500536271289658,1.7870075020775362,0.8828590341901351,223.1485098018699,0.4319611213576371,0.01078238445139809
69462,-3.836684784032088,-11.463076293951122,2.5891024529565856,1.1228312472756343,468.2950541292358,0.42141963194120446,0.0107826279243747
69463,-3.1162764300829,-7.641093629779257,1.8511526560521245,1.4217062157841034,331.7957001159738,1.2399380333065162,0.010785118895962982
69464,-4.759799250352712,-11.883118275779323,2.441370023664965,0.4709860903055837,120.4499360867102,0.3535566992743897,0.01078590801207163
69465,-6.696355844828471,-8.7377490169517,4.861140822979735,4.806152532439487,606.8105673441582,0.3660229019289458,0.010787036252455487
69466,-8.375850491274239,-8.77201740563341,1.465769159873381,0.7018716254046247,216.9918007855685,0.3369316092011765,0.010787541405109673
69467,-4.436854270482582,-11.550955918665657,2.5683973765545725,1.8707540901184212,448.56800945033694,0.5541323987321203,0.010788740293924006
69468,-6.620930624393344,-5.959984155991159,2.648642978116351,0.9741070393290162,266.57317875205007,1.4889715039201326,0.010788946842919686
69469,-5.515368602897047,-12.078437349357262,1.5893628211619215,1.5635824574286605,364.82167330628846,0.992286432248676,0.010789007890132412
69470,-6.66662540129777,-5.782413420910662,2.691269522792613,6.325188025927066,681.1989897392492,0.36982515140076533,0.010789861449481651
69471,-2.978308585149053,-12.174560810437933,1.735212282102351,1.1275422244541196,359.18383747269326,0.6431934167164828,0.010790491555529948
69472,-3.2635116049937647,-12.041030642496505,1.983897157082455,1.1225784944147559,289.0324431541695,1.3352698629683806,0.010790605843829617
69473,-5.769124601794291,-12.86422536898063,2.0928237693344816,1.7179488977818864,362.5900672111207,0.9923907384873472,0.010790833214907713
69474,-7.153099091809458,-5.568065131535391,5.105975539847433,1.0244237750356946,279.9818748724501,1.3003890696501657,0.010791654477981312
69475,-3.0589178084147512,-7.756633416502686,1.5479201948735244,1.8429068252035503,377.70240902800145,1.0175525247791795,0.010791898416335079
69476,-7.310482434495114,-10.439423837415998,2.358893257592301,1.40787640834386,319.88896186310814,0.1447433139785801,0.010795105710438159
69477,-2.6907860285475174,-12.738881494785057,3.4635837170486217,1.6952477111847923,368.2202459729292,1.8955255657286854,0.010795323246298468
69478,-4.434598539304712,-11.967736852506167,2.3876678628537364,1.8911796262720562,467.74252955639963,0.3637961458366421,0.010796722933024569
69479,-3.8193448029486907,-7.401406651788585,2.6352814566242535,1.3420842012242655,318.04624276864945,0.19435766976460744,0.010798964981836502
69480,-5.759460669413953,-8.051285714133456,0.4692574826361773,1.1805220966272523,270.6642991941588,0.5829993111751275,0.010799387305459339
69481,-6.450660589014019,-12.670440280367744,2.028306835864834,1.9233664560402322,395.95516176855847,1.881587392674021,0.010799579122885629
69482,-7.341226885049345,-12.496583034256085,0.46474971716822705,0.7441145428217875,186.48922518173174,0.9845242080030623,0.010801290251386757
69483,-6.052183243584562,-9.6573733640369,3.9614386839132787,1.0095360209340465,272.2311274319473,0.9388559681654307,0.010803091822748134
69484,-8.832752530252913,-7.768644756352786,1.5291108238251307,1.8431662484127265,468.1533768158297,0.6661458692783588,0.010803450093221048
69485,-4.787825996185855,-7.383783342034501,2.311316348309541,1.8383884606007297,468.7678358542799,0.14174154267651673,0.010803960193344467
69486,-3.4062025031937084,-12.004928925920774,1.9682454310961857,0.9623406016493563,467.77732052326263,0.8829184708806626,0.01080450515614098
69487,-5.832081830471177,-9.637669098277357,3.9776235709446413,1.5323889787548048,468.65908466348327,0.5696903424531348,0.010806628580048003
69488,-8.585134738811128,-6.516249718145488,0.43782912472781993,1.5492024358599736,468.72837519014917,0.8320310240319602,0.010807278625697987
69489,-3.45681019159427,-10.973935947729265,2.8355316039095255,1.0837087236674228,283.44738452844877,0.8616634128292118,0.010807593127310593
69490,-3.1799092840457757,-8.8087620193194,4.7845483580558215,1.3081114160535194,322.96355599567846,0.27692743107723583,0.010808683808375812
69491,-2.8969570224063688,-7.9744007848434,4.632130818606498,1.1593078182298648,295.9046636686993,0.8090717374154819,0.01080906906251061
69492,-6.609527230820573,-12.26440242224896,2.191631519698931,1.5747624559638713,364.66761242805023,0.12685150065466022,0.0108116267286609
69493,-8.45550956056697,-5.071610219313448,4.611337609261578,1.8078803680389919,430.0092438363495,0.3981944097019783,0.010811657041239514
69494,-6.35817782209652,-11.946898688246934,1.6546478704899361,2.23985840655225,431.6267128542706,2.119866461056506,0.010814622408148435
69495,-4.529967814636163,-11.944062121790818,2.3995671169082033,0.6397630838947141,152.2656556079333,0.9047409835784626,0.010816621261395019
69496,-8.02730655470474,-8.810387384528653,2.8477452720877134,1.3769665463858962,468.2237544210149,0.3366165513206498,0.010817294005249127
69497,-7.088745567170873,-11.182496354288174,1.7722652839983088,14.035299497415037,566.8290032949308,0.0484822390297337,0.010818440108042386
69498,-3.4629215560000066,-7.407200391251034,2.634993643334628,1.4056053277649447,330.7833420429023,1.860902269358565,0.010818764698676852
69499,-5.2183437634604966,-10.519445170371133,3.2012567112429484,1.2731868990345832,370.28353417508265,0.3928990174347744,0.010820136533451173
69500,-3.531369049380194,-11.80311056144645,2.3995123080137075,7.566561751103499,720.0155634749264,0.32529979507100215,0.010821144082368579
69501,-6.3164468004550525,-12.763391961618032,2.0238140734767756,1.0054632953586937,268.12142353036,0.7742683164386657,0.01082181499863396
69502,-6.47982519149112,-11.902800788198775,1.691221691423473,1.011816086032143,163.30468508005796,0.19533699112139402,0.01082216129101172
69503,-4.696076952219885,-8.856979364518626,4.725721514709956,1.6460976406219139,382.08689486807793,0.18068336847725508,0.010822816803201936
69504,-4.680322609515929,-9.236130619100484,4.315402659034263,1.0890471550900598,281.57369023555316,1.691445677061135,0.010823960613876431
69505,-2.318824581788209,-12.469245030247881,1.8432442077884466,1.474430511750399,318.20852286306643,0.45941393427473987,0.010824804691456398
69506,-5.463754342831898,-12.229250211688719,1.514111511427084,1.7825500496069764,468.61984610751927,0.5419820048379815,0.01082539947343241
69507,-5.159057494454837,-8.922805475364662,4.6920188425161395,1.3504178537031588,293.2499518465358,0.47799429087773415,0.010826809360006724
69508,-3.057162784697213,-7.805643141419155,1.422956511534905,0.899037915152984,468.08711315312985,0.21850076470173985,0.010827960574103896
69509,-6.731677252926278,-12.079231587175313,1.9744221666594397,0.7127270358601279,140.6305601971924,0.04576694507940893,0.01082802585569497
69510,-2.9802561570922776,-11.391164575819936,2.9023376532979364,1.0272523030022256,278.8212151690299,1.8893231733272566,0.0108283986770082
69511,-3.5686500706151527,-7.419170732040911,2.5522915655401035,0.816367067646635,469.56201166719694,0.23031816426246188,0.010830131753030934
69512,-7.154357784381774,-11.994482037802213,0.297621098551889,1.2520914984529492,299.4721097780809,0.4095744321294257,0.010831667342314064
69513,-6.136164775677947,-6.773386298086422,2.65483732291531,0.9168998538959037,467.86930096613173,0.17828814952853644,0.010832293883819911
69514,-6.316500441374579,-10.686211956572537,3.1093513799859496,1.834366903527858,439.5972782978927,0.11340307778343028,0.010832966005419274
69515,-6.206857274692931,-12.983719269872784,2.101162030489833,2.447829477546643,446.32106382299105,1.1503731720735404,0.010833757302972622
69516,-5.588210333436899,-12.735099158327733,2.214706891367215,1.2414945296701596,248.55122174881672,0.01606971395916279,0.010837232078749775
69517,-5.071338406966782,-9.620006973906744,3.938963165485282,1.7407587076926376,467.83900555044755,0.45765706556687746,0.010838467064332188
69518,-5.9782205216374456,-12.094954320780055,1.7151833203016569,0.7942617872949123,158.80906022163762,0.12481843472569043,0.010838809141253175
69519,-2.500462402229325,-9.624732157592206,3.2101904934799808,0.9329751742410204,185.24596432783588,0.8870713034550777,0.010838885278816318
69520,-8.720879644138753,-6.240802772747888,4.175599023401961,0.9532942298898982,248.74278505169798,1.296300845460828,0.010839722878329081
69521,-3.4785635656060743,-10.285634321690996,3.29758318190602,1.8208414770740462,444.63082746261495,0.70483667384761,0.010840172625443213
69522,-3.840309194285208,-7.86539021426993,1.1366573879254176,1.4018201516198185,332.7390760305441,0.2540250287213288,0.010840287282804104
69523,-6.409680884956169,-12.440284598628113,2.2700412092969895,0.8393847933462157,220.11619948996298,0.7783900049733274,0.010840459690763787
69524,-7.903910506036267,-9.133111552699809,2.6182968529704507,5.520555609510071,647.7306744982637,0.5162023490689442,0.01084071011367221
69525,-3.228263764680336,-9.818156816847429,3.7137192621519017,0.8106188486303926,198.9477776240954,0.9167929875953655,0.010840858709365202
69526,-7.009769014255314,-11.190675571564793,2.274085842276548,1.8329369509992524,437.23691866467755,0.4926135096564517,0.010842277997445585
69527,-5.515149648819858,-12.740517787016493,2.1256693006904976,1.083975046121492,138.3961739100083,0.2831915257782862,0.010842836960887194
69528,-4.31276013532067,-9.934973881730281,3.600950341293122,0.573293835440893,121.1893441468691,0.20919334629909336,0.010843484884061273
69529,-8.214992252405464,-6.614618828667997,5.106385439303327,1.2330484392050038,222.16662237542258,0.0485374902994673,0.010843988423782888
69530,-4.817265175418026,-11.953268534429956,1.6886792189464956,0.8050932869261738,198.39016242064682,0.545621502837558,0.01084447161701563
69531,-4.6613819142143775,-12.088937889350326,2.3277869710221846,1.8984860608428864,458.08628071077356,0.6311662003442589,0.010845465008503597
69532,-4.444797541204702,-12.1964222091003,2.2256890727763494,1.2796859855518827,319.2592596563537,0.32450035677352496,0.010845935963384594
69533,-3.699722199473329,-11.168825744629025,2.726531052472719,1.1447974789827648,249.4233595461886,0.06342643777624613,0.010846913200896974
69534,-5.362160874595259,-7.19211715051736,4.310632145151728,0.5874749339296804,167.976964888839,1.175349324670992,0.010848583478441413
69535,-8.470536076588658,-8.547996872212346,1.6500207075644653,1.0703302600812843,339.37165182422524,0.9974220816264916,0.010849037126300623
69536,-4.376916248477717,-12.113306181602766,2.282387870672068,1.8359777634377248,468.72242660952145,0.08183373687750173,0.010851242413365743
69537,-8.227116407481224,-5.818350431013501,5.068922650564767,3.2612601595204866,503.7338671434942,0.48878673840888975,0.010852526933480074
69538,-3.1835980575983616,-12.17351786317949,2.2101761564484557,1.2596935859558678,266.4167120760961,0.10605985527366979,0.010853159790796152
69539,-8.857564791932056,-5.058237796159557,3.7407682127798725,1.8840004002774648,392.5249174676667,0.7422330869106251,0.010856076856401138
69540,-2.439701267112243,-12.329549368218194,3.2188814220876028,0.952630649114083,468.2936983461994,0.8679724008888732,0.010856145659959017
69541,-3.916506800001459,-11.936762487650702,1.8409989894965901,1.7389182028628438,308.0200945618476,0.09704356429047056,0.01085639831860331
69542,-5.220784538744053,-9.665826612365215,3.9069743576623464,0.7292132274317984,468.72170448400107,0.43485743066785787,0.010856442238268382
69543,-3.205410257453333,-10.903097784534951,2.8986819184379655,1.236423331973958,135.331543242868,0.319655612195894,0.01085679710773604
69544,-5.429727646485056,-8.644654945312139,0.045309104811401414,1.3173448616172916,320.3741633563659,0.45781388713044446,0.010857923623549936
69545,-6.550323821122296,-12.756681197258377,0.12005034097755755,1.8000987429248057,467.6693899952194,0.7523668684622606,0.010857946163497011
69546,-8.30107247583305,-7.198964953065014,0.388219803397205,1.177488652080612,300.10753610138056,0.7542853700976275,0.010858967912024573
69547,-2.5603939462922156,-11.417540410348732,4.01497695954246,1.147145193743186,467.7421913882923,0.167751313346427,0.010860334065127685
69548,-5.072034703242795,-7.208511454881403,3.2882569094917073,1.6342975655165837,381.52180729860845,0.13668962211140645,0.010861127562621298
69549,-6.802485613201782,-11.498485281553277,1.5344097600976399,0.9618718285190758,267.04100828717094,0.5628726139801161,0.010861672610209691
69550,-5.702790339007447,-8.040248757095608,0.49221784426125736,1.8796370803349651,468.09822598744404,0.22530919863272736,0.010861839466551653
69551,-3.114716384885633,-12.899879530240414,1.4476571858185288,1.851970895311164,467.49877661277407,0.6073133120594854,0.01086307571126416
69552,-4.745543453501836,-11.846694566633929,2.4454298345300565,1.2522405057954682,316.2082126255388,0.34635103707198756,0.010864188331894006
69553,-9.036894996970497,-6.492246150398442,1.4281517860751167,1.0513764374269423,281.7779626900746,1.4491272407437368,0.010865144907335998
69554,-5.18587794524041,-11.872644636230822,2.490100642646111,1.079401007630052,280.34452957823726,1.6673770406971098,0.010866638865657722
69555,-6.133288571225924,-12.064357758108644,2.4734531829955215,1.3180479901557887,468.86801896271754,0.5708128791489013,0.010866669323649585
69556,-3.387858372792765,-7.952543186467188,0.9539869863777262,0.9491996568614942,468.88572963682435,0.013903558553368889,0.01087016583408036
69557,-6.8577982242599145,-8.70985673918466,4.804998661602581,0.6654232810178904,134.13049409972518,0.4793806460782086,0.010870532141893933
69558,-4.979272696449247,-11.74443701776043,2.511889332966357,1.5541013779895845,356.9314622464822,0.7493841670398647,0.010870584889063086
69559,-7.208200273723977,-9.854425765818906,3.1492679719743752,1.1121408877302816,282.7551099071196,1.4039415664963828,0.010871920614907734
69560,-5.35667641527107,-12.024669924484378,1.6497654465117053,1.4271377769988738,317.88918307466156,0.5710556574226411,0.010873063573787818
69561,-6.4167839072410136,-6.412585598774425,3.8454460227545972,1.7140135028854788,404.25518338346717,0.1634571464513277,0.01087347388487147
69562,-4.050553298091902,-12.507378714212278,1.46996672504629,1.437568353690655,468.15699212919253,0.48169277622515505,0.010875088147188123
69563,-6.049344540118296,-6.78221785436105,3.695553984434775,5.978597192760559,393.19291253009817,0.13065119797888425,0.010876101286170456
69564,-6.087995741254841,-9.088103463468617,4.567824660742402,1.1066321220929685,263.3443341125652,1.3442118064120256,0.01087794609090928
69565,-6.123753430785541,-12.967459142661514,2.123516296961316,0.5829764965287613,120.7563598730416,0.04317788962876268,0.010877962267730726
69566,-3.6820878761161815,-8.284260889990803,0.4821916036832344,0.8068106842512411,468.2596722905023,0.07992291795251028,0.010878071228861782
69567,-4.084302838796891,-7.515249325996601,4.765496147944529,0.9502984198325655,253.03363418209986,1.5052494211432395,0.010878098751274209
69568,-2.9195716622956605,-11.001689900435748,3.246714048327931,1.4001248589354502,281.9245621221793,0.33185750550330706,0.01087839497006929
69569,-5.2678644481209,-12.293556987412785,2.3342178957614297,1.7722595359049254,468.0645657958551,0.687981591571833,0.010878486339320084
69570,-6.092890786864377,-11.813047004592848,2.5698145073553187,1.636857352023245,359.722040325678,1.653315180288879,0.010878498636094965
69571,-3.7514451803236035,-7.813818132180783,1.2854742875965686,6.3334906655472425,684.4446178437712,0.4971974834980637,0.01087967050065496
69572,-2.851153097245791,-8.98538828310533,5.018547574452783,1.0623243055715232,276.8368771881216,0.6033708675491205,0.010879956387933742
69573,-5.17535718894621,-7.1812446129844165,3.371252845568792,0.8183969299098051,178.5428169644734,1.1285507653172928,0.010880936876545448
69574,-4.678572822907256,-7.643078469679301,5.156923393300465,1.7216571939076426,407.3953649705505,0.7651077341475956,0.010882867134915772
69575,-4.094757598773029,-7.588677280316799,4.947823237384023,0.8765215054535319,468.18091779148546,0.25365810862731664,0.01088317445014053
69576,-3.5249764159363703,-7.864291702187774,1.1087011136431433,1.8662813120136972,467.55085470751396,0.39992581678942773,0.010883411640576452
69577,-5.369442741351654,-9.053312121657486,4.56382849448639,0.9134283310625567,258.1002960284756,1.1996002285647815,0.010883998314320057
69578,-4.5706684559520365,-12.829954350305957,1.4365273861581038,0.9831196907050103,467.45560272902276,0.621952738037101,0.010884256697400839
69579,-8.789181612518647,-7.276305991826742,3.4271457122865363,1.946063813738883,397.62092737218927,1.651437166772988,0.010884279759376588
69580,-6.550267718753199,-6.202674780910834,3.8801386716598327,0.9062512616232753,254.37661821351662,0.6360677269788182,0.010885927093386942
69581,-6.833993949980616,-5.235433310423809,2.024061428922124,1.1312058242827037,467.2609030328062,0.4532289313388089,0.010887721087167323
69582,-4.647394055866187,-11.954220369311082,1.6710411083695067,0.6314326818463926,187.21013724058253,1.0479746132507257,0.010887998633378488
69583,-6.1008271359783866,-12.92236492310177,2.158708489930979,0.9223688449532037,209.62226485764663,0.39122909500882574,0.01088870801576628
69584,-7.641024992125049,-7.895829509674788,4.9930642700110495,0.9001393987795545,201.44058826832074,0.01443583913344959,0.010889860587567227
69585,-8.496476641259594,-5.709962333230067,4.610503675448058,2.5864095029431438,447.0579810411677,0.5070483160244086,0.010890431481375926
69586,-6.166407488451572,-12.532888178187418,2.3097107499121097,1.0461580681389369,468.3826177601266,0.9346010832183591,0.01089088788900991
69587,-4.552527552124657,-9.179758086689922,4.365001360405108,1.149096787620961,229.74576412872898,0.24847497859768897,0.01089108999403244
69588,-3.4862144623629714,-11.913092279173568,2.332407204556318,1.7354714099811313,441.4156231427668,0.1419990117379628,0.010891408146302135
69589,-5.008637235121168,-7.71468921328123,1.2869263652775234,1.4832843494752421,340.90748714474364,0.6273624200323749,0.010891423969119097
69590,-9.06367415868873,-5.442565936429081,1.4891292228826698,0.786569081489281,178.0131188192043,0.5866090106621087,0.01089153868983844
69591,-6.107514351869444,-12.922516341840232,2.156706614375328,1.0720438885394858,212.22470191963995,0.6241098591712442,0.010891811996796391
69592,-4.323888714626848,-11.911205549909276,1.7804394683527875,1.1439517063405367,292.7478242808809,0.9865894519931944,0.010893891766100993
69593,-5.844134859693853,-12.860986036266771,2.183388456550697,1.7705114117631882,420.6469307159565,0.39180041774281804,0.010894437298161353
69594,-2.6955134066428643,-8.707207357164055,4.606473076226282,1.2286558034283859,370.06645040721173,0.17702570832939912,0.01089481874683198
69595,-3.5663651947886557,-8.044895903850588,0.8027316630516629,1.0660851859571572,281.9749727710057,1.529427034022567,0.010895812736046642
69596,-6.9785600611823675,-11.676604609447725,1.281576376149623,0.9296939700902668,250.57800208678717,1.2521709896308257,0.010895905889373447
69597,-3.5506780968390625,-12.093959597587734,2.1182972105450593,1.0352906370320383,467.8331783889291,0.3539529991577064,0.010895995578235125
69598,-5.525848184277091,-7.155312476483577,4.4532486084628635,0.7621529585913873,159.6042315584988,0.9628630053184617,0.01089762166505989
69599,-4.71776924852351,-7.261593789127637,3.5804982853908123,1.7005999394754079,400.26672497052425,0.5714757165535778,0.010897852911998993
69600,-4.6793262511589475,-12.114884629197064,1.9272814007304748,0.6267156876869392,137.89441431087337,0.1297578665677923,0.010898746885236921
69601,-3.9586183653040834,-11.892969146425228,1.8016904776658362,0.8419937294547296,198.8172814244928,1.2803173721500327,0.01089875281940055
69602,-4.206116145610574,-9.596842764831342,3.9158400510762297,0.8871769521068814,218.68681333157903,1.1767193493078878,0.010898805322392272
69603,-3.636422219915465,-11.877522133237772,1.6900909885439412,3.902246702236068,563.8614064353936,1.1718219678596808,0.010899046155984296
69604,-3.265831277965555,-8.390232141150737,5.115128508448671,1.1363438593729103,467.8496367122113,0.39406521473682865,0.010900253187288406
69605,-6.170383768480776,-12.323587556651866,1.849885509059804,1.2116955837333503,306.19228559862376,0.4846424885917271,0.01090145251511148
69606,-8.076108081936589,-9.174886381512348,1.9149611375101012,0.9903377334975333,268.7194789502727,0.9929153468210696,0.010903559143019997
69607,-9.044457585923452,-6.872760690675568,2.8879405596815246,1.4770897756230972,338.7240137640401,0.037423553741158244,0.010905952886539692
69608,-3.0602226966157726,-8.880213655538103,0.08989919990769826,1.1720296123123428,302.72775346728343,0.5284589510483473,0.010906043792363481
69609,-3.3808575619414247,-9.577585906283218,3.9112625157137995,1.900616334531437,467.60735670394024,0.4909516163463472,0.010906454560976922
69610,-4.292538855404402,-12.056438030690124,2.3121351432653614,0.8535898133805498,223.61053105736178,0.3842312667466308,0.010907896751435454
69611,-4.0077362938684535,-11.9605453689266,1.6186900566762819,1.174947313761326,300.961598667062,0.7383652011034991,0.010908621151647032
69612,-6.110257130443576,-12.888882373316214,1.3634696909362147,2.240743066530112,426.7442223785002,1.27339730154792,0.010908937851216553
69613,-3.0474192014334465,-7.571478213326954,2.312761767455678,1.0971862150452132,265.0827057811026,1.5999735398340666,0.010909313224671034
69614,-5.236407138694547,-12.197245231318924,1.8900846579784745,1.2832929376236561,267.4389666240871,0.06398065220289428,0.010909997817730398
69615,-5.807439157592355,-12.877314929802733,2.161580967790873,1.2183061250330525,282.4360722270048,0.4333376882321138,0.01091034343486266
69616,-3.37189388406859,-10.488067731794494,3.14834907388101,1.1550267640801972,242.53294656524963,0.19082247044597445,0.010910731798096231
69617,-5.492047669380266,-7.755176440417197,0.9463787141625105,1.252767594012424,457.6857665220584,0.2427310670770364,0.010911492330808946
69618,-7.861781091281099,-9.664500249462025,1.6366553068164396,1.7960778659822592,468.0008868359281,0.36846503397822694,0.010911914503477328
69619,-4.249019958726617,-12.15450410334119,2.043676188967805,1.5883296649141794,419.041958307369,0.1962264969132459,0.010912497314939516
69620,-9.043429584603713,-6.307487878600631,1.305486154100906,1.01399783961446,272.91074243284675,1.8000078753017528,0.010912816560197667
69621,-5.80729785732421,-12.499647331208116,2.32126431481552,1.075946484586318,288.44221673060173,1.1472024460527601,0.010914480213747944
69622,-4.746940837305611,-12.2141298464424,2.0351821862821504,1.1900956977816912,205.28613139081247,0.10571056001858192,0.010917784629957886
69623,-4.640561800999087,-11.962818397014995,1.6497089803365519,1.887882558925268,454.27242986768897,0.6030374308162489,0.01091872800377046
69624,-3.9961264975282536,-8.079698779912128,0.7449046827925686,1.8276884914977998,467.8972100246071,0.5828666621174428,0.01092144586438188
69625,-3.652802201227505,-11.852822312056754,1.7374377823200446,1.2875242920400534,428.28296908914183,0.7509423675664308,0.010921973729915354
69626,-4.3516679297529475,-7.734791377092676,5.184719970010617,1.9054281340914105,389.716426570779,1.3138016915560993,0.010922201964539616
69627,-4.763950235290889,-12.276190518525173,2.0548829200885854,1.077840407596735,285.0765572278336,0.861545828627956,0.010923175000333438
69628,-4.975914725046283,-12.04094861760298,2.3899447720217966,1.8702876858717365,467.1322878694266,0.45626425362311984,0.010923893011518497
69629,-3.405861184695925,-8.56248808814577,4.956648082305312,0.6124752777396436,131.3824799801426,0.14434757899481188,0.010924727461916623
69630,-2.6328913503071156,-12.175766791891954,3.7473881379646077,2.4473519464145896,442.46795924729406,0.8405168469123661,0.0109266269414637
69631,-6.774179252773207,-5.728936404660391,4.0757270383432465,1.0931735702278733,288.51869731622463,0.2896524194355985,0.010928367370762254
69632,-3.0728957860596786,-7.477368374063117,3.4118492728078533,0.876557685742362,206.26185442836714,0.34635588971240505,0.010929309299197155
69633,-6.843190368869429,-5.760994968957079,1.5169880279250643,1.117401911447485,293.09923974760176,1.0836447891249987,0.01093015361179624
69634,-8.558500084813073,-6.461293333571716,4.51285541830686,0.8579747219690677,176.6884589570412,0.5748880082690802,0.010930264914744513
69635,-3.9076731356248935,-11.339603031944531,2.6341135387506127,2.6610382322652804,468.9892484308538,1.3723582933573457,0.010932060183049003
69636,-4.945573286247267,-10.16358301328333,3.445196224792398,0.9941216312010921,468.117399067979,0.6168666247973666,0.010933756001396927
69637,-3.663191033661402,-7.538334263368388,4.780687998820096,1.0052237667096906,262.75213587625325,0.9091436664501886,0.010934696692895495
69638,-3.819545030387874,-8.72334456005554,4.808961197988277,1.084852038876946,286.88087763949306,1.0565940502352476,0.010934759979398643
69639,-4.697083236830336,-12.003443596553506,2.3735039118179913,1.0710229049059843,232.61934528395807,0.4087790857825935,0.010935784054360409
69640,-2.773017870988406,-12.290045128721248,3.2313841995570556,1.571693815304699,350.90549415229964,1.6303463017048747,0.010936616396379864
69641,-6.9337115259177295,-11.714481256999798,1.2968470000232135,1.2734999504088114,281.79757827019927,0.21624931588868002,0.010937970789110966
69642,-3.1830350585748333,-12.068071029383647,2.049213543630782,2.753673514222377,472.6579188728235,0.9451742045071638,0.01093830439359335
69643,-2.513054373773061,-8.896249271317675,1.9449218204739895,0.9805668651891289,467.8407758940059,0.6869009370178984,0.01093976130967591
69644,-3.342790678602415,-12.561294225395443,1.4589060966981122,1.2833256861358717,315.57337420585554,1.0052185224203205,0.010941305453434061
69645,-6.515201240040023,-10.162400846729545,3.4305366479758663,1.1828905858328567,304.4397079730593,1.6350966223572359,0.010941405508235037
69646,-9.126527903709011,-6.657072197520346,2.2871358413148335,1.118835467959447,380.0762887124876,0.15789182477188568,0.010942142169594838
69647,-3.2871679161735052,-12.076940133926524,2.1905047641075437,1.011900039682234,251.96445346889996,1.0311056199200728,0.010942547832394381
69648,-5.626855141173747,-7.197963346024006,2.228704844138242,1.2921916104684852,272.9675175111032,0.66502417367695,0.010943683988387059
69649,-2.976138178984576,-12.68562890863379,2.0818699280241297,1.1127683972636397,239.11944905323458,0.047762965156179504,0.010943737567976296
69650,-6.819476469722613,-10.667848790907525,2.884807114180525,2.5491215199702864,462.5606683461686,2.386047446152162,0.010944126216706073
69651,-7.486772917233688,-11.273403593301099,0.5317315204589744,1.0065198862337892,467.8396603093996,0.1419916209564347,0.01094418604726159
69652,-3.244477893203178,-7.5231763008021275,2.1512608536526407,0.9857876284231988,261.3862499191318,1.4736846933499423,0.010945145419666959
69653,-5.589354329381694,-7.383613463424355,5.172852588736584,1.280386317798106,314.4678849774615,0.8282700988575185,0.010947356813345438
69654,-4.539948756321907,-9.133254039401427,4.410440266130922,1.199377320429929,247.2307679544597,0.23846269578771118,0.010947407021245118
69655,-4.9297373921092555,-7.835215374524445,1.0083525743335933,1.4755261959920505,467.89142261746827,0.06381217012436746,0.010947542440314859
69656,-6.054689960504186,-12.16083478959432,1.4767877324560916,1.175902716226158,294.60697361320064,1.111634975483077,0.0109495480736311
69657,-5.143898633419893,-12.249886758438524,1.9480421231850311,11.042150764424255,426.3695519428316,0.22478818891247432,0.010949626888420303
69658,-3.176457665891288,-11.903366024744688,2.3991470835253557,1.060009013629537,469.3367180665061,0.184717201487147,0.01095075084912602
69659,-9.148896152155618,-5.139534639864786,2.4499401364835367,0.7844054401755995,162.85714064030174,0.17466985578084948,0.010951256932328707
69660,-4.15895084725748,-10.205079275740982,3.3680021486550222,1.6169055755834,468.70280806177016,0.6028050403671967,0.010951822066267054
69661,-6.460796612399912,-12.414322113352272,2.227715705872002,0.5887555130233206,175.56437613966438,0.7775842465113074,0.010952370339669008
69662,-3.3288600585194352,-12.074705721984383,2.178809800436554,0.6413383560783346,140.45694178522456,0.3020587462461908,0.010952432924294354
69663,-8.607979782079028,-7.657632365398504,0.590422957511818,4.671954211015763,604.8735995081614,0.6378542353526822,0.010953223265918782
69664,-5.73149467353164,-10.951374576499731,2.962531016566042,0.8770861453135792,469.3532146897997,0.18010864004165228,0.010954383563546128
69665,-4.453123349212749,-7.300307498824737,3.858844531718869,1.6260430812472668,239.5681634845825,0.06177222832293783,0.010954690874146546
69666,-7.156291256282423,-12.858615247094695,0.993807377777157,1.3016837494067393,297.99736010005324,0.1375386819529707,0.010955851382176035
69667,-4.27139863277516,-12.003315329307611,1.9332748361627499,1.1626462682230905,296.38156597775236,0.9319035305502874,0.010955906592471544
69668,-6.6355412345803,-11.969308002323231,2.288175061928335,1.1512594875610387,468.31683503646667,0.5045264836353249,0.010955939065431729
69669,-4.133409240702445,-7.667644529813334,1.6632528753130817,1.1278198088419462,245.08076059331634,0.621867378677817,0.010958395416151056
69670,-4.242819899829638,-12.387607646050231,1.4802600857232087,2.7767578704513416,481.80828842667427,1.8611570711471428,0.010958619397425753
69671,-8.922838071576408,-5.049321535006335,3.5572659030097338,1.9043918588127353,391.17878359328466,1.4374485595858637,0.01096014620898187
69672,-5.280068681283609,-8.112921135341837,0.5291457496100169,0.9083593351253799,182.9350638379619,0.2789696382621516,0.010961339102643991
69673,-3.269836524065287,-7.440033419849151,2.54678237190922,0.9200964975974784,468.0751268801395,0.7167493994864413,0.010962938508513985
69674,-6.05310973562505,-6.800600690352332,3.918015429598988,1.5415683195469518,355.76869377675786,0.8867581176243426,0.01096438829319469
69675,-5.51748154558417,-11.158399471996399,2.836174303881826,0.946304436346879,254.74793869825777,1.0593822206064774,0.010964858706413337
69676,-5.937824069041057,-7.646327641091133,0.8822620111014513,1.0037252842200781,468.85763236664945,0.6423195616168922,0.010965646203764574
69677,-6.162419149041263,-6.680222013495986,3.39206473053523,1.0913567504073631,270.7272399191371,0.8907271761215636,0.010965729709556492
69678,-4.152518103856549,-9.481047439278278,4.026240512530898,1.7531487449819538,468.57819602119235,0.8358901234845426,0.010966314148325836
69679,-9.006093964498747,-6.966027590017795,1.5514247779419539,1.8522793779263265,442.9278904913385,0.5503553077260586,0.010966693940761078
69680,-5.641783880661884,-12.014504643288644,1.6387534523318177,1.832235632713059,381.8431485895261,1.3673041431250716,0.010967266902531784
69681,-3.6147535188398123,-8.818362513289536,0.03969196674332282,0.996400978877667,196.12013447703072,0.7138127237122243,0.010967440335516932
69682,-5.672289744620697,-7.10963705566669,2.494256968152294,0.6962066506234104,212.29009722854545,1.3102762636614544,0.010969513828457908
69683,-9.109161876546013,-5.218314663465869,1.8647913409335926,1.2721872228311788,279.5128320631613,0.09255750320363543,0.010969736230224483
69684,-6.69192158988656,-9.357133564224231,4.128900715364869,2.2362415926238706,292.13480232978026,0.03225325588181871,0.010970924049785256
69685,-4.731432683559381,-10.80042392048231,2.980643873384364,0.8934789213849762,468.96368587373416,0.0776930321096394,0.010971469427373096
69686,-3.372481149154943,-12.961992520935771,1.4229066842210094,0.5077067078337831,109.1954670914398,0.22543880703432428,0.010971562725239331
69687,-4.074501936531924,-9.770957854694126,3.737724277952997,17.979095175872036,611.2846427395133,0.05885656664456196,0.010972464663279951
69688,-3.9704273486553143,-11.876947029177046,1.8003318961700607,0.8661991683913944,215.88701160491456,1.0945778630534946,0.010972707454022693
69689,-3.142188691389606,-7.877122623893178,5.161961208013385,0.9601054019871813,467.6634254392169,0.20472898575386278,0.010974252440879061
69690,-6.927269466503207,-11.51663770661378,2.144798486695475,1.7403782118907718,416.9177366066941,0.2651178488628112,0.010974286939672756
69691,-5.108952439045567,-11.997180255001902,1.7484919968202948,0.8014165071122348,470.2938851215993,0.023061125457137344,0.010974637104177143
69692,-5.9891119366624155,-8.584336776884031,0.00727737193341768,1.3377916146126543,295.2535323735169,0.977335335274458,0.010976668202739476
69693,-6.003173386786473,-6.977610909020218,4.647922043442444,1.7615855577567265,468.0213682998364,0.027728046223724157,0.010977077484640663
69694,-5.66295975485401,-12.01616389509809,1.613039352510852,1.111225540914024,292.74078974385986,1.4712676678560959,0.010977504281596481
69695,-7.755925755884716,-9.013545890700826,3.1985229436376557,2.5173903344760813,460.033242292949,2.5950208566407023,0.010977735579159684
69696,-5.095285425432978,-8.008901868640306,0.7089034846441857,1.0921549016467684,234.27499692288964,0.21865098313229492,0.01097824405772449
69697,-4.2242042728161335,-8.52734709308694,5.015672113187428,1.3709830508796825,175.54771030615407,0.20313624557827392,0.01097857741887599
69698,-4.499742663874383,-11.655565764619173,2.495592204120135,0.9128761745159687,227.15674790175862,1.3288302863251387,0.010979178204728093
69699,-9.10735920415651,-6.80383468322609,2.3957547868467106,0.8491453223564863,467.19817713698995,0.2700028700780299,0.010982143366508065
69700,-3.8751202703828422,-7.4042394684179085,2.623179219008685,0.8745782142302452,248.28475852796075,0.5047519084842653,0.010982355795410306
69701,-3.9593052036079444,-11.890630643116717,1.6873549609621779,3.0616109463687153,505.3012857065973,1.7394593949924495,0.010984450613621561
69702,-6.310281168492793,-11.960166289644869,1.4964785275783525,1.6072789878962037,345.0888057199419,0.7489140813754345,0.010984604104680135
69703,-8.690693678863202,-5.471373785001443,4.183689431287453,5.2568532023014,574.8653331931146,0.16894818414732082,0.010984884677964003
69704,-8.832402454745926,-5.841854166233578,0.5935795943389857,1.1445196412685452,293.6106491490101,0.43701129567028296,0.010984933477605116
69705,-3.2138459374591886,-11.92381325758076,2.365747727421009,0.875788473115344,187.2269814490418,0.8922864812994007,0.010985055722474433
69706,-3.2314672836874596,-12.073770956545362,2.0891114721098627,0.9704048208796118,467.48170882138197,0.6243817491732466,0.010986531484195485
69707,-5.217146333664598,-9.879630712365566,3.6988548344058088,0.9142770642972485,467.37389069796995,0.17336037437800833,0.010987483772984568
69708,-8.377434491499498,-8.746076266001037,1.534432999342736,0.7150830696451397,146.72365769683557,0.11049128350855941,0.010987980131642785
69709,-3.4954653401200684,-10.759285331149465,2.9519054055711362,0.9076355311005023,466.75120199641106,0.5418583699897859,0.010988392805986208
69710,-5.1280098769769324,-12.407595963709356,2.2332297953034295,0.717364988378287,467.85627830200985,0.4786439493039438,0.010990372293418805
69711,-6.881451466241826,-11.388847770569114,1.4873086857087239,2.894468465813001,491.99982480690096,1.9079517800053862,0.010990495270105672
69712,-3.779505734504749,-8.903566191308855,4.620425498190562,0.9402995915038495,456.9822333041207,0.3926790217068161,0.010991418961599582
69713,-4.924024365520463,-12.341637450255584,2.152450079038877,1.100821734446788,467.2324870289352,0.6889696983585987,0.010994860965051636
69714,-7.314722164004113,-5.838916096629098,0.0791250148697063,1.0123877338459704,276.1167575549068,1.5933517603454357,0.010996689307148198
69715,-6.533538520148464,-6.3982233782343645,4.400447320962468,1.7905765874477537,468.6232574836868,0.8053433891927613,0.010999494238873734
69716,-5.286323432862933,-7.348169200973842,4.854614092146272,0.8585867637285464,242.72615553362724,1.0125889202146707,0.011001403057665162
69717,-5.761980565341558,-10.693622452797495,3.1146968588579034,1.0534886844099607,280.81554860460295,1.5670474839337407,0.011001928427820424
69718,-4.385966417504625,-7.3450703044307115,2.7933354658426466,2.0707626930736205,411.4355604905357,1.6779276975420165,0.011005491342215339
69719,-9.000974029917677,-6.0532388919204925,3.377644116849562,1.8523596812585086,467.3973487264338,0.06118409235969313,0.011006478825387073
69720,-2.845647894059617,-8.09767205865851,4.595164008271312,0.7934879206629754,147.61279827060292,0.18925396608545242,0.011006791786841634
69721,-3.116957636156262,-12.143530003405106,2.0623585650174343,2.7175495333507347,475.98971893463585,1.716912346056966,0.011007089831014515
69722,-3.181471396976381,-11.996837305616083,1.981329607260118,0.7796205683893154,163.9331000583766,0.11063921892827722,0.011007778458323104
69723,-3.1647451109526124,-11.463835022175418,2.620430863264302,1.7980027200384519,427.69032796428513,0.01314834720124125,0.01100895742084444
69724,-6.5939241210192225,-6.014529554806868,3.229670836110141,1.8238392399752086,468.33470307779476,0.5009049816686195,0.011010658274516279
69725,-2.935274320697573,-10.122819564135783,3.785327981185326,1.049426752019873,468.0394219309003,0.03288050152832689,0.011011196979762572
69726,-2.520858474202905,-9.840872973627933,3.731773000244161,1.101809470050304,285.41934034292757,1.5795359179292712,0.011011932997641243
69727,-7.231711915527393,-10.881048485729462,1.7789174755044936,2.2168072813536077,411.42727098853777,0.6654518341122442,0.01101261240792874
69728,-2.4163019719037067,-10.981155377511168,2.713850277130618,3.4387580905284314,528.2496522207475,0.8724264231069281,0.011018141718493144
69729,-3.099845391023334,-12.274309357949198,2.1413392986681776,0.6378417755532938,182.43805856844943,0.8578568043875476,0.011018485290453814
69730,-5.53946902042811,-7.324685652533748,1.9581420871767197,0.7369922259006431,210.6722853661699,0.7961314130248338,0.011019142146029327
69731,-7.916390022510262,-9.163742292076826,2.517725599991544,0.8112547306023338,230.00966694592213,1.3717907450721398,0.011020900107178192
69732,-4.586334951761668,-11.793198927866467,2.446916775761817,0.8740083308272711,467.7000677624507,0.3020147284691044,0.011021161243799675
69733,-3.156154414959625,-7.527606855838073,4.484854274593908,1.1890291318660695,277.02725723828263,0.4370754360835072,0.011021295532590404
69734,-6.9701277825973165,-11.45748187242571,1.8745728906738837,1.0554962969987072,210.72416009611803,0.8586453944794821,0.011021357883980133
69735,-4.627740540601559,-7.276429892552136,3.776107131747447,0.736107385512162,150.33548778055066,0.10485939136946243,0.011022486912419376
69736,-4.76938563264969,-11.169042200453523,2.7582024363250826,1.0870952030855174,336.2391410690782,0.9858083822730483,0.011023498219386321
69737,-4.972942520997551,-12.21658678630251,1.9952221728161375,1.9127531489802945,393.6966688062461,1.7140409751591088,0.011024417402375187
69738,-6.217171902897,-10.690125723749878,3.108711409099564,1.7747211621698615,433.84874637842285,0.52938965377587,0.011024731611361811
69739,-5.358862812580213,-7.83338410569181,0.881894613581336,0.8745124710152955,467.8399287614482,0.7659104983609222,0.011025921677010352
69740,-6.65577269529075,-6.313047870005333,1.801484422033388,3.379944959915369,481.2280810792935,0.19806397635506645,0.011031927696198042
69741,-6.645637170906533,-8.942824530032738,0.012296683249580425,1.227619823734321,259.8711962551555,0.39103888262881803,0.01103385919446884
69742,-2.932821070682188,-9.15957067499213,4.714014529808586,0.8995378000975698,168.17679817937415,0.1430199501717837,0.011035632660892908
69743,-3.979170499947112,-11.617796424478781,2.4952085603895644,1.6283379653193586,467.9095153763964,0.40227571732153944,0.011035702905107738
69744,-3.1526647867281765,-11.949329268998076,1.6216869885122713,1.277983196821301,451.28016941233346,0.45926202874339683,0.011035878333949574
69745,-2.7153473456656148,-12.808526325779846,3.3439711276783592,1.5974449672284028,468.617493468921,0.18371419660986277,0.01103667744092489
69746,-5.903371802294101,-12.717592890213814,2.048136781957588,2.082371591245622,393.450583804028,0.3878221467356342,0.011037497442421194
69747,-5.0238003272024425,-11.987879408904183,1.8101373070038524,1.5570304137686033,336.2751672685308,0.4858862323904072,0.011037498870963437
69748,-5.856422409344652,-9.517630805015903,4.089636244827114,1.0007305885706348,175.90716143543162,0.18888837682177506,0.011039388829393842
69749,-5.702599551619401,-6.996995394829273,3.1922374185018074,1.4819909235647668,330.108091603607,0.26197820638013436,0.011040077193981092
69750,-2.613926612855268,-10.550778975493769,4.2183428322167025,0.8247158847002528,234.82439715658526,1.3691582809573282,0.01104040588319625
69751,-5.176360331633127,-8.421131470987307,5.189570050466742,1.0015077821099296,160.14567228949716,0.18909092763278945,0.011043817284134646
69752,-4.783356597937855,-12.24165892680196,2.092544306126003,1.0692141869325695,287.2724011737764,1.1351576424311114,0.011045970640824784
69753,-4.979625367438786,-10.36870599656462,3.2755522282158704,1.1609778765505847,300.7529470337987,0.7512621251381901,0.011047957410701565
69754,-3.42015178961807,-12.323668074743841,1.4880339001811385,0.9520109680933132,467.4796274453522,0.29746137191592315,0.011048317483629876
69755,-3.1832241358889686,-11.863396638361111,1.692544806929045,1.0148750861797575,467.28148937133494,0.3158035387676721,0.01104926268768701
69756,-2.4098692700773414,-11.607405287282168,2.7321270297802887,1.2720793357376903,283.5000332368012,0.9863895545725034,0.011050119626999968
69757,-6.97988713209063,-11.472932214044786,2.00626811634933,1.8021663795828566,470.28765668122685,0.01643712591599389,0.011050477332962902
69758,-9.089935257510664,-6.196175192463175,2.9647663781047116,0.9927224603318655,202.98583044573508,0.11981570394433927,0.01105055600366165
69759,-3.8200908943679206,-11.891122882322188,1.853746602927415,2.6682462908033315,473.3036766353894,2.3307645603416587,0.011052277740364783
69760,-8.430761443119138,-6.694132714183837,4.7011347041791565,1.0119886603119617,207.55956531860755,0.04174598840078314,0.011055437417099556
69761,-6.917605392666418,-7.056847549800203,0.39471093463220114,0.8708045766044947,240.30119395145758,1.4630075402057345,0.011056511520377654
69762,-3.594343179397912,-11.942257185681939,1.9366221813360174,2.102604478560377,303.6909931642687,0.002734681291358676,0.011057700516857828
69763,-5.569673403515692,-11.645324119602357,2.5977572016535344,1.197728142631453,258.1540840071599,0.13778547601347757,0.01105804895611789
69764,-6.030905817417426,-7.127323101146635,1.8920504915454535,1.0264229531620428,276.03500351542976,1.7397413379661595,0.011058875147959389
69765,-4.567842727915493,-8.504983982360871,0.23743961627586632,0.9406454615896715,468.52161981675954,0.6017184942261613,0.011059001614141513
69766,-5.710847945327916,-12.703578580332795,1.4109661047574678,1.684098348666862,468.4639200698051,0.618658682956851,0.011059285832030339
69767,-7.84697825944237,-8.453787695882342,3.87683812731079,0.7352883189129804,146.46944365640388,0.157797475948656,0.011060329177418046
69768,-6.4367066363877345,-11.768701896149285,2.498571059927218,1.874460542167851,450.5027288338388,0.2923611615352941,0.011063981161617166
69769,-8.563782873487758,-7.483002079179637,3.7618319124791904,0.9522195881125373,263.7034374207342,1.384185882225137,0.01106587897634047
69770,-4.097806250555248,-11.872938251081797,1.7742172409765922,1.5398187166554034,468.262305400654,0.5826650721704167,0.011066821476494307
69771,-4.181007420986726,-7.586033994064577,1.8967381722318852,1.2379030302623837,219.6940157350213,0.060676094717075024,0.011071915063022205
69772,-6.318410752021554,-12.375139321190137,1.906496072736062,1.4782112542393966,334.0625386837148,0.16552028954436881,0.011071992381307816
69773,-3.9052149120814246,-7.468792047266569,2.331934987329952,0.9171671292787135,235.99160877911532,1.4064855568253574,0.011072385431343871
69774,-4.090318959683255,-7.344087570663291,3.837534658935544,1.254468613589215,289.5792433343911,0.6631143427285311,0.011072953978667836
69775,-8.771814092987237,-7.948679509552212,1.3405081802741143,1.3490282969075862,320.04471888387025,0.978117749463145,0.011073830867128159
69776,-7.087408555140003,-11.067446827200696,1.5551840166249957,2.3669881170411227,444.90345363534766,2.2424237593873926,0.011074177968770162
69777,-4.717909824455962,-7.528844478368597,4.97399848720405,0.9472765500682918,245.4810469108395,1.4011562889670328,0.011074876465711177
69778,-6.493309920953526,-6.267379692910998,3.0323725285670475,1.3285284670495627,324.03117037618154,0.35659094958498283,0.011075630414387022
69779,-3.8833336763380117,-8.719702803338635,4.811983131848836,0.9593879415346784,180.13101324630654,0.15557682651317872,0.01107687608133222
69780,-5.337937246135538,-9.280785260884318,4.302812697023699,1.7877962425928284,379.642724296417,1.761412576060632,0.011077837299873607
69781,-6.031277049006771,-11.977824689456215,1.6457835702470107,1.1162994257678869,270.9424919785914,1.263244327303907,0.011079548242066107
69782,-5.412938896486113,-8.505171891176612,5.143619297099557,0.707767144515777,402.8385491007414,0.3677752699477628,0.011079919921047177
69783,-3.9856474595586384,-11.928673908389364,2.3164354454314244,1.8116602696442923,467.74414899424363,0.42301127998225674,0.011082530416887998
69784,-5.594557034001922,-12.629181116704068,2.086536648383599,1.3892317652864143,312.53436218230286,0.527005195298865,0.011083225117696709
69785,-3.0215357461484516,-12.675176174515315,2.2101447052536405,0.8508786068791252,184.99274508765842,0.20274643232260114,0.01108342446615841
69786,-8.663349336780458,-7.797612636090642,0.6932308388350656,0.7387315096057879,212.3666753909154,0.5295449757914197,0.011084280822550438
69787,-6.102088992217777,-12.684571597171947,2.2243260558580453,3.047827344375366,502.22202200811034,1.2997568927586807,0.011084334310300297
69788,-5.453891100051135,-7.9650028914444375,0.6689588266944212,1.3062899389844538,284.03863844232984,0.12965341253649054,0.01108469070135596
69789,-3.372652868509057,-8.169719435553784,0.636976380877117,1.5028616737716343,467.68041169318246,0.4176891116675767,0.01108482812083392
69790,-3.423892932901273,-11.927503740565925,1.954032127454419,1.9069905883705163,467.0371574933317,0.48866241350058726,0.011085297293286878
69791,-6.5972593383682705,-11.704607864068693,1.509826676815651,2.8787824719049606,490.12063675718844,1.75984215547048,0.011087815673730218
69792,-7.24591405514734,-6.763252005114521,0.09863394410384504,1.8493639316055517,443.55162070617325,0.18189035431087763,0.0110878358108566
69793,-5.759250216402906,-10.936006512603434,2.963710292591971,0.8267160880977841,210.84091301856023,0.09560349612538221,0.011088518232080905
69794,-3.00968090208947,-12.745202875337576,2.2454382524471126,0.8334370479989227,166.37094974453416,0.05770577406990718,0.01108971999521357
69795,-8.888137470368694,-6.408542254909609,3.718555156008989,1.7519094585110884,468.61426829181744,0.5426566460911673,0.011089903774904203
69796,-6.395481067289459,-7.261009757003932,0.9708098357594603,1.4441139150223516,339.0714584064997,0.8625066268922916,0.011092101586111928
69797,-7.929643473235757,-9.470461201090874,1.8389199860636816,3.1181082431094578,509.381643907421,1.6223134360623046,0.011093263732545149
69798,-6.085921893161068,-12.672795548832887,2.0148214514887712,0.9447056207152591,263.7931917570859,1.441269446827964,0.01109328611241022
69799,-9.040316989093958,-6.904763839759379,1.7468673203649194,1.0161289090960597,190.71882090813128,0.44691508898143173,0.011095935751934244
69800,-4.875452005021299,-8.559427493100447,5.0299947012814235,1.4074430626942023,312.8893446292383,0.011852401673609236,0.011096422104491544
69801,-4.750245248349302,-12.20341570867042,2.1016896028599623,0.9295320958212937,194.68989224609143,0.8102453742474038,0.011097719624768965
69802,-3.1837379634901044,-8.725034295365585,4.853765170652903,1.3355441587233532,467.2518822581672,0.5849103651476328,0.011098154569954173
69803,-4.638835281594585,-7.78118693810158,1.2893538438748646,1.3561691885200349,468.68148621639244,0.5671600651749875,0.011098542499579978
69804,-6.010653390452934,-6.830260286799221,3.099268323821168,0.9245310505463632,246.5250536437642,1.1130589461355056,0.011100480729253431
69805,-6.5882880868866245,-7.23970169762899,0.7422140852853423,1.9771101823640902,379.00137089105095,0.5694614896726682,0.011101073127506907
69806,-5.804656621077978,-11.547250462831984,2.6565319872415207,1.0343924055501024,468.04792478780223,0.7006915574084216,0.011103079453146444
69807,-8.946931308808159,-7.3977537460364555,2.4465032482335345,0.9225138800544693,181.3141899660011,0.16994295057968412,0.011103335717730672
69808,-3.406408932862054,-7.375941328526039,4.032891706932097,1.576458097343115,325.38154225618433,0.32502799986296527,0.011104027987869991
69809,-3.3175194496165874,-11.886821442035954,1.9201481390969517,1.6247764232532829,358.82029330668144,1.7064041486029167,0.01110428497686326
69810,-6.066848009484769,-12.56140198904664,2.2744774420600162,1.369874147688213,324.19609279827665,1.6040043008762774,0.011104413986219717
69811,-5.302559525254059,-12.244346565002651,2.309199185747289,1.010826564515916,277.85228792405155,1.0697821641871599,0.011105344476184225
69812,-3.9558545097998534,-11.176171809070638,2.7078052313643632,0.830341540036504,217.9513982237586,0.5238983117820206,0.011106066793121686
69813,-6.778277214672389,-5.277680291319103,3.2268433957818825,1.7382566117927316,412.1372877476096,0.7093589463171321,0.011106319568436355
69814,-9.15052952082911,-5.133642328461538,2.370250979398469,1.8472975275115333,468.5041756688345,0.323743640943956,0.011108545962887559
69815,-8.038700915683615,-8.705403308601214,2.9964014332419984,0.9359362572511427,251.2832655879246,1.2650835736562422,0.011109534925048896
69816,-3.2174166349384423,-7.412230734763246,2.765006585295167,1.269596116052099,254.67556415138338,0.19640071337714549,0.011110571138360453
69817,-5.574076598236718,-12.420555522064694,1.9860733766673209,2.302086200966202,427.22563560730816,0.8831015534685394,0.01111060444451845
69818,-9.095596514222748,-6.615756296823714,1.916332729576635,1.6209186438025234,376.51134414004247,0.7266689246673446,0.011112254138415344
69819,-9.130881115645476,-6.168594739822895,2.6625625783703066,1.239145165819886,468.1013490740872,0.7316542698872768,0.011112864851906969
69820,-2.342313620677933,-11.373668814285427,1.977012202223892,1.4681551460869766,321.00902671786747,0.22717845882959864,0.01111513524308451
69821,-6.829767698257056,-5.162669427885369,2.07594509503419,1.0219958705664651,270.26272660686857,0.7668381367983672,0.011117695483604353
69822,-2.9844077267653333,-12.77073669888503,2.148550807621539,1.8302567212454572,436.52102909844047,0.26064402341483195,0.011118302117940779
69823,-3.329555128147107,-7.617873962876215,4.901155554417597,2.9896627369492776,495.15246697921646,0.32972958633746163,0.011119035026818927
69824,-3.5904110703252003,-10.277426539528754,3.2894685544030122,1.2924291258367926,468.2890805816965,0.3985992656289854,0.011119650047480957
69825,-6.020603167486075,-12.210603132354695,1.831805618081441,0.8039983077343528,173.7017555307529,0.2791856761137472,0.011120904484123189
69826,-2.799229426883384,-10.625177752750771,3.74898140202342,1.5122565174014717,332.57594575883303,0.7544573390506732,0.011121549124985322
69827,-4.432806931770567,-10.739095804082353,2.9866865887159544,0.9453028770793923,181.0219193048075,0.10835720729228449,0.01112307051588468
69828,-7.341674119166353,-6.172181220239162,0.052755221820094594,1.0760337384323146,279.3768323013997,1.8121939484088552,0.011125811768009183
69829,-7.351180634622752,-11.431888513373035,0.36737398888521117,1.0958422600511855,237.85582344209806,0.7033293675688297,0.011126246649494355
69830,-3.552589651432382,-7.623968222963693,1.8562783499017206,1.54733834527406,352.68852051005416,0.0029691496675834372,0.01113251681193464
69831,-7.063437804672662,-7.433812714250105,0.11345713410514774,1.6530214287474216,385.085706062442,0.2080028616182954,0.01113263271077342
69832,-3.643034364561995,-12.84764814297293,1.4259943901283847,2.5331805516320833,461.2235394350995,2.3970186947557357,0.0111329744586989
69833,-4.51593463694124,-11.605211915977854,2.520705549380656,2.5782078388492935,461.373053336006,1.3780806399075365,0.011133620062730415
69834,-4.920252387904689,-10.498201290674988,3.1776590382386325,1.275595555509786,282.9294085962258,0.897539416979451,0.011133652634475945
69835,-4.83211393757479,-7.536165704855938,1.8867833549784538,1.5348409395334726,349.08406111277515,0.26484722575019415,0.011136999018024335
69836,-6.482739723261318,-6.295851513727465,3.241677954209581,1.0144157259650464,228.85521984895587,0.2539010984284644,0.011137589340417057
69837,-3.371771629529354,-12.042065888063885,2.1591301490383836,1.0659703308096924,308.41352091758694,0.7898400150095846,0.011137861109447627
69838,-7.602267913461848,-10.689769393954577,1.0010390717187496,3.917320005142704,461.58050946928745,0.0601241912319983,0.01113817250228883
69839,-6.035029687080598,-6.906945925385031,2.495812631999932,1.1138040872676376,435.955128199423,0.07351644192912321,0.011138576552983928
69840,-6.331739743303188,-12.684654571802582,2.1051126992036147,1.2496129068953274,269.181700201918,0.0820099961466676,0.011138771484312481
69841,-2.9359086731093855,-12.044224564515956,2.7502222980934303,1.1040232257864058,220.2121737684063,0.5365592374495902,0.011139588061757522
69842,-3.895921932865649,-12.04812250396646,2.21581518485196,0.947089814234217,193.3441114353043,1.0699324068679799,0.011140134303059773
69843,-2.89718855121264,-11.43454074465307,3.0238986421997334,1.1896207816640545,304.350122331317,0.3114339768924701,0.011142307747263495
69844,-4.0692120930972,-12.45058501013185,1.4679912819014918,1.2604036875584286,314.1064548815318,0.4418690934642404,0.011145000746617752
69845,-4.80637849966921,-8.964666397643022,4.593800100950163,1.06492039322627,211.11770280436488,0.03663320907520884,0.01114653272691867
69846,-3.275420079377227,-12.025345316280877,2.217459147449961,1.2902907738784726,315.0566727601222,1.784306184402113,0.011147657151637605
69847,-6.605534013492179,-6.91168702904983,1.0301350651282033,1.179171437870375,300.20249375101304,0.8657107057978903,0.0111493100469614
69848,-5.223747699755275,-12.3361068239556,2.066622973953685,0.5871641056717107,118.89336281789883,0.1327307472064856,0.01115286872899547
69849,-4.383340815082418,-11.17782424940346,2.7192269583633504,1.680921705941461,394.4488902398443,0.4485903118470267,0.011153678741970336
69850,-4.470573485376409,-9.324384645985193,4.191530481493205,0.8757361120598329,211.37898564098154,0.8494281725660651,0.01115412041083542
69851,-4.098451881501337,-7.417017779744167,4.421502083316996,1.5521447231974201,347.3264389864504,0.5261326377474722,0.011154150361976329
69852,-6.361514643345134,-12.023939065618626,1.7696675120008645,3.7456524199706256,550.259171634166,0.8516823392354258,0.011154261048945032
69853,-3.200912689279855,-10.853199460230218,2.9088342057377523,0.9999764890791453,217.13979872394876,0.11698639140945222,0.011155382501994065
69854,-3.749446492303977,-11.93602458287894,1.5920557487469802,1.2985241792231639,311.7696982006878,0.9887163694503416,0.011155587486392064
69855,-3.63748398400653,-11.919648607206582,2.2904848253216312,1.0068454531806634,169.69165062427388,0.16273661994740163,0.011156105035676675
69856,-6.520026123043712,-12.478768284893011,1.320785030582602,1.8331249095993896,467.4946553867667,0.3191687242894288,0.011156299302007372
69857,-3.927532958578359,-12.538180944305845,1.4570713566509765,1.6229912844880627,378.7566728450177,0.05888268100668448,0.011159435402456687
69858,-7.349771590849547,-6.617077227281181,0.05510932206973511,0.8987396211833881,180.9446138288062,0.10825494260322088,0.011160026250321668
69859,-7.1163074665540895,-11.098876945406275,1.7809716113597407,1.8685352966565034,468.9888065051324,0.531184028880042,0.011160301417657652
69860,-6.830478484212225,-6.331536583542775,0.9470904642085114,0.7119116066992037,153.60662495700825,0.05606597537383795,0.011161064326430178
69861,-8.168556397740613,-5.127771643183486,5.02872666032801,0.9508747539706688,467.32038782070117,0.06681831193380638,0.011161702780277945
69862,-8.37991746682025,-6.521174235704214,0.3530866248279846,1.3107575050248286,323.76300419358336,1.3780364586285687,0.011161760388299243
69863,-4.1254769135294485,-7.321663001904197,3.624977412047552,0.7272885704189902,221.20170915380115,0.9015194555843324,0.011161898773838339
69864,-2.3330048688441423,-11.32200133111724,1.8622174589170974,2.8470859385900535,460.60604877605283,0.3324960595104338,0.011161952983384753
69865,-6.421831336714336,-7.155203038241413,1.0602011130544668,2.058916837464441,401.15364619990686,0.9151855353616289,0.011161974188816325
69866,-7.210977443667472,-7.746179661220802,0.08746724343386554,1.832799711836083,437.59941359334005,0.02792638772699263,0.011162138991122969
69867,-5.8768474596989915,-12.747511375193982,2.1167602283818687,1.122499259600199,468.1174675149644,0.7404963360046848,0.01116458502831846
69868,-3.622664642065746,-11.179272777741499,2.695215562443839,0.8751454689943613,408.553270792066,0.023940912840608064,0.011165703644240898
69869,-6.35452371217223,-12.27201877020196,1.8835107475568476,1.0121160157312934,270.66537906843894,1.3092274623848263,0.011166679212625576
69870,-7.278293986085501,-9.147925558279638,3.850102677717955,3.456695670991872,219.91391070189707,0.3189626832635266,0.011167478367180652
69871,-7.407633803739001,-10.174317773723853,2.408416395945379,3.235795615315207,516.2306113353635,1.185545432658178,0.011167697913864913
69872,-4.233293823223665,-12.582981533125572,1.452502136000888,0.9487846160068923,185.45314656672798,0.17887734131238542,0.01116845893895661
69873,-3.73021069737585,-11.876147865430362,1.8899926498530246,1.6598290081180722,387.7331863857341,0.23260706602358994,0.011168860017275935
69874,-4.450033027842554,-11.870957030346718,1.7581636512575132,1.5634151539968675,363.5727558984572,0.8633769170000054,0.01117065671941855
69875,-3.2516969400224927,-11.95945576318039,2.0418410419456494,0.805373883277583,231.2190920855952,0.31889649168111855,0.011172010233619602
69876,-6.636464720316532,-11.50908573421905,2.503058261915254,2.4074719615797764,443.6854118839629,0.5219463923816283,0.011172979301243025
69877,-7.032406855836552,-12.540856297046949,1.101017706753531,1.1115800067520403,468.1663865107122,0.2759889167275613,0.01117576958185745
69878,-2.544019200149231,-12.64415119102218,3.8096288160469864,1.2406635921084914,468.5300696993813,0.2854069006365618,0.01118128339593235
69879,-3.044693991427212,-11.928913799389566,1.778053663105955,0.6882351098513351,193.40880203099672,0.10165416618920453,0.011182291696376658
69880,-4.8142474581042185,-12.064287143932296,1.9455095751004883,1.077768670465811,467.9137144210506,0.7692495475988004,0.011183775933052992
69881,-6.862672382469557,-9.68342216268488,3.6717072402900386,0.8962164609757284,132.09768821673097,0.18389237299451722,0.011186587097799088
69882,-2.7462639369218937,-11.535952035205463,3.4889224207757534,0.67726245982957,136.61643293726172,0.010237451304752732,0.011187855818982595
69883,-4.796869457350795,-7.665850166913194,1.5307372559325805,1.1081644631066672,468.0040373160649,0.858852074572841,0.011189443800375344
69884,-6.538703206845806,-12.816286834490715,1.282347045131788,1.188227687454865,284.88224841817504,0.4224876150240595,0.011189865511968357
69885,-4.716663767414056,-10.657299892423815,3.049576346825269,1.8131530409012022,433.09522179277945,0.11807010858585798,0.011190991940034123
69886,-7.897236113129785,-8.873408897047836,3.0719203061939195,1.5185407229883796,162.48094191511913,0.2737577684990091,0.01119310924420644
69887,-2.9932783824403186,-12.129857846497128,2.6012994060582506,3.7576250940164226,552.9502769342012,0.9938420886431318,0.011194565835332859
69888,-8.182296197556907,-5.9359640914650855,0.2198601121533908,1.8133959825000472,433.8783977563158,0.588993971343883,0.011197565427797767
69889,-3.8829197136897715,-11.84470441307312,1.6915807338785889,1.0586990402896517,251.14278054720737,0.7097892423879903,0.01119787757170937
69890,-5.466330442610868,-11.974962703335162,1.7388156880021919,1.1718309837884613,299.0593367061448,0.8452090191859716,0.011199018144454025
69891,-9.112872279218493,-6.413152999300138,2.736826017151151,1.4302431345002917,338.0301294040034,0.9147285923124349,0.011199898808657018
69892,-6.862997672972426,-5.156333115974567,3.789027751004526,1.72651034919299,467.9235703505478,0.6518911846109168,0.01120117428028489
69893,-6.805690495994813,-5.202990295399784,2.2858932621331585,1.8494168809696088,468.96939926609065,0.6330832074862753,0.011201329267107244
69894,-6.288183063130781,-12.390964950985092,1.9283381698402182,2.6419165108268694,471.21476706917804,2.461442096369284,0.011201898674885939
69895,-9.05644875813209,-5.680373080228975,1.4300667439174646,1.3510663257967876,301.7578313610982,0.6121154822972503,0.011202247186813695
69896,-6.974734835310198,-5.911824289826243,0.7488840201596232,17.05548388598182,846.4147166937411,0.2565734194579141,0.011203963519217751
69897,-5.690536945854222,-7.582844525557871,1.212841533067849,3.199423956326697,514.4773736377872,1.3475099486550457,0.01120442434506272
69898,-7.134675754439725,-9.734933380035992,3.355264330603481,0.7261547964853473,152.04250464422708,1.034685366520086,0.011206367763168837
69899,-3.4685517088750792,-7.773026108132092,1.4441857388765809,1.1158476542484996,467.24818522253,0.8084689658379336,0.01120688263654788
69900,-8.44537322015637,-6.537818242215517,4.707904624342056,1.6482558981599829,390.2462916503704,0.3364947883225229,0.011207687413472923
69901,-6.512406367279065,-11.246840320363715,2.7052469955426335,1.0394059218944018,467.7872017371586,0.5901808302563429,0.011207876601021955
69902,-4.532889561157839,-10.923159622753765,2.8755972193767647,1.016653638801673,279.2538821509923,1.3353313104405027,0.011208296411970856
69903,-7.888774008756519,-9.582417604000067,1.717131093476109,0.7753274584017937,468.9973051780145,0.18746816580064252,0.011212493456602288
69904,-5.079977730385994,-10.45305836883972,3.215819251321731,1.7703202871890102,468.177638322063,0.4098973833250037,0.011212793681791405
69905,-3.3302691670232187,-11.277455317340056,2.638518893042963,1.8637874269552472,468.20573557934193,0.5487886145920848,0.011212954614311356
69906,-9.113391733166127,-6.414323781262601,2.728926199535653,1.736423753649722,412.2188945878435,0.6246572426068004,0.011213117124959813
69907,-3.321241558961706,-8.435555855918857,5.05535064269256,1.192307825908656,282.14653825185934,0.29534478942163833,0.011213205067920748
69908,-2.830597630466328,-8.513248256374222,5.064013208919041,1.4634243489028758,352.0011030992582,0.5671141545182063,0.011213517346470999
69909,-5.383016584946231,-7.118599071689788,3.4104186762862985,0.88249956557383,206.81166489668533,1.261827589753449,0.01121405067713959
69910,-6.791388358456002,-5.390168024941674,2.183825320340441,1.0746512620905153,277.97432285686045,1.7417573904136843,0.0112160336279774
69911,-5.3772373510874285,-7.470815636618151,5.163439641202956,4.597510049454166,599.42938034923,0.5774056967990555,0.011217116158626469
69912,-5.842265630123531,-8.900184295407849,4.762915430831427,3.6868351180288923,548.6304935368368,1.0720239074107853,0.01121768402140531
69913,-8.928160846169447,-7.383744310039126,2.6122411763145785,2.7807052706137902,310.90410879404186,0.08007527308076767,0.011218623114722699
69914,-8.86488952902674,-6.270161395258598,3.792418351785307,0.9088808750967456,467.6365651189872,0.7584902312870119,0.011219072956609389
69915,-8.812755536570165,-7.1053225983468025,3.5411619741110005,1.4417301083713785,467.94624784044464,0.615801229362579,0.011220441322535387
69916,-7.174673879773226,-11.08419351156888,1.3360902023759096,1.0215840178554343,312.685082426152,0.8656187769962793,0.011220505308279503
69917,-8.50854149490982,-7.974791053231,0.5870424616936704,0.6254016566512053,171.7365179546952,0.940672006402262,0.011221945757446125
69918,-3.594250106198981,-9.648239630908545,3.828086003117992,0.9591323804487164,188.54408650143657,0.2502463681595204,0.011221973604984775
69919,-3.9497020098856686,-11.276457910308896,2.6411449369624806,1.6753676465184624,469.3730667578121,0.21864924855862267,0.011224546301946157
69920,-7.780275896322503,-8.253827845031232,4.29181799250192,1.1536858787550432,200.70732498884556,0.10035278399440184,0.011225004611401674
69921,-6.4676718089637095,-6.496819417308476,2.2615965669475133,0.7419518980195281,186.53877646401963,0.6427982534380394,0.011226292286278675
69922,-2.86805148902097,-12.448321245265959,1.7705339294131826,0.9034633264507244,249.15666369186187,0.6270843007951852,0.011233972786439847
69923,-6.420992590519427,-6.41050318465238,3.4922966315388635,1.0468698201010531,276.8583876148072,1.6612384104071225,0.011234085701893505
69924,-4.227567519446874,-12.050369863356972,2.088885365633705,1.039873665278759,273.18462572666715,0.28313429425208625,0.01123414208981744
69925,-7.199037188641215,-9.941525915390965,0.2243633847084454,1.8224931826989132,467.9842175143803,0.3176822019441019,0.011234666968379284
69926,-2.867296920353164,-8.591131724713776,5.127406533120146,2.7921088771270113,466.93966461263017,0.5696754572717451,0.011234761506914968
69927,-6.830769191886721,-9.792383621085586,3.584611438318193,1.233262023921222,308.3743729431316,0.7243307863220121,0.011234768919092104
69928,-2.816363377165482,-10.441870784403882,3.797645417978925,6.004433775450319,649.2487973920946,0.2647312382245568,0.011234913492343986
69929,-2.8288581852113577,-10.204190064377283,3.953177231449002,0.8779928812890977,407.66451110387084,0.7269751420077153,0.011235796110759146
69930,-9.020652830631855,-6.92005640476145,2.9243775902419253,1.2320741913156976,257.6367492082825,0.15427872377595175,0.011235865463135585
69931,-5.488431581140061,-10.619257837214903,3.130029062901857,1.1290118880394606,466.9155791427468,0.6035380221047424,0.011236328246944647
69932,-5.083866788020664,-7.525950045627149,5.102729134688138,1.415178453446572,322.33785053673927,1.0597233732290112,0.011238142263198745
69933,-2.4865355780457543,-12.463177184388819,3.605381514027785,2.2732447849019595,278.22479810428683,0.09138757694389721,0.011238481999956406
69934,-2.8031136229515727,-12.635480948982444,2.9942187209608653,1.7027368749791072,400.9970965550554,0.29417713418647473,0.011239147381673966
69935,-3.6553360919127282,-11.246761376338663,2.649626361209388,1.1439160151975913,192.1425317926085,0.12890021315019418,0.0112425637989693
69936,-4.825096028138979,-10.46951266101373,3.1874287615747248,0.8106381767461435,165.35808624760458,1.061232999682499,0.01124290924811595
69937,-6.574512901475398,-7.74434201511029,0.33301985250398725,1.5603070509870447,468.38568138208757,0.2427893143735087,0.011244176822338572
69938,-6.322463145417352,-6.627556311957545,4.1802217753153945,2.8955255617247193,491.176596786599,1.6214839635617864,0.01124450570156793
69939,-3.8360460703611636,-11.826680663696411,1.755388500748373,1.0962838733925317,284.38349801792424,0.9054761566310798,0.011244734929625739
69940,-3.7207056586443485,-11.923271906592552,1.9806763007302812,0.7439323916239895,143.80219660931175,0.3595798776363077,0.011245985194595376
69941,-6.570479526235496,-6.53743857538564,1.7951747927992667,1.0694632031361861,285.79964023902875,1.2154249694265982,0.011246430450963383
69942,-5.027867459893952,-7.364379580716543,4.655705498566522,0.8159550291557456,196.47714578461276,0.4821958989308319,0.011246670048078443
69943,-3.9481414980499743,-10.797297309108012,2.9202150836614864,1.7506716609360085,465.8578682342723,0.8914322396621825,0.011247957885432683
69944,-5.418910871759117,-12.402279742384339,2.0421206348145464,1.0690275300677423,280.193390870075,1.0541952389587212,0.011251900009318382
69945,-8.947107686992739,-6.853444968395133,3.3148428592784165,1.654918808056842,386.84465443784427,0.21630124891300806,0.011251929567159629
69946,-6.849424947545225,-11.805618064898312,1.3099812809849687,1.644570262982446,467.8968115527738,0.5942795105291845,0.011252537465976676
69947,-7.44111749265719,-9.833659121730363,2.7443617964419746,0.8786879694038242,467.99110550771877,0.4606953185293241,0.01125595026861146
69948,-8.384836652067946,-8.714447880572322,1.5810534499707651,1.1337654567666755,236.85699171534011,0.2562332496179378,0.011256283035999938
69949,-3.387041383430378,-11.52842390202301,2.4917010931511347,1.235451496282179,298.1309956723516,0.9919716344727663,0.011257000005949152
69950,-4.323785102752145,-12.06531136948934,2.1483478267527256,1.7586277416604421,415.4219601215963,0.5481285723258082,0.011257944421696565
69951,-6.741369333265596,-7.507106880028343,0.3517200716087187,0.640826453582444,160.40535724806716,1.0460585878878357,0.011258190422958735
69952,-3.54910560858717,-11.790030014823966,1.7375544110252845,1.5718098104788634,468.71490676187415,0.8283334889305367,0.011258195995141919
69953,-3.91719780881286,-11.406438889576823,2.5755369746683745,0.9064565294686586,258.51097336140754,1.3350375689302831,0.011259113861215328
69954,-8.449546980345211,-5.837680917900812,4.692828159795185,1.4801734499668895,467.8875921381657,0.06327270781312055,0.011259718756884075
69955,-3.554153227532674,-8.24022248171416,0.5453334746179321,1.070106388013787,282.9825802443084,0.9853887078030787,0.0112615621764346
69956,-7.183936277609333,-10.798675440231138,2.226916704778789,1.4794108821457639,335.2920355147003,0.37659724259126914,0.011261721272847573
69957,-9.031814915839217,-5.4708721305571055,1.0119026074906226,1.202969887804035,454.3161671398731,0.5088923426907783,0.01126195246464534
69958,-3.312667753651409,-7.53087119518024,4.691085789875506,1.0611505084794104,284.65412117531764,0.634495042040716,0.011262205213552062
69959,-3.7127997449208383,-11.837489790788727,2.3253253710493254,1.5437853568067863,357.787641379522,0.35688636551000297,0.011262319435124698
69960,-7.748984256364739,-8.846828534857167,3.45783892226267,1.205351060380429,250.92251605945683,0.039353983691445826,0.0112630903997572
69961,-2.856006739706335,-12.465673838043449,1.7155559279139072,1.7518273454606108,415.6444921554726,0.25276231103166147,0.011263336511192802
69962,-7.164286917183962,-5.008488203325493,0.39625112275949814,1.8382947998184351,383.0465201199099,1.3145023921252141,0.011263379169859518
69963,-2.4507657809149794,-10.763791411231873,3.106809022458661,2.0867770422779985,382.2843537462457,0.18892904627052332,0.011266178288864566
69964,-3.9962825191022064,-7.330778978482853,3.50188003270131,2.6820099053144175,474.1477220203765,2.1595149163548344,0.011266913202149821
69965,-4.529363016948046,-9.181064918577498,4.338827967993191,1.7814974565681145,450.8668637595297,0.14907821155475176,0.011270747154757845
69966,-6.513415625240105,-6.327775451075371,2.559662660421929,0.8325611914977566,467.24271538337547,0.5449877994406771,0.011271921837346396
69967,-5.905369790661339,-6.979767150731478,4.374116484350356,1.1752716224442272,301.0128238108516,0.777344290900559,0.011273107780580145
69968,-7.338747008219576,-8.572699416906284,4.517080451274,1.3003096880422058,280.65244932182065,0.8422309194771573,0.011273343028995512
69969,-6.934683674908842,-6.8965618777492885,0.45733693625722754,5.649046800337235,534.4113991085445,0.07607912589363242,0.011274449651589215
69970,-2.9564837705192666,-12.487373778064542,2.5587688977385405,1.3688485876681062,447.2476849580229,0.25555251288419445,0.011275503138383512
69971,-4.827666419043059,-11.956675925526161,1.8692490632184997,1.0912513097719618,283.4910040223265,0.9342472344705763,0.011275564050686235
69972,-4.153461947711131,-7.467781402448722,2.338954944211032,1.277666017917455,318.6859731230323,1.5657107438767204,0.011276351084366185
69973,-6.250244185685738,-12.379471809273593,2.283773449129721,0.8179255112140249,200.2219995694003,0.2205816935539362,0.01127765809796651
69974,-6.723690943012544,-6.095129035335909,4.42732922303314,0.8272431672460987,468.4945540643835,0.2036057949020771,0.011278737169779798
69975,-5.715316757913728,-7.0027706756923465,3.4831506228624223,0.9624287826248213,257.1612788964785,1.657464967436721,0.011279554346971333
69976,-6.685049854817802,-5.815621283216554,3.343279665798387,3.2286603025678047,516.4948076594287,1.2957477859659177,0.01127999697923909
69977,-4.194362944255103,-8.960976968677883,4.557814664559556,1.0242111348433323,217.41871893004625,0.7409232791371503,0.011281219433573018
69978,-3.788107908632428,-11.364387707369996,2.5912830177032413,1.1012200839916848,467.14978778394266,0.0702273895622243,0.011282778026359347
69979,-5.2753838020184975,-11.765480564222708,2.4995398977605903,1.4421799438488925,320.52835817889445,0.5074421012988859,0.011283273880951253
69980,-6.151657856941917,-6.7448209472459135,2.935516020068007,0.8826486666241798,249.92964888581676,1.4818290419914657,0.011283900443162319
69981,-3.2315519461530204,-8.739628739321425,0.14714902308130773,1.1068833675882046,466.9687071615504,0.40129415102467814,0.01128502034375303
69982,-3.057503005294759,-12.377106733722247,2.184525730831498,0.8577899167950118,469.4105027475976,0.060563424731108206,0.011286952176436868
69983,-5.882475235262965,-12.032378420466348,1.5252770233679291,0.8650156596225826,249.71776212098396,0.2951779575661826,0.011289136693912261
69984,-3.329688348751258,-7.381105529222561,3.997607718948372,1.2397754144433686,307.87325882851786,1.2832470062074206,0.011289456336441817
69985,-4.546041914598713,-7.40585400072219,2.4252645065939498,1.6739596568090584,392.0935719951126,0.3474399574594669,0.011290422516493571
69986,-9.00803274510916,-5.093574784078495,3.251489645365131,1.2711744687530968,317.21854010768885,1.5209057886895794,0.011291141389241793
69987,-3.3541115469099676,-11.866261704431734,2.2946199978372226,1.2522722704138514,260.3263770770696,0.894752826400711,0.01129141055131615
69988,-6.263837680673117,-7.054876557807413,1.6386861744783032,0.7656897448705863,152.05956112385783,0.015329286493540373,0.011292394774137422
69989,-7.2931311875631595,-10.374878075001714,2.434886160167208,0.6363862133085318,136.4192962256978,0.8995195987772968,0.01129468007046194
69990,-5.442622043445795,-12.384942784334509,2.2465009749623266,0.9837974332313104,469.3585324659557,0.006187960006644566,0.011294733423236782
69991,-7.101319726594559,-8.469093136232434,4.896529401973746,1.7770265414680966,424.3809473024961,0.8971601730279994,0.011295003680360353
69992,-5.654870699572798,-8.192678881048717,0.3638034218652922,0.508732437431319,109.76106667014963,0.3650077250935402,0.011297018425450955
69993,-4.613495460672953,-7.304730922473994,3.8773571911484583,0.8950072277992722,469.7479404600342,0.17092345328167635,0.01129721729626209
69994,-5.085082968363687,-12.237733273751907,2.0807210393200863,1.2043050541680203,467.8612721996347,0.2862178544125529,0.011297595282728196
69995,-6.691345773640931,-11.178439948143543,2.6346931025703793,1.7142557039372672,467.82826757487425,0.4351065209855651,0.011299586038081776
69996,-8.928766888295986,-5.699977112596953,0.7571328618831703,1.7089102251332833,402.58710450194326,0.5132437934888445,0.011301750478465027
69997,-6.790603992887382,-9.130465203404071,4.3213365014082505,1.0847339552503374,280.06053085290137,1.830982514978568,0.011302146888795224
69998,-4.661805736527864,-7.293288960778995,3.899987750471542,0.8863462327111841,254.1450368930337,0.6256678793888479,0.011302556330322368
69999,-4.702160150300605,-7.272894829725129,3.4926451256195765,1.1214827105601628,260.43432280316927,1.0511010065331048,0.011306873474997545
70000,-3.5180404125256555,-7.356573190786704,3.7084694014768935,1.7087698517560514,405.3150366598274,0.9568811728053124,0.011306926810432426
70001,-4.6976947723145415,-11.878792030188164,1.7891649222766337,1.1062659644691952,293.78430254099885,0.7496409702127851,0.011307791883235005
70002,-8.994653812906222,-7.2130623284515645,2.565630302710297,1.0713864812289169,254.13900627504242,0.33286467644126283,0.011307852703855542
70003,-2.8389913872985186,-7.889133430733843,3.717977182138267,1.038501649576204,457.7330053404325,0.040572172213415136,0.011309361659704163
70004,-3.5466352387652247,-11.11883736908683,2.713993838734447,0.8542077442591776,222.9553971469565,0.9755797574625804,0.011311670207540233
70005,-6.823994103273721,-6.2911411805825495,5.004505394716359,1.2917611518369179,138.9650639083416,0.37561939584258663,0.011312074720717076
70006,-5.9712011681278385,-12.507224835224891,2.242890934908004,1.6178723177171814,350.9908798734635,0.9235583807536969,0.011312674192613652
70007,-5.895006960455775,-12.159640474409718,1.8386983950571296,1.0997285329671993,467.0360400920087,0.7964429697917081,0.011312750347402999
70008,-5.440253533770222,-7.104747580903789,3.4758618714083367,0.8636786205664285,242.24967519644298,1.3882878635148668,0.011314872368004016
70009,-4.924962005018376,-7.286806009543604,2.8475983266424567,1.084999310900239,259.09836723699476,0.10930553379320429,0.011318086033760631
70010,-2.654999143609186,-12.882991643750232,3.6082936434707267,2.4722398915638797,455.8279911692711,2.603992625418848,0.011320741437754741
70011,-7.380715159606881,-8.765496307673448,4.2037679374715875,1.3570666351948457,468.4022314228223,0.3471682102309197,0.011320964909287154
70012,-8.603894860057428,-7.755562369077208,3.176058289242674,1.5979947986288048,467.9455937419245,0.5754690660679875,0.011321212230018854
70013,-9.112480758874808,-6.064425103949471,2.7921837443952664,1.013718336804518,469.90575307554934,0.0675755589209448,0.011325486402791548
70014,-3.429736989419924,-9.57708692977211,3.8901177992931815,4.868449902183411,544.2127612101133,0.12140811218096381,0.011327263758516115
70015,-3.0039168483683554,-12.01742878757713,1.8307570476162986,1.7324848389663414,467.85988046435205,0.6793635090246442,0.011328345874157862
70016,-4.436741573550243,-12.073074492609871,2.1254448937488895,1.1548441118557657,297.6423075906596,0.23924515114029798,0.011328436430766793
70017,-4.2346323678072695,-7.338602178593903,3.922454898290555,1.6410141963785403,381.6021976349209,0.11182220870780046,0.011332695291682295
70018,-3.6081549286075045,-7.348818346319188,3.437810582638228,1.7540716215980448,416.0889525690811,0.2790712409280891,0.011333018493346758
70019,-3.4455496173175355,-10.197999905318074,3.333106240238529,2.2628133394919687,426.01926433761616,0.9138013853570239,0.011334506146070084
70020,-4.310433687759895,-12.019325495997185,2.0266436144327127,1.9077918273091454,460.90022259017735,0.6458865316096603,0.011336194775915182
70021,-3.6933403074417335,-11.501932628359135,2.5140222342507066,1.4197240464454999,314.67709560129697,0.042135490850182755,0.011336862513369022
70022,-7.102066752328466,-11.161678001390396,1.361709448754613,0.8389932701674554,217.07867610170837,0.880192485568446,0.011336915768217916
70023,-5.432326432848042,-8.995964078917739,4.6133760906906325,0.7281579051217423,147.02055845008633,0.5421602904465574,0.011336932589259737
70024,-3.7890589657789526,-11.842429481998016,1.8942404044849166,3.184237956943921,512.7143130164117,1.2103118932393837,0.011338436708204756
70025,-3.2359666657661883,-11.924916766192428,2.0349998916839955,0.9221619297242794,258.733758518214,1.2967078409885593,0.011338884471288752
70026,-4.928228007691409,-10.408857470194878,3.2321757319008433,1.0374037559231535,270.65386456552335,1.7125803118277263,0.011339251560848666
70027,-6.843859885965827,-6.626415130354096,0.7811738335153462,1.8219511581768257,189.93465102431526,0.22855083653172947,0.011339727597999807
70028,-5.180389872314372,-7.186107690796535,3.4959148829590263,1.311862100432552,467.95760073330433,0.5969564706040069,0.011341131815346725
70029,-7.447868570066192,-10.424893051585537,1.7136435339001928,1.0346873307364577,468.08972737241186,0.8305422104172866,0.01134234170637866
70030,-5.3917195420279915,-12.023534744349021,2.3947728891301794,1.1324027308700861,467.60634770895814,0.3911642468771275,0.01134301504013224
70031,-5.882851318669234,-6.912407746361754,3.6675275262329543,1.2336628938066556,310.3714891156676,0.5709475346326354,0.011343234431424704
70032,-4.7635383967465845,-7.7016893722616135,1.454483901036184,1.5938894321144712,367.8972592978793,0.1991395973196619,0.011344330775209166
70033,-3.930314057851069,-12.22383881912315,1.493782020979118,0.9080977981265123,358.34623030292283,0.9103339661881051,0.011345179654019315
70034,-4.72776058330039,-11.39325153849242,2.6132076482141726,1.2154942610223607,237.2981607804499,0.00596119086017044,0.011346337457570866
70035,-5.721540978109559,-9.549041829713005,4.034373606852457,1.3504039382776478,339.720030173227,0.33245390427079435,0.011346365724763503
70036,-2.6294027531459028,-11.135880872041058,3.9706232508775314,1.7608363779708456,468.09192051182066,0.3220928692070233,0.011346654280243913
70037,-5.300289508957901,-12.267303598424647,2.0194431374868556,1.8947720685455816,469.36077232331365,0.24028052867301763,0.011346830212446377
70038,-4.540913567931187,-7.292194832688857,3.544556175531124,0.6412218143775683,162.56492869926973,0.7619590701050631,0.011346916088391343
70039,-5.025393991265655,-12.209205402210689,2.0922600317192015,0.8632451067513499,171.11740732644446,0.09845385906650694,0.011347659129089025
70040,-4.513236193483147,-9.662923408634358,3.842218326213295,1.0224464792790178,267.36235024505663,0.7622070382493531,0.01134863020032373
70041,-6.009777320049778,-10.16601441384192,3.4776553008043596,0.5844741181947212,123.07563847308153,1.151718369602361,0.011349097916935159
70042,-8.425991099224076,-5.000888522947376,4.620494369085421,1.7990472853854687,467.55399828807896,0.23190022301113,0.011350518648821471
70043,-3.215326063803218,-11.34327269267076,2.6164929769358314,1.8109202164749334,467.6237606774391,0.7525781679683803,0.011351350848576778
70044,-5.288209651146898,-8.337935398490213,0.3152410250097366,0.9130209568167451,170.87494252869877,0.3888027926386899,0.011351900832472742
70045,-4.505733598649498,-7.403106873819633,2.466878514693932,2.8364674407770387,487.3835527948511,2.043391189295799,0.01135214673510927
70046,-2.813741209311951,-12.782510507020401,1.7839582290070106,1.4889088835405029,339.2883712799738,0.02066973412281481,0.011352601214726853
70047,-7.580901573827053,-10.07877312439292,0.3815897576771685,1.8672786601681057,447.96465538922234,0.3421300309179687,0.011353973763662744
70048,-4.526839858655688,-8.50677738103846,0.24673949187992478,0.9586590538647005,191.02056267546234,0.8989858300056879,0.011354155517108
70049,-2.8219683751757563,-11.087164804082349,3.4021817465458053,1.8809625625158966,454.5715218458846,0.03655868739212309,0.01135638620857999
70050,-4.964352693329566,-12.034060657764675,1.9390465593743902,1.072019649178738,281.4400136960193,1.7509307961638738,0.011356405348761405
70051,-3.222969061276566,-12.54550507027254,1.4550595739663397,0.7909486253906923,158.07338185263518,0.13344353178039636,0.011360014026973352
70052,-6.904342631925402,-6.715138753035024,0.6011292597945557,0.9745836576820848,146.7942918061662,0.30314847373182996,0.011362102306469678
70053,-6.944234279654122,-5.680415504042301,4.6468779781160725,0.6585033845252402,133.88254083248384,0.6097653772296807,0.011362468796339672
70054,-4.151272384764603,-11.957782710816666,2.27384391524643,1.048479976946971,277.75903824308057,1.743012507155572,0.011362747049958134
70055,-5.346739665070232,-12.042346956475066,1.85752430313754,1.5473899825800337,363.7173820140778,0.46925503184981476,0.011362781144444485
70056,-6.779462305692277,-5.388900226396208,3.319256139443904,1.1360945116296315,467.82934041999533,0.4919768303636918,0.011363133050909744
70057,-5.274530700070428,-12.350282831133,2.124063040739445,0.7928889797906256,467.8765905712144,0.48830623901713377,0.011365285033305646
70058,-6.405858244892912,-11.308972292755122,2.7004120179442435,1.2496350308689206,311.7042106909283,0.29665732317000426,0.011365953032980512
70059,-5.271290019703977,-7.3175841028498265,2.2745825936998445,6.611227203127148,695.2204288511575,0.4448173631796388,0.011366102293966892
70060,-2.3174676509835512,-12.679724605808591,1.8754436294397474,1.582831229248866,470.0965387639095,0.08784413971755445,0.011367717061663023
70061,-3.5255141038968807,-12.871241135042386,1.4185977026212708,1.0404077698014031,253.142737171694,1.1742413930634532,0.011369455162045815
70062,-5.709605202731266,-11.779062242183826,2.5262429776004316,2.5883364479960287,283.01613200062104,0.12255055432765705,0.011370668011657807
70063,-5.198092637605315,-9.569132213484142,3.977412778561163,1.8536478121151545,467.48810323568836,0.19437184784202444,0.011370781293456254
70064,-5.649323752957645,-10.671801956767037,3.0961973964785,3.883805548177402,561.4191702246418,0.9972296491611923,0.011378168468147438
70065,-5.89041965768451,-12.551215025157086,2.201769192987737,0.7182920667776472,196.6919255281215,0.7533490840646744,0.011378557693190447
70066,-6.2897535079591185,-11.204453443425644,2.7796876536670303,1.2384159749078956,435.69330115409866,0.48754476529456436,0.011380748962818422
70067,-8.336784038591972,-6.865157393319162,0.36846900595393145,1.856603136209418,467.0250067188606,0.16528109000910973,0.011382606223194197
70068,-6.999970563307772,-11.891468968316982,1.2114866832111457,1.8666960844160365,381.3423223626758,1.0598881239118239,0.011383745284900052
70069,-3.2216640979968405,-8.98806492608339,4.5428698234993705,1.181556980624727,299.8791916848989,1.4977887115227277,0.011384744846655685
70070,-5.401073411539862,-11.78102435361148,2.492247407515967,2.6534221933303885,471.8703277245703,2.269305067908303,0.011385582607096994
70071,-4.323468681559062,-7.494001571963284,4.733821174339211,0.7149262841769615,144.47882347309815,0.49349475912891183,0.011386370577999919
70072,-5.396167443279926,-11.694173892913902,2.5269194478414825,0.7347118285412679,139.7348776528025,0.05053480726191584,0.011386380251085943
70073,-3.4756070993093484,-11.951668376912876,2.126069814169003,1.5479480823201226,341.64778767244616,0.7660405345586332,0.011386851110905033
70074,-7.575167128405392,-8.018144674605669,4.915343355672672,1.6866118652797324,396.53037743688606,0.19155131481076726,0.011387803140508189
70075,-7.48985433205833,-8.057696920885142,4.979271717995912,1.8810339339766546,467.7533297332815,0.21682232208350527,0.011390802029374463
70076,-2.796763838100164,-11.48931347956591,3.29215000871971,1.2738777745568044,310.3318124776174,0.2023102774018648,0.011391357330848643
70077,-9.074502934617207,-5.618113290017104,2.9916882865953864,1.045987533255064,281.3389619436731,1.5827338234695887,0.011392545781416748
70078,-2.7747919876193077,-7.951836705878391,1.722266076807149,1.5523756078587756,351.6204310669747,0.10598091662153486,0.01139323456323564
70079,-7.128496979290787,-6.630209409450215,0.24527167189099705,3.969643022057039,567.658782413879,1.0724836074068715,0.0113934047401848
70080,-6.524408509618412,-12.204250031157166,2.2046961941494323,0.6718479922718327,136.7847832623988,0.2833527143825876,0.011395591888813377
70081,-4.154900155298002,-11.603276892106706,2.4745385882686715,4.285967860015113,582.4398463329577,0.6581244793037433,0.01139619246118465
70082,-5.597754226579959,-10.47958054260713,3.2246023527473064,2.5565349824691657,460.5202722346029,1.4864445351773243,0.011396232097401371
70083,-6.453394774091207,-11.748872684132756,1.5861470411029532,0.8259553497753298,197.48054283455286,0.06324289184624199,0.011396531720109428
70084,-4.56405955240506,-7.972761786712914,0.8742626729989875,1.2030693738581406,247.53475486188736,0.210852620799737,0.011397434746329186
70085,-4.84740744827416,-8.13192378581669,0.6031452728192286,0.7661920020222974,468.14829544957945,0.24533260488522846,0.011398945537584063
70086,-6.065922726288012,-11.255189917562118,2.7749763949101727,1.0449979967168974,220.06685110000907,0.6311788871612753,0.011398958578750428
70087,-3.5996895663747583,-10.206446298693367,3.3326943808584475,0.7427568240109503,152.55074287209544,0.04625284253513495,0.01140319137080524
70088,-6.077708472834603,-12.653716928006066,2.132553973714638,1.0974548596102198,217.5483848428512,0.6658555433966855,0.011403871549029861
70089,-5.374110801699777,-10.064268225359418,3.5279866397045754,1.8544821004947132,445.8896117882039,0.12430436314985727,0.011409530729061618
70090,-5.851224432726144,-11.934682789017854,1.672683790199717,1.7667784250168825,469.8053944051456,0.23438541069315377,0.011410455474741102
70091,-3.661217418957305,-7.574602055603672,1.9805538850209907,1.436969336899354,341.6859874420703,0.5679135758854885,0.011411240292942684
70092,-6.082374759364173,-10.829650077531037,3.007740931075519,1.4986900372161465,468.1216602463425,0.41304536985146445,0.011411914865378221
70093,-2.7459910703290413,-11.771722251077817,3.4226454898620298,1.2289601870299909,456.69669511928055,0.4056376763011267,0.011412347421804987
70094,-5.6020273297282746,-7.1117613993600655,4.231148252678456,1.0355131084720524,271.46509056502504,1.2404974706737741,0.011413170987726354
70095,-6.824710318926314,-11.449912519007835,1.459890594193341,0.5620057737380643,116.92960925724464,0.24176820032212643,0.01141411908183268
70096,-3.872815953225591,-11.917023791352424,1.9772757237922838,18.038553383958856,608.042748382391,0.06542370733153469,0.011415504824773288
70097,-4.355364065096836,-10.350694110688844,3.2327606025647024,1.2878939170776287,458.4349822419553,0.2980466474920407,0.011416162286240266
70098,-4.4912852920666015,-7.364726593172571,2.736483154722328,1.2317641468725735,468.7532990791334,0.8411335121188275,0.011420858956759981
70099,-4.053912856878537,-11.806737052675858,1.8240449978960025,1.30434968433524,468.84258575218433,0.2646304198548064,0.011423291756309824
70100,-6.462988200319112,-6.939951757297362,1.4500564402062168,1.323504280748774,315.88444246960216,1.2595210546405635,0.011423676668583726
70101,-6.00288415479695,-12.12754072290101,2.3888889052849613,2.124540222039962,419.84132857413067,2.285317435499273,0.011423730353806581
70102,-2.5694351169919223,-8.762923052376317,2.795268031822531,0.9864039009514864,216.42272199609766,0.22202137902010488,0.011423812132965385
70103,-6.751371553244487,-5.796986944320008,3.9889262651333897,1.6648867682216804,361.04840066751655,1.2775305765537013,0.011425356377589223
70104,-4.160870782462926,-9.114437525620865,4.392704013345984,1.8929811549597806,455.45823560489214,0.3692561239985368,0.011425358724767411
70105,-5.160990057932963,-7.239851995093499,2.785169833850795,1.720540729275128,469.1668296050707,0.08374592206587383,0.011428907092710536
70106,-6.556998909123332,-11.85530707463011,2.351027580326118,2.8658479025617343,489.30528488263076,1.8150592011034608,0.011429403455192179
70107,-6.790365668363873,-8.586522073419346,4.966964202698317,0.8162278387219256,181.30539984254972,0.2855929732704743,0.011430773036920555
70108,-5.67374670405279,-12.481334668715355,2.0663389244911996,3.6857321774722074,234.63593996446184,0.2842604844459471,0.011431246762956473
70109,-6.199966688743145,-6.856360305079199,2.2297464932731175,0.9997179605875866,467.7925578465325,0.9296526404247123,0.011434379380817846
70110,-4.451291570512178,-12.739321110971233,1.4254399614637596,1.09301297532046,267.20835217645094,1.0842629393012908,0.011439644557446779
70111,-6.902069733890778,-11.306984757219743,1.5317427437604916,1.0013803617667392,467.83176903267315,0.7822581635313579,0.011440017990327457
70112,-6.938051751675777,-6.599308158533754,0.5878302655655292,2.6765670554727596,472.76717642715056,1.81292852168621,0.011441395101977513
70113,-5.3613969018897905,-11.734186713492962,2.5029685647644726,1.5017460046445381,144.02269361707022,0.3609914010962303,0.011444981412748913
70114,-7.03151633755736,-5.608125852013144,4.816909762251344,1.8879195451386053,467.66294308836046,0.07634557805613706,0.011445775419752183
70115,-8.389516268343495,-7.256886122640653,4.401793615531638,5.320117852625196,608.7106667694767,0.2222685890955045,0.011445814169472449
70116,-4.867658579341846,-12.821736731027265,1.4171143639470265,1.0921998976579788,467.07282036714724,0.05818598554473642,0.011446396048244547
70117,-3.2243002201984723,-10.33072672282354,3.2557554623095615,0.8569717636443244,145.80730990158992,0.20970669042421441,0.011447158400834037
70118,-6.781477485264522,-5.7086263868976586,4.001128690865978,1.3882464981372924,244.0686336184117,0.41098515510529854,0.011448100305599574
70119,-3.027534719747945,-8.574392850822587,5.088739181295007,2.1197974351999345,417.2036072271025,0.589268066129967,0.0114524144793873
70120,-9.021326145028535,-5.022235610897555,0.9499084973853515,1.6778546350993133,396.72235367155173,0.32492339042663776,0.011452603360723882
70121,-3.0491169127553235,-11.948774818397055,1.8896310868785526,0.9382408871639646,254.71340685597985,1.1699127591542728,0.011458168598265699
70122,-3.1329448573376597,-11.790986871072668,2.4361473083752845,10.471383720620016,685.3407934104738,0.11068548498039288,0.011458367172305965
70123,-3.2078257641753645,-11.505514841949006,2.532501445632403,0.9010411292075463,468.95470644801776,0.03787704569304928,0.011459693720266895
70124,-4.451734118575987,-8.576773757473887,4.961086825611921,1.6694527021306802,469.58339026048156,0.2426075843252491,0.011459881612648508
70125,-3.532194529896123,-11.782879268359611,2.325769286933045,1.7852389638172057,422.9113959633271,0.10047858834541756,0.011460146778023431
70126,-3.8061897981809505,-11.374002753631808,2.571856547532703,1.7887622219410098,469.96373697457415,0.16203393984045267,0.011462044747526899
70127,-4.565832566911052,-11.936463727835738,1.5794966342699635,1.6333773534541594,352.0229383040538,0.3134971969146543,0.011462481261210031
70128,-6.477520490538449,-11.773926698868637,1.4846661193789632,1.0332536810037658,202.0626569998959,0.17167585929787688,0.011463159952716023
70129,-7.122873811751685,-12.671809159720869,0.3000396515747399,0.8591632906571111,249.09836190027676,1.5077321249249263,0.011464318200234096
70130,-6.052329543527154,-12.392843857159184,2.2781110520588053,1.0768925617843867,269.30572962698574,0.16036393621807576,0.011466275414812321
70131,-5.806501962301866,-12.46545381743874,2.233916448324356,0.7958499598941305,197.3696334947895,0.4734118190581418,0.011467349584376358
70132,-3.4089836017748576,-11.880022963293197,2.2498954891638965,1.197077812774538,303.10300637119616,0.7415574094779362,0.011467824545216918
70133,-7.115247598798253,-6.015547963515173,0.393762202179089,1.1889130579366547,301.60947623274484,0.436851593567793,0.0114688166952561
70134,-6.102123279675193,-11.85141684651255,2.491568900222652,2.9381979845376613,354.4661129629731,7.54015029125199e-05,0.011470053771078898
70135,-3.4632897270050877,-11.75314394386735,2.357957890214646,1.175389431069318,301.98824293947405,0.6782267488577967,0.011470821606799313
70136,-4.493026477776079,-10.061504239657298,3.4650594653971893,0.8712843760791154,176.62683390585443,0.4421449015100771,0.011472163038532246
70137,-5.410387597660558,-8.615760991125905,5.018240263599382,1.8373546946402164,468.9828652104871,0.17314696225792314,0.011472194366988568
70138,-4.454224217924903,-12.014598466699491,2.0562062454876497,0.8357344694347494,145.6320875947262,0.20867536640741147,0.01147232652312446
70139,-5.678601910498501,-9.954976629083149,3.636810401758049,0.8994924149311315,182.52280294753504,0.05582136094180701,0.011472987325026157
70140,-4.252230439365221,-11.701809898664008,2.4181545034853182,1.1339825486099502,467.51592085172234,0.5767748258396939,0.011474621559103554
70141,-2.6044227594516025,-10.350203791261393,4.308192573255841,1.2529936396662404,302.5133516588103,0.18011903801377382,0.011474751773112192
70142,-3.323375075294396,-9.910482476689658,3.5769512967546246,1.113734765230838,267.47916881586804,0.4790293204330789,0.011475129854642486
70143,-7.093535639236586,-12.262076128790431,1.086004914370626,2.1950648877569683,426.8248016958565,1.9631738246229782,0.01147517723737323
70144,-3.882058280412652,-10.07410547326715,3.437372710425406,1.8682354553858553,467.32997765215526,0.052427869748155054,0.011475394583390313
70145,-4.853321499496338,-10.324218066722583,3.2774539090094095,0.8736598780415402,226.07093578668236,0.4356947304233456,0.01147661677991616
70146,-6.684409578953309,-6.391138304360142,1.6349829631279043,2.7674405880998796,481.12244033397866,1.926204222160817,0.011477400511886865
70147,-6.10767655430931,-12.589506880662748,2.090295502843715,1.7519759819647562,467.564117223925,0.12970567268052413,0.01147902814008331
70148,-6.08191888465484,-6.81622337115989,4.047763505752701,1.3401397045215102,326.1156168722623,0.3933885375669437,0.011479158893089599
70149,-7.063801653771749,-5.272687693787001,4.64913366741756,1.0415803844632545,212.02711486861295,0.7128930601663575,0.011479619852383738
70150,-7.095733388692695,-6.808256160457467,0.25224766583122715,0.9297271923305493,251.66959492504628,0.5643109385574148,0.011479997835089392
70151,-5.123533320336138,-10.39331540150008,3.2422953693735805,0.540392082663563,153.76184276205103,0.8251945479339868,0.011480861849412344
70152,-3.5139234640084416,-11.328679151840623,2.5845712125914457,1.141638098262958,467.0354503658551,0.42553221016987486,0.011484593993558792
70153,-4.952587616042916,-12.195790749558823,2.1809327432342647,1.057947250558699,283.77532292901446,1.814499735189715,0.011485443765815019
70154,-6.300973819913581,-6.977279189382144,5.11597862162151,0.7618616927165099,228.2726819527023,1.1695552312707411,0.011485835192040654
70155,-3.631129962305593,-11.217140609103827,2.645454455247831,0.8069705346914329,469.2983737401176,0.09991552996631281,0.011488343746750567
70156,-7.559270723520973,-7.9182681881137125,5.0500741540538705,0.7040999164990387,189.27163069002154,1.0907683829261448,0.011489912202991748
70157,-5.9335098299144,-10.440573932584702,3.261251362764209,15.526763065103866,599.2999523393543,0.03611199500368745,0.011490676154212716
70158,-3.093438615730819,-11.824660386950097,1.8010756813504014,0.9503254840299691,187.0872194790687,0.08128794656794014,0.011491899776196562
70159,-6.386813117727663,-12.368873826059913,2.0047324948702197,1.8464852517568446,385.072951502311,0.5119271505984591,0.011492794261839646
70160,-5.586865471892569,-7.058061354547397,3.6369132195216944,0.6249522507246846,169.4275111653617,0.9726808364231276,0.011493021914062903
70161,-6.143095017810585,-10.150774770681922,3.4800622304735094,2.86522584220043,234.31368572456918,0.22668558800562089,0.011493662355147134
70162,-4.750046189729716,-11.545479763479463,2.524674063405984,0.6962108258193779,465.42879618784434,0.3723258051568603,0.011494141407122859
70163,-5.131421027280978,-12.167224204351532,2.020835989102398,1.8262928714985092,436.6644536907747,0.2316508371144037,0.011494879435363474
70164,-3.4957298073319283,-11.293607759892877,2.602780088217641,1.1389661977805356,292.4396667613937,1.5411267969616746,0.011495934425533552
70165,-6.370771618275206,-6.531686286393928,2.7403905786036518,3.829106076011436,389.8346749115834,0.03970488411024764,0.011498235572895308
70166,-8.286709474558538,-5.147015947938004,4.854657898593481,0.8696329325261175,468.3928890349108,0.5495840583187652,0.011499002111766531
70167,-7.9313117753200935,-8.755680650694854,3.1724730022966035,1.12772155328599,272.867331547676,0.8632786015826888,0.011500803354759276
70168,-5.81419336392919,-12.526769899138323,2.185000369974865,2.6659159620576474,247.4846907725869,0.1762067876940714,0.011501964817295419
70169,-6.730389358766919,-9.417001970844277,4.019662325728592,1.264640238390871,267.7022522696405,0.8680597620219324,0.011502151844396218
70170,-6.698055714565134,-10.8445678416843,2.8211286949331367,1.6968565687484614,467.8373844742973,0.7553412728063451,0.011502477532916883
70171,-3.522545464159079,-11.559660079736188,2.4487890783955706,1.3087231708241573,225.09379022861697,0.06731018773748243,0.011504211619190534
70172,-4.66826430176349,-11.81360660513517,1.752870901820842,1.779574587094514,468.20577850446574,0.500251262315607,0.011504484976381006
70173,-8.861046497597009,-7.671620542158935,1.2367609832853688,1.4947579866572378,340.23869660470757,1.5594213770123506,0.011507231995466348
70174,-3.9332848129390596,-11.943719684018019,2.1641672136318344,1.2899556737835158,320.19521811981707,1.2535586809041153,0.011508508247813383
70175,-3.7469100640395636,-11.888884451761472,1.5827072838965761,1.0015805189933882,468.2759071990753,0.6487148620892205,0.011509732596392095
70176,-8.523161743657889,-5.192250227424784,0.3798745609987431,0.7204760608720427,148.9478264985483,1.1291824165082245,0.01151787244538891
70177,-3.4327430434528754,-7.58083811644478,1.9858969468488292,4.30963014628243,453.2320765992541,0.04293916931345443,0.011518058119921596
70178,-3.378295161893673,-9.35343643758248,4.109041589689437,1.1414684303480904,212.4118213961165,0.057186041249304154,0.011519845007789156
70179,-2.710911763617915,-9.07204004412583,0.11575465092443121,1.236475312654289,468.92269003151927,0.8666796777382606,0.011520696478987569
70180,-6.214988408658861,-8.97885967560621,4.660232912289527,4.31711842871766,527.3424889135827,0.133678751630673,0.011521665672494824
70181,-3.1627212399898994,-11.96010945319072,2.0920312902755693,0.5233523192891493,114.27186381157772,0.7940390301679239,0.011521981725858874
70182,-2.62553688680363,-9.801261643645582,4.519277975293972,1.8533574328224633,469.8624717858153,0.15767858366539844,0.01152675889266332
70183,-3.0298073687929774,-8.197684358284633,0.698154523533961,1.846118615871702,441.45830424679986,0.06496868269544809,0.011528193184808768
70184,-2.8473956983150597,-10.886985948947672,3.4094282925927932,1.8221829436890884,468.35204037790356,0.5182375844350444,0.011528821611890196
70185,-9.138767578184217,-5.0094605706844435,2.110121279838678,1.723922929434949,405.1275364293029,0.1462623614315115,0.01153031977287498
70186,-6.500669631618585,-12.19823062269885,1.9696745615163007,1.0668162476623264,286.1752906310495,1.0406788191298952,0.011531173583043834
70187,-3.041987503758474,-11.024905449223947,2.971286640061989,4.7204069290613955,609.9710190675014,0.7829574825055392,0.011532621904967283
70188,-2.5688375150847182,-11.120062456553018,4.0474222199035825,1.302298122363392,319.5821636701179,0.5285957230691496,0.011532851924986204
70189,-6.939815708707824,-8.924615615411058,4.457327435349085,0.8107306053132134,467.4740251345818,0.24513381231863995,0.011533005889339365
70190,-6.026362458999613,-10.635476572619693,3.1241745587198255,1.4422002429747862,326.96665696932763,0.10358679099129287,0.011533092969486302
70191,-2.930049701540045,-12.314085179598361,1.9517189837814577,1.159121805890875,279.15104577589216,0.5102801859774795,0.011534438841818647
70192,-5.6266785088539715,-12.012872860205608,2.4030888755491295,0.9152554405183572,467.3460387751925,0.4368207967474502,0.011535317891179613
70193,-6.520149932103599,-9.422692248256634,4.100723205436003,0.6792712642670626,197.53144416514277,1.1692509425145543,0.011535800452944056
70194,-6.782768765266969,-11.622645936191764,1.3868565352027546,0.636723904239488,129.50016463178633,0.27867706968797723,0.011537823262850178
70195,-2.8968159840436734,-12.778840780492839,2.045083520880794,0.9807925988991119,386.50729778054006,0.11134175732973262,0.011539565705910058
70196,-5.008030219732912,-7.298641073400184,4.317340954825044,3.1042589992659004,507.8377742970823,1.4906392893995024,0.011541718215638652
70197,-4.0556543522527235,-11.881830169677354,2.265850187461464,1.1509883750761984,468.3231127514356,0.5069645947061439,0.01154177371080235
70198,-6.151264472120596,-12.288372911787846,2.2995988005979644,1.834863669567502,467.9458838606574,0.5623471397118003,0.011542803082953093
70199,-4.280214072738592,-7.365675643554068,4.099484497107773,2.035649904982076,349.1219197413263,0.1528837479915497,0.01154554384248366
70200,-7.357907989915267,-11.764117589485686,0.9289887791959913,1.0150620077237131,275.43384194192083,1.608541945617369,0.011546026392302924
70201,-5.190150236991678,-8.207005068747161,0.4640711318172992,1.302476088148402,317.22046245340357,1.9331131480961963,0.011547359354935834
70202,-3.914775002635861,-11.773073639669699,2.3514761529507613,1.41797826209361,451.4954028795655,0.5731182900153611,0.011547634188823458
70203,-5.474463017009118,-10.750668301022088,3.025538617252595,0.9729062800532122,468.0555539714491,0.31049836403172026,0.011548406076496178
70204,-4.058747726987746,-11.939126940373193,2.2212102309623716,1.1614481509550139,288.920079638774,0.5584822782401959,0.011548749269732839
70205,-6.061416616797711,-12.43914906199317,1.9929434009327478,1.1735333048990126,285.4731637035994,0.38063168025691496,0.011552878661472542
70206,-4.387792776937608,-8.88057415499235,4.643105372060346,3.002671001468003,491.7378076120481,0.2832297087215805,0.011552896501424952
70207,-5.52121806170518,-11.921994911534743,2.4288078097561048,0.9975689216062077,271.50396099503604,0.8291039466359571,0.01155307362782433
70208,-8.23433503585748,-6.19732514081881,5.069074789815314,0.9278342747233432,468.7838116894378,0.8760585237237608,0.011553309575060814
70209,-3.8331339365184345,-7.746544922302572,5.105440340696498,1.1023280560656252,293.30670988219583,0.8227710709029727,0.011555437009513161
70210,-3.439178697301166,-7.3695802061211255,3.7928698254173656,1.7493011533740006,470.0964408087643,0.15753963692952144,0.011557046532942285
70211,-4.945365803087398,-11.97677737151618,2.331016557943439,0.8862871324550808,466.870996451314,0.5401632309028672,0.01155749228046371
70212,-2.6308938980031904,-8.354940296213275,2.5542195777840773,1.1080260503891035,465.93109672524145,0.6056880768515596,0.011558070570513753
70213,-4.171273669859228,-7.335474208266712,3.669850183613172,0.7764847938071876,461.29746606371293,0.19510413519832692,0.011558571112546481
70214,-6.25715557500677,-12.540041333555731,2.1344208140539527,1.1050652778086487,245.2739862653584,0.3600575603436562,0.011559759781470063
70215,-8.575314339788969,-5.657139058685254,4.4119049808348105,1.158656458163692,468.34413171634355,0.008471598475692232,0.01156027715296711
70216,-7.225347002331155,-12.450067145362773,0.9582002819337765,0.9526527109887033,197.71216818290358,0.42187372594327055,0.011562062860505123
70217,-5.809872084719226,-12.007428264759206,1.7994943504293819,2.627149205199606,469.19784717309227,2.1301800683377765,0.011564712857904101
70218,-3.8308972347910686,-11.762921235702498,1.754316857605125,1.109302348087945,294.264683620787,0.9154884863103039,0.011565179708251855
70219,-5.9425638436662425,-12.027581555377795,2.408698518736624,1.0894211595353476,225.54876142528263,0.19472222370675674,0.011569278057824619
70220,-6.743334016737718,-12.182047375219188,0.168616460911886,1.090065243786016,288.7127176261857,0.9934693281616873,0.01157275851898336
70221,-6.634590861393891,-8.901512630236668,4.65680035455327,0.8627602145963437,468.18328295648917,0.17400338670035698,0.01157338363045882
70222,-8.88793720996257,-5.217924568087392,3.6246675830612656,1.3332130905598527,327.65160948049015,0.3502005978562215,0.011573415703287671
70223,-4.276775749666487,-7.405232451353767,4.370693398710676,1.707431850944196,361.66334335445913,0.8510878730499885,0.011574958325116695
70224,-6.754457287146952,-11.600683156550677,1.4108179416640256,1.1550820984307903,234.58402402764355,0.9226268505167292,0.011575448191150226
70225,-3.590576394143583,-7.752254256846297,1.5255064835129155,1.1633022838335334,300.041825570744,0.5190117201670352,0.011575556141434828
70226,-5.39683239381603,-12.310370918463443,2.1617457056087934,1.3672038478629054,299.74890089188654,0.12969550629648996,0.01157601319119047
70227,-2.8644237235227443,-7.789981221296427,3.072081108527235,1.4417981665677635,326.80944886022286,0.26722420311414297,0.011577591121413457
70228,-7.43250402091107,-9.139934864034153,3.6176085268251517,7.348592392365952,722.1703199147745,0.44065787576524684,0.011578689301572317
70229,-4.046845781504027,-11.773851015684954,1.6975862102541097,1.0953601062090546,291.8395138661246,0.8178863815125927,0.01157937100139837
70230,-7.935400965504193,-7.5483836830318705,4.917964851969537,0.992482872848601,466.44756052044403,0.6999887278330457,0.011579396377769816
70231,-5.811864459387693,-7.626397940942399,1.0270790466928226,1.0272851825314466,213.55268461706729,0.9124505308726336,0.011579941385187737
70232,-5.261154526466085,-12.079475550639813,1.9362946447836047,0.955739879725276,467.1544000160669,0.6063940451131762,0.011581273736097105
70233,-5.545138318319677,-7.347668238190241,1.9593217133067096,3.5818091488560047,275.75961026038266,0.22423441964794577,0.011581927969949758
70234,-6.470920161637596,-11.55112844447796,2.5351379402605763,0.9121675968435855,233.75841133270103,0.8762222302072278,0.0115829821626686
70235,-5.4932120938585385,-7.199345924137758,2.5271793214985445,0.9096155048034468,256.30004279716036,1.0903301527775806,0.011589550517128441
70236,-4.772979435873184,-10.836159835554644,2.9182849932142365,0.9269862741630368,246.5388335788756,1.0815076165518027,0.011592998552342432
70237,-6.615229544641149,-11.974511477718217,1.910346950776452,0.9448646593590794,468.0231598879922,0.014065496682655443,0.011594397309966777
70238,-2.487464972319451,-11.56600458770487,3.606192510647272,0.6661144710036443,201.8232569376873,0.6148056066919247,0.01159726256570444
70239,-5.241462626280746,-7.225051186141748,4.222218180696359,1.1901306632180741,133.61611734583028,0.3662278505272729,0.0116001509814345
70240,-3.9183008106750954,-11.935569430773556,2.068783379840132,0.9756649973994385,253.40720575556233,1.5773910294829667,0.011600792800801582
70241,-6.699124911653816,-5.902286463657755,2.256570663927402,1.8902481824754342,469.6356306338876,0.16819747279310615,0.011601469028148613
70242,-6.839943025271921,-11.573599067473594,1.8445095585202338,1.5953700362930654,368.1968832489939,0.1518217937043831,0.011601813126528358
70243,-3.4209134506620735,-11.693157993222059,2.3717050394667516,0.8339979259928612,388.79216501449713,0.13833820526940066,0.011602587041063584
70244,-9.060694184770885,-6.788257071126799,1.836147403785286,1.0643789739050702,276.52866421277315,1.7414433119167523,0.011603717239801177
70245,-5.825117222235266,-12.495960302880153,2.1783420843156405,0.7032006939444473,469.1125097201505,0.49230816836887303,0.01160396119151445
70246,-6.8501612087398795,-5.392811717083619,3.912260821080715,1.071080055857169,214.6281896747324,0.5523330873702381,0.011605238357727931
70247,-6.344297668896439,-7.371534935604905,0.9159018700051872,5.89702804200591,547.7187033075616,0.07675321556777615,0.01160622176512346
70248,-3.2320269648258604,-12.766809301391659,1.4265352079122344,2.265469155515329,181.46072486006622,0.3721531683237247,0.011606493644077698
70249,-4.48265883675155,-11.850723795504875,1.872178769358189,1.1015220452995524,286.98536768911396,1.0371071934987546,0.011607465888322139
70250,-6.287872185385491,-8.811217000225465,4.8448234004231105,1.0227234586942688,276.049119447061,1.2383527912935248,0.01160760605620311
70251,-6.704228347020242,-5.8267139971433926,2.383419266634105,1.592867037440412,468.23336519688047,0.367282530917616,0.011608956776832465
70252,-7.508639534937709,-10.300025058153878,1.6671264440603888,1.162214898542189,300.63617634324817,1.6344620993481973,0.011610663919856035
70253,-4.041200141355812,-11.138164727901051,2.6917461374159046,0.8261965893357869,174.68947195278395,0.8453085972144949,0.011611005357242712
70254,-4.543064499135774,-11.660277132405025,2.4302755435394445,2.352908070288175,443.5702082063099,2.3368295647282267,0.011613211246993627
70255,-6.522569331067938,-6.266969667201548,2.758709579293999,1.3039402039397134,292.9645023188391,0.2609236507859549,0.011613333305483031
70256,-8.752088471534881,-7.963694527536469,1.494236525301112,2.165044051330486,399.52052269769246,0.46189414264523254,0.011614520370711241
70257,-3.0805547899942676,-7.682133531970468,4.676400262813037,2.8489354425911095,294.34423238947494,0.12910185625609838,0.011615305222863699
70258,-2.2740786083588027,-12.209935863666269,1.3906617924282554,1.1111555486907856,271.06558755789627,0.1459396328681306,0.01161595494440757
70259,-7.1736689677697445,-5.307540022763464,0.3758675718115719,0.9533806014917957,265.6003776819421,1.4691865262643455,0.011616759588384701
70260,-3.8737388363339704,-8.997438470156306,4.499451148204225,1.8397854121754036,467.88789698252117,0.17815987345721407,0.011621442300000201
70261,-9.058163484894301,-5.239050081490248,3.0137315148722754,1.2559886767002546,313.2380668366882,1.1810048794235444,0.011622504275552867
70262,-7.217978276289298,-12.070806131441804,1.0152594264264467,1.4531009682817344,244.7776963048435,0.023142400815027386,0.011624460831974161
70263,-6.768177023838473,-6.263891602303581,4.813232273510566,0.7658425009544394,468.47110027818945,0.4963945757938504,0.011625596050960123
70264,-5.6356273001885056,-11.387001277484735,2.675422912170095,0.6872599598087861,180.58873498793272,0.14751382164596993,0.011627643960439998
70265,-4.306174344205518,-11.785676984490065,1.8142823579362461,1.0603087491388747,467.1408069722201,0.9320151870102276,0.01162862055448208
70266,-2.7536229415448936,-12.06396103633731,3.18402046250091,0.9540818850772792,189.5808726183204,0.04294076147183645,0.011629670095969009
70267,-5.914439378400339,-8.004559829518506,0.4782908706113775,0.8144192542512869,416.9314258325532,0.15509238457302565,0.011630902342183965
70268,-9.02688411483682,-6.513856499464935,1.3056760489960875,1.0425990354578438,212.77291901731368,0.17216075180433688,0.011631407969141057
70269,-4.372901414801394,-7.460392020966758,4.575703854065194,0.620518592000439,127.24277652302506,0.9004379188472509,0.011632641246994903
70270,-3.066208916994462,-12.18432065225422,2.2584488845463118,1.0997258982848181,285.34839773505905,1.3770543332269094,0.011633239099217221
70271,-6.486850356232153,-11.819449484923009,1.7416031782030899,1.765546272865166,377.1489180395534,1.9198076533765427,0.011633729572678013
70272,-4.577712628208872,-7.304812032663062,3.1927284909104507,0.7742379264566669,187.9614703249935,0.5034277052920428,0.011637046956637871
70273,-3.704010494033808,-11.824978954045221,2.27163284851337,0.7267860064145418,377.1300161449368,0.36928857045644126,0.011637648563815365
70274,-6.305300155812043,-12.362724516639291,1.9995351651087638,1.821593146437303,468.66990899982187,0.5609321179661579,0.011638843083390386
70275,-6.847822742757668,-11.284087290120564,2.381635682095146,1.378297406980811,300.68088527210335,0.1871929242365189,0.011638902648677556
70276,-3.8035350770772327,-11.803160918018524,1.6351139037454605,1.8455628977418042,453.33254212958053,0.44469273033492573,0.011639976846864663
70277,-8.970373640813364,-5.1976778832420685,3.362076860900485,1.789646868830417,467.61227539640225,0.5745761288791469,0.011641178001049432
70278,-8.089190601418862,-8.84952727209873,0.5008593119226293,1.0671672214930952,453.6541254038074,0.8139710219931322,0.011641374115598123
70279,-7.033399641311819,-5.896726062612197,5.025331733790016,0.7625200698937885,175.56444834397902,0.09426572867463445,0.011642609317868676
70280,-9.095205699052972,-6.809434941578859,2.272383674766485,2.9917204389921395,430.04905505043763,0.1550691987118773,0.011644324003288947
70281,-2.680220306200786,-8.215643881726958,2.838676315508675,0.902992859680563,195.1736319367566,0.023037479709461905,0.01164471923651721
70282,-6.1185831880974275,-6.749746037421199,3.5727771062687963,11.23053325284893,599.8079704660277,0.007989948182081541,0.011645123129479677
70283,-5.683255302966699,-9.631458558791083,3.9317178258490357,1.133746304818077,284.9858116660661,0.6470903444977099,0.011652067011741835
70284,-2.7946706172881806,-11.939881587216474,3.194078833797623,1.741203092246994,412.4039288520193,0.32743918321718635,0.011652246953171675
70285,-6.9391799854301,-10.796222081334696,2.622475634759148,2.957406646815929,497.20402066753604,1.9271810988815838,0.011652323356442503
70286,-5.767299210557865,-7.341401516364514,1.7513960592071693,1.0829759731832156,467.735145811715,0.1267328186539407,0.01165484706466371
70287,-4.973484965032555,-8.912632051804575,4.646447282201918,1.4982513575161491,345.5480519711292,0.43448512342553425,0.011654866120921375
70288,-3.203560288948961,-11.904315923315234,2.1459420073388107,1.1092472752212383,281.29229235323174,0.19832718278956207,0.011657284718518292
70289,-5.4096212912892945,-12.023644922939114,1.5274748304347419,1.2300376633211856,293.3882596999505,0.5185343263338149,0.011657572882503903
70290,-2.413348762351168,-10.82796479154258,2.6337774234862956,2.6550461130807106,462.972701219306,0.8750361692963757,0.011657627051873162
70291,-6.242639485500951,-12.64263072116221,1.3452546529023337,0.8792928709186335,236.65931103666614,0.775846268464071,0.011657763026363328
70292,-5.668789485506475,-12.398035655334498,2.0833228134081754,1.7101264493759398,403.52661415091785,0.2374547324749141,0.011660199792408819
70293,-6.5751208435923365,-11.365716155647046,2.5750713445672124,1.759501541639127,468.02916592692554,0.381206551645362,0.01166207605471156
70294,-2.5572691305853033,-10.169936088238487,4.183829345161157,0.7084050337632495,467.6554105747974,0.44191536636511497,0.011662271877408049
70295,-5.039548920648403,-9.628909248499573,3.889870739750723,0.8238665048131738,468.04911757653,0.10961644977125129,0.011662382252634421
70296,-3.0252965194963384,-7.56878933184312,3.21200272633417,1.0609533459626195,469.3505111783155,0.16259460275058668,0.011662422223344677
70297,-4.738634015763633,-7.714531832048196,1.45179788339736,0.8735860229830263,213.39975091170456,0.44934717645202316,0.011663384978381838
70298,-6.095750530374495,-12.210718883571717,1.907122310584045,2.5647881635279433,456.15784434896074,0.9720641957687812,0.011664141457722389
70299,-3.53344202230741,-10.837841306419959,2.85776104620425,1.0601767492259095,467.0174999658143,0.609848228476431,0.011666847733492598
70300,-6.050600735217465,-12.34907737131425,1.9803088013145613,0.7040260256341325,174.51858262663956,0.9358579202023067,0.01166730226142982
70301,-4.533892353883472,-7.6381313702351346,1.7185355656490697,1.1392435550805982,467.21198564166525,0.4284007209687575,0.011667634831128261
70302,-5.658196680350912,-12.063801557670427,2.3664695867777623,0.5694769119124479,119.85851259781714,0.7314995184303275,0.011667857327214204
70303,-6.521454765427661,-6.39376782406835,4.210055088485638,4.8362095658213375,495.35344981471127,0.04985205612734234,0.011668723609489973
70304,-4.782728391138918,-10.536615863013203,3.105674823786476,1.7218765981319315,417.74590460532085,0.5086912292519434,0.011671571277470608
70305,-7.141530858290594,-10.088393133294776,2.964891168585768,1.0436436798718665,264.99108047186905,1.0863523869872909,0.011672423550082014
70306,-3.9483257023013234,-7.413870456641498,4.2890191276541065,2.440981891232405,445.0986148899728,0.9853199826813599,0.011675512299791304
70307,-9.116619455848728,-6.593050430943541,2.402873223155562,0.6234271819731022,192.87867823568791,0.9297805820323424,0.01167580888579511
70308,-8.832050963996828,-6.527439869512113,3.8143181371115036,2.214706515828664,267.564796928478,0.08214046326895907,0.011676238586142954
70309,-5.726427853223179,-7.019846091387289,3.8543362002394126,0.9992392477055981,467.5673183762637,0.09793819509544743,0.011676311852516727
70310,-9.119041413158316,-6.251731497679618,2.64249498869342,2.5896772824047565,466.5648883689335,2.498416384964682,0.011677441904488394
70311,-6.320405931734534,-9.301741117628827,4.272637508404663,0.966055049889803,468.49478953000454,0.5565414228601098,0.011680729806009742
70312,-6.719808073947471,-5.850457485638609,3.839317919135308,1.098597532914547,284.3703572350106,0.7011853976148297,0.011681985096813684
70313,-8.125236262951297,-5.93552836970878,0.2064910749978364,1.203347008594591,467.3884910689251,0.3101133797414093,0.011683023571252303
70314,-6.7812521574219025,-5.867016606154422,1.8629107039286381,0.7948180756004661,161.5872890914559,0.12117956185611867,0.011684681433368807
70315,-5.648619345308137,-12.291801677584305,2.0090160452972174,1.8908297909638272,456.00195115650234,0.2626393178465083,0.011686729431050247
70316,-2.343630395949635,-10.187627100145292,1.5020517708330876,1.177614570562237,468.06060378866755,0.38706523364323253,0.011687283425397063
70317,-4.4009901901052935,-10.82625757765173,2.896926584837371,1.2189988669327736,302.64450412856036,1.514181326393703,0.011687588614011809
70318,-6.536362508860114,-7.084288827609434,1.002985691657877,1.3066351103836533,322.7042381948803,0.43947878790409245,0.011688028374004277
70319,-4.2142872925333155,-11.134659020804795,2.696651785821129,1.7849389295281,468.6570899801587,0.5324021179356837,0.01168914217468296
70320,-5.259185121306981,-7.176821362931097,3.773442827255613,0.5212829470218898,116.46966275126363,0.5952325204629192,0.011690360287578973
70321,-7.183790224517786,-8.967927839164558,4.171340705070057,0.7918069128092391,138.41520178569996,0.23088228878567563,0.011691290917050172
70322,-5.083715123942812,-7.894000817018148,0.9020384921464338,1.4858547249516092,348.55882547296983,0.40860174615868683,0.011692021574254478
70323,-4.009537447238328,-7.366795602736618,3.154161455244379,0.8050508728860503,173.97383517278664,0.005906555765514021,0.011692074403050848
70324,-3.5191157985452683,-10.672416680562534,2.972042715848731,1.6589561894465519,468.72022588446185,0.8488107166462173,0.011692357232389074
70325,-7.0018335883537945,-6.986972812455971,0.33621510770472657,1.8310645705564939,437.3744917465611,0.2938589391238615,0.01169445859808502
70326,-2.493575161578203,-11.051264868741288,3.6142595925323633,1.6583551892414465,386.52176714519646,0.736185461383184,0.011701865928091816
70327,-8.149064590838663,-9.302352085956073,1.1740139786351456,1.5820055261001094,181.28878435426935,0.24957606018496392,0.011704709894749463
70328,-5.207248331859038,-9.789749525609126,3.7477065112197394,1.0036750930086031,417.2159681154997,0.32164704033339486,0.011705842596443704
70329,-3.3896325040938766,-11.88718658202674,2.153015780764153,1.0187561140617662,273.0379278684638,1.5652340995500635,0.011708804118736803
70330,-6.776029997219157,-5.356629477176082,2.782562403020262,0.9799748060483167,242.59329943288228,0.6584648322796074,0.011709016509641146
70331,-3.177955795202032,-11.733230096026961,1.8144729117310452,1.2272278918059067,312.3468255142837,0.5236021516582694,0.011710025115552638
70332,-3.801924644745341,-11.894967730477102,2.084694874517419,1.0064996198380056,268.22188261705884,1.1786798697175014,0.011710845544170246
70333,-6.031601483180555,-7.037490329798402,2.1322615214712335,1.005588601941709,275.84868380453776,0.4131991453788526,0.011712213205935063
70334,-5.061154756742695,-10.094440258486618,3.46553656863742,0.9330237621070635,468.3066390486028,0.02612151343057878,0.011712828089213308
70335,-2.6002720400882895,-10.888952942673384,4.083934425283641,0.8618321472837623,467.94357503341587,0.6574260481028338,0.011712966814130015
70336,-5.405654612434169,-9.550440923737431,3.9926532115576863,1.1016574712736982,266.3938077716278,1.3602979689448675,0.011713895847108448
70337,-7.5778391826014815,-8.882913724960211,3.7159096779965517,15.80294782130071,765.8063070366999,0.15810662150261923,0.011714729746710425
70338,-8.937563446424178,-6.42495962395224,3.5092871199375564,0.6441729203189985,169.76445531435422,0.2611849363702543,0.011715843297296242
70339,-2.979524403783719,-12.176944609287059,2.5390754841802656,0.6922529969593443,467.9605846016679,0.4773611334923764,0.011717817299000744
70340,-6.547086373280628,-9.30108071542428,4.218123237299564,1.522938885584531,343.37674586808396,0.015268435675147352,0.011718605302837165
70341,-6.859550819073181,-5.3625325161885415,3.861992755118199,1.0553039529581194,274.6477570012693,1.2945432522843063,0.011719296899487959
70342,-6.094115963991717,-7.605527245654101,0.8633529584833891,1.1326547386433308,165.39336166786754,0.19992701123709367,0.011720857659002168
70343,-6.860708985469397,-11.081233575872039,2.5030023996580053,1.5719076741568438,468.39267246989675,0.48653328500955606,0.011722340774367287
70344,-6.320639777375609,-10.385900660562763,3.2618595338323666,1.2363708545259724,468.0300460069182,0.03506965197235701,0.011722683539586092
70345,-6.442895383001354,-6.487544933092215,2.4857400077543725,1.7606949673243268,467.995833724004,0.3661901818217048,0.011724465991274762
70346,-3.712178702938674,-7.781825835151096,1.4529207005215543,0.9499075558583142,190.03943700312425,0.1110978634786477,0.011726769477311026
70347,-4.388043968445089,-11.80236664491623,1.6338407279560687,2.546892800827329,454.0620180027137,0.9493507379704464,0.011726808062698631
70348,-3.798424884360725,-11.88055607730162,2.164402673799206,1.0705150453691832,467.86466300983255,0.941352080349974,0.011730692208771362
70349,-8.59055603674199,-6.819609214181665,4.292309426888628,3.1563708870881713,496.443944248813,0.5071858971987968,0.011731707184426803
70350,-5.013263137687491,-12.081212999612541,2.089345134236768,1.0922785894730682,283.4363692576699,1.216559263683501,0.0117322646950165
70351,-3.5589516451596968,-11.936953574074709,1.554154489533527,5.4859297077438,647.9284863040136,0.671271232350878,0.011734242789083244
70352,-7.041731626853512,-11.272845953652196,1.3462088773312415,0.8884497021233922,193.1719761287712,0.8956290883477083,0.01173428687222372
70353,-6.302946922825653,-11.351713899970383,0.05957717320377243,0.860298226514632,470.26601454537916,0.02887502544918963,0.011735071952799136
70354,-5.061478996865785,-7.259628674882669,2.9646259956656995,1.107767125579025,468.1474179547327,0.3071039399118183,0.011735477754720511
70355,-3.5985741371724362,-7.398117273818045,2.8595664508760246,0.9051735876450028,468.3727913040512,0.7983145334816841,0.011736344999558378
70356,-8.669075227424232,-6.319050760762435,4.240843235843904,1.6811755066202503,465.11554704820986,0.776523334450439,0.011737278421172387
70357,-5.824625021958426,-6.964526365721743,3.7791162075558296,1.226422728087186,295.4956323399805,0.16934776765306214,0.01173877367488996
70358,-7.565838695751589,-8.944042961454144,3.6499722855299974,1.0425709856468786,210.22077244262928,0.9905027412369583,0.01173905271628889
70359,-6.514355651695475,-9.057321594936829,4.507886320593009,1.126694046620357,284.80775432080446,0.8609798003957989,0.011743444634671954
70360,-3.905059123615323,-9.008902493289442,4.475769891185721,0.9990698336492098,272.3416214593648,0.7395936836633785,0.011743582842932856
70361,-5.98154466626742,-11.57605954771196,2.590957749169267,0.8759374591072744,193.78357539711712,0.09733137323676289,0.011744049903812915
70362,-4.59565072434734,-7.347906101521281,2.7759523551467598,1.8102927303365768,467.77316824676114,0.6484362516974196,0.011745158093317713
70363,-8.961092241448233,-6.446224289256615,3.419979313198138,1.1047551334944576,264.6987610742961,0.3822163271313421,0.01174588012977238
70364,-5.1372101781057635,-12.032550934855959,1.9994179188471315,1.2333636005686937,309.6176267267965,0.6253433889112143,0.011748211139749064
70365,-5.820913333770445,-11.386048370717639,2.670665483228374,1.1469114543646894,293.79726464095717,0.6864928872314211,0.011748664501627175
70366,-3.4747009760399443,-12.094205854515957,1.5016822851646368,0.9793699950357119,256.2545932207171,0.896334941393234,0.011750616589405825
70367,-2.9361712953887986,-11.206100789737011,3.0161129132474542,1.1411433236915982,298.412474262871,0.7572400249371043,0.011752039438398594
70368,-3.1451740002622515,-8.6117761594493,4.948720498592877,2.6881274135856543,437.67597412408264,0.2565828140905735,0.011752880351153006
70369,-8.195891525541853,-7.597851923246207,4.398005846279581,1.1167270107966374,292.26290126651065,1.6119309682601708,0.01175639406473053
70370,-3.3433017412513415,-7.373927802159337,3.584122006634314,0.9256138916506739,186.3876666259934,0.19794419139903052,0.011756400967174297
70371,-7.624864088891497,-9.14940671830006,3.244468010589914,1.894625822791141,468.0429330345576,0.29564984155183716,0.011756462448710928
70372,-6.229516800451826,-11.994366502144754,1.4510253340119441,2.116644590326395,397.31982308745654,0.5910288404439497,0.011757196719759933
70373,-3.5665934117050266,-12.580714445588058,1.432250819031073,2.178759173756671,400.3105736278865,0.45257670408342054,0.011757581434856898
70374,-4.416841476572668,-11.937481436475805,2.0765252087087522,1.160274528107603,467.1989282621188,0.43582837308829436,0.01175903665898983
70375,-3.479133578785496,-9.694174647403923,3.756505842305486,1.0451350192495164,278.08265257115715,1.475474046158232,0.011759472500293933
70376,-4.796345976314149,-7.6801424283283275,5.156371909023762,1.706886425073249,467.9817501532173,0.301978302294887,0.011761396428139812
70377,-8.968041532373892,-6.150198359542848,3.433241080908674,1.9993668571326935,387.6582790080077,0.4729114695432086,0.011763508839272616
70378,-7.602404150221786,-8.393378126741558,0.24093509080359501,1.4494243176727812,306.87243967453077,0.14434578115804353,0.0117642184419675
70379,-7.446706451165682,-8.348962963608969,4.651487069352672,0.8726457897526337,462.5163986107802,0.3765141112593229,0.011764239057467698
70380,-6.549218848714613,-12.071547070408975,1.9541555951383376,0.7894453952367407,228.49487474124405,0.9026752629938803,0.011764690809635214
70381,-2.6483458431679665,-11.53234239078421,3.7827326369371908,3.767324811131834,553.549686598835,0.9814512979250649,0.011766596774682404
70382,-4.972438629019164,-12.109929730837266,2.1733488719165,1.6165275158353392,347.02340839115243,0.9001464682198792,0.011767092007889175
70383,-5.123996860258131,-8.604843995862732,4.976071694459787,1.6429169782113857,437.94208076197265,0.3225450819001292,0.011768260125547568
70384,-5.682218542696869,-12.506930348060976,1.4125216201144608,0.9390277054139325,187.77030526208864,0.5625370609262843,0.011769858562077741
70385,-9.052489421791341,-5.456877251264122,1.3575957308743165,0.9616349346457986,254.52260529893024,0.5327300303477109,0.011772064663839033
70386,-3.1038817947482444,-12.043600246621669,2.2713143641860745,1.689255469539549,467.74142546424804,0.47067338267415604,0.011772444096347397
70387,-5.870051785035962,-12.316073350312696,2.248601650366577,0.8706695118180153,450.2799770295447,0.43214069835629854,0.011772916921160979
70388,-3.272803025543033,-7.379243475961426,3.7214539637367237,1.2866852519826282,313.62637571844556,0.21644580168605732,0.01177304129382103
70389,-6.816238364693634,-5.256162255840689,2.267262387417314,1.2562690871428128,265.24313579830795,0.3885095325708159,0.011773043415671055
70390,-2.5592676212515606,-9.535639673416076,4.0231105450751175,1.0954279335640735,283.0788216473158,1.025100545847165,0.011776997634797243
70391,-3.654700173753321,-10.52629800121715,3.062030409860741,1.0501493510242317,278.78491322586785,1.4191826597073005,0.011778572965471091
70392,-2.4998507825281138,-10.199475718949428,3.6860243573633458,1.128781670907631,264.0669675547246,1.2219495186369818,0.011782114740227294
70393,-6.010128265194089,-12.177575370037824,1.9072302020876264,1.0378033345565094,467.81057702914956,0.9267844585593865,0.011782479302888707
70394,-4.7614380914944725,-10.317885229060998,3.2654594442005194,0.8808313754728324,236.21408567219973,1.0780678639407908,0.011782506945373498
70395,-5.129627521163734,-11.808681732501864,1.7265089448830717,1.0010001344418065,320.200261724679,0.49328269993996887,0.011783859680440614
70396,-5.468121402593032,-11.909530167823567,1.8150382486135381,7.513042969291984,710.4511872511987,0.2779408309868252,0.011783923342974711
70397,-5.810333455547908,-10.771260562507846,3.0185507288098483,1.7312066743238852,408.09499421293435,0.13548721435042754,0.011784146837955138
70398,-5.055802719718277,-10.189297552877555,3.3828715832965113,1.7259658508179037,406.51107571354675,0.04903371999372386,0.011786668168836532
70399,-7.1099033340044775,-5.533624501707828,0.49949383186819385,1.552491793745685,344.31793803378395,0.500897767124294,0.011787286473143616
70400,-2.9467262205716294,-8.758305956128421,5.026636244630566,1.2082597211267405,268.4381878203454,0.08396065571061762,0.011788951538565549
70401,-5.1946010193454715,-9.355592269641214,4.177839158363695,0.9076555974344925,253.36751042885984,0.8471763925594429,0.011789412784435143
70402,-6.296546153859287,-11.820667860040967,1.7016697949729915,1.7656298758813607,420.5890308997969,0.589719732219824,0.011790374657558427
70403,-8.308718755439708,-7.958969083679758,3.6128316738762685,2.6370152601462147,348.4031277521336,0.0030430557682246118,0.01179109925205149
70404,-5.2750436307192485,-11.69457147073802,2.48027429389403,0.9158556336310424,253.44408606939848,1.1307891932469287,0.011791798067329185
70405,-8.598441440764041,-7.909949600051764,0.665434858883016,0.8007193764750521,163.53885240832054,0.9714437430885026,0.01179186460221064
70406,-4.404987625209088,-7.329726088246415,3.4312859506127817,1.9038974450883062,467.3145345269932,0.4818261196216449,0.011794498525893623
70407,-7.4566376018275005,-5.039696974395748,0.04401977362278171,1.4752934898194856,341.9103365201742,0.2567549354488703,0.011794641208571103
70408,-8.146643776252178,-7.291348637754766,4.8130723870015935,1.588766199203917,468.2338119118546,0.9333170023807549,0.011795858619294533
70409,-6.0781720244051565,-12.057902859145777,2.365889308649668,1.0221916464499152,277.49179849666746,1.7695948846918261,0.011796250505647204
70410,-5.372246571803231,-11.56026640016183,2.5453847296498444,0.8286921002915344,469.9714861418002,0.047981364595584,0.011797532801656145
70411,-6.303960670087557,-12.40782016147983,2.1036862513535795,0.9672329806805812,269.7340093018482,0.9607570383203559,0.011799285421517192
70412,-9.019474394674049,-6.674239848283403,1.5048079434215116,1.1324801457398073,290.6156562036521,1.2527810659037728,0.011799867297347102
70413,-4.142358401312886,-11.889758346118283,2.1676237354875005,1.0671863228611889,203.81687689203247,0.0734505656529496,0.011799910515648144
70414,-7.207207180001818,-6.232898073712131,0.21315632513903118,2.1329255770307265,416.7825799695843,1.4729617616603914,0.011801162885538046
70415,-3.8616260072092077,-11.802483005589636,1.6223964720770574,1.130387417860221,248.04128949407203,0.22369831156456677,0.011802735269041324
70416,-4.875926214369052,-7.583204516760882,1.7622605433170873,1.0033849765894878,207.39627880099923,0.7136170778936171,0.011803974837175726
70417,-4.9093037410551705,-11.799526212419797,1.8034660699022054,1.1452175991294942,293.6592131303566,1.1297563260460413,0.011804076980934915
70418,-4.048269372032424,-11.720817710875663,1.8017043523093448,1.7216718735961023,467.24966913429114,0.42189783820965676,0.011807646129294328
70419,-8.770252364330418,-7.908840467735862,1.6362014606429804,1.3737020530874715,345.70353809051414,0.5671660549124278,0.0118076821423718
70420,-4.361672418554894,-11.580654149757166,2.440759819384227,0.9603825607436502,246.26412908008473,0.6203701198231988,0.011808354804129333
70421,-5.4778697409504975,-10.342647719118428,3.2869320422977273,3.071589176256684,484.4168128529364,0.3104396253490256,0.011808783391306657
70422,-4.283345214031416,-12.142154757820975,1.4906757696946837,1.2231831287173458,295.9954505180744,0.49388911912542444,0.011809350099386802
70423,-6.989020187215458,-5.272149837526131,0.8903738411792921,1.5132801048273776,348.177658233357,0.18297793457885003,0.011809488743834574
70424,-4.781749473558464,-11.996682939162579,2.094640287104686,1.599602800227305,368.69782593523723,0.622875248895137,0.011810629619528511
70425,-5.407175877568664,-11.026361402047058,2.836707612598986,0.9393652108417379,245.66414533051434,1.0679167377847056,0.011811782461524948
70426,-6.703088713692842,-6.347594572136171,1.6882474746758427,1.753924243737227,468.09013664810277,0.7252946472895294,0.011812920911134988
70427,-3.8811398486356685,-11.174762012536384,2.646839193793973,1.2431688487916779,469.2300281938966,0.6309289669059428,0.011813001046251274
70428,-6.8038995198286045,-5.247723261606439,2.7580144267441526,0.8484007750673386,469.2633081287244,0.03591294324934413,0.011813455980100512
70429,-2.5506736840035504,-10.777420942842811,4.055882697414875,0.7498429415937284,150.85950135953325,0.010423094882809458,0.011814595871873959
70430,-8.615687914821104,-5.846433531623918,4.335923508515553,3.0172045935474814,497.9176935302721,1.1273745633126593,0.011817075438009039
70431,-8.087751714832418,-9.32934400612409,0.6721575299155094,0.8022044846784133,160.096417306866,0.05233549278669347,0.011817575638245018
70432,-6.825646593442433,-10.907930532500954,2.653741170317442,1.0759523077293593,467.85338515412235,0.9403775795124067,0.01181787278046802
70433,-3.874446804220576,-9.727583991128068,3.7333860009652335,0.9362287582273376,187.12318686639196,0.6369254699120779,0.01181973969193811
70434,-6.843294263040398,-6.0242344964252235,1.3900293244235118,0.8702242330801772,135.38742682787097,0.26605627982370983,0.01181976983509524
70435,-7.059074584049353,-10.474655697525934,2.714700665786163,1.6912465790168867,396.6049680239944,0.04675057832708429,0.011822296695434307
70436,-6.432779144034531,-11.732275983407712,1.662669179766748,3.008287836482727,495.4070086237222,0.9775643172226358,0.011823180956722848
70437,-6.633955392882831,-11.772081491836511,2.2798377010709165,0.8865878631508737,468.48595102172504,0.4013439105794685,0.01182388187417724
70438,-6.260791266385523,-11.81114858509171,1.5291876173083536,1.21499598990907,164.21087192582928,0.24611475558528362,0.01182452520090395
70439,-7.375747988129941,-5.619879995180396,0.07872131808180984,1.0731419084833282,269.54545610016083,1.236607954784783,0.011824836327489633
70440,-5.999726598992769,-7.820759855086833,0.6537971340520873,1.3440732885829831,325.4323638830674,1.1608896725125222,0.0118264356910398
70441,-2.6276094124299227,-12.89072278841946,3.6767547171321775,1.7915769151996932,467.7365105983284,0.7576914879578878,0.011827319660744327
70442,-5.972933156839091,-11.840039483179597,1.6261866518453132,2.4886868983097106,453.5609247970868,1.4050253928114662,0.01182775498905473
70443,-3.5097305929444484,-11.781337396141096,1.9820201885787274,1.744391322311795,412.11506745579754,0.48594677538489517,0.011827927664682129
70444,-5.3154244937086705,-11.871765885043708,1.7920013132779362,1.263469553562681,317.4014819034282,0.4587753348340149,0.011830275378808033
70445,-6.303597344734738,-10.949206496150396,2.888083331172627,2.2843415141985712,178.2336494451263,0.4120712893358318,0.011832585494098102
70446,-7.024017376368806,-5.017098857120469,4.382214689255457,2.2399140928763313,420.355104012361,0.8668788814127755,0.01183373807440929
70447,-8.02912246945225,-8.281747068972617,0.46906221251835767,1.3070342555526995,285.25027852519287,0.18022254935222026,0.01183399320003891
70448,-8.107498780657345,-8.654762141552077,2.8569583851949556,0.895808546399984,129.89760089584075,0.3590945785659949,0.011836828452669822
70449,-5.982655503461711,-10.05042606268656,3.5483168208718805,1.888812164055311,467.8550384838425,0.31420998007839795,0.011838090669734184
70450,-7.027697535757175,-6.181402082084656,0.5756022017872866,13.000768071397163,776.9746617539816,0.2156573228171217,0.011838909668753696
70451,-2.386211213538944,-9.636202835809828,1.246864485790872,0.9445870351170402,188.9644137621629,0.7569964247965464,0.011841876546272442
70452,-3.3093224823032363,-8.469550955095684,0.33876222407560497,1.124549195077059,278.4360133963153,1.242474672856246,0.011842321598696942
70453,-7.674306360548391,-8.411212196121976,4.221125114698466,8.020338199733947,737.5105775865057,0.33172505140630815,0.01184296841264724
70454,-5.989293955419578,-8.221215300663069,0.26073477819219687,3.7543238001802703,551.9460290897803,0.9282434773869959,0.011843188551247514
70455,-6.446870172103744,-11.836830220064199,2.3744169850808614,0.9515187983796428,259.792568237206,0.3545993564473422,0.011845219915572382
70456,-5.470672592521045,-12.191052509894236,2.2504831715711786,1.1287859721575373,288.7341788654455,1.0308907286164954,0.01184532122522623
70457,-3.0560084887761043,-9.455036240570726,4.180788797052178,1.37708563086801,330.331561761632,0.2649329545165129,0.011848428413703491
70458,-2.672186644964599,-8.383926297443027,3.5007520840455957,2.581165701993651,462.51136849098447,1.515981650902397,0.011849022629459844
70459,-6.3874639161117575,-9.817572660318225,3.7212763075783926,0.8869526759446865,207.41668704001242,0.04280782043597586,0.011850273379936119
70460,-7.157950465304153,-5.124873578020128,0.435427301324409,0.8896114730845571,466.63826643373915,0.08960826660579091,0.011851410907302299
70461,-8.502312293640843,-5.049779348594618,4.45759639185754,1.5933813209311534,369.8769186784315,0.281344961353593,0.011853160295397246
70462,-2.5008357301654796,-9.635120312395166,3.11003413833232,0.4545379957726045,123.66613828684797,0.5190574733494335,0.011854016270862312
70463,-6.849557554474211,-5.09038026490056,2.1640224485857464,0.7120898474829347,212.83799173308896,1.2496234303725968,0.011854162628489212
70464,-4.254209887891155,-9.97946642688885,3.512318488853804,0.6733952402521098,137.8233115550859,0.08818019267496258,0.011854513305193026
70465,-8.342320545576952,-5.157839241485456,4.7544945593936045,1.25923276251069,315.4151712612202,0.4650389774107824,0.01185736733156936
70466,-5.3920100934000645,-11.383924432463013,2.6330171176749237,1.1731651562259788,245.854435277971,0.036196116039369564,0.011857945063081476
70467,-5.410171004217175,-10.390515448135647,3.246215985776029,1.2206213475004153,380.3570018903615,0.6037834347727786,0.011859319495847462
70468,-6.824698859239458,-5.978815991077588,4.544878220435991,1.2874965446734397,282.04820965232227,0.621754452179121,0.011860257308721499
70469,-6.84650209024095,-11.337193570754101,1.5046155512715484,0.9674696892790078,468.2356545530302,0.010236634569888992,0.011860280715539712
70470,-4.204775890280867,-8.272391911017756,5.149589491720394,2.328835693473313,438.5231396842292,1.6399310367163897,0.011861026216252521
70471,-5.9649040119672385,-8.239668351986353,0.25396317716946404,0.49941437587558507,135.31013697474512,1.180323632763753,0.011861743913359826
70472,-6.4235996342398884,-11.00357949937344,0.07112353269103866,1.8726808295004116,467.9419586119641,0.14189929492544806,0.01186282956226578
70473,-6.879620348619486,-11.479544681209473,1.8619240893080118,1.494158541440041,338.4465828595953,0.18867978281168263,0.011863075359635072
70474,-5.857629120566806,-9.770795894831988,3.7991259190393474,1.8787129657640904,360.189128338286,0.17451468201987463,0.01186359342355443
70475,-6.077299262261583,-10.778165892786431,3.0109897093324403,0.7384010389017975,467.23675323065027,0.4450131128533563,0.011863751805538062
70476,-5.437315074441246,-12.145352291317378,2.0333387507705516,0.7567225664808876,160.36932995008155,0.43204007202364547,0.011864428224454035
70477,-7.95438362845582,-9.484333899501147,0.5524580022664458,1.1027564162068504,467.70072102367345,0.0765612836009959,0.011866401954017796
70478,-8.203262227006336,-8.537673002919345,2.796696513797795,1.0547961138005393,276.78567379962254,1.6672886741551602,0.011866694744236198
70479,-3.237638530511532,-10.083345208528478,3.4269720897489564,0.8771248553729547,195.11994541254484,0.8645935508279239,0.011868648293305781
70480,-5.050644013093594,-7.495655483144012,4.970318556890777,1.4720312574278296,339.4651800730779,1.8364240384032113,0.01186975847821385
70481,-6.919278416943821,-12.872017939758145,1.1243142894507572,0.9385766088585696,469.05985280679755,0.5995734564565565,0.011870036417268163
70482,-3.605923178801177,-11.200161827183061,2.626289296020479,1.8674085547115902,467.5691680610133,0.06701196123853759,0.01187102006081138
70483,-8.097959479660279,-8.981898313787058,2.2153572022664894,1.1025388494409922,466.3300915067614,0.17209130007907092,0.011871182487982204
70484,-9.084539330618846,-6.602559638835166,2.7310045102113354,8.881171772044398,646.8398763437617,0.09597875007735102,0.01187125507295854
70485,-6.140971285217493,-6.7384509384352205,3.4458136611125574,0.973264529025812,212.42348977191264,0.3829811751523122,0.011872911678084554
70486,-9.050993937044783,-6.4411869270448,1.6899772877807937,1.0815515100900484,467.2750689074234,0.760243265232341,0.011872935484293851
70487,-3.0001840162498006,-11.445934157311097,2.814267720428301,0.7192472203601278,467.88648969777495,0.478576587344123,0.011873505315709843
70488,-5.575224429414987,-12.302314280461433,2.1679019633988026,1.5340540459191734,345.09607982082076,0.24615972996706237,0.01187364405458473
70489,-5.823969163181816,-11.490216444352228,2.6122340498156507,0.7302959259069284,357.3679045467281,0.34730183703284734,0.011875552725910586
70490,-6.817295045466619,-5.270137489524048,2.4639696922769625,1.5563916866439902,468.76576736612526,0.6895229967057581,0.0118764065172227
70491,-8.917564026314409,-7.439288830592474,1.5910584554539176,1.6031103942601823,376.3383461140792,0.33159002649565483,0.011878707234810458
70492,-4.049731845737542,-7.390475625381381,2.8214657697528467,0.867529782222617,236.25111745039882,0.9069806765142587,0.011878908363116437
70493,-5.9201509989555205,-6.910407086441482,3.1918045136776834,1.614240188509182,374.4122124834808,0.1170400946867085,0.01187976278125887
70494,-3.6161625662006234,-11.740718022447831,2.288421980927982,0.8329429027382278,469.35584068586274,0.037866557975477555,0.011880389535942004
70495,-5.775866168306579,-11.976063709765647,1.830669096847743,1.606013828876254,468.6213127849944,0.6491520155335335,0.01188130360707676
70496,-7.164936018780752,-5.129106255842161,4.807187889042774,3.110991404261267,490.1283922194309,0.3750765653566326,0.011881318339363359
70497,-7.678760318644143,-5.339248123467961,0.07706784525919494,1.4885686300995358,334.564092083869,0.03427643364107258,0.011881354149381984
70498,-7.0544309908922305,-8.792874727697157,4.511565465548833,1.058248669800689,275.96419933517956,0.6907129491874509,0.011881587432670239
70499,-8.45732097203476,-6.782690855516434,4.57649915822328,1.0767282329014092,280.0006098940943,1.0687551421283503,0.0118818344434264
70500,-3.238523338794595,-7.912818083957612,5.169298359342221,1.065656146940868,265.0838319235469,1.4865654682864564,0.011881909977815736
70501,-4.40644360398558,-10.388936053735346,3.187572367073747,1.8182320532686207,432.5846516706115,0.5505357041160996,0.011882883084220388
70502,-4.460881684578681,-7.370111704104862,4.216463007100214,3.183720646639976,442.4057852789465,0.1462409408600136,0.01188386769623815
70503,-8.828066322458824,-6.201532430557328,3.8471636392052777,0.8490091223262142,170.45682023932167,0.09174997333010637,0.011891659104684224
70504,-5.308005404011261,-9.918619860421186,3.6212549895516566,1.0693262164863342,467.1621876285035,0.4043509850027913,0.011892424594778572
70505,-3.3029348030159698,-7.465751608160895,4.376357241935321,0.9604785236462089,191.0016360385176,0.5347908584280994,0.01189265237477106
70506,-5.9024828137154834,-11.932575043865242,2.413236269161619,1.7706937749738176,468.6937327109164,0.6466393043197654,0.011893581729180291
70507,-6.44273714915781,-12.849161060583072,1.28609468184139,1.8551962527656267,451.7814600366404,0.5129708431092395,0.011893918123617283
70508,-5.521822144668827,-12.036529239246269,1.5059897439368868,0.9527356499913454,465.94578527824643,0.472409610850824,0.011898042853718599
70509,-6.114805219748139,-6.782819119641785,3.063084508244416,1.0893928088471372,291.1826078695556,0.983743714407983,0.011899272440242647
70510,-2.7393547962625764,-10.14074316240842,4.182612166000294,2.920633074701443,488.6133339531246,0.9820199300412336,0.011901062923138838
70511,-6.240753888101221,-6.899210182844069,2.0997278310220415,0.9695226242465055,467.9851827224994,0.36117856780695945,0.011902570915929594
70512,-4.554701831240503,-11.767981459857273,1.8622285068672297,1.7768562825425853,468.2394874600032,0.2565572729484762,0.011904141345950902
70513,-7.248070927495078,-5.8724950270245495,0.19250707822680488,1.476996728725504,330.5421547125058,0.08941003231638867,0.011904384105700666
70514,-7.248532590205668,-10.268644155812371,2.5992746883166955,1.1908257116586658,467.96316904963794,0.416550089816873,0.011905229772509872
70515,-5.379789226523167,-7.528448527180332,1.6688701381497324,1.1368470400698567,284.1280608052476,0.5836616207521308,0.011906219731624415
70516,-6.6776196712807625,-7.280805626958975,0.6216553887208289,1.7670398450325675,467.78863796112734,0.5554988907981455,0.01190722690058297
70517,-4.524790348802989,-7.454253811856435,4.5864547055937175,1.5995542342378726,378.2169084742609,0.31074291778858676,0.011907934669256121
70518,-6.862131630122645,-12.595229780747967,1.179928450159424,1.9081311590821628,469.1998061424154,0.559462788386722,0.011908981778325382
70519,-4.1618865476616795,-12.378245595938957,1.4548572017531112,1.1408905695907448,429.53913860265124,0.0895819383130183,0.01190967120186642
70520,-3.056906432758714,-12.161764284820457,2.22070089120899,0.8756746771630963,455.04684290324093,0.5313169914265403,0.011910475991812467
70521,-3.4140965528655363,-8.49249274176405,4.971580381628729,0.7885670225561997,168.918320779285,0.3381092723631136,0.011910490478136764
70522,-5.762940479131451,-12.252879929321065,2.25245047376959,1.1679895463099081,299.5444130634603,0.801406416505527,0.011912323286013679
70523,-6.873765435729931,-5.040687130149054,3.6398090136948404,2.1951199512758923,424.97455683590357,0.44940576447138714,0.011914833070224881
70524,-5.671998517689997,-12.341563745238469,2.1220117024068443,2.737646702615589,468.0987049162544,0.7921735291367336,0.011914889577410827
70525,-8.816619227346013,-5.099641660326287,3.79065335212595,1.2034138846956084,306.6631670689145,0.458958446860799,0.011915417128558342
70526,-4.817840492466363,-7.734021827163444,1.3933866122379157,6.467491805680969,526.0082651895464,0.038495953827877294,0.011916637638598852
70527,-4.802446297388746,-11.971265281315105,2.1836744015327567,1.8406364320683744,467.99999143269866,0.3680351739872725,0.011916934929338579
70528,-2.7089978764139513,-12.693234983521862,3.2861733204229764,1.7656031094989812,416.9821794845294,0.6002746350482164,0.011918564836410671
70529,-6.937866575445466,-12.082517068542394,1.2020216028625743,1.6845188129395863,470.0820632252766,0.0940433442767512,0.011918809444772306
70530,-8.77417927357441,-6.784547977399683,3.8564154118208234,0.9821943262754257,219.46145592995217,0.4254195985038818,0.011919643109425664
70531,-4.571396996508438,-11.801865514757882,2.3204249558797265,1.7038100409159764,402.080171850986,0.6041661939865879,0.011920112801859043
70532,-5.690895204160993,-12.29171494495841,2.0511329000914493,1.3484898870335087,310.187999369027,0.16628198579609244,0.011921121828088308
70533,-3.7094982130546246,-7.709251542447148,1.6599068036031355,0.5648553130818854,111.94684277467152,0.00882485796897825,0.011921613124763373
70534,-5.4873498927899576,-12.22502489704362,2.192040826200179,1.6221022730108337,469.0828881751336,0.5988641016786156,0.011924649928113436
70535,-4.764952475074201,-11.792632247423475,2.358648688556116,1.096404083447413,283.50758432664,0.667519234627532,0.011925530532358982
70536,-2.92143942628163,-11.22126096422773,3.020970005168905,0.693106001344758,138.9016161287118,0.28253307076593526,0.011925866628892836
70537,-4.093108351673584,-11.258395997007757,2.599403892670681,0.7007179689788998,153.86719844240488,0.9792354863537538,0.011926071931646081
70538,-5.174304286470723,-12.055507275180709,2.050585696445291,1.1142965561116316,468.0708758631323,0.7141689496934296,0.011926414164591413
70539,-3.384059520138548,-12.81711559501657,1.4072293795524078,1.8638058093599357,468.26573386810213,0.6727694247268694,0.011928167704358833
70540,-2.6275900194340194,-12.738842203246758,3.618762738730415,1.008066678951007,216.2697349607498,0.5105001512088547,0.011929961026597075
70541,-5.511606636295008,-12.195098173651111,2.0335809226090578,1.7479034037794172,468.0022823276546,0.899439419647968,0.011930844909855201
70542,-5.954342468352558,-12.40680810929176,2.104755348287005,0.8965436706049503,467.11395712033175,0.057514535436838266,0.011930850652256662
70543,-4.908810871862635,-7.636270779931829,5.144574750885113,0.8843225201735808,448.07242300273936,0.7306441338959635,0.011931457540799795
70544,-6.842609128984294,-6.181658292295637,1.1871328087462478,0.6433544423477382,182.30394449387154,1.2932414788166193,0.011933323734242513
70545,-8.91064650742165,-5.533339174404971,3.564655049095285,2.135116242598233,416.2745108051238,1.3928891706983242,0.011934155862674795
70546,-6.347100482528493,-10.561773613272257,3.119007361502909,1.7377223518965186,411.86736301612274,0.3341670831629635,0.011934907082262533
70547,-8.344453408772567,-5.368595847239095,4.773205370779667,1.2392595904295423,381.3163834455636,0.0029602676093842817,0.01193657457966737
70548,-2.5487213387291074,-8.699669584175433,1.8134501436712993,0.7735331594567096,172.52956535916735,0.18632426417369974,0.011936978770962113
70549,-6.651743803507481,-6.138269613119486,2.185996327902215,2.518345107941151,457.0113066684828,1.5525608146850312,0.01193841713028617
70550,-6.7065595666143345,-11.876383646979122,2.019651386222518,0.912586969914525,151.58766695186907,0.010437365594267334,0.011939338018591879
70551,-9.104330210080883,-6.105446282433218,2.7532016416967218,0.9230046387493507,249.1345172029458,1.3271488667326103,0.011940862450242886
70552,-6.619054148721236,-11.679922500960354,1.4321298369787387,1.214618304947094,256.3769061681298,0.7860475970251946,0.011942023663954008
70553,-7.349630655509632,-12.236860029646737,0.7961921994785889,2.983061234314804,489.86703634973736,0.7078869542248887,0.011943317609427438
70554,-5.38544826212005,-8.493508289060255,5.112173162020674,0.6032239599076161,149.89967761957743,1.1254395894050226,0.011944831302984741
70555,-4.35237763332342,-11.85135976280626,2.23417463483117,2.351202804718834,438.4127522378134,1.3305428102429167,0.011947081388274133
70556,-8.670837433320113,-8.21218336574287,1.1046909113985708,3.8820116618200298,559.8583346199803,0.8601799469547808,0.011951345659722147
70557,-3.8921537666452624,-7.354672420754894,3.4531528494055794,1.8629126169121155,467.7722346460653,0.2511211886047544,0.01195254146955922
70558,-4.063815029806683,-11.743772152302279,1.645428773702185,1.268345790422431,314.7670793744844,0.4401926512584531,0.011953889394035626
70559,-4.2034511817036915,-9.901536880778096,3.5688173382396955,1.0573111757981313,353.2367403189942,0.005494405611834452,0.011955445605272638
70560,-3.5356570245389216,-11.036708393454996,2.7126938877694866,0.5289904634935781,127.85855993518861,0.8659721831092009,0.011955610664755204
70561,-3.0109820355046812,-7.636979682621998,3.9881226530706786,0.8529726552242413,229.42135001726106,0.4483445092316387,0.011955753424365861
70562,-8.878781832112775,-7.067941788537995,3.311707541151455,0.9179176515527272,467.4070946443482,0.9289044063590897,0.011955973256361142
70563,-4.81875140989643,-11.398576198559521,2.5700319246241983,1.2884384526357966,273.4790091750219,0.15572434895739384,0.011957984230181129
70564,-3.970897930526423,-7.474169703257775,2.3801525585692467,1.0555916970111112,275.2261383947968,0.5073606475660624,0.011958497079202633
70565,-3.3397007825664735,-7.386230238809149,3.134232847312314,1.562213257131493,363.48777820120256,0.605967424874251,0.011961775742996589
70566,-3.709120069725013,-11.104128259824138,2.678199686782685,3.0626411927516926,494.4190550121282,0.6365371860870992,0.011966524876185264
70567,-6.420504047533006,-11.754424954708597,2.4179002483932157,2.5106258340636813,459.2142010619363,2.465340839086985,0.011967056185426608
70568,-8.536721600590797,-8.381452502373499,0.8016147535096665,2.9653797845147154,485.84315511480787,0.6843526344633011,0.011969390486243386
70569,-4.565798440979023,-12.499757522588753,1.4367868674987756,1.858317818623756,467.48998119892303,0.6104783091113841,0.011971010930291825
70570,-4.560638765453967,-7.321482981740396,3.703969994322015,0.9120189804026798,213.62316115578048,0.4177515793818447,0.011971643655308416
70571,-5.386754463411253,-11.833764925836189,1.7749477650745134,6.554735941300936,415.5339395015652,0.11169868727864962,0.0119728247356245
70572,-5.418733478093198,-12.095989112534538,2.018371305045594,0.5621390277096474,115.67688836387438,0.3146038743579913,0.011972884242011109
70573,-6.562122905582655,-6.9557650021311,1.205634700594598,0.6752190100857334,188.01465622208758,0.4560618814588997,0.011975017825847504
70574,-3.357594678720533,-7.584816249174787,2.0500256131840313,1.300622668269851,275.2876234993568,0.14628937184922197,0.011976138800170812
70575,-4.965724735502397,-11.766863505543927,1.6639320882222404,1.125580225445137,467.8308491373416,0.46628316466992903,0.011978656121206927
70576,-4.209887503341618,-10.979045231729158,2.7730138207311,1.037680541260176,271.948915403787,0.9566203407976985,0.011980093061337701
70577,-7.28678087449393,-12.084639149189684,0.9378510811994816,1.0966615099871975,467.91276238763766,0.8049464413487657,0.011980391585411053
70578,-3.1671120401123094,-8.473570493065061,5.036472995072097,3.3517592238647618,524.4596014494393,1.0958353371451022,0.011981242155487168
70579,-4.265054598340351,-9.385682687048577,4.082485047781445,1.8241149029272574,467.5532368596338,0.3085387863829583,0.011981356814136252
70580,-2.6584644801874893,-8.225625711478967,0.9108902315929424,1.4468512315778435,334.04123163107636,1.235656575676563,0.011982590459351464
70581,-2.707114250967921,-9.568527381335851,4.646595418540089,0.9728446028688893,438.72317515480484,0.4521589727204285,0.011983194361022617
70582,-6.171493279125849,-12.292594743704143,2.199830613927013,1.704955510814832,470.21608686580464,0.19163302970445706,0.011983439717986204
70583,-4.553952419537989,-11.838672661980894,1.9410786482444093,1.2106965600048947,249.58088871343176,0.8792192645603816,0.01198440278636436
70584,-4.645482397909752,-11.738696198795573,1.7227583558066408,5.6449654964576075,266.3746216243512,0.407657686235086,0.011986057541182935
70585,-6.820128361548206,-8.609180526892853,4.901908571487557,1.3541007391942435,300.0606797000444,0.05762940171572151,0.011988320608749662
70586,-3.9794050195389197,-12.605469939598573,1.4238941534660219,1.0908206153228317,277.24393360593194,1.2951410693518897,0.011989267929518212
70587,-3.854858682748848,-11.797880810581471,1.9949598025378894,1.746421756524116,411.8146669209406,0.6064119304118814,0.011990352222982042
70588,-6.664913618725621,-5.907781634338262,3.3487521956705435,0.9096050384775616,467.7487942611567,0.3469704888041374,0.01199113747753277
70589,-5.922452625183209,-7.665544736198668,0.9000267347528483,1.6616607274979016,451.98667362667646,0.5514789864056295,0.011992489346001901
70590,-6.180665628286873,-6.82066899731521,4.36054834615542,1.2153420052189527,260.25495373127126,0.06689958187474776,0.011993797665059461
70591,-5.494031785057296,-7.560202538547555,1.487283831087611,0.8415913906907063,444.28779926780845,0.016434273162366786,0.011994305576662421
70592,-9.01605337260092,-7.1151733828422845,1.8563854193119582,0.9952199979747679,467.8646861994558,0.8121189344062838,0.011994751586607864
70593,-5.433770268341081,-11.806574090838994,1.6748770240054387,1.1109157119894764,288.12253559620046,1.2926245173194753,0.0119963603725208
70594,-7.392414304599342,-9.692037472203237,0.30352219600211444,1.8817743722961409,318.8234082790812,0.075441171650513,0.012002684202278478
70595,-6.049692710329904,-7.283343111745,1.588787606640949,0.8456236549832294,467.00982815628396,0.45063471032264424,0.012007930968391586
70596,-4.186870933196557,-8.453468243812353,5.025406076445313,2.0834614404510745,411.586173933309,0.48283180780174906,0.01200826026484777
70597,-6.722136345974298,-5.772197342832825,2.4583692415763987,1.168439654009734,259.8748106508629,0.3964497057272611,0.012008514875567233
70598,-3.655520055384377,-7.466679278219363,2.470935832972678,0.7597714423099272,412.1603632789725,0.42509663523644914,0.012008847783839264
70599,-5.949096165117194,-11.472835783186646,2.6172983318308836,1.5668339125334476,361.92080969705,0.14117940632996007,0.012009097202677893
70600,-8.73148355755211,-7.719899655447956,2.7281379015827194,1.0358857612546561,468.5104946052924,0.04766302490376173,0.012009906921301966
70601,-8.217789612309657,-5.250852959629544,4.936403450695492,0.8472346990652455,212.5717407320841,0.6707723652964832,0.012011538308648467
70602,-8.898929087157068,-7.126194635107351,0.8679962380557277,1.0012225388582052,266.3768907548095,0.9438026355730651,0.012012645686624364
70603,-8.014145687672608,-5.123043656340111,5.149145701071306,5.483597519821937,348.5269123652855,0.16350968994205672,0.012012935621579492
70604,-7.352072217487918,-10.69874406537273,1.3386348152667398,1.8230281255620804,467.5996760960516,0.6168470081638198,0.012013341605032965
70605,-6.3991172261932885,-6.467774410316884,3.0458718944739647,1.8672075754782957,469.30127804751413,0.21264673610624119,0.012015254860590033
70606,-7.047450370955302,-5.366777859369169,4.607901805946971,1.3027809153918561,292.541373233138,0.7504863443840959,0.012015588722013205
70607,-3.8591670116503787,-7.56068260756555,2.064991589978274,0.9910072821645358,273.9797872273056,1.1235362326218787,0.012016282292973832
70608,-2.5346506502279755,-8.757898262064733,1.6337562932695509,1.107603365162387,291.0889685221711,1.2559179666144606,0.012016852785362431
70609,-6.01467982289272,-11.8856004059506,1.7662537715352578,2.240887865166022,429.25839602253495,1.5097036618147355,0.012017075653609663
70610,-8.966557670434007,-7.376329279036271,2.1098563481944494,2.1248400966070133,411.7803038602839,0.32704409431836456,0.012017416433595962
70611,-2.924981466596681,-12.953210960925366,2.446839022263802,1.3111837728685036,468.1157725946667,0.739762805456011,0.012017487719339956
70612,-5.49382319540641,-11.865079357518129,1.8057795974602875,0.988263713739144,468.27076722488937,0.878977107746576,0.01201826004771036
70613,-6.4910201475051785,-9.1423300218497,4.403920099494862,0.8924288012792572,231.86478585732095,0.6986640331763843,0.012018323261987757
70614,-6.806075059468075,-8.586038007436265,4.935744828360073,1.0583807057772807,281.8026742078053,1.2470819626241934,0.012020109784964851
70615,-8.54048342801855,-5.971160481376117,4.495422169925514,0.9690547018692637,469.34530260333526,0.1139486299702579,0.012022221293277627
70616,-3.5984731920011894,-8.483818821229137,4.977736723980795,0.8541037702142074,150.79589836619834,0.3768471618406046,0.01202290470637668
70617,-6.256056734126218,-6.741088800770484,2.5288866772324754,0.8603126469916945,182.9378312350624,0.3159830261165366,0.01202520842824064
70618,-6.952121181012803,-10.724795457795711,2.6377477650686085,0.9786966993191893,251.10633449739993,1.1354208232018292,0.012025748363767136
70619,-4.639206825300198,-10.867819737489047,2.8508566162663267,1.3051883990900457,468.3957766030457,0.6212844626203493,0.012025897128427892
70620,-8.58669640463828,-6.743600954880098,4.320363485574378,0.8558837444574166,174.67533251531285,0.7751900550731987,0.01202723182223666
70621,-3.4091511934231997,-8.538637889941803,4.92394966166874,0.5864650574704049,174.5512607608464,1.2752484854876016,0.012028170503595725
70622,-5.8268491591740945,-6.975430477565874,3.172452504677663,0.6780429998700752,176.08442572911153,0.3639497945538537,0.01203104640276064
70623,-4.482009697517432,-9.645047674293998,3.820519459017408,0.7504370061520326,195.70585325941164,0.14235719207640862,0.012033615376991238
70624,-7.065706761352989,-10.431124117306691,2.7326201149376432,0.8877371459147411,470.1488635210837,0.1335507174462789,0.012034524332197302
70625,-6.86820071635772,-6.085086387742337,1.2559929219131036,1.2664561631259805,139.03822863950535,0.3685128996301623,0.012035284116787587
70626,-6.179148797538993,-6.723541510557743,3.126187245485148,0.5065052699705577,137.36718386599978,0.829757165518763,0.012037566067432972
70627,-7.093184045530101,-11.101018480780976,1.918735691622154,2.1034324650908807,417.05357583267266,1.955559685442334,0.01203928115781826
70628,-8.349759247384,-7.408516021567549,4.299088939503343,0.80583026618694,165.5262452055968,1.0691807780160305,0.012039298778865806
70629,-2.6632280881510217,-11.04504808851788,3.85988930086958,1.2292051021210746,177.42035167210352,0.09505361001162083,0.01203982735586677
70630,-7.7520708169818215,-8.912482370782794,3.3157023507097105,0.8889109310794872,184.85768418511148,0.44078400773929705,0.012039984858445235
70631,-9.056010373801726,-6.124982461117075,1.6647149633156648,1.5233089272697158,468.53776843935935,0.585266165237508,0.01204487274830136
70632,-5.5130045182617575,-7.105252370333009,3.606409012980213,1.858544290352238,445.4533885669036,0.4261981039291314,0.012045041617247594
70633,-5.845908255737654,-12.338724856829293,2.12513600457121,0.6629977828325965,189.16637844837553,1.267148685079568,0.012045418444380403
70634,-3.3171905252573293,-10.893072090771012,2.8067199746727214,0.9711846022075583,271.1669313023293,1.7984892791571374,0.012052420871241346
70635,-6.4357421077297765,-11.258754602621732,2.6609937617728185,1.3438006116811203,309.859942784453,0.2859294792146816,0.01205302889664827
70636,-6.061816224537308,-11.636855535310623,2.5350694494380583,1.901398941969991,468.6861281379265,0.3919992408912414,0.012053054418303287
70637,-3.3450316091545185,-7.614898367262663,4.819521733747758,1.3912625603656998,468.50735270053025,0.6580501792819717,0.012053205561397577
70638,-6.300583042494641,-10.142672352763043,3.4415630150958756,1.1353330454717325,469.35911162502634,0.1844419614927464,0.012053469901321742
70639,-6.730914093983958,-11.55120027615449,2.3009934475189557,1.0217057801181115,265.80216490309454,1.3010989506994841,0.012054417135469012
70640,-3.765863689778996,-7.91296314138693,5.179317176881144,1.1935812656153175,468.01166930313923,0.44235364622333595,0.012059655129196175
70641,-5.793184221934479,-12.156258856621035,1.4479774099771439,3.609907878507529,542.3877864981388,0.9888360572714623,0.012060826485574975
70642,-4.102797018297332,-11.816078905898118,2.22128964600554,1.8212936285088615,467.6747465582891,0.4478041485920503,0.012063159640321305
70643,-2.3972347137006755,-10.16615275191986,2.058340454111434,0.7958386054190574,166.17540901569956,0.021112191738744457,0.01206367833844755
70644,-4.2382842355735795,-12.445307790347734,1.4392886872297934,1.046812443594378,273.7200839228964,1.663361972915335,0.012063770804283088
70645,-4.901981983061043,-10.408656229390175,3.186118638424134,0.8164319961857716,213.31122926980748,0.8592781379073164,0.012070030824519807
70646,-4.387591828510567,-8.519235214550719,0.2653957235216794,1.1540989461035154,217.73367784160442,0.05565271829731966,0.01207048620922248
70647,-6.552736589410309,-6.298971542107627,2.4578760116529637,11.403617935265375,614.8004652981086,0.01811541537057426,0.01207090925612398
70648,-6.807091343916068,-5.332319950017404,3.368686260102345,1.7223742081437423,446.2519253465643,0.19800196203399612,0.012073636338767794
70649,-3.4706359170056977,-7.427409775293498,4.176681263127859,1.1226385994210835,278.18456468079836,1.4167184519980163,0.01207582561702777
70650,-3.3031932718512094,-7.707784588637283,4.962678486339056,1.9329205910404101,366.33147870053654,0.27644048107664165,0.012078564234209714
70651,-4.96345497592304,-11.906998395174364,2.2780791980821347,1.1155786019956049,291.8505343461724,0.25357527240565414,0.012079816702468766
70652,-2.3272687497220277,-10.93496100021423,0.8983120911602617,0.9650447850999113,252.9238918712543,1.5398634473405268,0.012080804063260323
70653,-6.214362575649389,-6.942568229837319,4.836207565062237,1.5402784759005186,349.6526207949181,0.08702068102985461,0.012081856577040456
70654,-4.728076370742115,-7.490937350999954,2.1208409062094553,1.1119217604359257,466.9106195721706,0.5929646050256032,0.012083106092055864
70655,-2.9721234889862727,-12.383184795372593,2.404904952826811,0.6015840595828009,155.8303571012349,0.31870609019134655,0.012084193894052487
70656,-5.39473648467683,-7.2662185031499344,4.549418395815393,1.476412507711066,381.339958554912,0.068445041764571,0.012084545856210086
70657,-9.02710432656773,-6.9280039946958025,1.761901398085613,1.8916600831601598,468.8317571442631,0.5714767411068369,0.012086738680940498
70658,-4.782318747667666,-10.766912713759798,2.9251515043886287,0.9995850012029518,272.83767471701395,0.3408490291345192,0.012087070876492207
70659,-6.574766848361723,-11.95708891784064,1.9574528282578993,1.622987284565189,219.05550443013257,0.08158083094030566,0.01208983375972089
70660,-2.7818172233179226,-10.097620762006983,4.108269803031959,0.9325094360712074,410.43877047873633,0.4368527715332515,0.012091586460266356
70661,-5.998390949354304,-9.295890633317292,4.280103750733929,0.9048664084937936,257.67828397002813,0.5611748656552686,0.012093942953315374
70662,-5.02390629513942,-10.41190846521829,3.192936488114544,0.9332185268533697,467.3692412241883,0.7636968966619833,0.012095715923113664
70663,-5.539976454177021,-12.48807885920606,0.0025590421734344067,1.144342473293425,295.6226829181724,1.597877653036213,0.012095936924300197
70664,-6.109205322420048,-6.926850255775064,4.537151539192988,1.8879079528766443,467.45383709735376,0.4208103586691596,0.012097214964939873
70665,-7.117600465123356,-11.031938849469583,1.8518797239534583,1.423604213230172,468.7770604046221,0.6444566715119668,0.01209741022326234
70666,-6.733651594741696,-6.4944503326679985,5.015562619003225,1.0192955010220561,271.2801453586467,0.6155918097506499,0.012097632571324046
70667,-8.596967060619644,-5.2778122188954475,4.28830820051877,1.5223683453027976,348.0618411816993,0.6561121335822957,0.012098495622664495
70668,-4.517575985086366,-12.411170028317796,1.4440929155952142,3.0797333303852508,504.1208659445999,0.3504185745484838,0.012101529567483733
70669,-3.5672829573073006,-11.70033920294815,2.302505647845734,0.9811184283536696,469.048065041745,0.636775212104558,0.012101925811144072
70670,-7.156689991230813,-10.95938327093415,1.8966767126408948,1.1954551920149081,251.35676929852684,0.04143752467929307,0.01210787516953015
70671,-3.3982403221520077,-10.830773937402931,2.8311752674488115,2.75927891238044,477.8632220577868,1.3086486920248097,0.012109554204262277
70672,-3.7065413909492513,-9.825579456251383,3.618243658772192,0.8363495539011587,165.56614116040984,0.5371921388207035,0.012109716368408177
70673,-8.331526222753753,-8.084236812308754,3.312646399975872,0.8044343400275491,168.3459034207526,0.22192046960269085,0.012111245770783926
70674,-3.645688499255236,-7.520444819756361,2.259881155383812,1.56322091787014,467.8899866736948,0.16597558599255446,0.012112141756964418
70675,-8.648106708686537,-5.343842841998163,4.188312539147153,1.0046186674789068,468.73600487419463,0.645510588802221,0.012113470610510754
70676,-6.51175080983039,-6.318515814758569,2.788981351361184,20.025659204425978,584.8952366256351,0.10820171913593146,0.012114721479249498
70677,-8.661803018617329,-6.018082769297747,0.45808771377085383,0.9717406380408631,468.3407323337284,0.07886500548136777,0.012114928180677498
70678,-2.721126758969234,-8.345611659969283,4.0466745451509905,1.029107578001213,464.5669690362988,0.5893063026058112,0.012116268543541473
70679,-4.917816164411516,-12.847804629720436,1.3945481692912993,1.5391629573558947,467.7982412011055,0.1200511952143879,0.012117963580840383
70680,-6.918220586034868,-5.974244368523447,0.9571065080324036,0.982862801047143,470.22561173695675,0.02702383719174506,0.012118848873080963
70681,-6.749644553801699,-11.107515410426675,2.5637492184437267,1.1133306712194553,292.72475464499513,1.1998117141374278,0.012121549517142198
70682,-2.5899599443060612,-9.618578572493146,4.368467521825881,1.0193196637237625,274.648485381728,1.1375001114713923,0.012125458942126247
70683,-8.224658885641626,-7.579632587371627,4.345992275546916,1.1397735153860358,282.9940712964025,0.9568822996044153,0.01212852550478012
70684,-6.9061648087154826,-5.514802029204319,1.5257824802511009,1.0215264913931061,232.60886034454123,0.23653726655794127,0.012128550461379395
70685,-2.9424956909321445,-12.630307886977722,1.4888832697821692,1.0538080172996958,277.9473529241589,1.4806594856735131,0.012130984896441311
70686,-6.924396194073545,-5.154654781617375,3.9872939551949558,1.0901137978943825,466.3567798924332,0.17388250560514162,0.012131237493126749
70687,-3.691878662078868,-9.387717390938004,4.0554607612072004,1.8810646549975607,468.13704325341536,0.5814659833692151,0.012131537700746538
70688,-2.868576901562151,-8.381987188566152,5.03715940680902,1.6604540809229187,301.22583013514543,0.07339686791795152,0.012131905533731878
70689,-2.674016848237728,-12.125145719152865,3.5647799757516556,1.0612273019674023,467.00029137943415,0.6031203656546049,0.012133238856849521
70690,-2.8650933643262295,-12.623085873409833,2.0258158552181755,1.1600966087093485,287.8487988987286,1.469432876778952,0.012135494583984222
70691,-3.222844630865679,-8.618545875554046,0.24669247654033438,0.7167237854142573,144.20166422104413,1.1031931602869607,0.012136499530378325
70692,-5.307826988114421,-11.585403383691292,2.502381211010415,1.8976961251922144,468.02265334338284,0.4615661044888597,0.012139155221003848
70693,-6.836429055535818,-5.042961207053713,2.4673712751199757,6.593382696569814,351.9657680754959,0.2542482881847308,0.012139647838000193
70694,-4.618115578031548,-11.519749962756483,2.459588665034911,1.708727575108898,366.8111590754908,1.4132054302992367,0.01214054789708445
70695,-3.211542386506167,-11.945534966985381,1.5327676939498247,1.7362112020876646,409.73957188504306,0.09447358756106361,0.012144294893129558
70696,-6.617294347575165,-11.98084698741404,2.059956370055922,1.1772053011913082,298.1000834267427,1.327311637990789,0.012144978693612219
70697,-3.2212099640551894,-7.414509085958661,2.979174760455666,1.8986354162638905,468.4796287880836,0.254456817412799,0.012145406710646445
70698,-2.8069225258815056,-7.966334523251506,1.228425978558994,1.1846006472960966,467.49071370808093,0.20664766803172707,0.012145979687167909
70699,-6.817003382140349,-5.198558615192567,3.0445896580614207,1.1527105536913915,267.5353591048864,0.19865980397606364,0.012149020682595397
70700,-3.8718940627773275,-8.825434731175694,4.6524233626802625,1.3682944516970763,468.41847381956933,0.17761172940604997,0.01214948085611578
70701,-6.158836282872292,-11.365902824343568,2.6514141516127276,1.2266467459111003,271.1847928051737,0.8717090630485211,0.012150176542643167
70702,-5.3730242130275405,-7.241726822893799,4.375422158381371,3.2117154287365146,512.072541119318,0.9221844536948378,0.012150297826969214
70703,-5.583385608253212,-12.578769501723263,1.3993676482886752,1.9000574888974362,468.2638813206649,0.6113326403137522,0.012150676650441032
70704,-4.512537600958574,-10.809114474657365,2.8805619237163693,1.860174100845612,468.0304731606059,0.38173521787329445,0.01215069810230533
70705,-7.178919847779493,-8.32730998068422,0.12410373748306888,1.8745801582734456,390.2028571319698,1.89735298963104,0.012151055859925762
70706,-8.217068364162841,-5.9942223959727094,5.045312868353817,1.8467466673480242,442.5086963249831,0.024211112717263283,0.012151341633120514
70707,-5.049072550444311,-11.793357289936969,1.622906775776883,0.8995930688644977,231.02021798217845,0.9778901430847231,0.012152749122369633
70708,-8.255598849451447,-8.903614420297497,1.6759074151658644,0.7462022314081322,157.14591129322355,0.24148780878706688,0.012153182938601806
70709,-8.503549276730325,-5.326904950439687,4.4702478347764245,0.6467108086462525,133.88318677667226,0.2347753217262456,0.012153671536525502
70710,-3.864129325536121,-7.51802156589071,2.237508218814062,1.326196410218844,316.8047227939082,0.6332655930291073,0.012154785898304384
70711,-3.064778750815142,-7.535596762929925,2.8622858277245036,0.9492050331228404,468.32154240112965,0.7749887805327775,0.012155545673647562
70712,-6.975446283411593,-5.3221872438872095,4.3724146799200465,1.8382473313097867,440.99801765298923,0.6236431140119363,0.012156521133799116
70713,-6.388684857565847,-11.608643664788922,2.4803506706759095,1.1400232097422647,263.73031556944994,1.0351677583475842,0.012156550024840208
70714,-4.095204061890746,-11.805452385744672,2.0982036134187925,2.284724011725705,394.86567516008665,0.31760018439904414,0.012157479605907786
70715,-9.13162474146338,-6.238121013765399,2.2892144241192134,2.0700842886739754,218.19454234001043,0.16819315369524457,0.012158426719712557
70716,-4.913900518652224,-7.82768404258956,1.0882772174044473,0.8891022231845732,175.87593180520403,0.802585073070027,0.01216090358269609
70717,-3.9694397108248003,-8.673374779176498,4.809207338600108,1.2341423098559936,307.84723224806663,1.4569917730733133,0.012161080442941256
70718,-2.3527142637551,-11.539128463938665,2.095852667507216,0.47615992915869454,122.1999761204887,0.2402288546493745,0.012161420209783952
70719,-3.39145127395531,-7.515179724135114,4.548138455033308,0.9637675295545818,468.3084142049535,0.5015678341452849,0.012162567120514067
70720,-3.161674064205733,-11.782011959370237,2.318556001920167,1.017167112241359,204.12300429596485,0.2723091902264727,0.012163179479539604
70721,-2.522647421789488,-11.844058108383733,3.8013970478945356,1.823728606886057,467.1584477553919,0.1616853691308009,0.012168349994687527
70722,-5.205677960183611,-10.124971964082317,3.4263870439138984,1.160656530686403,467.4105819510486,0.30266500358080517,0.012168366201697546
70723,-3.6462013486939924,-7.820159766342425,5.115763384316371,4.444528059686369,594.2716122164157,0.7860763251415923,0.012168937880800817
70724,-5.416349787310305,-7.271207978016561,2.384240882830905,0.8922604055914706,246.05619416076985,1.4298095378219395,0.01216902401520892
70725,-4.585945260023264,-10.569262725133992,3.04551786432956,0.8731435093801795,233.8313377788611,1.2929092981813648,0.012171870003862838
70726,-6.812019522830818,-6.156514937805473,1.4560172803018518,0.8577753720436655,468.34552865821615,0.5157158150815926,0.01217213972456679
70727,-6.6868347806257,-11.76385746402366,2.179738331448303,1.8356678901192909,439.99649502019275,0.41894304965144613,0.012172160663438753
70728,-4.430734524704602,-11.741548954463951,1.9046387398077482,0.9300411920841607,247.465246380529,1.4507897003028392,0.012172530056840023
70729,-2.387864732072325,-11.895555552717056,2.505803544081644,0.9720030164289093,271.37498931074384,1.7087152726360317,0.012173777165637263
70730,-3.6412753527164154,-11.752949288459053,1.9992542558168445,1.1427526797119674,295.080289169936,0.9902177203587295,0.012174698768427127
70731,-3.0600415111384773,-12.952800123300896,1.4189617509770889,0.9945539273244629,273.7449816525358,1.7037867447156252,0.012175552736276001
70732,-6.398581924161837,-10.53697866907123,3.1123717330992653,0.8124443916232151,468.12006724518,0.0431157160665121,0.012176364462601248
70733,-6.17636245070908,-10.455599751238424,3.205565806006945,1.1853882517994472,302.8452164371893,1.0624759779268667,0.012176737812780163
70734,-6.656640216698023,-11.568483316937543,1.710704662166357,1.1228476107139602,271.4088677067933,0.13403199638412655,0.01217681023015277
70735,-5.480551593887808,-7.16398599693328,4.1678073917096965,1.9447869959845787,398.8686475871881,1.9724222357161603,0.012177611657499527
70736,-3.627235725951338,-11.972566802134637,1.5157602656464833,2.708788098102566,475.37898657164084,1.7627722194185145,0.012177656650209758
70737,-3.25740825105774,-11.451235768897297,2.4691242525939945,1.0600435515426718,275.9072307376617,0.5737321329819105,0.012179707669287628
70738,-6.161887626470525,-12.302975581064416,2.14735734293365,1.7992827780672467,467.85040420052263,0.4858204194660152,0.012179734091686193
70739,-6.243287268306688,-12.370026929217234,0.06615306132551464,1.1503928436108846,284.2175731789657,1.2459593273734297,0.012180237269750186
70740,-6.657133655337502,-11.914545347493956,2.0473098667218155,0.820335006550946,164.88813702526508,0.8968591313285765,0.012181614287653885
70741,-7.945388663637398,-9.836790919945207,0.8815367475970978,1.3178438130784043,290.19234692651986,0.3480592768348387,0.012182097399760334
70742,-4.403936637319941,-9.050352773990381,4.429420882078086,0.9739301676662286,469.61183249277735,0.003463418889307235,0.012183265416683004
70743,-4.417806098169797,-7.331255122666088,3.6735612407673828,1.6979640368013182,344.7237320896741,0.21311206510016323,0.012183638974759665
70744,-3.4382454597617453,-7.962065063008308,5.1711010729502584,1.7281895839477537,407.6181554137075,0.11264445765366915,0.012184489828401295
70745,-4.519460196141346,-8.57773846067399,4.930998390485751,1.3702551952077382,329.9011296099017,0.4047676890956753,0.012185119417703016
70746,-5.904851218119741,-12.00120350698753,2.3479420488188723,1.8483934552799692,467.969600089456,0.4215298021743834,0.01218586128439068
70747,-6.79844845374228,-11.670931312147255,2.0248941124598168,1.0628630640829009,468.1051229452151,0.8674671054287986,0.012186146386685292
70748,-4.960717898171209,-8.260770660955796,0.461252595337633,2.454338702632921,440.9349140756602,0.7746778199641176,0.012186783313111401
70749,-4.524379730102741,-11.855945966234973,2.141814167388977,0.6817863655731978,468.30138582687664,0.3974175659673742,0.012187340191243358
70750,-5.223506418459081,-8.973560847191653,4.5796815077673845,1.3673041539069881,468.3751598069944,0.4381589317835628,0.012188055226617811
70751,-2.792003112188822,-12.619761803663382,1.83407322570143,2.345490351382362,396.088717121004,0.1438823705337029,0.012189885315772428
70752,-5.91165246354561,-12.075333771415146,1.9189163315158122,1.6861188829713825,394.905536350971,0.6511816138274371,0.012193021517896968
70753,-3.4280612319382255,-8.461446893039598,4.983431283811496,2.6531950530529236,462.29934122101355,0.8871565695499157,0.012193099446206102
70754,-4.7259189851481125,-7.4516518906585345,2.2392025797350814,0.9629822014374443,255.19904720553197,0.17211695085209922,0.012194757030615185
70755,-7.275604795894915,-10.709601119213882,1.470261547141262,1.5120097004061273,341.7102428658177,1.5553695415653452,0.012194974918767093
70756,-4.865492496550274,-11.89530811759605,2.24211654559898,5.07662455493624,625.3212536210601,0.5362521504000606,0.012195218071525873
70757,-2.9438165004171832,-12.118769685640766,1.5879641791142987,4.96724372931534,566.4085644968953,0.1863363128000124,0.01219617559531276
70758,-9.0525590388943,-6.911544094192742,1.91145865462131,0.6585225004481052,467.6232732759282,0.4338837728695717,0.012197547764024293
70759,-6.678128432799302,-11.758691294016966,2.188555895726478,1.5056554101149746,358.778627399821,0.5006850541341317,0.012199533947394266
70760,-9.118810901875836,-6.287478993290615,2.522429101359047,0.95097167634229,469.59028858747223,0.1523755935167097,0.012199846149311714
70761,-8.641299373739793,-6.05571389320329,4.277777906274857,1.5688890672732605,186.20817313277522,0.322604083171826,0.012200381258472453
70762,-9.061570168893246,-6.215421364556579,2.988185417673429,0.6347677174379677,128.94921021187844,1.0263646914177782,0.012201305385839899
70763,-4.103872469943093,-8.129228576116148,0.7075088107406097,1.7816215773790334,424.86663154023347,0.6468409147196441,0.012201746902829045
70764,-7.0636304257544715,-5.640711522030598,4.8561310181847785,1.7674788360189333,468.82724659411247,0.3280885536018143,0.012206000712585053
70765,-6.294569823365517,-7.0359149498652345,1.695217882056693,2.194550690528411,298.5707069330636,0.02559569806466211,0.012206083381098866
70766,-2.4905519447162057,-9.241402434180616,2.252310883434861,1.135655620022051,296.3003346874694,1.0821939138143506,0.012206943340011342
70767,-3.743714682064306,-11.642239431060162,1.7345471635926717,0.7589070240475164,208.26314516344047,1.1962421128648275,0.012207816848319097
70768,-8.907676939565832,-6.870904328945487,0.835739581336069,1.8702374508067923,451.1733147489372,0.055810962697820266,0.012208790970617053
70769,-7.817830809896009,-8.503948105784769,3.805037602851333,0.9199236947380781,245.80930627493098,0.6018384068299403,0.012209251672964504
70770,-3.640830291547835,-7.3726812748338775,3.355292661031864,1.6285988508883245,467.9944901895108,0.3655866770313123,0.012210037604707244
70771,-4.927404781819974,-11.944819349527606,2.156382285429791,3.227168143933959,514.7961410004762,1.0955169057542564,0.012210092705900195
70772,-3.387432996075499,-11.73775602968527,2.1861551687930554,2.537793349168787,442.0983525430105,0.3923659499796548,0.01221155778462504
70773,-2.642100232668497,-10.446250049183849,4.16117181498373,0.9464869040070535,186.7106591079116,0.2306719093215932,0.0122132695330754
70774,-6.988031947452308,-9.331990666128295,3.9035871615884714,1.0180680703599176,445.483385368756,0.03906364220290204,0.012213755978589647
70775,-5.579787530181466,-9.484027361206929,4.0536123747757475,0.6337212563980259,157.2647496186664,0.5777199436264802,0.012214416824649627
70776,-6.123151929364259,-6.773830431338692,3.242647295417686,1.9016340577280506,366.47702817587634,0.2031175134090102,0.012215178878644949
70777,-6.541136964263539,-10.99201331280276,2.7629234125477837,1.2344229053109743,260.84444648632604,0.057186267055989504,0.012216655212041627
70778,-4.348702535571394,-11.71274270969912,1.6629650392169788,1.2042524453473904,227.25955117033953,0.1998595870332709,0.012216916498816878
70779,-3.0234474944849072,-11.002433405509477,2.9226426730327844,0.8893839616791749,469.20324356098683,0.036072446601353114,0.012217159404635851
70780,-6.157331534185642,-6.8876353646876805,2.354837839566794,1.8803743320307185,452.39879113065984,0.3600003201812365,0.012217331858194819
70781,-3.6240385362091843,-8.173297469069118,0.6681181665780166,0.7828720062468764,201.414155289714,1.0163923443242817,0.012218552415882685
70782,-3.7239948588181795,-9.818345632262965,3.619299208946814,1.764055534146728,418.6239929143952,0.6268156252691153,0.01222352818272829
70783,-6.870140663151479,-6.416511676737159,0.8769610629482822,0.869110244247555,215.12224814003386,0.826907605941746,0.012224563028051286
70784,-7.258653572982539,-12.024760833580203,0.9643298233394474,1.6653343973781005,388.13503728565445,0.20367111523109482,0.012225460354093812
70785,-6.297944647520493,-12.78443900260137,1.3103334202157098,1.763035658451722,467.8079385726415,0.6502713917859024,0.01222717679247582
70786,-8.468820508747822,-6.407853243917965,4.62854974712051,1.9052549989072156,468.2729029329855,0.4946219839090107,0.012230058738711538
70787,-8.827567158530687,-6.993566380213557,0.7289330398075934,5.483461804831976,350.40067578141685,0.19878510260989302,0.012231705024484167
70788,-5.0376131391918575,-11.973532358743599,2.154460513021848,1.6483142685733518,388.5654442831817,0.9365179731206092,0.012233260199932637
70789,-6.813611797791083,-11.829477831703109,1.2956547876194093,2.7950566893797064,434.0908067104452,0.140820085296121,0.012234511706479153
70790,-5.732131587762179,-11.917117895729534,1.5181986892434365,1.6061977568214698,372.7894374690146,0.23471061986268804,0.012235444667830747
70791,-5.53516275160231,-7.302902664521189,2.175171054711918,3.958884534556544,558.7363553505592,0.5248652356425065,0.012236065358777679
70792,-7.009080777303724,-10.518400233232827,2.718020789964829,1.6206831896289886,378.2264396175211,0.8959964896317754,0.012237088924279806
70793,-6.607408812628478,-9.529656024868764,0.04382056059035523,0.740613776036988,183.9646909823305,0.33532687586040577,0.012241923868631856
70794,-4.734555306202105,-8.159031206318613,0.6125363908066808,0.860697697197141,175.85700157740249,0.2946842710868216,0.01224236610795966
70795,-6.837099048850529,-5.048057525176682,2.521191994871633,1.0828257107706194,467.539192835225,0.7908187561392834,0.012242406045842444
70796,-2.955469633707918,-8.409329043606347,5.150094617153216,6.573147129101351,609.9312710531383,0.12775427384322136,0.012243047845539463
70797,-3.1185730512104373,-12.399508988409849,1.4569630553173993,0.9288676949915171,235.593306692622,0.5326560443347308,0.012243825151564901
70798,-4.9047281574552954,-7.32708931871457,4.219472207771463,3.171033164133345,511.5416997394204,1.2507686575740733,0.012245305906617892
70799,-3.8788716395791143,-7.9227299107665194,1.061554220355519,1.1212718175911494,291.8453313157683,1.108209748496284,0.012248672833984101
70800,-2.956626286373373,-12.603051895918949,2.2728201685027587,1.7083306344889344,470.3259559309845,0.15338404288888707,0.012249235330680062
70801,-3.229970785190038,-11.65183315797616,1.898064224792032,2.529636845568803,460.9387734447917,2.4739322387860003,0.012251133686805154
70802,-6.385890786681645,-6.906190161334581,1.7571363987712063,0.7813045343520789,220.67718778203565,1.3551529076294644,0.012251703366941185
70803,-8.144239855720755,-8.931135237046773,0.5631277301361177,1.158338203835769,253.65848930060866,0.04022474338769566,0.012253951477742326
70804,-8.397133403562545,-7.439983107005011,0.46901005151233816,0.8233533257643446,241.8230054046097,0.3366433004371192,0.012254031405082405
70805,-4.347482173003221,-9.311352628954918,4.148528325564846,1.1182281058204553,241.92892252376788,0.21944324757445965,0.012255041707311447
70806,-2.992433047413682,-11.774032563740487,2.6218204565745307,0.7941872540280226,163.0630651423326,0.012534739884972446,0.012255357105952963
70807,-2.923813504624154,-12.130881076356195,1.9579961025788328,1.8575620075444597,468.3630639443514,0.5224434479934876,0.012255785362876517
70808,-5.017407429281452,-11.956119646819458,2.0538480783749637,17.144483527414465,802.5218305834491,0.19072464423110969,0.01225616189124225
70809,-6.608620203351177,-11.561112609641958,2.3896539628153968,0.7185887286038063,220.0266463679512,0.7172599176739682,0.012256312299145292
70810,-5.809171243229394,-12.173335727372288,2.2196017950837414,1.3610362966917822,329.9714289792689,0.26392786206218943,0.012258325202192019
70811,-3.3113622288559146,-8.089521742005576,5.170042619368552,1.2361517894343794,255.23352717541368,0.14157692088321738,0.012258366421562358
70812,-5.948022640596884,-6.962507738113528,4.209535725821085,1.3751197226964333,219.1324562484516,0.09646264573772445,0.012260260333555121
70813,-5.411147665556039,-10.849579849168062,2.908727645400429,4.045528517835953,572.9167179818131,1.1193880059115706,0.01226052342085692
70814,-3.9016134872417094,-11.784702569932776,2.0733570976940014,1.1182178209110518,292.1343393255706,0.5968206204088418,0.012261961688701311
70815,-4.771598608346786,-11.812027702406375,1.9792008533030685,2.175340723367903,421.8020059369255,1.5522264126437841,0.012262329969581367
70816,-4.530254622994519,-12.761772984812003,1.4015343253253938,0.8732074983647247,256.97735185529245,0.7098980009672644,0.012265249338926506
70817,-3.3041282853601937,-11.163697997058874,2.6179804435791634,1.2983791258537674,277.94872495470077,0.16546135953433083,0.012266158123983479
70818,-4.263974795058947,-11.358905451128674,2.5256630030269704,1.745293367163822,469.7571119324501,0.004150239228728481,0.012266222863226301
70819,-7.808317277564268,-8.374032505852163,0.3405293893317755,0.7022381875890908,466.84657396582645,0.3726784410666868,0.012267475826848583
70820,-6.761227192906361,-5.570752677643863,3.31314211905294,1.0235039341438465,272.2362255982766,0.40372282552837735,0.012270432638630566
70821,-6.392173303274403,-6.798193567885743,4.83521540144882,0.9768336569553662,271.448993808665,1.6613308553902764,0.012272219412604538
70822,-4.086960807893548,-9.556621788965966,3.884460864565823,0.6513631514852088,193.72921273777519,0.971996015709756,0.01227335551967516
70823,-5.941073676813784,-12.728383570605724,1.3573272101746197,1.8104982743749694,380.4850851689049,1.413374000712171,0.01227373383268389
70824,-7.5061946837466,-10.313419451253377,1.467160357402871,1.4417123054514682,328.8646423447035,0.5868660658635614,0.012274435540359252
70825,-6.482134898407512,-11.95533409114607,1.9207056227856407,1.4011153671433434,141.5582339928494,0.3191680865262283,0.012275556135724678
70826,-3.2060955262476956,-11.62337070154586,2.351360545319865,2.2341420522540734,430.62483740241544,2.0105781073577687,0.012276423717072762
70827,-6.056989794135434,-6.876767752109687,2.87762119255142,0.8837895739900196,376.760806371997,0.35419008829464094,0.012277577981395258
70828,-3.7325464812519593,-10.420586453788859,3.119827319251293,1.6855250298967643,397.78334625267354,0.43615329072124176,0.012278394140545587
70829,-4.699081644847595,-10.763651936866841,2.9134563366564414,0.6987037905018575,469.0025017492707,0.39219630041040343,0.012278641495332364
70830,-7.753392634737631,-10.324469867253548,0.9079000856474078,2.37772495174061,430.66998627475795,0.7197356369101469,0.01228046721338315
70831,-6.175809997138418,-11.081669041935735,2.7929651225778076,1.2171398183077096,306.9844925465501,0.6395492355030097,0.012284609002040639
70832,-3.7156423496313,-9.849549090240792,3.592412895558522,1.1967594628776468,278.2126187070072,0.43829700596401455,0.012284610540463212
70833,-6.402095977521349,-7.288720195814653,0.9862198179022961,1.5254828897302686,163.89404691178433,0.41444072877773763,0.012285975135204566
70834,-4.25705837010383,-12.944362483444952,1.3915207745677294,0.5525372327309561,127.97415380854476,0.509711484823284,0.012286234286202359
70835,-2.9156219992757,-12.814841941892192,2.204361270643135,0.4917710240549271,115.16313821387695,0.6861549540926744,0.012286342132818727
70836,-2.82670027906763,-11.370876900790375,3.215179582102667,1.6904307919286916,397.45078291728197,0.08864243500120494,0.012286736000824151
70837,-9.04184221050543,-6.127023830898796,3.0833640827828868,1.7181617687164705,365.2989364658158,1.211891891612197,0.012288836627003207
70838,-2.921701599757503,-11.171413825111056,3.0045200725957666,1.133165383137183,467.6332352715926,0.49095188260886413,0.01228990663662715
70839,-7.580765191109991,-9.188107781754113,0.34339153272694756,0.8260636653295966,184.3290165418317,1.0473497605451811,0.012293679509829685
70840,-4.635711794403844,-7.396628732879555,2.5472469204078,0.7087219478065159,467.83792163865115,0.4669069835779256,0.012293960066277419
70841,-3.5998348728713303,-11.625279032170312,1.7344027866629874,0.81409074342006,206.45471967229074,1.020166369711104,0.012294129960131689
70842,-6.850095936150055,-6.2065088271827715,1.1167689514034422,1.2386972903946205,308.20400759128955,1.5544930363667984,0.012294510601798049
70843,-6.486257630613725,-9.758776807324615,3.7338961509514617,1.7090971479873407,424.9247838129026,0.9533243449786886,0.012296082478579471
70844,-6.236073795495717,-7.988604341468205,0.3699896543953389,1.0658237494056442,213.18573448819174,0.3583566720280418,0.012299507499986474
70845,-4.430619362008164,-11.728119407860364,1.8986721684205576,1.3115739524374719,316.22709112234884,0.39931273953312996,0.012299553906065058
70846,-4.724373525147486,-11.094648547125647,2.709324610904118,1.422899781818847,222.87372924230434,0.053566866879624975,0.01230059084640509
70847,-4.4737673571431475,-10.624347987619348,2.987654878041346,4.772061599168649,613.7893377109091,0.8721239848902798,0.012300976620142146
70848,-5.914567739606052,-12.059157961194165,2.3033347981136143,1.516008047008708,341.61431676873184,1.4288646813361394,0.012302513203561644
70849,-3.7069330469618587,-8.36519854975183,5.056023779731821,1.1356400249107064,294.3369055135195,0.8905128703499656,0.012303068257598686
70850,-8.413814725816323,-7.678381226694086,3.7854480029809476,1.76993096602194,468.0493669194406,0.7621822251985462,0.01230332530327932
70851,-8.591046778892439,-6.73079391813161,4.3022730432271015,0.9243352801687977,260.38890036003136,1.769402723245757,0.012303755118528248
70852,-3.0701287999387876,-12.62561984319387,1.4386212574947124,4.99905765033204,622.909313070174,0.6387359606746799,0.01230489160833825
70853,-4.253826194894651,-11.689738927132124,2.3208754806392813,1.394426000061803,312.6457908567727,0.11267264839625124,0.012305811049565487
70854,-6.749377520619689,-5.645895092034297,3.3616943874408194,3.361343410775274,509.56020071134446,0.4353379844194176,0.012306996679820992
70855,-6.502278235326627,-6.70044706809644,1.8531121781135838,0.7267050825499467,197.8744421192464,0.7714311188204208,0.012308883011874825
70856,-5.010580116615751,-11.972503353572629,2.1062663056697883,1.3857237769652546,310.39666775827794,0.48029159985062897,0.01231015080107443
70857,-6.473628304867846,-9.476936246563358,4.023801823811874,1.0122701779620285,467.48404125448235,0.2634037592928946,0.012311185963278586
70858,-6.538698957528769,-9.49519482049056,3.9840484863032293,1.6354424386043107,467.9936787158567,0.5125910329435603,0.012314301452454745
70859,-6.073016721879129,-11.502294643109815,2.5688493015972886,0.7855316188737258,180.8583066328078,0.8388499618828815,0.012321274087540343
70860,-4.218238482913815,-11.782766690198592,2.1446405673381164,1.8642046930736489,447.39904930987524,0.39038610703129084,0.012323128988768224
70861,-4.210749558676239,-11.749817946738814,2.258987628608332,1.0327718214198585,245.33095954460336,0.9313964983226528,0.012323442329557009
70862,-6.040099397949362,-7.0281546912014985,2.2368757891614446,1.0204882995357305,314.5654177788998,0.14300900598126187,0.012323909373911961
70863,-6.708665598141852,-6.993859499866757,0.8319885533088957,1.4724841234588826,467.67022266825217,0.2500796732552315,0.012324207150685197
70864,-8.895461742276602,-5.653995840167843,3.5985008770941467,1.9798669929480495,382.2732199904731,0.47383006698746666,0.01232431689433431
70865,-6.051534566658132,-7.02476894116583,4.72542288881998,0.928665091384076,244.01979039773036,1.432543573608613,0.012325007395574359
70866,-5.539258251054642,-11.9133999912818,1.8860414861417205,1.8284770897335756,447.1301849697781,0.7628434637528523,0.012325888847899574
70867,-6.482002184203264,-7.20583277190769,0.981487575945216,1.1663819494531267,467.3708341453082,0.3165900003329698,0.012327338245597006
70868,-6.594959610922629,-6.120969597844641,3.0721987291750357,0.9357193069093621,469.0406412151035,0.09211823547098241,0.012327629903567205
70869,-3.66993180681858,-7.425274821099818,4.091572813631522,1.5859666314061533,374.61466103329064,0.5469429514599335,0.01232922483949765
70870,-6.748241789334987,-10.524355959051332,2.958252179649335,5.968733869701232,667.478302439621,0.4104686725177764,0.012331969501912801
70871,-3.561632681967657,-11.651025837113286,1.9044545820503036,1.0205218460988095,467.5577982541766,0.6626380221699408,0.012332073265123839
70872,-3.442066093910964,-9.414413079990256,4.014051021675295,1.639674426766565,467.99279328564904,0.36481119601217316,0.012332323996746976
70873,-8.833086710872365,-7.375690491543996,3.0038561327565185,1.9011753987018987,468.5381862974426,0.6520742310870249,0.01233415115745217
70874,-6.322899632470088,-7.009353274770677,5.143452363094666,1.3508233771680427,298.42312725322506,0.8119454517652693,0.012334359810330958
70875,-6.020779960859349,-7.1557731033234795,5.017956084291909,0.9774069297634733,243.76602590176117,0.8238684555305671,0.012336548934645837
70876,-4.079110771839597,-10.83196272285204,2.829112094238817,1.1064536875084738,237.0815941430292,0.048287095665401125,0.012336853462292486
70877,-4.358797593164097,-7.648440346739986,4.986089746948288,1.0817562104536853,282.3200834719392,0.6383178719206528,0.012338225705356988
70878,-6.4885822790405285,-12.044525876149004,2.014853288156196,1.6873446393421956,367.03683467245827,1.844632201840155,0.012338690077916862
70879,-5.195289394059253,-11.997973745981744,2.1895283807829755,2.7922436371535433,478.02779387324836,1.0672797416733202,0.012342809646034441
70880,-2.4839281389668226,-10.292830458853938,3.452017511997961,1.5277427361019156,351.89814393101454,0.9196930482748868,0.012343263810417743
70881,-6.396088003349991,-11.96619320326821,1.3959907819014152,0.9281211152933458,237.8488507682115,1.3101764676378709,0.012343673953485637
70882,-5.669417594421838,-9.734316921106437,3.801858091757601,0.9873079239368014,259.7706263205763,0.5847087030607687,0.012344956191101267
70883,-5.850733453723843,-11.915010117326831,1.5047102559184908,1.3546254665635107,306.74169554858406,0.07204812982494957,0.012345345049356131
70884,-5.8338498714287805,-11.988585643768609,2.3271511764772637,0.541491910017608,127.3962922351337,0.7991986131786328,0.012350688102990691
70885,-3.4178630806440315,-11.697384295961758,1.6324305836799207,1.021241256313125,272.7810299435667,1.518356433193743,0.012352304911191162
70886,-4.019980571869416,-7.380977237521103,3.7775705111757385,1.0220179563510583,259.3072170200579,0.13967801127201795,0.012353808548741274
70887,-4.409269841882652,-12.153461283937144,1.4719998093955349,0.8718076961469144,225.952820394507,0.7512458371260218,0.012355003556594467
70888,-5.113689843375219,-8.22707161819661,0.48506509704932294,0.880387069566414,175.0540360775976,1.046800632441685,0.012357245236532678
70889,-3.928848156061468,-8.877914419469317,4.590644608624793,1.3510483444565906,329.30648662488954,0.3194264609651638,0.01235800603806332
70890,-4.5393395050162875,-8.465699470825964,0.3081712540616546,1.9506001324953672,397.6681746486557,1.672338413151862,0.012358272837510436
70891,-3.43148848690256,-12.369605150871994,1.439374521221971,1.4365096210798012,331.6526691401449,0.5470960793979325,0.012358438609298953
70892,-6.00757541551836,-11.743720575128501,2.447848408199864,1.8765718870521086,455.47739122274635,0.5271414822963267,0.012358844473609715
70893,-4.504704340985781,-7.323807407343175,3.435278938690699,0.6042288015332467,165.03594437083134,0.5405790091184164,0.01235974388444101
70894,-6.078743901646845,-11.748150351319898,1.6437480888037308,1.247055116859548,289.6144724652295,0.1322252841696132,0.012361824781142877
70895,-4.894689408069074,-12.25044197856132,1.4537017253541584,0.9071207820710648,258.86286582828643,1.783553159477596,0.012363568279058134
70896,-2.410511942139361,-11.34178162689023,2.6418457294051456,0.8979166583455584,235.6494327817275,0.14236303928113792,0.012365848931212448
70897,-5.093675317656085,-7.708442314784484,1.387584521028508,1.0820333653633194,257.8830856504715,1.4273176920334638,0.012368664926101341
70898,-6.431956233948692,-11.290551847742101,2.6222567168586592,1.0047602804521363,226.73850044451703,0.04733949353685318,0.012368806532249784
70899,-2.8638651694599018,-12.54968714736799,1.542263958201012,1.1249116571768392,467.7577944054622,0.3172761679092657,0.012370008804018522
70900,-2.8084004268757052,-12.375416412252688,1.7485478343503373,2.2038303149279526,425.8624428928248,1.5664195990613816,0.012370079901136527
70901,-5.500889660163798,-11.520308353150922,2.5251706842215498,1.8739547425604697,449.7513578288437,0.5499241622101643,0.012373274086342182
70902,-4.97422790445329,-12.379011906793142,1.4357282463924748,1.4614963080651804,469.6292166323863,0.042551791812508455,0.01237610126121578
70903,-8.248195386903271,-8.333346024802756,3.050301964115051,1.0271402287354068,235.18106059483188,0.4050139972843789,0.01237686489829861
70904,-6.68988264533372,-11.672321644284413,1.3817172814448453,2.4070428661543457,404.61873728511404,0.27534042158389926,0.012379329091482247
70905,-3.334921840201619,-7.46947931844903,2.5998995752876572,0.818266527100587,189.23380009075183,0.3635102661866805,0.012380100165372675
70906,-2.3011457496786374,-11.355143025834412,1.518654610705522,2.342953160187685,442.81748087705984,2.3468898672563068,0.012381495204297592
70907,-6.613167206190049,-11.505092934554792,1.5541884278466453,13.429511955329962,659.7267245915725,0.049237121789130534,0.01238186697611115
70908,-2.9338341157999004,-12.581133308630017,2.417396992147135,1.6631720684028688,467.96300555194597,0.45579451318486885,0.01238280087497479
70909,-5.167376234897805,-11.886639967918626,2.292313974755298,1.6159167505252328,361.47918866576936,1.0631085158621811,0.012383180156140209
70910,-3.659825750782913,-11.637066911660376,2.308562182182684,0.8662570511621188,224.81203201396727,1.0936101295703402,0.0123840947307932
70911,-2.755232269270956,-12.95916536929042,1.8261773600089115,1.1408299526480337,467.73348645166703,0.14182656692912055,0.012387419334992624
70912,-8.483570217109927,-7.260417876223492,0.4693104532731044,0.8253600138545799,469.00175859060016,0.1378288867039883,0.0123884175970645
70913,-8.52167649576938,-8.531831731574089,0.9760773355717749,1.2566424397955076,266.263996425981,0.06545665817212853,0.012389508065657612
70914,-7.986584673831343,-9.422096787792814,0.5789202708433894,0.7076113577651783,142.07672072303276,1.1194168313505601,0.012390903828035241
70915,-3.452162612998025,-7.725353467219108,1.662177111008859,0.6755395398228901,147.97560315552045,0.2692097122917003,0.01239101641095522
70916,-4.543730098691566,-7.626946523264312,1.8006495475454127,1.1466972271347786,231.42450482821613,0.050867175380060026,0.01239316997073903
70917,-5.208480404743028,-11.790951337769046,2.353446831778965,0.8133002719081113,197.56499093000258,0.8015104516286842,0.012393461920588978
70918,-4.713687749896058,-12.588404003485852,1.412864094015104,1.8582738930611467,469.0302410609751,0.1820777813915644,0.0123941645869131
70919,-5.725800132563139,-9.13050054818273,4.44115585870005,2.2887586111070446,418.3353521205248,0.4280808013220243,0.012394678412810545
70920,-6.25969150645898,-12.205216702715479,2.1515203596217676,1.3612074000428445,305.8685249000677,0.30035839302834066,0.012399389876859577
70921,-4.763460955915412,-7.2970259918139115,3.554287809650352,1.1821038384954954,467.81248326313363,0.14509330355876404,0.012399804783606335
70922,-3.635840775235245,-8.307228878346582,5.085288624875721,0.8393333590512622,462.7385530172781,0.3717710277695412,0.012405364605264053
70923,-4.572728297557079,-10.483656529355393,3.087305966138219,1.305645576842483,319.8025042832905,0.5439145481313821,0.012406263128268815
70924,-2.77238324204216,-8.744800181667745,0.29950629080551977,1.0075440034663696,468.1726835008597,0.9068049737658042,0.012406392923240417
70925,-6.476288455001686,-8.625092701629608,4.997781736676776,1.8079416109445703,469.9100087295143,0.23312524450206862,0.012406512500977913
70926,-7.029925063531175,-9.973546765643675,3.1772699132143027,1.340754801007724,467.83017731375514,0.40714472312993966,0.012407240833384693
70927,-8.443301492787663,-6.943245189219362,4.497077012212283,1.0325197287399397,255.58802295363833,1.4620578589805193,0.012407266952249956
70928,-4.950575438509653,-11.849669617703004,1.9874171484557996,1.7157800863004695,404.53048393755313,0.40890901042771866,0.012408722460608193
70929,-2.2954044494021133,-11.390843648518803,1.016216988420307,1.0155874492535717,278.9339115596285,1.3025389996560897,0.012409069884877564
70930,-6.825435789837708,-10.622948037812039,2.818999082259932,0.5887615618047818,132.9232943496072,0.005144249526798816,0.012410807342453206
70931,-8.523477480678828,-5.503978382679464,4.445861201141453,1.7463329771910756,467.78630537595444,0.4412215493676488,0.01241119718394435
70932,-5.87141919770201,-6.972060008738358,3.0448037790602487,1.150281448939513,295.37066705953606,1.750042032697677,0.01241147067182424
70933,-6.55208898540136,-10.9544677328584,2.770930451801733,1.1519833325868793,275.46088588505324,0.3755512420917535,0.012411981192126203
70934,-5.757150418031042,-8.065696187665228,0.494715447681365,1.0749958745061505,282.5729341411637,0.43734912991338515,0.012415058686546977
70935,-5.172951762942336,-10.13189012616649,3.403205234623725,1.2675263872292004,316.8978218030911,0.4469252659192131,0.012416282958925023
70936,-4.394194143692235,-11.743229739402352,2.0061192170641453,1.1014087557518895,468.07544550958727,0.8757447533486564,0.012417112095218558
70937,-6.1832025186576,-6.7517019127692866,3.889985644672862,0.5159739176765362,118.09017334572953,0.895715813447401,0.012418905729074885
70938,-3.7047368118245547,-10.562816802493986,2.997850021197967,1.38415459088754,165.06993090507063,0.24381259788842513,0.012420648485443797
70939,-3.7598057498890993,-9.602268536550158,3.8186386949003355,1.2917210450931225,289.97581300932166,0.20239528838783372,0.012421046410008315
70940,-6.032104088293863,-7.448360182039263,1.2659275586185914,3.3534751350762173,516.8951643088,0.6450966599809567,0.012421224842382774
70941,-8.657742299697125,-5.3394999072602465,0.4483364786421015,2.522862410117871,460.3757304568833,2.4741049912428723,0.01242245387941841
70942,-6.683916490764206,-7.8674384383499065,0.21913023079898775,0.9579998204969622,467.35033602811643,0.23011640043607162,0.01242248932450073
70943,-4.6034057530794605,-11.71463997453369,1.890039277455399,0.5578562071997407,150.5239021252486,0.6112968023606102,0.012422863692859842
70944,-6.86698453795719,-11.256286878392666,1.5747386716883611,2.245257277717393,428.61558335609146,1.2975849067198988,0.01242717818941044
70945,-6.425103107142014,-6.736543240346288,4.724380020743401,1.6919077141315735,470.1944787354514,0.12152112474084564,0.012428144309672571
70946,-6.546870496118152,-6.4601190427480955,2.178039962974036,1.649207963591569,468.40092370352465,0.5368547149051119,0.012429325999922374
70947,-7.123149303304624,-7.370657963976233,0.1422238615088429,3.051225792162515,502.9882888209759,1.3597176185103068,0.012430108513238985
70948,-2.6950918815225533,-12.71561122355672,3.2986212844112535,0.8980424154804039,225.43716110255858,1.3500323935184015,0.01243017888372462
70949,-5.888138533770188,-10.283396283618421,3.3282922957277616,0.7772241402273846,156.26917972698283,0.765216657154915,0.012430710801077657
70950,-5.526328638801344,-7.330839505916093,4.862964586662851,1.2987771661392578,321.15557324391114,0.3077136054997469,0.012430988348121034
70951,-5.803938059701418,-10.430196440009464,3.2087570385788653,0.9932622824687736,269.9787005824271,0.45992479484535576,0.012431602189097293
70952,-2.7830400430854176,-9.47204399166911,4.59674891545232,1.1036517518127282,285.39380676692065,1.013658562512986,0.012432636287259753
70953,-4.7115358158144875,-11.462175667113351,2.468775235712343,1.113175306275087,289.525550822181,1.1713119735591473,0.01243333627250538
70954,-3.0510372923804994,-11.701280516449103,1.8354720637052089,1.914449088245397,396.87283829579485,0.6823561652671204,0.01243445118409412
70955,-8.513909270315635,-5.705297150906753,4.490900672937836,1.5128764222688398,343.96645916847234,0.6793856424297067,0.012435138528648889
70956,-5.611805938809578,-11.933734185929977,1.9281109167335222,0.9811740421914448,221.66786807126266,0.3811371329771678,0.012439782091231201
70957,-4.795198158130197,-11.756572781382404,2.298891392885137,0.9763243439262694,221.63879415419544,0.05031446323515443,0.012440266652437346
70958,-8.887279235084538,-6.349722457791849,3.6343766033474014,6.5820377689161225,679.3390358285013,0.26549436256826464,0.01244198028455247
70959,-3.610231759750234,-7.854688955400348,1.3015763034585133,5.404706391378739,510.9034003933057,0.06739107946529543,0.012442077447142917
70960,-6.7987061334214385,-9.072828224356279,4.336937751219863,1.128792820656083,295.3286595958227,0.7159209260337294,0.012443135012064337
70961,-6.451756862989859,-12.076415386402392,2.12017539369408,1.6830503105646657,395.3605753253437,0.16288245170773585,0.012443270004460832
70962,-2.475733184851965,-9.031117993525408,1.4398005954579167,1.6822628990097466,468.2447035368431,0.6368023705557713,0.012443885668691585
70963,-3.7571120502968824,-7.501736755370749,4.5093910226575575,1.4004985105111212,327.60521482553054,0.9854546273040734,0.012445600499221712
70964,-5.2774686221948,-11.780127104373188,2.3575005034810053,1.7055629361704834,468.48255859588846,0.9047997442589297,0.01244597152110849
70965,-5.433456459984114,-9.963432774957115,3.56799212486717,0.6498835841649574,139.26055205490627,0.2649825639904053,0.012446531417551603
70966,-7.082432769527491,-7.906285181466688,0.0856431583971687,1.63284907302981,468.00443478525216,0.3126820924063045,0.012448077454226273
70967,-3.2482606789900164,-7.4957995596969935,4.385671733448923,2.7581893300783706,469.77030549296825,0.6492453814206884,0.012451225113419024
70968,-3.6318930776222107,-11.548603087814008,2.365139838059345,1.1436249534936331,295.1381553263407,0.7804537403148872,0.012453435340432521
70969,-2.8025652981900624,-12.105422865069917,2.9929299594325443,1.4030817472817447,314.1742140240783,0.5546607176463736,0.012458680182745858
70970,-4.674517588340513,-10.58538675594944,3.023939902142596,1.8633929839301093,449.0176219856627,0.0913351651793981,0.012461264431980947
70971,-5.381663825093813,-11.720644771051946,1.692596711449098,4.4850459036421215,592.4222762811048,0.5718169449224879,0.012464292686540809
70972,-5.648000526438154,-11.796024368843806,2.3963213804343484,2.7050627032147307,476.30920009426063,2.187046230593677,0.01246789180793594
70973,-2.727245767667174,-11.542173971489746,3.4779644097287767,1.3065622639879662,307.43344561281515,0.2053627748988598,0.012469908800641149
70974,-6.179504632210387,-8.382106322098156,0.11399327806499453,0.5048429558083684,118.37802996579781,0.8476447231697559,0.012471041849503843
70975,-4.871526986666209,-7.827546568719387,1.1720634692516807,3.6465177287428476,546.9489398465777,1.24024944586544,0.012471630452654708
70976,-6.811238459932338,-5.2647380026801756,2.9244695536820795,1.8401975559209867,441.47063179109347,0.14013189307170304,0.012475550187212628
70977,-2.876637270214946,-12.815878409829654,2.14363476027087,0.9019470687898496,255.9688789864535,1.6854815861879482,0.012480224478109998
70978,-6.125849743816003,-6.802890388709543,3.0773372192265667,1.1633113866899985,268.87234931092576,0.7022826948809024,0.012482728122949795
70979,-9.047190391804513,-7.030620099364653,2.171020673905521,1.09347496321587,468.34758229400967,0.043155380236211904,0.012483801358081428
70980,-8.406768796742808,-7.783644289887587,3.6275221135547806,1.2366103578952368,467.1485872395872,0.41709065119817357,0.01248481424432193
70981,-8.970165806854572,-5.063911815046715,3.273073849031876,2.0295023704778674,409.0738701255407,2.2073316161090366,0.012485400009096481
70982,-6.750912843335084,-7.076090678657947,0.711264286722408,1.4754031010080757,328.7427163432795,1.0200016299189665,0.012486555462431648
70983,-3.6895974171369765,-7.514695937533525,4.5399788148746785,1.2327278125554806,307.07268239757997,0.8903168600866413,0.012487152370415842
70984,-9.08495794742042,-6.7682433278451635,2.3528538020057743,0.8200015940749451,178.80715708444967,1.0804450882313406,0.012488028595889974
70985,-4.488438722799294,-7.521649173978445,2.11293247905661,1.2889841422192931,282.383925559779,0.8361275753736335,0.012488735791475575
70986,-6.299521734560187,-8.944705274035083,4.65184663823392,1.72064992534936,468.53868939721735,0.38960959815291574,0.01248935605488903
70987,-7.555200534205518,-9.273975051042338,3.1766663107617066,0.8087331503479477,163.19959700528997,0.15456151716639788,0.012489709860190002
70988,-4.07819624996071,-8.529226554408297,0.28009176133929475,1.5288414616377126,352.28955428136464,0.08566477034631514,0.01249168259929032
70989,-5.551492477181127,-11.825447948966545,1.8379830489159668,1.2568837054828172,307.30227033012653,0.19860026680692844,0.012494595918172355
70990,-5.217880505902676,-11.689994928595391,2.3845143673036318,3.2849545164733347,519.3772533440534,1.0781927996275114,0.012495938135120477
70991,-5.624446938683012,-12.054933283071646,2.020089566595435,1.0390899750306386,193.15372275969176,0.0867059485735,0.01249669468548327
70992,-5.684978298983499,-9.946781444839676,3.5975087628203806,3.314258890259557,495.9683560941036,0.29164351265418365,0.012497939628547438
70993,-4.349627942249238,-11.504009110329175,2.4211044983516636,1.5031598890217779,344.46002653698037,0.6700011530367478,0.012498891334440114
70994,-8.764276535892074,-6.954264967861498,3.7373981536541736,1.132133166682012,292.14789963121035,0.39813931771915545,0.012499060879602408
70995,-4.762326984909463,-11.676786474559938,1.7858120027645947,24.58113246679898,665.5731700601506,0.03123381954562987,0.01250122331688123
70996,-7.039887557370767,-5.055962974789643,4.358325996126069,12.62966315063752,544.6215943420776,0.09314325231874587,0.01250492991663818
70997,-5.789331745843064,-11.844567950720519,1.826546938566406,1.3805185914956626,322.98636028086264,0.317420613691934,0.012505645993561569
70998,-3.0494821660307467,-11.962107257455411,2.0989692185560305,1.1436970320183764,467.8960825350348,0.557031825301193,0.01250971702617211
70999,-6.762895358645368,-6.783090325700654,0.9077757583872603,1.0172375666922118,276.4589384154834,0.4982138793067463,0.01251107515034568
71000,-5.682561244978671,-11.751388932177614,1.6147867853112239,1.8572937694592018,468.71323992879854,0.5401814488022687,0.012511884014343229
71001,-5.418436876727712,-9.1910491822993,4.343079190723042,1.331281778197882,318.60517521109125,1.1402235546554111,0.012513340444832412
71002,-2.783142013949406,-9.622790504675164,4.487754039597156,0.9070720909634118,181.29410099086408,0.552393029187308,0.012514559775992737
71003,-4.4807685929836385,-7.368875303973679,4.070186681469875,4.2529917378340585,481.9511688045321,0.06482986837434446,0.012516252675084572
71004,-4.452657028709952,-7.573344763923001,4.857193807141304,1.2867578016118941,197.10196206191975,0.003946466912795543,0.012516621160586125
71005,-6.069130746252713,-7.403485657045282,1.3203287205374048,1.2064814502708308,467.4937208373808,0.21008588174658627,0.012516706709312105
71006,-6.968480659262635,-11.290922859910298,1.9347428956934862,0.8604706381661088,219.44636546465838,0.9794881583286168,0.012519061115823304
71007,-4.398494671446783,-7.50967860558692,4.666376876637407,1.0360495868301427,276.51013066079736,1.7846779394220107,0.012522613321557456
71008,-6.591732916205679,-11.50744065600565,1.5310774947215873,2.1111519907742062,407.19033601466856,0.8433193232715661,0.012523788130060942
71009,-6.2105858053826175,-12.025252078126218,1.9326609719784145,0.9544053770522968,468.17097355169545,0.09078276854867173,0.012525907926204482
71010,-3.0469191723887343,-7.56472142368566,3.612986692101634,2.4658348247787005,454.9882209814694,2.4710121827136167,0.012526071302147685
71011,-6.864696397493677,-6.117477813567123,1.0860950596734784,1.8144553926458549,468.3447999905918,0.9055159933938937,0.012526096709545938
71012,-3.85199141577724,-7.397257297186606,3.847561078336367,0.74964541852323,165.39827181394213,0.28888961046807893,0.012527854516863618
71013,-6.62966374848446,-6.8272944523873225,1.2870861443855435,1.9014240731214778,468.29097762611076,0.6258219354055576,0.012530811331212005
71014,-3.9159260022955156,-11.666012536258567,1.9698022245843827,2.2389855541797727,419.8691706181497,0.8117892239119362,0.012534947035576352
71015,-3.016064431250861,-11.967045704606866,1.5653730529542818,1.6143828849034938,468.8929998520627,0.9225188016556478,0.012536247356767337
71016,-3.82689417186446,-11.443457892377163,2.417109083216316,0.7844223573623411,441.22373390746293,0.2889097256942863,0.012536350139097596
71017,-3.1207378757743616,-7.764330252792797,1.6413740309436065,1.2186107524557694,307.3869463304881,0.5153769871500442,0.012536907715292039
71018,-2.886287436358095,-12.816475956479842,2.161254768911132,1.7667683818191044,417.40204631244467,0.605315762219031,0.012537322128645754
71019,-6.314998348048216,-9.378848600936573,4.152561406110958,2.878341129453436,488.5265947958108,1.4128714086528822,0.012540812106247103
71020,-6.126077415655834,-6.825351046163448,2.8290337512381467,2.3617931411731314,413.7119300529187,0.2876175768882083,0.012541442533392145
71021,-3.7014903397285703,-10.965548868813041,2.716728721880381,1.0824130344463623,280.34353032840625,1.8208912534605544,0.012541699369062886
71022,-6.663850847089397,-7.858744276169918,0.2436894943842613,1.5324967124060849,238.36037258160204,0.43515184008664676,0.012542129957479569
71023,-4.215033795106686,-9.473153904372435,3.955757320072928,1.3461481855480852,327.78319012575344,0.26235581480066106,0.01254237549309252
71024,-7.523842390284763,-5.344608426841729,0.07342218252722457,1.4110455699376403,309.7009852928597,0.7237098712818417,0.012544748146773109
71025,-6.894594579241563,-12.184159847354277,0.2365736124599822,14.195078286991135,785.8191659370733,0.20150712017725514,0.012545885491599266
71026,-3.3836406665937533,-7.392271518832556,3.257545822645744,1.7613875355636746,417.702813687848,0.4399409362592044,0.012546273810063792
71027,-3.986345589267194,-11.65244783563781,2.2873370134568636,1.275139607217003,468.00624472052453,0.43343910282899856,0.01255015983285076
71028,-7.031833259922069,-5.4508447353811516,4.608590194731566,1.5138915325735036,358.083613812376,0.3393023172790324,0.012550790049376677
71029,-3.0117607557174892,-9.74340873815593,3.919971948114684,1.080207533123464,467.6393578317186,0.14792980189964666,0.012551574498921447
71030,-7.274718485879584,-12.976526113907985,0.43571605922517453,1.1234771047362522,466.97014819976556,0.628527622578047,0.01255509160589469
71031,-6.832449678353219,-11.524322361728917,2.0743070241150305,3.0663621056201786,504.780630989529,1.5073130114780602,0.012556544537693805
71032,-8.095226948701741,-9.13822991718459,1.8083447039344465,0.9791770059915385,469.58077970233825,0.026487858562185274,0.012558242252256118
71033,-3.0945190947514014,-7.739940388610829,1.7249593482673928,0.8202505381889241,173.78887288276513,0.004914859336151878,0.012559022598304085
71034,-5.206370408564411,-11.478938013936315,2.508961520441341,0.843285010719273,302.33810791626087,0.36661669647426987,0.012559065405158878
71035,-6.977350137336812,-5.517486595908839,4.472655452464742,3.0651254019016685,499.3576619038603,0.8511983507126777,0.012560232797990165
71036,-5.206434531052548,-12.12817001860523,1.4640114733894658,0.5949734657578537,127.90764159936063,0.10583595999982087,0.012560911088199952
71037,-4.738885181495255,-11.23642946022361,2.5998512532847817,1.3059654126608033,282.32133937075935,0.43000390279773004,0.012561980422266887
71038,-4.501869589290715,-7.451357817751208,4.50964666807291,0.900735786163287,468.33254541817354,0.8402045305533186,0.012566043246219273
71039,-4.003301915524046,-10.574187008006493,2.9853989130931464,2.542303705865717,461.4847046886484,2.1644539430544834,0.01256617935291224
71040,-5.570442239926906,-11.822470076499176,1.8484409588663366,1.4561459302307107,348.5339145267774,0.47583120778103094,0.012569611375041216
71041,-3.780578347513634,-11.684082307161148,2.1951501597495957,1.6210126212999103,468.07888629168326,0.1745690506264026,0.012571160157732655
71042,-4.1958994261597535,-7.856508123159613,5.152233636741108,1.1040510538937276,267.5287599632563,1.375405697851173,0.012572741311374482
71043,-2.7955767092280057,-12.435467689762609,1.6917223576687368,0.927475472744102,185.2310028676524,0.7141014756810344,0.012574535626399095
71044,-8.180104777930252,-9.22377134464098,1.1721992459841182,1.6239427481181075,380.9287950068272,0.4926159750423267,0.012577725665513911
71045,-4.165340746939409,-7.797298556452973,1.4236878294553026,1.1615821759317897,296.59616272798615,0.8304134164999306,0.01257829928233613
71046,-6.717946397983835,-11.203302099343327,2.4928939434977133,1.7598148460523912,299.1786318491361,0.5446653941549933,0.012579268660356692
71047,-3.447883078034643,-7.898172963127496,5.126875044314488,1.8616940674253784,468.55207420811183,0.4932416588775288,0.012583563391577141
71048,-4.289727310675319,-11.057858945539124,2.674427757225723,1.0508273167628384,284.35378946521814,1.0572520664610794,0.01258428184864582
71049,-8.91291527167704,-7.009870992960551,3.1932039149306792,1.1541610845626415,221.7519513319142,0.033714571889395195,0.012586585170582639
71050,-4.38218803734146,-11.940989513849972,1.507429164247019,1.6921120365342583,366.22940176178463,1.0500571135290047,0.012586799937818378
71051,-7.14536431858607,-7.310859778242727,0.14499633044385038,1.7376922210629466,357.50536117930994,0.23038435128725787,0.012587261593651755
71052,-4.069646580933668,-10.942324653425157,2.7366425288345404,1.563677918404194,468.0367158766051,0.5932949786888351,0.012588698008137026
71053,-2.4392735018444345,-10.54997108828999,2.8088074863252492,1.6767279283564276,392.47720895243384,0.1912427219304016,0.012593990217227584
71054,-2.6327220638118582,-8.839899263299706,0.4239723659199809,0.9219374756913989,468.41961555141876,0.29261656027317073,0.012594401679999435
71055,-3.6345130689165934,-9.413890417425756,4.004511213346379,1.394322029448543,310.4858658207783,0.9878775922041667,0.012594647328079458
71056,-4.541353471808389,-11.772497337032318,2.153674326248468,1.8053261150197528,430.7006051246022,0.38540059972557295,0.012595386224530313
71057,-7.609750439450449,-8.720532346623978,3.8576939744478955,1.5127935545404587,360.6779480559282,0.5678510109908341,0.01259594031511262
71058,-3.6471614687740264,-9.74648372009996,3.6709503794073175,1.6597232841843028,389.7244244014782,0.38137666355813327,0.012596465276723774
71059,-4.08663961609241,-11.062817631044714,2.664186144504168,0.8554114800793523,195.42625779851988,0.025919921757261655,0.012600648698235946
71060,-6.882469352231815,-5.3002211273794035,1.9119527136791248,1.6249528778499938,377.34096729426074,0.22736211797381856,0.012606685977341056
71061,-6.552236042168265,-8.511412419645556,5.100099289162441,1.897511577932157,393.05333279473734,1.8009862501496707,0.012606855970203588
71062,-3.6973904441171612,-11.69579391821059,2.069922685380682,0.7176384778418614,209.30212233046203,0.5814188437232426,0.01260791340534418
71063,-6.530774590711577,-11.935673926092536,2.0024627968161517,1.0510242848984845,467.9001824788198,0.9418462415991184,0.01260836581695245
71064,-5.148518489647305,-10.145739181106112,3.376719513983881,1.9723271865240242,402.44949864145656,2.103695357395593,0.012610105699344896
71065,-7.896870815185034,-8.200493072436128,4.099007825297395,0.8636366755308761,245.2795652743557,1.1623393122954626,0.012610480338487164
71066,-7.09669622783061,-8.236301754813717,5.125186797183858,1.848524511403392,452.8368894989722,0.15234305901883793,0.012613091088092982
71067,-5.6610014330847465,-11.871180697166444,1.8852227024710762,3.423095354075175,525.8248481147328,0.8000000853347169,0.012613605526469026
71068,-5.37271699793542,-7.274635004346941,2.4895633036814404,1.1440048656013464,467.408047963792,0.4122403580638041,0.012616109191292333
71069,-6.794087101197007,-11.327344280622244,1.619570918262167,1.271572684985275,279.85574158907536,0.977560282275479,0.012617763165406488
71070,-3.616625839827865,-7.91945730233645,1.1231502371051507,1.6938825815946055,469.7250894099735,0.03413172299346723,0.01261782418072146
71071,-6.637183718668243,-9.443708142776709,3.989655337567615,1.843865430213578,439.81044046577216,0.631303983412077,0.01261858233420406
71072,-3.3319865943538227,-11.42592655191806,2.412771731633209,1.8200480652359128,469.1844269999316,0.07983397008917681,0.012620141185797113
71073,-7.714599399750981,-8.043487262834857,4.632872476658579,2.6063724641172423,446.90956683529623,0.5437313595601898,0.012620307882862693
71074,-8.99844658625298,-7.124709809519539,2.5445868829114113,1.304962275164018,279.40802480666133,0.006293047998569001,0.012620495636985623
71075,-2.9604382069697097,-11.847209357601752,2.6315696618867004,1.3114374561812914,299.62751037937056,0.22529025114072976,0.01262063812719557
71076,-4.789935000539939,-7.324562467307691,3.9198445940066287,0.997034941866959,468.6421508992103,0.6318835267608192,0.012621779568191079
71077,-8.60122447214932,-6.6909016121227465,4.279106277346137,1.6811944800191425,442.65193021702413,0.33071191129363964,0.012622374228312713
71078,-6.950746490921777,-6.290866091466481,5.170012752389846,0.8001246941949267,161.218415417064,0.004932597812655537,0.012623535934134589
71079,-5.131118767013355,-7.4718258522999434,1.9951307292642304,1.7720844832261116,377.17137534389894,1.766887317237532,0.012625578106995163
71080,-6.134440443490379,-11.266984676440211,2.671781199856818,1.338983959313786,297.06709809676994,0.9089672101680026,0.01262559431302255
71081,-4.389597382774787,-9.45734761646063,3.976413790050538,0.6816222115062395,140.35254912252518,0.22459940894960972,0.012626085462356438
71082,-6.538485372225594,-7.1897842852465565,0.9383814297167948,3.4374255254494797,532.8041679858924,1.384657845593444,0.012627121787132777
71083,-3.303477239521139,-9.728580458626954,3.6908263119314952,4.480976477477282,527.084223740088,0.11968087515619885,0.012633787237630431
71084,-3.764628453250137,-11.165768682025917,2.5894389339478066,0.989828072553201,470.1000005144379,0.0946340054242345,0.01263705702931532
71085,-2.887040539279118,-12.465780816020084,2.0616500249906817,1.3426590487873205,468.67035285485935,0.5631091185481933,0.01263754193007536
71086,-6.93316171623594,-5.708316459225576,4.496991521409567,1.6450974476197593,384.98868825727794,0.32023242521141615,0.012639904462843334
71087,-2.403587768709726,-10.236474126429421,2.175553979649256,1.8853025655118154,453.4363836358517,0.6341665707708257,0.012641044813498948
71088,-8.567430314642134,-5.570098499229713,4.3558452311960645,1.0197873492815697,467.40830056509327,0.7835955996373345,0.012642004675582127
71089,-4.385587062780458,-9.089313555049449,4.36929821463743,0.5117999913698416,123.95701376102852,1.0654792733701717,0.012646938154602806
71090,-8.67645126170973,-7.622270160705464,3.1121370003535396,1.9607757629566216,400.8956219383756,2.088378444042913,0.012647603431649165
71091,-3.4695348963923758,-10.29587859336879,3.1874151892518308,1.4829005308688203,279.7701078701517,0.2212473947320417,0.012648906812309008
71092,-4.239618558860756,-8.916444185887254,0.008106730876642508,1.1283594278053173,289.73046466028285,1.178948410318256,0.012650322408113621
71093,-7.369992078545126,-9.134862934474372,3.677081794344679,1.4985554863415078,469.896138492903,0.0014382176883662723,0.012651616288892904
71094,-3.112135287739372,-9.338238573336625,4.206957428233183,1.0583346041959483,135.3789515636079,0.3719528109163912,0.01265192361418697
71095,-6.97671009227522,-11.229671434525734,2.0745582806326617,1.5386700139108707,467.60181512885146,0.3884922461859084,0.012653897540706423
71096,-6.1171060656597795,-11.736554824772082,1.7211980716753925,1.2106109202289048,292.63895112391293,0.21261464628803406,0.012657061359275393
71097,-2.8257823825909227,-10.281264335527815,3.808190659060398,1.1194649876576628,467.0746459600593,0.7634847878617705,0.012659822130458725
71098,-3.908778145175517,-10.263610720722662,3.2184063983179687,3.724182883750825,552.4089208413392,1.2390591047826538,0.012663397328527712
71099,-3.329352188981752,-9.51889505208975,3.8889503684964377,1.344049672187007,328.9585233422263,0.3766381705619999,0.012665265700660948
71100,-6.483698847505513,-6.451999418374649,4.02850833520462,0.9187313063777098,230.9753288808369,0.23543596407713796,0.012667657977343726
71101,-6.603642355728529,-6.409042859463159,2.0344509794395806,1.1361323122523752,292.9069864587563,1.0834991763099913,0.012667982568040009
71102,-2.6014421015957856,-12.493728465752362,3.7377979142990503,1.156719709228151,279.27813450795617,0.3711603907259784,0.012668183143523632
71103,-6.9066748205359865,-9.821736405542344,3.4314786761232052,1.6971763301117933,398.21835744855457,0.18928074107767667,0.012668309238793701
71104,-2.81424815322615,-12.029084166185697,3.0453687367555307,1.6617177206638827,468.20255325432004,0.8815219996541224,0.012669105504761309
71105,-6.34250963052332,-6.654291615594094,2.5962795580978906,1.6205505935861941,378.84483021585123,0.34821508618827135,0.012669482060655544
71106,-4.864197709020739,-10.638542629306754,2.986237547007946,0.8746656366011474,220.2473998358859,0.9851676621044714,0.012672088289539807
71107,-2.961108672560579,-11.990750586816791,1.5871339809261096,0.638710638693798,159.24292274033076,0.8084993834457022,0.012672608515685638
71108,-5.862355185484781,-10.280928178576058,3.313123490710092,1.1762397776825984,467.3948266438949,0.30065796440444714,0.012675328091342593
71109,-7.811562852330958,-9.652691999184883,1.8088264856215708,2.0628951480561377,411.36458436658995,1.8743882648220476,0.012677382483976329
71110,-6.649428186370637,-9.76519457525723,3.6496938712202023,1.4511526409762425,467.54768835734905,0.4556577419796648,0.012678637511770138
71111,-7.019340856373288,-6.809254018979683,0.41998434227501436,1.10945816704438,272.3543900709975,0.6090884565399106,0.01268354180085879
71112,-5.06394484165218,-11.703044763711164,1.8645440353773988,0.9670978662213288,263.88945226661815,1.154175460289765,0.012684508665690326
71113,-3.9351746162576253,-11.582465827635177,1.7997924064410642,1.222981093514519,307.85017088023955,1.2461998270071675,0.01268611757679143
71114,-2.8669935117200644,-12.248837690001231,1.9645728393253714,1.2529477708043621,468.82280861798336,0.5323374309282896,0.012687847139015539
71115,-8.739844498637115,-7.349392228375731,0.6860000479028431,2.6592374296112427,471.0118658750722,1.7800817711570476,0.012688176928883634
71116,-4.018557079785405,-9.149659098128614,4.288937089651502,1.5581707975688204,355.77702365559844,0.9122393961110342,0.012689747435129684
71117,-3.3079934232500774,-8.40822112489317,5.001366331912218,0.9304459833511383,467.84739938580077,0.5634948108917976,0.012692965067517745
71118,-3.615933967071868,-11.587469997535768,1.892764532623596,1.840883812679993,457.18999402526697,0.055877570304120106,0.012693179062375444
71119,-4.120571812575724,-9.294045056880663,4.141210091944735,0.9062874799020878,222.46716037060827,0.29165647620543744,0.012693655007965125
71120,-4.658151653039054,-8.656333890052345,4.843940188692497,1.0958610538519913,466.2912521900723,0.11799944777303661,0.012693775743691262
71121,-3.8627417133096067,-7.593535909257594,4.759945692485873,0.7849012366162399,215.35072349728787,0.44521942115262014,0.012693903240752473
71122,-3.5411177999179486,-7.570954106031179,4.661331078605092,1.5979576061043532,370.87820003124574,0.42530010881061653,0.012694031626158736
71123,-3.040729143551757,-11.30082357321666,2.708072441295365,3.7073771284780404,350.8873860017893,0.08344616166081487,0.012697630116765958
71124,-3.042726851849711,-8.165741195809957,5.1266026449477895,0.8094940315453952,461.2090736504827,0.06095834540397593,0.012698420468993502
71125,-5.631617891122206,-11.85357829619296,1.8868766068724196,0.9134502595080082,467.60410097817413,0.5905257001575643,0.012699402797106333
71126,-6.594042285599808,-8.419334308174339,0.017344244488033605,1.2406780985276447,310.6058314510047,0.6205658217922556,0.01269943136490129
71127,-7.806360068497672,-8.758114358228674,3.4103927003225505,0.5537659246233617,143.36083610993046,1.0339349197243282,0.012700002658761391
71128,-6.098475277118444,-11.719175697385973,1.7036088206017157,1.019732157893972,279.6223720816155,1.407636969742092,0.01270185693789271
71129,-3.63873819430502,-10.772132411038058,2.833972083158313,0.6009428221122585,171.34208939294663,0.35437033107695015,0.012702257930629651
71130,-6.180191259401663,-12.117405825783397,2.0468728600234045,1.0194454019308217,408.8726250816452,0.15405364162446844,0.012705572299908674
71131,-5.698013483427725,-7.263884336792243,4.842634512737729,1.1794415717453415,253.51834672097152,0.9823046125730537,0.012705595623796268
71132,-4.511283038079518,-11.157341972022065,2.6200984325570555,1.2932026957843614,284.2581855723619,0.5222283798806,0.01270585015293585
71133,-3.177451492780028,-11.688507357582838,2.0901581650638437,0.6697974021395275,461.20970716625703,0.4134548113036436,0.01270717821551616
71134,-3.791921738210835,-12.29327581114,1.4401673692499217,0.991717776134866,469.6455525872663,0.05916427815577574,0.012708102772469042
71135,-3.0752211207602116,-7.606977066487634,4.252501764875839,0.6260846284909786,155.54963366269476,1.133183949324705,0.012709132963942951
71136,-6.9088209869765596,-6.72801105473343,0.6609304931264967,2.5870487741075188,464.84278157156143,1.9330954153001807,0.012709190529430125
71137,-7.587039893238291,-10.11148047664003,1.6498384649150948,0.9626960859218656,467.87264295254806,0.8964387323926308,0.012711113030058233
71138,-8.80311928532123,-5.448080522231522,3.8074115232520005,1.2810800354622875,279.7653128830575,0.14695675301268718,0.012711989239352154
71139,-5.579902415602894,-10.525158518554445,3.1132700515754754,1.7528927984859028,468.69867549886834,0.5999636394714498,0.012712326103037545
71140,-7.106222305721706,-6.002876409154129,5.183662907500346,1.0526299459872457,281.85793768561814,1.104736592981154,0.012713084756306654
71141,-3.7841333507885224,-9.208146587605933,4.221198599043368,1.0429785373309866,276.5507908459277,1.7057792113139945,0.01271511870978195
71142,-5.449439760110253,-11.856211060396872,1.9512559994111192,1.1010116171646596,467.2945197912641,0.06759070804119194,0.01271618242669309
71143,-7.2402186533966795,-8.318069638663118,4.894095943371701,0.8980338907449691,136.07339488203573,0.33135316210678223,0.012720089827096182
71144,-4.013683064552821,-9.095307229672988,4.34555502474683,4.118198726678061,574.2758297815872,0.8021586140926056,0.012720270356905462
71145,-2.8337181626461216,-12.85835345934091,2.081910299328018,0.9086861543592315,230.75844134044405,1.3895885873570721,0.012720929929775244
71146,-7.357258910140915,-10.764017456070448,1.2707957473984952,2.4647952990345874,437.2016784137075,0.6199017169235566,0.012721375730840808
71147,-4.090524743347508,-11.66618121369374,2.015852185201671,1.0970699495522929,274.8530262970294,1.3470152888587181,0.01272250401343542
71148,-2.747042141366249,-11.059587376494047,3.5399718181555033,1.6187596866381366,470.13990594476286,0.09410544472089288,0.012723438788019924
71149,-7.769692292938405,-5.079487461724798,0.10517470841131416,0.7165672190648484,467.7249609332049,0.3485662626801913,0.012725317002710347
71150,-6.615878004016461,-7.740037293646438,0.3578453254139603,0.5295403684007184,137.31727760015548,0.35770356121407687,0.01272697986159444
71151,-8.111375402336654,-5.4462085154013415,0.18625677676459373,0.7683320009901616,468.2167615015859,0.40716780827155397,0.012728615443299174
71152,-3.596967607347718,-8.542228416879352,0.2808121916173736,0.8526383481599048,173.37627223818728,1.1401459287454463,0.012730821542760432
71153,-6.416648325776265,-6.531582133722977,3.9762493041331037,0.857899488434253,468.73293153766923,0.21191220979597336,0.012731595757236085
71154,-6.188651892378315,-12.121364142367215,2.166795220578324,1.4524420304834633,327.45286879288807,0.08435240979091052,0.012732566653810218
71155,-5.79128893026924,-7.187541933944292,2.2167176785096956,1.1295236738476775,467.42292765994756,0.6516052899454889,0.012732715811395805
71156,-2.667028843898141,-12.816965464201754,3.423890161405717,1.8149791026242554,432.39041979631764,0.09379247005529034,0.012733337607632615
71157,-4.586675249764727,-8.737952396927927,4.753150812081939,0.5087406650764206,115.87858966333043,0.4803140572795259,0.012733607094574058
71158,-4.964655628353134,-10.428603656672657,3.1339990015354844,4.823625123321094,613.6091868531995,0.6367920630391737,0.012734285018434485
71159,-5.6270442275969135,-11.554043808965583,2.487017365291863,0.6730740732443771,144.74672038040117,0.17159274202064267,0.012737147158981117
71160,-6.987394922533979,-8.536725183255424,4.851586473203915,1.1256501874673877,289.1217875871474,1.2301901012959835,0.012738626908836813
71161,-5.380152892261291,-9.231742028652064,4.284343426187088,0.8057932980544916,227.4103318702742,0.7136553508130703,0.012739014948262573
71162,-5.970475387557102,-7.420894809238722,1.4177420098861981,1.0089752910527154,206.53251840050723,0.9557941141662889,0.012739737346369333
71163,-4.238926661075167,-7.393466825875904,2.8938245552916166,1.4894983712954577,468.0787427008558,0.19641316829484357,0.012740558760893141
71164,-3.8530069962595173,-7.4051684673140015,3.955379394702224,3.313809726044156,442.8658097390015,0.09789599608940858,0.012741722625007267
71165,-5.652672769757542,-12.966364284979402,1.3520897276865949,1.1549249717955057,296.6588422806989,0.9677313156695417,0.012743553293124016
71166,-3.4247484588716848,-11.613772230035853,1.654730410350591,0.6746800724816413,455.056900342545,0.4399204839822364,0.012744271576262723
71167,-6.227551649997611,-12.622112707495617,1.3231836227232918,2.6729674033882613,473.3579879305449,2.1425489279776118,0.012744379976712888
71168,-5.0358881994105404,-11.649097266547951,1.7448790555900981,1.4732323750804714,336.1335794737822,0.33730490819032344,0.012744871797319918
71169,-4.237143236293067,-7.4027322513485885,4.12356533450237,0.5993233829188119,189.05703549084342,0.8875311020372072,0.012746353061380201
71170,-6.112264392579031,-11.930882732832982,2.307135362926495,0.906416838023299,346.31090753645634,0.6384071267991187,0.012746725462393523
71171,-3.3344397063043543,-11.597627652617163,2.262615901229443,1.9017387317775962,468.9935539468411,0.6384028192580296,0.01274833648470406
71172,-4.93786424516226,-10.975745262312735,2.7559520572813394,0.8604743280477258,467.85264148544684,0.6368713321439943,0.012749716270111344
71173,-6.098394769366041,-6.8697430209173405,4.112348595708552,1.0938793026864864,282.47066935501425,1.8674556047994821,0.012750120677857135
71174,-3.9612338927564643,-7.983977258878066,5.168412099607779,1.7435404920490847,413.33671395281357,0.8620605794053446,0.012750573509311993
71175,-5.748735175280383,-11.440249401942513,2.5586068837777542,0.8136660393915777,240.62043878723966,0.8634029000502208,0.012751940050144678
71176,-6.8805205746783535,-5.189675044530172,3.6893588406424924,1.8094083250145632,431.807072053979,0.21331472033404797,0.01275324883221627
71177,-2.8038359212677673,-10.600045764771954,3.6392689480612583,0.6831997078830585,467.42597913891086,0.4801204238318997,0.012755148465678151
71178,-2.9127536936648255,-7.761484707089114,3.620962949529037,0.8591457004822436,228.89476339973314,0.5931196104314145,0.012755364829256556
71179,-2.8399592142153622,-12.906701352849149,2.100918926084207,1.8331856473645383,468.0337853066492,0.3832010752438437,0.01275646385583555
71180,-2.775759890928394,-12.666566742437222,1.9004771393658606,1.061869859696414,284.8871711400924,1.2007766138753606,0.012756608041991817
71181,-4.288343760770427,-8.315213151387773,0.481234100581033,0.8305014205475727,166.9691152830944,0.2630332030102176,0.012758293815197904
71182,-7.649461351551427,-10.489821643242324,0.5807425955881725,1.7012546406648676,421.20294225479006,0.48186856923088506,0.012760613599919474
71183,-6.868906297733288,-6.857255501370235,0.6714535656123711,1.7561975535637968,468.0943437228926,0.3197932399051826,0.012760941597706408
71184,-7.211586226209563,-12.76859957012984,0.915449954016791,1.7658170433748173,468.4257873225496,0.6199391776005188,0.01276357056961872
71185,-3.224978107580676,-8.066752255069005,0.8830231468806815,0.8373781691998402,467.48988108379666,0.22621373691784452,0.012765020960048949
71186,-6.679665886760901,-6.292884046932451,4.45715477562069,1.3143507609110863,302.2994624911521,0.31293173623343407,0.012765326049023303
71187,-6.272963316831078,-6.6716094922157785,2.998622474910569,1.9036158343813554,464.6780138305011,0.6095389376968487,0.012766229171347926
71188,-2.8146457095833224,-8.83036324978238,0.23550535439094517,3.8722797467442875,560.1558421108633,0.9546073795794809,0.012766613339126515
71189,-4.10459380647734,-7.450635951765771,2.636405865697067,1.7945319027331263,468.1443429963647,0.37204256022077686,0.012770609788498647
71190,-5.435744349092913,-11.749945844520555,1.845445150446233,1.0440811382751725,272.7385953883349,1.742730972452902,0.012771081391151943
71191,-5.8868163414564165,-7.145533251071292,4.729749298632748,0.9220538026925793,189.8677109855929,0.7935715987692911,0.012777280987773752
71192,-5.232200132068082,-7.458499140578573,1.9666830609750905,1.735530372318152,409.7072672863243,0.10724822770222797,0.012777489583718191
71193,-4.367808346274699,-11.59498888027549,1.7680343868412287,0.925680671766502,468.5065800721587,0.9045110832851044,0.012777495255399576
71194,-2.3598855186583965,-11.1047979178774,2.040921517727419,3.7145011077434993,238.91104725202172,0.37668631915286976,0.012779502244482608
71195,-6.163986303986396,-11.339892694923059,2.6162563020467244,0.9811286873355104,264.4679034370719,1.386216587109609,0.01277983599335213
71196,-8.587437504354474,-6.1751901225089885,4.369385465968181,0.6977026306252012,144.89491192312644,0.5163374796363183,0.012781314114124935
71197,-5.33321660671411,-10.163314165641046,3.369927384737999,1.1214021351011672,243.27558756030876,0.051019735935855515,0.012781712617175662
71198,-3.2737212284590242,-7.4635150037925095,4.167583774693664,1.3560989791337394,311.99252101433024,0.20738946228431399,0.01278199438749481
71199,-2.477837951098416,-11.449137212668262,3.5087031500258528,1.562007820620056,367.74341966574315,0.4114742733618071,0.012785102749020045
71200,-4.247237892408949,-7.469560170679986,2.440316250956753,1.4989047372308728,468.18650184127546,0.19832667954838623,0.012787081262121885
71201,-6.720744475064045,-9.6505609441343,3.7245868819967907,1.0505072397166588,209.10101940944242,0.8749878407272025,0.012787277676087425
71202,-7.49192588385513,-11.2033622480462,0.8475904079765344,0.9255344813476185,468.82126681682405,0.3287580659035916,0.012788332447016158
71203,-6.051717899969516,-11.797122943109887,2.3742101160369042,0.8165515917586698,215.58381321445694,0.6796848143004626,0.012791361816823145
71204,-6.445858577942259,-6.672110225056254,2.1025474414633263,1.7120827989519594,400.39678935131997,0.0044755006157517485,0.012793865629069926
71205,-4.013476594427063,-7.423110351297563,4.155606749648351,1.7707115476953272,467.3838819297358,0.16199934915831715,0.012797733068752022
71206,-4.099781425575899,-12.248250212508792,1.4452073879940048,1.7939061192001962,426.72099338160325,0.09764155348391501,0.012798548841239807
71207,-6.528814901891772,-6.296505685518493,3.1048184837205284,0.5130240230714568,108.67121390324672,0.05216826162953847,0.012799380292432954
71208,-4.536851595597921,-11.725178744658106,2.058879898717561,1.5378644823425436,171.89446984172713,0.4306495915558717,0.012801675079734247
71209,-8.422321235785594,-8.697907869431898,1.290905163519667,1.390745928910385,323.09101643165667,0.3218348556375723,0.01280306149740042
71210,-5.8815334211851376,-11.878558993526195,2.330496595298921,0.8938471102426215,467.8816721583284,0.5458033813230108,0.012807500126101014
71211,-6.950557670885632,-11.173417231963787,1.7244020722420654,0.8565495440935135,179.4647626820229,0.4435050785170018,0.01280764795958091
71212,-6.623619084317438,-11.817425974150225,2.0789067678244666,1.772929357981792,467.75341527698487,0.6447820303016298,0.012809069703605767
71213,-4.64750968818343,-7.568218550853869,4.858639717156015,1.7625702095856017,373.9359134764809,0.9260435683436592,0.012809385133931081
71214,-7.303049786481495,-10.587069751633916,1.9909734497957334,0.7398665635652666,157.42938964891542,0.8900454876153496,0.01280985400201062
71215,-3.354731004664213,-11.599763721989335,1.6594366250115524,2.367052299764424,442.8512312951736,1.752186880346323,0.012812479328198534
71216,-3.1914743336438214,-11.522263941591635,2.3673241295449206,6.509194391841159,518.7509510928601,0.00264961967939481,0.01281663698192361
71217,-3.9241276887913292,-7.384988837567768,3.5271643568060993,1.5693447913470562,467.77015619223727,0.11829063200878398,0.01282060868251946
71218,-5.823889350089278,-11.865217037679345,2.3312714640546464,1.066077009099578,277.0626864383436,1.2102404524925214,0.012825183250871718
71219,-3.1683473394447716,-11.249561486505122,2.576198629605145,1.1302587817938916,230.06588939356422,0.9615999646732467,0.012830286979367276
71220,-6.899420669453156,-6.0445024630903905,1.0947695167750993,1.0057153797153984,275.7226505641898,1.703705612827238,0.012831723356050208
71221,-4.193285580742266,-9.20909110242626,4.225670707616686,1.8651862750374235,469.845111714411,0.19168865513422784,0.01283219326878769
71222,-5.4998136265441,-7.138774931788682,3.217315714614671,5.629380048530788,272.0487024497856,0.3643731440435234,0.012833599335146766
71223,-9.025582459589653,-5.932656460970655,1.1488424869500278,3.2020168087086716,515.637376866654,1.5389327077356683,0.012834616233981081
71224,-8.80626252751371,-7.128728902730745,0.7301450530557164,1.6660316848791612,391.4880549695971,0.232999447609342,0.012835487986471033
71225,-3.9174368123748504,-7.789799448216883,5.065681473362684,1.1115088746152306,466.9535321825233,0.6109037265048256,0.012837488686791791
71226,-4.907163179396371,-11.829133261483385,2.1239868894698914,1.3902536957362601,468.00975282943034,0.16323587336578083,0.012837550986049853
71227,-6.041594951908706,-11.219178179169983,2.6864065120115446,1.8283416263319012,470.45676000477283,0.22634386290012465,0.0128378301409261
71228,-5.961555566021322,-11.803710898006596,2.370121197305065,0.7312160071438233,467.73971312336505,0.3675421808191448,0.012838243343736313
71229,-6.810292469672717,-11.36375924392673,0.17184692362421805,1.0586911866285673,468.1349106190181,0.8737615435335284,0.01283894645861891
71230,-2.5246702009102737,-11.570255138328918,3.7749507969931377,1.1163934944482996,233.56883970729237,0.25916654889427004,0.012840547581949522
71231,-7.192251631693731,-5.488109387450774,4.979180105344782,1.1928297414202333,444.0848570868111,0.09655328687232068,0.012840896741434609
71232,-5.9476123515796235,-7.6863320082199635,0.8910538525486327,1.2813783308276216,278.34664644873834,0.1339419624323508,0.012842834909294307
71233,-7.545943068970906,-9.695704318062655,2.5984323657301758,1.8113120590822143,383.21042611036273,2.0389818688597723,0.012843651250103009
71234,-5.308169499561842,-7.348679974804681,4.627618441772398,1.3517114599661144,250.43582769353583,0.0505296547329408,0.01284377654067692
71235,-3.7748168626345766,-11.572264146377872,2.2806802305739775,1.1294637903491875,288.59308225169866,0.23157206316932477,0.012845480952496173
71236,-7.158838923878445,-10.841275611976444,2.0652508296256946,1.1187488840520394,467.4185783284991,0.6625833891671116,0.012845740603863199
71237,-4.121412598771012,-10.724479609134072,2.8792540565921105,0.7344304883252958,468.34842189952684,0.4721143562798096,0.012847227288772764
71238,-6.233012526667571,-10.340214022365947,3.2514262035112274,3.9556472086913104,512.3956790102766,0.14799820635956884,0.012848054635744649
71239,-3.624161663158503,-12.426942337832266,1.4209538808419866,0.9715469221994029,468.7327749081598,0.9098386366940057,0.012848857471216047
71240,-4.624956420438936,-11.735866357254778,1.577202560257713,1.7045421342322455,371.8511126167513,0.9214071580794707,0.012849079925011456
71241,-5.809686233206609,-7.617221584419317,1.1506134742210832,0.8466831571347821,188.6368008417253,0.35457615205964377,0.012849789990838849
71242,-7.022192476113456,-6.332330446487066,0.5906781986834337,1.2318771828127857,309.46541160048395,0.24355435040915108,0.012851427639533966
71243,-6.3076265414287045,-11.407249155934586,2.548522705296087,1.0793513511260275,289.52819804569333,0.8135304806673522,0.012852133542834357
71244,-6.710309168846494,-6.612064353433454,1.3793271158797593,0.9430945716036173,246.43842103736046,1.1654637872597684,0.012853870134362374
71245,-4.801082912820917,-8.725711694956622,4.779063653868846,1.6286526149346545,468.31974504193767,0.50582016385935,0.012855998223938547
71246,-3.709696907644881,-9.782518031807802,3.630908619848637,1.008364637408684,272.1125604986994,1.6987549919836917,0.012856541471249391
71247,-4.126964138274437,-7.391422992640009,3.869031047002173,3.0773289566383433,504.342956898391,1.2446329639686002,0.012858965525946274
71248,-5.988970209036221,-12.04354251981818,2.0033467596747414,1.1242087595532362,273.27430188843283,1.0249088711707524,0.012860223360013471
71249,-6.993594794936646,-11.048105280770807,2.2209819480119575,1.0603497493599525,224.59403234720426,0.06544226022860311,0.012862142716225312
71250,-2.869680898446976,-12.422033642673297,1.537359000814915,1.0666591899188422,285.706833467595,0.9849354503064687,0.012862329084063335
71251,-7.194444688005142,-12.1648645069972,0.32377374053787705,0.909383981610802,467.9581135441402,0.5883956304955316,0.012863951893611857
71252,-3.6562181073434576,-8.208042882443799,5.11293277392978,1.4222642122321096,470.4545990827923,0.0548331267567832,0.012867081379109658
71253,-2.926220885966151,-7.91325358247393,1.3379190461372694,0.8656383796687285,467.34405193138855,0.1316241885494831,0.012868401413998197
71254,-8.860850089695216,-6.657758231609152,0.7358430330535505,0.8852875772354961,207.42371486874364,0.258944171291418,0.012871164716425585
71255,-5.26548094084711,-11.214572712784435,2.633105683283133,2.839107105582612,487.71133204455464,2.1173858766514995,0.01287282270814239
71256,-7.231604866030624,-7.065505045608336,0.13529533962769966,0.7767255247122702,467.4218075440684,0.421945271219653,0.012873125987718339
71257,-3.2474128136290155,-7.531763067830397,2.317028853643217,1.3129383808361148,315.7488481754344,1.042921263633164,0.012874690319012897
71258,-7.826683633537504,-8.028851634291403,4.463920013462329,1.0783971403370962,286.3112120420237,0.28602075470839505,0.01287517462869317
71259,-5.5903023009809125,-11.689776042341927,1.7145775127799137,0.5121809372084604,140.63276019171914,0.9531110672178871,0.012876618074566536
71260,-3.924633394921571,-7.436085731461015,4.183282091297286,0.8616023504351745,233.33074762884172,0.20441552411359343,0.012877013946544232
71261,-4.940443141687471,-11.813755347903038,2.138295024127668,2.4439866789465374,450.7483707780025,1.8361838184503663,0.012878968812956398
71262,-5.049643952217854,-7.42044351832289,4.687055074661943,1.1058247916091877,467.62645966856127,0.9004791857264198,0.012880062421593586
71263,-6.050133692141264,-9.383932084125082,4.153051900674008,3.069946260432466,316.0799993420119,0.0946120045289387,0.012881022558980352
71264,-3.05804381280719,-10.28041857128385,3.348735275304482,0.9920469775878316,455.1920936329271,0.9194304961208912,0.012881181889387004
71265,-5.563735210173684,-11.86391751820032,1.5114157283988716,2.5175871512101216,224.7811623024139,0.4638590249991106,0.012882805209751198
71266,-2.811030932857986,-8.198987533700928,4.432268925434878,2.5365659997964114,439.47814402237964,0.48046514548973374,0.012884440382046817
71267,-6.52108584083656,-11.620907132901781,0.10370283506211232,1.3650972224013114,464.0539807743171,0.15588868151656765,0.012885004373700113
71268,-8.25101833508444,-6.8399074218235825,4.888467706252671,1.789361265606424,456.22906996356335,0.596711252029059,0.012888238996891599
71269,-2.8955563390069976,-7.772104333306119,2.4396938694845893,1.4561282159602729,334.29424599560576,0.12119387153719163,0.012888414471570311
71270,-3.538382004782968,-7.562953577969432,2.1879476462288174,2.5763520111365494,359.29017528622313,0.02836051478385837,0.01288871836080759
71271,-6.637855215465482,-11.729440450258178,1.9722725973043587,1.7427310300826848,431.6816849154968,0.42861550673851223,0.012891768659751567
71272,-5.838457100426497,-7.511771776544214,1.3680940148917744,0.768310478542513,459.31917348987776,0.20827972916807624,0.012891856072220122
71273,-4.159652676191055,-8.837721927185395,4.612854878593846,1.174475793354046,468.58636674355927,0.940936378118983,0.012892619196586377
71274,-3.716961111777265,-7.5452944573040925,2.219342546217964,1.1208624534984106,468.06692245568087,0.7117526196019108,0.012893171466263328
71275,-5.639326916531027,-11.932213500631487,2.2460667317653074,2.230142216434157,410.1401718486151,0.29880173130533816,0.012898441550420532
71276,-4.720733971214164,-8.739244106717825,4.756789547959366,1.1345080256278566,180.41733872741506,0.4172723276603021,0.012899066989355291
71277,-6.4003039790729055,-11.024298605208916,2.7501132734055944,1.3386615699956776,320.8895269248213,1.243516516615892,0.012900309285403002
71278,-4.677258389406561,-11.644985849719534,1.9146487805439238,3.091305840812483,505.06020977717,1.218414844442811,0.012901007107899768
71279,-6.693347058175919,-11.67012079339666,1.9663150203662296,2.203510347783479,309.22729262490924,0.002549468863593418,0.012902087267183771
71280,-6.035523339436975,-11.794690798099648,1.5007996622417277,1.1218537106951594,271.16554250140166,1.2717324333998414,0.0129040156726006
71281,-8.889245202896229,-7.513749784328837,1.6276852604127636,1.0129185161094116,277.7613248382079,0.6722113318706304,0.01290479890334244
71282,-4.146832746651764,-11.655942852275023,2.15830372674379,0.6290984158909679,190.46105268057062,0.26423410365703415,0.012907380437534
71283,-2.6052097397003955,-10.441357304619604,4.189945994457328,0.9176586848388985,432.53368254964045,0.5046786815113071,0.01290899696884674
71284,-4.213963043326274,-8.464476833553274,4.976726428024571,0.9737298805717566,467.56260884156063,0.25229967922717744,0.01291040930946635
71285,-2.5764099853292413,-10.313351777039125,4.168988274622329,1.5826020230497846,368.14822466763553,0.42955904612478424,0.01291065653053646
71286,-6.147199160016278,-11.773242318320424,2.365410858800182,0.6001490510619873,174.15693734493283,0.6651350161621146,0.012914305069685576
71287,-3.254798916644889,-8.025176839969856,0.9442615251101822,1.1432456070306407,468.3220630313813,0.32945037871801386,0.012915052940915321
71288,-7.008579069676552,-7.812636380133542,0.11129178042771103,1.2404183880539728,286.8650177619372,0.8231780985813861,0.01291510480546125
71289,-4.554607585444104,-11.397372957845127,2.457072149770673,1.416517077602713,323.59116401363866,0.45509647026291855,0.012916008341942467
71290,-7.29581113676436,-8.585086184209846,4.489123295608443,1.4506975611427988,158.70072618748074,0.3863132363617128,0.012917573804310342
71291,-4.216359103906698,-10.113328581946293,3.3443076559601805,3.999008659437854,568.5936188512276,0.9567336246946399,0.012917723936048873
71292,-4.593747794658065,-12.476963890308598,1.4117578387226153,1.7194125756330234,371.19291755582975,1.7063927203962779,0.012920411730819795
71293,-6.088986262224463,-6.853521243166831,2.9510828315226854,0.7394622680023167,466.79853826621996,0.24880101916646336,0.012920863307048693
71294,-6.935849055394224,-10.916310862710894,2.435613764334415,0.9046397252164644,159.70623486300937,0.17059284789916962,0.01292106891594927
71295,-2.913214826437943,-11.546780491940922,2.8611539868788523,1.13973061380312,297.2801407570532,0.8447758817510023,0.012921266809829246
71296,-4.317624508277315,-11.956933768534384,1.4912283307559095,1.8873343383185424,453.69823697290343,0.5587954335333629,0.012924789331760368
71297,-2.8640931186030603,-7.925972429584058,4.011244597254526,2.1907006236830435,424.0581643743969,1.6434777066789081,0.01292687711979651
71298,-4.156372337491123,-9.71220175703059,3.7042740524392865,1.7716811159846289,380.3604154784188,0.7278118340779924,0.012928077176770735
71299,-6.167492416862832,-11.815303819307127,1.8429379717353715,2.8329167466326806,424.6988857277803,0.15868646011762966,0.012930744699760596
71300,-3.5341313034985946,-10.641680483409798,2.917070458806485,0.7324281103802044,468.4414971673788,0.3226472010268866,0.012932317513713733
71301,-7.254663183217605,-6.032556220282179,0.21461570060602733,0.9686676869186168,468.0169807815239,0.2987002540910826,0.01293788866444794
71302,-2.470005745516863,-11.435874124183774,3.319088466546947,1.3790882893089775,403.4891543434766,0.77661714313831,0.012938162739845676
71303,-2.753888497936928,-9.17130733473931,4.824667333073929,0.5148363471379657,143.75138022661372,1.0768334176303584,0.012938423363105404
71304,-3.1039121798053673,-11.593370762302406,1.896477581970579,1.6438915301991344,383.65529705737055,0.20790495798076236,0.012938908094442758
71305,-7.239370489054773,-10.711004074477355,1.6798875812465153,1.1616612105532624,239.38281659805972,0.44670020107102637,0.012939927565783601
71306,-3.6886395453973737,-9.479534663428543,3.925520400205412,1.589040265507071,468.6153681008576,0.5614429839562467,0.01294046148509069
71307,-7.59614754073436,-10.098630645307578,1.5661259832199892,0.907893589260936,258.5435513486125,0.5512982338743848,0.012941875884195302
71308,-3.9785080365684298,-10.690235663272874,2.892452274941298,1.1201456047728136,286.20535417460815,1.6030068072457428,0.012942516922604374
71309,-4.996622811422125,-7.950237837517911,0.8855072846702435,0.8127623208954841,467.7493604564556,0.03806034234557387,0.012943490421830751
71310,-6.898332767960065,-11.354534666888112,2.0635210310537087,1.0767256782744363,281.1140710297894,1.724624671100993,0.012943634791525915
71311,-4.867324561022709,-8.357150867223215,0.39192902696528953,1.037304278718756,468.05012922153816,0.8192572505842763,0.012947427356166347
71312,-7.349116489875826,-11.979369661364695,0.4779844523464807,1.7422390831378576,411.562179054861,0.4874763570084095,0.012948200334876854
71313,-6.682304730025242,-6.533732869386882,4.9058459221817845,1.4545658019274241,348.2601493302423,0.5357139661775001,0.01294890385861363
71314,-3.8991164457416074,-11.419854761269644,2.3923264022198394,1.042310190904622,258.68286466914435,0.4067259676959578,0.012952461075983565
71315,-4.763289547993683,-8.10188197799625,0.7109705182222067,0.6630552323103673,143.8717622925984,0.21812317722929286,0.012952849438300884
71316,-2.3676749178440035,-10.059855759088062,0.9790923133676018,2.924587127988444,489.75916552586557,1.0920137429720578,0.012953943357852408
71317,-4.517846569861338,-11.58547831949197,1.8195065241731712,1.0055259373441716,277.3075794679731,1.5307152696317319,0.012955549633937802
71318,-4.923938295157225,-9.389222463098742,4.06986442948922,1.0561398308288898,224.53017727252427,0.9618656308738185,0.012955914201752518
71319,-8.308299315381987,-7.418638477559057,4.3309316331895165,1.2188685759100841,250.79365626441083,0.11831581411968539,0.012956680178526659
71320,-5.858977662924789,-12.779364166290323,1.3465361125524336,0.8967431504084832,469.545279078969,0.10221997654802628,0.012957044538113131
71321,-6.538819268224572,-6.638073479377474,4.729411964995668,1.4008266923585437,468.52772950148085,0.28470556175589046,0.01295815219183887
71322,-6.233659483049215,-11.89220182096141,2.282290454334149,1.3337746244474964,322.174510014529,0.22612563110383999,0.012958319153157191
71323,-4.153133259850145,-7.771839054295183,5.064318702243505,3.3110365707093488,523.3809856923599,1.3909872759103203,0.012961049666766087
71324,-6.7173462353630615,-7.952159783614324,0.1699441233460208,1.0083670703200063,200.39570590294696,0.7202195420147408,0.012962313171869905
71325,-3.72357663582581,-7.415570754623387,2.976209473791543,0.8727791159408266,218.9099522169227,0.11430875688506958,0.012962740523355323
71326,-3.0729452800608588,-10.936945887210962,2.8531985326548113,1.3925245502106942,468.7234932633556,0.24837482797492783,0.012963078317310936
71327,-5.966261461427797,-11.699853688604538,1.7237964507980053,1.76622720510641,468.1646440576506,0.21051984914718247,0.012963172137860126
71328,-6.083765717149889,-12.061078617366583,2.061120113401281,1.188934402380665,303.10621757494624,1.7434786840268783,0.012964068156333927
71329,-5.4666033937930365,-9.35098819221303,4.15433045086004,1.9620270360418224,400.82742713570036,2.0253338288188703,0.012966172727007863
71330,-3.1895375336555665,-7.474778795479251,4.0093557404535645,2.5754393267992186,463.62714267685686,1.8120054102054093,0.012967722080776263
71331,-3.375104507255381,-7.875203060049543,1.27918269139245,2.1074064107894737,407.0064804657716,0.8952970962451472,0.01296937742661768
71332,-4.02647242359354,-7.5799752584285605,4.727441798823061,1.5776910483473447,354.07295331407806,1.4238976842114317,0.012971702757251269
71333,-3.902945329998241,-7.743258891887789,5.002518744180647,1.3716349006371622,326.1902586315453,0.2208771301328296,0.012971743239666402
71334,-4.420446537984172,-11.584470976692023,2.318621716531399,1.088486001427851,468.05119357595635,0.8409228117407412,0.012971936457756827
71335,-8.395333567463727,-8.620452214463548,1.7276770569680986,1.8554719376271365,468.5338735119149,0.8681374290430872,0.012972973060312497
71336,-2.8559000062110336,-12.433366689695202,1.5435551842467838,1.1271758569092192,239.73843300111713,0.1118704419737746,0.012973202359659987
71337,-6.616608200009038,-10.477494918542558,3.036573345795015,1.852559197110328,468.50404041804444,0.04991275510131299,0.01297484195560714
71338,-8.172368368562113,-8.35879991112547,3.192130544164626,1.473595750353665,468.8069529030184,0.15189530709344812,0.0129761480531654
71339,-3.0124694722031533,-11.720305838168066,1.8897535206804357,1.128730333833796,296.0056139516926,0.557670673127884,0.012976477711334127
71340,-8.355099589174248,-8.27720192054749,2.8027521860214217,2.6837795296124405,472.94362387769047,1.735338624223444,0.012980221966526765
71341,-5.413943117004264,-7.609507673016081,1.489090714090078,1.3969230237715744,326.22860285688904,0.22523298951153325,0.012980316951897428
71342,-6.402150417434413,-7.004214009478689,1.5964787824635982,3.0204289058434175,501.55709866142064,1.6470519795343028,0.012980761335081494
71343,-4.9800985525483785,-11.715865610136825,2.275280739095773,1.1653646949653464,467.49226786608324,0.32449871192372814,0.012981038411842337
71344,-3.0776098818787823,-11.592810755768584,2.4537762064296182,1.176091223737721,469.9341119701958,0.13511248788203467,0.012981588823478574
71345,-5.941995084022315,-7.413985723854415,1.4862311016340068,1.3405103035591777,320.3706559218131,1.4962055999682358,0.0129818208125503
71346,-2.785639837423556,-9.099811905818777,4.85025284509281,4.4075242466526285,579.366715881909,0.29803329595254713,0.012982385240238419
71347,-8.708929319679617,-5.922606808439527,4.0759882927088835,1.8591159904645298,468.2701122428425,0.42002594999456466,0.012982504908893782
71348,-8.529907502966159,-5.115463958827106,4.3627091306447365,0.9457912518833812,249.04986628761964,1.2737342448205515,0.012982506280217927
71349,-4.582237834640992,-11.160143568879793,2.605473056504203,0.8678955081116975,188.5303558059097,0.9842707970183842,0.012983402029212577
71350,-6.218264279800419,-9.344996689470408,4.182982970031406,3.8341168425096446,557.7994630399576,0.961263368075036,0.012985541577080852
71351,-6.107391734913136,-10.98408888616969,2.8121375242157476,1.7301005465002528,408.09005151104606,0.5445352852988918,0.012990009961840765
71352,-4.338447839527935,-7.47028138506023,4.461436857699919,0.8092010748716645,469.4372622688888,0.1046820663501018,0.012991066442777997
71353,-7.283776223131442,-12.683754551410805,0.44604784090920296,0.8371658852548552,467.34739930685527,0.11802023664218986,0.01299114219334575
71354,-3.741751334748434,-11.645174591141235,1.6029422689740334,1.7997159142095664,467.7271617399646,0.03733227319023147,0.012992685943421003
71355,-9.055964892358054,-6.220360588815321,1.7628072491700177,1.3584005786365325,327.4685996674075,1.7030425336378476,0.012993425869275365
71356,-5.247953146443845,-7.373572597532867,2.2636692858389136,0.9233872191289497,468.42971254129833,0.5954647758728857,0.012994394544788635
71357,-4.3918924990960715,-11.667638658845478,2.081552474711689,0.7503184589690001,148.5800335675776,0.4103793594824232,0.012995841244726464
71358,-2.9045774135048683,-12.104468339879917,2.0108722492320568,2.7340846578562905,478.36663332166796,1.932063935268702,0.012999690824014051
71359,-8.446225860156767,-7.912486553229241,3.26690906984993,1.7945523609689689,428.32414057582383,0.6004559539301875,0.013005057591196044
71360,-6.6042988755981735,-11.757173426660119,1.3712831532048066,1.8557804817542463,445.0451961192463,0.2962459193137006,0.013005937129194779
71361,-6.559486770710927,-11.743607157116916,2.2085279938530875,1.7696863588666103,420.8121010431364,0.2942726292500959,0.013008978097593318
71362,-3.982281281404612,-10.480284178624466,3.0332549515863296,1.8372914363257438,468.0104781119978,0.6225526759015603,0.013010433014687621
71363,-4.171357914833226,-9.353708743059713,4.059779629791382,2.0361482903849573,409.0141094244992,1.7917422513166974,0.013013572388499296
71364,-5.5434753248933095,-11.340786182783997,2.5769556309192696,1.1233494197187903,468.10306484832665,0.7324046372204185,0.013014514283244445
71365,-7.159584379580766,-6.560568211693307,0.2846940246317306,1.1359749396424677,260.45108461607623,0.31780514817937444,0.013017597168515525
71366,-6.853393514495551,-11.220675204977866,1.574385925922995,1.127802576379358,466.93204953697506,0.6106310125743564,0.013017944382975852
71367,-4.433723865532785,-10.905062109571452,2.756885260036111,1.6311389557527005,358.33315132799754,0.9064767813160506,0.013018866474719925
71368,-3.4272256314554648,-11.397911293775167,2.3885425498148547,1.546901999482234,351.9022113318286,0.2959544452911116,0.013022069019740441
71369,-5.717585422737018,-8.564038912473245,0.10764060778079935,2.5841142634596945,221.8884004697384,0.2821493718202346,0.0130231399520275
71370,-6.743672528865394,-11.61482241457734,2.0096593362417314,1.8161146857128838,434.0988037424249,0.05356269875255126,0.013025402357576798
71371,-6.567831312357264,-11.80585116817164,2.1407485825265975,1.5475736513509084,351.6390607053035,0.08540810078955463,0.013027212271733323
71372,-7.191664951170151,-5.1228540359116765,0.4210926532735804,1.0809151832163895,280.6332087175527,1.552687150885796,0.013027327920194384
71373,-8.2807474170522,-7.922468389600504,3.6880797681910025,1.1115688494272113,233.03320520820992,0.631476275658243,0.013028424029268623
71374,-6.98434535333223,-5.104428157221976,1.0382059455282284,1.8058277065178099,431.09197218496115,0.4497920552214243,0.01302899504456047
71375,-4.415423976641211,-11.910930294740998,1.4981116554242346,1.8457723432190045,468.3426823120289,0.5146363552146633,0.013029345652883937
71376,-6.486636903023465,-7.658650613584618,0.5437926310774533,1.625729923830637,379.3081712294441,0.3697551132569945,0.013029654497598223
71377,-6.260343815511927,-6.982435423323044,1.9340684737132712,1.1201153290959984,230.14575480871008,0.8638614745762085,0.013036210745391833
71378,-4.778455064558072,-10.701943661655129,2.915063805697196,1.3645024428825527,466.32343983735484,0.2862325216194588,0.013036485504825274
71379,-7.04996133584342,-5.536098752460244,4.650801062610108,1.88281504220875,458.4457777147649,0.022786275971564685,0.013040456666421068
71380,-6.403531628004717,-10.365307431602243,3.1947185597907155,2.185958950796775,419.0189702477632,1.1289064130436328,0.013040664188274247
71381,-2.5194230699813938,-11.563713382867025,3.7576821035960726,1.889902161185161,455.0650704563565,0.4267144080490288,0.013045187257192902
71382,-5.21931818305923,-11.838215606248532,2.11993127241112,1.6936121409603044,186.03467054892857,0.2574582570752133,0.013045479605343482
71383,-6.6847454727400315,-11.703030996330792,2.042580707116795,1.566304224851779,192.01778269553927,0.15883287992157769,0.01304659439724134
71384,-2.653927579771195,-12.479391451870704,3.5160978018026,0.7617175230633993,168.54649406438318,0.4497975956606721,0.013047146031664014
71385,-4.538215869617622,-11.404469731688955,2.4305319832641,1.7689331250880904,291.53968001689634,0.038218444395616835,0.013047905881076296
71386,-3.1401499751865503,-10.081749251610368,3.4249319472458266,4.504185472856279,329.19797288446557,0.18979184190144416,0.013048319189603056
71387,-4.2046790039123465,-9.986239398532607,3.4392183412026163,1.0008562997606185,468.0353280840934,0.03156717400978515,0.013049220243971272
71388,-8.585359273264054,-5.721999477078046,4.322252055933064,0.7707783794670043,174.95311793749877,0.11554432522628577,0.013050634434181333
71389,-8.360017290165278,-8.88213759825163,1.0298539389919101,1.636723704273063,401.440168119716,0.7203525492937777,0.01305091141355486
71390,-3.9953272189996056,-8.191691490369738,0.6580631205657532,1.6198795493945264,427.2284996179067,0.19376011890464806,0.013051638121218324
71391,-8.99279987608395,-5.196653070113511,0.9040893900115173,1.89321477963588,467.493966373985,0.29863980993864025,0.01305487319652055
71392,-8.225338934037874,-6.271243000543942,5.017042209399329,1.7222977758428741,406.7887861212398,0.01928795139028594,0.013056582887113519
71393,-6.948311330399491,-5.154083659564011,1.6624242980177268,1.934083064404074,396.69934953683895,1.8301254089011243,0.013057486718292363
71394,-7.171962677711669,-12.893647662883232,0.9339702454362481,1.0789903080012517,242.45210466116728,0.49694334354644365,0.013057495607772555
71395,-4.037221394615676,-11.553198056686602,1.7101902529754605,1.2700404501949383,317.38259296888657,1.5350589529658878,0.013060208989538115
71396,-3.842887169331725,-12.904163728828731,1.3785213439317623,1.8894727991300233,469.6811915978786,0.12463346853299573,0.01306024265115205
71397,-8.975477478307912,-6.788132685406201,3.0989506394758615,1.6497566665040055,388.0007894746549,0.5806510154510844,0.013062105692631911
71398,-6.364559379473698,-6.556985723890748,3.305121146448007,0.9409446379961819,438.3804716494075,0.06338228021976366,0.013062925051793886
71399,-2.511354487285703,-10.1963338994427,3.6936724942224632,1.6065179208136315,343.64227699076326,0.7876767231235844,0.013064297335098563
71400,-6.152558359342156,-7.011978422011448,4.775906569123499,1.1230885951537684,391.8767985048303,0.8638144366278562,0.013066987232498259
71401,-6.576269811143851,-11.459765207229752,2.3942474922087658,1.8070834737056165,432.4378544221462,0.669728303069582,0.013069417937010405
71402,-5.364383881795475,-7.237287006711503,2.7726437427365997,1.3900506925908336,280.27188436972756,0.341480390853218,0.01307230469602529
71403,-3.9167239678563037,-9.727775257463573,3.6770565427692476,1.8338452073494076,468.34939467792174,0.8317851693441485,0.013073586191794214
71404,-3.357859704477379,-7.885494985659475,5.088629093798306,1.439004200468925,328.31732532248515,1.2883787840418535,0.01307517510495129
71405,-2.8086123096578888,-12.906232184859803,2.08674193539895,1.007311148695598,207.77795129696142,0.019713937285519734,0.013075439763495138
71406,-5.526164271352096,-11.904443688869826,2.2020867406683062,1.2188603030872318,423.49948072374616,0.7142369040211793,0.01307715569392156
71407,-4.662379510525455,-7.347282119367362,3.095517495069842,1.7871527565258385,155.64169083051473,0.36815409230843343,0.013078818883203213
71408,-6.606451740210799,-6.983843683949308,1.156085081666214,1.761237713487946,416.5480232503231,0.4437690257462039,0.013079782284929899
71409,-7.242157186884176,-11.251342934827733,0.3178826107735977,1.7153135074077948,468.48965817545906,0.26672787406328613,0.013081344348164683
71410,-5.1118095469868665,-11.52543525183716,2.4066780842360127,1.2761625062322342,308.18998213768015,1.5207467264141696,0.01308292199506879
71411,-7.103942714989943,-8.940609434582454,4.235411942947965,2.379392056022514,439.45458230165366,1.136524544749924,0.013083314559303207
71412,-4.9778737795348835,-11.770943082297867,2.0408372678647866,0.5369280500871327,111.8800666407132,0.03652085161014984,0.01308707142957471
71413,-2.710605609491184,-8.32701055984815,3.7086743221724747,1.4379892759760635,164.46232900961692,0.41568647832612626,0.013088947434685546
71414,-7.094175632923369,-10.219159350993447,2.830285190317514,1.4348826252361275,334.6393915784737,1.7660714258968468,0.013089053117614104
71415,-6.243585231409501,-6.761210568883576,2.777836792638578,1.8736374928277195,468.112591862118,0.3398481204279564,0.013094659696805303
71416,-6.800904731181508,-6.3358189613107045,1.4709823210436832,0.875795324537933,380.4753583140875,0.5835257554669981,0.013095007911991563
71417,-4.594546005535899,-7.399140187326615,2.6976823064007087,2.2495368193019916,430.7802431003643,1.7313689332142905,0.013096274856680627
71418,-5.819112981753063,-7.040709473366262,4.084393210079386,1.1016531088064256,467.4309379527355,0.6494340350516836,0.01309903177991457
71419,-5.53502375503178,-11.777713635845656,1.9062665442571152,0.5863687148286223,123.4449385892594,0.9053979573850084,0.013105260110756151
71420,-6.933500269705488,-12.004664450572026,0.25635897082883546,0.8184004699303797,214.93675717893424,0.7886775899364666,0.013105645177588998
71421,-5.369767622684284,-12.531208293052677,1.3906154591000166,0.8592216933061656,223.6551864790153,1.4330776844710318,0.01310569209062912
71422,-6.519778475752613,-11.545596760282246,1.4898471147548116,1.796649005793714,381.2461422603312,1.9758568123503402,0.013106170572118148
71423,-3.1256506134918913,-8.910460741476378,0.09525255672717765,1.6842251184708212,361.63794254597883,1.034327617604597,0.013108478902102117
71424,-5.139719293074835,-11.633424719121585,2.338867532210062,1.469146114470795,341.8711216060817,1.4260902423863557,0.013108767149421765
71425,-7.204058921361259,-8.596391584006911,4.569993075366574,1.5908780673071505,468.4744474266758,0.28548121807894145,0.013109534354236705
71426,-8.70487249691602,-7.9064110102400464,2.2624677976854897,2.0147695952071123,405.49857907822616,1.7327105227840551,0.013109755335023404
71427,-8.27489750814805,-7.64413181277498,4.1187122781633985,1.0336613435658202,469.8930637646361,0.07073447186373993,0.013111896588030905
71428,-3.771258791274537,-7.440989142642418,4.142725589512092,1.0552398449758642,279.96284612637805,1.3482154397514288,0.013112164663894196
71429,-7.461531220943209,-8.428253342893516,4.477890936344781,0.8504055101902975,468.84275092027167,0.49904553833276477,0.013112935177440327
71430,-3.5196086591594717,-12.555798468689675,1.4036367219075263,0.8682770923442336,468.0752479599883,0.7167603336975921,0.013113808933514506
71431,-3.7797826941092723,-11.778101680787508,1.5382966129071793,1.5768395850485475,371.74990383667586,0.4553330912426681,0.01311414052316612
71432,-2.4960841310830535,-12.956361945937443,3.5602659152617098,1.7524574710297625,467.7552294774942,0.8090853595833618,0.013114424905252922
71433,-3.2986440191467192,-8.734843349851763,4.70351114173242,1.438088766774821,470.2580028735135,0.030479936402971752,0.013114528356940498
71434,-8.09677814280653,-7.876606995183148,4.162042994057873,1.7943557232453067,467.6279132353664,0.0996420624905463,0.013115061556721642
71435,-3.635275856055049,-7.712715201039486,4.919161519084227,1.0509817246116089,171.26265275157982,0.06855663783144905,0.01311559992722587
71436,-2.940816286077709,-11.743853052770639,2.666380818114464,0.8610645682738703,467.03540826070474,0.69350920720722,0.013119232912355836
71437,-5.632152315248395,-11.688605439260996,1.7774506367253076,3.811894786409736,402.03044950292036,0.019855391391256916,0.01312122363097861
71438,-8.653861166006036,-8.213397802658267,1.260895379202399,2.163622222558398,415.95896172499073,1.0620336668904313,0.01312171097062715
71439,-3.143103205892591,-7.48942930903833,3.77121050117393,5.075337167308008,311.7385235590178,0.26511272832342936,0.01312317849893531
71440,-7.209961206908188,-6.030637654596524,0.29583877645519013,1.635557682862981,460.1220479453203,0.9329052632517145,0.01312411962709174
71441,-2.5656712093967666,-8.526408839873055,1.0652746613164725,3.0130990568897076,500.8946913274606,1.6115716264812576,0.013125242975624007
71442,-6.8173152889686985,-8.542710802425578,4.939187689201972,1.0495462754089153,282.68086937353155,0.7283265954393148,0.013127115634879475
71443,-4.867244363116203,-8.200339175687827,0.5782961015554301,1.1854002302729112,301.6171204561065,0.7634895203547076,0.013127299215565307
71444,-7.340779361868847,-10.45048338905829,2.07030030363634,1.3675769842196899,327.70468637055535,0.41748813047877764,0.013127341371040022
71445,-7.426724559715154,-9.750795284310444,2.779700857589637,1.0932371342711784,468.0420019889097,0.9071152915333114,0.013127665264650132
71446,-5.154649291491282,-11.633161657864482,1.805701287965744,1.8340567822394793,470.2803656036336,0.0258315892055192,0.013127834369780354
71447,-2.6774555091132903,-12.666137933830818,3.3302230715209724,0.780299974347329,159.79423663650397,0.16149314758335276,0.013127834903760452
71448,-6.252887745932382,-8.52766025720437,0.023672687713573615,3.821861177964983,546.0557703546598,0.2831958326479187,0.013128327977629424
71449,-5.874995695547595,-11.403208198716431,2.5615605385017948,0.5083957093327159,139.42622242929937,0.7468088149410912,0.013131150021729696
71450,-5.715185225157984,-7.115918046571361,2.7449594202956944,1.5166581705939466,340.9106086856033,0.9991345946431993,0.013132367423133834
71451,-2.3655202138212026,-10.222918150721982,1.6832674351751993,4.2172794871841734,580.8920885475998,0.8087476207451747,0.013135434750613484
71452,-8.194728307536709,-5.347308723882838,4.933299245874743,3.038107817014157,498.5832929964741,1.026075693085347,0.013138322907649418
71453,-6.034223158429102,-9.182599337013105,4.3655210902594135,1.5299493541975315,350.9104171193842,0.17217068910179467,0.013139395642106347
71454,-3.498744935606105,-10.433163235037979,3.053434822944675,2.7512031200817715,479.7453456031795,1.9452299625666702,0.013140139043271049
71455,-6.146845300733209,-7.234520405475528,1.6141056772415128,1.6036501053558303,372.6414519470417,0.05998950886351473,0.013140164938781238
71456,-2.732998182486746,-11.19935445258832,3.5202491247873,0.8857308821572778,176.6069363665386,0.5443934680252811,0.013141297676104242
71457,-3.623853298479485,-11.511088604388913,1.8116893833251386,1.8022785020106353,429.9556722075276,0.35742306567394966,0.013142010280230815
71458,-3.411233415507496,-11.567433388620557,2.0633213499250322,0.6000152116733879,138.07008103997214,0.8913618567078716,0.013144754030199199
71459,-8.928217296896634,-5.893782194804302,3.454179184035101,1.1948997432405006,275.85005546351226,0.11247771265866202,0.013144847495978948
71460,-4.881044373654536,-8.232937722181482,5.181504345390772,1.6620425263407697,468.231106854302,0.7648664703381352,0.01314508858036229
71461,-5.426916118850438,-7.522318626673088,1.734441143039971,1.1252965012262015,469.07734579006365,0.6358258964203367,0.013146643739213404
71462,-8.420809590146735,-8.431857414706656,0.677930378761228,0.7469800685912533,466.8506835871069,0.3825731005980124,0.013153920358290204
71463,-6.761739650159937,-6.585174244227263,1.23745923787614,0.9532472929053202,428.25967062159566,0.3727440497191976,0.013155744192003029
71464,-5.633997230515483,-8.158805698874396,0.46447319041238144,1.877155136923125,469.05647693984696,0.014635036070074214,0.013156458485260545
71465,-5.125747352256006,-7.357432133346249,4.481371358231389,1.845256781048119,467.7837784389661,0.7613841611592589,0.013162235126472813
71466,-3.9587883914357302,-8.42849582719948,0.3806027676666675,1.625971314632606,359.6775797422307,0.6514078550090225,0.013163555263431053
71467,-7.243960509260296,-11.982556788465377,0.3540997334532703,1.3659026120028235,324.1808100159648,1.7289585173254638,0.013163664061295523
71468,-8.34384802157157,-6.180006259878023,4.814008159762168,0.7326978391317153,182.36081707133835,0.35120228068849,0.013164098189612162
71469,-4.17263291471757,-10.573481187392124,2.959601531153464,0.9981704472457193,195.28987231224795,0.0037097564013430784,0.013166473085474419
71470,-5.659620008845247,-7.101167527280445,3.9101840976256588,1.689977357782326,397.8650005698461,0.36429963055209313,0.013166537140330501
71471,-5.596994266038972,-10.943736582759847,2.809595621345643,1.2087409197963694,230.054698028558,0.04185505727107941,0.01316683270704014
71472,-7.461228679590925,-9.320793579481366,3.2641936808673884,0.5496735460058128,149.87397281268434,0.3617637727998213,0.013168295230104102
71473,-3.0443862635837506,-9.630212786475472,3.9471223422759185,1.0882615381755532,282.296889877753,1.5516153318971178,0.01316947713786641
71474,-3.4823956691118045,-9.561220725550928,3.820800984932431,0.9776015674373064,269.7572885045424,0.8563466802498967,0.01317348179286283
71475,-3.973556998871625,-9.722176849803148,3.679902684767209,1.3597404750792306,322.6069331004774,0.20458240957300955,0.01317364076703614
71476,-4.801696033910547,-11.57222762991588,1.746756984037657,2.018765835253403,405.2025982488286,1.3889105393408512,0.013173889471444591
71477,-4.652129703558786,-11.57277403414485,1.7186673221516877,1.345597131840698,303.60826920835666,0.07284701331162857,0.013176336034339682
71478,-6.602915585968374,-10.405054851820648,3.08910936107887,1.0967645035643698,288.111693836837,0.8416500742113167,0.013178081712155816
71479,-4.203599278312327,-11.555446188281381,1.6935209773009074,2.214134488997935,421.5154428569712,1.0878250012652382,0.01317893584613169
71480,-8.54207247185175,-5.785400432324484,4.407260543720602,4.014598195073872,247.94043383050442,0.30208081852674606,0.013181180109616634
71481,-6.707112436685695,-10.995093392327917,2.5971407205501458,1.2307011174042293,467.99182189924875,0.3643652881963515,0.013183386167355508
71482,-3.2893134740897665,-8.950541592631879,4.474982399279741,1.7485337946134305,173.84130124839842,0.3737873298496561,0.013183556193695342
71483,-4.4845166541663435,-7.351617674242737,3.30191645193467,1.10894042813004,467.99120576030674,0.8554424777150453,0.013184142300101308
71484,-3.1639513234164127,-11.516180544272155,1.7583913085720813,1.0723978401059027,257.2335397437574,0.3963172651417892,0.013184626291141739
71485,-2.7418909683042205,-10.531852950869718,3.8615692022778703,1.8574451361589752,468.2293986735689,0.5139723021745928,0.013185004088838314
71486,-6.015965999112529,-11.999242147081546,2.1739952921369796,0.8749174407034555,177.62719676983812,0.9504764140457374,0.013185112045419722
71487,-2.9979619423323314,-11.86884786289384,1.5769030300785887,0.7495676590426118,201.60101568632433,0.9161184297630287,0.013187620342213963
71488,-5.713769309824923,-10.794093270823444,2.9073747322238725,0.9436759111166085,164.27299501586495,0.16644084832459338,0.013189130408335305
71489,-5.704953796570238,-10.686704511401777,2.9848510783887163,4.926654739130487,495.4839981248743,0.04005162415303776,0.013189254534579333
71490,-6.911041755329823,-11.062094050530634,2.3285327304971277,1.1674969160745994,298.37635003353375,0.9003063204192481,0.013191941032809424
71491,-4.26613210818121,-11.079324224703244,2.6230890399131734,1.2625762239583271,276.3058606142588,0.20336196295937015,0.01319286047912335
71492,-2.432190592802982,-11.595367170447394,0.41108968725030326,1.760071817775486,468.55384213449986,0.831477949435242,0.013193638563313686
71493,-3.7778475395349744,-11.549287153826786,1.6905271121714571,2.3249857619679406,437.5624411331758,1.5577307262278568,0.013193648956529948
71494,-5.059158870164413,-10.73205292757584,2.8960735033660074,1.6682710636346354,358.4678505971134,0.9699358891318708,0.01319616023010521
71495,-5.775578271590362,-11.975947675766001,2.150313354650402,0.8617244307860386,467.5701082763244,0.4319572709764623,0.013196501551918273
71496,-7.305651763032044,-11.864208868132861,0.9279725301004714,1.1439163222281714,294.79821634488025,1.2127223337852628,0.013199258148786181
71497,-6.676469556163598,-6.382693523761207,1.8683544421798493,1.9814697227865254,395.2922070718728,0.2934468443590177,0.013200356774502884
71498,-2.274644466846853,-12.14907025163437,1.340216382085557,0.9440459102345703,191.84473362621495,0.8324608981482067,0.013201834577435761
71499,-5.720633046225749,-7.2582183981375366,4.80357030903181,1.0499758001993722,258.28766463146457,1.3139754725702373,0.013202031583142308
71500,-6.641613822771367,-6.086603990536093,3.3183664276063802,8.000914387574507,475.54605383788845,0.07126519734947223,0.013203388563526493
71501,-6.2316628954549405,-11.943247718169232,2.209548811554763,1.069422905034483,215.92892351205447,0.056948744327717016,0.013203495825191626
71502,-6.865989916792896,-5.571037026255409,3.935692275193446,1.095586518711563,274.4755043643017,0.9349294758630409,0.013204746734423182
71503,-4.525610479558373,-10.943401094495956,2.714698083262668,1.7250896858600593,406.11670102654085,0.11834874386479122,0.013208791251080024
71504,-6.9816069720837834,-6.344784592000084,0.7088775206306214,0.8169318836804661,166.35350587962486,0.700145149711517,0.013210635677656327
71505,-7.1764784287642085,-10.668066200114769,2.2145509299346404,1.3723894040625828,299.0228237878215,0.05785075756877678,0.013212843439950842
71506,-6.703633312384452,-6.791273285371421,1.1504040439569694,1.3786512843102123,468.53685906389484,0.6704746938904309,0.013213323576981904
71507,-3.238163110707527,-11.498709013058587,1.8398389582975165,1.4778764442208991,468.7649577761963,0.9060525463705771,0.013214436634961201
71508,-5.083946516182694,-10.631999814318572,2.973098631152996,1.4637953915255715,467.822179192189,0.020875001054941222,0.013215055914089502
71509,-2.4378162351549637,-12.194954902316788,2.948529440516842,2.13449583547614,395.7044465578039,0.3703374372254329,0.0132202548182222
71510,-6.977596451379408,-5.242851799372166,4.1968944442208365,2.459671210947829,211.8398610926291,0.2584635284858807,0.013220559377590441
71511,-6.4650956336378655,-6.688615551546903,2.0412368227770012,1.8949240520873922,468.27397883309294,0.5070254175341793,0.013222238816589108
71512,-3.8271648202738717,-12.079382795461088,1.4626627866088349,0.8656419381572454,467.9180610722894,0.18136366905596368,0.013223093282355762
71513,-3.977655998619901,-10.72323161477908,2.8423390590339075,0.9103461418565119,201.00332070901328,0.4442416327805905,0.013223324571880064
71514,-6.718390210181604,-6.926989760767844,0.9271757218672065,0.9809382754391723,256.06436496729987,1.195492699839381,0.01322384871201446
71515,-3.6431874022706223,-11.342684553088063,2.4093711256778296,2.6383192672691607,467.291494650541,1.4418736766080666,0.013224410076474387
71516,-7.011171115784029,-7.69628713877335,0.14745598164160592,1.8350393704509438,468.0939191169149,0.7274083561092679,0.013224751203758132
71517,-4.785349427773391,-7.325746225184255,3.1069615202530807,1.2421807816045323,269.7492991025271,0.08699987684172061,0.013225300074953662
71518,-3.900566531467467,-7.423700582494446,3.9627334144840507,0.5679293647009006,181.7953401378696,0.22336665070924333,0.01323244672850857
71519,-2.8138356031534713,-8.240606446830743,4.525827032332155,1.0536163780738494,273.61309084797284,1.447242099585302,0.013235390270488227
71520,-4.431157926629389,-9.062577596931881,4.372625879171159,0.8378513085652429,192.29696325612443,0.39779584506435217,0.013236406995362842
71521,-5.757242124850596,-11.65185522818613,1.716612958763896,1.3719008503533,312.7378609769618,0.1964541225949583,0.013238944149418909
71522,-4.328041157297787,-9.908005251863615,3.5140745890720293,0.8993870077508737,446.0662747378652,0.3368532752145832,0.013240479449099904
71523,-5.635120487533739,-8.315344943914031,0.31578091301033606,0.9826860888172215,467.297867679731,0.4707582796552714,0.013240578874783332
71524,-6.655636329941522,-6.333341249952912,2.053555167672978,1.1852256508694636,467.2617241354725,0.1986405828368687,0.013240654265028943
71525,-6.490184607424543,-12.033236702016348,1.3392779860523172,1.2023088466541345,248.69278277804597,0.03318406812304264,0.013241498709189838
71526,-4.013595842661333,-7.5745020607322004,4.690958095948711,3.419833876159909,521.8736191277426,0.6439872824722128,0.013242530703341776
71527,-5.195447212712032,-11.651699782049201,1.8670760757276423,1.3888212808472855,468.7067203689386,0.8208286652958234,0.013242874552936924
71528,-3.489011449100193,-11.532640499180077,1.920376006198531,1.735001110282175,426.23516764705784,0.6000755499231003,0.013243702411860975
71529,-5.791592035118903,-11.932762506091382,2.211617654476162,1.0849276847302778,281.9142527512871,1.6794469642683696,0.013244105942244382
71530,-6.918720728752788,-5.031418815092217,3.6895413487637536,1.643319104803439,356.3097131492002,0.826480155227765,0.013244579301375823
71531,-5.067294090688146,-11.62820148990909,1.8369129679666893,1.7082013900134787,361.72410033427616,1.0667625503212834,0.013254291352358219
71532,-4.407211339454489,-11.309376730992158,2.4718458964811125,1.4990561569411358,346.58612884580424,0.8353718714053437,0.01325457275993316
71533,-5.37344878481974,-8.658947569911163,4.8881135986800945,0.9179923812164003,199.55997277592766,0.63488317636065,0.013254714698840854
71534,-7.098140069603746,-10.934950789038558,1.4546827837314082,1.1965007963521261,306.26358851443916,0.6270498938161966,0.01325649458134757
71535,-4.28633867563358,-9.753975502825634,3.653960387148396,1.195519183786158,161.3342037872572,0.33879737008561595,0.013260912406383735
71536,-2.3085651037264485,-10.803862542216114,1.3534498064760894,1.1931354575937323,281.8735568503351,0.1318908910658818,0.013263624830758445
71537,-2.2885980586443075,-12.749947102739974,1.4914615712737196,1.0963463165344889,466.25422224043126,0.08427662619396425,0.013264338651696728
71538,-7.953193845226386,-5.102158598461129,5.135709885801442,1.8838979377185139,455.20664227020285,0.13824737354796124,0.013264911662626592
71539,-5.86457425413776,-11.795659720553573,1.88792695392327,1.7378122434814456,410.4356247226709,0.5465549437017341,0.013267335936244282
71540,-5.114578741902302,-11.762837705582026,2.2284955067231857,1.8206831480291161,434.9308492127276,0.25911960850844995,0.013268770832604412
71541,-3.6087552861648273,-7.550848549520719,2.2636019118192134,1.7158274948884695,468.0269673343625,0.5506142899763224,0.013269146867076682
71542,-5.323938064907018,-7.593978998049053,1.6127350039001689,1.1766883026455246,247.37555721149195,0.10667858405535213,0.013269927421068224
71543,-6.782661510399446,-5.625054825747789,3.3989191907436926,0.8523474813374808,243.3686080136048,0.2884485327840389,0.013273042483112918
71544,-5.486515425415201,-11.852457426480873,2.0352924607106027,1.7492036179513704,242.74697572892288,0.06865793457207126,0.013274138491454186
71545,-6.6573327200293235,-6.186388187230372,2.3012393032757505,0.6797049641682053,135.20512871824428,0.2121601368494792,0.013274763261524552
71546,-4.053217354950542,-10.070158885560337,3.3581466404891733,1.1663479404401043,282.54355654622316,0.9736119542559329,0.013275041722813696
71547,-3.6770316665872134,-7.425072326265325,3.0030535286600974,1.1002622263517712,288.1726914971723,1.2581398341972614,0.01327692562474727
71548,-7.417602380343531,-10.233042494629801,2.147719184531521,1.6543170413537605,264.8318254054995,0.010180164825673188,0.013277166753265469
71549,-2.473310427060106,-10.652263308012245,3.36513000036666,1.0462207675768895,272.20326820245407,1.3771698161330503,0.013278249479957005
71550,-3.00196387905169,-8.044165712256936,4.984332343917826,1.0786063374798875,279.6376233174272,0.9928996547539919,0.013278543253458062
71551,-4.3901683401077545,-10.861456912479294,2.7671242565361096,1.7153017447113437,470.2715888299107,0.027173652622623834,0.01327913583782327
71552,-6.684103697853239,-12.112073445178407,0.1570782554493677,0.955898834411166,254.11670813648536,1.4041556322507613,0.013279272544764348
71553,-3.5847039567547343,-7.550212193700069,4.555818214045157,1.672722048940651,395.46241591575745,0.25162245983139897,0.01328404361159394
71554,-8.634518884906152,-7.397398698237582,3.5770340840725883,0.9178344710590517,449.4384455914519,0.13158425006925345,0.013285491802825268
71555,-8.12775633971354,-8.530327856689492,2.972682930973637,1.5429759347939642,208.29065987570976,0.3566774287633514,0.013285680578706407
71556,-5.7862546761278315,-10.079550193274992,3.4508889104629654,1.2068980289278786,467.80912443834325,0.244921723286053,0.013286663872192793
71557,-5.710712211222121,-11.320282869264709,2.5782084403446803,1.2077220387336742,290.48724499680316,1.0790523545132018,0.013286931845651004
71558,-6.950908263828127,-6.83959407523393,0.5502049771224086,1.0090408434944431,271.18138932227333,0.9386481832596978,0.013287183568642676
71559,-7.170564940235834,-10.333754762495618,2.5903596166458587,0.5564773058050708,154.24799821068416,0.26349798632593835,0.013291421375975518
71560,-8.349031472962336,-7.077326499265685,4.554537354967563,1.0414555075619065,282.62901147539725,0.7081574817038421,0.013294798616174903
71561,-5.910903137715447,-11.65137914882044,1.7205080352672302,1.0696693152917485,285.36458102453935,1.518430895108792,0.01329484834216125
71562,-8.269849923925854,-5.02409576975169,4.771192637617349,0.7687679857614759,466.9400444315712,0.5226136693135626,0.013294889743003335
71563,-2.578877360871675,-11.112833374551984,3.9433367641304793,1.1497815361234118,179.57683064671883,0.16326430831392713,0.01329489566765094
71564,-8.71544216244309,-5.5159944072863265,3.9934899764311638,2.7639428457629767,480.35161661881244,1.7930473985287678,0.013297411297108253
71565,-8.786538164324936,-7.699685482784634,2.397168515086319,1.8201914322692805,467.9054418436809,0.486064748111648,0.013297836548197939
71566,-3.738256483616018,-8.343198024692501,0.48109905447141527,1.6790041936841043,428.9511819067459,0.3211878970065625,0.013298130915573183
71567,-6.829065712816529,-6.304265822698296,4.874653356750115,1.1091093628050144,289.26668089873306,0.6689044678468727,0.013299768861397788
71568,-6.749245214887316,-11.456815083847776,1.8397836972230632,1.7501447149190072,343.39090170883827,0.4472690090233531,0.013302250368631117
71569,-3.446628407221061,-7.443930371217409,4.030061575670244,1.2677280984672592,314.0558766928165,0.9808239334170343,0.013303113744548432
71570,-5.032147523272494,-11.583843293794784,1.7756728038628709,1.0719680729256869,401.64942359884327,0.019282694169672432,0.013303138681995674
71571,-7.963969635577417,-5.0421306615733705,5.122390888422426,0.9999018315632658,467.1605488280728,0.5723374866974478,0.013303585344148846
71572,-5.889666306244729,-9.292654094387984,4.232323748357181,2.020160927467768,405.45207783075176,1.6401982860165711,0.013306037835300337
71573,-3.6695212448400474,-10.863867012413714,2.7389939461686956,0.7669907791453779,224.56014236264113,0.9161997841895113,0.013306118329834905
71574,-5.031362104037437,-11.61086459849475,1.8468090255220302,1.2163501268356418,261.16675900064894,0.9591550753462164,0.013306541946169549
71575,-7.937009774555424,-8.484395672891264,3.5382302906227263,0.701352764233397,150.55724923848175,0.12908511695346458,0.013307208364462442
71576,-5.6173096747449005,-11.655793386100143,1.7954097020491109,1.178204168224029,298.3248824625745,0.2135768310303119,0.01330912214544466
71577,-6.002009706759692,-11.78299293390917,1.488328204296916,2.8876704376708577,480.4400298245331,0.5596596402120158,0.013312336974006519
71578,-8.887686401157431,-5.405422946112911,3.530034982632528,1.30716449905627,320.1714950655849,1.1328519686160154,0.013314101452066525
71579,-4.250222804265327,-12.29532330615746,1.424799085599877,1.6209725415144627,468.5847942715426,0.41972141622727843,0.013314856892656015
71580,-9.082330668450863,-5.293962122563288,1.9133423271350412,1.0868998434019235,218.04583595199026,1.013469642077971,0.013316242034564933
71581,-3.9599538515263157,-7.550916542195412,4.593541607934657,1.0627115438853834,280.22295663581434,0.33800738155750754,0.013316370110084593
71582,-4.191814727686422,-11.597353666433946,2.203418978502446,1.1889631522536195,467.35285772269896,0.3208968757388879,0.01332003493119577
71583,-5.285733087410789,-10.755171694574473,2.8993690674148107,1.3733393845669069,331.94340864376807,0.3290645491777129,0.013320081691488555
71584,-6.619390362039932,-6.298717869196587,4.112797164707569,1.161449857674783,250.81830771704827,0.5312964868042593,0.013320999853403563
71585,-6.144509460651173,-6.805722556517071,3.766026965360414,0.8698667595424104,468.48974180914826,0.8475624717302468,0.013321984094738
71586,-6.578574601286669,-11.746559988462911,2.129075680930798,13.599016941062889,828.8494311762701,0.2870332946587526,0.01332309995380075
71587,-6.883654742287699,-7.205523684425433,0.46660962409810214,0.6154035314886329,182.92101620434144,0.9848364221715178,0.013327381960633574
71588,-5.7189211878155675,-7.297148909031245,2.022419130496069,2.29964641735182,309.78108181369066,0.027466825979762355,0.01332960188082489
71589,-4.823903131537826,-11.669996313928467,2.226048284440678,1.1587699902514044,295.54278773038317,0.33452883247388066,0.013330428337470366
71590,-6.845016669171257,-6.103411784248041,4.626115553967838,5.035177008999956,441.7563246473409,0.043257499770506413,0.013330626044884691
71591,-6.129444572840299,-12.07547541605788,1.393841442831517,1.9977637211505115,285.63017251913476,0.018004597501112052,0.013335764860796632
71592,-3.8289579311722077,-12.151046842906807,1.4451994179659058,3.084552852222816,506.60108512557485,1.604962903293476,0.01333651463883687
71593,-8.312347255734595,-6.848036564004241,4.755479762124576,1.5114645674757456,350.1170350865419,0.5937981123642659,0.01333676559802174
71594,-3.512372826307426,-7.627702220721174,1.9780662724141518,1.7356356748344324,287.4391765986501,0.028475468318363006,0.01333691838605537
71595,-6.198054657085126,-11.208300106428212,2.64416048368946,0.534452634967161,154.6127561175759,1.0923954393694437,0.013336959636486918
71596,-7.137829267724904,-9.395192271803985,3.6358540131539874,3.065185112587097,501.527633998072,1.0792861904738897,0.013337122239005359
71597,-4.189340657932511,-11.52123721171315,1.870570840211438,1.1695046009952563,281.4775567719966,0.5988979407862578,0.013341387712495881
71598,-3.26209290490093,-11.5904837888587,1.6142895829584076,1.149427343214597,465.58747210682014,0.2909319583122256,0.01334223197106257
71599,-6.32998090893517,-7.090626350354551,1.6252628473521302,2.5721218795163634,456.0938427129228,0.5121637520385791,0.013342473172164969
71600,-9.012332171165115,-7.069568730972018,1.9083705946339125,0.9068515535769375,468.2247550106673,0.5462375812146361,0.013343023601811863
71601,-3.4605341270708028,-7.429921973271679,2.9952364807450147,0.6122739842303415,127.89390943936709,0.5785851118554914,0.013343380750306846
71602,-4.599604738094497,-11.475079364303529,2.3743269082301026,0.8631074091180496,467.00372755092866,0.6949940153057463,0.013343622168970436
71603,-6.381363844564732,-7.56645816102029,0.7375305562078515,0.9166140482102819,243.6868213170931,1.2262251853710477,0.013345764918063305
71604,-3.779949758182891,-7.471925874129838,2.607191147204302,1.111949610640991,467.3381466852017,0.8831895105793288,0.013346057315278327
71605,-7.263415946483024,-5.539680209679691,5.083813182620575,1.4802988821439167,351.85656825448865,0.4288888372574009,0.01334728161389411
71606,-4.303273530424439,-11.514322637114454,1.7820603367847003,1.1702326759636346,468.8622847279844,0.39608809215473073,0.01334994183488422
71607,-3.1839805794409166,-11.57693621480766,1.6431436500915968,1.1370231853360375,196.47133265024016,0.13860478766495365,0.013355532860007482
71608,-5.751979861279805,-8.94983915401242,4.605904912335548,1.3638386375287586,468.7027153724283,0.4923717193679096,0.013357064772467194
71609,-6.605347722668336,-12.632050118765859,1.2365808140643872,2.1977419390917046,425.90669683499715,1.817126114160791,0.013359095491441602
71610,-9.067947137538873,-5.226217140412684,1.8294486269845969,1.7413307060369303,411.49316294748604,0.37119383701043684,0.013362722983401683
71611,-5.775000363779007,-11.135324605735644,2.688463678500409,1.2358592299410218,301.47675439605814,1.5640120441723786,0.013364766258655616
71612,-5.3677561465573085,-11.81040711676528,2.1087765089772827,0.9227783180016053,469.3873593195169,0.07828599384678281,0.013368617774484146
71613,-5.338750381802211,-7.247360323042972,4.183931999538605,1.654770859642381,385.6515856120947,0.16039057171741877,0.013369841118196639
71614,-3.4656543237254276,-8.267619606995474,5.05603779698441,1.8388719098073927,469.8791736919382,0.1631211349421804,0.013376580915096078
71615,-4.1700062144153005,-11.531326385935365,2.258032106846921,1.108037530924684,237.02039535055127,0.8106211461821164,0.013377122969514096
71616,-4.811283764233703,-11.6335085249454,2.268981100133496,1.1293415266166995,294.19126148676827,0.49608033697348386,0.013381215668506244
71617,-7.003951144303706,-11.00113176367521,2.1959341435137865,2.367353236378493,422.69349937098985,0.37126116195027503,0.013382539939401325
71618,-4.283815936071758,-8.216995901442402,5.118465134715862,1.5280075034094773,352.5156739170288,0.2157787171707044,0.013383647466168864
71619,-7.120813631143363,-7.7072313240019605,0.1295266661603418,0.4939834196439169,127.78629275252428,0.5807707109413469,0.013384955599770732
71620,-2.6312497277646765,-8.566197858032826,3.183094067697536,1.6104548900674676,379.52546307690284,0.5722501913535556,0.01338561406209451
71621,-5.939765661332326,-8.600379065317176,0.046144703660677834,0.7552213719280945,197.15258604812414,0.8058960830408806,0.013386189209468798
71622,-4.465824890372973,-8.662525661458016,4.79464153200709,1.8924853012295526,457.2300510713881,0.20824246209690767,0.013386346837687555
71623,-6.469994181037635,-6.624548265035941,2.231111111824984,1.0500337917903988,225.25421258922896,0.2179717299805839,0.013390486026538913
71624,-5.317858727958397,-7.217558190553696,3.6497684723044883,0.9666477844601045,245.21601893270415,0.24579932088327627,0.01339051959489989
71625,-8.63308121593947,-7.593207918966211,0.6225048358217107,1.8235937150566242,445.74011681012666,0.5560183029121175,0.013390608050277177
71626,-2.879004194232455,-10.559064415352154,3.438586471034497,1.4290797115910971,258.0453093255427,0.008246421336503218,0.01339098969840124
71627,-8.564167452830127,-7.6151624326424034,3.438223142472955,1.425788573403138,339.27128439430106,0.5768549144892834,0.013391071995065517
71628,-9.080665484794093,-6.035510056407459,2.7257554886361417,1.0698952006769007,466.81429450631487,0.03613918031603003,0.013392799461827748
71629,-7.785954550779341,-9.854830431092786,1.3441680956110091,0.7818206160474186,186.17189834281913,0.5073800625899594,0.013393206278304889
71630,-9.009552671026631,-5.67153063619734,3.103710676309161,0.5917033472969041,124.48815146656203,0.12263862017742966,0.013393713051423268
71631,-6.912275898960122,-11.033041469795203,2.334796739955024,1.8320746521695463,438.9979779014309,0.47729937997115535,0.013394089205317093
71632,-4.070225633915702,-11.530173760305686,1.9487935793059545,1.8711072662299415,466.94316609356315,0.1599517891112603,0.013397089420789458
71633,-5.063549591879527,-11.608937255175949,1.6386318495457541,1.3656159292935803,330.32001817944916,0.2625456027816506,0.013398378284941061
71634,-2.5449736255459428,-9.759612980729166,3.8423630781682854,0.7508103310707159,180.95237959604938,0.6335324657607293,0.013401369370497495
71635,-4.472329721974296,-11.430750301503751,2.3881841365694565,1.1325362757624065,290.1213854449266,1.1871853998208532,0.013402123406087093
71636,-9.08851888193118,-6.5115163455813825,2.4851142214699706,1.8074366481241353,468.6125325698016,0.8661675096435557,0.01340236821737037
71637,-4.302009431583346,-10.471910812011657,3.0333063828534432,1.6728142619509478,366.0987446421265,0.6266351804465993,0.013404919668732638
71638,-8.94162583490938,-5.301468990107712,3.3439802049880956,1.7769857839911156,467.76750306557636,0.4546083891740462,0.01340505218159718
71639,-3.7171938601671206,-10.206145094878863,3.224558794280553,0.953806482748186,186.78324626395047,0.05354708364030447,0.013405144964579844
71640,-3.024567440825125,-8.667557335390839,0.2938468003215921,1.3036034494286202,319.67124096169334,0.5368490497520755,0.013407299325216364
71641,-2.966529555770986,-8.947935903736752,0.13491266044578118,2.2035744599378235,427.4518070759777,2.051053967782118,0.013407778123467393
71642,-3.4643924087746614,-8.40216316157481,4.973123675232005,1.4191052110642357,334.6075009970572,0.2847689648381371,0.013409454930656803
71643,-6.421545499378514,-11.573396766632627,1.7323899091860464,1.5477745689217393,351.37735981078384,0.7444660466949138,0.013412236929482296
71644,-4.278885335414108,-11.604866777762314,1.610126968269414,1.0722346346464073,452.7925521942069,0.8034256974252303,0.013414757821364233
71645,-2.3535743786207437,-10.061248033347917,1.3652413703436814,1.7248207333555639,407.10919945522426,0.8571280138286737,0.013415248286005132
71646,-3.9281447471511974,-7.624431923509262,4.786605471024573,2.4168555588466885,450.22699097280616,2.4130820666779877,0.013416014303905155
71647,-6.982771580609105,-5.40507094549587,4.324634348862956,1.1620169492932981,208.62567904712034,0.09036571423827144,0.013417019588555647
71648,-4.558952832401967,-11.228747645511525,2.5247520126890226,1.8811971546128412,365.874102705146,0.2117007611944457,0.013419172967358622
71649,-5.099320426430128,-11.64850121684884,1.910902602041026,0.7480061641230664,174.05178654269517,0.4255550865883775,0.013420138546887677
71650,-8.352207614445947,-8.66454103617282,0.7111211266849188,1.1877584746996597,301.5983985039287,1.139174091763823,0.013421864811413964
71651,-6.569628200007432,-6.252435072414955,3.034151980755047,1.6165343050236376,174.95632943291264,0.25296170613241475,0.013422155746433776
71652,-4.756441001330876,-8.104337055652017,0.7316285473018139,1.1341517456301413,291.3924275757155,0.8721312625617914,0.013428553096225789
71653,-6.784682592299577,-11.345727570941742,1.7720807907687046,1.4038794454856833,468.5253880760856,0.6656817891431119,0.013428580694743928
71654,-7.046090011239217,-5.360046717382612,0.805466622375876,2.164303158948386,170.70134979733848,0.38706852111453394,0.013429005248364975
71655,-2.9909646232514593,-7.71144557192514,4.035163929690527,0.9880654094859681,309.16695746601823,0.0236591997540474,0.01342965670685494
71656,-6.864341694697693,-11.075301198453394,2.3596410215250416,1.1120895456757385,267.1727126569643,0.3506605464643391,0.013429788703581866
71657,-5.966742117494318,-7.120963125733538,2.193359392479291,1.6969374865823532,400.2567542732027,0.9257263292451325,0.013430172034622745
71658,-3.58250874975223,-9.818299456278533,3.5627671150866322,1.8120642921707215,468.92186119310696,0.14152407668123157,0.013431985245615527
71659,-5.816404374213834,-7.023669845274727,3.3614462455682417,0.5737085311912355,118.10387795429014,0.13058637458318234,0.013433160489997412
71660,-7.828671320184436,-6.631601975154438,0.17051054155050047,1.5111780494527292,358.9533315213669,0.35878781393481063,0.013433644908502164
71661,-4.362248813483715,-7.4670304675608605,4.4044680592942225,1.0714935196505249,468.7147368980095,0.1507845321345025,0.013434731750538751
71662,-3.9446197576895194,-7.879435518811589,1.2619280336251546,1.0466823901098112,467.9142737955641,0.4317981791698289,0.01343747855120399
71663,-3.023058380345108,-11.861422492643463,2.2159579804730236,1.8980867134505088,382.01205222688964,0.3539011768853939,0.013438673699501354
71664,-3.4960878805238513,-10.018800107738866,3.3754544777020548,0.735162377212414,157.51629799899717,0.37723936810995085,0.013438722865605275
71665,-6.643837361885172,-6.566705708600381,4.823716507021075,1.8573875157285475,467.7354334023906,0.20142616888109277,0.01343921644142437
71666,-7.4694873484551705,-9.655848196458042,2.797477458613327,0.946068143022588,176.6938388774649,0.09727613556424863,0.01343934916989624
71667,-7.962904096722315,-8.54822133376555,3.3663978860202413,3.645578462687069,532.8987361161769,0.42176607619373296,0.013441259549211453
71668,-6.819038639508255,-5.6939876727911605,2.0326843009312308,1.8146640120957855,433.8867495148815,0.4277678475778881,0.013443932145884465
71669,-3.8395439668217826,-11.562726865471905,2.0566016795680135,1.7371906678169453,374.1800347427342,2.0544711985786934,0.013444589636187216
71670,-2.8526163447188457,-8.515148439134322,4.990487057191337,1.786662305215618,426.1247387991047,0.7615012805332286,0.013447819266682277
71671,-5.83107918438528,-7.995520091952536,0.5785715765752473,1.2818674875119078,279.61992772643026,0.45058309829318244,0.013449268713788274
71672,-6.161041044786565,-7.0878965859022225,4.967732440054365,0.7951415941788995,159.35498218433233,0.41668884473431866,0.013450379766674129
71673,-6.017196705684389,-6.920660020724354,3.8115460608873706,0.9714378183721147,195.7139618859264,0.2709996238174259,0.01345306186929881
71674,-4.809983407941015,-7.553187590888766,4.849009474337446,11.38230959417152,733.5913160935354,0.1627239096946056,0.01345351023450479
71675,-3.6111019082633558,-10.175211721209253,3.2431039146692693,2.3421482944948178,441.73048203989094,1.9921716227729513,0.013455023230615452
71676,-6.734751796214006,-10.821821477666491,2.682836009660576,1.644010528278658,381.3665524674102,0.4441079463336477,0.013462229123133386
71677,-3.737390913449649,-8.250400115342586,5.068963101531289,0.5978799582702183,161.94962541144608,0.1404856750690433,0.013467505591751807
71678,-2.9669454253681646,-12.04821133724464,2.1919167766619716,0.9817624166098046,201.0430892369928,0.1703456508085246,0.013468815237825008
71679,-5.881498954048266,-7.118172628072489,2.373224039905843,1.592127134546992,168.59490502907468,0.2633370047280019,0.013471442398758714
71680,-3.130751270770501,-9.656183204467862,3.814075189840002,1.3279110361528477,290.52525906359915,0.7624152820481891,0.01347197109245705
71681,-6.446267203288949,-6.6508911732717335,4.452479433439704,0.910649673853014,254.92918106072514,1.0266595766851738,0.013473088850030691
71682,-4.829165868040471,-10.832325786919974,2.804098573635322,1.5831209084190796,468.0885710271277,0.898980469840529,0.013474262616269097
71683,-3.533788323307963,-11.503208136210828,1.9296300146320542,1.8239952838464193,436.3472498585375,0.23287507448677136,0.013475207372907699
71684,-4.810221363707575,-11.661639033714232,2.1645711604722053,1.4837030646929115,347.3325389818601,0.5081855424952026,0.01347837107368828
71685,-7.2727017643549825,-10.195880716586693,2.539039275490309,1.2421819137131995,301.1495677801432,0.4680071080127144,0.013478947810898218
71686,-3.4657335731773546,-11.525852766220874,1.6574598742340605,1.080023982929521,254.12021518700553,0.5137088026957723,0.013479321403377046
71687,-7.208127718225116,-5.8220067468360055,5.1609823742573555,1.764394838134767,470.1646592716526,0.0866056417770098,0.013479745021763127
71688,-2.851336470378966,-11.156529165021553,3.148752309688737,1.7086329916558363,468.78694376059593,0.8580515041723533,0.013481930934218971
71689,-5.423935717312406,-8.665929382943496,4.8780915905921125,0.4731257247734399,146.19799182447835,0.44215094406864797,0.013482637187537765
71690,-6.628513622547624,-11.278269091095412,2.434318262133113,1.4174832339049626,319.60945163319286,0.7557988872530981,0.013483224731362018
71691,-3.5654393926997603,-11.539217689034263,2.112084713435118,0.8959691073793994,467.12978291050035,0.5667178083153059,0.013486612389944884
71692,-6.235767624497496,-11.935807998343037,2.153807937794142,0.9832869769938267,259.32771333154136,1.3474747835393055,0.013487392334199311
71693,-6.902582449701694,-6.227427953288979,4.92160177555922,2.9553531105623416,476.87177375287195,0.348012432743249,0.013487774028412627
71694,-4.912324392537597,-10.177880852445515,3.2904994315548133,1.0868620477143305,467.82798185081964,0.7723427705038279,0.01348856763005827
71695,-9.078348812082295,-6.600502816814834,2.4914646612372446,1.0203095092154204,134.2330389944098,0.31573814191252847,0.01348935190674581
71696,-6.997437131388129,-5.17878156263576,1.1319319745297858,1.8393407802003106,467.59069278795914,0.6811627061046481,0.013490561957145401
71697,-3.1196450325959244,-7.605743914283568,4.321574130853233,1.169164745542364,204.14051361814134,0.08208934944900559,0.013491717002291943
71698,-5.913219270017971,-7.416461329124746,1.549502743805236,1.1637039144851093,237.8707596441671,0.6647612762410615,0.013496350836858125
71699,-5.028248656664401,-7.276692906956696,3.548495029217603,3.2979034698663003,522.9911140837308,1.5249140316429548,0.013497520452009087
71700,-6.963022759065607,-5.426694703991247,4.258612799936648,1.5280261956877947,403.5577022664542,0.19586987418045876,0.013497644160480948
71701,-3.534594732256732,-11.509533966994631,2.196663269265629,1.631004098897454,468.31503804330856,0.7931826670389865,0.013498430939323427
71702,-6.336231904723334,-11.667582014298175,1.821065829216609,1.4015955538806257,328.54009897910663,0.515596342340662,0.01349923302441994
71703,-3.707041703142968,-7.596693432616933,2.095791178153412,1.0292766411242364,469.0085155576923,0.0001553988797367012,0.013499828280203803
71704,-7.118541446872753,-5.443227251441576,0.5942237060662667,1.811524129466362,432.03065485565327,0.048500969335674604,0.013500522765373316
71705,-2.411556403460464,-11.111520906442623,2.6211959657612383,1.6759839530764797,391.7477703513156,0.3658638544093771,0.013501178768583633
71706,-8.227719440144678,-6.586589817564296,4.97585516276455,1.7464446186488358,375.09041774596625,1.991097588732238,0.013502123544493094
71707,-4.659692403705953,-7.597635787042715,4.882049183677785,0.8145501869115469,466.8772340281931,0.08896267138718716,0.01350266295805549
71708,-3.6920376705564895,-11.522429517415935,2.217776070487092,1.7057561133691557,401.5602961484832,0.04289449641942067,0.013508054627934859
71709,-5.309964886547401,-9.266895644154124,4.208904818528616,0.843101687515266,238.24989749295315,0.8913151566876207,0.013510194248964913
71710,-3.1883786003709336,-8.203504357909473,0.717143302080842,1.7798583167474733,422.0332436998069,0.3720450603686123,0.013518305846691144
71711,-3.0721627700330494,-7.903043097403385,1.3233030267908756,1.7695248039820641,421.0327439991279,0.895545046175414,0.013518631643934253
71712,-5.15918629400635,-7.4920091220162375,1.9699217611499709,0.9073384340642566,468.03568398660946,0.00896630533704279,0.013519663849686283
71713,-4.639617042596318,-7.43314813508077,2.5786879826837734,0.700477738419118,355.00628650298114,0.4582576431765535,0.013520293800712117
71714,-6.899881409782788,-10.457296151159397,2.8204628724027225,1.0836178943765589,290.51652750914525,0.9771517994367498,0.013520807616994604
71715,-2.8184838584797136,-11.270815012398177,3.1077718408788866,1.0075589297508494,252.84651118036044,1.0040805911136026,0.013521150815042782
71716,-5.583874189662442,-11.10569840432065,2.6763982244706366,0.8601748916679717,467.89749698189536,0.3069082741193663,0.013521831490146468
71717,-4.528188764352508,-7.4896779223606655,4.557493959178452,0.9285123797548818,262.6609101355797,1.5475785171824414,0.013525379264723148
71718,-6.036475226470698,-9.876228839428133,3.6273288012407727,0.8685571572469695,234.15260168889785,1.063279594691437,0.013525552166638744
71719,-3.9198326289860352,-11.336141577899621,2.3932029073176158,1.2351015772477834,307.65097656825327,1.9361346084796542,0.013526912754215336
71720,-3.691546070556752,-9.74244804472777,3.6388452853162434,1.5371519786530903,469.6741536919192,0.146279326876388,0.013527835605408071
71721,-8.966485992783658,-5.5540075995578375,3.268352844087287,2.3341890582416087,438.51229142444396,1.5709392018515356,0.01352920701960935
71722,-2.9284517735335758,-11.846260025149515,1.6285856563926302,1.681021284432697,166.8048468986557,0.41638044614989944,0.013529870323563781
71723,-6.880004557915045,-9.597924308580717,3.6467548561494216,1.0172561862821392,269.83078916553126,1.1138889959915543,0.013530949159281722
71724,-3.939751518282634,-11.47841331040976,1.825498357815116,0.6555112181093403,156.99984756779287,0.30563863425622095,0.01353235214250948
71725,-6.72918351501891,-11.186744925857253,2.412195698805253,0.7806859510560161,180.58859788687386,0.30617721362766215,0.013533041000226812
71726,-8.40469894410841,-8.019006201232703,3.1576213515085323,0.8857137046991551,468.19817966462176,0.7994818987679109,0.013533793379676778
71727,-6.896006004052618,-5.237508634831429,1.9654380171624242,0.916173392483037,216.32051320215533,0.2713023383627444,0.013535231855213086
71728,-9.05902732954482,-6.7972366858646796,1.9947357884115398,0.9454517879207042,190.02977255080933,0.9136524903424297,0.01353649122526986
71729,-7.042731874972976,-5.675956387357613,4.695476255192322,2.130057650299198,419.2447700180637,1.8000407784245942,0.01353720015225998
71730,-6.702934087541868,-10.156995157221054,3.224216504518063,0.8282342526213027,469.9240960359731,0.18776779198787796,0.013538429799088031
71731,-5.037877646392712,-11.623257179834713,1.921893932333876,1.2428964188217417,258.3477623064278,0.8460248329457096,0.013539838884543617
71732,-2.56101999944506,-11.766558497679558,3.8224650550375996,1.1060961031901166,292.78895794890184,0.948539061599285,0.013542116515442805
71733,-2.9876814281585764,-11.68691219968245,1.948260513498436,1.8076840026250336,432.0793669803903,0.44402178193151887,0.013542304565085322
71734,-3.784236545216057,-9.674690858978103,3.704008706739577,1.8318510155656338,468.4351131012068,0.5397836562667182,0.013542601927625988
71735,-3.380601074172386,-11.483279623701645,1.7010064498421305,2.8672436759276643,486.1988124313251,1.2090208893234458,0.01354278358229248
71736,-8.651694505932706,-7.441501872289051,3.4497615174530503,0.7192546610198408,467.7765887858652,0.4718022553681731,0.013545174125190388
71737,-4.862249339090477,-10.915781473282255,2.7357481134877792,1.8474379763737698,442.01633549499434,0.4240240910129831,0.013545944266884078
71738,-6.876505347084622,-11.160629662547068,2.249446153457114,1.2516898539808892,159.25263473792066,0.39392014940968156,0.013547978569164018
71739,-3.9915798863730902,-9.517990092277389,3.865324623943906,1.0372076080889838,271.35385490326945,1.2099289586089919,0.013548432903113828
71740,-3.6646315328653403,-7.9133135686720335,5.087526126159377,2.4402872684408647,374.1923441507489,0.1464751116143459,0.01355118836756762
71741,-4.5124570421835,-11.611776641546374,2.083159011221608,0.9044223342062716,176.36886797219697,0.08208641178820297,0.013551680413468298
71742,-4.9129339250546895,-8.38504406944715,0.3710665618941419,0.6369512315684442,129.93438518823373,0.9591865474671364,0.013552603558987113
71743,-4.726198052363001,-10.171450034825167,3.2877044487897633,1.2110251230231137,251.95967461112878,0.12956441078398218,0.013553011872930171
71744,-7.0275640365152725,-5.9715197440670815,4.935324756989593,1.861524055152803,468.2266471886157,0.5927863518786403,0.013556318595085064
71745,-2.9089955526546944,-10.801291062543923,3.2050997408763338,0.9481795134065784,251.1817189828014,0.28472590676343756,0.013557014989152807
71746,-6.947196009239151,-10.649498390727189,2.6025274219470913,1.6125136407546565,377.06543299383213,0.4728875401550665,0.013557044943191394
71747,-5.539877127272309,-8.757077439538833,0.027545565099834142,0.9256742421699601,207.94508331553348,0.2666674078364135,0.01355771277454575
71748,-6.1973392034398636,-6.95869016510122,4.688849046062912,0.9964061780756349,359.7881683689755,0.7345696984912502,0.013558068949038783
71749,-7.274010787954775,-5.768937096859807,0.2405785552252531,1.1103758295945834,276.80324469006837,0.19032540615699212,0.013558456608231973
71750,-4.151335010404045,-7.391871735716491,3.65944148691148,1.0962035144613127,284.2617222955548,1.5731297723487963,0.013560892685976635
71751,-3.1948729738131956,-11.476730453158858,1.9197819401705136,1.328458119082373,313.641326540767,0.18563915439756595,0.013562968157444281
71752,-3.687604068444731,-7.435158548688772,3.966583336248461,1.1696393099143174,297.9741353933628,0.9875775312767656,0.013564108754070037
71753,-2.8401045839605965,-9.918428518837107,4.033432631427216,1.7111112918817728,260.0148540809968,0.010643373638982823,0.013567643701036095
71754,-2.387710176130849,-11.67740161694554,2.422631637008379,1.3832799536717455,232.0790684176343,0.06696686300609311,0.013568530628491449
71755,-4.937178854483319,-9.636951581749624,3.7865539476285,1.1406341980927688,292.71952984938883,0.24523239502924188,0.013574573680176519
71756,-5.24896525117327,-12.505930399925003,1.385991572188629,1.7178571117438868,468.00563766882306,0.6185409486476541,0.013576266976862799
71757,-6.020195683389476,-7.287060700563629,5.179153232218253,1.1422869198123362,298.96288704355396,0.6841864494565106,0.013578280055771252
71758,-2.873207945129799,-11.974061852039645,1.9274645326243653,0.9993878830619058,197.89524962601408,0.11291401155450576,0.013579968109934238
71759,-3.1592304669542903,-10.874650912143963,2.780932897757172,1.5893400238591275,351.28717339594516,0.3621124889913725,0.013585461910409914
71760,-4.775204633475658,-8.69330771902283,4.779427365978151,1.5384303995135837,355.40862314327285,0.27660481421212335,0.013585591256757885
71761,-3.626597629360444,-11.460993873427483,2.2676304938224066,1.1154448261318055,295.2775990662677,0.8453113720663028,0.013586363644047748
71762,-8.582764999853985,-8.10124851447014,0.7450947165431767,1.1007785753737287,467.9997912038685,0.3442794403557832,0.013586742488580198
71763,-4.820091331371161,-7.745327200799678,1.5029345432417358,1.0962194956028541,149.40172746044823,0.3985231169858725,0.013587092057436917
71764,-3.3498436385093857,-11.514795601537468,2.135031855420406,0.947403965550189,246.54847718131677,0.9186756047958804,0.013587767601268426
71765,-8.659015429707328,-7.482952605576845,3.363661586079792,1.02602372137843,280.16432197160685,1.2443249941237111,0.013587923020827562
71766,-5.264355599801274,-9.055683887509325,4.4324626160874585,1.467067052282299,468.35252318922807,0.5184494293536064,0.013588062287040894
71767,-5.400340538613396,-9.951264199757448,3.523061887257869,1.7468060965365864,415.690590067388,0.7666889513631148,0.013588965018045147
71768,-3.4446031790070952,-7.42158594770605,3.6225062560322803,4.658938562333106,595.3136941364198,0.27269915585440874,0.013590041948590398
71769,-6.678959812126181,-9.832034404854586,3.5323147341709245,4.736699355986823,605.3106192602895,0.354104966959901,0.01359138145543385
71770,-5.460551616039868,-9.368380121550672,4.10572323106629,1.7608064447904936,416.69664327523077,0.5194171599026935,0.013591480689675726
71771,-5.463385252157768,-11.58808648428037,1.7295211824882797,0.8721684984572706,467.5814245048715,0.9266934837842866,0.013592094555529219
71772,-6.18407385451539,-8.580908828053865,5.032884536462584,0.8211521846547334,226.51168375205512,0.5328710709670554,0.013592801293077134
71773,-5.6524375685875565,-7.534882587535533,1.5435719790068165,1.1017820872683322,283.21164415739077,1.7234984484040181,0.013594149235425781
71774,-5.173870142649831,-10.827865898085381,2.8136083379860293,1.1162132340651478,466.31128703571045,0.1728202591826653,0.01359475049466727
71775,-4.004648782837855,-10.218122812006992,3.2090440939885374,1.1241728461764893,467.92121118278567,0.6120013717748369,0.013599740646030818
71776,-2.990176862408754,-10.419500766813105,3.2941331152763316,1.3543399584111684,327.10192829732426,0.46022544899045137,0.013601263276930802
71777,-3.765382015379788,-11.542883725386165,2.1365896885393068,1.4145510651992876,311.6856768410839,0.16821729081959358,0.013602260526370914
71778,-3.3923576578590637,-9.781316582306642,3.586337707201163,1.006375143990401,238.9925622552442,0.3734653885266175,0.013603975782976957
71779,-3.4044192971127254,-10.253103991412925,3.173419688991768,0.7887540131107276,234.64323743211727,1.1329160855630898,0.013604445432709006
71780,-5.553666350218382,-7.16549482083468,4.030734331190611,0.9206056346617815,150.64611901806913,0.39548561596370124,0.013608191462760764
71781,-4.58629002083557,-10.549255309229,2.9717433536480318,0.9693914747063017,195.91238027508038,0.8379161344524233,0.013608854008606376
71782,-7.242976439343002,-5.55529325251388,5.035058324495406,1.8262433066735109,435.90985271101164,0.3026737082357984,0.013609809859018034
71783,-2.8076066953097003,-8.579657090236122,4.88462291483094,0.9562979226717082,259.80978463352363,1.3322941004961253,0.013609866034812197
71784,-7.837599750422285,-9.469729519002998,2.0605097486888937,1.2258520081740452,468.5201963871662,0.6634956421802771,0.013610365620419528
71785,-3.9467961119943187,-7.5805621363705535,4.668314659817678,6.539288781703919,458.0451807200495,0.08265421390365102,0.013612296325778431
71786,-6.189272421002777,-6.847915717409178,4.242846428635437,0.7444611483492062,191.4097046678977,0.6790529165351549,0.013614744490289406
71787,-6.282542848341153,-9.639349788257043,3.83902404480551,1.0361170876926011,270.23331014774334,0.8216887177761931,0.013616763603722137
71788,-7.186302559262254,-10.992286352674075,1.3014220629278543,1.4668773537645678,326.38853654288823,0.5844711153553988,0.013616863586221255
71789,-4.371868861642993,-11.416917198680117,2.3518719133144748,1.821380811788451,467.55798654166995,0.5938152120764739,0.013617108035682344
71790,-3.1943922018928363,-8.272062447953257,0.6268961388295172,0.8435408976430758,202.26916883376288,0.7220381291802793,0.01361777543187837
71791,-6.2033269709484244,-6.75910971120834,3.55430714788921,1.3730908815742424,300.68303089727993,0.279589997134587,0.013619212623354252
71792,-4.73069940377859,-8.842276428306619,4.613171736094206,2.0170878257399956,321.689116480592,0.1278468329929483,0.013619942259740886
71793,-9.108674520288284,-5.018374718588359,2.17625869194311,1.1719219350825654,468.08997842760454,0.3059316352786583,0.013620742312928915
71794,-4.119946116136913,-7.4298546676147685,4.071119937413552,1.1042099416843383,285.2897675364404,1.6579845393238886,0.013621198553110763
71795,-3.691223603615059,-9.946044009606556,3.43829663447393,1.1207544491125803,231.293761777093,0.1147596875121506,0.013621296088505725
71796,-4.568281008460429,-10.639543044750553,2.9043643479109047,1.3482339147841431,467.97465265272484,0.6802803813286298,0.013626306693284006
71797,-5.857828598469192,-8.787841500376917,4.790411249097541,12.598332276907891,487.2468354385084,0.11850454554797007,0.01362673743465777
71798,-5.525487513584231,-7.344020160451084,2.1272446565888377,1.5591653968865222,468.2220515618702,0.19852971041315115,0.013626801293736699
71799,-5.9741933056055565,-11.878473524218757,2.0077538173774117,2.7000119629001826,227.29401769340484,0.40611587281185013,0.013627059914360716
71800,-3.6213954625682376,-10.030311802397298,3.3596951019757313,0.8206212613720857,201.59492758656157,0.10911854181712677,0.013627297588450354
71801,-6.870915001597183,-5.155763103387239,2.3877962569765296,0.9302667904931022,260.92133875911634,0.5844688452090754,0.01362764482099175
71802,-3.3659164781175743,-8.972940387763028,0.004540297389038422,1.7367283852104998,422.7572636560358,0.6541518863460611,0.013628072748591713
71803,-8.07583186412494,-9.395580000995565,0.7196097861270051,1.297184933355501,320.2665822863515,0.4178968779269985,0.013630405826487868
71804,-2.6163823123124903,-9.90922542460767,4.352834463523921,3.1888594090076743,513.9436133828581,1.3735282782698306,0.013632098176189978
71805,-3.121880905211725,-11.686237276584716,1.5703316598696244,2.6353350266368265,463.9858908088233,1.1146404717312732,0.013634178643328962
71806,-5.03944664659865,-9.544586313341004,3.88708430717731,0.854123807263456,248.01687054211212,0.30633875262972143,0.013634707693173218
71807,-5.8285851931733665,-9.005914654147947,4.5396546346778095,2.264181555619338,387.3187020643611,0.2741418833253828,0.013637742581985886
71808,-7.059267843283403,-5.563470252627917,4.670139989383827,1.1003321499162586,284.4490311755254,0.23389290588626555,0.013638458939484933
71809,-6.738286010684323,-11.516999126762872,2.073520809558612,0.7186888099535026,219.07278072049778,1.3027691793134366,0.01363912080302576
71810,-3.1975434561097416,-10.789980688324528,2.7960974036872996,0.951049247615173,469.62555116445435,0.09253904515475231,0.01363989937155985
71811,-4.864465934645912,-11.198939646134486,2.539778647705871,1.9068634597563092,394.89936713804957,2.1577048306826514,0.013640716539271923
71812,-7.074761736173212,-5.516684347745703,4.674771594035052,1.5604589673144733,467.6788671821382,0.09476743893975126,0.013641625155078682
71813,-5.477902605579695,-11.084841108269963,2.6809353920845163,1.446777200289326,329.19748101875103,0.26112118061860645,0.013643048232348728
71814,-5.800724283202743,-7.526516006038659,1.4197415924332357,7.495918592195421,492.03810713417585,0.06833229969839749,0.013644254271819638
71815,-2.568199078252645,-10.196918114360606,4.100612291669122,1.5820957791027535,468.1888897530348,0.46841825043967855,0.013646230784635144
71816,-5.756547979897286,-11.820434594752472,2.241706208364391,0.810560196038557,469.697105119373,0.08766448956591599,0.013647324328821504
71817,-8.024355917314821,-8.220341637300097,3.764836407876291,1.6586434652668882,468.022375935738,0.41043203295064234,0.013647939588634937
71818,-5.7773384697910295,-11.50101026041986,2.4466209162630883,7.737997522025414,490.90247960740516,0.07643822264522004,0.0136495122071564
71819,-6.917954154304145,-5.526081223092624,1.6590714304761154,1.8981096852594972,459.3813666655403,0.47339848501502857,0.013649530609851055
71820,-3.5145270024177035,-8.512854634180245,0.3212963552717139,1.756449226473113,416.4270147906201,0.08975369021649637,0.013650465900699496
71821,-7.271756610010192,-6.122398085780964,0.2111906596066806,1.1794593458656468,301.64904447998924,0.5516522680178602,0.013651076010387241
71822,-6.5679899297131215,-11.419588680401834,2.363596834028518,1.1036458755023746,288.53292636604806,1.2573439198256455,0.013651296495388413
71823,-2.9920377380573218,-10.890379462209495,2.945549996387357,1.8840020914947073,468.2699871145641,0.11526000144855786,0.013657016087754133
71824,-7.119289729950261,-10.488946515699954,2.495753643741244,1.0953032751359295,466.26113988726087,0.6918761147369326,0.013657220807865333
71825,-6.933453949589863,-8.525986365124638,4.86996434358731,0.8745675997825251,467.6445220332397,0.058071523860887986,0.013658843269686145
71826,-4.769649304222288,-7.353101869010582,2.9834972958179167,2.199756209337844,426.9031723276724,1.8556651673036617,0.013660885077779654
71827,-4.884454084928339,-7.405984718790541,4.422653604935745,1.527200595928133,337.81296348593924,0.8186607012460501,0.013661145469977421
71828,-6.542182568025977,-6.3474828124107265,3.543379052324826,1.8760941508552167,465.7725798789726,0.12009724734903138,0.013664657837655919
71829,-3.257843046524675,-11.47409993478441,1.9299040293396208,1.3441540237412573,468.9087227456621,0.918551560954354,0.01366667028362606
71830,-6.452322481750264,-11.371446682346363,2.458815832711018,0.898202882849267,466.7013230363332,0.5747525471013573,0.013667973931582155
71831,-9.107583067570802,-5.7001303122874685,2.0854392998819042,1.85987583742546,447.9093214162045,0.08383582120643318,0.013670149197035165
71832,-6.288593672453372,-11.753266841633383,2.264267679308966,1.7152692826854097,403.378037848747,0.6185836630849808,0.013671742807840078
71833,-3.866394738059138,-11.452547422988829,1.8086089691967078,1.5034518983258789,353.4153639043641,0.379381478714401,0.013672272832811297
71834,-3.1810344625575437,-11.51204645086771,2.2589021855428517,0.8937260270631542,170.53988455735833,0.12923370468453754,0.013672669156093997
71835,-7.395239605794548,-8.157381346624588,4.885758410384661,1.3148595690131526,467.8521217662273,0.1274483629467804,0.013674936349787756
71836,-9.086625236026057,-5.1390671611022025,2.5737802248635915,1.7925058804591476,443.38908018543583,0.031595769344774816,0.013675431728501844
71837,-3.5220433351172904,-11.08046134919066,2.5512688190603976,0.8600876581236868,138.71324394572838,0.2579748822047252,0.013677736436177852
71838,-4.9306487366289105,-7.629858385068042,1.7418725659626981,1.8439471579568079,467.5244982481967,0.6099943146626892,0.013677908025675943
71839,-6.3475609854811506,-12.304084643281263,1.3183436939588158,0.7476393243937427,185.20182065953236,0.2788101461117227,0.013678806803533256
71840,-6.053376377841057,-7.214754455413988,5.072943732816427,0.8318344927511636,148.26647542038455,0.19238292976273108,0.013679162881064022
71841,-4.502144598921916,-11.617455552266291,1.5855741407525807,1.2377017448049517,261.34009183403487,0.557086052896107,0.013681614745337025
71842,-4.491052206132796,-9.596567064243777,3.7993526069847188,1.6124437394971762,378.6686920185676,0.5571214503320183,0.013683191389768269
71843,-4.948337959983608,-11.52630787677782,1.790284833375572,1.649439283016099,384.9123697718397,0.1544803199786573,0.013684131839377908
71844,-9.067364434653502,-6.240433416229894,2.7618155396954984,1.6783244725138318,394.6927567389497,0.7711290921382128,0.013684280617658875
71845,-8.618217378271202,-7.593626396281891,3.2973264044952195,0.7795764910539777,156.83088394846828,0.214329684732256,0.013689937033672956
71846,-8.44918423647235,-6.472639556650601,4.5955179032188225,1.2641307780765763,310.19921389639944,1.4864412222570564,0.013690568048199497
71847,-8.830977103587687,-6.36155106954607,3.7195274861976406,0.9483789122785959,263.3563045510242,1.4674665658650374,0.013691979737657005
71848,-6.148973458042696,-12.313077347178522,1.3456928822363126,0.9961028131288254,273.4244470672763,1.6921654945973073,0.013693164376035008
71849,-5.019356805312396,-8.45804084378307,0.3004185077381236,2.5860615882442053,463.56817625410326,1.6037851161739693,0.01369398808813564
71850,-6.4874268166285045,-6.810654555473861,1.8157757021777705,1.30106475083123,312.1325222360406,0.44140504405898184,0.013694825225479925
71851,-5.051381282789377,-11.664824184014595,2.057866357208684,3.3059810409911776,517.3567993418476,0.7923745836544036,0.013695438962910375
71852,-8.608783932581268,-5.401907514010935,4.20862061371396,0.5520747782357046,131.38094921997757,0.3951355276424504,0.013695972641587131
71853,-2.9964183495992742,-11.885422729923576,2.333652557139608,1.4524951356178941,468.34997099997713,0.24128370131513055,0.013697539018445037
71854,-6.278803385860789,-10.69377648835991,2.93981402669055,1.2277935122080703,297.99774695413146,0.5398446309301468,0.013698958315012161
71855,-5.200894716407042,-11.763799894770274,1.5199075638332493,1.0756090853112188,259.96024758738145,0.4867857217272329,0.01369916754112692
71856,-2.9320906509904834,-7.984780479925224,1.1228818100945404,1.796416529611234,467.9000601445773,0.23697676019601754,0.01369948291392466
71857,-8.07933507683334,-9.136105388687472,1.8270865863354584,1.436865870563751,321.7060967951651,0.7511223148045749,0.013699946881112254
71858,-5.046987387153462,-11.54128783391333,1.700708788653068,1.3265058411655577,297.72153963235473,0.9073970484345848,0.013702304796457086
71859,-2.817017531513817,-11.250947651008683,3.1090822803047002,0.8516424980280487,248.07648598872754,0.9889579865845377,0.013702429334420544
71860,-8.324616975935609,-8.713227898171017,0.6970187714800364,2.5636283289587998,444.2874800420972,0.5707343369971332,0.01370247857968374
71861,-4.274415414526298,-11.462083751913807,1.801336598059489,1.6002529556128382,372.3585905775066,0.37761628023303384,0.013702846623400477
71862,-4.685733288523638,-7.4293080714799125,2.5457208712379473,1.2466460117074019,307.3114111257417,1.7849594861321103,0.013702852182700198
71863,-5.646613136725869,-10.762051138385338,2.8985571604842013,14.909047844724448,646.1249433744803,0.0021720397432929417,0.013702962685223748
71864,-5.95397596377735,-9.671618861679818,3.8168155476953944,0.8317964979691126,342.4320052249346,0.07466589460541417,0.013704829308043266
71865,-8.345369861109083,-6.468647040937825,4.783797394129087,1.7653812856643702,418.19974736346865,0.02351453901475331,0.013705568914710552
71866,-4.777503406075838,-9.27965432874594,4.142621564295632,0.9622612978441477,188.61857709974004,0.22220398880147663,0.013706535564105402
71867,-5.126966523625339,-11.705962011720302,2.1064723756215007,2.760626537461144,474.6686453666918,1.0096497654941858,0.013707610251732408
71868,-3.1768989224436694,-10.617237829684678,2.916687002693438,1.5486457224794585,350.1511276614872,0.05877139794696884,0.013708567461519236
71869,-5.9311256301326996,-12.861851215908171,1.3195151871182154,1.8147625578260755,433.55279751872337,0.1530633095886369,0.013709926401988502
71870,-5.781594113844398,-11.682389631453702,2.334057777616677,1.0903822525628517,217.77202297010564,0.6276921151251882,0.013711898144484454
71871,-3.3001308346056977,-8.36294959401269,0.4935869182219875,1.7952305741565204,455.30106006450006,0.23266817445676846,0.013716900983574818
71872,-3.61180443261619,-11.415682606836668,2.311249154467938,0.6470820570462635,132.26802069758145,0.4873347896614231,0.013717380294796619
71873,-3.8427915872166665,-10.339690764576371,3.1070734734026244,0.8983844069781859,467.7841401225239,0.5757466006524945,0.013718024261740827
71874,-8.711074177451032,-7.937515934010062,2.064101104018384,0.8677222330642285,467.74734256750395,0.7940684554954593,0.013718540514787065
71875,-5.455849096114867,-9.653333057760703,3.807064336342241,1.0015118599536836,467.83383031262946,0.46823482702537245,0.013719189985663292
71876,-5.53281621788368,-10.789494284300925,2.8684299962428748,1.9052477177871814,459.8404904962771,0.6507715007054697,0.01372053751227433
71877,-5.738429777170993,-12.107517828322758,1.4147951938813732,0.7654977730169799,466.77545277237624,0.2506427094731647,0.013723056374237775
71878,-7.2981002499647065,-10.427161719268678,2.176943067013959,1.6597617804726748,389.5363632915516,0.3445386030857698,0.013724291720656962
71879,-5.687017741191506,-7.3153548255050715,2.043782937603213,1.7716372728293541,467.9820000254951,0.3598090466535906,0.013727987844384585
71880,-2.9305627048742977,-7.7295628113059305,3.293504692850367,0.8168566613652752,227.41234336802003,0.9991627992800796,0.013728576779227293
71881,-6.785339541701358,-5.663398036336903,3.400434996117032,1.2659654383468195,303.08845210200565,0.39222564060383736,0.01372991130934577
71882,-3.113468061721072,-7.595292199759914,4.197254919650446,1.6101093660226482,377.7193154377226,0.40476618212199167,0.013730438322497507
71883,-9.056287839755866,-6.352351225069919,2.8111964983643696,6.296506461899871,682.9348837512387,0.5244656132013565,0.013731803536395408
71884,-4.726027514031111,-7.844511566506716,1.2521983025532981,3.0373077601510166,357.74887832395865,0.007583201551020657,0.013732353063983096
71885,-6.060870903271589,-10.40656910045767,3.1682625634946042,1.610119125335956,369.11962430974074,0.002452071561481972,0.013732545060718297
71886,-4.95795527294081,-8.644906444307143,4.8332446295525715,0.887493587687279,238.04483558988872,1.0607074686934892,0.013735464420253238
71887,-6.0064431658396416,-11.900212249896574,2.1095717212525025,1.6947883083385744,467.92680059941614,0.45804879327056813,0.013735783226003185
71888,-6.791879890420949,-5.718336732198629,2.4456146064986775,1.0187308574553606,216.60872705538418,0.1930955923764861,0.013738002252073169
71889,-6.926754058793438,-7.077740350697306,0.49984384814424554,1.0654560225726892,468.11674341645113,0.8719760998282124,0.013738526621663942
71890,-5.728474485529111,-7.3719168532545165,5.02157469081954,1.8398221876578138,467.90886654706156,0.2492088602451359,0.013738561432391275
71891,-6.069399750405452,-7.023024396320891,2.3242245466788654,1.1102260472231404,283.87943986481366,1.6734380144773615,0.013739257868107289
71892,-5.51395848273252,-8.445257600964112,0.2418106446204684,1.1008197984825576,467.4869348034708,0.8109804710404491,0.013740537864406117
71893,-8.58966243139712,-6.733583813809112,4.233834718289503,1.1090271763696289,173.89153829522476,0.11167723106429239,0.013748406907553587
71894,-2.9170043412211077,-11.489435488522878,2.7913431789577943,2.7997181310991133,480.2508216374996,1.1889229235645677,0.013751068558489683
71895,-7.059752770051703,-6.218200332351292,0.5881758313679535,1.205953279118896,304.9680675974942,0.36785766601243086,0.013751476936137793
71896,-7.521632672097379,-9.22052147780737,3.2648398499275246,1.5942589623543846,470.09245936824453,0.19471353961063986,0.013751577969254613
71897,-6.537327373833612,-11.658702369797737,1.9278075261301384,1.0933054114180527,467.44657508574585,0.6571193067481298,0.01375264016479652
71898,-8.128178389738304,-8.987295119559121,1.9825466536107064,1.2168176864227351,269.40204097990875,0.9888735969289897,0.013752640983011129
71899,-3.0131292508139556,-11.55623513262274,1.7779457562204375,1.6333693558895304,359.194232748042,1.6638746722435185,0.013753224745933141
71900,-5.818841086811087,-11.742402400866222,1.5000529573532115,1.558441816140001,358.0062653232445,0.2352024169684146,0.013757515356113505
71901,-5.19458747678811,-11.546390487304281,1.7294847877003479,1.5427360023015857,344.811837945654,0.5008093326839651,0.013762576360045208
71902,-6.642226581902395,-10.688168646106181,0.10379399812334578,1.526856043972473,346.34840740136326,0.14861449633731816,0.01376370616589563
71903,-4.263641519223407,-10.78122258786077,2.783115389786975,2.3924807151861684,445.312630735456,1.742369811600164,0.013764451014203285
71904,-7.937256684097166,-7.774167302338498,4.573940438627376,1.594473762985131,342.70340133267825,0.40834520659057905,0.013764855373997879
71905,-7.603484387127477,-9.894638905784271,2.076086518893348,1.7824335077348674,468.579223862908,0.8502004096813716,0.013766110400098973
71906,-7.251646153453628,-5.571733138348699,0.29795380307078595,1.7646302547052892,366.6881177124957,0.2717913005726018,0.01376910575801584
71907,-7.194161579780376,-5.868851870617536,5.146721142310526,1.0238898177202511,280.45085846469846,1.3166965224927107,0.013769760696121425
71908,-5.529096588876988,-12.940193779979626,1.338318013146634,0.8925779371362903,468.89925644484936,0.1449492150438454,0.013770049899871264
71909,-5.495886597922921,-12.699419273225443,1.356810455175003,1.677456236707111,392.63966415287723,0.7522167186533926,0.013775127824648258
71910,-6.3194534581235615,-8.629330422131206,4.965866447409918,0.8651621783831894,217.14127399266357,1.0508940639970232,0.013775614091937087
71911,-4.556875288033808,-7.551095648666624,2.1296975639332265,1.211648953039017,467.4410182726374,0.19895389658247442,0.01377631607166983
71912,-9.046716014977587,-5.169163047276138,2.8309626944611237,0.8582616725145676,183.63238444589484,1.1285105943499785,0.013781235283497536
71913,-3.5843712076751775,-11.493459043042728,2.1241208073104603,1.1755819081697592,272.2761881540484,0.10850640916084231,0.013782029224979666
71914,-3.9395821752917835,-7.542527628533126,2.287502424973618,1.8091483932257137,442.4014836417741,0.7819001955474638,0.013782810167680466
71915,-7.255298868220658,-10.64897231834956,1.8329494915612181,1.8728820038650233,468.5495925109409,0.474142972321018,0.013787084391190465
71916,-8.27454616374537,-5.475549617694621,4.805892486273881,1.1617668664513405,467.374921586843,0.3164538854980954,0.01378896061145777
71917,-5.561227475768133,-7.201973507662822,2.70331273790062,1.0947938739907084,287.6789745546485,1.180280270196926,0.013789411964823224
71918,-3.8089554028617654,-7.91524714974588,1.2068515822862733,0.8894147706956674,228.37801966969053,0.36413817769272416,0.013789600694834855
71919,-6.686238470090641,-10.972842842820928,2.5852954686803344,0.5618793866410805,133.72126356339805,1.1319343304109326,0.013789787405824937
71920,-7.197203921406238,-8.575310489730462,4.57942796099055,0.7828925712921156,210.05473734438812,0.7581261328528273,0.013790530575289369
71921,-7.081168053629522,-5.200878045877239,0.7674535659945492,0.8367718732965819,168.16124190774755,0.41629146228191605,0.013791560810658037
71922,-5.154164197439661,-12.793193221851716,1.3597546102532163,1.1980579006361365,296.3868929605229,0.9892641660854355,0.013792754436732202
71923,-5.314776272137728,-11.270950594229474,2.5288132501856673,1.8794359126953954,458.3413589209965,0.2463737142126039,0.013794082659084888
71924,-3.537356736074118,-9.836693574285192,3.5344230858123136,0.4767315137362648,121.27947545439535,0.7265227231254121,0.013794119777805666
71925,-6.096720354669074,-7.395559944103358,1.3881287548280419,1.3122083257468156,318.7898581701286,0.43486616305942594,0.013796562487206109
71926,-3.186585809645144,-11.504595623687614,2.2330011225372477,1.7856537932962322,468.44307616484326,0.49008009298267563,0.013796927989668832
71927,-7.283839879400302,-8.933588194500246,4.014855194362201,1.1477957473607958,300.73299707803915,0.7187867053509258,0.013801667672647207
71928,-3.5039929524898694,-8.785440523969612,4.618500319513716,1.6124218744970533,369.8682456684752,0.13532660604519187,0.013805085216051945
71929,-3.568948283624934,-12.44594516237891,1.4002932420418126,0.8409909951492953,469.8922521990297,0.2305234024593643,0.013805372281252998
71930,-4.326185774464983,-11.492254875370456,2.2631926505941915,2.8712653985907544,484.78772027593936,1.0706589597361624,0.013806162529023088
71931,-6.4080111471559125,-10.328170564635574,0.050771619337881414,0.6667479763583187,467.4647278976046,0.44726773492940364,0.013807844684134169
71932,-2.9088345624745635,-11.885201620945272,1.998860722878658,2.433122129502229,450.57112277127777,1.991687691273225,0.013812651949934193
71933,-6.690773506225117,-6.316302089760697,1.9814539504620303,2.8652038038864345,487.1210732674945,1.3598073288361423,0.013813178776008272
71934,-8.969848329379825,-6.985625686340437,1.272733346193,1.8482939078722804,385.4464437439081,1.6200912643345466,0.013813393425478038
71935,-6.71651928601278,-11.46243145368693,2.1705977632872218,1.4665136268605736,332.7515753592108,0.3440298923272591,0.01381421116796352
71936,-5.551590284161227,-11.786654077619296,2.1422694934840227,1.7068049792965294,467.86189145901426,0.6140060871049426,0.013817118414406979
71937,-3.7474665109017957,-9.900406347754153,3.472181685243144,1.881234502793769,391.7637995226732,0.8026314837530206,0.013818415242102767
71938,-5.541075305306934,-11.662766426246023,1.9091153765167022,1.162996421175899,297.0462480604948,0.6100636658051455,0.013819510802904394
71939,-6.890012246387741,-11.40349572272166,1.3357174128323295,1.0852152110138118,467.9406201737815,0.6351067264405028,0.013819817581486806
71940,-5.926352590305026,-11.77638147630332,1.95030491288877,1.7232431938415538,403.51986136216146,0.25048857726258067,0.013820278764149936
71941,-6.845329946014164,-6.085971820642643,4.53119583318459,1.3412733700179342,292.27063056497127,0.7510077003678175,0.013820567848663107
71942,-5.650205226615974,-9.561567702212752,3.9088892410316443,1.3710286112753907,321.86826373668424,1.420539275179947,0.0138227826812134
71943,-5.631194179615768,-11.321041530250026,2.5254815146856098,1.9042825499690736,393.33391618043004,1.8434514156731012,0.013822847880898903
71944,-3.92672417883246,-7.54474418535537,2.282911958342711,1.3988608365614341,318.7352195337599,0.39181589374324766,0.013824526618089672
71945,-4.302509374323378,-8.799899209480945,4.628763898852148,0.6688253688972019,164.19241806828188,0.49905504145506896,0.013825292548745986
71946,-9.083101798691605,-5.241925396393358,2.5958596690241666,4.882499236870736,580.6716071221115,0.22125057218873057,0.013826310308096773
71947,-3.6353229081484963,-7.811434530045237,4.987387469766987,0.9031761489771917,467.67788860312476,0.6302882797199034,0.013827294207479605
71948,-2.823710209601053,-8.295440646448018,0.6854274103479746,10.54700925452671,422.577477686854,0.17865795061904421,0.013828472987551478
71949,-6.314229335630506,-11.827812230717173,2.0319136699403018,1.1278515255084904,222.76081829046998,0.0037851686773988646,0.013828807590237798
71950,-2.7137183047858917,-10.503835179860342,3.8944101162505826,0.97976716718901,195.62822158945917,0.9760434284794881,0.013829786312201345
71951,-8.511067507544888,-7.653283919306252,3.504833591880242,0.858654337400306,207.81800914010682,0.9650025107732771,0.01383069593726105
71952,-4.942745790967267,-7.653528467288758,5.040654516965158,1.0672470834302525,227.97952760304494,0.02085663106957636,0.01383143065239768
71953,-4.679654742453395,-7.706547101514899,1.6706167209041198,1.1015127636886894,286.23162351690144,1.4781039023365912,0.013832573333260927
71954,-3.3799453398770494,-11.429901564648826,1.8485642014458832,1.0869556785793557,267.7275254563155,0.5473640778820448,0.013833881692049256
71955,-4.918255255399565,-11.623914530039675,2.149692834609444,1.7791250577313615,423.4455429311884,0.6523186561701833,0.013833950289267847
71956,-4.495977710627471,-10.569549387025791,2.946737916360113,1.3994466163971657,305.24218339223154,0.27561038348264333,0.013835297852366705
71957,-8.26476743107452,-7.761896903904011,3.944679728630592,1.6970541389810354,209.20976363979244,0.12996696848132938,0.013836403114242616
71958,-4.720393329901499,-7.359977447299516,3.832845629421316,2.9637045875271606,496.96201557456556,1.6377373115167257,0.013837527832291988
71959,-5.23731759508432,-9.494643298029773,3.9464302475605346,1.8803007722615075,453.6674895100849,0.24404279393749118,0.013838041176279941
71960,-3.970678880275667,-7.4271974501322795,3.8810050231763893,1.7654126507053887,468.0376646425973,0.3849290090959707,0.013838358585605334
71961,-8.583786029490764,-7.192967236866872,3.9222787863639668,0.8755262428540446,250.69723162636947,0.5502102518151437,0.013841386269837214
71962,-7.3174454660327015,-8.30850167108979,0.16935302239203479,1.7673132253075239,419.62117292177436,0.27470674957502883,0.013841546990881214
71963,-4.381299821643498,-9.282767502783448,4.110652383257764,0.7135844334269258,447.7023582962556,0.34907078039884976,0.0138444375101869
71964,-3.395123633708801,-11.45833599362695,2.0467172639568365,1.0861158392240144,281.07309601052987,0.9447173348184679,0.013845355198338141
71965,-3.2002535268830723,-8.029744722002473,5.0867508195276825,1.3166051744942031,302.93537375835984,0.14819967248547794,0.01384938869609833
71966,-3.8499066201050614,-10.9197820185039,2.666517007795585,1.211231824669737,273.4198732853002,0.3578427529612407,0.013852673171857302
71967,-3.679656270348466,-8.53315630354951,4.847707684837564,1.0982871436954675,268.3114301611806,1.2432453967180583,0.013854745447380148
71968,-6.510200990994348,-6.7414022959013655,1.8976116397402643,1.7752974645660757,420.0878862696893,0.33135512161249725,0.013855903536193493
71969,-6.0740772972359895,-6.923013912568608,4.146928936884025,4.617101628314499,603.807478884164,0.7399982650150063,0.013857070992642715
71970,-5.771263765989705,-11.8532172829382,2.1131529003239855,1.410294017880645,313.39650501626977,0.5199534741937377,0.013860962211890229
71971,-2.881599461526079,-12.559556775118693,2.3800091988641414,1.2685287455407963,270.5477341638612,0.5824447243971127,0.013861251720732022
71972,-6.371331327222709,-12.482193184502062,1.2911468441176934,0.7699705983236272,469.26986018872225,0.2110610429415214,0.01386153976812096
71973,-8.260887352500825,-7.680940145603517,4.068196510581853,1.4354406785329157,335.73110601019016,0.7472501068495605,0.013862560711923143
71974,-5.987790018107246,-7.047157596908526,4.45448495575988,1.7571810011669537,298.5875651399418,0.1591621517069708,0.013863095052676426
71975,-6.969683748535206,-10.621588808856693,0.19816604941361196,0.7761698667590159,467.25039314710136,0.1848108526683374,0.013864700695364175
71976,-4.3518306320403655,-11.542030537336322,2.180939008348126,1.0910825998494864,282.3586286420158,1.7738140433655785,0.013866667779809001
71977,-6.572027079718672,-11.808747789070203,1.347209744152367,0.7871192656354549,178.05173457053485,0.20432535147465547,0.013868490403901342
71978,-6.784266671808482,-6.388194975499415,1.5015968052977051,1.3745757638257725,308.10164574564783,0.262136485402233,0.013868779689847455
71979,-3.2958548871778444,-11.058916598018651,2.5584368032422162,0.8335558605077407,235.693738593702,1.2613728247395732,0.013870174213625394
71980,-8.511612351017131,-7.648541459290444,3.5090137290555043,0.9763352780664676,192.67039508897872,0.4241062501705368,0.01387599895937935
71981,-2.4967532526578706,-10.69122357924692,3.583115260535249,0.7019220931395135,466.2545719184435,0.3805493572478458,0.01387789844921849
71982,-4.4240764623648134,-10.552041355454257,2.9423728767920987,1.4280115406898677,326.3858126808108,0.26359581795137554,0.013880465405701307
71983,-6.3058899739006655,-11.671440837166292,2.2911010596931773,1.095853898549393,237.4586071841709,0.4934260850753889,0.013881779136726736
71984,-3.8789647573932173,-10.019491029808979,3.369843835623443,3.4341052932515144,531.0426866023323,1.1550715667386902,0.013884181952903684
71985,-3.0460050986022615,-7.7883923595517155,1.739740632888424,1.8987589012070385,198.8214817811874,0.2073152787002508,0.013884356852127452
71986,-8.297180143036453,-8.124153764360003,3.250543554899559,1.537570851748617,363.8580501882337,0.25232745098009346,0.013884689651400708
71987,-8.18009640297303,-7.062859465045979,4.84885373815785,1.333498298721658,325.4569729403076,0.532596600536694,0.01388695562430674
71988,-3.7821890085231598,-9.343568270390596,4.026902930101727,0.8666697599823772,183.7099242630741,0.9238176764981842,0.013888578039467562
71989,-5.642153273547496,-7.2370730432731705,2.3911461580295597,1.5081835639066272,468.888930087535,0.8522047519832947,0.013889108196513433
71990,-4.889087814719662,-11.22933137871626,2.507817906841529,1.7312936334051316,408.8258121782456,0.43845675948169127,0.013890499814054715
71991,-3.5138596589629554,-7.419374845306544,3.3533084106266036,1.4156925096031703,328.89995193399136,1.4040188561511728,0.013891143609325482
71992,-4.149246641112082,-9.704469328769372,3.6705613795573604,1.7286023861959967,468.4308790440414,0.26066552301144874,0.013891546050430158
71993,-7.98230356460126,-9.240442016760998,1.9819441813037117,1.4571530617341828,342.4379421572426,0.383208831540899,0.013891899720616654
71994,-4.893565894244673,-11.613638275111892,2.1848326576976578,1.1771716451359662,300.7856308810539,0.3464026079867475,0.013892694831407367
71995,-5.073160508330626,-7.285880398903935,3.4220528619014554,0.8051400008262383,165.2313172761325,0.9829203891115794,0.01389393647868125
71996,-5.102147006638212,-11.403534734840857,2.4137356837550428,1.0983784402790095,291.16749770710646,0.6581531519718178,0.013894717104788358
71997,-2.653093114771381,-10.347078096979645,4.105566149475149,1.8426758132107444,467.41909685831024,0.05853509725225248,0.01389821212701611
71998,-3.0217377160353687,-8.527157163301801,0.41680785341078114,0.8340312104441543,466.7604628987903,0.08526508785510778,0.01390130947283639
71999,-2.6647936695185317,-12.488866890716148,3.360197785222926,1.2219344788559665,467.96267074395877,0.6967667341222752,0.01390537662728066
72000,-5.455116673545918,-8.307501287478814,0.36857239569513184,0.8115779320723321,467.38338630661076,0.06787218006550244,0.013906881309886609
72001,-5.113306031656069,-11.526580777703142,1.750391978749105,1.0119399569063772,267.85616774521344,0.6185175354528658,0.013908400857113591
72002,-6.266924763526758,-10.7216836307621,2.913229480964295,1.248883312671098,303.7994606688967,0.49133155837597986,0.013909553611979639
72003,-4.586467386209318,-11.571159702425726,2.1598738477329222,1.8475978248081235,468.2934352920667,0.8354921335358512,0.013912281985171748
72004,-6.983224271844786,-5.678632048395308,4.517394262241824,0.8457399143063249,225.72065316101805,1.0468254618057804,0.013912656463041552
72005,-4.000415806827457,-7.497657641008418,4.366814591222148,0.9500515018275131,254.09422308887503,0.7181697043827286,0.013914424226222903
72006,-3.7934690047648054,-8.387118522443892,4.9713910163609505,2.5037974640478375,454.60658533961384,1.4061988628833895,0.01391491988215582
72007,-4.46396465027524,-7.383077818084571,3.815818570587831,0.6975835996176711,446.8711532434165,0.39055650551619525,0.013916480198519269
72008,-6.156831482479657,-8.345968965822287,0.16600412198642414,2.367498062216082,444.6060183787564,2.1347925077132244,0.013917358455344236
72009,-3.060399754609927,-11.576988069169898,2.0107803818130976,2.8647634841306675,316.13462545953263,0.07496631801650633,0.013919311153764906
72010,-5.843614038553003,-11.668449949509341,1.8782160385927809,0.8837586766775445,246.90408998038262,0.49029927789894945,0.013921360577291543
72011,-5.403958314431545,-8.19088928406724,0.49926398269067535,1.8288242713003728,468.52733473428754,0.2939204889321223,0.013922999116800689
72012,-6.483447194116611,-6.60112021798894,4.326110991832203,0.821280587007874,457.6130576082366,0.540885429420972,0.013924258672736866
72013,-4.464045379426866,-9.479440896730498,3.9032807857516705,1.2347339710402665,228.60781291954802,0.1557160788626213,0.01392486789742197
72014,-6.967680836422346,-11.097745466298106,2.1022702129046094,1.1706266290056302,296.18709745805523,1.5583267905807796,0.013926101385288362
72015,-2.9600169447229856,-8.691367947538335,4.965440554250621,1.1054048413088953,467.09019828998254,0.7612771434994903,0.013926737044459528
72016,-4.820979975941571,-11.676457217594592,1.5436659473952297,1.1328163865222338,289.28779332164953,1.0859888760151266,0.013928316537434114
72017,-8.88870296643121,-6.612602147005001,3.46255336096716,1.0344124237629524,269.9496711993065,1.4991324741565775,0.013928421940589644
72018,-3.727493014388923,-9.970909905217393,3.404897347152685,1.7704007366415826,468.3673115228321,0.5240878786185448,0.013929406555848609
72019,-7.1777637424616305,-5.483378786767093,0.46631451183836364,1.8981841015261867,457.7779925773071,0.6380511116745682,0.013931137072828906
72020,-7.070218146898441,-5.998692177188711,5.0257314735442415,3.0221904649679945,482.19935320198834,0.39769507319941866,0.01393469832876341
72021,-4.742391287940291,-11.576667412937486,1.5976206662419588,1.0357450533890693,468.9905305418162,0.0018594639494660115,0.013935066249969404
72022,-5.910819773026426,-11.64984516611698,1.8450967158523772,0.9249074588788017,295.79914504177196,0.3850722044657102,0.013935508631057344
72023,-4.170655627874439,-10.496811896800203,2.9818842027414654,1.7676561997173033,467.1992347823133,0.09133513340904731,0.013940470297580141
72024,-8.800837357305724,-6.06730809478075,3.7935731628052016,1.764012054444591,468.45424622541697,0.2250495619095263,0.013942523543158825
72025,-7.162273396516764,-7.063003592794041,0.2227566436522737,0.5797135024006129,166.40057429445062,0.7748082327552792,0.013943007926040432
72026,-6.808594661409087,-5.501903274164809,2.8398470012842925,1.611202321443273,469.1492931883351,0.5260613797119378,0.013943584280384023
72027,-9.10379199193043,-6.134208937411504,2.2433607006544873,0.873818872675723,468.198787360322,0.017068957656275252,0.013944780234241182
72028,-7.734093838484927,-10.096154984584922,0.5440167250035028,1.0209092448970605,217.6544721694962,0.3345470900096341,0.013944988076079575
72029,-8.204981267059827,-5.005715595852842,0.2210213624240711,1.145970984163594,236.39729774531338,0.6473835732601794,0.013946959350682584
72030,-6.431417477888685,-11.411861840944358,2.4164698802647493,2.556375482816801,455.27742017807816,1.0220885687570718,0.013948401438706303
72031,-5.457680808031277,-7.177816964552533,3.578315889694724,3.3861147596503103,492.0841365921208,0.22609585175769986,0.013950221791006606
72032,-6.751131860956983,-6.438015849706833,4.811683346258677,0.8610661176356817,466.9426040371398,0.6768032221229427,0.013950862453963937
72033,-2.338090278679811,-10.807086862152309,0.9043487747890877,0.8115190030405768,169.41944454938272,0.0575148749560066,0.013956161754447331
72034,-6.643599595076572,-6.141852737407617,2.7663840296520292,1.8394640157040254,468.20531600119494,0.47280433428832946,0.013956241396554893
72035,-8.401799813951376,-6.819736137193777,4.575831471604392,0.8110923354106637,313.41042892020954,0.0010151043857122843,0.013958700641514298
72036,-6.121113577289739,-6.838890289320918,3.6589269935124618,2.8702455258697994,484.1729350725956,0.9716772466724448,0.013960651733732166
72037,-7.050239197734873,-11.415536872942068,1.2371884737613443,1.5804810606217428,347.82264742398894,1.2624335325217517,0.013961520263404912
72038,-4.6778321175340976,-9.76351073791058,3.633518617144861,2.8653571138823244,337.97566433240536,0.03156953018556319,0.013961668791231997
72039,-6.94569361351215,-5.456772965684092,4.099859316597763,2.295729832241946,290.90894882459753,0.050203485886564536,0.013966298812460975
72040,-2.7769161209436373,-8.10558878581081,0.9416864737342614,1.0428202105870323,272.35741703033847,1.5676216453973106,0.013967063246613272
72041,-3.5157488965396553,-12.611929524401246,1.3823883127860277,0.5677130182417244,113.31529413706835,0.027310785187751208,0.013968429434701347
72042,-9.027223213119234,-5.824699502369377,1.4363103086939535,1.3138387318803528,282.3134507724781,0.12420301934541733,0.013969151751334943
72043,-5.7307892848527855,-11.583296854758633,1.7809026070579073,1.058514667063318,284.60623017688727,1.5718311092878272,0.013969241404930256
72044,-4.167478113944423,-11.438317961154574,1.8174121717201313,1.171851451737259,296.00874517546606,0.895089614153119,0.013969530356682578
72045,-4.54906800431681,-11.53063039502561,2.1539992270202535,1.1533430945542393,233.90411218643723,0.028330037808902198,0.013973171308943077
72046,-7.951167610321407,-7.098856715548486,5.167189807436356,0.5683311522453073,139.63982973699868,0.15333960675139036,0.013979640591249889
72047,-3.7288729727907306,-7.415127258765587,3.3959636312870227,0.6720629730092326,145.84245805787143,0.14356189234087857,0.0139802587233795
72048,-5.873799435334343,-7.893741811309416,0.696861556962368,0.6406958135450207,164.66328463754624,0.42605924706388354,0.013981585123404434
72049,-3.6608496878514956,-7.4549357254851865,2.8874334863281508,1.8514940428865114,468.06208403921363,0.7093254624328402,0.01398198443664356
72050,-6.466214421358753,-6.486516990412766,3.7484809984083416,1.8143928626945232,468.21881677098355,0.11079995549006139,0.013982089575480564
72051,-8.495123347624004,-7.652336205849798,3.5431209665508514,1.7516635682110235,367.2519733941323,1.04440424870383,0.013982186768476804
72052,-4.584619314296642,-10.87370320975506,2.72538933569859,0.9905252020078129,397.53451758668365,0.3264148705579908,0.013982207399328036
72053,-2.786712799695561,-11.94223655817593,3.0575954316834943,1.1589308820988393,468.92423863250417,0.6403881273086203,0.013983733050741185
72054,-5.694872267276762,-7.3697732267760045,1.9202867192967776,1.5376828246029777,452.43469546370625,0.3876115818028163,0.0139854377140714
72055,-2.9279306043983873,-11.688213156462199,1.8734749106044835,0.857424009304736,468.8496834646593,0.1069428929157974,0.013987000533119765
72056,-6.095821733839658,-11.5534619143583,1.5874825322521933,1.3140399745636868,312.5271550512967,0.523399263559166,0.013988361757996622
72057,-3.225644388192425,-9.077202353407852,4.337370034073991,1.8049210671505582,467.5350723232166,0.31929437939789995,0.01398922649041596
72058,-7.852437780595084,-7.959994420221694,4.471948881351218,1.3702778934375275,331.66216415835663,0.3547737712618373,0.013989408947750947
72059,-8.436281502176726,-5.664113153173225,4.556944202985647,4.20288810799873,578.893612519988,0.7535487611520866,0.013991849258462358
72060,-6.9491773209804375,-5.41243153124079,4.121871659253038,1.0530751439850454,160.95639581798662,0.14133087680304257,0.013992924619409595
72061,-5.5370713650743415,-11.727890000092152,2.221041058523873,0.7925575590746107,160.29290485930375,0.057027219253870776,0.01399341168207321
72062,-3.1025217983520035,-7.643004279184196,2.134659517436928,1.3692056966182626,298.1238302218542,0.7355947542954588,0.013994647238814202
72063,-6.850672146775824,-11.148100165387138,1.6166689300787636,0.8707039927789606,362.9513273705087,0.43796587978593404,0.013996050345353757
72064,-8.953027189196131,-7.337421142575208,1.9637147590641957,0.9520026097549379,467.66599607808837,0.06427865620423034,0.013997400774870189
72065,-7.23868071095636,-5.7861572489448365,5.150033153071919,1.0225656548058546,467.2911308940081,0.06677080586310424,0.013998897235671888
72066,-3.261112102116501,-11.353642603313538,2.3297663830603543,1.1974946887645923,467.06415383043924,0.2927295121636062,0.013999200580499454
72067,-2.645477308088358,-10.544142217616223,4.058759996702671,1.0965141287539935,467.29314919629377,0.2523010355821844,0.013999628063379357
72068,-7.373201890257492,-9.907733046908602,2.651774352037937,0.6595201136175001,467.7013351065748,0.4413968790005969,0.014004047870767478
72069,-5.978846975086537,-11.394693232055705,2.4894384516886134,1.7732712604638206,469.55236405392924,0.0768394394508638,0.014005036953831321
72070,-6.232258937457834,-10.776609146893762,2.871259325164756,0.8145977098469168,437.3411494097894,0.12141323792256653,0.014007927361759261
72071,-2.856318818772209,-12.889395601560418,2.3757408446618897,0.9904462819113528,467.5783576580284,0.31004398744818484,0.014008093075843301
72072,-3.5189524572984823,-11.44573735125303,2.171938236386216,0.9221415460742401,188.78544345326202,1.055395456045531,0.014011455231351317
72073,-2.861523329022453,-12.461804107019153,2.2180739569521286,0.9193409736031192,260.6606964620607,0.5481118881091378,0.014012404931952185
72074,-5.181050961955547,-11.646211483462936,2.2217399420657644,0.8676114945134928,231.741589669242,1.160084494035468,0.014012494334473095
72075,-6.740898040644613,-5.829842587712184,2.7254830644793393,0.8572194785025703,467.38419846523976,0.5922419880802261,0.014014232911957837
72076,-5.848883803414695,-7.129104671954774,2.4777334229397443,1.0052943830910726,274.8479033565687,1.6321275808178815,0.014018272062895572
72077,-2.7028865291044557,-9.06267817010588,4.707378169800463,1.8387355447155824,440.4432755931577,0.22627444140219755,0.01402326833197924
72078,-6.535171194275019,-11.768572509525463,0.11448842917925983,1.213328907047897,304.12504155838053,0.799695951602172,0.014024468770057556
72079,-3.673019682730417,-8.390833387619292,4.960063778511885,1.0335304575737463,259.53266765469954,0.7780265555205288,0.014026685643615781
72080,-7.438971636640476,-6.259604985505845,0.09890007619281262,2.254058096888826,428.0712795095972,1.2425071215406085,0.014027287568182046
72081,-6.837961598495072,-6.23914853800426,4.740224445185736,1.537345319087679,349.10615686528337,0.019782867169142015,0.014028265143855696
72082,-6.496451877941928,-6.409164285814988,3.283179120444021,3.2511679794935384,519.7911129128903,1.6584552941946606,0.01402900791710623
72083,-8.207682333379406,-8.374110654956288,3.014635450784828,1.0618411329028723,267.6438422931404,0.40563709206270726,0.01402900912278032
72084,-6.178836452535701,-6.954658767292329,4.579555521314482,1.7777074719027186,420.4413775661116,0.09972100430058362,0.014029307803373272
72085,-4.5674194903284295,-8.879760030809308,4.5533308774876415,0.7870406293608184,468.77592478430694,0.2093270332597701,0.014031185203127279
72086,-5.255644701638678,-9.937549396659328,3.5065141855854636,1.0000046500686177,194.24292289687054,0.06550558590336752,0.014032217808019505
72087,-5.393928254125936,-10.144356681599485,3.3267081866299097,12.717857298162414,696.9502456886497,0.10541439608904302,0.014036101378500879
72088,-6.497263932322997,-11.628387822489778,1.9153665819665442,1.2884913118619563,313.1571041309792,1.4274442948187822,0.014038026625080014
72089,-2.8414061388796483,-12.844482548068918,2.2767253258332376,1.0777501007390724,236.14197923705117,0.11170122946188688,0.01403997795768542
72090,-4.004403016504758,-11.18014858994146,2.466312771833662,0.9770459263036295,266.84597123698796,1.3422498522206983,0.014042082472374682
72091,-5.778905325657834,-11.795521197012363,2.050814920757624,0.6558436101224302,467.3042624007686,0.4425527956452102,0.014043466251372524
72092,-4.015757667087316,-7.7792178335069435,4.987970197321393,0.9633920024438024,255.70691092397988,0.5908257503502616,0.01404369060426044
72093,-3.3810163395280126,-8.074367798523724,0.8783863830757376,0.8659675771616017,211.16241775399376,0.6789162148163426,0.01404517865873149
72094,-4.3968932300983905,-7.481276600420995,2.519591892146441,4.004469219597178,555.711630105065,0.3691696601390957,0.014046867627940066
72095,-2.334211496783409,-11.016462587010608,1.6639611037055333,1.3670181385597138,466.5524654558391,0.7237474295860862,0.014050155826050906
72096,-4.487944098812871,-7.432890466885856,2.706252571402317,1.3873451934863723,467.9954531360221,0.3660250459808738,0.01405190809253645
72097,-2.8028867970803333,-8.041351374782788,1.0539519253525518,1.8118449057164097,468.56023888175486,0.651294184241384,0.014053772063675488
72098,-5.256240601893717,-11.482675240712357,2.361960220123394,1.3405814186836993,317.156760452587,0.8220872009026454,0.014060968452841468
72099,-3.249900652628517,-9.60763102578323,3.760515061108235,1.822824311741749,436.4314682258967,0.1448979599723179,0.014061732133298211
72100,-4.119624398633917,-11.44445830872878,1.9370800352712139,1.870736796382088,449.0212158388553,0.4457089593071375,0.01406440895905293
72101,-4.624019115686639,-11.471183681899262,1.9077799590276847,1.491020568178505,468.3000481471767,0.9017049273529709,0.014068715036823918
72102,-6.922516123550672,-6.048780033616865,1.1455281359791876,1.094551691784779,468.1305283982223,0.6404159016453699,0.014068767226280757
72103,-6.64276916920464,-11.33541499979236,1.6703327859837667,3.9982966546447885,567.9199518232584,0.8914289714792663,0.014069409184345119
72104,-4.211709526597658,-11.552126010914689,1.5932283551898754,2.6572735974943273,451.69867009478395,0.5451804214222227,0.014070448624935374
72105,-6.175463948628602,-11.79689927722754,2.0151335379127318,0.9540235621670574,468.64832342962615,0.4656309026309211,0.014071195633095938
72106,-3.2796617603958733,-7.905616195542389,1.2952031264908757,1.1558781030604874,292.2361737269253,1.45329640770185,0.014072145540700418
72107,-6.561537940104696,-11.172579431220544,2.5022340887687813,2.1410390823673326,417.77350491891343,1.3986365857682062,0.014073355767255723
72108,-3.7997498806233567,-8.811180000925347,4.5879552700508395,3.12610087772939,484.1662806031571,0.28384582390621294,0.014074326134833136
72109,-7.934647846826891,-8.638363002250815,0.47311721305436655,1.2025712599759248,464.21983079439053,0.5386817152127472,0.01407552467035946
72110,-3.532028417075156,-9.545114501813888,3.800419970512649,1.8669697728749066,448.37988665897376,0.4949190317443133,0.014075980358580107
72111,-9.060395241926228,-6.777105452433772,2.301495070870608,1.8503612244758167,468.9025611525277,0.6040916423298484,0.014078775868579285
72112,-7.933467239014281,-9.814819762835008,0.8696963815261433,1.4557067797796375,468.03012356356584,0.5779924257159417,0.014079998393875621
72113,-6.753047019042795,-8.036732818649945,0.14821429836877373,0.9364573032887135,469.90750018014575,0.06735048130087584,0.014080066628045852
72114,-2.7182931983152248,-12.964235154747653,3.1783055656842074,1.4678940894516572,468.1045176358246,0.3397521352676698,0.014081175729168066
72115,-6.1213302302706465,-6.857750525245302,3.0216184643137796,3.12062476819791,509.2153349223015,1.547490771069362,0.014083547198020466
72116,-7.274583287524795,-11.551865038095922,1.0142928170471393,1.1630367760872724,198.92650801947914,0.12734868824889833,0.014083936692934881
72117,-2.597278464525896,-9.864483255181025,4.27479644061168,0.8074011468891275,469.57267038732715,0.1649303123455086,0.014084413430049557
72118,-3.604552201751466,-7.8786188834675315,1.3308977332134282,1.8718006025481209,389.0399363500552,1.628939943998712,0.014088036716371091
72119,-7.982475363162333,-8.397368171549072,3.5487906057253946,1.402358209962089,382.657489359956,0.669778824567671,0.014088746944855674
72120,-6.610231032002563,-11.430486694820399,2.2742972533293444,1.0657244394371213,219.16132913057334,0.12181636368769677,0.01408938305321471
72121,-3.884613740587854,-11.399831460999458,2.291281029969039,0.7767154516233613,205.94619733040128,0.8365319877131201,0.014091941642115741
72122,-5.58431648978913,-11.535273834949889,1.7092965976657124,0.8651324068513969,468.97888199743596,0.20801592370490685,0.014092340024909989
72123,-5.295561855834231,-8.719795298469275,0.0797780953289957,0.904802054936993,468.1785239851073,0.14935246545814174,0.01409269227934501
72124,-4.3832313781884515,-9.736621097029756,3.6385236921307933,0.5834091162705132,111.97127542415856,0.03990153511651773,0.014096867912423677
72125,-2.8375135282585537,-9.279498533238849,4.614604445569985,1.0594118783458704,269.69576484028903,1.2316165257185228,0.014097664539837114
72126,-4.322340787325859,-11.158071040709318,2.492955343962293,1.1135473560147644,467.2476848058613,0.7651750567979496,0.014097822164050694
72127,-5.679528746948034,-11.450665965419313,2.4325860851491825,1.1718501301191717,467.3858651305456,0.3989976439832139,0.014097912387201712
72128,-7.204593815480829,-5.206235016675411,4.782257207447898,27.09570923443851,897.8056012094663,0.2379395361425738,0.01410280403125678
72129,-9.08533418911003,-6.415796452292841,2.4526708948632874,0.7882556557593895,418.6217383245099,0.21443863782157635,0.014103623230431472
72130,-4.294921622973447,-11.42631319014874,1.846692935906127,1.1138634992924377,466.2498132273662,0.08855420703785999,0.014104315884576684
72131,-6.9913664206753845,-12.021352171092271,0.26857865332641623,0.9963568232907242,256.1359556623768,1.253199695477952,0.014104856744582112
72132,-7.396379109862271,-5.047708637581611,5.039772549580641,22.381336908333314,704.047868392287,0.0478242955320356,0.01410804388304592
72133,-3.0786259552272446,-7.5791337605783475,3.827014801730063,1.8342106773259779,439.25376180943806,0.30045518726040665,0.014109314353996991
72134,-6.904122017617553,-10.99042006962836,2.324431433002939,16.229971635641885,591.0435105962224,0.03654139811764612,0.014109534818933334
72135,-5.918732529122875,-9.349952288147586,4.140271477043705,0.8769188567078848,252.22261937623335,0.7074705611653629,0.014111700445662964
72136,-8.903892493022369,-5.097310731696264,3.3875557082701224,2.7131874689252538,244.4513045392494,0.19164421866464387,0.014112367765464654
72137,-3.384785939247413,-9.77683165500778,3.572358760610313,1.4745065025631645,462.34582680576847,0.7207979492117476,0.014117895150790809
72138,-6.139631631494391,-7.805102425253936,0.6656522782756807,1.019961059835332,204.04655072991775,0.8483638178127499,0.014120235039739075
72139,-5.0523475363755,-10.081503346640268,3.351477969198376,2.2404592213158976,422.7981576908418,0.9919238919149338,0.014122423520254822
72140,-7.286007380880192,-6.363842079767125,0.18616424948094454,0.6964169357763845,467.50928442970195,0.42122615920578266,0.014122424220360679
72141,-5.5709348512275545,-10.94197798992247,2.7470995870117547,1.8975432932128151,468.2493376575945,0.59198225015224,0.014122575014900768
72142,-6.207481854510549,-6.7777577682546495,3.7352707755139285,1.8753468418934103,385.9977049017296,0.9611966211309868,0.014127007475299828
72143,-6.151064825070369,-8.923684779855336,4.625437820503804,1.0570644876347293,281.43016907906195,1.4842936373840772,0.014129182932098968
72144,-6.378803845778149,-12.238399894016041,1.3124367349928086,3.1643668891359154,508.5350668810122,0.9953813148266386,0.014130086070911171
72145,-5.54969815558135,-11.739632238288403,2.1026112932701535,1.8236467417573325,468.062660897735,0.25914235590516643,0.014136181863801561
72146,-2.5641759324162106,-10.268267377521967,0.21492569433437955,1.8043173202134515,430.57209679161906,0.5156615386942311,0.014138602193680566
72147,-2.5106971670876863,-10.194755704811199,0.357884431970279,4.877207334536366,618.9527582380445,0.822049292512613,0.014139072580633313
72148,-4.566040807581859,-11.49308518202347,1.949314725609842,0.987869774565152,466.6730787565568,0.3572380591124231,0.014139359364526082
72149,-2.924517288033405,-12.125282811883164,2.25822385353051,1.8648248974855839,468.7783848465176,0.6444213248434973,0.014140350024612015
72150,-8.773523281287472,-7.076526949211533,3.5096687261035338,0.9648468364142517,469.60529811178077,0.09342420455014366,0.014143274312901395
72151,-8.647243546132056,-8.18242598018264,1.372292264166916,0.8374319802122306,170.18204316441435,0.9893852205500302,0.014143656248183166
72152,-7.448504295650125,-8.884685529737183,3.835257302037081,0.8594069648268995,236.29322229641443,0.17873975490913807,0.014143987828344537
72153,-3.3510709969714174,-7.485294373594296,2.73896982080481,1.885534812566654,454.2679519274086,0.32017101984151797,0.01414415485502445
72154,-4.261022499131752,-8.324043270325408,5.025804094092269,1.4256859269928464,468.27346796867147,0.3055181094662851,0.014147370652250931
72155,-2.5064887000772735,-12.978423202640453,3.6431984249402927,1.6615391952085818,363.3880674896054,1.7836157101279824,0.01414970498323935
72156,-6.998851740803991,-11.01615454082551,2.113068843345178,0.715935453759562,218.30647588660062,1.178608761403404,0.014155012334429425
72157,-9.102952781229439,-5.057937196467563,2.269179390671639,1.870169348938067,468.47263601383486,0.26173470931195464,0.014157392579760805
72158,-5.291467030205083,-11.649835158349171,2.211767831481084,0.9692869412765098,197.3780003578253,0.04703322962992207,0.0141579377262074
72159,-6.395674582162752,-11.861812176693581,1.3717761861133526,0.9886088675581577,259.48200667195175,1.6278193613028522,0.014160594428829252
72160,-8.369234622968705,-7.869904360342957,3.5051605425238717,1.1135925345814028,467.75369122599096,0.8024502374843197,0.01416352544098336
72161,-6.324581176629625,-11.662572329561176,1.9009573439838803,0.6392604264103836,121.76858463980643,0.11574632604451729,0.01416592867984868
72162,-7.160106634105581,-11.96067423324044,1.0273580882545175,14.130451335646885,485.71108160099783,0.17670071355198935,0.014166475401232744
72163,-7.156497883922665,-5.673780664060652,0.4978317254607178,1.720695669529169,406.29260835614537,0.33626514864043777,0.014167741828697369
72164,-3.641131263535228,-11.260612050320486,2.3825047233091565,1.0515159511037333,300.54953389655077,0.24003728628210652,0.014167977544565193
72165,-6.088353172877328,-11.711680062627307,1.9308135902864272,1.3385615664836008,308.04156777577293,0.3353358281595513,0.014170693093162864
72166,-3.097798097393813,-7.724374339062389,4.606866080985698,0.9784005174440158,223.55234312188253,0.29684297781048397,0.014171166462399845
72167,-3.8354441194774367,-11.396597795343519,1.8667352857812138,1.1945679979237,467.38291990910756,0.2849003327239661,0.014171660436002523
72168,-2.625834773954897,-8.699857444240887,0.5507779082600861,0.8083700192866258,278.03801141347657,0.24538916146532141,0.01417259540037318
72169,-6.878168892831486,-5.041814036885314,2.9708297857805044,0.8968140671525497,247.5393874140051,0.884959140503736,0.014173162764239126
72170,-2.8699255937401205,-7.835017108008498,2.54881660237696,0.8542032516169531,467.96918478634115,0.041625373157720524,0.014175389267728282
72171,-3.727688109728936,-10.379627854601202,3.0434004944528814,1.0590315618656616,468.18986296701087,0.21118970463941178,0.01418216960526909
72172,-6.862729836032138,-12.272250214273212,1.1635004531334054,1.153905549774462,272.35456723684104,0.7689702487095733,0.014183740982688748
72173,-6.299028774842343,-11.79879204682535,2.0965005923501883,1.1355926830777108,294.4107190344759,1.8233280680055302,0.014184209097734176
72174,-4.446362688091257,-7.381675594694758,3.2752783172184885,1.5652508646984655,378.4516932250467,0.46513084596826637,0.01418518184235585
72175,-8.431390339721887,-7.490338695537521,3.9286725671065024,1.1631393645986248,212.75034001466778,0.07966852502104604,0.01418551768795896
72176,-2.755778959037621,-12.969752610613831,2.1070457185919014,2.7868015225186484,478.18419200219654,1.1461080049017127,0.014187740446619019
72177,-7.046463495615285,-9.02171444096421,4.150384512273477,0.937963548045869,141.53385009349984,0.3715827410640564,0.014188132756352051
72178,-6.605695082466317,-6.520208658405207,1.971414274782217,1.6131119503829707,379.64365724305867,0.5667539825274277,0.014188525021512499
72179,-2.6832965105542392,-8.143294726807376,1.179459584429879,1.178245023963221,245.50814483066532,0.36447450498207257,0.014189171749328057
72180,-3.249527520046618,-8.443982485516763,4.917595807195304,0.8625604310999047,150.83286274265785,0.10616242942426979,0.014189272821149127
72181,-4.488364182569854,-8.857590571538363,4.566456041080458,1.1760786538800942,300.0324929835981,0.6746895165211821,0.014191976219956435
72182,-6.57700260845999,-11.131390924233546,2.517086644065238,1.0282231851167245,268.4871991932451,0.7297034204732293,0.014193441914345717
72183,-3.3238635249612836,-11.414481573595431,2.0441332442076803,1.1188993659817634,183.88927684527974,0.15219596065700447,0.01419396084588886
72184,-5.309604466087466,-11.665958778745598,2.0744704542481034,1.9578133639353401,400.3432832420262,1.964983427994409,0.01419655159989849
72185,-3.706404564364652,-8.414727594931545,0.4284552952203876,0.9548137682676656,251.99215412353436,0.29102768737793117,0.014198608034107137
72186,-2.656734781027385,-11.513157969157533,3.6354087028065907,1.30883785796797,468.5575931747868,0.4606836347494756,0.014198880565385086
72187,-5.109285789649361,-7.357883697848015,2.632216426611075,2.234353913502179,426.67690500476357,1.1651972696149082,0.014199671131790029
72188,-8.941527395691832,-7.1673576657089555,2.689036773098507,1.042988452425753,272.1598005404395,1.1805403113336324,0.014200392740675654
72189,-6.012720476093646,-8.790059090803185,4.774421095738654,1.5422502081931626,343.39419662801873,1.3280295670864595,0.014201220780327976
72190,-3.2234713416574845,-9.523851127516103,3.8485589433922995,0.5902635367805064,123.92981597227222,0.014537553232854883,0.01420201712325717
72191,-4.245881268602046,-12.071474597579083,1.4375742668980185,0.8326408281164842,469.9282059925296,0.2207184902823789,0.01420207334329176
72192,-3.8476041280927014,-7.490705791990815,2.6023755701583364,1.4495279690881582,337.807672573696,0.3282339390446598,0.014202616500348066
72193,-3.2541950224029046,-8.150149460643966,0.7945066086966854,0.9570010231978416,265.73564869345853,1.4724467794681688,0.014202711900893417
72194,-2.7289499024922304,-9.105038647483623,4.750314977625023,2.0804561856705157,412.0970322999416,1.420666969521954,0.014202992023053217
72195,-2.8543397212587465,-12.551281704727474,2.233824669450781,0.8917544222913546,467.8060062714956,0.6689128408122622,0.014205755690313685
72196,-2.3444187114199844,-12.898066347511282,2.031393690081182,0.9038390410956972,257.37164542188265,1.4042347805206825,0.014207406308906512
72197,-6.419802817561684,-10.279247997626234,3.2027701113187095,1.7662707447405988,417.5133116964605,0.057161966406462206,0.014208155632475749
72198,-2.5302331547283483,-10.208994781817848,0.3154592262102195,1.0793855930957315,281.7872404343299,1.7575911054871058,0.014208773804459252
72199,-6.151830678131024,-11.505925858148277,1.6481448265578431,1.8430337125616814,440.6866678783865,0.33399438008836047,0.014211007928801016
72200,-5.224078852831303,-11.607850751276418,2.009325839648101,1.2599138469538749,313.71911735308134,0.5465601073522546,0.014214176433745828
72201,-3.827367310905955,-7.570497851387895,2.2617979231791874,1.2994308695326182,282.3266620904285,0.9053764682983596,0.01421545546359266
72202,-4.634446133530119,-9.563532267510258,3.819365432871612,1.1500777789270946,135.18729351898995,0.3488378116149988,0.014215777846360416
72203,-4.325615969550793,-11.491459541578434,2.118973701952548,1.108195356006086,286.1475409164658,0.9296923934334336,0.014215964763660693
72204,-6.798258728671049,-10.062619804079322,0.11361906282831936,0.6586034694104002,133.8976137278647,0.158763909419541,0.014217778011901272
72205,-5.648700672612345,-11.484138671082963,2.388296245885779,1.1139038223336253,468.04005203739143,0.3858418221578015,0.014219543424627262
72206,-6.943887510304528,-5.45203768762419,4.087302773605634,1.0972200352399248,467.30884448971847,0.7787154374876133,0.014223513951995495
72207,-4.882115427556835,-10.03041071749042,3.381218457411064,1.5490366459999023,350.34971896577815,0.26842189194962085,0.014224316354943773
72208,-9.092550217388695,-6.063584788590952,2.433319221423827,1.1598736594064447,289.381438056424,1.5083793205965295,0.014225507522732469
72209,-2.805197079280087,-12.900613416443656,2.206699632908289,1.828545986009774,467.8277810286222,0.09143570598785455,0.014226374882702442
72210,-6.743838362364933,-6.013072433675154,2.215053320990663,1.1684374947386778,468.00171114358517,0.36869554164993623,0.014226801629985988
72211,-2.874819057066354,-12.436235752932593,2.415623511196335,0.9599665298137948,467.1848859252365,0.6231002667708232,0.014228816294374433
72212,-6.88185565101129,-5.157950727902945,3.1907660233996684,1.6650613435593458,388.7031918442468,0.34876433853174316,0.014229526956417871
72213,-9.035139532487438,-5.647829439200891,1.6350749228605208,9.571191207324256,641.6143820815306,0.07741800538063881,0.014230861841823355
72214,-6.084690881278868,-10.812501389538879,2.8466521961591646,1.8744401926118448,451.2385402659344,0.31310229061119266,0.014232355690175572
72215,-4.576019170455721,-12.18662758526757,1.418430720691464,0.8649864012640978,211.80217609419424,0.939506892959515,0.014234284740511978
72216,-5.246425393655604,-11.544743900325283,1.9162963408635518,2.5859075558033027,466.2477476529289,2.5416272875120516,0.014235471570932997
72217,-4.537997912054593,-12.39873438053301,1.3946929216407922,1.2478516911540365,309.75954628262167,1.7244297932341057,0.014237463501280082
72218,-5.3358778974983965,-7.6001493211283195,1.6538684938141297,1.0056262352858842,470.230658530969,0.0873597738041676,0.014240181933723142
72219,-3.0674491302277582,-10.684269844250647,2.938674338711939,1.0699176742860586,468.1571396761352,0.27190408089795515,0.014241563448404413
72220,-3.802940207987425,-12.959261903155989,1.3559314790453134,0.7274715673922487,467.15367006554413,0.4882850543341615,0.014241789529363232
72221,-5.507539835017149,-7.18222353567854,3.107949503759513,0.8400895645018188,214.1167412011294,0.7624720347507052,0.014241932865781909
72222,-6.8874181282552405,-5.4716453822242395,1.905004270087029,0.9621720604704285,465.98558050801796,0.11638765383810412,0.01424208038657499
72223,-4.450510089790961,-11.468264692754213,1.9515895211780134,1.6898113222747033,470.0719405803047,0.09452707584642628,0.01424255624818136
72224,-2.801958168267374,-12.687467119996683,2.157105752117599,2.968554978552797,497.066408187136,1.5576532666618768,0.014243088599316155
72225,-6.426771120090912,-6.572281655679618,3.8314615198351145,1.1272885869075708,262.18001726536295,1.0177488188953268,0.014243222981277557
72226,-5.35564721172399,-11.109076569205275,2.6102250520034747,1.8404241286297083,468.0524024857052,0.7037502966847091,0.014243316796517752
72227,-3.5119944087875963,-11.23822749855145,2.3887700746744907,1.071785056594968,213.29221704265862,0.019867136642528038,0.014246412679133581
72228,-8.12347776925045,-5.383143612111246,4.973038808144941,2.792353130688753,476.44590087217875,0.958421806429989,0.014246645043271765
72229,-6.7869747981750095,-12.582317727353994,1.1592614607659124,1.06607842237234,468.1031682795489,0.7324862540042698,0.01425033294715071
72230,-6.87831388521339,-5.451835835850707,1.9921577819571998,0.9724308177558244,467.1872011959428,0.7522601715102679,0.014251529501148042
72231,-5.897434989271159,-11.65072784986808,1.9008121669206621,1.1273045917626452,293.1325552659973,1.2135797186227277,0.014252616669139923
72232,-3.7366051373182927,-8.418790943052226,4.929666268318276,2.0274222444680343,407.3574072816941,0.5811219392322355,0.014257046121063727
72233,-6.555961887757744,-11.602012295374282,1.9800627657306265,1.7041567063476168,468.4971436948255,0.26239650522868807,0.014258973396956028
72234,-3.010142525634522,-9.168818992973161,0.01579727894847177,0.9068091438457829,188.2089890340466,0.7076364155322956,0.014259262213837392
72235,-7.115567698488299,-6.332864495696573,0.4643358408209163,0.7003180849518752,188.41655011900855,0.7261733887597961,0.014259840504193036
72236,-6.8556069053942235,-11.5121352152685,1.3094402022046787,1.589337300927632,368.5118967219587,0.22531686875915735,0.014261607104248166
72237,-6.82190341374827,-11.164641317434409,1.6479714144650448,0.8772694067816261,468.9419251144388,0.18259620288953915,0.014262642036530677
72238,-8.372003158779256,-7.431137661906945,4.134187002199665,1.0828035768706492,287.27453874510337,1.9247636220144528,0.014263151322154746
72239,-8.82578846540272,-7.687633703874357,1.4095251716618276,1.1186128713031886,263.36257025249853,1.2076393496820526,0.014263724664538166
72240,-3.662746182202051,-11.987997622870479,1.450004561259389,1.8375615270744097,467.605446799735,0.5520826574224946,0.014264005575870662
72241,-6.459721378253471,-8.919411704252358,4.588639664443703,2.5368423543630563,259.5955309264203,0.14910822099015508,0.014265355565828388
72242,-6.103623873496516,-8.829397945672966,4.72906070946549,1.0513834362960177,467.7069303349995,0.00973252579635897,0.014265966721986816
72243,-5.670429031589645,-7.3630043844703135,1.9905946841123456,1.7977287607524575,425.8967471334881,0.6049482191289544,0.014267985000254108
72244,-8.496300433441487,-6.82470949404608,4.373333807035135,2.672755654667742,460.3479405839701,0.7057693290796454,0.014269380187218596
72245,-6.247906543649188,-10.702282154254343,2.909927891928033,0.9404282103934652,467.74536280673436,0.6291544666036053,0.014270089411569055
72246,-3.456971320551057,-8.840998925658988,0.07887098011029399,1.7365049900855625,419.52013883629337,0.5280002474523942,0.014270706669705919
72247,-4.631495029314059,-7.7876893659001825,5.055754018010214,3.0881007241851,501.81515792226804,0.9538000702366292,0.014271464602111934
72248,-5.038384518177957,-7.71163183845462,5.106085698688882,4.325752870732159,586.777883388527,0.7466162457676573,0.014271870885960604
72249,-2.301616804864133,-11.001368054518842,1.239395582864481,0.8458047789726267,136.3929446210225,0.3702158203224979,0.0142733520306934
72250,-2.8476390001853114,-7.911574549165253,3.2671361937200047,1.7460122181972535,412.22046760330653,0.580687314444444,0.014278119154972648
72251,-3.8955667604552886,-10.989042389108473,2.588972104356335,0.8777621307838058,252.8135305749127,1.7208565985160753,0.014278548480341068
72252,-8.693605732447708,-5.020786724666013,3.947623995729716,1.0233724308952574,140.56357845194708,0.2671868768988519,0.014278712661851364
72253,-8.09506437497363,-7.279913479929396,4.81368545551573,1.8909175389758326,469.5825598029142,0.06227320465834918,0.014279064459671725
72254,-3.4740644939195855,-7.501268896552543,2.6267011642085247,1.6923638140579302,367.32952028285564,1.7672893585785845,0.014281793740923079
72255,-2.8929638484890576,-11.888420783273235,2.0414363361583754,1.4738559574446175,468.42619167442734,0.3475604279481965,0.014284820762224907
72256,-8.858702100152797,-5.36991455489736,3.5513040424455458,1.2090767600880497,299.8527048718546,0.664613956313814,0.014287756033486473
72257,-5.268624906658056,-12.458802591385929,1.3765545296254786,2.7111772363262885,218.1803225834391,0.3653899551940336,0.014288074037616763
72258,-2.697011516342193,-9.907806989205671,4.287296991578518,1.198771028690182,467.7584363605395,0.03348266270323297,0.014288461695976017
72259,-5.213843593261381,-8.247721509546668,5.177042153267868,0.9888266454143372,266.24601553824033,0.5029793131450999,0.014289248201636582
72260,-8.58691741129649,-7.768411594237351,3.0425515973412036,0.6492354644634023,141.03067638044777,0.24438463434175173,0.014290770314326316
72261,-7.003267351424405,-5.321499743792497,4.19539904546792,1.5225712767451105,468.52637034336055,0.6674763397429881,0.014291955602714151
72262,-8.723264749429939,-6.393472006097498,3.9768214586551975,0.8552910118728186,215.14375082085945,0.7844184236779315,0.014293995614150193
72263,-4.47167001521043,-7.428975268561471,4.157408092871608,0.7713400772374955,468.57209592865627,0.22467497535066983,0.014294568359365057
72264,-4.94508480309213,-10.98707036627922,2.6423877857613634,0.6821483442925592,138.61887240281192,0.6810534743391878,0.014295756658548302
72265,-6.1663147731495105,-6.917688247426467,2.5702640301145654,0.8224141162472618,241.92997332653232,0.5936936463008164,0.014296079935316485
72266,-8.897449261660835,-5.144669960865008,0.7237376025326139,1.6515457133179978,468.49348499477543,0.5568745281917193,0.01429943406418238
72267,-5.441237167274585,-11.813902338606503,1.4722852926018972,1.2475028312928518,276.97139430348267,0.32038954348713133,0.014299694506433721
72268,-2.879519310473327,-12.120216692261474,2.1406566177830055,0.8596589240989329,467.7446408915073,0.3077998487375915,0.014300543956268534
72269,-5.413749981278952,-10.122603416871279,3.3425929718809577,0.883718830920485,213.0175603603878,1.1684267398631674,0.01430145049352791
72270,-2.511518269048727,-9.267020288342929,2.5182900829806796,1.1155555281616178,466.28716344580175,0.09605776258216903,0.014301496674895539
72271,-6.333406599890882,-7.145690106717631,1.5639405623620475,0.8567957089202131,467.71586903494716,0.45310073827571085,0.014301538929594865
72272,-2.9502643223000504,-11.206055042739763,2.846238543599357,0.9247453395788628,191.59617290395778,0.9553098350189035,0.01430593886910993
72273,-5.7418252702719705,-10.927628137814354,2.7579524518242597,1.1140015721737457,289.52537548839985,1.1492891741471052,0.014307684214952163
72274,-3.908341092837734,-7.874027523597482,1.3378980111513432,0.8029646312484148,468.77130614923976,0.24146279437663853,0.014309138897785732
72275,-3.776101249161167,-9.81241252932061,3.537201417632812,0.6741444231069663,418.75862767639603,0.44860083399415007,0.014310195551453828
72276,-7.30487883758149,-6.728844903435911,0.1553020061123916,1.8526650525034953,468.25460347753614,0.328498541763774,0.014311544482431998
72277,-8.38233036785312,-7.561494885780177,3.9425188341090074,2.2900706180747927,374.4953663028651,0.10216766605337035,0.01431234182849778
72278,-7.946543524658284,-9.654533587410343,1.170691037156263,1.79147241608758,467.7764297629394,0.4825398229310265,0.014313145703439292
72279,-8.20737518343622,-8.121136835119643,3.476868715648934,0.6974095973318558,180.48555031734006,0.8931834374639172,0.014313719963371834
72280,-3.0119197162589106,-10.851398532718722,2.8954597803331,0.8617558438066738,468.32214999445694,0.5067182655921263,0.014313857271467846
72281,-7.121893613832093,-10.884998654288218,1.4161370699682665,1.3531471729769486,314.91735030728603,0.17563081374688672,0.014314126838098863
72282,-4.448515509370128,-11.481470888612096,2.1779222183443063,1.1935951411243024,421.33025347303163,0.3871717547691773,0.014321232516482965
72283,-5.020583885903628,-11.372813752091082,2.389472129522352,1.1921499736766246,213.8325112900728,0.09058227389150275,0.014322654750706442
72284,-7.218091556591882,-6.42172442556265,0.27627487848606996,1.1195060546172009,288.3625725454903,0.7180181438990045,0.014323290640574558
72285,-4.94867299630911,-11.845443937580672,1.4749771712969428,0.8657780853764249,202.08122076010034,0.9774975729711448,0.014325469356400862
72286,-8.122092384823677,-8.305718000604834,3.3646830628475883,1.7515625672647281,415.3115586199385,0.3213859043260543,0.01432572148198806
72287,-5.600410480841638,-11.714250674433602,2.0803349101194524,1.8877835874268043,454.5208741594868,0.5634661773496701,0.014328976117178704
72288,-4.070486686815502,-10.748624948380701,2.7660117428935753,1.8459781884213053,469.1719227176885,0.11664206668878752,0.014331358944173008
72289,-3.2760359913720656,-7.449350517170132,3.0656631362738525,1.1146454539863175,225.33049915712363,0.41295867576859013,0.014331763731830286
72290,-5.087156814050324,-9.44531603457225,3.9686155669910823,0.5226965583972117,115.71393225462089,0.8450001291880893,0.014333500691113938
72291,-6.566427317558126,-12.23708420163275,1.2679916878185138,1.9842720197659605,268.70696211322456,0.029800340477717846,0.014335095975762165
72292,-5.82983480903896,-7.252026239064975,2.0895072893334756,1.8822682440424017,468.92190745983885,0.6404545121581817,0.014340641062179296
72293,-9.05638575575369,-6.550252883195892,1.9259685926517511,2.4971445571354485,452.2070425058237,1.1584022962844234,0.014340837267657482
72294,-2.643180925321092,-9.973079263317063,4.296659364355326,1.455436925627469,328.9293677982281,0.9449193682872261,0.014340929518178835
72295,-3.96648436654377,-7.413543657880148,3.434152240766146,1.0469263088194485,276.7235776968945,1.8315082371150462,0.014341418517609165
72296,-6.894902481050753,-5.206792636498881,3.35850324780985,1.1288219044671972,294.34291433682165,0.9568622851141688,0.014342957383176333
72297,-4.801124129281048,-8.940319631599355,4.493361683266253,0.988045833350313,468.01658730059177,0.9200564998293936,0.01434335499540539
72298,-2.894037241412808,-12.227261349405511,2.4063741170659907,0.7801176152781676,208.50843123170768,0.7920169848778711,0.014346186455043946
72299,-2.967788385007416,-7.723703412005394,3.656672329802249,1.0664354438197843,339.88997762412515,0.8020923627082244,0.01434666098473445
72300,-3.5756628195503657,-10.160590667202746,3.210979038818808,1.8218985175596514,468.5814848070687,0.9202927818828135,0.014348737538942702
72301,-5.268322260118633,-11.600885204733116,2.0554563902303635,1.3318131114992577,300.483446095335,0.7105811193365232,0.014349470170264625
72302,-3.045952141434624,-11.327494571725593,2.541511207163693,1.6896308677251233,396.0649640638756,0.027141071887576196,0.014350021335164262
72303,-6.091402024699218,-11.558937276261481,2.3516737848994453,1.0462942168595077,279.659832176211,0.8412579611863462,0.014350261022417678
72304,-3.8212204864374186,-11.020354053319739,2.5604409189809423,1.2470283630447065,266.24369210894247,0.009155297914678506,0.014350692511813735
72305,-5.550844149426596,-11.696676165390718,2.166302082515934,1.8732529380004688,451.42028158772393,0.22842939750181834,0.014350902475245642
72306,-4.122654015993518,-11.407431345426827,1.9271423724488757,0.9680733497456696,467.66976075186574,0.6800159684768188,0.014353074515313131
72307,-3.409962908397781,-11.409921291752333,2.00028483529686,0.8184588957080335,217.2739753156089,0.14767807134764954,0.01435564127620321
72308,-8.265197310879866,-8.9208918984347,1.4312310506361963,2.652090747801595,470.64456320101044,1.89142009721692,0.01435948879599905
72309,-3.0272311612157745,-8.239433343825851,5.056449733406952,1.0429581338078937,468.0404732432979,0.38604905423860725,0.014361733909144851
72310,-5.708027985528989,-11.716382990233113,2.1720032963375524,0.9498247722768054,468.2037143238816,0.8279802976770485,0.014362694472951186
72311,-8.026049353028585,-7.758823209508549,4.411634780190181,1.8433384704259201,441.8900324707815,0.24509763593839207,0.014363050650596015
72312,-6.585715680420075,-6.269200945755296,3.1497828979160314,1.3241037969312206,291.915814519416,0.08352547179683878,0.014364236374724206
72313,-6.423786600306445,-6.744473677918842,4.54884699745436,1.7395863674998004,410.7152961612478,0.5764466662716474,0.014366215288761098
72314,-4.566677853815374,-7.927315552043701,1.1128516235008439,1.0750492889078949,215.58747999003987,0.6661411119717746,0.014367038032803632
72315,-4.675591467648283,-11.516417211699071,2.0692500992077907,0.9409050199046809,250.46486850705116,0.76574550456262,0.01436755710564839
72316,-3.6336763772162497,-11.37484264631886,1.7504861158750666,1.9018925555542983,392.70976413200225,1.6096150327902699,0.014375702636677219
72317,-6.767366705787902,-10.023460151964152,3.269198627177097,2.3303099151778017,439.35715943414624,1.640977285916322,0.01437602583000726
72318,-4.71448379263816,-7.531567865376234,4.679750834773015,0.5496062272936502,114.2435335998037,0.44058976452245524,0.014377638729215002
72319,-4.587983941897554,-10.563953079282554,2.923878467419663,1.1448573348382995,294.7746206267867,0.7170736421106749,0.01437987746546345
72320,-4.977420104851753,-11.458518497809711,1.767948508820363,1.3966114600757893,263.83532678211384,0.03593143984746927,0.014381733176006564
72321,-7.356698406272907,-11.24435258785152,1.0165079771068644,1.870763271231703,467.64665669601465,0.24535163203056864,0.014384481077907095
72322,-2.7323582522046275,-12.54157666804861,3.134477560859185,0.7481882479892964,466.9813903769733,0.5087587353465652,0.01438987955857038
72323,-2.7384658152950268,-12.23381933310861,3.1240106742921925,1.844769203921884,469.52502487135,0.24065345503634905,0.014390035107971696
72324,-7.1499342981259195,-12.441793415834908,0.9649348514029887,1.3645695953580521,468.4333507562809,0.5429467817178146,0.014390395906390636
72325,-4.0143837264080995,-11.37800207626671,1.810233224314704,0.9885144841876383,240.25281237308764,0.7060857728604786,0.014391801567180689
72326,-7.08288061892929,-7.021397512819854,0.3231235947171591,1.2317858148882688,468.19911503358884,0.07381470110549504,0.014393273521669027
72327,-8.346557346364476,-6.38505906654197,4.75930213868866,0.9712153613771197,266.29524080417036,1.662121288386425,0.014394991814162468
72328,-8.931029007654203,-7.355489675137808,2.2533695897187123,2.7379452286559727,466.2083842261184,0.7071527576053036,0.014395486350238997
72329,-8.134595513494235,-6.415404528059765,5.097059828790488,1.2475491277465465,300.3273111427786,1.3427838522567361,0.014398155223066804
72330,-8.922227065859108,-6.0083886447930555,3.3968415098603932,1.0210673138165385,271.6509517005284,1.0851488656477581,0.014399815316281313
72331,-5.719663257822067,-7.307535346779672,2.0800122523694866,0.9780780130349725,176.25085138391808,0.07669996054108186,0.014399829640587303
72332,-6.242505010132245,-10.697330032190418,2.9069903970888245,1.5699065460808426,468.27173673087293,0.21272381077135538,0.014401015643051558
72333,-7.160664266537784,-12.708700439184557,0.9314787624310983,1.7094740450355037,434.72958525555504,0.6917783189746194,0.0144073136038159
72334,-5.032527205043916,-7.548287214146962,4.861800351784926,2.641363495497577,469.98813847487435,1.9949862891542178,0.01440968764931
72335,-4.82463546496481,-10.604403425872006,2.909358848625668,0.5686663730321943,147.01271890886952,0.5572658532712849,0.014414130472630845
72336,-4.895896262142473,-7.380937049550566,4.1897214609722315,1.8262798075796816,381.9492064784096,1.5090059268831189,0.014414492483921829
72337,-3.8435382766689132,-7.471590150844032,4.053970531380364,0.939093793337531,256.3117322787587,1.5396524568110577,0.014415210439828722
72338,-7.7834362326382855,-7.499555190257614,0.2282140726683045,0.9510960116370049,264.0128305902013,0.8285272689301921,0.01441995671612308
72339,-6.437448697511783,-6.57951516985898,3.9801582594705374,1.1337909613554287,289.2373053999344,1.3526411357023465,0.014420668982110077
72340,-3.40513095573807,-11.359118531377417,2.2474481108427122,1.1468485302320945,239.48596294054076,0.026112249601577098,0.014421146687191817
72341,-4.1633283246131745,-11.502933082287191,1.6007877522854284,1.8047824963236037,461.51049950054977,0.10012118413545235,0.014422145804364574
72342,-2.817443080880503,-12.066717732506797,2.8381529546935016,1.8157338115687003,467.5087413591783,0.7798710666174413,0.014424258811910468
72343,-6.150042604351198,-11.557595980929365,1.5190548277109182,0.9449606899641378,250.11584924764247,1.4219364223835145,0.014425889282327391
72344,-3.7767327712176186,-7.9059156195853735,1.2598038810461458,1.605156464308481,368.9899018533538,0.19823407915581637,0.014427210829966888
72345,-3.339882774274134,-7.874379862918869,1.404277806723199,1.544284460161932,468.33708042601114,0.4594540107945271,0.014427762840105177
72346,-5.068948335644512,-9.519266408354506,3.8833447076062027,1.1351429480488442,279.6951371497965,1.0778025393024278,0.014427994552973254
72347,-2.996045628863376,-9.503435801917373,4.100864894535176,2.0223369085179654,407.30079702948393,1.7139537604150137,0.014428900173935853
72348,-4.364477676323103,-11.374197940078002,2.2905598701922476,1.0816297390242633,225.71113828647603,0.6612554179700272,0.014428946817450463
72349,-9.073251283555802,-6.159585402896583,1.953886516172955,1.3258721792029309,292.2026864207555,0.03636272073296709,0.014429303900203794
72350,-2.794250507584019,-12.975110256328591,2.1924999255861146,3.359758070712832,514.7035983624895,0.4176620586115405,0.014429776612917162
72351,-7.564646947947562,-7.785056017010883,5.079699764966017,0.8188744506483215,467.47779110052153,0.13119088804182422,0.014432214386990211
72352,-4.2917308733346,-11.389003364275181,1.8569610544957111,2.8198793470226,477.12707741246476,0.858374122942009,0.014432663392423932
72353,-3.1393242408756663,-8.66008758473139,4.800879441155958,4.588399556871522,596.8529707643885,0.4742992594249751,0.014433812342256302
72354,-7.681528378880534,-9.666621128141935,2.1856954122711407,0.6312155226729553,176.81539349039986,0.8491506737662311,0.014434312990251429
72355,-5.947114050648267,-11.503941061219768,1.6827949291906894,1.8179226295203765,462.45679933742247,0.39076150113608055,0.014436095702583217
72356,-5.628445844113239,-9.692729982906977,3.7511608716066176,1.3125792667793794,159.39336044235094,0.2542401694090408,0.014437379307105232
72357,-5.429645900596097,-8.921453381402888,4.568587810530926,1.0604832102192985,216.40421711014662,0.312383880136081,0.014437595315545667
72358,-6.88045422756792,-10.563385587541195,2.700343105989565,0.7862684369511099,469.66388260713353,0.15922360771295097,0.014439897421142885
72359,-5.654787037579438,-11.648219558420166,1.9742721860406778,1.0694029487702825,280.4770177511157,1.7729347594791731,0.014441393348007012
72360,-3.1268966697730196,-8.589823330317234,0.34037402907306713,1.0816751990780256,467.98439182587225,0.575874079592607,0.014442083563753637
72361,-6.039633897837623,-8.049405740341566,0.4633894284570332,1.662109542338681,388.46901769291,0.42607775265023573,0.014442628075045792
72362,-2.7079816120633033,-12.595648750878174,3.1639902684471863,0.6272431554519062,133.9984333896208,0.06766921441547513,0.014442736574510322
72363,-4.199812443185433,-9.650152566902818,3.7017025234168996,1.2004194412002496,297.01631454843846,0.369943202477212,0.014442775575963891
72364,-4.241217023687537,-10.261578172646182,3.1388556290176934,0.5104518777086922,134.7155399000135,1.1286346223719503,0.014444772130552603
72365,-2.835071455857081,-12.75684902424423,2.518833337842085,1.717617981048858,341.47344172547986,0.2811088036222449,0.01444617377262791
72366,-4.630320280450615,-10.374684828332507,3.0658008125318292,1.70511056217251,357.37521495116044,0.8497210379974449,0.014448872480643483
72367,-6.5198795288075635,-9.674183510933954,3.7199816232487337,1.8586880449066712,384.5949275642317,1.3357983469159862,0.014450170659066284
72368,-4.715459065594644,-10.093660408583116,3.3090156363339926,2.775286516941655,481.0600769398838,1.7304517263317036,0.01445038947528784
72369,-3.72473849190275,-11.407282445777106,2.0010018390869617,1.8076082256455228,431.726679337056,0.40063802446804164,0.014451809619074414
72370,-3.614459064566634,-8.566737725708276,4.7949572084493655,1.3959779218171602,298.89132985613077,0.4622957775583103,0.014452273980025597
72371,-6.302549128998375,-6.7076706625549045,3.6927140682989923,1.173226991520533,284.85218026904545,1.121371964595249,0.014453483152515767
72372,-5.945632649184072,-11.349244343143148,2.482925047200615,0.7036593155948775,150.7274356185736,0.02092544547974029,0.01445361046574083
72373,-3.293821085963284,-7.672700566061949,1.9369472973950965,1.245610413843311,467.6660796196038,0.08587865394798566,0.014453746619329494
72374,-6.601856941568251,-10.60364707511322,2.868636977836277,1.3255674235794128,311.58114893771494,1.1093544501515726,0.014454049894704491
72375,-6.547651781449279,-6.656235303779051,4.645154463458403,1.256403317517344,465.31157667320934,0.5656991724482738,0.014460832112863024
72376,-2.698043026860547,-11.315668931185696,3.4756275754811323,1.9213580053539463,393.31942371945615,1.525164682725726,0.014464598267383003
72377,-5.931461744218167,-7.10257911019344,2.4444170928272686,1.4243671038667296,326.43048871478845,1.1285457749884076,0.014464951517678204
72378,-5.369662114775583,-7.802859908685586,1.0726905161254163,1.621209137207147,374.3214277112476,0.1348924583930673,0.014465479930426739
72379,-5.591528871184734,-9.463864597531057,3.9819411089504904,1.161200278925035,468.90004487389393,0.7760187955847275,0.014467528721515386
72380,-4.780255469145888,-8.939537396821251,4.488588986514279,1.7833007758292319,466.51629034503316,0.12310600042686382,0.01446780675439563
72381,-6.879124323833917,-11.238867827792212,2.006566360467545,1.1754509286994033,467.5137772750567,0.2094865832615902,0.014468809564651887
72382,-2.3770335992075573,-10.955182583928444,2.121304720827582,1.4443401639578013,326.43326012236247,0.018543195216215835,0.014471382850425363
72383,-4.888273146911932,-9.76733048569599,3.6154853127805575,1.3389854772076675,327.8143265045707,0.3745240366968705,0.014472811948100786
72384,-7.207785055437331,-5.685635296086985,5.012956491037142,0.9338135172692852,203.7667026117579,0.010794764485779318,0.01447286985098144
72385,-2.7073628474188176,-12.425630750862613,3.1540675037709116,1.0002267887486218,468.6604496400756,0.6300948020494559,0.014475088680730715
72386,-6.873281624925982,-5.484432529637825,3.7108068807065644,1.1189198044849185,467.1236428310439,0.13340453259268514,0.014475634430858777
72387,-4.285608609559185,-11.663999780504456,1.525688764731363,1.7793198631776566,469.9019255310383,0.13021681335706514,0.014476005781654123
72388,-8.442579657714061,-7.91259784505722,3.2123681242382545,1.4039100431067844,468.3569000471598,0.3399769812370872,0.014476993218472832
72389,-8.174506616193728,-7.661145102234236,0.4277568282695633,1.2395169174990959,294.24653866127204,0.1587743870537821,0.01447809321802261
72390,-8.15600907137469,-8.117676662565326,3.6010278138687877,1.0560107411621262,282.85135762645666,1.131745059293948,0.014483321805569237
72391,-6.156593735908155,-11.335149947336006,2.481763097922127,0.721246036318641,158.8180063499942,0.12631037456141314,0.014484504165697312
72392,-4.840795104690745,-7.358842233793752,3.0620687614977826,1.132277350985365,467.64216355067856,0.46923472584236414,0.01448578091786587
72393,-8.434229860277886,-5.32276064887664,0.3377163738823171,1.7485054052482627,443.31269343624126,0.3112374165132685,0.014485801910453596
72394,-3.871210032575142,-7.659870700676239,4.754087055314666,1.7104173370397449,368.81500267371445,1.6555614579304008,0.01448793966826426
72395,-9.056989056708343,-6.5213141720154715,1.9448406940486493,1.4335514110192216,336.0656660327223,0.23806997814019049,0.014490610761529396
72396,-6.778371712092252,-6.088954624604395,1.915274610888097,2.72735957671279,476.505363838788,1.5954192836181464,0.014493199967088755
72397,-5.807691660821925,-10.727600262644561,2.8838913972597306,1.780753827866536,377.12139965853873,1.592236791744754,0.014494550558752615
72398,-2.331027027271918,-10.63425967388756,1.039186643214742,1.6724137513245676,401.1552605312872,0.46457223688819393,0.014497833425804692
72399,-8.19600081746434,-8.909703992992693,1.8399105917946985,1.0562420584267354,285.02736743912874,0.46393064323486843,0.014499928050494907
72400,-6.516851799640854,-11.398776547271456,1.5200739054901504,0.8639247689590285,416.26926598645906,0.15549243590222694,0.014505108542505904
72401,-2.5401561266121835,-12.914908907366002,3.6484090184578366,1.8703867248668318,467.9343882804644,0.320789070824147,0.01450566706349877
72402,-6.852963381517056,-6.603184613499917,0.9564094319908214,1.6121126979046245,380.78895013832516,0.32205982417237333,0.014507236442304733
72403,-6.8855013189746765,-11.036439003573378,2.2735512129655175,1.0589714620191104,189.135622451816,0.0970301742478723,0.014507295596363271
72404,-5.528271444840776,-7.592278573812789,1.5684890527054325,1.2048341020755307,149.43794366585232,0.2702819745393148,0.014508934572149
72405,-3.202947268185299,-8.013613982352643,5.0542088517947095,0.950051187425702,467.3173132339245,0.6030829538790545,0.014509552552599505
72406,-7.7316970292236995,-9.094119110756061,2.9742780830354887,4.643708461890907,457.32593264610875,0.0029805854090083628,0.01451228884048546
72407,-3.273897941858844,-9.600440544462863,3.743655457532284,3.3569632931519777,520.880556849686,0.8041390873050043,0.014516693027785516
72408,-2.623745252354351,-12.629652165066375,3.5256677211622134,1.3128178149558536,310.6618045803199,0.5212797856342366,0.014517016955678317
72409,-6.213105356278204,-7.264995664141547,1.5567687628422247,2.1209639435158545,419.4187344193303,2.261945920574738,0.014518963079847885
72410,-6.74677925063091,-6.1469005480676975,2.078323327095461,1.2582300595152556,316.7685380151421,0.48404819204475746,0.014519104776704154
72411,-6.2587636417821075,-11.923973863999706,1.3760111708619667,1.4828072630535496,328.5741044776499,0.9519175177594477,0.01451973695094606
72412,-4.831161454415288,-8.672620336744483,4.768108651163336,1.4542387660959435,310.60753210674307,0.4235818773676572,0.014520788421459404
72413,-7.003179780259019,-11.159012155421733,1.3471656060768067,1.456083986037029,328.2292113784798,0.28556085317940827,0.014521684779529448
72414,-6.281303481601338,-8.316669911919332,0.16166317015038043,0.681402000875388,135.500243988216,0.022776522142304856,0.014523885296188824
72415,-4.571768533941471,-7.626795254277306,4.807919515095506,0.5161820606300104,116.03478222822153,0.2287939102693226,0.014524957788548341
72416,-3.488155935388325,-7.624890258843327,2.108620922783314,1.8162924972921786,433.70695556257505,0.14726195839734402,0.014525391608866732
72417,-8.757389694004772,-5.250664626353457,3.806151468532375,1.5409762246368284,469.70233955339467,0.07684781621923253,0.01452691029655681
72418,-3.929992594243446,-9.737118332965592,3.597995250039686,4.687598886700609,239.83002682349826,0.36952976687708894,0.014527982916727982
72419,-4.612415546801403,-11.328959986781898,2.359099452503364,1.477844645975243,335.1980249132489,0.9438520822855425,0.014528461450876442
72420,-5.9665337647940255,-11.726527430756065,2.057838327183507,0.9601874583518455,467.6776372143915,0.2073078046193393,0.014528964806604419
72421,-7.9125721073603374,-8.119925649538938,0.3650388127174137,0.5772410607693397,153.6293932798918,0.41307410207875517,0.014529745569557292
72422,-7.4300845503955175,-8.618256708417686,4.215637548042159,1.5411584070170894,460.1393803970545,0.31933068381562624,0.014533093000836354
72423,-6.774797002552952,-6.222090650859782,4.438838805264006,2.1631167217075684,423.29872786878144,1.9793972178989856,0.014533937728156905
72424,-8.959286709343143,-7.024049317896494,2.795112134017754,1.5079412857192434,346.9844824205771,0.06694383470887733,0.014535637742120291
72425,-5.244482741247524,-11.203721271789302,2.5150900898874307,1.7352084744668959,410.5254790627959,0.1323323197389774,0.014535793204956108
72426,-5.92332347622626,-6.9932254768588615,3.2507092631134196,0.6122235635657232,185.04851011289657,0.9894427409035265,0.014535801707264675
72427,-5.025985456057525,-11.539427737182457,2.0407029580591174,1.8443822500948175,441.4699594816662,0.17498347751609522,0.01453806165073051
72428,-6.938320416974597,-5.1157165427506595,1.910507323888264,1.204857033058727,297.1349399511988,0.9885497595359451,0.014539780866734894
72429,-6.999663301513448,-5.018097954969376,1.5705037279588205,0.8219570848872695,167.3117360628252,0.7413247427993594,0.014541075331741574
72430,-3.540268946338207,-7.5512049662916505,4.412879343053571,1.769679301602656,370.8995729461923,0.9719131668413867,0.014543497128150005
72431,-5.295459619002189,-8.589536274840725,0.180669697871,1.0834077114731953,466.99489620095443,0.6138605269226813,0.014544801989095947
72432,-5.332046406950107,-11.95094708797974,1.440551454423172,1.8891101193245805,454.5945854617134,0.5235277464066765,0.014547763833566926
72433,-4.506084927587915,-12.47903000511751,1.3815459859408286,0.5188401014868601,131.98536056227204,0.4679822493363206,0.014550024993486616
72434,-2.8825840736078723,-11.871920981948557,2.0380500352835593,0.9455584347597156,257.7755581229846,0.5649223413762838,0.014550430203642547
72435,-6.210223496056454,-11.004762942575885,2.68824157308513,1.657802648236205,468.55157623622625,0.4739842685979587,0.014551821939323362
72436,-6.534038410112051,-6.790543062034755,1.7969463710917972,1.3507118743189581,321.3929406414828,1.049682547686058,0.014554664839516758
72437,-2.541572824074465,-12.74439529787689,3.602718911331861,1.064455903227027,467.70058920496336,0.936159813983477,0.014554745074889259
72438,-4.616067335145914,-8.073361230663146,0.8190727556839354,0.8212252349466254,469.733715802059,0.1139176216317841,0.014558874420861689
72439,-7.409326488892187,-5.129407016067617,5.055409627091581,0.9541190621543637,261.1393181779179,0.25114671467391503,0.01455993644132667
72440,-3.4065216125076523,-10.739701661122034,2.7360346779194358,0.6583218971982564,466.32649451850835,0.4213832023903059,0.014560302709867846
72441,-6.648985634623162,-6.290687945188967,2.316386843944586,1.0791306335962096,289.22507415132054,1.1118601352795618,0.014561165964317049
72442,-6.258690793457045,-11.560209960027896,2.306261866420316,1.8186355235154419,341.96635166656444,0.2431070768738275,0.014564785547959595
72443,-4.410510037496729,-7.393587669550076,3.2799116647939193,1.5892312381967277,355.87456168144615,0.6469285550162018,0.01456998560934575
72444,-7.13671665992889,-8.428384293606012,4.79741010246273,1.7671651816110168,418.93541587901933,0.18956566113295015,0.014570147816754846
72445,-5.984045509064914,-11.542501939026987,1.5548984456082768,3.1807370386751233,499.78497737208556,0.5454146864774474,0.014572609633186894
72446,-5.686448823657242,-9.44628870037307,4.003812205283747,0.5228918578211239,109.18675064765071,0.2655849811241717,0.01457323789126663
72447,-6.9570422045435825,-5.29738093436713,1.6942398650893922,1.5222418695973783,468.57965895650324,0.8132484138806317,0.014573270113135108
72448,-3.7992079834173094,-11.354228183778057,1.8799634707976551,1.238671060052032,311.9321220485571,0.45312569048119844,0.014574742678949265
72449,-6.748325320416373,-6.116098427675503,2.052583074250234,1.1348747362626674,466.776393474281,0.5736269222695887,0.014577853113795754
72450,-8.854317707529605,-7.478763932851121,2.488321574352988,1.2737809812366623,306.96343580408706,0.43660945413206687,0.014578554491190722
72451,-2.6021054076239603,-12.099721195626262,3.638238577057383,1.6274745978252998,439.5924125553987,0.056629032179089656,0.014578859611486547
72452,-6.150637092718929,-8.922954350571949,4.610867664730779,2.7724376739832772,480.65584970058774,1.6440134554103993,0.014578957823524221
72453,-5.823716125181285,-7.179382066130175,2.3769563154487865,1.0681847106879467,149.78392678198122,0.2485382188002827,0.014579200050015177
72454,-6.765331193265357,-6.608502148538286,5.061124626489078,3.033354754359325,425.8641762574024,0.13252946170578284,0.014579645410474237
72455,-2.595994159167738,-8.436183869895082,1.2064302831398328,1.6103734043402602,327.75343340224566,0.1763984532202807,0.014579689541385015
72456,-3.1362716273650744,-9.310632053380372,4.121173376985885,1.2866526078534946,468.4166146994782,0.10800556352473034,0.014583320402380848
72457,-6.025621479270981,-9.047278565367773,4.46437485210787,1.0330639683115512,251.93349792321712,0.8336795876096064,0.014584399324060925
72458,-3.794966778152178,-7.7571735348497635,4.906307779236186,0.6269266774202517,173.0761385007616,0.2697490992597844,0.014585209862939041
72459,-2.5296753667879806,-9.179508684943116,2.692033123095473,1.2196202400888125,254.4263860703829,0.07130429472755662,0.014585278648861754
72460,-3.3431326296594897,-10.8094269803603,2.6839627835403492,13.738587402730396,803.531848578681,0.23025526835244126,0.014586935649107778
72461,-5.338519259566487,-11.576634754826607,2.0368010422107834,0.9599319152840874,466.5437380625009,0.6961453085679139,0.014587463128707111
72462,-3.6857401425216016,-9.811097506281982,3.5267813161871833,1.0453743301583933,273.2094102010932,1.277191459414163,0.014587738337381192
72463,-2.8558084142338416,-11.854171366193894,2.738347326765809,1.3354118251103402,166.8851097940766,0.22849798993418258,0.01458961566337034
72464,-3.0006902405229283,-9.557975763910537,4.021006990617906,1.0205820864924282,467.9741138724433,0.5355670661637797,0.014589646817536866
72465,-4.3982660477164295,-9.83819050005605,3.519233399380701,1.2528696219144,310.62210175576274,0.7813470446306043,0.014592944023448696
72466,-7.42116505879798,-9.662251830617972,2.837825535931665,1.0259186725692888,148.10864406874845,0.2371913004276367,0.014596407313520222
72467,-5.567708217495478,-11.162638691688842,2.5695476692321986,0.9703366427000208,254.49877346629714,1.3742908177667976,0.014597537465512619
72468,-4.277672607065951,-10.179689023344526,3.209300406414292,1.1629751018695091,195.56374758117332,0.11400281567665527,0.014597827485357874
72469,-3.0015076109070327,-11.492115974762385,1.7417895783950919,1.2528761752718647,263.5312160567424,0.05669184866163057,0.014599555420129869
72470,-4.869362527216657,-11.765223116442131,1.4884936993448605,0.6144280374161256,139.12767648285543,0.09868384804447228,0.014605270452367543
72471,-3.1094164602910626,-7.5473263365757015,3.0176402594087035,0.6763597845065107,467.29370251549807,0.4062741206562954,0.014607489268866626
72472,-4.792115123666319,-11.45085536225509,1.9489036075834845,0.6600180817807527,156.33643922966948,0.2281272379900221,0.01460985467574703
72473,-6.7527364980410844,-6.105422009792242,2.0417987315647177,2.142579908594729,203.93155359549306,0.3409438354910632,0.014610687357695714
72474,-3.019722615030357,-11.5208434810451,1.6637565055514973,1.0478711315727423,468.1702201788247,0.0474972254451167,0.014610692112047364
72475,-6.381998359751272,-7.394140983296669,0.9910597722077962,1.1073078471527864,468.0463485249265,0.8504451066078351,0.014612822062051967
72476,-7.022245988205379,-5.816945635905606,4.69681883202685,2.837583231215394,481.08615881357565,1.007180918424301,0.014613364997871586
72477,-6.807332650347457,-5.8392294426636004,2.200167536658829,0.8841058074115221,252.45502879023397,1.492950055942896,0.014614002582549641
72478,-6.542791178192605,-11.543273835908394,1.4108597726927832,1.2820221264778888,317.6757992201352,0.49372007717069,0.014616693448534628
72479,-3.5182704362604857,-12.550566264987571,1.3764206395912093,0.7802480384462539,159.1000371311466,0.03906578907418723,0.014617166363505674
72480,-4.372294038322999,-8.771746454404127,0.12739669814354265,1.8767678567905575,452.3630147898895,0.018407977136566167,0.014619954768617258
72481,-6.801248833324944,-5.986954667600337,4.119595995248788,13.972776870252815,658.6816865679973,0.05396076904522662,0.01462091493324452
72482,-7.010194943774883,-5.319586167884124,1.191735217809434,2.624492368635834,431.40012201882047,0.28523693947585116,0.014622150190839154
72483,-6.712830090615373,-6.544932995042402,1.641457804166078,1.0879253856071442,466.9583330179754,0.13735558445333673,0.01462245015747143
72484,-7.075889556276743,-5.746345111184881,4.776744089367975,1.6404936096490819,470.14788197379806,0.16132760246530253,0.014629386131674388
72485,-6.475290186765749,-7.0809202836197676,1.423114732854805,0.9945598472217875,269.7787881392239,1.3652715911321165,0.014630254630489187
72486,-5.462030686749989,-11.090130481476104,2.6021218163016906,1.2186549704594638,261.87064254671685,0.1721330824360363,0.014632516861764786
72487,-3.66179987947048,-9.580414926760898,3.745085247591402,0.8394980336882094,467.9180122225184,0.2560835023606103,0.014632818135475734
72488,-4.964564095232372,-8.403367889901425,0.37038014469692215,0.9495959359169657,129.52942955592573,0.3393041388792142,0.014633140885273415
72489,-6.9882480395813635,-5.0578808077599255,3.950029357750316,1.0631738495157488,468.08772653364366,0.9069366046977514,0.014637572518297962
72490,-4.879610733644794,-7.789882446010404,5.116460338724503,2.386030053130875,446.77329227195565,2.27516006892336,0.01463764133177563
72491,-6.390273849451196,-6.603792913203839,3.235432493089544,1.8219380025021468,467.4418179107265,0.8046028055703873,0.014637918029912218
72492,-5.5289135088153945,-7.240902196609493,2.673003063712072,0.9716111126174176,195.43075334891375,1.1489143415350123,0.014639600188214273
72493,-4.648086447817342,-9.463742100876118,3.906768292228452,1.595154323198265,367.7010545385637,0.5197790830822546,0.014639902402269407
72494,-6.501442042691375,-9.424330596638736,3.9824354070958368,1.0041114042394366,468.2400586063636,0.7735300765113644,0.014641440578141773
72495,-6.576081152812664,-10.603902809544866,2.870307485030563,5.428312024125778,612.8120257041477,0.22131587076454995,0.014641616355309339
72496,-2.57667324143854,-10.301775507747337,0.17003933636911153,1.0047136042274203,262.45376177006057,1.5495734722717174,0.014643699705947184
72497,-6.718292680402197,-6.602421737481046,1.5279362809585761,5.215978670457313,632.0059782652603,0.46957748908767183,0.014647380167797394
72498,-5.848516701327959,-7.124912285753647,4.328887805095465,1.44502832999368,325.3236999292417,0.8707034887058756,0.014651427262657031
72499,-4.338603338929856,-11.36887078341776,1.8544920296362242,1.5164080160217075,350.2256832642029,0.37743153878252667,0.014652192593836082
72500,-6.651501388844747,-6.238703059262573,2.440916150806247,1.1027289837857663,285.8862290944654,1.5218064209385291,0.014652465015459751
72501,-4.221664751401009,-7.595795570558674,4.632500943135715,1.1041008018057297,137.80093522410962,0.34518778886261803,0.014653124381784842
72502,-6.061238428750993,-7.6835949858330705,0.8904383191168984,1.7105764765421478,467.63268292054477,0.05905276647059576,0.014655226662732557
72503,-4.7337088859634155,-7.681059424435835,1.7432385218702418,3.2318657458801585,517.7838441917339,1.503099300036875,0.014655382142980134
72504,-3.875866203651505,-10.846709395939891,2.6674096002273733,1.3371464656708043,326.063959664003,0.43860225684992127,0.014655517872481835
72505,-8.317752776410188,-6.683908821980811,4.752277507409181,0.9912305478095986,198.06524834569916,0.0622862626601659,0.014659876967591464
72506,-6.262086290173622,-11.722561977731138,2.13391878162223,1.189042634087263,163.31328065824664,0.25838351833410034,0.014662209302944453
72507,-5.033387198761535,-7.331051797009467,3.0870528071355463,1.7043387308578524,401.3297520465263,0.4125342522204525,0.014662748115167032
72508,-6.813561852243301,-5.675496323731829,2.4314859082104547,1.4173282776687774,310.4648018824627,0.6873575099587859,0.014663264702824662
72509,-5.99809095579641,-10.634742626194454,2.9471653954249897,1.8095251899589802,266.43325620141735,0.011087052540505127,0.014664927575693503
72510,-6.371242889670334,-11.659691975653928,2.1632022935250177,1.863499665852134,467.35650635945876,0.5191379967250898,0.014664944724749095
72511,-6.708442734541243,-11.15939736050717,2.3626530019375664,1.7576328645466819,468.872000834145,0.5696806555891589,0.01466647847019938
72512,-8.956357910110919,-7.300225278458091,2.0263445912387854,9.01135992050085,613.6960883417667,0.051585220066692195,0.01466724231771646
72513,-7.78225488992951,-7.682696607948068,4.890198825241674,1.1355233532435944,295.2586104167594,0.7231027364339839,0.01467013701609279
72514,-7.342143495371161,-8.570750232838233,4.390486049116997,1.6559586628972276,390.78915846286617,0.910659645047887,0.014674384685318476
72515,-7.087325933952766,-5.497338928906014,4.609607069266336,1.2949711785575149,468.4664363122646,0.3486781378845336,0.014674627333963942
72516,-6.449975215426736,-11.381863648658655,0.09034793333024509,1.0920555328594344,238.96367592807042,0.21231351013903055,0.014676586170551629
72517,-6.457849301440373,-10.76138472861354,0.0775075215761513,0.954648727267066,247.42889389213087,1.413192014935695,0.014679210850902673
72518,-6.127769018770397,-8.375438871203574,0.16965694452030203,0.8422241083172609,156.77067237873686,0.1838960936051155,0.014681438800893011
72519,-9.007449252327914,-6.340812551405669,1.2524799615412485,1.1576305598964074,285.0629991074435,0.7647206370385726,0.014681480979270653
72520,-5.7328207264056354,-7.902757748562583,0.7716066848554858,1.807891629855346,431.69484411364766,0.6747329371059463,0.014684095135648438
72521,-6.472129263307677,-11.579406501230876,1.9499031594524758,1.868888562055537,467.6451481571965,0.31562425383655324,0.014685384237610198
72522,-6.241935634453947,-11.00291882568367,2.677030780453642,3.156325963284124,457.72369175895676,0.18363881259015624,0.014686718742094923
72523,-3.098689479439983,-7.578013984530705,2.64506119983505,1.75721350667691,415.99834471369184,0.46349654548866415,0.014689196844739679
72524,-5.977972266054508,-9.894771032846492,3.561400068599274,0.8967508114407666,234.9236962844465,0.547946337733328,0.014689885363827327
72525,-4.580831905448863,-7.389892241846242,3.09162118183677,1.2098251829220767,257.5252741605245,0.884894137670071,0.014692290095245175
72526,-5.2744774077064305,-9.67061513797315,3.7373151539716214,1.7559987783736777,416.34271723374997,0.22847873306765454,0.01469260354436439
72527,-6.698107235216126,-10.863454140378119,2.6005852197425123,0.9273123964915211,467.45910123354116,0.43925580932474073,0.014693653078292472
72528,-3.0847523618734183,-11.522024777144848,1.6053314274672257,0.8494253580795639,237.24805064702187,1.0812003303029964,0.014694100588143993
72529,-6.613631472286858,-11.327907494550391,1.7224947892069944,1.9753979020062016,394.4357767574428,1.0659578016126972,0.014697297218184356
72530,-9.07557200375609,-5.067353247070403,2.5154658703372035,0.8611921511599471,207.57010775079743,0.6679572757187113,0.014698275601729018
72531,-4.767947200320965,-7.352382474124034,3.6013583105485525,0.8556365258405032,202.70533353692568,1.0830994379952097,0.014703802998848218
72532,-6.658458844992936,-6.146848414361995,3.03880808158283,0.5846002999866289,119.65198714470444,0.6021138713513094,0.014704170422296391
72533,-6.790273003821819,-8.40590796842418,5.055590087440445,1.0115219621229659,274.7561859856358,0.4301289561589563,0.014704281699944421
72534,-6.158238712873159,-6.842348540824813,3.4450695094732557,1.112093285024907,287.50171417430613,0.9295902434096988,0.01470668292722576
72535,-7.078629588000274,-10.409301359104871,2.5801416880818864,2.5025835657854705,456.92488078285294,1.8537811401582287,0.014707772904351775
72536,-5.340281871879905,-9.535730108456931,3.8743771936849503,7.113119814663065,394.4322693919834,0.170394792118306,0.0147094042617876
72537,-8.976501060841104,-6.685799468734362,3.0256337517669447,0.7529645050931993,467.63204391083264,0.5175675069576755,0.014709489653036074
72538,-4.140455953922469,-8.035693130426807,0.9368881446789691,1.2483157547400574,303.4877853293667,0.4644754132593043,0.014712119518933755
72539,-4.706266234636841,-11.422093288193963,1.6767739346691137,2.345086428815469,438.5756649912249,1.2951376665953962,0.014712224465268155
72540,-6.909887316385008,-6.321415966630515,4.960201273108034,0.8544785205284331,246.85433505601608,1.6222150036719754,0.014712804070795383
72541,-8.822768953615915,-6.360417978143877,3.686557927904101,0.8723220483019036,469.1691872959696,0.10131623425966829,0.014713811468993228
72542,-5.406054623998623,-11.592217839719602,2.199526652669494,1.1985191824265056,296.9265615436976,0.3084264181589793,0.014715380552171512
72543,-3.681382551382093,-11.37017136928076,1.7096988067246621,1.600469765182591,355.9522541160885,1.788141764328386,0.014715432908115516
72544,-6.773794463148674,-11.291289591049253,2.1505507393049377,0.9925341174211402,274.3279447566967,1.6913408855008383,0.014716683751199148
72545,-4.346145206600921,-7.593876387967836,2.0906982177546563,1.2460272414285383,138.3083879443819,0.36002421159916764,0.014719097048376319
72546,-7.242795985441752,-10.576026971341106,2.0283386680608784,0.9660013773849144,467.2736743973178,0.415079141687956,0.014720565372187647
72547,-5.3017175782880575,-11.573223173686985,2.1616757159818563,0.998317752388083,200.46608585077774,0.7995514950692941,0.014722058392897903
72548,-3.0152497506586773,-8.192624141680795,0.7972785719314287,1.5334431400094128,354.597446892377,0.23121989260212583,0.014724862746925676
72549,-3.444269934309167,-11.330587920235098,2.23431662398345,1.033120882803257,467.53785697114665,0.412432870157164,0.014725648729391189
72550,-4.306531614685094,-7.569414373389889,2.1994982855006087,0.8872683739704071,468.1471000577534,0.882989325413825,0.014725766369574015
72551,-5.453921956488891,-11.728914960702973,1.4837532870046721,1.30830684813589,278.8233109660415,0.23219880821403738,0.014726140897201838
72552,-6.107796965949749,-9.384239589185807,4.080554195993904,1.4777704467043575,173.61626223512388,0.20540101821051948,0.01472835911193745
72553,-2.852087475299422,-12.43523902536389,2.259353528630586,1.042034177831655,274.9940225310815,1.7987505793786243,0.014729157467358082
72554,-7.345901253792392,-5.111004556535026,4.942939098644642,1.8223206029488428,467.9612220494292,0.27559271736119495,0.014729422294879535
72555,-6.072911097594373,-10.636984894415253,2.9448484959958194,1.2136004693619735,306.4353588897178,0.6834377401794205,0.014731747763760458
72556,-2.522577283661187,-8.810286424281141,1.1657255117486625,0.7574449499258278,173.49884872006507,0.7248253008062067,0.014732256311550122
72557,-4.015684281722271,-12.8783963156463,1.3519715833146444,4.04719271344091,571.7533773918212,0.9502688188471788,0.014740191868413063
72558,-3.5135935050031755,-8.82760049908537,0.09774715914407675,1.6191069974481498,355.4285112293886,0.602955984062354,0.014740475731788735
72559,-5.570565057177733,-11.62408891531817,2.0260615517069245,1.0676121698232488,279.8796018957767,0.466525250730796,0.014740925722965972
72560,-8.040355613075137,-9.523550759436928,1.030661110434703,1.7405592262183431,469.1277223457925,0.6342117534262748,0.014742476820019768
72561,-6.231200813869514,-9.847063590836466,0.008248069123633052,1.1200282069356526,466.48785698188857,0.12387686945824683,0.014743041082748647
72562,-8.224051589903018,-7.19592436273101,4.640748850162674,1.0756189469205857,286.06065065056936,0.46512875749962657,0.014743591263973588
72563,-2.6349357898866756,-11.082686892311653,3.7760540823222164,3.1898429283730976,359.2869793291094,0.02196990753871919,0.014744791615508655
72564,-2.738365833123485,-12.984400030432074,2.1132023102046933,1.7891692503580123,427.2037641825515,0.35815869475258744,0.01474596083090053
72565,-2.38043089668213,-12.279231079551858,0.5095926529043778,0.8401907529260213,339.46275332512636,0.17934711511801993,0.014746617302171399
72566,-6.18469175060631,-12.908479389578812,0.06837690868452627,1.915570139016748,386.2368410820827,0.885088005955164,0.014746633977786824
72567,-6.478895417835739,-11.097193864454649,2.5477177073056017,1.7365575485719784,343.20050059069996,0.23970508505469557,0.014748085204067406
72568,-2.8651197814463263,-12.435363848160955,2.374537657111427,1.013451445163605,212.495957112993,0.00023947506727228784,0.014748224605949765
72569,-3.1586266267699026,-11.362155839782313,1.9408056371814797,1.033877852210327,209.17330660832266,0.33458657917833534,0.014753033371125615
72570,-3.438113389604883,-10.58738644994363,2.8424360525785968,1.2333543934790143,288.974712712534,0.14271892831695698,0.014753774292570928
72571,-7.892934603867727,-8.129948032160076,4.133080435471665,1.8301096344491792,375.35884018111244,0.9239093103236407,0.014754110898569603
72572,-6.037479608477926,-7.3121192291975525,5.154960509550611,0.9671153528493823,236.95780327374055,0.4132526925184621,0.014758916971423888
72573,-3.2457738162089145,-11.33809813328278,1.849168776050558,1.5744206958917188,468.0614223014259,0.33844740099708215,0.014761486602936795
72574,-5.073779216173132,-8.559300819270259,0.22768621218735108,1.092373849304916,289.9437802224478,1.6323549389826102,0.014761814814615509
72575,-5.1172760169957785,-10.800878346925003,2.76359384655915,0.8424546544457104,172.07535067664844,0.8264100515196828,0.014762493019170736
72576,-2.8124454635322484,-10.045212790786275,3.9257116003674275,2.5794753017900107,464.2194974784748,1.9505934169659467,0.01476279327519663
72577,-4.291905907020693,-8.043374882031992,0.9098701186140876,0.8773994127570612,178.09610454012332,0.6089142433227215,0.01476859258803345
72578,-7.318280206014045,-5.438936487302443,0.24021230270209834,4.396989905216143,303.28368528445475,0.2423275401511349,0.014769819512728603
72579,-2.921851027483137,-11.875289635325487,2.467867997689481,1.1349553300258228,466.227361692705,0.09035424121343638,0.014773465271426036
72580,-4.296113112628309,-11.415035392316002,2.122228006730819,1.8745072581846371,452.183935465297,0.004730774794520443,0.014774189793362808
72581,-4.69621450406896,-11.446674800492422,2.1732230399154613,1.0764438392511602,230.1922397329891,0.19238237621201026,0.014775420900586192
72582,-3.2170434420257896,-10.417351233994326,3.009727849344899,0.8930443169080986,227.25907138154423,0.7632818964671921,0.014777671661344166
72583,-3.171608326823609,-9.813924037611338,3.563985139050403,1.362402946487979,330.9635867163332,0.5363449794756123,0.014777671829301758
72584,-7.591448022918168,-8.780642437468158,3.722450349203398,7.4652711364796085,575.6482515567471,0.044013289643555886,0.014777724963446422
72585,-8.277185588773907,-6.4265237726394515,4.8622937870393645,0.9926977982063421,259.6308109334426,0.6377180341053776,0.01477819353598501
72586,-5.170711868017899,-10.471477563667428,3.0146810853619717,1.3706336109526942,468.7157770443011,0.24632972480783444,0.014780483840116893
72587,-2.833151843051387,-12.770468592741382,2.3353287886078955,1.787343578414045,466.92811981364383,0.05497664571858696,0.01478147206225252
72588,-2.8440565405041145,-11.828071392179325,1.9036908442602554,1.3959281454141996,330.30560434356914,0.3446048299016091,0.01478201539576095
72589,-3.243559086880021,-12.895410732493108,1.3560541454257922,0.8394543279716833,470.103203331769,0.15801358246702435,0.014783617594371187
72590,-5.0885629824380825,-12.245382707547675,1.3948045772376432,7.373535367791018,295.25047094642815,0.4605478768420026,0.014784210032762327
72591,-5.279558485550994,-11.656519861679325,1.5161848239027405,1.0702790396072328,285.76654292636204,1.0786961895797686,0.014785713940257107
72592,-4.795582089840613,-11.479356168935437,2.0617577733380243,0.7678691590775888,163.12537513356952,0.05401373765986861,0.01478606980473226
72593,-2.708050755901656,-12.520120672688583,1.7879027170566437,1.082633642266467,180.67467278612608,0.14809497219946088,0.01478951992127624
72594,-5.75290494951454,-11.650925915129164,2.200269757069322,0.7308818659961315,160.66960974308134,0.3693636566033307,0.014792802457577739
72595,-3.2808124182216067,-7.81472695239915,1.5869687469810376,1.731730888815292,469.74449506222766,0.004840086217555495,0.014793803112858385
72596,-5.893557889913055,-11.594491701924678,1.9190714051733504,0.847272456274458,195.5022920227811,0.7395637092347824,0.014795369856913399
72597,-7.303442737534631,-5.256489591237404,4.941377489835728,3.2644146521166664,520.5482768022217,1.5570153387876795,0.01479622679195448
72598,-6.788297389940677,-12.034469602740803,1.2181016937758262,0.7371012095306035,167.75705683240005,0.3932748520072611,0.014797998469090835
72599,-5.602734076025227,-11.251503781009767,2.4922894258431834,1.0623795670971288,284.60048462642845,1.4772575062464153,0.014798794027394296
72600,-6.259330645939571,-8.612304411404835,4.9535222691420895,0.7852199234571128,177.1906924972443,0.21194651617523075,0.014799480740505877
72601,-4.273145529835705,-7.438647435960982,2.923479674403645,1.8095699598143415,430.51908402578397,0.4378671172215256,0.01480177163742114
72602,-5.12296877832835,-11.505776110975063,1.5872777763732606,0.985739110511064,212.23728583505908,0.15449149779008042,0.014801839092671161
72603,-8.827374238924982,-7.253238671905608,3.0629870463316404,2.1157497810421755,414.4024014195894,1.273348754550856,0.01480185690211353
72604,-5.669900258347493,-8.984119557821224,4.508777614613039,1.3070228227050522,307.1193755583844,0.17113462971339022,0.014803644117395987
72605,-6.513016631524506,-6.41811371867983,3.2811375607215365,1.7626016583515123,468.26175379637976,0.6382417436526575,0.0148036943175884
72606,-3.277520561208278,-10.234179807504615,3.141845706288097,1.8397407671444392,467.54903422292665,0.4257128080713324,0.01480407199520123
72607,-7.501903264214853,-9.127543774018774,0.2998523888379181,1.8225075739162626,468.46334248647304,0.8508893568470208,0.014804647515713167
72608,-5.467865892622296,-10.727794857323333,2.8473380168536253,1.2678527377025175,306.0496009027947,0.22395151545377168,0.014808009733033527
72609,-3.2358710001974353,-11.180169573783067,2.4019864879953654,4.048133346349496,562.6152463810221,0.47292018040034556,0.014808312511945029
72610,-5.890570363509703,-11.674244255281302,2.069718405340155,0.5618999751870475,159.4660211380953,0.5879638220567349,0.014810152940086991
72611,-5.076132343489662,-11.487391813236012,2.2111019514354884,2.7624080477321082,230.03889505920517,0.2886597741545467,0.014811495285945312
72612,-3.363657688830383,-8.575513815544834,4.766700583787926,1.0105820986730718,468.3376423954029,0.5707387902322152,0.014812612244983639
72613,-5.322372646307861,-11.45807551364938,1.641032010872912,0.8013576903979182,469.0616726047309,0.17839049886935943,0.014815294397371778
72614,-6.458071845647349,-7.034780237935422,1.5561535126703907,1.048238422084758,276.8294303908023,1.4041195609575565,0.014815899488488767
72615,-2.7539129197810395,-9.780469888584442,4.3024500844429046,6.347853705911561,677.5738323052246,0.3269653371776835,0.014817491996482851
72616,-4.130194854658153,-10.087486242407763,3.2662429398215522,1.0206036600054766,276.7314597417455,1.635685537746542,0.014818078784437463
72617,-8.746774735149621,-7.9013768195689655,1.4690328141979798,1.4032250508816082,308.7659936605455,0.03850203096978788,0.014819571660263136
72618,-2.5073825798094784,-11.900265687267447,3.645141733797328,1.4975153558354306,352.8059255477954,0.3684152469692288,0.014821019943278965
72619,-4.668107273185526,-11.045963998956378,2.5456809545421275,1.2065835956379496,307.8411210234566,1.4057770649869914,0.014821398064030308
72620,-7.375296348795569,-5.4993521264873495,5.131214775970016,1.1120566617316257,468.7371621486076,0.8341408886201007,0.014822388073570522
72621,-6.114992562665907,-11.685581712534574,2.184744362660994,0.7254827534993105,220.88526358796972,1.4512215204723669,0.014826903819694391
72622,-4.190366736888286,-11.386752310689014,2.1345158775647644,1.22481385684814,256.4093451646451,0.43088376494861524,0.014829438739251936
72623,-6.3324310582746905,-11.654049965020283,2.038800528402989,0.7925994113119231,201.03248737279364,0.5120689151876041,0.014829627903181479
72624,-5.9728278303370566,-7.101001052841897,4.5265691128114725,1.8018910372824788,454.11082494197495,0.09288064139886476,0.014829638507667687
72625,-6.2411453700198205,-11.63721208058595,2.2142889932438536,1.8954959660995008,468.71272382390976,0.5296110242314827,0.014830753146474071
72626,-4.270089179138957,-7.407440080836856,3.405399236228831,0.9361488652928863,152.76679311261057,0.24800382110895036,0.014831589142941385
72627,-5.584253692284228,-7.424645186965536,4.9348211248702185,1.08890445796299,468.0664732564978,0.8682922579445664,0.014831953113676391
72628,-6.89880453128411,-5.06792158288861,2.7068689533812385,0.7881102254460943,226.1840193652634,0.7920020059376478,0.014835009641637642
72629,-5.657531847646926,-11.563450002265338,2.274375682510855,1.6958867123446317,398.7078192421626,0.9464661888368502,0.014839145940732958
72630,-6.741541087542622,-6.759430296304044,1.2258909663728967,1.5127345160611227,355.52128658493575,0.2377173662409655,0.014839463177606179
72631,-5.9864086863954435,-8.529305687465378,0.1212950110896409,2.5747207364017957,250.40629184833807,0.16365451034705192,0.01484065216107032
72632,-6.936152054362555,-5.347210427753883,3.837903648878832,2.523826189530954,453.5236973097148,1.0896785103175874,0.014844099147802808
72633,-6.164648084609128,-10.01158540941455,3.4419745784449667,0.977030726756481,193.27344313742407,0.6875844465842649,0.014845636728955794
72634,-4.714317199143067,-7.406380981148093,2.838414980385833,0.9883846795874319,274.34477904062476,1.62505830983359,0.014845647632276637
72635,-6.597596037462125,-11.486849586220284,1.9764182543424365,1.0763476075402167,276.6299292823828,0.6395773691436348,0.014849124877248036
72636,-5.056929033624449,-7.3138986287889685,3.22072199113724,1.0605488381272712,468.03174452066077,0.3822073021259724,0.014861604673831845
72637,-6.6286456873218835,-6.198663447825063,3.2096796915744594,0.8722230795644642,207.54178014517254,0.9396852200057149,0.014865787565695714
72638,-3.841571357109168,-7.938546877447738,5.037454357415589,3.460888251462246,479.90318094162996,0.18239134745523433,0.014868713236722711
72639,-8.033538818825738,-8.57471259470254,3.0849876778286105,0.9074997855369101,468.3016259905894,0.8346341100951902,0.014869197039451052
72640,-7.431976870621421,-11.425470334854145,0.6841372868540633,0.7025708112251005,174.45315683741651,0.18345111564022165,0.014869666092768697
72641,-8.246081212953966,-8.73685265683077,2.0458882215559693,1.7318424876934593,409.30814069521523,0.15664332108323453,0.014871557799106727
72642,-3.6496272136902324,-11.278963685366914,2.302566779786853,0.8883508696835756,255.51765358679697,1.233040471713129,0.014873089017441513
72643,-3.033498196275991,-10.272879714888365,3.2992209238152905,1.2214641139635947,468.35644858284076,0.008109011880603312,0.014873776688364882
72644,-2.803472853355747,-8.097407024449435,3.8095551397952128,3.7862248882248712,452.86786402050626,0.05695633090668206,0.014878056733249833
72645,-6.959410538211074,-5.584444347353645,4.239572029449226,1.1054927359772961,286.04933643589095,1.5567164904754849,0.01488016353835563
72646,-3.6335263121026573,-9.885330576839486,3.4376231864804327,1.4345513917501913,318.6375153455423,0.823471926742104,0.014881987575770696
72647,-2.739650670413333,-8.272665872048975,0.7511799322805196,1.1755858507232981,238.99462470537824,0.1887888307057004,0.014887682560304635
72648,-5.650052134786846,-7.62967978067171,1.378187761002014,0.9281650600605411,259.5117580636048,0.49225685371151595,0.014888986984626824
72649,-6.865396698437025,-7.597505482052386,0.3208438082001818,1.2101168888639608,278.04606514418543,0.27294788034000295,0.01488953578200539
72650,-5.8489635777167015,-11.457907445331529,1.6795548514637861,6.259147061044977,681.5534907532295,0.5817879565067807,0.01488965389284615
72651,-2.671377786582374,-8.215365115915866,0.9802384515185234,0.8476343852781405,469.66177001530144,0.13866158439154486,0.014890042236675803
72652,-6.257947957987401,-11.15998211919128,2.5555080805769292,0.8820952923873356,250.84321145896064,1.64153955835416,0.014890791936746648
72653,-4.420520554865979,-7.511235393723618,2.420762604967737,1.1751236298671626,298.6548537428168,0.2821374663057723,0.014892924236118994
72654,-4.671720437676603,-10.88221657656781,2.657912632155928,1.8510852803841462,451.76783270340377,0.7164037661941789,0.014896846227263151
72655,-4.623966424755688,-11.366959942893262,1.7668355950405534,1.1030259961448825,227.50107948265858,0.7383994461472261,0.014897561763682827
72656,-5.072763509836858,-7.325999720822395,3.9499154594603136,1.6563291206686863,468.1294995155334,0.571555510528893,0.01490264260173381
72657,-3.8515834649990923,-8.489774998670164,4.856529779212039,1.8924798962077687,391.6728952313722,1.556326492735585,0.014905053016038084
72658,-3.667333210385733,-11.114208990208438,2.4436570192266975,1.0986101125801164,265.1575413718248,1.6383903894886442,0.014905345736210385
72659,-3.313785431915848,-7.564430108733258,4.417680420511751,0.9243562279694806,205.42114214915802,0.14240479718807197,0.014905978156914797
72660,-5.163828255999231,-10.707418897784384,2.8293137352499986,1.645288182739779,382.3202304715505,0.03067070971613628,0.014907594441744413
72661,-4.113033558004565,-8.600062348468658,4.765114550533149,1.6260606003279667,383.7014008503109,0.28239669395963407,0.014909170736777836
72662,-8.778728186604859,-7.1399842108104785,3.381326748525203,0.8812762392922575,188.3490060437554,0.15524568596230903,0.014910174042499929
72663,-5.012094528473235,-7.58846803420849,4.893934851458858,1.075380216306961,283.61121228654434,1.8183107735257567,0.014910691327954214
72664,-6.836840710846043,-5.479032463593202,3.158131073448321,0.9573147032398186,268.53269808176964,1.1799245758516275,0.014911557359833315
72665,-4.4021889834947725,-8.763846305180998,4.625743178574966,1.0832686820443684,287.47594458753906,1.6608858838836165,0.014911728134380733
72666,-5.985609301807281,-7.368022179553288,1.6667172575215792,0.6956102084165994,180.80152355646516,0.8887844084958418,0.014911974807779884
72667,-2.882676878751501,-10.451623875660072,3.428414981031854,1.47037854036942,319.6732764376349,0.7529748781413668,0.01491461171956727
72668,-3.334326319685922,-8.003793515114626,1.0345204818409353,0.8295580722218232,194.8366634630236,0.3678136265986689,0.014916966645650296
72669,-4.2789339962854225,-11.3829130614576,2.0819536924192366,0.5177513557135212,116.9062525185098,0.03355927610596421,0.014917363607078647
72670,-2.89447004984579,-7.833782624935047,3.4685556007249634,0.8682951242126129,178.8080129334088,0.845371552394492,0.014920997635120224
72671,-5.871809285024948,-10.579992084450945,2.9720877469665963,1.069284316492812,467.3506655114485,0.25507641939077086,0.014921701429462779
72672,-5.894400870957501,-9.20515589720284,4.268562134390658,2.2919493846652785,174.51567355474415,0.3844277506459539,0.014921903896223294
72673,-7.286682982226049,-10.53326738186527,1.6601854167760732,1.7032587158449923,401.0514256887973,0.564741148131854,0.014923151870840253
72674,-5.84402485155453,-9.069616364521945,4.420833339014102,1.1178154069963915,468.0964429766162,0.7286787726548267,0.014926314870771843
72675,-6.796075179384632,-6.224337843269729,4.487216489360926,1.7007830908356905,400.58790699980887,0.5828066818910616,0.01492720303169235
72676,-8.293991201981157,-5.86234866978009,4.790233987531903,2.7997058836825772,483.84223917950607,1.881746078350286,0.014927900195023085
72677,-4.958918073292016,-11.46437491190915,2.1600373536045607,1.7823103048542963,450.2938058208341,0.6410157738007136,0.014930358903341167
72678,-3.4790439881383772,-9.597089807934163,3.7108628275042457,1.8187077646035203,468.36702218900786,0.2607847149095148,0.014930470092359137
72679,-4.84905553898729,-8.59747609797321,0.22130592905327567,0.7892912794882238,235.1449170391407,1.1208430544208356,0.014930490447916658
72680,-7.329007118941899,-10.393107684914368,2.044225370257963,1.162002266835481,297.06936777939325,0.7372522413989211,0.01493374855195988
72681,-9.031950920469688,-6.899460454993621,2.0191003423870857,1.8565610851393004,469.72323627116117,0.23698560223871556,0.014934302717564804
72682,-3.6354643936639386,-10.757525604278332,2.705830911861931,1.5422303771474863,351.0951029266038,0.13247620442121733,0.014936934069589186
72683,-6.927371357091992,-9.647047235618878,3.5025117281452145,1.664345073578045,468.2997648703877,0.04168649173142125,0.014937962586022582
72684,-5.570117250095212,-7.697754976177651,1.2777985980181585,1.5392238079439864,350.09245641507124,0.19923043815966057,0.01493881521495064
72685,-7.995514057861148,-7.95938410991751,0.3881806686405555,0.9459832688676956,253.44487308704905,0.9941092394363737,0.014939949969521341
72686,-3.4244725067757154,-7.671875765357759,4.710565440389267,1.8681326367022146,449.1448089132288,0.13466190412369627,0.014941129847304809
72687,-5.4197205017563475,-7.268529896285883,2.7766339757967984,1.1430211453100698,293.2362116517182,0.5187050016745607,0.014941373203887021
72688,-5.045834786433216,-9.870652105497452,3.5126923270777235,1.7543545469409976,422.83590601983894,0.5429110010178917,0.01494178118419927
72689,-2.6943283728615484,-9.48683235872357,0.007375395353909672,1.1155363909904832,287.5758732641935,0.5243952876481011,0.014944178331166291
72690,-3.0194099620867796,-8.491911853757918,4.998749291040446,1.0236751388259417,280.3025590061356,1.2325727708115286,0.014945134921778735
72691,-7.086937436864098,-11.122226493916706,1.2944389522322335,2.362944742965235,439.8930576589738,1.3254047114485124,0.01494616188321178
72692,-7.244767936042599,-10.210575816200862,2.4949900581547135,1.2981242012449916,277.07967445372617,0.9353640621793113,0.014947205633339677
72693,-6.168523415865971,-8.431779963371065,5.139653081269131,1.6760535150865252,395.03130783749634,0.5182718904794532,0.014950402948367407
72694,-6.73667949535861,-9.127876130175062,4.216044685106077,1.6039880557578856,258.88977474929226,0.09243394199280441,0.01495303887286859
72695,-6.159224883596796,-11.591615779974209,1.9208756693624576,0.9042246223573849,467.0298453582019,0.5842978258246427,0.014953724726491516
72696,-8.235495653184833,-9.094941754485518,0.894817881992471,0.6210123165477247,172.20777471754954,0.9007441413626145,0.014954212316744625
72697,-6.262185662955829,-9.043507123072455,4.448093710957982,1.127541869650832,204.57940060224112,0.09570323181685314,0.01495898313555216
72698,-6.513736268545339,-9.543440847395248,3.8389681235918474,0.8621083250723122,414.5686595861054,0.21972780729180386,0.014959514520624443
72699,-6.726191951466085,-9.873529360104683,3.4112550665791472,1.2847005382780063,313.33280728643643,1.0703037387618242,0.014959881769221755
72700,-5.376892622125691,-10.454526676258645,3.031687159580491,3.980173284506053,549.2778186099797,0.2255922990764141,0.014961053611692964
72701,-3.024387697585965,-8.88996558044797,4.654996407660528,0.8857166439511202,244.4500071358652,0.8759427243984863,0.014962305714634458
72702,-6.3168394843666285,-6.7483352434452195,2.7208864537791357,1.173979593382989,196.04313988083717,0.12976108881748605,0.014966691506795908
72703,-4.2023525185143225,-11.329266009577545,2.2411883712447316,0.8622118872449065,468.1706938608613,0.4911518680709763,0.014967469961845205
72704,-5.695390876855227,-9.850088559916056,3.5778722969880157,2.408353560864421,432.99162111578477,0.6683076442752585,0.014968346232476823
72705,-6.470592698357971,-11.477042584561266,1.8615596441614082,1.8742489450277233,452.2310128264931,0.13920263980050063,0.014969009940617003
72706,-5.612938004953199,-8.579354308906765,4.938690138838793,0.9898975921914056,274.46535625758645,1.2488290134461257,0.014969978339133065
72707,-6.397734487644492,-7.819567125985288,0.5151838271592313,2.0538804057664564,408.9174111583177,1.510055307571978,0.014970298837177463
72708,-8.264376015615426,-7.480585148381555,4.271378638361587,1.228202226607139,271.3895937444908,0.23514023832163744,0.01497268729320159
72709,-4.627402090489754,-11.389881932477842,1.9674052107801454,1.1582602950755383,468.0030618324337,0.3693103829360451,0.014975021833732406
72710,-4.159949740762566,-8.82556119454926,0.09641200277551519,0.8033409546485106,164.73197327619917,0.037882865503258145,0.014976749807082895
72711,-6.153929874809322,-9.21854992985412,4.253897007690915,1.0327231627714486,268.7135982084985,0.4440303307165303,0.014980075688135369
72712,-3.44816490985468,-8.65304465246212,0.2241570990101439,1.0371517778276713,467.8315177718182,0.6119649892454042,0.014987190684867941
72713,-3.958311030221859,-7.451923324619582,3.868361812879512,0.7250673364859013,151.14929330772642,0.015837814485581525,0.014987862520916655
72714,-5.550771339285428,-7.277036415537082,4.429020841061709,0.9827109429315741,242.31268648986884,0.837807182015788,0.014988794693437089
72715,-2.629836518864,-9.536307911040453,4.404000501197372,1.1167198375809166,277.3832889679387,1.1056972948210806,0.01499008495674914
72716,-3.920898272625532,-11.15245433787851,2.4027695253741674,3.3743599769567076,394.6265236005913,0.0014764131540028202,0.014990315506982725
72717,-2.974269203267612,-7.692328452657483,3.1459198884212936,1.146995005224413,267.8828535314639,0.6409986698340333,0.014992327796369626
72718,-2.8555420556030526,-12.115884189868105,2.567762282212009,1.2159756199758285,187.57901276273643,0.03314971219438778,0.014993160025926745
72719,-7.6288112497296225,-6.673663171518004,0.14516353015418595,1.794171205422675,428.65812053907456,0.811514929040376,0.014993223844298785
72720,-2.796326535065246,-9.288619343791051,4.631247173880333,0.9001694550212012,251.21625041309846,1.6284197687553172,0.014994419748921767
72721,-5.638271751013265,-10.97157522094719,2.678702093199266,0.912685832148675,245.39542831816337,0.15587215481573935,0.014997336120680318
72722,-7.69693795794515,-8.325217005681516,4.194074877940004,9.812384689239513,493.02898704097737,0.08308186093508851,0.014998320504472076
72723,-4.863554862751354,-10.616352649984147,2.8630002919073054,1.2482997634815796,468.0616388901034,0.7091360439312977,0.015001129083434263
72724,-9.029952590804267,-5.626135795519562,1.6750017401448418,0.7281138258250388,157.391249665226,0.3081803709914288,0.015001344231725272
72725,-5.285380972125909,-8.59870894874438,4.867174696509774,3.057162373479468,503.99192048005824,1.4964938568141877,0.01500240132738203
72726,-6.0115704563417385,-8.833040406958741,4.69864873435623,1.7676360249717815,454.765890183184,0.2826694182872318,0.015005793246446544
72727,-4.415722925022391,-11.385431779105781,1.6808999018382187,0.9553434834060359,224.10761387488824,0.45238042945158075,0.015006795292750397
72728,-4.452208794867828,-9.668314528822474,3.6732961018796684,1.8629549872262916,470.20555048263316,0.19414618010317408,0.015008646244707517
72729,-6.068238649835678,-7.874489379196035,0.6521063755013473,3.1413783222493468,494.9485047064887,0.5107321944570584,0.015010749699370139
72730,-6.147228048476432,-11.335945565331873,2.4389001155306596,2.1391796458420624,382.7949462737595,0.33926875593363626,0.015011589717487787
72731,-6.058873816433032,-11.637450552750964,1.9894148311274515,1.444437312643827,468.0206895001856,0.4403946893520354,0.015013636139544588
72732,-4.52080332600673,-8.503626448474796,4.87823317456357,0.7349507322346215,201.259702430252,0.5804129173380597,0.015016210862163513
72733,-4.064976303866573,-10.847188339750957,2.6508557306437535,0.8523525997024752,195.6062165634817,0.5678662375895787,0.015018182239803161
72734,-8.406432184232704,-7.468178024137607,3.9822259261101363,1.724872426763578,405.4979514950325,0.05128024728242231,0.015020338486637277
72735,-6.676371745553764,-6.403939748598084,4.400958518755981,1.4800313599673371,187.51158597179872,0.4495114869939272,0.015025459931021303
72736,-3.094787572204609,-7.777283930299724,4.667097974770451,0.8552537944598392,468.0614573357853,0.4898264880282994,0.015025578604176717
72737,-6.774817065022647,-5.961569535920446,3.840205152306858,0.6994335768089511,140.34083034470095,0.14647611935913663,0.015026314307827911
72738,-5.130392188786393,-7.850931879904321,5.1834940839809995,1.0738418070871634,278.4884479432059,1.6927679737505148,0.015026434541643171
72739,-3.961189884063762,-11.328295496302083,1.9404127305110415,0.7867893635973249,456.2706659270782,0.3958893124138152,0.01502676771339522
72740,-2.857273394752564,-11.50175081764639,2.8458151142096915,0.8425945083651841,218.0041795796836,0.37431280473599937,0.015027226560244782
72741,-7.008981270605709,-7.188912092771734,0.37922403760049467,0.8947735891057391,179.1403865451314,0.20782177827445114,0.015029989790998748
72742,-5.243895246319044,-11.525122293059352,2.151792499258928,1.129097776439326,246.85828826732563,0.4155557839821764,0.015032015574484442
72743,-2.688404592772925,-11.275084043987071,3.4937121889283658,1.6516728550788746,353.37036418481057,0.7114098618585674,0.015034320000350754
72744,-6.408387010756715,-12.647097483881947,1.2513232085679753,1.0087014488016837,266.5431704063018,1.0366218240372413,0.015036680884861904
72745,-2.9741863067605347,-11.520023390722873,2.4962474664060332,1.8714713800881784,448.8983660500736,0.6282680353225922,0.015036958869289765
72746,-8.502671102610659,-7.444458995255457,3.778290455367878,2.2622297246317022,429.85288434778096,1.4136804097391051,0.015038716795284504
72747,-2.9129310798427035,-11.356747882327554,2.7527165016576327,0.8920344512586702,236.0866041582672,0.775157471066227,0.015042998085992916
72748,-2.8090045707944054,-10.803607788677066,3.3805928642670513,1.114604919748245,286.90718125630815,1.5287566164740554,0.015046987077390259
72749,-4.55618062572893,-11.341956873363207,1.7787250035532018,1.6659135333417243,468.4453770230816,0.6641460821237368,0.015049548466571418
72750,-5.389232543752945,-9.301982990854864,4.1192370315206155,1.008841021434915,276.0501312303387,1.0753679404463323,0.015050125835822851
72751,-7.957003909494429,-8.77621225166429,2.9177521777644415,0.9056008217031174,182.6364239761875,0.4199872492440164,0.015051051739297475
72752,-9.03838653960721,-6.527106454599127,2.7125173155749964,1.1179728133388156,156.20106906273588,0.2267948933356676,0.015051396886361448
72753,-8.677848317596013,-6.487755497432576,4.034921135552029,0.8945770183788277,467.7166373780646,0.20047522864755596,0.015053069699649634
72754,-2.7876991699367757,-12.039110945657924,1.9419702011948323,16.732448693937613,460.2870101327208,0.17290947423556702,0.015053651436105592
72755,-4.920031135275403,-10.70108472429694,2.801250754853097,1.7053907270803614,291.6803143011866,0.05133206251165401,0.015059010878706753
72756,-6.243178218057559,-11.54622642930531,2.268712428476405,0.7073744188239658,438.9082229579864,0.3454699268963415,0.015059671105306534
72757,-7.0238504860247355,-10.662367268662077,2.387702285421794,1.802820574873997,467.9503522799291,0.06859604971735944,0.01506064738692274
72758,-2.4736222135132477,-11.745969701047697,3.331001502420459,1.0129419047087427,266.7781660348507,0.6765355829436963,0.01506359339877983
72759,-4.649320458345107,-8.214806911880089,0.6341945669735999,1.2346281427953567,286.64969951534243,0.24791461305273543,0.015064641763966026
72760,-3.755860160681049,-11.311728687934712,1.8504057819308395,4.0843510454839445,454.368728822137,0.05823437788247787,0.015067423012989717
72761,-8.041521447455205,-8.141903366866934,3.80083772872963,1.0382688152544328,280.2939959771344,1.8663124395248412,0.015067665377197012
72762,-4.703401398000876,-7.535004463997088,4.623206286507893,0.8478720642839263,208.6781864465475,0.4376245122918645,0.015067739864027685
72763,-6.608178483821952,-6.305886369188296,2.7368952104587523,1.1037310131065556,467.80587862739844,0.9240301706627685,0.01507356436644389
72764,-5.03503287474209,-9.107617739525718,4.300143766889264,1.9000953591007572,463.57484554671333,0.2354520664025852,0.015078850927332172
72765,-4.567238577959048,-7.459984882560234,2.631238480787939,0.8877330134490535,239.98078027330956,1.1615120429410561,0.015079125989149615
72766,-8.171857959285402,-7.058376371628291,4.818520699084124,2.6107769932185376,267.1322813502166,0.1554283087832653,0.015083481724424374
72767,-5.643121635633965,-12.274927461605229,1.3681213862009223,1.8640219525000747,468.2212893314294,0.5703722794815418,0.015084415325041083
72768,-4.392612174782641,-7.427232045649941,3.814878608032555,1.8864296227081179,467.5236070471308,0.4111760232763233,0.015084629195304114
72769,-4.897249902913979,-11.426577431209099,1.9919426384943042,1.0429628190641331,467.3383067699323,0.44556235821095225,0.015085815559820515
72770,-3.716736483975801,-9.678776432363907,3.6360793903025677,1.6907821613320855,397.74069967463004,0.6735585714809948,0.015085823327880176
72771,-3.299855460970731,-9.109156942443539,4.231839419098278,1.2163443386293475,255.89368870578906,0.04897156721538476,0.015087283419800387
72772,-8.823104159635994,-7.654206237360925,2.104126209248131,0.8730792996563382,173.010443855684,0.19944999318596945,0.015087339873130975
72773,-7.097743603456982,-10.320609842788276,2.6222457540879813,0.8571911224469114,244.23410393649118,0.39837277959219364,0.015088128988571725
72774,-7.3065621558356275,-10.47580077607635,1.9451916909881435,1.3322606987285452,298.95084840332845,0.7884393723734204,0.015091876925590653
72775,-4.649907791641825,-7.401195645519743,3.8901885284736264,0.984560154052588,265.54103102093967,1.488798725670966,0.01509240464636867
72776,-3.7088419214884683,-11.322747931728337,1.9270886366502977,1.167044521964495,467.19562097747,0.4374359866819555,0.015093434748032106
72777,-4.441032918596633,-7.57032070186612,2.1732624657060584,3.2735963760314553,271.46179983326726,0.19306088464491022,0.01509620649398792
72778,-4.896643121688515,-7.353608955059026,3.146833426101716,1.2476972482982873,272.434247281066,0.024747569360044075,0.015100053763580675
72779,-3.8245012132105725,-8.080351768576087,0.897136972590541,1.864370869605016,448.8670612771156,0.14633443100831567,0.01510203964114685
72780,-6.1383983941993305,-11.664048585918339,2.0894193521387776,1.0703481586582322,214.94140784339226,0.36394850371540954,0.015102253324136098
72781,-6.227309932719185,-8.135267377244038,0.32387707190700515,1.3519482596226216,298.18157559671334,0.15743415653547022,0.015102588184601999
72782,-4.486386877403894,-11.37860686812392,2.057770097303343,1.050503327629624,225.0752080869124,0.0210296131707155,0.01510597205602007
72783,-7.946999278319261,-8.159444883402893,3.9711195649710684,1.7845124501738585,467.72238108378656,0.6107498475991466,0.015109265286537332
72784,-2.9047668347141444,-9.062749610994162,4.680026909942593,1.276734976454584,311.01131390913065,1.6781571862030278,0.015112325873474285
72785,-7.166787134990022,-6.255885673345507,0.4162019172933699,1.2586594579681194,315.1589007553671,0.5153226865941365,0.01511286868489855
72786,-7.447599665958576,-10.275399932871467,1.6011283157321348,1.0635089745353394,467.3547517309793,0.25390453364438237,0.015113579858161905
72787,-3.4348704700038564,-10.413915522809852,2.959767339535155,3.5222654031855036,528.3587668799157,0.5995450089629264,0.015114752021403366
72788,-2.8824183941541746,-11.881286553528621,2.1216591641613136,1.112575955068428,467.98154687098037,0.3594553365054489,0.015115008053892763
72789,-2.3328586779328706,-10.671177834415339,1.490252681143276,0.9693456035580114,468.1115243288812,0.7372404248177871,0.015115211494276309
72790,-2.6493760736887273,-10.207329785047037,4.125282792820344,1.0812348436397283,468.0961830532475,0.7285458622282954,0.015116244056157403
72791,-7.288574475110936,-12.002946313995125,0.8516562634763588,1.8510825158610686,468.39782832138775,0.5356521930565785,0.015118972245330868
72792,-6.531584470302694,-7.152314914750489,1.1858469970773486,1.6625242049778348,355.87920724027543,0.291350095725762,0.015119290384315151
72793,-3.02185216927953,-7.655010763516411,2.7659195135630683,1.6671008506857226,467.9102376200203,0.4377888961703471,0.01512010999409229
72794,-5.58451060776804,-7.246935409246202,2.6243199871243355,1.702062873978726,337.7284727129188,0.170234325380898,0.015121193220875495
72795,-3.291247577998975,-11.860661246249588,1.4569222391092316,1.3770277813774183,327.1601089699636,1.8540939819821203,0.015124646656407427
72796,-3.8782531627753114,-9.95504032246995,3.3733255015407875,1.0316998663258303,246.98987643722833,1.0032716471974634,0.015125630595841355
72797,-3.6798485732522836,-8.540177482870074,4.792997334448336,1.064968487908916,283.93989220510554,1.2366224336448495,0.015125700148313432
72798,-4.288602444581562,-11.350644767840128,2.1436803550091343,1.4002064132753416,336.73962471006166,0.5784202791189061,0.01512606818473575
72799,-5.072621520157774,-8.852828816445621,4.579937418127617,0.6925533823583336,212.68098618604654,1.0595976647392273,0.01512608730017097
72800,-4.885978747298017,-8.352161245992228,5.018980641920448,0.6433230975357065,155.51565950559112,0.14429870236276,0.01512806110607483
72801,-4.701668196580712,-11.419163072113296,2.1472827641271346,1.7329984954601672,468.3591565368076,0.6649512179973671,0.015128725266194333
72802,-3.0819604043229205,-7.575543164566854,2.9938000794562134,2.3696504608892575,433.8677551771754,0.2664021348130694,0.015130391340807446
72803,-5.518196204173371,-9.584848072367723,3.824481175050859,1.4134718027718045,311.44741711422284,0.4176157633295583,0.015131430307812914
72804,-8.964447395155979,-5.394098798363839,3.1299991743422075,1.4592773413119287,335.1118024649849,0.655100025662148,0.01513177015518666
72805,-8.134829448192294,-8.090221021641504,3.673363716477877,0.9030627817264495,467.0160242234054,0.5519318282708605,0.015131831140017874
72806,-3.4413505680185015,-8.890419053019428,4.452368797944165,1.7610622186199711,361.6158638746004,0.44846518687307135,0.015132970008880278
72807,-2.8991678618049566,-9.471835795127923,4.261670399669243,0.8829001148267919,226.1526364009257,1.01160941710957,0.015134603821939192
72808,-7.031434613277687,-5.077181943059212,1.2850399580106453,1.7746573408518298,420.04645730100077,0.4734685560856997,0.015137535082184156
72809,-8.178045630395898,-5.364062872099866,4.866986347789635,1.8689111032822021,448.0582611009195,0.08395167618040489,0.015137826831957739
72810,-4.039535509737768,-9.151872851887825,4.192636621383096,1.4068021507138535,467.9789608720258,0.3430802518895115,0.015141353927393202
72811,-5.136574155706262,-8.224599608266175,0.552915765436606,1.1288328602332616,293.14243286830583,1.094839634943761,0.015142768753741638
72812,-5.204673351956999,-7.299117896892392,3.793180077893748,1.1288913736599395,290.48941402351096,1.3394241183657636,0.015143597355831326
72813,-6.630441461009299,-11.456698334729827,2.036739963212504,1.2916129909795242,318.1428201605776,0.2747479523254812,0.015145790606526181
72814,-6.898168241177885,-5.0997629930800725,2.691893889390571,1.4113777415244242,315.18412189837534,0.6771754771223923,0.01514612520226592
72815,-6.459064148040479,-6.814199743162164,1.9615160094203443,1.4613090930080253,468.63054409991395,0.2620924813005745,0.015150746666562548
72816,-3.705176956020151,-12.727703715330932,1.3547030537256641,1.8631918896964788,467.9083528596976,0.07193739624297901,0.015152463207072682
72817,-4.317383884320235,-11.912404417826666,1.4472665238934137,0.5071902231763431,113.76955461148118,0.7453287751005648,0.015154249534636382
72818,-2.6810310820641634,-11.814954876529718,3.291945051766008,1.8001937444272826,468.2905995871677,0.8130834542684768,0.015155824542578389
72819,-7.812233725004729,-9.606681333776132,1.7433188843261807,0.8885062802097846,468.52283593899654,0.823788832276307,0.015159401498211034
72820,-6.083204623162425,-12.51954900729875,1.3068996119900365,10.331090553219278,384.11832954425296,0.24101919021718476,0.015160788111481418
72821,-5.6667718329286885,-11.599751901764572,2.084856021290811,0.9606703448196141,269.0280282912243,1.351991869046497,0.015162308120163392
72822,-5.726073707259578,-8.311895291703689,0.3315272264385639,1.801452585045002,428.4067853207694,0.460452042913988,0.015164920201354522
72823,-6.56071994741821,-6.637062842086144,4.584662431091245,0.7321324902463175,135.1435499638681,0.07679273560248667,0.015167417602642222
72824,-5.663339268229807,-8.370760644046603,5.132687324566967,4.469943041395127,592.8347983153126,0.6218529771710086,0.01517233641706095
72825,-6.838931458939357,-5.4974020430886155,3.09485258892,1.0532227415936293,275.67185765334636,0.6055912562636463,0.015172553745948563
72826,-3.1058148643394903,-7.9190532996832275,4.895106806370658,1.0218249414240976,261.3690737592713,0.47823521055366225,0.015174056269459764
72827,-7.166128136193853,-5.883709876357175,5.02754757829355,0.8977086891669361,467.6920909530083,0.33471949225812203,0.015179202548835284
72828,-7.755175741352833,-8.97709376712976,3.0796809953789053,1.5847552228879087,302.0761602515393,0.09004708490090163,0.015180347529011373
72829,-2.951907213475385,-11.694742997162104,2.410952296208688,0.8175749656167091,187.67606116782488,0.03641614002438853,0.015183375671089
72830,-3.6273725606045453,-7.476792229861364,3.9117550282433133,1.0527342569787386,467.53995663400855,0.7661059139160971,0.015184068172947929
72831,-4.643933294408683,-7.388208752942211,3.664655971641262,1.4477066189178747,468.1669429278152,0.40469817740437897,0.01518513791900422
72832,-4.895162241036804,-12.110181386068632,1.4077677040667407,1.105390710414091,285.85704161877527,1.5664659195628072,0.015185752636944643
72833,-8.94468985764755,-5.813546311415373,3.2434800200421545,1.08531593165001,283.65700065455184,1.6434765463632468,0.015188920872275696
72834,-2.7239475234311,-10.524473564250261,3.8036588988790814,1.0187893796872172,258.4188420818548,1.5583067051004047,0.015190745465334277
72835,-2.441510532366986,-9.372049770704066,1.518050263212848,1.344019411523102,467.9733437760245,0.6794525008377237,0.015192363943321222
72836,-7.050000617800228,-10.1276069882962,2.876691457343738,1.7359525330818915,468.3959068083654,0.5349593764276763,0.015192689420154594
72837,-6.143627050927079,-10.622602342273224,2.9287315294219654,1.3181021725361375,267.39561886284014,0.10389958409852529,0.015193352931153996
72838,-4.985650633376711,-11.17070142631554,2.4608974907557375,1.707804924920378,401.48749511224383,0.11029626722538577,0.015193465964160555
72839,-9.083283481545367,-5.31282814871545,2.3779137381585675,1.934471371244448,390.55449654026995,1.0439971607540093,0.015197631190359743
72840,-8.869058087853386,-7.516584212417583,2.187898306024702,0.8673424180624908,222.5760551290581,0.7522379020527428,0.015199008369575068
72841,-4.846734222879795,-11.419687247427204,2.0898118428155437,1.625434100608925,345.5287781226862,0.35652241270602314,0.01520004512388417
72842,-4.041568218487135,-11.30036617221058,1.8803765635052858,1.8682860087330182,467.63027763095954,0.30369517095330334,0.01520358327020032
72843,-5.219736866746737,-9.778809994387293,3.605995745416058,1.2458131461068336,298.5460319143193,0.5117413105337194,0.015203648494365871
72844,-5.081988459791244,-9.972236256854751,3.409854937642667,1.2868817598321838,307.44767491998715,0.47495473375134534,0.015204468363837069
72845,-8.677108096533688,-6.270497332579861,4.054876242535035,2.837443683689937,483.3010983387845,1.174317049297044,0.015207483846805682
72846,-3.429597251211857,-9.782871278561243,3.5162533206326536,1.380555010587384,305.22430452593346,1.0148736711273374,0.015207710694035521
72847,-3.2526827028509606,-8.061019997732336,0.9688437952004976,1.10128468594007,284.1712450172387,1.2158629374309848,0.015211641494383157
72848,-3.191904839400326,-9.144830455846792,4.237380324251452,1.6168967685829931,380.2012067593405,0.5425294221711576,0.01521195181667469
72849,-8.924761857641467,-7.214484102279684,1.359604535040666,3.4317375894628173,197.90065585773706,0.369135658850535,0.015216258794589096
72850,-7.134176987407217,-10.518691870511542,0.2775108295192738,0.9094086083496091,467.55068326114264,0.6776486525228602,0.015216958104319223
72851,-3.5657856754257047,-10.177552979814328,3.1631562248488203,1.8604459227565522,468.6143635691832,0.08001726339889181,0.01521742306324861
72852,-4.571840348676876,-7.525567206359136,2.308065729455043,2.7923469453524232,482.46839128965996,1.6879630234993828,0.015217459936683858
72853,-2.3353245599445946,-10.963447230240803,1.599860415805896,5.348013773501902,625.3148192717118,0.2807477042123585,0.015217648183171917
72854,-7.081598402782326,-12.129154872736997,1.042013401230469,2.3221689619703527,439.98640483422633,2.0192152015020346,0.015219055077087883
72855,-6.992420666596253,-6.429181507943719,0.7506160216287349,0.8982462653586549,134.09843967789405,0.28703149757496504,0.015221524264239705
72856,-4.24499289193129,-11.310415939788275,1.8813658241468985,1.0966310202981837,213.573982267385,0.04484464695975188,0.015221778473651509
72857,-5.160024923189284,-7.470694117900671,4.680091545423961,4.057517380303996,346.1936682928163,0.1379370909654849,0.015221920556083459
72858,-2.7477286902382794,-12.528082355103477,2.8798146664866913,1.4893143984010575,468.352326958795,0.5183746847218931,0.015222167391655559
72859,-8.882455360219428,-7.495056213622835,2.1390928507131997,1.8851305180052487,467.8049533149919,0.1432579473277471,0.015222553073033931
72860,-9.07569141932912,-6.045541869656699,2.46163009152359,1.7800797149794074,468.69418217975476,0.9178584144693511,0.015224886376797656
72861,-6.042815105551648,-7.505506085938302,1.3001930391943686,1.6527563788726627,384.7021855176283,0.16000286820913345,0.015225561091954725
72862,-7.485931329837839,-9.02982836065755,3.538934328001526,1.4906975644343832,340.5715181447776,0.5849146194240769,0.01522631262293971
72863,-3.364466666453626,-11.540470627018756,1.5397779123526765,1.1711452984514907,299.86929926845136,0.5694445574953155,0.015228312127668776
72864,-6.8217781944715465,-6.10258829655883,1.841250126067607,2.276776134001749,432.05487542545774,1.4911388157565417,0.01522902940023658
72865,-6.770239932491709,-12.049517474011067,0.19312755805389717,1.417304390831525,316.84679915034025,0.5003419046210906,0.015230305773183732
72866,-6.992212020557214,-5.78345708281149,0.9852970263392331,0.6731961639164993,209.10432457893563,0.6199740455472549,0.01523103708829037
72867,-2.520522290428266,-10.239774199281023,0.3344562492330075,1.0130695152084068,271.1536655813914,1.2671047846685646,0.015234771886179086
72868,-3.567007880427699,-8.12191968488163,5.02477984305153,2.5171394667313427,459.05119375879883,2.1779608369403958,0.0152359399000371
72869,-5.424226299438054,-11.48891578281554,1.9708786229553794,0.7383181810207389,214.05102386777216,1.163605378804795,0.015238208527835294
72870,-8.102296459613434,-7.666931313149517,0.39010595236670126,1.2389935889055028,160.62678271665382,0.23197078733828658,0.015241166914658122
72871,-4.655668675755585,-7.378427204416768,3.5176791458518433,1.5527132189422639,468.04185519971156,0.8954386622538042,0.015241274064766892
72872,-3.027343851644141,-7.6384037823948425,2.956903527348541,0.7638209145778495,210.73701871812207,0.5942204573268173,0.015242225654361757
72873,-4.674158400817518,-11.243534447800991,2.3704673067712148,1.3671057805820983,304.82242379866585,0.6204293149296882,0.015242645409205863
72874,-3.7532767554509503,-11.296970831722378,2.174982429445465,1.8200359524044902,434.7761992560785,0.14497045244920415,0.015243455851745392
72875,-8.124577433377505,-9.157258709725385,1.4402018985262945,0.6662155146852322,137.2664767990054,0.01078607486701344,0.015243743766428654
72876,-4.929905219798254,-8.882214871880294,4.53376882111006,1.3937853503185509,331.56341483445135,0.379405792241581,0.015243883382446767
72877,-7.118105588734869,-10.146095673367993,2.7626921637494997,2.548768253524934,462.9249137842114,2.5661847321077227,0.015245946501411785
72878,-2.930960649558232,-9.518320979952424,4.16284198123679,1.775020067188585,438.6834638486772,0.05539773748541332,0.015246503765121648
72879,-4.525464120443604,-7.555022924597778,4.590014883400714,1.3294094955381317,323.5872598775894,0.26860480801654063,0.015248177488179285
72880,-6.8385504915431214,-10.816154426459965,2.47850012353707,1.1968978894478774,274.28888954003736,0.4302251236429555,0.015248891875314837
72881,-5.664272508670846,-11.581210969185516,2.092680084349587,1.7934882375315833,425.2452978683392,0.21206528548460124,0.015249272443741375
72882,-3.7150402165915875,-11.287992523180247,2.19272523361048,0.9585808853093879,250.82077113029968,0.3781215585839499,0.015252432976040328
72883,-5.380554792275142,-10.96968041399642,2.634919579904749,1.0784845515077865,133.2059841466537,0.29559256553520363,0.015257206886894468
72884,-6.27695501084894,-11.059209272521178,0.058190072096559256,1.1724116562934923,467.18004238797056,0.4296351125168245,0.015259148968347121
72885,-7.263923252518209,-5.889087661785892,0.3057954507988651,1.4498785286176403,331.9206358799245,0.04911211542396732,0.015261445357637857
72886,-5.451851470188268,-11.401415406172115,2.327900904057279,1.617647827988354,377.29116776057725,0.9182024190341282,0.015262399027012041
72887,-7.923339053968718,-9.70065167629265,0.6820343029269192,0.9230674367367507,467.72285912363304,0.6327022244260139,0.01526576115886947
72888,-7.411006288522956,-11.357148403257343,0.8550331725518596,1.109755749160493,225.02328549383438,0.10318207724548589,0.015265958493757063
72889,-6.304454436765242,-12.026726172088852,1.3342312198779762,1.1842249970902745,300.61476946047424,1.8666070124689176,0.015266868896918445
72890,-7.148460177433285,-12.690410760819256,0.3347752862742896,0.7926825580015127,161.92780367314458,0.07088587563989712,0.015268490844817918
72891,-3.0268139800725997,-11.333952854478346,2.4869127599583734,0.6953939393228776,144.1328141519038,0.28926857940018547,0.015268584564752377
72892,-6.8707274853501055,-12.073147168037723,1.168225035847741,0.9491025126590891,249.56373489005927,0.8553170399283765,0.015269735489721235
72893,-6.63952861129781,-6.363223290545036,4.097514535814037,0.8347766044829821,139.41514890586717,0.3177754028458306,0.015274353140650012
72894,-3.7436513928437893,-10.324826201219244,3.0366623930661905,2.903334021919305,491.209487726703,1.5182982593585264,0.01527724277032166
72895,-3.055738376473684,-9.847154329499759,3.6206832651488474,0.856768592243857,467.7452850891599,0.24339924158861148,0.015277781467636722
72896,-3.1262054648847526,-7.561358075433534,2.751000686369972,0.7377052459029136,223.33917295029795,1.323215477983152,0.015281912559491928
72897,-5.816193117989014,-11.429415651834512,1.7626947678505236,1.825788425953586,436.7028411783415,0.2703652628119899,0.015283038898900292
72898,-4.174313227248513,-10.718833199086754,2.7278102722824102,1.7407956435249403,370.9998158413461,1.3902896093371746,0.015289327077584906
72899,-5.615337327405098,-7.196821045823903,4.06331974557923,0.7991409373365113,186.00386727317462,0.05211857731522862,0.015289425952969683
72900,-3.4592242851974913,-11.29975405878428,2.0223924460276863,0.9369188037312196,468.38518503495095,0.8031707294817396,0.015289771209023353
72901,-3.9710063114026237,-7.492989832455035,4.156027385387383,1.8272163402183912,467.8974080863326,0.1061507197706435,0.015291385476245756
72902,-4.772826779053476,-11.383307645272716,2.221063792778476,2.4669474694683475,449.5390925001349,1.1493202347048888,0.01529169550139333
72903,-7.0603587951153255,-5.389772004529562,4.408932584260772,2.1312662202669825,403.4650317932621,0.6492448574267291,0.01529223025469108
72904,-6.21867162527272,-11.204813028544994,2.503680850494475,1.143818679723495,467.8023759046439,0.5865746024971212,0.015292558600059214
72905,-2.4892533640374754,-10.60715941504571,3.385109716517055,1.876949947439767,450.93634814362287,0.5129591188631677,0.015295963912898294
72906,-7.600264239580021,-7.731814272855266,5.062713473104001,5.6536468351095435,229.15995588471273,0.37630567023610784,0.01529950114932086
72907,-3.494246240801063,-10.16408195137913,3.1696468944467693,1.354692994955719,327.54122146343275,0.28791396621428156,0.015302214427559125
72908,-4.30440363390537,-11.344007098907664,2.1814869630941884,0.9522691158471104,203.31541398812084,0.3929304788150061,0.015304943767940784
72909,-7.069983050973619,-5.639118887795751,4.622939097619101,1.9598959060710113,264.6919139341265,0.07169074446433399,0.01530508854079692
72910,-6.215175381142902,-10.75478954605579,2.818045083538668,0.7658672982166849,468.27644427623164,0.294614353073376,0.015306135685678972
72911,-6.948288882045664,-9.50413722377542,3.6286702112544784,0.8310891049754742,167.3509635682995,0.9455430257280888,0.015308986741167463
72912,-3.8893822893700687,-7.655863187811917,4.675842753952175,0.8480865611271156,467.73771763171686,0.1435534728456096,0.015309184844469104
72913,-2.5000597918411582,-12.454385673590696,3.511948436540316,1.0821786545001193,163.33322796947726,0.420754876778596,0.015311766382140341
72914,-7.1190788752060925,-10.97582059403283,1.3286687991134865,0.9960286733779146,274.53205229570864,1.603844920400043,0.01531200352972483
72915,-7.484778688749303,-7.899216535320155,5.024627513914209,1.0188492024297313,201.93732933965205,0.0485115084879455,0.01531219867374242
72916,-2.6301796844755687,-8.922351746813883,3.9270684020688775,1.2523770355859718,311.9620514417179,1.1239815518171818,0.015314132775034392
72917,-6.62008909361076,-10.922363095255035,2.570164902700034,0.9239553008302793,467.51064444563076,0.13402268985077104,0.015314308623027443
72918,-5.599937957089274,-7.214209335825844,4.153024002851819,0.7808224697742557,215.0244606084743,0.9891003606436071,0.015315148937248484
72919,-5.93083152147412,-7.231316640157143,2.0829159260774253,1.066212449548467,166.00057807294056,0.18272258878294956,0.015315543424963812
72920,-8.288377997892756,-5.771810845720535,4.770357410822718,0.8809799992628894,244.94430159702134,1.4467035744561443,0.015315819931048961
72921,-6.524650021263996,-11.499425491212572,2.011447298954524,0.7418042971558176,467.814323245809,0.31176632351281164,0.01531614442202192
72922,-8.391059831699613,-6.103078722672891,4.638186256212359,12.107518332389981,444.1406203973728,0.21667753522741062,0.015320520060304847
72923,-6.969491418179173,-10.828420480011435,2.283288866100214,1.8686249604048772,469.8624840501456,0.15861945356276497,0.015320657357444626
72924,-5.857295626340301,-11.462736466402935,1.5835205351049124,1.241335938624134,468.08964040397854,0.4751428194639642,0.015328547796415081
72925,-7.134449500008325,-12.190389882735236,0.9854035690267556,1.1924643906893935,454.79158343794376,0.2844521306300658,0.015332703064666962
72926,-2.7078659122671525,-8.110715006122401,1.1909181771917727,1.7806273332357063,470.2628900898478,0.0288121947791522,0.01533577174747175
72927,-8.012412133575964,-8.165116205823765,3.8188632289674476,1.6733958833436486,352.4129409430018,0.2552822894745175,0.01533582259539563
72928,-2.523548275517813,-10.547355668523757,3.7519392815736485,1.0185607330411932,468.4999332789581,0.2598318304677525,0.015336501289501077
72929,-4.858063208033332,-8.72181266440733,4.689083645978069,1.4258630578383746,321.6298155446921,0.19594621437165394,0.015338609003125179
72930,-8.82183306318854,-5.317341741126885,3.5938464043534206,1.7662467822268464,418.6024689580955,0.046307334827937474,0.015339067469455972
72931,-5.030830771808742,-7.422945888819624,4.40659847132279,1.5905998160675616,370.6899876811068,0.9063353179381997,0.01533908395407386
72932,-3.4911991085411405,-12.633172867528625,1.358387005304133,1.4556527522213505,294.99627982739355,0.41995576356725994,0.015341465128474617
72933,-6.441335899611009,-11.524801495688621,2.164938240067812,0.9684856233041746,270.48210076767776,1.6161304376995806,0.015342939741846008
72934,-2.8206412055907997,-8.926861326360132,4.855030653988058,1.8843874253830575,469.87450878411545,0.07494292290098148,0.015343759560264793
72935,-8.4942583205192,-8.35477122320092,0.7633992266635553,1.4567624130817425,342.4264789924243,1.2216813553194692,0.015344510975670037
72936,-3.8491775136286774,-7.4527178657342725,3.5833527444397504,1.003965896110293,272.0847356462208,0.5177981388771569,0.015346205033138311
72937,-6.022497475868202,-7.161702402122186,2.14987819247893,0.8271716010357272,241.4544162700791,0.03897064062606237,0.015349151565686179
72938,-3.0681540701347467,-8.534046382112953,4.907855142752866,2.580365380373648,463.4883406873135,1.6628974672821748,0.01534991466997983
72939,-3.401226888388315,-7.479387519342104,3.9017434715975794,1.3379449516212065,316.5785575924953,1.2787979918454146,0.01535153518321831
72940,-3.9126308917430572,-9.6621577587745,3.6420343495322727,1.7439113512007338,469.5527857085925,0.0065817338363087785,0.015353694302643621
72941,-3.625997034510716,-8.531843327272819,4.791200105012951,2.520944534534308,443.5649378876079,0.5562965368618373,0.015355050265807673
72942,-4.059852778423786,-7.64362244936814,4.69122713000165,1.700879548198994,468.96956092599396,0.6390869652211251,0.015355517187611195
72943,-6.177857802412538,-10.291392402637225,0.025781381939989936,1.4267812629256544,469.88307937118253,0.07319886978621959,0.015356846261458688
72944,-8.86360198982161,-5.1951037967585085,3.4625919109263488,0.8618642507643209,468.30616605060044,0.2842321395087293,0.015358843298166905
72945,-8.270311839067748,-5.324848712215852,0.25800298464698646,0.840556910068536,213.26686281855802,1.0080655371194025,0.015363110195807219
72946,-3.148214986752553,-7.614407890392968,4.2745917894544725,0.9140660213960217,182.59666768681245,0.8528264252544195,0.015363375838576323
72947,-6.066588394447237,-7.710237557648873,0.875156207984219,1.8918786231934854,469.8562029244616,0.07192517505162233,0.015364309248841579
72948,-4.050613520106584,-10.077972427977368,3.2531279083361415,0.6283974480298282,131.56175870964785,0.1928554640480007,0.01536447750006206
72949,-6.5654393613158035,-6.861533160593161,1.6409903484068453,0.5676935252448249,142.54274489188316,0.18966977892861347,0.015364739547860719
72950,-5.600318323674907,-11.375299479657953,2.3608288344453805,1.6792933751645933,467.6805811231286,0.16655387897513219,0.015370808373617475
72951,-8.205008432572223,-7.372076243308998,4.491372207420092,0.7245881030170712,134.80150533858912,0.25324077698142755,0.015372075338644648
72952,-6.714550969193077,-8.585439306522183,4.862785248803761,1.7432416731082854,468.42102705206264,0.4300069921889449,0.015374914848745215
72953,-8.890165583981,-7.201820650785945,2.8229135069704707,1.084043436565387,467.9974253660432,0.4220650572817446,0.015379376879459186
72954,-3.375261969868202,-7.799197066818555,4.881160542177821,1.6174915729003831,405.45169394847005,0.6955372609805126,0.015380868532096317
72955,-3.205787701383164,-7.519997036517501,2.726693353098788,2.6599711900374228,470.6339618243634,1.709067060710887,0.015383365285441816
72956,-5.33249979586539,-11.386704664843728,1.7862843231068075,1.8364650564375191,439.41027392280273,0.24968434345760393,0.01538475188182351
72957,-4.079554669572548,-9.342678477171848,3.9739205995739946,1.4424340261086719,339.8386031660907,0.9241682753079772,0.015386192077127088
72958,-7.191198084225893,-8.57338016435539,4.535517101229194,1.5026268942465928,340.50822412618464,0.4559095223488425,0.015388808731495758
72959,-4.03580362352465,-7.888955276700223,5.001283898692677,1.161221624676112,295.6775198561422,1.1165797392767933,0.015389193023526388
72960,-4.604278049289884,-8.292913371187186,5.023241321134973,1.4884696245280038,342.3882961733066,0.6657061577214973,0.015389681869749932
72961,-4.1134704280133025,-11.307929911808117,1.9985271836094458,1.1429066416131486,295.3344477104554,1.0002747828999263,0.015389808853365293
72962,-5.091646506623711,-7.324958794958193,3.83715714293984,1.4667031052908157,468.8118983453131,0.2895710130528535,0.015391538039657718
72963,-3.003632109569997,-11.508399391834388,2.3720909581623038,1.7795600677525083,467.8132802291182,0.4809882610444687,0.015394811459256662
72964,-2.7546315707950946,-10.795043563881666,3.502010178678626,1.1289890470480832,291.3128904654934,1.1978048972278215,0.015395483197635815
72965,-5.505393448481415,-7.799005650314204,1.0554393046104296,1.2621454958485843,286.216195604933,0.23041013489892048,0.015398888019804954
72966,-5.503911137387324,-9.960380277734119,3.447154161700113,1.2075896893800875,265.1284969971143,0.30700341230503536,0.015400263950953933
72967,-5.749869234875,-10.505843562909352,2.9995134516187223,1.8405890831755867,467.48190906113007,0.4878222488457853,0.015401985652945507
72968,-8.266423394136622,-8.442090831191628,2.629380377588069,0.5568523894904038,115.1799849095903,0.3849231921806142,0.015402249692559909
72969,-5.232135453190301,-11.32900465913127,2.3482779302542505,0.9211316757794782,467.39003394015464,0.472415123077246,0.015403825458045431
72970,-2.700613477582544,-10.538627837120924,3.815751843724849,1.822267639915742,436.10344787582784,0.4650265224051102,0.015404022526026491
72971,-7.359288760477678,-5.581781445697144,0.1931903155625602,1.7841679952102543,423.1737062988279,0.4785593627850604,0.015404081632867871
72972,-5.58307657948478,-11.469131819315413,1.5817524782617145,0.8111091546193426,439.71494384789753,0.21812423352811106,0.01540448665900517
72973,-9.042769832032638,-5.20750464466746,2.704463455854699,0.738769192132046,154.1744004490618,1.060943887051038,0.015405674781920276
72974,-5.57700656784063,-7.61288517594137,1.511123020674761,0.9717962607587185,266.9114517993695,0.9912086849343922,0.015405706109079749
72975,-6.0193880034863,-8.557428567263806,0.10782774173493033,4.054249160645504,572.6532773576932,1.017019924634858,0.015408720077641987
72976,-5.489848514558519,-7.3150265030173,4.449422363631146,1.0873904194705388,277.52427444111163,1.0719455029166394,0.015410798369833055
72977,-4.8771525807199225,-7.604844637260951,1.908280503801282,0.7922513904749853,144.06305312912653,0.117588435668746,0.015413055340349391
72978,-9.03318660928323,-5.836536896265395,1.7659751604204068,1.8508488710465698,467.76938804617873,0.37827722612212344,0.015413340752896888
72979,-3.7305891430167213,-8.439740135112178,4.870275672591679,1.758127349498507,414.6985957818051,0.5338972551333425,0.015413722620605823
72980,-7.515011993047851,-9.329223805098906,3.0643405351531166,1.5977305190161684,377.83248355945693,0.3507854404897648,0.015415627804573936
72981,-5.542207688013049,-11.665793435661264,1.4793475518795194,0.8847478075382129,180.12217140447032,0.2665532187954138,0.015415729889399543
72982,-6.407281758019949,-11.19635840098332,2.456210340469037,1.6965500388429084,279.325616590611,0.008387396765271227,0.01542030736895801
72983,-3.3711317812453734,-11.268646685410179,1.8127163088286793,4.854585996012659,510.41089675395637,0.09847128360990087,0.015422494954217884
72984,-3.1330009981898446,-8.66557745621174,4.753924651153362,2.8499088664486933,484.4467953860663,1.1614069662691513,0.015422746608524761
72985,-4.660293483578465,-11.819582856261555,1.4579481285611815,0.7748659435500579,470.47559219241543,0.22685156174193377,0.015423590553346214
72986,-3.0867579595127728,-11.391508826596217,2.1570225722172642,1.3403428006243474,346.32117434032386,0.6004159416091399,0.015423783150532345
72987,-2.4030716268686767,-12.89770491902411,2.517591183864508,1.39235809861081,328.18341385020733,1.6038493114763224,0.015425071314862262
72988,-4.882371457504668,-10.13294832045027,3.2460312512800322,1.8414192626557753,386.4133343026291,1.9470805783980465,0.01542525702897325
72989,-6.751885380784284,-9.858527601000654,3.3933841394952364,1.3148400334982626,284.92415078319254,0.7165381904391026,0.01542915071021372
72990,-4.253426103706809,-10.61098850721418,2.8092480463761653,0.9403764276564972,467.5083998332195,0.4117151550222733,0.015429652700625645
72991,-7.828931531691605,-9.897102042497735,1.1294018796073686,0.8576195816549326,181.5957960653779,0.24601234625725166,0.015429676669692118
72992,-2.794771318991817,-10.017294496202707,3.967772171336928,0.7574181109590546,225.1229755991281,1.0035085108525452,0.015429928294107234
72993,-2.82132157794043,-11.159293729645022,3.078013197692266,1.4494602184662924,469.83602221629764,0.076099362561453,0.015430787631307846
72994,-3.275186436801297,-11.014571931174672,2.4836321254767015,1.0567266983244505,283.20581415023156,1.6271263777359195,0.015431346682452971
72995,-8.636299587286953,-8.016843119969877,2.1533137219147083,1.1377276643902126,217.26531558294974,0.047423101174689286,0.015433577268230898
72996,-7.295364377791865,-9.717468774174431,2.962169905895572,0.7476889215095852,184.94208976045564,0.6820388908049546,0.015434094159952541
72997,-4.29575514032595,-7.488353245617576,2.6629267455378587,2.234635252724291,428.0259283598193,1.420615962628247,0.015434398385798867
72998,-5.903480729316211,-11.405723805536244,2.3583061429116405,1.777297696010376,377.07407142304146,1.5814290233060033,0.01543541615203673
72999,-8.923878641398534,-5.277280440824325,3.251850195831682,1.3457735464770488,468.5837731039613,0.9396324114148884,0.01543789172138522
73000,-6.411212830184295,-8.861951635063773,4.626295772534238,1.6782926817581856,344.7713684557972,0.24602337177784062,0.015438831229128726
73001,-6.027065085884198,-11.360821428714273,2.390263631562605,1.8006991257179092,428.1286043996442,0.43665425454086115,0.015439145179341926
73002,-3.254954737020322,-7.534294821214421,4.147283315801932,0.5434061350675617,165.85000749650845,0.9073571050667315,0.015439794637984788
73003,-8.372333010251284,-5.191637090990315,4.538050890095146,1.524602179371387,337.06273780789144,0.8759571265020787,0.01543987932117239
73004,-5.674035471199305,-9.263625085300239,4.169712659875963,1.8878671613601812,458.27601550859976,0.06548922495305387,0.015441873119330596
73005,-6.865221524352831,-5.507615665778598,3.4738206999966126,1.0179357079011047,268.1351253428743,0.6497969903415628,0.015444199295347941
73006,-4.018087159968306,-11.010699354774042,2.496429970008943,0.9377251672347393,467.5058724782675,0.5511542642759588,0.015445175742281065
73007,-8.500178690392685,-5.879328176336919,0.4170065024746624,1.2089316272585535,467.15826376053434,0.2623253973819546,0.015446707804971316
73008,-6.839215327470623,-8.121502744838638,0.12366146155484015,1.8801620856935921,468.3550106851742,0.01777266812113787,0.015450312352319813
73009,-5.423563998312576,-8.411806140616234,5.047192232559979,3.6651260234103553,536.864306308624,0.5397134203398197,0.015452774117339193
73010,-7.012599915326452,-5.428727002137354,1.0967629911168637,1.4720838595293286,467.86330469011153,0.12894646998274073,0.015455600525775156
73011,-6.796109804665871,-5.868584795373783,2.313337936687206,1.063790656474465,171.08034297661288,0.18918004751083028,0.015460277206596517
73012,-6.013050589043955,-6.958582907457985,3.597038974972611,0.7662548395836281,147.63279048268384,0.18187174087905067,0.015462682311009127
73013,-4.087736040057629,-12.026958952109387,1.418340847938968,1.0314226604130685,467.84052807229665,0.6191544206177069,0.015469182856952722
73014,-3.570623498010658,-8.010502621788739,1.0299590995334942,2.8105981272536726,459.4354847207398,0.31787571202672726,0.015472086869263938
73015,-7.458585324216351,-5.412254420875715,0.11606768404765032,1.0262687379694124,277.5038336082605,1.6281061318228405,0.015474609883401776
73016,-3.0842806636422395,-8.75188475581836,4.71355333637784,0.7983218037033992,237.14105783045784,1.5453057980555718,0.015475122843647467
73017,-5.075221276022654,-11.859560106801265,1.4431060217468783,1.8894480282541015,468.1298874345663,0.24431093684451888,0.015475858998104117
73018,-6.36595051092884,-10.687485455847433,2.835888512729284,1.589937894476468,365.0397238014077,0.7311799480191494,0.015476587932451004
73019,-5.728796191090213,-11.529621934516179,2.21865280812235,0.7863609003121739,178.48271645594292,0.0819327300065984,0.015477249309868562
73020,-5.822512746030007,-9.09364404554951,4.372554332336231,0.9565874552422834,268.30923522449206,1.675142506142282,0.01547738829376212
73021,-7.3060837561984275,-10.479735140527346,1.6100096060317792,1.23809855436233,313.7254761005568,0.5190626764528448,0.0154776387556503
73022,-7.053165851307596,-10.183859237525493,2.803301203095844,1.308307424512688,312.7407130522402,1.450922136605505,0.015478900815759953
73023,-5.018465962240462,-11.416185514024175,2.1707583406348765,1.6417640972235787,468.7297767395189,0.5331443104390514,0.015481274539685095
73024,-8.547770469623003,-6.891169327182194,4.1759284822592955,1.019226239442848,272.0857717312121,1.5084900525354064,0.01548251937084471
73025,-6.235059961137676,-10.788200741270293,2.7801363273285475,1.0585134901240338,208.83992969923918,0.5769306367612712,0.015483208190952644
73026,-7.4474960824968095,-6.074365795418878,0.12355399549267161,0.9478899753798459,194.24524878793775,0.4493471596017189,0.015483796997590612
73027,-6.865158202659607,-11.051413386634895,1.683650099126987,1.5815133147582157,339.66686351138384,0.8485184458495354,0.015484355709506565
73028,-7.643207879496554,-9.877244662183466,1.8239894282407976,1.392205965360571,322.01312486571544,1.3210547680653884,0.015484611810285891
73029,-5.554315274320399,-7.185681388067851,3.6765388430944794,1.485293043356522,338.6865818842187,1.6348460597238024,0.015486807741655563
73030,-6.56173181551625,-10.007948807072374,3.3401726985886833,0.5029980778429292,124.96794027424001,1.1876034627291974,0.015487928790791371
73031,-3.852505343960515,-12.411350349015304,1.3748822908359961,2.496716517079077,457.99521220516317,2.4994820000385225,0.015489380966231304
73032,-5.756380243277357,-8.678106711393713,0.07308308435740174,1.2876462446930355,295.12350009960386,0.13452661215435757,0.015492006582242849
73033,-3.2722953313678973,-11.106387417997654,2.397271481980122,1.8005983840600255,467.3248884612134,0.6959859467444343,0.015493154992941153
73034,-6.910215825211361,-5.003393460027169,2.8088335985312787,2.8160682364444622,485.4584344500639,1.9775117651814504,0.015494066960229968
73035,-6.689432743948774,-6.313489190157505,4.206786247305746,1.110765042316872,278.68563558098907,1.5228387934899459,0.015494076641089132
73036,-4.572915006460924,-11.443679337731666,1.5884169155569259,3.2872934823716733,517.6087431762587,0.930641705348191,0.015495092312632953
73037,-2.340850562744028,-12.892417592874878,1.9938655403148935,1.2546750919782743,316.4356352306552,0.4487680204741764,0.015497684660471515
73038,-6.9092341864287885,-5.739540862925659,1.832492954803728,1.1856327136118203,468.1802978721632,0.5703860435632331,0.015497862191220426
73039,-2.992519229557038,-11.505171162452475,2.0412916622116453,1.1156445063897134,236.79387551130037,0.4577077567850756,0.015498609263979312
73040,-4.538449893808917,-7.408079400505534,3.5992253091431694,1.1768046093997002,467.8220704703473,0.38685939806179626,0.015499137177106553
73041,-4.451046227388583,-11.00121308521404,2.521933217831897,1.1387699388218389,278.39169154160555,1.0659222610359391,0.015505000842393792
73042,-5.22973194235073,-7.3878203962016435,4.432917471951356,1.1596863229703103,296.14294724063,0.995955341036125,0.015506593491140207
73043,-6.528083260880294,-11.515573382411306,1.4007333695588502,1.121510046670546,468.5277786723385,0.7496660141039246,0.015507303438584669
73044,-2.9166739695101214,-12.754811415325877,1.408912908685161,0.8955919568269342,467.6871494043222,0.5729598124489232,0.015507442673366293
73045,-4.8803213294799495,-8.091500138672465,5.125106866283689,0.9842819748451388,257.04425429894627,1.2193619808381815,0.01550977923382237
73046,-6.46242025587214,-6.646923477395686,4.227132642500008,3.8994106323100444,563.572335856831,1.1483780997570117,0.01551175496873198
73047,-5.038887029151749,-10.258203969670705,3.1444508681948444,1.1226750936786387,285.5499685856844,1.2985822724491305,0.015512468223381596
73048,-6.044649802653963,-6.942287577615456,3.291235223383472,0.7670089149244289,178.6793689580613,0.49142404569697895,0.015513348201310406
73049,-3.3452862863552237,-11.278144582589904,1.732914265016601,1.2015333614979948,467.34024684847657,0.31815288628231375,0.015513537424545604
73050,-8.185871610014189,-6.951965305214158,4.840790409473462,0.6634027763026474,457.3303428337914,0.41676365730667,0.015514902349172915
73051,-6.084283526725871,-7.445500927144991,1.4185261968857952,1.2072479536516325,307.17898943124476,0.3438474519897259,0.015514925917053987
73052,-3.5426073908899935,-10.848542044634318,2.6015429674677173,0.9235959917182573,186.01351872925605,0.661971548635603,0.015515232612396866
73053,-3.1113033307718796,-7.60269551198461,2.4760360163027015,1.5037027196018529,212.46955437368726,0.049763341959729424,0.0155171010278183
73054,-6.886499231357577,-7.231747590291184,0.5329815433192512,1.5947385619581922,369.46770186907014,0.0729452704172564,0.01552060721458903
73055,-2.7165429706785993,-12.56367510427271,1.604427066773778,2.518360433292167,454.9270938780695,1.282388982470418,0.015521738947301283
73056,-7.126368512295292,-12.201020505312457,0.9869246081283748,1.1757611676237616,275.9041287778731,0.7924934933822643,0.015523371663050064
73057,-3.568345298283048,-7.623107076150008,4.555410360000629,0.8340811387910277,469.3943234294275,0.007401432226418869,0.01553769672279618
73058,-6.516238184185658,-11.28285294797755,2.323077202352096,0.6728901548950993,467.9044872292135,0.44267627218613104,0.01553872519678281
73059,-3.091226391180161,-11.372647617662617,2.221531543779497,0.9947296289730214,235.5906209047523,0.24418592709313192,0.015538750998417464
73060,-6.03617196690593,-7.009042653242197,2.732531678833512,3.192262738252144,507.9300628575292,0.7749617403468028,0.015540737165355487
73061,-5.588400528608729,-11.137588317259551,2.5138625865616064,1.811609366025954,467.01879537680827,0.08451321938771539,0.015544408731673608
73062,-3.077278093287651,-11.387081233339321,2.2851385052687725,0.9858405237473803,214.9487007905891,0.17968443491588904,0.015546074366479904
73063,-4.381813693944265,-11.302232594735186,1.7267636523201664,3.0350932722421935,491.890718101322,0.6718424280606179,0.01554842105487782
73064,-5.741961562077307,-10.52767776598008,2.9781349457077524,0.9114921937975373,188.35571935425386,0.3197575899790124,0.015550342727049178
73065,-7.133819503712019,-5.265107609956486,4.535981008266015,1.1123518727964172,230.28018788383088,0.012422499678909737,0.015552855860369882
73066,-3.7371610659585777,-11.05561741045539,2.4297880532987,3.0745701321349728,506.5499730933094,1.8500112065209295,0.015555450624354834
73067,-4.436107242422036,-7.880758535112434,1.3192752585914822,1.4509523464281047,344.6498632004539,0.4948290063062233,0.015560215786146334
73068,-8.978248409200823,-5.6015789489733185,3.06192787103528,1.3863478695027538,253.20744347119108,0.02847433087923701,0.015561742990276482
73069,-5.20587016437557,-11.322477191798354,2.3235782613237403,5.168819641470725,609.3496238112832,0.223945885330477,0.015562743819879947
73070,-7.462482792052732,-5.440140222107321,5.150973997240643,1.6149415594279317,379.7815299461324,0.4966370155785862,0.01556702672407983
73071,-2.6166985007133112,-10.212144977473638,4.123632483804783,1.000814263535674,210.0876438638803,0.8852440826449852,0.015567270652444894
73072,-6.75683184897544,-8.698210921575825,4.702979846718986,10.925759153197067,612.9761915217887,0.012788515694611036,0.015567784731681548
73073,-3.8985977755832915,-7.519840177720916,2.5951820438216524,1.2799371470306495,276.6424589648814,0.5240810022238866,0.0155678504874137
73074,-7.182990084059983,-10.685175408523584,1.492123948645925,0.5499975518092526,126.46920359608407,0.38714748057061144,0.015571127637580314
73075,-3.6700917183060664,-7.508960185807926,4.134349402364856,0.9041110098387432,239.1298394044034,0.9375946674179056,0.015571504817813142
73076,-6.712012335964813,-11.23700098253693,1.8066294072921676,2.54501433776494,460.22829873921205,1.7126110958877137,0.015572892944253678
73077,-7.103130284163628,-5.40586573320779,4.522440474860957,1.1084242108621165,242.98378220967152,0.19621494746739288,0.015572932024083993
73078,-6.899907822826523,-5.1653382679767,2.9150504251579625,0.83582735904876,166.81832238049702,0.9354861366962757,0.015573437937077106
73079,-5.158065472701502,-11.581650234019683,1.5166072543222426,0.7083907512653255,468.75949650810975,0.36532853835330936,0.015574530477404222
73080,-6.88345777450257,-5.385109801441004,3.3902113569254775,0.9959013010146813,270.1619364251599,1.4314372209989,0.015574812997932957
73081,-7.332793701003647,-11.949814669941322,0.6394605219787999,0.6778909140591445,136.79924568826695,0.6522599191404028,0.015575041090839004
73082,-2.9639373229506436,-9.920994497014714,3.685815308202702,0.9910631855739361,234.17183434207485,0.4372649063879397,0.015576644201733561
73083,-7.1336037892675765,-10.290746320091651,2.5713806767953487,1.1962612930430165,303.029595641202,0.9051926112645248,0.015585360273544518
73084,-6.428448494809492,-11.518855732626982,1.4238405146669557,0.7756378036925211,220.11767953538683,1.4829694082982936,0.015590006222290863
73085,-5.121077413694602,-11.538654624993944,1.5387378050183391,1.3630468399737432,470.2879375932976,0.02420709646477004,0.015590329198774622
73086,-4.154126416499317,-10.321169744951643,3.0302339083215677,1.1681755984537454,280.748477742401,0.9299189616810324,0.015592432139359874
73087,-7.129106084125969,-9.380697087999014,3.582062234701791,1.0883032487214914,467.06647832180715,0.054413229379527195,0.015593545856036695
73088,-4.850930802032663,-11.081303115974904,2.4836864116246136,0.8906368189800887,229.09130455449736,1.1631271261102691,0.01559517160750042
73089,-6.758479783824972,-5.969387476032545,2.5125665387527554,2.532580154282385,453.14703548466406,1.0313289153723906,0.015598145687021787
73090,-4.908401254823266,-11.316656271837564,1.829154549457894,0.5494653330294227,131.3292046811674,0.4176373775178659,0.015599856146636396
73091,-3.6191112406561565,-7.927122100634481,1.285505122056282,0.8526923632151032,194.14772824483774,0.6351935673315046,0.015600673787479587
73092,-7.836984939271695,-9.952331712764584,1.0232083340770677,0.8826013297842276,468.3115359090122,0.9205096540676969,0.015601429701404443
73093,-5.9037330263127945,-7.728671561433634,0.9631432765408261,1.0719711837530528,213.69126200279288,0.9653298822326848,0.015602351686934367
73094,-2.755182838939108,-11.868109125449239,2.99910263828439,1.0008902033791824,268.6185640861309,1.169816758818098,0.015603664410616025
73095,-3.8745854363855914,-11.278764769658034,1.759967107626987,2.4837948160608367,454.84345659268615,1.866636398191467,0.015608222399174834
73096,-2.791359783705783,-11.980505421249674,2.821709945407907,1.8482711481747043,469.0487751280808,0.010447917231321213,0.015610736343301347
73097,-3.752071551123395,-7.46444749543004,3.768454036332382,3.0704124461408564,491.2133019976194,0.5676510917113236,0.01561177227977985
73098,-7.020820656295759,-5.624540426020978,4.4196038048069095,2.295721223781806,434.4919598798053,1.5103217605596706,0.015612468159612826
73099,-2.772271068407952,-8.032999507734022,2.69618153935244,0.8347212034938492,233.1560152342305,0.27621916924991563,0.015612564220633663
73100,-6.461116995998195,-7.018098170773481,5.114176860127012,1.4031816573845421,338.17996525177847,0.5483401150166882,0.01561575618988742
73101,-3.2591638366055786,-8.329475627620575,4.935276169207082,3.9479744929633314,553.3976678073574,0.39844307705560755,0.015616099248647803
73102,-3.1856853936292033,-11.296909838085321,1.7226559029750823,0.9680331825589572,267.2245730551495,1.727494465317231,0.015617589926216017
73103,-8.611730502121516,-8.281065790305059,1.1483462362791974,1.3119984511746987,315.4847773172002,1.4210310419113048,0.015618901693595038
73104,-7.798820433065088,-8.94610664761351,3.011644562049778,0.6380487631655061,163.39042118309104,0.577196578153818,0.01561893546806419
73105,-5.088798826665314,-7.8549767489438,5.154772951812199,1.9098738947907064,468.35361778204884,0.46834109678267666,0.015620297308275763
73106,-4.149329231543206,-7.836028639996575,4.963122623638837,1.1207591880795962,269.83297952715884,1.296627382519345,0.01562509686138698
73107,-5.529577864684746,-10.4587366988791,3.0126880996122374,1.2006527763994594,176.4687772627821,0.3197240093125737,0.01562982237010726
73108,-8.490983828867236,-6.97343372496588,4.245978340691991,0.9517625763732093,195.15865165119516,0.041874631599155165,0.01563194139941194
73109,-6.104861155084853,-11.351387237359633,2.3754606386393857,1.150718095772495,248.5503231209039,0.25183316170915404,0.015634813891713655
73110,-4.200570375998617,-9.977518343824023,3.341202664129024,0.7939874000180845,234.1945903064491,0.9038329396184901,0.015637586430109547
73111,-2.363913787650091,-10.029568438038657,1.3329612746357347,0.952983306515633,264.4271807389466,1.3319660605767778,0.015638394906234067
73112,-6.440708408912377,-7.317466427913506,1.0657575178719352,1.5023891260696676,341.48561502064257,1.3406292554898078,0.015638556698641094
73113,-4.995852678188441,-10.955280681202881,2.582057418334317,1.7024991124114668,367.48909889811694,1.6160507086961555,0.01564485491486152
73114,-6.592704824862509,-6.676013107638416,4.71525997888985,1.4116638975657712,468.7641130370963,0.8457813333099837,0.015648810868152358
73115,-5.950723124045897,-11.40361056335515,1.6051142400832679,1.0539619616942373,265.0357170320794,1.6406705210724235,0.015649517246379065
73116,-5.234812722642486,-10.829085261977625,2.69782463310934,1.7404614513506356,468.4834108891939,0.5608062609733313,0.01565112537182764
73117,-6.962375499727768,-11.461854119693959,1.244369408832144,1.2833926081293392,468.21014395657437,0.30453351214520463,0.015651484981145602
73118,-7.028744168817213,-5.55347307672574,0.9699210032657568,1.907990629168303,467.8001382704045,0.486612259130073,0.015652456595876166
73119,-7.62126518670525,-10.59604308980504,0.881783062432915,1.6752042791936115,358.79013827574084,1.1221682045185082,0.01565482799206967
73120,-5.15218319182096,-11.328177308913434,2.310738014687618,2.9099880816310857,490.22276078308505,1.2762843963377017,0.01565488559675524
73121,-3.635117211384923,-9.969168256730796,3.3310651498398283,0.864176171106724,469.4574823693696,0.1592147841946483,0.015663121128582598
73122,-2.5221669735560273,-11.923463948103116,3.54649063433791,0.7795623926636305,155.8292546797836,0.1744631224919555,0.015668417700958368
73123,-3.3266230760027824,-11.265108449529517,2.0844627379891536,0.7717672081029416,158.0211520234585,0.710625497333151,0.015668728750540515
73124,-7.323597198043962,-6.630995729145339,0.17479050462224405,0.49992044734274665,123.17656387596925,0.7503626184897536,0.015669573958976776
73125,-4.065096527192468,-11.246354799212789,2.2350129713502933,0.6167390908497112,157.7246822874805,0.30363310127352516,0.01567692186882846
73126,-3.492589384980853,-7.472378258763837,3.7158116774443464,1.7891888760536452,425.95329364843127,0.2891478227597153,0.015679740681733455
73127,-5.367626827589483,-9.549848233974725,3.8294848718001346,1.8144708443652742,432.26093777392265,0.04492433725083078,0.015679966004297326
73128,-5.068471570086409,-7.329139721683347,3.193122388213235,1.1094492637771654,287.4301256789926,0.5617628925930402,0.015680126480997945
73129,-3.326090072572333,-10.858397556944285,2.5764306412920313,1.2474936681276712,268.2548582126917,0.8276729525868509,0.01568043572276432
73130,-2.9773496141878466,-11.067044617664209,2.7490347603420178,1.5183520333751022,241.73243972462433,0.453706594488243,0.015682863213284905
73131,-2.515969711075136,-12.065564340771665,3.525174356818821,0.7049753750101083,157.699922274116,0.35969098747400974,0.015683359681925295
73132,-4.8556425715683655,-7.362763849111319,3.561079831228974,1.8050439427961131,438.04705385160094,0.8018904831732341,0.015684579303872032
73133,-6.5521026011436145,-8.439330842226113,5.07101536082439,3.5901558854346205,382.77573741702906,0.038015393555774324,0.015686198881974724
73134,-5.943190233263848,-11.34190296161199,2.3845497294093767,1.870166874311577,450.91631409886367,0.16806411883547323,0.01568622493945881
73135,-8.830029564234364,-6.611783800057358,3.557544960425429,0.9321109290869409,259.1505913351445,1.0475631387125413,0.015686988284709335
73136,-5.287165984393797,-7.2732645450397175,3.685287355593154,3.2772468406397026,389.7845063803587,0.026983230126173652,0.015688669696803936
73137,-3.8462369782946224,-9.385979346770707,3.915646711231845,1.3252688804762123,327.46555282670226,0.36558797006064303,0.01568932920357835
73138,-4.892028484922512,-11.227147858751557,2.3618158510660776,1.0430371322171703,211.84332962025195,0.4041949900507733,0.015689394387572216
73139,-3.2428956403556075,-7.9961332395477065,1.1522738541921012,1.1649460024620142,467.40690982206394,0.4601607321335992,0.01569063218004206
73140,-3.429923237244399,-11.288894137111477,1.6903658310401373,1.09626751166938,235.16601686156616,0.03631129973300151,0.01569099970570122
73141,-6.488823090471091,-11.493597807184896,2.042228691410515,0.7132810773195314,467.82339874266734,0.3895638225670943,0.015692880843457012
73142,-5.581447355932531,-7.559749785581325,1.655946699454559,1.0090744060855237,469.75543192021934,0.016129723173254007,0.015697140251864337
73143,-4.9005516887653116,-9.837516830340114,3.497847885592302,1.1110126223530825,290.0711935895667,1.4691128736302277,0.01570172390185807
73144,-4.808872504584248,-11.316351314889712,1.7753159079570418,1.8450229423678515,467.67432113758457,0.30101064037587744,0.015702040285974543
73145,-2.5531555339497416,-11.998092684251816,0.1086849826671043,1.2703473437883528,303.9489202744789,0.476592785826905,0.015703382209377455
73146,-6.071426937175675,-11.593558484062816,2.1248520321481856,1.011533575847111,278.19000526979823,1.4370446512992983,0.01570403945113223
73147,-2.9768910653814498,-11.627484997821107,1.566642270679323,0.9471899723005218,189.6342197004646,0.0654868173518004,0.01570503208263971
73148,-4.954501394098401,-7.347502418245166,3.4202787961393555,1.4127517110860013,308.06571620562505,0.3472378009925219,0.015705156416137636
73149,-2.391250220663,-9.863104657964502,1.504994864275278,0.6530359529805894,134.0524700057656,1.0976491622852285,0.015705253355600395
73150,-4.606323596058673,-7.838894528379731,5.027724612505304,0.9267769369041449,468.02463982144366,0.10754540474996066,0.01570591231085507
73151,-6.396437412779461,-11.314633317479139,1.6056412235206536,1.56564126074745,358.5580385940427,0.036358159896354714,0.01570764523956718
73152,-2.4921388023692277,-9.892632161848969,0.47782335416116223,3.455144817357944,529.1861138633961,0.8381600035950791,0.015709539917120555
73153,-2.975414871409292,-8.287470601681417,4.9717893565688955,1.1153976666220002,287.00692746633143,1.3826388974339965,0.015710434859138717
73154,-6.235124953292753,-9.56329904990984,3.8440932037208566,1.75110078229389,414.42928618185385,0.40915187171153544,0.015712501310881782
73155,-5.956078888126395,-7.242178100735267,4.847179569954428,1.0968456325219322,284.49987824420026,0.7333563156279386,0.0157131434942126
73156,-6.203016104073505,-7.132125140229338,4.927576026408951,1.1418763691839753,298.75449401640816,0.6226629533173229,0.015715695065132988
73157,-8.972788300995468,-5.055586880116887,3.0291149430794695,1.8023613542002215,428.5070863594663,0.4812453822573266,0.01571814266716547
73158,-7.534156465015906,-10.017967615078875,0.3817216647255016,0.5737308659949121,178.06152564230635,1.3518137725412407,0.01571976815244449
73159,-5.0161290019914615,-11.277192494126258,2.332313422135835,1.278034214630139,291.798057611851,0.12693016076203456,0.01572187826035543
73160,-4.200657780149175,-11.28744809590303,2.0758728678703937,1.4594730394748647,340.68646805608137,0.5146733464501771,0.015722034238880758
73161,-4.282350550407993,-8.660346182790304,0.21740775243463814,1.1687954489175156,460.2808792056246,0.1520762658298871,0.01572383791341586
73162,-5.45713807256898,-12.411102195166388,1.3489825393755048,1.3096939338173763,314.91504973285873,0.20066048402790937,0.015724105254179836
73163,-6.12507747460848,-10.90136128032786,2.697145018546437,1.2521984793270247,468.38800181328963,0.6213333733625106,0.015725061499181694
73164,-4.052743084795322,-11.015393858206389,2.463791096356224,0.9945368006891889,274.8936120419377,1.5228895775485656,0.015726570425880403
73165,-5.720417818067702,-8.599189806838341,4.90566564571472,0.8199035060257641,158.45642627116726,0.1402840174909885,0.015727167617640096
73166,-5.235707519753819,-7.312347485546882,2.955874119357943,1.8250596387864355,468.1079998699653,0.7353617468443057,0.01572805309562761
73167,-2.9175215463570154,-11.805072318826634,2.270674512231333,1.5839812617206832,370.0156399700214,0.630352237575539,0.015728466535629922
73168,-2.82088995363209,-11.862478032569577,2.763475756572308,1.1039038491531004,219.69942268466772,0.67106259119464,0.015728794705916843
73169,-7.221197325222625,-9.995820121311878,0.26411978795483904,1.865250371796718,469.9840327563868,0.15887920806561606,0.01573028078295175
73170,-6.368103443435388,-8.867228150515285,4.618181276190262,1.14892142377083,468.39122087546394,0.533020036511549,0.0157311910203304
73171,-6.382533893559588,-9.211395582416813,4.211867513807284,1.1289769518916764,290.5471173934148,1.2900228443098172,0.01573315398602653
73172,-7.032119373981331,-6.840930195231827,0.5221732142298887,14.807673989491425,568.0087874822344,0.08968606260222511,0.015734844262481704
73173,-5.982584363961306,-7.390058045967029,5.16626236754027,2.189739428921384,420.40230609513503,1.0899571542012882,0.01573935068061191
73174,-5.161831803010302,-7.46109580163959,2.2587201488337545,1.8803741836327004,468.02440470413245,0.27354971812263695,0.01574154818558044
73175,-5.714048633288511,-11.47763294654096,2.248557618981237,1.0945751623144733,467.8030246418454,0.914578416542505,0.0157421862359597
73176,-3.695389081415364,-7.520216226117719,4.149208434354446,1.8316496689865678,436.0130385940862,0.628943729475786,0.015744019500588985
73177,-3.6838087542965425,-8.093199352783365,0.9018920558309438,8.217897415556784,720.4636961045542,0.25633666608145766,0.01574950134340231
73178,-6.653780148250697,-11.809657841311422,1.2867901085915465,0.8825111191910039,184.0441386904791,0.4774101879215502,0.01575154812923036
73179,-6.827386581578865,-11.077264522946725,1.7199905490556189,1.5194860305145819,468.07160429103465,0.7147849696038309,0.01575198558930458
73180,-6.062064628217687,-8.21672374870299,0.3296370769875581,1.616611577622093,376.5005448321623,0.28026424666382344,0.01575392576367954
73181,-4.146613823326971,-9.661785076073421,3.6305844050249103,0.8519304489289539,467.60768554597934,0.44358033824839893,0.015755158430050063
73182,-3.696493102268307,-7.505364505102332,2.7575588283812373,0.9687713392607368,270.48229109714913,1.8488437867738874,0.015755462265626966
73183,-8.61505059421034,-5.452348266958821,4.103410141578824,1.0529772755953966,259.04283732363245,0.9390816011452001,0.015756264700888208
73184,-2.76697791081613,-12.088754934672147,2.0004434740503685,1.1504158213779394,238.5845654859009,0.025982208885350744,0.015758395258336895
73185,-6.125180832920043,-6.886431503207466,3.343525381459853,1.7099819691048832,468.6087578381677,0.2887500774681886,0.015758435760696153
73186,-2.363845237916583,-10.03287281348738,1.3346675249774278,1.7810697310990602,467.5958710019505,0.39902621121381454,0.015759346561925635
73187,-5.564337745825782,-7.794515493825269,1.0486327615333988,1.0810699099258212,253.55160637671446,0.48611397067391326,0.01575997122116604
73188,-4.132163340008107,-11.639083248119809,1.493429776328749,1.0302930656462557,220.35103569133665,0.011091962090566732,0.015762283359427393
73189,-5.086779730010205,-11.395375963533338,2.044891391505227,1.107958375355319,293.73014010499423,0.5965931150740955,0.015763902969598547
73190,-8.738159370762663,-5.0287195900669985,3.772026316086248,1.180142558574898,301.88741201756426,0.8441557102429851,0.015764214040820818
73191,-3.015888750509859,-11.786027513746866,1.500102470995099,6.047056750924943,661.9111307500843,0.29191102055438467,0.015764336093109923
73192,-7.286881862738179,-8.240671604741749,4.8386735286742155,0.9042723160339536,239.0329987267472,0.7833406735305948,0.01576707663044043
73193,-3.465309838271226,-10.424590343585184,2.9182029789871082,1.1190780382300218,468.0819805784857,0.7743979224103379,0.015767245774195436
73194,-3.7234113148709085,-10.22951797603092,3.0973578311224608,1.775257085742848,423.1744750093631,0.538393035042545,0.01576767412774198
73195,-6.297173875027715,-7.274991990876426,1.4719092733874002,0.9965790231244802,198.12378546839517,0.8621396341706946,0.015768726705729385
73196,-7.070713154440028,-8.405467271053839,4.843430059281405,0.9589738202421256,260.7299825664895,1.1387266744933253,0.015769820505315967
73197,-5.610481649694997,-7.190439573028906,3.924576149242003,1.029619645905027,466.91035832817204,0.062248124292005436,0.0157729417287081
73198,-5.280394936950144,-11.508300942331303,1.541669477040293,0.6788486089239966,368.7344930691169,0.4284842816876653,0.01577770555552224
73199,-6.503382785573745,-11.566107348388822,1.3859594144007104,1.5075857235126828,357.40121372322574,0.43091184712144504,0.015777738741589678
73200,-3.4922831453218155,-10.852246592343572,2.583001700549202,0.4501339711738286,119.38286804281496,0.3542158780313107,0.015778266354294183
73201,-2.924077184492714,-11.475929636792445,2.595030151262342,0.9842649969071547,260.44857032230396,1.6456218702148684,0.015778598956272972
73202,-6.237799386810812,-10.915299330002913,2.672248636095023,6.599665529622363,695.3500486038425,0.5726919647526083,0.015780829089483802
73203,-7.6476179885211515,-10.335970091972293,1.0654757826071775,2.331095148235244,439.2700617354493,1.7610086324388918,0.015782002287028373
73204,-2.998854565705126,-7.772930851540198,4.148321744310969,0.9901881104869401,204.07797434370138,0.02136205137853686,0.015783048702687187
73205,-5.785085280783695,-10.535069771442949,2.9624585166978674,1.153069501145094,248.7769763747688,0.08550702280653066,0.015783083976265225
73206,-8.9498026523026,-5.174658671435398,0.8481835344360303,0.7429164893271364,150.0796364859913,1.0915365705988043,0.01578592556714818
73207,-7.0575174016669,-5.6938591599459745,4.5972120206217175,3.3272968007522516,523.2392238637641,1.1354357463423783,0.01578623161777705
73208,-8.030780393227948,-9.283882421427698,1.5181051931993303,0.9222219747631183,466.6779247170371,0.701252253874709,0.015788806430374665
73209,-5.9575706369707,-11.382737203058564,1.7313326377870903,1.6234802811378002,375.00321143428147,0.5003007301357814,0.01578983558810694
73210,-7.081209032664977,-9.030206971955021,4.052624075685564,1.88014146295702,469.8056850036972,0.16404498338882956,0.01579052240226445
73211,-5.011248286855951,-11.339374055518766,1.6986791165869561,1.7357490443586625,410.6058707613933,0.13284487124603306,0.015792992960437503
73212,-4.1088588906403825,-10.285232431338153,3.058654005255854,1.915318591995334,468.60489665292755,0.6497252355294858,0.015794399147818664
73213,-8.026219220472088,-5.234666972682605,4.998715518923551,1.7704714522732075,420.0259109014213,0.26048575593597967,0.015795610794315275
73214,-3.9588491460003894,-7.489719232266023,2.8630664198674975,0.8348937302475715,141.89265836062003,0.3521704157313579,0.015796316421558078
73215,-5.6305392386169935,-11.370936082275731,1.709358261860334,1.4966825031926825,468.1279208877167,0.6822993960550479,0.015798435600841293
73216,-7.052122352507764,-5.409128466406119,4.340372979025155,1.8326693507854357,438.0042835605114,0.5610358306844399,0.01580057944983362
73217,-4.397954247992554,-11.14090929502746,2.381349015694229,0.5788614606965936,171.23266362118775,0.8792727003756058,0.015802193144102236
73218,-2.9708641152034936,-11.408072300178713,1.8359848687386178,0.9788195535185099,272.5270088087201,1.3594942342402208,0.015803305283255416
73219,-7.2518079530801,-12.758798061214428,0.6125606071536152,0.8665075710358258,249.97120131224014,1.4416932068394042,0.01580610024750254
73220,-3.627128597311403,-11.234332421752168,1.8809439221083408,1.9638283146168973,390.5162292101649,0.9226972573048959,0.015806471707697386
73221,-7.1037104159031195,-10.670806571987498,2.176468409428176,1.7847570373907315,424.11349260528795,0.3421216256939097,0.01580764355296377
73222,-6.164236340242135,-7.408136193078,1.4132782177822538,0.9930490915288712,468.3665509190506,0.06540232311112248,0.01580929382476283
73223,-2.5988624424482465,-11.470379466669112,3.7319191882034177,1.57508839026672,371.4086931367231,0.5657289259836054,0.015810909517513204
73224,-4.378743660567812,-11.226010060910797,2.2842881684819756,2.797907213861939,477.132008138351,0.9291246638592279,0.015813141537824874
73225,-8.358878413567986,-7.700958618505548,3.737869803836382,0.9256861027344029,261.44523789708416,0.9832443232022889,0.01581370748457719
73226,-6.83690677138197,-5.59774085408699,3.218096854046329,1.5716332650365454,361.0828591668697,0.9227108766077396,0.01582233160820064
73227,-9.02429432479842,-5.523965808256298,1.690627342827763,0.9571654391019278,468.0785626252636,0.9190847298925311,0.015823675826757276
73228,-6.719629769634981,-11.29710765461094,2.0214828764762216,1.23370567875193,230.46875748773505,0.042420448668423205,0.015824377235821082
73229,-5.098326038155701,-9.485965410619837,3.863884821356528,0.5016225419897422,144.47209616358955,1.1694128382138436,0.015825025142974604
73230,-8.131202148876675,-7.5793315646787445,4.389390117454196,1.9055279303033308,462.00000149302093,0.49051754716282936,0.015826118769917814
73231,-4.870019342225076,-8.593527547021957,4.7997296645928085,0.9935338200754525,259.8287041251612,1.165614472540775,0.015826731807248633
73232,-7.4814890222540065,-11.003971764055109,0.5772109668532056,1.6128494651568759,468.4098159080618,0.3310293671602569,0.015833015964975654
73233,-3.142714380458502,-11.258909072240895,2.2815086088454444,1.8813825686227155,339.62334685644424,0.168350133767885,0.015833220373096896
73234,-6.166936926388578,-7.376762934753953,1.4523892287328388,0.8340856725588963,436.8320321435075,0.2116268137887216,0.01583352367963447
73235,-5.312807223065573,-9.60370814595311,3.756755394875308,5.354771013226379,291.2049947687551,0.24832249801297124,0.015834493096517348
73236,-4.938376279555437,-10.522504672533412,2.901227397027853,1.0846682990967365,220.44806684860816,0.9532360920305978,0.01583768733214358
73237,-6.06501150157596,-11.367657662799102,1.6603499102652912,1.7124439942453258,404.41103135712314,0.24367609058151007,0.015837851095372137
73238,-6.037050881116657,-10.122695379755328,3.3063456338008685,1.6717854088952473,468.88237928571107,0.2554524726137979,0.01583802656328159
73239,-3.7734020977276836,-8.04707566181553,0.9782372317694876,0.9508912960343546,467.7305570723337,0.3480287579727994,0.015839590821494925
73240,-5.068839757300568,-11.294869849200847,2.314382062817365,1.0974403460081392,262.7534657881905,0.821395839307816,0.015841742564873456
73241,-3.015048494501988,-7.692156412640967,3.794273578632881,1.1955342608509594,302.5479709407684,1.4178575275996375,0.015842463200539742
73242,-4.3911758623598915,-11.259475248721511,1.8546641739153376,1.0031279353860223,270.50970373050427,1.809556966899521,0.015842635673663532
73243,-9.040058424432786,-5.1418533133299045,1.8438936613475612,0.8481381815046198,468.7469632539659,0.21268771129350839,0.015847382018351355
73244,-6.913558199033762,-9.435112776454133,3.715389794145292,2.77126765292852,470.27580587081997,0.7486174075477079,0.01584934192862602
73245,-4.171428478414124,-7.604218544321756,2.1758660922166886,1.1587369841791597,467.511596179366,0.4149090758135996,0.01584989358421125
73246,-8.370582560624573,-5.475312790507499,4.568954709930636,1.0835618854516702,282.77621379332817,1.72359035120951,0.01585289465687419
73247,-6.640401114388269,-6.8548339065195885,5.111683437462038,2.095015057904274,416.484555300104,2.1988875754283344,0.015853258317300313
73248,-6.106047977045222,-10.53081253138361,2.967366593798868,0.7584024098239567,145.8757190778158,0.1881798559834893,0.015853331295141552
73249,-6.526429169205429,-7.0929026781849025,1.3635991665146816,0.9654535787704216,470.4987057456139,0.023815914288586093,0.01585482075320993
73250,-4.997061266653288,-11.061781581331967,2.4913232555845757,1.5878056816597033,351.3395381553742,1.254782923414849,0.015854898336061594
73251,-5.915766753958399,-10.870629816554466,2.7134885774591626,0.9050841135364762,258.06746630949345,1.0816958029088557,0.015857158560273536
73252,-3.1680785216413323,-11.266376495232068,2.141198631297458,1.133171678068699,293.54041212847306,1.0258285538597853,0.01585852185640157
73253,-5.531334456239963,-7.377307688567445,4.68775191029679,1.2342115066677446,257.1871676203968,0.03060007943437082,0.01586099922399694
73254,-4.61568316721128,-7.900049091810366,1.2614375833130644,3.215201478967924,512.7981729839997,0.957859764475498,0.015864245608042404
73255,-6.103554495665206,-7.5764395341932635,1.1160189070348203,1.3878315453916799,307.54222360181967,0.2709676246303676,0.015865518612135997
73256,-3.1323051832893967,-7.5634912914135155,2.8086554200728977,1.6596322499721339,388.5755034155373,0.45712113844410407,0.015868684322808236
73257,-3.2459421111570554,-7.509193605248125,3.959944699477717,1.4997775185948632,344.61658172963234,0.6842875657672183,0.01587320735517579
73258,-6.745901729846265,-11.249819620040817,1.9655599974841869,1.089790751325399,470.0506894647199,0.1589205962836333,0.01587347139217189
73259,-4.700500215364132,-11.312044543985728,1.952022625634981,0.9893505934361531,257.23529360526715,1.2413677701093482,0.015875082301498207
73260,-4.651239351607234,-7.8816869046017635,5.038246834109111,1.8483762937199535,470.0265884731637,0.19015379674956012,0.015875482860573928
73261,-4.220064958524605,-11.274165415220828,1.9817059591608785,0.6504082772648685,139.29690984660576,0.10579879259500036,0.015877116816654196
73262,-2.827839863322769,-12.375019133993531,2.358272013830664,1.2544586077633337,270.10900220285293,0.07847632713251596,0.015877130880938287
73263,-8.7143219941047,-5.033759290880712,3.8234050830278434,1.6450551602578607,381.0936658946658,0.3531813004390907,0.015877386320947526
73264,-4.755855765964402,-7.384599964712313,3.243967933632037,1.1138923216982226,293.5163310727445,1.580277074405994,0.01587840761505631
73265,-5.683814595035576,-12.707574281700124,1.312089953945449,2.295902327395525,419.7244159687315,0.5629179485263363,0.015879813027562258
73266,-3.508514347403601,-8.55529958916767,0.3236823017622466,1.2462314082309904,236.29873827960216,0.022163811301649794,0.015880547316097168
73267,-5.269403463590629,-11.336672184057978,1.8475719670484105,1.580571232471764,254.9016161191966,0.01867861196056264,0.0158817828213831
73268,-6.892223027277804,-5.221790418004858,2.6278718843489686,1.5248053797153607,164.77882366728443,0.2393299750017155,0.01588187761374561
73269,-6.3052215800891425,-11.200911926676733,2.4500031817721277,1.516829297173559,342.92937969596596,0.4031826156712297,0.01588229673777477
73270,-3.9023836410045085,-11.243744087130203,2.1984209148713316,1.462304933616019,468.0114858476662,0.43596650709212614,0.015883326634736426
73271,-7.487643712250456,-9.677277028482447,2.6259454408498075,1.058232068580908,421.7893502479245,0.27365900339042604,0.015883352280184573
73272,-5.073671828961514,-7.917235888566897,5.158158456815436,1.8423841388788744,443.5352758933209,0.220871643894184,0.015883535006415078
73273,-4.420862160486703,-8.58245308833742,4.769235623258195,1.784567606807737,379.53270226156513,1.9157486088829367,0.01588364952928666
73274,-6.926846450543516,-5.732010628325669,1.7030856884356398,1.2393283884874537,271.771375413639,0.5371156857418073,0.015885914500500517
73275,-4.559347785872191,-10.491829101502443,2.899691385223158,1.1427678424137533,175.8652750755323,0.1702242942109251,0.015886016190450457
73276,-3.187309180902399,-10.473520753740498,2.9053916064891374,0.845017179550299,200.81205014387737,0.07513981072515108,0.015888698733207758
73277,-7.270530040871808,-7.955293876655755,5.167141081332386,2.9125732283025516,490.2900744604445,1.269258922530942,0.015894675237067016
73278,-6.735366926040117,-6.450360191178618,4.630399215105159,2.300711510242385,438.5248532349653,2.240841632010423,0.01589536568949658
73279,-2.985961435521432,-10.058789701983601,3.500111525110611,1.5020548661558963,346.100370587005,0.16637978017297073,0.015895403051604164
73280,-6.6633929069702695,-11.208490650816643,1.7556107106978873,1.084085266743098,467.12238498538454,0.9250234981113614,0.01589806412687406
73281,-2.84979469521412,-8.953061905982496,4.804694126095447,1.1176863343503551,466.9622780467632,0.6205823227648386,0.015898755707905776
73282,-8.169291847035327,-8.769710773580567,2.2316784376028718,0.9309802983057768,468.38933085406296,0.4201906547039469,0.01590183951288871
73283,-7.963472423304534,-8.564338152331826,3.246122834188865,1.820586092736699,468.46039032493815,0.078242044569941,0.015902309757662412
73284,-7.423520979062005,-8.026406262490113,4.934928310602502,1.8138243710010946,441.5210639826713,0.24388242041696895,0.01590291784045432
73285,-6.872826890744959,-5.756705992103693,1.9345830279240392,1.1454884487436447,255.42827218255914,0.4832496437072047,0.015903097601253
73286,-2.5239808438038303,-12.172795522226417,3.5661524086152796,0.9789998667696318,258.62420477562347,0.5462333060101807,0.015906168295783306
73287,-4.95915477111423,-8.300269581320013,5.042582712637752,0.6407436187412998,184.8487921054048,1.122705921785438,0.015909732208923725
73288,-3.6599553786660124,-7.524440276023319,4.107607741667095,3.944236093761376,265.2587801718386,0.2337186135109981,0.015910234853323546
73289,-6.4008258768527835,-11.503049718664258,2.0595795970368833,1.2677346034135677,274.40082352986417,0.496357881219196,0.015911106021542703
73290,-6.186090120879291,-12.684346802475602,1.26846119935804,0.7491404896450672,154.064308428673,0.23294610615737543,0.01591244454717728
73291,-2.721735313368817,-12.544719378810475,2.074413718673592,0.9664155300234658,469.230436307171,0.6309136179932073,0.015915608036697976
73292,-6.103046019285479,-11.423051790403216,2.2904491394733655,1.2825106660945804,273.5541833677615,0.08574504662006976,0.01591894491143725
73293,-7.208059045646865,-6.245127823849284,0.37707033471053664,0.8143793368247354,168.0565469799251,0.9399588659117653,0.015921263525800037
73294,-2.848089287014915,-11.982179531600249,2.567703718080537,1.579886721557282,468.1309289447833,0.5188403916612492,0.015924656287427955
73295,-4.62151841265711,-9.114879708861416,4.227226803608735,1.705643012260098,455.336892275128,0.6683794230030697,0.015926491530845098
73296,-8.849529005274588,-5.281817534850737,0.6631410244760422,1.7701950116732317,469.6730737707229,0.003380727292321417,0.01593044863552931
73297,-5.544034267180798,-7.97695804429398,0.7810382568736794,1.0743796802011423,284.1378743995705,1.5059586140868477,0.015930780266310774
73298,-5.4288417283698225,-11.335079884239772,2.317388879156731,0.9482965601342558,259.2722334430516,1.1304210417470406,0.015932140406728426
73299,-4.2115107670850715,-10.665588216604403,2.734405068797402,0.8830109494457745,245.0964501964835,1.6098423614185533,0.015933075024383594
73300,-3.9119673653028784,-11.093367532826338,2.3761414256109337,1.700183509478174,401.86961874923264,0.9587687675056946,0.015938014392365172
73301,-2.939443891994875,-11.655029534092446,2.296453292676395,2.4064004797519916,447.35368479701737,1.86116199261481,0.01593805135334305
73302,-7.690889583212143,-7.517271153388101,5.133258786902947,1.0824925070614115,281.1144036426254,1.7488126007157154,0.01593827282178498
73303,-5.393385505557334,-10.852355945407568,2.68835755906507,1.1076765207369395,291.8044826637617,1.3942665439111925,0.015945509272750572
73304,-5.992912876333553,-7.0660157935461205,4.276859405412258,1.4763189192015382,339.8579790191532,0.50591989052102,0.01594811118661928
73305,-2.7114468581624376,-12.382335013624973,3.0601257333390923,0.9804702821665698,268.1308764084255,1.626112039260609,0.015949163200955612
73306,-6.171345829809655,-6.892056055607077,2.951508498167752,0.8467788754752835,190.8411989229306,1.2473870661244515,0.015951140575851987
73307,-6.7284741281627,-11.087269112950223,0.14875291326218423,1.3715530225994732,323.9304846490088,0.2054696611261866,0.015956520875464588
73308,-6.309752876741727,-6.854553810535914,4.364373260092485,0.7787429080991519,467.34477199928955,0.44573902562866063,0.015956586431944485
73309,-4.868239093107725,-10.673452998440508,2.767018513126509,0.5996443188541827,156.26069469561097,0.18966493735373202,0.015956623966108096
73310,-7.384512682290675,-9.86849550859796,2.5874239439278193,1.927359748387255,393.29974056112815,1.4338308573964103,0.015957131336332253
73311,-8.774455569499024,-5.278239120138491,3.6848543373739697,1.0493601958826115,275.7920190792867,1.6681613036356628,0.01595733484060367
73312,-3.004691480251881,-8.95803814838349,4.582339129728017,0.8545712573520972,465.7952673332035,0.5609430903178199,0.01595785767668971
73313,-4.247952179327951,-7.864336798247633,4.9785097107881615,3.9282776919795968,559.4428519249275,0.6542470290106452,0.015957988530512907
73314,-6.643249545993314,-6.262577490435133,3.576271466102538,0.8159466339051211,130.58763364763536,0.30780718454979095,0.015958737059460874
73315,-8.648286997559323,-8.00967056937036,2.067247313495187,1.6186112891594402,374.4801173784146,0.584088516071704,0.015960043790885538
73316,-4.593218471343463,-9.501821231890673,3.807301615266304,3.467918153618206,519.9607481003089,0.46904983835451564,0.0159602267250763
73317,-4.8857208410223505,-11.156756470742568,2.3866666585602956,1.075351435034737,161.9109288996247,0.1985365658916125,0.015960246394876743
73318,-3.062189980105858,-11.364543105463316,2.1984355727927802,5.100125314811009,630.0799790431648,0.7712970362577893,0.015962494704716886
73319,-6.807915652771282,-5.792666770317792,2.5506450337442916,1.3144522193979826,468.0799546979959,0.09235569110788155,0.01596252851697513
73320,-7.306768846830277,-5.874192625116111,5.1760904169580195,2.9693840826099764,484.26086662305426,0.6258776788200038,0.015962935437125597
73321,-6.8551209860432865,-6.538265634741174,1.1623293780110382,9.30415649672426,766.4168908692016,0.3066352459123465,0.015969044072145604
73322,-2.634550374511347,-9.823215361321381,4.279403308223684,0.7584604752748693,216.83789194404494,0.43066577333428224,0.015969130264785303
73323,-6.933337469767875,-10.624776699872488,2.5019356403899278,0.8466527782066176,193.50502795900326,0.8493375464896333,0.015969595325376555
73324,-8.896403342580083,-6.134881890784445,3.389403335702032,0.9303562110903268,467.36878632538753,0.2850189502530469,0.01596968194235953
73325,-3.4501396958713713,-9.0520641374396,4.253682778075563,1.0396932850625569,264.1358450186978,1.2117006300072548,0.015970481150446473
73326,-8.376022436204924,-6.9755543104536315,4.466947367333113,1.0962847975893508,283.5578991358374,1.7565441885939848,0.015971157134338033
73327,-2.5933942065455557,-11.424057990146846,3.685756855051916,1.5961993838796786,351.12530502274234,1.3056683801215376,0.015972822317662227
73328,-6.5764043197927275,-6.465940304305266,4.040413178713318,3.908511816248005,264.5749293095732,0.2970711903829564,0.015973395799977582
73329,-6.849143039526037,-11.992283066877354,1.1801928049655042,1.0641038374312533,276.8363967094492,1.2259397804019434,0.0159738436385512
73330,-7.38152269733213,-9.512612154174963,3.048351909403491,1.1252091561568203,257.5576155902649,0.9312188157365542,0.015974794051577684
73331,-5.948382420019628,-7.025241454260882,3.1257015338210623,0.7257988778153533,220.49667137457857,1.2785384922779208,0.01597650744616361
73332,-6.353868830215898,-6.707448406621334,3.8217193675673404,0.9928616597494965,274.1486620574782,1.5428938747838652,0.015980468335831215
73333,-4.426365215128469,-7.719340823223023,1.7964506462897518,1.8719973484405164,467.89215804835015,0.2881790494758709,0.01598379396011117
73334,-6.624352994690455,-6.3904969140522505,2.4065935462182506,1.6129076601687926,374.0273092446584,0.5471010205373696,0.015984207847739094
73335,-6.841442362224431,-5.902519821325284,2.0168369747123553,2.757273364678962,220.96295696541614,0.2577177859724964,0.015989484104458038
73336,-4.813719207267485,-11.362347727056648,1.6292190032703644,3.0989096835476984,507.1275228935168,1.425390182479254,0.0159925353144773
73337,-6.802704601280517,-10.227444899291024,2.988119280010084,1.6071466910558503,370.1735950314649,0.16586783364032343,0.015994049459151276
73338,-4.850767992620144,-12.712784106889437,1.3366027291162392,0.9604880670482533,261.30138018759556,1.5584361421890618,0.01599825752140047
73339,-3.693988491301605,-8.858770923125293,0.0970707124678943,1.8526629797857341,443.2860247910694,0.5161226972642874,0.015998525358277584
73340,-6.816177902972029,-6.266943841474925,1.7459266285039095,0.8746136342876115,468.05014710465565,0.7024686020828872,0.016002291278396547
73341,-4.310247007918776,-7.559305540449291,2.379082567925199,0.8276775615814305,466.8272055792484,0.09347574804682779,0.016008378893889997
73342,-5.311594550191605,-10.146485373857889,3.23934813120416,0.8042333230896702,165.74655299720757,0.49165374904824954,0.0160108451740293
73343,-4.1823412369712,-8.007945661507161,5.026675588168006,1.853226408285638,467.5078460198419,0.6135138881792974,0.01601086741384093
73344,-5.854713906629988,-9.295071346056659,4.125258569512975,1.1490603795946468,283.5907018015038,1.246705489599849,0.01601348596900443
73345,-8.949224155619145,-6.861626988527589,2.921327964256421,0.8232138562094662,165.7365369036064,1.094141029013291,0.016013619646519955
73346,-7.599020985939001,-9.664128699130446,2.358497929534889,1.5478454311891678,352.0374500777365,0.1395511202916726,0.01601431476146117
73347,-6.195900176070889,-7.321538655243912,1.5401737864369625,1.4901579579619475,341.7770281355427,1.8810483419104562,0.016014878117057884
73348,-7.600388506644704,-7.0835306468866195,0.16698540809541332,1.8942652459385771,468.8950465056071,0.4600738135778579,0.016017335860030773
73349,-3.352576461202289,-11.193405943266391,2.2100940903647497,1.3411008995892129,321.3952005648127,0.3980583141672831,0.016017541889125648
73350,-5.746866644519515,-7.240334086918656,2.4287191289965984,2.857296960498319,486.7680110775014,1.366817087383967,0.016018854127046567
73351,-3.7651490283371816,-7.7372177255868815,1.8592147228565497,1.2011964364190135,249.78465933519573,0.067658347367475,0.016020550086204184
73352,-4.4920942321433275,-9.075065458824607,4.258918981928237,1.9135200241479007,468.46063106202655,0.6184045527009685,0.016024537453861443
73353,-8.974135181507318,-5.753397570560863,3.0647268901102813,1.0170087101039984,274.7802926360868,1.8221611907732802,0.016027086295768492
73354,-4.915581444813667,-11.32778172752266,2.207130531698499,1.4409400196086828,469.94916009447724,0.1757993712139827,0.01603830789055645
73355,-6.783114337822892,-5.841496593966709,2.726623729847554,1.2934419402164883,298.549443788815,0.6437419879785358,0.01603872204621075
73356,-7.11188944135533,-5.824295006697867,4.8200673770816325,1.5032954204902582,346.00990682448077,0.61186863896011,0.016040809894043263
73357,-3.9458108163802343,-10.654195319052542,2.7299251091622656,1.114432324416768,265.2465972564149,0.47871426430930164,0.016040989316836656
73358,-4.444653416460201,-9.550094993640124,3.7445964527032554,1.664592844335669,389.75449055020164,0.8331196198055268,0.01604241853808492
73359,-8.331888785639103,-8.678271054721556,0.7262544864998028,1.7043637522491997,468.5487150444992,0.01578160082092417,0.016045808697133734
73360,-3.0787310780632655,-10.40853570369121,3.0628001837233816,1.855017999229982,467.5495304281725,0.6336551056135127,0.01604658832264309
73361,-6.5523279710661875,-6.470990509259873,2.773581500172409,1.759509936879751,416.9254757074663,0.2899761556837577,0.016048258498145944
73362,-8.889736029002735,-5.077005884093208,3.3288520973998517,1.2953708017054182,305.0980332168799,0.17035234427117985,0.01604972381570728
73363,-6.075138614559222,-6.960095256983735,2.9769203693979134,2.054097896359759,406.3857844075284,1.212903776839064,0.016050684486806348
73364,-5.502179820487341,-11.487129057188303,1.5333580691709052,0.8824727650354836,467.5932908005171,0.13148406559858117,0.016051742483546398
73365,-2.89061483560711,-7.845495333523113,2.3599073784916933,0.9280400248975379,209.23434454394484,0.03562067154021076,0.016053549168272636
73366,-6.475513237061886,-6.963185542116283,1.7262506846188146,1.735366363944046,468.209025891976,0.34834563270954444,0.01605634606249617
73367,-7.317136553240182,-6.622126755086208,0.20364629281268287,0.9947323935683599,272.0667983661667,1.0139976039134178,0.016057104056045938
73368,-5.506008099341146,-11.120182040642243,2.4848944220274234,1.5417654179187241,360.19952014336184,0.35293945266872573,0.01605783757972098
73369,-4.622019157364658,-7.610497762599836,4.701019599493648,1.0507580704164488,281.2317749164171,0.9855574360065393,0.01605980094370443
73370,-2.5765144387546126,-10.267320798918671,4.021257022637496,1.8092461517644245,431.65056102754295,0.2526768365364678,0.016060772175664265
73371,-8.854547732356917,-7.521040484276868,1.5275745038352693,1.7864137794906896,467.79068500020804,0.676578632078237,0.016060772892198635
73372,-3.7286555942056285,-12.011704736482537,1.4125723185804677,2.0641038214644216,410.44544469448397,0.4541472026508524,0.016061987864468538
73373,-4.320943707678548,-7.851197989424392,1.452597970605209,1.5858145223469329,346.0351907657363,0.8160502778898948,0.01606259453720623
73374,-6.026451083006444,-11.523441806192384,2.111386840051213,1.3429478937020716,303.806687699051,0.822065506425564,0.01606538035233973
73375,-4.483758651767261,-11.29099168719572,2.083659038775157,0.6943923875123874,167.25616142225502,0.8209430859228215,0.01606600966938797
73376,-4.141196639546773,-11.235646248143656,2.2053460790101935,1.0236301378851067,268.0418299324788,0.6106318992858073,0.016071572861571983
73377,-6.784831056477014,-6.459292869886664,4.770622517607449,1.2708483158512227,299.129751722778,0.31076041381973507,0.016074581285712815
73378,-6.973078103809403,-10.91014902316201,1.517026829324797,0.8037872286713182,186.82477672402896,0.30033014319099127,0.01607685970099689
73379,-8.193341511442114,-7.72834006178803,4.066235773042811,1.8124794120340868,468.9024831942547,0.14536606944858743,0.016079847588791978
73380,-3.887543630097082,-11.213256686391775,2.177990437044216,1.079942866704556,283.76099299426556,1.423955468040421,0.016081473592004975
73381,-8.507567833638996,-5.303505848571933,4.286393227182701,0.7255501525100713,468.27055120424535,0.5090814051565085,0.01608315696837996
73382,-7.569889242070147,-10.630349031316637,0.9672149441960438,1.1338403311706924,290.6013604428369,0.9943764337604959,0.0160834387648568
73383,-3.8818685817558896,-10.809545034132865,2.6063421223492345,1.0885085176717986,281.017832206004,1.3007460758840184,0.01608425149110596
73384,-6.66476198967188,-10.068079665446671,3.2165736815739194,1.069901609182619,278.83581182456794,1.3694468025941964,0.01609005016807387
73385,-6.934589091075621,-6.254826972739575,4.837299036931299,2.9753370029992516,497.347532365004,1.5311337882293508,0.016090343841991914
73386,-3.28399939173927,-7.624265503190303,4.495563454507448,1.9008663210786059,467.65129767617884,0.4881778797409613,0.01609102671101458
73387,-8.302011181560324,-6.571835802450447,4.752672822740417,1.328423536676043,325.0803014648653,0.41074893302700577,0.01609146812814522
73388,-4.251867685529285,-8.423765998122791,0.43811923182179935,0.8214420734121167,469.8988551600328,0.19765159573498892,0.016093399764643433
73389,-4.54837522252829,-7.766606391846183,1.6662382552275372,1.3852031423136104,334.7811333099289,0.47857886377419323,0.01609690956125246
73390,-2.3681331200425015,-11.184382542448084,2.0706439878809992,3.4138713611011107,531.3627524399989,1.4523553513392535,0.01609820287907446
73391,-7.432632518131713,-8.159885883714505,4.763095130413555,0.7700876868101313,163.97642346876816,0.03345015607411117,0.016099811727092354
73392,-8.10816640824223,-5.420725875171683,4.9259509523593765,1.5929287945810633,354.5065432563402,1.6695735439408885,0.016101208341454933
73393,-8.484072667478621,-7.520066394663362,3.6803120483824454,1.853305925503143,444.9743368988119,0.3213630144369617,0.016102451034395032
73394,-7.046645082435514,-5.232169623895204,1.2124235034141162,1.056699383919272,468.8714145496452,0.9161895103200894,0.01610285991608115
73395,-4.645350983822135,-8.085438581622231,5.062239016125313,1.3340374591416482,334.58368273936566,0.36951330670572524,0.016104036270133074
73396,-7.137645389941079,-11.373776275797653,1.1477821112820343,1.1016531513196117,282.8365930382158,0.8461969498678812,0.016104591446808175
73397,-6.976478125188956,-10.939864640383481,1.8554364618274484,1.0311279837668825,276.50168166763564,1.676011264500283,0.016106998398349708
73398,-6.601752402768051,-6.726897919953796,4.805469976301628,0.7910502104882012,234.8417092519695,1.1364473671261086,0.0161074367909167
73399,-3.5833085834194245,-7.597791853298907,2.319057685160377,2.0658299085133764,412.21131559735875,1.9039847654535125,0.016108701601679803
73400,-7.329137599412429,-8.137147437806615,4.905650250539079,0.9754362071140882,264.4762208055595,0.8969980733029379,0.016108828200221408
73401,-8.873195668360644,-6.468748741078143,3.431829580163702,1.0275873083336624,277.25656137986505,1.7023974017811154,0.016110148975565005
73402,-3.1383266280318276,-7.652707713459097,4.297535990258666,1.0326500403294903,268.3127608731958,1.3725071663058523,0.016110346089274575
73403,-4.603504983467012,-7.43494453289484,3.85441969211211,1.8595940493382657,467.47321052631037,0.6045176416622668,0.016111735164321496
73404,-4.412568225150187,-9.251933252997965,4.06573682229313,1.3530564099660005,329.1756258637578,1.1517354442108543,0.01611175752058684
73405,-5.378011720940715,-8.551895263105655,4.890291700631151,0.7503124545342275,160.79220354372745,0.0620268990479067,0.016112033551967435
73406,-2.871837031788771,-8.183020441344233,0.8625804624121448,1.2040866921401536,306.49084308544025,0.47982142536862415,0.016112077266531865
73407,-5.942817794701158,-11.518643355243098,2.1487953963992528,1.0860515906057788,468.37973506961816,0.5286510382090466,0.01611479723615801
73408,-3.5330477632750608,-10.419657592073577,2.906590441363008,0.7141943149151719,152.5831447670924,0.2862990603172504,0.016116429048556178
73409,-2.3652468692394155,-10.866191445699997,1.9247627391049433,1.1049120300851836,289.29354962117947,1.1395685631228414,0.01611649792824029
73410,-5.398340133060384,-8.569057778800952,4.8782565088133785,6.689824415319379,434.79348429882987,0.10180330666765247,0.016119968245987853
73411,-8.05423121900957,-7.872227569249202,4.1474242807480834,1.850214130065003,467.56414726843605,0.6349114487110468,0.016121113257077886
73412,-5.446284040890041,-7.260937278900911,2.9688203924318968,1.0583983019546623,285.07746718913506,0.9540207078831129,0.016130452927251175
73413,-4.020746409046911,-9.621538848143006,3.658329657973001,1.820217439218317,434.73777477406446,0.2505638176628464,0.01613065383243486
73414,-6.645454488231351,-6.330521191110379,2.4771441018042846,0.8537724639174609,467.8021165074025,0.20666949364087195,0.016132903851061028
73415,-7.0415360031155405,-5.147507155595525,1.35012655287342,1.022190216862643,179.80820000132718,0.138050468749781,0.016133229116591805
73416,-7.593793983496985,-9.545578718748422,2.5527855312618737,0.7225361066737577,165.36638002925824,0.5051386591170992,0.016134723906622975
73417,-7.283149726474836,-10.514176270105851,1.5145352703162271,1.8280517512557561,436.28844453233944,0.3966517996532364,0.01613595359605525
73418,-2.7022079591496526,-12.834432212530992,2.097281609751586,0.8521239636603519,196.94210042430032,0.7947476022852991,0.016138138031295123
73419,-6.737290431673015,-11.169225378863217,1.813506159890093,0.9327589476681228,163.67303431597176,0.24337497615967152,0.016139896223074116
73420,-6.821423759800851,-11.765693321416515,1.230057024993054,1.6509225500686295,429.53030016785647,0.11521647667245016,0.016143354008054826
73421,-6.076308910229059,-12.555734839741518,1.289105397126903,1.2073350282962132,305.56419893149166,0.6590858060697755,0.016143675729702517
73422,-4.025559934953319,-9.58878038308439,3.692244929712159,2.7638488711445617,455.26208506837946,0.35902317620915625,0.016150517653226764
73423,-4.962113787013193,-11.473277689330352,1.5439782752994884,1.4530309470713694,322.9541947247917,0.5425396624854315,0.01615144006907482
73424,-5.497396849787682,-7.703236817492341,1.3819039005369933,0.5223967728684871,118.60502432063967,1.085164050730472,0.016152153578948378
73425,-3.4871206536761337,-7.479907198227404,3.4404937971312983,1.2705735336674786,271.22304059529085,0.5525553256729463,0.016154289971285252
73426,-9.055881776122137,-5.720283058883428,2.53650433636095,1.4721752071710388,344.59794266023874,0.49566679312978135,0.016155289716614053
73427,-7.220787708415042,-10.582561754451513,1.571281433077596,0.8144256118745625,467.4567864310623,0.06825856300104416,0.016156922852351006
73428,-4.2469068269735,-7.444074220831683,3.596940386502108,0.9934477399961609,467.7846520333983,0.41798242153118625,0.01615804068326159
73429,-3.796228136824639,-9.437937952694591,3.8354120742551947,1.2322359125843636,242.66359180526712,0.04595433320353415,0.01615863612754796
73430,-3.2676792418327647,-12.13294979610592,1.3959997197954794,0.9909346919538028,261.7654143668446,0.5182842612367571,0.016159352267389335
73431,-4.166216477689007,-11.224644815469603,1.8394572152583253,0.7068821077182061,217.5649578079739,0.6082142926326073,0.016161502838632224
73432,-8.666844144720022,-5.7126969560101,4.001454579861359,1.7805426957491943,468.0530318658861,0.3199558088796488,0.016165354352321474
73433,-7.252235406104197,-8.653563765252454,4.342309001779059,1.860084437126904,468.34936721876164,0.7732787476420002,0.016169376245430314
73434,-3.4354227561681983,-9.006811747408063,0.019514655418715023,0.8794576798071863,443.5445577290339,0.6142003356728027,0.016169390284672267
73435,-3.232729623061415,-8.226555390565093,0.7509203448019951,1.0563167468672756,279.20577444072836,1.3179877502415716,0.01617208540776126
73436,-7.7314208390317445,-8.982295518509325,3.0907730799987037,1.1694602824492613,298.6202530732215,0.9281978289053354,0.016175731005418963
73437,-4.323922788160898,-8.784314194270824,0.14522269428865694,1.197923943027289,265.2687373343899,0.44667814176724807,0.01617986482127955
73438,-4.080932360842865,-8.788282382646976,0.1478682689148244,2.6306689608532094,406.9483514099123,0.14648586906880823,0.016180733909096686
73439,-4.1270442624112516,-10.387578291401915,2.9504029677980514,2.340389969383943,440.8079691004878,1.8147594951922121,0.016183209220888336
73440,-3.3545371670007293,-12.422268558323498,1.3629431240026186,1.2135021446770404,270.19555983953444,0.1606471277440562,0.016183473997419696
73441,-3.503660553539751,-9.016184589923768,4.288433198306315,1.1680883011154293,289.32470044040326,0.3567562118000538,0.016184801812980168
73442,-7.414698568908991,-8.608835614917282,4.197162937009779,1.005593661872315,198.01496127569135,0.06543285810795485,0.01618831557221362
73443,-7.155145616752017,-12.19252426512362,0.9588795375555064,1.1224603906465527,289.6320662607868,1.2558394655090988,0.01618923926617404
73444,-6.227016793273998,-7.891234796881882,0.5800185442587662,3.8545526983370015,508.8183798125568,0.19020267279323733,0.016190161180907915
73445,-5.253170685610231,-8.57718901395684,0.21697149058785153,1.484132706918441,338.2506372872548,0.19705415665939885,0.016192528147661273
73446,-6.082817930063877,-11.329151957492845,2.348796516812953,1.3178151373233624,296.8229851175368,0.5247170097167242,0.016193689494612043
73447,-4.986265491022656,-7.437770145622678,4.319127353882454,1.7225352981344022,467.3121937648972,0.08379431227594036,0.016197463063537764
73448,-2.7002197486971333,-8.633911129062994,4.181838640191391,2.1299009706575824,412.8299224686264,1.0128986228066994,0.016199812995934586
73449,-9.036006755125111,-6.1479756417960685,1.8534836924475377,0.8797829482134496,198.80806639524678,1.2558181083085582,0.01619990361964327
73450,-5.099002665087224,-8.502322858836848,4.892427536710417,1.6127237074797496,467.8679584662999,0.41895188237127456,0.016201690782763015
73451,-2.7154215979886143,-11.025119121317587,3.482413962408175,1.733140086750927,448.62363898232354,0.7115123860123589,0.016202797517153613
73452,-5.6058610544624425,-11.344149542353188,1.671777842350289,1.1212223517598543,290.05315932593095,1.303482032867267,0.01620353655256728
73453,-6.009503033135409,-11.184117713203783,2.4643455218323633,1.0547931334363725,210.85278613812318,0.418968865254822,0.016204754630783417
73454,-6.918505287686976,-9.809657841647862,3.2943482563153297,1.7716255464399744,468.3213942678632,0.6663731225812262,0.01620516607548645
73455,-8.030086138004952,-9.484186763818336,1.1093956809015721,1.0773267343462603,301.27327930179985,0.8685569658046175,0.016205308162180476
73456,-6.615376497289688,-10.913595984276885,2.521528619215655,1.8528589153698862,444.37699540066177,0.11140694069814838,0.016205524508187158
73457,-4.200824743054538,-11.510173016507983,1.519723667414566,2.0592131037651193,393.3221380655385,0.5790559610954391,0.016207875872919233
73458,-4.052198056077469,-11.392044114718765,1.5761930592221036,1.2391052755380454,297.02155327519955,0.33814388068799417,0.016212756618506578
73459,-3.771181928516473,-10.696595284224514,2.685497585961383,1.2124360525890878,165.73624299226313,0.20738770106053028,0.01621327974838546
73460,-5.864031512753999,-7.694809152577932,1.103413485676098,1.7944358246308079,426.78658141287593,0.11475369467684349,0.016219690727551403
73461,-6.069867966682809,-9.59039712826006,3.8054709432964597,0.9372449611257792,264.53012399900683,1.689990644360062,0.016222810641413392
73462,-2.9024519482603095,-12.35401955706355,1.442148836379711,0.9800281006890162,263.1374830826375,1.7229272902944173,0.016227576143844655
73463,-4.775149847194836,-9.886223776617243,3.4217273466022786,0.8388011842591836,132.64445620775453,0.2946052831567778,0.016228732443846598
73464,-5.007175444204862,-8.717415193132872,0.1504038190818774,0.6804636254362748,176.5946730529491,0.5549468708583509,0.016233895935788285
73465,-6.8829029783303115,-10.996743802367558,1.5117195907317518,0.7135750416012758,144.24494730272355,0.6025349069126165,0.01623455744825061
73466,-6.904666174956768,-10.967208896412235,1.6957427676770054,0.7319563865979033,468.1159034358179,0.2930220817879672,0.016236601691275106
73467,-5.522013943412211,-8.219967864982593,0.49239066009524574,1.3656951282525718,158.41822722517864,0.29323630275224044,0.016236770051364206
73468,-2.8505458604369247,-11.60627786639861,1.844414312747982,1.1771114820273068,243.9457210958595,0.5974693108158489,0.016237345143401343
73469,-6.3833029152046,-6.689914399404288,2.942623286286352,0.8552264091523658,226.84431039265866,0.1824775621957695,0.016239511755949152
73470,-4.152339906226809,-11.2560037371288,1.7051452941588061,1.2491302779786106,271.0024069920983,0.3883036482289315,0.016243548190750655
73471,-5.66200303194767,-7.4549933723581,4.961311748188203,1.1892112916597923,245.15622407547704,0.026974360211075243,0.016244885506486086
73472,-7.361297407254206,-11.526916395929941,0.48884759733347455,1.9065143935478353,468.81910023618764,0.6433647427257938,0.016245302734704304
73473,-7.42769985531061,-7.395906044801365,0.17083088076289207,1.0912995985874283,290.27030251017885,0.5836940590907362,0.01624591862396888
73474,-6.353713063016914,-6.898360863281968,2.2002141889114997,1.37386047948271,468.9053546732583,0.9170601945820804,0.01624625614130916
73475,-3.8583159562860896,-7.977596218238745,4.984639377090792,0.9537520316027929,403.9884151860744,0.39888696598547124,0.01624696030734179
73476,-4.960694925850387,-10.797786242441848,2.6599484787715064,1.606731263710706,373.99617916916105,0.15014041174115267,0.016247186744508223
73477,-6.747128073036121,-6.507210974907335,4.737006161813273,1.6996530572034114,365.5367463636603,1.3167527003902784,0.016251709032608246
73478,-5.498563251528599,-7.22388789353098,3.5330829985746455,0.9317000839293201,468.07236281812516,0.930957046776193,0.016253934518550357
73479,-9.059155860565411,-5.553165501775282,2.00294481279646,1.1230418143335061,288.8137378278745,1.3753748134992962,0.01625454036801491
73480,-9.063031283758257,-5.078686507529888,2.4147088435817805,1.0528395712440866,468.5023339948928,0.04636429135187736,0.01625637980523826
73481,-9.01369499263311,-5.480901884751487,1.2137724434151442,1.628510441422002,380.2185865777253,0.3836906032796721,0.01625863415857094
73482,-5.988318158745405,-8.39641324483723,0.22872314095982602,2.482464982122005,442.1604119603949,0.7380399985064727,0.016258889619026554
73483,-6.758629684549408,-5.941261349007801,3.2634943531688974,1.1779876170619448,467.3980082081481,0.30382715921261294,0.01625910882092486
73484,-6.270630326915397,-7.745745451500717,0.7168089292720548,1.8053578164016644,374.2588066232786,0.9321569675925518,0.016265661135916338
73485,-4.394962992061069,-7.971241999542744,1.0748073526379376,1.086283901712391,286.64857374063286,0.9454956831092813,0.016265700469597216
73486,-6.7838539450356485,-9.954638358098203,3.248337345819733,0.971855394384981,467.7242471305522,0.2176298551146605,0.01626669769326459
73487,-5.975009269419603,-10.139978680837277,3.272126141544309,9.88194755226323,696.9105275451466,0.15966953893429103,0.01626681015211557
73488,-3.014231556441807,-7.855523696778057,1.69719428308032,0.6328025617649845,128.0468535954306,1.1373634368019774,0.0162673384025023
73489,-7.651661029403217,-5.365494439471717,5.17863609721604,0.8726231145571803,468.3090247689468,0.5017659394616043,0.016272030234582974
73490,-3.5879099566117407,-11.265593588871983,1.6685770113611076,1.809112517198612,468.22311882618567,0.11441557182171014,0.01627286603745483
73491,-6.768720880776892,-5.972672518598804,2.482429285403196,0.7332546845938409,171.55724200020023,0.7137848948299803,0.01627356093174147
73492,-5.795017246874513,-9.86747839054461,3.5202604824451065,1.0946444674779165,285.3296708182809,1.4404567788677234,0.01627451546870903
73493,-6.710025580954149,-9.755539619597913,3.489150083872924,4.818514341822255,525.537023225305,0.11410148916884655,0.016274566037049906
73494,-3.800236650851777,-7.737101923511986,4.754882520687055,0.9502606686058163,259.5190708462846,1.2118815193422074,0.01627538018780792
73495,-5.8939596336023605,-10.712109094065767,2.80345783648678,1.5208735868363212,468.10146658236664,0.7317204324337885,0.016277177467653385
73496,-8.961765238391703,-6.080891712739426,3.1212988574076594,1.6227190780497294,419.798484562453,0.005478267087219102,0.016278538997423205
73497,-5.983895211580609,-7.730787391311667,0.9313542630586527,2.6998237152090843,471.4533695494786,0.44862913958618744,0.016279803351020826
73498,-2.8122396162015653,-9.142458903981922,4.663845636240181,1.8599676270661274,445.6514915730984,0.47732909900836873,0.016282241114027665
73499,-9.04759265191382,-5.238826000436694,2.5626345542737377,0.8532628339262396,467.5592812843976,0.39829410771918194,0.016283333746663842
73500,-7.273870731614159,-8.99122108828604,3.8697275957755326,1.1930124389520338,468.331589430852,0.5458915468380106,0.016286951343801172
73501,-8.93557279331331,-5.69604023920234,3.193945324695557,0.9701875348206723,188.45568503511396,0.08421524772552846,0.01628809598443647
73502,-6.886362067157092,-8.27216838960272,5.103147773604306,3.524385355791404,532.940005410356,0.7327794851515081,0.01628814702169457
73503,-2.6897018219498,-8.21455368413435,2.269619483434659,1.068407956040734,467.4604830826115,0.48263357073309887,0.01628839661724343
73504,-3.671427944744723,-11.181072986655558,2.1890793002627924,0.7833591134917116,222.16317591516625,0.2616297759145274,0.016289055538149144
73505,-6.882583124840064,-11.126981283486357,1.395086955733385,0.9269492390139717,263.04879724920255,1.7321843217003101,0.01628994733439834
73506,-4.077418307312684,-7.615899014927107,2.182924916072436,0.8778816310961993,468.5007688592326,0.6412391391301275,0.016291448354089622
73507,-3.748736294800339,-11.447366139742169,1.5461971763258056,0.732224477769284,210.43829099579833,0.6418130607950694,0.016292100085387225
73508,-5.40927988102706,-9.203506517829902,4.185182673533967,1.0135282462693436,265.0390290607444,1.4572092796028926,0.01629295162307215
73509,-2.948309449032644,-8.555114593289723,4.9217906336841315,0.751294681750501,469.78954365592944,0.23205820537164534,0.016295118205362488
73510,-5.677286058174013,-9.007087829231882,4.4320384326415985,1.758080580744871,468.702310464751,0.8548607631441714,0.016299665321993465
73511,-5.909023175710278,-8.34641104028861,0.2842616132352485,3.24805438839903,429.5604491823841,0.10992878360920155,0.01630184833459608
73512,-8.499660086848053,-8.484717578900561,1.2864217232969506,0.9030441939863374,468.68451311285116,0.7715190781912478,0.016305188538426916
73513,-6.565237243645274,-6.974902853849941,1.5058159378511642,1.5908760987304715,348.81376600083564,1.1992036623121427,0.01630747664304417
73514,-6.6727124721486675,-7.5227698880885585,0.5970316602815301,1.0626080301599217,281.5324457056112,1.2645663465507129,0.016313959636324787
73515,-6.316658876432927,-6.730271890574485,3.3936665140761137,1.860844751120529,467.5901160148772,0.4780907198534239,0.016314393530387484
73516,-4.0861372636216275,-8.817888495890227,4.500470955968967,1.0266684436114748,278.1079882096082,1.5838213656387117,0.016314828937392733
73517,-3.239259902203462,-9.852485704385305,3.429964130669263,1.1023553635446002,264.0812269252108,0.44065967254993055,0.016314863202659954
73518,-3.5400534970880058,-11.965304177060956,1.4150653243371143,0.945624465295836,252.42235903946823,0.6890927710850487,0.016315850919425626
73519,-7.126131325227778,-9.596124780720455,3.3092466528203452,1.873766260872327,470.2894050610359,0.021710727266063046,0.016321637302691958
73520,-5.362273210930594,-11.323238973425907,1.6738917649681555,1.7796913229249514,467.88302796857784,0.3459463758771575,0.01632481822294286
73521,-5.412296059372949,-7.632105061668817,1.6628530192389586,1.5065603567223456,340.83002362814926,0.8704144864486025,0.016328646003353972
73522,-6.754921104359433,-9.155997111048435,4.127886395503137,1.0088094118068363,251.8444429369088,0.2981861838777107,0.01633024600848169
73523,-3.6416837442179038,-10.59850386223464,2.751681480621806,1.1113334165894708,446.02870835655256,0.40178018980597496,0.016331525635338087
73524,-3.7345802084614297,-9.566163136809278,3.701925208772737,1.8807591261924594,453.8713578955326,0.21052551156838017,0.016333793910772998
73525,-6.8154337891507675,-5.762002390534422,3.3504677104604443,1.4213295768121594,467.8410569067112,0.9259644502873376,0.01633396132157321
73526,-2.722023067841304,-8.116023628755759,1.2296264394470497,1.6604939996301815,468.7854821410411,0.8875286063613164,0.01633443654280901
73527,-3.04416434679311,-8.731418817791567,4.739238478142609,4.568642819105775,598.473417734284,0.616696678780805,0.01633545951970188
73528,-4.711176557688591,-7.744922312325142,1.6676139098689395,3.1138654626603257,507.7723972627128,1.3501963643279025,0.016340508081559287
73529,-4.568779650439075,-11.255437569814097,1.9640146713724436,0.909613058500603,207.6319509454658,0.32696227965924063,0.016341876845044373
73530,-9.06560725049743,-6.043954956479562,2.4044757790921634,0.9549656905299824,196.0452180033834,0.3332036792503672,0.016342620432120085
73531,-6.4057252894719126,-8.855490533496173,4.606424231651089,0.6123907256422941,128.7971408292952,1.1047539864125033,0.016343182069076454
73532,-3.970512575643835,-7.940788014376387,1.2595212557838535,2.3166722680240928,434.7073174717749,0.5558349715148116,0.016344904533669876
73533,-8.373895704041752,-7.013370580068018,4.432650507944341,1.0739239497096538,288.57393066221834,1.0427357067122394,0.01634664438943213
73534,-5.052559435319582,-7.401760384291707,4.210410958142806,1.5345980058556756,468.0909524982772,0.7257668661827585,0.01634698973745554
73535,-8.086044481513584,-6.376103644367728,5.090481353523232,1.531491455253602,468.06705083851205,0.7122173713923052,0.016349238457929995
73536,-2.577257592482206,-11.415831759755344,0.0447423899838268,1.4929476127491144,334.51912144352315,0.8578852688115948,0.016349862547076002
73537,-3.992404808684129,-8.049774189021731,0.9839517174045689,1.1746397461982883,243.79640944914345,0.46155630008931325,0.01635005553600902
73538,-5.084882120286153,-8.053157156725774,5.139847474713833,1.0082681489171479,467.23319713385985,0.4049350065955961,0.01635126522201599
73539,-7.079304375568967,-6.7405469489215335,0.49900134458682394,0.8185115356522903,224.19640336311443,0.09466960549377212,0.01635311956843215
73540,-5.718001433890602,-10.189526194338312,3.216355780346115,0.8802416805651059,236.41272426244637,0.3935829524052954,0.016353485739068672
73541,-6.9279609668929,-10.739015512275834,2.3694827761225277,13.159251558762259,819.3753885529975,0.2823908261898751,0.016353672235614063
73542,-6.766142286920877,-6.0730847169102145,2.2890424556160056,1.7947770292274252,426.6672361103227,0.40605316029803884,0.01635609589320986
73543,-2.5980957277688574,-12.326894722092028,3.547819186241296,1.5747528031196274,468.42785685469767,0.3499272984485424,0.016356192914926616
73544,-8.56605679601182,-8.343314986320927,1.2899593852741078,0.9195579606290463,240.25336682089886,0.8705187702448729,0.016356815553612018
73545,-6.949573724960004,-5.561906669851574,4.015579748977301,1.3263794161846505,326.93163533704103,0.34790905687547014,0.01635697273021126
73546,-6.423416107098496,-6.995909035029035,4.967530635270801,1.8301082091603378,468.0926548774586,0.41755939939607334,0.016361754279714435
73547,-7.161855645301565,-9.839681756488904,2.9868253245165417,0.7995404068119477,469.0035885489385,0.06640053789885147,0.0163630196323396
73548,-4.842030559802669,-10.458711689415082,2.919811053877281,0.8802456161251836,186.8965038610981,0.23970845141369246,0.016363914453802367
73549,-8.047449943761325,-7.972468150845509,4.009211791816926,1.5129002850520308,467.7985199848538,0.6915943177254382,0.016367892508839493
73550,-4.4473707991322655,-7.57659402727728,4.490412738380279,0.9458720119217884,468.3817057065524,0.529546804496623,0.01636875658134793
73551,-6.995883939646546,-5.152869735187585,3.854272987046251,0.5184503450210186,132.77038428955748,0.708008414579349,0.016369147831141233
73552,-9.061440989121008,-6.107728991776941,2.4320449765104377,1.5899022116384567,351.4123622711858,1.4342794328339075,0.016370028653170797
73553,-4.133981940489041,-7.512080994567502,4.141006851663322,1.1154329274906574,466.96710568616817,0.6215993529723765,0.01637089437253139
73554,-5.66475020853486,-7.512520895150697,1.7597679612749755,0.690787764853422,139.1797870421436,0.9773594639859757,0.01637126571427827
73555,-4.119550625888364,-9.886689752780105,3.388757034173206,2.738829780562554,296.6677123229968,0.09765847757890445,0.01637146759319906
73556,-3.055181975407436,-9.72772873917899,3.7063552860802345,1.8075237676277314,432.49735808835703,0.6889953242966707,0.016371618784713392
73557,-2.8307227387190084,-11.221924219773765,3.0347131425674103,1.006568857332474,264.3183220678742,1.0669649511944694,0.016371845377723217
73558,-5.6851288692921305,-11.439825900360711,2.1649703370829334,0.9232559450242754,468.38049764104153,0.11039188546025791,0.016375472511768307
73559,-7.227438317011808,-5.062103854837625,0.48999515382264675,0.4666995882874101,118.20673166226301,0.5572663196603811,0.01637550230567482
73560,-8.483417282839513,-8.43707226290465,1.5729821603842973,0.7167207251577511,147.9493286812261,0.6783510161555002,0.016378022481239974
73561,-3.881710512894724,-7.5037401174741305,2.8182350558967433,1.171681209990647,466.99709925731287,0.13895028313509883,0.01637837628060149
73562,-4.291091089654316,-7.845898676175181,4.948853257886315,2.8807941579919523,491.1826268504002,2.045660938756896,0.016379307681935688
73563,-3.266309548018576,-12.038408149841878,1.4057599399766134,1.4249045486595768,323.10102985735847,0.8315380931378833,0.01638035274758277
73564,-4.81040520478331,-11.255021374201501,1.7449230302192666,0.8147548303006453,216.43447843867568,0.2786167419219483,0.016382039211258567
73565,-6.127912304843779,-11.365827699294641,1.830086979545921,0.9731245688349368,467.99123118076386,0.6111579209401423,0.016384516715853996
73566,-7.101741552080327,-5.366249887342092,4.403636158857699,0.9194552606066352,187.52341496185866,0.7131760495789736,0.016384914521965017
73567,-4.271472611356433,-7.4927800923694505,4.065936991404922,1.1481320318277686,292.98852975526347,0.6952985274838044,0.01639033261406987
73568,-6.713570489443574,-6.618562550266876,4.827661801676678,1.3325005582747953,433.55354212374806,0.7102011017334542,0.016392352094654
73569,-4.1369381990442395,-10.93992530120116,2.49280190990297,1.1670035989919636,468.6583145562428,0.2518495249064685,0.016394021688255937
73570,-7.038367864295236,-10.843582109758014,1.4754592794520194,1.8762320468140246,455.456950732177,0.48176252222240024,0.016395650511071166
73571,-6.2770262432865565,-6.836524996795722,4.098793779177744,0.7942935014110123,468.2885592357204,0.14874846717778478,0.016398929616014597
73572,-7.045970461800515,-5.349669936265034,0.9945869170604575,1.314270774622366,280.5565888512998,0.22406375172287607,0.016398957433512655
73573,-3.6489606073331116,-9.906017131701951,3.3548289315803284,1.0080389340695446,467.6310837185967,0.790596073675073,0.016399613559527633
73574,-3.139931558782452,-10.481074410904746,2.949993750700187,1.2305120584375038,468.903844297561,0.5710153811291523,0.016399680253599724
73575,-4.595187724176469,-10.214807657556074,3.1043525097902123,1.0228857276793022,268.09060173417424,1.2784090137137172,0.016400681414532835
73576,-8.950947795115209,-5.129486725958354,3.076203335996156,1.1287490861683769,467.917266675569,0.4216487342273654,0.016402141796477344
73577,-5.663501987835964,-10.285039020452533,3.128599347916501,0.8603082066380303,467.4871014147674,0.5875747394829167,0.016404919218739798
73578,-2.7428287913043032,-12.045304605129145,1.9360976953472746,2.4213490085173466,443.50470067947634,1.0901494261891784,0.016405098695195835
73579,-3.011611042404815,-7.724154220721458,3.9283865337556563,1.1175748505286023,287.8663451229211,0.2669162438174597,0.016408778763749937
73580,-4.221010936538802,-10.887601201362216,2.5387219685163815,1.8625674997126902,467.94632535194194,0.3218290733021112,0.016408827551568337
73581,-4.237624355078009,-11.248409148181555,1.7024929450060564,1.1817274260602326,467.99613093207,0.36616989202411876,0.016410633506768472
73582,-3.1857292749221475,-11.200818610971467,2.14094105098969,1.2784953415482199,156.73034051659965,0.4091939200885957,0.016410649978867268
73583,-2.615829226701532,-9.96547197016956,4.1920552352705736,1.197763103489878,467.37744888339665,0.30113318727199356,0.01641479489704458
73584,-5.740961157088726,-11.347347217716752,1.8451747038852029,1.0103833975586682,274.16567369565274,1.1919079922949605,0.016415726909707495
73585,-3.6689718954142583,-10.07476040231349,3.1971265739078745,0.5052039279044824,121.67884471808726,1.122011282053247,0.016416124412858245
73586,-5.1667583912789015,-9.396523305940853,3.9501106024834534,1.1803223459733938,188.0417895755659,0.007932734745489611,0.016418029704829418
73587,-5.787107192196208,-7.530677473215519,5.15751173282697,2.2710728648968974,424.35643944124985,0.8920669317443419,0.016419020450948257
73588,-6.207223525424984,-7.5855455697621395,0.9748609108409763,1.8216576872190857,436.4168040890424,0.7804191745026605,0.016420125359061115
73589,-3.4291812482221413,-7.697242328839319,1.9675401165789177,1.4085405444379293,332.1508416423582,0.5395773346672081,0.016421392858595146
73590,-5.46025609238044,-11.344870786172681,1.9040878349222243,1.118338169828533,466.41331073968405,0.8782987185171303,0.01642209461301212
73591,-6.523003827057534,-9.251830439890863,4.1097653893276975,1.7090713072319386,403.02255500388924,0.9052484065778605,0.01642218834559361
73592,-6.8302280093099945,-11.055549833648302,1.4887518453390003,1.010331709820831,214.80252089981815,0.6345436744100015,0.016423644315891866
73593,-4.604458885195269,-9.7871502625415,3.5012721167144885,1.185882742065418,305.45368737598056,0.3546306115861686,0.016423825535620922
73594,-7.069195019930535,-5.532572359212788,0.8913227714193908,1.5995011333305924,377.9235054212389,0.5779474066432906,0.016424494664968318
73595,-7.269883029380767,-5.531105574349827,0.3670833387976036,1.087940230676735,467.86821206905284,0.6014882099792205,0.01642575036129514
73596,-5.644040271831303,-7.354252873750237,4.696865398283439,1.4242964889748917,468.0155154304358,0.165808173602783,0.01643119152869112
73597,-6.02109827906987,-10.7553269840419,2.7656206053460077,1.216762045534447,285.9205560152747,0.2144904482936525,0.016432912991918333
73598,-6.236673408581233,-11.314047921539329,1.5832339766334327,1.7759918866903686,468.0740669123651,0.4432150263673682,0.01643527528414588
73599,-5.183996544287156,-11.096552202361917,2.444631723633132,0.9851499779274431,264.71640076998756,1.5368441051875932,0.016436978744899196
73600,-6.4227172437025,-7.135659549597034,1.5442296341819284,0.5307886082522234,124.11132791010608,1.1465171523153463,0.016439859834094035
73601,-3.0332342652568753,-8.209236049590459,0.8215683810763932,0.9854497731284934,143.4610136531314,0.26870556282608327,0.01644143482251124
73602,-5.6650543554483255,-11.417686893440926,2.1821455187481713,1.0987540126019428,285.8649654101359,0.5086917777382816,0.01644229275681984
73603,-4.304553197202148,-8.109276381806055,5.0189276916121806,1.6047501607192094,468.79679016780517,0.8870946925231493,0.01644235277805502
73604,-7.124724026812634,-10.461999829233164,2.3487190293900735,1.3600968908989381,324.13217255901327,0.2552178454707805,0.01644394591659756
73605,-8.394926696042772,-6.528032376110975,4.5824544431067356,1.0997574547224531,392.5426617625175,0.11060268203441925,0.01644498563720637
73606,-3.063439806754559,-11.304616371536822,1.6789305299096802,1.7894675430900686,424.2923475250182,0.49574676367650294,0.01644505068687259
73607,-6.993459065445749,-5.838293562008422,1.2334965069078645,2.0094664091217407,403.7325186906494,1.3469657179678736,0.016446903924027412
73608,-3.2461559099698354,-11.149781991333207,2.2483506147612076,0.9819855463172135,195.8790616498121,0.8902468917815947,0.016448061303824098
73609,-6.110884585738807,-7.191857757447505,4.88946356378278,0.9050783106793032,236.44137225633665,1.3885663438356293,0.016448214338233583
73610,-6.871911701572056,-9.634309986305286,3.5071021277191936,0.9537499279288819,468.051857958707,0.6126448703767151,0.016448219921367562
73611,-2.747351205572812,-8.276197768608535,0.7817343797511697,0.5117259449376895,116.726318236622,0.676236285771294,0.01645101225852639
73612,-4.984755741747944,-7.374371765838608,3.148106211601899,0.9430512179628106,244.652831166599,0.9755088078250536,0.0164513022105035
73613,-3.785767892985028,-11.139145239680868,2.2602115525851594,1.3625632296583887,313.7861685357914,0.17194485703961693,0.016455423945306642
73614,-8.642776670343526,-8.034658517470124,0.8372530801346701,1.0905536296019402,467.4545611302313,0.660127532465018,0.016461623714197935
73615,-4.7294267850006,-7.423562147584871,3.937355832457686,1.2495418236259883,308.83996108079236,1.862837970795069,0.01646218787870946
73616,-6.8381590102026735,-10.440329004709866,2.7444976064797935,0.9610588140082066,467.5976920121286,0.5070700302118043,0.01646403623084038
73617,-5.325563886008196,-7.295500166098232,3.836068071801168,1.0037907828650632,274.6960538277566,0.43143174171840126,0.016466286916689447
73618,-7.027080511137071,-5.896873214376637,0.9073117043266649,2.1603248605009444,422.2357488333314,1.7547388773837485,0.01646795939229953
73619,-6.8199576729662414,-8.15462785390028,0.13736096709581644,0.8905982047717284,200.68753077593018,0.22567119958479953,0.01646966866914641
73620,-2.5078961206692476,-11.963910639768436,3.4588191578787977,0.6037765582422859,155.74995950093285,0.8726674231384708,0.01647058697421005
73621,-8.821646465088655,-6.777199377646893,3.4662448346739976,1.0277860142149076,462.19322827981927,0.5188107288493518,0.016471581710693236
73622,-2.3419129269975034,-10.500189055078874,1.4592796238316328,0.9718597547575731,255.9941420122707,0.6151720437908201,0.016471687261208044
73623,-4.716880662351043,-8.65739126430168,0.20964959326653515,1.3925531032412046,312.9257500945396,0.254549961472347,0.016472534621327733
73624,-4.668899758397851,-7.441222134152922,4.026765969896423,2.7641922771331817,480.5642909746269,1.8494808241353375,0.016474933231038987
73625,-6.3033816723077525,-11.359881428148588,1.5064984822996463,1.1489988059138228,282.0522628543983,1.0797247616617796,0.016475698544009876
73626,-6.214702247077134,-10.640241290954531,2.8458957499262896,1.2457209082214582,292.1012719969812,0.31389527889181945,0.016476359955813355
73627,-5.264117150438732,-9.365906984743692,3.98756390460408,1.7767129175725689,421.0308981665424,0.5164937993241372,0.016478164080473846
73628,-3.726560723257297,-11.676553439929043,1.4698014273656872,1.1117950053810288,286.47894102252894,1.0163888123539655,0.01647952983599344
73629,-4.528496416927899,-7.444275545931094,2.9770702732759236,1.6529345192753135,453.5209234173024,0.2845273084361919,0.01647972289634542
73630,-2.8404994645277917,-10.488175657534722,3.40246732058339,0.8019671700831644,469.9232759816552,0.08972196320740888,0.016480253842540836
73631,-6.668098024773818,-6.202184849240405,3.149911728446447,1.0933650532080172,468.03470713805496,0.8610295542682964,0.016481715730221322
73632,-3.384615682398497,-11.091205709032648,2.302187561574771,1.7559187914432002,375.82880079743,1.8969877127134085,0.016482220722565385
73633,-6.41106873894309,-9.3639282192157,4.0090918056139495,1.0316671089891676,467.0465037575856,0.40044728080262537,0.01648618374069389
73634,-6.577570284147444,-8.743641469908074,0.030656300698843578,1.7947390991800167,443.16783410776833,0.7630364395638578,0.01648691611174215
73635,-6.577818977129015,-6.497365691884013,2.4495770249218936,1.2151707078059781,276.9333107910524,0.10518049425716569,0.016488514164684786
73636,-5.994838473089857,-7.014333826788332,3.861280140380388,1.927780232490108,283.9263538795102,0.022268341335263564,0.016492763944059477
73637,-4.809179322460954,-10.364537071792869,2.994994538963283,2.987603248669304,477.49783267707215,0.4355468903529873,0.016496083678701076
73638,-4.603238720985459,-10.18248048612104,3.132592871273115,0.7251565987634201,218.26538453427486,0.6339983432984395,0.01649670239239276
73639,-8.990387304745,-6.425943752583062,1.5295420741813697,0.9264655938717905,261.98428810090473,1.017932460251643,0.016497226408734397
73640,-7.263050306514094,-10.61080955118606,0.32857844796283814,2.851671754033842,481.70178585751734,0.961038251192881,0.016498103460043764
73641,-4.333919866629294,-7.823025418076256,4.929523814556302,1.4668874993232803,335.70385990521095,1.1413185817015412,0.016498785221708202
73642,-2.5267216175035863,-11.818466904370215,3.526106636675609,0.7793093628277323,157.01495649960737,0.9992777715227579,0.016502989525707137
73643,-3.637259746307919,-7.571764091972831,2.4775051307913882,1.4709114720254388,331.22598308827895,0.03126773230030988,0.016512265975399325
73644,-5.499618270557858,-12.443900883639534,1.3323056118067427,3.175695205114163,504.29164880786544,0.6687172200074656,0.01651302005702498
73645,-2.9379677220117992,-11.410557660244264,2.548324028158162,2.5448964572405344,297.56141371813237,0.07998475248055392,0.01651417037984575
73646,-6.283308561908797,-11.021867269223907,2.5423472092839603,3.8213167312534204,554.7330004587692,0.7881539139805769,0.016524656990492027
73647,-8.348453760191939,-6.2450340021617246,4.6804949859768055,1.7123212344115712,402.8275718983741,0.6020850907685826,0.01652467567059784
73648,-6.34364114282282,-11.447498326248738,2.1309617003796943,9.520901663085006,478.1229513209541,0.13275137151243488,0.016527280714246133
73649,-4.301726538779803,-8.311949430308104,4.940224905439442,0.6888939318759026,198.152261394057,0.5561538448965306,0.016534238596493684
73650,-5.070321308271825,-11.306652764699981,1.6475574979255414,0.8226722454105414,241.32876487476403,1.5239350459407452,0.016539985566021456
73651,-3.631307048362724,-9.97262615265073,3.290192430087315,1.9078034219038196,467.88859990251905,0.5106142574029233,0.016541379699843525
73652,-3.599153623738851,-11.102031187384227,2.2889618944129553,0.6505498659428199,194.21037615735966,0.8204348617791455,0.016541691070303205
73653,-3.648032939038039,-7.490176825384093,3.0848358111625043,1.5985345690311188,368.40175985186266,0.6042095601389867,0.016543170692302694
73654,-4.480572233870424,-9.686445503340854,3.5979334805649046,1.7479151874106909,413.9897756021184,0.20026626067422715,0.01654369524661952
73655,-5.224625617771749,-11.276030812980759,1.753913694494716,0.9921530770131325,467.2762901607334,0.9318273071987262,0.016543831296621136
73656,-3.6117503532369337,-7.873485851472478,4.886903935718525,1.636270487022376,381.3389176169192,0.36887473123062176,0.01654416591918976
73657,-6.78756682392349,-11.045598970655687,2.2223842492636656,1.0112933044709,277.8962694010578,0.9327712436559032,0.016544922847738546
73658,-2.780419664284305,-12.787768641249187,2.4041470092392885,1.0854858901348883,147.5136897290369,0.3961276033842491,0.01654511863322708
73659,-3.563039141994457,-8.307012425796948,0.6024950478091433,1.2363645842681867,234.13887381777954,0.022150820982404618,0.01654560785663586
73660,-4.3773739056397245,-7.523570136986816,4.236578527502036,1.444819568479825,371.3397934795229,0.29538700777606586,0.016546132054347133
73661,-6.710888787065766,-12.214615974553148,0.18075565420460335,0.7016729853505805,145.18745511993924,0.24294708337668158,0.016551294005079414
73662,-5.403392094902148,-9.789262583291453,3.5586103492297956,0.6193980670121314,132.45620544931776,0.17679320484521632,0.016551570716375925
73663,-5.777759590247926,-10.004066158924918,3.377559224176478,1.6029843509452233,375.531695537404,0.8280505383840593,0.01655180138101711
73664,-7.044118697292635,-9.44496167617774,3.565113162968784,0.9698964141270014,468.02799120835243,0.3025617320329719,0.016556110673984135
73665,-8.156181698186566,-7.237519712120612,0.3435609735122323,0.7100246684451796,374.71336937559676,0.3794396396462476,0.016556856329310737
73666,-8.290169685939215,-7.979575276600483,3.4304461778811577,1.0304994032605217,155.0429608284166,0.2507489669376408,0.01655718262449698
73667,-5.059414751161085,-7.5793712565022,1.9775253648634963,1.8506251675133436,468.5189209236427,0.56876082779982,0.016558566437927313
73668,-6.428278227608399,-12.444527719162135,1.2418479547093453,0.666914260852267,468.96317401156784,0.4615715714475348,0.016561493424425217
73669,-4.157841857839745,-9.511550429114154,3.754325213648225,1.1388270732063128,467.8178776056401,0.806564437705803,0.01656351152631399
73670,-5.601118767644784,-11.404041152645581,2.1637101830265997,0.8696262664549693,211.36465098445362,0.8234627597889386,0.01656420770290245
73671,-7.94725813920494,-5.212985703218214,5.026291028725876,0.7326971078179316,457.8492686197734,0.290852145614374,0.016564211793575707
73672,-3.2135762057399084,-11.204065346589374,1.7366251842463662,1.3094833417656109,308.4826837190067,0.3410475326597089,0.016568177447826224
73673,-6.428520970558882,-8.424107230769817,5.081624851770564,0.9058140569937128,188.04462426696904,1.1613877003071584,0.016572553926271903
73674,-3.8453199758540615,-7.8443173682120655,4.866447696246648,1.8797714278078617,469.1723500403727,0.08072179147797875,0.016575412209781225
73675,-6.805713466692286,-10.96327563848526,2.284641698709958,0.9787613974648954,272.59940635609206,1.8732726585817767,0.016576460069141475
73676,-6.948673131701709,-5.175772516530905,3.4154620849685076,1.0439502371193572,276.792790600067,1.1147166095570453,0.01657950688106059
73677,-3.359637185998791,-8.483159118490425,4.78349131385561,0.7179128852257681,153.39584477787196,0.12738148015522732,0.016582140114766074
73678,-7.370481247409202,-11.394100693994032,0.8904897665761072,1.7740016785098047,468.52822128278075,0.40156714778528624,0.01658268516634637
73679,-8.979843540575313,-6.624864517687026,1.3468189970080766,2.3212746664384114,424.6406676537953,0.683222474031207,0.016582999854176134
73680,-2.5904303143649576,-8.787736555339169,2.8082667040365132,1.670007491081076,222.8523069382597,0.11072374713735744,0.01658309878403961
73681,-2.667433828773799,-11.3841897787973,3.494827800973624,1.9683466257651434,389.7785388786895,0.7258193614828441,0.016584500882772118
73682,-5.761838725772047,-9.089991680863008,4.335302526742051,1.1426219060107672,467.2116151969517,0.43129386086873023,0.016586777047138263
73683,-3.312128616783381,-10.23928000158468,3.050501373963602,1.3167296426011785,296.10781437187256,0.4603182306236482,0.016587282367660404
73684,-5.018792461463374,-12.01821206853643,1.394789794403377,1.8781009613700945,452.53348381744536,0.31128589546192487,0.016594635722702974
73685,-4.81599644502063,-11.56816403254378,1.4946296640238006,1.3286500604984912,325.69729143222463,1.2681145522528547,0.016596450156992824
73686,-3.0033357439315136,-11.31729378748474,1.9578220952110226,1.1132007111655005,284.84811229771725,1.5376229076981183,0.01659841234930216
73687,-8.787751797445294,-6.436226542070224,0.6430249718443641,1.4380953121627975,270.584700720086,0.04407598053203099,0.01660080248371101
73688,-6.712187935823157,-6.219062430303497,2.369980286778413,0.7871205554052982,159.31973831265975,0.4805304809902813,0.01660370842267063
73689,-6.770912933577332,-12.358322294383528,1.1462164858595518,1.2737625277461302,180.95518593661552,0.4457965620844897,0.016604090880008804
73690,-6.015176013678201,-7.216398163233627,4.7772224132020495,1.7640885263616966,417.81811574386336,0.46873335715556763,0.01660431019591295
73691,-6.342724859061213,-11.33619795194129,1.8481249000901172,0.9117523729956047,180.86462861351902,0.11029193558714212,0.016605684102304546
73692,-8.66993402122647,-5.8946828109147,3.9914946728969527,0.5008684221720682,128.41174130377857,0.8688759009120153,0.016607119004329058
73693,-4.978112844627935,-8.857823530167469,4.516615310193251,1.8263104614776429,469.1752689422915,0.07989547596929736,0.016610212482200286
73694,-5.046515804069483,-9.052830448686006,4.30539397089773,1.057146395347902,207.70697793362766,0.013609594421738258,0.016613194369033645
73695,-4.675123962171544,-10.692809114319639,2.7097208687307432,0.7071765228518124,467.7773540955788,0.3661523989794597,0.016614413345587078
73696,-3.455027925582713,-8.984748425252306,4.3035545133990505,1.200611376898459,281.32427131094107,0.3447591010618707,0.016615862331110783
73697,-7.8882641413647505,-8.415982440673364,3.6395126474969577,1.7680403574906054,467.99038021606736,0.3636941251397712,0.016616530843236565
73698,-6.414435957785182,-10.222587715438635,3.1485375684209673,1.5364120542336992,354.38134986729597,0.6332525920692644,0.016620537265779296
73699,-9.029069864748863,-5.028749019414025,1.8183346352903964,1.252112476128545,274.4101476398877,0.13933491905629314,0.01662255136404004
73700,-2.9256604480902118,-9.003890549794097,4.61763892435366,1.0050655244913593,200.41748335101087,0.5309102147482117,0.016623973413245507
73701,-7.045531341230186,-5.2597615516873235,1.2594495359002187,1.1735409088584112,283.55023735276677,0.36696646641744035,0.016624022692401704
73702,-3.589400638175463,-10.041983635168485,3.2160225407840346,1.1778091880230865,284.91793919150683,0.15280999056118283,0.01662462140758064
73703,-6.996166399677582,-12.951658421748412,0.28642672242673295,1.5230936750153405,348.02564318077316,0.26412572954490354,0.01662464925679556
73704,-6.20988306839929,-6.861847271527976,3.8216675470749775,0.9536153094132396,464.6104276179967,0.09797310858129293,0.016625412455614882
73705,-4.499473666414124,-10.937679764697801,2.4872902294153714,1.1741161582997488,177.8002059962602,0.17014546779785533,0.01662630587481127
73706,-2.7645617442162473,-10.517809934554805,3.601749742017316,1.6761655139732836,363.1977322544157,1.4905547566344195,0.01663239833640094
73707,-2.350633650835535,-11.961330180240163,0.6908909928294833,1.4202866746880185,321.51819302262595,1.0629848622936526,0.016636525348178558
73708,-7.686155899119354,-9.060251352716529,0.4202888724897438,1.5353318586236646,467.8726870710862,0.04900276614433263,0.016638667366548482
73709,-7.8508211766266065,-5.571787162327324,5.165614403371549,0.732408123438745,183.44855253132178,0.4749247247659456,0.016644125596887424
73710,-7.296019074466274,-8.83905423128958,4.031891661317537,0.858136871635103,196.89173710823152,0.6446967902530671,0.016645605951607554
73711,-8.134051198001284,-6.944768237993619,4.892976300247747,1.171341191840928,303.5111702399975,1.681333656696279,0.016648350215973304
73712,-2.7243811317986157,-8.118573597482674,1.2145723247548865,1.890046180618522,326.7367885887415,0.10698257343908057,0.016648558446130758
73713,-2.9303983353054717,-11.574444948223178,2.228005471741438,1.074075275843275,467.74984607705335,0.046992172549608746,0.016649751609162294
73714,-6.401261571491481,-8.954632779445316,4.480058861004253,1.0167362131312783,245.90545736741535,0.45016381617056744,0.016651820153755045
73715,-7.56105412075564,-6.306680726859742,0.12919580877705913,1.029655484822189,468.3535675800783,0.5187165527352402,0.01665289114795366
73716,-5.706440900053864,-9.333443800707354,4.0535381421658325,1.2922947073432238,319.72165205016614,0.40835534669850926,0.016660297614930507
73717,-3.9058438685462367,-11.454408403755744,1.5260788392045646,1.3220744360430312,324.58153467186975,0.3315467852248437,0.016670311106173268
73718,-8.382779701993957,-6.04283538540027,4.596978056920675,1.4277755679954862,469.4555686091696,0.1114587868639747,0.016670895635654118
73719,-2.9196238747818146,-11.32214751945013,2.6582229119265683,0.8221687715612969,206.58668112400522,1.0881941312562295,0.01667255185313471
73720,-8.141591724327524,-7.801264573415368,4.053141426774651,0.5613148937151448,154.562068759395,0.900057959747568,0.016672984638060523
73721,-2.4958608378684417,-12.083372855489465,3.45029012505841,0.8435625692359233,211.83703402880445,1.268205464944523,0.01667520488128235
73722,-6.682770561156553,-6.404619036857185,4.269255241120909,1.8941839486403382,468.3353317104704,0.44630535277786887,0.016677150948784386
73723,-4.635543673083173,-9.098770151599963,4.2198094210988195,0.9068571233649744,467.8365406774847,0.5424681837150453,0.01667847675005667
73724,-3.385768577651537,-10.340630191989423,2.9495612292668363,4.436473830410004,361.3128370235069,0.11276721875381401,0.016682825164817873
73725,-8.031495023846581,-9.528629850855875,0.9305385685970886,0.6631043862829161,152.6545075535215,1.1585819650788816,0.016683296123800668
73726,-6.51906526891549,-11.339068541142561,1.9667791549326132,1.386187318757111,333.06725000950706,0.2586198687771928,0.016686194597142445
73727,-5.0217468270285375,-7.950251131672017,5.1223317332391325,0.8124159695221104,220.5246419523325,1.1039237196620055,0.016687739355975867
73728,-6.929682108575197,-5.177390271277658,2.3506156066712247,0.6656582710139674,161.88099584454537,0.4197433923878089,0.01668870306638075
73729,-3.7671601007553868,-11.168532663363633,2.0226659930727684,1.465517986637497,315.4257130976313,0.1927883974632012,0.016688778438638766
73730,-3.6179016499245487,-8.069459596195594,4.9631038701100465,1.1167863595244711,467.9370513109462,0.8176291711310908,0.016689047169464042
73731,-8.462780181376626,-6.07139926202063,4.448622918091771,1.8013118745887093,468.95814514473176,0.10780319292894447,0.01669091617612056
73732,-5.729998057859064,-7.228499094814652,4.325411139744587,2.594469776531555,466.17883089662354,2.143433663498964,0.016691137385086464
73733,-5.311769131301246,-10.948688247432603,2.5521841197949717,1.3433695482317862,466.53679943396446,0.7210537049865975,0.0166932711439037
73734,-2.528810836958277,-9.964145556880796,3.645510478156468,1.0311931374469423,467.97668261050524,0.6181427815903096,0.01669414270549567
73735,-3.3926847369227433,-9.980021597098624,3.2684921615497737,1.1501590844751253,468.38978032889065,0.5324721484723041,0.01669982574329644
73736,-8.168438984236792,-7.682017576852582,4.159692708173311,0.9070599060749588,469.40954822986816,0.15921532127978466,0.016704785246362954
73737,-6.030583531728014,-7.619757254184727,1.1342181864714678,0.9828640247063353,467.9426147914971,0.6510494412782535,0.01672017406868504
73738,-5.219630918799256,-9.539388521539824,3.791159578063875,0.9659216104151693,240.73869473388373,0.8630858090564058,0.01672145859018156
73739,-5.585422844773126,-11.37194599182384,2.0121308576585863,1.6507363234204844,410.61920110189794,0.3312151704705899,0.016728813122935938
73740,-8.672453624944708,-7.806294429188947,2.4888042676169677,0.8555844597087574,467.0521033540187,0.15501720737736502,0.01672928492570582
73741,-3.6439954778718153,-11.15564413194806,1.8826471959584272,0.7204862225018436,151.75973180812645,0.6677183454465263,0.016734027359068916
73742,-3.1435926536411767,-11.414851975961804,1.5631249799933689,1.7443435544195143,468.73500308481675,0.9173466590870172,0.016741204646518563
73743,-7.981694900563202,-7.690639661902341,0.33334158378231893,1.621044100538874,469.6589153533547,0.008392248762461918,0.01674400919331883
73744,-5.389816796792237,-9.930394720275466,3.413892406798516,1.0007379484719339,467.76042168788666,0.6481459034616277,0.01674532402130851
73745,-6.939393569703515,-10.96979611983135,1.4469660059061762,1.8293222009131451,464.6760531213411,0.9089205677664571,0.01674617269653517
73746,-3.3279249216638638,-7.500517026320134,3.100561421068942,1.6370543607900632,359.72571623426893,1.6419439424195996,0.01675169401525668
73747,-5.781968537887634,-10.52652416711939,2.9216886754849756,2.9620699048636614,491.42712762023194,0.9754504622333551,0.016753298999667536
73748,-5.21396502074929,-9.138771371182617,4.223735911951074,0.9588320563571885,268.84861038239956,1.2210658501884213,0.016754580351132236
73749,-5.048365577062366,-8.120843926745179,5.108957109569774,1.890602413297379,467.8050822627057,0.4136206094093806,0.016756781974366513
73750,-3.978406126996859,-10.602058828830405,2.7339065411801036,1.2386878190217763,310.10385215369354,0.5341331237055487,0.016762133596458628
73751,-4.035607821170588,-11.178060546091496,1.9276600758079292,0.8370289034381501,468.2787233842412,0.047275558973527865,0.01676306786651738
73752,-5.982848568414136,-11.420708410192667,2.202574877892166,1.252141251089988,270.3153125414036,0.5665603346561072,0.01676383072592331
73753,-3.6437195453137203,-10.005292441027345,3.2472734720940895,4.308484550617187,214.1806064801941,0.39128147644937616,0.016766166219599827
73754,-3.2415183603448705,-11.15523959251783,2.1338557468297674,1.1209599303424564,290.0028753977253,1.3075764563005938,0.016769182615671577
73755,-5.230735196078821,-12.21982943752096,1.3607255976836656,1.8202552892576471,468.0191897136828,0.027484153929441035,0.01677009575077478
73756,-7.896759723154447,-5.374060728596415,5.091997178179749,0.5323488434453978,117.43668857163382,1.0411255310397314,0.01677246899752681
73757,-6.6290145934975,-6.460669671318833,2.302478587581032,1.8180767061644287,433.9981363968821,0.196569517394118,0.0167745581171057
73758,-2.78085001289094,-11.846785991012613,2.0252120305732904,1.3155019264818668,193.91882995714545,0.14406071197900783,0.016776177315474157
73759,-3.8470598124318016,-11.537295034258776,1.498990722646773,0.9005381217886554,466.9531326101247,0.572831232159861,0.016776279328251247
73760,-4.644233660762679,-11.740845188377468,1.4474279648758173,0.7896470436072717,157.70841927668073,1.0415964050184696,0.016780303705621554
73761,-9.002738147810676,-6.036051539341124,1.3180365749645695,0.9015301043885344,414.95534123770824,0.85810634523604,0.016782318704460147
73762,-6.546926391047761,-12.101082480123896,1.2515944699681345,1.1876463964859343,160.71187324555177,0.22093999460248348,0.01678423527131239
73763,-4.245255346540583,-8.081393828012,0.9136259843700861,1.1170602132454492,467.4801163333793,0.07201026023819335,0.016791091220348386
73764,-3.97379262788803,-7.49639769913443,3.8164830293987357,1.311134959781761,286.4532312386171,0.19199668699452488,0.016791385133610975
73765,-2.8161245729699793,-11.943149852604265,2.177267284690147,0.9326219165917814,469.6700450359247,0.08898772301461477,0.016797982522372596
73766,-6.976251909311763,-9.189843985741948,3.9204554936632348,0.8850379246026964,190.17224988127612,0.6926899295196742,0.016800523282086897
73767,-5.554726070082177,-11.450243184187846,1.521734323643422,9.669279877870514,521.0296421148604,0.058404612583457194,0.0168143167992526
73768,-6.36557348016383,-11.392460696925536,2.0144400072683735,0.9400392544197536,199.14787562139662,0.2516167280747599,0.01681855159295486
73769,-4.961588165905909,-8.076458436389718,0.8211219398317737,0.9289098612246971,469.87574035260684,0.07528273106951655,0.016821105343823594
73770,-7.4449883077175585,-5.425225831997713,5.07503617051409,0.9194442872719456,236.32448981506025,1.0130710915990706,0.01682319400166453
73771,-6.278649447660197,-6.809555268257933,2.9766217009255205,1.3508133542691867,328.81987825412926,0.32983964814459465,0.01682651780541073
73772,-7.28961396937582,-5.63756257508898,4.9756799876540345,1.1615197652559652,297.89707225348104,0.6670130756716404,0.01682734467163357
73773,-2.947593519867894,-8.054412692379007,4.640247554834098,0.9565638399480263,220.2581170733134,0.4629277174304587,0.016828180737745793
73774,-3.600915530002128,-11.155503743354659,1.9502423579068906,1.1035161170525079,289.5974950882432,1.3720837364756253,0.016828570827125015
73775,-2.9026062638578836,-7.912020396557127,1.8965932441939564,1.3012171950591174,280.97024524130956,0.9249101017280354,0.01682982201296833
73776,-3.5317470778399382,-7.558115342637763,2.584740079350858,0.9269796245372047,172.80611326007556,0.16992304609894227,0.01683158473339569
73777,-6.259991270305857,-8.573502787721464,0.07823138486812894,1.1374869943551011,298.5907617247993,0.7667330902753617,0.01683251734642402
73778,-3.775132296819473,-8.208223859710959,0.7517681574311003,3.047026817769059,488.5966810008966,0.5612047650183776,0.016836008723811826
73779,-6.889752077330895,-7.030281600068043,0.7093200391059594,1.0290235855801482,468.6401418766079,0.6484998651033491,0.016838451134738346
73780,-5.812105747307909,-11.41340669265211,2.136267433189478,3.648549887772611,462.0679305172056,0.12131262326232051,0.016842872334434156
73781,-7.341087020773763,-5.863095390488196,0.24937066443171085,3.9093902015175703,320.24455207695524,0.1402355958643069,0.016845365691335403
73782,-6.833509616509649,-6.484970444278528,4.8696298191866045,1.291290797800847,311.50818101103783,0.22635654446623477,0.01684597705124093
73783,-6.975716718791334,-6.0289262601420495,1.0897468392594516,0.7660504512997052,441.3557600151072,0.29697918168885185,0.016847796532459932
73784,-2.9095078955433884,-8.740801564749168,4.83886447811208,0.8070752826670547,162.81431906919482,0.02962212827755728,0.016848944965084132
73785,-5.524241490990134,-11.521494217221283,0.0027140535181123084,1.6797920325578881,395.09044714116925,0.5535581477567417,0.016849045329896485
73786,-4.755273891866558,-7.803291274479137,4.976239332128192,1.2455707031356416,313.02080372422625,0.34440836665387664,0.0168509704906837
73787,-2.4356114493740737,-9.99787129041557,0.6494165752371828,1.0302986310609326,280.6169419866164,1.3672859132950057,0.016851088639812776
73788,-6.9778827666143055,-9.170010556311734,3.9410935881778957,0.7792026504286574,176.61618621964337,0.38444442563094317,0.016852946727886595
73789,-4.018240995774137,-8.03552781297246,1.010419775631522,2.12146574945424,413.6328373475436,0.9622026217578519,0.016853383968410397
73790,-7.088092397764684,-5.72285169482499,4.617196986298347,1.0969117882236656,468.0377365113083,0.38482651905474885,0.016854992178558747
73791,-6.946329284464236,-6.222464695637921,4.766219633291274,0.7341742165387054,467.5229689695839,0.5011629290850488,0.01685756537220526
73792,-2.633016321395621,-9.351613468178595,4.304574682897743,1.0278110165389793,213.13554405567947,0.21234158931505487,0.016863073089710703
73793,-6.801554633709092,-12.597125797185674,1.1078560393788421,1.1549621250428739,468.1094280059051,0.28896780198196215,0.016873780109790786
73794,-3.9615315600067973,-12.469916453901607,1.3497696405856128,1.1129349580960866,467.43456198545346,0.6676208169993076,0.01687409881209621
73795,-5.644607335530801,-11.374564751024145,2.116628489898446,1.5803196782387048,348.74304519635365,1.20277200962484,0.016876111349263395
73796,-3.8194912646147836,-7.5025573770150125,2.974845692076433,2.0044384029514726,401.9631731897532,1.2713033314144147,0.01687697917215869
73797,-5.1585151548656345,-11.296238656141167,2.029273481266234,0.9056091782814094,211.97029850118594,0.28847795851637503,0.016877257364847027
73798,-3.336565176786884,-7.6556405882891605,2.1557740556029357,1.2489583112385578,271.0328589040645,0.8874606317994491,0.016880567029040283
73799,-6.214686811828878,-7.11985707684024,4.846477825224042,1.434657855173148,468.49579017678724,0.9358801627832651,0.016881398210379008
73800,-4.031586739227665,-7.56174596731021,4.301584877177053,0.8774304367852651,468.5119417606792,0.8736616931129015,0.016883363251097298
73801,-3.2356506180279645,-10.839379287120982,2.5427538078471903,1.1829835431215465,254.3342062756113,0.127940583711605,0.01688463000119783
73802,-6.298058027338994,-6.76952115799419,3.5022068233395554,1.774884394531329,467.86456121843247,0.06712693184347707,0.01688796910639752
73803,-3.3417667539089724,-8.169899294184876,4.927255027387304,1.8708712682932618,468.529771658793,0.3574954658456777,0.016888139532640022
73804,-8.426990891662458,-7.898540734863796,3.183049674996257,0.697218383969495,467.8459843414408,0.37595435438266733,0.01689145841484867
73805,-7.785093735756842,-9.541593426067625,1.949375581168241,1.1877403449113744,301.68016856654316,0.31270566929746124,0.016891495682628602
73806,-8.66949701567073,-5.945885550402589,0.48588396563818365,1.706609128834024,360.7882135663445,0.6373565785669619,0.01689250811228021
73807,-6.458175932669604,-10.944477406908081,2.528250818619385,1.0106105584481213,265.9395688184043,0.8003840886974585,0.016894490786384178
73808,-3.662997887309137,-11.14487437819547,1.9636216585699464,2.2775330364012967,432.9553178627765,1.5136036546428118,0.01689575875803856
73809,-2.653848020959461,-8.428036079311106,2.909337986472519,2.380955549111007,415.4027813175413,0.20056774478257555,0.016898505286062675
73810,-7.172191413806849,-10.13772503996276,2.6166314741828014,1.5139186970972958,342.32560792858754,0.24861293899475712,0.016898898561213672
73811,-8.06652241433697,-5.541145334964928,4.963894585452399,1.7531680566362124,468.2550572475421,0.3243829895942669,0.016899563141206133
73812,-5.708548809386136,-10.381616308883546,3.030026905235895,1.6028511478102523,373.6069492080001,0.242840086719748,0.01689999489146143
73813,-2.4511014447087174,-11.998259149363834,2.9360846854181295,1.8355800583616724,467.57603297979495,0.43118487864227983,0.016903882267952273
73814,-6.532692789153181,-11.227703944559023,2.2416221493438817,0.4785613423234677,121.44313744892361,0.08953613663853677,0.016904101687823525
73815,-8.76451112026161,-6.8620204489803385,0.6709486821450903,1.409191071015152,329.8860478952667,1.5244677909361215,0.016913068862797455
73816,-3.121437644080185,-11.160016127645791,1.856309606467564,1.6945255265764885,401.2270375596665,0.3395897515302506,0.016920286099547092
73817,-3.305099968580919,-11.151059093907351,2.0221390006313134,4.095978052493133,568.7270531499142,0.3288269425441763,0.016920507942629927
73818,-6.840267693944771,-10.899940623271146,2.2849892197926853,2.1307247306328065,408.81545632098624,0.8962027567172752,0.016920711715726136
73819,-5.839622143205859,-9.245270798247883,4.153851883387792,1.784355143734314,468.4833132758346,0.2900817236249935,0.01692183915613659
73820,-6.202757746851778,-11.42262753062494,2.0652343577517143,1.353961091482194,316.3450731471466,0.18292977887081463,0.01692226162841914
73821,-7.072915445443589,-10.768806783560642,1.9219232832374906,1.3386681951432358,298.4504051804569,0.25741157577752105,0.016922369268380883
73822,-6.273483489679733,-7.11924554565628,4.938412163941896,12.541672314495806,662.1784234614622,0.059361190567977395,0.016923614824558272
73823,-5.017577400976906,-8.604515946718704,4.7669819399214814,1.0735790059853818,257.61863917272206,0.329806429739647,0.01692478226011998
73824,-7.391549963680323,-11.38304256413185,0.5673546884721427,1.8767341340549257,381.0290606819234,0.9357717485040249,0.016927312918581034
73825,-3.316953029604747,-7.764186258269892,1.835643911641989,1.1560599101564777,296.9823837575116,0.7608064028307675,0.01692791298888508
73826,-2.6104671307777174,-11.276316749604934,3.6535279535650576,0.9616323050681473,468.02179008094566,0.02770343668962827,0.0169299853646295
73827,-5.6253287005996215,-10.721190068455803,2.750597962544617,0.9264960806817848,245.76202812829442,0.9135814636293587,0.01693153940762584
73828,-5.120059866323007,-11.229766008285933,1.7843782045384813,1.016985015421575,467.4715871107221,0.7580854022608348,0.01693190334349421
73829,-7.051267753168034,-10.672383513230024,2.1979152993873337,1.0479294560416903,284.19783502820934,0.7981995928620416,0.016933090645791384
73830,-6.934894101167611,-5.085038030180431,2.6078906909337976,0.5074479963176888,128.52496184099164,0.81630301520687,0.016933543364304946
73831,-6.469848743224228,-9.940482542658527,0.05247170236527991,0.5103777600523993,112.66613459773818,0.6423872272151447,0.016934145629420555
73832,-4.8837944809377305,-10.442997263795423,2.90913316834247,0.9262632638134973,242.16221310509596,0.9833002335497829,0.016935422940813176
73833,-6.093462605039062,-10.525808189994219,2.918738738956554,1.067969352387227,284.957503998284,0.6654018718682897,0.01693906247339845
73834,-2.7732113285145736,-12.725138660396505,2.371274032603178,1.2896523378282865,312.5327899086923,1.5654110229279468,0.016939322683539263
73835,-2.8834491513427283,-11.453407444095937,1.8857690497128559,0.9728917381666866,270.81722602017936,1.1997575724262273,0.01694007178420733
73836,-6.006570090449123,-7.0365956455746375,3.9457111826187052,1.7152442104085819,403.2597719683535,0.6185166758898228,0.01694254981132
73837,-3.573486035295227,-10.634383832546737,2.692603616768143,1.4585302578111556,325.522349346961,0.000705385390006974,0.016943719930975244
73838,-4.616570652593558,-7.486680429289781,4.19117848189439,0.9024528156706315,467.7085881673249,0.42076936664970077,0.016943853041548322
73839,-3.411530740621175,-7.6356791552586065,2.2328954224679904,1.0395863532667493,467.05099857741,0.2440676530859811,0.016944603486448696
73840,-5.556399402728822,-9.25144378628893,4.1245694057739986,4.234426429529983,580.9777059415688,0.7543688962949089,0.016947012149267235
73841,-4.195102298432278,-8.614068413296863,0.28170811355329634,1.2549134333747476,132.85031460772694,0.3390145221217802,0.016949099379672067
73842,-8.934475278248716,-7.283067568214004,2.0438963804247314,0.9344335509810292,281.21394231849723,0.5853769167076885,0.016953567840620343
73843,-6.654938231002861,-6.739949615745306,4.870883703006933,1.8096107342072847,467.62763130258065,0.4038207552816777,0.0169578005290853
73844,-3.944777538937421,-7.929148166072329,4.9237553775247225,0.8296952989641244,174.05500975182994,0.03810346414828025,0.016959300859152596
73845,-6.971238306309441,-11.220917017745231,1.2918613634092375,5.2726125492403595,521.8242116795703,0.05882874906796598,0.016959558208165148
73846,-3.9995951915069448,-7.478545203663337,3.648993259975848,0.8332269264660863,171.71961317423944,0.07669317699433353,0.016959609996225485
73847,-2.7112315426046907,-11.841243572474696,3.0781330736208803,3.694624283969974,210.37382003877323,0.3834705653074648,0.01696034117605672
73848,-2.766182118513382,-12.459689588502986,1.506084497807868,0.9666645937406223,468.02564541239315,0.028639269005046764,0.016960672489511743
73849,-7.280660284470361,-11.538538046328508,0.955182609421491,1.0925797544944265,286.5638862449684,0.2924316777771816,0.016963005219004245
73850,-4.150611832680791,-7.551482909200736,4.255835958146396,5.679107344908885,655.4367548089003,0.532277491462124,0.016963504169826418
73851,-4.632006504405809,-7.639870580768012,1.9948590036349763,2.331843776583937,342.79710204750444,0.03301798759216901,0.016964179933617787
73852,-4.528807232076969,-8.081077796123887,5.022974147757871,0.6990682188428021,142.8842814367015,0.3357591885895941,0.01696439052636922
73853,-5.825995650661779,-7.469895406583677,1.7198545062369819,0.9111132087890805,254.0804444484767,0.8095988736006161,0.016964794519993498
73854,-6.387969123734378,-11.260803082880834,1.7908144050046018,0.8136648522194712,234.67795550814822,1.1415792510135292,0.016965297015271663
73855,-6.504140924324275,-11.291180980304546,1.9011020235791218,1.5495910341544632,371.9413064892943,0.6782733838675581,0.016969996820976913
73856,-4.414426092265298,-8.78553654586802,4.535863194150032,1.5087604929794898,352.057175989268,0.5221274263066551,0.016971251994140815
73857,-6.4572582153166636,-11.186861125683214,2.316810984321944,2.9589844144162702,491.17325045921217,0.9473065041578943,0.016971886231786765
73858,-2.5705567865186545,-11.584497303564175,3.6695793665668255,1.8064084075929228,467.2327452251819,0.807676405972046,0.016972609506965747
73859,-6.338578376594517,-11.336833488287745,2.223916943581054,0.7593988492400277,468.2962727382263,0.508577775069674,0.016977714829955515
73860,-8.006927069454369,-8.89757635397569,2.475220793710044,0.8357938128281742,468.0495991990225,0.5425181303931152,0.016978731722363312
73861,-3.7011523222746954,-8.975832867686522,4.303829878983598,0.8832554052027981,467.1611589772791,0.22872097837415328,0.01697886747971604
73862,-6.795825880801351,-10.676199681912458,2.546395657689559,0.8398031699969402,195.96868100146077,0.46163942820557313,0.01697920089076942
73863,-4.597163610305705,-11.183297082120436,1.8223568837562663,1.7807353497408973,423.34144676893635,0.42258182563937563,0.016981890727299484
73864,-6.221885865377161,-11.256513019756671,1.670825462387358,0.9236896701749814,186.3897069396579,0.7693360051124385,0.01698497847042326
73865,-4.872613707675033,-8.848300784257141,4.50120203036117,1.7651844875737246,419.68059632840374,0.5998892698577487,0.016986858307438235
73866,-3.749920957917803,-11.162456818602372,1.7856193594496557,0.566427047823593,157.3504293652315,0.7044853169898397,0.016987091354274023
73867,-8.302512631461155,-5.311116056436809,4.608813287198015,6.563589612139705,570.4376801462676,0.08638618979799073,0.016987099753406062
73868,-5.532260809996049,-11.275527386815805,1.8218452601746618,3.0745907359874107,498.07732995106585,0.8006068567786011,0.016989259697831775
73869,-4.9396476608065045,-10.938911521910445,2.5055799079930874,1.3565179457315961,468.11260087667387,0.7379899633831801,0.01699366046322351
73870,-3.4540149137862297,-8.022331332265985,1.088532638863232,1.1256200470757953,235.172711410244,0.11304165783937581,0.016993844308870368
73871,-8.60917270222584,-5.045629578346487,4.022533976073364,1.1360303680028274,259.49921860376645,0.8234025479084188,0.016995595033816802
73872,-7.525283544600361,-9.634676775234166,2.5549029925716,1.5036372368220554,467.79855382384284,0.2557181653260834,0.01699700970594878
73873,-5.38717436897759,-11.21850190762669,2.318723872630507,1.0297072588209375,228.8456041286169,0.19760790387511928,0.016999019476015648
73874,-5.381030471139987,-7.274456512272394,3.3709098805200437,0.9660072705616706,253.65189483952528,0.5833383519777628,0.01700138811104587
73875,-3.599555691041731,-10.349324592172184,2.9339427803841955,1.6531135825031713,381.2050687934338,0.1550149417500899,0.017003039555249424
73876,-5.320017610976608,-11.308488427748488,2.0984395828867988,0.8588406153660026,233.68934144214828,0.5343871170178778,0.017003444014533006
73877,-5.145744953920701,-11.263549578091215,2.2139566285709953,0.8777349754514557,467.75087863524624,0.04346054201462035,0.017003778144209645
73878,-3.041671881657696,-11.229479408083503,1.9992670660617846,1.9127761577290523,468.76776322455237,0.608355386660576,0.017005933438733346
73879,-5.419936661199057,-7.515332993242838,4.842677222028058,1.1549496450906551,295.61870096224214,1.0911752987779781,0.017008946880738614
73880,-6.988491181942148,-6.465421418233771,5.132248701181792,1.477514481796195,470.22624345992324,0.09239766315199827,0.01700944269996083
73881,-4.925320048664004,-12.610435054213983,1.328564482490705,1.4805426055217967,339.5605899858003,0.20344861084865773,0.01701134043803507
73882,-8.94971539892238,-5.162584730984181,3.0453311900993425,1.2474012878937246,309.43779070715783,1.790192164620021,0.017013119206692313
73883,-3.4753670701524397,-7.77891135290558,4.7556962436925945,0.8235818316373676,220.8457926448314,1.1395164518847336,0.017014511833602912
73884,-4.953633686488792,-7.382913185677623,3.5972607740721947,0.9209602834905628,187.91604734953,0.6858727356084957,0.017014576938983072
73885,-6.93128454145377,-5.435921479360293,2.0910974182779056,1.6622352564150666,365.6793398506067,0.8610005700108792,0.017016911836128256
73886,-2.873674300763996,-8.92645238315734,4.757752803288091,0.7463368393704574,245.18618397053865,0.36697014294370245,0.017020168278941296
73887,-6.84082592549594,-7.876921849709333,0.2528095692371102,1.3602492077655437,468.0834695408622,0.7214594641286682,0.017020626466409196
73888,-6.605768450911845,-6.94833866115944,1.4933807251182527,1.0255684715184108,468.00239727820997,0.3690355238883569,0.017022486603320428
73889,-2.9138401883313225,-11.328786328154182,2.637201328489847,9.72683396251902,763.0927155151738,0.28108972571652213,0.017023038408667996
73890,-5.954197810239413,-9.587817524732298,3.780646780261956,1.8397570277938355,439.2032656166125,0.5439725654134255,0.01702389293590702
73891,-3.4043681689869416,-8.488586291845756,0.40820168342729535,10.335447857191236,298.19091921019333,0.34575846272910393,0.017025363833727495
73892,-5.52364715608703,-7.234206308992197,3.3056977283129756,1.2519037376748263,264.3786765356668,0.0613357345603438,0.01702714864947968
73893,-4.0614671079909614,-8.000852895179023,1.1339576845722,1.48236940314724,327.3113791290432,0.3129090183518679,0.017027227852621375
73894,-3.135735143853358,-8.178194018050895,4.951093714592328,1.08151547210011,279.7683482057877,1.7347146931463557,0.017028969818156957
73895,-3.5199152504495537,-11.13668064957402,1.827071188601619,0.9870285693246922,267.0066082834846,0.9046102756948731,0.01702911209315361
73896,-4.210804600525622,-7.4669069647003665,3.695145059826046,1.264682329710722,284.13427302907655,0.13242350502874967,0.017036541477554065
73897,-4.674065246332352,-7.499910564756959,4.244398300426044,0.7159002363907068,142.51855140897794,0.25431789401715843,0.01703743702300142
73898,-7.518062435076487,-10.105540954244374,1.5823906812131874,1.7112832831133686,403.4238859473654,0.3804896757525533,0.017040577461698528
73899,-6.602238141038724,-6.656496241222897,4.578220841953428,1.7045489346683962,431.0078999372576,0.36581459518227444,0.01704093138720225
73900,-3.545354049217769,-8.437807098486623,0.4578464969988251,0.5644001970543405,115.62760231354993,0.08469207480839458,0.017041452810902108
73901,-5.905803487941793,-11.078772949507952,2.484728109988787,0.734775671666528,139.2324165789208,0.11831081222090756,0.017043833470941783
73902,-7.380804264312869,-10.8189703257388,0.3818088856706699,5.287000291908777,631.4437352731692,0.32796365493976953,0.017044757757544132
73903,-7.026137578349612,-6.101121600536576,0.8686629270201914,1.1509252422697944,269.639686485597,0.6797049085231253,0.017045023819176323
73904,-7.793102868451923,-8.634725134737522,3.4804733548866253,9.204440504024664,456.4064187744416,0.12639948134877166,0.017045092413509565
73905,-4.700991138207861,-8.196496980959314,5.014743848492755,0.8718943831520937,210.14102509332307,1.0037437871442814,0.017051602095314644
73906,-4.1373426303653185,-10.968667697625794,2.424781172553313,0.831965370880013,242.12421288362404,0.32078124910826045,0.017052442350008593
73907,-6.902249809257067,-5.619075951475627,2.045498710745406,1.0013968693179147,275.94715563658553,0.739701703095359,0.0170537195171786
73908,-6.169460374103062,-11.362296246064842,1.931462893455607,1.0675860054518047,277.61192127427285,1.615255768225742,0.017054402804230463
73909,-4.146206220023673,-7.867195958662453,1.4889130643894102,1.1155720402542357,430.27469196396305,0.729480906269079,0.017054876632246377
73910,-2.7469679767121358,-8.114585085989162,2.7428654892724644,1.568098631369863,362.2406916382582,0.7141857737073538,0.0170557567006814
73911,-2.946190353947875,-10.039777577206976,3.5319996566126526,1.114622293005544,259.1511515806902,0.1986115678440905,0.01705641498310199
73912,-4.455465331444266,-7.46658916219914,3.064250747550768,0.9647480646678225,206.62372004204525,0.2678110204541957,0.01706239238453681
73913,-5.278430845679596,-12.14988012219109,1.3628410773009403,1.0878630158428746,256.84387924135217,0.09963993710430241,0.017063474014136604
73914,-4.939160528740044,-7.905130691855806,5.058743336052361,0.8507684893344193,468.5504665078367,0.5381169779581878,0.017063890102402845
73915,-4.365164501323703,-7.453455973229969,3.502931522186894,0.6110597932504521,126.07049275351022,0.8892118059025949,0.017065607584199834
73916,-2.928851118326527,-11.538981333407119,2.3213267654604497,1.8005639393854211,430.04932309624104,0.9324057670187562,0.01706580180756237
73917,-5.834289256747422,-7.103559559467088,3.3988416458000374,0.8386838576888428,467.9725439748115,0.21561538652270507,0.01706666396072628
73918,-4.138690285232347,-9.781899113366206,3.466902004982847,4.164030727828571,367.36044704388365,0.10459335514868773,0.01706688059606572
73919,-5.102349949110273,-11.211096528677473,2.262871314961709,1.6554873508417287,467.93365558007986,0.47543804923771305,0.017069355416581517
73920,-6.161450795591489,-7.948171813645501,0.5764109238754949,0.5033793529076378,136.93707513911238,0.6990802979024053,0.017070448404386134
73921,-6.8041473718931496,-5.935783324499636,3.62339359383926,2.9154998545897253,491.7641289851472,1.3776835289042966,0.01707197190110742
73922,-6.757913401720365,-7.709755074342914,0.4059828907058898,0.9646398447247149,191.70758662881562,0.7480335642249747,0.01707287118676383
73923,-8.750011855870977,-7.871855249158197,1.3348631743102077,1.8080142612902141,431.04216833445133,0.2947083078712378,0.017073118907725674
73924,-5.252311922132475,-11.279268542961464,2.1758374928317354,1.2539193235210513,266.2861365089898,0.37850219210188296,0.01707360115190346
73925,-5.362537413804034,-7.802695467698822,1.2867451981480733,1.588905832086371,373.4259343250164,0.3234403990914281,0.01707454886427137
73926,-3.4880123556510325,-10.12789850828395,3.126563465730322,1.8364473255702054,467.5909360689917,0.4400958178470402,0.01707696455377472
73927,-8.562347504608622,-7.829188353616593,2.8695502778617703,1.5800068789145136,367.9285802168777,0.5753833528810306,0.017077944439598584
73928,-5.765420273524786,-11.118416863682357,2.4362521448774688,1.5640790557397906,468.85252436505664,0.429312205265739,0.017079198288026752
73929,-4.445174397605184,-8.253743884833165,0.656339761025843,1.7763673960147202,423.0752661252374,0.5723005565634915,0.01708329054148679
73930,-6.895002173345127,-5.4028315933779245,2.5296008808530526,1.1927044196014036,315.6295129511295,0.39639353273350686,0.017086779541602162
73931,-6.022012641783631,-11.28074638785103,1.7551834994349005,0.8545016776596128,468.14636057318535,0.26416859485294175,0.01708750932454685
73932,-7.316736336135371,-10.40984638513302,1.5924421911867273,1.0751437028535877,239.62493833007494,0.13584533169035318,0.017088159473894967
73933,-3.3750067620237303,-9.113353280224015,4.151258780232761,1.1129869662658702,222.79272162547528,0.3992463369378729,0.017088286294165454
73934,-4.755763607096521,-8.315156153822539,4.9511781228664535,34.78723974238918,884.0295289116552,0.16171202249226724,0.017089605562552783
73935,-8.251583806805812,-7.028386857293799,4.629350139018197,0.8796106778508153,137.4566330251056,0.30065413608878355,0.017092749678981063
73936,-3.5976878847001945,-10.51968851047382,2.7757714106542593,2.3615271386676384,444.40232518737565,2.3166040438786704,0.017093085730566653
73937,-5.981765873671712,-7.428264398910664,1.6555043464593537,2.2932337289033473,436.8147673927632,2.059951062190403,0.01709447902943779
73938,-7.003440464917129,-10.505394515400106,2.4648284934176345,0.727849647371942,147.48682905899585,0.1272846931199716,0.017096109309317174
73939,-6.744078329902968,-12.718822180007379,1.116388624020819,1.4730371632796808,338.6040836442765,0.12547341413662316,0.017096986120269303
73940,-6.432829722788724,-6.956411631447856,1.8941319724213577,1.3308594238792544,294.01825374825506,0.5336472104490335,0.017098364892832178
73941,-5.78821859515646,-11.310514871238048,1.6035940826750388,2.338183018932708,436.15885013169725,1.1822680652729938,0.017101201677973327
73942,-7.02838927687627,-6.104315871779092,4.8055426260234,1.90276477904484,468.14821124302824,0.4439241595839123,0.017104386243328388
73943,-3.464046289769538,-10.689034885097008,2.6353610229878774,1.3945933096103689,160.7004972424078,0.4136694018312186,0.017105913893259186
73944,-7.083560289037877,-6.263451347277622,5.0925260338604295,4.183250012307366,539.0518102833328,0.20030224363561278,0.017106295857994547
73945,-2.956847393377312,-7.79521777540153,2.29652830404158,0.9642588651292746,469.2145669886204,0.630860508175993,0.017106705461799966
73946,-5.629459572974585,-8.627786062720507,4.8148511768934075,1.2660926787593303,426.3279786667215,0.731206051299444,0.017108610413618826
73947,-3.089581563952639,-11.216990753235287,2.1844334042186815,1.848883679357153,467.53267812827147,0.43826581391070807,0.017110271958786488
73948,-4.496812292718612,-7.933274071830288,1.255743485284681,1.280459584175439,281.2111924543478,0.1781743281803072,0.01711081711235044
73949,-6.4520067754010295,-6.722560267330366,2.469195342807394,1.3200736822762014,323.99832713712783,0.41600328125921493,0.017110819774501077
73950,-5.006819624494249,-7.976385144369973,0.9799944847453372,0.976695667593719,195.87774108137555,1.0231187971290039,0.017115142103180245
73951,-6.682896639925916,-6.408787665204533,4.209757694196637,2.062791267325443,382.1323968649057,0.2636080404510617,0.017115159314482584
73952,-3.5613184219519844,-8.032200717804617,4.936976393760674,1.431782977500324,468.6860600967375,0.43178440944161967,0.017115658083836863
73953,-4.720816321392083,-7.807199517196617,4.957944153046782,1.506658274069566,347.5800244508434,0.2574824258715207,0.01711569416198448
73954,-3.6552837244465355,-7.558330173824616,2.6274769430510303,0.8785496822845846,212.11445173862555,0.9299311175382794,0.017120419144508615
73955,-6.573729600399077,-6.439078039947971,2.9215620639799176,1.1601575991020254,301.39547685866614,0.43743771336450354,0.017121814243659283
73956,-6.496190733295393,-9.345245412760475,3.9892996727285253,1.1545674754989923,272.6944841346124,0.415690714361471,0.017123706549995166
73957,-6.577926314920516,-6.587642679423562,2.2543149780450977,1.3885814723867145,322.0325164804276,1.2111706464625884,0.017125975759760506
73958,-5.865490117812016,-11.273116785422983,1.7042841757789948,0.6593867835182107,152.5128438135354,0.4120466611921545,0.017127539371364253
73959,-6.991636285313564,-7.353516943649831,0.401510610301998,2.8536807501483756,488.21943402310296,1.7637335814699737,0.01713022204409467
73960,-8.388331993244462,-6.8056667648695015,4.490957868779729,1.0883911610711483,285.1527463528343,1.4691474334455803,0.017135933953668914
73961,-4.190524524341209,-9.021910895181048,4.265794453729432,1.1527001687828,295.6027396965429,0.322229245689452,0.01713687720520411
73962,-3.660907294776008,-12.280095788672243,1.3627914561417025,2.0838340392532593,263.6601930961604,0.09119682773105353,0.01713810719561657
73963,-6.839012519696457,-8.518684588468155,4.826635739120225,1.0175298858382156,467.8964007419481,0.28125260677978137,0.01713972835223522
73964,-5.949412823025696,-8.579004423106182,4.902099200804189,0.6964039954011083,143.78794904097074,0.39995719691622966,0.01714009388362776
73965,-2.7908540921955316,-11.748525891608196,2.0020410919667984,1.0018347290047995,467.3212050468303,0.23301658899828848,0.01714183703446128
73966,-2.6898939462599722,-8.492722802714763,3.5939231596394294,1.3016124761098227,168.45277146974556,0.21615246900057006,0.01714313845466088
73967,-3.231236742149979,-8.154808594597938,4.939828517022774,0.9202128022428071,467.3547146155946,0.2782445754887135,0.017143311339424774
73968,-3.678438515214717,-10.918734420262826,2.4430362572020607,1.1401614069610633,240.1375330791643,0.03422621125629721,0.017145047739934617
73969,-4.226663930316197,-11.152580404554536,2.0981396118236004,0.8182649130236507,466.82918879434163,0.08514009662305622,0.017147550039339716
73970,-5.572306398029467,-8.786767953011624,0.05987850981644542,0.506450243791717,119.17276434272581,0.80601625716527,0.017150318714517856
73971,-4.450690043798385,-10.710541801071889,2.6463523367140946,1.12970691434222,467.2564668272416,0.25598556451135757,0.01715058784786808
73972,-3.977382296246791,-11.133072394882317,1.8671839278795608,1.057466739990538,361.3297678623181,0.06012782022084373,0.01715143790648799
73973,-5.911039639507657,-11.34113091662006,1.9300485235682228,1.2015605713867046,305.93371986322194,0.6631064578478787,0.017151710994292604
73974,-7.615503079324036,-10.578061552489585,0.714920889746239,0.8087979694174403,411.39051803091735,0.21282534004339748,0.017153185187342334
73975,-4.955045309530316,-11.224148066720122,2.005494387360922,0.9521528680481119,258.4991498260755,1.135011091550159,0.017155286157716332
73976,-3.6597564053987828,-9.947402037276628,3.2903595037230096,1.78725100137449,469.3211575390304,0.1391667530036953,0.017156817871771778
73977,-2.699416782325245,-12.295919398758956,1.673951232907808,1.387388936615963,336.58141844787605,0.17756255968345513,0.017158130677976353
73978,-4.150763370613423,-12.852810361135303,1.3186752672124884,1.4166530321121817,319.34041196246375,0.8573384598884974,0.017161543014255383
73979,-7.2967241647085554,-5.763085966681092,5.037244434902335,1.8659651816288712,469.85457821287014,0.22897087295967022,0.017162216079133367
73980,-4.75700642102804,-9.434312825543346,3.845665373937955,1.2836620500895823,314.74780488105836,1.9006708059838493,0.01716453030458775
73981,-9.00376643793704,-5.600410751436343,2.8157308957314227,1.027069238166327,209.34136534642414,0.0008393046560613016,0.017164730873178678
73982,-7.330302939867683,-10.384359361054521,1.6374109048819794,1.0543952268453327,284.89389199412943,0.8406536166163816,0.017165713929465278
73983,-5.542612079911715,-10.940080092788854,2.5511803754040336,1.797514542616658,469.35977803570535,0.1393016778295726,0.01716711732660803
73984,-5.124809001852643,-9.15643911692731,4.1765225487599835,0.8954990470239514,255.838260388134,1.4669841033704918,0.017173292540011823
73985,-6.519427489889084,-6.53506408286121,3.7069238702081684,2.3740141764979223,445.9601487063394,2.390583618034549,0.01717573381150784
73986,-4.224985011558432,-12.068885920192356,1.3864085426834682,1.339112493727453,328.5349125448278,0.4028364099949542,0.01717639081580611
73987,-6.876039997814297,-12.196662346260371,1.1133418964639163,0.6983627970668493,146.00798607529256,0.03170242400525858,0.017179121856542256
73988,-4.8437543254925455,-11.178153863064065,1.905328911410214,0.9925900412003454,262.3876840556929,1.6076848233243508,0.017189375999926957
73989,-5.3076277672559975,-11.27839795071883,2.205466501626011,2.9322789911028324,494.4784993853076,1.6721773747611488,0.017190771034110982
73990,-6.864204850448705,-6.631369216446176,5.099025187896596,1.1999821477172954,467.77745056905746,0.37302578800537045,0.017192538763533462
73991,-5.097130354207769,-8.139450315295905,5.095484523022143,1.1019404371589427,237.73027870530163,0.7799038640469078,0.01719544279138138
73992,-5.832413311773371,-8.280929619397181,5.161615406063861,0.6355815310987749,155.29695198457375,0.022533866357074217,0.017197357677900715
73993,-5.996921241634888,-11.364596834683313,1.972688847630316,1.2679830681211808,312.21109937738356,1.7499285268867748,0.01719796033292985
73994,-5.5291305045254555,-11.01358063835631,2.489810340771641,1.338633437390618,468.02555732727194,0.028706674306044455,0.017198105163931027
73995,-5.525511905976433,-11.250051894118553,1.7199052364399308,1.9812171531926575,403.14166479277526,1.960059778959499,0.017198332313945696
73996,-5.261391897834648,-11.901869731685917,1.3994387577335632,0.8677301664991217,248.9569798048177,0.9050786797291162,0.017198875319765848
73997,-3.353703497724708,-7.568058008103673,4.132501303625996,1.8612112478765015,450.99608749216657,0.4503845224156793,0.01719891324422921
73998,-4.051116853242197,-8.764310734287253,4.5210160884736075,2.0658311854803464,322.2651377635769,0.04899822725433811,0.01719988599176331
73999,-2.8314514667270902,-11.662023630286383,2.69962080746873,1.51427982223101,356.74892561561785,0.4058607050266545,0.01720046125944122
74000,-7.297558478580822,-10.418081030476365,1.8368586078408233,1.100441274834242,277.59401393422576,0.18300468829214456,0.017200961941200542
74001,-7.3499232863807205,-10.372111007533077,1.540705585068952,1.0425072805735167,276.35287762656543,0.8601749891041006,0.017201587012860637
74002,-5.799958663005072,-11.334950828987683,1.959534262160458,7.058756540952847,559.727079740929,0.036290441782740324,0.01720249184237693
74003,-8.951688146830614,-7.044876675495771,1.7244885307990698,0.9788866001091832,460.3233756285148,0.9186283611567374,0.01720456101231858
74004,-3.533213422266842,-10.365866148951119,2.901561267528856,1.6825708732713858,349.2022680661629,0.2710673244027637,0.01720488377468771
74005,-6.315844409055268,-6.7619962449950375,3.3061553664051613,1.7241481094121347,405.79193070266666,0.5544901108368236,0.017205093437055653
74006,-5.279037188009256,-11.230005956234004,1.8162470416102527,0.9719584457041502,467.96961576302573,0.14551709870423224,0.017209507735036236
74007,-2.761617671569229,-8.293263205510122,3.8536543389479476,2.5066508516451527,454.2450301056041,1.2937969681669559,0.01721080121897331
74008,-4.6944441696374195,-10.73860879702774,2.6341549179934005,0.7958140311245143,200.78143819660218,0.13422569615345026,0.017210943555520965
74009,-4.756723129870881,-7.7902384996731024,4.9463282852309165,1.241074754116227,468.02712708036654,0.4434613650808261,0.0172132974452773
74010,-5.241720377945028,-12.0971464617149,1.3684737930828468,1.6716437996661266,391.23462080805825,0.7463099271263909,0.017216437275706632
74011,-6.57824179062657,-6.634955086148647,2.1480708642145996,6.49771907803884,668.4350876530848,0.26152225312903177,0.017218116199079904
74012,-7.980335595998364,-9.611470082068841,0.7764743555095163,13.301355315376796,477.41282714554717,0.18049653742923955,0.017219549490082694
74013,-6.950296142270837,-11.81791005965896,1.1346638898021144,1.100207274676787,143.93878612371446,0.2674800374357966,0.017221801221433124
74014,-5.811242659497417,-7.207202847417823,4.352030916900835,0.9101520488002913,469.9268378165483,0.15521801806186186,0.01722535726409591
74015,-6.999799370583463,-11.45388850478617,1.1986642307232949,1.684374440911488,395.39970352163664,0.5270620869437055,0.017225821327282214
74016,-4.68534539431532,-11.189965974733724,2.0387410829434307,0.8221491953969873,173.19400887875213,0.15129621964941453,0.01722727136735739
74017,-2.759367639514986,-12.94138796471346,2.4890703116059862,0.5488528884961013,113.95172548109726,0.3706954890034089,0.01722985938156123
74018,-4.73005265669271,-10.088976004290888,3.200892133023149,3.8229444769804664,553.6816458050674,0.7356546525372964,0.017230557455545237
74019,-8.775660587571508,-5.418146433212298,3.6355132468031197,1.7239953792984364,372.82871543565284,2.0947263896326502,0.017231127442477196
74020,-2.3239797929418815,-10.79471536445648,1.380849002007411,1.2086000919272935,268.7346671706389,0.1459765921159457,0.01723169250278437
74021,-7.332863951121608,-11.534999785223294,0.869576464261925,0.802084227371788,189.50287344760753,0.12035671012352456,0.017234217791340777
74022,-6.629775598333862,-10.542811891617932,2.7679304336239094,6.587865051667523,680.802294862066,0.2775307354009593,0.017238990735705045
74023,-2.696797737758362,-12.145613716641979,1.7637648836235869,1.126816782020579,260.5179942021939,0.09357141230177657,0.01723996675203913
74024,-8.02340536066118,-7.288271162004121,4.824378220606987,1.409071124324981,331.32904765943834,1.6388096917823,0.017243222441708624
74025,-5.020168938917498,-8.499420307514011,4.843510266023418,0.9387328197237279,468.3466100647363,0.49270145814988187,0.01724776948272917
74026,-7.188412785948302,-10.585015981153253,1.7589432983184083,1.0996500672276477,284.83590443044153,1.5039060401249502,0.017247955110843552
74027,-7.159206263637252,-11.956198454685783,0.329877272897549,1.0342853752043457,368.2813575146613,0.719522817185374,0.017254146737073824
74028,-4.084061487530245,-7.529271469167067,2.700574027765939,1.3611597980647696,307.7858482637196,0.6933427992794412,0.01725425626979625
74029,-7.163793311873507,-5.400792990014894,4.581306699585571,2.2109796432893596,422.94141620774343,1.1386813669014773,0.017255283432705226
74030,-8.500970343014865,-7.410927727884652,3.7419257803774535,1.5531658746704,362.4572995296029,0.5079519792099179,0.017257089351168462
74031,-8.997730749021475,-5.53619298559246,1.1538414866733244,1.887781256431165,468.05920769807204,0.37272012400248933,0.017258960475426955
74032,-2.6726361875018734,-11.448020253167142,3.4067146017603154,1.8465673924754127,468.1013705613279,0.7450258531790128,0.017259917565056744
74033,-2.774430221532949,-11.027294714321075,3.1901990113113907,1.3434510670773618,323.39188034478485,0.4242272204563209,0.01726141835378257
74034,-4.857127225621985,-11.205578668258392,2.0982961077378697,0.8231250583679213,336.6052729622258,0.18287135638831575,0.017267252560694984
74035,-3.270213464986604,-11.108190286067352,2.1435075050189525,1.1200952669891966,466.1975491964724,0.6917562500302497,0.01727137255161145
74036,-3.429359141784712,-8.979534981651224,4.281917585268034,1.3827115338348492,328.1887079844623,1.9604094152332268,0.017272013959240048
74037,-3.177348208447196,-11.654745805952752,1.4679042425819742,3.1051061603399877,507.71463524006634,1.4357610347104819,0.01727268830616457
74038,-2.7164190188522133,-12.255116912973213,2.9258520022783605,1.500997106511413,336.3854589386282,0.7418302567508901,0.017274357638845758
74039,-2.7772157026135824,-12.038167141882852,2.7420292284736694,1.891161539927824,378.72258829607597,0.6481458337241701,0.01727710813793116
74040,-8.283367960797799,-7.16024010248893,4.472047583693602,1.3447073583504368,291.1765068491196,0.3672233676648764,0.017278562744244223
74041,-8.389112264020252,-7.7775993390775415,3.4900409947671975,0.9831157278991782,468.09752794054833,0.2022001868771417,0.017280361370863355
74042,-4.17613412191554,-7.948601752218318,1.2842199265643566,1.7778870767615196,452.7467677614999,0.21831851346259512,0.017285291258890948
74043,-5.156344709793257,-8.425351989962426,0.37594569944232936,1.4267356122325943,468.30569806352673,0.2070009330911251,0.017287665517859974
74044,-7.383942364378488,-5.804408709566367,5.151265467585983,1.7015635211395053,400.22274667095155,0.44100459954753557,0.017290086160546052
74045,-6.907126382461885,-6.190765599420817,1.5322266525378083,1.099635815430088,467.150401466783,0.409811121530538,0.01729328802548084
74046,-4.901073321348566,-7.800653671022088,1.5005992794432947,1.199833054359421,307.74668690937494,0.5870851646817039,0.017294072855075542
74047,-6.419312414196546,-10.557028593751564,2.8339869991319233,0.8687450809153425,250.5679710654754,1.6099484697472333,0.017294739461922524
74048,-3.4216190512432494,-11.078114351181725,2.203067104904042,1.817492533678383,467.97892274915955,0.35836226570612784,0.017295580000403127
74049,-5.292657688207752,-7.330713050468803,3.9061765914733684,1.2729519283867416,318.8385548708616,0.47974916132007284,0.01729575492812821
74050,-8.878330470526203,-7.100607739141055,2.8990005377184533,0.9304122150274878,247.0371541932753,1.080748728265391,0.017298236239918205
74051,-2.9930913144419566,-11.308170991724408,2.3746676754646248,1.4503689973490281,291.07448353821906,0.09003987351660481,0.01729875647639991
74052,-7.561837059506702,-9.57868500871238,2.5349425164818147,1.7597889312075696,467.9291682981848,0.17663618587579144,0.017301403596115414
74053,-6.593436594680204,-7.186024267624788,1.119585857006629,5.619815404396509,236.9410260023642,0.34242413458615406,0.01730415263544165
74054,-6.967734343132301,-6.115388156484047,1.1698748202746465,0.8711763848372733,249.55966759259854,1.2963639185191136,0.017305168095550195
74055,-4.18724338997147,-11.201495091288354,1.683587673675987,1.7046325779898461,403.577722388068,0.7664160161026503,0.01730581451419376
74056,-2.6187361893980663,-10.578713828233472,3.898864925749381,1.6530536252821268,470.41298021125994,0.05001312391102353,0.017305931239454564
74057,-7.786750763379477,-8.97439540978322,2.9357818116636416,1.102802503498085,467.9735334498224,0.8235822595322757,0.01730730427895623
74058,-3.0219444316220265,-10.885871104621321,2.689420284970258,1.1214928729676799,469.8873568703147,0.10543445929139583,0.017309083750455163
74059,-6.451856708201044,-11.31740954270565,2.0125480575048873,1.4532635428415854,344.68180999006927,0.4033674891524477,0.017309450574970835
74060,-3.559365352913872,-9.589559505481626,3.6319683645666303,0.9056143535444202,174.99432815282654,0.3624873978422132,0.017310705440603303
74061,-4.7147567057133575,-8.284678334966866,0.5858450636401786,1.4504830539405988,324.6306629767608,0.42119075709932385,0.0173117894955843
74062,-2.8262878819148582,-8.534896671946454,4.733754321268886,1.5651633313390967,366.467769454277,0.4828053572318849,0.017313529416393796
74063,-3.2560151151388563,-7.65872483919992,4.479663140388256,1.8645961943270153,459.48437768596443,0.6455111599290078,0.017318753541675228
74064,-2.733699212385101,-12.21278968030115,2.9396160822899557,1.0222501313492611,209.10821216370613,0.8052649193602734,0.01732371227076652
74065,-5.5996424035209715,-11.876599998753836,0.013128613515927598,1.8498956446898995,444.4552551223269,0.5935706210841127,0.017324173149589214
74066,-3.0562341708798275,-9.274757470156604,4.142874469536176,2.6978220526948045,474.38905718243274,1.798382103155694,0.017324621905672574
74067,-4.593381983053318,-12.539904243105386,1.3354134113473353,2.4973461894287543,349.809977050852,0.07248621960959856,0.017326496490236362
74068,-9.053378501720942,-6.1188246237515544,2.3940721756559635,0.922315467719021,468.3121482571119,0.5028092073431116,0.01732825413793355
74069,-3.5239095364126394,-7.544134106244553,4.018824518638579,1.2570309963518607,187.56265976877216,0.15648099362173795,0.017328438384124872
74070,-7.14269886313981,-9.552414554178748,3.306049201912107,1.7617571346420182,418.7007249258229,0.4269618967644062,0.017330381072873408
74071,-6.3167481056599435,-8.953966131965302,0.0008158393107646044,1.8056947691834913,467.9635796351051,0.7610938332722066,0.017332516796857662
74072,-8.39066985830463,-7.748460271666535,3.531439354324381,6.344917936998543,332.92812772956046,0.20938490606093385,0.017332546371532417
74073,-3.202005790600799,-7.832858759219174,1.687028452326392,7.050248018058125,311.5308603982713,0.3279000941031551,0.01733387016886463
74074,-3.796587723592028,-12.52359143424978,1.3391379754408776,1.5611560446664647,467.91778906496035,0.37528073842637877,0.017334758563614966
74075,-5.802363991615565,-7.128435567902825,3.7062769406636393,1.8736074805443446,466.7398647676483,0.09143940869387013,0.017335460779440325
74076,-6.26525927510405,-11.312272012730759,1.8813905934051307,1.077910735763953,279.2662267258801,0.9893701507942465,0.01733571496807387
74077,-6.6722685213308885,-8.715288698455463,4.667774392685865,1.112775612213074,467.088797542984,0.8228479046896071,0.017337035362663653
74078,-2.7659981841211163,-12.134700578844663,2.7521440417163667,1.0893736807378858,283.95673084088594,1.4202648110898757,0.017337169577938762
74079,-6.2132130663564125,-11.241291392922763,1.6971587896078122,1.6207311632646264,381.49755137806574,0.3686846047385792,0.01733826889645529
74080,-6.378265990563271,-9.407275547272949,3.940381970353079,0.9889488649921223,263.16583206018225,1.579640145106687,0.017340249164067685
74081,-2.8317531853608138,-8.332639423635008,4.55476465384726,1.7928349069223397,427.4440858983517,0.11958233001399154,0.017345036658311136
74082,-8.793393281960421,-6.721469306970325,0.6931170415134418,2.305841758307818,429.7702308903771,0.9922086688097487,0.017345650417028513
74083,-7.32776600657359,-9.929556125402904,2.5672205348354127,1.1396970801781807,272.51876128021064,0.8895111898618238,0.017350247718729832
74084,-8.56315561214865,-5.125186006522249,4.114207870555013,1.9395186567859213,388.80910555614787,0.9899996845061798,0.017354172346630493
74085,-5.431090507259441,-10.047375120520853,3.284432537471087,0.9348184938676996,183.245956018748,0.09831145442096556,0.017355536425694183
74086,-6.930674042245983,-5.86917845149576,4.197468110826254,1.5213263822199323,355.7334150036168,0.33847065862879244,0.01735565379950818
74087,-5.001867253542819,-8.706506956706175,4.649395367148765,2.3471251485795834,443.11751591092224,2.3094891456205273,0.017357015227945773
74088,-4.092463277055378,-10.028021822132235,3.212800757494866,3.6621508919124457,513.4789745443442,0.2322846551787796,0.01735743348471908
74089,-6.221912707485812,-12.394765270688351,1.2680757080462965,0.7268996428895664,194.4015164045806,0.7440737198824623,0.017357957579197066
74090,-6.91085728298996,-5.454368497764742,2.31595491949099,0.9814675077278625,230.56472017480309,0.20139445010201573,0.01736131905340027
74091,-6.466124464135987,-9.747015073399526,3.5561083519731445,2.6845348044499566,474.7617503706708,2.3293680956136935,0.01736393960612674
74092,-4.969121764837956,-7.927948091368354,1.1316416039142236,1.8887436103413717,468.7352794480377,0.6455253316567813,0.017369000791004344
74093,-5.382400114021992,-11.79409971296768,1.4123703331440527,1.5177085423415035,341.37319064288295,0.3494342686442309,0.017369717797441935
74094,-8.529672670886434,-8.214325689595672,0.7624310749385433,0.8957412211766718,432.9533036704144,0.19646866348565784,0.017370281344988137
74095,-3.9634352962290382,-11.116947962411965,1.9029750614818113,0.8422744840501712,137.70421988914384,0.20004914454325728,0.01737042567405254
74096,-3.553279623461588,-10.922205897643277,2.409723616317113,1.297505116138936,286.3220835067618,0.8090855635359882,0.017372977919709442
74097,-4.544713567340826,-8.206212867745734,0.7170301450503239,1.0138204607344101,467.2742249520334,0.4119604049375427,0.017373384007579477
74098,-7.871513714457102,-8.397342869804195,3.681908420569715,1.1294361436432474,420.32426235288335,0.5510044558265692,0.017375734711380014
74099,-4.716499248851893,-7.444667858136888,3.9428567600669617,1.3979133529332668,209.87745502051146,0.12621226539579933,0.01738069535042534
74100,-7.281096910317768,-11.888302211806518,0.8325648117312784,1.0066129310145024,344.51571087957427,0.02201287730065271,0.017380731457447028
74101,-5.324911775087499,-7.29776616810829,3.5460560590398837,1.3409712646654357,326.288788763837,0.2578891662367342,0.017381018396610708
74102,-7.660664953476859,-9.714160086221883,2.028188993405414,1.870943320948965,466.5456021449675,0.2951033610121696,0.01738341222997818
74103,-7.058831590961555,-5.253957798428467,1.0981258321524652,1.8039918578928569,381.2849233160001,1.7368812174419022,0.017383741003976758
74104,-3.841345922730807,-10.598322668479202,2.703267342844227,0.9652851935307016,148.93937054735343,0.2222679857237928,0.017384095473464267
74105,-2.865728847579561,-9.011705500777175,4.673778681891651,1.515252324220773,349.12120089390373,0.19508929288247412,0.01738548852672211
74106,-6.908074003025483,-10.82782924716597,2.2272274512828334,15.795455561736159,488.5886931345239,0.18830433578572148,0.01738725121470736
74107,-7.360226884930706,-8.332707162735108,4.597287137390645,1.3703087268825418,468.124989475775,0.6521201234532095,0.017387691075614317
74108,-6.900208578525573,-5.859331648229928,4.054678652465108,2.724204419329389,477.3488078073771,1.9309382701338302,0.017387949848554678
74109,-4.48768851249752,-10.84931909677675,2.5261933740787024,0.5510480589578005,124.78027072859042,0.3681997992474626,0.01739074063017571
74110,-7.005365713609286,-5.527558834838097,1.6169326282268337,1.1523765657426244,208.45693967393825,0.09482953239087077,0.017391372104431882
74111,-6.971441030460799,-10.842936603381165,1.5404702699181594,1.6314288692603685,379.37800490554457,0.22521640797377618,0.017392986959477455
74112,-5.417183814815266,-8.050069673699735,5.183390826071209,1.2895864185774042,169.63576860337648,0.25775234620306353,0.017397121524139917
74113,-2.6997148622282605,-12.566540595617129,2.946430842087364,1.808111923786697,318.60968715240494,0.09677296950240244,0.017398328255210815
74114,-5.209775740692994,-7.370483695853928,2.905648186421724,1.084254577022402,281.7816522717829,0.38647798535777333,0.017399037370524468
74115,-6.776299094492613,-6.222561039546564,4.166847499217012,1.1110379146062308,467.7101485912926,0.7708663193939058,0.01739954381628628
74116,-4.605635862497863,-11.159892589827205,1.8704168900452718,1.2626022073229464,314.7108903996397,0.5125279876197704,0.0174002560003981
74117,-6.723491878467243,-11.091362189052038,1.8148130431599707,3.2789414364494847,502.12286204431797,0.3596759453559484,0.017403052515190975
74118,-7.555916565892144,-5.4097724711853195,5.121355661867004,1.7379657687658854,470.2140479924172,0.09225623311748254,0.017404752904088987
74119,-6.720220916884094,-11.055239903871481,1.7128354500176803,0.9696145820901324,265.1518153967596,1.0518481021625297,0.017406600021062084
74120,-8.853347414960995,-5.811673672571424,3.440238275695613,2.872236724000495,483.5457263315969,0.9268304725352889,0.017408329555376904
74121,-3.8690127488487027,-9.281391804654438,3.9680899908645864,1.5089275157872253,292.7253194578365,0.10622247852921873,0.017408391312639087
74122,-4.557800475566651,-11.162669485690214,2.1629084531010663,1.135788442032742,232.73448951024866,0.9689300905297564,0.017409638893500372
74123,-6.723037207244487,-9.448822800313689,3.774400706113142,1.0848394703193387,280.9378634575524,1.0479841794118725,0.017411350247242056
74124,-7.393290078737969,-8.239774630057855,4.672375843070381,2.063624638335782,400.18477763075316,0.8545232722241005,0.01741198367030629
74125,-6.955928524350618,-5.11726501044948,2.19015376981285,1.3450794142486628,320.94404917211835,0.6036906716900505,0.01741345908889181
74126,-4.234948809541125,-7.573834794151005,2.4590408829394224,0.7121565834935635,130.2808403544059,0.16610613229002258,0.0174139301301813
74127,-7.250351041261158,-12.008190268822498,0.8488250247251827,0.9160452330064409,469.75764813456993,0.08741290950951086,0.017416186537787922
74128,-5.983385969737612,-11.260687608328233,1.633212726341781,0.7480262881230538,224.0757139608753,0.3087858565686856,0.017418067416308393
74129,-6.287552693159249,-6.852518508545431,2.7566939555381134,0.8928056587867683,467.93867342471253,0.5810621754373946,0.017422875970025054
74130,-6.51923520053157,-6.749421195924012,4.535728888538256,0.8061557988094541,468.091394260945,0.04300044588268115,0.01742339055913119
74131,-6.911139180506574,-9.898236048775825,3.1652956989319607,2.6011238389462092,465.1025093969704,1.6045600366798487,0.017423440706222964
74132,-3.2683820118179208,-11.095771367699324,2.0708834245286147,1.4135751534117194,152.67683585245584,0.2899054073863283,0.017423581910769346
74133,-6.572216611424838,-11.071481660265466,2.3270416224366244,1.8835481992785834,468.0134980135932,0.047516490349098994,0.017425145330196658
74134,-6.528108620251793,-11.23477055556447,1.478128500812146,1.1124304837807029,467.1169652399588,0.40439829261687077,0.017428234830454817
74135,-5.167183047191875,-11.023240685017695,2.4340213278136473,1.6518967880642157,382.401037516288,0.15318057147930464,0.017430255073324217
74136,-2.8363363122490277,-11.730986294048565,2.165145368629668,1.0048682474568076,265.07273376975945,0.4884167625557785,0.01743035599621183
74137,-2.867787349444523,-9.130566551727922,4.5556016107248,1.6697099005507725,389.14879429599847,0.124209284598086,0.0174341504715219
74138,-7.329329418680564,-10.348179938560957,1.8949561073260583,1.7810870261844594,425.1345226510154,0.8792916289123225,0.017436959489249285
74139,-4.891656644863933,-11.201029429413891,2.081068720482104,1.7485553624631123,374.08232717796693,1.5245062276263734,0.01743928206245892
74140,-5.523374458883054,-11.262979705214002,1.949751797602816,0.9367630564066531,255.8933542484441,0.6479933988676274,0.017439433417498144
74141,-6.273597285352128,-9.5114603175279,3.837830206570596,1.1439586079172366,298.22745497094206,0.6522045458265984,0.017439634673900355
74142,-2.7075252405436734,-12.814776887766866,2.8871973016477255,1.2902403210093054,370.2489199146485,0.9367451219804126,0.017442882468130423
74143,-5.340654537792528,-7.397309689024941,2.5210667411281924,0.5535831387486286,166.09448413514679,0.3823693572017577,0.017443805730763692
74144,-5.324321298084629,-11.271026401557874,1.6247565678325988,1.2693710654423012,315.8466266517888,0.5035313477491314,0.01744553450736341
74145,-4.590780340850422,-11.150658528871695,1.982679733386789,1.6507999792883084,382.9851754787957,0.31611501892081595,0.01744617077965842
74146,-3.852210256554378,-9.585841311959616,3.643744679038843,0.9651802389598612,242.66071029820918,0.41569173016164473,0.01744648725961826
74147,-4.516215342344369,-12.9191007404229,1.309204588735082,1.290283967702806,299.72481646552643,0.9454270004237841,0.017453330642431077
74148,-6.902113333890839,-9.858661498776051,0.13438817696370867,1.19672531509325,270.5811996902618,0.6619690448889877,0.0174540310289601
74149,-4.572159121075556,-11.083245598706,2.308326166122018,13.560307909500604,829.2569109795636,0.2924671379525794,0.017455806711850198
74150,-7.255318169900123,-5.077932560197592,4.608722001367181,1.7606810402659956,424.5672633448072,0.09489178648675978,0.017457699766136505
74151,-5.886909638153072,-11.257299102439521,1.800757226431906,1.3752966292664093,468.3390601489692,0.2165163692572607,0.017459048160270434
74152,-4.2161962117469844,-7.8676211690920725,1.5015626703050766,1.1313832133562478,293.8479182698744,1.1808476724743615,0.017461776973340268
74153,-8.953421891751844,-5.949409203322339,3.0735116815913748,0.9974908024084059,199.11127909349054,0.8475468284296879,0.017464770317104424
74154,-8.020042230594308,-5.287560447730952,4.947864079158778,1.0056104350941073,199.95080800608588,0.984536470230374,0.01746560955708225
74155,-8.55237341211902,-8.063922726396836,2.3383723003681895,0.7665704929657631,467.7717539916747,0.5209603947336525,0.017472358591974855
74156,-6.2848599104831955,-12.872749110460848,1.216144752910729,0.9687277616259435,255.00546714408455,0.32926688465067055,0.01747237141695161
74157,-3.251868852656324,-7.5105939418886924,3.2125381608216776,0.6491221945119618,173.43247738281423,0.43772600606352086,0.017473296090159265
74158,-3.061325229393047,-8.123228712019245,0.9637930933319715,1.604068419840544,352.82733664496584,0.40778147381854435,0.017475228539195718
74159,-4.54123235003046,-8.118754976429749,5.001888805313957,0.9691290296460223,467.5784203726619,0.6364576983109318,0.017477835427133596
74160,-3.8612042066023387,-9.987041106086112,3.239872061653614,0.7553381140247808,389.4901789314013,0.2911729108415253,0.017483098713968588
74161,-8.837333465609833,-5.245533322410217,3.4224126737771323,1.3479431044533159,322.720868198613,0.21332714162975286,0.0174857402847667
74162,-4.24514700766736,-10.430881964165788,2.852528508382952,1.2179081757287666,448.3859431712678,0.9270824911665203,0.0174861409078283
74163,-5.723097674430268,-10.128538046018146,3.224246540166336,0.728964475409206,152.7607266148735,0.638004545969121,0.01748648638361907
74164,-4.5020135779930515,-7.459139418683372,3.2102830878381536,1.170899902298136,285.85520719519394,0.3718232919437243,0.017490322290168527
74165,-5.3134923667978615,-12.680418053378938,1.3095509325468928,0.6004689254343649,141.2248238645939,1.104259286445978,0.017490826437079113
74166,-2.8211580359750696,-9.782114756809925,4.034802508165372,0.984742198930754,258.4434501143948,0.7485320225642402,0.017492290982195433
74167,-4.0175635037265955,-10.785327874513495,2.5368444651969613,0.9828818983731349,248.12624394023862,0.4505934940723888,0.017493027956926824
74168,-8.51324819034879,-8.24121668754438,2.0347078468867945,0.8602228720480103,208.30670007907798,0.43288091794821604,0.017493349766962974
74169,-7.208712876990896,-10.84967466167851,1.2764118186614133,1.272260669749964,279.6812182811558,0.09204712595582887,0.0174945523603084
74170,-6.049904505036661,-11.279108523262678,1.8438223221628962,1.7648836255417897,440.75662833213516,0.2656622050299271,0.017495330246103852
74171,-6.434775557026958,-11.177649023955638,1.710149310121496,1.0740243887054652,468.87036618328705,0.8565026252417605,0.017495426958608406
74172,-4.305854645625516,-8.32385883194709,4.898309557031033,2.5528444316837673,436.9269878489797,0.47140241507625724,0.017499053120253526
74173,-4.937786527572006,-11.209514888348679,2.048542553434449,1.2921400363766888,319.06769151550833,0.3283840516029066,0.01749941431319035
74174,-3.9928531318415192,-11.109890652193613,2.089883677182855,10.036846219037551,791.4124975547055,0.37332579873619487,0.01750195928932273
74175,-7.743768599681947,-8.25289066269978,4.140654970117221,2.2566208251279574,433.9757353669688,2.243735445715193,0.017502117628403698
74176,-5.279891812817776,-7.450701016478357,4.526506060210646,0.5782377685523065,168.8408981348001,0.597129188642957,0.017504523446550138
74177,-7.254543800794231,-12.405226634330484,0.5713827473551004,1.70443691835133,401.443806542843,0.3749888678066027,0.017505638807803325
74178,-5.4427425363073,-8.172177092635506,0.6042314371775744,0.7641213461313501,154.39170390725732,0.8088760293194346,0.017507141978464816
74179,-5.626516679022158,-11.624382547637364,1.440258705699296,1.6940350720834627,398.9667790760494,0.298323636923465,0.017508079370289923
74180,-5.795954439013899,-11.110198193413694,2.4183746949958747,0.8683641992869408,181.4591252380237,0.05139627257889412,0.017509205590654
74181,-8.07723868926513,-8.522452110039097,2.9697884113770225,0.8127667576781977,469.0696243074671,0.2040651639426967,0.017510261995301
74182,-4.53203650502382,-9.566368663423624,3.6822388394860432,1.091197052332598,347.55213296612527,1.0569788123364914,0.01751219279096011
74183,-4.369050606392183,-11.137850411254048,1.9088622829178765,2.8753240256965547,490.40032091411706,1.9252300380654255,0.017514633739217127
74184,-3.245093109652716,-11.881602614807125,1.4133727125433693,1.6105731730556336,371.22055892550617,0.060951882207166186,0.017518908822323286
74185,-4.640268440479019,-8.79098959068433,4.526952563718407,1.9827138319910564,401.25925160693566,1.6806528682591395,0.017522014930630152
74186,-2.9652461724972126,-11.265772433621322,1.9380253207631486,0.8431023917552981,243.54845053775884,1.4757447369553747,0.01752936147270945
74187,-4.718555404103782,-11.118038678588718,2.278737824809695,0.913669352598413,188.31553728128864,0.9312572337857352,0.01752937340676127
74188,-2.6215863957938854,-9.295625348455442,0.2973422431780925,3.4405708375991373,335.9742930540621,0.11056512128786444,0.01752938765239659
74189,-2.8053965601866935,-11.888634081593581,2.6480540580323724,0.964231085466647,269.88295435421674,1.6197268588282077,0.01753666743727681
74190,-6.454110652586161,-7.134017349268804,5.1613495505086995,2.602549688572105,466.93106890828034,2.148001691982169,0.017537532486457775
74191,-4.314672803433135,-9.73577341573154,3.496213631404883,1.0733221249625837,467.4951219402755,0.6702227612543981,0.017537776878110683
74192,-6.678292435336789,-6.349093214318177,2.442293985279652,1.6028577958205694,468.0206186156638,0.3774399140735403,0.01754186067432288
74193,-8.490191627211203,-8.38349318874219,1.6680641530172902,0.7733238204012856,215.64985740312065,1.444897967318135,0.01754499401481631
74194,-8.92772081080033,-5.418957278424106,3.1210795878837794,1.0809251059524898,288.93499159776155,0.4324699928084357,0.017545343639612833
74195,-5.5706554777075485,-12.870477247410337,1.286571265329513,1.3971110747396371,331.81984628511105,1.4284476807996462,0.017548741857181718
74196,-6.1002259942159665,-9.642801663937748,3.7060166437351616,4.222607049404503,578.8009404694506,0.679890994672542,0.017549180771537113
74197,-3.299745902117248,-7.7984134493660955,1.782472487118928,1.1888577148304114,467.7931838296834,0.12773603143343681,0.017549193215976724
74198,-5.379593602033268,-7.7117230830469685,5.0706177242948955,0.937352251751479,188.97112759802053,0.5737258378679471,0.01755276563370624
74199,-2.8268137960049273,-11.663098886874945,1.6262188645541231,1.414178058282357,337.98069851987276,0.5467970125375752,0.01756100889457089
74200,-4.943738657774065,-8.010868119477415,5.072756422300644,1.0965841022926113,286.18624046173966,1.3444410359542527,0.017562684951200645
74201,-7.418814963119359,-10.24099241128526,1.620086724192513,1.1537254928445067,467.6473109497322,0.4614693154004552,0.017563628977110255
74202,-6.69833774688804,-6.9915185336814085,1.1971942445756218,1.5829231548050173,362.6306326511682,0.15432793600142158,0.01756391120109691
74203,-4.739355862708053,-8.3773425115245,4.902928803892883,1.446745758674844,469.3108570191543,0.6282692823426146,0.01756438037927705
74204,-3.8643778326268317,-11.100673586253402,2.147164368905487,1.2256356090911709,261.2919292140741,0.6814460181252171,0.017564652831166056
74205,-2.9348277572140837,-7.9242324661666546,4.128739370563191,1.8087082053078891,377.06508140924325,1.2183530001333223,0.017565186181033837
74206,-8.889624315211767,-7.213804385884069,2.6387160818142124,1.5884480422875789,369.5111768068114,0.23974353171557983,0.017566347661683128
74207,-3.5682632360671773,-9.324727706518244,3.901867901237953,3.260037271695739,512.0793469266785,0.6982168655641088,0.017566741399466904
74208,-4.3608649080018855,-8.44349093922144,4.818416631058152,1.8380162941302274,468.27008613422925,0.3528388899870585,0.017567358504038125
74209,-6.064630655933892,-6.979666115066281,3.4173115513039494,1.1537764068660643,300.3367346618078,0.7169436951715982,0.017569672182507965
74210,-8.667315996125792,-6.221018042717516,3.9759082069617473,1.1008492057402306,283.52740522543405,1.3533334737919605,0.017572266438734354
74211,-5.962972559426068,-10.338707344711377,3.0487205902239998,1.1052566513536513,290.6802929961097,1.3961293706492386,0.017572644381898348
74212,-2.671259921416935,-9.436319719543805,4.426759263402398,0.9461751734921309,196.9230032520974,0.38547240627442303,0.01758129665623102
74213,-5.545331352659792,-10.792755358523229,2.655913565607116,0.8634774529288483,217.30810908237754,1.3187050029032257,0.017582226116456184
74214,-3.999955535647435,-7.630059538416491,4.465000525720341,4.449681836660328,596.0642482116508,0.9291402520029344,0.017584368504644565
74215,-8.643126980478609,-5.496897083410694,3.9620253572455586,0.9045272694071274,255.27549015494645,0.7414220964011227,0.017586201199531335
74216,-8.052450069752853,-8.293030275002948,3.4446514676720374,1.6040776602908575,371.75704185523523,0.20665173518153956,0.01758639115217895
74217,-8.079969972157263,-6.703700544479292,5.027068923534196,0.5156786175171391,130.55405699585063,0.7559089399474219,0.01758643891804788
74218,-6.523576869876244,-6.51935147532166,3.3871645770359624,1.0909818431084122,469.2249872324112,0.5951365728623186,0.017590520336500517
74219,-4.52113031479869,-8.92752485112715,4.364221956817836,3.6156906136453975,380.41839299143317,0.02480348841733626,0.01759621586362842
74220,-7.032334245553628,-8.66247794127164,4.505795031759432,3.8008363330688284,557.1052267203611,1.1560586409860187,0.017596958027077208
74221,-7.063193461017074,-12.010643450012958,1.0284920070511268,3.9482103944113303,545.1878490836456,0.2838102236650881,0.017599373489564155
74222,-4.795462111713508,-10.713302518122589,2.6412083480299846,1.1368744635476897,205.58462978904936,0.4569954567823009,0.01760098609788279
74223,-2.8490024311600903,-9.626603126926266,4.127393223600737,0.9112719581941509,238.98624795603976,0.36238668930272677,0.017603930709611575
74224,-5.30560383142158,-10.790031882886366,2.626729524102255,4.766284163423464,541.2465341583069,0.15156338200330222,0.01760601759680418
74225,-5.406232644027642,-10.961264589538201,2.4973178993285123,0.9905320722437745,467.3871933435158,0.44151308918130194,0.01760907219238794
74226,-4.559985800358501,-8.463166251137642,0.4114793250416649,1.7998531628314405,467.55390878396145,0.7860487017112137,0.017609403347887978
74227,-4.198385994622429,-11.060575949850705,2.274811324724781,1.0940656589256892,467.0722532549242,0.05852839267296073,0.01760942199085971
74228,-7.068940227299651,-10.378489961267926,2.480005476181622,0.8284277251766311,232.94709210765564,1.3783623441341577,0.017610183842134513
74229,-2.3838011740402854,-11.313515176238873,0.5974578081706486,4.85648657801659,611.4906419895808,0.41586323002017966,0.017611530438657385
74230,-3.196064217228079,-11.092265146467748,1.9928239751625476,3.137703030095921,511.25692460383453,1.7065485172919166,0.01761281278165464
74231,-8.972880156075076,-6.652773249097718,1.5940391144316899,0.5880745746589574,152.24778694051025,0.5011635015377287,0.01761349126920518
74232,-3.9496446307320534,-11.073977210712947,2.221333521737892,2.303251991162118,299.56453575842056,0.04632837996160433,0.017615280449782708
74233,-5.3442756234052915,-7.871174593199432,5.143712317324588,2.882261621331205,483.418988306567,0.8514875036019527,0.017616757932921417
74234,-5.888586411797071,-9.347701411598258,4.0196447606211585,1.4842288293540047,468.32181815799686,0.4857042371586635,0.01762051244163923
74235,-6.929000211904494,-10.885451788986307,1.5156144912776224,1.1697574942961755,256.42883803580236,0.8945990439135239,0.017621024490198988
74236,-4.830592394938293,-8.43631955027936,0.41835741013366085,4.398624644689197,554.9776123074744,0.17911243810374078,0.017624863700568365
74237,-7.334640622706194,-9.452279966199177,3.1482539682118884,1.0996077488072367,284.0150286566077,0.7063273722211525,0.017625215662845896
74238,-5.895511080130471,-7.70627594191683,1.1416773260248003,2.703804870711538,476.36478835740064,2.279671961030771,0.01762589709150174
74239,-9.032425211104112,-5.078733336836098,1.9305875411353102,1.071716359206663,273.9382752762384,0.7664523707619635,0.017626253852407344
74240,-5.194933949405161,-8.829125725758761,0.08166852752155124,1.859079080054989,447.3679517862327,0.21095824120929407,0.01762913947484401
74241,-6.761643441908828,-10.907034934201274,2.313823266728083,1.09592571769499,467.90529504260434,0.6144624765749773,0.017630037458783547
74242,-7.009676720739009,-11.606139255649584,1.1424323595297,1.131720684499948,467.40855798431977,0.6679909632689531,0.01763146697796579
74243,-3.8862132689517086,-10.02920240226217,3.193756750101663,2.8570403301557743,487.58946411092325,1.5215367844629357,0.017633820314358464
74244,-2.7063279094829884,-11.643260704553004,3.0904135495502394,1.577577638994134,214.68428239765527,0.11691265284701213,0.017635140238287404
74245,-6.988720353807165,-10.139887527902504,2.8347202910688445,2.875821755655314,487.87876967997965,1.3577627582038412,0.017637158189945986
74246,-5.647479418681946,-7.5839456262804426,1.6428895737177134,1.6554567308679469,467.9978158044625,0.4446088612002965,0.017640095685708776
74247,-4.615774571961087,-7.448509132897334,3.581051680923305,1.043641662661884,283.48994478423543,1.1279921698778432,0.017642999271824195
74248,-3.923625247425373,-10.621971311412365,2.6757222408989207,1.7994499723953776,468.467407738783,0.29205782555509696,0.017643148372539986
74249,-6.341039209190502,-6.96508506024799,4.620605536806923,0.9606983400960001,241.13654322446297,0.9559391926517211,0.017645372923995945
74250,-5.799323147962232,-11.233528618654624,1.780176297349865,1.2765047140033783,318.25341591977724,1.5236477354638929,0.017647394309013673
74251,-5.04120809259549,-11.18841674549599,1.7205760324172583,0.8651985129209907,467.22714325721773,0.6984663794240324,0.017648891600503123
74252,-6.949628457703229,-5.118266846295999,3.0452313073713184,0.8090096991923552,161.73444728744207,0.12719297245635097,0.017650972477011063
74253,-8.399810976485497,-6.4652661567361145,4.537983296913969,1.0326595592690448,468.1836373720862,0.6726065606067673,0.017655172652333125
74254,-3.6544926868634793,-7.8052443562608405,1.733303034390157,1.0933909791522918,468.12381953298336,0.7440408666926803,0.01765668166293295
74255,-6.941989062562989,-5.256848781575579,2.2298317446132963,1.5896197792849138,372.1223796691351,0.8909899244432458,0.01766309769550708
74256,-7.209430114079849,-6.893908677840023,0.30501794245046704,3.8116015864034805,544.4147785908797,0.4244439304955945,0.017664475588390384
74257,-3.951945796091837,-12.370437495669591,1.34781421774186,1.1552223955253853,294.4809568386293,1.2841425646633384,0.017670102946089835
74258,-3.9762471229119924,-7.537465218349371,4.072996372730044,1.056574130693073,467.67277073592214,0.900618115331933,0.0176718102463176
74259,-3.3338070043440036,-11.259038811869562,1.5922792795949228,2.7893087274513544,483.77159921731004,2.2354348127311665,0.017673163540587143
74260,-5.9172010329648765,-11.148608301547705,2.3795896500567246,0.5933107332574727,123.15230002713261,1.1585027609774885,0.01768025555504565
74261,-3.9056427453578424,-7.71087173921671,1.96135400532785,0.9254068568218868,185.03723008782998,0.14601905889263467,0.01768128798699752
74262,-4.115580895017298,-11.130019229557643,1.7631035707361808,8.467248501960215,397.4470745498065,0.17771878137283625,0.017683801828195383
74263,-2.9746448956603206,-11.234166627561661,2.475950898635627,1.176875143378367,149.53702327752973,0.3974924989302435,0.017683886396747762
74264,-3.1607921606864773,-7.732900167962265,4.521399420376768,1.1093224633325083,287.5512126275151,1.466798224594279,0.017684710269990064
74265,-4.68946757706426,-11.238272347198315,1.6192644075815419,1.3981808590647054,322.51584028542084,1.1840482082466677,0.01768722186755345
74266,-5.107997858318712,-11.182260253406934,1.7348330875484683,1.186833642145753,299.27437970894795,1.5794305411562286,0.017688097837648502
74267,-6.809265456064129,-6.803532203288827,1.109231111588791,1.8871300854309192,454.6697854522154,0.2923083547213592,0.017691002673712784
74268,-4.200121317130527,-11.118746697432966,2.0486363498781364,1.5122142098540858,319.52733482658095,0.25838962130887655,0.017691221990403936
74269,-3.5028906788944543,-11.035528327160193,2.2487563839895945,1.599520072333232,468.74251731488675,0.8439464486798407,0.017691584262878923
74270,-8.040984216620405,-9.139269800969512,1.7900609968790344,1.5832732570902943,390.4979598050883,0.8265435743696798,0.01769174041158147
74271,-4.775784188849835,-7.917645129067636,4.995514085891625,0.6629971834739261,206.57865817728933,0.8089918601581809,0.017692513206306607
74272,-3.1350771269126145,-7.644914609631874,2.3865177682412995,1.258556027141236,468.87349390615776,0.6418560692271189,0.017694772289483823
74273,-7.310805919157962,-10.268742039412713,2.117544055173641,1.0885870475753627,237.64920178453477,0.12091141029199193,0.017695258623880387
74274,-3.037835459899224,-7.791590264331788,4.295532014285811,1.4434521537859886,468.1246852271415,0.3373809375261727,0.017696158968279748
74275,-7.176599139051854,-9.562007731991994,3.2391431397243755,1.8913053524729986,468.32725405816944,0.6243097009234093,0.017698439590809873
74276,-7.950852130867692,-5.108482621841895,4.972633975228926,1.4203412285759853,313.1142546188873,0.6978400704342045,0.017700442631184428
74277,-7.635311448474928,-8.167739925527837,0.2670148177601168,0.8509805255237969,185.78257758595632,0.9453601938730483,0.01771231757662766
74278,-8.068293207308194,-5.596251626318553,4.944330104611773,3.089406841883891,505.7461092440993,1.3696876453432036,0.017712380472830414
74279,-6.858915701261731,-10.20053567627375,2.897896269139126,1.1150275588974672,467.0806795060653,0.8097942122087085,0.01771518224105683
74280,-3.8024272538016337,-7.5925481355167905,2.5014450813901967,3.214516869000108,517.0274074227386,1.6508946849950172,0.017715388618535166
74281,-4.485083052198014,-9.312745789084692,3.9481180473960786,1.1635822948695804,467.063678619294,0.40004250289333765,0.01771636893699724
74282,-3.0424419618863414,-7.729298925670829,2.222479041931513,1.0260381121258355,248.04503074990876,1.2154836029770335,0.017717269484788026
74283,-6.813088410070378,-6.171886550026989,4.151496639350553,1.1324547593775183,292.4250214735429,1.0522921703976094,0.017718526542873845
74284,-6.808700202239684,-6.533556450748452,1.53053062067238,0.9536272458574424,263.02391646576973,0.6207666846759121,0.01771864736882535
74285,-6.2808106479374874,-12.189608152850212,1.2780352738172185,0.5686370557703132,143.63735825269154,1.1653417524568406,0.01772140170451351
74286,-5.0953170346200025,-8.466926485380366,0.3501271853813648,2.347807708897344,443.2179908638157,2.3782812708866947,0.017727500491412623
74287,-3.3944934423518456,-10.567650799570469,2.7056319390585633,0.8229019561787771,469.17666866609585,0.230613707321214,0.01772779751341096
74288,-3.492871237218191,-7.60117010993861,2.441628907852866,1.711507261370914,404.2158900497101,0.4163575025222217,0.017728448389461887
74289,-3.6324439086739364,-12.007674374840093,1.3870636021923115,2.6800863797728507,473.80213824048224,2.097320688879136,0.017729408526537083
74290,-6.902979283448672,-5.459583148136559,3.099596247311053,1.8721958137531738,450.99369104147735,0.06282095035432977,0.017734386612519602
74291,-2.7072451791001058,-8.868906272550792,4.472364081445447,0.8421322769043298,158.45626959506927,0.15055771251101113,0.017737004190320992
74292,-6.4044870393747395,-9.98481064708049,3.324805380242593,0.8635029131405902,214.85244577045518,0.5188628132996636,0.01774314360629541
74293,-7.3353741680722795,-5.205452650812362,4.8152482325726425,1.529146582548693,348.5158066880226,0.16185917205078226,0.017743949953465635
74294,-4.037570439621009,-7.879451160837675,1.5026106092292213,1.0151218848326808,274.02251765914957,0.6177117626456505,0.017747211489403412
74295,-3.19738655302908,-7.807310115046466,1.7814729201404285,3.826736496826496,553.4803851832538,0.7107715344439471,0.01775133678471374
74296,-5.826502297655499,-7.132355680548338,3.18996407679815,2.003629995048657,398.8361725423318,1.1021252492518459,0.01775247838886492
74297,-2.7915091437317674,-10.743138219113137,3.2997430632396507,1.200739350661584,466.4685704176083,0.26929451046022823,0.017752526491207645
74298,-7.013212724482519,-5.694581742224954,4.305660276902973,1.7804301454241598,468.14110662841205,0.2467523411106951,0.01775436556589085
74299,-8.116556233862742,-7.918465153288096,3.9014652652185817,2.124255442831122,275.81451100768317,0.037067763284751365,0.017755189881502067
74300,-3.848924618346217,-11.057434870709237,2.2217905062253207,0.8423473461511505,190.07996513153176,0.5051435284083423,0.017759601193373085
74301,-7.312636589654419,-9.59219715218772,0.2748311319417789,1.0350174931461509,270.3710579391995,0.7581771535726212,0.017760804824504615
74302,-3.1531722948754046,-7.587335366437201,2.765669507372258,1.6202190315951943,382.0212341281838,0.24593401935739667,0.017762253644204605
74303,-2.355157162615776,-12.856834370273951,2.0594083415829827,1.575931876608717,355.2631816642837,0.7298207931327454,0.0177640451505297
74304,-6.056878005318567,-7.229207439580913,4.805223914556837,1.8753222527253137,466.7194632663029,0.024142315569862127,0.017765114308070984
74305,-3.542379445406355,-7.969049947186682,4.881484478476675,1.2382064166830677,310.88708808530134,1.530858038866021,0.017765909615572395
74306,-5.632900321133165,-11.330116734095778,1.55530031410904,3.940121257503842,565.9442186033655,1.0909406292860693,0.01776594631908856
74307,-4.7044213548927125,-8.050659086665501,5.018749512329456,1.0429176167445438,278.02644065658865,1.0871557946619124,0.01776866330212119
74308,-6.3344537936357375,-11.307516149589834,1.4821515182702336,0.8639201529740429,468.1328059248247,0.41849560762635196,0.017769248365208726
74309,-3.3844506825942986,-12.678949509916292,1.3234813710583149,1.3308320571528476,297.2784152437753,0.07264224607338043,0.017769326643946124
74310,-3.668847551652963,-10.440984097112384,2.8191859261100287,1.0821535057841776,468.06302860211224,0.04834055058821907,0.017775449708673677
74311,-4.49435535565852,-7.890007644690043,4.941867925032017,1.6935405198344695,468.72015456616975,0.2474849919416906,0.01777927224329295
74312,-3.6435130968146057,-8.095303354959565,4.921377054018543,1.2853765985144068,290.8696851624526,0.3094196583777933,0.017780225321367648
74313,-8.85373153875533,-5.70183025829278,3.404016856414012,7.7118435951012385,541.1779067059979,0.007358031839559409,0.017780503364145432
74314,-5.000435679759502,-7.8086830181503695,5.003952418140678,1.8100630445748018,467.5662241073144,0.38655878222221496,0.017781650952110612
74315,-3.1167603248773004,-9.76474883849182,3.5398775656643733,3.7538303388956735,549.0395567025892,0.7312238515460114,0.01778360480005264
74316,-8.300267110266775,-8.698128282445968,1.763207296027067,0.9514035581957859,467.1672413159772,0.33070213506369495,0.017785493985661812
74317,-7.3892298882744525,-10.224051190952853,1.9367552639073622,1.1240324913553001,227.5136488353483,0.005616306414091277,0.01778673108616681
74318,-4.804877378104415,-7.460469687107008,2.772289642391716,1.5201087181865311,292.825258431703,0.1027950208206514,0.017789499173547812
74319,-6.6739073985772155,-6.527624802411322,2.0744890130879763,1.5413015025576136,465.47467990175244,0.33339944264833044,0.017789916412593407
74320,-7.6146378869038065,-9.807705966850207,1.9840576076463883,0.5623298733493048,136.89647292106358,0.17401636755616767,0.017790572193249685
74321,-3.696802074012173,-8.092449180380692,4.923478597128423,1.185692663725056,468.03390116691065,0.3831304507400697,0.01779444009516403
74322,-3.8978996514154254,-7.502326844722177,3.677642453017884,1.8688984300476816,450.4967621299726,0.23796218128887947,0.017795256152785148
74323,-8.853495217080473,-6.362826955219006,3.4251209154817865,1.238709455848589,260.24775388805944,0.057987687455309356,0.01780181980087746
74324,-7.899702027498346,-5.436307117462065,5.059436412352939,1.7064824538801953,363.4172949574105,0.3593898004795726,0.0178049541746108
74325,-4.757164536459503,-11.074784456261435,2.301665603783291,0.8849163409952568,143.17673487263272,0.23132961019348208,0.017808537126532145
74326,-4.124169722224751,-12.960449118488645,1.3035988592516108,1.802570253766371,429.22498117620063,0.2454383581893831,0.01780895880074314
74327,-6.639879465897722,-6.381367075895934,2.647032941543507,2.259571204742334,430.7536409310661,1.4177650401537862,0.017811474412126854
74328,-8.114288095129337,-6.3090188077573535,5.0003522430299885,0.7220466103552445,155.2629256372857,0.3128941724741976,0.01781354532113403
74329,-3.831674447363655,-8.290382133443206,4.876582759397936,1.1036637944705248,275.8805920768557,1.5338047294068486,0.017815109415320614
74330,-2.600478050993418,-10.364704508964927,3.959539696551045,1.8794352654611455,468.72556549309337,0.24889583597119724,0.017816060394114965
74331,-7.030206493694679,-5.125076378551339,1.7292630226784997,1.75338992002971,415.5458484581763,0.6027491044080948,0.017818059112214082
74332,-2.8212777248126084,-11.793559353548341,1.560235719705792,1.034477326982471,271.6093152835262,0.5071120179345057,0.017820285885529828
74333,-8.029373951782558,-8.412398388921904,3.2865695109851627,0.7582854617831987,470.1039913824073,0.2265153354566669,0.01782053790638384
74334,-6.41091458208907,-11.11455994655975,2.336628364123476,1.4973318315684778,350.866561432572,0.40867312902776476,0.017820592876248174
74335,-5.682841300821559,-7.279060408975404,2.6098427586623494,1.0420591550328315,275.32160760411426,0.9756840948877832,0.01782076060459887
74336,-7.231137990018507,-12.200147870833815,0.8233378718001492,1.7235045452834652,470.1894310811646,0.19180025140230317,0.017822050971453972
74337,-2.7077040701516886,-8.577839741589084,4.012662153280776,0.6809264407959019,148.74377658035056,0.6779473977536314,0.01782419176317576
74338,-4.594244859097567,-7.990781958017243,4.994926348161347,1.0924590200287596,284.6544451473996,1.5648654561355508,0.01782510727223482
74339,-2.4417415505758644,-9.703468726025067,1.9606235193689951,1.014759699925656,468.2773576457229,0.17777753713358102,0.017826064053262723
74340,-4.998691647864067,-10.038674476949033,3.2386343651231186,4.124082287430315,570.632557490101,0.5987438603944346,0.01782750303983664
74341,-6.255524095908621,-9.964344054065304,3.364907456965191,0.839600741048459,467.91261553884976,0.10716249414916934,0.017828943683492998
74342,-3.356304590976615,-8.587530009282847,4.658152993709446,2.9143545819792642,483.3656007855741,0.7604235025497461,0.017829603576983776
74343,-8.929727162970366,-7.249896084316624,1.9416110153575536,1.0404768170181744,205.11622527986995,0.07492712781414124,0.01783320102453968
74344,-3.630237215217406,-7.516710974144542,3.768151825811352,1.7262685529087711,407.8792425536781,0.29234382193470143,0.01783789921099394
74345,-5.461037113293267,-7.659157404152596,1.602996986265128,1.4761457884108768,328.28894633367923,0.13520070269431628,0.01783859175271034
74346,-6.115983182439626,-11.264573331250572,1.5624241463563995,0.7496892633185783,166.37522031050443,0.3446786911285793,0.017838688340730064
74347,-4.589172671868833,-9.494821246761223,3.7536300268295197,0.9172822253766054,188.38160223185318,0.6741481880259412,0.017838884841874264
74348,-6.723189054313474,-6.86905377063956,5.134761141858239,0.7892099106862553,162.37639240402808,0.5701482496054018,0.017839196656079876
74349,-2.7594840980303452,-10.303223332482242,3.7126641252713997,1.1519467711798075,187.38967607787546,0.26909457519324764,0.01784052446055541
74350,-7.977005675065728,-9.623005416020163,0.8571773188521762,1.326219390914632,324.65226507894783,0.3400717529937296,0.01784679340498172
74351,-5.93301359899336,-11.620843196914361,0.0383541712343754,0.9313699954168297,203.3837315283389,0.403046342647297,0.01784775802497586
74352,-3.7733550141035535,-7.503248055546776,3.405617386885404,0.8395586098644544,213.38605358206453,0.7886343266622111,0.01785058185332468
74353,-5.056067780380882,-11.137662626053011,2.263903112246141,0.6483479913133754,201.67553488523737,0.3389899943433683,0.01785111798194572
74354,-3.873580257075229,-11.087045632938457,2.086652672984471,1.90907180298927,469.16910199414747,0.6328984519588312,0.01785613855490979
74355,-7.328950756970112,-5.590034918852691,0.3042076885800042,1.0833769634123578,459.4918985173657,0.8571447874879778,0.01785620737016155
74356,-6.910006116674468,-5.377831699706934,3.0102381587114513,1.6889072195597514,397.286234202142,0.2670167640675052,0.01786229639698671
74357,-6.48805696833422,-8.905416220016404,4.483327179517526,0.7359745220145526,223.48266349637947,1.209149447552785,0.017866369466279283
74358,-4.389717785343423,-11.110592931682833,1.90378123103477,1.7722317148722384,363.53051055168714,0.528552434718585,0.017868428201986315
74359,-4.207441705322914,-9.871853225068794,3.3540448931894873,0.9542836806932715,467.3551181040312,0.6034997894244594,0.017869215190238527
74360,-7.601972667443378,-7.541733133566429,5.1563092349596245,2.0018550461849625,384.28737669675223,0.3797408980316801,0.017872206315696738
74361,-6.500931278677208,-6.560223691692474,3.2962265090744762,1.0972788522798869,290.4113592551934,1.0329673935527266,0.017872483088556716
74362,-6.046273707648557,-11.324472907867587,2.0440858496221166,0.9830586680811936,468.03735115278533,0.03217541529284684,0.01787700360146195
74363,-2.8768506238715172,-11.565115125516746,2.5002147961404138,1.1582193479472833,469.7561998052499,0.20459846768614387,0.017877823733763443
74364,-8.874508484005139,-7.3839282389344625,1.4403261785617567,1.5150873454635816,427.3202826981658,0.606083354484146,0.01787913225916747
74365,-7.635060865743785,-9.073746879548688,3.105720018030461,2.1650440660017978,424.1723682710848,2.205126123405483,0.017879636366882886
74366,-5.225103791341081,-7.429164059189605,2.535572807061483,1.0610965516614774,278.73039639151915,0.9531329958737027,0.017880092423646743
74367,-7.004816192141016,-6.79690307859142,0.661055940962443,1.0791132799139873,138.94051075997263,0.38167583173072295,0.017884175134152733
74368,-5.310840467225454,-7.599381264347136,4.876594893488398,1.4029664149481966,468.3975077627212,0.5355654219235211,0.017885108279068338
74369,-7.287046353480525,-6.688795769347326,0.26772176188349833,0.985968391001248,261.86139165898254,0.6524121231612954,0.01788613167195398
74370,-7.114248321005068,-12.654685136952933,0.9010351585748027,1.5112094914128436,468.6987918076601,0.2585599065988342,0.017887288197116318
74371,-4.073534969591417,-7.787180653775813,4.778874344279206,0.7489333221034619,203.94338344037044,0.4718208901566472,0.01788788205174112
74372,-3.2908773736978,-12.607604667794462,1.3294318214489091,1.0189024766846153,278.0285684599126,1.915040645114857,0.0178882120070795
74373,-6.888615696420196,-10.936672088957955,1.8753661205247254,0.5363591415551918,146.9012753537101,1.019563708351039,0.017890786130952557
74374,-6.50464313660221,-7.525106039194783,0.8183378325143094,1.7364111084675056,410.15968496519577,0.4455836910314215,0.017892724646038284
74375,-5.777532897405202,-11.306602344406418,2.05875255119357,1.0110353543328094,264.6656580240098,0.9717642921154246,0.0178953170752159
74376,-6.727980112304695,-11.011498630099732,1.6800848306988005,2.232906843855715,408.40466922333684,0.30808686835815013,0.017897064050965805
74377,-4.890322265790244,-11.154366041233985,1.7816789363001373,1.7167253467817563,403.3704880998201,0.5292666578598135,0.017897812979778983
74378,-4.446098572089127,-7.5360704211975476,4.236889054893937,1.1502637182707431,233.95574417975357,0.6903378025811531,0.01789794178126742
74379,-6.830560697163381,-6.596922558345983,1.3963466978854757,0.8874471636771428,188.3205388311817,0.09678201839498612,0.017902571187536076
74380,-6.818301996780891,-9.220229665616847,3.9672640653936075,0.69363946433441,196.0774689351779,1.022533098834315,0.017902784518014137
74381,-6.935223237270901,-6.1120213353562916,1.486006395094196,1.3216396722024837,295.420492383173,0.7637944453310199,0.01790557045685902
74382,-3.7224927851049703,-12.606164636643815,1.3256497832360943,2.666111234090656,448.7849734323521,0.35912758970774394,0.017907450742760216
74383,-8.44193457192858,-6.424969451053566,4.450248331280944,1.1668330905546027,296.07263881675084,1.5266557134434722,0.017911778099207135
74384,-7.518657411066556,-5.3209328086823495,0.13721423729324797,0.8829551149793486,228.8601683800406,1.0901574810749244,0.01791675975980034
74385,-3.8278516763943333,-11.167462052579472,1.6587501805655978,1.3434944618350635,468.36542095305856,0.7651625973386365,0.017918357826747184
74386,-8.615752439521195,-6.868770308350293,3.929559199855382,0.7859618541059317,468.51054673930804,0.4412469723455086,0.017921650596290927
74387,-5.752878531150291,-7.216695727705039,2.757597789531558,1.347410299772437,467.974340305273,0.6800830681483427,0.017923763492272125
74388,-6.959651494530686,-5.239447618646179,3.331902684236145,1.6302412004755091,468.35248191785087,0.5184344665884719,0.017925320751550802
74389,-4.884068938598154,-8.622932455033666,0.253685123667699,1.6956021954516551,396.9447837834166,0.08611152056438431,0.017926242986750458
74390,-8.363690558074307,-7.191291983454628,4.267152522569228,0.5317945603970176,117.987199501376,0.3367952790093005,0.01792688682436767
74391,-5.04198166500588,-11.175980695052184,2.1738917499503865,1.1833958920008392,299.2755783946158,1.567460577649456,0.01793027417936308
74392,-3.909696287898182,-10.62537253744021,2.6612170647853883,0.6961155210893076,467.253022074744,0.3768888494506504,0.017930784118021247
74393,-6.911942308157048,-5.4428867466536826,3.1836551838431393,1.725249546421121,355.9483907103156,0.7425786487570729,0.01793445674153044
74394,-4.070947833939882,-10.11101506360072,3.119529587098388,1.1653298248766126,245.7621729062783,0.03179424744138881,0.01793480291094752
74395,-7.209144297513761,-11.504961319096052,1.0163184277868802,0.6597722266727302,205.9695593706661,0.30063144136644127,0.017941244427063793
74396,-7.264027050957447,-11.543809999384619,0.3795162900134267,22.083743280760466,679.9225126569984,0.022386072631795706,0.017942627780613226
74397,-6.861136676218097,-10.62304778466189,0.17150707251029235,0.889225472847172,468.09465478057064,0.7277841666062681,0.017944265751165228
74398,-6.873182217136273,-10.631606889299988,2.4555221157606204,1.5969132950312332,371.8984184289277,0.05177333505366466,0.017945444680576836
74399,-8.68831189382978,-5.38640037499337,3.8354339298540743,1.0304675261916012,271.2461811467976,0.4324808558534148,0.01794708170159179
74400,-2.7309632440320826,-11.76093188637197,3.0252232853136825,1.2113516917969742,285.58861911783447,0.2588280593116572,0.017947506316631234
74401,-6.240634742728714,-9.670473691206332,3.6542435146791328,0.9141354775536077,186.91106793327762,0.9368283717976977,0.017949033798280552
74402,-4.430845902248064,-11.073677133567898,2.2137750849143525,1.7165681636661263,468.0941635080978,0.7275953545179732,0.017952524313020652
74403,-8.977785139303272,-7.040928419422662,2.0370420935332545,2.680531956129022,460.00214170643187,0.6800299246464663,0.01795341462588019
74404,-4.046774336082487,-11.115222050861135,1.7549895537943632,1.788326435161934,425.10647269616015,0.09376663512948102,0.017956195730665654
74405,-5.062790505073342,-7.673652907980867,1.8023417181339534,1.5023307840532591,338.0003507023171,0.0288864708655181,0.01795659568699862
74406,-5.628606593207378,-8.03883884743519,0.7224931228038624,1.0076217684479998,277.37453408362,0.9967125108230519,0.017958416396105674
74407,-6.9729931625934345,-7.573868886997184,0.33760007697485617,0.765112319887788,468.4403305308607,0.3936450470970332,0.017960929477419608
74408,-3.2463092774644187,-9.478197498651195,3.752228095546965,1.0317419970858674,280.1547068928481,1.7609993576972895,0.017961357106683645
74409,-6.452648614487407,-10.12108481734542,3.1788419351863983,1.0777939835320747,285.0329885436502,0.785962813891536,0.01796155826451586
74410,-4.387283071777164,-12.98557552429483,1.2974068039572486,2.696247224539688,471.5317993827067,1.2833037595142391,0.017967720834471044
74411,-7.075586382894423,-5.323323715957087,4.188976635826935,0.691011813468985,208.73450605430784,0.6318507110095668,0.017972702208735945
74412,-6.980264941427291,-5.01131272302664,3.2195883271346437,1.429444748659411,328.72423164882156,1.1112425360083948,0.017976150673778054
74413,-4.6494439554393105,-10.147718361739981,3.1117003473194433,0.967742697757557,253.55145185844182,0.7638535443871426,0.017978592382568614
74414,-3.082819866127866,-12.472788903603215,1.354965839047984,1.5882638425108109,362.9999404848417,0.17352091661391444,0.017979193368788903
74415,-2.9599360453568933,-7.880514876772652,1.8840733491502957,0.9402605424683104,468.58544135189277,0.0401066455317336,0.017979215278850297
74416,-5.921446151346827,-7.185351495178447,4.409008435878177,0.9289575506982639,468.22647421457145,0.6692091382960781,0.017981597156088915
74417,-8.76896206090006,-6.793037529177914,0.6795160183680147,1.0271985168799456,181.3820229095701,0.3132113595949173,0.01798210555683397
74418,-4.794242049819797,-12.944605677230273,1.2971519011804822,4.40312749648664,423.1927862244908,0.011176558457154151,0.017983227647045925
74419,-4.35600760970963,-11.089076641628782,1.9417053011427636,0.8329820791712881,468.31731982075837,0.5274191137697715,0.017983744115836094
74420,-8.141826549219303,-5.29415584817608,4.802044877436902,1.1483410902890936,296.07768555146964,0.9746778132483245,0.017983889455734335
74421,-2.6700701199260415,-12.691937951481702,1.9721647097276738,5.528687151719376,648.1872483015686,0.5221452330467509,0.017984805359666046
74422,-8.37299686232815,-6.470547300327346,4.573166303026131,1.5781170487033243,362.7474743590913,0.6359075830054257,0.01798691013438812
74423,-6.049114704673933,-10.515356863273666,2.8802691128714737,1.0988163223009004,218.6659641876372,0.14041591948404086,0.017988125276367214
74424,-3.0414783427782357,-7.908213751375404,1.575720031371703,1.840924654534235,440.6773038340309,0.2152993875756115,0.017989643619406963
74425,-5.796673069782057,-11.912842925576879,1.3619808663765125,1.8765618133277526,467.4735335176014,0.2436613553472009,0.01799000110153665
74426,-2.7409034804779964,-12.927497287660238,2.552855871676821,1.0415815069961,275.42162160235154,1.0886489257922847,0.017990264599264096
74427,-3.545698848060023,-10.821010374070646,2.472204889776775,0.9834322023849735,265.99531032879077,1.354131549679276,0.017991013600937536
74428,-3.6125016146645237,-8.00611943198645,4.898881588465302,1.8650819227654396,448.5903629700187,0.3111842568463379,0.01799262721741732
74429,-4.075891654920129,-11.064247321791452,2.1983759355476153,1.6240384992339594,377.2271125264574,0.13394711703733186,0.01799770779572909
74430,-5.177776923864257,-11.530861378155102,1.4714620421756934,1.4429479846534223,339.857777183976,0.42295903199480644,0.018014585918493194
74431,-6.16451409484822,-6.95526198808372,3.9959769988548515,1.1264039221861148,289.5762543235974,1.262748276745163,0.018014827326576062
74432,-5.446080177775687,-10.865152981752665,2.55196112632552,0.7814102287454193,206.99957568472553,0.508135489086361,0.018016742785040986
74433,-7.638320210759335,-8.959336744276868,3.267384661884349,1.8429840349886855,468.44247965226276,0.8044384166028111,0.018017005413470302
74434,-7.877371177184308,-7.931730682209223,4.336847389875984,0.9475758606363939,252.49121031858533,1.248886412961416,0.01802087360177036
74435,-6.865852881004936,-9.526224853888749,3.5802403231955444,0.8313660469754968,170.2879589335275,0.08718479168625315,0.01802882291831819
74436,-2.8933981446160626,-8.099453455110357,4.377005325071779,1.250271256558091,287.03335129165737,0.12313620540718784,0.01803879930971554
74437,-5.645941833859388,-10.199578241919609,3.1349332898848212,1.0644176366309324,278.23423939347,1.0415928836348236,0.018039700319202503
74438,-6.53559304719507,-11.109200384352722,1.703856480408526,1.0173236377394523,235.1581940791305,0.27116023492972463,0.018040930375209548
74439,-5.308348867298504,-11.222778601485462,1.635435303145762,1.8580827307630114,468.2527456295964,0.07905092800846969,0.01804395375463646
74440,-6.260558439631628,-6.924469139148326,2.5934247721831754,1.2336794961440318,272.17105440908915,0.7049942514887944,0.018044106050237197
74441,-2.9987465143765384,-8.14152233669624,4.836751679532521,0.9892706523072562,194.67636061141096,0.2638163751713485,0.018047262700484824
74442,-9.008363331017785,-5.757858579656115,1.7538803672308592,1.4233264267763814,324.90135519343187,0.10391242254640343,0.01804892982609093
74443,-4.944746132454817,-11.126414233292245,1.8264539806084403,1.7556886433505292,375.3199053794686,1.7955352059775498,0.018051407245568203
74444,-6.020954007912989,-11.037489722173147,2.4538295204849403,1.0727727619176106,286.2386398346493,1.3200924862448646,0.018053792106970026
74445,-6.640651219230017,-7.722515281881124,0.5106887000654338,1.8115651626430456,443.04206798825305,0.9297865642840373,0.01805441750900838
74446,-6.554141094960349,-11.087980217832323,2.274574327837053,2.6694426889301086,471.5174672924526,1.684922652483686,0.018057431082726123
74447,-2.497371483895856,-12.964761667993097,3.336102066435918,1.8245687188892947,468.036863348757,0.03213708665911241,0.018059136675714186
74448,-6.387022463758792,-6.8542260442662135,2.391714042323092,1.6851594560600003,395.438266031404,0.14406328318701522,0.018059154916238943
74449,-3.934750752908994,-10.960079402160137,2.347338004570925,5.174493453465094,462.370806099953,0.010202006444006706,0.018059236819066616
74450,-8.154836401378441,-8.853452302976212,2.0130349292660386,1.1313611214777541,467.5652658635846,0.5646837517254122,0.01806148296068952
74451,-5.592860842295474,-11.742598829117139,1.4026587122164276,0.9983485293519009,260.6234871466843,1.1498747767455635,0.018062757702341368
74452,-6.9245542198578285,-10.843350189646376,1.6319150736128218,1.4545938563606173,319.71453796742117,0.17123147039208497,0.01806607187005589
74453,-7.631622728792614,-10.469905403822429,0.678075391377956,0.7756772718902523,175.46761906714633,0.31775183663163276,0.018066129929824204
74454,-6.841552482615144,-12.861555318380137,1.053012168159828,1.193343611314873,305.3892766849109,0.44105691093276533,0.018066705697975565
74455,-3.8653871250054506,-10.71419537524362,2.5735653234934275,2.4725233141585825,225.61146641834017,0.41494718627334937,0.0180674344217627
74456,-5.597641451216713,-7.226434974493338,3.523493141222855,1.0887245069114078,282.1591582703389,1.6905428599434673,0.018071110615421087
74457,-3.0979506412381816,-7.874632024322591,4.670733842747437,1.0121380352189755,467.5599177635769,0.32810047617047733,0.01807164379141788
74458,-7.5007377940251825,-8.730782045559437,3.8456249784535634,0.7482729936947337,469.2063966918593,0.24263604294250118,0.01807333736570797
74459,-4.1836807598283485,-8.34964397092615,0.5678328213558244,0.5248010907404022,118.69710374851205,0.04412498799043707,0.018081504212555704
74460,-5.354297103450073,-11.212832647194839,1.6512072177881,0.6612164267991827,199.46804413098488,1.200831435558217,0.018085232798835886
74461,-5.885782500871682,-10.985702182194476,2.491884592211508,1.8375703790699671,467.62517429438384,0.8098060760922756,0.018087992069344454
74462,-6.246070928419998,-7.5603213975644135,1.033048911283667,1.2470622148192247,277.15849381271244,0.492696643358002,0.018088801840715485
74463,-3.6168403833912413,-11.826467551668935,1.4098285915771613,1.0398593612864468,223.6166245288003,0.1586608440858024,0.01809105257013693
74464,-5.226818253877219,-8.556174209764619,4.800107569914516,1.0124099837710423,267.6167399541892,1.6795807802222757,0.018093307276286785
74465,-4.523591027400009,-7.694259791917813,1.9209641561863213,0.9641815970553311,265.95677869630686,1.313027492151,0.01809612418283899
74466,-5.520994715386832,-7.335368626129425,4.291897789496081,0.8882323320605701,183.59837556372761,0.43412451015701325,0.01809624052771668
74467,-2.8924477667961215,-8.218262454472725,4.621233972189696,0.8583750986320282,468.11322245565555,0.014031889810731002,0.01809793029269583
74468,-2.3559000875419764,-11.970490094123345,0.6603943198146874,1.8821432962722375,468.25775319078235,0.1866057924501856,0.018099889495806563
74469,-6.24217360121162,-8.660239657429702,4.797111047519336,0.8645863164473025,175.63536934619157,0.9440523217671384,0.01810079207758095
74470,-6.340440470511464,-8.907098217550907,4.501601035719596,0.9336840392107887,197.79718797534971,0.013820758409898382,0.018102651265241732
74471,-5.474077979082745,-10.539541604290324,2.8270930285446485,1.0596809475318671,276.2420440110096,1.4682154623424042,0.018102912312099425
74472,-6.064250638268849,-7.683859299867752,1.0043378053202177,1.1683432946275678,467.19176141860675,0.43622375755043663,0.018104150041433956
74473,-6.813209831589769,-11.00193724416905,2.0804680209606796,1.7502721466373647,414.55680814441064,0.09143570034461046,0.018105501100372356
74474,-6.58901526987382,-6.816403947782022,4.794215734250544,0.811715630359184,469.25004079952373,0.23862948032259101,0.018106424172183746
74475,-6.335633358276697,-6.877850761509864,2.5220112243048836,1.7802472193665098,422.3347788425995,0.39210374788531954,0.01811004571016136
74476,-6.204264607839942,-7.015262317452213,4.398445401423074,0.9456428542312983,190.65590603106543,0.748741926967905,0.018111623724075463
74477,-3.712618325988256,-7.898414992585131,1.4915137046018152,1.38654658407987,467.88620791181296,0.47209716305419747,0.018112356803282964
74478,-4.9027175068898465,-7.866880113152287,1.354032143933085,0.9723506886700206,192.36265233769754,0.9718344494452023,0.01811350582913471
74479,-5.12209788828672,-7.594767061697556,4.747822451139237,1.0161590695265543,278.7184016791824,1.5917413291987828,0.018113546289615534
74480,-4.195919545726624,-10.679529902145113,2.607552087530118,2.7039916221068903,420.4509851251624,0.1275254091743072,0.018118736629809038
74481,-3.8796173744011604,-7.575776602216137,2.55833846072914,1.6813652091246547,392.22319890777504,0.17056250385794058,0.018119452587481398
74482,-5.671617705742217,-8.695702325349721,4.7192492671407145,1.2799465337567066,306.8972945610529,0.5466654927251264,0.01811982503696032
74483,-4.252771599107978,-11.143690578708892,1.6908466954349166,0.8337431145038429,438.3717484875665,0.4109295504400592,0.018123674933094882
74484,-4.130203863231944,-10.064564085778295,3.1510930729196303,2.3919796285939507,447.86624092474204,2.423856571824637,0.01812730883123275
74485,-4.938580972893741,-11.026844493429138,2.3522582363570335,1.3231094226473898,282.58182507267895,0.635295348402213,0.01812819087543152
74486,-7.058786447333995,-5.54575015255395,0.9919100551766894,0.9630648075269385,265.8843858147806,1.3844784981825038,0.01812830324658488
74487,-8.163743498668357,-8.076047567060282,3.5301268296090687,0.9351253146901445,467.88914456715975,0.34441502459318674,0.018129661669663625
74488,-6.139961403343648,-11.198129824130703,1.764141931269957,0.9881046297004052,261.71979927463013,1.242387327764404,0.018134634897228098
74489,-3.476085974252877,-8.75049669478555,4.49057974690163,1.880835708513957,454.28140866238874,0.3197175738925466,0.0181392956950555
74490,-7.260341792663067,-5.455095205305059,4.7718955237802705,0.8638248790273464,244.61537984817883,0.600592021980229,0.01814584123498779
74491,-6.564958365294253,-12.47814757573899,1.177763965980019,1.5255640587646218,350.61966101222214,0.00012806122549147148,0.01814696761556869
74492,-5.199612756893631,-7.867572477795453,5.083235790665328,0.7193706302342433,157.33112067774803,0.7833969826058151,0.018149098751412556
74493,-6.646252778126087,-6.9640681832479965,1.4399185694131809,1.1324044534162956,293.66542810440194,0.5107552425239641,0.01814976915121462
74494,-7.09845369730844,-10.668520541320097,1.9583706007085409,1.2919564315873273,295.69635869236015,0.35160371116615163,0.018150381693744208
74495,-8.74010509833877,-7.85956044972078,1.4307418899171132,0.9838599216796776,469.87880999660257,0.07451328383258637,0.018152072333006898
74496,-8.983565849242398,-6.057015089563145,2.871607650477446,0.8306450731488583,468.5689961764322,0.32250315688090314,0.018152173180146173
74497,-4.668790373658057,-11.104832022302514,1.999068039550625,2.5554698218197527,303.4517026016295,0.07052127726068402,0.018152190230536262
74498,-5.850666087491067,-7.214426099935907,4.3471512684863525,3.139786384742803,382.063694684564,0.001878385743896871,0.01815658993546031
74499,-8.571161464411343,-5.246035556067103,4.079432824707645,3.185194016705918,507.3909150362442,0.8102112856880792,0.018158771737919032
74500,-6.417991885355571,-10.260735084529784,3.05180513613803,2.0373015725685897,408.18646660855796,0.532543782578041,0.018159842764281026
74501,-3.489581180182771,-8.681198212949178,0.25670863066937916,1.1896927925600296,467.6789344685137,0.20852587145416823,0.018162494295993016
74502,-4.0196478030030205,-9.906555012576437,3.303951684563235,1.6978848054750924,399.6470953203466,0.2723811885942924,0.018164622438186638
74503,-2.925883554155159,-7.951307115454654,1.6585964647737084,0.894410331094349,254.1157629697535,1.666989455820512,0.018165772611996887
74504,-6.330568834530803,-6.920981206133134,4.414767947419945,1.2059341241061485,253.75386947719227,0.87681392377712,0.018166113247125124
74505,-7.269034047564862,-5.815464485320742,4.992888646255435,1.8421136140638017,441.8266954678502,0.6268423620795165,0.01816984887422167
74506,-2.8395578181025902,-9.78518027683958,3.950553834417851,1.050267623126094,467.62549180562905,0.23782657330867973,0.018170602753898576
74507,-7.053914361347372,-5.652866400783204,4.376713436445629,1.3630256817803306,328.71078480816533,0.4652273097744182,0.018175147958232007
74508,-2.967690671329798,-7.769712155429347,3.456351957402673,1.6039029440718815,151.20322227984286,0.3801371632877979,0.018177340051751503
74509,-8.279158682258714,-6.126954216288823,4.733165959223454,2.0164317328263692,403.1311815000876,1.2762953812821225,0.01817782862522669
74510,-6.438784093267627,-7.179878557678962,5.173052893907837,1.750115901844803,442.60497735861367,0.25293276991630087,0.01817968178507428
74511,-4.727363022071824,-9.471020026680446,3.772924992429259,0.8087412966564543,469.43515440154005,0.005932840157997887,0.01818718283605043
74512,-3.5720662669344696,-7.785272163764723,1.8231856555301689,1.0906533019003828,291.53559521905305,0.8529540858580384,0.018188040716360907
74513,-3.455898836175983,-8.608921720120566,4.616080610654805,0.7167509186254332,148.83572398000322,0.29785452419293623,0.01818831032249113
74514,-5.371093753818021,-7.8285472543510695,1.233564630916973,0.8370070984201092,166.4425679761247,1.003260714430918,0.01818873651993625
74515,-7.227382870262367,-9.382177128300185,3.3764980014200754,1.161839039079181,301.5096312553829,1.55478559005022,0.018192775916938485
74516,-4.65365639366367,-10.716302008490917,2.6041879194868223,0.5053891811093651,117.36060196491215,0.4421928366507899,0.018194220471849282
74517,-6.949799999330603,-5.675145891348162,1.86391627437851,1.8607342625335281,468.1172787161446,0.35041276704001323,0.01819541834559892
74518,-2.67673920620438,-12.886888071736387,2.1287485665170363,1.14901061998698,467.6365115820765,0.10778180605727883,0.018196655468655603
74519,-6.6457434191013895,-11.14080000448688,2.0971278845785783,0.9415640999837073,459.9759987105149,0.16870928399176943,0.018197976763224818
74520,-6.604321091083415,-6.557093493993458,4.17416642368233,0.8131561242558584,236.27175429955176,1.0150244172264413,0.01819811826322141
74521,-3.593933019241371,-8.908851071085447,4.331803233121378,1.2990853392899988,311.41808311844676,0.8673257072625207,0.018198527270216733
74522,-6.216021457006672,-9.587236276105925,3.737369825264542,1.134917546819891,263.95088854002194,0.25139838406139603,0.018198632213718195
74523,-7.22055500770489,-11.978729667316369,0.8763114038218687,2.321479272808903,439.70052880191565,2.0669264988446683,0.018203124507772128
74524,-5.771595272929312,-11.759111370840662,0.025704245537859667,1.864648578117352,446.5081618256981,0.6070769480734546,0.01820806749482805
74525,-3.491771780280006,-11.046523332063598,1.8988975396254082,1.0561115930550193,211.04752476638131,0.16580760607909273,0.01820813370750562
74526,-8.90885225269834,-5.709490402829035,3.184397553101726,0.7111456113562395,467.0967370002394,0.48923666644497743,0.018208734485728417
74527,-5.979132362074657,-11.25609064336964,2.2235362754626156,1.0742568213921648,140.82364730494035,0.22667056172076983,0.018210467435885124
74528,-2.800480735469888,-11.970167221483763,2.3398268107047624,1.2259404548408985,307.1228515919827,1.020919593473506,0.018210947190217874
74529,-2.3720234973731094,-10.239147751802127,1.526020765488113,1.4908819962698003,353.1299580497094,0.49131555500805657,0.018219680200500576
74530,-5.7500035380938,-12.948405121912943,1.2608476808974043,1.4845790259841833,280.5141128992918,0.4948330973634123,0.018220645212364554
74531,-6.804997541493504,-10.913235179807774,2.2150076452757435,0.81766504653022,468.52843404584934,0.5383470442079643,0.018223450653116632
74532,-7.220987299421563,-5.061060016124558,4.47076739443897,1.0800063537062825,194.00581564991407,0.11248071251271607,0.018226253561587302
74533,-3.515634464335492,-8.34814857998715,0.5947799961619492,1.8635817278230449,468.34837261959615,0.29453909959411373,0.018230553868965244
74534,-8.266301969753325,-7.119923757296313,4.504635943405025,3.9531307858744404,420.12454936566724,0.009439457343726865,0.018230853706604076
74535,-5.845796415189576,-8.532320918088084,4.908334177224392,1.6083204547020171,349.8603892773146,0.9515300193658831,0.01823251718024384
74536,-3.9801403260398676,-8.566946397750948,4.668626275072877,1.4471699367746496,339.1765511747527,1.4628872862185291,0.01823510379814423
74537,-5.686018460501993,-11.235439714513006,1.9838371930571688,1.0414116123880928,283.2484919159547,1.168680793359739,0.018236211816027036
74538,-3.1929189060829133,-10.561268477394812,2.7199405505532415,1.470380064179313,467.9311549874286,0.5157341199227874,0.018238240636966226
74539,-5.912597941487015,-7.160180925997329,4.211629469061927,0.9441724508755558,246.305501510802,1.327357672983406,0.018238718031083782
74540,-3.105933583216073,-7.619933297081323,3.347633956161251,1.3594153623044327,322.42821904679005,0.2899382876533547,0.01824010194262579
74541,-2.764091069020247,-12.285959765951297,2.6116789769264788,5.30460232930097,582.1804919833658,0.18724152445543663,0.018244227432167446
74542,-9.04946729415557,-5.316479877795735,2.2654408382946554,1.1660270471233145,467.05006626823035,0.1346040243813036,0.01824456095720121
74543,-4.476372807556743,-11.072306528897945,2.1425260097830527,0.7386202782114507,141.29709124450596,0.19488051806926254,0.018248388202149343
74544,-7.630785766393184,-9.45086270580552,2.523699353767082,1.0391562118893272,216.31721077852677,0.6255012000225406,0.018252199566333692
74545,-8.311395355725658,-5.2664793162601615,4.554152928288305,0.7886948510834713,470.13088099038373,0.19963538271741044,0.018254486252272162
74546,-4.426200990084626,-11.090524786070302,1.95246675883333,0.640505970912186,175.00218277174085,0.7645275217513818,0.018256062760644145
74547,-3.362191075121787,-8.146544919231335,0.8897282787648306,1.1058330231549978,286.8960906849093,0.7149197794964852,0.01825703222191321
74548,-6.6777870910798,-6.535909000356631,2.052974684871707,0.9303909809145824,186.906646777538,1.0948732114839919,0.01825933758149689
74549,-4.326071789720717,-7.705920819360875,1.968892099898506,1.1140057775000258,467.5505858022434,0.41592705376014916,0.01826345208510596
74550,-3.6367117569966574,-7.835371016972234,1.6883619762590818,3.013521740997784,476.47840344746277,0.3737599731185508,0.018270494328591923
74551,-4.987219152796552,-7.447167513907769,4.085727569265212,0.97143485263462,193.44919442619653,0.7493112713147916,0.01827241720402576
74552,-3.973810596335218,-10.718675010743869,2.562942272372294,0.834089172698201,469.25635042474374,0.10435099572158268,0.018274428144550745
74553,-4.3346710822621395,-7.8499991964100415,1.5785067265496175,1.838119242221347,470.2770690400864,0.026517071274949622,0.018275178312475153
74554,-5.644428468876471,-8.125990989278684,5.185146410986879,1.8797891442675574,467.8277093700358,0.13452032200750086,0.018277280863289103
74555,-4.326765559232319,-9.072379749654232,4.174954505696141,1.2880516527735715,318.97152232108704,0.47293927523007806,0.018279122733949108
74556,-5.586587246360181,-11.285882569201451,1.564393504242638,3.6049575206360807,251.55114629356373,0.43363534285340855,0.01828038366736501
74557,-7.209548259820819,-10.509301709041637,1.8355828457603425,0.8716794789250992,228.47481074877066,0.8522675407675315,0.01828386587783695
74558,-7.1104392890077435,-9.187747946530537,3.7530176294376196,1.841353406441148,441.5171463990901,0.3659552409813642,0.018284523944831155
74559,-2.842509739729211,-11.750930810913202,2.400954038848077,1.03986585778424,272.7525219983336,1.532620094163355,0.018288797881207713
74560,-6.692495984899519,-10.06415878631766,3.124846169638188,1.2190388227998756,304.20275562195354,1.5451492682398866,0.018288864014867304
74561,-5.386208422537575,-7.880107653157515,5.141339593741698,1.5209722506536272,469.58964100539265,0.07883324803132297,0.018294582817874768
74562,-6.1380964279483,-11.16442766026002,2.314413289816117,0.9089773991747397,467.7704026352619,0.21507423581836171,0.0182985775138925
74563,-8.932749946698118,-6.579779228895319,0.9752924288157115,1.8537865560891456,456.33753943229993,0.08492836921316904,0.018299972653910458
74564,-6.96717321396849,-6.463972499163116,0.9316957835950728,1.837604039222064,467.6859481050935,0.3363231087989256,0.018300513388913756
74565,-3.4344814806982527,-7.897923459450666,1.5154932534477243,0.8519386140131647,172.36991413808553,0.7829703336766753,0.01830283318011185
74566,-8.12719699418452,-8.659109356675605,2.5270529636245778,1.0294143294670375,238.73266559270346,0.49339427128152646,0.018304546146826816
74567,-3.7593434046038183,-12.881236575225001,1.2999866992179567,0.8025565553221086,151.03070693262723,0.35937664211290876,0.01830493405583223
74568,-4.603129778314474,-10.532030793698832,2.750689280205856,1.4295952172286783,332.1928103306908,1.5961533916449726,0.01830539528286912
74569,-2.8583581420499105,-10.958404479338675,2.9376842023320506,1.5287404271862084,351.47431950534076,0.1753008351671692,0.018306388771264347
74570,-2.3763905136460206,-9.999626533912277,1.3039768343861116,1.0354090179758089,264.1864809882372,0.44274812163864574,0.018306742451953045
74571,-2.5873304390938685,-9.545746645936637,3.979998606013595,0.6860362505428335,143.92376846551738,0.33128957607178133,0.018307513493152214
74572,-3.4702090271171384,-10.367643052424556,2.852157071666366,0.8221380428973151,468.32622454811315,0.10867318334104148,0.018308240563467304
74573,-7.431337406844523,-8.211237601796281,4.638419313980447,1.6740014346819119,396.4096577100212,0.08641831356962015,0.01831227747497126
74574,-6.456817667166647,-6.882767642533944,4.621915394802617,0.8550305108462611,251.04954267119058,0.5710687008415265,0.018313727183844233
74575,-4.04273054958804,-7.925407240883116,4.8753660145633955,1.010945058557233,467.03985715659616,0.5911754603012191,0.018316361640206884
74576,-9.037307665120423,-5.471858568149565,2.026424847720116,3.0832092674232707,495.5594104987212,0.6617802399881443,0.01831679380782225
74577,-7.6054202523820535,-5.611856749779447,5.162091117213123,3.183193267412087,513.3346758446417,1.34695228588678,0.018319262685323485
74578,-6.16319715035849,-11.194963224831179,1.6019554145858308,1.6067392417669313,374.17686961829685,0.2127337851273472,0.018323087204261214
74579,-5.785892010284911,-7.367859495883478,4.754798256886671,1.0431834292747977,252.95787227728306,1.357097669617077,0.018323866466676494
74580,-5.101239223784663,-11.144983223311195,2.1428748744690815,2.3771842627376225,441.95783733744094,1.402013805482797,0.018324246491253644
74581,-3.041836885433728,-11.876427642961646,1.4257670078355948,1.094918048344009,264.13750731977257,0.6798997660332793,0.01832479756796458
74582,-8.20136257706191,-5.789479120493942,4.792117845551038,2.5772591629868487,452.28774789539233,0.7497121329882583,0.01832539775918109
74583,-5.6075117019605605,-11.201237444862516,1.9184272032881864,1.8913317798678275,469.9549571766738,0.05553305156131216,0.018325714232182502
74584,-8.798562797115755,-5.623425983409764,3.5457248957399545,1.737340137264785,467.26777518408153,0.08367851766650691,0.01832664971524517
74585,-8.144743634073263,-8.6683515284797,2.4463430369268067,0.8607401769342183,152.6485002644436,0.18138277281189286,0.0183310022967006
74586,-3.743132971363589,-7.807520698917996,4.737402918008063,1.7196153394946132,404.83719983887084,0.5606205552363042,0.018335759672887825
74587,-5.307290976520992,-11.192945833593733,2.1299682485528995,1.0075602872520455,202.96417010075768,0.5051087440448425,0.018336539996117084
74588,-8.987788419206803,-6.824953961474162,2.4747453312527,1.2415544113750685,247.0502429071504,0.07461531974467217,0.01833675755482078
74589,-8.244127435588517,-7.512779007366472,4.167251505992507,1.6870711521659671,398.4007691928701,0.47301080916168914,0.018338384001730344
74590,-5.294360304172324,-7.374033198439644,4.0779846801872,1.1180186145468431,264.1947094093662,1.308920550947918,0.018344883942191005
74591,-4.486473323278643,-11.075922392020166,2.1739446493214336,1.3378167620599435,339.0792963214599,0.46692742397096065,0.018346593974553713
74592,-4.070536523670814,-11.468337413355595,1.4878574084543879,0.9841241842600349,139.09242061851396,0.2775964031808593,0.01834762899685459
74593,-4.064033326367936,-8.633651976750226,4.609342858955264,2.783302775511683,482.7767315325092,2.005627295356269,0.018351034380764672
74594,-7.5728048061941236,-9.320888770328017,0.4079382579957312,0.8428633363765299,165.57155109398295,0.07413087108467398,0.018351042065807097
74595,-4.8734472318309505,-12.218501065163634,1.347946077671837,1.1037539622440566,286.9648319044853,1.369285847835978,0.018351504069707928
74596,-5.651003059868316,-10.297523385009612,3.03389775470589,1.1110515986966087,292.36791260429703,0.9669791818823725,0.01835565618528079
74597,-7.270821174098396,-12.05073261262251,0.7654804027590695,0.8631164522852925,467.4016105291088,0.6178407570416455,0.018356170435888552
74598,-8.39996985030492,-8.201931679843224,2.5814627304281585,0.7691648080391927,396.80732331449803,0.3355962357049487,0.01835705426690981
74599,-8.43469186134216,-8.43325861800481,1.8194115523110064,1.409805389784479,315.6978808253499,0.10427916137043347,0.018362347839436657
74600,-6.208440804618313,-10.924946071418391,2.518207026421788,1.0795047261053448,248.12454012439417,0.49871709407172204,0.018363493566720665
74601,-4.399769132337542,-7.58140712439387,4.359897889268407,0.8555808144413783,196.04811393403713,0.3404683915702318,0.01836456680937771
74602,-4.6205041516393255,-10.397986058769566,2.870130165040124,2.819602307496995,230.9013671547945,0.29282435439881205,0.018376677031390152
74603,-8.961349656980094,-6.701564954428386,1.3712108554666793,1.2056658489339247,266.3375137077109,0.8690307369673622,0.01837687283265039
74604,-5.909646679248427,-11.272150170371424,2.11259483989534,1.1797897651366767,468.1833794304899,0.3068939928774732,0.018379839917816807
74605,-3.8719322548900683,-8.107978275901967,4.900324613230375,1.0031519250868377,274.92061299222553,1.5639029811821086,0.018381680662827787
74606,-2.7354929711488785,-8.89406806439115,4.591463819479344,1.493942957063245,343.58889954787725,0.7664443089235506,0.018384861608636546
74607,-4.168047983849762,-9.341736432982724,3.8787209901708493,0.996262159834465,467.51215040989297,0.35109804585850046,0.018385314488498793
74608,-4.2333418013211634,-10.990226957578841,2.2868911034448494,0.9646676170912033,469.8736821307232,0.07515791247184556,0.018385634341582937
74609,-3.8088176555494746,-11.039094391091028,1.9003625573479037,1.5930909911435878,467.80900271130247,0.7788701164090357,0.018390832250026534
74610,-6.395363039087792,-11.242543352894486,1.9867397032166458,0.7522527549471449,467.8664640750958,0.5058193425649504,0.018390940663882478
74611,-4.961165626501467,-7.413013194432511,3.2402168779834444,1.6836647025657498,368.54584631820967,0.682563347332259,0.01839337750472104
74612,-8.342298492620822,-5.577789994339647,4.537107322810504,1.7738164616380487,418.7585640135795,0.011259914759981449,0.018393751265608785
74613,-4.982834549975783,-7.408193867023631,3.6411282112879593,1.0380887264986882,282.6514173545219,0.827630182561589,0.01839717255727065
74614,-6.8953428749814005,-6.578737683349651,1.1023576047876498,1.5946179504273805,370.5519391946841,0.8757048503772955,0.018399171695847857
74615,-5.3064901521299905,-9.062140279012992,4.266841547630573,1.772880956841929,467.29788520046174,0.05255028064599987,0.01840052632971589
74616,-2.7201215656309756,-12.682501349831345,2.7700125544009975,1.4036811528655195,235.2780738465583,0.05573578940576507,0.01840052993153782
74617,-3.4110727410391117,-8.221978964273113,4.857081874178687,0.9871668932825466,248.27466071678256,0.8905595691520976,0.018401554084756886
74618,-6.031582804236368,-10.444865298410486,2.9225827785476297,0.6084434143203552,125.2309536116753,0.18895466611656353,0.018401884762078522
74619,-2.876235768666618,-7.913663749359645,2.2817173751256234,2.138185531008589,420.0422180997981,1.8962390250826626,0.018404360240233647
74620,-8.27341103588564,-5.888805617049521,4.699904511785269,1.7044999273383519,447.3760786804175,0.7226958953809293,0.018405357970469268
74621,-4.524807604406109,-12.343466243243558,1.338878052151843,1.4235329547797118,331.77282653989243,1.3291606006284757,0.018411058064310742
74622,-2.384408511589883,-11.141001668915086,2.174804467132245,1.8111252707926249,430.4890941534462,0.46166967669306924,0.018417594782437232
74623,-5.685004689580237,-11.17191253555004,1.7251573590217801,1.1196559632592125,468.64382900551993,0.6483708647742343,0.018418132368899876
74624,-4.646551226213162,-10.556833438666146,2.73205992739468,0.9262848316887693,469.86754669401677,0.006186785902386305,0.01842241773066876
74625,-6.000010089584155,-10.72826358106258,2.6852635586408975,1.022085875070793,244.2697439024818,0.8346381706523696,0.01842431280878796
74626,-6.994503285222294,-5.137790634930644,1.9403039098508073,0.7132331866838599,144.15132695252765,0.04973534607136276,0.01842431532021946
74627,-6.92517823937411,-8.73705924986137,4.473425918582569,0.7627871135989812,175.34676527996194,0.7148142191938023,0.01842433990607818
74628,-5.167853529151541,-7.433948928071977,4.238864691958761,1.8546201165940985,445.65724376040464,0.5821695811166885,0.018426059978423722
74629,-8.559768536570514,-5.405804640134657,4.113217368796549,4.655732184536176,603.6220068066294,0.6156547201120128,0.018427041925031497
74630,-6.288294411712814,-10.213728219613795,3.1087663087500075,10.839603686620963,522.5059838011975,0.06350000004945233,0.01842754458585131
74631,-7.0875389154132185,-7.853561331896408,0.19945301148569253,1.069912659598889,292.28661309526444,1.184466828531054,0.01843075748083578
74632,-8.422633795155784,-6.677720830573128,4.426208637999265,0.8937885740384736,468.0929706733822,0.7269051825382311,0.018434210513580053
74633,-5.122762407674636,-10.129830296776928,3.1392060572690266,0.8860114413090437,468.4779682830436,0.32746578924670633,0.01843555467604568
74634,-7.857132298313644,-9.572545720446477,1.444741368225748,1.0621746658612656,279.20625887928287,0.4375282543973631,0.018436267661900194
74635,-8.024645618564573,-7.017622469798687,4.964788157104774,0.9076166859321924,235.6466403844913,1.274423620953728,0.018437057654933364
74636,-6.815204239597657,-5.93233404100415,3.3233228113109803,1.4384108001235134,465.64454918052263,0.6931413645668263,0.018437851504536976
74637,-4.28495019569365,-8.371672008695185,0.5388813323715564,1.8867112984203034,380.4848286601821,0.38124602483755954,0.018438107283507987
74638,-5.458728044168069,-7.94166064103538,5.166337718931718,1.8104431261705067,469.4547977135515,0.07166483495761611,0.018439108186158466
74639,-8.250608728601161,-6.824848834868384,4.692004129145016,2.7116516109675226,476.0719058831735,1.834384371401181,0.018439199180393818
74640,-4.751975581059845,-8.860105492070645,4.427821134222187,4.721682823936351,607.3255078650557,0.6040261377060281,0.018439493608017065
74641,-8.923364099237713,-7.078201720531881,1.5359111056789743,1.6375966807053053,380.8022810620358,0.6621807758089426,0.018440124818273083
74642,-4.020394441099292,-8.20891362211838,4.889554728707319,1.8196658327720185,434.1916545386157,0.030439902146425446,0.018442080042320928
74643,-3.0554469416406,-11.090257237488087,1.8557895672955456,0.9955415697627668,197.64810465828137,0.06299934472518309,0.018443964754014584
74644,-5.333175062682302,-7.3635779581370615,2.8771435694141028,1.6172918556710756,266.0942677103297,0.4561065085981726,0.018445546317675
74645,-6.496077847573668,-8.777039802051071,4.618403152176195,1.1050960655429956,291.41013645252673,0.7659933652054809,0.018446898761346205
74646,-3.3729422186192,-12.8293518582687,1.300353028773903,0.8975324981722763,146.87197673697926,0.2194409202028913,0.018453730229741765
74647,-4.386824606878452,-7.621151360504713,2.282452928993316,1.5347227956698364,354.6832284117744,0.3489575199056718,0.018454152575279117
74648,-3.280482193710961,-7.599706547365684,4.133735142323604,1.6466712499061875,386.96851027602264,0.9712889096797612,0.018455104388886624
74649,-3.669847593335084,-7.628755192193465,4.3510699351402815,0.8621343317982775,246.52810835705216,1.1660579996211071,0.01845620401753766
74650,-3.4989897551978,-8.395639710945662,4.770510988003498,1.7993066851241306,427.6992535577849,0.4895664773852273,0.018457797919285607
74651,-5.128283841418578,-7.725389595909748,1.65932889961496,1.036991113436782,468.0928759677903,0.11040995922622887,0.018460296211925957
74652,-7.415311775471025,-5.250233911047527,4.9024807789529765,1.2806127301075214,304.84717041912086,1.1296346295542925,0.018461468957349222
74653,-8.564360402134112,-8.085660946872979,0.7617121619943078,1.113807044778977,275.58343314168184,1.0263916255655072,0.018463190942284893
74654,-4.989677755585288,-8.259303982300567,0.6054870429325632,1.8892587705188626,454.813923794179,0.6329681841729888,0.01846322043835184
74655,-2.7297676880697663,-12.530324849743497,2.730195413470728,1.1853051719810512,287.0023263893861,0.38890723036801855,0.01846586119479646
74656,-4.079913420084046,-7.526374759776746,3.8488507365270137,1.7257491478502849,184.65476772071867,0.44406881485355765,0.0184677502755175
74657,-2.998439538380917,-11.263141814148252,1.6413488904825675,1.3466948339771394,317.08099995260295,1.2842820003536977,0.01846819551525272
74658,-2.723721094799105,-12.400643163039412,1.52860757929703,0.8439218983521691,424.87710147560136,0.4166787712284341,0.01846987140325436
74659,-8.992521169715923,-6.078545665886615,1.6584413950066332,1.8843823035461338,467.9002891436136,0.1490761417729738,0.01847155363464274
74660,-5.540545380174868,-11.184073860378392,1.8903612998034436,7.479331560660572,589.7989770572376,0.0640866932315367,0.018471756950580516
74661,-5.963000914501493,-11.179551921665501,1.7194183067978799,0.9326200391566942,469.6277996307387,0.12121501139970547,0.018471806439417513
74662,-6.209438951592446,-11.231310033345729,2.2162350520904335,0.6307154292157621,143.83292475083573,0.7916743863652682,0.01847351694449397
74663,-3.4736239702109275,-10.348726356613948,2.8618352458787526,2.217736485740626,429.27679741435,2.0277292654657604,0.018476903265255033
74664,-8.63633755747238,-7.506290195492084,3.1697672920886326,0.556204253897753,176.8947543595996,0.6822619432996992,0.0184792915200171
74665,-3.180176553923962,-11.058705020473905,1.8046744996841786,1.1267908487191103,297.2134189985954,0.7676037895420924,0.01848104030584018
74666,-7.7969343766347725,-7.1644095904029115,5.181134764315012,1.204408019129316,266.1049330813494,0.7471786763916599,0.018481961578348246
74667,-4.247637649043043,-11.052401792974264,1.8732260554822153,0.9882052118744081,205.442145931579,0.9802887220296101,0.018483226683534606
74668,-6.960219328305458,-6.091652163851441,4.539765745150969,1.705923139239157,402.12860971831583,0.30007241140451946,0.018485250008347883
74669,-5.524144938531019,-12.53686085108496,1.2996426915356232,0.8233106804134027,167.07752508162383,0.29899789012177447,0.018486424928225626
74670,-9.00536472950856,-6.5186518126330535,2.5908342076500364,5.71327334227887,394.33972951713855,0.14584242646255863,0.01848668801071849
74671,-6.482957254805929,-10.795690595025807,2.5560050833637766,0.8867261501900535,228.96956371174386,1.4084366270828346,0.018490539685121144
74672,-5.382354038022104,-7.3045342020843105,3.5355592037493078,1.5255408975857208,352.9536777970498,0.2663246642001367,0.018494738202458887
74673,-5.751629725770689,-11.417214000692098,1.4769084982120666,0.9770994000431912,190.66180003183266,0.08990048365473147,0.01849479766995268
74674,-3.4631100922968985,-7.541275326898583,3.005216026707599,0.8494203808500653,467.35442948204263,0.507189811402684,0.018498306922687207
74675,-7.492995750908872,-8.61389144968646,4.011130325348632,1.2140618668928516,308.8409096274852,0.2690280500329596,0.018500064229000992
74676,-6.9809014476246265,-6.119148611459147,1.2998953018610537,1.2523987668378698,278.02488370108586,0.4420730301143321,0.018502349356320027
74677,-3.9879343960552047,-12.0367381203729,1.373508465621905,1.9102559967397204,373.3601659185649,0.6210069824409103,0.01850345029184363
74678,-2.510215123249461,-10.503391049973523,3.4661584761986783,1.0526806729030993,285.09240579222353,1.1446356881272495,0.018504018597771055
74679,-4.478706115458857,-10.523435146071748,2.747237587501149,0.8988198501012995,253.59879039414724,1.2351828962286975,0.018509767320250524
74680,-6.855759005375915,-7.665178626404195,0.39170809492088293,1.094462478497717,288.85047439063095,1.6746128802953484,0.018511907574632995
74681,-3.3415837824783488,-10.08891192663452,3.1070383170637306,0.8177227633834978,240.37687023356253,0.8300302212272896,0.01851283824048918
74682,-2.597975039493395,-11.87867629473364,3.516501411846058,0.8202717272147859,167.138051566309,0.6213351617943053,0.018517455066992226
74683,-2.762964790088959,-8.206438642868573,3.2341463148109897,1.0142936452088263,216.19383507514453,0.18765185463875422,0.018518541198848687
74684,-8.866537304345632,-7.335294626086077,2.4565093328621916,1.7381143813025635,410.07791221513787,0.13532388665646433,0.018522479574114382
74685,-3.8648330543740563,-9.285616079696307,3.9244217527797547,0.8731880150388108,271.4841906146434,0.0661793763954357,0.018524928373461046
74686,-7.690732499850979,-10.26652175377143,0.6761146708424371,1.8126846937697694,439.6058168015019,0.5105385791118549,0.018525757576586015
74687,-6.907302634689849,-7.360117828828793,0.5250126512135618,1.6578647001796616,352.725711441479,0.4437053928038033,0.018525840839050147
74688,-7.574750047364713,-7.555807105749575,5.15581937168263,1.6385036045327597,467.6125351607091,0.12697782156285697,0.018526327243600142
74689,-8.021609025309957,-6.7514714651534184,5.066431482069037,1.95490122294652,218.69497666508897,0.17338311530130035,0.018526815802168466
74690,-6.744798542569947,-6.90019226829862,5.1650014952491725,0.5191414094593587,142.42040545805122,0.7457978539763319,0.018529323889898138
74691,-4.867896605345468,-8.589719478985135,0.28630061766285103,1.2971766778653109,308.8938195464623,1.3691214406241246,0.018530142717577153
74692,-4.615342530818599,-7.572072658090067,4.37855516324519,0.8726954731001855,467.8889076866648,0.9037119276448591,0.018531989092036256
74693,-4.320759531256101,-10.954238758984577,2.334377635184231,2.877591151503582,489.91114504190574,1.7146037953046607,0.018537129898138858
74694,-3.0784393598587503,-9.856354644237467,3.474372575911289,6.729375389970334,650.030344429219,0.19370604950889891,0.018538554320518943
74695,-6.087098737843775,-10.23851134982208,3.094261376328646,0.8696147156929165,467.44349958798415,0.03735248846602346,0.01853884674566443
74696,-6.4142164884419826,-6.930992837450144,2.0958788921800964,0.836789591014243,153.12592063435412,0.15978518529045704,0.018539248823481822
74697,-6.336309642613563,-7.743192489282649,0.7420961909564998,0.9638959899821155,244.0039195143228,1.4836338530595095,0.018539451220833343
74698,-4.673075526943645,-11.164851281056086,1.6415929545876295,2.9993897022449154,494.811553526734,0.9884164697410567,0.01854013652432964
74699,-3.513173071806057,-10.934834793818961,2.3142391497777006,1.3540711077693846,468.0738543974865,0.7160456587157045,0.018540313442811953
74700,-7.078147074996675,-6.40019109907408,5.1300892905851265,1.2089442387671256,306.7799724155792,1.4210576919292146,0.018541658611249526
74701,-7.191896633355082,-11.78415144488029,0.9578912541095495,1.482964627166246,333.0234946175739,0.1355688725238533,0.018548341264734227
74702,-6.929784160592841,-6.112138316712916,1.5671194890695008,1.0601757826985876,277.6005837408855,1.0604982953928372,0.018557916294132414
74703,-6.606912148058888,-8.57726739773633,4.817713008492624,11.377435193023285,733.8939453907753,0.1736221579362569,0.018558153485558792
74704,-6.346129238887702,-11.142842176287417,1.6017617217121545,1.117869492134297,287.8386887074638,1.5234062894234182,0.0185615835312852
74705,-5.5732728600981085,-7.355167555697253,2.4580174243276494,1.8276371998523053,383.0044390052668,1.6097716844515686,0.018565350308266792
74706,-6.9977768046737765,-5.299969088069888,3.7477382632737744,1.7969224587905885,266.7358059637465,0.044639018677488984,0.018569756869870856
74707,-8.105662781473702,-7.141533103597734,4.762681486667714,1.696489525628226,437.6435394218642,0.300178805509967,0.018570024206191266
74708,-6.878224639599094,-6.3517669677330755,1.5400979447669283,1.2936150776867463,322.713833285521,0.43008949928819806,0.018570879036523113
74709,-6.585936724795896,-11.102784090210406,2.1921957260720744,2.927687063082053,491.80787866537884,1.2683528163784983,0.01857266007442294
74710,-6.565951405250147,-11.176377094174704,2.0740208143191396,1.1215876298435556,466.27432108812343,0.09534580399800507,0.018575226750532144
74711,-5.870320998757711,-8.81309176710609,4.5986751744660115,1.0155331090231823,264.4697105612513,1.248859195737948,0.018575279148171496
74712,-7.041002710772038,-7.015176293335573,0.5251997465522984,1.590766328088149,369.43801099726176,0.31183223987407427,0.018575737641338592
74713,-5.899531148655878,-7.449645567349338,1.7911418432792638,0.872504841861477,219.5809479440794,0.5067629628291686,0.01858272563613914
74714,-4.669065665732111,-11.09088667509122,2.091675935264087,3.1330181521102687,501.85173289686514,0.7236288036654779,0.01858453069753953
74715,-3.93796869868579,-7.639050621107834,2.283486063889772,1.9142447766855069,195.11450465667545,0.2782098370511932,0.018588918751593676
74716,-5.37283277324451,-11.141275068440708,1.7792415931362795,0.9736140593898956,262.19402964984954,0.39203355231122305,0.018591423266746045
74717,-8.804506147797893,-5.219288986271942,3.473560651712054,1.2492238771951019,241.99514228009483,0.0031665098163378147,0.018592287647156897
74718,-5.864309191489749,-11.25715303323372,2.049717155331263,0.9943773492778871,468.00622505479174,0.921063228431735,0.018592969276809073
74719,-5.089071281106939,-9.463278941799334,3.7996364247943224,1.0663986095679379,260.93227170043554,1.1659608467070486,0.01859316829836314
74720,-7.355890402266903,-5.302213027910142,4.834880846971298,4.227687927316944,481.40045698918874,0.0682467150663344,0.018600630415107903
74721,-6.432311884820675,-8.3253593949394,0.1877741943300492,0.8723893584470365,418.9472998072308,0.8501880419827446,0.01860112773645879
74722,-5.992700268467143,-7.149720166667245,4.359636567283253,0.6864712273044614,145.8073951557188,0.13318857847234788,0.018602623723500706
74723,-7.0936047635827055,-10.40379909820086,2.3591510548757486,1.4358846564055048,468.3525559545064,0.9032311177732213,0.018604587962890592
74724,-3.1175818773972255,-7.67816765231774,4.082367812503453,0.925064343612288,468.31828098550363,0.11268540118231929,0.018605196529481165
74725,-7.361057254561734,-9.8098922749024,2.605395672210268,13.152025494947154,756.9298464257535,0.16019686678723843,0.01861143639066152
74726,-2.763662392298584,-9.90272733150766,3.9970863650857553,1.887977906944013,463.3704105148462,0.026080950346780263,0.018612051167258885
74727,-2.4464052936838865,-9.409557650829854,1.440727028915435,2.079938263477339,217.9102291044466,0.18837105497003037,0.018612306846073436
74728,-8.395262760282849,-5.7118318180741205,4.462449765627062,1.7440546312372298,412.8860840708642,0.36941124177504925,0.018613171696790533
74729,-2.538019175706328,-12.324866631248026,3.450116108989112,1.0499145911243342,273.21099876226583,0.19462337437665855,0.018614851073191833
74730,-4.108912827844132,-12.334067446818132,1.3389391399449668,1.851832137682407,444.5676477347402,0.18280830688085903,0.018618782065706774
74731,-6.443120394580214,-10.168118423966718,3.1122664764695176,1.714903700228006,468.47204315360887,0.26255023205554107,0.018621247814202137
74732,-7.317503213559569,-5.164435528201964,4.697779210997895,0.9249675852212248,233.66505899178782,1.2129894674365564,0.01862170015792768
74733,-5.681525370381239,-11.168419933139567,1.8446588218351927,0.90186378049723,458.36667207689135,0.5366380107608366,0.018621770235008012
74734,-6.278177418486358,-10.030191061852976,3.271334715470301,0.880636741962333,154.12546076893895,0.16689930754051385,0.018622403396894513
74735,-8.265692784963568,-5.532945106435874,4.641116247518556,2.1092002035257416,412.33840285981813,0.4758544663660347,0.01863345750410359
74736,-3.4509181681546544,-11.33045470832958,1.5255961209182338,1.5702162830452573,306.9789852837634,0.10672251828044121,0.018633880216827468
74737,-2.961553372057269,-11.269989173807998,2.2916722583674933,1.8602753900266253,467.5353956208102,0.5804799098219044,0.018638838441514715
74738,-6.725848417326586,-6.4279166691616325,4.2699244130949,2.5121386881088457,459.46264188238604,2.5537887458763153,0.018638861638588734
74739,-8.488369235248523,-7.052160384737701,0.47594210593519254,1.8874885293419417,454.39344227250575,0.5033937141860525,0.01863976826008484
74740,-9.023999610512321,-5.976004098146734,2.542971258950595,0.9239266785528049,152.78537688574608,0.19526668233680144,0.018640100539113268
74741,-4.095961693154853,-11.93822002209215,1.3851422980106909,1.6720988542564625,350.905151248614,0.20885046873706337,0.01864023618535996
74742,-4.609413724476513,-8.06769664716164,0.9595003233220756,1.732422624605934,410.38846284127914,0.8449928660657688,0.018641232275947432
74743,-4.689256703869404,-8.7709245531919,4.5156832356241,1.7719311236876267,467.9922011150941,0.36452950211748547,0.018643363215975334
74744,-5.945951660288379,-9.60784398901186,3.706877221052782,0.9983819554490704,467.5116390222425,0.2641938033796256,0.018653418779957243
74745,-8.405869789537117,-7.999364155373219,2.986568667455914,2.952539348141724,468.64271609699097,0.258716634868545,0.01865419262332899
74746,-5.981914388577538,-9.300450126146176,4.041540048066892,0.911847884031424,186.06894980685564,0.9410525744253642,0.018654418644140983
74747,-2.613236203454874,-9.512798727667082,4.142548139964901,0.6885144319070505,168.00665054425536,1.0717030039033757,0.018659006231652637
74748,-8.210987121046816,-5.164092258202708,4.672686753136008,1.5653118057627942,369.16368605107385,0.3405511544803206,0.018659158890737527
74749,-6.527362660795294,-10.806629047832548,2.5183940987929865,0.7021671689526894,183.50936682143856,1.0753840819137226,0.018662179779191598
74750,-6.178193685616599,-9.589408597226722,3.723453929122381,0.8741388823041093,225.5434948067527,0.4445076568400683,0.018662741366393586
74751,-5.417692879298336,-7.344232222449113,4.0617967225671965,3.0823366575996562,506.7157944605681,1.6549074228591723,0.018662906172191927
74752,-8.764822204639028,-7.28389283097455,3.053782425589342,1.8871627157568047,458.681069013006,0.34790687677935406,0.01866594517872208
74753,-7.973424896729807,-7.4397006143201025,4.72613707911158,0.9922299926975908,241.10209513347348,0.09299703907783918,0.01866607865567823
74754,-8.902003418895282,-6.447229345576722,3.183401197057906,1.753870886505006,468.19230103831455,0.04335839802523189,0.018666917469712125
74755,-2.764320831171477,-12.174052598349729,1.5153826102061991,0.8481900327273098,225.96890545132894,0.6561449968805393,0.018668036431139477
74756,-5.560996584896138,-12.014143657482423,1.3495355601361523,1.096686350905631,466.9811366567492,0.615778002984011,0.018668459187568716
74757,-4.038872920897505,-10.977456373963943,2.2477848386518446,6.63696637410005,696.7469724124267,0.5152484825406995,0.01867441322008688
74758,-8.99877156634836,-5.145382429010718,1.2211027575881683,5.191136622692563,529.8906140399374,0.0786523923070579,0.018676820317236578
74759,-4.849682243217402,-11.099001333982278,1.7904981899135246,1.4998496075971302,467.844641262304,0.12783810383535776,0.018678303682611388
74760,-3.5744355179780776,-7.815498351154173,4.7273961940290645,1.4397625558256872,239.21401217321213,0.04427131080962976,0.018680728232345928
74761,-4.073387924035381,-7.5038706800604995,3.284182837444963,1.7169603050659206,404.13380943571946,0.391524281666654,0.018681806271820093
74762,-2.9731771283118817,-12.168916371541176,1.3967460775220806,1.8610939329023757,467.59794746353845,0.48146064708457903,0.01868288395537148
74763,-4.351040814891936,-10.720447825100587,2.5547621537772773,0.9475377455553001,205.23496563332807,0.11893055738345737,0.01868334633668834
74764,-8.841032488331201,-6.151014868690225,3.4381173077648772,0.9098374319790193,210.48800147400777,0.22885249895448379,0.018689819984960946
74765,-2.676820929142007,-8.965855852588849,4.311643358978049,1.1864137223036562,300.91338121785975,0.7695767900304853,0.01869015963131085
74766,-3.8465168591754786,-9.071663223569708,4.1439246123856766,1.0574746769676218,283.81269343458484,1.272972068418765,0.018690805810058175
74767,-6.616722180460943,-9.143864697886434,4.135736900233863,1.9044653341142008,468.07176545633837,0.5747624118389405,0.01869137123750322
74768,-4.442207179117215,-10.437318465489938,2.802397745990627,1.1510900958618855,259.1568594129383,0.5111184443764207,0.01869261660715965
74769,-7.333326011400961,-9.427312557462841,3.148926574634889,1.8860964314776318,455.6917188920508,0.4372387029954421,0.018692805354787956
74770,-7.189102590746089,-5.497272885255617,0.6319662692428432,0.9049195187190537,201.51290506175354,0.30192080072254956,0.018695108508355308
74771,-6.328560115181126,-6.9264731806115005,2.4036191866653898,1.2791035709372842,305.30013153851735,0.18137814258502516,0.01869561894002853
74772,-4.311218440074734,-8.722359184390818,0.21272214974219658,0.8972625007704806,252.48492679094872,0.8813056165892652,0.018696107743010237
74773,-7.952081200836939,-5.323804799712809,4.968005864309914,1.152357741453334,468.21222095703445,0.5489027858277735,0.018699762815125743
74774,-6.733049805301523,-6.549308920059526,4.591869874628212,1.2691427564879425,310.79829110668385,0.2758655991437351,0.018702216520937905
74775,-3.735157365295785,-8.27386657353139,0.690567715562979,0.9334216167114213,468.0363332867242,0.3842557760121883,0.018702444813438676
74776,-8.342660535706496,-5.117446033260955,4.472758812700078,0.7994227863135067,469.3049642371805,0.09682079990639814,0.018702686783817157
74777,-8.193172724779034,-9.13566526844016,1.04009260469562,1.1490582373835079,294.3360262278529,1.1201773259342689,0.018706378356883217
74778,-8.770174967516134,-6.460881555564868,3.632648550885654,1.849506292909238,468.14401752752394,0.41087533704825585,0.018707029411536336
74779,-4.044577237908717,-9.712286585454546,3.469151671713566,0.9443500436200436,265.4646878531149,0.6999521365940673,0.01870726314901933
74780,-7.050197771867012,-7.110486476417015,0.47931053666569856,1.3250883877041006,468.58240346024576,0.9389640024427637,0.018711128262485596
74781,-5.0815132355667805,-8.616361829453865,4.70557238005192,1.8333751262678182,447.141399724881,0.3159178017536748,0.018712064471281088
74782,-4.881217156774127,-8.868014015823391,0.1002199121831,1.7737459995762939,419.57809052092375,0.4301309023325812,0.01871776170346919
74783,-6.629439586230873,-12.034528352184841,1.2113825711842359,0.7510349403674931,222.41014474939945,0.9310119984386587,0.01872041839066008
74784,-5.8693340900432105,-12.478676118430581,1.2792718065462252,1.200059283232599,270.0628697661438,0.16800153525436468,0.01872364790749676
74785,-7.187077711592565,-12.730433079543353,0.406680435778369,1.0752659611512323,150.73856549125793,0.17852954601866955,0.018729350300205568
74786,-4.08183982427166,-7.865807307828515,4.812558559610491,1.1826686891382887,300.64980189385363,0.8537729288959612,0.018730327456008635
74787,-6.296833598341147,-6.895673511765338,2.7332634821906248,1.185335556622089,305.6159388896648,1.6729375282165284,0.01873203833251452
74788,-6.668745392194555,-6.741878530241904,4.790554959965585,1.029066104976691,268.2184626381233,0.6889888255327685,0.018733219997971434
74789,-3.38115069310364,-8.180475348774394,0.8380561175450583,0.7352861106205446,217.60338790895565,0.9934542468268477,0.01873452566384306
74790,-3.8142141931765883,-11.010923241749097,2.1103963346925574,0.7587353570353913,439.45746592395164,0.2949238392732587,0.01873479932561523
74791,-2.6436449032251605,-9.729824681562445,4.2286034845912095,1.2827607234931535,312.98579325537656,0.4697824105749744,0.018735915262532824
74792,-8.646080395830031,-5.330710338403382,3.8906308614412435,1.1227860477301639,226.29664626479837,0.4325225992609161,0.01873606582729966
74793,-6.111124630365499,-12.670708430667492,1.2377825251766326,1.289778335147002,291.9035308045455,0.1232786231438423,0.018741314174571398
74794,-7.389841491140679,-9.797861627539731,2.559496672530937,0.8928405196885235,169.20422348578268,0.1833572156605907,0.01874687454096111
74795,-3.0211356718018623,-8.047250525846305,1.1891506353845238,1.119600890161605,323.0228506740591,0.9765312334992968,0.01874784083418573
74796,-7.331802447682655,-7.795562649742794,5.183439593302961,0.9129195944406857,243.63469983272518,1.5696183360094507,0.018749512273069938
74797,-5.00448185886653,-8.751769143440093,4.561034558504871,1.3306492888485577,308.20980010909085,0.714759359310146,0.018751626765914756
74798,-4.971599805073165,-8.255297296996885,0.6247715782244709,1.604468308167215,369.52376212852374,0.2909671991491267,0.018752309850647665
74799,-4.0938347014593415,-7.938770345317818,4.856083399329649,1.823997487257476,468.57060755473105,0.9166618842192449,0.018753079572777616
74800,-4.5152291452695925,-11.92072143368219,1.3836146775473297,1.0413825718868592,277.28646100971065,0.742528645647373,0.01875926550955809
74801,-4.081315475443371,-10.583924960183158,2.659335193557463,1.5755525206598706,468.6784968148841,0.32639514825751803,0.018762460690146362
74802,-6.742240587519543,-11.011077093143554,1.4952201137682506,1.1022218232683694,467.10201480481874,0.7645506763716856,0.018767885617037575
74803,-6.388592261953241,-10.7479609239784,2.6145679626538825,1.0868563277922805,282.7686898859736,1.0246600156251224,0.018770122462298325
74804,-3.920439906214507,-11.180913148139776,1.6047213380136611,1.628049714359951,381.8587535437828,0.47727427154368574,0.018770250670805393
74805,-2.7721990906055085,-9.94668784511778,3.919425772572203,2.397170363116191,447.37895821994965,2.0319386557553543,0.018772040059035423
74806,-7.445726495281552,-7.808354886680834,5.060677713547872,1.7937754938436394,428.84408846772317,0.9275429677544738,0.01877224048044383
74807,-7.048191814151222,-6.058269927138765,0.9023555175280721,1.008853044535221,275.8352377622765,1.5731652488009464,0.018775492767335127
74808,-3.758517708403435,-9.638101173986179,3.5417073594793944,1.176058744210662,292.7852157859824,0.8782673350438213,0.01877610737912073
74809,-8.100101422673188,-8.529922786879848,2.8497821151923897,2.762815352818241,464.7954461885768,0.6072544082367983,0.018776109749819393
74810,-6.565862894677053,-7.020654457072193,1.5678377032738469,1.25340582381234,256.53642814614113,0.035189002526547775,0.01877704437902178
74811,-2.655743621980829,-11.843490536911299,3.2667989749294555,1.2656362618358916,468.1362897832135,0.3861612617137178,0.018781222295213642
74812,-2.9074149645070317,-11.446233307561219,1.5939139924399934,2.1496854183632452,396.3394509638908,0.2293545655309117,0.01878325850001977
74813,-3.151704532507705,-12.301948246330472,1.3527466822996963,1.0897983722094526,281.9700409599,1.3130098133337578,0.01878401537486863
74814,-3.982751723424639,-9.518641103154193,3.671243506922323,1.616125293707224,350.09119300429165,0.9855722697703646,0.018784247343737955
74815,-2.955995457750568,-8.013235246641518,4.486357457462855,0.9027788261956563,251.53852010039316,1.1959586901319463,0.01878556632511637
74816,-7.552545037942057,-8.42757687362978,4.1722890625539,1.236324458850192,468.66468916472456,0.46341859598229984,0.01878596036942535
74817,-6.047089017441919,-7.028686351280588,3.372300010841489,0.9017910208163987,190.72540203880678,0.2719578106994822,0.018785962803172386
74818,-6.0657477618672395,-10.585585016980678,2.789307553121167,2.7559420010178104,480.8458232456459,2.204822812562976,0.018786912792924902
74819,-4.2978074632456265,-10.556684170447815,2.692977209967379,2.657478268576449,465.97658395831564,1.0937501878679896,0.018787889845045064
74820,-3.3530014087659072,-10.269350489034364,2.9267466321956146,1.4822934119449993,345.3992385021088,0.9610208110795506,0.018801037507003692
74821,-5.603890877819682,-11.187519400128373,1.980751920924288,1.8339797942166063,455.5281693567303,0.22853941857337645,0.018801835306740188
74822,-8.116120510610946,-6.301418088715023,4.96246242926032,0.7608791172453411,161.07954115816096,0.12904400692750517,0.018804101616061664
74823,-5.032673874245749,-7.565727406124492,4.550329808140826,3.0410431895036387,487.1971023758133,0.5029278098268684,0.018804209822340004
74824,-3.843898208958411,-8.28153894456603,4.836642445566631,1.7644121947067581,342.7505693676721,0.17902389821996945,0.01880452831776224
74825,-8.581817687575256,-7.73438352166307,2.924522986500266,1.8584130997976098,468.0907511154989,0.6609150658167389,0.018809859278774908
74826,-3.1377382257332442,-8.33002188703912,0.6879121623397899,1.812186824282177,433.7612599664296,0.3998420082340566,0.01881139322404761
74827,-6.967479590840364,-5.500819471252822,1.8910994739406415,0.6925484245237888,179.61965254075673,0.3687268562606585,0.01881813961488
74828,-6.502105682759964,-10.176646859710504,3.0801912440543986,1.3428211913874355,165.7079630631728,0.2728169700096874,0.018820670150493577
74829,-7.465569344532394,-10.08208720212111,1.871825653991281,1.624172540360358,355.58824798211526,0.4469854421899262,0.018821566679257537
74830,-2.611514438352346,-12.373259017836936,3.3384321294722628,1.1223503470214806,231.97423543171755,0.011385484025763226,0.018821666925247612
74831,-6.537295246840365,-9.664790064002274,3.574433300736642,1.113121291396648,258.05208234165116,0.09817031821368971,0.01882172558279531
74832,-4.264698339676768,-7.513974636339767,3.0801150715487875,1.1095054074786777,241.95317864600014,0.1800060002269337,0.018822433519170186
74833,-2.7307758876983925,-12.761436361705387,2.519366594241884,1.320131424853475,141.70849305533847,0.35761714652459364,0.01882281180497115
74834,-7.18155208609748,-9.842804645151915,2.867652996818125,1.30942233805619,313.5024117187973,0.5957942925484074,0.018823380071451967
74835,-6.412035392175071,-10.923631895225686,2.450804312456813,1.10866010146337,233.70078855894863,0.02032760644587661,0.018837166253141562
74836,-3.0366742562635585,-8.862271805886127,4.536533915840453,0.9353126492011032,468.5024629620287,0.8839137342234809,0.01883856443199583
74837,-4.841198688253709,-11.169714243998847,1.6345813908775173,0.9212359729660268,468.88685166262985,0.006525208742621302,0.018840848103332974
74838,-5.643215940803456,-11.204629100505239,2.1355133354065856,1.856145248459942,388.41682097114847,1.9985933628810475,0.018841818893852887
74839,-3.6386331953356734,-10.280333013672754,2.919143962662798,2.3457274746259724,441.6179581654254,1.9653949536273752,0.01885576452044229
74840,-4.640073968984756,-11.092060266725944,1.7123137912344335,1.6592243153544701,388.49010497627853,0.09059383958182377,0.01885742599107933
74841,-5.305702173192495,-9.574470751402234,3.687603873708394,1.2711537932863466,137.1560151801502,0.3257249820782393,0.01886104101197108
74842,-6.553617291845456,-7.248336317128718,1.1852136669326265,0.9629371855207466,468.15311511864525,0.15110629570108447,0.01886195559914209
74843,-4.754490313846005,-8.417960109640003,4.8323567037460835,0.6795480319694727,137.27037379714906,0.8007084584146673,0.01886380723032615
74844,-5.592909698326371,-8.521926582442637,4.863450983162453,0.7501220612613425,204.97031828607,0.9829898642940567,0.018863871015772162
74845,-7.4094483215753435,-11.144127326952116,0.5345443454084894,0.9010464125007798,464.28339956841506,0.8919464065273228,0.01886480406663705
74846,-5.58279328843674,-7.770877142454034,1.27965170541781,1.2389726502731035,311.0160452853657,0.3756568359209398,0.0188651858907383
74847,-3.544179776890271,-7.631044810943508,4.305410679860603,1.3235583576491927,317.9005333874331,1.7086296086637427,0.018867499099242915
74848,-5.073840870298957,-7.6933064131459306,4.850965906638916,1.7123212824247556,355.03408470519884,0.22254688167243852,0.018868374887864657
74849,-6.44651846401656,-11.092232404559077,1.6655028283936473,1.8996354957899895,468.47288644762864,0.6177887142317395,0.018869568127528016
74850,-5.748359767558987,-7.209466867886667,2.960921748341118,1.1676875445698134,468.91880314081607,0.9230391429144964,0.018873494229082247
74851,-4.239273273453393,-7.495992200276055,3.3294075402610503,1.0638392983073282,276.002622209976,1.7789091316301393,0.018876219630965342
74852,-7.824300925993809,-7.907140998277746,0.3158186791705025,1.6536665728446556,388.94437709522174,0.48792572914430377,0.018881588466294945
74853,-6.821312343985301,-6.348639974808952,4.468775636662201,2.039243267486462,404.41401588706754,0.5910118609229107,0.01888177472737391
74854,-3.498431482847856,-9.221048324734262,3.974128173362818,1.4388298564051736,326.1041299045305,0.10194005239664428,0.018881848061570648
74855,-5.468767720131583,-12.606433559403506,1.291250815734878,1.775991921654569,467.6493034705206,0.19591807175272802,0.018883156406919843
74856,-4.79146170670222,-12.169247116661252,1.3468983028129742,1.755173911181851,367.40112961702386,1.0245401981283768,0.018883558562718457
74857,-3.711363649016416,-11.03752225040797,1.7842638145611962,0.7589222198899495,210.36849343272306,0.7190361287842864,0.0188842923652131
74858,-6.850234670468334,-10.481997267317793,2.5830773792236275,0.7757361088075441,162.0918593349148,0.07595723991083503,0.018885251828362287
74859,-4.082008893537431,-9.21199094486753,4.0006467600803335,1.5292880037199221,360.1322618781238,0.4495829527224924,0.018885601526908383
74860,-6.456339396687665,-12.265396799062467,0.12039084183254639,0.9631071624460894,209.23448591706355,0.022137116745311936,0.018885911940380848
74861,-2.504193493392739,-12.611468552193465,3.329323852912061,0.8365124191256752,234.56224372713828,1.1769061658075337,0.018886595458589756
74862,-3.8567377536743663,-9.236196985314567,3.9690626421435904,0.5614447715660023,163.54145202920733,0.7777071894077405,0.018887223405810408
74863,-7.035559298867131,-11.142108155227534,1.2506803020857717,1.109702269298263,467.57823932437117,0.21170226793536262,0.018888231341328138
74864,-6.971554877498468,-5.055279323364023,3.0317634645994134,0.9906932239588101,261.2940384221646,1.3332459014623526,0.01888899874094069
74865,-6.151709919832872,-11.242343239852891,2.0324388405915115,1.041154291691709,206.2883770630449,0.49344314377503107,0.018892644552443317
74866,-6.527113761457034,-10.263516370229627,2.988842732485319,1.008851766431405,140.15185900236511,0.2661926399089607,0.018892720813094156
74867,-6.54775181243059,-8.596635569960785,4.801978092555714,0.9112859475366348,184.36370162303913,0.9233312648962544,0.018893108734218608
74868,-6.392241855344871,-6.7316029044209875,3.2068244985910375,1.1003119578455394,249.6911095213284,0.11717500585738971,0.01889512917174951
74869,-7.588197226547482,-9.919970275668222,1.7059086658494662,0.8511600153502076,467.6305038841457,0.23158116523670458,0.018895635082524315
74870,-4.417928051521506,-8.176610960439579,4.921309302959707,0.5965465088758429,185.5784458126834,1.3244018201050602,0.01889645992340175
74871,-3.1629036534318136,-8.55518424733501,4.706968314543333,1.8383721062855243,468.2816963681498,0.8170961742965215,0.018903106748928426
74872,-5.431449512459473,-11.683423417609768,1.4085631180993687,1.2263753626126306,276.9306855273594,0.10103390961835412,0.018905814518961547
74873,-6.653273449351982,-6.937268779213646,1.5032363942786853,1.7160804748472256,404.61829255419246,0.12032568242249475,0.018907271061379693
74874,-6.37862053015613,-11.215333798199717,2.118757610877279,1.0607820843500566,276.0462582437231,1.3411352604571247,0.018907480760116342
74875,-4.4926594921000245,-12.789015397276119,1.2943585259728596,1.2338676408546765,313.5071338587549,0.4134908598792508,0.018907657126215328
74876,-3.001474326580489,-11.121154131928572,2.4004926803647133,2.0443550043557996,409.5272838944679,1.9076908729465876,0.018909643696559477
74877,-2.875625733352969,-8.993117893177256,4.6186177319368085,0.8995116337254356,468.3083182267444,0.8309932004758744,0.018912674625746022
74878,-6.3034160952738985,-6.964919366748587,2.3674560435732728,4.668309780623711,605.5019563046873,0.6640159602515583,0.018916265559786198
74879,-2.676459413184679,-11.119914840614955,3.4723695319146293,0.9541429147536371,191.63548655768255,0.6954747748606112,0.01891654087091625
74880,-4.191589595962899,-7.636552732215085,2.268003923513605,1.0083326696302908,273.32428553699907,1.0331923127385432,0.018917100099950443
74881,-5.547934908789362,-11.154803767665115,2.2226961123921134,1.0509573813239146,467.28438702396664,0.8940268295717981,0.01891841755944557
74882,-4.246662937990391,-11.100847977824294,1.6892712884113503,2.701607424219332,475.94358593643534,2.1704514239913246,0.018919699978773154
74883,-7.025475142518047,-5.570288598001602,1.6075016164497782,1.6009129807689138,369.2198244835342,0.05483870302741689,0.018919707474142507
74884,-6.566765949235011,-10.956155077759565,2.342922715895091,1.8969597490510615,457.83064464746496,0.34459474634552656,0.018923128413261197
74885,-4.856945154007186,-9.848360286612028,3.3714370749667664,1.31688253688766,468.5508008951794,0.5734241468710222,0.018925969609247206
74886,-5.725131917408358,-11.096476782446363,2.3198388068563878,1.623978353911213,375.23230087168787,0.1357000312292982,0.018930923389960077
74887,-6.050072805613743,-10.210523740345502,3.1048536160524107,1.7749267190153284,375.0889537424006,1.4124201880485545,0.01893577165485877
74888,-4.331898620366975,-7.841912870171923,1.6161743188939997,1.1646159080464273,467.32984925024255,0.3488052379140809,0.01893582390056772
74889,-6.524329122074826,-10.2282283770307,3.02051491360048,0.9991281556105044,243.1718987633288,0.5646188944434094,0.018936017584917118
74890,-7.3646961548922665,-10.242980835011979,1.8737000958284658,1.8436704007244429,467.56308355761774,0.7562736583146092,0.018937331064878236
74891,-5.534763679632145,-10.102382221314903,3.1823313363231285,0.7370681268866245,143.7618132136904,0.20010396430924704,0.01893792541816041
74892,-2.8688001725768277,-8.023437520788875,3.79062694001543,0.9064009986186369,188.5416976006981,1.0781596968888385,0.018938263192483366
74893,-3.4851806092271804,-10.705075770371215,2.524192521425935,1.8100463171349224,467.63021864523483,0.3348245836215309,0.018939807572674553
74894,-7.302232977354116,-5.548551445683937,0.3845573126312976,0.7915462246514356,196.8484829440814,0.18537785976712673,0.01894089961257621
74895,-2.689542572329576,-9.302541222730934,4.44662668318902,1.0800842428687387,467.1298147038645,0.7624755678854429,0.018943117785526827
74896,-4.115414473773118,-10.917669140968007,2.334973059979985,1.8820100037329113,391.7337817050926,2.04900627578185,0.018948661605491038
74897,-6.551472367076901,-6.567892786745961,2.7632904157266847,1.915469831936756,468.7906813494544,0.5970167415558976,0.018950858764372143
74898,-7.011504497436498,-8.665028278566938,4.483758337643783,0.5039266483820628,111.58125149801812,0.527011164119064,0.018952490144108925
74899,-5.699281281568995,-8.061676738937415,0.6877891234699961,1.8199836383764192,435.9099689336113,0.841084149368184,0.01895575517030909
74900,-2.5454416754179636,-8.998712714169248,2.2645369573704848,1.3680115315091985,331.19107987812066,1.2340022610407493,0.018958301245073424
74901,-3.4516510768046036,-11.766423246925891,1.4075092261829294,1.4682783539499926,330.6785786618145,0.013917327946131763,0.01895907564992002
74902,-4.001899492517555,-10.134225127203296,3.0482747353019026,0.8409285121133702,469.89310614116044,0.06976772460960756,0.01895915175178335
74903,-8.985324144708004,-5.98429795113198,2.7996004854806835,1.1826224084039152,300.07314705434356,0.7895183606989908,0.01896375588012769
74904,-6.192023831475208,-7.1693603060948545,2.0487507842787336,1.0401970642969256,283.19540453434604,1.2305886095594794,0.01896601551852272
74905,-5.471727174108059,-8.452185206950073,0.3277327733100942,0.747974405370122,469.4932343569888,0.2366627858719168,0.01896675353550937
74906,-5.003054831547605,-7.659612250438935,1.902928432532584,0.5187750908970341,113.55083075693672,0.14286461055526,0.018970542324093634
74907,-7.2509378664101245,-5.595908902220814,0.48479517975326153,0.8984225253238654,218.0755903035312,0.7164312500821781,0.018971401557315495
74908,-2.5713451291291225,-12.820529819795194,3.3837592344362792,1.8507539547323273,469.7059579027354,0.21109874980769483,0.018976305380920894
74909,-2.4647373320565444,-12.346765607808493,2.965991031103684,0.8203918178031141,176.80151725989793,0.09944466704961474,0.018977088496562045
74910,-6.011035113948495,-11.188925009156087,1.9043684294418035,1.3049114935215385,210.02558110169704,0.051563266699244714,0.018979226742502478
74911,-2.981993495854457,-7.820963961644516,2.117599930757362,1.5123983686877716,348.1666629562194,0.9892900636755444,0.018981180795114277
74912,-5.137548391967194,-11.092618837782396,1.843946673967412,1.7791673447076504,377.127640453604,1.5520179060779835,0.018982439657485195
74913,-7.224796530755801,-12.393613900753087,0.7066067916271248,1.2522905627696086,304.9613777604229,0.5952715622253271,0.018982804721750922
74914,-2.535905698989678,-8.916385455295696,1.7408187291425132,1.6028105828988173,374.83433784792385,0.46544197510520746,0.01899049390423534
74915,-8.353120001180457,-5.44905248305523,0.3205739064283188,5.555791730338363,496.8415284470472,0.03501382502599082,0.01899670483057268
74916,-4.676278789618893,-10.624495041158912,2.637430752394701,0.78288017220329,232.93049804677466,0.3221363263336716,0.018998278921242208
74917,-7.890832607083265,-8.509745470958823,3.4121059497345563,0.9461963608469997,468.00645539824654,0.30328120024447003,0.018998819403230727
74918,-4.612241739035228,-9.729854341296516,3.47465911335261,1.1861598804368592,301.4163591372605,0.9028703843950963,0.018998967910985237
74919,-7.637370130311291,-9.449406155415298,2.487479423414002,1.0738370987893746,280.70222218912545,1.4101494202032638,0.01899953304716657
74920,-2.525802807791094,-12.610000241908308,3.4257311893417155,2.0733353054713044,270.3806543160554,0.07810598850719952,0.019002603265891274
74921,-6.97371014309301,-5.758777204288363,4.117053220391203,1.119306798357613,295.43209969487,0.38030835324116463,0.019002951762085413
74922,-5.927233546790624,-7.175631731866127,4.2623500722932395,0.7889294815214943,165.31041807148688,0.05531003496338727,0.019003317133964127
74923,-2.838810366331188,-11.566580097737827,2.2007101686225896,1.3004237265845897,468.6548592134238,0.3271013114714991,0.019004550440112553
74924,-7.2334725822263195,-8.297434127430883,4.734556398623622,1.0123886640663151,467.23774037615357,0.9275924619797538,0.019011171960355993
74925,-7.5236777597356586,-9.958641184629696,1.9306039471993617,0.9715834906118712,231.3971952781246,0.2688670717219823,0.019012015316296562
74926,-8.625395990180477,-5.69043872551077,3.978374094205995,0.9204596664693131,188.70120219705075,0.6762851101611025,0.019012146061817108
74927,-5.764725671145109,-9.100869216753695,4.2489665977219,0.9202720784321743,181.34779441757692,0.11227605496979542,0.019013775499955206
74928,-8.085030948866379,-7.749755102791303,4.1676153323885545,0.9222077879455229,205.57057996194314,0.019413224711875898,0.019014538240324588
74929,-5.424574482054043,-7.312284560998527,3.5514771542042025,1.3068927918714994,321.0094450286088,0.5437099709831399,0.01901671392554376
74930,-7.540969678957579,-9.135969641708083,3.170626394306162,2.873763859931545,490.02357325861294,1.7872929704029001,0.01901816566951304
74931,-8.548489842592637,-7.0362948958710545,3.94135276579015,1.8265316221936851,442.70716831323307,0.2857662543632875,0.019021563666045488
74932,-6.507716346137634,-10.469611511953255,2.806183550934816,1.4362080769859544,468.1252524436949,0.7450321094419516,0.019029218539111877
74933,-8.387524790034846,-6.011459712240363,4.50269757375173,0.6170683022698986,179.99706577016684,1.205375458302556,0.01903222324605389
74934,-2.8405427722002443,-11.555371895605926,2.2352657756981897,0.8102409982682879,165.55723642424783,0.5040138746401865,0.019041452299139998
74935,-7.582639815478651,-6.2099096560928215,0.15030080356813866,1.9879989066155137,403.64717394573654,1.8111087797665029,0.019041707845867402
74936,-4.663948815627168,-10.548920430199438,2.699415177938049,1.2473174494250427,468.02367675622384,0.44182257720893325,0.019045477963105503
74937,-7.426396459626423,-9.638786972891252,2.691082001848022,1.0570290997545717,468.5812520076566,0.9384027744662644,0.019049557496784258
74938,-7.256796177657376,-11.638395767011925,0.9176997484197944,1.2361162357465831,268.8557690108855,0.7243706520435405,0.019050606855581742
74939,-3.3408449122553483,-8.527897994624697,0.4104849449891116,2.6813216673405185,474.07704080786425,2.1502492531120767,0.019055021057802313
74940,-7.413845524639688,-8.824609625143236,3.8206036252738826,1.1593735845056048,235.61682064814084,0.32415415849594176,0.019064318467654426
74941,-2.6174772473693206,-11.511720932791839,3.4573173583388983,0.7994818944642721,158.88652539636078,0.1819157072252704,0.01906549579395466
74942,-3.886153655874688,-12.96020083143275,1.2834396016088736,2.306730447734403,438.39650347983866,2.1616875070471817,0.019072608351128457
74943,-5.54280508125875,-7.687533467502534,1.541465609316232,1.3633787481890296,329.2834253797747,0.25769916081698163,0.01907368965622422
74944,-6.676573199336337,-6.302962381018159,3.3647062586404095,1.0208574306489435,271.989992610608,0.24700854213993306,0.019080903904249935
74945,-9.012032041596097,-6.683613326848051,2.271680994821617,1.449698663986328,330.07843290858887,1.2838031495311606,0.019081697801398307
74946,-8.383663934382739,-7.35451074548611,4.026064464851012,0.680381594346884,468.1633396709884,0.39539018028216955,0.0190821620231543
74947,-2.6040114556145886,-10.510672583746814,3.8512699185766235,1.8959163202100964,467.49104111489373,0.31007072902978106,0.019082659185517336
74948,-7.0162922798337455,-5.639967992892223,1.5605486464424614,1.757762293896885,467.9997252246991,0.36795286011324446,0.01908367411885716
74949,-5.277198105447236,-11.11242962143464,1.7180733378340678,1.2809390354689987,310.91039459739756,0.49886572947340113,0.019092316158385164
74950,-6.878755721472736,-5.709645062739293,2.6958470069045135,8.52844689176253,422.5061163695369,0.18669477080220265,0.019093162207846494
74951,-4.539060386527557,-10.084287613400605,3.1118184444060035,0.7991259239187061,466.93772552374907,0.25089931180629943,0.01909408497561176
74952,-8.880868122408407,-5.090553595330857,0.7555081111367395,1.014250114225818,470.28598690803716,0.023984877153666595,0.019096764129672032
74953,-8.994329271321295,-5.030900777489752,1.6215853446423112,0.8223187489299003,225.1491316688927,1.1216688531253363,0.01909928923482061
74954,-7.900584711760596,-8.117920996150211,4.005315200371762,0.8528551732054085,246.39481695768617,1.48507177853699,0.019100957566155582
74955,-3.137058913296274,-8.022135044588733,4.821674498234303,1.1475086631688836,300.13122812532316,0.6883070653871837,0.019102816760874587
74956,-6.465871016559162,-11.162804060225461,2.1320400174530816,2.2618008588907665,433.32309278976885,1.8720010150063713,0.019103939412185335
74957,-5.457003944111806,-11.13394361447213,1.9235051497588709,2.359195406496461,444.2596681727344,2.230094457197956,0.019104055986842332
74958,-3.5595877845317334,-9.212626781687804,3.9747365221961197,1.695089330439144,400.7798399931281,0.6286625794983616,0.019106568222105897
74959,-6.363554241138204,-11.09888840737495,2.2729087049882524,1.0203255553816957,199.19335197757033,0.022466846444523902,0.019106879347189045
74960,-7.961238595648659,-6.5430663260355875,5.152310402347448,0.870230277117696,194.0394812834166,0.9564700367654568,0.01910905174328714
74961,-3.634238850415441,-9.345507194322932,3.8309755170986644,1.7510416611746138,415.438434331535,0.31179696325003725,0.01910934809460481
74962,-4.0122436862296365,-11.004468509613451,1.8743226805764204,1.1855106237788422,303.88444587182585,0.3414838191820486,0.019111244159784584
74963,-4.892480072731022,-8.017019420841756,1.00485438095195,1.7882969665415134,425.7296953388682,0.5762129414482438,0.019112832727688666
74964,-3.5829663111718792,-10.988020470077242,1.9657752826789736,2.47269444171309,449.7863799054829,1.2535254920096124,0.019115077327309958
74965,-3.1127364045366415,-10.552254752647833,2.7468039604277203,1.690580344285895,467.7679300658753,0.7528908560257923,0.01911738060685681
74966,-3.3049284548937816,-9.138001112614187,0.00806914087915015,0.5108579219940454,129.93375911833266,0.9958837739236417,0.019118655421362284
74967,-6.649245737246317,-12.519980062965164,1.1353781710104274,0.9123540197952335,412.94944223693017,0.006860264369537461,0.019120213196750238
74968,-5.6144408050115375,-9.192981880600502,4.127037158691448,0.8408265277318624,186.34764087938396,0.12997722400507872,0.019120292554217704
74969,-9.041240472887827,-5.3484418817818105,2.1507866850454547,0.7823501733014351,136.05534899955146,0.36213801921012223,0.019134319228731607
74970,-3.9075784343178572,-10.437595376504103,2.7595403869136756,1.779795270585278,422.89249759716466,0.143319494102216,0.01913772737623665
74971,-5.0166793818984985,-10.165409743556012,3.07371320801463,1.4251845082618637,469.87392247301904,0.07511716509044497,0.01914113185356499
74972,-3.4476332067908704,-10.651433683813746,2.555093315244705,1.7868366327066727,182.76891711083456,0.3843328115260958,0.019141188448543234
74973,-6.80133209195376,-7.865444557666508,0.3215195019497604,1.0434732535895446,276.4422220217806,0.850488840516272,0.01914120259249105
74974,-5.950260578436693,-7.832946372660565,0.8902548166205384,4.303990049923723,420.3848284757511,0.03479164560765913,0.019141607283441157
74975,-6.985270369929058,-5.394619662423785,1.8933120621543298,0.8898576292839155,467.6428579121074,0.6282243084936603,0.019144242279490836
74976,-7.099911164372153,-5.000315845400923,1.1909733678734635,4.012778667681206,570.6615441989275,1.092806054741824,0.01914647659624986
74977,-7.344319360884124,-8.257805181273387,4.661874105643888,1.4503010668760643,329.01668714042114,0.44898289274477765,0.0191466218347543
74978,-6.793790410449287,-11.065623808956115,1.4082569639263154,0.9995816477313704,253.07883467566444,0.3844415660314642,0.01914995281226378
74979,-8.98837638382197,-5.744611859409248,1.48259035291682,1.1433247975659857,467.2645759774995,0.3455240818103027,0.019150082954937295
74980,-4.583856286653977,-7.625432923693665,2.2051465800148655,1.5617448383272203,468.1402907604291,0.4827358621640814,0.019151269964339124
74981,-6.611650751164633,-6.439697092222025,3.474526231587216,1.626273404793433,320.3453704551149,0.3485842855744279,0.01915226340251081
74982,-6.804477089385859,-10.896658683904452,1.6078118370749408,0.7920212332249379,215.09335387396303,0.5243205996058435,0.019154196223906097
74983,-2.7914461820624625,-12.937001902822276,1.4057125497275502,0.9199022402856769,234.721193706886,1.1386184136462623,0.01915563348883591
74984,-4.2656225936571595,-8.980912151532134,4.249374117392829,1.774172482576565,420.98060984001165,0.1616557633091098,0.019157298621136545
74985,-8.129769808296004,-9.208228765056708,0.7803850325892396,1.8422626399996445,468.90271545886196,0.6410077609365334,0.019157985102091473
74986,-7.3713704451590285,-7.294347607621403,0.20396776392417723,1.2643977337771537,308.08850069006,0.8069168005972314,0.019159046286965485
74987,-5.0668665547390495,-9.067816569096571,4.211516475768514,0.6125738927314828,192.75796647503853,0.7306545166651564,0.019169788739955708
74988,-7.161547307277646,-9.98712081501138,2.715252179805658,0.9456972794746942,468.3215812374456,0.77144986091285,0.019174691819942094
74989,-2.9437546477097136,-8.800580509885943,0.29791688160891333,1.6220568697430147,468.35618035518763,0.48651884893920805,0.019175703443254574
74990,-4.8802548602290745,-7.51147903423182,2.577885863282588,0.9650020675743926,469.61170483947296,0.09149653730435592,0.019179699051599983
74991,-6.144739551424798,-11.223009978641,2.1208124876038696,0.6949941879416991,147.3843264460711,1.0906880042590972,0.01917979770649615
74992,-3.34903542532898,-7.96297496425585,4.813156510896935,0.9037105662273087,255.34074957129567,1.650103954380997,0.01918001724169608
74993,-7.818707402535035,-8.163256299673293,4.090108808210086,1.8360658973699822,467.7690394813575,0.24343859611662388,0.01918073414291793
74994,-6.141175539177802,-8.035378092863652,0.5414259781633486,2.7305008681406377,473.0446321307349,1.1372870234763708,0.019185489313304747
74995,-5.924119779624772,-7.359392806861453,4.840125131369883,1.2445803563991271,307.4260975508008,0.22628133772480474,0.01918552853588216
74996,-2.677731646024494,-9.495010667240805,4.345102295302799,1.1263318314466366,263.73022194409253,0.5219759491372775,0.019186347858774697
74997,-3.822876042625002,-7.735143139171345,1.9766204052725729,1.2454457817861608,262.31653143183934,0.007081448577708649,0.019190619026401724
74998,-7.811276118430356,-9.474134674273937,1.8919003040583198,1.8659118431698765,469.38702844912314,0.2105000258514007,0.01920197152233819
74999,-2.7508040294532705,-11.81885455792062,2.1562375154085904,1.6425858998081433,362.9142460242622,1.2244273510880346,0.01920308252005769
75000,-4.834846079146841,-7.52977410142081,2.5087836868111815,1.1315763822775817,240.7752470714479,0.9411948691535317,0.019209337442957178
75001,-2.680705324196163,-12.114512415549761,1.7765834385432313,1.414029789274128,322.1271635623764,0.30868409946365016,0.019210283525353606
75002,-4.755165812541669,-7.465848728217238,3.836707447321837,1.578838451337939,353.5786153131815,1.6673702206624013,0.019212959527398415
75003,-3.6470500518151105,-10.879971993153204,2.323714999096907,0.9118158010794121,468.4037501578455,0.5379045057304417,0.019213727998244154
75004,-8.14358982876899,-5.714463686044974,4.8270387835405435,0.7367630806216137,188.61228193530192,0.39878022649375033,0.019214105527606593
75005,-2.626226916703109,-8.948817075336992,0.44811266181444875,3.05639010322453,341.22698561397124,0.044271004412589576,0.019216207729846918
75006,-3.942191220548726,-7.638616905196274,2.3291010874572056,1.0575253902326571,265.3640385380949,1.0362197029607643,0.019217344358363225
75007,-5.840983974368907,-7.286936122177906,4.52254180240801,1.7469776106713817,413.75420603459287,0.11438902945836382,0.01921877226106367
75008,-3.3324598778876666,-7.533790668774761,3.3577448290807483,1.5345765209211086,468.3766465605166,0.5276196021336217,0.019218825078789876
75009,-5.398174175500865,-8.93174519600537,0.030264168536276,1.8132753061630256,257.21213994581916,0.005584387009158753,0.01922069787258742
75010,-4.630929867839733,-7.962612343865488,1.2232455552173709,1.0412429201813573,207.07583042937458,0.8845709598967151,0.01923109257882367
75011,-7.217597696272351,-9.60845672921195,3.080064874665299,1.258761972691558,315.1840358219161,1.224223310629915,0.01923150891678387
75012,-3.3420486268435576,-11.51653222620356,1.4558575163272158,0.8014395207719532,179.00229769714662,0.06009548189020819,0.019231552554509958
75013,-7.2897428270742886,-10.33719072535139,1.9377751588792254,0.7815219423631092,467.7923764600839,0.5063127425356679,0.0192358359507568
75014,-4.326512633625069,-10.993687483593936,2.177606681028776,1.0159997640546308,209.07386479586938,0.04854681077855094,0.01923625119041641
75015,-4.454628830123449,-7.679181119187282,2.0598845115034314,2.378352951437309,263.0521697309261,0.1242359680232985,0.019238598682345627
75016,-7.348899615637793,-10.265870524228017,1.8378187907710923,0.903736555802345,210.8623006537401,0.4103605958051588,0.01923932464860383
75017,-7.242266899591468,-6.70138797049282,0.3496751308065364,0.7342311155243719,468.6764363708237,0.4999417307098266,0.019242776709955025
75018,-5.307440700512687,-10.720527335104448,2.6020665698354297,0.737463166710608,223.0802491480291,1.5316778854926119,0.019243163222114036
75019,-8.499011633043548,-6.055523423091539,4.2838131027163815,1.1031424033275499,255.13641585363945,0.5248118950210356,0.019243687776232248
75020,-3.865921942710557,-10.584043991262137,2.6237590711434176,1.075708231087835,190.44640526478065,0.4548893728338852,0.01924465446711948
75021,-3.598303618944408,-10.522114054725652,2.6781223332433104,1.0935113049278664,288.72468567263644,0.7263980667418517,0.019248941053400758
75022,-5.653047227742446,-12.298677425594937,0.02359362944345825,0.7199367758123069,144.2824086366501,0.8949582513564174,0.019253819899884183
75023,-5.63451399949476,-8.883366807252255,0.034208244187830764,1.019892002021516,246.20287026260579,0.8093199065205434,0.019260765089738
75024,-5.763589967574842,-12.747685040532447,1.257407348614095,1.065306672701228,256.42321455128115,0.6709709350965234,0.01926077234070733
75025,-7.351528954649131,-10.246167709202409,1.9079640661845605,0.6584743308549904,195.96551325717795,0.6882857006098293,0.019263118887715504
75026,-3.621519953522501,-7.662214299281719,4.379164878464538,1.5651949528414526,363.82549587413126,0.27187913005643605,0.019263153020692595
75027,-4.308885024079409,-8.223762764611694,0.7494859338373194,2.387554620968381,446.26881484135504,1.9465896373476852,0.019264970891839452
75028,-2.713583614885181,-12.167307765304914,2.8708983463139663,1.2838086888717422,310.6982653309143,1.183765131948947,0.019266783919056403
75029,-4.6739918339420905,-11.040761240856984,1.8793535827624086,1.7405073759491778,468.363259262105,0.2522289592163238,0.019267947572943065
75030,-2.8781510678788935,-8.583919611156098,0.4846565405175926,2.7403867323146573,474.26869055463334,1.1403924314000555,0.019268065842685377
75031,-4.237832246527264,-7.622796377769655,2.3480969819644804,0.9042903709678586,467.8818786248064,0.4335498441265466,0.01926946444596397
75032,-7.023773623983122,-5.518971203849282,1.694655479825091,1.5569123091723056,351.58527190809787,1.7289335831964943,0.019270032874793567
75033,-6.792144317944883,-8.412026301311514,0.11299043337795558,0.6796157469583773,132.69242751058485,0.1261966303652562,0.01927042369761097
75034,-2.878081616579954,-10.938367358470693,2.882158656642462,0.78464373714441,197.14706158945225,0.5420582059512808,0.019273923977555278
75035,-7.822107773433709,-5.303166444271786,5.015233457075778,1.7933022861943626,468.1681298026395,0.25548743278770214,0.019278162272877
75036,-6.474220116082215,-7.020251823336137,1.8191452088966527,0.7819637406051747,469.2578949181734,0.17890713978070494,0.019278575778411425
75037,-5.21095051714314,-7.759865332775511,1.5638159232939226,1.2813630213769183,285.2063996865143,0.2727914168394099,0.01928172973812648
75038,-6.772636000149799,-8.554091438168584,4.760512157486844,1.1387934536358544,278.17817786959563,0.6821938246232646,0.01928327471507291
75039,-8.802748753611516,-5.978016755946392,3.5204102883742188,2.5012244523519875,458.0050593518479,2.3609789367069025,0.01929262890909303
75040,-7.149587672455857,-5.759451953728434,4.6446360272303595,1.8808520320257454,452.8612720823685,0.2582598687183415,0.019293488108702374
75041,-3.4377229024539524,-7.675519956303088,2.250515423743394,0.9168716185127621,467.3587063417642,0.932812014011513,0.019295657524664618
75042,-6.946699370765274,-5.311703528645578,2.459461608986024,2.5282607579749095,455.0090385967252,1.2223577333407194,0.01929573318078747
75043,-8.967695541037259,-6.252731637822149,1.1220785871528656,0.8382001326031536,165.0339523136184,0.19423027906762158,0.019296838086990294
75044,-6.916981963435465,-5.747632522208597,3.6571298461030097,1.559205429547468,349.6605000412832,1.135975113834502,0.01929950558755007
75045,-6.357888753457362,-8.453674046798895,0.1444912678989694,0.8966422863992218,168.3224096159372,0.12813617948971423,0.019305805859597323
75046,-6.3806057771056075,-7.659067986656783,0.8177494221567029,1.0646038515751244,275.4295988687429,1.5932205983067256,0.01931165400798841
75047,-2.900975507489748,-11.241850669975461,1.7678443496822416,0.4985566318956019,131.25154157466412,0.6522945249027368,0.01931170842590524
75048,-4.64471752444504,-10.392146809252855,2.838218900063336,0.9534214295279575,467.6409676625274,0.6780458596499788,0.019311732279264443
75049,-6.154338511144597,-7.323657731826732,1.7764905549908359,1.262405223863088,274.0032607791025,0.0396767416636985,0.01931220570152602
75050,-8.568083376400784,-8.173513643375683,1.8015025956681514,0.9373530875759332,470.0129051004211,0.08376587295187399,0.019315049794557115
75051,-3.9127187590446724,-8.583506663028288,4.621066698762484,1.6597821022634611,390.8034872964048,0.4683755898106563,0.019317183589211254
75052,-7.979312294439588,-9.06931340473038,2.1385121335087924,0.8195041065953387,469.73697053787697,0.11229732988807761,0.019317805896618225
75053,-6.797607520570325,-6.76686452399289,1.3886269852910444,1.7623352327491622,371.2202092958349,1.2399792569951034,0.01931910046535069
75054,-2.4168446045003513,-11.04587631068712,2.4814190545450368,1.8368705071466611,468.1794081557865,0.07683786645391866,0.019319916213228632
75055,-4.426938393323775,-8.9106111346167,4.323571372347133,0.5619065752673037,131.0998451560748,0.6125530984643524,0.019319979358779417
75056,-7.006277905747932,-11.071202565229186,1.2900627348427967,0.7464287788579026,180.63240734795008,1.0582149923839133,0.01932110058798771
75057,-2.6460175736478515,-9.443001189040022,4.297010477578682,0.9546941168018964,263.8331468457612,1.6487613600460476,0.019322348372011335
75058,-5.753778485541926,-7.282895496801585,4.350603965683011,0.5013086129330565,121.3659656569368,0.8898921835977349,0.019322774110948984
75059,-5.499388575430862,-7.651418426323537,1.665063729226174,1.5511223072591587,235.11896295321267,0.00925150887615267,0.019328812488125586
75060,-4.3172500089529695,-7.578174392996866,2.5335614843383665,1.8186574657479846,435.0569216692106,0.02527527085720127,0.019329696791377787
75061,-6.893979498479936,-5.957394025795396,2.0010338552905362,1.412427265104256,467.89143548282146,0.06330060922622849,0.019329998244122855
75062,-4.882421958942015,-7.540859573212508,2.419923266772735,1.5166407929318353,357.6112956663662,0.5279964235234855,0.0193325936289419
75063,-5.937169993999371,-7.1298784931995565,3.0580462019445362,1.0294882422772391,280.6517933373495,1.6022603028022537,0.019335189216918045
75064,-7.035654913121252,-5.798244937732277,1.2799660177978311,0.9408125745904702,251.96836534580262,0.6223290657569249,0.019336933492762012
75065,-3.0863604044613506,-11.052609941604267,1.7595124957294364,0.5312831656098357,120.51141544420898,0.23975047877758993,0.019342858406881006
75066,-4.2599052733200065,-10.99459313449196,2.021391448887572,2.1978518099129096,368.90072827429714,0.20641713226672032,0.019347723797226053
75067,-5.098025751679672,-7.514253213095833,4.429246054153735,0.9081367010738702,467.23384461914304,0.5116065979822313,0.019348147469560463
75068,-4.861887630065231,-10.56004489107595,2.701163770258759,1.2779428458335573,278.0757011205841,0.4470076776091725,0.019351657627257705
75069,-3.9651646633555195,-7.837617724972512,4.7422679547672635,1.7831014015865259,467.13779041081494,0.0877115558850825,0.01935508196950063
75070,-6.188839129686435,-8.683075179260275,4.737462079790471,2.032643536441267,409.4787400464937,2.2119951317626487,0.019356239255325824
75071,-2.7795967114193862,-11.585180087638614,2.0869163517330875,2.131035067201251,405.422464779192,0.61838990647,0.0193575493892361
75072,-3.791610238641007,-7.8648896246656,1.6342727223775564,1.7747220588220698,467.40099579284265,0.1706087511756751,0.019363180843047844
75073,-5.797822326751044,-8.854577206779826,0.03487964860073821,2.0303971339976497,295.4069135380362,0.02021435943954142,0.019369950055061123
75074,-2.9990141992425983,-10.44979694892059,2.991503726310777,2.1379068913860233,413.0731755096154,1.0654031083592796,0.019372146919232613
75075,-8.753681891498767,-6.454164276980789,0.6246143468441798,1.7103580788838009,402.5565345817902,0.5138341742379628,0.0193767208863965
75076,-2.7003961719554246,-11.606968464744588,3.1882559641539574,1.3722915225335575,320.3787381631682,0.9286758528835293,0.01937771906752893
75077,-7.161496097676557,-5.749539363708544,4.6757547597024915,1.2468637782094751,230.74578654694199,0.04062200517428227,0.019381480080301845
75078,-5.772843095533361,-7.515916947607094,1.8167832789897496,0.7386692611965109,137.75721540651247,0.2137754440077977,0.01938580408591961
75079,-4.045829242716859,-10.951263425678777,2.1870088329539903,1.4480124379171695,337.97628350198994,0.7559480907904659,0.019391742153295553
75080,-6.7820682749903,-6.4818768474345845,4.556162413388585,1.8948556866005457,468.1875772683211,0.5569870999027762,0.019394029683215522
75081,-4.168329872116775,-10.646247626959775,2.5755062930395156,2.6595552343757762,469.3267555360468,1.4065982672044948,0.019395263719303123
75082,-4.5339942236033925,-7.531198834195814,4.067900223453667,1.1109269874792413,467.4232190942093,0.76394597075116,0.019405429045783424
75083,-3.850120169329676,-8.315415027441542,4.806073482692145,3.899277377253357,398.7186298120253,0.021745890595815887,0.019405994031888987
75084,-6.544135244834477,-11.352456674421914,1.3730834967228482,1.3647453096533455,469.0899688915443,0.598718052565796,0.019406453463586996
75085,-7.21925971547754,-10.453792336407854,1.8345861827802745,1.598398203722304,375.85264836130284,0.44118100269566884,0.019407890604524105
75086,-7.290271906240196,-8.467351690005152,0.1920153927965223,1.3817076264092067,301.57505587672694,0.04988878528812535,0.019408445998578217
75087,-6.278097790777219,-8.948908520908494,4.422915332789891,1.1152578062699716,293.6305274722517,1.6353021199822662,0.01940925041594198
75088,-7.719849687159084,-7.273558737185421,5.1774797800696915,0.9526696509690729,249.0602577804073,0.9618435208309597,0.019410059822308798
75089,-6.377436157351092,-6.888872390411868,4.343119928064521,1.436661914402765,311.2899382678651,0.2977400694259895,0.019411128386449934
75090,-4.120269054979494,-10.125185401359486,3.043524559289281,2.5742622529423276,463.7801589393236,1.973550010187581,0.019411511684004387
75091,-9.038108650287963,-5.438405831803572,2.125855840368134,2.723654111835573,477.52593832674853,2.0515182287319904,0.019411553144948
75092,-5.687705609168615,-11.154523058639354,2.116792539553389,0.6213311947660551,176.21257287095926,0.5423382710852396,0.01941294951442735
75093,-4.691088867940907,-9.103763339568632,4.134635629572194,1.4649217720869454,323.85947164402273,0.5905938385910474,0.01941501344736191
75094,-9.015670555976662,-5.245259297840645,2.49817486917327,0.619235000067754,165.309153677413,0.7240670371489566,0.019415826170577046
75095,-8.256695829871166,-7.020015350551322,4.552915689509752,1.783187868535054,468.46465533457064,0.8139278310112319,0.01941759427164911
75096,-5.925439883115258,-7.1780506025254835,2.6947748457912213,1.3239029805700016,322.0478191356501,1.3580468270438564,0.019425296228623913
75097,-7.19499730185272,-5.7836860610921015,0.6015040008327329,1.4240337557775766,467.464024012738,0.5715632048034838,0.019429454411347642
75098,-6.872606994482702,-5.842312555811858,3.496481711693945,0.8694623061659781,209.59691381379506,0.7864157520830455,0.019430451948740605
75099,-6.276481736233044,-12.282042277742896,1.2448374127601771,1.193926572692915,296.82106634937406,0.7157604758951219,0.01943244762602065
75100,-8.990076837084874,-5.701081008779414,2.708999402080294,2.410833921120553,366.77088139174884,0.06944748716329663,0.01943374310372193
75101,-3.71207061152535,-9.86477066144111,3.2886549883091662,0.7855209841405336,155.8463698719334,0.06550687036062275,0.019435683865734223
75102,-2.5896522933751998,-10.869858379976383,3.749715740890113,1.089101703074129,287.8880360496118,1.1130420361140585,0.019436642989970273
75103,-7.146974443968814,-6.502539920713501,0.5486176887529485,12.59542092498757,355.2810647856387,0.2610570832990433,0.01943676465091596
75104,-4.098567984184559,-7.745881554489786,1.9225813701261525,1.2031102542589536,467.14267508280585,0.1932221684720199,0.01943877146900794
75105,-8.981329180424183,-5.903185586558134,2.7847426319493844,0.9326355827690893,252.8371997313723,1.6201328934375754,0.019439493280734212
75106,-3.2723901966873843,-7.602853608047087,4.048635656989117,0.9844600695923116,359.59215117356933,0.09816233086171877,0.019440279626387842
75107,-4.277346847645963,-9.147069098159237,4.056351064831243,1.84231922300553,467.3734457309962,0.3991149869502273,0.0194418256036206
75108,-6.152478479064186,-11.111722748365834,1.6740556285699526,1.3006765770775854,468.43216734567574,0.9035477218693719,0.01944317458623173
75109,-3.3804266252927047,-10.941894702281749,2.15026445411915,0.8683419851289503,240.02250746998573,0.5148520108349981,0.019447938564913676
75110,-5.031857237527097,-8.278972324289285,4.937300396485232,0.7353659992841306,459.12913720741835,0.27131356917495797,0.01944992379831388
75111,-3.154697065892763,-7.650113498682689,2.507026377588002,1.735208569248879,409.1200009738083,0.1507417702233571,0.01945004592063717
75112,-8.956230945335198,-6.731452287851867,2.728449702268338,1.6378079501356557,382.4704352057455,0.5466738896012542,0.019450134603610166
75113,-4.306629108853742,-10.116443786235433,3.0665411833921303,0.8303726212321995,139.53979518619454,0.24216770918198804,0.01945328142787506
75114,-7.269970822426519,-5.246421801671705,4.624803701493877,1.7399406615277688,411.7224487678603,0.4093770599021873,0.019453733589738467
75115,-6.804609702460116,-10.87884097739528,1.6771764972412775,1.1621408684402792,296.43531148403235,1.0426042271735563,0.019453987808430096
75116,-4.111534773109775,-12.150348631457842,1.347742323621942,1.087119526349213,282.4186971532292,0.6897512259306433,0.019458322493327653
75117,-2.899324434375453,-7.9351183162618435,1.9834791158735678,1.8104787428849407,376.0762413921922,1.0072842451400268,0.01946068833277342
75118,-4.096570167939463,-8.644135101489763,4.571177169043245,1.5867410224757101,192.6564532890452,0.45816887630239034,0.019461224538097958
75119,-4.459927221285702,-7.86770409778247,1.5501862063088494,1.140427824724449,294.7193021049187,1.0334550055589586,0.01946435617473063
75120,-5.815158813743469,-8.766705324116053,4.619685899067631,1.3507569539807829,300.23628988666974,0.19602356766128626,0.019466673176114904
75121,-2.474302720139785,-12.533774820189684,3.1182948343538333,1.4496748660453336,291.63026875482467,0.2843377152014046,0.01946669768769659
75122,-7.205491314684677,-8.326076596383896,4.715976812615006,0.7945798887841222,169.62695007700214,0.10844306656097746,0.019467723998629612
75123,-5.2724038856781625,-11.19544399863035,1.5820333775304172,0.799730181086312,157.74751251696324,0.0033301070103837205,0.019470341229719135
75124,-3.462089682065158,-8.990061217665403,4.207392121949982,4.381076431660276,453.8488189122989,0.011639950840967472,0.019471738547910837
75125,-8.094977435986985,-9.20851120908116,1.310669851959176,2.755277169262767,277.3211652449598,0.13386617396183276,0.01947184199035015
75126,-6.435049866910055,-11.905129120137154,1.2676973389538697,1.4459789190016195,468.8508177219611,0.32831768025865227,0.01947444209740524
75127,-5.443336520407225,-12.189181502163986,1.3214343351872262,1.3480941414209455,337.62102222886625,0.08948737892449099,0.019474961668599942
75128,-5.562249355696746,-11.1009279548315,1.789057882837379,0.9715436114513228,262.5509567983802,0.5647310544733637,0.019476081398732845
75129,-5.390570508845512,-9.830819082935966,3.414459774860236,2.9031895358139357,492.21226400080235,1.7260371805647212,0.019476447898733085
75130,-8.729718465531013,-6.375236147838057,3.7291152543308366,1.4720624525537416,467.8247406518382,0.2933802583913243,0.01947660167406933
75131,-6.777573828084747,-6.170929808354974,2.4158124534840777,0.9426853766293958,242.54789904422518,0.9271222558932566,0.019479383068975835
75132,-4.043493235185953,-9.73732162321431,3.421472292363925,1.7056720865961281,163.56647128737544,0.4096281918175082,0.019481614444405836
75133,-6.666969749335449,-7.010783257108777,5.152698957451758,1.8838663182144995,452.9626975242137,0.5760104153810381,0.019482254525877915
75134,-3.332763876400745,-9.005207187920682,4.186795561668812,0.8510325572327483,194.14360546897018,0.019451441105981182,0.0194824999265879
75135,-5.540021198015555,-8.506077491089282,4.847488205708317,0.9456306646357147,249.67136563920414,0.84887988458226,0.01948286615286967
75136,-8.51299889808732,-7.64774365024278,3.282195561437355,4.372532826162072,250.10508086389876,0.40129133842679376,0.0194865453570767
75137,-4.565520185225572,-7.899817705339897,1.4326227213179386,0.9544155927832426,159.21316522653638,0.18379465867386013,0.01949124627902778
75138,-6.269510482976166,-11.185550377465791,2.140848025561597,1.5573280745002702,467.6635120923908,0.08948558049620825,0.01949473372906592
75139,-4.538122489999369,-12.83885001224767,1.282692789153436,1.2904582245287821,286.4900844784407,0.0003721393810875995,0.01949563125851944
75140,-6.930711012619283,-7.740967068648448,0.32119416054349287,2.206224813292171,290.7065278184678,0.05076070707909164,0.019499269034727162
75141,-8.410759554858815,-5.537767359633691,4.378145945229457,1.4948606844526324,337.7911532852256,0.4604483247685822,0.01949930494670621
75142,-8.712093206485473,-7.877928637841156,1.6692645261790742,0.9780735973666379,256.5421359049329,0.5991375173172138,0.01950018200035042
75143,-8.167198067827583,-5.599655133986502,4.7656811310650005,1.615875207811918,375.4314484583127,0.4439870041796805,0.01950201683661851
75144,-6.925543784978231,-5.423432825147865,2.7924279361710505,1.186174227294215,257.96205055203257,0.7480397896547286,0.01950441305043837
75145,-7.126714137094975,-6.216999086214464,5.0003333605667475,0.7968098659329493,210.46287967920304,1.0550284092100215,0.019505488242348167
75146,-3.818709935567907,-12.576243698242635,1.305000639460921,1.1019983163646079,283.75645908007687,1.2450021209889792,0.01950785224150077
75147,-6.424380325217829,-11.159171297825312,2.045315924162695,2.7891935267108785,483.02208999225354,1.9207541636014378,0.019507965764114173
75148,-6.175042860327307,-10.568251611310917,2.7663442793257844,1.1102301970616688,467.93912592998976,0.8151069944146503,0.019508601499621744
75149,-3.171146010849771,-10.671668572111601,2.5780113343137665,1.151988510749377,296.2038668621707,1.3443352395586645,0.01951008620886765
75150,-4.093965025160936,-7.702432366985363,4.5212385318309325,0.6990637939855506,468.3048184683354,0.3706620702531396,0.019511725369383035
75151,-6.0397502533411425,-10.476955970860907,2.8505246060571356,1.034535042981299,467.6969150375613,0.5672261440823174,0.019516076909721337
75152,-5.19186730384566,-10.492439667393107,2.7805151765504386,1.9019520182940317,468.28093888317983,0.404225267140629,0.019517844811780545
75153,-8.531401863973661,-7.830322017356413,2.880468918959594,0.8726862396329969,466.4802588790099,0.02273372426901865,0.019519457483834584
75154,-7.224691323325642,-12.478855531737107,0.5195382352983061,7.082055793357442,519.1422005634367,0.0005469541251903465,0.01952113197189561
75155,-5.389337854901855,-10.134370435215915,3.119652982340384,1.0906307888997588,413.16927500285635,0.7328345860179901,0.01952141827701684
75156,-5.6551081569227115,-7.501305665246063,4.844998830677546,2.4234420097708744,451.0309197218039,2.5690997232509876,0.019526309279138752
75157,-3.344790552218387,-10.788933060177477,2.4003938454706315,1.308271899757433,285.6111216880407,0.7156499526099784,0.01953153694937558
75158,-2.7776748094535524,-11.267770133592,2.9723058327344267,2.5593788113915683,464.0082389927848,2.6749217824773712,0.019531706748905333
75159,-6.372146805235275,-10.250139729491636,3.0188638024193666,0.6552205285854519,132.2714315065711,0.7001971958326463,0.01953230754516381
75160,-6.329567520191023,-6.950058678888594,4.402663636023431,1.4541392808297877,332.08402721649657,0.14080552428269133,0.019536094039664165
75161,-6.869096277885896,-10.85684798823376,2.074215099533464,3.0883113246017833,492.95346456872755,0.5566590483082914,0.019537363955474105
75162,-6.84125344457417,-12.914062215053297,1.028434155264314,0.955986923977088,247.06632623169006,1.00339386305527,0.0195388876892005
75163,-3.9179688944149236,-7.53471979797046,3.7235865379270106,0.94387880535586,144.7099143592521,0.3914176956743498,0.019539821225049457
75164,-4.496686217784428,-9.140821397137415,4.079891051814284,0.8956137126602082,221.63476076331298,1.2337278551602449,0.01954214050537209
75165,-5.177927757251694,-8.163527559523168,0.7153582050780414,1.7894725920801913,432.6360356968471,0.48430080657244456,0.019542547462032222
75166,-3.9283275770680914,-11.853499915949492,1.3861980172727446,1.1093798377796242,273.00296148043765,1.5971561073788125,0.019545639501499575
75167,-4.857285304155469,-7.448292328106209,3.7416334532768056,5.0238510896401465,626.0448338058926,0.7621249751043475,0.019547352868910312
75168,-3.825375710933553,-8.953458451183655,4.247002693343437,21.762950086914316,653.9891576125323,0.0009716701605642086,0.019550113888238428
75169,-5.576448955451846,-8.815966126609293,0.08152493781277936,1.2194277513792748,468.2249367589963,0.3109978958082653,0.019557542466593057
75170,-6.716004856346128,-6.277261928928729,2.6962290528753807,1.2472265548078647,275.6061358977486,0.43673575216764515,0.01955822706521754
75171,-2.483624798450549,-12.943444745026053,3.1349512251864993,1.31519415397456,322.31465017683337,1.1030353822049692,0.019562719048796293
75172,-5.209397436834481,-7.385741693777236,3.057306522182751,0.935976111570686,193.85973716946827,0.44566764689956617,0.019565369521118953
75173,-6.050860065099979,-8.651139019344072,0.11148496899675804,0.46780740405199694,139.33298979307648,0.5459437382984342,0.019567061729522727
75174,-6.657710430071829,-11.114478648535663,1.435444121428364,0.5392532731244724,148.42389341006617,1.1607581235988897,0.019567179010826212
75175,-6.857671803395943,-6.890216229539823,0.9658577375506758,1.5412640716603854,363.4484764925424,0.3519386626059431,0.01957052777269352
75176,-7.00257920253339,-5.933648021965945,4.403196055698267,1.49388622526478,468.8194811260032,0.01851312212457845,0.019570806171681228
75177,-3.393783892215861,-10.046361113586757,3.1049075395351973,1.430811340868572,200.01108716772555,0.4594194095515203,0.01957108990532481
75178,-5.616636680293442,-11.06982861082864,2.28478986520854,0.8091257474961082,162.22114152457382,0.23391445783055342,0.019571297451488768
75179,-2.8668160001102088,-11.396114505767919,2.217369716450572,1.5271494046352458,357.63898609827794,0.3305025424514776,0.01957292559069632
75180,-4.52364655645623,-8.88396165261172,4.350790573047448,1.2633062927090655,290.97042888264747,0.44361039541441727,0.019576871447989082
75181,-2.425352777548153,-9.792967896150826,1.726806399114848,1.1925917158866397,469.4677999959079,0.07841729485553284,0.01957886541400504
75182,-6.943785037086242,-10.790381210693324,1.8955160401495699,0.9402494405356542,244.6288265234038,1.1652270042391493,0.019579081223126456
75183,-7.048699855584163,-8.953678828401369,4.071748304037234,1.7747459935294891,468.26190107205866,0.2971728068749888,0.01958199018113913
75184,-5.915683252507587,-9.863379625320853,3.414551159481137,0.6318407517092142,139.94329464588202,0.1425201582935589,0.01958369429526299
75185,-5.9071456233841655,-9.298888332610318,4.016265093710342,1.3245527689840833,470.065869326351,0.16634151558536292,0.019585543683506842
75186,-3.760190984904038,-8.05717765232918,1.0623663411394566,1.8620260631401584,468.22343050033663,0.38944925342708814,0.01959027368431306
75187,-2.5922171161664807,-8.812094350594261,2.7613410538775702,1.5505136641382085,197.85963556189134,0.17105415607542174,0.01959154919243807
75188,-3.5108332777123383,-7.803412630593782,4.6525901481504075,1.1289048634996832,291.5366495575537,0.794470343989162,0.019593428514060734
75189,-7.115060618248556,-9.86939228719171,2.900779894468914,1.0771333423451006,277.6393533463542,0.6304044739511445,0.019594203283938124
75190,-8.858293722660111,-5.999488606884518,3.32728380930679,1.53760925580096,468.4662911310893,0.33299746713300227,0.019595091814471163
75191,-7.420716854449827,-9.160215132347032,3.3364455575263094,1.049886983085925,283.12340897797657,1.035397799672884,0.019595222253314098
75192,-6.979780655670363,-9.649900528631925,3.2993034551524345,1.6905926983848982,365.00816188627505,1.4744660940348426,0.019596913283813855
75193,-2.825964454281591,-10.12035406380017,3.6474015001516125,1.696383669228639,361.8628905508855,0.8783941587255422,0.01960215784873899
75194,-5.964585058467212,-12.186096212550476,1.2892201900359568,1.0868142027262955,467.52802262860865,0.9335319311560761,0.019602714060208786
75195,-7.2742894789906325,-5.851326998517049,4.944498499997573,0.8392135344510364,467.59951065303807,0.06413533682249017,0.019605117544906746
75196,-3.3713303375158263,-11.662352394484545,1.4186766110657283,1.1136775569612731,289.5019586023733,1.2502535794047303,0.019607849832720212
75197,-4.136613842136519,-8.22746756750249,0.7639791956791746,0.6044562690138068,125.37005871965115,0.0006321151752963772,0.01960849761156794
75198,-5.292013488392598,-11.093321832976628,1.700570116280011,1.7818135473762837,467.7688683348133,0.34050833757236365,0.01961253916905769
75199,-6.149222926359964,-6.97633285213368,3.158829248928459,1.6718635077924902,467.87138363735966,0.06578192530758109,0.019615983733576713
75200,-5.432766758595892,-8.125729029328085,5.087786826616621,1.28650932342522,274.3729925587626,0.1498957388700095,0.019617703315813938
75201,-6.1946270702123005,-12.073007026436496,1.2793776058611193,1.8595313222281769,467.3791322275203,0.12898812311998054,0.01961817217144941
75202,-6.561429543212634,-10.637549517132957,2.606108314639564,0.9176573994912917,239.05433726170602,1.247204989441209,0.019618792739442396
75203,-7.750081220148855,-8.449825505508365,3.7794052996363905,1.0582820584378039,140.44630359429388,0.2733735629862091,0.01962620896354825
75204,-3.7964976941932784,-9.850989808994022,3.2942044052198267,1.8588597223385392,445.28508756456836,0.48643294151185756,0.019626783348655977
75205,-4.66114778278007,-9.03568593792006,4.19754218720758,3.9778167448135124,489.73669385658513,0.13740279542121492,0.01962711033316392
75206,-5.293345222749597,-8.46259662490905,4.846995003523572,1.091100577350256,467.98037333380694,0.8209766467585604,0.01962914816433793
75207,-2.8888445410463612,-8.964397688750825,4.61227074289365,0.8707873768182923,275.4500787064395,0.9004762651877352,0.019630779986593065
75208,-4.4222871377004624,-10.870514427120309,2.344944672954295,1.356389444422369,431.36144969117095,0.16936429117612573,0.0196336317699277
75209,-3.8013658240068526,-9.778432040227552,3.373437811445539,1.5346604140421578,468.5545716808436,0.5402282076741729,0.019639495820166986
75210,-2.8733141918118577,-9.092195452356759,4.518794828760202,1.337953797444053,322.0808034047519,0.40765694140501996,0.019643213710000183
75211,-7.502097284362382,-10.659349198930741,0.9978978351083133,1.0068007911104533,275.63365918763367,0.5251600799100391,0.019643971504984
75212,-7.872317424325319,-5.770831981933235,5.090632931300274,1.8778812104213578,389.261965409657,1.54817182493771,0.01964642370920135
75213,-7.603116736431941,-5.184151571525814,4.989573466299113,0.5354548750475764,143.0413452535962,1.0100116049151664,0.019647621826465882
75214,-5.275883973771064,-8.28884556583215,0.5488718460757763,2.422771240021067,449.5774168474722,2.0424717180986116,0.019650094432116457
75215,-3.5699782500113306,-8.054029669454334,1.075916783789679,1.0463729184479462,263.38155742003596,1.1470615096462673,0.019652595459452093
75216,-3.367445060461561,-8.983721923476065,4.200150247106014,5.382297398038007,641.3698370860055,0.5522508304206974,0.019656265699415778
75217,-7.004778141000195,-5.9199681198738165,1.46302550197829,0.8583508462467052,175.42291908728964,0.7597124762622309,0.019657240437431174
75218,-8.110727143130328,-8.37336499744852,3.08980834799838,0.8438867313282894,171.63730414198926,0.33222295273436675,0.019658022006869016
75219,-3.0126940771132595,-10.689632938054995,2.7500485005427846,1.7620149214985403,468.65036189281295,0.5315675359299457,0.01966060460352263
75220,-6.981971066957895,-5.815686318350637,4.169830182366811,0.8743195048978992,220.2308975364851,1.0354150985796702,0.01966513490850985
75221,-6.856036097685699,-10.862903483776286,1.8555040375988476,0.8777057401525187,179.6175045243,0.7754945424961859,0.019668097316223362
75222,-3.014359602144295,-8.962212862742527,4.442215835084635,0.9269200536630724,467.62130037231157,0.48021250160552853,0.019669313578240873
75223,-6.202328157978394,-6.98175083588629,4.074299272014271,1.1107437279183934,288.29252432690475,1.3215603118902814,0.019670433415613475
75224,-3.0393892243082057,-9.432252042035616,3.918348701154577,0.6551028333792547,468.3368132228157,0.4375433671485158,0.019671673408346406
75225,-7.132319405073934,-5.421287174817141,0.8454307752012252,1.2076680292044515,304.1884371090182,1.356743008852793,0.01967186605784244
75226,-4.006883300902522,-8.022818783038684,1.190138012186876,1.0335602859457689,272.8868356272495,1.7606438179070452,0.019671872264027362
75227,-2.579004417646072,-9.576436741191078,3.875317540610921,1.3778530202473362,326.43143221783174,1.5737553060270164,0.019674841012069625
75228,-5.497929629232456,-11.08334775659863,1.8055196568509173,1.7348336095139685,410.2204987545396,0.6193285526766505,0.01967557368570496
75229,-2.628333024098506,-9.609677976071383,0.18457569407145227,0.6902514184057044,147.9084220483025,0.02548717707681991,0.019676931143764138
75230,-8.338061044278042,-6.319561750592836,4.593611756551392,1.7684330927993426,468.7126951594315,0.5329451905988796,0.01968276356857984
75231,-2.777185025610774,-11.655613269607112,2.718543473613457,1.3615847307120024,323.543996093696,0.21310514811400516,0.019690262121076184
75232,-3.4903096572026087,-10.363942469697708,2.8016821917605474,2.0046198657004086,391.2560031132079,0.7123449255555991,0.01969472461672132
75233,-4.837543783664927,-7.453019574736773,3.249642500939996,1.4551520154166528,467.9906498532825,0.6161257614307853,0.019697455316231384
75234,-2.6615459694279853,-11.314892190577266,3.383218925682291,0.6546521310389478,142.3360222067948,0.2798753470010089,0.019701245546368724
75235,-4.2747051502767945,-7.938203975571228,1.3949657538576234,1.1580579744279074,295.5188319906991,1.1138032271576987,0.01970213135908555
75236,-4.879045303542783,-7.762439538354541,4.827849310228584,1.1655996716935264,132.7080491247373,0.3659186887734762,0.01970583510408342
75237,-6.775693804716942,-6.397552490613792,1.9627482698073393,1.172352355337324,264.1815881942195,0.08477060272706982,0.0197118704196213
75238,-5.531707488146337,-8.728674304155813,4.619533035958048,1.105696839120749,286.52749866911944,1.540243652256712,0.01971503369378602
75239,-5.935431587255943,-7.837281063788969,0.9172627084934011,1.7803997300552332,422.15599133996426,0.033333498014705754,0.01971514938298602
75240,-2.892561066574901,-11.360313623003295,2.239298239368377,1.1058657151224625,466.92913103322326,0.5975844496524028,0.019720211947101215
75241,-6.731249697690107,-6.505264344188649,4.419374886932006,1.7500244321887164,368.1014419855116,1.1289434813015378,0.01972156800612096
75242,-3.6011840943077065,-8.18495169418266,4.827960604166993,1.7319873319302375,409.92805915204235,0.02865402095441638,0.01972164548738328
75243,-5.863262466934139,-7.194289080152403,4.085325221920241,1.3016429129781166,322.22078992567145,0.3526881250053524,0.01972171338164727
75244,-4.484875414861494,-8.190509545380223,0.8036309942642905,1.2287895077975455,308.53763574197404,1.2635987127827697,0.01972207917770187
75245,-4.833128824435887,-7.451713348006881,3.679203830340973,1.6089144609968669,416.1281682095939,0.20199571876136346,0.019725939621606164
75246,-6.50619785709347,-6.921147609393645,1.9243051827747633,1.8275643088007614,469.40198030934823,0.1852021172634979,0.01973921958362338
75247,-6.408228033590867,-11.102291476875722,2.1956030569464193,1.2087272107429798,467.7790192635036,0.18618514772119266,0.019740899482760844
75248,-2.621777323298584,-8.59555279919908,2.483489505075741,0.6858954021781989,468.1251157166324,0.3948467570416616,0.019745017736804978
75249,-6.328898656929814,-7.67514363462219,0.8567544781339635,1.0970862101642707,269.6831208438492,0.9248091638678817,0.01974683503911278
75250,-6.724731897866093,-9.052700564143944,4.1701282881137525,0.8734270251443494,241.8158333633945,1.4374654403391887,0.019746907058083112
75251,-4.824135475006161,-12.677995689564757,1.2872415552870193,1.4823709501236175,278.47301800394183,0.0782851703738725,0.01974876399376018
75252,-4.36184080520634,-9.242303753147494,3.9462206229550754,2.5097423356383155,457.7892792071365,1.9874147883570394,0.019753692255435395
75253,-2.9356322103049504,-7.88569641036908,3.788754651435735,1.513387023408005,351.13034590929664,1.0652649950550872,0.019756961052792902
75254,-4.5451610330890135,-9.279417546088556,3.9244603737360606,1.1206245441731029,254.5725893898338,0.6644792350471613,0.01976175643631613
75255,-5.126122236278638,-11.852992238996316,1.3721137689199507,1.060514250842888,285.51407946069196,1.1574896417141405,0.01976231741324348
75256,-2.9788529936224952,-11.644128568054418,1.4661067672013124,0.9929785582303289,275.08116001661966,1.5986821708846906,0.019766078282470102
75257,-4.620272146621875,-9.557876749676876,3.621982562976466,1.463838564729858,331.8494347415917,0.8404610327247326,0.019770947444153267
75258,-4.691626369052385,-7.867492792562437,4.875556478425651,1.076274247733023,279.24887457993776,1.591462303060454,0.0197727166136668
75259,-3.4118342332147966,-10.209453738522567,2.94164660762922,1.8420604340745368,438.51714957926225,0.6224748473326605,0.01977435677096345
75260,-5.513637538809864,-7.292159754884585,3.6031697005657892,1.8221797638919355,467.78879272680945,0.48584205386357926,0.019775436244121963
75261,-3.1698210614397144,-8.20283941242678,4.838170411703864,1.2961805896448046,306.35150837230344,0.1741810744131671,0.0197786346387593
75262,-6.97329184610402,-10.741088904745583,2.0259603332036553,1.6409532613556335,385.77843575578436,0.6042175863480823,0.019780783499447372
75263,-3.450297792645366,-10.693448657249888,2.4840491926988806,1.6122799068214901,378.8625400101093,0.35596366245346456,0.019782542900595265
75264,-5.518523701449826,-7.9644018769737155,0.9142466339745061,0.9171384281502817,260.8853545433525,1.1927851768999682,0.01978296006142827
75265,-3.7715586039796056,-8.08069989960726,1.0289558052584131,1.4441018096023481,470.10442907037776,0.06236938817726401,0.019783540463884978
75266,-6.525477272050974,-7.365510699551142,1.0492852431619681,1.0803148207670459,220.9109575804532,0.8562978582915735,0.019785385413414836
75267,-6.973514774851855,-6.126192967513599,1.4194532351279858,1.03329483136518,462.9850815271264,0.7821789385332405,0.01978938242787913
75268,-6.037856252416097,-7.281349865927689,4.770080929801678,0.8693614706636276,232.30254743406542,1.324959929601751,0.01979079659231361
75269,-4.92310060214081,-8.466476781316931,0.41327715874033116,1.1779634449832908,295.17402083582544,0.6188080781044656,0.019791122562762872
75270,-2.7621713996295902,-10.71488910046126,3.334138681742174,1.5681292911741767,363.0685779322728,0.14963607975639626,0.01979392395312047
75271,-6.324453395485542,-7.0587204695887396,2.0850289734973577,1.0244892390646676,363.6238862837848,0.8800088204788512,0.019795761477785362
75272,-6.642958289680012,-8.94865273260848,4.330623588294841,0.8363176322429966,206.2998688275442,0.1977354397259754,0.019798022790152338
75273,-6.947081444520071,-5.336295735499815,3.0264168794425217,1.825992382333266,437.05007563516455,0.23111303175209397,0.019799341034188067
75274,-5.103101068156286,-10.388355569206789,2.8539997579437757,0.9786563637219565,270.74577536197916,0.5599432984100643,0.0198007599866129
75275,-4.788762997687826,-8.426071428440203,4.8005863795989745,3.3494548841244094,518.103524230998,0.3629016770540838,0.019801141581027245
75276,-5.9677060639943935,-11.09979629219085,1.7099484803276388,1.3854211730816566,306.4048819391782,0.70783269222862,0.019806286340092127
75277,-4.745186875614027,-12.36055682835885,1.317757378162191,1.3877957622962067,323.43100171653316,0.49941492357435724,0.01980806874522841
75278,-8.946576766032631,-5.69766856202124,2.9315255950001515,1.2674850018075783,460.966590049138,0.8412222825968421,0.01980856373590329
75279,-4.774490951111346,-8.647650290917662,4.60375558912173,0.8737047224703379,465.44341246237235,0.7900382780911093,0.01981199879184035
75280,-6.30795298956873,-7.030394584226288,2.2419747324277077,1.059784337833237,467.72411949848157,0.3417960318291602,0.019814163406137487
75281,-8.704757258998049,-6.06351294132563,3.786231417109861,2.62738338795496,241.02684988821213,0.1921076695674797,0.01981596471678867
75282,-5.668190350447309,-9.804912737828309,3.4456785506900696,1.4283413965299887,319.8129227484839,0.9497039020356466,0.01982281937810849
75283,-7.155079833405571,-5.2320816739553,4.287910270695456,2.7505173828691727,450.27879923894767,0.3797227533551357,0.01982951200655476
75284,-4.778021541515337,-9.37156519392445,3.8310614405450893,1.819255779274981,374.24338269365387,0.7610776218027917,0.019830527304572212
75285,-2.5523792210749345,-11.054443143322032,3.633341063184286,1.4540787336927934,332.45753545019846,0.12092760534212221,0.01983660634937926
75286,-2.631413560670345,-12.679546929684378,3.1950377837396142,0.7246959085467342,191.25996106247354,0.3557458829048201,0.019839169123279106
75287,-2.980050579028025,-11.09188715521049,1.7899626787107572,1.4111194155493496,272.2910538906997,0.4630477374606068,0.019841565315889213
75288,-3.1371132524564462,-10.664654555678695,2.5989321831031145,0.6280251575586555,186.73599324618917,0.3992809345461117,0.0198417368796252
75289,-2.582895331101554,-10.55596704933737,0.13908349008981555,1.1719486205278855,468.0099607957508,0.3274724079274085,0.019841835730868482
75290,-3.1573877416382565,-8.513724237170436,4.698323719957484,0.9355095225572607,138.28427417628401,0.22864177298844002,0.019843213604190113
75291,-6.804841696695763,-6.306343004773408,1.981591253916901,1.4793564379044997,468.1793149637567,0.6356127142013008,0.019843863108121307
75292,-4.999235382053118,-7.576747812421075,4.504769023491912,1.5245206760907237,350.1153207906359,0.7318771008117322,0.019847371463813712
75293,-3.6883100092783074,-11.0847304471334,1.6353771938522363,1.832579907849894,380.5805191363427,1.2368443032336627,0.01984956268865886
75294,-4.609923602088374,-10.999792754754813,1.8272271726167941,0.8625948164138566,226.32899073677905,0.4292332222903381,0.019850969840314186
75295,-5.279619889892141,-7.3580577145320305,3.557761638557565,1.8113145662940684,467.809143465254,0.24151547090952885,0.019851391041834598
75296,-4.309657036700808,-7.653099091682462,2.2292220646246905,1.8066027055399347,431.8518623286509,0.06260403925114044,0.019851817514930762
75297,-2.474770160778542,-10.566064904175764,3.0200401790927685,0.7842380792921827,469.52333144989893,0.16577766870339605,0.01985758199498381
75298,-7.996348206239805,-9.505054190959605,0.7656240609916936,1.6686168691531198,418.9371017479211,0.5746105234796897,0.019858576420416822
75299,-6.591076133340582,-6.911991999844033,4.882216070556656,0.9727522559226683,268.3133929957741,1.391686246711683,0.019859048362894934
75300,-7.228770949898785,-5.736688830527713,4.7892329300841565,1.0980798192753365,267.27593669462595,1.6540216442236604,0.019863495639795167
75301,-3.8407457073192504,-10.996908777662771,1.7657483562348182,1.0458120255960504,467.8381325419653,0.23437209431364092,0.019871177443401066
75302,-6.808363229374946,-6.219327284234632,4.05594526349765,2.2905245826929943,422.8520043458415,0.6197127173023373,0.019874241653141972
75303,-8.977389727496856,-5.472707925593952,2.749385964912631,0.9840567735029178,262.7878652875077,1.6571911126929084,0.01987711389516108
75304,-4.154094611980645,-11.357021379398876,1.4932848660680966,1.0504904230133512,222.35037022685853,0.12320459583621446,0.019882265500949667
75305,-4.499043845239358,-9.995914825349171,3.1730022586087174,1.8509737435162896,443.0288084037614,0.4301343821543959,0.019891348022786953
75306,-5.863121557351616,-8.882045173497756,0.025864826374175223,0.6698617114166349,140.53186923607578,0.7584181842464055,0.019892073263069958
75307,-5.5006555823190215,-11.087317633826041,2.183696233612814,1.8419675673356644,439.5826848014966,0.46208212644532054,0.01989247878742261
75308,-5.0512087919056405,-11.03335045870794,1.9268171500437297,2.0492037339223756,340.97483420061303,0.09493775934271209,0.01989308537698679
75309,-7.199629284767318,-5.442096997067402,0.6588278992672352,0.9560478209761893,188.51653461181246,0.3902112608970132,0.019902929532503916
75310,-8.824817820094236,-6.854927859002068,3.233722275785107,1.787583348991401,436.7301632360096,0.7748338692283712,0.019904235341701406
75311,-2.738789707744705,-11.578009238554678,2.9079106360040927,0.8677717025986762,429.04390065267296,0.6920601419134949,0.019907966341200997
75312,-4.131362011350514,-11.199245302721408,1.558821571371837,0.9380022870317357,161.44446646542053,0.20003362656568235,0.0199150466340881
75313,-4.178482633293516,-9.41218327536908,3.749827616887322,1.1667591341143861,467.77749845546776,0.46425500259413344,0.0199159004612199
75314,-4.27834590007456,-8.498395362936797,4.690850996761524,4.007750690097037,562.2337033618611,0.5546734438893282,0.019919902308708427
75315,-7.0510970379597095,-5.810460136931431,1.221583189460797,1.487234212360467,335.6776257602468,0.2109813298283365,0.01992766399599278
75316,-2.8608553524348714,-11.331825120370489,2.1337014960565925,0.9771290709580093,468.14833511813373,0.5632196470427475,0.019934728761776033
75317,-2.61830341587359,-12.024189973990165,3.317083923004898,2.141046681217245,421.25982796869164,2.2001745815836022,0.019935435532049486
75318,-3.780474878175461,-10.937365759800592,2.088089577408475,0.8892992394536097,467.7230845492857,0.20052032132765607,0.019936406435828405
75319,-2.9168022466396515,-11.271404736371476,2.284104931107351,1.8768221318848195,469.4436502001276,0.10337440935966047,0.01993687083203421
75320,-6.861743281652144,-12.329619769917374,1.0666421784490703,1.4785816247523496,350.5503525185367,0.44300140936445587,0.01993731504787309
75321,-3.690142480923976,-9.104274407052248,0.014701616581671302,0.7205437931044494,163.81334240631944,0.6023544697551619,0.019943087923712056
75322,-6.890161316627458,-5.71525572576536,3.179898474701934,0.752586105314141,160.66820956315703,0.9092633914495751,0.019945712478897402
75323,-5.91484789633138,-10.3139290546189,2.9757108334413656,1.8910767347662443,455.87804094658225,0.380231995160929,0.019949234671877644
75324,-4.913724726576369,-10.334493921542965,2.8711559812411838,1.1633332232578135,235.8461463125095,0.7230137410821831,0.01994930379095039
75325,-6.457021080163395,-10.960938429519542,2.3193703718589327,0.9082377820937076,467.1671639418268,0.4533225406144492,0.019951913832195717
75326,-5.192273550303433,-10.956355317606487,2.3190095909661497,1.1567562790145156,294.64945288775266,1.3486893684233392,0.019957439514763756
75327,-3.6154819699293945,-8.01334587032613,4.802876023265457,1.4398923751649049,333.63404679609624,1.629532781986823,0.01995940188524492
75328,-6.862500194746527,-6.04401790376274,2.092615103682434,0.7506227040002781,167.57279656707942,0.028733076137819502,0.01996007335113585
75329,-6.663601165627515,-7.983284486565779,0.3400952923130424,1.0800580168871268,285.2100739887116,1.3818179665558814,0.019960562610623102
75330,-6.9075215863976815,-6.63854508987456,1.0815408579921815,4.349315285142465,234.42368514681334,0.31123418829840865,0.01996313339089434
75331,-7.173036923476368,-5.485012476871708,4.458155170283509,1.1516069244317897,295.74490367295243,0.6112574076138673,0.01996455717512868
75332,-5.899964258425707,-8.194054972814186,5.148735095214267,0.7491022068265087,281.5006480547581,0.4008456307742776,0.019965979475278214
75333,-3.0861276739964305,-12.671678633517411,1.3119645728468103,1.7799240618294634,424.04694563447106,0.5046292732305035,0.01997185170363797
75334,-8.45038600262022,-7.7903372006175,3.202239850820181,1.3063530331759259,311.2635379885718,0.5094648014824337,0.01997746575040157
75335,-8.087222014395289,-8.645772301579129,2.622956107557482,2.4892851903833058,456.0246808153867,2.02898330640288,0.01998022223306616
75336,-3.5807553107868824,-10.86552906294721,2.2661600144648184,1.161918871892205,467.35675828225095,0.4794773531745449,0.019980260803929385
75337,-4.900995202504327,-10.324280377469417,2.8888890471432087,0.9626192468809988,215.23642285711134,0.20670014841226791,0.01998280449515444
75338,-5.0865328878363,-9.711608335673857,3.4944474655011923,0.8181911440542265,467.8356161416512,0.30495677521851494,0.019982945127961473
75339,-8.692397600694932,-5.247936218931962,3.733696892206152,1.0113629979571317,183.78242458750466,0.14834468018920344,0.019983127308966085
75340,-6.118195025350661,-7.437914067716385,1.6212837822718735,1.6420896468824637,355.4589212522537,1.148987964683883,0.019992261101897578
75341,-3.620871728260177,-7.995496865471096,4.7976551415951105,1.124213153111019,276.1825981027785,0.7362694644946473,0.0199983279086669
75342,-3.4668724066566456,-9.231091281839127,3.9242613968642455,1.0629058210770588,284.61946388649733,1.2475629142434324,0.019999219390450896
75343,-3.647386862698103,-12.20134776444171,1.3354693143767575,0.9023281736633179,246.31538027662066,0.8321727042243507,0.020001101057878393
75344,-3.1288657865529466,-10.5638761509076,2.684955745753144,1.0825173290229648,223.38296278743712,0.6782439709728161,0.020003360627704365
75345,-3.6594147445543213,-10.824721573960261,2.329065636702427,1.1126386882495602,287.1133649826628,1.5028730969724933,0.020003890527289864
75346,-7.511036777879861,-7.376203067414595,0.20634655973342764,1.1676110079047874,290.14441696979844,0.18831510377063854,0.020005481616344294
75347,-5.831117686728297,-9.213067696911736,4.096891966119137,0.8505237849656337,219.37853186106153,0.27845965337513423,0.020006560363469098
75348,-8.985879065057667,-5.5053803292039,1.6277628935175004,1.1123875196598336,254.95254076275785,0.08089516567747523,0.020011382258147116
75349,-4.43793074322743,-11.740767218276973,1.3968293823402262,1.2981807660433216,274.2794320005409,0.9465325672423122,0.020013911531784775
75350,-4.704377297355653,-7.601993576348162,4.422389862507988,4.061674965959556,572.054911651401,0.886736626297572,0.020013973373583554
75351,-4.0748305324051595,-10.4724188640937,2.696335139271255,1.1351972975682387,277.47965202490633,1.0490988784888549,0.020016819643572912
75352,-7.264623491163997,-11.943872490541057,0.7389384434589629,1.3235214767954488,323.7537316421378,0.2591307508899936,0.020017013664575516
75353,-7.798185327300451,-10.026870430324001,0.8085179139121108,1.8705520234688435,448.948612085336,0.41351387810474804,0.020021324018188385
75354,-8.6152531655582,-7.661393977909136,0.6832745399485703,2.418065713036227,439.14863977648525,0.8679661208759777,0.020024845775117754
75355,-4.354301878471173,-11.478392645572784,1.456203279037956,2.744049722402255,355.0999841264256,0.01931648174383671,0.020027611745772764
75356,-5.209888548721921,-10.560234759439433,2.6915385136688337,5.841313511003397,662.3884173991027,0.4312494871613701,0.020027687212913554
75357,-6.913302166384865,-5.732480013522554,2.2470330288309004,0.7199264655677492,167.90722601397403,0.0017518812211969603,0.020029771036356038
75358,-6.026962552660628,-7.725626243539907,1.034321517319257,2.535052589973994,460.1437980009173,1.8967321827669554,0.02002978958315596
75359,-6.922386944179494,-5.511636740427122,2.7076129874174697,0.8283941181291129,199.71182795751488,0.08178393300319264,0.02003475449837076
75360,-5.357575043311016,-7.792577154834576,5.0164627289376265,1.2332026374413678,262.7766748103321,0.6581052269553487,0.020038063067100365
75361,-8.061455532927434,-5.360644258110125,0.195767739532994,1.5891300559182893,370.4111976100322,0.9019065166619349,0.020039243918102998
75362,-6.514261142356173,-6.647879908962539,2.823007117248452,3.172203988237389,500.39815733717296,0.5914404078605662,0.020042173006067202
75363,-6.901754604265087,-10.443518575440809,2.5186419134643097,1.7361638658718255,369.8171759327218,1.3334310315765556,0.020046989842761605
75364,-8.465384675551453,-5.580277552569869,4.260907856771383,1.1296464482960398,288.8534678518864,0.7802257414119564,0.02004808495535996
75365,-2.508975802091401,-12.963850387340313,3.3661755287143214,1.0502871575524146,274.583312728102,1.7893271399672699,0.020048611302740636
75366,-2.831276243979798,-11.474004270171768,2.1791656635740684,1.455956683729967,469.4797836163293,0.11022525544634565,0.020053082102411274
75367,-4.087243766850244,-10.158945626544824,2.994849601212637,1.0621486481227083,468.0680270065698,0.7125822965896056,0.02005404453177272
75368,-6.424776847237592,-8.765153804533814,0.05055478446508944,0.8716957720562936,467.97984564205746,0.5458483763777382,0.02005754235699908
75369,-8.52933229961848,-7.355225687080831,3.6421903196236642,0.7319347840919385,215.99906645323782,1.2168267573919227,0.020061689540308243
75370,-7.002093227375571,-10.689483040256098,1.6156735509388143,0.6818503772010138,467.8422381601315,0.44315218675395407,0.02006287162665721
75371,-6.161926851439077,-8.712270668672847,0.07708334682474426,0.7950801705486887,146.26073985918663,0.19058856499368382,0.020067615077120935
75372,-8.79992541676542,-6.307803556194789,3.499984595351079,2.4572807483686665,432.6178167166031,0.4986652343796978,0.020067619429882905
75373,-5.309599521266183,-11.048343153957036,2.1592459796141323,1.2624844283610208,311.25502140296095,1.3492638423053167,0.02006785515917118
75374,-3.5986866926487515,-10.322412939488324,2.8253583897485437,1.641524776973463,358.8489273997858,1.4695305046638163,0.02006931929187886
75375,-4.923008132762002,-7.555981811479739,4.38820438819498,1.8664743969042619,467.7086155658585,0.41622666893169313,0.020070332857272725
75376,-6.916543626189305,-9.2884633720785,0.12155676604515951,2.2122244831656093,417.8052769962708,0.7918718470566857,0.020073675980148042
75377,-3.2155152535148357,-7.7559276545354425,2.0330399644649972,0.8422761163293077,191.14960943966773,0.47346887062127774,0.02007507228368024
75378,-2.711694731516886,-8.400247930185081,3.276397239718278,3.5374438022216297,478.46153321190985,0.1680802874773475,0.020075364939197225
75379,-8.99456932505074,-6.762635918499234,2.2109055163427347,1.0541582422488645,251.6176598935232,0.33698643483129587,0.020079022599912604
75380,-4.718691532358951,-7.838680026646403,4.8450540254321215,1.1590582895941632,301.0064582986047,1.7450010686341875,0.020080305053240727
75381,-5.285153846319587,-8.016673578603726,5.055221564753653,1.0166951627391094,468.8627535837895,0.8684466345140409,0.02008358778913127
75382,-7.5819717639225335,-9.405996237044702,2.6520617273967573,1.3009384532883668,292.56374885934724,0.7203167765231777,0.020092395550666095
75383,-3.3215791959902017,-7.555048407990647,3.2320491860293106,1.265736431562186,285.2102140922204,0.08620808964149251,0.02009671804243961
75384,-4.282127789127683,-10.528274189484556,2.6532255261476436,1.0957664353330243,289.80728945098457,0.7793514372899288,0.02009853924992427
75385,-6.9016449259540735,-6.242246192170607,1.6803978469331375,1.142897986643727,233.5879765338424,0.5280446575522193,0.02010249012514063
75386,-3.955666721035314,-10.642298153789113,2.5280053816825396,1.8518160521901068,464.7700594345507,0.6407517094529664,0.02010611125497422
75387,-9.015479045284547,-6.066885903056541,2.4386470102902154,0.8156311358498168,176.19229200876273,0.38518293109047086,0.020109219594340273
75388,-5.2483052450540795,-7.405529282086781,3.9932390879030173,0.7375576325219881,191.83057401640045,1.3194215528037505,0.020110596241811954
75389,-7.831566485051657,-8.13910659105432,4.077313148850577,2.1194501086254345,259.6204375049332,0.10861142530374757,0.02011186570450101
75390,-7.455707995312421,-8.054736698287822,4.75226332342138,1.1296494630459355,291.1818738924842,1.0697643492938642,0.020113838197600698
75391,-4.869510678606765,-8.169552480806729,4.928561921024703,0.7850923753273329,159.25052407890843,0.7331980783614567,0.020115723459654105
75392,-5.90011600597171,-10.797031446687324,2.5361726270942357,1.710256814889965,402.8173236582984,0.3282398254795451,0.020117083312687394
75393,-8.883566163055418,-7.264010405152678,2.3652550932587726,1.2284053443989935,131.11349563809193,0.3501076094231186,0.020117374992774086
75394,-2.4665827544571686,-11.398183296196922,2.9327495768598033,1.4711248765136922,470.2311384950642,0.09184624956508447,0.020122451784079107
75395,-4.968304856944812,-7.43688718937538,3.2895590374649477,0.5842910256863059,183.0163992810732,0.5336176705670992,0.020123433626936475
75396,-4.305398966183955,-11.62363902876751,1.4178938329546154,2.498358318341029,454.11047306132315,1.4679589068358387,0.020130319356498786
75397,-3.48186668856835,-7.930337634445473,1.5036542056711109,8.844193332509265,751.1257182753135,0.28977482872002547,0.020131143709094378
75398,-5.815329184824313,-9.389347276458139,3.8909563226186283,1.155250786685363,270.1179323243693,0.2707785606076518,0.020131770980665233
75399,-6.313316473549069,-11.672200346081489,0.08795235261446448,0.8089701040199843,162.03152169669804,0.02268094493494921,0.020133926984655007
75400,-5.303360556820563,-12.810356150704752,1.262273165309993,0.9332530246235117,138.50494649144275,0.2864918644122829,0.020133946733456635
75401,-5.608044302471316,-7.37027817733336,4.352407674811423,0.9086012239449803,390.97357795957805,0.8510085327151984,0.020134703933749706
75402,-2.7291497838242895,-12.05024138999209,2.760974384983582,1.213755444495804,261.9647054253251,0.7085249142687244,0.020137701387779133
75403,-5.93290320550683,-8.781379349621583,0.06694322217791543,1.1448410401315265,174.75532369774652,0.17238528729413982,0.020139900738452905
75404,-5.041550574885067,-10.475104898170162,2.7580573293520163,1.1338361159026515,291.1017067070924,1.2371833908534908,0.0201443839015611
75405,-3.6882760525447233,-7.578728950150786,2.8635662267195805,1.1661791559394132,195.9848005039274,0.1333573130979051,0.0201492291319995
75406,-3.2761740114167264,-12.575630125287514,1.298775265866477,1.2129203661965293,238.3238604328446,0.0022076978993945673,0.020150041170328467
75407,-3.1495462894548387,-10.939166139628394,1.9638106846477155,0.5128720173356152,112.20417484482266,0.19667061064617553,0.020150618421603712
75408,-2.9877249570573223,-9.50320769452384,3.902832982175914,0.5347191378823056,154.0959512786585,1.071965133277268,0.02015962270638885
75409,-5.469142327384747,-11.070949410598162,1.9648664946098424,2.707471336360385,457.95949308612666,0.573978280501585,0.020160956193703936
75410,-7.85873037469309,-5.679723898215783,5.0652768631059315,1.2935306678568823,321.9705632443908,0.43939787441672173,0.02016347561624224
75411,-2.668990168542999,-10.453038211879164,3.746915032757924,1.8222482663098292,435.8515279227508,0.3164027279818731,0.020166565476067145
75412,-7.5911561132045975,-8.827289085898828,3.496470393934326,0.9933717188153389,234.40115742863568,0.6148779434321376,0.020167773497367848
75413,-3.690744436343598,-7.549186555137593,3.1502290462485285,0.6948030228528336,213.27749543523797,1.4353115771214648,0.020170796555584472
75414,-3.771999864378257,-7.865343118293516,1.6938128963412697,0.8387151746317066,383.8643708529166,0.07547584691251519,0.020172704041780117
75415,-7.751184935445485,-5.517293832329443,5.066952772558592,0.5273238618835067,143.5258033860402,0.8283620911516616,0.020177345727714315
75416,-6.782571478129679,-6.122807233069549,3.4682425036837183,2.103608295355285,405.3114206358323,0.8576316464723428,0.020180056827011413
75417,-7.239032581481549,-5.159663148924863,0.5987413149490608,1.2703190193986975,241.88737085168967,0.0675914109657354,0.020181556473377094
75418,-8.424749304897713,-5.855375230590485,0.38225604978706573,1.7329890555206455,370.07836747646127,0.7029734997254664,0.020185501744806426
75419,-4.260676687315882,-10.994210250591788,1.7541713709444648,1.2271265363819153,294.69200345381483,0.4632248577841338,0.020191475963980805
75420,-5.604203050148737,-10.19755430915467,3.0488975001520546,1.090604177061174,469.5318151459874,0.20311811979689942,0.020192239330036985
75421,-8.963038316250403,-6.461096910783213,1.5396823639473156,29.983578497648775,928.6671606885179,0.26915181630756724,0.02019580481179299
75422,-8.929225438663163,-7.058192991818626,2.4282891449132435,1.2303178767639624,266.8905721441061,0.11691197355183913,0.020202280803907333
75423,-8.50187167688647,-7.8616721186881975,2.893346526051732,0.5253521957903778,139.3608517938979,0.9117018089582478,0.020204667884257208
75424,-7.726726565821585,-8.508503143320958,3.7191034278461927,1.6660925037866916,390.97801578564014,0.25970716469363886,0.02020470156013706
75425,-7.2151720011397735,-12.219554484680456,0.7686951136065839,1.1736304266579087,468.106084611291,0.420184125367034,0.020204834272134917
75426,-4.0858040083272,-12.746550771262509,1.281235969885846,2.5300065044236906,446.4295229675829,0.6842077136408635,0.02020669174929574
75427,-4.8679492361617225,-8.364338266682505,0.5273724223320158,1.3849580325909783,206.99484590882957,0.011716070694998137,0.020207800312863847
75428,-5.001661432047805,-11.955509690542922,1.3553046389510868,1.1416755912351653,293.3428788633112,0.6671065214749037,0.020208807604577134
75429,-8.839030845585317,-7.106834024502947,2.909291967020653,1.5981173280837249,323.3620091286718,0.16712843152373225,0.020209144810906927
75430,-4.498881743475959,-8.78971115200294,0.1801532350127155,0.8468254850062737,202.83855140912925,1.2609581876260183,0.020209362863897955
75431,-2.452018838929985,-10.582641032862048,2.729627296963846,0.5144836972465991,115.78140942286531,0.7648011205917635,0.020209952107002046
75432,-3.943040629211633,-10.925902004136194,2.0436065674414685,0.9512946841157452,251.6400873572379,0.41181516369558935,0.020211438775599316
75433,-2.8012393045471633,-11.725271347792962,2.451202481210173,1.0634836574037003,256.50103669628663,1.4455863782982856,0.02021356104003465
75434,-5.079695808993448,-7.505255920624711,2.500323476729749,5.090789535874043,628.4507022137064,0.6808164553523914,0.02021449994579977
75435,-7.206589125710439,-5.9425242817241655,0.576179978631541,11.380480901882809,478.2204029089837,0.1358198767898502,0.020214537058045903
75436,-6.745804712770306,-10.364907422741481,2.731152452288534,1.5438379792076047,358.1190025708331,0.29362737731163335,0.020216045932383454
75437,-5.426543685779185,-7.461996740406456,2.3665384218709122,3.727415683453163,422.71483988069906,0.011861634424970902,0.020217384229708868
75438,-7.389626281683704,-10.81890419160171,1.0532776289192,1.0372987374980926,316.40866735014475,0.7704645591153421,0.020229585053203637
75439,-5.129294428714829,-10.044127875981864,3.1531475995329252,0.885061693529354,467.56225503629105,0.05680524676181342,0.02023019336330731
75440,-3.3661989929641756,-7.795043013411929,4.592124849852307,0.6392055916170423,148.7794657037836,0.06516545669191132,0.02023542443648043
75441,-6.9673453689130636,-5.240428123518287,2.906193367730335,1.1224249011099692,199.53855555433498,0.02891158210306788,0.02023733907242349
75442,-8.481225250273374,-8.497153772191862,1.1832561290411292,2.107761476239609,407.92653673684896,0.9456314573399132,0.0202413364537722
75443,-7.2571591262002055,-8.176465758766373,4.82332651324522,0.9150953350119141,468.3644488798354,0.865680487970633,0.020242847538623623
75444,-8.575572942939715,-7.462744411760541,3.363456672216192,0.6995983963345065,139.58960064618364,0.2355329460061899,0.020245010666666566
75445,-4.416506379201108,-10.505615569181725,2.6792227663469723,13.264184049098539,598.1746696468036,0.035698092055321595,0.02025156066659243
75446,-2.474051819858964,-10.67672841571827,3.01116745773782,1.3721310305858305,323.7241801558035,0.9795841178566986,0.02025398022458755
75447,-2.494238939945518,-11.324492118668855,3.278356269578991,1.7147646054475285,468.60818287589075,0.11539967790121164,0.02025572515245883
75448,-6.255614087471594,-7.138121694135105,4.730936444396257,1.5113013756287812,349.2292749003479,0.37819997573543596,0.020256691541700372
75449,-8.021982127783584,-8.205199373922593,3.583941077257972,1.086247296393746,237.10089173698628,0.29343758991825997,0.02025759384070285
75450,-5.3202569695558,-8.021101768173017,0.9203485110877,1.3361324638466336,468.89401624409925,0.565189304260235,0.02025874575793596
75451,-3.2732358881454964,-10.861753067522383,2.249338328097207,1.646037325506569,469.97311084641075,0.23152873941108698,0.020260414517415424
75452,-8.975851018311387,-6.805317174304362,1.931109657649075,1.1271992484083317,466.86180506423585,0.6763038278306697,0.020261998357258143
75453,-7.629293451515657,-8.667681095504985,3.6599261553379208,0.835610222362368,467.6131509459054,0.14023809838642354,0.020268097715758215
75454,-5.276833746990006,-9.424139667455401,3.802124682030163,0.9891125442304328,468.0035600223061,0.9409775570928076,0.020272236563704783
75455,-2.4564391883627845,-12.03123549913363,2.7840295093986076,1.0842371888727311,467.01142713802324,0.6231298366646341,0.02027464761285499
75456,-3.048048726182511,-11.07170998497,1.6870742714890379,1.0752997783599791,280.0402103592624,0.8966511182525929,0.020277737551959312
75457,-5.2640156558228774,-10.333033108318226,2.898760720055623,9.205734770681278,576.3996971555282,0.027154946115412137,0.020278636057760577
75458,-6.249343620871141,-10.584722210502532,2.708960907151781,1.8482085239987138,442.151972702405,0.2756740242785565,0.020281951555924972
75459,-4.163677796289525,-9.324925408685539,3.8316198375743684,0.8678470156042246,230.7675980244137,1.1961642494021474,0.02028246595423219
75460,-5.777431587143521,-11.070485081375697,1.7937944818760563,0.7039884058365673,140.9786100788162,0.8715465402603435,0.020284046691308837
75461,-8.886299928773687,-6.457172216877272,3.1569273070086115,1.1396723524189778,468.3241530990791,0.5073695163234904,0.020285464454964933
75462,-4.259071795811497,-10.107871812177757,3.0395717706575893,1.1242443793031625,291.66603863351656,1.110689593944235,0.020302462482340654
75463,-2.4125262420886475,-9.946498893341241,1.7224707898786173,1.629823523955033,381.5918571973609,0.5250815373885391,0.020303070854471996
75464,-9.010382791047709,-5.888148923581232,2.4792492157362678,0.9904151286378398,272.12320463025753,1.1023671557278716,0.020304348608364543
75465,-6.588716649543766,-6.838331340572511,4.704952192596067,1.2051428833505275,468.71828103099887,0.25544547874111334,0.020307633486846853
75466,-6.389420316843326,-7.964890600768874,0.5076258017526891,2.6325657912211815,467.87675904530954,1.6511327458944214,0.02030835038493776
75467,-6.851674145045477,-10.613795290831327,2.3755235938839365,0.9754450044063695,467.83618165368915,0.935218777637739,0.02030997359953964
75468,-8.248873985629556,-6.6420625279328975,0.3407302595947992,1.0833563885765853,216.34813846980597,0.6200454399959012,0.020310299090774444
75469,-7.329238343812604,-5.356121018913027,4.72707517042159,0.6909080321538562,146.41340188336525,0.3286282173499977,0.020314356538299664
75470,-8.788437894599413,-6.164818751267213,3.5303334878697497,1.3118339884720058,314.1239242084668,0.9376490901179215,0.02031480142342304
75471,-4.675889473328808,-7.756168694826381,4.7295063241383035,0.6813129584548607,172.05075828215928,0.17260609664097704,0.020315719147181707
75472,-6.767188367411613,-12.092264656520804,1.1288942274552403,0.8462064391920934,469.78375209965895,0.16842868390511434,0.020316330689655417
75473,-7.128324520528103,-10.31122717179623,2.332530925561809,1.6841339497110548,391.1895743846747,0.03520071553888737,0.020318366909410652
75474,-3.852838538895104,-11.657632783689568,1.4096663145479134,7.262655834989696,705.8165926424317,0.2924464904647799,0.020323345463491727
75475,-5.284079558064167,-11.026993003774473,1.923410947887399,1.2811676620424717,312.43437365778806,0.5285822296195208,0.02032355105721535
75476,-6.709162826309875,-10.94851040945698,1.8915327652918916,1.8854496917325663,469.6572428804624,0.16543867368812482,0.02032404042590602
75477,-4.8115482350437535,-7.505942442479436,2.7629022015621443,1.217702770898454,250.81998853026775,0.9916809371768709,0.02033467460395253
75478,-3.2475113231410564,-9.440913450508226,3.711095909574249,1.0850430484407159,216.54798470010704,0.8941049988999579,0.020336015722759827
75479,-4.275445463219125,-10.86277026014844,2.288238404490423,1.0883825712754287,281.93670030100475,1.867211311821789,0.02035141487399619
75480,-5.801788595096439,-12.834134607378134,1.230791986415267,1.800362340983881,467.73420833575136,0.47620833033573806,0.020356645340087843
75481,-7.042413465118154,-5.473648837323491,3.933260721119239,5.375461389313291,265.96359593082127,0.399925502104864,0.02035825348251756
75482,-5.813913695169595,-7.277754110206878,2.5559276256253898,1.1608244161315397,285.771675115355,0.9414352528297325,0.02036091083014126
75483,-7.077852406095909,-5.66072266993053,1.0230511694177225,0.9688367578749185,467.5588318690076,0.5539695809269389,0.020362646622970545
75484,-5.763946465643594,-7.998927407494741,0.7823439733444122,1.2306218885387572,260.91530001230217,0.449768351597716,0.020362682241423777
75485,-4.862398653150581,-10.987974468649995,2.0096019527861726,1.887140145333139,469.7034421059018,0.16310313058680137,0.020367856237743065
75486,-4.711810485140657,-7.832356950111764,1.6406373314315421,0.8654419244307815,250.49414316366935,1.6755847535650377,0.02037094751607795
75487,-5.216066821142297,-7.48738236510708,4.345108807037812,1.8338359818935124,468.0766620851965,0.369457154569802,0.02037633134117895
75488,-3.456259075716037,-8.981166054738676,4.181027294807878,0.9390883597988611,467.3139350487123,0.33511014555736285,0.020382635612684642
75489,-4.764428254541498,-7.492119707427641,2.935717111156943,0.723157811981505,467.52553292249144,0.4451976752131843,0.02038286994695733
75490,-3.7298769125356674,-8.522137108690739,0.42911629856373135,1.7124427505494582,404.46256153743514,0.3805633115291229,0.020386601762152807
75491,-5.709290358148821,-7.524958140259615,4.889061515865556,1.880728331616004,389.2603444482184,1.620966141501027,0.020390367439329034
75492,-6.983570474665116,-5.147225297660534,2.458323773618768,1.443051590646639,317.8683131367182,0.028477239310309876,0.020400170156081046
75493,-3.0466977093210392,-10.940434639433064,2.4035330976845386,0.7065395672699916,215.8413877142989,1.4319567799691777,0.020403016203697076
75494,-4.913305366446745,-10.185702572222834,2.9998120766049388,1.1734720229001157,242.1202080317033,0.31618514909184103,0.02040363550742529
75495,-6.976345225508753,-10.718355348962763,1.946388742788792,1.0245515612342588,273.7865001781509,1.2044787627910098,0.02040675845171477
75496,-7.394739375707157,-10.142513770855878,0.3668755917668644,1.8496421686345306,442.8878056202575,0.3978618105631293,0.02040851441889228
75497,-4.377510338315691,-10.31836805940921,2.834497839315155,1.0085918300394632,274.6560853375649,1.7295743559466805,0.020410021741415867
75498,-6.058406195380224,-7.143262219628283,2.5590378642100298,1.7567845350418478,416.1849077464237,0.3123648038319269,0.02041202253770134
75499,-7.354416581472293,-10.237971912012144,1.7535839169895344,0.8734666716874164,239.7363462200218,0.597916077499673,0.020418257936402277
75500,-6.988387177601956,-12.69949194861541,0.9594251999093318,1.1882061041221765,291.7868006869548,0.5495355341228718,0.02042229469943559
75501,-4.034483597396092,-7.61393784768239,4.1792667305885445,1.7713715321394778,467.7699592424453,0.3406753986148354,0.020423696625968615
75502,-7.083005822388341,-12.850610789132167,0.8575290866265068,2.822259213188664,298.4858454859961,0.11028992850777186,0.020424175205752067
75503,-4.793691417467021,-7.465922930487108,3.56147089069051,0.8461890493635917,134.4369814944299,0.26807813755567533,0.020425063069300982
75504,-2.580908291506912,-9.959913298911744,0.2623279742837752,0.8418657257508666,468.7260152658458,0.2490183162693249,0.020425081198544876
75505,-6.436411597621767,-11.087762054105003,2.0277312189479018,1.3833823163353904,307.23747102563004,0.6336534709619697,0.02042585916703886
75506,-3.172578216327228,-7.788779384133993,1.9501123275297358,1.4674826396539704,331.0006230043796,0.7641515624574096,0.020432873881748546
75507,-7.368497349853114,-7.7911558193499015,5.108644317542001,0.9440302983265025,467.44750178136303,0.07592879585482581,0.02044127982560527
75508,-7.107395240799725,-6.2710121216284485,0.7437914557104229,1.7279483732916987,464.10957599674225,0.23259300559543306,0.02044719726524607
75509,-3.994111974707277,-9.516113754981447,3.6241300413959068,1.723279362711909,469.1840638508969,0.5959961136519079,0.020448334145146838
75510,-8.488527120415247,-8.106932501809627,2.384415923819038,1.888349823514089,391.1078872689375,1.6453555162862044,0.020448648094135446
75511,-2.6960715176793197,-11.78882999355721,1.7695277761646304,2.2539829874654194,431.711074069276,1.6682101613436267,0.02045329506038057
75512,-7.978106685176291,-7.618017994787003,0.33817150596473766,1.9511037682807317,383.4973811050954,0.6119054266840118,0.02045482070392624
75513,-6.7046156287074865,-6.438921489539926,2.4161972622433376,0.6481675537422953,186.02153658343093,0.7658468078188649,0.02045540661461342
75514,-4.211626215514828,-8.861253091688642,0.14855664997497484,1.8349300924914724,437.0597167754681,0.6287788993843355,0.02045853914558494
75515,-3.3714241039720596,-10.774951814478161,2.3500608872185995,1.0320496413783637,467.4709054719756,0.2678763385870875,0.020459106228493965
75516,-8.57422869018595,-5.617524479208443,4.035892429161952,0.7276610522127474,220.97286190263935,1.3474958545759703,0.020459720706668218
75517,-4.371643908697748,-8.348265660994695,4.787288573413141,1.165468226437626,470.2017783743967,0.19359008721047388,0.02046062413619465
75518,-2.850654302215357,-8.262870920202637,4.365051233092689,1.1267961532645507,282.39132431115127,0.6821988860350308,0.02046405267468388
75519,-7.716305534550728,-5.608047788301074,5.088483405186662,0.8956559855122697,193.64879145946307,1.1939648552590052,0.020464121582650388
75520,-3.8072322767180804,-7.613869384707918,4.073198760656668,1.3146967422377631,311.1622411198829,1.1896338497354,0.020465111245883606
75521,-6.314676092784404,-6.882880986835237,3.873643445700727,0.901094049446171,238.18400115207888,1.3059266650101584,0.020465412234113863
75522,-7.2458679755592765,-5.071182469895758,0.5985052539410723,0.873547651746547,468.4043474615598,0.223804240771722,0.020469347384565375
75523,-6.289050813958347,-11.350558718076847,1.4085284451540039,1.6879563855985564,397.84221894515036,0.49443831926973036,0.02047226040355938
75524,-5.982376453931603,-8.394914219200986,4.990897424864087,1.8140559950993849,439.49883343043757,0.7073368938501856,0.02047698064058653
75525,-9.024527192547977,-6.173209457326164,2.207655223343414,1.942582219142028,398.55968391893884,1.9533404431875256,0.02047985529274556
75526,-2.949942511365223,-11.129127902074938,2.304899383775008,0.676192761961847,166.75579421947162,0.7909943147503364,0.020480715787865256
75527,-2.9248153844330886,-9.881862024653287,3.6168121330583425,1.852298983778979,444.2711573985744,0.06063497191279055,0.02048606702357005
75528,-4.826961519194103,-8.53345172574469,0.3601826472166899,1.583653480927679,364.12426600263194,0.4742969884650039,0.02049024967935596
75529,-2.869192201031211,-8.06536546313418,1.449209569940355,1.2059703130774886,304.66617626212025,0.4950037574852191,0.020490323562580202
75530,-3.7365255236348363,-10.898235377236286,2.0584328626292354,1.0450843979470443,467.52840745388346,0.6664321229048626,0.020490863966915317
75531,-4.897637440280507,-10.082232692702512,3.089579613478851,1.9766056985868732,402.1785345397761,1.9567997939305792,0.02049339776175553
75532,-6.775334752583168,-6.143549286800912,2.936399344030349,1.1122244271130375,468.0233660641421,0.8662831659132264,0.020498159512298306
75533,-8.130056942037733,-5.609781982736324,4.787661123433457,0.9442216393531703,258.0303010218146,1.1984920236155405,0.020504738951800765
75534,-7.32780700059341,-11.533864112531456,0.7632098071317577,1.6447197568255665,384.30833388098307,0.3983659503470731,0.020512664155901913
75535,-6.356661267007874,-11.089284658834428,2.1509097823283034,0.8406496763203006,188.72438456335541,0.3675858716440503,0.02051357442026231
75536,-8.245973728890409,-6.675224857469419,4.6854135799646555,1.696933669489233,363.1880477137637,1.2404598784043452,0.020513781842046958
75537,-6.96272464477222,-6.4307267438170514,1.1230414399585054,0.8073308236599914,206.72242874775557,0.6696865389750348,0.020514365580836393
75538,-8.385738341267045,-7.6815385184463185,3.547645017038841,1.148455055663906,214.0331722245161,0.06492445587662043,0.02051543232648917
75539,-8.982144089683613,-5.542687509288937,1.1957980140028546,0.9367637383308878,467.9335583985695,0.016149952321993233,0.020515719507702666
75540,-3.5821194150036817,-7.585986463144676,3.9233081035972917,0.9879651581569284,260.90396872050434,1.5481338930465212,0.02051689965203703
75541,-4.72862937175321,-10.966966993626283,1.9597702836854725,0.7532055074522286,142.88553096608373,0.09874833624407398,0.02051943192375177
75542,-4.843695536125457,-10.975142350103534,2.0786047743035594,1.7527099385677731,446.47920792115156,0.4377261367735681,0.020522385234233453
75543,-4.040578026529543,-10.186042072522877,2.951160471776983,0.7976660344817785,159.81946082513844,1.032304270931233,0.020525913757642036
75544,-8.490710929488063,-6.232553762011759,4.264174291710531,1.5899985236861225,468.8655214749174,0.5337978404963106,0.02053243361992929
75545,-3.0392823703668235,-7.947371606137517,1.600750073260845,0.9374060837398626,210.75994079392038,0.3759509139780661,0.020532763625101706
75546,-8.772745849232738,-6.202485403714212,3.5686331052493117,1.1431400382871708,467.87156659616113,0.2250819135782942,0.02053296166590429
75547,-2.7330623879945826,-10.669691071108922,3.4033487057724416,1.3877453326908635,305.6769974577615,0.18070407367936436,0.020533400760299192
75548,-2.3749025865502995,-10.149386791166304,1.38908639983101,0.7945017913727495,469.0685574648003,0.2402207398512557,0.0205361402438462
75549,-4.711915474652779,-10.930355032126556,2.2170022524944493,1.09728347066508,287.09946728598584,0.5786729086604767,0.020538093176349286
75550,-7.084559759398914,-5.599745101913437,1.1655462235234233,1.7139715433771345,444.15785194969646,0.6006384110289309,0.020540855295814547
75551,-7.4053249893171635,-6.635074531906388,0.22375936111185457,1.702711737237482,402.943378418291,0.3359571475342049,0.020541741302165583
75552,-4.078422646358039,-10.508298020677627,2.6461705185354503,1.8430756942775195,468.66529638472315,0.5652627775281927,0.020543099173812866
75553,-6.435414375822221,-6.744711821318526,3.716869293006512,1.4199704295943685,323.47266336590843,0.5433570252948261,0.020543738919112223
75554,-6.47223947395765,-9.59916288548525,0.049159705066549125,1.0357611720019073,281.4622073438047,1.2321303634201426,0.020546308177879287
75555,-6.024835376714896,-11.388275698134931,1.4285224743912406,1.7200149436708212,467.98271277978506,0.8807836000216982,0.020546498000214127
75556,-6.5903848207034255,-7.208021319882309,1.2740122648981775,1.710783235773066,467.9797044370058,0.34332420599419233,0.020550875877113458
75557,-6.254304427437356,-6.950333348988701,3.998526484241606,1.0232513436396609,208.9733061231357,1.0729439620678383,0.020553668472105345
75558,-8.381098541456293,-6.783190105728165,0.44169817712777093,1.3951147178300474,323.8388815804603,1.0927487837154217,0.020555014718947457
75559,-6.957147504384701,-10.611401889051969,2.2173128318340805,1.4624748158452936,342.16654827090787,0.9309467081291389,0.020557487987346967
75560,-6.895116641204611,-9.0601012558501,4.038096286342264,1.268371958390681,231.87466413387122,0.03516986513990883,0.02056271612330412
75561,-6.925280664307225,-10.74260423707391,2.0753750249506195,1.0067434248980978,198.1254742276148,0.15075253209701156,0.020564137297086293
75562,-2.975825349415226,-8.083528993374578,1.1681244121412415,0.49643680192471357,123.67529933293166,1.0543351559148801,0.020566264996154503
75563,-6.985707836942694,-6.055038911759118,4.43081986780206,7.095306060054182,711.5779151177949,0.3898450791309651,0.020566401285884228
75564,-7.060045379573063,-10.437833446081768,2.2774628670397745,1.227017505514473,312.5001129526857,0.4896717552933323,0.020567730466923034
75565,-6.483549905576197,-6.66900863170328,3.155609767306068,0.7730710832614418,206.14608999684086,0.5904768102338105,0.02057491233550992
75566,-3.8963610149898154,-9.844015415687903,3.275691140204714,1.0073800240441366,404.507398230697,0.7813237151718999,0.02057544548310868
75567,-6.952710121431666,-6.292876088494228,1.406128481098156,0.9560728290858648,265.4075805929523,1.645400987011091,0.02057758753358811
75568,-4.476451200549208,-7.545154380462738,3.978862910736941,0.9944773328031565,466.40267809442634,0.1781722294703103,0.020578023757092237
75569,-2.926184474182908,-11.229401473273226,1.643320056461508,1.851282660816843,449.9994015682271,0.30282014405080204,0.020586431722044485
75570,-7.078923678889472,-5.356517433616059,1.5522294365024532,1.4405083348422405,327.24745766206996,0.11611721898047467,0.02058767716738981
75571,-3.6016968706905663,-10.824574788454896,2.272684273184429,0.7687530522070323,457.99912855922264,0.3884508632172379,0.02059228277887568
75572,-5.204226786380025,-7.4385931009038755,2.792072772640475,1.4729992270801755,339.1811097262845,0.8757792800324964,0.020593024198685212
75573,-3.9909972230728883,-9.686078539939366,3.436547446821853,3.1592123539760824,508.99464575410576,1.0134261418035493,0.02059369001694685
75574,-7.1724477733369785,-8.301837590493994,4.747985905990895,1.252821586457807,277.60589561391737,1.00260878957629,0.020595218047274558
75575,-5.3427880209531,-10.938257861849703,2.3211404619681226,1.0400540737888018,279.12791511159327,1.6240012278323421,0.0205963386590956
75576,-5.843740450457681,-7.248211409414743,4.216364535307525,1.2289033916836958,270.7157448328891,0.08446263058313175,0.020597715811009346
75577,-6.0839519841774425,-11.113749467292473,2.1366774697011364,1.7473162299188087,469.38718026363523,0.2179971199892332,0.020599513788760515
75578,-4.104924252763276,-7.90214313292962,1.5592026520135445,1.3739955666211205,297.5050568969562,0.707985417602714,0.020603083249855915
75579,-2.5984937953187153,-9.60795338971797,4.0251904053170575,0.8812415522149698,177.51115610828037,1.0022117378265305,0.02060580645478798
75580,-6.323296578719754,-11.036137445797976,1.773561848838556,1.14910968427248,468.12068152701386,0.742496372733652,0.020611474808965267
75581,-7.09289317962016,-9.029145943824084,3.907383966123443,1.5923095550851558,363.8182475359492,0.03410112511025165,0.020612504289292465
75582,-5.121780260650281,-11.003314849318285,2.019688123957866,0.956771010034502,249.8885846341888,1.0301658307980315,0.0206160033249139
75583,-6.7577928242731415,-6.872679291708686,1.396905651545143,1.7574993130493308,415.2099354582126,0.3067354018079911,0.0206283903974865
75584,-6.88685000339631,-7.742842638460175,0.3643405743993206,1.0827150721047325,468.06721435155725,0.8433203698050011,0.020632021967586213
75585,-2.6684720109945017,-8.690042847425932,3.673472799383467,1.7531147430851313,458.58906243196424,0.25114578638924545,0.020634974751910267
75586,-6.855540866623199,-6.655118117590111,4.919544948638101,1.688107654504313,396.2014105529178,0.6816687334374034,0.020642106900844486
75587,-7.202789216791031,-6.992665583253515,0.36655724646342025,1.8489840544476883,467.77021761253087,0.810888541018925,0.020645709078345065
75588,-7.427477280169549,-5.954859673841342,0.23305487633942787,2.0109577372796124,401.87876914893764,1.3227356717739136,0.020650605723044668
75589,-5.564906725525442,-7.598501419914467,1.8179398955276644,1.887899385664741,469.66751628772596,0.12431399354922323,0.020655250945964754
75590,-6.683802717486942,-6.510753398987574,4.1150814635748185,0.9418670040220357,199.09061454730383,0.017540698180016356,0.020656534532445443
75591,-3.090492326529551,-8.381041472388254,4.773735982562061,1.0801544479065384,280.6709899502359,1.365008420359871,0.02065674958899484
75592,-6.357794567763408,-7.258413175563962,5.078121027050915,0.9535486332328398,208.49476499499625,0.321041220760363,0.020658633658415953
75593,-6.6108245665947445,-6.766784390834522,1.9927476682125345,1.2836585272859575,283.3484163350187,0.08442297526100528,0.02066779431179223
75594,-4.982751949127385,-10.993849351119017,1.7813256893617404,1.1908022720640141,466.1562807618928,0.16246896199036964,0.0206682842678357
75595,-6.605900581040137,-6.7669762974696335,4.561701509396919,1.7198896195361917,405.73655344187813,0.1346654580759905,0.020670110010343773
75596,-4.625445524954861,-7.9110462508685915,1.4362150309401918,1.2112375183940878,274.1384316824823,0.28110979553249127,0.02067037578157278
75597,-6.932809274782779,-11.823754456898227,1.094608180702929,1.5201868402325596,360.3682134217771,0.4407087958869642,0.020674232099302036
75598,-8.804841707531963,-6.424726372208767,3.445531973850845,0.9274917571500728,199.9940323851785,0.0028181093781034505,0.020676232474607464
75599,-9.015199355749928,-6.3878436780634775,2.1119941264464974,1.3529429632516627,436.5981234388923,0.3686972218553848,0.020676938071841986
75600,-2.9608983664606283,-10.327395156837682,3.090739526794134,1.8621996627199242,468.43251104841227,0.36630556425883665,0.020682182867680463
75601,-5.23677752225441,-10.290620825528066,2.9200672227067934,1.0097541555178033,261.9303685006767,1.363328757116581,0.020682417706175692
75602,-5.611275240141979,-10.99154689305684,2.287604385614146,1.1263611888998892,225.42997192908214,0.30934629502993705,0.020686809614249888
75603,-4.415592604049467,-12.71751847987108,1.2752872307000294,0.9861628881920469,189.5712006367305,0.09505981552218135,0.02068764837545012
75604,-6.522183962572582,-6.663471045826175,2.77823588602429,2.202955637764258,197.13366971858167,0.42585820582717204,0.020689151365724374
75605,-7.0259207414481475,-5.675230786627341,1.6135126216630369,0.925936088583599,245.01982832227884,1.5422324830423602,0.020690811969710565
75606,-5.406746788328518,-7.4073343485841505,4.183627643765738,1.3421251360472564,468.54047964504576,0.46381422068549494,0.020698212234678347
75607,-3.2831662255391736,-10.367140359577515,2.7653713562991737,1.6801932434521643,397.52020600771664,0.29071897258928203,0.02069978739569758
75608,-7.052277936891916,-5.578185188190241,4.110296685810594,0.92498160379928,341.27742980393697,0.12595876939353623,0.020703671294359863
75609,-6.936695077189496,-7.182859514467361,0.6554541739536763,0.9499752848728138,250.20760641368054,0.446840451362462,0.02070483366989942
75610,-2.504226410441495,-9.378124756133474,0.6902064607274968,3.544769308349684,537.5085893959331,0.9372195307246107,0.02070957120239684
75611,-5.091230159085914,-7.9412362021630685,4.966769048701522,1.2880826003299866,468.0525602433531,0.4553606546472766,0.02070977773487591
75612,-6.9112125271657785,-10.519866563436114,2.389903103750144,1.058757720929074,231.06347500023622,0.28309767388889195,0.02071118997595118
75613,-3.6293046579894064,-7.63765155380797,4.175264925070164,1.176243557030076,300.7641511767866,0.990344842588426,0.02071696995728569
75614,-6.94545654205807,-10.73430558350868,1.5612104770983863,0.673000422528491,468.0473322941537,0.46012189562644235,0.020717634305523258
75615,-7.346108993278409,-10.15497466467732,2.049517591341884,0.6166678289329284,187.136845706951,1.0002579845930972,0.020718011067043088
75616,-2.69181536580534,-9.14056767645628,4.395522118282828,1.077284244286697,277.4957573605302,1.039625296653563,0.020720298286527487
75617,-6.914428464654139,-6.689351821360621,5.063758380723148,0.8279391861652431,470.13506830256966,0.20064143025174896,0.02072038005121305
75618,-5.104684247573878,-7.441048271313359,3.9191724993000503,1.027034228656073,468.08522760327867,0.7222996634665853,0.020720549093304962
75619,-6.477117235047948,-6.825225330288692,2.3484517213671836,9.23217489419579,548.9126448970734,0.014456196738680482,0.020724752932807924
75620,-3.5535765320980346,-8.093265623467802,4.790887386503349,0.9219881411833641,259.14015149168785,1.344107258654506,0.020726149948171676
75621,-2.733468150926644,-12.117670467572516,2.677674563518666,1.8763660274461686,450.19770187458755,0.49858198701653933,0.02073067218154728
75622,-7.015700782804284,-8.642641939768891,4.464181414155367,1.028249319704849,468.27432167859865,0.6309564181034713,0.020730718081020907
75623,-5.211245485708778,-7.405615887025355,3.6376279967854317,2.1385216079440856,417.5522438515132,1.5143707694367627,0.020742963396015016
75624,-7.385456046333021,-6.210200392477775,0.26343749327598237,0.6640517725462781,466.8734616306783,0.45157655830832244,0.020744158795400737
75625,-4.118948213059232,-8.044272730112615,1.1513566655152472,1.7951238578228765,468.20118786609197,0.34203755905078914,0.02074725955410057
75626,-5.549805513179074,-7.297076114971912,3.3441502826565883,1.7206857727092075,468.46175829399726,0.904731082094627,0.020750661248523115
75627,-3.2746591899097677,-10.303041658022158,2.824226312576297,1.3391263620980705,328.59830509090926,0.3030128845422375,0.02075146444454374
75628,-7.593346863101997,-7.7702128087004905,4.880776230147331,0.882061709824842,468.166607911571,0.5646961523666469,0.020753563008521155
75629,-3.14284802094987,-7.768980452456437,4.337550262975042,3.4238164080115485,525.9460387613633,0.8020377024404048,0.02075421143836326
75630,-2.7372938863531804,-10.603794315185526,3.415542965557891,2.3907944889560024,443.3252511556535,1.432076734231038,0.020756100565114795
75631,-4.063689231001632,-9.109320723122597,4.0589305659794475,1.3450736574220794,289.70943287304937,0.8827284107927396,0.020759975578157442
75632,-3.85206897594892,-10.044462804498885,3.0708857231448254,2.380212339410737,430.62757723270823,0.6555948789267374,0.02076195798299116
75633,-4.357039035284837,-9.679389203580888,3.4574323830588427,1.154623766158994,469.63789104363576,0.24215186045550308,0.020765547040001414
75634,-6.296416978712702,-7.177235086669857,1.9010471414512542,1.7167947317135315,467.53880689815253,0.15676947847450418,0.02076813563634919
75635,-8.32276748729972,-5.90436324217295,4.547680865538796,1.2947284170968099,304.14438988483465,0.37673175381682267,0.020774381985216236
75636,-4.905917731112441,-9.099399906080079,0.005409305666951226,1.108978018450224,285.67808645177297,1.3534004749810196,0.020776904600636886
75637,-5.6691350923580615,-9.839501808875372,3.3855945502396425,0.5364885469292596,113.31285414790986,0.4251356053831463,0.020777909798653026
75638,-7.424246316790125,-8.213102014164726,0.2268085408996774,1.8872048185476489,468.71038444879053,0.1769483043716935,0.020778792741470868
75639,-4.799054192910003,-10.909758475972252,2.2372781074180055,1.307577139803024,283.66321366131683,0.6512198662864552,0.020781345772784454
75640,-4.7879759496734895,-10.63017868426021,2.5525304090270953,1.0522471710227308,285.0321301892085,0.8943770428220494,0.020782436977052902
75641,-6.961147718419915,-9.236056528535777,3.76766700470614,3.447002659784619,531.9508321274997,1.1072543671872612,0.020784517345067623
75642,-4.304357625418133,-7.647314859340538,2.3393463853722607,0.6597640866817457,133.39067380152147,0.2662413968688524,0.020787947388713424
75643,-4.769179385541891,-10.957655339920432,1.9332243696638778,2.1759857681282733,422.23320863649957,1.551806866988894,0.020787965768269998
75644,-7.130642109678487,-8.95657722031449,3.9573414835388556,1.787423568044255,467.5550913730931,0.06303431913870483,0.02078851714237354
75645,-8.764123209867014,-5.544891396461745,3.5338575033836985,1.673797709033235,392.6587388500464,0.9311613040564071,0.020792846254260065
75646,-3.3109972435135298,-9.107360319178728,4.044094822636982,1.0360102376183058,468.1669245709317,0.8724882168262651,0.02079403522904781
75647,-7.577420274841259,-5.017587942114079,4.8915600129557,1.5659472515530455,362.1421064796304,0.8141344763584932,0.020795996799161907
75648,-6.705651117463175,-6.645397493086172,4.558568024990532,1.4937283663940977,339.1245434024055,0.3156656357088048,0.02080495831225991
75649,-4.402381842669872,-7.521700742524999,3.6527001557248036,0.8947372690631723,467.7603249375649,0.4193358913768632,0.02080523782077377
75650,-2.955660165590084,-7.844657760807137,2.3624577286821644,1.046397636475655,208.85504252499467,0.12251775688846944,0.020806923955637643
75651,-6.858589547496793,-5.973191472229098,2.3823859390726128,7.986041677574094,742.2411706627831,0.4147124875339845,0.020813010056227845
75652,-6.874753957304495,-9.273075074995417,3.7888913745501225,0.8784195151014036,172.5974728165868,0.6420229958874026,0.020814723692140602
75653,-2.6890058523488385,-8.539752222732588,3.4970529136954993,0.7672784190435102,164.16346365412983,0.039289769753986015,0.02081959601149436
75654,-3.9372271245481567,-7.641981939563216,4.235975718756335,1.1066406854793789,467.3472931143287,0.5545260986211682,0.02082115121757922
75655,-2.5165818827868183,-9.098686994085895,1.845932450787898,2.2207690631795898,424.50875848757073,1.2529198791143523,0.0208261256456995
75656,-2.6945850559659723,-11.778640671295022,2.0157009880835997,1.6068544132225229,375.5427494954064,0.29263172690247874,0.020826896308001178
75657,-3.5420655799037686,-9.554476892306957,3.5611852470902945,0.7810952321772678,212.56016581692617,0.84558147149846,0.02082737683752593
75658,-8.999251392738596,-5.462693206547963,2.5158314642628747,1.5463929048824638,349.25828542581763,1.8257362705273472,0.02082796912215949
75659,-3.12051615184669,-9.87049861931595,3.3282339635073908,2.1235537670794855,419.53984317910823,2.0675994807537874,0.0208332772362975
75660,-5.6037695122112545,-9.841712073059375,3.3757304672257797,2.336258111307415,440.53261465399913,1.9165554914462781,0.020834281656369875
75661,-5.1711910642639145,-10.474925341342292,2.7295678599876774,1.7078325686781706,467.9267609181071,0.2794850661161732,0.020840145346907465
75662,-5.7937287882013475,-7.210974566686993,3.509604131406859,1.7877895278546636,425.1608581331315,0.11879752387718501,0.020841805142157433
75663,-2.413688415729119,-10.733002253365745,2.2922510989459055,0.8541101212938366,459.57563760501114,0.49999314759499214,0.020845390146625117
75664,-3.786868569929788,-7.621602811947784,2.6284571632005935,1.1700391357186166,216.3804969469819,0.0674460749987622,0.020846529600536647
75665,-6.953779729651577,-9.585293876412178,3.3599007519035635,0.843978721172716,437.81530653040045,0.19939573389102705,0.02084988251919844
75666,-6.227261419426107,-8.967556663760222,4.366583712348154,1.2668554698578207,469.8012884915961,0.00661092078351988,0.02085040350384004
75667,-9.011027140080541,-6.4656028726500265,2.209931115743853,0.6816631831512351,454.641039166546,0.39697290955346176,0.020852366002116776
75668,-8.952172652419085,-5.167026072563244,2.8063116520563396,0.8469873067365601,187.2937222790648,0.42245174639803995,0.020858505116558016
75669,-3.819951701862367,-7.761032729693118,2.0111448590606833,0.8347171158737507,195.0934780442468,1.2814278780935533,0.020858544787691138
75670,-4.036054360067604,-9.817784142386905,3.300111153747396,1.6552050417524304,385.71701092894966,0.10648357423290378,0.020859108478988312
75671,-6.709312129345629,-6.77067626781853,1.7343207869393085,0.7186782018208345,156.83313799067798,0.30970168692365707,0.020865887977215933
75672,-4.8108410156966865,-9.04050766721607,4.168322325871068,1.6772144623276606,392.93702175944634,0.0009473231829595363,0.02087007162130245
75673,-6.042449157496094,-10.847303859750365,2.456201751269354,1.4079979969791092,310.8058938892122,0.1820952399948137,0.020871571145207563
75674,-8.220474060556118,-5.9322753815587195,4.712097373130233,0.945307913976898,251.94676628549436,0.28187529179581805,0.020873389957467244
75675,-4.369723110897751,-10.936136663894814,1.8071552101270878,1.3098117690113666,317.003484873281,1.6725395954964224,0.020874113890372352
75676,-3.1397399542022644,-8.390484000660404,0.6508804087442477,0.801662676582779,183.0104957106028,1.1362791639140069,0.020874624465519798
75677,-6.082611900824832,-7.3209182491413625,4.851030892442294,1.1025987616625896,243.36901853478287,0.008870590690528424,0.02087552829539771
75678,-2.7406608099872916,-8.67985092228657,0.4593213002768558,0.9710464104467185,262.6630340717451,0.5610796276136947,0.02088185975835237
75679,-5.960095899614211,-11.046430920537697,1.7007571814900038,1.782624264559773,468.02491894644317,0.7645960949221164,0.020882227922727915
75680,-2.4144345777998266,-11.453065663304056,2.4290630784832254,0.8759746021989365,467.82875741905576,0.3565536436346566,0.020883271017731547
75681,-6.745021553958106,-6.806532504989483,4.929040933911119,0.860945124135955,467.61302794826986,0.4547529080532966,0.020883450153466338
75682,-6.96341500036444,-6.45215428036335,1.1713114376934723,1.5733125509738382,468.0694043804455,0.4468457058532733,0.020884832118414933
75683,-5.268151696866927,-11.284546177344598,1.4960409349351362,1.1210468478098934,466.05601952865874,0.12700785674193327,0.020885376912857946
75684,-5.728973240814158,-8.83811841587254,0.0700685611867256,1.7532850590800282,415.29392106493805,0.11606148918165271,0.0208869373152108
75685,-6.264303612031576,-7.752328103351863,0.8364606165711277,1.3028895918568362,467.56597870862595,0.419432082500399,0.020889016245495412
75686,-7.704033602583861,-5.690125530703197,5.097752173939658,1.1250752688063361,288.6709901860603,1.4595321474466365,0.020889034579533592
75687,-6.836594492035476,-6.514771091412009,1.699617520752649,0.9468713358716236,246.19110306793849,0.9398786447248328,0.020889082450880853
75688,-7.28292891648848,-5.36264295231117,4.612106788877835,1.269125180128414,269.7793233154288,0.07044793466340149,0.02089021378259889
75689,-4.134265027610563,-7.66824384003559,4.373115522494736,0.7995660423312121,322.1022570351494,0.018302290179593506,0.02089090046318598
75690,-7.730408717823941,-9.001560645385966,2.919313950936526,0.830390950504274,192.94884298605456,0.8501225750537138,0.020894732487285867
75691,-2.7331822121871516,-12.01290155402499,2.3241927978763477,1.728972247554571,468.35332807691714,0.03966550180874773,0.020898183890433606
75692,-7.086788881415405,-5.25421038792101,1.537918777282346,3.3975068111187468,529.5772770362661,1.3270552693724875,0.020900589032512202
75693,-6.006842350482247,-8.734509722989817,4.631988142834683,1.8468382395938254,465.63408879002213,0.507025011380696,0.020902362878495236
75694,-5.164669484336654,-7.603034910165131,2.072155062422281,0.6773640678687243,171.2990720243103,1.0256420290865256,0.020904188097886234
75695,-6.24568329553325,-10.483560917293051,2.77456695333258,0.8785105411084011,468.2646743375563,0.9392496298934745,0.020907921203527566
75696,-8.789007526450867,-5.067135554053826,3.3982869623843204,1.7917514470595877,426.0754816903084,0.37590302892972094,0.02091405666759699
75697,-8.396868046537175,-7.612064011697162,3.6104174694541284,1.5247380236392476,468.2488459304243,0.20057741446940458,0.02091407029625446
75698,-3.013353746535956,-10.996980245359994,2.0586920516543388,1.1627199590109245,238.48529261354545,0.30906736657112877,0.020914339146609666
75699,-4.728181899208642,-9.31933434814441,3.8527082273542343,0.6188886905198584,184.7643968738331,1.293017382413061,0.020914966860984565
75700,-7.3801980691180855,-8.256095120880536,4.577740751899441,0.5749651207644881,163.17650915390755,0.7596985428995557,0.020916028726189004
75701,-7.1866458483454085,-8.472711106260913,0.17881206607017727,1.3360016433832758,319.44384339935317,0.9310155994116966,0.020920786495391978
75702,-6.827683670235589,-5.987761899369432,2.9361018684433793,0.8886450513131802,195.8886146742129,1.1645659033110967,0.02092228209552793
75703,-6.575521957685186,-8.345502799006997,0.17355850601965409,1.3619776681071452,309.6153520453829,0.11459975746485096,0.020924751907793176
75704,-2.848862646133349,-11.231041886066482,2.6191903244443306,1.1665360607878243,296.86354877762625,0.8819493650528365,0.020929804648624005
75705,-2.705320190490683,-11.676836723461866,2.0415627036626645,1.390386004539741,468.05808475679004,0.4579735599017942,0.02093110048782534
75706,-3.42067506095767,-9.338131853332504,3.7861485219306026,0.9085567175901031,468.2681623293732,0.24066930156383837,0.020933354378563043
75707,-7.29932361957143,-5.608615356203521,4.788577106436851,2.2677399372144595,435.05685862447126,2.2744216732472378,0.02093562329691062
75708,-7.452865825055241,-10.322313414815838,1.2947011731593854,1.1976064718501669,303.0798927110605,0.6688640963589689,0.020941576204175923
75709,-6.257884417160319,-7.473638548147087,1.3597783061177229,1.4340060375872812,343.01851509526745,0.52047997305512,0.02094161109289597
75710,-6.703945919793688,-9.958851773756981,0.1028666751204737,0.8022503915949096,280.6542040829316,0.29902026334922116,0.02094736122901298
75711,-6.902899248050773,-6.534999193390647,4.8456722037007225,0.9726587927627671,468.7506119374039,0.9159205695672332,0.02095525484407448
75712,-3.036044138313205,-8.864538215203968,4.4838120820850795,0.9198514794757583,254.6841365029441,1.096920640165516,0.020957465480782703
75713,-5.851368542092193,-11.041173452128414,1.714354882330573,2.8091749689962926,465.3219047964657,0.48592568520903967,0.02095846506620181
75714,-4.439871622657186,-9.505476089566745,3.636691975006543,2.873624366269594,469.29301783823234,0.36320596152328655,0.020958601310036303
75715,-6.168371193805161,-10.685294282359958,2.593772476997785,11.510478278141775,702.1378850002824,0.1190406326111475,0.020959470590986927
75716,-7.55373719538535,-7.883483596532696,0.2474473202055488,1.0989441425091826,283.74852104342955,1.7691169747710225,0.02096737794524399
75717,-3.201116236960031,-10.7299495091729,2.4074715641588638,0.9569597632514694,268.66788047056644,1.7930885938546721,0.020974510241903385
75718,-2.611011397541728,-10.347141918456666,3.8557401896084227,1.2004895629154917,469.29243135670475,0.11429701784805868,0.02097544339269942
75719,-7.259752102369163,-8.273380094915638,4.688641143088216,1.8015633926652426,468.4180555397397,0.04888567211142281,0.020976771178353813
75720,-7.052085779032941,-6.335681296764047,0.8850287213593822,1.7632550494504897,468.1102414459584,0.7366581522388724,0.020977932787464782
75721,-3.2999434497857694,-8.728262001563586,0.2778983489472494,1.0841266683774706,267.1966757525584,1.6676672911753743,0.020983067718921018
75722,-6.769988712686779,-6.228722020267367,3.6750075821065478,1.845952976300659,467.39157003135387,0.05212389711569809,0.02098374283526766
75723,-6.914565623967146,-10.48499558214754,2.4128344811785425,0.912373722267908,243.23331327945678,0.8319889953822459,0.02098720876220306
75724,-8.888287775336073,-7.1789257152138894,1.129580773689022,1.1157609887407411,293.0592540642368,0.9430836165198677,0.020991386920227725
75725,-6.720988625626747,-9.900087667562858,3.1825441770367022,2.6087205609605797,466.00889042375996,1.6494594049589244,0.02099494120369144
75726,-7.68231579592742,-5.426609338119104,5.016149642751981,2.344157697271219,436.02483962483416,1.1350070339592824,0.021003407606642356
75727,-5.726544883770426,-8.271106790661028,5.033645900272772,1.2594622801385025,311.46509263878283,0.5489051345509806,0.021005030283244536
75728,-3.7475214301745963,-7.571296543602317,3.1059133227453506,1.5962703865389793,368.37685031850646,0.11104270853341358,0.021006404507726503
75729,-8.66460307578763,-7.349549593728345,3.217247824435358,0.8534059682186357,139.2061415208396,0.08772147213103221,0.021009511308584677
75730,-5.976603141586917,-7.1143010105356375,3.623090966072132,1.0298862453557853,333.5868296730481,0.5398370009963278,0.021012275193651293
75731,-4.943802233034158,-11.639653681862839,1.39843554773662,1.698358578319738,399.52475948147276,0.6400885910949539,0.02101540780580966
75732,-3.595243914185035,-10.377238294470633,2.729826597474689,0.9843701860425258,468.16885222657675,0.6265474843823435,0.02101881744578006
75733,-8.382951036039195,-5.448413902485874,4.365254904445582,1.571609848994478,364.4061636685787,0.6650987281213494,0.02101927219861621
75734,-7.005920367747695,-5.4469600353120695,3.686466411099977,1.8511619964731023,441.8788911588579,0.6189495018246847,0.021019868752214795
75735,-5.908845022918081,-7.1634044440351134,3.763224539436415,1.3167610207351284,297.4701808163897,0.151400713003774,0.0210200174280343
75736,-8.982287142940478,-5.607408883233781,1.3613286890647598,1.1419590131757633,292.8312812057708,0.5531076020628172,0.021023938597278437
75737,-3.965088910294843,-10.027639766218394,3.083329578986642,1.1084767964231725,468.0194702493703,0.9071245076920187,0.021028136181432885
75738,-5.338113978096285,-7.626815641073569,4.768942339321199,0.657068375764663,203.5945530422067,1.3056152236585676,0.02102992066724277
75739,-6.777892861321428,-9.267741457536452,3.8520153890258046,0.7589941474068276,157.54488491783528,0.2563148849218697,0.0210302933204634
75740,-7.016963588486271,-9.621743961990198,3.2527568650912286,1.6033858982359372,353.97684714161556,1.408486102210003,0.021039875201375957
75741,-5.365901621901166,-7.982069867984527,5.044850815328239,1.4239700562500002,317.603939684849,0.04423208980889459,0.02104112392794979
75742,-2.955302813164508,-12.498158267784655,1.3380910702342126,2.2922541666763494,269.17170610175657,0.46351906604878845,0.02104564647187306
75743,-4.912497341497781,-7.460971999113795,3.1940332362809984,0.7590925764203846,469.4211152784207,0.2290295866002383,0.021048666008840304
75744,-4.654578786485784,-8.468154391272993,4.717846849027179,1.818673333164315,433.2159627094935,0.32744032522309485,0.02104939561657099
75745,-4.552372763285896,-7.602942314015924,4.2781765017190025,1.191535845796655,435.33310983228046,0.08539059913820779,0.021049949070001062
75746,-4.7808333153175315,-7.517051440638493,3.999986324061765,0.5781416322161684,121.37847795405612,0.11671151656787604,0.021053077828861434
75747,-3.6557871222313967,-8.084056954209139,4.791822944912538,0.9215549776016319,259.5208540580005,0.9378537323847933,0.02105341155477494
75748,-5.856999402036413,-9.400302586321745,3.856942026950062,1.8757948906163648,468.1203093579774,0.47562806762468934,0.0210539193052233
75749,-5.536752336357283,-12.424397831369323,1.2726084597265905,1.655468175792731,468.3046897411729,0.5709660602215942,0.021055878216816988
75750,-8.343517254576126,-7.39879549764238,4.006881161211228,1.8159020364365968,432.88731373387765,0.0976500366140316,0.021059087184000267
75751,-8.945075932829132,-6.724097648653546,1.317539491366386,1.49070232125967,467.9208602083373,0.5929397031081391,0.02106195688354853
75752,-6.856519336317702,-7.366215172799013,0.6460909707365571,1.1729191328930095,243.57193085673168,0.028546667763753142,0.0210638343328621
75753,-3.4364138038163583,-12.835592853166437,1.2658723896662467,1.7414154204210401,410.3617785254735,0.6289849568524337,0.021066130373706825
75754,-6.6896886263320035,-6.744957342508612,4.701807479696999,1.5436465791661975,359.19593289567797,0.37348815421626824,0.02107020840162582
75755,-5.5955789193842245,-10.92251067346192,2.3255018473347087,1.1255565144719462,420.6637819558613,0.7097660664868295,0.02107028354671155
75756,-5.917747751685763,-7.160976665660918,3.773151235618354,1.7985842672711405,468.3913368016574,0.5332148512433106,0.02108472097898177
75757,-5.0153836303571255,-10.480961646533224,2.7025671884733966,8.581584705761005,605.6130819415804,0.054683247662917545,0.02108824187132626
75758,-6.71742976365989,-9.293527077640974,3.852787112200313,1.5916648351933425,468.63626615440563,0.3260628127474323,0.021096379886642248
75759,-6.822178639630866,-12.437124896434202,1.0554211811311096,0.5609847135944285,136.0893680734804,0.3890257820164953,0.021099276326449284
75760,-5.974580932682079,-7.167831099339004,2.823400160638357,3.796267842366911,554.9341848873062,0.9144426139068846,0.021105473814807603
75761,-3.170670209993447,-7.807825231597227,4.496068359830327,2.995594995937265,499.2569217781702,1.534889624956711,0.021108774365002896
75762,-5.1474617344127624,-8.334384880646244,4.873493371435022,1.1773359236387375,257.61551786297923,0.2891816622380219,0.02111018285288945
75763,-6.653062582697274,-6.459062896447518,2.7805529276630714,1.8647582329209267,446.86472225006224,0.564645106555405,0.02111404743274259
75764,-5.283056943922556,-10.940018429066273,2.2476356085504507,1.2915611685431458,313.2916399713009,1.4428048830413607,0.021120751099120788
75765,-2.5869344942296335,-12.573488127524826,0.002904959147294591,1.2784724736019322,468.0434512770287,0.45106730696736275,0.02112670962880938
75766,-5.221045691948217,-7.8967665820046715,1.2920239879334567,0.8856854770802812,245.1554345529167,0.96557043167254,0.021127177935634955
75767,-2.675121772252835,-11.88439221875128,1.830334022064551,1.0883896421601509,215.1001352992274,0.23837749528976637,0.021127828293156983
75768,-4.599136890940191,-10.900437623801608,2.1290836108107967,1.7576455101067687,377.1445738726455,0.645303643278953,0.021134194692094786
75769,-3.5408392348812425,-8.5844959853566,0.3729035333732314,3.129386137813943,489.77395775065673,0.43709640665605587,0.021134787123779697
75770,-7.546797223013524,-9.753712611429698,2.154497476620838,0.9990085300652405,199.76662977262046,1.0745461374503806,0.021138390784702716
75771,-6.939938576105122,-5.673666452444935,3.510088972530538,1.2397256803234675,261.4473289474477,0.03386306555329455,0.02114295713825504
75772,-6.755009084725147,-10.844937723179566,2.145613037880891,1.0841155535226425,286.70913063870177,0.3401611087300642,0.021144227833750348
75773,-7.117371878363786,-9.91611880288973,2.7943104380811405,1.0090227952079827,274.2412333494844,1.3325561622372364,0.021152170685418175
75774,-6.763536047922418,-7.053138377902086,1.1101045398185285,0.9042600385908186,182.93284467422646,0.7491126998510076,0.02115414554862746
75775,-3.4149174230987693,-10.817173590632487,2.2099739417049493,0.8409890163663332,469.9261891999599,0.13142189610315658,0.021156631543491202
75776,-3.5863505765902257,-12.271640008907237,1.312355787401987,1.71419178475525,401.6449978583598,0.1873435776513679,0.02116659510460781
75777,-6.112331781980238,-7.400325839945969,4.9971571846026,1.068254325022487,277.7811597388938,1.7921136089361172,0.02116862874592462
75778,-2.4236361662997163,-12.287188670895672,2.4870375593179928,2.6530372599614984,182.51334475977714,0.361139269088973,0.021175527058413187
75779,-3.518627776115917,-9.638908307862819,3.4560204906959715,2.8802392558385117,490.78379018886966,1.927711535686858,0.02118330614120661
75780,-8.533649571441709,-8.35257458886564,0.9824612344223151,0.8227853065986767,467.9522171853819,0.3734124924422195,0.021189114887897126
75781,-5.022200012080942,-8.05522572808908,0.9518539073708945,1.1582000276728746,467.01364063089443,0.11777630940556261,0.021190258490335814
75782,-5.509673772910533,-7.433527611626398,4.374012402114446,1.4500583482186495,468.1981450560063,0.3006153539265837,0.021194252443202336
75783,-7.68902234113181,-10.25530331502126,0.8888738723251706,1.8160439863642635,431.3627106858585,0.6088324020898481,0.02119614175364987
75784,-7.804888795288473,-8.120793553286624,4.124122342905332,1.0986029043002823,232.83106209248618,0.5471676701180925,0.02120054270252671
75785,-5.212726046843345,-7.918991354936671,4.982627276434394,3.7361960848417715,338.4254222065928,0.10551487140108673,0.021201909537387764
75786,-5.762114732179456,-7.28185615695986,2.797349185112615,1.0258869415592984,411.613859310844,0.038956304731695646,0.021204847491209232
75787,-7.985311457294696,-9.237480510440964,1.6392417493617006,1.6667173729531128,390.7857418422991,0.09265688649861392,0.02120496889871772
75788,-4.20861945682518,-8.20993706773372,4.813950767675611,1.3435615607431135,287.40404003462874,0.6678482542537951,0.021210407499984776
75789,-7.760014907269213,-8.696698530991311,3.3366086495396265,1.0905792654158917,467.0649006394001,0.054574168012122115,0.02121593436162136
75790,-6.399402924686906,-6.858285389634869,2.7022986072511963,0.8696918611116309,185.43798974189227,0.08981556973357385,0.02121934921894542
75791,-7.73508514588209,-8.908450641421304,3.0502668320207427,2.323073799946887,435.2164740306108,1.1710183349018957,0.02123338924822504
75792,-5.880592913504012,-12.268624833205283,1.2674676625997974,1.8826773014628768,387.5244368319954,0.3897950116171467,0.021235400988189584
75793,-6.464213105554573,-6.926586320787363,2.145396608259501,1.065511047672659,254.04373457708337,0.3775108704419665,0.021238665186552222
75794,-6.287904242617129,-10.399270894575903,2.836766580088397,5.601008474336302,651.6184946458213,0.4939924611520272,0.02124141579572371
75795,-7.3355052729395105,-7.792317693484893,5.117246514907845,1.5374400634988832,468.7532823970831,0.8028727929481603,0.02124680120217937
75796,-8.891050378096555,-5.603436575556248,0.8155862685061622,1.4119033482194496,467.9450210373653,0.5895881276460875,0.021248687357387375
75797,-5.289955408961761,-10.799150878571844,2.4208407905915656,1.6053267401572677,468.2107548467033,0.4019897938117625,0.02125023609662363
75798,-3.477292949972809,-10.861388821838517,2.0299604772334523,1.1315588249603896,293.8268933908771,1.6953079262025215,0.021254609386861207
75799,-4.088351593781331,-8.075416019110303,4.797314219163356,2.948970523446436,496.4636019580001,1.8941141021394516,0.021257587479069515
75800,-6.755584508682659,-12.004552559028468,1.1337997769133514,0.973502176949298,269.07399295431765,1.7164346430310529,0.021261011452899586
75801,-6.003067232936681,-11.06170380357899,1.9625309249136216,1.0262077463915926,268.96888868410076,1.2588725765673638,0.02126173453382929
75802,-4.85576229608726,-7.997324951535505,4.910762330898869,0.7660934663599698,209.4440047085609,1.0748297254146033,0.021262978846732665
75803,-5.16498097212836,-10.965997997337617,1.79735493637456,2.660534946069048,471.2319547768633,1.8200961117776178,0.021265078568723682
75804,-4.3322331797848985,-9.744663316885292,3.368579851280096,0.7961135103115764,467.76795806352476,0.5336604509152298,0.021268011766616905
75805,-6.124018167836915,-10.228469382182578,3.0066606827474516,1.377209689468308,323.7083110010763,0.42762860431703764,0.021270954736583785
75806,-2.900899959355959,-10.05492013960685,3.4511659406318334,1.387498777106503,305.48225699525375,0.8839833594017152,0.021273495373302396
75807,-5.042210713898594,-10.759015379929002,2.4312644054142454,1.0943960965459234,335.49557472235034,0.26848906371043046,0.021274682154796738
75808,-2.9412000773655587,-8.92190719356177,0.24793481576910625,1.1913821746673565,285.80517572672056,0.5179412821837435,0.021275678566398712
75809,-6.687205164917739,-6.5020544908380575,4.0846559579339745,1.6895893643544964,362.589457772542,0.9793464677289103,0.021276574464938594
75810,-3.266642416928555,-9.923616842124577,3.1766848198050015,0.7054044611069594,157.5057500919545,0.9454067267706128,0.021294491275277123
75811,-3.0856353912745007,-9.952266196699359,3.2577927948376204,1.2595338799120523,268.652643920486,0.7594600433150331,0.0212946388780127
75812,-5.282563971422539,-11.739557433733,1.3690322842408573,1.7627247801121122,468.32908676295153,0.8844684425914275,0.021294868727623376
75813,-2.6402985105851613,-10.436038115910312,3.77433424022589,1.7703896692580312,422.2198150710756,0.7933567283085745,0.0212952046449032
75814,-2.4316570500116272,-12.948796741488076,2.565921773044839,1.2254030012043107,229.21140542305417,0.03925019443669431,0.02130091340299516
75815,-7.142461415968856,-12.879724638286834,0.7022490624028416,0.8364770912947171,468.50238766247963,0.19024512444825348,0.02130177982080747
75816,-8.795410376155179,-5.4073832832906445,3.408101203037637,3.136873683867646,282.4463829002097,0.15301279326679307,0.021302963228851012
75817,-7.978076149675657,-7.271525205203204,4.794274903073139,3.7766965474353715,548.9691719775049,0.6573997335369333,0.02130493051597827
75818,-6.913997106084427,-9.213977301308091,3.818983462003396,1.4030931607681063,318.73583945206855,0.10798763254961852,0.021310414605884846
75819,-6.219711620596035,-7.040856720935147,2.5911086021096943,0.6319921850496989,133.6000155812643,1.0007701335259105,0.02131198767255457
75820,-6.641069024174959,-10.731585347645558,2.389210831496106,0.9527095314740553,468.114860838917,0.7391192407837357,0.021314091381874928
75821,-7.594810573819252,-9.986998174617774,1.39650203644819,1.8118834544124391,470.2133081591103,0.05077338783646557,0.021316496789303366
75822,-5.819596474463575,-8.388645881542649,4.950592120521761,0.7975901746008108,184.90582149219247,0.3218509063948609,0.021318065263996325
75823,-6.685831882188768,-6.384246934586833,3.501191639570765,1.3464785133607866,293.02538124386894,0.0566164687821793,0.02132249997407923
75824,-6.310791257482487,-6.96647571202182,2.5876890484790005,1.497440867234844,339.1742870531648,0.2484885661607512,0.021324118482062292
75825,-3.03154771359318,-10.903273625527802,2.38110714754701,1.51746618436314,467.60436106440216,0.31547547520990715,0.021324617961095135
75826,-5.594842175411452,-9.629375947459048,3.582471838440944,4.100015944576203,343.795690222102,0.12203027188170967,0.021327453588794596
75827,-2.993141967049816,-8.148867984316684,1.0212468886080477,1.2211534655906693,307.43298780476204,0.6502477445735506,0.02133163875053602
75828,-7.789174220457413,-8.229910705965324,3.99206728114184,0.9980383892989364,271.9946607376542,1.319536364444585,0.021333581326854593
75829,-4.921816635640418,-10.942012989220565,1.823660750386996,1.7609131552705322,468.6052243184229,0.6497135189962835,0.021338802797462194
75830,-8.314185446800392,-6.483887755525015,4.57502094377083,1.6077921091263598,369.79400115214804,0.37619733166533287,0.02134002858986548
75831,-2.8960796730378657,-11.06036357751384,2.584009727611132,2.557057122208394,455.7421078405725,0.9640845688046964,0.02134378280330059
75832,-7.336044157936312,-9.601779780247046,2.8376946317763885,1.6420489853388927,387.86660249402496,0.4177287562543084,0.02134664602700874
75833,-2.5994317038280936,-11.792200711148745,3.347090697775475,1.1192130137707716,468.10553201501574,0.7340036825741683,0.021347025579034586
75834,-8.857104071455623,-7.3931790885102435,2.1157281153823226,5.324718837670936,637.7784037007658,0.48894236879693853,0.02134758864563993
75835,-5.181804197400031,-10.798367127555897,2.393728636352324,2.3792000138160625,435.40668644842583,0.8692232970101168,0.02134803453924068
75836,-6.266099205084937,-8.607916395553595,0.11628776120515422,0.6556921799473334,139.00492738047268,0.37296308145806023,0.021348085796360695
75837,-6.996323673548582,-5.391467751171226,2.1551760769065216,0.8571152239486752,467.8669144217203,0.48678903150302144,0.021349662001674166
75838,-3.020296511386473,-8.03719258325922,1.35037759678751,1.1032883089108667,284.73424027183063,1.5449087674954436,0.021353680729359243
75839,-3.034011324174571,-7.76628889867532,3.663330560184772,1.5873516527295983,468.90268497215726,0.9211944007549677,0.021355424086469503
75840,-4.548738303345605,-10.554463818286496,2.5806733151068038,1.3407634706561347,307.2941339797661,0.7097504925560107,0.02135698852170269
75841,-5.074073437529897,-10.999341122709962,1.6982425252542404,0.7447223448023131,217.33939051093577,1.194011925194176,0.021358605286867068
75842,-2.81009765179334,-10.440137497705523,3.3507640039054665,1.1151417977650713,466.9041525506909,0.7545564902985324,0.021366046551809702
75843,-2.6429128162043547,-12.755430005943248,2.052759032373545,1.0168542295981842,468.1893097510834,0.8700481621963485,0.021370430680880226
75844,-7.323958748122207,-6.262807066034266,0.34675481288878957,1.5081142533849972,323.92501603256414,0.22194561307803973,0.021372467546146415
75845,-4.370005541716434,-10.785193614857494,2.3309730619771822,1.032745095726065,280.6775955076548,0.90494722805217,0.021373444209337396
75846,-8.212018256870246,-7.894188431110131,3.6171283198551722,3.3548538448486003,527.1537218079701,1.5077556669614571,0.021382912687417002
75847,-4.585040983630658,-7.883017651251654,4.796774601927857,1.712032293290656,467.9298736693193,0.337517184209676,0.02138449812992277
75848,-7.060801268300574,-5.564984464406141,1.59213095347161,6.502236312233492,657.8736102661999,0.2375205347021554,0.02138650639171868
75849,-6.9453990353596335,-6.020412412936632,4.144407643308486,3.0126337215148844,488.5293683122487,0.5984043404232056,0.021386586220677066
75850,-6.551735408188257,-9.130086074117553,4.104451640787397,1.7436436177365577,468.66624637244246,0.39337104103613196,0.02138806289935856
75851,-5.401619083242191,-9.337537234049996,3.882073790249448,0.9781939674459121,248.79541201731905,1.0491446834798248,0.021389391091057225
75852,-4.2272061900411115,-10.782604401137998,2.3254018548357736,1.3035059306095462,290.1563167382824,0.2555062016897036,0.021392596959181033
75853,-3.041054008852967,-7.797924887715781,3.995025983126001,1.1789806004078163,298.93711518681306,0.5925304652965613,0.021395641534557256
75854,-5.434340953928263,-10.155700686318536,3.031518822472361,0.8447949087210571,202.74578249977182,0.9167774574220742,0.02139717100961861
75855,-6.499340272664895,-11.958316077569199,0.1325085981137797,1.3458421312814248,290.8705147597624,0.10606814079996152,0.021398697819536325
75856,-3.6062589854128637,-10.24795223657053,2.8406948040684767,1.3949090411852512,468.22790364188097,0.3098713822179091,0.02140139329078208
75857,-4.908153909323393,-8.7353966162843,0.2046605333229339,1.207084185173536,265.13365295628495,0.6160485338628492,0.021404661604497225
75858,-4.335671008236874,-7.77069493208916,4.5835977902183265,0.5423446931002229,153.04744350866667,1.0506561254541298,0.021406569858595258
75859,-6.696538652419825,-6.568308817442275,4.306078572982742,1.1678997659417676,290.5871866095472,0.9890702496329871,0.021406897938310163
75860,-3.310094375837915,-10.061007879841778,3.02318690022061,1.023306752540562,467.1377967960344,0.06113383655611937,0.02141517837672597
75861,-5.938368127169561,-11.598984480894032,1.3658532347863481,2.5471848897506506,434.4734544951128,0.37595611684273944,0.021415747409053623
75862,-6.024257016189903,-11.060531461819053,2.0502057168411993,1.8489145710680746,467.51188512962904,0.6100991219359955,0.0214160881759644
75863,-6.889208926275039,-6.081328975867242,2.036517883048506,1.7600725209568069,467.82676470077826,0.7573988805294691,0.02141628046697876
75864,-2.7319791993105333,-11.43426661307314,2.9003362973295603,1.1887310249403191,302.33983094901185,0.6291298006588786,0.021425791581755886
75865,-6.954490339766075,-5.44033016667364,2.7117607894093556,1.6838909856274211,467.8305967543043,0.2304589874879701,0.021429856092321595
75866,-4.842733422139567,-9.20317435413861,3.9808317831152302,1.1277452650419542,304.9121937605276,0.8409703544406657,0.0214321501532653
75867,-7.314124315477334,-10.443727163426685,1.3608399002471727,0.9151563724853843,244.09122631794713,1.1265718523538775,0.021432813597023762
75868,-3.19315392587706,-8.80918008930281,0.2540301735083642,4.897379534377164,496.2548415634366,0.04257764698950606,0.021433468693449687
75869,-2.770461590366314,-11.466333193871769,2.7354232522180735,0.8822238564888827,251.66485860752266,1.714380371709618,0.021434448955225612
75870,-4.593641675854112,-8.230169866998587,0.7606084252927726,0.9976593436926705,189.913809115888,0.11923166886154046,0.02143672186597857
75871,-4.498453298485858,-8.059203697015718,4.852645023892095,0.88416821429323,178.47660543145182,0.9319527434516113,0.021437001649707927
75872,-2.5297933307465286,-11.180284822425362,0.2658406783019886,1.8780268817410144,468.75972319700617,0.46205065159237435,0.021441468943955898
75873,-8.796437658593824,-6.861090851217,3.2666173195195287,1.0701243377394372,468.3269375665919,0.5086028883521783,0.021444589499030477
75874,-3.0709373956813435,-7.890456899584022,1.7928067563783625,0.857802574261628,468.3242588740855,0.015770718193325983,0.02144577111566805
75875,-7.741570611579076,-7.706984750747368,4.734020418600028,0.8874035702876186,467.69029924857995,0.7519365194764633,0.02144620183284757
75876,-3.827213500607927,-10.01509545646937,3.0686718863740774,1.7285405460738819,454.48205951296234,0.35642625519361193,0.021446428837930038
75877,-3.0034940710183626,-12.114996845512879,1.364326308727305,1.1846355317765278,243.15593110977548,0.023302596464018777,0.02144706294376525
75878,-4.724850095926943,-7.692296439355931,2.0396608690680815,1.2821331547498802,306.5521661730666,0.4847408615252915,0.0214490196349789
75879,-2.577760424443481,-11.596905791598909,3.4218320464132472,6.45170696195762,382.4194143521118,0.15357206596639106,0.021450125931323588
75880,-8.74722886730309,-6.0058037572538225,3.5999781667932904,1.4803382433358254,346.5372257749802,0.4858121155204085,0.0214529135279678
75881,-6.502792747482188,-11.189247644771097,0.11227638664392352,0.810331863422346,239.4971866248034,1.1341240721140329,0.021454923773345323
75882,-6.266674286944358,-8.219520975800005,0.35803890660407833,0.8125563412178115,219.733809095114,1.3102665761149401,0.021458644926884454
75883,-6.3529583557677665,-6.8467709624287405,3.6894521655409447,1.7767752157194705,422.2250474405388,0.3110146242429179,0.021462780492599393
75884,-4.419978982431041,-11.002966757135809,1.6491474649069402,0.9290630372016497,187.06256421907108,0.5058814603950532,0.02146319809706318
75885,-6.883969916552983,-10.740829691485487,1.6506450622565796,6.499085978805179,651.3321111841427,0.22751474612020406,0.021466832565098112
75886,-2.5787257850643774,-9.208285200404832,3.376064999399632,0.8180731161610527,206.51383414767875,1.1596612921120304,0.021470875308458173
75887,-7.413700634660129,-6.181788967964477,0.24882332031069007,1.1035125670557728,175.7885525557994,0.16584022621045236,0.021471373278830048
75888,-6.041383942662077,-11.053675878308335,2.145500747050141,0.9412896607876945,264.3050415131828,1.2941891720687364,0.021472666943101886
75889,-3.7133526468771727,-10.591991044926397,2.499993545117495,4.060214425785344,573.4753845686558,1.0737606258141001,0.021484370868200566
75890,-4.226043066672819,-8.269166954978015,4.775123047123349,1.0924520598800553,465.45748292838726,0.11727496994021802,0.021485377449805023
75891,-7.194605808406954,-6.419549137386213,0.5365089469537146,1.4642149451677227,347.6850576214204,0.5113473183610466,0.021489086218641634
75892,-7.98262282286287,-8.610375723346596,2.945013755014082,1.6249083864542688,384.49657979813975,0.2598745001360774,0.021492152443917542
75893,-6.596677636912606,-10.948311955886048,1.8923393819509502,0.828949530524537,267.7925605496956,0.08409777981490496,0.021492182180052735
75894,-3.7810672375983687,-10.126370307683171,2.9663212387901448,1.264067853796024,280.13576866208996,0.2583122935232236,0.02149270307027686
75895,-4.1666707321134355,-10.851790255479553,2.1432417492949343,1.0531540720040322,428.4271988793,0.021062875375124968,0.02150146343841401
75896,-2.9587084547347047,-12.408097041549537,1.3397322581180944,1.8998977458960606,467.66430249603786,0.5722291583219681,0.021502778798377222
75897,-5.502925989111813,-10.743667444144691,2.483061948063587,0.8940892652821186,468.396203501549,0.5349851261639298,0.02150669412171174
75898,-5.521426553382172,-7.382810875794818,2.6871849970151915,1.445591770076091,327.9084644265414,0.3017101038712928,0.021510329092169756
75899,-3.904368437963895,-9.486009244056767,3.614019609390363,1.7344586866225953,374.3403939275232,1.889393292846063,0.021514138390706938
75900,-5.10163799170863,-11.21537629598112,1.51347101255178,2.777278461050781,465.77491585403504,0.5964852658911264,0.021515034251177657
75901,-7.106430786750035,-12.766382824491346,0.796489702798274,1.6659382745242126,389.5333568448608,0.7601501397227031,0.021519918108591798
75902,-5.304149207832111,-10.715895754358748,2.492432446506757,0.9549388019636873,262.80798984661226,1.5536667331271392,0.02152468797876783
75903,-4.136543970749655,-10.577680161659172,2.525764670923554,1.6127345860855218,371.6538672164651,0.7615143277215886,0.021527713740054105
75904,-5.126769922976137,-9.943607739408716,3.2116308850020436,1.1839493875891585,297.80629457229753,1.5879708492905609,0.02153480808874433
75905,-7.545430672255383,-7.299867494274947,0.21481070165843802,0.9659672684449175,187.7617095292664,0.09928422242866031,0.021536214766410978
75906,-4.226310468334863,-7.813446424489918,4.640853041000701,2.424144198079386,445.19640723649593,1.2537320536869876,0.021546110450177732
75907,-4.175461295769063,-10.960691522752267,1.6980822833663838,2.2138020479650558,425.6244675285797,0.5718530185281239,0.02154665760117245
75908,-6.5558188035280365,-11.052675674388267,1.465423417907455,0.9842617310348302,469.3018972488522,0.2126961284921549,0.021549695499567045
75909,-5.5821013184933985,-10.889902828293273,2.3286761348068343,1.0930713976807476,234.11919736391124,0.6425915862384333,0.02155209242398349
75910,-6.02001993760855,-7.25921623543826,4.562477582440773,1.539781001213059,347.7971710581849,1.5665957213442407,0.02156070532181561
75911,-7.296507363600916,-6.506543143019828,0.35863926707429944,1.0247729657369007,149.178811042371,0.23851802481847972,0.0215620165471798
75912,-6.973915329763695,-5.8163803708691475,3.9664382266378024,0.9661085654138111,194.46520699648795,1.0634386966221276,0.021563253108165946
75913,-4.08449107124635,-11.050140062992238,1.602438290178554,1.3041621127337315,283.9146328479535,0.22478600778099178,0.02156842961447967
75914,-2.5883828391806265,-10.426179367385515,3.8037108173717775,1.0005520139213715,273.5034158029681,1.819622617627572,0.02156893723593273
75915,-7.246495233105085,-5.656920910604595,4.6696935002824365,2.6464267635449263,467.8497403516014,1.3401776841843498,0.02157025531536538
75916,-8.132647233306425,-5.831819761751216,4.795414696655534,2.334565803303123,439.5916639727625,0.4807581344537546,0.021572213948567405
75917,-5.272386438879044,-9.788185724782679,3.3818085329814505,1.6020208453461082,377.33697012078744,0.3529726210363169,0.021572232417899864
75918,-4.950302107479867,-7.462218442599914,3.4726056413368385,0.8876509014929631,184.31612583028416,0.8775385225666144,0.021578187170051947
75919,-4.970690375949955,-8.374757621313378,4.80685701791668,1.8394843565771835,441.8407630736353,0.03411221305812351,0.021578302420071426
75920,-7.0833059997045025,-8.488758182795074,4.578274368893565,1.2332014514261413,298.3071412065802,0.4365682528015622,0.02157984918586716
75921,-3.766638228439893,-8.779824701344854,0.21660550019529953,1.8062741128767068,430.72985901515557,0.18905716955128948,0.02158424064042613
75922,-2.397363925103723,-9.881108221427684,1.311841812852372,1.3174114456955635,467.9710832360848,0.6048972601293361,0.021585091276181377
75923,-8.570696573050162,-5.246152781991336,3.9604571811785707,0.9299735327000078,184.39397739416452,0.08010491527329577,0.021586447296420036
75924,-4.903578281415087,-10.91248876788355,2.0332678718643127,1.0520204301597824,467.46803838527,0.4784671473729887,0.021586906790508915
75925,-6.674500216300885,-10.470786245536182,2.6187778015713845,0.6751766981557255,468.4376392549908,0.4082700022307941,0.0215881357493329
75926,-7.861895982912809,-5.3357225058668245,4.939232368359107,1.1355474397813123,298.14109746655606,0.5181492288095191,0.02158954554989059
75927,-7.019682954226437,-6.169911022688925,4.615614148535652,1.9172465044554672,391.89426142118293,1.1191981484415807,0.02158983133682937
75928,-3.3660006342194,-7.776704209987058,2.0186545666659144,1.23596951528726,163.05364859121855,0.2226811904628354,0.021590308417628733
75929,-6.509042004288106,-10.676259746727334,2.4993738067933755,2.265170381370146,434.48773682396853,2.1991824866706056,0.021591325287839334
75930,-3.5940193286759117,-7.671487293109133,4.239242929385721,0.8465409094008591,217.74000307490746,1.3346083175195167,0.021598726236666976
75931,-5.3720246021531235,-10.047784424735843,3.1301266570016466,2.6593881443005887,472.1700457026103,2.1799580993297907,0.02160150624961916
75932,-6.888122585384453,-7.284409261995298,0.6829997609522325,0.951429012409809,198.65534017388993,0.9337247015980994,0.02160202421144361
75933,-2.4435747172707227,-9.769720929867661,1.9505315348223302,1.7422859017294703,413.44997380308683,0.25226311096220666,0.021608460187701403
75934,-3.0423938926596374,-8.453725245811501,4.750606269237894,0.5475067221437071,146.01567401016908,0.5188842709979058,0.02160973560672665
75935,-5.040206778730805,-7.558554748343833,2.4206182525474373,1.8462694359369451,443.24471981850076,0.5242639385250998,0.02161219924089299
75936,-6.2201480558574085,-6.957529875809251,3.5286334312656384,2.2824146451251726,436.69781883055344,2.265270207428652,0.021618303406672888
75937,-6.636203545940191,-6.643447989324606,4.256875614473536,0.8306607458939889,465.9356417068103,0.10335601326175414,0.021621493980374787
75938,-6.4316207338141025,-6.810954852886098,2.7434249028934774,1.7504464275531422,376.02476884638963,1.7748851959368812,0.02162212271729776
75939,-5.509495755276625,-8.15110131141855,5.0317572741419285,0.88106219700267,467.43815342366764,0.17449685379651658,0.02162627878125283
75940,-2.8105699927344316,-11.481415565672892,2.404026613964299,2.6031490595759332,465.33326653549875,1.689433336441768,0.02162767858378654
75941,-4.974126083046173,-7.967053015878466,1.2273767754767069,0.6983690258020229,467.4078554120993,0.3742072252553905,0.021631645702325702
75942,-4.958127596097153,-8.696282639105375,4.53027107683526,1.1853255044930293,241.64515893019043,0.14474236068010526,0.021631833113807168
75943,-3.4754441103200486,-12.741171080971167,1.2653747581186774,1.906272882464929,468.40462933096774,0.5855638643729826,0.021632925514269048
75944,-7.827554003857784,-5.558996078470884,5.009320455623114,1.029895133792283,251.82306517762018,1.054517785963517,0.0216339547976143
75945,-2.8850059457562773,-9.600166936553098,3.9262350324574933,4.030466748134997,566.3355127231183,0.6749315789051691,0.021636146840857892
75946,-2.6003354112093504,-11.73482363217303,3.3443476846161775,1.1129704911604112,467.26880120914143,0.4472730867458665,0.021644257962422513
75947,-8.227960021430539,-5.775282884178127,4.653056270539246,1.0182109115100277,468.13551376153777,0.6411640010970663,0.02164540863554776
75948,-2.8575725758084216,-10.895308724161012,2.832466660709619,0.9459602487904982,259.8746768466395,1.3399934394054283,0.021646837493965353
75949,-7.397743181970916,-10.947852683746957,0.9511133715690615,1.147360770566525,293.6804506659258,0.7516842638336163,0.0216474509465751
75950,-6.16549281107042,-11.013957922401964,1.8612841999760181,0.7667605272154571,230.4035607345914,1.2770402440725528,0.021648190570961887
75951,-2.950938752272414,-10.157157706725815,3.243540253331403,0.8593393625638192,188.68145670957472,0.09551774151073378,0.02164844600715134
75952,-6.540828608652957,-6.629414761414069,3.5512010732384254,1.2282726207510681,223.95742849653297,0.051664827023132354,0.02164995893016415
75953,-4.4788045791837146,-7.592829754363327,2.5906587075460683,0.7770484126732262,203.97754977327014,0.26533481038793827,0.021650022915418426
75954,-6.175570863268966,-6.996200421465656,3.271868280804256,0.822885574134286,176.21728068239472,0.19785141716505894,0.02165334870640072
75955,-3.0154849054665984,-8.792394313157814,4.546035470020237,0.882333257412052,184.45667151360394,0.5920090052241251,0.021660347242861047
75956,-2.762705924331634,-11.764034617323517,2.4271256576038622,0.8491976573327248,215.5411124308522,0.40304610623647275,0.021663460261426088
75957,-4.456454920506903,-8.038135551323439,1.1734353784581715,1.0929170802311954,290.8846202345521,0.9952044740247077,0.021668431980008413
75958,-6.362318927430963,-10.98665281279969,1.6132534101898728,2.462205754350559,317.7021874287359,0.024140309325056286,0.021671469749222284
75959,-8.63731118160956,-7.020571537223293,3.6383635766044278,1.5671893225109415,281.22660935655836,0.13939520532278138,0.021672520326104963
75960,-6.755191288274667,-7.264606902452287,0.8940351976255847,1.8193866109479229,432.3987601784961,0.5877992302207895,0.02167712118729715
75961,-6.870201009020089,-6.357008901071029,1.7978751646271103,1.2283664467994844,155.37091672085802,0.4071738577412436,0.021677189330488535
75962,-8.688981383940483,-7.186399308403222,3.3214771442203688,1.6391064044093109,382.8112945659828,0.14522330330776967,0.021678296055111904
75963,-4.543352626348243,-7.539129377099297,3.00734653019282,1.8113843033909356,467.90019359473683,0.3110913278374827,0.02167920193706449
75964,-6.954105271447682,-5.537088669316913,2.5000769729805445,1.8759846869753727,468.050883094278,0.35438031784840884,0.021684217312324235
75965,-4.653784538971875,-10.8533992725012,2.221651168596037,1.3619017500282389,318.7717976851786,0.30765149967775063,0.02168625155840373
75966,-3.6229278447932423,-10.898001115087187,1.7633139423145212,0.9150878711304409,218.11683701847826,0.09845779624423479,0.02168792323630115
75967,-5.451285729339851,-7.390854984113753,2.8366756967632005,1.1753715254757287,281.7134275548889,0.5036103041063464,0.021688167267208527
75968,-7.297675158465448,-10.665117356386865,1.2266225067098266,1.8211184640393283,436.0791869405706,0.7768982764180308,0.0216903064843876
75969,-8.49359503523735,-6.965708568180803,0.4801714350417661,1.0126402171616604,467.7340590194913,0.10673515630588426,0.021691505011258744
75970,-7.375306146182767,-5.39830287267199,0.33920516561757175,0.996909120378403,273.68204466322084,1.2710209589576893,0.021692903550899808
75971,-5.059560050902779,-11.09689030805467,1.576691046598482,1.4516324420472335,325.6164710929921,0.0034721664166790234,0.02169571418761195
75972,-3.87027336749005,-10.906681517466334,1.769287732593974,0.4971674356793335,123.65042961094996,0.8120859257269304,0.02169725387630567
75973,-5.2618275174584115,-10.620058793420174,2.5660073315301397,0.8804273672885374,227.86838163231783,1.0644389805012162,0.02170369257335401
75974,-7.378411440936677,-5.363462458821129,4.749589887437389,1.4503129528090217,320.73066622798194,0.11378633679704464,0.021704973222449776
75975,-3.3382526409793094,-10.85996103746021,1.8791553001674088,0.9087357412299847,467.65498823912736,0.30499085823281025,0.02170613996118742
75976,-6.42800553287266,-8.339281898144618,0.229913953206784,1.10214528476463,237.85334028281272,0.818197551001119,0.02171022815983181
75977,-4.1126276835732645,-8.481529684863348,0.47708008791639767,0.7648745057375543,441.26435556938725,0.5136026214954201,0.021711647744616907
75978,-3.52059698288798,-8.88627307185237,4.247196639420968,2.8199148483432204,483.91314150549243,1.4866252230148076,0.021712673301892176
75979,-8.248270725297282,-5.725285826429645,4.611563689763134,1.1677744412679052,300.13349645446596,0.9193817634302643,0.02171349584322971
75980,-6.688801166394994,-9.421329438690288,3.701865492067726,1.891445380545232,392.6152162290982,2.0033160644352943,0.021715718631287958
75981,-7.564997192440218,-8.776660885290518,3.5775311659414615,1.1900766424341929,466.1478015951017,0.16006598121158522,0.021718200899201286
75982,-6.88943911511144,-5.926453868727347,2.318454867462254,1.4702472044275103,330.0245331964914,0.10085594046292279,0.021720186411176484
75983,-3.3028792897020045,-8.063360140756377,4.7493865269099595,3.9229207001916997,399.277783148428,0.016107281142537566,0.02172026553707316
75984,-6.269498800850382,-10.790135609410616,2.447401251256201,1.7918449384814814,467.6789869581578,0.4288777997025939,0.021722241638247722
75985,-3.807179041112059,-8.392457068958198,4.689721258620766,1.830250393462973,438.39878441246344,0.01945301194281779,0.021726576297257705
75986,-5.130687128528636,-8.122731135688433,0.8441390497336702,1.386235223213999,324.9537806230714,0.20608384867705087,0.021733084692735712
75987,-3.898898372191944,-9.414809599007105,3.6926044635260453,1.74808567177307,465.6646564480587,0.8703094030023681,0.021733140074678036
75988,-4.434222202391308,-10.936366064914793,1.7363651358293684,1.5185562690022087,468.0311295089571,0.4488993506716161,0.021741529951103455
75989,-7.103398051882872,-12.06727415192046,0.9331676441490411,0.9026260848222531,468.02108137515893,0.027317736985029484,0.021742369586667778
75990,-3.2077351253364874,-7.658234747063863,2.539392816972649,1.3719326585849272,329.3386124648752,0.2661110734938026,0.02174461096024506
75991,-7.424340007149311,-7.72276622119834,5.0874639723845725,1.2327419140948084,306.35071579177566,1.2601603502402208,0.021748936278087615
75992,-8.22000426734836,-9.040651603666207,1.0294606378623328,0.8077428658441353,468.5909077081396,0.35875550458786254,0.021750441825332933
75993,-4.709860653128489,-7.655215123039168,2.190080941803713,1.124364285506453,294.2223378373503,1.3667025421160366,0.02175236785488694
75994,-8.764750266399846,-6.699813077606368,3.448547204707181,1.1450246090218799,296.78564109939913,0.8293632209309161,0.021752473395335307
75995,-7.309402449564063,-11.501679913638831,0.5314966544831726,1.8166850704063753,468.60651599278145,0.6496683094366436,0.021752706786977733
75996,-2.71812725987023,-9.72792219492012,4.083179525261276,2.234067791643497,377.20639891765603,0.17214751945060947,0.02175755123537077
75997,-8.096353065088588,-5.966207755941451,4.860554050522262,1.100709086477083,232.97930263299025,0.06751874430259885,0.02175890256400883
75998,-7.838255509256236,-7.5892750724122395,4.70941617609298,3.2088865134947344,516.2222403736539,1.5565095471477628,0.021773702361772125
75999,-5.986829700483975,-8.069949538250235,5.1829076496720425,0.5060176290624083,130.28753794797387,1.038778804346065,0.02177410836478749
76000,-5.271553704051815,-7.491220893918508,4.2636806714570445,0.7660320463168999,156.31539652013475,0.7652914851081105,0.02177498431657046
76001,-2.7520454180513916,-8.524492603533318,4.143706207809541,1.2684294976977462,318.93212496269393,0.4122833316983421,0.02177499039312323
76002,-7.2202530929981075,-5.054310424579283,4.251747700686889,1.1217667108056315,260.5493309863059,0.9592093547622484,0.02178580721560713
76003,-5.299232500067889,-7.533892324569547,2.269450059851101,0.6225798317459758,127.5714020966226,0.41521882444014135,0.021789772531149366
76004,-2.9367411004378,-9.68569360988166,3.743919583913895,0.7318775495167477,444.06313539683623,0.26065614770925993,0.021790199733609752
76005,-8.868040483667308,-5.659718699688767,3.164594021090755,12.874374029440794,756.1529147605539,0.1831927875391015,0.021791431709410256
76006,-8.860358426325883,-7.3851156745427495,2.0582067714688885,1.0149212384210415,212.14863607370623,0.19308899652068146,0.021793199685488474
76007,-8.855904640655764,-7.403834809560373,2.0325936547535908,0.8459927727487145,469.62870103283205,0.061837082635160634,0.021793490583230345
76008,-3.1470349642543223,-10.94560281981165,1.7114806680576575,1.903074691245783,463.85860034196,0.5768021579670668,0.021796458668981694
76009,-8.653796571781372,-7.734922376287034,2.513073991567058,1.0735133853403356,284.1819074212281,1.5543520792722623,0.021802748161038697
76010,-5.602643994504126,-7.298413898853215,3.2613463532923075,1.1319826769956405,468.38910048005744,0.5322175645674028,0.021807295075024064
76011,-8.981813748297958,-5.326051096583542,2.557445455974123,1.3115043301573195,467.84853782329054,0.6462587440808614,0.021811212460564028
76012,-7.726990300017791,-5.115054620811416,4.922075396489798,1.1371414176477272,256.77783295788396,0.6858801076973036,0.02181535635174965
76013,-7.687261617563317,-7.561764953518637,0.2553698973316739,1.858652778456421,467.59453926135103,0.478131423800364,0.021817510369491946
76014,-6.276708673981741,-10.976939145087462,1.749070704084196,4.737947420366987,611.3668174730682,0.8131450422227857,0.021818751534135962
76015,-4.947258241139146,-9.039218477750195,4.155511242525403,2.007964561012963,402.09204641584824,1.3810135291205317,0.021824065228613975
76016,-9.009081792212674,-6.031355377099323,2.066676875586737,1.0057937065935159,207.84758692588667,0.062099229765441244,0.02182426661409646
76017,-3.8618131026929294,-11.04548233650006,1.5957347922006508,1.0280920447630204,143.75272215803454,0.2546369629838834,0.02182437028267566
76018,-3.88075492613636,-9.767406956722095,3.3166448262797332,1.571454596036666,467.393145049207,0.5579398795972672,0.021826588444350207
76019,-6.587401448878752,-12.899613136880607,0.17191837306090071,1.1703721912688938,300.5702210692736,0.5764911972439686,0.021827133768440428
76020,-4.059590930286547,-7.568376597279149,3.1324674344837358,1.5561149204031854,401.41792158449726,0.44866255719310555,0.021830020767982978
76021,-4.482197431469851,-9.273342112865175,3.86631691323221,1.0309179751104727,467.88690496923584,0.06800562606586524,0.021831068770320095
76022,-2.9122710165959624,-8.459593754897867,0.6363452084382937,1.990759971454286,404.71176796888346,2.189784778226695,0.02183157915691531
76023,-7.40435805930113,-5.4393414127325475,4.819299561099284,1.07879220743536,147.98214299443106,0.1747425660618358,0.02183440905345351
76024,-6.450961479142778,-9.400221975014254,3.80627418498168,0.8087706525197167,233.78481816780993,1.5074516100742406,0.021836010108896707
76025,-7.858017776129197,-6.285423815587843,5.157004592313725,1.0610419740184953,280.90346132274937,1.4783399187081292,0.021845516974911914
76026,-3.1746767735608383,-8.127851136695494,1.0535756340325901,1.0712153312786323,467.6015938985626,0.34785024131431275,0.021845667329878984
76027,-9.001452593639122,-5.936349335251271,1.9933214517581292,1.8002822187935632,467.37188002311393,0.3148562884897599,0.021851568516250024
76028,-6.651808837024255,-6.845275610807474,1.8255923006667254,1.359871608083233,300.8081499348016,0.6346654435803432,0.021854652783757658
76029,-8.89915378489013,-6.607219694587861,2.969210628728361,1.7735825717054414,428.35343581332626,0.6206287750269714,0.0218549624654314
76030,-5.359396069995283,-8.936143544765153,0.061523029523908174,0.709952642036099,468.76139482051633,0.36513087794433385,0.021855180625115964
76031,-3.9388990740153185,-8.898928499436867,4.240304656850337,0.6596924321436684,166.8457954325422,0.9582791952688385,0.02185863133752559
76032,-7.851616647645294,-6.995947420291011,5.107001337610474,1.0248921094534837,468.1252474771537,0.7448594132959139,0.02185944085488493
76033,-2.953652603951612,-10.023555352443505,3.3659907362614185,2.056732017027495,410.010482320641,1.6126377563723784,0.021861905248491062
76034,-6.84760690800981,-8.923395072813154,4.208073674527953,1.6471219191985154,420.03031940679864,0.54411477473933,0.021862312932095992
76035,-5.988041367005772,-12.256208679816277,1.2504118833517734,3.55402538719279,540.2818982921344,1.2229195491402516,0.021863185933397287
76036,-2.9219479087790123,-10.95401327839019,2.5750014405758463,1.001610832348127,213.71997372781703,0.5684672161425253,0.021864305267030655
76037,-6.492748325967412,-10.468173469712893,2.697377659520847,1.1071669004334241,467.13227444081576,0.4232283096156504,0.02186626062719716
76038,-5.7976196179212645,-10.147448065746204,3.0560283741320418,2.7048073320322423,263.4475611808608,0.17232717555857224,0.021867567074697662
76039,-5.234937105481919,-9.522300148893923,3.645048430834079,1.4318275582795872,334.67204724266674,1.9463095117559446,0.021874922760541027
76040,-2.5799580805873825,-11.437224320660452,3.4817159299451723,1.3421240247813668,308.64862288200567,0.4003549769893624,0.02187646996463061
76041,-8.723569716066486,-5.708736518071537,3.620722998918954,1.042011992118869,240.51965074988382,0.06952307206481834,0.021881091396177093
76042,-8.836636136987355,-6.536613777065768,3.2565907611515343,1.9778581256773469,385.66239359838085,0.5980459267446134,0.02188284053969716
76043,-5.733666421770041,-8.273170209903855,5.008542192127418,1.7428723443793583,467.90428011656434,0.4490798123022284,0.021890121407019632
76044,-4.684713049379862,-7.537660468600366,3.9407183747045558,26.03293829505441,769.4196314667122,0.10080628459867658,0.021893898341478826
76045,-5.332267699778102,-9.189315056231534,4.024076303812832,7.248662990682179,715.5171084076328,0.34916746716800606,0.02189684599458134
76046,-3.1270637725987154,-8.462423331684665,4.68687347154021,1.0739875939467376,286.0672603169957,1.0215049658241346,0.021898622200529846
76047,-2.688913165727314,-8.324855808085852,2.3935192576626583,1.4617598670825271,323.51918812134426,0.027852142993636697,0.021899899371852955
76048,-2.8171034957452603,-9.088951394131596,4.501384341229628,0.848893239101315,245.96508289925276,1.4125856616813097,0.021908471864320152
76049,-7.9992166272515774,-9.13382090639408,0.5680913790606813,1.827506285148082,468.29157211058504,0.3369742275069756,0.021910823564818112
76050,-3.919054201219309,-10.134073639904692,2.937838703311982,1.5619466177230625,361.3693693738022,0.18210793678842307,0.0219137508901849
76051,-3.768324338431004,-10.836538902524286,2.0212721851677387,1.8248567217893568,435.4396030482165,0.08369411567150653,0.021913806028897774
76052,-3.6409635898515367,-12.673296608925472,1.2666007809192161,1.7487871514312219,468.83106805604,0.6430513089982721,0.021914156059069906
76053,-6.936060418732749,-10.075915708250896,2.801938035496462,1.785375528786138,447.00434698448,0.6863740924919277,0.021916268231484723
76054,-7.623194770196951,-8.424966284673065,3.9856486006384193,10.867721944055273,779.298100930391,0.2533707986287279,0.021916371246354014
76055,-5.156098230403217,-9.486106530557644,3.6741477217414764,0.632684341784997,130.01698930256106,0.18192335681897465,0.02192016681135523
76056,-7.0832556150327175,-11.690627440438753,1.012193191215096,1.7567750967388878,199.4108987880384,0.19704948368887987,0.02192059816041818
76057,-4.605976901411855,-8.059380817464314,1.0993998683790516,0.676304128367224,192.3562069184363,1.3820934050593428,0.021921770244969746
76058,-4.141010109240448,-8.236887400093673,0.8061943672415849,1.5345144425461574,345.9476287745786,1.6102014607200967,0.02192430119224221
76059,-3.4588915105991305,-8.064030448466902,1.1913956561071575,2.465379761055476,450.95316821424217,1.3606485277881388,0.021924341786348295
76060,-7.305471286565416,-5.070875319084219,4.471994431973336,0.8872372398707562,148.2121571436532,0.19953808375729576,0.021925051075648204
76061,-7.292748833668297,-5.083678831762988,4.483906277504488,1.471797412086037,467.9550897177466,0.37699167471689066,0.021929596594197548
76062,-4.493595101796124,-10.206178794475262,2.9000260713665775,1.074221348012008,466.21009039251203,0.6959321685110753,0.021937336027989352
76063,-7.761509128417024,-5.714946936259644,5.063641364082964,0.8788688399177971,228.7941833058731,0.3089138513002201,0.021938069447678878
76064,-4.1275865146077395,-7.60098584452555,3.944144281522321,1.5497828508288503,468.241403487477,0.36973484425207825,0.021938114018791945
76065,-3.0973746430669404,-10.950849562617432,1.716309990870528,0.8559109241542977,467.3606270925094,0.1332199019029785,0.021939002613360577
76066,-3.033526639384787,-12.19114632814918,1.344047203914622,0.9649180691797602,264.76791493868666,1.5216945820513077,0.021940070683300443
76067,-4.748082287029187,-9.882574788904115,3.228589568148707,1.011109177235553,199.56561320573854,0.2623466353487105,0.02194132573361347
76068,-3.9828149375300193,-10.946547992340829,1.6913200942964624,1.6895734120574541,399.68261967911764,0.2695524860143559,0.021941977633778226
76069,-4.631506159135494,-8.46830719676969,0.46551145147857964,0.8232760815528095,226.4255567654562,1.3991023438206476,0.021942502261021634
76070,-3.473292591836584,-8.01076675927458,1.3472580566159056,0.8680869980102686,187.01356182989758,0.908348969122037,0.021942506271403442
76071,-5.129439605867198,-10.477933936455928,2.6801002856598575,2.285770696624863,430.71244410970667,1.148069750484824,0.021943555305590126
76072,-2.6765824104302895,-12.178522070676744,1.6048185423115704,0.9892536883988814,273.8830692158456,1.125857880797998,0.021943730393924
76073,-4.346372311286953,-8.615231510437031,0.3421272897066333,1.0673039380204306,262.3868062331636,1.524538914201993,0.021944679504997792
76074,-6.109928880237955,-9.834653599839582,3.3720680989630356,1.1179288256054567,287.9543015769878,1.1683528286888523,0.021947212430470344
76075,-3.8216428901122708,-9.264970808423456,3.8391623584251025,2.2325937531357796,429.64153315047673,1.7034878246208374,0.021947351121916196
76076,-6.718567221061228,-6.440012607526642,2.416658640768431,1.6367642821145745,383.92209701282354,0.39623169866283003,0.021947487141710846
76077,-5.735832745838509,-8.103417003157734,5.101217555582843,1.03585814360307,270.7916456610319,1.1238403535428851,0.02194821861975592
76078,-7.2638100073475425,-6.482641384099879,0.42009219455637914,1.0287129324519197,271.8957341564162,0.7080750510943599,0.021953034608340794
76079,-2.8279299835563183,-8.370414156150652,0.7578904199680002,0.7716152564401147,244.483498709095,0.2840127839177038,0.021954520092009905
76080,-2.8324211034697004,-11.823336224333097,1.4705986699645306,1.227716854962528,310.56240155571595,1.2208585301036647,0.02195799367574692
76081,-5.707631287083553,-9.551374275990279,3.6567846840648435,0.910130394383248,249.9649320509414,1.3916219144852198,0.02196070220210471
76082,-2.9036435375032283,-8.029851249960036,3.9803788422836277,0.7557241268880991,468.37566946202213,0.34198563456524944,0.0219613822609993
76083,-2.7752714608966436,-10.320094408150233,3.4815952850000444,1.3523131155372474,240.2266982895916,0.03150045523656253,0.02196355217794762
76084,-6.874860547681066,-6.646236309098882,4.8858963385502445,1.1828985296260126,467.9701486660613,0.6183579587134345,0.021964492003922902
76085,-4.986310013637102,-7.808249062496157,4.81079316610055,1.6868292270342922,394.7922534417013,0.1031629295125116,0.021971407399416065
76086,-6.847728389747763,-10.772342478426133,2.0362913986671667,1.7761686655964584,468.0004887756678,0.758817616312113,0.02197303970172327
76087,-5.935541880397336,-8.862327101748118,0.05341523285762391,0.9219907218422494,261.0895251742965,1.536263135897336,0.021973350258173815
76088,-7.740352439052604,-7.587688237009231,4.8435566010801265,0.762657382195569,223.87378827221073,0.5050659209940553,0.021980399968044118
76089,-5.550664049437009,-10.966515290182851,1.9402140780096857,1.6344883981619838,342.7817228979247,0.753749843087852,0.021982190409283446
76090,-7.063509927203693,-5.524818550646175,3.9779092338711,1.738019078931733,368.9234856988796,1.2962151259107477,0.021982801330495197
76091,-2.4732969876809126,-11.283892664550345,3.016180329353275,1.5524951317427682,161.59489938920115,0.2828093871961652,0.021984811097733342
76092,-7.364183219798969,-5.6326699788542545,4.849672999266148,3.5014234081955538,536.1911556369098,1.1753377938301979,0.02198626639382834
76093,-2.9002069996025526,-11.115004344961253,1.7209491638282135,0.9607962914231194,189.8280220407243,0.38184260446670226,0.021987193208195876
76094,-5.065633308013706,-8.256931415149136,0.6592712284716793,1.1232631807100308,288.7700751167956,1.2262447314958154,0.021987566786471298
76095,-6.790775623266872,-10.498247887601966,2.4851709806000497,0.7559286499699676,165.52678688823656,0.33521307729911864,0.021988664388636173
76096,-4.786812814700956,-10.31247868077841,2.815633758785018,0.962290580142003,193.96005780082731,1.1077602205874877,0.021991911163515548
76097,-7.457099692081918,-8.140597141265408,0.23893981493951766,1.0399306616882196,303.07211549646195,0.7026493018589788,0.02199329234913245
76098,-8.721243897965547,-7.873625269282833,1.3065562324611981,0.9731172026123833,205.33632428726864,0.4245676517262309,0.022000289609016444
76099,-3.2817022711101007,-8.468345035091186,0.532586687439668,1.7736554575926295,453.0569632853207,0.9056880428616187,0.022000453963114924
76100,-7.870789938963101,-6.258432266360108,0.19321474638611782,1.4757027575544628,339.58544303756383,1.7466357669275512,0.022001748189664088
76101,-7.36980615613718,-8.604089295851061,4.113749861216151,2.38992332061861,213.80051750136886,0.3397045141739268,0.02200247279520596
76102,-3.856367346195385,-7.842509212862443,1.811324221506235,1.4420480407930278,335.8337613836858,0.3688464797843576,0.022003483246786876
76103,-8.176404402827394,-7.578396358132813,4.12580375409908,1.2645374694064158,467.8222270982416,0.12501871299655232,0.022004438219780327
76104,-7.023255666143449,-6.390103030357283,4.860619183780458,0.6653807557778895,155.4454487470431,0.9768859865855299,0.02200564241461514
76105,-6.441143410332224,-8.544976495525301,0.12030662898928828,1.2258424282085059,261.57246573706374,1.0264650192269693,0.022010254650977567
76106,-7.026274920042548,-5.052120467005558,3.043434382608449,1.4419386536105747,468.47405810539226,0.5296253549186041,0.02201193462356614
76107,-7.480272839589514,-9.389470376754524,2.8420437009868005,1.5035948621967727,348.2101427985479,0.8098465951184632,0.022013983364844752
76108,-4.192012128024104,-10.58297936104815,2.503758412900064,1.1149063395216712,287.3745637603481,1.4848294928589345,0.022014430739165126
76109,-3.696784784722567,-11.043064279479745,1.5899925326585802,0.8874316439769109,467.5097527194331,0.43276235183001877,0.022020502359236357
76110,-4.588943623209812,-7.98223444962003,1.2997240772292458,0.8720043642936192,468.4073320999737,0.9193196431782225,0.022022937875548397
76111,-3.7936094719877023,-11.368573690365414,1.4539935396682617,0.8560906984312557,201.1457197720126,0.7795920802417582,0.022024064792948203
76112,-6.6587391326083285,-6.583848697505337,4.135780396728312,1.0629980222116568,271.5801475186094,1.1004577729071103,0.02202509737933189
76113,-7.128773734440267,-12.428770778080082,0.8119169396656076,1.2899394570250773,284.16439101581267,0.15058602965306367,0.022029391514953457
76114,-7.650556800332945,-7.370995247431786,5.12299547311514,1.066201860178153,278.545143142665,1.5685407067388812,0.02203190041968552
76115,-6.132183779769814,-7.034291904987335,3.385531827826563,1.1536904620510238,295.97015436271033,1.0348690613146685,0.022037655376798256
76116,-7.278866565123176,-5.633852325083666,0.5095053739661274,0.6380967966866642,187.44692370683447,0.5059726710055319,0.022038416446105144
76117,-2.3781531428898672,-10.096332030031945,1.3333693746065294,1.5198299058226308,344.1128221674902,0.009622624651154155,0.022042696992176182
76118,-6.749870904115655,-6.471117375772719,2.1463801788206047,1.021055129973858,271.86551427914037,0.9561778436093951,0.022046130909943316
76119,-4.247323132761017,-10.866525143997361,1.8532157082271017,1.086999204136976,291.01243991646805,0.9518967451021423,0.02204727492678137
76120,-2.917416824513923,-9.314090632902074,4.134997672741563,1.0845520798826118,415.3850811951332,0.6763521581711807,0.02204787581324879
76121,-5.380008411571633,-7.803220046931547,4.954563447404371,1.0867506516842251,257.1715237704186,0.7067903348917897,0.0220589752271959
76122,-4.178694217807225,-7.758037025077982,4.504841675256897,0.9067540678752508,231.27835222402274,0.5988642676135161,0.022062902496945563
76123,-6.229434223033382,-8.902273760890955,4.41101321736705,1.3176818789921054,316.3934615134754,0.41308064075843554,0.022065610173950888
76124,-3.308370821892053,-10.831721446067272,1.9126892486689497,1.0144274734646717,468.4863052843217,0.5859424416374832,0.022077735004969682
76125,-4.58526599717369,-7.628885415056423,4.308316770130732,0.9698689337132307,232.81201156448773,0.5569546289481178,0.022078047940464467
76126,-3.0743183755132284,-10.077054802671498,3.1318664619200622,0.927332921549537,230.02895979983953,0.23766254499966788,0.022078801734278113
76127,-6.860387839146622,-6.293445321880565,1.89690316534688,2.030476446013814,396.7148165113707,0.7369566282616375,0.02207949578224188
76128,-5.675617052501055,-11.30997134593215,1.4528785503729642,1.4809442795808916,335.619241769455,0.8865618051029474,0.02208197087616361
76129,-6.050972251012877,-7.386936093911063,4.87687675696801,1.110292258005009,288.63309356540645,1.0883159635373882,0.022084249140892086
76130,-6.281816567783183,-10.50122149771156,2.707009867022258,0.5953815360732729,122.13228291068064,0.1891860806566985,0.022086622130120654
76131,-6.585121743309571,-10.653880885953608,2.4645267208729957,2.484744194088055,456.02219135032817,2.1017297851230134,0.022087434663352418
76132,-4.955336777424275,-10.150221583770174,2.97933089298082,0.9584596808165678,257.15474175722426,0.6638815731340442,0.022093702837559355
76133,-4.340242113521423,-7.543999834573492,3.549496986169654,0.9870309379750632,273.7398661659262,1.7058981122885166,0.0220996235575727
76134,-3.027085226623777,-8.695989452755821,4.5912588230218,1.544826941844828,469.4834827643227,0.17547792259436878,0.022109665029769163
76135,-7.7502470273069815,-9.249782093225804,2.4233938384921996,1.1637654191984041,281.88521562472386,0.9431456368312947,0.02211095553486596
76136,-6.806888515444998,-10.512568587696585,2.448385665727221,1.171326617426902,300.20473639024965,0.652616235271223,0.022110980417387287
76137,-6.189374496060454,-9.330950646581996,3.910454073194642,1.1887279299822227,301.26202561475264,0.26794290856862624,0.022114638928373467
76138,-7.257767707719596,-10.339271214805416,1.644543818249782,1.900680576281227,467.8867165869238,0.523215799002176,0.022116063030717906
76139,-4.544442504020479,-7.532995147306599,3.556845771763859,3.52565646399431,357.2628193001575,0.06283223185096087,0.02211943849891704
76140,-2.4380483283883647,-12.964073911325459,2.559335959539181,3.204479692046457,477.2107712032251,0.19296275267539986,0.022120303991990234
76141,-5.494556300626223,-7.584457007255517,4.739703517108485,2.3790582143343753,440.6190826363733,1.167114098798506,0.02212055677745112
76142,-5.657298972953651,-7.343931136882769,4.135218520977885,0.9848528055377729,270.87069526192727,1.553052352008371,0.022121341356983126
76143,-8.936406019877339,-5.755956257018387,2.845378896710559,1.6928734307220779,398.6141342667407,0.46770550538495836,0.02212256550525963
76144,-6.782445652285583,-12.969242339689691,1.0202990638889478,1.6338797261704268,376.2942317212016,0.19293769216062717,0.02212454409428207
76145,-4.236105590058198,-9.224835586440243,3.8989738341907576,1.5596040837861254,368.1232113335999,0.5091090947779779,0.02213136684166014
76146,-3.094120689286016,-10.858934025145931,2.0164556360982218,1.204416728173661,258.80732629995157,0.34181100947683873,0.022131556665368646
76147,-5.738062502837903,-12.211964530576717,1.2741311618172304,0.8856558983284222,247.80104119550737,1.1566895287003742,0.022134767096376767
76148,-5.422528834778266,-10.584544580205787,2.6029141606702364,1.1161074815477945,468.1224210278566,0.7432560869806393,0.022136526297130647
76149,-2.90963675127829,-10.946282640245638,2.598186338846418,5.617395119952318,339.5532177229525,0.23049771027685306,0.022136799877491984
76150,-8.973439503653868,-5.1259905035128535,1.6355688939181567,2.900993173194573,479.6634850785009,0.6598265416682896,0.022137380826603506
76151,-7.3568906294750915,-10.176996145996107,1.8231949063574484,1.8465935751960103,468.19966818794967,0.8135762607763892,0.022139711081252622
76152,-5.829383800914267,-10.987405398649756,2.153518915990039,1.2395797887203235,138.67140787114502,0.3023500094909721,0.022141991306350094
76153,-3.7875353549468738,-7.5773863074956855,3.593593199353328,1.179067768168445,467.88703418462427,0.14234351195237416,0.022143835891045526
76154,-7.277827507347535,-5.505946643386742,4.637875544265882,1.134275919238631,466.8787836717106,0.5908237487027952,0.022144241134881795
76155,-6.7398556232834945,-10.736398130286734,2.244455338143681,1.34722975642379,310.137702173357,0.2536066375495336,0.022144316966875438
76156,-2.9324601462140514,-11.024577413891329,2.0968075235428203,1.13969533353955,187.354841390132,0.15786269276533904,0.022146011049867225
76157,-3.3721755748896074,-8.688317419781704,4.430193511406531,1.1451667410169302,230.47442531869004,0.5658759631957428,0.02214887671468849
76158,-3.738100133991775,-8.924657364596001,4.206494494207643,1.319319750113831,334.2014357261202,0.5286716476369984,0.022153353021980182
76159,-7.129302651446039,-6.0103620340507184,0.8174508596006584,1.2556112354239668,236.77196033029867,0.017759486382032286,0.0221544391626517
76160,-3.4859981051431665,-8.446369941974904,4.622419845001328,1.4027101176600103,265.9893661844498,0.03269500618517007,0.02215765175661532
76161,-3.0043652251030517,-10.930826595732501,2.0957478160386906,1.0887729107160877,284.3989215236535,0.9420538701008239,0.02215914457048854
76162,-3.0727148546087424,-10.881840939333864,2.112994304823924,1.0194916082750596,274.12299891902245,0.7997319493486748,0.02216300526236736
76163,-5.71198863466006,-9.744638766671468,3.4440637116682895,1.73307327318699,468.05424568166194,0.3875843407032269,0.02216632299253035
76164,-2.9206718586519766,-11.032620689640027,1.837336457501726,1.3788678403440744,331.87520073740257,0.2583696440297496,0.022167577592366827
76165,-5.606198130547177,-9.445164942808402,3.75951429031437,1.2705393617121428,316.0742767041766,0.5454557234182067,0.022167588069519736
76166,-6.222929971506602,-7.102172733640737,4.404984739647947,0.7268440601452214,468.0792257020955,0.48356554935450546,0.022169582624700323
76167,-5.628137695034393,-8.190798817670576,0.6130379861734107,1.7461765943808467,188.4604153174281,0.27825728298633745,0.022174658465143278
76168,-6.34202242126616,-11.067724403213441,1.5016774349299342,1.878191573810815,468.7136409611298,0.24578964647389778,0.02217597521503132
76169,-5.093276155390574,-8.777371789916163,0.17370322363343946,0.851809117505158,215.8085865554869,0.7849541944634302,0.022177745039052694
76170,-3.1461005644171314,-7.634614697009226,3.2205317396171735,1.809327392685911,468.40157670663154,0.5370821704569835,0.022177963191488882
76171,-3.652114073823882,-7.76776093267066,4.459880587397199,4.472125427419323,550.8063027611435,0.20405724477081932,0.02217907093801764
76172,-3.888501744120668,-12.553104691549718,1.27183803055955,2.3055205779780845,208.09208123880168,0.24346296551526336,0.022183227310782875
76173,-3.953198181545961,-10.519645598967394,2.5582903045758867,1.4939949772110566,342.63680546994175,1.9627186636383671,0.022185240513459933
76174,-8.753469688251426,-6.497312491543503,0.6508650781455045,0.905794513310945,467.21519606996833,0.596505946562905,0.022185247514316782
76175,-2.6808417328438363,-8.285235779050293,1.353079653280145,0.9483044361895044,168.8502912067308,0.150286899265212,0.022192997730498574
76176,-5.16603322794192,-10.023677804361238,3.116113681318044,0.507047571705805,122.42398876158225,1.1843767900487743,0.022193563666427673
76177,-7.067690560273471,-10.229088153336868,2.457291235458501,1.0695077521284218,468.0975849478016,0.7293437927756985,0.02219634021269269
76178,-6.680873674039791,-10.989560791614768,1.4403207954761694,1.3621822640458685,312.4822922145656,0.24975780807800074,0.022199388469732555
76179,-2.8408302498540925,-11.142773037208242,1.8301446240138926,1.337756755185185,468.5834875735429,0.9394919077754986,0.02219987021101794
76180,-5.2092030304604995,-10.152491740123763,2.993337403907208,0.9574522963511349,470.27395994963405,0.11933611739789729,0.02220166756533802
76181,-3.747076556552134,-10.77427687758019,2.222546859408944,2.3307847395162886,440.32266432357744,1.9752220564035632,0.022204392250111355
76182,-4.414705000694382,-8.72042166385155,4.436233304025039,1.3969314615191106,321.7507187662832,1.2440117469033831,0.022204740808552444
76183,-4.838780462761354,-7.492211576088067,3.591557997683849,0.9786082910102728,195.67278630163608,0.9357018300834907,0.02220611039189634
76184,-6.993349632197916,-5.729039530490532,3.8838701374873437,1.0560908729577283,278.72835660690134,0.7592000917350044,0.022207772841491658
76185,-4.3593619893404645,-11.209901049113148,1.504767691227161,2.4542175749989523,447.36151594691574,1.1743203660943102,0.02220790009728754
76186,-5.314080565928815,-7.538433980761018,2.311960725681953,3.4169877296360616,463.09036799151534,0.15365450381266132,0.02220794753754253
76187,-6.5566939614606445,-9.56438981050228,3.581769769053745,1.1003973984688125,468.61636289737027,0.6493278280051626,0.02221185784742643
76188,-6.377876454152334,-10.953328425723605,1.827694882073952,1.1695111037988841,277.82178353371677,0.5042722032081688,0.022215204501472983
76189,-6.382773008794574,-9.245031986047907,3.9870925914886386,0.594056832394732,142.7256465193838,0.15102140148908294,0.022218852535077674
76190,-4.072002637407419,-8.092496445989024,1.0908276349642345,1.0433505609038143,468.1959815523826,0.27829153186483513,0.0222273960118687
76191,-6.66702377303691,-10.52819843515638,2.5397316715032363,1.0088457155013484,467.6549688673234,0.9033581473495857,0.02222793519202163
76192,-5.243516383196804,-10.559819461805,2.596025817562276,1.1755803976056278,296.16878297180625,0.4893883612107617,0.022232947330856914
76193,-2.7502925078833282,-8.171929507395346,2.4192024403282124,0.6158425339993123,171.9213975861211,0.5166356204898417,0.022235261009479902
76194,-6.431060502907949,-9.878599951726473,3.2820622352359203,0.8958701046141285,230.89392138889644,0.3731423577160431,0.02223609444372711
76195,-6.279189989484234,-11.653876206507226,1.3055512937777756,1.214820972445645,251.09375981186278,0.15432579748473518,0.022237907997178858
76196,-3.9646987336559425,-11.86400650961454,1.353536931621276,0.7776603244415978,168.70065987956707,0.21355804338114304,0.022239039133694273
76197,-2.9560255299934246,-7.850110366515465,3.209117978060108,0.8186575267712248,184.29115401046036,0.3652621156893927,0.022239450067526173
76198,-5.123391533963811,-10.940901524070958,1.7295951842499577,4.977791981916656,511.39629114928704,0.0605584120478051,0.02224075391274969
76199,-6.6114148997307876,-7.9495822363507385,0.4303882325269575,1.1469184777451773,231.00810081427082,0.0027517087008215313,0.022241168292880534
76200,-6.775833842374997,-6.729074779189857,1.6447291984105752,2.473632995186066,455.8116992558591,2.5047610974517847,0.02224211377097762
76201,-3.594140409147766,-7.696109219732904,4.275318755716076,1.0257520532731659,269.2247771458571,1.453997590201257,0.022243562854253843
76202,-5.891376833727799,-11.685232860446822,1.340581109168112,0.9601772175680369,269.16833432040846,1.7027514307393865,0.022244014446712927
76203,-6.478998142340777,-6.715435272894601,3.4063259799972396,1.1778131098102937,299.08508933286106,0.6830645033406988,0.02224911953384613
76204,-7.723085386230512,-5.323593641189121,4.947445648385909,0.8770764660349338,224.51548575519644,0.2908043617609355,0.022249200818711266
76205,-4.363202115785489,-7.591813460159827,3.9462716932489066,7.394582159810787,498.22883393127,0.05561222671270283,0.02225273319512859
76206,-3.7760467502212123,-8.414890874979356,4.653637250045678,1.7918643871469113,469.86189878163094,0.13138339413229705,0.022259805844228753
76207,-7.673932832640183,-5.9038439126483455,5.1361901693035374,0.7074991114345719,203.03621953278332,1.1046240259962037,0.022261866896251294
76208,-8.379722665454539,-8.263727595375634,2.3826151268611495,0.7036721872122957,468.1742688742669,0.4761184046004576,0.022268646290669596
76209,-7.313389441551832,-11.465268297814017,0.5674490052452477,1.8155399131498269,432.6602162571115,0.35761474420381045,0.022269366310521798
76210,-7.465291289678485,-7.993065927166719,0.2380666180469014,1.310217230657237,259.86906946113254,0.035838307759862964,0.02227076249185827
76211,-4.057891520106224,-8.655390189583038,0.31803079005253876,0.9920548495498647,469.7925924179771,0.05728989136940843,0.0222761219398344
76212,-2.760665953350683,-8.138083946652143,2.0287518577777064,1.1897986785718973,304.02136975405693,0.6742185587156291,0.02227899017645369
76213,-5.348553375294171,-7.386454151400327,3.6395602977000845,6.818031154476257,597.758107110856,0.09599303020675354,0.022280334923500792
76214,-3.907445741794354,-8.514201169074655,0.45443016426312205,2.4272794765958103,431.5246270488028,0.5595707630783986,0.02228120866832958
76215,-3.5851214326475134,-7.92891530001692,1.6027609446012747,2.6410683025598547,467.99089378513423,1.4911878078373766,0.02228192450591863
76216,-6.411699610951533,-8.855953588947136,4.441701727058233,1.1941880692155071,306.3873885432331,0.5527130978228572,0.022282030392627997
76217,-8.951019999181817,-5.102417678059626,2.689706789514504,1.8719587867834637,469.60831588998184,0.006132149575484469,0.022282045552399966
76218,-3.8509146937380434,-7.850556861219334,4.611912316972531,1.5459074503340802,468.70602350528634,0.49303265139424113,0.022288939043847954
76219,-7.500680970438365,-9.487723992054264,2.647687927713921,0.7580790631199031,179.40876030494329,0.024299371031928807,0.022289104640292677
76220,-2.7379236608217603,-8.231541455374371,2.8275071740653486,1.332328894805898,319.73661874905963,1.0426214664357056,0.022289409611935623
76221,-7.335646173478584,-5.226819869676352,0.434248793085452,4.27985821668688,584.7904986066351,0.812891675632903,0.022290842298823166
76222,-5.273301099227381,-8.499976666856995,0.3640848247146148,1.8712242588360493,449.94742530399293,0.04342690172271446,0.022300453780848918
76223,-4.22898701376826,-10.34566142727278,2.727090507609561,1.2710594325715316,437.44279147921395,0.04584132317840517,0.0223027511991288
76224,-7.102672189419961,-5.1580617817549,3.8487827281990006,1.5702776010688955,342.9810006594863,0.8173714913661678,0.02230346515488109
76225,-3.9715657999730114,-7.9850038376153005,1.4113198124093713,2.072079638600306,396.3089174630295,0.4083565262275508,0.022306665627186313
76226,-8.90931520059139,-7.015909568147873,1.6519130907142796,0.807808785221656,171.98881601550906,0.9177461321646874,0.022311616454814533
76227,-6.32786214577623,-6.892127893736577,3.387037212706974,1.597392999352169,343.71286599901504,0.9077500760395791,0.02231371958173375
76228,-4.5966516707730705,-7.960231052801219,4.803308190533589,1.3687484950841793,467.9649542003778,0.698305953365753,0.022313885006698366
76229,-7.76842970205637,-8.829533707804147,3.074731477351275,2.6416910670979803,468.55321665571597,1.5705284638453678,0.022318124895544383
76230,-6.342293946484993,-10.663509720947125,2.5323630863911504,1.8791291907174905,456.01730288439865,0.19321080306656757,0.02231905418558589
76231,-5.436902848096957,-9.081303589303424,4.146167903284004,1.4443885571590571,335.4331744012746,1.7760608789378178,0.022324341678524783
76232,-2.624546515386741,-9.430367710308106,4.076562727114623,1.570334645424963,467.97394190477564,0.6156540882130797,0.022328810808744045
76233,-3.7630176601330145,-9.053143932937362,4.065614450360849,2.3933562935766814,447.9079101329599,2.4589788823976724,0.022332243630655408
76234,-5.468644162538416,-11.687346354139882,1.3614416884525444,3.309149441259854,520.5079052376524,0.9834878874780015,0.022344249842233106
76235,-5.527098673260195,-7.509102741567545,2.163429494267784,1.3234852723980821,319.4808631438459,1.59158803533197,0.02235228329534897
76236,-5.903523648120808,-7.302054538831839,4.443819462730084,1.2773274327937503,308.90201279614433,1.4792513719977451,0.022353353740636524
76237,-3.213025983899511,-10.018014305674368,3.0677937118541085,1.1904238144873078,262.329171213847,0.6790707788955395,0.022358290919354512
76238,-7.134287014084955,-10.549901694193656,1.4618685610848017,1.7272504420525292,369.2736697401734,1.3805807596782884,0.02236093842412826
76239,-4.129081051281257,-10.498679597784188,2.577146852200283,1.0973246083503407,284.1033100413332,1.7073778948669718,0.022361165600988917
76240,-7.029481904098705,-12.65158246314607,0.8920049354954639,0.9687212220908852,190.52855919269558,0.060297750791327154,0.02237014064980393
76241,-5.918598803151806,-7.203080971202612,3.9848160240041577,0.8548430484311809,240.7454684882209,1.5437336625135538,0.022377854674735482
76242,-8.94828812869991,-6.583494918892369,1.671716404567255,1.6062336958132577,468.2217027330983,0.20771454173778015,0.022380708612263985
76243,-4.581357602380235,-11.430268510803762,1.4338877895228945,1.9322255986658505,395.77277482595946,1.5819768364203926,0.022383821567781577
76244,-5.20688798055955,-10.918881216857116,1.8287907825540097,0.7392653380374054,466.85733621908923,0.45491861403593337,0.022385482242831635
76245,-7.0457876837130105,-7.206940636823013,0.5346657278476493,1.3361914578439087,318.7343012864831,0.20139760250525018,0.022393471582205917
76246,-8.633993508110986,-6.058389334262223,3.8779677382167645,0.974049315658648,265.0931212820785,1.4471318379912539,0.022394074605867145
76247,-3.8174823919893814,-7.669946403385942,2.4670487017581153,0.699231104265998,172.6705775089469,0.14732852247223516,0.022395776855782246
76248,-6.0062067818920895,-10.13935084503513,3.055732755450881,1.8257080463039084,437.84944270143404,0.7571238069886483,0.022396123822318877
76249,-6.343406061808485,-8.199784655486198,5.132226622339643,0.5750954676534411,167.09030970533894,1.1586527751842315,0.022400168490484675
76250,-3.5945748479843793,-7.5816263666544765,3.3149245347026515,0.5219257398577098,109.1959633558155,0.2919616235899678,0.022402450491689502
76251,-6.483129509196317,-6.981596165495604,4.641828495165795,1.1040392469022828,468.116668642404,0.740059745616386,0.022402511359067557
76252,-6.000412211379562,-9.398304999037324,3.829236814355007,1.388680461465515,404.37052218497814,0.7150089208671861,0.022404850493771417
76253,-5.873998918905348,-10.984231178345219,2.152265864361406,0.8065618283258463,469.25309865977596,0.04151463800300004,0.02240594446965684
76254,-7.242832065577884,-5.159096137864893,4.367450727098852,1.1484642130637541,467.3950865755419,0.4988723638975925,0.02240788450081515
76255,-2.4127081723123496,-12.865172701023422,2.367846316586716,1.8058263180106824,432.2336281325742,0.8501094248832128,0.022408248551765104
76256,-7.424788332355723,-5.528789961347617,4.863562047378259,0.8097860665194461,164.89893308679413,0.7962498389329848,0.022414008973184598
76257,-7.495018749097973,-7.988350192953137,4.725808663619687,0.903402117476226,185.2780817845971,0.490088258667293,0.022414180112796066
76258,-3.3642992236271514,-7.6188425999330205,3.8301316152202696,1.7547906284115322,467.8206024858955,0.47364042461436107,0.022416988589710505
76259,-7.023125962687922,-5.173715087680447,2.353839622235882,1.7286020665872723,408.7707506451273,0.6915076290481776,0.022417546817249313
76260,-4.0547477082496695,-10.787075579622002,2.1652580981474165,1.6604713185377582,469.8980211564553,0.06950074738236811,0.022417618480032177
76261,-6.885888112424787,-6.368492721450936,1.777090660703922,1.5789521480661923,353.5267604136154,0.6210198892415422,0.022419773670730708
76262,-3.223908611437957,-10.663934736875136,2.391912608453175,1.554306514515242,360.4506369180762,0.6905790447759044,0.02242436844317913
76263,-7.84780248162296,-6.768607011656583,5.160912225378591,1.0689390654301807,279.1118116338565,0.25560606358403604,0.022428528734841593
76264,-3.873046763994944,-8.25124047121848,4.724726010708831,2.814650260587605,482.01498280787615,1.2124623956512623,0.022437393503925363
76265,-6.055354071708486,-10.955243977758183,2.2354605131916654,0.7541493387621637,216.1691605511683,0.6990456375268828,0.0224383864747597
76266,-2.95897994657265,-10.993202891482511,1.8132476436569176,1.3994352943365713,324.5475627512335,0.86780336308109,0.022440868566401543
76267,-2.7626916348683084,-10.890681656416465,3.049119095548882,0.8825159908172816,195.19651358100091,0.10726308247029515,0.022442136953088616
76268,-4.672132374606752,-10.86803972879135,1.8498158027957414,0.5016275331740168,127.59129674831934,0.8473334396591712,0.02244273183769501
76269,-5.470577479574771,-10.937247598573588,1.927850124579585,1.1967387778925413,467.4443315007063,0.32145292761982613,0.022447951481623492
76270,-5.858302266586409,-8.52951447995077,4.794063048776222,1.460087662425899,326.98285682814367,0.5614550554479463,0.02244815818160982
76271,-7.541489856438065,-10.204572065263864,1.2440498440203385,6.448038565716436,504.5295378993942,0.008332200250394273,0.02245178232040557
76272,-7.342496305947119,-9.223550784762518,3.2983397892425734,0.8460087164016696,245.98861327675849,1.0519556914806865,0.022453756495133644
76273,-7.587636631521268,-9.187922273632212,2.9046460467801998,1.1055260068956143,467.61584560920926,0.21740837359277698,0.022458315419377664
76274,-3.802656116381227,-8.819848269524572,4.304717055900001,0.8710615879186245,467.5421940381798,0.08030918095064976,0.02245929684357724
76275,-5.246151988906948,-11.04400471053885,1.59218527529159,1.136252512716257,279.79862195633,0.6347504544643696,0.02246008169195319
76276,-7.162120345802507,-6.153152650829519,4.86791446418801,1.8355281337034006,438.69196343149656,0.21593568505987815,0.022467424615769824
76277,-4.498025388230992,-7.543557122731287,3.6964673958216983,0.5117606500047155,112.7756229909349,0.392874822033912,0.02247214277548292
76278,-5.659375547735004,-12.688372304162518,1.224598940770728,1.6417457085885783,468.09155728438805,0.4834019916756729,0.022475051532597295
76279,-6.824418367630637,-6.115523074572576,2.626787048601988,6.80478877719092,273.8682695706348,0.3044364334846916,0.022476816595889845
76280,-7.096464535822451,-5.584076231939598,4.165481842182407,0.7290250099123082,172.66359499551228,0.5209592585675953,0.02248877391021268
76281,-5.544384630220636,-10.941110476944552,1.9283827155078426,1.1299574980072964,467.6849891356931,0.6554495606616921,0.022489405529897807
76282,-8.057788144973422,-9.28638037664175,1.2194817866040804,0.904739755222078,242.96275579479376,1.3673853651451449,0.02248966080836525
76283,-3.244874879312354,-9.511212228627363,3.576738363710257,0.7882599555219006,130.26108352760446,0.34589297059611734,0.02249510354290548
76284,-2.386189095622848,-10.106853298691902,1.0141176073324714,1.3998859632661953,331.6930563879332,0.25817648042801,0.02249694143764231
76285,-4.158164639704403,-8.037393352234599,1.240595543366094,1.628086632829246,468.6845805306515,0.5671612487730417,0.022499996137285105
76286,-7.032623076986869,-10.362167703341546,2.3321361837102494,7.230364270497201,571.4828933636377,0.04766361812769837,0.02250283625229891
76287,-8.791125106930968,-5.355797011007762,0.6336793384087333,1.3400086374570315,298.6336709935681,0.21309641276212243,0.022506769728247843
76288,-7.167992881628859,-7.615331799131794,0.28777849491554675,2.504140712096358,411.47493730147306,0.2537806026722844,0.022509881308552863
76289,-4.0105863037509835,-7.585891593159161,3.7531875312409526,1.1155311386251838,468.0399962405918,0.8522784511748434,0.022512371798814514
76290,-6.90783846369821,-8.359000441860346,4.833806899061166,1.8848172002890933,466.6921788967873,0.09486605705267781,0.02251484074213676
76291,-2.9969764496713758,-9.168542085978082,0.1143023067192186,0.8731630049399703,202.76336145050078,1.0221277319382107,0.02251739628894938
76292,-6.495342565194391,-8.844054679533961,4.435368117609622,0.9878092720043593,181.21425733265272,0.1260108844643364,0.022518209183258912
76293,-7.568665162011563,-10.469559171117973,0.619305975453752,1.0059177804597899,267.1901971625145,0.6185592847571799,0.022518350364165954
76294,-4.147578441518345,-7.729177099482432,4.42112896634721,1.1067806545436842,173.70327322226348,0.17192829421162337,0.022521601576504277
76295,-2.46409693524805,-11.904615342834743,2.7644765583223836,0.8823793709670258,468.8229388951406,0.18098598360834384,0.02252188397964781
76296,-5.333778811833312,-9.987373308796363,3.156072425171946,1.353104580830602,313.4296637423629,0.33092739389840276,0.022530314593583838
76297,-5.729791295161724,-7.265415466677706,3.6658779257234504,1.431758572331301,469.48644077835803,0.18199882223891972,0.0225308787723804
76298,-2.6604219311040946,-9.612967688417559,4.172648656551088,0.941287366234197,242.38978917605286,1.4022084998966973,0.022535363857798342
76299,-7.343269526005735,-6.214229423881276,0.34889182623809795,1.1653302928767928,469.3884390221683,0.11575755193329851,0.02253611896801074
76300,-4.163989484924027,-9.842138514825336,3.2267204482430216,1.7254742735658712,405.8693224060915,0.5035816784140428,0.022536378246372113
76301,-2.9544503162942712,-10.79019395695855,2.625593006677337,1.826085825276866,470.3106860538205,0.19247305522988167,0.02254002662057248
76302,-7.657602721991519,-9.479155035833381,2.2681205457916724,0.951461921437916,469.7991790684889,0.1720350862047555,0.022540781031219793
76303,-4.299319011612708,-8.121922148137589,0.9862390049317912,3.096840153006662,503.14830005771006,1.003953081812182,0.02254373549270169
76304,-7.732598242197392,-9.708038087473629,1.4617077379367795,1.049422829383947,144.97382887060618,0.266485803529549,0.022544597080482006
76305,-8.464353755563485,-5.065298345787491,4.121291954277272,1.5661249964099517,357.2325768275692,0.6440351588807562,0.022547893760912936
76306,-4.747686154331547,-7.569072511441147,2.6329683905815586,1.3831150192837662,165.95506190701965,0.2462622009395785,0.022548470761264046
76307,-5.2352933007347655,-8.642896131766328,4.590420047897964,0.811953298013805,467.8096003804532,0.08115886929799299,0.022549260224949626
76308,-6.9226358970047865,-6.251935339975428,4.37948576777404,1.205370718748175,305.08478528542656,0.7277951147126744,0.022551179331575962
76309,-3.4163684163484165,-7.788700978141062,2.026747612519805,1.0009960571745342,393.4073905844401,0.6442548775185228,0.022551557000132463
76310,-7.03828231001852,-10.310849610182288,0.24102217408075707,0.833974219514176,209.83378737902643,0.3060949254300871,0.02255493576903833
76311,-5.934574863454517,-10.963978008133664,1.767107468812894,13.034637340732534,505.5057553447512,0.14811692940185228,0.022555881975643163
76312,-4.160184577074286,-10.71827350592176,2.3122683826582753,0.8793994353544264,468.5104962966101,0.46603036089145444,0.02255654343309236
76313,-2.720551029934918,-11.902693204901665,2.6968401132882627,4.721784079248328,290.51762525082546,0.25983250392964585,0.02255851613550054
76314,-8.257694454640614,-7.793153748167028,3.6349134417508475,1.8064921672841463,431.5107590004621,0.5036666441122621,0.02255943318716762
76315,-6.274062989243043,-10.54912219025846,2.6459950552303404,2.8670022662764545,480.9402574759977,0.8388623008600371,0.022560634073082536
76316,-5.716240622367276,-8.368644435228445,0.40606953339589197,0.7579954553532878,146.62141489223194,0.18978355130925273,0.022564459710217595
76317,-6.467499727871282,-8.197012962332845,5.126964355196422,1.2390064283455833,306.9647912620963,1.3054434915140005,0.02256586644971488
76318,-5.066999543025037,-8.337732495715047,4.816867447076756,1.7620984333949792,375.5186188669689,1.6067879204945115,0.022566061726940125
76319,-4.156928118893496,-10.652979820596267,2.4060897905524974,1.378404372260024,322.9707081012275,1.5763614721908175,0.022566684997921124
76320,-4.922361373376108,-7.791286228128338,1.7542308654094165,1.8469113947219424,456.88378673323626,0.18479486498535547,0.022567275985616916
76321,-4.640622394607129,-8.18340636173523,4.823638077864995,1.8596522668706974,466.80753784599494,0.08898808582331075,0.022567450393024872
76322,-7.4908549111417955,-6.971772988685303,0.22087743004250812,1.0248180074373205,225.48703029319384,0.03475948034952925,0.022570103813054465
76323,-7.165518374151684,-5.3541302280838,4.234695571886504,0.85212895664195,234.22209143499094,1.5065041528281036,0.022570873708081394
76324,-8.429169705548711,-8.517696097432776,1.3758355220962948,1.0672960764609323,467.0960161745767,0.05922000983599407,0.022573808711085438
76325,-5.963458397434771,-10.984797435273684,2.107824750074468,0.8563671136102018,245.58540154674768,0.5310784050148225,0.022579266944255372
76326,-2.77387396133343,-12.319289161669253,1.4225511646939248,1.0639918842078226,467.3613063672874,0.7856560948454501,0.022580450583536863
76327,-3.539407987661467,-10.899371199556269,1.7004522302974636,1.1006563812699799,467.88772191866326,0.393943461233774,0.02258071624519075
76328,-3.185191673864505,-8.348570844895246,4.696480638910316,1.090430305926909,290.5194613280535,1.0007100322308036,0.022584495671965205
76329,-6.494547047818253,-9.944761475599162,3.187045108898697,5.3460815032694855,640.1838594577331,0.6000298842790377,0.022586237858133414
76330,-4.525032571172498,-12.707156445310401,1.2538915931654298,2.095133663479211,415.6836047984537,2.0269995707676953,0.022589082332808274
76331,-4.992038000698819,-7.8925025599983,1.4463145908184474,0.6553961938532925,181.03315801794994,1.2081030605230696,0.022589643094848785
76332,-3.7528917207296475,-7.93091077013989,1.6026952125840745,0.7376349643546871,223.8609728149648,1.1547835654258707,0.02259139643059984
76333,-6.647386869454118,-11.143518681953406,1.3704479852780869,1.1953351251624602,140.2284695551942,0.28996310989059015,0.022591662175910986
76334,-2.292892660764565,-12.584769413106043,1.1797535807773092,1.5650730166982796,468.1925352994689,0.7627446669735027,0.022601598143017217
76335,-7.528105723828673,-9.167256684125537,0.368290215758311,1.0330123526978179,254.30282724001054,0.9814224581572439,0.022609656952107142
76336,-4.009224579707834,-7.98192910866997,4.721102806148456,1.6692475727293568,391.8222895512625,0.41705030966522916,0.02261479992197254
76337,-4.668587632389007,-9.047089311220441,4.1072707471202134,1.7631785554004107,310.99168857581077,0.07753802977077573,0.0226227358069687
76338,-2.839444588896562,-9.83183419717595,3.7505201328225386,0.713877726446696,155.61263678851634,0.7177139040930216,0.022622769302267188
76339,-2.4399060180686387,-11.352758671434774,2.5861414377311904,0.9944983681147728,469.45270909575385,0.01806367244779228,0.022627642147748084
76340,-3.425668405482635,-8.166287942321603,4.725022145224907,0.7766582263977805,224.86104385641684,0.9965136701773929,0.02263243771245134
76341,-3.4080952019269475,-10.661670823077374,2.3533795093778527,1.9071525466061192,467.7134668068661,0.4712603538430402,0.02263268633977029
76342,-2.5619256761754725,-11.30800787811042,0.1496623999834253,1.9014099821910277,386.7495230082167,1.0401439515488544,0.022634401850551933
76343,-5.0452964280107535,-12.37284190085575,1.2729713974233936,1.1286205641389955,292.7904038451329,1.537031689186775,0.02263571298630226
76344,-2.5354484819250436,-12.975326057507106,0.18037219519808756,1.061952193148607,210.00773723741156,0.2562803353969274,0.022638379057818063
76345,-8.829316571621604,-5.177346084609308,3.209220221311237,0.9124210259785834,236.03815794766479,0.9524087934695098,0.02264217632445103
76346,-4.960100764526224,-10.340297775890523,2.775813424967962,1.8541158499082337,386.7009741476239,1.7045680367600529,0.022647033229259782
76347,-7.343572874593779,-9.423176335242253,0.28888927345271187,0.7309537088012868,152.2652970407544,0.20066307391586502,0.022653992099850605
76348,-5.328196397937045,-10.47699170227354,2.6685944530075165,1.352385589270882,326.91451125854366,1.0529567103329063,0.02265898848436351
76349,-7.811489143053585,-8.21598862314633,3.9400114563127056,1.8989428084255957,467.5170153992042,0.3482740142832528,0.022672173095445943
76350,-3.9359351541656773,-10.628990150994412,2.407661946113222,1.6189639814922265,377.98465335524634,0.3803670911658106,0.022674444183592917
76351,-4.270558501288494,-7.7142396171488885,4.402469326604598,2.550390378150186,456.7746019354916,1.1345988174562258,0.02267505742806633
76352,-8.241551415858405,-6.625840915199551,0.3448627945986115,0.8266759301657198,466.8241724421032,0.5435441567685597,0.02267560221927951
76353,-5.0230075069822675,-10.834324343019093,2.2196615912821085,1.4987784656296832,370.7843695383949,0.0515962484825625,0.022678638310821946
76354,-4.186081695994667,-7.717356559970263,2.174577670269343,2.891660350574547,491.80715697057394,1.9493474320305912,0.022681105161199942
76355,-7.363421653865412,-5.764798998440016,4.8920933461666145,1.3650440369710515,294.4947671485557,0.21395764168689801,0.022682420713553413
76356,-7.741936725368735,-7.907110203875033,4.474719044187827,12.677126128181857,723.6921688064599,0.14814503817249847,0.022682581765654478
76357,-3.746416434671037,-8.887483927670287,0.15891010227703303,1.1444837394790277,130.24375447946525,0.35929692592065887,0.022684993532725618
76358,-6.502633594832073,-10.008956842417644,3.1170019092166,1.2062459328827189,291.84693442191633,0.3961931373868435,0.022685634935257822
76359,-7.433343570284213,-5.307469694959846,4.763493799807568,0.9684609153927545,194.11222774890942,0.17931302408961525,0.022688785537457352
76360,-2.9056577112534576,-12.80968532924595,1.3092597371759611,1.0341011508296147,252.2726217415232,0.8364008968386765,0.022698008392034667
76361,-8.150985648084315,-6.100349382038843,4.78088966375818,0.48590815391631537,147.76112568340156,0.2511932587736645,0.02270562324455872
76362,-5.238534617168329,-10.89652068640043,1.9811678905347039,0.6512563720731298,170.1655809187087,1.1295350660717292,0.022708328403043418
76363,-4.95788867139,-12.845326217102064,1.2378517223282324,1.3780468606983625,314.02805011090413,0.22628138866734826,0.022709875121738894
76364,-5.794514440155513,-7.5986899211810375,4.951540549290696,0.6284518673321088,134.02955350828395,0.32333608397791824,0.02271267121747729
76365,-6.506473853838189,-7.244488789015319,5.118266870735932,0.8851628210686779,251.68465122395824,1.0281045262435775,0.022713632472946627
76366,-4.864214161324085,-8.827976558323098,0.16351962412820464,0.8769798389556825,227.7859927870088,1.1367022575051609,0.022714078826698545
76367,-4.546903132811419,-10.856672355093885,1.8341563597853294,0.8967860530392017,225.6070650030053,1.2939724355887998,0.02271652755956471
76368,-4.141801204514694,-7.569963897937505,3.45286168125582,0.9817891897757336,259.1450826979337,0.4532241602173963,0.022719640771834894
76369,-7.0491686962336475,-9.87541691526832,2.879009272139146,0.8988590379467477,207.83703650273205,0.4435432129128838,0.022721511726574144
76370,-3.3509646754889175,-11.725697113117583,1.3699079785245458,0.9167715754212559,259.5485564548071,0.47626206306901775,0.022722553897424533
76371,-3.233874946606453,-7.650564278003491,3.952361700420568,2.875752264412227,490.0033151763959,1.7985652650275439,0.022722860360186524
76372,-3.8239787969804393,-10.597512759092966,2.4489471059742356,0.8670144624763237,216.99411662941287,0.2970219129927205,0.02272462630774927
76373,-2.6710353357121273,-12.985258302697414,2.73226228033576,0.879182160897321,208.18668918504545,1.0814246880306833,0.02272627499264519
76374,-6.989802885790748,-6.083323754204679,4.322790588018379,3.2957284059882093,511.93467063871367,0.5304289776937878,0.022734323361489606
76375,-5.455670277421364,-10.679209126552434,2.4827548702385207,3.6510326066980214,478.1581743952705,0.15164733171407452,0.02273631894165224
76376,-8.123590451150944,-5.412060355326175,4.69176451350377,0.4671958831483083,139.18214467868555,0.4532633831510635,0.022742574721980418
76377,-5.766524020979636,-10.121445193031894,3.05178381825426,2.2099893803206925,428.22527625925215,1.9308662069107152,0.022742692098667323
76378,-6.368519801991841,-7.826032028238049,0.7174950261102055,6.838564473021022,334.32821469211603,0.22402549941752437,0.022744419098698846
76379,-2.7286027946410973,-9.474953256408076,0.05760535283058634,1.3813393639410034,308.4924125322038,0.27938782662753425,0.022745935272021834
76380,-8.903331951666054,-7.0215155441620745,2.5104799649334977,1.5100866940514555,345.46943971653934,0.29863587798901925,0.022752820049696285
76381,-3.106838926596591,-9.174775988353607,4.031518515161507,6.475153080383514,685.9437764052544,0.35445947996382277,0.022753862297397953
76382,-4.86599823125199,-9.99088761440991,3.1002554017774386,0.9000080907191467,460.00711602256683,0.1692589941956868,0.022756920578448216
76383,-6.758576122923401,-8.898875739793265,4.267388136606247,1.1836078413858762,467.60537141494007,0.1406049397176341,0.02276129301681146
76384,-7.185604521942144,-5.515212799080454,4.384948544197049,1.3390660937235823,276.5659656547899,0.520558925234452,0.022761778725459317
76385,-8.889912994038973,-5.839546166330747,3.0406847451800316,3.0724215748253125,495.58910080493763,0.6992392191355412,0.022770518942237212
76386,-4.481526500001232,-12.405703447116757,1.2748230268362692,0.8907168939584721,214.81955719076015,0.9146018854198301,0.02277176414874035
76387,-2.6683028416659385,-12.054478704762285,2.919234796266785,1.146735875980289,253.50773917813828,0.136542248017558,0.022775647076334667
76388,-7.160385852133787,-6.205450091679134,4.881572969322734,0.937511493699717,469.7562518312803,0.056362348336157275,0.02277958550237165
76389,-5.665258130524541,-7.355046085610296,2.6807230764670256,2.3708525963702716,439.85966613685457,1.2655802703051906,0.02279087061683849
76390,-2.845311767790154,-10.431974047469563,3.169515674740901,2.61142552075537,364.42787223855834,0.0325767242547661,0.022790942807382267
76391,-5.6092236465679965,-10.911735803187444,2.2190202137565427,1.8358936802628927,438.525032936987,0.3692508431334698,0.02279110918137149
76392,-7.525455724799351,-8.976141226709213,0.3293971549226799,0.8091334076852833,467.8573364163868,0.44694863634971416,0.022793780744179887
76393,-6.691159184918174,-6.886171368332126,4.857336901984372,1.5530910483688154,350.2948704447081,0.2881722477425983,0.022795280396060675
76394,-7.527308488597263,-8.558366713194992,3.929474074431767,1.1999438992310785,278.28487733173876,0.5282883137259899,0.022795852395288415
76395,-7.641651604166437,-9.132386438017367,2.8640388600914375,3.4261712494527616,273.43047408763204,0.18723779572636978,0.02280030124810941
76396,-5.771696395859115,-10.940675772066317,2.166193108581099,1.8006553460249852,382.0298839235766,1.85049694689992,0.022801692056042468
76397,-6.541945798294675,-10.915566222016366,1.9321287995151857,1.1073733903044232,211.43081762518125,0.05806009088018893,0.022804088191558432
76398,-5.349092983444661,-7.602090579023002,4.630036296878045,1.22245148545419,268.9418207450713,0.4627066028712976,0.022804788481783734
76399,-4.631374232492295,-11.768212580463729,1.3590289551151964,1.9014774290264087,468.08263605794457,0.3276221796575056,0.022806392818991363
76400,-7.496405104551976,-5.066878197489203,4.753228930773902,0.9454595850969868,246.86048496385268,0.9286445694202659,0.022811549903792284
76401,-4.42107850393306,-10.829794465246417,1.9725489116867687,1.8622290329491755,467.4100941041722,0.23195906072775951,0.022813885143941268
76402,-5.964273096964704,-7.467733976637534,4.8953666164679515,1.1454614185005447,467.34730970003153,0.3399139947970875,0.02281903664393358
76403,-6.675705400426022,-6.547680686520173,4.001536211490521,0.8737075431716267,210.82985026206643,0.20952973927483587,0.022821886023587378
76404,-2.525008298431808,-12.952648010366158,3.1638009677064787,1.7879027884198277,424.6361196676676,0.019301630285315063,0.02282490743985677
76405,-6.387233960547497,-10.922146087273848,1.6674345253850178,0.8346117642232166,468.4593775067401,0.4647518922264373,0.022832451015245607
76406,-4.954145947102092,-12.342290671310657,1.2755297694254721,4.6132026783713975,598.2791483257496,0.4585379298963632,0.02283331934084997
76407,-5.480338444793341,-7.473948446765931,2.4074353405292648,2.241173716240694,422.84879959381607,0.978402205683409,0.022839372338809595
76408,-8.459047179096732,-5.1033296247531625,4.13518403552981,0.48364851068984993,110.88976467652894,0.1719742345711417,0.022839489069588128
76409,-2.54984718690094,-9.938505413576808,3.599295832719937,0.45429826789346106,106.07081058071246,0.025705450389271967,0.02284418475323641
76410,-4.110441972905092,-7.6469174030978895,4.118381450943825,1.0114850650092557,241.3652393359692,0.08866032404989621,0.022845589849313147
76411,-8.306704388716003,-8.17373833844525,2.8188416320083323,1.2525128305856936,468.74310020969847,0.11504183905893584,0.022846003845539378
76412,-5.031478846994298,-10.409681264667844,2.7009276574480285,1.2359148138780434,223.5322834928087,0.009209840962209448,0.022848268241697917
76413,-2.6635369013113843,-10.900618836418529,3.3566342919935037,0.8001273606807966,215.9929051011299,1.1424429256656987,0.0228500267433129
76414,-6.023721491939357,-8.70486681294352,0.12062374061886674,0.9814894366444805,468.24531312527785,0.5555323787665687,0.02285028280105338
76415,-4.910397982909085,-7.518955734133658,2.9424757928500997,0.8284329170565488,181.03597429691854,0.3450153848140953,0.022851608693972996
76416,-5.640182967175936,-7.645301989252426,4.8995832290540315,1.0145361667065147,222.4217134887395,0.31022516664034416,0.022855247790351137
76417,-4.451899340052289,-8.066518618625226,1.1224213284661555,1.3410770336698632,468.26386809228796,0.5766284907983312,0.022860304169964558
76418,-5.145511434696707,-7.998172437253522,4.926306734319791,1.978606249940732,390.6088090151347,0.2556193377327096,0.022861214042606014
76419,-5.917011077850411,-10.992440964579902,1.6250464742302164,1.3639636271860318,319.2652701867341,0.21594226432443353,0.022862940078202013
76420,-6.479137083166809,-10.818438795340633,2.2935908909071583,1.073164410425138,305.62935238062084,0.6113125883742159,0.022863105746386073
76421,-5.967895331520347,-9.340110039494004,3.8838117541587063,3.8017929303289213,456.6166648730272,0.06297049940892041,0.022864643976986353
76422,-6.526352972190557,-6.7431514430259725,2.6868391578437585,0.7477030112361029,468.55359696300457,0.4943104024177387,0.02286517202496037
76423,-8.827278942837712,-7.146181671047672,0.8877751886548715,1.4046914401072224,306.6639186520484,0.1886845929295795,0.022867130609366827
76424,-3.2288082544137975,-10.823696907799933,1.8480393206810826,1.4056675867243773,326.8919705521919,0.9834559013361828,0.022869993184532537
76425,-3.596588369122161,-7.81780543936398,4.510477013462565,0.8572552505186396,180.9174272482574,0.25853498968125965,0.02287117125010454
76426,-6.921667790490533,-12.116295234511158,1.0232746477750143,0.9219889402000933,239.6356568273128,1.091371620026858,0.0228741856920693
76427,-6.071000116202309,-8.794409651907484,0.0838241279675535,2.550873395676661,402.13952976103434,0.1510474604591563,0.022876822351729977
76428,-7.496984318620612,-5.355855702437423,4.852902788931972,0.7502319740266705,183.00679987975926,1.1165916088727696,0.02287709903817808
76429,-4.973558658820979,-12.65832507287849,1.2466543196223008,1.078951355408912,284.4713067465845,1.401298252664012,0.022878615892772184
76430,-4.973390518687158,-12.887162756215421,1.2336943366773374,1.0293628030632782,271.9481678947549,0.8032183907130781,0.0228800799621664
76431,-7.1492692243717055,-7.1097068986632435,0.45329604174819765,1.0982304208752356,221.66144512852017,0.7238802703210032,0.022880538652963047
76432,-7.778514950929756,-5.005128015834379,4.850859866209764,1.0229113603224025,248.6319179384338,0.7636710420100803,0.022884646745854588
76433,-2.757501651757516,-10.89743411308384,3.022361029139985,1.570858224339746,468.2935393728185,0.3186580178881817,0.02289108909502797
76434,-8.911302230601777,-6.707571478630397,2.789756056294581,1.8762281460305674,468.6701969078399,0.6474522204246478,0.0228988336593692
76435,-2.655212593509474,-12.882493879917973,2.8770468266776446,1.782621512606925,423.70198926363327,0.19406430514122786,0.022910961165155303
76436,-4.877818028912583,-9.22883074862819,3.9114510837024263,1.1101896756577594,263.8375716704351,1.481376432465579,0.022917559063763443
76437,-5.945449752473823,-9.70494078050365,3.4798342147583483,1.869750756703087,469.24783274464,0.1504832239418299,0.022920492427880825
76438,-5.776598072555414,-9.691728002857094,3.482529715232181,0.8214681313848146,202.00190728676327,0.0979098228601627,0.0229236621021288
76439,-6.893119648986811,-6.333903870847295,4.373867480914416,0.9553616717928791,256.3687396634325,1.0259219708948502,0.02293105242646519
76440,-7.366854227922113,-5.804588182284116,4.913573294325544,1.1499260483021618,467.5977435430572,0.32542444613337995,0.022931416745768374
76441,-2.519721704789843,-12.346831825908652,3.273749078561811,1.1257321223038173,294.32443243440366,1.3031659310657409,0.02293517433737701
76442,-2.710213125983042,-8.233744352067141,1.2808360214470935,1.889365270498759,467.6929971252639,0.5210733836174191,0.022936953511187883
76443,-5.117321996452915,-9.425894790850442,3.716742437440223,1.8960605505014532,470.3184834390617,0.15395540898951854,0.02293696248735741
76444,-6.998963166630525,-5.48078982175638,3.3107032321864827,0.9736239507363181,194.08508667240343,1.1007155131656399,0.022937128228602048
76445,-4.0828937502136275,-8.230510574386876,0.8301298719276137,1.070683170016505,215.67573682446627,0.9457730721654896,0.02294000267864267
76446,-3.644271270486291,-7.794954966732022,4.471727641131081,1.3009274395450192,277.1401479318773,0.7783629437200821,0.022940264553560512
76447,-2.8165112704619997,-11.21670745400893,2.10916403096539,1.8651052387698739,467.94921607338335,0.07478884558414389,0.02294298770427972
76448,-3.189072591032904,-7.820381796472802,4.419993422522035,1.176640305369932,298.5199151037373,0.952448749492973,0.0229469463628573
76449,-6.188205516368581,-10.834302039517132,2.34388870528548,2.3158066070693795,432.23562654348996,1.0829699301046105,0.022947549927312117
76450,-5.979008468785737,-11.2737394113039,1.4336533200214938,1.7794024760744314,205.53406274076065,0.18169551499505143,0.02294771329523557
76451,-4.764761050545946,-7.525131332606578,3.0864333448583268,0.9727979747664943,264.21920249984083,0.9450573371155446,0.022948485385515402
76452,-6.777201589853121,-6.243390534288378,2.8318489775462146,1.6861515714879078,398.12985389385295,0.2759719143014987,0.022948519120604836
76453,-2.6701059174505835,-12.864729815962981,2.759073175266034,0.9833772154507614,468.3378417671084,0.542791511166894,0.02295097659458677
76454,-3.064062168189343,-10.121630983530975,3.064509068293616,1.7568825016305838,379.04912720774513,0.7556304913747178,0.022962496339262707
76455,-4.97878878872551,-8.159191417436354,0.8453322415382082,1.9032187018391808,391.22072075412876,1.3656442509458406,0.02297078820624522
76456,-7.40770468802028,-7.610210305815431,0.2413442613886151,2.0374079163810523,393.431209746644,0.5237696918176846,0.022971872278552068
76457,-3.8210637422113924,-10.90717032497066,1.676232982857314,1.3892311670015274,316.55986656868015,0.2993296201203579,0.02297189197476823
76458,-5.357807569998211,-7.442299094861182,2.7721665565803217,1.46128145024496,335.69720119817197,0.8454990194931931,0.022974560955084104
76459,-3.863976706557155,-8.491140648381258,4.578566970021421,1.8913052657643574,469.0513363715868,0.19894434779529568,0.022976982618005227
76460,-4.4408877144969505,-10.796123872478663,2.0843091698586216,2.5307909697968745,461.1270635670556,2.4903476455739426,0.022979149111907973
76461,-4.486955939227481,-11.317758113275595,1.457719439120876,2.2779031249509316,374.1891111617302,0.15620432825411967,0.02298154947051905
76462,-4.273037360712455,-9.356215230711173,3.728382524565623,1.1749287164870392,245.03295751260492,0.9031441413166776,0.022981906307858874
76463,-5.411733252600913,-9.33520449117593,3.838235011832022,1.3344982576686188,320.3166924803568,1.8051586585843102,0.022983970197888153
76464,-5.698622891235787,-10.197660004076443,2.960438471985012,1.2921188732251556,289.8879199657041,0.24269952286258967,0.0229847371609998
76465,-6.927401585482912,-5.742646226148151,3.200209516427346,1.8920622063541965,463.5638233437622,0.6067329239334045,0.022984955223848618
76466,-3.0567455957290433,-11.13342885230061,1.550597275685989,0.8660336688051633,206.19086436268748,0.647483656537827,0.022986480010675523
76467,-7.339034150728001,-11.124208111879309,0.9280064516173898,1.6180744794151884,351.1426886246521,0.25252863867626374,0.022987610848922962
76468,-3.8379690248617884,-7.786323572149664,4.471344203263228,1.2057514113876207,442.6036200090197,0.17686908557263514,0.022988082649441615
76469,-7.858211211965979,-5.430516598002946,4.922168158257292,1.3204385891339439,304.75497041267766,0.45860985173174473,0.022988778108057807
76470,-4.530443667550035,-9.481791753836312,3.6111760359279392,1.5709834344422353,348.905513042949,1.2442787989760031,0.022991495525976808
76471,-8.820208540033676,-6.816512268732036,3.1369543268448865,1.0124487060057055,271.98325013710615,1.4472564011916988,0.0229929373535319
76472,-2.9130748250667544,-10.982113453883244,2.4896061394077136,1.8789813083691906,467.41681197902517,0.29340737337408296,0.022994060023142738
76473,-7.670573574838703,-9.560044234096091,2.0686385323695395,1.844746870431028,467.9613954585983,0.4140831902608584,0.02299406112272111
76474,-4.890258936089726,-9.20968653844433,3.9333437420220294,0.868190977647397,181.4870297174266,0.24071229763727064,0.02300115821935679
76475,-3.3010517736280782,-9.507123934735331,3.5453714170645325,3.3182474382396405,521.1169723073126,1.029279907314419,0.02300701527550916
76476,-6.0438189213873095,-10.973136574263744,1.9986824768160472,1.1140119010364917,286.45884846254063,1.4068126799150242,0.0230144245562562
76477,-6.217207098239923,-12.759728056745837,0.09257411440609484,1.5558320981288922,354.8916400224496,0.16987342253157323,0.0230162140876832
76478,-3.060605085863674,-10.876749429295703,1.807555566910651,1.5361649129962713,468.32113047552195,0.3220692841760373,0.02301748504122398
76479,-7.994091347822082,-6.011562417723393,4.953677962990526,0.9158299333907869,183.86893741553496,0.8855580496507605,0.02301779895171427
76480,-2.361037591006374,-11.14927065809089,1.7869200518482276,1.3965132509743472,468.6312881815468,0.11280157062968943,0.023025272576772636
76481,-8.948865099009032,-6.5895377779456075,1.7442835528737,0.8423955293046285,467.8565988476643,0.2508725839689818,0.023029576974078623
76482,-7.539190847896427,-5.85496558382654,0.20110297706360056,0.9457275421729501,467.6744250199575,0.5956786300672814,0.023031433468953925
76483,-8.77486420552304,-6.184224282753242,3.4630148373190615,1.061573038392429,467.87612394011506,0.17575256806311312,0.02303474085647924
76484,-6.315385691252248,-7.058973101045183,4.433873162671192,1.7233350468059685,365.57771584755244,0.9772686135547453,0.023036827063575408
76485,-3.188521186972734,-11.389041428575199,1.4443651966655715,2.7687419131845985,480.0284362205871,1.6193107584203608,0.023037913921906877
76486,-4.427456413725915,-7.943038379317758,4.7432907484637274,1.5986675028513866,366.80583888272474,0.2632809654921191,0.023038091676401584
76487,-8.146846147056857,-6.148952790073288,4.78912626911129,0.8120086791481741,161.7062488599927,0.16029398206016854,0.023041909579148194
76488,-5.697396051451652,-10.319406538842308,2.8415292205142317,1.1464866177248043,292.3739166861247,1.2034208050069113,0.02304342188302403
76489,-7.383497641549197,-7.936486274959155,4.893790804699866,1.1109523454495083,466.68267780234027,0.65092946211632,0.02304498029829273
76490,-4.30919393964631,-10.976809148854121,1.6161875833966182,0.8349080607840044,215.0528742033342,1.1473953933064358,0.02304699301395764
76491,-2.774992912294824,-8.512980034812863,0.6224279960847485,0.9847654945636382,469.8727293497737,0.07516209271478314,0.023047498204815515
76492,-7.121085506172289,-10.465212707191771,1.6945942618061733,1.0391862186787402,206.1624238227301,0.858905554523334,0.02304989429263631
76493,-6.434894517804445,-7.177280984944686,1.7627208211413397,1.0319583184297003,467.3965593945052,0.7843817615548279,0.023063970826277275
76494,-7.164631335559486,-11.764180854825778,0.9064470270925163,1.0057720389747566,272.11331218336295,1.5086130273133085,0.023066869631098913
76495,-4.704243599946229,-7.609892468067516,4.227373408821172,1.6056893834546009,377.1010330057195,0.4252862243553084,0.02306917391676894
76496,-3.181281869782869,-7.64475401287516,2.9421030480830086,3.0287176653230863,500.8105314028939,1.3209796158845757,0.02306971174289492
76497,-4.733045790021006,-8.845091747778305,0.16372127289362032,0.9931641960078037,467.35670764592817,0.42236223759227354,0.023069925894806657
76498,-4.308497225689615,-9.17103097288257,3.9311230317384016,1.0620688709375885,284.4300617932756,1.268560825231412,0.023070356057494086
76499,-6.410202835879939,-6.89333098679368,4.073751069373262,1.0327740196036441,467.9312462078398,0.4442885163785526,0.023071669534316334
76500,-2.510318572737998,-11.205898093511246,3.350211572350281,1.1848468362041118,302.349725977264,0.6255044873724778,0.023076634010925995
76501,-4.635834236912052,-7.694798340584186,4.417206238970569,1.0505802743865273,212.66286571839473,0.007243410488443125,0.02307798071202357
76502,-7.823558151809619,-9.285795808908246,2.1056148224624347,1.8597354911310895,468.233733567039,0.3282782520774896,0.023084139186392794
76503,-2.7547265275392094,-8.220700515830526,3.064493925324442,0.8309088262779779,161.83536703824066,0.19110709753489807,0.02308533532164968
76504,-6.461983188707495,-10.690904879170258,2.437342831090332,0.9108490723628332,396.20018620895206,0.6467587663687908,0.023086986353882906
76505,-5.552206772642168,-8.147931792052894,0.7068182683154259,1.4828028259740194,359.9078864153442,0.5723138883951355,0.023090090118249116
76506,-5.042398999970949,-10.538339974693491,2.564967672000935,1.1125934037750578,467.3328173339303,0.904361401195227,0.023091825789905665
76507,-7.171227463909638,-6.30796734816683,0.662428042994179,1.3066862211908603,283.506212699117,0.09534060074341788,0.023094602658015134
76508,-2.6184363957100913,-9.574213563267373,4.050976191260873,1.1155815137801797,467.4843882780169,0.07551630125761033,0.02309469087078451
76509,-6.95530426736028,-6.728924145349996,5.06136973344593,1.1337882227671199,467.85075572375575,0.3936144107701667,0.02309844966131121
76510,-6.191295737343023,-8.30378753760118,5.024932771142336,1.876448159535074,468.0690751668559,0.009718464291125883,0.023099450236786074
76511,-4.183719232342425,-8.383364611295711,4.676154477985328,1.020303714515361,468.9101084837031,0.631703756998494,0.023099950202331933
76512,-6.798595727610893,-6.172720931831229,3.0316355008049745,1.8528591461376616,362.821821357787,0.4552690035328508,0.02310155138512939
76513,-6.722245509233357,-8.437640767116502,4.822853744889006,1.6332792798125122,350.5458357444999,1.017942290164913,0.0231016880953616
76514,-2.4558436328031563,-12.409441764869134,0.3787731763122368,1.182474668641409,468.0141743119092,0.37438661661764083,0.02310244562035028
76515,-6.14629094220648,-7.041456257734282,3.4168356813103293,0.6719726147380111,187.65367814703626,0.806301605167576,0.023104131235024847
76516,-3.533346213790902,-8.085241181938901,4.711067328917196,1.642813274616647,467.5250914070189,0.08836140321389419,0.023110555788204375
76517,-4.40502088421507,-10.828095467793307,1.8920966088188595,1.4496822239483673,322.462662393652,0.3497557334776733,0.023110646762505745
76518,-8.410604750031705,-5.792098459924504,4.3042517854545785,1.1187088792365378,468.0756833490972,0.3420108617140496,0.023113185945370256
76519,-4.787437893929739,-11.31026559683985,1.457121688485748,0.8203535273459623,301.25909426836836,0.019998147323531335,0.02311596953953261
76520,-5.567134192103915,-7.756276219722244,4.964531421698624,1.3746698390756733,317.1390352467275,0.22487237532662174,0.023116794057043265
76521,-7.180323035857099,-12.367829040818636,0.5787379394710259,1.0308820674632895,467.4840027534467,0.03945227914098748,0.023119253838403752
76522,-3.686355375630816,-10.973473435731036,1.6083307898692845,1.2162897959040446,274.085694037911,0.1010125300010225,0.023122376111609843
76523,-7.614894220313415,-9.026420231091482,0.4038598280781928,0.8167327518081207,467.081750046491,0.4566663611870796,0.023122655617583917
76524,-6.089329247702542,-7.135188774224401,2.7958168023717445,1.1335523237637588,466.8611284901849,0.5806752333351337,0.023123775788362853
76525,-8.96311975765466,-6.436835873552816,2.564502551557675,1.2064050129838164,467.7922886604682,0.188114214761824,0.023126585492974038
76526,-6.517698005995985,-10.082988683454268,3.02285258996513,1.6163755278316114,371.61220797577363,0.0333742015132783,0.0231272828608302
76527,-5.131700935907133,-7.461512758850181,3.0612847132835914,1.7331382819975483,420.1402578090208,0.3965536084333481,0.023127508080383004
76528,-4.2519704461136385,-9.998260043419213,3.0535273896821815,1.1989683974971261,229.10221852674658,0.029519757742191288,0.023128031250542018
76529,-7.142877489793311,-9.406433986522094,3.318487963960605,1.1297089012671406,294.1184531621521,0.9308101375352669,0.023128717564702826
76530,-5.718493227562974,-9.904606593314584,3.252590182112687,1.4688489205876356,327.6307707935144,0.5613167422136405,0.02313027467826561
76531,-3.9235092736459514,-12.436158502467604,1.2713378985558197,1.8390043452967924,359.01661266345593,0.4094585533160755,0.02313450777195958
76532,-8.659669072799243,-5.9792076289195055,3.7781619430202236,1.8178608208593114,376.3783146156784,0.9582012289923911,0.02313507866124853
76533,-5.200575206988015,-8.008655157306553,4.934165132607085,1.150949201770611,133.54753748755476,0.359894456279215,0.023135177096763427
76534,-6.701796549755771,-6.448352362850523,2.7250500902282195,1.16188406375503,237.229421582728,0.24289042533494243,0.023135265848727004
76535,-5.997347301794587,-10.955113022862129,2.1060799650016873,0.9809821015529533,218.39490234630617,0.29804809232268603,0.0231395005569049
76536,-5.085598654362275,-7.4709997549065275,3.1968170247248286,0.8931380658160558,237.19992226535726,0.6971506637743916,0.02314320358657887
76537,-7.078064477729601,-7.501147101187289,0.3875905549177311,0.7987654932450672,162.08702861197284,0.08383963567546715,0.023145125473771372
76538,-4.994098445008347,-8.383846580493879,4.7595616900341255,1.033000216966032,300.54328675889724,1.091705115948577,0.023154486448860544
76539,-5.6342264803668956,-7.732536755791194,4.974973402228046,1.0811290795237802,283.3364447836832,1.273737124470756,0.023156635073015634
76540,-5.833329811764446,-7.623034057440593,1.6137200727331806,1.1272354916625993,468.0549524410808,0.7050704602341353,0.023158688147449348
76541,-6.964670834108138,-8.018664196674006,5.130661276085189,1.3360092017978953,306.0319679347894,0.42919939507341454,0.023163491865588172
76542,-7.989148410108522,-8.178631138092573,3.625085330987997,1.0577025148135206,144.1813486063566,0.2573986657071963,0.02316534744213655
76543,-7.833566617447257,-8.641508590654166,3.2165054585326858,0.9245138523211531,153.32816504195154,0.29883414099740424,0.023165930952753922
76544,-5.382574890174695,-7.85381012349468,1.372904189655722,1.0033156798889047,267.17816608587316,1.6942799751345659,0.023167249284007062
76545,-7.162323573270962,-5.827925826777669,4.543538455375565,1.1340170222519013,466.949357004355,0.6250703061820948,0.023167698824071367
76546,-5.441021185807964,-10.806204202146859,2.321370494945006,2.329415657378602,404.21406252930404,0.329129422785428,0.023168574420504125
76547,-6.106384381478383,-7.925183512427138,0.7660228891684008,0.9094583541141493,242.77355274188469,0.19493792883587613,0.02316920085054101
76548,-7.824228063899547,-8.505525376939062,3.45791335045469,1.228801389079545,259.72782852844443,0.8155199673255966,0.023170867801356135
76549,-4.747338519533689,-9.561042479317276,3.525514463419864,1.7671623628927686,418.76443406102516,0.08847025364493533,0.023176203460613706
76550,-3.543258555893795,-10.833839867767075,1.7835243101150091,1.3460188531202608,320.25524712115276,1.1681102875906566,0.02317631685014113
76551,-3.588654353920343,-8.002910756994076,1.4145761702254949,0.9045991404880278,142.07502764458957,0.24625779015159832,0.023176419392023636
76552,-5.194477663699921,-10.87285509178735,2.086459647859411,1.1190104441315725,294.82701438508803,0.8759688499169735,0.023180062830180873
76553,-6.456138121385067,-6.778358935037161,3.669416819347011,0.9645750649123173,186.47247842432978,0.08929204219641473,0.023180264486096287
76554,-7.819776146565639,-9.547324235421334,0.5281844183603409,1.5605942558188808,355.13584613630235,0.6164295581947483,0.023182882699898787
76555,-3.4111644193073207,-10.164285337492569,2.8552207271061083,3.2434377226026267,514.1406380142146,0.8894929828698155,0.023183013552920906
76556,-8.03768506587858,-7.814076411230013,4.06899416926706,0.9071987009280063,209.23303153506964,0.4306971783943556,0.02318447119117877
76557,-2.6295191786485885,-12.81777946724147,3.035467012370374,1.0877493058174204,217.41331182383473,0.44368719310554194,0.023188364548500484
76558,-5.954968340794316,-7.946004067819142,0.8247792000167486,1.6501856499386711,382.76835731129694,0.35558205030929013,0.023190165075343907
76559,-4.26000110888295,-10.356388462104148,2.68463289194544,0.7779382083488051,244.976428067905,0.4228770400025921,0.023203594357371283
76560,-7.244337630943862,-10.353331771975942,1.5522954855110587,1.8698746417017043,451.1073752911607,0.0542256088238986,0.023203776226908186
76561,-8.3784758465865,-5.451226275270736,4.308095907996152,1.8914417894097324,468.90256188424655,0.14078443310055722,0.02321676322843071
76562,-5.1834700441358805,-9.963862225668962,3.139978819739046,4.372985322477665,547.3906999655999,0.20225161238424416,0.02321778537216809
76563,-6.990940802700342,-5.62842717701841,3.588631151936228,1.0368020115330276,272.8936868611804,0.789858457306206,0.02322912480086003
76564,-7.6961765267165205,-5.464084291656781,0.16249708173202734,1.0491056379303396,467.8746909417105,0.07871005026602607,0.0232296560649946
76565,-2.3056065824605394,-12.825576487845668,1.4477402215479178,1.2731326886626941,309.27293304784007,1.2512344549539955,0.023233243184466828
76566,-7.852154714032483,-9.45916420286682,1.563757223182798,0.8310853558549034,467.4036732173469,0.1954229928674911,0.023237939715288817
76567,-6.726268473208263,-10.806434294883317,1.901438835865579,2.117344790962103,413.609545768368,0.37942579173377844,0.023238312147132855
76568,-7.517323324056992,-7.43457392091522,5.181045944535381,1.5296204286145065,354.7134612944113,0.7966185698425443,0.023239533545004645
76569,-6.868387873940357,-6.443503774081613,4.4770787889252555,1.0369428316415752,416.73860584039426,0.27831329457704346,0.023239840931107852
76570,-5.421352321188265,-8.245843295192392,4.914695768664221,0.951097582325179,467.8161409758673,0.7883987690758358,0.023247741474708327
76571,-6.6695772974678995,-8.928947256732535,4.260251456285824,0.7566865673551015,163.49482205143502,0.011252661204447456,0.023253029952643542
76572,-5.6119437091102045,-8.456120276238934,0.359700691132376,1.0718318503983522,283.30667485712735,1.269219368920525,0.023255143383711492
76573,-5.16459225590428,-9.053112187193836,4.119661923567602,1.2201619226827451,308.994282833925,1.5080911820980019,0.023256626792933464
76574,-7.699373567880762,-7.757970922525659,0.27507811166642315,1.7008858329873142,362.78729497572414,1.085930073789691,0.023257068717527463
76575,-7.026625109351647,-10.74070597807317,1.3824738258085119,1.637576815611905,468.6567090695476,0.42057346658027406,0.023257747858814463
76576,-3.73335127279862,-10.761912411091814,2.0824984562927833,1.4217635674214226,334.14686004025793,1.1167007238791404,0.023258218161552026
76577,-4.44306007833521,-8.88162685209084,4.250152680287843,0.8717137442558226,230.5259920354201,0.7211353144249477,0.02326323351545804
76578,-2.837784805253376,-8.09746522620861,3.4262335290306347,1.3062575284809255,321.88468560852283,1.1107187660659479,0.023263832839434534
76579,-4.230946223629238,-9.022196656391467,4.081436132044303,0.8301175706587259,203.71963666088874,0.25543642378870945,0.023271953638196313
76580,-3.091947768928706,-8.872825211436815,0.2590117475944978,0.9602815262263626,263.17305855115785,1.1089133452040967,0.02328018971851796
76581,-5.864643694132606,-7.356823810416509,2.3535246226841475,1.725813818262171,468.36478003324106,0.07917752279755064,0.023280587118163984
76582,-7.74648502439519,-7.47628383106155,0.26267084980959315,1.703795784775702,399.3430096879711,0.3976829897926324,0.02328177793203391
76583,-5.198585744501861,-9.888920811717302,3.2169046262455474,1.7394885164444611,411.60976037891714,0.3582950517182981,0.02328393941099445
76584,-6.931414857084723,-5.85961067728408,2.274845826827136,7.211363377337263,515.8024219330656,0.027025331510075468,0.023287314956905125
76585,-3.5599293616911503,-7.762910046875787,4.371385568000139,1.5281145152678912,349.3268531358068,0.7292871740417493,0.023288348343846726
76586,-3.703642929415972,-10.999018762843512,1.5858818212998675,2.143016479880292,415.0539827228517,1.17740502841007,0.023294180078365763
76587,-5.950033259299607,-10.993419535768092,1.597404526897406,1.407505243035117,468.19044668337676,0.5814237462256733,0.0232948475852468
76588,-4.272252226489578,-10.394205644346753,2.6502937071857886,0.7295876005135413,151.16445502608755,0.3664035902488667,0.02329820386124244
76589,-3.8647386161582524,-9.959011808555436,3.0728429732305362,0.9651014840047031,257.83881696472173,0.5173128784410297,0.023299696651972183
76590,-4.068477160014533,-8.138671996346677,4.743852074999507,0.5340717845017989,113.85147374308316,0.663987066321865,0.023310982657064265
76591,-7.823090892473613,-7.564512509459335,4.718988759371654,2.0782851066926975,401.0814265143439,0.7153850819869723,0.023313014192442937
76592,-7.049520431838548,-9.11778389492343,3.773615119702271,0.8301344924555051,201.88870216515332,0.5076457945650317,0.023325573760597747
76593,-6.953940007668134,-9.534608821301486,3.353140912874595,2.224673892884767,413.9505263547217,0.7088781865429317,0.023327389048999697
76594,-5.423043588026128,-7.949700147032253,4.987495528745933,1.7923554704030948,468.07013526950067,0.5424096135896388,0.023331085825463702
76595,-6.73349842763103,-6.523706827903421,2.248029815231144,1.074392623230514,263.8676438453012,0.4374840334849326,0.023331376237935766
76596,-5.261789185306825,-8.835101065146473,0.13869061752483253,1.3028801923384785,301.522062255573,0.3996060286460219,0.023334042285931104
76597,-8.543049957819544,-7.644551537288104,0.6184308471656407,1.5737189138529972,366.56935553786457,0.9291970894709722,0.023334140379555487
76598,-7.2063612529272145,-10.976188361864878,1.1231929362013477,1.7946454304472776,426.9039840999574,0.01084476554938174,0.02333723705720181
76599,-3.421870306618814,-11.223316837354808,1.4834571568367478,1.0387307892094115,467.5278912919909,0.3079796279028537,0.023344604775969256
76600,-6.911793607085434,-6.093572997427789,2.0080392682619634,2.2703964396312526,435.3972706419059,2.3027879452905315,0.023349364022780535
76601,-4.2032566099694915,-10.825857102248078,1.799722375382038,1.8978847115170945,468.62949004020436,0.3898692620216968,0.023353903976865112
76602,-2.953205025971865,-8.224896582637282,4.564820795706602,1.1484542154404282,245.24213942113792,0.6694855446363732,0.02335442036497382
76603,-3.5848268924074747,-10.87686158343437,1.6918012519896115,1.8463079481227471,467.09605395056747,0.17286082703037575,0.023354464014709884
76604,-5.075125375755422,-7.963367693733987,4.880098241471467,0.9451607257853615,164.70764093221982,0.15908866179390824,0.023357712375496963
76605,-8.421360911300708,-8.282946529561407,0.7141864160940243,0.975215152460331,467.3760644254168,0.5528788385197991,0.023359880675347222
76606,-6.637487902757581,-7.2666116329928565,1.1724754335077092,1.8213579701245053,454.3639021431134,0.12901876608330998,0.02336077688074266
76607,-2.519253784124831,-9.02019369961749,1.032537006934004,1.9552133740746338,400.1208909939289,2.032436834852656,0.02336180884299634
76608,-2.681410531727149,-11.849933918445926,2.9111390507087727,0.5266717152176277,142.75337061009665,0.1788833228464517,0.023364490275882235
76609,-3.750348196908412,-9.817636406844876,3.2128928893460067,1.1589128237737123,468.0831654220113,0.35324604130238413,0.023365213181150365
76610,-6.806468715397433,-11.295437406989617,1.2537055411004991,3.6560079230418556,547.5838481829977,1.2272890134452101,0.023368929296250767
76611,-8.65082510887191,-5.730915152729992,3.7657699470083443,1.6745204281523072,255.50186377833163,0.05247686976953769,0.02337884613915003
76612,-3.3074402904013587,-7.654360328588636,3.9695552437454436,1.6573082957419591,350.62081314781335,0.6279907160812348,0.023380157989164884
76613,-3.822292589304281,-7.798563094793688,1.9921021231329399,0.9203251663996793,235.98999938534175,0.15158456873693993,0.02338250534071183
76614,-3.71044368359473,-10.75882405624226,2.0765955417632673,1.6355223673940478,379.7580271558865,0.09438941261916245,0.02338454595523431
76615,-8.40042412048191,-5.815001193244781,0.3814404449299516,2.2545234149295785,430.8428217063933,1.5317716456103652,0.023389962579805974
76616,-3.154563777553494,-12.521947823399453,1.2757267715869136,0.8527788551472897,222.91563354556956,1.1355123668344724,0.023394260226929482
76617,-5.07442889483744,-7.471347185565354,3.260393501207438,1.325320521046981,324.0579350039662,1.5625478123150502,0.02339504383040885
76618,-5.6504777874537195,-9.211464844488066,3.9947135099557087,6.194998154582496,448.90456118524844,0.0792868310141106,0.02339600070435765
76619,-2.6509310263761847,-11.582516989576973,3.159005783574608,2.4645771033289887,439.7963075090446,0.5957735913330096,0.023401055086269183
76620,-2.6910592349149187,-11.524997204999416,2.981201160719627,2.1415811790572215,419.4538358387876,1.7326026086753883,0.02340170967532815
76621,-7.295521715657021,-11.477534856021954,0.5276624802872963,1.2888358155897581,289.895187163556,0.2793883877038512,0.02340200656769764
76622,-6.383029070808661,-7.719410746475997,0.8471535795658478,1.0919071194340273,284.71618752302044,1.3163933003965118,0.02342163786564899
76623,-7.548234756882287,-10.012750090748973,1.4121995812496764,9.050266135607671,693.5659157055334,0.16452765385031398,0.023421815743965478
76624,-5.83727260486074,-10.319073766808609,2.8409184223583326,0.9403182514803521,264.64441612343865,1.681990138158782,0.023422021312182108
76625,-5.393560261486592,-10.904318063191203,1.7435178754694418,3.1647187979028177,504.56777305945366,0.2740777920849924,0.023423878848795522
76626,-8.652729634996748,-7.971788361522631,0.9435382812703056,1.4346966462466053,243.6530367969823,0.4659424711448654,0.023424164582057396
76627,-2.573953655536922,-8.850525519795106,0.7833600528980526,1.5906813783074147,468.45014642460154,0.537056742210873,0.0234242587750613
76628,-7.5083653471529175,-5.014785348319396,4.734885214334338,0.855744411391424,468.01949679584686,0.37687882253973104,0.023426623750469087
76629,-4.1328219839931695,-7.817279818888423,1.8801383307140542,1.0226768474090389,187.97545993818989,0.14501590069421333,0.023427612011232012
76630,-7.017355932623958,-12.809558813132352,0.3298593714897818,1.0647721505163112,185.2086006207639,0.13746647112378785,0.02342991253127493
76631,-2.6226662590615666,-8.942715398219256,0.50030259382108,0.6717728869082232,144.88221041155617,0.30631400362945715,0.023429926580933416
76632,-5.274654402021797,-7.998244635311534,1.0460001178359526,0.8077085263682205,164.99982759552825,0.7455747743221073,0.02343750140083946
76633,-5.164381949632346,-11.22324267159653,1.4790024811011726,1.0808312687355432,288.00742991990046,1.0290429611047776,0.023437906413803607
76634,-5.847574399192562,-7.637469634847856,5.003376091383173,1.4327399005261459,334.1390888867178,1.5785213723364038,0.02345060299754304
76635,-3.6295072237063577,-7.953555885650058,1.5613174788615771,0.99553382429197,203.032655485866,0.5695119767731649,0.02345231569769079
76636,-7.831089234079878,-8.44881694336658,3.5277131238425428,1.191056858290472,306.37978033005453,0.3861524457179355,0.023453132262803798
76637,-7.251738412602404,-11.715017784873137,0.7622227980293134,4.363090149253376,570.9251084624926,0.22592096783924642,0.023454529329941156
76638,-7.470387930964135,-9.578831168689707,2.5455515560015596,1.7594885686088741,418.2098500236252,0.613009788569923,0.02345642315484499
76639,-3.9122553876533015,-11.949040940131656,1.3266063583435406,0.8691685922077924,184.8161497315398,0.08058126083261818,0.02345783716220936
76640,-4.720625977896392,-7.653655308634794,4.334680972493626,1.9745204761776005,401.078838766158,1.759247864573548,0.023461277784483973
76641,-6.531334420219864,-9.38247534543093,3.7635448145216626,1.9971809665528695,391.2800274846325,0.6327747387013867,0.023461757092058184
76642,-6.557488987871152,-7.657231757831766,0.7687643488598146,1.4203503557462624,468.4919463516747,0.07630116549796728,0.023464229966859956
76643,-3.1253063493581266,-8.590681817350731,4.556547043125885,0.7884535654697457,197.50982048314722,0.8485341246484017,0.023465060179638567
76644,-7.025565129310473,-5.301846208868765,3.3045988178835435,8.772565865959429,353.88610194279084,0.29645607797785267,0.02346732080677212
76645,-2.835262509196986,-8.859769760447449,0.3304560236937328,1.2592952420085608,336.79289631939116,0.8654396583445516,0.02346863533266038
76646,-4.456095209438685,-10.025736436150467,3.0247070117589714,1.870457864220306,452.52907210226977,0.0004457213585666864,0.023472899550753525
76647,-8.325275166591346,-8.296356390221685,2.4780281976982264,3.415781879755254,528.1719520966798,0.9935109677874392,0.02347315744462124
76648,-3.1800004581676298,-10.60747503697651,2.423279091912833,0.9702997486145329,468.7556755649403,0.9193401330398014,0.02347328651582536
76649,-6.88206835067541,-5.944379077313959,2.7292821119475215,0.8636260572751345,468.0436064493033,0.5515576918519409,0.023475561485042564
76650,-2.3721890240305044,-12.846297196204734,2.0669585816128033,1.08952605638612,279.38938169031974,1.541003330564017,0.02347817890828267
76651,-8.91468162702489,-7.084099312634211,1.9506731140321443,0.784937265918696,468.002053216899,0.5288274860141051,0.023482479347774452
76652,-3.590304734483114,-8.722895631664736,4.3658160585416175,2.7113181083929137,230.80936016584928,0.23581840667803977,0.023482666520125497
76653,-2.7240435706584796,-11.338757100569067,1.871482639997647,1.875693610077405,467.88321533595547,0.41321873107164464,0.023482839352573198
76654,-8.800906047898991,-7.528234802709359,2.0524647602838466,1.797682812395219,429.2640080920016,0.7593722249738439,0.023483523564782994
76655,-3.516055655028384,-8.125354942676584,1.0684663299546684,1.133257726151103,286.1830853264077,1.316059195746682,0.023484038123501156
76656,-2.416977945998358,-11.505350051588973,2.386862047673715,5.797152163690321,662.1130149879915,0.6496586239738065,0.023485463846525126
76657,-3.819245647098305,-7.756141241668072,4.379839888804972,18.929295313692677,504.14951891416337,0.1965272490795522,0.02348615126206411
76658,-2.4992978942053004,-10.510372923772008,3.1865438503639982,1.4163871513776922,302.28316426161655,0.5367091873852621,0.023486184526914325
76659,-5.872782657705867,-10.92458801873688,2.169520673169991,1.0836583142404599,289.27676998868407,0.3696742695598383,0.023489424223086718
76660,-7.191099011431971,-6.025433354562384,4.767015233368492,1.589998340213912,371.56996591535494,0.8302292133653433,0.02348949154367037
76661,-3.619607408428106,-10.747159099463637,2.0955808271384204,1.716754184377664,405.21473404541655,0.5161213159648126,0.02349095019593124
76662,-3.7831719465799507,-8.452921446033447,0.5449570703677735,2.314189840581482,350.98661144842254,0.07596818631729096,0.02350034128920853
76663,-6.539053601163472,-6.712041347686674,3.804525510616151,3.103390074689706,495.5666570682177,0.6123291448977568,0.023500626017302614
76664,-6.779988383747064,-10.755362045479055,1.877523500325966,0.9885095528525757,273.6041657980961,1.3372578034292752,0.023500750398780756
76665,-8.195180470476544,-5.734193493893538,4.641233032168999,1.8436680603995144,467.62573506370046,0.5728420352341699,0.02350316004631746
76666,-6.920708214201218,-6.902811219682404,0.9560271832720897,2.377790807256528,435.5808425413312,0.7637984987449089,0.02350612529953263
76667,-4.19964516528999,-9.08548226359128,4.0125021002217816,1.0920773155729613,288.02952343271227,1.0606673550507617,0.0235101117900293
76668,-5.766088672679384,-11.012720055735375,1.5725211409279793,1.2166026482516905,253.308050794902,0.05943095560789491,0.023510173385317423
76669,-7.2872423999479325,-10.115848300201648,2.147467715666781,1.5918323019847804,365.6261173199674,0.08413062995133114,0.023514989818348
76670,-3.357756487443627,-7.839235159962229,4.498852557255455,1.7884657194955011,468.1633356018567,0.040913435410326215,0.023525721761643865
76671,-3.1900512569455772,-7.74343915232097,4.181413847046173,1.0420104619289452,246.92069548132426,0.45578270753573413,0.02353448902581328
76672,-5.556026876769307,-10.46685395365438,2.6714986514503494,1.678433605499878,468.55821084851357,0.6094226883824039,0.02353486683689376
76673,-3.270008236339428,-10.54759223637324,2.4524662313268064,1.530470056728994,353.08648324237515,0.9815347513339381,0.02353640047511716
76674,-3.4915332651427224,-7.976076275985423,1.5207425405546973,1.814774161996144,469.9572421766657,0.16080683504974935,0.023537528741819375
76675,-8.040035316597534,-9.051524901340365,1.8044310289979435,0.8514484709614227,218.19019488941552,1.115880109368148,0.023539330298539895
76676,-5.969815438862862,-8.467641357088267,0.28073984568432236,1.0386983217189392,208.9371475441371,0.4431027750381338,0.023546109881189898
76677,-5.941607889204122,-12.787669299871517,1.1877143298649782,0.9905730960360647,140.90344464129097,0.35376896588475937,0.02355110994373587
76678,-8.268293325568308,-7.192764136656178,4.301512647815131,0.8607929599414448,468.5525751588505,0.45762816401459006,0.02355290638560327
76679,-7.928203171979864,-9.072605449530403,2.176892270776545,2.1694179045831694,409.8476748628012,0.679205692719349,0.0235544921384048
76680,-5.156747597497344,-10.190623063783718,2.9063808142657215,1.1168380428157347,467.75907338175455,0.7514478660446944,0.023557518724053355
76681,-5.863583471221958,-7.50793806930836,4.838707187406518,1.0997214502728845,301.4315576476542,1.0498473336011607,0.023558493077111355
76682,-7.355616774801803,-7.924245133678677,4.922835348106733,1.5558801030975016,350.09990558223063,1.8035077487349538,0.02356070308086122
76683,-6.677593114691357,-10.819914848632383,1.5648907098489426,1.1072036732997488,288.14364973932936,1.8219454465767253,0.02356084267748893
76684,-2.7171061480777627,-8.76531187261035,4.168412297005867,0.7037074356306593,166.06338645803476,0.2666907637523117,0.023564391061322222
76685,-3.596687623140027,-10.520407249868759,2.4806238877414057,0.9371450299314562,250.19080288666157,1.3360075255897277,0.023566084910095916
76686,-4.905227668007584,-7.972358076566641,4.834332914881668,1.0093526250011418,263.0639151526526,1.6256138766555095,0.023566903454185287
76687,-3.2260109991033286,-7.625977862025964,3.5641593898263895,1.0785392772446734,279.7944265215437,1.475202285416537,0.023567993382723054
76688,-8.123027957278694,-5.3761861301708125,4.661028336596996,1.1552662790174721,243.6817134955503,0.18108122416714334,0.023570066918177965
76689,-5.263142002794133,-12.38472853737123,1.2548421720520024,19.9966465366347,684.2443423066788,0.037184710955511235,0.02357103364587858
76690,-7.483709749261875,-6.439827748457539,0.2235545924689166,0.6755917140565278,193.90922302322747,0.14005211524129457,0.02357149073530367
76691,-4.39200683178715,-10.933494167128153,1.6311621414220836,1.0678708480549683,130.03512642647223,0.3497718524032507,0.023572801223882184
76692,-6.869518425670725,-11.865816138962339,1.0852764617662571,1.4695101067496166,468.4231831327364,0.7478704890427679,0.023574429662032777
76693,-6.970870020521221,-5.866255508557893,3.8461508567838685,1.2651040415518935,317.18674418520794,0.49385396726690356,0.023581036847526344
76694,-3.5931062563898317,-8.722854727096097,4.36335194837736,1.483872721923107,330.1059623089216,0.9883666003688232,0.02358173936074225
76695,-8.721882599323548,-7.854957226313281,1.2736086969715175,1.6542090180203448,384.40999488906397,0.4318215196831332,0.023588093992597342
76696,-2.6893176204516234,-11.114158314545906,3.2437600323458273,1.8339308389311848,468.54407560647377,0.495744078335548,0.023592169792716007
76697,-3.93179709937902,-7.5894145951836025,3.4103282163883595,1.85776584697101,445.66161708321135,0.26395407405933113,0.02359534980050853
76698,-8.126854834921144,-6.681043177970618,4.795786988236987,1.1442744257432844,468.36533399597545,0.5233440728188343,0.02359570693335903
76699,-2.987544017247844,-10.924492532058387,1.75739954467414,0.9048620522197899,236.5180471887869,0.42026129856507755,0.023598553495220883
76700,-5.463008189903702,-10.884497255497491,1.9724988763446696,0.8785162223607393,468.9506653462643,0.14816258520489267,0.023605274959618512
76701,-6.282891907951067,-10.448171308383701,2.6986278013841045,0.9729003664697949,467.3014334504095,0.9271351479249246,0.023610127169430808
76702,-8.121951484123835,-7.0356279065130485,4.667702185883453,0.7034323642757,194.52745964739827,0.5907148255443468,0.023612892786160515
76703,-7.841978640813307,-8.633035843709134,3.200428196644902,1.8167707837426548,467.5908004044952,0.22865273302549927,0.023614316216564964
76704,-6.152870191186057,-9.524074423849552,3.6586685830002974,1.373586839219924,312.39431239918275,0.12324767227797384,0.023615255170576624
76705,-6.926152359739117,-11.566291084770711,1.1155682105079967,3.0088290412842236,500.2842622477234,1.5602284071923505,0.023625594756629942
76706,-6.799597182451345,-9.781274280637744,3.1869395409285897,1.9270214614251455,197.09662653908924,0.34940963603802544,0.023625976907581527
76707,-7.198974622481518,-12.057221989048895,0.6842962270461286,0.8596054791338219,207.96206690085765,0.4386947357851927,0.023629108148750227
76708,-2.7922905912046865,-10.35986420554675,3.383065210162141,1.7879777108315027,424.1056995151398,0.37055276714656227,0.023632551529661247
76709,-7.559774298861187,-5.558525267067222,4.942156568949221,1.1161478288753135,295.0050908329959,0.7476084289631135,0.02363722157825787
76710,-6.217974039566984,-7.0499211979918694,4.013280286481243,1.1379492087154912,467.1554556540097,0.5528592616287469,0.023639705938861968
76711,-5.898613938348929,-7.456430767050635,4.773551239609649,0.7574666037788521,469.3622062491234,0.22312315114907033,0.023643642370419944
76712,-6.72488324461182,-7.031596380322684,5.071586551026864,0.506126015318973,140.07592428813868,0.32112116393126744,0.023644464246103936
76713,-3.220757917569305,-7.661620320678485,2.682447242862231,0.6750280458830861,467.0106117069126,0.41983872719708426,0.023650535176568906
76714,-4.295067556357478,-7.598304065588291,2.9481029650814095,1.0405051839607586,258.6341854879357,0.5998125356077493,0.02365909565919007
76715,-5.174665194813345,-7.585157945846009,4.4093736897780715,0.7973193601419674,161.17785161962323,0.5017160927975661,0.02366093372053598
76716,-4.090937611765976,-7.749289593354578,4.3940558401460335,0.9797481387251837,467.63045499561974,0.6687157959513854,0.02366475797549005
76717,-4.5963545673784525,-10.44956174817543,2.6006358764984303,1.7570717202323975,415.2763680103106,0.446437312197447,0.023665942876791347
76718,-3.509435899763517,-8.765543527522873,0.25934887027039155,0.6988280893984934,150.68181252879518,0.2708424700934824,0.02366671513360249
76719,-5.155153653241474,-11.097478785189685,1.525229259400264,5.129829916917109,611.4647466721689,0.23783111913232524,0.0236674316065329
76720,-4.66213279989498,-9.073568348237155,4.051082469728302,0.6357842376145025,156.2450590719878,0.6475285309383301,0.023667524790317425
76721,-6.776935591055902,-10.69420657984081,2.174656774441828,1.781600644045732,468.48758642071346,0.8211063338979399,0.02367304565512899
76722,-6.938791085558832,-5.834485461148911,3.415270835799136,0.4946440453766517,109.22844297729087,0.1466793191107829,0.02367312388349991
76723,-5.386993415065968,-8.078507715827422,4.952408882255176,0.9608362749530028,265.826964037214,1.502692756353956,0.023677586442348703
76724,-5.898396750998075,-8.882644421601064,0.0658707612046294,1.4076891550234512,327.8816596144297,1.3528023773394162,0.02367830611332732
76725,-3.7903583759837387,-7.600619223149506,3.5776504237322224,0.8798087520306459,201.14367982800204,1.272335941662372,0.02368703725256104
76726,-5.064870839082076,-9.449030613371505,3.6663645680621135,0.9464308018223745,468.81404797900825,0.8772933541792858,0.02369545430310726
76727,-4.504456183015192,-11.655261393466331,1.3703217311315103,1.6892174475174286,399.1479602948568,0.2840747474488676,0.023704623779828012
76728,-5.157400615045517,-8.471081200219107,0.4264877780942446,1.3033571957200465,289.06106971130095,0.970535330877957,0.023707957178489707
76729,-6.173590951655658,-7.035576177872271,3.5283700946407417,0.7553329596532007,468.13149896558355,0.2581366901606259,0.02370873489680324
76730,-5.525779875412664,-12.542500927361479,1.230240255166424,1.1845662682078912,467.3520679262299,0.3106232121063348,0.023709009998772516
76731,-7.0184474858532315,-12.729585183487332,0.8726392302416804,1.1264924674756307,287.62327279351496,1.3505882514939334,0.0237135297144084
76732,-3.063323720297239,-8.491994853790853,4.6477813687390945,1.8161676952645027,468.1049438374351,0.2625697578008195,0.023719241090024382
76733,-5.053874889929246,-8.172141170519485,0.8168910053985904,1.8216615416491992,435.50847437301843,0.2607768465586018,0.023722947516323006
76734,-5.321803258298257,-7.862692278629032,4.908479247660003,1.8850076513251963,469.0039545058441,0.6381064691679512,0.023723127897522508
76735,-2.9714948534277426,-10.887254831537927,2.2956872818261695,5.611809695504354,651.2353441082104,0.4272416318351917,0.02372394081394163
76736,-6.852549031323706,-10.698209430751724,1.9712322401382167,0.7933251877326788,158.42380761667258,0.4675320952037918,0.023727620020938384
76737,-5.789763270759037,-10.187198608508488,2.9574718567585414,0.6281136346930941,169.84864768665582,0.253371326223955,0.023731370332398805
76738,-6.176768660809499,-10.920355399498122,1.8986499637570147,0.6752652829875597,181.00136963225344,0.26247532242978355,0.02373315197673048
76739,-3.7673680760625583,-8.992975249077993,0.11419101918716718,0.9786291843648481,197.9428030356673,0.3392918850974933,0.02373772045013312
76740,-4.286487381762941,-7.596466364960696,3.8104889134751994,0.80642086529503,467.7076309458631,0.3126139181380987,0.023739277565829095
76741,-6.8648300542574825,-6.034098465097209,2.660509419335399,1.7063851334949545,402.145107602855,0.7267564402031104,0.02373979673986783
76742,-6.754682106772659,-11.20623500854329,0.18791416097799313,1.853844740773214,468.8519459814693,0.60259329106783,0.02374006131386011
76743,-4.6614645781810236,-10.149665625308778,2.896214252135995,2.1621749080918584,423.022863252608,1.9562404120533907,0.023745204862483438
76744,-5.078518860673732,-9.543942084865538,3.5620109731168053,1.0344739048381306,273.3700575748751,1.1990227111939724,0.023746732287925496
76745,-4.624854971372506,-10.287188280377814,2.7583825587845148,0.7456551695027679,149.8089462197187,0.8726887599351594,0.023747495567296106
76746,-7.020274563543092,-7.23814961324505,0.5826022283214757,0.8384737144763148,467.8441948026872,0.18056078083109384,0.02375388973880835
76747,-6.5128244481045465,-12.8283726965939,1.0942884997733338,1.1629166392108983,302.55063114531225,0.6619026395731726,0.023754970250244378
76748,-6.980597051949373,-6.241552799498123,4.4767357274890935,1.587043605553117,362.5095530399474,0.12148330997616696,0.023755100068677905
76749,-6.966124870634594,-6.322216412060049,4.55223654403427,1.630352088851057,336.52121096739904,0.203705337347591,0.023757184839070803
76750,-8.276214356338265,-7.723867761149226,3.6641397011633967,0.776912993134416,167.9807944657086,0.22984057397790547,0.023773281979442534
76751,-2.706913370489622,-10.77194567061231,3.3087277669073716,0.5686247183568214,176.8374720697379,1.200199214750783,0.02377349709953825
76752,-2.396995210338554,-12.707795824133825,0.5099271368828079,0.8967448563395256,200.57992320471365,0.22239757131899296,0.023773964475525548
76753,-7.644030823122518,-8.086948905851436,4.372962711887108,4.27343855617609,454.9137016372508,0.02403220878403456,0.023776604916606974
76754,-4.349498416385224,-7.82696988142249,4.58557687802223,1.046301332152854,468.3149608966651,0.5456222965874362,0.023778620189793636
76755,-8.975533104690554,-5.588691813898616,1.8850759524597038,0.7764019331396973,136.08028466492829,0.2606890594254514,0.02378501752853948
76756,-3.997133705695828,-7.616964001338912,3.7350424994328217,0.8375750794309805,169.2605325462479,0.8946967624902831,0.023788469686666584
76757,-5.662626832385137,-7.897207313626883,5.050716664450854,1.1572509619577862,290.4067869489385,1.5666247201035972,0.023789907308497008
76758,-2.9815106533858025,-10.886071042281865,2.2776478203964516,2.1908520930328166,216.69503432788485,0.4279847115062543,0.02379927720200299
76759,-7.837223825706376,-7.0369031079083015,5.059158783478431,1.282882890166422,307.249488337958,0.18253603868247925,0.02380073023519982
76760,-5.3092043143912795,-7.532193817442801,2.448007001434655,3.163034352719495,485.36657224318714,0.19380120763642772,0.023802114211162795
76761,-4.479487356988898,-12.587453962312432,1.2503653603785307,2.0360988262024065,403.25045220388324,0.8735836710380589,0.023808272073520695
76762,-8.145835990162166,-9.165813434580151,1.0430003869055544,1.1414034959881474,242.2979818391994,0.2199332522984898,0.02380937170698914
76763,-4.664299548579338,-7.98953271001062,4.775099899588455,0.7122302478134299,195.70857273583914,0.49153485457525203,0.023812167655505177
76764,-4.707282884229869,-10.46628304844208,2.585657750366408,0.7935115455475679,469.79423329048944,0.12879782705633414,0.02381336819757823
76765,-7.175235828287699,-12.1157590703275,0.7687410093822499,0.5583146262107399,117.32670698914923,0.040070019773332355,0.023819312843545815
76766,-8.436304586102883,-6.800215831631448,4.189828675553288,0.9466608750433911,360.8820799815878,0.7957165555751287,0.023825123100926764
76767,-6.619127699309711,-7.2535786435798775,5.184629203323742,1.8345517589857105,439.18969634264886,0.6416606047437519,0.02383139672823355
76768,-7.117000009281646,-5.2467718103108005,1.6279207828024218,1.1924215689237128,191.17574974843416,0.13622348108874593,0.023831910317889435
76769,-4.206824693980037,-7.692969301344977,4.22077000141489,0.7141481115832934,148.76970708770446,0.25257855164817844,0.023833529779303978
76770,-6.3105264347616545,-6.932856742932128,3.219213928884895,0.8081210554210939,235.979519771415,1.404866517387986,0.02383544131096646
76771,-3.4133678481365983,-7.612266271430948,3.4025283312762933,0.7742804397207879,192.0080652522208,0.5984079910310411,0.023835735320895033
76772,-8.840939100426505,-7.318961758462281,1.05250975842068,0.7216905466046594,442.34508392973873,0.35292376246305057,0.02384569981173869
76773,-3.6657004166371863,-10.06578092854106,2.9394458989505403,1.0708643500100128,212.71960029333738,0.4511365345743945,0.023845750068539975
76774,-2.5222980938748716,-12.423083886216967,0.2394369335083003,0.697688647905316,413.6360646631682,0.37438921798249325,0.02384638808533154
76775,-8.518157277475355,-5.241321256111242,3.9919719008276977,1.6518385858638371,386.8214618926384,0.25195681216882715,0.023865696287171532
76776,-5.832531599076411,-7.546383361874507,1.8357440405150687,0.6163045980758289,170.7958849867427,1.0337571548477973,0.02386592861510923
76777,-2.944369667958515,-9.483347359843918,3.8709581455644133,1.7347581023343503,468.74276168372825,0.8537975922330041,0.02386766816300066
76778,-4.21778455053004,-9.134109047931592,0.03115677737993519,1.0524924248357417,467.36654601020734,0.781413342493237,0.023869453548198277
76779,-2.6769179808565537,-11.755761666799968,1.7330521464935544,1.4429249041371317,322.98285276609454,0.18794131428181782,0.023869914226288657
76780,-8.810677544872837,-7.086383071044837,2.889156841927782,1.8725738425817195,467.5294785271028,0.34400653525132796,0.0238699401490718
76781,-6.466784587059831,-10.884341156562288,1.9124776830160886,0.9643417819420966,468.3576144343662,0.5203976557150005,0.02387066434938055
76782,-8.057623676884681,-9.143943817295883,1.4716458335138254,0.8628236253777593,434.92480083334823,0.24966626857668128,0.023875993289724576
76783,-6.293033553495555,-8.953823829998079,4.304882928119693,1.4731339347118326,337.97495878988923,0.9217966654071565,0.02387776146975573
76784,-3.583492133590953,-10.610495723171878,2.3529278137224106,0.9070884842913549,467.83823617929824,0.9011927516496359,0.023877817968227213
76785,-4.653235898076662,-10.687399780154893,2.3212145868883836,1.7989974224944734,453.09624666991596,0.45825060758453073,0.023878113195594786
76786,-4.83010442287466,-9.780250815977688,3.2846164901849275,1.7437717796002576,468.5642725919068,0.7688673688317236,0.023881230295166575
76787,-2.6099282481466144,-11.600105255516244,3.3994856941670846,1.5058646792628942,339.3502402994465,0.21982651966954148,0.023882371537880545
76788,-5.588991994587371,-10.89599643018592,1.7610435710494254,1.2827749305147313,298.7964238170705,0.8480790359834884,0.02388298596834736
76789,-5.960886541790479,-7.176479962419467,3.2369527287587645,1.9074827817662594,468.0888348104158,0.4295860820228894,0.02389344512292083
76790,-4.68264868166354,-10.664585743713733,2.362740115263422,1.0358968595647173,280.2329933116024,1.5893643714422465,0.02389477717934966
76791,-6.631306954404879,-6.755505246200432,4.352283130839961,1.2878205018714024,309.85241025307164,0.6999945715374194,0.023899350765270867
76792,-3.8993791802612874,-7.784359081742416,4.42868708164748,0.8677528107834405,200.50062973489108,0.9220094997132451,0.023900596486595545
76793,-7.084188885907421,-5.278428138346016,1.803326170676115,1.811896668853538,467.4629411934614,0.5877322197209054,0.023901974520402186
76794,-7.117250100547789,-5.780122224068048,4.331874248298493,2.3888036229022487,298.06996446255533,0.5301638670175093,0.023902750987590704
76795,-7.012239641936114,-11.093869388707397,0.3057299100761612,0.7704019730285157,156.60349320507578,0.6319969901007534,0.0239071680794964
76796,-3.5201643211816194,-8.432965781154756,0.5855564885699156,1.3198569646673375,280.4317715059192,0.01217379299301058,0.02391264699035954
76797,-5.311326633216999,-8.686450541621646,4.519092925410968,1.1902191838746632,306.4889504914436,0.3425244122387978,0.023918776423059604
76798,-8.474719540581583,-5.370755207643927,4.1038038253217985,0.9458132140944843,248.63903327617672,1.3932290428384997,0.023919825341835378
76799,-3.400933799282333,-9.88696783996728,3.1206439476323484,0.9221951125110123,336.8569457919589,0.07514079829781295,0.023919849838471147
76800,-4.440669408296163,-7.824310436537746,4.588239681572138,1.349708107701654,297.9049311300216,0.31639168799998263,0.023920959667352467
76801,-6.240064362856103,-9.339505424602056,3.855536104455184,1.1141024206048187,287.4191608160772,0.6621633562445686,0.02392121517726401
76802,-8.090817391967578,-8.156995327578365,3.4124897595181967,1.122196415182183,234.8944689236075,0.4234667579478897,0.023922598539640832
76803,-8.738464135905271,-7.6850168508009045,2.041665292747358,2.5401037266282054,435.9041696667106,0.20007918084804377,0.02392488143582135
76804,-6.3340524898571395,-8.576526762179444,4.735211937524678,2.823319670546907,235.23793851152425,0.27830546891167973,0.023927075650559435
76805,-5.930209005158705,-8.255697244397819,5.002696663873841,3.205684072600011,515.6881686648051,1.4879361634219679,0.023928951879406513
76806,-7.353904457133563,-9.941727912168746,2.2509975163492832,0.730964493466253,205.13883076859727,1.0095059305197465,0.02392964190515869
76807,-7.605806628583831,-8.994165958199595,3.1263476973572977,1.5117439892456217,468.70520602333926,0.820235653911987,0.023936273169009377
76808,-6.351949373381431,-8.395951675031757,4.92312812787392,0.941089349148717,201.50568861741345,0.19074059435596613,0.023938043347425327
76809,-2.853358984409562,-11.06699431570386,2.125191946501838,2.51822363522085,453.8759880237766,1.1640395999433881,0.023938824382404928
76810,-7.597968833706821,-7.184708371453203,0.22776670070485958,1.1093040062293231,467.98594685506254,0.3616509114541744,0.02394167104707469
76811,-5.4080854546282255,-12.835086577458497,1.2129507078856272,1.4108887144595492,317.6692250326238,1.0113927908826046,0.023944411673853156
76812,-4.346591460135403,-10.360453956329048,2.6587490090859336,1.4833851356773489,468.5297333957281,0.6675217090460412,0.023944616043062555
76813,-7.983296640190217,-5.520842288191251,4.828503866082391,1.0007806701980595,206.3792884197233,0.9563561017200337,0.02394897670092144
76814,-7.952553482669087,-9.542717788083971,0.7627944097407167,1.6106189138379505,468.0973028050187,0.4774794107499254,0.023951895480536407
76815,-5.076746804484069,-10.867531715187994,1.7346276118968582,1.1505843191506764,299.94469976392907,0.5050698834735874,0.023952429561635916
76816,-6.351296809773763,-6.974776772381475,4.151087414874687,1.5282499082504637,469.8816443180501,0.0014960091396032382,0.02395342898027972
76817,-7.132958337171402,-10.422920903573079,1.8024405855631855,1.8186823392064957,434.73538561343287,0.3155615959050575,0.02397003413328271
76818,-4.589244399217847,-10.783311771739136,2.01509271740321,7.02277989799247,600.0104096190349,0.11720508532285034,0.023971216136900425
76819,-7.462777970002401,-9.1322965239047,0.32550707879643637,0.6118631433591157,177.97611875178475,0.8176741253423243,0.023974953289481214
76820,-5.914000995567764,-7.456514278496877,1.9512014145137906,1.1072439745116283,266.68973218576446,0.8844269616784661,0.023976580267316496
76821,-8.258245840591739,-5.860852169890126,4.555248530464196,5.4166495090991615,505.7374413649185,0.057323355688562394,0.023981163317451443
76822,-5.306201386437195,-7.788623889310364,1.6186353114288272,1.5453827643537015,469.5845344292648,0.11457069352918658,0.02398381153722825
76823,-5.911728974907302,-9.886365469933562,3.2543829713761347,0.5990909342317488,126.18124196065277,0.8633063129802876,0.02398683032431342
76824,-4.873159774371096,-10.517944632735395,2.5305512756367374,1.4872150487050346,342.61418248777125,0.7151010016254782,0.02398751416384383
76825,-3.65436017846831,-9.788005765331485,3.22562056942645,0.6604925121564805,466.53917737724316,0.4208164848577427,0.0239879122832855
76826,-3.5283156419513233,-8.26402257203857,4.671574133960417,1.0302517368425226,269.66193762783746,0.8869892852930841,0.023995082096493054
76827,-8.881061482550137,-6.120494797129563,3.0339779524012775,0.8110690280201149,164.53019642168962,0.0639401827054158,0.024002270515004635
76828,-3.6492308815026506,-9.08756051460695,3.9757053869878747,1.7282355688959012,408.6286611107443,0.2811330354444639,0.024002797331364397
76829,-3.4683029209648506,-8.896760690080672,0.1661064709004419,1.7782544554004143,423.39958607450825,0.019780266760486498,0.02400634147176546
76830,-3.632332720622914,-10.389884713943497,2.6040045557278724,1.0367383031036002,205.58521976222963,1.1015208101378677,0.024007858637581574
76831,-6.225292593517426,-10.917891463377412,1.9658162941902946,1.18106979921638,467.6778788382122,0.22148732656241688,0.02400931237362115
76832,-2.859722707538463,-12.145421153131617,1.3806245358964049,1.8571552176699706,466.8008731078473,0.08576723826037913,0.02401134023931398
76833,-7.154036882399264,-11.496032708894178,0.9793164529211884,0.5579474628724983,123.80218977249852,0.09304190041339577,0.024017966920948663
76834,-7.694565132327881,-7.232491197973605,5.1149287956546,3.1077950343621215,504.8700064040337,0.31726927021357554,0.02402566012134595
76835,-4.955912918357265,-8.50484464278424,0.42243751755777853,2.3969129125891273,436.90220197441016,0.47258915902697485,0.02402595460681778
76836,-6.091335329514675,-8.226107689176525,0.4506082709171386,1.5918160377805413,370.4707809772674,0.44867758062035445,0.02402635004301233
76837,-7.45078263421606,-10.774224665783295,0.9275443148019935,1.0786523354151818,285.7952051365901,0.8282135048146824,0.02402786741899454
76838,-3.122948906735412,-7.69921570050085,3.2645358751638285,1.0854904582786171,283.61651387103103,1.491016172433702,0.024033359271496756
76839,-2.631000329146408,-8.782034950243736,3.0435758410198153,1.1281146271155587,293.70862709806255,1.6739437903433663,0.02403510205357139
76840,-7.024896353498349,-5.422162908150098,2.1046023953481927,3.496307223389668,523.4739869863671,0.2498880564625816,0.024039243354742987
76841,-5.621392115197037,-10.885068303439182,2.0857814737409486,1.432661777967436,311.74172481045485,0.7062854823396192,0.02404399522668304
76842,-6.714835724690156,-6.402271855104765,3.1917315463321785,1.548624749626241,358.23942754786765,0.07361134859137586,0.024048193319559603
76843,-7.923013871598972,-9.36745467296149,1.4785894189046136,1.303207034671739,317.5064426714253,0.5664339286200137,0.024052467766229997
76844,-6.806372162836002,-10.545967387615576,2.322971562522865,1.8493677593672773,467.6090898466686,0.45348199794651833,0.024065403706719623
76845,-3.942715942593626,-7.8438062345874995,4.525339535182215,1.3453712430654952,290.54879585646245,0.6423751551811483,0.02407059232497922
76846,-6.75703437459747,-7.022714269068833,1.3324291754681297,1.2471831244401588,302.8497641957717,0.4985996065594245,0.024072206834032637
76847,-6.083025267348758,-10.36238755140259,2.782917768313525,0.8420821963374714,132.69076604598146,0.2834454478590773,0.024073456533806898
76848,-2.9094862585419756,-8.320238476301618,4.534772167221107,1.454349797448149,217.17844789688976,0.47806785064656676,0.02408793110470369
76849,-2.6977087306304597,-9.07776625442126,0.26194307505881703,0.9151693185805927,180.0818468551566,0.2734120544427938,0.024091533284834057
76850,-7.9881258606215475,-5.121790797333849,4.744014993345948,1.7409946333552366,465.7266927538913,0.1878925497491899,0.02409228586846125
76851,-7.000471572402691,-5.4867728443539105,3.1615412705109067,0.691782900279292,465.6026834819642,0.4654731686387583,0.02409412007751705
76852,-8.961604513641467,-5.065560835184958,1.6046080835273893,0.9666672311306641,261.07652435551006,1.2613615827646303,0.024097183175952445
76853,-4.641254402154807,-10.798141141698599,1.8922685592051058,1.8323990594775206,467.5655308670952,0.10009922843543428,0.024098454518982945
76854,-5.1570192288155,-9.067055543291179,4.086806130070871,1.3794991122364186,467.72014363032145,0.5489981342371228,0.02410395586686978
76855,-6.590830161199191,-11.68903394656874,1.2124897804340056,1.8129332683724846,446.03120133171365,0.18552729582606897,0.024107968728730937
76856,-7.973185905727881,-5.226672985169132,0.1910947256577346,1.197216691286309,303.7306972007147,0.6706463833411496,0.024108214338049435
76857,-7.112155486658547,-5.78039172417471,1.0592914731631407,0.9921982044210402,262.4346702053224,1.2719906522161875,0.024109669617127537
76858,-4.324360794603081,-9.185804556672116,3.895782012610718,1.751322571653824,413.79084628440984,0.011699389713872854,0.0241099190257098
76859,-6.494356711373549,-8.780009429418248,4.474491280335513,1.6098615271468555,372.74879001927155,0.025726041525330423,0.024110728205215537
76860,-6.268485921610493,-10.854710115370915,2.2373362975740987,1.3315231976780866,318.56811577491897,0.6560030114196076,0.02411314687171241
76861,-7.329960927452084,-10.15871468137138,1.8527113249237779,0.6737401656998081,160.55754997933158,1.147538967113265,0.024114309695465855
76862,-4.879725003397289,-9.336361009194391,3.7629213376124397,2.0459439468676104,408.5804278822235,1.6146497118615821,0.024117880788888105
76863,-3.933790865616582,-7.908611469112392,4.6111812689476,1.0386314529576828,215.49848200350505,0.7940361028034557,0.024118626700879504
76864,-6.209026791304898,-10.894090689517666,1.68119449057197,1.516510860172941,468.7311272165258,0.8316264590436164,0.024119297875406003
76865,-3.418733245131003,-8.61252331599173,4.44352228584914,1.820236742135021,470.2612996943832,0.02933257622731844,0.02412029012313663
76866,-5.462648129352388,-8.4471937572917,4.763382636551022,1.1055623249947177,467.4278813209485,0.6560264094520116,0.024124840832738168
76867,-3.3866977214306937,-10.155784164134275,2.8375696789842237,1.3659253366401765,469.8809443088948,0.07373562500937592,0.0241261077317411
76868,-4.894028044674538,-11.49256998105087,1.3937599952473676,1.7470479839728648,415.36863587998204,0.7049576131030024,0.0241316851196637
76869,-3.5115891708839104,-10.648554856426543,2.2712283716827413,1.57374564189066,362.7865071969421,0.7015864365473474,0.02413212072092532
76870,-6.139752612079931,-7.066619242928013,3.411185708645362,1.7654115117892966,418.9748680629792,0.24422719981885965,0.024134645920042185
76871,-6.675088769288492,-10.796316035177725,1.959962974248059,0.8832765924031201,185.72030121594668,0.6910151660075625,0.024136313285438894
76872,-2.506393174708136,-10.203955104585628,3.1689774766040846,1.589952459958,368.6291435053587,0.26487020993915156,0.024139327521092054
76873,-7.526041806973051,-5.861020475008618,5.031237885315822,0.9366951578426229,185.06373016760807,0.14236468622772858,0.024141790321767234
76874,-4.389682918212612,-9.120138542731102,3.970531658286119,1.7435487143048662,467.6076213111906,0.12691272306500156,0.02414463584383818
76875,-2.400823138294781,-11.245745902232095,2.195974521618023,1.1197929728434415,261.4333878450788,0.5726925079427474,0.024150577141933513
76876,-4.416669653719217,-8.024239651099236,1.3028762696069325,1.133498868719729,188.52252895862566,0.140999456696961,0.0241559584571784
76877,-2.418281889083983,-12.17920206920903,2.3814656702889523,0.8673329516990429,201.02127355526767,0.8928039510073056,0.024163377241373876
76878,-3.374701524139301,-8.293817273584207,4.645460843446136,1.5896315739818792,376.7663453611875,0.39613907920601577,0.024165592061735134
76879,-6.697698769899059,-6.457776939392098,3.134371170187974,1.1412164508400269,247.58639078737863,0.6606729351441567,0.024168483384915763
76880,-5.634311426752659,-11.011616438752284,0.010694891789159196,0.6153538100837576,180.32946071759295,0.7127893102297902,0.02416892809093899
76881,-3.1966819000968227,-8.839013701548792,4.279299057819911,1.0350060509181773,467.6028239341834,0.41354680827655965,0.024169972894775463
76882,-7.175161915063286,-5.655828277149574,0.8381231702322004,0.5096309269061782,129.06815789977617,0.800847102452793,0.02417014517259727
76883,-7.795542063106016,-8.320630650999657,3.7792662811277227,2.784737315429642,483.1482029917992,2.1466658712910096,0.024173224188254672
76884,-8.424016237750429,-6.90082496885897,4.159585026879507,1.0351020183257253,277.39632003928983,1.22863477603165,0.02417395613658431
76885,-3.925754933616213,-10.761549842872872,1.8744845092364637,0.8841522644103474,469.85775528095536,0.18830233288428122,0.02417436514233545
76886,-2.75502457492291,-11.221831240784038,1.9461833581784578,2.250051243613288,432.2961375243679,2.061556869493006,0.024174974484827354
76887,-8.469864333959462,-5.600987366614897,4.136778226982339,1.1198930090924586,467.5270814649203,0.5790534664020104,0.024175730685616893
76888,-5.624819116445961,-8.393890605813715,0.42646286193193866,1.219852805382302,468.50166307530384,0.04492364275193417,0.02417867517159961
76889,-7.621128937226771,-7.3746427669579235,5.102194186194623,0.6233525721154524,160.7148728525516,0.89111792399222,0.02417979285004615
76890,-7.117874321564161,-6.414226843967224,0.7889789254977896,0.9257900363040403,190.7336107906538,0.2239684796679926,0.024181696968377388
76891,-7.254288275610899,-9.849202799249012,2.570473778766914,1.235313304253938,263.2578698528696,0.5361466678014208,0.024183260816723905
76892,-4.976925858315408,-10.797536058076192,2.0198335504169345,1.8172536008127718,434.9567031707915,0.005628228579054095,0.024185258805577446
76893,-6.365366939541003,-9.961504881607484,3.154718473315104,1.5143360762432383,468.71029802922453,0.40100349438715543,0.024185552715925065
76894,-4.292367215579076,-11.69599174965226,1.359131427719113,1.8403416907099828,453.1372237903742,0.4687216446751803,0.024186049972093036
76895,-5.404634753543861,-12.462977505507427,1.2369003813870416,0.8365531568294835,198.54174438059758,1.0900660366914723,0.02418658540014777
76896,-3.319408681874406,-10.545113317138128,2.418639201060258,0.9371729176187183,255.5644547836202,1.6887962620161572,0.02418665798964542
76897,-7.442189048865966,-10.183824413891221,1.3800219669253817,0.958410607071704,217.0253511428048,0.28627188646245294,0.024187289271726097
76898,-5.290667628320268,-9.545937322927806,3.5647016014363775,0.988112128297022,196.27723086434978,0.7059376856386086,0.024190195976562554
76899,-7.146334071602965,-5.1553487319974565,1.46596388075322,4.040326714976429,321.6851962893557,0.17546124191352863,0.024190548890462345
76900,-5.534887920679727,-7.906716073542582,4.9872029219630845,1.0706193685256364,160.02910856244688,0.14250358501672622,0.024192988489934758
76901,-7.690480478847958,-5.627914144759345,4.98214230773206,1.221757627379347,311.51301769080794,0.4015375587307801,0.024196390865702782
76902,-3.159098391185954,-10.106913077849718,2.936772035562692,1.312928112414904,320.66081704759375,0.494089424797715,0.02419926387496537
76903,-7.757402718099975,-6.925339422467989,5.170325580145479,1.2506342456247268,268.7963560127146,0.07313933937606887,0.024199464972973185
76904,-5.482453977679414,-10.545803616245367,2.5531022528927187,2.8470918302528188,487.1027234491738,1.6882900196723147,0.02420056306897302
76905,-5.049811055008887,-10.371366271389595,2.6907843222245322,1.2395556964005765,274.37487724965933,0.7962365520993808,0.024200738702560738
76906,-6.220032821192617,-7.0294998142160825,3.0413023967920294,1.225800195840022,304.27544308058987,0.38602855585774254,0.02420089119216651
76907,-5.197974803446533,-7.854820347692651,4.832687617449642,2.813057413015494,480.8483129400682,1.1756206775714722,0.024202468244104117
76908,-4.901459142405433,-8.126894586090614,0.9413998672076253,1.2312790137556553,299.4211378609961,0.5482144642097824,0.024202898095901787
76909,-6.985967639348935,-5.8255871947942905,1.9962169512098706,0.9794652085760325,257.7024727074156,0.24079470218677734,0.024205899090952693
76910,-4.2804165146503745,-11.081557554421861,1.5275822815525792,1.1772348801986636,280.2502059316108,0.9129176799238339,0.024209323305541104
76911,-7.001758159175688,-9.413732830494148,3.43237637830804,1.8309841397409101,467.7389434861779,0.4223734924745619,0.024210243392450415
76912,-6.488986756081783,-7.399875754089259,1.283540830820902,1.2599094995645217,270.7431685254617,0.07608933089834924,0.024214825215739803
76913,-8.98742088628937,-5.102799586251686,2.2256170209288433,1.3641300617035093,310.1504331879707,0.47161094440810114,0.02422151840085439
76914,-5.361096677382035,-7.453798226685766,4.017192027163168,0.6772123997878537,196.76142000841088,0.25692499344708875,0.02422446828233113
76915,-5.410564928833834,-8.471888164907714,4.731173915226846,1.0230077657213366,258.88086578437617,1.549781940108086,0.02422754104970238
76916,-4.66446990963937,-8.473342018254755,4.613453316162388,1.6549330248706025,389.2866197291502,0.593077423991617,0.024229005948355597
76917,-7.5280982097332485,-5.436705529033423,4.86099102439389,0.9546132136769123,262.12022361635974,1.735305962668133,0.024233358503711274
76918,-4.030761902883603,-8.93532746130128,4.151362308911573,7.554012320840006,586.1094169390122,0.06896385857754783,0.02423517348101984
76919,-3.3218952894204428,-12.79060684885555,1.236443507741508,1.796201121599673,468.38487223960556,0.34064846839046226,0.024237620584882418
76920,-5.588544609825875,-9.444690531763577,3.704587839802323,1.488013097706449,468.30327308360705,0.10541233466189937,0.024237917969296523
76921,-5.6685896414577615,-9.047468458597764,4.164319763264794,1.8593543910859447,460.7850307462883,0.10639091781090837,0.024238829980945658
76922,-4.530108142372046,-9.981492157809887,3.0501372673113645,1.8821863331405815,468.41524378576224,0.3023668272776705,0.024238904376988096
76923,-3.7404730943230815,-7.646215593826657,3.9084512193446614,1.1615087559686244,470.40603438780437,0.053743991097216615,0.02423962375945206
76924,-2.3797414252548554,-12.721372144677106,2.0908794634707304,1.8140641343958488,433.6199118093668,0.33702362838913036,0.02424176271153612
76925,-2.85463016740544,-11.080923170284787,2.4651919807280556,2.389410644200782,446.81938530336345,2.215482316926253,0.024251593316466164
76926,-8.535755999595327,-8.15273039622128,1.8676266146452223,1.1069914369940903,336.594105362378,0.857164385356513,0.02425531582129714
76927,-2.8039087931298816,-10.496347754052373,3.1578760707420632,1.1483366113846714,293.71562721629664,0.8760265810736989,0.02425668284609742
76928,-2.915123909431956,-8.9643193739037,4.421714625045081,0.801374845577135,469.5098824034761,0.16885736098988335,0.024257644930390405
76929,-3.9362053014294407,-7.69591605789285,2.409402089851425,1.479554822982187,468.614640222727,0.43421011875366844,0.02425811765466645
76930,-7.1157412471844514,-8.111758204679862,4.923423349629296,0.9555268023029189,249.750557847233,0.18923466351441043,0.024262142508204743
76931,-2.9895924874456963,-8.069068469564634,1.413875329295013,1.3590580009544193,295.7499958897859,0.5722167834968985,0.024265035283194607
76932,-2.6707307475162523,-8.366328373467793,1.9136996803804696,1.3547822452522071,291.3711352626326,0.022728165693311375,0.02426586424153465
76933,-3.263866786630219,-10.74663120643773,1.8968039838925526,1.859492494472166,469.21566489210215,0.1809715482702181,0.024266418436786917
76934,-7.67934851347241,-5.290174024645294,0.16645539376998642,1.7926708635219324,467.69617335268856,0.06853908556953758,0.0242672866278866
76935,-5.884563055873556,-7.974296355924132,5.1167398934544615,0.8795193210218554,183.87617641836428,0.648060492292255,0.02427064941443419
76936,-4.727991188977053,-10.806379559012933,1.8203020414581614,1.1677163154346744,295.7082866929324,0.7099217576464012,0.024279624683960763
76937,-7.108753105567123,-6.297470855296551,0.850757897109312,1.1379794619948245,467.9167176508048,0.6052927445990468,0.024287366415522024
76938,-3.8423797891477465,-8.362114702122504,0.6695147589869443,1.8477270543013125,305.9804977838839,0.09911599579748298,0.024287544166505023
76939,-5.55397272887961,-12.104516037627029,1.2691828777840495,1.7344759932318001,468.09009563864635,0.7252737538366452,0.02429829632980068
76940,-3.267870172765761,-8.764637404350609,4.317736889437551,1.539652866948326,347.03714610192077,1.7030665680270625,0.024298466290547518
76941,-2.770872987329448,-9.87179799287525,3.8087723251553687,1.6119512528981799,378.7613423776307,0.5826522593673964,0.024305404362568325
76942,-7.252465709761482,-7.652240724288617,0.27456319336633683,1.554821437905359,467.81174225030327,0.5138497551268717,0.024305735595881377
76943,-6.270226307106733,-11.130392646765124,1.436272699025242,1.5778282069903096,354.13020964826336,2.0226043144467623,0.024305931762985546
76944,-7.053840816419502,-5.407916523728125,3.5903049271486114,2.457758700977018,214.345340035354,0.23411144279382867,0.02430740266958976
76945,-7.233701724821637,-11.787179478235792,0.5987996950467236,1.2135409839532236,294.59659791059374,0.3519453204853047,0.02431105158166112
76946,-4.524179447296524,-10.025529968657647,3.0005635890137388,2.072247872348547,405.6968385755917,0.9869995852071254,0.02431420277889063
76947,-6.6011178923636304,-7.406774787640519,1.0446068766177006,1.167721985490094,199.47408319960508,0.02306227541353678,0.024317809072962805
76948,-4.785938882131667,-8.574278672559418,4.550597030526234,0.8002585578709505,161.7738003850338,0.7241834836921406,0.024318157915689285
76949,-6.819588504693674,-8.1943579238594,5.008392135699591,0.9771852410068643,257.48952718496395,0.8676049068094942,0.024319056614334318
76950,-6.047517013121157,-11.301895489924283,1.3995019076958823,1.6185422328450625,350.3478828464925,0.5472095755596502,0.024319973557851326
76951,-4.890531585374864,-7.820589313608955,4.690690378144976,1.050555532117752,273.2085491830041,1.5647580341551395,0.02432834066104198
76952,-8.242810633024902,-6.702524113713083,4.58330737400951,1.1714262754258773,467.80712362547246,0.18601730875091516,0.024329504019704528
76953,-2.932343795523429,-8.180363873632878,4.4302782648648185,1.2999807496289988,312.77473372495285,1.347609892698718,0.02433303479518647
76954,-3.053240597491296,-10.18837138508635,2.9980331346911213,0.628348804915213,129.506923145593,0.1598121092295024,0.024335093785469625
76955,-6.9031769654028174,-6.519756250213482,1.5826513611580553,0.9727910270874615,271.17976457371014,1.0489349683323752,0.024335862993028836
76956,-8.536236452038116,-6.1482406797145,4.051505575277883,2.7333015433914447,478.8251076640644,2.2132349736959425,0.02434180643817611
76957,-5.889160567596003,-7.229599413876623,3.3829905896589527,1.0261870505453292,270.0097426656756,1.326701193735043,0.02434336371162515
76958,-4.317964287444304,-8.129184288430995,1.020525920837095,0.988079522849816,261.0204370370614,1.3010889701846207,0.02434428396401215
76959,-5.524922226777661,-7.572578093055219,4.624522032018806,1.5340069046363303,321.9099388820456,0.4989964990930398,0.024351642426402215
76960,-8.303148859522558,-8.59613755195507,1.7954544182074308,1.2096887183774119,428.9068749890468,0.2881741411488994,0.024353684054129927
76961,-6.719345552120446,-6.472336128250627,2.573285900382903,1.0742955115977422,217.91383310542437,0.9135728908702259,0.02435826889839629
76962,-3.3762609152612386,-7.627627604743615,3.0299648032080513,1.5662205252999055,360.03984726626464,0.6823413077761797,0.024359351615449804
76963,-5.354681750845113,-7.429595355721744,3.7844768873339185,0.8765019001506958,427.56127579598194,0.41097117221380675,0.02436020194709075
76964,-3.24608364584744,-10.204002708141173,2.7887876944010235,1.7160457823455268,467.6099642787307,0.01972549670782886,0.02436023862859968
76965,-7.118330454693866,-8.179407437179385,4.84785387722144,2.532377294881218,460.73956724211445,2.271121214913034,0.02437059031804483
76966,-7.723298430303725,-6.149060199378371,5.140126225619152,2.8255138392345205,481.8645903731079,1.1529828083231193,0.024370847376605248
76967,-4.404810124430279,-10.715724285753513,2.1555523076406122,0.6636611969419483,197.5457130938852,0.9123450887557523,0.024371171299206917
76968,-7.605329183002347,-5.391322670784773,4.888575411988178,1.1721110146447524,299.366044932315,0.5865513047946544,0.02437418111368157
76969,-6.145720423772188,-9.228153595388742,0.018222417316924547,1.1780749090863845,255.52177006005033,0.5622123178718388,0.024379502515849562
76970,-7.261825981924118,-5.024446293884869,4.233524593927449,1.160069846179541,258.6265894279368,0.6670462633384595,0.024386211912770364
76971,-3.722900753979471,-12.571280987101936,1.2492670295618888,2.5992487753695053,466.0056619917913,1.947327585531169,0.024386830717497487
76972,-2.9817344821026985,-7.8437263126965835,3.3328435354977564,0.866613999968091,206.31373492645608,0.8166825335883088,0.024390918221593807
76973,-5.074542357698334,-12.006229116027752,1.2983349190403113,1.460089066988536,334.07479532712375,0.13210337394015603,0.024391738111864278
76974,-2.9402013619394847,-10.791105072268415,2.534334410817228,2.53197586130476,449.46195721370356,0.30474201330743345,0.024394233833765107
76975,-3.558600522071547,-10.391886576103191,2.5875978170127434,0.8989514178563175,250.32148297498912,1.3770602599219073,0.02439477648526573
76976,-6.670618279024776,-10.171673452550719,2.828300344036006,1.0766719730420227,253.44967769721998,0.921398837735051,0.024399529186930308
76977,-6.76090437349296,-7.958091727924758,0.37584877023450536,0.8623599210223453,449.88838293330235,0.5408521498841932,0.024401041048249774
76978,-6.783607844056348,-12.523123349931275,0.26551484363365485,1.7704414357623117,468.68155141623026,0.49821346605104466,0.024402910410714407
76979,-8.64768723926601,-8.046169414312882,1.2753170329423664,1.6654701370302702,364.71890683630477,0.6185104388702376,0.024404960248193688
76980,-7.911979877868456,-6.545392307692567,5.061481062472288,1.0028420535319436,252.490533647289,0.13309466513650836,0.024407001362723016
76981,-2.5661046752295134,-9.285365200120475,3.034562541824593,2.186009003998928,350.49472341380755,0.1045460665587914,0.024415151687116922
76982,-4.210591176398475,-8.086784745756605,4.718871765073489,1.195793623885306,269.3001036964323,0.3901830767655312,0.024416273462766768
76983,-5.915167099875726,-7.207896169056622,3.318656866969772,2.3818997593828724,446.86200869798705,2.4981898533117475,0.024416906594535843
76984,-4.141638426857944,-8.758607376995961,4.327520512738672,14.695175885688503,630.611687987175,0.0033724664870140586,0.02442499398031912
76985,-3.7019254180186483,-9.009454589415348,4.057499759043963,1.6130690092961062,468.24661808192474,0.07214356776627007,0.02442612812183919
76986,-7.104324845431526,-12.690597831063597,0.7225281568059683,1.1047769716121947,467.9914632804007,0.36405195354911246,0.024427775302708808
76987,-4.921686143323077,-10.787483371036203,2.0108114556663614,0.8868551648451504,240.02665692208748,1.0530741025189503,0.02442837126096536
76988,-6.655974794364311,-7.355805051581213,1.0135642406518488,1.1217761839652807,267.9301895365678,0.6965934901090254,0.024432513446377414
76989,-7.211129606407734,-6.569457257171122,0.5484096572262865,0.8611828261264015,207.54567196699458,0.4301742844528258,0.024434108228871782
76990,-6.881635206251534,-10.641432068568216,1.6735937472539197,1.0562424573210134,216.97057526679015,0.6013445508205413,0.02443887517310277
76991,-3.6756071158986057,-8.456370785908017,4.564491561032046,1.7825412875487463,468.58734385569176,0.25628504275555475,0.02444168754772191
76992,-5.716596041211387,-7.8892525545771,5.043934121071235,6.770206649314543,574.1674403523549,0.065444132462674,0.024441746994574166
76993,-4.771041303693813,-8.23654386994345,4.769900217149031,1.2295218176739742,307.36234331398475,0.9362558890547019,0.024443849807464144
76994,-5.258676690909371,-10.24896689592843,2.8274793863688608,1.2436519556287045,305.0614929152539,1.681090985643002,0.02446121211023755
76995,-8.680256039756829,-5.736373034461843,3.6570970232371147,1.0223712145764394,468.08954986675366,0.04694932950948516,0.02446172345677257
76996,-5.717395549554211,-7.494843086347649,4.623136368688511,1.070277832957806,224.93970553414582,0.4517791371900204,0.02446172601330371
76997,-4.628765253692954,-7.573983650629254,3.824861149487531,1.2232743082693813,288.6566665861462,0.49794729951682637,0.024462129303930585
76998,-7.11957571710113,-5.530844794769616,1.3743370440561855,1.0458075230521418,280.6450601344609,1.3381917518516566,0.02446291408431629
76999,-4.311807180580066,-10.39513360976934,2.600414195631778,1.459815005311023,299.0838125289672,0.2082756884113124,0.02447406116199139
77000,-5.18124242030154,-10.73233108231996,2.297593705184804,0.9443741448007047,262.67671557513256,0.9685848446159318,0.024476121828939795
77001,-3.444303203526438,-9.532519934301932,3.4745043469985357,4.6023887509510235,458.2927465431574,0.018420354901746983,0.02448086658573296
77002,-5.321309735680767,-9.530772122384658,3.5764646446243393,1.0256613010071698,280.50216060971366,1.327487278131902,0.024486079937929322
77003,-4.374271856408665,-10.237183695048405,2.7722183376689857,0.8228464461756075,182.9982138646096,0.4100782977927411,0.024487477725020836
77004,-3.1798236345131548,-9.625465618171738,3.434911861069362,1.1432035769850493,231.48074333101422,0.8741245611603672,0.024491930766666
77005,-6.913714730263737,-9.38552049353268,3.5366670301632595,0.7860583575009606,160.29558273884015,0.6032077078423788,0.024493749285723034
77006,-8.326770005292067,-8.05605362236038,2.9433059930390524,0.9266930725632375,467.49116693511326,0.6359439066214909,0.024497115187956497
77007,-7.662443498466532,-9.79664035282294,1.4520456479582473,9.93733529087186,552.4977853084603,0.040432541746120876,0.024503821584306505
77008,-6.835854100262597,-8.40069161936028,4.782953944003672,1.836238940080489,437.8808631643861,0.5704835872777716,0.024505831466439632
77009,-6.7313849718186125,-9.672108674888221,3.3259402481621034,0.9616972188055348,251.30978681320025,1.3034292261617955,0.024506583824636777
77010,-3.806009760680861,-11.301266808566758,1.4418546570865933,0.7246403415972816,215.41082107770103,1.242554468363239,0.0245074471845746
77011,-4.91575535441552,-8.002325277333895,4.814326455929481,0.6783807879304392,467.80445842046066,0.4369154976571492,0.024509726104964956
77012,-3.965904328982022,-8.412678912119839,4.600848858704804,1.0572468439074687,467.8970187347192,0.1442850594467293,0.024511658220072723
77013,-3.5624713701357225,-8.073528830086893,1.2534295358116603,2.4694261291986512,453.86948208044976,1.8706787470998245,0.02451496456168782
77014,-3.3048796398724622,-10.57187565189366,2.3683714889085037,1.40762291794929,185.26438978650057,0.4500494723824593,0.024515123381270904
77015,-7.3597784093840435,-5.908427683303775,4.898620900456772,1.7911636052132172,425.73505862180485,0.034766603984846434,0.024517449435250145
77016,-5.156847438609494,-7.993404832867391,1.1617791755368567,2.9129093243976447,484.33297068161323,0.6951641983490253,0.024519492403240344
77017,-5.318633923576302,-7.6827723373049395,4.682628480483785,1.842087792977441,441.09923560273813,0.2767024692436264,0.024529821483854332
77018,-8.035425503037255,-5.629687623934928,4.786712111200306,0.9560631682455685,224.64117556162103,0.3678305176582741,0.024535807771010745
77019,-6.318029026304433,-10.97443506199297,1.5136173361139034,1.879007989790181,453.6094992794199,0.10342975571828816,0.024542628218482243
77020,-6.532751366696754,-12.666715731533467,1.0922539260960105,1.539195357025675,355.7597522089562,0.09544836230920861,0.02454945879679405
77021,-3.0079388214942036,-10.222147486615873,2.9884201609894054,1.7781222495380387,429.24994676382045,0.47091777962440684,0.02455299149065915
77022,-7.175641558082729,-5.8435351865333365,4.530817134926611,0.896975334903723,275.14473802243043,0.1632792664262981,0.024554321052299023
77023,-5.352438693085353,-10.858717914826325,1.739430995896888,0.8835891140939268,467.7730078483989,0.313188489158029,0.02455504836389278
77024,-6.466909005631954,-12.31980917513106,1.1410072796176838,1.1230130920505144,289.8128784730813,0.9603246124296794,0.02456215395499605
77025,-7.179118450575414,-5.826010237579136,4.523638129960995,1.8346223929519758,468.17578484075676,0.6602056796270679,0.024567609348068578
77026,-2.6484927963031843,-12.211645776507323,2.976341932636641,2.2619684519162604,432.9634692777327,1.9196548786288288,0.024570534540444108
77027,-4.908725929674036,-10.785492947342897,1.8995626112234631,1.0555651270077808,275.5816696776425,0.2925399629010057,0.024579441955414876
77028,-4.079243172185577,-7.6018896272384255,3.5724605925861868,2.630490814533789,469.33153833770916,2.0837229158901645,0.024586935705610456
77029,-3.071109712329662,-10.842711249288264,1.7337087180016455,1.11286625588034,278.143726998438,0.17409422834806065,0.024587566378992724
77030,-4.892216618327337,-10.83962325605161,1.733587044867742,1.6167238274638933,376.2144299699418,0.2589418971673636,0.02459605856462447
77031,-6.188364947176213,-11.002375300320596,1.5152959185308381,0.8149791618114999,469.72673119883905,0.12838986195114543,0.024597106077930773
77032,-5.801630637782404,-10.620663474694844,2.4872313451990564,1.7155743224519928,410.1392201701038,0.40946047400325636,0.024599199490104695
77033,-8.761436399062212,-5.015859623249686,3.350662838881312,0.8307012104668141,200.45859954868388,0.05667010402598205,0.02460145319313093
77034,-8.24706385611363,-5.571440996766832,0.2829860977805709,1.8845906242811425,469.3009672437337,0.10288130834423548,0.024602888971165842
77035,-3.635692427167143,-10.702916867203772,2.082568556781366,0.7288395305883459,212.59026126164935,1.1726769597217999,0.02461275238566216
77036,-8.253625059282726,-5.478692542511369,4.478231142563767,1.0230562070330993,278.32262339470117,1.5076054506643635,0.024616687487652472
77037,-6.81921815805663,-6.683031659533097,1.6853570465367183,2.3599124647377043,442.9817733229424,1.8639899461152067,0.02461691959736882
77038,-2.485633091688678,-12.40747381862715,2.8883582959183003,2.4536856854067044,453.4574312182493,2.3725099815742325,0.024618006200640464
77039,-5.9685724933583835,-7.322701251044292,4.469980747886339,1.8680709395691895,468.8666146316073,0.6420555257275256,0.02461994688869017
77040,-7.890139739093641,-8.541676223185366,3.2187420315848345,1.0039459955193157,468.09526498851824,0.32166984453795777,0.024620359484042915
77041,-7.636537192570415,-7.891359752635568,0.27735463863292137,1.2580320851875366,313.7362122890033,0.4701256420052067,0.024632357998307836
77042,-6.953840971938948,-6.2948985244108515,1.6642512575620616,1.191536875729963,465.0942096406616,0.4783373089497944,0.024632669604485756
77043,-5.48881715981792,-9.884365236750407,3.212748945512567,3.5000322609317625,537.6463812175061,1.4547764391629432,0.024637560674199574
77044,-7.967774193192147,-7.737395046749643,0.37998130404496694,1.1756891516918602,299.3678084766582,1.2599769433869126,0.024641667793943604
77045,-4.157180002597325,-10.707276800901418,2.0973208331866293,0.7206069723698829,432.6981941465724,0.29782003947226876,0.024643565682875002
77046,-7.1567928215424,-6.2981900168261085,4.893040554544379,1.0899065363601579,282.1037187637795,1.3648248621529477,0.02464374659286124
77047,-4.049550354356369,-7.612335525810271,3.6636661266223145,4.30182165206362,383.3036745084377,0.0833387567357553,0.024649520675903144
77048,-3.119835390133,-10.878434491410717,1.6632001245347736,1.1685463036633195,468.7215675891419,0.6095311564694601,0.024649968634914796
77049,-5.9356227609164955,-10.902227055322953,1.65736256902361,1.4197640435338348,342.1165161692561,0.020497154203868995,0.024650055657609696
77050,-8.395403123356381,-6.973301386874631,0.47868718763091156,5.140770433502034,629.4326950198545,0.5798287657725814,0.02465124672095836
77051,-3.8384072335371835,-12.39181902999681,1.2602617477627553,0.8027860733742306,164.79456681079301,0.06794285412704237,0.02465974697453431
77052,-8.429451482774581,-5.810269969352565,4.231107700087997,0.6636155628905254,139.8937137686805,0.15860904769295825,0.024662472086767535
77053,-2.534182182843611,-9.809982990363014,3.21137109148589,2.769846628536677,383.4766765172618,0.07734937824079058,0.024665123807384462
77054,-5.821297315033145,-7.428526616288421,4.56358935317434,2.751008653967776,478.5267785047945,1.5476371009854901,0.024666824470529255
77055,-8.32058068148884,-6.286158255717092,4.478174899400404,1.2775625865032516,306.79031729013735,0.4282526168933227,0.024670515524932678
77056,-3.09805885797259,-8.42678006070555,0.6756114325615324,1.1061386840966076,467.0068540983483,0.6329865133481194,0.024671650217887357
77057,-4.907578490293406,-10.717969648951334,2.239514234233612,1.6377553320428424,407.13157412443434,0.6188688788460208,0.02467266388480735
77058,-3.8709916440283108,-8.83193427008314,0.2099942188326181,1.7650308226037013,416.8692939732323,0.5492868313852606,0.02467380498618398
77059,-7.336476211725153,-5.530667129771745,0.4674105086711123,5.557170786354279,480.2422005218824,0.013292632775399937,0.024677029565804295
77060,-7.062438638731919,-5.889625779572647,1.5100940993689118,1.0717868459952413,288.5591701157687,1.0474752303742063,0.024677804594034184
77061,-5.867043043397309,-10.269742279526419,2.84787779062152,1.2053704173959243,305.38192438102317,0.773979640928613,0.024679624756244824
77062,-3.001257090303242,-7.884644800678549,3.906499224137185,1.6184286730537998,375.8513918765159,0.18269867634187165,0.024679798132851514
77063,-7.085348894368213,-6.198229499988965,4.650933080345617,2.9989322206062874,486.8141972893013,0.5962484559403523,0.024681796532428527
77064,-7.9901187282351485,-7.415113326049979,4.5736123878890576,0.7716841533651295,198.13142198333776,0.28496445858115305,0.024690059516867775
77065,-3.488547351783378,-8.459888110020508,0.5599458729747128,1.1835649708194838,185.2223049241793,0.09981081216117538,0.024692004837855712
77066,-6.791282363038572,-6.793714031733597,1.6088667798426746,0.9197678804457741,467.38840233078776,0.230514444110681,0.02469204053956212
77067,-6.722003153040863,-6.971316856091757,1.531910598235029,0.8833502058035629,185.32981653525854,0.5850161210428011,0.02470486030476483
77068,-4.836896856603793,-7.8092861581153885,1.8046446637185072,0.6193554175220246,168.46291297528492,0.5106535072939211,0.024707153187316037
77069,-3.6365997452412593,-11.233759094945114,1.4593394373899435,1.77064824765599,470.0838066107405,0.23089387950772622,0.0247076846823689
77070,-3.6223808617174216,-9.353879808443445,3.671746461606707,0.9762612302972002,255.4742193316473,1.3980584349993341,0.024708369205757936
77071,-3.9250418368492133,-9.485598817786821,3.53425930521724,0.9926055761579915,264.301079713345,0.6596773077238351,0.024709222583636014
77072,-5.479528038790125,-10.834565563853594,1.9390773812094133,1.6597789495783022,390.6164490151486,0.8801859275076849,0.02473321127876251
77073,-5.602967668813995,-9.10907176722789,4.071331319105121,1.101863009218094,468.54819081790396,0.8128142367071787,0.024738840175065984
77074,-6.851379911521663,-10.828283016579178,1.4106703652704091,1.1083906985888872,468.0536683974597,0.7043327145446971,0.02474092750395989
77075,-7.713059235012259,-9.03905097256751,2.8013818223939193,1.8593258071339576,446.7785048804385,0.30917340746247746,0.024748997816450617
77076,-2.6009920648754568,-9.81427292215315,3.8698446803727107,1.0762445234930322,214.30264871389477,0.623760046554648,0.024750059085919967
77077,-7.7428423645148285,-8.519648587887684,0.40234680252589217,1.602465878702613,468.44304486439313,0.6189928249614391,0.024758462900162256
77078,-8.537786633182895,-6.240131302498859,4.0410838833004865,1.9304918324453317,380.2416805151796,0.4079291617001015,0.024758520526008774
77079,-4.6436925000433575,-7.562570449165841,3.5440559305110315,1.1010509873485026,290.5762660115069,1.0859625924457648,0.024759058399941275
77080,-6.429046989992522,-11.028366372925523,1.4476008292778964,1.0686430794347535,246.54263326556404,0.3245907030222748,0.024765320072580404
77081,-8.651448158020438,-6.471532511150666,0.5406499521443286,1.0434262733029234,275.812965424399,1.1697703478038983,0.02477314937712993
77082,-2.848135337150108,-11.095437755664104,2.4249167454495457,1.407575742500804,329.3044861202279,0.4934294407358282,0.02477475121633284
77083,-5.520756892033718,-10.057002852316865,3.03339371952793,2.624813377571252,468.54437327139954,1.9682757698478959,0.024780578435054778
77084,-7.786508083705895,-9.009146537483861,2.671722377968614,2.600716912901895,466.72809301316767,2.085027144737823,0.024790405960037076
77085,-4.037012196245152,-9.709126031013401,3.287539619521373,3.6593937816805675,542.5649334113275,0.7388981032608628,0.024790814066647557
77086,-8.117705705770703,-7.615597906557378,4.131538912701065,1.2155694794452376,314.80343553302606,0.5579828385826886,0.024791265841262563
77087,-5.692112033753477,-10.37846468655142,2.7235840563492535,1.0540022284814317,273.61895017923246,1.398353589243385,0.024792931074814395
77088,-2.7281309352339207,-8.551514806182459,0.6169259699670052,1.1392362710993986,256.9065208694345,0.8880353071838831,0.024793910146738117
77089,-2.740429220272472,-11.273312188073279,1.7639600599561271,1.7114286263427243,469.42588241355725,0.2144722441368918,0.024801163720833744
77090,-4.614685573132987,-7.625747362265775,2.582434824834662,1.607927361848387,374.0653606802888,0.6796691236827952,0.024802257502006687
77091,-5.555233476880333,-10.845266193243564,2.0292083840416315,1.7215372804872662,406.9266325597548,0.07809730951943461,0.02480522180175192
77092,-8.859289626102836,-6.282363742862761,3.081765908097286,1.687760824132766,396.0807455571901,0.5283145818617454,0.024806566548312186
77093,-7.422263795382343,-6.144129268824733,5.087995078546145,2.975113153030456,495.111653557466,1.1758133060245877,0.024806749814481503
77094,-6.275921175463557,-10.856363782420635,1.8153342165686484,0.7789627113387729,143.8203924658426,0.20131095381876474,0.0248089715099924
77095,-6.914301734043729,-6.877191376193855,1.0491296291674235,0.7385428115655863,147.2707653342572,0.5738302439371852,0.024816358364711247
77096,-5.923543794953925,-9.625283198887976,3.512447213516051,1.153382047050072,295.28438920636637,0.9071602113553681,0.02482224541654284
77097,-3.796862190400658,-9.93030019338387,3.051221141044502,1.0380639227063095,207.88052826127364,1.06559489903315,0.024824486950167864
77098,-8.372553136762726,-8.30307971932214,2.2447115962780724,1.8148725099163596,432.67895807569477,0.2912573646031378,0.024829206539755882
77099,-6.830602267741986,-6.1929537004883946,3.3788275692996397,2.2205460069484224,426.5680400730469,1.5357330833688962,0.02483204955817179
77100,-7.267249123610275,-6.226370620555913,0.5244861510212752,1.914941909356218,395.36642223629093,2.0578650867693105,0.024834813758954313
77101,-4.273718611166986,-8.389616938120934,4.619793814434252,0.6879797470701677,172.99417201596034,0.5327182450612158,0.024834903637918716
77102,-2.6064632389762927,-10.889628833125148,3.4955433329733765,1.8744939669636234,451.23306796470035,0.20121988860380924,0.02483584987324441
77103,-6.4515507776972125,-6.834705858805922,3.7031507974387576,1.0825745216047296,281.881897034378,1.623566311222099,0.024838599757073244
77104,-6.318620190328357,-8.472616750885582,4.826858814269394,1.6381688755761268,468.48411368314487,0.3622841919704003,0.024841484156908986
77105,-7.105441119377119,-10.022960514003827,2.566259851839443,1.6707778478696702,392.7917454969734,0.3053560157142341,0.024842476997908824
77106,-6.021569445701527,-8.905486726410352,4.342869599298286,1.7680630443198946,419.0870297659734,0.13760737613506446,0.02484447371429788
77107,-3.594797886232363,-8.90462867706361,0.168034538919137,0.9401453598637487,265.53978291255373,1.2349352532198585,0.02484811093356315
77108,-8.060563768334408,-5.128103467506795,4.653776278349047,1.4764431952199573,468.0499491036036,0.2718799286543705,0.024865721959605118
77109,-8.688747451730316,-7.482756313534322,0.765567531580547,1.778466887931187,469.61703933607913,0.033505150767358494,0.024867807427167293
77110,-4.152618567549694,-11.688050517804445,1.3545858932526915,0.9498764098714833,442.84922714570894,0.24666144659907197,0.024868438858453665
77111,-7.462990463787412,-8.024308986043494,4.671120171592312,0.59721883350262,168.4491636536873,1.1199854468319943,0.02486878917116313
77112,-3.826404572600951,-8.991071660200557,4.067596871395075,1.1629622560211281,467.0856472589863,0.3981692351333619,0.02487260819021714
77113,-6.716275176283888,-7.00571048744447,1.5022139373817238,1.4876068575575603,232.20879130004315,0.04569983779228881,0.024876591562901666
77114,-5.987087033616516,-7.324517782722061,2.303989493946349,1.8839040563182656,452.79543823978804,0.5558526375273445,0.024876748958572444
77115,-2.856649644605051,-8.023907484963704,2.6255625922702865,1.479658341477663,468.16809381903363,0.2997211964902533,0.024877282640649406
77116,-7.812073265355078,-6.702397228916775,0.21932127331259854,1.588093634844769,468.57898572221944,0.8838110359016857,0.024877736539158292
77117,-2.5953809721009566,-10.271972387995257,3.700250370315765,2.6248422796401933,468.07368513779284,1.777341406332103,0.024882345172442148
77118,-5.398603006684033,-12.95210265268719,1.1994141278567847,0.6315787978159078,128.9036733252173,0.060582637306644926,0.02488281934034753
77119,-2.4364318485439265,-10.266048177167571,0.6392334201160158,1.476369812205632,348.1626047626426,0.44939954934069615,0.02488388184320734
77120,-4.858358436710923,-8.403073346532391,4.678174192144048,1.7156980667976351,404.38218021011363,0.8882965917238268,0.024886482901215274
77121,-6.570000388391733,-6.917427923142893,2.0695666492403415,0.994362092810655,273.7246382996928,1.0004979696678742,0.02488800359945238
77122,-5.7207715716117375,-11.7072511785708,1.3191695949284947,1.029561435876397,468.2538561713096,0.6203840337407653,0.02489139902830442
77123,-4.344581121960464,-8.465167018196695,4.584817273246271,1.7837217396446643,467.4334708785289,0.7013652587478862,0.024892604057414395
77124,-7.531246680952069,-5.097676563345863,0.2255347917674204,3.757990929579686,552.0024261604136,0.9195111454028053,0.024897482942836054
77125,-8.490243734425336,-7.207836537354064,3.761721515766349,0.7424723050375284,224.73945828224663,1.1350502302844694,0.02489807777671012
77126,-5.230994936063205,-9.559569900972669,3.5263937738650504,1.0978199689764212,282.82358422565414,1.4598270211448146,0.024898173289244666
77127,-4.3992670473661555,-12.314806508235908,1.2622995162594273,0.6524896540386631,144.16836267029404,0.26397599536102234,0.0249016532200536
77128,-6.154875531532414,-10.879541248076526,2.055172917959702,0.8710453459341111,468.3983955916815,0.8884867170091324,0.024906495208215702
77129,-2.6626815677778772,-8.576217718293123,0.6979373474496505,1.8693783566269568,469.5685391808611,0.13256623817989155,0.024906512409923934
77130,-6.669056807497691,-6.520745063683721,3.250760244817141,0.8605413256159297,175.64688704159263,0.16551594481990506,0.02490761721319798
77131,-6.802913885815892,-6.420618338929405,2.2073912801136455,0.7531487207829188,467.53624412927184,0.2710969750440624,0.024908139065547966
77132,-7.143562194391004,-12.586138483524817,0.45943649765045114,0.5248489628330594,157.89910060978096,1.258653807163463,0.02490858667101729
77133,-7.034808643532765,-11.879897487733816,0.9744414185595257,5.140858803181276,630.8767092106042,0.6765667231293078,0.02490925380427354
77134,-6.44409577153262,-10.794177587846052,2.2170469509154267,0.982661637996064,207.52708710019513,0.3355641484540284,0.024912645751682408
77135,-6.0611884758213215,-7.689083070297623,1.2809623895531832,0.9042886439595939,467.4204425825473,0.29801173794475844,0.02491446128986352
77136,-7.046225564693049,-8.081704004032265,0.23165159006320926,1.3373987909076517,468.14380771404325,0.43738026633666127,0.0249150454847734
77137,-6.075504060978571,-10.871186492855013,2.0944820981246908,0.5494188688358692,158.77381792100235,1.2194949362627607,0.024921495970277454
77138,-4.025634189348751,-7.641154593340516,2.7806152580557537,2.9842737108802155,493.679273990276,0.9792314845472596,0.02492196355509475
77139,-7.961612425285567,-7.920728302405956,4.030644092373861,1.1364689705138262,292.69262333987473,1.086779972196159,0.024922113738287
77140,-8.812149064891125,-7.145099950173716,2.752625065876516,1.4014521388870294,332.80444804783644,1.037601693574282,0.02492640337833304
77141,-8.958102116766964,-6.649032601333919,2.009885498403552,2.495935131976356,452.1315647252407,1.2599740886808588,0.024926652785449734
77142,-5.788913518611198,-12.220256350979279,0.044255575495700264,1.7738615337528145,468.5941698925341,0.8520971652585301,0.024932573945031705
77143,-6.704531747848412,-12.052866792869855,1.1060106531137759,0.9519438290115874,468.1076971342477,0.7350943707552942,0.024936204306331443
77144,-4.894240789754304,-7.7210818987338605,2.0252242458159975,0.9428772032950657,347.2982347696256,0.0006311675011758666,0.02494162890138829
77145,-7.042969282084899,-6.2008608423246026,1.3225484313459708,0.8981366512786099,184.50076622402077,0.5316934801835886,0.02494361356888311
77146,-4.568690849860672,-12.848132941355818,1.2233217077101546,0.9912828905066694,274.59989457389133,1.3777565689327709,0.024951015283650065
77147,-5.040322684376031,-10.188588018139129,2.850067917591961,1.539802736598351,351.7871746428663,0.6487806549499089,0.024952096350054295
77148,-2.6974792285022478,-11.546878948584345,1.6686967419524634,1.8593126248201044,329.75616340001625,0.11135091706222511,0.02495440720609562
77149,-5.095434752944865,-7.517868324498364,2.8728469288636385,1.7807511746762725,423.4765542786074,0.302843585981309,0.02495991688351411
77150,-3.4939782099311145,-9.078323436591248,3.965065181543042,1.1098703660927203,359.8918311079544,0.9242170612645468,0.024971091146238855
77151,-5.299750207581382,-9.962747411554561,3.102989893743317,0.9118258736723807,257.0126467085892,1.413520939140363,0.024973299198418047
77152,-3.683942370846399,-7.631545360253515,3.093338757249222,5.7110612196914925,644.038856604947,0.291705359682803,0.024978783391622735
77153,-5.227091006439349,-9.88135179041064,3.1826332557789296,1.5301360883664816,468.62172750123943,0.6491382497199547,0.02498232392870657
77154,-4.382267336135691,-9.535186525300166,3.4861832472299445,0.9918637000315708,271.45363596495315,1.551922221048124,0.02498559897599033
77155,-3.2345301358489973,-10.490652314254117,2.4592494639563687,1.0985559031328282,288.017838191638,1.207848775391689,0.024989846141213693
77156,-5.630300330239461,-12.314407992021133,1.2327094535973897,1.3972786116955034,310.8753603600671,0.8823071101275142,0.02499340710336585
77157,-6.844475166049598,-11.5917398582638,1.1324862869574446,0.8573570585414094,439.7635859953187,0.20880624425220695,0.024993440308799807
77158,-6.6000441321854275,-6.805839811069979,4.328716203341849,1.1174642527690604,290.37860309905136,1.1932909296438856,0.024994590556075634
77159,-4.50345255919615,-8.854158015082,4.236557049412375,2.064029607525206,408.8949120155498,1.352389062823847,0.02499767241564381
77160,-2.8686621656018474,-8.131265491733842,1.4304962801500505,1.417043801468939,333.778486570558,0.4002386220856051,0.02499840742414853
77161,-3.9195962188961193,-8.095436938995615,1.2052712593279176,1.5544582646857685,351.58932502305447,1.1679973543811233,0.02499936654623945
77162,-4.655843937254414,-9.387208845288402,3.6640002380539975,1.582420597334012,368.4718891595444,0.28713010217995105,0.025001506183850854
77163,-6.3383512311648245,-10.862161265918406,2.0362179740404533,1.6840862778982353,468.4576609203059,0.5831147918874882,0.025002781746269787
77164,-4.13092644384534,-10.785226104530498,1.7634460990024312,0.9973244340992533,467.28449929855987,0.5829714409217512,0.025007251017946028
77165,-3.517494010262264,-8.078742421500806,1.2600272362129188,0.7441083143873465,467.5797948906437,0.2502223291507679,0.02500901910138407
77166,-8.843231036919049,-5.8215933395558,0.7741204925833766,0.8343428657970917,466.8113084928051,0.5470647378868643,0.025012891192059447
77167,-4.269564993038203,-7.775111386368461,4.413821015771708,1.5168481684403803,349.9210784861078,0.11923391533663086,0.025019349508222755
77168,-2.3744575137738435,-11.128395764261535,1.9076362603336463,1.819062403559553,442.9408364415692,0.36206041216957807,0.02502941039086577
77169,-2.754400628644679,-8.584254811042353,4.122026330843475,1.2700279143188875,284.9799823973748,0.6623114931188825,0.02503845437412396
77170,-6.989736423149669,-7.800022725046464,0.3461441579323665,0.92638020059274,467.605978655772,0.7584497608634875,0.02504521100735677
77171,-7.609887754711693,-7.3944684567859165,5.081767872775307,1.2661465870996584,296.54295203628317,0.1477743826881026,0.02504785643939636
77172,-2.57012146844115,-9.703873361454756,3.6049333108070036,2.053089344346688,405.1423318949479,1.1748752377803626,0.02505243470174511
77173,-5.830043672425736,-7.364011990826079,4.338475246810065,1.253126524380046,314.4639322378725,0.3406386653786848,0.025053562174272095
77174,-3.7604751088659754,-7.628811623223389,3.0145819845960786,3.694754926012844,548.7518340281648,1.0235991107681253,0.02505602078722764
77175,-6.843935604749505,-6.157234004333571,3.1906638290173692,3.1606743175589833,512.6704841124654,1.6058427323377034,0.025058643441859416
77176,-2.4664193682730566,-9.368415864981884,1.1733241230389342,1.7606004516762297,416.6482022443496,0.06557977447966135,0.02505910479806837
77177,-3.0735315175664013,-9.061977719439678,4.116846357113816,1.5173664242441485,354.6341058453063,0.2947198988401638,0.02507030418620534
77178,-6.881323082245456,-12.208470820848353,0.28304992848209315,1.1238490488265491,468.12491583829666,0.7446363178669744,0.025082983581760476
77179,-3.489821201633739,-7.906802398659167,4.527776131821781,1.7636775432359948,467.79436435889477,0.6078340313614623,0.02508746041750372
77180,-2.98344649412331,-8.177237472213454,1.0655282911438915,0.7640258547612517,153.79564632271075,0.8049865005749437,0.025091619086066035
77181,-7.15044467987557,-6.24966189389906,0.7836089009358702,1.5728040237287,255.18436579607078,0.006850802024392699,0.025092157946610436
77182,-3.949488764082332,-7.623729382318002,2.9999111644212344,1.1045057643512781,467.92339550738603,0.2835770193299716,0.02509785356300793
77183,-6.241240156942163,-12.197026720852953,1.1886269755313492,0.9090429129278185,467.67011498157734,0.6220523420800044,0.025099239515270527
77184,-3.7226405500696487,-7.7041841202878665,4.067229653376273,0.6263321591153078,187.1972197522054,1.1480859146591573,0.025101492241075773
77185,-6.94762988742605,-7.989874136286027,0.2828860089653233,2.327857908231728,428.1426183307118,0.3219560328886075,0.025101713763710193
77186,-6.148199315435669,-7.087955581157212,3.162223867688199,1.5630555513045803,347.11763228991146,0.44454973912227835,0.025102673214096125
77187,-8.851604074007652,-5.852521152706082,3.0961030217172736,1.0999940545227387,284.6568510263613,1.1459000617477253,0.025106089852527394
77188,-3.8895821475132575,-7.714151962229941,4.174268463485113,1.6023055493302296,353.0746526218261,1.266024449492332,0.025106445772463244
77189,-6.334159710569442,-11.803488749402044,1.233229028669573,1.891933698124323,467.98111646265795,0.5918148977772519,0.02510944254780904
77190,-6.581961235644164,-10.802618811917542,1.9577037249489515,2.116673197744026,416.5448198498075,1.583418925158063,0.02511102919927791
77191,-3.2151763276428005,-8.988519531044883,4.087867900636262,0.9651634590087736,192.83199073347896,0.8953686139481141,0.025111765424642333
77192,-6.391989281300672,-7.183918528927382,1.8907043431900696,7.786831667356839,409.2710731753516,0.18936461892185275,0.025114825003521562
77193,-6.1760288854794005,-10.864711376035006,1.9199929519626342,0.9932385054785999,468.05677263802124,0.7063398794406366,0.02511527636732244
77194,-2.6750784544075357,-11.75085395832471,2.252613479307996,1.8600191495447214,464.2826590050355,0.22374470935883917,0.02512001424493345
77195,-6.484180961749372,-10.990106684965408,1.4492746631100382,1.1039679722365259,290.27941020973833,0.7543188938923704,0.025121721495789767
77196,-3.7663972248672684,-8.13883596316909,4.662690535734788,1.6948551964660845,397.8517743676542,0.01023800525529861,0.02512254096586815
77197,-6.986932916270809,-12.585300814842833,0.8924843004952627,0.8811583258936337,220.29217269841607,0.9810098192884107,0.025124720631175233
77198,-5.5381666066582245,-8.87573777933877,0.11273193410978127,1.2547488466814913,263.8735964893765,0.9017259509184266,0.02512840901967548
77199,-3.9424465931198984,-8.067339722149477,4.662481604453069,0.8503641327320502,467.556573419707,0.40898491941373205,0.025128468236825036
77200,-4.794458007116683,-12.161268431643462,1.27110004524286,1.2554248216456156,315.7464540565431,1.475196389335756,0.025133466022486825
77201,-7.10363652838994,-6.679701565502408,0.7387100421849317,1.133851143406259,280.4671827147653,0.9106291306150078,0.02513656290748012
77202,-4.032406859528694,-11.010164346388226,1.5446447397218213,1.8952856321591038,460.9283724565342,0.32720295137413036,0.025137986246833072
77203,-2.6917550442594917,-10.701275836836752,3.3692180843709223,1.8850399565433782,468.0597295807226,0.11318044709077224,0.02514380766207105
77204,-3.8352716883751627,-7.954156611078364,4.591069302210324,0.9855119813800707,467.1255943903272,0.6137311414738305,0.025153585576200614
77205,-4.680226914578654,-9.25436940846448,3.814992064843042,1.6233837552549713,379.2227794923142,0.30474248971274687,0.025158628400190588
77206,-3.7232866454289297,-10.828825504413107,1.673155737149389,11.512503629067336,801.8371484382053,0.28845790166540475,0.02516357162006968
77207,-5.322757379348327,-7.529327870804419,4.2280259261445945,0.8266406516109014,165.3607560245782,1.0921187738094131,0.02516384864944243
77208,-8.332958288012565,-8.524267225826744,0.7299720527878061,1.2015004083490655,468.1067574369449,0.7346988859414294,0.02516433927139371
77209,-6.273381457309114,-7.1754999273824565,2.2226409018387705,1.029193375529969,468.86289098140696,0.8652725014153475,0.025165140222864636
77210,-8.965278437561809,-5.899337472937425,1.8905537911503385,0.9089476778657893,468.8611010416184,0.0769323799397581,0.025166501430628707
77211,-8.642851193278815,-7.614302450409093,2.6927818210061165,1.1002467134383311,468.0823751120227,0.7206245561488762,0.025167178679250723
77212,-2.878621321550866,-8.527982355107401,0.6151303610461489,1.306541250587509,281.03390883253184,0.08604927779092897,0.02516776704437907
77213,-4.0838730557004554,-7.753646232145268,2.211000827983702,1.162456243530601,298.4608828555842,0.7515634005816159,0.025169057834639387
77214,-4.953404984270451,-12.529477120986638,1.2348106497335656,1.54143011128285,467.9407381863548,0.2336555308393633,0.025172825653170746
77215,-3.4574932756651533,-8.609652546667732,4.419885789686757,4.001864078027981,564.9077962926126,0.6639463622496997,0.025176415953947442
77216,-6.405664188440827,-8.025936314714755,5.186242743632258,1.0578172194267637,275.3623444815317,1.3599791378214086,0.02517962199829623
77217,-6.206238268451384,-7.1330692683207175,4.21192055229887,5.6576558404093085,646.693360986616,0.2864346323204616,0.025180830125159186
77218,-6.641274944527199,-6.590035725390386,3.6427462209640464,1.8643872893250404,468.32194388253134,0.5066310804729666,0.025189693134495695
77219,-6.7689028230418415,-6.563264628355057,4.279697049120911,0.8361006073006996,232.44994303951356,1.2891343549586631,0.025190207008907128
77220,-7.572955383211783,-5.224099075259633,4.783119690839053,1.6729068344934033,405.1143101402608,0.0755531904830713,0.02519071827091491
77221,-3.1423022565820595,-8.031799613862056,1.4816295565217759,1.1340762454388762,127.9925276140247,0.330195610368448,0.02519536319387321
77222,-2.791188101598781,-9.040107022959528,4.434600366215172,2.170960183951886,420.6007761303929,1.420725974703136,0.025199342538210212
77223,-7.727580357518637,-6.9711714409208545,5.1615039831167655,0.9013158927143401,467.9139905218126,0.5664490105756199,0.025206453356061035
77224,-7.525925646362081,-5.999851272601788,5.065914103969388,1.2961470578941339,320.8050315170408,0.3456696472861065,0.025209537950172188
77225,-7.477419607512515,-6.077039280015178,5.078701208554143,1.595852492709655,165.86309207953164,0.27586767316514393,0.025211747318494925
77226,-3.737845171335495,-8.553822095882165,4.472094228562575,3.8255899610414072,558.4231519914503,1.1108895372069485,0.025215613833313878
77227,-5.664596676100114,-9.467329653261768,3.656746234431276,1.5163420068401388,346.26407560175863,1.461062943689317,0.025215801213053165
77228,-5.070624588807668,-10.758393822498826,2.119081024784492,1.0925199417171993,466.7013445557134,0.8928223779342055,0.025216160360480924
77229,-5.181750888082405,-10.780349898008796,2.0460777366693352,1.6727530092060532,453.076319000259,0.5408867531271637,0.025218584703706436
77230,-2.758640548937805,-11.422547664679795,2.447785818213857,1.298735291903207,468.52796816489615,0.6667642772779017,0.02522150674449933
77231,-7.439314358410526,-6.023328274218412,0.2900494857023079,1.8991235584592996,352.99722443898656,0.16016297458178474,0.02522334201988451
77232,-8.974370906627124,-5.170869112841364,2.3303193941017626,1.7593347388347975,367.5901156214757,0.7497712554324272,0.02522541738491328
77233,-3.28463082936718,-11.257496527432371,1.4480504440281516,2.4579138246244487,453.0327451113175,2.014892390521225,0.025226859507669855
77234,-3.982065568006206,-10.702642472777383,1.9586380322643213,1.2172146346011177,304.97022862709133,1.4092693346748701,0.025231316021440228
77235,-8.977297040302037,-5.821386644299823,2.04017382985452,1.6750548856312375,468.08476678466855,0.722210111020412,0.02523735732063716
77236,-7.135463979853145,-5.027696480190483,1.7091059513385949,2.59483869129859,465.60187661286307,1.9115581700141222,0.025241356826246158
77237,-4.163152394551092,-7.623764624068889,3.7779127306853018,0.6584989204547407,140.3874750482016,0.15489993718475947,0.02524214547612721
77238,-2.4604763600311577,-9.796173861202679,2.1387163660614963,1.0280945405545558,468.62896996813765,0.4927749671106607,0.025247195566681487
77239,-2.9406622867914685,-8.002254269816984,1.8524738058154835,1.3099119303303535,468.1308007726261,0.2705945642306933,0.025252554161948392
77240,-4.914877454345308,-7.531206693579859,3.2262204774986882,1.8377261300656513,163.3356530280357,0.3142775592090361,0.025254126760382464
77241,-4.2197537320640555,-11.316293151947564,1.429050516260849,0.9554059040052619,244.6997650630406,0.718829277803521,0.025255451621753206
77242,-4.222959528084562,-9.017934887410748,4.046816695803244,3.0084737271012796,501.308371235807,1.8697402474591973,0.02526008781506724
77243,-2.8255057975104716,-8.370315830802628,4.175831066852222,0.8106284341336101,165.96397284706256,0.4879292648456586,0.025260278698599536
77244,-6.606881634328024,-7.18927977687442,1.4818038897258887,1.1167749816959358,467.2330094520119,0.4272828097745931,0.02526323314917237
77245,-7.380531428358272,-10.837346222945161,0.4518273316062166,5.271122674508002,636.8746380755962,0.6332783110485654,0.025283274422782238
77246,-6.620518537830163,-6.766197707280342,2.283907653213163,0.8849443868369612,204.55340539535376,0.42704799939509375,0.02528684635576817
77247,-8.329889520211307,-6.579599201745006,4.429567751504718,1.8367000353209493,467.2946737780982,0.3151437797992189,0.025288344871603533
77248,-4.166311909571338,-7.718732349876402,2.317886296372371,0.7617207942079576,204.2913911077499,0.7687820486290402,0.02528863454695559
77249,-4.9056863401725215,-11.657451726431285,1.3508192646808532,1.0254633468518297,273.2238983720018,0.8593422683840792,0.025290987580228824
77250,-8.846520389365928,-6.485581947987933,0.8346708410249627,1.0041025974954954,265.3483121903748,0.719160970494622,0.025295418225146412
77251,-5.440583961130413,-11.567030788215467,1.3550899246701686,1.3021016825713985,321.25470082294004,0.29138122159503776,0.02529675942529156
77252,-5.612113198054126,-8.481497627253521,4.726099141296869,1.754090947798021,378.42787259317646,0.7467846266620874,0.025298312858315474
77253,-8.56574174269928,-8.160037101047589,1.5249750343604522,1.669153855904363,469.51527124565325,0.04215695488108295,0.025300463154856505
77254,-6.5133725116166055,-7.519718817597491,1.014898046814377,1.3677530342572755,469.58997270337227,0.14817092205218607,0.025301819172303525
77255,-6.137016709838004,-10.312300053022069,2.7884665808946494,1.5815014271839893,197.56513788819996,0.4605546851136664,0.02530312852014086
77256,-8.963661537706294,-6.455931139001983,1.9977607366275474,0.9331878359054824,437.00681600031885,0.9166785709663623,0.025307543662013036
77257,-7.065313337553946,-5.642279776793428,3.8537548830248807,1.0799814121580036,280.36747496107614,1.274482492471214,0.0253078358702586
77258,-4.619906847802565,-7.6009002143421975,2.7852464425871015,1.2218918129129157,295.93441709423354,0.17221714954570722,0.025307857071485106
77259,-8.242004860623918,-7.340488952732722,4.177879850194911,2.2581156290190796,426.48917508413444,1.1063669544653658,0.025309890708731225
77260,-6.994360785356843,-7.811909426068046,0.34185642381890774,1.7392583609620682,410.3945152429721,0.07133219195092,0.025312257379618612
77261,-5.77270646414455,-10.767276541852036,2.2770065106254016,0.5096663956630199,139.14491757356427,0.6807115783522013,0.02531237618427984
77262,-5.125989836782915,-9.152214378010619,3.9633552837156,1.3982674284401384,311.4377442255452,0.2635118439260511,0.02531382991738744
77263,-4.405799907340704,-7.649895451709062,4.050857861289848,1.7480376181246833,468.00411089745216,0.5913666251358949,0.025319103360995947
77264,-5.179204122454537,-10.493627619015623,2.5353763601337747,1.2843670754021126,266.4926405249812,0.4438763138951023,0.025324546130673267
77265,-3.8494436485847414,-8.271260053685369,4.639921299663882,1.6581688370924736,360.1887127463833,1.2727531956287637,0.02532632239171882
77266,-2.9017473693608364,-10.903614664014968,2.472613985277018,1.0411997658314496,211.70675767865333,0.780674877226657,0.025330299297220422
77267,-6.308511380410614,-6.985999369213927,2.9299560921526373,1.4797544577364725,334.4270047293819,0.7856684588591314,0.025330766571031827
77268,-2.6535359600366037,-9.268437613609041,4.065842974536355,1.0003813676416518,332.9829206466112,0.07541187847560593,0.02533419488326601
77269,-5.698285996190691,-10.784102474966026,2.2338673631694372,1.1566018336930262,295.39654224766656,0.9163289700766288,0.02534423379235627
77270,-6.937652856041864,-9.712541939415061,3.1120463357611765,1.4092203183780307,468.9079217388172,0.9181971863420824,0.02534762977475051
77271,-2.44449696400123,-10.688690338682761,2.5502531785673397,0.6788015734478199,201.23212565107167,0.15166560637528015,0.02534801219765706
77272,-4.225462459503085,-10.629840808833375,2.2718779100656654,0.6550955964491363,194.16312901972134,0.8156342959856699,0.025359591329054697
77273,-3.110175674548749,-9.75973137962476,3.3143158969921163,0.9425170595661893,261.63900164963184,0.8014899343295498,0.0253618345373727
77274,-3.638417692938784,-8.996535259747994,0.1251544701001132,1.1704071012788668,298.8005947882051,1.327284746749946,0.02536638238153469
77275,-4.390861450452519,-9.397953171977054,3.6336255074977073,1.2077576698328791,307.97928279893455,1.3475642272438266,0.02537405809527991
77276,-2.5010611568500805,-12.355281665530512,0.29216519427428134,1.5001995701396722,327.39280204530894,0.24150241480651768,0.02537987499067609
77277,-6.216621465494438,-7.045734307885452,3.375595398456235,1.8200036526170074,435.5191431598618,0.035764264222995834,0.025380381805854592
77278,-5.648984227767854,-9.137770513806117,4.030163004953075,3.6923545975789516,549.5866909082513,1.127039055289857,0.025382395170000023
77279,-3.4650614509955604,-9.388742797481573,3.6147726670133595,1.5039369988656086,339.70505326333677,0.47549624026506354,0.025383180573637393
77280,-5.978184870352205,-8.577861723188587,4.68964899221956,1.1057956553134716,235.37174792388817,0.3889943616394609,0.02538667711306134
77281,-5.428168276160024,-7.908920140230296,1.2760671446909766,1.1261005291595425,292.7338827490435,0.8285006924988645,0.025389736715598275
77282,-5.77039546813873,-7.8704289851750495,5.038569762058591,0.5179526812328118,111.57915753786405,0.48426651741305715,0.025389910123667418
77283,-5.350541238084151,-7.8053762751941775,4.816259719151332,1.7651091972938415,417.43238112065677,0.5788196654217623,0.025390402297071717
77284,-6.681201900022213,-7.145451329092862,1.3695778708214348,1.0166867290037476,467.05437286182575,0.5234833283007303,0.025393017157906074
77285,-2.5936147674754277,-11.534096236408143,0.036504310907169504,1.4020834038522845,326.3812089324651,1.5376337158917144,0.025393777429505816
77286,-6.69415839117764,-9.867916298390021,3.107393016591397,1.6673686327169603,468.0274293670252,0.029276520204484235,0.02539810307826018
77287,-7.2291716837243065,-5.8060372275302,4.561399013414908,1.2857035018986902,314.4770928590836,0.6697065290932924,0.02539828207077573
77288,-4.433137946464113,-10.535914525406039,2.420025017162265,0.7783538270601359,455.17445118737817,0.2888363956453386,0.025403605032778317
77289,-5.316412454142284,-7.69715354773987,4.64872746441411,1.5070198128534484,340.9803030389868,0.3389899324330683,0.025413638867787088
77290,-2.517017162016301,-12.389391033774977,3.153656145701185,0.9108356292573689,451.2822651859126,0.16661043763266292,0.02541782276722358
77291,-3.321063033146369,-8.50194845754331,4.50044409648256,0.7782221648747577,203.87802407853852,1.0501116726161372,0.025421575058225027
77292,-4.649064203540747,-8.496565138190265,0.48294710234843724,0.8682088834649975,468.08176070525445,0.7204481330371548,0.02543760509421975
77293,-4.842826477447586,-7.925024516941041,4.732396379842799,1.8886126514394428,242.23954745271436,0.09799211189300738,0.025441078262729653
77294,-5.336675221623393,-7.809204410633699,4.811539146800926,0.9806786849335181,266.5478949341172,1.4146116396323025,0.025444521201768402
77295,-3.145868648565253,-10.08477240431851,2.91731832192062,1.21338805714499,467.118620090791,0.2547570548610194,0.025445057400480885
77296,-8.911500413496292,-5.7168941128282205,2.7947431737245716,1.8414800658800656,468.11942978570937,0.6119982148462118,0.025448786400614376
77297,-8.809710984677647,-6.52527576950358,3.2124115545040004,6.8060891419437946,631.2178141253182,0.17255328897192523,0.025450762345581354
77298,-7.007897926097298,-8.162114288686215,4.920198782203741,0.9807155119220204,284.56046555171685,0.7882662293108149,0.025452955609014595
77299,-6.453828597013464,-11.829736914647357,1.2001941009041164,1.336131408280618,308.1521364322441,0.9974804113726945,0.025460259154107583
77300,-4.886076020386168,-11.57008403123437,1.3647730843233634,1.792811018859934,468.27399869048446,0.4668301386553546,0.025462813378680338
77301,-7.101494100334603,-5.072119988234078,3.492734486892192,1.686185761446812,395.5414470450128,0.8048255760467447,0.025471980976266642
77302,-7.63795578705966,-6.489633500877623,0.20020342652384934,1.7387032907000728,467.27281959364694,0.08628332607742006,0.025472789918797534
77303,-6.090954145464073,-8.838399857535286,4.409292000088869,2.174577477862875,390.8060941808569,0.3288150021747862,0.02547326615059625
77304,-4.746859295006801,-9.266774994706916,3.7980403028983587,1.823710873155343,467.9268628435656,0.17604776487944207,0.025486892916349306
77305,-2.788729228089551,-10.688591696851962,3.047578506177074,1.5297165607197973,468.5672254792969,0.4537730407258529,0.0254896880139605
77306,-7.720462866333447,-5.524643223611274,4.911069373656771,1.8731623496708514,467.92044405445546,0.48655090969827697,0.025499221231100266
77307,-6.982180609407684,-6.51108632163275,4.760426919943943,1.2459205420900932,255.96690700083897,0.04177391510461703,0.02549962001139998
77308,-2.5835871742818934,-12.60522285711407,3.1484109290117908,1.067233763127475,466.88281209323804,0.06314350036558292,0.02550051828256809
77309,-4.992354204548254,-10.605842912452003,2.380913616610106,2.213518011637208,425.5430458081811,1.3647676075260993,0.025505216108995102
77310,-7.1828170539094405,-5.053471259654765,3.882687027057128,0.9378618946472834,468.113285540017,0.9148078901715371,0.025505217261557623
77311,-4.217562539595805,-8.841524103974312,4.225575159140654,1.114595544343856,222.77461177845328,0.2823197383595817,0.025510964527988095
77312,-8.983712637666462,-5.797830905921271,2.1383262973953974,1.254974799125872,314.11045725078344,1.3694650288366406,0.025512356260372328
77313,-5.074162423896692,-10.709016109678666,2.2418753126955417,1.644566590383746,469.76883247150863,0.004790633543515277,0.025517338765112585
77314,-5.54391045896578,-7.784656068330108,4.886085932437459,0.8089172893700597,468.9158685203928,0.17994991594741894,0.02552572045893486
77315,-4.523702714256851,-10.396053606081892,2.572597353013761,0.8069055624497329,161.3513162292197,0.3916898851104049,0.025527714055599025
77316,-6.635994751889626,-7.150488286077015,5.0372257257400745,2.503390458897334,317.73267937153804,0.02879875589829517,0.025528801728394467
77317,-5.925070034151963,-7.373391986465526,2.2841504815265727,1.230323477285573,254.55359894824213,0.7155912942449785,0.025530806369285935
77318,-6.450198523769968,-9.365185333490887,3.7579129173312005,1.4736078368716927,328.9523393485604,0.7255573309997043,0.02553457415575526
77319,-5.658280572451246,-7.659292225457772,4.822564534229221,1.130185604533831,468.0395933664349,0.3856301722576285,0.025536142358439935
77320,-3.6464047551160226,-8.850156646298089,4.192494182380548,0.6468451589224048,164.8012449702282,0.7837579510383037,0.02553900097161648
77321,-8.636064415961325,-5.377119710464282,3.7003561400648786,1.797176796927718,427.30750705069306,0.429370023019751,0.02553929986628848
77322,-8.231055570594199,-5.105293812676994,4.4344381285931025,0.9141701721184915,210.74790839528345,0.22170975817591554,0.025539570505862134
77323,-2.5647625520719144,-11.455334560430423,3.36480113863187,1.1252415934872935,468.0327149062148,0.38276809128351186,0.02554036188832962
77324,-7.193871134522741,-5.568324738753657,0.8455423389413811,1.911609776969841,467.05165702014665,0.5580042722392689,0.02554070060509901
77325,-5.868501841658969,-10.506389343596396,2.58196493434395,1.7595545990165717,417.3707223727379,0.6098444039859894,0.025541308095485313
77326,-2.7423404222445678,-8.283153659637284,0.9967864094274186,0.7505835280065378,181.78002016383283,0.9875605352562369,0.02554572494865091
77327,-8.491731664177863,-5.6376079055068296,0.4471416044821616,0.6674681543421792,172.08235190278916,0.7834899300781171,0.025548403459335907
77328,-8.95685093815979,-6.400453229178593,2.42961351411116,1.8237061898768756,448.7355556864751,0.5119502271859782,0.025550088597795458
77329,-3.1953358123637434,-8.89686327415373,4.193270978286342,1.635466508140539,383.5437768948163,0.4278956705756185,0.025551438968460686
77330,-4.332347210618175,-10.716502066186845,1.9226688808574792,0.8757345136001835,468.50555632237297,0.565361522554281,0.025552140460120373
77331,-4.27848451997067,-10.166393386914889,2.8002940717670857,0.9011018277916254,231.61402069555425,0.7038395990584752,0.025555073320522714
77332,-7.980773888042741,-8.141170180157513,0.4930478071996131,1.0147979456985883,276.4794545710337,1.5000687239979493,0.025564008839022125
77333,-7.097962417007649,-10.111531132170306,2.4401802368706944,1.275418891995739,316.9709585701204,0.32376054602419213,0.02556973927168745
77334,-3.859989577284767,-8.375553292159992,0.6712521534730949,1.647297719110272,353.8935360932888,0.6469198075069551,0.025570060472295694
77335,-8.557897324678091,-6.947850689226563,3.7855244649498596,2.6650986212893066,473.0848310464447,2.3732119756350754,0.025574157261282413
77336,-3.711042914830406,-8.271849727172786,4.6178152079075945,1.6744341634559607,289.17817918829,0.04417739322916692,0.0255828078446144
77337,-4.125393351420729,-10.071256386067516,2.8875032429363876,1.055726419226246,467.20251535120826,0.0978663269544553,0.025587800744628082
77338,-5.979619839223059,-7.270706776785012,4.183028196513116,1.1007958022364082,286.68178310438185,1.249503040070853,0.025591654859368797
77339,-5.094602438526206,-8.18722481013644,4.8120968579854235,3.4500526234481437,525.5844572192799,0.27410038825383776,0.02559249044756869
77340,-7.00801589188282,-11.1829712562844,1.1599117840075144,2.2689976181793035,429.9554099660166,1.177877540160753,0.025594965581380195
77341,-7.279869569103646,-6.37232458480263,5.077142459940728,1.8770808889052646,468.5255201782341,0.32215442619166534,0.025599077672632566
77342,-5.264968299691846,-12.858762480666055,1.202683202505463,1.446817703638635,334.7157510209968,1.6471467858522475,0.025609353364066376
77343,-5.297993899820436,-8.019963508863135,1.0674905176718499,1.2675392264022203,297.20162022491473,0.5001352223157882,0.02561026764234447
77344,-6.989626704733056,-6.072406439534835,4.113539740796381,1.095521066528006,285.2250139871851,1.1140371631549693,0.025613840854842758
77345,-2.8964156849202327,-12.15796836815799,1.3380046719302194,1.6025863334482235,378.57591090322217,0.39239757559020827,0.025614673764670633
77346,-8.93530666564158,-6.550912124063565,1.7590708251203184,1.1490343511743926,468.33136615554594,0.5101525988635931,0.025619855309231245
77347,-7.649317300251815,-5.242388886474421,4.818170229213554,0.8855803855743619,178.95835504816586,0.6570640334874627,0.025621925174471084
77348,-8.768407974183205,-7.1578981487259465,2.9162695349109446,0.7136580116871125,175.11936470398794,0.5599540387712185,0.02562231277916969
77349,-8.91831105761079,-6.242577784500331,2.7507703712865013,1.0313870128526843,214.43786231276698,0.18692125091169753,0.02562380439396583
77350,-8.28705166628092,-7.159710251829204,4.240047165569897,1.0815290885476732,284.37640462504106,1.3936357858851958,0.025628312718695624
77351,-7.232865674773542,-5.5848499843278105,4.416805228566367,1.6882669492456175,397.55420772359685,0.23836191467576473,0.025629670379038585
77352,-4.675033607217428,-11.923865838901516,1.301345514735178,1.8045636656942117,467.65163773255244,0.6114531816450324,0.025630150604860055
77353,-6.945153170484888,-12.605640587201234,0.30304778508592795,1.2712764098894276,467.69490288543034,0.08712485800832503,0.02563240324935244
77354,-7.835756580057971,-6.016213559514994,5.017471976836449,1.7771395813357411,467.63497929968895,0.38416299732044656,0.02563358022833839
77355,-2.670875151526988,-12.199455383172058,2.5616621332322964,0.778386530000139,233.11643972283224,1.0547913550351096,0.025636269174434283
77356,-4.677482429685231,-7.716630067868629,2.1805883724638386,0.9734855801112787,252.0067303226694,1.079113946091149,0.02563926235371101
77357,-4.81490550018435,-8.283632752228108,4.713170314783339,3.5066593043900514,528.9200698230827,0.6507804185039268,0.025639998915629948
77358,-5.818290275530121,-8.095789313816393,5.024135665871486,1.3952420207200313,306.734020859469,0.11297042779559963,0.025640187403594614
77359,-2.5601790247819878,-9.169105399854715,0.6099387241533659,1.6375585590652098,361.32536324403816,1.96459306479849,0.025640326406620027
77360,-6.0906209943980905,-9.861120011972538,3.2424719948150846,1.386318327657013,329.9056939914346,0.2856752909295741,0.02564352265579882
77361,-2.326973494896344,-11.21221155209076,1.2436506307385664,1.6712253965720514,470.1251658180534,0.0964714505972104,0.025645326742915486
77362,-8.940668009598012,-5.0696311388212365,1.0239912012708652,1.2021363227856834,304.55877111876276,1.5379219028035767,0.025652682476174856
77363,-6.787209630484821,-6.94731369099317,1.4283564279228427,1.1117403361792282,287.87467554287645,1.414604625775313,0.025654591432130523
77364,-7.348953482563735,-8.531354869768709,4.160278212891804,1.2115459998895906,193.80201661850634,0.45099538356585445,0.025658476321869066
77365,-4.543640117134432,-9.373323333337792,3.6603288818131405,0.9671896688357734,468.8851394486438,0.6046368936782711,0.02565968075571097
77366,-2.4251520922918637,-11.902375895015034,2.414480014939548,0.8919689621295875,236.59464706636086,1.176618439457493,0.0256612906428479
77367,-2.7851941239345006,-9.817019838313207,3.785834157541585,2.207270054088028,426.2078242415359,1.7029683517332588,0.025669380384515654
77368,-5.72477556511266,-7.4580959584391575,4.450734978038771,1.331482186166615,291.8867191845745,0.37491226744003026,0.025670059233124373
77369,-7.521919124411593,-6.01322771271704,5.056310873421009,2.498036789392755,448.4530421149196,0.9515704577248023,0.025673530310155894
77370,-6.512156651834329,-10.34460425928587,2.6778013386387993,1.269895621872725,316.88170762084223,1.3826830294608925,0.025674523724255868
77371,-7.739949022439064,-5.871350644890412,5.00912568030911,0.7772373761798155,157.14673529612068,0.36621534863653604,0.02567723738644034
77372,-7.09547332289349,-5.7372022224841945,1.559110747853009,1.3834589130431376,150.46960568005116,0.383309373970552,0.025680333303422644
77373,-6.093512079222511,-10.824055224588589,2.1818735633029935,1.0810802103260195,294.5859875573782,0.6039865484408624,0.02568143338694731
77374,-3.605274516962039,-9.165151606009953,3.846577230553649,1.1175674772408488,227.31264930203025,0.05049168700008533,0.025684519663863217
77375,-2.465549209990243,-9.435803898322238,1.4180112397535467,1.102068206784548,468.0006789444933,0.3683906713757148,0.02568840381876867
77376,-7.341318768316029,-9.408061280330358,2.9765396279028784,0.5614174931387662,173.7104472794192,1.064777776505414,0.025689592208155233
77377,-5.357107459038302,-7.538306292411357,4.286073187793274,1.1832218424352334,260.6484907136264,0.22757912078751552,0.025690510614785503
77378,-2.594033035138141,-9.399544661635076,3.6750472323602565,1.5917085186568223,346.40825342834535,0.30905129339411896,0.025694387509523492
77379,-6.716409966133684,-6.560058070615249,2.4310395838761423,1.1547346658356799,296.5128482710694,0.784902458859075,0.02569505119362437
77380,-5.842620754447285,-12.156213985114002,1.2279451353865813,2.035932113622961,398.33169302503626,0.8834825702441735,0.02569791497353282
77381,-3.438093051548007,-7.856724502931962,1.9104231852103295,1.1830136609079531,251.48371783399213,0.6126848805943821,0.02569937818313536
77382,-3.2736174970486527,-8.019437259321144,1.4894427789300038,1.1450849414949111,226.98372843811202,0.01379260212050415,0.02570120800881361
77383,-3.544086651739815,-10.346904960629963,2.5742186667364946,2.469162537749352,444.8050615297486,0.8033578853179275,0.025706207199446256
77384,-7.894066508855904,-5.08768890036467,4.757243687904184,0.9214811998203588,214.45590368518896,0.13828022629757442,0.025707461831451874
77385,-6.628320297429647,-11.80409189390143,1.1580092636281487,1.552716654957362,433.9214609897594,0.3072287853842157,0.025711032348953236
77386,-6.824524176955944,-12.835502791491544,0.9746611161979105,1.0156090315841215,467.8412417632002,0.6278261880611762,0.025712057688463186
77387,-5.66711297643354,-7.499351737914598,2.2206111786469585,0.725727607719056,142.82719620890117,0.19396646090014524,0.025713209330670003
77388,-2.4957848112180914,-11.205087850659758,3.0893352693918033,7.384444245278738,417.35946025694767,0.16662738740748484,0.025722124342806692
77389,-7.31207079030443,-5.540793805583914,0.5430025497670504,2.586859512395277,454.5517846317579,0.6440589614560208,0.025725404028931673
77390,-8.692143795636314,-7.806454573636911,0.925284663152225,1.0639742092823707,277.6125217961922,0.39880223155055994,0.025726598654328723
77391,-7.01345079126547,-6.124918265706641,1.6524847791293629,1.0144272330688746,201.99329982779284,0.9941604885601327,0.025728470468443867
77392,-5.704077145728418,-8.262487619373449,0.5660218995790158,1.6060827720326667,370.75602695116186,0.30352510769365537,0.02573005229678644
77393,-4.8029709112671135,-7.923088410154313,4.710490603789056,1.0231469152016022,468.1384493211133,0.8408833954436767,0.025730297213224333
77394,-5.152422606874355,-7.784255630314484,4.677953545315606,1.1343022859188767,283.87763297087747,0.629681603234931,0.0257323620662219
77395,-7.527212669290485,-9.913554371068544,1.6004738327599812,0.4845163039775405,129.33720004236798,0.9310980168250715,0.025732607958583616
77396,-5.730219309091356,-10.989934515390011,1.539872670755686,1.7459420498306615,467.70219413761106,0.5833842283248298,0.025738209454387394
77397,-6.926393220828871,-12.657103967637415,0.9211405941096326,1.7830482408153945,425.4858056718729,0.5871148167910922,0.025743682416748955
77398,-2.7987245328292323,-11.71991678097476,1.4618500886962924,1.0740386548173582,280.7962716926403,1.6460039556641535,0.02574601116738751
77399,-4.169267517337765,-11.73559247558452,1.3376295406067118,1.8120943941108978,467.67294976623344,0.4383713034037635,0.025750854710285216
77400,-6.064904311403802,-10.920095567804772,1.5685846837178494,1.392623760131283,334.56969188807756,0.31448839218693525,0.02575153731662293
77401,-2.852764031653022,-8.133272311130586,1.482918829935932,1.88059679657265,391.44665278074393,1.8545819776513586,0.025752108063116032
77402,-7.16861310561665,-12.26364813518221,0.5237102486486013,1.533791747278954,340.10411320137894,1.0113865819445538,0.025752602635984653
77403,-2.9470118474164497,-10.823937223775934,1.891840719253719,1.7307955920433813,467.7150172434355,0.1238133755852262,0.025755316803669416
77404,-4.173898023181168,-7.971383161642512,1.5503710765418273,0.9881008281584458,469.26216855902885,0.06411409574201787,0.02577127837775143
77405,-7.313231924197776,-9.031437718575551,3.526994960689631,0.8498527063447427,192.541125339675,0.29062196526175477,0.025776496567597812
77406,-8.263188050495463,-8.66507563291661,1.752266421512245,3.59074039242827,537.689820063524,0.7642599833591879,0.025778659474976755
77407,-3.66851217409382,-10.19297181217942,2.7504790185648953,1.752410078709492,468.64075602478516,0.29164132454887426,0.02577937563978178
77408,-3.6260141533435366,-7.66541961664288,3.8076023353003436,0.8783375424429891,467.7100671997511,0.673907700953321,0.025782569577579257
77409,-3.0472472036797296,-10.731826503998937,2.0131466743026474,1.5453518071712424,356.95364184453075,0.4548764768822222,0.02578633489545092
77410,-5.320580486612178,-7.891856336908651,1.4022715410464448,1.869820038194625,469.16773429894005,0.041111188385881015,0.02578968150517
77411,-3.9852711464296355,-8.334715437193978,4.609264956347996,0.8791604749371945,468.00505225684327,0.3703090235642952,0.02579741170482683
77412,-8.965767090120934,-5.064633369985727,2.0042675997605532,0.97758717003323,257.69322000688715,0.45873304547549676,0.025798312264832597
77413,-4.635213211345532,-9.301230792070463,3.7349655812269944,10.204251011876739,793.3125417484015,0.3564295018720651,0.02580032529580711
77414,-5.010694651354014,-10.69222222846854,2.2322948981676856,1.6641251612324113,468.2435407268146,0.3462471774632281,0.0258047606299024
77415,-4.414809538873192,-8.018163620644163,4.681413266293711,0.8501356635140496,230.66289070189458,0.4836997740235809,0.025809481783246643
77416,-6.932116491720963,-8.064507784180265,5.048018266874679,1.2638477613620114,294.83128856250863,0.4330333408073246,0.0258124031679877
77417,-4.009195039879466,-7.901249947704439,4.543256832578168,1.1889643910865548,243.4918014391083,0.9071578071795168,0.025820419262130793
77418,-6.758245388667786,-10.521005280402601,2.321676251029926,0.7132476744371693,213.70045598867196,1.0046301241022126,0.02582218210251963
77419,-3.9158904027841244,-10.12306823462773,2.8227672094313654,1.7117477210615777,162.59954425515886,0.402766078915592,0.025822463956747754
77420,-2.6816334014735315,-11.425644227800278,1.9716075854685737,0.5232547723389195,148.84993486508114,0.9748359101828648,0.025823227932199367
77421,-3.658301550588784,-9.08418004366909,3.9420517890758315,0.9343117829891647,247.47729875043927,1.2298935748773978,0.02582510720256222
77422,-5.230060604235391,-7.481825427431824,3.0396774809629505,0.6599722250005647,466.5610031681271,0.42032200313448786,0.025827423209275297
77423,-3.8570547514711775,-9.79017712583143,3.1723140869208817,0.8837020445390139,468.6454073539085,0.860874204035798,0.02583214866180039
77424,-8.060753690942091,-8.371862634903824,3.0669574946956097,0.8144484523519777,468.3441536548616,0.1309234792389926,0.025835161374212996
77425,-4.2786268969721615,-7.903333192595176,4.580849046924267,1.5094420698250557,344.8509767869146,0.777957952485206,0.025842387097029244
77426,-5.476582022618889,-9.174075488346599,3.9588409346531344,0.8768473001154914,186.8062739665993,0.6826987723256837,0.025842499826415725
77427,-3.3275313319557487,-10.352848925633742,2.5661959166566275,1.3407527786158144,308.26287908974774,0.8083309169053106,0.025845091178054277
77428,-7.203194190430278,-8.856095072542942,0.2005553002081196,0.7426074239844587,467.7948413262756,0.3005746921534067,0.02585386299468383
77429,-8.891572552039095,-5.544978096550932,2.863899840896117,0.960590069207983,469.26897528560335,0.1715624653267378,0.025860001476589716
77430,-6.551385318002201,-10.503749547493202,2.482305813766276,1.105298888691843,467.6762158187431,0.6029090798882892,0.025863862234088483
77431,-5.652038190727816,-9.7273503400966,3.358694423899438,0.8716949433946045,468.42221000780165,0.913200517576235,0.02586792140733726
77432,-7.493022929571662,-8.472280887143722,4.038678843478232,0.8685614101950475,232.52943634748559,0.5151334440004494,0.02586984258154413
77433,-6.816095292173891,-6.2814085441597,3.5718490927125646,1.0218204149765207,266.2094619280776,1.6862676058549422,0.025872129204415797
77434,-3.1146089371961256,-7.791249499217188,2.2850131522896224,1.1096544885042587,468.25176466872335,0.1772024428607839,0.02587313683575364
77435,-2.54732002280579,-11.676393055456645,3.324395994944781,1.0134354659350688,272.9514992235163,1.7783328908393186,0.02587391428001257
77436,-6.499944607556714,-7.445081789313335,5.18663029827405,1.0762784341841338,466.3635593776691,0.1698859765465306,0.02587646014872552
77437,-5.394848899525383,-8.039625463303778,4.89565030263355,0.9568077059192764,191.8255142933662,0.06282536435815,0.0258778788421204
77438,-5.494642459827244,-8.622248484344231,0.27518044900148614,1.0128207407483885,260.8544386194501,0.26676298199301396,0.025878579935278076
77439,-7.682078970593936,-5.1736383690114796,4.794153217323418,1.0389559183684076,283.09486467011834,1.155075201315495,0.025886807046344197
77440,-3.8998363020618045,-9.04646325655809,0.10447749101311285,1.4911567942412205,336.895910354201,0.8321731826571641,0.025890664426631696
77441,-3.794836635319684,-9.802685172382406,3.1583677549023093,1.4307103235793026,316.08826463767844,0.47223486204690257,0.02589781727977116
77442,-4.714192704495764,-7.584217528190472,2.9921990344502274,1.1439115398221011,185.40260611501188,0.15114212477846234,0.025899575960231118
77443,-2.6449956518531126,-12.772281269227904,2.7347499107294784,0.8988509895204321,186.54153314780447,0.8988794883759139,0.02590709652541799
77444,-7.0149932779453685,-10.713892032712023,1.368576868787903,1.1522110405793489,469.05867194354596,0.599611615874676,0.02591335049977467
77445,-7.236285770637011,-7.87058735459638,5.028482782135386,1.0813049363488585,279.7924853382557,1.4779504638770193,0.025918196434459858
77446,-5.466447434025499,-8.606595723475635,4.576945274178092,1.382140543536269,294.5420359544528,0.21419492953060448,0.025918240614711447
77447,-7.239654863970651,-5.63448595404332,4.465513146444207,0.9627478599754444,336.57596639248123,0.9272564501328207,0.025919034177613466
77448,-5.505196831777473,-7.786311942318466,1.5697073921353892,0.9918956526128907,269.0076618181485,1.338127910848507,0.025919721177432856
77449,-6.419950310113551,-8.60561591005515,4.650201733562982,1.102755102479827,285.49070874944744,0.9831349223703905,0.02593354384036821
77450,-2.756760578118106,-11.214825072250385,2.693465550005544,10.907221183402623,597.1775926218701,0.015462022499318273,0.02593629881448927
77451,-2.84573282568906,-10.088153839509811,3.382256896334911,1.6875118782273466,395.22400945739815,0.09763215737455777,0.025938194047856977
77452,-8.141955054684436,-9.046296511649082,1.3167559996479352,1.7232547493009132,470.11949988177264,0.13267032992100347,0.025944760499787903
77453,-5.4537589772357125,-7.706569619014135,1.8203984461772937,0.8510271210659227,469.27782659543664,0.06370703118541243,0.02595576879636546
77454,-5.895359468320372,-10.613480006105377,2.442349535342052,0.9897251612973836,467.4872895478911,0.33943160899414426,0.025957241324496564
77455,-5.779121948938872,-10.80319338091979,2.1243455873646937,0.9060792463794967,220.16134499179708,0.7176947428634222,0.02596009459994604
77456,-6.80068684909368,-6.364321662093191,2.5245704081153786,0.6906750530698004,138.14034388005547,0.3295085500814645,0.02596115638060356
77457,-7.24347664789452,-9.958305939938143,2.3874034111249207,0.9434231307841885,256.26044365154013,0.741589433934001,0.02596445854091561
77458,-4.649807788687092,-10.383106392845761,2.5741362001620702,1.8515677888603703,444.27411534640504,0.14647614570843892,0.025966151407951586
77459,-6.859462988602288,-6.130082920364964,3.130898899308198,0.9395422619623576,259.0207308417182,0.2962969780741469,0.02596707824081298
77460,-4.28594881391129,-11.694958709269986,1.3420374341334815,1.4674535633380514,171.57199477589765,0.1915411396637614,0.02596844617970875
77461,-2.485295179476208,-9.42393205916705,1.8749829734053074,1.678026580105881,391.50277263408145,0.19308141411176383,0.025969806554211633
77462,-5.176962615359373,-8.204293002959583,4.805054182024181,0.8814181068205239,468.5079592231425,0.3959819430168272,0.02597107783974326
77463,-4.861090819641056,-10.76816719523793,1.7688718012488556,1.3293236839131546,299.9229646730966,0.7019103462151346,0.025976915917534777
77464,-6.586455478913193,-6.765105109307747,2.507323908969628,1.1614915087684055,299.6246560737763,1.7395492966312025,0.025981999229616932
77465,-6.837676722228618,-6.218500036786768,3.377882699455129,3.6772221715309485,449.8068731897205,0.06077313641329507,0.025982619358107497
77466,-5.717760895786094,-10.216745248942177,2.8463642686091317,1.7804064270796878,467.93545567895933,0.5498419233979588,0.02598264049661573
77467,-5.9961373336808785,-7.197002911387202,3.1488970393548703,0.8791972009476583,468.39988709281636,0.8418009974674296,0.025986454856464232
77468,-6.207322093819287,-7.074984091773241,3.804398769324681,2.338144205640442,441.8798040353417,2.2710343843008225,0.02599405817830256
77469,-6.417345944855585,-6.989199736954152,2.491634141351191,0.9706821508695742,255.4974633221846,1.5000381784814634,0.025997082565340963
77470,-7.044671129152533,-5.328588854996422,2.37474412995612,3.541166799953139,539.4968632205545,1.2156302126582172,0.026006266612821356
77471,-3.709828437873015,-10.629143935073703,2.133490083696603,0.9608879522745324,190.4463765367016,0.5313100184965505,0.02601010291123281
77472,-7.409820962432077,-5.514634995937132,4.6915637207727166,0.9662078429860486,254.32020213211914,0.18508719938104434,0.02601822370249853
77473,-3.190710624415604,-9.006746310221605,4.063836866172523,1.385440236207852,309.9169471378768,0.151832171627734,0.026018802319132932
77474,-8.964933531037602,-5.74522682980819,1.9622767009100825,1.15053572516954,229.72993654679263,0.008489625964071656,0.0260192107652751
77475,-5.906247139834198,-7.430918653568936,4.604439201688651,0.8858063958677571,183.5346309453844,0.5286580531502407,0.02601973314595117
77476,-6.958260077490257,-6.1076593141213085,1.953806154826673,2.4038785401250706,447.92799827747945,2.0379068163270544,0.02602231933446902
77477,-3.442360210078431,-12.363886149268572,1.2512296425216431,1.879876203739138,452.35580243816014,0.28208239473990293,0.026024898742101697
77478,-4.233904436427175,-9.829317796801803,3.1351864172357873,1.7758221417486222,467.66336494975366,0.8923129155124085,0.026025634706332425
77479,-2.8492071131220147,-11.350775612383535,1.5250344905909834,1.1673580649533333,275.6925774333968,0.7712546012150616,0.026039256346866838
77480,-3.4904877492107786,-9.430615512025572,3.5426959445226642,1.6360869715999096,385.0222493010876,0.5665738178877913,0.02603941734239662
77481,-7.0281776398721325,-5.907757669609608,4.011511986372524,0.871655552408748,196.4700850550676,0.1737597946952123,0.026044975792777685
77482,-7.336101338365019,-9.828532475865359,2.3896730135519477,1.077152261272647,288.13098447208023,1.322206904747726,0.02605049711377823
77483,-6.809599996363069,-6.395596024332709,3.9005927326248373,1.5818407621611223,361.3022753681417,0.11963685848607408,0.026051749063745567
77484,-6.332121596747248,-6.954887226965156,3.190971654435437,1.7468959140706688,169.74954615779242,0.2835196345591644,0.026052634069779947
77485,-2.678411562367824,-11.97840000502319,2.684069247103144,2.769082601273158,473.534784842925,0.8502453113558213,0.02605797264901682
77486,-3.9124003717756937,-7.713948794310087,4.11973084148753,1.1209931586429565,276.87927411982366,0.9591853307838027,0.026065551175422145
77487,-6.494657825725354,-10.787370742844365,1.9138149244643905,1.2522944254154427,302.3284191978803,1.0874351883259985,0.026070926941218257
77488,-6.520361166290131,-10.77260589320477,2.1123306493304552,1.411447622138985,468.16208168556733,0.4839468724484943,0.026071716518480427
77489,-2.5365050186837976,-11.839305235928103,3.299753111604487,1.138119672081415,206.77387765085098,0.352441620347582,0.026072559176140354
77490,-4.707028248125394,-10.430748611014764,2.5301749681961567,1.1854276135077604,467.3419830177357,0.19745045596486932,0.026077339748515206
77491,-5.815276579600067,-8.871201337972598,4.33811638743476,1.7453824841964145,468.61477198786446,0.493187622176535,0.02607940507933941
77492,-4.783948082269695,-8.79361879538002,4.299603435339438,1.2145513625279445,226.9423594081866,0.03061356782094027,0.0260806172794008
77493,-6.290004621752112,-10.206842437084777,0.05443660923135002,1.8633593432152455,457.90893153165655,0.32657977477112343,0.026081092184744227
77494,-3.140062956191932,-7.922904249884482,1.7914741996423043,1.0649790481529857,279.6438342257054,1.7664657868816231,0.026084503911671466
77495,-6.477903251890736,-6.89778429245817,2.5470694483808027,1.344244088043699,325.84413101685783,1.4405282079973372,0.026089763451577135
77496,-8.364361407933249,-7.917747172502095,3.0531682799321156,0.9538336726666754,467.6502430129426,0.6568047106384363,0.026090039609487956
77497,-4.352444965428943,-7.635969686782695,2.861508531638421,1.6951089913816777,396.13503872383455,0.10900612251848951,0.02609126870691188
77498,-5.577950616791817,-11.440719793841073,1.3705720706766766,1.0544647563499858,282.59913661812544,0.7340247043035815,0.0260942830744218
77499,-6.265879674739986,-7.446104883784999,5.004877915552989,1.8917578176374694,392.30836595980014,0.6138079679912343,0.026098224594244383
77500,-3.7289065963726546,-10.914596679393245,1.5781966904389375,0.8754826608302505,199.89816037576435,0.9956159491405598,0.02609913436775777
77501,-4.962771846322726,-7.902219768581396,1.5523815994326022,1.7610865888380862,448.768074954323,0.5322477967856694,0.026099773623649097
77502,-3.3332541405459706,-11.071762925680245,1.5010111775740613,1.490850315948468,330.40832864990864,0.9540957232875504,0.02610088040476236
77503,-8.925436921220903,-5.760123863026581,2.6819454188338088,1.8398096097685037,439.673268855528,0.2625193455272745,0.02610238140575167
77504,-5.427340104761306,-7.455429669411256,2.9115677958715245,0.5058012222140439,117.86659564840751,0.5556066120722685,0.026103506774466077
77505,-8.563862885925035,-7.143678102987239,3.6005372638583597,1.0362634920210796,278.63742511022514,1.5645748028402027,0.026103556215500878
77506,-7.047165537092146,-9.870005634517806,2.7925896750825783,1.5698334261464466,470.49754247560384,0.047797128716921655,0.026103948824267954
77507,-6.963111895675757,-10.396905041927925,2.2335373090674637,2.97325257871389,484.0439823072899,0.5909492331553148,0.02610406234666809
77508,-2.883575236665391,-8.148985264562267,1.3302127317626848,1.6154097935589604,468.0401525543745,0.4030258158619562,0.02610652691910901
77509,-7.072141169524933,-5.304938056080439,2.0835725886165686,0.8381104663930425,467.5976616255653,0.19850728774668713,0.02610707037866096
77510,-5.708272386929652,-8.199387387784576,4.938086284181747,1.2162358513367497,309.9483233416437,0.48303812261865087,0.02610793704714663
77511,-7.0660895844547245,-5.137176478802897,2.325053697741456,0.7791841925089008,173.32552354094503,0.41430928553571533,0.026110338529780536
77512,-8.21900772837009,-8.870599704956973,0.774394783340116,1.741067859484552,372.48829260365517,1.5165927180011254,0.026118977333990122
77513,-4.695677358094609,-10.07450050345598,2.8999949947707337,0.8232295523685081,179.24035701344002,1.0945733746822297,0.026120287664157634
77514,-6.7945033147222835,-7.250274463172404,0.9543236508877075,1.4078475683010123,319.57240879291857,0.12326481578911608,0.02612115868740067
77515,-4.35677143883149,-12.763744563520651,1.2184928118570757,0.7704385249835481,469.3857542735187,0.24107563305968238,0.02612140961386543
77516,-4.196340689530173,-7.618626413862277,3.4973890560569836,1.217878682495291,223.3404596859387,0.05463256318859511,0.0261237137625204
77517,-6.067594395860964,-7.504013240143754,4.910708647348578,0.679198452823893,147.63940734433532,0.6288374088390922,0.026124204813847487
77518,-7.140779526742883,-5.62011485668078,4.144535238190057,1.1855424474345817,251.10194889190998,0.34274764624397047,0.026125621852522478
77519,-3.2493702550129546,-9.76520924255981,3.2000904205088676,0.9336682592137319,245.27060117199096,1.3895725511784418,0.026125847076780482
77520,-2.783241036801267,-9.476595936121814,0.07327882330231864,1.7416154622165037,469.18617721675713,0.1756170013302496,0.026126639839295803
77521,-5.583691980057034,-10.016884696354014,3.0394537518417426,1.8084038544340062,445.1469315950681,0.7981838436814082,0.026126840460497097
77522,-3.8183046592202574,-9.752691849083265,3.200048232906852,0.9879944887752605,272.8652678837032,1.5848053785554521,0.02612705653898741
77523,-4.975651310444189,-10.064933278524075,2.9379919587159646,0.7663686353984546,468.00852765511587,0.2936628390180127,0.026127821016154514
77524,-5.323687201021907,-8.652064315409874,4.506661269873412,5.315183320320554,347.7228857294166,0.16242435410041356,0.026127917231048202
77525,-6.239510444421519,-12.30146249385368,0.09745158647699355,1.4475594992877279,336.1871396036677,0.44957615790130045,0.02613596849769396
77526,-7.167528007817618,-6.7051317950145775,0.6275118699859527,1.518881490433309,170.95550300978448,0.4294169279314284,0.026141792100357077
77527,-7.693809930912545,-9.035191123936329,2.8220802498397335,1.080170599290071,242.4034700251215,0.06220304436903579,0.02614426734707015
77528,-6.770813856858004,-8.463484497099078,4.7097218609083065,1.147092090058849,248.10498406764674,0.09373201281439503,0.02614428701565908
77529,-8.753001532284184,-7.006165034017977,3.126927126939497,1.1911028134897028,302.9497770906479,0.7620593759457845,0.026148562858279607
77530,-6.770009200315146,-6.5903154093693,4.2835110061656385,0.5656823001461774,165.61511487186903,1.0781122486471792,0.026158687996573383
77531,-4.974579531583977,-9.957654843239853,3.0495254017348037,1.834073248829866,468.1095153292834,0.7362080086311282,0.02615942799392314
77532,-3.6447036112018028,-8.726067569146785,4.300214545024747,0.9111634102575834,468.30911839080954,0.14477648932238196,0.026162996526726948
77533,-7.3718776105355435,-9.280239493276685,3.0897372720057845,1.1077010039683428,287.99935327183897,0.8807956590950647,0.026164880059182598
77534,-4.728886521383387,-12.63198239413116,1.2233982536710277,1.5145020228154045,338.2924516157777,0.3411866260938021,0.026168875760583164
77535,-3.5633317059068332,-8.040196770677273,1.4164182061055273,1.1479578855972228,295.546532372154,0.46676508165593145,0.026170335978526547
77536,-6.84734424256588,-6.159809126949148,3.1554163619140327,1.855365323737453,462.0649262159366,0.35740479534307656,0.02617057204782851
77537,-5.619485291324835,-8.332251726305518,4.830980896348742,1.1978026976862997,467.15791735853486,0.25817014022473384,0.02617189265382446
77538,-5.77218777016842,-7.772704305016857,4.975173725671048,0.8916106637014202,236.4614805627874,0.6701771369033045,0.026175719972746075
77539,-7.0161350281970325,-5.8300304825163565,1.9051802100596096,7.684270617285199,413.7498722067315,0.16450582181459072,0.026176717833021976
77540,-2.6830465122995566,-8.802851248432319,3.8372614921717236,1.0296442947018707,269.1316713454222,0.6214124952527351,0.026179057553730362
77541,-6.533325078453464,-10.767878293189248,1.8654134212739502,0.8606330884870715,194.83879447225038,0.1845440395469824,0.026180774518379732
77542,-2.6341612050114662,-8.4870244493979,1.2221752697727974,0.6768993814657072,467.6198356088615,0.4046666235790237,0.026183018028100965
77543,-5.42666759938652,-11.057308401732136,1.5011360277906118,3.6300744661664153,544.157018992776,1.0189716911393,0.026196079628360146
77544,-8.92786658714988,-5.644723166388823,2.671569934191906,0.6320056572626627,191.82695751314705,1.3730581848576762,0.02619656452741769
77545,-7.4183789200324455,-6.378784808018989,5.157899868954924,1.119647698701417,267.32703007829195,1.0773951841018201,0.02619758077039813
77546,-6.070908503888265,-7.149952723896305,3.2898284537608524,1.8656497875255325,447.7833794792308,0.3790599880255163,0.026198443210144647
77547,-2.6779814200392096,-11.295338846859552,2.9870840109123513,1.3396535764806112,320.83078579926854,0.825989192722699,0.026202436730042005
77548,-4.778696529051613,-10.701830290411511,2.0278148685384374,1.1539008133982038,298.1031803780604,0.7068603611692401,0.026203371798413984
77549,-4.715645038174735,-7.959044735847216,4.690909756940317,0.8376688731347276,273.3307280068854,0.27638815219699264,0.026204301273694348
77550,-6.524105077315411,-6.789740959264515,2.882474234991115,0.9842363440722811,468.31670839958383,0.5045187583307946,0.026220705833439283
77551,-3.4544171734309277,-7.644244649112915,3.4254665979447707,0.8454254009006391,467.89647489787177,0.4042106226854605,0.026221249364183647
77552,-5.4194048720031756,-7.4416877160507235,3.129518367933236,1.8474859292897647,469.05728854673424,0.6364735313444783,0.02622718388825776
77553,-7.5626112063551965,-10.482865985969921,0.8506477992810838,1.1030313876456024,286.82850454009,1.4713617551520235,0.02623143051738903
77554,-6.706984665186401,-6.505527251436103,2.913829136678243,1.0703634552270718,217.36392375428477,0.0584356902854859,0.02623368459016064
77555,-3.1078561376948066,-10.433031285593056,2.5793296311174347,1.7448800443615893,467.5940443433624,0.6973509848456318,0.02623378109681139
77556,-6.236192847629359,-10.385475320321143,2.6765693128352055,0.8145248196190148,199.50978739604315,1.0716248423439696,0.026241961705317358
77557,-3.683467942820066,-11.845332731769801,1.310579462523082,1.3746717305958742,468.3917041451705,0.5333681699600792,0.026248604215378824
77558,-7.017810361678224,-5.48691093375283,2.636070139208544,1.471482059859647,341.1455359375331,1.8027324031711816,0.026249452698950567
77559,-7.829549735044653,-9.326404661600687,1.9106704304214095,0.7096585855004686,217.79869215937498,0.7476553556288126,0.02625386139271263
77560,-3.166228455384915,-10.16459056372426,2.8089285217932436,1.8748911035004656,469.8989629994282,0.06934518936726253,0.026255557807500135
77561,-7.995156426317794,-6.81946828933656,4.885330493829977,2.851443556051652,384.262919145572,0.06706171733793731,0.026257956941389986
77562,-7.998488202473032,-6.681713954178269,4.91040833887334,0.7426437535834662,468.49421518370207,0.2618887741929168,0.026259235941428625
77563,-5.023720916877137,-7.522509210112174,3.146776239486586,4.918841836616445,597.1230443689616,0.25331534261232846,0.02626993896165165
77564,-2.8329062607564373,-8.174440319552417,1.3570115741855362,2.5346922345313607,457.2207132459559,1.4122626621112655,0.02627231667856886
77565,-6.139371979708718,-10.822037777280308,1.9531279282494547,3.5837663420404304,533.7396548066048,0.6000554947686441,0.026273166720113622
77566,-8.16275335404788,-6.667976051529809,4.677559524829654,0.947744690700574,247.96610503701817,1.2824627340156676,0.026285441955913504
77567,-5.806648652206395,-9.667797588881125,3.423772552222214,5.001615044478014,622.2609925721734,0.599664410438348,0.026286186973791398
77568,-7.8885237139707165,-8.788367487736885,2.7588365387041605,1.8118737288787625,384.7620743167674,0.7019010038737727,0.026291148661798155
77569,-4.187473300782013,-12.612729455263432,1.227846429086232,2.5602993764302235,458.1950574309157,1.2289336029292581,0.026293940811356904
77570,-6.9975712833591865,-6.499441233986653,1.3119115645570076,1.365121045292619,304.74164169263435,0.7192285777054837,0.02629624015623825
77571,-3.5323422062637366,-7.670613286402633,3.7096652534138204,2.106552771889843,415.37885026354354,1.661665148663979,0.02629942659201925
77572,-2.781113331365674,-11.165653803341884,2.279499122662761,1.2431744787445151,300.71882592113946,0.1787735151517147,0.0263015618603345
77573,-8.258165787580204,-5.375927404510191,4.409599058302536,1.3865439015240417,307.52609650488955,0.9775378147883176,0.02630237703263723
77574,-4.605730093202701,-7.724688576145888,2.2092552368385223,1.644313053999316,468.5017380197665,0.616696122511394,0.026308214802434123
77575,-3.178793022221063,-12.064583280233938,1.2886657412618183,1.6847099036687934,396.62726000477386,0.33851919868842817,0.026308764018222835
77576,-3.6065204357037377,-7.776155751173173,2.2259099577468064,0.7621549794033546,464.50038632972297,0.37390363502144464,0.026313742219530815
77577,-4.578752700811313,-10.631124594450442,2.2132308210560723,1.8909969048671373,469.44228681865064,0.13664250829267655,0.026315505972720726
77578,-8.878873016656176,-6.249808079872625,2.9255113996416724,1.1504032587457311,254.3563096882484,0.12402545722388769,0.02631988962934327
77579,-3.2546641491289785,-12.485176928332493,1.242643648784196,1.246618793856433,275.69332809124114,0.09497265906661134,0.02633466293330423
77580,-5.544410466741548,-10.75978868810431,2.132745603203504,6.214807829350243,679.654329441874,0.5532337510683076,0.026337142788241074
77581,-8.42010359317276,-6.708276583514645,0.47216200857210555,2.7831606471582315,480.6139491163855,1.462114526521204,0.026341974694812916
77582,-4.423849861733853,-7.701279767695531,4.168281481264245,0.9537341910212734,143.43057465463983,0.2546747731024075,0.026342931445956688
77583,-5.519577291845977,-8.832513161333004,4.338986063739773,5.087134455908501,622.3832734367559,0.36425514610125465,0.02634392962522291
77584,-6.4892625373113075,-7.073504722866853,1.9789731960057266,1.26235458504568,468.0044982893183,0.43260130002503594,0.026345860507727515
77585,-4.94056902426485,-10.653648276212802,2.258121763663132,1.6055175942242348,468.50159315923327,0.667754776775582,0.026348733104867503
77586,-5.266251046220114,-7.519491416853424,2.701721660215171,1.2258930043263863,311.86454969305703,0.4237141050543123,0.02635176289806191
77587,-8.208014947288747,-8.611635641355083,2.112956646642537,1.0821713581537975,281.73863879111695,0.5347904166541175,0.026364311395735293
77588,-5.095835744025502,-7.507453063600812,3.428195042194541,1.1088136793334844,468.0777602693237,0.8792100337870226,0.026367423825038244
77589,-7.128271252831347,-5.765879922665536,1.1703668494278126,1.5354407037468643,363.9170664259238,0.5740356548578287,0.026368754648487265
77590,-4.983119617909622,-10.21668315497137,2.764806700810572,1.5036168096575708,468.9111877273201,0.642449492712263,0.026368993884861924
77591,-5.65773545563968,-9.68391065437077,3.393937940439837,0.7489174833928333,177.92370269040774,0.47851092510871585,0.026369629159815056
77592,-3.8312004258270695,-7.685462625710076,2.644232218314423,0.946190828501112,250.086085556011,0.5046140309511342,0.026371198320763945
77593,-6.023254803972883,-10.810181898215369,1.853175863384683,0.7945955867943835,206.0346006245688,1.077474785998902,0.026379684509130495
77594,-4.970942828292243,-8.563291381544696,0.3975932122242211,1.400397814484959,327.28661579389336,0.9020861387643366,0.026382255192465252
77595,-4.594752453153844,-8.30985313115471,4.6621076147041,1.9547198364602991,297.7693972179649,0.5275512367671054,0.02638235175725616
77596,-2.4979320270476366,-12.580312136762403,2.8843435248692373,1.0590160600857401,275.0353850918702,1.1469805970074765,0.02639266847651803
77597,-3.909715142970061,-12.239068034802159,1.2580721180402477,0.8113673812515795,170.39166033098928,0.23454244246164357,0.02640935342107384
77598,-5.714814893592784,-8.25511977792885,4.894786856099393,2.1818378251483175,189.07476623487457,0.4337395375646196,0.026415923869081648
77599,-4.691381803725346,-9.506523501324917,3.4958027099538183,1.0244800751970282,272.53181854728143,0.9578579036665884,0.0264183163934694
77600,-3.0741849730522484,-9.109439795205674,4.025980786213172,1.883516540173701,452.46507750449575,0.529488866539479,0.026418862481115815
77601,-4.172541228704953,-12.603001326444298,1.2274243319172737,1.031268942059129,145.9230233470712,0.38956549975357735,0.026420507149006456
77602,-6.932479271200169,-6.0575521610562655,3.72186634647275,2.4471638135611826,452.2743541316294,2.04132005511942,0.02642311901113555
77603,-6.836188895214038,-9.194871585242334,3.780511170314984,5.274159715991423,447.2144306679342,0.03231836755914941,0.026425008731850448
77604,-2.865619262913248,-8.847246631257846,0.35672079052250094,2.122727131382384,274.4330448521223,0.06964693904721919,0.026430040238568053
77605,-5.3498594996956905,-8.171867200105694,0.7925175815579076,0.879834971515552,234.19080528183187,1.148381623136527,0.026433225464717793
77606,-4.28359104667977,-7.848172998246746,1.901363482030444,1.4678105466234674,337.00430666876986,0.23546784588423098,0.026433887416974267
77607,-5.811737626522081,-7.463833354309897,4.548689726172075,0.9239379654092366,197.13907508406157,0.03788946238979474,0.026434756101119256
77608,-7.275387737962147,-8.046673354665664,4.8137829303135,1.1094743075126339,467.82269028012803,0.5924859198246137,0.026436951624819613
77609,-4.2717962190121685,-9.256677842840858,3.7495845444608307,1.698586978303823,468.60955208125944,0.8852322502767951,0.026437180168681348
77610,-2.30444131246328,-12.57034459625773,1.276922830493083,1.5660381950725812,468.688388330969,0.21859630102016592,0.026440859304445445
77611,-4.226859361907977,-8.635090857125244,4.392633942489261,1.099491874973812,466.93048964643543,0.5936774675791971,0.026443974329279033
77612,-3.390252250473856,-8.866114179978034,4.141580799428594,1.3428507185216059,193.8564505383399,0.15403579788337662,0.026444102785381677
77613,-3.9670773448619103,-10.262646158849414,2.6627337849648436,0.8723791890669809,187.39279042124974,0.02928882362592322,0.02644612663444278
77614,-4.431323841317441,-12.553146798912731,1.2296703748230902,0.8557787242802025,172.43422547261648,0.09415229784397283,0.02646134746587139
77615,-6.912997422132581,-6.3791020753615895,4.325750743266133,1.1396113000930153,292.0491115811928,1.1647163986479745,0.02646227930833301
77616,-4.936329580045628,-8.501707024251967,4.573342638311215,1.8457752450841796,468.4317062873367,0.3271607183666063,0.02646404221557687
77617,-8.93679501754263,-6.1347132555358215,1.1467503322528898,1.2888933012466184,292.3904910797857,0.12458325918305757,0.02646590780054901
77618,-3.4210602048876018,-10.716991840720642,1.7636691994259863,1.181610952261249,193.4235414720317,0.1302902357589577,0.02646683607795703
77619,-6.7501310003372925,-6.401355954431916,3.2288839720176346,0.9317150223266075,467.386179796933,0.2980833442185151,0.026473495162226128
77620,-2.7950689124312413,-10.370654894169942,3.2541447957183034,1.2846695892521862,468.5306662961663,0.6678935014776277,0.026475997397837157
77621,-4.914798243369715,-7.541100298068753,3.520092372170203,1.52998087928232,468.29990130210774,0.31424314943128273,0.026476328069264258
77622,-6.471992728685414,-6.890856289136003,2.6553141894266434,0.9923648876150235,196.8512901837605,0.6496596801573729,0.02647933114417708
77623,-7.040793456530721,-5.387467647451933,2.9586352540763423,0.8491227903408334,182.35192755298564,0.8651468669132116,0.026483195900295728
77624,-7.095906491675912,-10.566158691593238,1.3990737761769583,2.7136594433048042,476.75524332564737,2.089681530417475,0.026486497695514727
77625,-4.8927906901907745,-8.679342476407163,4.417421489550993,1.1187310571095515,289.04800822654533,1.1907650765047757,0.026499385935610045
77626,-5.1735195190737695,-9.030485902369884,4.072882137084161,1.5115300808692311,359.8542358508896,0.5848370783682482,0.02650218391162633
77627,-8.855118451222186,-5.920115311602513,3.026247052701013,1.1164929425169434,188.47299584261987,0.06260785439173056,0.026502402719069947
77628,-5.188477086745029,-12.896083936610614,1.1951505173255568,1.6147298518150848,380.87768072578797,0.5716192387767212,0.026504856698590738
77629,-6.02806687674704,-7.817029429521045,1.0803865886016295,4.858176737387489,615.4796762374673,0.6459547568448043,0.026508012404301742
77630,-6.16613974863795,-7.490430345166218,4.966154705631863,0.7611226061997807,222.2261357616294,1.144361438008299,0.026509579611088244
77631,-5.135387242637627,-9.563404562799832,3.4758096985458065,15.330934517908709,597.8877636790941,0.058069169042697766,0.02651658624715452
77632,-7.059551606002176,-9.633919340191982,3.0541194351275838,1.7589128874104891,467.6010480906226,0.05888508921450608,0.02652955895866873
77633,-4.832403081832463,-8.033960101800272,4.730184398325807,1.0958308333156137,279.58122475713026,1.7980850958500758,0.026530786817501293
77634,-5.10784061153033,-12.985771809609561,1.1922671427292464,1.4471257638449886,469.03934542059574,0.6002802818908384,0.026532199371608434
77635,-8.207422845518966,-6.648057098587492,4.604330971216338,1.0422283495727012,278.04987157128795,0.9912499086242708,0.026549085789918807
77636,-5.584143060573311,-10.723805814515044,2.2386544508132364,1.8273898606437746,468.0288588698304,0.2540458408430366,0.02655286138981041
77637,-7.868072331323848,-6.994323936508751,4.9782838899087185,0.5932605333388777,123.99733409873697,0.5450848046803349,0.026556843843614952
77638,-6.266820355962808,-7.475941113557113,5.030241328723757,0.7550249139227999,155.68555431602033,0.973020981242434,0.02655724619926335
77639,-5.817949649014737,-8.949633477605138,4.23853486787573,1.1051336982208955,292.9142569004884,0.48890024915009445,0.026559982971053955
77640,-6.947822283838958,-5.920416868441124,2.3820665753606702,0.8081466363326284,175.536038956993,1.1116045877767586,0.026561598897848544
77641,-4.959470923447771,-7.581810266511234,2.7830775037649853,1.988377718652052,272.581792572279,0.06480180291912507,0.02656397405137241
77642,-3.930809021657775,-8.765239119796938,0.27811773381204496,1.107496313801637,467.79355647099914,0.34639706590655717,0.02657140165892025
77643,-6.763704672172871,-6.599044879192741,2.122118038434446,1.050320183985654,302.79510745316674,0.06140731978541769,0.026574896153578106
77644,-3.6621965136824954,-8.178859202719421,4.617914170059148,1.5018220754060583,347.3449513354007,0.2567632156598565,0.02658014490524768
77645,-7.659856643783307,-5.058061571498192,4.753054487613164,2.439886064160079,450.31686557038324,1.8166526758197312,0.026587157980280402
77646,-3.0085556945408287,-10.76528648606077,1.8334558214242571,0.8745227272707925,204.9856350209669,1.0397141263976382,0.026589134315920634
77647,-7.89754118694391,-9.210714356932762,1.909703358880361,1.8248098572065423,467.67608973493304,0.4557651023963549,0.026591502790464204
77648,-3.864576933700585,-9.873606645054673,3.0589840933498262,1.33626200362954,319.0146598426733,1.276070253934237,0.026594919308859072
77649,-7.680172948758477,-10.021458053868768,1.1044574545014194,1.0520320788318547,250.30877242894312,0.2652840557558678,0.026596144149345195
77650,-2.870451915212411,-8.349221460690988,4.345220139620342,1.1096247625976414,290.61459359589634,0.4109549509567403,0.026602316319994365
77651,-5.55003719975738,-7.439049147226322,2.7780448241266287,1.4536105864258,322.0966803383102,0.228610448024404,0.026607849861462942
77652,-7.076216134357471,-6.179668208925443,4.515053105446127,1.6691647536679375,467.9150752626477,0.6188213652222254,0.026609754381788937
77653,-7.310684920952483,-5.79708886981935,4.68881759175199,1.766234207296628,179.07170927431548,0.2604438533981819,0.0266110050230542
77654,-5.898506472496122,-8.148710373807244,4.996372464962795,1.7579503120090667,468.7299826989359,0.864984155930224,0.026612305642655678
77655,-6.278766532836015,-8.304507710534509,4.948579863447346,1.240742788494668,234.60769551307018,0.016655525938604754,0.02661306148319394
77656,-3.9837702941894593,-9.769964813676376,3.1736216426559865,1.0171105143721353,468.4737439696128,0.5468974714157477,0.02661580348186431
77657,-7.114770570700047,-5.96331867332207,1.2123537182755166,1.4214937245348656,467.84404596720543,0.022297924020267423,0.026616753343340467
77658,-4.541980630252925,-10.245875386662181,2.6923962579672693,1.053041698637879,284.379440389293,1.0005593532648644,0.026619053570264648
77659,-6.802682701590816,-6.7348506813358915,1.7880742976963346,1.8058167127151459,468.0242436017507,0.37902615844090537,0.0266203495854213
77660,-7.39316175529097,-5.853665299445745,4.840652155913345,1.5665135210921546,303.99672880847424,0.20237160522478082,0.02662047997946243
77661,-6.979273840181595,-5.835103560748944,3.517511000716879,1.1968125746275045,249.7339704137619,0.16267726116492387,0.026621767991543054
77662,-5.318323389674973,-9.25983915638237,3.8280237112170976,2.5230847047865246,460.1060190387779,2.3641779552508675,0.026621944332882445
77663,-5.468371103693235,-8.087199263933574,4.901933702096976,3.228394445544848,516.1991188277149,1.2545069145888172,0.026623040730202698
77664,-7.10561435839188,-6.301198044755603,4.726297228062533,1.3490000474573771,289.6141211190473,0.6810037487781395,0.02662355304430938
77665,-8.943818227001017,-6.030372995351456,1.423009954634648,1.1241406340413311,269.5721464766954,0.8823950224351504,0.026629985016818975
77666,-6.110332313757684,-10.662821839833287,2.361625221906804,1.5883264144858316,365.48624098662634,0.18619258230302282,0.02663095009477666
77667,-7.213135562175619,-5.494563799104758,4.264697844292134,1.744946330381363,468.36496452712936,0.2562741935460622,0.026632925638386023
77668,-7.079811940273525,-5.227227733767482,2.18936862587936,0.7660610489242048,467.8011562748436,0.26705273817672825,0.026633593030075325
77669,-6.747859518386214,-8.310641181697047,4.873124484139295,0.9128998926720855,253.2481598306634,0.8786453459873709,0.026633985459650913
77670,-6.004782587882323,-8.42817644799094,4.811847366827123,1.0253442403872077,160.83552942377943,0.18238071173937342,0.026648264507002407
77671,-5.127869666201975,-7.511750076677902,3.6858399179123134,0.6850661252639403,434.91526049809136,0.39961874829947774,0.026651401545268058
77672,-3.083521888395767,-8.58277376038589,0.5246732836835016,1.5683023660975326,355.98418555715307,1.0390425017042384,0.026659888066985573
77673,-6.6769404757689195,-8.15747393251883,5.03701447311712,0.8916710314366756,243.2930823657916,1.181129837123061,0.026659957228720513
77674,-2.6591347781585304,-11.661418495499314,2.895400551460501,0.8895988198096015,137.4670579342888,0.22516054599620272,0.026667637645779764
77675,-2.630335948669204,-12.572654764230865,2.4079652278181833,0.7730845917536279,155.18381180548585,0.12720101865641187,0.02666780240906439
77676,-2.927356417458692,-9.283795686758237,4.0342347155594664,1.1035559674127287,468.02703434128364,0.8634576045445597,0.026673196650277294
77677,-6.218068833566228,-7.60922166990914,1.3307601988212718,1.5904873642133088,468.31328729597755,0.5363059058610347,0.026676982497795064
77678,-7.1416089635738675,-5.28363476433388,3.7588854294856553,1.2671968692303126,423.00344982999906,0.499770990484941,0.026677981757369428
77679,-6.978864171588217,-6.635776064941885,4.843007879344571,1.148546104840733,467.87987696372716,0.2819245834525512,0.0266780844356804
77680,-7.0580013135590045,-6.517347423606902,0.9621748893309927,1.6997296710746095,468.81430996647146,0.9231606044865295,0.02669254432962429
77681,-7.033659658356295,-5.412216458925657,2.469664824964897,1.6274196224409754,381.64128784143435,0.5756799569854012,0.026702671848926426
77682,-3.90826251944119,-7.763308750360064,4.237715407280106,2.7832507398759527,469.87948045755667,0.601967295776574,0.026704165313200877
77683,-7.900280600938272,-5.155510150495003,4.740677469263397,1.560188498605767,361.00204511137076,0.8666690191332789,0.026705907614071166
77684,-3.83193289383136,-8.38650801238498,0.6755024733885999,0.998563977817435,163.04647511708325,0.21340249214205453,0.026712334317104756
77685,-3.466016476988644,-8.845033518313468,4.165667264253758,1.255522123085084,168.54371174400777,0.2062227095818603,0.026714243778951596
77686,-7.535522258417843,-9.323043158671476,2.7086173166130942,2.437846512450386,439.8480610390821,0.265633634952982,0.026719526273236472
77687,-8.399729239663706,-6.833360900952773,4.17917928722803,0.8569228688419578,468.3474498850232,0.5164451100193794,0.02673207727961036
77688,-5.141204675626247,-7.848097499320345,1.6505574102038818,1.6343771768119162,382.97301507872515,0.8855565951466575,0.02673287632446462
77689,-6.866674488543498,-7.581030161533962,0.5983025986416953,0.8065879123580909,238.0414852967048,1.1503395598119157,0.026738469604977177
77690,-3.9196078459635455,-7.884562915127518,4.4675825748933535,0.9096071354646703,468.8409664863395,0.535685346331678,0.02674162305183174
77691,-5.314123786149372,-9.468203749515968,3.5919843613617646,1.3038943005061632,279.6252433123434,0.3534784393985895,0.02674357222462822
77692,-6.063753940843022,-7.612222106585573,1.5241876079862124,4.288404941838637,587.2798871197109,1.0154485342993915,0.02674570678525828
77693,-5.446844021168039,-12.417595159888887,1.2152684575067418,1.1243573405927476,467.579034964079,0.24319642207396974,0.026746595598521654
77694,-3.3845681345167655,-7.855349989039483,4.383591717410123,2.12748268192927,417.3448545845078,1.648842602601741,0.026754710151316804
77695,-4.988711124796401,-8.857073359261275,4.23247317986132,1.4620599401837608,333.7195502586479,0.703704464950694,0.026756517597829734
77696,-2.914129269371724,-9.77810736881201,3.5205835772254246,1.4626920086919242,336.8259504377419,0.6774845622376615,0.02675719529277082
77697,-7.116676609224873,-8.663717579839988,4.220938312287391,1.6439709240288394,347.38899169673596,0.3533020443927599,0.026760185433950534
77698,-4.371407697716401,-10.746252318592616,1.7390530837881248,1.7175913466590707,468.61064489224174,0.3954238884906891,0.026770124765614463
77699,-4.939293731588896,-10.063568712478467,2.911753974237615,1.7915180445993217,468.58320432377246,0.26773073214761123,0.0267701705234552
77700,-4.092979244260163,-8.507164665159351,4.480729925938033,1.548046082973517,365.81424609354303,0.5629913892899543,0.026770881207130903
77701,-4.76218333169329,-9.634903122451167,3.3588364863754636,1.3471509022877093,321.9060595567374,0.6658877945193256,0.0267739591952992
77702,-6.6394026591096305,-10.705845163494327,1.760428941534644,1.1663505602275013,468.2157932886455,0.20072476433587827,0.026774374969812106
77703,-2.6382918660718513,-12.01056099225114,2.2130814284012335,1.8842362825098655,468.3016501780875,0.5901040564311035,0.026779134321989886
77704,-4.255299113579031,-9.879534586160299,3.0697101849002353,1.5363965158098165,346.93115886671876,1.6607737174339299,0.026779824500653665
77705,-4.911298134480565,-8.59288075495751,4.492181201411807,0.8343981875442316,173.9297807666737,0.7234923348707634,0.026783300890205246
77706,-7.524063505886396,-5.295621217547298,4.7246715071899175,1.2220072643019277,311.02499945302844,0.512630601743572,0.02678374362616091
77707,-6.509868320911054,-9.544125477691418,3.508899960904699,1.7512881148167285,467.47350887368435,0.3574108807102112,0.02678866921356315
77708,-7.634635372383194,-9.723930346094681,1.6512300378745086,1.224815856494665,308.6551605181553,1.6165820995161537,0.026788790385688915
77709,-8.965534561831957,-5.487836308190094,2.3043609027811174,0.5886175159679031,180.5997273671257,1.2721692520373367,0.02679282994261786
77710,-8.088957801935484,-6.186080083377311,4.777533802746531,1.4177947091123142,361.1916642444939,0.3663468798062608,0.02679360429437202
77711,-7.063721295290463,-5.1062948174386715,2.6788960162468474,1.0645719719028752,278.79294935461,1.2204282023052384,0.02679622850585253
77712,-4.7663640119525805,-8.96134903202548,4.10732572656067,0.8450951440017535,188.63562955766142,1.1443867390071176,0.026796364488177175
77713,-6.812973462531911,-10.345519724694384,2.4515829768992017,1.147675076809728,294.84511852003374,1.2801133651433592,0.026796674466319486
77714,-3.2596535953475714,-11.63949938378354,1.3488906947343478,1.1309318036160019,468.4088713301326,0.2792947304796334,0.026803129879234708
77715,-8.411516765519492,-6.4729092989215875,4.245845454479619,0.8139950269266106,468.51913420802373,0.01601687147181341,0.02681123743603879
77716,-4.373343451572258,-7.9783974575242596,1.5319687100952832,9.043442671158594,771.0027437846296,0.40564948200722384,0.026815918777879377
77717,-5.041111111449133,-10.004570740869667,2.9850245516574176,1.8539525488766475,468.6011977588186,0.49680446880937357,0.02681750611255283
77718,-3.9507691350236236,-7.645075284365347,3.4184776806728747,1.1331920900072505,295.79899089808583,0.8179069612156393,0.0268175361493332
77719,-8.006348771316889,-5.459944810655524,4.720650432945917,0.8671908857023564,141.07573230632553,0.24106415614590304,0.02682701314885034
77720,-2.6507638581916204,-12.39737323664769,2.7861724917026334,1.2854270549785127,313.36460342935936,0.5347243126231316,0.026831796300055895
77721,-6.1313950630265195,-9.110801130071032,4.058295019079998,1.1055378137942793,467.2023860145418,0.33710810733589813,0.026835888147956222
77722,-7.7296795253417,-9.768051039448794,0.5329916352647464,1.1447923799074415,204.1230997341521,0.11669361432234737,0.026838733764396577
77723,-4.4257039075862075,-10.685661227671421,1.8858972571046233,1.4643932674231723,339.71390878544145,1.3053274256940268,0.02684725645312257
77724,-8.505594836963551,-5.084922041826398,3.9190154627120712,1.0495913203308922,277.7550827601272,1.3330689181001345,0.026848828736906
77725,-4.316151262768029,-10.844227143707624,1.6189399650536185,1.6373518287834996,383.102206480073,0.028396586960089287,0.026851783470908653
77726,-5.772401280839368,-10.09508319227979,2.9493669451772693,0.5131157982823412,122.72713910320161,0.2406078445124047,0.026852048719670025
77727,-4.709120755502376,-7.7970202791294065,4.492344772097761,1.7883231620801985,467.65127749765026,0.29510121069076867,0.026861176621718837
77728,-5.453015292226441,-10.674699987329848,2.272923037307354,1.760583350944592,417.1848900765367,0.5979030832190064,0.026864372599686263
77729,-3.9090795739258954,-10.656649869003605,1.9059911498205295,5.486638243721307,645.7795355529238,0.47689651335960637,0.026872192476442878
77730,-3.4677963471995916,-8.039068372754155,4.565646091238232,1.7548851328974957,418.5687407334928,0.37697580149226706,0.02687436989527583
77731,-4.409315152976877,-9.071478827180538,3.95962983628171,0.919117841890386,468.9661661069394,0.10981571861993888,0.02687882882067113
77732,-6.725793631387889,-10.682989901796537,1.6097439065817725,0.9900578489333818,253.05504185999266,0.9769529515492508,0.026887035706635795
77733,-8.464247442615466,-8.144897600384308,0.7353049369817001,0.9862222715997567,467.4025079583928,0.4469003482235854,0.0268878828235471
77734,-8.073681026362546,-5.110073786662447,4.587497568585009,0.9732747309220827,468.2208896901885,0.8450003534762489,0.026889437293746144
77735,-6.961777753806562,-11.156875558324252,1.1819037509882637,0.8922275019310115,178.53192605560068,0.1897628075019071,0.02688966375215132
77736,-6.999029526015344,-12.585905751699997,0.8511797732236381,0.9318623766589071,256.62801534204743,1.4903077016818242,0.026890810230686717
77737,-6.853076755119753,-6.4551127921094515,4.235328941473318,1.8139095606231426,433.85211590988234,0.36721695849397396,0.02689253463076457
77738,-2.643399228399387,-9.312091155584717,3.9842164044420394,0.7908467012546171,469.19601441724535,0.14847862831199077,0.026895008682965852
77739,-5.978730986760659,-10.147010507096274,2.9060575052831767,1.0403418976643708,272.2666509861858,1.578812744450504,0.02689862744333664
77740,-4.795838349984075,-9.806780872179733,3.167496028494734,1.5892478821026763,371.6789945697346,0.6126297978063437,0.02690256495997963
77741,-7.307674919201016,-10.126868336166035,1.859882212882525,1.0571190872565146,467.66298663283203,0.5646634985755616,0.026906285775192367
77742,-6.468666610706352,-7.030463867016934,2.1926716486253572,1.061421639363382,468.0332265006832,0.38285859297019,0.02691086528437926
77743,-6.449344355486376,-7.490019274908623,1.24597874003583,0.880158306876094,470.2095104332248,0.052100560942862195,0.02691159093680862
77744,-2.4376393324660466,-9.654160300228632,1.1906264956180654,1.5889240590123608,350.6285938858177,1.351018196711224,0.02691534585829644
77745,-6.291145476510536,-8.510731568532297,4.742834731233917,1.600246227904466,373.9116971426679,0.5028945436198589,0.026926625992768606
77746,-7.377532822703792,-7.5122688497079855,0.2756821001894651,1.2953362101852102,313.9808897837548,0.5389683103083183,0.026939943250104993
77747,-6.618156269628487,-10.09789962259983,2.856418025873184,0.9705665654702061,267.8379024767985,1.3630807071933964,0.026945676263293677
77748,-5.074338139897916,-8.200867235382898,0.8350208820108798,0.9662472869289003,187.60600569589732,0.013864837126186025,0.026946022193317005
77749,-2.784435101509894,-8.985829909394106,4.385274486969037,1.846424321412709,467.43713243680486,0.8074669827044003,0.026946250991901993
77750,-7.461604353891858,-5.951284954603871,4.948515635555884,0.9496199116907668,248.96746631850627,1.321515414599073,0.026947832556279087
77751,-7.99826813209227,-9.413310666710183,0.7940421307416494,0.6968672282467677,193.65569722371362,1.1272914611687375,0.026952846045318595
77752,-3.1232618702166492,-10.616422585610769,2.188633029771523,0.913000435782924,200.88766758539634,0.00687180143438848,0.026953775818319054
77753,-4.132270774413582,-12.695278770722792,1.215622131133128,1.321934270396532,235.77804717945872,0.037642585553522956,0.026957919140250218
77754,-7.218757248027682,-11.737327867575374,0.5639026175169438,1.4946430212412607,339.28651031544223,0.18737323392875904,0.02695980324434836
77755,-6.471179279838708,-7.118719608692238,4.691024230214065,0.9248562878820247,179.88550929252048,0.3570525675729046,0.02696047262403008
77756,-6.161799582194812,-7.146350638356224,2.8200905536715117,1.3261896570466283,291.3415580044719,0.13297386406701595,0.02696427660776215
77757,-4.42305837179244,-8.192522925680255,0.9557205411045616,2.823519774465841,478.3298198483334,0.9058893240531152,0.02696729622560912
77758,-4.062008480161601,-7.6331059400225865,3.2492546452793385,3.939038937610685,561.5786850050157,0.7159168079559253,0.026970222868865457
77759,-7.878604045032743,-9.707102063361887,0.8893098091744513,1.0377701069501433,405.535563115587,0.798043882422574,0.026971056719740545
77760,-4.895750956669951,-11.28727999802367,1.417513284839564,0.8778599964946474,230.62262469730828,0.3622914409318785,0.026972455741421517
77761,-7.749633542189187,-8.724584231295578,0.46716603716185806,2.0139372496578165,389.53046342048117,0.6997782800541534,0.026975186533922998
77762,-6.927007806888486,-5.955693715750962,2.7334296199807415,0.8122843819772917,129.44324181483415,0.3037607084664078,0.026977805357582152
77763,-3.711235424361422,-9.162586579232624,3.821143735176888,0.9182903955326218,256.8417086624817,1.419270525278014,0.026979765040782522
77764,-3.7746163674076163,-8.516499027137668,4.457748950792493,0.5766839366667963,122.07256844932178,0.8542750195833344,0.0269835538901651
77765,-6.718017065894674,-10.33955294948953,2.532168885285102,3.3882729248503147,515.7247170502585,0.5191682622570779,0.02698958170611988
77766,-2.750591188898327,-8.25091409685798,1.5245673924481271,1.7610926408540062,416.6708291757215,0.32791278301825866,0.02699263036764296
77767,-3.3893776588362465,-9.30774386026783,3.655504858675572,1.779010096634751,377.72235745942345,1.2035649932769346,0.026996030100022016
77768,-6.114724176078145,-7.2138911075842564,2.6577661899262055,0.8253509719625624,469.6362989745764,0.24129626867448106,0.02699729522801342
77769,-3.430258160080186,-10.519784103807261,2.2976553205932166,0.9471575995916119,469.5995532993576,0.12068151106899538,0.02699941799379539
77770,-7.019064982234996,-5.531783497285257,2.712209580752184,2.100573407836287,414.38438266959236,1.5323667902389682,0.027001309549427165
77771,-7.874732041733666,-6.407224320357176,5.033131164327917,1.907789240538216,386.1480668454893,0.9566334500751568,0.027006857466622014
77772,-4.890180698791616,-8.229286831966975,4.719441808679708,1.117918478444416,294.8619079674858,0.7718519562516031,0.02700713514183722
77773,-6.490852936220447,-6.8536453234663695,2.780781765377,0.873712415856683,469.4886004222874,0.18977332942735092,0.027008206738858995
77774,-6.287621579965904,-7.567539000701882,5.107529347259352,2.1689836349827623,329.9797881485182,0.05762664034656595,0.027016531630289713
77775,-6.475397721799285,-10.750920454403111,1.8698100510904845,1.8698436351753238,449.5471997955238,0.1081580774038704,0.027017666701123533
77776,-6.661430250776638,-6.78997873091512,2.150964749921589,2.8921513714453906,491.1198810352222,1.6622115929706824,0.02702231828550507
77777,-4.992232417539142,-8.3291838298498,4.692531622228385,0.8430191773386819,197.81121177625883,0.3477397073832078,0.02702756394453165
77778,-4.3139210344166905,-10.567727188334478,2.2737257869400382,23.38927957824896,745.6540872512446,0.08632312801378017,0.02703585184942188
77779,-4.980138861430677,-11.75898769209141,1.3109307355513302,1.3773697829560192,329.1181903866671,0.4194451259229277,0.02703726429850259
77780,-5.979712248938698,-12.271150236978622,1.1932753265979155,1.1809137807770897,468.0310532786966,0.18569429765869305,0.027039810102230263
77781,-2.633606478954648,-8.539818167823626,2.062461013187742,1.2616065956656648,315.5590093291246,0.5073214196421034,0.02704274510353409
77782,-3.270101390210506,-8.040979150059721,4.558050028999451,1.6478990291834714,385.36428188038667,0.9429240848891336,0.0270469333611199
77783,-7.488215040186038,-5.6462041672398975,0.27971843336053515,1.4160849251117036,316.8128380909099,0.534977072095157,0.027048275609741497
77784,-8.085548262177916,-6.477642499245911,4.792613282343286,0.9162893866068204,468.1656971025574,0.1448130081083141,0.027054109232628017
77785,-7.064990511481852,-6.539003879140013,4.884383577155447,0.7929572876897281,467.8938964452663,0.36891902338212734,0.027054493936193316
77786,-3.266466018556544,-8.403974810204481,4.525692207661863,2.52547000174795,459.7514657386005,2.0561147929638937,0.027059514750324344
77787,-4.876420127626319,-7.55259240111738,3.3093862818225954,1.4233446321881233,336.21762562801933,0.3414908191890058,0.027061203870051648
77788,-3.3220094735176087,-8.978250452375956,0.15414587029431004,0.9211013126970693,200.54000616623006,0.8090832268314587,0.0270641540436713
77789,-3.0274660559249345,-7.826502203148552,2.837904014875151,0.9786441983832543,459.23061292286576,0.22417059433820885,0.027065037096986832
77790,-4.029466180493411,-12.329146236928976,1.2438695345276085,0.8978469570525518,468.2304944605896,0.7691073999689673,0.02708136773286496
77791,-8.697295390916086,-7.2548308750247,0.7347527100648711,1.8480474717365494,467.946949812662,0.026229392316954758,0.02708399871352408
77792,-2.4801232984422663,-12.178468017679528,2.750944239898795,0.832029872748999,168.20479282591924,0.10556544720201888,0.027084087907762212
77793,-6.402624369628375,-9.70863539469616,3.343347538625703,1.8525058850900493,383.62457210998843,1.2971443731406964,0.027085556575247482
77794,-4.041709725293023,-10.547660621845418,2.266996475368723,1.1365943086296157,283.63314135075024,0.8351721122786007,0.02708641875034271
77795,-3.487023506712374,-8.713196161308108,4.285276920678211,1.522227843623202,346.0525408230962,1.7148912515473897,0.027092820394678505
77796,-2.7204631659377467,-8.383018706749947,2.9693636766694715,0.7659629000680768,147.34223044150488,0.01678334963341932,0.027094029786042098
77797,-5.512159661540508,-10.148040910415212,2.8696558127486655,1.0216406800946873,279.50312781307935,1.2189234150481765,0.02709514064659265
77798,-8.406336384198045,-5.021037326217047,4.096395302718963,0.9209645310275361,467.6909512066055,0.8905061199387525,0.027103839501438645
77799,-7.667340997224782,-8.178420874902205,4.15085419723508,1.7756677084622403,421.20967130562536,0.41274100418499327,0.027106407715649938
77800,-7.069808299050468,-5.136451867736008,2.8627302893461755,1.6722016612634036,393.67561552011585,0.9325137806757686,0.02711782879988362
77801,-4.889602459569373,-10.66887438680942,2.082014813057862,0.6809053212067443,468.9964342340609,0.39271984554516326,0.027119845012902394
77802,-8.644116713425367,-6.742150322165176,3.6198740763933475,3.0052159248639003,481.8851161713975,0.38450085169810766,0.027122049005589396
77803,-8.535875697569205,-5.077568056005707,0.4540166057752844,0.8365405644784445,468.00283825109557,0.5347888719839577,0.02712669658504987
77804,-5.883107469957782,-7.274001067000688,3.5348855912070216,1.1204678902201588,285.3558258683963,1.472387818179814,0.02713221585112986
77805,-2.924727686850108,-8.07079631446484,1.682920579884947,1.5671953538260284,363.6810675236449,0.4758215264620116,0.02714759837477935
77806,-5.598648606566947,-10.076551860190683,2.9444032724501694,0.6853251338884652,140.01411113058555,0.2737033607246797,0.027152840167752896
77807,-5.847948316989894,-10.1993587001795,2.8418279733589507,3.6885454652854945,548.757159526281,1.078750590159264,0.027154181020834896
77808,-6.400421765312444,-7.50618790963199,1.2995958049545526,0.9391126963732063,249.05677460648297,1.110172131399037,0.02716163992873417
77809,-7.1995810357895635,-7.052055574228246,0.4814508264700919,5.183032601183786,500.0416185018209,0.06149112683695712,0.02716292126641992
77810,-5.311133452254608,-7.60972145570147,2.3019942953338175,1.4287953255292587,331.0412042662871,0.8610004522247117,0.027164808965614722
77811,-7.045858233199661,-5.432445215376145,2.4377134216327123,1.0418561314182706,468.89940367703446,0.8760245431212317,0.027165956287309
77812,-2.4457148583935524,-10.095318123633856,2.1992904946399405,0.9931755873620708,271.7091348828315,1.0790465449578202,0.02716729606798434
77813,-3.147535956809163,-8.966597425530967,4.104036215363485,1.5487188642631797,468.1439583882105,0.31084450443348555,0.02717843180982519
77814,-3.6581525712212395,-9.713206019349283,3.211110546662072,1.2653483763572007,286.68890636392433,0.7248615545020085,0.027178512318511486
77815,-2.6224781339423977,-10.609373671779316,3.5231569270748095,0.7697824163398886,451.1447830162614,0.5212526006185341,0.027185612466376075
77816,-4.8314655090256835,-10.114551180961529,2.833312377459737,0.8191870668749653,201.69160595879907,1.1798018456952084,0.027188577059890168
77817,-6.018080184635462,-7.202857128377363,3.254302137592634,1.7843316865095054,468.18021599143077,0.5542724749095056,0.027191068015466308
77818,-2.8017727403262658,-10.212178344769404,3.307566814304594,1.2526106745312626,468.44076748500805,0.6549670644234746,0.02719552796259354
77819,-6.606213040408848,-6.6964743508321485,3.7200341890346866,1.4306196141987972,323.5710393386599,0.7554081287160548,0.02719781754695776
77820,-7.917499386600894,-6.285674827825061,4.972578352695316,1.9444607681742114,391.92758945682084,1.0920464771506788,0.02720395844714322
77821,-6.299721902641078,-10.448858694419023,2.5634291757276033,1.837206543248967,457.1444864692265,0.03159948223036313,0.027208511625643365
77822,-7.030108075365636,-5.547799104712294,3.2649693540174787,1.666865998877609,390.115804101803,0.905832066195873,0.027208904632076796
77823,-2.933968529181631,-8.086277760493383,4.07710799976942,1.8738024801722004,469.18286935512606,0.5960369372052261,0.027209187281547365
77824,-8.47957297976039,-8.11598562435865,2.180190758336781,1.4913446989478503,323.34698552660586,0.7180750340537303,0.027209806877354904
77825,-8.915363265096074,-6.732374995258078,2.465081149935867,0.8084946471691565,162.30619935093458,0.4477538181021279,0.02721559834902925
77826,-3.2046698593170024,-8.40325217350257,0.7207887958117026,1.3767707745795827,309.6309044469146,0.6095848095264271,0.027216063854296684
77827,-5.98980170259164,-7.216566513795592,3.248191479718592,1.2569576904488207,299.9266158746771,0.3057947676926105,0.02722957673058669
77828,-2.696549157484167,-12.791021932505682,1.398173970368995,1.7694858013565522,469.7418237650173,0.10457102754073677,0.027232043050000623
77829,-3.8678951518280957,-10.811309492886188,1.6322051274381477,0.607449392445929,124.14366363232672,0.054230636347649686,0.027232710272201033
77830,-7.072878225999677,-5.503051759832327,3.585062260403116,1.2183624692501405,304.27789623548335,0.6149691871665128,0.02723455793457371
77831,-3.2881002229879748,-8.908740843726319,4.088860246427033,1.6965214526030892,398.11609621293644,0.5719728340330557,0.027241038461232325
77832,-4.588585027582256,-10.625939194177676,2.1635445083897795,1.172053361342822,298.69963943126345,1.5846391180062875,0.027241305859903694
77833,-5.2570321299211615,-10.16309101293555,2.827149787428997,1.2525839547152966,233.66720032362042,0.02817227177038717,0.027244974851671072
77834,-5.101999490029216,-8.557950777462045,0.3987256042948122,1.8339219324109006,155.79424767929075,0.3531013556964844,0.027246907327224224
77835,-7.229364824108475,-10.946016329717745,1.0689244985306148,3.096401991261029,507.35380819941884,1.5663883956925462,0.027249563609389415
77836,-6.9116776439552154,-11.030085337390247,1.2579479027368123,1.0898000451550736,214.98705495780504,0.32268557661656505,0.027252016742592994
77837,-5.9222490073885075,-10.659441739441938,2.3313179343021466,0.5162623531899085,109.62176255966097,0.22917401600812592,0.027255138500465268
77838,-5.1307487619243215,-8.349354102797246,4.698245445772075,31.22939426680989,851.6938841513346,0.13663464620781784,0.02726079599220723
77839,-7.59757630460269,-8.190050873010211,4.239592341363919,2.6386118456693346,464.42420517817163,1.070031611842535,0.027260924013637527
77840,-2.6407351662663725,-12.626354992690018,2.720754808219385,1.1383082152792898,468.0710765964829,0.34379741618265136,0.027262466942219347
77841,-2.6639882536897552,-8.496785580463996,2.482230459619296,0.5311656043568391,109.8694086906536,0.07709348534483418,0.027262886440356144
77842,-7.3431974002739775,-9.07061315419746,3.3999447518594588,2.6109705655479325,459.28732952922513,0.9432697842518616,0.027262939699642264
77843,-2.9698044438679148,-9.78913833335594,3.403674240493395,0.8951929787453379,245.8173280098582,0.1734856964234872,0.027263899249571205
77844,-4.43241576156236,-12.641589382658948,1.2153085586850156,1.530336073615251,317.95636712783283,0.5439811575300473,0.027271802096465233
77845,-6.9939200942440305,-6.354348724295076,4.494179795044411,1.3170376421691,277.2078906813362,0.37269749015574405,0.027272812880020772
77846,-8.811579939743572,-7.416803266744416,1.5130986793408108,1.4077157947644858,314.97702698582856,0.9543968035789385,0.027275609728910424
77847,-5.816932907716554,-8.120705552405951,0.724049912510271,1.600159300304627,468.7057941900154,0.3248038980234016,0.027277701485803083
77848,-8.823069548236537,-6.38466290990515,3.1191745184577178,0.5775042973869432,118.73368627526301,0.047709670109326474,0.02728637013435517
77849,-7.93262250368919,-8.778133514745559,2.6339451351237115,0.9265247296967747,154.11934005338014,0.083882287606321,0.027291068585154964
77850,-3.9799362003844942,-7.664337433266901,3.658778691186463,2.137002719304173,416.17761278952713,1.3477226790787382,0.027292134160487765
77851,-5.136725003535351,-10.143255536462679,2.8323316782591905,1.6929164404701522,397.9739757424232,0.5371733213544809,0.027295434152178052
77852,-5.333531747666468,-12.788579009348306,1.1896289051958697,1.0458786327900205,276.24793691777387,1.8072078776542488,0.027295595940317642
77853,-2.7219963811177728,-11.39574648926242,2.632759365402922,1.840954655866483,440.4563368840189,0.3666726230994657,0.027297457816150596
77854,-4.849818561818609,-7.580178927373698,3.780745975307936,0.6746740361898804,453.7055967657422,0.40927386226498363,0.027301469697046072
77855,-3.389071819960642,-7.912712261935369,1.840086613669437,1.6985591057427778,358.7800560684559,0.3605821448937654,0.027301857204722172
77856,-8.6257395104471,-7.954929545119286,1.738627774433137,1.1739198908545165,466.4691865872795,0.15397021961829704,0.02730189094916959
77857,-6.507262509011835,-6.796351428084524,3.434950649984457,1.782448921850205,468.5567418560702,0.8421152851164262,0.027303397250422787
77858,-4.413010039187061,-7.841040427799036,1.8963327989950365,4.096018749964441,428.03601706600574,0.007223948161525939,0.027306065788220087
77859,-6.679232698667778,-8.235207071992878,4.953815876289197,0.70525465389802,187.21649474505182,0.9217719034962046,0.027310487937014006
77860,-2.904614257185366,-8.91082411267482,4.392114811470423,1.3573296481214003,468.3959945164445,0.5349936600690759,0.02731086022842006
77861,-3.367674916909257,-10.520023596325736,2.278453400006977,0.7571079945968929,228.0605951151215,1.3979691193376391,0.0273159655077064
77862,-3.277801316163341,-10.613117580029682,2.0292524960991276,1.3864678294476642,341.17078737580124,0.0551087517129325,0.027317350865576646
77863,-2.4925969386509026,-11.798817709707732,2.8851605802498677,2.2077316567636145,422.10879209762703,1.1870462488808666,0.027318229800040863
77864,-3.9943403191861337,-10.263696795736463,2.625913992207554,2.4735641977585474,455.5650781458871,2.38717036713288,0.027319607761445132
77865,-5.896947347255631,-7.917570548425293,0.9777784069352943,2.6030099027202946,467.6864591495157,2.45583509386098,0.027326076858919735
77866,-3.4687506324156727,-8.152093806721716,4.576540127133819,0.9069231454710692,468.3716753081527,0.11025320791059112,0.027328912544545423
77867,-6.363971803624959,-7.465369464854875,5.070479610976731,1.1498364655586948,294.28949171638834,1.072598648959473,0.027329865853399724
77868,-7.258902498809532,-9.182052443134305,3.3669554844706875,1.7042610312636655,467.9276922156667,0.23758664929045104,0.027329902032043742
77869,-3.979099490387461,-8.28355150365769,0.8337805646666586,1.5788300028796272,366.36006005150415,0.01757267163772358,0.027332603831953583
77870,-3.5751952989371736,-8.075540567901012,1.3678121989296923,1.8865398206714732,467.60715578828825,0.5174652948819789,0.027338894350356448
77871,-4.857610446065356,-7.649413519353537,2.4956305502278378,1.2754371063385668,468.1465898603824,0.2755358802272392,0.027351815921299642
77872,-3.6146545083917214,-9.48204309036132,3.4605177623699843,1.4631748908782645,392.9114310248385,0.782241720554965,0.027357431658538586
77873,-6.957412808153455,-7.4366042324396355,0.6082287100012866,1.1314707453971842,467.408419203969,0.667743881272366,0.027357932382868065
77874,-3.399938030637344,-7.993515371201079,1.6146412972268291,2.326099427664397,440.2042334487085,2.0942240667902814,0.02736199355747713
77875,-2.552887429114909,-8.965999552901117,1.9679011110132252,5.673491425281647,619.5685342278192,0.19577927108775395,0.027363450589606833
77876,-7.819879235778512,-8.931289562372559,2.661968664720284,5.196420477755316,634.2747499302858,0.7076629764216458,0.027368787828017497
77877,-4.882873516640627,-10.846893606259227,1.6085881198359135,0.6765465015152553,187.68464690411682,0.7592861036885408,0.02738340584619733
77878,-7.362185698871851,-9.110730918196559,3.312524700370939,0.750156439652796,222.53261946265138,1.3690635183108197,0.02738400936742479
77879,-4.186699043240738,-7.928205783752479,1.7395372468042065,0.779662930992864,188.79205071106395,0.6880547102031844,0.027386040725325644
77880,-5.934446298438729,-7.546093250414023,4.803800281195079,0.9162694919741954,241.70694378044197,0.8552701577284143,0.027396873833405607
77881,-7.0532546326541405,-6.466335542302057,4.766504712585366,1.1535664334195457,467.535283854502,0.3885054261530714,0.027410624234845856
77882,-2.585140286183427,-8.790895315798481,0.8733686738268681,1.2059823487989632,275.84849925023497,0.45786038162005394,0.027413788059100042
77883,-3.6392149070458455,-8.132563084973112,1.187564026034922,0.8949151550271757,207.30000854473099,0.2444566675455233,0.02742273753147113
77884,-7.912090591947345,-8.360800418100744,3.4099726564107455,0.8538686007376832,225.5575369271616,0.15873977441556608,0.02742513008315163
77885,-3.2708868533550373,-10.335014978839467,2.543973016151798,0.9441529972271544,467.5123871559607,0.4844910401085629,0.02742626874545172
77886,-6.9894175643915375,-6.03797484489323,1.9778884702762731,1.6871216361908556,468.0887555861885,0.7245078062088846,0.02742709027842119
77887,-4.468390546229908,-7.772599847663838,4.342042950539791,2.3638288082434125,431.78419153433424,0.7577277847391741,0.02743250838339681
77888,-8.691495418277356,-7.402289382211155,2.810185983812244,0.7312964381956524,467.8474344847116,0.3068591244433696,0.027433179328094828
77889,-4.1261222102157475,-10.274779382388777,2.614852100718658,0.9327802339658043,211.31698578596533,0.7655176187539938,0.027433588593273862
77890,-4.824233783045747,-10.408774272203727,2.513185237694968,1.1622847077752734,301.8305387162578,0.6747823416172407,0.02743515443824345
77891,-7.188585321800401,-9.29858174217556,3.302938118618116,0.8570221303824377,219.95183566701823,0.1541045528615772,0.02743752621574609
77892,-4.228581418255493,-7.637960301212853,3.148023311871732,1.8686706279936163,467.879317480547,0.17893966064429012,0.027442803598291484
77893,-4.787345530468775,-9.128496569927954,3.902381760580379,0.5819796620950514,122.78835233963882,0.0024679004729231124,0.02744787974057526
77894,-6.31290943957014,-7.038791750489832,3.962371000126358,0.9429227700004607,467.5223229457404,0.48508303658384566,0.027451501776162096
77895,-5.814921203204035,-7.497337042681161,2.1095493839048913,1.1068852118414891,468.11677739824205,0.18349477135121273,0.02745228719026101
77896,-4.371712157697818,-9.724793784919443,3.2215892344706085,4.453238335078172,572.0364992996103,0.2605951503414774,0.027467201664042977
77897,-7.0749551423149075,-5.577186258121166,3.6979725816268205,3.0704526490562283,490.76920277293425,0.3018764630376385,0.0274676951019704
77898,-3.0084575687640855,-8.123723540031886,4.422321461270399,1.9065738472953786,467.6092887605495,0.5706861826115581,0.02747309650358798
77899,-6.062113852875461,-8.477025969646174,4.753638470562046,0.903520402533587,253.4148980624296,0.7750236016649641,0.027473690068911698
77900,-7.553921755360412,-5.213388736244787,4.692143603246718,1.0167653555963894,274.7866313923859,1.7157168308539488,0.027473906951857502
77901,-4.486679843669976,-7.785872111678988,2.09791349573678,1.401263746965311,468.28974212444047,0.5830041650399087,0.027474441870431486
77902,-5.870925169771449,-7.411847176722776,4.408050315659812,0.9225053093900095,225.6473844822178,0.9203909549413867,0.027478516103928614
77903,-7.440314459672372,-8.721621086006923,3.736432486366244,1.0699661289246112,282.03591280758127,1.13087024236631,0.027478611074671054
77904,-2.5901634195814136,-12.27866401464457,3.046363872011933,1.0630481369009641,467.96115691119763,0.446753416388316,0.02747934488612542
77905,-8.71827331631903,-5.640993523675058,3.444300881090719,0.9179400335314463,467.17679494510935,0.5910288578196097,0.02748217883800153
77906,-3.2859808758055165,-10.67826169901386,1.7945488923628115,0.6346980780060911,129.91223370429762,0.33684650598766464,0.02748286662019142
77907,-3.5364793664302363,-7.711223792865415,3.946039322530907,1.7693529065421816,422.03891377477237,0.8399493328816225,0.02748328506417627
77908,-4.11740568459511,-9.252023767747165,3.7301193970986426,0.9850804211377818,468.90744241458697,0.6408738851555889,0.02748359773485091
77909,-6.98086409234472,-10.499140580151703,1.6188464898617976,0.7513282924088881,168.03874127500583,0.20658562138601333,0.027487719865251704
77910,-4.6218002067559825,-9.96641965636898,2.9705142812464516,1.8628210729285115,467.9900990759519,0.3635141661138972,0.02749030062485996
77911,-6.806214406240332,-11.85611517339072,0.2672807025144934,1.1786181806166567,240.17706162487738,0.6873515641158301,0.02749068432792852
77912,-6.185228001537692,-8.546433404795971,0.22462246056005136,0.6484729091425168,153.98929196925914,0.1642963746360886,0.027497510761444
77913,-4.547695735792161,-9.491232249246885,3.477799283660437,0.5751435582375116,149.31566870704518,0.6095214370315221,0.027498296948443732
77914,-2.8747509256218606,-8.907600097033567,4.409111768865914,1.1180447980718733,265.5777872180054,0.25061018988140304,0.027498472910939004
77915,-3.194970893060396,-8.917669040906722,4.114234943083371,0.6036298704672047,182.50560755104462,1.121886227800081,0.027503822915960326
77916,-7.469350710987526,-10.303849174334657,1.1955478280021687,0.7188803904863938,468.81811742381956,0.329120788402693,0.027516266143163444
77917,-7.100644203197959,-5.92633132081124,4.2435046634253,0.8359017847904209,175.2503920406111,0.2307610992375393,0.027519483584198767
77918,-6.276247672780444,-7.168365989266145,4.379298392148185,0.9426127479009043,249.8021738302436,0.5994625839302854,0.027521736687806882
77919,-5.002265430602836,-8.781176156991751,4.301639803768725,1.0361746185577985,207.908252194459,0.6351668165217736,0.027523208033419247
77920,-8.51128694473034,-8.28982139972019,0.9212084380505929,0.9119092404204875,196.64993820630053,0.13497247942742607,0.027525767034990954
77921,-3.773643795958863,-8.659252030981477,4.329927757919573,1.0865321060453073,286.68968192456055,0.9386275162314393,0.027530148137172458
77922,-6.727480734028287,-8.96725110051764,4.097974381758134,1.6009516752721322,372.92130668725366,0.07208547939853194,0.027530426670159196
77923,-3.2742826882371254,-8.594712166562775,0.46964430412187985,10.522487343764414,674.4056845940972,0.10997439600321712,0.02753426250294777
77924,-3.017126425561494,-7.922503850877836,2.0101404705975217,1.1703803219772193,299.26912581255175,1.669414883174123,0.027537450801522725
77925,-2.6621825367513994,-12.001405828329416,2.771715582550935,1.8208835772426413,435.3336735105778,0.5877415693507393,0.027538478854605527
77926,-7.68805711946197,-5.455307909005819,4.838285548086051,1.0532321464115484,228.7430276301611,0.09477358664298574,0.02754567024814311
77927,-6.859668467016446,-6.218474156358652,2.69500038543961,0.7626460482587816,224.9066211629573,1.2812663222672969,0.027549185701655602
77928,-6.123520679613263,-10.780479426879388,1.7094553502193544,2.3793481912733756,432.5064388583419,0.7425454914423861,0.027551639941210588
77929,-5.201153239871653,-11.799967273180439,1.2934533049981156,0.8972619818533735,256.93452768369855,1.6132604426307537,0.02755243185688923
77930,-7.601143906528564,-6.734983766978741,0.2279309402743388,1.868937893368203,450.6849698616385,0.10699391287773619,0.027552966961706293
77931,-3.3055371106396603,-9.22622323864011,3.7364796047480797,1.0075599161043738,203.39669980894496,0.040492976540993375,0.027554451138003852
77932,-5.269064498115193,-10.103807104550231,2.880850508412667,0.8710280875344601,468.99546110842925,0.11996000784705885,0.027554608100106067
77933,-8.90788282277575,-6.727765827367534,1.438675795270723,0.7318805827053337,149.0198116207869,0.1592346019363271,0.027558502409783022
77934,-6.752509668313925,-6.504427451657207,2.5465808347162278,1.4726899875109603,338.3743422083561,1.6792888240755701,0.027559785047578427
77935,-8.735285750669794,-6.165857601131853,3.434807602267297,1.0617308228514022,467.5376529669017,0.33222754363188045,0.027560152233303374
77936,-3.571509474859777,-7.682185859706145,3.7418584136945703,1.174357686679412,302.53789989027814,0.7168798309193347,0.027562536671864177
77937,-2.6520960526450974,-11.833178966904688,2.2832368748809557,1.1354014612665857,295.7738412508382,1.3878837617239466,0.02756642774914079
77938,-6.075626926215075,-10.900384949792354,1.537654619629547,1.8154930929339737,467.6393059574175,0.6266095354228094,0.027568311172701247
77939,-4.701853670427061,-12.990807957519637,1.1883135400640679,0.912802815304449,231.1960212415667,1.316093524473687,0.027574238295077356
77940,-4.494573837485115,-7.663725774419906,2.6396559541196933,1.0556948071596874,249.94447173596743,0.33491585191256856,0.02757603522076008
77941,-7.584460512566201,-5.141010394430643,4.703468165115859,0.64114449678589,194.00604243340476,1.320372044164368,0.027578575312113027
77942,-5.3410399071483,-11.481131067517065,1.3533086276974897,4.4587070109109375,592.8981695747674,0.6515922499368143,0.02757861604363176
77943,-8.620247687729213,-8.077794513100457,1.2681989481783573,1.3193715530127752,321.55800379548083,0.9527266508903107,0.027579586275134405
77944,-6.6088788614556995,-10.650805436832329,2.182205565605786,0.9251185504807203,467.335732119728,0.9325802952317686,0.02758010813424092
77945,-5.843830232190647,-8.03198888241067,0.8451552615567445,0.6807720070973847,468.2884449003437,0.3937110922214071,0.02758390891466435
77946,-5.432476732689525,-7.444913884610142,3.1615137509370044,1.0790184217773406,282.280607974658,1.4378428645187276,0.027586495445573584
77947,-8.33965938303548,-6.078370067549437,4.353512777413154,1.2387313463229637,308.11846791690186,1.0998496198984347,0.027590407932026523
77948,-2.63622370022087,-12.43703567720216,2.869939572478508,0.8414419020509503,166.17109672542327,0.12777429512858518,0.027592102127036583
77949,-6.430982486006982,-7.217101403953837,1.858951796279459,2.0776849773637567,413.82397033523205,2.0297602736214806,0.027594985472309017
77950,-7.166577068397599,-5.8003111089531005,0.9367600727833293,2.430362147438801,425.23643291589906,0.4272895472393179,0.027595382841674246
77951,-4.045492129264552,-10.82849667630667,1.609445252590425,1.93080229411035,249.6990456198001,0.06462156227486471,0.027602730512560788
77952,-6.324185498623732,-9.807221168227711,3.2354345102546347,0.9712871165448836,262.4678669707656,1.2636599121490963,0.027604359215277104
77953,-7.144939583359131,-9.2439920478003,3.4218465975905925,0.6814799708530302,422.1787983768119,0.40855173200038397,0.027604566247285516
77954,-6.410642143054339,-9.848303605355209,3.17604799230509,1.582048261203416,365.38895642966924,0.04325954244339947,0.02760670101116347
77955,-3.51888000389482,-7.6951673126643545,3.836733759981279,1.885044383536864,392.1831599107074,1.8614813744702534,0.027609616449681067
77956,-4.281992153881239,-7.778960215790362,2.170310775589541,0.5243046570408388,116.9081666697985,0.6970307632533252,0.02761470162908572
77957,-4.580435570594235,-12.966474007511406,1.1905617732653748,1.4310021156863593,336.90512623695275,0.9012914937980501,0.027615005699524985
77958,-7.064245933140869,-5.3657148323302275,2.305065980694769,1.1052075526789074,468.2150621744392,0.49358554736693616,0.027616520525163262
77959,-3.89055645743856,-10.005652192790471,2.889171369591986,1.7722104420249807,421.26241174496386,0.6265871181463849,0.02761898706079418
77960,-4.986954876011909,-7.543241020625127,3.496850980153468,1.7820837743068316,467.56036348999044,0.05917284059276273,0.027619693286848317
77961,-7.080775098793188,-7.331964178031019,0.530251302052958,2.8171931659751315,483.78237263420937,1.515524695663113,0.02762066754437021
77962,-5.793592066128923,-7.516428989586503,2.086266473466363,1.0803380247690786,281.6304699313279,1.8512059258810671,0.027622116791679523
77963,-7.334492945372164,-5.444699396687044,0.5508761923395467,1.9172891465997637,184.96791876623195,0.42374954240506035,0.027626307741414724
77964,-7.085947881120805,-5.091331331257357,3.0658579977994,1.162644103003307,245.51334772516984,0.038440151781737875,0.027627904542740042
77965,-6.272156179023473,-7.345167433708225,4.811884599928725,0.973799223183366,468.07197145584786,0.15030159964437217,0.027628843029260507
77966,-3.849390996068732,-10.646771462624926,1.8687424787421685,1.6856104056220869,442.5139726438747,0.03335121300236654,0.02762898726638577
77967,-7.082035947395532,-7.976404659061353,5.006652628501964,1.2140101201766762,467.823656601535,0.2231186505646594,0.02763022714998622
77968,-7.44722228176186,-7.553362081487984,5.070516361647714,1.1223572379834275,466.96627905945445,0.6258797544478645,0.02763121876291996
77969,-3.4703403091261826,-10.347510799791285,2.5045153196323593,1.6207737079930276,378.139739618961,0.16665598213870236,0.027632930575161106
77970,-7.234997474769463,-5.059577910712156,0.8577770961059015,4.952879409084105,617.8536233082428,0.45861195834414126,0.027633542390066698
77971,-5.678767373416022,-9.802797087077813,3.2343017362102335,0.8833234992568949,468.08669872331365,0.413080487945388,0.027634509735904093
77972,-7.0430146694223605,-5.661623001711072,3.521669595079604,0.8341590053883887,219.0109525468239,0.93485821001416,0.027635209685948955
77973,-3.3664484578494545,-9.112093090644247,3.856091043115904,1.1958330745767929,302.3734171871304,0.23507208536286495,0.027637992724853924
77974,-5.030992744734596,-10.533166286063388,2.3662694917094176,1.707690350855504,401.4593104619069,0.5565658061057919,0.027641898589332782
77975,-5.41020226777612,-12.271315484839551,1.2221344503121712,0.8747611057836819,467.92087385768133,0.32036515545198885,0.027654514498731853
77976,-2.454582345101377,-10.766203639255641,2.5558145693323473,1.8755488179579334,452.42098851509553,0.23857787164978728,0.02765930317545932
77977,-3.527616826308849,-8.969089813176643,4.019457914920339,1.6018047470159469,354.86924978806866,1.243953105821932,0.02765963851293622
77978,-6.03758448326392,-7.937966754443203,5.082322267113132,0.9552376606916727,189.41918685094387,0.9375799948015437,0.027660237824278126
77979,-2.7338966340213755,-11.146540418668959,1.7763299646252058,1.3734726723237836,331.241996481032,1.1757051861697265,0.027662982035288296
77980,-5.534942530776668,-7.671097896873133,4.67051207521614,1.0127153236140642,269.68966658836126,1.261763282168232,0.02768318266184771
77981,-3.8940051545532084,-10.48767214532159,2.3326560994607,1.414195488596169,318.78963519175056,0.1260397877881223,0.02768875973944396
77982,-5.789248989229383,-11.039662833400431,1.4746134259629653,1.4752832717635864,335.1254583395251,0.1688862059923757,0.02769050766426741
77983,-5.0289692414227085,-10.288923961954412,2.6479515639324824,1.51946587098718,360.1524843673017,0.5122794215483628,0.027693791390017108
77984,-5.492115242789596,-7.912086900271106,4.861105237067897,1.2120755376737322,257.165794614441,0.06549965555605652,0.027703955834884695
77985,-6.274598365708417,-8.588569904301135,0.18640268344430652,0.7507614736036086,159.69275901993322,0.032989395479252615,0.027709568306424147
77986,-7.367092711478339,-7.699649242324116,5.029666941036652,1.7070050018392324,454.5130326931895,0.2322394147513238,0.0277172399089203
77987,-3.906185108159282,-7.660761418093223,3.0535819818705274,1.1211588513396398,452.74321973947895,0.4928616585525516,0.027719538335151957
77988,-3.606410689413707,-8.843481455823506,0.23793179578835233,3.2852577396271654,509.8262741625982,0.5674343928505348,0.02771972946046975
77989,-8.11140418167538,-8.89201928046364,1.7866348982764708,1.1654373225896264,259.3903829726622,0.0030468087359780682,0.027721123517829894
77990,-6.925836247128243,-10.517550149254882,1.7592320551922336,1.0461129369926545,272.88116974164063,1.1091784459653882,0.027724174158757067
77991,-6.305696432256553,-7.9660936758432355,5.14128485052452,1.0985086975299378,270.4474094029766,0.9675130163864969,0.027724540757809578
77992,-3.4351635305014305,-10.497711287164337,2.2945021430564907,0.8194868851387068,224.06389860482741,0.8574752624661395,0.027727955711013573
77993,-6.593327336464749,-6.845070697818687,2.3296872010560534,0.7378726238551669,180.99425731106234,0.9240910495771644,0.027731877572383126
77994,-4.505359342095453,-7.875133996754767,1.820550659654784,1.085877724406493,249.1859519867458,0.5098714406906764,0.027741074745455185
77995,-6.242236346360438,-7.102777958386899,2.7892897227686184,1.0143959339293374,466.39319608998886,0.08535490984291982,0.027741849714848686
77996,-6.534689594742194,-10.773626107633676,1.5531353614481511,1.2417970046259468,257.38732958280207,0.26159380390286113,0.027745367211641243
77997,-6.919534120859665,-6.750465647348609,4.851843345888289,1.136532868146231,295.93711082550846,1.1002070539235982,0.02774596843098427
77998,-7.652252937015017,-9.073855152784654,2.820140083932697,0.901742386029474,468.3094580327443,0.5018618311387142,0.027764235308213276
77999,-6.496988339197124,-6.816991654515248,3.421460106869819,1.3448885843338891,327.4461907048316,1.1625675420897696,0.02776869155876235
78000,-7.840387702532889,-6.562444975938056,5.0523394637005605,2.1023007600068215,405.718158234623,0.8941194039500058,0.027768820624464105
78001,-6.924122977244494,-6.474651619978961,4.446780420587045,0.49866373403518155,129.7508063609138,0.6424746513526083,0.02777149929252843
78002,-5.207114572211796,-11.934591812766595,1.2677566822198538,1.1188228890536212,467.63694989769823,0.5886305314174543,0.027784450129316792
78003,-4.550782729887414,-9.666163794313993,3.2801078414883427,1.7460151695639727,372.66671957353344,1.5732651482925872,0.027784930797790305
78004,-3.2545698975650517,-8.729109396620306,4.270871842357237,0.9105543596977235,238.46185584598527,1.1215624095290746,0.0277873928398096
78005,-5.711444473919599,-8.062284586444079,0.8647731302867858,2.001226611202722,403.8678542575316,1.707287081539607,0.027788844524273607
78006,-6.787199763020853,-6.866172042805847,4.7736633049669495,1.2432371379778877,313.64706687379606,0.46708511628125304,0.02779110165647769
78007,-7.3070848617724415,-5.13458738528936,4.265560119382599,0.8075178811878728,381.6931587257923,0.18096377173538247,0.027792546563038152
78008,-7.560108883309192,-5.8423650004870105,0.23074145940419827,0.5781401790828632,179.4251809671644,0.19604893286534253,0.02779276013612908
78009,-3.9255136909982262,-9.763624315136797,3.1538645808761663,2.0865449812588164,397.8570630996986,0.6130280394598993,0.027804557067171446
78010,-3.337992298089355,-8.084962700912085,1.3615343180767852,4.169217129716498,436.7921638608,0.01396707165481903,0.0278047612309499
78011,-2.7142332636907334,-9.706101436929941,3.9015470489981636,4.35717741102924,590.9198660749481,0.959723050532495,0.02780513125242306
78012,-3.0996750388471668,-8.231736998802432,4.58578748290246,3.986888735391518,568.0207944102867,0.9857042939655773,0.02781262207234915
78013,-7.079706922719588,-8.38921951669073,4.572027198748735,1.9080097281641133,467.9682591360094,0.5884924272036978,0.027813734846800976
78014,-5.180162026132023,-10.673188608859814,2.060289603711989,0.6978974619053963,209.62645004145597,1.4394163155469482,0.02781683335613729
78015,-7.844595641451428,-8.756934897384287,2.89110638107221,1.881747952682207,453.0025536625319,0.32174755034486413,0.02781833813825378
78016,-5.872458892127106,-8.959759113800352,4.204250126173718,1.4704895062195373,330.53751702885944,0.9529029110684455,0.027826206671959106
78017,-7.273110146783414,-6.411020417969767,0.5426009529962793,0.5472401176221692,159.04402396477767,1.0236923032477891,0.02782801476571249
78018,-7.2890899103713895,-10.912053804143904,1.0177855437701073,1.160748961288695,226.14234461889257,0.01623614361113379,0.02783185917004313
78019,-2.572417859059035,-11.938431215343316,3.2434333330141403,4.205233544651708,582.1527155809556,1.0129629051582816,0.027835303752579497
78020,-4.4053446665253215,-12.215979076264244,1.2461741951027834,2.0297327955833,408.5636166472781,1.908530043027227,0.02783860042167885
78021,-7.666932926530032,-7.459538499249817,4.91801801107732,0.7112733277605576,142.91145431157307,0.3248751498994542,0.027838614824020613
78022,-2.503394263906137,-12.376331357997385,2.8707627482078557,1.7807806810358164,467.6145633373949,0.3340621836424864,0.027844814995103145
78023,-7.173413177930078,-5.214264270590205,3.8365870127534794,1.6186362796202292,468.3784893940605,0.5283247813539207,0.027860200359121907
78024,-6.103439394099883,-7.187308682882787,3.9313128856954505,1.0783039710933782,257.91075508273315,1.3843501571639178,0.027860361076162857
78025,-8.30571800063992,-6.193193829295757,4.422208848674681,1.7061473842165045,467.7346962152898,0.9286151785407419,0.027867515271072646
78026,-8.94809225354209,-5.589212955084389,1.2535808102302897,0.9754354771922783,257.09745142276614,0.424805449110484,0.02787039392966412
78027,-3.80038983655112,-12.425312075645522,1.227991812498394,1.0226568755289869,244.95483476934734,0.2002564654663086,0.027870693946921318
78028,-5.295376048590369,-7.886776200054491,4.770928604145008,1.4049467872278294,332.9638459727609,0.23890526283154667,0.027871459413054685
78029,-7.580639939647332,-7.635363585409719,4.871231342435151,0.6973660805553805,141.24568623407527,0.4232424332552407,0.02789091392960164
78030,-3.8763051330558547,-12.552637673937236,1.2178234104165164,1.1292872055337613,294.49553847665464,1.6225344235167505,0.02790932817940812
78031,-6.962629895233227,-5.833958128967978,2.9002066842026357,0.6668399898306784,428.300313840133,0.4246663631644898,0.027910974063586544
78032,-8.881476840602268,-6.872637834809888,1.0789961837239026,1.065367392896763,273.0647054308182,1.0200153440236202,0.02791151815596762
78033,-6.232801902326335,-8.854883064695468,4.338928429560954,1.0822657922609993,156.09102391964234,0.22230439052569206,0.027911665298790623
78034,-2.8294323138255573,-8.640822286951522,4.451001401382914,1.3651999091635068,302.48720859158345,0.12103522042171111,0.027915015034219375
78035,-7.132633797544557,-5.1311093195686235,3.5324677140187766,0.6568417020626487,146.60281482400313,0.02104144277334541,0.027918656753168913
78036,-7.385270826279221,-6.297672158783731,0.3811617834348332,0.5884237397703683,154.59048806488545,0.41891885381188043,0.027922309727155717
78037,-3.9154291226395497,-8.707570075706021,4.285600677995337,1.5473049622427852,364.74479513657604,0.46494822371746025,0.027929064327507264
78038,-4.089603962700328,-12.713358976647031,1.2059982053461453,1.0188856665787254,279.0475183672813,1.5405668190686965,0.027938639256585844
78039,-6.630621300405494,-10.68273629436325,1.9437869468800426,0.5743461748767449,145.65503765711486,0.1707338620634653,0.02794569786619636
78040,-3.1079569167854153,-8.636858126710653,4.426383095085983,1.2693379848709625,316.51912737357713,0.2616735897706244,0.02794725981127076
78041,-5.7655961563232925,-7.58917140567215,1.943499628753566,3.020195953225959,500.6042517487681,1.4111629882346355,0.027952696091854853
78042,-5.836402914711006,-8.27967267594558,4.873164594517364,2.4483209692293926,451.46297100971947,1.8262987501289336,0.027962726144749553
78043,-6.042153167088648,-8.447349105085678,4.769122569586126,1.5146298077804228,467.58261870827477,0.42337754620111223,0.02797532652339414
78044,-5.640546700032798,-12.34253725353976,1.2021486900354026,0.8591452558335841,168.24928874853077,0.05477298595804836,0.02797722961471089
78045,-4.499592771355838,-7.612122419757868,3.4323457658421237,1.1197403014975484,264.7837254256874,1.219332279263889,0.02797974277810697
78046,-7.438054439564069,-5.940469686329388,4.892356849633898,1.0217051018295602,221.58749125644795,0.024564754810758593,0.027980665996165242
78047,-5.632482160338318,-10.843922155391915,1.6030122866143777,1.2478202600202062,412.97044199206033,0.8989138426955341,0.0279818634861398
78048,-2.8760658456875197,-8.909764958963736,4.3871016836038645,0.9962933420341691,467.9929845866276,0.8889862108711561,0.02798613011576764
78049,-5.347713097563313,-8.431508900908305,0.48621750765770577,1.7979285584463336,468.92958057273705,0.14307069862951227,0.027988585170106616
78050,-6.7115292398503685,-9.87569571086489,3.025197975320863,0.9682961091072712,468.05597682879517,0.7057320223499763,0.02798905736345573
78051,-6.807659725172488,-9.741075342334954,3.1188041943297002,1.0305128760199775,188.28220586823483,0.1095490951045539,0.027992499241195727
78052,-7.143084886416825,-8.80810350558501,3.9835766559852224,0.876803519261975,245.2921218981811,1.507603047396211,0.027993831258507778
78053,-3.3740330680204833,-12.016654847425324,1.2690578709424452,1.4050342705183712,318.32048041100745,0.6589698836806317,0.027997378677570565
78054,-4.099272757263472,-7.689717259623286,3.86938501279019,0.8958377409094819,241.82109656821075,1.2359306841555586,0.028003514469824468
78055,-6.2031908502746,-10.998880796735126,1.4534738291535227,1.2146066991976685,266.00992215808503,0.8918162066251503,0.028006389124726347
78056,-3.60336277089357,-9.743934510301173,3.1639065428280957,1.1308945307649814,292.72342490651886,1.0171419655816765,0.028008514767564024
78057,-2.7924301497012465,-10.983872946156175,2.6192325845788806,1.324852955418491,324.050505807404,0.5729019537990618,0.028012341407641167
78058,-8.654026672642816,-7.239599995123536,3.1699640816034838,0.8971242043153401,186.13565438288316,0.25694621775636683,0.028018158393366254
78059,-2.613053469116819,-12.385755327632387,2.256331919354725,1.8894842991577916,467.97699830079563,0.4430351995164292,0.028035500831299853
78060,-2.4794359664141954,-10.643074494749538,2.780836787556219,8.299442707640342,282.31554183366234,0.3463040575480907,0.02803636101760016
78061,-4.933199491283435,-10.676149164857181,1.873380424351114,1.3149817724243564,279.9322538310753,0.8608021837846112,0.02804583743789252
78062,-3.548559055747724,-9.110156510073116,0.08672039794558252,1.5307323358873361,341.9951287490522,1.2200450054257859,0.02804732873027686
78063,-8.268498738960817,-5.420539428744805,4.367570756458179,4.115046725687838,576.4362101309324,1.0131485427218276,0.028047912893375198
78064,-7.690647493636819,-8.892782087408643,3.0174899083195017,1.003014790275174,468.0863442414443,0.7229099209949252,0.02804855314403128
78065,-2.9368234945165215,-9.547835432447036,3.678384881663329,1.0656872871237417,231.8923390475797,0.2704277404251334,0.02806244662218314
78066,-6.077371689002241,-7.411584954313257,2.0157911930672734,1.4987492247135559,338.59082339283157,0.09488655446901095,0.0280671870710448
78067,-2.475131019983124,-9.950411922730373,2.4672738542925585,0.9138399680190116,185.2531240703782,0.9442011180862462,0.028068465753860395
78068,-6.524995879183978,-6.860538794849988,2.635224079653734,1.8671578213148499,448.30537447768756,0.3646213611840441,0.02807207252626948
78069,-6.4244863192462045,-10.884794174279197,1.4787206690431391,1.0836681096047052,283.05944316090256,0.9963922374169645,0.02807246295784894
78070,-6.979364651930773,-6.235390700673255,4.200005191982083,5.765760457027782,660.1075117283435,0.602581731324169,0.028074173523784437
78071,-2.7639520182870223,-9.33293554562173,4.154946824118641,3.3078385344227175,521.5960068638332,1.1212033909201837,0.028079260407721445
78072,-7.041326562086393,-5.971353301396726,4.034747906809667,1.2639849108459713,270.2733662396113,1.0203252098654803,0.028082378153177736
78073,-7.134595511072041,-7.690977863230588,5.177696157900879,0.8802142312401735,184.1220196554594,0.06662008138916331,0.02808483074758548
78074,-7.108826545573933,-12.035509086475056,0.8039812010736272,1.8002639866988068,377.0823320158022,1.0955166479526648,0.028094296993598535
78075,-6.701697366003012,-6.656757035537596,2.4157182538307613,1.8380673758052224,439.1696373056542,0.3761662605132825,0.028097505813655145
78076,-4.652539562895022,-11.293559806253226,1.4050504673051623,1.434279121066414,335.4324632274299,1.2532925202784595,0.028107553575471785
78077,-7.044497221627145,-5.498992516614826,2.3246491074760005,2.989518103362239,497.53628766208203,1.3491006169189603,0.0281081663896755
78078,-8.962744910725517,-5.935191637734641,2.135959460195284,4.111023281031878,519.0613462025043,0.18009247933325057,0.028111075390815043
78079,-2.6679672117934805,-11.8103499986752,2.5157062227263634,1.5837250580689546,347.79451809117205,0.6021283842515457,0.02811128927589597
78080,-6.797579922002106,-9.918169272956986,2.9194635133612636,1.881775411925864,469.05785130389893,0.11466009135096922,0.02811400396487902
78081,-6.155468979186567,-8.20023173883578,0.50729638455021,15.402002656571526,461.38538126812057,0.17664918262971252,0.0281155566837645
78082,-3.912107143739876,-8.182510599267752,1.0282325036343432,2.7469959399339396,475.5109495199488,1.1734859079997895,0.028118443269726907
78083,-4.177505610425046,-10.50196370088631,2.3044375163038953,1.0730192158817435,220.62829093068888,1.0708352343253429,0.028119262592022555
78084,-4.776470463163132,-10.55927058397338,2.262578667863491,0.9550357619737465,467.5579035464056,0.6906367572795924,0.028125778821184513
78085,-5.300504371377808,-7.483209223199929,3.3082468162698793,1.0491405759517238,278.89819264918833,1.7359416788392315,0.02812641159857599
78086,-6.916396125025683,-12.390884661486329,0.9288001958017696,1.2513692934071925,428.67119476182984,0.06297966034265468,0.02812904639029312
78087,-6.3513519919688814,-7.48847558641116,1.4497496368615423,1.8744808258557242,468.50274584812644,0.01772861647707824,0.028130794013375867
78088,-7.617878901827605,-9.003009126467909,0.42113779278761804,1.2508833621754372,281.2696937616823,0.12277210519446502,0.028132377706878528
78089,-8.12649758232434,-6.4496057810181044,4.7143266180426115,1.7663874746156027,467.56252131602076,0.0549330072747134,0.028133071421517452
78090,-3.6847352623405953,-7.667489409300816,3.515141178868875,0.6818192037638269,156.07746443345212,0.016342178440876154,0.028137012231438142
78091,-5.551623802088487,-11.640822275490489,1.3090250132921943,1.5265676963512997,351.9318734104839,0.42181915521219526,0.02813706719125392
78092,-6.063689412889946,-7.943678271156927,5.078156440190658,1.0351228509781878,467.73153049646817,0.549799750946045,0.028137084646459174
78093,-7.370951547253451,-5.282359531044788,4.4437228637161335,4.648920746083082,580.989004133261,0.25445595965186385,0.028137088481768532
78094,-3.8448005132355796,-7.927387707816875,1.777564020996724,1.8323345710149364,468.1306957758125,0.2488465002037854,0.028138202593163568
78095,-4.354628779848025,-9.878865163408365,3.0288228709624634,4.879187749995856,520.0044052767239,0.10768791219086005,0.028154447024610472
78096,-5.173900632922797,-12.470397519258198,1.2089982998761855,1.779538892938911,421.4709219118146,0.5134710632591455,0.02816001775556542
78097,-7.1680598833002245,-5.641352759621185,1.0894855434784658,1.593933077179532,468.8145168208808,0.22336205075316506,0.028161154416499887
78098,-8.096900919948451,-9.191885996499858,1.1198958502534044,1.4293242089256062,336.6976679664005,0.37368771955843094,0.02816560154073314
78099,-5.8156456840696285,-7.841026024550565,1.2660812933384051,1.7772603790127306,468.28818737292903,0.26834768574019296,0.02817040352223667
78100,-5.757529266422196,-7.464391299252487,4.380158337218204,0.9127252391838849,225.8069064535335,0.9401343688322239,0.02817156395641122
78101,-3.668076415775415,-10.188525696577516,2.678059020602237,1.0912276782380532,280.46264192078485,1.559447912850028,0.028172505226279825
78102,-5.9324017019261035,-12.371253796675585,1.177499332193348,0.5526295121285842,152.45299227700883,1.1624077442135237,0.028185511423171595
78103,-3.7456266531183227,-11.799359826716932,1.2968844706209088,0.7581914874132275,154.90780502567665,0.1869001153007268,0.028186788329028125
78104,-4.833917616645309,-7.584050053363988,3.083883939421409,0.9681705451953387,253.63029341902129,0.15401680608848256,0.028188467032341562
78105,-8.239177196843263,-5.973816379174747,4.4972526996922815,0.8652074580889566,178.2479557255037,0.23406886790960346,0.028193178069479404
78106,-8.455739548771396,-6.155899202747697,4.125348631773395,1.0973840261357315,226.36667518780504,0.7210166372972227,0.028198179776991652
78107,-6.741766022289046,-12.494068327168844,1.0098327532207112,3.3740067936822755,527.5163803697533,1.2914974501117618,0.028203057649778946
78108,-4.871335096977372,-11.420353727138332,1.3713638670704331,0.7746059379844471,167.54265766235653,0.35299112564111734,0.028203407397896618
78109,-8.91322201623339,-6.5478924564681815,1.6063905383816308,1.0164594758383558,267.6915554174952,1.154235095945542,0.02820723537162013
78110,-8.327288329228166,-5.96313519799098,4.347004814407067,0.9084335407687446,467.4389991064456,0.270085768937923,0.028209291650595644
78111,-8.781897438881684,-5.537913916057053,0.6786487766100169,1.8487862995552702,444.0116370761435,0.134844464562069,0.028212880524518463
78112,-6.978976733792241,-7.9466582435646185,5.0760961988443745,1.0752769685041796,286.2645002903007,1.5598376419038642,0.028213345986497412
78113,-6.393663032580925,-7.344383399852759,4.9171957153252235,1.8837075901799984,467.40743774482354,0.35096556179766125,0.028213844429886517
78114,-3.2032273394613684,-12.344747816047471,1.242042249928925,0.682062039135186,468.2742052525012,0.47899947279910826,0.02821487105939536
78115,-4.217915448020195,-10.661221936883527,1.803728785931998,0.8490704331810114,467.78714707889975,0.47224608741769636,0.028214992795724356
78116,-7.27793960519625,-7.483044394875472,0.3331778917171181,0.9919672327422228,266.80402460333335,1.432126665459637,0.02821557590529492
78117,-8.018859331918417,-6.259986059130642,4.84184714674451,1.3271444060269693,305.78576386222755,0.15514544293759425,0.028218971077852824
78118,-4.404281324559717,-12.595827446209958,1.2101449682252972,1.4840384755554759,343.27310944931344,1.368997346701767,0.02822447527849778
78119,-6.880308367359126,-6.1423338350960215,2.9365270238623142,1.2108728337059278,301.85575609382613,0.7450499391650718,0.028230356207322806
78120,-7.480549598282948,-10.472136760024018,1.0300402581927046,0.7074580461124402,214.77879789123827,1.2881731703542059,0.02823552617024981
78121,-3.294010911551073,-10.873332595456658,1.5659860518975264,1.2058907745704768,301.6475443658745,0.7063208061675086,0.028239452798898605
78122,-4.703199977984029,-8.155446539847624,1.002855415309528,4.014231446492599,557.119766020733,0.3771995442100122,0.028241151436087776
78123,-5.399996011051487,-10.690609909300461,1.9695019632060005,0.9191586580074103,258.286941918103,1.040546890588577,0.028242204996634632
78124,-3.932968781230148,-7.720370516581289,2.557733175621308,1.3144438434348709,467.7645761520194,0.09488647965320762,0.028249547357848223
78125,-4.9718469435394885,-10.445734044967546,2.4558295229256757,1.33027299072906,305.5561960165538,0.3138551271408039,0.028251169589564064
78126,-2.6672255272672434,-9.56064715746554,3.983738819166894,1.7822094533736417,468.06822754027695,0.03673577744414036,0.028252616280756846
78127,-6.751561646480342,-9.079211254709927,3.9345883173970333,1.0779364210742184,275.77181090189396,1.6894606068533236,0.02825506180457098
78128,-6.773575417818349,-6.450545497389956,2.6703766407261886,3.4060312687537664,524.0094873755028,0.7732308167670627,0.02825801098794954
78129,-7.3050293507597885,-5.10969157200685,4.22772629985508,1.091179422196203,281.6940420754616,0.6136116310356314,0.02825882886287637
78130,-5.836235138655778,-10.840472139017992,1.5925417310792291,1.4348614433833458,154.87339503433105,0.3831707829920079,0.028260136564419478
78131,-8.168180016397821,-7.243484418839989,4.342499644917233,1.752088592187616,469.94340295878845,0.1973078133360282,0.02826053345759717
78132,-6.889385750571286,-12.84696300038261,0.8941207544506199,1.1004004063032482,194.5766977630905,0.13864505077175426,0.02826060449755587
78133,-3.6175782052388765,-8.326346451301553,4.526779551644984,1.823730075918986,468.34071310266575,0.4206890490373292,0.028261123284959062
78134,-5.50703157128972,-9.704730324049452,3.304489233916104,4.706126248598817,608.6770405105498,0.7326621701990179,0.02826361816439598
78135,-4.267021504638943,-7.665354634944095,3.699780686629799,0.7525132432636905,466.40141958582365,0.31556995912932795,0.028263712672710543
78136,-6.70154766951622,-11.698627950484138,0.21029451967682625,1.3398528615900729,317.1513996413247,0.25923947724192686,0.028263730793893493
78137,-6.352092806103721,-9.60033651785489,3.4452993592078274,1.0485482436175417,278.3788891525427,1.00358878995202,0.028269015353311052
78138,-7.182766545005336,-10.250499522471513,1.8699672785277184,1.2249117546492334,297.4500174392068,0.5609217220641636,0.028270687893770137
78139,-5.928451767285325,-7.3304811202944675,2.661904432839989,2.2583309045397093,431.1507027615366,1.6246232719393072,0.02827558328897775
78140,-2.517663295106944,-12.80505758116147,0.2614327626732428,1.7896612952403883,425.6900005065259,0.37435070523969394,0.02827645396173697
78141,-7.188723101412134,-5.272624763705171,1.1547775759715382,1.2648222203620394,311.7022720109125,1.3141915478893678,0.02828154636948366
78142,-4.385244433915818,-10.592893605321835,2.1029926955960203,0.5813551934546295,132.03269583157962,1.1287843697087165,0.028283203128837864
78143,-6.461702786432791,-8.733950266013402,4.449749164798664,1.435701168304489,468.02679975960103,0.17081660325358072,0.028290755465578618
78144,-3.1645693202644933,-10.663823528091154,1.785245264117821,0.5496472982382982,133.98328867980428,0.4012259196595478,0.02829357593279049
78145,-6.3781835926780435,-8.515627502000328,0.211855315105047,0.8815711043780897,141.7083224812304,0.243626194960596,0.028294554912816277
78146,-2.796695467006246,-8.952151072213898,4.384553183864182,1.8218387774025622,468.378224594255,0.5281978546981589,0.028295523770102093
78147,-2.676026168253366,-11.377388582599602,2.1559128546918704,0.6447867485532537,159.40088391888764,0.7492248842672931,0.028304886981586997
78148,-7.9164552094050205,-6.774639606400314,4.949096514048872,1.3276149438503528,213.40971765685168,0.4822031757958305,0.02830997844260392
78149,-3.056102019322145,-7.8212408364152,2.661481066746653,1.0040508757668938,468.3593886295615,0.5209534421451449,0.028325250152360888
78150,-2.9705562204999483,-7.8929369633109,2.9955008573340822,1.7177450359591704,468.4685058403667,0.263287758182142,0.028325721288331617
78151,-7.684836397775463,-8.463030830690508,0.3765015721525748,0.9132182010990317,197.4244156103075,0.05701584839769058,0.028326017424375783
78152,-6.324903492222496,-10.742470158989562,1.9997442731997825,1.0604534687362606,226.825042283341,0.8171439789284944,0.02832663245500304
78153,-2.5429582467304677,-10.578355819197355,3.4225071872263086,1.1327633913987931,298.0740230198215,0.6488115620622672,0.028327825856186293
78154,-6.840994237258302,-6.287272433622459,3.459711520446622,1.2473255132158565,262.73607010406573,1.0327375132951149,0.028328197801950297
78155,-4.4550749783984935,-11.144173018504965,1.4503064979411135,1.3410929512229,297.1586941162338,0.9299768016203256,0.02833199257672292
78156,-4.078270283670326,-7.660922347432758,3.1768851918522416,0.7489682939796204,214.33403461937343,0.26962983419875375,0.028334148274413586
78157,-8.368023938861143,-5.89888515370002,4.263806384391905,0.6924476094302472,211.12335574568502,1.1990599330285852,0.028334394254601315
78158,-7.429267432677072,-5.764438024898685,0.36542159837471,1.6204752026400264,377.5415815795469,0.5896856316976127,0.028334476795170455
78159,-7.053543392785066,-5.490936283572002,3.1492040482442163,1.6550025574446434,381.89231779769784,0.13092976090870412,0.0283375641815848
78160,-8.93001599467225,-5.958929872643332,1.1385538833695161,0.9901835747821827,468.4424789030767,0.5638718544128922,0.028339880111430783
78161,-5.071749546110101,-11.791584718981113,1.2902044207794796,0.9008482315532711,468.7735152674189,0.15993459073739213,0.028341765232366024
78162,-3.827757337266954,-11.518432906225353,1.3542559466752975,1.0499886250673036,467.1329867153707,0.8813307728137856,0.02834320757937846
78163,-7.253518509409602,-10.736732375458136,0.36419011989615857,0.7086741371174697,201.0618795652564,1.2857253516653513,0.02834925257888812
78164,-6.531613972296457,-10.695964491377207,2.0420188053660997,1.709846850728366,468.90551348900914,0.5336123185690758,0.02835121622161395
78165,-5.111212815758183,-8.001719056860164,4.746763968376785,0.8743731513263984,192.60038909447402,0.7816987196365384,0.028355995257030323
78166,-5.0279041136879075,-7.58521782825129,3.933191365530025,0.9931311742436193,261.8914035665171,1.0341997825513989,0.028357960771374542
78167,-3.654015280627628,-8.095699745931325,4.549872312797599,1.1478783863478839,467.9884511649548,0.3626535076277664,0.02835837060824389
78168,-3.1237651183208808,-8.108370465828841,4.526065955792112,1.0785729826319395,289.42518454513316,0.8686968687315586,0.02835887796470003
78169,-2.6120004568041244,-12.01160881161675,3.057657309417902,1.8510510936209528,468.0870736812576,0.7234774236331676,0.028364652240056323
78170,-8.140548744785244,-5.039945939371224,4.473392231675859,1.3701439579615615,442.81866022134807,0.3745957033243821,0.02837038659007795
78171,-7.655848359031633,-10.05165098732542,0.5920015812329248,1.8982994121409598,468.1076102948333,0.5339205894176358,0.028373183736520834
78172,-6.984267192038136,-5.793859850935364,2.551805658890066,0.8832101742565341,468.1583503329675,0.39309226480186243,0.02837465412934238
78173,-2.557408870748298,-10.034362486145831,3.5536935198739026,0.919094393971466,194.15818673184228,0.5107310867685273,0.028376455578241727
78174,-3.903914279872481,-7.751868332545742,4.080357024641495,1.0609677927682573,467.94524698600645,0.4407066072778809,0.028379570820489714
78175,-4.013287281099923,-11.394501297204195,1.3807306769515801,1.09606115226154,468.32270646600887,0.5068197554529332,0.02837993812882151
78176,-7.420268085056339,-8.033695161066566,4.641696469469547,1.24409740581949,296.921375664017,0.5258009901436154,0.028381283338299514
78177,-8.212971059304511,-6.413734635767052,4.576345559196331,1.0038792360385653,467.2746943074224,0.05904300892231262,0.028381761003874514
78178,-7.643867447235408,-7.487150049692848,4.912315418014442,1.3412742188418774,305.10514786640556,0.1558272573739643,0.028387832522062555
78179,-6.994832378501632,-9.487665711858966,3.256926593182935,1.407242616495135,154.27119287437583,0.4015195169575243,0.028388307448993677
78180,-3.040866932690011,-7.819289865261736,3.096624376824909,0.8929379039344827,222.88256378842436,0.559775870069517,0.028389360961304642
78181,-7.044822415692938,-5.687560460844414,3.5080852307597046,1.0792150469733992,219.82868877475465,0.2225391851699028,0.028393649981959902
78182,-2.9128335648260615,-8.580255550574197,4.508657131226429,0.5753604800945141,166.64730978079237,1.1934638918810663,0.028396455084096432
78183,-5.2457166813464715,-10.724713097142745,1.7528449435857494,8.465041618277832,583.8561450316092,0.025781521131729157,0.028417161023846456
78184,-6.5048144109487,-10.76976527926315,1.547603475373351,1.7855734298781356,467.60948414819177,0.19160739283916417,0.02842529602772901
78185,-4.222141314756266,-10.13413456305654,2.738610972952507,1.032066934332371,199.77632353115425,0.07692284735229649,0.028427212868415982
78186,-7.355594944867373,-10.853768101698453,0.9587950082771112,1.435696993829268,468.9176157715884,0.22559153319416936,0.028429884426905815
78187,-6.756580896065356,-10.389000820913655,2.3923791269025987,0.8746091065726488,467.83383765939215,0.9010207837804414,0.02843032485557079
78188,-8.908324721393901,-5.956459815416131,2.6756530456201286,0.9584365099864967,261.21131393102854,1.099616076503791,0.028431096726389767
78189,-3.0822342709329122,-8.341776829918526,4.568998522354375,1.2441291268080985,294.47793128387985,0.15746418706183452,0.028432962351984985
78190,-8.68765516673624,-5.903000979357487,3.531360394249131,0.9832443606541456,259.10769096529646,1.5129144435424449,0.02843585845591143
78191,-4.839329954189973,-9.338429659803305,3.649102402657256,0.9698148178959243,147.32400667958976,0.18560956846107057,0.028439914779696717
78192,-8.705924690871894,-7.716769471458536,1.8992367517747815,1.1385420839303098,292.83114476755014,1.8050113047821226,0.02844212172469151
78193,-6.145506387422422,-7.141662235539471,3.217629582089241,0.5260566818419797,111.30337411355166,0.06170902360048469,0.02844237886055179
78194,-3.135615555644037,-9.428903087218284,3.5703892335110656,1.7644034805887625,417.09502763549676,0.5758867154255363,0.028445730259384478
78195,-6.200195353678199,-10.73070788939079,2.0784626873218652,1.5306979852417726,323.14512150592753,0.31542500628066783,0.028447241829770605
78196,-2.339154806302486,-11.810626707739416,1.576406814588829,1.036304576394631,467.1783973359495,0.12828124584578848,0.02844758330730373
78197,-6.178691557716595,-10.602549718806781,2.3519854293408784,1.0873406216134003,260.6465186752788,0.376096304128799,0.028451121020646553
78198,-8.930459142071758,-5.976867974112897,1.1513417638647425,1.534799720834821,354.2931148963464,0.29031288209372086,0.028457991203008553
78199,-7.800149651821803,-5.434437903237866,4.800946129819322,1.1030955810629968,238.6777052591666,0.9122715118836302,0.028459874766619517
78200,-8.831790042606311,-6.377425783920309,0.829518602504655,8.129454243449231,398.18986655401824,0.21125631902848685,0.02846118192848589
78201,-7.5785093275794955,-6.031269224827868,5.00118871452269,1.334666504061969,285.3820709553563,0.480814255844515,0.02846699457842833
78202,-6.135573505503691,-12.183018192855295,0.08463517953793084,0.7821158524011648,415.604702879433,0.28546901776962574,0.028473000678946713
78203,-6.8938738388808245,-6.730099857001751,1.522935261575341,1.1038231083967354,285.7954483206397,1.3159480326809536,0.028473137044215266
78204,-8.935722413784395,-5.454753337610943,1.630175441330632,0.610226324702316,187.24728259150126,1.3911497339394163,0.028481296707821287
78205,-4.5851148447567915,-7.673021988593284,3.9698775518960208,1.7962577344834312,467.5978898736768,0.37440177653891027,0.028481701476859102
78206,-7.071401139758134,-5.222074803880453,2.739155523476924,0.96576421817641,268.64055148330505,1.761775960354563,0.02848839846753211
78207,-5.829718821978247,-10.69826114157631,2.181011149831736,0.5135090351435919,107.45501202896963,0.03904993508238608,0.0284892185307389
78208,-5.126411085263991,-9.585826396888082,3.3952008677597005,1.25821690122149,306.2496782083961,0.47706885637994123,0.02849005284144124
78209,-8.815363202418121,-7.21950372360318,2.447537367079312,0.7108957312575916,439.46200461804744,0.3669977017791721,0.028490497031503813
78210,-7.518981669330939,-5.551019075729674,0.26864332399562507,2.3244796841347592,437.2490322107387,1.5279782518171405,0.028494585643787623
78211,-4.2529716314141215,-7.688194064285173,3.857286839069261,0.8476647761452782,466.4542555897591,0.294624480862562,0.028502843109591215
78212,-4.090826334393261,-12.346139332192049,1.2295748234532882,1.4382176064473737,328.8561531365392,0.22098180593236538,0.02851483241219887
78213,-3.538413962657785,-8.644244242154532,4.3157593936566165,0.6463654134406747,130.31038473112457,0.6455046192062932,0.02851930219217475
78214,-8.654746173807114,-5.371279404604956,3.5621816544338514,0.9709757516549279,468.5247002245076,0.0480949067306744,0.028526441405213702
78215,-8.828259453294296,-7.32766076480834,1.8442294507628245,1.5558338174038482,307.44742415848987,0.3961080318552668,0.028528859003042185
78216,-3.2928716824875934,-10.512652890348853,2.205960860032768,2.6555992886066213,186.48013659844375,0.36669989830429905,0.028530125380518648
78217,-5.98226729735046,-7.415721053003712,4.542224442503808,1.5443604873875163,364.0496394946636,0.5166022471608622,0.02853068277387707
78218,-3.43962982098758,-12.090869278077262,1.2569587359326782,0.9392173221904313,467.4390136263047,0.8936574611693375,0.028530748086861703
78219,-6.999101406537141,-5.754258123487294,2.5051274266642123,1.2603537013685193,311.93341477494425,1.1163787571236892,0.02853339246413394
78220,-5.128783892046028,-8.045185342506846,4.755000061838313,1.8174685194149596,381.29842203234415,1.5625740773818562,0.02853346842075271
78221,-4.581153897621995,-8.13132925205251,1.1066982096142424,1.4925469501269457,352.58433529033636,0.2669797777155827,0.028534262934400804
78222,-7.105592462596174,-12.435600925457615,0.5889443150208223,1.1324515211868769,268.4799182412909,0.11539859059632196,0.028534858075294742
78223,-3.707936819715729,-8.229956173019387,4.561152456232442,0.7331738327381362,154.2410293713977,0.12109470776129871,0.028538631127715333
78224,-7.137541165362763,-10.912375515014208,0.3365083336288983,1.4899360429301507,342.44560821516177,0.32937616191053287,0.028539649676122998
78225,-4.209303146775445,-10.611315974563771,1.9285911580886228,1.1113997508675404,286.2080730166979,1.6465378438301022,0.02854132910716813
78226,-3.646749969319661,-10.584719192742238,2.002293531708891,0.6084562936157427,161.2489987040368,0.362243784898161,0.02854236759815361
78227,-6.524056397664095,-11.253013363260587,0.1376822348658685,1.1529526748596546,202.5416380362369,0.10635177433035903,0.028545073346416018
78228,-5.672144496520668,-7.5428914621648495,2.1876965126520886,0.9058756704130818,240.0329169272438,0.41681814414042684,0.028547248782514852
78229,-8.330860719842729,-5.99400494413702,4.337067455681048,0.9573222772009302,224.77672055389462,0.5720311428904301,0.02855139078035255
78230,-7.228198242037247,-11.571237620858426,0.5742128984335948,0.8526315155527274,237.24062594858609,1.4625454619374496,0.02855253332918056
78231,-3.732999553882892,-8.006024563559496,1.5937294637361856,1.1461692950973084,180.94494658332076,0.09360718101545107,0.028556925286619444
78232,-7.804748112249533,-6.919994467886301,5.028546613446555,1.1278230299261331,289.68966004441745,1.3457966296813986,0.028557126091498377
78233,-4.054980075444758,-9.27681680888095,3.6779034572891045,1.6485826403601234,467.64601642379085,0.5530128732505721,0.028557971713984904
78234,-8.721004933375754,-5.247376524786388,3.3510262989158743,1.3995834767069046,467.8298109032317,0.49684259166977984,0.02856072409124921
78235,-6.861438256026854,-7.865050184233784,0.43437650465376465,1.247043636233078,273.1637555056787,0.08489469650639325,0.028561921686415893
78236,-7.5902351822491205,-9.05986547094879,2.957030902710521,1.3839413608245008,164.91304255315652,0.18204455037145006,0.02856426820417726
78237,-3.51975881209862,-10.650643059697158,1.7885586843335282,1.0721107280908997,287.61806700656103,1.1799347148750856,0.028564987076821147
78238,-3.1493331551127,-7.730516324726167,3.278994574602802,2.4516843486577686,449.5534629484418,1.4041769530878216,0.028582078934475175
78239,-3.730672225020064,-9.227261884387993,0.03151259563112241,1.0042581041071579,467.5598771553009,0.6523661605430533,0.028582646266895318
78240,-5.228277087944615,-8.537282394511688,0.40897276599130616,1.1657902355774432,300.8181545166802,0.7777449009704851,0.028591510269329785
78241,-6.772371452169156,-8.250352573419832,0.25837919944485227,1.14775478877323,290.5203238861818,0.30478547317096005,0.028594388310696342
78242,-7.048068926975995,-5.91930633202314,1.8440717523694385,1.2096561092493363,303.2645505188912,0.42618694560834935,0.028594485320661795
78243,-3.1759695888536834,-8.14513898808389,1.2555366480825734,1.299168078893015,317.6813634281674,0.6251181278878919,0.028597097981332836
78244,-6.326646264554256,-8.161916779100238,0.4805623091800669,0.5734432752499471,126.02088777833127,0.120343747074668,0.028599072244639423
78245,-5.503754549768314,-8.004978915218306,4.855611718639415,1.8910447933246899,468.4994070333361,0.2543259666695086,0.028601660043616722
78246,-6.920201002870678,-7.2429314623287215,0.8191677429497438,1.2964145072656035,320.78608227226573,0.47398915095496896,0.02860183430568838
78247,-6.383678271489531,-12.537747786422853,1.097388932140589,1.071682748723674,278.3905336296747,0.8920318253759572,0.02860312055421934
78248,-7.785586373099291,-7.646542490466547,4.58365424550722,1.7852167751038708,467.9490953656751,0.9330372207196689,0.028611698637874352
78249,-6.450234074782851,-10.978557327526847,1.4141830597931335,1.2057764188521978,305.5192634538926,0.718207929305442,0.02861454055008389
78250,-7.072336543993547,-5.326710074159771,3.0361425957225827,0.7103405788318878,420.7070402210772,0.37131029943890415,0.02861457086700156
78251,-6.080396516138233,-10.625477457453806,2.3206394435768343,1.5673944687508214,405.55317950966105,0.6649598468115672,0.028619020397527117
78252,-2.413207234287836,-9.912624739439014,1.147155756316119,1.5212392619142834,281.41773106124305,0.0506027747536546,0.028624077120567328
78253,-4.576849290655498,-12.261716746399767,1.2339492294069858,1.960395463597702,387.817359727298,0.6474053584139803,0.028626354611137463
78254,-7.246634031888655,-9.255704449159174,3.2588873993591947,0.8556745858128085,193.27981439958953,0.20590495416665888,0.028631381701042024
78255,-2.8863410025310223,-8.227847557265848,4.084194676214303,0.7305657370557841,146.0985200328641,0.1396611907024079,0.028633211469992557
78256,-6.676663448776887,-6.681433199870076,2.5143960374545964,3.3657304668425905,525.5419571351865,1.0858788904992407,0.02863445566059084
78257,-7.562166989751457,-5.762581577297312,4.8710111658670625,1.2680907438684181,309.4692252464758,1.4371528347734648,0.028642595947747627
78258,-4.700610853428392,-10.677876384845607,1.7734842105113446,1.2571840401581769,468.19574527802183,0.24444376808053025,0.02864658352106087
78259,-6.263633161804222,-7.234152990268024,4.507477904456151,0.9529856242429195,262.0229308810898,1.3948965774328999,0.028646613220154875
78260,-8.04890282292951,-9.148651695941169,1.3916942640070262,2.6150829665331354,227.36138062101486,0.2364531695564036,0.028651416794720667
78261,-3.378378698051238,-10.158585826776212,2.6916609814454726,1.2462810264708812,468.77547070748363,0.3938548138148823,0.028655308147036113
78262,-6.891611552782813,-6.2229960040696515,2.391205135157208,4.29897780836423,569.8997340515286,0.2937726535635159,0.028658873083591073
78263,-6.398888491607117,-10.71903917542603,1.955298225341277,0.9923483463536945,259.9148928929524,1.099795314051307,0.028662684309668684
78264,-5.045103546041341,-11.554575756885418,1.337579399437266,0.8287561390949424,134.99283068794244,0.22624418546539005,0.028666275968257042
78265,-8.267919977329925,-5.313178956245094,4.336783069031257,1.1131677705307919,288.4355914675072,1.1716535977854186,0.02866945815125589
78266,-3.573558337992962,-8.0236033332049,4.504972764414349,0.7148693628438719,145.09732029237165,0.03452152738897318,0.02867021504372635
78267,-3.500758069726273,-8.055557696057953,1.454596891859889,0.9077369528832527,234.19749023726573,1.3361115959002356,0.028671165161004115
78268,-3.3730020401041134,-9.202413468114075,3.7397476317806255,0.9501043794800135,262.8534033699296,1.387361487823278,0.028675695634547364
78269,-2.6913521275719656,-12.72386113033251,1.4013706770100824,1.8023273242805247,468.02435111092274,0.028315076262563466,0.028680641084924532
78270,-4.818405430670993,-10.165576272607572,2.7375065140163004,0.9544067715807283,467.1800177639612,0.6156748804195873,0.02868134114851545
78271,-2.76923285098174,-8.263588575330097,3.044894881704796,0.6877066267402967,211.3267964648931,0.3145699630613352,0.0286898948308057
78272,-7.157583828023947,-11.923111606894961,0.6584533492755288,1.1598496874403126,295.6570904443127,0.6941895541561882,0.028691934199660755
78273,-3.252089019202943,-10.223446538147355,2.6251612686286134,1.1128480815116684,467.2973306110101,0.7817714346158082,0.02869439065956225
78274,-6.823537094972965,-6.515108562225032,2.141501629378801,1.9056164474985073,462.05863742540896,0.4304826656313896,0.02869982427026272
78275,-7.90086741563063,-5.238484529004054,0.19599835793595688,1.2435395869189545,306.2128458668712,1.1000959957596281,0.028707154628349402
78276,-3.829777865273557,-7.786760876951777,4.1863560694924455,1.7693772360326518,419.97786461484407,0.18978587693516769,0.02871009921175406
78277,-5.91410886638947,-7.320979733778519,2.800839873591154,1.9010908049362338,468.5226430903711,0.4634986490102646,0.028714238013188433
78278,-8.861211760374099,-6.801976230769233,0.9711905194922408,1.5128497082825811,340.9275787514834,0.2573845575630358,0.028724653911327783
78279,-5.83213813869331,-7.5310569039987865,2.0325817850339734,1.0875285162161217,230.03624250300143,0.1612826933197251,0.028725656682229015
78280,-4.73121436649361,-7.604158097779783,3.6233301067840293,1.0920543784087995,284.07994548947204,1.5579873168148266,0.02873596552956116
78281,-7.317306482649036,-8.547313308417724,0.23577604000088792,1.0526008149199788,468.0253972994398,0.8181712800942957,0.028747174022613377
78282,-5.488743116573441,-12.01204527389882,1.2399129018819839,1.178868302821725,280.2039439025775,0.5459821611704205,0.0287478199812977
78283,-2.865528721395637,-10.818629535946156,2.3629119402738215,1.8539316075225247,468.3511564823976,0.5344213384338969,0.028754646525623373
78284,-7.719455753927701,-5.763552838193121,4.903082041956874,1.11072164532791,285.25282086851365,1.2610515474075994,0.028754807122825302
78285,-6.40162213146209,-7.189529555473145,4.639600393455372,2.465971033186318,454.4822714295319,2.229486282478754,0.028756705313581862
78286,-5.936909258229049,-8.1143321792613,0.7051692236127466,3.96119198012944,563.1586163739157,0.738746574881465,0.028766074092582833
78287,-3.6908639364087668,-7.7946933731924695,2.2444891686090656,1.096340345091506,277.2889157275765,1.7960707219106622,0.02876784544015577
78288,-7.623775445761218,-6.353219768536884,5.115392867496837,1.0522989229705966,274.30117320654284,0.5887217763947268,0.028780372606416926
78289,-4.635013423289057,-8.484539745321959,4.490621767090118,1.1308509443637502,467.4128161282353,0.6699739379918208,0.02878676463134574
78290,-3.719395316662882,-10.075030415656865,2.776004571023126,2.079787350455571,346.97954662213687,0.1145343790408937,0.028787315222464218
78291,-6.400668101680863,-7.094903329973048,2.337416054759206,1.4317249241834074,468.2316342742577,0.03725017835853972,0.028788051874736428
78292,-6.759580124287549,-6.498489506465458,2.67708598900308,1.0825354353874126,221.88112850605165,0.05847593110569527,0.028793984755449652
78293,-7.2164683657424336,-7.969005908875371,4.897164638140538,1.0966134468580606,195.30323812166526,0.2803990216346559,0.028797745537564597
78294,-5.606895380102991,-9.458442406367151,3.584498944522195,2.450983041406523,453.51668184203345,2.4483990417322836,0.02879863381049181
78295,-7.921618464939193,-9.447974086134575,1.255428096975308,0.8577621512087906,467.1859047479715,0.16126311268889015,0.02880618933304704
78296,-8.057040783733749,-9.144519874305342,0.7033860014308961,1.8458452816140487,467.71357455286915,0.8927823321662975,0.02880642036834134
78297,-2.4617314123478575,-9.649561366841114,1.7973960531144781,1.6655830218581062,357.6637681856509,0.888740746206981,0.028806975970559524
78298,-8.226797312744244,-8.707747201992763,0.7107421137701445,1.119085241617287,289.17141007169,1.319291198181392,0.0288108700045884
78299,-7.971560210131523,-6.773567536156152,0.26906282880738347,1.7199590180480284,406.13128297501237,0.34739628707314374,0.028812041403715093
78300,-4.666759821658875,-8.091904092010791,1.2019552395264017,1.80990555979441,431.3208012190488,0.1390002257645344,0.02881403638609786
78301,-7.093255592275142,-12.548172484691165,0.5872932960564771,0.8842741028625454,469.1514520018519,0.012400732610715615,0.028814613083688816
78302,-3.2818229483905466,-10.111223475352556,2.7397942731311313,1.6156496147853752,467.8916277202032,0.09989693310790759,0.028822141380337892
78303,-6.041056904820195,-11.791694878359912,1.2360242072421965,0.6815023069802693,126.39198977525419,0.10779496055875715,0.028825795688470757
78304,-4.986819499727634,-7.679933099618318,4.252930960237058,0.871705397366212,187.08211795810993,0.22916593174638766,0.028826311420733566
78305,-8.581077857110515,-5.815184345259413,3.7882737707328986,0.5588373713425258,116.75898164715846,0.24701585017933692,0.0288285087225982
78306,-7.337976020298385,-11.071365360865371,0.6135930621825496,2.615014880621504,463.3989800177428,1.2414983192102582,0.028832924604786172
78307,-7.359149011126092,-6.9136239982229295,0.36384085800885013,1.8124421198956508,468.12267510428813,0.2836302047972028,0.028839012060639567
78308,-7.20327847853327,-6.680265082217329,0.6261290825034777,0.9726036098072397,271.4687711507083,1.273450030271868,0.02884161588458298
78309,-5.8984921863269175,-7.990542066001352,4.998840265698148,1.8699453210208081,384.96061335302704,1.2243265067299944,0.028844623245659888
78310,-7.750445012091751,-6.006353055599099,0.1985265344250811,1.0319025045182504,467.49590309381307,0.6435103564850193,0.028845364439343463
78311,-2.489880419987397,-12.468755901183444,2.72820967375071,1.893827589589795,467.6553665409872,0.4117990371102609,0.028845963733710872
78312,-5.685329409523999,-7.86835506230869,1.3158443661721853,1.2151999695244655,164.33598984183897,0.1838581657484033,0.0288535999777476
78313,-4.596903170442851,-9.26794589570342,0.011656619271515862,1.3351396251874552,241.85882881124397,0.41378053731506537,0.02886517855837874
78314,-8.6874081262697,-7.629773170236355,2.310226745796899,6.742884534527384,642.4987710998382,0.1979935604464469,0.028867171815802818
78315,-5.231759536486663,-8.657113171067659,4.426700024089983,0.8025786699884542,181.6294282565982,0.9964445026387168,0.028870710118208454
78316,-6.948705876223217,-12.44141659061285,0.8864374814734468,1.7856068230918594,469.7657876434143,0.0999640755244231,0.02887088533554579
78317,-5.122692715669218,-9.037362762109561,4.011759892688873,2.6590164769213906,461.07724293472313,0.7977611918743692,0.028873842124437096
78318,-6.115267390454871,-10.640744235398039,2.286788653899532,1.3450499176018464,292.1201561441214,0.947803581084635,0.02887415538468768
78319,-7.464402869840249,-9.57919761704731,2.419599241532671,1.4274153444789548,329.56848993327947,1.5207739960613793,0.02888043115936414
78320,-4.1565271421717895,-12.659580369557595,1.200120978334856,1.8794456334228766,374.968955633816,0.5073545733198976,0.028883094636815963
78321,-8.922916753444527,-6.558878400104459,1.8449408311529354,1.869300163835771,388.5410385337499,1.7019410092316276,0.028889427434710614
78322,-3.2834296586888048,-7.812935437367352,2.220572836321193,1.3768503121425137,307.2770526255856,0.08155294801673829,0.02888981443743438
78323,-2.6612506614990172,-11.441657959137894,1.9582164893549205,1.6496312312786345,381.9098059799396,0.5304098858658417,0.028896586050759007
78324,-5.659589388714169,-7.38730486766641,3.2933441913337913,0.7819838964366332,127.91889582128341,0.32761920444302284,0.02889861847205582
78325,-3.8689081431486585,-8.078902566148457,4.5504493823961765,1.0792779642415091,288.9057726741099,0.6301670329871554,0.028899689579820333
78326,-4.295253100804618,-9.7077103887395,3.1938510356786805,1.1692483406621097,206.12088869794604,0.47555138394578833,0.02890094693012228
78327,-3.4200224657357623,-8.185781632979278,1.0859726563652217,0.8174988801675713,468.22199931352054,0.5133655765133778,0.028910933625944293
78328,-2.6131940427753753,-9.624277405427964,3.8175638811722794,2.526130587673548,438.80888736509974,0.42160519341467495,0.028913792381339322
78329,-5.02683099060455,-12.889075684688086,1.175285178449196,1.6801903439610515,390.3127247351661,0.24570568881536747,0.02891631284402896
78330,-6.696790122624621,-10.714373738823058,1.5036130030714063,2.206576012190226,200.95431114954053,0.23936388542570786,0.028917731251938215
78331,-6.769091954755433,-6.451276850782632,2.907178884772434,1.7418370012694593,412.1454426880814,0.1121934300787304,0.028920924259275033
78332,-7.34285940656258,-5.651197185098463,0.534966908814124,0.8779468176559527,222.90351539945146,0.13588072000177398,0.02892366411565409
78333,-3.111058902337323,-7.851572648153224,4.021430925133926,0.769340362258644,161.45095001960738,0.39222214081774265,0.028926609349608202
78334,-2.3620104345205757,-10.628160291899276,1.1120845789152394,0.9909523399911679,135.2117082021789,0.31927534684741143,0.028929038523934497
78335,-6.284072698595361,-10.721518571255135,1.973045504517818,0.9727112588544881,213.195846203752,0.02521836511503661,0.028931695275359944
78336,-6.462721180524989,-9.585418044156828,3.4264014755175842,1.569218564104203,362.54306783944577,0.5891852184083,0.028935403190833802
78337,-4.356515546274581,-10.014516827301806,2.8691444289839674,0.8689352382658949,198.6794788552108,0.8261222994726518,0.02895398955868828
78338,-6.95409862261274,-12.747275037803615,0.8299804372820626,0.8600999480729297,195.62143823222567,0.9782636544712631,0.028960696066908778
78339,-4.018101546066334,-11.975403551208068,1.2654049387359203,1.8741304421776204,466.7527510130864,0.0953701424441542,0.028965283491446874
78340,-2.932680362094927,-10.721216107929079,1.942484887598354,4.9780621700417536,617.148059268996,0.37723882091429584,0.028966278396254676
78341,-5.398816937592295,-10.687632197210307,1.8372391181474612,3.9352842576087252,470.1224496188318,0.10505262629029843,0.02896807088476327
78342,-5.222058857970596,-9.855217529230512,3.105140155503963,1.3915903467631767,313.18129067019265,0.16796790183893862,0.02896972955805698
78343,-6.957394203712634,-5.95589196504559,2.5133019296132106,1.5898994782854166,371.3085869716135,0.6404002199622827,0.028970809817651405
78344,-8.400912644859243,-8.570320116076608,1.030492955846995,1.44724441397036,331.81453874089243,1.0256631673111807,0.02897187861862736
78345,-2.7522229541569736,-9.82858238549926,3.7236630346331747,0.8886895661023959,196.29590973639952,1.01377561016883,0.0289723330349693
78346,-5.482746938283853,-7.493269850434797,4.021358180351485,2.03581753021743,407.0642095803806,1.6375983053562244,0.028974687433962622
78347,-2.69461956110079,-11.217617637330331,2.1579649473082703,1.0625780542980525,239.24968850675887,0.20927154496095657,0.028974974273427635
78348,-4.167893628179362,-11.150630260276959,1.4394398925030107,1.0378491489520811,261.61229485732326,1.386018307203389,0.028977163188136982
78349,-4.40304150387181,-7.649243178875844,3.5732594357806913,1.5013648455842519,329.5183447464199,0.8331401850089621,0.028983536935588635
78350,-3.32434712016609,-9.237810975807204,3.69753990700693,1.852743080834039,467.8390476570233,0.30821987418463426,0.028986209850701307
78351,-7.006928698168222,-12.844322408960235,0.7587077516048895,0.83156253721443,464.7688290192343,0.07272726110318839,0.028989415433967918
78352,-3.2505331233306842,-9.553225247605026,3.353261641614222,1.63459953284357,399.2967407005734,0.5765888683463851,0.028992285398304545
78353,-7.991694325160893,-8.594189750486729,2.778127285092778,0.8797019901593732,142.77499131029305,0.054978127128409326,0.028995428905905788
78354,-8.907501814110406,-6.88656814020186,2.187569024900447,1.1061990617701933,467.3736204983196,0.07480954658572347,0.029003391804062383
78355,-4.142090663700605,-7.78099861446931,2.2876802285416717,1.8490708242957867,468.8838966025637,0.5601648333546869,0.029004197010965373
78356,-2.51730525065253,-12.828994892734933,3.0150308104673798,1.3884624322183694,410.51530853781617,0.054709345607832915,0.029013347100860128
78357,-4.4576573980445975,-8.369853265051756,0.7076431366139959,6.452544668107846,365.9295636168941,0.21645694370438484,0.02901481914224928
78358,-4.209797501228175,-10.597997464083239,1.9267265180989863,1.4810184574604601,341.71836556562545,1.7417216929456858,0.029018000575126084
78359,-6.806795036684871,-9.491910715642948,0.12451944654728889,1.6599873015935658,457.34332790046255,0.9099231002373127,0.029021490941550373
78360,-5.622011720331289,-10.400206218214619,2.5426162086505038,0.515248827788989,151.26056141757135,1.2533138316634158,0.029026849908266872
78361,-5.511077918934915,-10.550573900034106,2.3450590372307616,1.3673057088100784,325.9752133693078,1.9299090077107932,0.029030697743584372
78362,-4.0200507622875925,-8.223399003041408,4.559909500100595,0.7639163894832223,444.41707029791127,0.43960410904048164,0.029033514953925428
78363,-5.977410266624538,-10.791917044334095,1.6223403153514937,1.1331175324438396,295.10471080686347,1.634698064743307,0.029033682949340518
78364,-5.632720858027425,-10.909504817546125,1.5272123759190406,1.0787430760707197,252.47198208685424,0.35043599420956983,0.02903554488565642
78365,-5.2166444526858795,-8.243837637462875,4.728608291999261,0.897492645684988,185.92689495739506,0.7645869792002076,0.02903717335320674
78366,-4.449446676353093,-7.876488401350034,4.457371495038959,3.4908877300647743,532.9247319044127,0.9046029856779532,0.029058918932100837
78367,-7.269198145140583,-11.340448956005043,0.6186962599627427,2.6846089767870502,460.09229683641627,0.6797290129776314,0.029059609357484594
78368,-6.6481856509783555,-10.4117213935547,2.4212578684858874,0.7118637543995151,143.51611585894835,0.6966651348631983,0.0290601513379791
78369,-6.16524412393868,-7.553748287963445,4.945561959772509,1.0893377308055499,469.0056901438263,0.600978332918058,0.0290632405820999
78370,-5.729823430983562,-11.344360515162347,1.3600861661702304,1.649991299240705,386.42966509166246,0.39035984166254156,0.029063626680216854
78371,-4.968149965706882,-9.0260714654699,4.004924869611738,1.0744116872627774,228.6307437941749,0.6681702138418109,0.029070855570671298
78372,-5.4075545788004495,-9.458504779146997,3.5576336629874246,0.7619540372319408,170.63390389073348,0.7386666004706042,0.029077926852776628
78373,-3.485833407996319,-9.650918788852879,3.2282081224890065,0.7315662242871026,467.67040779718394,0.3002205251534713,0.029082273531127276
78374,-8.359779844550765,-7.269725687083014,3.9087600608840574,0.9328233961842546,468.739917340718,0.8574966267055713,0.02908257792907587
78375,-5.840149133360161,-7.365350263024353,4.041271497505098,1.2426172344398525,468.83634886644484,0.4944958730403872,0.029085244420177923
78376,-4.609533555348778,-7.710919757314999,4.093074228732044,0.8592484419936648,248.28842648725043,0.7307252974813077,0.029097426138657793
78377,-6.90114994488348,-10.492945464798112,1.9192563587319842,1.5661229701673578,364.5263455788141,0.6370958668694371,0.029098292011082803
78378,-3.095061718155252,-7.887293641960768,2.0458148315611537,1.7107282617829194,403.2087419237511,0.4168084728762844,0.029099497632020428
78379,-2.603885928265397,-12.597913070149126,1.866462429980945,2.7010173016723633,468.6619223264622,1.0042559148188603,0.029101177689619073
78380,-5.570257931194812,-7.422370239592122,3.6216036341528457,2.558962738687213,264.26069043107907,0.45798141497368317,0.029105664214017963
78381,-6.294731966370116,-7.973438582170683,5.105555437424303,1.0998452285372897,290.73754341302237,1.0555875576084892,0.029106411702730147
78382,-5.583798804142063,-10.540771620642724,2.3743905817041617,1.1540320763574126,301.452547236775,0.6861222884759588,0.02911018853298431
78383,-5.880432866552809,-11.077476420907002,1.4363669533290269,0.9560628546587183,468.5160998665443,0.6145911719162696,0.029110303867121372
78384,-3.086640016939983,-10.590802782893572,2.0063656725149506,0.6630113095346718,158.91275361961573,0.3198571331080444,0.029110696554555986
78385,-5.6883307993833,-8.555669880508981,0.32148170041848734,0.7784339662266494,466.28895547911355,0.2826284886153667,0.029110968936838424
78386,-7.92119683753735,-5.180539487376456,4.680005284708108,0.9198342925325591,179.29157239933684,0.11331017022599976,0.029111046148057765
78387,-5.5487922498961115,-7.889293132637138,4.841128872657365,1.140605597185207,252.71875853153213,0.20881493387014327,0.02911475546798204
78388,-4.012328665806311,-10.508832461065307,2.1957605490596075,3.184906246864349,412.8474411211328,0.048677267093016674,0.029120716648441725
78389,-2.946455092261587,-11.93710733284238,1.314024763708256,1.8241208879870177,468.34017412872754,0.018263044050446986,0.029122977001911545
78390,-6.624259545278274,-8.455611215209345,4.712253801298351,1.9701991273091874,385.1369996234904,0.39923951860273466,0.029126935840623345
78391,-3.3978632122779153,-8.392522677477444,0.716607607713688,2.3808352026138433,426.5383405851064,0.6070765393821089,0.029127514088797758
78392,-4.399524593157408,-10.499445310093053,2.2739082494162024,1.8232958428922423,435.47087686570865,0.3076319256359499,0.029127671418096496
78393,-4.7123482498399305,-9.493886543370555,3.447964912728994,1.21116290569747,308.9819784409366,1.463087192352539,0.029128328135051697
78394,-6.792699855069816,-12.285421122252128,1.0020872227647255,1.0592671201422397,218.33048429056743,0.008831389584616822,0.029128727009564072
78395,-7.5394410309022035,-5.384564379899701,4.703031706108593,2.505875936478063,458.1230091564726,2.188952243490445,0.02913101318968855
78396,-3.9193798148160592,-9.800515211551016,3.079413725969462,2.374551750103968,440.7987741168959,1.3062540036630077,0.029131192716283647
78397,-7.060456708948208,-8.744476904042337,4.124671808887059,0.8982981233123783,468.5217330734946,0.8022099382231502,0.02913194713399742
78398,-7.151433939896957,-5.964903401824352,0.988909496948751,2.3876769410449095,446.38877303056137,2.0027651753074727,0.029132912703605796
78399,-6.824109503643255,-7.717956297890272,0.5727262419654588,1.1693296308014325,470.46092063170903,0.220890105532348,0.029136067253992717
78400,-5.9200081384642385,-7.509964704107512,2.0027597449334102,3.610200990289718,524.483865344536,0.33931371448010683,0.02914115210638712
78401,-5.9986554420179825,-9.876491009066658,3.1381478720085068,1.8340083046124858,467.1704274938784,0.422429124642389,0.029143250375860238
78402,-8.0004269075356,-7.0850558129555825,4.709094679679305,1.2507764082797455,268.82266257934083,0.9520641089164643,0.029148334269120082
78403,-5.194266804126425,-8.127129835794351,0.9554711961024047,1.3885323393043107,453.45799351472937,0.21149911210776917,0.029154563830667574
78404,-5.270869177510076,-7.506930648090839,3.2204696626165474,1.3232765210929307,324.4888846149287,0.3963181216577931,0.029156030981801865
78405,-8.078886164327546,-5.504667798720525,4.598071364004197,0.8143763064923695,449.7740521497802,0.3571108604981612,0.029156829360593293
78406,-6.807459809480508,-6.651774336719218,1.9580799805817788,1.340717724627062,306.39362413206896,0.3339501418587645,0.02915763079504141
78407,-6.725236431831757,-7.350104858561901,1.0246068645401198,1.1292985066045065,290.0158999689728,1.2177464426363196,0.029163950691746834
78408,-8.038064585586516,-6.977834132328347,4.70459553952866,1.8535075523526845,467.8789154420252,0.15627890715795978,0.02916507571641746
78409,-5.149608995707673,-10.007021959469707,2.9294221423982374,1.161094276369687,298.5903269018503,0.5202184883672585,0.029166040439391448
78410,-6.9217839098197915,-6.119432499431188,2.5772830636703503,0.966005383174893,469.1564963709278,0.6314759840542115,0.02916655104601732
78411,-8.426541014103815,-5.809914946391985,4.1222182266683935,0.8028279064589194,206.59286489865121,0.5701976181434762,0.02917354388364087
78412,-5.098293097939374,-8.82158691360124,0.20898745855263925,0.8376689136151504,226.50279569103878,0.8355801249706376,0.029182024758663185
78413,-4.450709185134093,-10.555656194202138,2.1343205223267754,0.7692655778529539,468.3571911244121,0.2919969340517543,0.029184480305481326
78414,-2.6813141105567286,-11.578605781738684,2.73671083763584,0.7732459853455226,421.33472130627507,0.2065436570468604,0.029186407322828966
78415,-4.628275425698729,-7.613008831829549,3.3088230504027876,1.5813894387099947,372.4581444346693,0.3374609825491719,0.029187720431376178
78416,-7.15357931135344,-6.939771070799578,0.6263921214945852,2.3295669672589803,441.10828519796894,2.2618676130003603,0.029190166643951895
78417,-5.747309052015057,-12.410319651277398,1.179801801923653,1.1432256421934115,237.3799512145642,0.4684808337941293,0.029201265158628423
78418,-5.7484122223410425,-7.398527551636547,4.00776271396798,0.8630289170743033,210.69193458206462,0.7687765608764279,0.029203288764853397
78419,-3.065095595110934,-10.826237307154964,1.6118286935437673,1.087013658435516,282.3920735220867,1.0117308253214556,0.029203837062296463
78420,-3.0918044072678184,-10.542571726451161,2.2114601865557115,1.255432118370826,313.0702976272773,0.5535917089950706,0.029206286906740545
78421,-5.7839333830284385,-10.188779457516498,2.788757949142284,1.189897984370335,245.04055070974638,0.9944433169881677,0.029213644946147952
78422,-6.409476802125363,-9.428991189367737,0.05687824812375886,1.5436637267370927,470.19743254962253,0.09296717282166433,0.029215980479925536
78423,-7.098311734177695,-5.317837872342924,3.2613315899192816,1.7384549131819953,412.10395462810897,0.34851693549995666,0.029217006357872645
78424,-6.504263487272992,-6.971695978945997,2.3752583800838885,4.229936855155119,562.237301560025,0.22158236179720614,0.029217305396709296
78425,-4.635913891114649,-9.382046388321202,3.5735037177470916,5.720480171906542,505.52195659222434,0.03876387021582328,0.0292182483332155
78426,-7.205710001572683,-7.6959214237572136,5.11588621173745,1.0932533230259598,291.75770885861573,0.7827464271824942,0.02922378814496911
78427,-5.7584283831644525,-7.842794760515686,1.3510367274702866,3.93445051756301,460.9721683103823,0.07339557042828915,0.02923463168963367
78428,-3.157130552927086,-8.301298312187246,4.53739042796749,1.3042892886388397,319.2217331089512,0.5612070538906035,0.029234970729611936
78429,-7.766235173612976,-9.73604551108874,0.6094912121329449,1.1960401924866224,302.8736283522249,0.5273646032382162,0.029239853544653627
78430,-2.6134305806494407,-12.827970644003797,2.5862374316447863,1.7911772040419283,379.3829516684313,1.7552584394675126,0.029242575914789983
78431,-7.044355659318374,-7.050021162653675,5.18610859944537,2.228602209524185,404.4452906252765,0.49824385974510044,0.029243085205664498
78432,-6.230317100975032,-10.712444122524726,1.8167361724728146,1.7633782915696794,468.3817789111505,0.5295765838725908,0.02924806256788687
78433,-2.7898401427349953,-12.337309204085113,1.3304624387721358,0.9576825663661939,467.36025672676027,0.7562164835866305,0.029249829062922596
78434,-5.7590202708886755,-7.727784797391506,4.834762800554236,3.4085860176006544,525.570445699302,0.8362248994249137,0.029252441521193592
78435,-6.313246408346707,-7.220690688488432,4.531764997167525,0.81451624477833,171.38086371622703,0.039782090646027335,0.02925410222770779
78436,-4.675682613855088,-10.579253011373858,2.103180794988457,1.508638059011187,359.29235153273345,0.5867496037118016,0.029256783429720764
78437,-4.221153032590218,-8.172313601980958,1.0875307244230077,1.5120851856954975,468.6501134509432,0.18261570479661327,0.02926100875703074
78438,-4.737067862425784,-7.686659277665227,2.5018190229986748,0.6658000622836947,146.75468404487964,0.06981613097265704,0.029263969605061863
78439,-7.166016639720897,-5.710996437156431,1.2167957027351823,1.262151528947056,287.49766499888733,0.7426168005097695,0.029269673530302714
78440,-6.981386356246446,-6.527447010792905,1.4872436245883867,2.527465143266951,459.1005765213655,1.8261039756551867,0.0292723172684094
78441,-3.7777268076372437,-7.768110936001631,4.041625925662204,0.7231496557882432,157.7571122357544,0.32621738139459744,0.029288950382118425
78442,-6.9531254720722675,-6.7292672565142055,1.3413958407370095,1.7299045265563728,175.38428320405905,0.4282401774918343,0.02929092333035122
78443,-7.554551442662786,-7.039803983535149,5.182230064470502,1.8434894945958276,468.42591802295897,0.7727569407789661,0.02929321595018303
78444,-4.782608817844691,-11.915567187462948,1.2648580097806026,1.2979167323472438,319.2236019929493,0.29278971746873506,0.02929416341847353
78445,-2.5269736997500436,-11.489744307289403,3.2211450215355457,1.4297618970578054,467.99385561553726,0.4234352961727703,0.029294565491468402
78446,-7.525652499008616,-5.633670800147192,4.7813922831486915,0.8079963963499704,210.62692313194384,0.9730903231289343,0.029302991584350287
78447,-5.885003749923245,-7.4402131760247485,4.433275076105049,2.325510214854881,436.1774884744216,1.2658645809717388,0.029306382372012264
78448,-6.784485826563236,-6.41274961964313,3.3017509340019338,1.0376458276593756,213.1047120371148,0.12204500430695031,0.02930638590198537
78449,-4.0444118903909185,-8.541766400293948,4.3967315713245245,1.2955366671457955,469.1223389013058,0.6343843074447584,0.029307056259295847
78450,-2.805058620272712,-8.248854955993242,3.2839709966353485,0.8154586857050209,173.78091618274271,0.1687548825205969,0.029310497492172436
78451,-6.894758496118815,-10.517248873933353,1.6356077740416581,0.8694896258539758,468.5935040855362,0.7771385572836662,0.02931338946375011
78452,-2.5305985205019352,-12.86149662729843,2.9295258997967784,1.8257889851157896,467.5882148869207,0.10110592144573172,0.029322798079298766
78453,-6.203898783058562,-7.3100169356347795,4.563148817731265,1.1787277324763614,300.35934022074076,1.7766738313242003,0.029324647636898238
78454,-5.271085000871328,-9.085720168387361,3.9625160742530627,1.2429189277502848,282.0140878924541,0.34531569377568605,0.02932714616714211
78455,-8.622692495106024,-7.3879474668856595,3.0397244650777466,1.4341555774803283,468.3991045804473,0.536167993648899,0.029327889001854835
78456,-7.133548891408102,-6.776813226726352,0.7363169012780527,0.7565845690865327,204.5903816159819,0.10023439101353393,0.02932840486982995
78457,-6.006640295267248,-7.806082357972712,1.198497045216894,1.0667280758188407,156.29646307262507,0.13259318583864488,0.029331552572607767
78458,-6.201821921795733,-7.143776791528586,3.90990151434351,2.332330039234313,433.9061668273276,0.329174420983505,0.029331645753872298
78459,-5.718786267841015,-9.112811111568814,3.9811021821172266,3.2682503660394904,506.7586735660369,0.5457498731218005,0.02933330405409368
78460,-3.07902593045878,-11.591068234376433,1.352291159241819,1.1035766357854166,288.46669575618273,1.3012711759085454,0.029340104953910175
78461,-4.277892081679742,-8.168149271621289,1.1012154907413103,0.818983944832532,241.48524039895335,1.3684678961737458,0.02934344707282316
78462,-8.83915970515216,-5.738192627706867,2.9656574868054184,1.6770151612513835,335.1372610673237,0.3579995475694897,0.029347537557353028
78463,-5.824491213896575,-8.562990970455719,4.599849305136798,1.0700789153275607,224.1225351417128,0.010073428659121753,0.029353790213502675
78464,-5.846218100295518,-10.680162453716274,2.1224958435394465,1.8232598442415895,468.5712456927114,0.36003359875003227,0.029360706913605865
78465,-7.5996432520797885,-8.091187420784909,4.324712042404356,2.1512113347220776,210.27368804171093,0.2147828836428829,0.02936259183826912
78466,-4.994262738694789,-10.680735684001153,1.7694924564580892,1.5964485862927034,373.94917513479163,0.5579415895189603,0.02936288558503495
78467,-4.280519624209268,-11.718842341790205,1.2999625495784835,0.9796560554029966,468.12170954763275,0.6172843975852045,0.029364751004628622
78468,-7.657789897430894,-8.353443560941699,3.877167823019453,1.0247829686672203,279.8189882724747,1.2338663129769927,0.029366557278872895
78469,-3.484613886963695,-8.624029085219487,4.311465991194009,1.3492420413171347,292.4532944087045,0.03959728575067967,0.029367886963960633
78470,-6.207723301572391,-10.225531586191167,2.75160660941017,1.339478188503135,467.22255464405185,0.5518561600445349,0.029368866557731372
78471,-3.0066258957040475,-10.623522194107311,2.0835175317548393,1.4262830908873863,328.637241316797,0.8216677184496053,0.029369563625630882
78472,-8.469555768521005,-5.956099302997086,4.0442647931439915,2.885964212161303,210.8314430387583,0.28548544923064245,0.02937052830298857
78473,-6.394181651217087,-10.687828943961877,2.0766667145280158,1.1367514422886194,467.8055769886748,0.44733485731843814,0.029375419635073678
78474,-5.953474597759285,-8.059771660878829,0.778152838415236,1.3724959540698531,332.26466579419946,0.31456614489253276,0.029379651564402177
78475,-5.4847103036202975,-9.007198856971266,4.071764955185016,1.1415125291361472,220.43499116820334,0.0381572777667456,0.029387131826983492
78476,-5.919201533412282,-7.319143233236026,2.8491095507421798,1.0259149028380141,203.63280902231253,0.8441693685049794,0.029395573281102035
78477,-3.447926034170133,-7.937762709648106,1.8241993401529801,1.5267847515871225,342.8417483360233,1.0856277295907466,0.029398948603103
78478,-5.839759764455827,-11.894402427667949,1.2301219920401791,3.8934729846209333,559.2041606753559,0.7746027635140162,0.02939925326105576
78479,-7.9536949587415,-8.877548762136644,2.3396887092335823,1.1696511131688787,240.1785748730828,0.38964520266460223,0.02940457158073888
78480,-2.6205078938374315,-11.95967300498871,2.1223253087319756,1.9065229534357035,468.2488047827073,0.6254160010106657,0.029407233493322273
78481,-6.364652694808935,-6.993728890971604,3.541336606995541,1.2727279000926583,468.9454519672553,0.8763680416192967,0.029410729904580327
78482,-4.249375905051128,-10.57009253234353,2.0058861116411175,1.054387717138875,210.87407771549314,0.7641234863012585,0.02941370209464311
78483,-7.265011450330757,-5.823106796914338,4.518924894592383,1.4535797415636857,470.39627906576266,0.18765168615949346,0.029416534027721326
78484,-4.8504336200181895,-7.639710356532218,3.9667984634813163,0.9557352859075537,190.61807450263913,0.07281820278793294,0.029426859255090133
78485,-4.204990917564895,-9.006620989902006,3.9570596948671817,1.066350669100149,256.6681078011266,0.4712497676213987,0.029427528051638945
78486,-5.241146345067563,-10.96998013067223,1.4995470388271372,0.6510718409449598,196.04305021044442,1.103683335246136,0.029430076824808686
78487,-7.352195213079441,-5.508297781166967,0.540016912101198,2.7531849047918926,463.174984328418,0.27701291954670726,0.029430835722337133
78488,-6.921331741626712,-11.180354533801609,1.167021415159427,0.6506513051333376,176.64788834016483,0.44719748340001164,0.029432775233876468
78489,-5.545654228817433,-11.381288163912595,0.020541361466148125,0.9665585410675469,269.0713964618213,1.6566363677183418,0.029437230733216746
78490,-3.674665946521655,-8.187463196137951,1.0888450430151646,0.7204561741662427,158.2539899860233,0.3579746804397024,0.029444458828916546
78491,-5.084739128389702,-8.30220652779092,0.7155195086242603,1.0848324420718531,271.5448471035068,1.164456550345352,0.029446740315310485
78492,-8.754007155711284,-7.261890796995524,2.686713578869849,0.8500356477192884,468.0271748855788,0.38029198268930653,0.029470905201050446
78493,-5.176535130403238,-7.897113074753785,4.681134592800083,0.47836489690198536,111.82601966731852,0.44778822810286645,0.029473003663282486
78494,-7.203774872794254,-10.526952856977541,1.30222601858137,5.111813414150604,601.8461726665471,0.2437109392817236,0.029478100019469593
78495,-5.313116001585833,-9.009231633602173,4.047959395704647,0.9229436027833547,442.31733866475497,0.5304224518155589,0.029482101398495723
78496,-5.825433528702144,-10.696500554656446,1.9072291971159157,1.8331591472826634,436.2468871374732,0.5595007171258759,0.029486366970122135
78497,-5.87158608570779,-8.701838147341647,4.4609402145518295,1.779792207605433,374.1351667529534,1.1798104467462247,0.02948972518538674
78498,-5.13632501589157,-12.755240117558843,0.011076353083203485,0.9357490784170043,261.1964908109836,1.5659589330477983,0.029492314450309327
78499,-2.663373006023484,-8.61074211245879,2.8006170366074254,1.5329210146703578,468.83335308229715,0.2913915445500814,0.02949538822979188
78500,-6.943559473327898,-6.000623274150943,3.191109590794408,0.8406527327668631,469.3387272049122,0.1362422711855178,0.029500719771276163
78501,-7.696883954219036,-6.466065110726944,5.101071489334938,1.0578163874927613,168.99308832827705,0.26775066902092703,0.029506146669245222
78502,-5.158892036652713,-10.465794895693486,2.3944501049874773,2.3205807194507266,245.35273759701607,0.4472934230450889,0.02950619047768021
78503,-2.5587101927467915,-9.243399284431707,2.7019026408362037,2.605936009642917,467.8065616381849,2.352100007578853,0.029506348544243537
78504,-8.697186409875886,-5.80433975352906,3.4655817123552257,1.2400533963879614,467.98967876126386,0.5741483642627898,0.029518601647144187
78505,-6.789079512991161,-8.565184377103051,4.520472769589948,0.5986045434168902,123.29834806637676,0.04849611022698053,0.02952066613755288
78506,-6.797070691739842,-6.604671017250294,2.1372195407749524,3.5115786005787357,522.3743874876693,0.4711637976751364,0.029522074509954213
78507,-5.492918187642085,-10.251767228127894,2.686657212471175,1.6229324282209137,467.92083394443125,0.40507345036329934,0.02952337239045645
78508,-6.107402120127774,-10.705449360550977,2.021034408078402,3.6272341108365516,260.8940066064657,0.22351507963427153,0.029523454222593216
78509,-5.7015817826544755,-11.673830608953319,1.2805523509117376,1.7397962791281711,468.1294437326904,0.24909735600609473,0.029524602212135088
78510,-3.0350563108802397,-12.61297151118918,1.2275648808576531,1.8189795085636096,434.87633973642926,0.17717905440989679,0.029527010842248614
78511,-7.6445761803737105,-5.982015705515491,0.21194121648230915,1.7795197512169938,422.62505280438313,0.15523400177783575,0.029547268293316113
78512,-5.501765195778947,-10.678513633151143,1.8547383671447453,2.5836872187435214,461.36200837389185,1.3443413314664108,0.029557393905872267
78513,-6.066245128979821,-10.312623643483972,2.6547125888884437,0.8916556526544615,221.48063938408387,0.8522830669355184,0.02956367807362327
78514,-6.839671246583167,-8.07176191770838,5.004276810320901,1.5302177692797396,467.9564784119164,0.471646541889128,0.0295687313752707
78515,-4.304282491426051,-8.200136723082807,4.574936027503221,1.752489086065357,468.2156048657282,0.27848293194564544,0.0295707062972001
78516,-4.198604989142101,-10.654793654491693,1.747512318924949,1.0858449523790357,191.0125731617371,0.11770882879883615,0.029578968312629246
78517,-3.728562551510186,-8.671769382789492,0.387222438124763,1.320040940064786,309.2871409200979,0.1725370231599106,0.029579350852582956
78518,-7.753559205042173,-9.075958433457755,2.5340203917862034,1.5973967822309165,372.23379017122943,0.33894569197033864,0.02957943270070269
78519,-7.489536513366197,-6.733719762445765,0.28372365658449294,1.862890178082538,469.67000358110164,0.106332642753725,0.02958172722254673
78520,-5.462760642717896,-10.623469464503376,2.1696719957444044,0.818547672905771,239.41754734451789,0.568610999940895,0.02959018688019976
78521,-5.617043439360691,-12.65812151053085,0.03934969683796291,2.975999449922648,496.45147343058056,1.3609572807879475,0.029591703518871162
78522,-2.609392784874962,-9.231385727655283,0.42340305057918765,1.8442436531394544,441.66881777879485,0.015042910319806424,0.029591833897052916
78523,-4.332705438794584,-11.08745805440716,1.4567219455671312,1.908377388168773,391.5601906869794,1.4697251684828485,0.029592574369571342
78524,-5.5883060541020635,-10.726163770812873,1.705177746006067,2.7330790556085574,476.9654766349872,1.643056788023876,0.029597205529923086
78525,-6.982481051649286,-6.123615096486563,3.9267727730341635,1.0971332976042425,227.5817543482282,0.11276214747410851,0.029602952346268377
78526,-7.2830598515479394,-5.229896624918565,4.15409879969291,0.8648696038137299,172.87004372078837,0.4266734115607509,0.029611378328342448
78527,-7.160281674338568,-7.918506712778174,4.968914750342801,2.2442639538703517,428.46046759432306,1.2905924231931332,0.029611539609112482
78528,-2.7099833291689226,-11.043140251907781,2.8757534348093032,1.8228376196834015,435.8451851192287,0.20008923827078196,0.029616299159788577
78529,-7.861096086859131,-5.378591430905897,4.73163005428691,1.6850878670380718,438.76337849106517,0.1877667695511862,0.02962504362598869
78530,-7.068107318731238,-6.448754410359468,4.686805389210143,5.358651995292897,370.6271678940978,0.16697381972960734,0.02962574958005113
78531,-3.6722211766716537,-8.391526463213863,4.468693741768354,10.221446913616672,748.2250531567305,0.22131424584578774,0.02963147575928256
78532,-7.842587234456486,-8.362552481207608,0.4686963758745218,1.8278696604714355,437.27723469461614,0.42676949784928375,0.029632397317830496
78533,-8.09221011823105,-5.923641944294502,4.662350990635101,0.8424688350207293,194.52918580307556,0.5776213889607282,0.029637667160028365
78534,-5.505573230031917,-7.531714923261475,4.161836966720923,0.9225503043771972,254.06225874596308,1.5778679900881896,0.029638213823928766
78535,-2.9389683695575535,-8.140746969993948,1.4545422748856658,1.0608125395727557,468.1651693731975,0.7770799571686169,0.029639340005390213
78536,-4.175872487649185,-7.918001955874391,4.432337773979929,1.8377305723561244,470.289738591931,0.022645803196968295,0.02963954962617658
78537,-5.4054443212423156,-7.657457592938301,2.1229133023186204,1.2062983535782141,467.9584209222954,0.6044872255160039,0.02964063857772784
78538,-7.052564969047576,-7.124250397688608,0.71721011114163,1.5286488548147679,345.33992297446406,0.2693115156423813,0.02964621460387403
78539,-7.97426240197275,-6.330055755826801,4.868131235114188,1.3290079975790543,320.00413963600556,1.6647134030644404,0.029646389710563725
78540,-4.501747637722774,-8.248356725157052,0.8890627789970297,1.854314558776315,465.90932934068866,0.43450609748406155,0.02965218406589668
78541,-5.596127782800489,-9.384906166977776,3.64873060053832,0.9793716620052147,467.96460224641675,0.7617797400898754,0.029662470840436803
78542,-7.851514603167175,-7.166001948550881,4.8555641391609266,1.8190978967554907,435.12772838759923,0.16985757599752827,0.02966779433705407
78543,-6.649918083831652,-9.431402838785019,3.529092967283083,1.343839444328707,273.39045050564033,0.11506589474635387,0.02966794429646248
78544,-6.665901678851993,-7.832630960784264,5.1841748511323225,1.430034663878364,468.0011489266222,0.6217533924935505,0.02967106517499851
78545,-8.83115811791404,-6.992503422970476,2.640622406004239,1.6693874789342096,469.3854301506789,0.1825731728944442,0.029672962828790624
78546,-8.18714002475441,-7.911632921235856,3.4607228135241237,1.8770741133555484,469.1411821944473,0.19887139532343578,0.029673640259676975
78547,-5.54279108578833,-10.789751600187405,1.608507094405933,0.7436970913439346,467.44710014135853,0.44254563089119703,0.02969103491995593
78548,-8.03152111624296,-8.47991829260224,2.8665420531720973,0.9140166365140991,137.70094222618903,0.34162697507612894,0.029694383791559708
78549,-5.871298338978125,-9.905405722878843,3.0863096369964245,1.8320314750682087,437.1356914332679,0.26732882367677213,0.029700844502393742
78550,-2.637531192869135,-8.782267081971298,3.0828172707621935,2.0972683869639694,409.0969727690449,1.0932089358702353,0.029701222384128655
78551,-4.229488282442301,-7.6672460003759495,3.150706315090649,1.8262448179734707,446.84007882643795,0.03620980711038868,0.029704140297262465
78552,-4.153228181490313,-7.939984930389727,4.451316514165035,0.8986540127894941,468.2731934275516,0.8182067774750426,0.029705104884058652
78553,-2.6185529695460197,-8.596641362651253,1.5583814160049263,1.5558015154583422,359.2465897409146,0.7996583561980231,0.029707480663785667
78554,-6.134205164542154,-10.136751568526424,2.8406462957387646,1.7679029419020682,418.8598632689084,0.259386524306886,0.02971005472221725
78555,-5.077018656788958,-11.371838489533836,0.001485147202738376,1.365935926364057,295.9533828932889,0.1013162374858938,0.029713042902570392
78556,-5.376076199116272,-7.950481113446005,4.777001949302139,2.034144260657145,191.5817161266277,0.2405513872573799,0.029725167120924587
78557,-6.075093322873264,-7.713704726738994,1.3810772053118483,3.7066381036888365,537.1399930466242,0.4671044701310034,0.029729468777355578
78558,-5.420048428641274,-7.499612649762296,2.9587393266075175,2.1234769058236664,411.1924451431038,1.0376896925841592,0.029730614396843037
78559,-7.985577842189769,-6.353711742702669,4.855421736129536,1.7901004396945281,467.78684761042354,0.09790898566910844,0.0297317722420403
78560,-6.435182754203361,-12.652085037745596,1.0682407026706133,1.08056228963411,254.90561428450258,1.1428258479690232,0.029732787508208347
78561,-6.7746585939470005,-7.154109789233389,5.040260303155681,1.155345325386097,297.32690320512677,0.8526906292998522,0.02973606553886652
78562,-3.725262281298831,-8.18541583838186,1.101792837843599,1.616187175208393,377.513046056532,0.27418708018514515,0.02973902880389615
78563,-8.332163089184853,-5.259033524710656,4.201776602330247,1.7271260759038545,468.0898012218425,0.7251057085200889,0.029739340824666553
78564,-4.455884037863699,-7.641560701530709,3.4190872688665976,1.2817741235006626,310.0191765132883,0.6025732447898884,0.029749148542051795
78565,-3.710699950355526,-12.642431420628034,1.194460458977583,0.5372372887597173,148.33337436896554,0.955247725121871,0.029758273507133174
78566,-8.798269942411133,-6.481190308521081,3.106770038423737,1.1007443883870904,468.0652240505145,0.7109771110076144,0.029762709769127517
78567,-4.487117841895131,-8.112503323702855,1.219152577900818,2.8983236131260375,481.8994317606176,0.7601758312848093,0.02976407383220154
78568,-8.280199438404981,-7.318547520038422,4.020788627849496,0.8773616587238667,249.18078369553228,1.2041581062659885,0.029765720078336187
78569,-6.360417591136514,-9.646469916449462,3.3600206407947506,1.0089379038376876,467.8731087351738,0.42570401096783694,0.029767363685500387
78570,-7.698129610278574,-7.945528938520071,4.354381582574497,0.5100656156601571,109.65766413613404,0.26292800716424924,0.029769192180445513
78571,-2.519664097014875,-12.996946352435396,2.8666933607031835,1.0280800199981082,467.30186685452657,0.1114827941831118,0.029769541859513027
78572,-3.422928971577094,-10.53522879339063,2.002422320680152,1.058798792586418,214.70287974911997,1.0541337027970341,0.029775146305815743
78573,-4.706854477780671,-8.699327098120305,4.303287380299096,1.0682567311374827,279.0523729230536,1.8031151680994677,0.029784360982525224
78574,-4.819963600952714,-9.194248192347366,3.7878466978125584,1.1304262945217567,290.106143888738,1.410684526365368,0.029784436535129907
78575,-4.305977907441385,-8.500394402595777,4.430882233367099,2.215573880078836,428.11857800223663,1.923196497644235,0.029787612747329557
78576,-5.146584101617523,-7.545980235584082,3.1091515670832903,0.8587858001038177,458.9615749324626,0.004416471679415501,0.029791637226397195
78577,-3.018359098538924,-7.871051557783082,2.9405619322006005,0.9513514357943677,267.1316714830615,1.034537197248036,0.029794587456585177
78578,-2.709685979410664,-11.269142887632709,2.6527640627065563,1.775917917030739,469.7608610909742,0.03143206173586943,0.029795690249455446
78579,-5.121283197036643,-9.503563321048109,3.464170763423323,0.9243062123683694,467.94169236415445,0.14476872100426252,0.02979866298115604
78580,-5.315101100914302,-9.949629202073083,2.988523894180176,2.536589802614551,461.37353934726127,2.376666707213631,0.02980097478253687
78581,-5.574266730846441,-8.093615656944644,0.8948803057418853,1.337714907364957,292.181755027818,0.12274458729216331,0.029801745615837077
78582,-8.695511904408935,-5.937546038835822,3.4675154617897515,1.9161769751282691,391.5364222679053,1.3592362058752583,0.029810520675837886
78583,-7.905313481903038,-9.60582441944072,0.9779964225245569,6.404478103930975,537.5058615483554,0.034629509097242384,0.02981401241936195
78584,-3.833265537858561,-7.7420879167474075,3.9421331169505622,0.7829107395965675,206.48516192392245,0.5006086562703587,0.029814583467858577
78585,-6.09818195589504,-10.247876315743042,2.717711801035868,1.1551336236315264,187.1970737817767,0.14648676409575767,0.02981547617638924
78586,-2.853121493302665,-8.151217649925794,3.5123034853624016,0.7905502791480984,186.54093748304373,0.16359271164452505,0.029818334192916587
78587,-5.4136353613688275,-7.612424027061614,4.347597726273198,0.5767006037137156,152.7424244701863,0.26501805921406607,0.029818900210453293
78588,-6.8558922988181354,-9.105126806646773,3.8118466480079536,1.1168268083626087,242.53973827961767,0.8680535284310924,0.029825882459615982
78589,-7.9398574467581335,-5.741528404245916,0.20886965699923382,1.5556169574846392,467.9807104949958,0.4067814810083039,0.02982753807140419
78590,-6.382031522052731,-6.983775417351093,3.648655123906122,1.1004931850797637,158.74399003039866,0.21491961961344952,0.029828384367520434
78591,-4.807493976613632,-8.3345062929113,4.582998534369576,1.2461452389815648,468.3400167249321,0.5136489943445062,0.02982924023322223
78592,-6.915381827629698,-6.251159637556606,2.2681577613027395,0.8747879150706063,179.83277505990446,0.06164704073966032,0.029833382398917918
78593,-4.003293204849895,-7.681744541710487,3.1750338347874907,1.4763721022798768,467.9678460718247,0.1598716463574803,0.029835641409346754
78594,-7.0470837251096565,-12.601687633462952,0.6785183891011478,1.401741340197774,468.65102203691134,0.8844267606512677,0.029836926339167378
78595,-7.176812245310943,-5.265652609895242,1.5889494023827624,1.0940440153547566,289.51741794792343,1.0240489703140723,0.029841883956079403
78596,-5.116102757439054,-9.135681305594968,3.878308311718915,1.1751790467049381,468.0088564274976,0.44435943048773563,0.029843984565012957
78597,-7.4921436289221575,-6.847580679082961,0.28594300251202215,1.2808632279811305,287.11282998176097,0.15640911019836867,0.02985091266475956
78598,-3.2162071005381163,-8.480553923655595,4.429180369874256,6.699511384840366,693.2590184944017,0.3422300910635139,0.029856387817160514
78599,-4.798095096194954,-7.83554155603599,4.443677370765066,1.0706684293700885,277.9939582827472,1.7990338762907117,0.029863288064654794
78600,-6.560162639213522,-10.20465395990656,2.683348498669829,1.1019632453902146,467.9949894388344,0.8533620564316449,0.02986454961445728
78601,-4.425992423063235,-8.520253143225599,4.419767758995908,1.8670794971807108,449.77928764469794,0.1526494603918893,0.02986694734729764
78602,-6.960126980678143,-6.6415047632162665,4.699811553424109,1.4041667678696013,306.8267577837643,0.029360514685615513,0.029879112737459558
78603,-4.343250965782425,-7.690206019586458,2.7775289943777923,1.2160917865057919,289.0122799594141,0.3071078080556706,0.029883068806079046
78604,-7.43053277744823,-7.004963812196348,0.308626999290699,0.7820941101737957,155.18726846914706,0.06701549185806055,0.02988433666064236
78605,-7.1732448367000075,-8.762641197986085,0.2026349909947178,1.4811535892377807,332.97562213385066,0.1399399199897431,0.029884816134114815
78606,-7.5183485548080355,-10.519357735131457,0.8481098536403235,1.0256488708083096,209.40058311168886,0.718784479764512,0.029886012779028127
78607,-7.07090694791043,-5.460312438758978,2.3461406822367983,1.0781476228590032,281.7395881667387,1.3618227187928795,0.029894000329515766
78608,-6.672966928760038,-8.62316426768399,4.49384585213721,1.0552465333558896,467.6474277912923,0.117389672505678,0.029894877658768606
78609,-8.349556571355079,-7.720488188547959,3.3468061849998656,1.4460576996226167,243.37283530409465,0.03457789325097149,0.02990531172719846
78610,-8.831472672410333,-6.062089821898039,2.9930968728547,1.2703791228504455,265.7001093724932,0.6900661346829144,0.02990807415255481
78611,-7.041272246039462,-5.870384668291631,3.7503153113038765,1.2957230076335642,320.0696753877147,0.44574715731867176,0.029910285759912777
78612,-7.324448882831952,-8.07246709944744,4.673299667925452,1.9342390177436042,397.60993543435546,1.8772671313604787,0.029915359554747296
78613,-4.945232886868761,-10.520783415709495,2.271282741910387,1.8701238095538684,448.8892311858159,0.44796365420346085,0.029915584717486298
78614,-7.271955449416003,-5.815253377512411,4.5092712364549055,1.2070363709798022,468.31781223187437,0.6351093005227293,0.02991676239405798
78615,-8.42164902450291,-6.838650058336569,4.057263405235362,6.214896344263762,678.7971838836663,0.4189439547704259,0.029928645811391364
78616,-2.335247972987208,-12.484666763834248,0.9160829650782022,0.7940236754992843,466.8180236445721,0.5310848264416839,0.029929843077846033
78617,-6.282629534420461,-9.127157084990774,3.97361218259991,1.8859472045522436,454.46667077227374,0.2492357581615714,0.02993017811015887
78618,-2.6326740845432575,-8.635639292060578,2.363341977195169,1.887164968246143,469.25865077425,0.006399418592271111,0.029931370473908054
78619,-4.746066330469068,-10.740286971762995,1.6416653863271937,2.166739150708426,424.1713636401782,2.2312105001292624,0.029934626055442615
78620,-6.239101010756377,-9.823538887265764,3.1726888853413704,1.241343520124856,294.76387446632117,0.41608663584828154,0.029934812079977967
78621,-4.381381790412451,-7.84962828608803,4.361392528335321,0.6223204307175246,120.10657013021698,0.09295659230595188,0.02993772233584031
78622,-3.0698330190701935,-11.23297821339202,1.4291329370819548,0.8581629279858408,468.1878201407059,0.5560689274908075,0.02995645476793831
78623,-6.812387340529545,-10.807879627617401,1.372890083307923,1.3952965585428336,137.67006033896055,0.3586780259538802,0.02995781868497331
78624,-5.23460235787132,-9.516746813083637,3.4572444530140136,1.793648504479724,467.85081598315554,0.29891346914817163,0.029960960284311167
78625,-8.870212617728171,-6.550996634358559,2.7395413200458414,0.680838067464912,140.00463649493503,0.37490668921370407,0.029969990050407666
78626,-5.968136334980436,-12.654108356507276,1.1355409010757793,1.8951905156512125,468.74089627041724,0.5273677406162696,0.02998024687738058
78627,-2.730352077505538,-10.775030628778689,3.0058099509824947,0.9859164487839334,467.30264125356155,0.582791609299707,0.029985418535347558
78628,-8.797042398666084,-7.270315128722008,2.4059154463696717,1.0478633453668855,281.8858138238931,1.2932357128152088,0.02998884735235323
78629,-3.644125716930362,-9.813574922073686,3.0360704172214747,0.7264110799182213,439.4736942559642,0.2924385729810508,0.029991099195128705
78630,-5.14904967950456,-12.96684495463192,1.1598450020705013,0.7784344293118718,432.49725578362404,0.41272258358723324,0.029992831356214552
78631,-4.94961818293632,-10.062286812634579,2.819696264239399,2.4508670494779063,451.7104172376433,1.7740383907469859,0.02999407796528479
78632,-4.210376949737563,-7.729998855219228,2.541713606312584,1.2299768011050611,272.6332455171443,0.5293580606393578,0.029994280216449353
78633,-4.266952923269992,-7.688502473843154,3.729335137323553,2.123674850343023,419.12617733810697,2.1288247195499483,0.029994493720709395
78634,-7.681326210502261,-5.100940335940282,4.682310082464856,4.040882377781318,566.005841896467,0.620959209859671,0.02999652194809407
78635,-6.927717954079705,-7.587176260854149,0.585921562680647,1.8935303333073241,455.7763785490415,0.5921063037847452,0.03000087946532577
78636,-4.3181275921533855,-10.03227634438465,2.8131973470727405,0.6578613744012586,125.77802491649965,0.06954485780254593,0.030003190214103796
78637,-6.614214262371965,-7.548876125409027,5.1782654957362215,0.7180932898667277,139.62524015621554,0.2008210007056599,0.030004464432216913
78638,-7.394680930359687,-5.93574323706675,4.78245686564311,1.15900993617789,300.28453461300063,0.7023135773583,0.030012019303518805
78639,-7.648931275014519,-9.701879105056639,1.5443810207575337,1.2478014068085206,311.7371837071511,0.5649579950659076,0.030017925349165378
78640,-4.866835996061055,-8.779952814442696,4.236831879213961,1.4764068275324804,328.67711694363453,0.1538551155538963,0.030018167543043598
78641,-4.708697227325312,-12.327553372510991,1.2150508796226556,1.7438791288277287,365.33999419520694,1.022047373941887,0.030019622962104
78642,-6.95334704768024,-6.345234768530525,4.20770427124642,0.9400076415469637,256.598113423977,0.4856111668713199,0.030020049611232457
78643,-3.933829016009394,-10.502685805793499,2.123760317718952,0.616211973264668,143.68944811859112,1.0652257272525736,0.03002376771333245
78644,-5.510246303496124,-10.573262805813949,2.2673658950988838,1.5278589293671292,351.4352291363361,0.9275556311420043,0.03002935985411631
78645,-5.854545192476147,-7.4792808654558565,2.2293292372792957,3.140639478599217,503.5185676571116,0.8041631797633384,0.030030150706789747
78646,-2.6613062235323346,-9.610128664558207,3.913019532003078,1.8333874572471733,438.7809291290784,0.16360210399469555,0.030031889079962945
78647,-5.401359730489487,-10.874580233285577,1.5379921682991864,0.5074606658814996,141.280414305197,0.2512494257409221,0.030032918075362038
78648,-5.249436897514906,-8.0153755461755,1.232188974010375,1.5506360814027618,340.1166080283339,1.0495253869991368,0.030042541238116897
78649,-6.0573323038856355,-7.290608078738608,2.622667704105244,1.1656653346799328,468.0500625891938,0.16735357079915314,0.03004481046285196
78650,-6.674622783400653,-6.804057543715523,2.2754301617218338,0.9964356545654681,259.76128908022974,1.3914073062162169,0.03005662731505569
78651,-6.2016978587800775,-8.56838683110983,4.61932933196711,1.3427957258798502,459.4377852729504,0.4639385334590571,0.030057982368060825
78652,-2.7130522329010365,-11.191997077879158,1.6963615977310142,10.457205657666904,782.3045780926356,0.2910758042877095,0.030058267988668164
78653,-7.467520849615331,-6.78151334834245,0.30104810925453757,2.536837319061109,461.00515791812325,2.2174934966976414,0.03005929166813253
78654,-7.089700931305471,-12.580813678588797,0.4633260887842738,1.06634100567863,284.49128927014857,0.32691986213625857,0.030073751719251668
78655,-5.779886922255119,-7.524341630613167,2.214751004625607,1.1396693265891862,289.7343442704967,1.590745541571155,0.030076214741812674
78656,-2.6473638820466263,-8.794243694286404,3.1399175695540733,0.6596827909764804,138.35926061377373,0.4296342869652996,0.030081151813455154
78657,-5.867296317424622,-7.678690004303059,4.822481235776782,1.1480093964070517,238.63309588100742,0.6695553571891475,0.030082707548810112
78658,-5.579385561715059,-12.35763213741398,1.1872941400803512,1.1327820063913132,296.26644429238604,0.7033264976603189,0.03008526747942313
78659,-2.793399616315898,-8.209337844107058,2.7105639674118307,0.9373937053110497,198.3005944841185,0.5717830705043214,0.03008553824412212
78660,-4.781600897076035,-7.72627110998264,4.225904497398093,1.5941646156619749,470.34043252737655,0.22902026213091542,0.030093206722214952
78661,-4.919208526509177,-11.839218381769875,1.2672208281921031,0.6754812491494536,138.05860122258161,0.4891521696868244,0.030098762420190935
78662,-5.5739309482094495,-10.217580863567056,2.7146264338439163,1.4922439341889153,336.8387302812848,0.20654884501994442,0.030103810066349764
78663,-5.602355164057015,-7.444753976855846,3.751102289773692,0.8739913899114335,202.30671471312195,1.2852640716780561,0.03010948485672617
78664,-8.817522991477006,-7.130189032464152,2.519278594554915,1.448070458489463,332.96274942720464,0.6155458329430958,0.03011300992966943
78665,-4.577580471832075,-7.643984678659836,3.168526449560545,0.9729576843730117,467.079791270856,0.6166459070075083,0.030114129520763994
78666,-4.117587817574572,-10.68001888173189,1.6932193016567259,0.8427790730600941,468.25569583248097,0.2861259169151058,0.030117707194508337
78667,-6.4923385282159884,-8.036481985936314,0.5385585112945945,4.619531876232981,605.5027915608049,0.8862280300294865,0.030118693462460183
78668,-8.155247935886013,-6.676569322592299,0.32527164843955364,0.9148147622923667,469.76538871494205,0.11917740760232842,0.0301223904779912
78669,-5.217591218126406,-7.741100384626896,1.9876970846015152,0.8626966885509009,208.07051613778816,1.0224934969740955,0.030127142584252652
78670,-5.896441443908842,-7.753739450450944,1.4835299691411639,1.2838573878348896,316.214012617241,0.23340171804930954,0.03013022396809278
78671,-7.353471737502531,-5.043966422664609,4.260227643288057,0.6590852592108379,204.58693474316075,0.5565746689060198,0.03013026998277359
78672,-2.6599645404474366,-11.668207140676003,2.5754734642812203,1.3109743910907063,324.261629210928,0.3127166270327475,0.03013063249296953
78673,-5.484891224999479,-8.97097992551468,4.101456986165354,1.0837527144650834,467.6784167164485,0.48822443900909285,0.030136001431479157
78674,-7.657873800120166,-7.247164272806868,5.015290653473877,1.326120981446106,296.4297053388683,0.46981890218806033,0.030137506926933687
78675,-5.678369652797553,-7.480033901593773,2.5255027026525934,1.3427953548246871,467.967573355588,0.23061045335845787,0.0301515413006513
78676,-5.849569304666265,-7.452292011493469,4.357291020164337,0.8041601251214484,469.1590845670802,0.24020955824580614,0.030152271798505055
78677,-8.743559240097714,-6.652665229122794,3.253409868264983,2.6219878447362985,466.0498305584622,1.4282269326961448,0.030156232406201352
78678,-6.219190165500531,-7.5286553820471305,4.926563010435839,1.1015401957805824,284.8907007090389,1.4010275775372003,0.03015757553436375
78679,-7.721695219859853,-6.013564041268157,4.949476392356179,1.147074672630474,247.67175288755,0.5703618411772071,0.030163213694204185
78680,-2.4987073519557335,-11.349488244476497,2.8568244840869674,0.9632314003289901,269.05119989654315,1.822413609751517,0.030168751720984047
78681,-7.071141267697318,-5.400260464181368,2.8645564600268085,1.1538146517191483,249.04884034411455,0.8793668544299038,0.030168954954223347
78682,-4.3641457359764395,-8.355581649184987,0.7461134858998193,2.120093847773571,411.0704100072126,1.0513307780159673,0.030172319476193185
78683,-2.8569553997587347,-8.573344874862208,4.3906917915480355,0.8866942721847382,468.43510720095867,0.862799496197435,0.030177268540454223
78684,-7.621737665858539,-10.001517045052866,0.520665395782218,1.2938576331832397,321.2679743864004,1.3343807641153669,0.030182766551767215
78685,-2.929683822875127,-8.627107508573047,4.456984307047365,1.3010619332043865,279.06266514901534,0.002854102661705049,0.03018522286462967
78686,-3.4282892507877314,-10.501431225974654,2.0914966029530357,1.1368001482834575,468.1101131374856,0.7365926770355662,0.030200907368715602
78687,-8.368512991892931,-5.7662380530236215,4.202064968389988,0.8838878899694336,467.2606324049582,0.5669624990425488,0.030201486651773378
78688,-7.007416199229892,-12.500539791840168,0.3451636265304582,3.7152153932170373,282.09450753184154,0.2222736123975837,0.030201914045519297
78689,-7.174968184647921,-10.164934927823609,2.05449475241075,1.018464693044134,266.6249097781752,1.6148983846221485,0.03020349750880563
78690,-5.233587403490006,-9.706647752438041,3.2322718462052205,1.2712167010605044,313.0677142661632,0.9070644389238494,0.030209429471179494
78691,-3.545066921818182,-7.731514876504074,3.795050961584515,0.9981270526960141,248.99602358229313,0.7951409049503564,0.030212750001172944
78692,-7.825668681988533,-9.783944374638722,0.8875915111423885,0.5536834512723704,114.37818014950379,0.05514450623537481,0.03021758736135569
78693,-5.34840664464033,-9.07292569268882,0.07804492587627848,2.5589253543019033,392.4109337784284,0.09771760130180418,0.030219941351401422
78694,-3.093950385711903,-9.368267191783662,3.6446125206685243,1.6673744109569428,391.7661277539615,0.4771730850521516,0.030222986624909833
78695,-7.066577024939146,-10.2347799224919,2.1548589497979886,0.7836182983365609,184.55059915463283,0.7441663084379835,0.030228207858626933
78696,-7.853486814985612,-6.878890079227818,4.954890428665948,1.1334021302476205,157.93671672012962,0.22168744068226598,0.03023172897148905
78697,-4.033182761629522,-10.560959320492037,1.897297756159447,0.5866469169341985,159.70668801930188,0.4241000146188272,0.030236546631725626
78698,-3.7717221464530057,-8.133147085627478,4.51106264546614,1.7885179666857705,424.3222715581422,0.39949016650772773,0.030242508151736094
78699,-7.47165217896479,-5.292651405683836,0.35017394200288976,0.8391201695488318,469.89226859987815,0.07076556992629257,0.030253216819074454
78700,-5.447043298491062,-8.513453271154368,0.4147489429322529,1.4236908292931854,337.06322476848464,1.3363701544255697,0.030259144373821673
78701,-7.2989647032197,-6.42824051253723,0.5376915565280974,0.6054071978403543,142.7491874440048,0.20366148052515598,0.030263812273815572
78702,-6.625192982218103,-7.076711521054363,1.8318535450910907,0.9338783126895677,186.13755185095994,0.31850924206004994,0.030264560894118383
78703,-3.076520788374003,-8.120122354762907,1.4122824073366906,17.134732569022198,606.8757719040733,0.062459053839452494,0.030265883808787735
78704,-5.951852863540089,-10.208642487815105,2.7469078369256756,1.1283113538998868,466.1483462494581,0.357729396346981,0.030269335628417153
78705,-8.947520383264306,-5.7384141894075285,2.1659910842643706,1.0982346611057012,468.04128522338965,0.8651954282278469,0.03027271198601804
78706,-7.364278752146532,-7.956452644115517,4.750552416417483,1.7181040517767774,404.0185138742971,0.6178617554131742,0.03027949038543457
78707,-7.251088309631246,-9.409658785345094,3.0133525829617556,0.8457780001656784,195.81633691286726,0.7670708409652969,0.030281048153068833
78708,-5.54699001747689,-7.495703769170657,2.7294929888550987,0.746602440009831,159.49743919335913,0.39588774268242144,0.03028292727737438
78709,-7.0823818553359565,-7.748623811847653,5.124698351819319,0.8494936694108903,168.12435606830718,0.14282814232981078,0.030288405996096626
78710,-6.830379480639657,-12.525857613744897,0.9381589075941483,2.9528434702260435,493.54519235313575,1.177149734158598,0.030289614391714206
78711,-7.0992313859770295,-10.300739874255855,1.849283344906151,1.7906067997150872,428.6581972641392,0.5100181540868496,0.030299208012223494
78712,-5.846848480188076,-7.386023582947124,2.707248511462331,1.123843044450149,189.96201598487596,0.1363235085011043,0.030306350906779966
78713,-4.7957139813956715,-9.246550074024743,3.7066128691357534,1.604945758652763,468.409818787122,0.28078367376573965,0.030308961150585297
78714,-4.750722982831833,-12.08406029105523,1.236704831479202,0.8280099628687607,232.06191884558618,0.8364290300127113,0.03030977406917693
78715,-2.773440565409045,-11.358449241639526,1.5231522245873768,1.0265451653067683,278.44172971977383,1.474241405718896,0.030314730347648325
78716,-6.256699220068085,-7.130724909924738,2.789237808402185,1.3284471522792214,467.27895523486603,0.12467564347050608,0.03032194621607973
78717,-2.7222273469769647,-9.082197675536072,4.182812980327021,1.66864153389359,390.6915833074392,0.4370657436794394,0.030324530984799588
78718,-5.519194259602017,-7.9003605299801745,4.78722792417277,1.953322200354196,399.2396225381502,1.7387378586098832,0.03032628897197175
78719,-7.236967288097244,-8.760763169714103,3.9010829157221174,3.757872187202913,368.10163233658164,0.06061824933691362,0.030327957711279715
78720,-8.813247968135563,-7.232099374256609,1.0046252795025366,2.6135694462310766,466.36550730027534,1.5916480497194474,0.030328628426208946
78721,-7.793535587261044,-8.286093658229065,3.7144047851768724,2.0002629984353404,391.845374110073,0.6994275929754474,0.03033599050813885
78722,-7.090448501660565,-5.2167744705168015,2.801582233486822,2.5342932086205696,262.0247302674666,0.14266665989724636,0.030337893484943992
78723,-5.764642121454592,-7.497698831141945,2.3148911151687477,0.7366662331399287,165.72805790897525,0.6387255634650115,0.030339128991545308
78724,-4.556423390385385,-7.749207830340416,4.138642051208146,3.7264453498076677,551.8804115247162,1.1254998189255856,0.03033986164830172
78725,-6.969725253165631,-6.370990846937605,1.8273385682413126,2.5848580019646956,441.3558673586131,0.37647956248791115,0.030345103287921095
78726,-4.645553836863472,-8.952297016411489,4.0274015115439985,0.8790166148038886,468.0573877526968,0.1457889268652055,0.03035553163047927
78727,-8.723368290887505,-6.889868698307437,0.7199885137834818,0.7484050325860933,468.22182030845636,0.30248323598671334,0.030356460670034995
78728,-3.130156137306188,-8.015359646823931,1.6867829442992948,0.9960360877280253,153.4082080645825,0.1686357727256036,0.03036417707933083
78729,-3.5280788859745904,-8.497922462298561,4.383301809627096,0.9618911797302389,444.1552824072087,0.7469730242442898,0.030393352285075285
78730,-6.086777049023004,-7.25168789507982,4.008518327864944,1.0415491662051786,250.16396359554545,1.0346170567609025,0.03039391425611064
78731,-7.517548646729621,-6.170337825047984,0.28069873003519574,0.9902556386178403,271.83222316217336,1.2759611685258294,0.030394465926357195
78732,-3.1619902354793012,-9.835750957362338,3.0497087048683036,1.633613938924479,468.78352057630036,0.7695337744604869,0.030395244247775163
78733,-2.6385615645940064,-11.33865631004215,3.0707018029540163,1.1186395475775621,259.15708378568075,1.0660274055315915,0.030395752362199102
78734,-8.73641689765422,-6.607062138466261,3.287819561355061,1.3730390160027368,465.39305474968944,0.8083033067732188,0.03040107842036136
78735,-7.521140655569081,-6.34486801249233,5.070890997002898,1.1446638880343634,468.1134213453636,0.7384501662554372,0.030401807743128954
78736,-6.762484867985732,-8.655120537378528,0.14958649457575862,0.8481480923254718,175.09107912051837,0.44650873942520874,0.030401925949629673
78737,-4.2104040604472655,-7.73192943835499,3.9201715237651875,0.9281068780336547,256.4123604112105,1.4158706142616468,0.030417363071375464
78738,-6.785560246747761,-6.943304269333418,4.778487201048042,1.6174635791692389,397.89301595567554,0.8069650875647882,0.030417549419717003
78739,-8.132323548666877,-9.11887786303833,1.0227215471791322,2.7887355196609196,465.96285128918794,0.5446249974446156,0.030418156529777734
78740,-3.4652826939910746,-7.806324161558938,4.108408973658765,1.6326300012538537,467.7981259903611,0.06381192027351634,0.03041959165430639
78741,-5.724462696801401,-7.544564722371111,2.211252013534047,0.9473923963719797,266.5503573583022,1.7089242096985071,0.030422406848112024
78742,-2.5418905549442483,-12.833348858228092,2.886982756465659,3.4102006918707155,524.8941342468878,0.7938834429435415,0.030426111546164918
78743,-4.504660732225276,-7.746385725278777,4.103913195917419,0.7370148094915251,467.2968157810362,0.33017266424025227,0.03042663759527345
78744,-3.262477988279935,-8.134181192483826,4.491221724150976,1.7944797287636718,467.51611362440434,0.05193463529684905,0.030428028621046398
78745,-6.857047406411354,-8.691992883785833,4.315062439033909,0.9288755380470234,468.2193756441623,0.5695495533066186,0.030430948901200516
78746,-2.9640924173623535,-10.546930897572485,2.4753328885293366,1.8843241874658687,452.9315279401705,0.495369307470777,0.030435964842328012
78747,-6.1667454615306045,-8.922028856537773,0.08589570798269991,2.56705590801921,450.7217812651791,0.7509059960134046,0.030437043297566795
78748,-6.1040415250622,-8.591632312182977,0.23700384171291902,2.3985765281424873,447.2812966297463,1.9625242343327605,0.030439979936861004
78749,-7.929978923970586,-7.03239964947818,4.8061114473673605,2.5327076898931815,451.771804078976,0.9374296714473465,0.030441711515032308
78750,-5.722485132625353,-7.935551818002549,4.892304434793956,2.035044732048154,408.75019431067574,1.727317845704035,0.030445864221763815
78751,-6.518371310065891,-10.63485008142199,2.01036627899557,1.037971852047159,468.38244952711887,0.5298391112298182,0.03044691644308272
78752,-7.2197418393041595,-5.764042251983483,0.8638834327636403,1.1421287644963378,289.73502880760947,0.43797440105282615,0.03044781889220413
78753,-7.324242646899881,-11.080553480164555,0.6589433909980216,2.0443982362042785,405.14602979151016,1.240609885929767,0.030449475422313237
78754,-3.4448432024476974,-7.895159040096846,4.286218514336214,1.7005129157240624,467.8871197862344,0.25114016604998124,0.03045002199107051
78755,-4.4614495998615356,-10.785639641888462,1.5917476180549577,0.5465750327570785,144.35998109074217,1.078559138740899,0.030452151976973624
78756,-7.045141364768712,-6.572668202833943,4.757385102661194,0.8545992258965369,226.14712018797746,0.21086846808832238,0.0304643650136952
78757,-6.364430498511938,-7.299466867071414,4.733392178694748,1.5798796068291552,352.4613943112511,1.6687579023314774,0.030465294714194745
78758,-6.996654698189532,-12.498195852918693,0.8060226293841375,0.913209996780554,258.63309873514737,0.04812777481951702,0.03047145498123454
78759,-4.346976015837207,-7.826752117897825,2.1053517914635154,1.671146267467834,358.9757438085792,1.1263297615527739,0.030484620929240824
78760,-6.459915453667918,-7.668102468884662,0.9841538415346901,1.1230039852522855,242.8003356765979,0.8846620170438255,0.030487273209075835
78761,-6.295164630568797,-7.106688970538448,2.8052783320590176,0.9601814642390333,467.66198189889843,0.5409686526745592,0.030488805146720765
78762,-7.470760594231827,-8.951665619891445,3.303599933117401,0.7383425459855669,149.21969343445386,0.7711587372222146,0.030492566448381737
78763,-4.683066651286746,-10.558386052241035,1.994323396626305,1.5050595405433023,344.6405366188049,0.07666666309883308,0.030506774480695824
78764,-7.484214741335755,-6.1656549305915656,4.968963045747399,1.688102080131875,395.55447730003687,0.1685092294579631,0.030518883700943474
78765,-7.457971327708375,-9.214376352401288,2.943012121574874,2.7301297188080937,467.93592014086306,0.6706060729748797,0.030519311818703623
78766,-6.588068808756454,-10.593973466769587,2.1258708509591653,0.8856534559536098,193.1121080025222,1.2147288530521552,0.03052257390964982
78767,-2.7107995978425734,-11.20689571875115,2.6628666818449904,1.8479587379693574,468.4722298737758,0.049498077219296555,0.030523072769364615
78768,-6.904965420778106,-6.320230165236167,2.262101082058892,1.4770769102132444,186.4693512567246,0.34366580765406596,0.03052433664584741
78769,-3.848819954543612,-9.66634032871476,3.1856657327313154,0.8496160409699588,172.93678942279516,0.8148501058202475,0.030535511412302402
78770,-3.6613231698762707,-8.069164974380929,4.47687840541039,7.378162090902361,627.3866160896938,0.11904131936649609,0.03054596892942215
78771,-2.5210194880640904,-12.606651740371793,2.8714371068393216,1.1488579458519954,231.4794287582513,0.7201248729224075,0.03054694926856164
78772,-4.409790228932875,-7.886503315330568,4.393638245967939,0.9755536631965612,207.01222447163187,0.740646137023715,0.03055510549323612
78773,-3.144236512712687,-7.8109958380932545,3.8857088803069297,0.8617885723593004,211.58206523077573,1.1918914508194378,0.03055525255007359
78774,-8.859845215792923,-7.1144602944571735,1.2611870567601033,0.8350877342224389,457.120553074099,0.22027104211776471,0.030559045888072744
78775,-2.6129024815712025,-11.513525639204001,3.144826462082485,1.5822392326620813,468.0312280557236,0.5420505918626279,0.030560708493772407
78776,-5.541652012869022,-7.947606691131344,4.816385090892944,0.48950880286809206,141.8786063485673,0.9065892406096996,0.030564425592205187
78777,-7.474453063830859,-8.424744790669157,4.044405442056654,1.703947986843338,457.7042407846695,0.11078709523862518,0.030574688881980013
78778,-4.793754434206229,-10.57977599314993,1.938892694856265,1.6293494083695679,312.67340893340025,0.10818030726587136,0.03058297880804753
78779,-3.8043077190645818,-9.892711396122596,2.9352279536208754,1.7640846050073695,418.4061216307359,0.1882337096210307,0.03059817744808742
78780,-7.1518547266582235,-6.726279205459609,0.7482199344631668,0.8447242793468125,178.5350560954115,0.49599117269879134,0.030598477187968914
78781,-4.3919296752858745,-11.499000606109128,1.3352778301800698,0.8404220273258592,187.70553146194806,0.012910308662607228,0.030602263556867057
78782,-7.12555570300623,-8.45686214444088,4.403353581224571,0.974637397825543,256.5678328372631,0.9029275706621904,0.030604308971214994
78783,-4.150935382457382,-9.790928820773303,3.061713794647115,1.6443204766138102,384.2254152622482,0.35419079376216356,0.03060518109931807
78784,-3.552878742863662,-8.101930782204217,4.482219167663081,1.003968334265843,264.0911496488824,1.2664193304152755,0.030605588402553206
78785,-5.942119752861362,-9.025619384268841,0.06947300714783247,1.0090236967643598,216.6819373274596,0.349553240258599,0.030606898846033348
78786,-4.868502325425728,-12.144330670210616,1.2261864182706166,1.0921575186972532,288.34170840247486,1.6957779307476537,0.030607203813256382
78787,-5.720114269047064,-9.766248223181085,3.20168350114729,1.6754825493388634,391.6551839758457,0.57055420530431,0.030612298668558132
78788,-7.020050769574624,-5.749027206061063,3.1271453633606754,0.9438441898450444,144.76925095233506,0.3874652175493445,0.03061673319040866
78789,-8.916770433598517,-6.503515741756417,1.8716719402773827,1.0916043921413898,260.06974065560166,1.406644247748047,0.030621902144707624
78790,-2.88654865036603,-10.599392264928227,2.610347134774219,1.7450522963907027,467.77657104911304,0.48634581053510306,0.030623719366399748
78791,-2.6759868573196046,-8.683994321819823,3.3813607360998574,1.6448470360524228,348.7659030512649,0.8832784875872859,0.030628219204664794
78792,-7.027353331689374,-5.758146493289213,3.152906591946085,1.650252420402764,390.35891626224645,0.328388592175731,0.030634568058129006
78793,-2.624953267960879,-8.605096426225398,1.7624654529816381,1.1999753867298284,303.45471564894683,0.326615998403474,0.030641353807279635
78794,-6.069092717080698,-11.745196087346626,1.223977966276973,1.0012380513403738,265.5879946164103,1.5899726008607677,0.030641945310088646
78795,-4.201705952318745,-10.138886209564518,2.671220312709757,1.00719517985643,264.1844142467589,0.8712253766872182,0.03064209724387925
78796,-2.6046850585505874,-12.20564900584677,2.89553230254719,1.53669113751532,468.6158234628837,0.07960079978362966,0.030648282509535666
78797,-3.174739504095272,-8.36409429116717,4.479944232370459,1.1208413905888799,238.79718428675858,0.006555451880444707,0.030649448560031076
78798,-3.5868734088765457,-7.9948249195692895,4.42157561675554,0.7828978429696434,215.97617196504,1.1965965343913814,0.030660913703055712
78799,-7.230079350828416,-7.611179184395497,5.124882180902683,1.4309306956804322,333.73003680666454,0.6508331963615186,0.030665457211275046
78800,-7.63254062876582,-5.499895135995363,0.21894813894488538,1.9385834960751744,384.59101269251664,0.8199355921621354,0.030670539236870308
78801,-8.11812613156566,-5.094690593388429,4.455423868011303,1.1302383411831918,245.09609307642071,0.945702202007431,0.030670709419939695
78802,-3.152132171468054,-7.784945025319471,2.603734638201864,1.7187628563790698,405.32588425045924,0.6348447370519041,0.030672982457688663
78803,-5.119932059941154,-10.659061559471658,1.7401825688197616,0.7921072608366396,469.6248089417231,0.16616820772756125,0.030681541389127785
78804,-7.048870926384205,-12.487766612806114,0.3902313435889279,1.7596379521008418,417.2200079428475,0.37193178469611343,0.030683668285454192
78805,-4.920317848148893,-7.920535159584203,1.6706479759797734,1.4722880390169049,335.37032251620246,0.011851869676183568,0.03069103613487879
78806,-7.217381375604006,-6.788627182689636,0.6022219203929218,1.174269947143617,468.04040074842885,0.4212971606788285,0.03069311906282173
78807,-6.900168557098844,-6.174432229414059,2.9467881994442093,1.0859868282000031,218.48503884408817,0.021907132552047237,0.030694133123224616
78808,-5.974275518630608,-10.66689359550341,1.9180159212973376,1.2881642851342083,315.52271259282514,1.203526666238666,0.03069429010093135
78809,-7.476658650675396,-6.042373759798645,0.32552179964845923,2.421535805978483,436.58524368620954,0.7462632388751933,0.030703948529646637
78810,-5.460875349197323,-8.13289507275211,4.7851355007298855,0.8538324442457755,467.8008180128983,0.4782908438797664,0.030707133652306942
78811,-4.012616068266174,-7.713535380991364,3.783160031378672,1.4280972317344363,318.2656182552931,0.7851380204579561,0.030708119251561073
78812,-8.467613810599348,-7.973771121244033,2.4753754391487823,1.3356167195635984,315.28824115906514,1.3878947951916167,0.03070835610904417
78813,-5.7989454094136,-9.934152120083493,3.0273247028804633,1.4819730156823419,468.77012385125124,0.8484652269725457,0.03071092150836856
78814,-2.7691568556638675,-9.327290454197366,4.091213132520672,0.7057027240403265,468.1110633677469,0.35549162266363066,0.030711189195381343
78815,-4.442121665887346,-8.80488979781045,4.158155622816623,1.0115859188375225,273.3036677137004,1.3266278315457676,0.03071209138228266
78816,-6.687591839457541,-6.862082627011288,4.3942468106219765,1.1185930333793295,467.8669728458209,0.43825956018111434,0.030724901222035996
78817,-8.064142693522928,-8.3936656696867,2.916759252314658,0.7401728904018423,468.1464729037842,0.24568519855890436,0.030726356031992124
78818,-8.375087050731924,-8.52503151353961,1.4263445003536666,1.238394366313498,311.1005193420459,0.49029141242631535,0.03072853767410649
78819,-5.28528050369075,-9.014469495029182,4.01358832322278,0.8054038192690758,188.5686927401328,0.47219684679647145,0.03073263292548483
78820,-6.779310159762886,-9.275896685733658,3.631333569758379,2.5267507264107074,442.64181094186597,0.6130367753353161,0.030732907543495065
78821,-4.50425836754575,-10.93193150664573,1.504148641198564,1.8631128990597654,448.89855891475133,0.08979580840794466,0.03073357304023395
78822,-4.024861278263913,-10.801763154198648,1.5689657001966821,1.859363473425407,467.9245124539112,0.6840513131249457,0.030735818983264645
78823,-3.952458440320166,-12.301366628592687,1.2146184000704383,1.1497657043890064,296.7725271541241,0.8674368375247878,0.030742871835969274
78824,-3.9464590621742612,-9.614451152263001,3.2473593601242356,0.9988378856238668,469.8732762554657,0.019533488116116438,0.03074533112978235
78825,-4.246513237395715,-10.558802921441178,1.8842927865165089,1.777028274337631,421.56050064423056,0.2852152665107024,0.03074604160260979
78826,-6.990301498231087,-6.931569446435625,0.9751108458086502,1.3699546083870868,330.67909448983113,0.3010046675690212,0.030750634458240018
78827,-3.072204397054767,-7.833587698049708,3.5064381646934075,1.553603348135519,344.1616125594515,1.2658453181118565,0.030752490934378353
78828,-5.068671929975804,-9.537978412670563,3.39789672308954,0.9051996827059988,183.5623509121809,0.8415735502080617,0.03075401178693641
78829,-7.20690673038077,-5.333290612683605,1.1300113965949719,1.8230864881537319,436.02578937388915,0.22782529624485637,0.030754350590140818
78830,-8.537656742152809,-7.3511893334597165,3.327086466446335,0.7506786263019926,261.0937493382198,0.3572523558467573,0.030758662882117146
78831,-3.7501979640056113,-7.753883350044625,2.547671298584281,1.46108043869452,468.00350666567704,0.36967773976231744,0.030759670904827237
78832,-3.957366937234039,-8.305969977867623,0.8586592545356432,0.9743008115890301,268.50532721096306,1.0319994594748438,0.030759801044014424
78833,-7.5519088712397755,-8.255202730450378,4.159094330904581,2.512892055192861,453.778297523048,1.1525826898101945,0.030760741638526257
78834,-6.956356360524589,-6.212301509167209,3.894942855662694,1.851484889733192,466.805926881928,0.6479144749120005,0.030761496700250635
78835,-5.226156811131208,-8.489509765230501,4.534575929511493,0.9394508116779057,196.65407162557625,0.053505572779986466,0.030768446247708678
78836,-6.484212526237002,-7.48882519122815,1.3048341715878904,1.586918729347529,278.2297270867994,0.1376351521740915,0.030768499542176884
78837,-5.046434018337759,-7.609642684260574,2.8156658553156464,0.9107076821925315,183.11680776828655,0.15911347458986658,0.030768988798509547
78838,-2.8242878464748014,-8.230916135070744,1.3625549985377128,1.0506794117894815,467.5169363940249,0.7571056488110246,0.03077590752342099
78839,-4.415830396593529,-8.205915714750066,0.9939498782679442,1.0241028310131048,271.2420982745422,1.2385003979813636,0.030779145561390494
78840,-3.703529840423201,-10.187058040345452,2.5985650428890814,1.1100695629832993,371.19115227621256,0.7186467145195543,0.03078798970029093
78841,-7.196676638905292,-5.678980503313888,0.9706980242165603,0.7745302778883262,175.4673704583384,0.467167039188058,0.030797436085673174
78842,-4.007343242901806,-8.880823256282095,0.23339021691133882,0.8027458926317365,223.7472113801465,0.3741466632148347,0.03079751827440559
78843,-2.5565450658230535,-8.98276728180318,1.9528340012229375,0.8320192228886847,468.0612360782793,0.1474618501400613,0.030799739494072158
78844,-2.7163804838322054,-10.170641710796948,3.4516366657890507,1.0767239342296275,285.52345401369337,1.190913510669195,0.03080479034776192
78845,-5.2931861726331695,-10.363195623869586,2.498510985741679,0.8061183688468199,466.31173140988807,0.055895207430379124,0.030814044314015045
78846,-7.275054625739764,-7.6303318584907895,0.3327085988582493,2.749862588223617,478.94080549876537,1.7454883501474496,0.030817995621949354
78847,-2.5180810601403554,-12.71684180678547,2.7738812083139437,0.8266200240394183,166.21653896563117,0.09100925925254533,0.030818238394664396
78848,-4.150840212532203,-10.320451967970119,2.453452872767715,1.701375037048743,403.21310794842555,0.48419449647230905,0.030827926217419376
78849,-6.418987499759466,-7.275879910570676,4.754265533438052,1.7397510456269238,369.607536825479,1.2358522104397336,0.03083051488464667
78850,-4.331042550856328,-8.49580030095444,4.416791412221966,1.0387744085587323,467.6858624428912,0.5639614204056427,0.0308354999481331
78851,-5.093835326010223,-10.573951884218996,2.054672548243291,1.050186373889862,467.44142451939206,0.6858271116746524,0.030836152323348926
78852,-5.869167772578255,-7.53676597289894,4.584572963855385,1.3083154014711942,277.47662477187566,0.15364594337383952,0.030843631019243638
78853,-6.702343892076611,-10.422077563280169,2.3036006695059714,1.1621339918390936,468.8702169913397,0.641952429979848,0.030846947484746645
78854,-3.4821095710459593,-11.593053150083403,1.3107714119020433,1.8743591344294719,449.92213749223794,0.49391581325968215,0.030847460496291435
78855,-5.114262488845849,-8.152976798528005,4.688557399402552,5.4265154650962035,612.1660135740382,0.2010868198390936,0.030856213195876277
78856,-3.3500631951756326,-7.926717139266304,4.306153191511957,1.6083857962042123,370.8974841073911,0.7182158037403417,0.0308721414818833
78857,-6.816725631790952,-9.665859455855319,3.136843426129273,1.2368924501773355,300.9977026147861,0.5118579166956447,0.030876221615379795
78858,-7.093351057844462,-5.309186000824707,2.886916467189374,0.6556022052341858,135.84065691268265,0.16680798326207125,0.030879810832178497
78859,-7.103279540160613,-10.2369733325388,2.0513029126516904,1.2036429935656239,291.32785404269663,1.181341758759273,0.030881839984079753
78860,-2.528625211299138,-9.054653631091186,1.212785338357245,0.847724399903271,466.7880665839031,0.1620116021453164,0.030887983720727378
78861,-3.898941907724142,-8.643522960696549,4.266971899361298,1.9794195015002825,401.01638533795216,1.6870859344970226,0.030890307495614954
78862,-6.250328368947148,-10.670034717553516,1.7695854399761193,0.9163527417146827,259.2717518464613,0.3534977505265191,0.030891332986191716
78863,-3.505057863226707,-8.359073200221575,0.7876832709145315,0.9102626137980352,232.98056436850018,0.10408411460085976,0.030893363874810165
78864,-7.985092633391603,-9.382893260307632,0.7824311267811984,1.6178613477857526,354.36562561980435,1.2973232930556469,0.03089404575261539
78865,-2.571886221306773,-11.527846613850366,3.2270952060397504,2.1067597807781606,391.26876823900136,0.34582114972604394,0.03089617361117165
78866,-2.8652125234586343,-8.177324856981826,3.7229895379179028,0.8672763406364828,174.9239258346665,0.17079262226635272,0.03089672318682252
78867,-7.086303300561726,-5.683930336844397,3.6452342817036856,0.9383655028491038,189.70556045281515,0.05639236834440009,0.030897416229249314
78868,-7.146855981878733,-5.641368184305408,3.906710479104176,1.8551309861288183,382.87469305320303,0.6360581298990526,0.030903102095131498
78869,-3.325147868660844,-9.550647670916305,3.307430327272161,0.6977141404693392,146.805861740401,0.008826950658178845,0.03090645913426205
78870,-5.633431749611832,-8.543002374621793,4.557449273271334,1.0821423064680846,330.6356081697028,0.5189519474503586,0.03090978835440471
78871,-6.145050221279792,-10.672155864424589,1.7655819430110793,0.5820484894655782,119.25518679134201,0.6698196987282321,0.030910501247110082
78872,-2.39229601707477,-10.703200369605842,1.8165097996115196,1.0246563518318301,210.35615791295334,0.6769890978050777,0.03091215774413913
78873,-7.105046525170769,-6.143269014074819,1.4048770074967016,1.0494315257507802,277.63619682322445,0.5122475467617917,0.030912966018002176
78874,-7.971311825600846,-9.455146074222018,0.9754088217959184,1.7481038632914379,412.3995231378447,0.5617066321484829,0.03091626858050682
78875,-6.124437590028446,-7.554865899728817,1.706446266159002,1.693799438945655,397.3693615875444,0.10301304130821176,0.030919023033856713
78876,-5.862976012766032,-10.31141251539708,2.6079898247555886,1.8526788924794138,467.30173927536634,0.052262741409017544,0.03092932062712331
78877,-5.674752347286428,-11.328491057540218,1.3498658266767418,1.4397455326429365,312.0749907827586,0.2036169393025764,0.03093007518910119
78878,-5.283470528739767,-11.715549689439404,1.273528430319217,1.854911259308013,468.3585322229344,0.2929420414779864,0.030932458202279953
78879,-2.4982923249499613,-12.223885878721445,2.729706884454033,2.481630848374188,456.40144295686076,2.4399072048678656,0.030932924305294218
78880,-6.695046619332247,-12.720006162059866,0.9834383354434805,1.3616431883855036,306.66578538096957,0.6057806835777191,0.0309394097821684
78881,-4.399930495437187,-10.229541642890577,2.570974382046029,0.6122379129177135,139.80001723125076,0.30933840477979313,0.030939730965014667
78882,-4.151645688858276,-8.324350985285829,0.8173181291601935,0.8951210200104106,142.34403263008306,0.2310616261220355,0.030949253891801767
78883,-5.34735877423178,-7.878664243098409,1.5789794024954278,1.5620131522147236,370.3777702550733,0.573394224454213,0.030955002253797877
78884,-5.269778837404385,-11.822713596541341,1.2556115382668558,0.923529492434119,236.9710927963225,0.6766211458026428,0.03095645715398285
78885,-4.945460023904051,-9.738407666886346,3.1602876760796286,1.5185335537086786,339.3713305823861,0.36792617801955085,0.030960431772632614
78886,-6.653807782469773,-6.676149068335589,3.3234267300650053,1.0915265423773626,261.70346423879374,0.26394584586295355,0.030961514550074933
78887,-7.2938772873834345,-10.730055130632115,0.39354779026629855,1.6128301336671136,372.781636233402,0.13149109254585323,0.030965541576211123
78888,-7.029633580264727,-9.648657128168072,2.9700072747629167,0.7622254472196934,179.6879627629876,0.9851732719471764,0.030966655171222778
78889,-4.384741720619435,-7.723168545354524,2.5650182778640236,2.633810913656947,470.03276611177637,2.2454089507053494,0.030971701898849978
78890,-2.6998476664420092,-10.424312338851646,3.3251265630801257,1.6862702613861986,397.47965645312814,0.5124804654815742,0.03097218004721118
78891,-8.131627818432039,-6.8804877383815475,4.569224887497904,1.9469772475693101,300.3366212310621,0.04394171021028548,0.03097403915765574
78892,-7.473486064786931,-8.675744597564783,3.689173167374716,1.7948227371883072,426.7233096102629,0.16625224874969913,0.03098084116595057
78893,-5.582843836192674,-7.436483594572607,3.386657267402962,4.3531673035139695,590.7721152199445,0.9809277092291815,0.030983303491896246
78894,-3.9869108386144445,-10.325912236221335,2.436877305236884,1.8831348379638024,469.8070936565944,0.2323000721585169,0.03099180189848239
78895,-8.539634750585186,-6.4194503615638645,0.497909426772261,1.7854552912197004,467.4220672534177,0.7008214090870908,0.031000206756196344
78896,-4.830649998725377,-9.332092540260042,3.6076028101383826,1.298642695858788,467.83687190913315,0.12462026407575255,0.031007432873470284
78897,-6.87687708549891,-11.365926780632037,1.1150707719074735,1.8469028763539088,468.5604195653554,0.6145049714335089,0.031012197443697972
78898,-6.82079310434753,-6.947452201505096,1.5318402249013925,1.8448292021958952,469.871197507165,0.16091563174624568,0.03101492187930966
78899,-8.697756697935972,-7.235985057663108,2.924210852273844,3.1856370349986154,513.8318812653847,1.428147246343471,0.031015367113227096
78900,-3.478058278805703,-8.011282257298655,1.6473535911118793,1.0248686448011792,237.83950683076395,0.40162096809049785,0.031015848392855077
78901,-7.121340099594891,-5.303688394228246,3.3520643548538653,0.8601051587239544,467.10656061145346,0.7017430796107469,0.031017028597170655
78902,-4.790810217356075,-12.660937291553571,0.003853482201533292,0.7873468684595132,469.0662053367755,0.1494754093018127,0.03102551570080142
78903,-6.057779952328711,-7.4006650523113295,2.222873720679607,1.029758311033064,262.8685564096977,0.4376112267450578,0.03102696230675727
78904,-7.394407474836697,-9.059766014764804,3.2643772066784966,0.8614356335152661,233.25591519308625,1.4683964229111686,0.031033933332786832
78905,-2.789026732024748,-8.669143926371325,0.5629317997619026,1.4634388370122806,339.31970457429327,0.6731856754819843,0.031035631638497187
78906,-5.608286361087259,-8.239120425923547,4.776080286670658,0.9735312062323379,200.90526659686773,0.40285903785303656,0.03103712888624901
78907,-8.55565178248302,-7.358306789983588,3.2550769901414585,1.234788178209431,262.0065294395015,0.004422249546886192,0.031039115654767746
78908,-3.627811317742707,-8.09439150650649,4.4711131081730455,0.8322745488791428,196.1516117711965,0.9572608576899038,0.0310417104138915
78909,-5.4432992475555055,-9.11155645897848,3.918413377173431,1.1563220075959315,467.4086321179353,0.49319122357990075,0.031042065572890475
78910,-7.238787301028085,-7.037222425082992,0.5044258375861124,0.7387937752573004,467.21615650906585,0.2685226473591138,0.031050919155508193
78911,-5.865003982538941,-11.130831103398883,1.39642588379383,0.8371663550780277,447.8549268483361,0.3252690316392792,0.031051484186877407
78912,-4.179329557161867,-8.683662803785198,4.252094512946141,1.1030502634292656,467.36734853781786,0.9039600825156446,0.0310552118021425
78913,-2.7977225601759272,-12.973560308514749,1.2632334696448806,1.695965008490741,398.5020553555714,0.39778664203211367,0.03105841296013355
78914,-7.358581679478223,-8.363582231122326,4.269778470675822,0.510388355122454,117.13968361197765,0.4324754829514248,0.03106303556721515
78915,-7.16647488919781,-6.583777422082033,0.7753618016146726,0.825551432946029,162.97002167080115,0.05223816136787285,0.031067596098535454
78916,-3.971287146668601,-7.762771298417515,3.9473493528556305,1.8996019756367497,458.4948702557375,0.6305860955438654,0.031068368278220813
78917,-6.011355167123072,-10.64347610832291,2.091281120886128,0.9415379633041397,227.3396679822713,0.6089681646251046,0.03107075806741952
78918,-2.6776309442354105,-11.44201620753858,2.5530076465034117,0.7560499377171248,144.86438617683396,0.1928447004833318,0.03108131502139247
78919,-8.859502865688137,-7.100675953158378,2.1599829314503514,2.2097752681456755,428.7709169281059,2.235384038198646,0.031086683121172094
78920,-6.900854001345291,-6.450176491820482,2.0301432295298536,1.0846514263838665,278.6058271404404,1.0855903994818563,0.031091637744654257
78921,-7.579311810984972,-5.894116799251725,0.2526706673934941,1.4247753838751056,327.3411875627103,0.8912045581704211,0.031093948450274276
78922,-7.369298403745895,-6.243010369095464,4.910799685241806,0.8506398504353577,454.27216441585097,0.20910839529637748,0.031098334098284806
78923,-6.200997760140462,-7.245308677894345,4.2413111358898945,1.8741815581818073,467.5637968164535,0.18946254744828028,0.03110515668129651
78924,-6.300759949536042,-9.265101434779512,3.7848788350766345,1.739328753374397,410.8800321192914,0.2353596998223848,0.031108217590172762
78925,-2.7378727944689443,-9.679708537204545,3.8315452458751666,1.7630458939148959,417.6899398782629,0.13754664857922538,0.031112470775529755
78926,-5.252217321218185,-10.187557420482946,2.680156122478569,0.7574439826561699,155.69810365375034,0.11292516131461916,0.031115765789109132
78927,-4.088896045001158,-7.68566710774873,3.2043075366502545,1.3216255502098346,287.0431525120932,0.9602445912813344,0.03111671235178206
78928,-5.405993331330086,-8.270409911541616,0.7115322841541507,2.8120133830623746,478.00494363258076,0.8871688689174446,0.03111858763047409
78929,-3.729623663966624,-8.905207820819005,4.0157055789813425,0.5655616905734512,123.10938014217652,0.007718436388918448,0.031123228002797515
78930,-2.919218293405228,-10.154293955012875,2.9809580301864114,0.9833001169959454,468.29925729859247,0.40589968942563104,0.03112396929925392
78931,-2.4985968720691565,-10.693429550974558,2.85892641092526,4.65000285504522,591.9156300682931,0.27892191930059784,0.03113573066577336
78932,-8.926161587314656,-5.02484572962612,1.9356226412003057,0.9776860881381231,198.63423447261098,0.9138024882821965,0.031137807467816712
78933,-3.309144844981362,-8.098637866560821,1.4249881946348797,1.8954313846464053,468.2108761417074,0.465899721797558,0.031145980334923388
78934,-8.787491091532099,-6.893677884007035,2.9085708963309043,1.1320568534046351,171.31040451743837,0.42696744910991935,0.03115122795564503
78935,-6.379756624862732,-7.690345842018915,5.100767153671511,2.05629246780863,206.21665917709208,0.34686700682615434,0.031154558735364626
78936,-7.346216318279487,-10.146441685849272,1.453301688828953,1.6576617192135439,443.89800777462364,0.3353936482523867,0.031155887820381856
78937,-4.858268500345888,-10.475021509967766,2.276704188658256,1.785115240199356,426.1227222489234,0.6351140552159942,0.031158011803709963
78938,-2.492625946642498,-9.84117254012492,2.5536557819165733,1.7944358117535377,378.68335829359586,1.478773650492153,0.03116012351991831
78939,-2.557328402442808,-8.968206491716497,1.7927316583008877,0.9351853052378,263.19534308427296,1.743164515625014,0.03116234102008737
78940,-5.141092275397324,-8.104650945426151,1.0807142179487499,0.976320879559916,270.98870300739407,0.7044704824165731,0.03117844579556824
78941,-6.499060246027643,-7.4171116883692365,5.010689512800924,1.2278878224235181,282.88061268745065,0.7731098025725496,0.03117982150834332
78942,-4.449662326074625,-7.657148448199327,3.2242791850639327,2.525670416632922,215.16853330758093,0.24396973889015516,0.031184120109968544
78943,-8.801685344572359,-6.1988813437975505,3.0808301750925127,0.9675881536298181,250.57913640045984,1.1787085866074571,0.031188731808927568
78944,-2.3130147585766583,-12.607884914432955,1.3368852276487206,2.777904209090676,479.63176603391815,1.399863831392743,0.031192595606003494
78945,-3.236644472280302,-9.706990324242945,3.1430561723564345,0.8744835203126874,230.08016102589377,0.15090315472626337,0.03119329087721838
78946,-2.7784505739779544,-10.516903040212688,2.965901530359371,1.2639899563274553,317.9048335686109,0.4676480033381738,0.031193647729400507
78947,-8.498185862414129,-5.395002009085446,3.8668852083171426,1.173140966335792,225.97956235186183,0.030686577293599804,0.03119415953951451
78948,-2.725953063807519,-11.082869335139847,2.537739269457035,0.8010139727597616,469.9660384801982,0.18518393463903937,0.03119530737721944
78949,-6.085206156180971,-7.486255482237459,4.695176647268452,0.8918790742143571,186.17720687331598,0.5525968707538178,0.03120454020483053
78950,-6.811485465618078,-10.514623641472067,1.687743290250435,1.4197087449416228,330.8149482899625,0.23517252881941975,0.031207088144160993
78951,-6.3877676256128435,-7.081870733853524,4.148190431634093,0.8774656963011296,466.6620042492901,0.08909662561183485,0.03121334906455024
78952,-7.115867476148194,-6.279722101695996,4.543673443079153,1.1690354952371076,468.65632825863077,0.25091541780573845,0.03121341949114396
78953,-8.243349624480905,-5.677974384845721,4.378615976605179,1.2120021541152501,219.96026760394417,0.06905601595833133,0.031214509237258024
78954,-3.9965681445306975,-11.442207898771057,1.3436088294507844,1.0181283308379976,435.06280074414803,0.04797609878808817,0.031223751911990887
78955,-2.591403726056293,-8.766227044529725,1.679847057071547,0.7514062234863134,214.976537327098,0.8910713340488616,0.031228695808464536
78956,-7.286132869406107,-6.787364899472495,5.141617206531299,1.1275351891451895,467.3039433791339,0.1985729827475522,0.031229000485481787
78957,-2.8524997694592846,-8.775911703767974,4.396200388027871,1.1139830428920088,288.68037132115063,1.3440420521970458,0.03122996926873887
78958,-5.349980770485164,-9.940448314465618,2.9671876914268096,1.4884166428490537,351.1571164373323,0.44293455267838144,0.031241162255937174
78959,-6.66586688478547,-8.43549129438999,0.21749127097582172,0.5351627347393493,139.92207171558528,0.5917607330423111,0.031241976533641785
78960,-2.555722448262846,-9.778893863113248,3.3476703940328623,0.7895581774079148,165.43194191296408,0.060419497053940674,0.03124362989001762
78961,-2.588053303471579,-12.826400604152386,2.6914868951783957,1.3170365456616604,280.11739059769695,0.663170192675433,0.031245643431417648
78962,-2.984546786980631,-8.23774958828561,1.1189446258568463,0.9584715513033368,268.58737297147314,1.5548047013210216,0.031248029359971438
78963,-3.120605065246145,-8.3734482083875,0.8411513445224805,1.0573801533991987,284.22106069536693,1.252116138376591,0.031248952057077516
78964,-6.8008515085748575,-7.178505766884191,1.1979359179527782,1.3996392495008236,341.59074137253305,0.8373955389484671,0.031249952880574344
78965,-4.082927578601349,-8.751725138728567,0.3255736885144347,0.6638866346613708,196.15929269231071,0.17961476788531705,0.03125134139482371
78966,-5.6637688349033315,-10.274569128186961,2.618522409656246,0.7014594472837167,200.78348485774293,0.9646443606015156,0.03125286104364352
78967,-6.280490463090143,-7.18433457583034,2.493646179620179,1.3030259557101778,467.12140288300276,0.591083877289476,0.031258296783346906
78968,-4.910748460419796,-10.343334707778563,2.467494306558579,1.1865935054576795,215.12649141600724,0.07669553080306724,0.03125946670122951
78969,-7.684398024656553,-9.968417232762185,0.640710234349413,1.0996029670353822,227.40988653974034,0.9055329482999133,0.03125999298619328
78970,-7.268194405997371,-5.24075398787565,4.065963038463226,1.8836046671426518,452.87511981697935,0.5205628243993949,0.031262538587728796
78971,-6.690011860959041,-10.242622044062479,0.13475435320194035,1.1322771524555086,227.37273656753572,1.0170628900121166,0.031265564466980804
78972,-5.94446331720709,-8.027983970080864,0.8566912464299717,0.866497127527638,173.98828703444335,0.9494449442579098,0.031268442224371494
78973,-8.326080661977217,-5.85648201431647,0.3585130260023819,0.9112664639806273,468.7152536711907,0.6408870266270705,0.031271275506279124
78974,-3.511477508892284,-7.74464075827186,3.793431928166627,0.8326752881326077,216.61428876951746,0.12268467890262702,0.03127153687893117
78975,-2.6559895311863135,-11.477135176592716,2.81227530679945,0.658579796144621,188.7586248218782,1.3623094869071704,0.03127562519695634
78976,-7.142243200569377,-7.022130760303398,5.166790336670229,0.8971427753181883,249.90700605117348,1.02835641685083,0.031278357954183746
78977,-6.86454269107241,-6.7402103559520175,1.7280340530531837,1.8880362388969862,467.7235676461137,0.3067195785836665,0.03128107994421763
78978,-6.965974052953488,-5.983067307822696,3.0596142110915343,1.2290049879463678,294.85104339210875,0.6811835934288402,0.03128164489146957
78979,-5.67006708769658,-9.186062870634197,3.8525620975399244,0.9888726316232066,270.7690826693101,1.5469815353189258,0.03128297901014767
78980,-6.656882766262402,-10.385929861299182,2.3727385500120786,1.0206354425545734,188.96330231792635,0.24884521959494688,0.031284493199323825
78981,-2.771010333752727,-8.292661909538554,2.888777390308091,0.8586029045635571,205.41542009418143,0.6303965142510979,0.03128844713374524
78982,-2.674764436027975,-9.9414506719487,3.6945853551749988,1.1334474975522573,297.93420954462414,0.6133953934707295,0.03129284768586892
78983,-6.821577038409087,-6.435801350131207,2.70352969754352,1.3275383988786031,358.8783531599848,0.28019240594962636,0.031298503495679225
78984,-3.7679844069713697,-7.736645214377429,2.699964897526095,1.0790719284907535,467.14256718880705,0.12765799869685956,0.031300658102103286
78985,-6.935991979438922,-12.797305684678177,0.32970987714021294,1.1158772129228176,293.8845755034065,1.6494110003521127,0.03130239101341001
78986,-2.8946311003707663,-10.628416548054291,2.5036094870570245,1.1346550950456058,294.2721309813719,0.9281698359492809,0.031303593792721594
78987,-7.8741207956837425,-6.118472705452625,4.882516752085313,0.927534516050908,468.2162121845579,0.9368852894129525,0.03130363191709617
78988,-3.9304069674008435,-10.500731571929094,2.0228446850005573,0.9136563497835294,467.5357499911247,0.783204000843793,0.03130428388038788
78989,-7.213005306006508,-6.215115444396299,4.6772126386169655,1.5875278919348945,370.23603183415383,0.6393505213107558,0.03130584619241482
78990,-4.881688518882193,-9.195605668165193,0.04965720972187638,1.196503843787746,290.6505563719728,0.5176200643183284,0.03130637016629019
78991,-7.1167902531835585,-5.228641052159179,2.3194442268186712,1.5030631167977415,348.6815058284768,1.010963890729938,0.031309782793374555
78992,-3.1589886037849677,-9.569226385935238,3.338247638658508,1.8593156134837983,447.13080490453916,0.1295031488104197,0.031311193578481396
78993,-4.832309242599018,-10.451000804001218,2.2992124715340214,1.0329566834544068,218.63659249851577,0.13408941339402514,0.031328928588532326
78994,-4.44978774004785,-10.396620083859348,2.344076894005717,1.4114191770667037,470.4894696359001,0.05440716226190734,0.031330796906647015
78995,-7.334249862663451,-5.218896988259225,4.220173495098651,1.856842943337499,467.27440368369656,0.5908772739390731,0.03133881073231049
78996,-2.969175022963518,-8.545536194186187,0.659616398257533,1.0257287466384826,226.08391345822255,0.17262774024690408,0.0313416161510512
78997,-2.74804946334444,-11.363560688869901,1.5302363531147178,1.578593271504721,360.15519064715755,0.15500858863223588,0.031346523808170726
78998,-2.5747206076752285,-10.74499875164952,3.2994380758799795,0.9349075569180355,249.5524058098243,0.7313426868243118,0.03135186792241209
78999,-6.89612159465217,-9.829462094241434,2.870794745086243,2.972252020170996,496.08964545495587,1.3231526624015393,0.03135441250058847
79000,-2.8393667151432087,-8.983512045125138,4.267347941534116,1.445654938621126,329.03195489371086,0.44745880160716034,0.03135605794306503
79001,-7.726111476016303,-10.016325147716252,0.8503876641039667,1.253895906408133,274.37072763616294,0.878309287316676,0.031361508089725536
79002,-7.432224357980477,-8.447028862976703,4.059725263804753,1.8371651268193343,469.1610000180575,0.013389741829477941,0.03137108705747289
79003,-2.883764471569913,-8.359434982900602,4.264800081246601,0.9473204645049924,190.3479730193824,0.06275346175253826,0.031371839134710595
79004,-7.758678830096578,-5.745924794930452,4.829290561510024,1.0163243549616214,257.95828085531826,1.6015637191493646,0.031371918087903225
79005,-5.207764506511337,-7.93449217033904,4.648666688054699,1.5116667468870035,336.468462377284,0.9260437159634778,0.031373515049520316
79006,-5.965465230169525,-7.425466869347868,4.406085433835324,1.6433075215048176,467.9060259527667,0.42781082965825856,0.03137384958597611
79007,-4.118171333008479,-8.390127344538676,4.454560669456099,1.663727340938382,392.2092163208315,0.47968895301926917,0.03137427057205694
79008,-7.140690295119593,-7.967968863745973,4.906940551478996,0.642364016573642,166.83346755971368,0.9578341528812979,0.031384230596215576
79009,-5.048023788924517,-7.848639140493122,4.526662051783913,0.8335430787392037,167.23404393044402,0.7744968373257626,0.031385933948196935
79010,-4.5295264256103955,-7.961280553244875,1.6884762257278025,1.210324441578016,466.6985717347226,0.19418777099199414,0.031387841938921725
79011,-2.396748157577999,-11.971885674648497,2.080426654426828,1.8205910945412644,468.38060803022285,0.18797412470116281,0.03139383542086928
79012,-6.8445802135672995,-12.109399772351056,0.2926888515490369,0.5177813220666383,110.20852047255872,0.41513350073668587,0.03139441268221102
79013,-8.738649103980201,-6.2157254020498796,3.301350653424392,6.356285307249773,592.2192029142202,0.1267063734911611,0.031395829820870774
79014,-3.8703055836831703,-7.736081676752195,2.704641643911565,0.8203865095124258,198.92657254593811,0.3944626244238618,0.031397686460672064
79015,-2.796177724307075,-12.632773751101366,1.290972744209496,0.8441079203135131,155.91568834207047,0.24062107201536076,0.031399424565352566
79016,-7.864731991069912,-5.6051294351755825,4.7517498592151135,0.886648572853572,232.84348508801622,0.27264260350527003,0.0314003027363995
79017,-8.605650977901028,-6.804722763167631,3.5873051863084786,1.3746298261062522,321.2182931047364,0.26668351058364603,0.031406858028913645
79018,-6.691794610302599,-10.501690636004632,2.1673095806041,0.9049268477345326,256.433433027621,1.554793141299462,0.0314117809831661
79019,-7.094582087385519,-5.399101659120886,2.4385095013548024,0.9886440002731532,467.3259273830896,0.13590625074148033,0.031412732808587834
79020,-6.726610285240288,-8.359140767933901,4.741469379741443,1.417720378810391,468.5223151057888,0.2830760192405313,0.03141598887320245
79021,-7.494372804444985,-5.160006243731339,4.509818052538114,1.8542437825263112,467.54997264654384,0.6332286271099417,0.031420751650943324
79022,-4.657866055415751,-7.637706492133843,3.4039498787848954,0.8755062538805015,468.1887608453967,0.9363197958968286,0.0314245664640023
79023,-6.563640621692537,-7.314913236040998,1.545238685240273,1.6489566444071575,382.5389019391257,0.3563991528980619,0.03143163365022967
79024,-3.260994575327092,-12.27666835796378,1.2167085805381805,1.6993528055248603,467.6487761500261,0.060382892076147776,0.03143298451134709
79025,-6.664231938626714,-7.13928133761288,1.6342085403521633,1.6002159416819526,426.13898495293853,0.22506829326237465,0.03143615674505615
79026,-4.167044787149052,-8.611726033270081,4.302100395307521,2.810294080785294,476.91382888241077,0.8940146309137464,0.03143923548636401
79027,-2.758273306203468,-9.121672187969581,4.187589264308732,1.4092962393973387,331.3156507060745,0.2534144286423068,0.03144571876572016
79028,-3.472057226884697,-10.49121137847947,2.019055047399713,1.1348760927519397,268.35972589799496,0.7184779874584937,0.031446510206762104
79029,-7.509093531942342,-8.014768031336622,0.2873189595588168,0.8682554000278555,225.6591881913053,0.09154996186999131,0.03145092670069074
79030,-6.269282394590261,-7.669578460334001,5.036775056314585,2.333878579816805,441.11539923501505,2.1488187508320093,0.031453816298798905
79031,-6.7232978831956105,-10.330930766495454,2.3927831154735815,1.097248860284198,468.1049047184385,0.7332778435704119,0.03145408785641842
79032,-5.680352722090948,-10.68171527688983,1.6993498073404358,1.2783360424050156,316.4259038564794,1.2402526160267682,0.031454166795084455
79033,-4.243434174255631,-11.678081874240082,1.2884810038879557,1.3842384688342393,333.3746204211772,0.3371766461208452,0.03145942139574212
79034,-3.9902425996925075,-12.145717110462874,1.2252580064576026,0.7654444004413077,169.12603381888684,0.010797130447595116,0.03146001240646062
79035,-3.799854217353311,-9.040427767589083,0.14031249845354543,1.0606678354234607,283.0919962273098,1.688104066119167,0.0314603194884036
79036,-2.6577089224409782,-11.60988091872969,2.5311118534348473,1.8866717278950822,469.0898374906832,0.11480607736069981,0.03146157160947082
79037,-3.3364765323461256,-7.829205915211314,4.104601844505617,1.8724614099279595,451.4938302546732,0.41953006068393073,0.03147190948734878
79038,-7.7021029537064205,-9.72948805796883,0.5168895042902252,0.7717110446939277,231.45721581884825,1.517116856675913,0.031474991008461434
79039,-4.834020145142622,-9.304107689501558,3.6267681292408627,1.8415882307098013,442.2229354007074,0.830715909151829,0.03147742921564178
79040,-6.878865756067237,-6.9387914578904315,1.3930177607587948,1.7456665768682014,414.136461981912,0.25583298008703004,0.031477848308651454
79041,-8.366928486846,-8.460812479788348,1.6444087083042929,0.9152980467860271,183.79953788846692,1.0029970021671701,0.031480700847111895
79042,-6.632586734456491,-10.589780188216796,1.6897899727051298,2.941326274553482,406.877244797265,0.09941012701066043,0.031487913585478707
79043,-6.306091272941793,-8.705235739398638,4.4400128505617396,1.0712262060209248,282.92077991705224,1.5836134423846273,0.03149080994718338
79044,-5.269851248552931,-7.753105382816222,1.9547188206552903,1.1698482367085008,290.7777271221495,0.7359585041730332,0.031492314461631955
79045,-3.2734239974779094,-10.452462725845626,2.127833490314219,1.1000945988453366,275.58782961293497,1.2689359126811928,0.03149463686923149
79046,-5.768123562607291,-7.7506999694328265,1.628779629268459,0.9042662055097861,254.84902063173269,0.5558678422447523,0.03149665249707894
79047,-5.680968481391914,-7.8725429195683505,4.815669888804512,1.0730373782497873,274.2243873886283,0.4666574460841506,0.03151019852920088
79048,-7.009122248386841,-10.345159104913948,1.9384084659363248,4.303972882144127,588.3189630938977,1.0262371689039362,0.031516836471334506
79049,-2.428483787661037,-10.2196702777191,2.001503110807067,0.6323015224595196,162.5823789119468,0.04218184419543913,0.03151702884078341
79050,-5.865855354166989,-7.722159712710783,4.820166159872651,1.852194497710987,468.0630002395237,0.7098488997548582,0.03152662186592368
79051,-2.584255200086522,-9.982476880433731,3.562081589233167,0.8714020150647479,193.6639271628661,0.09277169732833013,0.03153008842750008
79052,-2.8463325212721653,-8.194642943482897,3.4676987516792104,0.9512351793177818,211.21674706860202,0.08506341355469704,0.03153029789024009
79053,-6.855424828324273,-12.727223726795646,0.8861624716812342,1.7940664896928529,468.6077614301677,0.601726999656572,0.03153440588964788
79054,-2.6620751360305475,-11.398371834265195,2.3725816901171144,1.1011126373172067,273.4074742073636,1.2486729301949815,0.031536630335686024
79055,-5.8979592689924125,-8.742610799143309,0.19044106113020665,0.9400772502458922,252.2365125528888,1.5844362679993038,0.031538099487824274
79056,-7.5624872124483105,-7.478463314122408,0.28808236637720397,1.1445632821310732,293.10498872262315,1.1217860071206776,0.03154125745597295
79057,-8.891224350862943,-5.271144684386313,2.5737149816529445,1.8688715771830875,467.5149691388922,0.6243703059219401,0.031542179448135456
79058,-7.865170955224997,-6.886539247021146,4.91734899862171,1.444356241050636,330.9224685817291,0.1173199868650574,0.03155406078022717
79059,-7.172086474074137,-8.197975622282355,4.6499424317045985,1.3518642310784001,329.7743841265299,1.3270433339050438,0.0315546742887355
79060,-8.928055082701546,-5.642933350520081,1.424039787437377,1.3487081106140983,328.4334666899798,0.38938042404807405,0.03156323643388077
79061,-2.7296694574272076,-10.773439738360088,2.9636269757224567,1.8418057260810783,467.77997545929185,0.28117992360861255,0.031575220033692064
79062,-3.432822672469179,-10.424381591169439,2.1961744672977948,1.002303470021616,246.35099916511817,0.0691053201640246,0.03158061985397401
79063,-3.1722981287311827,-8.083518981673596,4.433486719681884,0.8615295489195525,467.82091774035234,0.15393503348736193,0.0315821335476751
79064,-6.979653730120898,-5.989966563521536,2.5887507427349292,0.7810338875368733,469.19863026396473,0.17853418925847553,0.03158529330445726
79065,-8.416829633679663,-7.33452706140616,0.5172469904591322,1.8266112216138612,436.7750200518697,0.12167382191604048,0.03158717433132497
79066,-7.259295747090612,-6.048828982616265,4.609112339112651,1.8597124416579625,470.065498613155,0.18729267918401238,0.0315876800304094
79067,-3.408411483856825,-12.319717407658336,1.2055686879236733,1.8732696247510248,388.45690552252717,1.4701366141506336,0.03159020930206975
79068,-6.161223346800245,-8.104132823972662,4.970982627954944,0.8883996018779285,468.0706096552753,0.714135221670662,0.031594100321452705
79069,-5.626091131524892,-10.252612999132737,2.637810939205863,2.296665188583211,427.7759547527804,0.2756542820443002,0.031599136683266436
79070,-4.122913379710125,-8.188067843540512,4.502479160615148,1.316342907730588,323.8596204274714,0.4109819273553663,0.03159968379104975
79071,-8.788632764497645,-5.612710939600533,3.0729053576253316,1.117538238007783,287.6003560066068,1.005168700748241,0.03160240423764254
79072,-7.965782997223556,-7.933948772690684,3.8724681127206617,0.6861008505725171,466.6750161986489,0.4851203161850135,0.031604197570634825
79073,-6.312840998390611,-9.510314888009882,3.484900375461989,1.1958642872527145,223.2031526709577,0.049339783502557744,0.031606876079258286
79074,-6.442938115286566,-11.499237564925888,1.2103708997816938,1.8600767360115333,450.71736945700144,0.2671343288166721,0.031610550966809335
79075,-7.8027599627405255,-6.30185374618651,4.96830986245464,1.2258886733919667,411.19876643979103,0.1930516858366662,0.031617756197375724
79076,-2.40910981142496,-10.758751227473041,2.0393003202341826,0.8640809391570156,467.8239826724598,0.6370797509781889,0.03162121002184809
79077,-5.986658630463589,-7.279337273084468,3.6018570269422647,1.5145001476386104,342.4256542729336,1.363805115777378,0.03162231444106483
79078,-3.9449583380480977,-10.582929046346326,1.7747532882482338,1.3180039639594512,298.5932094445917,0.026451984949007468,0.03162295836165995
79079,-3.062321454036729,-8.560839262845139,4.3976582237813115,7.54844631992029,523.2632359637785,0.02567361526850931,0.03162353424191623
79080,-6.6486204596575345,-8.20168971867713,4.9114213989537365,0.9912886784255285,274.4682685985289,1.5174653740348285,0.03162567805049882
79081,-8.02759382447471,-7.912900621500564,0.4881703145087808,1.7338334752163642,410.39656093579043,0.044187708115271285,0.03163685801755062
79082,-5.5315321957853065,-9.057146052338416,3.9767187228775183,0.8943680924924451,469.1384688374858,0.001287010520849563,0.031643092407719606
79083,-6.688949886327026,-8.610880220196908,4.471670011726745,1.8855097123577755,469.3113526355533,0.2106713778727407,0.031646994648675486
79084,-2.912667066671224,-9.030897068020543,0.26732489195135656,1.461163516148498,468.4018871068052,0.34723412467208004,0.03165181925851145
79085,-4.12199599561586,-9.524149976185743,3.3286807056123746,1.159067095940739,467.65920710139216,0.4643490841467637,0.031657024501346345
79086,-5.718309369861482,-7.483606181225754,2.5509619232083534,1.7165635392642327,375.3626073084424,0.8459037335386492,0.03166403862629273
79087,-8.864205540406072,-7.011448532960828,2.262787897433718,1.0592196117226427,148.46259937094646,0.2444170133937824,0.03167052582558299
79088,-4.907782375543177,-7.644447227025145,3.8712921803174565,0.958885862108905,265.68900359634137,1.4217757618735059,0.03167258847099189
79089,-4.04699150434187,-7.802516805803002,4.097686440200648,1.1360448938502226,298.28697076590134,0.3428899656278981,0.03167270059460264
79090,-8.19962976145338,-5.822668914041736,4.452004655019312,2.819945450316347,477.36109904774736,0.8760396324116035,0.031675628888024665
79091,-7.743054379426699,-6.638453755437336,5.048658089064454,1.6060123464862746,378.6335886716468,0.5635653010536084,0.03167600595940057
79092,-3.4794766658521628,-12.177944825859617,1.220017848584053,1.0343028584687213,277.5371980276239,1.177504505832517,0.03167751795768977
79093,-5.245471329154925,-10.586794512923543,1.905140251542988,1.1466388382064545,202.977174735941,0.10412779956027318,0.031680168440262765
79094,-5.919818966142161,-8.426196855653146,0.4120414812179772,0.949708954797135,256.15861633450095,0.8060561440216993,0.03168469914769445
79095,-6.8992479704919205,-10.417935674598585,2.010039095623408,0.8516420290681586,467.68838885252956,0.3442716302007822,0.03168987503642547
79096,-7.907009042659751,-5.357647264146293,4.6659009937084575,1.1731412820501617,238.87112051413132,0.38386713773826653,0.03169171744579971
79097,-3.9662334904240026,-8.475374136385149,0.6228588001694499,2.6057686032685163,452.08063513498973,0.6290351532380596,0.03169779810248991
79098,-3.733938609034566,-9.234461498401267,3.6458811154868194,4.7926903953296724,337.5091551179271,0.15366383902274539,0.03169924154671725
79099,-5.630109878794892,-7.593152902874597,4.423562428508651,1.726945600879109,468.0086903306474,0.3137577621170564,0.031710489616175515
79100,-5.744945123437025,-8.4166956437417,0.4579274778627723,0.8105619348598548,469.6678956860613,0.23123978337610662,0.031712188825436166
79101,-7.442463495212603,-8.196602319820325,4.365221139003641,2.2473386560489312,406.0018490409129,0.24119198799644526,0.031712953897113115
79102,-7.754535426108943,-8.927723593730171,0.4857268262656754,1.1153914332204904,468.2626581592352,0.24336794317747668,0.03171740617629706
79103,-6.398960047047382,-7.137466130573119,4.358619145566885,1.611360530109437,373.48551252076123,0.2039490986261372,0.03172678986618472
79104,-2.4387181634598134,-12.01907976290098,2.357380648856914,1.3001444561024482,468.74312164560774,0.836726888747557,0.031728533047491535
79105,-8.238449526666427,-5.3585740619421145,4.319970363315083,0.44011068803517084,128.8561491144578,0.1484462152141921,0.0317286968951827
79106,-4.2766591271967975,-8.596508933457498,4.315454942460913,1.5745754513376289,364.5710264108647,0.2964470160611361,0.03172893693656097
79107,-3.529177531824187,-8.616410464557859,4.262581664902855,1.3947147363857402,152.72726942276117,0.35563950228422136,0.03172908800343432
79108,-8.45705737010011,-5.6408355706267574,3.969209230870655,1.0153072283867302,271.0407429126135,1.5774517459353747,0.031729243818186856
79109,-8.196588319780558,-8.707786605058693,1.79189250270131,1.2172207116312235,242.886445933954,0.0065752478131573255,0.031729258718041733
79110,-7.004131699597343,-5.852323634191302,2.7482031201728137,1.0477448132136093,316.1293996200551,0.9706089980735717,0.031729483233455
79111,-8.673706558121607,-6.585215499937616,3.4590460438251136,1.1269704819962538,162.44898617068137,0.15646264763078754,0.03173619479606393
79112,-6.481619945221816,-10.89075183808128,0.11884067311823802,0.8465782764131994,179.29557731295168,0.03485807149807396,0.031743380314175
79113,-7.189674472757842,-5.607076963426249,1.1892684453004163,0.6686643161639414,127.123743479705,0.018839880729712988,0.03174805700223615
79114,-7.225823105537684,-5.369412007493307,0.9558108456712774,0.7268911636407854,182.45574130223918,0.7694854143396848,0.03175136945293271
79115,-6.73805556666268,-6.811963196076532,4.381466736871426,1.11473672489328,250.47370440291542,0.37884813147236596,0.03175167504069437
79116,-3.5479888228262224,-8.473413528811783,0.6351101732052169,0.8630321898634508,360.2728522284482,0.44169276375291844,0.03175258508123895
79117,-3.848471779187972,-8.27376702230157,0.9302594232767617,1.0117995378281999,144.3652309696194,0.2681898769578641,0.0317526955955119
79118,-4.784397148690811,-8.113346841632767,1.1999615316668502,0.958796587546638,468.21164630234773,0.6060764546937509,0.03176289062944234
79119,-3.12523699244038,-9.624416706261306,3.2910258260417096,0.8402407384313735,466.7613992600194,0.5345955239348132,0.03176532289197864
79120,-2.7270324656338696,-10.738247729049899,2.9260737884103896,1.2279164953444952,212.47380393208428,0.012583039503954119,0.03178144008753253
79121,-7.054828702629742,-7.628159758904964,5.166438867793991,1.832710793743982,467.4610538862104,0.2293707951240398,0.03178373108478697
79122,-5.639491412990056,-11.810896870436116,1.2366850626397643,1.8706068595980827,468.91390975526383,0.2655548376311305,0.031785666160971816
79123,-6.861630027930556,-7.404131143897318,5.184869510749859,0.9539806455581215,202.82016171827306,0.046903374496244155,0.03179607046516311
79124,-6.964008655215611,-10.387105114573341,1.8646954263543354,2.4305078040312798,259.76218303779433,0.1431463993406359,0.03179891946206018
79125,-5.45859631623058,-7.7176850023891825,1.939464883515912,2.1529517144495625,421.94893191921614,1.9947987322651342,0.03180554167193998
79126,-7.165769153523999,-9.071168173494597,3.5462835467983123,1.657313368233666,384.5976748221732,0.1153131056439749,0.03180579744623941
79127,-2.344720331767034,-12.24146783801575,1.6375312550398355,0.5429000687559231,111.86714310815002,0.1876211425539136,0.03181512984005252
79128,-5.813835853775531,-8.564178971176297,4.5461173512885615,1.0686560206291345,278.0731378723835,1.556152664649506,0.03182099399197158
79129,-6.449848701479331,-9.354069007276859,0.06510644866852731,0.861903529381827,469.8584151097417,0.1401269578765172,0.0318211871680554
79130,-5.161726735092038,-8.117435430120834,1.0296640968365547,0.6452774146927339,187.161500438176,0.965697451918655,0.031822207422573336
79131,-7.109854414609555,-11.793679670867984,0.7952053346115838,1.1301765581794996,227.0392327724653,0.8611809398068733,0.03183792994197004
79132,-5.974364127054992,-11.684476725809,0.0629790175925579,2.822437290647343,463.98799964711344,0.4730079338407389,0.03183822685631161
79133,-4.175097927192252,-8.03107613553297,1.5878596982553572,0.8210528730729261,446.54052756716595,0.044376103109358134,0.03183838296947432
79134,-6.959209450197919,-12.259508582975904,0.8616534807044616,2.3223006601953182,437.3740371976968,1.5535990575926473,0.03183863962687219
79135,-4.512903428740909,-8.178033020522069,4.544748800460492,1.3715251112301445,313.3792606422269,1.0074342326893753,0.031838732417416624
79136,-2.8125867713728017,-8.476697214696173,4.066879175258565,0.7930979706691325,159.86356858269383,0.5258260499140208,0.0318450030233083
79137,-2.5045244352890332,-11.694029678519112,2.7697194909862026,1.743469625453691,468.7362688120835,0.42515064888387855,0.03184916025923177
79138,-7.163614899419006,-5.874122429409892,1.2479977392927806,1.5017260059216846,468.5428803762966,0.4642310725259229,0.03185339685688417
79139,-5.424816843369074,-7.5527075282566924,2.6861321180461504,1.081456475790002,467.1526248861934,0.4052197480444635,0.03185592541907798
79140,-8.326918360305953,-7.678780304918061,3.42834245372981,0.9498968978338215,261.45706656685394,1.20190306321145,0.0318560252413375
79141,-5.169638756275202,-8.533875884046106,4.466989826293932,0.5103957012677415,139.39661908523908,0.6749983466978557,0.031860349455405695
79142,-8.235913884566777,-7.090795371143268,4.259149803772238,2.1283730823912634,418.04716727730346,1.5736329225607184,0.0318672757941587
79143,-5.75540265991471,-8.089724402568706,4.860676766710622,1.2455963614163101,314.85082278417804,0.5009777552157226,0.03187234464712244
79144,-5.039075642144718,-8.341599983666967,4.5809415935427165,0.7923061221917403,468.81422412323707,0.4931945078425164,0.031876183238043164
79145,-2.582256432709668,-11.698408676754394,3.1159134383714333,0.8697994519998752,239.9423878170628,1.3634881225560536,0.03188801180219441
79146,-7.579804393761675,-6.0519531498414425,4.924221403447209,1.04637722408205,218.45565152726167,0.8675183348203435,0.03188873614880446
79147,-6.647831817330832,-6.833167850921355,4.13749823421628,2.739580214552877,460.184927009109,0.46277869339075384,0.031888812075642724
79148,-7.232413309969469,-5.008107148738971,1.3267271113392796,1.1532457226981454,467.8179815793142,0.18540342313614566,0.03189010268425194
79149,-6.58369171991211,-8.923323683305293,4.127146257673949,2.226638154780705,426.4344654517975,1.4379018089015272,0.03189240433680642
79150,-5.506875493826936,-11.48797160018217,1.3087595799919347,1.216764210237193,290.5882839842397,0.3870481415600908,0.03189394232608657
79151,-6.5252927180217855,-6.947957644331232,4.032258615097329,0.8720031893214228,220.32867783520842,0.8393947261849792,0.03190366291934001
79152,-7.28484311222663,-9.093738012055839,3.364115959442894,3.4040893495513598,529.798064349557,1.2949439348699379,0.03192883621420973
79153,-5.489977105336182,-11.626439252391247,1.2745303238217804,1.7182581434627537,405.4965366712689,0.4857144501512378,0.031935466452286634
79154,-6.370964426641007,-7.0190480790701635,3.544234422826555,1.159478798272871,468.25167034780253,0.21059723909685868,0.03193923283116163
79155,-4.605087444835706,-8.043820647855618,1.47407836388207,1.7373381400792438,410.5919434057334,0.4133548796974029,0.0319405865740387
79156,-6.990581178386634,-6.5501768144540895,1.5353255777078414,2.0194744219928356,370.3606778807708,0.36749546095605456,0.03194233574890279
79157,-3.39766477049284,-10.14123639462983,2.6110096053712892,3.180570851312685,506.87360285179466,0.8020116755656295,0.031946441645517826
79158,-5.173287436111657,-8.456583110292701,4.517383999257356,1.1075595154234226,257.51898203082413,0.09200192417319641,0.031950367220604965
79159,-2.411977485658163,-11.257036821158366,0.590194081104324,1.1239059181756665,468.70892797241817,0.5276422805904142,0.03195150931122732
79160,-4.111459968323605,-7.690055905911585,3.2590976406809298,1.0299135611068535,275.7233670992169,1.6509309176099825,0.03195244282647336
79161,-8.313452835319419,-5.359598784477051,0.3381123044147912,0.9157706836402951,229.4769055898724,1.0441753295717549,0.03195491010241464
79162,-6.651682881664653,-9.137660501774175,3.8402259839229367,0.5709206337976287,119.58452299999803,0.4546867034475852,0.031965264850824245
79163,-7.0073990701460485,-6.031884234146082,2.1246289455834937,1.0425108630765547,281.4032734629337,1.139108737198411,0.03197218122168914
79164,-3.550507578433681,-9.745157848139863,3.061538810328821,1.064872678010868,280.61657961818094,1.7495752854660802,0.03197330586196019
79165,-7.400453805518362,-8.877041476698196,3.4982780120217996,1.6703252740583774,393.80756003231625,0.8183526838844122,0.03197422702013025
79166,-7.349587326373426,-9.742373973367433,2.339821785057167,1.069260026717557,158.41482800674484,0.11549603587291024,0.031974515119472774
79167,-3.8050492026999994,-9.57272518323009,3.2563547214593136,0.9958295913190018,247.77582028151764,0.7128742516267126,0.03197463557916145
79168,-4.298861251702585,-10.229162975753276,2.5375674149204723,1.084550205035864,467.5407698370375,0.9034861203934623,0.031975928042876266
79169,-7.124953496304479,-5.439232199489144,1.986095399915653,0.8819411281748013,468.061328091571,0.5434076358326978,0.0319817048431067
79170,-3.500152072694135,-8.97738087060861,0.17936917141307626,1.0483740341753804,274.6428926824868,1.6450811568249941,0.03198327691939406
79171,-5.819844954889116,-8.482783620081683,4.619622332442314,2.576577734247357,449.51117527723807,0.6755941260751301,0.03198355696775964
79172,-3.1765324901902767,-11.906833236331657,1.2634390808838232,1.2598060980192576,269.91209903201093,0.1906123980048866,0.03198917381458678
79173,-3.9110020776574075,-8.713756205121928,0.36753980900570543,0.8509179634016977,214.1758341465946,1.1038083519596613,0.03199370176110715
79174,-5.906808279979984,-8.10684122342854,4.896802909981923,1.7981548453215834,467.68858502421983,0.6204757011663666,0.0320024718711243
79175,-5.491953768374807,-8.191518990488392,0.8096723069783903,1.7886089828505216,468.2288550412576,0.3909175289320901,0.032003156210519655
79176,-7.859675161230007,-9.669685630606823,0.7883643764361882,1.172420456283382,297.89520894452045,0.9972666215214341,0.0320057697303068
79177,-7.081014057512727,-6.028672680525898,4.076516477011537,1.5332592030832286,350.09173675280033,0.07296219517053348,0.03200591486907444
79178,-5.114727283987118,-10.530125492570367,2.117869253812779,0.7928676289778742,468.14552318643746,0.24587859023195513,0.03200891455831401
79179,-5.719160871338607,-8.331881605736232,4.7264563493631675,1.0297518516612119,281.0278498689292,0.8417337087568599,0.03201169587315841
79180,-8.913627970261652,-5.916738589750933,1.6182070687764396,3.4205060402770804,519.1554948574312,0.5515601432588202,0.032020686907702677
79181,-7.194076322754533,-6.652113923948547,4.988162745839262,1.8608382807729615,467.81214508701686,0.2569205243385886,0.0320238940481786
79182,-3.9729363336444816,-12.290822600125363,1.2041283395789517,1.1266915550582617,466.8943844677241,0.5937867853532657,0.03202558436362487
79183,-4.142122962665981,-8.675403746844124,4.238306800923443,1.8309098226637153,448.33799699084955,0.1325797137357405,0.032028433385976
79184,-3.102289589419235,-9.120030962289011,3.8617391629149647,1.8541513468045914,467.6747763306075,0.58129575969628,0.03202996603931108
79185,-6.979997341082655,-6.084916266742749,3.608490047494334,1.8505464567730414,468.1864558495798,0.18095294020790043,0.032030236299639706
79186,-7.526932228576951,-6.325558324375142,5.020749774751058,1.6325136201512125,377.9737889523762,0.13976367381605126,0.032031712836191065
79187,-5.855836630177798,-7.540748412932585,2.098856627444953,1.435143295945891,468.7172415007374,0.184642031286522,0.03203249716000937
79188,-7.0288143762085635,-8.672838713608842,4.1929567529046,0.7907086002730478,228.03896548789564,0.5455439921334495,0.032034280855433125
79189,-5.178919915015377,-7.7255430168994845,2.152749195371711,2.056962519195711,238.60223833942572,0.14389307844889654,0.032038690889105007
79190,-8.775026095837879,-5.8717679548292425,3.1373000891872347,0.8503322749608886,438.4577323229958,0.2809358611990955,0.03203944524249717
79191,-3.550016217687122,-8.413212769563401,4.397950289941218,0.695179076675403,139.87796255881977,0.9613694929029792,0.03204593736235323
79192,-7.606174771446799,-10.002882735211374,1.2021782013472546,1.9199950738279112,386.0949197241242,0.9715454569267212,0.032046888903489716
79193,-3.8778469346205853,-7.708845634590363,3.4991362723294888,0.9222151379963077,190.74296883155193,1.0555511673757918,0.03205649519788706
79194,-8.444560012920338,-5.678295211222591,4.002500580909053,1.1434442524610295,467.22895008162317,0.25476745923199307,0.03207281772962615
79195,-7.422182046989208,-8.14719965734934,4.444186559080648,0.9766802231214621,247.24724089813648,0.5018789054206021,0.03207510503992784
79196,-6.594290836337204,-9.85228441851144,3.0131336924552,0.9975100954804886,266.72058116343646,1.6833382648184285,0.03207880176411196
79197,-3.033370819682882,-8.91842989777708,4.13314866157789,1.7467240982547334,411.8065403513206,0.22270915223581422,0.03208499194766515
79198,-3.595817190235162,-10.568160890296566,1.7726200188288288,1.1995109449196424,300.41303445187856,1.2889929012335903,0.03208581823125087
79199,-4.407098132455385,-7.671290507935691,3.247455919127274,1.3483259421843226,323.83604511071206,0.2206922225069219,0.032099268712566235
79200,-8.157328308138208,-5.604891635351226,4.466910014543576,1.8350047940327048,438.9735903863591,0.015603312272912007,0.0320993686259635
79201,-7.092112957505555,-10.750522749751648,1.2321600634525238,1.0317747571967482,164.45791712296813,0.012095419576895416,0.03209941486394389
79202,-8.292710437019666,-6.123429105570109,4.342143656204078,0.8769892172939878,175.367249764038,1.0321688771357334,0.03210124864924509
79203,-4.012502860437882,-7.772162272385065,3.9307540711705617,0.7649069821758869,229.87684699656603,1.2133037106548938,0.032109076397709525
79204,-6.905874607005855,-6.221071200760318,2.7070395248158188,1.5168815880458237,316.68401900887994,0.17843787637534536,0.032109715698244175
79205,-7.09387033404181,-5.41935118658865,2.927360194411446,1.881800964301952,451.980769655522,0.5268665517457425,0.032111431055349554
79206,-6.867610887013404,-9.031292600857896,3.8561739414825658,1.378797469549616,326.09270926660173,1.4626555964924552,0.0321116865307409
79207,-7.977453445051534,-8.373115881614172,3.151067503612447,1.609179521213544,356.0472171498743,1.6818201533887605,0.032112106341249703
79208,-3.458024437546717,-7.815906639084925,4.0163289239400894,2.9352855985434068,494.6032653057499,1.6379229118485705,0.03212068251330532
79209,-3.5493663121179253,-12.539342552626541,1.1845494240902494,1.314934025161259,218.389059158905,0.09076449446320733,0.032125314761125144
79210,-3.8396881924537833,-9.344677886952342,0.011805171786037795,0.6879554337705395,156.6899986312482,0.8637799728377349,0.032125544509509746
79211,-4.337447835819468,-7.818059716975987,4.195084712202076,1.0549236454676396,265.91681638753926,1.4028981978960813,0.03212586582866457
79212,-2.63815526183934,-10.879026842879234,3.179208246399592,0.9529582247660804,267.94536002677233,1.8347914247938837,0.03213576788212477
79213,-7.376833693237122,-5.0484776095502975,4.233667569846964,0.8106564552809057,469.26358515132665,0.022476269314990915,0.03214004467395481
79214,-4.185173815747104,-9.030849062015015,3.878937764208432,1.7948912751585668,428.40015989116864,0.8425061915204219,0.032148457028776944
79215,-8.53975125043415,-7.752579079849742,2.629069878217534,0.6070229741490882,128.8460394990723,0.47721452125419717,0.03214987014454379
79216,-5.0733454890294025,-9.957729263219221,2.8944962844666007,1.6324419683672617,384.1107911359202,0.9155669009656409,0.03216277598768139
79217,-4.240071248013267,-11.402338201340154,1.3447188615167776,1.1026379455892323,275.31594210406865,0.16805764072382523,0.03216366572591307
79218,-7.426600768257692,-6.888025508476009,0.3456324911422952,0.9260112527791495,262.6480163881922,1.2666309774204754,0.0321741386451183
79219,-2.7983003588239423,-10.784336737474202,2.097097061069642,0.865474271445555,378.1240199276623,0.5115497594293812,0.03217658225652683
79220,-3.3023715708193313,-7.726078782818159,3.0092768593341295,1.693239085233406,467.8175785897711,0.22928390974037338,0.032180408595248663
79221,-2.951645911831932,-7.972206635321598,3.2761524978757186,1.671740141788444,468.3327441801928,0.6389784613605336,0.03218109142611744
79222,-3.835711489721189,-10.467335860411987,2.043009119639749,1.4127582854815415,468.7148768134205,0.18386794416503527,0.03218947048260927
79223,-2.760466615267453,-10.401776259524388,3.0470430029592173,1.0801521488532548,279.0977035112449,1.5815799745276875,0.03219561193271113
79224,-8.25142958322413,-7.879014538264652,3.300908428834155,1.7835885673596452,467.42643030655125,0.6933329889393862,0.032197697590267055
79225,-2.8112618424528364,-8.622794266118905,0.6132939706897191,1.443628014760548,331.5339904680615,0.8449013516488053,0.03219824479119694
79226,-8.16952064340535,-5.725172193458936,4.468293468571713,1.8915418028952837,349.3653736296887,0.146102639638225,0.03219977630816757
79227,-6.948403305130592,-8.21770258527821,0.2656293065131559,2.950187587475408,488.65516836803556,0.8635575646812041,0.032201514881164524
79228,-4.937660343702221,-7.647852558461741,2.759891124779509,3.4054841256383455,530.5032932771279,1.3835077732197947,0.03220184771314554
79229,-7.196414426961221,-6.881232692818752,0.632539790666392,3.3831809007907476,523.166502280627,0.8215190385312043,0.032204361751805355
79230,-5.369841865936635,-10.698687107348164,1.644430683152851,0.9994702630926775,272.3870077697039,1.6801536237251335,0.03220931081551219
79231,-2.8120953419715624,-9.5067509720969,0.09204573003684301,0.7514207082253354,168.1841686589032,0.20070141830931743,0.03221601523029851
79232,-5.371111239188691,-8.68600525184858,4.351706390087874,1.3166548456921983,312.4178099368634,0.75189708930787,0.03221845427239406
79233,-7.379401512984151,-5.050373437790452,0.5628595473468584,1.8842007268726957,389.1640640872981,1.554245316647589,0.03221899798449272
79234,-4.647266769249473,-9.736244419846688,3.1030307302062403,1.5511449055946596,357.0972920000277,0.11547694917877127,0.03222135055979327
79235,-8.422453704475497,-6.135852779600231,4.0976594720382495,1.1194560255501809,467.35728083117357,0.5552730026762616,0.03222372117716295
79236,-6.243000472639686,-7.968851914122777,5.031153576922991,0.991186863151135,272.0106391965759,1.3341853177797782,0.03222434534704188
79237,-4.690231644657343,-11.393529223971534,1.3441355909584576,1.7437473219409918,414.95802314770503,0.9551525071987665,0.032228099720303716
79238,-8.661642838707014,-5.530462604272691,0.5391239761814718,1.1004987157179074,264.08965880482424,0.8322336199569911,0.03223012801864332
79239,-6.246834747548479,-9.149466391156277,3.903567167650953,1.8304230333530775,385.16167771401,1.930674182980873,0.03223089882144047
79240,-3.1073494825960735,-10.191715088518679,2.642799064854826,1.8069579206454658,378.9857000371158,1.093861508412827,0.03223341516747833
79241,-3.0381988051234723,-7.835828164114689,3.0519283144318545,0.6689228770472819,188.3639363820315,1.2269183992815247,0.032251967644065994
79242,-2.467378234280857,-9.772030117286691,2.077366332030944,1.0723951272032928,457.3084968821478,0.39527031421236014,0.03225345543578463
79243,-8.751436727122167,-5.050143830504441,3.1392733777670196,1.8708045983759949,468.76069394707355,0.11053385213059297,0.03225400797993183
79244,-4.886775464353041,-12.712560053662875,1.1624524515611003,1.3028794377046038,297.3993039523849,0.28911434130894786,0.03225504881692513
79245,-2.823374449465984,-10.721422287538815,2.570392338690138,0.7133151659771618,159.15137869668803,0.17450841810926487,0.03225529796735712
79246,-5.391863579775439,-8.453851410051012,0.5061160915354902,2.475891786944551,426.7264739368742,0.34018753667588,0.03225780700786795
79247,-6.931331059471892,-10.081572435316488,2.5034732477023005,1.1393780657145458,248.53306667307447,0.8665523847660959,0.03225814359495719
79248,-6.497452482130903,-8.004562301065809,5.050913387525525,1.2298812748777175,242.07350555095493,0.0034808218900943544,0.032261857532683604
79249,-7.079489417651014,-5.493798939576552,2.4784519303199994,1.148083402326147,273.8450213340474,0.7441078118097177,0.03226222923645961
79250,-2.440040082582322,-10.389579068761114,0.6301168907964232,0.9674694832107951,270.4566026612889,1.3101442756955288,0.03226372024127718
79251,-8.109434732833572,-5.714622821199407,4.54451404310643,1.773290107510293,468.46239909896633,0.5412000712301666,0.03227024357831563
79252,-7.858341080434306,-5.298417766642526,4.655380293519322,1.0645167417185333,468.4064817476009,0.5388049765076692,0.03227242686952083
79253,-5.38338391143292,-10.694643172295269,1.6494692593222955,0.7556609202081074,468.19606492037315,0.5214174641252969,0.03227826224221641
79254,-7.003358118864973,-9.129899899314502,3.6256476184745394,1.3113534294592628,322.1513499332507,0.2592252866321374,0.03228298257948026
79255,-6.021172959045515,-8.682611880401858,0.213540994219521,2.3761885556832754,442.86909660535974,1.5927450552333973,0.03228326013755431
79256,-8.646568380310327,-7.398338245366176,2.8512188217422607,1.1577386941066958,467.77946750221736,0.17343709283142417,0.03228338136290357
79257,-7.170481307764351,-10.215339722344545,1.7077273551865977,1.484697611956838,155.82925463247946,0.39897742694936067,0.03228610381669172
79258,-8.869525682901596,-6.892602449700831,1.5769684045610177,1.6263108108932696,468.65962472065763,0.796907757964207,0.032286859593232214
79259,-6.33532980667853,-8.996291796995692,4.081940478256511,1.23956286905155,262.5326593929776,0.6639293554772676,0.032291608719641804
79260,-7.7885043206138365,-6.091041072210923,4.905488681689963,1.0106247907120407,467.4346470611128,0.4596528252617107,0.032301281310473794
79261,-7.209342356774515,-6.187593772943001,4.609956312984053,0.6738682399001606,467.37250057018,0.41214915012744857,0.032310078676382276
79262,-7.116094474016307,-9.949961192222295,2.440265330335144,2.308304842848534,437.4157162449068,1.7376573241692368,0.03231111278987491
79263,-5.460096087974825,-10.990525307030994,1.4548956272528808,1.1464396323035437,297.6901647266138,0.7942333123656775,0.03231180038191236
79264,-3.5235044103623823,-9.33475214982671,3.5120864056548067,8.40119144782914,516.5383721845245,0.05768743970029977,0.03232799617583867
79265,-5.644299979958332,-10.100044810766564,2.784450409068908,1.660668931069413,452.5901866603562,0.28246498660186425,0.03232812246976694
79266,-4.188870573626757,-10.52713084442787,1.863374519386669,1.3541223765317199,468.00864251278466,0.06595104053910195,0.03233341263988386
79267,-7.05115937272571,-6.717271590947454,1.0179307565856293,0.918415270682217,469.0365913205733,0.13526758180676257,0.032336110206773704
79268,-5.027076668052062,-8.541491209415035,4.4202385822197,0.8822361164555453,178.62450834391728,0.08171962778437791,0.0323376910439325
79269,-4.496310609251673,-12.11408947804976,1.2204613513735363,0.7829113392247748,234.009614360408,0.42712689680837723,0.03234013586286006
79270,-6.124344704696929,-7.217218644093949,3.0649863585781247,1.9114634366902448,468.51621572698696,0.533360261304507,0.032344411180583614
79271,-7.083640815187255,-6.4415807920653965,1.1882521894018574,1.7072098809026839,313.23591683892846,0.2395831286058998,0.03234448511717169
79272,-2.906871521025808,-11.901969835872526,1.3045646456493691,0.9469130414436424,248.38167992398263,0.14524252127189197,0.032344578586726534
79273,-3.5737102933495066,-11.481350676258801,1.3232461702198475,0.977202452677207,260.2313249361755,0.2766731876475985,0.032346582812166576
79274,-8.080217790231638,-6.136323138918922,4.656447911138297,0.9769360973596792,258.07488281706077,0.9954589082120568,0.03235539621338672
79275,-5.928916387479854,-9.648901831872873,3.316738308680837,0.8314511097664498,469.5145317429473,0.11526157190880859,0.032358807272805365
79276,-3.3777518579933883,-8.826958101954109,4.058947241396116,1.992154254696251,404.59725938773755,1.9363051763085197,0.032362617270024645
79277,-5.071500926106115,-7.598793111620747,3.190924270009795,1.0126594562565199,273.3039283290588,1.5371731824655273,0.03236641296526355
79278,-5.971508709354085,-8.308587116570365,4.787705799678106,1.4381912586468282,342.0645279598962,0.584568765189454,0.032367392003664654
79279,-7.137409788702926,-5.016339787667223,2.3069952614112843,1.1705013364874859,466.1673487260434,0.15757717232844204,0.03237181450152323
79280,-7.20567726032237,-6.303709814614934,4.709247502337218,3.6317273370560477,546.242597722578,1.287189152164184,0.03237240524012476
79281,-3.678781043543494,-7.750159346725992,3.7388948514348286,1.5323396933008013,468.16361977011326,0.5520982387334197,0.03237636000936943
79282,-7.614026038756008,-9.599323431161833,1.8831729397733894,0.7374034556316165,192.9164448390304,0.09459203531626503,0.03239283650170084
79283,-7.897357219933673,-8.554748571574397,3.0253999693673186,1.4667929648706595,333.50513790801386,0.2444622694189187,0.03239610514057499
79284,-7.667425338057381,-9.295839778457847,2.3196350720869816,0.9386446107286662,243.55369441760192,0.9986057383457396,0.0324037042655498
79285,-6.282469847425106,-11.749247296461567,1.182814193356744,1.4546866884551501,333.6431749443014,0.5247012834193674,0.03240519584446105
79286,-7.007517097497051,-12.546235342954574,0.7015446304716443,1.5795656032253138,291.8633691438271,0.08506519506675847,0.032408174286136175
79287,-5.46462674839798,-10.803359994200186,1.5452917620034137,1.7000457331902281,400.9585681337032,0.2957755606928272,0.03240906301414919
79288,-2.8643228887037555,-9.131699173408732,4.126764090246205,1.1726413140012824,209.29779280338906,0.10277174490807539,0.03240990151766673
79289,-6.0386179286235215,-7.888266511787121,4.969483611387678,1.3792341285041088,311.66676870060513,0.5980865897674432,0.03241264985255205
79290,-8.525634341030795,-5.617518072253649,3.8072399460040978,1.3778665862261181,312.3897067619542,0.3317406860143004,0.03243706686439963
79291,-7.130218723848307,-5.827609441953659,3.9770514812868165,1.3954895933741787,468.19451918936335,0.4098275679488754,0.03243956361537666
79292,-8.482649216901605,-5.750471282693994,3.9202642694000227,1.1544514325676714,467.5594190194841,0.2143575559715023,0.03244707003790614
79293,-2.937456915431838,-8.383337168858343,4.381372936936449,0.7610506781675607,467.37578757224605,0.31003102588320086,0.03244905460652617
79294,-4.0024421811853514,-9.674264561265195,3.1446593135842074,1.1841292002154498,253.85216820488031,0.5404522498073332,0.03245197773452392
79295,-5.797983534723766,-7.389584412068347,3.0870292277016937,1.1549517795414763,300.33397290999756,0.352287067046416,0.0324524297904925
79296,-5.098641009447763,-10.521377464871676,2.101470859285395,1.8695143993594763,468.0017946532784,0.4080194908920092,0.03246684420978499
79297,-8.758778497271466,-5.590310355761077,3.150284466023739,1.127434879705007,467.25431719004007,0.2546846138288634,0.032467022615202755
79298,-4.93548588936651,-8.616299061618815,4.349758650344545,0.9633589513419503,255.7540992779697,0.9474653697793105,0.03246846932768557
79299,-6.338047586447745,-12.121309339459216,1.115528267921045,1.043064820827767,281.22783092628754,0.9510171443170856,0.032474725048415955
79300,-2.784345003831941,-8.28457771588509,1.3161443207208305,1.5456889484739962,350.72488974836705,0.10628641569182662,0.032488558471857186
79301,-7.993377017433751,-7.244564464303905,4.5562615785568585,1.0148785636176527,275.23965374525284,1.3417526386500658,0.03249192401371542
79302,-5.247495031475902,-9.690682330302081,3.2053200342039547,1.6281066559386888,467.98203068863216,0.3507854407470452,0.032494901043017
79303,-5.623021368827428,-7.564945514993901,4.294156815267667,0.9551618840532502,465.46345093764825,0.09434247042716581,0.03249698091421656
79304,-4.251588960993945,-8.931365712048201,3.971688082784825,1.7764919299219095,423.0326900878343,0.5273865776974018,0.03249780724678475
79305,-4.726578117544191,-8.414094983845821,0.6582429694991379,2.216625150301606,358.05167557071167,0.10474093485619651,0.032505404033162724
79306,-2.783328096478826,-10.809884876867084,1.9099917238947353,0.8017939695118355,468.7149053151471,0.47047309187839037,0.032505581408168546
79307,-3.0692984850376535,-8.504302876481928,4.416883137274722,0.76392633016948,468.56140362271896,0.22289261958101747,0.032509041655897526
79308,-5.5769524270635955,-8.7544462687726,4.300630855455525,1.7057861064703252,330.00699970638783,0.13576885489872392,0.03251585336649212
79309,-8.267289743991832,-6.301755386715982,4.395568272902807,1.0364707963961393,468.0715395024128,0.7145728080230667,0.03251807820994888
79310,-7.187444923524056,-5.104106029185157,3.523702329270529,0.7827130415225151,202.02533089474727,1.1022447849059516,0.03253436789041316
79311,-3.321493097807471,-7.869415457447113,2.1391030403241125,1.5150899523908599,468.25908167817823,0.6210865680972795,0.032536781050693984
79312,-3.0247445725595075,-8.22627924812785,1.1757633636437657,3.1303677310001405,492.75634625638526,0.427945232736497,0.032538390164170886
79313,-4.321973063271659,-11.926164806251249,1.2435622296462743,1.0834544098505812,467.7533961998644,0.7703098835251287,0.032544662203782465
79314,-3.154385460732188,-10.226682895561636,2.559600858613973,1.8615204691657705,468.0583030876478,0.26976086817591405,0.03254855720411092
79315,-7.61511857733427,-9.14065668347693,2.7014464873656046,1.7973379294727643,468.02512818040475,0.37941974857372607,0.032550290080652064
79316,-3.5022181922855946,-9.262159535171424,0.04476961441307541,1.3939942006222827,307.6635789407156,0.18988339707575452,0.03255243270539268
79317,-4.404623264562185,-8.46400803470751,4.405739947528021,1.6819517316647448,467.6966954023236,0.13245310523704923,0.032556476982189546
79318,-2.8008959484906235,-9.885360410638027,3.4808631230502955,2.368863338877518,443.70393395786965,1.8351572884049956,0.03256041971339425
79319,-5.302686188002175,-10.29594208218002,2.520127335350322,1.8606148673972553,209.0738492874494,0.17609718952900888,0.032564951659895446
79320,-3.8713984125689826,-10.195240972401828,2.535757475809184,0.7439497738588411,186.28400988803216,0.28972681839947434,0.03256712799860738
79321,-6.433641449834748,-12.029938716033461,1.1082880373895316,0.9291658714421485,282.35632348348435,0.19139706190038286,0.03256908282652404
79322,-3.5177496326920394,-9.290974516175131,3.5623298549162974,2.48115368013688,451.94554755665825,1.351864412170701,0.03257530894589851
79323,-6.795183222654206,-11.075700334393709,1.2349873698097578,0.7988047235167726,186.6349910862159,0.978949635645388,0.032578852718280434
79324,-7.627586278140303,-6.104130231433118,0.24215858065301363,1.047993941959415,466.9438173082174,0.6151833102622435,0.03258110992714849
79325,-5.946220910659806,-10.607262175219955,2.015509338204221,6.283026689444584,682.0934548758629,0.4690649884860374,0.032583473961486004
79326,-3.4886120409267125,-9.741945199998401,3.0431446496247543,0.9485491186629394,190.43469497043165,0.9353225530353564,0.03258798033852969
79327,-2.548010272472686,-9.897648497781555,3.1466475490426817,1.2742416276097297,271.46613593462354,0.3485356622780982,0.03259866312903638
79328,-5.120562696290895,-7.662734940132676,2.475815395358154,1.2477887814349309,307.8476461978495,0.6271886128383253,0.0325997441966576
79329,-4.917316857562774,-8.700765585976772,4.2661455791361,0.5789128458382706,154.36676249368963,0.6724591617182112,0.03260349047665845
79330,-4.120839824756506,-7.763926781057682,2.519139821329508,3.5714396283442174,531.185978257561,0.536783595907182,0.032607817248875764
79331,-6.971883284781104,-7.829623395101033,0.4355948932185667,0.9838703810196855,246.14657282831914,0.627750774772867,0.03261022507523665
79332,-4.554012775416554,-8.53193167409265,0.5330442405389815,1.2686145969290752,254.33982146294437,0.18612488989088494,0.03261188827023359
79333,-3.8922407797434344,-9.300877428837143,3.5522740849285936,0.855207460488754,189.5025270778555,0.5423297182538365,0.032612548827106104
79334,-5.203008805870209,-12.302588281898856,1.1864129035282125,0.9608678460103578,265.4677184752561,1.0760324424480467,0.03261485451453734
79335,-2.76238276688587,-11.315597546782005,1.5174668549011336,1.8759719628525517,467.3946384512479,0.15485285677370797,0.03261741624306018
79336,-5.615921036531129,-8.786934425789978,4.273381521829689,1.4028980871021046,318.22518791752486,0.9935946949607137,0.03261965525431547
79337,-6.069492269040043,-8.451589994101106,4.677115214440511,2.292823812267067,429.40732125482504,1.0510522248527083,0.032626053884780175
79338,-3.506555537060647,-10.36549953214935,2.271733076147401,1.3571966917311535,322.1289598593287,0.20818757262346743,0.0326284904606728
79339,-4.164104079360936,-10.539099589945954,1.8139744698872644,0.9610934017661993,467.21445423572465,0.6074353147289839,0.032631540842775454
79340,-8.589986645748969,-8.108316193065457,1.1054986229226407,1.154711175989493,253.1906838794216,0.7073179873462268,0.03263233730553269
79341,-5.010307035127012,-9.010617534747546,3.9544014868392643,1.23701383963028,468.42368046218445,0.38900670232533674,0.03263682267650989
79342,-2.9792251823640514,-10.550218585382222,2.1486498421903524,1.7925550704849378,377.3289546412795,1.4241558136926162,0.032643152993313516
79343,-6.372079863882163,-9.192699138697282,3.83458525737743,0.8662907537626545,239.77966021285908,1.3862375367914144,0.03265249699375453
79344,-8.182636258988097,-5.217646594558214,4.354144163881269,1.1134496659841175,288.18409541209127,1.3617001406070601,0.032653108926914275
79345,-3.162606471512417,-8.18646558433245,4.450070371717906,1.1630606667183507,300.8213864510373,0.45767619731232223,0.032657403974021844
79346,-7.240811143705178,-6.71941172139785,5.054072434586269,0.9593092943324723,154.65877304537565,0.2041257392170488,0.03266695550214223
79347,-2.5360805342595807,-12.621914629174636,2.790568741045936,1.870608107418244,450.9066111517683,0.18013197656607272,0.032667643784533365
79348,-5.58952967476791,-10.580669603576393,2.023282716389994,1.6456334377306332,360.68476286468575,1.5176348459688187,0.032668920608491456
79349,-7.592200092043593,-7.178409013003617,0.27682207643115525,1.6958683263695988,364.14902714452273,1.1758524726186854,0.03267120796699725
79350,-2.6135663339021153,-9.808834299832498,0.2353663287478167,0.8251345724262114,199.7071507850537,0.3172690166393215,0.03267775616818163
79351,-4.29143096752787,-10.515536107024214,1.876326914948342,1.1817743931045375,283.4567052633321,0.844296417116543,0.03267848260898692
79352,-6.202883392996448,-7.167498650506966,3.132764238296504,0.8879857457503642,467.2255439354653,0.5656796584403523,0.03267945873798949
79353,-8.57819216930621,-6.315200981318244,0.5114581181058383,0.993524390210278,272.24965708421064,1.5340164885232488,0.03268492046057372
79354,-5.337143163970003,-10.557686385130879,1.990043912192456,0.8610449754553811,194.71735145050957,0.2324521080536046,0.0326912351231635
79355,-7.981535170602996,-7.121212161036125,4.651373324606962,1.1079020070043033,467.21713957231447,0.8935846033430002,0.0326995046483495
79356,-2.6191171133487643,-9.63537035955272,3.755040395940508,1.0349714984002898,299.5954067591717,0.3353064981605245,0.03269976619304329
79357,-7.58430949451804,-10.123851117697868,1.1018986025030768,1.8762691316342996,452.8828596007118,0.03727665860665841,0.0327051541914641
79358,-4.429426584476504,-8.036235999663628,1.5398965397671096,1.0924326851486357,288.44950194041246,1.8323991045831107,0.03270827642178311
79359,-3.8617766233159667,-9.269766430016858,0.04236490592044148,0.9027538144178944,245.37146631051937,1.0363025126831937,0.03271072015855233
79360,-5.3614223570381006,-10.640800712053345,1.70219340695736,1.6276004302298024,378.3082987773673,0.8601969487442718,0.032711079370224244
79361,-6.153590741082322,-9.50957381875913,3.4719117139441793,0.8924089425588783,250.742002246957,1.6625622199647179,0.032713714224031826
79362,-6.545371105902928,-9.826541503699987,3.0477592437135383,1.5075833844915563,339.9418942256529,0.1702958140036035,0.03272822186126432
79363,-7.367876037355796,-9.55274863769042,2.5720079943028757,1.8158940215926553,434.7672368389092,0.06238043927831516,0.03272823054665017
79364,-7.118442207141964,-5.169571588304973,2.731949608792412,2.377346485212717,444.1467942531949,1.704324883840206,0.03273311524191197
79365,-6.260170103892531,-8.011648668808661,5.0101413758384705,1.0645809236971373,467.25186841205107,0.549201288654813,0.03273487753421033
79366,-8.229221876051149,-7.200671585704518,4.175189454611102,1.5543279208298537,359.7953506391675,0.8678885980707909,0.03273765409093534
79367,-3.387904977952772,-8.119335141650621,4.4230582152235405,1.0674154456682623,279.2909811758167,1.097361634861607,0.03273846185803418
79368,-2.4672802009764734,-10.691535572678562,0.47993255571424087,1.202569912580799,246.19267989407115,0.6369458963562478,0.03274136848735407
79369,-3.2730457693195145,-11.021623133806774,1.4493145066685387,1.1713956273179102,468.11820058457437,0.4112414314928161,0.03274451425248621
79370,-6.676107788575321,-7.454349335948732,5.102881801037531,0.6738535422725561,140.00630823145008,0.26767530928587213,0.03275832592378441
79371,-3.020354345886245,-11.193078820598615,1.4280944084821776,0.9809145563673882,271.1108307239771,1.879340159592501,0.03275946823154564
79372,-8.815242125748133,-7.059737113999668,2.5226570541993643,1.0906063444318845,289.0915047347395,1.4465782128533426,0.032763422211642954
79373,-5.332666141421832,-11.145182003794837,1.3985771164325687,2.0079374443014895,404.60328483247883,0.49522319340916976,0.03276564863505896
79374,-3.8943778136449545,-7.950442510097322,4.330258709582013,0.7321401527284584,158.49979140216027,0.992664492119748,0.03277628395416553
79375,-8.883909376604702,-5.9535039617239125,2.621429038013447,0.8918436610986068,468.13623147968104,0.771269262339791,0.03278633142956109
79376,-3.6089590154297344,-8.915723294216129,0.22777639955765078,1.1581600533682186,273.76351230150556,0.8661644598541072,0.03278723493752064
79377,-2.521876392794474,-12.228396320643137,2.894318066183218,1.0408796944664438,279.0880486924752,0.6614989937641367,0.03278958017472575
79378,-7.653529838615921,-10.107605725337539,0.9626345199904108,2.5487148858401594,440.4064554052376,0.21258500017645954,0.0328003030132754
79379,-6.013443803538525,-7.671756474530802,1.6167595263201548,0.7315967192698793,467.3114417301149,0.2991791728795494,0.032801019205049645
79380,-3.4709066296808224,-7.756719269026282,3.693844027012953,0.8579679671924249,467.80921714285677,0.5817361441172544,0.03281464848178584
79381,-6.897127725015623,-7.548965222724867,5.182535835143514,1.2939600362539916,468.07116278221946,0.2348103711377698,0.03282271997761056
79382,-2.7579980987450483,-12.853007537379236,1.2763384204654205,1.0636122375009782,426.7449727352305,0.4777803721780334,0.032830741504717396
79383,-6.401481277341023,-7.042529977356272,2.85302329556843,1.3635355058698504,330.7225106468229,0.2742792556569329,0.03283105236556835
79384,-7.053325630264501,-8.557147312436385,4.3050672373006575,1.4139019985593793,420.1271358058473,0.02681414787110281,0.032834105762533955
79385,-3.56229608834131,-8.305841512019388,0.8968840138678694,1.1481849592372466,275.5123317241714,0.5129468326080051,0.03283486938296334
79386,-3.9648660766812984,-8.369324650510194,0.7910024342013725,0.9984767438505048,270.8117250682847,0.9434893321422262,0.032840860931423035
79387,-7.543446418682817,-10.299649370731633,0.5982723417076111,1.1205105450346178,468.12550949589894,0.7449658588490502,0.03285873394444269
79388,-2.575591610790733,-12.430046908967363,2.4573911372995587,1.067360816043504,287.6497821020641,0.890719782314366,0.03286003048261793
79389,-2.590333276921431,-12.717996980898103,2.5580762129928956,1.3121778022121164,283.38954804228047,0.27504437185288655,0.03286461264621257
79390,-5.008474805108511,-12.63694262227453,0.0100773368237484,2.3037199980794907,437.26219210605825,1.9070989649480774,0.032871456289193315
79391,-5.744157656017748,-8.464560610044725,0.431387588169729,1.2273328245327588,273.2006812055532,0.15779407440426052,0.032883034115233654
79392,-4.202775358428843,-11.258546638070785,1.3759037035774417,0.9966799978526616,275.63823413110646,1.4785421645028691,0.03288582732890877
79393,-8.136711984448322,-9.08168821847202,0.8919119882352207,2.645482592099224,469.5436259975147,1.69119408168818,0.03288614042997138
79394,-6.257536562536846,-7.532554922468794,4.874880768151431,1.6323355867224225,469.65178414193434,0.13871699055673314,0.03288735682657753
79395,-3.753356883881902,-8.479735119574567,0.6383143665023171,1.8910590082999885,469.67426386348626,0.23356221868508786,0.032895484153537234
79396,-7.006382419995288,-12.174528550577701,0.8130192375559351,1.8352174804151835,450.9375846084025,0.2778772545818873,0.032895899311417065
79397,-7.123711328577373,-5.881916129103539,1.6532842426748384,1.7329958554102378,410.20522904262856,0.01828100636879615,0.03289735398968721
79398,-6.848900176174087,-12.15419873563921,0.9496948642667634,1.0588798054829311,175.9895031134026,0.013900812195940304,0.03289867730615257
79399,-6.738810041159928,-6.629874461312717,3.731089060782575,1.0670145232689872,467.2549015425258,0.10410012434370408,0.032898830550889956
79400,-2.8814259423489466,-9.392900217626968,3.8297474457147245,0.584239722262326,182.4111801464084,0.9222565350817016,0.03289945730106862
79401,-7.160098760321276,-5.279455781548937,3.4062434688314447,1.827935021715101,437.4227075705748,0.3796517092230074,0.03289957020283528
79402,-8.790994046972267,-5.579748410719865,3.022214472341796,1.4704540113767686,336.3110887490291,0.33357951440713673,0.03290065505682283
79403,-5.609016656675418,-9.75622963114246,3.157067382879713,1.868429989386218,470.0466575060493,0.11984197234461735,0.03291157693845936
79404,-6.920640541869045,-11.671738910629994,0.30889213709813845,0.6937792143162325,138.80286761402147,0.9254386135862775,0.032913714132593655
79405,-8.556400243756402,-6.522006459175749,3.7700696571381855,1.6336629766335813,352.9485090380883,0.6508248539184835,0.0329183319791923
79406,-7.315261706744426,-10.700791870773427,0.41882161993959044,1.4310508976479326,326.56057272659035,0.5209401283814632,0.03291880397939069
79407,-2.8660813054104555,-11.352818084902571,1.4341476318692654,1.1748172006854494,298.8795062348657,0.879954811531455,0.03292042388585235
79408,-7.332284977377329,-7.246200228211329,5.167716449007797,1.1618939136413668,306.4911834143816,0.2096474335139593,0.032921247828152325
79409,-3.881635522861031,-10.083984846727539,2.657544020255739,0.9047088340026891,373.37306164475353,0.7145411944920061,0.032926805128378644
79410,-6.254609396448057,-7.133445194359416,3.1108939825441277,0.8774762155558208,467.14579197066297,0.4909243596151063,0.032933369524920465
79411,-6.486127874802759,-11.900846186774391,1.1128172442969655,1.197424046273002,304.1617424567106,0.7572594752953519,0.03293810062343
79412,-2.6176095623006574,-8.63917096992336,1.4513311366653545,1.6721177603500434,391.7860287537997,0.0621548963785461,0.03295325461478229
79413,-7.857863922928351,-5.337185244557882,0.208045940988722,1.7871129343530978,426.3455283417403,0.8537210326042617,0.03295726479673001
79414,-7.125306936493585,-6.292701348212583,1.1162356383454504,4.043349779880528,425.1837657382289,0.006462624438476006,0.032960541429333405
79415,-5.522822409818197,-7.482453809224977,3.2685224851710237,0.7745045727424393,232.2052145818219,1.3976351784470307,0.032961725898572825
79416,-6.04330826633583,-9.103898702205104,3.9458483177672226,1.2183689275301164,262.9075681356676,0.4112952288821212,0.032965466087116625
79417,-5.995877755866338,-7.378562182373379,4.197771489738969,1.5890679275295059,341.30320206021315,0.4879163347026063,0.03296674230374789
79418,-7.066492356135626,-5.968740272274231,1.8808997182125111,1.1244888578057255,289.09562271701606,0.6590082251226645,0.03297162615576464
79419,-6.245343459543658,-9.038680613111447,4.023132530098851,1.1278163157470134,467.2265338309454,0.43150242361282576,0.0329730438491975
79420,-6.100577631983809,-10.47068291270865,2.350743132364714,0.5426177154475907,121.51235961351819,0.04573614502899215,0.03297623238310689
79421,-2.459632656445293,-12.055151173154202,2.4165829766228812,0.9433915435886829,263.43533228114427,1.5705763158699453,0.032977243387094596
79422,-2.7646216325148583,-10.052391642800231,3.4320699007609696,0.7568986921482139,169.07383767490373,0.16354085302495935,0.032982803085376974
79423,-3.9722478100346326,-8.814970304587707,4.070248159862121,4.0769677623037754,257.6135937019278,0.41687084551690834,0.03298684126445624
79424,-7.397448340744441,-7.18594190181516,5.1557895765819,0.47359894833054983,104.7204096793002,0.22132210266783758,0.03298695187705473
79425,-8.874359853992335,-6.840466271590948,1.1778811070134758,2.1021613050657293,401.5738924604542,0.746024262702341,0.03298747545733643
79426,-3.0921239212819573,-7.880423511165976,3.822147980277583,1.4935487015010651,339.81441363432776,1.3635385750088753,0.03298843339884059
79427,-6.763018010494611,-6.618413630796173,3.825601922692218,1.1885821658612976,300.8086139293299,0.590586826485584,0.032989969418027114
79428,-2.7985144706819955,-11.778840061912778,1.3664179175098705,4.4310888872341545,581.0455534660003,0.3136340477202051,0.03299815781801663
79429,-6.957225803363994,-10.00800704305737,2.549208552540651,1.0106407599452258,258.03306794192974,1.5216905754784307,0.033003843448666664
79430,-6.390882760070253,-8.086154116713375,0.582300838230764,0.7064602580769721,136.31042451737673,0.21900829840651248,0.0330050054934253
79431,-7.607378000155721,-7.314872505990627,0.28849625767281634,0.9559051658879535,468.76961856885566,0.7717555437748276,0.033005296816235825
79432,-6.143303083799631,-8.98921254518331,0.08246594238613227,1.342936363514626,304.766098235331,0.8650782936307975,0.03300632999570614
79433,-7.918441251666715,-8.61902155565144,2.849051779090708,1.5719066321155457,360.8006656955597,0.1104082328811673,0.03301777037358019
79434,-7.833119801730627,-5.389425382929215,4.6683503726959845,1.8487561021245744,467.7644262696023,0.7613729485416361,0.03303012334591131
79435,-8.868841073421962,-6.997894373204302,2.0392525149054537,0.9414063294608014,468.3982592556801,0.5358411946859425,0.033037124780106016
79436,-3.5770523552893865,-7.729266700504044,3.194433128841865,1.4765212618935664,345.7598931206538,1.039739107443686,0.03304028136926889
79437,-6.70095345630938,-9.195543112506261,3.728401666171659,0.8223729107283085,467.92554400346035,0.1127408758826478,0.0330425802977665
79438,-3.9130078975713634,-7.977056041892041,4.359908450504368,0.961902845346457,199.23076552125485,1.0671205464518803,0.0330438734483835
79439,-7.408902192427343,-7.574709508679358,4.98648261198124,1.3934366502400688,316.6087770932429,0.6341619776377128,0.033045128881222734
79440,-7.3251366723136915,-10.9638854596304,0.5389402838946965,0.5382841178198964,152.33927584909588,0.6436567007847307,0.033049678280451654
79441,-4.531705528689562,-9.861545607034742,2.935383709092264,1.6846854698767686,413.6249532684504,0.14356757556066757,0.0330509081218463
79442,-2.4974510491623825,-11.817752744230704,2.6544247579442763,1.629598289466408,379.431579095316,0.767114106737214,0.0330582315209326
79443,-4.4454116376921435,-8.415059955523322,4.421302629471076,2.493235549077298,452.5845191266633,1.3363873307258913,0.03306102790084243
79444,-5.1622108219250515,-7.619665630493595,3.898550239641337,0.7114391806356573,437.0840580503364,0.483234829130577,0.033062986317153445
79445,-8.004597114956574,-6.877557488102703,4.720472790251807,1.3729849838476016,327.45116605689213,0.2238419670543319,0.03306332357310596
79446,-4.8562212303478045,-10.518847823776735,1.9359731688782837,1.8825255424122138,468.3888184566632,0.5335226035916154,0.03306495282778937
79447,-6.357479469931884,-7.057630004834375,3.0302850929499567,2.294230865501705,432.68704125652897,1.2206205469194904,0.03307323647354708
79448,-7.213304321134545,-5.330762641987505,3.8257995939110714,4.371567258861865,236.33244504626236,0.4231300783707086,0.0330774510099451
79449,-5.338442934152228,-8.816296608320167,4.194913888264709,0.571904102413593,134.8250342599037,0.7504123997055023,0.03308198120557194
79450,-3.1604701310293173,-7.7706263053668,3.256320913007416,1.0853146858902374,468.6457731971375,0.07641563024510578,0.03308285139197051
79451,-6.566029594377156,-6.830811184495117,3.2458471511504485,1.8943295901305066,456.6915268074888,0.38807075321355367,0.03308417938544365
79452,-2.8464980479718367,-10.434819140334875,2.820808529581625,0.9224345964226901,467.28441998818295,0.13262233441808746,0.03308511367848268
79453,-7.439618609486691,-6.0407732767387685,0.3978270399987344,0.9718285964827357,468.1744653414761,0.0792714325719448,0.03308637634914573
79454,-3.7192388949916877,-9.821923682276399,2.948978894640622,1.630977830310225,194.1542860608944,0.324761133236815,0.033088677322496936
79455,-5.58882022293917,-9.24962847008716,3.7341069951912997,1.5705925833251582,468.1990212017486,0.5807680664425261,0.03309032433326179
79456,-3.5445180760309736,-10.58127108666605,1.7192668971357439,0.865658511359732,468.05576359863403,0.7056967789792994,0.03309110118279787
79457,-7.017106137411923,-10.115017881151495,2.331394915489056,1.520902717754123,349.3631782755172,0.3509906759098387,0.03309299895998357
79458,-5.356914980313789,-7.765013744776896,4.501741268342168,0.761867591278662,180.54560506351493,0.7475307252936636,0.03309519678403852
79459,-6.283574264879805,-9.563858276437376,3.3974099885546356,1.269482636934494,285.93689189265206,0.6889773131304802,0.03309720550756118
79460,-5.555808786672844,-12.757867253857011,1.1328101676252644,1.0709032003035954,284.19931950387206,1.5067528731024247,0.033099194720323535
79461,-2.9211590350339813,-9.620476800206859,3.53353966738835,1.784713153973967,469.5106529858875,0.03987726006931602,0.03310391387695901
79462,-8.370287853325483,-7.997840284547662,0.6065132806484415,0.857631121208625,468.3906647473592,0.5329255640941595,0.03310480921569101
79463,-3.030217744732214,-8.952045067187893,4.073297093085119,1.0047222617081852,265.36841793258975,1.6845579186571404,0.03310777577861611
79464,-3.3798322371471414,-9.282988316340873,0.04149798199358722,1.2332910737120213,468.0450199103324,0.45179368116115537,0.03310850730766838
79465,-6.278245335152777,-10.094322442944087,2.793114469838673,1.4151561378698179,339.96491822643776,0.4472293594590182,0.03310871643787112
79466,-5.765872366177109,-7.686129465489107,4.656082719971141,1.575840170831253,380.872136503189,0.6670890811622945,0.033111464739432925
79467,-4.452015171753812,-10.494685355973,1.9294028628480813,2.0683217549232884,262.35871197867095,0.5060778284812457,0.0331151869269853
79468,-3.346805778553895,-7.751686210408307,3.5678053390122253,0.8327744276657276,227.35094340370162,1.2118154875450076,0.03311829704899493
79469,-8.882306062783044,-6.664997251730011,2.4486103816337272,1.1243412912413073,243.4703152291778,0.8194018805210055,0.03311842561596922
79470,-3.391645347156037,-7.949018189856032,1.8558934803950446,0.9846624158301834,195.955231557948,0.5757847244870531,0.03312341504200854
79471,-7.215443920994986,-6.952593853262865,0.592659040895554,1.9725856418907648,397.8691799649774,1.300440578683534,0.03312692605287102
79472,-7.9583064976173885,-6.199479064602808,0.2400278735468454,3.3548227971624485,524.7402899566567,1.1065948965237196,0.03314768348702948
79473,-8.17044276470964,-8.516390114445642,2.3100578063283668,1.887777105056831,469.35915040521985,0.003850119110103911,0.03315391832306678
79474,-7.51764061986108,-6.821466636654598,0.29741642431106813,0.8258044689722392,242.99702207493874,1.3120833964779637,0.03315454660597418
79475,-7.132899981666089,-10.099213567237577,2.1647962031190375,0.9015266715954835,236.3128427811659,0.45864056642999973,0.03315662872457129
79476,-7.481879975204386,-8.743778653827547,3.542762201359674,0.8206439454876017,233.07163963082098,0.40021269117441616,0.033160071138121194
79477,-7.210430482525937,-5.083856297872433,3.5742868895376416,1.4664466311444624,206.73925879752082,0.14069622792021175,0.033163366393101384
79478,-4.063585223479272,-7.990138439580216,4.37838795256001,0.5442918434722377,147.49586534699455,0.4835479263309894,0.033164307326239546
79479,-2.8328586199296595,-8.147722391444919,2.576412476028606,0.864765974143164,245.12116572942568,1.5600535064987087,0.03316497011242418
79480,-3.880876709048736,-10.542096551934833,1.7817293715357925,1.3947705074348913,325.4727941795955,0.6225493890657416,0.03316682700072047
79481,-8.089070426422907,-7.737915343419785,3.8667501010330554,1.7818565961095842,431.6948194147702,0.4323944268446649,0.03317221068177992
79482,-7.341790376047431,-9.128784684443728,3.210574275601245,1.790082155163035,425.1405689465813,0.09770802386975141,0.033175328359212955
79483,-5.092930390866826,-9.731103187273328,3.1333007123606893,1.461521232098023,351.15180515887374,0.5696075401834628,0.03317556432878895
79484,-7.006705480273887,-9.85339124812676,2.692493232970658,1.0483277321675593,282.80197974413596,1.6610476851242337,0.03318215940369172
79485,-7.465923281058456,-5.668713131851953,4.617721596805221,1.1060644649856592,468.0444591658557,0.8696619470251088,0.03318251905989685
79486,-3.4991028041321197,-7.820926212120082,3.981669783419236,0.9899928522435931,271.8172389696332,1.6537678150048238,0.033184956883583076
79487,-5.323534895786703,-10.283500484234448,2.5187542514308,0.9708885283418539,176.51907433574124,0.1362560814519549,0.033185973119532114
79488,-7.146092697015467,-6.267840213329821,4.527355925605989,2.562405923091862,463.886534273015,2.4567518543128832,0.03318895179047284
79489,-5.148138769320959,-8.286473118584823,0.7754210313565444,2.149674283058252,418.3872047296465,1.3910212335568337,0.03319713159067377
79490,-3.7626460053165856,-10.413746767127249,2.1247609661003874,1.7635362392476004,468.270841064158,0.2515618258821881,0.033205640170834556
79491,-4.647432723556502,-10.41991099266866,2.232694122418746,3.3752902672028315,525.4543699641326,0.9806823382823877,0.03321058321481916
79492,-4.758360737944534,-7.989989007656246,4.497434393966742,1.1267446505685061,296.0524890823328,1.7492682544610387,0.03321221250629091
79493,-7.548903100612668,-5.4325524621872185,4.60241823508207,0.6461322617409736,135.4983997185812,0.03832050081602656,0.03321896227296308
79494,-4.550661255290004,-7.993876377129208,4.462772719436908,1.7505713408709025,416.90502191305177,0.915408468546028,0.033219341241103366
79495,-5.741101192338118,-8.618830959743015,0.30045880354356425,0.9876208246711601,220.97269081087774,0.12715013043153967,0.03323084132702619
79496,-2.791896443380372,-8.21640570951443,2.0103811791111896,1.2297428116846467,280.1351206158061,0.10935018247297545,0.033233027964469905
79497,-4.607333186782167,-8.095168243409724,4.517200259209855,3.412284916769744,530.5999282791469,1.323447387843287,0.03323356125470605
79498,-6.151453575008728,-10.91228991311871,1.4395780099272626,1.828300612794143,435.1846757300774,0.5867488362333875,0.033233579211562336
79499,-4.228883716387615,-10.055074004104627,2.6951304857440426,0.9438441009274782,245.78768777745407,0.1686516446152888,0.03323809865047378
79500,-6.500453021793463,-7.053369149051254,4.27809218308199,0.7412908761488083,156.17861842380162,0.03944586232930902,0.03324360054202448
79501,-5.174503137123926,-7.723827273025747,4.290916058919361,1.2242415309687045,270.60657513991634,0.2007761720231409,0.03324642523792548
79502,-6.044765387824674,-11.366746562183764,1.2943042039877906,1.6125714920574288,374.88604674232107,0.7308761272554687,0.03324906940151615
79503,-2.640097069196,-11.10051597283578,3.1065522580065648,1.30781634762388,314.0430881800188,1.0301700104882032,0.03325031564212674
79504,-2.409222130689596,-10.29066317774393,0.8922534860801792,1.2866050908968898,468.04839929906143,0.8955905619324698,0.033251230004273075
79505,-6.578180031149287,-8.014859098883935,5.026761675172255,1.641237876781481,382.77992599553323,0.5923485220140607,0.03325708171163988
79506,-4.449841423961145,-10.463832260575474,2.0489143398551897,1.1873820679334808,246.5564527375209,0.8560439499615518,0.03325720107840108
79507,-5.724845943704206,-8.062488333567567,0.9375159344908066,2.6524068999297574,468.92550492916456,1.4987481579838837,0.03325881070090942
79508,-8.269154587589542,-7.96157405674912,3.094070260945171,2.9675693747230927,498.21622443544567,1.9634982934136431,0.03326015675229113
79509,-4.798288212082692,-9.849037699892818,2.9732640552677783,1.2193443039832055,306.06583917066564,1.253928757272166,0.0332646384568055
79510,-7.118996607347377,-5.4655122911305485,3.3615639202301684,0.875150792310919,382.7121869774354,0.19492584075542485,0.03328290113382033
79511,-8.165397691812416,-5.960997441028516,4.496918865196785,1.414179750987917,323.0475632354187,0.010674669407772619,0.033287158694796926
79512,-4.2091393382310756,-10.586274570881464,1.7152502638149245,1.803191023274564,468.447548849921,0.33172993271934903,0.03329442225757589
79513,-2.596500182979832,-10.895046956603124,0.11241902773678983,3.554434363037492,539.5857622425315,1.1236974177156798,0.03329693115052601
79514,-6.894228488237111,-6.281756965775094,2.930650122886992,1.3474935400878911,448.15925316555047,0.30970871975315095,0.03330161914577124
79515,-2.9582272914660734,-9.704338773659044,3.3699994774343938,1.0636109686771198,285.90046084428513,0.7878713814256946,0.03330346192935941
79516,-8.433460972371053,-6.529853697030706,4.050311550927938,1.0613351758566139,280.5852328509148,1.7442250015668588,0.03331073962733265
79517,-5.167596219200915,-10.336439392795882,2.4349726018496876,1.865428619512746,468.1525386506623,0.5588650276622262,0.03331835627237882
79518,-6.780013964862238,-6.746592480297726,4.26500407614588,1.8147302937878045,468.28815299481363,0.7982547182030375,0.03332595198920465
79519,-4.676800796488921,-7.939601956811131,1.7825361400432223,1.4647514877730456,326.4051565216568,0.9864959722369191,0.03332729507133677
79520,-7.777891963353822,-5.6897719990358455,4.762774565786071,3.1859630737691536,194.212884144906,0.38402058645479453,0.03333000735429119
79521,-5.425721876721213,-11.381585957896306,1.3255559512381463,1.7881059695379198,425.12781272160464,0.11472802757056133,0.033332219606930245
79522,-3.428615308935984,-10.395594008612482,2.146019373661443,1.049625177648314,274.110680536357,0.887688617585968,0.033333256214297544
79523,-7.115434240965054,-5.459712976506704,2.1904011785862174,1.0275934392974577,268.51521494450026,0.750177973461283,0.03333921361535569
79524,-2.880264242048786,-8.19429464136423,1.5136169753340816,1.102493289289018,466.14251005596645,0.7016078895696323,0.033339352298553025
79525,-7.715225450327158,-6.7040259625211664,5.035762184775742,2.202762934476547,428.3064944579474,2.327972556339252,0.033350315161758466
79526,-4.677000592716249,-10.478634188002653,2.032001010858851,0.9457803512786186,259.2177589001902,1.2758853803920607,0.03335714686497698
79527,-3.5127247362850875,-12.429042138252761,1.1840056662742482,0.5489983128293178,165.4223913796749,1.0658933239437323,0.033365375683624326
79528,-7.771906634133151,-8.340889510919448,3.6225762866791325,1.6171810184273923,354.5013055242959,1.3588181244849524,0.033367510129777345
79529,-2.522726502167921,-9.976487716944312,0.44756204532272764,1.1048512139477427,257.3977107830756,0.9957067254859604,0.033368568521948125
79530,-2.5109777215577624,-9.305044573127853,1.9227538743710288,0.9471914882467936,470.2630868275023,0.029643387238209584,0.03337368885587262
79531,-7.066980143298591,-5.610670275154691,2.5560333268954536,0.8683998180428176,175.0059031688641,0.8985660410693068,0.03337864399067486
79532,-6.035430920587972,-9.491665060326941,3.480636275169638,0.9638355632192436,192.36914507611698,0.5115337601928092,0.0333802723856267
79533,-2.8698122429691963,-12.207971942463258,1.2782557483407713,1.8946390103355133,469.09847349469374,0.14757346505693114,0.0333827673717635
79534,-3.0797336443270265,-9.405765805682638,0.06730317060997837,0.6952424004739373,446.1088425484012,0.3734521860343101,0.03339304274840022
79535,-4.360715858126719,-8.145773831421543,4.49069342261714,2.1449811223902935,412.6718618270384,1.0031551184157417,0.03339536058345463
79536,-5.7573356349847495,-7.4801876158617375,4.133669701517491,3.2121225561678073,512.4529798432793,1.0048666950596354,0.03340141802449033
79537,-6.3116750379664435,-12.686995668594976,1.0629576787180632,1.465095272412534,335.0301022054291,1.2946185958291823,0.0334026408293669
79538,-6.112016805830387,-7.638373325535105,1.5988249798704715,0.7265253147081727,468.38468827272834,0.34069101096037535,0.03340868888676782
79539,-8.00135865855255,-7.259529031424397,0.3470618162542836,1.804338181033518,468.38303938677956,0.5591306202455266,0.03341327778187771
79540,-7.334562636210721,-5.564027924455183,0.6465733807466096,1.3422872343919925,303.2927246115789,0.33407172059764356,0.03341435179546567
79541,-6.690432457600632,-6.721758106535085,2.735810322892551,1.1112803397492688,282.64047314563516,1.5828114969371034,0.03342054650290839
79542,-3.7993174636658633,-7.7636405950695355,3.769368183309424,1.4396720180880405,322.2345658133986,0.15278770040825318,0.03342314582880417
79543,-7.1748294136123825,-5.855126270535733,1.3434942070172429,1.4768509378435757,340.6077246409847,1.9474242249272242,0.03342530434180119
79544,-3.565205366046369,-8.502245105837453,4.311251469091959,1.7208844475406746,403.99977289458315,0.02873364674168677,0.03342677021876119
79545,-3.4146753986087024,-10.371124201148273,2.2293752528227815,2.0543907561274595,403.5822447506154,1.050206319804036,0.03342962942524234
79546,-4.398728761040736,-7.743355669668909,3.8664058639534242,2.3053684368147556,435.9012319426644,1.5432631645323935,0.0334352485804345
79547,-5.41088543539076,-7.6154972098665965,2.437619922596469,0.9774041594129853,240.57198706001844,0.09724751100700146,0.033436353701280425
79548,-7.134888429426212,-5.7252406436680525,3.8022649929637526,1.0172948453370507,258.62948028027506,0.9400637714122864,0.03344394973827767
79549,-8.746305752247249,-7.537522403432692,1.7585598101121278,1.3261986006619038,308.0504973848152,0.16474246158304684,0.03344542842658638
79550,-4.983203847173089,-10.194712791264637,2.5809824351118866,0.8415482912231909,230.50507262540376,1.0729436132174603,0.033472562619091574
79551,-2.7765794393559915,-10.819524842868482,2.229206278716829,1.854184764274552,444.1197460339726,0.3252691176401683,0.03348342292782894
79552,-7.432375733466831,-8.386445301035453,4.107466452509426,1.1682502689592906,297.58827131100924,0.22001538391643827,0.0334863315697602
79553,-5.9871620930640965,-9.578126067102545,0.022386730954590577,1.1004132397591673,265.02375215194627,0.7707543968410997,0.03349584992084291
79554,-7.192073509881682,-5.511589702870956,1.5723879768983737,1.482109224393058,336.2401399477815,0.35294691753821983,0.03350736402497663
79555,-4.457259628617463,-12.160289082532644,1.2036918613205403,1.1132249034657207,431.6272469144597,0.1399054210845927,0.033516026846315605
79556,-2.779055594828934,-10.817953126247525,2.4265511330616785,1.8322704945387749,454.92825284846714,0.6059459945076275,0.033520063464312175
79557,-4.8060810014011635,-10.520553158768955,1.8825974924700237,1.8203544577604205,432.43918847127026,0.6150726080139135,0.033520078302764725
79558,-3.5667941603450215,-7.856263348111499,4.0686942358286835,3.2952732280703696,506.5685063960708,0.4524844579406002,0.03352514565135164
79559,-2.5279004608109634,-12.777468641106594,2.6062557006071483,1.6372287089492863,379.55621016329854,0.2786002926244464,0.03354113785749872
79560,-7.712645161213011,-7.662292136346392,4.584625978367874,1.8719511387768715,451.0794584397983,0.17755956842745402,0.033543803202761395
79561,-6.445120784275083,-8.717043443951296,4.378094507027072,3.8320431954594874,428.1509985962247,0.02415215728074216,0.03355033498398881
79562,-7.0769211579238664,-5.672797732266959,3.171043609594838,2.6769236209871297,467.0784838510104,1.0551722547208477,0.03355329198748555
79563,-3.706269972949804,-7.9797700066451425,1.799143185543053,2.031749051238522,360.28411011204963,0.14112622100947103,0.033557652741132454
79564,-7.8999197686530085,-8.232498846936664,3.5309860307392156,1.172982060173927,300.24130721032566,0.6924702687516708,0.03355938641687439
79565,-3.3662234011952084,-8.239032978626899,1.0610348689786033,1.8271561247613923,438.2309064822088,0.00736736952959216,0.0335632071615857
79566,-5.949355716750079,-10.382185019800781,2.4408446991564197,1.0020386144930167,206.44984804892613,0.9082893415610362,0.03356564366175701
79567,-5.414623652735638,-11.333269226423997,1.3364166137798283,1.2975403264235608,295.67150509918395,0.14378269630186757,0.03356645961979073
79568,-6.341136312963012,-8.176365131163639,4.913912320840873,2.7261003708841183,476.48339206874846,1.6069343849555109,0.0335705194047698
79569,-6.640286291693933,-9.390464916817583,3.507619963313393,0.8269558387846604,178.2037013148134,0.13689572637327974,0.03357266798175896
79570,-6.853990349550808,-7.505310667752542,5.161863148788384,0.6614644205035739,134.5529364560156,0.35575123341122694,0.03357748703706725
79571,-7.7473067910475475,-6.669145442712872,5.012442807413566,0.8828249454515755,468.2402974532418,0.151318848476925,0.033578926636184135
79572,-4.395914651971627,-10.52743326352927,1.8158646379754007,0.8094408913383659,128.77597588613202,0.34622018282428346,0.03358371678571227
79573,-7.126816879099357,-5.1909936620303805,2.8220409132957642,1.0745411815238788,468.13793977764124,0.3143212754795224,0.033584225729646325
79574,-7.440799925203355,-5.551090267919321,4.511843995651832,1.6432083189315707,467.7743476521927,0.3167927274058391,0.03358597236586696
79575,-4.817903955241257,-9.622573038303628,3.2206615937629026,1.8050119663783826,467.89220453891204,0.8987394553424863,0.03358831377884087
79576,-4.846210264773912,-10.521904147386365,1.8770229056648506,0.8617224275430643,227.4230798176983,0.8424389621802524,0.03359442469036599
79577,-4.366400767789521,-10.554179257073482,1.7614479045090803,1.3621063697316498,468.52152656127043,0.4278657432247801,0.0336008079389178
79578,-7.1179816406611085,-5.338237648101011,2.347481160626416,1.243797313383089,311.09813362166005,0.6006282701863652,0.03360331487957459
79579,-4.362941438932265,-7.769368922852449,3.935474883366066,3.005324138109363,492.8641855797198,0.8190961837501387,0.03360361379218993
79580,-3.4126402985911684,-12.34042287564487,1.1893528342807405,0.8836950470351368,189.41730558458062,0.6612972740855989,0.033606410574487294
79581,-2.794842364416951,-8.286071407203526,1.2882399720411295,1.3827625717581826,296.6107694950719,0.18338134385937366,0.03360649760683271
79582,-3.6458181299229437,-9.371370056451244,3.4476551728610723,1.3772615110905704,326.8750399172853,0.2210175045980547,0.033623874896478605
79583,-3.791727029708266,-10.332522205488168,2.310181438744255,0.9566406302850284,268.21884420473975,0.8389739871498634,0.033632760469985507
79584,-2.995069171684955,-7.943293223641651,3.327741368602417,1.6914354944785963,419.9877857348248,0.04055756145496847,0.03363446787830609
79585,-2.6569802166918652,-10.531229329187212,3.269387611275486,1.8659854182562094,448.5455979082596,0.33955594679838885,0.03363464705343116
79586,-5.05843309859118,-8.860958648618448,0.2244291314088888,0.6913805953377183,130.12154784297599,0.08027642595223661,0.03363540918614066
79587,-6.770681633363612,-10.233834608417007,2.4152737539850646,2.3925777049933563,447.84378667885966,2.470805189563473,0.03363881339301188
79588,-3.275222210551619,-10.38560001464324,2.1783155009079356,1.8700060005070465,451.8372657227227,0.015831642121798772,0.033639975235174056
79589,-3.7042693588263518,-9.757170340620787,3.0091846365974204,0.7239743387325392,199.83514259369343,0.4632061021916938,0.03365115705455341
79590,-5.696203788053067,-10.549568443512754,2.0581093202435112,1.6397666998296676,292.22235479068684,0.055116760857094604,0.033655697458862634
79591,-5.7526730856388735,-11.285354530630622,1.3343864753158878,0.9957506076151011,469.8776024590967,0.05500449735878021,0.0336561557339008
79592,-3.5241838706913615,-12.855303614303361,1.1548179241507612,1.0688865418124411,467.2010955779194,0.7890628482774806,0.033660079362325054
79593,-4.107391465585103,-12.609717563042318,1.1678625718977202,4.817929615895977,555.6050157424296,0.17653235158454272,0.03366528605598791
79594,-8.7320173775699,-5.165513916296715,3.1741057281396583,0.751851673428443,160.8808369442711,1.1857007098565076,0.03366800037385845
79595,-5.739806832343544,-8.947586202564143,4.092415019827677,2.571566362852249,457.8225563057541,1.0714053947848337,0.03366951687296734
79596,-3.78542912759852,-9.872224421233094,2.8796066253453585,4.130577142150003,229.67499670067212,0.31188620276204393,0.033669545076786975
79597,-7.219072854906381,-5.5285188877922655,1.0941783418281985,2.6777545374544856,473.20275076716973,1.881395479174052,0.03367073892559672
79598,-3.026543758039195,-7.88874607163364,3.2429152981680582,2.1061420373490045,416.5424448291981,1.9470453842942481,0.03367185602929716
79599,-7.158422937965713,-5.792729331040424,3.9944111759839998,1.7304423474128523,448.24597313260733,0.10349210707918921,0.03368082808961391
79600,-2.6259675638834103,-8.58712713985735,1.0764529344368403,1.0863099962021272,468.06024881800727,0.8653088863522909,0.0336889903928257
79601,-6.5585762004668435,-7.013577698277939,4.287675407771043,3.385822527170237,527.4970371310886,1.1607031834708659,0.03369172587189475
79602,-2.798234812721809,-10.757482706909968,1.8874287505617307,0.8192243756368548,170.4134792758533,0.513988737792797,0.03369363809635773
79603,-3.5888088036986234,-7.776274316355295,3.746035371738693,0.7631587508442873,469.67685022346075,0.2224654422392982,0.0336937861636523
79604,-6.438123875747824,-8.20300247146582,4.895247564552088,2.0789006044350273,410.8035897307545,1.4551951136190313,0.033700121550032845
79605,-8.559632966349799,-6.925203075838153,3.5953932663522683,0.9017086711873818,229.38108645051256,1.3230863530521617,0.0337044716033889
79606,-6.035640346522997,-11.513078159608769,0.06964601919636018,1.8566117525596115,465.905051491824,0.44368565362655765,0.033704885666424496
79607,-7.155618567431329,-6.351533907034916,0.9547885453982833,0.972103950713773,256.2161587407475,0.8169450581348467,0.03371407700184069
79608,-6.963936135758374,-6.078696033869976,2.7965650933539714,0.8613248539627634,178.41206937144577,1.1462486285752602,0.03371886324961066
79609,-7.187202158571315,-9.03157120380238,3.542178978120393,0.8900697331152322,235.81088980176227,0.9905132789677724,0.033720335028165835
79610,-6.848332646205884,-8.905327373525555,0.1457640533210549,1.8721026574501205,468.6743101079215,0.3626812137845299,0.03372064836146589
79611,-6.875891709415516,-10.066409830165286,2.5411769250481493,1.1577927806334498,289.98582738298524,0.3796953361780986,0.033724865660627865
79612,-7.23836320612854,-9.607400630761903,2.6942619808502832,1.1489365075300835,467.6539941566758,0.5886469561352765,0.033725566167485094
79613,-6.281598568105932,-10.180216796823501,2.676156130649675,1.3160632767562017,296.19925928997486,0.8401418066303066,0.03372742226224334
79614,-7.130589442647295,-5.923956210160673,1.6098983213181184,0.6065064896551414,124.73738986145877,0.3017990558641097,0.03372780463964305
79615,-2.328670722701613,-12.195572744974594,1.4194888212554146,1.2257233694971366,295.4309479348455,0.4160727258796859,0.03373269109983128
79616,-6.48482468309937,-6.932137439072781,3.2881438121587183,0.9605059629791685,467.64512350832615,0.1991351359153981,0.03373523489582534
79617,-7.279348176237544,-7.012118318328138,5.153286552722123,1.5920160028166102,402.2734619221117,0.6079373482927197,0.03373694619137839
79618,-7.472271301293496,-5.187831834742761,4.425817863298977,1.0620046859133068,281.72793423797526,1.4696840432614566,0.03373714608882387
79619,-7.9654046607021325,-7.279183191880198,4.552473507683409,1.0599914796514973,422.19704540255697,0.4710472316658745,0.033739649001708984
79620,-3.2150470402825393,-8.357970731787871,4.4047139052069815,0.7793516092802754,469.03657724017535,0.21554941116122261,0.03374658852874485
79621,-6.170193862237746,-7.206255409823188,3.671570192724348,1.4218532397441972,469.8683305327679,0.0038968636331020434,0.033747204768642756
79622,-7.213917585178145,-5.7131509269705605,4.100895681386583,0.8746329624656327,171.02265208401994,0.10048831881519149,0.03374881463338607
79623,-4.487792144730109,-7.68588715072373,3.4066508252259857,1.6212860338645856,468.1216153871247,0.30083642060751803,0.0337532646774865
79624,-8.457956282038843,-7.43123816262306,3.3886416490221847,0.6939562975271107,151.53006738162972,0.10622297227522726,0.03375847881654727
79625,-2.3799285982687755,-11.43482833993145,0.7481534400374112,1.3832042300946803,333.6910530575942,0.3026152209737569,0.0337588758442057
79626,-4.138330170784946,-7.923978621508464,4.2986701164033505,1.8725091308370534,468.6013313610698,0.6498495285912922,0.0337620508519297
79627,-2.5832675692331017,-9.219371442136822,2.9121376447746754,0.8313737844034085,451.03274835063786,0.13171472290090946,0.03377227434607532
79628,-6.181185832915837,-10.595915687785698,1.8055468637222987,1.7995648974158367,375.223910208734,1.194062665592619,0.03377450418716828
79629,-3.490524463215592,-10.09601141580949,2.616007933520359,0.6510252576525485,132.0694054972672,0.5190581626953881,0.033774642925852694
79630,-4.267345154961918,-8.808375008195469,4.0745621086703565,1.0547011414083511,208.68767965009465,0.45844071149463783,0.03377664693246349
79631,-2.3742341836383964,-12.096042368095402,1.9095832598928926,1.8761062731991296,469.26778988780535,0.21396527563273704,0.03378122241590805
79632,-6.758959355083034,-8.112106479840165,0.3877591330729016,1.3409314070592868,468.2506657947768,0.23953592754311526,0.03378141059784867
79633,-2.9317873626169355,-10.578554912672315,1.9820403593703528,1.5314179668350099,344.1699724459864,1.5278229520074698,0.03378539597002426
79634,-6.026287793151592,-7.2866127857973755,3.178188394902694,1.0439775252814547,283.5678629182808,1.3155218212498285,0.033788609928919126
79635,-4.108432841577596,-11.27274073056237,1.3657590362506542,2.384212678307823,434.57680233226625,0.7993643247313011,0.03378982846142205
79636,-5.983604648347437,-7.556152530803559,1.9665832778172743,1.2638391278268217,270.2883476371542,0.13484054249093091,0.03379074283718517
79637,-7.388753182179671,-9.37319545411892,0.34819164954969284,1.196851425777341,303.99504260582773,0.6315221886370628,0.03379710701220437
79638,-2.8647254462373315,-8.214311997091595,3.721334351991645,2.4788264180661668,454.58025503904776,1.8608929343344291,0.03380988617880683
79639,-6.308350771872098,-10.56009166192158,2.128001182534803,2.4743793965960483,444.86676293607854,0.8765064250019288,0.03381212935491046
79640,-6.635612634750644,-9.433430016909242,0.09905035484892806,1.0138357709892536,465.8114809876113,0.6749926839650682,0.033814242719201436
79641,-2.5771745141257396,-10.66011737920914,0.2000963154318654,0.8236980870601431,168.04821083873753,0.008839867481665209,0.033814781580350145
79642,-4.504909873899735,-11.300252347373727,1.3567688749666627,0.8288518292427526,200.107800332697,0.2954190999420989,0.03381607106425243
79643,-6.699054632194609,-6.792582845903985,2.373060496847428,0.8434511932294855,174.9801377388303,0.19088919650820202,0.033820914033829905
79644,-3.668713682809579,-7.842192462360722,2.3051584443437774,0.8094797469662819,204.9461415883762,0.3304233275132322,0.03382107123852812
79645,-5.894119253342554,-7.687221640065536,1.72743529116795,0.7974330495342765,158.7268206982388,0.45097235405482206,0.03382478860958976
79646,-6.656243103612579,-10.504084759988862,1.9859854745193966,4.4472463876780255,595.8312937169542,0.9162436743178537,0.03382595504402639
79647,-4.072974679654768,-10.06136133224603,2.6724397483137463,1.4734772640303786,335.0844614020708,0.1240393912339739,0.03382682311768028
79648,-8.848226175016247,-6.903304893879157,2.4468801925417276,1.7734288215789424,422.50605138544626,0.9130769890982195,0.03382865322494058
79649,-7.984429071187164,-7.096902022255053,4.638268956030143,0.9460119675749846,469.05540002087616,0.5997286694313466,0.033829715800116074
79650,-6.3089873290922815,-10.451220101359558,2.3284599387874874,1.8312677492805922,467.98044224186356,0.3590537639501248,0.03383231352708347
79651,-2.542130944631128,-10.964895918497369,3.207122476196839,1.018259853332588,266.80344026718535,1.0851550545244928,0.033834304256659405
79652,-7.210748115739839,-5.633940221543798,1.0122538839646895,1.6392789792739406,360.5424393983181,1.704014536981707,0.03383505466586746
79653,-4.73212489372468,-10.687042159061976,1.6079805440395325,0.8672629512824362,230.57661948168408,0.9479782732576423,0.033843595134477676
79654,-4.340693102803078,-7.816092903959656,4.112984931687411,2.2302790270497677,373.01008219890457,0.21382893648970214,0.03384453384049542
79655,-6.240454010516215,-10.030057622665973,2.8522820497705523,1.2427009188764826,467.7980482578538,0.550287652280038,0.03384676926490379
79656,-3.621692669176136,-8.234026321457469,4.416510607387663,0.8707572124333792,193.84462398814415,0.2206062155338646,0.03385394393844569
79657,-5.937670829131121,-9.717422516419628,3.2077849642554574,3.7288642626004633,552.1011126223098,1.147402991582113,0.03385588253630169
79658,-6.088591992536884,-8.494840173274387,4.614733662585802,1.1600564937429099,297.52251531464515,1.8436498123911589,0.033863400450883215
79659,-5.483796718985035,-7.620011825827601,2.346348611941789,1.8382797801903494,384.62748644263957,0.6155196742768663,0.033875657170729635
79660,-6.238221870784069,-7.234806503704021,2.5622597914743257,1.5029291502204907,354.2173625033935,0.4442863730017743,0.03387677621599719
79661,-3.196598918614333,-9.845547625580709,2.956358031055791,1.6596331518240144,389.7824654713343,0.31007148830412756,0.03387891001338112
79662,-6.457970131129398,-8.100315585398825,0.5412487571180296,1.1753320112597925,299.0429955918088,0.8102851234721751,0.03388176679085427
79663,-4.59143548939179,-10.712564811395728,1.5899511090848426,1.038118495168428,216.18915039029454,0.5867258266826614,0.033883808108653664
79664,-6.533221960461409,-10.545608818950289,1.9155456220756308,0.6938491421390696,131.2940815973364,0.15009136830573322,0.033885231331958754
79665,-2.9659532589753557,-8.69974187758273,0.5116867330333319,0.8117920762899336,469.18285611948767,0.14935200881854893,0.03388694960210203
79666,-7.5755083986319,-5.062315748788479,4.486347977390225,1.1116687461622523,464.8773950526675,0.48979582611790207,0.03388898126225815
79667,-8.775860250599456,-5.736047252794421,3.0701045436631964,1.0316823451124446,268.2862704691942,1.4573897871645922,0.03389007269523338
79668,-3.9470488705509688,-9.295506394044978,3.539778633891085,1.842160890463176,470.0185460762688,0.09051274943281395,0.033895187990677325
79669,-5.878595518991185,-7.4529055596397615,4.210817832789721,1.1350199265102927,297.4041748044061,0.6956475140185949,0.03390296369330891
79670,-5.085776743759228,-7.60864802651736,3.6028617319735172,0.8715426070760826,249.52199093818197,0.7536312268801479,0.03390397770049227
79671,-3.6083335493283677,-12.997674780744916,1.1463795852761118,1.2243548210489184,467.9938361934891,0.4043775827529217,0.033905522445698125
79672,-2.7061579839378114,-9.209183844506647,4.03328636383869,1.0451143380242165,281.8208380516316,0.8972171019974935,0.03390960347479352
79673,-3.489462109078917,-8.565980361579248,0.5454403482907224,1.7445438126895185,412.9057192891704,0.4042339939950397,0.033910497842376715
79674,-7.340662209167512,-5.2516701922874445,4.16972551972367,0.7219149819151713,204.67469008561307,0.6453471057046061,0.033914221405274836
79675,-2.548848806772533,-11.926588508870957,2.883959847905423,4.149684962276142,577.0793873750864,0.8594718258895107,0.03391450674770202
79676,-3.1361345600040895,-10.37908443315946,2.258293559415679,0.8377931610665132,194.13856838241267,0.9366847062703334,0.033916643699485605
79677,-5.7900265100838535,-7.5677282541785855,2.1675657421682977,1.31093126867088,294.67458653565814,0.6371160182190971,0.033920932433299744
79678,-2.758824852834926,-11.807929613904182,1.3813262072584322,0.5127455238296977,110.23959093251568,0.4191072843784429,0.03392133902292717
79679,-4.783894320076104,-11.058821432660945,1.4243490725287713,2.272032738125069,409.8368192464296,0.3083737008509111,0.03392268547002042
79680,-5.762025723218375,-10.502835357616746,2.2267658370946086,2.1580161024666027,423.5724551010098,2.150167146308453,0.03392495844087338
79681,-4.123224772091708,-8.612571024834208,0.4788021394851696,3.125882958893513,505.96235247715026,1.007143593167032,0.03393136417162963
79682,-6.040502807292951,-7.316721332922366,3.907047634585907,0.683743514663323,207.42270103684092,0.8109814390672634,0.03394090576666939
79683,-6.072469244111492,-7.883777965698651,4.94814274910511,0.8857736727982315,224.4944175059012,1.380231074858993,0.033947626827659005
79684,-3.7009437471908413,-9.212766025472199,3.6235902872141277,1.0082276489454607,267.49946150768494,1.6000783322395868,0.033949551227423845
79685,-5.242315607324894,-10.684517760686738,1.6180583989686863,0.8361971449839221,212.88377044454964,1.058346428362828,0.033951350797610205
79686,-6.56487457751303,-7.247628814884698,1.7445859842271458,0.5545463418196381,164.4497190582492,0.9941192547079005,0.03395752689390874
79687,-6.04229714607904,-8.042763621217745,4.914367117194386,1.1215635150399572,287.93917164656204,1.4383858429610425,0.03397562393806737
79688,-3.7834463167476766,-10.131634065914724,2.5769047231458555,1.799900419341391,427.00373364374263,0.5559677069926439,0.03399072281392128
79689,-4.740781565257044,-10.24453347656386,2.4763026487638724,1.6318127422927562,467.8695681324861,0.6970175929492983,0.03399142767451983
79690,-6.042679084911359,-10.581910744431264,1.9086996508993928,1.8622948210646346,469.6361733755433,0.061974597184233815,0.033993632018654595
79691,-3.6019359209011457,-7.801750873630314,2.478657670442263,2.312804341000827,438.0991070286844,1.744524047274676,0.03399768146263365
79692,-7.349309995897854,-10.113187351580265,1.4478104780465488,0.9445271980120934,177.11969468204393,0.4328507206393075,0.03400176894187455
79693,-5.480736530499899,-7.928872108359959,4.695320258384114,2.5300063066211047,308.1268583062291,0.03583287486715481,0.034002051595584885
79694,-5.803848435649006,-11.556394016131136,1.2562331865207166,1.8146446151670779,468.00782979933206,0.4166970873964937,0.03400484990292283
79695,-7.768803559925033,-7.367065574137346,4.752585501609295,1.9219660976353539,230.82217535091831,0.1404143561270388,0.03400814384425322
79696,-2.9335344882392462,-10.611505458834412,1.853308963043821,1.5515952546247875,367.08896140299464,0.49095370341029376,0.03401103242676189
79697,-3.0590403969914295,-12.217684286740452,1.2222833307050698,1.8140683322794333,432.37719374667114,0.11334880487112997,0.03401179354146704
79698,-6.988550019983615,-6.0935111026915445,3.522634259343293,1.0462151508624813,274.4726798117664,1.6786188439494873,0.034012328480406126
79699,-5.618842377670163,-9.142303158302203,0.06386943821350899,1.82207517082481,468.0311427731214,0.031130965332769378,0.034017012312112224
79700,-2.4269306190318716,-10.541624150530787,2.116922382205273,0.6203218054114,132.5786457650953,0.28007110197698726,0.034024022142403965
79701,-3.397203719012774,-10.517117978104308,1.7727170245748347,1.096182540656095,218.04417450365932,0.4759141557779847,0.034024028855620086
79702,-8.828923066804862,-7.1837252452694615,1.9205791124525904,8.666043114448566,575.9475496507342,0.011071606096133557,0.03403215403920953
79703,-4.001167011059122,-10.444946607116137,1.9905643361738072,0.7957461644923783,470.45599315312063,0.22835828644127787,0.03403547104415162
79704,-5.76254860689601,-8.455756330738215,4.5984122947932065,1.626481391397775,395.0733489671408,0.24489661942476726,0.034036212531214194
79705,-5.4757094662522565,-7.585652652036699,2.54267318365888,1.388557852705764,311.0377958324229,0.45975435869118986,0.03404367489253695
79706,-2.662891007284017,-11.407167790441164,2.681628036597282,3.5137977330325327,531.2983159124623,0.6785091216822643,0.03405505582813422
79707,-4.407951957125658,-8.75451951221635,4.134547193491111,0.7858297177207001,135.18998634016472,0.14394685775825344,0.03405676293699079
79708,-6.759204060401903,-7.711969749252801,5.131311808450198,0.9972955903022174,468.1141561618449,0.3875364295272403,0.0340581962850298
79709,-5.772999836578357,-7.4159267276530985,3.5938758905656503,1.2972596400780148,298.1059196599255,0.43767355389870044,0.03406537344909425
79710,-2.5759587456547486,-11.274296126102882,3.0614587517118457,1.044708105601992,467.78722632274633,0.04186700486050565,0.03407011811733211
79711,-5.7293769933516225,-10.298485788324587,2.5128219381406107,2.1909385652691076,281.64272530315725,0.055414671101392976,0.03407220635346517
79712,-7.106608460077954,-7.229310103113283,0.6515835283130553,2.010777885973612,405.36997924948645,1.6668980338236752,0.03407381474643812
79713,-3.199449872156121,-7.911468653239176,2.046598922171317,2.0675882137665758,405.96578596861235,1.1050649248719093,0.03407421437118522
79714,-6.645582582252799,-12.475639920802266,0.9947247381974021,1.1971446825024972,467.04653145512225,0.22719674731882122,0.034074531190111466
79715,-6.486093573523297,-10.107350374288433,2.7103745195513294,0.7195548585042957,468.8085241211,0.3301898915703463,0.03407697143574027
79716,-2.8020485762420186,-11.400675962040285,1.4454597457885863,1.1286309045535132,231.30523053096545,0.48482402180273976,0.03408191517060909
79717,-6.143526521232131,-8.935751221240146,4.13016166588782,1.8981608484287664,468.08355316288174,0.5517437511677548,0.034082683753665084
79718,-5.747968262330468,-10.325112304160722,2.482129854672873,1.0769616375179194,258.6450332728045,0.36187305505527956,0.034087182788910535
79719,-6.86616176088824,-7.480383274601777,5.150782726632109,0.8116607479464324,162.4745197000265,1.0626024997698176,0.03408871230602239
79720,-4.773907769969304,-7.894514758461442,4.384095610097952,1.3553412009548245,318.59967262523645,0.304074301026116,0.034089636984781985
79721,-7.221969958469191,-6.933813485059474,0.5996107699718886,1.1216387950436135,467.4264621768119,0.6704044606671165,0.03409340426452456
79722,-6.212193045956292,-10.574813758270855,1.97749477896309,1.0402807060573993,273.0947472881158,0.3408485319292316,0.034106462999961264
79723,-5.67270058874983,-9.34115492984474,3.617706169281306,0.7929209660176841,158.06522748610226,0.1375706624148476,0.034107344762086704
79724,-8.891329641272685,-6.551649145726187,1.8161129857712162,1.3531089677448402,236.25598862905125,0.04073250322208377,0.034110061479420126
79725,-4.7269976864569845,-12.92539140211799,1.1430924698052374,0.7293985260601064,161.65138590111957,0.3102066537113082,0.03411050320928958
79726,-2.569183534197447,-12.81335515824059,2.0646354079876104,5.79016846212803,288.7554841697729,0.2859821034811514,0.03411348581979339
79727,-5.624906130071837,-10.423989440256639,2.3294847225813538,6.274337107695368,676.9243077036962,0.3323736205406176,0.03411358185024373
79728,-5.599338531946765,-10.538234055669768,1.9979207103425074,1.0394786807780707,271.395033273209,1.4356049937435893,0.03411612106420459
79729,-6.772163958634552,-8.193774669663348,0.3358498243489997,2.8417201616388916,485.25458679332917,1.3484865102193728,0.03412485704613951
79730,-6.920479616722402,-6.716513849205849,4.552757891288447,1.1590347925890634,279.4145575155687,0.3914877296089925,0.03412877105816346
79731,-7.244110516139116,-11.254624564467987,0.7255172446687413,0.6688171222074021,170.3803657494858,0.2869848980304237,0.03412958162115468
79732,-7.422650840479054,-7.374561059220413,5.067388042650319,1.841244790632074,466.9223796532454,0.36115659165990355,0.03413671076343479
79733,-6.435803480172842,-7.211434106433694,2.0830209056863604,0.6257742572998384,172.2665836495597,0.2948643632654733,0.03415566419260147
79734,-8.162024574994751,-7.733620809413257,3.7006759272686915,2.404256807278206,418.9193255493047,0.25256617401716674,0.034157534179418664
79735,-7.982087253317945,-7.62959732187681,4.190703765098058,2.0453527358283683,409.8390952897469,1.8976837400847453,0.034160047041557486
79736,-5.036503618147061,-7.692636397069682,4.056071379005441,2.283492007566965,436.74777665076704,2.2458591104086008,0.034162971639688795
79737,-7.260698059639541,-11.175082092508699,0.6990070585682333,1.7883573147624239,426.6891105168309,0.5558391976406698,0.034163535252905615
79738,-3.27479099790877,-11.292071323606223,1.3598195137293372,0.7920360365797352,427.73512673215964,0.23463971363798475,0.03416577811313868
79739,-2.769767934871262,-9.186834878398685,4.098516182361542,1.1481730385980022,294.3393725556448,1.1076221697340554,0.03416740020311711
79740,-7.033109477819988,-12.438329250987941,0.40354873087484777,1.7900862773404278,469.9260095624978,0.06006922241482471,0.034167458502859654
79741,-6.725137574952762,-7.753356427895667,5.116836452165604,2.257321159032632,432.2456350033724,1.7875342414542699,0.0341730727422928
79742,-5.949683889077929,-10.083219249464316,2.782855606494725,1.8247243823543455,467.6877445510744,0.44680746792102166,0.03418103331183545
79743,-7.113379805160542,-5.390310341245375,2.5811813447442806,1.1415565919042943,292.2525463925521,1.064466939010532,0.034181768892016406
79744,-6.768854393402397,-12.012624771194346,0.2850357653177783,1.6505789227883383,384.77473550409655,0.44134691147112104,0.03418695845442549
79745,-6.220631387252894,-9.31668308201727,3.669697971757504,1.3628900646065791,328.2973804657553,1.063222775750826,0.03419147755604226
79746,-5.429323789289934,-8.75500457118327,4.253333487645384,1.0710058784642946,280.6876032599779,1.6182959379318556,0.03419161383219044
79747,-5.756838822379946,-11.478542529535618,1.2774696780247206,2.817699195726722,484.6964649362266,1.6745013652847236,0.03420116996610181
79748,-4.785773833827795,-10.873527880097255,1.4926956807288914,1.729155787337754,408.1309157909415,0.5423800184308485,0.034201290647224755
79749,-6.626995481188494,-7.517729541752772,1.0797012854497572,0.726966608601563,146.15676894267102,0.8349321862493859,0.03420625576712092
79750,-4.743794440056979,-11.631596600070482,1.272408226076304,1.5161065629358415,279.1733611038523,0.10424857817876276,0.03420803808563447
79751,-7.082954601217294,-11.916603196846307,0.692350599701715,1.7838677023905927,423.4040271871631,0.18056953436765522,0.03421400020040351
79752,-7.632040840278466,-7.222648117245407,4.9760402681011335,1.0281804408473416,265.6345749691868,1.1580068214863841,0.03421475057834336
79753,-4.733482776502209,-9.887831835136264,2.89528482859377,0.9366926049920267,186.78742620327958,0.34295716641313234,0.03422394629767989
79754,-5.621188421524737,-8.70164722801722,0.270252948331573,1.166554424242694,302.6033671621302,1.6227894157610327,0.03422848050031957
79755,-7.234411689769601,-6.634665520065837,4.957168585653254,0.8799850564174704,189.8785835447136,0.2897235982771802,0.03422939554637239
79756,-5.819386216732313,-8.661270807697928,4.407651480450963,1.049073442965163,284.070937316234,0.6833577915324858,0.03423257435398293
79757,-8.466169297111248,-6.6954143671585316,3.920420280437411,1.0181265522235798,396.36582777701875,0.8071416504206983,0.03423294238338717
79758,-3.38202908941134,-11.973480874700272,1.224098169060991,1.3345106243574147,308.9523335637678,0.1903247766715941,0.03423566414674332
79759,-3.345954027035348,-9.832252130389719,2.907322581478935,2.0686271296383683,406.57359156123823,1.1520341188274719,0.034237157679924454
79760,-5.205069422582827,-11.033222179437686,1.4257313814714956,1.5551622793143738,366.44724742798667,0.5556744381910486,0.034247324198821476
79761,-5.90173170031219,-8.201013268348682,4.805678941743365,1.334639192364665,320.3310367568443,1.2649899285407775,0.034247396659670186
79762,-7.66132729581742,-7.709619744909103,4.593517877441469,1.8386980533395383,467.90615467139565,0.5418773059836424,0.03426143666110867
79763,-5.977650580661623,-9.03452709630934,4.0034080849524765,1.4027123434978936,468.08653070656646,0.8104392377032035,0.03426204144901831
79764,-5.84123597663704,-7.575015444456233,4.484052775319843,0.8603557494074808,469.1689892595532,0.16653482242616668,0.03426515280939774
79765,-8.84003504297586,-6.1089824091907055,2.7992176452235893,1.5308187897966832,468.6628847588111,0.5626824523441067,0.034269729013799176
79766,-2.843728738176833,-8.281401989065785,1.1874546152331298,1.8626003336956927,469.76775633713595,0.13999821458774164,0.03427023887595881
79767,-8.901854948592923,-5.488177490797494,1.0427155931465801,1.2695515980418972,270.34593808161117,0.466279958223911,0.03427242738968267
79768,-2.593893009958367,-10.434484306289818,3.367538644001456,1.377247664901608,309.9681000572797,0.5676984380884624,0.03427476215844461
79769,-5.639867011738611,-10.373153717435724,2.4085594450064924,0.9162409036069686,467.9441051416391,0.9331294832892061,0.034286058139168865
79770,-2.993699934304197,-8.015810585239155,1.9760965320603097,1.364451928819716,325.28124680406216,0.2244821849148666,0.03428624124700439
79771,-2.626036699267635,-11.660009322001855,2.7697985479442515,5.436679173658334,524.2746959698297,0.08542346326280814,0.034296464224785723
79772,-2.74820105453464,-9.358108262042819,3.973586080876889,0.5753665534616969,119.64192456438568,0.2520562463244582,0.034300175867232045
79773,-7.195520977322584,-5.894377303137479,1.05205229596997,0.7407789148938982,152.1978766737904,0.12473799261840757,0.034300343402737465
79774,-3.5711415627193634,-7.832273020142255,2.3726474752671782,0.9587006292201031,259.0590431126233,1.2835033256499617,0.034306147161237234
79775,-7.697080965844343,-7.9038379221423885,0.33342322213128367,0.8934794569796402,231.43814528913654,0.7379906602469655,0.03430833279673351
79776,-6.789782714678966,-6.59484809301914,3.77823580252932,1.8846255878006657,468.74913349122033,0.6451725366256893,0.03431079814934532
79777,-8.433694051543668,-6.383909265733487,4.0407031824807556,1.3049545259027218,293.40918928266626,0.47722387103690433,0.03431998816251861
79778,-7.109223817003388,-5.703569307896097,3.547167111973877,0.7297901192954608,222.18734641608177,0.9603296683005063,0.03432045525869926
79779,-4.228174743694791,-7.975479340998819,1.7929747945067847,4.262556629321482,385.9472714553509,0.06289620377847083,0.03432296489234717
79780,-4.661090058523714,-10.397561141674027,2.2003755837243655,1.0802847856730051,391.8928997008164,0.5415202187145711,0.03432603510203532
79781,-4.253383511307711,-11.163425846070638,1.3912972346390036,1.0886518055303773,287.8716939389987,1.6292711565091684,0.03432609127143275
79782,-3.6898205709934695,-7.743654286018028,3.3748369984703546,1.7506844216487043,414.6988235141404,0.11193327479071336,0.03432727866096901
79783,-7.675180023209423,-8.097736911504281,4.122989390417509,1.0927295924593596,283.1908403527844,0.39115848418155164,0.034328687941063016
79784,-7.598403722915281,-5.235780605660217,4.565921686514129,1.8634233861167369,446.1581205596372,0.5509660615130283,0.0343291603706804
79785,-4.225812306536793,-7.716969287801869,3.513738874438442,1.030513608243572,279.7054653887448,1.557377230669446,0.03433156992423905
79786,-5.788302775619096,-10.06287061094611,2.794897827985775,1.049328571064854,467.5158960591614,0.5463913674734293,0.03433352565052959
79787,-3.608624299446248,-7.797244246392583,3.865258986305889,0.8177143437146406,225.45647313075136,1.41153961960977,0.03433662298921011
79788,-4.847039552039765,-7.933588751838058,4.4511564749087436,1.026871338034427,272.9580064115572,1.3037768229505309,0.03433715560673391
79789,-4.3422963934600585,-8.133850349437227,1.327598706090908,1.6784749530435246,406.41764641587747,0.42582910744560376,0.03433762737851278
79790,-7.322146636173912,-9.456418486834046,2.759921298035031,1.7145135440967239,358.0571580425088,0.861053648535048,0.034346369254619126
79791,-6.2649111997597196,-10.40799650961773,2.375360360898431,1.8440105984591275,467.67206943521484,0.9253193626230702,0.034347396636251346
79792,-7.444676200806532,-10.64269856523721,0.756518151549237,0.997752937321975,258.23405941685365,1.2633995600039016,0.034350675964705514
79793,-5.790125635843519,-7.5915941052722316,2.0991898901729353,1.6067778200586278,264.7573714933716,0.006327819316790162,0.0343519444071488
79794,-6.418434984302523,-8.148182968795918,4.923680335435598,0.8741528299045264,467.2183200450169,0.5100571638117897,0.03435540647633765
79795,-8.871170816975503,-5.098902848479278,2.562894794983287,5.434002010825046,297.16429691767604,0.30770455583564704,0.03437308535109088
79796,-4.96722211156539,-9.2936583788922,3.5956258120227713,1.315879583652284,325.7471340995546,0.3848069261636544,0.034383024534978185
79797,-6.422366139320984,-7.142984050095567,2.388648315379206,1.8549201431415532,467.67394906904923,0.7902846920815092,0.0343910957139951
79798,-4.32912466837406,-9.79778359750588,2.975664470452752,1.664990082940859,360.39003944629786,0.44910311171829687,0.034393843083854514
79799,-7.164780760897633,-5.024176232844559,2.95203819373188,0.7801273539004143,172.2703575848178,0.3262512598050309,0.03439781365126421
79800,-5.968064317228151,-10.55004476085148,2.0900596576407264,1.1570974859274368,283.0352145369629,0.23060921197023543,0.03440205010226241
79801,-5.1637613418161585,-10.580479486436296,1.7283433476634005,0.8468218698952366,171.55518946867352,1.0015061328883101,0.03440308670389674
79802,-5.985759479386408,-7.310514645841779,3.362759611312174,1.123479435456233,196.9873728408621,0.10912986318512541,0.034409116734031145
79803,-5.94893004915095,-11.586262526555227,1.23560566605795,1.906847340244533,467.48352268954517,0.5886550388558556,0.03441811955881778
79804,-3.1245537581732394,-7.821289317095823,2.8107776681564594,0.8774895324840188,177.61653732763727,0.9619142031123298,0.03443041708229426
79805,-7.630903735760415,-10.180820123804303,0.7723728149529507,0.8723083245803667,202.61110332074125,1.2292469090172213,0.03443254738506694
79806,-5.723160089755584,-10.251295978706999,2.561991968354583,2.4009067874127994,447.22847671801014,1.8831489746663115,0.03443343453949063
79807,-6.734312404136379,-7.832062676464485,5.087121495484169,1.1210362716496205,467.28594613083396,0.7807009122421507,0.03443389724947829
79808,-6.80530900820796,-6.899813300668115,4.587794880890109,1.0613085061436356,284.16237998139974,1.6468138942190231,0.034439740476681656
79809,-6.976537166204659,-10.284054736507747,2.060597019975184,1.14413760700065,293.3895007583925,0.9269304392312199,0.034444838532889224
79810,-3.161141826089957,-8.674935600850986,4.202923389373981,1.021048487145585,274.919068047397,1.8774815479618896,0.03444505074777694
79811,-7.146703333190033,-10.088242518693168,2.1150563758002727,1.6773327716868618,393.2897711234783,0.3753068148944978,0.03444820063870737
79812,-5.34573590536475,-10.865933504344207,1.4904580130253609,1.5488759572696322,144.49826216718486,0.34622901642729786,0.03445648389933532
79813,-4.67611039284392,-7.714812840774366,2.7327520901269335,1.449071050473028,330.05729048541104,0.07425690751253367,0.03445650434024858
79814,-6.091577251454107,-7.2644709239279175,3.675877213377128,1.8214366543761478,468.2882811903588,0.18325361332876344,0.034457897032582493
79815,-4.598714276181694,-8.183954425972772,4.494747984053427,0.5092353924694921,139.6432476046753,0.9674200047705845,0.03446191704444389
79816,-8.354181269182252,-5.992542839042701,4.17168688278918,0.7110584077596986,133.07903992817714,0.2924803159475111,0.03447297318178014
79817,-2.871723029503155,-10.577321404000337,2.4341034860934263,1.1919471672744473,288.72562644346937,0.7859102066878121,0.03448029300828622
79818,-2.8649604837257954,-8.130058522434267,1.984029781745664,1.5669166828407297,363.57003287549026,0.5242081749255041,0.03448919188560335
79819,-2.567208030589957,-12.460023924856783,2.578159939538443,0.8094590431552088,168.25181300191642,0.5428612225097309,0.03449298354044889
79820,-4.948497622608267,-9.226750293552268,3.6593625824012705,20.942534024208406,835.7520880445257,0.19744181378483816,0.03449534191725768
79821,-6.906050034216943,-10.362744745051717,1.9568310289262756,1.8485442004813117,467.74587995442073,0.41882631985229146,0.03449711748323852
79822,-4.975809127511331,-9.784768219683695,3.0249894122454455,1.2472957599793724,315.1917997476538,0.3172798510954813,0.034499085254122375
79823,-2.5773778536341228,-12.207535118766197,2.3385834415991464,1.0855872565478062,283.04031940895356,1.6296820030577353,0.03450456477162747
79824,-7.53179063839649,-6.357375209457698,0.3101878951363196,1.694925638758674,398.38280483381857,0.8077642356636527,0.03450496434522361
79825,-7.158694293971733,-5.827357069850376,1.5533886227592828,1.1116312479022687,467.5558066153402,0.8014240366428744,0.034508581415623504
79826,-5.091030814820182,-7.906039036474837,4.507323296155958,1.6286659900349567,381.02531492625826,0.3458491835519535,0.03451441230945965
79827,-6.4305814613630945,-7.08256403751751,2.5787200039991682,1.2086979398009963,247.56754198399156,0.9679185179319552,0.03452055418070795
79828,-4.571018401079366,-10.736917119215182,1.5599662025554457,1.7397622409853783,411.7713531109664,0.3242842581227796,0.03452811570881699
79829,-8.174033000274182,-5.519182272931055,4.381891888598549,1.5020448348818656,265.0451973071382,0.015466188764160727,0.034529502868358444
79830,-8.56769279020378,-6.99711268300861,3.503624059839954,1.4289221871251299,316.30884988412765,0.37966512310062583,0.03453450339798013
79831,-3.2255078708070037,-8.275648447922164,4.404064507965932,3.097662959758371,501.9948019194846,0.9161111453182551,0.03453766921272283
79832,-4.724602588022733,-7.672541181900041,3.044278465657195,0.9671420213392403,215.1318461683218,0.1077012719793462,0.034540113017008406
79833,-6.125953455821291,-8.890617465060858,4.174603186549727,2.692573458440175,474.1369537767515,1.841510782390844,0.03454012110490736
79834,-8.426627805075887,-5.179477588208631,3.9089432207138435,1.0107031539325602,274.4452832742052,1.7253177910154198,0.03454445792376491
79835,-3.6294119979239383,-9.064039676772094,3.7697802490937034,1.4879579171486534,338.2438137177709,1.5381305420450788,0.03455300155471579
79836,-8.192071876531603,-5.540873403853287,4.359656236545129,1.5376126963494257,323.5614118882745,0.6315394413564865,0.03455948707445434
79837,-2.478785736808619,-12.236234638484461,2.449810846921115,1.3848728763109115,322.92452087173046,0.9128240419269416,0.03456008759800942
79838,-7.417575924914946,-10.713784651190831,0.8220122045109503,1.6703727955282544,468.6028607550164,0.6710762938060659,0.034563398712797816
79839,-6.867892222576665,-7.742272569985474,0.5875030978430703,1.2153042035768502,257.6538854401618,0.9032631958739366,0.03457878968169603
79840,-6.458925498202494,-6.990829324511262,2.976038410114848,1.8723322820328492,455.74071222745033,0.040985542046272805,0.03458783108950864
79841,-6.433417386624854,-7.42703461684747,1.6314069791745909,1.7554176621775066,416.7841265211212,0.9239423898827903,0.034588063586429664
79842,-4.36994040776225,-8.460379555894601,0.6539535925678327,0.6622774522752581,180.90625459147685,0.5865565604323884,0.034595248311372
79843,-4.776780444020686,-9.20291979974401,3.671082060996692,1.8442948321992143,442.78838430846827,0.07497226785806266,0.03459748386867448
79844,-3.0430819166440335,-7.934998469231411,2.2511789862183176,0.7683559929795973,152.7192881137163,0.03791311258610808,0.03459894158759381
79845,-6.461272089759718,-6.972624779046349,3.469584646832215,1.3518638182640976,307.91032276143216,0.1531531015339027,0.03461062618973145
79846,-5.25430664064754,-7.755624524072719,4.365132812033501,1.8297029906568645,438.23132029807454,0.1134687370164551,0.034613294917156645
79847,-6.598320868758933,-6.826847233177017,3.5379206704874067,0.5310780527479831,170.81694091581883,0.3287837016767492,0.03461466538567655
79848,-8.242659223413117,-5.674478385170109,4.309035207935684,1.16500091020166,443.50671898954784,0.23246907476612133,0.034617877806777185
79849,-7.151345453312986,-7.059549851676171,0.6733414313115851,0.708864209809996,468.3891230835077,0.3662337278584884,0.034621596521896156
79850,-5.676401973244406,-8.127487086320182,0.8784301759487864,1.2088120237918778,468.7383676897669,0.32738692177141804,0.034621957641607824
79851,-5.096194396125801,-9.488604185083306,3.369908614117342,0.8794300256605864,467.2948099449591,0.6009745834399549,0.03462566986054886
79852,-6.489934560989639,-10.175475543546007,2.616333846094936,0.8879347335741786,467.4286699681035,0.23165829624702283,0.03463294759584962
79853,-4.335245882046298,-8.53951951459865,4.304963959873735,1.122087258071259,466.89737511300854,0.7567908207387353,0.03464252661718743
79854,-8.823240925658702,-5.493044117921405,2.8209632701758087,6.02657530357439,537.4673128188483,0.0636544931220584,0.03464425205995386
79855,-2.8897916348537356,-10.707779099796207,1.7260113755705921,2.404062818348433,438.69045668161965,0.9160837130167439,0.034648284493014055
79856,-5.092771173719099,-10.337600091084159,2.364986591215745,0.7777926470446279,467.8714756532524,0.2811120976169521,0.034651573452617976
79857,-3.324267409459737,-8.207376912466145,1.2101815403338028,1.3897708244947353,304.0452400661792,0.6579484403509497,0.03465600108520423
79858,-7.381446539269248,-9.596213871468281,2.4420971699585388,8.562743716670564,384.22362163357457,0.2471930562602438,0.0346601743304787
79859,-6.996772489911928,-10.253828578946933,2.077959313488886,0.9265407669899999,203.92496195237192,0.015347486407033983,0.03466706327054112
79860,-6.245504063556517,-7.676567156407442,1.37394521814502,1.5288537813532186,344.9716590882363,1.536962035475356,0.034667984466036646
79861,-4.138592983609986,-9.408852799913294,3.400264868057208,1.1700610699027099,255.75893275658146,0.9526866572184405,0.034673678309154604
79862,-6.217662566044451,-11.673551844778512,1.1888762323073108,0.8988011143332582,197.94469046844372,0.4053705905997367,0.03467796271702353
79863,-2.419456412239441,-12.576937699134028,2.180712918368291,1.0641901941198995,467.33683677865645,0.0671805922712414,0.03468051122603726
79864,-5.677134539616034,-12.358580676605511,1.145592581314039,1.006599823824507,277.334664611111,1.2557028859099084,0.034683654680723576
79865,-6.349863221836964,-12.92338128133083,1.0315248107027504,1.513199993029249,343.09360546174497,1.467139343229145,0.03468487562108441
79866,-7.19762485113689,-5.138128855203789,1.8050666883979913,1.1102272504998398,467.503838544271,0.9031982347950249,0.03469457744649885
79867,-6.2536976506896576,-7.896617883987403,0.9184114739317516,0.9758014378201965,194.23682271852843,0.536346960925302,0.03469646973643604
79868,-4.482266519083206,-9.412747274882813,3.414702212856791,1.0869944168154042,468.13829154739284,0.5802884441287786,0.03469705414118255
79869,-6.692740655042729,-8.812390865524435,4.177779292706047,0.8605132615193944,467.9514150770977,0.3486517583052686,0.03470023757073556
79870,-2.390828053856869,-11.64580180819869,2.0124239910618766,1.6877479839903105,366.4879373877964,1.6112893090813563,0.03470238329408131
79871,-3.4514158289441337,-12.628818624926376,1.1607595266147297,1.0287979302117054,279.7144282233081,1.4805476129419946,0.03470314900587514
79872,-6.990280828692155,-6.100125135951289,2.3786634475287065,2.7101002464757142,336.137759014662,0.010457591216415096,0.03470530998393506
79873,-3.144792644463303,-10.393654151635484,2.125596453575332,2.864479251805039,466.5376429543412,0.208750914315174,0.03471129034208956
79874,-3.9627754807201416,-10.12360324876966,2.572504337108254,1.118367864297722,295.42397442409975,0.8217961918955448,0.03472137016516192
79875,-5.618521199214421,-7.78222347727422,4.634807781474058,1.7834509542623744,423.48711117106456,0.4004539558370377,0.034727936951862125
79876,-4.2720883669920475,-7.714262736824298,3.151262762772559,0.5828391347330069,169.08715958046835,0.9419316670032325,0.034731503583391415
79877,-3.2691935087092094,-8.831716782902081,4.020330729125023,0.8729520340613368,468.46782752357416,0.907019956516157,0.0347337486653043
79878,-6.348413056103318,-7.635785737415371,4.9809699440253565,2.114297143334116,400.68467222571763,0.4593232064196089,0.03473714360557582
79879,-8.805910232783969,-7.338522281713998,1.1876706829932333,5.37002510382075,625.8989903130566,0.2587635157713688,0.03473827526070231
79880,-6.598089790166128,-6.904524760246218,3.999936801390627,1.3260215981278654,286.4431923374065,0.5655746267033974,0.03473965946235793
79881,-5.943007882005766,-9.374726705045882,3.589856183937961,1.8839603576393755,453.34119035017915,0.5029256187131539,0.03473997925764308
79882,-5.986285372112892,-9.212088748776745,3.7843750661051283,1.2787858108484624,300.8716003857639,0.4827587510564397,0.034761431112117366
79883,-3.968102400270153,-10.175909276441896,2.5071798758814112,1.873123051366672,468.26718407462266,0.39695658223321306,0.03476687637529331
79884,-4.627062809140497,-10.195454798285652,2.5189545450706596,1.2636639110063932,313.6298518329592,0.6588480687839438,0.034768513440570435
79885,-4.152982520441574,-11.031694456890719,1.4277663411290349,6.135599103820068,674.9935562931688,0.4089648845854601,0.03477516034416822
79886,-3.5717138079368382,-9.760409000389469,2.986514920144934,1.6924074928691362,438.8087826760154,0.9114337574851961,0.0347803960965286
79887,-4.2386827314076445,-11.984685690764373,1.2179778608343073,0.9760270571999025,266.3672393074734,1.6285314238733593,0.03478088326054796
79888,-7.174092171088105,-6.595572374918168,4.8497102201607225,1.8241045722743827,467.78405033164086,0.4983856799821682,0.03478401040932791
79889,-2.441250846403001,-10.578985842975781,0.5951673402324831,1.491459387485062,299.636793214351,0.5493337811321757,0.03478566497064642
79890,-2.3854799917691167,-11.969393732700233,1.9599738694262492,4.222596911640527,578.2711251574775,0.6489450720822267,0.034786027116573685
79891,-7.209746843762855,-5.258234986590312,1.631517281199756,1.329773739458298,325.22219887906715,0.3040932495000961,0.0347876719898014
79892,-6.12104338992985,-8.413959239818384,4.6796063506842955,2.5366408151722717,458.45557258916165,1.5490753197448894,0.03479310790850955
79893,-3.312011701126063,-8.094916908754048,4.3587297185862885,2.1641130031707823,423.2429994540389,2.0529408616358635,0.034798762242224675
79894,-2.573564676754069,-12.505461916087361,2.6872163777602407,0.879551975382342,247.9431761920631,1.0164355819458963,0.03480585399244824
79895,-3.1924199302882927,-10.35965958981424,2.18512763304548,1.2150722479171667,268.5172449178445,0.4102698623601606,0.03480812251637195
79896,-5.076317611093213,-12.658407564429567,1.1443660992895437,1.318611512281727,282.0646555339006,0.7882509257942969,0.03481192646140141
79897,-3.2539352844081897,-8.511177950977,4.289649777745003,1.6215546179450093,468.24217366225156,0.5711863802248827,0.03481328128760788
79898,-7.161315179283898,-5.109648645342135,2.993443705468733,1.574972901946139,361.8734322323449,0.5400277282130697,0.03481587554435911
79899,-6.672618834412312,-10.175700513622992,2.527577985603875,1.8154020916198315,468.4671791371399,0.3901787173075286,0.034819417710264325
79900,-8.13776813791522,-7.108258795859132,4.372105553496746,1.5349657130010257,345.0769958034387,0.07343931458386166,0.03482585032797509
79901,-6.239063500259701,-10.126700112423274,0.05979600278396033,1.75449308029414,414.32720005947425,0.5147510929577868,0.03483086601554157
79902,-7.226096504522875,-5.970631317621933,4.351804989816331,1.830072321105886,436.0164751655397,0.5259701152431111,0.03483463513346195
79903,-6.362766867973152,-10.408279092485252,2.3408346160184434,0.7530998795498808,467.50786947080064,0.5156305051906225,0.03484208370891025
79904,-6.9194396574633785,-8.712075527061927,0.17044615023224782,1.4831951723101904,338.9191999297415,0.27154867769082713,0.034845158246273295
79905,-2.8169357745700196,-10.667026314239532,2.0157224301719263,1.1768999656649377,271.5785611196328,0.4132768881680233,0.03484516747194214
79906,-8.013147789571404,-8.169290762806853,3.361362480590915,1.3447898398055886,310.70335588136726,0.24061194730308966,0.0348452024479602
79907,-4.59196568301616,-8.164175278532205,1.180879036173105,1.1224091498892506,292.84024261492476,0.5851686135218808,0.034847907842316825
79908,-4.699792924699022,-9.071211080102692,3.814012277876431,1.0595710475429605,279.1724127234592,1.8109244298569402,0.034855026369623156
79909,-4.395160356243496,-10.54610385844892,1.7257024120720534,1.1865505921323305,300.9702627942759,1.6008618248982946,0.03486606220165386
79910,-7.187144419259957,-6.651313365373589,4.899011674713243,1.318284870592394,273.60780202859894,0.41928177019872326,0.03486848199750259
79911,-7.138986779966344,-11.648370724502275,0.672135883229536,1.7182093177892475,362.22726763355536,0.47836670829352723,0.03487415252256219
79912,-7.259302577603064,-5.1521189181932,3.7671273247208608,0.712703503080477,132.23182904057487,0.16823758052058668,0.03487481461339411
79913,-5.684260075124159,-10.61439645649749,0.01850732611554773,0.8761940287110889,241.88427312470625,1.0747159521069634,0.034887870949465986
79914,-6.265961237824007,-7.3080075088511744,4.399635972762982,0.932085978791774,181.7171359410461,0.13513362935985906,0.034906324096153685
79915,-8.902476456435455,-5.419963670616164,1.7250945630247114,1.0138193860773872,468.38529869560864,0.5307973477738406,0.034908150746653634
79916,-8.31877489634251,-8.681348786603404,1.1789855077272264,2.6064473944731787,466.8944065567892,1.9762396861473155,0.03491030577804861
79917,-8.250279561969624,-6.329332846014992,4.37922756984349,1.7936162985780442,426.4297246735719,0.01856630981633689,0.03491210066839823
79918,-4.670400917727142,-8.300673423344207,4.471532178024556,1.0455365770201135,224.21638061980826,0.917497638177788,0.0349142098081929
79919,-7.495369120641048,-10.292142271707993,0.5050141762109503,1.1401038834117494,269.2343513033897,0.42422601985664343,0.034915467470788185
79920,-6.36081444049579,-9.961643290519575,2.8919241192678617,4.215408310918632,580.2546711721425,0.7776438794993696,0.03491613640585657
79921,-7.181128814579888,-8.166650185592191,4.621622407509263,0.8554143757455215,468.2156213490865,0.46786917170125175,0.03491924366503649
79922,-4.501646630480899,-10.92142366075499,1.4669628728227573,1.7731028376398323,423.1238251611882,0.8696355000500295,0.03493894404421827
79923,-3.2420006770853487,-9.719457475055869,3.036019538623873,1.9417148288213035,382.27304066802105,0.6770120717763826,0.03494059018422056
79924,-5.111947310838506,-10.377597553138406,2.289995640919995,1.084023535167911,285.77546315479833,1.3693854072780711,0.034941045359392825
79925,-6.902390677401096,-11.933584716741688,0.9316396181398586,1.321203371860661,172.0181639152133,0.26309703819523467,0.0349459069698154
79926,-5.426884785695487,-9.33903003968291,3.5781187006850073,1.8872275672228762,454.1850056177994,0.5151820450403504,0.034946885417307345
79927,-7.246743916258758,-5.286252675406409,1.1616520486528468,2.5296096306061626,449.93781376090095,0.8611316527422241,0.034949362724336686
79928,-5.792041869341945,-7.885890542422594,4.79823761689904,0.8628277100571926,467.49030105607585,0.10543133192286192,0.034957623161380735
79929,-5.377195165279269,-12.153999267319998,1.1781264710945933,1.8333192740845776,468.09460465839186,0.7277995630702181,0.03495912743995719
79930,-6.369499698936035,-7.727550305198304,5.022441852623845,1.0084482145709366,265.76060115932023,1.3830215871577822,0.03496099424485757
79931,-7.668578947008818,-9.657118947202711,1.4737341572990856,2.935539188576668,485.9083883540126,0.79054217330554,0.03496549421707157
79932,-7.034168009719576,-7.668228889878227,5.0981307398619515,1.1258342202379297,279.39452845456776,1.1717009943638201,0.03496833736740214
79933,-4.607525404160077,-7.9319597523502665,4.351299659924051,1.0910761084738614,283.25372584746526,0.21708489940498854,0.03497512161203753
79934,-5.737823098113795,-8.645173102492365,4.394282646987165,20.01731500378552,865.9445445914942,0.2484160644549478,0.03497889119962374
79935,-4.283218009819389,-10.46853661309812,1.8644213700121002,1.2128391901223956,468.6021251248573,0.577697535988424,0.034979639115449275
79936,-5.0955838536922515,-9.848403714275257,2.9603510486701534,1.7187815458114437,404.9106889062777,0.584360338862207,0.035004909469134565
79937,-3.1509265283193075,-7.812407098472029,3.41806854677432,1.7982983848405316,430.07669807292353,0.8565757495212818,0.035008634865466105
79938,-3.8825617945826814,-11.82407860379898,1.2404203335433743,1.8515441369662295,467.8426728293875,0.7596337522877414,0.03502887296457272
79939,-4.720426832616188,-8.940774815145925,3.955891448818315,4.297146679691677,564.1414843241749,0.26612203444406024,0.03503301804598563
79940,-5.380946182095868,-8.609061875214234,4.3701586798505785,1.1083686920208702,290.6760881443786,1.000569434439182,0.03504135752079492
79941,-3.876801282225461,-9.189528517388098,3.626827596150445,1.8718265595483934,468.8277446443655,0.5613759112190104,0.03504825609912924
79942,-6.09408098264948,-10.599874737565832,1.7005133647750195,0.8692861630173297,353.2070902690211,0.3995086579429632,0.035049285661162215
79943,-3.7025882226970106,-8.530474677538159,0.5942842270571023,0.9489167089583082,248.43208624206304,1.464305295974209,0.0350535619403909
79944,-8.884981827492915,-5.365887713145917,2.4710519606188113,1.378542774105788,467.7988504249142,0.5872378758344015,0.035057159619588954
79945,-6.046009659960669,-9.807497914902346,3.0823481708281335,1.476372877476032,332.54372328756205,0.986655501308765,0.03506623052702101
79946,-8.736835364460054,-5.4551473358502784,0.6387873454573713,18.284831822914065,408.68541303077234,0.2309614949210026,0.035067619089973204
79947,-4.213144751973884,-12.442566750899791,1.1696449633088855,1.4531750570649475,468.815861959915,0.8043023211503764,0.03507554624431208
79948,-5.5364242102329415,-7.512702468410144,3.201187143673589,3.288007306402875,509.69146356922835,0.5848494583966373,0.035077607469198434
79949,-4.4295157644860055,-7.926865954880035,4.306476185174497,0.8439201661047312,229.2013631118854,0.844243253284966,0.03507958978886573
79950,-8.582460056207154,-5.434142344541268,3.5940153391654923,2.5284378618527095,457.7562848773463,1.5578130137649167,0.035083794363434374
79951,-7.663851684611987,-8.447456600415489,3.635081407101313,0.8775159003408243,410.82346104682,0.48558105726175516,0.03508532778143678
79952,-5.688297831794021,-9.61513196287508,3.2825964977841697,1.294068694537778,284.3871699883411,0.1896510232929316,0.03508595538282112
79953,-2.6126498395253446,-9.039500996434422,0.551308947142261,1.8497967856587336,443.60588690351784,0.11959750341142783,0.03508598855709246
79954,-7.68969482478447,-7.840771377957161,4.40295754587758,1.094793518457092,467.4617620513559,0.6684716105259181,0.035088646403706195
79955,-3.7615848118140525,-10.338083338444033,2.2233908151791675,1.126666886926831,263.2880221677138,0.5272229960708774,0.035089156230655213
79956,-6.409731625308547,-8.062734620323745,4.963620897690541,2.8423379568621137,450.79178642653255,0.27858406838228156,0.03509209311822606
79957,-6.513609301222434,-10.294103555919643,2.4467736810864573,0.928264381656407,249.98900830509314,0.6874971033644544,0.03509807685102337
79958,-3.609078015654661,-8.212871728287496,1.172373287405104,0.9589667206922595,468.0161734277789,0.025764583136527186,0.035103090627057985
79959,-6.737792691732714,-10.671757148193178,1.4266303559176758,0.8671918002215107,249.40043353969375,0.9955517133978464,0.03511416007296003
79960,-2.4074497198581204,-12.985506532040418,2.1059923447581856,0.7599482807765788,223.4125937646122,1.0168579764996801,0.03512445499967385
79961,-5.487849321571306,-8.08841667212641,1.066939037361985,1.3033879510670778,292.5388530593758,0.8458914170140241,0.035127471910280934
79962,-6.327098225967822,-10.523895320546615,2.120885162373197,1.0408143970172838,469.6845796350315,0.24368260433750155,0.0351275168141359
79963,-4.981422830176932,-8.971612144284409,3.9479386359241246,0.9271938398166514,284.2397708052776,0.43628679705883133,0.03512788569102105
79964,-6.490082252207638,-9.702678562683609,3.1577611040618265,1.173454544550546,213.8121353914865,0.0718218363342853,0.035130529237661544
79965,-5.014671324040082,-8.533658616061508,0.5072069071337981,1.8222072124585926,436.0202575982983,0.5757401693411044,0.03513539003600541
79966,-8.509549801033236,-6.380229142680512,3.852160050534505,1.846439793770896,468.44877742600977,0.9202253425571838,0.03515587265613952
79967,-5.214902358196267,-9.667307958477828,3.175883396664957,1.1815748688906664,468.2376620746159,0.5837441667043368,0.03515702757601021
79968,-5.230179628711255,-7.894618917696603,4.535426144844617,0.6020910899914977,191.03890969521754,0.5095028593430397,0.03516127810968306
79969,-8.748287130030583,-7.153665105039134,2.6771988568019043,1.1886850166050529,291.20297155253536,0.5327331951565837,0.03516683055356379
79970,-7.45422274800084,-5.438632093050325,0.44090857781218235,1.5580128506441557,468.079926941546,0.4157543523138818,0.035167041390304986
79971,-8.446452309160604,-5.758973380036124,3.9392532677060457,0.7836360516073152,465.70558683338976,0.2546278582793633,0.03516741459293105
79972,-7.141105033108994,-5.413599017183006,2.064787644208294,1.0134415410119735,264.576325831109,1.6640242287845153,0.035169324511436735
79973,-7.807211530518698,-7.693460454419806,0.3464334294250342,0.9789123733139613,468.05333853068095,0.7041971759093046,0.03516943699950184
79974,-7.5695056769870295,-5.808605439983538,0.2928915219698192,1.0275577036900987,468.0538717728183,0.7044573193693191,0.03517317915348115
79975,-8.867105716827878,-6.81082546514458,1.4852540887954704,0.666026575004017,134.6671748309873,0.024444061066016154,0.03517365197578069
79976,-2.761796580252187,-10.773958738260196,2.2964266652295358,1.1288501484063984,466.7756332624075,0.6775652796547416,0.035177010807209134
79977,-7.835484088690946,-9.324851213298274,1.6485073901863032,0.9589426983594139,469.6398799260361,0.0895101797074318,0.03517927849180557
79978,-7.201686059375285,-5.710019290953217,1.3433243952345444,1.1119609405794224,285.06398193602445,0.942396939000905,0.035180693502209974
79979,-3.40716959082666,-8.64975343966784,0.4620334537071878,1.162056287309393,299.399191227359,0.783137848812193,0.035183715975094725
79980,-6.166840474009827,-10.553254184526612,1.942830269783359,0.9455683431635993,260.0341453386765,1.4612098594888794,0.03518398745586321
79981,-2.8631683914033657,-10.609204804465609,2.169681849697661,0.8345700321939303,469.12664279324207,0.22105596484525059,0.0351928576798761
79982,-6.356130604767576,-10.372757641631729,2.381399882028208,1.153837505200986,467.1824475676689,0.29829448791301516,0.035196473159127724
79983,-8.9104064821394,-5.7063761882121335,1.4571421150942556,0.6467124397542944,196.77478345905757,0.5203343717351263,0.035196691718565314
79984,-5.115239086981836,-8.404287919663908,4.479871017417666,1.0911515245003234,281.91502042449554,1.269461979248888,0.03520231904050212
79985,-7.747400053789844,-5.790839912409615,4.765740789894647,1.0721504785842848,468.0733701613353,0.8409644824711515,0.035204235297718066
79986,-5.889936560823486,-8.045672538040675,4.841436343914313,2.171544294821825,424.60000737620146,2.185139340301956,0.0352080544929468
79987,-6.246227423113873,-9.962048239874916,0.05763020525405214,1.7320145629892765,406.6032200153121,0.09260821059578905,0.03520926102243848
79988,-3.9647326444090183,-7.757209486029044,3.6569485750575956,5.374307163114152,635.6951811369896,0.3420591136398654,0.03521340800687883
79989,-5.938959479246745,-12.142950402441024,1.1445864192144093,1.671754282560963,467.8944290317726,0.6773986034214889,0.0352233783573002
79990,-3.4811459482973337,-7.787918644023117,3.7336378076454504,4.299028402463293,301.23314227607955,0.2335205299421883,0.03522544548881181
79991,-2.5356096036876004,-11.578237293127163,2.995636175578908,1.6514471338752958,467.8364573438841,0.6971229631206173,0.03522832928494589
79992,-3.7080408877247395,-8.049265618880472,1.6427343148693125,1.581122799257403,366.60675214012826,0.2948591281752355,0.03523064123791051
79993,-4.723675609311703,-7.692459155667042,2.9741302013431645,0.9225046184489191,470.2259365368769,0.015581256786630249,0.03523493310535902
79994,-7.497101667582438,-5.016589152451813,4.365397358645271,0.7828702798194559,164.4339328984697,0.8390805876516287,0.0352350165830764
79995,-7.925908704369175,-6.05760868785882,4.7484988102207915,0.6841099203053039,211.49850759906238,0.426628154181687,0.03523971892014839
79996,-4.827134172562326,-8.146189245393185,4.510307037452137,1.4099055827479317,320.69114703922065,0.19833369513083277,0.035242212668097905
79997,-3.5885963597171857,-7.763774289418619,2.8643432551959673,1.4444295106027794,330.97534930769774,0.24087577901486323,0.035247134465172955
79998,-7.287118002431924,-6.01859961037056,4.521650775712397,2.267980080531726,435.11485345973085,2.3563409602155145,0.03525156766951693
79999,-2.603111219059339,-11.812755808089573,2.7154893843630363,2.757863917417062,311.375442932561,0.07122028920628853,0.03525721545593102
80000,-2.386895848739722,-12.654811856460562,1.9750027939713988,3.6990191371542127,238.44564284799333,0.3758160488501039,0.03525744555681692
80001,-4.292121246337462,-10.382898945305318,2.137145366438762,0.6704789363903362,199.59390286516162,1.1222415205462362,0.03525898217211159
80002,-4.989978697232519,-9.145638336400765,0.09380013309696217,1.5614121390660873,232.1461977979221,0.04746488054616105,0.0352632686598175
80003,-6.901355605921902,-6.499571002234013,4.037812462550485,1.2354796280212943,273.9336897034932,0.48209600660704766,0.03526474963034477
80004,-5.356016700255807,-7.949051675374707,4.620010947178149,0.9815018805486778,272.60827753716137,1.6848636898970701,0.03526478385985966
80005,-5.099604163433014,-10.153192394982714,2.5938349764364377,0.8722914571334747,468.51123390300654,0.8436316202388161,0.03526551955878082
80006,-2.584622190330701,-12.125851206223404,2.6240991723903124,0.813177478493922,199.99706527926136,0.7469108881727431,0.03526864134109539
80007,-4.465059461303192,-8.192759610879193,4.461348798345951,1.0931594994486435,217.6177225640077,0.8207140128398356,0.03527159246369251
80008,-3.1824484069151566,-8.117164347775425,4.3533343280099155,0.7831851468559814,464.7320260754919,0.506112283691385,0.03527417890204105
80009,-6.196677347061876,-10.252955287148758,2.5515763643028335,3.4712438669457097,515.3507676459288,0.346495532068694,0.035284150990555284
80010,-5.384780074279315,-7.964108255250384,1.4464006576042308,1.6070943858574989,469.43766413400016,0.17397962006481027,0.03528431353551946
80011,-4.562973236228052,-8.213475958655156,4.468926792775861,1.4226867018330425,329.4129458419248,1.3401967028621753,0.035292124254852994
80012,-4.335706847758977,-7.84781165268351,4.1309293687238755,1.2697086133404925,308.85419301698767,0.41557766582662214,0.03529336370529805
80013,-4.836900971888646,-11.521908226052489,1.2840915734121234,1.1109998906465175,466.1869781867686,0.15489287759046277,0.03529671598862818
80014,-7.717372696750502,-5.699815231412736,0.23187404221606656,1.6000199710991736,353.1994315262635,1.4795587665096726,0.035297249232417005
80015,-5.264647720692991,-7.762328784170239,4.359381896656727,0.4589888651522063,131.68068783425852,0.5103786581687739,0.0353130914778641
80016,-6.8336584815779,-6.6457452875786185,2.203271524139897,2.481518990388994,367.5140037411634,0.09371574480949718,0.03531378194391384
80017,-5.055055541964173,-9.869116957432073,2.9241803401904938,1.8348728423384448,468.0265124362497,0.028967363095749654,0.035315974392718746
80018,-4.732460186223662,-9.969266373253479,2.7747077891180583,0.8877902153315734,231.99775273311826,1.1030084193987557,0.03532371806814754
80019,-5.882621863334879,-7.445654240018804,4.104212140680301,0.5012239042154397,112.73748288927085,0.4858059588780135,0.03532510340944289
80020,-3.4528967546283686,-7.7522277947338365,3.3499341338179143,3.0069405285865884,500.48015242511184,1.6210710770794945,0.035325893235546545
80021,-6.519940487425601,-6.922906817410456,3.3114590120196032,36.845883715056274,971.9581703730008,0.3260234510505118,0.03532798409277526
80022,-6.637714345988357,-8.222480645269188,4.831388910155807,1.2498326472951575,272.6014268101737,0.46218103036180924,0.03533338670022732
80023,-8.745845204741,-7.180002891531269,2.650218408718076,1.0357484059053321,269.41217399593313,1.5411286283629755,0.03533355022760322
80024,-7.810014093557822,-7.740891673272088,4.331549985130805,1.2187194094650762,308.0724716020907,0.2573404681476097,0.03533657542296749
80025,-5.066782612687851,-10.546645404190706,1.7593816997189347,0.9554820764137386,192.79949712331958,0.03904163847402131,0.03533768260341192
80026,-6.5206093165031245,-12.438099832287953,0.18525748077027884,1.6436440032229047,385.7385230292514,0.307280986668645,0.03535128012810234
80027,-6.1634099226726455,-7.503310713144111,4.680268280417065,2.286604347186919,347.111784979167,0.07244506500721926,0.03535427333907799
80028,-6.7883789261838565,-10.441146522624441,1.715171696741247,1.3686301181409362,332.5266483120681,0.30949998467325646,0.03535801326812879
80029,-8.134626496089012,-6.775144794566867,4.516883125464383,1.851899503164314,449.20865273210893,0.5134913523687619,0.03536611027999675
80030,-2.9580540941800395,-9.652208868636281,3.378459018598798,2.471942387982282,455.7086866933311,2.551423491193086,0.03537571170019647
80031,-6.388304335254261,-8.93234732538927,4.100016762338045,0.9918329713660357,262.83412915900146,1.045463141732312,0.0353776183172591
80032,-4.387845272869647,-10.109346602966914,2.586103445892439,1.0216371801770199,468.82444844405114,0.013410468756151595,0.035378972763059124
80033,-6.840547794581086,-10.366750232040562,2.053655347510973,0.922965599961692,468.0376768475506,0.3849335852016944,0.03538012348302993
80034,-3.0201725950671277,-10.888552560274942,1.512505545740785,1.4809648620799405,344.1565046248149,0.8518743987347115,0.03538535649462378
80035,-6.170562235375281,-8.941947874634565,4.100151204176108,0.8657497384057021,203.73129176822655,0.8642064078485765,0.035388292545529484
80036,-6.102484781680756,-7.313826374965614,3.9992266096173714,1.4900689364871667,469.9373648420879,0.1002064457024554,0.035388995045482874
80037,-5.2934825552942,-8.28400867633453,4.5784565683401315,1.3439495783126854,469.43823320892096,0.14995197360136459,0.035403793796122844
80038,-6.827987228626569,-7.656911140870407,5.117347312681207,1.2849070531064861,308.33961317974126,0.19063000603893876,0.03540514542051887
80039,-4.223213907640097,-7.904091303783642,2.007250870978063,0.944717353346715,467.3531988980851,0.9293452013549173,0.03540613536565804
80040,-3.1463669585737666,-8.25634597959306,1.1360621794187178,0.6011572173408513,141.8181508887914,0.9058580112975294,0.03540651953395133
80041,-3.0880524202083315,-7.860661213854495,3.2443172465314483,1.0989491528020112,468.79491484487335,0.7706206801976281,0.03541036124364078
80042,-5.885693774290671,-7.442160256035174,2.6124391809295884,3.683761800561517,549.3756301078328,1.2044942983326035,0.035415142763593505
80043,-6.85107286163374,-9.477389833867539,3.254504781592287,0.9022568841145207,257.52238033288563,1.7875166630863077,0.0354289642555199
80044,-3.6428493548876855,-10.19232666088476,2.455579244374366,0.9663198878464089,255.0517463751818,0.4515079314437118,0.035430759227700816
80045,-6.730581252963246,-7.942818124986346,5.016967718325316,3.2981737039271155,522.9992504485897,1.5197725528284396,0.03543209786982931
80046,-4.3637827326757215,-8.224466153084173,1.095452526255895,1.2838090062433254,312.28964543805483,1.770614956288938,0.03543658659233923
80047,-2.6159710895077897,-11.54461655113038,2.088292062545844,1.1644504484478344,191.00121049303863,0.12180433944340496,0.03543713990536711
80048,-3.806258829940222,-7.855254516826369,4.0060231775779584,1.0309898055711588,469.73908648743424,0.1123753648758159,0.03544004183148522
80049,-5.036867519106815,-7.903003899480119,1.8089476632785928,0.920289999413097,404.8515913322225,0.3306776659620514,0.03544413395582908
80050,-3.1231900487605424,-9.818030284445815,2.994027325668719,1.333516259928795,470.10299562112704,0.06125307619585474,0.03544725964754586
80051,-6.300149971826228,-8.711043892611496,4.3667893604863,1.405913733383682,325.2501381049805,0.9383718480806698,0.0354512798467671
80052,-5.1851807230795215,-10.037364071356208,2.7424789602009367,3.733256219850217,479.29073517370426,0.14415697041050723,0.03545911752254884
80053,-5.361109345987794,-8.185081900239082,0.9072152346662572,1.515039609478029,341.73705400789254,0.39673606833887387,0.035459845427346
80054,-8.60167117256938,-5.341772415582731,0.49808851411793753,1.5443276428179558,356.8373808123846,0.8375262890626427,0.035464483526207485
80055,-5.97209949514877,-10.05400848512164,2.785231008695108,3.2376403187671077,517.3297642157995,1.286300601084883,0.035470666514347556
80056,-5.252502083870219,-10.738781962194706,1.5480739252495643,1.2682964028263275,316.4882290306811,0.3370068082049924,0.0354737028797164
80057,-4.26967108170399,-7.987311049020443,1.767990996211118,1.3943292100134186,468.80999080991074,0.253373408442382,0.0354742917476403
80058,-4.545514508607922,-8.043658420624592,4.42211837080105,1.0980480718885277,217.91940435303042,0.47256077775994054,0.03547475593437471
80059,-7.0213412716764925,-8.766919983915201,4.023514778069517,3.8402981237812583,381.70531458207176,0.04190557975371423,0.035474825196219854
80060,-4.896322305723402,-9.04502042086196,0.1366614969206323,1.0300017094640448,467.0755096946901,0.6189120998787176,0.03547621282722768
80061,-7.046354891008289,-6.628504824904881,1.3407190875652102,1.543077330302113,352.387812899338,0.5538761497524005,0.035487166322329206
80062,-6.194777111753534,-7.479260736361633,4.671062857480766,1.4493123381919393,432.0463496771754,0.15125706811620443,0.03548787814097101
80063,-7.2067377488386315,-5.866814947198645,1.1278572509102511,1.8738685955406336,469.4268568091512,0.2140098936807382,0.03549071615930241
80064,-7.103838561040099,-5.731608009653698,2.057458454852943,1.5287489211239964,440.83634785265485,0.0089130870683638,0.03549539675579064
80065,-7.177417212440394,-8.021514933752647,4.764761379844417,1.6042163888549033,370.6277128042996,0.4811439627840981,0.03549617625464174
80066,-6.756681059349008,-6.991547675193877,4.628014777544876,0.9667564624814131,466.2726651342556,0.022011177297629025,0.03549726012710694
80067,-5.090532595461164,-7.754986549862627,4.215322916671789,0.9057929291180833,468.2668604426551,0.24070138878002734,0.035497344672215415
80068,-4.105051223856096,-10.757294576953736,1.5382535622622417,1.6516564617221696,385.4702100980407,0.19125751750690068,0.0354978720842983
80069,-6.60470471107268,-10.977864915028265,1.3115008644584667,0.5961951494477759,126.80066499376177,0.13853858335718972,0.035507783486448154
80070,-3.3148471819190988,-11.961444704885448,1.215963131356624,1.2250076503892355,307.96761410087606,0.9383579613569522,0.0355091900873691
80071,-3.596236840199855,-8.84320728269298,3.985457971509347,0.7939157178798297,235.57224893670448,0.45157439587722603,0.03551114950098969
80072,-5.161200672005221,-8.383265106382671,0.6757680475539273,1.5612986099956072,467.9704538803535,0.5906195475554616,0.03551355537776159
80073,-4.494934119367109,-7.707154449978134,3.4641143044575946,1.8165146925663207,368.022410118464,0.5221624797208504,0.035513910607344316
80074,-6.116007593159801,-11.955725132993631,1.14776636869355,1.3142645963673023,283.3362071118414,0.0413350199451985,0.03551604372779373
80075,-7.052403601983387,-6.1033157639646305,1.9148086447093262,1.1513477913676928,295.1289969763627,0.9610523472540029,0.03551906374927383
80076,-7.15878942309276,-11.45151558703431,0.7876996736572827,1.0281984611496193,467.030629847711,0.228162246364084,0.03552592962015176
80077,-8.83830085686779,-5.98836873097317,2.76262828964614,1.8415676499714797,372.3924029775456,0.744741350518825,0.03552831235603033
80078,-8.89819846538963,-6.391825742731843,1.9469189588841116,1.8995928115778098,469.01618379157765,0.6009934265342238,0.03552937546853373
80079,-4.86456310758977,-7.684888017314167,3.670879929376829,1.391592459762622,311.8349977193371,0.3804570742945126,0.03552943084526651
80080,-5.453363034977457,-8.308371562164117,0.7046322423930892,1.5796937368442094,351.18907552904136,1.5474446663660304,0.03555046496983845
80081,-6.408856496392967,-8.85195262467888,4.190141460066157,0.896315700358171,180.9172140856156,1.0135684687280104,0.035554925391748586
80082,-2.88398435894198,-8.279497620264976,1.1627885118011236,3.84577427701868,558.025051205006,0.9270734784367187,0.03555705001893628
80083,-5.374776297503439,-8.62774044132672,4.346551002346081,1.0767065338796211,283.65355792415176,1.4419231945930013,0.035557078560856686
80084,-6.701928301888665,-7.744586366872124,0.7441442039573909,2.9692486581288806,491.6360577973957,0.9167128591386637,0.0355636161170998
80085,-8.14649391230012,-5.4747310820122275,4.388774668969915,0.6663417638691197,467.53269363766594,0.4569035921203328,0.03556680777003059
80086,-6.980153718833875,-8.033042781842326,4.87413417092413,1.4607788253104008,315.98907124407003,0.3526483965180569,0.035568924729151935
80087,-3.952000065802027,-12.007535770572307,1.207841632328636,1.1210787398236828,293.90424899344845,0.40515004642221797,0.03557926948414244
80088,-7.4234172240738285,-5.421653203994824,0.5001567207093786,1.1503521418468354,187.39254843268273,0.11961262353313185,0.03558184002601686
80089,-2.452256475777906,-11.710180922825156,2.386812353716378,1.611254010121212,468.0510566846507,0.19738792651203774,0.0355826771059893
80090,-6.424231163627867,-7.020100251240167,3.4488252825994437,1.3084649255050216,320.56364496858043,0.5686254462962888,0.035583566057900265
80091,-4.80229529807398,-8.120225946595568,1.284530251975665,1.7948128848166112,468.4162515555365,0.43103031493181465,0.035583941692842014
80092,-2.539135975152166,-12.028395062552518,2.7176684338301236,1.5213814842263054,330.28957084746986,0.29335916534166184,0.03559018905629003
80093,-4.715034796422183,-10.45031807994554,1.9248126425609824,2.6268977511972307,469.444974324715,2.229161044163347,0.03559585505788595
80094,-3.3780828990730356,-10.060799205207925,2.6094029463960737,3.24251646838305,514.73651140382,0.9767894643836472,0.03559953542672163
80095,-7.678383205621699,-5.356918278147028,4.603837706577804,0.753012954550397,466.32819858692596,0.5171028751331521,0.03560244973092721
80096,-4.8404924483551515,-7.706364975010599,2.6859003658480476,1.1664945290592372,467.82012244685535,0.14459586854521866,0.03560557801501132
80097,-3.9686438618695776,-8.071148592518224,1.5942911768470374,1.0745569962835346,237.27091395218886,0.12755629323020212,0.0356074166743259
80098,-6.985640613154552,-8.193673715450638,4.720984450507512,1.6609460926985102,386.94549315686436,0.010668959489329666,0.035607473980203336
80099,-6.339019931364977,-7.379338201089237,4.66431293399097,1.1180424034356105,286.3916031622407,1.4753472160439633,0.03561257977790104
80100,-2.627703417472377,-12.278464047827937,1.5972498855883024,1.0731526655429071,213.09686934084948,0.03198021407978313,0.03561301601336309
80101,-2.554307110228394,-9.94030508528116,3.311113086041343,1.0560898370561986,282.26374117719183,0.7327765800850417,0.035614304463343384
80102,-3.900779280972589,-7.812518309039902,2.4615528062639043,1.2421339794457962,311.9761430666562,0.2549411445753096,0.035617546234721235
80103,-3.7994176825545534,-11.909807368674812,1.222386028068335,1.2119407357563647,303.87052985361623,1.4962116155529452,0.035634225484993086
80104,-4.472931801291441,-8.551824496659052,4.28473348120238,1.029405746002504,272.15073542731636,1.4076309867299068,0.0356419389728165
80105,-4.310657218472006,-9.074949317964919,3.7601518227744366,1.6274207458300145,467.88638137570945,0.2346553962366551,0.03564715003312595
80106,-4.681899853732025,-12.337883610483422,1.1701617778133935,1.0761059382075362,468.35824287454153,0.5204968096856071,0.03564805243635499
80107,-8.905791257891863,-5.303239524854767,2.2562435535984133,0.6615565960445382,135.38946463414408,0.17444304948525602,0.03565244879159917
80108,-3.8079873909435094,-10.445976908435183,1.868989080083001,1.0475492216047715,216.07515122084445,0.06415589639042985,0.0356549235057095
80109,-3.949875681126013,-8.124936880286835,4.379958858123735,2.063652455064174,402.0540898240274,0.2707313841193537,0.035661795473222825
80110,-4.769521510810235,-10.458617912095178,1.9253982345694578,1.787103749960341,468.4672451265861,0.8168293650044527,0.03566707730088029
80111,-4.540368486004204,-10.535390502372936,1.7235004231361146,1.1333836818495546,467.8422486908371,0.39996281013193613,0.03567647872892771
80112,-8.354272290913991,-8.546687617273133,1.3649143006265152,1.5880125254280557,353.5092853037203,1.7386577837602868,0.03567926281140412
80113,-7.744272459909587,-9.019505805921291,2.541474687858258,0.793470248687639,163.72325653142508,0.034086171161175294,0.03568226032514525
80114,-6.224021530323991,-8.220176616581533,4.8317632663951855,0.989931453690255,270.47873533557794,0.7623553211123459,0.03568255584353825
80115,-3.528716061375201,-7.75407952923616,3.3394113268073817,1.2223867970960716,295.44101140525675,0.4822291723776413,0.035690241232137584
80116,-6.966780027757555,-6.3859376214576296,1.9991544432059876,1.63422085462699,467.92899513579965,0.43438814215032817,0.03569109151181765
80117,-3.9518203671425436,-8.244613261096282,4.390982454645309,1.2558207837326703,469.8685885962402,0.19796968332100828,0.03569274896645647
80118,-7.560278747639485,-5.093601097463887,4.45048825752678,1.6008299768136003,468.35024461590956,0.14360106017362018,0.035697487934534526
80119,-2.342425013606066,-12.849299941844928,1.6040785456397268,0.7472241600960209,468.13297677323504,0.5001286358726285,0.0356979088634376
80120,-4.49155577780576,-8.86643439151577,4.004583162420928,1.7382545488715442,372.78996434464557,0.8283236701154566,0.035698322274657746
80121,-4.065223220162433,-10.102159492529903,2.5751641075525504,1.1884288289220795,467.5397809329271,0.27856627647329635,0.035704481312666604
80122,-2.6376359779990057,-12.334515225123608,1.536435829808633,1.7518298236351357,466.85691774223363,0.056677051778030396,0.035707158927519855
80123,-2.9868739214941,-10.397874246303834,2.3821092886489446,0.9711912471937569,270.5510268783132,0.789441096728277,0.03571309315979148
80124,-3.873369988039272,-8.48057957544157,0.6634535890219225,2.2155074734030653,429.06950229725766,2.1525515217684656,0.03571780559930222
80125,-7.374154137946885,-6.434332566027232,4.920346197035062,3.0296373075317886,501.54487230430146,1.4534552185116674,0.035719927486105356
80126,-3.664924966631925,-10.06081207793361,2.611849113893276,1.1678623531806305,300.01315896685304,0.6886263188712922,0.035729450275527964
80127,-3.62182547325288,-7.83385140209065,2.3918092597293437,1.1372490071678745,237.37783501280578,0.8897109016460911,0.03573197933689086
80128,-6.930938071191404,-10.487591756841978,1.4582326790314968,1.1398596083819734,261.6689136399917,0.9606069406991535,0.03573516286893637
80129,-7.776669607947994,-9.8169588543362,0.9550620849982301,0.7229883681884883,167.52130192070769,0.3515142722287514,0.035739025208401796
80130,-7.0774882016257905,-7.424781373911298,0.6084748822930203,1.7782295872314262,422.397460825942,0.27530534891016334,0.03574678160343171
80131,-4.169512052419555,-11.153334499752905,1.3833137025280933,0.9631585995205343,262.7987413185807,1.1200374967265256,0.03576211135214014
80132,-7.196959866736144,-5.6700143658265585,3.9267983194105858,1.1573304420884052,299.62941904416004,0.6783742363214467,0.03576646790625094
80133,-4.275088104975493,-7.731107468825414,3.125930578712088,1.1767676886934382,301.3337376663331,1.4869449916040045,0.03576780733309449
80134,-8.253527326414213,-8.588356668526046,1.7592569093876576,1.802626035717325,467.86434126797053,0.19772959707475923,0.03576791462930782
80135,-7.224876731444665,-7.712329265406202,4.976945456969605,1.843220006269514,385.3244447628494,1.6793675206739573,0.03577104411565754
80136,-5.795560767879472,-10.558544415066391,1.7740417623200024,0.697750510227267,192.86218299694764,0.31909620188677934,0.035777302747709454
80137,-4.61083722025473,-10.207199206794641,2.468408690247045,1.8865390191637272,455.6965356052098,0.1775015445970185,0.03578459127992731
80138,-7.741645999213553,-6.349147577002399,0.2409000120581277,1.1044265658051649,468.0236592915695,0.8628673850449884,0.035786715242216084
80139,-8.33121780698043,-6.115971791890248,4.204710270879621,1.047144198118674,276.74221090059143,0.015359727598131201,0.035788553861791125
80140,-4.342705987620632,-8.187146665579803,1.1915262848873014,3.2415045857799476,340.02288739360745,0.08574005908821203,0.03578993997959142
80141,-2.557111149991359,-12.48851028992435,2.29616406022936,5.861492872460781,617.9964802445533,0.17781263977861084,0.035791152666277304
80142,-4.497539322348669,-9.465139054371328,3.3359196827111477,1.8461107520496212,440.8681483316488,0.5398483916161503,0.035808298301699445
80143,-3.396326830498632,-7.849304642247603,3.94910282105524,0.8162424294360354,170.2540679543198,0.44420600060493864,0.03581145473999583
80144,-5.223858335781512,-7.666489477207344,3.9884657635452587,1.1687491125922957,297.94129177902386,0.5652538516997838,0.03581776845455732
80145,-2.6338808215047846,-8.840859921205764,2.8245365192813425,1.2820444427555375,271.4803560442442,0.942194063884827,0.03582320652297362
80146,-5.572427451787446,-10.475446907071365,2.1134302359699504,1.8436858519826511,441.9841713186791,0.3175948081890576,0.03582338925592452
80147,-7.189213739951637,-6.2394364868729735,4.487747055073671,2.2205017500504987,425.9289690828553,1.4099963423557282,0.03582418377732056
80148,-2.831577115386108,-9.251382751581994,0.19845934198482004,1.2277061757768617,311.37358331877573,0.5437319021840361,0.03582583797841069
80149,-8.431502525623229,-5.781268456108425,0.4468645357445233,0.6688784332388392,195.0624897571505,1.1668261393233346,0.03582922953905654
80150,-3.4313773813499404,-8.849031788698671,3.9640822543857985,0.49168904875297764,118.12170154057009,0.45674157879825383,0.035830795899838216
80151,-3.480841135450535,-9.394585857438445,0.01547403186286378,0.9821489809950876,469.83452866420197,0.05970973465199236,0.03583218525261249
80152,-3.6038724231412775,-10.12240534155132,2.5338044730421716,0.7625841604575178,156.7059541374662,0.02079032634946021,0.035838369656355326
80153,-2.5455417430050966,-9.523359903118887,2.7682042246777314,0.6116746312691204,182.5155735851988,0.8370810851148018,0.035838748144011244
80154,-3.868229003591561,-7.803767368373903,2.533490961853912,0.7566345901217126,171.1989159181173,0.6816274088911181,0.03583921639528368
80155,-2.9281095904811894,-12.185060514948038,1.2389209516268929,3.0712831158708265,488.9430236537661,0.4776861714844829,0.03584231521202731
80156,-7.6060182728363,-8.853612783949147,3.11348395845265,0.9967370506101071,231.46393523219308,0.49327192589393754,0.0358492432447688
80157,-2.946214150825975,-11.2014314787139,1.420621250759638,1.142282587580799,284.30614636435735,1.1282978989638774,0.03585033465761008
80158,-6.195050576011701,-12.613508024921824,1.0687816996322141,2.2830146553017254,436.40599475424426,2.2279299842572717,0.03585580261797173
80159,-4.531949654847095,-10.423469180670644,1.9769154799557909,0.6891614767339925,203.05312049426269,1.3504305887315953,0.035869274007744846
80160,-8.907292459092103,-5.9973935976204915,1.4143392831781418,11.196138381338281,706.7892109110555,0.15026761073601058,0.03586972664720473
80161,-4.571911221266638,-10.442431121598695,1.9147891733846314,1.5818681798322964,352.4861521651448,1.6444526419782743,0.035886685165832856
80162,-3.8910921519925212,-7.7581732158161945,3.0814221992072253,0.9908150024773374,467.362044016103,0.8931829690228161,0.035889581543130655
80163,-5.08522030382797,-7.832710002733725,4.363632347727728,1.4765238849332818,467.744132448613,0.48305514227241453,0.03589051650614315
80164,-8.585468501674795,-5.821331812056225,3.6113274878352164,1.1105462152845027,288.07553674261385,1.4103642115879955,0.035894973002188094
80165,-2.8619490446132945,-8.793438157090389,4.257529309093701,0.9673148275883475,259.12984882590047,1.4581504959024025,0.03589611306792923
80166,-8.653647958392202,-6.477008123693798,3.4378995766181863,1.8325823176332539,467.3158075386784,0.7551145238180279,0.03590080832581278
80167,-4.64617735131898,-8.582716220888116,4.272993654301529,0.9955847540526918,467.8738681798083,0.6215140046433367,0.03590124968020259
80168,-5.6657737670694095,-9.473054800954376,3.4273685994937444,1.562598157950451,365.07570313044994,0.3223876873452278,0.03590382200125201
80169,-2.94338680857508,-9.216495486512938,3.847006577727855,1.7149461884698805,400.7559343427926,0.049468544893729316,0.03590564167946615
80170,-6.055686993634594,-10.346444096778354,2.4179757317678514,1.2395346454036549,314.58047347067225,0.49638948110421754,0.03591670266640362
80171,-6.342900059194091,-7.096285718335799,3.2334531670482622,0.7014370781689521,196.09597982325474,0.8868630963107487,0.035926014845864766
80172,-7.216569896535367,-7.446725925109206,5.104025849070513,0.7005706461454048,148.88734147803586,0.09248625179773384,0.03593083465459196
80173,-4.444903536522412,-9.90348659656754,2.817573479824497,1.6501988561367822,383.3219141560587,0.011848549819485577,0.03594164291938484
80174,-7.023382553268883,-6.241402682448943,3.98005486187587,1.8628669557385247,381.932538970347,1.0997387716042448,0.03594345724374921
80175,-5.168087776668189,-7.8312995877486795,1.9097254345024897,1.8916197782343818,455.583358341442,0.516251692142327,0.035946046381787736
80176,-7.069262329241557,-11.228695057264424,1.0011335681712492,0.9251390803206222,181.73732174504946,0.17258479469900045,0.03595491512305773
80177,-3.8323974040954187,-10.772941592105958,1.5223468421249884,1.7991649064941915,429.2257061793788,0.29366891797445227,0.03595535131491363
80178,-3.8956095864245572,-9.166964873919607,3.645260608303638,1.1426624516603434,294.96070489135445,0.29903397936526854,0.03595977464894061
80179,-3.1000619412894945,-8.057408844820173,4.213209450783612,1.2502773788726373,306.4833951303262,1.542781831329937,0.035961186628970944
80180,-7.421925471433231,-10.31946179601453,1.1441127774627229,1.1488364833185767,296.99678144169894,0.6815069072244766,0.03596193070687356
80181,-5.4510745963644425,-8.042502595597288,4.669881989171928,1.1468418843323154,295.4328476027059,1.358501146102129,0.03597529790615258
80182,-3.6070568146938307,-10.483494857883002,1.765155326637048,1.8602422273894181,467.79526942961223,0.1977522959943503,0.035976066020460815
80183,-3.4093873776639985,-7.784519122686318,2.8565424226488703,2.6504924658923756,470.66072923899884,1.938869811544004,0.03597695898429019
80184,-4.38455998199111,-8.569734924104694,4.260417720856103,1.4724618595154322,342.26456597713656,0.820976363951778,0.03598202322843691
80185,-4.134646225481193,-12.237891803412547,1.1812780898389816,1.6752378773078593,391.7247392306523,0.8376714271696146,0.035984020630035966
80186,-6.735012141362388,-12.198376810064655,0.970270687638277,1.437189958808785,298.2115925561378,0.10842750308040738,0.035987780105529665
80187,-4.199413397530998,-8.852432754453968,3.983439606740028,1.8547305691829548,445.6987156943716,0.44078863257114254,0.035991830597978884
80188,-2.519971510801234,-10.371839490231487,3.028959881913314,1.0946133120649284,467.45141583519444,0.1430113006277116,0.03599504688732217
80189,-6.73875289646763,-10.667624948221363,1.4196031505738318,1.8546444937999798,468.01043339250106,0.37280312564378004,0.03600007249589636
80190,-2.7476039027814103,-9.118564345841328,4.066648342989545,4.2024790869665045,573.0518119671386,0.4909032588474771,0.03600040058679865
80191,-7.104041491328577,-8.990509787342402,3.6502057712174687,1.7104176256905743,467.8499008221314,0.2532076899439444,0.03600449254463732
80192,-6.432579321926282,-8.466132077283069,4.6165549993898,1.204882111454693,303.43125742133134,0.6072438046927902,0.036012683123939765
80193,-5.787016181913688,-9.104388168372205,3.8718092700223874,1.129776966640429,467.782853317489,0.5421173303475477,0.03601695874149154
80194,-5.512094823759249,-8.441752419456229,0.5306146808616948,2.51840974035205,459.3259854872826,2.2353952925578255,0.03602614513010718
80195,-8.741115629075223,-6.302942333440341,3.1578054774317454,2.32744997348583,435.92706044887814,0.5459150601949272,0.03602709140382473
80196,-5.742342843482854,-7.526168972693335,2.5523802287007573,0.989528048145827,245.65637591285264,0.3349756763335723,0.03602878984498801
80197,-6.154581563373475,-9.354995735079195,3.5960993959764274,1.0706827583108207,282.3014194040734,0.9103460050503456,0.03603261733695645
80198,-6.9059780788444,-11.088403816566556,1.146139998546277,0.6071262685239333,139.44464591871784,0.5023343958460931,0.03603324039158176
80199,-8.884796642682469,-6.219646603658441,2.4399746574471814,1.0582699050679913,259.92661612239357,0.7796873673448097,0.03603570585740411
80200,-3.1536412567378083,-10.304648337900176,2.289966680577524,2.5410228821952496,457.2817595551051,1.2866877231119975,0.036041133012266476
80201,-5.625968791563872,-7.492701519743252,3.1207037751943427,1.0364571860762641,277.1923077818957,1.5750739974942407,0.0360413379972147
80202,-6.9492718411667935,-12.030083440591751,0.857349934660645,2.508159581479791,459.14443957368604,2.586689626666648,0.03604377568525876
80203,-4.323038108387578,-8.784091400942138,4.063184166393756,0.8195855591243544,470.06117801567694,0.016853233581386462,0.036044288799878046
80204,-3.2656791459704735,-8.216958862225034,4.359985839036911,0.9243244839514015,257.3405165049467,0.6401235101101079,0.036044797686927144
80205,-6.755772988424304,-6.801546274414484,4.207508175026664,1.1806700955971574,297.5092401332428,0.7964214988042881,0.03604652474200938
80206,-5.4469313373097075,-9.150239588017824,3.775198178698375,1.2879549852078322,467.95185191144253,0.5936591198386383,0.036051681079564746
80207,-5.24075486886489,-7.6261446414055865,2.863848719189378,0.7936200483656405,176.90083782315685,0.08402660305261023,0.036053816197565806
80208,-4.721710902663015,-7.863971702886299,2.0184274018571178,1.7823330009620217,468.023856306699,0.653990705929755,0.036060334185349034
80209,-4.4476674170356825,-12.420200008736717,1.1640823884047973,1.005513115866112,277.79102140657926,1.001122076506829,0.03606113981746108
80210,-4.786977006098288,-8.08511364456606,4.474796579281138,1.2416437483256926,293.868479368541,0.3858588133474763,0.03606342971743523
80211,-2.5697923546628223,-12.094658956587562,2.6750840085088745,1.9730975180267118,401.30097679570883,0.7137656934521237,0.0360636592807476
80212,-7.005788585817796,-6.058988227883921,2.5667926386204023,0.8626719139688888,468.01978230252723,0.11300144912434273,0.03607150851470427
80213,-5.707710270738633,-9.976390468499371,2.8435070045778374,0.8186198144479949,169.97148427333013,0.9856439488849018,0.03610407643397622
80214,-4.548449528795338,-10.051235319958884,2.6471899631498155,1.7885418516548814,427.0614751332188,0.775526191609071,0.03611295037685375
80215,-7.362207517284979,-6.442945380403977,4.896504774240497,4.477784282153085,583.7323197133176,0.3171469025100926,0.03612707387670553
80216,-2.7968788920177143,-8.297732248621308,3.2341091589483364,1.0659075605204373,387.2976938412406,0.4515113168656919,0.03613552533615253
80217,-8.060977821449033,-6.880146010514467,4.585037754916717,1.5539040335039906,327.14719344699677,0.6534496204840119,0.036135780991638826
80218,-8.013249937881735,-6.878441502241781,0.3119003302944421,1.164354703484096,297.5796727669442,0.9325064026766929,0.03613638615031952
80219,-6.93329037228104,-7.976299762568834,4.930705250235196,2.1041740313470183,416.9254364589938,2.086656641492093,0.03615551911423902
80220,-2.495654341706622,-9.39789974128473,1.634524386749133,1.8692433553253716,468.2796167881323,0.28940465654993286,0.036158756038665744
80221,-6.267908026378591,-7.384085107631307,4.54412737260161,1.7300829786565475,362.4911140694016,0.31443601205836114,0.03615982385406715
80222,-6.250177958580665,-9.897206977192322,0.058241286739318734,0.8737418809896734,467.71909258972914,0.07064593830297827,0.03616214999176546
80223,-3.307773552335725,-7.881404517022468,4.007201214320687,1.8202660541290776,469.2491751094915,0.04152376251012857,0.03616277433598362
80224,-7.821420237636658,-7.402529580645105,4.624765038007287,1.815898356510395,433.5584180964771,0.14134891091578083,0.036163955459787435
80225,-8.75139579701496,-7.044548326425701,2.764287722340571,1.058937574334966,218.27378752926805,0.0816059082562175,0.036168194121357265
80226,-7.222989934615839,-11.27597203918798,0.5763026858089517,0.6771566834612833,141.9201186053136,0.07795172646240367,0.036176980811357236
80227,-6.682537065530051,-6.78413122676085,2.720061793307055,2.206553533097278,427.72117805126214,2.0027284848824873,0.036180536856746194
80228,-7.20834966862598,-7.8430370373211895,0.34453355264294316,1.0479463817869599,468.5265908494329,0.15006058062986405,0.036188871979138726
80229,-4.440218172309769,-8.646239592952053,4.202829226344987,1.2101234855628709,271.482933737667,0.2097995468338878,0.03619200123075643
80230,-7.951276788011484,-5.518126154569591,4.576104813091516,0.8744690220150794,468.64420765585993,0.8766959865154726,0.03619713526401016
80231,-6.627927408283333,-7.122866106767036,1.8684774239054336,1.0820109275693661,227.65428349606088,0.5318078585224386,0.036199501781284435
80232,-7.211323725590759,-5.522554778988509,1.5360680142689689,2.715940755330471,276.57793908721203,0.1368533381307353,0.03620069154755301
80233,-6.879455964654916,-10.352951841300861,1.9126725697239544,0.8630369875793985,190.4798151048172,0.009584745421143737,0.03620644172932173
80234,-7.167233762063753,-7.599670973238979,0.4484011032916596,0.7721625122960862,219.23571944697167,0.15750575215061158,0.03620795415511333
80235,-4.215770558668366,-10.693283563375786,1.5658936079829473,2.80377349283443,447.2587744379652,0.1688204033794971,0.03622253463285555
80236,-2.8694052342177585,-10.162961718857858,2.9523941378818837,1.6909430590628745,318.6751504514878,0.2608869467168189,0.036222626821928366
80237,-6.862472909162145,-6.414699156159104,2.998721969559565,1.5194497261988893,468.0255512220474,0.576837639175948,0.036228126334119023
80238,-6.019044647464281,-7.3163897868359795,3.263716778606285,0.8122797456258045,189.01982352413563,0.4247213561837979,0.036240828283961656
80239,-3.1978659268188547,-7.8596844323247534,3.869215487510501,1.5901092264507175,468.47969319142754,0.6566195477902443,0.03625019258167141
80240,-4.651426728026679,-7.973179468881886,1.7470684248000266,2.060370478105189,409.3694755391744,1.5632058372905169,0.036253053388488346
80241,-2.5459058711367257,-12.405385827269308,2.3870311007101273,1.7622964110980643,434.18463154819676,0.6937635471705956,0.03625434663148356
80242,-6.65822817644082,-6.8626626398383035,4.003082073205492,0.8116269103514135,161.43540105184593,0.06978966765381944,0.03625465526032276
80243,-7.5370257383775865,-6.064729391526194,4.807969118529448,0.5583523704596514,116.41192473517707,0.10100874964124174,0.03626468156273322
80244,-6.269123545887025,-9.065028740654455,3.9368706003920932,0.9586505873651164,268.32937039232166,0.825966219046335,0.03626719134808092
80245,-6.38926524118842,-8.560758490875038,0.2413004531163077,1.409448837702613,468.7961578858871,0.32625366597798955,0.03627103470355468
80246,-6.45042757862015,-9.832155366836423,2.9939314451350274,8.626805771399416,659.8132908492669,0.12285970596773144,0.03627227832177938
80247,-5.7335611262274515,-12.52413847382926,1.1167858115131366,1.1604420520457868,298.323606749415,1.1195631856287234,0.036272566724339615
80248,-6.90510137813016,-10.318818232737243,1.9893013251121494,1.0886829943103944,282.9075152627305,1.761817135743775,0.03627570814659146
80249,-6.947566708743402,-8.11346195581899,0.33989740415883013,3.0560088243245254,499.8904914414678,1.009082198754042,0.036278619390085184
80250,-8.791633232842559,-6.693546919472032,2.8454974288827115,2.4788216619164265,455.59989369989273,2.207971789010309,0.03627929000550661
80251,-3.7191043771909094,-7.809770929144014,2.6134747269925374,1.6187499223621957,467.83371701269175,0.48767312616821545,0.036285814256892465
80252,-7.0269621207777,-6.17483012328787,3.8005603808056008,1.0854595234256643,284.28892603979597,1.2564623675957582,0.03629116850963318
80253,-6.522351016961149,-10.401351419295674,2.2497957505118524,1.0739280286807313,330.91491708160225,0.7284656072427369,0.036295070757785826
80254,-3.562195529775069,-9.263107754521226,3.5160200970064546,1.3326144360226995,300.7727455844996,0.1527766020152388,0.03629647456683547
80255,-4.9933869737605825,-7.647947118595178,3.518910413698213,1.1062343117671234,286.6939519188995,1.3180124563856754,0.036298648448465996
80256,-3.950956629408143,-10.232198470775954,2.3764957519262,1.0152754514423123,277.96087511683385,1.286940494448542,0.036302737650088984
80257,-4.186767526364168,-10.286032728741327,2.294002215000415,1.3020124356515752,310.08862452509226,0.18666801576989123,0.03630804378533513
80258,-7.207528386953455,-5.364984428592634,3.5914500414572523,1.8470907286409983,442.6730379689411,0.23089954977102245,0.036311044815561126
80259,-6.391899372644367,-7.133973633400051,4.055630986108975,0.572604091721958,118.90012446318366,0.048484142385501805,0.03631259461045713
80260,-5.060427569766825,-7.901668791819163,4.427412267837361,1.6931493757619744,361.9441091882664,1.2044364666550154,0.036316520965592874
80261,-7.421380123432986,-5.1638335644558175,4.251784524163339,1.5550034707139082,468.22895826528696,0.1996623357167655,0.0363268274148445
80262,-7.91654962249827,-8.440843253930034,3.107351738476991,0.7528769102618021,172.14820611878466,0.10967192396670633,0.036332474634127074
80263,-5.839405509092976,-7.89357187010733,1.3539676966932488,0.7340148648268385,207.56604522218396,0.9462145693057069,0.03633415277022899
80264,-2.963182473642812,-8.366426552581562,0.9509197521943762,1.112986429532215,291.6234822042628,0.9716892090478124,0.036344711605641525
80265,-5.491087408342471,-7.700328216462878,2.122280859495256,0.8397047803438518,288.4899616130707,0.3391452367432297,0.03634854753626773
80266,-4.6302032520404826,-8.118659985491812,4.4409421757620136,1.346026407309774,468.1893392795481,0.580905115002369,0.03635762103842368
80267,-2.8927987745865806,-10.433993276219969,2.563296809057692,1.8279742604516065,437.03107600254936,0.28862594510437667,0.03635977333488009
80268,-5.037160620946188,-10.748129825551345,1.5343363770931198,3.2110647628163345,491.6168811916044,0.3214259373780832,0.03636036794415572
80269,-4.843800483790713,-11.419291587363158,1.2990697314176551,1.1062322934323006,467.6578226877535,0.10635549647973441,0.03636068530989737
80270,-5.354730674713078,-7.638061884589747,4.038267254228106,1.8366468081878622,467.8919719944248,0.3630717750180237,0.036368176005871104
80271,-6.723862561732677,-8.859085983122185,0.14017230648072032,1.0568198698334328,276.6292566171949,1.0299240634625315,0.0363833633410512
80272,-7.558078613297186,-5.55241918391552,4.587195165301928,1.1739533162145757,300.38184162183904,0.5191311210712204,0.0363834197347316
80273,-4.7806461275808125,-9.839199027685916,2.9113107686547757,1.0974329271912875,467.8818621939513,0.6919449993039306,0.03638658120070965
80274,-3.4965701908839204,-12.579856795698964,1.1533586372993139,1.8930394767489054,469.6663267355658,0.16231923459276576,0.03639594163051457
80275,-5.682788817853726,-10.20836894016947,2.5581508545284186,0.7851360044032876,215.68668179438887,0.15228537430078415,0.03640055110314771
80276,-2.5492105916399366,-9.553137718143393,2.8427017471521023,1.0223229513718999,280.115448929145,1.1670536311747304,0.036411242857230415
80277,-4.580158844629729,-8.512560609251604,4.307757415052339,1.7109909730065462,469.1778019923495,0.11081973576443183,0.036422288811318884
80278,-4.324849113062718,-8.058945390056953,4.371467875566712,0.9293927578753093,184.18041767703764,0.2543711644253186,0.03642677104985871
80279,-7.927686341732863,-7.7772727382089615,0.41359619218088856,1.5086794390397391,364.9640056518771,0.31951111326351533,0.03642873556628101
80280,-8.69523108896495,-7.521325861310497,2.2725048140351722,1.0178156110399594,467.991305999053,0.018726441534271387,0.036435308947556456
80281,-6.954551738900377,-6.209515602887614,3.269611142305216,0.7033625973059219,466.87604574066347,0.4888280633845268,0.03644393785551696
80282,-5.08265096822192,-9.010052432719071,3.8846126547276714,0.8749691407943405,189.0221701748628,0.7905560511582843,0.036444875328698736
80283,-4.222203472813191,-7.987816727940216,4.307202607660264,0.7807934243338519,155.9010974764334,0.1589127445689993,0.03645217330896241
80284,-2.756248463198733,-11.209439517654205,1.5184149235367717,2.6931964456340474,474.598092056918,1.9373469120676106,0.036458592582036854
80285,-7.259170810531202,-7.359026561706402,0.4567628326518714,0.7885686973862289,142.11419863140932,0.07350872162425581,0.03647299198253263
80286,-7.456387436146173,-9.44258341186427,2.491517736260137,1.4134686677721617,468.14325737288914,0.2463190327612077,0.03647388965666019
80287,-7.052617872135768,-6.172931518288943,3.922895751137189,1.5983104822836307,342.905174161368,0.7970558591383954,0.03647693096217364
80288,-5.0478682744132675,-7.672231885481529,3.818404797165227,1.5016718395413868,342.8436710621434,1.7141615899222442,0.03648182212508605
80289,-5.639048570143162,-9.772776739641323,3.0686228885081652,3.796998084572592,510.7849977383243,0.17117659255233164,0.036482836364490664
80290,-5.617994645800666,-8.43604261598634,4.541282857056299,2.271949712252537,333.6563220192029,0.030199522741045648,0.03650430368259257
80291,-4.806890582961085,-7.8357330680677215,2.111753120247619,1.0785629275800774,200.34369806789644,0.06581864651690328,0.0365175142700563
80292,-3.3066240398176756,-8.334634674164157,0.9222425391031156,1.479479273561986,340.03815129117277,1.7224284038294462,0.03652094170142613
80293,-5.649537059632176,-7.731659105481107,1.881809162983402,1.909763852169774,383.12634616421553,0.6717849966869922,0.03652630110856875
80294,-3.5190407790095026,-9.60323738464836,3.1290883079500285,1.15945651680651,294.2688391397685,0.7686462850718296,0.036531683039837205
80295,-2.7227310153931574,-8.429622654246312,2.720487617149003,1.1476030049067716,253.93868119501238,0.07939988048116131,0.03653340795113041
80296,-4.557990049723822,-7.764425744550549,2.5848460818291623,1.196135378353252,305.8040107184085,0.3600918703214946,0.03653617089174875
80297,-6.0791837007834175,-7.867094855189018,4.890424913063644,0.5583821427523575,119.39174148796558,0.021533469260490712,0.03653721231286919
80298,-7.772105817419355,-5.076159876631583,0.2140449563177328,0.6001739881244731,181.33355007499475,1.2240562058676945,0.03653755040734461
80299,-5.895249044807937,-7.537094076279471,2.2321023826162536,0.8406646336831376,468.5954026977,0.1903614137527745,0.03654826580909697
80300,-7.041907530142093,-5.92573254639459,3.197919259897159,2.686038023430105,470.41265705118735,1.2832926299661738,0.03655115929400331
80301,-8.0702376451979,-6.640617802564888,0.3112281699202913,0.9744174482664341,270.89891319205844,1.8593979864857628,0.03655798936836449
80302,-4.163239013300718,-7.888533083032986,4.102076360564933,3.2235960348067394,482.58352567775233,0.17863952716446274,0.03656568972137776
80303,-7.079210936134366,-6.411117947776037,1.5069631641032157,1.3186931748940083,289.6120072710562,0.05264414464086897,0.03656779215172539
80304,-4.935600115866533,-10.417847931212096,2.0500838862751856,0.9657399171991696,259.12653350903344,1.007431903420505,0.036568470158043924
80305,-5.478534403786213,-10.21874075836958,2.518476790279961,1.0275906806892228,452.4029366211967,0.049843366850152115,0.03657259385306068
80306,-2.9732965028375595,-8.108043091739148,1.7772728021570763,1.7519432085091373,468.5374757780442,0.6705857961872796,0.03657917154259814
80307,-2.654175786548894,-11.753767374226877,1.5629845747766256,0.8680938089413796,467.56890768600664,0.7610928415233067,0.036592410096472267
80308,-2.6146949326346327,-11.600182722916875,2.850140620023673,1.3286577000373845,324.69001909814654,0.28057035694274113,0.03659547606504091
80309,-6.311262418713431,-10.115202920328686,2.6780147475833362,2.918838886521434,479.95534738544785,0.3734628596255334,0.03659865955972538
80310,-5.870629240131572,-11.290075662237816,1.300474402041576,0.9196301950511528,200.81030950977643,0.12506184905481543,0.03661073724447618
80311,-7.09504144489212,-6.305979767674323,4.315862677435929,1.697440737747155,468.54736521454856,0.35343281246916103,0.03661155994620945
80312,-4.582330563245348,-10.559147863555486,1.678563648653152,1.8274094115442028,384.1685318805068,1.835090862891387,0.03661290949319151
80313,-7.150720512305931,-6.211332673483938,1.2940586243109504,0.6422287969140646,151.58700005587772,0.45284821734124847,0.03661566552656901
80314,-6.92019944364799,-6.328445354715483,2.610026386013352,1.2851061397766834,274.06415253317806,0.39466367913532885,0.036631039470732214
80315,-3.891871147856307,-8.568276106856553,0.5668200303860518,1.3758358482247919,417.07414576764637,0.606693168250362,0.03663372038486408
80316,-7.357175345671166,-5.4292581806753875,4.218577006406994,0.8023908020075124,469.3391892316396,0.23597854749197378,0.03664640007057486
80317,-4.184594795445063,-10.225502462132102,2.3811849489433614,1.1857145720787006,301.3772945351179,0.8604065100353404,0.03665513100667735
80318,-6.754588169437918,-7.261267144864064,1.3444568536367694,1.2567859289616088,277.7313691934276,0.09402090457254353,0.03665526299087877
80319,-6.526148932145016,-7.579727468274726,5.0036096283687845,0.8924120834442429,216.96122658183083,1.1182944626060314,0.036656100490061246
80320,-7.75875158966678,-6.18898874522158,4.859574204646871,1.8193313193237108,468.15038028978097,0.5061246448920746,0.03666203389964965
80321,-4.3050563494782015,-7.895947791199759,2.049782029407238,0.6370044404739357,183.4104602707109,0.15148530321992748,0.03666983430256793
80322,-8.780995762344578,-6.196323649457158,2.9872983864625158,0.9979962319646043,229.5189830513129,0.23974336391889306,0.03667236500540747
80323,-6.807595647512403,-11.515820134232989,0.28635559870759675,0.9633254836393225,237.26098570000286,0.1535901013319334,0.036672472927605886
80324,-6.904231255753265,-8.561102888799986,4.345509336702685,1.619070648233206,468.3909300275052,0.46147268410125974,0.03667331763596561
80325,-3.0452066781975216,-9.052450743987064,0.25288382107158625,1.269389012470515,315.7414431610305,0.525123372464475,0.03667446249986435
80326,-5.924998683877611,-8.39805430916977,4.626800504960732,1.0612518649086229,284.4075609573225,1.679385371411703,0.03667562780181765
80327,-7.085474869191994,-5.663999902287451,2.7050691727772,1.3186408290650835,470.22532087072807,0.0947528023984896,0.03668057205277709
80328,-7.338471266760477,-7.104707881179874,5.10439953995412,1.1796435897442037,450.4149977019427,0.3034582798472574,0.03668140023001662
80329,-7.244437823896119,-6.01012639886076,4.375016882860044,7.983479754500017,376.11541828256907,0.19506513693171001,0.03669449806302466
80330,-3.593520335967816,-11.310147884365254,1.3296818092506464,1.8683273827011668,372.7405885112483,0.5345481126216738,0.03669758187731229
80331,-8.39822902429188,-6.860821199243265,3.9649293951740563,0.9144597658928229,257.7346740045047,0.26800243228660925,0.03669777448795548
80332,-5.441351030361632,-7.999176735613709,1.3537881117138506,0.8154124421599075,470.2098249788605,0.1530809613345463,0.03670364000688033
80333,-3.68026085417017,-11.64495451775309,1.2575470313490416,0.8722847706559511,468.06991189547455,0.8127385395346831,0.03670729484581174
80334,-2.9701674903412068,-9.68622031130348,3.285226527126553,0.9707300887900672,236.22593638051018,0.26503214174368495,0.03670883219528374
80335,-6.753397136054711,-7.530597713329202,0.9284292553659474,2.0244351289545865,254.45169886779127,0.4488749727084702,0.03671621970384632
80336,-4.257300541611844,-12.578662850469444,1.1502336418475905,0.9173911277592594,251.79788894039572,0.5053107532937462,0.036719832069019
80337,-5.729423971341522,-11.719019053166726,0.0503007773336438,1.1725288443604802,298.2142434011706,0.9482312882554398,0.0367210407304965
80338,-2.3455464809382427,-11.695614068545408,1.4507055351947216,1.1827208262208475,468.22811398878076,0.39515655502251334,0.036735596417553064
80339,-4.988348056673505,-7.934931319206612,1.750023414317724,1.0867780084427114,276.18371644148436,1.2380895472945745,0.036740279870978595
80340,-4.192387746596812,-10.246345488307249,2.3560394671044493,1.1722822840535343,467.57032498632344,0.41106745816904056,0.03674183586595088
80341,-2.53350712056805,-10.7273186141917,3.11393154750776,1.217025174068818,267.7910695489422,0.8489829467944521,0.03674885181270388
80342,-3.418877080913391,-8.48556816682191,0.6787467319063042,6.532293869352144,687.0001678276933,0.3438455789093142,0.03675207500808588
80343,-7.074645382588567,-6.939371549811902,4.954452051868849,1.8558807455051454,468.31342904271037,0.46462473224795264,0.036752598702741286
80344,-6.7519583515485895,-10.042780403485587,2.5999514886603037,2.2216388392693593,428.26995889486074,1.8082871177139674,0.03675298516625961
80345,-7.2124163144159255,-5.553113373130554,1.5300981206139828,1.6753392465390082,221.9000344214835,0.3957376302711326,0.03675609096987689
80346,-5.104708413063363,-7.629282171355345,3.3266800001833112,1.1116228469527465,467.15612426966396,0.10977723440510179,0.03675697977350384
80347,-5.240671290233479,-10.230356211447916,2.469709079604034,1.0754400473631271,283.2679667697108,1.1715514964566536,0.036761480266844074
80348,-5.489737647472849,-7.604247534141065,2.557661313657349,1.125300338826218,280.7332728465176,1.3571114847966506,0.036763336238203034
80349,-3.6165045770114226,-8.5095429223521,4.2494300059979855,1.1829632518543145,376.76065903870034,0.9608220143227433,0.036763422390725504
80350,-5.7686899589513105,-8.378460786245448,4.612424287101456,0.9177794871148911,238.01122055671198,1.3201334638990643,0.03677393725050969
80351,-2.6325493659597736,-10.023869408735738,3.541579471549699,0.6010485871170482,122.82260540488542,0.5556823916135398,0.03677839027168878
80352,-8.325171048062007,-5.9150515918502595,4.169231337421524,0.9530620808514413,248.01568730571168,1.070034967215232,0.0367792978381756
80353,-7.120753489430207,-6.2240612446184524,1.5349831400073504,2.8831532009934344,488.6490105686763,1.3051836262164667,0.03678351898104201
80354,-4.743383393092511,-7.806716321888137,2.289498035966346,1.1642093344876772,254.91098711038921,0.19158970571631162,0.03678365948851916
80355,-5.345970824613016,-10.388647256402079,2.2303015825390937,1.6908137719231007,468.08964088372466,0.5523531197921416,0.03678431912162244
80356,-5.250944700899374,-7.803075248762149,4.374393821321558,1.1219751661875341,292.0032072226409,0.7448047742380943,0.03678437503117237
80357,-2.91994456666991,-10.078213301086958,2.9363619190231796,1.3442154435740332,315.4515206375049,1.3148910818523367,0.03679527247321088
80358,-6.799332576796154,-9.615308399395385,3.0953919340915412,1.8437004076422598,439.78763514172067,0.5567930536374011,0.03680935202839364
80359,-6.91418628501261,-9.720077260237037,2.8784391384373773,3.4644782241263963,533.6171240430624,1.1925372280179163,0.0368178101119648
80360,-7.099025894464587,-9.79914326990069,2.5722994362055256,1.0332685771251497,212.07651459790003,0.9772196275125662,0.036818050135323716
80361,-5.508734155068923,-8.318859117832247,4.592427581073919,0.8323086933315829,176.4928267821344,0.15133416853691894,0.0368199395633002
80362,-8.706422040711667,-5.931050489523574,3.251552673055855,1.244671962312309,251.07292403935688,0.029550031581562664,0.036821742451808824
80363,-5.160348861426364,-9.109504536181573,3.7825534335787467,1.3311035237243765,210.49348752168947,0.11442273165254946,0.03682503905394032
80364,-7.271625254482741,-5.4055141242718845,3.9477241757822217,5.654779114461323,450.9535367218656,0.06045548939405698,0.03682564100017511
80365,-4.144645825365302,-10.1609159006331,2.466243396549064,1.4909296738507558,351.8365340166839,0.43030041301666966,0.03682894186849946
80366,-6.110073848618997,-7.3070722263625845,3.8535565945877246,1.3205338888228215,307.89426892646605,0.24006599274076912,0.03682908808324677
80367,-6.0418388107792405,-9.192135250216275,3.775329151020568,1.2276562715656212,311.49950138570944,0.486828905223855,0.036833452438035104
80368,-6.424079314831435,-10.038532669381915,0.08666054751538609,0.9423689351905068,222.71258059878875,0.30471284077811767,0.036856461266441716
80369,-3.2414747109036357,-10.71752451706497,1.546370320056891,1.5052352745272892,342.4563918123004,0.2107476649982143,0.03685696313140596
80370,-3.3162205904775384,-7.868264959332457,3.953018160541195,1.0359101951713807,467.7969605795884,0.8902920602817881,0.03686878351009308
80371,-3.404907123029451,-9.203710304822176,3.5753399779205375,0.7696404852973524,365.51627533511765,0.39600352817009643,0.03687744833361021
80372,-5.820757870958646,-12.659950526393503,1.0977840055307118,0.9954626873702975,275.0418301426638,1.4630314058862721,0.03688307770515978
80373,-7.460944968257243,-6.152666615942192,4.79559872700459,1.3763958311250448,309.719946640079,0.7278663099201355,0.03689748117395682
80374,-8.668127003644061,-6.513443039753866,3.365159884014802,1.7604713461926214,466.73861270378603,0.33248258175379153,0.03689955791686721
80375,-5.215268138617615,-7.798810109110417,2.0204485476247394,1.2724133893390415,318.2933571547706,0.40542267242535157,0.03691051578303243
80376,-6.860104129756488,-9.751865502289466,2.8818161173064225,1.4646914296833393,336.072382107719,0.13829528800484692,0.03691243624597811
80377,-4.996806324310263,-7.699401061435316,2.6661985269801236,1.0933844240233774,290.23769407606244,1.629476978068733,0.036913747754528214
80378,-7.061286453529371,-9.397204288328275,3.1473452278884175,1.5733304034697684,370.87923771340587,0.46462768112359676,0.03691431148872699
80379,-5.800601727153029,-10.23187150945885,2.526508574356286,1.641152513353826,467.9289319040427,0.6125584299618891,0.036924955656690205
80380,-4.493614839627007,-10.891401594131816,1.4624353901710845,2.549509514728944,232.2662853171898,0.2016539621162936,0.03692914027167715
80381,-3.6176225562363626,-9.526339014211121,3.2043495640838917,1.7829658328768316,378.42393458745244,1.762477413214782,0.036930623467966266
80382,-4.729375673834437,-8.367697328106072,4.410400670196888,1.875820570536864,467.42645836651633,0.13587810516760168,0.036931280336805955
80383,-3.6682137919481326,-7.803904577081121,2.651113663779089,3.5258623099122692,539.2643653911256,1.3918848530166157,0.036932494822557435
80384,-7.420377921059801,-5.740343568437847,4.5105709457343615,2.507237464655876,458.61641996854286,2.355322520897686,0.03693772526363801
80385,-4.48125970108287,-8.218932531692433,4.417219372877065,4.160479461493211,569.0276838656779,0.4536309615354037,0.036963072434010084
80386,-5.4076626491313835,-8.64459177274442,4.308301221271663,2.6926206788610045,475.61490730427727,2.407979968412689,0.036964081242642596
80387,-5.870830891262334,-9.311044851812664,3.6208204475804817,0.9495735781328236,197.11788091242968,0.8886802098270135,0.0369647554293709
80388,-2.4276110945772045,-9.965191999811806,1.474005508957121,1.098030568129435,144.4181174168009,0.26537561451912506,0.036965452728728365
80389,-6.5343578613122375,-12.927556220940199,0.9632083242772191,1.429041969946199,467.81963977342434,0.15359415384219677,0.036965657041983055
80390,-6.594351141743555,-7.119130037914737,4.500375012006905,0.6932138607395468,139.4913661297379,1.1262702068275798,0.03697804983442749
80391,-4.201930505613918,-7.753801107706283,3.4784461863699394,0.8307778395823523,230.99704582456002,0.21805113271483112,0.036978802546014204
80392,-8.165749023024654,-7.0238088758837085,0.40427459690602335,2.3579423546555303,442.2660558570214,0.4735330694977593,0.036985647378705876
80393,-6.532150530984291,-8.102702860986788,4.910196079391492,1.2898412050743855,279.88416392714373,0.37658261111098223,0.03698931258430602
80394,-7.8240245931421395,-8.457109353658307,0.5144349866979868,0.9547631147350809,467.71875142878747,0.2860137009367518,0.036990918420704906
80395,-6.41347501654252,-10.366589969314777,2.3173205783382644,0.5558653728572822,135.43323376650628,0.1416904033664741,0.036992434554899645
80396,-4.053043416985306,-10.377061306597286,1.9946761640610065,1.6480331817927187,385.3874328661619,0.037001870015592075,0.037002967927447616
80397,-7.003598656144242,-11.591765642151437,0.9152116163468655,0.9682349547172838,228.986721079171,0.43501030103881444,0.037016589082945694
80398,-3.4793082034324154,-9.403025755907576,0.02079404925632217,1.666125958357,467.81613015675924,0.6743629839488259,0.03701886297197751
80399,-6.923980874190798,-12.685725635337977,0.7084876875838907,0.8339285113147952,200.76007278770294,0.35499336223941746,0.037025002560368614
80400,-7.586233549463809,-8.457665658152731,3.7247704316087353,1.1918473999579742,246.40027746606629,0.10056969241687685,0.03703309309110874
80401,-4.451627211307408,-10.332255296361298,2.1677891449376783,0.8610249745446326,467.3104264864219,0.6790859852946589,0.037033838770903056
80402,-8.07604905384417,-6.143099147001852,4.578043830180529,0.829171254589044,166.88235572796,0.9885393602054284,0.03703387686113681
80403,-3.4887793594678893,-9.406617858255363,0.017573301686667854,1.3768768931721782,318.3479964042404,1.2008151868148191,0.037046153726875454
80404,-3.8974064811801483,-7.9772048256515395,1.8458438746431391,1.6663905616538974,391.8609859351109,0.4458756076261734,0.03705136007517852
80405,-6.088701972526614,-10.036263913427163,2.7723637615696273,0.8660532925985168,385.32264598805926,0.8767837221820338,0.03705307320211258
80406,-7.238060709917903,-6.79345886317977,0.6688476243987459,1.0912928526796006,236.58222071186384,0.5142253375226673,0.0370603345528789
80407,-7.73568798593933,-6.36895708382403,4.909658675936476,0.543246969780542,138.83698256798672,0.556006032424718,0.037061094950630515
80408,-7.055614933836178,-10.83056577355687,1.1604022294688567,3.270781307305479,515.2881648455751,0.8684639099042402,0.037066448072296275
80409,-2.5589968700747328,-12.29186119658271,2.6168460176350954,0.9222583955717821,180.95842603952497,0.38357547715543827,0.03706674797368879
80410,-2.9225724002595355,-8.060528942347302,3.275778980972547,1.1128108222678132,292.8502663742902,0.9596974306626107,0.03706792998206314
80411,-7.113732845263057,-8.665776153180126,4.049276870365179,0.821662492365375,236.4007640689468,0.9032009292876317,0.037074525672782785
80412,-6.7409928490647255,-7.898573680542978,5.011253460643558,0.5492565369670322,155.2230447121308,0.6063826019487708,0.03707641115508623
80413,-2.67708374568309,-11.045274258098315,2.6199721029406984,1.8716888902659852,468.91461174725555,0.6406641854557273,0.037078896279404874
80414,-6.888486037763281,-7.317368510001272,0.9656479925951066,1.0218428310132448,278.69896288714676,1.090037626032628,0.037079928497637665
80415,-4.40221030362061,-9.178900069662749,3.634541795373612,1.0627936775884348,278.2650990470937,1.7003931596690913,0.03707999605094253
80416,-7.640595058230405,-8.712137708665956,3.2477785920448974,1.0465749475315578,279.42445363937316,0.6588206350980172,0.03708132691062103
80417,-8.887476124856157,-6.250178275319721,2.3621587447179984,0.9163432858291415,250.936705646695,1.5917972030058047,0.0370826982140482
80418,-3.6424171500898925,-9.818889359116639,2.86327959910875,0.5994181736045706,160.65649088264047,0.051376665453763515,0.03709989035081766
80419,-5.3687260014779,-7.733773705934192,4.307540016468074,1.2367731983113495,306.96720639556526,0.9038118981908037,0.03710432999825543
80420,-6.419556199491519,-10.500529796041292,1.8417291997435534,1.502139848110481,228.3872968284324,0.01089650655622787,0.03710474914716783
80421,-8.89036799241746,-6.560157430231735,2.16821065331939,1.121082274806727,294.18992575727924,1.106982932907509,0.0371050199814081
80422,-8.604155979166347,-6.309734600591218,3.569089388327036,1.0938456661654756,470.3560658790359,0.11994110677630232,0.03710533270598883
80423,-3.7884946399650996,-9.38800270109763,3.3629404973644954,0.9646581429879191,190.77553045461795,0.38428729716666954,0.0371073365002419
80424,-6.63515831892933,-7.00814333099743,4.317149243825775,1.0658952644557318,241.08056537737292,0.2918726299701051,0.037109907139972996
80425,-7.7346299600520645,-6.655438475418539,4.9549935677334895,0.9295319878846234,245.10388586246935,0.7749239109456729,0.03712210192037905
80426,-3.29491466185753,-10.106112303915893,2.513441329728805,1.1092521232008712,468.4452371147548,0.6611134267595657,0.0371239128285253
80427,-5.99872554527548,-12.739649866025504,1.0755403071355765,2.569949264098974,455.40607381482755,0.9448507207057313,0.03712754215942502
80428,-3.566058953935843,-7.996469906294772,4.206602333946505,1.1320518936763557,468.1307898241267,0.49955266489320405,0.037130258154906136
80429,-6.08746032076141,-7.618400746049267,4.714003078864357,1.8351045934495132,467.5025280452213,0.4964915587613321,0.03713395247439962
80430,-6.3814485374867855,-9.7528484389524,3.0858513689776332,0.844379386955752,224.27182010692565,1.2922676485858462,0.037143070136702316
80431,-6.5166803305636165,-7.877640997465641,5.012411014150907,1.5182228472160413,354.16080015874155,0.2502042057843896,0.037150056973948416
80432,-7.0328005941222385,-5.991860705994159,2.592572226066628,3.040458641081633,470.8574220235546,0.24235056183779236,0.03715333384168457
80433,-7.097569733057663,-7.742703295114409,5.000641900431017,1.3000900575513594,279.64189647065103,0.4156962213561224,0.03715428314083337
80434,-3.3240801958029573,-7.825129770314043,3.78184993562643,1.0194247455972345,278.4860370010161,0.5793802622174988,0.03715939452157044
80435,-5.695439204621776,-9.395486565976089,3.500358505757821,1.497802211933072,334.4035671214368,0.7077640857033973,0.03716411705933173
80436,-5.521312601817028,-7.601336347432342,2.5668235919410316,1.345582322754774,469.8208935647572,0.13858293106189112,0.037190196850019674
80437,-3.45114880712364,-10.678789841012799,1.562625879795962,1.236918122114998,300.5811184021166,0.4489808919420124,0.03719351278756565
80438,-6.087224071675133,-10.129062406631062,2.6611038949176753,0.9510955334433876,161.06194345438502,0.4128842804407098,0.03719493037981126
80439,-4.574784623898732,-10.878250026779986,1.4655388994716756,2.0148954966538977,396.0993053752195,0.9172849689358307,0.03719529085511535
80440,-4.858151255857783,-9.184794586239356,3.6514284372364907,0.8247591808026669,467.0299354397808,0.17430331397421295,0.03719956949379161
80441,-8.680570655311682,-5.113554631349527,0.5682326325477448,0.9768799173281195,253.37290208430238,1.2738780003166363,0.03720028130613031
80442,-4.413739674385049,-7.8354831166723296,2.305830969358585,0.8124721584865195,469.8903429068136,0.13003994615720504,0.0372002914146465
80443,-8.038417188730431,-5.475404144952608,4.4802805197017905,1.4093007355292522,467.3789696790765,0.5214351635104757,0.03720743111772081
80444,-8.065780107409658,-5.234285690100028,4.402706199811305,1.6867695096046575,361.85000426943395,1.2564977601611451,0.037215211542136466
80445,-7.201225007530997,-5.4783886747448065,1.7022434479713353,1.0965064279014223,292.39046590881986,0.8812220441393697,0.037216242474863874
80446,-5.534590437109238,-10.342921476414553,2.331776460575165,0.9693242351306971,253.09065867468414,0.8754691740379821,0.037224537258018886
80447,-5.964825043000192,-7.454040659663196,2.4623828332744906,3.2371811542046376,292.1086978196809,0.14490988021535056,0.03722807549647501
80448,-7.959114061119752,-6.086434138460866,4.687095585791532,1.234738572069081,290.61074161978644,0.4772710669753151,0.037236647449659786
80449,-3.9769919758993524,-12.535842748306782,1.1504881699442904,15.815774531788502,785.0900307444858,0.18423919620212903,0.037238308289183376
80450,-7.368398894938553,-6.829502725699084,5.052040934348293,0.9523514651009625,267.76530860206867,1.8329791999271174,0.037241080272564335
80451,-4.463736592606886,-9.646725542329241,3.094706627941379,1.697580720601123,353.43309224580497,0.29272799571379604,0.03724166277538776
80452,-7.9736959400890335,-7.140998571235369,4.574722087137253,1.2105471756407518,307.31427725772403,0.28837414485331436,0.03724197511125575
80453,-5.231541386858892,-10.342519252232137,2.2958259190434354,1.6248105302770153,467.88667261170593,0.7012228555809124,0.037254451297911904
80454,-5.376644932859755,-7.631683168080441,3.984882265179154,0.9770516697425695,262.2001965188658,1.465308497987401,0.037255121523325066
80455,-4.393442941987505,-9.38015644186764,3.396539033162958,0.8904505144303959,467.73625121356514,0.782978097770342,0.037255954484142734
80456,-6.600932546561878,-7.696671636545699,0.9215632222537151,1.4889897667963006,352.21484664804956,0.5543813783774789,0.037262452937516524
80457,-4.2141400917632446,-10.585631067326084,1.6307422948894639,1.2492349489775378,257.9194068419877,0.04255090340924106,0.037268558264446944
80458,-3.580389862428987,-10.04458610222329,2.5931035046694952,2.2893452630913966,436.8353614705766,2.221805826150419,0.03727236360145903
80459,-5.86594235537522,-7.79065380892275,1.583913467672198,1.1009736120848488,467.45630253387486,0.6705157502493906,0.03727834522835894
80460,-4.055256504905202,-10.274818061701788,2.2577128538086217,1.7500093231123286,422.386729152025,0.29180926893236503,0.03728631710504372
80461,-6.885977516746715,-7.587413570946682,5.090765645603837,1.0670667121438873,467.74229379055487,0.17885165575254636,0.03728878441191883
80462,-2.9342938465137136,-10.31269496124934,2.598406895061282,1.0023885668105867,263.39402622538756,1.118252371498527,0.03729544350462574
80463,-8.527587265910785,-8.11260609571562,1.5635063015174004,1.21399718331714,467.82769878140823,0.7787606944262402,0.03729807996123609
80464,-3.6257972673409427,-8.5890590334241,0.5510618370439562,0.6563657450864528,137.128945438785,0.7926906502678914,0.03730165485454931
80465,-5.962003448502189,-8.543073609172868,0.3498354199549496,7.335477948348888,608.0228406873911,0.11689505760382168,0.037311325066139246
80466,-6.805951144922885,-6.656715657982332,3.913846624600915,1.7346546485185228,408.7356107046796,0.08543835011807932,0.037315960004534084
80467,-5.255266902062794,-9.03823851987895,3.8654396446589976,1.1146614186844706,291.7101216133219,1.0448255647060583,0.037321526063077384
80468,-4.99130127895365,-10.207776004511992,2.4638934511739214,1.8859689792794079,467.5804166611321,0.42015734366492463,0.03732466345073066
80469,-4.225344279173972,-9.942634853770409,2.7275146572945097,7.322930373931924,465.7058789594907,0.09947349075142142,0.03733819478436851
80470,-6.527544761501508,-9.428505437212381,3.436784677628696,0.5523415863620035,118.7259969786154,1.090919664751227,0.037340799656839736
80471,-3.494434943758934,-8.906568481080924,0.2644708582382439,1.6374219399446512,384.54691326708905,0.5638075897247194,0.037341672067312925
80472,-2.945535995563567,-8.024629517095427,2.6042653215447036,2.0818347769239876,188.48790372314528,0.26886884064977057,0.03734322734844395
80473,-3.1775606044077964,-9.402427601258085,3.392935956458629,1.797590739716224,427.0834703190348,0.4779887382327406,0.03734511443208782
80474,-6.047918159093233,-7.463435892954538,2.290169580699725,1.1540215875452144,290.86683566750617,1.4711776610463483,0.03734548172100846
80475,-6.893677893622186,-10.41806453539323,1.5399958208629503,1.0442860718411362,223.37751802298664,0.0038890943420897273,0.0373479876606306
80476,-6.0510463694187635,-10.05806232658026,2.742134691601873,0.9281512312879736,240.9245894818093,1.0850056244965591,0.03735071268605934
80477,-6.021690027932761,-9.020610097791142,3.966654394378662,1.4044217788515843,313.73036401413236,0.27550277528198563,0.037351055804789465
80478,-6.096139264470352,-7.430429632834232,4.360737250122116,0.9290478113071754,239.73727746030275,1.3661464534849435,0.03735258052131925
80479,-4.244629716403122,-10.282324498653914,2.2525523380154473,1.0196564303909657,200.86429433556444,0.37007206612451604,0.03735897479439808
80480,-2.732539702467088,-11.013403472574787,1.6245918458351694,0.9166301490899982,257.4552297031682,0.5553116716705828,0.037360584035274556
80481,-7.0578550353712,-10.167487991967832,2.0356717759215046,1.1986662870455886,468.3780437821336,0.528154393380631,0.03736338013517461
80482,-2.51674884060251,-9.811409401362013,0.5393336404006697,1.0732550006960293,468.14785775652933,0.7770578405503707,0.03736672310749091
80483,-8.257276359483877,-7.015564391462822,4.163580044280375,0.8298247888911361,174.79573879253638,0.3349335821045196,0.03736707312673512
80484,-6.942084723202051,-6.296971601258335,3.490020562699857,1.4703890762705323,470.296855025835,0.021944793475567437,0.03737009371701794
80485,-6.618628972799691,-8.104629796867474,4.896760735730147,1.606998952879707,200.7105716725664,0.4252224404549878,0.03737233107522502
80486,-3.6542273438017014,-7.958023936164013,1.9391551217011473,0.7542875509550339,169.32202417763756,0.8081262223648187,0.037372642883781185
80487,-7.14873767972712,-6.682223935146283,4.8086597013299,1.288953842832897,273.21784199874884,0.06728086256241994,0.03738052315604013
80488,-7.161906389613506,-6.06391441770665,1.4817518823660416,0.7476251331813661,179.6095876210103,0.4135092130159519,0.03738474792532376
80489,-4.050333321748604,-8.719604671723097,0.407047002221097,0.7323213340193118,130.91900574532238,0.3249191598522616,0.03738986914993348
80490,-3.363108720496194,-7.776322653002124,3.3530848191002685,1.844401480514074,440.69800795383696,0.3963784756174098,0.03739326328343737
80491,-4.550582374613238,-8.178705668512313,4.420883399557074,1.6294889473733092,379.7724610773501,0.7443391903191614,0.037407279463715706
80492,-4.659351769856693,-10.412525236462763,1.9227193983165076,3.346776719444088,516.4665590172175,0.6514595912952226,0.03741955442371291
80493,-8.169645506254454,-6.754848969490365,4.431203810655891,3.9202627217881036,379.0868532752514,0.05143991098960843,0.03742146043347016
80494,-4.042526372599752,-9.441326178869337,3.3120401861186,1.828800671503878,451.90025024023237,0.03476690974133945,0.03742917400497829
80495,-6.753412245749445,-6.916729345674241,4.40977903119735,1.8039680340900544,469.8951541049154,0.07024664683612514,0.037432231998251256
80496,-6.957716151939882,-7.139022216381162,1.02800628434731,1.3767612639453268,300.1209043912545,0.4376248820231554,0.03743467021147129
80497,-7.872833977865707,-6.780484708037836,4.826500631972956,1.624175997607186,466.9172449663802,0.28358940215683237,0.037435366395926276
80498,-7.279716922569034,-11.009504613169506,0.8305978971910148,0.743478465278328,154.4810217443245,0.0182337449951957,0.037438214417257205
80499,-8.316797231618361,-8.617827206636576,1.3317983581786417,1.3185929144617285,295.3756130672877,0.07981951868343895,0.03744292019458126
80500,-8.180701890830939,-5.814752822172446,4.3659271500234995,1.0849866861958497,260.5160890554618,0.4664683991949916,0.03744302819524362
80501,-7.065864775842531,-8.981338344158324,3.6784962012194296,0.8495440883216322,207.45559213277085,1.267518718707854,0.03744798314977588
80502,-2.945109375822553,-9.006090790517332,4.033398898354877,1.4398153878595552,468.66125166945045,0.5597757070620863,0.037448098236949244
80503,-7.579009176252673,-5.741200918403038,4.660864885806625,0.6684817685588103,136.78599994174024,0.07953820115962618,0.03744837295709166
80504,-4.875674104339608,-8.106197149425181,4.478327451776769,1.8906056004836709,468.2868408441545,0.5632251406533912,0.03745414196524632
80505,-7.836555040051248,-5.586380840987187,0.22367728966179823,1.3480490562413052,218.47525124678393,0.018941589449984697,0.037464725444288395
80506,-7.0001973386956555,-12.567682511686751,0.4091607133988548,2.330939905599917,437.78293460677446,1.4155449347658884,0.037464811331844615
80507,-5.700316905455472,-10.393906477438703,2.271506002761546,1.2872857678365488,277.6267822359447,0.8250991975718405,0.03746514649816192
80508,-8.599824504241344,-7.472711134399412,2.7836082647341214,1.0079246551855028,269.61846934907567,1.4399842843925539,0.03746648642775829
80509,-4.194287794292939,-10.931207406468552,1.4412661660228676,0.5083709758638285,123.12434478830473,0.33198705196073774,0.037470060792445345
80510,-4.693433650982799,-9.35818638702072,3.4357973115667955,1.2889539102453234,467.46051393027443,0.677183206292912,0.03747309272514198
80511,-7.647563344665825,-6.384598577555628,4.934534212285949,1.2130825185979868,305.69875631228246,0.6639363854387232,0.03747463294867017
80512,-7.044753238347812,-12.17007046827171,0.5774622348458438,1.0342114524993622,468.3964157503314,0.33004390461743593,0.03748308919335344
80513,-7.5890498714470835,-8.872925185325428,3.0920875017064215,1.4934955915363295,339.68464078720467,1.4076941532183076,0.037483797038691716
80514,-6.814881040603737,-6.607703695169507,3.7538895399580046,1.8703558874823516,460.7910026850519,0.6353160313929456,0.037488123016236545
80515,-5.6091792011094475,-10.487904238612183,1.8926788422461256,1.110718053851006,291.0708108474726,1.8891808085472244,0.037493643266202296
80516,-5.488242451763316,-11.161211640415527,1.352406112506586,1.6980360567176709,402.2764730582288,0.8870244465565547,0.03749576364856081
80517,-6.773636700667618,-6.872237432564851,4.358459571318161,1.2298032619736354,293.29709339731426,0.42995223968743534,0.03749966521189567
80518,-3.8715475936656514,-9.566678837780577,3.1585442457034656,0.5817909594758323,138.71010979586814,1.0843568472629554,0.037508177783184646
80519,-6.998298005944518,-11.27387416842914,1.0210248867010645,0.9586593407747079,468.2427917964039,0.8565437689002309,0.03750947060872262
80520,-7.757577180886939,-5.686510347532802,4.6827285781222265,1.221441437277716,307.38968718383495,0.37800355498790505,0.03751175597472819
80521,-7.46349786921569,-6.613959895973119,0.38208230167283586,1.5646388512628757,349.1371678495477,1.5706890644462908,0.03751925975697846
80522,-4.608038489201064,-8.091712008103105,4.4110528304264776,1.0866837374617715,224.03388982499163,0.22662539052050779,0.03752071424955352
80523,-4.3101409035970075,-9.871930352336184,2.8142337454645863,1.117529292960239,261.3830233779059,0.4722964875117821,0.037523919661624355
80524,-5.560013099809598,-8.428730771417097,4.51674633526511,0.8070127900670676,469.3125277356077,0.23463400934230894,0.03752521937113188
80525,-5.422995371190589,-10.386898882706811,2.2105357225610165,0.9482269669116726,265.6509033824894,0.35843696552060056,0.03752919960306276
80526,-8.840111791822874,-7.045209512840095,1.3788509707838295,0.6836549086346106,467.3333342271172,0.47903159114695093,0.037531380063389214
80527,-8.188356555136608,-6.184030758429543,4.417847495990541,0.537450105928224,132.61486947285766,0.5951909592403206,0.03754663042513768
80528,-5.60959760704569,-8.089011679058203,1.0423332544969555,1.689365289508955,468.5478440496611,0.1139454155238262,0.037548949918051876
80529,-8.899639899754975,-5.9508445862042345,2.2088347502612264,1.38704637088642,311.5635634295561,0.27606706183223295,0.03755058712122746
80530,-4.525391026447983,-8.220091389194554,4.407481130463276,1.0457708861992745,270.3315665262082,1.7345894951853795,0.037564937172362
80531,-5.962874832444809,-7.40451732299585,3.959101923512986,0.8915638107804116,225.9567219771893,0.9783896612743908,0.037572252987283776
80532,-5.802789446740177,-9.950072168581663,2.848579164881411,3.1747025037565058,512.3936476346225,1.2939307147343753,0.037578368595574674
80533,-6.957583431943376,-10.329860362327203,1.6305447999852039,2.5496515332722565,459.94054680200435,1.5209185848647095,0.03758285629232952
80534,-6.942968625794581,-11.986372303884846,0.8397401646024786,1.041322424701376,229.65495789011425,0.33877515691079285,0.037597742557529006
80535,-6.108151277661164,-8.328826700087419,0.4997019226389193,1.1701968095660187,292.3105280658701,0.5805621008922257,0.037599097593287674
80536,-5.891077975091969,-10.449366732952752,2.1402928089686513,1.6792764116568168,394.6280329054418,0.18667133512828027,0.03760515910287377
80537,-5.3234108824872575,-10.460781974989006,1.8916018244852435,2.783426775066396,477.2482150168167,1.0414821304536037,0.037605721902604666
80538,-2.7509006531909623,-8.815518978530356,0.5020396736057093,0.7963528322477698,468.0792755802465,0.25513502966276214,0.03760899574867555
80539,-7.4035751258195655,-8.416863320556867,0.29058336845115373,2.7256448467172745,478.4653204739024,2.3546896881061583,0.03760953376602104
80540,-2.7008619090090296,-8.995916683535803,3.847959307724149,1.131298793539536,467.3946479578951,0.6580888911478917,0.037614087254501265
80541,-7.41967437853216,-10.588548619829087,0.6288899391125615,1.0775647425574895,277.91074074925075,1.409910289081913,0.037629583192633646
80542,-2.971224815410517,-10.490438101458427,1.8586418259585415,7.090169048329257,701.7372827209007,0.2928442737971695,0.03763122464005069
80543,-6.9413446205774765,-6.678907221082682,4.428558597208305,0.813464982504702,468.7354446137127,0.21760602139695884,0.037634319900964615
80544,-7.745214831563073,-6.552359095091224,4.927489342077805,0.6913146120144629,140.95743335423816,0.14604311085302601,0.03763534846177985
80545,-3.1892121024736433,-10.22071127321653,2.3564010000708473,1.1911156995571688,262.67462474381284,0.40304428000733505,0.037644013495005776
80546,-8.872938621559074,-6.470869315458103,2.4017676779737505,1.1225161278032816,137.22891593527214,0.34903214408228056,0.037647305312327115
80547,-5.012974824677167,-10.21230938911663,2.438564020678213,1.8756927131301182,450.6816024710245,0.42629827100162476,0.03765456176071041
80548,-5.35203691000285,-8.859277119047952,0.2294665854935253,0.9064533774336062,468.24139672406295,0.8862226854921387,0.03766154873464493
80549,-6.8419959106249655,-6.634213394246869,3.9734365146859036,1.3067310584344978,468.62997240965774,0.529377141445285,0.037668577776957216
80550,-6.291906669230341,-7.1669074270194795,3.0990690412543334,0.9835407612988153,468.8626606363253,0.03759053459019057,0.037669103557753256
80551,-8.661466131108382,-6.684309903147177,3.322267020510888,0.6630452031092273,188.73117451267058,1.2202662191443094,0.03767789764658992
80552,-5.456076906892629,-9.172786063286846,3.7271616488575945,0.9116438982058036,229.2496313750517,0.16751739959203338,0.03768290180023848
80553,-3.244778806004069,-9.05940530143845,0.1962750689675519,1.0917046717562022,466.9571261349076,0.6015134933341129,0.03768481966358878
80554,-7.529079703022164,-6.980607927442234,5.043541396279577,0.7245713343363238,165.80166527546183,0.961293038141875,0.03768617640903762
80555,-3.707798018855309,-8.703888961594473,0.4238719429494082,0.6716274882897316,193.97776890271007,0.5438848235477396,0.03769034562766836
80556,-6.135968263796694,-9.54404240964387,3.338959188834809,0.9579661758952892,253.85566790790833,1.5031501701247736,0.03769954566326145
80557,-6.986815755057975,-6.119535576503391,2.9837001070391076,1.11202793461066,288.48138036683923,0.6988665284543059,0.037705925114060054
80558,-3.550758061345177,-12.713790599205387,1.1374601252098366,1.2574542879216764,306.4932580264427,0.47898869967753566,0.03771160041485683
80559,-2.6045962066857964,-10.241832164599284,3.371555252291338,0.9129538949470408,183.8305639618028,0.34819692160883164,0.03771515864367571
80560,-8.537440337890947,-5.534646522948848,3.6595987365129146,1.4978341073046595,339.5071484467674,0.422697805555881,0.037716063341663913
80561,-6.337575172387542,-9.34396876774585,3.569985591594233,1.181224210317639,468.48195714839085,0.24365892445369486,0.037717262411450764
80562,-4.016990176026438,-8.082300118930451,4.322464871164262,1.40987098160755,467.8379836386452,0.785592174192856,0.037728452096774986
80563,-4.554389581146719,-7.722342796957453,3.108633731826457,1.1789736418845393,467.61151640176814,0.08842213753260442,0.03773880873923074
80564,-3.476698054658952,-7.781266269521217,3.1335843403518298,0.8682404232263253,183.62092222754336,0.80233199179622,0.03774272645873639
80565,-4.5386317660728555,-10.52913639295653,1.6877930345027239,3.841941703245293,558.5499290333303,0.9982439974589807,0.037744911957129625
80566,-6.7027171095982165,-9.136827300979208,3.7241029076208294,2.2270439337031895,429.7736941138892,1.9710918789189202,0.03774877789938141
80567,-7.968609038864738,-8.166894402245173,3.419611085877239,0.5287699779542595,111.05931802226183,0.37509704237065566,0.03775064611297401
80568,-4.30717425262272,-9.074652017022173,3.7281445196267673,1.6891188818026583,397.530982251616,0.23558784093751672,0.037752389842731986
80569,-6.7561774389786695,-10.639962580550108,0.19189809868679755,1.807679749242195,431.4883595088704,0.29747257620598866,0.0377539734148195
80570,-6.371749371443105,-10.50814671089357,1.7529686985802868,0.9234001409610376,466.7368034822602,0.6908922552400396,0.03775583316503245
80571,-5.999080839631736,-11.542467110566804,1.2169170380509657,0.7120664021990255,468.04880010713345,0.361026465710105,0.03776185478011148
80572,-6.794776398660674,-12.285911691364884,0.9045424741346385,4.482835871706215,589.1814807626939,0.41125675156893937,0.03776879513631702
80573,-5.42984841944855,-8.151495179304828,4.619947555572525,1.5280891352660293,354.01108349668596,0.8296092158676194,0.03777228107657973
80574,-7.109733168870829,-5.98313051295784,3.831870352870726,1.6130568286738565,377.3352968837302,0.8975923005654414,0.03777707683797804
80575,-7.655549374373104,-5.2783290117645825,4.53405744986671,1.8708270769846713,467.3281614063419,0.12117816941629034,0.037795706807892904
80576,-2.698331204093634,-10.876623364817373,2.734500179431665,1.7693351119214589,467.5093417759096,0.655026469570676,0.0378049977782682
80577,-6.3472542630666675,-8.582634939931996,4.470880837163268,1.7552059030482656,467.664325441169,0.19503039541019795,0.03780561143599938
80578,-6.1658676734103555,-7.279360818466194,3.8657967401567115,9.096759264230554,332.9864179258036,0.266993073349874,0.037806447698528686
80579,-4.639982730230766,-7.70933593601941,3.18547063791076,1.100776873429029,280.13107159445985,0.9006773655995062,0.03780911737924997
80580,-7.223789457421881,-5.0520176616034576,3.310276230921441,1.5223488441466568,182.8227284811955,0.31040332462329623,0.03781912526464517
80581,-6.413208335532072,-10.486339399623377,1.8669358979696784,1.1270700703146255,234.19394011952605,0.3554105051120162,0.03782095344291493
80582,-3.8912739730640773,-8.099646796823802,4.310519892358534,1.8542353766906463,459.1788986215863,0.7324675192303642,0.03782990389568931
80583,-4.163440755889342,-12.845559980015883,1.12862356783187,0.8509712106749905,468.09428789613605,0.25558763555774267,0.03783452973314055
80584,-7.938903756710152,-8.812231829724727,2.3559812809507754,0.8664479518712253,193.53062160462315,0.15996466301263457,0.03783626395475169
80585,-8.7366821981326,-7.321723804660417,2.389140841797611,0.8004574440831762,146.89832194892048,0.375191872770988,0.03783906430704266
80586,-3.846169107608799,-11.072076351507043,1.3931760488801308,0.8820202091223033,469.0462220577481,0.5643184967767292,0.037848790960535054
80587,-7.270154503735629,-5.1295499054884734,1.306721131239568,1.9001042517853026,458.7716134516312,0.43896939798867596,0.037857630335320656
80588,-8.349448354233552,-7.846218107180852,2.97830606302614,2.9395936162786724,495.3535134812622,1.7918714917381227,0.03785963634186585
80589,-5.353076540501669,-10.061920427655155,2.663804653198511,0.5570150439749952,116.1703326009415,0.013660800363492598,0.03787154766853393
80590,-7.573246573291308,-6.758706856908334,5.021228104824937,0.8346221372468619,204.9844987653281,0.19754684450566007,0.037874814860660855
80591,-2.3916785732184174,-12.640448801930098,1.9726544541421316,1.1381182145082875,272.91689092392903,0.5053185874855339,0.03787612822361107
80592,-6.225354865274113,-8.655525592844155,0.2305613746948253,1.0875033357573314,466.9575592282853,0.5996483771396539,0.03788117237819259
80593,-7.485773986444161,-9.592969220072568,2.1469915006378715,1.5817123056856488,366.9970459293969,0.17207645159398233,0.0378837233274695
80594,-3.7087836507153877,-9.096521639320178,0.14846783610776507,1.9557851746879538,371.7645806015984,0.5049884144837131,0.03788655484728582
80595,-6.8098380474399,-7.270383128598484,1.2323490815696037,1.049120649846617,467.39349379508354,0.03751910341711806,0.0378870917246279
80596,-5.015228334905283,-8.009449747733878,1.573525469515973,1.7811182312753586,422.70884695621805,0.02494896333192198,0.03789766706276014
80597,-2.6029373499230344,-12.549404079749364,1.645599354579241,0.8159680783760309,236.36003337077034,1.6089632951213035,0.03790391903645408
80598,-6.773392111311425,-7.2100212169567435,1.4255049882307427,1.4697536549750456,339.2334045902385,1.7735271577452805,0.03790603186994906
80599,-2.8346517587631226,-12.139752355401926,1.2597523491686466,1.1830877461401028,251.26253507847323,0.746117270400001,0.03790668777629628
80600,-8.04163109889437,-6.434666497768247,4.639948466118699,1.0963157863577881,195.9272893046059,0.1202744725411895,0.03791200614667515
80601,-6.781919865797386,-9.57176204637683,3.1408262840322148,1.785074792041994,424.8217350518738,0.39913423392348246,0.03791210152258728
80602,-4.037797884073006,-7.896661293648106,4.076039004154446,0.8999604712431581,469.6033932367192,0.1284658673234107,0.03791974588274568
80603,-6.39793841392649,-8.600842197397878,4.445521880188385,1.2752491451222263,309.2805371987582,0.8528123351978767,0.037919890473364096
80604,-2.9856270205781765,-10.122057344332946,2.719331317791005,1.6356826780368958,356.09782597515596,1.2059244674251959,0.03792244984215735
80605,-8.092313092162334,-7.7128373872516995,3.814938124766531,1.889770319265989,468.51354355519004,0.3256983226828689,0.03792371559924045
80606,-6.569846211455442,-6.958440677858586,3.841742452281126,0.9410162549707146,262.8818682603838,0.5933800157647822,0.037940451640377654
80607,-4.129308702828288,-10.428386605821974,1.8146285869438028,1.6043071373614497,376.04906156252883,0.8254843097018689,0.03794574452603713
80608,-2.5719798281787165,-11.482988102698775,3.024613145737202,1.1279562508436267,291.5929114155878,0.9291001963677115,0.03794583588150331
80609,-4.577952883402156,-7.745122685733421,2.7919067892997433,1.5577216666023144,407.5777901018622,0.24227787458668804,0.03794916563814227
80610,-2.39294388700311,-10.888070147638327,1.7966714916871043,1.0423642099653756,281.0750633572834,1.0786083260428896,0.0379494943435585
80611,-3.822058167838045,-10.254735125533227,2.257947307394701,1.8340940503808754,467.10262325882985,0.15921955757109885,0.0379595211397093
80612,-3.29214326589727,-9.082277949923647,3.6872552893711017,1.3943069506676982,468.1585661739396,0.4823918287704414,0.037971254078380416
80613,-3.1224894929046414,-7.869461771816699,3.5146756218194777,1.0518296078857419,467.92685829755084,0.017385685444430088,0.03797644352699008
80614,-8.894386153380498,-5.29344607465727,2.172453752358428,1.1897308874127093,257.004070276263,0.9493796650353312,0.03798143343749664
80615,-4.081573441653507,-9.756384362671605,2.928207547305079,1.4414580389597587,470.0477697805529,0.16567514005105544,0.037985472233022434
80616,-7.764853562917721,-5.002935757282853,4.489279571761137,0.7130700614953374,171.2564357733424,0.7632222657911845,0.03799167900061908
80617,-7.267907263199182,-5.426001818393378,0.9654276730245125,2.0195539956520845,407.53751665022554,2.104505643163958,0.03800481366518867
80618,-2.826357564490668,-9.447805389860774,3.742526922649619,1.0505573542839284,276.2233672667198,1.1330133336516175,0.03801638519713132
80619,-8.474371921432645,-7.456987080140681,3.2212861289196533,1.6027774277609972,372.5729951398457,0.15353805825856082,0.03801777112353754
80620,-2.549920312905625,-8.97818292915511,1.0278391098910113,5.264568259722392,323.65794895904963,0.19582909548205318,0.03801841891956482
80621,-2.6861037481189722,-10.216443401048657,3.2802925888778676,2.249881745328208,431.9508369881554,1.8689282382611436,0.03802034950662977
80622,-3.4025910352261963,-7.783757706945893,3.3625294575344316,1.5566148835030826,349.26688522456527,1.7224940733883747,0.038024419220964695
80623,-5.578294054643687,-7.733580846266113,4.4371180177414,0.8948382456306656,468.2094627759714,0.4903591367115032,0.03802602954758348
80624,-4.853458592072229,-11.066122890124985,1.388737452817457,2.2201238489390946,417.10518758416896,0.8227758650981736,0.038033231213058384
80625,-6.251771694156615,-10.454313065770204,2.1505052280170327,1.7641094023597623,418.01650293169047,0.5013164184927037,0.03803565496549567
80626,-5.8494432036765955,-10.347729916115107,2.343450319650269,0.8221679128292402,141.5312517142741,0.2808489374356524,0.038035938983313755
80627,-7.2945582598390475,-10.220014154136297,1.3594573542275667,1.3346529302785286,285.10637504298666,0.12133823547579503,0.038045436419399094
80628,-8.501473370596067,-7.702802726513681,2.736312976854622,0.9059949336785652,225.26665309170315,0.7311854244674212,0.038045909873848774
80629,-5.653913822487545,-10.93293199557031,1.4205948186417447,0.9735158392315165,270.7437977072153,0.35173109252605883,0.038050269039918296
80630,-3.684021567950536,-8.677866970289497,0.45447411514352554,1.7211579397296148,407.4001307280874,0.4751166724566698,0.038053800135351534
80631,-6.586765570962642,-9.001197737197531,3.9312752300147222,1.19865395904897,260.59231145765824,0.6992704034790007,0.038055648046008785
80632,-7.406002101785025,-8.797652369813452,3.5074401604913277,0.9712495790198679,194.3863029073533,0.9068368303998335,0.03806186523633251
80633,-2.789475244923654,-8.62373319895618,3.9846514684720877,1.2391952819601366,310.72914133017747,0.5713013100285407,0.038064999081888956
80634,-7.85049105085865,-7.238261895697807,4.6704607836762015,0.9737712847474581,271.3293436296652,1.4786129333444658,0.03806708321911256
80635,-3.3907859603948864,-7.8592960028857135,3.8876403402904085,0.9955284486735743,467.48941722947,0.2582835112407986,0.03806750922467718
80636,-7.253281668008792,-5.4003983724497795,1.421613600809803,0.8295216806085132,184.72516381820373,0.4240868356851548,0.038075312164254436
80637,-8.134935578571483,-8.950019475920486,1.3314289399822785,4.339491850261979,588.1656062607263,0.7901325720095365,0.03808121529345086
80638,-5.903662789553507,-8.417603697287582,0.48501403152155115,0.8473728284372322,467.6938710542876,0.3316827708032939,0.03808560732433208
80639,-8.640897181787267,-7.746082940813801,1.9395733840731546,0.8118406958570157,186.4072246302103,0.465772738649993,0.03808693813922997
80640,-7.043645543163734,-6.101903160517952,3.61254174094408,0.8498873899155849,245.08088417645874,1.038240239459669,0.03809096022987088
80641,-2.3746470168579172,-10.5731313279797,1.215785244522748,1.8687715913225589,450.03656271691926,0.16945053818993738,0.03809230074433998
80642,-2.8588261184837265,-10.556556695811384,1.945010678379239,1.753306846274805,415.4775261573562,0.3618500969048073,0.03809437392746086
80643,-3.869834384453034,-7.797726012528067,3.669176042063704,0.8138658770027537,221.61825930636988,1.0937244469173129,0.03810362065801024
80644,-5.1180947494278035,-8.006486762257573,1.531385555949834,1.0033796181030625,226.41420314515065,0.19910535688941255,0.03810631088798005
80645,-5.465042116660749,-8.898349439907342,4.029083495633188,0.7947085502936003,205.4562578603767,1.0464897472768184,0.038110009952052507
80646,-7.770445556682559,-5.351285450471482,4.574078894349643,0.643850306068836,133.08046937510332,0.37397531579140697,0.038125850414080564
80647,-5.190675010038726,-12.160946045757154,0.018383993325956634,1.8684024083644815,449.082696818576,0.03933319354513909,0.03813138883837572
80648,-8.469356440802411,-6.3505729905418935,3.886911663517278,2.7926417034672024,474.6182742061366,0.8493066523139836,0.038131851516007544
80649,-3.811350555802969,-11.679310501370841,1.2419300385762309,2.5945077755745154,368.47661791809577,0.09413641243053039,0.03813299495647933
80650,-3.7031642397220477,-10.30794387651228,2.105704358463282,1.7231421509164342,403.9493468408381,0.0006380533149714651,0.03813547313441753
80651,-7.346302940651033,-10.676535010111389,0.9651048274737463,1.0611934468237596,283.05232874071237,0.8398113992460363,0.038135495155561354
80652,-4.9395106512121645,-8.399503067851027,0.7160330075301068,0.8803116423964555,466.8166629206948,0.35545741610223214,0.03814989250481927
80653,-6.9465984930308835,-8.237293067339298,4.6619476492748175,1.0098872951778082,245.18858465557042,1.2152101655716416,0.038156203134541086
80654,-3.5792900428396415,-11.911977196965742,1.203772474304741,1.3524518343372236,292.06946300747353,0.383018366969595,0.03815948198504829
80655,-5.152843531783437,-10.423312155692999,1.9638860705989747,2.6166075417257098,447.91134094470226,0.35682983142507574,0.038164203500088666
80656,-6.9861873939642045,-12.457453474931492,0.392379624471352,1.3249897222811389,300.4548795904,0.25977554520321355,0.03816711473920952
80657,-7.479791510767713,-9.426167300218108,2.4397164556058923,1.0080791988843185,277.4397269025267,1.3498903876683164,0.03817376259241975
80658,-8.374863483579103,-6.028005124163948,4.065878195686528,1.1219462967615288,468.0741095286204,0.4111106389057264,0.03817479481033711
80659,-5.908067165611771,-7.459853329081414,2.6159476733552185,1.8047065696275568,467.9344848681082,0.10747232520623928,0.038175387786605466
80660,-7.592190188474321,-5.908751141656778,4.724779863743852,1.5025615808064396,343.0273195072678,1.7457092546054538,0.03818421578780201
80661,-5.145076490555932,-9.184182218796074,3.6685239560846616,0.939151720601825,193.12635336690408,0.5101780561643761,0.038189030948633296
80662,-5.571480592251654,-8.512209295901778,4.4398172078079865,1.528116671391197,346.84569831700657,1.5509670038109222,0.03819311757292573
80663,-4.399144227212902,-8.937660413847377,0.2395884154142589,0.8820518483274536,192.3239231947402,0.8064556368175007,0.03819333635524829
80664,-7.177977044520491,-6.688516548174548,4.835739938067222,0.71429972913448,193.79010987426403,0.8519495871250085,0.038195532949131236
80665,-7.026034762934308,-6.0435952309262495,3.1783562996295824,1.1038922939511244,285.3800704925018,0.49971664357005974,0.03820790775595092
80666,-8.836764210554088,-6.82825786735874,2.4217975429891583,1.3629053596950225,328.384682119232,1.0893825138264974,0.03820975293142506
80667,-7.959220362637653,-5.097516859676703,4.450358162577716,1.79004725189301,470.4828912141617,0.22436329045862013,0.038212469866282385
80668,-5.657807688464144,-7.733319792507151,1.9435741103595168,1.8236072188048948,434.59087127380855,0.1730734110177936,0.03821262806388866
80669,-4.5449535438251365,-8.134243060539502,1.3820635505110854,0.8303852933385927,468.40642030250785,0.18915786221118314,0.03821319478611425
80670,-8.701957847773816,-5.922343955180286,3.229770817469585,1.895971575559601,467.845671630598,0.37240918780088084,0.038213764787367765
80671,-5.144479589917355,-8.45755608376323,4.390897680750906,1.1803859954999363,287.87541948557697,0.7266222126734769,0.038214204059198356
80672,-3.027928937202847,-9.132921950054993,3.7877144318275215,1.6596180572602688,468.0600231362822,0.7082098222124245,0.038221919031457226
80673,-6.840727457959986,-9.20466300676441,3.5574084922692686,1.0505799094165842,466.05073242499265,0.05455168329108595,0.038227214019416575
80674,-8.205848794479811,-5.158248190166529,4.213137274527825,1.5496553849370225,347.37065817319194,1.5790967730840508,0.03823746784705903
80675,-6.124201373926624,-9.779816301159206,3.054255180131817,1.220448132768382,468.74487847220945,0.3274620649705513,0.0382392111115411
80676,-7.780819836408255,-9.05619401765322,2.3380056396684714,1.214289624313614,303.8095832865191,1.8457531879204856,0.03825371911291668
80677,-5.621576697213574,-8.594544883864561,4.365491481594808,0.8065954219800131,237.71795546307624,0.45272488522259646,0.038254827610179946
80678,-8.204262321634404,-5.295374798294765,4.224290249910413,1.3642482889291165,363.9689165390185,0.5792023429829554,0.038264323552301555
80679,-2.644154957819108,-11.151732321470336,2.4398779296355007,1.857484296187628,469.4819465933076,0.2329319117457045,0.03826519530004119
80680,-4.118713895391931,-12.484879280799442,1.147574492718093,1.1942571088494716,285.6358466066538,0.9496303536577635,0.0382657937197358
80681,-5.048133940527651,-8.034137430874466,4.477616440199941,0.6458485525023211,120.13956447453111,0.060764535278036824,0.03826723282092903
80682,-5.138851611178783,-10.114428204326734,2.575236107322824,0.6382475269379317,147.68261618268562,0.19039222937122524,0.03826802695744846
80683,-4.407811576525868,-11.498232682553944,1.2715527544411538,0.7768819806347543,157.45844667583924,0.9908343444678609,0.03826845655689581
80684,-6.187652510557026,-9.788483291918675,3.040431894635651,0.95374714823426,258.616570046047,0.966112311225297,0.03827154199289389
80685,-6.6354905620514195,-10.015601716719265,2.668740406501551,0.9987245005860583,469.73332631380094,0.04935236900091411,0.0382738806863722
80686,-6.76800051859655,-9.11185318765067,0.13224984755006344,1.8140345965966669,437.11793348604317,0.8949537244357186,0.03827495405223823
80687,-7.862854410330123,-6.146271166439081,4.764614289294795,0.9835394950018727,231.23813038509292,0.26473397056410075,0.038276264979804867
80688,-6.564554053615957,-10.284252695605545,2.3497547953537614,0.7139406544946326,467.4399973951479,0.4726383208072784,0.03827671979367033
80689,-6.84461997969685,-7.186966614591231,1.290255118201073,1.4894702363299406,341.63037412895,1.7790909849740517,0.03827703337193408
80690,-3.35011910582193,-8.932220026279857,3.838881051696184,0.8577121497545508,232.93188975358527,1.2727237491764605,0.038287791432629635
80691,-2.9207305785182616,-11.920641251668664,1.2570628818334337,0.8600871353704538,466.6734024780147,0.08326410534001383,0.03828941413743826
80692,-5.541385345198638,-10.441985295406672,1.9961624113190766,1.4138831958484888,468.85609602082013,0.08197611114937597,0.038293269914071046
80693,-6.964377353583966,-6.345601395535763,2.2577708616830727,1.144471094910832,299.56356944849705,0.3588229841346715,0.03829854792058511
80694,-2.6229901445268933,-10.839540894829852,3.1638054394915205,0.8805876317656901,236.92010627236402,1.2048730651265842,0.03830512456716725
80695,-7.62683363595983,-10.071950148080067,0.7093976758382292,1.7473140582349445,418.5464931711053,0.4682144966415036,0.038319786343298586
80696,-7.402854733728497,-10.608942557891357,0.6045263328938999,1.7478298031010975,412.6077999361639,0.33259637749978044,0.03832147076274846
80697,-4.98589982286417,-10.415397804576394,1.9299821804206474,3.5676477335989127,532.2617174395726,0.6151461843733594,0.03832716596680747
80698,-3.579034433782083,-10.844842066421737,1.4682926063828952,0.8083110302677763,192.7359151888291,1.090527773299594,0.038327666961243435
80699,-6.481971790483958,-7.7797794365850805,4.99811805514442,0.7983643807886733,467.2569961390801,0.24718751376774062,0.038335447094039944
80700,-5.325145600532586,-8.459816903816389,0.5741725635985466,1.1110051897246604,467.60615810803995,0.9015063251318916,0.03833700709666198
80701,-8.025519584345972,-5.554301048102876,4.4786934533307825,0.6117369733407828,177.13001399241915,0.9565699652618838,0.03834325831659834
80702,-8.818529749625405,-7.171196732272792,1.178793549246528,1.0408786613633147,261.51617360104905,1.3583122709350075,0.038344040266020764
80703,-2.744969742226939,-9.104192676412996,4.006126273951945,1.1718850265017653,298.42114002085106,0.9856292682141055,0.038347085688944835
80704,-8.823907308036645,-5.982864469647448,2.7414244912377943,1.0666721971922228,259.7746832633286,0.966927835092739,0.038348362478756476
80705,-3.3587154797182928,-8.356087871474493,4.289404618626669,0.8734805227524769,177.1965551960371,0.9167558816816497,0.03835364816820787
80706,-8.772415609762804,-6.191384997461365,2.9721446425226437,1.3491446005245415,468.6673059864995,0.7659453969783039,0.03835601374240148
80707,-2.522944925094933,-10.193060452247943,2.8715325335974615,1.6066014179972279,371.39679367143776,0.0006199200240031288,0.038361864180830665
80708,-3.5568572145377866,-7.993959933976987,1.8517663121621297,0.9070085006678056,197.08852739950132,1.181197842904207,0.03837168751920236
80709,-4.072723650637551,-10.375594075792293,1.9250557555092014,2.060482422356351,410.2927022350636,0.46887536456502676,0.03839187580675653
80710,-6.210493946672138,-11.921919715859518,1.119655303151595,1.100945476616474,290.40721396457957,0.26752585400527806,0.0383921260027241
80711,-5.414376781385524,-10.649986784281744,1.5749364121735392,1.3485059340162417,291.0396478700405,0.8312009644147773,0.038392697725644125
80712,-4.547863009325603,-10.111336584552559,2.5224899951897597,1.1054800671285225,286.93907362190447,0.2229037219721235,0.038396433506728854
80713,-5.796015754867877,-10.384162703536541,2.2629866498011606,5.3826880912894355,416.93133471142016,0.09879433979388441,0.03840594518137989
80714,-5.92534904661794,-8.892416148895478,4.096184691579107,4.870661637241018,613.9331544703797,0.5307555420475785,0.03842093520415836
80715,-3.1533934987227,-7.943597834118172,3.9601923600801934,1.6723745733523847,394.4581558850116,0.7311104022881514,0.03842140630739725
80716,-7.43710180430682,-10.287925282330363,1.1239529743153585,1.9079606631591268,468.67829822979274,0.5336844632581803,0.03843919869989949
80717,-7.151952587726276,-6.079325916641414,4.118229172222007,0.9748993156817417,469.72309028476053,0.1706822691153702,0.03844897029084138
80718,-7.077173645214685,-11.939554754035507,0.4653050311259605,0.6969812780428027,160.12064158277914,0.1064646932111506,0.03845450014815288
80719,-8.001206471589324,-7.396541201938764,0.3884455246101095,1.0928996695010718,271.68371129460496,0.5804061364010407,0.038457461624762886
80720,-3.079521910479529,-7.924095101179485,2.3713219481592196,0.985123099409875,273.0573135966044,1.0485058180401179,0.03846045624861249
80721,-8.888479609694631,-6.4218052964363395,2.0793882519496747,1.3318847683775432,325.2135730963293,0.531408042344367,0.03846253274651578
80722,-6.353181890301462,-10.330448478008773,2.3399512298050804,1.7699680927119434,467.3771893290928,0.2857063209522215,0.038466376816066856
80723,-2.6843363752852456,-9.532426525081751,0.1646218779903217,1.3371261684495421,317.4608517379763,1.208066987800362,0.03846829952154175
80724,-8.84745848816367,-6.1942543451107825,2.5962211727151727,1.1208391256750636,131.23250236205575,0.31158595320798277,0.03848187376897959
80725,-8.799169405862028,-7.215576635249557,2.0802057005262515,0.9694808359892736,252.8451759149981,1.1140385454572348,0.03848833311996265
80726,-8.405390378426604,-7.734690466662473,2.9899867747877886,1.421996225799155,343.5505169268672,0.545447215746008,0.038493428114292544
80727,-6.012433056381132,-9.203077225294411,3.732923133483916,1.833093976053573,385.2924919290441,0.8407521958287552,0.03850387575920987
80728,-2.523165820966115,-12.53784116418765,2.3537114831513484,2.7104594683891787,471.9996469776368,1.116061766671753,0.03850511085249523
80729,-6.023079791218637,-8.110878325456675,4.800137763193992,0.7517262601369237,148.86550459308907,0.2045087207480787,0.03850738485383161
80730,-5.360460369886748,-11.870718812776133,1.1903722845781577,1.3049128310904163,468.90866396325566,0.86069308940088,0.03850820253669986
80731,-2.5373667397751216,-10.919458993486495,2.928626672937796,0.7236309865265148,191.156727948205,0.09913170161977991,0.03851054696139021
80732,-6.818941683020373,-7.726909057247301,5.0456689489642175,0.8002210709299191,443.634204841733,0.24813091567352252,0.03851692645797733
80733,-7.8465239664365445,-5.506532408374861,4.586526211725638,0.8243245731761931,153.30302454240274,0.39204324801678503,0.03852057419097842
80734,-7.1439803904722226,-7.099029301621685,0.7233841903031931,0.9177319032318576,187.14431671036314,0.6534940723835438,0.038525189243255153
80735,-3.161868475331583,-9.460841089300782,3.306563977676853,1.1099650601583992,467.74604294601244,0.8014734417470395,0.03852858437725042
80736,-2.3282362950307336,-12.974818206771873,1.0036696012561463,1.2706293270737112,468.10214105699,0.47554257550831114,0.0385345848210957
80737,-8.610509169676801,-5.546028522647941,0.5187240150199149,1.7335108747460963,409.4424555384608,0.19088828654498524,0.03853928814502421
80738,-8.721759666775398,-5.384075518096591,3.095297074561719,1.9960904143800262,395.20081456572206,0.9710362390043059,0.03854704930137108
80739,-2.763527785572405,-10.65099444801804,2.6136431423481294,0.9908026080409614,268.70231184816225,1.131657675421697,0.03855206280957549
80740,-5.237503735916509,-8.168799455698014,1.0521587540741422,1.035199097353514,374.74522608114245,0.6793554265382502,0.03856420405216891
80741,-5.594396911205452,-7.659808169475615,4.271265265472307,4.474153446425361,285.9033005222145,0.2486566529706593,0.03857721500925509
80742,-3.5718311166794425,-9.492807285102419,3.2104003055209347,0.8750912782700806,175.12270590165258,0.21462286277141818,0.038588578657640045
80743,-8.17494528307388,-8.911190159148628,0.8489413809174672,1.8689123053526766,468.01748555076784,0.35219219865179685,0.038592128754629
80744,-2.81352229784342,-10.569484887197223,2.3043105360653326,2.5210659967534355,429.1288884781278,0.2628391458723005,0.03859652916748553
80745,-8.636140469303106,-7.392069157407598,2.743234776445153,0.638633655485228,171.2340153128876,1.2848059812145598,0.0385977817408522
80746,-3.6988048344611197,-10.237727460414913,2.259988297674498,0.7723931065299132,468.16314637410215,0.26210496348873225,0.03860048206593951
80747,-5.754448433905882,-8.37993307135578,4.575947131330315,1.8267214480925547,434.8258734386808,0.4791736585932256,0.03860316306352664
80748,-7.081746942413891,-11.151165071344312,0.3620719157003737,1.620977122679574,466.76904496278587,0.09036629656760997,0.038607498548639894
80749,-4.024590074461372,-8.978457902257697,0.22161394357047928,1.5894385191046287,370.4791321235226,0.2218077075655085,0.0386121874500571
80750,-5.948802300692237,-9.062832359386281,0.092847886944786,1.0266772011724317,277.25295005392957,1.686650352451399,0.03861387962594901
80751,-7.3451082718739045,-10.795460602281075,0.6759272010459219,0.8495094023050289,178.24804444802243,0.24163563441520264,0.03861491907237433
80752,-7.554049541885728,-8.602197595209574,3.5474336131345425,0.6713468795729164,138.35663163965947,0.14884979175956303,0.038615471067837276
80753,-6.800120151003244,-10.18095525425778,2.3300321876330443,2.2606539197086075,424.17691723226864,0.9448889856239804,0.038617116107969106
80754,-6.134175876192236,-9.665969608920998,3.1794514281744157,0.9893362850399711,467.5636609523659,0.30268261744202274,0.038622861613310064
80755,-2.929445045295429,-11.329564691971491,1.3687395734554968,0.9816099178492894,260.04614095577045,0.17314476024179815,0.03862363839260028
80756,-6.153623771838124,-9.205490840962016,3.7324224159791677,1.5773576217450325,368.47939354350893,0.3432286743549531,0.03862809769819914
80757,-5.87101728097352,-10.479362013791562,1.8758796831580018,0.8382207715053152,193.27405967562714,0.24126791099477796,0.03863622289145877
80758,-6.185824719906574,-7.644194812550785,1.6249940004875574,0.732684433438109,161.5013651535176,0.890597657277957,0.03863763480717687
80759,-6.010950934195023,-8.679631573520194,4.339077097716546,1.044998644285231,466.13057373802275,0.022806672910243186,0.03864198578451738
80760,-7.493433685976493,-9.319059149863495,2.5728279809662493,1.326291231818992,286.2721240748821,0.06570930350909965,0.03864818557392023
80761,-3.067681842021324,-7.909715914831619,3.4011232727843463,1.1359193603832396,236.41396638306716,0.3157453532748713,0.03865237024738298
80762,-7.426992441074806,-5.967253074427729,4.611268640742732,1.9009543164567562,390.7863835869602,1.4892384467222124,0.03865905239843562
80763,-6.274829717994917,-8.830559230397892,0.1522338488095156,1.315325317454383,286.8166794378297,0.7077952062043336,0.03866847729919322
80764,-4.372752477114632,-10.341507459366065,2.0261112347766463,1.8209149178018444,469.9088035241755,0.09381931077552785,0.03868082933424429
80765,-4.734666968290434,-8.196710246503448,4.423802721003751,1.141378845913549,295.0981736076527,0.7375624805333505,0.03868275440720053
80766,-6.698755852166342,-10.204395852043383,2.377525142918146,1.6412731363418187,384.22399103215525,0.8173805496437243,0.03868802311433705
80767,-3.200531726462291,-8.137426142992213,1.5327916665112375,0.732838574212252,207.4939399591249,0.30764866949820746,0.038692035569946014
80768,-4.416022957841034,-10.764821596622467,1.5014686804883843,2.8038262458833776,481.1668817756976,1.2850612283786642,0.0387010437658029
80769,-7.308245860155962,-5.262747240430502,3.906852482622364,1.0086191743146244,166.6984612676965,0.02521068591415787,0.03870258393014379
80770,-3.7176553646254327,-8.638721456073888,4.114034577126359,1.1452394268527906,298.2564689031881,0.8056236678268789,0.03870983012486745
80771,-4.5890059918129875,-7.873771612960881,2.1323539445642474,1.849988034807092,442.3498947080353,0.4371568861957158,0.03871536321922566
80772,-5.677622099711849,-7.678819652282761,4.395700257756865,2.292937410235416,436.8758440547757,2.1010818923460084,0.0387221979120827
80773,-3.6404999033526657,-7.991705536282728,4.175782318830971,1.018486278223501,275.7463712919445,1.653076899284648,0.03872364064970078
80774,-3.211363986146722,-9.788348527483308,2.878526952824916,0.8097146414460098,157.9086013438125,0.14737397163492005,0.03872958173725481
80775,-5.499740907828602,-9.468517163773983,3.360512945430729,1.1027302800743166,284.55122093416827,0.8181606546372882,0.0387380879932422
80776,-7.338387582132883,-5.298073859537366,4.029141420011507,2.990104732248724,497.75141252938005,1.3183148090643932,0.03875236022821302
80777,-7.053071153576726,-7.988141401476905,0.37259595890183184,1.1599081053312228,242.2536028308869,0.007206696884947128,0.038765732487064365
80778,-3.7230469942485325,-10.38245698504744,1.8723882227666782,1.6933786166618017,398.5412576114936,0.5441731256191913,0.03876725283125455
80779,-7.989976163081748,-5.630627287817768,4.524035676697173,0.8201361193129181,168.48746121115238,0.2919348082840916,0.03876984062842293
80780,-2.8189925105187505,-9.212517843557904,3.9460789643148813,0.7258622728144188,467.1159089090184,0.38835873947348,0.0387819652943311
80781,-2.9205529720974024,-10.42822067710315,2.212171969879063,1.2508925379656601,133.23422962786145,0.36094150541480996,0.03879356809412463
80782,-5.2376919451344985,-10.233843290449085,2.4122674555027372,0.9546762952199239,250.2371123063109,0.7503947309697647,0.038799861216458696
80783,-7.530354514554189,-7.396330652782412,4.9022759624630625,3.6061865099824093,538.8032040117286,0.7593856760726654,0.0388004049839708
80784,-3.0134454253770144,-9.660225549703142,3.2145419837795743,2.0013089284105012,403.617050771831,1.69929451371208,0.03880202790237489
80785,-7.397542916858228,-9.402159009776792,2.628295674801477,0.8286913668924637,209.1982807069581,0.4599389944672092,0.03880479521249361
80786,-6.42995573860345,-7.147878484573585,4.096755997257236,5.571609372270758,314.6961601040537,0.22179247758641285,0.038804942581929375
80787,-6.452519540079208,-7.045352359713243,3.08327524131294,0.9120763772871343,468.3042686871932,0.44246920064723305,0.03880768439601942
80788,-7.214807096077534,-9.01553821864843,3.4514795590399423,1.3835443055616015,325.7856204559264,0.6950954088616861,0.038811287974708696
80789,-3.0022967613683846,-10.190216571199525,2.601252720814212,1.63699525016686,384.13099632626466,0.5670600439405353,0.038812253178266407
80790,-3.6400992596635913,-12.919752433915049,1.1209698347062949,1.4231293569268775,323.25670070615286,0.3420574523775928,0.038813483848932365
80791,-3.988036718719937,-10.265044650876387,2.216808487654214,1.0090032962517559,268.9561086181102,1.053393276705063,0.03882114160165525
80792,-5.475554566748632,-12.788364571236409,1.1003489970497202,0.7864992991541743,176.62513489061595,0.6011927385381304,0.03882379291587745
80793,-7.125842393368002,-7.7343192777030225,4.966655697377359,1.5950082844158586,468.3942295959446,0.5343261405401138,0.03883265376671408
80794,-6.85489384723431,-11.131200193425464,0.28752325398391143,12.76484502700421,746.1832556892191,0.16169652710220905,0.038842327211601115
80795,-2.4329160616296894,-12.903916054567418,2.164213857197459,1.1177408701017093,468.06730440368466,0.7121515072230062,0.038842924470388465
80796,-5.901945474450134,-8.362665555288826,4.6173296842550124,0.9652722494951633,469.37755258227196,0.07740899039879601,0.03884347968963963
80797,-7.025600707804593,-12.38486940553376,0.4981849955443666,1.7112507018727205,468.3900338771343,0.5327328825348774,0.03884884120092215
80798,-2.847151011882934,-8.89257280984436,4.142428779788846,0.8639595246115841,170.99098891504505,0.42397424796104044,0.03885724074545867
80799,-3.350866614874173,-7.977334485428605,4.127638855950302,1.1345209248928467,234.02324318539684,0.8752350155283084,0.03885854514371418
80800,-7.870879399930674,-6.073739349852155,4.728928776706957,1.7835177422444688,468.33779909639094,0.5127852526058208,0.0388620138873674
80801,-4.119772392685266,-10.47155316683796,1.720321872724183,0.8837343270200967,235.4090816794197,0.5124192130413947,0.038865835693941295
80802,-5.846584881373839,-10.976730501808351,1.387190374087914,0.7485306848249825,467.3839961817586,0.3093887194832039,0.03886926375543553
80803,-3.179290690166554,-8.60595656711294,4.172151742886532,1.7865713397687366,467.7282345466137,0.445312388910005,0.03887737851392726
80804,-3.477148659277484,-10.661898939640578,1.5520576565326933,1.1367059016394696,297.08828547605026,0.5044859061002329,0.038881108904525064
80805,-4.576552132631515,-9.125550049414787,0.12837526970645854,1.7208554701963865,467.5230593091498,0.5167688927281011,0.038887782200558337
80806,-6.48158990848463,-7.167527732474255,2.302423660876442,3.9984710013957145,559.5006615103642,0.5068062050976705,0.03889359514206863
80807,-3.6592580226478564,-7.82240067452568,3.703406350813622,0.7214693239296407,209.48824163427005,1.0845628462983194,0.03889457144384998
80808,-7.184702904944584,-5.309258253557545,3.1630951055971033,1.0623486322687812,255.37498411781934,0.7778002937083359,0.03889911912436199
80809,-7.1644182999792045,-6.568064753216251,4.69841540517173,1.1650038574679478,301.733448209059,0.6369278179995783,0.03890282266505198
80810,-4.51659405459952,-7.909590804518239,2.019876910075954,2.889870834857942,488.1099148133851,1.207750369268072,0.03890691132584777
80811,-8.631036377513025,-5.863661288422322,3.421202530589975,1.6520862393354931,468.40304571712323,0.4943897762484051,0.038909762371651606
80812,-3.8433487733671354,-10.331840407561307,2.006101096150239,0.9780729897906393,235.1895422232541,0.423210812068465,0.03891279790779643
80813,-4.8551809776481285,-7.701163302137953,3.386530894068033,0.9720936926346377,202.82459933331765,0.07664671911411247,0.03891337582050865
80814,-3.777443589263145,-7.783094664859856,3.337810531943269,0.7213812192352423,180.7716647645652,1.085230313312695,0.03893573724494152
80815,-5.431818210989325,-7.761962779212854,4.348860735063806,0.9320686738234668,262.91535071823364,1.2931560835329199,0.03893625442614981
80816,-3.5460664429798125,-7.887003918176656,3.9070780714199134,2.3244043906570644,440.7860740076398,2.353169045662498,0.038953571838215906
80817,-6.728179239878198,-10.717900515563265,1.3670163936051056,1.7006071993748466,398.9484077749965,0.9179418534540575,0.038958063636580324
80818,-4.182134437568057,-9.079844929410271,3.698892914308207,1.409128488729255,262.05060288019706,0.10116976246152998,0.038963707994429234
80819,-7.5957018753202945,-5.832847781932712,4.6785259383464615,1.9812615734829129,403.20159100861457,1.8342154115865847,0.0389709771202135
80820,-7.340436420487897,-7.597205700354483,4.925596870751854,1.4635132525263737,468.4192751875631,0.0753816830208045,0.038977433265193095
80821,-8.027202636937055,-6.665984550019519,4.6346260175083405,1.0205088384199337,466.5162235706142,0.02027785991941311,0.03898497743710507
80822,-7.129633596187527,-6.547969308273075,4.605305603162085,0.8254107298066226,166.82968764911666,1.0744458742604257,0.038989453460411536
80823,-6.3392509833952095,-7.239674710869176,4.171597474252229,1.686253191870016,395.0971830772233,0.6528082850440979,0.03899364335947736
80824,-3.9936371980953904,-9.772684226885977,2.8849162132839696,1.4508463424223044,201.00576565568213,0.09985675630102708,0.03899386076602066
80825,-5.71229464551234,-7.749951340344984,4.535305060307193,0.8595993460947307,469.18972795559534,8.314317549551475e-05,0.038999320136254005
80826,-5.046134785095363,-7.667030252514737,3.0433689776194583,1.564997552583576,363.022922408134,0.7171603324460412,0.03900734924040477
80827,-4.287937020257399,-9.98886423136284,2.645742555970906,1.3090345004699169,308.6937669213269,1.1983269554936884,0.039008769412837735
80828,-3.5973476947218614,-7.790828646258917,3.398804825516844,1.489039893637489,342.3609962827727,2.0114931209928617,0.03902110182118273
80829,-3.064556091919668,-11.691179008101305,1.2567937545842338,0.8046692152492566,169.4114183334847,0.6401582615380521,0.03903559967307772
80830,-6.924656042581875,-6.411478238031343,2.4511362090385593,1.0781647725716847,467.0732300309899,0.053868757076376284,0.039052650062595985
80831,-7.934261668027572,-6.858773689713725,4.717433644675557,1.329108861184982,284.5902130229287,0.14356476726193268,0.039065763184733246
80832,-4.015508668901857,-10.360724123754489,1.9267683726191291,1.491089677157556,343.37193604204873,0.30922901001538516,0.039066654131783306
80833,-2.4971645874279886,-9.735108523359006,0.6484127776435191,2.1252472415531445,419.25389129151665,2.0677192804329323,0.03907192744323087
80834,-5.269970014675066,-8.123623040791923,1.1834868662686244,1.4308289118607143,318.01315733186806,0.04679327571662739,0.03907857509071865
80835,-2.9620157988846803,-8.579072919947254,4.2686140089046685,0.7808006984292425,468.144474967781,0.30568616744110955,0.03908118418508076
80836,-8.859934862285499,-6.713732127234351,2.2826557043050397,1.8597448531094363,385.65893145074233,1.2791629020977675,0.039087325098121205
80837,-2.4313805065034515,-11.896089507870284,0.5085858177409041,1.1781661211528323,304.948561272468,0.503347717585851,0.039088261463966975
80838,-2.579484947100288,-10.673200497559813,0.20979624078849615,1.4394700675331924,330.8375159228599,1.2920282165810404,0.039099900443609295
80839,-6.941889545867627,-7.887276984554692,0.488867427226972,0.8619401549149016,177.01143962857472,0.5529417162878465,0.03910394942951202
80840,-5.689855155927938,-8.562626550363776,4.401522842959907,0.8284727711866176,214.66639792400088,0.8922424882756372,0.039105952594472256
80841,-6.7638829053759055,-9.566527006630078,3.137828361240889,2.130166645773181,417.69442683064904,1.4952407422748948,0.03911486591993921
80842,-7.113649839861346,-6.041261539226456,3.8358284871802657,1.2887406362013996,279.38923853802544,0.8838085799643869,0.039117703656995316
80843,-6.853569962441922,-9.235499728345307,3.4956862785903082,0.7836545742416888,467.6281900799401,0.42070383040461135,0.03912638227377953
80844,-6.106187801961852,-7.607424091679273,1.8241750458503643,0.887107252500764,207.92712295687625,0.4155837748086997,0.039134582452474254
80845,-5.802064658935416,-7.97969294761617,4.73171529249578,1.810205602661108,433.837883225828,0.9347539533397073,0.039147843868165395
80846,-3.2275849681953552,-10.26937323867885,2.1501197682794957,1.2044984310117586,296.4103896506356,1.4514189598379401,0.03915059557087777
80847,-4.011622798437937,-10.398391820198746,1.8344242653311418,1.6750057331730346,392.57117379187406,0.27231557938563,0.03917281907676917
80848,-5.819953940118358,-9.059110201478795,3.876271154856436,2.1520323095127423,398.1158016380996,0.4768703232363949,0.0391787768387983
80849,-2.6845724174699566,-10.207939091436359,0.02921071928746213,1.5684387909098103,360.2876397234102,0.3979089770560904,0.03918107218049974
80850,-3.669641784897781,-10.405798941729905,1.8047251795976578,1.3874842009952537,469.72439994704763,0.038759672854181915,0.039181193652423535
80851,-2.493135475782383,-11.205608096799434,2.5476447699771567,1.060579049935788,216.6998904408456,1.0278654540344547,0.039189490597500314
80852,-6.082238370722208,-7.716931146246336,4.75716985311552,2.1684178277231427,390.5444254864484,0.31699611605853395,0.03919062165342367
80853,-7.712567522244038,-8.065233109613391,4.032700123492565,5.6503521096992255,656.0485922569856,0.7030181734134544,0.03919361100285319
80854,-3.9398983592650847,-8.179205347750381,4.31620189830097,1.9698923421232017,401.6231518476262,1.9550577256636243,0.03919514918581348
80855,-3.187867710925609,-9.054071518370755,0.23102506831233027,0.5032361665412588,131.02113642835027,0.8012258823468503,0.039199567409391026
80856,-8.885550616294601,-6.2171696986268215,1.1710476467049447,1.2347158248574004,309.7174704153701,0.36842606242509834,0.039204646066818054
80857,-4.7060269577445535,-11.49337541671099,1.264402996317222,1.0292201896151827,467.48821461586357,0.6498686383857377,0.039205613170495014
80858,-5.123271829874346,-10.41260089027441,1.9118660523334163,1.7503327237516908,414.61440235886903,0.380631008884901,0.039207479029572424
80859,-5.025067149780579,-11.094603922198038,1.3707091831850078,0.7337477009131874,468.10233876358285,0.2932922989349507,0.0392174718499928
80860,-3.0482647648665617,-10.057578569598984,2.6792930859437907,0.8343204468168972,192.87289353890193,0.5872602898968688,0.03923032977565012
80861,-8.297265754208924,-7.70347129015157,3.334381809088438,0.5502951524127094,119.13865620078526,1.1690074131743478,0.039231252296027024
80862,-7.2450926563774685,-11.072866204606537,0.7877640146904771,1.596926585676659,363.33874755423625,0.027218826545008845,0.03925188198294114
80863,-2.8150049366142893,-10.88149271422058,1.584903301258586,3.1225581143336942,509.09983246016014,1.4745020074966275,0.03925229125901805
80864,-4.829657796130281,-7.963961817395076,4.3152249553782465,2.1154007601825886,418.0594141619246,2.080076478124499,0.0392527451446485
80865,-4.331964298068712,-8.404373991180758,0.7915138923970819,1.0594872651610296,249.83937046962194,0.37921086597341525,0.03925281221912394
80866,-4.721834654694973,-8.080049333482746,1.5085518523228951,1.0346132587331103,467.63764997400824,0.27092543600489094,0.03926404678346376
80867,-3.745803084346516,-8.599036824289755,4.144584653319401,0.700401921024545,467.0211420345426,0.3731643176943811,0.039267678330092495
80868,-8.755846735350119,-7.389961346720217,1.9414648422088359,10.824425427208233,621.3529771121791,0.05348662159205286,0.03927477621014193
80869,-4.5819992122000155,-7.815225511473808,2.445309051755335,1.5603654541569718,468.1559412798098,0.16873990737928946,0.039275621310870194
80870,-8.889863589915517,-6.194749657968911,2.198320147861064,1.7074788576116766,362.8029766782932,0.8665865682295779,0.03927638477865845
80871,-4.086433954190138,-7.807497263407931,2.6798762082704797,1.044890486521517,465.9186890240993,0.6488791306109372,0.039277904965006646
80872,-8.16085875947117,-5.816632370822048,4.361209355724104,1.3936143915712824,307.0436927949871,0.2992841008145808,0.03928311770701599
80873,-7.230731419162586,-6.408160559846653,4.63366129423437,1.278839435498695,267.25842774148794,0.5060684625611076,0.039284188368146906
80874,-8.352511573244449,-8.545500942250795,0.9097081092565314,1.7434999568595548,413.68909798167465,0.4386764407167707,0.039296407196561564
80875,-2.824167970402459,-8.766782847330683,0.5342992956675002,0.8238817200279985,225.75967396970427,0.8912724010487194,0.03929815271407075
80876,-5.990614610606251,-8.324716414789567,4.653875750122667,1.2139816450220882,309.82065347906445,1.5416047358292984,0.039301858111709824
80877,-4.718958417920213,-7.7151076003265295,3.203020958743809,1.0822957725818214,209.04688871691758,0.051031325299109476,0.03930417282453187
80878,-3.1803384494301508,-9.96901289312474,2.6715291629203906,1.1054446541042662,223.15750892705836,0.7830922956594053,0.039309979792612894
80879,-8.46562012221532,-7.964237867063772,2.311733493229651,1.034891652744463,467.6901470433696,0.5634384176663927,0.03931423951647543
80880,-2.7151321851761914,-10.757264094340648,2.535946771364822,1.8046114837366765,430.4114060031332,0.6644326994794545,0.03932233976652136
80881,-6.924263763124196,-6.8385720931274925,1.6317073036790741,1.0403230578141534,282.11949166179255,0.757896776309658,0.03932291369462698
80882,-8.893863000136696,-6.081562650239347,1.3901429626502713,1.7086620187865307,403.0109399719039,0.1102408518161031,0.03932399529549502
80883,-7.34709994389341,-6.24957490638651,0.6223588276887251,1.3725828652804022,298.371278956593,0.6488141793803246,0.0393275422043907
80884,-5.045733825462701,-8.146674219307787,4.48207782005454,1.5655995442348285,469.76047568856694,0.07053151058929519,0.03932965524565189
80885,-2.938276622969097,-9.409867777510447,3.6089458380864166,2.9081444164659875,493.2283262170442,1.9592578269552012,0.039337534586478866
80886,-7.516580164486963,-6.323717419009644,0.362467849821009,1.522171695755971,468.4898611640635,0.6172678744949822,0.03934673205335308
80887,-6.71329936404873,-6.905047667111827,4.189029733251225,1.065841315949244,265.7405388401732,0.1472933334924944,0.03935232308601844
80888,-3.2648881263813134,-7.830215462610237,3.62791758015757,1.2270381594201514,290.45817229586106,0.5289633344440725,0.039353710098319346
80889,-7.471273251049642,-6.423466441643611,0.40329149799496006,0.8479725695093798,166.494876391475,0.04412397349613695,0.03936236825915258
80890,-6.796967225576635,-6.634451656451373,3.558008534312411,0.8640018066650647,234.9186441661354,0.2498343218315684,0.03936561931803618
80891,-6.9738763438384055,-12.842259028540047,0.4170611807233054,0.6936825741987563,196.94403250329336,0.6151624684017181,0.03937932734061654
80892,-7.701089691235053,-7.493641820020309,4.658909154618782,0.8201292882757084,202.75430527623612,0.1047906621439374,0.0393888992510538
80893,-3.318107567072177,-10.257853462004801,2.175959921645145,1.3559835204183217,169.89000960875896,0.24760228559191333,0.039391617301564284
80894,-5.824784126941981,-10.393993934964476,2.1914135140298905,1.0438263353303252,467.5242184453437,0.5652542801339182,0.03939296763028512
80895,-8.655338603302457,-7.679430606778934,0.8960485805692624,1.1007947650621315,287.61206544524373,0.3054664953199797,0.03939481097467171
80896,-4.137647887275745,-12.874994154239282,1.1188142925381912,1.0358883699508799,467.881440529958,0.281406991746465,0.03939520575292741
80897,-6.707319029441243,-6.812703689857163,3.8342752286852146,0.9556263556053545,191.70519783257916,1.0092726251592792,0.03939661109436692
80898,-2.914865407317829,-8.12208800197311,3.4322145201969456,0.991507810572684,467.78005447784875,0.22652153642422324,0.039400686602304266
80899,-6.008061351579032,-8.14546508435992,0.7721754634709809,0.5016274299052353,125.2438532423356,1.1449713638451904,0.03940263863115437
80900,-4.681451484570227,-10.272608216877913,2.2452473623736426,1.2206734240330777,255.32291733442565,0.8898935287823013,0.039411837250952333
80901,-7.326319700590298,-6.662930190758555,4.925569319183451,1.2232993928266318,297.3810538866397,0.5239627755367122,0.03941257121756685
80902,-2.849659523554159,-8.893002386468531,4.132706365238863,1.2023587154462467,445.09754964515855,0.13764979535076094,0.03941676962593509
80903,-6.541584980713672,-10.42685800957921,1.9548778945195981,2.713909008822151,227.3661576776673,0.283118257212287,0.03941936877054603
80904,-5.229527720387787,-10.548365996685018,1.645646029018938,1.1001041057008436,220.39735061074404,0.5072384506839933,0.03942387369986918
80905,-5.444309306591005,-8.02012426916033,4.586960456292596,1.7122829431129742,404.67613787900456,0.7871539536610461,0.03943529276771962
80906,-7.624305443112716,-5.275780539713829,4.462233762524904,2.0237218478476606,406.7249644433519,1.797362771116589,0.039437265368169376
80907,-8.335157709169701,-5.749223005624718,4.073966258971567,2.0141597773453026,386.8151857280988,0.24375839578816105,0.03943787317209813
80908,-8.537912307531109,-7.613824739928869,2.737998718749524,0.978090938431754,231.3464749384404,0.43482288091492816,0.039442690242949593
80909,-6.859854181176544,-6.9227653900961625,4.566909343513665,7.1959281165041915,708.309077057897,0.30136333181049135,0.03944370373077646
80910,-2.5133569255627197,-10.97123615524492,2.7196815184391,1.198259544823117,305.7793374781333,1.7594230277413976,0.03946102266736858
80911,-8.869883631082962,-5.108145519871775,0.953237432006526,1.1655236430793496,194.75176806521083,0.1321995543532175,0.03946456707082616
80912,-2.4359115216520557,-12.652251235492464,2.1630039472739706,0.6647754391296011,443.00270904385167,0.42317964817655973,0.03946639412062262
80913,-3.5405329608306904,-8.288514804196913,1.0590158612601244,1.178446287395056,219.19257117170125,0.031260400097044894,0.039470785180518365
80914,-2.6666959874592315,-10.999514320062003,1.8957658932805361,3.064378421219616,501.2849048146414,1.0739688146101187,0.03947669067736778
80915,-7.30528409077492,-6.400663952772702,0.6827846937242215,0.8702943181818135,215.7912170682963,0.9115235969431845,0.03947765270040966
80916,-2.5751438281874552,-10.7281821177564,3.2180272793448195,0.7891479121480575,185.84348014731498,1.170731937119852,0.039478597181656416
80917,-3.233151133747297,-8.407246952862373,0.8712516531982721,0.6209012057914345,186.92979568733088,1.1432093263845786,0.03948466879305865
80918,-4.402405838188476,-8.000213843144259,4.25787491109289,0.9210541298308775,241.71897524215723,0.9681504659571347,0.03950530305102246
80919,-4.363158200830855,-10.159075440239235,2.416765500216109,0.710520122298493,211.16864190990196,0.7473504244128524,0.039517570098912845
80920,-4.167625783415895,-7.903706262479338,4.0252784187743,3.5888887414378954,542.0647911830026,1.1153169019674118,0.03954159675763212
80921,-6.45357540197595,-8.082216523476035,0.6241841878392255,1.1588622570140188,466.3369583935378,0.47183675283019255,0.039546884724296606
80922,-8.522091591386117,-6.266436285661452,3.734174446020132,0.8126858392468467,233.10465525451366,1.4297145005956073,0.039556749491489386
80923,-7.670206535041238,-6.203151306901835,4.835098088307462,0.8504650383364831,467.7411457964853,0.31505262730250916,0.03955754095053163
80924,-8.639549444148036,-7.7189699613428955,2.0076879300499564,1.2506946055489243,269.59132696285263,0.012950919378336145,0.03956863273026228
80925,-6.9514210580540645,-12.6891358970053,0.6059858454625627,1.590316113679252,373.80560246471936,0.5016517429905605,0.03957926053981003
80926,-3.893401094596859,-11.1401109652428,1.3560175966331132,1.0328432742414637,281.7753765893245,1.0113364089487078,0.039582857654659104
80927,-7.116857519926029,-5.8203785880853385,2.085236384391407,0.8792906150993998,220.38805074032885,1.3681377962539836,0.03958406577802932
80928,-4.201689229798636,-12.710820260609399,1.125384830082685,1.1081297737485447,223.7850074027714,0.3078071857746716,0.039585272750702616
80929,-6.0758162345673865,-9.21099065186526,3.707355416997803,0.9526075969558719,147.99415371116245,0.22482659643502512,0.03958667929444208
80930,-6.226016319221612,-10.68294469961669,1.492839133387546,1.0052175089963022,199.87341878336795,0.15908563780501428,0.03959384616881611
80931,-5.439768585042285,-10.189489108404395,2.47700231888611,2.615705062093902,414.0630649391405,0.1689022865072447,0.039607322592159024
80932,-5.48224721512125,-10.004145678135687,2.7071739224800955,1.6601080628163518,468.4694256806735,0.6704983050900841,0.03961282532268019
80933,-5.686963631555674,-10.365829323768834,2.224015651473641,0.6647590460134493,188.96949963614932,1.1935515398500671,0.03961300646998542
80934,-5.919377685609681,-7.413063349661214,3.6511397649721333,0.9020053822253646,242.16540732811958,0.8624438692972127,0.039616092682181865
80935,-4.918831675760096,-8.118812803869531,1.3507515720708052,1.3824235518448258,470.2799525314747,0.02544696160493043,0.03961677004334647
80936,-5.365250228528826,-7.735216333159874,4.185277627047403,1.655846804973568,384.6335741379404,0.2531104146204255,0.03962079173060852
80937,-6.701861191458088,-10.880423644489117,1.2923985993194074,0.8567002956812854,214.00551142002,0.49058433826738224,0.039621557338956725
80938,-5.825506581165126,-7.548151335436006,2.462136617054972,0.9127888567851564,467.58106140324446,0.346271743657522,0.03962218072206211
80939,-6.360763100117765,-10.062706213691904,2.666245607571951,1.4455877755507698,330.36606586698247,1.3413634280876474,0.03962222068091916
80940,-5.56734047364072,-7.767228828173522,1.9359220624058011,0.761834584930326,468.5063587628938,0.36722460279980407,0.039622308796647986
80941,-6.105759416277147,-7.452770427725977,4.332545700162396,1.600915999152347,467.7718055728409,0.4141441881019059,0.03964460129060894
80942,-5.456650961522553,-8.264123808369055,4.555359331064933,1.1719516721117804,300.99378653378767,1.0878097829213784,0.039658240179930596
80943,-3.234813548297895,-8.874013745007566,3.8944551456542444,0.8948532642709766,145.3852360576158,0.2453961266531106,0.03966149455850448
80944,-7.250295795510858,-9.935789697280748,2.0304587714889135,0.9087578257628954,212.8707635552474,0.2786000468977843,0.03966510754013289
80945,-6.976944561675195,-12.578515120276332,0.5735263176606775,0.7679602101293449,131.50791623612943,0.2829422834115958,0.03967358137342276
80946,-6.5866134699474905,-12.896610389068472,0.9205536183233428,1.2301283450152003,255.0509158977135,0.6759334984004797,0.03967474738004435
80947,-7.464067732315585,-9.34181388718714,2.5788387032457094,0.7263187153968692,467.6296857368129,0.3710718785900893,0.0396828247370398
80948,-3.976536700808487,-7.866171584370463,3.8991997254865725,1.2400850691121983,345.1978564059656,0.6099920242064689,0.039683458083040433
80949,-3.932042113934953,-7.825401519568666,2.641895348774026,1.3197004719575105,293.51076499534696,0.1137608126664782,0.03968424212442244
80950,-2.8957643561375583,-8.2592190848964,1.4430711798205014,1.5264078846203155,342.8837502711109,0.7450725717436901,0.03968544176654245
80951,-4.444025493557757,-11.127129721769286,1.3594136897855167,0.9485537651977113,187.17122776566413,0.16623301439161509,0.03968590161490387
80952,-6.156249439216907,-8.13575525883109,0.7222051668198853,0.8396270932097742,168.50613771810106,0.747731808482814,0.03969090640170467
80953,-6.857465602265591,-11.947106209260236,0.9051270801046236,1.739234846750752,448.51382693361995,0.8311108943731798,0.03969399721882708
80954,-6.7647970599299665,-7.613078392511283,0.8716487783494578,1.0660537009288413,212.96333770706516,0.7014874149076062,0.039694721231801094
80955,-6.640120264339421,-6.9867277070087255,2.3181887689319307,1.290023380639703,428.7808727485054,0.03441025191102476,0.039705624201632234
80956,-7.479121149270458,-5.493975996229493,4.383902506416009,0.8140771291722262,161.63159416762568,0.07200216276347238,0.039710589068521075
80957,-4.891404903018825,-10.389635254571754,1.9154330162485318,1.8655342890492328,467.4880063444959,0.450001053116714,0.03971813106205183
80958,-4.440946653442946,-8.000331300611574,1.7999157394822283,1.3094560570086808,312.6109422336835,1.0129461550606438,0.03972023682966459
80959,-7.943773895103655,-6.465821420590968,4.724317753123469,0.9274799303186608,467.5113584396339,0.7800641637277268,0.03972134289934735
80960,-6.040638548973776,-10.161006668418995,2.562364153330457,0.6667537246992737,134.08445067808626,0.21055913659279657,0.03972306462083368
80961,-7.812432532505716,-5.2154311805374745,4.503122627816964,0.9613075194513224,469.6815180247263,0.05887860418983415,0.03972720102548073
80962,-4.179911580020624,-8.616645308916189,4.144236799774882,0.7216691786767233,467.0738014336115,0.33381148618852663,0.039728003088355626
80963,-3.8249119210445928,-8.833199020027703,3.9315348303593334,1.1647281909273233,302.902907978041,0.6573065061759875,0.039734432081018824
80964,-7.565075373456333,-6.7158712362729105,4.986631746834041,1.4591337605971215,339.6393634496061,0.7401360649945765,0.039742737277696845
80965,-6.954687819876289,-6.72784598804917,1.7080388893831568,1.9050668853720836,468.067608848861,0.584897425246834,0.03974388338876453
80966,-7.631383594387656,-5.662671836106106,4.606933625697106,0.996505403870739,197.89760844118757,0.8637874379949686,0.03974778954776967
80967,-8.125496699092686,-7.57475809726248,3.891565798294983,0.7801323288326302,196.42969950045824,0.675930122960887,0.039751435038215606
80968,-6.170760398733172,-8.699233182315194,4.31262535256632,1.890176039128336,467.6504645381968,0.4056107524217909,0.03975191057010837
80969,-2.430262990376608,-10.08506880382109,0.8943635541442072,1.00068550796526,200.37347722507448,0.904239167382662,0.039761340161087524
80970,-4.714650481242949,-8.249349843357603,1.0518723409256456,1.0650241863044634,281.1730524429338,0.4175713282412703,0.03976198665307322
80971,-5.662812669733414,-10.088476936841463,2.627369965582348,1.1775094765202965,467.49036517989083,0.205635495639525,0.03976552738962639
80972,-2.656235735748302,-10.686848897817534,3.0931254308044407,1.1744276412974919,211.77708909137777,0.08131082190860983,0.0397689093650014
80973,-3.795662386139994,-10.845863934769643,1.4563319709293951,2.526703596968392,459.0469064325228,1.8565215896764444,0.03977026711688285
80974,-5.2990569516127115,-7.702774033700777,2.4947952958442134,1.8421712709935822,468.28739224508655,0.49083274302948166,0.039781418743112154
80975,-7.97487099592705,-6.6172870368653784,4.689931614728503,1.7478678672094508,416.394894949079,0.5735164842716491,0.039784756577723804
80976,-7.144343669142198,-8.40978992294366,4.305023621907803,1.6402519350195888,456.0486546686326,0.10759237977146263,0.039791450560913814
80977,-6.754196163197323,-7.189611768288046,4.777790144347761,1.3222950608231856,137.88191817908827,0.3684442812407811,0.03980593072246768
80978,-5.454016248518072,-9.225525223935078,3.630804066553121,1.681552543345925,392.97661098886346,0.052406805920400146,0.03980626420426992
80979,-5.89616982421982,-7.494371718096891,2.5442378567070323,5.386014585306549,638.3723909296283,0.34058518161750495,0.03980734666452228
80980,-7.216044917546529,-6.742570528593944,4.8706845309089575,0.8010622210001308,229.71205586763028,1.1634294918826322,0.03980788483507912
80981,-5.736154451418286,-8.041553257702137,1.1389954063731325,0.9448900172092076,195.78750683635252,0.050905705198972306,0.0398224237648003
80982,-2.7607187083765865,-9.141105625955225,3.976902162339634,0.8020429842627729,470.2552790612717,0.031200742553718186,0.039827701422909347
80983,-4.20365813017642,-9.39668157934648,3.318986807407488,0.5812456278894499,124.78893267631452,0.1036074422078892,0.039828970828793095
80984,-4.25953758786597,-9.184145959476187,0.1146819452886782,0.7426753179854036,212.28315702566871,0.30820591414622545,0.03984777831170918
80985,-5.102230488989918,-9.720273060148052,3.00283576084731,1.8170847112329522,433.2471255103591,0.10538182023346732,0.03986074673573546
80986,-3.547440631827204,-7.899000939934589,3.903660353693626,1.8435805062095871,467.4766916292004,0.4066587874895804,0.039870560320585925
80987,-2.6842523019230837,-8.82649859916572,3.4185916519818167,0.8081097247839136,222.01090406124567,1.1792981435672774,0.0398714137387653
80988,-7.439152331977404,-7.590006156267119,4.844504730585501,1.0139423470059312,278.3298372947433,1.0461616101904836,0.039874574610797464
80989,-6.332027005621734,-11.275852512998032,1.223709007985969,1.0311402600335844,249.001789419987,0.9689869370290003,0.03987560622332928
80990,-2.783726322039241,-8.800159438808542,4.06126509033829,1.2016327959374478,307.0519740562117,0.6211661957455012,0.039879621200091975
80991,-5.097042777004726,-8.612983028824729,4.2399437241359115,11.039829952524112,599.991250720824,0.01570695518743115,0.03989258593808621
80992,-7.699658523243379,-5.724123797732954,4.636467134204257,1.0049141953180416,231.25137792086826,0.5858994428488753,0.039892734645899264
80993,-2.5242698872543095,-12.042484385128661,2.452394250673403,0.9092407221144175,467.9639519866412,0.555242294630033,0.039897357197184534
80994,-4.870632996954923,-7.798023313530122,4.0199455974054255,1.384046333705044,308.37153742347107,0.19032060902611025,0.03990404882925705
80995,-3.833004111831169,-9.605485079732595,3.0613959015783925,0.512619847077257,130.86281929644093,0.6219675987918807,0.039913067083170974
80996,-2.8093345719608696,-9.434514947187145,3.7356153924686533,1.5957639266355788,367.9028602381958,0.4687391816684032,0.039918714527358665
80997,-6.058090553901572,-10.950674534471386,1.3744512360456256,0.6980256470067111,148.39276934168703,0.13947645952274268,0.039925094630025366
80998,-7.46651550213179,-8.726470902377187,3.4907755648634393,1.1469078560397468,466.24680335107837,0.1683459851707214,0.0399260725906487
80999,-8.017267224158847,-7.8456514184777975,3.760785713120349,1.3451792773249527,468.425498377434,0.1434795458836451,0.039936301054764305
81000,-7.778247696758968,-6.409402961860707,4.848179004532781,1.2217821799844726,288.2971176441064,0.6147079420429904,0.03994292034282273
81001,-3.8137767848748103,-8.248498348095364,1.1885754610974897,0.6291939423063075,163.33536616658586,0.9863077629915287,0.039943701312682885
81002,-3.669430689304935,-11.58437315544816,1.2466790851463088,1.8539709966727331,444.35105537747484,0.30741238200466814,0.03995440332468998
81003,-6.887176838593815,-8.393081655049915,4.5034090379810525,1.626515358760166,381.32291638103226,0.7219051886735697,0.03995685460250465
81004,-7.40966641990632,-5.72618703954375,4.405306392204076,1.3249762601039778,466.93667265964075,0.5547794160760082,0.03996739917920457
81005,-8.771671176903556,-5.3280196972101574,0.7373405272199604,0.7174695075452397,454.7765595962849,0.32876655790224785,0.039979206095668976
81006,-2.6682816679633357,-9.635736090899497,3.680359854407853,1.0003298422316438,468.122515046443,0.7433563849262601,0.039992850896203344
81007,-7.572578726771179,-5.9390026653423575,0.3291890879587393,0.9909987456102896,469.90763420613877,0.05596009587159134,0.03999560099989128
81008,-3.133336672360584,-10.318087901596146,1.9959309510589873,1.6159968314263422,376.7769227862686,0.16158277728095083,0.039997783922498774
81009,-2.551804478820322,-11.074488164989848,2.9113631238486106,1.2718871334531288,284.95478667028317,0.24890730433504782,0.040000337443010056
81010,-2.6662752917027657,-11.031863610908234,1.8096458788485985,1.827836529795077,468.6067921307046,0.878076221529942,0.04000216963516773
81011,-7.354346002510638,-5.4108534960510974,0.7365485035675589,1.2710487261958594,309.1833111682318,0.7757009504830927,0.040010768226938456
81012,-8.877289979592716,-5.134313540598068,2.252877743168375,1.8686638596804201,469.3197062271078,0.07852808895686181,0.04002171334198152
81013,-3.688903450113255,-10.580313774498372,1.5909777950943675,1.191914664485067,299.7259287959299,0.6259425352499131,0.0400235634198176
81014,-4.004290337788657,-12.935604025436454,1.1132665074109158,0.7963684652221776,469.54720513985734,0.1963306650739005,0.04002395806602345
81015,-3.895057000587534,-7.793560088663102,2.961712590353014,1.4926977375612873,341.3471608961801,1.620945490404062,0.04003574246083162
81016,-7.484868875287038,-6.203375536282967,4.771625730181418,0.8799485767863083,464.99737927940447,0.7254246123647787,0.04003803222499197
81017,-6.420616304169375,-10.431868978317336,1.9735464396078122,0.6158733995923368,174.545575154043,0.9284932463925353,0.040042663539228064
81018,-5.253658306449294,-9.976950765312777,2.7067606929494574,3.89952493906234,561.5240174041247,0.9067636089026898,0.0400538810992928
81019,-2.4718504995426427,-9.718019747824947,1.7653571391900866,1.4039359825719153,468.7874339003319,0.6411674247955128,0.040062546691873195
81020,-6.908507039097499,-9.625877818702401,0.17622058293831147,1.3522431114078388,328.909966114556,0.32781725097661507,0.04006440130221107
81021,-6.557067724124167,-7.86447665983537,4.97195014034175,1.1445412876591605,273.724916950256,0.5164103332593388,0.04007756177178522
81022,-7.5371908340439155,-6.193875199701414,4.797502709484229,1.2919636303477353,280.2716610453186,0.2525895818556023,0.04008488600027224
81023,-7.1219926771444335,-6.06878722112773,1.810815222544253,1.2950527016507136,301.5708996161179,0.15538552080586587,0.04008501526003086
81024,-7.15748470517684,-5.366451741441391,2.7436831965970985,1.0297782772380117,467.0866201273261,0.6240536502058678,0.040087830746857726
81025,-8.835146112067088,-6.9473901253969315,1.5194445148123923,1.5289073162637348,352.6974456184602,0.0780962554116611,0.04009578220465823
81026,-7.932488538135319,-8.97926710439478,2.008495266401828,1.708791020199352,403.16269518047557,0.3323141535483094,0.040101310710174254
81027,-7.470636139945546,-9.14162018442395,2.8657236156662798,0.5524140258103208,144.97691956994797,0.659181122270236,0.040103964050546635
81028,-7.079040040599743,-11.713908697686927,0.626224416651083,1.003265089722887,196.65399555246918,0.25561106645538345,0.04011488253464237
81029,-2.6006137640222837,-11.362780403306399,2.4412651163079926,1.5617317441923873,444.92787368392703,0.5318435359163933,0.04011808412744975
81030,-6.407691298115346,-10.367547180725442,2.218111414791077,1.2940403026604357,314.3731261920589,0.21527097351479796,0.04011919556180686
81031,-7.158358243483187,-5.907675921050406,3.8374451074146885,0.9837696900296145,164.45801834384451,0.2065817943840642,0.04012264256759652
81032,-6.689558532480192,-6.881762427289353,2.4686851690250755,0.8278018593336809,172.53525980889717,0.7551792263019488,0.04012762603534729
81033,-7.5096288748678575,-5.593953983024197,4.465586393207344,1.6308613754456447,261.1858654676498,0.06685269105805602,0.040132967151270425
81034,-5.340411246488193,-7.60919481131987,3.415581138414893,2.848476409407792,486.7617849836601,1.5365537558192894,0.04014182983021359
81035,-3.9264730604695464,-8.281001849005442,1.085204757393238,1.5168760946078705,346.37054533878376,0.8358606032230256,0.04014367626842398
81036,-2.7314098650261167,-10.224166661521183,3.137162943553237,0.9246446363501123,398.21632672426495,0.5351510071936714,0.040168200091173244
81037,-6.607830403576759,-7.172075462919271,1.9481459811954238,0.6563090221061731,137.71528943801292,0.4146480991096455,0.04017580743172846
81038,-6.303685624930392,-7.545643964039258,4.729130893371273,1.0064434501329547,468.10573178205516,0.8233158456558156,0.04017742744522937
81039,-6.279407551331676,-9.535810018952134,3.301040346741164,1.6924428396742797,468.15309069454673,0.24425985309924148,0.040183305624758976
81040,-4.644144808184986,-8.406592524137377,4.309214849259927,1.801188478734119,444.3538809303639,0.0793565210792595,0.0401837444001515
81041,-3.7311520689781776,-9.925867150477991,2.6697230574176154,0.8589799822917419,149.9376916036201,0.026290417558651136,0.040185867275638366
81042,-7.130745857130783,-6.434632960737116,1.3057514975589122,1.843860783624312,468.8106722338219,0.8512719635734269,0.040187907245787295
81043,-6.093037147968657,-7.488712447247538,4.400542380535165,1.6367007450227977,380.04024940989956,0.5630162948286923,0.040189778038119746
81044,-6.936817181203896,-6.460802984163235,3.8225059598707944,1.273097115401532,267.3131693902181,0.03219413250695968,0.04019213249523634
81045,-5.019878276884028,-7.677785586078878,3.373055638951415,1.875845706444134,453.1718332212504,0.13515652568244096,0.04019249186549462
81046,-7.116207371805457,-9.958389067485143,2.2436001374725607,2.4766457543278064,454.92391128695954,2.0850785920933825,0.04021095417299864
81047,-2.3462656123429158,-11.350281608172152,1.2728708802004007,2.1762590198975187,412.97282859441793,0.7887054481501456,0.040217957022545735
81048,-6.174441681320567,-9.005454375449869,3.9491291334602283,1.889609742120271,469.5825248594699,0.09838909997661371,0.040236630471032764
81049,-6.94601494853405,-10.206686245349912,2.0490279277535643,2.3807798565998914,445.3669651225266,2.019029527923351,0.04023826163962089
81050,-3.1295211415732247,-11.173960299727298,1.3563870953667825,0.6867096411511222,468.99140389053264,0.3931435773269394,0.04023862740875722
81051,-2.5884163575373123,-11.494358738262381,2.34026060056914,1.358145282503981,325.60890363331606,0.23456227887172343,0.04024245290195341
81052,-7.230510101388172,-5.754958153524009,1.3931188313752034,2.782124337690134,472.20435161334433,0.7834128432962695,0.04025130620795461
81053,-8.120776990195678,-6.337277679054415,4.48623451280941,1.704148604750848,366.878188716245,1.4078169203726052,0.0402535045212598
81054,-3.2189343566055664,-11.646651893499593,1.2405365741883345,1.1831444517422405,270.0606843133754,0.6628454752611335,0.040254482516072616
81055,-5.728295882795746,-7.735290137616272,1.89324995311862,1.690030579597155,468.15120744583965,0.5815761329059965,0.04026481744122427
81056,-7.1466680208038245,-11.392110673593631,0.4522511847554725,0.7580981822427099,152.72676808227192,0.17168576288283166,0.04027962427142258
81057,-6.777037206994104,-8.37295799160848,0.290206265162264,0.9746115840661527,198.37476712230827,0.5468147557926786,0.040279936082852734
81058,-4.156631785759969,-8.416745196504504,4.264912052653803,1.1445848136792491,284.50925743969293,1.02383460856091,0.04028116105508581
81059,-2.8427193433706224,-11.416781142733088,1.3593742353120077,0.8588616779456438,465.5592795427173,0.3792214934721967,0.040289048747713
81060,-6.864189524044975,-9.016825831905628,3.7503804338254247,0.8108356080353908,149.72734237848113,0.3950929030335564,0.04029002075497434
81061,-2.3719355527574946,-10.857185452374704,1.019560780342338,1.069141448032258,203.80389864196414,0.04892854149807402,0.04029409761715407
81062,-6.915182828722299,-6.38433232190983,2.9279211911452117,1.1158181436634629,129.92358456138516,0.3165337427612558,0.040301174966249374
81063,-2.93654280283306,-8.145218063010905,3.6680333941776486,1.0235215115092584,147.3350696768117,0.3973245149863027,0.04030479037065683
81064,-2.443154862215213,-10.367238553348795,2.1127509821772352,1.7306735236824797,409.2066000188692,0.6619398441410747,0.04031022890778178
81065,-6.566901234461442,-8.922556345879826,4.000733944428547,1.8908884091027847,457.55764113486873,0.12865138868991277,0.04031067180955125
81066,-7.1096171002781805,-5.695485177680643,2.75245111721079,1.1364536257326225,232.2289211459013,0.925289574538608,0.04031077188403227
81067,-5.185523943308265,-7.729764431657109,2.4476279600052355,0.9460828135886049,244.21052670243233,0.35965075821176473,0.04031660767518079
81068,-3.8165961174453056,-8.95672847900904,0.24819817091419896,0.9936315990430837,468.22158090232557,0.8680331649648814,0.040324220919866434
81069,-4.732601617939797,-7.760201665905257,3.679714956294513,2.8575192164373506,482.9420634599784,1.0171933416309953,0.04032828403268407
81070,-4.452883963977634,-9.501687897431966,0.007576233832739172,1.7745872588998126,468.67754207426015,0.9082528346196428,0.04032991792211342
81071,-7.857255227051594,-6.513030515463349,4.796605435923409,0.9739297931833316,271.23085398775265,1.731491778332101,0.0403301771361182
81072,-5.419116914832104,-12.674389780595813,0.039443314686799846,1.5907026751093634,368.54860650103666,0.8449978348391927,0.04034138646877654
81073,-5.953609845242391,-7.554404153484879,2.198989011107122,1.8047696418093189,467.35362339884074,0.23885168476568897,0.04034270182982369
81074,-5.83343030000853,-7.684785371188448,4.498953395501405,4.374182372615358,590.1835335688573,0.8014703028595145,0.04034271756657319
81075,-3.577937878316635,-8.2782525255355,4.27182044958611,0.8498627947344373,176.99748753039069,1.1461037744156934,0.04035122215376027
81076,-6.4878934607861325,-9.431243337267304,3.395101666351605,1.5729807018017508,426.16360320795013,0.7788378209020195,0.04035307115224536
81077,-8.657807090900894,-7.641695700370888,2.079840179673066,1.0991058572750847,233.1242302896121,0.07358991659231329,0.04035629663390769
81078,-6.1006580786593325,-11.388077699736355,1.224520330393586,0.7922853864626895,234.5815202970505,0.35213557179924404,0.04035644078889047
81079,-8.104359029427796,-6.570979139894287,4.51103022911736,2.1602185630602775,419.4890645636775,1.3728791988179045,0.04035912762340666
81080,-6.3066795698022355,-12.159733812406014,1.0640930403872662,2.8117507879742085,463.8472753573767,0.42879150934212085,0.040360733081697124
81081,-3.202576043712112,-10.266170162846086,2.107344007682802,1.5987502912214078,349.6317420321394,1.1060735978183986,0.04036507003611294
81082,-4.748579882917994,-7.8247351935930425,2.3458301971556903,1.072585629324094,278.8105237814139,0.6917975064191229,0.04036568928337623
81083,-6.434929586974196,-7.121473097921988,3.897032355950031,1.8229426827900035,378.1753864711396,1.195885938035464,0.04036990747876493
81084,-3.9011862644466557,-10.769290812964522,1.4861455898536693,1.1006741639567952,467.51688579801527,0.7908091543112006,0.04037012781504177
81085,-7.6662760047315786,-7.511135141291327,0.32453299634474053,0.8701569552388403,203.933798669363,0.9614558813585292,0.0403846267325221
81086,-2.5602111747579066,-11.820060792708613,2.6167822006814694,1.6981307392835159,399.95070530563504,0.49401849915510976,0.04039644361275904
81087,-5.257264699772309,-10.077423695901103,2.576777969053418,1.1778612896050735,221.85045005306984,0.04741862032304045,0.04039829184412162
81088,-6.966357570826641,-10.50004899177513,1.380492830595472,1.6143217357005761,372.79008697713607,0.6769226371546031,0.040401053174535614
81089,-5.239075218026526,-12.311466686409041,1.1318209895670825,0.6825163210480064,468.0364334593606,0.3903169492428038,0.0404087224892173
81090,-6.0936641923036765,-7.82553416123507,4.803738807857684,1.160111783841431,185.12551649586098,0.1486913061132933,0.04041218481135564
81091,-7.979762691990873,-8.75588526996669,2.3048662456399445,1.1754742845235975,422.457847470333,0.037144796224793275,0.0404188087568912
81092,-7.021768772877458,-6.1072376066293605,2.608123267701254,1.4632368055381415,331.9169091556938,0.4590462698917106,0.04042526919639972
81093,-3.027809960572765,-8.073259166119758,3.8803063624202005,1.732705100036366,408.80314537227974,0.3859592949006343,0.04043386819620902
81094,-2.7891090716816267,-9.514147087887814,3.711012508089756,1.091196059175038,467.6368935540952,0.8992982752356653,0.04044847535751036
81095,-6.615114943939316,-7.975842109731612,0.6425588736393629,2.738513658461895,472.0753389989906,1.0035682511554525,0.040452934663048216
81096,-7.180400152475745,-6.020170204543037,1.5776503423400354,1.0556367155174278,276.9497401248611,1.1102345099197057,0.04045848991519904
81097,-8.322216613862444,-6.987199000806932,3.9967235225702993,3.7403995521339097,265.5872615449514,0.22135487343375893,0.04046054443929438
81098,-5.133107644877153,-9.316900728253753,3.476439678584486,6.312572748871662,583.7694801793012,0.1277101874612292,0.040470020594334494
81099,-6.556241780296499,-8.25270249746379,4.738036785216687,1.8614813572478799,467.7548171429454,0.27990266483748627,0.0404764786194833
81100,-3.2965179894906846,-7.984373893654761,4.08424427120253,1.4152073823417517,323.3607927927427,0.37851715794409824,0.040482274084211206
81101,-2.6175734144631457,-11.22287407246008,2.4730690741642523,1.0955736223157309,319.76636915588807,0.9902016045662263,0.040485243872016186
81102,-2.8739321970641125,-10.483248687239037,1.958728744502507,1.5118558803179738,346.3685190577649,0.7194358895394775,0.04048995889425877
81103,-6.314756404896096,-10.349732741268346,2.259311324628267,0.6440651934528896,200.42597904719534,1.182874563019455,0.04049632416248419
81104,-3.0558015626514035,-10.352550981493374,1.9470665612223943,0.5429022969014726,122.35250219333797,0.5979847294062735,0.04049774319697171
81105,-6.5666444343149255,-6.959598562040711,2.9351659754859187,2.857725841248588,486.7035824172889,1.3998762867117298,0.04050255346818118
81106,-5.9668341886504495,-7.40186695863872,3.037602016385875,0.8115499230775768,204.81435028242578,0.7743639526337533,0.040504076062596005
81107,-5.817807909090203,-8.004376636662233,1.159558917040474,0.8844497161489685,223.92794029294518,0.5680857569630318,0.04051063857439074
81108,-8.71344000174391,-5.2205674109532065,3.0606343211425004,1.0827373156868374,468.0842370397494,0.7217030037022285,0.0405210957471524
81109,-3.8055181703617507,-9.422263097151667,3.26140956590031,1.35152070450326,291.79420845020104,0.11303911377834819,0.04052559522001433
81110,-4.979918868950738,-10.531037445306701,1.6448463083520513,0.8731452893605912,212.88231863659374,1.2484485375528331,0.04052831646224492
81111,-7.142157396619071,-5.826611111008554,3.5949915164580557,1.6206844936214446,358.2401243777408,1.5697644481396473,0.04054245384964581
81112,-6.276695541786243,-8.496309102199959,0.3340307586598858,2.3124417401321207,421.0831410169185,0.5002449655403725,0.040546972407683374
81113,-5.558506821896443,-7.864666348361495,1.741209972949844,4.582914731119045,460.36488240961506,0.02982718675357887,0.04055266486358006
81114,-4.174941183472747,-8.81049764485306,3.9549509201400586,25.032147881479673,858.7917403406459,0.20053333762235326,0.04056290928439714
81115,-7.021677482826388,-7.956801979523959,4.842345581625833,2.2384755074501435,432.08993359529603,2.354239248908091,0.04056898157081726
81116,-5.772587757510893,-10.443826721258052,1.8641588074912723,1.0827685977792898,290.6769829564364,0.1221140796325999,0.0405765361844474
81117,-5.5062809484491275,-9.805460422314994,2.928130308130705,1.9254102834940883,365.6314789259213,0.18451881554222904,0.04058376760640659
81118,-5.8493487728888445,-7.469395041851753,3.7995289360655264,0.9260303124260795,220.61368659244158,0.06951147951123371,0.04058556626615015
81119,-3.718111428169772,-9.607031912592237,3.049271261707483,0.9383525551595906,468.31062103495304,0.5958065771247467,0.04059538827076881
81120,-4.191996194975314,-9.947894645440982,2.656355439481462,0.9383213757116365,469.6471139061136,0.20760586801367964,0.040597103754604354
81121,-4.561152687736671,-9.176659686370195,3.576535025785,0.8293054300731184,165.88388825580304,1.094440554909057,0.04059808806793819
81122,-4.062166519569885,-11.088592546193382,1.3659859344652823,5.284211769513836,631.9656827671317,0.3514097734475117,0.040598125238818006
81123,-8.239950282343349,-5.978733504707372,4.255370385601804,3.030611441453758,499.4833240024543,1.14666061334753,0.040602929602655845
81124,-7.737916737074317,-6.087193958569851,4.761168750695684,1.6032191791811208,356.8796253998056,1.9593944991333911,0.04061105802914696
81125,-4.5498875551079525,-7.7486488695252165,3.306100242481636,0.7380203495858132,149.28609930518755,0.7540293675650602,0.04061582357269816
81126,-6.246577102332425,-9.98755986823269,2.753347917154449,3.30218289335802,209.87097472755997,0.39128111881568106,0.04061920015716655
81127,-6.668401982977586,-9.905543360588888,2.741819561949185,1.1420211993133165,292.61019491314806,1.2006343590144901,0.04062150481743888
81128,-5.651143725993176,-7.775721375350789,4.480236962383023,3.4771745285471063,532.3382183175821,0.9335216064530121,0.04062673825398096
81129,-8.034914390226234,-8.952658290499272,1.6728177187826634,0.8235422237261527,217.4896989497305,0.37708517284528487,0.04062990010355591
81130,-7.402217340255956,-6.311338623527431,0.5272929554041901,1.3857135276524333,330.15405248779103,0.23824383461888754,0.04063267379636663
81131,-7.127041838733085,-7.318846194585941,0.667402663099323,1.001056100769663,272.1732886894572,1.221611356783452,0.04063434222075171
81132,-2.951167433246912,-8.112419707208538,1.8981024517406526,1.5679335702141886,368.5536584972429,0.3448566460883171,0.04063812939531937
81133,-2.762230609034594,-8.842331786937795,3.9797026632223083,1.3380705544723595,314.56214180538007,0.24129051565419157,0.04064421445654927
81134,-7.533788909110289,-8.852973168032422,3.1796003605497942,1.2421082828999779,310.5095995700568,1.0764615313059833,0.0406606136495479
81135,-4.717678843767387,-8.43396790941923,0.7271005888592549,0.964768563814799,383.05236619029864,0.4956763361983372,0.04067371204524153
81136,-7.1188920007347445,-6.507785241416469,1.2938511028778155,1.0071952644270794,467.6411450558811,0.8825282877372915,0.040677753639459
81137,-6.32295932430961,-11.613073771761524,1.1402417016943398,1.8545561355299311,467.4284502547053,0.4240408187741327,0.0406777562779222
81138,-7.719327624871587,-5.07928534984143,4.438900751941841,0.9489946739302468,468.4897047242133,0.11368938158300157,0.040681929229127944
81139,-3.6186640315419076,-8.24166686811716,4.268504965404676,0.9280467633127268,257.43158185747046,1.7179719295866667,0.04068407287124761
81140,-8.418055388061394,-6.347263246930845,3.9552014386573626,2.8756670651890004,490.7413158284072,2.042670568345966,0.04070397236017731
81141,-7.240372124178289,-5.313331978572616,1.6989630735891212,0.797004343814516,186.65386318753215,1.1178338451277492,0.040716664093020716
81142,-8.229827672425973,-6.477393002385179,4.311555196324882,4.316074285429896,579.257580136667,0.4542751631130857,0.04072333990408062
81143,-5.4629439807233835,-12.041260972716433,1.1490228014696808,2.712770461890057,472.7572286358725,1.2765236169012013,0.0407253237790831
81144,-6.909315674718186,-7.338727438858316,0.9709607042439261,1.7876580232676742,427.06048804781176,0.8671920549176102,0.04072614859735726
81145,-4.801573379295563,-9.675214703259542,3.0212288847908377,1.0520613154959084,282.7981617307984,1.7907288151164051,0.04073314468064313
81146,-6.431336172427697,-9.410329568283606,3.4263481837007013,1.3868759044865688,468.4493875105373,0.008988857304005116,0.04073379430654756
81147,-6.932617442563497,-6.380859477391534,3.3184200070204946,1.0503889634810228,208.63068557993336,0.9324378379299043,0.04073545784869066
81148,-7.691904501376138,-7.054474776561808,4.883935451335086,1.2155441392590332,308.2783184726071,0.5877168121339507,0.04073732501067095
81149,-7.182465726448134,-7.829421944026773,4.846904877850614,1.2094753335092654,296.1474868268421,0.18492765715942205,0.040746777731517914
81150,-6.831055973010265,-10.118215011992055,2.343743771815825,1.8130338658300669,432.7516339213761,0.1410193019450796,0.040750200689523855
81151,-7.6273831262810745,-8.432292268126268,3.6399752619489463,1.2280940238597273,307.37625130481456,1.3724789537621627,0.04075165898177485
81152,-7.8894636371145985,-8.601573103766558,2.829879461353315,1.005715226616791,468.0404943537634,0.3860681586357222,0.04076177033521514
81153,-6.775562173043549,-10.356991752158521,1.7213849712120495,1.2154522350998997,257.3923382606952,0.014527899255482701,0.04076206646598393
81154,-8.207974162753674,-7.082835608646875,4.162958495834631,0.6589925727936266,168.90398780855028,0.09122225342099011,0.040763607891601765
81155,-4.090760206607981,-8.32312465760209,0.957645094340827,1.7597313759984834,467.5766257627424,0.3817928048909751,0.04076719501833047
81156,-3.0266511146776365,-7.963132105898866,2.781976719251179,0.8652357365091116,467.7846419559372,0.1396718561714776,0.04078438488674482
81157,-4.310368547622453,-8.510276504247393,4.209223484122431,1.9045043097955958,467.8052443206468,0.37174483249430335,0.04078719274486003
81158,-7.468181800722105,-9.805391313250734,1.6133093903270368,0.5921804379880254,143.97295444300264,0.469995293915626,0.040787769500099415
81159,-8.874023475371198,-6.495583118234765,2.1767184485826636,0.532238770960375,147.59580191716236,0.985552533061794,0.04079313249450295
81160,-2.5957667018850543,-10.883787169759136,3.023042999005502,0.509628728985268,162.25891282953617,0.4100288781482364,0.0408026876360122
81161,-6.616403146301826,-7.3010351633390655,1.68801997793927,1.1625757393176608,467.23287577686034,0.4583531796570872,0.04081410313874148
81162,-8.091393129328312,-7.497097232141638,0.4612024606248168,0.7854483973601275,157.89077701027804,0.8939224933125525,0.04081692276005859
81163,-7.83711750263072,-5.411012819037673,4.528062696762029,0.9102428151213966,247.69134050012903,0.35491800814050656,0.04082470458264742
81164,-5.492765308614686,-7.583893535804421,3.0201021262852286,4.390631634920755,592.4499154215981,0.9080139400092655,0.04083623039491552
81165,-6.544627009800735,-9.076936195938645,3.809370469130926,1.0021072416765,134.33864934637498,0.30921523108732707,0.040837032263624916
81166,-7.911578254596183,-7.747378279142739,4.075879319707854,1.7143896956486786,404.3824840198545,0.17884837510512863,0.040838776037027215
81167,-7.105977009096057,-6.74179830065252,1.0633548627788778,1.5355503873318208,359.1764080129441,0.5097363215184201,0.040841419748039204
81168,-2.636600013644477,-10.76345907620996,0.05100438092030637,1.5133961655724604,330.48426356832573,0.6846277705497448,0.04085071476546623
81169,-3.1986376380968746,-8.646629847026304,4.097378032066776,1.5005958813887321,159.33061552342747,0.4067916454421505,0.0408571238992771
81170,-4.563180581646005,-8.990896630683087,3.7888489879515204,1.2152801266039326,250.2733915968187,0.49194238185754635,0.04086651206806576
81171,-7.212235074996776,-8.060397852901534,4.6215924549697345,1.8671439689021165,467.63877199541827,0.2806842654960393,0.04087780202383354
81172,-6.78223981608058,-7.67627760630851,0.8037482549800837,4.01364857955367,570.5445976875153,1.0811528956241494,0.04088088662815088
81173,-7.174277507870635,-9.380361427426966,2.9733576129324444,0.5667582197271748,121.71317652009878,1.1296245158432212,0.04089216226134137
81174,-8.698324304400547,-6.499983334600721,3.169399636092344,3.89436100720773,552.5546367988977,0.37364275800173896,0.040895894291932924
81175,-2.760907998348122,-10.627740789824012,1.9401365005210613,0.9938733326635096,468.21939917773574,0.40391800872627215,0.040900293513886424
81176,-6.718411088364738,-6.778284694840887,3.5893762046129414,1.8906145873704625,391.8647782298067,1.8787982558343943,0.040911109808697416
81177,-8.641821059548194,-7.68364478704069,2.065665327832932,3.312007606831695,461.25865260612125,0.11872533542437225,0.04091306574319421
81178,-4.470499965162203,-7.773447917626903,2.9987652999695453,1.6445180665396357,387.11692201302407,0.4004970869207751,0.040921289934557625
81179,-7.430718136671581,-8.362197122347503,0.3115109842400867,2.4569900536527025,450.22310265424323,1.4594032026163033,0.04093049800599947
81180,-8.717657351409112,-5.300035393731402,3.0497240762671374,1.8698246134528864,467.9977517416948,0.04481889934068484,0.0409362699647864
81181,-4.788200892948447,-7.731321066054439,3.288192476275219,1.015857564152222,276.28089628672313,1.3893263604154313,0.040936835696925473
81182,-4.165462479132016,-11.35344867855077,1.2862358176820783,2.701904212858697,457.6706858816456,0.2289156499595153,0.04094680101098735
81183,-5.88257891396687,-9.68998563325372,3.101449797880579,1.588796065537473,369.43200291847364,0.020222809126194008,0.04094709989016417
81184,-7.7903873041108485,-6.628799878862713,4.851728535856572,2.0038310543261946,402.48455802377754,1.4070253176906604,0.04094971242549968
81185,-6.337673033930335,-7.225628457805577,3.994981873438345,3.007162931814138,489.98894005468264,0.6113429080032056,0.04095929304790718
81186,-4.742713065296788,-9.403541639610278,3.3284010527252423,1.7989244055607336,428.43214284698064,0.3474690277309742,0.04096099482572421
81187,-3.175253830338759,-9.939965654253923,2.6738449935989017,1.6083393521696276,358.4121811624725,1.6687096226903035,0.04096103633459166
81188,-6.3284933627519,-9.045959244654915,0.09853653044432428,6.92225577431949,404.92273825635766,0.17024695600193507,0.0409688371545357
81189,-7.110877045834325,-7.755723945626287,4.928872880990559,0.6978823460105656,180.76835632853107,1.0121432232426875,0.04097015403783804
81190,-3.970170810247426,-9.337910619054767,3.3560984733487325,1.8534609629782683,442.42833586723214,0.5923055787858669,0.040973360205252725
81191,-4.295420286364719,-8.23228780088158,4.308229349956653,0.7487163398863224,179.07132228960106,0.3694406987708465,0.04098470893270072
81192,-4.810019477454005,-9.931079716071853,2.710159312290508,1.1210168222316885,242.29049525455014,0.09064951969471569,0.040990691507131916
81193,-7.154842939421087,-5.60783216267045,2.233739484753553,1.7249426741183957,468.0880005112031,0.7238715254153947,0.04100266964601696
81194,-6.685347030137476,-10.372893030139151,1.8048393590488203,1.1108441078114852,218.00739737110788,0.03384124287650536,0.041004090375645355
81195,-3.067796579508485,-7.927754577037001,2.701346224520847,1.1365515812932105,468.3927374079167,0.5335985198734203,0.041004091518428425
81196,-3.381542138779916,-8.282220510868457,4.239876708941024,6.167440400743942,525.8875004112169,0.040752724995854805,0.04100555877009007
81197,-4.41433723824407,-10.065227122343916,2.500442987005886,1.2703056461755315,267.0442880968915,0.5257263775500185,0.04101063066183394
81198,-5.132909323254786,-8.122807704039289,4.468207808040164,1.1639297474000854,235.6334135529257,1.06570923049091,0.04102402339793976
81199,-4.068906231922975,-10.370500084017081,1.8193713044504214,0.9332922062909739,468.07105269932777,0.7143501397944609,0.04102994776704275
81200,-6.598910562854064,-6.929243384873284,2.9488082159465,2.014786329752129,405.90393044740216,1.8541382492573169,0.04103176602841941
81201,-2.731067846102057,-8.368292716521307,2.130739989036039,1.2063611633752729,306.9369413566305,0.4024102723083409,0.04103500237572707
81202,-6.519537548090057,-10.396248140490355,1.9845210447156938,1.9238887263144944,396.62263188457166,0.617012880063875,0.04103729389501357
81203,-8.059526612275727,-9.126465123726522,1.1927122094824822,1.2164667248652468,447.97351861585327,0.3189706345358436,0.04104094454184277
81204,-7.198054829371339,-6.975444950780674,0.7250700075588292,1.1428244112624502,467.7345332249738,0.1519754641691735,0.04104215581703313
81205,-5.679075978184172,-10.41134220809101,1.9232553796102518,0.5833225297994905,179.75458182796223,1.1815242290462047,0.04104219537543135
81206,-3.5096587213953336,-9.885516595237068,2.703729959385065,1.0633716994289766,468.3457675752298,0.5812770049154095,0.04104766168391995
81207,-6.406646236005641,-10.10908494661134,2.567634604090425,1.8464934462830065,470.1048361089102,0.053444289877348616,0.04105006607045633
81208,-8.773784615726267,-6.686203974717872,2.788554618768289,2.016976616802594,395.8152013798463,0.8808995994852591,0.041050520731290216
81209,-6.997333792169362,-8.011279258181482,0.4071220431232935,1.6568255631062214,391.09461114862785,0.30993928304243923,0.04105558909435236
81210,-6.310144907166587,-8.128090583163601,0.6644402186555676,0.9743865390284309,470.3011063840358,0.021477966342278165,0.04105775608916095
81211,-7.371919281816632,-7.65776910417299,4.83454764508803,0.9281344635838865,188.48458783474524,0.6844675690178583,0.04105818973608384
81212,-5.8725088057281845,-9.634967405388828,3.1592155362068395,1.118601664895673,468.1315891097596,0.49916142726919066,0.041060149672452355
81213,-6.025078773653275,-7.694603706088774,4.653660200764315,2.441415677376236,452.76129921433534,2.510789855886344,0.041061494260457104
81214,-4.383846747278578,-10.128756590303103,2.4186728956458765,1.190079681457505,305.5476552157903,1.4224254781820038,0.04106402866513994
81215,-5.51171144742817,-10.642362077134464,1.5431550693203928,0.8453985582419599,223.64755829207147,1.1362284698527363,0.041068935128673704
81216,-6.350039788431748,-7.609085931133184,1.5273602755226159,1.8956340405543595,466.9936603381239,0.31563072642414003,0.041072770464893264
81217,-3.9657034270269174,-7.849755993001363,3.7810969126704306,1.2745371915486252,307.6896482743051,0.9540717045219784,0.04107753533214526
81218,-7.279540486584211,-6.352288511395396,4.627909682074935,0.6540465534968173,143.48097344173917,0.2753497774665741,0.04108634345240869
81219,-5.389974422044887,-10.297481722684825,0.00904045115360445,1.080132757384464,251.59090974015209,0.3128227955925924,0.041091832428794155
81220,-6.97771362718556,-12.756487672294773,0.48416392696312405,13.150407720192137,630.250234109739,0.0014695927669814424,0.04110336161683889
81221,-4.106803315586587,-8.558995094128473,0.6109482330050585,2.9932808922356546,499.0387667870537,1.5252708004086317,0.04110632070449372
81222,-7.663941718075835,-7.109080503069448,0.3062502716371383,1.773270527033201,420.9056776342918,0.16814314833559152,0.041111216646201584
81223,-4.289360695555056,-8.81260581091271,3.9445213374750607,1.1098188020892892,286.81914740357684,1.2338674395369376,0.041114250760199006
81224,-3.6167644862030004,-7.870269418856953,3.801347453840978,1.3469630041867178,300.640186713814,0.5933806811484486,0.04112082514501246
81225,-7.883859054657305,-6.339928348229928,4.742625700384093,1.2388566848387077,268.86466292233473,0.9684805163091257,0.04112086144102576
81226,-2.748471898197188,-10.626954138276172,2.4448391213282745,2.540822431489884,216.00326170229872,0.3264867210930884,0.041126521164030656
81227,-3.5282806756921303,-12.796663284113743,1.114954555083447,1.0014017277364007,245.940033287411,1.2964541561652592,0.04112978529995137
81228,-7.1744302931906745,-11.049683707003997,0.9207356976676425,1.9237769980096227,392.62330509956115,0.3794728466307147,0.04114810713277518
81229,-8.037471959816713,-5.6706229156183054,4.446538566199078,1.7026165977002399,399.3432609469893,0.7269337278834689,0.04114986119533936
81230,-3.2952768071742744,-9.562944927716789,3.085829751947295,5.861558639823249,316.0733547270421,0.2213701230428997,0.041153365707802175
81231,-2.584441741586775,-9.282379028958545,2.863790581440604,3.0954564856977496,491.0138402521762,0.5260377249747021,0.04115460326691583
81232,-4.170273190676417,-10.108896488698532,2.433516819494819,0.7320676972296272,164.12576799463574,0.9956195593958483,0.041156141331934626
81233,-5.340943613924768,-8.079361335061318,4.5215426710280795,1.2756522527312006,286.2313312287323,0.1683336139473619,0.041160062068877956
81234,-4.953772982942748,-8.849339439103783,3.9730949895651237,1.1597867535928326,467.9928487010831,0.3646759497296195,0.041161016107102176
81235,-8.676181937467899,-5.373924216535103,3.1921720839076446,0.565344006758336,117.32113045417299,0.5522630281716339,0.041161300393251485
81236,-6.294153035209803,-8.560938857128484,4.4451166268240305,0.5613363968114876,157.93505041825023,0.6648684205641393,0.04116388846022776
81237,-6.894153736465611,-12.492016166590929,0.708538027565318,0.5597462926353974,131.68450213596157,0.376154384674698,0.04117131818906106
81238,-6.047818843841503,-10.07256654259158,2.634571557825755,1.8372863328768692,275.4495318124747,0.02785883114492904,0.04117431697572236
81239,-6.555063308643184,-12.900144734640234,0.9168732757788255,1.0723118801895024,468.1360864200433,0.8796705467396935,0.041176063654013786
81240,-3.932100643877609,-8.175152991922175,4.262946534884583,2.786208277780773,453.4950677383773,0.21183783886219398,0.041182425257111
81241,-6.712333857520014,-7.088524878908151,1.8853551981482055,0.8075317356551419,196.7934885940699,0.8496873704077599,0.041182997875089666
81242,-8.075439823720327,-6.693444624981973,4.527828987149667,1.627894187694072,468.0249917285521,0.40988119170441895,0.041184291057871886
81243,-5.39948115295311,-8.35051226269366,4.469655592118533,1.5529843246025474,396.9151712991602,0.7117142880236136,0.041198525153475093
81244,-6.773819729452509,-7.233406373418011,4.812650960672868,1.8332762361905943,444.6508212183778,0.5346673813639935,0.041199023407352056
81245,-7.725864153240492,-7.605258732449588,4.506619996075522,2.5429888835869887,454.80312503495946,1.0809378372527663,0.04120058572330072
81246,-2.637168742553836,-9.152418072421593,3.4318528504521506,0.8929682310508078,179.92486178685428,0.8561239479759832,0.04121565577879567
81247,-6.216399728263116,-8.001143546057897,4.845313647909531,1.2543657735090359,300.3942320206589,1.0683639500044046,0.04121842200005865
81248,-4.051886871229799,-12.140176050742987,1.1606048802238385,2.67051443228999,472.9786956042463,2.100623525017542,0.041223658801712845
81249,-5.4034412108028285,-10.061528630231752,2.5994746030207976,2.6983841293455866,475.2251286977472,2.031198912859228,0.04122419254271774
81250,-3.4520801367610403,-8.58519870808632,0.59063277393041,1.1833882314365574,300.64584414493123,0.7515974513198227,0.04122589783385639
81251,-6.014491460012454,-7.582693171743962,4.472838093406379,0.8791502770335593,243.64894910193513,1.4198807210830946,0.04122631843561942
81252,-7.743351770758066,-9.840538072539212,0.8915736230644402,1.2921527887124717,468.3601813342778,0.3049466712807112,0.04122812211788052
81253,-3.5771081583739663,-10.188169034295623,2.2550548170695355,0.5003994062479667,120.36163475405264,0.21630111646620964,0.041229471867620035
81254,-6.890976742031666,-9.896757530266257,2.5864902602013036,5.176040943267434,261.94512244678253,0.31924034813189994,0.04123149230310707
81255,-5.407985151104096,-10.391218133385156,1.9086760742634181,1.8274975493158352,467.6066880612441,0.4294494772486912,0.041233686981693586
81256,-8.57201350584084,-8.032736454007049,1.3862747993975744,1.4740176170319754,405.71117326810156,0.40015022863099237,0.041253952789952524
81257,-4.744068173306836,-8.116207407735995,1.4624844931742034,0.5858859392411212,120.33993721722892,0.25275505495651185,0.04125508047905767
81258,-7.664028054984199,-9.919249197974146,0.668076217853533,0.94915913555383,261.8696220345188,0.5621535940876301,0.04125986434879067
81259,-4.426559557605124,-11.262087412571763,1.30580967607759,0.9762620992109488,469.9807112846844,0.004042691167517987,0.04126082423964315
81260,-8.332533848677297,-6.512447185440466,4.111034988280149,1.3087715222850103,313.83182081926424,0.9334265838036755,0.04127011584145277
81261,-2.9101580300864383,-8.095474707840054,2.4947129947321383,1.00976589554206,254.21373833608556,0.8041776027543017,0.041300332695805665
81262,-5.50024604656255,-7.575955699874935,3.221396539334878,1.9100443876547517,467.9062503761983,0.5701805694769888,0.041311010650728515
81263,-3.6934384642883344,-7.8391639652442695,3.6258424460165743,1.370890041735044,222.06525617684753,0.09115764514602631,0.04131930788139668
81264,-6.501313421442589,-12.139360879670813,1.0200582129507005,0.8937973747541097,252.404831204263,0.4540169671406158,0.04132289304253824
81265,-5.686836786430234,-8.85046876934673,4.064591944788795,0.7781531816076842,202.13208053590574,0.3729346827739368,0.04132544510629166
81266,-6.697348400307044,-9.98799339739892,2.606454443981251,1.6670479834392173,392.2362030145267,0.5312821836567609,0.04135533615893844
81267,-8.847754554045508,-6.269044967873062,2.482543622277127,1.2006112474587294,256.78923658126814,0.9782641204016809,0.0413556652763174
81268,-8.079217474864867,-9.057119961695886,1.2676439795777117,1.506118149283353,332.86272268950114,0.8615871409302391,0.041357011890825954
81269,-7.778155778774807,-7.4544878959518215,4.564575871535257,0.7808495304257904,221.57103781691657,1.3051338125611922,0.041357937813747046
81270,-2.563924037781579,-11.988856579641608,0.16951431304403178,1.8248647786617602,437.5322209204354,0.7870665087751174,0.04136420649788948
81271,-6.8031401671902065,-6.62702790651273,3.0772462886187246,1.7514438262999474,452.2450870163375,0.06341253548025172,0.041371639805635935
81272,-8.850228603443567,-6.725793939315637,1.8467366145281836,3.1609022404521645,502.62362555096996,0.6909264984766246,0.04137200916895183
81273,-8.04247560160305,-6.143336779165473,4.543135887061021,1.1872738887804002,305.34505528059026,0.3246512645613615,0.04137343084888583
81274,-4.010284431797598,-9.853063738228483,2.741473900548039,1.8900290663085662,455.5260502207562,0.32094583177805003,0.04137507287588431
81275,-5.921280045460131,-9.706563996395982,3.075821165758034,0.5812298026666423,177.07778740578897,0.19141693436985907,0.04137775581090909
81276,-6.805161105648799,-7.221086916512054,1.4094317779481271,1.7635249967304336,418.3925188575849,0.8906875869943258,0.04139421367392275
81277,-3.2756583879269385,-8.503684724010622,4.16096105461532,1.488261103503588,335.59215469849784,0.5266339475398887,0.041398507174399524
81278,-7.120159542125322,-5.908710393794653,2.0447012637767497,2.5755332578367396,464.8079235666054,2.297988360676962,0.041400914421243405
81279,-4.247099530917526,-9.935500807579173,2.657293300462771,0.6834728293057203,467.34382680325297,0.3890765678552155,0.041401699663161665
81280,-3.5527808049191805,-10.723318348473104,1.498075252990397,2.305887459594905,436.00167046010296,1.6193576696982266,0.04140443317454812
81281,-6.809688338740212,-7.249089088723975,4.854545974357676,1.674309000495338,468.386336717696,0.4309155557093609,0.041415481431716035
81282,-7.356329325666939,-5.061350580412735,0.7900279549461504,1.8836432954272444,453.7920297824652,0.2955969346297209,0.04141676770875383
81283,-6.009058135732294,-7.388313221421184,3.0459278211250256,1.0019745981906294,268.0471611200605,0.888401493095512,0.041417943811346114
81284,-4.625004326575679,-11.570921197156052,0.0043027477892078865,0.8043844025007639,469.540371230242,0.06433914573408916,0.041418315247916296
81285,-4.687641386035963,-11.297376537875952,1.2940048117017924,1.7967784526122146,468.48849574537513,0.35239160287969984,0.041427799173511325
81286,-5.63859224718375,-7.567152887201881,3.770893466998666,1.6487829302155212,386.95123174080464,0.3602130534400194,0.041428666797104996
81287,-7.879647419829965,-8.059061928536774,3.713168540158115,1.2910458104795868,467.9515888938159,0.5935032104467721,0.04143628613490687
81288,-6.095482699039309,-7.350282684846493,3.7570458939634306,1.8203736974761169,469.30513407165944,0.21800402302785304,0.041444225610191426
81289,-4.2987132846096285,-9.08472380744725,3.6590806520214127,1.3700031490389553,311.1376595030512,0.09979496979939206,0.04144881645292495
81290,-8.883220788581639,-5.096817494902433,1.0543314645553088,1.4320940812416258,315.4396840732888,0.12366435545125842,0.04145048348132836
81291,-3.1408882901153614,-8.735156714135105,4.040046431735891,1.5972760859143869,467.8084987650373,0.7795474060367917,0.04146077199478348
81292,-3.658033044555637,-7.828068317485535,2.7840973421067003,1.2226093043789021,305.82758296644255,1.015610569137853,0.041464375067929216
81293,-5.652596511020841,-7.6311968803616885,4.107884660515678,0.6835272811909457,207.38428887804378,1.0217712682901077,0.04146815163502344
81294,-2.8525123676152244,-9.784982844019375,3.296934070165287,1.0457848933076113,467.48797957175975,0.32249144779242567,0.041469446868557074
81295,-8.574016569039193,-7.759434657458125,2.2479767767976324,1.111601339819939,466.2685850705847,0.09141389134673172,0.041470736732392814
81296,-4.982952973385779,-10.078862152314894,2.51958052690305,1.8686013479623642,448.4818863175027,0.4549936338362164,0.0414716643622963
81297,-7.423043056160768,-10.068280039781673,1.3172948516713954,0.9164003945700072,467.5162704043879,0.7598250972457121,0.04147314614724423
81298,-3.830446471500281,-9.15743090483649,0.1364944794197639,1.1275532868102418,468.05681379587656,0.7061468802635735,0.04149492774041916
81299,-5.8187362201617505,-7.717766140018972,1.8855380738019043,21.089925105332053,647.9357618107463,0.03668958910456066,0.041498395800131496
81300,-6.197202321330872,-7.670959351673647,4.749228598292402,1.6194524399732344,374.58521669851797,0.024770084105546708,0.041499231722893076
81301,-5.632548542991474,-8.071860687847934,4.620390478398291,1.0795506256646212,467.96944057144276,0.4134055411573039,0.041501442023545214
81302,-6.64798201201603,-8.109932690759106,0.5123705675340899,0.9113773786157318,226.72470041609432,0.7031517338986548,0.0415109158729042
81303,-5.151732232143479,-7.693132000339454,2.869478633734658,0.9283495592363297,241.84854334369143,1.0755494377106407,0.04151758314110979
81304,-8.72800717815804,-7.491902747333317,1.6419520586226977,1.0320235782728653,237.78772269732946,0.06863363422690139,0.04151879308072903
81305,-5.50400407131503,-7.617725806199893,2.756469404237053,0.8345581500315413,166.93373993695306,0.357461586687978,0.041519059651133464
81306,-3.421727626207412,-8.158955901830467,1.5078059503732577,1.3896373144710472,315.1122207742068,0.23229054099509305,0.04152494307433656
81307,-4.646227978697671,-9.701701164907302,2.9593080345307574,2.6194356872772584,305.93071558307037,0.07155711527003561,0.04152697921941894
81308,-3.2404466066350404,-9.020822601135428,0.24643187172339842,1.1654856497839874,209.2394492365297,0.08059272547859653,0.04152797753471791
81309,-6.845767886230656,-11.799861732753138,0.9271611455134585,2.22681048387947,426.9968621854857,1.4676050042984086,0.04153075749916604
81310,-5.046370616928476,-10.363389662783904,1.9190074980492782,1.1539004866734048,297.82581923845703,0.7971738337786949,0.04153125982707814
81311,-6.370228536204686,-8.412832029917869,4.586806237012745,1.039430643093325,203.82112314950578,0.18317435535588622,0.041532090795440395
81312,-5.765957546629104,-7.692222027509262,4.404420966573516,1.483857120585719,445.3353760747834,0.06536704267298177,0.0415322547245325
81313,-7.695195264082793,-9.805099755126534,1.1411891875834854,0.9997568734677308,263.51948034764945,0.20360028729405855,0.04153229243521815
81314,-7.273994974797281,-7.677438435534279,0.401123935555862,1.5881912600225123,374.94481915032645,0.5704971207011322,0.0415352081673362
81315,-8.898756024132599,-5.036531419786116,1.2547324467089604,1.0271223785506642,269.7368781858769,1.7516691591078475,0.04153842810071586
81316,-8.80809258868616,-7.103482296557793,1.9778239397033686,0.8137496808012223,237.36103638704998,1.4863812528948666,0.041539291186111
81317,-4.900216021591613,-8.120963077382982,4.378019899963822,1.5572815474132824,353.04436161792313,0.023600030781697257,0.04154914905432169
81318,-5.570049804668169,-8.581581910008751,4.321231824265467,0.9222940722998718,467.2292522620819,0.02561936249748875,0.04155797286118037
81319,-5.198476935424426,-9.87124076767004,2.805299910705199,1.2841420918928816,316.29795651917243,0.87892940063466,0.04156211465322596
81320,-5.569974596140458,-11.103787840531563,1.3373093899932564,7.896041935802981,447.934005714634,0.13927728788674099,0.041579016743190686
81321,-2.538350902604865,-11.988035635610604,2.3207963188066905,0.6752983602137264,156.92168254254665,1.2157136491306746,0.04157922642145317
81322,-3.1056039965676145,-10.240551998934693,2.201581841635721,1.0182196289675582,220.83094259116467,0.022373226120487644,0.04157940439507222
81323,-6.675100359911164,-7.152760018077708,4.563037252842768,1.1640612305844524,466.51732829932257,0.3878920636432257,0.0415914949416653
81324,-8.291205363638745,-6.453819018628133,4.191137175901301,1.278185738649528,153.32553940648626,0.2677495730527042,0.041593665664370186
81325,-2.609664168625513,-11.26151902206029,2.6607554135928897,1.4162007004321122,356.74899458412426,0.3604177819083496,0.04159649633417371
81326,-2.711784778839,-11.36467069281506,1.4586525971560935,0.6820200440418367,176.07481343395202,0.49627568031767044,0.04159677965145282
81327,-7.317824860693701,-6.528466252680012,0.6568633334933048,2.207400252992951,423.72322308501344,1.2956337011399413,0.041610434143152894
81328,-5.920440206295325,-11.108675259346311,1.318406353883312,1.7533857051788257,416.8668816822112,0.6529572468069658,0.04161205370336811
81329,-4.62098507490389,-10.127004395349784,2.4184808118881977,2.7505037399989645,478.3709104673594,1.5507646105035962,0.04161772150467105
81330,-5.681473163694844,-12.227421895522026,0.057083315128930966,1.188586307685835,301.1359070551479,1.875835850037677,0.04162008006789618
81331,-6.990651611574769,-6.416575752553025,3.8933548435876477,1.6618428100457752,436.2013111587024,0.8177761942999666,0.0416220962200483
81332,-6.305025239395765,-7.200564622756267,3.490609801127997,2.4630358576553677,188.1840276256715,0.3006888362040536,0.041636463288035205
81333,-3.459812523739389,-11.747397416555971,1.2053744718791075,0.9917373285258917,201.59932857470113,0.36846943347773564,0.041643805312295064
81334,-7.59275737205644,-5.532650694538965,4.481481422486191,4.289129783932551,581.1561080386696,0.5943113610851736,0.041652295695782465
81335,-8.259456665147038,-6.948489055735169,4.126977995345393,0.9533440035982463,264.0899277498408,1.5066459162399086,0.04165534556314947
81336,-7.30121449488701,-8.413565935433905,4.1172731811375725,1.0709126479271058,284.86560779591684,1.6854159014215746,0.04165840356848647
81337,-6.3070024050773394,-10.392589566191967,2.0806220522511363,2.7103345196258064,476.2770879394692,2.008582413395442,0.04166982578180691
81338,-6.455207507396047,-9.051434688227092,3.8476752643740757,1.7909349052161017,427.7638805338791,0.6717238320823293,0.0416724097554963
81339,-3.472168218743702,-10.022150427140366,2.506854472474244,1.5113684406848154,338.3987634136011,0.0230822322713502,0.04167571981786031
81340,-8.875040864221164,-6.229770330717636,1.493716399232145,1.700830197327723,399.73467532026024,0.2176178675740763,0.041675882584062005
81341,-6.464372921017271,-7.085727337276617,3.6370804433683706,1.2556926847998005,468.43756574951783,0.17914800773691297,0.041676787611094425
81342,-4.576245749139661,-11.87907621507608,1.182738802231985,1.6918244102189124,468.61449865530903,0.326607176411545,0.04168364915869979
81343,-3.6795082818395173,-9.569647432784492,3.0684466965690365,0.7782147188047537,216.3425969387718,0.5935085585211786,0.041683664616397595
81344,-8.436762467409176,-5.93414115797517,3.8608868084634103,1.1025433960521844,186.13167192842545,0.14058160871089953,0.0416879013270876
81345,-6.256401479075745,-10.567281121464358,1.5548674975512753,1.6353670084783445,469.6620657729472,0.140584985282171,0.04169142360867575
81346,-4.456925853565656,-9.531910456514607,3.146504250896618,0.6103372749104954,141.73415755925694,0.45052660280825396,0.04169877143130406
81347,-7.384141808041075,-5.616802882622315,0.6712905807421307,0.8721207422131956,461.76249618057795,0.08447963343558751,0.04170208006606027
81348,-2.887325891439943,-9.654992974935949,3.3550432791992413,1.5751768247809013,341.0335178145705,0.9377275382924282,0.04170688235415908
81349,-8.0537818816654,-7.830251409201388,3.682467140775929,1.1311498047942168,467.5298960866248,0.4144202193001876,0.04173107348369335
81350,-7.969184428163519,-9.18035654621338,1.3935568314103395,1.8502431241633188,467.50157569592795,0.929161994582901,0.041736709986969774
81351,-7.976518894568106,-5.7736848000003445,4.5206615917647435,1.8747387504576258,450.0018028458511,0.4845769344671682,0.04174206689260864
81352,-6.021347801696836,-7.502588410944728,4.269054727776199,1.0151740278026848,271.7916309577109,1.466747105533691,0.04174272891097054
81353,-6.843054461214179,-7.480830068400285,0.9401684125991169,1.0899777717774182,467.25852565526066,0.9314325332526936,0.04174544072328084
81354,-7.282654728802463,-6.66820506803788,0.6889203174837606,2.8114590452360186,484.910364663123,1.8677208337161106,0.04174774741038325
81355,-7.767997336019025,-6.901165046175354,4.8382321295608275,1.422764192533716,333.0360807346799,0.4565503047947148,0.041749231397794066
81356,-5.559150968279971,-9.895926065169638,2.8051444926814346,3.6581073097413723,499.8853257895897,0.19832308661330078,0.04175350736447222
81357,-7.29663391383094,-9.705424018718839,0.3851493061685418,0.9113361368706253,190.2839193003578,0.8976216014739062,0.04175481350908188
81358,-7.86297701305783,-9.272049766906473,1.5434117867129686,1.1884513861232127,305.29599611166327,1.4947675380441892,0.041760640106205456
81359,-4.012999040579391,-7.970409323585134,1.9848061959502288,1.1201424017325072,467.0303559570622,0.6830955726633796,0.041785519788352134
81360,-4.551166004953792,-11.605333144781653,1.2285837111119617,1.102601488481694,286.0101246982483,1.3532163150116263,0.04178580084733563
81361,-3.7320610743055624,-10.042345168476805,2.4878955013532966,1.0450121092991733,468.1411171063621,0.40356960609015236,0.04178595031664958
81362,-6.101748447807815,-8.224184453927737,0.6615745070697898,1.176327259571563,320.313848724302,0.11324436348046518,0.041795625103773104
81363,-6.920986290691032,-6.630863225567923,4.111711346964158,0.6636720442408469,466.51369052166797,0.4578489296768531,0.04179810972944349
81364,-4.600754504879884,-7.9080672405263,4.096867258479527,1.05298833997129,327.83641846609487,0.9976763605855128,0.04180140027025604
81365,-2.9880071773618946,-9.568198639318792,3.292707743851005,5.056807658724682,541.6296430740664,0.12147803598466478,0.041818133156544444
81366,-2.3499758750582043,-11.585908760971133,1.015169306286458,7.773521688460299,705.0070278990833,0.2510274138924773,0.04181910570739633
81367,-2.518969155921461,-10.95969859226646,2.6645351979812566,1.8115534507705322,461.10387798008384,0.3150743619944185,0.041825764924069364
81368,-5.669815261174604,-10.107439759117678,2.5557236281024753,0.8009207455820885,202.0912329671095,0.472476848759098,0.04183662634012579
81369,-5.901517740144909,-11.67985989299444,1.1705013405972429,1.104538876616687,272.7538869668244,1.0835032307315347,0.041837271048653306
81370,-5.303629173316302,-10.351417338348611,2.0152387198707826,1.8032770851611346,466.92827293095877,0.45076717095224783,0.04183853378506767
81371,-5.536848344778286,-7.632496218423223,2.5924339539587975,0.9696935790110268,268.63417203125607,0.9339823563200751,0.041847907450101855
81372,-2.7434846099395074,-10.646630290299768,1.9030435215042447,0.988777346170957,438.0503277654884,0.08086877032037965,0.041853072649812376
81373,-5.745116082421022,-10.329210906969863,2.212045699282831,0.7711925840287154,468.95721358292894,0.2150733763137218,0.04185450350933024
81374,-4.180586547357672,-11.930764418976507,1.179054751586836,1.2186902062890421,244.59892868105922,0.08254610426680209,0.041855291805412004
81375,-8.514932032408552,-7.435989003890999,3.0511627238347048,0.659580548255273,199.7687369997472,1.3234301490516733,0.041862260904448716
81376,-2.5951949573097526,-9.205417072359511,2.8971950043060164,1.829512667742796,437.2398401898449,0.33774829770066805,0.04186520031522718
81377,-7.31843594741691,-8.867298821626537,3.4811919698059697,1.4551699911237939,452.2456664545629,0.27909830211863174,0.041866524836134844
81378,-5.089141417166635,-8.036432102705419,1.5535103971041697,0.8675834849809323,176.46682733438638,0.8313943279338618,0.04186795382847296
81379,-5.604495706034191,-7.714594635039061,4.297302845085089,1.0686221452300322,148.22143833418716,0.24704420906329538,0.04186813190735641
81380,-8.857336911265957,-5.620610883515517,2.3944157168640423,1.0302878560408981,280.2801233824072,1.6433744642777546,0.041872176666974265
81381,-2.7427840426566235,-10.609126956244506,2.0577467242461966,1.35627517144843,329.346717687571,0.3724223510917293,0.04187872904842293
81382,-6.964997092068321,-6.836337255730764,4.566650348200092,1.639712115017805,357.9177713555584,1.4463123011224317,0.041879695568091686
81383,-3.7859641029199773,-9.904491517895982,2.661527804697135,2.556374215408181,462.0278565617317,1.8670997958108417,0.04188087496424059
81384,-7.354071833808554,-7.426289748060221,4.9573170159179245,1.3077607210323798,279.2121942565136,0.9596012158356109,0.041883071977364246
81385,-2.8446051453233494,-9.906311543431752,0.030755807108857787,1.896950042961402,459.68239839223105,0.17875430050597263,0.04188427444356227
81386,-4.6213547221008,-10.641267933212573,1.5410758023797222,1.0671795271426219,279.64379928213486,1.398903110829365,0.04188510588171603
81387,-5.913010036294352,-8.720095345646413,4.234419038422208,0.9020795546431459,469.38831584234293,0.08301958593580139,0.0418874408979109
81388,-6.972164055917025,-9.090527277074697,0.1843770838029593,0.5804923042541882,121.09224197056446,0.6435350874753425,0.041889463273178926
81389,-6.400920496297125,-10.017885866577458,2.667233083321253,0.8906023333316072,229.332172283879,0.5751592743791187,0.04189352154298747
81390,-3.2328321839059315,-10.155252369841469,2.2992878848538383,1.1397477447806355,197.35706090828484,0.13430236470511492,0.041922885383626776
81391,-3.0464875984632496,-9.53180317996562,0.07388836335411658,2.676871131667492,469.4994464576953,1.2894582261772927,0.04193686508127431
81392,-8.87692522164525,-5.90160286021972,2.0439282869199844,1.277350856292856,220.78111773462757,0.0774383525519422,0.04194121097224645
81393,-8.615401998107522,-5.153339416633568,3.3308548547901364,1.121100902841109,269.6754998226357,0.3022033310186787,0.04194150144067658
81394,-8.878606754711198,-5.462831721772848,1.5938507220259337,1.082900851566481,234.77565990058446,0.6950663552443137,0.04194965670199256
81395,-2.866322574843309,-8.343579682583082,3.7460619062949183,0.9414531513770455,254.67697837759493,0.35079903085875497,0.04195078854543922
81396,-3.532739400256684,-9.76077893723232,2.8353103445522763,0.8230975777940699,468.2960404094129,0.048370653409017805,0.04196013903414774
81397,-8.188575842019825,-6.391438785189204,4.360228233676529,0.8749061362806037,468.1077072018137,0.5547820911373718,0.04196138732985327
81398,-8.149938402198721,-5.9950409846120944,4.371602852653116,2.496992138517198,456.2162989208543,1.7536139870225584,0.04196266293694056
81399,-6.661796678723852,-11.722810895471943,1.0334371461589065,0.618976500092273,132.6357081258376,0.18723576288071264,0.041971906373226175
81400,-5.068331206645961,-10.97721408798572,1.3887119944252904,1.4918869024211887,340.28603369110607,1.3579264611240225,0.04197559329790294
81401,-6.8176379461007235,-8.523052118529835,4.362406951461346,0.614983502088276,191.85586740211698,1.32615870961265,0.0419822277647745
81402,-5.497719380118894,-9.918758924964061,2.762276660259698,0.8735030915342836,243.06287394536668,1.2727945171170818,0.041987302130944204
81403,-6.832673510486032,-8.244203754120386,4.655771645822279,0.9509464739839671,468.063194587589,0.3492617283478081,0.04198822426622114
81404,-2.4264645374468454,-10.764243818442555,2.0506707045595722,1.7075409261011012,401.2650719479398,0.3817207687841462,0.04200039175027256
81405,-4.232402589804752,-10.380088105774666,1.7845359455184782,1.6711359048028174,393.4338032463188,0.4829172458772595,0.04200490682186763
81406,-2.642727988829064,-11.027753103347104,2.770861382731853,1.026487042549735,203.47916597533032,0.8667054367250335,0.04201685057483641
81407,-6.910730386570121,-11.271911050651163,1.0363773213103613,1.7787953798475007,421.7466661517085,0.017597513550439814,0.042017949208590505
81408,-4.19540765368485,-9.403956464771511,3.2707572899929622,0.9447794833819486,468.13289939920753,0.6712848184234472,0.04202023055788376
81409,-2.3355066091763543,-12.03417273165348,1.2039525472532417,0.9429963346639129,249.05387146858527,0.21480533063707785,0.04202104242651745
81410,-3.5923854424064308,-8.116825020285496,4.2033802574287265,0.8530630872237099,468.48273689632884,0.5399063158668751,0.04202149122014895
81411,-7.575010961662681,-7.271627822212347,0.3292119129667753,1.0569408126300148,468.55359465878365,0.6375161577010298,0.042023592708243955
81412,-4.734328907722664,-8.42289009263386,0.7597957323840977,1.8848335062640957,464.39985650879385,0.24933625450524755,0.042025887521024784
81413,-2.3361949489977203,-12.377982491725646,1.0210896886753404,0.7518895243948295,152.69675077235541,0.6573548293289946,0.04203001723335736
81414,-7.7139151288970265,-5.401019464008434,4.500748844078602,0.8739006412656916,179.59425920397334,0.5868735713179669,0.042042844071548936
81415,-3.667271512815068,-8.557605288197795,0.6361525791885976,0.88627792333879,178.53878326186648,0.569652560365614,0.04204473205803436
81416,-5.703405846267483,-7.5159375237122426,3.313364440835195,0.8267289692079359,467.81687293769187,0.034957045381470486,0.042044997480943765
81417,-2.860779997385733,-8.17068843421793,2.548569004545138,1.16545435213116,196.57947776013933,0.12779445327331107,0.04204648664180217
81418,-3.147655839037392,-8.103014544446019,1.7009184416345937,0.8027406799127502,468.63980312041093,0.45809289058254166,0.04205391946864647
81419,-8.002351903206106,-6.8444133180246185,4.586261711007733,2.548840502504732,462.05760643124165,2.10523630881149,0.04205734815738229
81420,-3.5827105352596256,-7.876371607198164,2.5137964079383504,1.3893071277267137,311.0799820225354,0.7961909204069002,0.04206208616226659
81421,-7.4494507887003545,-6.519157914096874,0.4498742803224397,0.7409699394057472,468.3408334636327,0.4330095513271379,0.04206396691163706
81422,-6.825349490665657,-8.43134795459584,4.462274845406495,2.4714428362730505,433.0720097600985,0.5465007139459166,0.04206633409971596
81423,-6.830921635514543,-9.915802263245226,2.595654578927611,0.8186919401622202,194.8545432650418,0.8484860131433338,0.04206772964040776
81424,-7.816899915708609,-9.53405371052091,1.2278011793760975,1.7581822017219868,416.75793319588996,0.43787917910480356,0.042069397795297475
81425,-3.8177051072980186,-7.813712723021915,3.028716485044173,1.6276813507401564,357.82235228782207,1.601214009675573,0.04206978732775912
81426,-3.1265907467450003,-8.42251124065288,0.8997826032787362,0.9587364540168635,246.0305593044665,0.1505377794180287,0.042070122658817495
81427,-8.623432854354327,-7.59494734764648,2.3445778273719413,3.9283015301329955,416.8887378622856,0.010887204306391673,0.04207429478427771
81428,-6.638460608531625,-7.528383525213124,4.921523465164805,0.8536707029188079,469.61075667225515,0.0220029460146991,0.04208340925555194
81429,-7.313043743996049,-9.609750173020668,0.3789195611284077,1.8866891315052485,469.3160177164527,0.07709256615063875,0.042084574786047366
81430,-6.0116142508834525,-10.372072526108928,2.1188212628945444,2.1658925749418345,421.4329983623958,1.644244368410635,0.04208675016309028
81431,-7.919208797756289,-8.102883343848681,3.5616963666816237,1.2353453754788504,296.9130861106477,0.5408804261513227,0.04209241879743851
81432,-7.124687542339318,-9.170320671009494,3.299908383923568,0.9623999852509668,468.37663608954153,0.9059072248848308,0.042093002708911295
81433,-8.370147325823766,-5.393537144723793,3.91103249995176,1.3350868889144019,319.3230659006127,0.9770267440063645,0.042098089493695104
81434,-7.994794062218,-8.824708193203815,0.5724915131281758,1.8399286448627403,470.3152021043803,0.023059937965395072,0.042099447058328986
81435,-4.107883513661931,-7.884279010502756,3.8796967189019163,0.9722780324056566,439.6926353982888,0.5198416253568761,0.04210194592081296
81436,-3.1325846612169164,-9.249879555068892,3.507998317383531,1.8152814257051266,430.9556862956439,0.5294075353468024,0.04210615031378407
81437,-6.937119574468115,-6.72590128784032,4.34179194604799,0.8620374044032368,467.1751044357324,0.6932584113375624,0.04210944070866963
81438,-7.339442817722798,-6.0377004825709015,0.7239748375683243,2.7769529072612564,469.2425107406781,0.6403302387332444,0.04211091037388476
81439,-6.151959457913668,-8.424614704425242,4.552791925888511,1.4906725153518654,467.50228552177805,0.1280409397541309,0.04211685606746017
81440,-7.176337410825836,-11.217955376179072,0.4590720576124631,0.7107050043549001,440.0776192184513,0.34303300530175296,0.04212274008204569
81441,-2.657657932829581,-9.524376705312477,3.6814307273645825,0.8209240771182525,206.13766154891766,1.3519080408616784,0.04212698889574181
81442,-3.6108902437303945,-10.884400180956982,1.425629163323604,1.4301820275690376,468.5909103298215,0.38311548517686234,0.04213261670722569
81443,-4.703826131515556,-7.74189757459135,3.2560845892278736,0.98008733515964,468.29505921791895,0.6671699945351897,0.04213619536274227
81444,-4.679035338678881,-9.64698892487691,3.0199942169000353,1.1916304430484927,302.149521975812,0.37632854014471473,0.042139411533888296
81445,-4.8620435637684505,-8.816477066892915,0.3174066226211341,2.9157403919845044,492.36116971086955,1.4974265531730486,0.04214308624490007
81446,-7.049877611506394,-9.155035742974245,3.397661790273342,1.0117839547332268,467.80605474605414,0.2322014945442481,0.042143821625558874
81447,-6.79318300182517,-7.293830626475963,4.859921899859594,0.5843236103356867,127.94661561927683,0.4642083456347743,0.04214690673242958
81448,-7.2749664076626015,-9.685929164950394,0.3570634875164817,0.8527003617795885,468.0050845422532,0.37036718000870206,0.04216350925571084
81449,-8.085773070794257,-6.771089754674814,4.483507241829926,1.3280976071475514,292.70003638740667,0.8575513555857821,0.04217311615348852
81450,-6.202679521182411,-10.356488116360003,2.1911010426534108,1.7426655016974872,469.96685115807793,0.06509369896273043,0.042176463066859786
81451,-4.08575998668711,-10.110237663101982,2.3859758387257153,1.1048830236699938,262.3584571671229,0.9319897873310614,0.042178946025332786
81452,-6.727327874177694,-9.552818189418911,3.1257509447366796,1.1165600196894403,241.30796231018903,0.7571710463442756,0.042180942036185345
81453,-3.848374352458304,-8.003376741019563,4.093199544212385,1.0799147486685818,260.4184950102084,0.5540653528628559,0.042214283372055385
81454,-6.6760443264662745,-8.417389434233858,4.53141616395362,2.705119502227189,474.9730645507317,1.7732498959212295,0.042215825541450806
81455,-8.795231879034997,-5.801635967178483,2.7458976113115887,1.8213429938523917,467.8953556479917,0.07523662973372858,0.042226214706211004
81456,-3.4473847961534556,-10.280553978083152,1.9567521267779266,0.9553959199983859,263.6805468000976,1.2236558659094072,0.04222666699919918
81457,-7.271482496855713,-10.94051623069171,0.7406140362081907,0.8820088186088763,201.80778033931333,0.027641451537743222,0.042236943428554774
81458,-7.067482050943991,-11.495714990942961,0.8018908086000672,1.1690055678896065,468.90974122342055,0.861155062420484,0.04224443748664526
81459,-5.8901710265753895,-7.545385374787797,4.165381760026414,1.3483735433761008,342.2756731207895,0.5749905998166058,0.04225867691727288
81460,-7.333945443622683,-10.696329767991958,0.5213722601729854,4.334343591719162,498.7231646191534,0.09790151652086632,0.04226807473474526
81461,-5.8592138989359075,-10.320641670721104,2.2430433898487765,1.747106005482008,467.5864447982771,0.6973953068394074,0.04226828464276071
81462,-7.15316428625618,-9.534387007359399,2.76739957739945,2.7949971165248724,481.1985002958301,0.3986994025737687,0.042276860495679545
81463,-8.890564723441832,-5.288395477788316,1.427230565025958,3.708181400234028,547.346154142556,0.826128532304792,0.04229789833826302
81464,-4.734296436929259,-10.231562944705612,2.204824935906188,1.1881911536863432,467.3538300017406,0.3213136647485557,0.042301284612026015
81465,-4.567900294007171,-12.859405599724495,1.1005684112620584,1.449776491012267,325.3700174650713,0.8535280574913173,0.0423048694643447
81466,-7.413928311018516,-9.307658104192008,2.684120505652564,0.920315626933209,212.86297785382723,0.2318652846363527,0.04232388989752639
81467,-7.172612100778878,-8.195586770083633,4.493195023889699,1.8862563604099596,454.1826433210452,0.49812242245123084,0.04233454372250796
81468,-2.7416191997444823,-10.368579010041575,2.9041642166331165,1.730444422312066,408.42367495191723,0.6237790573280781,0.042342127870154254
81469,-5.3418723100867,-7.932427708751658,4.429625850797521,7.658998654516895,527.2120917333749,0.025572808818024484,0.042351604758709346
81470,-7.630207444743514,-9.204517073474664,2.395991018882289,1.1653277064137926,300.35704574431463,1.2595496272309754,0.04236642322995427
81471,-4.048454203056753,-7.812656106117827,3.4727003158015624,0.8322008596588344,169.5025032340103,0.10502512354975924,0.0423666711079194
81472,-7.42703086766168,-6.420971108937168,0.4948223517741377,0.567005954952963,124.17714616860732,1.1802569130583658,0.04237498266126106
81473,-2.6443319945545696,-11.46537513009206,0.002770684378324203,1.1353242668743528,169.5751621804234,0.1848267695973993,0.04237610347034172
81474,-7.608876440132409,-6.541805706212914,4.897879455023817,0.736964661548333,467.89412084843474,0.478623128430014,0.042391788276901425
81475,-5.199926408020559,-9.409822831197253,0.04178133591341489,1.7958747592085849,467.3109002163039,0.5861675371008666,0.042406332392948554
81476,-8.596633071061756,-6.439007680876226,3.470992710936041,0.8335903221844201,244.26213167525438,0.5042142698937662,0.04241135606790956
81477,-6.438381301378838,-10.400687639262447,1.8464869186638198,1.3043651528123792,468.63739530956536,0.325943062539392,0.04241460550090039
81478,-3.7172354701292685,-9.32835801967425,3.334207767981502,0.8952177742945125,468.36464366156457,0.5229947602792882,0.04242312790352505
81479,-7.135958420989539,-7.866330445019633,4.824457355506553,1.1156274005802902,468.3742115412548,0.5265461564364289,0.04242398714725365
81480,-3.9266184063997356,-9.40347479992823,3.2636695963638784,1.587816921494941,368.4146334855278,0.30293874326040093,0.04242558321667547
81481,-7.972152530890502,-8.108625740906106,3.436600856789299,1.6315440497692997,381.72470169370945,0.8643747112193294,0.0424351861954776
81482,-6.207937592369845,-10.056881012953824,2.630688286232869,0.6684167435557158,135.80579066972817,0.02269056845942785,0.042448249260392326
81483,-2.3341216657651813,-12.802798066522179,1.3140647402327732,9.954333069831206,629.9070527658785,0.07189811089099596,0.042463116902033804
81484,-7.2196862292801365,-9.411562455941525,2.845533772031408,0.7714228916055604,469.71119245161253,0.23178397026867525,0.042464971261661294
81485,-5.026097597339615,-9.55433954992627,3.1442900920263686,1.1691424288345522,467.2463305103685,0.26799094794265166,0.042470005821738745
81486,-6.979433856677632,-6.296854118068431,2.7939197553290738,0.6814331509958754,468.28076597557964,0.39422258353956163,0.0424707016419961
81487,-5.52488975915381,-7.813327122544393,4.394906699726654,17.481510008122218,668.5576634751152,0.033206838616094636,0.042474181716253084
81488,-2.7391033832130756,-8.386142529667318,2.4412499052930086,1.0078933334108022,467.9725674815945,0.9181165958988027,0.04248357240905607
81489,-6.42557464489842,-9.670999569062255,3.081208081578825,1.7920479872991597,460.747862066933,0.19439367272996488,0.042491398216155156
81490,-7.198808485900884,-6.8043122187090965,4.844721360247483,0.920963740430857,184.4136009000554,0.6771062783807453,0.0424957598169711
81491,-6.554923325857349,-7.05430736323216,3.9357190630309544,4.044083976852762,563.9851552042214,0.3198360474187041,0.04249610406674002
81492,-7.064374732024489,-6.7653018349534975,1.2807648723740377,11.645565415443468,661.2180990691149,0.08040000080279253,0.042496285577593364
81493,-4.0581570077362805,-12.272552914322045,0.002217407059824487,1.397510816700911,328.0073240610036,1.4079852032364295,0.042500596836446115
81494,-7.269699034450593,-5.327983654816363,3.584850694467882,1.31356008552793,281.66260415478513,0.935614713645883,0.042501013071657004
81495,-4.704153348184137,-10.053151071496638,2.5119055789355835,1.038865893632155,282.9336744679353,1.237768811942126,0.0425022243349861
81496,-7.243299279387509,-7.153841993802012,5.004462901579767,1.0972631628447431,204.54628984288073,0.0443481364024203,0.04250700538246407
81497,-7.237857566480788,-9.29331867403105,0.28829134713873544,2.7578650175015267,380.95144666164174,0.0898011507216987,0.04251457434923669
81498,-7.034061421045634,-6.823262449943621,4.6607302198102,0.8821804266675829,439.36034164649686,0.37437833707295987,0.042515597725197696
81499,-3.8158421714885176,-11.208601112636511,1.3133004124077483,1.135467164710734,260.6994867204776,1.0095122194273953,0.04251807013910844
81500,-4.6587934650091425,-12.160422587360397,1.1475640368707778,1.074381088155162,257.787882037674,0.10599645903058796,0.042527797414170204
81501,-3.6193752821108385,-8.487941217006941,4.1534197968605575,2.600982162299367,460.8502009247235,1.1298438026449835,0.04252834012873134
81502,-6.943496117696085,-12.610628461287074,0.39534101529374066,1.0725416293070227,467.0209042090803,0.6200032060514689,0.04253305625188267
81503,-7.688507219410104,-9.927282865673982,0.9580750771348963,1.1119092997029327,468.5997815661167,0.6413822417846253,0.04253356229652759
81504,-4.13689039447817,-10.835153275439062,1.4419259437377128,0.8431534274608752,468.19573319348444,0.557076584946981,0.04253720309362891
81505,-2.7027384428064947,-8.45275350215731,1.70706453070634,1.1879506545151894,263.18332533965514,0.08008473104981828,0.042539376652953625
81506,-6.826128456751322,-7.291075135625529,1.252795732163661,0.9410155396982811,255.3391201201276,1.38233941624737,0.04254096413128065
81507,-6.824313962472378,-9.021215169640998,3.738018715680978,3.0663896070963084,491.5775012569153,0.5926701316840655,0.04254142684505098
81508,-2.3643378025140516,-11.950995302879925,0.8624536652595132,1.3072795920452684,140.9571926237299,0.37099485271257304,0.042543455268040715
81509,-2.746313896582409,-8.588157328902172,3.425790858966677,1.887387876453322,455.8233392656833,0.38852491307742465,0.042549062928047575
81510,-5.148770732855102,-10.32781340672776,1.9928668680572863,0.5589195812108548,116.43397578259547,0.021031815771793028,0.0425558446745318
81511,-7.573724325652998,-5.353395700112164,4.38616202382021,1.6948967928264285,468.82033640339404,0.9223145573653566,0.042558103246388417
81512,-7.9086353984657745,-6.7164115356886755,4.716617116619109,7.189804311457262,712.4356565985192,0.3591721190505366,0.04256021498057543
81513,-3.4225819195000557,-11.464961788848495,1.2536615168568646,0.7252679720121427,467.8759118828025,0.3260887484635768,0.04256142982926951
81514,-4.775067672806812,-11.791371830169924,0.009510422657016777,1.72102346187654,404.30079139577214,0.015827575852310538,0.0425659046998902
81515,-6.071649007302482,-12.14183514706033,1.0842503203237737,1.697064154657811,401.92157540973596,0.907343379717152,0.0425660942906034
81516,-5.31259747322024,-12.51617070397265,1.104044117367344,1.2147317954453574,261.7973612722312,0.183572853729296,0.04256750838798124
81517,-8.027175765798496,-8.204842798704385,3.15135700482251,1.9103146638675639,394.82847355239954,1.9165537758523152,0.042576070062287884
81518,-6.205803678717635,-7.995675273359119,4.81861768322926,1.9091439884145294,467.79654495480116,0.47104769083601283,0.04257860137495605
81519,-7.634862198377066,-10.042668238519896,0.9443854690803781,1.3929917756508632,303.5056226629041,0.9183187996681896,0.04257952231641558
81520,-7.458200668130317,-5.747399320235369,4.4155405502563685,1.462329145300254,338.79742133152547,1.4366993451609433,0.042582145251168595
81521,-4.176384933046485,-12.198950022867285,1.1463150037183638,1.17704844493249,304.47226389197374,0.6102735017435323,0.0425828732644973
81522,-6.476795268058291,-7.371063034333652,1.8371441253726966,0.8798489477945428,467.6810538560264,0.3202658382958825,0.04259895115657467
81523,-6.408690789030302,-10.06303782342808,2.5936271766785213,1.7118935275400338,467.778912932802,0.020647242978637514,0.042604052569674755
81524,-5.174253339668887,-7.7015645515104545,3.728792406763482,2.0813452848226994,333.28185417702207,0.09978223015157983,0.04260603927796968
81525,-4.030807816508073,-9.901720687802067,2.6550843288387553,1.7997930868305358,427.20149225471454,0.11154088387024519,0.04261780582188987
81526,-7.3863346696741115,-10.555792779098356,0.5536720818755084,0.9992551765840076,468.4651751073706,0.18255774089790222,0.04262148654004137
81527,-8.630757965411448,-5.048764759584498,3.2523721094712514,1.0016217434245618,276.7703372735609,1.3997641482042296,0.04262168514068628
81528,-6.997234151494755,-10.776248606248306,1.1793320755334276,1.373791143752719,149.28362135498674,0.2962464044292039,0.0426234793410512
81529,-6.541429775174309,-7.645771023235144,4.915280183102493,1.292996801699286,278.675373396789,0.5629942074954934,0.042627018110051075
81530,-2.634334159957575,-9.479010383988545,3.5749113011807667,13.975209190594027,508.5540644163699,0.13271698325775194,0.04263778980640971
81531,-7.188931509052448,-9.519635840112347,2.735324030287847,1.0629232833277797,152.31696505230525,0.23313852315966432,0.04264581411697995
81532,-7.4214932742117155,-7.875053773459101,4.588564434943964,0.9879261368279355,200.57590907098677,0.15837115995129825,0.04265066364008991
81533,-4.3413946470351,-10.352350080608428,1.8253128701174548,0.7951791905336615,137.90823283881159,0.2045662378822044,0.042657772247384304
81534,-6.822738361847044,-10.610102543109964,1.3626720648324826,2.191253397185768,425.2388187633401,1.7687944348307125,0.04268098019431015
81535,-2.827115847022867,-11.826875657395213,1.2759093461165685,1.267315978018375,250.11630850679944,0.1658396158519695,0.04269483778607398
81536,-5.231398586582891,-10.26551260742433,2.2186811154609205,1.3482977335947834,468.23981339059776,0.31343299376920175,0.042698617580945515
81537,-3.356611518283403,-8.703211188046605,3.980260730852688,1.0014599591030606,470.02434638729443,0.05621413881135506,0.042706394640231495
81538,-3.7204473603584374,-9.520640791475195,3.115097039483421,1.4126217265673737,314.3857815432461,0.10071466968196408,0.04270875460363758
81539,-4.3063035655377835,-11.17231073228106,1.320928500932335,1.0838545075955788,288.52783770769946,1.101484674079547,0.04271171647869018
81540,-4.13534329835122,-10.107542624001884,2.3804205533106693,1.7700816459045914,468.30884470966527,0.5017206520524793,0.04272082905937371
81541,-8.158725550437225,-8.897485016889956,0.8406363971362253,1.8725289869324768,467.5413805261754,0.34633266696552667,0.04272115078660774
81542,-3.6377055337344046,-7.9073554086482645,2.3319399902544515,1.2576728628429417,313.43277444787213,0.33532879630914625,0.042722515391018054
81543,-6.102990745183163,-8.215574157104259,4.695151400088144,0.7210385730796605,179.41878550735052,0.15800662604880156,0.04272544938786566
81544,-6.917556798819149,-10.357883961689065,0.2529628065987941,11.204094824522988,561.079563837079,0.05548698464128243,0.042725754262936594
81545,-3.067389581308724,-8.416610686736668,4.201859542583716,0.8310800764519384,179.97498712701832,0.5147080628859575,0.04272980386286514
81546,-6.856365160305641,-7.498210752653395,4.98307532026059,1.2801933899254117,337.920339725831,0.08312775638486336,0.042733766958148005
81547,-6.335906857176852,-10.361611072878608,2.1246781544912205,0.6930145578358781,143.24600174124674,0.12350879144033478,0.0427374982331333
81548,-4.945927126895697,-9.102694954043379,3.658981049116686,1.17990542159631,294.71969646548416,1.5286797888291792,0.04274197825322224
81549,-4.676520913245005,-10.455640851098146,1.680015639942006,1.880757044315429,469.84334493418237,0.09139853398691322,0.04274298344375708
81550,-3.19370307836588,-9.995191519984758,2.5586260951029582,0.9966912941396889,468.78847730702995,0.0419493467164731,0.042769192801416646
81551,-3.603138573955408,-8.576002414778314,4.0828654417213714,1.057807945542202,281.59933714033417,1.0050458698072973,0.04279367639584397
81552,-7.51302080365323,-8.309474384598136,3.9649941668297477,0.6697728542309055,204.04300517086307,0.926463270106864,0.04279740564553099
81553,-5.672072211986169,-10.76353179444178,1.4575807141401635,1.112182493514538,233.7465264420893,0.3679623467454638,0.042802143259946315
81554,-6.7707590746533,-12.780187098628161,0.7865766266801492,1.5422265248629439,337.9074834637715,0.44776806130747904,0.04280742502744111
81555,-6.957660276056119,-12.170973473481798,0.3732417699973388,1.4235448292633845,335.4480054800962,1.6705830223042506,0.04280790274984462
81556,-7.064054904860451,-6.122951231047113,2.2496260088037925,0.9532603064835051,192.751181348437,0.8693185197556463,0.042808125456358544
81557,-7.992182018567257,-5.810526429991243,4.497584429870841,1.0460875539886982,467.1922588787191,0.24197048161407064,0.042814179097085604
81558,-6.5783064914106895,-10.619190837466729,0.14887816545879493,0.7630754520750823,167.99336305822166,0.31997710154903114,0.04282380329053209
81559,-4.117976509455062,-9.25130386979836,3.434023588034162,0.5840386884842595,132.22735819711914,1.1977059536090469,0.04282912685339881
81560,-8.333673613793414,-5.864321415747337,4.038013722448105,1.043578272265786,277.50099078864105,1.6790903342900512,0.04283880687050511
81561,-3.8425769044824367,-10.496008519669676,1.628954856024404,0.9439061544898746,453.8470465539437,0.09133442305885442,0.04284118266426606
81562,-3.4784331769978802,-8.800981006511385,3.890047071651188,1.3811133807075708,335.6892699809589,0.5680313829501582,0.042846920740262195
81563,-5.658431296397628,-8.882746337103782,4.005262548766814,3.0937493363209523,506.36469180134213,1.3594125013595706,0.042850526900625664
81564,-5.6639813441984375,-7.6530383997426075,4.168600572440035,1.9355163484318576,395.722383579882,1.6424980532392297,0.04285512858351689
81565,-7.956320538486749,-5.965466545392708,4.568162468412154,1.8716645994847212,469.4251542901966,0.03324880390764395,0.04285563211172996
81566,-3.062801796546905,-11.996362231538102,1.1889431903778755,1.8692393918397554,447.953200040221,0.5794085564529743,0.04286221125075297
81567,-3.4470753180225504,-12.228804820657235,1.1433968331785198,2.231360391781425,430.09438765518524,1.8873027667482276,0.0428689611592719
81568,-8.556973983068712,-6.395135330455063,3.5772441106554793,0.7235348977354897,220.981522328761,0.8967019373277445,0.042875711575124036
81569,-7.073476125969272,-7.0865878455512785,4.913057959820994,2.3004251024712072,433.5925124775767,1.2223159070004712,0.042882087302004476
81570,-5.84997220356111,-8.530031774504302,4.401188936878923,0.9723579005511016,206.18593994365688,0.35790168744251716,0.04288759043275242
81571,-5.113966252541136,-9.370961120665745,3.3721151469918778,1.2021773575185235,248.13680953642546,0.06527505612853712,0.04288914539991698
81572,-7.430844422376387,-7.599906227657235,0.36446205683988925,1.121294610339864,291.20327567532956,0.9001915026777505,0.042895318926947104
81573,-7.627883481706709,-8.940430479504922,2.830997864249838,1.7107762887525007,402.71284185737954,0.5626801472815037,0.04289699141867987
81574,-6.553884380905718,-11.780494341936953,1.0485706497908647,0.9948636315129823,439.48529027544123,0.5145886139680078,0.04290188523747742
81575,-5.947714957784507,-12.879989482653636,1.0375870473306743,0.8588823372998189,166.6890054872816,0.0710055442321691,0.04291221869924782
81576,-2.330383686720011,-12.895241017933229,1.3493107766931796,1.1211945154921923,294.49089419547096,1.4802001743713644,0.04291735261690063
81577,-5.578749071140665,-7.576011621901823,3.1751248802141383,1.2862588031199191,275.96103030815004,0.437291398722631,0.04292195558859275
81578,-4.324295684271249,-8.489126191670646,4.176799949410779,0.9107492699900075,237.12629534110778,0.3370894122233201,0.04293084758370953
81579,-6.870634316495385,-7.224963420385466,1.2560230383958328,1.6647057539615875,411.3352109239642,0.5228621845576589,0.04294243944993304
81580,-4.793563032144384,-8.235618543774194,4.346082698794748,0.7484803976772331,189.45548371352487,1.225282842106595,0.04294401759844424
81581,-7.83344505457849,-5.787023568579005,4.585460471836449,0.8333189022397285,176.3516577634177,0.26495949798633944,0.04295469314130369
81582,-4.002512094174664,-10.366018137029943,1.7749094725949897,2.9516372893161202,495.99923925436906,1.6704114677660815,0.04295484662339594
81583,-2.9498060511041215,-8.368948411469741,1.0231868504858521,1.6823211808134109,395.14974787922966,0.3594074455351848,0.042962106253920565
81584,-6.355238476571136,-9.286552016096373,3.556764509534736,1.1174659564169809,467.49950552306933,0.7915126463255513,0.04296643899156149
81585,-2.6588200247133384,-12.364382346852784,1.3902241913396691,0.8035511765929978,468.1327181922091,0.24843496228520934,0.04296889782249037
81586,-5.240307130863378,-10.159871051598017,0.0033157412469946887,1.0141133054637939,259.5775280258538,0.15263513032713494,0.042973090171096885
81587,-8.799815620925592,-5.469332057913596,2.6761156791538476,1.2133160915787569,305.7091571913968,0.7462711938947182,0.04299994851221302
81588,-4.043919730740154,-7.941074177840773,3.99103406685394,1.729122259639856,469.375593231747,0.08259770813728284,0.04300213197658027
81589,-6.989271213553973,-7.486763034704773,5.0008527023947575,3.4124498604448816,199.92981081119837,0.39074931183383566,0.043008615961211784
81590,-2.557040018530409,-9.091810700167482,1.8762884314513408,1.1397171966447959,286.77895830272354,1.211071894764932,0.04301160669447248
81591,-5.749740956283061,-8.806063092976228,4.101318425411364,5.919230367639872,477.24038275406735,0.00984199301904276,0.04301524104059309
81592,-6.709831722814352,-7.119056760742759,1.8504894552757991,1.709678506981659,402.87787560590823,0.3256105119259658,0.04302179859333474
81593,-4.879183132440298,-8.572206423463747,4.185627335741204,1.5760043584366614,360.67769512119366,0.5927796277568111,0.043024505552345216
81594,-6.732228582873878,-8.430655091013936,4.487893252089763,1.0279188116177342,204.42488070040102,0.25707696114794487,0.04303149174513301
81595,-4.258361865495827,-8.072264883285136,1.7222924124574899,1.8539748262765456,467.3867013105537,0.058196806705066884,0.04303587244435374
81596,-8.862036409769587,-6.231733027689311,1.775475686728171,0.8943730369609155,227.84105374684725,1.2528861394905952,0.0430389611543648
81597,-2.616244690900519,-9.201191168215322,3.2350149996029134,1.5662747631761367,401.6799617262819,0.44583735575522265,0.043044197389884416
81598,-4.197567277113572,-9.532340699556883,3.1114720898398427,1.049458641513477,275.0989745207476,1.5896977781033437,0.04304463246515559
81599,-4.187888267529979,-8.312888338094199,4.247463571781896,1.7332946672271523,468.40805168800836,0.39046277770497806,0.04304613362489182
81600,-5.549468152990935,-8.028228327798786,1.3674020216228646,1.4802572018240319,331.04548634576173,0.3231834998153218,0.043052630822136596
81601,-3.049327714353666,-12.095099915648772,1.1788847023734526,0.9829131617610255,270.9902577724076,1.1491452801283266,0.04305282129659674
81602,-3.6506794693603357,-9.39870886417531,0.05515964501354989,0.8781025909370686,180.78259189456597,0.7328206131467203,0.043054371561871294
81603,-6.603194883317662,-7.246421466154111,1.8802095325320074,1.0123757006213698,266.1599979273684,0.2720648590077763,0.04305501251641054
81604,-6.253966992558816,-9.557377999317932,3.2320780539575127,1.2974415182986172,403.177700523325,0.27733861127595727,0.04306286296775434
81605,-7.530604549458528,-5.636238436667465,4.443016047216101,1.0297877738536794,202.72392696265896,0.4713296745038571,0.04307159610109707
81606,-6.4540856712479755,-7.137380149163438,2.7167028079464615,1.0648319402349646,279.0982497938842,1.6136757173343925,0.043074231402161524
81607,-4.434089317992296,-12.091561179033063,1.1537183620673217,0.9407256138990565,246.35406678795977,1.3881721006596228,0.04307857193890528
81608,-3.266104107806127,-10.405453975827683,1.7148293606545786,0.8080405549669704,190.329916289094,0.5929380770680401,0.04309952718614779
81609,-6.402722511242399,-7.856610325887333,4.887133797381278,1.1180212505494105,287.57764694986963,1.572178101629162,0.04310764177643461
81610,-8.70333767127159,-7.161661045805584,2.6652028631761686,0.7913296320073053,468.2956164498263,0.2542757371002242,0.04311584922967449
81611,-7.1128672302189315,-6.492918032295462,1.5008920665002115,0.9043156975418003,258.81350052833466,1.5946348073539243,0.043116706646554814
81612,-4.116889139830943,-10.713480919604322,1.4906645914058307,0.8358488818563002,470.12793767178744,0.12716852333458473,0.04311879424407082
81613,-6.717845884990128,-8.194739491860151,4.7200926392510745,1.1730520077227886,467.53124474828445,0.23602982234103997,0.04311888985332988
81614,-6.015511457666605,-10.348684869810523,0.0559758090623125,1.6178206871001293,376.5719595524322,0.12948442090924672,0.0431278428639006
81615,-7.1908928981174425,-5.414049489427487,2.92695728891087,1.5140097019167122,467.8915717702466,0.41910454680772524,0.04313028370153696
81616,-7.4599222015333035,-6.19448386447234,4.679413267135842,1.867547263105711,467.4895937335856,0.45740371488583786,0.04313178158075592
81617,-6.395088366589566,-9.30470726267285,3.5239105077014243,0.9481840317977305,265.97258842039315,0.8226255237115145,0.04314624875571395
81618,-3.5254609933883243,-8.770299238717232,3.914795734386477,0.9821161453860934,469.7222186947659,0.05262247966324285,0.04314981120593467
81619,-4.173970794391476,-10.36224553784369,1.7821924034144603,1.9441084885287099,396.4406652951902,1.3316983591000904,0.04315328885136808
81620,-8.00310375674794,-8.716895689925632,2.2688030912539596,0.9675423176413861,252.0765870664269,0.9630179142293533,0.043167448985221554
81621,-6.994950181870172,-6.633395155504758,4.289283048431276,1.9689130636161802,393.9057434677763,1.0786409606233418,0.04316985217078348
81622,-7.095553138577046,-6.39434619862559,1.6754652241750405,1.1147868828487164,288.11237086660486,1.4581625703772945,0.043181061148597336
81623,-4.601935184256919,-10.026142377171062,2.5246466102724576,1.834090103652875,438.38351457624566,0.36499822403983817,0.04318440513331625
81624,-8.862982686439619,-5.054762079402135,2.098179269263841,1.1712110158556563,248.5970376258452,0.9880934202453924,0.04318582399267334
81625,-4.803755596538723,-9.56322156270366,3.1083281806578515,1.6603318505294207,362.6783272385072,1.479270493812301,0.043204445239743476
81626,-7.177898603654477,-8.313113616329757,4.345025023638153,0.8016621695976456,194.06792434666508,0.3257797782323424,0.04321134473644548
81627,-7.270307553596761,-5.148638432147172,1.7701472548948645,1.4652873298760827,342.0329736228128,0.3349632514321188,0.04321400171749414
81628,-4.323203275540375,-7.941343704830387,4.03462737229599,1.8601898972016822,467.8520179979929,0.11155418421190255,0.043216833066898545
81629,-4.197713378813278,-10.752380996030272,1.473758062153445,1.0272419375155573,468.20563293755583,0.2892766078004412,0.043219449196831315
81630,-7.583486244305057,-8.885261731077474,3.001475525282605,0.47626775377692043,109.93473425190233,0.1929054341126264,0.04322085424439924
81631,-4.957327193008294,-11.134376559475072,1.3260208612082791,0.8780201334681353,248.90484145439302,0.5596097913813072,0.043224530817353585
81632,-4.6967010659418404,-7.88503059315107,2.1743973550740936,2.1327026658635275,419.88184319426244,2.061232932873941,0.04322930127886209
81633,-7.207605561628641,-6.755653681501186,4.805705704847017,2.7332407669204515,232.81142602504949,0.26904975236913486,0.043244397543170505
81634,-7.175914840056683,-5.5270023230619305,3.135749508022211,1.5697920278973243,421.5051927270898,0.03634812766322604,0.0432484982631797
81635,-6.608298589504439,-11.482011957972023,1.0884863637115167,2.1095872653655534,417.081545831031,1.8067949429996846,0.04325353095391086
81636,-6.207608881103326,-7.326117103681331,2.7888330800275596,1.5219660851510282,359.79635260120153,0.4639356770443799,0.04325622397027829
81637,-6.6644668080846525,-12.536957496496965,0.882394024947092,1.0448544021847237,282.53652316336303,1.494890187626373,0.04325888766412722
81638,-3.5348313353376817,-8.173567950414778,1.4972598298524435,0.7353300906512763,464.8383999218229,0.32602933662797273,0.04325904081184664
81639,-3.863616057490904,-8.455794789008028,0.7907478097369061,1.410309294724992,307.67655626420236,0.13915459317354095,0.04327326945051847
81640,-6.020518572192302,-7.451852226282668,2.6783720210210697,1.7459780506902194,414.04355591131787,0.6240989566329453,0.04328205927435003
81641,-4.215202673089245,-9.09170983537189,3.6160677870261115,1.2031611461159502,297.59850698851847,0.5817993658850247,0.04329710582568645
81642,-7.6725863436376045,-9.502920675667442,1.6315518429475697,0.8115835584613641,468.22591841170515,0.04667733868223234,0.043315119970448124
81643,-2.3983840567716204,-10.901573560801266,0.8284685644889406,1.4338760897021372,273.1436181957456,0.0949333758662414,0.04331767571819373
81644,-8.47555065764387,-5.578122864018313,3.6914426714696487,9.695726607746987,515.9015670193567,0.07334364700360396,0.043321508920565806
81645,-3.191871371820967,-8.240087302541326,4.205069815349611,0.7091287627604654,199.28726346193764,0.8064053141739285,0.04333394023532269
81646,-7.896561709095797,-8.27878961843857,0.5451312916469406,1.042522511796949,468.97238034798676,0.6390073245421215,0.043338316968184465
81647,-7.181077538605672,-7.36393794217708,4.999183949464639,0.6538527737864657,169.98417169832896,0.5637430242098107,0.043348301967954514
81648,-2.564034153538585,-11.376917023759683,2.560837518394227,1.0815107927274177,286.5965682133785,1.2239170822612087,0.04335181773576401
81649,-7.844898802696852,-6.902463748002087,0.29647309821534856,1.8220145003311468,436.1017533225155,0.1327428892663738,0.043351860733418644
81650,-7.214157373534622,-5.918583099596866,3.955011788792601,3.513738563787453,538.3867560114866,1.4108248215116541,0.04335524535736377
81651,-7.3115581768987825,-5.13984358415218,1.1844776094580554,1.1276763840848731,467.90881070002655,0.6952952380145145,0.0433554765376991
81652,-7.3953471653549006,-5.959437196118848,4.443412561104707,1.4216459741081198,324.63504041080074,0.6264522370050845,0.043356857278446195
81653,-7.891662345815275,-7.147687107662108,0.32756580501244215,1.7376247321752132,409.9719981357137,0.5234720048970845,0.04336313208596152
81654,-7.005122453066451,-8.511756457191673,4.246747836619624,0.9356275597828603,470.24879725578677,0.054683961131261505,0.04338100611632384
81655,-7.614523013649835,-8.701557291956311,3.226173500568043,1.2114499570189097,304.1571621460124,0.26423982472209584,0.04338197214573621
81656,-3.3391744225929063,-7.948297917437636,3.9016340741453037,1.8596493333792732,446.0421466822982,0.3547358926662936,0.04339186588777652
81657,-6.4574444955598995,-10.052026208379065,2.5800995724471916,0.8503633777444921,468.25014231280744,0.40352553826925863,0.04341161713983233
81658,-7.245671661024696,-9.915871710761621,1.9676286968011167,2.3039763098290624,435.9811868503096,1.5201057186779146,0.043413842816560494
81659,-6.846956803342555,-7.9776890902603945,4.8514920646476,1.191109786091925,284.1692301473519,0.5122029649324977,0.043418577201230824
81660,-6.8705497897902275,-7.39610153573917,1.0221566531990018,1.4470523841679328,336.4213769607128,1.8093745010598363,0.04341988180165603
81661,-4.920898916202374,-9.328523951243614,3.388853448040814,2.4032297649491996,433.9728693634807,0.6955524578167234,0.04342995404595275
81662,-6.511180740163203,-10.05289837719717,2.5625196594631436,2.8590272720806404,488.01239330304185,1.641996983464625,0.04343577967470408
81663,-2.528351805760529,-10.56460417446893,2.807245642839132,1.7970034186077954,426.98343464176304,0.20890776865091443,0.04343982381043382
81664,-6.172790527537009,-10.410523584761986,1.8178865081319497,1.5856975536431888,363.948961236888,0.2507452488354689,0.04344156473332274
81665,-5.755736598912406,-9.141451303024338,3.7068155859119027,1.0148847445002098,268.2661638453223,1.2547902504638992,0.04345296179220303
81666,-2.952830759221177,-12.641286904228647,1.1485541830515245,2.04331054906797,346.5634692827392,0.19354854276272526,0.043455078221459685
81667,-7.329845150390754,-5.147120796598603,3.6961676384113815,3.7588217299057805,469.75406265809227,0.12372480007329933,0.04345594989272958
81668,-6.521975060164866,-12.021868211116734,1.0153984870812467,0.9664365865606155,468.9790728730387,0.03714431040580202,0.04345701736291893
81669,-2.8664035982812734,-8.910087799554127,4.069896272591324,0.7534423548751952,467.6047245129121,0.39891185446480204,0.043461158276230774
81670,-7.132518527670504,-5.905300282104018,2.0621923724559243,1.0257353115707175,279.0779171404131,1.6049240284730795,0.04346613737532035
81671,-8.870778151366789,-6.422967681138748,1.3314902736548535,0.7182051441649203,128.59754662965085,0.22271822632928373,0.04347306200181231
81672,-4.930212804878983,-8.387558369566092,4.314597851036011,1.465091347900677,321.6171286342605,0.5778802148831845,0.04347326392313116
81673,-7.417474264964957,-7.241179793723679,4.959215902726205,1.3998578288627213,468.3883437819197,0.6427162672868256,0.04347983055795851
81674,-6.324060324754928,-7.262250629032285,3.955566760026488,4.685036527773884,404.9602169580664,0.07428579240599742,0.04348843198989953
81675,-7.07834074358975,-10.88211717300256,1.069975202791269,1.710760660924273,404.34540637749086,0.296860334252564,0.04349810174293278
81676,-6.665253603882417,-9.650057512864757,3.0136293358964976,1.259358105809077,423.7155388428838,0.49667785588512725,0.04349816870712889
81677,-7.444266886854632,-5.388103639126002,0.5696827116118972,1.9098694435450576,468.539706323577,0.6520201160066241,0.04350413772445205
81678,-8.498966362263355,-8.101657440095448,1.6378063393911404,1.8341730798701839,439.1404607727518,0.4200047223656673,0.04350658801472749
81679,-2.652510847050701,-9.198242170643454,3.5409525645844537,1.8692487979070203,468.15777875045194,0.490372235428965,0.04351689280216427
81680,-4.544228916818208,-7.786440247658332,2.9264952155036212,1.317349241395712,323.58709098898765,0.42289386368641413,0.04351803040481322
81681,-7.127439875508161,-9.304852381099069,3.095609033870711,0.5917776428307813,132.46866723014904,0.07429485098610211,0.04351962116458239
81682,-5.704827110639073,-10.279527613776493,0.0233318040312047,1.446982264861848,331.35404953404645,0.04804806284615193,0.04352172722989652
81683,-7.2002492492421935,-8.986483434114565,3.4438519103888745,0.6137160111075805,189.13930464498887,0.31517018302904454,0.043523775627326275
81684,-3.9072158827224737,-8.037291335756587,4.099940300964284,0.701058354358785,140.93635919734103,0.5947287637299787,0.04352672054529475
81685,-3.537236099873734,-9.75382118145509,2.8069106976648692,1.8107750497580613,432.98131841160136,0.51508458152193,0.04353059577096064
81686,-5.3750321816755,-7.954366402932844,4.4309133033990475,0.9900092611671893,468.83129422605424,0.8634586195939535,0.043536996663112115
81687,-6.747482734437032,-7.709423503607158,4.961988975838113,0.9494185553253774,251.6827191276225,0.8181194561706615,0.043542869583372674
81688,-6.705908471479913,-10.28648667840978,2.052163343905113,1.789347302968081,468.09835848740676,0.7299582335237114,0.04354816677255647
81689,-8.067154448611117,-6.753733579823401,4.493801210862418,1.1632434613918639,291.3352688180749,0.8367231339715566,0.04354951537323194
81690,-8.286439631206994,-5.737789695952204,4.0905613317688125,2.5025827329555623,457.0666789483878,1.9732737202913535,0.04356357546985211
81691,-2.729070799948264,-8.598925749008966,3.268285537061594,1.0534227137628818,467.45618530038575,0.8834148191471396,0.04358147696274426
81692,-6.9746537556387285,-12.513547167878594,0.48544847599901203,0.7174012701632423,147.2105230997385,0.24152561907629266,0.0435857685180589
81693,-2.49497251914401,-10.46807652639678,2.5607597998714944,0.9072778048352118,469.0895282273909,0.034782276399542233,0.04358622011988004
81694,-3.0077731536957604,-11.336991320590226,1.304600049212662,1.4443551378693442,340.95547171181653,0.29207164650264694,0.043613520243137985
81695,-5.913785217978303,-12.745616144420032,1.0457083339614202,1.307242704164803,320.5908967233498,1.811340457382184,0.04362586075485885
81696,-5.4423703556642264,-7.6676934202149996,3.8937066983655333,0.872421101557379,467.9506558960629,0.8992100860070922,0.0436269259730187
81697,-7.922922711518941,-6.83136302375623,4.6679206041743,0.5458500086169291,121.42867900186116,0.1756253246013051,0.04363225089820889
81698,-5.2469299439452035,-12.187862428482909,1.1263393671643918,1.1835486640757125,467.6383911637505,0.3537099363017653,0.043635970398140815
81699,-6.779103681451687,-10.251725117965252,2.0499610635023076,2.3652409009581365,443.76324753215766,2.00365556489579,0.04363923531089588
81700,-4.622154134123306,-9.763064982198891,2.850930161076183,0.7155100625795673,143.83512619336258,0.8292148436710924,0.043650748968431415
81701,-7.208918592621977,-5.242684789948899,2.6045661329206142,1.418284248092961,332.8033876186853,1.947439147737959,0.043651934944617984
81702,-6.595128009721336,-7.220327929861618,1.9530626230011392,0.8199036983670182,167.02836456694448,1.1053746658690473,0.04366570774207351
81703,-4.916920010251269,-7.804865913644876,2.4285944703129294,2.831630808001636,485.19734768070674,1.4998705100146559,0.04367237760774693
81704,-7.214320018090637,-5.732674519500336,1.7546865577444362,0.8626158825595848,249.72112726814868,0.5710691798418184,0.043673570770935095
81705,-6.487334442250293,-11.373755646940465,1.145674347955652,0.8856225103022891,180.35086162881765,0.25448341291749177,0.043676401031605146
81706,-3.893228509780993,-8.197262518506804,1.4182766521379429,0.7004866402482323,158.18610338112313,0.3238847427497502,0.04368190826307915
81707,-4.296330818844995,-7.9398318346998025,3.98908820925573,0.8138797897755716,217.70837331070706,0.8572079885268673,0.04371105764329734
81708,-6.468394338649389,-7.380269620803398,1.8761021671924214,1.0330192981171264,149.70446519693922,0.38875995702508437,0.04372650175620672
81709,-6.282012075307044,-11.500939681007612,1.150712365884621,1.8042568962044991,381.0011961691215,1.7460382992098484,0.0437290127103938
81710,-3.1524517053621617,-9.264495885327479,3.4554262826780895,1.0778615528368218,232.29734951900616,0.05980457072790468,0.04372932171689053
81711,-6.840471103354513,-8.606087755742566,4.2309427627496685,0.7879079016922642,167.7276258348946,0.13987712938451313,0.04373205701905794
81712,-3.3888818231467273,-12.78964479788828,1.1022884670873982,10.3683639362079,705.198727253193,0.15981032437620613,0.043732909451270056
81713,-7.645539343379485,-6.733858961835548,4.896248953817757,1.543386360894876,354.0706399170776,0.8391378356450723,0.04374689068459173
81714,-7.783953601925374,-9.107861205009216,0.5067108983574022,0.9453381237895652,265.3299989666902,1.356742660779065,0.04375375353531518
81715,-8.435324902369928,-5.819248682952341,0.4708589333806343,0.7692536795926116,152.74392692474953,0.04703721110261849,0.043755568174185584
81716,-7.872011126472801,-9.511017097697078,0.7884770232664574,0.7837841953001878,208.07061451439637,1.070493409965132,0.043760814107167936
81717,-6.639769937325717,-9.81729993359858,2.808752548446474,3.41923671874334,516.5828564686545,0.44884334433837925,0.043764239035726016
81718,-4.503127264754524,-7.819772154880545,3.621456576398919,1.798032895669973,430.6557020655836,0.3137118672534669,0.043775951597500896
81719,-2.492873361167671,-11.009247910665371,0.4139942848850115,1.0989066231005953,410.8547298563739,0.2548831230321147,0.04378406047041633
81720,-5.66038832415512,-7.577802786475563,2.8861317257525596,3.4428509459018164,522.6220123393887,0.6030546906235346,0.04378442831800892
81721,-2.672314862560836,-9.666117828338475,3.613408140308368,1.8245857973962787,469.02204063662634,0.6375927746308276,0.04378611091124756
81722,-7.2964265374755195,-7.421089326752884,0.47412417437490195,1.5576998273354146,230.52237083649064,0.0648548572291947,0.043789179326336344
81723,-7.1876936409427135,-8.50640909945777,4.09142745868447,1.8307491372203892,352.83369178740884,0.33344962789919563,0.04378968346326275
81724,-7.00989764589843,-11.298181388510885,0.9465995782257882,1.2170410305470722,291.8099602684011,0.4567864451681052,0.043793484139700495
81725,-4.944451528394191,-8.242914129746886,4.358553956371136,1.2763659454663319,319.8683667276974,0.39311061244208556,0.043794853660281456
81726,-4.999903263834238,-7.971899189360983,4.263504545571094,1.1695303854118588,286.1961435080343,1.2297338599542762,0.04379878944018241
81727,-7.281737753307861,-7.932090486130381,4.648431004255794,0.9240525464141912,204.29607841460515,0.29141781381245746,0.04380368774907076
81728,-8.728487747131835,-6.7080043695935005,2.916478899403138,1.0509207161846887,273.12292096922096,0.8905522304353557,0.04380699088379707
81729,-6.476632017469246,-7.616712546959732,1.3913897689951198,0.9827387776539821,273.33657575704365,1.571339931091292,0.04380933160447786
81730,-8.72205944594174,-6.809450702943981,2.8895559664167707,0.9282442498075615,466.50394462603623,0.15538900562798919,0.043824082243895626
81731,-2.555333712186549,-11.119610592834226,2.7666763195914927,0.7723773001448324,156.6762384532907,1.0116809813077472,0.04382452326944092
81732,-7.943331589990778,-8.125533396823718,3.454565742494231,0.8848260950800217,467.96299219735386,0.31405740660487513,0.04382589506774936
81733,-7.154706820977015,-9.820956589962178,2.322643192076448,0.8314931763171138,150.44671855330412,0.07062649536476862,0.04383069919543769
81734,-4.384817668195745,-7.804759835654905,2.998919848160421,1.527091477666242,341.6164226219663,1.3357764072615295,0.043832951474280714
81735,-5.50925023951242,-7.666157759134735,2.535352122273603,1.6161573940161214,376.3591836849026,0.12566779754421198,0.04383352971349958
81736,-5.762366950658741,-11.614884683656628,1.1800061792104735,0.8289938997393208,168.18572856446062,0.07767212166561865,0.04383965309847199
81737,-8.586471790143808,-5.705978345387542,3.4324663054611917,1.8621053750609882,465.9642077353872,0.5071035790272189,0.043852696460676445
81738,-4.611281403423114,-8.494541849845735,4.196709245683967,1.508613207518512,346.28561834410675,0.601673538637761,0.0438572099872496
81739,-3.699295112530935,-12.432839323985062,1.1221240010449587,2.1275936559204633,419.13383494867054,1.8489519371494643,0.04385723063777735
81740,-2.7717384287972644,-8.441193698243833,3.216597943704356,1.0871575459452112,282.11757892539174,0.6672090829544528,0.043868659684982235
81741,-7.078806972959351,-11.488163958006158,0.7073222226853432,1.00177148109145,258.9710525279225,1.3703097778689166,0.04388090469458872
81742,-2.9673355326284288,-9.066712362254416,0.29427968285797274,0.9371746561607585,241.91342678345796,0.9485609898536485,0.0438844648684772
81743,-2.5637623497509026,-10.723905289751563,2.988488442215696,1.8376425304079576,468.08902466057896,0.7246102868760156,0.04388794458412745
81744,-6.026677132218096,-7.522462681365674,4.254044486003136,2.0953430173424685,411.9611153937461,1.3992711600890289,0.04389228579801346
81745,-8.753548868557662,-7.301375873862641,2.071886565602086,0.8293305417859027,221.59113909770122,0.3882365337954097,0.04389284358465525
81746,-4.995520613045241,-9.353073851330688,0.06287391863988988,1.1631721492884837,254.48414347811368,0.6881777693334925,0.043896845450772944
81747,-7.717534541395265,-6.5565085924037,4.839786841782002,1.541775799962501,429.65697482126893,0.6954879519905948,0.0438971271533795
81748,-4.815596841693868,-11.418368840836585,1.2500389241652174,1.8112133678863536,469.3892859436388,0.006966674165210129,0.043900231445856246
81749,-5.7967058045729365,-7.720160069499768,4.419040979369353,0.7057845537895285,468.02258326798136,0.372060197400951,0.04391445019022379
81750,-7.177221305478155,-5.430314461053932,2.5827741734335294,1.71950516929277,467.8605354639758,0.2961521713056907,0.043932583647966116
81751,-8.41349056904533,-7.592584469270913,3.101994419386955,2.921456209109641,368.0068066085395,0.024136440573488294,0.04393394202175633
81752,-2.614588305429825,-11.085698418518978,2.3301935190089047,1.5365869595479675,465.3203073362175,0.6406832309466486,0.0439347687476812
81753,-8.674780017421199,-6.864559223867476,3.0456711961163587,0.7833141742249817,156.53040040644993,0.594563739889467,0.04393863766059391
81754,-3.4992338899712525,-9.934051899228109,2.571722549237824,0.9865284630662486,467.7874889667391,0.6085628415432947,0.04395054381533848
81755,-8.720524816744998,-5.039190570744849,2.9384564571464455,0.9487788811805298,468.5797266166942,0.5965694513484499,0.04395312206707865
81756,-7.279183196200958,-7.701436205343253,0.41007260311797045,0.9327472317526754,470.2895589120968,0.02390898581168166,0.04395336260428358
81757,-8.000163511399036,-5.402096241617326,4.368421591002115,1.1096102132422347,286.58094047710887,1.3096656744931066,0.04396243250309739
81758,-5.727352648825007,-8.259008750726494,4.556627316495659,1.1090866593680262,230.1637981389998,0.3320840789837405,0.043970403153525565
81759,-6.583886334452744,-10.292386915128178,2.1449855277657384,1.8301248153378484,441.1605720597495,0.2146566838562105,0.04397106869712734
81760,-7.1533550193729365,-11.21929679835619,0.7826008946654537,1.4255233383961616,183.09257739994177,0.3421226673851532,0.04397283957902191
81761,-6.681678134478547,-7.255903521624227,1.7258666366539446,7.006319754170469,249.27185782212413,0.34401580105823815,0.043985282566904094
81762,-2.657828838284596,-8.723631752856669,0.7588924816729402,1.8642941097293022,456.6807232748623,0.33218997375117176,0.043991860344251836
81763,-3.9786992172809548,-8.51987528979916,4.126136868911944,1.5472122376628408,356.846191042596,0.7385552593523856,0.043993131068349164
81764,-7.392116867666729,-10.556785989263627,0.893422657308397,0.9604000445154653,467.5261067431798,0.543796178144409,0.04400490713398828
81765,-3.8230124637484497,-10.351197560049673,1.7711393410226968,1.6786335554611758,365.1127594302036,1.6858341237908832,0.04400498189407602
81766,-3.58546344002494,-7.919758012910756,3.8242064079684615,1.1237425035707933,289.093537205086,0.9526138445122472,0.04400602189074905
81767,-5.134313925771179,-7.711771887880154,2.9426613559726404,1.355845418259203,302.7188009649128,0.8598511322171509,0.04400746441035908
81768,-7.043428461599657,-11.87410325966938,0.4375546281243325,1.4340676986333156,338.3378400746142,0.33228517981945416,0.04401531559131327
81769,-7.442596189034264,-8.743902118426668,3.4479193478914847,0.8474249299941038,468.0163582369928,0.5348048824505938,0.04401648393314589
81770,-3.1642094571081234,-8.854052805597469,0.3983976453038273,0.9370329326364021,140.88495146033455,0.25373251046453227,0.04402196238968372
81771,-3.2587356233266664,-10.203181494151497,2.086136442970588,1.3374076622656852,301.71674002038,0.9829060388338329,0.044025872452933115
81772,-4.79672975794073,-10.232136316706093,2.1302902119589606,3.57780606782201,531.8113374562674,0.25899184509866924,0.044028407441433506
81773,-4.67985155886441,-10.531783338783903,1.5923483304363175,1.322563009428945,293.8637532635962,0.29403085101019233,0.04403004314636592
81774,-3.220121083728361,-9.13649496251014,3.5487999036339968,0.8667760229409157,190.91646937171993,0.006057458582986008,0.044033835891188144
81775,-2.8410651155263755,-11.784595766140724,1.2642371729692057,1.7669293213204247,419.0138054791142,0.1975235237511006,0.0440348210545883
81776,-2.6477133830353505,-10.917727322398445,2.4778162720487242,3.624467029391095,536.0908564001581,0.5992721644386458,0.04403584582593599
81777,-5.643832505386553,-7.960915724713519,1.5054568230789829,1.3853040820329503,324.04117751912196,1.553173061085416,0.044042758543738104
81778,-5.130886334936146,-8.629945326303837,4.153302503881918,1.7185076310296294,177.9211935408315,0.2568789789446919,0.044045159731497086
81779,-7.232936044307116,-7.435745648723774,4.968700110966243,1.1742860548689191,141.3573079906342,0.3243996977346608,0.04404711173217387
81780,-7.5073200773753745,-10.197280840619918,1.0399872590423513,1.8839739763177825,456.4633422808682,0.47408544615256965,0.04404894819143005
81781,-3.971121902669986,-10.14835046196227,2.2471298961795716,1.064637403041096,282.3064101416174,1.4498431322459462,0.044057193087110036
81782,-3.6697548335684838,-8.041772299609288,4.089347028570566,3.226576401830501,338.44234056782534,0.075632983225427,0.04406339930752257
81783,-6.391621433370055,-9.6858974384587,3.0441869644306783,1.1166612456221592,468.1098564915552,0.7364481841908743,0.04406553872444864
81784,-7.503408222272815,-5.492413012112933,4.3154789123943385,1.117020170363802,293.61002409570284,1.5940784643019743,0.04408198338228228
81785,-2.731509188359383,-8.669559744590096,3.47671822403479,0.9104549925862242,466.5991505633636,0.6072700469110108,0.044100833378507946
81786,-7.7091632480969245,-7.632423720817168,4.464678116647286,1.8662079149712008,467.578968690826,0.4780361034066729,0.044110387416390076
81787,-6.456685797634753,-9.119439814967961,3.729430758308148,1.180749322241676,213.0976608115917,0.0692048803603944,0.04411256274623628
81788,-4.289082227392552,-9.192424249045745,3.4944826323221703,0.9716368293980449,466.51172845390715,0.6976292538381932,0.04411457608634255
81789,-4.966070760028786,-8.31251471455628,4.332661788842173,1.6620112047505213,344.43347316243126,0.6240617763895084,0.04412214143213422
81790,-6.1900726561957775,-12.995782693696578,0.9810401962936358,2.4664240707592446,446.51976060523026,0.9240280213895327,0.0441229454035461
81791,-5.707540306825771,-7.581085140178413,3.8518447338329715,3.0992753876214616,260.66758462792166,0.22268784169899014,0.04412601056239003
81792,-8.217197637960581,-5.977630439428388,4.2295094928387975,0.9143624794375299,188.37497813232875,0.11199535695626306,0.044131946898520055
81793,-3.2124760133573202,-9.27578367184794,3.397047358134029,1.5748597519189367,365.64423901060127,0.6464561481332671,0.044142791469408346
81794,-4.650960345864971,-10.001951783571833,2.5367160235253943,3.137374996584871,410.8786682190315,0.06932568183424159,0.044148448507875096
81795,-7.497216293713134,-9.355150304628626,2.418862351914669,0.9652557545157542,255.37113947081997,0.5268084896410317,0.04415122599523208
81796,-5.781121814332347,-7.988675674475734,4.615818511096432,1.6579785152042492,382.72168298451686,0.14651931695871578,0.044159927126182115
81797,-6.073564767244683,-7.378244880185895,3.5198050800422194,1.0622228970822427,468.1361387389791,0.5000176522167008,0.04416074207066899
81798,-2.915409360830953,-8.198786292035948,3.562420096732009,0.8402224512289032,467.428587064863,0.5449721206644815,0.0441633500410716
81799,-5.832372685425924,-10.196513601666675,2.393246379776538,1.2018129039838101,467.9972118842317,0.33634925097720103,0.04417034063555724
81800,-6.69511214699122,-9.026314944549028,3.774820339380206,1.0555192431155507,271.16727111772616,1.4352526110494974,0.04417941269063707
81801,-8.431437105713199,-6.877998034162815,0.5198715072382794,1.122132465171572,241.21730933191947,0.5456838475600003,0.04418201209164589
81802,-2.7087606858304696,-9.157603631044577,0.31808470780462006,0.7445945567582615,204.72874285534374,0.5719347442499441,0.044185637361963306
81803,-2.6513391110302518,-9.445436330483897,0.2882279317063021,1.2240146608782372,292.9761594245594,1.0807584525276939,0.04419127383956895
81804,-7.122981173152444,-11.234659327292128,0.4110128749023789,1.0530991366701035,273.28082670555085,0.2035597073651454,0.044194451694830134
81805,-7.316584105365411,-5.6990979145568375,4.054044178552704,0.9098880844833149,467.97991807073606,0.35875366935385955,0.04420321761620836
81806,-5.914610219380357,-9.353608441158725,3.4535719476907807,1.9630063236397512,384.93828381299886,0.6856326789658596,0.04420641523481879
81807,-3.9186378524721865,-8.307737212511544,1.1009310549104623,0.9245512162775421,253.69583057194632,0.7271595837749638,0.04420702619699381
81808,-4.558855950560935,-9.43414074014632,3.2197145520156454,0.9858938030447294,194.78889249829874,0.46841642535301453,0.0442087012959291
81809,-7.22245128509783,-5.888428765183028,1.5314529309858353,2.9456401942774266,494.0241844846221,1.328571879842504,0.044210678141303764
81810,-4.546696554407562,-8.56797337318244,4.136280571683137,1.6833227869838965,395.9322038608564,0.03991494529844797,0.044220085929380565
81811,-7.73339566769136,-8.631575102479257,3.088215008864304,1.7605228924154468,468.6560348911394,0.5297545645482735,0.04422011635196656
81812,-4.837345365561391,-8.338660266834177,4.303374299442413,1.1704557994677722,260.6623435243615,0.68219045517308,0.04422222690607084
81813,-6.832081212500559,-7.220896774749586,1.4081931067014992,1.8186057804174978,432.90433496765974,0.35339378891827256,0.04422381797739537
81814,-4.454030743539081,-10.177610905284501,2.216225659299344,1.4190311755638154,313.41678554153174,0.8212413665332798,0.04422440226561963
81815,-8.10994306550136,-5.843801018321253,4.351942924662819,0.72503220807978,157.93233080375379,0.07114695557521777,0.044224766715408245
81816,-8.739038544486768,-5.648862202857466,2.925301023570533,1.107633113709084,467.99562908710146,0.8561414214172443,0.044226520299559556
81817,-3.1666863476404483,-8.209084736895417,1.4723103041713586,0.8496776839880151,467.12382816839045,0.08577111017321126,0.04423292734300873
81818,-4.7215482257519295,-9.782059669883612,2.812036706467444,1.3952065718419275,321.91850929585695,0.4467468144072697,0.044241805967063605
81819,-8.776041447283957,-5.626986852249076,0.7929018190740084,2.4442390904633697,452.53965844577846,2.315929880184,0.04424619843524536
81820,-6.061973770562615,-8.0629542636572,4.7252817091052925,1.7624506518439207,417.5622625163807,0.25282752413077514,0.04424745763494005
81821,-7.662631891669923,-7.935334412404162,4.206447017529996,1.852003031713221,445.14608421536514,0.21683996461722188,0.04425159852536027
81822,-4.499833618850988,-11.741610691829734,0.006112517767486149,1.512038523312011,349.4036778070546,0.32475416934494206,0.04425548012318368
81823,-5.2970440784283905,-10.135928625927113,2.4178657513958415,1.6837714595631244,467.8892428771266,0.6806163764106872,0.04425951524492802
81824,-6.317588407489185,-7.699328250986431,4.783008697977307,1.1231253232174108,289.3950420649277,1.092302708987476,0.044259671112142664
81825,-7.134350645683269,-6.733500338970831,4.676970590193909,0.9128568827168644,241.75673682517123,1.531228269073817,0.044266927447256674
81826,-8.140097352853141,-6.600225699045163,4.395442729328191,1.4278040356097998,468.32104923378307,0.5063263745124926,0.04427692564707455
81827,-6.718866737904437,-6.956917138576541,2.272248896260356,4.67844881550679,606.7117580677923,0.7130880234338948,0.04428017085838135
81828,-6.730861977392613,-6.9282113327348815,2.303813205105196,2.249253413541124,354.6567903859004,0.09788644585317652,0.044291440349344624
81829,-6.57413729267561,-10.133824411504854,2.411829229088368,1.2643274195941425,310.48566716717966,1.742529876469887,0.04429650648549572
81830,-3.917048896462357,-8.518432681657949,4.117142133311461,1.604159239587521,349.50605741446236,0.998979982194732,0.04430851087987053
81831,-5.343934115345343,-10.359487536627846,1.8420462604374277,3.1863489028534775,513.2248507666499,1.3175751108941354,0.04431067015109131
81832,-7.9651749436095916,-7.781332176828893,3.8873118346279307,1.2202054403836013,309.0229754284446,0.36463054696052044,0.044318734089205225
81833,-7.868437875731855,-9.118992373006536,1.8461537278752385,1.5894799592223168,361.49693157848753,0.20574681782679605,0.04431993007836134
81834,-3.683327309659324,-7.892589244922444,2.5013413602159402,0.86375121994017,235.07712283579352,0.7655487217302204,0.04432536990765164
81835,-6.185135534050655,-7.309040336323367,3.5331933855269333,1.4890847316109974,342.19313634528004,1.652526781283826,0.04432832686564844
81836,-4.044901319024623,-10.127828432235061,2.2805616057308846,1.4255862349474955,316.0077875022596,0.8159144362268647,0.04433361516093969
81837,-7.8557769172314345,-5.48508687236408,4.467090214392459,0.7396348876018759,165.9522347080565,0.1670279140273152,0.04433682869692603
81838,-8.351386930016632,-6.949534744043455,3.8963322989389786,1.136851975602844,229.10495348975783,0.833625462759934,0.04433718384207941
81839,-7.258116213940994,-5.940667786271061,1.0820518787348459,1.019648093696438,200.1630552356508,0.35168328865701426,0.044339345206535076
81840,-5.001147685537981,-7.730105386744892,3.197259926103257,1.0763608296040885,280.3633938395827,1.66301477698451,0.044346236861757184
81841,-7.397298631153618,-8.289488987746566,4.1277424454516165,1.280275964137309,309.5336898787327,0.707063048432409,0.0443470282006341
81842,-6.1106185724383035,-9.31696838496542,3.50953006496119,0.9317619648760983,275.6710342543731,1.0353819441800445,0.04434778085516601
81843,-5.499530217173555,-11.241784615373428,0.03365019609649672,1.2893706809319383,469.87317835067137,0.16861228710652298,0.04435479441483611
81844,-4.748628489823336,-8.853585269646256,3.8928919325991784,1.8098162831781561,467.80653744067695,0.5239677472991504,0.04435716359738792
81845,-3.2337883622575925,-10.103845060495384,2.3151030749057533,2.882788662057026,486.16731173585487,1.1031411596023135,0.044361580096981684
81846,-8.12437465362379,-7.008534785663864,4.304008143755291,0.7578180177548697,467.6028593925783,0.30825118360946213,0.044376432743577075
81847,-5.701643065221948,-10.342288429912553,1.980722730467261,0.7693097867412363,168.52041813994686,0.17142031861862161,0.04438066565190681
81848,-8.144444749171859,-8.89492876948527,1.32283714211024,0.6789487443681006,467.5111963715544,0.39700406242395303,0.04438071268917042
81849,-2.355098407711006,-12.929610242935189,0.8773025226247998,0.993429732453332,259.77980235133094,1.6247368358246126,0.04439430445312134
81850,-5.987676380037136,-8.235103234304793,0.7179767192170361,0.821157103882555,163.57586103119502,0.0353614956443824,0.044400743632204025
81851,-3.716061563482981,-10.09126449802777,2.335378383987469,1.2174643004530434,222.60829385155617,0.060188722514870285,0.0444192252508037
81852,-6.880972167983074,-7.1387073848943645,4.742390639256378,1.1379141428370483,296.12608166829835,0.4205615373785365,0.04442326572107314
81853,-6.581293531466223,-10.722989521956082,1.3648401501993461,0.6207918773469472,129.93963685922668,0.028476883402306363,0.04442510797473143
81854,-7.324342443002102,-5.38591276778389,3.814127090472205,0.9210811291408617,141.8771612092732,0.34980821061811884,0.04444044341168284
81855,-3.6078619398376066,-12.252736306105986,0.0006856292122331979,1.0138537115012802,252.4103825989142,0.3721382283136867,0.04445452330862746
81856,-3.256587060608437,-8.039324130481857,1.8984602962405945,1.0728615964841632,467.8585014471832,0.9403092330612468,0.04446170094518553
81857,-6.892354971762508,-6.794936136989433,1.9581750384250174,1.910673724157183,183.4308458208166,0.3185151751678843,0.044461995704479354
81858,-7.131561301746752,-6.368287762097263,4.228488248091154,0.8750176495544633,467.7942339951184,0.2668114744577359,0.04446583484982562
81859,-7.087724574492919,-11.418422174084412,0.7370659134844435,0.8490651704400568,217.55407111636515,1.2096755816112186,0.044466435321806205
81860,-3.3789621501986016,-11.444380115158166,1.2442657815208065,2.802085452897691,483.874623839414,1.8332263951323897,0.04446844016720881
81861,-2.524452993097901,-10.003713663417765,2.728480971283168,1.1033373008312108,468.37762312287117,0.751612954331204,0.04447109106984525
81862,-4.567535342850904,-8.141285170848086,4.256367597014791,0.9327812015695512,468.07658124113703,0.7175617314640741,0.044473700412397635
81863,-3.7004012306727576,-10.154701584602584,2.201749271332376,1.1390334844086203,468.35566681450206,0.5194957717030944,0.044476346788961285
81864,-5.14590804762265,-7.6945001023909745,3.2410947013613556,1.106422293512235,286.9970309367692,1.1700803901824601,0.04448532883812414
81865,-8.621961025719905,-7.7716646281940704,1.7565084670576094,0.9097656903153074,176.07217395076876,0.11594211538942023,0.04448636305772875
81866,-2.6047794096825143,-11.166475638089663,2.859328234344578,1.7765963112933203,467.8805887766137,0.44726468509989026,0.04448797544813479
81867,-7.3726942727717155,-6.085154487171686,4.476603898189797,1.0157005927812917,469.65816573821604,0.20707677005506397,0.044497783763815246
81868,-3.230927223304768,-8.023925424034354,1.937294056167713,1.7363972855398804,371.7847747514662,1.6255992096299385,0.0445037092245718
81869,-4.367164450642262,-9.714260156481735,2.8777408848694512,0.8637901981372694,209.19383793586857,0.4036128698591819,0.044507524494968566
81870,-5.884004673938172,-7.473004206908769,3.0795409627294403,0.9565648612776311,243.5846241824281,0.8766184870677352,0.0445173031478467
81871,-5.231882162351662,-8.119414538769561,4.426155656911019,1.669517084885203,391.93785145772154,0.9078891521567583,0.04454495608014325
81872,-6.737853326142064,-12.259741262273417,0.8622377858726126,1.0170181167716092,276.57465554160524,1.462605135620488,0.04455073296039385
81873,-5.69756793036961,-7.656103736478823,4.138917730261275,1.563187340510824,367.6201665127431,0.5874629508762466,0.04455766996037914
81874,-3.365033621971909,-8.192370509070324,1.4658228950779792,1.8134324999106752,467.7665597871539,0.4101727699471267,0.0445862871728142
81875,-6.678822587659973,-7.380848488649461,4.783948144986481,1.9008406257214505,463.74744006792463,0.619480737611398,0.04461324004057141
81876,-8.836067147443586,-5.549436453216801,0.9230768312523947,1.480154401858306,329.76317380035255,0.031490441957481075,0.04461689533175122
81877,-4.262183918509354,-8.00279476376139,4.064330810299853,1.4969788047388775,342.9610292340478,0.3717779842001372,0.044621502181788855
81878,-7.5136480613070535,-8.618053009442907,0.3576279560807574,1.033662533959157,468.1263794198701,0.7454809355862908,0.044622368239743054
81879,-6.873537426678823,-6.653526715315682,2.4589737068227304,1.8449277406810696,442.4114719010218,0.19604948148170998,0.04462371608820155
81880,-6.197864074759808,-7.724916326425295,1.5474106009999613,1.1667800428825004,302.4577913633189,0.7457732359984153,0.044624520314372064
81881,-6.364123627833968,-9.18741262059657,3.6538963723460514,0.7395108994159084,467.17428505668124,0.24328510604064757,0.04463140980296598
81882,-4.722806786257574,-12.309158110739622,1.1215880877444406,0.9710760418172911,271.16851491102807,1.6284963580673706,0.0446321861924945
81883,-7.248430535705752,-5.9723029335182956,1.1238865431839804,5.59571847663871,591.4202053135269,0.17985385932905373,0.04463476214418807
81884,-5.307115661079115,-7.996979889957275,4.391866890628922,4.359131510535988,589.1044429130776,0.7897202476601874,0.04463563630041534
81885,-5.661391184638935,-10.190360356604828,2.3715114392743875,1.7935437729727506,380.417432993944,1.8579148538667996,0.044646990286330714
81886,-4.639825294202147,-7.817991975772514,2.6055762409133667,0.7283489121032224,144.3423723586059,0.16274783012981064,0.044650916761258826
81887,-4.055888726443709,-7.931499150183156,2.2153421369849005,2.9592593296929075,187.42067600989353,0.37820176313798726,0.0446631013072975
81888,-5.501399983550358,-10.614758808911743,1.5293476460265443,1.1837143930768532,300.1552073717492,0.896647627586237,0.04466487349701448
81889,-7.239172697100942,-8.50488740474686,4.029701095980554,1.279296491384175,373.4421401118018,0.19299970844968772,0.044666525917381565
81890,-3.8507617044363185,-10.425942252398752,1.6635415382863432,1.0748297128115147,284.9118502727171,1.3549911671248598,0.044668227108364204
81891,-4.938210196888948,-7.768071919156905,3.639651785176705,0.8785101817807698,214.57293840525693,1.2817066729158464,0.044678725980343545
81892,-5.005188729782529,-7.814941672705336,2.366125775427012,0.793774591069025,468.91894179363544,0.356465851938764,0.044693160010561124
81893,-7.883945842940739,-6.744168006061594,4.709073757349648,0.5488311146971144,130.3430182714362,0.514922708526667,0.04469441617838337
81894,-6.294018833775247,-12.593838944567027,0.9886467107101033,1.6306965729373828,187.71930847139177,0.2087061018827896,0.044707861148089806
81895,-5.2670842218499505,-10.204751758080159,2.285101290178348,1.858858606638785,469.4867186173812,0.14556456991615896,0.04472038324025319
81896,-4.037969635456326,-7.85034438833402,3.560543530867132,1.7000894954376555,398.9847256777402,0.07110402420253603,0.04472466050039726
81897,-7.237397711569521,-5.18825332252793,3.0889995366306926,2.6678201179209307,373.2333587949077,0.0819877274666041,0.04472827433918205
81898,-8.531380693397692,-5.606921346625614,3.549190419803133,2.3380908905804314,436.32581272670683,1.2518523904708347,0.04473098827630099
81899,-3.9846854244548027,-10.153417321715127,2.204285850882321,1.4420823834545984,467.59840552616436,0.44721034315017594,0.044735870363569075
81900,-7.257623575653113,-5.248716730010603,3.3160996685127833,3.334875548085614,520.719483336345,0.8596957754580066,0.04473604568118753
81901,-8.654175052120337,-6.112840040683937,3.2554447204178385,1.8588877631189715,468.2689493421101,0.5089814512409303,0.0447439840156232
81902,-4.40296109461992,-9.443041828886686,3.1897573692298984,0.9957219056684652,269.0266759249658,1.7605436773054342,0.04474775297715381
81903,-8.67457402827552,-7.3655772728314615,0.8381900017609508,1.897238160238057,377.2714390472795,0.7402124123608962,0.04475648264977879
81904,-8.84571407297597,-6.583745183454612,2.246473277100328,0.8281097475876327,189.57969709379526,0.2425418106149939,0.04476589585888481
81905,-4.872870640293585,-8.835966109000827,0.31752814262681056,1.5434719185551784,468.3276616032102,0.5088819560607512,0.04477225999216012
81906,-7.178508940863611,-6.431321866673103,4.413900194921018,0.7878592776008085,467.07988134902666,0.251889736966576,0.04478967532476057
81907,-4.067042767816968,-8.291800014089478,1.131472630660067,1.4032725239865897,468.67561296612564,0.5650252403223766,0.04480765997238768
81908,-4.601745312047877,-8.61544434472469,4.094706307425719,1.0882330661760566,286.543723834948,0.6259460083750561,0.04481468560617008
81909,-3.5611569783213586,-11.650843744218903,1.202326158252335,1.1138382442324595,287.54662769680493,1.1762609365827128,0.044819816280555765
81910,-6.351661829849178,-8.246015118831853,0.5549195868280445,0.8028250555942994,230.37504175364083,1.15067309282058,0.044824101040471555
81911,-3.1016370733072627,-7.923872211592578,2.9159469934415494,1.3050223990082224,280.92001300350364,0.010567116393645826,0.04482415561580976
81912,-6.740121566455217,-7.717159538486258,4.941659107428097,0.6569491930110141,467.50314336321543,0.42834358083804336,0.044838584611605614
81913,-8.026487555222229,-6.702902125891695,4.539154039881732,0.9033026076189618,467.8245019964585,0.8983954656000313,0.04484417264626209
81914,-3.7991347687179715,-8.099071713702438,4.11062706375295,1.8130434275442338,382.2993873298671,1.7975196646953417,0.0448448678599758
81915,-4.217206312723408,-11.776150674770292,1.182670558862352,1.2507534578802673,275.1169566050821,0.48420085556123826,0.0448451468449976
81916,-7.220811157273557,-7.927277543637292,4.686581713577687,2.5774394256726887,463.54662085399156,1.7637185381031513,0.044846417904044006
81917,-7.341911524400462,-5.598087635207542,4.02990377205601,1.3204431519640825,311.80565129015037,1.2020373258829133,0.04484814284194923
81918,-4.338777122097451,-7.926595814099918,2.1802248765428547,1.7178911522602316,405.84284191109026,0.359910295023691,0.04485174251333259
81919,-8.095877500592017,-8.844541661198342,0.7046709314283592,1.0010348536138316,467.78964667579095,0.6115659221986727,0.044853471449059455
81920,-7.675422540924774,-5.736133633780486,4.545900191239823,1.0674306273321237,277.49101901253033,1.0385539094202256,0.0448541683374218
81921,-7.602712619624813,-9.174318848017624,2.4733194030886327,2.3676120420221825,441.93649597169804,1.5692511433999803,0.04486162784419589
81922,-3.0500629471597716,-10.98407402924822,1.3987659838515716,1.0162295483318522,266.18388687668113,1.7052440054082325,0.04486363061555664
81923,-4.731526175246849,-7.911731237161872,2.1311490275538025,1.8397615082329684,468.3700014425493,0.8474674379937968,0.04486750967373118
81924,-6.734024687242432,-8.586938469506038,0.23369247011117403,1.725527806827752,407.40023699665545,0.5485385844897825,0.04488601965255529
81925,-3.8091267244018336,-10.119263141456576,2.2692836516714214,1.879379732574699,189.20422745688995,0.24612906548549596,0.04489610111630105
81926,-4.746422690669167,-10.571735930071315,1.5556443941378573,1.037301359958487,205.2325082874099,0.5116090484439892,0.04489772417285703
81927,-2.83965392092607,-10.922931944369337,1.496206039665088,0.8615808172214713,284.5481788738737,0.4820385188687739,0.044900118793306465
81928,-3.6156118802807296,-10.017524235786823,2.439583834816885,4.917635647045756,473.2512481123246,0.008944904342720328,0.044903778420005154
81929,-5.095927996479016,-8.631008667179877,0.47158886634524605,1.7135603526316845,466.70470524234787,0.16254054960156505,0.044905234465777565
81930,-2.5469325297588776,-12.818587589757179,1.8669886412856422,1.7939661631314858,468.3985215605035,0.5359335858975358,0.04490549224657817
81931,-5.348018108026177,-10.172342230662114,0.010906566487675224,0.6010935609262112,122.66068605646213,0.6795198244086382,0.0449105759969683
81932,-8.860168060432658,-5.826424161405655,1.0435824509905085,0.8749324116794395,468.32300689188503,0.5070595118665588,0.04491674693659602
81933,-7.157675787332487,-5.7516390128376775,3.2300221448979567,1.2434515058104638,315.16509557001217,0.4677606413182396,0.04492334158585605
81934,-2.70463353716708,-10.62417637358167,2.268345239736252,1.3812766353757036,306.48793353915494,0.6177825283200917,0.04492345488467087
81935,-5.046048072828316,-12.51287679796777,0.024126204451831012,1.793758291030819,467.1244401259137,0.09410403896322528,0.04492992104734058
81936,-8.79927947486987,-6.574536617539538,0.9145875748412642,1.0687032101370282,398.6636117586035,0.9033349867302078,0.04493105001736855
81937,-3.9252836021214064,-10.278181925570225,1.8757928170928342,1.928950765158117,396.34461076429756,1.8872804363367086,0.04493946480508906
81938,-4.439255644517511,-8.320349570539005,0.992190363415834,1.0595641120783836,468.39087364698867,0.5329093767152662,0.044945511933872535
81939,-5.241843264521069,-10.735539690408142,1.465231902747764,1.0932823029307943,234.38739211196858,0.135509081694698,0.04495225005980043
81940,-4.328644556482234,-9.233972588166207,3.4273205238187257,0.9067115971538646,462.2321415023964,0.9056823502916762,0.04495579699519107
81941,-2.610272480633551,-8.796184898368578,1.7760216396940671,7.585354253495671,634.930292635223,0.1409077220184658,0.04495736488637291
81942,-6.062814994413858,-8.094714334516553,4.707722766726963,5.453877894088026,504.5358514301183,0.05237347689134175,0.044962113906138745
81943,-4.277222844512315,-8.216523305268524,4.230168976278922,1.6252880044947395,352.5943618882769,1.1824379867339658,0.044965705477694504
81944,-6.300021104456409,-8.799531004184505,4.124993740304393,1.4496805207004393,468.17190965029187,0.5520661442012331,0.04496820138272351
81945,-3.2458734277835175,-7.977427723850687,2.148518546638959,1.8209551788555243,432.60327600505946,0.6038592505647342,0.04496881627915229
81946,-3.8429237073129476,-9.540000165780832,3.0511042507382347,1.1204732991711814,145.3172054298807,0.38371777205995183,0.04497193619794681
81947,-7.882569914323314,-5.880498844194965,4.563896800586244,1.693545477971129,467.9300745059519,0.5457842456807933,0.044976388050392196
81948,-5.730919736013527,-10.02771438705715,2.591750040391262,1.065002273958448,147.8779107746799,0.24648699677338382,0.04497876053930519
81949,-3.816706943775154,-9.928806030378958,2.5631094062831377,1.0983064434251903,468.1104777626521,0.7367978519095111,0.0449803582206655
81950,-6.095230485244608,-11.86452088620128,1.1036683113242651,0.9075420591321554,242.9106768968119,1.5199547267292646,0.044985225195157734
81951,-6.113386288928987,-7.6110513164238425,1.9263540909789276,1.1075467856867691,468.00648235139323,0.4552890844344768,0.04498543111132872
81952,-7.024272859840256,-7.201879435864899,4.9039457731107445,1.1009181982701968,184.34373836727661,0.10557046239740053,0.04498710334599781
81953,-5.309190593149255,-12.790334586888356,1.0721384047714146,0.8906528917383373,176.90282078862217,0.10374909055833736,0.044989701876435896
81954,-7.260590191929046,-5.755012995197113,3.890415399808584,1.0983315602645447,277.0106693830857,1.2338036356014763,0.045000327315463676
81955,-2.895035653073231,-8.241804835612797,3.5357169783731526,0.8227718381401284,210.08845763936554,1.2901879288271134,0.04500047887014081
81956,-6.572101034576097,-12.729729232207871,0.24833799301063872,0.8401175073136665,201.8457171032474,1.1803306576154764,0.045004403457339956
81957,-3.6776083667348427,-7.847511131126614,2.9043699571718853,1.2925341022793333,318.72884042703623,1.4420655136513085,0.045024347927843454
81958,-5.725039466037773,-7.634838044870072,4.10604380749,1.0058773598749946,469.7341702023404,0.24120139128278595,0.04502558553996256
81959,-4.788077642914084,-10.16001054649354,2.267551136710354,2.1563570287115006,421.9432412110207,1.769688191144298,0.04502592262412729
81960,-5.2952383694987954,-9.359526897353577,0.05971720872252627,0.9748229442311708,469.5489196829937,0.08391725292987484,0.045027039969037015
81961,-2.9947830332581837,-9.361365518288629,3.472068523042105,1.8957203493411565,468.4936357382064,0.6536658925429792,0.04502839661908248
81962,-6.1599365035644205,-8.152692918703853,0.750759875753851,1.3672485597479511,308.943189363083,0.11990088864270376,0.04503447979520131
81963,-7.3446448279712,-8.84041455311296,3.441037739529533,3.266386122339919,432.4204524486717,0.07785572782889272,0.045036316937886726
81964,-4.744800437048394,-7.837753965326091,2.4356946495869107,1.5311769533028283,346.22648839568814,1.7683966601371788,0.04503830105412124
81965,-5.889066209238974,-11.483773940820473,1.1921468401748745,0.952085149693708,191.5545704992474,0.8641350277671309,0.04504206305728657
81966,-4.408381612277125,-10.312330355873916,1.833351901451325,1.5915402343474014,234.80813274662444,0.006432955381180605,0.045042807049986776
81967,-8.600674355515718,-6.289013823583201,3.4197981844689562,1.263723436852163,293.5456555051182,0.8386387635425381,0.045048182116156923
81968,-5.437295681655574,-12.628177811282663,1.077590524269063,1.83418992662169,382.9705871004399,1.1942920868702753,0.045053104305236936
81969,-3.707424492987558,-7.945605298876714,2.2184175320553163,1.043213271371303,281.37039531740544,0.8839259275732321,0.04506065523047317
81970,-4.348588553026691,-12.48174414371431,1.1101439575952825,2.5001587515797365,448.65275189299757,0.8797145004642326,0.04506467311735433
81971,-8.039158901708475,-5.203924639966939,4.281570458846478,1.1509953809674698,468.31378095973963,0.03994705822435218,0.04507247396191545
81972,-5.3514966359691485,-8.52289280639757,0.5537044817803535,1.4455761960373985,468.3517292356633,0.10635991598169525,0.045076709257920844
81973,-5.883810146918559,-10.542485944298416,1.5655843179879558,3.7303421962120478,546.818886363036,0.7090880690716332,0.04509553369246475
81974,-5.383401716727165,-8.017471390168168,1.5403295941563135,1.8328363573388802,468.28411595270967,0.18963995092439312,0.04509898303888368
81975,-4.688372599920023,-7.904492272455863,4.027039134753563,1.0889150819243993,467.68864740179,0.7652068874699207,0.045100585822627305
81976,-5.667946499524978,-7.749452239292125,2.06872538164506,1.7224183587362465,405.0113115510941,0.014435670301181425,0.045102008518544665
81977,-5.401941337251868,-8.743418511622627,4.0732502195847795,1.0536374769881665,278.11413408902723,1.8199897964216118,0.04510284306258199
81978,-2.857649397672388,-8.196950406925447,2.2123161132867817,0.9660789521154567,236.82662114728024,1.3268452334027012,0.04511381171272147
81979,-7.9890137321428165,-7.830461400704734,3.767208136733678,2.0131776797078915,405.5943264729125,1.7897160034358075,0.04511417001174454
81980,-7.202490119544085,-5.508216228248057,2.0794333933252176,2.7330948368874473,477.5491022252717,1.7522631954658818,0.04511562751290536
81981,-2.6695226343822043,-10.744416383794835,2.624181826396782,1.3974553292138978,316.15752292865466,0.788898662826166,0.045116619015870114
81982,-5.596096100524161,-11.700156661558141,1.1667434615312287,1.8487471500577886,468.0497641651948,0.7022023230960306,0.04511796253700472
81983,-5.692988494782336,-10.134296217864748,2.443784302960092,1.050528583475123,276.10713370270634,0.4033324066063866,0.045122031938259824
81984,-6.729912715210333,-8.042988252687987,0.5539887892292685,2.813456279623238,485.0624825983702,1.9004324359533262,0.045125773287326185
81985,-3.1488328221948203,-11.255528295861534,1.2981701347113663,1.1134961610780578,266.2635436704245,1.480373808748248,0.045126633872968565
81986,-4.2018605793163655,-11.020293597179581,1.3557680966704755,0.6961148029015749,152.10813621490763,1.133394801213627,0.04512685670519997
81987,-7.125081190464204,-11.028814578291037,0.3912571215985669,1.3952589954945165,307.60201672857636,0.6576509176214698,0.045128736035614
81988,-2.759138002238343,-10.408416729873823,2.7213761298727723,1.7032832306434396,469.1663686724342,0.14645061310403396,0.04513762449918109
81989,-3.550841816618588,-7.868896830719311,3.476381614049576,0.9897422251802372,273.8818826680537,1.750097340237784,0.04515162811749314
81990,-8.853646117490388,-6.644359058016005,1.2791210823470982,2.228805916981241,429.31806479310535,1.8565487915446708,0.04516078143045034
81991,-3.496912736208735,-8.68408820313704,3.956851393165033,1.348232089448944,468.3088407520201,0.49727284693673557,0.04516330658788744
81992,-7.212850968533652,-5.33668232416083,2.265239673608651,1.47609061179202,338.3041628190927,1.545911861412499,0.045163615087160124
81993,-3.3482809001658653,-10.95988762543661,1.376468316469648,1.0820856245990753,196.63235295218917,0.048674101833594996,0.045167645720507806
81994,-4.993663403917287,-8.051679867031474,4.301915860244234,1.8180541660437992,469.2923207694004,0.18434157905265014,0.04518321169517913
81995,-2.7301552045340562,-9.311220920369262,3.7603944718128504,1.8505107610191345,468.56414026842214,0.4942705396879177,0.04518621850970462
81996,-5.137687551080268,-8.176902366651124,1.2065669652434226,2.4585518509256725,449.0828925407342,1.2292880454312067,0.04519401838358261
81997,-4.761167634273585,-11.34978420209859,1.2581847869136316,2.3694287038344997,439.1280869753223,1.1457599980721431,0.04519930279565899
81998,-4.083690751058404,-8.318252003792402,1.0726395974255465,0.7579144608384403,151.7325362152964,0.6269294059231934,0.045207211721294854
81999,-8.221860189175368,-6.365789455719104,4.253536178428331,1.0397768183909242,467.79423777644115,0.5872216319302979,0.0452255824193565
82000,-4.405283971033439,-8.379595686362517,4.205278756477307,1.1621236447869652,277.4397330313892,0.5164201442567506,0.04523266307908691
82001,-4.201514085544858,-8.192147130620562,1.4196983559903789,1.015479546134317,275.5707064295293,1.5264299784719926,0.045264402059296736
82002,-4.692189339292286,-8.4580996015831,0.745051295590514,1.5490588097664988,352.27793857319057,0.15789457899132842,0.045273884869485664
82003,-5.217715807197863,-7.871433005097037,4.196036211966686,0.9482772121150189,468.38317532067606,0.5301101559021628,0.04527934883993561
82004,-4.464509171695807,-7.940485662861248,2.098482466907415,0.8857537636868674,180.9754942608432,0.061520236156231256,0.045284044220428435
82005,-7.243309427003577,-6.738723833887265,4.786899579023906,0.8175830435768486,468.31984190121534,0.11405486627541084,0.0452898607719346
82006,-6.747056171782458,-10.089897071437278,2.3513394799026264,1.0275067612915196,469.9994684538249,0.16618557962561198,0.04529018273267885
82007,-6.935643752925351,-10.538898151023831,1.3326633498864342,1.4248065479998435,325.8093781831507,0.8086759070513585,0.04529032039262514
82008,-7.164895625790333,-5.622985974079813,2.9712064142708794,1.804083063643306,467.5187680968115,0.05957631164572064,0.045300643764805235
82009,-4.406820905117233,-8.78018858754001,0.39531278370765166,0.904117072596013,230.1733709043327,0.9214984106518829,0.04531265477927831
82010,-5.938075083746749,-10.379463966403069,1.832002169355106,1.228601834816455,305.3782902680868,1.1442189379899306,0.045313691350144035
82011,-3.4603100255185844,-7.979324042765302,3.8975040448733047,0.9266579112224068,460.83615378965214,0.13112625171288705,0.0453222460951007
82012,-5.689720594890706,-10.433640985732048,1.6925189899523372,0.6243696024821699,190.5534588071105,0.718960692466049,0.04533538589999866
82013,-2.508800524405933,-10.729753688692886,2.6051602199118293,0.8108172963229145,161.75457909791606,0.14059486153302547,0.04534233629180179
82014,-4.959050177057028,-8.107775471750156,1.4798397669086634,0.9861292043568514,265.73146095536515,0.9015052783605277,0.0453458220045392
82015,-8.756014617343252,-7.073798390971593,2.4384514325446416,1.4084445534423509,467.994660193382,0.6183871265796199,0.04535897132258674
82016,-7.170299140736436,-5.572627954159398,2.5364180349451013,0.4985496197506927,121.68422401099154,0.5960568603705116,0.04536203003927855
82017,-5.518827120101645,-11.989667523073962,1.1270041944325269,0.9425493367698019,468.09811379560716,0.7298301317300391,0.04536275562540533
82018,-8.219425543270436,-7.524581798533623,3.6702630149868187,1.0573847697195975,194.7352777979328,0.03002349893910594,0.04537222311841769
82019,-6.614197550563522,-7.083169027190484,4.134618698169774,0.8803113525471936,232.6450146604972,0.9229899996736313,0.04537267133490798
82020,-7.03172771365175,-9.459561554319732,2.9650722539534136,1.234270756209024,311.72295876592466,1.6181591323842426,0.04537507199229346
82021,-8.281076077519193,-6.5356024733045315,4.14447420885807,1.8595880072165551,445.2445568078471,0.4919676765859604,0.04538202088902444
82022,-5.259565647881854,-10.44404277930562,1.6659559691949994,5.926949583608281,662.5364538138531,0.35054632184832357,0.04538387733004173
82023,-7.180523375112032,-5.567711943964151,2.2823350370696494,2.1874035241323333,412.01980087429314,0.741922026254616,0.045383877526480515
82024,-5.3513980359105755,-9.964590758529464,2.627846979488967,1.0726765569314778,233.91256986065832,0.0343383288172463,0.04538791833824885
82025,-7.948867141787311,-7.154894474033326,0.3539712204397953,3.148395679439894,479.2050939228972,0.18172594269670483,0.0453948122882227
82026,-6.746042186565225,-9.664828214590052,2.922601255326431,2.655558141151612,241.5443510735629,0.216381952638093,0.045396168050269955
82027,-6.015249592032642,-8.134854340247372,4.673032419928005,1.3203269233030799,289.8021120066519,0.04515548194667751,0.04539676181429128
82028,-5.3978774019641005,-10.652755915891014,1.503085765034941,1.3515589305490325,467.769406681962,0.420457912289101,0.04540723747553397
82029,-7.287782322266336,-5.42139573238423,3.656432669162902,0.7685978405549289,142.4616694444515,0.12003857787170436,0.04540730615652119
82030,-7.00288270174998,-7.1144957859564,4.828983988451064,1.7759153517585038,468.1110027333249,0.40248413633280755,0.045408057641432006
82031,-7.594724815396942,-9.14022977278562,2.538567072780446,1.4018490755771653,310.1736168317213,0.1723156172976772,0.04542313531382713
82032,-3.4017074718958966,-9.921556982103077,2.559988151139377,1.0282349370358983,468.7269975681056,0.24922517379752218,0.045424282659717104
82033,-7.727795966448734,-7.866022579251169,4.1774668160986455,0.856179670853614,468.45417956534453,0.49204110081613184,0.04542497634620403
82034,-7.519038437721869,-6.960720820813551,4.925466421737684,1.8283774334845277,467.5653853025288,0.6076318968263728,0.04543555155741853
82035,-5.7782001689920754,-8.144740092040752,0.9475291106868764,2.3134402255843187,439.74505893729133,2.3540176316601995,0.045437045852971064
82036,-6.905311533107168,-6.533847389627101,3.4291423395439757,0.8101985369715066,468.2521754277808,0.5287017195524637,0.045440358027727924
82037,-7.372260428874805,-5.243515180431807,3.871746106820912,1.0944665097714144,283.9630991908121,1.5298121010882308,0.04545025450711066
82038,-4.7333514472879425,-8.287776861887014,1.0601034566010028,2.6031378186841883,435.74336305563713,0.390950982677726,0.04545681211081063
82039,-6.330607935083478,-7.526669727228152,4.604074772592628,0.7945858439509504,218.65826459854384,1.303238773192711,0.04546045878513175
82040,-7.230479714146606,-5.062834845548362,2.721311491440607,0.8169035488395613,166.50709753848236,0.09537539256996208,0.045462481676523156
82041,-6.479075635603649,-10.427731883359275,1.6116816247948413,0.7114308202261769,193.94638505351836,1.311547838537538,0.04548311451119111
82042,-7.873466643948571,-6.029001802344068,0.26151024149387403,1.8208434113296335,467.6139892711883,0.622192088336095,0.045488977664314235
82043,-4.486803102169617,-8.190283407786936,4.244963890029291,0.7887945581716064,469.3796383936801,0.16956670971743737,0.04549010203429909
82044,-6.2538335602212065,-8.949452098739764,3.9405904698730967,1.8632040619682624,448.61851660237426,0.006145135347328967,0.04551280237682826
82045,-6.715950598179585,-7.096433025652478,4.413708468364359,3.934430328787202,554.7149336365544,0.48303326341657193,0.045524658510480674
82046,-2.94202154829801,-8.428901293139308,4.080023716021221,1.385597922474606,468.69266243442144,0.814721934521887,0.045531299530192526
82047,-7.733843532802647,-9.129798550836753,2.222029959038431,1.2318010362809912,231.82573392338423,0.03309934043111529,0.0455439526361001
82048,-6.35304492585618,-11.707580712387037,1.0879815786530325,0.9534265038587908,221.24866806872998,0.23100882121364563,0.04555647825081175
82049,-7.903704254885006,-8.507723297521576,2.8914870008053475,0.8363717361819422,176.99259440846768,0.25603523697874486,0.04556677184160124
82050,-7.235679807353376,-6.010924716129736,1.4157641227506037,0.8681910595370848,467.53808466853263,0.6105522155946952,0.04556680739387428
82051,-3.289241249878307,-8.22055986170502,1.4399658547353889,1.4888023188035993,341.67878240124696,1.9194805288386805,0.04556839590385154
82052,-6.798089750360948,-10.232771802394778,1.9756834371534266,0.9656360184643702,263.2464563901925,1.121944654990136,0.0455716351018339
82053,-3.188977680089627,-9.357842581098605,3.289763963406846,1.1214356740741742,286.45535912185414,0.8209887924543944,0.0455803849079134
82054,-6.010790646475021,-8.329401205218357,4.5582184059753095,3.2813564783351254,503.5500937085381,0.4447280080961482,0.0455895256691675
82055,-3.825479123254299,-8.803398996295018,3.8544747891562343,0.8648807947640097,468.0808332977355,0.7199051468063837,0.045593017318837754
82056,-8.364123649146666,-6.2060171990908435,3.9781039722802922,1.0712681429566262,287.30296978404954,1.2695932837377484,0.04560373386627714
82057,-4.343395379893133,-8.628602161389459,4.048878613229711,0.9563886263137141,468.5809846682082,0.6008631594969449,0.04560570625184779
82058,-3.040423416499605,-8.042030823312054,2.165939472725773,1.1714768621022136,468.80325161503083,0.6072112140998875,0.04560778586338705
82059,-5.587349534117111,-9.672971352612956,3.0080325640512147,1.6070104999106143,468.402521538756,0.10912776452146122,0.04561144437944121
82060,-7.116477630122531,-6.090938413075037,2.064824340412091,1.9222492579426984,319.3660285859196,0.0617476620787345,0.0456146045139502
82061,-4.6236485749162215,-11.718419933725844,1.182890429126597,1.3657665794321734,305.08525361682683,0.24244180661114711,0.045618765804194834
82062,-6.542869561682279,-7.495308175203823,4.754956427294563,1.276052614567093,282.85383095298283,0.0637263230223617,0.0456227399736215
82063,-7.720637504837752,-6.757468023040315,4.829674735656137,1.141233271270231,292.08328144600995,1.241564079825582,0.04562550164907438
82064,-4.354733190960804,-9.25725531505822,3.3952161068944697,1.8144552459435281,376.6802519435687,1.0369305248899474,0.045631756460595814
82065,-4.941176413477079,-11.75730515700732,1.1722325646421468,1.2395913206376168,265.2697906960959,0.04781746241069129,0.04563913673674165
82066,-2.7185966092520175,-8.789896115710402,3.535856508499557,1.8736285256139522,468.03096139883974,0.3819396621515585,0.0456426048433448
82067,-7.221647936172012,-6.033491546615839,4.042797389159503,1.1693016715337614,270.90934813729007,0.10681315177437245,0.045643575413207974
82068,-5.9848318159185325,-8.746144859930403,4.160796713465288,0.6670871598501362,430.5677944254476,0.4205490250302679,0.04565176034320478
82069,-5.796835644015752,-7.771417135027181,4.449323432467822,1.1064680437446746,286.11984840940266,1.0106564659368908,0.045662329826325024
82070,-2.781790264181854,-12.427260708724575,1.2027556366866872,0.5284387898986123,134.75428696694397,0.8245742672539107,0.0456704511751728
82071,-2.6654710207047483,-11.632651719460029,1.47152542069001,1.077922538323661,145.77620450837207,0.25495105629922943,0.04568109202139033
82072,-5.706024926978813,-10.321047671387905,1.9823910209876576,1.6084085087708184,370.9265965237892,0.7093932595898051,0.04568684932934733
82073,-2.371306483002231,-11.29518150436791,0.9128144283822516,0.8640726211398031,469.1551948930105,0.004360840083006856,0.0456892733176973
82074,-3.490095289727143,-7.870755665292942,3.4235015059541793,2.056731412135336,386.2828028528125,0.5254972665175428,0.04569109599000392
82075,-5.410600021956578,-9.24488464143857,3.5067228526269316,1.1072646234244454,271.2166631276993,0.28821094617911136,0.045696380575090616
82076,-8.854769002052606,-5.358503817878948,1.9171674527310687,1.7057352920794961,467.21176578977895,0.5913759031929402,0.04569921533086364
82077,-7.470984014619008,-8.694280073394525,0.35110866540485164,1.8025746054524656,467.9925105255752,0.8815101815150674,0.045699865133352724
82078,-8.388803361780587,-7.6667401584340364,3.0322427693218055,1.6264840449138678,377.53015733627655,0.5836384685368818,0.04570423187297395
82079,-6.239877017634901,-8.237858143469918,4.664414738633549,0.8520061747476031,184.5258391082961,1.1805030047503813,0.04570722293234675
82080,-3.1043216910396367,-9.12973529193014,3.596801379437643,1.6825965405791432,392.9199246519693,0.033288053877685186,0.045710149406516895
82081,-7.723757586522113,-7.223995147721179,4.717158233298157,1.2761739384277688,426.1400308050207,0.4297722595353166,0.04572161983338227
82082,-7.437984245795313,-7.5095953639907975,4.815043004944428,1.770068618527743,467.7964590660858,0.7575136838249543,0.04572615019290606
82083,-5.502216448842148,-8.098526394105267,1.2446380423632724,0.986913060823987,144.62642990308998,0.24366009335135352,0.045732965872635194
82084,-4.55801388008188,-8.375810435950703,4.220643961705205,1.0929078730338873,282.29926296557073,1.7799158806251052,0.0457332226640481
82085,-7.363613314814991,-6.07680477040806,0.7108301571622659,0.9812947385968027,467.29087149158147,0.44770145082582413,0.045759904868771496
82086,-6.785196510162003,-6.966697489673915,4.282872705749888,1.7834124483558895,423.85923152447975,0.340125176027116,0.04576476444800295
82087,-2.8805244246770414,-9.05828915861435,0.3371932250769976,1.3164663538278933,192.97762165443385,0.04528314216727569,0.04576500817619475
82088,-7.235876893539714,-5.752706951283653,1.6288354683038353,1.8592895307603652,446.7612113556476,0.36692601531521074,0.04576687667028169
82089,-4.855473705347617,-7.92855430231291,2.038127829069946,1.1483385334222902,469.55725746176824,0.010809645389956657,0.04577647442616576
82090,-4.193917650461074,-8.57540214454535,4.075192751308289,0.5187017009239986,144.31265226474295,0.8746342298294421,0.04577668015811369
82091,-3.8908465276702886,-12.649362210934003,1.098703047496081,0.6844755900811613,178.08423666182938,0.6919870158438162,0.045780829460469304
82092,-6.7444013175882915,-6.88363278147071,2.4545492762708268,0.8178456466294235,468.02034430714065,0.027077188359829307,0.04578120277108651
82093,-5.203509801585203,-7.705091505497518,3.560724667100396,1.7455914142238453,468.0695278525532,0.7136126909286507,0.04578150919848822
82094,-7.020421857642429,-6.387354128421143,2.226250903062728,6.328464431847135,519.4678235748546,0.030969693543071664,0.04579691278131104
82095,-7.13713348627575,-6.339226169608953,1.619411642165354,1.2291931204184796,312.20339343103285,0.4927214930111914,0.04579775983651831
82096,-3.199562635627215,-9.27865444505159,3.3686369865550447,1.1092945919053294,467.29855181725,0.7804167863200089,0.04580335561032768
82097,-5.7628435436783745,-10.037008811405897,2.5664138567343127,1.7182595316608318,405.18267318582184,0.29481619004291204,0.04580855000880645
82098,-6.47789210773475,-7.1267718211536035,2.8382781859267148,1.1228161401562973,290.91047972977816,1.020959980974495,0.04581287997557649
82099,-4.509041448400589,-7.846718152510085,2.5612983211565576,1.046592642373758,467.00720872506025,0.5985573595392166,0.04582182122841404
82100,-6.818427155983483,-6.933139195883627,4.306899501621165,1.3787679794419183,468.3955879087723,0.5348398903042506,0.04582695022553142
82101,-6.372942305194588,-8.742220999750755,4.175944677774927,1.279373384363754,285.96761911192044,0.037814757459440074,0.04583167358396465
82102,-8.0180025305524,-6.911204577884651,4.490133976084568,4.837494217040592,533.8278751018584,0.13821129555949696,0.04583873619515777
82103,-6.272675278736211,-10.068877879066008,2.5363293241123186,0.8193609632444769,470.3744009369886,0.11879999143706232,0.045840487830523975
82104,-6.898227410510874,-11.93177088295193,0.7878349998401794,2.119494634727071,398.2187160770488,0.6091194075706605,0.045846964072649495
82105,-6.184213802565634,-7.5556488536570665,4.483259642407897,1.0269808697614482,467.9403184792711,0.19788949966697889,0.04585272269803926
82106,-3.7454229639521683,-11.85385055580382,1.168285648581345,1.8809440280246723,469.15866441145255,0.21279740095927924,0.04586078657662087
82107,-5.028835013351051,-10.201615029807876,2.199936514451991,1.131805699974917,291.84098690567504,1.0396796179937562,0.045868503853103836
82108,-4.431435767721204,-12.407275198556095,1.1109944489969321,4.96233563731945,272.96343003191265,0.26386632705939395,0.04587159164558052
82109,-6.472533580173311,-9.766492273892473,2.8965270553805413,2.5337594692697842,448.89048807961353,0.7939891353143773,0.04588088034485392
82110,-6.383908366380046,-7.247240367594966,3.9507164339817535,0.5608538596652715,153.55383636182117,0.9398336882378855,0.04588891803446103
82111,-8.612815399600493,-6.999140708537536,3.1323385212934527,1.0203690831014902,308.86550326530033,0.9302049124329272,0.04592174819152204
82112,-4.999355341668844,-7.897765408108256,2.053009332452045,1.6103738036855524,375.7027264956461,0.16985429501944171,0.04592192698938189
82113,-8.810356335506388,-6.967581564909369,2.0911579907478184,0.8922417791276764,190.66009375087242,0.19184472197543734,0.045922522732433746
82114,-7.229029433640043,-5.103089801599266,2.426750817380998,0.9413554823262283,468.1375359945591,0.5954471539482427,0.04593268038623598
82115,-4.208121427011441,-11.055947097917445,1.3369248759868735,1.0259874338958455,467.54601649068576,0.3111104675042995,0.045935312866556666
82116,-8.334788756961009,-6.750109272931099,3.989953737580856,1.2099591806725367,305.55129754682605,0.25618753624369717,0.04594306009206432
82117,-5.483636623691084,-8.579683255201875,4.231061628474571,3.8807068256963464,225.6628167758551,0.32189787399253866,0.04594498657419845
82118,-5.225680568896731,-10.26149638733179,2.0490487010876435,1.4784162758369679,469.7830551489952,0.1474716836819523,0.04594840460346193
82119,-8.868727916775411,-5.627777441931338,1.536620770248768,0.7515952677993388,165.07219621274777,0.7621052157057209,0.04597367663080347
82120,-2.577050702287881,-11.319900278660011,0.17431065700324908,1.5139987511064497,468.08635852857043,0.31123438752818533,0.04597680314110826
82121,-7.64957377165991,-6.833351498891071,0.323989116526488,1.7672779310076827,419.11223899117175,0.43454127202684933,0.0459787646310191
82122,-2.6606813095417383,-8.581383811640777,1.8603720647648594,1.8682620004965345,467.1897225884996,0.2846945148541673,0.04598000800899991
82123,-6.692075538292833,-10.183485343676356,2.2201259130142823,2.3955381997558267,448.1972326156948,2.4811301828950585,0.04598226014927024
82124,-5.233020383599341,-9.242081450047326,3.48628455359715,0.7939378352968655,453.37046810084587,0.24504166906843938,0.045987520752026514
82125,-4.670694975703389,-8.451898682711398,0.768343361513457,1.321609186674924,467.9525384180919,0.5940655687610379,0.04599605286085829
82126,-6.752197793194324,-12.324249400397889,0.8385484669249393,0.9081458097222659,236.58806982719312,0.9537947313220352,0.045998271162783544
82127,-2.8930034398014843,-8.31328948214708,3.741770069914897,1.8007677526909378,440.9725500065276,0.5163259716536963,0.04599980237720592
82128,-5.743282812117468,-7.6073454402075775,3.9927666127987576,0.7941660547398368,159.9632106591519,0.9614724472766065,0.046016897359556316
82129,-3.3195076650977757,-12.191817053392594,1.1308605907308922,1.8527961771320092,468.80813113234905,0.5720059139116751,0.04602378064510088
82130,-8.06405049264978,-6.8041078512731765,4.450295255837769,0.8257393160982591,467.9523018482368,0.5201684611974047,0.04603872976153953
82131,-5.995132700436841,-7.442100916183162,2.9885919084728862,0.7930781040183141,470.07332408870315,0.22638590329809638,0.046040645462225194
82132,-3.4424060165843837,-7.9211813510331215,2.4542113288331118,1.6764240323575526,392.31953714753183,0.08061869725885895,0.046044641061866814
82133,-7.857977431528979,-8.725437168364424,2.619382005556065,5.995456815169851,336.5248383063353,0.22450909203686997,0.04604485719735649
82134,-4.791039122262291,-9.768346929193738,2.802171680115557,0.8841541114025753,467.2742784455398,0.6000054561222763,0.04604659353671414
82135,-7.150148035591026,-5.7133075635992165,2.58106742850582,1.660585804894329,389.18325035478665,0.3094442915455833,0.046064734733574725
82136,-7.918224086810255,-8.553752460373765,0.5379981459401243,0.5323870193692638,155.67449212047782,0.09840308272064746,0.046089086047310726
82137,-6.307785147574884,-7.44586303237747,2.0994291624269574,1.2342818132046045,299.6955752677611,1.4614563881308191,0.046094043761241384
82138,-6.212561043822536,-7.783405842041582,4.739516686187937,1.7564615194662145,416.6322103141898,0.14612380478730547,0.046096379335477694
82139,-4.734976441929149,-8.945557163672795,3.771342875613369,2.441139427207679,451.09138500510306,1.8590193572187363,0.04610209061683401
82140,-5.962451746933711,-10.266279865316198,2.2270691848717945,9.221055517003261,712.6052917402993,0.20474887634550942,0.04611734110628863
82141,-7.848024867786862,-5.5224105083387505,4.449817598060059,0.8264400469159254,171.77242838665092,0.2260203965902372,0.046118933494998945
82142,-8.626393431452756,-5.9111947400304095,3.291550061316332,0.9856500029830242,272.946951308491,1.844540135120483,0.046124029135204775
82143,-6.8528083790539895,-12.89689534292747,0.6135153784021029,1.9123642356043997,468.92470248200215,0.5681042581732818,0.04615589469891982
82144,-4.301493879995311,-9.540084962686104,3.044973940672553,2.143411893324997,421.01462401585286,1.9832467592471401,0.04615924540369472
82145,-7.4286413311989445,-6.009249739618349,4.467864596991795,0.984842972154165,427.0227847598894,0.054318776562301885,0.04616432016471733
82146,-5.877386335228243,-9.621231239380736,3.096686670248952,1.2387860570518419,200.91303308023163,0.12028385251370732,0.046167938260753674
82147,-6.102870380425953,-7.729621726699784,4.620256583621439,1.974791343206633,395.40233599362654,1.0870885426375034,0.046170914560275805
82148,-6.544980795075283,-7.423966672287102,1.7006119265007182,1.260361787449028,304.2085093457237,1.41190230116558,0.04617413322569028
82149,-5.370000483191113,-7.825258492125045,2.0720536736691613,1.316251581919647,312.85438622507155,1.1907052034555665,0.04617657177473217
82150,-5.5256752509893206,-8.198871797723566,4.483340904962085,0.9028068418265607,467.9622794801329,0.48459051853219126,0.046183346597828384
82151,-7.143309161749174,-5.924460156627178,3.444405195849446,0.7127133259277096,169.9211162334052,0.5521974936216631,0.04618615994057678
82152,-5.584011589226897,-7.600355601153782,3.4396360685612684,0.8163109483848531,182.66726071956407,0.9181657493154631,0.04620684866511842
82153,-3.3768718930098434,-7.94791673274166,3.8167378819253326,0.6178492396724613,171.70233982847842,0.08051988014141198,0.046211288908409844
82154,-6.925761375013184,-6.531973827764994,3.5710089049875466,1.3670077290528038,323.8705017615941,0.2077032761441231,0.04621265916445851
82155,-3.87402630101053,-10.740918019822503,1.4559262153575514,1.245452520581884,469.8741212533081,0.09904409342469744,0.04622262887644431
82156,-5.41254461568042,-7.860101830006768,1.9244562990510417,1.6395888817003161,380.8641812922024,0.09076247053606501,0.04623184301843262
82157,-5.1470376980288535,-7.942498373120076,4.255342291411878,1.6734114400902989,391.7824848226048,0.3536746208945374,0.04623826250292862
82158,-5.970648189608369,-8.622519409797981,4.278761910887745,0.7687045704345089,467.66678815339975,0.2762322297494011,0.04625175247021001
82159,-4.49281039835864,-9.052629384733155,0.2076661395579024,1.8554516506987895,470.0707552279446,0.08557581795789115,0.046253764051770986
82160,-5.153493478657555,-8.005884771073298,1.6869596595129785,1.681336620238234,397.8925967215017,0.24937403971933225,0.04626483721970692
82161,-6.203600569929051,-7.325825286100765,3.114265049860879,1.7786409567397956,420.1812979644446,0.6174551942398514,0.04626816972244365
82162,-7.628245256703355,-8.266677546221448,3.8052166128914964,0.949449184848023,191.6587008713338,0.9440375750580428,0.04627481440173381
82163,-6.814905828396823,-12.193874892695954,0.8011425883373475,1.2134354620587073,307.49799473679735,1.2623697241261063,0.04627598194837745
82164,-5.622796185565944,-9.38832433024854,3.3537031744099237,2.7391149788952522,478.00630111821323,1.7729187023600943,0.04628067363857464
82165,-6.090360244640801,-10.283569869991961,2.192368398659931,0.5328884090441838,145.18707099381294,0.7076158875725547,0.04628941034939796
82166,-3.2584341941829464,-11.62893286692123,1.2036329016679268,1.23077936031864,282.77949024420985,0.048472491175880705,0.046290684050749556
82167,-4.25861877092307,-8.164787513692218,1.5071547630941375,1.6664898141362536,391.28321563406024,0.5053556233346281,0.04630830529125883
82168,-4.407467768809403,-10.15795526567536,2.1922466605323847,1.1041060077149145,284.5944210853984,1.6035349634417022,0.0463108134965706
82169,-6.972761240231701,-7.799848825516207,0.58618584456236,0.6769900122696695,207.67993902514203,1.281613715436615,0.04631192414467788
82170,-2.7994356018275246,-11.738133028616108,1.2781674426148026,1.0080980129564339,274.97387910533837,0.8518150450576139,0.04631642419754594
82171,-5.179196615614147,-11.479630554251667,1.2156864236431373,1.571825652241043,360.147260504127,0.09157276872350728,0.046320898341064426
82172,-7.130125744090809,-5.885449319899962,2.347159901576772,0.9169511456925115,188.36613031662492,0.7315827304114384,0.04632169853625806
82173,-4.663060873772702,-8.134671866333754,1.5258652417767742,0.9645129246458664,187.57633716277118,0.06528465417321883,0.04632314240453368
82174,-6.546743406526958,-8.317217782777906,4.600629214935082,1.0982995532640711,466.97953927158846,0.6160398965163258,0.046326283173956685
82175,-7.667280329346363,-6.202476578630639,4.713921088312673,0.7907993351981074,159.06994498623055,0.6197384529746843,0.04634009109926402
82176,-5.2923687433586455,-12.889766394460324,1.0552413439516573,2.086347807259189,413.89050431104965,1.7010183800986765,0.04635910303837822
82177,-6.956420437939979,-7.639280844796749,4.935198851298951,0.9333807873943682,260.9961915916103,1.0943653497243888,0.04636507690567212
82178,-7.354607345706002,-5.369164567585747,3.827548605121868,1.328275066847759,325.54911113854035,0.3409455553494771,0.04638195765326461
82179,-8.039035738849897,-8.742674591936398,2.053501915832554,0.6835324128657178,138.71954225672653,0.7277656297719544,0.04638199831518467
82180,-3.2449521460517383,-8.503174529718127,4.089009073613044,1.101478517508888,467.9199053865172,0.6423435919428764,0.04638330055795449
82181,-5.289792131639526,-7.8580623843847635,2.0240093955291965,1.413868100385233,332.0417807671446,1.8091457172010372,0.04638397804125194
82182,-7.414169716349083,-5.027805796862075,3.878078600667066,0.9194007956443283,242.03343806595996,0.41748509525202326,0.046394963327848024
82183,-3.095941919068613,-10.87067767070466,1.4227413419828963,1.6472376769139234,467.9927539839017,0.36479390559889335,0.04639669789757535
82184,-5.007455877472594,-8.9952774969147,3.7311882476645293,9.878576228227692,477.8439073710512,0.10365612585617345,0.04639839104689181
82185,-8.189851424521102,-5.613075099419126,0.31483321401953035,1.6090617682184305,304.02568325726,0.10149551230913367,0.04640495398945619
82186,-4.2818927272057925,-7.830888865313938,2.951455187661409,1.3562283836704891,320.77401225489285,0.19748658076127068,0.046408228550672476
82187,-7.402445521916949,-6.593891724012036,4.804288489936735,1.5423245420924645,342.14901206183134,0.25770446683707426,0.046417356585097436
82188,-3.1634912310003207,-8.380626754474468,1.0113920134884709,1.3774443058644281,333.0053548414913,0.2834791390116882,0.0464195772582077
82189,-6.9863440540731645,-6.682298008127289,4.257011136644022,1.4887631932792262,352.10490564824255,0.8139573880792357,0.046422871357628966
82190,-4.550949543459609,-10.141584347497332,2.2401404525355746,24.293633368180792,901.4288767166472,0.275945080079504,0.0464485079208407
82191,-5.192395474497921,-9.11151999358941,3.627177950244489,1.4282156714815495,331.025183749663,0.5916693646895448,0.0464519344358062
82192,-6.581138172177907,-7.142391921479582,4.177099290233,0.8649767253040601,187.6507762983561,1.030946872690067,0.04645313595084255
82193,-6.828663355665352,-6.779138128324788,2.3739414951703934,0.7277998740306155,209.01909840953695,1.4013660211372638,0.04645620441064645
82194,-3.715828163249771,-8.154032869417097,4.111678139693704,1.139389833971208,289.2297647377729,1.6072899608505677,0.04646902957831085
82195,-7.611328479422291,-9.243487509732837,2.3136955565087525,1.5626342651522056,467.82075651464675,0.13296424726482936,0.046469958337921106
82196,-6.554669528122446,-7.45778519260265,1.6158531253075799,1.5201131605757907,349.465707407768,0.7206758035494465,0.04647023471667813
82197,-3.5511761547190517,-7.972530579579415,2.1578889998569415,1.2919601745368268,315.37639627419117,1.9390963043266805,0.04648878776738756
82198,-5.408695300664459,-8.4775322062476,0.6048484956320771,0.7092882650601092,134.69030043089376,0.2668933702717089,0.046491806186826606
82199,-3.021387309469378,-8.461105300989654,4.116552556498294,1.8953968139737976,469.78211134803337,0.12602661486135425,0.04649919741772743
82200,-8.1182349955634,-8.59813546434149,2.098087960987788,1.169130907480576,301.0883241651744,0.7533448995649925,0.04650091428697796
82201,-4.988479913619235,-9.29188698136185,0.0879869711902169,1.4837382250603361,341.2420898487742,0.5942914038607086,0.04650758217320474
82202,-5.730390788347661,-9.960115694273963,2.6498548292676385,1.7356428757933238,412.1116806768223,0.8650898991745732,0.04650924546411067
82203,-7.551185256232175,-5.352954664604136,4.264190852592733,0.8924147480392282,467.94106743167845,0.4877852407140493,0.046511243624797055
82204,-5.9708960244308,-12.926234312478803,1.0006336363554384,2.457875983169441,452.9439322995073,1.9757230515251836,0.04651318829933063
82205,-7.298880219407554,-5.373381528108354,3.6482433442450533,0.7359723313302281,462.0868621675797,0.26970708056972903,0.04651644798152922
82206,-3.38566328332651,-10.03135443006661,2.3859310578566375,1.3186462825446639,157.90557407220257,0.19567039172621836,0.04652321449475665
82207,-7.613171622283112,-6.872825423759349,4.873390239031151,0.8250476124752503,469.6212741993543,0.23310553748964757,0.04652724958936178
82208,-5.457236283099781,-7.894979907805628,1.8151216229774594,0.5355897303854162,169.19137262264232,0.6097822317077339,0.04655375323184595
82209,-8.12506464929085,-5.773179950652455,4.288963438294857,2.8772277337092036,490.61133568813085,1.9354837149568418,0.046570215570030514
82210,-7.154526521593163,-6.527706028916085,1.2935530685757828,0.6838634581315685,142.73341741830507,0.2957983813534373,0.046577469496368276
82211,-3.301976791026833,-8.602545894696766,4.001048308052651,1.2365841878523238,312.7088186827911,1.5533429086451376,0.04658345004397765
82212,-4.618858110326355,-8.045751046071846,4.17455356893583,0.934792198845038,233.3582212590278,0.47957345695063847,0.04660834674988479
82213,-4.60433879682823,-10.101323934898465,2.321998513806775,1.7858698510633908,427.439073522127,0.6611157653496065,0.046617793176259706
82214,-5.272940882176304,-10.573862213105688,1.5417761145438635,1.840956458282276,468.77391519985247,0.6445369361929059,0.046621305049765006
82215,-7.075629681374546,-9.411729797166846,2.965705444476426,1.4856017945391546,337.72227935785537,0.630833562027191,0.04662293981392074
82216,-6.643314095295969,-7.228175128482726,4.487120171027713,1.0276185373203377,464.7027536044346,0.1983975644829128,0.04662363484214882
82217,-6.846002693289827,-8.297668624314571,4.536813721504624,1.1588422399360763,265.7111449046404,0.3603403073355427,0.04663054271162887
82218,-3.9980138949335595,-7.896308392583096,3.676056285551644,1.3107213029260723,280.1308657025516,0.6943236274650424,0.046631820124569325
82219,-5.236525683819565,-10.306474581709079,1.8844956081234163,1.353910089730504,313.09614678093646,1.1269686416351137,0.046639135280246616
82220,-5.227129284124461,-7.935124092599899,1.8213194155489383,1.1761057755205684,298.8962220225367,0.5434320898533871,0.046639473608013064
82221,-5.879846010918649,-9.192044747638562,3.614383489804398,1.4608442010683342,454.443335836096,0.4900612116033596,0.04663949870312856
82222,-5.210372646914462,-10.988534041625305,1.3520384840972133,1.8544717047651882,444.1718110555433,0.45438372993540543,0.046647541506806306
82223,-8.83961039630769,-6.754479182284505,1.3689865494181015,1.2526651701268072,309.7162714818186,0.6848565796589048,0.04665366445674409
82224,-5.767640819787131,-10.409436388895061,1.6977589170013003,1.0052426060296036,215.7868155982614,0.22995261009906365,0.04665407260690843
82225,-4.190156836337251,-8.684009843415797,3.9676019020649917,1.7079427976991655,448.782494842607,0.6487970205982441,0.04665992778365638
82226,-4.990632767721457,-10.231193416658407,2.0637691775311464,11.756338149292306,774.0570505216973,0.23365804073150453,0.04667085952150016
82227,-7.394919282557279,-5.8659519312800965,4.303120068132839,4.376925340779539,583.713635620496,0.39975008849741567,0.04667310756010127
82228,-3.8293945640284175,-8.268240124893705,4.155961954552675,1.9426301708779388,200.939393005756,0.21462398744754196,0.04667391842027807
82229,-7.300913031466274,-9.935330701188395,1.6156549281750385,4.025432683649932,569.8868908961441,0.9124591869624874,0.04668134678765733
82230,-5.349448501794666,-11.762037946860056,1.1569455761840102,2.335430964821116,437.6766052176696,1.422311323389068,0.04668368927500014
82231,-8.841603182781846,-6.653376090982913,1.1531774206743226,0.9269473482324041,468.3005508541768,0.41996234946491473,0.04668743005631213
82232,-7.127595995045727,-5.897343702663852,2.4374562446517842,0.5392898515212241,114.31118197553667,0.5950168540867393,0.04668770652795298
82233,-2.6280786455698824,-10.262307236960229,3.2385890766387755,1.0994830439930319,466.99875924532904,0.6267926829360055,0.0466882418075458
82234,-2.736755819796885,-10.265424526163791,2.9240815691174644,0.6627298944085797,467.8905017758647,0.46682951410901374,0.04669210969970876
82235,-6.527995387883389,-8.569893374177628,4.339858161105745,3.9879073729955175,269.65249767291283,0.47978035676821484,0.04670019808317126
82236,-5.8414587658946875,-9.258672972353445,3.529138240335017,1.0043714478259704,238.97803527358408,0.24281005161720604,0.04670170563237328
82237,-5.235121745265772,-7.771845270463994,2.4917534645480797,1.5555582519176478,280.5935088198768,0.04126633882060293,0.046713094892759745
82238,-3.267215843127344,-7.915559433458948,2.4856173462000606,1.5457996605937765,345.2369198603762,1.424406800382167,0.0467142720936104
82239,-4.198469523328634,-12.979150906532862,1.0690023110448612,1.6891444870560373,364.5634907373211,1.4390313771503482,0.04671992940957406
82240,-7.013192578569284,-7.225366387413127,4.87758032360245,1.5474133539134063,351.88099909660167,0.45982710524807935,0.04672954858351473
82241,-3.8935406432146564,-7.98455861248098,2.111131446945237,1.0840291366390684,201.96085761980734,0.1594089080550276,0.04673317778045619
82242,-6.350859135622147,-8.341120149938153,0.4794188097018878,1.3107918764410453,320.6321232405063,0.3067357174783263,0.04673733968908122
82243,-5.970726218595644,-11.857450970990742,0.08480407619624304,1.1878679329189032,467.3369593730334,0.2738007393059192,0.04674144945536773
82244,-4.725032503378439,-9.410233259101192,3.229015530758002,2.8909451236144066,491.5186547630922,1.8355186663853162,0.04674349329719786
82245,-7.869396018449283,-6.11224109903805,4.609662711565595,5.165454723902622,451.0864876089651,0.036766297601011466,0.046757109929235624
82246,-6.228543457809106,-9.873938295197014,2.778942168932253,2.8974349581220062,488.3166646011945,1.1107625386608566,0.04676209250161232
82247,-3.676887708658036,-9.49271129431077,3.0720972730646054,0.7902024177859973,203.83939325113536,0.5810547389924139,0.04676331024567342
82248,-3.1904005020448594,-8.840761432072975,3.829980886080493,1.006143332644043,276.3632885924878,1.4828500881772504,0.046764046987426776
82249,-8.459648621008848,-7.030102286955608,3.549070273785835,1.7773939881713876,467.3838670829611,0.1681095925114322,0.046767028312634074
82250,-6.018184706074754,-12.857367632814091,0.9970941935423928,1.158021367284875,467.3535494082111,0.4766610688110875,0.046769413622438624
82251,-3.177081960575955,-7.918943910352266,2.6040785768549286,0.9660778317010448,466.8097569551639,0.02049065582455878,0.046775462092064124
82252,-5.707370089974756,-7.845523085147058,1.7871906018044843,1.0005946123918397,466.98313171080235,0.61482522272222,0.04677823866765641
82253,-3.8021484645392443,-8.557311914766311,0.6766023632472975,1.0891218805698422,281.7682411129331,1.6298842433720937,0.0467818088091431
82254,-4.993950477906149,-11.635228015403872,1.1862393738871828,1.0426924494161445,468.1348134537115,0.849945968755903,0.046791530879472396
82255,-3.29929721151972,-7.986600363339866,3.8879538578040367,1.7507396428183892,437.3053567065429,0.35863426111031416,0.04679186258115806
82256,-7.950366224487391,-9.275323638149708,1.2171988117625367,0.6877545354833301,155.66813910895505,0.31946566067454274,0.046792621631371524
82257,-7.742941125859664,-9.614999931315607,0.6316734435754906,7.320749327582953,709.3750654069646,0.2949518343188835,0.04679861423646018
82258,-5.615853511263717,-8.322643712751448,0.7613354497761465,1.7670715924743203,418.60678060328917,0.4344447330160133,0.04681220213855249
82259,-7.370826732333345,-6.582786652506464,4.765957755367447,0.7008516140091425,432.3185402874858,0.3606615794669752,0.046821874469407616
82260,-3.367564563644283,-8.812537979653808,0.39789777345818095,1.4181322202901847,328.08722123153734,0.46032316957340935,0.04683144357786769
82261,-3.9042794875955806,-7.847611588918863,3.132969892151337,1.297039525259235,280.3133494380498,0.6216816471027089,0.04683524861926983
82262,-4.635132091939881,-7.825664694096854,2.691649376633567,0.8127023796034791,222.66810931138036,1.1322034844317663,0.046837461105554576
82263,-7.933138670870461,-8.92661213378688,2.0123327628914693,1.9880666722955695,387.1103845865416,0.23227061316371955,0.046846844169738645
82264,-3.9401798931716714,-7.896383353560534,2.506482485765756,1.0849407122618435,282.31498144378025,1.843897624520495,0.04684910338720373
82265,-4.865362771827506,-7.778243442810557,2.902793687040892,2.4294261536681305,448.7833778724696,1.6699045321126578,0.04685610925624649
82266,-8.219150192154746,-7.209043987571688,3.9626683479381963,2.411268246359929,444.9752313711014,1.3523786275295828,0.04685901507924021
82267,-4.690572264203258,-10.548083958765682,1.5535344440112817,0.9306357600241632,261.25112010157443,1.4254259935725182,0.046863083547496485
82268,-6.803095349408746,-8.815716662525578,3.953870005367972,1.7492329604677221,410.9693778149637,0.1551087543965819,0.046869899231884206
82269,-7.263783973719825,-6.161153108322887,0.9790292168246721,1.5004846065379713,353.817515943006,0.46971644623494146,0.046878651866467856
82270,-4.2618729594432985,-7.884788591550726,2.5348193096284617,0.8586474279378838,168.51225462722545,0.025996160067462526,0.04687946007341875
82271,-5.632328092016357,-10.385300191461468,1.7275493090602083,1.7528029698425986,413.4965780851112,0.5887642062686016,0.04688129967101499
82272,-2.976779219146338,-8.782231019955919,4.004997176846214,1.0417223572679202,282.61741393873075,1.0047717032475516,0.04688986354520301
82273,-7.616868779826256,-9.980551619048109,0.7033207118447915,1.8329514936493048,468.0555508157133,0.1444786975896699,0.046897530190399585
82274,-3.4909998140769227,-9.323391374143895,3.267303812228708,1.105710878393677,243.463447258346,0.08460817950441335,0.046902924056030686
82275,-3.7931002096374637,-11.194366576905308,1.2895291345671258,0.911781173633256,467.6211971909709,0.25152543138455563,0.04690320983824519
82276,-7.045411321369119,-7.877881847170178,4.801463113645672,2.8727816001383473,488.63590186779123,1.5252693921123255,0.046905010729323085
82277,-7.265326733171049,-10.857458036748227,0.8224080690574284,1.1521674946119702,294.9849662156827,0.4665190489118034,0.046908520437805135
82278,-5.365577827118911,-7.6705470508666265,3.1556757894854726,1.1579953403875143,468.27216693153184,0.24111205706558447,0.04691385178004273
82279,-4.555690136287427,-8.626426356539033,4.036660765111767,1.2723481238350827,186.0671863919368,0.29441909915979014,0.04693017229702191
82280,-6.674038298621594,-12.235301390495327,0.8832017358401172,1.2991653831108443,293.53640508340663,0.2771312801732835,0.0469386675999419
82281,-5.181558480036632,-8.525174589011776,0.6025912310545426,0.8600789560730204,467.6047032289666,0.4018382010983492,0.046954233679152815
82282,-7.003869638741318,-6.306767846806892,2.8892723973710863,1.6997799555112902,468.11376785609474,0.7386427267252129,0.04696046858744364
82283,-7.1674279169007775,-6.799869835404621,4.71710678060867,1.250906934083201,468.7703150205659,0.2569350484903561,0.04697467582970889
82284,-4.022038448463481,-10.231609054478106,1.912111264591855,0.9982093031433038,275.18997190864116,1.5796077672686977,0.04698277224290849
82285,-6.695787113833767,-8.01347324876888,4.803686772341221,1.2730705409187213,206.46599327118201,0.04360812549162407,0.04698358540288034
82286,-3.561481750541545,-8.44455769770178,0.8520269868952747,1.6693523492254254,391.7183489839995,0.3866199643689363,0.04698486763590934
82287,-2.403885652369281,-10.355829141612453,1.3188345919842794,2.8363998430028277,241.2097005197828,0.20711583668040578,0.04698515240601142
82288,-4.41863946480182,-7.828644979957875,3.4678324692757103,1.088914552250064,285.38384583081074,1.2106850470964003,0.04698579180570518
82289,-2.8730804032720325,-10.0696221743414,2.7816595403081306,1.0885378328622972,467.38260245366354,0.7587150643702829,0.04698760296420072
82290,-6.456418853509518,-10.238750395050317,0.11233748980686739,29.460018448735255,843.2877191192844,0.1345798739961479,0.04699034002702333
82291,-8.32260606032218,-5.8630273502766315,3.9890495053263226,0.9085499337601881,252.85626520570767,0.9501825735167939,0.046990650819494995
82292,-3.5844731247369035,-9.246969489378257,3.3616417114648773,0.9163538044287226,239.6354601307022,1.2261298957999838,0.046990732548977544
82293,-8.3664977793925,-6.211069848026227,0.4560730911107603,0.8036078851084022,232.0459142331022,1.119426083935676,0.04699352265457165
82294,-8.111682453798975,-5.979452497864424,4.34029251649304,1.6008908810293316,467.9587112297059,0.47944610692163003,0.046995038527195596
82295,-5.774316026389198,-7.920317060876753,4.541214042632402,0.6874752350764022,155.4479656086511,1.1160200516194267,0.04700509565846038
82296,-4.168828020681338,-8.78047092692064,3.880829142322823,1.8853869446997196,468.80340575114735,0.14631909266529508,0.04701979016992969
82297,-3.223794591792629,-9.444134823228705,3.1501379253507875,0.9542992208305306,265.8849416274411,1.4996449725708407,0.04702405489316957
82298,-4.646653152007345,-7.82646677400474,2.7001844017766077,1.778275059044952,253.7891232455328,0.06824283441334256,0.04702691761314367
82299,-6.767750640388966,-10.241096017760956,1.8924358478013683,0.8202573455884118,168.0150293541698,0.19419171093779664,0.04703049920337678
82300,-6.267191625455435,-10.58197373461606,1.4857727723931837,1.8656228268657111,468.34185711715236,0.2624623685616676,0.04704318891416966
82301,-6.157755037441647,-10.33688624521125,1.901902768192974,0.8197847648426742,467.47314746622385,0.13899728342784368,0.04705574953077256
82302,-7.055702826185061,-9.967578609947973,2.1672307996329203,0.5109323069486669,155.06325753821648,0.45696822603094933,0.047059815378813416
82303,-4.387927494659216,-12.577915919426998,1.0928554817993141,1.6566063149145214,331.3755126994222,0.16324921929865965,0.047059866399120985
82304,-5.768078153011009,-7.74774996126717,4.342738897805797,1.015046902107358,467.7379542749472,0.8012763483920047,0.047064636534314794
82305,-5.036921930471224,-7.746624892195503,2.92368339273516,0.9112658989765449,215.8461376447074,0.2361290476739173,0.0470697166150766
82306,-2.8637257854470803,-9.583868949106378,3.3750058368050606,1.787896968254464,426.05774507180917,0.11780573171111808,0.04707850977171268
82307,-6.813471885130972,-10.582160250995287,1.3487903002505568,1.5076032826303627,344.7655575273439,0.8066118949242664,0.04708652918700568
82308,-6.204111643557313,-7.99006041232172,4.743941675364428,0.9139175564065152,441.85878884913916,0.13624883396522414,0.04708783921599565
82309,-3.0740986101789503,-10.269007429292056,1.88618081469359,1.045057907125114,245.28449371667796,0.2656891130038703,0.04709600960011702
82310,-5.203646767078113,-8.414846538904287,4.289922180797406,0.9545183518860474,468.1078543391448,0.5571831481630118,0.047097134313944085
82311,-5.685213840997218,-8.303191299356143,0.7740661679256283,1.3945259053466412,317.9598004411859,0.9192374111672823,0.047101614940733
82312,-8.132584364902335,-7.876659667909618,3.3670092251761337,2.621862863826644,469.40241221103634,2.4493591652251636,0.0471030027175067
82313,-4.699977457739843,-12.435081541675247,1.0993811587994047,1.1592594265827338,467.06186739268543,0.402664980714996,0.04710498538815881
82314,-7.267415713833112,-10.396453888490795,1.1643059358101606,1.0763113260297943,467.281741264229,0.7601002121300002,0.04710706099318906
82315,-6.888919175486583,-11.245147308350067,1.0209929075474475,3.12266432035857,505.60357524253925,1.0169971697291142,0.047126644882750444
82316,-5.350729716804448,-8.342002452374942,4.36430185984457,1.1749559936250342,298.6221663851123,0.775677726812841,0.04712936974805183
82317,-2.3464058631177354,-12.045888880412312,1.1423770713155472,1.7768155565771007,420.8310508029108,0.3416335638208414,0.0471302494509756
82318,-8.646723919268197,-6.166716205907497,3.2332930378065448,1.7309502730939121,409.15338290695405,0.8150982078786315,0.047130360799650266
82319,-5.645821014667748,-10.09187007380928,2.453504852857501,1.4402668294183931,325.7298572299895,0.7241101244327233,0.047138911093936586
82320,-5.828296189067182,-11.974776616306958,1.1014728751534042,0.9278077982003371,230.26182603764423,0.7743256471922022,0.047144038823026875
82321,-2.672062046979489,-10.184764665287656,0.07148782955782935,1.1009109786089173,287.18545311377784,1.0597044650990384,0.047151398513265726
82322,-7.335116191396395,-5.0253333022854605,1.1492586625328998,1.390479265474439,325.72946050593885,1.3996702542769022,0.04715566327861597
82323,-4.869876814689189,-7.9594882895377195,1.942022580722366,1.580238469595878,367.4510012145054,0.6601376844065454,0.047156268776379094
82324,-4.832059801379225,-8.394864072967142,4.224905155790046,1.1834310180309773,129.28365817493636,0.3511014988592951,0.04716361092219704
82325,-5.080934296232332,-9.192233908812451,3.513557940161459,1.51955508114781,347.8120458794419,0.04509683217850213,0.047165885730374196
82326,-4.579962268074322,-8.875884377580626,3.8139856113365918,1.7748073982875774,467.73218516973105,0.38522254023935343,0.04718182974320307
82327,-7.97174864610446,-9.300666685964213,1.0403591581814202,0.9492575502921762,168.8175604408666,0.14149838268224801,0.04719760610900328
82328,-5.471518955906264,-8.474045052045557,4.304166182385656,1.4048988787406773,307.4127170105382,0.15024717084702477,0.047198291254151516
82329,-5.679923819289041,-8.115176871562888,1.1368784358210324,0.6426248884600362,199.7191818193268,1.3509194198165444,0.04720266182262947
82330,-8.02546655794934,-5.748549111688395,4.3859697440526935,1.75364194138839,468.15315304923087,0.11129701377983547,0.047208832335200145
82331,-7.790161821632148,-5.6886788889060975,4.498402691931464,1.8766441077268345,469.84588299830006,0.12366311917987183,0.04721301692103357
82332,-3.3307157451948646,-8.586764391105515,4.007567843744032,1.9849549327462346,375.6519797159097,0.5065714777273351,0.047216507070851926
82333,-4.366194325907586,-7.836579765842013,3.3766500234929873,1.1343874027767342,291.1004750689504,1.1959753056100046,0.04722232086201018
82334,-5.00120111555252,-8.574823069309023,4.1355202397404485,3.956444892606475,558.7097197827663,0.5170710018441484,0.04725314775153485
82335,-3.522636195750782,-9.007395580411043,3.6129462631395306,1.2944610507214966,284.83331262342796,0.8472797434927264,0.04726367034924993
82336,-5.78725515907913,-7.674724249502781,2.2384351956376047,1.0443740106782389,468.07073204970453,0.7141155924353066,0.04726590607401237
82337,-3.1989038919596204,-12.525805621488335,1.1104045205178568,1.6739051085668728,362.96787207451143,1.3771892348270693,0.04726599590762536
82338,-3.612848984852759,-7.870522902610676,3.3744803020405607,1.0153426874600513,132.90906934865413,0.30891178027024413,0.04726669971198652
82339,-7.0342447108074,-9.995611191498897,2.1445288515012058,0.953387540265964,467.1843210201385,0.6183933717325933,0.04727139005422388
82340,-4.714065816006462,-9.009779569052032,3.6753507933892458,2.559489439755864,450.4588806941172,0.7483680532499699,0.04727471496077328
82341,-3.2092040261625963,-8.76093176821414,3.887683102386714,1.7816993694909493,421.7883292976422,0.5643237873673197,0.04728535583524959
82342,-6.153095858354849,-7.681462422872394,1.7603103065180026,1.3604712088442938,468.93001027981217,0.8697817489926942,0.047286225736852816
82343,-2.7861976992491924,-8.681935323165579,3.80710329943299,0.9148905805065322,259.25173654002464,0.3571147586319414,0.04729768083433882
82344,-5.003144043385465,-8.065912518465414,4.259717559391794,0.9660747099131297,256.72145413662525,1.404458805500032,0.04729818165291181
82345,-5.507429715871229,-8.146847573966461,4.464015298041929,1.6304382632781014,415.7517374234974,0.04926458307833492,0.047310885583371834
82346,-2.358095667777339,-11.346930818966616,1.0250413350150507,1.094426123745266,467.11219301489075,0.7639495799045575,0.04731920474224008
82347,-7.710056976818551,-9.3255429785063,1.8657211461154626,1.0714686635931692,281.96268116983344,1.524973784031599,0.04732519580900935
82348,-6.620157085386692,-7.248769768029033,1.925609163332567,1.8170669458029658,467.00711070958783,0.08918138069570336,0.04732639783242383
82349,-4.37988748353762,-8.331355407172396,4.189993981430792,0.9508425797064344,252.34868544031661,0.7518459156351787,0.04733835276127233
82350,-6.668954400504516,-12.781252113429188,0.8074775770916648,0.874614289126439,171.76810465853794,0.06837091128790185,0.04733954375228993
82351,-7.18130898031939,-11.114305695434439,0.5979456571223748,1.0528280541380346,285.0062972251209,1.1287957704936415,0.04734852054561434
82352,-8.70759962117218,-5.678173328288931,2.980850367769352,0.8431417983828426,169.77196554418072,0.6712087529508812,0.04734870043196394
82353,-7.138871950770106,-9.786041236686165,2.338731880742212,0.7119910250334927,137.27577819225723,0.23918366796934531,0.047350947096042734
82354,-3.713892553311421,-10.513535802270118,1.5671499600624659,1.139128476893215,282.7754742638214,1.294527955424706,0.04735442995055673
82355,-5.255557545801126,-9.252462208292123,0.09454691913553076,0.9086971494644073,417.7087381244916,0.2604832560533046,0.04736373575915982
82356,-5.38974847628728,-8.966437850239316,3.8010634163796815,0.8997701519862749,467.77914751710927,0.6664860478939492,0.047364531447015946
82357,-3.550206906101863,-7.959789866461944,2.244324188888591,1.14745866925256,293.2228790450242,0.8700173482013733,0.047366016990027286
82358,-2.425614248253546,-11.318046766105574,2.0576436570532537,0.7135094885772486,467.37692712012097,0.349604943276411,0.04737288413470534
82359,-6.685613485691148,-7.248513158129705,4.576614844068145,1.0297558186150053,271.99702515661795,1.4716620777996754,0.047378644008064894
82360,-4.357731730834951,-8.029171855616022,4.0752884637978894,1.782966056000006,470.1349122006278,0.12241946201681042,0.047381146007285276
82361,-3.9153876336393036,-8.349942092304055,1.0291924031569735,1.862255455520316,448.2156213908915,0.4998598603064375,0.04738392946995554
82362,-6.968907121536116,-10.242525859576826,1.5485597314112425,0.9281342939541251,466.72143500924847,0.6910256288356171,0.04738605071885002
82363,-4.201162845700185,-7.945082705443195,3.8650510438106744,1.0268097620922962,275.04203742887,0.6699512173268731,0.04738763818111163
82364,-6.734427573816089,-10.141414748467863,2.2274174452043933,1.870479038131684,467.5555277834446,0.09863317211016565,0.04738881495572691
82365,-7.303218462492297,-7.313323000024753,4.92490029196683,1.8369832166957247,439.6040839483457,0.10045581678512594,0.04739930062788902
82366,-5.970202429369693,-8.652513924161754,0.33385901390027256,1.032505503409977,272.0715345604108,0.7847974853810333,0.047405734573931796
82367,-5.218717890179268,-12.371639310677548,1.091999823569703,1.369937315170607,325.28391482893437,1.5172454582255623,0.047409787246659243
82368,-7.338515364780472,-6.970472447179595,0.5782126947556124,1.1566855341488496,356.70039529568487,0.3404672292955073,0.04741357664459742
82369,-4.045030136416043,-10.2019451842751,1.9877914411922724,1.2772224317697165,316.56371280590804,0.30804725133689725,0.04741886163090719
82370,-4.94436517665524,-11.71935902558901,1.1687446442425244,2.0058501123558137,401.17348874355395,1.312145507983172,0.0474270821322863
82371,-6.833794059585271,-7.052848360054279,4.5049981761506,1.118098612636535,267.759675629673,0.7848654900291088,0.0474277478548471
82372,-8.592036176146527,-6.105006127762748,3.393084733462025,0.7857840165731202,234.23762400537868,0.6381945383249281,0.04742944277576111
82373,-6.160671106443176,-8.296316381401851,0.6013992036772452,1.6703810646653492,392.88603741036087,0.9122322829672571,0.04743660632393906
82374,-3.9231294913137047,-9.048144078589015,0.22897171226529844,1.0387973900783185,152.302480428588,0.22613115302840026,0.047447116994141135
82375,-4.943453349528584,-7.981861119019041,1.8342924488927348,0.7201653883413187,131.77310229325542,0.06931254711923707,0.04744793263071337
82376,-7.605051743996407,-7.472902842272376,4.671329101256184,0.92783317600777,191.8319813703122,0.9569792306298188,0.04744829950926691
82377,-8.701239192642042,-6.601548281822022,2.9902779106001987,0.8692144328598091,467.93483574120074,0.757134989670277,0.04745076988044138
82378,-6.362699293488796,-10.679425323419228,1.4115056439481672,0.8610507762218748,167.73607315071945,0.07395342676893879,0.047451692346991446
82379,-5.6271108179625875,-12.228026299946304,1.0872929136060399,1.0705159699553828,280.96264275462033,1.5043561921821071,0.04746037838501812
82380,-8.569361232336513,-6.204616984349973,3.461382945658466,1.2067504404430769,468.8976331233162,0.7750350426464978,0.04746483697172723
82381,-8.778357581454559,-7.127860890053131,2.0104234849526357,2.581200093530443,465.2908543218792,2.2420587523858417,0.047467926267952355
82382,-4.991408828534629,-7.762719980853612,3.43036987632922,1.8492819524051496,457.5025326466777,0.6211284927926011,0.04748749005564815
82383,-4.519862035443671,-8.558071018501934,4.088805007246673,1.1404534463763265,279.1193593380569,0.6950046244720154,0.04748914341091045
82384,-4.335397464813333,-9.32050793179693,3.2949414300806197,0.931188084472775,388.60806802164547,0.3956964102355789,0.04749999177807467
82385,-4.89701673464028,-12.268828671792743,1.1075114580899297,1.2823160201290942,313.936130227405,0.5323592005340014,0.04751197150848987
82386,-6.955538426205473,-10.366704672682248,0.2824008272317826,1.3246771053188635,468.34953480027406,0.5100031612866518,0.04751812953277846
82387,-5.293790300916729,-10.124331879535552,2.353333819614873,1.8756296889024058,457.2987111935744,0.05055403166993511,0.04752788369635731
82388,-7.482398602415594,-9.741919141253948,1.5798221155890784,1.0833386633654716,468.3255040481322,0.5079043723093912,0.04752819325633469
82389,-2.8193493364354163,-8.270733399061362,2.32088412595942,1.0361570952388788,267.1632066728757,0.16308003462602993,0.04752900731097085
82390,-3.2416652914980615,-8.334226866474713,4.119994679016447,4.03879043906342,571.4862636826757,0.9946168797139938,0.04753028524774384
82391,-4.66095754622728,-10.19645923426188,2.05154865531607,2.5354306177026467,455.74769342509984,1.224408912817215,0.047541197109972524
82392,-3.313976133744225,-8.64797165232558,3.9506194864117656,1.6252468231215438,468.6737698363309,0.3936772689264183,0.04754934017942227
82393,-7.243835366448149,-6.59673750826636,4.622752954353779,7.326144151766694,717.637296840254,0.3487089315518608,0.0475536792408349
82394,-4.179806709363096,-12.394992154705673,1.1056415698408548,1.644076104397215,383.2043542213673,0.8851833727742688,0.047558969487385694
82395,-7.816469797202936,-7.799252300033414,4.088383408894126,0.9789796687502731,220.4893980179844,0.045293311207677434,0.047560223744539984
82396,-4.345221232467069,-8.339700275039489,1.0054693758390374,1.8710248174305135,469.81117036531424,0.08442116498855956,0.04758049734041985
82397,-5.721056639822043,-7.84837611191205,1.7838933181967285,1.3128538892145452,292.8454904362729,0.26762711558875374,0.04758777636257049
82398,-8.547643093599511,-6.574650645099132,3.4965707836979876,1.827421093657042,436.50487018734924,0.14372970552276154,0.047592510650412534
82399,-8.818762730451326,-6.811680722436061,1.6217223868495623,1.1034805719254743,468.06994107518733,0.8751513537375635,0.04759361765402266
82400,-5.603246012083363,-8.706858002354952,4.114850172461963,1.1075655695320485,467.3326051541555,0.2734233430261481,0.047604161523070544
82401,-8.713991804589563,-7.309172926021776,0.9116260075993339,0.6317161774785642,178.77247100421957,0.8433879548536067,0.047605085544243274
82402,-3.924557759173892,-9.73028828041327,2.772534677752006,0.9271795341218869,228.97558676508325,0.5301677636798887,0.047610738144764166
82403,-7.100791481895671,-11.28883990783582,0.7365114100013848,1.8937979568184131,469.4376524852611,0.13627193473711952,0.04761132233840598
82404,-3.393262182835887,-10.34727259275635,1.6979239959888308,0.883046063126038,205.21456832435325,0.2849032349548457,0.04761418859437686
82405,-3.034471115937306,-8.196365166424872,1.6376762317630205,1.1498997156802138,296.0892625065151,1.3286090633547127,0.047615387829439325
82406,-8.843921749563084,-5.1366101123532,2.1432724298776797,0.9805777461182055,203.64608203619545,0.019432602534635635,0.047625628203738515
82407,-8.835887021858694,-6.541996647066255,1.826496181928913,1.3048395214943773,467.9696317931696,0.6040639860584944,0.047631016447455904
82408,-6.8722410493813815,-11.659799010009387,0.8874775195418687,0.8692772062888392,171.15366238432085,0.04908998329423664,0.04763901691910369
82409,-3.469970576186001,-8.181263616061175,4.097174828202698,1.132199637968295,467.39840393159517,0.661702982894135,0.047643658427078565
82410,-3.1166531760198612,-7.998435288266553,3.661393949942925,0.8878973206369999,243.40527261887803,0.8266969862584927,0.04765402906856334
82411,-4.896440728095697,-7.769533595316915,3.3755316398625967,2.005665356070507,399.3768460162261,1.1256313495661354,0.047657788442713615
82412,-5.66831112311752,-7.624994818609108,3.8421784623126487,1.7383016157712134,364.1495470436921,0.4679666861725069,0.04766424433106396
82413,-3.983874209449181,-12.583370015631823,1.090488985018983,1.1437413919934278,468.6294476169934,0.7675525617503505,0.04766453686474823
82414,-7.445597964219823,-5.554932093443367,4.180666166487314,1.2711867698313437,310.1506929787395,0.4720607183630685,0.047667681306973075
82415,-4.03836726854117,-11.485121584897396,1.2157339264214302,0.8075956137657904,153.7196328549045,0.21677376711393403,0.04767714377834491
82416,-2.760375539955308,-8.427975553335468,1.5528542720937033,1.2036317326438926,300.9527089302826,0.8374945868760744,0.047679433048365215
82417,-6.313959829566178,-10.268591744615708,2.1604585905280316,2.561296952005881,441.64581261648794,0.2275761018859095,0.047680862232731394
82418,-7.647398304243885,-5.3970006427769945,4.348923520544367,0.6689325759890266,467.6352730480123,0.47000392815227165,0.047681432253661886
82419,-8.783914548186381,-6.665532131946667,2.5570845304780794,1.8431750643371712,467.71736711667063,0.8932960506068355,0.04768580772118053
82420,-5.444588595466786,-7.798533525580191,2.1596454248126262,0.9648259637277102,255.67347856253133,0.2462916910127655,0.04769097960296423
82421,-5.68342580541349,-10.83090907569737,1.3926489486722096,1.2388761896241698,310.6328448976039,0.45459192228205847,0.04770126757626187
82422,-4.159554997330433,-10.611937247482716,1.5074609679786488,1.99913244266068,215.47994816730804,0.18656249068401376,0.047708519901230706
82423,-3.6114402502618725,-9.10921973547434,3.501321966536998,0.8571451320323658,236.3328146217453,1.1136428482784213,0.04771046356687121
82424,-2.494415180823802,-9.780920591926822,0.730601553569201,0.8788951488935305,223.67454169766035,0.7837804167668869,0.04771338819186967
82425,-6.490535660288054,-9.939887002705055,2.636459210051731,0.8329171665491176,132.45956551639125,0.28389723540704814,0.04772555641400947
82426,-4.875255533613524,-7.923652925394049,4.0624311632843995,0.9560477472046446,467.8592518420478,0.4751683086254612,0.04772660343699604
82427,-8.843488335324725,-5.828451463739474,2.273388879416688,0.7915960038673373,469.9504691739674,0.22190893404885959,0.047732565608194784
82428,-3.2849987585193805,-10.12895652389034,2.1284684923426695,1.8528062796071691,443.85748854123824,0.2974857825992592,0.04773263910342954
82429,-4.520212935578777,-10.177086023372663,2.09153416918779,0.8696683247605503,440.24290390134865,0.1822774081276366,0.047734483292900434
82430,-5.014029915339989,-9.554118719883535,3.065973870954964,2.586580713177746,465.40723672868484,2.1298348520790933,0.04773947928598658
82431,-4.987362167200886,-7.75490517987326,3.283598583341663,0.5694559236229448,161.09859851214853,0.5636589769087506,0.047750818766118454
82432,-7.436684480912584,-5.226158354280296,0.664470236117027,0.848345748364771,175.25921663274798,0.7983983407214259,0.04775431621085155
82433,-4.511382306700556,-8.797933771942587,3.8678351128952353,1.1617415139950786,253.82456683794794,0.26821976516528867,0.04775646196418723
82434,-8.347250702869905,-5.753507029134798,3.9159269018513023,1.8751429992924504,468.0603234910722,0.1466464221614947,0.047763413935758
82435,-8.78874653253223,-5.580918881233078,0.8371608576813133,2.065619723386336,406.42648959048915,1.0603087433347058,0.04776774305905748
82436,-8.378606324881444,-6.6397579787112075,3.8967514314462393,0.8690225542765788,226.64041401924968,0.7610398925950799,0.04778961698489863
82437,-3.434027891178407,-9.146279045568397,3.454706627024099,1.1220602208511408,288.49643385943193,1.3880247581210048,0.04780628836296451
82438,-5.544516795200787,-7.689171438749855,2.5548495580782817,0.9471652776576515,264.85086052733317,0.6090643164160516,0.04780770732693401
82439,-2.3697139208650135,-12.141492860701039,0.8404762974893567,1.0369413081743453,301.79564776555264,0.5870036238143799,0.04781759277849225
82440,-3.2807606448872217,-7.912726667557967,2.61191351884569,0.9562528844647042,214.6194655803537,0.3113383224526922,0.047818811147299335
82441,-7.9105112295093925,-8.893420729495562,2.134124720751926,2.405255374824267,437.8570376852477,0.8274452937540007,0.04782256838100424
82442,-5.019044824281945,-10.698639320914875,1.463761212999447,2.6681955350645317,471.49253963641786,1.6221597274245303,0.04782580816270656
82443,-5.760998505350735,-7.608319244856398,3.9081630240290814,1.6372792545331472,351.39120847570814,0.9843059473906521,0.04783104140846459
82444,-2.5334230671623317,-10.988712504108172,2.5362086631435035,1.361759731001466,325.485924954705,0.44054831676180495,0.047833047617484574
82445,-7.193208130265216,-5.6292874359420235,2.181677505248027,2.4320089555519067,442.18803066292827,0.4665803115424021,0.04783660178680712
82446,-6.18343179248954,-8.160475102672617,0.7575149765670581,0.9548909515437646,261.76750831553335,0.9123201089161963,0.047859158928008606
82447,-6.423305351754783,-8.411414520948384,0.40334816569164356,1.1597547305179232,297.84893401273166,1.783973258312062,0.047862983109116235
82448,-3.279177683980511,-8.450851232729482,4.079829556060592,0.6477139765182718,134.07639653825981,0.46045930604157537,0.047870240225466085
82449,-4.07429905940356,-9.947771008419158,2.488492387711679,1.4291453567629828,468.37348000842553,0.6221968728381766,0.047872333945607234
82450,-7.005517443185671,-6.317113609053038,2.794468720253127,0.47472226607859586,104.12616685481207,0.20094345670230407,0.04788601836051122
82451,-7.450439726657867,-5.669031068753901,0.5913942994249136,1.9023107302490239,459.6008988709322,0.40292957769258475,0.047890199856557965
82452,-5.839396934579818,-7.814292715709372,1.773205132322295,1.0057862534332496,273.9752097084894,1.7275937079390893,0.04789297303811436
82453,-3.7925921150080564,-7.863293309592225,3.1987953399066162,1.2151898578192308,303.41891729136523,1.5020223689233312,0.04789365535440366
82454,-7.434718861031111,-5.954766743461995,0.591193570671638,1.3048233893786958,284.3888662754798,0.19537174489054898,0.047898533085269035
82455,-8.561032603492105,-5.261801024583049,3.37128506166657,1.0826755868881894,284.56353574863965,1.0990145869100623,0.047904593271900685
82456,-7.0611904481026055,-10.144225009647444,1.6017426173831955,1.5706557061204451,180.29847391877564,0.2532626619797256,0.04791219028794809
82457,-7.936949773820586,-9.0096728012639,1.7943365176206603,1.0070788164874012,468.02124591867505,0.81018061739264,0.04791267076367408
82458,-4.2674963836762005,-8.986170615527367,3.6649542759251847,1.197719609751508,296.39803836469,1.2252503196788602,0.047916873967427956
82459,-3.8547053247557734,-12.132212634715712,1.1264544329854378,1.0322486618142215,280.2776227530764,1.3525787221919563,0.04792636843007921
82460,-6.687377359072281,-7.336492944730722,4.680550941369452,0.8988954389292769,468.2962563128124,0.22256147340492483,0.04793388197360159
82461,-3.6614878325585076,-8.173419958171223,4.0917298799254365,1.1868352521491052,285.2239513363917,0.1572258894831169,0.04793716191368284
82462,-6.870391585660403,-8.381403402052864,0.3107954584534989,1.0790018279820226,280.4047829640392,1.8373358913381113,0.04793758555249071
82463,-3.2729147973085038,-8.574998402793074,4.0011830496796525,1.2143162069792968,305.9184426367674,0.7413147249192864,0.04794133826212855
82464,-3.7817253010301046,-9.374001927589067,3.197174996665218,2.189242341188111,420.669671868777,1.2368509844098803,0.04794520987464357
82465,-4.502664372845219,-9.804690472957393,2.7007129919444677,1.8171245746671827,443.6020733604101,0.5787092004234546,0.047948774841379264
82466,-3.5325956839154173,-8.730906386576741,3.8748900407317155,1.7304649059973305,407.73945557337345,0.04231270890619587,0.04795909801335813
82467,-6.509348569446296,-7.251858693746665,4.245958727318158,1.1227750778771524,468.0954616545872,0.7281207038207329,0.04796293773134948
82468,-4.937375791428224,-7.764713012033403,3.23163714828642,1.238801800776592,470.4800574135366,0.048835568456364165,0.04796386095561572
82469,-4.63285647914466,-9.699276009537588,0.009360668227972938,2.4485940400214354,400.52026085328043,0.1291766318641434,0.04796509615377629
82470,-6.572830961491658,-7.0749589714729195,2.702610102247526,1.783598686040258,424.94069706115334,0.006675690385167243,0.04796630097622578
82471,-8.547268703776517,-5.036369146935118,3.3821397012846837,1.4159690737013355,310.690370772198,0.3948363627831686,0.04796733097814227
82472,-7.2648604983754534,-8.033366277751293,0.3610331853853743,0.5194651743572896,136.72337296158585,0.3636380390375882,0.04796962886842256
82473,-8.371516786838793,-5.252008232339681,3.786705832186581,3.5826156965352127,532.2881379896495,0.422234337088363,0.04798188660237913
82474,-4.036779096611093,-9.995060178754976,2.4158183955114665,1.3460887075317909,459.1188778118016,0.14781224766750345,0.04799091607822922
82475,-6.793906012376998,-7.064275744317794,1.864750828184136,1.5949428037163744,352.3740739925429,1.363765904970463,0.04800374446628808
82476,-5.785498473320009,-8.038335105546683,1.2596341457138118,1.7943641395142071,468.1596332703519,0.2848664135602288,0.048026782368576826
82477,-6.525994561268295,-7.9558098140520634,4.81668971645793,1.585478247971746,468.7583516277719,0.08188402530948391,0.04803009150894505
82478,-4.277069784883648,-10.355550870625274,1.6994726633504824,0.7359972460905984,467.6088781930669,0.2713144332821624,0.04803961396825454
82479,-4.925205906432177,-12.496148178906893,1.0853769573399572,0.6938446883499755,167.8119638072761,0.033198462694292274,0.048046097678257814
82480,-6.2806397851938485,-7.314794280618605,2.7895263051845105,1.062378636029643,245.63514305063885,0.02524720520906687,0.04805162834875748
82481,-2.955818210309423,-8.093333689723277,2.886963037439456,0.5163682709936928,114.95264184213354,0.8337463647465837,0.04806412461596433
82482,-5.270642462064849,-9.703044073093366,2.903178326344658,1.3984256846873848,308.6171294379907,0.0554418165559456,0.04807384420059365
82483,-3.3764992800842233,-8.608312935749623,0.6285565973602747,1.5491855437049746,359.1816872875541,0.29171976982825765,0.048084704433166356
82484,-5.923432559507585,-9.13721442154333,3.663953951003028,1.5265596557716083,468.6307393035801,0.14848629592660156,0.04809254997816672
82485,-3.8771974674150576,-10.072642280539199,2.2645656718879428,0.5890976749060424,123.70777506409833,0.13717252763440246,0.04810059465971701
82486,-5.975428887821092,-10.565665191481934,1.5150542803098361,0.5920335720811118,149.79929811074047,0.18433454296294283,0.04811078168964729
82487,-6.6229521492784444,-7.154069637168123,4.245334552288929,1.518674047074181,378.08601664498434,0.6093827088369315,0.04811114099308474
82488,-6.1069924275693594,-9.177532816295013,3.627765645877238,1.263285652616853,469.16405540024186,0.5966806176290413,0.04811115690314215
82489,-7.66316025053702,-7.449877512710411,4.618245428642071,2.5017902319007157,453.84973420227084,1.3903086292018267,0.048116973979948144
82490,-7.478149529429517,-5.037401619191861,3.9797809792000773,1.6030459374307269,347.9519159688307,0.9633792797461087,0.048117004237357354
82491,-7.949751174495027,-7.109764185590189,4.471495849034472,1.72349688770662,405.8443545192407,0.17246625070889188,0.04811890609929487
82492,-5.34587744350288,-7.725489060309456,3.7626076807759206,1.7563925998510064,416.2034420983276,0.16773543520452971,0.048120611352010255
82493,-6.724920192786337,-6.848577218635441,3.121955736766943,1.1225429308708335,281.28030368321424,1.4059807319946707,0.0481276003811115
82494,-4.518059901106305,-11.523610273862435,1.2038610009631454,1.0094367652539027,140.95668539777594,0.2913583416798424,0.04813260777715719
82495,-7.676643210181095,-8.983410624350139,0.49639623492257956,1.0911200437319597,283.88527615796295,1.1280171426326016,0.04813481600086117
82496,-7.466931548494454,-6.18123946182248,4.580992501154648,1.1738114290367483,295.1444568992523,0.6608524565750606,0.048141696172921467
82497,-7.550502283215561,-8.032944079084821,4.199960892036156,1.0303240275392764,269.41521892196374,1.3337300319456515,0.048142906853752214
82498,-3.2486759119745567,-12.967542214122885,1.0683288548689427,1.1869769048731627,305.7770550303949,0.6181850176458905,0.0481485635097001
82499,-2.706023324881505,-8.500316193744943,1.3770618499277596,1.1290397408064685,467.64453643801863,0.5585350084086311,0.04815868868708511
82500,-8.469647423087078,-5.233714063708662,3.575292742745823,1.756131716310397,415.35613172188073,0.22519711758900396,0.048163255323834794
82501,-8.640162445025606,-7.131672580930955,2.8661897344158866,1.223885302751233,283.5610487944498,0.7944730515551965,0.048168756209327826
82502,-8.76253470288847,-5.2884698079729136,2.7075163810470237,1.088643520738462,397.3122771399214,0.9497861694979699,0.04817092238162442
82503,-6.3808256228971505,-8.962805219720439,3.8795596710475007,0.791789662627946,333.2694490334767,0.18311858439856454,0.04817502907645688
82504,-4.527807418313454,-12.217920703247524,1.1141570490079127,0.990831723381767,273.7153982655332,1.6451250681099294,0.048178209257365365
82505,-8.252381242076215,-7.039401680486154,3.9955210760067446,1.6786149070175191,408.039809099948,0.2979800613393673,0.04818662636428677
82506,-8.118504740448287,-5.22906310792499,4.163694787627969,1.9040540612964987,392.69277993443126,1.5682999126313755,0.04818911734177557
82507,-6.691618316258133,-10.182223768314179,2.1666245278012086,1.210193498515237,253.74435478983278,0.6229189482237567,0.048189714209121104
82508,-5.12765460651368,-10.944889022833213,1.359533216832018,1.7944711627015444,427.4111257226187,0.17238944643867438,0.04819024446914239
82509,-8.738088627711058,-6.246392204153552,0.7840149414346804,0.9674461812102477,467.2885351788009,0.6035130046263841,0.048190357646548256
82510,-4.215932288399916,-10.1641865388059,2.069631052303362,2.471912013021106,455.2418537255051,2.366727159485742,0.0481955331482801
82511,-2.640824577914427,-10.768276788400314,2.634540333103771,6.33470751754391,329.8966900615128,0.28151603584831086,0.04819605288226819
82512,-5.889265374399529,-12.906255098343172,0.9995660411827202,3.9148076662113374,239.6152913008906,0.3096090822826554,0.04819820685368416
82513,-3.035266096484202,-10.076913285012477,2.443698633169794,0.8815920999530266,194.9185631085213,1.0024603760360238,0.048204956352765505
82514,-7.014088770983237,-8.506684858145142,4.187244913545211,0.6615697941843508,135.02408576217005,0.2561571969303058,0.04821118196338873
82515,-6.367096005712962,-8.483875036185506,0.37047545910604723,1.0059937704477817,457.6529555377003,0.6688426676901429,0.04821175214284512
82516,-5.0145919395825995,-7.826299457000787,3.8411315997266935,0.9210554866121834,468.10190003515805,0.3265264548151334,0.04821561661308237
82517,-5.83694597680123,-9.953126250262937,2.6407850107261366,1.1712006000378694,468.5753251764126,0.4912427678916531,0.04822201488576639
82518,-7.3045186670313935,-7.24482196134509,4.920589471857312,0.897294556260465,223.68751123883757,1.2454865650129205,0.048227574058890874
82519,-6.70881658807712,-7.350896511912926,1.551912084842337,0.8576644885561998,467.8095286577306,0.5456620054791257,0.0482293541274191
82520,-2.7327641254041453,-11.789633569669846,1.299031543295985,0.9823845554634956,263.2884557707079,0.7022720354239356,0.04822983672387203
82521,-7.840201869843832,-5.710560618842308,4.479370649309859,1.7815437902211861,423.85666657817677,0.5717278263630439,0.04823103178905522
82522,-8.621893749655971,-5.874248161620365,3.270295063789594,0.9121303869318821,180.00660418381574,0.1277790183931069,0.048233397471950025
82523,-8.837579243036672,-5.293554053829626,2.2641098223710654,1.1037026825295702,131.56625164145333,0.340527967524455,0.048245445835542695
82524,-3.096306551424675,-10.482103999249459,1.599396535234983,1.3435032987546476,295.97867365538735,0.6546625884054604,0.04825371429224636
82525,-5.6566432312887045,-8.13479704758262,4.504397252108694,1.150841666882874,296.31028553786393,0.9163124258597,0.04826476322775882
82526,-7.022315325123504,-7.272054947309855,4.876504948827566,8.874784910705642,651.6114263035148,0.12461360850186498,0.04827121445277363
82527,-2.4029789964957846,-12.765191997154963,1.906731537823757,0.7768150233371792,467.26578975398604,0.2036405624319242,0.048272469983388695
82528,-3.4597669844219636,-11.08341918352324,1.3129252278499315,1.8269274466451855,436.74367237181065,0.18036966915565955,0.04827337181596695
82529,-8.037024821091,-8.290793815657949,2.9022922217662974,1.1070954414285712,285.18923740895895,1.670548424257598,0.048273598193227386
82530,-6.412372720214497,-7.2305028171929235,3.8804655716698666,2.602957337977377,435.3430524746207,0.37713733040855324,0.048273810673587374
82531,-4.025083047706528,-8.925483456248639,3.7111517319481244,1.7770985117113196,420.5629330807292,0.39228905119021285,0.04828646368981326
82532,-4.272340997205411,-8.624595181466585,0.5816844166750991,0.956196631030461,210.40952302170226,0.24782967408448275,0.04829274394058932
82533,-5.829281916907279,-9.802430982967884,0.033184556869629976,1.3479756080921614,316.8102205103438,1.3919728638205209,0.048295070549613725
82534,-6.49808557568581,-7.512940332513058,4.687011226653297,1.8600730978509807,453.4003907604979,0.5033519384109963,0.048297039205186375
82535,-2.384194162293186,-12.933774991608004,1.8219941924997174,1.79779886208176,463.5116205032089,0.2792372024790515,0.048299189231332584
82536,-5.050180183395968,-10.144824017231576,2.2288571513427105,0.9292369912765158,249.00881190660124,1.1060990472818544,0.04830556883982189
82537,-6.001812350049154,-7.568519612970809,2.3303603614806043,1.109685593740683,467.9523101900556,0.81988212639415,0.04831746006185876
82538,-3.7005152981654117,-10.096548195760613,2.1942434749336632,0.8909651996316701,467.51971842394096,0.44198645802867276,0.04833216187893973
82539,-3.4715854833857493,-10.027206951613802,2.33511412333159,3.7755830157832952,544.5839358505291,0.4932178015696831,0.04833233668319965
82540,-4.759698867263157,-8.471607871309875,4.161397994683252,0.9924644374791881,260.3696920876785,0.18070279762546804,0.048357009413132375
82541,-5.239739046357698,-9.271183731235247,3.416341634358722,1.4285226095372743,468.9072801728161,0.6298296479431134,0.04835713476045039
82542,-3.112561369862883,-9.055539198008704,3.639296173354894,4.031354117995177,569.4484861795368,0.8396053903089937,0.04835933455373337
82543,-2.872501611888815,-12.909546227365588,1.1283285212627228,1.8337746447679364,467.52538363658556,0.5977592023047853,0.04836177047468784
82544,-6.811990886344722,-10.421576090858512,1.4496924095671158,1.0312160408099142,233.136519295002,0.23890394967874418,0.04837901576524168
82545,-6.832569095888243,-8.912321234751241,3.7983199448177962,2.0007364833874415,389.5355038354222,0.7366429375762076,0.04837918458580976
82546,-7.124865097696418,-6.730193119518122,1.2288146758717646,1.760255355266505,375.09724643225184,1.6564157503271764,0.04838081289211553
82547,-6.543577271568884,-7.9787732202745545,0.7685158745372491,1.806916112714655,461.3663142880998,0.17664325453116891,0.04838741494386768
82548,-4.797519474303948,-8.466736477900618,0.7510375350183095,1.2915516812991958,296.7490704617389,0.36321914024997426,0.04839410689850151
82549,-2.4631893195509855,-11.434371357950972,2.2556883480188463,0.860047218871528,467.48786558496164,0.3863330699294707,0.04839436843206112
82550,-7.649236055539766,-7.465303974211884,4.619144527563536,0.8599353386240509,223.72715234257237,1.2119425351178332,0.04840653041378108
82551,-5.992164171580473,-8.537423035851898,0.41995445349690647,2.3275317891456804,440.5653411190308,2.083125644052358,0.04841200798973114
82552,-3.4850391130884724,-12.625201736362394,1.0816395013325955,0.7164395716681389,454.9013365828444,0.3555953403890575,0.04841334484066009
82553,-8.411286953530546,-8.279119329866369,1.5426929044963236,1.281948100370672,467.916378031606,0.165875937036998,0.04842592451593969
82554,-3.7392536327984125,-7.93940210067707,3.7367805583746665,0.9076272250577672,230.0172375211164,0.48594294820320183,0.04842661668012351
82555,-3.534729275195396,-8.05687710617925,3.958378046222957,1.8064306683054434,379.1472433417887,1.3034420002911276,0.048431372108418136
82556,-6.717134339714472,-7.230788324852239,4.561315344727827,1.0902378295053075,467.82677137716337,0.9393845484615628,0.04843816146772477
82557,-7.780310487918222,-7.535217863847093,4.40309601941718,1.170632585150148,299.9726711815975,0.7425489430861765,0.0484413114525218
82558,-3.6242435569602645,-9.394163716367924,3.169077974356062,4.49836398587569,592.0776521191447,0.5223660693407188,0.04844393722393598
82559,-7.07185128487853,-7.924532545837587,4.734379031293143,0.816779223416015,163.7637472627954,0.9851960686839236,0.04845983365609007
82560,-6.362988546804045,-10.3656592641417,1.6946832511458625,0.5470580658658287,130.85929546990258,0.49549105443969577,0.04846344370613108
82561,-7.427944000880563,-5.253135061613242,3.926672579287596,1.6693907145271558,391.82537030992575,0.44581358908636304,0.04846467945107302
82562,-6.4852138719240084,-8.400352256257847,4.498735966968248,0.7745480952214496,213.56612780190954,0.712502214092865,0.04847559762089357
82563,-7.204949770767165,-6.374110213344561,1.2417456787099224,2.2225362110339617,413.83157166604354,0.6633447602242386,0.048482522660303964
82564,-6.2631830948359175,-7.365391827470494,2.626141871624568,0.8648410707507059,213.59011769293568,1.359420218996891,0.048491460673153755
82565,-3.3692905672671225,-8.879712161152057,3.7295926682882645,1.613075968853185,378.1047259113864,0.8495370387882213,0.04849347429379756
82566,-6.339364284373582,-8.379418833434638,0.46066625906628406,1.1687410141692613,467.2072818186557,0.44418244845912813,0.048495985892604995
82567,-5.693153029843925,-10.217150994141772,2.1948325494348007,0.8940186708708387,468.47164958767655,0.9395023826080875,0.04850810291406318
82568,-4.852343150435199,-11.78765920526311,1.157082908899241,1.6149575963873914,371.87081981905925,0.19522438012671461,0.04851084572333244
82569,-2.679103324850778,-10.419969066148155,2.947682921582424,3.389987587396675,518.9913803019285,0.2623239610557535,0.04851123224977782
82570,-8.242315256921529,-5.3192335821245695,4.014756927628758,0.8975262736672005,218.48697322150684,0.7966552375631499,0.04851861916757419
82571,-5.122564571432114,-9.308630251243635,3.3515514212568673,0.7575997188776877,156.51909214063767,0.09497323870645324,0.04852197984470543
82572,-5.3937956218656655,-7.756006049898934,3.9704573374588237,0.7696790659389444,156.43896946889058,0.5942149662765335,0.04852233416226437
82573,-6.13982749974626,-8.661903418626679,4.229820206118011,1.8776852180349095,467.48186244437676,0.5903650232988946,0.04853262657651273
82574,-2.8236251955197,-12.223214284134418,0.0004100134498422743,1.8150389440933659,432.1371453939751,0.4912424790902188,0.04853418059913158
82575,-7.5373157150683845,-6.162399613263948,4.61071007287539,1.5509915216010242,359.9452613766488,0.24487866605033126,0.04853822730739895
82576,-3.352018870661782,-8.180918327422955,1.5877659272215543,0.5107874389482855,130.8203119883662,0.8291126695107076,0.04854062597278207
82577,-2.831147322008311,-12.092902029644977,1.2016756961846151,0.9769399053366427,468.1712948578136,0.3136809740181796,0.04854807891816657
82578,-5.42062651782224,-7.892170618931539,1.889883676901712,1.6284980031548237,379.49265560192055,0.9324129623134594,0.0485493453841176
82579,-5.051608515643694,-11.231608511258878,1.2640298622246662,1.0872774499910995,293.8823230665705,1.1564248083587723,0.04855465491864195
82580,-8.813640901385547,-5.374202238170275,2.4285560064568066,1.4573582022166873,328.6238657637029,0.5515868107416066,0.04855547713094811
82581,-4.5138993784149495,-10.66754329038433,1.475791423267253,1.0367577890209743,244.81419919288555,0.08517981114767004,0.04856163971112874
82582,-7.276659563727039,-5.3611425126689385,1.7760022058715406,0.684975358192242,467.6279834415337,0.4780041044590613,0.048564579717108
82583,-7.693137431915214,-9.102563154292143,2.332871204979146,0.7847105700102089,157.94608754917823,0.15509630221993564,0.04856465970124077
82584,-5.2636405456520095,-9.072661333517168,3.6468795655444524,0.8354524993646376,235.21035201883916,0.3089996598768847,0.048574983802991314
82585,-5.963114186167649,-10.084547652949091,2.459785996241083,0.7804353688290991,152.6420637897549,0.30707359058828665,0.048584287247778454
82586,-4.60832958518197,-12.13994906860115,1.1185411956081042,1.1370728652074158,450.1252522102294,0.5184929874498501,0.0485932941231967
82587,-2.867836136927881,-8.211911827540806,2.1402300572812747,1.523784429369079,154.17928774665265,0.3123974999080934,0.04859709164826674
82588,-6.347909210643552,-8.397118251315725,4.505988999816244,1.5104687302001527,343.5212816781608,1.5864324783527257,0.04859998100455248
82589,-6.051293100682493,-9.739541404465232,2.921266358979191,1.3723900371101936,468.7546819429428,0.8024947236524271,0.048608567481219
82590,-7.300126170634484,-9.610804301443634,2.326378966081091,0.8104845772133334,467.83134951127084,0.07203270212595925,0.04860882304409231
82591,-3.3757569975228483,-8.035300274512785,3.921885442260063,1.0999782057278729,263.9079991655487,1.2096743277969493,0.048610549068058125
82592,-2.6143156466877624,-11.026289749069418,2.1269103033801606,0.9564221398084727,467.6611467289097,0.6187311529701871,0.04862453435022365
82593,-3.4952007295668714,-9.891205527014481,2.5441205909562155,1.7309611372124525,361.5825804988606,0.8342530560995423,0.04863319534876601
82594,-2.625402416116941,-8.732122468311378,1.3505378116711577,0.9365752870664321,245.65865855045348,1.007182840653578,0.048649712788080654
82595,-8.77406544638848,-5.444818848299724,2.6430404046109643,0.9697358305208236,269.66830441499695,0.8694721706069659,0.04867006224439578
82596,-7.0516260481345405,-6.194808243792572,3.0309270366476744,1.0259636139645507,234.80419550021654,0.2597461501738705,0.048675932132597015
82597,-6.767649357875849,-10.225186165215899,1.861550828602964,1.3836625219810401,467.9014222468098,0.5486143439577758,0.04868476685300043
82598,-3.1922982779747766,-9.033133987096075,3.6097559377486865,1.768481040677125,421.7779352578748,0.8654804425887432,0.04868509729766014
82599,-4.968731650602368,-10.249776465745782,1.9131844067722379,1.9002214046696357,462.98093894352706,0.4870778998792238,0.04868576006334984
82600,-3.444072000085442,-7.970633193840925,3.7902896792288576,1.6257329249085366,379.3267702023952,0.02587105227104658,0.04869656626275365
82601,-7.72476463264396,-5.593419861204921,4.435807101090752,1.5079651057156478,335.4010436025966,1.0149613032784197,0.048698588541269905
82602,-8.298045151270621,-7.802379245945165,3.035420931154362,1.5661495881131287,467.81956703413044,0.7800146154636076,0.048704490083354944
82603,-2.9517707529738537,-8.325672676500151,3.9200824309207887,1.0223924860646612,272.42565243634516,1.6891833787937305,0.04872066547530662
82604,-6.681134280755495,-7.089831433067802,2.186395689771532,1.1056299770178455,277.6886097500914,1.6609091378533538,0.048722465600383735
82605,-7.329666203754407,-5.206856180738962,1.2011793482584698,2.2821705094957796,433.92889199682776,1.551459259562984,0.04872397875564686
82606,-3.075437456318239,-7.99625694013495,2.456393621275752,1.5685808382558808,379.8677424511986,0.9758526837913477,0.0487278776080471
82607,-6.13054892168625,-12.835950138021536,0.9694168456566011,1.9012035443838238,458.82170929808984,0.575057400208542,0.048728736767629094
82608,-7.128169351646523,-6.084450761812315,2.0952781099958395,1.7254190356128078,468.82009316021566,0.8782880210513531,0.04873336953243739
82609,-3.9164239303739627,-7.8637417248059345,3.2188055036412524,1.0704505788444396,277.58377042502923,1.6965771831837406,0.0487333765598243
82610,-6.778532447791931,-12.737074257547127,0.6844459579356716,1.5693376190180224,357.39645944112567,0.9505116984878841,0.04874476532097407
82611,-6.513929151411187,-12.099813770167152,0.2113479805441898,1.3014839865530612,323.53535895394714,0.324892036615128,0.048748431979756646
82612,-5.454239143094046,-10.691116800688004,1.457012627551257,1.0113934366686053,230.22194295968083,0.20507527192995756,0.04875431691497518
82613,-5.376545701282724,-8.751105877436647,4.014417476731138,1.5530455379804782,360.94457434307765,0.6778996046396131,0.04875866596111444
82614,-8.396149853945445,-7.349033466853478,3.3977084067174865,1.0050659901266437,270.56362043061887,1.2243351260270439,0.04876834803671099
82615,-5.4804787445497745,-10.349586710574494,1.7392039047742875,0.600985810240697,124.21331299638284,0.11405534121352634,0.048789144285343526
82616,-8.762893257814081,-6.462822919557601,2.7182855502493997,0.48925210597951674,107.66043511622559,0.343758896088608,0.048794642095737036
82617,-8.730906665189098,-5.9714325531404135,2.88406596614528,1.1140309472107328,287.1210659165609,0.7282761570060581,0.04879585162365363
82618,-3.9018116702816066,-8.35279932047849,4.109971744507183,1.067052358188349,468.52462808010824,0.6525619730633938,0.048800239181062625
82619,-7.969445012459211,-6.000518338513359,0.2719454687139174,1.2946232344009203,319.35971690723477,0.35662614630468337,0.04880621218269743
82620,-6.907236961053702,-9.252678905332367,3.3021142311304135,0.584446067116706,140.59997789965726,0.2080557420589324,0.04881562111956962
82621,-6.133644418587839,-7.387125268971567,3.190052390009944,1.7990781161191902,429.0146800122119,0.3880864459157012,0.0488239866080754
82622,-5.271414467008004,-10.235044674299171,1.995465312488191,1.648290202050458,445.48711641166796,0.6578389456474474,0.048830513361554986
82623,-5.927719654256675,-7.808237337057024,1.7454102529488202,1.9924814798300305,404.39477033344735,2.012363616101079,0.0488305507704671
82624,-7.553666979439813,-5.6459259642493365,4.362554690049375,1.2950724295530127,284.083411098895,0.22532553831197877,0.04886967613058751
82625,-6.675846177584535,-10.087670829684459,2.327523662230758,1.687852011399828,340.2280686699075,0.5539179115195951,0.048879376440563956
82626,-7.129479682131486,-5.985827374936483,2.3407439861877353,0.9980130190601414,467.75638230805436,0.6112691813728865,0.04888108199183189
82627,-4.636138803177385,-7.809088520720827,3.1752949358169467,2.7380465017556785,478.5731290150299,1.921675664006913,0.0488846437968361
82628,-8.372753164730458,-7.994965578527307,2.443398708551644,1.7014441576179324,364.82919728146015,0.6358925925325734,0.048903597181623876
82629,-4.767095649939299,-9.754564853502435,2.7691032946656,0.9633003356006087,259.5832941428226,1.6733220049927606,0.048911785252464646
82630,-8.142631690264164,-6.0331233501408,4.277387294392497,1.7436913305868442,412.88522925911366,0.2432662593221906,0.04892330571853434
82631,-6.148385024988014,-10.25564328908275,2.141159991954722,1.5358170427270221,468.61575448465703,0.04573433343072075,0.04893995148050779
82632,-4.582834495912716,-9.049796690661442,3.6003063634466392,0.6613319251378816,135.24275820870227,0.3016777629827079,0.048942583110774825
82633,-7.623654907736908,-5.191807873981941,4.2508535028627845,1.4744464419615793,338.8263330787579,0.922318047070152,0.04895227925889936
82634,-4.202865414074442,-10.751328243566437,1.4346852904876104,1.030571677850396,267.94110511080913,1.1411573793534826,0.04895230906380247
82635,-6.576548269163451,-10.130570744827097,2.306578290329048,2.921829310230781,492.8042829926809,1.524211438419636,0.04895890938349799
82636,-7.210508627592024,-8.263084533198619,0.31852317705639177,1.058265690043996,281.28402576185545,1.174404141554061,0.04897128716684399
82637,-6.151103762144243,-12.785494433835671,0.9675872656090719,6.908125187799559,706.9581241336973,0.5078191486734314,0.04897422424164221
82638,-6.940992078792663,-10.99557214808064,1.0712954712018607,8.802124622276589,610.7472064934485,0.06452063668826202,0.048984646573564966
82639,-4.461655417569564,-10.016514269654362,2.3946446656346394,1.6422753959582819,360.56795601268067,1.6885995464745367,0.04898853386655231
82640,-8.650100321364171,-5.914993857621709,3.1700324744509714,0.9232668447047641,241.28751234172304,0.535391700295941,0.048999838732415354
82641,-7.040445708382929,-8.672748608957844,0.24346173663531698,0.5451179601890184,117.18290551434004,0.5891363581650326,0.04900828946777095
82642,-4.941887283547809,-7.779524209460466,3.200481026370972,1.1969521212011691,302.6461787276438,1.3699514344605452,0.04900855728046229
82643,-5.105657949638359,-12.594058718827917,1.0650879772419948,2.593067382635429,466.6888864207902,2.4191795931789954,0.04900996579522651
82644,-2.8914078177229294,-9.87905975079557,0.05084222928904997,1.0963141725487344,284.30122266891306,1.3145211979459583,0.04901588803798735
82645,-6.697727792185336,-7.1502309209750186,4.381407879186434,1.1558062763998733,275.62743808725844,0.1299340034961034,0.04901597811979468
82646,-6.837510616140991,-6.710849324434573,3.407247111401138,1.0583382844508953,466.3897212568369,0.16917262822833568,0.04902223945558251
82647,-4.720271385094103,-9.95146842251951,2.5129552624365243,0.8777358638819172,171.30282937073682,0.07331673573883268,0.04902856881490707
82648,-2.932259654768022,-9.726239927010493,3.0925945865486897,1.2921531827659714,292.99730415773234,0.24829467543487205,0.04903424437221335
82649,-2.8199635494501294,-9.520283092895218,3.4646912108738683,1.1737343886895713,460.6232743377248,0.23596251939709578,0.04903689523176851
82650,-4.0874426990113735,-8.55951450614003,4.015665191665783,0.9273134879431357,400.33302667693766,0.2025584739802735,0.049046393493949306
82651,-6.672109957062412,-10.121523432351124,2.2643141985297115,1.1905044714855297,301.8998780835879,0.6055390754483119,0.0490522028851778
82652,-4.456718592059818,-9.025329038106717,3.615979047819131,1.0884210898924473,232.81854251634357,0.9337346969487719,0.04905311503305447
82653,-6.233971871886531,-9.796006776751423,2.839272853988327,1.0472842458845932,271.66064608385574,1.4665216558110314,0.04905471581052289
82654,-5.607395940779709,-8.298291528320277,0.8162921764920004,2.11750357350085,418.6829355980738,2.1899769077511335,0.04905685284497732
82655,-7.366969488076099,-5.320604625987517,3.796923230592091,1.4250314814126395,338.62179548546874,0.2766040900622171,0.049059226440892785
82656,-5.150565444065568,-8.610517430912486,0.5253486582379581,1.120521204325801,267.41379714295584,0.33905352553158075,0.04906049480360822
82657,-5.573802433438499,-9.763192829911002,2.8448223839675664,0.8090857263063161,201.12544048790232,0.9782633953678159,0.04906119921404113
82658,-3.6842610033096257,-10.287603547578417,1.7542598933206583,1.8857946990556336,455.92405391928395,0.13469200971902406,0.0490671859035612
82659,-7.394304687896918,-6.696735500471186,4.7979322445828165,1.7444390032400612,413.47511210972556,0.09435990791015669,0.04906861468426819
82660,-8.038373175890897,-6.552183622885694,4.474125943800036,1.7475759600544412,467.7770810718321,0.43879826177894987,0.0490717827024172
82661,-2.486977862819355,-12.979289387000069,2.058304583435658,0.8707460233501352,467.64857862327676,0.759914705686481,0.04907976232332821
82662,-3.141973436765211,-8.693607582793199,3.9384328913355966,0.9651962069885311,468.2264895401516,0.8429041897074905,0.04908292191594164
82663,-3.080955343427819,-9.29650881118387,3.3820848049634096,1.06727591544208,280.1751277517893,1.2741023045841926,0.0491047297905565
82664,-2.354643833406821,-12.523435743237844,0.9195648675523239,2.8870754577684012,474.22116104988027,0.3719020340743029,0.049109805413214094
82665,-8.068048415383371,-5.290730784064293,0.26964160614093863,1.054552453579106,147.44800949305483,0.2497226683271938,0.049112842091909914
82666,-5.806240330024918,-10.603261976738164,0.050199812235262965,1.394954902682579,304.8214505823203,0.18419098929732325,0.049120534222903446
82667,-6.912345398301258,-6.587442747914761,2.716413306923594,0.8962490976102191,470.2860478995389,0.02466507736333412,0.04912339123955609
82668,-6.050497398128167,-7.704130126933191,4.49403233112373,1.2064990993026155,295.80870322180925,0.7566336074330708,0.04912551403578672
82669,-6.771527639834775,-8.839612422760904,3.912329596510101,1.3953245254653324,333.6436998137403,1.0850127120913067,0.04913313784732011
82670,-7.827625186846875,-6.423561697684789,0.28407102984911453,1.7847851108781874,427.9808252044521,0.18578861054533125,0.049134056805484376
82671,-6.2581309748564955,-7.481451890172267,4.340660379724369,1.0929042965026021,285.6528822867002,1.2853250712205817,0.049139921475562696
82672,-3.7483798122941794,-12.375607766926603,0.006920326548373073,1.3357780770705932,289.4212619571892,0.09360833710256067,0.04914245618649388
82673,-8.80298045203811,-6.457261337117551,0.9371888323356747,0.9285487933912117,467.7841663382364,0.21948201179033777,0.04915396713171606
82674,-7.551760639439312,-7.498443437910333,0.36712173089631117,1.1228280574913574,469.96021825535536,0.16813125848815513,0.049161102270443006
82675,-6.014885667170227,-9.663629551617895,0.05365936466385998,0.9206966019852231,182.5240082917532,0.8709679394674028,0.049172104214339846
82676,-5.036330055593268,-10.316426804789367,1.7555996050623524,1.1859294615421077,306.3159822839033,0.39123698397168294,0.049172869202669695
82677,-5.957402425778808,-7.931771373176246,4.60216526624876,1.7894455311474815,424.01283766246195,0.1982279596113674,0.04917481489762493
82678,-4.637444129856916,-10.726945744548054,1.4458271702822976,1.0004651266529474,275.485856640525,1.5339368211326017,0.049177178850144825
82679,-7.952806174322728,-5.951439470213593,4.470128108136535,2.334994381244317,440.7362122610162,1.9250929480796009,0.049179117043396454
82680,-5.92058754125364,-7.944809661130109,4.579341157531732,1.5042892091599194,348.0151451035124,0.8553798556492032,0.04918713013839872
82681,-7.826704800415149,-5.836310426014078,4.508915055424467,1.8069430744230848,428.69359149409274,0.5506948579929949,0.049190094957381414
82682,-6.341458428818327,-8.093072535952313,4.713814114933749,0.9452226064315223,192.71868986151208,0.07924541132956353,0.04919254889935747
82683,-3.0073829365062448,-8.21399691912027,3.870793967790419,1.6658909430142508,359.0430233995963,0.35223600258099985,0.04919343440109517
82684,-7.28567034063512,-7.523209393501289,0.49644736741233536,1.8854138598086327,470.489592253326,0.22488247940551354,0.04919492112949578
82685,-3.5064917493478482,-7.911156477392361,3.5161578579870505,1.528888721465095,373.1095526093308,0.5454096907870474,0.049195380265576065
82686,-5.400535803190895,-9.572871857575233,3.053102066362294,0.7529157689515807,467.8491380272563,0.3681524820529196,0.04919913137598335
82687,-6.602309985134909,-9.983938454290458,2.50819440797946,2.650269833676025,471.359966444056,2.142447616911432,0.04920479113835738
82688,-4.855822528662781,-8.694166675636728,3.9912822154655854,6.591672558065756,638.402745327256,0.20019876012233606,0.04921735898426432
82689,-2.500705148866526,-9.512997690120917,0.9440064591192177,1.678543210187279,470.37980650385373,0.05247768823956367,0.04921931245787743
82690,-6.3374898750458595,-7.3617515211204,2.4365317955740005,1.0747603413926636,286.87264646306744,1.0818703031288193,0.049221020749936104
82691,-7.112476983584983,-6.034336020878932,3.146152229754269,1.6954887815477924,402.6159988820394,0.28966654435894856,0.049222779873009874
82692,-8.097743051069484,-5.541253168896439,4.223610474678438,1.4202581893352637,335.09402908542955,0.7843820495541118,0.04923816736302612
82693,-7.272138870102174,-5.7992281468599405,1.4836654289389235,2.279018065896755,427.44817684560974,1.0208315212219476,0.049238667177028295
82694,-6.778007806855131,-8.612108652668525,0.24014850777096935,0.9241207377940693,467.4624215576952,0.592218885160384,0.04924989417314124
82695,-6.433245793357956,-7.200827120906899,2.844668509925533,1.0364626051138457,280.2776849500265,1.4486628429666757,0.049252145301536404
82696,-4.761711050409252,-9.27049941257,3.350194377927752,2.5102839430106667,453.9119701175019,1.2771822799167873,0.04927379102206049
82697,-2.727921543350277,-9.021170208527026,3.7657715000170704,1.57945707575954,367.9642831265305,0.4557344347307337,0.049289974345344906
82698,-4.073422898587734,-7.878736880276837,3.4078137492324747,1.3700051365859138,324.59180711657257,1.7611808793744466,0.04929748935893732
82699,-6.572992016198247,-9.97893211320945,2.5278941225931058,1.132678666691742,467.8138100044534,0.5822809538185991,0.049307649252378585
82700,-6.983341259326164,-7.772833083837997,4.849790884251431,1.218551893039684,271.07573757208445,0.046646779845337605,0.04930938853237331
82701,-7.770114629601197,-6.057495302858294,4.596358800740048,1.4516614774795649,332.9393204916638,0.14464978646107962,0.04931219096974106
82702,-7.140829225484631,-10.097468558382783,1.5454319005330337,1.0889450422154283,131.97784744560556,0.3223273036986871,0.049316185492047616
82703,-3.631086237813376,-9.467397104971962,3.0639299947848455,1.3052583396578932,293.680182222254,0.12988184264119962,0.04932952963877533
82704,-7.512529369575877,-7.519286938157315,0.37662710879002603,1.1208201824154422,243.95819845050542,0.8540231064017858,0.049339052154931916
82705,-7.412366676550409,-5.296834622308888,0.7443891857327759,0.8682726577426982,467.31754763224455,0.5953636065175649,0.04934240972541248
82706,-5.5316654556029015,-8.082150477057663,1.3547886873866446,1.1404793354716254,296.24287723680607,0.7306783272619874,0.04934986170123577
82707,-2.556975626565656,-10.298288949617127,2.9249846787632805,0.45438096689134677,135.88905836566414,0.38018774747889594,0.04935064467197715
82708,-5.128556941711992,-8.145718157214512,1.3821500243885172,0.7049911920110574,141.92291628191504,0.18738924188490902,0.0493699004918787
82709,-2.9591440302877015,-8.252522022779718,3.8261003433590273,2.7135185104002613,445.3214981416988,0.3488440694826558,0.04937096097423526
82710,-5.267162166144692,-8.335369755498721,4.309506030456304,0.539003758671269,119.44951736241177,0.35412712386265,0.04937800334815609
82711,-7.390385366408276,-5.809527305691599,4.186913239119688,13.34170076558435,782.0034979338375,0.21241535983222892,0.049380269832215315
82712,-8.160008479355243,-5.477606262273304,4.141695006380793,1.0804150353433601,466.19757130872426,0.6986130780086652,0.049389280538725724
82713,-7.511379622310905,-9.58666290928166,1.8481936298832673,1.0822983544345859,280.1097050199044,1.2624780552853547,0.04939527022650422
82714,-6.34039321554818,-7.331806493932199,2.523998594081848,1.0165715914106874,276.391521199214,1.712732200190577,0.049396141625177255
82715,-4.65690929159428,-8.431177816340831,4.152365551741168,1.0188502510219013,276.0739577087606,1.267161496972066,0.04940050734718974
82716,-7.170715699618691,-7.6142274681150734,0.5534815453360996,1.2770230398828362,291.31860382839756,0.12649069093689658,0.04941170452677478
82717,-6.059456015530591,-7.551893439263977,2.319623103644449,0.9587179736648327,467.37295672047543,0.09677464155454629,0.04941352688601765
82718,-5.145215199013892,-8.872639799488688,0.2933157358191803,0.7072861786201858,207.43588240401434,0.8146209733852432,0.04942195253395999
82719,-3.3877030342504275,-11.111803035624998,1.2976666267158667,1.9489526907106023,397.235710806993,1.4916561559645816,0.04942922315632285
82720,-3.2321893022026362,-9.312661515735137,3.264140852396915,0.5417738605589774,113.98110241415479,0.23581890034016073,0.04943824088621647
82721,-4.9233398305482705,-9.618964127056927,2.949170805093741,1.1535093944351558,467.8969436241149,0.40546916093878327,0.04944178059057922
82722,-5.134512236974276,-7.77781834205298,2.6533597567179426,3.027136094846188,490.39278423547347,0.6541943214111221,0.049442627751948603
82723,-7.85924339725036,-9.284087329096554,1.4358274946801868,2.1007554143509237,416.61808371232644,1.9969789674769993,0.049446469738386845
82724,-7.2010686570418425,-5.649024058435444,2.168519353229062,1.6641707031852266,467.8620583526601,0.23458934514129837,0.04944693711242066
82725,-7.3476730683916065,-10.37982411485363,0.4564435509024195,1.0253080466422329,267.4063743533056,1.032293685194106,0.049447285360716554
82726,-3.639687385794721,-9.07976029486142,3.5090583664952444,1.4579758934409335,468.18420314700154,0.4988265672711334,0.049454248348250705
82727,-8.164979067990295,-6.1201858698013725,4.253150316058945,1.1082099075192187,292.14921563061836,1.019157259206449,0.04945859734760816
82728,-5.3689385133936876,-7.697772746951368,2.9231614653322753,1.78786604935696,468.35411757675985,0.5675274939394184,0.04946592323856867
82729,-7.228368937558551,-5.425763213551282,2.887624585222301,2.177266245172121,420.0734003510059,1.304965655993997,0.04947234726444047
82730,-3.6653858031052957,-10.245993958808269,1.8124370525218703,1.2827940899608543,310.8185013127686,0.40252899542466114,0.049483131701485765
82731,-2.822603134698811,-8.417858776138914,3.3671540879983715,1.5926827569451676,467.85441182657047,0.19298726873797367,0.04950153844303326
82732,-6.19106356181797,-10.614629038058656,1.4555944477571283,3.0072787888886467,496.90445427547144,1.0929755699107178,0.049508257991760396
82733,-4.3684464985425695,-12.636843188161002,1.0713631780277728,0.5678203680391732,148.3192953375104,0.7425326035399094,0.04951298538151538
82734,-7.736874033483048,-5.994105851697048,4.579918766350994,3.1309457548299737,253.74714165562935,0.4333447976251348,0.04951555581305863
82735,-4.2871522154061825,-9.751361653238972,2.7287761529684547,0.7715230045333502,468.34830417496016,0.2892334354710302,0.0495168247258663
82736,-3.7402578821165626,-9.997989100065528,2.3601443491032796,1.2435754615028605,302.08750996849284,0.41238465527602397,0.04952189011064031
82737,-5.44157571990026,-7.982136071139044,1.6817499691234927,2.221211561340278,429.28223512526046,2.0421547094543238,0.049528090563915154
82738,-5.078092529775468,-9.39327960141433,3.23725252517143,1.8214002615617733,435.5320107188531,0.2874549701063689,0.04952953800654618
82739,-3.5238093015997443,-9.466903092992567,0.06126876180838359,1.8429181003663708,468.5478156701109,0.4296015128846875,0.04952992054936708
82740,-3.3339083370914233,-10.961168741554031,1.3446190974314758,1.4694359239278745,332.4586087685915,0.22193900088997776,0.049530222496991905
82741,-7.849679698779111,-5.8555214540174285,4.5010465947369935,1.4454935637470245,319.1467858753601,0.9158501285665288,0.049544154404904076
82742,-4.189137370108692,-9.683442393878735,2.813119346275156,0.5024315498550048,124.82992138872841,0.648407051428312,0.04954566625764776
82743,-5.123176988628509,-9.065041932382927,0.185728431949352,1.1581463232472489,467.09801045222065,0.4737354704522483,0.049568209313367646
82744,-6.205310409803137,-7.37210467141061,3.779676109060909,1.5310034648356108,468.050663389512,0.7027932826534578,0.04957028816920159
82745,-7.039215647237534,-9.523639304607066,2.811355967255933,0.9426714631918645,186.8160865875852,0.7523547571356719,0.04957155211281471
82746,-7.106908493161427,-6.15153486605431,3.502100034097067,1.736018885136439,410.4920754965749,0.10669014898421825,0.049574902645724846
82747,-6.759914713302219,-6.858883640578123,3.6152452414939527,1.118760689651753,467.4930045903,0.7904567006420296,0.04957711939326976
82748,-3.749287856573141,-10.261947277904639,1.7861090191145466,1.029138330956907,468.14518042481683,0.8628824607203613,0.04957991131892677
82749,-6.199351897605938,-12.798804363490621,0.9537696768555955,1.042328573234829,271.7032113739599,1.4508292517102204,0.04958310822205049
82750,-4.8559514690015595,-8.211467743633527,4.230236602491877,1.699930411975614,401.13108568969665,0.4011519266099315,0.049594970482938795
82751,-8.165186092886472,-5.261603331706164,4.0957634154184674,6.912720592219487,705.7041329139414,0.4087544778918675,0.04960626509285518
82752,-7.109113258406552,-6.306072309753968,3.857633754863674,1.0884698790021707,219.7864563098352,0.4603557631960209,0.049607391932463794
82753,-3.403186015331726,-8.191862617473156,1.5656534803001363,1.7013511014933311,404.77097330436476,0.10538000899480249,0.04961196727547155
82754,-4.846395962934138,-9.860061784096636,2.626148650062718,1.3998458245354781,311.6336368514199,0.13658704043864667,0.049613438252232314
82755,-3.766537471831974,-9.063434686219656,3.5241460372584648,1.336925672803414,299.0386083384544,0.09201672656422577,0.049619934049134645
82756,-7.568400467694275,-9.69413049348406,0.47544842786287733,0.852850517262667,174.59140877957265,0.5649090690630336,0.04962285423489867
82757,-7.4244008603702385,-8.019283235211935,4.352156520438956,1.0881301976668807,468.284931796537,0.6373882889347717,0.049628530125601165
82758,-5.837500083377813,-8.984477864181581,3.8174149477996173,1.385235079558902,315.2096758327647,0.09806003535620267,0.04963788825701523
82759,-5.069421575001648,-9.2418524749521,3.4137134505074,2.0029649228713793,405.98316908365825,2.1566506183938836,0.04965821619879647
82760,-5.6817634487270094,-7.591074666061684,3.2185262337676583,0.5214665031038395,146.14273681505253,1.0868782008791777,0.04966434068631251
82761,-3.2686377946326575,-9.469911745071489,0.07627510475210061,1.1106985724031813,249.46583384805785,0.2916282947740969,0.04967433100084065
82762,-5.476159577201807,-10.134636291194472,2.304616366979406,0.9964264035656055,192.06146961437068,0.2029348483696003,0.04967445477864252
82763,-7.117550386385901,-9.794855107930164,2.3189217963886706,0.8395344031827862,467.8144685287203,0.13965030838012016,0.04967473520886323
82764,-6.7037887246086125,-6.921699952367353,3.595323370680916,0.7965490622200683,160.22674247479011,0.2570185181126483,0.04967653544266559
82765,-4.821648933711736,-8.189184358887353,1.3799714236732112,3.212196521375666,392.2252180423353,0.038029672410567095,0.049681520488265234
82766,-6.125759809584377,-7.392439765898952,3.467110351596174,1.9525230864220253,391.40086173678037,0.9949653730899417,0.04969102861753162
82767,-7.84004466860925,-7.359451688461488,4.447364201335857,1.2295791125514737,311.7161801784542,0.4789336781878726,0.049691825269089024
82768,-8.59897825649317,-5.352260521940338,3.2396504386609224,1.795155797588165,427.7307007364013,0.5588295796183615,0.04970418203464882
82769,-6.179616130568753,-10.198253811408222,2.264387226398926,0.9695545762508369,191.7201938032573,0.11713187048575957,0.049709282248205276
82770,-4.541890158470255,-11.063126963432028,1.3099906125897312,2.0175080711758384,407.0949398446735,1.8100297808336014,0.04971243126335108
82771,-6.951294431095773,-12.204635269523996,0.5323523123504011,1.3017313140408622,302.5795295376958,0.9791635213516034,0.04974110294272327
82772,-4.345838965963069,-10.243236215577197,1.8381470239612303,0.9564982828083081,199.08879160704126,0.028936079977301965,0.0497476907599469
82773,-5.815508007588387,-8.065104653484063,4.545754526849371,1.0357155800565665,280.2675076118484,1.4434629989169734,0.049753567227094966
82774,-7.532721857095897,-6.408301789196655,4.719263503580431,1.011873211982822,268.67075271813286,1.5678866338390147,0.04975450206544674
82775,-5.602535939195325,-12.177490479960099,1.0827396071887168,1.8572086431760007,446.93744570409785,0.1434555172802865,0.0497681470263424
82776,-6.82628211221667,-6.735281109404817,3.3483551568332754,1.2899126434802715,278.55062248604077,0.0013430426557556885,0.04978408807858123
82777,-3.710834337334904,-10.252202400282378,1.7980856919669015,1.16981889666611,298.70890701117713,0.8529553367061791,0.04978539735302589
82778,-5.96594872994845,-9.990207219990163,2.572738323337792,1.133734164666016,294.73009626637804,0.8000509850267088,0.04979930532761764
82779,-2.614809355859961,-10.998086645753194,2.0661188004080406,1.3366358565162255,321.9647971247167,0.22687689238880626,0.04979972212068815
82780,-5.8417474968839915,-7.5438474996798925,3.6120746907432286,1.7331426642730443,428.3497623804687,0.5417050613694068,0.04980160257610929
82781,-7.229621898176688,-6.570111174469156,0.9621375294835226,2.225066898346143,418.48653886390446,0.7873964562123827,0.049818442976761954
82782,-8.311845211236351,-5.551893918243275,3.9150302148066234,1.0356324453667833,266.28917534675537,1.2763830272083405,0.049833929584008084
82783,-7.163050439613893,-11.08521963578963,0.6607092512839313,0.9551397808672265,231.1371491193529,0.858097829582662,0.04983415692444193
82784,-5.7726380153062875,-8.879843002951507,3.924023654269849,0.8144403182320958,132.1003907201995,0.2832282128199175,0.049840776241383986
82785,-6.648020647756674,-7.167397838561731,4.292709288174475,0.9578922178490138,219.30231233651747,0.4677880632417333,0.049855214462789
82786,-6.134918534349429,-7.396723279897892,3.5896197886093812,1.6113821658521914,376.43878882342614,0.32421209247158256,0.04986293460949788
82787,-3.4554017803391632,-10.057642718429086,2.2359467702471796,1.8958738927826615,468.8087329686261,0.6436351932473112,0.049864841142069814
82788,-8.301514974720275,-8.106543970603255,2.448328617858892,0.7401421830688926,179.83729062351102,0.027903472787103922,0.049864906409418035
82789,-3.437988080932107,-10.49156016688815,1.5600121731872096,1.5895226613990219,158.25270757069515,0.29323761627072376,0.04987505094048618
82790,-2.5412855423672625,-10.722890119195194,2.6696577075726404,1.3306508688246075,325.895523685401,0.5745010238352855,0.04988017435301321
82791,-7.034511796438602,-6.2810151607417675,2.732169309712305,1.770914521466225,420.39750518360046,0.35434443495564505,0.049887038595867794
82792,-8.595287910160978,-7.5560450720969445,2.3938330669959784,0.5158715273808875,144.93995096400303,0.9415709781799659,0.04990586475710071
82793,-5.291676310161861,-8.564517026758999,4.156275790699217,0.8003967575571868,174.89833325223265,0.011544888625304672,0.0499108737501039
82794,-4.437542688735848,-7.847580700411247,2.926868364313516,1.70558777997952,400.68253819314555,0.6731287786411393,0.04991381914649802
82795,-5.379620162015764,-8.0042684551108,4.333543881098615,1.330378327247948,322.3011330714867,0.5329857087359651,0.049918466646780214
82796,-7.974106873280938,-8.904092936815513,0.6036334924171937,1.1724263468240383,237.6898532406947,0.7609568698631781,0.04992115792518855
82797,-6.369219158225794,-10.25864862458432,2.057413815080491,0.8305080114055521,469.77643409185856,0.19585974893893532,0.04992201931602458
82798,-6.985404391885544,-10.939292048895771,1.0626689721625402,0.9237777817574202,258.8304182357359,1.052209978577797,0.04993636721486761
82799,-2.8529128687778407,-10.529514561321093,1.6720427793453787,3.2444166846597504,516.1151093978781,1.1045688387791879,0.049941468872948945
82800,-2.4785674239296185,-9.681728562243185,1.4750504245901395,1.2025409992695093,287.08959497111334,0.15125826742593595,0.04994689424276539
82801,-5.545520416712433,-9.501476658335115,3.147593079760253,1.8747924830307678,451.6040782625714,0.21782772629369163,0.049956713085646934
82802,-3.918296879649458,-9.585654830217141,0.031264063683113345,0.8562975061624273,213.13024909429186,0.21252933823064346,0.0499640596431918
82803,-5.171876629381789,-7.732786419691158,3.213340897751273,1.0871273925543337,286.1076676557956,0.4333658725287064,0.04997274728777705
82804,-6.558733405954336,-8.842960396121503,0.18197308643762164,0.856071611605823,467.52586952028224,0.4703524602890754,0.04999857834128261
82805,-6.638998931405972,-8.511482544193381,0.3018560923073252,1.120857845218065,295.82988373998376,0.7806247812374867,0.050005394399879964
82806,-6.243328813067352,-10.317142628810007,0.08735312328060511,1.3382309885445411,298.9950183052041,0.2167775424717968,0.05003068478863075
82807,-5.67947680254364,-12.978268330928175,1.0034848344137668,0.9596470114253424,256.48288717241724,1.3870180625449242,0.0500507649836798
82808,-7.521336394854545,-7.019346395124524,4.855166267333151,1.5651798110608444,440.74147566756943,0.5185098237362373,0.05006562496038544
82809,-7.007278027348209,-9.557441717955054,2.7904845972156367,1.0938184385998309,467.5333673555067,0.6848972758723981,0.05006574421168296
82810,-4.3701111084787705,-8.388366969357536,4.120043283445294,1.2092339467979354,303.5657637369882,0.29919060524890906,0.050071985035110504
82811,-3.9563941785872103,-7.878254683893727,3.3035020179694916,0.92351520671396,408.85629437098083,0.3777876805189626,0.05007993004801341
82812,-7.559564505382969,-5.337597552610337,4.210187753831608,0.646434917353404,193.6542219957618,1.0256087746132634,0.050082824102115724
82813,-8.682130550090225,-5.614751503420907,3.0071383678337,0.9721064521973243,252.87814337968118,0.9677708083544561,0.050095447563445014
82814,-3.630551553733442,-12.318434341481533,1.0995767948548072,1.393379899777276,468.0595504165907,0.7079385616683203,0.0501054784532763
82815,-5.589908684676842,-7.666640901996218,3.779444854836025,1.5512090913741379,468.3550527348445,0.793342946878405,0.05011341740281565
82816,-3.079943684223318,-8.3008829192432,4.044112753544352,1.4184297838746394,468.84183553356803,0.2619405249630997,0.05013745102849825
82817,-2.5363594473424653,-10.081670978029909,2.737859289898499,1.0802813304385772,231.28715726126165,0.7101042614882518,0.05013855472046829
82818,-7.180272195034896,-7.120124953211108,4.851234199072146,0.7906781261054414,131.82156931755313,0.293123311939568,0.05014027838856784
82819,-8.639427879569727,-5.353483931774567,3.121198406275829,1.1361457911401889,262.7407111040168,0.6795410394970025,0.05015383508639738
82820,-4.75548139073635,-10.237067407032546,1.8744530495914242,1.0461839799078196,468.0211123728199,0.027303074169072516,0.05015486533704394
82821,-4.659538149078935,-9.950730947155133,2.477017703084704,1.59335753295636,367.58447847221044,0.5371077614061202,0.05016300664796723
82822,-3.94691162061355,-8.994100190398527,3.6057783306391915,1.0941379206934654,467.30026852069676,0.6868084952486893,0.05016354737627441
82823,-8.625093602504345,-6.0095254380178185,0.582657930420585,1.090328408917143,467.23144234997505,0.547349438112243,0.05016904377122173
82824,-4.43185048037798,-7.847251254119768,3.3104411263417566,0.6615789097991996,134.00837768337593,0.5329154949365416,0.050169224818187586
82825,-6.535729555669499,-7.311401363875175,2.052133025741297,1.2517745903816138,304.06412789696935,0.5842971709429987,0.050175330315659655
82826,-2.8482586514263897,-11.280446336714078,1.3262032473016077,1.0549419864467913,285.6792795844343,1.0352083627099873,0.050176726827760997
82827,-7.821283867093761,-9.579915548366744,1.01009246251398,1.1137524521775743,465.20019926636036,0.6952547930149686,0.05018323971696824
82828,-4.320322753323678,-8.099130542313892,1.7562553137699806,0.5822452445470787,149.36373034373534,0.6249016487212158,0.0501841086901107
82829,-5.959677722992371,-12.19983217953709,1.0479614961865003,0.8199636946682296,190.63831876900153,0.5081885061619511,0.05018426998708855
82830,-6.622265140851043,-9.097515640884295,3.6369630427207564,1.373227285085732,312.06730490501155,0.6438275193708636,0.05018442601627565
82831,-6.825806690930342,-11.390575582851907,0.985455600843733,1.1062683206739596,280.2263266980016,1.7504147158976666,0.050185382679719656
82832,-5.613445415671573,-7.704685845549759,3.9916264207831844,1.025834155540014,274.7150533183195,1.4779443034168969,0.05020085871222489
82833,-6.683133297052995,-6.940523664285542,3.5001920828354005,1.8049171419710912,428.38832428353675,0.4985201385947944,0.05020707708697102
82834,-7.205985401635623,-7.0959227389638455,4.851783975502526,1.031947743849885,467.02864477715,0.5995230894800381,0.05021173844441277
82835,-8.02811401324117,-6.694048486873713,4.465874360956117,1.7829698849006679,421.49456635541236,0.6304607193669574,0.05021275034661827
82836,-8.550977947291996,-5.809157595555686,0.5226411811590289,0.7140780707834056,184.53863890953562,0.8052475126220529,0.050225297684826885
82837,-4.179436679135703,-9.68893010868305,0.014386647958857685,1.0090139467048556,217.69005106061414,0.3529018610051766,0.05023895922508048
82838,-8.42414029073138,-6.761841909191871,3.723557477667505,0.7444010790975953,157.84695265284842,1.1554610412559567,0.05025457147796
82839,-8.837225753248834,-5.266821046769929,1.943112241704383,1.0598358095363474,223.83977956982395,0.9507882997954047,0.0502567976820923
82840,-3.3964200076284135,-10.380916578350755,1.639308366063067,2.673402260523158,446.89623389066804,0.22264243778484705,0.05026483667800319
82841,-3.926544407148275,-9.948564494484206,2.441141191113187,1.3738030196270121,330.2075977539847,1.364141638812975,0.05028320030261964
82842,-6.651919777155213,-9.361165770047412,3.2879739111307376,0.9758759333921749,272.1500092788185,1.8645056188868008,0.050292228957683476
82843,-3.0703750194056134,-9.786527964057186,2.809156459397174,1.3815021398001404,315.7693832001851,0.9279334481804549,0.05030788436280573
82844,-3.988672848525388,-8.327767478480018,1.1465642948304682,0.8884049811278675,381.95950828021165,0.781737450940641,0.05031354891867275
82845,-3.6485003080280585,-9.238443616672443,3.319996833260064,0.9667816873675478,146.77299920407768,0.3241150819975731,0.050333121913429285
82846,-6.511328275917535,-9.040022298329609,3.7387642887751227,0.9367866369671937,469.09110483364896,0.1319598241842881,0.0503388396184974
82847,-4.521858886483104,-11.638173041308217,1.1748810347544925,3.4314713431824106,383.07990871177594,0.0020592308291318417,0.05034137179393582
82848,-6.964863035181282,-8.494410681474449,4.211158937376659,1.274748536127126,306.05517529256457,1.4467073575617801,0.05034310282754034
82849,-5.700549763833481,-8.28230151417321,0.8252640384297989,1.1294619307798461,468.36765130059484,0.5240652441608864,0.05034401147351411
82850,-8.470322534543747,-6.832972909146542,3.5790289895713743,1.8604796509352557,468.22884773645217,0.5317502040941635,0.05035056446100291
82851,-8.836376077478661,-5.498648166318519,1.880798614153979,0.8660469967334643,468.1905776945698,0.03671352759744373,0.05035257313294099
82852,-5.0760412178662415,-12.99619231715927,1.0319425996415554,0.9657979055695334,256.9639156167165,0.4523578327200246,0.050353518449451594
82853,-8.638116215627004,-6.7100504822735125,3.127864973720884,4.305427603328461,580.0956097604578,0.5188240694497281,0.05035520359712438
82854,-6.930541173856123,-9.086983311868357,3.483551323077879,1.1042022240408829,467.8054564228148,0.8111934807238095,0.0503564995464867
82855,-4.6819184076891815,-9.650419617873123,2.866463288033491,0.8497739187087635,208.62833705357187,0.19242530815964276,0.05035845038652778
82856,-7.375693538746672,-7.160665004883418,0.519967299831283,4.051642603976091,497.25347744927984,0.10718546906422599,0.05036262596933911
82857,-7.861576306420903,-7.698368986223404,4.096213800825008,0.5182331062577704,148.00423165364637,1.1799705018835525,0.050363840189011626
82858,-5.25410912013657,-7.910296955787009,4.15147495462178,0.8289284483861834,203.0806073660447,0.18423406917308593,0.050380737701670154
82859,-6.89109564978348,-12.962357082841843,0.4348863814076301,1.141566421002513,233.19636650415606,0.49379396120450725,0.0503837928448206
82860,-6.468547397447935,-12.097805254092208,0.9607852432101411,1.167199028398472,468.3485781260166,0.008508034100473516,0.0503845517444798
82861,-7.454357525789138,-8.814003572152608,0.36841255282669527,1.8416513151357592,468.15401290611385,0.6633030669429827,0.050392842486201496
82862,-5.6019510623398245,-9.085409331739184,3.657850071039317,1.7997245836925595,468.3087267685606,0.5016667451494392,0.050398907240807304
82863,-7.52799972010343,-7.694651643942928,4.547148806544275,7.397372486518457,416.16788430800995,0.14377659864995262,0.050407438369847644
82864,-7.199921562661494,-5.856177213624764,3.465869497914117,1.3229019404133782,468.26960715690427,0.6108197593743094,0.050411859078088414
82865,-6.126971560709923,-9.53556135336562,3.1517458451835627,1.1568059481921569,312.7602433670813,0.4122197557887892,0.05041653426274271
82866,-3.4457394475592693,-12.199889442999993,1.1097949350838192,0.4732395149235582,127.25280310144251,0.3561774882474422,0.050419493382931994
82867,-5.84074399253843,-10.310116292867711,1.8148575355388599,1.3628367737990155,324.228502626613,1.0147818442098364,0.050419732010084733
82868,-4.979885198819872,-10.293165801192373,1.7754020490761446,1.0471234091160457,216.02729927328357,0.38319127258601604,0.05042007476449404
82869,-6.769654958846003,-12.09475138800936,0.3155290182585878,1.0823644558411805,467.98154654796434,0.44884443954352893,0.05042183183480606
82870,-7.926534653658699,-5.046908049274456,4.252276335986792,0.8692112196371352,211.49332787655499,0.08222168650358963,0.05043053911445866
82871,-2.487789191755711,-10.047870520659007,2.2798025566708127,0.6035186907699963,156.05182256713084,1.0816913895229527,0.050438415829640135
82872,-6.495805466209835,-7.757425941088384,4.792186850699611,1.0338552476551623,274.3371184414739,0.5614160376497095,0.05045095724468358
82873,-4.574893923555873,-7.91319772761192,3.7982990434035413,1.7546257615925733,438.52298703496064,0.3546237412032802,0.05045553102443262
82874,-6.50639272917269,-7.3154593633550276,2.1321332148662355,0.7235808196243306,468.32230987595705,0.32180909512173894,0.05045698369669259
82875,-3.184323847996314,-10.074278578192562,2.193099653668977,2.0087761116582286,404.6928599568497,1.546933035851441,0.050464959051018526
82876,-8.763387871799234,-7.055220800463379,0.9684881312305499,1.7933508440136157,468.0763178819888,0.7174035825179361,0.050475361766807426
82877,-2.6416508462996564,-9.617378574771585,3.483397519026466,0.8267150995091511,175.44685088629998,0.015342605854162805,0.050481114230358635
82878,-2.4260426214914785,-11.385301858726471,0.623036018028687,1.5177978904767235,351.9676196775411,0.9346855974774391,0.050496102435537406
82879,-2.450005933841515,-9.863716014859882,1.0989559131997184,0.9400022245054096,186.37554230025646,0.3536376360011779,0.05049743021460331
82880,-6.255118161760386,-7.807217086557455,1.411034854952883,1.022276381006558,467.9567647631067,0.4770339577377678,0.05052057799577979
82881,-3.7543519245527426,-8.85808412697515,3.7245560947147083,1.1596656699887826,294.597722035607,1.552965940931652,0.05052231700308729
82882,-4.647762393780224,-7.961212548410074,2.109664921539214,1.8456833610159342,442.9048052568114,0.3457264193757936,0.05052361601823674
82883,-7.59385481429506,-9.046903748372557,0.4893183721569947,1.8362388567802816,449.4645854365009,0.528487944476935,0.050524626246430566
82884,-7.339929604767734,-9.850747815069846,1.6473239219780837,4.3315931612291925,263.8084411051469,0.2579087382942964,0.05053278055459857
82885,-3.9475368384642016,-8.327541218228827,4.0745823568264665,1.025877352366516,468.28957637834475,0.9058482806922692,0.050555158853068764
82886,-3.787234056570976,-7.887469088851762,3.202204831520458,0.8247867669780811,469.32490497822783,0.20934542445190374,0.05056010276963963
82887,-3.9053345521229197,-8.240838203846286,4.073475415336717,0.8807936367100372,468.638455934796,0.5626694498658003,0.05056023119985408
82888,-7.359370143504712,-9.57526063048124,2.2429235458563794,1.8981766553400456,240.37307738939455,0.4346622585383191,0.05056083370566011
82889,-4.266791916717346,-11.288678212432417,1.2456504927471717,1.7396611802102304,467.26212553473664,0.08407589799389292,0.050562889049360384
82890,-5.18402029030325,-8.077866196526285,4.276252070187536,1.2103266114830122,302.75081491604516,1.126148200878661,0.050566740806432316
82891,-4.279573220445878,-10.639394061818606,1.476077035818894,1.1093576725533763,289.8080920857723,0.25077909194455916,0.05058034273579574
82892,-6.473207809821991,-9.585753830095172,3.0526784834922354,0.9171056343362425,158.75503767672905,0.24768679251809456,0.05059840647240729
82893,-3.591946167638059,-8.37529501868746,1.0353461444144143,1.4055482938504342,316.7956852726314,0.5016843016597301,0.050598888027034744
82894,-3.210340466439943,-7.973448861995824,3.6431105124062872,0.9844941327306568,467.64549640125335,0.058997185551523224,0.050600184201460896
82895,-5.26966189332431,-8.687266147095231,4.0336695047767455,1.1794433626781455,304.51993291304444,1.6183921525821612,0.05060096856386001
82896,-7.738261680905188,-7.05798455787595,4.704228278391117,2.4765984068591376,454.90370011497265,2.0906872285868836,0.05061390058303748
82897,-3.267332816060331,-12.502172439827895,1.0831214485123932,1.7321279848194309,467.655572082215,0.4232160100818154,0.050616987164308215
82898,-4.39252604530177,-9.799892417703909,2.6575911408963164,1.0941197727663579,287.1103579039275,0.45264262003549316,0.050621641465994564
82899,-2.87847574938215,-9.15912158387092,3.725754126731881,2.107350514377999,416.94658984423927,1.8303949173243188,0.05062811329401522
82900,-8.319172917224842,-7.756541214519321,3.020586451199186,1.1795758024374958,301.1549321901142,0.7974073000904092,0.050641270042787165
82901,-6.810744975061306,-6.930609050595333,4.092186544789009,2.1953164688306477,418.2233014105713,0.9850800925772782,0.05064508984684955
82902,-4.984138860517168,-7.817841187992251,2.6028171981576493,0.9870792311003154,470.2717082663444,0.027838377201190312,0.050655147380120606
82903,-5.1724903259793,-9.350728218977011,3.274853745135289,1.182776309522952,468.2714805342065,0.21201248911016446,0.050658054335642626
82904,-5.458822800053763,-7.908157892014873,1.8388321966513037,1.6668722929707644,344.57510636195724,0.6888579632171323,0.050658701526302544
82905,-7.13902146007406,-5.924280641251956,2.628652276918835,1.1846391497373785,240.83233423913464,0.3153861204988866,0.050663187791729986
82906,-8.508206366904055,-7.055126708421082,3.337078975800522,1.0183919821438823,220.70529596861337,0.010943683245611346,0.05067027765188993
82907,-5.485207058346824,-10.236643068757802,1.9604846809329992,0.8960093371876253,231.30577405281485,0.7023717901683737,0.050678934793793505
82908,-5.171703647193485,-12.048319948669915,0.03246066528469411,0.8781278727431204,192.61692302783825,0.6296371850782192,0.050684076710560126
82909,-3.823513184294125,-8.966209822481172,0.2869721852918096,1.329949217547765,320.8911969086606,1.962545812533686,0.05068731996348425
82910,-5.522110160095247,-10.226467038290217,2.010703828217999,1.546299832934492,351.2473308174868,0.6786576177140562,0.05070486429943835
82911,-4.861204912274584,-10.205762561876513,1.942735584497585,1.6685214773840034,468.6734567074914,0.8327615303919567,0.05071011609418971
82912,-7.485360112081836,-7.901544634653267,0.3687654816875989,0.8919246864596797,153.56517019877532,0.18905352527913877,0.050713891459028305
82913,-5.093155921710883,-10.237346090018955,1.8943885931168094,0.9092782969696263,182.1942011963372,0.6859044344997685,0.050715685875735134
82914,-5.087416580647498,-7.757896447059571,3.3028015785143685,1.089208913682799,467.99205717191626,0.8236775293586076,0.050716254104875645
82915,-7.029121068755597,-6.42752722131015,3.6896292929743217,1.0041752367840553,202.4741606454436,0.939420163173943,0.05072174746017552
82916,-2.7727070246901846,-12.60058074188809,1.1704183752224515,1.0662202791099762,269.32566216105704,1.2848083932375554,0.05072284202550061
82917,-4.538767753909188,-11.116535068456553,1.289253985159506,0.9043690631450132,254.38833037239723,1.0933018903482123,0.050725121779677106
82918,-5.655532536604698,-10.21807135028487,2.0665479948499037,0.8252972999540632,468.15885018187385,0.15146232780704771,0.05072791421472078
82919,-6.938196979142846,-6.678279697376046,2.2108294644850077,1.0354927684967574,278.70361700262066,1.1880934195442636,0.05074918597966465
82920,-3.855524614524355,-8.453422981112718,4.038054304570654,1.7064892581166689,469.5241776399821,0.2424724576621058,0.050761820338263715
82921,-6.6411361863370795,-8.454629861971126,0.3339830959180043,3.2287843627548725,515.363484164185,1.1438788274102079,0.050767125940426316
82922,-7.184307068538709,-6.905268419617805,0.9162794532273558,0.8284475042610291,467.40072653162093,0.13860601900264413,0.05077027094369587
82923,-2.843636634535155,-9.89609019031687,2.9819685807656326,1.8602783485945305,468.34436771340694,0.4909301015849037,0.05077290492247093
82924,-2.783627936007753,-8.46795178366764,3.212568782374797,1.6724870864847972,362.4756903151479,1.4177588843996611,0.0507870754879245
82925,-5.855483810945479,-8.266511598134814,4.484529619395428,1.6264694715280807,435.8784361902774,0.7655695517952674,0.05082158120120992
82926,-7.183596751671596,-10.8478412891404,0.9245948512889484,1.4175979630809112,338.3778234329169,0.5096153760645965,0.05082426814825266
82927,-7.799472608739066,-7.906799365191035,3.9466633060320424,1.2393901627549588,303.2142668008559,0.5275348187430273,0.05084075184110304
82928,-6.286446538971182,-7.951932147580833,4.7179748211048675,1.157331317111879,275.40422149388525,0.1276610689531248,0.050848928808998974
82929,-8.049364225010804,-9.124698964909937,0.9933656265781104,1.5697003209826146,359.59126487081704,0.2938880081806916,0.050852574026084035
82930,-4.946832288648098,-12.834183373824715,1.0408655230217931,1.9146100058912894,395.11463019573176,0.7247906837304177,0.050852997181434705
82931,-5.409030120732103,-10.214335850218715,2.018594040554546,17.274260596198292,594.249117867576,0.07360589229959036,0.05085588361390144
82932,-3.733628068014827,-8.359970162600419,1.0837749588384638,4.51725709039006,381.9613583243742,0.10116024591773254,0.05086054287310554
82933,-4.897487840607723,-7.814977140485862,2.821267728004596,0.858170769989878,227.91126543861134,0.11739255948437677,0.0508768085800267
82934,-2.530947333268257,-10.578221928580673,2.6670898522676905,1.75963051546994,415.91214915098936,0.5441826395969382,0.050879073633633407
82935,-4.02165981206123,-7.97538333699081,2.2515057038445767,1.3412572827891733,317.874958824413,0.19740474201028224,0.05088124686999624
82936,-8.836937962393163,-5.371915855081837,1.8230048845040001,1.8475117133202867,469.17835592601426,0.14301215994182304,0.05088363560234446
82937,-3.0072967553900405,-8.188323495957947,3.757304960363468,2.688864612024999,473.5044454613272,1.766508869506091,0.05089148022363171
82938,-7.46390378990494,-7.728222268558666,4.575314833399642,1.6172456483022637,405.07715761144954,0.12401702588369545,0.050898885178462534
82939,-5.550195661909468,-10.130910468781044,2.28888364694001,1.5700504589751758,468.08225669624653,0.7207629305120022,0.050907324746481984
82940,-4.295684305405166,-10.241741863514914,1.8049274066756997,0.5415578257009875,134.80769678062586,0.1665135929632422,0.05090889563161367
82941,-5.7039967356144725,-10.498889306903921,1.5500508817369343,0.8359187614762285,220.91415152894035,0.5217682172948619,0.05091467428874925
82942,-6.3282341447729875,-7.275570686239679,3.1007286269720824,2.229529987047821,431.129235731812,2.310993357813566,0.05092822282373177
82943,-6.564237934182268,-10.035494012276795,2.4224343340516534,0.9258908763031808,244.94800409759102,0.6517154230610105,0.05093123811900941
82944,-6.163820891704307,-8.066560803427528,4.657102247340708,1.7929633946639831,427.22150320509076,0.2633720800380486,0.050949904791065696
82945,-4.038572467421694,-8.472790098142209,4.033182475485967,1.271538908092198,277.4659469696638,0.08957691235566045,0.05095402047678171
82946,-5.535651713717976,-9.937885280890718,2.581724608306548,1.7834724862652895,424.60294340111136,0.3896236011286698,0.05096191495772342
82947,-3.3572978088482985,-7.984894181438425,2.2944234619496804,1.8128094627343776,375.3293439462323,1.0611201365746066,0.050971568234091144
82948,-4.051685154145529,-8.535088778722738,4.002781335556313,0.9502416054245837,467.36526524788434,0.931795846390135,0.050972689486163465
82949,-6.7553777819919905,-11.242133728431163,1.0567940104142548,0.9357136459318531,467.45232626026075,0.5894659024022886,0.05098189162401453
82950,-7.16354411558998,-5.850973356251115,2.871123087695311,0.7967192789020111,425.8772270909327,0.1266086653100169,0.05098261967590087
82951,-6.05559888984623,-7.47859892775348,2.7848524987405305,1.497590152541912,344.3810061601588,1.2308343090049618,0.05099160459967764
82952,-6.762779562285825,-8.946838665262078,3.760235108378776,5.44955863648295,504.3127970453906,0.025427260969928867,0.05099442682249286
82953,-4.540781638837722,-8.203533397037937,1.448618454936258,0.9065847413587681,437.96024970501736,0.3969929689355789,0.05099490823128469
82954,-4.937542778299635,-8.036851960948326,1.794604033176754,1.6115100385808425,467.8645384505913,0.44133785877278253,0.05100388993441889
82955,-4.199284715579772,-8.247302946019008,1.384009356966925,0.8063179834569003,199.4975998353846,0.6172902590152045,0.0510061495132064
82956,-4.37596115324411,-10.206551662626126,1.8724629145827512,0.9182552744178453,469.34159166392726,0.0048255193123498685,0.05101117082144781
82957,-2.5946285194807164,-11.070683846927011,2.116228072270072,1.2845540202086234,274.0997296688524,0.5993122843939185,0.0510120893289681
82958,-4.126752375397141,-10.0358227904353,2.264948398251658,1.2796261577088714,443.38094351980584,0.3604991391515009,0.051031092317094254
82959,-3.0310183968706985,-8.964976659950546,3.7488165191584133,1.7743909465297991,468.18798744864927,0.5055038624777319,0.05103643576651049
82960,-5.89961907996978,-10.16699375013319,2.264502764072408,1.4641352596972304,348.71966062271827,0.46357282902799124,0.051037320706192525
82961,-6.914780647014261,-9.003102060761938,3.5971665530165167,1.1338729030366088,295.8459561599064,1.381852080342406,0.051039512670675066
82962,-5.262577074717447,-8.03727530971526,4.276822410162624,2.119210140534878,417.21720540253,1.6621695030156216,0.05104073461700864
82963,-3.1686887403186805,-7.9480504550412405,3.4123870024111795,1.1302333964598297,467.4309881477515,0.29845001700180696,0.051055568102330556
82964,-2.855630136621982,-10.293365699815089,2.037685798469657,0.5043207964974984,134.7137288249,0.3150670096397743,0.051061585317146906
82965,-4.391532197429095,-8.781808223486909,3.822893088985448,1.6116864591226736,341.745697486519,0.3574606621714578,0.05106201021710725
82966,-6.0135204910932405,-7.470733281693519,3.0591913903200982,1.2172832112569945,255.68926917378644,0.2582703907370716,0.05106876526072944
82967,-2.54617665705417,-10.003235966644837,0.43655505641782133,1.7320264039980429,353.9956562321485,0.6743222561643796,0.05107243024195448
82968,-6.368607311381198,-9.885568745484857,2.6769191004127437,2.199404810148034,426.3307135645218,1.9027176210085877,0.051079063142980656
82969,-4.590353637709597,-7.918838602056223,3.7998791217414474,4.770591441861636,593.7711519116598,0.2382525332164036,0.05108679143856733
82970,-6.384021418532075,-8.189728081942643,4.640172221159992,1.0207778553063678,276.44064639597843,1.343295113765608,0.0511455797841988
82971,-6.256702637968869,-8.144633619063317,0.7758941169607634,1.004138007705247,275.64994812601975,1.8549525201710173,0.05114567459505682
82972,-6.921244228526071,-11.147979235888743,1.0111236529259284,1.8764998467241283,450.45030223813495,0.5528025939314336,0.05114753914885181
82973,-2.722314008572555,-10.459072648054809,2.4294972398554973,0.8431407266252587,174.78761023168553,0.6509713680069931,0.05114950256387493
82974,-7.283563058474649,-5.265421490779831,1.8904564740383212,1.792484149354886,467.56101373561677,0.7807597957552916,0.051152910641071345
82975,-7.037874309581104,-7.700174862680108,0.6415398719691363,1.1392461524004591,293.37907507081263,1.8401473720733366,0.05115489657634965
82976,-7.066817947358009,-6.223861998965799,2.603894942515588,0.7736739870340057,152.01594655371107,0.18144117502980972,0.05116046845774703
82977,-5.926063703191631,-7.949972882104572,1.414901925923593,1.1791214790383457,467.9836942701695,0.36043535166090557,0.05116382271970218
82978,-2.695454605246576,-8.537491205177623,1.2141452640283072,1.0018821999862884,274.06686496453653,1.8382796230022889,0.051171084711062395
82979,-2.5776020499962797,-10.598026015980144,2.9832239816040502,1.6549511422091827,388.5959980753325,0.5732992269357258,0.051191077671258446
82980,-4.120164107677478,-12.939988104208327,1.0433014687573292,1.6600229597820135,432.7831761414219,0.36740373607355536,0.05119875649551127
82981,-7.397309834685089,-6.099778340753012,0.6986707928179376,2.761992828778919,481.48065787161624,2.28372266900863,0.051201155148996334
82982,-5.244851391904186,-11.288337175673139,1.2318286804040393,1.9725988862309352,400.0599632084412,1.6446536923066484,0.05120534538448089
82983,-7.269523522750989,-5.639791282699147,1.7443348585086127,0.9588871850360221,142.03881835181392,0.3485828716512307,0.051228162603005854
82984,-5.21162362043324,-9.802880525870107,2.7104086390115585,1.157064745985071,295.0625380117743,0.7534719574493849,0.05123261077652046
82985,-7.241631427245443,-10.839956588978387,0.6473907276701003,1.0393964305478436,282.78825268421224,1.1376321285903055,0.05123464817859255
82986,-6.877066364544952,-10.069747178829761,2.125613145110231,1.7080254177206537,402.53686245521857,0.04626818918311848,0.051236962362292277
82987,-4.30513820507982,-7.889651058679212,3.5191705970072995,2.333881597001223,441.78335193135416,2.2565347742390207,0.05123959554118562
82988,-7.4912004589164845,-5.938368746496839,0.5257313984914277,1.8408921520773764,468.26964691690637,0.6422418319785779,0.05124028907827046
82989,-2.4859353905152286,-10.126136071828114,0.6318175865821891,2.9936935755585092,432.6837692044588,0.14554043530164318,0.051240820488105625
82990,-3.0032408504720864,-8.6908894991909,3.9870121206356464,0.6665679100899132,135.32352830597839,0.5790448677462594,0.05125308486860676
82991,-5.5196339476019345,-7.793491481375132,4.096552289911903,1.0006664203281828,267.0826362377786,1.2071056083100071,0.05125451104482783
82992,-3.242486518992102,-8.314507912093248,4.060056577690521,1.3716587650702075,296.54406452927014,0.9888854238862406,0.05125928088846339
82993,-5.831868205958683,-12.456915284797955,1.0214753241466132,1.01031957337372,469.38964428476186,0.0007996061597523862,0.05126178366098419
82994,-8.078598928057843,-7.386811219013154,4.02434045124207,1.6426363123864753,382.6417808500241,0.5631443668240843,0.05127099525781762
82995,-2.9384891442998935,-11.42266545660039,1.2590663319383686,1.8748980834999331,459.14206467964055,0.6122112906178652,0.05129568981203351
82996,-6.278526714799019,-10.652112970037829,1.4127207179574992,4.331639247029165,584.4242776097425,0.6073347327824345,0.05130151402389909
82997,-6.006946595373237,-9.971836666602417,2.5723444056617586,1.741424955016797,409.8625490235033,0.615576146662316,0.05130886085020059
82998,-4.665078543739902,-8.489521761629854,4.091759894689523,1.8106020967294265,429.7768575067822,0.5569983040593227,0.05131155955774592
82999,-7.313942924708048,-7.753984044495784,4.677396370902332,1.8822867551353597,454.8531559213902,0.4424874723904235,0.05131278147265069
83000,-2.945699685965222,-10.748645631014975,1.4775271129194265,1.025956984150458,203.36538352938342,0.5873237261278224,0.051321107085296254
83001,-8.125717987593244,-5.347108184178612,0.29551669722607027,1.0103482310388425,198.68915722003027,0.3907693666443812,0.05132208086546788
83002,-2.8435445990255097,-10.189273520811827,2.577610422280459,1.0471024672752094,207.61639065622998,0.38492974488574294,0.05132499543382646
83003,-5.521094771037083,-8.185459364318925,1.1032475486892608,1.1293494547160183,468.3642686499126,0.5146427625299195,0.05132769746169646
83004,-8.282911491167535,-5.7391087599549895,0.3870898327232815,1.2576760323768144,314.56879440163397,0.5361285660088049,0.051329605167824296
83005,-7.693913515415446,-9.456524073759544,1.5464292274764866,1.2800158815587164,316.2544043467056,0.6076595831225768,0.05134059217089749
83006,-7.699003847266889,-5.9066967563822415,4.512414338358825,1.6674757789933226,390.5249923880557,0.18768771996113554,0.0513503464512498
83007,-4.047410650341158,-12.049662236338897,1.1181648536892226,0.6826190738288076,467.3864058737075,0.4426647640341521,0.051364373012113176
83008,-3.4176629358620234,-11.821195946699678,0.002952615667090097,0.8365304295719802,469.5275189409304,0.009828102018638596,0.05136822932199718
83009,-8.060116958057128,-8.631690106814844,0.6050237293349574,0.8737262782498959,210.64453477314646,1.0104488538431946,0.05137422065250945
83010,-5.779224706148935,-9.550781933150908,3.0922835502521733,0.861435223881389,467.4231250315644,0.5749133270226734,0.05137505606881916
83011,-4.616839012763871,-10.737504852440711,0.00296748211041737,1.0209795879460786,267.3208732875827,1.1462181195882382,0.051388460836060454
83012,-3.872670740686565,-7.93861529680016,3.640089563999561,3.0243171839557688,310.3296393460497,0.10759500202289818,0.051393352060224336
83013,-5.008109874930197,-10.970318700115703,0.015006997257391587,0.9363031637483968,254.26238042843576,1.0500744932824242,0.05139861167205678
83014,-6.984178993586476,-7.383549327291636,4.846642665884168,1.1270852883914992,290.4334986356825,0.5245287871936393,0.05139873996668439
83015,-5.850011307669564,-7.5540776485132675,3.6119484001163684,1.1923198896124163,286.489983129317,0.0549160165257625,0.05140622656428533
83016,-6.340769468050436,-8.62169235036655,4.243998735878071,0.788476805020253,441.633017357942,0.1602390884517435,0.05140802381980878
83017,-6.192209368131211,-7.467142219120628,4.106210125149968,0.9337511621932728,200.0072154554724,0.3443675160241808,0.051422525192726755
83018,-7.983749569655622,-6.080300205539152,4.437649834885059,4.411738670713931,577.0233000392124,0.29468992840125097,0.051426004651082415
83019,-6.58179418095054,-8.877347846966666,3.910614944946284,1.5005454172164667,344.4412684565593,0.7081657820613207,0.05142914236530398
83020,-2.9230024775600247,-8.275385969962873,1.6559854594256012,0.8916575800558768,468.7173062882601,0.24666897428452028,0.05143923044262451
83021,-3.815309859190875,-8.295359111533372,4.06139244576224,0.9954358877893101,265.02160149851426,1.5476966116771154,0.051449167435213515
83022,-5.488316345940259,-7.666296235393781,3.198331859274242,1.1179081244991742,266.3949335485308,0.34667988576168884,0.05145102043374629
83023,-5.871331724839652,-8.484291019553313,4.325282400474786,0.8339482205162986,346.90085520447343,0.25706550661770944,0.0514701347103401
83024,-7.007742510189099,-10.39723903803732,1.3449095990538569,1.2178985457151033,298.7883392865203,0.6752259182155997,0.05147451600774059
83025,-6.525832388291997,-9.017177655464998,3.750063095260013,1.3769166183978852,325.033224616086,0.3080229472833693,0.05147925864025127
83026,-7.278655955389179,-6.852310018972149,4.766057368481655,2.8863300098816653,490.5898484182514,1.6853808061939999,0.0514863192749526
83027,-8.608994199003305,-7.491012378615804,2.4196103948246073,0.9137023235415861,468.1683707150231,0.9106060575361852,0.05149247901897965
83028,-6.408991027106548,-10.22388860174041,2.085991386332485,1.1721921703045792,448.7846780375659,0.16933414177765282,0.05150825981943878
83029,-7.34111850716592,-6.444558961898566,4.548682068768121,0.9471720454572797,199.3561816437648,0.6595275204174724,0.05151580467041107
83030,-6.720656054369474,-8.421060660625953,4.39615338653261,3.8857568698297347,536.2808824955131,0.2592047047300019,0.05151605938678767
83031,-4.292287021477646,-10.483775112808436,1.55601124614308,0.967111725558639,463.18408262840325,0.4845833094244245,0.051543681469608596
83032,-5.922579671504221,-7.514636229197317,3.5042090011058566,1.8855301088689764,467.6353613510492,0.31238428369911286,0.0515463129492428
83033,-7.330110542640158,-5.420164609625409,1.354847897266984,1.5325367582546432,347.0871879899676,1.7558809167492866,0.051548553830646326
83034,-6.090752622622008,-11.601661891720347,1.1122397205787766,0.6783733480278322,210.8331195921475,0.2649687494183688,0.051556703039489324
83035,-8.533115399673434,-7.566769227057786,2.6103782741919637,0.9294953284361032,249.92440178294768,0.9984361227970746,0.05155835740078834
83036,-4.477749215342433,-8.15759750749114,4.0921005043245335,0.8001859201742891,166.1812219375239,0.049677391643518476,0.051583020610784805
83037,-6.79140265365473,-6.794449951441501,3.1106767779345055,0.9955765857671983,206.8561912558611,0.5786554837624847,0.05158305759999176
83038,-7.389522598860786,-5.646897656681317,4.0132429519971256,1.8133329551814628,469.5981135949885,0.23735254061775635,0.05161133898343418
83039,-3.068362327513091,-9.099928313354729,3.5755550857441913,1.0601475714457227,183.3938164778145,0.1331724045435907,0.05161868115505788
83040,-5.078304246346686,-8.632183886548681,0.5303882092735416,1.890775645998731,455.1667345151274,0.5792999807653141,0.05162595632924454
83041,-7.016765071172214,-10.389380222687782,1.3443645015042593,0.9760449736371738,264.78412799705376,0.4495667943527275,0.05162602547079942
83042,-8.835464726002021,-5.352537944924614,1.7685211301858037,1.2477248781542158,467.69018910740147,0.1897806972094811,0.05162832805650485
83043,-7.413489690404045,-5.6525399413291835,0.7332764968528687,1.0834034452372616,283.957679157151,1.5389675388861166,0.05162948380160654
83044,-6.289968114831563,-9.658407983416938,2.9711260019602648,1.7976694852962412,467.6091056948389,0.452857133901313,0.05164490563449857
83045,-4.892916131061524,-7.797485185356186,3.2729202590192896,0.844396505981741,202.716082500529,0.6220628060934006,0.05165012414809779
83046,-6.071332970948856,-7.43711173190306,3.361191529476346,1.834170505078566,468.3891103679336,0.3706376791227557,0.051651762485004145
83047,-7.669430865546642,-7.081983105222088,4.743343752886287,0.5393583908687991,119.09680735829637,0.014586281456602457,0.051652486855283924
83048,-5.545764707555541,-9.020920418882579,3.7027074584001474,1.0103056252768556,466.483663439899,0.6918089548857411,0.05166021224233582
83049,-5.3127166865753885,-9.12998533121361,0.15147950218922906,1.1587329006110108,218.19897529386367,0.055417413805243676,0.05166417234492557
83050,-7.759194956074515,-9.684627600788179,1.0172319737265767,1.00043088018815,274.34654107254386,1.5240406588233757,0.051665371803960546
83051,-3.4546016770653996,-8.914225255508974,3.651846198150897,4.224962832251934,582.9794683609504,0.9588972098026938,0.05166608176510313
83052,-6.1204238176507495,-8.773132017474447,0.2514985085168685,1.2268737889358923,470.4164938213616,0.08628354040294628,0.051705938986119505
83053,-4.423775186883462,-8.38263372431797,0.9555923160554021,0.8081364177426352,160.83208474576904,0.13180142127361894,0.051719654858821774
83054,-6.152776529248012,-12.607462264940132,0.9627439570396162,0.8230181701669183,467.1565910140798,0.06278399532619972,0.05173204156262083
83055,-6.348529169986117,-9.887317752610628,2.6675264392007607,3.3959690307579207,464.42254125413274,0.15638627289491946,0.051733736122026884
83056,-6.596052598563025,-8.273687367221587,4.565172289722155,1.259933407199974,251.4670864716507,0.030698509690034292,0.051748601901983944
83057,-4.293935324156876,-8.305015916203491,1.203368927599697,1.2053162689270591,437.5914593747749,0.017868815354143308,0.05175053739648494
83058,-8.737816733332101,-5.692647755043943,2.7651769945602145,1.2019757658310892,466.957660117598,0.19578018389108198,0.05175598393164285
83059,-5.035918243861496,-7.95707375473038,1.9643731765435513,0.8520000895837154,467.82321201467005,0.04043759068373021,0.05175672103558026
83060,-3.4013631883507625,-11.991897786751423,1.123657712128396,1.3217315992902905,467.88640629517295,0.22838511119204785,0.05176681845524174
83061,-8.506980787287775,-8.156621067078316,1.1548679755317846,3.714874249553318,550.2695544414894,1.0405474353833286,0.051779462182223214
83062,-6.015877442875301,-10.313722104827903,1.7714596298875351,0.6298542893269113,128.46765042958793,0.14548831032085818,0.05178111016610199
83063,-5.855566976992269,-7.901188628143241,4.484108632964289,0.6348814902438795,129.67099216061138,0.39726802594098576,0.05178684217261995
83064,-8.439436502614415,-5.861531945073769,0.49393863551062167,1.366844044049457,468.14118548815816,0.24672935977658206,0.05179182509782237
83065,-3.6180668477457614,-9.191782995897189,3.3565380972336025,1.9985534441844617,401.4276698761335,0.6144193115498924,0.05179251145370366
83066,-7.2265280638232365,-6.806365583511131,4.690748290229839,0.8262397774984095,468.20128048222324,0.1466245536032087,0.05180268770949139
83067,-2.8042591493137428,-10.158960490000338,2.727408982556001,0.9880445871412605,274.27562614139475,1.677271178782612,0.05180697583424867
83068,-8.852544340192354,-6.199095740500768,1.2390616664061849,0.8899291716601894,253.9531433742033,1.6811810388935848,0.05180874673958283
83069,-6.762608981375346,-10.756440443500729,1.2382945226457251,4.202126266291448,249.19911620419091,0.40055144071330506,0.0518233437380997
83070,-7.0619309572241615,-7.536396650411201,4.869400774098043,1.390307426150101,317.16535592430125,0.2949960802944407,0.05182439400724438
83071,-3.6586097797134958,-9.29899783661089,3.222191099737215,0.7813602448061473,467.20954916078415,0.41399254909560224,0.05182601317465381
83072,-7.583964187371688,-6.7795094664127005,4.799712719937959,5.4389279480487,398.0454545816884,0.12512602097954684,0.05183176994142958
83073,-4.464602538150149,-8.183544426788245,1.5380826686665539,1.4156551690310075,328.0342388038299,0.8946917611955287,0.05183782321605457
83074,-8.655019295668477,-6.81659317335818,2.9896377538760626,1.8093088229134369,429.73207301401476,0.5678187312053042,0.05184545654879294
83075,-3.4324755189388707,-9.743500834000326,2.673989205419616,1.875537427785433,466.7017866537996,0.08339475682011077,0.051855586105146886
83076,-4.556046082942295,-9.707906413827274,2.7689964801473965,1.7741673674402318,379.31134527013137,0.6390355991895467,0.05186624694574272
83077,-2.5559149703042365,-11.934940385439992,1.8825273417798798,1.0016363937572046,273.0405624790213,1.6638981231975425,0.05187060435394288
83078,-7.8554310504808305,-6.575563054485084,4.63537772485404,1.3213266062912008,309.44592695961825,0.2802740087233335,0.051905555726144234
83079,-3.262521030047827,-9.054590528149841,3.508268447006777,1.1092317969340866,287.01065362819287,0.47651407915232635,0.05191618930375588
83080,-6.51911664395478,-7.409174068958919,4.495615957556509,1.4971431686861916,468.3966863500448,0.1778475083233495,0.051927868170113765
83081,-8.021797184178016,-8.61997705596131,2.286063707304248,1.5489098279158897,468.09733744758665,0.5101446584179739,0.051934057027033444
83082,-8.402556776509176,-6.54953060480051,3.7987831824370297,0.886795512747059,221.01218550076456,0.20542952200786946,0.05194067903140423
83083,-8.381515855650711,-6.487807017356683,3.8505883816612116,1.0540678204781209,274.7531797986475,1.0452671773406523,0.05194445216263683
83084,-2.742128078117034,-8.81765550155217,0.5994546165709125,1.0958445381604152,191.35504765826207,0.1468367031568496,0.051948814703375
83085,-7.804352784579871,-9.361619460602238,1.422399698922938,0.8630196566929449,182.63669283371812,0.21378410019646044,0.051951216000468856
83086,-8.179590706316443,-5.455795573622644,4.065396410952956,0.8341136442408732,468.32304262894183,0.15043392714203208,0.05197591087954317
83087,-5.716995718944418,-7.731593004433125,4.135996467256006,0.9047422239144562,467.24438131462955,0.49604431168409757,0.05198815725403452
83088,-8.81836974632849,-6.606643059783302,2.011643224828338,1.4371531511809128,338.3771342717272,0.3819391636486893,0.05199355517935005
83089,-2.7753391852364997,-10.35667546548301,2.1146991633352292,0.8219938310118537,470.2190448934015,0.0958655097868748,0.05201331423495589
83090,-7.0527853556339,-10.669506581391502,0.36214273317644136,0.6657949226619791,206.65131902567967,0.2682390349946875,0.05201998313654685
83091,-8.82956728662631,-6.222772981335669,1.8431651843774217,0.9313940368459154,241.7155066034155,1.0632889354906272,0.05202485673576447
83092,-7.250883524076421,-5.8539966571954745,3.661913105063657,0.839704642457428,156.45885748251217,0.34489630022808004,0.05202860655425387
83093,-7.746253953412136,-8.186997429543482,3.6493759512133677,1.2171860235958878,310.2040635086671,0.5031856208096919,0.05205786376821249
83094,-8.58650600844615,-5.671861332781919,3.2794086996831804,1.6822999995138128,467.84199225281645,0.2346601516997664,0.052062880342814435
83095,-5.27540301385841,-10.259040012637135,1.8257652173486953,0.8538222137099364,169.7539695061996,0.7436398322647149,0.0520643074766205
83096,-7.055936284598147,-6.265519244502414,3.084857032390932,0.84364274234768,423.9921317212691,0.06644879446313823,0.052070509112589335
83097,-3.8706321058806337,-8.230801018562682,1.4907261350975762,1.31695128649696,279.4403350792448,0.8912881113464852,0.05207678578785573
83098,-2.997377823106677,-8.936794949393946,3.773937498616413,1.2250254731179198,262.03737843827344,0.7676979678128024,0.05207863818951876
83099,-7.442017755114319,-7.08037898944053,0.4772486408877981,0.8155756028495917,205.53744146456117,1.2756640128700898,0.052079211766077764
83100,-5.951134075886638,-12.123925826164237,1.0469430252226208,1.1235309327770089,294.9835870418729,0.8541142677539284,0.052084493013261964
83101,-3.3166027542066034,-9.634737213816209,0.0345361940656145,1.1272207454694767,468.944229082512,0.8758413294291705,0.052085562982121004
83102,-2.9308429119060833,-8.153041383557994,2.417666141769215,1.218746392495429,271.17325504867966,0.022722006745397927,0.052088398916226526
83103,-7.81609390396274,-9.41308516923132,0.6605337660704229,0.7716387628197318,467.32522903376633,0.3402869044943433,0.05208978062677546
83104,-7.235426862005051,-5.67716744986804,1.9683849435260967,1.3819235844451752,210.0808273811998,0.3843005297174438,0.05209507774539233
83105,-2.9146729835362395,-8.482865655424916,0.9620718265259894,1.7566461735277474,374.8105817778456,0.8907981971285581,0.05209557952160301
83106,-5.754812948554912,-8.334453336268606,4.398299395078371,0.9192147816399148,186.41320394557238,0.7246642768030442,0.05210029479905602
83107,-3.286411501698784,-8.863225953602443,3.6959744738284077,1.5732185252757274,359.8300689142272,0.08023929319663736,0.05210171764801658
83108,-3.1221199898917025,-8.84564842594889,3.78650772037666,1.1088661452851059,286.58904186034397,0.9524134618186268,0.052111807669087046
83109,-5.614750507964723,-8.846505125767816,3.9109148191669303,1.5089337682294721,357.82978852514674,0.5181782930525509,0.05212524206749655
83110,-5.852283574772532,-10.118996576630948,2.3256202181155183,1.0455148019850053,273.87358603011694,0.7981761943482351,0.05212554416269172
83111,-2.683333678420156,-10.484292305218517,2.6247831708736697,3.3488492403584025,526.5381419579942,1.4651692981616522,0.05212962576363065
83112,-4.073622322317511,-8.689267563300447,0.547034805045746,1.8951585578486323,458.2441477079357,0.23918112701379357,0.05213420445369619
83113,-8.270075300445411,-5.2474726236961,3.910576076234911,0.7437215206359016,151.13858501983145,0.13542764454405987,0.05213701596030217
83114,-6.452190052045548,-7.393084596794197,4.363263746208957,1.160495359537919,298.64746270566155,1.7050729854565683,0.05215224305552777
83115,-7.949007587533643,-5.924543589521921,4.423116848972192,1.072153402609133,183.3996363257826,0.1409083848442032,0.052161940252741
83116,-5.043456208525142,-12.720811421360304,1.0381466792564658,0.83284640189338,164.71167148921992,0.0012166344285811093,0.05216579558438548
83117,-8.274799563515186,-7.49681634361139,3.4863157708593975,5.2451240911327375,500.9125289092313,0.06001296218808694,0.05216921244951125
83118,-3.3472004011893572,-8.155094041521217,1.7102423546565184,1.1477564352885665,466.236812705209,0.4994912832448337,0.05217013996428988
83119,-5.496576387856414,-9.636735911531943,2.9470669368108973,0.9150347972379709,468.73050029372143,0.8640558962015703,0.05217624260742951
83120,-6.437796739690025,-9.450902820345334,3.211236315575192,1.0615509976113815,281.93132041443886,0.9437980997558979,0.052195649628657366
83121,-5.3922369810628386,-7.729437474361899,2.7786944182386057,4.925994790150931,616.7006218872689,0.5105393110328214,0.05220009351337742
83122,-8.820746051380365,-6.53399333346955,2.1634585551478622,3.330317150940654,518.3513583792212,0.7525073660147674,0.05221789207705076
83123,-4.5439364963740445,-11.609349755355163,1.1709449286428673,1.3366829358315055,287.83119927316386,0.016282400757650528,0.05222124439747475
83124,-8.125850438045445,-5.920056832124004,4.23480971277071,1.6140524894334287,467.93447449213284,0.8914354017510275,0.05223435527819391
83125,-4.220809129618787,-9.312802679424658,3.220058938539181,2.250892807963532,427.3732234427055,1.1207572792065,0.05225671850739242
83126,-5.964183904200799,-10.081021798020576,2.3921134856941153,1.731163594088177,408.72752422468557,0.25989153519592545,0.052261944558005494
83127,-2.628798638036363,-10.348149021222536,3.108165376248737,1.079143423729479,468.0872915978585,0.46292754266267266,0.052262535316448984
83128,-6.944611819575182,-7.041848492281104,4.5456127122826535,1.2291560457224036,311.49523874875393,0.36324964992118236,0.05227652197739585
83129,-8.644653395727758,-5.3316809831281375,0.5910185765130455,0.9912752944760262,468.0970096320821,0.7290528513550774,0.052281042537606494
83130,-2.5164207943225394,-9.771521090680569,2.4324642397630063,1.017436464689325,257.45426122676065,0.15344887480589176,0.052297341581148134
83131,-6.07694642803565,-7.714076286272154,1.8482259440195585,1.8254572683951713,468.2573431479342,0.8025264132832959,0.05229751449701325
83132,-6.548070397713544,-8.169198149495436,4.6435713757968715,1.2542186272432796,248.58860673427543,0.013605792185114929,0.05229874091381859
83133,-6.563499251498154,-9.967705460409078,2.493197432775243,1.4308671410197182,325.3431417151517,1.1249628135845606,0.05230324917345387
83134,-7.18320026589617,-8.680288031765809,0.27579627915906335,1.29001974462584,286.81681101863313,0.47248237618228384,0.0523103293624463
83135,-8.152264189701121,-8.3706686054924,2.3732739523769446,1.2787990311506492,289.35491189474004,0.11643662364512153,0.0523230201106456
83136,-4.182430006279349,-8.964494685427578,3.6094953535218446,8.823475237731937,502.97765294776065,0.0860614953809602,0.05232609199131414
83137,-7.122551448107997,-9.994788626967997,1.760944481862769,0.729179863913915,216.16257434175006,0.31669312268416405,0.05234385205882186
83138,-6.003471503352511,-10.226081343201226,2.055024343900534,1.208161683070756,289.8280744830614,0.44233608556580606,0.052345147047776104
83139,-7.76408311000095,-5.702156710417719,4.430164758854111,8.554306761683636,533.5827325466963,0.01175966890524105,0.05235290368526563
83140,-4.844727914943387,-7.894081310373745,3.7823265903631613,1.0166625842165204,279.1972708963774,1.3996257428739058,0.0523556785582339
83141,-7.069359052444271,-6.214898072319326,2.8751125769728634,1.286099142586743,314.76277502159894,0.8117669255953723,0.05235668626061493
83142,-3.648635610311902,-10.010442473872159,2.2624134091539854,1.7011195143268327,467.6018199975129,0.48868184627779954,0.05235717319576643
83143,-7.273315557306129,-5.867442456794416,1.526290034616164,1.4443048654375752,223.47271158975263,0.09906714324997523,0.052373517446419694
83144,-7.168921431982573,-5.850243023879845,2.501903883552605,1.2990029358438173,279.6989153532771,0.7945038862841347,0.05238160250981133
83145,-4.686468518920215,-7.9257627541874625,2.2900925014156766,15.362820708707103,730.8507771067302,0.10798759751413733,0.05239007557761197
83146,-7.176991869155965,-9.657885801076525,2.4002761555936813,1.1103096380323287,466.7118595015742,0.8965253654356582,0.05240601689325962
83147,-5.173075615572203,-10.068475917464285,2.3053418237595986,1.2534499948893625,310.1515630475679,1.8857244220173248,0.05241264557489529
83148,-5.390200552599468,-10.431816683796985,1.592476663075017,1.0427603368360001,282.8685217066925,0.9836310488499009,0.052434955181348414
83149,-7.513214545868005,-8.084764199135396,4.139985094466896,1.641832042862628,467.56857934253253,0.4901158996712054,0.05244301047629091
83150,-3.0186433011615357,-8.08365152225364,3.385847242726209,1.1130135640341936,232.30870878444802,0.7530422650861626,0.05244877476942004
83151,-8.038638072837998,-6.4393271264044625,0.3195592423639901,1.7025766404370997,370.9499248506274,0.839457723772365,0.05245158524044349
83152,-6.760492276991737,-11.74266539707509,0.8934986712105574,0.8865389462130436,143.41705442788117,0.1443431141521172,0.052461307150021175
83153,-8.440880228117296,-7.434676829882681,3.114049755043679,1.053378047137665,276.25637528203885,1.1968686024510236,0.05246550618410852
83154,-6.642577524938211,-10.396367145237171,1.499642504677545,1.6563595068026995,384.63481881461763,0.04096282824190034,0.05246565250163661
83155,-4.632214518719086,-8.009897342683725,3.9680495578818666,1.1086477575447955,222.69712702658666,0.796542201500773,0.05248050876119088
83156,-3.8873788010830923,-11.863794107372003,1.1349003214179223,2.34909737030148,442.4532530343937,2.0276018196975114,0.0524911597144388
83157,-7.689977128153823,-5.509965283818758,0.3230606949131887,1.786871694170582,467.9622951162245,0.5899037092061192,0.05249132468884712
83158,-6.9499140041454055,-10.09059846296796,1.8520583624508637,1.7669937242715505,440.72627342733955,0.7618698191306867,0.05249136998910031
83159,-7.197994905868521,-9.851538521738124,2.0111791489868236,1.771890676689576,468.02649499471084,0.030889845383135217,0.05249671590046834
83160,-7.196742197311519,-7.940671401638451,4.600172502526872,1.5958954417748585,377.4548327480705,0.37468446219598306,0.05249763199044778
83161,-3.140203499822145,-8.520584659405646,3.9883677740405936,2.4379653452108196,446.5900208834517,1.260207200158458,0.052500783381572054
83162,-4.6090240465474555,-8.816013420461704,3.8010093143939785,1.802733514995644,430.5490091008118,0.7596777095863114,0.052501406835859174
83163,-7.410306691899907,-8.380722157685323,3.898498498817349,1.350728687770778,323.55046511670133,0.2422271451650415,0.05250419904445326
83164,-6.962904534502435,-7.158067850011156,1.3163076902186683,0.5184069710256077,146.07213055072515,0.4867520390844886,0.052514321865893714
83165,-5.27599103763069,-7.793619718426827,2.499602311793019,0.8387194233209707,244.41963090431358,1.2974763573648431,0.05252205775766048
83166,-6.893370440152372,-12.37190984405294,0.4078534977772203,1.5311783976953899,352.36354729588874,0.28669568451145455,0.052526371163466694
83167,-5.151585458366662,-9.240049375927267,3.3875087571718616,0.898476989884463,408.742530830472,0.4794537708507143,0.05254340932079941
83168,-2.5533914748752142,-12.642672948944513,1.7530247775713934,0.9291671724740713,354.1503982338337,0.06270215676707203,0.05254424642579398
83169,-8.802042227758921,-6.803077072766024,1.800071042434446,3.2940542540369067,435.00701843557647,0.103817294003556,0.0525578945942117
83170,-7.441083019877642,-8.805791181866248,3.258554797925491,3.577066213788131,489.0383059700108,0.18600492723595163,0.05257940698725147
83171,-7.203692719291033,-10.950473515801027,0.5690498090155508,0.9075209806648682,244.82415918976844,0.4401436851805398,0.05258612327669435
83172,-5.18486525021421,-8.937178736727322,3.738369026808751,0.9401475080258811,468.6291736932549,0.8304646232816539,0.05258730380587023
83173,-7.113892770646671,-7.3717983802849565,0.7861425245562494,1.2588600244109116,307.02351280535316,0.49133569364142904,0.05258840032745954
83174,-3.2711867505744348,-10.038931655593748,2.186451517323225,1.692819619923686,406.62211759706315,0.4585859396178904,0.05260424006949628
83175,-6.05762268447074,-10.73731686557873,1.3839468694895278,1.081445879140692,283.66451447389005,1.068195232518745,0.05261478011365959
83176,-8.860625937639348,-5.619555677202262,1.3874788750103846,0.928049934702807,191.6635593222165,0.9310942391125465,0.05261723343394737
83177,-7.071382285441013,-11.303218490677951,0.6614802030311758,0.7037664984702097,467.553559224871,0.37522936183439004,0.05264032989868056
83178,-6.699267142884644,-7.420711872429534,1.5179205965446922,1.851499897639094,442.45907877723715,0.5818615419487561,0.05264711354702636
83179,-2.4772255913048644,-12.380106632127566,2.062574320228029,1.054918935705543,277.5124432698814,1.7939777147174354,0.05265198846249738
83180,-4.628542789708186,-8.535396721770987,4.035044910030488,1.797144920587698,426.7763338236023,0.45226780931061583,0.05266238116274456
83181,-8.728502017322137,-7.134158325469495,2.33467098024544,1.1391609026189786,251.5537008615787,0.12140669829343143,0.05266370273743866
83182,-7.669144176721071,-5.354885456879359,4.262479990738986,1.3304213059896204,197.03178954337534,0.4519641780229948,0.052670580932447246
83183,-6.326891694162087,-7.286785431059666,3.256631471542688,1.7654719433914576,376.84039848988886,1.6981976288692726,0.05267356700482612
83184,-4.570296043795535,-7.947084724262182,2.267608861275658,1.6598002031823713,357.5948267283914,0.8668588604914289,0.052673974284955044
83185,-3.8923927153667943,-8.275185272284965,1.3513355581637798,0.9770195742031506,232.44724249996725,0.43429070186278107,0.05267420298687055
83186,-6.356222107107045,-7.71273527619185,1.5088751688976558,0.8476846794927954,162.95229839090095,0.04032757841089918,0.052675051108149656
83187,-2.8741932922666367,-8.30274762741825,1.7262256704717995,0.6690721094905168,438.0407213493227,0.42368131758189165,0.05267740804026604
83188,-2.6502400499587955,-12.99342042410089,0.015592383994161945,1.6959059145785895,397.09184685421235,0.03260390838421401,0.05271192507876978
83189,-3.85808778734164,-8.858872929708152,0.38371745627064935,1.8668124867501403,469.80002644765835,0.12953183603884622,0.0527270961892842
83190,-7.322537865525975,-5.332964260636735,1.5873736484485976,7.153218047990924,529.5865203488225,0.005782056627182008,0.05273964629833912
83191,-4.537313136847611,-11.93787787325395,1.1217588656113746,1.8077625643848898,432.8796271078465,0.7596648805606625,0.05274164077052522
83192,-3.8556791933417323,-10.11301587774052,2.0118065832664547,2.3635630010741924,442.53442481956637,1.6370253094635467,0.05275529535366798
83193,-7.114483899329327,-6.093435457246989,3.1026185332048817,1.1387603671665367,294.96267001992334,1.9503699850454632,0.05276320914149413
83194,-5.753929389688165,-8.188994796553558,4.454766671163889,1.094997655184257,282.0112391514919,1.5628889158670098,0.05276497877353589
83195,-4.770364470280294,-8.230389387458306,4.166737016503896,2.0786028831174486,411.77826369355535,1.6104102579614281,0.05277119339341649
83196,-8.244573836368387,-6.537241507946546,4.10577553466199,1.8989919417061107,457.6592457807945,0.6194092914652733,0.052775775591838686
83197,-5.036629861020573,-8.88990919507535,3.76991520030747,2.7889812358859953,482.73551957218365,1.793369745859363,0.052789140379740127
83198,-7.800259310710159,-5.032537452644899,4.241560026793645,1.3680723477948649,323.36732554955285,0.525866713869469,0.052792024290837965
83199,-3.36722078830363,-7.914727967829494,3.169465139202909,2.395480789594023,432.0984965693003,0.6373729383183013,0.052793055954818056
83200,-5.7602017149791696,-8.766105864755076,4.007472616530021,1.8685899456981723,467.82745108922654,0.3561817842192223,0.05280174511893549
83201,-6.70447575983628,-12.688109136493003,0.7156090160950738,1.2965997723654088,468.77758634708545,0.8518899150463835,0.052806956981824985
83202,-5.351001373259749,-11.814526263291649,1.1204525266868415,0.989720806526329,256.94881668626334,0.7166066446908683,0.052808141750620645
83203,-5.626355898400709,-8.858374563330102,3.890896133092025,0.674097113378383,147.74413795701287,0.13536908630633437,0.052814726260725475
83204,-4.069063151019848,-12.725404996850433,1.0468805084396717,1.5934822663050034,370.85369506942465,0.04795086026229178,0.05281492154079654
83205,-8.307845590923165,-7.141267453035012,0.5288574460438812,0.6746274469602701,147.246533884646,0.10960935864897703,0.05281609059741569
83206,-4.236486533767731,-9.509326611366802,2.9774272351846727,0.7738245297816599,154.61935146938652,0.024838306379362685,0.05282734255255105
83207,-8.191105843780331,-5.748679600413293,4.103252889472688,0.9794425349597604,257.2623701232914,0.5686028115996855,0.052835736445800266
83208,-7.808101743281496,-5.416049735125954,4.318515253705447,1.899856816557294,461.42330718114397,0.5264649268680763,0.052840499265528994
83209,-7.423176663482809,-7.929486138585897,0.3840540105977855,1.1982501795602305,303.215057902298,0.684858188940427,0.052851129692272236
83210,-6.5822217224382165,-12.03240559471658,0.9136002474407863,0.7018368572403911,198.50539052048094,1.0832109718698169,0.05285633835415386
83211,-8.452399678731105,-6.676654474589712,0.5265882183923424,0.8649137399512935,175.27970755603863,0.9646521553300653,0.052860938252408826
83212,-7.561492165703931,-7.251490090239394,0.3874075296551803,0.9854917627373594,467.46762668346264,0.25005063020051743,0.05286118691704086
83213,-5.852779193357108,-10.213078933888564,2.032932034642753,0.9028865803314773,467.38785526776684,0.40837861222459093,0.05286668587341664
83214,-5.663848635754353,-7.70621145620725,2.4415394098298164,1.8229212845566627,469.0857439454974,0.6355555354954756,0.052872577942511045
83215,-8.231425314955803,-7.185911113690738,0.5318864478658367,1.1191052024448729,204.88218397830911,0.09139157126001773,0.05287403436504177
83216,-3.3438336764172156,-7.981759990622286,3.6485971084640605,1.01342222789421,274.9212509725188,1.5940577512982568,0.05287703344812463
83217,-8.440982098202099,-5.044134534670936,3.5516424252563112,1.4564061490782112,321.9122087318107,0.08504257601279086,0.05288256559321025
83218,-3.8148951086163194,-8.22189364325953,1.5119195102870644,1.9972604573922852,401.86337690844687,1.499526250036351,0.05288283889942838
83219,-4.93399654386306,-9.76895906348919,2.70856234388111,0.7666122268264903,201.695090903741,0.9602844249931879,0.05288341624849548
83220,-4.319311433504111,-8.374893743268874,1.0230252345259512,1.084768579298984,281.1428132079353,1.6212647671565827,0.05288610381288561
83221,-6.089787147253567,-7.469953764961832,3.751403231422993,1.296465021934115,468.06432203706555,0.8100095648210361,0.05288624778058261
83222,-2.6585246242841185,-8.855574801976822,2.820576312914812,1.3893771872534884,333.779966282509,0.32341641223157236,0.05288831888895511
83223,-6.608451485516991,-7.052925892891777,3.0625656753414883,0.9079278949495817,467.5092377729812,0.6747416071035355,0.05290780273615097
83224,-8.12173227521574,-7.297899425077392,4.004026106202783,1.2814035691926275,278.4448904733985,0.5365005669618874,0.052914260382757976
83225,-7.047622156392915,-8.494779851458352,4.123508671139758,1.5211960822739385,357.64437172230123,0.4386763262179256,0.052915300814956115
83226,-6.8193972560126,-10.087875569821012,2.110558506644922,0.7757736436719708,466.96366707091073,0.42213255666172156,0.05291718102998066
83227,-5.326042739775466,-9.926666799447888,0.023442208141394038,0.8685813281393179,198.0273583648975,0.2419527038862226,0.05292629770124637
83228,-6.259765961583879,-9.145804214381194,3.6049687432097994,1.6039165602805487,411.1364709168684,0.2485725583334375,0.05292967478875047
83229,-7.555669690270863,-5.548432076315157,4.21738018012333,1.8507807260817006,467.7554398590874,0.5764733978934728,0.052941019434041156
83230,-2.536416252982341,-10.968580136099959,2.420558038709225,1.1806857938150428,300.58204466746747,0.7874203033742999,0.05294291305055479
83231,-5.581979944990927,-11.056200431527731,1.2767886216282305,1.4742911764837467,468.8995321071222,0.7758098455712039,0.052945802721097585
83232,-3.8649168998135517,-8.251567160842114,1.429937305747863,0.9844639461104314,467.8225002555176,0.35109395223696627,0.05295433248213102
83233,-2.516393129293909,-10.426413818102723,2.546010801380496,1.4708869369453854,201.3692879093233,0.12496032027810333,0.05295521656392854
83234,-8.814182667511512,-5.713362224031818,0.9514820552954137,3.1434778263218974,510.98323643958526,1.5186815612700064,0.05295522763558094
83235,-5.8817943370265064,-7.781515279274678,4.354740019234689,1.8609535993782926,468.2973923836584,0.541106204795736,0.05296711017881613
83236,-3.929769158957182,-8.431258205919494,4.020493871199996,0.9823612966371651,257.6097665938603,1.5856702832808844,0.0529790735664558
83237,-4.722959990071114,-7.852621520118898,3.4586698221200507,1.2027657251732715,307.9620283223557,0.4621812977872688,0.05298035714377813
83238,-6.340841376063377,-8.119672004924224,4.651086194906454,1.2412463332049213,257.035999274,0.7320284122670184,0.052982827233768306
83239,-7.253065927226967,-9.496923187466184,2.523384189631856,9.403768521713944,683.3195484604091,0.12984393718996756,0.05301989976561273
83240,-3.706185062004689,-7.955430433474857,3.584709801217276,1.5670499890278553,225.32690786454765,0.020028934080127847,0.05305353757034651
83241,-3.730985699266683,-8.483474248386427,0.8469396598829045,0.8427013603000719,468.4500826189494,0.21875216154010335,0.05305421245282318
83242,-7.238453993985028,-10.659700854880654,0.4417727203267589,1.1836557199082736,467.7872185769792,0.22816884820422523,0.05305446129753968
83243,-2.834098349655778,-10.113562530780651,2.6907096784309017,1.493039870872875,345.7047551250257,0.8530630288390624,0.05306442901800087
83244,-3.3796004620117612,-9.826114462752644,2.5507152857185664,1.2569752160893974,314.11046749157975,0.3537697983289103,0.05306827504855997
83245,-3.1613353175871675,-11.03093453066667,1.315270312546535,1.4835164672160124,467.83963891351453,0.9247639638078828,0.053078997136098954
83246,-8.630832292921442,-7.115768165244928,2.825150309995646,0.9705194994133447,269.0141011293993,1.3340862851326252,0.053080297769858724
83247,-4.73161908297418,-10.352433541661114,1.644179662313327,1.0981544532637804,467.15565963172645,0.06553203641684391,0.05308534959572141
83248,-2.9417969306892555,-9.619767768840687,0.10433090653367663,1.0640620380223493,465.26527117497756,0.6013211063111967,0.05308862340165375
83249,-5.974719287968393,-9.70295870155679,0.0569583866661745,2.5560594950539413,463.3097400680947,2.4102730434139827,0.05309057555866785
83250,-7.288423059771038,-9.201284771452432,2.9070227711714565,1.4125219206904323,323.1901387658669,0.05969237867213639,0.05310088402916624
83251,-2.615766407461374,-8.803256150893237,1.099643664583124,1.3860874909727312,301.5680852801791,0.9987008010207346,0.05310899181954676
83252,-6.155054035218139,-12.80210792386929,0.9394780985301324,1.825129160340971,467.58633946677486,0.4098373587244444,0.05311172090688324
83253,-7.61601183932813,-7.953444881949561,4.149335500942511,1.85915839515826,467.8101956134887,0.5146099043050247,0.05311701859012741
83254,-5.617708304952696,-10.681622427566602,1.4297412391543702,0.8346078641141211,169.3249934421283,0.6819203168588421,0.053139398309068005
83255,-6.7974474720763425,-11.984517411495652,0.7692670029756166,0.9499665581755132,211.79610549205913,0.011044462640724895,0.05313941561769036
83256,-6.134800877164865,-7.581221486469632,4.2747123868378445,0.6606437564902526,193.72642827777878,0.9632644604435994,0.053146426751345434
83257,-5.610112870109188,-8.640028117579238,0.4374149532270303,5.243438335717958,633.6568226647371,0.4874820848738617,0.05314840024989889
83258,-3.5176000844300663,-8.958373618517552,3.589878913360397,3.0857605027375024,507.37756398439416,1.8025356803537465,0.05315376765467204
83259,-6.081153599681758,-11.80218586055442,1.0715579108203424,1.2438972993056596,275.7993284300997,0.0039824998454944804,0.053159985937240486
83260,-5.822285811032117,-9.284018690498518,3.40434549630823,1.837750385091894,385.16002152127203,1.6615363693014125,0.05316028320733101
83261,-6.688582211600931,-7.043141516870513,3.905631197464989,1.1431794586755137,273.48088987316424,0.4400210177916639,0.05317312567668933
83262,-7.50697698804618,-6.546799340143847,4.714701588202357,1.2404700859064346,306.41083426648873,1.3786683254987677,0.05317698121044057
83263,-4.478442946987387,-7.94088200205971,2.3400820571220238,1.1051071932180048,287.49188619435034,1.126618401975021,0.053187539517403376
83264,-4.471490232510439,-9.787042990362512,0.012743277590740874,2.49727368550937,455.70016377304637,1.6823570181665906,0.05318779007243214
83265,-5.2956337293286335,-12.283731611416181,1.0614862358683896,0.8946395806757085,205.77059095842853,0.44269008852789593,0.05319735030349917
83266,-6.988947928412936,-10.586055308625921,0.3521677087192428,1.6941654524700254,367.4259972631701,1.6251629793116473,0.053208139597175214
83267,-7.508103619318726,-9.23988994926721,0.4727868444676141,4.302933595637083,581.0530951723924,0.5596337673754448,0.053209684678221084
83268,-7.915019868571343,-5.0199823655918605,4.199792353470696,1.160052088762684,469.8774587430734,0.10544631753849654,0.05321261744551913
83269,-5.0264085692108305,-10.810859016426972,1.3833938130121284,1.0019355732460862,266.0879986524611,0.8245058718693334,0.05321493719792729
83270,-8.72224063082752,-7.009364772810981,2.5065382210619513,1.0889166428465709,468.1923731158732,0.10525737436175309,0.05321950870780653
83271,-5.4597408101126685,-7.719604248369603,2.737650240179486,1.4847544520313283,468.5356713765912,0.6700067740445155,0.053220793179538345
83272,-6.517033387694619,-7.163069176449977,2.8574116497308824,1.734136763539286,407.8135179262708,0.2437924432911176,0.05322511424206257
83273,-7.58040853804434,-7.10562963104042,4.774996446952357,0.846189162552311,468.9370266330539,0.1736906417026356,0.05322698711741264
83274,-5.791980481278792,-9.033248734681168,3.706786762192819,0.7862206633579762,163.3386925820822,0.857999574573439,0.053231119253868114
83275,-2.5148310233432376,-10.948604373824558,2.4262440345273766,0.9186281852219825,202.14121720764075,0.43561241251812444,0.053235019671381945
83276,-7.398655964553146,-5.127468764891592,0.850010039844457,1.506877926359626,348.89133739238804,0.9265383539688168,0.053240060357366704
83277,-7.879170874447757,-5.841581572936259,4.4261089414408135,1.740706880082087,411.2787661945065,0.15877077090476455,0.05324502401808435
83278,-4.893371311745809,-9.679526181376158,2.814719505025801,2.0304558929742207,402.8850038025164,1.2122388383933442,0.05325090812472697
83279,-4.353051191530895,-8.9426183337528,0.30736028999473086,4.66274305487785,607.1564935395744,0.8077573741139004,0.053258468413142586
83280,-8.325670599761231,-6.136477660204313,0.4456085418417478,1.0652144497695337,468.0330877002882,0.38279665733891743,0.05327403385120692
83281,-4.128617602800487,-8.42063095330414,4.025462735483697,1.8968127311174396,388.9457169763225,1.2272528681139079,0.05327631034458422
83282,-2.4066775064534625,-10.485040226930394,1.084481132686071,1.368920941848525,333.19859050540066,0.34176469965153,0.05328106215679947
83283,-6.854052626651693,-9.452114855152782,3.0208444210660974,1.0868754762833264,284.7575590471597,1.4288359665308281,0.05328306272953961
83284,-6.527652750707774,-9.405450685617001,0.1174770265092749,1.2497146668201806,313.63039512112493,1.3133653604799163,0.05329145794292983
83285,-2.698852893000857,-9.246929328164228,3.6161461595701585,1.2725145358823307,284.158912391539,0.8794638235635537,0.0533071873206455
83286,-4.285114798007996,-12.78070247962559,1.039559058774436,1.0849203871322208,468.04460758273353,0.34009920750045897,0.05331684330059258
83287,-4.3770826923578685,-8.017240914540103,3.8719863439713182,1.1445856502237512,298.7788681063529,0.7650434914263,0.05332031149553593
83288,-4.812212492112868,-9.576539056613308,2.934248343495944,2.2341907563516314,424.38801551967714,1.0890018501819112,0.05332254509937528
83289,-6.5298594717943645,-9.62508515886427,2.9517698502108645,1.0980713862689213,467.94280516042255,0.6310519350890429,0.05333135457490679
83290,-5.971121643572614,-10.154753955539517,2.233720431771182,1.0282014982434984,270.67184188391633,1.5323184490115676,0.05333750624964967
83291,-3.6262279469167913,-11.202156172545866,1.2527742639903268,0.5956183277686552,130.28249348511432,0.35616089255141414,0.053338161207658295
83292,-7.182009943083473,-5.903932148122779,2.1897504999263857,1.183880629832824,296.2464914977559,0.2796265824927193,0.053352517559631364
83293,-5.142917574583039,-10.013550157442488,2.3777295993108574,0.9526732789307616,468.00287343599064,0.5473081919895657,0.053353003672963396
83294,-3.242532015329404,-7.929317484192702,3.134120261878359,0.8595897732230234,467.8655495967075,0.48039293181877785,0.05335433584061481
83295,-8.10932158529997,-8.312988238565145,2.604456164698804,1.7644961798273895,468.41184642879387,0.11371928951258603,0.05336348737675861
83296,-5.0265823724917915,-9.684493969987198,0.031047872525283602,0.8374543263459314,198.64762221766617,0.35870662390593644,0.053366728893059746
83297,-7.013560498286516,-7.47207995134462,4.845718397465252,0.9754722343958006,271.7525053208546,1.2267063299259275,0.053369743183076426
83298,-7.229464738502266,-6.109482274403747,3.9003139033295544,2.3146966727696863,434.00799523299116,1.2490944464168416,0.053385635837481175
83299,-4.998282471134471,-10.144796347475005,2.0250675436784364,1.0023097119197184,267.5032180265559,0.8884060929198645,0.053394716819852056
83300,-6.184382011392131,-11.7200002088096,1.0709725925086448,1.0999819597113176,287.8005911164171,0.7937235539101275,0.053401000651239865
83301,-5.933778713644514,-7.599582618730288,3.9845058231322352,1.5854835222542563,467.6827362620639,0.3846223832356932,0.05341205987631657
83302,-7.272547408105865,-8.37397985761652,4.060829645406345,1.8425010668804656,440.5089426598311,0.20330875351638866,0.05341392129644568
83303,-6.97490191146311,-6.924102048371109,4.41947296974035,4.104403746588083,522.684773080011,0.16366002413485692,0.05342780080884516
83304,-6.918480314831457,-8.636962666492732,0.25103551736549345,1.6899750527302653,418.3765683768634,0.400090583216957,0.053439702720352804
83305,-7.311066852717429,-7.576141228341699,4.762306330286517,1.5811670149750854,367.92287756216086,0.9144773412601852,0.05344151324586714
83306,-5.178362970221101,-10.1666292790466,1.9964581828162495,0.9459989899085451,231.77469248173807,0.9879264715106251,0.053449096579949396
83307,-3.6348648153043897,-9.984605606655915,2.2801758173878217,1.4756463275578422,338.76356482671446,0.28567367980468816,0.053453590174505655
83308,-7.1695669336112005,-5.897920576495346,2.9841522140385806,1.055122393358418,277.47333778257314,0.21266767574473278,0.05345559270720466
83309,-7.331344631778574,-5.704426465270802,0.9912490052584655,1.0484871315935853,282.4001489136669,1.1690906552345313,0.05345914339889827
83310,-7.080066493461352,-6.936633222984521,1.2716345384211802,1.0971476249433147,467.29613639689234,0.2531339010850413,0.053468132487262766
83311,-3.1011436138513346,-10.143973672973143,1.947137594625475,1.1140107303051008,467.874420230591,0.46153434631224943,0.053469824502867254
83312,-6.3230675509378536,-7.352023206134821,2.664292971188772,1.194487736728902,296.5914143471048,0.21634708745146813,0.05348089007442912
83313,-2.8847137162950904,-9.23008857209168,3.6134803170084084,1.0860215180349226,242.46872365589212,0.166592902844239,0.053501215588101544
83314,-4.676023198957501,-8.966852842212521,3.6310512602461613,11.291539072766259,669.8836907553214,0.09623814596670943,0.05350730733651053
83315,-6.4257881821584375,-10.174596066955713,2.166486192816708,0.7627331622951214,194.8499052081557,0.3417835258733204,0.05352079710953295
83316,-3.8656295818742734,-8.340230262610003,4.0314425906052245,2.164125127434305,420.2165903323305,1.4984154835465118,0.05352462808162106
83317,-4.015462550683024,-9.128413533492928,3.4142714689878013,1.473186773494887,327.8895022699143,0.13691149724339802,0.053529894084564746
83318,-7.0585197835196904,-7.428088264464331,0.8280577341603076,1.6887472581089231,467.7538630217246,0.5878436795084605,0.05353547241998407
83319,-7.413307201118523,-8.589176963556351,0.3481313924352441,1.1402523027500293,292.15808937136336,0.7791512073112674,0.053540728844631506
83320,-6.4777766137554895,-10.18244535765292,2.114119228272179,1.097221977717214,286.38583597487974,1.2558958841330625,0.05355022340449585
83321,-8.34056423741801,-7.442742717071574,3.367603419626487,1.085677484645794,287.4366935811838,1.176294747612455,0.05355102603174663
83322,-4.915861002411099,-11.625008046837559,1.156782334399907,1.0759239937161773,467.58354474742424,0.7677517547931814,0.05355583375464975
83323,-6.652934748571081,-7.417865664643057,4.620816605275274,0.8176558652560448,202.6670908495792,1.0578861130718566,0.05356571175873918
83324,-6.436276885045851,-7.255028742179186,3.8057121132799483,0.9756345040721661,151.77101420879237,0.24755666769289775,0.05357566920011315
83325,-3.650757953704046,-8.544010340933706,0.7584013975981789,3.0662020970180635,233.91170926515252,0.4029490077881279,0.053575809586739846
83326,-8.790152342361186,-6.084343731211663,2.4746137225510463,1.5625759758106939,356.44152063502764,0.0033148051255187383,0.05358372337917123
83327,-6.210006162593427,-7.377256196664857,3.130237029759982,1.5109741353719726,468.7550065310383,0.84192280717033,0.053584878000947266
83328,-5.086874382582335,-7.929406086944463,4.018270073870737,1.1004587293286356,267.70703890591847,1.3626763376111404,0.0535865955268415
83329,-2.6565412713073444,-8.672915697594519,1.6553763349036907,1.3080317213777655,227.82858965566504,0.04891655542425699,0.05359662051153118
83330,-7.282392509667272,-5.189981745788243,2.2199568125151727,1.4151585434612584,317.0251553082515,0.3390842874264157,0.05359750936549864
83331,-5.282932880262671,-10.822281028429556,1.3729582970556204,1.7418000380479066,469.6917698473092,0.00048658970638282284,0.053609905592192975
83332,-7.387467693560722,-5.15994556639369,0.897060941742977,1.7945344265332792,379.97646690402365,1.7847208643086274,0.05361029045740467
83333,-2.9626911325489633,-9.89987117304231,2.6937270219863043,1.0049930249219645,275.46733568131026,1.5067617133244715,0.053618230169447376
83334,-4.7497530337268135,-12.905586614471506,1.0251648406416924,1.2703180113637982,267.1326516018747,0.3593595899547575,0.053618949748795774
83335,-5.79100274352158,-8.329009873425164,0.761518215293149,0.7833595552611445,159.7231800055526,0.05613295707812416,0.053626409504642564
83336,-5.985217758694472,-10.258894608267425,1.8542494701838648,3.4059887157315965,526.1018480123981,0.8796077126287738,0.05362975025191789
83337,-8.247236470684777,-8.077463792030173,2.6346210087873314,1.578136662271304,239.90526131600808,0.020223807001588767,0.05363479299098394
83338,-6.252736861914736,-7.357659081925203,3.003692760539241,1.2155459899417937,303.64588545592375,1.5623374492813218,0.053636135268797895
83339,-8.484639766621545,-7.819659892735534,2.2910603580683846,1.7494264119782352,414.6690014400501,0.32785054694019067,0.05364101222773181
83340,-8.752480926832607,-7.048199035946778,2.245869575726956,1.8714677779600586,380.1967199950377,0.8527646699478053,0.053642520969658845
83341,-7.176117131407469,-6.247729044507573,1.77818955220399,0.9927459855888817,197.837592571575,0.9418894342141177,0.05364409475565093
83342,-7.458064121578234,-9.26421330008781,2.517532554619932,1.8701419438668072,469.73478246622227,0.1131903257513347,0.053659112244168625
83343,-2.9080530420990938,-10.015870634240017,2.6544953082343983,1.004703241587573,276.76152638668026,1.4136994499612792,0.053676197774849804
83344,-6.955130428809006,-7.010525205607016,1.605891598503146,0.9298990369587508,263.3498482732855,1.4708301670877786,0.053683436109166795
83345,-4.963709631441475,-7.801669801226879,3.246547820506879,0.9722134722358462,269.2053860638004,1.745457005183602,0.05368985086138923
83346,-8.54936706854,-5.743708793082653,3.366568717430121,0.8439595588478648,171.9295992708661,1.0474685411742604,0.05371092144031667
83347,-4.842186059101535,-7.8258851376356375,3.170431650901732,1.2886010830713353,308.2488032305902,1.4592142598396682,0.05371969417311424
83348,-2.468977775272407,-10.451074727030637,2.215519654232083,1.6013016436347354,350.6981870524129,1.1874817043024537,0.05372568540137639
83349,-4.296572819877053,-7.91192285052685,2.652247236007859,1.4820599052667955,354.27265670405893,0.58127128693038,0.05373107161717854
83350,-7.091294385797008,-6.295285192347635,3.5306388804693127,1.8795598211850058,451.53531156237193,0.5165404396356488,0.053740057600596323
83351,-6.497790361956863,-12.823864216644383,0.8299148862941458,1.020969152202345,466.57809399144327,0.12564782551258702,0.053740453984170926
83352,-7.220074294418739,-5.8704054153160925,1.9518560559800893,1.0543712423770735,467.8264663949314,0.6003167223077304,0.05375590488521333
83353,-3.9517292054925433,-9.856956853754273,2.510813344060121,1.676391266917774,358.69296421789034,1.1321431617583881,0.05375936129964578
83354,-6.441250433979502,-7.207993048682286,3.3471784379174254,1.8856426750246695,466.6554872840482,0.027549718686120883,0.053759586841832116
83355,-6.064147679712349,-7.4918374541437815,3.7523102697235324,1.1589357348549618,284.69752060329637,0.9919617880397977,0.05376555670614229
83356,-3.8573715707378433,-8.865804758625092,3.6835417380714133,0.8966075204281307,468.25704603690576,0.22140669326067997,0.05376781703658746
83357,-2.4468127929192836,-12.587024342684746,2.0044137659436294,1.7212319197915606,370.94033238361646,1.6252646063833556,0.05378462416775913
83358,-4.825473195066515,-8.490887625896557,4.078473704375491,0.8965651986762665,468.463121871111,0.8854280332889015,0.05378532262316953
83359,-7.6604730668660554,-7.301189256099407,4.6412812770926255,0.716920030346898,144.64509699997816,0.6579810917578719,0.053785927810722695
83360,-8.49530698992471,-6.502917134809586,3.5496387375051746,0.8701016841899687,238.9486082182112,0.9661472523501935,0.0537890977787575
83361,-3.854901085924566,-8.069318992000088,3.8764807202015827,1.732670008538784,408.77549822161313,0.35356151928877555,0.05380196309850581
83362,-6.173016083343827,-7.779748742924893,1.6183946104326066,1.1566828910231373,467.99520606551897,0.36575388092480665,0.05380775504377159
83363,-5.719451025945489,-10.221634129553614,1.9282141007491436,0.6698280825913776,143.58178295243283,0.08965977462087693,0.053810256440525936
83364,-8.862456140579978,-5.184285724879136,1.3303285644436287,1.3021923735292724,311.7201431423243,0.7487767448323206,0.05381061796288127
83365,-3.580608662539242,-10.355349303818487,1.6220378069755603,1.1090681255170494,467.63505696432355,0.9363027048651071,0.053812792233288616
83366,-6.872909718595649,-11.142334678542952,1.0216648662895305,3.715487112029446,551.5124947959025,1.1895677965218505,0.053812940869919175
83367,-4.78856230923437,-8.23809140836585,1.3323642446907307,3.6851639387744375,240.85878554574072,0.40292723576297096,0.053817093676359624
83368,-8.376694544042412,-7.198653892296997,0.53868343401995,0.9966429116763625,468.2638813136197,0.13852361263666335,0.05381734048174019
83369,-5.773852133397901,-8.860986624148941,0.25615908435984647,1.7784659952087194,372.48206953773456,1.1196679240952507,0.053824416482253466
83370,-6.941607174480925,-12.023101809266572,0.5403985182472989,0.8548339606393498,219.5799268747654,0.5399732469147098,0.0538295855600538
83371,-7.333894858237153,-7.488514349085353,4.785286203745841,1.242679899199848,274.5691118446401,1.0140650023431084,0.053829664184524645
83372,-5.188660298708353,-8.325033169834704,0.9509652391081532,2.3134548663913606,438.06830396787575,1.8414947598692581,0.053841092952390486
83373,-8.275900801682726,-7.067356552387079,3.858039349465038,1.7850223267919711,467.98233088454003,0.3599548192071387,0.053844287631013114
83374,-4.563268714340322,-8.168553620248026,1.5765114354532554,4.606896644186309,596.1966437225684,0.38575214399792834,0.05384928849016193
83375,-3.5536261114471612,-8.658340595356627,3.850438828529487,1.1636221009720742,298.79989816708525,0.6965406873516047,0.05385241084525494
83376,-7.205338044861448,-5.888320117103552,3.383911922667892,1.0775715729091782,284.85282369574014,1.5509220219155564,0.05385572359987507
83377,-4.427969921110307,-9.129595369430326,3.4228303865795175,1.7565497406676442,414.1410942483209,0.6199974475104275,0.05385960670661277
83378,-5.528331359396099,-8.338439651822082,4.309242999215424,1.6087979661838019,467.73144987035585,0.05782937845848579,0.05386924761700171
83379,-7.214042517305153,-8.036685915231393,4.486624233813988,0.875516679934928,224.56264704386194,1.1329357918377534,0.05387487060368269
83380,-8.442996521973308,-7.085572299987274,3.448675585441887,0.8451064861636222,194.72174452275118,1.2690465874714212,0.05387638089066102
83381,-5.032455695038075,-8.236378108681565,4.199523769766046,1.7998635825898557,467.67342854698245,0.6139933135632969,0.053884522589763915
83382,-6.481780891088328,-8.752522610489418,4.051891241341028,0.7567955449654571,468.4180845294165,0.33729188301679613,0.0538854313292531
83383,-6.823646191362244,-7.010331301685197,4.220221769574098,1.7495621588187367,414.2406661224571,0.44007960317526074,0.053886121402481814
83384,-5.078180958046569,-12.01555075850844,1.099080921390585,1.5474177498972412,355.050032802137,0.18220877982662476,0.05388695664391591
83385,-7.2214594124362534,-5.737687911669613,2.0871506134350204,0.7587955314579119,197.909693309862,0.9628509188866188,0.05389643096837544
83386,-7.29615602726746,-5.852781960685068,3.8346349319363324,3.208652013071009,516.7658836723521,1.702060730460885,0.05390158287207454
83387,-4.253512092796329,-12.631067368150587,1.0462821010134986,0.9384341829035976,246.0495675449993,0.6739647294273503,0.053905770354704924
83388,-3.196434691854871,-8.668814663411084,3.8729167118308268,2.6334756120776035,465.9320959615252,1.315302314183822,0.05392293194752641
83389,-4.290840764058425,-10.765447410454101,1.4025431810109914,1.8444271455048453,468.858343103316,0.6422966458018706,0.05392854120912417
83390,-7.253374686613505,-5.73060737698127,3.471141541525823,1.2782044535159656,308.4614998966844,0.4941477733342863,0.053937543841526506
83391,-6.877683782921878,-9.140119159748608,3.409333364034907,0.6143449946087057,122.38889715884099,0.0829321769640039,0.05394225174436144
83392,-3.528667907059906,-9.231952657716123,3.2715668709404135,1.0266060364598149,280.6462434795433,1.0811804575741082,0.05395613296031491
83393,-3.2933501835977808,-12.209162760530727,0.00879829376868203,2.54252420452928,460.5371689252232,1.8729813340331773,0.053965193983285455
83394,-6.493829948844372,-8.928068932454082,3.8370626343914234,0.5552068689105394,127.86062386331982,1.0817582177840963,0.053970575730693617
83395,-7.28127967074945,-6.005973016540341,3.9531396224071536,1.271938549555705,301.6763551842969,0.3846102288443136,0.053973498706342674
83396,-7.314330269026858,-9.073141640423406,3.0458350444856794,1.2998665173335369,289.22552886816277,0.9058344439443324,0.0539744846015908
83397,-4.523385905703291,-8.37899033625619,4.079236468477613,0.9014203703147395,224.76129590888735,0.6683856704652902,0.05398267928280835
83398,-5.860079220339432,-7.683130354075163,2.2970267944415044,0.7078005363197332,467.5097489003635,0.367425285586477,0.05398498218709343
83399,-7.17951317558211,-6.271825542709537,1.7446166189813408,0.6786762168755938,136.35449861506106,0.052319028295481296,0.053987209310414716
83400,-7.107155357944043,-6.22112633648402,3.419563395302721,0.7980249862171528,161.2537284404815,0.11833258701779759,0.05399098937845061
83401,-2.7304313699311953,-10.158067908624616,2.954591149880704,1.176906212159389,244.6542963853545,0.31637342216058606,0.053992146902193186
83402,-4.429731808571919,-8.058834795720374,3.9427893881994254,1.2910440143048905,287.6931464390614,0.107704932596417,0.053992873653587924
83403,-2.6092066276360626,-9.564896956587933,3.300493411596978,3.330158908983763,473.4333981698877,0.19185100752636775,0.05399625034135687
83404,-5.181456576158316,-8.338056920861574,4.210837826874691,0.9495730539219416,248.7218406577436,0.7546387565947041,0.05401982993252426
83405,-6.831765973921267,-7.886349966832432,4.764509208966389,1.6254760460474824,372.50454483465705,0.1791515362405578,0.05403210220630513
83406,-4.13925820277237,-7.960114526391417,3.676194818568842,1.8789889339025765,468.2502254837933,0.46788728925474476,0.054037699577801135
83407,-2.766715506568187,-12.030713299288161,1.2067691667710196,1.016949126987016,204.015633316251,0.14108192399315111,0.0540496731759944
83408,-4.60057686557382,-8.218585486193547,4.108420209310847,0.6285342685454132,140.6503703850105,0.3726436082094535,0.05405836565212208
83409,-6.2296067792569705,-7.501816518810381,4.176004975743107,2.49282614299384,454.4455912925068,1.551119694354564,0.05406519078063941
83410,-3.0263117005990816,-9.244110995652747,0.2332338287273069,1.0890363021023493,283.6007624335274,1.24043653202052,0.05406928559424086
83411,-6.429455341140688,-7.6915632142848755,1.4718107084278862,1.8088423607383268,372.02816603117105,0.8142493350743853,0.05407341669571807
83412,-7.337385281401003,-9.868872598465613,1.555695504183765,1.756421856811333,418.960267759263,0.9377615185616062,0.05408464336508945
83413,-3.572444269865402,-12.917878319682284,1.0312252529370394,1.2467388862194753,130.75377891840404,0.348125424806887,0.05408618396197366
83414,-6.77247158739797,-6.851903568230634,3.190155401888823,1.4455922141003097,329.623934912476,0.7576240626112325,0.054096005002663
83415,-3.562967109284286,-8.02552783203515,3.751010167542673,0.7511562615821122,160.79623988568798,0.03404520088463325,0.054102090648291155
83416,-5.4913653976180035,-8.064933045419647,1.505185007825923,0.6557422590739227,468.71579142163836,0.4353701736620694,0.05412075495297662
83417,-5.738637113929207,-7.727031188100934,4.0855913604104,1.6369226646603512,382.20734237825314,0.602412750026331,0.0541324312237197
83418,-3.5275879374657935,-7.920588921803953,2.9086652521566716,0.743445164501098,128.62071381977032,0.0939834286171175,0.05413822386601379
83419,-6.038327868989761,-9.341218122870643,3.3395135101899265,5.994001735568529,265.86406685488663,0.3064796841879085,0.054173025609695995
83420,-2.6949245729616482,-10.347879814919903,2.8104802965204514,1.5358920244593552,364.8174591849571,0.4746258864937083,0.0541750972867656
83421,-8.673152771693758,-5.2436986278775555,2.92147327430234,0.9457303735468546,290.686668577369,0.00023020520539862588,0.054185727971400345
83422,-5.1109900206613945,-8.83408825258384,3.8166888548717184,3.293647564961602,522.0890938286791,1.4167618468746657,0.05420284660234189
83423,-5.258588496026992,-7.746302188233769,3.2442902041057016,2.6280898919283158,454.21561785944925,0.5913774963299616,0.05420456164014188
83424,-8.480409375570838,-6.332688599320103,3.591249623551929,1.7646879954931414,458.1941806057046,0.07645211759814341,0.054210126373457804
83425,-2.674880692771554,-10.498400292463689,2.5174896699645175,1.8093057750040287,432.71368349314685,0.6733803970340757,0.054218041702932006
83426,-6.280541198672095,-12.398319443834703,0.9423409014616614,4.826135542543907,433.54912274543614,0.021194315393892715,0.054220163429551604
83427,-4.956837228243654,-10.071005378913135,2.1868230385749636,6.967687750788061,305.41226575706634,0.2637744541268976,0.054222799123099956
83428,-6.978798158275744,-7.865030100775568,0.5999708838991756,0.9564228921254178,191.29174282832324,0.9982993703384464,0.05422351074356849
83429,-2.8700689658005096,-10.420875776509439,1.7103142745973534,1.7304887783915837,410.6640759659601,0.5737578490733872,0.05423276638829427
83430,-6.2716412997928686,-9.019799799375507,3.743972640964397,0.8474690810044335,231.44482771404057,0.11685384427561996,0.0542502737203912
83431,-6.218559059673291,-10.239846572711816,1.9145363695523094,1.7497698491385667,373.83724728887887,1.6662841038626608,0.054266246154717854
83432,-6.770435422869689,-8.667074784025807,4.0682594304067585,1.0268550226496609,269.03133154280056,1.6013054300788978,0.054272089932903694
83433,-3.1624345700791876,-9.04413093478251,0.3076597891162097,1.3367961797254535,320.92773820570375,1.6123978443229792,0.05427209001619006
83434,-4.149524343110894,-7.905941085423372,3.0337490466061006,0.498756248666793,117.87746879483078,0.887504130033105,0.05427469075926938
83435,-3.3428068692050115,-8.112807191155344,1.8377371814942376,1.0094654407535633,277.70019335664335,1.5729795025910889,0.05427594869157076
83436,-7.080620582180742,-6.5091227840248065,3.9839385651603254,1.733079748839491,363.270561574634,0.5781282506714973,0.054278358371424355
83437,-6.956089679634902,-6.590430846016137,2.568355327616444,1.1476034493383085,298.0659750228282,0.6355386764858357,0.054279964856545994
83438,-8.67551600179368,-7.469080249064383,1.9398176192534653,0.8367148798532303,236.12765934731112,1.400732396996342,0.05428213507044542
83439,-7.193790453033511,-10.37003028196175,1.2066128286883333,1.1621712716785335,280.1289681152019,0.3762429073946514,0.05428575262098427
83440,-3.8732544862163714,-10.410239543492352,1.5804011602670345,1.7464474219155237,467.61207898292815,0.1298562792860336,0.05428806138819309
83441,-6.478083697622591,-11.854705028653099,0.9721152720257069,2.5050095157714765,439.39135006233613,0.5494045566374544,0.05429582975990665
83442,-6.742679118578245,-8.839545672412777,3.8686773258104643,2.0274539952243478,393.37161402577993,0.35578142689962444,0.05429708024615865
83443,-8.825430148966072,-6.612771729279459,1.1976188678177595,0.8795236174867277,467.620895999888,0.6813842621546033,0.05430039662097645
83444,-4.100338339637542,-9.458022129142417,3.020442270717042,1.1699322486606145,467.6012846279563,0.48071799417063055,0.05430504236139261
83445,-6.8537598222949985,-7.902413208933434,0.6682630858402058,0.9397290164529726,213.69888560159708,1.0417248857379526,0.05432103940215751
83446,-7.124166981315528,-11.143091289385016,0.5965036959413846,1.4015723319434235,335.7437080035009,1.1148628775701122,0.054324892037405044
83447,-5.925692032983302,-7.59195441178055,2.6291309301351546,2.312402541335625,437.22005310208965,1.570850546649761,0.05432583420272048
83448,-6.425072078878705,-8.423480746995368,4.4111230099062375,1.6216841376246312,379.70723849903044,0.2798276075578281,0.054327634695372336
83449,-6.240161617878124,-8.923199984525981,3.859793734666495,2.2155471536538647,429.2000087986484,2.21927653810586,0.054334607448846335
83450,-2.6885820797701,-8.9906490930369,3.374574603102263,1.06624979658191,277.1903364050796,0.6891183092596274,0.05433484155667312
83451,-7.574873459505772,-5.582408851586137,4.25031868383901,1.2631851367669371,205.28851063685258,0.1165649962587505,0.05435150952873946
83452,-3.871693445554416,-12.13845459728435,1.0919423975994378,3.432817896367924,265.05847685644284,0.20388669996032505,0.054365766523714554
83453,-3.8774639776498034,-7.907706117801226,3.1650485442234775,1.8296732921480932,438.02806573976545,0.10913517096494108,0.05436618842396424
83454,-8.598713213920643,-7.718425455266928,1.8580587338018604,1.1020850613883633,289.837519438434,0.5810300434241933,0.054366680229865176
83455,-7.3458723331771925,-5.458164742845829,3.6238006396728353,1.1132517128359236,468.0140709333325,0.8022685961556464,0.05437893197396978
83456,-2.9885860915004168,-8.726251601331231,3.925823259082178,1.707611561084085,468.0128268262559,0.30807425527285126,0.0543869595612185
83457,-7.862439019586252,-8.927172674971338,0.5485790645836872,1.0160107420154514,468.4924343274242,0.653718491921448,0.05439182331896498
83458,-8.490355209212353,-8.121336085867222,0.9666998700430087,1.5636085724980542,349.8408140189219,1.5523354529959255,0.054392742963739554
83459,-5.518266095131665,-10.010011049561296,2.4094762744499785,1.0975598401212452,280.9832509636096,0.6193801258358622,0.05439292501214625
83460,-2.4306859146495174,-10.14856721850705,1.2332094958421096,1.5517644708803624,359.7887896874928,0.06703058925776073,0.05441215742705773
83461,-3.8536162213631586,-8.526923019029443,3.952403030222747,0.9733139465993849,267.7395977350748,1.418902405067862,0.05441477662141826
83462,-3.60405300202277,-10.12415738720022,1.933686789672329,0.6139785494249569,125.4672507731334,0.4473300060904508,0.054418032357778826
83463,-8.795761120425572,-6.801017317013738,2.055975720661083,0.7964546522887074,211.04427012536055,0.5721416696007662,0.05442524742215652
83464,-6.3799276264415745,-7.272355821884916,3.142356428188049,0.7629785295062796,202.58652809900585,1.069766793799042,0.05443707453157947
83465,-6.560253899635368,-8.541333453475144,4.274546680666434,1.2917982990952264,277.23139146959727,0.019655693984893752,0.05443738533451276
83466,-6.301305550542146,-11.88331216791762,1.0132391343884297,1.5671472326090183,233.268063616832,0.08836538970200714,0.05445216315637809
83467,-6.775473089368717,-7.335686574918458,1.5573683431143508,1.1267003559764885,289.38969401017135,1.102253213558357,0.05447404374081414
83468,-6.101659756121974,-10.231449715688871,1.918656782238077,1.7228505369307678,405.62341518837394,0.2419725436098208,0.05447543667655385
83469,-7.754079248469152,-5.582356426699423,4.356419513216363,2.3517649857422396,442.88529722617534,2.1069022047509796,0.05447832392040465
83470,-3.1498935926952587,-9.956540721374086,2.3590499230149624,1.2781055106760382,467.81384579646874,0.3977762913424687,0.05447937013444524
83471,-5.787664572615093,-7.7257253725115165,2.2246463078931766,1.0154423287576244,267.33909716251105,1.2569871042605545,0.05449192710612141
83472,-6.224524402215203,-7.468839889561815,4.053115032088456,1.7131790252907133,467.78737867200874,0.4843760157131287,0.05449197684148498
83473,-6.652665487025013,-7.019833399487982,3.0561718106753863,0.9800516925780123,261.2202049514989,1.1719363450958866,0.05449739073623055
83474,-7.056857278503435,-11.197494539618152,0.8019666552171714,2.264071764814644,433.1460904601896,1.8966769843447286,0.054501619135027726
83475,-7.033720727718457,-7.070144440784833,1.281702365003247,1.744852238642506,412.4831614577851,0.44946800030530465,0.054502851379883574
83476,-7.023061336905432,-11.233274192100385,0.829884101460899,1.5105735544475323,340.4005164438698,0.5461856914012584,0.0545051621845197
83477,-3.620045402108368,-9.910213433054418,2.3985697902523877,1.3348325403394925,292.7174127738583,0.1873555409272738,0.05451691483759689
83478,-6.353598145279451,-9.314290472143192,3.367841265978312,0.8055116070409768,469.5023468219784,0.09864256226836776,0.05452628916264085
83479,-5.716815781367938,-8.088617140863645,1.28535597775423,1.8218188381678124,381.8206387594704,1.5619617636213716,0.054526798766385255
83480,-3.7073979549974148,-8.255199842695465,4.004357434018923,1.8704582798756355,448.39111317595604,0.6074866288712135,0.05453998192840604
83481,-8.761989083723018,-6.637211201950078,0.9065414121742446,0.8056734411562646,230.3391340004143,1.418351700525304,0.05454448641994865
83482,-5.050960112437912,-7.792516265316733,3.0946010355570093,1.159046740662796,295.87456359373436,1.0913334132007302,0.054545301504275626
83483,-8.541246011887406,-7.4321392169505245,2.7515498277268646,0.8318038479852585,199.3260156500754,0.2987802561437123,0.054549907633173376
83484,-5.064931130950193,-10.091418135888073,2.1520332534483577,0.9774728694640336,195.94005153714434,0.7908307118820144,0.054550617128497896
83485,-7.3037426904853255,-5.832199861108856,1.4060575594597766,1.204087708576417,308.641741335539,0.508756551774245,0.05455071071686854
83486,-7.522648301428006,-5.502323583356981,0.5279317360656536,0.8257109611979532,171.69391299392373,0.2416604023135589,0.05456343658813022
83487,-5.680871203280052,-11.625903768989733,1.1265322852108022,1.0803482565911013,467.4710939803153,0.6614378097689446,0.05456632527918077
83488,-8.201935567318682,-5.319705643278548,3.9783875967071345,1.001762521968379,275.44369594832204,1.2668151045790088,0.05457616689492002
83489,-7.075442565653075,-7.420399190470073,4.832029319863054,1.4585036118811288,332.3332306201966,0.13179390009429426,0.05457720204367588
83490,-3.0227138904169344,-8.572852960722738,3.974830399320392,1.0928384030931646,285.1891888852949,1.2268186289737484,0.05457953950556476
83491,-6.298265556135521,-7.38220462160611,2.6433578610096613,0.8895992787305127,174.2493071537211,0.06214096501156963,0.05458320272487447
83492,-2.713802331155878,-10.518380412019281,1.840752126784938,1.0423888882617005,282.78550609003383,1.2344289436226985,0.05459666914047074
83493,-6.166234190395123,-9.989137124771585,2.4933151752598146,1.53093182779043,468.73206755254597,0.8324901453453846,0.05460053928498228
83494,-7.363836154818308,-7.557163879793747,0.4652149009352908,1.609739411285174,375.8345538604931,0.3456959607545098,0.05461121612707783
83495,-6.295881324701304,-10.21291625731323,2.0158751943884536,1.9562711875565406,391.8273437086783,1.0233993635199221,0.054612157155860104
83496,-5.554134542591738,-10.061084486991474,2.324258647368229,1.2506127150886213,468.53691601703696,0.300735047188879,0.05461504275461143
83497,-2.4543604769499208,-11.158504371783188,2.14670674035976,1.3882280042797168,329.0137845847727,0.3417725126126454,0.05463702924155512
83498,-6.466840718799843,-10.309141028419477,1.63597768779756,1.1222844350848613,246.8581924347609,0.1923110008900073,0.05464224356009772
83499,-2.6622374855030095,-10.253334980783391,3.0556389389626193,0.7718870073439176,156.7192412581633,0.22216986882516299,0.054653347596046696
83500,-3.768804057497336,-10.567171836315225,1.4863393005872656,2.9598345426556096,496.0600067800152,1.5362803127031954,0.054668925114610155
83501,-3.3094457930511387,-8.973765548964767,3.5494243344945637,1.088579016674215,249.15165988356574,0.567890814731415,0.05467132287485617
83502,-3.4366806307822637,-10.479856473511665,1.530872784571587,1.8987236415451196,390.0939942130689,0.4761805777760193,0.054673754785585
83503,-7.0040049922516445,-7.947945272442265,4.675033516469154,1.730991438320681,470.2772610150464,0.02644384826359225,0.05468430601017413
83504,-5.472467208825198,-9.646484068947306,2.89337791075695,1.7990371359904602,436.6296077267915,0.41234468411984704,0.054707350553640656
83505,-7.7902033445766605,-7.088434090390868,0.3486336192327719,1.3594067502240843,468.3905347102833,0.3990214681306776,0.05471326643531396
83506,-3.5950253314226757,-10.14114248961602,1.8855172909547273,1.5243568544585335,322.42167924814953,0.49446436173604535,0.05471347759067664
83507,-7.336742669335978,-6.978225063154688,0.6539924473365312,0.9227320591380546,226.3921412906373,1.2900382242687742,0.05471419107670248
83508,-6.5418283130050465,-12.334801468268452,0.2545887708676724,1.0877208517656463,467.8328762945239,0.8884690753217948,0.05472980808815292
83509,-5.036299627812807,-7.805451488088839,2.923408003744455,0.8067693752775023,205.116134221217,0.631493468749893,0.05474431859333323
83510,-6.468912717263725,-12.929991678945994,0.23670638699460214,1.1159902676700144,270.21790866362676,1.1312251245847031,0.054744783657918385
83511,-4.21583935786737,-8.938987738714584,3.6052958520406713,0.7771037217137456,132.18791656366542,0.11941583182949156,0.05475081570087887
83512,-3.021270513640168,-12.10563506631293,1.125912963300685,1.8336587691133985,468.1215948794867,0.14798695255719174,0.05475722189230039
83513,-3.5328268377980363,-10.118356630128016,1.9354027412810308,0.9390433834062781,128.11730117310597,0.3094809215630674,0.054764814557150765
83514,-6.467012235277026,-10.60766401221629,1.3850725898218381,0.5978017514799822,141.91132539008385,0.8810195755442107,0.05477102223366466
83515,-8.476807588331008,-6.059514946630728,3.573876905219106,0.8824985061189569,467.56050991889526,0.45640311618904494,0.05477812943852596
83516,-8.069961068413967,-6.825454794816929,4.323085543906154,1.0800281805371248,284.2275726292052,1.5079259716689295,0.05478556584133264
83517,-5.939906012341314,-11.983667477430183,1.050911080986858,1.145704252098068,467.63065334556103,0.10661099314541556,0.05480865191907311
83518,-7.608917185152332,-7.9264832691160105,4.171581678738135,0.7246234515475131,167.67589249247825,0.20412222075122788,0.054818536896497266
83519,-8.339599086462327,-5.721139243875566,0.42720938232733197,0.8394814991615283,467.67977975167094,0.5570745001846236,0.054821158765111545
83520,-5.565668675493676,-8.064238129354301,1.461492538969409,1.649060247113942,382.3689466778083,0.11718360021143681,0.054829941345722534
83521,-5.312082414626716,-12.966717407428616,0.9994697004210205,1.2942552364643611,316.27744525262915,0.22937299980171932,0.054837224537796755
83522,-6.837207888798759,-6.873129505625012,2.4120690861854004,1.4961430779015243,341.42090906907254,0.73261780005204,0.054850050301186025
83523,-6.885460430142857,-11.519521722230483,0.8475362079164109,1.9051186980146182,462.11200408142446,0.47903188651548145,0.054850566936161395
83524,-7.403430272915988,-5.875578837379118,0.7635715554852055,1.756614417308648,468.774689472954,0.8792677974935339,0.0548728984358164
83525,-7.186075697513553,-9.966937822616135,1.6288789466720663,1.0793724411209966,272.1058236360702,1.0684713520406008,0.054901939614834944
83526,-4.597281492206468,-10.889207155768515,1.3404211022615597,0.7648675559928257,202.7475500941056,1.25241608745534,0.054906041889624786
83527,-7.392737428304005,-7.822163359924346,4.5178620596846235,1.1499049494429354,274.0935331838761,0.8818656626110455,0.05492327665928791
83528,-5.778803153415536,-11.215456685528515,1.2108727878502816,1.8495356225953747,444.9272092112804,0.032540463089845595,0.05492949519603458
83529,-6.086273958483381,-8.632483938489038,4.1758858743962115,1.2875126574583262,281.02726038132727,0.4117024312299602,0.054934374665597606
83530,-2.459472625899507,-10.38172073969727,2.0891540140097975,0.9783181366262292,256.0740234086571,1.1895731664256282,0.05494376956479584
83531,-8.798946730685982,-6.731545477912336,1.8490522926370552,1.1027245416228098,301.6541355588811,0.29611978039900944,0.05495540066150394
83532,-8.185997673922635,-8.385194150102517,2.2012917638320753,1.7638361985754953,419.3401515375579,0.6002240023066543,0.054955911712171936
83533,-5.305165818718105,-9.131677520663496,0.1636242983215021,0.8207593887614201,191.4154786293584,0.15723093697000667,0.054958427593692794
83534,-2.631670141359103,-10.736654167955779,2.132775053545101,1.8383830694440366,449.56565641683824,0.5597129749148717,0.054958778086620315
83535,-6.688353243706108,-8.199645512535957,4.575884741083773,1.189850545755764,466.1513046479712,0.1608361534808651,0.054960283536634354
83536,-4.864655563975148,-8.074239209558733,4.07839058411072,1.8455095409525135,443.12649394348244,0.05584568281512858,0.05496239703266931
83537,-5.70638894566007,-10.038877852454391,2.376902373160672,1.2089019792879123,306.3146011415368,0.35346296942043676,0.0549741520184316
83538,-2.9796962765381965,-8.748553441029838,0.6285025617535898,1.2386010485229673,288.3018387470396,0.5510424750493454,0.05497469343277202
83539,-7.7408417447601545,-8.239740060813562,3.554392348359471,1.9079316417468422,467.453448082376,0.6267620580583069,0.05499676813614167
83540,-7.139121476785737,-6.15550989678464,3.4350755824774395,0.9577342161814858,206.90580929380593,0.16640991260699511,0.05500383349636288
83541,-4.38657558130223,-8.43747019731347,4.024875357761626,1.090977618692805,281.8887201780951,1.599204817140028,0.05501611508580732
83542,-8.762673425464996,-7.000816539500948,2.1825065275381417,2.5004863255111895,453.574494250251,1.3617715176343452,0.0550169397555271
83543,-6.257363431881977,-10.247447329147679,1.8356720552215235,2.640502527767686,470.3885872246397,2.1531821733226506,0.05501812471546296
83544,-6.875036850912548,-11.838512757897607,0.6918281031854081,0.939947235914147,468.9687070416354,0.5961093162123818,0.05503512111782637
83545,-7.009959193081631,-6.713825760454404,1.8983947599466362,1.2722752695093575,271.14340701192594,0.27393769537696055,0.05503737294538148
83546,-5.0248464543298805,-8.35333969007285,4.1563515018523525,0.8585201474064952,468.32007041172477,0.5058899885896171,0.05504058442993732
83547,-7.221226681249578,-8.536587533508634,3.8911513902229564,4.087411647087252,563.6006631122765,0.4271092610312577,0.05504446965158972
83548,-6.134018284375105,-8.335520681261148,4.450785763796744,1.0851363283140922,467.5993090266526,0.23816549195394465,0.055057696520682306
83549,-8.290472415064322,-8.13206925542498,2.3623710842844083,1.0279900528136163,276.8975160429807,1.7726009085961971,0.055066547743245146
83550,-3.1761491818603593,-12.658887730575183,1.0547298764998911,0.72577905465971,154.41697314880042,0.2844365897343355,0.05508058036597583
83551,-6.782847409241075,-9.339663909427461,3.194870175605388,1.4150175685986168,310.55623686530004,0.5895918442090187,0.0550853344840058
83552,-6.917432093007951,-6.75084810908333,3.8552706518238278,4.326199088987512,577.5861773604676,0.33718576622205454,0.05508932506916673
83553,-7.832600195338081,-5.132140796332452,0.2733147309624365,0.7383761291570705,180.18217664710986,1.01129981304189,0.05509296634745688
83554,-6.337156201045948,-8.881839723675768,0.19526132236349664,1.1058798522233617,467.50884606802896,0.7904496650890822,0.055093801601638306
83555,-5.005930834943804,-8.562415376426898,0.6446464457073127,2.8715223909477365,461.50265351549035,0.19189394342780552,0.05510784723752029
83556,-4.466476091328865,-9.627716515240554,2.8095196894141186,0.8955381912412002,171.88530350302034,0.015128635510507138,0.05510852159244792
83557,-7.722484729165429,-9.590532854856406,1.2467531645245749,1.4458976046468568,311.98540930452157,0.5891791635224672,0.05511141326231118
83558,-6.650373490665762,-9.328990718911678,3.2701574207744684,2.2240087477899717,392.5000884037423,0.2365088091129106,0.055113813930291744
83559,-8.053495540223008,-7.5995077156571,0.5127808195221623,0.9208942824138541,182.79059289478283,0.9070712742407752,0.05511507291399876
83560,-3.13919403796596,-8.7149319429137,0.6199472428778414,1.1120566082456955,196.72724189444452,0.11219075160916692,0.05511821185395996
83561,-2.7943632672523595,-8.637669569140153,3.587824485782591,0.6182028011476508,126.00185318657691,0.6422749823836567,0.055139355238206504
83562,-6.944876469631446,-11.909108347816103,0.5542221911410671,0.8689080183477893,212.7647083324719,0.7017507988955201,0.055142258133022766
83563,-4.500441352639357,-12.878191480401004,1.0229796118878893,2.7093748224589427,245.64946794671124,0.18362664457040534,0.055144710030444404
83564,-6.164482642539326,-8.065327863780722,0.9914623431694791,1.0237798256419273,468.3345493197887,0.5114132796455468,0.05516178200555736
83565,-3.4610659239357044,-8.018530862912783,2.218467119064749,1.692098879901475,468.51506356418093,0.5452906191196183,0.05516565814830292
83566,-7.378653263277782,-6.377632993034916,0.7327134149654111,1.8089990754727927,432.4641210480047,0.6318134519743781,0.05517652442027062
83567,-7.057200373591991,-10.12453284665713,0.3303299075739519,3.308749663930461,486.7150066431479,0.22936602371292292,0.055184918510058426
83568,-8.828142550735175,-6.323163772491666,1.11252287219984,0.8742323497645806,186.96362908569938,0.7791256301633398,0.055188101455279706
83569,-7.100447501764831,-7.60082881252861,4.80854126774584,1.4173526351596495,330.6397278544399,1.379448218342426,0.055188481034855075
83570,-8.287130993438383,-7.888077261506269,2.837309893200003,1.3796661055052906,278.3495713919659,0.5024042645365236,0.05518989396327526
83571,-7.152180094456064,-6.304079552205226,1.865936998467594,1.2352451091470344,286.92340951327276,0.5783525139389498,0.05519779821056758
83572,-7.079984201941827,-6.392470617871063,3.679175479353771,1.5276158484319573,344.9538349506807,0.6047411536742837,0.055200219034631466
83573,-4.835066910172355,-8.27940183760079,1.2192193494540455,1.108570973107223,395.6507171822194,0.544788777443844,0.05523660968540596
83574,-3.828795493637921,-8.225715737358755,3.9904840446085155,3.1462986876609316,509.7655633692395,1.2481257511763415,0.05524493894141739
83575,-8.831658503323842,-5.969730103020582,1.6057183901667023,0.9818543798876579,273.24838602616404,1.7471043732481393,0.0552496491699476
83576,-6.450859532205231,-7.819446343356907,4.70834131794193,1.7831067423639309,443.75256297177157,0.12073038635233058,0.0552503168465273
83577,-7.2493710673462,-8.335712077287717,0.3354969401709652,0.9045411775214005,468.05537244440944,0.7055206771780425,0.05525103755665341
83578,-5.916552647539984,-8.49242098051128,0.534472615051551,0.5819728610039409,170.6729720658337,1.3153493100000953,0.05526134836059613
83579,-5.016234805354642,-9.561974126452244,0.05190696095525997,1.724879964455932,406.80367573725,0.14763419272458123,0.055269796528920466
83580,-6.800587897304357,-7.600187284372048,4.790033371695096,0.8825732972749658,254.42961021639917,0.9131007107840183,0.05529273654588641
83581,-3.857754737452823,-9.037529458751388,0.26056443186794626,1.1367822219742572,128.29775779079276,0.3349871628099015,0.055302289899396055
83582,-7.81323792509923,-7.669314923421514,4.150546181355402,1.6363103521867957,378.42477759184453,0.05630031110348188,0.05531262506043439
83583,-7.671285460490574,-8.288956151785662,3.6023469702576483,1.01828303390638,276.3272209848294,1.6627582362278233,0.05531835669891129
83584,-2.978444674625945,-9.361036202977141,3.3175436865607604,1.3712382722908625,296.26337580117695,0.16165642730828278,0.05532495442304549
83585,-6.115125642444941,-7.450725838896999,3.0986722941877316,1.0036226428044106,215.18063530244754,0.1776229493938537,0.05533056703864899
83586,-6.955250625350461,-6.575095523335134,2.737589733416339,1.0019849139674748,269.4746728117731,1.1659103659384735,0.055337476244922204
83587,-7.19862423869276,-10.113109989546103,1.4103334115615225,1.0118660148915206,218.61422572919054,0.09548240881207004,0.05534821563563914
83588,-7.286364386379182,-5.594847629448003,3.430631801462479,1.4613228836825016,328.1827665946377,0.5383896336816045,0.0553524281575869
83589,-6.926039930008628,-6.65761689240733,3.47676102562204,1.4927506653848261,314.6880071528978,0.37612196138220977,0.05539659869842158
83590,-8.5900251778959,-7.3870970294750995,2.608736442691055,1.0332108455164994,468.1163306228971,0.8564239965277078,0.05540434308575554
83591,-3.9881983415139075,-10.009619959419634,2.186100529043719,1.6965645960824405,469.2140591401583,0.11004697001868546,0.05540702292420043
83592,-5.995048105420895,-7.6760738164320825,4.239703576148824,1.100731917938431,292.5485427437997,0.6278509689130933,0.05541145759926637
83593,-6.415449560412947,-7.71129488033602,1.4716099064076056,1.2693390162868707,283.62897342475543,0.8449793448522307,0.05541372705581972
83594,-2.668193031877504,-10.739220270273119,1.7730259109084334,1.1962347644938696,244.3627161880412,0.6379327363920408,0.0554156331657396
83595,-7.2575592366293025,-7.714376256137323,4.693565257328516,1.0099425032704359,274.74829261673483,0.9331440962972701,0.0554187876075803
83596,-4.427810865888321,-12.472300003864866,1.0487235365878367,1.2353476598158046,296.3081356532918,0.16549432634260164,0.055431487405904936
83597,-3.7445541988609126,-8.613081128097809,3.865629924037475,0.7698325210190909,155.0165974766854,1.0446000695864504,0.055441429021244805
83598,-8.576138279537936,-7.148542997276572,0.6825912605722246,1.087848120309039,281.5902373966753,1.612326450703696,0.05544770253244532
83599,-3.110599750032091,-9.743298682041434,2.704275243567079,1.7924537331650194,467.86643180591295,0.1039312711914393,0.055448801066361963
83600,-5.573382604200779,-9.831513489622056,2.6452790995836817,1.2163073452989905,468.8792167838344,0.8878377091247396,0.05544946958394411
83601,-6.747281519503603,-11.219781391525142,1.042511553530212,1.5742460444744462,373.05667420492074,0.5749480479998308,0.055453629986973604
83602,-5.579169256057889,-8.33138279800406,4.3058713575323715,0.8363231032135555,190.95734829403528,0.41482418135632404,0.055457967547445926
83603,-7.2043703179929155,-10.876469137620859,0.5211998123546756,1.0398750087822264,283.0089472619424,0.997110226550121,0.055464272217574696
83604,-8.805811929229884,-6.607198790503757,1.8776063106131184,1.065987050148274,227.3857573271864,0.3782407463813824,0.05546484401371982
83605,-7.645182527920404,-6.543405732892024,4.686165403376307,1.069720163939831,470.1736837640185,0.08932584419450862,0.05546970108955161
83606,-5.9573317832228865,-7.546559647100173,3.6575803903719057,1.1601105725655838,289.91727301888346,0.661660830405288,0.055475166393638774
83607,-2.8191989463606433,-8.65094756190296,0.7912219142187198,1.8932543227966308,456.54936374721603,0.4342855410527102,0.05547620805610416
83608,-6.56567551463929,-10.200346667057858,1.8724014329686194,1.4019161545771344,468.5806128514928,0.8131490470575846,0.055479180186998774
83609,-2.794561008909283,-10.251139395025556,2.226041677184562,3.176298605848096,510.9183959626013,1.1127877696261281,0.0554858989222978
83610,-4.452421864743547,-8.575887382245742,0.699875395081936,2.8224337598122027,482.9520636528182,1.3339877670679163,0.05548795387764839
83611,-4.613102540696458,-7.922805134352912,2.485039812344893,1.7279921400718903,467.86283027513844,0.680118842898648,0.05549631505053798
83612,-5.746606984210168,-7.643432337717356,3.6559955896916456,0.8792099257741449,468.2407247868697,0.41959503451643965,0.055519689018364564
83613,-7.713394968929,-5.173174500300481,4.204045879109355,1.1432269674435507,466.7772956846796,0.4721128053257475,0.055526804887194456
83614,-4.270224491806908,-8.095907490222988,1.8657635946826356,1.9455810127163091,394.2135813152633,1.300896154615029,0.05552928246325915
83615,-2.5054323878759854,-10.22976112836908,2.505668206265178,1.480541766494965,338.4984287563576,0.6076585896811517,0.05553905023439625
83616,-7.851862875553038,-7.991066461580866,3.6948046221443667,2.7272367449331654,234.70571939942985,0.4195489347229646,0.05554080412406152
83617,-5.636379567456115,-7.705775571005858,2.604422189605019,3.1400921620472015,511.2190070231077,1.6395639017581454,0.055543833476321344
83618,-2.893832950691083,-8.630910204027707,3.9043312642504397,0.7009299081058818,204.1071176118881,1.1197316417530407,0.055551858754167766
83619,-3.8623283949120557,-9.45976747270312,2.9918472679181263,4.157240093290175,249.64581398263047,0.4070869821072671,0.055552875425662174
83620,-8.82597769288323,-5.056197020922991,1.7514918336386778,1.5207763830110363,352.00996265071257,0.8505526748737706,0.05556065047686649
83621,-8.68248351714253,-6.922318901424759,0.8064920633329651,0.8667127086003332,221.8631207652228,0.10298572721405108,0.05556679711551773
83622,-8.210584746851161,-6.159149244078738,4.107764541909103,1.0169666426021853,279.1951092576972,1.3954277258357894,0.055571241110118665
83623,-7.282180200782429,-6.927375885592976,4.739949479076243,1.1353371752210006,464.4604086255258,0.7135254504751547,0.05557580097667145
83624,-3.0667471491357547,-10.08719814461359,2.053285567261614,1.564910362448194,356.2881093536636,0.19199278938917796,0.055593784490432764
83625,-2.5664124508278654,-12.481486513163585,1.6846643829816834,2.9365383435525527,494.90026902149435,1.6962887274490397,0.05560697728554429
83626,-5.3724898867307695,-12.484454267223102,0.05383215347469873,1.1854749880465927,277.612748039012,0.6024664744117691,0.05561776701632336
83627,-8.171904921747618,-8.829336951916858,0.9341986077705489,1.213006968427442,261.00275747038427,0.07929380945421993,0.055621523986114065
83628,-7.221340116594812,-6.536104092439625,1.161149092443577,1.546401898181407,366.5153405921302,0.5141684491887517,0.05562212053298227
83629,-4.144135701375859,-7.941918451317477,2.614888499772053,0.7352370042512059,468.1232179468392,0.29469767918057244,0.05562228870360971
83630,-8.16477134330853,-8.835197865912363,1.2095217330079524,1.1474018057396935,249.24721254343729,0.0659567834835677,0.055623040636600896
83631,-3.0123763194646944,-9.67316005388775,2.895094605719254,0.8721347037847961,214.15557362782982,0.8768121219156617,0.055628612915128516
83632,-3.0121937290868566,-8.088682853745565,3.208737390113454,2.304498064588157,430.6084087593162,0.9534304894805485,0.05563280232633105
83633,-3.520304763587867,-11.305957255596146,1.213636078178201,1.2121003470741754,467.5516097724182,0.24057467852366887,0.05563382019621792
83634,-3.9346085054488995,-8.011805040791597,3.712591625479501,1.381081351798635,210.47022945732854,0.12198566245756037,0.05564280395550598
83635,-5.030051188095167,-10.41104690843075,1.5787924365260118,1.8210006929859959,469.04270841967116,0.6001638657546833,0.05565376393014698
83636,-7.436985570085826,-5.568752692783835,0.7325250056284088,1.1237785491540035,232.98674361664882,0.7916897365510573,0.05565446839766828
83637,-5.9228017970599,-9.935100273792912,2.5373798895468336,2.265610572398313,252.3186646548346,0.4838077476876146,0.0556558785424692
83638,-8.5359741916864,-6.262373605566859,0.5410181208831928,1.6054864775738256,377.64487518764463,0.6077890864372266,0.05565704094086983
83639,-7.1994212820032875,-5.844378538042447,3.0680370422626564,2.2104259222026883,416.49488488112036,0.7875738394568961,0.05566755217161575
83640,-3.0789600659184106,-8.301581074719108,1.4597309432929921,0.8499219632659267,469.6946200615894,0.12492746866240356,0.055671804280010645
83641,-7.344183493402797,-5.5498614029101585,1.3553744058171806,1.7756816715384824,467.9834675431247,0.3604842138466733,0.05569172583803578
83642,-7.17153670868702,-6.631575752812307,4.3626621528506115,2.352905062735186,442.0651354413182,1.8215809454809477,0.05569219328417798
83643,-3.522938291434917,-9.401304164822985,0.09667349496527879,2.0246314535905356,394.6068573909482,0.6497082453311931,0.055696818737505385
83644,-2.6528872947997053,-12.336190321160933,1.3225458762478555,1.5036375997377807,468.034394060646,0.4487738613896832,0.05569918748357846
83645,-5.778648233366389,-8.346968058889932,4.34806891020915,8.717782922171322,676.3850304515213,0.15484710305726335,0.05571046534319698
83646,-6.503003009183993,-9.226341793368361,3.4417953385830398,0.9639726013917337,202.75047915103457,0.13702551246472083,0.055717497437934
83647,-5.833578513944702,-7.587530832451719,3.2351366275013693,1.4239300679157205,468.0562371908252,0.7060304748993476,0.0557209983838725
83648,-6.647274635035565,-10.489360055306124,1.4083372858074397,1.3205473517479198,291.62548812595287,0.953214787012385,0.05573658748225002
83649,-3.891467067589919,-7.9481584958922085,2.6025604227052628,1.7131697806217716,467.62957457542353,0.515219728608681,0.055762798063960964
83650,-5.824304261695309,-7.589517976128502,3.448408224547467,1.725033969705553,414.31058749096286,0.4692108070302057,0.05577670169376327
83651,-7.624052830417714,-9.161317444916715,2.3059373494553803,3.5027921885807083,536.407128442144,1.188537313276906,0.05578961478623694
83652,-8.403647883197856,-6.355281065383955,3.7514807751126065,1.742427308684779,410.983692635095,0.3390365412501488,0.055800894650718844
83653,-5.681378698200214,-8.129067818959133,1.2262550560151866,0.9903470639267524,467.6064939461216,0.1173292024887127,0.055815855617688724
83654,-6.684586012791378,-8.160908751688025,4.595917270346202,1.1906379446549127,243.0387523008622,0.3035279531162809,0.05581840996278773
83655,-2.4937931663836457,-12.340320271939914,2.0183313657299937,4.042338149147133,471.7989781295604,0.09909190131230527,0.05582889944893185
83656,-6.9969026270402,-9.282017636542992,3.105074459692971,1.175048187789677,299.07994722091547,0.8544951854580924,0.055839661580269276
83657,-7.170004437860723,-9.17845716896322,0.27360186980956375,0.7546764367578097,222.64837347133974,1.4288140941287226,0.05584242737592459
83658,-3.1093765395731623,-8.15943673833332,3.804724152058869,0.9732253570824414,467.588477486914,0.30718934232118045,0.05585019617252004
83659,-6.424129810318804,-9.322924823053823,0.11941815536334253,1.1217014259933271,226.84452980451917,1.0491366757903906,0.05585787353607479
83660,-7.336206974330518,-5.202909054120734,3.252802812287253,1.0033507036129434,214.62849863379407,0.4478095868709948,0.05586338084773252
83661,-4.729940835653128,-9.447326603598391,3.0496301392595604,1.1166408882897294,287.5679829349941,1.3513033751511925,0.055867164898694394
83662,-7.276722301712303,-6.274739394462165,1.1163010718065183,1.2414855624360157,276.1592674571091,0.21327009713777034,0.05587244751482455
83663,-4.074435304764435,-8.897792737191043,3.6327373580874,0.8836457186136225,254.7239819477512,1.280534264217466,0.05589958466106022
83664,-7.141354079161963,-6.063664649624845,2.669806204166323,1.089797538459726,468.3314452116264,0.5373554497333357,0.055907097901321715
83665,-3.2538061769702766,-8.800718264226964,3.7224940059161287,1.8270362583097004,371.08770879666224,0.7144101796877278,0.05590974509430233
83666,-5.381138439903123,-12.469399156564746,1.023363277941955,1.194712579707895,468.27777445838694,0.5472029216881236,0.05591255599028516
83667,-3.696180690685945,-9.733057910614658,2.631305433999276,1.1563259752250548,234.53136236509113,0.5744086724090414,0.0559149048521372
83668,-4.936530870055298,-8.423309193345096,0.8586131102434764,1.8733742614320121,449.6249994015328,0.5701424992526158,0.05592862983248378
83669,-4.429993611046635,-11.51551067821416,1.1712315832721105,0.8657374954321901,249.95546853335966,1.2992680777649568,0.055944305461782716
83670,-8.486294003997898,-5.680686009906722,3.4780338628229344,2.5439496400520567,461.0396457156789,1.9926036067631259,0.0559446655378408
83671,-6.258913889122764,-9.892191169245121,2.60221959073103,1.2999551290868374,307.129872570507,0.2951780203901748,0.05595264626915889
83672,-7.485826001747013,-7.151871448009792,4.777998031865323,0.8866224198417916,175.88153852077184,0.27172321229369967,0.05595571221010374
83673,-5.281771572454641,-7.845682637598976,2.3419219601587025,0.7704091979684647,169.74829931545628,0.018286809663263348,0.055956007359313165
83674,-5.945802878668214,-9.840657561228607,2.6622328196889042,0.9267717968825785,213.29875978768376,0.13372426289468997,0.055956636690066786
83675,-7.274898972936832,-5.702712032358564,3.4653150781801227,1.8399423544866822,467.8198403908794,0.21034614096448045,0.05595688314081446
83676,-5.574484859531322,-8.672320373608706,0.4365368853952324,1.7716400989143952,468.2113498334291,0.08023135726226638,0.055973269191925155
83677,-2.674354420705737,-10.45295641799998,2.6641127819830945,1.4759316479105768,468.3104670993082,0.21108530586713226,0.055984155742409704
83678,-8.53272545737358,-6.8367933160720105,3.3199343237314958,1.7971919509419407,469.70094434508013,0.24305659456269169,0.05598593121759859
83679,-7.581225939790477,-5.641169228855765,4.244891696606508,1.35788633984244,299.31824389096835,0.8559966583656706,0.05599430439198514
83680,-3.4483378939688833,-7.9702956956169455,2.56702692617581,1.0818400257482896,467.32943058183673,0.5856734882465444,0.05599598077913131
83681,-5.830974091502824,-12.250391318558739,1.0136101182256592,1.3392126478226065,320.0360885180338,0.20543397321985069,0.05599609991598926
83682,-6.333362867406413,-12.917932163370077,0.8651893824462312,1.541087333457766,350.1764169575763,0.9430705299643334,0.055996922249751224
83683,-4.978876095578409,-7.829990195522254,3.346135617924884,1.4382582294229687,340.7368236871051,0.3994751915569923,0.05599833162465704
83684,-4.132333708361355,-9.193167905228979,3.3151069562010873,1.6113021374475653,372.22084105909926,0.9188946896547145,0.05601749460429929
83685,-3.3111922503279043,-8.115593687725706,3.854988853529338,0.7036086429203674,468.6415167751823,0.36265117649660805,0.05602358581661508
83686,-8.21558617715365,-7.3078935808733405,3.7723548948095815,1.4914593373291625,468.18936070474706,0.5812313088402048,0.056035289842760114
83687,-7.032281190584038,-6.443205950149396,3.453546219190831,1.2232834652844937,264.11952909534506,0.09495243003329801,0.05605481960349999
83688,-3.6856206660223636,-8.021240274110507,3.6867358077788563,0.475233625157571,128.21109448130596,0.6050297416574582,0.05607244841889726
83689,-6.558347396527205,-10.163857231078282,2.0178041281225765,1.1319139354773537,270.72893899176296,1.2653106523032553,0.056073677274557754
83690,-2.7872868201494576,-10.069821828020562,2.8039771413693715,1.7221183116835892,467.8036476718189,0.43081713550961,0.056077219448586665
83691,-4.846038349237269,-9.979189863705308,2.3195434911775625,4.9181472319314326,501.38441842394144,0.05240391584447579,0.05607992251689651
83692,-5.0792716837813625,-10.040241179707156,2.2446423856871407,0.9556155998184086,469.9377764748856,0.16224043851429126,0.05608044881214517
83693,-5.654559684042445,-7.687390609673344,3.7187936689592798,1.837820394240267,468.43333535654375,0.5838663171646719,0.05608086371929526
83694,-6.533044615157548,-10.178565431180353,1.9748703257197826,1.6769116858214892,370.0718369640473,0.8332708880259503,0.05608399608451801
83695,-4.151446383269364,-9.898544480947201,2.398928489265525,1.1804524869788928,172.46293078943367,0.18427530401268655,0.056084327935102186
83696,-6.473064840611519,-9.916002890673358,2.531529573379557,1.0839200774359719,295.5889333933229,0.3734851443133209,0.05608917242599844
83697,-7.268227762039792,-5.522060940566079,2.071586314148742,1.8318424778632223,467.80638845546906,0.3111729853174374,0.05609373506321086
83698,-5.29484952403162,-9.618017765697498,0.04570558163982035,1.0966081977563813,467.6088607066593,0.5633141885905513,0.056105016394970744
83699,-5.005217756464791,-7.846025157388032,3.5492838444493082,5.015564921135413,223.94505842980575,0.35897155441804784,0.05610793053282477
83700,-7.165970699446982,-6.053948834446155,2.2135088052430554,0.8721672120724742,191.14444760593918,0.1695330299523352,0.056114231026775055
83701,-2.7578577056454536,-9.381990118523552,3.5437215636762605,1.8503520002948133,467.67968704882384,0.551299623898653,0.05611683010769153
83702,-6.283620909649661,-7.504973347237303,2.207850149266179,1.5131124153639792,398.37466462812534,0.7024373791817977,0.05615370070765905
83703,-2.6119970848684044,-9.632332530803504,3.2421385030882073,0.9102593024323188,259.2980732722585,1.0215066440492206,0.05616128631092595
83704,-6.747308683983824,-7.186208694021036,4.3550748878248,0.9565909812747234,467.13486819432865,0.5997375564275194,0.05616229643906238
83705,-6.683488147077821,-8.444590690626178,4.332162610212341,1.7885397155943987,467.79320124646176,0.5466305224304557,0.056178519147529055
83706,-6.766869150366456,-12.878973004338185,0.5958869763264028,1.1232063210403578,235.77991533252217,0.07149757078764818,0.0561801732326689
83707,-8.67020476582135,-7.655775539566255,1.2883731126418578,1.0952817978388436,470.2792624919457,0.025949949897982272,0.056182061769915845
83708,-8.710887683310304,-7.411671680258432,1.0576870358300379,18.40293461138612,538.0612541336252,0.14384502167331892,0.05618624069891985
83709,-7.171745275272178,-10.921860087073942,0.4711467900818504,1.7504153839039114,362.75862552380835,0.6479643506326624,0.05618887709118584
83710,-8.167369505396119,-5.359767929239111,4.01975522585175,1.7185001589649154,467.3390349196125,0.808118480922615,0.05618943741865986
83711,-4.907080135425379,-10.402299931274591,1.5816820764924369,1.1660277941349648,298.4479543029422,1.8867755909596626,0.05619108425641857
83712,-5.556891641988961,-12.936115169218054,0.06763952948487319,1.837295449437989,466.7254612665989,0.3716548642054436,0.056194857477401196
83713,-5.40983397397948,-8.348763882679506,4.239122656400726,1.6514196219342216,468.70947491884846,0.46547971276318734,0.056196049918637754
83714,-6.141971984828442,-7.489789126364922,3.8875383937614316,1.4557552181772646,334.04890287207843,0.10706408218621721,0.056205151262057905
83715,-3.076227357329234,-8.406700577324848,3.961069023199772,0.8473586401432731,167.2371870766636,0.10788139393566709,0.056226365193494596
83716,-7.35271691581638,-5.375185791911009,1.4584441946762368,1.1997738124269253,467.37323404144297,0.2990531722164844,0.0562377305446511
83717,-2.825418945802612,-10.500437055892764,1.6565310310008783,1.0629170763441218,277.07156673796044,0.7801855900464068,0.056245577322227215
83718,-5.618709732539629,-10.252800353395386,1.7737007953423587,3.0136853728060076,499.73994076791456,1.405813284051388,0.056247089111366624
83719,-4.079344089834614,-8.766060283982576,3.7492533284903033,0.7217876611089729,176.59083871797392,0.8250733615040264,0.05625779382922666
83720,-5.960506569015342,-7.721024925948759,4.267834574073284,1.0926142137381518,235.4365509767706,0.7823601303091294,0.05625948455184646
83721,-4.336864419838131,-9.830524288225082,2.5127675053259195,0.9283198456270465,467.85933257432805,0.4552682721227743,0.056264180200011144
83722,-2.7899038107956384,-11.85776136879408,1.2068067031979786,1.8840590562073538,467.74762453901735,0.5516446413168712,0.056270581985495956
83723,-4.9705997909783655,-8.675087044352097,3.9220878483819823,0.8398028634984455,185.21892445049173,1.0808281841521552,0.05627532635855855
83724,-3.457938196393667,-11.232364105145464,1.2271325549566066,0.9931580034060018,197.78981456781605,0.31044177054071387,0.05628411358514447
83725,-7.26940047512605,-5.573712811330601,1.9402480668879618,0.7902115403228309,169.23226854397024,0.04190661598542267,0.05629130008515152
83726,-2.47708488789835,-11.973359063267413,2.0772080597991054,0.6596535698792156,182.85697143083397,0.3820334921509927,0.0562949198278079
83727,-5.4508687457225244,-8.254030075404376,1.0613067185760323,1.8878214279125136,454.07900318356803,0.5256999042675652,0.0562973227103688
83728,-7.095862887704597,-7.412314143244683,4.806510350469714,3.116490413528202,466.4612941410479,0.1601607004252168,0.056311547507343976
83729,-6.325652462703911,-11.174989922041698,1.157551122469825,1.6666471175746886,467.7430916301137,0.19302337701904104,0.05631194437690433
83730,-7.653397782427282,-5.045216154228005,4.103275987864133,1.1692605390932245,225.0853947622735,0.03271732479135547,0.05632637190010274
83731,-2.6690912080369316,-10.566238597358574,1.9757312609891158,1.742000645435843,412.22731954543883,0.18249314595806787,0.05632743228364172
83732,-5.579669192111804,-9.536025206369974,0.054621019178283596,0.9507649881923188,469.21750881941944,0.031849258603151576,0.05633966139712348
83733,-2.415269557931417,-12.940542047743222,1.8837001609857984,1.0565287147380775,256.36186263241115,1.3051415385070344,0.056340333873425213
83734,-5.790965483147445,-9.327188734604562,3.304069299836035,1.692947523665832,397.1887692331042,0.13314992436121553,0.05636082677127043
83735,-3.238734556646037,-9.22931615680034,3.2540154714100633,1.8394093863134942,440.81491478779253,0.30037038267413063,0.05636425974908162
83736,-7.2423546125908835,-5.745897327921132,1.986324376102718,1.263087321701675,266.6915126824958,0.10093008142334625,0.05637288375092692
83737,-4.121852513173784,-8.401464867199692,1.0297971419004324,0.9366315637829185,247.1506404161906,1.3933212811010174,0.056379925310007205
83738,-7.925594141360269,-9.315758275455506,1.0915425210096334,1.7304355318970415,408.70240850347864,0.18992688924537848,0.056381598359498325
83739,-7.8394855894104065,-6.305111472913512,4.54361226716904,1.796135795409831,468.1236991569484,0.7441536452339736,0.05638315566583089
83740,-2.8904895192971605,-8.601146660949109,0.8353220644662307,1.5715418249692905,369.18128146736126,0.17041541220558365,0.056388165641990264
83741,-3.098165211030083,-8.184648618396576,3.8356376186576324,1.08152490415525,279.9926162280425,1.4514315187315985,0.056388463381799286
83742,-4.436687366857232,-8.545223463832176,0.7449395632945701,0.7317016276083673,217.29559983321337,1.3715723002065632,0.05640038047901486
83743,-6.035315071221765,-8.859168995717857,3.9024124738632913,2.495467591380123,457.85316092412904,2.515120901923149,0.05641114261903048
83744,-8.76666869597623,-6.483949814760085,2.5020805406338953,0.8297591575720488,467.9167489213368,0.44608537570548545,0.05641580017015107
83745,-4.07721816287849,-10.752241045834166,1.3908457532733873,0.9925698817544039,467.3979991301833,0.7604219495575695,0.05641744025234444
83746,-8.368897455411066,-5.352583844540267,3.6819797688063356,1.168135692026304,295.64977895666846,0.8591594312832207,0.056426934523537704
83747,-5.69442085151175,-8.217601785247982,1.011722350063861,1.117325063827655,287.50728675180744,0.9234077462375927,0.056433632899572914
83748,-3.045854300267555,-8.216128012569058,1.728734062592006,1.5090667967013067,354.66883167976096,0.3720300995274961,0.056433785017983004
83749,-6.100930723035823,-7.489290624960495,2.8233899016209607,1.2028881922951442,411.8403565309286,0.74028464381131,0.05643584736763887
83750,-4.266483013304744,-8.704665811077215,0.5519809051803102,5.6764101662655255,427.8223043555736,0.09784743858427358,0.05644242761347019
83751,-6.514432740163709,-7.46578974358802,1.8360326431234002,0.9823566982261204,270.5641642643376,1.6856803904002264,0.056448311757132816
83752,-5.042970097930629,-11.133885288793874,1.2497642185003082,0.8697064967701724,468.15258284553863,0.07801570285662685,0.05645635749776416
83753,-3.5521463858106426,-8.426955253624456,3.9390417413567964,2.3026541282366235,431.1961066254675,1.1097832662808687,0.056456537469317364
83754,-4.1343704604682525,-8.113910147536277,3.8919347322651388,0.9617225250918999,269.3494442086712,1.013521634574281,0.056459867653395404
83755,-4.824558059577836,-9.416705007000566,3.0884868663195473,1.0267739097346809,468.69537256636295,0.8286236475825026,0.05647591843986177
83756,-4.43652922408435,-10.174654710288426,1.8129455346485335,2.3748180034685222,434.12898406724963,0.7721964625103057,0.05648345664090031
83757,-4.793181154476729,-8.27225361601337,4.10988589635673,0.935509614297686,468.5326221788662,0.32733711657666653,0.056487872827999164
83758,-4.461298863440037,-9.313254776433613,0.12304949585570131,1.1646057036780206,296.9482721135619,0.812924622053731,0.05648844019715081
83759,-5.676136535971682,-9.163533792808604,3.495985107374135,0.8471086015804152,196.93163854272996,0.7838329062867215,0.05650292965707558
83760,-4.075363721668196,-7.932180646060981,2.7238527908731966,0.9766770493005132,255.40710858153884,1.2923873562989199,0.05650737887774653
83761,-5.57511578641101,-10.132767036974512,2.0756973662614766,1.804934120327081,431.57628652919215,0.8292015937675199,0.05651215633906313
83762,-4.963926683666244,-12.987857095427902,0.03508261522090645,0.5983351580239626,143.01863611634116,0.47005687413683805,0.05653470673585595
83763,-7.371570774724486,-9.181553145827266,2.7682999273844198,0.9758250951448729,195.4434831421073,1.067450221218226,0.056537132622484
83764,-3.1420708605169754,-9.244565157700151,3.2829418872051286,2.9547102707637976,488.4690152820777,0.2806658579377155,0.056543151115014026
83765,-3.9633161972696564,-12.101434711823195,1.0836779381805992,2.1148701785319464,330.3990350857868,0.10710546948687494,0.05656138342200081
83766,-3.960346930108237,-8.021752567239723,3.713792387624013,1.17278193539334,170.39471085547297,0.19027753465303565,0.05657101224178261
83767,-5.811126218400499,-11.925967033212245,1.0622449205462252,0.8369695128206067,186.01369545578552,1.1989904117528605,0.05657322700716107
83768,-7.011410032604802,-11.388146547893932,0.6499769036284857,2.15212273031881,421.6840397592603,1.9644445564000348,0.05659214673795352
83769,-6.301233440242666,-11.855025483643425,1.004692488569124,0.8446009774643258,236.83104007425624,0.4282767178275,0.05660369993636437
83770,-2.954801730122899,-9.290241654150249,3.4108574475049527,1.6397608119022105,387.0650630286853,0.25223078576160685,0.05660396561640212
83771,-7.414472122115342,-10.343680307127219,0.9153193653834553,0.5754088011129761,111.71399579467705,0.02313887952280247,0.056615541060417544
83772,-5.28260959162324,-7.7892844535292065,2.7027313990035937,0.8449852053564008,226.3270091078547,0.12098142824311342,0.05662345121616375
83773,-5.101766577187495,-9.012513778797995,0.24035405251695485,1.3079815240543655,467.9998107593184,0.8093799719380712,0.056625597383588716
83774,-6.47448362675548,-7.218371448953067,3.5601436363895824,0.889474179459222,242.73166600640673,1.1883838100023354,0.05662931720780866
83775,-4.6308234029378355,-7.95276974699883,2.313441471956621,0.528795974626692,115.34674653338823,0.873891176018728,0.05663117689797546
83776,-3.4647241091681824,-9.398197345888295,0.10010700553979199,1.3715474860673047,465.6172308789816,0.6475340174293596,0.056631901821567604
83777,-6.599174619199652,-7.69198197120035,1.2280960532726883,0.878139539264529,172.33348572766377,0.2989627800485133,0.05663564385926826
83778,-7.4367140424587035,-5.121476751436236,3.6725556318991237,1.8563814589556913,469.76038879189986,0.16573411589180598,0.05663710823941555
83779,-6.577477116892062,-7.2081476362509935,3.9913242046730173,0.6616456156917411,134.62355989134642,0.5609969946988986,0.05664039549321543
83780,-8.590355792019393,-6.987605840577939,3.030905015302656,0.7868398038848129,200.6399983399768,1.2053554081949018,0.05664253384529628
83781,-6.367797823220692,-9.304471307081222,3.3512491844215453,0.7996726077630649,161.4598471100225,0.1630031415352855,0.056649283231369876
83782,-8.691672925246419,-7.368611432862683,1.9939696559808064,1.2328599046672206,261.69194791188954,0.35133780883253873,0.056656941743555
83783,-6.607364638585656,-7.325908275127403,4.363090187877948,1.551892333770546,354.7940916333116,0.11428586095687532,0.05667432255737503
83784,-7.622851064488755,-5.088033610864575,0.41175838530090497,0.8580842799458603,246.14786553666434,1.2097975672277084,0.056675538554204374
83785,-6.710257446215218,-9.500805516908985,3.0000483250110177,0.9000841629507228,255.86035455043242,0.5719128326680254,0.05668752445457491
83786,-4.282695547734208,-10.36416912358641,1.5985533876302773,0.7680130792001048,164.0822692064538,0.08050747713333894,0.05669233603541868
83787,-3.24674520127589,-7.948753948463876,2.871663986303023,1.6724836186780387,394.04647690223237,0.4543005561422424,0.0567058389045379
83788,-4.492939890409381,-7.906909055130985,3.3642703441307273,1.1474292542097286,295.77399164095374,1.8674311365334715,0.056717057909556126
83789,-2.788502267618277,-9.047015996919438,3.7321045066644385,1.5330115904464285,351.387799401313,0.11566883572151543,0.05671832105311748
83790,-6.811399462268104,-9.10028179650459,3.4730644227037817,1.0402615512360003,270.7926036211099,1.7137754993526286,0.056719048030505224
83791,-5.711730304824286,-7.716496422939066,3.9061146207713238,2.409064818706482,444.97236786849703,1.2870506750876585,0.056729128451681016
83792,-7.038936723425265,-6.434166471032766,3.326841979364737,1.8837507989812423,466.6570213831606,0.08333471483626997,0.056731875020731945
83793,-6.570847819351765,-7.3595283698051706,4.367258585083373,1.1050090304346545,290.24390591169373,1.4962484407259504,0.05673202007931445
83794,-5.88160581408096,-7.604457886312645,2.7435756258945436,0.9944847477985069,206.3916093575498,1.0708408540335101,0.05675180447345347
83795,-3.903760604527795,-8.454962622850664,3.938826139505473,5.328693523804189,579.9613608367479,0.15108339646576052,0.05675633271866277
83796,-3.8327367662259686,-8.092844930398819,1.9386537018800472,0.8621321017532324,228.8094807676944,0.6652096772670584,0.056761525354222526
83797,-6.005597998466179,-7.5530295316879705,3.7993857275359084,1.4693376424335873,330.3499268702552,0.995636382825551,0.0567721755870295
83798,-3.412347030959838,-10.007459994752178,2.126620633431791,1.2214145143665085,467.83080804149364,0.16412012632099415,0.056774833110327355
83799,-6.993721195381299,-9.733617704376456,2.458756398830215,1.1834420746231578,468.6225584978607,0.5594742756947682,0.05678298965037065
83800,-2.7810801604285285,-10.566770592971688,1.6470505098185162,1.0393458378607738,240.813877455692,0.3278239759461741,0.05678393949254516
83801,-5.29623277783237,-8.397666173597605,0.8287565318382948,20.160487317332652,479.7476426141913,0.17721672564957824,0.056791547941319145
83802,-7.85371716939758,-7.0077190987021725,4.528436476356203,1.5249913027591502,345.4628035658402,1.6353390950445057,0.05679865265697135
83803,-8.45128911916456,-7.2650813339255516,3.221994915920099,0.883394954730313,184.94665706838776,0.8288145889186298,0.05680086516521132
83804,-8.025197208333612,-7.515073655204061,3.9349412555964576,1.8820265738097777,468.3924288477925,0.049881204880724006,0.056805427812609076
83805,-5.112934950638607,-11.824782745256822,0.03357870287640907,1.1355414681589784,468.09922925178637,0.8806553663134737,0.05680965242277899
83806,-4.760746068998065,-7.944297722718194,2.3266373037285106,1.4844962271810644,470.2089179912283,0.0945765507691565,0.056826218172619236
83807,-6.536097018634211,-8.762626951363341,4.000214057608223,1.904606397083456,463.2979744720808,0.5417109336096955,0.05683623707577606
83808,-8.816096677528416,-5.99839475089677,1.861142830573984,0.9354455472988311,189.2668199181952,0.4348020696404893,0.05684575870682426
83809,-6.66977122840775,-11.127321158880267,1.0888600331685887,0.7433979977831908,159.9663823080648,0.5659525462783943,0.056855514449628164
83810,-2.7253799709486266,-9.115812262910831,3.6169678066653255,0.8685980441762875,467.66342062190154,0.03964612629080211,0.05685904729936976
83811,-5.476915481337782,-7.981005588054303,4.215164513620308,1.5977880654821657,355.1071015849376,0.3116043846411829,0.05686056949087662
83812,-5.538881555723084,-8.351389837546819,4.2636335102256435,0.9521240370557401,201.76677861898216,0.28598379016172526,0.05688035827601385
83813,-4.364599406760856,-9.041910646209006,0.2560432400231291,1.794766332429156,426.9074593216529,0.2492235241472427,0.05688772261043278
83814,-6.744875697736884,-7.055817986390138,2.3308121420074506,3.060849165703873,498.3855873048872,0.876778144438199,0.056889722876716634
83815,-4.43430065478272,-12.074808883546972,1.0835702942560956,1.4320389945306622,328.94290272378646,1.4061972623243468,0.05689375257451762
83816,-8.327882937710816,-5.865261715557355,3.835524086346516,1.753909182951584,371.67620290669066,1.367185399429883,0.056893769464625106
83817,-4.770198108179917,-12.453062574305362,1.0387763689656349,1.031466301316556,239.37058486720184,0.33143052400137574,0.056897367150152825
83818,-7.344240925004949,-5.0733036486309055,3.2122265905110563,1.491855828157385,339.8081264068055,0.5547682482493439,0.05691973057284189
83819,-7.795719154471104,-9.610333711373881,0.8944373655188765,1.9099124772639808,468.6347488305978,0.6122206457406687,0.05692396389452205
83820,-7.3561002556573545,-5.029150587026065,3.2561878919044434,2.0017373242192456,398.9779338495239,1.1425806044867928,0.05692680712136721
83821,-8.645393202303495,-5.011786200104775,2.9437131330781385,6.693240488204431,698.2344825439523,0.44909173392118706,0.05693313036338035
83822,-4.849106513926051,-11.190531683614164,0.01795118843464991,2.841945458400918,411.76681758458466,0.12653059953223877,0.05695622158249206
83823,-8.374147684366314,-7.45753240567715,3.2158053253457894,0.9561518776617881,467.3416011949765,0.47332853935575425,0.05696162042498961
83824,-6.689241244658197,-11.242899815576516,0.266048415772393,2.4599987412673676,454.0496321720399,2.349704817084837,0.05696408597076495
83825,-6.162344725380948,-11.21907212306083,1.1644372391188824,1.8141449680652422,433.7530372591755,0.45498102719345024,0.05696415922167175
83826,-5.694318511071696,-7.812374734295287,4.152885365036518,1.1474424092631321,276.35331476439,0.25684435837827646,0.05699096022369865
83827,-2.516040077480742,-11.509256470690763,2.145573724919136,1.8251647222494127,435.4959344445985,0.4230763422440331,0.05699690257445133
83828,-2.830964379182163,-9.93615297802627,0.07093745936748869,2.044822061864401,403.63527825304163,1.1307155740920498,0.05699937829921278
83829,-2.94801921125463,-9.984404978089037,2.520349246431755,0.8987249193048152,469.59788282852475,0.12927441111887017,0.056999425781067856
83830,-5.215842133630348,-12.745027818844251,1.0042254161036497,5.88606812338203,647.953151417645,0.25399707347549505,0.05700983945567395
83831,-6.756448408603496,-7.351530665688525,4.579757781690432,0.9250974694605569,433.5333856656098,0.06296468010645384,0.05703315464418707
83832,-6.268374731250185,-8.186144748417924,0.7672778894284081,1.6332251604930295,385.6942480174675,0.2867971440018895,0.05703782650073627
83833,-2.624813213934943,-10.539841542991084,2.682029456477973,1.8844542299293026,453.7999085348129,0.411004125653359,0.05703931927259644
83834,-5.141138203895729,-7.829501259137341,2.649282848233696,0.9359176325444322,263.9168674539574,1.1694286098932265,0.05704057984080936
83835,-2.8035049871866793,-9.14488412260526,3.667361710055119,0.9692694151140673,249.7296838389905,0.14112732040272125,0.05704604419048274
83836,-6.711708581976099,-8.093368635361895,0.6140638561385439,5.941025880606328,659.3505950210937,0.2943295467113751,0.05704864741671777
83837,-2.9344102591488177,-8.410728146755938,1.271613799061043,0.5410903224686834,145.46674950535876,0.6443150681386527,0.0570501126277832
83838,-2.476028381906997,-11.117280087479138,2.2313003437469656,1.3522382945000881,327.0137926979488,0.9044153669560506,0.05705286849001618
83839,-6.557624953343218,-11.491841223315351,1.0224321521248585,1.1942701492138594,290.1135193713562,0.6018203787146481,0.05705602059201377
83840,-5.383633355532718,-8.552401900080095,4.08129437345897,1.0169090037171138,263.4931834884602,0.5410061002939228,0.05706541394936482
83841,-5.699994514544999,-11.445643348276143,1.1481010511235659,1.8825041212653342,468.5709824210007,0.572159424880101,0.057066559523416216
83842,-7.151267773310974,-6.212554100531486,2.0666971020982703,1.6473883856742952,468.1099349789516,0.3059583125761387,0.0570824980553678
83843,-3.3333338905632903,-9.064239456043696,3.415963507972353,0.8164990730724724,236.98922221432477,0.5067371622585828,0.057086148425274416
83844,-4.0031846474613495,-8.002214494527514,2.2923576243463666,1.302495110377881,316.5481127486901,0.21794049043384778,0.05709796369545952
83845,-7.725606270071056,-9.566414671887891,1.2595802167146177,1.0814252685747763,467.83122936050427,0.9242051336914479,0.05710411856211122
83846,-7.028076912709634,-8.11267772857434,0.4460236052019642,1.7681361869675702,469.58968610329543,0.16883355973641567,0.0571179235525849
83847,-4.723919646131128,-10.374116843930105,1.5936326324458774,0.7937561682296109,470.2985669727404,0.11885859828746437,0.057128787847926625
83848,-6.924973959386509,-7.023875010912597,1.770570427069122,1.387293611447617,306.3721350257837,0.6001983266109416,0.05712899104022365
83849,-2.8181357569555887,-10.201281396372961,2.1887030840331345,0.9736927126657542,468.00382023293446,0.3697052690636413,0.05713143501539028
83850,-6.968591318962465,-9.538198445048579,2.764056583248973,0.4838428471938833,132.5517571971916,0.29182106707864275,0.05713194725813969
83851,-3.2172880789816762,-11.357424168579017,1.2045109382183379,1.0814749422218588,288.8728769672485,0.62841675099473,0.057149126418882194
83852,-5.427058003526771,-7.7364501504443695,3.13571356138895,2.413507608577797,447.5964037118887,1.7390846133320368,0.05715645199405814
83853,-3.0231947570062836,-8.695062229927649,0.6927404777421392,1.0431791282887803,271.7302062414736,0.9938191110702759,0.0571598627321337
83854,-4.117216063303016,-9.787856417249438,2.5436629932119597,5.585271771724577,500.26253547208125,0.0415232766184479,0.057167551575684906
83855,-6.908605275596276,-7.044602298622189,4.387362131348019,1.8884169714879335,378.53112584425907,0.6886706902460427,0.057175355429584025
83856,-7.228025968960855,-10.589523454153499,1.0033023664228147,0.9028527761125605,201.14111887867094,0.25763486232748445,0.05717683417902579
83857,-6.946843511937384,-9.697897902174638,0.22676298051428873,0.915768552086179,467.29970926069285,0.5690351155488989,0.057178625809715375
83858,-5.990414600526666,-11.34137107185527,1.149528790230227,1.7544833723947997,468.2848749099226,0.2646718644767354,0.057208314076965396
83859,-7.758881487024912,-6.179566176586728,4.5284939679928256,1.7893307982682294,468.32281443386756,0.01454033784788944,0.05723097977731992
83860,-3.6743514050541304,-8.05959598962982,2.0784123738287517,1.1950815153139405,303.45639901130437,0.7624436355558908,0.05723104822373279
83861,-6.66300850896777,-7.414705823201769,1.7100814317738533,2.752493919425855,230.82604126414907,0.2848376589762607,0.05723525206730287
83862,-5.023658289805527,-10.109698139617885,2.005085198736119,1.6919287644265646,467.7233105511818,0.06321243846139435,0.05724079487018023
83863,-7.453662465532919,-9.71359822142189,1.5697702112645588,1.373958218565126,312.2353416640552,0.3755096758948451,0.057253673498686014
83864,-7.089134609688331,-6.503066120613089,1.9525503507324724,0.8848744175613047,237.90529417309688,1.2957932653819508,0.05725455188949488
83865,-8.79291512600321,-6.413871107185978,2.3161535871669834,1.0174332173583718,276.1900132503193,1.2052989615212075,0.05725465008860946
83866,-6.921172871445329,-9.574240068047885,2.7515860768213596,1.5081363923276105,341.043760588408,0.5469305264107183,0.05725787006036786
83867,-5.934603498069858,-7.549337613584663,3.2213667409436186,1.7528969351147246,468.3603976354732,0.5150043418703154,0.05726253997393989
83868,-7.469987630513613,-5.495197237527914,0.6675259903998705,0.7668423964580056,229.12992896575136,0.255702921463449,0.057273183142813495
83869,-8.539229806916032,-6.121458047731556,3.383478997972032,1.7168032984854678,401.28755928600464,0.12292918196498359,0.05727802294829586
83870,-7.757369289156028,-8.603714213152182,2.9310520033209384,0.9709472493634593,264.7850414427563,0.8284550678500713,0.05728941900484533
83871,-7.114110013372686,-8.329073742406882,4.221866875486186,0.9227533220047534,218.0028795816763,0.06520147073291671,0.05729036634316868
83872,-7.299562897879764,-5.319050025128942,3.0670437735945404,1.056505478997718,466.94189929246875,0.3334500078314422,0.0573053091234585
83873,-3.7932101390413013,-8.808944566697484,3.687842027586297,1.689772698366389,397.8833607470039,0.5747816442043776,0.057335834744946725
83874,-3.1591147662199983,-12.879124207824715,0.01316967218163086,1.8737737468405111,450.29986651544914,0.332065175512283,0.05733622611700215
83875,-5.747623751211959,-8.124234714471072,1.2119316758575975,0.9960041400324741,468.18878440862926,0.8597802755916755,0.057337835053573566
83876,-5.955075835749667,-7.8066263039276,1.8149867856178767,10.350519239752819,500.07221187206477,0.11740350981007364,0.05734440555630972
83877,-7.463196030862813,-8.948992423398634,2.9583997171524152,1.1608577346144222,152.04658472605664,0.215965397549283,0.05735089061763499
83878,-5.901112779626143,-11.130082152978412,0.076248010179283,1.4037024992937934,330.1441763245546,1.659569409402649,0.05735592433267405
83879,-6.662399515458551,-7.388724161284213,1.748041767690532,1.1594833003080505,468.010471180765,0.3727110668622311,0.05735780939896244
83880,-2.7263779408014743,-10.271041776170541,0.05026396916896552,1.009596411853605,205.6451493799409,0.677271843391968,0.05735931278994145
83881,-6.474176877800113,-11.321632095416094,0.1842766739546517,0.9946951420753618,205.49617151574853,0.10240092142263979,0.05736225989939049
83882,-4.333780749326705,-9.90763435721188,2.370967571316242,0.9017512570977757,249.94053354887893,0.8091000125402559,0.05737081878732287
83883,-3.2826054447335027,-8.053733916398958,3.7081909818565792,1.182249192469611,241.4563376978609,0.15538592102765314,0.05737181532546535
83884,-3.4194733505851405,-12.993481741690797,1.010595023712345,1.8610884209469578,387.6389831426928,1.613773696974449,0.05738768179060183
83885,-4.203003797087678,-7.965503862892323,3.5742483582605575,1.9978448314539263,393.6203837683214,0.7382338076896167,0.05739698530029285
83886,-7.919786872145162,-7.942308834506125,3.611632292913793,3.1220021624075986,507.00187542874954,1.168295583187775,0.057406635202196785
83887,-5.36368644875628,-9.130891308714784,3.4741335361463124,1.158290733721596,252.8535811664778,0.8625919440715544,0.05741184691324238
83888,-8.81745652005176,-6.695750440905166,1.2750973782169168,1.159652202901502,281.21522123938405,1.069530717791383,0.05742361041613736
83889,-7.285434386341512,-6.117737245905788,1.3357985933537224,0.8853464356524108,254.13641531452836,0.40750035340091895,0.057431740202495044
83890,-6.281044938463276,-7.467300735136025,2.3963780560438344,0.8528720996828916,267.3992214965778,0.48626745432456975,0.05743479115407655
83891,-8.042309209154219,-9.09771165563137,0.9258188586711271,1.7869050615930753,467.5444680964433,0.252137155663986,0.05744268134260277
83892,-7.322321204848808,-8.075899563653447,4.3135256425903865,4.036801637979089,480.89852917186073,0.11075416043601916,0.05744683815746747
83893,-6.545696591773921,-10.048532036803937,2.281008080695987,1.042010479616899,196.44616087446968,0.10541062729678341,0.05745607556990584
83894,-5.847474574707768,-10.663302803683962,1.4054559604217896,0.971064739948517,269.1185974769785,1.4435248974710548,0.05747209299582082
83895,-5.010419788226227,-7.823172007575786,3.0164110984126826,1.5993365483420938,467.98193798529707,0.6269419234882436,0.05747726877062855
83896,-3.2007763034850996,-7.951712570371164,2.9752430827151812,0.8265405839682194,202.6074915018077,1.1210659636118523,0.05748572711890793
83897,-8.789652173281354,-6.753344039211384,2.02062022994754,1.134815751753071,468.0604636899993,0.47188044696675924,0.057488395579225936
83898,-5.24331206454838,-8.17564911443719,4.202399063732567,1.5968062766302769,321.2642634242832,0.3093526568431235,0.057491513563898436
83899,-6.17857468406347,-7.73122241816214,4.462697933744559,1.1290514706853727,468.3782674184082,0.5282399228036203,0.057492201378153064
83900,-7.520403022765568,-7.457500742541455,4.638818372411797,2.0064912229499545,405.3461443014641,1.7369612246622994,0.05750034891115811
83901,-6.787357534469932,-6.954381572220656,3.8332273564818866,0.6812203578761175,468.3269915589381,0.3940826868214229,0.057505325458350784
83902,-8.309270266409083,-6.718765128961595,3.8950814548493464,1.3173370618704,468.3554415963207,0.622966045331018,0.057516141237537524
83903,-6.881057995880729,-7.188432982915767,4.52692147590764,1.6421495354080875,387.79916659131123,0.4013009796015714,0.057523909051344586
83904,-2.419030849143404,-10.465995165347373,1.5650138055608913,1.2177869495823201,254.78669098768108,0.44485427503389197,0.05752772474377891
83905,-2.4975284399709956,-11.467860896121097,2.1677272594266315,1.3365206700710215,315.57448959355236,1.4511516644180045,0.0575428720025643
83906,-5.8605191183999805,-11.706015443590283,1.0877578918549995,1.060112186718288,468.59720680869634,0.26576961566366464,0.05757104258069846
83907,-8.35756417160243,-5.291613212047905,3.682782551681979,1.5684020396949256,365.3676545618933,0.5965529711385438,0.057572077059124316
83908,-4.5477529103886845,-8.056719494905805,3.902456142867965,5.920587425706301,301.00936033765095,0.25108179973257894,0.057576186008252296
83909,-2.4816587304847175,-12.416726001329009,1.9832322466772985,0.8656560496006238,212.13057189002174,0.7026839882888671,0.05757935764327106
83910,-6.883854186221291,-11.864605542566705,0.6278297816513561,13.235372475306066,595.7101128284249,0.04032952362495479,0.05757999382257481
83911,-5.304579000416392,-7.985131800381513,4.114988493028135,1.8325783081242162,468.01150259711613,0.3733025571721402,0.05758809104496738
83912,-4.960270518303828,-8.502467720122027,4.040070993422668,1.687601136742112,468.20594940739596,0.41647816288418493,0.05759721204452861
83913,-4.797885326551531,-7.87102784612092,3.4234890342782567,0.6039564444659039,125.0252129752905,0.25043893760507085,0.057600296784681114
83914,-8.580227583858859,-5.887887868846109,3.229369840445707,1.8924551683810475,468.57350929751027,0.6071950817591878,0.05761723268474266
83915,-5.744409543958603,-8.184387555157345,1.0704635517308934,0.7047744118344228,467.7441642444962,0.368280547176,0.057620006618994996
83916,-3.4857660644045607,-10.341353640158907,1.6024183701724812,1.8143834949980004,468.25975947157076,0.8136757721680157,0.05762905888667851
83917,-5.411345238491987,-9.924761077632535,2.456412010373091,1.1120359248979115,227.8094817593952,0.002777826378881798,0.057630165798348815
83918,-4.725715469386332,-12.12976431824736,1.0685763827209656,1.8238286976167561,468.095811271171,0.8822029693385351,0.05764217840350838
83919,-4.45785619552042,-8.424042136357858,3.9857609964379064,1.8694634017305751,468.5107052631064,0.6166411943694046,0.05764606099220242
83920,-5.939612979964644,-8.797042459175834,3.944812957810568,0.9952820360777803,468.27329329104185,0.6266415838357391,0.05766358350911102
83921,-6.982904948588006,-7.005655241457641,1.6055304690526144,0.7740683131181477,190.50838433217365,0.37588953148478055,0.05767460627699678
83922,-7.29489757487598,-5.448058252138879,3.166492555469941,5.36509984943268,641.566923451622,0.6310976548148188,0.0576828123709606
83923,-5.706279665189491,-8.833848316611979,0.2953933525067823,1.425336898507366,318.9120603443359,0.4376590382200618,0.05768600996569247
83924,-5.188931351028152,-9.586108747323074,2.8901266593058184,1.911630208705203,469.14522203144577,0.5262817537776572,0.05769081547963082
83925,-3.306275601306055,-7.976765640782672,3.4355100869264126,1.3684282206201754,308.9258564171067,0.1800585667498007,0.05769998640384577
83926,-7.526556896155904,-7.9187930806576965,4.25510736072379,1.0170058724938273,467.19369165020714,0.5560935982504427,0.05771250464398896
83927,-3.1522588216849448,-9.049118908959915,3.4922708075132816,1.2611049569464736,468.81913847898693,0.3289871026555078,0.057718317883976876
83928,-7.233827854214435,-6.919369585078022,0.8927063356238547,2.4823924673934155,455.5977398236325,2.086834992333608,0.0577194019399354
83929,-5.557960033484276,-11.437646816871899,1.1534708831014524,2.7224028529710784,472.7299750928874,1.17629493358449,0.0577210208273906
83930,-6.949093130004522,-10.226162394382378,1.4691184389437386,0.9552475759606559,235.9895956358596,0.7582786521199223,0.05772533473272287
83931,-4.287819337507585,-8.293948639787391,1.348180317679548,2.0819475590836625,354.2846418291443,0.13143348042499792,0.05773322836180709
83932,-3.637009394030761,-8.143218232088694,3.8661192406714404,1.2525638116057352,468.1563811744207,0.5948793710624249,0.05773739986516748
83933,-4.053623895723017,-8.303710409763148,1.346335348480312,2.881244894286442,480.49934120509556,0.7605411714451842,0.05774123319563123
83934,-2.624104477308321,-8.8051909104657,1.877569855175537,1.8536686793015518,445.4097644486611,0.16176124408850878,0.05774273472533956
83935,-5.9936020888004515,-8.946072313607605,3.7814206463122226,1.6707041164000873,393.2596661218649,0.2469582564239392,0.057749280809977495
83936,-5.319570340239417,-12.552306466547096,1.0100075299505704,1.7987276192568196,379.48277941478324,1.3609349577265482,0.057751535443107294
83937,-4.655583751177233,-11.860968678367142,1.1067359077115835,1.682823749728588,395.2148089451385,0.014258648008796726,0.057764671940429516
83938,-8.560196293047373,-7.602404722685273,0.8045269156808041,0.6212037181032283,126.38307196135328,0.623348683820228,0.05776611195018421
83939,-3.728026898643125,-8.288016239402715,3.937382955281841,0.6737274819719115,176.0896794437916,0.8311841183648072,0.057775058944243694
83940,-4.775321687774534,-9.831609381506109,2.5259842605094653,0.6801682787082672,190.17364963955998,0.10743058131216277,0.057775343678800134
83941,-6.063068944602629,-7.802726908080859,4.436596048227167,0.5031213735076108,124.45231417730855,0.9118748050829835,0.05777853441324667
83942,-5.274331896724202,-10.058819605098822,2.1771209636887434,1.636958021623988,355.10583462733723,1.212771456332919,0.05778183054537279
83943,-7.40151382411341,-9.389765574839522,0.4442273619768949,2.485691643363106,450.3878190472937,1.1245731457152717,0.05779058116832586
83944,-7.553326851694777,-6.17568317521957,4.479635765231892,0.5000509104841371,139.83345089864775,0.8713888212618075,0.05779153732621474
83945,-4.576789140592954,-12.842840662045077,1.0095604320955949,1.0186766202038737,278.762879190303,0.9778792747908023,0.05780346483991868
83946,-6.113211416943735,-9.208702633933918,3.4657054765891586,1.011140522937699,430.1136569741105,0.8640238262425557,0.05780817054651581
83947,-7.570379355929164,-6.969095630466967,4.739124949386175,1.0239207332857736,274.60178387692497,1.7674199380323108,0.05781568448673572
83948,-2.4730093877721604,-10.483012649722346,2.248380190967367,0.553434848765717,121.45994875111181,1.0094854799548214,0.05781715754267307
83949,-3.9957186986963364,-10.138458839032186,1.833638658669635,1.8371884027589782,467.76260656281437,0.389007119060941,0.05782166971076698
83950,-7.38628990834847,-5.156882159295236,3.4949727858232644,1.042193751357144,282.3108449358564,1.2466772227569587,0.05782252262913247
83951,-8.745243846645366,-6.109074693225879,2.6210814096934687,0.7767544059895635,171.1266862884305,0.2598394873523642,0.05783692163737868
83952,-6.382453872004596,-10.134931768459179,2.1342124728276444,1.634534965613771,381.56406803191226,0.28834566248253335,0.05785353889284451
83953,-7.426504209994942,-6.383661408591853,0.6603111117689231,1.1745188489712934,275.8391085349087,0.7202794564499797,0.057854133334186486
83954,-8.66394722222646,-6.619336814448085,0.7374872996528984,2.2397851093346803,429.4438763291494,1.5729027518120668,0.057855666882951844
83955,-6.708018066789809,-7.386646207710319,4.559964381707054,1.3417961549084902,320.9576957594241,1.0137558276914076,0.057860319112698996
83956,-8.325848484944913,-7.739535588614706,2.9356685188839795,0.90092315532999,269.3011084506816,0.7177601699003064,0.05787178633776613
83957,-3.8827679284760466,-8.090788797488926,3.8217441718504075,1.9076442445023774,468.23222497691955,0.5766457998454007,0.05787200366296448
83958,-7.131368198261285,-10.413493203884645,1.2002347634679185,7.364059371915605,477.0764287013602,0.0689254588738768,0.057877317116428025
83959,-5.056798278631668,-7.90234858551856,2.3606460648706875,1.142470506680258,282.48249045215704,0.43915313011211143,0.057877551569278034
83960,-7.5485728063733175,-9.504953921412024,1.7829822371819837,1.3731056389164153,307.06835876390505,0.9496762119705346,0.05788251634800243
83961,-6.977292721435209,-6.654558993528537,3.739036096471935,1.9027343007620137,468.7239206829403,0.43466022487185274,0.05789137205855603
83962,-4.654710607145979,-7.9938254974379355,3.794538424420698,1.11350913544625,241.38046455384261,0.6164807539901744,0.05789758955639579
83963,-8.273208948457839,-8.453226399658625,1.6403032333746144,1.0428015579599508,248.72407977379154,0.2988342190050961,0.05789913758397929
83964,-6.141223784413525,-10.925790835413236,1.257581774320512,1.2508714946242367,312.104191283889,0.40727159669243473,0.057902101820073965
83965,-8.690240353539828,-5.980061498851372,0.7174362152141456,1.3400983781157185,326.63399802713053,0.44276474472521965,0.05790479263300829
83966,-5.907510282917874,-8.283959194020191,4.393070659084164,1.2286936597247058,301.438332065614,0.19662924354507716,0.05791013306849322
83967,-3.0873425132202117,-8.430189141294562,3.9176644176592403,1.272889939442574,316.34202894736677,1.3430199364652795,0.05791111524884907
83968,-3.5246343744202635,-8.133468863786518,3.8440222163716515,1.9898302156163385,402.6076430261927,1.6512083198149137,0.05791208418569294
83969,-7.238868349030484,-5.643021251038817,2.7537093781690536,2.7140691251473337,472.0292368141461,1.144918012812286,0.05792720621329214
83970,-3.910724049845758,-12.783034699305961,1.0182566242386737,1.2877989371089087,311.80664645422513,0.44149081017636593,0.05792938168631362
83971,-5.664635857704113,-11.93123321618702,1.0641085868963482,1.1319955285652012,289.1903774303737,1.197323411099882,0.05793121076695482
83972,-3.721944985801513,-10.05155330422848,2.0082865427265877,1.1026062041420666,242.60902839266552,0.05589328022904727,0.057960854114579304
83973,-4.831747023870371,-8.115833191626745,4.021509120137586,2.5267330883972883,458.48330826614153,1.7111530017874435,0.05796102683406949
83974,-3.237886056112389,-8.81688974800728,3.6807965854797824,1.0599463006456196,467.089373626698,0.5505353052279691,0.05796136106244449
83975,-7.214724387488538,-5.995657069720965,1.978265237954787,0.971847969242614,199.99189147912708,0.219311652600223,0.05796411917371661
83976,-5.823641009567843,-9.401399971230624,0.08283319489624798,0.8819031488572149,468.06831781111543,0.7620189432062245,0.057970405198689845
83977,-8.335293149177417,-6.363298410950503,3.869890048740434,2.3249106904353933,438.821932210111,1.7001577608056495,0.05797361791628763
83978,-4.2167607881555655,-8.41646529807688,0.9819435822391339,1.1563654877536058,212.3448262769765,0.08228191052266887,0.057988439779722116
83979,-8.62751237527323,-6.748464351428008,3.0170393283374772,0.9520570305385763,470.0531383778242,0.1261942596571295,0.05800369359570552
83980,-4.58496910272594,-10.661684926384847,1.422840965255766,1.0500519266788206,156.1796880843976,0.21346301610948348,0.05800518965929015
83981,-5.90091702781773,-7.6006568809224895,3.719629935835018,1.560820081359484,399.4957953291499,0.9447753047385428,0.05800739388209427
83982,-8.201845508473765,-7.688816626826069,3.3423669960848095,3.5032183378092987,536.6228195270785,1.1963426754385953,0.05800779882916
83983,-4.732361116306889,-11.648068970230256,1.1379074184624305,1.0209392744992523,199.939766689811,0.06544335386391875,0.058015387598055905
83984,-2.52302533832799,-10.637377369665057,2.4839801146954437,0.8912875982753459,467.81886650017526,0.5359239465506755,0.058016014104247636
83985,-7.441591850560746,-7.6015849435379215,0.4363957991491428,1.741980240626451,468.80221569507074,0.8783763908246565,0.05802067074476652
83986,-5.3600865476295025,-10.537397210172362,1.4810634011986776,1.8274146891847547,468.37469997201424,0.46454923461037456,0.05802941099086319
83987,-5.705830270450916,-9.797279727146623,2.666889908431915,1.902628216788978,468.57764876567745,0.2685363018824676,0.058033477342846675
83988,-8.2913944517652,-5.203654219902433,3.7871142533501607,1.4591519743875763,340.8868332001799,1.418163009184081,0.05803521202492316
83989,-7.57213815559626,-6.913119375067961,0.42045748393268423,1.2697572897426603,281.5843379473116,0.1032227128246257,0.05803673890158515
83990,-2.4018747059598153,-11.136126032097833,1.7009778082738267,1.8802603594295058,462.32436322729865,0.5993454067136579,0.05804233008552648
83991,-2.6173506991967477,-10.761963947788418,2.1320784455970956,0.7328212168758069,222.0010067503694,0.41623878003080517,0.05804666268127525
83992,-5.56516821308107,-10.207508681343981,1.8199068942240189,1.032205671561116,220.02404688350146,0.5848088230049875,0.05805167829748385
83993,-8.398473828667214,-7.476669981469512,3.109013829571581,3.0087130155332993,496.7551781136661,1.0833037837484243,0.05807016410227969
83994,-8.802483931286744,-5.257096897711261,2.126770099147527,1.1137250222926653,287.73412395187466,1.1313267572704993,0.05807477674229308
83995,-3.1614053246902003,-10.677089948679765,1.428259648679147,0.8987818858906784,467.327794917612,0.5508128681493405,0.05809647336761531
83996,-2.826684638155835,-10.241444358904783,0.038922969805297934,0.7428305651251846,467.7636206311541,0.5094566195501073,0.058147192727274366
83997,-5.573067309093348,-10.277655587464578,1.6966792982553307,0.966302146116382,467.7991206750496,0.6060258068142605,0.05814962078140489
83998,-6.556524407492432,-10.2423554644918,1.6595528681182046,1.1528358476842184,296.5836759965528,0.7634923383401473,0.0581547729580134
83999,-8.605810387051157,-7.528294413122794,0.8535197098991313,1.827696153765699,468.2270785201096,0.61081139235693,0.05815846395570808
84000,-6.202441266870773,-9.355792897374126,3.2779613450261533,1.3833593315642272,238.5068225068363,0.04711038869539408,0.05817376023641679
84001,-3.7363108956705924,-12.390112038544185,1.0444570086698484,0.8805413885104916,228.12647228320043,0.5968577758908031,0.05818715449680713
84002,-4.102966328299614,-8.007260108519915,3.646116600819611,1.8300192121335062,438.70311601483695,0.11047254678731111,0.05818901509994004
84003,-8.053019539327273,-7.966273569555668,3.286656037013883,3.044212436028992,503.0778249496971,1.530643290129638,0.058189200113732416
84004,-2.7545363423730906,-9.478651226039212,3.4207068938122194,1.2354784555385547,294.19266306424294,0.24433417960451376,0.05820415049202261
84005,-7.256823468747319,-7.098794105832303,0.7644447161298187,2.0889817369712835,413.6254244284803,1.7099035201531398,0.058221700401874354
84006,-7.4981291766786535,-7.333800369279456,4.70242774589668,1.304322956607591,281.36858200147077,0.9690456743524161,0.05822579582393614
84007,-6.005150605678066,-9.240507063356052,3.4157158142164636,1.6991118113992922,466.7448592663748,0.6448168395163627,0.05823219572235872
84008,-3.310577163236294,-8.212037120892443,3.895333329566725,1.1979557253454567,259.5191707287381,0.026834401361553795,0.05823231079378682
84009,-7.873979881275722,-7.341596677688252,0.3901616271502182,1.89862006686689,467.787294546614,0.4440399023704238,0.0582333127439997
84010,-6.245130400904339,-9.678567509097853,2.8562590501945873,1.250165962956384,309.77756843475987,1.7332155475765871,0.05823447090278299
84011,-6.423859485359888,-7.6982194556627705,4.601342930188339,2.5091847538171814,459.07276508831836,2.4303118048650667,0.05823522546722852
84012,-2.553742279269904,-10.025824662882055,2.7214150599576734,1.6787623445001258,391.67650551112746,0.36615505683924177,0.058237799493335456
84013,-4.272486770603127,-12.742813129946091,1.0176380613756018,1.1496300988369024,295.5001533468399,0.6947622858870002,0.05824374272009545
84014,-3.1389902416664626,-8.219376330457173,3.842626264794049,1.0364444795802044,218.56268341726434,0.011495411620326301,0.058244043138781114
84015,-6.598622636373506,-7.297578178001519,4.2484951839858445,1.7645679924496942,373.1005286707239,1.3612168836439418,0.0582507103567615
84016,-3.638953573034895,-10.208548924864441,1.724009231536398,0.93531306543382,244.32473622611928,0.861437096166461,0.05825103614021255
84017,-5.530998072627918,-7.7652348972769705,3.8034448725167183,1.549074354907957,351.20314640737064,0.21199493697995297,0.058255740040597005
84018,-6.873385446869261,-6.764302888476743,3.324916850325412,1.2748261944567947,468.14706506029717,0.27543184270807775,0.058263934532967604
84019,-7.720133393851977,-8.675270493644234,2.884149247051141,0.8048766095585194,401.2663779066408,0.24954692987080573,0.0582661977384322
84020,-4.823813103379242,-7.864609012751654,3.3490541687067146,0.881512599331911,215.4710882789756,1.0721768438579344,0.05826759173271132
84021,-5.834183087515182,-8.933493125663198,3.7707693970537646,0.8540960081840604,168.51851120302842,0.6034176075156399,0.05827079019806097
84022,-4.1244364899934025,-11.152985971619682,1.2396362864515422,0.602252667390873,151.33253245518833,0.6188595827016199,0.05829854367081407
84023,-3.3217792521047826,-9.722316562919357,2.597080250119713,0.7338250454431374,467.4276896984984,0.27724500302814903,0.058305862883958705
84024,-2.878380607493548,-8.254513691176232,2.2519552160341783,4.9712963901162865,615.6379739016319,0.3572689215222651,0.05833130853852783
84025,-8.093501740246557,-8.87167984165238,0.7935158171509462,0.6505753828659628,136.00984282409502,0.3760132928883406,0.05833266649845148
84026,-7.3853840222574245,-6.40087062041263,4.45302889213332,1.315090472625151,185.61050040962024,0.16776561159226855,0.05835097668832471
84027,-7.251566358655509,-6.602229989784135,4.4306500085484855,1.1656405611706149,435.8411599001069,0.32643623493156504,0.058356556001569755
84028,-6.26163635580439,-11.441222790060355,1.0906565154836605,0.7788312733772419,448.8103767369355,0.5232603553632869,0.05835693895871609
84029,-8.618655113325573,-6.398348168353544,3.1245368065765975,2.4190772513673195,442.78088700458187,0.9427330471542597,0.05835944372144959
84030,-8.262881956376534,-6.269530282764525,3.998114157326098,2.919130293475451,269.91769122088834,0.16450667836212496,0.05836303810764261
84031,-3.023568997790745,-9.827332184057157,2.632650041004778,1.0807964492828899,280.3607230902253,0.7612775693573877,0.05838848969916644
84032,-4.475815087634436,-11.874419943963517,0.017727528410132306,1.542949689760875,350.64782100465567,0.6033219861234347,0.05839374511861701
84033,-7.415524820145741,-8.890904095166507,3.1120969311448614,1.4373831728112842,468.9282926923371,0.6427812344115473,0.05839509009096268
84034,-5.562842777988674,-7.744982076427517,2.6238753896585654,1.3207677345859565,292.7950356831401,0.3382951689564342,0.05840290195133522
84035,-4.010861031359609,-9.724129342597285,2.6153596142981175,0.6705993154616614,136.91685283979209,0.2882335349227416,0.058408359395827676
84036,-5.931994726328624,-12.467227573696087,0.9678905270706727,1.8306455406102413,467.83914762031395,0.7947542493040682,0.05842474198296907
84037,-8.4783435145058,-6.320765922940828,3.5382011290866173,1.2235282699820664,268.1688139352261,0.0542035883958798,0.05842681166557365
84038,-3.9938809430552666,-10.309224659719494,1.6242150486089693,2.738302698467593,478.98459992323876,2.098122497107563,0.058433027796875
84039,-3.150629523981557,-10.04809653187261,2.0073116391383197,1.1097957540566046,467.5904180899821,0.21373457280215202,0.05844206557286393
84040,-6.715271071988475,-9.043983698769464,3.576036863896439,0.6099211542661817,124.32669418392094,0.1689125411496324,0.05844675044585764
84041,-6.903712019890897,-11.816521000227693,0.6113961739459189,2.5901557941523756,454.81675935258573,0.8117113015338537,0.05845241341235398
84042,-7.742704085377156,-9.531046625352685,1.2605928177555994,1.2475491718644165,470.1835044416675,0.19299962766918988,0.058455720696373545
84043,-4.835196659287957,-8.015856802814561,2.036690231697989,1.8348204690109062,440.2291908445028,0.8221255853221221,0.05845913225456611
84044,-4.501167158466081,-9.519090117243156,2.8980831835531737,1.8809052451984152,467.50216557182534,0.3166401926629039,0.05846298152649989
84045,-3.5273784521959897,-9.56939082304861,2.796171308238058,1.124907870001239,291.1138231174294,1.0608256502167874,0.05846432244917719
84046,-7.18758978096443,-7.0928263601210535,4.718697299125558,1.3768994912826842,329.1162853638612,0.2359704716921156,0.05846459136610326
84047,-3.1920577573874853,-8.509846198995792,0.9120386557346822,0.6996223472638563,207.6441701587126,1.1487501391200672,0.05846569079948564
84048,-4.024120232306268,-11.927070429223878,1.0969134337120352,1.6031770804822054,353.2898186116554,1.3964275610861208,0.058473265935420786
84049,-5.5302778599016,-11.848819218525568,1.0845744721364254,4.1055178047063805,424.49248219200655,0.011557216572098739,0.05847635890077245
84050,-8.100301976109586,-5.276478819323766,4.0549565519816895,1.0677954879584044,281.43083857913035,0.9818543142223488,0.058498298540195934
84051,-7.2114049076382,-5.978448476379098,3.401689792138317,0.8794327112280066,201.7305082719786,1.2795508476825974,0.05850260768188369
84052,-5.794996821219746,-11.276929450872508,0.07065137216108615,1.1551999682562266,296.8459183813471,0.7423369206402155,0.05850316914497496
84053,-7.108647732367952,-6.7420702699930795,1.5821613478649907,3.656176641319612,544.5881751567447,0.8851875422858173,0.05850680526266542
84054,-6.008944235479833,-7.567841363562426,2.7461638475759362,0.9020301237089072,468.0935415274038,0.727232139157425,0.05851225218149125
84055,-6.996830521103291,-6.950784351556892,4.382661863006756,2.5729359853215628,458.10516974860013,1.1049213356723824,0.058518852270062253
84056,-5.245016518508307,-8.507281502462998,0.7006221865704563,1.5289887222257823,348.44106489252545,0.8393332755343508,0.05852186761977841
84057,-5.673169140345241,-10.518107660111832,0.0481080179354761,1.103752804346549,287.2318958293601,1.1010465182413567,0.05853333607717962
84058,-2.4263860405272624,-11.547712458706224,0.6438960338174503,0.8859056932337793,233.42020255772186,0.16315346568995803,0.05853486197847102
84059,-6.65889983010873,-8.160771042229829,4.570199670959419,2.33227993640438,213.51096073889772,0.2814852285202649,0.05853704839662541
84060,-6.324665846590491,-7.350013607979237,2.998856287785807,1.53269503602964,348.4660309304939,1.4425001238621578,0.05855048808947331
84061,-7.442607414572843,-5.227509583100461,0.7827128805122308,0.9250466440018316,468.0943834135643,0.7277156028153406,0.058551602779212106
84062,-3.5006768969537028,-8.709205458547249,3.742609870308054,0.8375341483518937,172.61634644805488,0.4204633039305401,0.05855183294290618
84063,-6.843506447827231,-6.8825490400456575,3.7558325060290785,1.1882299308982536,301.24457322763647,0.8261643619742101,0.05855217661056489
84064,-8.742539761045693,-6.03160353075729,2.6208919675154982,1.3028941584007006,307.93257194035584,0.44926112123913686,0.05855379895275604
84065,-5.077224979437728,-9.594157477379067,2.8597375630833226,0.5743417080093979,139.28806725990174,0.8008644690950399,0.058556671188796955
84066,-7.232331342563425,-5.696228181697199,2.5325717407754946,1.7858606647586983,452.98317091457864,0.4461079087421842,0.05858062915649923
84067,-3.423664861587218,-8.372559358884079,3.912415660141989,1.2203607320145315,306.90437836494186,0.6362823761824004,0.058589699981195766
84068,-5.84054634522279,-11.785809809290091,1.0715938291704814,0.9872796581942379,248.6401296411415,0.3114217227422129,0.058605850810049855
84069,-6.241467768312178,-10.645711159624195,1.3773313692301201,0.9412878146645138,252.056692558385,0.30436673467661013,0.05863788750662898
84070,-3.8154231695506438,-8.249172249231064,1.5318105339552461,1.1734553591137127,301.2383761950092,0.8127464058569629,0.058638824507168084
84071,-8.456396245965541,-6.632293736683062,3.5633789768952213,0.4719620086438486,123.95576032005103,0.38500208224060994,0.05864540964313708
84072,-7.689493093654315,-6.413671703879726,4.599081526989734,1.1160832286314017,286.9232151002296,1.176087542680012,0.05865008451169861
84073,-8.084207352433545,-5.399575647316879,4.086071277230386,1.8722466328477483,467.7081101087191,0.25464986035756265,0.058651383710405874
84074,-4.778903865155697,-9.353983796280154,3.1258052447985754,2.3004073347872653,402.69306536661696,0.27223009480445803,0.05865148735275333
84075,-4.860832761539501,-10.146250715233334,1.8649904434041886,1.1317347544086145,468.34797187605665,0.43810385836223187,0.05866004955332195
84076,-3.1841233570645358,-7.985659800489568,2.6886045593547667,1.2895226877108563,293.2282685985226,0.1318694837723795,0.058669534649154725
84077,-5.276561476170837,-12.58742611038811,1.0044834075109426,1.4094816821062597,316.92477063511217,0.23770871903341817,0.05868096890087768
84078,-5.011943660011291,-7.844170793638486,3.2732761671523076,1.8789589900125578,470.36105962295716,0.22838192885510722,0.05868828837095032
84079,-5.850879129850954,-7.791836683599949,2.0102496139408155,1.6423700853049341,384.53822273447685,0.28782103323860664,0.05869103737678706
84080,-7.681212804312309,-6.094216184161526,4.478853723863345,1.9755388988730465,399.33757396369583,0.4674285046739568,0.05869484648372716
84081,-8.681517097085974,-7.184602457256916,0.8717584198161611,1.729327326246145,408.56503325492974,0.4017935520118465,0.058699376162916615
84082,-8.809688188706108,-5.884808412927706,1.956462240777616,1.3317390748383735,318.0118790876372,1.6863082239613307,0.05870444275953224
84083,-4.072275082985359,-9.590457891617476,2.790107743864157,1.7877016659951643,467.6011289047333,0.43914555922338305,0.0587129398193339
84084,-7.072486381679021,-9.53226951773636,2.6430868039746893,1.469842799539135,336.4913514193748,0.23021730878911484,0.05872192854754787
84085,-7.131188098166215,-6.247259896828552,3.4432019484751044,3.956003277009653,245.15203140245293,0.2980168605618836,0.0587407285333201
84086,-4.531133537172604,-9.086108568555707,3.423751081161706,0.9748161009724359,468.07970617223805,0.07181239886564583,0.05874425452285934
84087,-2.9290042511181316,-8.900492368109212,0.5054977852245921,1.117941891133605,467.30872719727216,0.07371349117615456,0.05874914302119214
84088,-5.057034418570579,-10.1456174659496,1.8729694919677016,1.1042337541131209,284.2222322430772,1.589861313002257,0.05875384039059973
84089,-8.377249992107766,-8.380083954781693,0.9896447747140266,1.879906113116921,467.52446102835813,0.03770846494480029,0.05875982137214715
84090,-2.371590814023584,-12.525082474798651,1.5072491065786977,2.3207366495141306,420.5444932790234,0.5037994290009626,0.05877169539052642
84091,-4.8328837822186586,-11.311812066206063,1.1927661906689373,1.26470364103058,269.9486482284102,0.26843269782863555,0.058772806099717086
84092,-8.395122565359701,-8.340315799929476,0.9916895326687749,2.1502960733105176,419.9193878111756,1.6669237229720126,0.05878436965492282
84093,-7.792753097636419,-9.602974740274698,0.8962622646402757,0.9384865528522964,467.3359996048553,0.40933140050258476,0.05879203023112772
84094,-4.102537685232698,-8.121430360269086,1.86091263567628,0.7251959653783007,182.50139819835272,0.5278580858629516,0.05880664654087609
84095,-5.901338157762672,-7.583185164559991,3.0070417139199375,0.8758884975477347,180.90631815889216,0.013430272984509273,0.05880665016975326
84096,-5.692075003498182,-8.408901449277373,4.244829962814967,1.674724747978107,394.33731361378995,0.35571597050544845,0.05881133827583427
84097,-8.416392589887488,-7.468038969099292,3.0555738458655095,1.2033076017019821,208.04714079794354,0.3234190314945531,0.05881494896174331
84098,-7.16942771066646,-7.27362662531646,4.76770886446958,1.0800948734570075,279.99593727863714,1.5973003724336667,0.058814979786775204
84099,-2.48798018117823,-12.504587614561249,1.9521469858304594,2.464680737588747,449.46637784531924,1.2882353718159552,0.0588205002479614
84100,-3.4157514054245155,-9.784440613968105,0.021272973298997213,0.8868890437617187,196.18160914437527,0.21742106866375366,0.058823296598255276
84101,-6.630592792268404,-8.245293265016576,4.504153465953535,0.8877792065421348,179.84212672994786,1.0761394611923967,0.058829686174293086
84102,-6.469294714794461,-10.204856907220861,1.7785317483652747,1.8693412940468948,449.1675154117907,0.3283576345858279,0.05883118961613039
84103,-8.168988965590664,-7.423029114454167,3.7270561104597313,1.0460081809589228,274.7673615565439,0.7946778820537332,0.0588367113265588
84104,-8.126561748960512,-5.974213272630973,4.160392808775323,1.5620360694418698,468.4046015186884,0.43272931852127794,0.0588420232972852
84105,-6.859012911555865,-6.901481417756827,2.30545749091368,1.283876373919924,313.4457036716225,0.4633431170318394,0.05884700209264053
84106,-5.788662949461088,-9.523750814540403,3.029886497093221,0.7288075295031623,438.6356849953775,0.3361227186226383,0.058847109082571174
84107,-3.3787980147705197,-9.696509301560608,2.628973702911835,1.2614237561469988,273.635239894086,0.731471290286855,0.058851266120804165
84108,-4.0948161186218215,-10.061830657274601,0.004636573993585209,1.3548211793911675,291.03986068707985,0.5717410953620279,0.058855150488606366
84109,-5.954790626464217,-10.116181729551213,2.1481575666059096,0.894408228867297,469.52531661061926,0.16336866937244654,0.05886542327003852
84110,-3.917340129134347,-8.514145385926792,3.882834346495331,1.7348000742967795,468.10832955744894,0.034614854722392785,0.05886905515469743
84111,-5.5042486997829485,-7.739151408264898,3.575971685994756,1.8391691478719303,467.8554692393041,0.244980234499244,0.05887517894548563
84112,-2.8751742115730927,-8.294562463328525,1.9356359274133375,0.7057065797091179,212.0276975901317,1.0970078624458486,0.058884427642164346
84113,-2.8166135700954653,-11.326327859191874,0.011151249621361861,3.8181159196587737,362.9050029603613,0.08777324227461225,0.058899219569674026
84114,-4.511629808373501,-10.665256071528804,1.4169935656073214,1.5918691434313208,369.8418520414657,0.06615538894589612,0.05891018245049583
84115,-5.313518129660691,-9.9200184721797,2.4378527584699743,13.457226182395592,664.04069047123,0.03637532780338226,0.058912129379293486
84116,-3.3495703493859432,-9.895650123237301,2.3263129021484734,0.9903606953611092,273.22561592074925,1.8040362075196805,0.05891326976564156
84117,-7.160411450395239,-8.308287137082683,0.353817935451487,1.204074332218733,305.1512973571495,0.5573087109342563,0.05891601120479454
84118,-5.510643004356016,-8.042340200936799,4.246743087188198,0.7760100454048716,171.98916173646737,0.35123273293526225,0.058918817684144656
84119,-7.03070383061641,-10.186162843284167,0.33498449228563987,0.8959429881330657,237.96639136476446,1.082935742233162,0.058923671300935086
84120,-5.262660560725706,-12.031621553510732,1.060016984896422,1.1742838256130719,283.0876961397659,0.3349330811945137,0.05892987178228569
84121,-8.36615966104885,-7.095860473087279,3.571784692502445,3.5716853726911872,539.2637873074867,0.9545519754361189,0.058931857095765657
84122,-7.777084635996611,-8.051072356082427,3.7127461060477334,0.8367995413279912,230.86783203535796,0.9942394450059462,0.05893960889608167
84123,-8.109837395428736,-5.784145074820072,4.131221813152322,0.8759813475207483,231.91273051807696,1.1795337470096898,0.058946910419427435
84124,-3.962206594303047,-10.282992386416645,1.6441258006596204,1.6674987571415067,392.2923884345948,0.4336267863839085,0.058947706309893155
84125,-7.038723841309578,-6.503618565213352,3.5123649409989497,0.847876395951078,247.411951483557,0.8167866842105562,0.05894997259295684
84126,-4.86165144768806,-7.889535288153256,3.5452391635370426,1.6872870756814717,421.0306927173046,0.22224276364655093,0.05895561610425147
84127,-5.655002774055344,-8.21413742329848,4.31765439618856,1.4440457774124729,216.57354871470082,0.0007093474268149436,0.05896940145373064
84128,-6.569550117787559,-8.043967149916774,4.6390690851742935,0.8325213314332212,467.9463526299868,0.15597162518392516,0.05897274980719026
84129,-6.830185987842853,-10.151163883501228,1.6528292914623066,1.0979004550674742,288.6493002648591,1.1967566088443329,0.05899328143799017
84130,-8.473009988497731,-8.140887016190796,1.3910515388607763,1.2451683731098482,310.7055465998619,0.6031366477851892,0.05901867617523537
84131,-8.841374524483198,-5.876448755682308,1.3961396096700125,0.8523389653443437,467.67018436276635,0.4450487363559459,0.059023857575171236
84132,-7.216356678214018,-9.805197985525046,1.9338405698988403,1.0190366692447415,269.78234178725126,0.9192819242041841,0.059024992048516495
84133,-2.8087429747576573,-8.750825204692898,0.6974423589078419,1.1736145196334034,242.38430856302188,0.7563940042396906,0.059047726418001385
84134,-7.6794544520223464,-6.543818949087523,4.637064851177485,1.1194170900511293,287.9036001343499,1.3672773780003356,0.05904781183312579
84135,-8.819294503438048,-6.111954038681325,1.6060731647744069,1.260526135034411,299.8606334568205,0.502975137781184,0.05905617147164278
84136,-6.883156992837531,-7.246644584752167,4.56424094740367,1.2941851195953562,304.37229721523204,1.0032597045239235,0.059056359139594145
84137,-5.934004978942659,-7.622444402770598,2.60777554099582,1.8609197032518356,467.6437218390197,0.13861229571414135,0.0590574092445258
84138,-7.185444249338739,-7.025800705636436,4.670070298791705,0.657121298204151,465.19146606322425,0.4352976631051595,0.05906151236928415
84139,-4.770735745075422,-9.919640892461787,2.369363360872195,1.386712751110559,333.8021302560602,0.3934848855754005,0.05907196140897458
84140,-8.559026557045101,-6.015433577706423,3.2889720611801376,1.1825822461633537,186.8971506160696,0.2738441290227529,0.05907222329040945
84141,-7.891236227461526,-5.7505804927964626,4.318726325878978,1.6912845092020206,397.0541632255348,0.21237143009906934,0.0590754496961329
84142,-7.094276775806997,-6.738974210431159,4.272198102852746,0.6262876239500718,171.95548255775125,0.30673941884764755,0.059109205804292034
84143,-4.6701253865844174,-9.927398336494772,2.328099270869882,1.675931731320999,467.9318753621108,0.2815336517793714,0.059131625813762814
84144,-3.398428594937948,-8.694041575471473,0.5993249489648721,0.6329660965640111,131.26028688316552,0.30009618807192595,0.059132844067048405
84145,-4.910406968786871,-9.414544979172911,3.0555879665491252,4.199226044105237,580.7640977994334,0.894885371284249,0.05914157467110496
84146,-6.578775582998746,-7.909011485245069,0.9253100376522541,1.1799201674056594,467.99524444087405,0.3657671063186756,0.05918449247546453
84147,-7.159085948366197,-6.087805742895548,2.428459668640399,1.4415743536634311,255.44072379539256,0.0022778038433726167,0.05920338352652457
84148,-8.12260017122014,-6.388966205557197,4.226143442298869,1.1344052047880586,278.6688143110037,1.1463410826748177,0.05920858712922062
84149,-3.212132886025943,-8.005997066869408,3.410716189002359,1.709763768224349,426.56782509871005,0.5621170303338427,0.05922360091016258
84150,-7.373830813691551,-5.003943845956066,1.68190116812244,1.1137401551720794,185.96382025047802,0.17150952771749495,0.05922525256288512
84151,-8.808149417675091,-5.8700346531369885,1.9751142767100136,1.4250556969307533,331.39146699490914,0.4692029544072165,0.05925827533396195
84152,-3.2037716837392765,-9.269372298646172,3.1912307730390426,1.0132235820441744,260.7156636676653,0.12136506176810347,0.05926032535006539
84153,-4.683277745996345,-9.341058180039525,0.1178236880385332,0.942043403646737,467.69375196790895,0.20720863548668866,0.05927106680401895
84154,-8.66041375781927,-7.548675126266916,1.6171035922446382,1.7998596487654464,467.7670141613003,0.09717859600818546,0.059275829106303406
84155,-6.862007901813334,-7.153952554894051,1.7665502303442082,4.4051013178937986,417.72558074406885,0.04496362734377346,0.059277228359791385
84156,-6.39442166110802,-7.706896928724914,4.575189322954409,4.06592025066196,547.6403481684757,0.20938954133046384,0.059296208992821536
84157,-2.6595773174860673,-10.51318665234832,2.1082582747076963,0.9129484033082401,204.93208828384326,0.4527296350761212,0.059303053047543436
84158,-5.601759433152321,-7.786118083031098,3.9342464356665534,1.099243323978468,289.0575488671437,1.448177807357447,0.05931044821109978
84159,-5.17962261310545,-7.822821340577633,2.850306988318606,2.7651209380723802,479.050980732497,1.467267435483369,0.05931874212614808
84160,-2.6651041090769265,-8.664442006702501,1.803663390028392,1.071287181637572,285.63046219535767,0.9157074551916198,0.05932315346656883
84161,-6.422572611132339,-7.31440876417056,3.7606587836630294,1.006249079170104,274.3388635812053,1.5804776359369113,0.05933899051432167
84162,-5.3196115095337175,-8.173251928767865,4.199915714875481,1.032802006059947,469.60308765723215,0.18756119925041315,0.05934824445482592
84163,-3.3833241161954337,-7.9605875707827085,2.9180752755631763,1.1101409902542732,212.2305782315652,0.05534600005421808,0.05935128879214729
84164,-5.916986572986287,-7.5762974592323395,3.4329433011297033,0.6239090795609866,128.58994820083487,0.8770642147818917,0.059356465895702856
84165,-8.806687898869836,-5.652665432729065,1.9945185782662063,2.6840136706969586,466.70939669949473,0.9495527558191075,0.059376431490848876
84166,-3.1513914790159294,-9.422594855813816,3.0328094337522815,1.1585623479270124,285.9772917374121,0.17489189436280128,0.059385348111093826
84167,-7.190679984858353,-9.44435162741927,0.3168118846632149,1.6056355181195625,372.4299291198948,0.31979240595169944,0.05939057890096142
84168,-4.145311138372893,-10.17916906608238,1.7569459989084573,0.9232200728956145,207.5029040950976,0.029462994758886474,0.05939501539663502
84169,-7.164328747105868,-6.041899052312359,2.861349072098483,1.3111363537983214,293.2368299147481,0.9527636667961108,0.05940380237214107
84170,-7.16344948381032,-6.999000820074792,4.624653904539323,1.0335048317722375,192.94531017563517,0.10400158570111717,0.059408411232929705
84171,-2.6899552907746074,-9.24814800007142,3.4790262396626495,1.8479389107431414,378.399070948464,1.0004207535456562,0.0594124660483027
84172,-3.753750788054953,-9.113259976160279,3.3372158580741393,1.1651553778781194,297.865180928118,0.5408510583215254,0.05941741567351689
84173,-4.823753754374355,-8.28265321875518,4.064875414714647,0.9132396671572123,469.931152886839,0.08610725441284917,0.05941955069422137
84174,-7.542382575160854,-5.489497696794525,0.5371123837444591,1.047587381075166,272.7877619641656,1.0686494079748465,0.05941983519045022
84175,-2.69288718587683,-12.335187275737788,1.209613456036585,2.321132088240705,434.9401595173626,1.217349523312257,0.05942664223335252
84176,-8.37691167625236,-7.6734494763918955,2.8678545386370957,3.6282086153571105,475.0329589168499,0.14888862636277445,0.05942897662094606
84177,-7.990473289830984,-7.098908254347124,4.285490251953406,1.4567687692536795,333.0665151751555,0.10625386726246422,0.05943648827861314
84178,-5.721955082073638,-8.091564601052507,1.3584232294602085,0.9277866831523107,208.17927763089565,0.3105016534217713,0.05943853728907236
84179,-7.978544235082845,-8.344437805628417,2.8314262975943674,0.8290837265351577,469.9279079314963,0.17289982876124022,0.059470540049600805
84180,-8.77674937442544,-6.281790097006685,2.3926180618606763,1.7078026139624503,468.7734035454451,0.8522012375236274,0.05947243989626406
84181,-4.997729582124606,-7.859671434574957,2.7644043512911964,1.1197307222279471,286.69072278067176,1.138975245693909,0.05947454366267632
84182,-6.267682306017781,-7.404446478942129,3.6112103185817066,1.0777663728184719,283.3434676161345,1.5046751725792458,0.059503733490663374
84183,-4.875729986829334,-10.02508163701315,2.1479852334373573,1.6374487679903749,168.36596020362376,0.4066630676233993,0.059516219648121586
84184,-8.775701541156796,-5.380767095889017,2.3692976915060058,2.0958204440167507,402.36228073781643,0.6732414753684459,0.059524953421089336
84185,-6.109789866632882,-9.302043728622454,3.3272426358156073,2.0454667151236094,408.44900399818823,1.6363790700106682,0.05952784349592046
84186,-7.41674273329361,-9.10895657981673,2.770691954251456,1.113189277973861,287.09618936827985,1.1750059355785867,0.059535772577910984
84187,-8.812801935223408,-5.554976331076977,1.7649861692064421,2.2600395767882446,430.9359353497082,1.5480709498772418,0.059537306435980916
84188,-7.300043263194107,-6.035384801178709,1.4191445772105529,0.9445388784675411,468.3642327141631,0.5228178160563219,0.05954629562878306
84189,-6.975625722123823,-9.188043185387567,3.209811365388463,1.7834616785118511,424.53728586116586,0.34251335498879243,0.05954830851792242
84190,-8.012635625930848,-8.96125866286858,0.7294326032987098,0.5363476596283214,124.8106669826553,0.9273216491353766,0.05955241272016939
84191,-4.569177747615477,-10.205472415446632,1.733385373500779,1.1954082771832166,303.85950609645306,0.41852085677391404,0.05956236888075194
84192,-8.814739944529322,-5.294525516631566,1.7385660026841423,1.6757834092659847,468.5704641863427,0.26376036341397313,0.059570847614742295
84193,-7.123541557773407,-8.035932012504034,4.491820485691605,1.8468313016769071,467.5069497242316,0.13421303872976598,0.059572942004459735
84194,-7.3743059054686135,-10.32176479300385,1.0116639075716654,1.6548316094966835,468.1106979468736,0.7369219786381054,0.059577757996418346
84195,-8.804212669849317,-5.4263729366479945,1.9631428304323795,1.2061420458313128,467.72234820999904,0.5521230583149324,0.059587177542652754
84196,-4.145895076580642,-7.942895262333607,2.8733963431387846,0.7934822339534595,141.28024873846397,0.1863024505890989,0.059590140585031474
84197,-6.255833468767294,-12.623197623166527,0.8870922741679877,1.2387176367965795,289.4979367870475,0.9049567596257342,0.05959941734443575
84198,-6.987744019441704,-7.8701985388169975,4.676440239446289,1.0565988261922878,267.32076094632,0.516224067816343,0.059600794903517246
84199,-8.361349888430007,-6.3117063523793595,3.7931500089651995,2.6298293130016925,469.02688566788726,1.9943607396379033,0.059607967602696585
84200,-8.701712050207508,-5.244807754283828,2.725283232076374,1.6266017116795024,376.09325342787645,0.037654800148916756,0.0596225773979791
84201,-3.9682779397161845,-8.61355377137289,3.820340721416901,0.9605500846547687,468.8805955866704,0.07936432972467866,0.05962286696709685
84202,-4.573999289725917,-12.317241093783407,1.03911755234771,1.802039213580736,444.09762410641406,0.6241666036543014,0.059623476327839854
84203,-3.8681305501408536,-9.808574512352143,2.472006239477596,0.7952645754293814,236.77114733284608,0.8886715138744874,0.059623495863607885
84204,-4.581097411670969,-9.794933637962252,2.5338622031705054,0.8482443237506878,201.5901270520407,0.6954928438731036,0.05963049883196675
84205,-3.979686783212074,-7.945883687612498,2.957759016449687,0.9125688237101528,468.02427889602774,0.02822777003507415,0.05965594741442827
84206,-5.013895392632315,-8.298141588337973,1.193444897785281,1.8917514038476821,468.53787607406235,0.6152609879731097,0.059657592115669775
84207,-3.0240061507962688,-8.30740494961465,1.5299107655468651,0.8639455377400149,214.83583153455382,0.8440300720205398,0.05966565447116013
84208,-3.7504805371398433,-8.010658654177494,2.3684612076817446,2.045768369865124,407.1600573801344,1.4709300973860922,0.05967050765772769
84209,-4.5195745815722566,-8.142992627589923,3.9482083206078613,0.9475819983916379,265.49531346919343,0.9030897383145993,0.05967613814582263
84210,-6.297506064685355,-12.56112389763423,0.8811170326938902,1.0961782070276707,467.45294454870543,0.756697028142205,0.05967767262194383
84211,-2.912122851777772,-8.310255898404105,1.75700422045473,0.8580065562722159,467.7945980977492,0.4589401358798675,0.05969218693705809
84212,-8.044983997737887,-6.6959684970619,4.325672861725524,1.9109318004606983,389.61385005932954,1.1597347396220758,0.05970450880852274
84213,-6.694269104134749,-7.583033817392068,4.6731883382959625,1.7437556536796022,411.6472934982366,0.5533172779921758,0.059730490065527976
84214,-3.768972105487731,-11.164193171995604,1.2285332982284214,1.1050908235830348,467.0946389288321,0.8100104543901834,0.059734432810293954
84215,-5.097664629505548,-8.670175511871115,3.896641785254355,2.9398146929435365,493.20940055999097,1.3239293432337131,0.0597382924724867
84216,-6.706415021636825,-11.916816983227028,0.8039951038394513,1.212748304004276,249.39525499881432,0.16084411034602208,0.059739329467677266
84217,-4.714804087095915,-10.271525195255645,1.6614192488593307,1.169252707615124,467.89331561386854,0.5462735955991276,0.05974581763449241
84218,-7.323209012764153,-6.102494494310189,1.0751770214422982,1.0728442109934488,257.37386981838097,0.7910128464899921,0.05974723503719605
84219,-3.688746027459855,-11.69515227181051,1.1264098243100433,2.75431937488735,479.22977482580944,1.6557715248694649,0.05975919226793773
84220,-6.931697616770181,-7.555876156470045,4.749844130225649,1.1268094775715973,468.3450918819184,0.5154355522455045,0.05976584993090736
84221,-7.255766165482402,-7.091739004494163,4.72407676347074,1.4918081314259657,339.76534834691944,1.61460250660443,0.05976763766968787
84222,-2.824495164494384,-10.191462753575468,2.094245833168848,0.7430773814104986,452.0226616580203,0.5075729503866988,0.059782001590586296
84223,-2.517116537773365,-10.85409232804183,2.346526594292916,1.713742866324227,468.3327100608005,0.5108328836753637,0.05978787761133921
84224,-5.516786386395262,-9.387985018290978,3.1550957080970052,0.8579916366255077,171.28599414773393,0.0864212325869902,0.05979660731167419
84225,-8.422861564129288,-7.438409583685935,3.0624950005321083,0.9105222269844059,126.52145238275804,0.3223669735258641,0.059801990769850086
84226,-3.342315395444169,-8.68518153335204,0.6268567470351807,0.6874084838516051,466.5161346290837,0.38258808178992343,0.05980350943616359
84227,-6.914818316392747,-7.159139736303928,4.486772949881482,1.8561087947556099,444.8811610109089,0.3304153429793768,0.059813523012673585
84228,-5.614859723392559,-10.06708794329359,2.1786135673366522,1.797494795186257,468.2966591417972,0.8128971800625857,0.05982920201700615
84229,-5.734192955833823,-8.034518430051492,1.4966907971930516,1.082990379327914,281.51897650446045,1.7608329290106939,0.0598323634987866
84230,-6.515777034177935,-9.368582329424582,3.2069768140736716,1.1496082566509196,291.0320019959334,0.692940547476792,0.05983685746537269
84231,-7.452575417123037,-8.911927095346407,3.0062410568293325,1.85873928307946,466.4124834398008,0.6127377095898634,0.05983776077981198
84232,-6.3092820282662645,-11.92417613349357,0.9677984713428123,1.8715605791972783,451.5374691249675,0.10806714372700466,0.059842073493658984
84233,-4.254737181657092,-9.219197419158874,3.240808917062797,1.5699183398230954,369.28902723905725,0.24309891648509918,0.059842388883907506
84234,-8.240197646866303,-6.598680725485796,4.0206750624427325,0.8692185020656148,467.59268947851496,0.6330881761469866,0.05985557038819415
84235,-6.3579194382524005,-8.451707327050158,4.321825996665379,0.8477694483444683,170.1677961164444,0.1478781430935916,0.0598589357673794
84236,-4.311008357272702,-7.9468892912628855,2.7479743388657427,0.734766943130049,152.8715986712713,0.12533853101530923,0.05986172341787864
84237,-4.36962924454103,-11.394304679128155,1.177340256375414,1.0516091416411653,277.85503777480227,1.1441377834905477,0.05986825624975504
84238,-2.8512729366360112,-11.774681969607826,1.1801380927539054,1.6900487589376623,366.3451212792951,1.679739725383281,0.059872800855541655
84239,-5.849089943875164,-9.107463721574485,3.543058910631545,1.085993195573358,255.4911665639835,0.5006052808241863,0.05988813018666532
84240,-4.022277052954678,-8.883019732004069,3.5965046764794755,0.8831121756607448,468.18678380861155,0.689616457448774,0.05991296692164262
84241,-6.752661255457945,-8.588492434885392,4.108587214886637,1.0051326507135516,468.83773534093916,0.01355303883103609,0.05991501793247124
84242,-4.657641914454073,-10.33237201085458,1.6031379477515502,0.7471258376244426,467.1815492975976,0.2518597539626377,0.05992504294807737
84243,-5.093969868165537,-8.906141721265996,3.6694532029126243,1.0289235654271964,204.32642674945652,0.867607650559787,0.05993489533381019
84244,-5.927655489397906,-7.588286478709285,2.906307210948339,1.841018400062569,468.53446396405394,0.4992341432695362,0.05995532846910573
84245,-7.00213182812397,-9.387603463831072,0.23204251249068394,1.4199957241787513,319.58713328432435,0.04703359769313753,0.059957753731674744
84246,-6.928353345623989,-6.672654421520813,3.1236177399704124,0.8336214510537481,217.05179902071285,0.9453178719213451,0.05996568367830904
84247,-4.7359999505124915,-9.579353770434743,2.8198687993459135,0.7745525901307001,166.033372965643,0.02130732247884648,0.05997487922842501
84248,-7.357839162634915,-8.53209585848005,0.3414414135727981,1.3900673185515637,390.55051716444694,0.43271694209293,0.05997785333667298
84249,-8.508720429191973,-6.696514290991002,3.386036545076788,4.535392566992516,565.9273739622902,0.1960164061148566,0.059982386705811505
84250,-3.9420941433961234,-8.252757862904568,1.536002909157151,1.1127576738538225,283.1396656544971,1.4409577396870334,0.05998281235642945
84251,-8.626758037355154,-6.300351827692015,3.0772754555142536,2.3576465976598806,443.82716159729506,2.266477923325474,0.0599870008426163
84252,-7.467392974748365,-9.844946194423695,1.3461246406038436,1.1593301469831827,467.9582164430052,0.3282328180247065,0.05998717875609563
84253,-3.7341565005600676,-8.486838064211241,3.872691098243598,1.4458418799757864,334.79311149551035,1.4559120786714201,0.059994479639282464
84254,-6.967578310362256,-6.9868960368680915,1.7364599944525312,1.8386803971133323,467.73921232331884,0.5209320321710544,0.06000540189388025
84255,-3.6286778237563535,-8.097337038618742,3.7382823023166862,2.0979639780926185,412.12017991591256,1.3470467268769681,0.0600103010034029
84256,-2.5448890364444408,-11.46044371399016,1.9967876615532065,1.074983196590062,285.90420569895184,1.454308070707003,0.06001794742854619
84257,-7.039952324876187,-10.980195575152967,0.917776279113778,1.0408751313102518,467.9753083986429,0.22294360010456593,0.06001967142605842
84258,-7.644775781182877,-9.384595349197763,1.7400459544764062,1.052924830144146,468.1114019138757,0.027318517547318066,0.06002398209441619
84259,-8.330971925662993,-7.837422045965475,2.7310737629559294,0.8139243047749988,164.08552555028083,0.4367554403628393,0.06004294278641041
84260,-3.2313724803394015,-10.095385009473285,1.8696084394396957,1.6535951877447104,320.8940319715181,0.3809651693977729,0.060050004060785235
84261,-6.726592017010869,-7.127398493750133,4.059607614063598,1.000542207551788,269.2968057079062,1.5411875322932875,0.06005394786145399
84262,-4.223516773365757,-8.272918050941431,1.468926665842184,1.7513613124823888,375.0950348485333,1.8484325062104618,0.06005731333143721
84263,-6.220823561198131,-7.787984251486156,1.6293428398360617,1.3397668580892284,309.85760232584164,0.17069723808346104,0.060057543397899725
84264,-7.126412128349649,-8.080169110150257,4.444011497938528,1.057999187989577,196.76161766041113,0.3200659063448601,0.06006440303736102
84265,-7.049349829684118,-7.69090503992847,4.7335230613222254,1.5710519613975849,358.6860529911034,0.2246281494412008,0.060071079054847265
84266,-3.6280850400351454,-8.370914416821826,3.8979127792106723,0.8963867984449712,255.8780862521272,0.4002137870579592,0.06007154802304436
84267,-5.680069871594612,-8.26586916996117,4.298174912828032,1.183080826020578,292.30067401964715,0.758894275394165,0.060072451365818916
84268,-4.005273000803166,-7.94344510924129,3.050935597619216,1.8436945139152863,440.5646962644255,0.5148211508229243,0.06008403377044808
84269,-4.252421338874094,-8.01430581071576,2.2522013338768523,0.8670567566041073,176.38773153012798,0.03292818064769154,0.060084220964980804
84270,-7.12149979937171,-6.990418678582988,4.572545163574895,1.7410397239587028,412.71014277831557,0.6996788480526765,0.060084469207177915
84271,-7.098511704742094,-8.759739870067724,3.6717821687443615,2.6090894262037176,463.7062665373534,1.231779764692054,0.06008724771925608
84272,-3.783708476528229,-9.659667935508281,2.6638310591542047,1.684379927523945,467.8626407535068,0.4269169342886032,0.060104116544688016
84273,-2.741594508701385,-8.69535315498268,3.157952192264576,0.8147384555305318,195.70409304299775,0.1755101212472967,0.06010866527109303
84274,-6.181345678324518,-9.894255044116706,2.536951723046726,1.6056515204454942,469.5119343067292,0.2147039468658729,0.060119883081253496
84275,-6.105010369158135,-8.064299724888194,1.1012656568428163,0.9973286041734432,265.3509491010928,1.3089408442814667,0.0601338008489898
84276,-8.551582575622689,-7.170585736344985,0.6691923195087356,1.3877207721369078,308.9280680602652,0.4551223703468805,0.06014509005304531
84277,-4.781447674516391,-11.721658859324512,1.1152843260287038,1.7252423757678592,407.2526164072695,0.2514559663482281,0.06015300282958781
84278,-6.591251448164258,-10.946885426861606,1.1613088279433628,1.715731077857689,403.40312505129384,0.31102124534913766,0.060156700610708054
84279,-3.315506331076924,-8.059133836293471,3.632560992488243,1.4516446502508082,333.72685776254565,1.2073526101524203,0.060157933678802296
84280,-4.3192485016829885,-8.568584183493021,0.7503879315592926,0.8864755420288873,468.10663592354234,0.7346137353601074,0.06016389519282885
84281,-3.6590558101283035,-8.252604348284315,1.5663076028168978,1.7792009379776417,422.76074564993166,0.4502808596557246,0.06016553033257318
84282,-6.868429518720593,-6.797538051126494,3.4183230240728966,1.0453794854148168,280.0448513405778,1.510587091482967,0.060170584650186744
84283,-2.4688162186380778,-10.089124137704665,0.8064092548905305,1.796220079277434,468.76436509171515,0.3907671516406026,0.06017451717745253
84284,-7.290125290548927,-6.074874041183573,1.4788248935543373,1.0516713603786383,468.22999725881874,0.7682409559871024,0.06017744967885115
84285,-5.6001737486170775,-7.726500592688201,3.6308500922223623,1.0990124395603011,186.21063313458617,0.13563691509204734,0.060179472385577755
84286,-6.214452333574623,-7.487844758113135,2.592768185151991,0.9715310262820377,269.436728985571,1.7021714051421721,0.060184403638553076
84287,-6.1090119034486,-11.253127196498506,0.10987362699280628,1.1500526268740145,294.3862766982894,1.0517643393372378,0.06018788185013576
84288,-5.443863139239715,-7.848427849919896,3.8883008962329213,0.9388513763452786,129.8914543888815,0.33533102373153856,0.060193314214384806
84289,-8.299091933785727,-5.367405201535172,3.7599036290325145,1.1142317724090105,222.4823674595247,0.19157825398750283,0.060195527641215496
84290,-3.882632449461533,-12.10051718804343,1.0627179863400813,0.755440114077745,410.4995381079705,0.30633366561582154,0.060196723655059445
84291,-7.788395760780459,-5.449011260869974,4.220980294842069,1.6245073034397606,373.5317963272242,0.2642612615669959,0.06020551647813543
84292,-7.247991676774552,-5.865034885242669,1.9557148249577059,1.5742158767957555,469.43668332605654,0.014198813201392824,0.06021770374664026
84293,-4.777180529769182,-7.93626973741661,3.5958114228959586,1.076225963420179,468.0390786773192,0.8544092695311063,0.06022058175605029
84294,-3.6145422178578057,-10.328604282961273,1.5939281110310042,0.8823941100374357,467.549523271055,0.44914717393903114,0.06022590327236668
84295,-3.8878467375425805,-7.960755369488766,2.9264299615891556,1.137678935951829,227.514865616258,0.7510631825273357,0.06022946603002189
84296,-4.08596401752472,-10.949430739586223,1.2928040409913162,1.832693101539459,451.9241716851861,0.6061054676772963,0.06023053577245047
84297,-3.7315440395776625,-8.404986270036876,3.8951868095681044,0.7911906926024046,186.6231126089247,0.19096313218246497,0.060236433194039145
84298,-3.3628022090395895,-9.593248950622565,2.741152734487387,0.9077191130915218,155.97116089867603,0.18349216783988798,0.06026181060979377
84299,-8.483652125012673,-8.032813091090372,1.6065237220769681,4.6155622927000115,598.7994076910694,0.407842893874677,0.06026695983082392
84300,-7.320862195487315,-5.0746269268879995,2.181233540772884,1.1764532446627658,299.1424387665802,0.8728958581586612,0.060268447222796256
84301,-5.951262806978398,-8.468049931422554,4.244299008754805,1.1680804835359215,468.6537242084684,0.5666388901463764,0.06027609394137525
84302,-8.72794710099568,-6.389368418965258,0.8427869986480476,0.8862828617689337,469.4219009664584,0.16953860444760416,0.06027727064719322
84303,-7.769124549829898,-6.844524274679443,4.603041292307141,1.6922768656436318,238.59124789207206,0.07943208480845865,0.0602869201747784
84304,-7.637496002706109,-9.454684530184227,0.5081846497388073,0.7801168276257717,155.17043214155188,0.6851474885678384,0.0603053361259606
84305,-4.058826452707401,-10.490968590219373,1.4938031124090223,2.535977717655053,461.0317888511529,2.2484721881612577,0.06031850600310876
84306,-4.765101181517855,-8.218094521976617,1.5032321076448298,1.6557613752480183,389.3623681361881,0.9341708084447484,0.06033678452863485
84307,-8.221612920140013,-6.7266865214401435,0.45859951771354396,0.6930348018168693,203.09495184527407,0.9192974001468635,0.06033739642004124
84308,-4.502347636271878,-9.338805108869623,0.12547039369879093,1.7398297674676326,363.2322072938435,0.2657923103267663,0.06033851710149488
84309,-7.132461462420597,-8.156640298410613,4.363382533060301,0.8818966359512597,224.91894003332254,1.111990173960816,0.06035138100782873
84310,-5.031505072569596,-7.845923148536157,3.0482391090394607,1.0349798213993227,214.11087366846493,0.21519734321975115,0.060353168044749134
84311,-8.224114780688078,-6.7457920367643025,4.020631158372558,0.9321740357470311,191.29827539769312,0.8542780845144717,0.06036002743903233
84312,-7.675542605824406,-7.259432071400178,4.572208110205218,1.0528782913524273,463.50861845269395,0.09631895118530043,0.06036217647951981
84313,-6.275512672533843,-7.72057167937978,1.7274804766517784,1.815270329433101,468.571118786708,0.6140374072987855,0.060373875270898054
84314,-3.6859273780912707,-9.044313114473615,3.407035421862209,1.6818140762827403,467.732982484425,0.2282498980239156,0.060378543352257966
84315,-5.893634149941873,-9.09272785449996,3.558073994671454,1.684087664636764,467.8897355234782,0.8924554059904573,0.06038045167225876
84316,-8.511344935356833,-7.246022133585946,3.0059030938919418,0.8701183760716765,470.26131973884634,0.029982654499241868,0.060381232701969156
84317,-7.26022380175875,-10.541104081999322,0.4639439585941817,0.770290225406187,469.0736324742688,0.21874797871414042,0.06039204281349185
84318,-5.598062641983254,-7.773960015782653,3.843717714276313,1.6094262113033808,331.8774462829968,0.41459302139266274,0.06044327850476433
84319,-4.011788796162631,-8.489945571128192,3.8772801749806627,1.1926007436915083,248.99432498712983,0.44713010605406645,0.06047469209731902
84320,-3.6071481176215148,-9.93288432782877,2.2058947806098015,2.4538111801333917,451.4200857443831,0.46757213222205163,0.06048787068098233
84321,-4.458797839047284,-7.921863558320147,2.937581541381646,1.7007117354726122,369.6554493979051,1.7485041298006854,0.06048788078282675
84322,-4.722769725765037,-8.38191836082134,4.008928561742243,1.7425257089195496,375.0781353348748,2.0746463946821025,0.0604924049207899
84323,-2.9446827560530124,-9.667552676754628,2.9261293052040265,1.5383340002562136,306.32462298815733,0.14136422956887618,0.06049680440026411
84324,-3.269670176805846,-12.903085089755281,1.0038315579150379,0.9090405217657287,246.2728690320146,1.073043476813079,0.06049693710408094
84325,-2.371702079329024,-11.278513440372276,1.192439728263205,0.8674956224278547,226.229075667895,0.43433599077799556,0.06049777526275698
84326,-6.186876983297638,-12.55323771329881,0.15164950139062525,2.0619157090798734,395.71369784997853,0.7053244089666739,0.060499425330294766
84327,-7.208561868002343,-6.156053734102747,1.8694377384080842,1.3904540520183908,166.0850943280137,0.2449328583533168,0.06051024799345313
84328,-5.552115689727943,-7.92156291651704,4.1348635433346965,7.582596645211125,382.88098350672334,0.17188411109381185,0.060511718350754425
84329,-5.4613105951110725,-9.219059064075395,3.351532352713295,1.820540444879708,469.7083934999404,0.1401633592377447,0.0605131521798201
84330,-5.857708605249943,-7.81514362615802,4.224360930269686,1.2454942210761726,271.2674616898125,0.8149705534492906,0.06053452591009224
84331,-6.91091243992634,-7.0896532548530065,4.384489989465208,1.0870716018851208,467.32896111876045,0.7828246397122358,0.06054136532576503
84332,-3.8812244094682535,-12.31656752426777,1.0391359523361448,1.1738572348907501,141.71868965829805,0.3860129628171842,0.06055026808881778
84333,-8.555129297114743,-5.9871049494474065,3.2746967832374025,1.9327561472227255,394.0399352191573,1.4311889375026023,0.06055129510527326
84334,-6.824261206157064,-7.88016930458078,0.7577856231075838,1.8550770025188268,468.78515149258686,0.5373203190422844,0.06055183651901405
84335,-7.820986220029547,-9.505378527845467,1.0367882109302313,0.9954061976553777,236.77037591411596,0.6571467257118355,0.06055679706435978
84336,-7.535108780886758,-5.376093960788419,3.9533711811657,2.7610580325158622,480.814689706875,1.990793287039697,0.060579664718708404
84337,-3.151990881803237,-8.403620817933767,1.2347028380172809,0.7738016413274458,168.06878606559144,0.6000122641552847,0.06059057197560767
84338,-6.68460512625228,-12.77657573515212,0.3250116471766163,1.0153551424545662,270.57477624442134,0.7749106783829562,0.06060078718701195
84339,-5.102041263057172,-7.865979233772946,2.629868903681206,0.9533632099269198,263.3173759474476,1.34640176780682,0.06061422849692346
84340,-7.382296040037636,-5.355185999526565,1.3798321064245356,0.7845861366726127,198.65498082452723,1.2343169464616688,0.060619357890735734
84341,-3.642662684040989,-9.115649060129055,3.322485172326947,0.9160442159902503,467.4985949288142,0.4520108319692042,0.06062433876223255
84342,-5.621665246358897,-12.036671226024808,1.0310081015621424,1.0907521162211233,467.5210973061807,0.497350036369828,0.06063305664674273
84343,-6.22233253431793,-8.153906175075896,0.8595422638657844,0.8388968762011765,198.97882680638523,1.1169723013484383,0.06063901463849939
84344,-8.70697975785507,-7.30299895667493,1.7536174473164654,1.0378004636727207,276.63044847147097,1.2177198424117792,0.06064318665963129
84345,-8.637571547478146,-7.526289509361001,1.9456129458443931,1.0024405020217158,255.50104121371615,0.16233817576951193,0.06065915970505409
84346,-5.016890184673747,-8.281761100360576,4.095522683083478,2.9612779879025726,477.021711766044,0.3411198667189117,0.06067804548605635
84347,-6.820492900312274,-8.774462996221477,3.8467948666615075,0.9382618340230109,183.79234579408046,0.5086734566285882,0.060678579588893465
84348,-5.278244976369796,-9.616292068730775,2.8157894478426493,1.1161948287840475,275.6480870434872,0.7903107452945202,0.06069762776205074
84349,-6.534209387389068,-9.909709594322232,2.4524198324011253,0.9234559598016581,466.6415875770713,0.17385724291389248,0.060712552840328025
84350,-3.3940637684407937,-8.720586250565395,0.5750506004105337,1.0884316525522806,281.7733243117584,1.7976706921039964,0.06072240526879438
84351,-6.5618832416964095,-7.364811768323479,4.269737770060402,2.224792204534978,421.63630816843295,1.0185227098781509,0.06072705027895791
84352,-5.270510680381692,-11.27266248588668,1.1869169518403515,1.1199217957700303,291.4071469761377,0.3671360524742511,0.060733513878746447
84353,-6.0071616698494354,-8.919018124508852,3.781379993648673,1.6450572052893249,445.45393463279595,0.5565211259591081,0.06073710723585486
84354,-8.33506178065613,-7.108572999561114,3.61591372762958,1.1530348007072513,190.43776385090592,0.1397458258977231,0.06074100623469244
84355,-5.988210498978744,-8.22830855049557,4.410085992789268,0.6512669348130095,170.6378421717042,0.22798163132903237,0.06074237183937923
84356,-7.215337976167345,-7.799976087367057,0.5148667760123538,1.7189066839064735,405.7918359621058,0.17817896264337652,0.06075522421068831
84357,-8.497909903872392,-6.052285181446465,3.4336996665935575,1.8160430839442674,432.6792451324948,0.3312634014817428,0.060799099315765756
84358,-5.100129179004056,-7.834817793879639,3.121980218989301,1.7758455776069082,467.72625500962744,0.5935737307227198,0.06080157453420827
84359,-8.769812100419179,-7.019752133113569,1.1331600461633546,0.7670458732069922,468.0176104774783,0.2926613582487807,0.06080811348025166
84360,-8.632549881369098,-5.345032312299688,2.954418573206348,28.971164575810537,913.2726583097607,0.26437512314167666,0.06081441775183729
84361,-4.95729397092177,-12.995007821490349,0.9784274494484642,1.1008411796279876,287.8684188707505,0.9530352162152722,0.060833218090197524
84362,-5.480117917639434,-8.049985571068277,4.194874909079948,1.1113545828886473,286.678422284547,1.4464209979394687,0.060838385946356204
84363,-5.919594108152123,-9.330786681441811,0.1018993060239929,0.8918756230476576,146.8907815503561,0.21800181398257124,0.06085751373077683
84364,-8.78033550281896,-6.663995626030077,2.1720246157033753,1.1035978006096556,468.3707048149506,0.5845080590182983,0.06086039998406962
84365,-4.366927026659999,-10.503167590145566,1.4852233539783488,1.4952336559933093,342.0776614485667,1.7084831180794318,0.06086371104041733
84366,-4.46692443556092,-9.442388310760109,2.96786397170455,1.607956787661635,349.40330202221105,0.9416272915053367,0.06087097017592996
84367,-5.027133942435549,-9.339424134546885,0.1152300025281458,1.0071746059075852,227.93014982791047,0.05103081695631673,0.06087724150563786
84368,-4.9262907566484095,-10.510245069090143,1.4812515793911705,1.2066536185549253,304.1952552712838,0.32635967504784436,0.060889142058543365
84369,-4.315490141818861,-7.9783090449334555,2.512183579697162,2.3453924178032572,436.74075296194536,1.2025156966336503,0.0608993801645811
84370,-3.6055975888658693,-8.742343833149102,3.6979234599179596,0.7897643711306833,233.97412008655812,1.2831979318782771,0.06090088160574698
84371,-6.785793225925498,-10.375655825103657,1.408403414963099,0.6270849665610735,149.1680840402834,0.7223249136719287,0.06091781713932516
84372,-7.454541309647595,-5.264618509692337,3.728225830980531,0.9853962342363387,260.01001671533004,0.30146485583237403,0.06094989299766226
84373,-3.8343785089825975,-9.54333957592934,2.80177973278117,1.1919649290209033,243.14961341199867,0.2300612547949683,0.060966637316596836
84374,-6.354903952874234,-10.052547193536137,2.257280131793004,2.0103687170865583,389.71240317948116,0.5390268006388581,0.060994280281306754
84375,-7.355086039438087,-7.757607972182329,4.537905656620315,1.5930009602911863,339.22848590534755,0.642220784575648,0.06099737935865476
84376,-6.493059659102949,-10.142419242258399,1.924546917766284,1.8314415911748267,467.10893407501993,0.1548958750538647,0.06100182016180043
84377,-7.228600698975243,-5.827579738869087,2.3207712353098455,1.0349704206242332,225.8913101218124,0.07410172743657384,0.06101219320547436
84378,-6.76759465863916,-7.378741757677526,1.5903526045184082,0.722270946400122,147.86764757925656,0.12092831793676062,0.06101940986844236
84379,-4.01096946405911,-7.952875376117813,3.1078338913267767,1.0733491811603026,283.0563110132258,1.4460516136124264,0.061027251440659465
84380,-6.934943422234303,-6.7325049483887796,3.6093495712615815,1.2204078602291701,204.84404642566741,0.10920878147714852,0.061040416558541165
84381,-3.0228280542900166,-8.43363877550106,1.20496704523538,2.5147123511269873,458.50972685474596,2.0832002015728666,0.06105957509527351
84382,-8.414667066461814,-5.109174796765564,3.5042922469855515,1.5002946771234633,337.6784991373804,0.06432368916475273,0.06106692941419076
84383,-6.644883903890635,-11.892523910232086,0.8442376678335172,7.705548283377183,540.4437405420213,0.0077878828040454096,0.061068834433544404
84384,-3.5351577559260727,-8.009234142155496,2.4707241832744122,0.6605633790187302,204.9811317970305,0.5676919966832967,0.061069196324711465
84385,-5.106008903828513,-7.9016925175599955,3.7331499624928886,1.000134306921055,275.4815697917229,1.386775443239503,0.061085120922948426
84386,-7.8233712175962165,-5.761584243453854,4.318753609538181,0.8170648879538724,190.1969245183442,0.987352498146497,0.06108663967207769
84387,-7.716747531399546,-5.205690712233239,4.128679798693485,1.532339830930583,354.9261909465856,0.555847279410691,0.06109991429590649
84388,-4.700890800723695,-10.022396424057556,2.0802379891983045,1.0838322042383592,468.69558397674524,0.35289614194573904,0.06110657508464727
84389,-4.691141979710585,-9.39679411996585,3.041578283704945,1.5359450305022642,364.7241089868206,0.49441527668602436,0.061111238149611974
84390,-8.469286220874192,-5.586927691509085,3.4378379658940057,1.5449038194808857,351.39453773911475,0.10855003239350669,0.06111482562201499
84391,-7.672161920099031,-6.771149809748255,0.37931371071098136,1.7358102641540578,366.98886921567066,0.9459958733226213,0.061125438008649106
84392,-3.806956628517165,-10.146021061314542,1.7742730329388032,1.3077702046409996,293.7921811665882,0.9221601740707026,0.061135402640357155
84393,-8.269328034939072,-8.556856430712193,1.3554582537938427,0.8332366112291353,244.3098764957534,0.6249758315381984,0.06114612876951925
84394,-7.307104367405662,-5.373283028448764,3.00346458420277,1.729101923718367,468.77382980084303,0.8630391170002918,0.06116582859678881
84395,-4.678038782833677,-8.004419571131322,3.731447184511195,0.7071929752970679,467.3018355224115,0.36376961287359233,0.061170123749739555
84396,-4.727172518864245,-11.150456332280609,1.2247309700374367,4.194756885913011,370.3888240020021,0.09093177286169585,0.061176479770295736
84397,-5.785362788357917,-12.27571959672466,0.9872637879617443,0.9559494892929109,468.066232522765,0.7116143269749866,0.06118586099427456
84398,-7.05470278794823,-7.162834304381737,1.1602674396504127,2.3512371912035714,443.17445260461204,2.206930554923061,0.06121043095481001
84399,-4.848125070081094,-10.52027531672137,0.017285561552324472,0.8790078770014352,467.6247507333759,0.632689698666721,0.06121250042435505
84400,-4.825849879700629,-9.946239611048982,2.262729583596889,1.8260972644942035,434.65147166328717,0.4891796481502002,0.061213061742967374
84401,-7.119819585786555,-6.493198367707005,3.885294170610396,1.823434885531333,155.76112579986878,0.33548330408666605,0.06123072566783266
84402,-4.081945317524237,-10.130464964135392,1.7974744907175753,0.9942052099109384,199.2377379162347,0.46137772562188406,0.061237061833350884
84403,-2.7285238333121145,-12.862135413066262,1.120651860837966,4.85391769293241,613.9671347030721,0.580348734281035,0.061242812705995714
84404,-3.4827713673526794,-10.1690894423958,1.7334288962042446,1.5357345112430862,354.8131540922822,0.682643725057468,0.061280019631501786
84405,-2.738254539236441,-9.781823587690482,3.14605975813756,1.0465043073842435,192.00580920277352,0.11026415989296101,0.061281082417213056
84406,-2.544103012923048,-10.137292111001127,2.6162315263186997,1.1014799292192063,269.0359903102387,1.6579966914007223,0.06128659948404201
84407,-5.191427703308751,-8.365569532534725,4.1020081215540705,1.536708237995164,196.14492271030022,0.15154266970059105,0.06128706499008052
84408,-6.329261804460948,-7.563177066553975,4.303715500065159,1.163658160495525,261.98120406144255,0.5298302215893065,0.06128907726538384
84409,-4.1364171260808025,-10.809485681864825,1.3370344882353904,0.8416266107175876,182.4014607642127,0.004787037526367222,0.06129466346879507
84410,-5.624111718758214,-8.363000050419874,0.8297689480686706,1.7577910420794587,372.57816777715345,1.3816533377744653,0.06129750569073463
84411,-5.761210280673369,-8.94642319428472,3.7089913822871505,1.1010139070422,287.60695971296144,1.7574467441408474,0.06129893193821218
84412,-3.493211496752143,-7.989085708477949,2.7077053973134673,1.0622963334627311,467.04932535295814,0.4715733838369518,0.06132018653239769
84413,-7.827279988452817,-5.934494699282903,4.370439053037087,0.8494026731059209,468.22332468704724,0.11008572101713732,0.06134340916126582
84414,-6.382646251678674,-10.14343308344283,1.952866305705615,1.1396076931219825,467.44759574807205,0.14362241793446007,0.06134861355138565
84415,-4.297046388527672,-7.94925937368153,2.814502137911965,0.785562233788808,227.92622441176627,1.1016321766172874,0.06135137256332786
84416,-6.642134093309673,-8.253542620527092,4.467489721224091,0.8987945738968981,468.38396996740363,0.3492056012466085,0.0613590710355603
84417,-4.508730284491726,-10.313182759381743,1.6070765238316127,0.9245218311042993,467.8076801157969,0.5119668971947684,0.061360450808981754
84418,-6.69798999336229,-7.197470758042552,2.176211474465414,1.0600707612667946,168.07966640756274,0.17407381690703616,0.06136700073836564
84419,-4.457329271130447,-8.269394147222089,3.958104752054814,0.5588378139089781,177.70191762160644,0.3753573323200001,0.061373467705177286
84420,-3.6894437460450638,-8.620567289709706,3.787202270843276,0.9178581534058623,225.23081675015953,0.8028802035524523,0.06137559581411784
84421,-3.539714268170365,-8.071303340879506,2.1337167494091602,0.8901588963324624,468.2647160250998,0.916347436331244,0.06138451303143153
84422,-5.1110588109281005,-8.38282891373563,4.081668674148379,0.8270997687090208,166.1131578388542,0.84911751897448,0.061387708643882856
84423,-2.8746884422613075,-8.410126514931886,1.4562289355167917,0.7140313753803235,433.37861602910095,0.47591980947889123,0.061402087951905764
84424,-4.666933798342772,-8.00120674003879,3.7501800367689375,2.3728819256238705,440.69038045055527,1.2761861821084786,0.06141721041828944
84425,-4.916028032463981,-9.55936117710531,2.8532804785765724,1.4373863027933669,468.14657632793404,0.4770405612053734,0.06143038932377477
84426,-6.617482879308601,-9.438634325507559,0.14457125450974498,1.0915227746158689,468.56313374371206,0.5397350212986192,0.06143709033678583
84427,-5.912291537245668,-7.59099266675548,3.105332327585453,1.7326828352157935,411.72931298916905,0.8512888059754546,0.06143809642593885
84428,-5.999812199840264,-10.135087316194586,1.9871319317041658,1.1133487080778637,285.8061219716697,1.6125835483858202,0.06144275232791842
84429,-4.76781608352325,-9.531240200480974,2.875223131690748,1.2518400170014787,314.4365645455627,0.4927806086103397,0.06144477949004598
84430,-6.918346446258337,-9.887523834084877,2.2201851155086096,1.4759425983173777,468.19984284749336,0.30258088239375436,0.06144915734791033
84431,-4.964961490074514,-11.777908033618669,1.0937445345872903,1.055377808105029,285.632048932923,1.0627482296023576,0.061459986716927525
84432,-3.059465878228931,-8.495527695792017,3.886377568175925,0.8877564923437903,228.33831197019938,0.7122369448710426,0.061460807926536756
84433,-5.216755540709806,-8.219622531419933,1.342515214989775,1.7630878571160922,419.6163893322273,0.9023985644287142,0.06146964233369907
84434,-7.15851732792197,-6.473230521246405,3.9589143231387105,0.7912509460848252,159.8326652479908,0.4878031217350074,0.06147620314168422
84435,-4.447878035878271,-8.590571756221705,3.859067538776215,0.9703483498866962,268.3538879145746,1.0066157450394364,0.061480739253934526
84436,-3.326913488621143,-8.466997311233662,0.9615659607569342,1.0585086370623824,466.338108405067,0.08870832103011583,0.06148384505335203
84437,-2.853478492438332,-8.430440053039213,1.529337971926804,1.3533906332636905,304.0273628383018,0.39762297283591774,0.06149083900766526
84438,-8.659767671567765,-5.803759801865893,2.8990282298898196,1.6057584283077813,467.98946724451537,0.38623303912630824,0.06153292256716265
84439,-6.402967368769975,-11.252896678657317,1.0957922345942617,1.416631432583009,309.66906288954556,0.3404309938713581,0.061536953891464616
84440,-4.632527617893788,-9.056916328957158,3.4339151026512242,1.8480228778656012,467.0827017409688,0.6221509847469466,0.061557161684049226
84441,-7.200757001895579,-7.4424437704678335,4.743609994291267,1.1435352501719638,283.8174861311626,1.3283600253242156,0.061559024316137224
84442,-6.545545616606468,-7.885252787466599,4.653005289081767,1.8142567445189777,432.981711371333,0.11605704789865712,0.06156319802680346
84443,-4.109424073041507,-9.899490009774414,2.2731250716269304,1.8455066427661826,442.18590250077176,0.10943988587561737,0.06156647137302408
84444,-2.546570195772709,-9.682182649935342,0.5847581447918423,1.5358499073075516,468.4861820261697,0.799443916416025,0.06157091465061988
84445,-7.296933788358745,-5.338347468901558,2.5963171163146694,1.5101427775612073,356.0763251476211,0.5054237166703013,0.061583014482132985
84446,-4.049160830463756,-11.895814771814154,1.083174970694422,1.2561692915363423,266.10587914570993,0.07731478721929808,0.06158539645105538
84447,-4.597731856106524,-8.47837060488337,0.8697809201915451,1.221745409586331,308.38404681834294,0.6026211876021605,0.06159302310740617
84448,-5.186904045749741,-10.042592077789482,2.0793426837153555,1.2717861299481201,310.60047995841956,0.49095706336890643,0.06159558703399259
84449,-5.975144408763523,-7.630520131057106,2.537029685398563,0.8942837443211404,250.93086307480795,1.2646685398035142,0.06161669049338693
84450,-6.924870409106944,-11.807109840106955,0.43114019477729426,1.1067861035085886,292.09756277720055,1.4727608684151745,0.06161798661786754
84451,-7.201462021798049,-8.951189408493406,0.29181376603549003,1.3485205875750887,295.3562411715257,0.20476638778390477,0.06161884034754277
84452,-6.839730402094607,-6.93288468080037,3.8252594597030614,1.4870876657946897,226.27044258329252,0.09993432242313283,0.061621176260554
84453,-6.880148545093958,-6.869519824570115,3.7964892043194953,1.071293949128024,274.4382191741034,0.5459741358903445,0.06162873128054996
84454,-7.501532313173019,-5.637834546639267,4.023718808110792,2.4248028044648238,449.67064935547535,1.9795947527293274,0.06163565423454743
84455,-4.357997171429656,-9.549934840320441,0.07155140221247976,1.1163557016933743,293.7438306566876,0.7243372442223377,0.061638298978722576
84456,-8.83133749551276,-5.248541230405082,1.498601845818843,1.864833470436869,449.2499423285313,0.3789713595472941,0.06165384092468742
84457,-3.680797358513553,-10.279134974776293,0.0005113842630411653,1.3176250795846374,322.206617610528,0.28451426076020336,0.06167483495852517
84458,-7.149113276363764,-7.236751000419478,4.706915724465076,0.7159306776246686,216.76626149268117,1.3812497371091759,0.061675910393793346
84459,-3.0251251185490418,-10.20627689221824,1.7455950092633432,1.6480102161487231,345.28538557028986,0.5354730289616967,0.06167783347447948
84460,-3.522219209696271,-8.010351543348548,3.4364195357271115,1.7886593059967402,425.3545504661003,0.30413005806206517,0.061699386892698396
84461,-5.466913980800925,-9.587183246958292,2.873739686381009,1.3321434036515847,291.91917565727914,0.08554738487096092,0.06171773708187419
84462,-4.7585218641571325,-12.414033108631159,1.0178321411449784,0.8806879225557709,468.01023480991654,0.2062143444642972,0.06171779438680789
84463,-6.057481474032901,-8.081999599287037,4.465831054611856,0.6150365499893001,125.9797205584506,0.12349252779389186,0.06172323853131797
84464,-8.305276082681363,-8.291194794688408,1.8610371031958501,1.8813887111214525,454.6721631551531,0.06526637205574382,0.06172509060490985
84465,-7.49440303105476,-10.084438412210611,0.6552043637966457,1.042510228387488,279.64900033640316,1.5616064518023114,0.06172681630608538
84466,-4.815783782475499,-9.217089584916238,0.17161273036549643,1.8472349768853003,468.3346675267738,0.5115552733981765,0.061732744089367075
84467,-4.183964672685053,-12.478269133012198,1.0190618525165962,1.3722357242129077,311.20951947589487,0.5180438250216994,0.061735156915390374
84468,-3.2056650709294443,-8.056241338124156,2.2727300277496814,0.8626337437788657,329.01898510368426,0.49683343340407493,0.06173584879281366
84469,-2.604890017473674,-8.959661816415458,0.890867032401997,0.7069691491976807,416.16117531347305,0.37554620468254907,0.06173759331566263
84470,-2.4571759374662054,-10.708171324877384,2.0661768341849682,1.5329355938992302,349.985724445784,0.12833727770783643,0.06177401061471536
84471,-4.526332906829019,-8.483332199287279,3.920723324923343,1.2547679976534982,274.70269074387323,0.351170660981575,0.061785688657928335
84472,-6.2039788971490974,-10.05309237147755,2.24724784799888,1.102766249479451,292.3091856443117,0.6480914639561766,0.06179481397409764
84473,-7.275980290594628,-5.755379641542445,3.3083995107466446,0.808702091100217,157.4422754804085,0.1800189614216654,0.06179715859562364
84474,-5.959962966166604,-10.767569958091448,1.325247590463301,2.1894405413352493,279.63903124943033,0.040773700008516656,0.06180154784135536
84475,-5.721398936611013,-8.865039012273408,0.29154193634594455,1.0193140936860827,468.3328936816959,0.6621429470703273,0.06180395427707172
84476,-5.9074036911074925,-8.987619223842344,0.2090356812608722,0.9895800849186155,205.78743083995542,0.8191981163548503,0.0618040498800119
84477,-7.3228680665351735,-5.648735767412112,1.7315382464347715,4.434716465236265,435.52793474846453,0.014194070466101216,0.06180776851518026
84478,-4.14889389278767,-8.402285752633851,3.9116073968203624,1.0114075268802447,207.3486681068168,0.1553696192535261,0.06182501194007013
84479,-7.22548934972857,-5.838684020779137,2.4072249393864724,0.8767139667494623,467.5364175653631,0.43543065846554274,0.061829115507090325
84480,-8.699502383401397,-6.712310440523309,2.6648328983461957,0.6412417761903736,130.31410988126865,0.5841202989786058,0.061836886263802925
84481,-7.312722811378022,-8.16098921956291,0.3917954811574886,0.784054048347565,158.95634585920897,0.9393910311195492,0.061872076326371345
84482,-8.059820194749225,-6.408149122874029,4.281438790426771,1.329078345487378,308.8324775349874,0.9054545523969475,0.061873035588691866
84483,-4.218917405020191,-9.501243879604164,2.85959058063753,1.7794679315122985,446.7950628937816,0.1550040327512967,0.061876411219812556
84484,-3.0907661374812108,-9.258499305348142,3.2400691414300913,0.8514650310044377,175.35655309573875,0.8518897842528785,0.06187660474627768
84485,-4.244177305685546,-10.305589421988719,1.6043553162335173,2.6258959144033995,469.3123128299903,2.2392443303551435,0.06188797264864417
84486,-5.281432194966318,-10.612041415536641,1.423419668124825,1.4236684061007818,159.42803149801443,0.3976640016280326,0.06189453375111568
84487,-5.416025363226053,-10.643790056732186,1.4067276121551955,1.3969005425760688,331.0545338530145,1.6374730809523799,0.06190599914947073
84488,-3.225290792044814,-8.019530846916208,2.4649211412138556,1.0697851063417345,282.3384658499595,0.28232661919596236,0.06190908689622285
84489,-8.108329337281962,-8.934442323766964,1.0587019817315737,1.7340791398968738,406.7329161332672,0.024725785179031234,0.06191177472258144
84490,-8.455259041249649,-5.849681459546609,3.5005546405631827,0.7962502089646712,195.20248507983047,0.21252278164303107,0.06191680577481918
84491,-4.898853013679543,-11.842241950375165,1.0823383781192952,1.693332936276158,399.1037115494374,0.47998010468332275,0.06191977678913508
84492,-4.066945062968502,-9.551025391575228,2.7873415842974922,0.8233440942293166,199.68688233454037,0.7297119517300663,0.06192318348869935
84493,-4.072138593465214,-8.004099632241768,2.424428750531022,1.2824410522851653,281.6334349439472,0.10216949991808466,0.06192647008410276
84494,-5.369983335618297,-9.364306280573134,3.1439468165677726,0.9014494639877134,244.78348773449991,1.0377259648065946,0.061936951669647404
84495,-4.639580555383241,-7.915780625872256,2.935893098968325,1.0683016989346357,285.7170123140222,1.603293397264598,0.06194690086359467
84496,-7.773961778572219,-7.962659999761163,3.804483120273291,0.7405793939696035,191.92212202918444,0.7532054151062528,0.06194782150311809
84497,-3.9905606213840166,-9.883121165751483,2.2914593936855137,2.3172144739619975,423.41992689633696,0.6188068213938864,0.06194920476038741
84498,-7.908825905526664,-6.5214118124279725,4.461038041204908,0.465016790174676,108.4109893082434,0.16290869674897568,0.061950921861778696
84499,-6.318529142003374,-7.674089641459664,4.439139218154576,0.8519024360769432,467.65330436899325,0.3000218817611593,0.061965701451162584
84500,-8.830455503953917,-5.7161381711631245,1.4734830868327622,1.7408280689102384,365.60846520291625,1.0448718826164685,0.06196754195917479
84501,-7.49370653534137,-7.27712936022392,4.6803290578633305,1.2566910266075404,263.45467888731343,0.7284258550655851,0.06196821609937011
84502,-4.371917710922978,-9.176812906840173,3.2614759864992644,0.8125563493766421,467.9342231396197,0.011824466168072867,0.06197702796414259
84503,-3.1464237324532798,-8.491324561804188,0.9835164638250526,1.4961226654566773,343.0041252164237,0.337688610139228,0.0619801194902855
84504,-6.333034460268341,-7.361150258864692,3.188370357136403,2.004357505719442,402.08786959645244,1.328291902267389,0.061982616529080145
84505,-8.272801401488188,-8.591742072141653,1.021966869589898,1.3209006099782488,467.97826764467925,0.6090101184952168,0.06198865833005014
84506,-7.160861459662048,-7.581331881816224,4.719657272982293,0.951658046120329,467.3123397692041,0.4078025370212446,0.062004795421167935
84507,-6.691467167997496,-7.0724020251815425,3.5803133365470923,0.6547341724274677,178.01513444570884,0.6029327122591726,0.06201514603280133
84508,-8.671129204902924,-5.044490927441314,2.7732224827150893,0.7941912362283545,161.23962230067306,0.9421478450932428,0.06203059547692508
84509,-2.9576066135189585,-9.306062939283644,3.3120868005569215,1.7599185335975776,364.793057203192,0.5685265690755026,0.062041084083449966
84510,-4.541197829091768,-8.86353789680972,3.626475132445586,1.2196935034386691,261.67542888836795,0.9317214036210908,0.06205101314406915
84511,-6.808906814033581,-6.890125963116622,3.03697068471924,3.01412180916245,354.83774238046783,0.009845816656908646,0.062056892434831784
84512,-3.1284949468214,-10.50765593942563,0.0063800229614277325,1.2454270182245035,293.58987137490243,0.09995650714500037,0.06206422991231287
84513,-8.796997731058527,-6.472141544110346,1.667810013283857,1.6000893398869522,368.4353134038135,0.26812758544511706,0.062066673327814466
84514,-4.863274154303211,-7.936210853284734,3.631156778668493,1.8065018410018279,428.5728123198419,0.6088850339798588,0.06206978837556618
84515,-2.6874097442711244,-10.019668266460865,3.0210180847068853,0.7639813871994348,180.40380079672389,1.1380647382151166,0.06207204255953935
84516,-6.424900228051084,-7.814485962742856,1.330628698294898,0.6842141031687883,177.09291153433998,0.2927262403393298,0.06207891688330172
84517,-6.97480371058325,-9.560082848634323,2.66655861096958,1.3342870771489297,404.3078024407124,0.0759567236167209,0.06208054596839459
84518,-6.377512424373533,-8.986376567318572,3.694187536371927,0.928900387973369,245.2363789794458,0.4639954656468861,0.062084233012431746
84519,-5.002580913278734,-8.346135115164524,1.0939945526932242,0.984492665932447,238.21410286440474,0.5481468286318618,0.06209359779149896
84520,-5.225743449080404,-7.813536224327959,2.980928797250756,1.417297918757129,328.94803469792856,1.3897811036889944,0.06210112701014746
84521,-4.263390029082277,-9.901024369004027,0.02101356393171742,0.9445325529310857,263.44766555781587,1.4207673813759243,0.062106756711773875
84522,-6.46958802004713,-10.495371676239738,1.4075743485493297,1.1326439821968488,260.9298381469019,0.09187487968977859,0.06213809443777996
84523,-4.39332160926953,-10.552081642985229,0.009679709691238617,1.1055331251875304,264.46504677038394,1.4902640306599437,0.06214243457116754
84524,-4.404580974639066,-10.034599457379436,1.9828437182026692,0.7913299027918325,234.8123058182557,1.336946996235663,0.06214519403643994
84525,-4.137731974745133,-11.308792451186116,1.186158196919604,0.7043381830812669,200.35493935260666,0.7513170285102291,0.06214952517906823
84526,-5.063004618816254,-9.691436306142934,2.684861984488327,1.9000348394215703,468.2914081405526,0.6100458449827784,0.06216097968802518
84527,-5.636692207349576,-10.314984934498426,1.6051467269646964,1.030212809679433,276.27565204061585,1.647791934996829,0.06216453358378515
84528,-4.248447743142188,-10.459288437875571,1.5024386319420704,0.8373109092598019,212.3090050155659,0.272364201566913,0.06217401433827534
84529,-5.601094735086309,-7.945415017613843,1.8584125099378033,1.1987880784499336,304.7786676851076,1.6412989953977855,0.06217886398048266
84530,-3.9370108958304337,-9.355629960235147,3.0218572115677156,1.8905636459779656,457.28689786093514,0.22762246615523196,0.06218386168994343
84531,-5.133951100079004,-10.052968446654951,2.0202105354079207,1.4828802896281705,265.14756074882655,0.4739152993304492,0.06218874539965181
84532,-4.874391382519039,-7.998567014123968,3.781967001958698,1.7579506855706644,414.8204583061123,0.1672394231513099,0.062189151817280325
84533,-6.678481207916702,-9.887627054216958,2.403624687108083,1.22493026267374,308.34578295673685,0.6459486147829523,0.062193831304211286
84534,-5.661619602048659,-8.781550268458773,0.36075752770223796,1.6985974016482714,398.9696664869921,0.5554052538202834,0.06220197543691031
84535,-4.619868449868994,-8.22312576621686,3.9564688017296428,1.6282763114033427,413.4212666870103,0.5298549432451862,0.06221091094997742
84536,-7.420982405791236,-6.409232189597501,4.435977084137759,0.9959098030036968,443.69719044411903,0.5854656935017717,0.06223031942681841
84537,-2.5917917095041325,-11.334598484698999,1.7424534588167717,0.507652743254715,111.54780685201487,0.48356627100075844,0.06224740435917211
84538,-8.328481439526643,-7.835965313254924,2.717024373456259,1.0032237942926814,264.9858357415585,1.3755354352539007,0.06227086235251647
84539,-4.770480195505514,-7.912180355063255,2.7545329314269202,0.9714151707694295,271.22359625640695,1.9087958979432011,0.06227525825141954
84540,-4.833608804277324,-7.891501786954788,3.326620438085514,1.895420554675324,463.0858195928871,0.6175432411535908,0.06228089523311118
84541,-8.779626394231538,-6.677525650134067,1.8316344242723925,0.8576064725641105,239.75431306596977,0.36774528134140994,0.06228543399514814
84542,-6.273798253099423,-10.717316902079844,1.3152162929410882,1.1549213345338813,468.00931418899467,0.3721853620672917,0.062290676624809284
84543,-7.964530368492153,-6.033636548795741,4.3029188607207045,1.8857241346659481,455.72160136139513,0.21845001044875278,0.062292213680968496
84544,-6.710664457489699,-10.476067499959093,0.2140676751426267,0.6882674372105004,159.05796831990222,0.7547772246702324,0.06230190517161787
84545,-4.262458175788163,-8.24326211678636,3.8920874185633134,3.227150592682465,392.37635454636205,0.0366506025172173,0.062309223820488716
84546,-8.62915987180986,-6.929923873012205,2.840749888215026,3.291831828799532,515.7651099909436,0.7773435491838674,0.06230944700140419
84547,-5.552772391715508,-11.01307422779721,1.2470234384091612,1.1850672243175635,298.0948630920339,0.5127053577934477,0.06231150645875966
84548,-2.543906255234881,-9.325211058320729,1.7240647851641864,1.8787865241202892,467.5667684116204,0.2509387979075628,0.06231558928000833
84549,-7.748469474963551,-8.934147556481628,2.3348582792421815,0.9102874288497564,246.1744005208228,0.8772204652166202,0.062315620972737885
84550,-3.9276942247181,-7.991245077048016,2.6190066367322946,1.5716054369389647,469.0175563731694,0.564277994693577,0.062322898720625686
84551,-6.540049005560984,-7.199050766358086,3.2438911545388573,0.899957237335715,183.4199953649572,0.8828762451028345,0.06233413609676449
84552,-4.4014270438688925,-12.587541402005108,1.0062702122162095,1.0464425193923323,276.93626067592515,1.116607590916595,0.06233644828243635
84553,-3.7023665595174435,-12.372300979393728,0.016198074699474683,1.6595467110826563,467.69142440913413,0.15651973551762932,0.06233905493862144
84554,-7.778748864881807,-6.347711851660219,4.505377560499635,1.4011855912340128,322.5661894698846,0.2292305744500558,0.0623443981120436
84555,-3.871709235439602,-8.071251420658966,3.6562720833317086,1.065464861627746,276.45284429318525,1.210587845798921,0.06235428621276438
84556,-3.3701128906920266,-8.011167497875501,2.5248580431194756,1.8885349271253153,468.09890275275876,0.5684850248236657,0.06236932078965078
84557,-6.651132820410355,-8.887843406014719,3.759797461958105,0.6981518069699194,463.2315878767076,0.37609315239822916,0.06237258280877146
84558,-6.577147620337637,-7.165316825189161,3.0738037151539737,0.8441117628099805,467.31744139995953,0.05965809961945645,0.062382525993421964
84559,-8.55292000909575,-7.395106594889865,2.6383025196654484,1.3423577453929423,468.48831741583035,0.2808844273311779,0.06239043215868246
84560,-4.729576291101104,-9.9493290443436,2.2112405026889603,1.3466018506518833,328.63142689799594,0.33804509019726847,0.06241029865175139
84561,-7.39832385869897,-9.99425639984932,1.2676216599126409,1.9185764969707066,395.38424723345383,1.922143989855118,0.06241227629454681
84562,-6.7319845723084715,-7.12319484180315,3.9898267396502387,2.181424452171596,423.037594021108,1.6461326841088324,0.06241945232242755
84563,-3.370712458327371,-8.44377173488598,1.0455269118733024,0.562792066712536,115.94305616123121,0.3188128156419845,0.0624302589706757
84564,-4.69073647936905,-7.928110912129208,2.651963394785255,1.640190131905195,385.26982129328957,0.7824423270827152,0.06243273502801736
84565,-3.004953904780807,-9.401893568915664,3.1282899876312644,0.8002357335836758,135.10674102988807,0.26454358601180683,0.062448044538471505
84566,-7.091108265069827,-7.782576689447808,4.6575498737709795,0.7086584465144539,149.17130722022625,0.27148187207600394,0.06245788274882275
84567,-7.222217729527604,-5.930537778527403,3.1005957352795446,1.8141704306264588,434.04891004657856,0.0033202759500952084,0.06246493771544299
84568,-5.221860110866915,-8.436829543551148,4.060606251329614,4.564351886571449,283.70791928891344,0.4670959056586419,0.062490671672690366
84569,-6.550586457581997,-7.457401750013886,1.9023325194063716,0.6866778067298339,467.9116649356029,0.4375178273590796,0.06250369711012847
84570,-6.060972582167095,-9.897531104415421,2.490621417289134,1.1922009788442047,291.2922302906457,0.7873714463427506,0.06251794162024236
84571,-6.675482579405408,-10.169299010859522,1.6704275518656442,0.7081391958949464,195.5370861186387,0.6936194376762463,0.06252359282158358
84572,-3.3905800153275027,-9.93695633471076,2.1391544268920963,2.4707458202242427,454.9028882952129,2.2778665603474746,0.06254759680527988
84573,-6.653580354360329,-8.30704044603285,0.4951405720882997,5.5469658802111,283.54387473510417,0.2656410884053999,0.06257440795888357
84574,-7.314803186821156,-7.787639752734965,0.47949581553386067,1.4741447780754076,156.66941434616126,0.2878236033944024,0.06258405129902464
84575,-6.764385614999141,-7.148920113254175,4.151219055399593,0.9047706201988066,466.7407295497007,0.6958318946559352,0.0625853992143541
84576,-2.8478197791086206,-10.489298827370828,1.5968901586590925,0.6407270127341808,154.88734950857105,0.5889458383219468,0.06258862817002658
84577,-2.663726526388645,-8.682045827827091,1.2702539301241873,0.8126524966475237,181.71194152775286,0.47048406273738674,0.06260235988980545
84578,-6.4324378971970955,-8.974744720650294,3.6969569061768497,1.10050130797812,280.7303295150708,0.20968650183472093,0.06260558275544988
84579,-5.7570290153292305,-11.626753827927825,1.0873269115874755,0.7524980842893675,445.04068666157366,0.38112168980610406,0.06262018436463186
84580,-7.391858553788047,-10.132448185505314,1.1312810102795865,1.4752574398610367,336.78356181736456,1.2493934130066666,0.06262179352947218
84581,-4.190660977496643,-10.732115965564871,1.3623455605742396,1.4140555337068619,468.73305503433943,0.5288373535706405,0.06264704819424757
84582,-5.3658159833830315,-10.900197507544178,1.2878103603211666,1.8401556019841279,440.8870572946646,0.23968269270219,0.062659168578429
84583,-4.006645610980951,-8.451287584650533,1.0192829451375036,1.0250721317174951,218.9063224322365,0.6455167852965689,0.06266876894674937
84584,-6.931570777721323,-7.0231134410499925,4.274866661824753,0.8698790712248752,239.19209574362992,1.3817072931699697,0.0626690428767823
84585,-3.7721995103021735,-9.756472681307834,2.494433198855972,1.2419833255919113,312.267445444119,0.5068711424665837,0.0626768670038995
84586,-3.8506853689143465,-8.026128383883783,2.383617647014205,1.1331096447606381,286.4826640836685,1.5414545478394395,0.06269941485335764
84587,-7.405000913644523,-8.127573319557449,4.118430764090604,1.5994187945803917,348.9698607831999,0.6236406437325774,0.062699697499975
84588,-6.6996157069538365,-8.771435668483566,0.24100491960892859,1.7769806025705275,421.6472115321672,0.30837485864931935,0.0627028884766605
84589,-2.871417918106558,-8.377523981033768,3.2692931849701314,1.082838478967524,127.77886599719467,0.3239488582287384,0.06270677314966118
84590,-2.433004548725598,-10.232499664258597,1.3012314535667031,1.0670024453546152,278.4790513232473,1.563383737981165,0.06271059458896239
84591,-2.68656109811422,-8.628773405419873,1.6907014910839508,1.0023472469798111,467.8655889144964,0.6147526452257361,0.06271391173924372
84592,-5.240536658423381,-9.334133442962253,0.11737864629013443,1.7852124936656377,424.0564166712021,0.4314615399497681,0.06271500606056482
84593,-4.7235479911152725,-12.110553601155354,1.0444004566497276,1.8660124533030704,467.5499327674778,0.34350319696264986,0.06271668310607012
84594,-3.6360977001538597,-10.553979024742134,1.446848984744762,2.2298817192676332,429.7305935043557,1.8405167934127986,0.06274186249423239
84595,-8.183206308886241,-6.031572490822127,4.037430058290806,4.685375885926536,473.1665051663187,0.025674977652043296,0.06276586149235705
84596,-6.36998938003121,-8.202032390231501,0.7359527132393435,1.3141081718907737,284.92392407977684,0.45091218958381685,0.06276827129393708
84597,-7.308761474191607,-5.389967451263073,2.912432753224786,1.301210827027346,289.0774880217844,0.21355622065507873,0.06277725247937406
84598,-5.752457238666741,-8.42182775478428,0.7118326386051076,1.7253511228653378,364.7221450012543,0.2708172870447756,0.06277900726873246
84599,-3.3859430829997965,-10.644687168464387,1.401687177083264,0.7267440498543304,161.00626717917683,0.2632234917533749,0.06277915935700078
84600,-8.777280120560327,-5.002220305603358,2.1743323713290983,1.0292644406080655,276.44959972006643,1.5614496083718867,0.06278009011143758
84601,-6.393387153802669,-7.663308506826424,4.480864934239153,0.7297268028970222,155.58504617620346,0.3664335545997117,0.06278067131254175
84602,-6.4503791052708985,-8.328185963577283,4.403173420886092,1.0332945409904242,281.7127962101745,0.860432496782134,0.06278317708556938
84603,-7.380485358845432,-5.441163971303745,3.5044036183147305,0.9345267180613368,468.74036531885594,0.7726242591932175,0.06278654090812062
84604,-4.541002340770836,-7.960428213669804,2.53880644782075,1.9637870958751362,231.00224316138528,0.39867240453747854,0.06279273439076609
84605,-4.1257155231842635,-9.284394118563366,3.120330963500032,0.8987389122288396,467.6056724050354,0.48769926447926615,0.06279505925894058
84606,-3.4198278982138097,-9.016758186794702,0.30946046992090886,0.8348557306049665,243.2482305973593,0.9581888207319649,0.06280009456796526
84607,-4.3365035432966845,-11.004652434374405,1.2621099648924707,1.3640648089856195,329.4846597053902,1.0690073857753966,0.06280100375363126
84608,-7.56971144896152,-5.177953821979051,3.905985097771356,1.2985666176087012,226.80535896885686,0.06463983943037288,0.06280292983398243
84609,-7.303126112672642,-5.579625095673977,1.9975255436243047,1.150943325675427,277.82481944322876,0.3869264523505249,0.06280370372184892
84610,-3.1040429466012665,-11.728735334912098,0.014104105654584583,1.0982994303819693,470.1021320115587,0.13087683978723685,0.06281262435206839
84611,-3.2209836576595263,-8.051441646169236,3.4709411028423065,1.192836440996972,301.93200789899134,0.6070627272742097,0.0628204336851871
84612,-6.5726981485828855,-12.4127213257971,0.3055201729071338,1.2071753106497836,279.50290878190856,0.11885977199918596,0.0628670083289256
84613,-2.729547385269779,-12.053042009737148,1.1849390413875445,1.2075777579297189,467.4927785204252,0.21005941715995746,0.06287315185491607
84614,-7.013092182760742,-6.631325545182388,3.6477595084359633,1.1132824307597669,285.02095803901466,0.8689711075423965,0.0628901274811554
84615,-6.048062604519559,-7.591474676989644,3.8458263094900587,0.7651748591034018,468.539839558255,0.4625379249478465,0.0628915644971186
84616,-5.068270569046732,-10.758544227498222,1.350476092430196,1.0131425397114018,278.4114343949445,1.4234604135053148,0.06289291482083191
84617,-4.4844913265514155,-12.481832755754276,0.02417022763685367,2.1280834539164526,313.24603082244636,0.06188010698576463,0.06289501233276518
84618,-2.7590805751345346,-11.7647304413454,1.2044061967551198,1.7837203949319247,468.0789615427134,0.7188775594090604,0.06289666798844387
84619,-4.149697222784516,-11.897570487549453,1.0757287637979844,0.8345070435814321,469.2283673120932,0.14725186041841187,0.0629056870803203
84620,-3.9485098903873075,-8.83745568369112,0.4527827316784416,0.7152939134645383,150.5863473814128,0.6273733134772543,0.06290756934342599
84621,-6.071969437096959,-8.414231570994966,4.286641567132127,5.04500133903166,627.0609587480011,0.7557567094601909,0.0629092634726571
84622,-7.085825670306997,-6.380794481908156,3.225506551682989,1.0945141324783216,268.32671544557354,0.8719831324745053,0.0629150740024524
84623,-6.8363773985919645,-11.429745143085471,0.84244008694102,1.8849782880070227,469.1681141209175,0.18055207368089565,0.06292106416150627
84624,-4.288472167086529,-9.742096458349817,2.527094311446361,2.6747623102682208,472.6056459498766,1.8544566135071188,0.06292465499771631
84625,-5.5065042189602185,-11.112057332240232,1.212597263786271,1.167868739725772,290.9502869279549,1.4500855781975934,0.06293421769690581
84626,-2.623137847242739,-10.27976732377181,2.8167084950078394,1.1710383247286573,298.3357449513412,1.435186660925301,0.06294136095264556
84627,-7.365081744623563,-6.501674963778191,4.425299750878239,4.285769948040686,586.9411587561078,0.9976238880078574,0.0629474291199503
84628,-4.808962604688411,-8.818604286443072,0.4294771907413871,0.8870350657697864,468.08403483154575,0.41914359290715897,0.0629564219141265
84629,-3.936762748110848,-10.33893653121873,1.5714848159394192,0.5537853423340918,114.03528631004887,0.02101058073087536,0.06296389373536751
84630,-7.114023335732874,-6.972862257435877,4.4956797392541015,1.0153011194247559,278.4861805511934,1.3574328071315218,0.06296840509329026
84631,-7.888092641808456,-8.492863459689762,2.763369527928873,4.449883084550515,595.6715557837256,0.8864048581266042,0.06297007776400032
84632,-6.436814581886279,-12.029823684665692,0.8975045468010886,0.5826763215047027,165.02294482308793,1.2303395491248734,0.06297680417630518
84633,-7.09938291451931,-6.499879630936784,2.0839886996074064,1.5856717948065258,345.346386086563,1.056368048487644,0.06298123634336118
84634,-3.511392267204105,-9.183545716335153,3.213854211323444,2.7970444021937357,483.49382949647514,1.8559985556845637,0.06298158517377452
84635,-5.5020226105543575,-8.213013908843273,4.215761348027488,1.0222889624362261,467.5698466541529,0.6868546229396673,0.06298546805026832
84636,-8.813573675885886,-6.530743624513954,1.3150444194054496,1.018610833364649,271.1945614026542,1.4190719698504948,0.06298729445663634
84637,-8.824662894712977,-6.295463215584716,1.2829366945281662,1.1124328740014544,285.253135048256,1.6035366018140946,0.06299766623912435
84638,-7.291174244149086,-10.55258998947332,0.8767715509807791,1.6918950187195767,398.70422851679064,0.010062087484733695,0.0629991767536168
84639,-4.0628766519237445,-9.055132982610392,3.3769346310971082,0.9534115744426718,467.59118912138456,0.48265706241303263,0.06301282616669394
84640,-5.04873804519261,-9.018804141008443,3.493652714251173,1.106543151914387,468.32478844401754,0.5076225715225533,0.06302690384379937
84641,-3.315277865233174,-7.994023428984715,2.743655688588254,1.890963938099314,319.56376025497616,0.06793892701218152,0.06302701858116028
84642,-6.40469717460133,-10.018098680001106,2.2689051755733654,2.8457220162557557,483.46232375150976,1.084049162602371,0.06302932992458365
84643,-5.183174074727805,-10.290529659807246,1.621184315564612,1.0258422829233607,279.9451948892244,1.3904208994373208,0.06303592558168658
84644,-8.733208095713238,-6.213899187435354,2.576243858139768,1.2040743493294581,302.83599117147793,0.666182004239225,0.06305703777484867
84645,-7.503956176654189,-6.599786870024191,4.594199893839662,0.9380715069058122,221.26535875724457,0.15928217165829484,0.06307265730481618
84646,-5.574883226240527,-9.099634293933978,3.476532262616163,1.6692639240519969,469.5875540260638,0.039428788783657964,0.0630980869726229
84647,-8.585279124707691,-7.796331133085663,1.0017534562897725,1.1157239817882434,468.3990545252039,0.5359925109497228,0.06310105784411547
84648,-3.227369881523094,-8.758387873767155,0.5915512032886312,1.571584546532483,193.2423261173895,0.4554700079851619,0.06310571512632794
84649,-4.883033362429638,-8.143427458795053,3.9612401046363965,0.8270381213157532,219.91784954553657,1.0003817626991482,0.0631082035833763
84650,-3.112934756286064,-10.993793349315583,0.008508032885546047,1.8099511624762632,468.030446060715,0.07436841806156025,0.06310984531290502
84651,-4.824921819212907,-9.598887263731855,2.761935520724789,2.1873982871771025,426.1653313693202,2.1826677675224637,0.06311301538843729
84652,-6.78580123834406,-7.15486390563115,2.030081050387799,5.218327001350115,617.7538934623997,0.27714668973921697,0.06314171555875148
84653,-2.4895756654083847,-9.88743302905106,2.035825936692705,0.6999882533869647,144.80501508189474,0.44442798764076397,0.06314473652619283
84654,-5.470099235168769,-7.81202901351319,2.5236333059244016,1.8429149532651714,442.2900609641838,0.07810137855175459,0.06314631914352078
84655,-4.69987911762634,-10.65089975679967,1.4003915433725147,0.7891493969128294,169.97757079214,0.0031014792877179787,0.06314681505697223
84656,-6.217758779894701,-10.023404746046124,2.277812949426101,2.112849201146992,409.59651886316163,0.9995871216257877,0.06315044809262055
84657,-4.302161026669323,-9.150011965047128,3.273651140083943,1.8638523370520788,455.26950465271153,0.1347462407122446,0.06315949238354684
84658,-6.715443297896648,-11.435468208140666,0.9255322436700462,1.0568235429111417,284.4466853832059,1.4591083586025624,0.06318541066051934
84659,-4.605552272996849,-9.770599190876515,2.5033863127148734,1.8352998830987162,359.6858322399632,0.5302885567292952,0.06318678782061353
84660,-8.78950371700638,-5.063314578129081,1.984632705932803,1.134038449148,289.8033184719801,1.3462980172808878,0.06318753661903417
84661,-7.519926974353615,-7.2380701500279105,4.660803232193551,1.7234401855356316,227.33619071210336,0.12945280505098555,0.06318968302630903
84662,-2.8518357722963206,-9.69707176662821,2.984248623360053,1.7636020596455506,419.4522511821788,0.0843958306737953,0.06319988548937595
84663,-7.445941202400304,-5.041465820502373,3.475019474115672,1.765297917330756,416.60763132389377,0.6189274960095679,0.06320735039524414
84664,-6.887545999343844,-9.113388492520649,3.3398683584935362,1.7659960197851694,419.0036072911697,0.3208347486866101,0.06320780485769194
84665,-7.004519926447186,-7.667435090244985,4.706852448844613,0.9371949470392854,200.24402267588582,0.2868490425802337,0.06322414922190528
84666,-5.134152094040833,-10.89778163322139,1.2917145946609174,1.268720516625472,252.36312470310202,0.02680668868673486,0.06323828481060477
84667,-7.179486806707887,-6.143470379017502,3.299082177297124,1.3850103179987168,302.99658014462284,0.5965371897178517,0.06325538620713347
84668,-2.487042735478667,-11.78814649393646,2.0187846533235567,0.6442718223227776,150.04826975861687,1.0228058424268527,0.06326348125250243
84669,-3.6877257536134236,-8.337331006681843,3.8581466841119867,1.5820706053219007,350.3148141333829,1.2160122912106521,0.06326923366714188
84670,-6.731113963527466,-10.033348445558858,2.0489434146990027,1.8115862750829734,432.9211927964245,0.23794141215603926,0.06327543209682583
84671,-7.180195126490751,-6.0558805061155345,2.8384927464638245,1.765079764229018,376.6939390205201,1.820649963256236,0.06327583320874164
84672,-2.597820541166379,-10.047950377411954,2.997285633704331,1.7068580963856597,403.39490576871805,0.9430722686615578,0.06327633718379273
84673,-8.637606242004821,-7.115994883302122,2.6193427031198673,1.5077265568574632,383.12672386732675,0.011178868367061945,0.0632875879627442
84674,-2.860127914556612,-9.830967263964322,2.826552552677732,1.7497875384598258,468.7238043611462,0.9154792395923783,0.06329265106034176
84675,-5.357663096409114,-9.672552191591873,2.7268878661168245,1.638764585992511,356.58103119817093,1.1923120586954132,0.06330027210217021
84676,-7.199857164495095,-6.040251530650353,2.3029833075425645,0.9166411733571554,468.0437913335179,0.556101991062186,0.06330401315372525
84677,-5.5524055279036935,-7.79287824728697,2.5304095395797734,0.9262484825815043,129.8970961554425,0.34447493997840706,0.06331645201391747
84678,-8.60576898578926,-7.5479370376968165,2.0954983899466813,0.9400674112656856,151.04208759876983,0.2636453062604289,0.0633268971111895
84679,-6.736980086393562,-7.637288547445221,1.1960947279049978,0.8167582667670108,181.5422369208431,0.239422813343805,0.06333367603871903
84680,-3.505236311935116,-12.951548790030852,0.9787135714167426,1.500656025649599,344.07922493572397,0.650537233991332,0.06334811323868862
84681,-3.664450604295542,-10.47668014636796,1.4865234581027473,1.8157254437954344,466.4730413055869,0.05158302149255789,0.06336472772924219
84682,-6.287181278976312,-7.921933443176076,1.2824547037888925,1.1301557070801023,468.20212009774707,0.6194281820015215,0.06336768148022917
84683,-5.109158597900837,-9.296350647068143,3.1743583629835075,0.877493598034526,252.2781437325391,1.6476074088909476,0.06337495142727768
84684,-4.452705887426194,-10.572949053849202,1.436624651942821,0.7792180538203838,135.24800710280397,0.019419604367634236,0.06339398623526941
84685,-8.675357890612434,-5.238147007235918,2.747057679439861,1.5242983211177683,343.2193306777251,1.2512831859394042,0.06339863269350242
84686,-4.152436221479499,-11.827154012543337,0.017781981877422998,0.946015121453651,466.32720722857596,0.3107652213412857,0.06340971137571051
84687,-5.4289764439916075,-7.77879647670837,3.0679675429116076,1.8157184313865582,466.7568730378004,0.3233956023245881,0.06341211363400681
84688,-3.220552162455226,-11.707314240511447,1.1160792814140226,1.264479704399608,314.77167275631354,0.3635614745522844,0.06341526079318413
84689,-5.173311425872545,-7.904354255707914,3.729572744353496,0.8316094352693009,468.61763109031676,0.46265523587358803,0.06342349532857904
84690,-2.7874084981056315,-10.135377741133057,2.3739108702596443,1.0992152814908231,283.66759990731384,1.4667538454396016,0.06343136597225377
84691,-6.348952130197068,-7.611959302834937,1.9022490855519985,1.2733341604218749,468.5520454543121,0.47394648086064617,0.06343634470687867
84692,-5.062611696562861,-9.988713453050437,2.1523001359848983,0.9402085593395464,467.5609207121842,0.6486871160248215,0.06343971675059892
84693,-5.4639299333822695,-8.9276243479241,3.660883568100739,2.8756976045906595,484.11914923487365,0.993425751211392,0.06344500999690773
84694,-4.223945938266028,-8.32014155574413,3.8866054297395465,0.7558742042280143,144.6929023846035,0.22353198857679235,0.06345589884951913
84695,-7.71914101074716,-5.407680158521093,4.136418834058875,1.125765781115816,470.24881482982823,0.1609956696359056,0.06345697936181821
84696,-8.232657525204969,-6.697183333738651,0.4726212253426817,1.7314820286661472,411.10440578201246,0.40201001680482396,0.06346398431030048
84697,-5.964054802107163,-8.44545253358105,4.232094384238617,1.4787409924089758,338.9995019581713,0.2123131753116967,0.06346437798741603
84698,-2.8550393559002334,-9.049421053521156,0.4212228115320016,0.9074075565812504,258.95607461379467,0.9899414854868196,0.06347489267506091
84699,-7.970547895852785,-7.173745110677299,4.231267113236557,0.9598126535947769,185.15199234410719,0.027954704793338614,0.06347709987724331
84700,-7.6328230397809875,-8.558269157748516,0.4914753479925933,0.8561799757292253,440.7478095672223,0.5344849864472314,0.06348767701711956
84701,-7.577724659098569,-5.195448355620237,0.5180708555576731,5.209854719672742,634.9037379263816,0.7030080720996947,0.06349617572406317
84702,-6.3996947593136575,-7.327911318587314,3.1952366830875545,1.2706980937573955,317.56094765287156,1.2972267513379956,0.06350362669505802
84703,-6.211998641788604,-10.028629735546202,2.261173802814342,1.1026664404200894,245.38521417992646,0.5443671853778005,0.0635101441982063
84704,-3.223341219062984,-8.748313713684336,3.6752476501047093,0.8741895051800787,467.7388557759895,0.43785780370987215,0.06351931212497146
84705,-5.883057095615141,-12.311656168724593,0.9608842637534146,1.8274266369352488,443.72569929125115,0.15904029211126325,0.06352099037732291
84706,-7.2578943316022935,-6.02072231930062,1.8452140494418707,1.1226342246008825,289.5983489230734,1.2223025212371494,0.06352255607640797
84707,-3.7737753506376768,-8.516602386918088,3.8252095378422384,1.0433277790031414,468.45278641455815,0.416778102366135,0.06352787869118126
84708,-6.561149734234017,-9.699134949893224,2.7066064378069474,1.0885028791768148,269.24357949069065,0.48340292186464584,0.06353360226477993
84709,-5.7734104824848345,-7.8907349405300256,1.868096322530268,1.2885815798099334,159.40581340207302,0.40405779013531173,0.06353613349895508
84710,-2.722571441321863,-12.975944154623832,0.023260677889707485,1.7316172591386232,372.5781129479702,1.5882328552053018,0.06354559075927763
84711,-2.977017302095847,-9.274715688087053,3.3047865220394184,1.6743284217008005,393.6772415118357,0.5368233167304419,0.06354943491564981
84712,-4.2429537127185055,-8.565308156614039,3.813584317550261,0.621892631334115,168.42692188763934,0.7667825352738094,0.06356475430360478
84713,-6.2639019274293135,-7.4282370869838505,3.5410852190031004,1.6595774972249138,470.38691633552656,0.0541803985493301,0.06356815631040631
84714,-8.786837988311376,-6.015879171124002,2.1469798277037495,1.0070173622466805,273.93212218093885,1.2895318923420156,0.0635707558665177
84715,-7.6497007137546795,-5.250896067000293,0.41817963694168575,1.069042362754457,277.5256101543705,1.524371224916636,0.06357490515757672
84716,-6.266319813254478,-7.685420434809687,4.375990925924695,1.1671598971096155,470.4569261540258,0.2288447420054025,0.06358083671503378
84717,-6.485828035550986,-8.81231897768517,3.879858632144699,0.7634623212334377,164.92404757166707,0.9237885937749057,0.06358086074693164
84718,-4.876730519318615,-8.170075248124279,1.652291221259595,1.0911933982923072,284.13922002471395,0.8920945742878397,0.0635847801410484
84719,-3.412869147426594,-10.265336270684895,1.6173117047759118,0.9076432031230481,185.1388004508664,0.06044121291337223,0.06359099913996205
84720,-3.007402571739151,-9.876740710206434,2.466445274547132,8.333418824410277,498.5566953798365,0.0659439018002832,0.06359324069692443
84721,-4.781944031611024,-7.983666141100613,3.6914921480991163,1.440840628554965,332.1310473137306,1.5807586271230791,0.0636007524639914
84722,-6.814618026519172,-7.386609324354478,1.5077688171238564,1.3144016543024584,323.2160417202413,0.4478090453287962,0.06361797400895504
84723,-6.807249627809568,-8.823673175206332,0.23311715002114825,2.1457045132222587,416.51920258859417,1.28380312159796,0.06361882194464066
84724,-7.7383583133367715,-6.609717743789204,0.35576323344125693,0.913200566543987,468.1854639730948,0.3984824890199521,0.0636197702029765
84725,-7.78306474579591,-5.0629191498754125,4.07830143164629,0.8929114087955572,231.4811438423233,1.3483982732459454,0.06362606682171956
84726,-3.351404474704239,-8.32410596364117,3.8444112844520673,0.8048345807331836,467.95974866273576,0.4609057528065872,0.0636340572240589
84727,-7.258537223232381,-7.691756365737013,4.616502612079549,3.5092626134077087,529.207813469272,0.628039356406112,0.0636442996228621
84728,-6.591615588125821,-7.669099247112759,1.421994173453328,1.1914589933020614,302.37317938534534,0.7621489697759936,0.06364892135268865
84729,-5.209092675638825,-11.99730688173326,1.0412564716281425,1.4634577945656124,345.94357303268526,0.28172519726201806,0.0636579393781087
84730,-4.709690835133095,-11.796756829333676,1.0838663675437796,1.073888989291667,466.96630885173863,0.6527043089230808,0.06365969225948157
84731,-4.068612140503442,-8.78515244627583,3.6424426783092727,0.7314125288099829,212.7824771723412,1.1174052317492622,0.06367833449003302
84732,-7.314269342995449,-5.741073874477375,3.462955846798128,3.725121543362105,541.8688930427069,0.5506691546370854,0.06368241005600596
84733,-5.470403409049006,-11.487901164628791,1.1222266289347191,1.0328768440481202,469.8376741513936,0.14051251280021493,0.06369187199966347
84734,-5.147227148974409,-7.901791570894902,3.678688999978604,0.9492920321527066,263.3896488536169,0.49641931116145344,0.06369602024457964
84735,-4.110242101408886,-9.99405551307124,2.0139517966037674,1.1446497141860317,295.93652607706053,0.30293159652979984,0.06369889220727813
84736,-8.550573030303537,-7.1152523662240466,2.9598933099003037,1.819905200828497,382.8126225978766,1.1184443950388863,0.06372346207098964
84737,-3.2511058231751093,-8.184446229162777,1.81126900273274,1.5706101203939515,468.2202724834038,0.43719785869097283,0.06372642091099162
84738,-3.2001716120666126,-10.005411180022001,1.9713476064337703,2.359842607054308,442.3513228716347,1.7495994625391882,0.0637272562988174
84739,-7.733787319242162,-5.50525077936529,0.34152298845643764,0.7086090220069345,148.35466744793405,0.2600213153022253,0.06375879777194747
84740,-4.4715552922666095,-8.288251450353185,3.934011980877534,0.802162790541794,194.53358954966998,1.2935289725463717,0.06375920964526305
84741,-7.317222256396616,-5.512961190354655,1.8970757371850406,1.0414972373203764,447.27208128841875,0.17185109908560925,0.06375969501989724
84742,-8.194440842695784,-5.494811965377951,3.9087026782213568,1.1888725736995078,466.17495615729104,0.16631446617282286,0.06376425551493563
84743,-7.360535521723266,-7.882815789955209,0.4394335105704719,1.2094385577234426,293.26597491271855,1.2338038661361814,0.0638046490009664
84744,-4.09758286189502,-11.707825418083699,1.1025629973109552,0.7385286151532029,206.39024680685802,1.1845278900709468,0.06381198369072064
84745,-5.990058432800723,-12.440541541611275,0.9267131908469319,1.2642615284554182,280.12875610348914,0.4360561973490986,0.06381584810664465
84746,-7.3471394690009895,-5.927137981131088,1.2475560948100701,1.8000089878562475,428.052394839295,0.28283250988580555,0.06381668156153136
84747,-8.000841125479395,-7.166338152267461,4.185345347407677,2.2944296101467456,415.3682004298636,0.3463611241763127,0.06381770973145776
84748,-5.740689364237724,-8.612643059360565,0.5021177563350179,1.8709761199169939,451.17769388508384,0.05038442697137935,0.06382755635085176
84749,-4.7904699975675324,-8.26749879832757,3.9725765729717106,0.9060856927999061,211.64038955250226,0.2961559343201934,0.06383494763722854
84750,-7.708215813018024,-9.469809808451288,1.3799533397331818,1.375922064261204,330.02587047910674,1.5930177183969736,0.06383662102799942
84751,-7.351690824146425,-5.014254222680538,2.8604693265951093,0.7948614569322012,166.87330510648226,0.1998867970348206,0.06384354599081338
84752,-6.938957589758008,-9.33041660866784,3.0005497508884127,0.9593689374304236,257.4156358760465,0.467213081128385,0.06384846300454583
84753,-4.39615850728757,-10.7340904521662,0.012846953630242339,9.879738088225151,604.374441270869,0.020058661515787612,0.06385908929451582
84754,-5.192777768305356,-10.373864140012522,1.5511777819655201,1.3030760505090817,320.57953865292814,1.739163122410882,0.06386224573149733
84755,-3.512042069088678,-8.589868773243797,0.7811225182636834,1.5252330248582169,266.1623546095597,0.034476679966553014,0.06386977939565805
84756,-7.362674227872726,-6.696908816093295,0.7758064502556733,1.3867866305315615,314.94266509735405,0.026741473421510342,0.06388148197111773
84757,-6.27999653836717,-8.601884607312693,4.126299097973354,1.2543789376310461,279.6480976632306,0.4825461355533518,0.06388386158683454
84758,-4.157387378060131,-10.091562823477744,0.0125682582661692,1.695875586220716,400.0216559432623,0.5097573409057485,0.06389443999249925
84759,-4.088130054616506,-10.13339139301894,1.7531874263614513,0.826249165005659,207.00286284516852,0.18409014906696797,0.06389483463569556
84760,-4.9134548829645475,-8.186929380257226,3.999711564572179,1.097171658326155,467.6899322897442,0.4687571903451495,0.06389852481260905
84761,-3.346987905499179,-8.658278467922003,3.709348665928122,1.7322805322896864,408.43039238827015,0.15418378190982285,0.06390212628183572
84762,-4.638524822449384,-10.978026648109767,1.264888400285301,3.3843921892257374,529.4580634172736,1.5353291423207356,0.06390314170858344
84763,-6.585465490448573,-12.190917755416153,0.770274065392084,2.2736250690010187,433.3878818836696,1.7440389175647093,0.06392807289185176
84764,-6.854496954489655,-7.123483015415653,4.265723837522721,0.8984440707363378,459.8181452967159,0.43446144854677193,0.06393602612364253
84765,-3.110492141445272,-8.484922486458256,1.072466413126509,0.9136958156135221,467.9877114014068,0.17536597250177,0.06394635794979676
84766,-3.080703976723914,-9.395854852592645,3.0444012005842853,1.1345677559348855,282.39610511855864,1.2049678698846886,0.06396357467932422
84767,-7.292876598317644,-10.048999315910011,1.3239856443498292,1.1356548996051974,286.61716629418623,1.15914659639395,0.06396813396065093
84768,-3.808455448513561,-9.97840971395065,0.015522461146961136,1.1593490394296682,298.1334366023676,1.2436744429612867,0.06397347752562915
84769,-3.6559710476925558,-8.025230829740046,3.384199306032247,1.6442474226931532,388.6453562030255,0.2795607599997547,0.06397752699316818
84770,-4.16262684048394,-10.45221637667733,1.495762791856977,0.9930029074071306,251.57351004473568,0.36935772660063826,0.06397775674994595
84771,-6.95259191486682,-9.752995297837973,2.374170567234048,1.768910553255897,418.50272684092994,0.5288497239575447,0.06397946903582853
84772,-7.186545819800942,-6.5711355445856965,1.585358970591365,2.735403629697307,346.0707321757492,0.016394744018089824,0.06397986015000957
84773,-5.700034940806475,-7.937170363444774,1.8034918586495383,0.8606843521225945,169.84278892522053,0.10825603669590134,0.06398047673680425
84774,-3.2544828957150385,-11.126920821385749,1.2248797006452132,1.4672999523683505,334.9904173966796,1.086453191521696,0.06399498147249198
84775,-4.866364639824079,-8.410652124259999,0.9699950143443778,1.5336005739899612,468.726925957526,0.8303964256999095,0.06399941912778424
84776,-6.940075417622695,-8.223741155964916,4.3782034140733845,1.3012862952603808,317.041380335871,1.9691123507917085,0.06400393800722111
84777,-3.037485739865784,-10.137500893947283,1.7931760947241857,1.2975053576704392,354.22321161799596,0.23780251799102015,0.064008180908977
84778,-8.7600490349151,-6.458041358817633,2.356318299304616,1.565248773573648,467.7257024132244,0.3489698508229777,0.06402856966201279
84779,-3.395503461400036,-8.294261493252622,3.811189283551068,1.4715393702325879,333.1838330784841,0.43507179016459485,0.06403052529467236
84780,-3.435237477042813,-12.993671944716032,0.9725823467526612,1.704864606967743,362.79104917171884,1.128380081599393,0.06403807603842114
84781,-2.7780262582863404,-8.496645555753966,1.5982944947317745,1.3986070608444527,248.1055504317288,0.005184402653823916,0.06403925839058028
84782,-8.801971876666414,-5.8953387346955335,1.7167055348850584,1.0668795920864609,280.8248865799662,1.714500541033055,0.06405431417017406
84783,-5.903939551745395,-7.631499531166188,3.592795228065835,1.0390562351197372,278.85953470616937,1.502321668390536,0.06405625595613375
84784,-4.001465881150247,-9.867037824171799,2.2790353991332744,0.7420097409736708,468.06218116962003,0.37403777660303117,0.06408024422377817
84785,-4.252015171295137,-10.536721614894741,1.4508888890437952,0.9425248284433674,194.73350330906942,0.0767883853244955,0.06409000440490704
84786,-5.46850614272834,-10.60079387188766,0.04160506557227746,0.7332302921042296,459.5567974331371,0.2799422904160407,0.06409001321750604
84787,-7.321907999395538,-10.484884987828389,0.8740731485659107,1.118479578330634,294.5653380750325,0.851360088796361,0.06409893692382305
84788,-2.5667318075680914,-9.846010810419981,0.4659724326271963,0.9361245673837989,154.35876149576777,0.19708725514052627,0.06411623573026307
84789,-7.385631058431572,-6.0322294704069614,0.9033450531174931,0.982673919322535,267.5837031481613,1.4098912144959632,0.0641270393799359
84790,-4.943355837964562,-8.058752724151926,1.937370394676856,1.482070058878137,468.94008771590524,0.8740651563859627,0.06413351971382905
84791,-7.419863733746232,-5.536062347583517,3.7104971592025873,1.740450587316048,412.7439963049876,0.4271569089116314,0.06414251570180513
84792,-3.5852945362257502,-8.143606848635189,1.9129174975790326,0.5735263646725027,142.0044010663508,0.013730040180834457,0.06414773746903887
84793,-5.363942158461847,-12.265791382407972,1.001357742258334,1.6848228447473423,395.67188721695004,0.32732675598235517,0.06416026906779781
84794,-7.399339373445454,-10.3281218350652,0.7796013205235088,1.752768540977173,437.90205870625306,0.5799809443968629,0.06416360641175474
84795,-6.633139717004608,-9.327561862581916,3.1778308778091384,1.7609043073651542,468.60377306241685,0.8483114862328742,0.06417075765001838
84796,-8.736263012867603,-6.458177160838293,2.509548403915948,1.4337702055824861,325.6746736576936,0.4811513074856979,0.06417280981720606
84797,-3.2422329818111164,-8.64531338760779,0.7386522001595883,2.5860179275297894,465.4769961921603,2.1260885743077305,0.06418234463459878
84798,-3.1712144546123255,-12.60011777684779,1.0144171181875674,0.8746832770164165,467.9204749588456,0.4832989630913316,0.06418634345847848
84799,-7.3782313028530595,-8.052675814807976,4.217603739997688,0.8214336335014888,136.6204152652065,0.07773774088917218,0.06419012745745131
84800,-5.8329272015553695,-8.476026968330926,0.6303837492113167,15.180572731821114,555.1367091924035,0.10559887884847896,0.06419244035437294
84801,-6.686945443387268,-11.441035456040332,0.3144858018977064,1.6808158208022677,416.36628186970495,0.445008497007815,0.06420399079040973
84802,-7.801314205053094,-6.516218423127615,4.514136522248386,9.716408021123115,307.34952279189037,0.38019722116233723,0.06422607144349612
84803,-7.322603306568249,-6.642749182362467,4.456753604512624,0.5818201847033231,182.3127949338222,0.4753567678690045,0.06424339076206183
84804,-7.1113739858148,-6.479651588529814,3.7174426257883346,0.8807298371012301,190.08265341266235,0.20785601265005926,0.06425569644951085
84805,-7.4090456047561215,-5.108444630345916,1.1939426310680927,1.215237211961693,223.98022595211657,0.05565195414753443,0.06426483536504697
84806,-2.6465919886039497,-10.83036798958766,1.7053254498209838,0.9085562762083641,467.60745966455715,0.45888082867193614,0.06426515208413074
84807,-4.85995800573,-12.85224117317835,0.9677513176075017,0.7510115576847495,419.0027521293893,0.4136113256062126,0.06426934698086788
84808,-7.2201944734539385,-7.402052956155997,0.7232018275822721,0.7300464853360582,158.84605148113732,1.1177096130150215,0.0642710917014989
84809,-6.876162181498055,-6.815537644191479,2.8931662474036988,0.8066006142229667,463.16336482082284,0.25288036596264707,0.06427659859431704
84810,-5.18520608620348,-10.326742374244557,1.579545919220331,1.698465329392224,401.50247465713096,0.7184169243032006,0.06427858332736008
84811,-3.28258826690993,-9.013192612672308,0.33730166710577264,1.9290082055281983,391.80172030089005,0.4160694407771386,0.06428256647849526
84812,-4.978996453870694,-8.535694092683942,3.929862188758668,3.362773115729915,526.6319489214538,1.282861949011159,0.0642873458276656
84813,-6.930451002619129,-9.41059626355376,2.891649916298335,2.800360066289252,224.06811776876646,0.3181985388216777,0.06428765569768025
84814,-5.8918615379206,-12.93356652536079,0.8958338813948246,1.7691273153951221,420.8490302603535,0.030240235664851234,0.06430809074406346
84815,-2.6853368227922267,-9.12123653137639,3.2635252733020557,0.8964223697615467,350.2108909366348,0.18265540109412104,0.06431041738286958
84816,-6.970495789068082,-6.66990939236286,3.4006472294999357,1.4500832998193105,335.5875564523985,0.6145183804728296,0.06431552081453307
84817,-4.651320249612976,-7.938433514666631,3.345526569918677,0.8471804725545828,220.75694748373124,0.40296589104126834,0.06433997003595245
84818,-7.765024225496971,-7.237971953201032,4.452981508053861,1.1557994959945264,467.48756120836396,0.20047793205124265,0.06435388779577152
84819,-8.387357708766704,-7.853391016894255,2.459988957268357,0.8978083259670384,177.32984624367353,0.19949979000990936,0.064357990655896
84820,-4.531519671016358,-10.877840546608045,1.2970144548662579,1.6585524000632255,388.7046635944839,0.072922027849188,0.06436840439753347
84821,-3.3151536038304155,-8.155569457411131,3.719348296720066,0.9856692231526384,272.90098527643346,1.32700986963214,0.06437606747241058
84822,-2.7012248711335474,-9.843863455053464,3.103509185067216,0.9397680391015497,245.7490357013308,1.2428187381482685,0.06439687355658974
84823,-7.102153928513424,-6.67700967469517,1.8001047928393925,1.520196554969046,348.4974600047533,0.9613909572943964,0.06439928995405006
84824,-7.963735441260704,-8.429953734802975,2.668527626707406,1.1370857678993207,269.4947000500799,0.23786666352221975,0.06441256676943505
84825,-4.0310436311896956,-9.180588111525482,3.207023518899447,1.2627748689335885,428.25216470461766,0.024904495265754,0.06441760457552892
84826,-3.865722570504351,-8.548273297082485,3.7911380909230625,1.111095901208624,286.47777393131804,1.0171015528541378,0.06442254213071842
84827,-7.41852782537089,-7.220160879002452,0.5597454092113112,0.9408142617069845,340.3335981369121,0.474640474334147,0.06442352904161672
84828,-7.7763260447790445,-7.632930618931759,4.1490623174992605,1.8275015908367567,437.1979765406127,0.6235471010119653,0.06443943143476452
84829,-3.5089505358715627,-8.440920831455834,1.0948649140060316,1.2534761093636937,279.777819617523,0.17127080200008837,0.06444640439739176
84830,-6.080062365734457,-7.5303184025071745,3.3431376279887646,1.7475112489141953,414.28378228007574,0.2663665401478408,0.06444776353776072
84831,-3.6093176316805797,-8.170943991449139,3.7357599453397383,1.2619734886620826,293.9361319800317,0.7543873135399357,0.0644506484263124
84832,-3.006714804324072,-10.266704706408703,1.6652341215327826,0.8146857031680144,173.00331510301496,0.03610980125636232,0.0644553636723912
84833,-7.352287820142386,-6.182624372535292,0.9825748447557998,1.1712172252537765,301.4922360011257,0.903781110405065,0.06446016672537584
84834,-4.8165571956584845,-10.364623649270904,1.5492248214188031,1.542840876247561,468.4306255253102,0.5010177544193715,0.06447082266935728
84835,-3.974342452551987,-8.37379051171877,3.8512239960136183,3.018068780954805,501.5094394606872,1.6842193801970167,0.06448607876261817
84836,-7.219107919644561,-6.704648013997348,1.2302027872377679,1.8013064821808358,460.0215275838194,0.15009521629165068,0.06449744444011633
84837,-6.639207454216787,-8.328248488640366,0.4943082252508969,1.7728228786733196,468.14009395964814,0.2090294241083539,0.06449760246038937
84838,-5.146143222652741,-7.856057671428883,3.2906930107667764,1.1699928735056382,467.2147314759426,0.44812492018430294,0.06450124789816092
84839,-3.6984057169365236,-10.127064399296685,0.00842473392276766,0.9750618755405132,200.2234754411904,0.2067419507995103,0.06450862290077874
84840,-5.666237296597345,-8.375677969930127,4.1840232947143665,0.6785983271288695,141.77375622982026,0.0663948281030633,0.064520687878107
84841,-2.4686935775846406,-12.77326709046259,0.45498240710027127,1.7107877662940696,468.7758634399109,0.8547807053958483,0.06453305235159716
84842,-5.792274261928565,-9.272490193200053,3.2793321017939308,0.856452358978938,190.2558922560548,0.9648064033242152,0.06454080371170323
84843,-3.541076708894285,-8.235198455318296,3.7877725342767334,0.9983580049034277,273.1066493213021,1.8824273760941104,0.06454514314542674
84844,-8.08962712855794,-5.275327487223189,3.9899907096308485,1.2780219512840898,318.92155242476866,0.47493801937867897,0.06454894538356824
84845,-4.431263162741451,-8.8073979467115,3.637611378755381,0.7402279575720525,468.05783547852644,0.24390624481409606,0.06457213324150031
84846,-6.865738465710107,-6.830504087904398,2.962613244360838,1.1011493010261166,238.39148445681036,0.42483545937473544,0.06457260211652091
84847,-3.95758180101537,-9.021512704593757,3.390290618632625,1.083644030884791,282.11292185702024,1.7176910971024943,0.06458278458469328
84848,-5.80218223847068,-12.042477085749727,0.9959475176734148,13.013407778334736,736.8813156834353,0.14815940487742552,0.06460306431180791
84849,-8.55181558940296,-7.405285375880293,2.592284892341112,1.822576644567458,383.05164562750247,1.7237074107593404,0.06462826565185541
84850,-2.7471062843992797,-9.248406975928354,3.503263528327343,1.7066399124788372,363.61730418930057,1.048511878681544,0.06464000362886266
84851,-7.441239938045231,-7.88002256810186,0.4262591397891692,20.115083180510965,856.5635899280026,0.2338338896991088,0.0646447994274126
84852,-2.4295637793381895,-12.445582641418959,0.5881133004100494,1.6010574516542095,369.40944115891756,0.7019155682137317,0.06466184832657039
84853,-7.061862109181267,-9.727361055046433,2.2786862050601138,1.0140112270300639,275.2691459501102,1.2101926823045739,0.06466476235582083
84854,-5.263216686188745,-9.382788326880855,3.069102073954969,0.8509471833591707,211.30267880492283,0.9678277920395937,0.06467534163621504
84855,-2.585018521010398,-9.126102441273602,2.250307324137522,3.2414617001791854,462.1074032841851,0.1293108406816046,0.06468706631960634
84856,-6.294402168965816,-9.703167956077191,2.7380695165213886,1.2585006797902352,278.7175064323908,0.33636305199709327,0.06468758434426691
84857,-4.822630644024271,-7.909644600431676,2.838376423657982,0.9315647911581463,246.38299960988408,1.0308890116899185,0.06468993487220717
84858,-4.511509634259793,-9.027885216701772,3.4075519456182835,1.8408210094891737,468.07546017375597,0.5858039377272766,0.06469664189858731
84859,-7.207906944294201,-6.229404969254338,1.8986021108500633,1.8026674685324966,430.1555870681014,0.3481847345617384,0.06469826722780127
84860,-8.11783468128911,-7.346394234111879,3.840701801947515,1.9876328126843519,400.049243392797,1.4018067974177475,0.0647005184780283
84861,-4.8366885562094,-7.916921889614842,2.712674160548646,0.8933139080837125,236.46037370882084,0.8071224670442199,0.06470222266097933
84862,-4.104639946368827,-8.006870803229303,3.418280602056437,0.860202461671974,469.6835467041013,0.20442230949435825,0.06472302422084827
84863,-6.879891826494052,-6.923601169689017,3.8475813577074396,1.1278886406404254,468.35735566211486,0.5201452109647269,0.06474133487911442
84864,-5.744029730960063,-7.9262513650293975,1.8196194408676427,0.7172454124577233,148.06484908626103,0.07495107013184477,0.06474791553004243
84865,-7.373460538537642,-7.1328091328295935,0.6387605666165636,0.8478036801816776,194.03459563812822,0.6639818315294201,0.06474859957566295
84866,-6.769461130969389,-7.045506605679961,2.5204153083458336,1.0066699238563828,266.0171352015651,0.3221259302158588,0.06475838757278807
84867,-7.923579034679204,-5.841437776691643,4.2481091163796965,1.0189824476866565,278.2916866939877,0.44500540431051316,0.06475955512074215
84868,-2.816072857282811,-12.540594720934125,1.0795951857410422,0.85495026513222,174.82911944490905,0.04694819041565257,0.06476039644699057
84869,-7.648714036427789,-8.78440601508985,2.792778029259504,1.5328258517430733,345.7142225513575,1.5984451680074345,0.06477051702055887
84870,-4.784172059098273,-8.074489435061043,1.9711148740644844,0.8328316580907043,215.79537956187687,0.13468962814547414,0.06477695826279513
84871,-7.437347974322774,-7.166206763998413,4.688107165588171,1.634523152876629,358.76617881945697,1.6053888850590283,0.06478735937931217
84872,-7.4136786761685975,-5.319334174371824,3.4725199922680368,1.467843574118941,468.3404950462157,0.5368937090829817,0.06478790685933657
84873,-5.712053509325407,-9.035772819881174,0.21333341968329617,1.6466001985713705,228.87882988382827,0.11069367790016571,0.0648002935873029
84874,-6.911513629410443,-7.423445008893402,1.2116756945167977,1.5980021691814308,355.45614036945284,0.2952178245742738,0.06480574913649603
84875,-8.36607917615773,-6.720605416075715,3.6831385357496034,1.1534619341818988,467.98390689840136,0.6350266163825244,0.06484997916346341
84876,-7.076741619780316,-7.264253512300814,1.0260856860288445,0.9092449835217762,186.17466088403847,0.15730742787325536,0.06485277576855927
84877,-3.7376561457805604,-11.322608448894576,1.1732723337379831,1.8034636781930886,430.59973751554435,0.39363546023514395,0.0648670645723503
84878,-8.455089516608227,-5.886168968057985,3.4689563650108646,0.5230095858802366,124.54973609003132,0.8839516025046805,0.06487118619825066
84879,-7.11177167792456,-9.90512718698431,1.749964044722969,0.8884306010791652,173.4950867984477,0.10651021054814791,0.0649013524273225
84880,-7.2276090132962265,-5.955661983695417,3.1199641326595726,1.071500040778854,280.0060151816338,1.8058215336167036,0.06491066706040827
84881,-6.634778991169075,-7.218595429394548,2.444311207419692,1.746746536473604,412.9429710755947,0.3418342158339138,0.06493097950248214
84882,-6.5097869368870125,-7.327454065683448,2.4892135599953567,1.9659349523573593,399.160763159965,1.551647180329505,0.06493715950415523
84883,-6.752079045463459,-11.947243321605661,0.6773661787187443,1.1178298913157125,287.8399695567799,0.8272424020246358,0.0649374125376151
84884,-2.988733649409596,-10.106399875108401,0.043061461258031335,1.7481033054211126,415.3360054542891,0.5438971953004126,0.0649402526614995
84885,-3.04061374196666,-8.148061957361097,3.087847135894691,0.9690523747131803,155.68219951444667,0.25736316419134386,0.06496018198973345
84886,-8.409664865922268,-5.359295337453403,3.491832332036325,0.7125759466103122,151.15100128207493,0.9186347645767245,0.0649630812858601
84887,-6.272753057392761,-12.876596090018065,0.8150043243435129,2.213731671092642,425.03872972374063,1.4235181554990595,0.06497726016341247
84888,-6.615752137398519,-10.145496255459967,1.711532731583371,0.4494644492771727,122.02010105645782,0.21848853170649019,0.06497838535767912
84889,-8.347159571049787,-8.255961733803723,1.7026227571357806,1.8084129658249026,433.42956689690743,0.4323066619191911,0.06499307230871158
84890,-2.9427960038937195,-8.38918034474396,1.4870059905351716,1.8448864036988275,468.5553349199356,0.8282771224813024,0.06500571498879601
84891,-6.701058917439611,-9.4750712213505,2.941921577801416,1.110231844742833,242.23174138863195,0.4424478775390748,0.06501022277150617
84892,-2.7803877202616745,-12.471709922576855,1.09865293878286,1.5945879003886343,467.9835830213856,0.36042105138571845,0.06501823363315769
84893,-6.0518482364797475,-12.590899681407054,0.8942916226983135,5.051068167368464,272.29701711456397,0.283660119087922,0.0650398924045238
84894,-5.5737176004247395,-11.378377707829857,0.06438085662503394,1.1508718508280595,258.2558555869165,0.8581013845866368,0.06504429604540818
84895,-7.4471921149125215,-6.541755829149083,4.4963360264984225,1.7688874566504593,205.7558770800897,0.38640118957759473,0.06505037033606197
84896,-5.535319598041866,-8.41604537989723,4.122715473053654,0.8888851346720386,248.76259745644276,1.0374627110725685,0.06505379437150889
84897,-6.1253510728863105,-9.645259233933947,2.8139018585403943,1.1298164472722525,223.22727734286434,0.02385249630982056,0.06505510229720834
84898,-8.764647269436976,-5.820064226314068,2.336369771849818,1.1212319127945107,467.69415415262336,0.771011684236889,0.06506891452490872
84899,-6.963309952588279,-10.106039436320039,1.533662962575453,1.1809111386199083,468.7221739413461,0.2479104977241704,0.06507224635565396
84900,-7.860704056020263,-6.960382694556411,4.445365868511923,0.7192131247628615,252.29677480357705,0.3890842033513442,0.06507667756289065
84901,-5.773671249956601,-11.29466685349241,1.1432426441913892,0.6818302536475872,468.99381584550395,0.3929401341227754,0.0650847018850025
84902,-2.9785326029077366,-11.23275239766058,0.01467911660036139,1.1072646944179403,467.0965091521024,0.580194998754159,0.06508778960593183
84903,-6.484992426333786,-8.366541411502373,4.344602501016286,0.6966239901297314,465.3885447213534,0.3697217123004988,0.06509173796751618
84904,-3.4129596434088665,-9.11491932341844,3.2647102941202473,1.7850421232724532,467.9427738426724,0.6845137420455192,0.06510005366099278
84905,-7.475851107165126,-5.525332443930115,3.8377341553362303,1.6345139452002941,382.14282774245817,0.4037776040289147,0.06510154670817796
84906,-3.7029352031397957,-9.758479295251803,2.4421735170644667,1.3374391573863706,323.3714041363815,1.4376112000189547,0.06510155810208694
84907,-7.454628969066945,-7.367619706981509,4.638049452798015,4.042069806140314,569.6795484184325,0.8179871566163781,0.06511079991837032
84908,-3.8613161141432677,-10.868946988537346,1.297063149199039,0.7947634355819472,176.46102363807032,0.12242112865040955,0.0651130092289993
84909,-7.804113058112473,-7.277051881254296,4.37982293391382,1.8332333898917341,439.87861651976255,0.9045643228666451,0.06511618087468139
84910,-7.365415668315889,-7.721785626596661,4.514892367834752,0.574662828067518,169.12757987244493,1.1062448439370316,0.06513488912159382
84911,-7.161705364143911,-7.035727868594577,1.0421146806345478,0.7268494071244369,133.76316214887734,0.2690660349608711,0.06513613991977642
84912,-8.827604034729378,-5.485210336807782,1.2098914471600442,1.7382155233485799,365.924868896204,0.9470574118352069,0.06513769575728395
84913,-5.875801726876139,-10.28439357944896,0.0680234315823453,1.5776649572014623,468.2752278625253,0.21464149123785514,0.06514967923995674
84914,-2.4177096559143028,-11.361541725314305,0.7582679589616662,0.9199792002796203,467.75759632650386,0.7911892513273546,0.06515353241860422
84915,-8.224380020005551,-7.0140561094569716,3.864514247560923,3.2708214995411176,230.8453470493009,0.30877507737008614,0.06515638484511999
84916,-8.14852599001911,-8.822183593341945,0.9364158241815673,1.7108110710008277,468.7999003392927,0.864300074576879,0.06515849365850915
84917,-4.901353315537219,-9.78857045795456,2.487087990357511,1.1119316557846572,288.59454095945097,1.3388529760952936,0.06516122412607352
84918,-3.1763970785517905,-8.342580222018581,3.811577531249367,1.5785285993054659,367.3614550010423,0.9082279699892561,0.0651627590931041
84919,-6.220412941034913,-12.869253293213612,0.17148822514167647,0.9912283173689987,274.58663395804473,1.5514266139049449,0.06517050120434513
84920,-6.715773874140798,-7.211271929298428,2.162823329786214,2.2339929861702674,429.42217737493326,1.6264401327796376,0.06519366075764939
84921,-5.987426099003896,-9.982525860909064,2.3068836760387468,1.8377622943676284,468.12532281073646,0.5006166817512048,0.06519659378783607
84922,-4.614345680405323,-12.112901251655943,1.032652466049301,1.6424337536484062,382.89263513596757,0.7802653651464162,0.06520268546160278
84923,-5.537279104742975,-7.750306347369775,3.184054008734591,0.6393433407242106,195.6599387909389,0.2724110639207922,0.06521106231631459
84924,-6.846800667583915,-9.84643028481257,2.3047463480667525,1.0840646137094714,280.6371501089233,1.0884347472874358,0.06522061056372257
84925,-5.843305488884656,-11.636169050234304,0.0887038656195916,0.8767187493697571,468.4446123588189,0.295106250743812,0.06523086938019391
84926,-6.860497359988079,-10.668392893296364,1.1666638422039992,0.9619590928765663,164.89587877899652,0.24085257067525578,0.06523560638323662
84927,-5.136088870982057,-7.910228033422766,2.4391682187082835,1.8756404176737431,468.1962003873707,0.405912269781739,0.06523773856566646
84928,-3.0894822823405867,-8.250173902688175,3.7217515540382453,0.8486713392545455,468.54477090654643,0.1770951203504767,0.06524225966034541
84929,-6.363066895905734,-12.972505742522467,0.766585991917515,2.7258922562036556,446.1134450972492,0.24590886535148915,0.06524546210095356
84930,-6.684955161040449,-12.58088557624977,0.336352128991051,1.8742877198398,450.32115286210114,0.39451304085064454,0.06528581336204049
84931,-3.33534215055551,-9.515140043918372,2.782128343622536,2.7757221421667895,481.4750369016065,1.805233504673235,0.06531735454086537
84932,-5.846356601222499,-9.073069372111872,3.5269101814860786,1.7849143403441954,468.2914910384729,0.5312400177234871,0.06532526795714684
84933,-4.696137566995776,-8.320868355197636,3.9347833111485495,1.3061064474809312,470.5233077334578,0.046772584333536926,0.06532828916973697
84934,-3.6466748611748514,-8.880757743530971,0.4255957278232945,0.9745828527117311,206.01117868143749,0.8386007506318878,0.06532856152211702
84935,-3.1515374563781187,-8.276635623662226,1.620289951480056,1.7513801777094051,463.0253935719735,0.5224694864140762,0.06533175047490314
84936,-6.24789538426195,-7.613523429202052,4.200281025488915,1.8202919284897126,435.91138190956525,0.555162868647729,0.06534757997598829
84937,-6.178927100722631,-8.940847092247608,3.719929370267462,1.03217924764903,275.18207042662857,0.4442154684430468,0.06535486540598347
84938,-2.9007212860923364,-9.819706435144695,2.711828307705393,1.1140106077429688,467.025149046351,0.6532495983930344,0.06535634063668228
84939,-3.2898058800198484,-10.019889749116675,1.9020604172866102,1.195847830101692,289.62006836636715,1.0309602853143742,0.06536994104807566
84940,-6.807171478124708,-9.600838380017883,0.19031173062083956,1.8316522054001148,437.28115126656206,0.05643096486497967,0.06537016859541445
84941,-6.062280443389971,-12.973042059836644,0.8597835768437114,2.094525899549394,191.97142557219686,0.269082629525883,0.06537677295733318
84942,-3.142551949651744,-11.39105698899866,1.1715603240557617,1.6328483140083814,378.8383605996978,0.22129940735925935,0.06537972415898867
84943,-6.565313409820568,-10.170844779133903,1.675459274551788,1.7722038622321907,421.68643875418945,0.02732409195539187,0.06538058316165096
84944,-4.8451008504915825,-12.888212702704763,0.9592644786104731,0.8883510879022878,234.7695453428247,1.2009301660845724,0.06542697730886338
84945,-6.897089814874849,-11.89749755000752,0.4493154791598433,1.5794469410839136,365.3393104332771,0.2537802980151129,0.06543429101621888
84946,-4.027936296066028,-8.89500332347055,3.514746688239602,0.9200739928245961,187.35132468645506,1.1036436562695462,0.06544025758889595
84947,-3.1480223921582384,-10.14362077621551,1.734004716634113,2.895545308959155,489.26578824118377,1.2535105339679786,0.0654451316552301
84948,-6.835125082853615,-6.922594860013836,3.5567181853242564,1.0500074957055525,467.5160353277412,0.6626935940219463,0.0654605158194578
84949,-7.631285041370591,-5.918349066674792,4.26788602592447,1.602281634947362,377.51259661205586,0.35117971115693347,0.06549058302010548
84950,-5.2837586853771805,-7.989424824052652,3.9533596333861802,1.0391770087504981,467.969074055905,0.768688213673312,0.06551436630145069
84951,-4.7548385391019,-12.038327925204149,1.0384894901377868,0.6733240375947791,133.92494552900806,0.1909978450054881,0.06551507087347722
84952,-6.85922850996344,-7.5073914914540225,4.637399572008528,0.8080423024133289,468.3853143327956,0.5290746130304855,0.06552177414537154
84953,-7.365166380792321,-6.0987896854923855,0.9638853698561085,1.0692347346415985,279.01166695273054,1.740487633946005,0.06552187827857503
84954,-7.713559884608906,-5.501057251822907,4.153921348829262,0.8540841300319516,226.43498974371764,0.19744215131972798,0.06553178166091732
84955,-4.44183980323009,-10.353447122346596,1.54826800520942,1.2094296200840626,300.9112967119555,1.184854041333936,0.06554473109486243
84956,-6.613352673634515,-7.152079967361689,3.211305988776373,1.0716630416981014,278.69068687772653,1.8010573454074654,0.06555558756115452
84957,-7.095309532345819,-9.48905269329316,2.5991967517200933,1.7973936432636008,431.80784694750093,0.8937088465383392,0.06558013175764338
84958,-6.201431228104827,-7.712444987356544,4.311361739381504,2.8581233585989363,475.66721630494374,0.4170787533483695,0.0656067947560244
84959,-6.543468330763968,-7.853916547133605,1.1151242903484941,0.85633046942241,195.81821562182708,1.1943022620085495,0.06561433301117921
84960,-4.8911517323523315,-8.105114670032528,1.8122617558090468,1.1049936826384672,291.7576206963239,0.8822092424613261,0.0656158800121515
84961,-2.8901763153792075,-8.583422436329133,0.9386057730958453,1.1199497467369655,467.9932541361457,0.6879010929761327,0.06563094554752902
84962,-6.789679656254428,-7.713382967566155,1.0138615205098824,1.201036608031743,257.20404000632533,0.4763374204644979,0.06563746205024526
84963,-2.5685623284434635,-12.991091915264882,1.546962847281214,1.038232446407382,466.90206828500516,0.6793356244647848,0.06564843333548025
84964,-7.794394227068934,-8.321565491113002,0.5724323400768416,0.9694925178157751,190.40740602614343,0.40829270600006407,0.0656595919899142
84965,-5.477400073759963,-7.777756917636953,2.9346583213869533,0.971251480663103,271.26913255499665,1.9274916101170492,0.06566336544104759
84966,-6.074194597562757,-7.55244869876778,2.949264587014874,1.0045054606676187,245.86032702630095,1.2207741575599567,0.0656684695386242
84967,-7.08509530251756,-9.572239711783766,2.486642596631423,1.1048394042528318,287.1531849790434,0.85198272174532,0.06567547908783018
84968,-6.835432859540023,-12.31965536068944,0.4650286903044611,1.8638843835019516,449.5510828361568,0.4958197566596727,0.06568035182014129
84969,-6.14343571369022,-7.803517563538216,4.351661587142245,1.085081575296293,467.1134282391574,0.6223999552256156,0.06570447934472452
84970,-5.085976460378626,-9.23964709924178,0.16515624857773326,1.4163440270083738,454.2309194598978,0.2622048930336289,0.06572625018438918
84971,-6.519390030022988,-9.294689672743676,3.238181821220957,1.6480069356866918,467.9839155411368,0.5928199391058921,0.06573122901850734
84972,-4.404751810218651,-9.850474380729306,2.3087386270978465,1.1850095791487723,302.31372385491375,0.3327863280967751,0.0657464663672164
84973,-2.9298849962085605,-8.661142379630647,3.7651326526128015,1.5647122533758322,359.8492932466227,0.09271303764038752,0.06574728816512751
84974,-5.336891023693908,-7.877345972975661,2.439057701056486,2.513822834296909,445.97475578399076,0.764062836353335,0.06576539297056316
84975,-6.358557084457359,-12.595399813981148,0.8087499335196077,1.6928596151374016,467.76353539996546,0.021497259357624365,0.0657666600994527
84976,-5.94133990927066,-8.176180373659227,4.350239344043406,1.597040587746353,368.59302630436787,0.02079340660838014,0.06576922029150642
84977,-6.772991689820145,-7.887083177812614,4.629976851582191,1.8554138804943037,468.707482595487,0.4012726672715283,0.06578157714266225
84978,-8.780573803977136,-6.222347013861693,2.1101983796667447,0.7489351202055127,467.4067445937472,0.30736177936460596,0.06578588139801174
84979,-5.928766627904722,-11.682209998690764,1.041770364868738,0.7858595591956639,217.51051294013922,1.1464084189531532,0.06578832343234461
84980,-7.443720593579092,-8.24794920569698,0.39059374026271615,0.514726946131879,144.966760023429,0.21051521832779319,0.06579222396454637
84981,-3.7003297646434383,-8.000673690892405,3.0233074418676775,1.4575047080472714,330.37156758354325,0.551290430321953,0.06579724422490567
84982,-4.19171472278277,-12.520511896163127,0.9948261454990048,1.1834275914636803,272.7132689153642,0.4600805853946133,0.06580668922996306
84983,-7.529947402582448,-6.5631889267454095,4.55051454982692,3.4157771111605624,235.6929134386806,0.2981222479494967,0.06580983686959678
84984,-6.65341553813888,-8.224978962783304,4.445202431500997,1.5809598791142871,354.18427237553743,1.9573948829481287,0.06581570308724809
84985,-3.568175105395442,-9.349085300468655,2.9773609985854814,0.8423903404833424,469.6400080462182,0.09540907105025553,0.06581712442765818
84986,-6.661152107966549,-7.389283134206423,1.8587601753161958,0.8605953059862477,468.02253164153063,0.37826088031955774,0.06582233536546268
84987,-6.004984969102294,-8.961364837408066,3.6767076053252774,0.9667284321287004,265.4568619605515,1.4604541799901627,0.06582893389353757
84988,-7.32346968751761,-5.275604173015124,2.3571812830961116,4.916853782364322,257.21538943002975,0.3976828596963493,0.06583120313719731
84989,-6.681459655316,-10.009048596802774,2.0940064351799976,1.8056864780401094,364.12713688470075,0.41175226620985317,0.06583174864419127
84990,-8.118673546014502,-7.634193863985672,3.525057198745601,1.7738780696893302,421.1271974770042,0.3165848316987896,0.06583530988025738
84991,-6.713495202870398,-7.38554598389074,1.7805186317251316,1.4499531754653092,468.90750314791217,0.04208245913666442,0.06585948023320003
84992,-2.661733427431968,-8.873701385559272,0.7667865671987951,1.001725142935361,262.171241692648,1.6868748158073954,0.06586632620258424
84993,-3.6088002021089025,-11.225334706061284,1.1907881112653134,1.3048416119958646,321.0889649741171,0.4793964291922892,0.06588071219513442
84994,-4.959693757704726,-9.82184992112055,2.427287531635779,1.1172365806728008,230.02056505868387,0.1395271006237513,0.06588520159406568
84995,-4.61526685518878,-8.116303360259943,3.7971841496235443,1.4008723977941533,317.16734646914256,0.2800968219320916,0.06588770385786126
84996,-3.9775548383115114,-9.433867602253992,0.112844493186015,1.91077148328907,468.05795359600904,0.5558004580077869,0.06590122077542046
84997,-5.255917192450238,-9.764331603647793,2.5471170853496266,0.5391172519549101,169.76628728324812,0.6716803841941497,0.06590589726146967
84998,-3.192835647193836,-9.897418496212502,2.1793604576374364,1.8950477682203941,457.21046876271464,0.40288634854393823,0.06590897566692439
84999,-7.056224883173398,-7.168415135284533,4.557318545044817,1.8130802616790904,469.75498257910317,0.00613105194231256,0.06591543986221794
85000,-4.66196690736438,-7.944172610988694,2.734227491185278,1.6784297610517107,409.6704669641561,0.09455773163673786,0.06591775998284213
85001,-7.520945038825499,-5.691222145104396,4.024940341654375,1.868297542528847,468.6938596839994,0.6466351590481754,0.06592471886582797
85002,-5.000316722006097,-11.914882949490575,1.0489115373999298,2.8005866641307193,482.3803941489268,1.5176401023513817,0.06593213531745126
85003,-4.333123635086692,-7.982864485556854,2.7341500744028844,1.2351553351561584,297.9025947879925,0.21128081764647355,0.06593258995324196
85004,-8.405714632570497,-8.067273710627264,0.8196879218175986,1.7592570777780652,469.2884413336017,0.18408840837027896,0.06595884836337594
85005,-8.763050379263106,-6.655444631314306,2.1917892873440903,1.248129943382944,261.0974563287924,0.4178155380795223,0.06597482315155095
85006,-7.058676589867957,-6.529583632846108,2.459878380361692,1.8860293177427885,454.6204612608052,0.3196957818891839,0.06601323529929164
85007,-8.02046351810833,-7.730057221311052,3.6085357876587354,1.6360961757573285,383.27841222641405,0.4093241519162474,0.0660140052446337
85008,-6.3937385437392695,-7.5708538388884135,1.987882437995438,1.7420456796715047,413.5000697133982,0.4252044144830558,0.06602077379024114
85009,-5.313096734171455,-10.982629955244631,1.2460530290201126,2.9623849415932244,495.60560066507145,1.3835133546392013,0.0660233141125181
85010,-3.5080707441809107,-9.4887717336725,2.7977105402218183,0.9578717688079197,268.31533322020607,1.0658990918443605,0.06602408416450468
85011,-4.713171901735222,-8.338912814036998,1.2694007848163074,1.8375416435569694,467.84486650620187,0.34387127346979707,0.06603035013149017
85012,-4.231528412873603,-12.869118968513748,0.9660866799001714,1.12470989932282,468.08592030337155,0.7226598232891694,0.06603047350416441
85013,-4.968809288298862,-9.115081456357444,3.3497974044724406,0.9223094306492382,184.10379173773214,0.48297503673732844,0.06603136852225523
85014,-8.314810215567526,-6.267107978369005,3.8059979818048957,7.371137846396605,643.7220874739994,0.1584067102927067,0.06610944732426972
85015,-4.36664080313526,-8.417030830599707,1.1026384806292977,1.0223264089950879,468.4600613869186,0.4871322891342569,0.06611958195579444
85016,-6.213792377549594,-12.214409899177165,0.16220540935147265,1.3712470416578497,326.17873034646084,0.6901236253007994,0.06613227617839715
85017,-3.4567721239336766,-8.010079737557477,2.7741673900997497,1.0507075071353726,273.84487406987756,0.21618801344364158,0.06613259908970191
85018,-7.129731904000257,-6.995833921857131,1.2643166209724437,1.3105184984455698,306.27817604788123,0.48011842629076806,0.06614367864728965
85019,-6.259847840717724,-7.526911107473611,3.9663310590859604,1.8936200120451423,469.97532266801215,0.04882272539446131,0.06614423723137314
85020,-5.75085006630093,-12.299083195113115,0.9602121147610839,1.2117447331445488,310.2139939809139,0.5498049850988025,0.06617122226189726
85021,-3.8047869260431444,-8.17648206242011,1.8188929945776386,0.8646498182462419,466.71454873078306,0.15760980108831024,0.0661775533613582
85022,-3.781545364078484,-9.860446177333142,2.246341341865156,1.797632594165575,428.33644766386243,0.007793021974062064,0.0661845773448054
85023,-5.279475384107994,-11.305188436166059,1.1560070792482149,1.6369502050514926,379.33945885921935,0.1505712135468702,0.06619098278034159
85024,-6.033179478909907,-7.568272422496859,3.3039937407769147,1.1155301850121522,292.5349560776807,1.163931712721939,0.0662106378546747
85025,-6.669437354578321,-8.424495298616236,4.2542804373074405,1.0614125992535794,286.13826105426654,1.255638361718157,0.06622163445318636
85026,-8.781640282309624,-6.0545251652605065,2.0847699160113247,1.3229841455560702,324.44835242883465,0.44002079995291155,0.06624506069075567
85027,-3.123015768604917,-11.049673824454626,0.012162957394756615,11.27431323289375,343.170142284945,0.30825862261808723,0.06624709958017021
85028,-3.3149544936650273,-8.043047242957005,2.4760864243329044,0.7198042675998472,161.95709097082704,0.5572084453088095,0.06624789512218922
85029,-7.054051846998965,-7.309883073043533,1.041037219788239,1.0670377342453048,467.75967592025626,0.046736647595474246,0.0662773637154103
85030,-7.3871989227592545,-7.87320756308565,0.44763002967613036,0.8694929863525713,218.54665097540254,0.9924215327953201,0.06628086596638424
85031,-4.016377941806364,-11.97487804714867,1.0481025527217476,1.1464288309825559,273.79715051436784,0.4560972309676412,0.06630627632413424
85032,-3.6551154123603693,-9.233881566281973,3.1215081026438236,0.7492442363794234,465.3102034142042,0.4112420538813186,0.06632233987535784
85033,-5.734578975309333,-7.703421240210745,3.0619797211154056,1.4246724952510759,319.419145252583,0.7514396163063211,0.06633046555470917
85034,-5.324010636084421,-9.652911866645985,2.700144110828043,0.9029556386933265,188.62330784650175,0.6938876919336776,0.06633543014277593
85035,-5.645157763077623,-8.021139412877421,4.181672163002012,2.0741929606235514,397.85959939911066,0.6547652782897222,0.06633694983810347
85036,-7.992698065588607,-5.663471157339653,4.12596532895938,1.8970826076670175,458.1512114557078,0.3828352385867211,0.06635237618082938
85037,-7.086620268269183,-6.765777273409411,4.119862012465078,2.3359231946720906,442.1799084492476,2.3875555415571945,0.06635458453017067
85038,-5.188038775727187,-8.023217909172022,3.923332216524894,0.6839565124320911,210.80507333110387,1.0784379540371534,0.06635826416962556
85039,-4.704979687960471,-11.699538217621267,1.0870641119663442,1.3390297964713807,321.91987111037815,1.8019719035602,0.06636028021568352
85040,-2.472723174316556,-11.107957114590144,0.526276754870527,0.8503110987972273,216.16591742049005,1.3171842652676968,0.06636200143651244
85041,-6.420365799062932,-9.201600750234283,0.14826509181659359,1.1360887969436857,467.62963912256834,0.46771165963407224,0.06637030842725965
85042,-6.564712959941634,-7.26584208184989,3.8112237060350123,0.833360951104154,468.77077984041233,0.142826726566331,0.0663745358558348
85043,-7.941189274862322,-7.632063934260219,3.8660273589490854,0.9002178749992032,196.05986500318676,0.21603954221738686,0.06639405204737271
85044,-5.150403016664934,-12.003552348314505,1.0297563014844646,2.3994912722388113,448.0579321044317,2.286984744015725,0.06640634911255507
85045,-5.86537818785063,-8.467590870130584,0.6467786885845606,1.9054707853122244,389.6397154521435,1.3209318288815455,0.06644044656366163
85046,-2.492053679838973,-12.036916328161931,1.933056016795994,1.456841378982431,347.37946668594714,0.5382859707836989,0.06648935155941618
85047,-4.022674592478887,-8.04412252688407,2.388074968305886,1.2738226503542378,468.7794392435815,0.3950541133201444,0.06649745390882109
85048,-4.454190048026928,-8.22772404315543,1.625603334977571,0.652060257770406,155.23587631298628,0.655402627465052,0.06649928259207143
85049,-8.230633022655454,-5.112281858318878,3.7589413051171245,1.0746068323525322,468.06574884295844,0.711286076766612,0.06650927882571903
85050,-3.87008639931286,-9.891910847938615,2.1734826593497325,1.1734361176903148,301.32122365732556,0.5591579228373584,0.06651596845563411
85051,-8.691018739116368,-6.9097398911932615,2.4905362661278514,0.783412229023224,464.746472611739,0.15350912561919916,0.06651686757449815
85052,-7.318602412195583,-6.48329100524753,0.9952516870460544,0.7238482636906305,326.96134752953805,0.45848139834991564,0.06652467791013604
85053,-3.880570371007881,-11.929729922635254,1.0534040190353673,1.1360614757043888,208.169883154852,0.02908662887930369,0.0665507358171709
85054,-2.5814264063682524,-9.047123015134586,1.055539523872574,1.0468376121325427,206.35983212135298,0.2823977151574324,0.06656873128643899
85055,-7.554734923658097,-9.54585768057552,1.5591511809148026,2.5761957580336245,442.42583329767496,0.29271033727056217,0.06659496056167835
85056,-4.292499392471878,-10.045864484393089,1.8585713889460245,0.9572352254612565,467.7959906620195,0.5601739826924641,0.06660669677408909
85057,-7.641443677578533,-6.383750544583756,0.4247448205740224,1.605156859454214,468.66836780057537,0.25903672062275174,0.06661138626736032
85058,-4.059201127830816,-12.300244112163613,1.0110090595405283,0.9294308991729995,161.22023844533547,0.09371220620091858,0.06661340396207287
85059,-4.299791503515202,-8.119829625144556,1.9587818354774056,1.1829451031386045,256.02308642503755,0.13650596918369917,0.0666174496750174
85060,-7.335470028564478,-5.277181412932893,2.1600932292991297,0.9442679230278289,464.11267790060344,0.8683327240856604,0.06661809116488315
85061,-6.247239728383723,-10.003854135596368,2.245179974770107,2.7120227179987366,472.37639201074086,1.1751349903832962,0.06661826992559794
85062,-5.273780501557256,-9.796112870139558,2.4980467271308155,1.0387927373470052,467.91574079324613,0.4450446407086561,0.06662341471994773
85063,-8.108999932833306,-8.86844376586738,1.2500966209919466,0.738824105568552,191.32515269285588,0.41918143916539474,0.06662891596882914
85064,-3.092282122452376,-8.328063692663914,1.5369149743550532,0.815525489701962,237.2304585818511,1.1655443840351678,0.0666422160775537
85065,-6.994716718577876,-8.682939271983242,3.7963614882180443,2.8116677437903106,485.45777947096013,2.117285195807301,0.0666475188341903
85066,-6.114095594312538,-10.819467433712848,1.2607871791336798,1.6443230580895427,356.6956774509901,1.0894219865077943,0.06665080367988725
85067,-6.618458074688448,-7.248271249459585,3.8891328093062905,1.001913637383269,242.86939237005083,1.1910146259345602,0.06665542516495081
85068,-7.049454271769346,-7.553207851251295,4.677367304288854,0.9516730264255129,261.07901125419806,1.52797249966369,0.06665795023690606
85069,-7.617906420491958,-6.185048082895109,4.392203042849516,1.8456149991849748,468.05731395759125,0.36878679147875726,0.06665943463325462
85070,-8.31843672925158,-5.748769889494302,3.7100349479035803,5.058072520028167,611.3190986708285,0.27822081113950325,0.06666001952168871
85071,-7.225020085042184,-7.38615561465291,4.685597292798981,1.4167070249793372,157.95639303016245,0.4002995144696362,0.06667472067058666
85072,-5.621430334643131,-9.534842305008423,2.892871974402153,0.8606629161978337,242.33185742246752,1.50547232200159,0.06668319906349685
85073,-2.7846087028338093,-10.771182575700571,1.4657135285619818,2.3664599214890734,445.16357458275974,2.3273748715818803,0.06668326080683137
85074,-7.162601752425243,-7.192371113881692,0.9535967447407845,0.9655415122455855,468.2227670303649,0.8420169088434415,0.06669348579643991
85075,-2.4076987471588964,-12.177197869688252,1.783763646541593,1.8014701973326102,468.46859741224836,0.9062637620163523,0.066696415350188
85076,-3.8945159895196966,-8.91926551506647,3.4664626087147408,1.4140886556078747,467.84036394334896,0.9253784723643967,0.06670936281164097
85077,-8.788955522563612,-6.419818988178022,1.6411251197422716,1.7673691263446476,470.06648776245504,0.15460074290107872,0.0667106194991858
85078,-7.307959695485097,-6.492665828131285,4.265897999510753,2.2061401882753278,427.23691452792207,1.9051075902593455,0.0667464632972119
85079,-3.7773117227091833,-10.434015299603525,1.491432381934173,1.0213199669611395,468.16542588341184,0.8651616218112705,0.06676405854601244
85080,-6.081234400234391,-7.740256379903726,4.203196233273508,8.321681518895018,751.2521861353956,0.39950068139785966,0.06676583322230073
85081,-6.570199607940031,-11.712350465248425,0.27219405917003603,1.8700294441180674,467.9912210247829,0.3640275715433985,0.06677651893452148
85082,-7.795405216682149,-7.341841012460474,0.40259185639764383,1.4409533746299226,317.46691207121137,0.5430363854249105,0.06677727314221266
85083,-3.8345853135831636,-12.563551549462032,0.9857956826524273,1.1307766375768662,467.4033429586319,0.6636518600117212,0.06678003852775
85084,-4.612967796136939,-7.942085486751674,3.06792385143598,1.5848606446410887,366.450493215368,0.08364321533249441,0.06678958723145982
85085,-6.8187529640945685,-8.114217771395754,0.59916715796601,1.3138409036181462,281.2383593073984,0.6156701185113853,0.0668019361547101
85086,-7.794067975492748,-5.053371381158103,4.035628106404203,4.530808996533505,531.0473108658781,0.15636480546433962,0.06681635982250282
85087,-3.474432386569241,-11.94126041029816,0.016737916906274672,1.775659722509961,341.8159710896855,0.1547418783237582,0.06682159883889412
85088,-3.0572444136993147,-11.110098091085712,1.2359068527171302,1.1624876338906178,243.6791177455488,0.7774814783419668,0.06682573895800144
85089,-8.25775450192678,-6.795001387337087,0.5124966112139385,1.6898251025483588,363.9036521102972,1.374753027571777,0.06682716860913704
85090,-8.01174100378256,-9.00482214751531,1.3300790653819454,1.373046215948954,467.86771363928426,0.4813286122401861,0.0668336089529457
85091,-3.844327948876125,-12.39579094617786,1.0013432021143849,1.53537662757103,468.90420383891404,0.9170760657749542,0.06684560177065255
85092,-7.87990560850853,-5.2415276983157835,4.089093505542717,1.2112073046049285,249.87270772150504,1.0408554103030152,0.06685186116891484
85093,-4.84570286707134,-8.062561470586058,3.780386070498097,1.0742783905395694,283.1578207022301,0.6739355558331246,0.06685429900623083
85094,-5.0211362039982586,-9.991904735663937,2.03733783875226,1.8677717511509242,467.7827898159386,0.2161564860712195,0.06686457394758659
85095,-8.536494224887477,-7.458252805355633,2.5489867630675134,0.999897595712093,469.7648452938267,0.015885800596986854,0.06688953091073148
85096,-5.65574997162474,-12.813821659792971,0.9157058277384695,2.2635115796079837,431.6654293262961,1.6071543117237352,0.066892053817173
85097,-7.814317766512483,-8.47367551269873,2.9272224008960515,3.7184303428855676,551.1789352186219,1.1076698543869936,0.06689280283186949
85098,-5.650152512717038,-7.757477664410939,3.5676708408826676,2.360764866873113,441.8419451266447,1.6611638481716478,0.06689442693884894
85099,-8.456644144510761,-5.909895661285639,3.4420737672207844,1.016884331761274,268.0764310358271,1.3204904204455863,0.06690606392346811
85100,-7.7539034773792865,-5.8451611550028435,4.267490328866206,1.2637832853788047,302.0216205379193,0.49572620503533305,0.06690783748268583
85101,-4.609731016494775,-12.560602099603903,0.9799482473370489,0.7904796279142601,168.59430919976205,0.19869936250963427,0.0669141946385181
85102,-7.603329418039934,-5.361422567004761,3.973026224082265,1.824133105162367,381.4292435270507,1.467291779974924,0.06692182388247195
85103,-3.2062738389640932,-12.288169401588465,1.0237897125719757,0.9775643879661252,271.93200628432044,0.7762719825002664,0.06692496489976572
85104,-3.8077814903990177,-9.3743370514305,2.9468637536886186,2.8550673706120286,486.9132523381683,1.4971026306170883,0.0669286666786098
85105,-3.1599176854636157,-9.538586180856672,2.7815287694578585,1.7635860202717073,470.05114360152265,0.15893888509760412,0.0669632716617425
85106,-7.694846871308744,-5.821732600395339,4.234512823210631,1.119470160579204,291.61351531745146,0.8739470771349422,0.06696761814140514
85107,-7.653718260795868,-5.583543979790705,4.124082820941392,0.9547792052693386,468.5465877827572,0.5974355725302445,0.06697263849016336
85108,-5.427684874568358,-8.35121464756493,0.9481184238329584,1.3215435648436882,469.47565432272955,0.2151004034123014,0.06698291429277513
85109,-4.719849447707393,-9.571359232756361,2.7465249037497577,0.8841497575616323,250.34233645678563,0.8109925837664553,0.06698868217986614
85110,-7.101853016210446,-10.654107667426644,1.020361112581632,1.0974013866047594,468.7499188281004,0.8396735641930801,0.06698949363171873
85111,-6.94670168770717,-11.002129049291517,0.9356742230928413,1.1821906394280932,466.8888895669238,0.40110199579747263,0.06701026809339967
85112,-5.605699113525733,-7.8960678303781515,4.001706244144601,1.0494214350717024,280.0852346549403,1.0931707413795788,0.06701454615738114
85113,-3.547652593906026,-12.475742970092075,0.9925623618395746,1.8518219067376505,467.03436184798034,0.16204984644357712,0.0670217917829273
85114,-4.229660970474808,-10.65179618896712,1.3763173184330753,1.6896905617628932,394.0700407788556,0.04646257676093146,0.06702425594296693
85115,-6.962276204945477,-7.27417423701027,4.537583028644373,0.9600348498374799,238.48677800784915,0.5387379131644563,0.06704390096293614
85116,-2.7601277280522263,-10.148650829110068,2.1839308896624363,0.8145921503342992,168.59152839556864,1.0773651610056882,0.06705445406184012
85117,-2.4239924691905044,-10.698409186956663,1.6549785978607905,1.1043266161618661,284.98052517023984,1.6898615410348006,0.0670587608705479
85118,-7.399923722937101,-9.608828425850746,0.4524745745920489,1.1019385442753968,219.4363918020565,0.27656094466352865,0.0670669557820456
85119,-3.3065418171561687,-8.928250621015986,3.4477872274490364,1.2552028282699206,251.1809712946899,0.01914699754269389,0.0670926320927016
85120,-8.004649975259143,-7.66414845666659,3.7085318343520863,1.8598158490043306,468.3952683932332,0.4665629071527295,0.06710471813059184
85121,-6.7524971518112356,-7.859404454895598,4.623371788850049,0.6475423858207736,139.11550274316411,0.8501605587523704,0.06712207271196592
85122,-6.687082374239244,-11.858801163521136,0.7433451410175913,0.6529005343221604,149.40150382904497,0.030084038574480054,0.06712397040975068
85123,-4.478053923455768,-8.133344324529753,1.9005113294108398,0.49088085283129657,116.5739763826349,0.001037402300446466,0.06712598114481722
85124,-6.233861581148622,-12.171444314445923,0.8989947395022769,4.675572571996917,607.3452255973984,0.7719639878183324,0.06712653146037324
85125,-7.149472583501453,-9.878085184897602,1.702981606169924,1.311070491032778,161.8190285099038,0.4102893179538194,0.06712820716314019
85126,-6.045423867949879,-8.904433963271671,3.731243816066007,1.5321093473595568,349.01393472151955,0.32328526763874965,0.06713251597129619
85127,-4.28111429016098,-10.515515411683332,1.4464896961207592,1.0126348122892732,201.60405607044524,1.012582430161049,0.06713717394004905
85128,-5.2583188728162,-8.779875071661449,0.4429296196888972,1.1559409450962472,465.2283878403799,0.22727940679815894,0.06714276143908456
85129,-6.542082038778663,-12.322554216992964,0.7407993019907131,0.8875248943863219,233.93812871637033,0.9478538302294597,0.0671436942157138
85130,-7.629900333225953,-9.717303133417989,0.6383748110450704,3.1974873252620997,512.0923208259892,1.0747794708320688,0.06714752904226506
85131,-8.826183887702284,-5.51304634861144,1.2869639591504871,1.5900208647705376,351.03116282096903,1.2559887878265643,0.06714833340291096
85132,-5.177603777098189,-8.065465290835668,3.9352031813189687,1.346929933945878,301.78405061905124,0.5831667771212397,0.06716900972899713
85133,-5.818109312283726,-7.66883998741082,3.3369200810886515,3.321941913218597,523.6335422937343,1.2920571662335076,0.06718019736372241
85134,-2.4855572998947597,-9.717181710944953,1.2922958647108966,1.2059926324351322,468.0846860876533,0.31199881858136,0.06719965021615125
85135,-7.356259135838897,-7.612570864822011,0.5287462738166129,1.112112331374171,467.00038626228076,0.7532333923847281,0.0672279225821121
85136,-7.2685939284449965,-5.788464183991739,2.974647196302929,0.9743995840362483,253.43141023080776,1.2536381118251851,0.06724739567912605
85137,-5.569197861804258,-9.181185732891393,3.332795722028362,1.0906060151313053,291.10536906675054,1.0026180362868748,0.0672583359217691
85138,-5.946758439678598,-7.774287508870525,2.130865602596624,0.8825872159705831,230.0389276756332,0.5046693995329452,0.06727918760662902
85139,-8.419491155117992,-8.232177364336222,1.0253729350539813,2.8783723865237074,486.81229683301285,1.2022262791905947,0.06728154117059687
85140,-3.0026946648015436,-9.53262023212217,0.16043119016199575,1.2319350458069611,293.3512561624004,0.517985873413429,0.0672959302324618
85141,-5.417892173743994,-9.77545547971709,0.04894867491267191,0.8516094616629097,167.82262367151353,0.542692077178768,0.06729796978925347
85142,-5.653641190005704,-9.571664718133764,2.8443951897847537,0.9839089362645866,153.78222235585864,0.2812801859658238,0.06730525973506772
85143,-3.934494775828301,-8.159701601914424,1.882475313296984,1.2104401044762267,294.1837759425099,1.3254581197887978,0.0673261621059489
85144,-5.760034265976217,-8.264448781550076,4.236042636644227,0.8174199656091611,225.37712448424574,0.5818275331234775,0.06732900014732746
85145,-8.51732453742334,-6.261269254437964,3.305275281801158,9.001339139909158,435.10312196591616,0.13799057975929063,0.06733308157481911
85146,-4.188332402546658,-8.58614994308837,3.7506986999261307,1.7205919098519846,468.3809333225785,0.5292563965189272,0.06733797289763269
85147,-4.192942336756635,-10.662231393391796,0.013254319521979672,0.851229119762714,188.29635597649016,0.3107457032155043,0.06733803237656301
85148,-4.874137559945238,-9.681438102221096,2.6021676060000845,1.134318862136109,285.45745314021065,1.5273941845332262,0.06733958838897328
85149,-3.472879908092704,-8.222203496902415,3.7275597794652464,3.1767689903155394,492.4842733696184,0.41620653421697806,0.06736901555735082
85150,-7.558819050588617,-5.939253507516427,4.191241234888836,0.9690878325752009,467.79274989112184,0.6092068148408005,0.0673786478487636
85151,-5.504770731240133,-9.942091868619528,2.261833809872383,0.6541014492155847,466.9178352966626,0.4553755078107189,0.06738715947730972
85152,-6.68970292791406,-7.1222676383493795,2.7762952487736223,1.0406277013282088,271.9984138334507,1.4192898143261905,0.06738731047080193
85153,-2.836683509392575,-8.953735534559993,3.614838578023883,1.3783161660278014,470.38250842350885,0.021131793382799025,0.06739699321848096
85154,-4.575706619915611,-9.594029050583982,2.6904753856410686,1.0778656749539972,281.370439730118,1.6396185871278366,0.06739744411660563
85155,-7.544789673999071,-7.9170002963165675,4.142908383206435,1.1071178541541689,355.02948316526425,0.7236621999031287,0.06740037206603634
85156,-8.02126526159459,-8.735301861908424,1.871710148437756,0.8967788767424538,232.32772415523567,0.912296205691594,0.0674219536528317
85157,-5.165367692779208,-9.762473696589165,2.5228577745692915,0.9492632443036452,141.9677121378619,0.3176721316989388,0.06742653536557752
85158,-6.716814177614491,-7.209685827148023,4.059883573540896,1.711605998665255,468.1199829209254,0.7421062278272057,0.06742961465728914
85159,-5.094469861263833,-12.889586215444695,0.9444424717740492,0.7565660189439016,139.5955301739755,0.2431128270668843,0.06745119668377539
85160,-7.9237716727576135,-7.0665003622040725,4.310191988285249,2.6371672385211724,402.5710542084091,0.10024702990596612,0.06748149505305129
85161,-6.244140282485144,-8.78161619796067,0.29449968942996446,3.4198297594011073,524.4323226711297,0.7169082151540955,0.06750670517276364
85162,-6.235456195536475,-7.491346651693941,3.6787679237987487,1.821733111103088,468.1360868287626,0.33973570997894953,0.0675182468110867
85163,-7.135231635032399,-9.941170014368192,1.5849795953600379,1.7227779920121906,468.6171554632624,0.4262885973910988,0.06753654655690329
85164,-6.41178287672729,-7.629046537820328,4.375540235016154,1.8072069435438163,429.0709460993317,0.5711784044263544,0.06756391990475846
85165,-3.4806457080597113,-9.550214298839329,2.697270017738823,1.0751867457340838,288.23053804457317,1.1912691898126315,0.06758059774717617
85166,-6.826073218397863,-7.043758716402585,3.9150867481646396,1.1435337498659086,279.00035726049083,0.6577558719284671,0.06758704991384255
85167,-6.566313043126538,-9.611439330788816,2.7794520475069118,1.8216730874801141,432.9787051241992,0.6308355440291695,0.06759824312206747
85168,-3.7389928471856946,-11.87125641218729,1.0568714106698416,0.8801380296081333,184.61944473396892,0.06427999722289002,0.06760882727576731
85169,-6.507861731440816,-9.4627223749991,2.9969819329715435,0.8201264237522364,206.21130802676296,0.6150374847259386,0.06761662727743692
85170,-7.406303360019134,-5.348327372323246,3.4230194499885527,1.7003191918127742,402.18663190164415,0.8323081694172823,0.06761784545088792
85171,-6.3468389080626,-11.691495493809107,0.17989306859569398,2.0334197135843906,307.07106298585717,0.019999255582598074,0.0676180330493665
85172,-5.3650018558885595,-12.155548318852931,0.06323631460019204,1.212897605876269,293.7084407671569,0.4438956703551229,0.0676194184107472
85173,-4.634750777312002,-8.133970985028512,3.7894078770265813,31.063722119860298,919.5292190443297,0.26194609585300466,0.06764719448563068
85174,-2.6631274294018734,-9.54923314939793,3.217387993485989,1.0536213743883196,226.7552634864273,0.5650779948807267,0.0676515227423523
85175,-7.220436832334272,-10.3793768177755,1.0911343387158654,0.9700145178404997,318.92962752670707,0.7051446000765225,0.06765570179591167
85176,-8.408476094701832,-6.373896108611912,3.588891742934419,11.246920159220654,456.24553298922217,0.18485206175563906,0.0676626260029856
85177,-7.256947179720782,-6.971010450403276,4.561961118061655,1.0640950086256467,382.63791333774844,0.7170310885918187,0.06766395334720747
85178,-8.746475225254192,-5.178908628940447,2.330927879462069,1.1405802128046554,297.7959410276367,0.8598985794417153,0.06767640166571876
85179,-3.89838497844607,-8.874612051389303,3.4990365759744626,0.5991764752913028,149.9700301642016,0.24617085309207098,0.06769676501352238
85180,-5.416985530332649,-8.186009370101388,1.4288001362400218,1.358448693209076,324.04388683111637,1.8477966445127025,0.06771410773511762
85181,-8.011926727527785,-8.858617733782296,0.7000118053372819,0.6598717809246969,203.14173729324807,1.3671304199467942,0.06772876437463807
85182,-7.070512326173504,-9.815802066177657,2.0446621861710694,0.9381833189722707,255.20065707037526,1.551939701282584,0.06773323400695276
85183,-5.353597865471959,-7.92462590188846,3.828759342492084,0.8063131057871132,470.14759123082746,0.0558328541736941,0.0677392085260434
85184,-6.263706074807843,-7.489153655809902,2.751979308928505,1.3608514583863711,307.84043723521484,0.5184564020543752,0.06774118969540906
85185,-4.467751709604848,-8.376037180849115,3.873695282286898,1.1179248937135697,467.4190166498752,0.6500861392763371,0.06774488608000209
85186,-7.891816456249697,-5.834242063698663,4.23463545611733,3.2397743780608304,500.98088539681595,0.4697058882193632,0.06774752627439633
85187,-3.1663736809297696,-8.9191554693166,3.492607264204856,1.057016465383022,277.90062345078707,1.1867867346502097,0.06774760272287417
85188,-2.386633672456621,-12.28629195142477,0.8838397260715002,1.2802702934978143,468.1682614290229,0.6838835240741004,0.0677531200079652
85189,-8.393318603668957,-6.566554432061333,3.61187350612673,1.6352881903230387,421.55162002378086,0.6402025403450571,0.06776414396401748
85190,-6.658922208904758,-12.558879275027428,0.620951017617251,0.8305472556500474,468.1987974457627,0.18058003482871499,0.06778200517258
85191,-6.186927401152409,-10.270151978239287,1.5841790290268774,0.7328359745922419,142.12352935858564,0.20437518649463104,0.06779261289676644
85192,-6.947318781663677,-6.91449005698369,2.1054899401991665,1.1555355864549355,139.6886126381336,0.34129806171841715,0.06779279090493034
85193,-5.466532083178756,-9.921494162964871,2.2849354515121996,1.120824560585765,295.5696290271292,0.6402513200922195,0.06784959890829215
85194,-3.019624864369418,-8.910192116550885,3.583696646664004,1.0741966445949935,231.55772647066289,0.2731782996838108,0.0678590819630562
85195,-7.343020650574644,-8.049109583050678,4.223475302436313,1.03728561876487,274.3423062145579,1.3581181463976568,0.06788587376656051
85196,-4.973763744380789,-8.019484962073223,3.7385448095302323,1.3417901875435134,145.0365200477794,0.3839796606198904,0.0678903778564148
85197,-8.567093722752478,-5.103704429558537,0.5535672924195876,1.4699516358165114,468.1531462871664,0.48000114853018694,0.06790256107540955
85198,-6.359216887342402,-7.77401269807402,1.5909247331855625,11.049101735303235,467.05630280689127,0.17009283671898512,0.06791028929490998
85199,-7.0185060577036,-10.916476933663075,0.9023805038284995,0.9201069616304036,241.9911362449125,0.5251186187648216,0.06791207312358563
85200,-7.270988557994469,-10.47200965057824,0.5006633514192351,1.8118228932369147,468.4960328015918,0.617015498152111,0.06791839912184716
85201,-6.421742737478267,-10.825563958044949,0.16150014820940484,1.775495044247037,468.3297078611559,0.5096635476791525,0.06792172088435172
85202,-2.8593644097504427,-10.03705599173399,2.168931019091561,1.83716662762628,440.264503198254,0.1701577423415852,0.06793130306515922
85203,-2.454484257940308,-12.984360518318029,1.8708056032917026,1.3549214355121504,325.27451367250256,1.2767079407162836,0.06794457355825896
85204,-5.168838469124776,-8.480109619691001,0.8226082515303987,1.7521307647992983,368.2969688162239,1.1196510160177526,0.06797501333348147
85205,-7.043726448378633,-6.599230622157842,3.4615866505715602,0.7629491872541836,202.21532261058073,0.7495099417265791,0.06798013253205007
85206,-7.006640841510396,-6.619518179998406,2.8640311941924486,1.6139268943086724,469.6654689608712,0.07588792901760222,0.06799054938100763
85207,-3.2863384596660765,-8.22517260495977,1.769069742444313,1.0786914353553232,288.876872749294,0.9318038050179256,0.06799947422637317
85208,-7.510327640409919,-8.503475687282307,0.4181349823253992,4.414654383798849,320.6971939290115,0.20314598801294714,0.06802577354491711
85209,-2.660224320665158,-9.928899500247644,3.063642404602624,0.5413850600433128,152.1091309534015,1.175222505559856,0.06802744994768813
85210,-8.614626125362088,-6.188082316141359,2.9875546696372273,0.9676078021150528,467.1021421807789,0.5936233792337093,0.06802933516160306
85211,-7.770875060373925,-5.370451986197961,4.08826438124559,9.56559564216137,549.9590678587193,0.04224319988863723,0.06803327293870107
85212,-7.462699464612018,-10.04363786827839,1.0799985191283754,1.2435967681541007,309.9861359595931,1.0431256115509724,0.06803509724570576
85213,-2.4410757607848366,-11.751168241395108,0.597746865138693,1.5879075110160235,373.43869534558365,0.39092219881583556,0.06804443623701405
85214,-8.8198685910306,-5.773653444737709,1.1999183082608413,0.9795060315782355,467.08591038307657,0.5940804347880659,0.06806266057689056
85215,-7.588421773069284,-5.200318598900513,3.87064683955107,1.3168057055408025,179.9450182493246,0.12097445746162716,0.06808627859156081
85216,-3.2286439104600984,-8.855409862665603,3.517747240336494,1.0307145233532755,258.8394773688231,1.5104646330558387,0.06808768302563309
85217,-6.491984374540072,-9.96027196175256,2.2623069282920167,2.0368024592515694,179.05924667158305,0.41676035313613813,0.06808938551971858
85218,-8.62857738329542,-6.665306762509276,2.8873098058668734,1.4786826622025326,331.66331708353465,0.551955963821694,0.0681159716075155
85219,-7.226464670654606,-5.966894449242697,2.7950277038018596,0.8032255067616615,238.20360126566757,0.6352177031437565,0.06811800584060604
85220,-6.470290277824228,-9.297052678637128,3.2212466504130335,1.1051225728577243,288.48421453170346,0.415568135448086,0.06812085030354623
85221,-7.384214373674852,-6.012449761393425,3.9237250662807,0.6015646118567869,124.84582597022059,0.5182568878950127,0.06812995348141745
85222,-5.054646822158123,-8.263029562881465,1.4073715428495022,1.1011677400917597,467.04629033658176,0.5723228755312624,0.0681381700413832
85223,-7.539290196554417,-8.049443574430413,3.9940306525277958,0.8823250590070201,468.46890081178907,0.8678354207465961,0.06815908191566276
85224,-3.47350916533396,-12.479866476491061,0.9857209200701235,1.2359837100183788,264.20123311218373,0.06387285944512922,0.06816122928818291
85225,-4.290065460383242,-7.999498989118003,3.3007539273936697,1.0820441463417863,278.5128211154181,1.3525795644286633,0.06816559407043203
85226,-8.267684938916673,-6.829891074235967,3.8260253914433653,1.0179331822643394,275.32093857083726,0.3530087342589887,0.06816880734137439
85227,-3.644881597029471,-8.964751259201009,0.3712959578664275,0.965318157907122,211.0464065129526,0.2795838829821049,0.06817717687440059
85228,-7.357021193594967,-5.124760724054836,2.0931006268221646,1.3655657951025022,468.081418958268,0.7202814952126131,0.06822316692015895
85229,-7.009526925841177,-7.56399079665604,0.9197579870844347,1.1428388565034244,297.53948233202294,0.8388213673754805,0.06823161054561813
85230,-4.068285316073386,-8.05057742947805,3.4781471708945246,0.5115557596156504,136.1471336722684,1.0256895950392249,0.06824777515391456
85231,-3.7670975324159963,-9.77420487746096,2.377617905392423,1.3694876069063313,324.7272797765605,1.6027509121356616,0.06825415505395994
85232,-6.814411832284518,-8.819496004955223,3.7203755239810277,0.6613340239072067,182.21629320014458,1.0343218131344258,0.06827809619376442
85233,-3.5378134521180638,-8.389425498711176,1.3062701000579409,2.680827779977401,470.16124371034624,1.2473375909766204,0.06828127287513548
85234,-6.757192083053207,-8.768020622293644,3.8119365940286447,1.6244068523150397,376.74678789443846,0.1708953317210664,0.06829537448339781
85235,-3.742919595366283,-9.39219311004712,0.13572455884275506,0.9499151193646221,467.4571396283929,0.4550706395997013,0.06829551644201602
85236,-6.478143424221645,-7.405049789931392,3.9916038302756696,1.1050682106183538,283.3974743650966,0.8287288077512409,0.06829592527588613
85237,-6.902799739886023,-11.355023848566809,0.3812335138705834,1.813441863916938,363.6537736562174,0.440340834974454,0.06830038083953155
85238,-5.334930358369353,-8.58568434734065,3.91367718306193,0.9000899519483139,191.54049019193647,1.170278607376197,0.06831596631538021
85239,-5.575656207358756,-8.822421490601617,0.3666825201837431,1.779664281637101,468.724453151814,0.43460812678041005,0.068318830902113
85240,-7.4260082181109075,-6.123035566301237,4.116958459502703,1.730433006995514,408.1146362770976,0.4434620997625993,0.0683359372886732
85241,-6.232314355801444,-8.336155961206732,4.3180579723710055,0.7110218665185342,468.0756418605345,0.4975563764915849,0.06837353706743447
85242,-7.545866919621813,-8.06386692964763,0.42768217813107073,0.9238019859208451,469.57460649711936,0.05516450334690237,0.0683760198270473
85243,-3.0583677539050864,-10.045425759304818,1.8592297429721494,1.5733147057885848,361.77201383913734,0.1042903660616199,0.06837609704602578
85244,-7.671459096637143,-5.163054284502922,0.41963993327569044,1.910587251512935,462.2051351110654,0.6026505449120316,0.06838392094161591
85245,-3.08963845836141,-8.102536145410005,2.5652448020635403,1.889796374511627,455.0154361007989,0.6327902952659707,0.06840004771184037
85246,-8.120091281183203,-7.902868199740073,3.1205437318514044,0.904706181285184,468.4669254037953,0.3525992638526141,0.06840563742999793
85247,-5.434788617533716,-8.879111599785823,3.656132057997284,0.8522746736744361,467.65795914747116,0.45014901809828434,0.06842606410145556
85248,-2.5108281907673726,-9.523237059745284,0.9964668280157846,0.7824581960731825,224.9163211047626,0.7992520560086547,0.06843210460672686
85249,-3.8246705867948947,-9.77448112902048,2.376200195665238,1.8343525556521485,438.857231137508,0.23836435223855545,0.06843297910555941
85250,-7.276430863996499,-10.298082991017697,1.0898893315258928,2.2633086727422977,427.560606057254,1.1550241737398421,0.0684374741219295
85251,-3.8938196370755858,-8.048830634729342,2.477221852476729,1.2061554207944125,468.2382815175439,0.5917619504961129,0.06843932738277267
85252,-6.003718097547253,-10.643755127283821,1.3483319874347108,0.8761410174647919,468.5153432930517,0.8364448009173033,0.06844586152225421
85253,-2.986387640309742,-9.761941729756197,2.6033492552417727,0.49332407808831885,110.07916263685114,0.4106231265277467,0.06845322422873212
85254,-3.623938500630901,-11.569322778178103,1.1069007556140604,2.397046829395325,445.2346100041098,1.6292516610329733,0.0684632143685808
85255,-5.416446964139886,-8.171681320111212,4.091875944934712,0.7719600081269368,319.6529707534733,0.43659777026058944,0.06846459283778203
85256,-6.753911846689099,-12.683092101415635,0.502612179277911,1.1196197754405364,273.8961593739879,1.3810286314956421,0.06846594674249921
85257,-7.3617242049985,-5.090878253842887,2.076729638600627,1.4489014421473576,332.0338183749297,0.5000139110515143,0.06847307531808833
85258,-6.761391432373349,-12.589666412034886,0.3971420600365785,0.9333520497183534,186.69596345249045,0.723969647901824,0.06847374154092073
85259,-4.230610815054434,-8.464718826908989,1.0235237336710907,1.2740924240827616,316.9177514180722,0.4597272705436337,0.06847404201355362
85260,-4.550130921473321,-9.84477099675904,2.2846837814923395,3.0804817145759453,501.07574648793525,0.9464125418416165,0.06848204986471186
85261,-2.436671410106812,-12.828419631125767,1.8514171110626318,1.8277197172158164,182.51544052036547,0.4332788857033423,0.06849159943414924
85262,-3.719751448787364,-9.03588695062167,3.3197082622820653,3.188941947018274,296.68637347652617,0.5112266864263804,0.06849885221250393
85263,-8.460229159054979,-5.0446964447366085,3.300309873204999,0.7515400074676079,151.0673087287049,0.1549139011899685,0.06850411666613068
85264,-3.0887583575954647,-10.074643455585273,1.8101928332055408,0.7579949387898267,225.0221805664,0.5227279267067102,0.06851690575824994
85265,-7.414829844608047,-5.474916675315443,1.0450206321167017,2.422608595768243,237.8941028036393,0.42765436571521853,0.06851898120360891
85266,-6.210359591574462,-12.646715093963733,0.8312508890180379,0.9718783654103293,257.70762551222066,0.8659315517521735,0.06852065068903368
85267,-6.406995939437129,-9.332053822637153,3.179644106805042,2.401372602823868,448.23040569542746,2.2773981185525622,0.0685385435743698
85268,-6.694777433289492,-7.204197323425487,2.3846525782270365,0.7322532499498813,148.5959820607581,0.7906109382760578,0.06855786317856348
85269,-6.046917576656174,-7.763256162211031,2.038240593194672,3.191212462457506,503.07568718575754,0.5690755141131474,0.0685678420141245
85270,-5.1522955236878225,-7.9511912509645315,3.686454490862605,1.915393456728668,396.29013522610336,0.6670823013563458,0.06857318448510857
85271,-8.214107351822953,-5.6350004112448495,3.850321131938966,1.646338706392114,225.7329314720068,0.08081421485702389,0.06857361395458485
85272,-5.481779440365626,-12.628614295460784,0.9370813421028688,0.9577719926702308,199.5044727802163,0.1026624275801078,0.06857914070738949
85273,-6.593153930998861,-10.03399835367382,2.0057977672859177,1.3122619100299202,320.26368249245843,0.8590112264545064,0.06857956181216747
85274,-5.196932428716016,-12.93726614887963,0.060287709822395195,1.9005966063776367,463.6090498349505,0.6254498202987255,0.06858270201183067
85275,-3.200895856819109,-8.536184702562934,3.752978109176619,0.7057991139561024,158.7669153077088,0.8233054863660163,0.06858334146808151
85276,-7.404827326101963,-5.025907078991346,3.0951220143955296,1.6384288971868464,380.381632048434,0.15594928993761492,0.06859106783751429
85277,-4.704631347579687,-12.082910930163786,1.0196001326149113,1.5540678606890048,357.7371765797894,0.0037067011084293,0.06859422382446187
85278,-8.774383474545475,-5.759860590274548,2.064210919417012,1.2644560872143151,267.7444961707816,0.4539833488287117,0.06859980810478028
85279,-2.502942186403901,-11.298659638760258,2.088698182533075,0.7848746619290288,158.44639934289768,0.19318302085079786,0.06861757592961418
85280,-3.1846818015875122,-8.948095448280178,3.437742072383098,2.1442700733299906,339.375234822694,0.0882291448828445,0.06864791120158402
85281,-5.820117585738313,-8.474627596137324,0.6692451856944958,1.0087165171716446,146.61029606175458,0.39527043262057937,0.06864828995897347
85282,-4.255998615657946,-12.902581498344292,0.02678113387139642,0.8525630577133412,198.8647330124252,0.49177640547153434,0.06865571151278312
85283,-4.325292520542012,-12.062777029240534,1.0254491147827358,1.5202210848712299,468.3913347895986,0.2783938446495533,0.06867376946980637
85284,-2.495902819858288,-12.226609763253585,0.4031213442996848,1.2106377567569468,280.25392841528287,0.3919729016442366,0.06867511981785768
85285,-7.0361652608276115,-6.980954868225385,1.6785074037949463,1.3183631624478769,317.61490404556343,1.671754431226252,0.06870437905155012
85286,-4.568410531352793,-12.56755761797932,0.9693409595430427,1.2189512746973907,218.3911566915856,0.439106016831353,0.06870696105794441
85287,-6.85475965816097,-9.533321432069503,2.7319910950478237,1.1611507206705947,297.41829171121174,0.7982046581703726,0.06872869817631233
85288,-8.340108302911585,-7.991605700288394,2.3123750866439288,1.7020326130236636,398.7463882891617,0.04284776253987577,0.06873864960181175
85289,-3.7185383243447045,-9.536681755605004,2.712377519177541,1.013330563620954,468.0159021970539,0.026458988494441726,0.06875110561174232
85290,-2.631855231049018,-8.834369846511928,1.0430683202022117,1.7598418311904152,468.72332964157084,0.8643549404464208,0.06876308590966129
85291,-5.638098395658564,-10.442807777411138,1.474866535291635,0.524274426923429,109.78635153747491,0.23210940026271132,0.06876397328710551
85292,-3.6153806695509516,-12.07706995105775,1.026348736159777,1.1175880940582599,467.98560637210034,0.36133918551645916,0.06876901144563832
85293,-7.851201159021608,-5.679422439374958,4.183843474895442,1.0796263878173133,213.98735707333614,0.3896498045816186,0.06878045902672848
85294,-7.2330113838506875,-10.297628035007293,1.1350592891037223,1.8958104949418193,468.2807013577784,0.5462076279968677,0.06878065943956294
85295,-4.5642298848474745,-8.08130238623925,3.694231085926499,1.6836910861623522,397.09323569191724,0.4604489612582716,0.0687807310059024
85296,-3.3691683946999893,-8.420875537175785,3.7633023193208412,3.8552372060309215,557.3044847194842,0.8121815727867956,0.06878214437686382
85297,-6.591877997607564,-11.069247323534404,1.075218178159444,1.2862591559021352,314.3665080723012,1.1145382649334206,0.06878696851078589
85298,-6.407712134250367,-11.208985358637978,1.0768716005590775,1.5481276090812177,350.67807363923055,0.28336565527584945,0.06878834708600325
85299,-3.7714447667370408,-12.4006060828239,0.9894741350282661,1.0064577449355159,264.56516251630677,0.3853478293993282,0.06879968692272895
85300,-7.561754665250978,-9.162682147172653,2.3061941173219083,1.617033038067684,375.4651185228288,0.5178762549263469,0.0688040215972962
85301,-6.208079386214562,-7.497534666586867,2.9755847213253785,1.1708075224074277,467.41530770285766,0.3889448710465393,0.06881493616194513
85302,-7.2776133889855394,-7.26204280203537,4.657180607670346,1.2197370554015101,233.7019967248675,0.11203825803130396,0.06882158435864834
85303,-5.833208196200696,-10.016212547770435,2.1003619040159958,1.1807116963795024,468.27117441143116,0.3041239720475719,0.06882431934022631
85304,-8.055475672878792,-6.918953153485258,4.164629075559294,1.942211521034673,398.5372100398739,2.0303064162016815,0.068825067243545
85305,-5.9623683645848615,-9.55910701714848,2.877549547297542,0.8730843874991049,198.5997330190303,0.19388720824983263,0.06887786217155117
85306,-5.787591511258674,-8.271124874948693,4.217278174464116,1.4905469592837748,340.18600156107493,1.4485104420318367,0.06887819018331849
85307,-2.6244974545946143,-10.231262368061882,2.693840354760959,5.0829393864178884,626.3756222630689,0.5770246044742855,0.06887988218027088
85308,-4.498376817826975,-11.170192784110428,1.1890228760348323,1.7067807023176933,468.3241450487042,0.3292402456253507,0.06888199859133758
85309,-3.2639330805411007,-10.172987409664769,0.018965756052672273,1.8342625204465495,386.12524239554176,2.0661082815335634,0.06888823974192358
85310,-3.9652708971791526,-10.725345019870206,1.3344403114817276,1.8902485061946082,385.47650253305557,0.8641871876290432,0.06889189424599397
85311,-6.00989913796295,-8.638866741315443,4.000583642983879,1.2646876264457345,285.8349251046009,0.11291150714274689,0.06891718944043933
85312,-5.152922720128648,-10.418724167447452,1.4930563266529355,1.6408166388439147,384.0923495747447,0.2624210093511694,0.0689289282891398
85313,-4.865894865843616,-9.718329676268961,2.5280936756094787,1.3259824441121582,305.29699981931356,0.42642544896814183,0.06893400837561756
85314,-2.9221817868513575,-9.126186458659875,3.439571715875996,0.9305683399358249,186.69903709020198,0.9954209369901239,0.06894003208978236
85315,-4.83087332414266,-8.00040192085741,3.5721276181148838,0.7225197535127362,146.01725157301044,0.8542767213294642,0.06894211504268802
85316,-6.894821800570269,-11.14955154814104,0.36170901068367567,0.8286845283449492,231.56512829317558,1.0970250706696012,0.06894346272558335
85317,-8.391977270435316,-6.529107968485884,3.6086702803008337,1.0486957046701813,468.1221653481134,0.8464742848511388,0.06894474257268697
85318,-7.031912694898808,-8.72493584931513,3.694257810233815,1.0292093392184816,281.498169847638,1.2512187549335732,0.06895417407400489
85319,-2.997193401593502,-9.591634388072169,2.8148032105921774,1.855946221578149,446.56833946273304,0.05745377216021108,0.06895623611466305
85320,-4.643450300572903,-9.322235683132748,3.0349969461764137,0.9844790537354392,468.11849142039443,0.65291167824084,0.06897364625398629
85321,-4.35835908934388,-12.779187695483035,0.02795987981939097,1.0468735392318038,181.9347341894894,0.44013036253965865,0.06898389176276308
85322,-5.605799388810188,-8.406748412382331,4.101291988492564,1.4662612445690075,327.5616516658722,0.06368436326598115,0.06899644588729267
85323,-4.812800030847567,-10.312721981310368,1.5582021697065522,0.5839319264917161,110.97548489176788,0.07817066815124907,0.0690026225368486
85324,-5.300006518159177,-8.068306461951433,3.9906052515082324,1.785342133075343,424.13863819485397,0.3152260208482227,0.06900417650609472
85325,-2.8215889562833496,-9.480698616244272,3.1698345135298736,0.6393160645916506,130.08206376691058,0.18146226945484223,0.06901250506826082
85326,-8.138007022943842,-5.043549140635462,3.8487130908320304,1.3085983423432803,278.00872100206493,0.5757912057112256,0.0690181876561446
85327,-7.540648973650927,-6.794274622514816,0.5178235743540837,1.038029821273275,468.05447697631246,0.8211770178471065,0.06902116025370095
85328,-6.299454432781543,-8.009776544474054,1.1398277000713533,1.0490223320137226,278.1537699576499,1.4038338386080396,0.06902328306382843
85329,-3.0069145972682456,-8.364719953092113,3.6573793469249014,3.9967293557077035,467.93111518500706,0.09673156234645042,0.0690247293102016
85330,-7.149744000830868,-9.553068844191895,2.3933959131758953,1.844689585820128,468.4074977704405,0.5393006343206439,0.06904766115513107
85331,-6.656580286304801,-10.053401499199667,1.8648675170545987,0.6411880566057937,143.40907821351382,1.1216371333085418,0.06906075724816418
85332,-6.936760358266257,-6.982143264619401,2.0059730152079562,1.620067710470258,376.93295965403036,0.2547425371851073,0.06907596392538531
85333,-3.9761117468772227,-9.250271111015097,3.0714267983081434,1.8767825259539805,467.7579167606838,0.21560428388280872,0.06907627799019349
85334,-5.371469497879785,-9.119631457023536,3.354528177624895,1.5715769291407475,352.7976709598648,1.9072296110012497,0.0691032649557525
85335,-4.656431771691026,-7.986384857040419,3.432486655773664,0.906480870497042,469.66770212351213,0.09331038719369733,0.06910445950244662
85336,-5.660608664862682,-7.940588962126114,4.053940300596836,0.7034204464089265,269.2249866662622,0.36515168009355836,0.06910753361062474
85337,-3.725450193225809,-8.301062176360652,1.5566932184566702,1.6934354634577145,233.7043243410227,0.10643645627494802,0.06911050066686561
85338,-4.837452101425513,-7.942187887271806,3.3309522024749154,2.1334699040666583,418.12989212411964,1.685077283842264,0.0691473567459702
85339,-7.104712879225071,-6.973070455956864,4.382418779230863,1.8598168681505574,468.19267777592665,0.8193900461108123,0.06915107096880535
85340,-2.5144778686213023,-10.59975559850782,0.4745567304049399,2.868396264426165,475.4833164218733,0.6119269647872176,0.06915447605187701
85341,-4.733117951650026,-9.87932121123175,2.212635791813645,1.0489945258375766,468.75563437647145,0.8028958597574567,0.06915518191790156
85342,-6.3460250064667,-9.757770860206378,2.598242520237739,0.6611380499006624,124.21468655526509,0.08741546962542479,0.06915584417775497
85343,-8.269905885592747,-7.907466677735976,2.6979216281594502,0.7313215310385989,151.83533695041714,0.10883051725855619,0.06915706764946662
85344,-4.902968452060824,-7.942751532333147,3.396652278373367,1.4061724299955485,331.88011904185817,0.40261702072825845,0.06916762648727318
85345,-4.244489833768247,-9.840469529233403,2.2484369560363344,1.5599502583729459,320.35470490207393,0.4204487034992175,0.06917892521454902
85346,-8.768696315099012,-6.871461387637093,1.1669216994450522,1.024572834171303,192.51610108721772,0.3331170492424862,0.06918930837537637
85347,-7.265586922806316,-6.201153635458775,3.7007006335948494,0.8381558056252082,468.15688538819956,0.18591505222128468,0.06919271097292184
85348,-5.545027734416772,-10.096164105346727,1.8275435541080547,1.894331059379038,469.46635758705025,0.06141996654482096,0.0691978031091067
85349,-8.216065032770599,-7.819181840430343,2.9962053617271973,1.2871497119838422,274.3672684274579,0.38030072745260046,0.06920196704660321
85350,-3.2771650038216613,-12.951784894003202,0.022184151141778106,1.3048655824136592,253.3244246686074,0.1618263493127463,0.06920532777926774
85351,-6.337311634985506,-12.856607296461124,0.2176733747602633,1.612337629825852,468.82839176670484,0.3920285947384974,0.06921421165878242
85352,-4.139849776594523,-10.005178312102242,1.8815257820252254,0.8998820110720326,173.23408596403556,0.22803809502201133,0.0692531838067696
85353,-5.666475808473534,-9.44974170445326,0.09972611840604612,1.0420061255201227,223.10045957943078,0.9692821674975374,0.06925475732968894
85354,-6.947216083996918,-7.211079577715076,1.5652880189721057,0.8640632118532304,230.76328504570964,0.3050844541181936,0.06925549661461171
85355,-7.084656399147114,-8.342993735123729,0.3836432854225773,0.7624295084323486,204.53208149229755,1.3869660487197555,0.06925770477222117
85356,-5.950652926327024,-8.766360999981181,3.856836378910528,2.3315539568187975,441.0502033604211,2.1189489742409107,0.06926261944500603
85357,-8.802631331775,-6.3479435890801295,1.2199363898362279,0.8709282744212777,231.30014484741636,0.640168103842826,0.06926497099536096
85358,-2.4187542598769376,-12.861833343130632,1.7979692428841465,1.0718535258915376,281.961501284095,0.8766375216482984,0.06929514610828642
85359,-4.996386847440817,-8.006620351147836,2.1792530077357415,0.9280436485595698,468.12568364656823,0.4653694218308866,0.06929861461401927
85360,-2.865828691093391,-9.239982501710049,3.3918044392385274,1.6762295461244492,467.88210692309764,0.602233009461707,0.06930357389212924
85361,-6.985002733740192,-6.779982104426473,3.721114703557304,0.8639680335329942,467.452180673638,0.40238881368755575,0.06930520554023359
85362,-5.838842708566141,-8.390600151786462,4.172021181239569,1.6105594237456702,375.58190084164283,0.010312423245417257,0.06930904105343685
85363,-5.394179973529142,-10.054632233838912,1.89481748606771,2.8385417244871576,481.2554404499845,0.941690464771761,0.06931451187203519
85364,-6.060013215052881,-9.285089012682821,3.2413121626773327,1.4490463809588483,343.6141869596298,0.35964489314801984,0.0693184013961378
85365,-4.668637556903519,-8.038888448335738,3.628077227656704,1.853915836252779,443.92611913055407,0.31546072645548495,0.06933491423561708
85366,-2.8341479720814577,-8.99980753930885,3.594440986015767,2.1875989066263464,425.47054900623147,1.8521613714152236,0.06934194987355978
85367,-5.241061744021716,-10.012813730904266,1.9747084990630863,1.8636982578344452,388.5693890381284,0.6903831711508612,0.06934551773538723
85368,-6.089821919731517,-10.093097804567279,0.08674277045610478,1.839103855923232,454.5844895275928,0.5713776560731265,0.06935792413100955
85369,-4.22958231504375,-12.238128815433598,1.0031791400844885,1.07216418871694,283.08307827561515,1.331821007450638,0.06935807708213036
85370,-6.867726143917686,-6.997168828956234,3.8579888857452165,0.9986564904918618,250.27524629433339,0.855081800784772,0.06938131572723262
85371,-5.934962626071786,-9.387375540571455,0.1105801310058728,1.0973540653653167,181.07018141440972,0.15639174861213423,0.06938205176758858
85372,-6.612985213988689,-12.648468532467312,0.6308143994644388,1.3053039716757469,321.5922899995098,0.3539240883242778,0.06939229236405359
85373,-3.685091959264895,-8.096408050588964,2.2048728470231147,0.9731660020109769,271.63411588164644,1.8689033081074307,0.06939279538850307
85374,-7.915984661085334,-7.9786458739699455,3.4555570681658443,1.3373478549447693,324.2324622120475,0.4551634480155089,0.06939392130299156
85375,-4.425475434996963,-9.997283882274667,1.9198342837445226,1.8310044385237019,467.5704041200838,0.4898399277724339,0.0693965576132654
85376,-5.760825381807794,-8.854814302643767,3.7267809590412897,1.1154159759007702,292.6942761663375,1.286702816640445,0.06940576143543604
85377,-2.7777251551608453,-9.455797575513122,3.2765444617034154,0.5336256141871589,153.26842563293934,0.29023097346902293,0.06943273935682842
85378,-8.718074528061763,-7.313217571348492,1.2452112016641115,1.1451826472168354,196.29897255086735,0.12274215691430701,0.06946244342218945
85379,-6.238350577246374,-7.5029548951409195,2.7881796791995797,1.0641918958628673,467.7626047775084,0.8842674382591422,0.06946951756193884
85380,-6.525615427909869,-10.645444420270843,0.18042229027156123,1.0289311630882467,201.09306162805328,0.04722530049905771,0.06947430830728689
85381,-6.612806754213111,-7.187454331602076,3.063268951665117,1.5487341102695211,354.9603986154934,0.07199573451365815,0.0694841461310449
85382,-7.96004777748236,-5.9986173982835735,4.219928485520903,1.866230958788818,447.6827366557507,0.1182353767360329,0.06949918534952435
85383,-4.164807477890962,-8.01493552897916,2.7557138991102086,1.8320649482110116,469.05699352664476,0.1058586516329818,0.06950416517669455
85384,-4.773388221668893,-10.870247536402553,1.2768303870509874,1.0659455890190976,199.07292552252682,0.05012615290553857,0.06950915340020512
85385,-5.196835018889019,-9.869586485276965,2.312888504901025,0.6961354588951932,139.6985596177021,0.8452513735192264,0.0695201164622206
85386,-7.509755592905668,-6.19261031282854,4.273172849963154,1.7999570432923964,369.05307023059765,0.6774297454748863,0.0695204552770033
85387,-2.6919149160386127,-9.51430490082923,3.2161936258416635,1.6388736296173914,467.8666644735027,0.7015551138508203,0.06953153500511389
85388,-7.135034454700862,-6.498094248161261,2.0631998563018574,1.6250835210087593,376.8419952111015,0.20747968305494435,0.06953271822302144
85389,-3.638847392973842,-8.362373529351952,3.760834821343526,0.8841329704626657,176.4439104507743,0.7538635788607575,0.06953930189146747
85390,-8.811459739224048,-5.895761105726732,1.4619256204080653,0.8522930364554173,227.2028410641476,1.1689264955185692,0.06954222876645519
85391,-3.8185879353654,-12.828294924645652,0.023520867071513973,1.0515806904287943,283.0352519113475,1.234402160665712,0.06956465575704514
85392,-6.671053208037685,-9.562457688860926,2.786493143122748,1.0866334247737783,283.1043093603075,1.3425901829155515,0.06956685926070631
85393,-5.874272891027359,-7.6792632475443465,2.828356423211575,0.9124945893079239,468.91495153394027,0.04447183295580004,0.06958027677247311
85394,-3.674016344136305,-10.21038406859972,1.6224238580091093,1.364113231874388,467.81603025660263,0.022584708074623094,0.06958528914276048
85395,-4.614157104769604,-8.869178812263154,0.4288069850654239,2.822942478860653,480.1871702881036,1.025153196074033,0.0695976888358217
85396,-6.857247776659614,-11.814066880137215,0.5532235765710394,1.8230828370139232,468.2252760159388,0.220743606026085,0.06961356555351991
85397,-4.676498991819578,-8.365387978763685,1.2471739065764222,1.3685815166044133,301.72320178201045,0.8626518371558269,0.069648712201156
85398,-3.2540240621990444,-8.459741981290506,3.7395175685204514,0.5394568788811773,117.42439838412211,1.0601120850003793,0.06964903437408668
85399,-3.0258032974691407,-9.848802292608063,2.3435501036976034,2.114703440595112,410.8030243780107,0.6079363308258143,0.0696609894699831
85400,-7.730563527995033,-6.447402486544338,0.37759175425088126,1.722813284278215,406.0982036473801,0.08734564006856438,0.06966461095742085
85401,-5.777852425275165,-8.577330425768192,4.006943637183958,1.1904242998994647,258.6364066269915,0.3897673562041506,0.06966876761671986
85402,-3.505643732176239,-10.60166881884436,1.3855183008692145,1.13909514727684,238.6501203219771,0.21576250920076845,0.06967903053854962
85403,-5.9735448829106605,-11.924327123380221,0.9692260165319044,0.8979006993302294,468.4848388393902,0.9045646276072938,0.06968482576024325
85404,-8.717396860079669,-5.393492303297729,2.483129478578617,1.158040441134955,229.8917251479124,0.012537649731293676,0.06968895445998124
85405,-4.124817249450441,-9.528718546020432,2.719024590648033,0.9378312454578864,244.35993899627033,1.2834671529451045,0.069691401550112
85406,-3.7186294153295414,-8.065026138117627,3.366836717723034,1.3670010900098692,328.196182647965,1.6328182471896993,0.06970957570410846
85407,-5.994138960960376,-7.694168905688409,3.910715033338966,1.8361632994728136,468.35694512079095,0.8376044419450448,0.06971304026696216
85408,-7.869158277289033,-9.243061491511357,1.3027273245900621,0.7644313749827297,222.80808740868568,1.405465184194811,0.06971906857258815
85409,-2.7074042550043975,-9.06973254552904,3.375539957866773,3.7178214151023057,526.7128695773924,0.27120217289690096,0.06972838647669867
85410,-3.162010639663169,-9.813162835008498,0.06456226537019544,1.789767241803926,431.7914993147773,0.5880930956495174,0.06972968145083483
85411,-7.45657219691612,-5.829216818879375,3.903004149085097,1.7748284896131805,467.37674419505964,0.1637092476778239,0.0697303139414084
85412,-7.083919637876071,-8.15803433348259,0.4615457485474306,0.8240320790292578,469.03018231614595,0.18269243125686074,0.06973606309400956
85413,-2.511778250890412,-11.591308859410903,1.9441373127461599,1.6813696214636467,397.03857011787994,0.879545623098541,0.06973820905274884
85414,-6.944110757096187,-9.953779324101262,1.8119639024625125,0.8066395250307625,187.4508635535492,1.215287268169388,0.06975109319307632
85415,-7.521419634122851,-5.763667914203094,4.004277231722134,1.087405643562248,468.1605674710589,0.28866984790212413,0.06976545527089706
85416,-2.5977275703325553,-9.473473871543968,0.5275618065666764,3.2742044698655923,519.0002197113142,1.1191330476655006,0.06978103748458693
85417,-5.803704685547952,-7.758706474961771,3.802431703482733,9.053124724241929,639.0961249307064,0.0821711311683897,0.06979538590444404
85418,-3.6478339937935793,-9.488660855969066,0.10652779711915342,1.3194642617711458,317.18936334487273,0.20915164685114807,0.06979608243088492
85419,-2.8046189781476336,-9.624391119426058,3.039592827266751,6.39576015887984,664.9182911208317,0.26514785600696555,0.06980408008807965
85420,-4.915484380221025,-8.074090532242785,1.972835787124553,0.8677165902672077,251.14166576059245,1.4065214125993784,0.0698127504906876
85421,-4.982342755294006,-7.921024450243036,3.2555680897036834,1.1533700046795028,294.58491090661124,0.7036120368753629,0.06982040193551405
85422,-5.87637718401438,-7.670428313385269,3.4667843820685396,1.0949479182772985,464.90321839902504,0.42073983024403727,0.06984135715354929
85423,-3.438693880688705,-8.062047613533872,2.4743928476457326,1.726594887957626,368.4782008839142,1.2810817129664551,0.06984555809369553
85424,-2.7598791803911222,-8.573182889181716,1.3780036136546288,0.7363742905060386,152.21140768814942,0.2064989803928734,0.0698472218208002
85425,-2.5311285413180666,-11.235280259366169,2.0151597794582488,2.7204153938448523,462.91607172757745,0.2508465382401637,0.06985419126743239
85426,-5.774946366511731,-9.681875222317604,2.679387755459824,1.245330019084336,467.9511365969238,0.5929004390057484,0.0698599537834008
85427,-5.887838236846388,-8.285851649118403,4.236288296924535,1.85557680970604,445.6324974534983,0.27608840760302034,0.06989766921015254
85428,-7.347276937809414,-5.526736152864343,3.1288834794395015,1.1287243950972272,247.05483240092002,0.08621622407535767,0.06990059678972389
85429,-2.458689451954225,-12.666896243348164,1.8787357122573891,1.5247877482225305,349.5045131646096,0.29662262022615327,0.06990789722382564
85430,-6.9298942552616145,-7.38752297734983,4.55553411117684,0.7028335755024017,153.20636417436933,0.49218535658510465,0.0699160606521538
85431,-4.828426694098258,-12.031590277699449,1.0175034418451423,2.0771502997019518,403.8544886866926,0.4961079624782778,0.06992153967794716
85432,-4.167165718027025,-8.573803108601748,3.7362979070670965,1.8379159230311826,469.6724723839396,0.062283393456388225,0.06992450709741034
85433,-4.182928043071411,-10.028530061727919,1.8313409650050103,1.8263129925169244,436.56575013235783,0.041885652790168315,0.06992934706216583
85434,-5.9952582333195785,-8.681893387144118,3.9492195191635235,0.5215927183964386,115.71886638148058,0.9152546044872389,0.06993139470211307
85435,-2.5990912237356056,-10.296813150200224,2.545896002343262,1.5532168331682812,376.38136973765006,0.16384536080760093,0.06993654215908922
85436,-2.9900048645285064,-9.040845246480904,0.41886358279934266,1.5243481950285227,408.618522862456,0.6592898615219074,0.06994178193489875
85437,-5.267700572066096,-8.042102473928965,3.9236643193596037,1.7134132155047164,171.34698513492353,0.42163428930554847,0.0699454203714079
85438,-2.5351504356972665,-11.796479493761307,0.3078382212649842,2.0948050540598766,413.77057423137785,1.5161764050926898,0.06996417916578428
85439,-4.670559804914539,-9.543617329541243,2.7434651183113012,1.533580490840401,348.9169367482169,0.6763319747814149,0.06996882724830643
85440,-4.0893576752109055,-10.093360654358516,0.022269017531501588,0.49278003854082153,113.4500618503642,0.2527087122533338,0.06997618354520807
85441,-8.053853637871232,-6.133800927762727,4.156142135108458,1.6280526228147882,468.88638819767374,0.8659855570443051,0.06997747146978398
85442,-3.8333642684179985,-12.61421838605442,0.967638521465486,1.496017858176799,348.0619941303256,1.0474463791975817,0.06998675651934527
85443,-3.790699462361289,-8.095598269741256,2.2437393806499224,0.7830876137321483,166.97927395488375,0.9926312118084191,0.06999225918910182
85444,-4.373945122378084,-9.084053444153412,3.2858397137271496,3.549918361119847,538.7765617658869,1.0659064369466433,0.0700084133586189
85445,-7.338906834388796,-5.592343048363055,1.907170560149187,1.2172908304274583,262.7390696532145,0.13401687581133004,0.07001076226752855
85446,-7.248609927868972,-8.490338719464132,0.35240388332609035,1.7411599981422918,411.09716453961227,0.39648528179163645,0.0700118181917246
85447,-7.4023043068837815,-9.282614969070288,2.413649786518633,0.9464021977803707,256.88024687376105,1.6818652457412782,0.07003193070130942
85448,-6.538223662751685,-12.006534069367497,0.7878661148703185,0.844918393046048,183.18306793126746,1.125772709665104,0.07004638409023053
85449,-2.9549199370562693,-10.869342672921073,1.3156524752999743,1.673946607803004,392.803492038448,0.7212016672422825,0.07004817210469669
85450,-7.264267252362697,-6.1781600462580295,3.663247975478251,1.4774637702859845,336.25196046087336,1.2681700183797835,0.07004942015828766
85451,-5.133525135271389,-9.745617888566649,2.498615584664255,1.6071746907157718,342.50039068915095,0.2445545159131095,0.07005504973675727
85452,-3.96304563811068,-9.662412077060385,2.5313087482367758,1.2948999082837676,289.24456793917165,0.8116673893580737,0.07005649270748979
85453,-4.440111437110037,-8.230092878049874,3.7923834414486883,0.7342832449422484,158.91027238473936,0.006713517170862993,0.07006215943807786
85454,-7.473127928638895,-8.508812412146494,3.4736692564274225,0.9818608253323247,267.27551629006746,1.5127677969354787,0.0700629127837256
85455,-8.719762372619206,-5.302848557420359,0.8161392980343486,1.8953933496122823,469.33919191956954,0.24182515019510742,0.07007436405338198
85456,-7.1084898837602655,-7.738744562950792,4.591325861082127,1.2744545921433925,173.47624835607294,0.15757413295302314,0.07008068446173768
85457,-7.932955385717709,-7.25772144281163,4.170483552160132,1.1717360952515514,154.78734955937784,0.2394747740984675,0.07009424970083222
85458,-8.39017171997267,-8.27354218307305,1.3596942616129897,1.0804655575883724,213.92788713659826,0.2250900913315732,0.07011832802580902
85459,-7.048769007363997,-10.965346719913605,0.42468359422461494,1.7330761732979998,407.9596231074288,0.15125412042220354,0.07012078152557602
85460,-4.679994931637709,-9.146856506786701,3.234850892349268,1.1024448332257537,468.0076383222488,0.3714289277054901,0.07012618887245124
85461,-5.451611037382496,-7.81637054804064,2.8730722527209225,0.732335327539369,468.44025013977335,0.32324037665930394,0.07012708614593106
85462,-5.615114141430475,-7.8022238642654775,2.590575835256359,0.8291596094352801,203.00905070174596,0.43470413485149795,0.0701322640904903
85463,-2.4449829438129687,-10.55515417907927,0.8180489610657031,0.7644930646184609,186.20135174632887,0.41955195004109935,0.07014807949768456
85464,-3.463471215814299,-8.466226042006582,3.7401049951730765,1.3937936773935804,468.1882253391485,0.23899625056498852,0.07015738732432947
85465,-4.851373803031977,-8.130823187251867,3.8230281459321525,1.9435209338586912,383.9329953050329,0.44899434108510494,0.0701589538146553
85466,-6.919341424392115,-6.799539195470479,3.1405677866774515,1.7160085694203078,468.00986690000065,0.3084303683735614,0.07016399404689871
85467,-2.854869080048977,-8.44993443764771,3.075296097779073,0.9163938910670195,467.4601970158243,0.43042365600685084,0.07016749476221015
85468,-4.41775836686229,-9.506297293948316,2.7702937108776053,2.0577390113249545,352.4625925350423,0.21177983706821824,0.07017855410651287
85469,-7.227280988422813,-8.74435460147108,0.32683134384039975,1.2515939028710807,467.75482894433145,0.3502730412867274,0.07018289416347967
85470,-5.522704992502417,-9.371214912135425,3.059048362048433,1.6766593433827441,468.68696027321386,0.8401476362637874,0.07018422825837171
85471,-6.972258807396721,-6.726576063658879,2.8005883925079846,1.103197232823293,149.31698250274727,0.39960278293174145,0.07019436810028612
85472,-7.293214726543682,-7.783262865160618,4.476148332278903,4.082700047602609,573.5011591129818,0.8994021587238406,0.07021568761267637
85473,-5.491560102630934,-9.442230945161782,2.961153463415963,1.55653105107216,349.1977154721091,1.7221604955002965,0.07023602411531728
85474,-4.747164001336172,-12.397182494903506,0.9736014375958907,1.5859578061293569,350.28092974261284,1.0550664784576886,0.07024126582704959
85475,-7.45264681026709,-5.225256850033774,0.8990377153095175,1.4726963748540958,330.89192293663734,0.10488933072495676,0.07025661884006024
85476,-8.148870481509315,-8.421858398667293,2.078081239186479,0.8063063513710628,162.87159003281474,1.0574448586061562,0.0702591708998646
85477,-4.300795394483461,-7.994896782480637,3.065257292634073,1.74064069689904,412.0035671361404,0.33588540761435937,0.0702607369723488
85478,-3.4692861525919856,-12.908612280692328,0.947168413156744,1.742167352159703,411.4676137989068,0.5433912038191728,0.07026210251388684
85479,-7.32870389208549,-6.361910117398506,1.0913093147212274,1.1981460867843674,235.68330260088769,0.015082292541114484,0.07026670768026576
85480,-3.723356153951894,-8.511223586673772,0.9679334019835246,1.0970314359602027,468.6069726037965,0.9047762365011316,0.07027346765244387
85481,-5.8927335880161955,-12.14602102402739,0.9377996172743065,1.1227009734398932,292.2622751018934,1.500049219016753,0.07027955116732487
85482,-5.220824539640886,-11.642953805784181,1.0661153450700758,0.9930646599257862,268.1266273368754,1.388107684883674,0.07028155459638583
85483,-5.53874942074501,-10.056397506480069,1.8846144653449348,1.3770374139488368,319.3794875981761,0.422835082873644,0.07029673633120447
85484,-7.438201052397102,-5.171647150494029,0.9667813869909968,1.207827736911981,304.8807363242655,0.4988772198851654,0.07031163084112103
85485,-5.088146885323728,-9.854015110453853,2.296369694016663,1.201119113914666,305.1250988103382,0.4167334289832487,0.07031213120754552
85486,-7.732632242961044,-6.557792845580046,4.489656824919286,2.7477282886758383,473.2325670271003,1.027099674055556,0.0703137703870693
85487,-4.0961953007415355,-12.780880984241202,0.953581542952283,1.0589741165773927,280.1450538913185,0.9250257946298168,0.07032007455527507
85488,-4.624535420847201,-10.172916676017188,1.6648862277732641,1.1386273474365614,292.68146797062235,0.3495213867253604,0.07032663970257405
85489,-3.6006352677227946,-9.998679254067644,0.024973565876032434,1.4181473373749374,468.32242804385453,0.5068607184483245,0.0703315314159973
85490,-5.609769756245809,-9.882353633967773,2.336051550470067,9.597562499337712,733.0894240649112,0.20577488773840003,0.0703543050420585
85491,-5.713243163167368,-11.922271257657203,0.9928810694255593,0.8980359607000293,195.93160251186347,1.0529141128926582,0.07035918795373643
85492,-5.182890238873648,-8.304082297950835,3.987657471525072,1.0410051305761685,223.29993582704515,0.37077941619785015,0.0703668468437901
85493,-4.835663936474922,-9.241279674782763,3.127783891550138,1.8878015330779645,454.6696106919147,0.3598940065466909,0.07037107105119929
85494,-5.050732460968147,-9.18185076645178,3.2329598341627057,1.1751319908839797,468.65982885291027,0.567043382079448,0.0703713766591553
85495,-5.21904807448348,-8.777487398618259,3.701086171917097,0.6969912725972914,467.3963342390703,0.3768286327043242,0.07037835492494263
85496,-6.2622942281077005,-8.938398214425668,3.672738377163727,0.9160874988968986,467.9680666643629,0.6551355450059928,0.07038152250231813
85497,-7.231037518050303,-6.23674755541669,3.5506871969024583,2.9832394473190003,478.5213541893816,0.47548138362813575,0.0703902494482953
85498,-5.821655551374407,-9.778747471150213,2.535480121257565,1.0457681057039114,468.16109047137326,0.6720931186667398,0.07039437723092089
85499,-4.865131167130974,-8.347080502724442,3.909939358003511,1.7570901198514104,340.08673340610073,0.19126678759822102,0.07039463648432809
85500,-5.773589869748224,-7.949306244912715,4.1298574462296385,1.5259697796505225,352.76453281757836,0.6181070563848925,0.07042430012392441
85501,-5.601254202575904,-8.566470307007005,0.6311655421320237,2.202315414684337,408.7339240048668,0.6013342838595337,0.0704304694977484
85502,-7.732297146734075,-8.253427764310892,3.4052042764992936,2.5393543172922803,445.7872633138798,0.6251855454053716,0.07043739201852263
85503,-5.99398010242348,-12.468335366713639,0.882567736263932,1.7651041433634729,421.60720281334784,0.3766042867493242,0.07044208659517999
85504,-3.547508095682801,-10.155641103053261,1.6634162212293204,0.9581128531236963,242.83785040809738,0.20762200245284745,0.07045341933475326
85505,-4.328103470032659,-8.001849279195035,3.0785542031991913,2.563184102429166,463.52760543479974,2.2307974683411675,0.0704548493766206
85506,-8.531932882420337,-6.939070174745626,3.067095513493854,1.1917872586112854,302.63741055094306,1.1952273826514999,0.07045652446819609
85507,-4.88350410145001,-8.672716885916476,0.6227601936324706,1.725020652850491,407.060959804524,0.38273811681635195,0.07046492842110884
85508,-4.321867334780608,-8.51848876076479,3.76659782259585,1.1088921383121688,286.6739685707748,0.5589403671435056,0.07046901782227041
85509,-3.3471260887967027,-10.597857213174688,1.3826830794634004,1.2377198234039075,238.11352977439554,0.015759755624863203,0.07047226417380834
85510,-3.635931415596481,-8.443313326467077,1.1813308156070068,1.0251195542843023,279.67170132373485,1.1254596502943786,0.07048047134043449
85511,-4.587564701742528,-9.816059821784176,2.3011745084212905,0.8625269358728748,220.47731073651056,0.5602755439622786,0.07048636073894914
85512,-7.2702526897193245,-7.173651188492329,0.8166124099524443,0.9993947136000078,268.068357310539,1.5479877663166564,0.07050260495506572
85513,-6.6440284004654275,-9.825680217008088,2.4016081204712934,0.6555304702499258,134.01055347141477,0.7353552950382598,0.0705194506837107
85514,-6.088109041337233,-9.61617093726776,2.7889263877919803,0.8627717742399149,467.8893707649934,0.3188170441604843,0.0705194636734241
85515,-8.255431398238539,-7.764128230378587,2.9611735173692106,2.453547696321571,435.2261322226789,0.5640855483488894,0.07053046129246758
85516,-3.7867508233162708,-8.099590190592561,3.50459037275723,1.68557483784642,221.14108561475348,0.1203167102309246,0.0705365220433387
85517,-6.416167068769717,-10.558139786763393,1.338161413448457,1.4926906082544895,336.61089865733493,0.5202721634943339,0.07054272249054946
85518,-7.599463637181723,-9.331892738444086,1.8642281033778634,1.1535568225725976,254.7600485467616,0.03958364801667269,0.07054294658489825
85519,-3.3775044594403303,-8.306628920025712,1.5813282287932986,11.267214827768342,490.02663640630755,0.11220963274517715,0.0705649690807432
85520,-7.991996825646348,-5.9873409976354734,4.176462541885179,1.0831159379784365,278.39898245687124,1.0707536792775239,0.07058013186247912
85521,-4.929848569136893,-8.955491962953552,3.4643206177628283,2.0206621775778344,407.5251625175951,1.9542136496979738,0.07058633651411585
85522,-5.967060746522951,-8.057833994410242,4.309711164973327,1.4296433369153017,320.47614659761035,0.35511938348921923,0.07058884394339414
85523,-7.473622451814958,-6.60931055312999,4.482963065575278,0.6796176656838021,144.76997468649816,0.5734561395850193,0.07059834266157874
85524,-4.416343640926355,-12.471183103390338,0.028822757552556127,1.671340110539667,393.40624875446474,0.5114433333246788,0.07060650417231157
85525,-5.644320388975957,-8.943461489821537,3.596241680262607,1.2501251218019043,290.0487850457882,0.44017546586315515,0.0706129424037196
85526,-7.317028546109466,-5.729437414159064,3.150067449541243,1.2494591087738072,314.0664683112919,0.3814475268467703,0.07061976987407866
85527,-7.882817236798645,-7.218470850848885,4.259722302121055,0.5583139661701138,118.83842434480657,1.017853463875361,0.07063025939525479
85528,-5.504593086848437,-9.12292501687785,3.3582085870451617,1.7400802240151123,372.6045731439109,1.2827759310647338,0.07064916956123818
85529,-3.945176730873179,-8.14176550753915,3.6174534037992343,1.7591823803952895,467.8526095120668,0.4808800435820322,0.07065279868397967
85530,-6.614761539008388,-7.2550651571555065,3.764636597900524,0.5672906623964661,159.31388192272073,0.7131853761271856,0.07065772988063161
85531,-2.9730759508863223,-8.296183293289756,3.3344347724213037,1.7902414043528967,378.0921329116959,1.5634152386816353,0.07066175456483564
85532,-5.876788865255518,-10.043469306977714,1.9665215489953698,0.9073886958146034,232.61527487838913,1.3263441344800402,0.07067599439466692
85533,-2.8114433096441953,-8.82749383120876,3.5656949487217675,1.18332154027462,259.8897454483423,0.2596146559900374,0.07068202499663001
85534,-6.032353748888344,-9.915279731472818,2.336487182960189,0.8570885768565664,175.31205390898364,0.9380056973280402,0.07068971912748198
85535,-8.002944409593415,-6.98998424302802,4.19965446318238,1.5500001046851781,166.8512586695871,0.2760259467325401,0.07069427557031265
85536,-4.944001846017267,-9.401980511342678,2.936496834746015,2.537030619759868,458.4787947094133,1.580060971843479,0.07071413552380913
85537,-7.809282552300912,-6.663413234544101,4.458326678104314,2.112006473048169,334.86442720597336,0.08101122043057618,0.07071483588460102
85538,-2.585752969927534,-10.811922780367457,0.24148963088435357,2.011878785247982,406.2762132798847,1.9537977419235188,0.07072362937888266
85539,-7.288137042813737,-10.470381074919056,0.7423919176764902,0.5099570579500734,121.54601047598891,0.5933583252126002,0.07075405584818871
85540,-5.54546285679553,-10.894060125240758,1.2505306102389906,1.1858717260874203,289.23860238801956,0.48353147421206355,0.07076678518316334
85541,-6.612539126002806,-8.057248755337682,0.8133383016457424,0.8785160373258273,171.42933384554652,0.13564621976537072,0.07078038844314338
85542,-3.4967024461322165,-9.813361286020134,2.2309834446686727,1.0687967691564424,467.04080526063177,0.6249859341233686,0.07078310121981861
85543,-7.2112270763848185,-10.38270771016849,1.078166194287183,2.7707722571068776,476.8933244031935,0.32792632489042006,0.0707859850218379
85544,-6.872585466810579,-8.096836360807764,4.447734481749594,1.1200849954424803,201.6141424836555,0.09420448080904631,0.07079742675545193
85545,-7.624443539121272,-8.352074044814952,3.4497542435047865,0.9971030431264267,231.60709240489996,0.06715168688758322,0.07081703941639628
85546,-4.854117768374087,-8.379623710233282,1.1683666635044814,1.2065544608321164,261.1534350440285,0.06769517376542744,0.0708171822568795
85547,-3.4831688001870864,-8.038052874504842,3.0179101310452605,1.763587143686121,417.03374684079705,0.5759872631141452,0.0708253911650821
85548,-4.999595737502991,-9.556427374520922,2.7385398923126916,1.6922605635050472,397.95212983185655,0.28666972706055915,0.070834975358665
85549,-6.687195039993165,-9.143566863369815,0.18738036150028517,1.1653522537027,295.52727597365964,1.0614375649449173,0.07084483916453956
85550,-7.52370829567888,-9.93460357303132,1.0779301376858061,0.4755543333891217,112.64180394567919,0.03166345916878033,0.07085302538247054
85551,-7.97008085100013,-8.789783407110793,1.8930623795915258,1.8245364497281429,448.5774668888484,0.3322590109192083,0.0708734224125171
85552,-8.68072959007493,-7.061267323150216,2.3264053233609174,1.6080216550690611,468.137792291848,0.24740739430535275,0.0708779722886971
85553,-4.619776373004804,-8.50722918179476,3.794019672291861,0.9529187859059686,468.358509553356,0.8027686763998796,0.07092060069413701
85554,-4.797280673932157,-9.826952463435775,0.04674300895240351,2.034388469678156,209.9293468412366,0.2053334658809538,0.07093906781853782
85555,-5.316839869892483,-8.146008791772871,4.017119260824915,1.1832497429888311,207.27149606872499,0.1000510340807148,0.0709476603998512
85556,-6.9410640049612065,-7.820239482637623,0.7874090957334051,1.0861294725082193,468.02697611349237,0.8554426284775065,0.07096914952331314
85557,-3.28294022476448,-10.043428490981354,1.7850279340965083,1.5006211095500357,341.762201204428,1.4986074579877746,0.07096923474069507
85558,-7.230205802673748,-7.238818885607531,4.615895385417066,1.0651474267607686,223.55299344019687,0.8314661127238354,0.07102217574367503
85559,-2.625275567428634,-8.889362679985076,1.9216200338611875,1.5519521532549958,467.7299144379112,0.050846679927865956,0.07102521815707177
85560,-8.61608281143365,-5.120733022937772,2.848220523868748,1.4742690865456665,331.5794160937739,1.1722503685519285,0.07103175198836979
85561,-8.606344079233825,-6.772863010838909,2.886648156752911,0.8200952293669672,436.9841901581865,0.23576700863604305,0.0710355296422305
85562,-5.104837333473565,-12.730727632874803,0.934031965192888,1.6955601485180778,467.6983254005812,0.4556378180858438,0.07105521479933605
85563,-7.1251067635388505,-6.490538943567105,2.238247889020541,1.909899317832049,468.39190623120595,0.6215275603722326,0.07106070919374034
85564,-4.805046104991606,-9.870919505548438,2.20245536438911,0.9323998099624375,263.46177339688796,0.7714222874924292,0.07106112088882051
85565,-5.071624030978604,-8.164831013263345,1.6795647389996449,1.1157722110712454,291.37040580549876,1.0037310235241153,0.07107141080931398
85566,-8.297705103731765,-5.181719752074581,3.6024644947519984,1.846861753512902,442.7248595137331,0.14130538787223834,0.07108673622314951
85567,-2.5420297102200653,-11.007533794859842,2.086828151670886,1.0988150596175414,467.5525601365726,0.4139425218123245,0.07109576717498946
85568,-4.80642068542167,-8.711778989761811,0.5907803244631037,1.2166630617567804,306.47582543156375,0.697819518454124,0.07112146054064898
85569,-4.731913290482616,-8.707039794439163,3.6815466676287434,1.5938887714425987,366.6223023875979,0.8893424207904239,0.07112614726986506
85570,-5.9412554828642605,-8.84808948506451,3.7479762324070567,1.1326123249248234,292.5442255175471,1.06583694563012,0.07113147544694616
85571,-5.747565842848578,-8.574167092964924,3.991732990372296,2.452021108640043,451.5246027713116,1.790307286709945,0.0711359021297889
85572,-5.742087338443405,-9.93141568959372,2.2526837634023686,1.8131863346310688,468.5913421280674,0.8628701743285152,0.07114693893125247
85573,-5.487664788608446,-12.93876434929599,0.8987036384110916,1.5887738893610384,364.79828101052107,0.007152135515646307,0.07116465457437088
85574,-5.370357099023313,-10.650234580412514,0.04437162342908498,1.162055839846759,298.05242753316065,1.0581016493260744,0.07117270638794598
85575,-8.718946683158514,-5.548901138401716,2.466156882681058,1.87372429530732,468.22450792275237,0.4710475008287851,0.07117974916168819
85576,-5.938488058786189,-9.519919561143727,2.900724526834456,1.8296192492566914,436.62471277303683,0.3547616398240221,0.07118140801963542
85577,-7.421777612501096,-8.559804549482708,3.466878749083608,0.9981152729975752,274.5401535880159,1.3500945485445506,0.07118659114303973
85578,-5.821969301017262,-8.03519304587686,1.5813924205210184,0.9538373285512434,259.8278404263779,0.7606615018052931,0.0711976451285904
85579,-5.818558603300427,-9.766852813827043,0.07616105455333555,0.9651074407269636,193.52398339311335,0.9995112449830694,0.0712040604373982
85580,-5.268561640717956,-12.716258727849,0.927510902076889,0.9047265330293685,221.03386002139462,0.10259762912720838,0.07120605735299551
85581,-4.75624571290877,-11.327936174583876,1.1442563161448238,2.333143400331491,436.2116044735019,1.2885552402902531,0.07121122941923473
85582,-6.002749011526559,-8.460268837202724,4.144607969872719,0.9637646892816819,467.44055023499834,0.4550492533241277,0.07121400734350392
85583,-7.724861136604741,-9.56793260414146,1.1331321296090129,1.1679448893261306,467.06560141067723,0.12455511901141403,0.07124550994745915
85584,-2.377362328712973,-11.876739880076626,1.2472485086699014,1.5380770116056588,360.7219140397772,0.26363703753926515,0.07125993344568719
85585,-5.4875019781673835,-9.901667061153887,2.26382478093005,1.856842251222066,467.7597566906218,0.07097203717852274,0.07127514567316909
85586,-7.875609491976364,-5.2243757916979865,0.30693589622396117,0.9753853290450422,268.16629273550365,1.3082925699793329,0.07127769006243348
85587,-3.5462654977160613,-10.276303317987079,1.5632802815364302,0.7929577067732904,222.62870684873255,0.4433636970807511,0.07128463016024228
85588,-6.738676038931302,-7.227849331491288,4.0433490683479,0.8702262504092497,177.09029003641086,0.9476161499909521,0.0712989807776321
85589,-2.638635746610495,-12.411833251173341,1.2726701054988696,0.8161526100154319,169.71713392839737,0.9412582476157274,0.07129941013872666
85590,-2.862675270197215,-9.755402522226202,2.7718194219384653,0.7323001199758378,134.24896193622078,0.15194270563284373,0.07130920475899034
85591,-5.155235470366209,-9.232582857076618,0.18593985905880012,1.304105628218841,292.97781933997544,0.13707913582348397,0.07131103271563745
85592,-6.6148617369680345,-9.868030901985753,2.33026887427644,0.7658120653682344,182.91103708845014,0.3781118571841384,0.07131859206560756
85593,-4.066375927754238,-8.807210751678094,3.536007240446773,1.676334464907546,402.70175821817793,0.906803208216096,0.07133764554968354
85594,-7.376534559750949,-7.026113713305409,4.592279326737521,1.867974885127242,466.9820450082991,0.1671020878299938,0.07135052920688754
85595,-6.802809031942271,-12.224534318075497,0.48332907010680337,1.076584282373829,468.05846716136836,0.8602806843685356,0.0713948856674864
85596,-2.4791614286852557,-11.941992163742285,0.4748792119715452,1.6802686558194222,467.6225757718297,0.4843395093683549,0.07140231582377557
85597,-3.052836172126433,-11.026203447538984,1.2413847976235621,1.050501169790831,273.2615960088193,1.3679491292653472,0.0714082798601698
85598,-7.2392263038358955,-10.522643262817528,0.9118218739505795,1.5732647766419536,350.0764934906732,1.317251937562136,0.07141238785769685
85599,-7.2366836488846005,-8.621763689720478,3.61409628076731,0.9783694877356867,215.6612844730316,0.31574072893424976,0.07141289419894274
85600,-7.727038467565979,-7.1281987157684155,4.463152176803552,1.4572460486277246,325.6871815926411,0.6588296973105345,0.07143508979914534
85601,-8.633510727417551,-7.034523534076186,2.5891946828011076,0.7811050811919165,178.1283723541432,1.0138737168500418,0.07143676087487424
85602,-7.54176152761363,-5.491400526153589,3.8255682173536547,1.216320127615136,302.91238524318885,1.7787991570187263,0.07144115993687951
85603,-7.672949492795345,-8.923631631070787,0.5313601940903496,1.5989121214489996,204.62329274573594,0.12661096749584289,0.07145985920981689
85604,-5.277265158804372,-9.31238180268685,3.0802797477676513,1.302507492767729,467.87498868686936,0.47991279962446054,0.07146207191942373
85605,-3.3003914659303133,-8.28508606157779,1.65840561164464,0.9707152544860961,468.29457238668,0.8774908905241983,0.0714711245882518
85606,-6.921013874459154,-6.857934201555419,3.5449044398700296,1.4302788297588376,316.5883442751232,0.07612998568368745,0.07147324152577215
85607,-7.765424381237249,-6.346373418953787,4.408009844504768,6.857473662870618,704.1051827583078,0.4202924166206756,0.07147730598102559
85608,-8.135783124339952,-5.790185465395126,3.958059520506453,1.5118939723395213,341.2855426845802,0.34485043751364053,0.07147800558044261
85609,-4.996517652635687,-12.146602134608585,0.9911796553990259,3.189841960860293,513.0872442513645,1.206369897291311,0.0714832542750623
85610,-3.5543825537883684,-12.976146339745146,0.9360505929561951,0.8615063290604998,169.8821167136243,0.12139787635703225,0.07149725443883702
85611,-6.950499706279683,-6.842178948947384,3.6609847331570387,1.288867356918186,275.59815523749444,0.3264926427234984,0.07150533708187506
85612,-2.632328618444814,-9.779038071092028,2.997487818208712,1.2145537346917996,201.7926909689803,0.11864869470842532,0.07150995683505607
85613,-5.430411818518462,-8.365884706022804,4.037259262294567,0.8800972375099706,176.72317027832665,1.0369759627241733,0.07152040119410791
85614,-4.139785366250065,-11.808088144893354,1.047556303765869,1.0508044146114388,276.7788687391719,1.5174053366791824,0.07159450380845293
85615,-2.6879064633431664,-8.863730852119414,2.876898371616165,0.8408875715009213,195.661782446425,0.8801002141395093,0.0715986486640259
85616,-3.0778908367758104,-8.136451235814057,2.382977485714389,1.8175178731397477,467.9861785188867,0.3876992799836758,0.0716103069511736
85617,-5.0379827706619515,-10.600356015030362,1.379706511098204,0.9517593614470631,399.79676929581177,0.6396630697835484,0.07161650804534396
85618,-5.352166631760811,-11.703840398355487,1.043469043631953,1.8965097239595667,467.90702833253516,0.33739423643106914,0.0716201712596294
85619,-8.0937615796638,-8.774015687126049,1.472943859477847,1.7235456165367833,407.55618229055796,0.2521534144679638,0.07162391527995363
85620,-7.669029174873133,-5.537684957339586,4.049009980944399,1.0542692473792794,467.9989455873659,0.07861078192477855,0.07162475147247073
85621,-5.883470337155758,-9.095948097047597,3.439086811248549,0.8468627527622551,216.3141424681542,0.164948234815955,0.07164846560922583
85622,-7.190384491506846,-6.957344992322553,4.441442627026907,0.601737755473132,160.41020202934268,0.7129380811822452,0.07164855007620122
85623,-4.552775007904591,-8.404057834804286,1.1980480621764973,1.5990796050957097,347.9605786864551,0.8716420524014206,0.0716667514314837
85624,-4.6901797974214645,-10.562151425869978,1.4002177960941777,1.727549259651499,406.6522639250103,0.5969619134589257,0.07167298010827088
85625,-4.314489207059973,-8.441918788175236,1.1336300146790497,0.5651519836377905,166.3854827168461,0.8025609509483687,0.07167627114002907
85626,-6.84169106393217,-11.032693470735603,0.9610130827350224,1.0059039057063897,266.0030054813477,1.1681830234119408,0.0716913758958825
85627,-7.8793358663602975,-8.747025759473729,2.2491327493997453,1.0560790071189246,468.7652463124443,0.9061837253439942,0.07169175596734934
85628,-2.876704067769209,-9.795536786228542,2.6931614088118727,1.1097433854150058,466.1217410706736,0.7009813867356884,0.0717074746323095
85629,-6.916644373102109,-7.436970731507817,1.2859651595448651,4.876597867596852,430.8479057653221,0.04642643084197484,0.07172881342311313
85630,-2.565377563864467,-10.433511508695682,2.4024565537314944,1.6522303769583757,386.11339064613554,0.2922395450527304,0.071738469298537
85631,-4.421761053879055,-8.245812388671798,1.6526766420054568,1.3792787061584795,322.4129182606134,1.4338148301054394,0.07174478928911784
85632,-4.271030558248924,-8.347591482756282,1.406777951716698,1.0382602777264371,468.0251780759639,0.3970014552457135,0.07174496555189087
85633,-3.6981716159598435,-8.058400829875168,3.1995168006946066,1.1897287224541648,277.5138115957808,0.12679347864205326,0.07177289656825302
85634,-4.453796410811909,-8.110223077308557,3.6241855937347274,0.9874435956497128,468.3503569151748,0.517493012287825,0.07178159385808605
85635,-4.7120256908305835,-12.13912098857891,0.9981889652273274,1.10848217904543,222.59003486488518,0.02201821226778833,0.07178172255557697
85636,-4.099945569237712,-8.162948335714681,3.6494862557970986,1.1530934493128702,468.4687862315522,0.6807663975037075,0.07179087496639937
85637,-3.4010444261297925,-8.113205790048092,3.4667297899899285,0.943097495102309,188.99918467822786,1.064249206550243,0.0717985807073658
85638,-8.249627531725679,-8.261139416441608,0.7337236881240444,1.03990206850644,211.01923580412992,0.46724981922770326,0.07180238480744176
85639,-6.104585593057248,-11.056388899959606,1.1526198634174303,1.4249983834243762,468.70446939186695,0.5685089083752706,0.0718064481822852
85640,-6.19853865725825,-7.5128113312219895,3.307705630078741,0.8645349482744861,353.0411353549959,0.16343647940914874,0.07181847183439177
85641,-8.813864401179721,-5.679658227159816,1.270542650701126,1.0352320258579892,278.6717826360932,1.3447812118042703,0.07182482929061174
85642,-4.871052071468696,-8.034401482202783,3.614492248542316,1.0938839151985817,178.19536414031464,0.16770273636817556,0.0718485242999052
85643,-8.062244297023838,-8.975564333983105,1.0360602484350296,1.1721431819295682,301.1231919731887,0.8818127679001977,0.07186113028566747
85644,-6.5802307191816976,-9.030676597111428,0.1958562868612887,1.6277277271964092,379.9720933486009,0.3882136194767023,0.07186173048664077
85645,-7.402546859030331,-6.439634104519433,0.8386890531135157,1.699611678102031,468.16210160201695,0.1777739189130143,0.07186409697025292
85646,-7.045348853121421,-8.723413267960078,3.65980623659855,1.2101339050717614,466.882305743079,0.19544979560939257,0.07187120937068356
85647,-5.5877438418687495,-7.999291749544585,4.030500605764452,1.280680835979546,269.2091729743943,0.26573229569543155,0.07189190348042622
85648,-5.516604108464518,-8.449738798183027,0.8098931800535176,9.666281636391016,695.1857031730557,0.16873387432361486,0.07189572822114206
85649,-3.54613507029757,-12.289627898363339,0.9841639730936035,1.289737518826943,321.0164271851174,0.44422702985646545,0.07189608469121399
85650,-5.005084965442606,-7.964056308406447,2.480183810260038,0.6808040764801673,467.7247363964787,0.40198512161559474,0.07191206087250084
85651,-5.4437027828107025,-7.828871392859432,3.348150805955391,0.978235835557989,203.72484878706894,0.750213573929603,0.07191760095756841
85652,-6.271250038458893,-12.420901788233888,0.8117513645030435,1.7832659103858033,360.1080015694205,0.6732372653605623,0.0719186234889593
85653,-8.003986723152076,-5.422982711571663,0.31380376645869856,1.6782586139748874,395.47005328432016,0.3769862963224968,0.0719335921034008
85654,-4.751378098172333,-8.292470670363146,3.8665230420356584,1.4623793330959018,241.94376535376824,0.09246237999728013,0.07197384467338012
85655,-6.627171708145361,-7.791736985972754,4.551672141353828,1.2909380108834114,320.72130091617373,0.3784304655497719,0.07197747014995814
85656,-8.222322978323916,-8.523385147876187,1.5249109475847789,0.5998017532866846,188.6408689604546,0.9437811515115913,0.07197895231048793
85657,-2.6267795623084584,-10.159310427309537,2.7004455362326345,0.9299557779149056,182.24159082742875,0.6050780926455674,0.07198496465768668
85658,-5.058117029139733,-9.889300378812521,2.1784404873110863,2.086717589965236,411.4842718259437,1.4366582859389796,0.071985011286546
85659,-4.46219884181029,-12.791841307620588,0.9419186515310862,0.9866945089844777,356.01466656100234,0.05903825063607915,0.07199483960514738
85660,-7.377790037818323,-5.154603425911637,2.790038352723523,0.9124398143553475,239.6434023611472,0.40421005667421284,0.07200487196441827
85661,-8.776392566411305,-6.140977791572738,1.007768741482802,1.0589216860186375,276.87542908565894,0.3752546343769865,0.0720069759062763
85662,-3.0425625553216413,-9.877747460917261,2.178777943253361,0.8833389707876919,438.5435562927447,0.4378468413186525,0.07202699969646044
85663,-6.562259628750864,-11.738901611197527,0.2908885382378958,1.2327189652427686,188.4157796178259,0.3471304417770771,0.07203551069064151
85664,-7.305949551814299,-9.983740794541882,1.327365147918556,1.8458677048056709,467.46575231505665,0.06528961884850037,0.07204048020974892
85665,-4.256530772552677,-10.636586674887045,0.018771702329475174,1.7890922810506418,467.81561479715344,0.2793459756678036,0.07204063930317652
85666,-3.67133685580182,-8.948452502776657,0.40005641589838853,1.1406158281269174,296.7481255921264,1.7425051540080831,0.07205086954005924
85667,-6.321577831252231,-7.810244265559207,4.400790263637902,1.0076644850924552,264.806783642235,0.9299615776456962,0.07205964952553807
85668,-2.5248610205168625,-11.193224653962014,2.03743263441329,0.8648594024374358,468.5288843884477,0.32993780662308847,0.07207356002011517
85669,-6.560956689091759,-7.473888536684874,1.9937245596142668,2.5333811841144462,460.615326301408,2.1331971659110875,0.07208919354445577
85670,-3.4458729102100447,-11.656904999526127,0.018926694446936655,0.7501529444184964,147.62501408726175,0.18392985060590217,0.07208925080456471
85671,-7.064109899310084,-6.596212481039348,2.4515561787487155,1.3755684777775479,325.6906735219606,1.8082469842412046,0.07209193530704483
85672,-6.343586589663926,-12.92191858068403,0.7252816255834643,1.089823634291999,283.9917607952464,1.4848217209692782,0.07209244617669905
85673,-7.625339879578682,-9.84786896011322,0.878354468689904,1.3071098622392792,470.3466719069722,0.01819839856719252,0.0721002192359171
85674,-3.5690318481102867,-8.185206069711501,1.9094578710028847,1.4136844083278235,320.92424181476946,0.06740250071425447,0.07210631901489073
85675,-7.440259439992064,-5.66675746619015,0.8972351181752012,1.1743829792581075,243.7838279928816,0.19668180801798574,0.07210846872766444
85676,-4.250489798799482,-9.963920179984513,1.9285201321530951,1.8546752103356412,467.9381636930088,0.55468090146889,0.07211677183920469
85677,-6.279892207271481,-9.967279327816287,2.2094435958326453,1.0953070407218743,262.8629448496616,0.32936914261753447,0.07213589671710503
85678,-5.289419511990472,-10.15732587824665,0.03809139201676298,1.6655603191765194,356.00608843804764,0.5916021980588253,0.07216143007140588
85679,-7.03295384913173,-6.815099925984265,2.0384115558358666,1.6921367236337728,366.5643945490526,1.4801468858982894,0.07218036320185589
85680,-6.6196408124941755,-7.390592322873607,4.153776071389304,1.130312196246056,281.62655209125063,1.3090334955245009,0.07218956408439521
85681,-5.471669775752339,-10.27030922820444,1.5768846752271386,1.5124256599389503,468.35777999255845,0.5204655505067377,0.07219728439607874
85682,-6.612239138736067,-9.027450215962574,3.501585792382669,1.028156651017343,273.83509828801607,1.082449037306655,0.07219977057213078
85683,-8.337771884068587,-7.484253036732343,0.5844859695702215,0.5497524897518682,116.85305884661622,0.9373727764962672,0.07220330752194709
85684,-6.25323164438385,-10.098528671709436,1.798253268146871,1.690637294011746,394.27823097414364,0.028719624689443002,0.07220844457257321
85685,-6.0371014202776205,-7.827353113906942,4.1798521190166715,3.148839833654559,509.76265477921044,1.204299547089943,0.07222670842831105
85686,-6.70776076532646,-7.334425480998072,4.20772079569755,1.8302003203392305,467.5732623821732,0.10097083050550104,0.07222710447594508
85687,-6.388719118826792,-12.977326570853771,0.2566407094817755,4.985540467628953,620.6453763829317,0.5506261949383218,0.07223303029911125
85688,-4.8777255999966425,-12.757297636890156,0.9338576200497142,1.0857970103894063,280.80251225501905,1.756304185149557,0.07224859552798292
85689,-7.900647267109248,-9.20845013500136,1.2509239566739911,1.145974226615524,466.7620014788379,0.295178133044085,0.07225357724447883
85690,-7.1265620781535155,-7.084378198174192,1.2251808942598217,1.4905397491280863,340.78673306362924,0.650898223517224,0.0722633654359828
85691,-8.517189164114367,-5.707542745544079,3.188187125404921,1.2886366333384867,310.58286009901,0.41501476697398676,0.07228186143170391
85692,-6.889022665779214,-11.191685350746255,0.813717555324991,1.8589182565709788,467.271785611532,0.5252014392541131,0.07229174045151449
85693,-7.383880410323008,-5.550044760381454,1.6505310640706972,1.3343607113990936,321.31189238713483,0.5805720670048347,0.07230236591002374
85694,-4.12092148537489,-9.351076466004324,2.9246911658704597,0.7766446362981737,187.22226888283376,0.5100882821993791,0.07231390122740132
85695,-2.6274348432702066,-9.067210172500317,0.7149108223642096,0.982173728629614,192.49424404222094,0.07757848046253013,0.0723393645050316
85696,-2.6197164852405557,-10.543732285430192,0.18521098751064635,8.419672566166183,689.669475446868,0.17710520912149974,0.0723537772085182
85697,-8.634702546192269,-7.429421252279936,1.9365028747128321,1.3060454331030362,320.3316325150914,0.34658608732320495,0.07236738153974424
85698,-5.793412933056988,-9.534708181050098,2.8488174591600965,2.0891546708166806,265.39397889010417,0.06208977626423895,0.07236818158911376
85699,-7.468686656697798,-6.243873592785208,4.212529900229587,1.8205760143020266,434.48451440036166,0.26265980699977565,0.07237726086073137
85700,-3.3115243844442324,-12.288915807821253,0.9876942965282973,0.8465322777559665,195.6258917417044,0.5233425624237098,0.0723889932898597
85701,-3.7755775551875717,-9.44281049378126,2.786199807331948,1.4082938063178703,321.1112849405797,0.30074294118243206,0.07239176295442745
85702,-2.902841825666087,-9.25958854432773,3.2954812339100426,1.9156026101400667,353.8938469082295,0.14384006635646607,0.07239965704282972
85703,-3.012082850336851,-11.063374619029526,1.2323140413190028,1.7668467236912433,421.05680806424937,0.7837587372758579,0.0724030899885139
85704,-2.611334231102224,-11.751334645102819,1.4703578273140294,1.1526766279719778,468.1108476252769,0.15991243005234868,0.0724054258311178
85705,-5.334425684251117,-9.962951116217242,0.04657592401631489,2.8680937902049113,487.1405950959664,1.2868659850535122,0.07241612588913403
85706,-7.627962397984277,-7.653918155121513,4.250905003510149,0.968797687184036,264.2703725974854,1.551985637833349,0.07243559061425739
85707,-6.313703928516613,-12.907338934753632,0.735914984879578,1.0254841925791371,271.5179999340749,1.163144563826651,0.07244708905272486
85708,-6.252374514565485,-7.4892582025383065,3.0388118381546065,2.000747028468687,392.3731701391352,0.36139863694513163,0.0724526116490783
85709,-5.238352760342224,-8.076702996346178,3.881042522143151,0.9844272649808229,257.8038894133797,1.0689183594393619,0.07245677199094215
85710,-4.235170134378464,-9.60413417261474,2.596812226896234,0.7760213478611797,189.44150095153503,0.6236269900664215,0.07245796344932079
85711,-7.901803583772565,-6.789873267744453,4.3554524053894355,2.124076539524334,389.443717593004,0.423042786164733,0.07245980001751633
85712,-6.526711776142264,-7.285933919435699,3.128360257308092,1.9662446467208516,387.79741207557106,0.5845752975866061,0.07246472522890893
85713,-2.714181192803121,-9.395220333112047,0.2982594372623596,2.158224288133643,291.7342351013452,0.001511900947361866,0.07246739613733752
85714,-8.740945358901245,-7.141378011641484,1.310204382772289,0.9393710215334121,262.9836046892989,0.6530123805552126,0.07246855413443679
85715,-5.429415388083838,-8.21576172048156,4.052475475654632,1.6839834473019861,397.0026649932584,0.8210684612195154,0.07247611139462316
85716,-7.597064143325795,-6.490876567737075,4.453536649957406,1.8271938089846207,467.59496657216226,0.4736855983408992,0.07247843502254274
85717,-6.573522939349956,-11.889603769935972,0.7674401477205585,1.0240720698808474,267.8558465712576,1.5317735424550483,0.07248253011044044
85718,-7.889911359753722,-6.481448818009134,4.357965789584544,1.1142959088474567,229.90448971489562,0.8336718554617937,0.07248264763654837
85719,-5.200651906653402,-12.396507850230883,0.9519711284426915,1.1271281166914398,290.5870005147636,1.0772914935708968,0.07248453534537001
85720,-5.823346612710139,-10.114356042916047,1.7598373082462337,1.4718151063959648,347.7936719002035,0.34934037162510023,0.07248512789107517
85721,-8.14605359107939,-8.535910113479414,0.7376723656021799,1.061937250798249,467.8382579366465,0.7857873751393418,0.0724858285782663
85722,-4.6656598596933785,-9.02192090310211,3.3477935648209316,1.17621868391228,466.22047746177753,0.17340319092643774,0.0724962019546787
85723,-5.194327958698287,-12.67235667852368,0.9278634423915113,1.7003242958863265,401.460348955781,0.26937265700606705,0.07251958027115875
85724,-2.5623051811078446,-11.94129537937252,1.6537791375624753,3.787978540351857,552.4564100331046,0.798335945505749,0.07252238519972524
85725,-6.834188986160941,-11.794415495329464,0.5577992947058286,1.320767038892045,468.6896633713812,0.255228195308991,0.07253573802074396
85726,-6.386033958088956,-7.620569011940955,4.247243629834516,0.9428813781493108,261.8145031276944,1.3781225601664309,0.07254147324688422
85727,-7.5009780009599165,-6.489429742034162,4.408686350828493,1.5678382719354358,161.08101052093213,0.3473777618958316,0.07255694499987789
85728,-4.221834701880459,-9.934352889742371,1.9671124314125006,1.4564663736598527,334.02474202194554,0.5439362504599883,0.07256062057105697
85729,-6.868077209736372,-10.792924134315513,1.067204827537604,2.301336687093191,429.9200408401274,0.29686642102122907,0.07256561997333323
85730,-6.861036040064974,-8.21098916666655,4.342532290926892,3.6115186265760197,524.8458409825316,0.28429218431427383,0.07257310269065408
85731,-7.619638608964102,-5.861477799883072,0.49082420907441293,0.9058574475257644,228.88846691953879,0.5429569580069149,0.07260098982878992
85732,-3.1298863533680574,-9.997259321662181,0.05018097580915779,4.89830195135175,618.1639862759829,0.6788183850710858,0.07260806541908665
85733,-5.35920855244772,-7.857538472186314,3.3356067665000944,1.3427035347664964,302.22366161503317,0.5982444555623623,0.07262739309118992
85734,-3.2816779487723933,-8.768432732435906,0.6235791094897346,1.2786708470911723,316.7953322660434,0.993142697661324,0.07263354516004215
85735,-4.446536404917001,-8.26098526376742,3.774058121650654,0.9038041897471343,188.59906017526203,0.8343481947959157,0.072634091024099
85736,-7.942349684809259,-5.628890720644266,4.089843561930614,0.6765635275602534,468.16759811132806,0.4068101581415844,0.07263993562000831
85737,-5.196682304182169,-7.992679345336871,3.7403092317348374,17.938299979382833,829.48132627557,0.20746507898955446,0.07264757297444256
85738,-4.062457781740684,-8.42612832995201,1.229866103272157,1.485657743078437,342.7225979477594,1.4952663355848577,0.07265092837432166
85739,-6.909104785739661,-6.855191822846065,3.3321504239852158,1.6926657321806673,398.1992728099139,0.1650089496385112,0.07265244111266896
85740,-6.251667753950559,-7.821670038994901,1.6848171682456652,1.019946963711394,274.275268811052,1.3689836441174092,0.07265717524636542
85741,-3.2158127860192307,-8.364243097495596,3.7126843817869757,2.502570164138507,457.2846028298643,2.0696196313440023,0.07266441905772965
85742,-6.193685318039519,-10.009181499440135,2.0740062797439855,1.8955479583989197,468.0724618831646,0.5667728646872536,0.07267668460598939
85743,-4.653423525647753,-8.248749288073508,3.79713121259793,1.8908211600328093,467.0611040122784,0.2844214184793721,0.07268303405490768
85744,-4.091253716600722,-8.505693223656076,3.730760512595384,1.760304907381155,374.15219728371756,1.1688728869823128,0.07270766066602541
85745,-7.904854880518313,-5.588888667716678,4.098581205989179,8.692236387807174,673.9695886908511,0.14175517957093486,0.07271093100949454
85746,-8.694009469049945,-6.338299517726972,2.5920771756323098,2.255706331949549,428.62971481989484,1.1387601395311142,0.07271473470112608
85747,-6.9713322629050545,-11.273558148770867,0.43909686588784397,1.0908194162108713,467.6184415246952,0.5646074914494568,0.07271908644632119
85748,-4.613750650465473,-11.638434790281892,1.0688730489684595,1.0969799338195232,283.16475750159793,0.7890836462932098,0.07271938334441816
85749,-2.8183704378518897,-9.927485565476037,2.4937576873110854,1.6106030485378071,375.3404345473429,0.0835414811767281,0.0727250297879637
85750,-6.583993944397575,-7.303654331508265,3.8112845611699186,1.1468776675950259,278.4069486071628,0.748981909447104,0.07274122693178457
85751,-8.077916832742735,-5.770269572861375,4.013103681916012,0.8780603494544863,468.5136258939399,0.8323468450890941,0.07274173778291607
85752,-2.779809727869292,-8.837228322683963,0.6981478070577635,0.99621628265645,466.46519582147397,0.09334249837178898,0.0727448438721632
85753,-5.216832921712438,-10.057879967025809,1.812699211665283,2.0523779062078273,406.8910805109459,1.3487484896562494,0.07274613122717762
85754,-6.006041263441562,-7.710074137905834,3.8996564929704536,1.665908918794592,469.59163908808574,0.03938682660088322,0.07274641769642261
85755,-5.931633642792119,-7.656460824179139,3.175273153266254,3.100702449391195,503.6090486356008,1.001222238371641,0.07275164812804812
85756,-5.090424026449124,-8.397145174389031,3.91561719432579,0.8984837100157893,196.80600444998822,1.1613118175073422,0.07277897771508565
85757,-6.185673903241975,-10.019411234792901,2.0425147361407596,1.5418817826629418,348.9214667996,0.6472949359387208,0.07280304520800851
85758,-3.7228524842154576,-9.286761530005297,2.974948079532922,2.5452963383606146,461.9221203586674,2.2124452979474496,0.07280394007099203
85759,-4.684890916794292,-8.140114427502041,3.7387250396697795,11.85204050979659,481.15995434934933,0.1417104315584483,0.07282525892041589
85760,-6.322643498015659,-8.172486063522678,4.390257865033787,1.4106309977026064,311.019232605514,0.25644618713201073,0.07282756062453466
85761,-7.547297596527666,-6.082808385643117,4.195711660044988,2.2905629702532835,266.35159808818605,0.11169954797782466,0.07284543236435971
85762,-6.460222464152324,-7.3501908893186725,3.108070793005696,5.235556348840182,636.6200830147831,0.7424603465775581,0.0728460502562017
85763,-5.379088334717191,-8.359840718198688,4.014374529264216,5.057136908923332,341.50947459815046,0.15781067060061904,0.07285384854800757
85764,-6.54906783896761,-7.533640887603458,1.8768886554564275,1.0143672516051,264.73131078627904,1.1004156276305066,0.07285456463358124
85765,-6.7359264568265145,-7.19083485528844,3.9064365280288085,1.7078620259803514,402.1811876928107,0.342755712677981,0.07286631384768963
85766,-7.2035635277788845,-6.324273071920067,3.5425221590083,1.1100983204544874,285.471651299669,1.5543347409078185,0.07286655463255962
85767,-2.484395245609605,-10.164838390607022,2.0444391241983064,1.838430922806822,468.25984677344104,0.4196852197928438,0.07287430246955875
85768,-8.049729275109467,-6.552297745053754,4.186040273741443,2.645046120785762,468.34819460559095,1.5101725228721978,0.07287999084316482
85769,-8.64843953451062,-6.519787413560454,2.7688111375303883,0.9788301772865994,467.77394009597316,0.18013185505553064,0.07288179014100425
85770,-6.571358178373609,-9.933834416280014,2.204495775749448,1.0458764961583724,273.3461499368126,0.6224486609248068,0.07288192417569846
85771,-8.746125321994295,-5.663020327289956,2.2626461081041143,0.9088367408732507,468.5435418388069,0.5650255735609031,0.07291548787675738
85772,-7.4477376257042405,-6.671173878793762,4.469121517643078,0.667454528472652,190.88695219736846,0.5335241445432048,0.07291897603408101
85773,-5.14301801328395,-7.898353006698148,2.9800980088292994,1.1445437057957617,281.98162374464897,1.2512248654380933,0.07292782815707072
85774,-7.328147304710026,-6.297047152865855,1.3297307008860393,1.7917625289915167,467.6944680108205,0.5224995687137683,0.07293786973885402
85775,-5.086413097676857,-7.9118396779379,3.207510271930774,1.8802170460783205,467.620925831371,0.25031181929468715,0.07295015932638149
85776,-3.4704054647347435,-12.727471473665847,0.9442125609096621,5.727962977667858,659.4554361429065,0.6896460175474948,0.07295273497406615
85777,-7.358246345650845,-5.575488027750606,1.8078153003296178,3.8989635639646005,552.1403825639975,0.5001004376957789,0.07295737425210419
85778,-2.569882677824655,-11.303872732358752,1.7788273318862042,4.415468187513029,568.9079375049155,0.2566452047660297,0.07296269171766069
85779,-5.463844148136237,-11.171993562657075,1.1578310495112403,1.6823904887217158,365.5469098925432,1.6488230008582638,0.07296358515901634
85780,-2.701134855581591,-9.336635060221608,3.2825499597739975,0.8717460047627034,184.51926977336808,0.08434999352367356,0.07299466522687874
85781,-3.4347442101003107,-8.131125331398932,2.1941441741212486,0.8294235641303319,216.17525986961218,0.11243096760924232,0.07299943969289403
85782,-6.6407923820242925,-9.009320576167577,0.20800859856631213,0.8478416065153491,174.69779880762098,0.9071691933830737,0.0730140155089307
85783,-7.011365596441162,-6.888436455183264,1.9830041835059011,2.207129391218959,210.38387343085105,0.21521383349690026,0.07301443535100885
85784,-6.268061571215668,-12.415601998713097,0.8063649704103291,1.8751716285791475,468.64145773736306,0.6008144649920704,0.07301526837374432
85785,-3.4127678867638167,-9.32248771794967,2.923101228628382,0.8235322094602354,163.39527730773932,0.08236574024746712,0.07301546209861688
85786,-3.715509129636092,-8.64374350726251,0.7598371806875266,1.192848053269328,302.2483506184508,0.6831521553991635,0.07302324945210197
85787,-4.447509327101105,-10.218526438088105,1.604692298751826,0.6751938771975504,188.57621653083896,0.9844813656944487,0.07302584225083283
85788,-2.828182808257348,-10.660028762096587,1.4572942878726942,1.0571844681707139,276.94598736720883,1.0917417013063533,0.07303204372100204
85789,-5.629982779995629,-12.41501513239169,0.9171409112554572,0.5244776278119583,113.74391674564212,0.6399800366733528,0.0730375086616067
85790,-7.192973890006785,-10.636738564745437,0.8205142016748098,1.5431600080791736,351.18418613531037,0.07342751833451455,0.0730399185958365
85791,-3.12409652592443,-12.957383899369106,0.9548519751352921,0.8512629846261808,468.2656856051957,0.3540694960037687,0.0730487266063202
85792,-3.392533794653553,-10.415440977772295,1.4688446380118487,1.382343653169203,327.48791720998577,0.21714118115095982,0.07305125512015286
85793,-6.4813856897702316,-8.89538624266934,0.23678348767342464,0.9591211533278652,455.07040075173705,0.7041012562228239,0.07306205733863928
85794,-3.090153761821499,-8.542605224123967,1.0515063707114471,1.349534691534906,315.7657935999349,1.0530217497498464,0.07307617757082253
85795,-8.523950972408219,-7.618220706054597,2.240264677761952,0.9513860713664365,260.56423332396304,1.617045963628093,0.07308237304728257
85796,-8.025739745749133,-7.831918166612363,3.398398699352754,1.0589271419331356,467.3758576037207,0.29740375297516586,0.07309876967658875
85797,-5.1578749447513195,-9.682871018027756,2.5574079024270886,0.9590412186877172,264.945456803916,1.5672868911157245,0.07310906149526906
85798,-6.489804143464407,-10.029046995540076,1.9422759035733324,2.4744538382006365,452.4938744465849,1.494961287976328,0.0731139566364502
85799,-4.371576098385871,-8.131572535159524,2.0138762255776816,1.352728136126185,293.2314996142638,0.5699839158806492,0.07311950229022736
85800,-2.558471539386943,-12.932369209736457,1.5493238002426353,0.5819772516133886,119.44481190719341,0.00023060427320231724,0.07312782192441433
85801,-8.103020326670084,-8.633794369229003,1.7407558243303705,1.8191127504549403,468.30993356868817,0.6249761892128687,0.07312867030596223
85802,-6.191331557512662,-8.108831125672669,4.3725024105924994,7.404138240249164,719.161061799217,0.35072834058826796,0.0731316252511461
85803,-5.3285798902175845,-8.970382358182798,0.3087231671257033,1.015431031716935,203.74277281085384,0.6387333831628439,0.07313348759720859
85804,-7.073267079350149,-10.967435805971608,0.5960733621899283,0.7779886679277271,149.31233259079264,0.13821550508683078,0.07314188481989728
85805,-6.188040183429041,-12.85236169670386,0.17700251835150935,1.1073908147643683,289.65075705910596,1.1303898911623032,0.0731435972163192
85806,-3.0128526457812193,-8.471809480720665,1.2936395481028962,1.6798598427837474,392.3704559279794,0.17324920304406266,0.0731522292352594
85807,-8.06851312836917,-8.846630222480208,1.3977831225797688,1.8653161101983606,447.71622173250086,0.3913043267142067,0.07317845471726389
85808,-3.692396358316694,-8.220419287170067,3.6412374458064036,0.8688436664743504,468.11445070972485,0.7389963534443957,0.07319112834499199
85809,-6.448763115665113,-11.880707421797391,0.243815312433659,2.25996670349727,432.79122400402406,1.9320747657906079,0.07319329806974184
85810,-6.657831607881317,-10.00191038548128,1.9341932544123934,1.6927011340567446,468.6711345364891,0.8380632695266446,0.07319455284943793
85811,-6.68040117661538,-9.684413333039608,2.565696870860573,0.9007845490747425,224.20712367859534,0.10300008924458126,0.0732107962141201
85812,-3.274472089223223,-8.057283502128088,2.921870720495729,0.8682417087739379,251.47552863329904,0.8524718124887931,0.0732219303436908
85813,-3.7561811179374924,-11.190345029396177,1.1710016635104914,1.1811056192245286,467.9946273742538,0.36548499521006317,0.07322351721074483
85814,-7.158008167350146,-10.758042117870012,0.5604565058107066,7.794066100280019,732.0287443972759,0.3425520541980678,0.07322623643146964
85815,-8.151803680719357,-5.0358059985584545,3.7812387181794516,1.0276246286494557,276.3968572788365,1.7832242101709141,0.07322742224679052
85816,-5.889726811556535,-8.861549284340722,3.704163893943001,1.0942327240767618,289.5999388200959,1.474591471910922,0.07323566959952413
85817,-6.04407714853288,-9.124479739950445,3.4057740610670617,1.6667718636437814,391.30363229298194,0.17704587412162098,0.0732402174023416
85818,-8.564873397217417,-6.441065522487977,3.0816226764422923,0.8495797972520851,468.12079214598936,0.36824340284808166,0.07324048265462149
85819,-2.5821197734870918,-12.570428685944309,0.1694503166023624,1.5147076832879014,332.3134450845469,0.6075449022288586,0.07324729436072251
85820,-4.888884916424281,-9.919526348245071,0.04286143817224413,1.3190229143227865,315.7326760582184,0.19973165484012956,0.07325527895657186
85821,-4.802022821543003,-8.195447203411963,3.818199256928445,0.7362545495480606,135.975203839495,0.34868579900270635,0.0732617234150258
85822,-5.485445243287682,-7.9140911749872185,3.7806821534937116,1.3931539401180648,327.0822603009013,1.4829772648791222,0.07326804330672862
85823,-6.122721286925486,-8.98845168460537,3.5807966494721355,0.9029649317679601,153.42772748835657,0.19116910464177383,0.07328201056116193
85824,-2.9879837531520215,-9.060686224665906,0.417916308534636,0.946132549773445,242.4158935903285,0.895620552120195,0.07329296746629572
85825,-7.385016418325083,-6.8184544203972655,4.500180744406755,1.1474428734765842,179.7230810157925,0.1615420626477615,0.07329313170571176
85826,-6.212382641579927,-7.727686283887665,1.9669500907964625,1.0108408358224186,184.75337861616245,0.1214493596714199,0.07329688946403547
85827,-4.275358221274722,-12.75284832149028,0.029977600965924285,1.6386044644891327,468.01116100320786,0.5170657399500849,0.07329883707548002
85828,-7.3657594594945515,-7.441635178870791,0.6077601561768396,0.9945080478811493,423.46622420666796,0.3257650109460668,0.07330900614635148
85829,-4.323306054790254,-8.35576527250635,3.7725423918727397,1.097082795965168,232.1605317691211,0.6935713441985847,0.07333236005161373
85830,-6.6959121990841535,-8.59679893807736,0.3422414289405454,0.8494547642910454,152.7145944899536,0.18169684086009497,0.07334464793436367
85831,-6.400737026260544,-7.9592725413832,4.46506296688047,1.3904395793102224,315.5645419168606,0.30766426903486543,0.07334790566432087
85832,-3.5250647113122477,-8.05704112092443,3.0794934569352885,0.9018697848253884,134.9371475886046,0.2841771723238784,0.07335293177134701
85833,-7.503341597148809,-6.946891432655372,4.570867987480717,0.8948017263733289,468.1686959313119,0.47411463443843704,0.07336024830481114
85834,-7.801644746314038,-5.528838239727097,0.34747303915086625,1.2608284524469702,312.0103826971008,0.25177144327706724,0.07337343011914814
85835,-6.6449789563928,-7.243374824022652,3.767045629546879,1.863452065274312,464.8508517665894,0.5967026832560842,0.07337374159929373
85836,-4.284157372114455,-8.053095266303131,3.3488897331740395,0.7981034830457181,213.95254964221806,0.4254891294406429,0.07339213533580845
85837,-6.746103980877161,-7.083230068838435,2.8810813814056555,2.594370779655864,466.4134902710458,2.2259460538311986,0.07340209469041559
85838,-7.885445436380084,-7.498615338086381,4.027787377158191,1.5045451577489204,467.41342199767087,0.5888384624170957,0.0734250715384362
85839,-4.475292635198521,-8.05236418491117,2.3629843564513293,1.8158946065528172,467.9460418361837,0.7629683674238867,0.07342798301665325
85840,-2.8240618193821447,-10.837474845967595,1.358335540216167,0.98144268512169,468.8431306227662,0.6057764220615693,0.073489297125513
85841,-6.199264309781899,-8.679759094167142,0.3850529008082817,0.7492461991988314,159.81259582962906,0.671137918151751,0.07349151749232813
85842,-4.411727015982692,-10.432400794060403,1.4632495243441253,1.124100398397701,468.4310379590698,0.9342221699624131,0.07349235642172523
85843,-4.5323550492647815,-8.026647914133818,3.3744001178841323,3.38031782581584,517.55487996175,0.5958621591122943,0.07351140007455421
85844,-5.918656477855382,-8.286533351859962,0.9217306487149762,1.8418734772610297,382.9241245989599,1.4079456524737788,0.07351251139635785
85845,-3.4454411582927182,-10.11049716479498,1.6825659424184867,1.1673788751691188,303.3883293008621,0.617411911675875,0.07352807926411627
85846,-7.185233710573381,-7.664046668359872,4.56311305858926,1.7560873028018913,449.03380983303146,0.5433381110869488,0.07353730794501284
85847,-4.7424085985196776,-9.690539003983691,2.4860986251851105,1.2100476844429728,156.80576519393708,0.2421035064101913,0.07354746028892069
85848,-7.425235479147385,-10.135193273329127,0.6369073408107275,2.176978220130218,402.2119525114906,0.2504352636927427,0.07355016624697669
85849,-8.535610178403424,-5.276638717372354,3.063245626363331,1.4723794206456038,351.951451012362,0.5785911898165752,0.07356481831308082
85850,-3.9046150969757143,-12.105530841300865,0.9986071615793359,0.978853565680012,270.60557264340184,1.5726912571631155,0.07356791678939144
85851,-4.8619884845205,-8.095637010150593,3.7210614335865615,0.8122679695615718,238.30990148987982,0.3733594073141333,0.0736024482419621
85852,-2.851410228507257,-8.64348739489223,3.487704537317455,5.965280244189189,668.2651628815804,0.47806060009033846,0.07360406681069742
85853,-3.977829804538847,-8.275988283927479,3.6862214147752588,1.4317638215218886,314.8273568592206,0.016406875483910177,0.07361171231046677
85854,-5.623714089585798,-11.68358200995456,1.0246972298511965,1.705514322275821,209.05875112279332,0.16532730345218027,0.07362168667645719
85855,-2.8005345338559975,-10.156121982524038,1.8910124878201169,1.8653491522431034,452.2199125688042,0.20308057910250277,0.07362529350707851
85856,-7.247850960275554,-7.996861948539379,4.307343867427968,1.3091588634710611,229.99848304672585,0.39725767313191085,0.07362688029890646
85857,-4.94793570888045,-8.659004937194094,3.7288279793561263,3.606781795845535,528.372844703783,0.3954989612389177,0.07364315269087779
85858,-2.922606724964396,-9.28295552070912,3.2266886935052437,1.079825680547206,467.5230918525035,0.8849108746335457,0.07366609526254791
85859,-5.68066735127629,-8.467257333824953,0.7551350307071104,1.1167385159992684,467.0807456878101,0.7644971225188764,0.07367523225781059
85860,-6.106412407725852,-7.608022971368926,3.657649913444779,1.6719067083182277,467.80481749426417,0.6998112373635337,0.07370347509672436
85861,-7.528604351519884,-5.780774016026061,3.958253993009319,1.3241244253130038,324.35623512007976,0.303629181963486,0.07370962539014635
85862,-5.19292894256406,-7.92357352486453,3.4713701951147327,1.8419362644632065,467.924206120433,0.4835350409370287,0.07372427191826875
85863,-2.3883502686620064,-11.908826170419003,1.4676170940235556,1.1457835517023767,468.3134590747295,0.5032183326426187,0.07374126355589411
85864,-6.792407661872774,-12.160100975125617,0.44507460287632095,0.9499937259829484,258.83602957128187,1.2904318283504743,0.07376911319771012
85865,-2.4654311052045683,-10.67984117456565,2.002367168065721,2.3057782977303276,435.5190887730698,1.5378006391853756,0.07377587613837246
85866,-2.5860805644580322,-9.120355395936038,1.5693937741178665,2.1370897174341605,420.7238291714096,2.1693917775211657,0.07377962924970706
85867,-7.371265959605758,-5.302432375151991,1.9836301431748078,1.1137512454441878,464.8151583317375,0.4667297360186744,0.07378134403766806
85868,-2.7318644018661242,-8.598866384067843,1.476727648004486,1.0822865625751974,289.4416744304747,0.8279374427554407,0.07378483953752792
85869,-5.017187899131262,-8.123426124739693,1.829938275567213,0.7059176936639616,467.9270056847701,0.3760572437473835,0.07379770779764376
85870,-3.986085208918783,-8.328514097566956,1.5141432458275206,1.5642575425047942,368.4133332469106,0.568968165926206,0.07381187334056237
85871,-7.933615088240197,-5.340688923035669,0.31044319251225766,1.0743724051610237,288.87186715483034,0.9657360004537736,0.07381207619830352
85872,-7.513168879793337,-6.520866714799959,4.417663742689279,1.0644104974558821,467.1542744860613,0.7631031361795122,0.07381315187249943
85873,-6.252583031706155,-9.81475990969633,2.4582506256450545,1.638778096189374,378.60105484257696,0.026974991245019453,0.07385870983669657
85874,-8.34117080131817,-5.709204100799894,3.5837613026717667,1.1519163192765514,277.87627685389106,0.388766140086946,0.07387070705546629
85875,-6.636556821427855,-7.293585478481795,2.39079222852845,1.015739126450278,202.34521958980955,0.449676031461097,0.07387395278125757
85876,-4.664742335101644,-9.99909831683083,1.8512676875507401,1.1677834026124587,468.94154322979955,0.8746885984961201,0.07387853274298521
85877,-6.43634008389483,-10.067163465190722,1.8142420250670257,1.2078420373211602,262.61010623376046,0.3110202637124404,0.07388083207359428
85878,-6.34412067583512,-11.0129248491829,1.1259876312142918,1.1257901792201468,296.14524775363196,1.7515031324923793,0.07389015569736294
85879,-5.536674039850817,-7.8141746606125615,2.9417127299379806,1.3535637629951756,301.5495977184074,0.7191780341776957,0.07389675803126136
85880,-6.592049718772996,-7.554318324997335,4.360171860764629,1.6204188610036643,373.7811189686347,0.21109655757675494,0.07390393619386318
85881,-5.806081861202159,-9.342193207336873,3.088388953254691,1.11082307213536,286.92914836875946,1.5245889075947092,0.07392158995384217
85882,-7.061614006487686,-6.653846116023226,3.5236036187324773,0.9805773363929008,232.13829139114887,0.3224986494023403,0.07393327315437431
85883,-7.840175869277514,-6.040973644726641,4.245385167611943,3.6174662312849093,531.6656595567005,0.44526705500584285,0.07394066955988858
85884,-7.793718596694291,-9.490377256354037,0.9799049033009197,0.7776957633279736,190.6966454917299,0.14687275838293878,0.07394128195407675
85885,-7.0696491148791765,-9.224652112075589,2.931803118157045,2.0046374835955354,402.2952489487221,0.39261096224165914,0.07394395736367579
85886,-4.033645031295478,-10.90104637540989,1.247861309664925,1.8808259123011777,459.3406465431596,0.2161116493205304,0.07395222530009046
85887,-5.007355431764242,-8.081582438483004,1.9995900103154904,1.4854794431713718,339.7672255160262,0.2863491674658212,0.07395231693023112
85888,-3.4431848987464253,-8.521840484514591,3.6736469419526916,1.4278060588446448,333.22379659024585,0.31973499979431086,0.07395830111799812
85889,-7.3176505915576,-5.714227388889577,2.1626615875851924,0.8794767509565038,219.75301357633663,0.6435243800300929,0.07396116462782337
85890,-4.910087165247426,-7.970523377125292,3.372631619924685,0.7682907544672541,468.85292696499147,0.22143580706413601,0.07396888405521483
85891,-3.495920585590132,-8.0841263196156,2.449153235786767,1.3139854678893226,282.2639262978347,0.07143581394806997,0.07399791290696807
85892,-6.6112842226238175,-9.439459942432007,2.935320211365826,0.8810405727715022,229.49634525628943,0.16176437574266966,0.07401045427729736
85893,-8.719319647333583,-6.403700556270334,2.4270152091640664,0.9911914729246123,259.6317797599007,1.030129160060949,0.07401788066359122
85894,-7.618789767576381,-6.74046147649747,0.46786573165216816,1.1074514736980616,467.80210808108694,0.942112140166782,0.07401975623062543
85895,-3.0165652810218004,-8.813894115385036,3.585788722474503,2.1250789411146274,194.79885480240978,0.2608688989261623,0.0740342094001087
85896,-8.707248024829259,-7.228055462806135,1.101101896630962,0.8802322475288388,256.80691707135685,0.9850332249759246,0.07405676713726972
85897,-7.46176973063487,-10.140144006027949,0.870875537389653,1.6088682978034043,250.0542603611419,0.00596093249836116,0.07406417508984574
85898,-2.8635631104806176,-9.564642814452577,3.019146145268359,0.7614853681267426,224.94038064807663,1.3950388456979477,0.07409756179268175
85899,-5.160721803167085,-10.228883555685192,1.5933097008650914,1.3905858238460571,468.54777491520133,0.26380264199216175,0.07410615318584848
85900,-4.315389991622208,-8.116124292402464,2.1539044333937984,1.093335618092929,467.2586841479412,0.7594894177806415,0.0741078392307437
85901,-7.349023123036185,-5.509191549418824,2.0430552016895174,1.575056344255707,367.62864438806497,0.8183158192139501,0.07410808121203263
85902,-4.178538920642733,-11.490088104126965,1.0961482806121459,3.0842781211006436,500.5352452823524,0.8208965208627115,0.07411951594874355
85903,-3.836369875254105,-11.200715659046255,1.1651590564655,0.960118474003239,260.720940804675,0.46376557450044675,0.07412471520956619
85904,-6.368877394812942,-10.877571136559801,1.1716461804731206,2.077326271884478,408.06657158799965,1.2041216589724408,0.07412641425042099
85905,-4.178396947569913,-9.674809948243345,2.4664971590056433,0.8998200164216886,468.4135959189839,0.8868031665564207,0.07413746852440664
85906,-5.111754973951522,-8.901246431172929,3.520527421212018,1.604341505514972,464.7012916455795,0.7093039552865124,0.0741389842580454
85907,-3.635761563070102,-9.301463395891163,2.938308173795847,1.5329241290335853,363.27761089082617,0.46519896182004405,0.0741458821762284
85908,-6.672425019577254,-7.1682751435711465,3.109933667120177,1.0489189388353501,256.7074030809202,0.36041389842502713,0.07416497078098608
85909,-4.64695397564432,-8.393955262313437,3.793795634075967,0.9646387102609956,467.42020613141113,0.26501074122055535,0.0741819641381659
85910,-7.9247568153518175,-8.832936703505862,1.9145635404590078,0.8654347023182534,187.7853515353575,0.9785080801457822,0.07419878037498598
85911,-3.9741545578651856,-9.4374413896953,2.778163665566256,1.1777928521752477,248.16199856139775,0.45541180801464254,0.07421563931516932
85912,-7.262170985709794,-7.062012807884911,0.926514348267299,0.5193676880913485,118.76259630158384,1.0325550426225956,0.07422513826446309
85913,-6.304397030979779,-8.31822246136962,4.283751692871635,1.1199609139658948,293.74248828120903,0.7710268632457131,0.07423845958050043
85914,-4.573332680174985,-8.025446470594584,2.5046803338931802,1.8471842569375438,467.67849524703206,0.33694973859073496,0.07423859088968031
85915,-4.110361139816026,-8.938116318527358,0.4059368590124829,0.8056219791850132,210.61167219197804,0.08615338678328666,0.07426409997084031
85916,-4.302217127446692,-8.199547626079003,1.812761909214137,0.916002823371202,176.89040927209547,0.012518511728582205,0.07426930560015116
85917,-8.739315942711203,-5.371355314016612,2.2252547915213543,1.7241723054706197,467.91858357031595,0.483641123275226,0.07427299834539977
85918,-7.185914830153727,-7.6845192326650515,4.548219087458833,1.7029167298851169,403.64483970586593,0.9078838164730749,0.07428881811897994
85919,-7.190291822456993,-9.438104519794285,2.4659529644466196,0.8213876500298343,188.24624095923411,0.3810215609501899,0.07429004330025504
85920,-8.623957100779599,-6.5406791424572805,2.8492657271982496,1.7727901759313949,419.32825965575677,0.06309353989783162,0.074303958613697
85921,-7.030620077941142,-6.829242546704117,3.8772203764219806,0.8976461214581916,254.41952932352723,0.9453982622191335,0.07431209675075641
85922,-7.127187895313888,-6.458588659163212,3.318747853263388,0.5726753502462146,130.57807933530282,1.1203166894428493,0.07431481023008636
85923,-6.101391568139742,-12.747284661076483,0.803888345079171,2.4864376518598545,451.3945106918811,1.1920106503712153,0.07431985582487209
85924,-6.776368640105469,-10.132846581067806,1.5433018798144158,20.332529730388984,876.4037358785683,0.2705063190263619,0.07433484477341049
85925,-7.0119267447812845,-6.701958322933115,2.643633469498297,0.9800071587427299,195.03582193441952,0.6675345620178383,0.07433497483873244
85926,-8.266892609362223,-6.340990792195783,0.47185952599063474,0.8660274540585932,469.82260280457126,0.11965837774773735,0.07433598230089485
85927,-8.444281814668386,-7.035027779829713,3.2290735469863217,1.1396002688639646,229.73668799426179,0.1846205346466645,0.07437516918626805
85928,-4.547398694218559,-12.926072472163074,0.918546257349175,1.0667179461382832,282.8737128381425,1.4382596869881974,0.0743927125671585
85929,-8.407154536992548,-6.570046317352209,0.5417951995173131,1.8119169872357164,429.71080621536555,0.5892503746651672,0.07442148482855518
85930,-7.524411964236661,-8.100029575481162,3.901597533095576,0.8615768744624153,467.4059597071023,0.5727106973472109,0.07443444597152911
85931,-2.7990727709769505,-9.997425960024259,2.23853402214932,1.274818457478527,275.7789296830536,0.5098394781421121,0.07443542492451477
85932,-6.941508046786214,-6.963770086520905,3.900835015881604,0.9787033573297065,272.4625801214598,1.4849975168169056,0.07443627038795189
85933,-7.944486801479377,-5.765962972464931,4.109284419333495,0.8816990804316738,254.17767000484403,1.0599144471380253,0.07443795605601455
85934,-4.546797347782173,-8.023133276413937,2.617598911195199,3.4564666809215168,331.7618119790023,0.09795844891325789,0.07445301537016183
85935,-2.7715642184321414,-11.769944444624791,1.1479145876962367,1.8554608531677885,468.122751704511,0.11449290889097785,0.07445869386920084
85936,-3.9239172226664643,-10.094946615617276,1.6937580688607718,0.8443821659393149,172.2175668413691,0.7518817198173586,0.07447308511181677
85937,-5.888679826781965,-12.84163012059141,0.8420600148596549,1.004277886628039,276.12085843024664,0.35727257086564546,0.0744871095390397
85938,-3.0389430221562854,-12.089311803939427,0.025370587353334858,1.0503928547338581,281.73957710719844,1.4412121532279647,0.07450884944913819
85939,-3.6512256959612666,-11.722914672542249,1.049216566336105,0.9290824053309362,160.75155817489699,0.4147523720856272,0.07452701811328002
85940,-6.785966916014261,-8.634380298574184,0.31868257482602286,1.1595965269293913,296.28426029888936,0.9657658874842667,0.07453090893175357
85941,-4.835498707646353,-8.622044370145916,0.7229266366748013,0.9899300878895683,467.57453852490704,0.6521809751577026,0.07453812337912674
85942,-6.721933633709653,-12.634050915675962,0.4980359112764917,1.1771988053606544,238.37736788792537,1.0303953072337961,0.07454021238193084
85943,-4.773294915081233,-9.992253119625415,1.8609676553618806,0.5863773372105237,183.69214415677638,0.9070981995424949,0.07454501885711277
85944,-7.571802584857341,-5.690754803470018,3.958308903484129,3.8337921045650987,545.2327277813873,0.3418948288197168,0.0745689085816387
85945,-6.587043761434711,-7.73056476423905,4.486928862949584,0.8464617335247357,201.5094580666906,0.6367407557689413,0.07457009795992572
85946,-5.202900105231787,-8.534381675420255,0.7888178665112054,9.744357269064439,731.0217715353584,0.2129646880961822,0.07458212131649723
85947,-7.2123185001118255,-6.3166801135902535,3.497446646758249,1.8049815464790553,468.13161912571576,0.2828580799534963,0.0745947838961498
85948,-5.513398135754615,-9.884675908841446,2.2297238749066324,0.5157198158611586,114.97461801124282,0.3782236265158554,0.07460803040566519
85949,-7.516052123050638,-5.983416157772361,0.6820849053750624,0.9794780143107086,259.98857055540657,0.22457443041721792,0.0746128782356674
85950,-7.281602121830238,-6.174609497088762,1.807893759645297,1.3180315705793977,324.6371192678119,0.4315417495087148,0.07463328682151334
85951,-3.169725712140065,-9.720818421598398,2.37721951093948,1.077424389522703,282.8313951364894,1.1442626955961055,0.07463459342000404
85952,-3.3376620978448344,-11.054879053873044,1.1998371223467361,0.7615908536978162,225.37889933450128,1.356676750309517,0.0746353995808002
85953,-2.908443867724242,-8.512905724362987,1.296111179044168,1.0537671425604653,278.84262780698657,1.6078815539903788,0.07464127760249573
85954,-4.702541821266193,-8.109112118335002,3.666727838703724,3.0532245297124394,504.9743144625759,1.858894964656332,0.07464316684757737
85955,-6.094808514424767,-12.91780922758092,0.7875784862982571,1.1541869595532654,468.02053954181196,0.37724875441318595,0.0746484106016475
85956,-4.341827733658671,-8.323560776804506,1.4940696307613217,1.1933928400247185,252.18555306538389,0.047949342212768364,0.07465584325284738
85957,-6.50111645558358,-7.334950315776622,3.4659654031963703,1.5883895360945213,367.1602294919753,0.15258420058755373,0.07465901121175088
85958,-6.677080139047304,-9.776476501376585,2.4095848811685507,0.9840277554001748,262.8551114285471,0.9027322149688652,0.07465957821528435
85959,-5.089674629033769,-8.379040539515785,3.905690240467867,1.5831840786942262,467.8168677164277,0.3747150910290964,0.07466803572725385
85960,-4.305798039422912,-8.120354700535767,2.124949321875655,1.8757500425553453,450.0672634087894,0.5859491191408219,0.07466947495328173
85961,-3.6541077290987136,-10.96630832708811,1.2225514430706557,1.0553044102781823,468.1927293690723,0.11715856510139133,0.07467199425204601
85962,-3.5601408315730243,-8.10953794268121,2.3292039693187174,1.0743476511883028,467.99071931385305,0.5482014334615029,0.07469615566538657
85963,-4.203883991907146,-8.030940388812624,2.934476451122243,1.1052425349042307,466.939196420387,0.6001818321484977,0.07470346543030756
85964,-7.1461037318776714,-10.00046974674966,1.4432446914008517,1.367228658091489,321.5221056759274,0.7912245246108887,0.07471030398389678
85965,-6.42666996638794,-9.341630705235392,0.14663463783686187,1.1099953878813094,286.75762944014207,1.5416648059304316,0.07471686126823544
85966,-8.437900818366698,-7.888829379302935,2.0589123861320067,1.0264159068319456,272.777355708955,0.9612261592910842,0.07472409581352808
85967,-7.369792388886074,-5.219622440231047,2.457408744127365,1.6462475089611026,386.8052269098404,0.5650745790709655,0.07476708337951656
85968,-3.9940397793139413,-8.41728447014783,3.7111694604227283,1.6724693921013827,360.9552569478874,1.3411900456049635,0.07476784722634183
85969,-2.6782617484241253,-12.015836135097452,1.2015062385162227,0.775595861608265,167.36598026057425,1.1468051200126466,0.07476935291376265
85970,-2.9658511518281037,-8.537996651158398,3.6002468000690797,1.1374394111852026,184.95844758201184,0.14848224105875207,0.07477279971950437
85971,-3.4159619751210366,-10.781526183432462,0.01536736454384566,3.542424927464858,531.1337111301979,0.6371135353733246,0.0747757350592627
85972,-5.217247342322083,-12.342323724272921,0.9440418834365182,3.879701996268203,552.6319269310412,0.5413732402901283,0.07477794477927381
85973,-2.781927954322293,-8.52019096688493,2.546682497539642,0.670130285782481,138.34443416559444,0.14370059178215655,0.07479885576499107
85974,-4.203724640414532,-9.491394189265526,2.710900264384715,1.759882424305571,443.3070444791501,0.4079953076629135,0.0748026971557529
85975,-6.713781868829752,-8.303251564799236,4.28284595483416,1.2594143528221993,302.2024097189364,0.47092855513261167,0.07480341531412711
85976,-2.488842171620238,-9.835855597306955,1.567357453392308,1.0213938027798464,276.378279359653,1.2663161000590017,0.07481536805196405
85977,-6.498551397426178,-8.876459577723892,0.24971952109069123,1.7574635898119193,422.04151830561227,0.24432362884525816,0.07481999751240093
85978,-6.362446979571686,-9.998864977795613,2.0399863798568107,4.064443894060698,569.8934887693634,0.7278823312085496,0.07482675363869136
85979,-7.404469778185382,-5.00202776047434,1.9736631096625106,1.1683071609005855,297.3225290542802,0.5736949060597958,0.07483622256360221
85980,-6.8673828962185794,-6.924701211929934,3.063945120167254,1.7500217155982545,415.54631189675155,0.7662857507268628,0.07483661410423591
85981,-5.23035536204825,-9.239093587666252,3.1355453993600233,1.1406500084908646,227.1932546799259,0.012719315994864644,0.07484060305955068
85982,-7.89430700960432,-5.18868303696347,3.9780425176495333,1.1998759602120985,164.29238641977895,0.20555040166808247,0.07487466337844384
85983,-5.004644888783795,-9.36658896221154,2.948375018705101,2.6840023691493284,456.7261457004673,0.550952907227658,0.07491238279599491
85984,-2.875764299430287,-8.636425005269452,3.548083597581053,1.8260496374260908,452.5064931503877,0.7701696518596908,0.0749155968497972
85985,-8.65480428506617,-6.072939026576235,2.734731920149548,0.8722079162278573,468.4295010342705,0.908459688070308,0.07492154552299557
85986,-7.90788559676324,-5.753547501270068,4.12022338981991,1.102237041479922,468.0541562336584,0.7043559100558676,0.07492316869999587
85987,-6.852020423546653,-7.125785554143798,4.012757356933076,0.9327601350509221,237.85729313159942,0.4718707942217444,0.07493869246485078
85988,-6.532329441473907,-9.630570310021163,2.6794635805521163,1.3539398842226456,318.81325749305427,0.4009655431233812,0.07495056347695861
85989,-8.591670634196017,-7.002873679370907,2.7509065359423643,0.6337483856905577,199.7066428366463,0.4051139442633689,0.07497100501456055
85990,-6.123423552453216,-9.561407275747959,0.1104740001899984,0.9828236700810294,240.71765396217782,1.0424723468529171,0.07499569046946777
85991,-8.440734944311655,-7.968280781565384,0.856319611468358,0.8624205927131849,228.84987361888543,0.3790239717433046,0.07500167273385562
85992,-5.879251955890083,-7.858532070541763,4.029854701915197,2.908031927819135,489.80479163389026,1.2541981282426242,0.07501893690922215
85993,-6.583024614099526,-7.719512768970372,1.469480058138495,1.1492264348974086,467.0826844852409,0.43950212458515114,0.07502138960829616
85994,-4.883272642137339,-10.991656930327862,1.2114170417044803,1.1188910030508967,295.95109572887316,0.6987464528091598,0.07504293583391167
85995,-7.2641333173188745,-8.910901516527293,3.1477920960597485,0.4820215735938392,100.82204275619104,0.033848188126611944,0.07506545288652283
85996,-7.328666773584712,-6.149334439550121,1.5662056526850552,1.1551359049793246,278.4498350443662,0.8433175937153985,0.07506776197937744
85997,-7.406811869767681,-8.537069355744368,3.4883204243504573,1.1656233408767633,242.53009947020163,0.4555090865045708,0.07508271942855234
85998,-5.96715815785959,-10.016761425109378,1.9504605158126571,0.7358889666758621,467.51816291410205,0.41128512172299114,0.07508297678276529
85999,-3.890323300414572,-10.193823734284345,1.603362034466062,0.9997608736253655,274.0720361038688,1.7667443542718262,0.07508375444675634
86000,-5.490782626625191,-7.860305150482237,3.4744587789804964,1.4335178751900526,318.50140986695095,0.18226331096698178,0.07510274325116349
86001,-4.008152994403268,-10.098957922380402,1.6862363289333326,1.7817248037429576,423.37583614311137,0.499667537242968,0.0751044023116746
86002,-6.287783892514225,-8.492331200450293,4.127512210833553,0.8853720783289057,216.08583671648398,1.0180662493091175,0.07511301316468139
86003,-2.5085540825158157,-9.777666728902034,1.978539862209212,2.8580273580050006,240.8887322409232,0.4287238458984719,0.07512592355963775
86004,-7.0165585510596085,-8.085871699887722,4.361614904164584,1.0604956411402309,276.4491091586653,0.6756924368165338,0.07513129526645931
86005,-3.866132454709515,-9.905093679588386,1.9669883369767953,1.007621888043454,202.67679039728182,0.9466521588222347,0.07516796504634013
86006,-2.4409111031003015,-10.766705401829967,1.850501343943341,0.5008467296205946,131.38323843857648,0.8686356155930186,0.07517992834489877
86007,-3.6268495251180095,-8.433774237339719,1.2605247082267321,1.1241637580959152,192.67495653024187,0.12786506136026432,0.07518055054592168
86008,-7.710406271312015,-5.079574337658939,3.8830135783894524,0.9920908311684636,275.0174017972169,1.2992755601212034,0.07518663030842243
86009,-5.2787883010919465,-7.8812737936778365,3.0197808375798965,1.1633676562384976,299.7890668730535,0.5532913236557784,0.07519069164572753
86010,-3.778468198878776,-8.181073314455327,3.5502029218628186,1.0274189635865347,276.6705245155759,1.5902043351440245,0.07520813993178879
86011,-3.8302802957939637,-8.36179681968948,1.462050710415955,3.1377883234241484,476.50359196756926,0.1758879988119837,0.07522485165124208
86012,-6.084840584568002,-8.191541203186741,4.287420654423789,0.6291376793864552,184.93343676072962,1.2487455441841613,0.07527084386974521
86013,-3.602691051646759,-9.144037407434483,3.121783931726918,0.9274557002164777,241.1651265439517,0.9483188502675786,0.07527442745607635
86014,-4.83423488709742,-9.445651636173851,2.823150729821596,1.007522853225568,162.63164965096212,0.18493524257383243,0.07527838993417528
86015,-7.9016643392727826,-6.16643740613171,0.3395834292525879,0.6033907399904449,147.3159596116328,0.5002055365633717,0.07528260869404185
86016,-5.0915079256078934,-8.406119287445147,3.892013366604378,0.8854976355424119,222.8687709362296,0.8793081832910925,0.07528626873280031
86017,-8.58581783973399,-6.53967557616818,2.971497055026413,1.7871347525174799,468.1068582452856,0.7347441201100731,0.07529175655364391
86018,-7.47180512209146,-10.073423400650974,0.9590640856281022,1.3131116534885492,309.2587378821321,1.0357278050873022,0.07529223088091486
86019,-4.373019358107974,-8.608091818714701,0.798202060932187,4.8878721269666485,484.82436909266363,0.041824426902161704,0.0753041451309889
86020,-6.126561310967751,-10.334782974660563,1.491344177871267,2.948710521166968,491.46601257642146,1.0269778093976951,0.07531282074639345
86021,-4.880743716387271,-8.728467383359735,3.64190626136621,3.028154626443373,502.02435786359786,1.609849639469867,0.0753164440445978
86022,-4.565141628921404,-12.417228112465478,0.0373982524154681,1.1713384786323922,303.84993110980565,0.3912486521969596,0.07533535627738114
86023,-5.969913111618268,-10.291025454651903,1.5330828775233774,1.1641004435742979,252.84120636673563,0.09741739680762329,0.0753403118730576
86024,-2.452322276896714,-11.734130252823054,1.8716169171418755,1.763625951319577,417.8235023115728,0.2589247345914929,0.07535324180253734
86025,-5.168515146733831,-8.261910763558504,3.92743027495127,0.9645763745225081,265.11639881102644,0.5328868603734973,0.07536078939550814
86026,-4.113913896792414,-9.68582840655076,2.4294348354590842,5.145572734028914,476.1899689114711,9.56897407267121e-06,0.07536955402297746
86027,-7.663420236316739,-8.680596737084034,2.8391360346669225,0.8168085536963062,435.39643891865745,0.012241465240794724,0.07538038560640753
86028,-3.8738481931953093,-9.718558445046577,0.06686338071014329,2.2303049593025395,428.23967825500233,1.558352597376877,0.07538459629801025
86029,-4.588313635724623,-8.21265880275566,3.740893144179962,1.901650015589719,468.2931980688885,0.2636173467513876,0.07541175338460313
86030,-7.246901229355388,-6.860393275538359,1.072068320546501,0.9839733366378656,468.0284570737575,0.28494220086871636,0.07541649276594534
86031,-3.521708758894409,-8.694925681308732,0.7103419103301711,1.6180685305303908,340.568087499788,0.23488176611101164,0.07542407135568865
86032,-3.0582572742518295,-12.094056507201946,1.0247896952649174,0.5353558571713339,119.1822670312603,1.1108305802269944,0.07545763566906558
86033,-7.809332221488519,-8.434349351315499,2.9289313059888324,1.503359066488565,342.71266659503385,1.6008939847500843,0.07545908798531654
86034,-6.334910211165769,-8.312476586934123,4.280604550009115,1.8491034488847728,441.18515774880603,0.4993512196233647,0.0754598145608819
86035,-3.59366516383675,-8.06287738177882,2.972166313750678,0.9047864679383972,182.949765440803,0.08077326139087937,0.07546014804749702
86036,-6.374917606229761,-9.934552372500926,2.2070746621909345,1.3277971273323979,468.3602482719815,0.4860944181409659,0.07547546455963593
86037,-5.190484359312805,-9.11668343342948,0.2398482843616143,0.488160214229161,109.6144287457406,0.4026172633016607,0.07548951225007738
86038,-3.582884994933133,-8.081835769505329,3.182452661776424,1.8912074482007752,468.5020689229157,0.3609481053556962,0.07550047851557799
86039,-8.524002957333668,-7.558668149542779,2.318262265108649,1.0583377230018374,208.31049945772457,0.11960903364975461,0.07550994630260593
86040,-5.940325119775643,-8.502622080640402,4.053892860415612,1.5593023331108349,468.1028676316585,0.7325052301475639,0.07551845571073552
86041,-5.797198249584703,-8.757636149455362,3.774545301619193,1.8833866934270183,453.3002434066945,0.329366016403557,0.0755290091981457
86042,-7.197359673956722,-9.69028880165644,1.970334777766856,0.738286871254386,468.25587344302755,0.32578790851892414,0.07556188889271968
86043,-5.511468405157226,-7.874250715312361,2.5577997439497864,1.4481703812415219,341.4113585760692,0.3076624799944794,0.07559850203374667
86044,-6.590968501698617,-7.83823758238276,4.503072125785339,0.7905669508135487,467.87745762160176,0.5034621118508378,0.07559976233199468
86045,-3.808502709454869,-8.290901410564349,3.650609257478418,0.7211356454448923,128.49898629915342,0.12143881527917966,0.07560094262210376
86046,-6.144486962313511,-10.020247312664438,1.9564212846640536,1.4022976182433555,175.14180164373806,0.21071998347130272,0.07561584409263639
86047,-3.116199927844039,-8.223539558864951,3.460256429966437,0.9811796398910462,467.6650769408325,0.20829758185300928,0.07563849293906513
86048,-3.002170770185046,-11.615874395182043,1.0985164057196724,0.8705054506951229,193.5073319043241,0.19456560267409717,0.07566628662804302
86049,-3.369867399463047,-11.168168692513143,1.1664925506544452,0.982830540591963,263.0186043729371,1.067320244793697,0.07567941591977481
86050,-6.53584608590468,-9.996801688837746,1.9707144887226504,1.3864097943200466,312.109683371074,0.23808795725685616,0.07567984685353485
86051,-4.853566934310911,-8.4047217733766,1.1645304249670907,1.2132739799575085,250.0225877910341,0.2644996303282392,0.0757006985944785
86052,-3.3681676696319576,-8.068927411476976,2.7636930382874647,0.9727888097152178,270.9100992134134,1.8866662391687816,0.07570187605974636
86053,-5.41458117910073,-9.880035150917465,2.208719759955276,1.7882563564088,469.6098189928104,0.2374582752658867,0.0757063967291146
86054,-5.783874956047569,-8.096181394910108,1.528268109641544,1.107427038733435,285.89006341622496,1.486953768338469,0.07574173418361602
86055,-7.588929761357628,-6.610038128267241,4.456490712356412,1.1667875257247182,260.1565870332625,0.15807362595773444,0.07574291892590443
86056,-3.2261027085222604,-10.32347188289944,1.5163529289095141,0.901487979570232,236.14167258496937,1.0456892802926836,0.07575033509740818
86057,-8.40151036354697,-6.081221134639305,3.4909843953503303,1.8209515528317062,468.2676771651216,0.5078983451763985,0.07575553168050088
86058,-2.702577916076657,-9.990065319757152,2.735168889909534,0.9234509055909683,235.30747178922164,1.1998101233579677,0.07575603913533112
86059,-4.140080895125269,-8.054233450674317,3.147964220267196,1.087139155541775,467.91887320717336,0.7669348011574417,0.07575804064881249
86060,-6.47502433653899,-10.091480587404275,1.7103864838069116,1.7711953997192063,420.52902830519884,0.10603868322355492,0.07576003543988512
86061,-6.93920497849001,-9.732347181014351,2.2738598137986097,0.8759125363625424,466.251084889823,0.6462561065923476,0.07577152390120083
86062,-8.03859723834237,-8.292258599359092,2.6153166847996285,1.8545597590891658,468.32273406305086,0.5456768317316794,0.07577187526709822
86063,-7.583159938472944,-9.695662471089985,0.5761236472577604,1.102831023731816,161.36372513556074,0.12868010919947093,0.07579207560756676
86064,-2.4866950307800053,-10.179473232810672,2.0435187006279487,1.3667941320032726,322.8679163407978,0.3792334450557133,0.07586242973042559
86065,-5.635419616472735,-9.574803113910086,2.7331719526110394,1.110096358644134,223.61087581546937,0.7552001029974642,0.07586553305861522
86066,-4.224100791192225,-9.230433696459647,3.0352415657741703,1.871547050807074,470.0970800125681,0.22326778301774652,0.07586847471057609
86067,-3.146932704611012,-12.225427582456035,0.9953956351647717,1.0610192235047786,283.64703986289976,1.863547836235143,0.07586943328172943
86068,-8.624647271953478,-6.085448516783257,2.837132611208392,0.9654876808864947,465.9464067467729,0.26781470318599254,0.0758808334565247
86069,-6.228648872843718,-8.47004699488966,4.130885958146229,1.151803027967729,466.29356528251236,0.3557860432608484,0.07588098015167426
86070,-8.617536691949429,-6.047625897820072,2.8650883493283525,1.27407670144208,318.3348773036003,0.4734365231959643,0.07588215314144185
86071,-4.8062315179450845,-8.022670498228205,2.454413382618461,1.8294659811480847,381.09912406360166,1.3096944757951414,0.07590513818132427
86072,-3.8557016031490177,-8.098692100904639,3.302973053484217,0.7021905144076843,215.79836590478504,0.6483994693729089,0.07591119469927586
86073,-2.7506504442618827,-8.699760677243415,2.970113023724226,0.8309047897823626,470.1333891627124,0.08406708981850652,0.07592799180266775
86074,-4.432284356313877,-8.114472957436492,3.50682199692439,1.1168721814333629,252.01432828432863,0.16613115057111028,0.0759430952374822
86075,-3.076604332622913,-9.679086483617187,2.5024068105126154,5.453383109497498,298.88384253893673,0.30527894105702735,0.075943919412347
86076,-4.904334180988938,-9.082791945303594,0.2777574641339819,1.5439647872062483,337.6737256701958,0.4283290801465549,0.07594814843650692
86077,-7.28095538791883,-5.8920591252969485,2.436300478677358,1.0977473459311504,285.1971247906377,0.3629179734600294,0.07597304736614516
86078,-7.268403202289463,-9.758948501879232,1.631377053976556,1.107809774885526,259.12971844939057,0.24514667171505078,0.0759786555399258
86079,-6.398437641034314,-7.581696890300214,4.11810253881084,1.0106608054733868,467.473222057364,0.34160028354947247,0.07598734124729824
86080,-3.656316857512458,-12.643168634024779,0.9345944978859901,0.7444829572136114,142.7938719959573,0.10623267875138165,0.0759917603333565
86081,-6.710938305538778,-9.363681048380489,2.9805337849407287,0.8273595610941104,216.47209465867502,0.8745979286359367,0.07599579302735104
86082,-7.412404178420067,-8.569355480828037,3.4276312748324336,3.231240111310781,449.4455842564266,0.10883356110738074,0.07600611347827949
86083,-4.188282023646678,-8.870785535317145,3.4270565994784397,0.7248086196547878,243.15456582589974,0.31008506803481684,0.07600769176819713
86084,-3.3930661356387013,-8.529004571067812,3.638702394910593,1.8638649428278746,388.35016068501545,1.6837798145391574,0.07600886064772558
86085,-3.3378307400092613,-8.082922471411848,3.1747111230191116,1.6030990340055498,372.94453115492666,0.3719698870433632,0.07601333762113908
86086,-7.9590509484460465,-7.204386747711943,0.43897627352817803,2.97233534010757,496.17498088374026,1.376246334791472,0.07601580795028516
86087,-7.359470743284957,-6.228034065939296,1.1753389399523095,0.853226207347914,467.2601997334048,0.5558611089264618,0.07603210148232803
86088,-3.777210246217889,-8.92875973395418,0.4299743519029389,1.4504936271450843,319.44650905229287,0.7618807109579127,0.07604955446403698
86089,-7.160968100377609,-7.78749491268589,0.6454463181608395,2.156060954450261,414.3018307856852,0.7611668510137504,0.07605559983080094
86090,-4.862827284539902,-8.575926759479948,0.7970362019895854,2.69359208737943,472.2169006452667,1.3971164183323195,0.07605640904198262
86091,-3.2812871155038295,-8.468983112360217,1.2047830657563945,1.504777946210651,343.27713988932965,0.7771741311550011,0.07606147075328717
86092,-6.510493568977793,-7.3239006599269745,3.1333391882120134,2.44026145875653,431.1831987794336,0.30743946880690043,0.07607762040929943
86093,-5.897779023310016,-7.827382546863309,2.1552957809454876,6.672492863159115,666.0835411148992,0.22891339210532813,0.07608904324775262
86094,-6.972649699901793,-9.518478152426992,2.577732875069345,0.5974422496592012,123.04231427896902,0.19774246078433588,0.07609264996820408
86095,-7.433266439406764,-5.5144423244929035,1.2710356955443705,0.6646627666954219,468.37927402654464,0.46326086802647914,0.07609352352942501
86096,-8.492404469249639,-5.932601184399532,3.238976378714917,1.5924817211454925,467.85945364655726,0.16976585253888832,0.07609582785176326
86097,-6.204303635565222,-10.033220768449493,1.9026087661119475,1.662337003068244,386.44170521353607,0.15226409866476143,0.07613046168624071
86098,-6.5265603656135855,-11.729702400552075,0.27701752611869473,0.76614487077266,228.25975171908368,1.34685275762327,0.07614208766091357
86099,-5.0693432692944675,-7.940311741343462,3.2599178370360273,0.9427527711169658,221.64715085590558,0.4436517544597338,0.07615820839777311
86100,-6.93231062097843,-7.492296817095494,4.531823719909642,0.8108031587239702,159.95131144999567,0.0470935087481239,0.07616047143401447
86101,-5.722020621476931,-7.99718243982069,4.038556584382498,2.482390280078417,452.57874693338454,1.4812495570463922,0.07617008811442777
86102,-5.449804436284762,-7.868048026094605,3.42871677153528,1.7632782499695931,468.50656988683363,0.8177034180951344,0.07617569609836898
86103,-7.0071006671667035,-7.368112758011097,1.2198302283924676,2.028935006745939,403.96261369298713,1.1911118273320156,0.07618711632841046
86104,-8.177873297378866,-8.223472743547763,2.3310787769016095,1.8619168031141062,468.18975608994197,0.5630383537319785,0.07618955420719906
86105,-6.649837856261485,-12.040370976763441,0.6446062805827479,1.8066680862287807,468.03032676521093,0.38170290744161317,0.07621157097859256
86106,-2.454682464015299,-11.72100023022342,1.8884401301836673,1.5592422484221282,351.2109350324299,1.9210834228827576,0.07621267928015647
86107,-5.645213540116135,-8.532554287848523,0.6964439636906429,1.7021768718006653,467.84091238388754,0.43113721067774335,0.07621615910998918
86108,-6.659765142443015,-11.526449649112568,0.8050644056838226,1.3824680657396275,319.63994980769235,0.9284959164691262,0.07621877525101857
86109,-3.022471188810183,-8.24341359788148,3.233833551335842,0.8543970455952049,234.125743103887,1.5304376305639051,0.07622877225952666
86110,-8.308588533489273,-6.990665064330174,3.584904604865862,1.72820318247837,406.9723525312549,0.5821263453693151,0.07623087055000721
86111,-3.05789423335378,-8.688966334653099,0.8200206132222138,1.1219681296692279,289.4257842896081,1.1581529846583658,0.07623937479407036
86112,-5.144264612223836,-12.454221688806136,0.9286211588215145,0.7087239223902361,142.0953630421758,0.34897529639515756,0.07625093399681529
86113,-5.65590114175741,-10.457496364757253,1.4302736653542025,1.0822868297176111,280.4169181190082,1.3266690231119354,0.07625341550714432
86114,-7.311260233386834,-6.369827767553411,1.4846034391465739,2.071206591088481,387.8249706533355,0.5387650532334485,0.07625878463771636
86115,-8.300008560989916,-5.623703617237902,3.6216485915030296,0.9116953384182962,158.4003438061322,0.2788857979252892,0.07625941787437279
86116,-4.908326793571255,-10.517718926903825,1.4009883483449095,1.4410607678084344,334.0491240174335,0.45001719286131614,0.07626838058997139
86117,-4.8341745345011375,-8.280448876899202,3.811304621904196,14.19007427155611,508.83981755995757,0.14642990068027295,0.07627892049992191
86118,-4.868174765129929,-7.9789094735529345,3.157166840344577,1.2521398202360543,223.6242104441651,0.06452224521281735,0.07628056234955476
86119,-3.741668723736396,-9.02865788765822,3.234750374753825,0.7859445177386942,170.15528391755964,0.5412428188802814,0.07630891278548584
86120,-6.637394918355186,-8.274382869471623,4.3073035483771935,1.0515232458109438,467.3408931531412,0.45140301016216533,0.07632404952437258
86121,-7.2527700129310375,-6.260789439125688,1.8896410848588647,0.8026260083870711,469.24320636594075,0.17772549232852342,0.0763278636151773
86122,-3.9823564078564395,-8.79010854656412,3.4847164913206807,1.2246535812794035,224.5897647470559,0.058015940419963385,0.07633362220950375
86123,-5.0263591957752025,-12.339617356936353,0.9436910895082535,1.121301157343428,269.8983889106528,0.39609848146599713,0.07633400281859312
86124,-2.953418235423505,-10.002067251757904,1.9042697265144415,1.2640936072115128,469.9048889937286,0.10213422339835265,0.07633990194699398
86125,-7.446679062411972,-6.007451869731034,3.917524134827374,1.0080360406550422,259.2688718205882,1.2910606617940052,0.07634443456665707
86126,-5.294719862476848,-9.8650944222029,2.196814504548731,0.9296530475828536,180.47417305045727,0.0685739352185708,0.0763472677734927
86127,-7.480969917346603,-5.889126213752924,3.892001896039795,1.4312688226194399,339.9790858309215,0.4418132993107706,0.0763474752335623
86128,-2.6736613608272286,-9.500150845061745,3.164176006919489,1.6303673449510394,381.9171322875685,0.796506314431876,0.07635022106279736
86129,-6.4925494443437906,-7.77709365848682,4.434186350331549,1.0402801956673635,278.9388337580337,1.1064400799467897,0.07635161488691722
86130,-7.598805735464522,-5.229778142751036,3.7542100597564354,1.4326819271950777,332.5483521526486,1.590191062949768,0.0763532452583908
86131,-3.5800015628318347,-8.8719456766457,3.3967909782287053,5.624736674465411,326.53945324253976,0.262475539610425,0.07635740701050174
86132,-3.4434207388670774,-8.082380543195985,2.7041406600089712,1.1171728602263078,288.54111033191043,1.2291058533727632,0.07636168825898675
86133,-6.422983595232829,-7.6399833107090815,1.9204305438800893,1.1835177642534442,299.75459394006947,1.8348681764736954,0.07636746979216279
86134,-3.314478651256268,-8.133089247510542,2.2659474470639576,0.7434132059529802,223.99015486264352,0.24071197370459618,0.07637022170294061
86135,-2.4606858108988936,-11.360492401641263,0.5817882857135078,0.9916099041922408,259.7181830266853,1.6100317765087766,0.07637204725062176
86136,-7.304241264570828,-6.5950119225712935,1.1045320488850736,1.1146080497207245,467.48167888187186,0.07186738306594531,0.07637429528567258
86137,-5.470211002866504,-8.145660640557185,4.007696369464801,1.1749958943690948,468.72372287852113,0.5625662469500385,0.07640020705648745
86138,-7.407017963127442,-6.507505815320203,4.276038554575422,0.6304508655689675,134.77159720408727,0.1319406908961458,0.07640722534409039
86139,-6.614502576912395,-12.335919513883644,0.6204341576419261,0.8715345789818715,468.2179809510984,0.3103035983384963,0.07641222912620933
86140,-4.441584297157085,-8.051682756422984,3.2843055870251145,0.8019542807548047,151.04623682850527,0.3624675596026954,0.07646534444882423
86141,-4.474754061211673,-8.41031285654904,1.2636815052057102,0.8305071216987181,469.2415249792653,0.10078426311244204,0.07647871409244897
86142,-2.842150921864466,-10.086892519849021,1.902748523918851,1.7591234919129164,416.80225540630227,0.4639084901140462,0.07648069413215504
86143,-5.341389955746354,-8.996170837775264,0.3023169306329825,1.8790564373678469,468.01524076829946,0.5082102679016023,0.07648319275406082
86144,-3.2960116723937816,-9.809045236659475,2.138191555288655,1.6771218372314414,468.64598763730976,0.324998098963432,0.07648454886724496
86145,-3.245101442334014,-9.174385144499956,3.0835186216720487,1.8816423039296335,468.41952555141233,0.4380945611969844,0.07649013647027321
86146,-3.970074552050048,-8.378742764566098,3.6905691228383577,1.8054792715360595,431.37610311247255,0.06519260326684062,0.0765109210595127
86147,-8.735177812717104,-6.2852441753843244,2.286667167371221,1.0863172341320038,467.3915185737365,0.8839692762151845,0.0765188215259199
86148,-7.17259568610617,-6.341964982529369,3.0578728812704914,4.54142304269602,332.4898614345147,0.18984756027149086,0.07657752166945424
86149,-7.332372607350916,-5.598409869616172,2.390612670549383,1.1524566293065617,233.35086398433435,0.43526988127822275,0.07659039702527776
86150,-7.015409178311195,-6.7270637897211,3.3945974691833176,1.829716162123903,468.27585971267314,0.5906722456173066,0.07660239101287586
86151,-7.123663211984945,-6.475549104240781,2.7190651794024077,1.6990212698705474,468.2206437354189,0.5384836965579796,0.07660945258440886
86152,-8.772674164317841,-6.405593583001204,1.5758121682838786,1.9719068281215966,396.56702018357987,1.2130056623889969,0.07661003680575273
86153,-4.422500657420767,-8.025772725377283,3.088582334478433,0.8113457776294023,425.76098176366236,0.33593203859345433,0.07662253308347297
86154,-2.544444183869878,-12.028897316558282,1.7037409759409916,4.350064274297525,402.45055986818693,0.06703301878309365,0.07662661120008372
86155,-5.89280594863773,-9.931482995991711,2.1646413272059566,1.8842364968667689,369.0529694932821,0.48183939794009945,0.07664357426837702
86156,-5.685583446804301,-8.615560872631743,3.8852052823104537,3.107765569082239,379.0357465425669,0.0001990416539880968,0.0766464074703517
86157,-5.606915553882336,-10.272944747954886,1.547050018596127,5.732075776934384,517.3290412581496,0.030717597976630984,0.07665792376199132
86158,-5.377035206340201,-10.424440036099954,0.04829570031839884,1.026799034611577,269.2479748016008,0.41041200727123517,0.07668397422498961
86159,-6.935020111370532,-9.918003428184932,1.7893356420906972,1.4503485801647198,321.9555438920126,0.17685657758831752,0.07668836594056014
86160,-7.248789980233962,-6.485884803815634,1.670493462982421,2.8782128613760616,472.7207798618823,0.5224104205371605,0.07670197593977525
86161,-4.3654843672656085,-8.576914246636171,0.8506626269820916,0.7140184170997764,160.5047979029489,0.24767547883512808,0.07670400809736297
86162,-7.491614109134263,-6.579338984959194,4.399015408660261,1.8816322998860744,468.73085349197,0.14496750048280305,0.07671045691426291
86163,-7.535892592524222,-5.334213443398601,0.7168556413046446,1.72273945398575,468.2483172878679,0.5442743310169851,0.07671414391237544
86164,-5.93988373951354,-9.895123789345273,2.2517346300310686,1.1683706214231087,302.8964819492821,0.3219826367304153,0.07671753107851578
86165,-4.319807407525493,-8.946650983292516,0.4024387736632642,1.052120059974793,279.7097916033489,1.3621449321529315,0.07672692520269268
86166,-7.267578742471015,-6.045791710169096,3.0702019558737375,1.0654124812940629,199.78060986019372,0.3468755875387073,0.0767288655725729
86167,-7.067836075698241,-6.850608516679571,1.911104888840037,1.8539948701809457,338.43600359072224,0.19549190592867216,0.07672904819122883
86168,-4.03501159417579,-9.172934380737567,0.2530629255769944,3.9692323700797982,567.2234589688389,1.0194982959309966,0.0767296685473654
86169,-5.462206340883865,-9.338685492813212,0.1466970992877137,3.215848224290906,516.1817175627319,1.4051600938374067,0.07673530054958719
86170,-5.628367509521067,-11.536120033111235,1.0396823332245746,1.1409568444023135,468.6674589799456,0.2604192064945847,0.0767464884096492
86171,-3.388999470711193,-12.819451188978885,0.9194715122021088,1.1049996930704502,229.73390435956094,0.4539992280037035,0.07676748059854863
86172,-5.692763587614178,-12.740208191429913,0.09809632905770961,1.8181711121905861,467.6424008728825,0.06449739799023124,0.0767816753046015
86173,-5.51015730519053,-10.524687052956313,1.3947087011515484,1.4224552121539769,333.0629654629352,0.709046247145328,0.07678617538183914
86174,-8.190398194612696,-5.689049508161526,0.3833076839270773,0.6872989338808979,468.032946247745,0.469173955116557,0.07680002870683139
86175,-8.366213512695834,-6.539829568348352,3.582620615786669,1.4915446399454142,468.34788979071067,0.5166638206302068,0.07680623597724796
86176,-7.350467145270802,-5.469649193375453,2.6002708103680585,0.5776359905017592,160.24225211950483,0.379797000195663,0.07681567224827283
86177,-4.816696842441985,-10.178122807290935,1.615415571634753,1.643943121381997,380.5099572085761,0.029180831131715657,0.07681594043650718
86178,-4.125131723805389,-12.365606721602784,0.9544710465445815,1.0302212063785223,252.66470518406746,1.2200803830360938,0.07681616776339006
86179,-2.5307951089156457,-10.723541995910088,2.1815147342785317,0.904486960869638,380.21757207995523,0.32932292459412604,0.0768193700042087
86180,-8.007423713902755,-5.961350788140843,4.087204562765764,1.4159450592323626,468.66185501438133,0.5599974552585811,0.07683295269729586
86181,-3.6789345937230555,-12.271731960899752,0.964660371326443,1.7577022842622503,469.76151786907195,0.2029482758857144,0.07683976641566655
86182,-7.298230835635639,-6.748129224089673,4.322999085124877,1.4510758304189606,350.03320415504027,0.2359147614997763,0.07686192708671873
86183,-6.452718147540469,-9.185924950798647,3.2884702982751146,1.618017654241273,468.6700273493438,0.2607245466145116,0.07686394935812937
86184,-4.243358350555929,-8.102623640460301,3.382579062256119,5.154478650154972,629.4637854888053,0.5287064584883714,0.07687433683139828
86185,-7.584064599591613,-9.762726125084022,0.6518535192904359,4.229674806164993,480.47150257721006,0.06485932593445654,0.0768827827974291
86186,-3.11643336739155,-8.129355447889715,2.8976615004903388,1.225148005445163,417.3637489904742,0.20114768008347372,0.07692664173106968
86187,-4.364266858595847,-8.055409521130162,3.2361440822959775,1.2606984077983177,173.88785631361029,0.27351103110009856,0.07694166560431129
86188,-4.054511640389369,-11.71079643507,1.0398595939240562,1.862248360808922,468.02679849161683,0.38012021830725384,0.07694279033116071
86189,-3.120264260027282,-9.1710950209931,3.1417453238559516,0.9220725210876296,140.19995958203953,0.25840578405682724,0.07694652896120288
86190,-5.808209545740931,-10.575908380426037,1.3544712956197205,1.9446573478172713,399.2248219502389,2.13844123277818,0.07695202275898905
86191,-5.99744179072125,-9.10494659656057,3.3895554364003146,1.4534779123749209,468.8816141101004,0.8888970934156815,0.07696941191407222
86192,-7.2052711003900205,-7.216860606173488,4.534241665780318,0.9952187758709153,261.51316108408264,0.4602789746867897,0.07697779929889863
86193,-5.5464222491565165,-8.670838117659859,0.5554398635195207,1.0673203695370315,280.5722475918749,1.060997475128028,0.07698659274579134
86194,-2.844413807988147,-9.500790707759442,3.0685432904730243,1.1182060633544324,466.9647450736874,0.6223198550008355,0.07700349238664662
86195,-4.251101742336148,-8.380175099829081,3.7168944199307794,1.0565730116336167,285.74542072999736,1.1126854652031417,0.07701827066385201
86196,-6.4756060116869545,-9.302933102015587,3.1245825029403633,1.6412609513980498,383.922067241846,0.2378391618867557,0.07701993700064015
86197,-5.786344839528694,-8.187623276443484,1.3093408172226453,1.1122984885577958,467.27304532538085,0.2772558715799587,0.07702093162185604
86198,-8.365127717294026,-8.33383149468699,1.1746182943747512,1.105329453749744,284.98473471136066,1.3158358351589925,0.07704202314457152
86199,-3.8858697216723668,-8.131785086921107,2.194442117664435,0.6838160948071615,164.54522822446478,0.5011258621729064,0.07706664947971761
86200,-2.7999293020217504,-8.543483281416405,2.8819815945044884,1.5367405641387815,353.35180496754634,0.5960414382352424,0.07707213084176132
86201,-7.165080527256466,-7.125679955786504,4.463680169580034,1.0411504147896338,207.50943309383413,0.8357092735505303,0.07707360190156966
86202,-5.469624667160836,-7.913763621708489,3.6670244965291823,1.1484142507808441,297.3769423864463,0.6789823100931303,0.07707573155885289
86203,-5.92443784890894,-12.271999686513922,0.8782562804145704,1.7929430982415977,467.2760570225613,0.15465349080461177,0.07708019247110835
86204,-5.490025799492082,-8.047583326574324,3.9398455405266284,1.4786515253872323,329.57620538533473,0.5697070996201861,0.07708408840498475
86205,-7.54700059268038,-6.454308830510911,4.353374743661823,1.7845098723795176,422.9513989739651,0.4888623583288423,0.07710782273050351
86206,-8.06773846013237,-7.1476235894382025,0.4800001683498522,0.5862753398346384,122.86599049871738,0.008552268945121178,0.0771170353045826
86207,-8.074459123871419,-5.952225428318537,4.006790635597259,3.1127319815714265,505.93250877180856,1.0801855509141634,0.07714783211194023
86208,-8.16911236117257,-6.3716073073152835,3.959199771375133,1.8962217351499977,457.3570102976401,0.44603923850014393,0.07716463979481214
86209,-7.417913761494787,-8.5909225534838,3.3814966585497204,1.2043081796676005,281.6129738824166,0.3226604388173362,0.07717713080345612
86210,-2.7158887405612226,-9.403238044621311,3.168142967712849,1.1277638659673574,463.4432810678033,0.5923705930484502,0.07718305263057135
86211,-5.412401714114688,-8.212940075004056,1.4712051556874537,1.7171757231775844,468.7583352270384,0.9098394747781304,0.07719875035486597
86212,-3.9993307756655208,-10.531995553709281,1.3857310286894222,2.580181279676938,464.6839073853836,2.029956782817722,0.07721378203007333
86213,-3.1133187299769896,-9.955641315539143,1.8630973790598975,1.1015216416977027,467.47376318700117,0.3091094626645683,0.07721488337060156
86214,-8.370041476357354,-5.232041143196945,0.4839897578882448,1.8052115988349928,431.42991694405777,0.6751073368543343,0.07723343820947529
86215,-2.811703778086267,-9.901214279619284,2.5388514152499604,0.7557986680501971,149.23590284057377,0.163658350916422,0.07723573097662388
86216,-5.16827628135511,-8.162836784149569,1.7175522497156623,1.2587181347852776,311.0628300278116,0.26086528896005223,0.07723999766173711
86217,-3.191312221708867,-9.69326132720423,2.3749906718602993,1.7851709041541266,426.75961090457304,0.8706596817978687,0.07724053468763065
86218,-3.6450053631657227,-8.408662100992522,1.3641362573037696,1.7030705698329944,467.6204251639794,0.5156798243648195,0.07724278475197874
86219,-5.431761331940998,-8.843381681566221,3.6019737039595623,1.8263921468259237,468.4186084727168,0.8414452250694024,0.07724373227992574
86220,-3.1069373928107558,-9.344444540282279,2.9160349533469487,1.6518001158060498,381.81744922937315,0.15609683075852754,0.0772683697506691
86221,-5.660904568208812,-8.75976125555957,3.7305345310069056,1.5724242327494111,371.930569171702,0.5692982311217181,0.07727328242618123
86222,-5.533501773243214,-9.06607970585898,3.3618420725942744,1.5233104733589593,468.1150224202699,0.1021816813162344,0.07731819134748175
86223,-2.5195233583588674,-11.972241280216839,1.7984825654012278,0.9354639610676412,263.45010843886706,0.8067248763306738,0.0773236767755716
86224,-6.673183823245829,-10.289980663409732,1.4226147574421588,0.8575464086183032,230.51202083250053,0.5170741086510988,0.07733852674279923
86225,-6.8182499928265425,-9.858977524456371,2.1158577576235538,1.7270075514498993,468.2579749641156,0.30380537268766084,0.07739094068989007
86226,-2.7269703527576308,-9.783191578018394,2.9072305407434103,1.1389012113019787,239.7369249516993,0.8125575166148087,0.07739630673801855
86227,-2.718656028782953,-9.761770525779347,0.18265009115671896,0.8184290372393571,243.8269925069076,0.04324443653354049,0.07739962269679065
86228,-6.959331104502244,-11.135608316850652,0.636050917580173,0.6879700530846342,452.0037573951282,0.41754522539506045,0.07742287198970059
86229,-7.5089856572253275,-9.262997983164873,2.1611806397277684,1.0995539960827032,284.55081126257215,1.5735961275996493,0.07744076352519653
86230,-5.303003051151595,-9.592398268147877,0.08956931035134715,1.1214293688405514,467.41550037213676,0.6630019828896243,0.07745205232656314
86231,-6.426189449435873,-7.740523792191568,4.350348888390888,1.266177268575736,470.1213659772262,0.23122726709898078,0.07745496336002562
86232,-6.0753786994274535,-7.637594787367584,3.549220601412891,1.6701678244282077,393.0418249519318,0.5493546817221295,0.07745832280465018
86233,-7.403871349300203,-5.004939603620998,2.6099348571994287,0.8613841681864578,466.77154273812306,0.5505082889535302,0.07745949890470828
86234,-4.5140416089477515,-9.536498996970726,2.6468680108243334,0.9871774102443852,468.551980842229,0.9367155679445522,0.0774661845401771
86235,-2.505544305322732,-11.204744250353844,2.0057349146239156,0.8574917187265023,178.4569167025813,1.1164967999715936,0.07749539563106586
86236,-3.1280518231580086,-9.305547199901234,2.9867519045441258,0.9581915729079197,249.58084976681195,0.5930531316303815,0.07751007687712914
86237,-8.076670515183329,-5.1458336838989585,3.8337012685757137,1.869087730634697,470.034080370804,0.05360864799510434,0.07751442890419764
86238,-8.73434689839223,-6.317269479708862,2.2558773785424067,0.9601501273266244,269.16009147001233,1.799951600150794,0.07751529623887658
86239,-6.907964992228978,-7.080613390213223,4.001758751915591,1.8084488806327046,467.6966328642598,0.44530570149369275,0.07751716288394417
86240,-5.195340676280053,-10.695847899710879,1.3060323009252959,1.7283026895515137,468.5713655083143,0.39004395112705215,0.07751857370844753
86241,-6.767400605585241,-9.36695726777198,2.9319880929491653,1.0421315430958773,262.6232788431792,0.4449699406504015,0.07752161184466748
86242,-7.633929209863796,-5.735448898159418,4.013557904164736,0.9216111279785246,247.3140641004897,0.966621371632856,0.07752226815759179
86243,-8.506167333637851,-7.407545196069279,2.6090433214851143,1.4881630505738033,468.5859884107468,0.6503876064992387,0.07753678368554608
86244,-7.590708565433507,-5.8876440222612665,0.5648236381461174,1.6530973936312425,380.90494877759363,0.06110437341339203,0.07755263795291696
86245,-4.771229955221559,-8.023478744882624,2.514909165057641,0.9424572217899133,250.40095912703217,0.33958679758125054,0.07755386688099641
86246,-8.546477497742138,-7.131498255726026,2.778390055639206,0.9396784995169664,264.52688558953565,1.1635949439435107,0.07756076441716128
86247,-8.735353683619257,-5.128505621770025,2.135196190977791,2.867547479846314,264.11910155348755,0.1870814513300223,0.07757191900726061
86248,-6.857368611082853,-8.814497014957318,3.625026355414553,1.5803636110489223,373.21699594792193,0.26093908850086134,0.07757426797451873
86249,-6.1738789793291025,-7.566265173088135,3.363700277926645,1.36527997958592,468.6538392085931,0.4643167586941237,0.07758430916567581
86250,-7.738853671299889,-5.0850479280770235,3.8766105624047382,1.0557368776311757,411.03731131072465,0.3430637511944701,0.07759105335553083
86251,-5.735131110183647,-10.374240732509541,1.473593806767179,0.933020429240782,467.95374394441484,0.35393493676104626,0.07760122311050278
86252,-6.567216490798125,-11.481743279166306,0.28681799668745717,1.6494403993392737,468.5571459574806,0.18271326451741832,0.07760294939675794
86253,-3.241717522480948,-8.116477448535882,2.4250245910403385,0.9447227269587707,261.48444406284443,1.481582779906046,0.07762226355847522
86254,-7.383520241595605,-5.701171557394069,1.7235839717298123,0.8644798831913248,246.87040963105056,1.0286427017933173,0.07762784700000157
86255,-3.563929146051711,-11.707716449314374,1.0388231373581334,2.732251475868761,469.22695382687766,0.7976944879156092,0.07762848827495852
86256,-4.992750247233229,-8.817038065889154,3.553010323551485,2.761917949619245,373.04424641845355,0.0721202421133258,0.07764040983860547
86257,-7.826834250027774,-6.572383113701194,4.366342820470168,2.5380428789923735,450.5706261727425,0.7364810679411296,0.07764057762000752
86258,-8.525355602419996,-7.113950804719181,2.8729699039116947,0.6473587097826683,193.4488025791788,0.948897063345508,0.07764305352339818
86259,-5.417395146477271,-8.545363243673904,3.868072098236218,1.8744823169827798,456.88490516739813,0.5363259145149559,0.07765770615586576
86260,-6.226914915356696,-9.960514301509555,2.0934858712422875,2.3752691729878856,445.1605623098514,2.1183944995132302,0.07766297117650642
86261,-7.124360094918516,-7.1511262225496015,1.2142389490409367,0.7307616041041416,468.04565940108745,0.5087511484482254,0.07768188567671376
86262,-6.719087395850787,-10.983751922005494,1.021168998895324,0.7958701977720666,467.4031505407336,0.5303581511964959,0.0776949343987455
86263,-5.335420883923703,-7.981494900285272,2.2056765008326544,0.9978834676938386,200.1598604022625,0.16305114749987037,0.07770556077918336
86264,-4.725880153079887,-9.81632156548052,2.191746015134271,0.8838268480034118,182.4088961625428,0.5643338782995704,0.07771677760727816
86265,-7.399537567033492,-5.006621225810213,2.332676472853946,1.4639425791525371,335.73252016139963,0.4174736081330339,0.07771880203662127
86266,-4.195634019597799,-8.056596188842159,3.074856766976132,0.7964426167634391,189.57273129276476,1.1673192511493546,0.07773118966269608
86267,-8.195964490501032,-5.712559962509789,0.38898244155958556,1.8466708723615917,385.6609674502963,1.6915013848704712,0.07773375166287774
86268,-6.703813228165863,-8.457355998292275,0.43991966207165206,2.4883883187285067,453.8948908781571,1.543375191039142,0.07774294861238461
86269,-6.977138932503666,-7.333679251354367,4.441259235664755,0.9290761784050404,258.8374524888062,1.500032268773274,0.07777389944910752
86270,-7.031293441230595,-9.785640706115172,0.3237120191801727,1.7900791024484337,380.00475161423816,1.5502375986901766,0.07777572770125198
86271,-7.512851487036695,-5.301290008539476,3.5332474111999197,0.882072854836636,468.38607310076327,0.8408332619527021,0.07778406734761495
86272,-6.633709160279489,-9.103430436165912,0.20067926057612837,0.6538786373732653,140.2092103900871,0.8040233005812718,0.07778516009920335
86273,-3.652436244330568,-8.46294325961882,3.6380589727342323,2.083622759625131,398.5599586989101,0.5052642700091292,0.07778688846596112
86274,-4.907932353374635,-8.282996931443975,3.8065440983277288,1.779001264057261,469.9258543359081,0.12718480028829582,0.07779126038005445
86275,-7.325520167759635,-5.845892851113777,1.9652624467377326,0.6957564584961006,156.69973028717956,0.15240886379949625,0.07779495255302497
86276,-7.027753215239777,-9.810559621429059,1.9463194701498305,0.7901091135057886,168.0511076089989,1.044486290254297,0.07780494147738137
86277,-6.263276173418124,-7.685104693696156,2.0887502281030312,0.8191422418162685,222.21903857717507,0.28389394870492257,0.07781311757232365
86278,-7.013832723819534,-6.706334623616449,3.027534154056192,2.2286444687902343,237.3930465577187,0.1626392465497899,0.0778202566953446
86279,-6.682647406667467,-7.183036966702374,3.3626720790019458,0.926423545518639,190.87881403130783,0.10064824229721037,0.07783792945419608
86280,-6.158960447891997,-7.699053248901491,3.992168444695058,1.397718326229602,159.55060608913607,0.2630245203107835,0.07784277543665329
86281,-5.7212727352194035,-9.853611729949671,2.2892640931978803,1.7012501534020033,404.6120675961466,0.34068677948079173,0.07784422961133061
86282,-6.3536719950617675,-12.763142448768194,0.6984585558543712,1.505513463307204,468.74232213251906,0.8363903112702653,0.07784790757553052
86283,-6.967051510668361,-7.982743069139949,4.434065604395945,1.6837253486885213,359.3875766367928,0.9729442067755878,0.07785204046883165
86284,-5.9216045526619,-9.989236084171376,1.9601351151404498,0.9318113802167061,230.99750383178375,0.10864250017238763,0.07786275141988601
86285,-5.422851110889787,-8.470746813320764,3.916639687013267,2.23186681121069,430.37813873867947,1.9456812655301006,0.0778635607638104
86286,-4.1544866219556695,-9.479247629902838,2.693517719065152,1.2891637024390497,289.8151477736893,0.6946171908647054,0.07787430582366994
86287,-5.674531669441305,-7.793111004852909,3.3160820661233172,0.9482457347079295,260.07268498950486,1.0207212124397067,0.07789331674218529
86288,-4.501256930227875,-12.762284695331616,0.039724741037142325,0.8986420334036016,225.31184932125333,1.2527322033903738,0.07792242846215626
86289,-5.899044073825582,-10.902016050392168,1.1994503796339215,0.8937871572835895,467.40285557383135,0.692881611262326,0.07794159225346832
86290,-2.883287257698587,-9.320688203848707,0.30641360316344735,1.6687491994564525,392.57067904776557,0.5381886259737083,0.07795196064260157
86291,-7.185875918253911,-8.190585674970517,4.131283801824383,0.8468847476624429,426.28163042743967,0.5285182411747495,0.07797630135796872
86292,-7.8246809084495625,-5.123793730794886,3.9027920910824516,1.4514957213384378,328.65843472709,0.05294919740780113,0.07797971925850877
86293,-2.657196870650843,-9.011793194733448,2.7208727019642547,0.7987704138229387,468.74469441811834,0.10881241881706227,0.07798654960361666
86294,-7.251353098128282,-10.462736352494236,0.7068308426615205,1.286398169553118,286.48413692121323,0.22141407571088667,0.07798985316899026
86295,-4.595980223481005,-10.129435649676209,1.6455393791317254,1.0859161216381097,222.50351858455537,0.30046187634746513,0.07799277946687602
86296,-8.691162568859006,-5.333804180467056,2.4625700675364106,0.6729729290140471,448.76844191889035,0.4645434919236182,0.07799655974560951
86297,-4.122429428742764,-8.076199683232442,2.6086718332270897,1.656365509418816,179.3048035176818,0.4385025891797323,0.07799767632176277
86298,-6.317845339150843,-12.179434776700036,0.7828102513738482,0.5992059197935147,160.16981706579813,1.0319375362961356,0.07799918087233826
86299,-2.493806838166643,-10.891713479103442,2.091656249456806,0.8330236382178208,469.30804699523287,0.08220846015911398,0.07800356650911325
86300,-6.776835596738767,-7.119425061391322,2.5942705054106248,1.1494626731461577,297.30775602778755,1.1349221729834031,0.07801791735080554
86301,-7.008266484416998,-10.813769724433362,0.40069318883741406,3.511331331149208,528.9794595497015,0.6428306954250873,0.07802541086214343
86302,-7.418682832139437,-5.76148283803333,3.5679313059155784,1.9773167923278272,400.721969634215,1.6121258005038577,0.07804401080652446
86303,-6.354442418994801,-8.866320509570649,3.6930410884329192,1.213662201819792,302.01287361867475,0.30139134588181893,0.07806642059970677
86304,-3.749191937572517,-9.507036103476432,2.6413446397696454,1.2682553568268422,272.09977519966475,0.17518255693573703,0.0780681632193742
86305,-4.7374265376909435,-9.451887373059433,2.7693743177961374,12.624232400629912,656.3204450853289,0.05257483521819051,0.07808171430275973
86306,-7.111900280764861,-6.498726620855206,2.872916389565278,0.5230538572643038,108.56021207524581,0.18925746755960038,0.07808283358218908
86307,-6.743446268562226,-7.241497245388756,2.261274729682344,1.1946344653237224,306.15046577998834,1.589424084170778,0.07808407077420905
86308,-5.3712828061228715,-12.239617261380495,0.07274651167034031,0.9602517594138408,240.4747708959975,0.2221466062273043,0.07809033157671504
86309,-3.160908668525531,-8.58558905863655,0.9774500822676557,1.8528012829362177,468.26675629364365,0.30227380182390196,0.07809062410338541
86310,-3.020058940220272,-8.877389194692185,3.47298340004746,1.8947233922844195,456.8548049862754,0.39115267092016826,0.07809497465587753
86311,-5.5057554486539875,-11.037177308153113,0.06705354402897057,0.8612271077488223,467.6517690264795,0.41007531739094105,0.07810358815215833
86312,-2.5357617005945308,-10.432055722725357,0.4648519160093498,1.447140467195018,328.68283706670667,0.8942807920881064,0.07810844898031874
86313,-3.902002463494842,-12.351352677980538,0.951278490756814,1.160080157910869,293.8810699038669,0.7298240173972799,0.0781106520324166
86314,-6.7705052539615505,-7.146810405699451,2.5128510518563836,8.514617446986827,719.5825655564377,0.2424065740268313,0.07816105752109964
86315,-6.143186980598124,-9.305835570898374,3.129341003068047,0.9828497513851425,260.0209058811497,1.1177485602540838,0.07816626480005087
86316,-7.314457498085966,-5.883656182674678,3.130786813642213,1.1208697771958327,224.54558398571066,0.33416056275070183,0.0781871825429042
86317,-3.926937761063744,-8.20692115128864,1.908939621741918,1.0155468397698386,276.054759233742,1.8394804099241275,0.07818761666150852
86318,-6.68643838925105,-7.343874428526302,2.144297780247916,1.8219548614888004,435.9682917888538,0.07998967713405847,0.078208832142322
86319,-6.40998902870845,-11.171174687093423,1.042828182087238,1.1461746057944813,294.2442800952694,1.0084115126217936,0.07821199359858247
86320,-7.329443307585688,-6.033985381013028,3.4618906832591465,0.9957084360159162,204.28280014499293,0.19592024499190774,0.07821821071034223
86321,-6.172996269067185,-7.93086971050348,1.5861162801830293,0.47415843088498555,109.09748897851415,0.38921662885519925,0.0782235313146449
86322,-7.309041590965265,-6.085423508303067,1.780132517644698,1.7458515411971047,415.02314128166705,0.7511409367434316,0.07822401982147704
86323,-6.014029786769104,-12.252456850101513,0.8596852082439975,2.482270688447224,437.0049657768586,0.5902500931416439,0.07822883055308053
86324,-4.006723734414482,-9.80902822212292,2.124175882601481,0.9641583760471576,466.5284970886955,0.6977986419660747,0.07824468743906685
86325,-6.686005551412739,-9.856508197280483,0.18852536444397341,0.8855576657648664,468.2322225009604,0.9353948063320887,0.0782774136343001
86326,-2.9710941517172262,-9.502874456952307,2.875300056420585,18.616805369239234,453.8488038656667,0.24403692432619728,0.07828133884058086
86327,-4.1667265680305166,-11.752619054987496,0.027902316947234516,8.98004125603137,767.6982087975415,0.37687184246820227,0.07828394141081374
86328,-3.827464166527836,-9.942677819271681,1.864628116829956,1.4151652434341608,332.62781780323945,1.9368787008147432,0.07829861797143636
86329,-5.048870916293541,-12.048625575673878,0.05413050089162963,1.3016669765194493,316.950376546234,0.22613662336079976,0.07829898575497733
86330,-5.914751480758136,-11.285504043356452,1.0799315634356537,0.6900873462273311,149.21148194670488,0.18972281717796946,0.07831485882335694
86331,-3.531564575284821,-9.726272540374064,2.2779447357790215,2.0179888512049104,405.15417139056314,1.5555304367824947,0.07833407484920389
86332,-7.178721306193516,-6.875212829458586,1.4773168918959079,1.6526769518043138,362.3761547363038,1.8014929474713712,0.07833516999930762
86333,-7.200392236931085,-6.397863155576293,2.0908300229897807,1.2254031425062373,161.04651870237615,0.23617422216984707,0.07834744316020557
86334,-4.838585244982631,-12.937651249609159,0.8918415699975144,1.8123594155873997,432.3806405140224,0.16753853424752752,0.07837930699101914
86335,-8.65459526888718,-6.806074170473542,0.8472430951580259,0.5308168745402567,150.40304954248273,0.6551046483499672,0.07839149326429236
86336,-7.918540711039416,-7.030780029888938,4.228118040407831,1.1502759215929754,282.17604655176996,0.9328018992032261,0.07839285933274066
86337,-6.843620789517472,-7.24804419413394,1.8973466386360958,1.0340269225986631,409.295635176482,0.921383014956084,0.07839368568976668
86338,-7.3751451509771115,-6.377054990159096,4.069766523312643,1.6740054283264754,467.6779987371198,0.1613338940916691,0.0783972151768408
86339,-8.513763200353292,-5.50740220674096,3.101373397241976,1.6853828397082244,469.60713455967436,0.009812196664063855,0.07840271592655025
86340,-6.978208440375381,-7.672415956416029,0.932177858590269,1.0045314561529006,199.7096414377276,1.0684601688381123,0.0784169984290846
86341,-2.7849810484037203,-12.244573064342495,1.0565094626923457,1.1944481081414142,292.08648014725173,0.37045186984029943,0.07841703956881058
86342,-5.3878870775497845,-8.057441885753704,3.8593744295205212,0.8639551713079026,469.1708212434761,0.16697276575389441,0.07843965266434912
86343,-6.314004784737488,-9.765750695009814,2.4784126886748084,2.8759888123761717,372.36632943544083,0.04330943070143878,0.07844966942590012
86344,-8.683450175181557,-6.518168847331485,2.5168503159779383,1.6850424354081899,466.68752798561144,0.5448550300015897,0.0784558653795951
86345,-6.750396997413562,-8.567368983956182,0.36620047202135875,1.6082546619568248,373.0574179896402,0.16082736427686672,0.0784570734177078
86346,-3.352144977988588,-8.09637318459001,2.640711537254318,2.2713544074683982,430.6193416156652,1.373520657487438,0.07848500557320813
86347,-7.091433555365779,-6.985499331079442,1.6274496511234755,1.0004224523444667,273.4495986926446,1.7616526685541718,0.07848693127136366
86348,-6.361848513725819,-9.257082368340898,3.1892375127494343,1.121420549914822,266.0563491391392,0.4934063100207071,0.07848905136020112
86349,-3.3934653774481234,-8.154915406756988,3.3718934521108874,3.660457889771522,535.4121969642719,0.49841247199159877,0.07849051411113392
86350,-4.749155246026592,-9.915013353549018,1.9612192515821716,1.0984909348104894,218.44473251560893,0.3747961161392732,0.07850069069516041
86351,-4.822040459355536,-8.088774553449648,2.1194537283394568,9.507773916964865,410.5038646078143,0.22854930797557937,0.07850781448353142
86352,-2.8164289890148613,-8.792486312251743,0.7780192302190744,0.820778439939084,212.96755141750197,0.9722539311162368,0.078509637099395
86353,-6.097537427430342,-8.603832661107527,3.9608997393479917,0.6342827839123129,128.8675702723743,0.23309044311767213,0.07852670138933897
86354,-3.091620319385605,-8.16298953278729,2.4127343768660534,0.933201096227013,190.59174638525698,0.08699948732000262,0.07852792251452202
86355,-4.4561226647693575,-9.570005613589446,2.5822614231834997,0.7413735565431877,468.37133578164037,0.36559928918501416,0.0785395786673291
86356,-6.595272581519001,-10.067524538931902,1.6779858867816733,2.9080527788927695,488.3175350438814,1.090369399744878,0.07854096983478712
86357,-3.1512966016043205,-8.673512962827303,3.5652616840957285,1.85314632626559,460.91524766829593,0.46157812846674506,0.07854733668670967
86358,-3.1375061727756384,-10.331614810730594,1.5082486079002106,2.737287211483388,475.7689109724507,1.3767830339880938,0.07855065214480396
86359,-8.12488121039416,-8.470174072757263,1.9771777004268274,0.846597395425339,194.76204806734316,0.4979998861884978,0.078554448538984
86360,-4.374622519352491,-9.853499053997044,2.0447669800461155,1.1339463993946424,290.14898280393294,0.2940040026130566,0.07856168451623148
86361,-7.0145728573059145,-6.719715466456701,3.162807814319965,1.2895553552926322,300.0028345107667,0.35056475036140977,0.07856410309632945
86362,-5.960678287269401,-12.833756727403108,0.8002649963773112,1.7704093271287322,377.17904413764086,1.7406469953095973,0.07856627922739225
86363,-7.047947706290349,-8.029492161627088,4.362368734475251,1.1487531093071681,294.2032972712116,0.5386581059399331,0.0785749270039859
86364,-4.817010147868853,-9.134396267974093,3.170386100782143,3.397590797101045,528.2013941038575,1.1500508142241976,0.07858317409761971
86365,-5.676838846754052,-9.111782146053054,0.21906137657479863,1.0778864488294362,279.76471229916496,1.8447404183113711,0.07858748221197703
86366,-7.2417520853234345,-7.08489269188716,0.9772333340616057,0.9543373284520055,268.1312265327991,1.7955402732624792,0.07859513033973727
86367,-3.244340215924347,-9.399329375775618,2.7875446855464623,1.1448416188566328,237.69650489531824,0.387206126869037,0.07860206490443371
86368,-5.017717802609361,-11.249754057462471,0.043400666374089174,1.1185898633814506,227.03056407990059,1.050945816988798,0.07861660177793202
86369,-7.020745988939984,-7.368314141495704,1.2082669347519528,2.404557300564141,448.4284898692469,2.255248328788059,0.07862966042795104
86370,-3.6414428425046763,-9.795250037384207,2.1335570570586553,1.0649841907383366,468.7189540964665,0.6459408623364133,0.07863054523478992
86371,-7.14825298275906,-6.5896424951843215,2.042913788164637,1.0982898020562335,292.0443229698322,0.4775947645272023,0.07864151068664678
86372,-4.307378642225062,-8.050770196951209,3.058796143337394,2.614929141403367,466.0396402449823,1.6028107685258979,0.07864588894326074
86373,-5.766619729679334,-8.093008713316362,4.0992420452094045,1.874931088868789,392.29132869093274,0.7388532541048614,0.07865378645724273
86374,-6.464429298781262,-7.722672801546671,4.348427836396252,2.894806309520537,238.8471735656225,0.2531839732525265,0.07865888156372065
86375,-7.308847741967941,-5.801180321716671,2.6395692490928817,1.0524391238876085,467.574140271634,0.8850289057094338,0.07867353500617334
86376,-6.875377816231531,-6.991149343048907,3.5575176693135253,2.6825919140049637,470.4280058095827,1.3173457503894932,0.0786922434220711
86377,-3.0538300456034895,-9.560343525546434,0.16818691278659104,2.166891084641425,415.0903209769975,0.9941260501899345,0.07869346549929786
86378,-4.1306303709385075,-9.176519564412372,3.0610923216287507,1.036049304947412,278.8090466051417,1.658982498041504,0.07869438533932586
86379,-3.979781617283181,-9.888736522378869,1.9542281994197097,1.3088527760924276,285.8882249488991,0.5033525258123168,0.07871499465237423
86380,-4.953036708682528,-12.608033332309182,0.91083928977613,1.0487743861613987,273.24122307860216,1.7278237859871535,0.07872170221759878
86381,-5.029069448700046,-9.567911790003611,0.09818836217701872,0.7194486027208363,164.80110076603086,0.12418643861970846,0.0787809183545331
86382,-6.845122340315292,-8.1496462788548,4.3446437757844585,1.1321661870368898,238.1622251940461,0.3266898626583039,0.07878177660242795
86383,-2.8067259027075337,-11.367249125026188,1.1929249642737063,1.8333833337751595,438.6525928242864,0.23300547405647176,0.07878267595694818
86384,-6.7862371060762925,-9.934274346460459,1.897435931302655,0.8035517018391265,180.74091958269025,0.22023079688443303,0.07878698996873841
86385,-7.475608639262463,-6.127626988924949,0.7913245580694741,2.042858529669349,408.9408854491454,1.6765895009796976,0.07879067501057832
86386,-6.747599980451779,-7.5775475448855865,4.438244895064948,1.8686028311207596,468.9601348620246,0.639356674410438,0.07879294996236534
86387,-6.878955162461829,-9.69962556943626,2.352033815517119,0.6023174980675685,150.83793548611618,1.0881379035898027,0.07880470717608588
86388,-7.064407230537164,-6.693089519490148,2.365940745637949,1.5233281278362683,350.93679892287196,0.05027561891980881,0.07880597247576875
86389,-7.503656842029137,-9.291436896440548,2.1076544527858005,0.9004794240535527,467.58696328349987,0.5945341348588018,0.07880863954032435
86390,-6.239322783532225,-9.139677521563083,0.18219860429657941,1.598259832809692,348.7393428472991,0.9817078049582202,0.07881072152489371
86391,-8.794413194920619,-6.033733734201584,1.2635516158312463,1.205957567741461,306.314707223914,0.5125455265757504,0.078814503360948
86392,-2.899899100337402,-8.333057831779424,2.274445208075353,1.1772253414782912,240.17084954825117,0.056066276059833164,0.07883045004034286
86393,-7.002777227871823,-6.9243553115384335,3.8995728952996145,1.6455457783995044,358.86414441477274,1.3398910233697814,0.0788675574539732
86394,-8.14080626636392,-5.824047084918943,3.8793048889923067,3.4269182463525114,531.7570338567136,1.3332055711175057,0.07888916781448388
86395,-7.308394974673993,-6.105811786079465,1.7773741130197596,0.8759381866068324,468.2045605279504,0.5565870506711716,0.07889299318915305
86396,-2.3814944609986384,-12.302411109880932,1.0037601981975646,1.2562434921347836,313.34665499485743,0.5681848735387485,0.07889605314113377
86397,-8.623822786499488,-7.377641594145986,0.9222005792923231,1.5809735611946427,468.0842973081583,0.17583583056406749,0.0789294627527285
86398,-5.183844008661921,-8.27554933360785,3.8902318981193447,1.5754589814654854,277.97116703616643,0.47621805821592034,0.07893183110430135
86399,-4.828528351085555,-8.057012286223934,3.4940828974139078,1.8390829264252082,440.78215435246597,0.19166349818358785,0.07895211847374577
86400,-6.864491978444226,-7.269234269776232,1.8180310607206658,0.9407762328917009,262.0930713343187,1.500041851504669,0.07896693453687166
86401,-4.207108697642886,-11.228860572400137,1.1383948383278106,0.9414356562019663,262.0168149842873,1.3948213052163103,0.07897007498890245
86402,-7.169782920758888,-9.46121069286204,2.410554767366986,1.556964060510258,467.8938028359994,0.16470390712124594,0.07897146743252144
86403,-3.117947450398738,-8.144147998056564,2.862993432766088,1.820012716054887,435.70224992691084,0.6939402917778228,0.07898185388891438
86404,-2.629707571519239,-12.10975580186065,1.304099647378388,2.8058916782435475,479.2400746318603,1.0740933793680814,0.07898426453785048
86405,-7.4762124055397745,-6.919095155644106,4.50478052996455,1.8432932276869836,469.9164246024215,0.1560880433819003,0.07898681696575653
86406,-8.493112985336857,-7.980413459877211,1.011840103250437,1.1526102326115863,235.63885745645663,0.011420074164137262,0.07900375617356975
86407,-6.157974375220556,-7.718246347379677,4.010557332541962,2.6512658384469083,472.0907369053723,2.4828687068267836,0.07900679170989375
86408,-5.594699500298819,-7.830587455122246,3.387678055528131,1.467620985884596,325.0193512837965,0.07713633020662858,0.07901873934349074
86409,-6.1238154458775345,-7.704821132294243,2.3139307413544987,1.885957130057657,470.4770777131527,0.2253617755400894,0.07903328391555746
86410,-4.959218865603708,-12.500586412263086,0.0543959785073051,2.124689129719588,418.00361870156513,1.8067724462936088,0.07904535214640405
86411,-6.665331328897263,-7.28954942273982,2.435985716750758,1.4825014758302406,342.3417017191944,0.26840938989116747,0.07904859269293889
86412,-7.41475355548839,-5.145523461385105,1.8292097513016246,1.1315805967906094,274.05792614953765,0.548839104920944,0.07905600817342003
86413,-8.387646769026308,-6.548184713567841,3.506136388456553,1.5000291599143958,345.4947572476167,0.907803138089565,0.07905803643358114
86414,-8.296371645540903,-6.213626356509333,0.4904984109302839,0.8816056297781879,467.76287600408017,0.6748689239415997,0.07906582463656743
86415,-3.4935629358857065,-10.065864534826797,0.03514589191537139,1.00788892326472,130.75144111778937,0.3433679534750951,0.07907951143273198
86416,-6.796724360303195,-7.079947438732223,3.4132203895818205,1.130342881133817,290.97343767926736,1.2583011655750544,0.07912045862618242
86417,-4.02741419612255,-8.677010507654744,3.553460127858838,3.4877966974930987,489.222455830625,0.19957082326197284,0.07912441403737121
86418,-4.2375959760543855,-8.341926131575644,1.5236827661048582,2.8581286972222193,483.1783343245542,1.0067759727756984,0.07912944058408711
86419,-7.613922278821157,-5.30794522255435,0.5665112695352688,0.866595696983358,179.36892662748855,0.44621227870506086,0.0791327528653949
86420,-2.9961450097904123,-8.535992568107805,3.5667082202040117,1.8257620350396222,437.14415789956416,0.49112109630525147,0.07914076898218741
86421,-5.551120117494445,-7.870689673582265,3.547737093233057,1.076523153484206,212.4414635932291,0.07942802373040703,0.07914413435449245
86422,-6.540607323550874,-7.4504783828101715,4.004189534214583,1.8427067330343923,441.38554774193415,0.1328631065661421,0.07915344664194505
86423,-6.124843520171108,-9.77375474974189,2.4577667941104275,0.6376929559145311,200.72846058182236,0.3502434188491277,0.07915855608866257
86424,-5.088373248633445,-8.23667944918303,3.8333351195310077,2.5361491462634476,460.23736637763295,1.9801386576674025,0.07918963384199852
86425,-4.560102068098761,-8.784534654834275,3.499298720452121,1.904680926416641,459.6862006097893,0.6176627741212197,0.07919479463503602
86426,-7.964338958802223,-8.073878272771278,3.128496690438455,0.9303164765770837,467.63268271425164,0.546093260862035,0.07919897996066708
86427,-7.922311027966722,-5.29731066890515,3.9266987749812357,0.6328328987259497,169.02120444397565,1.0206759401199763,0.07921514829660663
86428,-4.30385434729687,-11.206844128601078,0.026986604490503704,5.676495590933522,618.8578054629103,0.19958360616368065,0.07922323882599717
86429,-7.326150585507044,-7.922136620059553,4.264242008292546,0.8269161147075869,179.7194165736788,0.36108826103647385,0.07923868538254711
86430,-5.2040438900032,-10.898664642570495,1.2211307596588534,0.9820000115753383,258.7926933566548,0.31991109991933,0.07925111434122865
86431,-8.261073683937392,-7.591128617666731,3.1137491788705334,0.8943045800328908,256.70106972041134,1.700746671922066,0.07926126955302025
86432,-4.9931999642016756,-9.18149850980755,3.1308222234406435,1.4208162378610094,327.8678495384074,1.3770549384386053,0.07927078664981517
86433,-7.595155098905225,-8.300488970906637,3.5038550024512127,10.510462448696305,768.9583038267214,0.2499406907358237,0.07927323358068765
86434,-4.400440368079651,-9.520572705431448,2.6306232097159925,1.4721628843143333,334.7612077490205,0.8467616685548416,0.07928340827152293
86435,-8.672863323618504,-7.301486155162818,1.6148423903053541,1.8192960199458486,382.37164559881865,1.6771460815593597,0.07928362121935156
86436,-5.012187128153001,-9.547744450738154,2.6525035257421616,0.8760264434329815,467.3269519899868,0.5804725407909741,0.07928536591015206
86437,-4.379767597750442,-11.139728650017055,1.1621234805770453,1.5695346477895562,363.19616055210435,0.634296869996323,0.07928857239092776
86438,-6.245025998777631,-7.543366819697163,2.90647258682457,1.0277540865731625,467.21091256751225,0.45111437561607204,0.07929167314700573
86439,-7.404207851200447,-5.548774975326582,1.7458495439537016,1.0180015743644937,467.57489639138885,0.6867496674631495,0.0793314568136365
86440,-8.291196747198198,-6.104870717430648,3.6894053405987886,1.293595463421929,308.84359908509293,0.5348941248065691,0.07934735950277218
86441,-7.212758999109088,-6.253984153974279,2.5566967650512273,0.7044851184813217,145.55885048228228,0.369747937500418,0.07936589965326937
86442,-7.401876194535459,-5.1141789927655354,2.416732836106224,1.3246480909383958,467.83988112072575,0.2936386429420397,0.0793714115540352
86443,-5.74051402969768,-12.809262098632093,0.8346513845541415,1.10454741395185,284.7374453812692,1.6877874799788373,0.07938088925752729
86444,-5.711890198220252,-12.881602810483152,0.8327225447191307,1.8392238156327683,467.73287058349365,0.25143595573085875,0.07938310813684497
86445,-5.624290433141339,-10.174327084827361,1.6115589071424552,0.708959267800538,208.91969609216707,0.16389164594903516,0.07939663224349995
86446,-7.3422411178415565,-8.685371329566363,3.333601744830742,9.792092915685831,491.3167515828919,0.11525030009835646,0.07940945710820435
86447,-6.383430394003547,-12.004404750649137,0.7859113602997463,1.8756478428225993,469.53208515756614,0.11393817970442299,0.07941878042785272
86448,-5.018977541236481,-9.909454851705124,1.979538643543971,1.8568178040394674,466.06365393080637,0.028648075298806752,0.0794201799493197
86449,-3.9674568601842406,-8.07346504606657,2.957437035443543,1.5328424213158975,354.20942307027667,0.2037422492182479,0.07942119743517487
86450,-2.7419861424422987,-12.814395625440959,1.0204334162394901,1.068619057146208,276.82725713058903,1.018630159607719,0.07942174176247535
86451,-7.051981048746124,-6.781753436232677,3.714178319629455,1.3329211402352001,320.39070969710974,0.7249018062822428,0.07942223442398785
86452,-7.3848609659349655,-6.176120278069765,3.873993853037843,1.028191877211115,136.17690599862695,0.2856843389767896,0.0794431585821695
86453,-7.625996946479079,-9.68466321728592,0.69956192968295,0.6727833181753715,156.8048991175707,0.4353329161012143,0.07945057417807518
86454,-2.777385022747544,-8.522872174482302,1.8268137630004166,0.9989547242069736,213.30986609997353,0.2804700080787992,0.0794531038236764
86455,-3.666058071433528,-8.10213947944446,2.5173782772337248,0.7472483157235502,209.30487779207877,1.2965586768149686,0.0794767116044996
86456,-6.4626133920585715,-7.418461785389126,3.6063475098677245,1.9825423108341365,403.0740965778942,2.0141419496780264,0.07949220550977368
86457,-2.922914294512057,-9.846255121813671,2.2692302980948944,9.049482510878198,637.578952296645,0.10833169189847336,0.079496424210114
86458,-7.6845522340890025,-8.017881289106885,3.7320761179086364,1.8427467967189997,468.05451129066563,0.335884363457553,0.07950146854462635
86459,-4.34505137330968,-10.43335872515919,1.432217589787286,1.5968111529231397,375.5706421326845,0.5039787857861215,0.07951781169624308
86460,-2.522353467785644,-12.19422864101037,1.7398165791506637,1.884296872461293,467.8158100541743,0.2705539835651489,0.07952221097719099
86461,-7.560002772661121,-6.673257896169253,4.432102797857766,1.035024504013329,270.6310373037857,1.4271721239826487,0.07953635835456115
86462,-5.355925835076771,-12.16048148876426,0.9330408905485662,1.6710554132163593,469.7743895251544,0.001687033341134736,0.07954458076936674
86463,-8.52573085569049,-7.641334559423781,2.09197063598539,1.3243001935014984,319.2534304958273,1.4138868759926249,0.07955243210339866
86464,-4.218095431531582,-9.070791083488597,3.1779079973270066,1.1532610088664546,207.29118537901755,0.1051123272123684,0.0795662075152959
86465,-7.813498893487139,-5.564479376536108,4.028033302483221,3.102461376046994,504.5711177935415,1.0778684153069884,0.07959687129983002
86466,-4.09153975419413,-8.926930274954127,0.4428666265072838,0.7532641813785029,198.79162460332776,0.5066100740594797,0.07960846453215753
86467,-7.76722068360734,-8.788113466504207,2.392930116951587,0.784441894395746,468.0888317557052,0.256245117732953,0.07963053509818542
86468,-6.033634832588229,-9.42670576849946,2.9457148621050804,1.3305379038157323,309.3651058441108,0.20738941512841702,0.079631886681516
86469,-7.0351236378815285,-10.815379243536508,0.8531612589722618,1.1286844637292996,242.45411948915404,0.8360840817931434,0.07964002853222171
86470,-6.298671789025748,-8.661048363321271,3.912395220005614,1.8632228288684771,453.37891167387306,0.539616819270262,0.07964094120139739
86471,-6.024446434386412,-8.597647915736555,3.9468326383793846,1.8053581192372872,431.22182636963566,0.6615861879080951,0.0796414072035023
86472,-5.509789751365194,-12.317602978280473,0.9042034914259434,1.7674442013018177,419.12418930305887,0.3531665899699963,0.07965805477532248
86473,-7.109027612223704,-6.5291863904922085,2.947863505576314,3.4370409818773746,490.05789820685703,0.17257943321880642,0.07965809841653136
86474,-3.847468750677196,-8.419925382835197,3.629218016461994,1.1082625657172247,288.22022103907983,1.550871255700618,0.07966557623070986
86475,-6.002176252319534,-9.264645952997942,3.1604711575260165,0.9848367830198863,468.3370307979359,0.44612001894583564,0.07967415363616226
86476,-6.393108973428851,-10.463978413936491,1.355605708807837,2.3212466901407813,269.6213204541063,0.10488449111490716,0.07974564729807941
86477,-4.761057794355095,-9.241600720384318,3.0292330067927877,1.062079419228713,277.48912685879907,1.5087727381482239,0.07975089788041173
86478,-3.4081663551298114,-9.701926550841396,0.07652455262307936,0.776138125341899,182.09336787166075,0.41429114831799385,0.07977066696905702
86479,-4.311764322854453,-8.080634461596556,2.4753015981742954,1.837854131217601,468.3664182485024,0.1880338269277182,0.07979557205000307
86480,-6.834359886856635,-9.809832100134948,2.1764814614119916,0.8056792203638946,163.8850167728753,0.9711577887455425,0.07980253661522628
86481,-6.972311420507138,-7.499936558548221,1.1235141870835739,0.7892246368674399,469.349858852867,0.19066907380043308,0.07981150405577754
86482,-6.602750107141855,-7.6074508420411036,1.724839179016324,0.865616747041192,222.54333381526465,0.6645773242929041,0.07982560065151723
86483,-7.186768191013719,-6.349835799232979,2.540106296179879,1.782764419872125,424.21738800285414,0.4486329712042787,0.07983330116012635
86484,-3.647660462276839,-8.245606457593539,3.535889049482133,1.1908335714164207,467.7914852796817,0.18595256193347343,0.07986934783469926
86485,-3.7524852473240546,-8.122553734734854,3.2871665248895288,1.483368434273465,468.0058660721549,0.4983332612346043,0.0798744872370079
86486,-7.485539945087578,-6.706475577336339,4.418606919091115,1.303489580043388,283.05820052499547,0.18902595396764799,0.07987731821240825
86487,-6.40016940109277,-12.280321387766717,0.720920098704521,1.305241983135936,304.43676495334404,0.48747220680399295,0.07988259196315349
86488,-7.473824833076275,-5.7357296518045535,3.661350284840224,3.0887080838845526,504.40199123863573,1.1732831971286801,0.07989446743175603
86489,-8.638953625746499,-5.128430520310345,2.630486656577183,1.0241361821586445,275.90693087618257,0.813408070229257,0.07990453865876296
86490,-2.4319547081762405,-10.692621038222114,0.9069624080378937,1.753134508736328,414.6759855229696,0.017472447295924454,0.07990758000170502
86491,-3.9819936962404254,-8.143933032427324,2.1823514636950745,0.6673308506655523,201.606834704496,1.3093143111809171,0.07990941245924141
86492,-8.398576748065643,-6.544364168101003,3.4717006584837486,2.6703255387344873,460.13857299180575,0.7228727757654658,0.07991215686270828
86493,-7.387567990261294,-6.405865776517227,4.105833288809754,1.622544622368303,375.614523891096,0.1972221036641102,0.07991471905176598
86494,-6.434383155274859,-9.137404217319823,3.325253700757841,1.1861678755760499,295.47760274835525,1.6077727082681763,0.07992255275601749
86495,-7.9445257500207624,-8.953855095311802,0.7081597920958219,2.2375644207325807,431.35410292134634,2.182565224853515,0.07992728338602216
86496,-6.500014276509001,-9.249123441984526,3.16639779967885,1.6111934967228894,351.1911379912434,1.081707031250951,0.07994155908471892
86497,-7.246195763766634,-6.879868641071305,1.1289843670192732,1.6498507682649999,386.90377834798596,0.0022261133625471885,0.07994273628974423
86498,-2.8568046657011115,-12.482965783943216,0.9981154364906653,0.8158122859169039,283.8352056116227,0.2516409973152527,0.07995086670521838
86499,-8.726797198772712,-5.731522957030331,0.8988982918867627,1.882362589005046,468.24902253837195,0.5478587439538067,0.07995299839890892
86500,-4.640308794730671,-9.587744340345541,2.555686898092505,1.026682891581073,390.26784875445367,0.03262777995446964,0.07995592524716968
86501,-5.409598553920159,-8.643255213089638,3.760444289277296,1.1055982930019705,286.2861103310868,1.357013472687913,0.07996125225926759
86502,-2.7682379458202435,-8.982488988191554,3.3400768914067362,0.98186395353268,467.5978258173327,0.0720100090202811,0.07996164983002128
86503,-3.449659706200176,-8.547060393892608,1.0100401548944034,0.9146388257673589,232.3119983583312,0.7284914358789765,0.07997346079224439
86504,-7.043954955567554,-8.970607387918639,3.263203032541323,0.8351622998177717,333.3583934389437,0.23784320750528654,0.07997454058883449
86505,-3.651486485885785,-8.468911479713778,1.229164073730932,0.8988279909662746,406.7549419562181,0.07483009102555638,0.07998697722743296
86506,-7.6552822611325375,-6.044882492590354,4.154387578739225,1.058186578227665,283.4954419032237,1.8533516181193255,0.07999785102238302
86507,-6.975016760526126,-9.769276903566196,2.1005992699590643,1.8865783395349989,469.6531380238383,0.22895865960425965,0.08000364969225925
86508,-6.970272386215887,-6.812956688150472,3.09413410453299,5.289051683340321,637.7110310150238,0.6263448276840471,0.08000780445319146
86509,-6.558475072742086,-12.041638518581198,0.676412868975148,0.865977567444508,246.9372487323018,0.3471143091761153,0.08003288891323036
86510,-6.113587364261521,-8.563961629166538,3.991877165898124,0.5422909443031647,151.73829400496584,1.122740180318746,0.0800411982545333
86511,-5.545262388303874,-9.951611648223555,1.9519073437191914,1.0318887149924194,467.69161109779554,0.5618295954256203,0.08004909377169767
86512,-3.4670262362465563,-8.106247795144498,3.128851564030838,1.8584785522386025,463.4729755757529,0.3713744069563747,0.08005104842806106
86513,-7.309546866152364,-10.347783095025639,0.7719357764721945,0.7500297321945897,150.347595933912,0.07299048341941106,0.08008157374192049
86514,-2.853788833857447,-12.493443319596944,0.03427903522371565,1.837882047609696,440.91288060116074,0.19197144778444653,0.08010706856702317
86515,-8.65718260131223,-5.712569094200274,2.61443856774564,1.0968350405209548,467.97123617075675,0.820541391290976,0.08013034988227469
86516,-7.5146603091695425,-5.171407987551927,3.4374409949090237,1.1406390794678165,296.58891756643845,0.983922215645407,0.08013670123340375
86517,-2.7728275689414588,-12.776275053338182,0.0369765232397469,1.8096177136239864,382.7269655895187,1.9667437709888143,0.08014455751798816
86518,-6.411862320473819,-7.555265880203845,3.9935598942736172,1.0746363445657252,237.0772769265295,0.2938062866309368,0.08014536426886057
86519,-3.44875750267504,-9.126878445085119,3.08648266606824,3.57767956356184,537.5454134922962,0.8045455140185291,0.08016076523897771
86520,-7.194374796405491,-7.080231122527077,1.0966755134623205,0.8860256617566391,248.8146074661875,0.5946600868418441,0.08016593108106278
86521,-3.8334460193113786,-12.875262134699108,0.8999980054244716,1.026187208160009,275.7723308478261,1.6701364772874143,0.08017057189513059
86522,-7.412202506223365,-7.263624340235504,4.524119800068185,1.08990435738322,235.87037683889346,0.8852134700700889,0.08018616247738623
86523,-6.583499461458958,-7.639427284495663,4.34931274330295,2.500532358024173,454.67023207182626,1.5232574711440963,0.08019953365315287
86524,-4.430507741676742,-10.716847452340987,1.2905418786574252,1.1728706378701792,253.94632069685937,0.8354079385017448,0.08025389382608025
86525,-7.170130070956352,-7.75447410648471,0.6823200627991592,1.1085189389934227,291.0194485313929,0.5800746403587729,0.0802785933890849
86526,-3.9323910717421064,-8.157237077899133,3.4162452891418122,1.6021700740271332,469.0682522791008,0.6361191309643983,0.08027973660602722
86527,-6.817161724531795,-11.61464236540233,0.4093272885063906,0.8690126619811166,334.24468608255773,0.3694476322321574,0.0802930256058437
86528,-3.2714550590719185,-9.983216131306428,1.7724156018908952,0.5567180361086739,115.41448976607121,0.3647294767840217,0.08031215112390942
86529,-4.860098820616875,-11.2256430020251,1.1330008432866845,0.9438951048202049,150.78283669251536,0.25134222580107757,0.08034520111730277
86530,-3.8888916431986758,-10.016855493739776,1.7360557981041693,0.9563927032086916,468.01699478856585,0.478407215036702,0.0803543411352383
86531,-3.6531714679783365,-8.45539111458914,3.6152180897107966,1.7984570875562857,430.05832673798244,0.7890777104448299,0.0803632119779946
86532,-7.936030174824976,-6.393544674986805,4.222331992814036,1.1777619195615974,258.4081326048631,0.6219520881991043,0.08036879378096812
86533,-3.5677720493551153,-8.442052315639387,1.3295724333450574,2.333321230525802,433.67903504821436,1.006106326172021,0.08037449492590328
86534,-3.4171964707748934,-11.079759137373056,1.172974312642484,1.2704145285030204,272.18905697501236,0.03188351922451371,0.0803745488908406
86535,-6.299935283500734,-9.524302806701247,2.810230965933438,1.8146834675562,446.1840816313122,0.4990362034110145,0.08038010993117153
86536,-4.853056678755522,-10.195173371556601,1.5859435700360083,1.2333664651121259,445.11733011420836,0.1513678724122416,0.08038490196052632
86537,-7.745874129662692,-5.542160836616878,3.984757590163857,1.6424843145189467,360.7891123117791,1.3890656816913811,0.08039731894058037
86538,-7.388389644669991,-6.338712759548248,4.020549806678236,1.6153138068649957,389.96370132307635,0.3095996597974304,0.08039754100091911
86539,-4.250518669940458,-8.097016063656412,3.253072984541805,1.748311159016138,415.5449092434816,0.6199677122416647,0.08040688829037256
86540,-4.366563841057106,-8.435698998052665,3.6645891632651124,1.0472750440083785,212.5407719660652,0.09230734745039637,0.0804145434234144
86541,-4.736908283961173,-9.55869465853403,2.6048339695393357,1.8637262472191731,468.5483119386975,0.49411296667452387,0.08041611244049832
86542,-4.276309665246927,-11.277080837952642,1.116891871503467,1.8374193612904839,443.40278648945446,0.9492897301603493,0.08042265166964405
86543,-6.369784114065887,-9.705766385808392,2.540276403622769,0.8729709501636372,172.48089674269545,0.15706430590478693,0.08042310149775841
86544,-8.537581115282274,-6.247764250986356,3.0895205331341833,1.0701452896571133,467.09913596200215,0.6825502286541267,0.08045250220236604
86545,-6.332247958293507,-9.993362830337958,1.9175381321353362,0.9765037369244828,145.3623539260152,0.24267173713897527,0.08045679217881006
86546,-3.2393357255289867,-10.858294592385601,1.241334959471854,11.915677449444596,419.0779352277148,0.257587091410139,0.0804655617167879
86547,-6.1597827332681225,-11.900623942907954,0.8736584276975057,3.427024014592714,529.6209191482365,1.0185057833761606,0.08048415254414806
86548,-5.718216500729179,-10.316179670527266,1.4984234518717954,1.3241323783612975,468.02604926553954,0.3798452833118384,0.08049372984254548
86549,-7.446846587045018,-6.2676808003139834,0.8523490940375926,2.5611290591476,462.82550884679665,2.0631972819507958,0.08053450948776555
86550,-2.6887906825061982,-12.125082148957164,1.1343594144575415,1.1762261613249754,300.2883877635852,0.8709771197069633,0.0805400840551781
86551,-2.8221932038233017,-10.057686174333764,0.10174401436979119,5.193390457655485,515.4282595738035,0.05379991982059096,0.08054536993519817
86552,-5.108288981305399,-12.378394581431559,0.9161452478424285,1.1894957474312544,468.0897679363255,0.4698838772723919,0.08057183934468815
86553,-5.370709865123543,-12.519023921413794,0.076448920667726,0.8351527628522426,198.5661416493155,0.35511733887421393,0.08058787453527629
86554,-6.014511814187369,-8.198669385459542,1.1310445371570275,1.8745823584737065,468.1334829935619,0.5720937975356657,0.08060543473964454
86555,-8.71496080857808,-6.27538870183787,2.33738592186928,1.3936087369160004,340.294269950153,0.6785704257104879,0.08061493625374033
86556,-3.5961309809273185,-9.082349002419791,3.138564569627135,4.008801945895623,570.3162498465676,1.0876527403828424,0.08061644309121681
86557,-8.08410462132951,-7.319699789770528,0.5415046793263925,0.9781063123011844,201.58754654801746,0.07696784605572926,0.0806233845393858
86558,-7.996829614683305,-5.301371558431273,3.889533093366786,1.6609257952561405,298.37417939150816,0.5335741912623124,0.08062616981841883
86559,-5.619678282660157,-8.814273125324917,3.632943668237779,0.6575475276556992,198.07557455823007,1.1569669093796726,0.08063373667904176
86560,-2.9485516805834315,-8.526197543183283,1.325030268443851,0.5466397947652071,128.62916152610256,0.21720996822967198,0.08064015727702527
86561,-2.5580745919448447,-10.84925993052834,1.9868231205601048,1.8264666121804685,467.46558166797007,0.12187775156878722,0.08064709901931226
86562,-2.7429341742572655,-9.696035972489115,2.9776323894753167,1.7523881016438028,469.8144864653844,0.03169053419210055,0.08065987262402882
86563,-8.209977825257637,-6.937927108752219,3.7797282451769645,1.8587084591277723,297.12538828745863,0.5306210350318636,0.08067249264209542
86564,-6.427847867697293,-9.709909574675219,2.523074415593102,1.6903646778059307,397.76301370274905,0.4143555837526467,0.08068483221786159
86565,-2.6867450166235187,-9.99894440543003,2.523482085608206,0.8735651155087105,170.49600129866877,0.09642379486056285,0.08068880149259722
86566,-2.6137931924238327,-10.102629515741544,2.5599017745604318,0.8684415972391238,210.4892950156677,0.8384001643397712,0.08069278450919475
86567,-3.4701467255841933,-8.413093484269046,3.593629272455789,0.9248523493644469,260.91376427365867,0.7978895409989741,0.08069931321706438
86568,-2.8911751229966693,-9.999733610851967,1.9235389510515237,1.5737101540166658,468.14358322438625,0.5516824287505147,0.08069977220644839
86569,-4.1483927159468434,-8.212600818013254,1.922980098910788,1.7220950847168799,468.1563115205397,0.3211402436647868,0.08070740251731515
86570,-5.863877017610796,-7.87135446174323,3.9300194108622133,0.9816936349478681,271.2683489025583,1.8610506520528451,0.08070746475641559
86571,-6.516480887811456,-7.358726980253486,2.944229741338845,0.8749237185150894,245.82827411567814,1.5172808130215598,0.08072229703263566
86572,-3.7664711945215235,-8.09713467926198,3.105289790916192,0.7580705637171101,468.01178447389407,0.4753599572252858,0.08072810097941385
86573,-5.623981039503078,-7.857608488950663,2.5634894492987788,1.2207867884389523,468.46206591886704,0.5415108692237629,0.08074333876761712
86574,-3.802367712003666,-9.91849052813025,1.8736534226901722,1.3641974362488745,299.7552755946049,0.019988723380499174,0.08075485389823595
86575,-3.8757978329611706,-8.951223072847405,3.2843772337826076,1.8636139641961964,468.1353635450269,0.5384715395873307,0.08076522360328349
86576,-4.105778940337483,-9.248506806164995,0.2289251156765369,0.8391749566506695,245.08067338339617,0.3580453695222685,0.08076948974350806
86577,-7.469610481726713,-6.851525550899096,0.6736202658460246,1.201728608689262,262.1095032397742,0.11503542167990144,0.08078094523427987
86578,-6.232919258869519,-8.888670732616072,3.6385851436673753,0.9127601748171311,253.71180055303168,0.3953611198485083,0.08079440798806672
86579,-4.990314572365627,-8.26197506871529,3.7957464023356295,1.8984102067385935,468.89376240154775,0.5688237342476752,0.0808074783092507
86580,-4.781304437679591,-12.329434320054057,0.04760670872840698,1.1022936580932914,284.8497814121831,1.3530313359268407,0.08081655880739147
86581,-6.711812837716759,-7.436857578451267,4.232656712545104,1.1255655011807093,466.07669100888364,0.6993616664419058,0.08082454120262465
86582,-7.65344918962649,-5.210831660402536,3.7766517049038137,1.1333058361439075,297.69961881994993,0.559462807457229,0.08084221507421867
86583,-2.4910003721889984,-11.259081623476401,1.9572049180011117,1.56169338572547,216.45597202850882,0.1314513235013619,0.08084878526876028
86584,-7.1177800505176325,-6.538229513387099,2.693610442057944,0.903681394728913,251.27638044471732,0.6685039945422142,0.08086531846910426
86585,-7.4129524501527575,-5.869635273756038,1.3836890568960798,1.0951049967808828,285.0417183313859,1.2421462336455944,0.08088312641803314
86586,-6.438441363992087,-9.73251727115849,2.4826382967291267,0.8686819615705642,179.45034030430716,0.8601776354780002,0.0809002309767335
86587,-2.644509540645906,-10.353234265885835,1.9899879737179642,1.7482425637455803,367.11377382075784,0.33293090636133904,0.08090128572777987
86588,-5.91631517892909,-7.715610691653673,3.2632974290017893,1.2665375797134117,468.76465144357167,0.8460149890948729,0.08090325367893525
86589,-7.566852069514438,-9.47854087205283,1.5315359810036915,1.3140495741858402,310.71667069157854,0.42476183073149354,0.08090567259496342
86590,-6.04645898408208,-12.330743566425431,0.8238743306247104,1.4930474521285704,354.77899191042525,0.42130352340219535,0.08091295148782243
86591,-7.9450252237439125,-6.3554044377749515,4.197835514409203,1.6496219514880213,386.41371514430085,0.4778853287863374,0.08091500554015232
86592,-5.285073529228749,-12.210873385004211,0.9256551483126403,1.7447460366514282,352.9842105108931,0.6262404745816159,0.08091625543337923
86593,-6.385200765011257,-10.259384504928889,1.490187187498271,1.1952764457667124,303.6688782885476,0.46422545037980445,0.08096478965702035
86594,-6.492880412888654,-7.391793882936102,3.4865300399676107,2.157843539375505,422.28304776020684,1.9017075551430116,0.08097636139259964
86595,-8.745145075476147,-5.754158282281159,1.9351079932674187,1.1978839574048337,269.1332088208624,0.08931649392441443,0.08098808886126004
86596,-4.145698982961459,-9.093532832361564,3.1435944885854186,1.8448702401998862,387.2070069177811,1.8512640806191412,0.08098917458019755
86597,-7.353804413349384,-9.0839196318475,2.7163602640906004,1.0027884038501529,248.64959374475458,1.0219505579586015,0.08099222988958564
86598,-8.74542982435242,-6.696685042526973,1.621266328170233,1.0266911001193868,243.6614404014292,0.37503412759106425,0.08099404907870668
86599,-7.952185372470845,-7.940336601225741,3.3383072483014096,1.0668178126569934,269.3126011682434,0.16617930141189152,0.08099782367795244
86600,-7.9872434069864475,-6.568607013952299,4.186766417740038,0.7271963851490421,145.24833974588552,0.5544881273433679,0.08100371263347153
86601,-4.668338059528761,-9.468064649158954,2.7064057045081613,4.2407256747301645,582.0856040888625,0.7827744153958971,0.0810214667915471
86602,-7.608364721597492,-7.679686232550494,4.179903107044304,1.9274195399324843,381.63779321542046,0.6968220362754609,0.08102397857774558
86603,-6.087564017811065,-11.918031332328752,0.8820973460937617,1.65641018158009,366.54670011353943,0.854191080615494,0.08103733543967466
86604,-7.240144142646164,-8.058087796453382,0.49713565550262273,1.0171464503543353,241.30089718009557,0.2465814058149407,0.08103850986597108
86605,-7.331766791313523,-10.170285929931026,0.5037732619394155,0.8603843315405902,246.79061196200155,1.0943650184993183,0.08104515072848704
86606,-6.341719206117764,-7.527191161089313,2.6359364902213374,1.371809187060755,331.61872644400546,0.3343815879389256,0.08104927930230797
86607,-6.730790434437323,-8.646388772966745,0.34128666128247,0.7747215170411105,470.01115691239187,0.22188656312597033,0.08106194890571673
86608,-2.503612448739707,-9.716578364350768,1.4337939761399723,1.037157485390893,277.73191400193934,1.7329851463261905,0.08106535257676199
86609,-7.434104013313145,-5.32727696334639,1.6657364266141543,1.045221880326834,284.0326434580571,1.1137189018693912,0.08107535499394063
86610,-6.179005417028883,-9.508189125959237,2.828640490647369,2.531871214430398,202.76644821571603,0.2956861346459636,0.08107792566057578
86611,-3.892503858734976,-8.99828203742969,3.223068014897293,0.5373414755805478,117.32848274546113,0.049168107561999186,0.08109540462554599
86612,-7.784578238851434,-5.971632116179562,4.154729549945027,0.6094195515162779,178.04859587518433,0.7033465195226851,0.0810999048073376
86613,-6.065486094960765,-11.252411276697934,1.059541336546679,1.2881277572753225,317.7342087550986,1.239260290952962,0.08111864789214808
86614,-5.436831054329472,-12.491398791976286,0.8848329383800213,1.8016060715267592,434.5351623240149,0.458777917725012,0.08112068837451013
86615,-3.6096320521695606,-8.092028706224998,2.814388727924802,1.4450397314463583,326.50288864226945,0.8344952530302114,0.08112806604498336
86616,-4.821402777196577,-9.414694607237612,2.790748332624724,1.026077852825277,326.9638831462567,0.23165929536469587,0.08114082262232551
86617,-6.346954442873454,-11.127240266190478,1.0596395163776549,1.2055104097246223,304.42372887675526,0.739357503925901,0.08114821941864572
86618,-5.5285362173730626,-7.918222213479507,2.374257063142826,1.1024961439978742,468.1732781018425,0.5369560900535708,0.08115755719104904
86619,-6.992749975055387,-7.024269576569941,1.9312025328384081,1.0191419656876126,273.7064793546131,1.1688911644194375,0.08116538264630925
86620,-7.857433457912093,-8.31967701904011,2.965189801007497,1.2391521533350043,297.8758885028199,1.125676500120572,0.08118506342353851
86621,-4.562229616134377,-9.2381923454023,2.992876937679468,7.572834845632532,541.0931773906706,0.0037412317037750498,0.08118954486027613
86622,-6.23795353105764,-8.059912509589982,1.2550384857022554,0.4931338488986711,118.18503671444473,0.5934970163248003,0.08119182378991596
86623,-3.01629703772924,-10.850280808782752,0.03239747231264122,1.8275246925142912,468.37754725347094,0.527936689677019,0.08119378423556232
86624,-8.414728393341196,-5.182170996917644,3.2747731030012983,1.2421435614448988,194.95306703575156,0.14045712781330888,0.08119930682512694
86625,-4.686338906094925,-10.825621012578152,1.2446063362582902,1.1409531400310668,468.70784658777046,0.40123869487664976,0.0811997644048788
86626,-7.450554601559727,-5.816466353226456,3.6593123409408657,0.8350155046403214,203.58558992907183,1.2872289401291832,0.08121929779227473
86627,-4.153003998386421,-8.763936236319514,3.4656679114846978,0.9765943750625325,272.32109106071044,1.3993076393449462,0.08121941190216872
86628,-4.320540310371662,-9.162132374627872,0.26774589710055546,1.344336707260686,290.59100982607936,0.07717475581321054,0.08122282495382942
86629,-6.210134036445327,-8.980630172414935,3.520831846427504,0.7058286534085529,173.0827934505876,0.37690205169567825,0.08122846649835962
86630,-5.511298046887797,-12.65696619287438,0.8640288209240333,1.9991345839294392,404.7874302318481,1.971145085435861,0.08122959746949168
86631,-4.871299110407481,-8.286857593027332,3.743725621718378,1.1486974385164859,294.4683453216178,0.43281456664639695,0.0812362002949198
86632,-6.764939486629297,-11.373493481940546,0.7253133052937782,1.8801609305845643,192.98511071758017,0.23152678167888308,0.0812408946090789
86633,-2.787079312988099,-11.393362033860452,1.1863088329793074,0.8723098779024021,469.9477590189443,0.16394248837847414,0.08128284290036505
86634,-4.1312905717124595,-12.567423611040756,0.9139348606989866,0.8408988609956155,224.20204399534288,1.065833178729048,0.08128323964273221
86635,-4.283095394496954,-10.17721106338532,1.5860557518363074,1.8263989944770371,468.31132235291903,0.5631431311296593,0.08129285746902329
86636,-7.277217982990418,-6.033844019238348,2.5200413276743374,1.1451336991653163,291.4098176789784,0.708098721183922,0.08130071850148742
86637,-6.743769662411827,-9.946355218210226,1.8424007900171075,0.912872581983171,467.9806780914631,0.35919377200512237,0.08132083050271402
86638,-7.039133529634965,-6.843372924737792,2.15857711328171,0.9870529859348274,270.39453069736027,1.0039326250269456,0.08132498398731948
86639,-5.812067106940555,-8.983921079155126,0.2785957549949866,1.675054570365747,466.31412309659214,0.23111642842439384,0.08132599441153637
86640,-7.765929067035355,-9.469089061404619,0.8070951121384101,1.94015832683678,386.2733746824124,0.2908196005845971,0.08133776365045586
86641,-3.4472637409957816,-8.153825059863031,3.3115134082488593,0.7431653719441742,224.09724028691997,0.5375318440523209,0.08133980555640583
86642,-8.142267927665149,-6.732911678824289,0.4624614630093491,1.1096692767026752,262.5952904461814,1.2157037844637308,0.08134143224602615
86643,-3.0906753733046832,-8.255395896743428,3.351375030272354,0.850409319384075,427.35349381659387,0.3088414713292975,0.0813510158311183
86644,-3.5610614698147183,-8.478796041169234,1.2171625382635078,0.7739790799339636,230.3230250822753,1.3720138328606453,0.0813759558659647
86645,-7.1620406680822235,-7.6899350976714915,0.7383519083371856,1.7277975809645207,171.30738978719876,0.28272801073780407,0.08137672288924948
86646,-6.72332115668351,-7.210420798015944,3.665628461224887,2.4666578041872427,454.21237304039033,2.1528999536282125,0.08138567851585701
86647,-8.428577192227191,-7.992814476954559,1.7422099129247164,0.7964553213520686,215.88011471364075,0.9193509539314428,0.08138750615677807
86648,-6.220575182532733,-9.95583700392418,2.026482438052219,0.991769132120562,274.38124076287596,0.9160634855211676,0.08142328385889828
86649,-4.83614805078564,-9.975201444824156,0.04855459668491017,1.018464584523482,201.63409531147948,0.8306579158254843,0.08145499791705776
86650,-6.4982943948561145,-9.899629148957484,2.145224808050694,1.042300337517899,282.52582897436866,1.2638751124842358,0.08145928375990213
86651,-6.457694330831258,-8.238529367603046,0.7656718533732007,1.6955588413927265,371.9496732305565,0.907388365399564,0.08147336125660776
86652,-4.353520547865141,-8.171651170248158,2.0129716537005935,1.5968139645142796,367.5140873665182,0.07300443856282524,0.08148121787530713
86653,-8.736993306134558,-5.921784256683838,2.0686701224628066,0.8023116586210551,469.88622313798135,0.07252620362065354,0.08148563258591257
86654,-4.054671605163693,-11.811305003548208,1.0023226026984597,1.3694234726904577,467.90655322465125,0.4068421996822398,0.08148654007495278
86655,-5.728075925390669,-9.379087349136158,2.9579746729357113,1.1250574049875381,290.161593902815,1.2958245756122286,0.0814959131512122
86656,-4.514756667317114,-11.338815835261258,1.0949781032626063,1.0779115387587068,266.07928891969897,1.5870172364842938,0.0814979553604559
86657,-6.338814919240223,-9.745799528219331,2.4716140371653763,1.8120168761497606,468.00536695012073,0.32083282730994345,0.08151336629718746
86658,-5.078260881099095,-8.446869015123392,3.795290358343685,1.290956535935691,467.4106560237423,0.5188007123296963,0.08154088688747148
86659,-4.340810166501784,-8.290559350992238,1.6834285392370805,1.6385807333242306,365.1623742095789,0.9520469522592006,0.0815738253141146
86660,-7.0596460776357794,-9.775973185854633,0.3419904944859761,1.256430501115945,293.6307326802418,0.4807217318555619,0.08157415881952189
86661,-3.3516860510695707,-8.336999066675773,3.5644322448319152,3.3665255174887956,527.7492807067782,1.4495230097095275,0.08157523054017161
86662,-6.958871721141364,-8.537685689864276,3.8767084792193263,1.2140881353536306,306.38090607382,0.7345792893755929,0.08158517692647953
86663,-5.4493207896398275,-9.189687195118559,3.1608739052854458,0.9179978318225651,469.5913948346621,0.2073454851165062,0.08158669998835592
86664,-6.298855720028147,-11.354601335876055,0.9852287948310448,0.6212740048449942,127.15773889268071,0.30469566435981843,0.08158920429994637
86665,-4.427330428823543,-8.056322107128825,3.0885940968600334,0.8321436659493914,217.06838992528563,0.5460190497312345,0.08159339090600963
86666,-2.5920570225602706,-9.119732022755866,1.9855425225457288,0.7924652603523212,236.07892956762205,0.5874233494019014,0.08160155527754766
86667,-6.528343394568066,-7.586338070480059,4.199285241771075,1.0335476925861982,466.42371487851955,0.6925315989295333,0.08160937856221226
86668,-8.466866305684432,-5.981899921193933,3.2544813387119444,0.7997058804751807,232.5785302599346,0.6095648900615123,0.0816120207404841
86669,-5.560400055868318,-9.708405787703734,2.4694822038318494,1.8797152288042576,452.10152353216466,0.3281999974994463,0.08161289650013866
86670,-4.977544295648968,-8.732514418580948,3.5822651508722023,1.7029180006675917,399.5561137303669,0.046842599253313466,0.08162002772147395
86671,-6.973495375041994,-9.79038334734408,2.0205171727249343,1.0938600955530182,467.47942609984034,0.48917708213784294,0.08162317933506336
86672,-3.3722388596677364,-8.22584544750804,1.963516466901221,0.5525471560325402,113.66535000992363,0.1387188954798475,0.08165429716492263
86673,-3.026019010287161,-9.457093050400564,2.795609201875518,1.4541366256387573,323.4142631440249,0.13995273591064983,0.08165653067773465
86674,-4.981153028950463,-7.991122310210318,2.76948110223583,1.1317237809284224,467.00436121930926,0.5512908179957696,0.08165817325437522
86675,-6.7293209430237155,-8.461577360117111,0.4468163851083307,0.803502084118663,469.22670229791635,0.24344241363145525,0.08167420028671837
86676,-3.7275671487249484,-9.387133272467807,2.7523779512300544,1.5356441612622762,351.56299960280006,0.31826488220193383,0.08167995100603787
86677,-6.658007068520341,-11.647522363814728,0.701103621736693,0.9899158846877305,469.26525262828113,0.03994275942463066,0.08169591256190452
86678,-2.819445799149431,-8.921136476839376,3.4400126952979164,1.0750013001368772,255.2263898419892,0.5010222063384999,0.08170005441224089
86679,-6.6948770261232795,-8.465937813177344,4.070621604889724,1.1472196655827513,248.4115569309619,0.21678924466685423,0.08171587896805936
86680,-3.2709911879949356,-8.49327655502816,3.580579212418817,1.4722265689203327,469.65650864475873,0.12615762061883196,0.08173746569666883
86681,-3.883713507902079,-11.525340935492736,1.054385922669208,1.2198188344954832,470.4759260521795,0.22095002479578163,0.08174675676213597
86682,-4.17464120929984,-11.758565381105916,1.011200791650008,1.3059842183102055,470.4437156949029,0.1547378559435506,0.08175134575066148
86683,-4.11167988895378,-11.571802105514848,1.044906563308807,1.0674838015066328,258.2894195518426,0.3773516608671361,0.08176422581472897
86684,-2.4565194144669364,-10.84450014575865,1.8680373541025508,22.458086676748813,803.4289610803141,0.13421871040045819,0.08177362052398178
86685,-6.8443970243366605,-7.017864907891112,2.9130843066854974,1.1244302768341337,468.1051647162042,0.7335806188580554,0.08178294712313548
86686,-4.072418227030552,-8.09669635101196,3.056366231405974,0.967182013416016,468.24158795119723,0.851091613676962,0.08179631206402116
86687,-5.841835710409066,-10.005872262446724,1.8374038605504883,1.1419767454158554,294.7896001313781,0.7318388691023019,0.08180080989954551
86688,-8.737771262868781,-6.361475264912783,1.9956861151222263,1.1911376459458454,458.8534658833406,0.07322295727886008,0.08180318768867348
86689,-3.7935581563326277,-8.254387354311888,1.8042118215503562,1.1828005357209481,300.99146562351325,0.9675158599636786,0.08181343665415573
86690,-3.3904673559810696,-11.368973038278687,1.0884031926393123,1.23385129261891,293.5644254510005,0.18261200874821082,0.0818361830000859
86691,-2.5369682167481065,-12.004305948712497,1.687298547319682,1.2175556735479656,310.77709437655676,0.35486373739712995,0.08185566703153312
86692,-6.310649861116526,-8.729480761683309,3.8219084557549237,1.8192417471651547,433.85198747839013,0.05161098490508209,0.08185987410209261
86693,-7.599219161155713,-5.546349963678057,3.7951315018005847,2.9419074859566274,495.26693568180133,1.6922156591831055,0.08186637979117108
86694,-8.388548710683482,-5.41474921331408,3.3595235272705986,0.8817821990728234,467.3686332275206,0.7529235261261675,0.08187215296191006
86695,-2.695849492373422,-8.669208113067526,1.8718645952405168,1.8113625049194935,433.9026896395257,0.8067926367626832,0.08189883210884726
86696,-5.20318763353472,-8.786856184210405,3.5715131565412013,0.7990274529617499,218.19936195239688,1.2512244942748936,0.08191093616485312
86697,-7.513358474885695,-6.645909100241931,4.383141947637451,0.7438260953096497,467.67999742946716,0.4666505010906743,0.08191507966901529
86698,-6.331200568649602,-7.505777911338761,2.8877046269661437,1.7731643510325195,421.7586591396583,0.6552066500623379,0.08191909610756544
86699,-4.10853515164456,-10.810267940405826,1.2483850735268962,1.4235017658604605,468.0871966128526,0.7236124450169443,0.08192768316794485
86700,-5.649699382625798,-9.07188457892757,3.3303229376511285,2.9342651733787,439.3761096070763,0.19068443985971673,0.08193056415367497
86701,-5.538636953573363,-12.386003017886637,0.8829875015017143,0.9191600979057786,253.53704704681095,0.9135162208590932,0.08197182425646751
86702,-7.184052880906405,-10.410357902241277,1.0292477218387506,1.7715787324699734,421.6716238961532,0.7712866983683293,0.08198339426235109
86703,-8.7257250626255,-7.084452216533316,1.2217521624380876,1.3147234608982528,317.81417589148253,0.8290856221654783,0.08199792041894814
86704,-4.537709972009001,-10.349251584048455,1.4732789558576458,0.7251069362395142,186.27891676511538,0.39788845032343545,0.0820027640811245
86705,-5.765383784714962,-9.956219775614011,1.95429634452361,0.6606432784013324,147.55475007495195,0.586874564596072,0.0820065333440412
86706,-4.05674766570886,-9.86862389456285,1.9495755099679246,1.0559767318830136,130.60111445412284,0.3347284916839195,0.08201036437589247
86707,-6.47349511649046,-7.431692608362586,3.6671394409194407,0.8942978996252711,468.0321397407914,0.3824295213062845,0.08204379040985964
86708,-4.633056934119687,-12.297785868958435,0.9309193283224084,2.1933141568665975,298.1857028647302,0.013092750632773154,0.08204995311457265
86709,-6.441754248066228,-7.5545436435763795,2.2247395743082903,0.8000817495641096,200.57749955257833,0.4494074814458404,0.08205020522665525
86710,-4.076808517431532,-9.179604305977959,3.0294010606250583,1.0662444288495203,468.1539255270469,0.7741878476630637,0.08205145197101041
86711,-3.67336288240703,-10.72636788988196,0.023977681216848106,2.6795561580471157,472.2708783833398,1.6754848926388624,0.08205530245237633
86712,-8.235037591815914,-7.654609916538441,3.070404708764293,2.2172459448269715,427.93406369919404,1.68714183685805,0.08205657561293259
86713,-4.888068569684228,-8.153205997494325,1.922929370449241,1.1325132471403325,245.02850474940396,0.13209438005688767,0.08207390755485039
86714,-5.465759354128647,-9.69945137171544,2.465619162100707,1.8486466083971638,250.72606433263047,0.0875147817660924,0.08208301437354887
86715,-4.887529095844889,-11.096576341774572,1.1587796823274135,0.6699636585237879,196.96084698395728,0.8040375062977896,0.08208520716090618
86716,-6.589917447460465,-7.514801125100525,4.169112916708124,0.9676795189706607,263.020548663832,0.5924602412076805,0.0820891680405231
86717,-6.250641903604023,-7.800467555322119,1.8278774838637344,1.0721680220383534,271.5120886500485,1.3621481913763613,0.08211526436133465
86718,-7.272394253227354,-8.638703717354208,3.4655958034995766,2.4035667063470774,411.80789677108754,0.3126769089682844,0.08211883953785092
86719,-2.4533989694946623,-11.7087049724223,1.835314891323132,0.678541137660099,447.5124014868709,0.39713793901952865,0.08214652199677411
86720,-5.20863911109873,-9.905743052507344,0.06007319742969886,1.1135561921838983,288.6847198312823,1.258048333006962,0.08214851753430268
86721,-5.60407011322312,-7.85149879490595,3.389484802413046,1.8939089477339515,467.7402488911698,0.27743593228997643,0.08216152142066216
86722,-7.5771622508263405,-9.336208748218468,1.7917245335370537,1.0539345762703942,279.96665951848183,0.584209661147888,0.0821661792304577
86723,-4.712866874053799,-8.742805795860772,3.5228619545202315,1.211633698638027,266.1100841570519,0.48687728400754615,0.08218755833651362
86724,-5.607225223567202,-11.601212363146503,1.0038785652480613,0.5884213455670706,184.69069625209463,0.5016925157060177,0.08218849477480525
86725,-2.9360137341934287,-8.358849350957488,2.92522852376049,1.6672677877085778,389.6194816536649,0.9680271216680225,0.08220418421287574
86726,-8.748483481817658,-6.699143907498561,1.099238772373567,1.6879544908911615,455.9039417877004,0.8504560828404442,0.0822118586221373
86727,-5.361781868855252,-9.75946658307306,2.3428681802209126,0.8196130621588903,234.9994805280435,0.5300502857036316,0.08223053704645183
86728,-5.2416650418089334,-10.900670646052465,1.2090964027066156,1.7518257795796395,467.92405701798725,0.29963794561806534,0.08223729276848796
86729,-4.241879960599663,-8.946787353315441,0.4305983408334169,1.3729714198801082,319.3807031685396,1.0533974988023234,0.08223939340443996
86730,-7.809759749585116,-7.709470944052489,3.868943000055991,1.849029388607678,442.51896363847584,0.4449682427084145,0.08225014750936793
86731,-4.8517567856894495,-8.695415583710005,0.675208748789399,0.7347066380042588,156.95886570796588,0.7018221391412522,0.0822658788882178
86732,-4.429362814909753,-10.242035750514138,1.5388931982372096,1.3572213082318958,330.3255935120484,0.3064008129869764,0.0822944903408853
86733,-5.543084059323305,-9.121024709044665,3.2476968193437434,1.079742519029997,226.9901667170655,0.14081438816401892,0.08232246908140138
86734,-3.3348388186687465,-8.146271069019111,3.256805585133016,0.7939798858541606,164.5999579654729,0.04308890701965762,0.08233241487617204
86735,-6.707499551619289,-8.176761885254978,4.32104030481048,0.6418159357034008,176.69619319367834,0.23562408804699064,0.0823355845804123
86736,-2.7489692753039847,-12.481438669787408,1.0289658552546688,0.7202708433673268,178.8552682700497,0.46526080217343946,0.08237599055680446
86737,-6.073830706175214,-8.180997401754741,4.21066554895738,1.860379440775891,467.02287416588206,0.16934035751325371,0.08239576520125425
86738,-8.449317825949429,-7.595625373795037,0.7397210715110528,1.9315171771142952,387.26261840572533,0.829615490494592,0.0824058001846409
86739,-6.021283580106562,-7.8621794416177035,4.0467341079170644,1.0767765902741286,284.41869403810824,1.2599217901621076,0.08242053982312614
86740,-5.891999675762555,-11.994281802839488,0.8945589649005042,1.8081580201525196,447.0032055957236,0.8157133581932099,0.08242399185191292
86741,-3.6100197148061657,-12.512368007551254,0.9148576796169176,0.8729233651645181,468.3515667580619,0.8145963689099558,0.0824255433871258
86742,-3.1071701982139626,-8.468745766839168,3.5787195053013265,0.8555639163382127,224.28306889387673,0.7469201404823531,0.08243276516984177
86743,-8.389481241937096,-5.011484386205198,3.288292868873123,0.8189461611740886,162.36047090993236,0.5150022624631339,0.08243415532407963
86744,-6.808407293531387,-8.22850655710436,0.5956370613212753,1.7649157891452325,418.7734220255663,0.22140439176800353,0.08243627598932456
86745,-8.724760349530214,-5.921569252062853,2.2072426945143566,0.775927066047153,232.13737649688912,0.85250095047114,0.08244531923666634
86746,-3.7634021083015945,-9.11348444959232,3.0831892220332566,1.0261578087653667,276.73437167898254,1.7001832608603822,0.08244810378004888
86747,-6.728993333260037,-7.165574824715238,3.1587435673688122,0.9247475373299276,216.0361447597558,0.44016546509776955,0.0824580363076746
86748,-3.9228782897476178,-8.383774419082448,3.6056338894202065,0.8014262887182889,467.6809841054282,0.513706869609428,0.08246922820148284
86749,-5.758516407507873,-7.7847562263401215,2.9377518604362485,1.6758867290165422,392.96900434564645,0.2679292640720261,0.08248069043636759
86750,-3.886677073874562,-11.743068065775187,1.0105395210649961,1.0082365953966703,199.96616241939603,0.45459224275621857,0.08249471210872045
86751,-8.754130602232589,-6.265353214371391,1.6993207654045328,1.7608030222086686,468.5161566757649,0.8197238140087331,0.08251142437674791
86752,-7.156566109611657,-8.558541095647055,0.3642434415804816,1.7337380437146555,408.27165223888056,0.04677725498277674,0.0825158210739645
86753,-7.340557180928924,-9.530710592618563,1.9409368164435763,1.184769311590153,467.975167460348,0.17903954651702847,0.08252634726152434
86754,-6.2231942852433,-11.3293475176031,1.0031139616751032,0.6470213280457803,161.80625894283727,0.15533478852985283,0.08252873218855418
86755,-7.021098105295166,-6.835258672373682,2.3203486075271096,0.8747398993347265,182.41810738180004,0.4901588532164949,0.08254392643545519
86756,-7.449741832619711,-5.315775833745297,1.6237898801432218,1.2760882781679965,309.06601255836034,0.40586377666946927,0.08254979385830744
86757,-5.052709511456696,-10.487734770371373,1.3886076667675913,1.179935130308027,268.34099809154907,0.40979733883285885,0.08255654127345545
86758,-3.8172410312261214,-9.022637315642307,3.189373584029389,1.099544803405888,282.9712326641506,1.1026929082690957,0.08255773338191255
86759,-6.430741440310364,-7.538976084723093,3.9451645140038973,0.8264043948812222,233.5673882238482,1.3848863861431147,0.08256110637668897
86760,-3.6570024019811544,-12.892117804767665,0.03203525589582595,0.485316975961629,131.1981629426534,0.060654996890805,0.08258590565208668
86761,-4.612074722267037,-11.16930693614173,1.1394616344857411,1.4431503540763218,327.44361671784895,0.5672713341755715,0.08259906027799882
86762,-3.1523260825142536,-9.102490905588924,3.1390104185141077,1.0871107361188626,466.7667885056892,0.574740133314898,0.082609633194131
86763,-5.521729816501622,-9.785267738726382,2.3160226582524603,1.198121965463005,467.5957843469217,0.3265138249984938,0.08261578136978866
86764,-3.111485483691663,-9.50275228779909,2.6569529495224584,0.9521518057403356,261.6278308268754,1.6598438418795824,0.08261789317683435
86765,-2.678591858226725,-8.774082376190194,2.328992810382462,3.6363873851050608,387.7518476872313,0.03802687838295338,0.08263969623906163
86766,-3.726220558382342,-9.065704916744263,3.140436936790271,1.8677810511787196,448.66049639050334,0.2232321096796559,0.08264174959361108
86767,-7.347344587616089,-6.802062618546547,0.9497590276377867,2.2098992649726177,370.40590409368474,0.1669007987060711,0.08264919124835897
86768,-4.380779039874008,-8.072859485184976,2.7197107707712247,1.13233566055214,290.46901986528263,1.0317955637814,0.08267033800195478
86769,-2.672890257816757,-9.138303900487847,2.9834460016391073,1.5207605623715648,347.54541625346735,0.3594989804413755,0.08267379079856337
86770,-2.5123117868033606,-12.201087852420866,1.7604371350617471,1.2223899581937874,307.1821300324517,0.4376248672586547,0.08268104694772632
86771,-2.7909711356636375,-11.48177846522403,1.1573059417866511,2.5823973515058922,465.992314723475,2.5575788543616778,0.08270176974186942
86772,-3.454368828884414,-8.130111116824978,2.4641705140009145,2.5421516738096828,442.6142446175887,0.5499429263119948,0.08271489405553384
86773,-3.36670551558353,-8.50207212455393,3.5609386553833544,0.698705677712046,157.48767361663425,0.324098613688788,0.08275766361451938
86774,-6.193010249275437,-8.836919870900996,0.3198353692387296,1.5884036224124831,467.7447966289315,0.056511695131493234,0.08275922188238478
86775,-7.46455089349876,-6.763733697764476,0.7136255015888548,1.7506692290879204,468.02083309486665,0.10649527646424062,0.08277342378489058
86776,-8.666730108424385,-6.424847632445067,2.558380976562406,1.8367893672366966,469.08884244469726,0.6354556951809682,0.08279046637567171
86777,-7.634294172166103,-9.297304379558451,1.7057601053050595,1.9888196154364206,388.49499680188535,0.7507316472738887,0.08280651039767063
86778,-4.049667573188583,-8.73939715085353,0.6801439630632738,1.3639394547496158,468.0079445572237,0.6257788165227858,0.08281990986517358
86779,-5.553872399615763,-7.854521830119306,3.232863798812241,1.0737074993434919,276.80137904035604,1.3471989886539069,0.0828484748986987
86780,-6.57124588555611,-12.566672011818659,0.3399555968204083,5.571819413207859,413.7478335347849,0.08800960568694549,0.08285195014850143
86781,-4.1776939345146324,-8.134905679393594,2.3078253576515095,0.959896307828028,250.999561430725,0.8748185903471706,0.08285437909525853
86782,-2.484912869106828,-11.820583975995417,1.8501618359890664,0.9047156036482203,467.8369333059063,0.039052607277318074,0.08288343452628863
86783,-6.7187658028850406,-7.407195468664349,4.159237924769172,1.4701603070244853,337.2218537741328,0.22647340175513264,0.08288630438200877
86784,-3.451013609659671,-12.800360121749861,0.8936740310417548,1.7083082156136657,397.78919879325514,0.1095935804870729,0.08290070147735464
86785,-4.065608966116015,-9.685262106777145,2.312641627293629,2.074818221979277,414.29188033380007,2.221810036905074,0.08293792246333359
86786,-3.771881876789199,-8.906739243485802,3.3053890483481156,2.092277358177305,406.2479605090697,0.9127953020103581,0.08293954538146008
86787,-8.776266566507296,-6.019965519498215,1.527831476935073,1.5487779020106482,351.6783157026356,0.19418417531822563,0.08294154312026515
86788,-8.474231345403174,-6.804331968935316,3.1729647425748757,1.1672041412660796,254.24420123664294,0.7679079016531691,0.08294315435863425
86789,-4.229295742025368,-9.519342875450905,2.5914798678795057,0.48382257720838195,131.46795259035665,0.8573722869512226,0.08294463963452416
86790,-6.446653641478431,-10.750437783304335,1.1745678385890335,2.575651204540564,458.2955909841717,1.0954468255836165,0.08295249384809357
86791,-4.47090035289448,-8.152472492996443,2.099327954742701,1.618725344643136,468.0813945252061,0.9005108030255142,0.08295951203909818
86792,-6.08172248940085,-7.775226229743658,2.1877463433309106,0.73145360296206,424.1657126899551,0.25383877090579876,0.08296233697205763
86793,-3.1150962448525474,-12.851860200759198,0.9139044211297436,1.4008512127817994,318.4342249972464,0.944203374548489,0.08296922565901432
86794,-5.453665562206483,-9.451430451083926,2.8096970966218167,0.4804956675362185,139.1361539283889,0.5613998745322073,0.08300202830972557
86795,-6.676895434291508,-11.093937909270858,0.9480433978429877,0.9794842750609943,468.3464919088309,0.6281131739855494,0.08300985569111102
86796,-3.7421699953768384,-11.832019632487675,0.9938303251256522,1.5667704128881486,360.9840684257016,0.9482401288240627,0.08301174431821444
86797,-2.848406100379086,-10.098319294895768,1.7958546907578863,1.113617266696613,188.17062418021843,0.1454573237387926,0.08302447466164034
86798,-3.3107724277301767,-12.658815737241408,0.9045211189411323,3.345026555127243,488.56904183322575,0.2337425811545204,0.08302654803331175
86799,-6.548987249620563,-11.54054088326034,0.3037695699373217,1.7206949237467029,467.3178177660705,0.08386967757565778,0.0830339156162933
86800,-7.406597591891273,-5.3325347883664085,2.7904129165719267,1.3800468572965008,325.67805165979075,1.379983375972281,0.08308048537998872
86801,-7.5203503805125695,-9.306277307727564,1.995998203216984,1.4386226923361116,324.50205557055574,0.020109683277607537,0.0831080356764585
86802,-4.658445699969085,-8.365937699683453,3.70180319107106,1.3069632928555066,281.80700164921626,0.10700719318325103,0.0831387397901048
86803,-8.79230933159941,-5.118650682239268,1.408929283037147,0.8932092094698004,469.09726245554674,0.13560434684985267,0.08315022098681406
86804,-5.356595957132214,-8.706325660324072,3.6651219393415135,0.7564811489499483,202.3550691696093,0.8918201303349891,0.08315137227825806
86805,-4.005015450088674,-8.773314061765543,0.6357537992678509,0.8918102280255594,397.2249007040237,0.1942422046964447,0.08315641822254025
86806,-3.220302143371229,-8.312229430656224,3.524044416306337,0.8331192360057417,225.39360631735323,0.9701646812790958,0.08315727717474847
86807,-8.043443641418948,-8.831365951784722,0.7967021053594548,1.000726724907818,467.1324805430663,0.6266553701127711,0.08320576130113258
86808,-7.556672914049614,-5.353241951495604,0.7184774684396451,1.0800402351800287,468.82792370289445,0.5971617506044753,0.08320840774065712
86809,-4.017454663950241,-8.864762711282856,0.5280156765155627,1.887938210707144,467.8898475123384,0.4471054931315903,0.08321819171402223
86810,-7.818346928962146,-9.371112878538527,1.0848473607640114,6.375741988095261,645.4573346423517,0.21540721452191836,0.08327518446625355
86811,-4.73984590385029,-10.065437705207206,1.6814654700891714,1.0472588998559225,466.3730467263032,0.16035535013271396,0.0832961753502632
86812,-7.674182182195839,-7.616769887836643,4.1366978748903,0.953025402936781,252.39978568144792,1.0500902077116692,0.08332120682217922
86813,-6.836657296849221,-7.038302659424869,3.0513865527972084,0.9611317383250394,467.6966504628101,0.3801737581339957,0.08332197783715328
86814,-6.6806999462116305,-9.14993951670234,3.221673204459886,1.2894167543698432,288.82661384378457,0.0946330394280368,0.08333339086931427
86815,-5.80589072100607,-9.858735991089723,2.1973412718086616,3.3908709312608725,528.9655448299824,1.3177948372799806,0.08333416044235441
86816,-4.566265890240527,-9.336909887708973,2.843768193289177,1.0100986301181558,272.81624738725037,1.500842173514564,0.08335852659167592
86817,-2.6154729613879333,-9.267364590725151,2.6104894574819233,1.024779654497199,217.09176832714675,0.33550924667198867,0.08335930197780922
86818,-5.705184653704638,-7.881197907786425,3.6826739689602204,1.1435542678533508,279.2739807146049,0.6480146243362395,0.08336289822739738
86819,-7.406613985701331,-7.225236430277443,4.498643351427244,4.466203923595689,596.7359128741996,0.8943990989690551,0.0833770854731612
86820,-6.269836236857807,-7.6482245915905995,2.322312554553965,1.433322480441627,336.75769821674777,1.0137340264375494,0.08337946860090609
86821,-6.670951842151828,-7.674387096971241,4.391137767792766,1.034745409093961,264.1635909135626,0.43783002258206505,0.08339098952309457
86822,-4.397337629389004,-9.092043334728192,0.317483029878671,1.2691442306451843,468.83187101776304,0.2670165551831598,0.08339619238450768
86823,-5.9861445267609135,-9.748386473079275,2.434932291006051,0.9985704263646622,263.47344810438426,1.02555329316099,0.08340009332081465
86824,-7.119933793523342,-8.895490143362103,3.2689079253832536,1.8129778536226033,432.6285636598013,0.08198786229772725,0.08341098447421487
86825,-7.399249015222325,-6.0663712864092,3.7022036586720737,0.9685075458972463,226.81170757373724,0.0676697148076304,0.0834275326059094
86826,-7.403793411738724,-6.703152105036288,0.8593931828629158,1.7439873692367596,412.39079550623325,0.28590049054519806,0.08343727375822074
86827,-6.629265693927579,-10.96546748425111,1.0362684844699117,0.9497567641772685,187.53998616745022,0.07875669800404594,0.08344264234264095
86828,-3.1445546451072905,-8.960435935505641,3.2798003671818914,1.0130870100087035,265.63984548119214,1.445488789378265,0.08345654011538103
86829,-3.274106740846534,-12.582812563311208,0.9113502301572498,1.3359066007605367,434.7413263306757,0.3326052872471381,0.08345916455833531
86830,-6.492917529555865,-9.756998699879652,0.15470073052094402,1.0508983648924692,281.21117971243984,1.5022653466773592,0.08346980526048868
86831,-7.501117806717765,-5.0361339195377335,3.1870923798985253,1.092420336848962,217.36893479950228,1.0043122155891355,0.08347972744664528
86832,-8.683616583259056,-7.110218969615256,1.8150479130485326,1.0929600015101384,468.88256395393387,0.8562253639658257,0.08348693856453611
86833,-6.766266745292851,-8.496196281067522,0.42188899384409345,1.170365147484551,291.4319509720801,0.5577317465323199,0.08349604755919818
86834,-4.926044692528202,-9.658051472553858,2.435401740883139,0.8399372549681049,194.97410592343184,0.4212848173670123,0.08350302301092008
86835,-6.727242940612965,-8.612180423738938,3.886226399772661,0.9598202228479349,246.897528468119,0.7185508196540971,0.0835252260892652
86836,-3.34004594400949,-8.949202694036135,3.2437378766884732,0.6770896519301911,467.18322975830534,0.40968966616321456,0.08353016716241447
86837,-8.571998944638384,-6.4787501816120825,2.930771272290285,1.1118460290205872,289.68818486896714,1.0353047333424295,0.08353843127384973
86838,-7.3398089008988245,-6.0895930145370345,3.504152246840643,1.3445055638838548,327.2773028504926,0.2596124731525249,0.08354424885988572
86839,-3.672429581110091,-12.70605655574809,0.8956062270459564,0.5082208240295809,133.07161043965084,1.218977768997429,0.083555456800307
86840,-6.153337180233809,-10.020926093543897,1.7957653447548072,1.092212234970533,243.23716063215804,0.2897030852060345,0.08357269942461468
86841,-3.193658957202987,-9.486332993361508,2.615266192479701,1.6370492602309972,443.14920207748537,0.4916784159528875,0.08359459581230262
86842,-5.025472530960764,-8.16925651687782,3.693577542017441,1.5915525658103136,369.8676122531152,0.33841363087247256,0.08359874490753187
86843,-5.014738200084628,-8.373006090849762,1.3091511012964754,1.5752181180020954,468.0522691069318,0.7037295493949269,0.08360594533906308
86844,-4.468436814049612,-9.848102634137156,0.061405390404553666,1.0852866817905606,283.9770141531952,0.8620975222491705,0.08360738697629874
86845,-8.412684500644191,-7.462704538136117,2.7989890481094863,1.4319935870363276,321.6647485944983,0.7877754971430884,0.08362420194244609
86846,-6.697497172588227,-10.281652751364673,1.3911327043767587,3.589360483365757,531.5780766861377,0.5452305874560919,0.0836311574451227
86847,-5.750737450878637,-8.306543452027569,4.032768639949583,1.651628973249219,468.353727299705,0.46193737816798386,0.08363753901524783
86848,-3.39339402176045,-8.14934288256227,3.2183373629163112,1.3591995124826637,322.0915462407754,0.8559025580869672,0.08365647660061781
86849,-7.431008585562077,-5.292091647034484,3.0060329329459443,1.8025581284353955,468.24865898597056,0.2978888645118687,0.08366009572610861
86850,-2.641707772737595,-9.210920562815819,2.763268548980673,2.203050982429368,421.0646340881977,0.9547455196976715,0.0836625406442431
86851,-6.153878906021636,-12.237475851267408,0.7906583361221761,1.5969210686885482,366.4743552948784,0.1215943007673701,0.08368466500973021
86852,-4.1979399172680605,-8.138738564088957,2.2858353736547334,3.423260481674715,530.9956846554236,1.2590449344041783,0.08368569632233573
86853,-3.977135924705002,-9.845743431265502,0.06158979339043489,4.944913981055767,276.65512190592375,0.32842657154729427,0.08371225360995946
86854,-7.889004881941524,-5.379838947759273,3.922029103790687,1.177220087441608,468.0711268699998,0.7145167623920337,0.08371315170413811
86855,-4.005597314848143,-8.573955488199822,3.5627559255823074,0.8647936833154584,190.0611597660648,1.0752857813127017,0.08371583685426208
86856,-7.4635311152600385,-5.401240321031504,1.1609034430598242,0.8708439743085036,467.54332654258747,0.43136359907468336,0.08372129964448859
86857,-8.279233561735879,-6.6247324396368885,3.6944410428230094,0.9073603544840796,185.9635510439368,0.6205351333908231,0.08372554796825248
86858,-5.642626095379062,-10.592555982522908,1.3182147490014526,1.2385718477034393,287.16935805792,0.2646197053604604,0.08374483059220553
86859,-5.111498807532159,-11.001314704025763,1.1742401922375085,1.0249740345641707,165.97162159929076,0.17727432549100808,0.08376000035020545
86860,-8.696680514691865,-6.52048011357625,0.9062928502479226,0.9980520585474969,272.0053434006467,1.2737857551814047,0.08376313174474777
86861,-6.999335179417256,-7.4004455963454205,1.3065946031752638,1.4988271860999896,272.38123753623614,0.03106511258946565,0.08379407889134712
86862,-2.859839358669058,-11.788461205130666,1.0671248759481102,0.7677175833051244,207.59117282895335,0.7666184262460218,0.08382363937870582
86863,-7.183845480179491,-10.21010502512751,1.172418878693864,1.3044019735348584,318.31937783350236,0.20065178004917694,0.08384212946327611
86864,-7.30087972970312,-5.946896663723617,2.5071600742192284,1.3145139845330585,243.08455585231917,0.015604315530977075,0.08385182510691655
86865,-6.901586474187639,-10.937865127659244,0.38737344714157523,0.8201871882935273,447.50556601746786,0.3574898333740224,0.08386633989202967
86866,-5.0758510741414815,-9.061892067095258,0.30527888328969793,1.009474568153945,467.137987332186,0.6330315740479433,0.08388365627737555
86867,-8.699813637569383,-6.723187414179007,2.2362926190082675,1.2493174779047376,468.7302459152835,0.7494168404966741,0.08388474427561012
86868,-5.202334632538367,-8.972211285418618,3.3604016564968906,1.2365347510482654,246.40889462199513,0.013750296638518122,0.08389336687965203
86869,-3.602900129659673,-8.63724078223134,3.498005168483759,0.8826887646035332,195.6000536590605,0.9742564064013859,0.08391757229811961
86870,-4.6449852944896595,-9.400948565622745,0.16555142119127475,0.805105985152839,186.23617925648787,0.37757475994611767,0.08392125282943998
86871,-7.47821042781777,-5.230414371993916,1.1316165817060357,0.6539095723772048,132.20230100512907,0.8738872570946636,0.08392670305922462
86872,-7.098884556913134,-6.790458826616708,2.0153888315307484,1.2193175882418748,228.37477139714207,0.042513125410898134,0.08393016644942267
86873,-5.52197368377278,-11.691902340528637,0.9801361284684813,2.513330004228085,459.35546467907733,2.4217254384874582,0.08393598986183423
86874,-8.656814179087991,-6.905295573309494,0.8818053156313557,0.8426145453649635,468.195240174856,0.18856381532564281,0.08393749544936345
86875,-4.601654096029904,-8.939103810147378,3.3065459636048944,0.9882668277683121,274.089737806652,1.164882659804361,0.08394824184186223
86876,-6.504004883229444,-9.518124506723353,2.757812050446236,3.0144916552089325,485.64975543918797,0.540380685482007,0.08395347296337823
86877,-6.6759956731131105,-11.372404519008633,0.785195854153832,1.8775454579682052,467.6537332079227,0.25252762453822797,0.08396320656085483
86878,-4.727646133073016,-9.503651559282108,2.6336466644356453,1.1564330423947795,250.70459541969385,0.9089764948032686,0.08403266094292822
86879,-7.924962140985091,-5.739293683914091,0.344092874057335,1.319923610787399,284.98377896990917,0.6183348927275194,0.08404396867161229
86880,-2.9014492009853807,-8.820497312591113,3.4699639777177795,1.35493141105571,321.1410753278271,1.48959978523298,0.08404923323244781
86881,-2.8681217374361987,-10.375943841985563,1.5408450460513599,2.019960853368502,383.24798839230806,0.5481020513729664,0.08405779646418832
86882,-8.239562397473492,-7.2173380863103,3.5183795172466623,1.2142941895605157,257.04704896055625,0.05141997641058449,0.08405946041229523
86883,-6.884955585105075,-8.4169282187062,4.035710248502629,1.3538930379573888,305.6047042582396,0.07616489134379822,0.08408595569095681
86884,-4.446113558869852,-9.394121973841207,2.7619773063331117,1.9048849072092582,469.19706813865366,0.6319908617762664,0.08410252520214465
86885,-3.11631640670191,-12.212188635011552,0.9624529059722455,3.026130595134637,500.74745736050477,1.3369859276753617,0.0841140384907746
86886,-8.15079753349361,-8.051989574213513,2.6563652420933295,0.6751362728546084,465.7565602171353,0.40586414617982225,0.0841343459237719
86887,-6.412603180732862,-10.64362055275587,1.2268011918549684,1.1501619934065261,337.9947323628318,0.635871087635203,0.08413605126217988
86888,-3.9059703951438856,-11.658281968336034,1.020152669888737,1.901884075588416,468.96538241386946,0.634960789801359,0.08413617263079178
86889,-3.2120693171524817,-12.565827513634167,0.9163959834757645,0.5629940286603351,130.80523508248803,0.9706116135311671,0.08414828203073242
86890,-7.624962198491227,-6.094670953816629,0.5380625984069543,1.6181614856802171,373.7509232622497,0.5451429826060972,0.08415800256272528
86891,-7.390572088830243,-5.461033889546918,2.721226003624108,1.3147114600836103,437.06969647887325,0.32718898749795944,0.08418020576043567
86892,-7.518761780247432,-7.1553956349377765,0.5760546143328833,0.9863262885217023,468.7875530513995,0.9212051283438756,0.08421396436301361
86893,-2.9318619495818075,-10.43598829884278,0.05229288034346497,1.1622496745029718,296.5915535042059,1.0117565374142918,0.08421411359645513
86894,-2.601786246110266,-10.116824316688998,2.469640991794188,1.3667957277982954,300.35631798961447,0.3895142776479146,0.08422117202795898
86895,-8.000225805716052,-8.767370292947188,1.7125147492998258,1.2010706804124702,294.66349710207373,0.6536347328587109,0.08426719544249413
86896,-4.495455664855818,-9.171881807836634,0.2668212849213658,1.173897086588385,299.2348450558078,0.9322549940330216,0.08427313544240635
86897,-3.67996079092884,-9.476866552891995,0.1472205486734007,0.6469335428831272,135.82827724238024,0.1677760510619839,0.08427457265619367
86898,-4.686043083126716,-12.84263743784508,0.8728164673875057,3.826969443532353,553.6727315029198,0.7225753059730353,0.08427492978994952
86899,-5.746268836216751,-8.174953118317003,1.4465856984374377,1.1594761742643824,237.08592983406874,0.014681245098427276,0.08428709350695764
86900,-7.321283062525245,-10.305671029991622,0.8418784817051347,1.6378614902546116,467.91673992592683,0.676299835108984,0.08428719907041969
86901,-3.0802288820494432,-8.563565893075062,1.1555833210009192,1.1628132456661635,297.25877637242155,1.3920144457953656,0.08432212930463122
86902,-8.725623273435271,-6.417251212596913,2.073287643261459,1.0627918385397745,227.64819660330858,0.3587965057528484,0.08432828289195501
86903,-7.359992483059337,-5.635778941069139,2.6586596904140136,1.5934580202132098,366.14821980385994,0.653779272237947,0.0843343956781414
86904,-6.1410414225655705,-9.863325204266534,2.213340548086758,1.8072662205806127,468.2728660682992,0.46317626496746644,0.08433620864314041
86905,-8.298148889514968,-6.3540095113081545,0.5171353870808219,1.306689181310538,251.11668596724274,0.05293855532908953,0.08433875825960442
86906,-7.482250841018905,-7.310351499332526,4.455135321472512,0.6868603486308652,136.0770510135106,0.2961045885742495,0.08435107312621314
86907,-6.999225998650797,-7.376637427317464,4.408835873263941,1.018134606511987,250.2591497428564,1.486514680429889,0.08435983850110454
86908,-2.475352271242148,-12.110788351075769,1.8125938083482025,1.1491568011151865,264.1030309554796,0.6423720126716743,0.0843786995666944
86909,-6.629326742306949,-9.526657382463846,2.703775920865365,1.8082036699092416,467.51296366705327,0.02031880120312124,0.08438347400517326
86910,-3.290385691199025,-8.448601450079227,1.3727140008406247,7.894269390904106,507.144829217607,0.046576816109775265,0.08438971448117662
86911,-5.113146432609527,-9.513344911842204,2.6644252505644,0.939550082585707,468.0399736495942,0.3859504652137433,0.08439035814373844
86912,-7.00301227046102,-8.467147029562216,3.9113689809969157,0.8496295071333925,139.25935543207538,0.14379024292031062,0.08439328879289798
86913,-7.761635745888068,-5.643830496920021,3.9793633252322733,0.7057160142142993,447.9817425552797,0.3604293363925999,0.08440135549283043
86914,-6.682900521403159,-9.08880553196043,0.2223754261140016,2.9761241622243615,435.5559688847351,0.11601944911117901,0.08443461331827648
86915,-3.7353984758005936,-10.003440440866722,1.7207015796099192,1.79887273264978,427.4397907273569,0.4105178128866003,0.08444774615687417
86916,-5.650928328470293,-8.369567628062125,1.015525314569112,1.4911021414500294,468.1717355885945,0.23875164807255622,0.084448639689611
86917,-3.7523975753169623,-9.125246279315641,3.043663815761172,0.8389005735058598,231.0026295466006,0.7465248592594227,0.08446721043402503
86918,-8.724503732330199,-5.071528834962593,2.0180545083881998,1.1845890889228263,300.1384213666881,1.8676611195940254,0.08446813034635363
86919,-7.091889582137552,-9.930413157247244,1.5109094342093996,3.6077860987881247,450.5428842515815,0.10379610543748541,0.08447620662738128
86920,-4.854751728959988,-8.767527420495773,3.5079137317409925,2.0309745329605287,401.1188532708303,1.0795225364390992,0.08448201727567752
86921,-3.702016878735365,-12.437547256811978,0.032221462009802936,0.863879388791622,142.40163657336166,0.2317077677488264,0.08449993330066166
86922,-8.63746235326052,-7.356078805601168,1.7775813902417896,1.1409711917848047,230.92768103701673,0.0005868987640207379,0.08450086834822093
86923,-5.665655573217403,-9.851349196224552,2.1633150415156517,2.398519725578379,448.2622401626205,2.3774445744605144,0.08450273044458312
86924,-7.43759616352472,-7.038710386769416,4.463816386719433,1.6677178664586703,467.43624067630634,0.12062273247133248,0.08452641781626516
86925,-7.326256037596529,-6.324102239795748,1.587908697481339,0.7666598660181871,173.28120423887015,0.7420051212393668,0.08452803628067258
86926,-6.0160383546595515,-8.783624576240683,3.7047360061911467,1.0784469402325105,215.45056532547918,0.022405334866486548,0.08453597115493247
86927,-4.981270592713946,-10.467738601344015,1.3904675137441418,0.9621718450044899,468.4149110758547,0.06554919896832079,0.08454958910549648
86928,-2.976354253928669,-10.692008832322168,1.318610153942751,1.0570723868934904,467.5304365013713,0.683783463954863,0.08455356204517114
86929,-8.176872202321011,-5.375375939484372,3.6866512868823857,0.7985425405723918,202.22527000168333,0.6061878531077589,0.08455919916839894
86930,-3.005611182727092,-9.928576372418995,1.8778770070717525,0.7969579082298922,214.2296879111685,1.0180790616667563,0.08457163129042256
86931,-5.268762848098389,-8.359315494015533,3.8299023444877407,2.3916990520344634,434.94533024803803,0.7942773142088937,0.08459384824157065
86932,-3.940725437168009,-9.318133830404633,0.21002983499876596,0.960720793741593,187.53083036231234,0.14376755407569242,0.0845943139116842
86933,-5.4167265895864665,-9.439752289207597,2.801439952202382,1.4883997488135527,339.5106083905201,0.9494719046506281,0.08461050244281933
86934,-5.3846371549379,-7.958340506929693,2.4957586598941006,1.8444305786216204,469.25496397512774,0.010206767659265203,0.08463414876972494
86935,-6.090566696273001,-9.293814365108798,3.081345599407063,0.895614214314022,145.97110471702075,0.39214600756474294,0.08463568858105842
86936,-6.867535296498493,-11.398289179736286,0.5541273158459955,1.4623718992658759,468.76473609408606,0.8460517185768337,0.0846385465252912
86937,-6.960957530022178,-11.141725878129614,0.48361477140756687,1.1473286238828333,284.67539384270674,0.17573144632756144,0.08464913639673131
86938,-3.8171123839390377,-8.10948495997634,2.7538204674997853,0.667850901088189,467.6934421897846,0.471659388810969,0.0846576695897205
86939,-4.672418596557124,-8.620761103999332,0.8128911908059423,2.4071842858427726,447.33511844498014,1.7234258610745288,0.08466530090093734
86940,-7.588371073460593,-8.056797416277849,3.7886885684762874,1.6289212584812902,376.60957966397626,0.3578457549257861,0.0846785735817643
86941,-6.319532680638937,-11.607620038815448,0.20047825721697418,4.352027061117013,587.096713743284,0.6720380695531079,0.08468977840670565
86942,-5.705613176128114,-8.276790576532752,4.00397680739236,1.238714961706578,284.25089700902384,0.12204532883101216,0.08469435929412247
86943,-6.696420581528184,-8.465562174503155,4.047203381015037,1.9517342488992333,213.18951899141553,0.18680607573874664,0.08471438097961662
86944,-8.332003680789692,-7.256510427292373,3.2549314943692886,0.6791331364148625,210.13339091486188,0.8559707386682947,0.08471568340307303
86945,-3.910192965974705,-8.5565603024903,3.5394359219496465,1.3779187050928292,201.14495058601017,0.13322509631377688,0.08472067742639389
86946,-6.2594895881847155,-9.223303507075164,3.1794001513800247,0.6122475563670415,179.08441017702313,1.2009979189739903,0.08472465010982631
86947,-6.63873797330847,-7.532242691340367,4.2079994438062,1.0744050272148973,287.7282482687956,0.8822271848065109,0.08472517899346771
86948,-4.056975418854249,-10.658905895261634,1.2959534789919454,1.3156037752948309,303.11231699849975,0.14845989532331583,0.0847300285002253
86949,-2.9397924904826898,-8.417095572418166,1.7128508003019551,1.5868665774214044,365.5443050863634,0.8772277978761656,0.08475821623107539
86950,-5.455225342423448,-8.528657573202416,3.8082580363877616,1.9491031094962572,374.9056086044324,0.5192535760834138,0.08477052568145185
86951,-3.8542776912061747,-11.990975222725273,0.961670470013064,0.9508359347038484,266.9961205989361,1.5880835788039205,0.08480796794508522
86952,-6.811099454316787,-11.715348233710184,0.48309012809983365,1.7147254636390608,423.11808752578776,0.545607604929395,0.08482340886435966
86953,-6.409012040194036,-12.344080452135875,0.6776324933013541,1.1870335498548736,468.03216530822476,0.38236583891189113,0.08482501967920292
86954,-5.2452699827672955,-10.152665043504442,1.601253675992245,0.7381375004323962,218.20797505196828,1.1173085375650462,0.08482664180061178
86955,-6.437193776047412,-7.595085394430817,4.037143697217608,0.8574343816442466,235.99849584563296,1.2708341042990785,0.08484160488559098
86956,-6.211237789191606,-7.6602286280911045,2.443497617028799,1.3159263110239017,306.2011995487882,0.969388734133914,0.08485309423994786
86957,-6.6698600761741815,-11.294064083443537,0.836159638185696,1.070498013785205,230.35975827153996,0.03392635066968985,0.08486062218602415
86958,-7.252358759261758,-6.1971216231133255,2.9976860804842747,1.7860360600984917,427.27986441008903,0.2992904365377491,0.08486335583004333
86959,-6.209324924772998,-8.153380487705746,1.1017056303034232,3.575216134919856,540.4020849084992,1.042030782231815,0.08487160922366244
86960,-5.022148147650145,-9.992839149623133,1.7668941135806782,1.6044851975802445,353.6887453991112,1.3560677273887753,0.08489232759586066
86961,-4.027084063108541,-8.625398305774597,3.511555336054185,1.8745223605328738,470.28863364067576,0.020383650323027247,0.08489506918505942
86962,-7.330015387376127,-7.0834560931378325,4.449245559265589,3.245839580402303,494.9531258675477,0.3361157404486752,0.08493380537020233
86963,-6.156131140761177,-10.291335239212648,1.474525397655597,1.6711767729190987,390.5316136715171,0.1873561822611638,0.08494990045474116
86964,-7.488527336576958,-5.6621080299134,3.5784842836084305,1.190559258115013,298.45376906011285,0.745975003364066,0.08497276918284738
86965,-5.841010808958237,-8.50009689605794,3.934861615450351,1.0428066831208405,272.3934312145299,1.6832131656096454,0.08497590861746675
86966,-8.7118121498621,-6.548062681272427,2.1882342720186343,1.298929364028627,234.4865059878079,0.14918281367433917,0.08498274054272695
86967,-6.671413894626776,-7.321070103484483,3.801814204363458,1.8422040817614924,467.77013236436704,0.20033461845319867,0.08499472666255624
86968,-7.227975848655001,-7.447736088311239,4.491718544443474,1.566810652211168,365.1057584732873,0.4585598675586988,0.08500091041354255
86969,-7.122731420522795,-7.043503018347116,1.5407702170193247,2.3646878867577894,444.8645482210174,2.301680228194374,0.08500137933600198
86970,-7.264933770627676,-6.9083150886032705,1.1031658433118177,1.5990453261383795,468.10687328653415,0.5399016867686628,0.08502027180251505
86971,-5.246239264798739,-8.035519499553688,3.603569752322586,1.1690025899386292,302.74162648964545,0.6617269191777861,0.08502211113351556
86972,-5.674221575431356,-10.484184954633866,1.3755647713570427,0.9194922123898506,467.9607880374641,0.7585854902047249,0.08502337927825274
86973,-2.433216235595424,-11.00738673858767,0.8419898437882817,1.179827604378455,277.3190815419218,0.822003032126017,0.0850276041901118
86974,-5.921549070685085,-9.503696825419286,2.7768116771619784,1.0938555546448994,283.6743072749786,0.26989609014352656,0.08502934354995717
86975,-3.5368752487957273,-9.60261941070468,2.4053741030518183,1.0410948034564957,215.97941276469203,0.8809305531802103,0.08503046488953998
86976,-3.8126675540054835,-9.824858228944892,1.97618571094558,2.3515234316306604,202.55527274186795,0.2882667532899301,0.08503407361144588
86977,-3.8075238740502417,-10.981937160821062,0.02699855907814592,0.8213051391530324,171.22795140181114,0.29594385404727763,0.08504510936602341
86978,-4.780303669666003,-8.674765935662073,0.7208691705633622,1.8496317468086942,441.6180871733031,0.6349995085242899,0.08507301296447578
86979,-6.863765820041824,-9.091653823469278,3.1950652732015032,0.7751448667881451,468.5793602284869,0.2683123597358552,0.08508139520840037
86980,-6.982513324246558,-8.47197974293898,3.913958438657585,1.6365058317567713,382.55307904431163,0.08808130698678962,0.08508215479626693
86981,-6.815193549451006,-8.12623366964055,4.316385730685185,0.5121265859353133,103.46717366226787,0.058407747760837125,0.08508879265177302
86982,-6.581488085450111,-9.788826572324098,2.299730457384185,1.454112851218442,467.97151888170083,0.5087330194666189,0.08511870338949133
86983,-2.7756689851458125,-10.092122725597374,1.8792804096961877,1.435305964393478,316.58029106551305,0.9606758071048249,0.08512295093400361
86984,-5.484151651748462,-10.014570420728958,0.06793220895315376,1.0640688552191846,465.84031426543265,0.3343519139360911,0.08512428355500487
86985,-7.440910402336009,-5.032308366159634,1.956312434614836,1.7334528226007728,408.1071314673819,0.03129967461955818,0.08512473602264987
86986,-8.790447356605137,-5.348875376642144,1.2427841219513842,0.6799697811810991,209.01911845749433,0.9343873882701672,0.08512931303190076
86987,-8.078401552241667,-8.834908907929723,0.8869910710765867,1.1633097424376102,290.29810250638894,0.9790655090854701,0.08513770451019412
86988,-7.139602282140343,-6.528323002347339,2.9662215193758725,1.0289581113812938,204.55422461512546,0.6258202168981324,0.08514435475283462
86989,-7.1731954503093664,-6.876454295713461,1.5950667154064162,1.0097151666883832,470.03018360379247,0.005550541928603714,0.08515179074081157
86990,-5.124591526038479,-8.160229774518314,3.7255011158127354,1.1760287981326858,284.63179346800206,1.0321102814599223,0.08515256414568147
86991,-7.763791436618368,-6.447096428257902,4.296092903310853,1.2943191605334743,320.18260264458905,0.44606772027491104,0.08516149625073047
86992,-4.662718360875727,-12.317187815776183,0.9107685378159154,2.903905298208485,492.58853903989956,1.8371909993175537,0.08516764728372063
86993,-6.934700265103363,-6.968299408511449,3.5612429795905887,1.1598066032614756,298.9818814081662,0.2521868289000784,0.08519135027635327
86994,-3.48266537470979,-8.142559684957899,2.443080641256998,0.9400106886359648,256.4214188071918,1.1856892163843282,0.08520435259931819
86995,-3.8163053940093867,-8.635958857666544,0.8519872630751669,1.072701349116663,257.3679451436821,1.4908225645494815,0.08520666124865374
86996,-3.7318335609847972,-11.473319929004699,0.028549356463819,1.7399040620675157,408.3136112046404,0.19152471263490423,0.08522074231594254
86997,-3.6347540990423433,-9.700886538910675,2.219631091721847,1.0828880584239167,467.6328924147072,0.5672522863589942,0.08522444991268678
86998,-6.051372823155596,-12.288440495680787,0.7976014261792016,0.8695025891847673,322.188170977729,0.8574046967939104,0.08524059623661084
86999,-5.011672321372519,-9.639542767137629,2.455096164964759,1.06597150890617,467.77197348308266,0.042362560629734425,0.08524069979458035
87000,-3.1219835421034237,-12.663239347657784,0.914734405687212,1.1626346379898653,296.4887706527711,0.9647869660936799,0.08529207348079482
87001,-3.5023018120041893,-12.313908880908945,0.9198670132065049,1.085413306840163,216.0032848900087,0.3813195801827147,0.08529352419959922
87002,-7.941001996325939,-5.159566160518415,0.3373842305575231,1.7141850214507066,404.6099183972521,0.16346937807021078,0.08529858190583259
87003,-6.536420031920782,-11.790833833827485,0.7139735022022915,1.806462815246049,464.10536514693786,0.02453238069716246,0.0853041200938913
87004,-6.141614961883528,-11.697183957585146,0.8994181744810147,0.8866917736500984,236.15608937852895,1.3372159134855641,0.08530715163960664
87005,-3.7246509609179865,-8.130978125171753,3.022667981678209,3.1808481774978596,324.3277062241143,0.08904039981710188,0.0853098165873223
87006,-3.653468241175702,-12.877076831545025,0.8779694214749665,1.0827385191026617,467.1467214065089,0.9332227208485575,0.08535398642620712
87007,-4.254107653163564,-9.713167296185048,2.2325172704991156,0.48944381335258413,116.59584822038839,0.3791251862845444,0.08536314599437424
87008,-5.049980444634318,-9.41342651526088,2.78640045584427,0.8508129755587476,210.9563699434896,1.29798570013942,0.08536444872752343
87009,-3.1942919987288176,-9.381600738532526,0.21840437508348107,1.735568438039156,467.687741671855,0.4704720909473865,0.08537721212388541
87010,-3.1165767545850986,-8.506151950784947,1.3121380837261414,0.730262583658478,446.2423785938278,0.2731008038498173,0.08539390380272745
87011,-5.486306605840766,-9.01789532479263,3.333212225750615,1.0814592788843798,288.1909815271587,1.298752054831013,0.08540832034546095
87012,-7.994508937591213,-8.906871769663205,1.426898457713403,0.7905631165001086,189.77741803969337,1.1176137633406205,0.08541715149477502
87013,-2.702699887362713,-10.85704507513753,1.38374676956891,0.6053282233128862,123.68601830368654,0.547818664897723,0.08541752311907112
87014,-7.241871584046519,-6.493708476326598,3.717045678396584,0.7220739335501808,467.3490108802253,0.4178366605938715,0.0854242811770864
87015,-6.591942701675968,-7.817631844727742,1.3596339819379477,0.768026244115547,154.9467091600402,0.10092821086627968,0.08544117032674545
87016,-2.7852353319363923,-8.72408112276723,0.9069170023504838,4.221886821163778,579.9613791549264,0.7205246557848684,0.08544706000871384
87017,-7.811764082986203,-5.370580987729591,3.8943455486633285,1.7343770081836214,467.7409423796974,0.23382747845919472,0.08545052640897255
87018,-7.925426810121754,-9.159509894307945,1.133305474969858,0.7083274109457167,217.0287114200197,1.1338975537002032,0.08545305875623377
87019,-6.353981827551133,-11.621699396397378,0.8603331141817211,2.4017628170585925,448.620538987918,2.4360638981499108,0.08545507244174652
87020,-5.131909866597742,-12.944492783719559,0.843575836899453,1.3387589353756029,290.0106145605695,0.13754357668939132,0.08545806688094366
87021,-6.16272054712054,-10.372430011357347,1.417169183065213,2.5183127251756843,449.443592993901,0.8928703726445173,0.08549939004523795
87022,-6.478427925146421,-9.964402561375234,1.867365879646671,2.1121712477696652,401.5452367342945,0.49730118612721785,0.08550310698219897
87023,-2.411109895994878,-11.023307443383052,1.1923986948011063,1.659519191487735,388.5400128462734,0.35372932093983867,0.08553930038232477
87024,-4.209413001476686,-8.148332629740018,3.3213411131918944,1.196246386324522,307.4247117037442,0.43195271829964543,0.08553943027183401
87025,-5.304440146535526,-7.9438336592783445,2.921011649524095,1.274322514171791,468.0365183473943,0.4478614383142192,0.08555069407493754
87026,-6.896403931972709,-7.3570236971682075,4.284989482570446,1.518127854686002,468.5249026857352,0.2607007353561004,0.0855561117443257
87027,-8.015999437862309,-5.856562168040922,3.9661337864699493,1.8507669517142908,467.435075296762,0.4234040119262392,0.08555786655738122
87028,-7.176744568741905,-6.566234197973679,3.577217651886445,1.0637054524959728,466.24818538254357,0.6993243758042889,0.08555804086011642
87029,-5.932287331553141,-12.720341072900775,0.13839232887739236,0.881439998965693,190.37645905611237,0.8059629360508085,0.0855636891941392
87030,-5.7820201361591375,-8.82262505469387,3.6146758076487377,1.8800760091673927,466.9635117388115,0.5567798618085646,0.08557750502556907
87031,-2.9959822345119678,-8.81198960048631,3.4506444305099624,1.489600406222359,339.6325471714651,0.38014362866542495,0.08559065641206261
87032,-2.825309593827578,-10.601178402206733,1.4189974543789903,1.1135240618708668,256.7029630364039,0.4045788805704076,0.08559437188996835
87033,-8.295153390013626,-7.11047957391614,3.457733634403333,1.3194107567215114,212.34015599335052,0.10845205790146384,0.08559592130843083
87034,-8.229728096488586,-5.50007404966227,3.626048672215589,1.3600722419446014,323.62242141902277,0.23357586923145224,0.08559914206097452
87035,-6.162886292442062,-10.412784739644945,1.3907015794178332,1.5071516202758286,346.4412638380532,0.10400368437525831,0.08561814196242581
87036,-7.595437397951899,-9.163960046373077,2.073414580023255,1.1258470667432399,466.92280194906374,0.1372446816802837,0.08562444036235438
87037,-6.886960227257848,-7.026578177252009,2.6113974206254227,0.9764741767676729,193.52766332757037,0.6111126132002154,0.08563147337843129
87038,-7.947888055831918,-6.87975749042049,4.169770047172979,0.945712009961725,467.1805355327021,0.38260674837688846,0.08566517261573302
87039,-3.1394073378877163,-10.07945939254309,1.6530340104443348,2.022729329671517,316.77279867486885,0.11422746771598735,0.08566692199170864
87040,-5.337711819851536,-9.729330810734035,0.08485194767816526,0.7865118073196588,156.14821172305807,0.05985727493573112,0.08570587612255896
87041,-8.682940003206458,-5.17003634114217,2.367875144866822,0.6766130952958826,147.4519305226494,0.7267290710346481,0.08571587663199481
87042,-2.69719946218709,-8.741946230565201,1.4314085124110032,1.4672127245510511,332.6761105918753,0.2021712133536644,0.08575318400824385
87043,-7.584204470813319,-5.170242107126288,0.6793763281283005,1.0713300526114535,205.91304981880174,0.06709676490159922,0.08581396229719206
87044,-6.68669713047475,-8.430778324793764,4.076474702175749,0.8657901731973983,172.84422106150436,0.6292935682531153,0.0858201734813644
87045,-5.9238047719802385,-12.948137324520792,0.7588009542268569,1.899706279509867,468.3193159486584,0.534298991616116,0.08584952096890794
87046,-6.648550682106979,-7.659960064145037,1.6038307988586524,1.9903514288868656,401.39191457503887,1.5419867646618215,0.0858520045613549
87047,-8.710915322834097,-6.297991645052315,2.252888607241326,3.1347918780771122,508.09209060877663,1.1736136779823756,0.08585558399435955
87048,-3.257081023622634,-8.13237231475252,2.680867006868592,1.146085468629734,293.7886506983665,1.4748086094850317,0.08586061240116981
87049,-3.4892709570755827,-8.123549318589566,2.726133206907238,0.7825179550843723,157.59956258509882,0.3559583490181524,0.08588610408542814
87050,-5.104513692295899,-8.001457501335308,2.580541807072596,1.8585061884331118,468.34267459907306,0.514627484573702,0.08591554337207073
87051,-6.223248883766766,-7.940006020575026,4.223357172407526,1.1169286261196891,271.6150178751453,1.3477418783477493,0.08592189984166586
87052,-6.995628733288335,-7.050497963195036,3.9911717336392933,0.6273884996346168,160.20459466938559,0.3950313862287329,0.0859428138544362
87053,-2.506112764495726,-10.901980135056908,0.497015979914072,0.9914370477665129,463.2198665334164,0.6744320594090008,0.08599248051261749
87054,-7.128584850814744,-8.010179854638572,0.5927560233877623,1.7078723021321776,402.857462720014,0.45263148372511175,0.08600831080638921
87055,-6.2709486796543565,-9.415723155706631,2.9068768197928585,1.8262736405612685,436.15444002048815,0.12498309600974711,0.08601238422684201
87056,-7.054283731872571,-7.003704771901824,4.044337239506802,0.8241506019061895,469.52073596416625,0.1616833970880016,0.08602874213124287
87057,-7.574905144597268,-9.845298332237103,0.8418931901333199,1.7591440100183213,416.39476212153465,0.3372562244748636,0.08603158000360604
87058,-2.9533532759405867,-8.31900164080464,2.615150627356179,1.0303245415553273,277.9782398795613,1.636474817629094,0.08603645236635986
87059,-3.1140131845430723,-8.559751854832491,1.1838576344286165,1.0361252592360235,278.6587705479665,0.9484533033083196,0.08604452289896196
87060,-2.9321105446896443,-8.690492691182637,3.4725985581565344,1.7753166432336274,420.5636165715929,0.07300234244944814,0.08604791072455978
87061,-4.880992185828977,-9.17369219040108,0.25565174439087224,1.7978809553473711,426.44111160761753,0.5673597150950567,0.08605641020116624
87062,-7.796416601659505,-5.664920947958455,3.985590761700595,1.0000155526381898,468.1359338029201,0.8299224579178377,0.08606037321760253
87063,-2.391817044883382,-12.341739449757585,0.9344325340846148,0.9386846806889476,255.52297448538334,1.2080946806909827,0.08606071498824963
87064,-4.851651484139296,-8.570209799451266,3.6399126386086644,1.0794976803213345,467.8293134942247,0.9140711714375582,0.0860727988460213
87065,-4.086361764884433,-9.63600194804506,2.3641670520516818,0.8956497838021477,467.46207216481713,0.9283219259906721,0.08607959232630166
87066,-6.849811330417376,-7.737459888978653,1.0606940244282546,1.1690472269849055,241.39866398954504,0.6452095026759483,0.08608109848779072
87067,-7.610372380397704,-8.2692656450853,3.472087687652738,1.0398070934305654,273.72483583749687,1.13160481896674,0.08609846288743418
87068,-7.178137428570811,-6.780866480375859,3.9821924826523136,1.8360721194394471,438.5528045710701,0.26259303705534887,0.08609877613811066
87069,-5.85680663020966,-7.850619016145353,2.331709908355717,0.7930218339750443,165.4971681416325,0.3257129631915925,0.08610093338019933
87070,-5.735677885552445,-9.815510187287657,2.2298960934166088,2.604162035540527,449.6267522637714,0.3727203417566942,0.0861087275931622
87071,-7.266193267259124,-6.2324524155254135,3.1984652344140305,1.231487681483545,261.6014418842011,0.8296510381466993,0.08611154232207141
87072,-4.182038370419534,-10.036517354454634,1.6750489223627192,3.7981431717702923,553.4578285496724,0.8278783475096363,0.08611349376112797
87073,-5.690427484307492,-9.820138412611264,2.216450749082435,0.6819576574559355,156.01173882323215,0.8903142616480393,0.08611985716726649
87074,-2.390185058989095,-12.586209532897763,0.9384422071072641,1.7029835864634004,469.9980481060548,0.19479708394200568,0.08612203787004703
87075,-7.295658843751461,-7.647185785205637,4.412478733081727,0.8150525956929551,231.9068450940995,1.1305437123032176,0.08612959267733976
87076,-6.89464175260138,-7.052676855646791,3.657074728570547,1.1763556955186087,254.65146765889972,0.5208586119398282,0.08614055792180711
87077,-8.254499659273886,-6.478387727576188,3.7297041460168407,0.7125016045501757,147.19330022212566,0.2271714921292185,0.08614360165564015
87078,-5.5093985960296665,-8.027198238823665,3.7495649941403855,2.5033302829391273,458.32324785947964,2.4031523589504804,0.086146785029429
87079,-6.0308359206288324,-8.323269112658412,0.8995970488121104,1.3280499241865205,327.7026178265269,0.3789042213395577,0.08615090331377576
87080,-4.963095170058441,-11.133008486612294,1.134548042371729,1.870846672499854,448.548773038051,0.3735102807655588,0.08617795321562426
87081,-6.588581925214531,-9.519487313713869,2.7112875578235136,1.5597504303501755,363.13083417389106,0.9535545615138004,0.08619661932405366
87082,-4.811727042038458,-9.879949531566545,0.06337683424098327,1.007305364677641,260.7185142718652,0.9806080978918894,0.08620561269320684
87083,-8.294621278112958,-5.775933617236041,3.558957675500419,1.2605265831258747,306.3197881080051,0.6235317673786582,0.08621489431700617
87084,-5.652284944865908,-7.900879248324105,3.619721738612624,0.5260579060655235,121.02113024445147,1.0629343047513151,0.08621820965946245
87085,-7.011050616942458,-6.9481661485264175,2.1349775072903445,1.4632910179439367,330.5827423003169,0.311342515270268,0.08624292184179264
87086,-6.529966650578903,-9.599819575686473,2.611569494505545,1.7979304942581247,468.96666694088316,0.14153982194499282,0.08624701899006543
87087,-6.006314272397223,-8.04625847134647,4.120645257024622,1.098280677174084,288.7830093802354,1.5459474026502713,0.08624758486721434
87088,-2.8623878127240774,-12.96289894547181,0.03954765352600213,1.7739302995722233,466.26761993208856,0.4506185491957915,0.08626505328204717
87089,-6.803353132298875,-10.884100557424244,0.9733854695058264,0.9000764743325864,229.09405201398906,0.5589507913406022,0.0862860288228667
87090,-5.458012247488141,-10.780542220507042,1.2328459727331837,1.7535786932043687,468.3321932923284,0.2565074937256284,0.08629227624560848
87091,-6.289631576522791,-7.829342197687689,4.199165153392398,0.8960336065816931,467.615930718831,0.14274346489687062,0.0862941519966968
87092,-4.23871914810062,-8.200755382989708,3.41785328786658,0.7539878461784145,195.03689706748594,1.2198322473124916,0.086304899384612
87093,-3.164922985736185,-8.257951916163979,1.9605867501422733,1.685579811076436,468.68463536921973,0.3276655690146528,0.0863155987931031
87094,-7.687990030490798,-7.582032574333484,4.1254934553277565,0.9517262137055656,467.39683214785885,0.901930455837193,0.08631745439320371
87095,-4.360077724622328,-11.398871880191372,1.0616518855042503,1.820161733845179,466.19490134296154,0.49771576477323975,0.08632328376888737
87096,-5.101180602975649,-11.375594771790235,1.057530747313966,0.5926676685291897,122.1780650599797,0.1449991924992311,0.08632696379567205
87097,-6.167093330201604,-11.905332988462979,0.17445100867620136,1.6153891397675189,372.7205811551178,0.5153088420669993,0.08633716217252523
87098,-3.6659854207869174,-11.581944455029094,0.029465751018664516,1.7218695521750274,469.30404359909414,0.1057778049754825,0.08633834478492383
87099,-7.3598334820338085,-6.312862483648998,3.8368824685875,0.7645650292893702,135.18697350940292,0.2576436668649844,0.08634114124223118
87100,-5.182339577919964,-9.620329766022646,2.4919253725859027,0.9491812961403276,251.76065177676352,1.3872927817872949,0.08635607012577945
87101,-5.825675408365995,-7.782809302363783,2.9460872345793856,1.0655913388884761,467.2985559077988,0.4372661500059669,0.08635963179623485
87102,-8.69630322021967,-5.1701567960459585,0.8434288123496607,0.7037686454320339,171.23289546142146,1.1602853951247587,0.08636043144801064
87103,-8.690403318293608,-7.0266450137342,1.787327541379112,1.0352818671601,276.85502303899506,1.1076596378008814,0.08636546068145645
87104,-3.814031672539958,-9.404931793090219,2.682735431667822,1.7225702368567488,405.62864393419034,0.4037626169491437,0.08636585009665493
87105,-8.283477422935063,-8.448092978442542,1.0201042686704256,1.7612881587036902,418.11439795140296,0.7030090282879531,0.0863733293518518
87106,-6.984597450721389,-8.173901160026485,4.211284824782911,0.7225784718620646,143.09405352547256,0.1723530791873138,0.08637787205250758
87107,-8.379320205160468,-5.7827727242435785,3.38439836242258,2.74975415884564,477.8331647184185,1.5225042033642104,0.0863829529027682
87108,-4.951862175245234,-10.827267138863961,1.223431872786966,1.1092390888620691,286.43362604762564,1.295860302854087,0.08638654376934803
87109,-7.59526505791152,-8.382530743817963,0.5125736588476811,0.8671749511726462,217.73412703610276,0.38083444575565384,0.08638860730480584
87110,-5.452213218494856,-10.34068638033529,1.4600118084940297,1.806591774012345,468.43242087532263,0.302474636725675,0.08639410970462155
87111,-3.083907944467267,-10.419014400173133,1.430171385918968,0.6941515723724969,467.08610469461803,0.3798972988271343,0.08639652330815557
87112,-3.1695892813094027,-12.929234307350912,0.035018705792709943,7.079011523278746,498.2414264915263,0.026369336605582383,0.08640346676267945
87113,-7.472879406931742,-5.734658879424357,3.5639254555887483,0.9498066086967943,204.51236002794153,0.0006014390090571808,0.08641003546281795
87114,-5.374000073339132,-8.030579362071755,2.1400635791941385,1.7741444088076725,468.05824081683375,0.5374742948573354,0.0864142644006956
87115,-7.147486520023313,-6.684224034274715,2.036397949528969,1.0865424268891553,467.75328538339465,0.32689071570647066,0.08641496180677558
87116,-6.487555426342823,-11.370017817676782,0.8929565101597188,1.783712024049936,379.5758810230044,1.9639025140570086,0.0864267631114878
87117,-2.5534058202545857,-9.452477151782402,0.8290614229652744,1.4240147938100551,333.00898991414266,0.4313239160251605,0.0864469288807995
87118,-7.291379535714312,-7.315531605144182,4.472188055918852,0.8436869912869261,169.24460254197868,0.34692010434237464,0.08651287425558683
87119,-4.2321654269221405,-8.27759991074591,1.7699481490158848,1.077918145080906,256.9736195290275,1.0815856997545117,0.0865301195947288
87120,-4.659144449186901,-8.15604931657095,3.480812190275819,1.3635966133221356,331.42526851419956,1.2920909161937573,0.08653804334278102
87121,-4.536607714039162,-8.613481335867531,3.558722559977444,1.0829955876006352,289.9508367738395,0.8548525787513821,0.08654802976526463
87122,-8.728638977325723,-6.36547819512213,1.9372570706408945,1.0024147997021498,219.31596989607905,0.0112594468519287,0.08655196971605124
87123,-4.019470735434792,-8.171282266793689,2.2155615125256,1.8700155819153035,467.75331907053976,0.2118045609982877,0.0865635884972767
87124,-6.181048892309501,-11.6804854093161,0.8871412455933937,1.8924893043088853,469.48818787011953,0.1477416556391038,0.0865733495592133
87125,-8.404523735675403,-6.553375688900424,3.387754881680772,1.7498374961305567,467.4639179040193,0.1658177829347265,0.08660152852243509
87126,-2.4762555879488257,-10.481511164906138,0.7531805843160386,1.153630187328744,468.7155156686698,0.2461564875333524,0.08661468455271823
87127,-3.2064946844274687,-8.685259729697204,3.450841613872367,0.7153103621385548,468.05675261326496,0.35347064792180927,0.08663692572838731
87128,-8.00143088769288,-5.287735027386985,3.8143635936828897,1.7266674652249212,467.6444761884918,0.13274810425410966,0.08664738367534869
87129,-6.516130983507937,-11.02319979032288,1.0304530302084707,0.6160739822530027,194.8138288884669,0.46825904934249163,0.08668397879936282
87130,-5.77940172496299,-9.504812424459764,0.12487123486391405,1.2661559018639363,311.75345879087484,0.9901210619513385,0.08668409384566579
87131,-7.193953444665838,-6.475803942922727,3.3480901541120605,0.9718168663276923,269.82209027154113,1.5212130542919278,0.08668762704089367
87132,-3.4036598847463218,-11.60109001353895,1.018432596011095,3.3538638313739555,503.2486443389501,0.3304741298872189,0.08670715334943488
87133,-5.832706477173845,-7.888207774577086,3.8107678418633064,1.0482203955496747,281.1179283998681,1.2892715664667405,0.08671402325188085
87134,-8.498405064792387,-6.239674494205482,3.132426842656971,1.3374687085348695,303.22205270584067,0.28121518911831966,0.0867161756507811
87135,-2.4602082156555296,-12.45657754727389,1.7471262197310378,2.494018957248747,435.856861097921,0.5085003003289321,0.08672310520102045
87136,-3.387627154351758,-8.130265241120867,2.7631498927808664,1.3405228259303008,299.94533297408475,0.8189847974179614,0.08673097173431203
87137,-3.890207148769508,-9.88123659194282,1.8698764975640814,1.3427683918335378,314.1418178198671,0.18020199822387273,0.08673711173090327
87138,-6.5123559934874455,-12.08584500385594,0.6529245378498498,2.174490165668694,290.70401097082527,0.04624194045584229,0.08674589324575267
87139,-7.443223054574972,-9.508991055398077,1.694280901988941,2.2595609731169084,426.09752264375254,0.309621559151501,0.08675171569052155
87140,-3.0691701499746316,-9.715515907899624,2.2440289632096175,2.112793972534879,418.1598662759546,2.129785504558094,0.0867586516669845
87141,-2.63697468503877,-9.54852961100762,2.869428725290388,1.588748431001695,333.26285766767023,0.1716987217898467,0.08682096947525761
87142,-6.385564586178187,-12.021632775747243,0.7264644958705652,1.70431535473433,230.66702649678533,0.47074225695112926,0.08688924379578261
87143,-7.472431043976189,-5.307174659093574,3.16863269878984,1.1999572411875654,432.66007009646756,0.26779831273734,0.0868983362713968
87144,-8.334281052740318,-5.082524519226444,3.372435521373006,0.7326982055296941,466.7765185672567,0.35407654508026454,0.08690153795532674
87145,-4.10950103080757,-12.164639223116929,0.9262713500215878,0.7135510351392186,468.0577037377376,0.3533256525197235,0.08690500098618072
87146,-3.3265343173383357,-12.973148592654033,0.8625073569617898,1.0019523851193621,263.99920755041694,0.6211837544557666,0.08693265237333843
87147,-6.067922189078352,-8.890737895001909,3.572785370691609,1.6642069047927455,390.2801543044878,0.3159592325361933,0.08693950234351996
87148,-6.052096024279285,-9.355387034799463,0.15325231221869481,1.5232982616944908,345.32146073759634,0.19848409436422365,0.08693977639256453
87149,-6.932976978278232,-11.128848581261588,0.5905188546379628,1.0287725131223298,459.48119035105157,0.11840497527120508,0.08695195679884733
87150,-5.9139804918711985,-7.750501411787142,2.9107393327364495,4.698835899654143,594.1940922039926,0.2971983816571102,0.08695507739074623
87151,-4.121663452843661,-8.15867573190867,3.2861239346711555,0.976236329798818,468.6624809354471,0.3230245530243039,0.08697682258518549
87152,-6.1505619972453776,-7.697864562902858,3.754689365718193,1.116355410569587,266.1422620267327,0.5029110265954841,0.08698402806948621
87153,-3.005858972707683,-8.283502285087003,2.9801122936563815,1.042499364051006,467.9160019089346,0.18695362252732206,0.08699222843646483
87154,-3.140660892523842,-9.415412866993249,2.7151482181342885,1.5289079200096753,359.5871421022197,0.366025603009815,0.08699621515867789
87155,-8.697692659099769,-5.392327744876204,2.261126827636153,0.8882908085056821,199.14525855822643,0.6127707114828462,0.08700541196326331
87156,-7.1127954380140785,-8.762270474293068,3.432025278335131,1.19183134502617,216.56817346885606,0.07540217879208999,0.08700584950832543
87157,-3.2509198353599,-8.867519751979703,3.300691093539179,0.8375641668419986,468.3830277095295,0.44217906163096554,0.08701345404293082
87158,-7.283213512084208,-6.270026670192753,1.9509460797305846,0.7966417802308423,467.5900141996956,0.5323140765265082,0.08701472459656093
87159,-8.68950026235293,-5.548702930334077,2.3350402673562507,1.7090511508719155,402.9317314459777,0.35673277712943463,0.08701934495709619
87160,-6.940540519929317,-7.078491799827661,2.155392121510169,1.7777532054438587,376.5513158609996,1.5414867013093003,0.08702281429514948
87161,-3.441979395567392,-12.125553569913174,0.03146477742705479,2.488918297507821,454.96107248115555,1.7639364597085203,0.08702330265557746
87162,-8.237343718076962,-8.406545950784656,1.5869324710943298,1.4286492118315517,337.27663840089014,0.5408885939370336,0.08702343471030266
87163,-6.234197538871153,-8.517631091582363,3.9922329547900453,1.8535201906281273,467.8351620497766,0.34655703217866574,0.08702498771572909
87164,-5.380442338847581,-8.017043192354874,2.2122419823551263,1.8986193244224907,467.65542417760827,0.3451607590827157,0.08703204694164596
87165,-2.743931888208026,-9.498615717871264,3.0284475604904615,20.691190830555,873.9385953555445,0.25874529081121,0.08704136279949148
87166,-7.424622542742743,-6.760831965652161,4.328790918765461,1.1070127243730465,286.81312467588606,1.3371522447635256,0.08704599942953233
87167,-6.546490494284724,-8.142076524519432,4.307033939308017,1.5646302703089612,362.9622303613258,0.13591477233967897,0.08704830286658546
87168,-6.910681170946871,-10.315461822246036,1.2638902712270057,0.8481716222285596,212.80990206266097,1.0985899606684644,0.0870544602560932
87169,-7.511205551231775,-5.506836038902576,3.5018109972095934,1.4974600902363824,353.8182725941597,0.4921449581888355,0.0870686644910447
87170,-5.0148217830781405,-8.306148124157692,1.5126444127230478,1.098619250776708,467.4564759687328,0.6517255762050427,0.08707334918047156
87171,-4.785883103529467,-10.09223329270093,1.630364411393645,1.0115506840233346,470.2996328653548,0.02199100237124796,0.08708594200291693
87172,-6.0299782796641175,-9.915950123926974,2.006864222009156,1.8166192682380302,289.4035840963136,0.07826912690713694,0.08709934662519736
87173,-6.961298663205689,-8.149565090093098,4.237326035952551,1.508636394350254,191.29430656044767,0.3264830234948315,0.08710700057623658
87174,-6.916721733405892,-7.383456659869429,4.310760010752607,1.1000662340892096,440.8754151062824,0.9424374696319626,0.08710847847618111
87175,-2.4986613984830015,-11.54212755349085,1.8759655641113442,1.8314771957186582,447.78289675037536,0.32502837258271366,0.0871100547100454
87176,-8.653280169558968,-6.663772378526871,2.499717495454231,1.5665465982974218,347.12578287198806,1.1202308532342355,0.08711631053637797
87177,-2.479842392054847,-11.124706869032506,0.5687741847884116,1.8374343890987952,468.4337510127216,0.2577959282197506,0.0871366664426237
87178,-6.117871634703897,-7.747334783549955,3.8554433527639635,0.9336295280933635,468.29169506739987,0.8493377138812468,0.08716187974654543
87179,-6.706683428773416,-8.745708660637884,3.7058897133245714,1.0627113456279267,279.3898520794781,1.5820131245853473,0.08717874268869423
87180,-6.368051605849276,-11.942522890224115,0.7469232980243886,1.0540765251181128,226.400950564613,0.05964674370495704,0.08718254295648369
87181,-3.3096514055008983,-8.356240888627209,1.6507493737085164,1.0353361589644585,130.84427568411877,0.30067569431708385,0.08718478343774691
87182,-5.266338718937845,-8.153718651031948,3.732468999449225,1.9141977629707092,389.0931541880558,1.1190700314052533,0.08718615086589783
87183,-5.3018521221724795,-9.35944641643277,0.17080368249511138,1.2767404184075402,276.2107311962983,0.569855379429673,0.08719963322047541
87184,-8.492514306814218,-7.794322579948315,1.8068676174539515,1.9012767961435757,391.6912033509375,1.2630112845453985,0.08720032770003008
87185,-3.6289027145527797,-8.326797571960194,1.7217953236573715,1.1652400182668996,254.26027189003452,0.09618272732116306,0.08720664127173505
87186,-6.510855911568058,-8.606825743359732,3.908384771324178,1.697872611726491,467.7964068329747,0.4232371221992315,0.08721519859420303
87187,-5.564648075830626,-7.998390467739371,2.0942921063019013,1.3057803795582954,311.06331856118726,0.18553691432764552,0.08724021038937298
87188,-7.28278656266688,-9.656123364038743,1.7082221509622009,1.0527092228096888,448.77052174435585,0.31395492319694984,0.08725627711150588
87189,-5.683578732231011,-10.93567761238886,1.1662396132186106,1.3641582735110844,192.29435927075548,0.07979001133951691,0.08730727116741588
87190,-3.0524452414844196,-8.524951296427567,3.488832727913167,1.2581321416631863,256.20077900174226,0.035488735416832284,0.08732105931546207
87191,-3.722595647548207,-8.299082920787328,3.4798106886614413,1.3793214170275454,305.7840495529709,0.06340879717250036,0.08732523617756406
87192,-5.372915027290734,-12.696642825576435,0.8371682308580168,1.004740794414077,265.42338951204744,0.47070397552103227,0.08734014939006986
87193,-8.70676315457558,-6.3902738901400005,2.2506657522700957,0.9345162894665517,259.8163239535007,0.3459265782827261,0.08734192044524074
87194,-3.0936592437654706,-10.637752267210914,1.3136087703005275,0.6360480889037465,128.489522823726,0.0404305650788217,0.08735499046641769
87195,-7.454029594079991,-6.896210032442357,0.7336272283128031,0.9087893951411408,239.63755365545214,1.374211382324753,0.08736215957156039
87196,-8.757440779487139,-5.6202438350100525,1.6420678981101653,1.0770346610341524,468.12411173658546,0.38847602821442795,0.0873731889879289
87197,-3.6080707768295177,-10.095133736088748,1.6138591080308735,2.949480808391932,490.8145469284596,1.018179651845057,0.08737497463656932
87198,-4.670043554832669,-9.233383321739709,2.942286746205866,1.8566716567054056,468.29066233361453,0.9076349574017577,0.08737720994278615
87199,-8.727747702757457,-5.782936080893441,1.9732149437846525,7.8311868683905494,738.4141280291577,0.4689000713902365,0.08739757619324022
87200,-8.11095218439788,-5.234434572522828,0.36108448259096726,0.5232371782784674,145.36698334803367,0.6948968296939277,0.08740187582486504
87201,-2.9076173684024456,-8.717553272485198,3.423291049948222,1.1787699875410431,244.46447346222277,0.09391536868522454,0.0874292475279261
87202,-7.320537773119268,-10.284649265477682,0.8727222420380707,1.1452665581215884,468.333931996921,0.511145725117343,0.08745017606173895
87203,-7.788007078655376,-8.921431510041717,2.0302492869317845,1.756102632985815,421.3563672679322,0.3835897286807297,0.0874506549190811
87204,-3.8562601480730283,-8.15581733334039,2.3401279307861502,0.8014248057328593,195.56478136618458,0.3087809811965423,0.08746764609050764
87205,-6.42562617219971,-8.366588076502808,4.1420328279984115,1.2117686388572804,303.72962400884893,0.7938854866797111,0.08746836844816681
87206,-6.579722561328504,-8.972391507106291,0.2460977999407205,1.888229254250179,454.62884857069366,0.5388819926896131,0.08751390871265538
87207,-4.710810775900962,-9.689903915050701,2.2985227270066,1.1440174717889255,459.85607141330155,0.3696801947591206,0.08751739271100638
87208,-2.423348919383476,-11.272274529468351,1.6627343086402109,0.6775560487326077,201.02716559288422,0.9124099827818926,0.08751754561328005
87209,-5.952179590919984,-7.728246388893909,3.1424139647469915,0.7460181720499465,212.31428486551067,0.8595386392969901,0.08752490603573786
87210,-6.668226041733942,-7.779981965666292,1.3296222875068946,1.1019800396564117,467.2894183637552,0.8090119624815486,0.08753797512460762
87211,-3.6309726282722066,-8.161787369222743,2.3968209009973633,1.0698222059337847,220.69830677580535,0.0033787473562201242,0.08755302405267013
87212,-4.109079265334879,-8.130418041188799,3.086633518612981,1.4855611580441912,352.60604463112946,0.37910783026988515,0.0875533631196187
87213,-4.5617393378108675,-10.738437692866693,1.2540463130941684,0.7537152859498781,152.36841118872985,0.044200124119952555,0.08757969947088355
87214,-5.637776185221854,-9.82261621269688,2.1724152730469335,1.8688663020045027,468.1887442261422,0.38230570047384926,0.08758195281797053
87215,-5.861333102198883,-8.4117437190163,0.8515054618726581,3.380336954538169,527.2399659963272,1.1752781255400837,0.08761839536764125
87216,-4.061654024074075,-9.767864164395284,2.078662364753121,0.9898440851126966,274.67233777751045,1.4608418526229219,0.08761953097616906
87217,-6.348799222723644,-7.706412328071815,4.085914120518141,1.5494736822831727,330.3865712373838,0.5989060756804117,0.08763961626338634
87218,-4.157253050549787,-11.619800539293692,1.008516653727053,0.7894698912044414,168.6482154500774,0.015824437772667288,0.08766324620559468
87219,-7.0428513445173,-6.7555880018650685,2.918429116725869,0.986144544809413,205.6413670266232,0.01747181972323819,0.08768136216139162
87220,-2.3931963118884,-12.471019158703921,1.2226314238563194,1.7418428127473953,365.4216941818574,1.0170160474565293,0.08768882500573318
87221,-6.174627490074748,-10.395251933886394,1.3923271498527896,0.8601628151394503,234.094368178518,0.7110049995982797,0.08769539692741686
87222,-6.208652674629507,-9.889967601067054,2.0851523427584833,1.101122923659494,289.1586283064855,1.029751796003894,0.087707395202503
87223,-4.664064092250657,-8.987380307560262,0.3936010108726699,3.02242691778914,501.070852342132,1.4926893563000734,0.08770907919375143
87224,-2.575075456218827,-9.508155448871864,2.438290566670216,0.9068643775548517,194.8317833260925,0.0065745754611876706,0.08771756650407252
87225,-3.8414002394513105,-10.661319986251463,1.2822592172877594,1.6763149700409345,469.88512270182986,0.07230751835078575,0.08771969133411077
87226,-3.9925008672037148,-8.243700912680076,3.4232141991142067,0.6218849248616273,168.24573887756333,0.30081566284665673,0.08772352368814572
87227,-4.95297243004946,-8.407939190867559,3.6924814565782653,1.1057017618317755,233.9099067786054,0.6756173824036891,0.08773767205605955
87228,-5.908100375325232,-11.997615776042402,0.12821138899848708,2.323507654775906,439.3466757916683,1.9451474762095549,0.08774528889667753
87229,-4.585557063068116,-12.133577487838366,0.9230470552532138,1.026188435346192,268.354764813129,0.8117654881442578,0.08780555767443024
87230,-5.454314119991463,-9.453734668082094,0.13967683512666562,2.9635338876799,493.57511937606614,1.1281563379706947,0.08780561003112414
87231,-2.851652011163628,-10.11730015974785,1.7340345144611522,1.0678581513854069,467.1001635776926,0.06133431132095524,0.08780929151152503
87232,-5.760666725307002,-7.907416634869704,3.7354185161305526,0.6991952432243261,468.17592533647036,0.3899884034535459,0.0878161490951823
87233,-7.725223572664037,-7.246282856070878,4.278112020858537,1.7995138180738377,426.18265616673295,0.6135135515141465,0.087816709153045
87234,-3.919991188447205,-8.121546758951563,2.682385236265729,1.2291400381001585,311.02455075661913,0.4885964158783844,0.08782494205839078
87235,-6.617919704720131,-7.314187286219057,2.928260117651998,1.8544276219907623,467.4977861763339,0.43273396473421055,0.087856570148773
87236,-3.7632097162562905,-10.671077987105772,1.2778898294347667,2.9772962288855314,497.87190901094397,1.581748106726204,0.08787030793118529
87237,-7.871383887892304,-7.5614216061936,3.877796603162698,0.9661471008249202,200.03123906295107,0.4383859317806271,0.08788166568014409
87238,-4.725425744464521,-11.521613047869302,1.024849047045694,0.8437509659509508,209.45113313873696,0.7272591220725042,0.087882554298351
87239,-4.717256745651893,-8.112017995851389,2.267955710613238,1.236504529423663,310.14224363128716,0.3829589564512039,0.08788398522701431
87240,-7.234679993443051,-6.502189007889155,1.8951573369081292,1.7095176330413455,469.6101283486618,0.21010483716726913,0.08788619460118713
87241,-5.23552565003646,-8.9577103994121,0.3742229930278939,1.301586670488203,279.6671259733043,0.1161423621776656,0.08790249960501098
87242,-7.802115157436542,-6.23522573132548,4.181715122609984,0.8793007225154714,192.53278872904758,1.1299569286484257,0.08790609997906172
87243,-2.7491525995947432,-8.630188964192977,2.426665983960097,1.1038785176613952,467.853058539272,0.18476299604554836,0.08791204224723599
87244,-7.400369710404577,-6.5548996026827036,0.9405437568366372,1.0882211851451022,283.88125322545307,1.4163958547407125,0.0879149617662022
87245,-6.193335192419926,-10.235144480288898,1.4996577501844441,1.2408717487760004,270.7861082545921,0.20377224463372112,0.08791552898037182
87246,-7.946136515120316,-5.633148055353596,3.9168455625915586,1.8823040246254275,468.0892663089961,0.1843808146928767,0.08791888987562062
87247,-7.844207512156773,-7.265723485198574,4.136473034396297,0.9463632758098679,468.3186893646184,0.5053021321000033,0.08793997385840181
87248,-7.352939130447583,-5.930702064195031,1.964738034121234,0.905789963147747,178.93211010416766,0.8031668704764554,0.08794305058828852
87249,-2.997426938194825,-8.278328724465279,2.6758321863026433,1.1388264463929445,229.74660507986593,0.004165929579955652,0.08795304154395729
87250,-7.88911517441141,-6.440398708374111,4.200828458768479,2.036772068108449,408.5828092400711,1.8151791288645276,0.087953273093957
87251,-8.053397911848894,-5.04281781889166,3.7256816957131695,1.5501237079934362,364.22014237716184,0.4371515627993121,0.08797512698860252
87252,-8.394445643655889,-5.537412367441308,3.2880676304950387,1.125323335456835,250.08349907921144,0.06136613853349626,0.08797610944536648
87253,-7.249535696982971,-6.2346021156882285,2.5929395307200473,1.0374383935038811,467.2128686052751,0.4084359229221697,0.08798301485890432
87254,-7.291448543739399,-9.238906777702745,2.511653914128484,1.84001795592895,441.80819953061354,0.07126403088879307,0.08798648629024593
87255,-5.329046030243169,-8.271656137676933,1.4809492996628766,0.6474202334172041,137.8431801289071,0.08946859405594765,0.08800206314138107
87256,-8.340299417843786,-7.804051923440908,2.4716232084697514,1.3998217541725402,319.56644512589065,0.07922911295522272,0.0880056527596024
87257,-2.7410163650851294,-8.69648534645615,1.1865733128883282,2.670593046381103,192.95094709490363,0.30843349473762505,0.08801074408631682
87258,-6.160579395880296,-11.570001430307139,0.16431642683474218,1.1447426965224385,234.5483340349104,0.9718649874942065,0.08802422067443334
87259,-5.425509890517092,-9.508021241596861,0.12693058415893949,0.7859983181317538,198.7946447453284,0.3554447092166715,0.0880379079466481
87260,-5.371394963297643,-10.805846317789852,1.219341999549745,0.8494803810625455,467.12754408539143,0.08683398437931178,0.08804261899030147
87261,-6.3742008515422865,-7.548055194554198,2.598041117043452,4.549487522443562,599.3653052427051,0.7179107505128792,0.08804663334263647
87262,-6.652144088000606,-7.350993266516104,2.4689613747878947,1.161680188597556,446.66102033040573,0.49463585682454436,0.08805350761398874
87263,-8.706152555324119,-6.976847043090782,1.6173629582919105,1.8956702438845086,464.2222517224571,0.311624648663015,0.08806286949418064
87264,-4.991936807358237,-8.04652609110118,3.319194749532958,0.925377173682141,467.4857687800399,0.0733192288469775,0.08807440132172549
87265,-8.046310840783947,-5.112455298589533,3.7481344920563258,1.8322245401905697,468.5987807709378,0.32141092526361525,0.08807644196888352
87266,-5.328482383929874,-12.076032667585546,0.9054073892402245,0.8628958549220934,468.16260531798275,0.284580531392181,0.08808974523986822
87267,-7.956970161785851,-6.39802635440346,4.1326520245905884,1.1944776247610647,467.46780778400114,0.2040009361686792,0.0880902079494102
87268,-6.547932546988233,-7.550697012865638,2.0809746407864376,0.9699483385462244,224.5605999105869,0.30403673785328866,0.08809652843492478
87269,-2.5255071392585435,-9.685532035081337,1.987178959898897,1.9111443511970252,392.30231292592646,1.5412002296032243,0.08810652474263803
87270,-6.584168876741784,-11.777986586577303,0.6668259335351469,0.8045384255346946,160.08134392532136,0.033849560013892166,0.08810769270477294
87271,-4.819140510708953,-8.121625365646942,2.171786806549975,1.25177362839618,218.79183630552475,0.0679108672950699,0.08811990512267129
87272,-5.461576182873919,-9.270421733946502,0.1948546292945817,1.453401082524236,332.21791806792834,0.14923481045831632,0.08815288668800055
87273,-2.8745788195561905,-8.498738950753859,3.0993652852687643,0.5714518703594319,180.5039190614452,0.7448904892399488,0.08815502312002674
87274,-6.396146399985682,-8.725485038946065,3.772464139266692,0.9543780637261627,196.8339185645303,0.08854586329316838,0.08815544911436259
87275,-7.617350855313837,-8.0730899595043,0.4940213211534444,1.0753906218856375,280.846420258593,1.6344826063036297,0.0881694793343147
87276,-6.030758738524322,-7.869061262489881,2.020404930659156,3.1302416125607153,509.97497292742537,1.5119620312060844,0.08817327665462615
87277,-7.139580152373767,-6.831841322867844,3.919488296196337,0.5967579182623968,158.20268125814096,0.78853560154971,0.08818264752095872
87278,-5.808315453671336,-10.951653840157896,1.1520361725699975,5.671201958325086,656.1402672014192,0.6326177363241827,0.08818682649560448
87279,-8.167096760109791,-8.226935946117631,2.2572040293995346,1.3010837190582023,320.6783325799211,0.4386451114602332,0.08820002069248481
87280,-3.3918976435717285,-8.46749721689799,1.3398673424851675,2.4607465910110635,443.5535032042155,0.8747023839740953,0.08820218696133462
87281,-6.312351302581964,-12.001087779426188,0.7509866487908206,1.1463487468568745,257.3085528269963,0.7347846916597973,0.08820840667999866
87282,-5.799758447129562,-8.734566939797652,0.4861046561327241,1.4692923191067653,468.1238104153301,0.7442342051959345,0.08824241612924119
87283,-5.718859467620261,-8.153630379320331,3.9746451919963617,1.895393267768068,467.27109457203767,0.48138775755968854,0.08826280779535098
87284,-6.370586068332682,-12.495112568507738,0.27824080327282796,0.9493836498874897,202.43861912434778,0.45844303032460854,0.08826943792137616
87285,-5.918302510371611,-7.8147099195640655,2.4514184481225336,1.8170284981404858,380.7747026783056,0.43181750919062,0.08828333683194994
87286,-5.053349754495661,-9.213572846199053,3.0122280296371113,1.1923638838946784,287.58162758948237,1.1017238936820517,0.08830582056305061
87287,-5.458233233658149,-9.825365025615309,2.1151571794469484,1.0684559276902066,280.54627625301697,1.335695723079822,0.08831212440084728
87288,-4.37724796845248,-11.578922729875853,1.0152496831435105,1.9006626886965923,464.3355212592235,0.6046587622456316,0.08834294220733277
87289,-3.6607654922831845,-12.685495443231353,0.03556571270632123,3.9679837314375814,563.9408383920228,0.7617487789313655,0.0883457928189616
87290,-7.284569166773661,-6.324795929055696,1.8834956118300115,1.136605019935623,466.9067661204785,0.6037384162459931,0.08835401342815645
87291,-4.42111152386712,-12.704022349136517,0.8673525648051499,1.0839755378681484,284.58962407220656,0.7514700509146097,0.0883854864761796
87292,-6.608018233703707,-12.001751558011941,0.6032277450349139,0.7422166504961026,468.0850632986861,0.291786401832427,0.08840163219745992
87293,-2.649524167862303,-8.959927841216114,0.8338036449338826,1.5722839334790242,352.4858086808908,1.8025889333137846,0.08844946262419807
87294,-5.303295777856458,-11.44580257768951,1.0266631329985427,1.0624737337076224,467.25213376696354,0.47482656738162987,0.08847775212267227
87295,-8.17308841311577,-5.8918487737974665,3.7623830305219923,0.871372043942763,174.29877809517063,0.8073627150224159,0.08848014340462615
87296,-6.808030665996835,-9.845139646175538,1.9554348070586935,1.339331847429076,292.6053567478656,0.4863736366196205,0.08852053327412851
87297,-5.362893691254954,-11.877037329954572,0.9314397766688793,1.7293307061150642,408.3023368537225,0.49716210156499585,0.08855046644299976
87298,-4.438694793156683,-9.317874295583533,2.8118968536512146,1.4706770165925482,338.29422666998306,0.36991363669861244,0.08856230761756428
87299,-3.0550408252987786,-10.815532132954239,1.2445371896311679,1.1559277766483518,261.72311921587004,0.8201800930762975,0.08856607072205154
87300,-8.72722872929717,-6.3688495185952725,1.858021929088542,2.6207774382484677,299.5578673245596,0.08484057182660898,0.0885753038602233
87301,-8.035203291174867,-6.433609263580582,4.051262348950482,1.8573193962768062,385.4149244598489,1.4454753811108505,0.08857868167325826
87302,-3.5415340072246826,-8.878485643471521,3.254732651740175,1.4618996127383523,328.6479314928692,0.5043118195524388,0.0886423503143178
87303,-6.699499857645685,-11.0110098406396,0.9437683790773042,1.0976157469443426,232.35903812615686,0.1822000556197212,0.08865134066360474
87304,-6.429686471404118,-7.651598802522499,4.076643746808936,1.109635966934004,228.73849285226413,0.1740506916187945,0.0886656608789334
87305,-3.3234742619810245,-8.27055774948753,3.400780083658088,1.1438156901406331,297.81117892714593,0.6928309985498489,0.0886908063135896
87306,-3.430981240060465,-9.748665458721412,0.08349807453114179,2.174284199712516,423.16198604458566,1.6992964361316174,0.08869955831690779
87307,-7.743630702854641,-7.752406308113395,0.5081142255068332,3.340767241335513,517.6986349285934,0.715817523175569,0.0887037821025925
87308,-5.291317349147061,-8.753592904507553,0.5679475677252271,1.095821283181454,467.5624465742514,0.20707065914486034,0.08870855511858125
87309,-7.827192179920086,-9.31925038600241,1.1255907185422962,1.8750921102735698,467.90737408349014,0.3144257920490432,0.08873566465043661
87310,-3.79421161508521,-8.134435077688003,2.6515016463896854,1.3963249086682439,306.5085307565954,0.7565219319049188,0.0887598451191756
87311,-6.60324422365453,-9.020685134678754,3.3741315772068896,1.7273287399593442,468.693621834948,0.11641295898280735,0.0887691839294703
87312,-3.7785058684075707,-8.208500970570523,3.3156056680443595,1.5444629702731103,341.6978688642645,1.0241749881111675,0.0887698240742382
87313,-6.901909932504925,-7.110316151483119,3.7989981713367085,1.0985172764224882,289.6281006367447,1.0279085069299017,0.08877997854425047
87314,-5.180230300975238,-11.934315593888394,0.9303003171676284,1.1248131755902389,289.1881745074273,0.29278131058507206,0.08878373813745387
87315,-7.231858517221627,-6.343984977221748,2.3361690619936897,3.3115097057944722,504.9867783200308,0.4267213213234582,0.08878430043302653
87316,-2.9345284266496687,-8.366080594612438,1.984122140093099,1.7608670587839585,467.09399073588986,0.7002452954875578,0.08883704069260531
87317,-2.52992106554151,-9.832796943194861,0.7120781198201996,3.4636064796826926,513.7332698450899,0.31162840383420853,0.08884677607508644
87318,-8.37700858348336,-7.7369278140149,2.45433211359423,1.8975329454824388,457.92079311247227,0.49800564030047045,0.08885096063085904
87319,-3.163884391837022,-10.890977061399978,1.210976613210688,0.9801383811800176,199.68046397936166,0.07344594462226173,0.08885654198019399
87320,-7.836753748556396,-9.32154527186077,0.8725854548051747,7.120793111109784,661.9401822316769,0.19249444836649232,0.08887937095416487
87321,-3.589260341957777,-11.92992608748735,0.9529492799527578,0.5884014462191998,139.2763176702071,0.41849915297523843,0.08888471618660637
87322,-6.1721760533545,-12.848663983461375,0.6918010322647211,1.3922108139755462,303.96988369371036,1.0104234814817632,0.08892352698655158
87323,-3.8855414933172527,-8.464910783106262,3.5168097730372714,0.9820923039793252,468.26741667831135,0.7718697338630234,0.08893154019931987
87324,-2.4084261598419863,-11.292995860961685,1.1564186153994238,1.2463690265945595,306.85254606029,1.0497599409324794,0.08893323913573156
87325,-6.766916984515391,-7.625232563278044,1.4739296514608187,1.1675130026734988,279.565894916167,0.4022713900628707,0.08894959933420463
87326,-4.247190974215633,-8.165191507628906,3.2892500960557456,1.7904658464965175,426.9755574547193,0.39020377285888497,0.08895632909855972
87327,-6.502808474433357,-7.7651524765209565,1.6465758375773003,1.7039150704360502,401.6316875536742,0.6191302394392801,0.08895690791608613
87328,-3.315010093150251,-8.280178909298048,1.88131801165048,1.1460764649530293,467.5002992758623,0.2026419561743067,0.0889608237598678
87329,-5.835045301344724,-9.976213084851022,1.808388139300886,1.376681485833511,326.74717187278367,0.2192259494136577,0.0889713465864413
87330,-8.441467455685913,-7.328180441694427,2.8194811602733516,1.036872693157374,235.07640775252497,0.19426200097053314,0.08897220910264132
87331,-4.421449854828097,-11.480897445625443,1.0318849583354752,4.161422377388137,575.5122893980649,0.6879667291357512,0.088987830475316
87332,-5.731318800871868,-12.282607335387642,0.8348893660648803,1.8925006484613307,356.75597240901857,0.17017610508735448,0.08898796734181548
87333,-2.643977744289013,-10.193617984172223,2.1220677750270123,0.9390866723363931,262.75767965069684,0.9646165498793833,0.0889906138052166
87334,-3.1898071399457963,-11.49537539854085,1.0450835909550034,1.6781612223633051,467.7757613269467,0.9288502357537078,0.08899102678189424
87335,-7.033208100991852,-6.988084368408558,3.91117012588941,1.1253197743113081,468.38759464672773,0.5318049842946317,0.08899145060658122
87336,-6.793892856088089,-10.845964615374328,0.9877835079529829,3.435110169709011,530.642438992748,1.0942036626884049,0.08899538947660808
87337,-6.44167235669496,-7.652440212920024,2.022346426400546,1.7571812372920885,278.27250590390116,0.0027177031143272856,0.08900221947766425
87338,-3.842112131516359,-9.467662164538664,2.570801616710467,1.366330457752111,293.68581311947077,0.6010207012349964,0.08900584601844613
87339,-5.940153708039356,-8.932296792545458,3.487491014662605,1.1092420151937457,287.66576293929376,1.4407650811540966,0.0890081761724982
87340,-7.273649519293636,-6.580504787454938,1.6469684535965217,0.9173929851801649,184.6965840508349,1.0480661293119677,0.08900958624583875
87341,-7.699264585572074,-5.703997613010083,3.9135935288504373,1.003908286425432,277.1449163700283,1.394499395180051,0.08900982316679072
87342,-5.249641359502782,-12.29794788303285,0.8756353983414226,1.129063159611888,289.8185099685627,1.3537153253136056,0.08901512396903935
87343,-4.144753231834799,-8.166779080362913,3.247884750410132,1.37363405648208,468.0919749541791,0.6181326759148709,0.08902981534328136
87344,-6.334537121797986,-9.990383729852654,1.7734202033313582,1.063389980197659,284.0193328018597,1.549975606533752,0.0890342046064473
87345,-8.268924453288141,-7.666165475596523,2.9034263566415155,1.3102186077897038,317.43223616586727,1.2586276067083775,0.08903621046084997
87346,-5.032828750895092,-12.566956185215545,0.06942356067928648,0.8332352026874795,224.5678590070203,0.6327559817995816,0.08904200775749585
87347,-6.469686484142211,-9.88231352713308,2.060047650645373,1.929680564581011,394.33273959186187,1.46037540728915,0.0890601695802937
87348,-6.304551099268453,-12.091449116458927,0.7314533688402391,0.7626994694233443,131.56662844126154,0.0040320846032333435,0.08908140503895595
87349,-8.025076541691433,-5.511410321560339,3.8257122798666447,1.1021697088831786,285.62208698972853,1.4327118432263353,0.08908154064690378
87350,-6.467859591280654,-8.156502962222387,4.272327532341917,0.8585523123429681,467.65937968521723,0.5734349311979807,0.08908269222184283
87351,-4.6008619233697,-9.79661268347536,2.0355834870091547,1.7535226708714393,468.53138009895923,0.3570307016971146,0.08909413526403437
87352,-2.9286071390430637,-11.781530778525122,1.0249898846556236,1.0873315582107252,284.3796112244386,0.24360867184857327,0.08909589118050526
87353,-8.281838853664627,-6.975076152661844,3.5360617118874687,1.389381470564174,324.5599976910479,0.5470710353752253,0.08909709416220724
87354,-3.4943332038596164,-9.524938203153946,2.4723760845534906,1.399729317254223,321.34927587205493,0.4066770463967897,0.08910492868508861
87355,-6.3067870101578185,-12.882621726805242,0.2663967793758875,1.8303182437518066,468.89219639606614,0.4987438072863277,0.08910533992886063
87356,-3.4781618049951692,-8.915925306777908,3.223999985425594,0.7970393723013481,235.95899215983113,0.5424406260502357,0.08912195719635668
87357,-7.247218090745198,-9.428766394651865,2.2576215553368697,1.8319722067518796,467.9043151782364,0.2752286200244569,0.08914721758569087
87358,-6.748027532610559,-9.600532290460514,2.493443124053464,1.583269475898143,372.2097632852308,0.33344852887339993,0.08914885715472448
87359,-3.5338701392671545,-8.258387315948553,3.384086409269405,1.0578312499316167,280.17331584583013,1.053428937712476,0.08915519566412597
87360,-4.9030221516015,-8.03900267685352,3.1016170513643875,0.8259553087117188,164.40989509526088,0.7358950203315215,0.08916220422783037
87361,-2.9445066705777894,-10.757114133879643,1.2866245766931368,1.4310799353553358,469.91216273630477,0.23567980800330357,0.08916529278693473
87362,-5.13642793011033,-9.580389590148418,2.5130278690533716,3.0786470890076725,502.0827716412621,1.0363336375311816,0.08916691567728319
87363,-7.898956304300883,-8.625598989844498,2.2770704698880038,1.0012467577895086,173.4068088606276,0.15415654427976744,0.0891672053964982
87364,-7.410865050265474,-9.077630042828954,0.4857767868349842,1.458093690891606,333.88448950721966,0.43314717230599165,0.0891728086651863
87365,-5.888778453096865,-7.767361788042233,3.248557925546386,1.4374907653251836,328.49140749390267,0.820193521756555,0.08919465642691234
87366,-4.164511116748875,-9.322808117741195,2.776134556110385,2.6905498420491227,474.8961658372594,2.1128520343627573,0.0892168947901635
87367,-8.763411221733987,-6.082285335902086,1.5244323138884688,1.1039547304738937,177.73503341808242,0.16117819201014516,0.08924538988478102
87368,-2.75259509159667,-9.335392044822253,3.0857272333429626,0.8939349860939783,184.07528580665655,1.0544080490474732,0.08924933465229867
87369,-7.254156608713708,-6.26448488636571,2.3888262626701073,4.210350729131916,545.0224564237766,0.17906102679366054,0.08925861337902932
87370,-8.395893478686993,-6.228468914468945,3.381440398194019,1.2139504839365045,269.68410166583357,0.36141585004107935,0.08926914027709919
87371,-3.6523494329834776,-10.205331911297925,1.5266223026902572,1.8262184152667407,468.29367323920604,0.009852682606649843,0.08927228843913254
87372,-7.762454098446479,-6.8664622382798255,4.320831488361282,2.812290941682681,470.208191233352,0.5956516660422677,0.0892758022926132
87373,-8.628460998949597,-7.381420475874414,1.6885724488967724,3.0952447274330983,505.5020921684679,1.2418687740319987,0.0892849059301229
87374,-5.8690220201023715,-12.215076712417346,0.12929177668456387,0.9335200817798441,151.3174757951493,0.12418902391062492,0.08929674491540168
87375,-6.410340874160321,-10.648058220794368,1.2053287654569877,1.8451089418280895,467.5636081585916,0.5522587607248584,0.08932527509324809
87376,-8.109505053240227,-5.189474683610987,3.679503698390812,2.81303706762954,450.5073101209353,0.24651822218072095,0.08933191258313684
87377,-3.741026936671852,-8.839323469053067,3.292873139782607,0.6291588053419933,135.9387659274986,0.5797356675163314,0.0893337803642993
87378,-7.749322877312782,-6.225898771661287,0.4321306445906389,1.2486238559711984,291.2758370542309,0.16291542900125489,0.08934878008991012
87379,-7.803956367723249,-5.658587693872112,3.9526793190908336,1.049441134552576,282.80353564207206,1.7093841200660647,0.0893601036330972
87380,-7.405807948474465,-5.767155205535089,3.182701357585848,1.682744697865712,468.02846568713835,0.3809064781373017,0.08937060460912956
87381,-6.275022241431787,-7.750198781477708,2.03868623684669,0.8458994780534186,196.9288852960005,0.47117438785773746,0.08937631498754162
87382,-7.136648480761718,-6.586368016455616,2.68535159549688,1.3935760563580453,468.3776477052262,0.5860742470085123,0.08937762864368658
87383,-2.7115559209920352,-12.198293436066988,1.048198674457099,1.775601145293473,467.98720011227715,0.8987896869357312,0.08939014567137138
87384,-3.766858565565588,-9.839374835006677,1.8969775578472379,0.8795059502317221,468.06788437494373,0.48866092744994294,0.0893949037141159
87385,-5.579291679243055,-7.92476279682709,2.53794680882048,1.2096234098537422,251.18727840505227,0.41152524886653996,0.0894041555910341
87386,-2.4086563521998254,-12.124067284480795,1.5238126448207794,1.533793290151274,253.53531922716087,0.034486328289898616,0.08940659391994082
87387,-7.5315216699574785,-8.494069683835754,3.2567434591470286,1.2226309830187447,197.16821184548928,0.12516417002335078,0.08940804626178372
87388,-7.388140144309833,-6.189681769771478,1.4582290865965224,1.3069923298165056,301.1930165624527,0.7533698828661368,0.08941995555424638
87389,-3.135896177043964,-11.320463154062525,1.0876312065617204,0.7867575210078832,183.6133082514067,1.0676010234047908,0.08943612746897693
87390,-6.01763770515378,-7.941514759241243,4.033520970358648,0.9780838967839688,270.25491094495686,1.1197064844865636,0.08943691722247991
87391,-6.292365427903444,-9.898834546317447,2.0266849159327323,2.1380617028171924,420.2854086557951,1.9437845584536353,0.08943842198273035
87392,-5.008513209380558,-9.56997215534879,0.12100874163507712,3.926561574629846,496.8700486144729,0.1552093537011343,0.08944203108645409
87393,-4.636379689640686,-12.66543746585307,0.8612420943628127,0.82218358870901,187.9670722633769,0.24449200425812112,0.0894554096254552
87394,-3.5215706094576564,-9.538699367763217,2.447252588195631,1.1437717023333576,257.1842714027049,0.07786191362858119,0.08947832524513565
87395,-4.660444548245572,-9.142930765526424,3.0441368533158273,0.8665047590466352,202.64216180859245,0.35032171699047954,0.08947944354032508
87396,-6.471737352483652,-12.26556352710269,0.6344516875190279,0.9177070259390662,260.8653934005738,0.97622236368065,0.0895056814337111
87397,-4.147895188846994,-8.191377152950885,3.3270344533149765,1.6163446503704977,380.1644997619993,0.5675807949328231,0.08950584626970168
87398,-3.230790443607983,-11.731957502368244,0.03328397153391248,1.802871794791605,468.0796845554999,0.32419597993861693,0.08951229461682435
87399,-4.8793734721284485,-9.384059758856047,2.7561140981512406,1.7857937031939835,377.80201048988823,1.604684078778102,0.08951545072550425
87400,-3.4738061628373575,-8.380399969640514,3.464515003024346,1.0047747630585584,467.83579336558455,0.3088293944064153,0.08952052974020164
87401,-7.4329796491586855,-8.58771541923722,0.45128858900047186,0.9562769434681381,188.4920424877652,0.24435274171816435,0.08952848076003767
87402,-6.246950208472629,-9.957482889184,1.8537011505541272,1.923754146996047,393.21903570294745,1.0269853295882507,0.08954895661099463
87403,-6.824006444205141,-8.678960685682233,3.721215058131435,1.5953839637001435,467.8437167239441,0.3333302079400866,0.08958488965810556
87404,-4.711062609780981,-12.166592907832264,0.05233636834012481,1.758730125585695,418.01337928839234,0.6355118608485162,0.08959509448643145
87405,-7.051744527478151,-7.450060920717167,1.112470215241621,1.5968261837202469,369.24728676829227,0.05260520953088044,0.0896132779544046
87406,-6.7964829617992475,-7.302500515737154,2.1036197889800268,1.6412105500953134,383.3841500574353,0.33128434576723276,0.08961776301952472
87407,-4.9892051233237344,-8.139670813440834,2.0211328723011546,1.0326912460919733,220.70938379712524,0.3285208062848364,0.089627298785727
87408,-8.777495567294864,-5.162451125244852,1.4417948434642218,0.9288316736212713,143.3637423254575,0.2367498533959429,0.08963114004761757
87409,-6.749454244610309,-7.664474050833949,4.3613206411114245,2.732609324824709,439.79999846554966,0.23935736208811775,0.08965542255199883
87410,-8.76439753016626,-6.026209118568425,1.1417154874611157,1.4306482734060615,339.29092449099153,1.0885541132048724,0.08966741452638434
87411,-3.5308110776373827,-10.05066643594159,0.04862853598822945,1.145717587623274,233.64298735599718,0.33096334544549677,0.08967524032952122
87412,-3.1192073757285783,-11.656825887306699,0.03473928043995225,1.7495953498649772,414.5860201840077,0.8257959487759088,0.0896781659495115
87413,-4.679263919666509,-8.082773951298357,2.6749138638249885,1.4695632211512741,468.0656051051993,0.7113972178920136,0.08969361991100355
87414,-2.4141300241576804,-12.149275428900092,1.5771225500297104,0.8540764448042528,202.81705230197275,1.2142877332399982,0.08969699544547355
87415,-3.0327837863587135,-9.629663939383292,2.4427717452857154,1.8799425451453677,387.86092884904843,1.4236998453057828,0.0897057233052462
87416,-4.049839666006211,-9.714596647927035,2.156798386635368,2.2566071909028986,401.7907035269232,0.18139032208232475,0.08970702503358359
87417,-4.659431842761972,-8.86521084057582,3.3430589637801464,1.1042733796733517,285.3054952356774,0.5487669373732675,0.08972971871545786
87418,-7.400732725792902,-6.471955337426852,4.038469979860273,1.8746011804529492,467.92616165456536,0.32093946099697224,0.08973161056567597
87419,-6.766507334755292,-11.425765408209394,0.37836435967357523,1.1503944829517483,244.0241852162036,0.34327353769962965,0.08974402886397993
87420,-5.447676209702513,-8.390986630494432,1.1428983874026906,1.798232753034306,428.9455082403644,0.3759435473007491,0.08974502644276862
87421,-5.87995720200529,-7.810373336501285,3.553928254886267,1.6524516098726267,387.5570654163654,0.31147643989137475,0.0897612253711463
87422,-3.564204925835579,-12.825732799915889,0.8545836484737,1.2741610932113199,273.2078652356559,0.07683541022417195,0.08977797661328021
87423,-6.134724732444443,-12.122643483111395,0.7755865032054492,0.838616752999008,202.0681425525511,0.15781345986753248,0.08978227563017095
87424,-3.474659824512041,-10.293485736416205,1.4677286638516718,1.0237022620284786,277.1003627079619,1.342241317873051,0.08980079993604399
87425,-7.2599733570173335,-8.26596933189791,3.8956999753640744,1.425376498874979,325.9042267008417,0.7633732163204243,0.08981425750272551
87426,-8.580801563140465,-7.036440841661531,2.5789014070144813,1.7792393956883195,468.98113251947797,0.6387562506083224,0.08981650214958631
87427,-5.905768197989256,-9.503292810166048,2.7277412974537314,1.8192861509831735,433.65340418615244,0.08036529486110755,0.08981874122128851
87428,-5.132796997275152,-9.8740295525793,1.924502962923175,1.3063510850706508,317.3029122199273,1.911542889450005,0.08982286180786744
87429,-2.7782718301590688,-12.111018259886244,1.0166587049844746,1.6813013484949677,394.477509306582,0.061460935480223355,0.08987197864727528
87430,-5.548095769789353,-8.719498604607203,3.635040620893902,0.8798625897727,238.90280368846055,1.3971202144483827,0.08987536346141418
87431,-2.9228635617490912,-8.5840540867271,1.290774032164639,1.3939950738390243,468.82043718456197,0.10878325363126518,0.08988442592894477
87432,-5.773092295603668,-8.00160020735505,1.914455609402195,3.2122424790198405,511.19563404906546,0.9056177282588633,0.0898991032420903
87433,-7.4140691790597435,-5.507214810512821,2.8064254020870116,0.9176167122211992,468.37235117206825,0.8868380132853204,0.08992282321922762
87434,-7.478800585332587,-7.084531736989525,0.6638390954210026,1.1950115728415582,271.3382694077291,0.10343421232713101,0.08992881833706122
87435,-4.858491009284332,-10.222409045479683,0.04683083302527726,0.8674953609491886,190.5873035776867,1.167638539918638,0.08996481043117341
87436,-3.9435455887973703,-8.177529040112788,2.2921746591438663,1.0963414980706,290.9439350242935,0.43130602283731445,0.08997455358605656
87437,-7.482569665423277,-5.365412013362462,3.2149586941565342,0.5651437584911049,166.50360477782345,0.10078043779140433,0.08999276253560748
87438,-2.505798528405747,-11.53747568221436,1.8354299522167916,0.5066156332727166,113.89177467413093,0.7148223123057464,0.08999529173645214
87439,-3.9529405497903003,-12.476482923168001,0.88284696248713,0.8860212643999827,179.4154850566797,1.0687487950335468,0.09002500200175435
87440,-3.2970783789790437,-8.990726245612649,3.1321987823672055,1.1776629121115068,300.8205058857215,1.3267528110142761,0.09002580676868044
87441,-3.1005436798347468,-8.455061252560165,1.496354583728621,1.1893713280595881,321.584366768524,0.21711667651496658,0.0900318382798528
87442,-7.474870914418365,-5.188123310229676,2.983598617958159,1.6101618827831365,374.9888411449651,0.1321551367052063,0.09004479300312664
87443,-6.024154623313341,-7.891099212643888,3.971512026197173,1.6152026035019118,326.64175527717475,0.29125970040343496,0.09005034255770071
87444,-4.080193196467818,-8.1465973017951,2.521175258231748,1.19391440309805,303.1749578219583,1.1686943535266616,0.0900569725579804
87445,-3.8135662591967714,-10.806054928001442,1.2209069577195137,1.0910527076255665,281.7381234377514,1.7454835378911175,0.09006335722112055
87446,-6.607654118742797,-12.459323833145898,0.5176189300248103,1.497422866960957,342.4054118473604,0.0026246553641424697,0.09007168738278916
87447,-4.976762339753851,-11.262044205086873,1.0729662040589185,1.363878712011047,305.75053702770543,0.09840251396785415,0.09012060001721078
87448,-3.0063606799596654,-8.28341605148687,2.2916250532723583,0.9632007962523722,254.6354919759986,0.3430635234040169,0.09013278460895284
87449,-4.339125694992116,-11.20185250009368,1.0968685142878896,2.111887535930788,407.99614378647436,0.9105692715262963,0.0901347248043358
87450,-4.58121710207484,-12.09367814616296,0.9158005615167727,1.1779009744968074,248.0716240396887,0.5128022689632985,0.09013945299450658
87451,-5.346597110587966,-8.2507358770852,3.8015402223143253,1.8597720208359658,467.3930569937336,0.5193320749209294,0.09015122143593066
87452,-6.869341624739358,-7.422655622643044,4.265401932665907,1.1398359654439338,469.7013222487419,0.0034209282778343564,0.09015831371807832
87453,-6.829406761272846,-7.483146655873079,1.6362623540371473,1.8166623166671767,383.5445817229278,1.9810425640163567,0.09015911873712087
87454,-3.2522730956829147,-8.344762960700544,3.433109262574984,1.2062326661963851,468.0513364345867,0.8974462133321586,0.0901591548623607
87455,-8.416103512745455,-6.992035126439166,3.1791136253140695,4.2184508991212,573.4616450140868,0.48238261150204664,0.09016064504238337
87456,-5.814674442082691,-8.18487542384282,4.012221496095523,1.5941292522506298,468.3872619374555,0.40602304752174145,0.0901768070482588
87457,-5.739987880753871,-8.309425510168529,3.9589658235758316,1.8297485887921532,438.24225030315813,0.45421403574344854,0.09017745052931711
87458,-2.9097270281235232,-9.86946953577064,2.0176757747760594,0.7988062874800516,162.54868199172068,0.012229230760026688,0.09019858456780329
87459,-4.656049805109528,-11.745821520583586,0.9698545286717387,1.6844107724636448,395.72631307540615,0.1976193522728158,0.09020034887215783
87460,-7.837389827629059,-6.030991768277088,4.079659777276099,1.546183589885537,183.33062831568358,0.4480329483018357,0.09020926301635154
87461,-7.021116197405378,-10.780284804510925,0.44029475002129415,0.749911864696047,468.2548942947625,0.2915633555292123,0.09021497340514993
87462,-6.018605856609861,-8.500882778770496,0.6887713506866969,2.9804625870786743,497.81335825886424,1.5314906590138042,0.09023400425668765
87463,-5.355396858306404,-8.361479961341082,1.2658584714960424,1.7882948269401588,468.072537437027,0.11120652444282975,0.09023801066520276
87464,-6.487077071311209,-7.7323017226929815,4.215511564285271,1.0715671974147252,248.20477616520222,0.15241765237634475,0.09024323931157989
87465,-3.5780846646897153,-8.403804964049531,1.5287955334736727,1.7267481150729036,405.87576435457964,0.5004714367656247,0.09025288056675745
87466,-4.952182167770162,-10.297931748089358,1.4708366538231548,1.85149104454727,452.2594782609862,0.06013572006441503,0.0902549109863456
87467,-7.5752389024119555,-8.393489842933224,3.3244609046392175,1.038908560065953,468.0737243567931,0.7159729339955465,0.09027331394205647
87468,-4.6496160572138026,-8.100365307658723,2.5298759169135203,1.8829585155346509,465.706292612834,0.18245535777180155,0.09027953241662165
87469,-3.769217479900383,-8.310806086381135,1.7405958575565768,0.6776253236392386,467.35364749656605,0.45314775673462915,0.09029728913957724
87470,-2.873143589818267,-9.154545705745477,0.45051008317205943,1.3660777225267822,300.88695504690133,0.07376473643249248,0.09030414110578792
87471,-4.991741470283135,-12.845058120646565,0.8324201088102503,2.644323226950223,307.4706677174578,0.06894571791049842,0.09030793089454106
87472,-6.84014645190848,-10.525226345631065,0.3662538612057576,0.7920038980252708,225.57629317050404,1.0533480588700197,0.09031314343162919
87473,-7.457404824574168,-9.01465839780312,0.506476801869772,0.7802976704418058,182.97239849058465,1.0784767328385003,0.09033053530897274
87474,-4.42493049220909,-10.109248462044654,0.048337877579962225,1.453751503019406,323.20440267527334,0.8072112852942741,0.09033325912777547
87475,-4.314540638058675,-8.125051306108483,3.0838268644207223,1.831483518139663,467.7944142032917,0.13993050779905314,0.09034664398996953
87476,-4.332962037862052,-9.555734817407199,2.4571389791991725,0.8904709268604165,237.34810148134596,0.6520318608161046,0.09036364554389205
87477,-8.258607765238047,-6.757257871727751,3.654446564100404,0.601005683864586,129.09533359792098,0.6715903689017155,0.09039157705040898
87478,-8.032330868884834,-5.546187819926862,3.8239365201888296,1.5684598422617884,364.6010242326695,0.49927106362002593,0.09042099269904764
87479,-6.07452800784837,-9.768245748117092,2.3176090400970413,1.54788768582467,353.1805198901131,0.12002614902611342,0.09042431376110392
87480,-6.815985243895893,-9.522628737593696,2.562049151658548,0.5080419792388524,140.56466961918426,1.1157835631698676,0.09043993635886015
87481,-8.09621144149477,-5.562044966110885,0.3732746831808727,1.872549726081697,455.17483919674385,0.3412328285233688,0.09044086213411073
87482,-6.268162624316995,-9.905806405632166,1.9857556174981505,0.9717867932199843,263.3519929412946,0.5039855908270807,0.0904546823879429
87483,-2.5586433446421477,-11.648974267781234,1.6071696769804857,1.0799330539634102,217.08312900780925,0.9727942272607502,0.09048903674253458
87484,-3.1584245723828195,-8.185740262418072,2.4649400466264786,1.177153582458248,299.59944249802015,0.7262575864569767,0.09049663821852283
87485,-2.548415217493635,-10.563498037566013,2.100686092007168,0.7291886435755778,221.77414835993676,1.381361468582079,0.09050063379174468
87486,-7.74327330135494,-8.019148454539316,3.555828557050193,2.8505393215882617,488.04820198870993,1.8115691573106778,0.09050490903652249
87487,-4.255873812988221,-11.939265807815532,0.9422458886368782,1.8470085525539326,456.08760987883295,0.23361168260496346,0.09052001800579071
87488,-4.181399495154443,-8.72504793421247,0.7341050246599258,18.648577751557234,447.0268970535433,0.27529486846464657,0.090525309517631
87489,-6.700797741898247,-9.188791282373785,3.102812915843098,1.7768658342691843,464.04714488364846,0.2886170610991492,0.09053094634355405
87490,-6.972897119927139,-6.930176477529841,2.576795568846266,1.0398382193343,280.0378620038629,1.1284740028343858,0.09055275516577141
87491,-6.572714400422299,-7.367007454427645,3.1539564284100874,1.184144022241532,301.1899848364407,1.555927128429766,0.09056280815026252
87492,-2.6877465298951115,-9.693687838339741,2.803177632629635,0.8019472511017067,161.42762435098695,0.17923904822151648,0.0905697142984383
87493,-5.575484884831557,-9.682294511149417,0.10355971793289832,1.538650356668033,349.75610583296304,0.890364378169938,0.09057931804616731
87494,-5.575009426484304,-9.92819827991423,1.860011223300665,1.228485794167201,298.89860135115435,0.5119637357521851,0.09058051807973269
87495,-5.52994155733058,-8.28491233156291,3.871522075518779,5.065326706954666,550.3634257745003,0.13377083225810527,0.09059068622678601
87496,-5.08425568317042,-8.067493409668543,3.4264864833622357,0.5800202902847569,132.54774964888,0.2965334218561164,0.0906057170541221
87497,-6.438609664394829,-7.475165372327708,3.100773042283818,1.0160392865770504,423.32596002087473,0.8303072581908735,0.09061058479943176
87498,-3.657868286388708,-9.91918208755111,1.7672115678860862,1.8694876822209938,454.9942564904578,0.2998157476136436,0.09061106204668867
87499,-4.528952034114524,-11.090177690405719,1.1273654026835034,0.9440851015736555,467.72549053814424,0.6183682152467602,0.09065569328600276
87500,-3.031324815156781,-8.75018936368063,3.408528453017703,1.2633797690358763,265.7535450495768,0.37286005715527004,0.09067706816001576
87501,-6.50475914002417,-7.535938322907557,3.9028975988465224,1.8435324909258801,467.8964262619339,0.8816332591885114,0.09069330220142019
87502,-7.585068210549667,-6.575271180761129,0.6038743353412179,1.0975698511998508,292.1030929724257,0.3647691787694898,0.09069647800431668
87503,-3.87219620508014,-9.216206433645874,2.884460772985103,7.889317565660565,731.9980961133099,0.32303772027232647,0.09069927323346959
87504,-7.009249298737382,-7.349231052191477,4.3201528274731045,1.0583065866026036,283.97738072392514,1.6278297257734184,0.09070440006273603
87505,-7.507008334247365,-5.196843859276867,0.9727225531937997,0.808414821332706,163.61371627478005,0.19327781571035896,0.09071940564976558
87506,-6.956827954852712,-7.7360385164140855,4.418999425579232,2.165924046629298,424.01132569713985,2.05443488887458,0.09074621490305226
87507,-7.010600885901117,-7.192056114432573,4.153723465146969,1.0923972843033447,388.0216271430407,0.13617501144988786,0.09074842620914986
87508,-6.550171665597913,-7.423146814912063,2.6366877338828574,0.87436294243701,467.6967157291641,0.32290279479882056,0.09075316890753295
87509,-4.663411419930428,-8.105340861619448,3.2105009052620392,1.0704649087029043,282.69129187692835,1.591337021559334,0.0907621631684221
87510,-8.142038509568486,-5.311239378138266,3.6628085106689756,0.9085108604430293,181.11625149489961,0.4893517878243143,0.09076469401383871
87511,-5.565590391083754,-8.33722524634421,3.883711187762039,1.516492657208192,345.5580005935999,1.9005924935482499,0.09077478889780362
87512,-5.793342277425886,-7.910439811034553,3.723128649824859,0.5919236903624289,129.6500785391159,0.07740118743228841,0.09077797123544394
87513,-6.039504021642301,-8.19125715236632,1.2272206505555414,1.0670900704549087,277.10112447791676,1.7957309306975464,0.09077865928904126
87514,-7.253120554815553,-7.035332835362592,1.0774661390079316,0.6922434961741795,155.35815251731347,0.03434004002029578,0.09082672853727079
87515,-4.321254995304164,-11.219392861449085,1.0903482404405511,0.813516241378132,460.27698789100316,0.16801938277387407,0.09086027816249564
87516,-6.091287081902621,-12.806360969099636,0.7057666407154287,1.1165823823244425,289.47373259018235,1.2597453010778477,0.09087741645829361
87517,-8.742783021268465,-6.696609182693104,1.4604424189714522,1.8493053714530503,442.2537383468276,0.43406910434496204,0.09088210800357506
87518,-5.096721027187401,-8.252175939707506,1.6615797960033465,2.221951291437153,423.76209631992987,0.3672576426267806,0.09088316019581785
87519,-6.834809801739397,-8.31207973744923,0.5527372294869097,3.437497829484935,532.1371239811743,1.2751256862513918,0.0908834366746314
87520,-8.422770587152772,-7.146290797085935,3.040967160173301,0.783214175581652,206.7927398587677,0.7732136232112419,0.09088915391606056
87521,-3.247784967780661,-8.355343110861629,1.6923714113357775,1.8217646087907609,434.97464559088706,0.567794362949372,0.09090794232695422
87522,-4.5219532456989295,-9.705672698900175,2.196256886148088,1.0870715583920507,284.2147547549829,1.6160137077086096,0.0909137591986272
87523,-5.187692599948634,-10.007416993661389,1.7066376641852168,1.9477497056022797,395.0685311546974,1.3520911088673522,0.09095944823517789
87524,-7.624210195576602,-7.959192904788569,0.5031457345924527,1.113087926649284,283.04039259750084,0.5944925662572738,0.09096637242057372
87525,-6.293800005725744,-8.206480762963645,0.9708718756177321,0.7691044291146527,259.3620706249345,0.24736824881581487,0.09097136226381383
87526,-6.628781601423544,-7.579598598928617,4.179139945704604,0.8013749224356291,166.44914707222514,0.7519371102999175,0.09097736430591749
87527,-3.0157012106514482,-9.096430574607405,0.45764704160762065,0.7563334850477625,467.61484126278657,0.30944081202689144,0.09098188573885164
87528,-3.3743632544751403,-8.529396295776793,3.452109623046266,1.850225115933039,443.4775010369501,0.30259504732656417,0.0909899762563582
87529,-3.8891287722943737,-11.117672326665486,0.03198489670705022,0.9599664339004564,264.37975984841427,1.5264362838438297,0.09099455200092425
87530,-7.6821120690454485,-6.420170625558888,0.4941515723450344,0.9553129456834953,467.9004655937213,0.38195771537637313,0.09100849796364581
87531,-5.5393145280273295,-10.635431366791636,1.2746901416755165,1.8349226390223732,468.5398905031251,0.42551054229820284,0.09101924086735542
87532,-6.445701829043315,-7.473317231780176,3.2346754222111915,0.7541449344673621,164.59106686901896,0.3320601141958539,0.09103999929633017
87533,-7.35677414304844,-7.673431369041269,0.6192367527377267,0.7127002656905784,162.45456700276054,0.38925372509923584,0.09104661846256513
87534,-7.465694027445213,-6.924164453840093,0.7309263047948881,0.932492198314013,259.5815923718675,1.6375645942515584,0.09106233042263666
87535,-4.820476880243208,-9.316309472568365,2.8326243041506363,1.029228504572287,269.01135213983576,1.0675884911172195,0.09106368422809487
87536,-3.475932425064901,-9.759092257890128,2.0246264298131784,1.1341606896024978,239.38182637831662,0.9619245308030644,0.09107120838354371
87537,-7.2937400891105435,-6.201892284039206,3.190254185453445,1.3639910431818083,301.187279705602,0.1979201991014028,0.0910816859449933
87538,-5.492332388883986,-9.864182697095448,1.9684814064136729,1.292943084067584,314.09967712707265,1.3955411849616857,0.09109532729752157
87539,-4.976471532981961,-8.982624491867798,3.2512762650885447,1.5715128153331877,413.2237717012945,0.40099803301070214,0.09110134481385207
87540,-8.669349970976509,-6.236649309846162,2.4292319191222234,1.050856612207835,278.22069861887985,1.6577798085268993,0.09111632773382969
87541,-5.018057811369378,-9.58502956681513,2.477904631303215,1.0064196690230176,467.4213259784083,0.7829340889151934,0.0911317602727767
87542,-2.9473328133232757,-12.586940366623683,0.917765880201005,1.8415338214139634,467.933369693389,0.24302600413036668,0.09113377818616507
87543,-6.502459866282638,-8.54328911021511,3.947423456402864,2.2954881432718395,438.0474644172422,2.377034260289335,0.09118026467429978
87544,-7.527473484999241,-6.937564389205,4.389863277911516,1.801140446073169,430.70805294585546,0.6766924925259419,0.09118057796582209
87545,-2.7941327708259864,-9.719373297653291,2.6554731230834645,0.8517595750716459,174.87847221302215,0.9118013610289992,0.09118257804398838
87546,-5.1787287334016625,-8.3960654656406,3.7238138913310643,0.755174777944307,144.44774724977736,0.356423494320083,0.09118933380661266
87547,-6.896591620591575,-7.020444659438001,3.070314116387434,1.6662194047575716,389.4375328621009,0.7572382164834517,0.0912354612166437
87548,-3.9833880930765204,-8.136633392841205,2.6763276628519663,0.6325038290141951,150.56520575244255,0.022532777184376407,0.09125097974647656
87549,-7.138657244335646,-7.601491059293151,4.4292600798624635,1.7060905266124857,364.5118770442559,1.2652661949376904,0.09127031934759572
87550,-5.488182872009595,-7.943844829045568,3.3878621156631525,1.8339085252274232,468.5837956305217,0.8053519450997415,0.0912752794152965
87551,-3.992762265381651,-8.182811267342569,3.225648670024023,1.9912059130274837,404.70623017068067,1.9843315842691425,0.09130176561989674
87552,-3.0957675695537414,-9.051778977906254,3.14547335598248,1.1869299418469235,467.1303062409108,0.29562828856673384,0.0913461594738016
87553,-2.680570370262833,-12.09350865627435,1.105453275158437,4.7889226387014965,590.3605675066029,0.25649077976373125,0.09134807476669514
87554,-5.534496794856259,-9.34027716758476,2.8878811792918806,5.099177758486093,430.4022440917702,0.06124615553437174,0.09135119338068638
87555,-7.797659880786156,-6.0452635547764215,4.0787791401184865,1.885378571239464,468.1112263440361,0.5084941818219466,0.09135681584479509
87556,-3.5932867208852928,-8.151867832643912,2.7649617051813684,1.0977498375327308,277.40668488572516,0.5801033274129006,0.09136652374769978
87557,-5.959272822396379,-12.689890791492983,0.15016493964220495,0.6968279970235167,147.76462660231178,0.5678068752979675,0.09137424462221012
87558,-5.613657581824384,-11.545720225980256,0.9750441542299824,1.519469637569553,342.54977888261095,0.39544006375105933,0.09137466810774421
87559,-6.1784877388648205,-9.326342597508292,2.9832829939476886,1.1066921270433463,237.51821036237942,0.6501857255675842,0.09139909320657312
87560,-3.959200579740841,-11.508172188267736,1.0187467932308032,0.853324787953214,245.59074285475674,1.5841196801958173,0.09140483597399451
87561,-6.410018426855441,-9.89444744326289,1.98584824057596,1.0327133484499031,277.41430626957805,1.138748191509893,0.09140715708673854
87562,-6.554248775056431,-9.08619213622032,3.28012911483547,1.146778660121774,184.04508869576307,0.3144374708533908,0.09141448318340617
87563,-4.298936351179492,-11.479029871164654,0.03903045454449545,1.4124257757890617,327.5366411957775,0.5184036628676338,0.09146709371372219
87564,-5.595419009681978,-9.370843284980522,2.8567812580986476,0.8743361447210571,468.4929854430195,0.018538320047887247,0.0915104443855556
87565,-2.970428642466235,-11.043459310478111,1.1814405532516172,0.8633347529916068,236.29637018291618,1.0767216881801343,0.09151604341988473
87566,-4.986077169402757,-8.106039028204513,3.4425093259070967,1.1009714681160572,468.32861428731763,0.5092485557655033,0.09152711634772165
87567,-8.736011487829625,-6.434887647517894,1.037417009398283,1.6341555698284997,470.2821063914078,0.025383550923764986,0.09152718714727534
87568,-3.482537459491379,-10.071870089798951,1.611300980344192,2.0731691386886584,413.29375590309076,2.017355056816924,0.09156014048934966
87569,-7.365544790841783,-8.723733664917923,0.424637493622596,2.9353448643221074,488.4995878761211,0.9326324725322701,0.09158283265044655
87570,-5.467269799603447,-9.582625890520642,0.11861457584908963,0.7346763256452429,151.51048513737348,0.8219775590231793,0.09159417322935082
87571,-8.451312784115858,-5.900461407589177,3.181259683729895,1.8710889247928502,452.87408956179024,0.2817594382277031,0.09159491371969289
87572,-7.920777110370608,-7.769090482533671,3.5459113841386074,1.1462341554552917,257.64472165651136,0.7959389664253127,0.0916207805034343
87573,-5.678018073991523,-12.846123192906429,0.7752906727625954,1.0127527463667827,370.2529363597295,0.6402801025003599,0.0916286752617946
87574,-5.194109825089116,-9.932692499470468,1.7960091563304794,0.9741403021450113,467.6390601077741,0.4599342563522253,0.09164563212015792
87575,-6.053702931252646,-11.136448276365444,1.0494641283334323,6.359147301691169,572.277790239033,0.08020608596131229,0.09167688871262825
87576,-4.735597011456535,-8.26837076264732,3.5551800317532467,0.9614170089728649,193.08466032669713,0.05824124965431565,0.09168262160384767
87577,-3.4400954084195936,-8.287164571836929,3.35502851481329,0.8806747047984013,469.43274138463465,0.16200793064220598,0.09168520385907714
87578,-8.718651511305506,-5.4481819258498785,1.9310217300013937,0.9200234020509378,243.4035769518725,1.27462952802387,0.0916998585000967
87579,-3.0216548247987056,-11.145117489433122,0.03957099778557349,1.6596085396889586,390.0393345981735,0.343859222810436,0.09170891702714482
87580,-3.6716520539353494,-8.151344387783475,2.646095061919898,2.3435100849228947,439.44222828602443,1.5407690155653482,0.09173483954971542
87581,-3.050957637550442,-8.693815995704327,3.4304648057043434,1.4980288202673928,337.2873185636468,0.21414906246146614,0.09173569537807548
87582,-5.409378132120133,-9.998552641997467,1.721314407861525,0.9611866009319523,268.90621022216504,0.8297815250575731,0.09173798922465125
87583,-4.348417513042601,-8.338389391046064,1.64941951478564,0.8104050286541662,185.2763399942953,0.5012234114785397,0.09174291385036458
87584,-3.122500563279366,-9.177418779179156,2.9564293264359733,0.8377853622719453,235.19031392895596,0.31834175177732416,0.09178285448996526
87585,-3.119066976798191,-10.138773332084048,1.5784826454383272,1.1472677733531873,296.9176085648946,0.9195785374562444,0.09178731158540494
87586,-6.374794724752888,-8.89012217309901,3.552179831346374,1.169596069678335,299.8569405065783,0.6532070847267395,0.09180156868532585
87587,-7.513487374042006,-5.1536199102724725,3.174464357590858,0.8239413034748316,467.47650870656787,0.1428243260833364,0.09180161480721213
87588,-7.97969876175792,-6.894593849006953,0.4472292405702449,0.7152042882675047,465.6162584294452,0.35630927550318603,0.09181093272336434
87589,-5.349602152426699,-8.442586453650845,3.764155833900496,4.695035045030782,486.60403815355505,0.0405284116179514,0.09182006281212743
87590,-7.5705171379308,-5.60388372971805,3.6448125511345517,1.2333393922957552,308.6673421993481,0.902703224236574,0.09182719381100769
87591,-7.3877527588677205,-6.378618224733349,1.1939087293201085,0.8119016629886346,162.52396849532164,0.6315223103541054,0.09182805135911934
87592,-6.8045081695869,-11.053578219659707,0.7934999514566011,0.9509873392388332,217.84497977341937,0.4273571248580863,0.09183291818338951
87593,-5.6467887534485275,-12.955388195148915,0.7698446511913397,1.56501519150922,362.62730425182747,0.11695441958630148,0.0918340820448712
87594,-2.7355124935310204,-9.74050475912938,2.7020891799728126,1.8902942667063112,468.8254919516864,0.6431975221050958,0.0918458230922417
87595,-5.277634081157224,-10.634951172536711,1.2786166494026354,1.1543263803679278,295.22218507451856,1.036196515013624,0.09184830771041255
87596,-4.48145797792052,-9.669144679265965,2.2385773465111973,1.3619374025465836,318.12902435265204,0.2662996078879285,0.09186200267550224
87597,-5.080659755586686,-9.331362879951879,2.834502304466918,1.7687703737312834,420.28507678529417,0.017550271617605695,0.09187681550249495
87598,-7.022781648261625,-7.358468736946501,4.3228640709318595,2.0272580001460065,398.26491538782034,0.9310096660325256,0.09188750349070185
87599,-2.885206933477207,-8.550778435483082,1.4765311138285007,1.398907708283972,468.3672088601745,0.524055252927031,0.091889906532861
87600,-3.5634198125091743,-8.616992791940554,0.9433072316350963,0.752485086112402,211.65268859917123,1.1669564246540567,0.09189179580675788
87601,-5.685727785395991,-8.7220340058489,0.5409063663822523,1.0883785893819287,467.33090780980757,0.07255602130423444,0.09191248422088501
87602,-7.7342469676653485,-5.433299827092312,3.7951550007631174,0.8769054369031822,183.7494019716559,0.5877215222311234,0.09191865016703439
87603,-7.929011987632605,-5.954059930768264,0.37251273396416307,2.4065332907179275,448.1324386851845,2.092801533670742,0.09192456419158711
87604,-4.650178183144286,-11.056548921331608,1.1325958349755565,0.8315462607242649,203.37808019862945,0.5052766667036535,0.09194016801819209
87605,-2.6972261017001564,-9.125789594916938,0.5582034982352329,3.6194095899244947,530.1303584484497,0.2375371640014592,0.09194614646890104
87606,-5.737185096477676,-11.812973542467114,0.10914794018041203,3.1240194730187003,333.07441217310384,0.06937667363623845,0.0919542871193647
87607,-5.896397037880634,-9.167334596289209,3.1596678437652077,1.2237302695682986,226.31885999165394,0.051107622983539436,0.0919681619107035
87608,-6.127806694522029,-8.802539219557662,3.64259096576962,1.3151292943670183,308.5795246272689,0.1733876983454552,0.09196963574004656
87609,-8.50719108643364,-7.453995509143661,0.8052024753022343,1.7733798796667029,421.51932529106205,0.7704176179206792,0.09201317758709728
87610,-6.00928357914742,-11.199608143694329,1.0319804535366313,1.5148005928377726,342.36615604084176,0.11524870761636485,0.09201364265654076
87611,-5.587913637147983,-10.84644712415022,0.08005751593286267,0.9577051063071567,197.541632941647,1.0382932561269351,0.09203321179099984
87612,-2.68500624271843,-12.001481092316494,1.1076102614953514,0.9024482123656542,178.34028234432074,0.7911741458249058,0.09204764391896224
87613,-4.54869524380106,-12.19775374776165,0.8965184213796491,0.8496406332959158,247.33179958806602,1.2097737084960736,0.0920541628433004
87614,-6.286790375454616,-10.824328295203635,1.1372534505855714,0.994580151493181,207.98775664725156,0.14851889565068355,0.09211339580257076
87615,-5.931864254496121,-11.590619422324824,0.9243133886679605,1.1446209780850607,295.7412548326461,1.8932161738748476,0.09211717322527539
87616,-6.727034927221379,-11.804246514970233,0.4411405683822353,0.8975144627641388,196.103450669487,0.21779512997008776,0.09211970518737658
87617,-3.379798910813073,-9.708815009089417,2.0940784007134248,1.866895347632088,456.02172317420667,0.24325136957989013,0.09213771215576275
87618,-7.734415763746937,-5.937987577162551,4.0114915072705815,1.7649758945442264,258.31710137348585,0.06161536987781435,0.09215065913088645
87619,-2.969903486536955,-8.42240483844753,1.7424885171516185,1.2166034924384976,216.15924626996335,0.07199974933232145,0.09215239471360745
87620,-7.643038384283414,-6.774905005968466,4.340802721775627,1.6401813584059546,379.6260921318851,0.18427230062366906,0.09215727227753084
87621,-8.65959221717681,-5.882390949138839,2.453135219192599,1.1660164700495816,467.2159973484266,0.3331857722121452,0.0921648631675945
87622,-5.417799489405199,-8.182788817355295,3.7630053820106153,1.1136345125009814,467.24445878054536,0.4352194696960172,0.09216775810932018
87623,-7.594593479072875,-6.649657152825638,4.298221394386761,1.1143415855585996,289.8543490933357,0.8014773773799959,0.09217992826727386
87624,-6.5674189344116245,-10.966685804681877,1.005141099458757,1.0434342690816756,282.34961965457086,1.4361022979281195,0.09218125610774694
87625,-7.742060114650435,-7.937217075426259,3.6481208010094917,0.8759992594482421,252.9918853075864,1.1274103058770217,0.09222018062741696
87626,-7.771812023726116,-5.598173547964104,3.8708319092936927,1.6618437223571376,387.63243336760144,0.16645361989195884,0.09223015019210565
87627,-3.4061590134649293,-11.685840688719438,0.9778497782600152,3.310453845285753,239.22927114752562,0.31665886798709764,0.09225621541761528
87628,-5.794318137410032,-11.836674391831153,0.8834559002314968,0.7872009011095524,211.57345391755575,1.2945121059983178,0.09226543725077156
87629,-4.212395989457326,-8.654535395803254,3.437294848982837,1.5924483991436975,466.5173836393656,0.8673915208238361,0.09226904238675944
87630,-5.129563246410347,-9.30647589834304,2.8562475648637906,1.1387436213468596,468.5835503686439,0.2579639713626092,0.09227931115106265
87631,-5.867653262346329,-8.700953147005208,0.5228895152369735,3.2498370307370514,287.4968583537656,0.1610530760450697,0.09230031507192339
87632,-7.025073845918312,-9.771738200369846,1.8162071147553653,1.8079444470994734,430.63955085965637,0.4005405163889959,0.0923105955138483
87633,-6.70618568813056,-9.771669604625995,2.1838776908603466,0.6582661319033726,468.2402200011484,0.4252556675231407,0.09231771751835625
87634,-3.2718404960450034,-8.166239863092962,2.684347399963319,1.5811614113306056,352.41288457872247,1.6666578497007647,0.09232008817670587
87635,-3.1815420330886877,-8.570300996901718,3.450337252637533,1.3854622812562363,333.5157755132234,0.32308547985811753,0.09232787275667514
87636,-7.821734020478522,-8.818542251568672,2.0980015709982864,1.21889066584396,307.70932429477136,0.5955741515873987,0.09235244145051189
87637,-5.591188487837498,-9.677897023941423,0.10662331162549117,8.334848112131532,675.0630059243863,0.15313700592310564,0.09235642641301614
87638,-5.337637144750703,-12.583243620467826,0.824321886335352,0.8298973048481146,467.2671350065486,0.12725555725884696,0.09236498144612686
87639,-3.4807456729866484,-8.190701012026096,3.117036311105025,1.5908976695623427,468.55848370208867,0.5019205993591536,0.09237536781543917
87640,-3.2294869634015395,-8.550611408446748,1.2043666615049824,1.031588700929237,433.3492353674728,0.7967504401547005,0.09239424805877604
87641,-5.577799033987658,-9.79012021029799,2.160499985770023,1.4098183400243849,369.214691545686,0.3769501626710916,0.09240867687778563
87642,-7.567388130782037,-7.80941700891122,4.025597742807563,0.6290620844870443,176.88455611510156,0.8732072014816943,0.09240991207522838
87643,-4.100587436312968,-12.101787532060415,0.9112172650731802,1.140271838436175,259.7519084893359,0.08630248861239043,0.09242667209670194
87644,-7.014716856774154,-10.634092519535898,0.9386778827172176,1.627562476706926,358.3743395926233,1.5911906801348659,0.09243482645827285
87645,-5.081685496005532,-9.859981945200456,1.9160660966199725,1.2358121796704553,270.82594694178414,0.31306933042994434,0.09245395588090495
87646,-5.452831375099645,-7.9639090149260054,3.3668877335370424,1.8691439767353593,468.44148276908123,0.4271460311936126,0.09248353493899922
87647,-5.975804420598186,-7.749610736369595,3.1709467246004555,2.7097840908650457,475.6889625292903,1.8320641651956047,0.09248832774411393
87648,-2.853864979227536,-11.856717126768839,1.015501529215564,0.7411721211387552,178.86041570576728,1.0157313058053274,0.09248850248394087
87649,-2.6284970860224854,-10.67702890263809,1.6835133908127864,1.2164483493965348,283.83938975502974,0.16206221303806156,0.09250087355244588
87650,-5.791812919884785,-9.274462318437145,3.0041062991540346,0.9330601844880527,468.0690724284711,0.7132349671496856,0.09250569332072518
87651,-3.8095958075581944,-9.726624714949848,2.065088683493252,0.7916917147356964,158.81342336425857,0.23722656104277107,0.09251059693748771
87652,-7.460221169792534,-7.087502377270448,0.7074281031120485,0.6970412495273651,185.7387546529363,0.806453776411109,0.09251576452977112
87653,-4.030202700294884,-8.957244827344933,3.172067740084138,1.0637634497965025,467.92842731986127,0.3938403997564235,0.09252408345028301
87654,-4.056414484751195,-9.82791042149674,0.0774698201879399,0.9693716376964379,313.62018347265536,0.5730047287560494,0.09252598641907299
87655,-4.492302031210311,-8.148509245402487,3.2478282032243597,0.7656510039168387,468.3096332170773,0.25892955333894196,0.09254317381258403
87656,-4.966742780755718,-8.835342931844197,3.3846155269232834,1.870088322364301,467.94657313212787,0.6271013322346874,0.09261325479145958
87657,-3.4517621879161906,-9.960904720256847,1.704833362732473,1.4404465075503428,470.1440565721426,0.13017193108890446,0.09261946570695359
87658,-3.9559810112674967,-8.548329079113827,1.1325635609320102,0.9149652033518066,467.8291969401554,0.44941806809596496,0.09262092170497743
87659,-5.638804072676074,-8.746636034387258,0.5257901491230129,1.0856675066435955,467.2296773412124,0.5495349826240448,0.09263029459185872
87660,-4.449164274548913,-12.778426709372173,0.8375843121271992,0.852469164737025,468.0172646230037,0.32397524266784483,0.0926359458971232
87661,-2.6979080775290667,-8.731988831606314,1.6579910334496262,2.7136777960795633,475.9606427074554,1.7639403686502524,0.09265918114616445
87662,-5.12797402537804,-8.099796302165025,3.4830246773119207,1.644661335203266,358.8682019234028,1.3056437835356105,0.09269781895425475
87663,-8.128370918093866,-6.115500780036619,3.8306033698126205,1.880113655031514,459.8181943760869,0.041037479315601644,0.09270994764132227
87664,-5.493973882408627,-8.063564823839428,3.7036832068333005,1.3202688252975174,317.54536588954926,1.374845556949512,0.09271661339598977
87665,-6.391557690903711,-7.773563758624999,4.14132791717221,2.5542442615763257,462.72879815486755,2.1932205340854862,0.0927476788341889
87666,-6.558895719313991,-7.705457498068323,4.227327598611493,3.5612752204379463,523.6276320799079,0.37946819127606357,0.09277807947344092
87667,-3.8337878315422556,-8.582364910614775,1.0351285691559924,0.8733026453721084,468.3707911764373,0.9159678305921526,0.0927865083757042
87668,-6.9506325628278125,-7.0044495195316125,3.5244032801914496,1.6703067007214434,470.26318763547624,0.1553574817059049,0.09279185850327104
87669,-4.0009613868698395,-8.151971800027656,2.874895064104873,0.8816749969685672,223.72003278448545,0.813065032333518,0.09279589352761405
87670,-3.5382322356254328,-9.885125676783359,1.7992265831365089,5.689005299685458,656.0209031607802,0.5462925080077001,0.09279669498016614
87671,-5.300142430730078,-8.204974161145401,3.728266803994764,1.4349144161534606,168.5292089412557,0.22000662010102623,0.09280911924480588
87672,-2.723091752500645,-8.944937701124406,2.9562982302640837,1.3473620666373451,206.50015986129526,0.12714394207717294,0.09281550452171636
87673,-8.432273710843527,-6.125105809186201,3.246240468972658,0.8780255332239725,469.9110327379956,0.057083808549518444,0.09282241960758282
87674,-3.27102572950829,-8.29819651868042,1.8766323456437648,0.7503843072732764,208.6693139567575,0.8397992995091332,0.092834653912817
87675,-6.890679635388085,-7.8761187469912075,4.372686445676255,0.7248526858633761,133.55699856327885,0.2915967826433272,0.09284131042440719
87676,-7.373776655788024,-5.764854757360752,2.725915031341227,1.5415035518881506,468.11891067070246,0.5179799593737515,0.09284259986022261
87677,-7.529133773640597,-5.050307390377852,3.1323656218006937,1.463315417022178,333.9169064717764,0.4273061558995481,0.09284453086503941
87678,-3.6267182707979497,-10.679711279357234,1.2584531018536156,2.4057314002038686,445.3955016970235,1.4949841329430162,0.09284988990950865
87679,-4.3225701174733855,-8.939366976030865,0.47980054425208485,1.0427260238112448,280.09001040677543,1.2328348843197192,0.09285129515270188
87680,-4.513304265234953,-10.743546808285666,0.038534875716405716,3.8714145296626787,501.7292715776113,0.17450435015577348,0.0928828076863985
87681,-8.379621751711158,-6.7908534791320525,3.3440461002705955,1.2171912008325696,255.74797311260386,0.40374345107650544,0.0928835740604919
87682,-7.502594036299907,-5.350517138295313,1.369732618608002,1.8987180299418533,467.542487690735,0.2788247277891438,0.0928902668374469
87683,-4.488824956318769,-12.670358046797235,0.8434456058194413,1.2330396328499467,274.4676215747016,0.3212210578545518,0.0928903425891747
87684,-4.27875399808369,-9.315036447997192,2.757286098806741,1.7341315157380395,456.91870263628795,0.24265023193178425,0.09292978432861068
87685,-2.956747039446367,-8.444072057657234,3.1107935595403085,0.8437264942635522,214.70298939004672,0.14849668784930614,0.09293421658300592
87686,-3.8221361524055357,-8.96158496875535,3.1555407177599655,0.863119075832092,193.7548599239047,0.09998394959760493,0.09293781107932651
87687,-4.557422411356828,-8.268680001257817,1.7956118295235193,2.3674972591882173,443.4414214409522,1.834759050805154,0.09294381763864185
87688,-5.0534329263918405,-11.660120777573782,0.9644922457104192,0.48405218038355186,128.15409030260562,0.7784329253790565,0.09296354603959825
87689,-3.8442791720035405,-8.964862219546838,3.1528161948402866,1.973794384695034,402.69459194542253,2.1789409603460532,0.09296847867818953
87690,-6.618314980135555,-12.223396267971705,0.5234428638075782,1.0898398423746636,217.41896056196344,1.0718106419731113,0.09296957267212569
87691,-6.8833269034744315,-7.35611640340917,4.163857358027664,0.9409885510478931,178.77567855253386,0.11809471500120328,0.0929702959699198
87692,-6.774912649983308,-7.7483131924301425,4.364193183950626,0.9709204119124564,203.1432174607895,0.3571039603549613,0.0929977774803011
87693,-6.319164894585847,-12.145579240811356,0.2520113384277719,0.9088579718965525,249.4796457669189,1.3815133196704634,0.09301437119577088
87694,-6.642376555528832,-9.092618211661993,3.236779740932813,4.321697562936332,561.0333095575338,0.20585733236667636,0.09301879483484753
87695,-4.985306070342515,-9.2713620174738,2.878321151604076,0.753289877424889,152.30406218277838,1.0549733728621717,0.09302991027415997
87696,-3.004568148371857,-11.23397751699367,1.1112648140286858,16.0690678567447,446.7497274513419,0.19310968169395437,0.09303161098579013
87697,-6.666007999401264,-11.597217109756434,0.6314228425454628,1.8268440165741657,437.28882329141635,0.5427885967512038,0.09308880472010506
87698,-7.539345977063709,-5.167053724502692,0.8753484541277493,0.8344180503167519,219.09700973391983,0.8904402481952909,0.09311512930540253
87699,-5.5832153280939405,-12.329068435447146,0.8238202414814362,4.600984690787321,597.590225054715,0.4871799860691537,0.09313837386290251
87700,-2.8078608461996932,-10.283957072132107,1.5970258807643039,0.8679893256155691,170.84391472548867,0.3176592486587966,0.09315502994604505
87701,-7.289975755847354,-6.238963562866284,2.181182438240808,1.692292057935389,467.9029423118681,0.6296033262115293,0.09316825096403106
87702,-4.622899281844268,-8.67722487008346,3.462101530072656,1.1928689000250174,300.2562056223227,0.6906128577021482,0.09318772319097118
87703,-4.896011569922719,-8.412426777627505,1.3459940751376402,1.5482307918990785,367.2042680075986,0.4805954208130876,0.09318994160499385
87704,-3.8292968927366093,-9.031690721384292,3.0750534101623908,0.8686817446580211,470.29549735485875,0.02268786145800661,0.09321742947914825
87705,-7.783876445421502,-8.778165622864666,2.268660537602624,1.4674555287495157,337.45829315502993,0.5752852854353891,0.0932748948838878
87706,-6.665011392265209,-11.854463242448196,0.555950611492491,0.8314911064370542,225.58368186134473,1.2130860323612342,0.09328974345818612
87707,-5.381726669171491,-7.9611719835156585,3.180197181044835,1.2988104594602816,146.7019340413151,0.37065639932032735,0.09330992947534383
87708,-2.578071118532548,-10.165744506558939,2.30651959054616,0.8195115910202988,175.71845563441968,0.27893490530740195,0.09332506082418578
87709,-8.701320586830544,-6.8488599783257,1.0215361986098497,1.6936149964407123,363.5459881493505,1.2892076494292821,0.09332906198748027
87710,-8.658196361083071,-7.1200259426932355,0.973481290055132,0.9863863318600231,249.5441781225448,0.1351675454454755,0.09333626533770084
87711,-7.947587083815737,-5.412111866653201,3.8137997052735413,1.1472246991040198,284.3874322217912,0.592663341830943,0.09333687768815348
87712,-6.300322318213677,-7.929531585791646,4.187519820613568,0.7701276235309451,191.3466516417363,0.31291559801820146,0.09334440301933361
87713,-7.7523166152151415,-5.842518930347658,3.9629874181031437,3.8963658926659805,551.8019044449717,0.3916661460775144,0.09335263610368742
87714,-6.990001424523987,-10.361845413719909,1.1583138760190756,1.6333405375876493,468.88492291833245,0.4991833952639224,0.0933576654602643
87715,-6.376296211467769,-8.587418959317011,0.4949469247934145,1.1734000056164233,257.19045119342053,0.07167091595767161,0.09337137780522464
87716,-5.849605538882619,-7.8190228369650026,3.368347934666573,1.0964354272350227,284.04823846803964,1.6886371603447614,0.0933870998958589
87717,-8.719959852378414,-5.02067898838957,1.8405347212030398,1.6329345278790537,378.2112086107633,0.5608911992919516,0.09341037663608333
87718,-6.80025507971994,-11.329785950996149,0.60555429626201,1.055449106403975,215.95652955291936,0.8887392813440291,0.09341800968575187
87719,-3.765917007228568,-8.161486909742731,2.583051057879814,1.1034340098797124,285.24660577566436,1.5447784975649617,0.09341876119631659
87720,-5.068075833665971,-8.11039033596496,2.157263617860073,1.1094496792003017,321.81333492516825,0.8846058365036971,0.09345297285160344
87721,-3.744123825545172,-9.792203683745957,1.9400645817554678,1.6021992135680692,375.17356441471543,0.4950843864578127,0.09345453704163001
87722,-3.546857660141507,-8.928517205392493,3.1742334553786717,2.087646721289049,405.75425949923266,0.7480342689916997,0.09345779965095483
87723,-2.4375103304865773,-10.720609218326906,0.9557169249087323,0.8840417152127411,236.5937297505694,1.3304861487500048,0.09345823767094821
87724,-6.225196873585693,-7.923413091668663,1.711127448131431,1.3253279649902772,325.4524603439191,0.3369052887178201,0.0934606155118043
87725,-5.695119821184276,-7.901280169120422,2.522284313218381,1.0022314004471904,467.7322906426574,0.5874665173917757,0.09346928451251642
87726,-6.91687823451163,-7.213689170069415,2.0021432102457544,1.0606062314563975,276.1439569109889,1.3910220302891307,0.09351334884560035
87727,-7.44471991575818,-6.117869601323485,3.723972089110241,2.386656863168232,447.1320803812029,2.390608007313884,0.09351614131688353
87728,-4.350254239543121,-9.946288221325918,1.7291438360819171,0.7926890672977517,188.88930315718784,0.6513044299750925,0.0935163196588264
87729,-6.929496211846287,-10.949750216158169,0.421948905873487,1.4907682555627972,150.33314207691274,0.38909491891026704,0.09351988697936038
87730,-6.110470617826445,-9.52921340499293,2.6744931124696647,1.0404312771090234,266.41634346631844,1.2871982538963653,0.09353428143175106
87731,-4.338289913556591,-12.801192738872302,0.8362585956008793,1.2276148285689228,305.7379111839624,0.23007551244878055,0.09356270252984353
87732,-3.2935877807839784,-8.921565328058175,0.5442155534081159,1.2566118257023755,314.61042258186916,0.4804239144115492,0.09356469101116185
87733,-7.414551875679338,-6.4792969307983705,4.020864677916497,9.891546309926289,500.42157105119026,0.10986310004917055,0.09357599931215954
87734,-6.624130711507606,-12.396944045658321,0.475661070811233,1.8159725608909663,468.3261952076784,0.46154849074093995,0.09361331504335162
87735,-4.819766251131287,-8.17574140381042,3.458469143643417,1.6975985369883082,469.1199400730886,0.6285266998539623,0.09363934630551626
87736,-3.569626971754274,-8.334134601613634,3.389729737476353,1.8699823207657618,389.5997940749012,1.7716604651163657,0.09364779632005818
87737,-5.804187196243856,-8.663059269048535,3.713342443533925,1.8813759234430765,467.2943875371236,0.1216436716558924,0.09364978096532037
87738,-6.070811753843456,-12.529765076557595,0.7188373070630774,0.9772213743987986,466.5743504697839,0.6922760794221317,0.09365366011964497
87739,-3.5484565361529077,-9.446624051133973,2.553460063857229,1.247160750930991,279.9070658851949,0.246739566466311,0.0936581801560333
87740,-5.955143768183605,-10.92567404683432,1.1327530572229716,1.300227444245107,307.34786337276086,0.3584891947416535,0.09366632030094424
87741,-4.87468849728705,-8.558599819802495,3.5756981411361846,1.1991757739956308,300.1697216999032,1.0315155982618869,0.0936719797071982
87742,-7.121560930901149,-6.903489985889006,1.850588346703988,1.3495970697193547,295.7061735807154,0.5237978340589855,0.09367485586751712
87743,-3.1154590254403214,-12.62373670102028,0.8834025612128351,1.7072707726702185,402.83910515496314,0.5004976699168138,0.09370804693687701
87744,-5.990812112774454,-7.928736995155374,1.9672342851752527,1.1285780298314856,176.85134502780835,0.16735433068359296,0.09372536989249149
87745,-6.61063360404853,-9.34555196119946,2.889585759131448,1.8730240146348802,388.7843905749236,1.5983864217446468,0.0937307765441729
87746,-7.895717256965574,-5.928752287677123,0.37667185871533526,1.1839099198009646,467.65823631056486,0.32694808277015586,0.09373360522459936
87747,-3.4342125980510616,-11.464145652658742,1.0193980057924248,1.8476185677803505,450.9729996736469,0.8377007969146835,0.0937354248257198
87748,-7.108123548189768,-8.49565904537053,0.4134911462904342,0.7980031835039253,470.2461196854444,0.15280251465142047,0.09374882524018367
87749,-7.495110524106325,-5.453871945311592,1.2533360559554483,1.835467566636376,468.7717431128386,0.9074562013716783,0.09375906384543285
87750,-7.145233034651124,-7.088143462548419,4.19805409717484,1.808533642518428,467.7744029806976,0.6486843797500965,0.09376745434312765
87751,-7.610488984341833,-7.453575356984792,4.2371020833430775,0.6139395144006168,120.03670583987729,0.07829152266340778,0.09376941047796516
87752,-6.197151363849104,-11.608318604159162,0.857497602124158,12.321123911690371,569.2743237877804,0.05360590512954566,0.09380668951278279
87753,-7.352380697174729,-6.648504904951812,1.1384953090544958,0.9901300064468175,197.7285384387091,0.9244182265920946,0.09381088508585732
87754,-7.472903011523907,-5.683711578427709,3.3575093344060076,0.931614702209343,463.11028200603016,0.28481317714491006,0.09381393602676358
87755,-6.746974449838957,-11.568974590527898,0.39394428827860983,2.755276343297369,479.67178099408727,1.8181423265678403,0.09381448922806877
87756,-8.49067735641113,-5.190738478172668,2.962574270131382,1.4806733451065408,321.7988931098884,0.44860765898879507,0.09381553787922955
87757,-5.653329867243934,-8.625249251306567,3.701942396262224,1.587573328183353,445.1595972521841,0.2528848279885185,0.09382997977283798
87758,-7.159353680495806,-7.3724225148869795,4.385738065113236,1.8287749299289915,468.1322450512367,0.24853185180943793,0.09383023677846943
87759,-7.299100428155894,-6.670909462982868,1.4693786999825296,0.9622758060823252,251.24763144595113,0.9097888502481597,0.09384197590270854
87760,-3.199075547476485,-9.40163440183472,2.6301143856992506,1.0676724639816462,286.1425706727411,0.9904804002229852,0.09384216746483527
87761,-7.189087778106464,-8.909203899823464,0.3662638711679895,1.1388760810896514,131.53389813450562,0.3597928700599411,0.09384399074299568
87762,-2.5906868306142243,-9.178489522603456,1.4033189828850983,1.6627394630330101,468.821834415948,0.3286851259412078,0.09384592256979618
87763,-6.547873485462793,-11.101647889802052,0.2784032191215841,1.402846485302156,326.855044035291,1.023805695818936,0.09385844247997888
87764,-3.028608343624132,-8.627629180855491,1.1098660639906555,0.900151777773316,468.12690151435055,0.8017026898412878,0.09388465214348568
87765,-3.5117079333924046,-9.913288923318632,1.751560283205643,1.7981539534342708,429.5768335330888,0.9240564755812315,0.09388865846249615
87766,-3.982499010695525,-8.306815420221314,3.380180791927243,1.4892803382738502,336.9217883076163,0.1200161784578837,0.09390407547570895
87767,-4.485291377537932,-8.380259618188324,3.5309130099589394,1.7213644000006891,401.23821482960625,0.14059087512869173,0.09392120252277643
87768,-6.394793315579842,-10.799705929330965,1.1235551419576728,1.0312166283812563,249.11297915989664,1.1210973562853344,0.09392977926692236
87769,-4.360367387953206,-11.601886026145575,0.9846460854140261,2.463064257531082,440.75560528961154,0.7597066009904712,0.09393029796235046
87770,-5.145141586307202,-12.722377831718164,0.8139064263489868,1.828030812126821,467.4956393511037,0.7847330589789117,0.09393935663563714
87771,-6.948089801207201,-6.958303014283809,2.915338203385242,1.8452077126377642,469.7338825020647,0.11381559668788821,0.09396097209043583
87772,-7.725320874799794,-7.13967984453672,4.267433410882568,1.164115648919122,278.1260407261278,0.4575791609562936,0.09397198115255416
87773,-7.178496772522177,-10.247113532570143,1.10018957771947,3.511774397773332,536.3049081986017,1.0872528207820435,0.09397711690094414
87774,-3.6812440165598233,-9.553639506488866,2.373714869655106,0.8708647080185389,467.52676509122347,0.6810705865052693,0.09397959271150118
87775,-6.758880383657754,-11.512720437918018,0.40530944423408916,0.8943160030117655,467.5501570000024,0.5752126743337076,0.09398005326893129
87776,-2.793845660001889,-10.222749421803165,1.653533133697261,1.9032764566434328,349.9990404324548,0.1426802671078704,0.09401019245879914
87777,-3.2108394508984563,-8.530254684488163,1.2930631985176118,0.7396693799252929,162.47596507478676,0.11392924323355214,0.09402240990299007
87778,-8.22580270364779,-5.020861403129691,3.480544352630579,0.500653464207998,114.72052626906057,0.5981197280265862,0.09402512788157293
87779,-7.9266536944703585,-8.044702984538294,3.144883329785161,1.7838606110253223,468.00946716250667,0.2780465153896543,0.09404340897691514
87780,-4.835323286293972,-8.792791925612937,3.3944896362330947,2.191364595660221,423.4702431772104,1.4921016196330088,0.09404851094665981
87781,-2.662783030344464,-8.869914808504092,1.4614103944748928,0.8174649646718017,157.12074087766138,0.23029313983829702,0.09405678735693829
87782,-4.402012849177893,-8.473468211693213,3.518634371670992,1.3220098439651258,316.17162081493194,1.036703601510669,0.09405788314117033
87783,-8.191029212823143,-6.047102889767486,3.717927463328046,0.8526610998551026,468.6901329849175,0.4588917876622238,0.09406471190190474
87784,-4.207518643045828,-8.147494227906375,3.011892967056734,1.281112846141664,300.09032986125374,0.1558808407359198,0.09406527266755613
87785,-5.789177085784959,-8.483603560875508,0.8186928117916711,1.9142247123474134,468.71938440593163,0.5656150669790767,0.09407320758864596
87786,-5.510585853156248,-9.692867150064814,2.3311329697384053,4.128562314428255,535.4080667820288,0.21248691821152565,0.09407471225717974
87787,-5.990944529332807,-8.350088888724065,4.000908031753763,0.6996680529038649,468.5451019213191,0.36851976341811454,0.09408498261791473
87788,-5.592666124863772,-12.780052811307728,0.7763860667775506,1.8161618245857498,378.0994662112359,1.2253982475110874,0.09408744306671357
87789,-3.062260544192913,-8.434419485991972,3.356660455500254,1.7930934116157466,379.49401116018555,1.7350036189831544,0.09410468436081029
87790,-7.993473588222539,-5.411219719875502,3.7762833467337877,3.1042605103665424,501.17391984550324,0.8348081281878379,0.09412436137979491
87791,-2.4715988771114024,-11.041539247549427,0.6290092523089625,1.568883547224536,369.6532847494862,0.5362252382298918,0.09412508135760765
87792,-5.344995526390194,-7.981118040016278,2.6635440439907754,1.747905872092912,373.6229973797233,0.9045189954613235,0.09413371699446317
87793,-5.143193871937197,-9.531755504155202,0.13751613778705613,0.9737549954921219,467.5296684120288,0.35008833967315667,0.09416671733172073
87794,-7.413196219242696,-5.528880814956295,2.1704024634610586,1.244774819179021,468.8073636139567,0.2902089153189884,0.09417175894653315
87795,-6.455046498217172,-10.952945497238051,1.043111678169335,1.2190049866689894,468.2016449932256,0.3082065100227238,0.09418943308916655
87796,-3.941747835427252,-8.372260740234308,3.4298901360493126,1.2988734920002343,280.97852970635336,0.4247880530733168,0.09419137945344813
87797,-7.256541940413905,-6.75913790469375,3.9944795413553504,0.7510157658627922,153.5879550656334,0.6453185682593103,0.09420530733038607
87798,-6.10071684378066,-8.159524069031498,1.286861529179449,0.9594650204068227,346.6145149607765,0.5369169649365855,0.09421420917027803
87799,-4.341283180791534,-8.16803717401016,2.334590382135809,1.0010336107214153,458.58303930272615,0.6061422801994922,0.09421935208428818
87800,-3.170764624645993,-11.957476904716872,0.9413393615208256,0.9244029719477985,140.0538780684087,0.3100101358419769,0.0942482288226186
87801,-5.986381809708948,-8.749378340522185,3.6603619009197805,1.6327685586756386,467.9198482242927,0.42981850667573784,0.09425191703002768
87802,-6.839386152470736,-7.445998668709933,4.20447355573332,1.802399854395334,373.1381013888091,0.879205390120525,0.09425723313306611
87803,-5.310427749888346,-11.582308562995062,0.9671418253172763,0.989050426188233,260.1152992005879,0.24086589220704546,0.09429303602412997
87804,-6.527459287142163,-11.200365234373432,0.8991084114097753,1.70093055698916,397.44025751847994,0.04793024440413163,0.09429549130408908
87805,-5.937262732294827,-11.652919910969008,0.13184492288154712,0.5451542951413759,158.44505139733928,0.6823317146991785,0.09429756686187356
87806,-5.178124597979509,-8.13404012958159,3.5706854156518117,0.9552457391773072,468.0818679663383,0.6044988787533372,0.0942979381251615
87807,-7.500142354420495,-8.160608722321708,3.7181101057685866,0.7550182654089735,158.30734188485093,1.071303001432394,0.0943072064669266
87808,-5.561377470391476,-7.9388605277688935,2.559631744712641,1.3481142609215253,315.1246855027482,0.18089865966314722,0.0943209848055683
87809,-4.412856691665174,-8.51484856245633,3.5096317169698863,0.8572752391850345,243.07300817487516,1.0403357499737984,0.0943224992305481
87810,-3.6201784382993747,-9.507702881365432,2.4419501300702016,1.8163462096963818,431.81106327991426,0.5161553490822248,0.09432646329173096
87811,-6.555228390461316,-12.968048795276854,0.4528277594391011,0.8057674699514679,161.27679824448566,0.9546195330671567,0.09433056412537968
87812,-3.538501061806013,-8.71433419582871,3.3445879761965998,1.8129687685279738,434.4815045052884,0.9155685292008915,0.09434601265370834
87813,-6.78782727634697,-9.288928066094277,2.8925470181826127,2.967479153920285,420.2533754478461,0.1243099218218271,0.09435604838194823
87814,-6.2210404395247245,-7.83441062271382,4.031548543343278,1.230662619962763,297.1530772955531,1.2559123258709581,0.0943611020564262
87815,-5.940992985371885,-9.895706216522225,1.9241892023622384,1.5998979958649735,371.59456414370646,0.05692105631559752,0.09437099520265901
87816,-6.421282940753396,-10.422692481621997,1.3097768226404616,1.0012017885360098,468.0129161165805,0.3738582423455208,0.09439934521350864
87817,-2.7981778144614005,-10.218605305886003,1.6511477152004832,1.0363905494431331,200.22204698034926,0.07711730282529494,0.09440067073566275
87818,-3.3690426868500563,-9.625407357978325,0.12596782051125902,1.6419206178911858,186.43014954409927,0.21305911050319448,0.09441089187174057
87819,-7.462556579883688,-6.131646311436545,3.770501586422024,1.6766721268206106,468.16645409611715,0.21549562979283632,0.09441770441121071
87820,-2.906144699448352,-9.51632695979211,2.7115105673158553,1.8333468823212138,440.0819409771358,0.016577645800732732,0.09443520698745678
87821,-6.940103612543416,-7.859882857779079,0.8986362170631282,1.2800526219497455,468.07814660101616,0.7897566951006576,0.09443773014178089
87822,-6.081050629136458,-11.41004139863616,0.9475779454006538,1.4308485522669714,331.2675235148068,0.8271623127443481,0.09444871124230506
87823,-6.571909438464803,-12.696024407173677,0.3976289050312344,2.8783748871316157,475.38838866149104,0.5819855430874741,0.09445781589224339
87824,-2.601096104088577,-10.530075917704252,0.26044992668566275,1.0872312011492766,281.78052339258153,1.5680012970657708,0.09448849497188712
87825,-2.4372764957912096,-10.615120161811724,1.1152345013068263,1.6490749949471792,357.79929566717203,1.3276043497893069,0.09449533457610852
87826,-5.736252214252909,-11.47908648412879,0.9680499157190601,1.0593728882451998,468.07927453070903,0.8375403571597069,0.0944993718702592
87827,-7.923647390922142,-6.543302232736193,4.131457927910331,0.9174943425503085,260.5839454591793,1.573004597231967,0.09450525957711012
87828,-7.156800797823384,-7.116038313471192,1.4185077922122051,1.3446461120534328,327.27689376939344,0.4980108356125674,0.09451228772948421
87829,-3.124307734347176,-11.340665550611334,1.0639947997954953,0.9491214276959559,256.64819240000145,0.7317086301857936,0.09454609139053861
87830,-2.463524962558238,-12.023501118199382,1.7348835938939149,1.0445199989159972,219.6036578175794,0.3205939831678064,0.09454971325313966
87831,-5.580303194969055,-12.710788379858005,0.7803198408200173,1.196214647483112,304.1430605238165,0.9352071497745511,0.09456133777131416
87832,-4.544811354018904,-11.550860422656731,0.9907049257034795,1.116371592752007,467.42652619186805,0.757500480923591,0.09456349172447802
87833,-3.2074904177927923,-11.68190014435407,0.9808067184306805,1.8297820175250523,457.6952613729792,0.5138195318913823,0.09461173305317593
87834,-7.645898741190319,-5.11512445554015,3.5235476097948326,1.2088207735571048,234.9595307789565,0.08333284395530693,0.09462064992751985
87835,-7.3948205358692665,-5.647416501526347,2.2797571454132943,1.251214645121148,267.8367117717406,0.3305156034156278,0.09462753179831294
87836,-7.444513293811104,-8.31437201321003,3.597002856811635,1.8098949335662913,432.32205487001346,0.5582181190601103,0.09463061370617604
87837,-6.70489078317833,-9.728832310524346,2.243910684083899,0.9114151886038279,238.80134093004114,1.2014574094299757,0.09463524420184485
87838,-3.7901438216116627,-8.929649116453014,0.5138542290237699,1.1518074081496181,468.1506964125914,0.29952673472290225,0.09464087658742729
87839,-5.8557047023409865,-9.99234988689107,0.09742182160809172,1.5859473559135597,356.42565745487065,1.2808100252911707,0.09465166673448015
87840,-6.964549556770363,-9.28658470821446,2.771243949638822,0.9089384055329262,256.45794940100876,0.48289932383643563,0.09466583456915889
87841,-5.197838433418157,-8.031532944837885,2.5283803282203623,1.8797209710860467,452.2586658233792,0.2691170779409715,0.09469039612763931
87842,-8.331092287044676,-5.414560560611129,3.3464277730204555,0.5484279811662635,125.01400517696942,0.14323133552167544,0.09470645976431392
87843,-4.657996412016959,-8.458325010551977,1.3034595532204032,1.73770793315161,468.73952601182924,0.8539407241128378,0.09470781532100195
87844,-6.5122252908376055,-7.464620631803566,2.725507477578671,1.3841284806092986,326.1190955151681,0.20935334708255215,0.09471349516760835
87845,-5.232481284999253,-12.695525421110656,0.8067493046096069,1.0563145384269876,467.00767648838377,0.6035086853411133,0.09474199757538565
87846,-8.034598511386442,-5.556334319795756,3.785243059546001,1.459717075027736,332.8626797461246,0.4356037103264816,0.09474498679821011
87847,-6.229985669564298,-7.647584173964366,3.4913756743049795,2.425357454734829,441.75599710955,0.9602558827070231,0.09476058682469193
87848,-4.737248095352495,-10.840884949474733,0.04578942786440755,1.2509665955882112,305.4499282933957,0.6581705164708351,0.09480074559895547
87849,-5.190013554067157,-9.743217879555425,2.144497944826075,0.7471881295109196,402.3504144033244,0.29822830432413827,0.09480893599235343
87850,-3.5386996796170873,-8.180521237734968,2.8906204576775947,1.1069422198593546,467.9512691405366,0.8180907713230949,0.09483372819231128
87851,-5.698740328535156,-8.556556212779853,3.7674504311007135,1.796962486333902,428.5895136160554,0.4393238802150963,0.09483803500986986
87852,-7.845505928731113,-8.203164698692131,3.0759204790625554,2.0968390137357718,414.76532675633143,1.6846830808399753,0.09485625615175391
87853,-4.528393851445093,-9.947077795770632,1.723259524836907,1.4951110471385705,251.99249748015126,0.022291920964478074,0.09487679226627024
87854,-5.390714795011102,-8.585479777191043,3.6530151598160088,1.3214691796805325,295.89274518668066,0.9330389258787273,0.09488695256317842
87855,-4.1203126262177046,-8.156403439282684,2.8116478735007258,1.854480281604295,377.4106462286909,0.8586917341217406,0.09489345195919918
87856,-6.541026405898499,-9.392362124078437,2.832149539702584,1.6013558918562072,449.96432385183095,0.7731751068283872,0.09490031425784497
87857,-6.492690111193189,-8.20367889217999,0.8608464744408446,1.9074572885176742,381.8182702299478,0.8516526033893514,0.09490372482075278
87858,-7.494979165350454,-5.13046557230347,2.971390434010787,1.1348786174980217,293.4215132681376,1.106610106762484,0.0949249293374867
87859,-7.6663007095420586,-5.029638060733266,3.5114851115986614,0.5238937173190977,135.58519609709688,0.6895601357465351,0.09493740334756093
87860,-7.00877410339036,-7.9588265618256,4.296041987673107,1.6859316180034085,468.3955064677125,0.5426827131752949,0.0949437440043215
87861,-4.080607208495897,-11.92328941232057,0.9232150311996824,1.0978128866285453,443.86967356296304,0.028677459237665737,0.09497394668407899
87862,-2.717954816925669,-8.719386028076679,2.360413834134893,1.0337207611254462,271.23304927895725,0.37119674218330445,0.09500046055976466
87863,-8.463864560574986,-7.15666809073277,2.865398474811261,7.832438645503435,349.18718815970374,0.28681309622842743,0.09500894977118242
87864,-2.8804087401697682,-10.397744857050828,0.07555492152747052,0.8513800700646408,245.00767570580317,0.6909401976209208,0.09501655157259624
87865,-4.631774385534183,-8.952631731247056,3.20375580038921,24.39835623109658,677.4767965465311,0.014133463603792862,0.09505794895391212
87866,-7.304955788499857,-6.39207286716734,1.7858240764882127,1.4186426745083565,341.5746022923081,0.4894177623984941,0.09509585223617832
87867,-5.834635824695702,-8.867062548583643,0.39282844508473963,1.2159041025203372,203.29435627816503,0.37510626882657583,0.09513452879010752
87868,-7.523135570680682,-5.022052935814394,1.2604182488133884,0.9838587750742888,258.9353319188165,1.0860734110861783,0.09514087988421704
87869,-3.359126775051956,-10.993142354976836,1.1401314080188116,1.076161939041005,283.25315974632787,1.1380042803751609,0.0951427280689381
87870,-2.897937785755805,-9.295302821036426,3.0081050899139803,1.8248354138764773,469.8260793159862,0.0003687678182426879,0.09515156302869437
87871,-4.9713594847167775,-8.334076717299062,3.6165300840384607,0.97569235502988,250.49820219470257,1.5393102235087133,0.09517672538505437
87872,-2.4413596476802315,-11.037692268338073,1.6790815108481607,0.6433384546671406,133.92232311694826,0.25847817480349544,0.09519373932201625
87873,-2.8158496308966576,-9.552597875054373,2.793447116312959,1.1750164991068461,244.05221939553334,0.026712825590999856,0.09519516800186101
87874,-6.957854167193629,-8.53996694246114,0.4063235173664519,1.8692211969427495,448.09202332767063,0.6291448844247283,0.09520032423577622
87875,-4.828655516192436,-8.943151896349885,3.235953416884148,0.8546733870498415,453.0881956874538,0.3418613785266169,0.0952320681070373
87876,-5.215113383912121,-9.612041988534557,2.404656846181874,1.0820084331308686,280.88680660553814,1.4036055282406688,0.09523896223544275
87877,-8.157661492974562,-6.8521853020497785,3.7840232679073194,0.9749007715229392,257.7400567797235,1.2897794339762276,0.09524112482879737
87878,-5.758093987590205,-11.177018348499404,1.0494309641902628,1.1017081467307788,284.39814287506266,1.5658878963315095,0.09524635130315731
87879,-6.196929418212534,-12.383948522861044,0.6943264917637166,1.1583920308119793,281.60996073131605,0.8644972201798256,0.09524807677955292
87880,-7.080241429898216,-7.108874185654459,1.696757124142306,1.2913448239892975,470.25687027946174,0.08950724500232976,0.0952500529689346
87881,-5.883941537823494,-11.603931610924144,0.12706754766698314,1.5753433661098986,467.78463568474626,0.5514085850062349,0.09531453657107196
87882,-8.48931230760892,-7.230843492985917,2.694458165834577,1.0759997715347187,468.086633497121,0.7230920647419259,0.09532163708420749
87883,-2.9919501195401885,-9.746857289038312,2.0969924309222083,1.8177338250298614,434.4609669177174,0.14776532041994894,0.09532777402244953
87884,-7.494074383437967,-5.486271413082781,1.2138519774810457,0.7222885600265779,219.83255563931652,1.1973237793633702,0.09534935133008035
87885,-3.1938804784205646,-12.282492896335736,0.8961798182791979,0.7279437923838393,188.40213098396995,0.944921872476125,0.09536233257059663
87886,-2.682790622924614,-10.168629785321995,1.8817587282251447,2.188063670049653,342.4663126877271,0.06845490117090236,0.09538625776447593
87887,-7.463364960652283,-5.042062881108414,2.37060576144247,1.2454661942606413,308.4703741136494,1.0452282643447806,0.09540458656553091
87888,-3.4231452339714874,-9.5173540328204,2.415416881903787,1.4187717048934754,339.04272806583305,0.38173858229218194,0.09540810521169532
87889,-2.9297032408972603,-12.0433287408434,0.9573023860783652,1.1351339793116189,230.28639285123128,0.003360824302101939,0.09541882800101589
87890,-7.476015751959699,-5.769179436168596,1.140088145759878,1.0833927397842698,280.9160428468522,1.7555518313086749,0.09541913867320642
87891,-7.375451451599625,-6.119339067265879,3.4192161064194515,2.4815089725986232,453.94767039811626,1.5901901375070864,0.09541919658610566
87892,-4.5423911946015565,-9.609959262596142,2.3236055118992365,1.0677402777191631,467.9638584990714,0.285532786336419,0.09543257402961927
87893,-3.5216084708164805,-8.730449846225536,0.7797656008609349,7.758019151042121,723.0698145166136,0.30994215151702864,0.09543272691443391
87894,-7.818907087737333,-7.0814030875359615,4.187483735765511,2.08197146066413,407.3989505046009,1.0919048188906828,0.09543334643246035
87895,-2.8764087616012315,-8.446883495626455,2.5153552367469723,0.7411537819748127,189.54186064577448,0.30604436455972195,0.09544998187574731
87896,-5.3868781220002875,-7.981791329222587,3.2661893480892634,2.4709501066183903,447.7948193980354,0.9752758514761561,0.09545988517189631
87897,-6.405037017170579,-9.800628008820965,2.1832652817971576,1.1566036907572321,295.07924301956126,0.5274220192998902,0.09546415021758614
87898,-5.622469329481244,-7.987560015507431,2.241354864856736,1.1444435500283274,217.12925859430678,0.05215729538498426,0.09546624000012134
87899,-5.633512964842598,-10.240262233892082,1.488666213404211,1.5578740443689392,367.2588074573664,0.3385277142270846,0.0954667122527665
87900,-3.5015405406394144,-8.443044042113835,3.40329926655088,1.971125440582788,398.46778217211556,1.385093460292917,0.09547248200604778
87901,-8.715121590208026,-6.540426036355841,1.7431111595027735,0.8112264435483728,468.94583247014174,0.24300088303636258,0.09548526239271768
87902,-4.394734517309631,-12.215132877500668,0.04927746950187868,1.1547208578300416,467.4112115618506,0.48950663642524095,0.09549545447250145
87903,-5.795170421610456,-8.048382373766295,3.8760442253747938,0.7259230909676447,199.22530771166353,0.37312836295708074,0.09549861673408482
87904,-5.78609964146642,-9.551239120737192,2.5857285079108028,0.993757513161757,211.52952477649063,0.7505909219681604,0.09550609631637409
87905,-6.602106022431527,-7.622640659613081,1.8476074107255227,1.7003474335337398,399.4932084384112,0.03587502721683933,0.0955098799901633
87906,-4.531845016100124,-11.640557560685757,0.9674178670111279,1.5949863271751756,370.56445831062695,0.09438555480261179,0.09552856424641638
87907,-4.190881110455058,-9.25355060764614,0.25774109263939027,1.1179592300698333,295.8402671707352,0.8024447647558706,0.09553052862274847
87908,-2.7642220902478485,-9.396608287451214,3.0324456829795885,1.4473168317994203,323.4986549424889,0.8696131586999352,0.09553868347718596
87909,-5.991132102366416,-8.511640426199769,3.875993939940725,0.7224242477673198,185.40677231138233,0.8153470830122851,0.09554019557072428
87910,-7.327259874516114,-6.074118538096732,2.931119338280478,1.9092045338777626,468.4050783087284,0.6207776994401746,0.095549771618836
87911,-5.403253425110683,-9.501387563477568,2.6008827991111705,1.7144305770119626,459.6687372645599,0.6136758396319157,0.09556103202035449
87912,-3.5034532478237015,-9.584127110329462,2.2973927024527194,1.1988211113118614,191.8069916688379,0.004970177702984913,0.0955911767088075
87913,-6.57573830081259,-8.465790046485147,0.5475525631292403,2.6802337180900215,473.30658199253634,1.9012912025736002,0.095594234828327
87914,-8.759648499272853,-6.147828445504501,1.2499900310745409,10.630484201404938,426.99519430787177,0.21265635441891462,0.09559583790058003
87915,-8.333170040748834,-5.952015058493329,3.424501093916047,0.9505231707472633,468.5720244071754,0.6139948719090667,0.09559991645075472
87916,-7.358907098807771,-6.162135547219946,1.754979970970709,19.24877466909782,797.0083607457301,0.14438211870807205,0.09560153147120853
87917,-5.591908218890131,-10.309010864529228,1.442561845244686,2.3142066598694533,424.00601258163175,0.6984730790850087,0.09561120745802063
87918,-8.238318748122483,-8.511817508806597,1.0966989323004404,1.1039308799828604,264.57805463640324,0.4912478217635057,0.09561514292918259
87919,-7.234068025037299,-7.470203959576767,4.394690713111321,1.6039169420418975,447.79365073062576,0.6383310534503766,0.09562676923985952
87920,-5.510793741162817,-9.179238892837809,3.059721272644817,1.218183320236521,255.6187228569619,0.8765291902056953,0.0956376787169651
87921,-3.7947226143446215,-12.459947010255346,0.8552168742160893,1.0105063311861286,467.94609506482766,0.18748784539430474,0.0956436160731815
87922,-3.988781855998374,-8.393700141242446,3.424428426524004,1.8099650597156487,469.7128465930889,0.0630444438929123,0.0956523917827538
87923,-3.3703130680973095,-9.881422676899849,1.773828973491381,1.035758037843278,469.48599461303684,0.03843493383264107,0.0956607437486466
87924,-5.731732630974976,-9.602326737222574,2.499304205051445,2.421074596819585,450.3760534586469,2.3756037890929234,0.09566510150342293
87925,-5.260861759769698,-10.660598003994004,1.253163179450563,1.0833090527301508,467.47112988030733,0.7571461807678705,0.09566736083283171
87926,-5.397796683007113,-12.93096544328796,0.7798388674177285,1.2078421869488245,467.45926074706625,0.20425953867213398,0.09567480661409011
87927,-7.078753595208876,-8.599576807423585,0.3843908763606726,1.8526935828424496,467.85130505691956,0.48959339143010094,0.09570874304699145
87928,-2.723862638276354,-11.63702896124247,1.098901803532359,2.5277122451067906,447.1637727989877,0.7318388591403489,0.09572274492663903
87929,-8.526278268731794,-5.667283017312168,2.8910083108827234,1.6965527741393156,401.4505023968878,0.5879923868475059,0.09574067086040557
87930,-6.933688363124485,-8.504104313581848,3.8298581719487146,1.7505671607245266,415.4635485090463,0.44602575426785585,0.09577876986125881
87931,-6.249728303899712,-7.813380373797947,1.9723703057579898,1.8530268868251558,443.8507600238015,0.4254116142841564,0.0958373512922844
87932,-5.981389898678072,-9.632254890514972,2.4883453256867085,0.7756980637523062,152.11483273382504,0.3855909542396061,0.09584771386624973
87933,-5.347425988262385,-8.66931540587915,3.5696300829345016,2.040258498900729,404.31468334598736,1.2215131207643477,0.09586645990927467
87934,-7.201189241570152,-6.496221322588732,3.1193880974046593,0.9817541972031731,467.22819445146666,0.13070940793325914,0.095870803724485
87935,-3.5587061146374435,-12.961494547601987,0.8216881063611442,1.5648319191713465,369.20770865508564,0.5015183311926394,0.09587851715080839
87936,-6.287347069934355,-8.111071030053719,4.175446085085641,1.090271538415071,146.88549600114752,0.2545526046861335,0.09588407860757057
87937,-3.077513996954673,-8.255837964494388,2.738179693585323,0.8225873094581625,223.97806474448282,0.6446056119767514,0.09588466748144533
87938,-4.760576506908661,-8.909342299649193,3.256008521239116,0.9264440779377072,241.29548992561558,0.7296839177157466,0.09590144360377181
87939,-6.7505260474496005,-7.863133571920322,4.338002951254786,1.0322246605187786,219.9888035257233,0.26348426655061896,0.09591578930352418
87940,-7.077695080547674,-7.3766948082578,1.2429549261498343,0.9560343674983056,457.46162293607676,0.4500603297695376,0.09592517711464246
87941,-5.924004854861326,-12.556708338951026,0.7379648571761921,1.7661514442768012,469.91364491797736,0.13096996062542665,0.09593435772527159
87942,-7.030468316652545,-6.845169996016881,3.0743962786450605,2.452547809721177,224.44804529390808,0.3874099304993317,0.09593500837781813
87943,-3.9031322424181605,-8.180194461719793,3.0288749372345407,0.9086683189839994,468.7021746046459,0.8031679762052528,0.09594544988635903
87944,-2.47750728888086,-11.691264475262846,1.7784631080091198,1.2956536278290693,291.5531520218379,0.11887392908073036,0.09596086768406753
87945,-5.780689233388243,-9.303525628001502,2.936146880779207,1.6814073833393435,468.06661448557276,0.7119698069725038,0.09596343249033652
87946,-2.399989118715377,-12.698414838302197,0.970624873174781,1.161502647330298,298.55999735925525,1.6399950269434314,0.09597627569455268
87947,-4.279875332978136,-8.248468563962035,3.332252138454078,0.9684330039560716,468.3608491375117,0.748857627888194,0.09597956032306161
87948,-6.712758613859343,-9.735716167933617,2.2075415853635234,1.8659243057993715,447.93969833453804,0.38013032279462067,0.09599087048735794
87949,-6.6143623818076875,-7.971356124946002,1.1012100948646735,1.4352053392353399,332.46532223427283,0.5210830099831449,0.09600621626182392
87950,-5.491471594971549,-11.45995908164074,0.9820608036351768,2.421721630995684,450.28934091828313,2.2175989545436794,0.09603829609386812
87951,-5.305333872598993,-9.569522165643379,2.480806293438522,5.527764690077783,612.946548044801,0.19324729749960934,0.09606358969714383
87952,-5.084543100978426,-8.683254088258796,0.7287636200186953,1.1015710516996076,465.0518388298497,0.9099329129195706,0.0960694828165011
87953,-4.678761486283367,-9.163460050083911,2.961099430088472,1.1816294079059348,153.6123862451496,0.2515314668018407,0.09607969813705208
87954,-8.293844501138732,-5.63560379675404,3.4423544442010385,1.3452428212939451,293.86783680942955,0.01186955297178205,0.09609555090319104
87955,-5.267575724769121,-8.900308333874847,3.331583641758246,0.9538939693347038,264.7806897083496,0.7984960899965667,0.09610006810584619
87956,-4.968922465122726,-8.985755776893107,3.202652027433925,4.451332700008179,596.032205396433,0.9055433270451436,0.09610806608303749
87957,-2.9797834180194585,-12.453004653846692,0.04419311221846043,2.8274945142745223,474.6140550486941,0.5501545930402969,0.09611411402805084
87958,-3.0277162827001547,-8.672408512450282,3.363147803984684,2.071769991418544,412.5816090341767,1.7443486768231393,0.0961150751168651
87959,-3.8410068308883893,-9.125876386256893,2.934789911282475,0.8881938964897254,304.24028921703456,0.6747633988437993,0.09612135409113452
87960,-7.448824920933227,-5.242186199116713,2.495869927590123,2.0233513962475924,394.0081149771321,0.29776504086171496,0.09616167138566216
87961,-5.86836618712672,-8.168419579099064,1.486270736031185,1.593496651003154,350.8075668452974,1.3111176536252271,0.0961654813562442
87962,-8.381690702924452,-6.477326104297962,3.3621224145309667,0.9464339595997523,179.53573775455627,0.16343929813848757,0.0961857320782446
87963,-8.119733336225362,-7.64514101276469,3.254755078347874,1.8088432195668618,468.3833851801931,0.5301770837254933,0.09618961700131207
87964,-6.617696722519815,-8.595006429643046,0.4382547028666074,6.406567983266878,686.5289347617443,0.40042271199544555,0.09620750652724272
87965,-8.609822344336019,-6.082235906516917,2.634333338354342,1.3545892548302527,329.47451698736074,0.384304638392714,0.09621074385001342
87966,-2.6172257020361434,-10.4775864529898,1.8363000833479484,1.117228916713905,286.9310672066367,0.876348710385261,0.09621931309361177
87967,-6.568517904144921,-11.44711372322966,0.7289508328689595,0.7290276107477207,145.8354793850804,0.20437437018852478,0.09621981832541737
87968,-6.7698058531392835,-8.170094094246538,4.208782485481926,1.759210805447937,365.21973261986767,0.7252303927298636,0.09624070304494439
87969,-7.528707057870394,-6.5630557435259105,0.7241908909802489,1.0610245086375159,275.28840496179527,1.4752737268069547,0.09624166889830726
87970,-8.182553163248206,-5.260627528624879,3.5550678878332085,1.847036244918316,443.33358146754716,0.46629923539215934,0.09625926171241884
87971,-5.348981985891581,-10.741395615957375,1.2151866901860868,0.8440955530712545,467.6604071863149,0.4893464133538208,0.09627259396582455
87972,-4.84834092525274,-8.938633813607222,0.4577485082154677,0.9233753145078072,199.6977910695018,0.0019623625315698945,0.09628283213603969
87973,-6.437279013079381,-9.764465276267392,2.2481929342317666,0.6621631276174877,158.31300055871458,0.9693227552972674,0.09628296637429021
87974,-7.115330269760595,-7.3411356802817345,4.3259559158753715,1.7195418203886543,412.65354818180003,0.5582862220521694,0.09633819096770009
87975,-6.923642845104583,-9.812921457199868,1.7908736844414808,0.9930174232439752,468.07224079583625,0.6106391155714546,0.09634073126994153
87976,-7.477319549157593,-6.3335710075265945,0.8861227451175779,1.3174583311928634,180.73146060663868,0.4287086722758424,0.09634328972308494
87977,-6.616293811843009,-8.357580813075081,4.077051381255935,1.218412348098315,263.722120936864,1.0082309944996357,0.09634569133752043
87978,-4.031248956523644,-10.705124881728072,1.2365992006597368,1.8110278882307027,433.451996972086,0.9122154746842801,0.09635015560943327
87979,-7.179847829752044,-9.192883686268281,2.677594056592999,1.2386415606981236,262.124376688176,0.2329723137555284,0.09636349566513147
87980,-7.238185842280456,-7.658905069807735,4.350901719044405,1.542366043511474,144.80406363167594,0.33718116458847547,0.09636936528737028
87981,-4.750693823182779,-11.044878061479855,1.1173092767794195,1.3625558371073934,294.03359784553464,0.19307167907142997,0.09636954875605927
87982,-7.175843300068063,-6.918706457136352,4.008189490168595,2.0952084115743084,281.14928628011376,0.05649833763943679,0.09637731358784622
87983,-5.609434352956734,-9.676804022794222,2.33915672670979,1.6887888799044801,467.90874951607145,0.8095858356817542,0.0963878235602788
87984,-8.599591584917052,-5.682357606469235,0.6842699429864849,0.576689430893607,136.44312044811147,1.1299996626891629,0.09638905332598478
87985,-7.847234630567192,-5.731250534195687,0.3942179467102412,1.7046635021171113,404.1646007882954,0.9115601473738266,0.09638997325532526
87986,-4.218381708209682,-9.860147051510442,1.8114751451627016,1.8611648898051179,467.41465815585144,0.06589218449418333,0.0963945906672649
87987,-7.994203889731747,-6.229077108930151,0.3926598630098284,2.5559497051294984,454.94867409347466,0.8931689986844225,0.09639779725527224
87988,-8.767169041660187,-5.6445069465719735,1.285768400258922,0.9166796222251237,192.53147199054493,0.00035293537664049524,0.09640697445960121
87989,-7.602988143626322,-5.412967524897823,3.507225856204083,1.8725583059023236,468.42383486560203,0.6200648361525349,0.09641903704075261
87990,-3.681546114301307,-10.47060203337356,1.3388171102121118,1.8096309602963228,433.0497161252423,0.5761470279034864,0.09643605443859149
87991,-8.022155610278457,-7.575868077096708,3.5395191742110645,0.8670400900910792,467.2525134208269,0.7014888387383698,0.0964390080074722
87992,-4.469926334503171,-11.482394637874762,0.9998966925963544,1.1114267907770161,468.02858031794983,0.8430146218525403,0.09644022667621166
87993,-7.435019954275388,-9.989736564724602,0.7539837869785508,1.7367246213475582,467.8589309735264,0.8974456098255255,0.0964425587989545
87994,-5.161932845142377,-8.03208933350007,3.0754423296828697,1.3382192483726245,291.0488226793427,0.7679490322020799,0.09645213047810275
87995,-3.187742793616665,-9.688234283508587,2.1059152862756223,1.583274253181811,353.0383353935092,1.3161785490720765,0.09647274232291803
87996,-5.925157482687111,-8.891042683447353,0.36417941513036883,1.3924974335767586,313.26177488575024,0.1545524087101242,0.09648512805080263
87997,-5.233645844745843,-12.320828941712493,0.08126305892398224,0.9669859450867632,467.269135877476,0.8066536023506865,0.09649357868659277
87998,-5.427131381387923,-8.009178302729506,2.4080727282886056,1.735928329933501,422.9767233419559,0.5104982922368544,0.09649941025060917
87999,-2.8894501881359957,-8.548681660903789,1.5419095308931736,3.160014678253026,377.64033726390977,0.009691620896278508,0.09652693673548891
88000,-5.520385703575747,-9.386137605732475,2.778457584977809,0.484739530059417,148.09569068028833,0.38889841557746596,0.09652955766031
88001,-3.7145326173465856,-11.532878450456739,0.9890002747471077,1.0114555737087838,207.88946383135266,0.024187888799876767,0.09653980619867611
88002,-4.47337232180823,-8.142731713322602,2.9931546578117674,4.713959201225112,483.07782148312015,0.06335165546713029,0.09656330926324846
88003,-7.575904665413951,-6.622976976467219,0.639934205852795,0.782178808727884,403.81089329157305,0.18038523406387963,0.09659192194946697
88004,-4.790673185425122,-8.09832560392946,2.992192618955193,1.2928263320669873,300.4463761111539,0.64842635474717,0.09659776338238567
88005,-5.911300334660773,-11.96794033614378,0.8134456774068165,1.1065108517667364,231.7177343413428,0.17969896695937138,0.09661735499376124
88006,-4.231042862622433,-8.566487336656037,1.08647912061972,1.1449635219286496,468.3999145766319,0.5363099989227855,0.09663647827340281
88007,-3.511291875825701,-11.558121887547019,0.9833481258809637,1.1492558830647712,252.328945508882,0.31521345495899133,0.0966454428958829
88008,-7.03358399437211,-10.32031308887164,1.1473558348217054,1.1571766303400375,467.10607050040505,0.4708228606886413,0.09664836047158566
88009,-8.606540842085026,-6.647938435083459,2.6069507615475063,2.816432236355989,485.45831437797455,1.9679210798554339,0.09666155454528913
88010,-7.84843523281789,-5.647616461085533,3.877603856311361,2.1708449884118353,407.72948615566696,0.6510588151606678,0.09668831633371938
88011,-4.293565039907738,-8.56002924907547,3.4466455091730634,1.5707257599821516,371.13348106079263,0.59188017252617,0.09669601749456413
88012,-3.462340714104246,-9.776934847949079,1.9175971659411466,1.189820890426373,304.66693624999,0.6952328129613017,0.09670100733121491
88013,-4.310816358535144,-9.86256997010695,1.8085754838755566,2.991066637330271,493.37657442212964,0.8949057446996331,0.09671719698097671
88014,-4.4703603326372665,-9.817093120966165,1.8804032861225843,0.9794546950478857,249.5208849625651,0.15631809548152642,0.09676569772675418
88015,-7.812835894107165,-7.847374086821767,3.607790439154694,1.0574614189082088,258.6324410067513,0.25847259827858604,0.0967683856485379
88016,-2.994219200346201,-9.586031593890164,2.4610503028301,0.8200211448795374,227.1772066970058,1.013470722045004,0.09680310122304538
88017,-6.150185393279935,-12.92901628727982,0.6537272385897757,1.9031189725450832,467.56763189645034,0.37968138992074785,0.09680766135390985
88018,-8.157441546945456,-8.662619035896695,0.9831083351479525,0.9388653914920717,467.8428826020175,0.6708937434987705,0.0968156462898343
88019,-4.476682079606704,-9.65119511558498,2.2136455474239183,1.0472739656203347,466.489623558758,0.498141604004096,0.09682128696300871
88020,-2.7958915537652427,-10.071284391186659,1.7758164080171766,1.1742555432095187,266.8762787948282,0.6186455459483264,0.09683940641649666
88021,-7.167363850488036,-7.159020403600973,1.3381726366571651,0.702131802157075,324.7019979522657,0.43212818189320057,0.09685469425641162
88022,-7.557523771352484,-5.5483131487275505,0.8024868298296569,1.6458951935683968,386.82069765723213,0.49017047758781285,0.09685870295877456
88023,-6.357095900279936,-8.866062866919947,3.541442146155309,1.9522440590129138,371.05607937950623,0.18618393142753842,0.09686894101130698
88024,-8.76994552010223,-5.011576270250032,1.3495396482831876,0.7457109873169171,164.80065776413213,0.3193248742776946,0.09687737567580833
88025,-7.123406762729219,-6.777817091583757,3.569785734129131,1.3353006829132477,320.62342995290305,1.4541018011763,0.09688504928093009
88026,-6.59737011203732,-10.467644449816163,0.23128779276973058,0.499524611042869,110.81692606756852,0.4544874620070978,0.09689489858427104
88027,-7.217715359166337,-7.165941228544662,4.292583328010275,4.761114017511121,595.044121993804,0.28182108905810566,0.09690891107268794
88028,-7.357700323281857,-6.51327043422724,1.4242502586737755,1.0548317499550324,267.01473895425727,1.158592854209549,0.09696757594632083
88029,-5.567296284406311,-12.807393708315157,0.7653241644725725,1.5795475604949478,367.00099788099254,0.09291371244385083,0.09701925007015175
88030,-7.120693246660879,-10.505013676448563,0.8963134505795082,2.7134838372356898,240.2270463843279,0.21863421078041245,0.09703958651617947
88031,-3.3478376388649123,-9.809394854819498,1.8689571852125204,1.1556171737207328,295.031121530401,1.0569581411373976,0.09704654502892994
88032,-4.394230855377252,-9.651657323143173,2.1900701757548817,1.0643448204921349,468.291978282032,0.7948068772056276,0.09704800380496331
88033,-7.555442639732248,-6.369349682360959,4.083636120527121,7.451615791633926,716.3337165628991,0.3118766821852583,0.09706016689838251
88034,-5.684466152329052,-11.022537393095254,1.101586101158883,1.126894735863314,467.0817611419263,0.5892453232484227,0.09706133705397678
88035,-2.4475602367746863,-10.72965432512602,0.8856647655068149,1.0197333620992943,272.2018168464905,0.548844082383833,0.09706276661057739
88036,-4.807544491814984,-9.128574483395827,3.0087293835080002,10.990839634225367,535.6469315061979,0.08490339917020684,0.09707613478998948
88037,-6.2293264333900495,-9.558373176840202,0.1444302302493073,1.7691318312712843,469.71872932237096,0.13430716778472274,0.09707966992814816
88038,-7.158202092416893,-7.565111188124976,4.377509256838983,1.3190638686029261,321.738257305032,0.3340779308273172,0.09708040238755189
88039,-6.601974536367368,-7.894642420952065,4.290792195137315,10.223091976890924,453.9384885664172,0.1322137632833975,0.09708658933897245
88040,-6.314831539523572,-8.235592900674723,0.9522161720278052,2.2940152986972406,434.93048347494437,1.655820707600534,0.0970872034398966
88041,-7.543687645419594,-6.611587520546082,4.218509098572843,1.4646689045204355,166.08207931007806,0.2003473882643787,0.09710730449673545
88042,-6.257767844588319,-7.993310319865168,1.536582256660399,0.9888372882055796,269.4108996711401,1.7333454416534027,0.09711025504615337
88043,-7.143181657437951,-8.260083775249123,3.9529545776310484,1.6087219051632395,370.34438835049633,0.6460893591143053,0.0971194730647503
88044,-6.004160167680444,-8.483109506314594,3.8867617596312045,1.792671446120809,457.63420547268896,0.6687000262244034,0.09712126888426839
88045,-6.786462380144517,-8.357916284751973,0.5627440696569705,0.8169833485830263,236.71300419678312,0.9194121803761695,0.09716220004658606
88046,-8.713715829506103,-6.943361818146458,1.2139643015431367,0.7461231133494468,150.33949253831773,0.37935600149394944,0.09716732033791786
88047,-5.289621885063218,-10.04005745271957,1.636377773321184,1.0958419948213562,226.48593259143917,0.12062861098320976,0.09717309310608499
88048,-8.014272438281514,-6.592683503123385,4.017686488365555,5.077719445559162,625.2402423507564,0.5236894894659612,0.0971972564180479
88049,-6.332568039008395,-12.9069569882319,0.5947468739655389,4.9840318878773155,620.1376315323645,0.5241270894227705,0.09719896786629195
88050,-3.8642450979354237,-10.933066404751408,1.1561841198312055,1.5004611056252009,339.13346352748835,1.452613388282665,0.09722297588201483
88051,-7.29978711197862,-6.350552200372004,3.4257249518200377,1.1533204350860957,235.5394386225024,1.0659708541912956,0.09724196924240996
88052,-3.0083815687116218,-8.917040733653268,3.241602098275971,0.8923527599746199,467.831257551308,0.5736056064350192,0.09727891600772864
88053,-4.0667969436806,-9.693778267035825,0.11194161522237825,1.1965690223934968,285.6939974736362,0.6298585392055793,0.0973090933088651
88054,-2.6216864315832877,-9.02054442873034,1.9616160426907923,0.975521260802196,257.1429880256453,1.2426394309942204,0.09732523655833357
88055,-4.941512844869644,-9.876312499981545,1.816078094855739,0.9139174062743197,260.2598162751078,1.3900765799232673,0.0973565864157606
88056,-4.8943564806387885,-11.29138687560129,1.0392592978501778,0.8062013724049804,467.24421707693716,0.5196304072398235,0.09736020531112147
88057,-6.683086851720061,-9.858356251738488,1.8783529816956537,1.8572210427061686,446.4970782560643,0.5148302513169289,0.09740469472817562
88058,-8.1565816439878,-6.709796886930705,3.798915648881272,0.7229558110585523,146.2951567362948,0.3945855066221666,0.09740795029913649
88059,-4.592354403642657,-8.222012236184884,2.0288462629979023,1.2092443986108008,467.8467168270031,0.2841418836920253,0.09742922251864584
88060,-6.161310157774586,-11.995602153219233,0.749115827941591,1.0897179794478569,282.60088500935404,0.6963069021841655,0.09745814283568631
88061,-7.384324614497546,-6.821306854082269,4.206772907895499,1.2618920586188462,284.55097364392066,0.5683962639423781,0.09746949399092997
88062,-5.912120131934563,-8.942128388505118,3.399108150960176,6.82871799601852,370.2855098511094,0.22253386325089863,0.09749530856060386
88063,-3.295752007374605,-8.650809762848983,3.350775775906186,0.9496592159928087,467.8998655872189,0.015176551384382897,0.09750966867605856
88064,-8.48545398665982,-7.0268769087025476,2.8702017759362155,1.1115673166256976,288.31147132051564,1.196799135857101,0.0975170138495787
88065,-5.14820229362387,-8.989302198291606,3.213405660724237,1.157890243355845,150.47142118038747,0.18176937523796077,0.097519243307526
88066,-6.780545161586078,-7.288549556638185,3.716691272973579,2.1795428926375764,421.49521182627456,1.4536482075138109,0.09751957580619088
88067,-2.7356577000683533,-10.393837521937352,1.5595256803287796,0.8421440232302302,203.7678230988568,0.4819114607769146,0.09752516868208942
88068,-5.403182887717136,-12.195949629924726,0.83520838173262,0.767770458812373,159.76477058307444,0.14829170901742472,0.0975737682711483
88069,-6.445332826013461,-7.520265914742299,2.7764964674291397,1.0258336102684305,468.9122177821374,0.006562128927908084,0.09760027473505328
88070,-2.9425016525168104,-11.944104878536717,0.9605389215368747,1.5654948381349283,468.1278525824342,0.47792092381175877,0.09760071382141806
88071,-5.051872712417507,-12.346012394372707,0.8373466828135083,3.5031816486137353,536.360078917735,1.1902983316128308,0.09760666181342743
88072,-3.555905055283972,-9.35319035322058,2.6394205701120557,0.744696077235823,436.8986505563929,0.23532524773805097,0.09760779110379324
88073,-7.568754097986356,-6.480828233810064,4.147760491438413,1.5440099247212096,328.51834066909015,0.2792136953328983,0.09762783049267852
88074,-5.55995098435977,-12.33278006170946,0.10233395772958863,1.8049952455546316,430.0184309526397,0.2556306472951686,0.0976323798923536
88075,-3.95941802918834,-8.485737915295665,3.4119732373926497,6.071709452292278,537.9104402102788,0.04667930229059003,0.09763799746783655
88076,-3.0337334388958546,-8.303535580430552,2.759467984947193,1.8256586630881864,383.16861785914875,1.5692537064726952,0.0976425699347174
88077,-5.203732120190495,-9.611992975812852,2.3831285089575913,1.0014494819926576,274.42312333648124,1.5388436196662498,0.09766356412252154
88078,-3.341077919250825,-8.34184261321832,3.312323853435103,1.6552023093623411,390.9753945407031,0.43549193855182455,0.09769045769654926
88079,-5.536588951027715,-9.684825749074028,2.3031336885145968,5.10420299173025,476.42772948624264,0.00440992100175297,0.09770841949804554
88080,-4.556588124556354,-9.752883055898785,1.9971476797628658,1.3120000304377237,324.2952970241569,1.396478994513478,0.0977294975932416
88081,-2.806892138903411,-12.696582219600998,0.914866547809256,1.8164214489472577,433.6824550377369,0.36184335848673044,0.09773120952626173
88082,-5.045938355064308,-12.174119227480626,0.8580083020193379,1.6629858681297618,352.8011449225425,0.4988424428185043,0.09773502768393875
88083,-4.493873700078787,-9.437744232299613,0.184980589933282,1.4898939343643198,468.28459291556914,0.6262118095834417,0.0977449146331821
88084,-4.813317836942355,-12.839111023792052,0.8059354554012638,2.1779484250179175,425.1361216459773,2.181062018810839,0.0977555187033928
88085,-3.3851577617893582,-10.321288859867725,1.416877480368196,0.704747179745449,146.68574635849328,0.12759086392069197,0.09775864864900781
88086,-8.131019700239232,-5.9299831706842685,3.749405883342928,1.158886675014467,465.1944495159093,0.4242026988055967,0.09776004749942077
88087,-8.024406439838742,-5.415288956173127,3.7334732268242883,0.9699636024593348,262.52154969253047,0.25955991238424847,0.09778848530346976
88088,-6.34623350650725,-9.051257824348426,3.3040404109635704,1.1685420694280217,468.16836499755703,0.4135485865791111,0.09779106648604148
88089,-6.9549943961699245,-7.719712393977521,4.360467482124547,0.5311471286702942,108.16424267080694,0.04419720956480244,0.09781904092496879
88090,-4.068597220485074,-8.337485651279415,3.364193601641899,1.415437806869258,321.2278554480282,0.6982917977331136,0.09784679313276959
88091,-7.281359618762302,-8.375017983023248,3.6918209610191606,1.8541611900477484,467.7863025563649,0.7968075002492894,0.09784726311567608
88092,-5.758991927175679,-8.461135691678315,3.8282060904320208,2.0160594438954806,379.4603396441789,0.3982294536617337,0.0978665099694586
88093,-7.473217080760418,-5.112079741582626,2.4169797775429402,2.659095655166628,466.5591460437723,1.139190362592581,0.09789496918917832
88094,-4.7791804572992405,-10.975849946734053,0.05008493367017848,3.3499727768631766,525.1228742496305,1.1885740672958187,0.09790581586597487
88095,-3.9579312521859746,-8.57165533457865,3.395037245530099,2.688735585414332,473.54114823631596,1.735076271918472,0.09791483744469301
88096,-4.325904510620395,-8.242258158370918,3.28277309619318,1.8962322801661673,457.01683293355325,0.5774526367555088,0.09792288960734262
88097,-5.963381109615058,-12.523336068064141,0.15933489120024497,2.531297630070165,447.3824283887054,0.7237657413310155,0.09792856320234032
88098,-8.160706544597286,-8.450541030901203,1.7149256686910732,1.78844001787908,467.5645899957702,0.5193733463087504,0.0979500217713695
88099,-4.497868804185462,-8.488054579007029,3.467338765740968,1.1792188675713071,252.53065327127968,0.0311666158159305,0.09795399069634696
88100,-3.3655222111409824,-9.629517409121584,0.1324254260005179,0.9384961534464593,181.72268236128977,0.27042312295666004,0.09799614747516497
88101,-5.174137528991728,-11.33247587230368,1.0189751931741804,1.5354720882501747,468.81097162461,0.28975164536769693,0.09799883865818057
88102,-4.343920484263043,-9.008620219907769,0.43188087170530703,1.016920279741155,222.5546065209893,0.23094986609157075,0.09802857810969753
88103,-7.9788018329091255,-5.486377881141914,3.7650938226887662,1.9201992658187603,390.0626222390725,0.8092900594300634,0.09803284028958939
88104,-5.4674840071301265,-9.389399197941941,2.754908905212493,0.7053501779923502,215.97399880683835,1.4284264619587592,0.09803380594886561
88105,-7.238944505851947,-7.15463479193871,1.0686238983822014,1.1889806399142009,302.2348121163431,0.5241798960498141,0.0980391114062054
88106,-6.890283861235664,-8.55028343860246,3.7842058925182886,1.0035495550865057,198.54239226674483,0.4164952696432671,0.09805042579603435
88107,-3.352983243148371,-8.641360985800212,0.9579089570154057,1.3456240625011315,292.58253585550574,0.9731911950676162,0.09806023693971519
88108,-6.867055910759949,-9.771011632387596,1.9539708026764855,0.8724891508834501,245.56375447100373,0.96425199912058,0.09806337165972719
88109,-6.178719367916939,-8.852683502226395,3.5428426014790104,1.2288608028668406,300.7826230677327,0.19319837265160178,0.09806380319126859
88110,-4.845942532275385,-8.087330284382887,2.8329968988824783,0.9516338748613072,468.112851609125,0.7381281205150367,0.09807058619512038
88111,-4.77775986559891,-8.096138816263185,2.835949382266233,1.280757838333492,269.9745617720854,0.058738738234630716,0.09809230386897241
88112,-2.560707491746042,-9.41525915473064,1.5808663507276917,1.5676682383503053,370.591577778294,0.425998178462498,0.0981016361215054
88113,-6.17715292174111,-9.277814068980764,2.993068000801984,0.8952748521420348,180.4814994733502,0.5819047733522629,0.09811957098675246
88114,-8.156665215375186,-5.606625014648287,3.6358439173508232,1.0627453654947376,281.9977092398827,0.8440300351564689,0.09812732003824641
88115,-6.111940794586619,-12.646475571699341,0.6776582674987507,1.1411730189825997,233.68663528684306,0.8110955727755567,0.09814314567824868
88116,-8.552703242808967,-6.658834293862595,2.796914332641536,0.9715591120501894,187.53942782502517,0.02663291183953831,0.09814754567140944
88117,-6.416833671907618,-9.830592677580237,2.0558865276151415,1.8963177344723872,393.27063505000126,2.019747566702862,0.09815492095602131
88118,-5.276995022007721,-8.11660108913797,2.054973082128511,1.1613725446106282,297.4720868719639,1.634732261533392,0.09816687409126143
88119,-3.478972231737587,-8.765871859031037,3.259510169130665,0.9512364043242663,266.53075921947527,1.5620432252368026,0.09817879261729222
88120,-3.747670927445262,-8.198270852238867,2.4251197181547246,3.34576942115107,524.7006566927879,1.1949832794094633,0.09819152944688495
88121,-7.650216292901593,-5.51583618835969,3.661841743918851,1.090877720772746,253.87249099612913,0.3076211793250092,0.09819982362601275
88122,-8.177530549344457,-7.196621389866504,3.5552398728854895,1.9106619399787579,383.9989437883515,0.916500206407993,0.09821254221946635
88123,-6.9295214817744295,-8.288635813835356,4.044949169839553,1.2873775498021345,276.77453977325376,0.018701832359340642,0.09822836421604574
88124,-4.094130508060152,-8.274808842848431,1.9383328260049066,1.8545115967900938,468.2225616418832,0.46812288806699964,0.09824696271983946
88125,-4.877358753383625,-11.300040221329244,1.0331714586160041,0.5469659460239433,152.26859222832985,0.7645307063327929,0.09825049024523846
88126,-4.298686123840786,-8.212439824654272,2.201928769977521,1.1155366423807271,223.05736021930744,0.19585606568752745,0.0982572981484981
88127,-6.641969329082643,-7.3927030012087265,2.593918801741179,1.0134492126022063,256.516244162954,0.7510803017714167,0.0982638842948445
88128,-5.9365487504445005,-9.515203718966031,0.14256230630195404,1.175506575924447,468.01929289287733,0.3766881597192331,0.09826662235561705
88129,-6.255793546764913,-10.021348388362036,0.13653633895681958,0.9811655268535501,193.3357855965789,0.4766347223281544,0.09828190139486287
88130,-8.677798018967056,-5.318428479358142,2.1624103968185895,1.1909098078999416,302.4251200002585,0.5012140519062847,0.09831367524519512
88131,-6.361153526873728,-8.030689881788387,1.3536378113738092,1.7673982811021671,418.93330671118315,0.1297327457202675,0.09834158187053606
88132,-6.4230258614151765,-9.902376689348202,1.8426039673780799,1.2609445055071613,298.629710013323,0.5204718959209602,0.09834601297979204
88133,-6.5057993671703365,-11.484907262229823,0.31882190628217033,1.0439016063581015,466.0750547579899,0.06936777904271896,0.09835027127265221
88134,-8.643056506437855,-5.545948710540861,2.4111194946850625,1.8314566511993602,438.82306791407416,0.19434373950126993,0.09835244849527708
88135,-7.544042278687325,-6.880001027900064,4.311379200042837,0.9687251813845641,194.6113880962836,0.8948082426316875,0.09836400163316039
88136,-7.973945334958678,-5.8247712529563325,3.8738147215998895,0.7921197800188781,196.50999526659007,0.09271214875472022,0.09836409232992595
88137,-7.1814834344190785,-7.451810032724567,4.365704342702074,1.024610272693325,274.23140921470485,1.0366681777576323,0.09837492464576532
88138,-6.418644479020893,-8.770746180868516,0.3686698881226462,1.8687953839338618,450.7497057773327,0.0265900640894996,0.0983873875257695
88139,-6.329017132961321,-12.704697823809264,0.6078959535321498,1.5834374152870414,371.9516573052677,0.41933788477657696,0.09839160246194355
88140,-6.28542174820203,-8.546518257738231,3.8830851084747424,1.7298898858875853,409.182611134952,0.01909418283669151,0.09840832757314891
88141,-6.3987097105579345,-8.278081032430098,4.115532998319168,1.6568364453943734,390.79898063874305,0.3699826469106968,0.0984153293261321
88142,-7.09301350182027,-7.866738097757367,0.7669128133985014,0.8849955610457394,179.66035863649492,0.6720123252115338,0.09841887899490308
88143,-6.90948292240157,-7.622037567367661,1.2788668616819923,1.4286524126064146,468.1075725725574,0.06710513019266973,0.09842258396013319
88144,-6.6484154626206555,-7.478338418329473,2.206829632618333,1.3433409963595768,449.3731200974993,0.7572808599468184,0.09844590422175133
88145,-4.354118042120465,-9.615464283114676,2.2442594351119234,0.94753929957663,250.93731720310282,1.1097458542626848,0.09845299485403951
88146,-5.031287741388216,-9.174155665733927,2.9688828067465254,2.0581498163816976,411.6934649457182,1.9469990529051948,0.09846071875312926
88147,-8.591874246981234,-7.584996101297297,1.4348857180387593,2.651134494788679,469.22194483669244,1.568901615421999,0.09846166385530242
88148,-2.5392621112498324,-12.719478814627838,1.4931821432682229,1.6415767709015092,387.19685574451626,0.29435447989710806,0.09847112416452336
88149,-7.340062092578323,-8.457887918529181,0.44770341330848085,1.958799130792467,399.8699447647202,1.8332297993074826,0.09847326930217942
88150,-6.91276911002207,-8.381710914430009,3.957500847798827,1.6066759524335072,380.1680206601341,0.26102693351133865,0.09848173928920398
88151,-6.311019154561214,-9.850712097551648,1.9998397500565992,1.5078883337029632,341.19933567443053,1.2539411648855117,0.09849336168344412
88152,-4.287533222951517,-8.624376946106931,3.404125344691116,1.471139664591553,339.6232831828877,0.2306465234742694,0.09850349221389665
88153,-6.236731051915059,-8.169987328878047,4.120602661562002,1.8143784599349055,432.14311967072064,0.4641073429018201,0.09853087472897015
88154,-8.337106841094478,-7.707354589691643,0.6772841107074259,1.27721956175782,313.2663709808678,1.545301709981497,0.09853160807712681
88155,-7.38182405747924,-6.267279745290138,1.600071726226761,1.8219466107372375,468.59114864739087,0.8900171222219093,0.09853755704270979
88156,-6.72162905750566,-8.67410117528211,3.706965799366227,1.5098704576218636,338.3430739793912,0.04670544144943012,0.09853981891803335
88157,-4.541421116966497,-8.154970746839886,2.4628188139073433,1.0129567329773705,223.85193192782287,0.117498685741384,0.0985443838500954
88158,-6.583314284920893,-7.750426396728491,1.6477229737732368,1.4733291346788477,468.6234325309668,0.3915518520654713,0.098550957478026
88159,-8.677361842201563,-6.6048327427720945,2.1601358127743127,0.8775212630097561,467.75631051725594,0.5550065946933946,0.09857386038081603
88160,-5.47628034532979,-7.954265020320815,2.971987296540761,1.7088140455721523,417.7099870062621,0.6823393222380973,0.09858166469085242
88161,-6.009143751063231,-9.591467133551912,2.522808129780534,1.8959791464656697,468.4816073008503,0.43034999618107506,0.09866812938318391
88162,-3.3208111348998077,-8.696216347597359,0.8598241848234357,0.6988634295081998,355.79190388946864,0.4092731014609532,0.09867204414358392
88163,-6.0007365355215665,-10.698142305952407,1.1983438238358461,1.3251911222008912,319.84542322451426,0.6918078503429053,0.0986772422429681
88164,-8.33722070679385,-7.115387926333009,3.237730265792501,0.7747019165624162,177.3824981775254,0.2996158968324796,0.09869238278410897
88165,-8.61048470172614,-5.144270878704688,0.6911641116162653,3.731596157009073,546.3022779409331,0.6887788292685242,0.09872866965262321
88166,-7.677364134146675,-5.896510177255695,3.888797216735123,3.3900004812293716,527.6150616095931,1.1128819944232644,0.09874225402233748
88167,-4.304020910025318,-8.49021241487145,1.3312781895451469,0.8360600763366227,469.2151215919994,0.05135609511328543,0.09875059962484713
88168,-7.209008470516417,-8.220636109529323,0.5124049270170838,1.776664078677045,421.28091771608103,0.49067908184530484,0.09876803734872829
88169,-6.129024030531882,-9.079636059266488,3.2516053652040315,0.8752732756534481,215.0194114736954,0.7367742252180145,0.09877073291202328
88170,-3.1710596558948287,-8.25845232148557,3.1152394621960884,1.480753727332209,333.3880465337983,1.2152042716272566,0.09877976911373908
88171,-7.5426554102060335,-5.374381374553755,3.2820342267505547,1.803690268037019,468.1903924355855,0.43957174600287097,0.09878432982863247
88172,-4.540594003665662,-8.75282493750412,0.7133882813669342,1.4167308543844213,316.83341799518837,0.895166298666676,0.09883840062527548
88173,-8.463725768767068,-5.6452324151928375,3.037958731357515,1.1239695626450341,248.0578627763028,0.735078255273268,0.09885474372325655
88174,-5.936144047740429,-7.802111403655211,3.004290833775226,0.8520329335583505,212.3657009787435,0.10833675524485109,0.09886265211446475
88175,-8.490570741834093,-5.214526194095508,2.9096737715205663,2.0793778939989327,401.1304758761,0.7350985992894525,0.09889188535054498
88176,-6.482221623517528,-11.347518923174743,0.8094951613828345,3.6142148604688322,318.3498031612327,0.14715543873053782,0.09891677076112079
88177,-8.294095647577759,-5.146794778419691,3.3293441561665413,1.7543376167128906,468.36214289839415,0.5575487180914234,0.09892396003620463
88178,-5.000009235169806,-9.966517416329406,1.6912738460997396,1.2025751986775297,307.4974507683949,1.7622473786033028,0.0989411613337809
88179,-2.5638109569670755,-12.579247057781133,1.4277569992113848,1.8364045902136281,468.0833360077983,0.4437624033359837,0.09897128479714133
88180,-6.507502295998936,-10.877310030143907,1.0428094426711882,1.6544595386941403,468.9003613428108,0.8778378924997696,0.0989727712992865
88181,-7.328432467282555,-10.146831012792529,0.6541252309355399,16.295344436665353,826.2658256517929,0.22480651625599446,0.09897728793867737
88182,-5.867790648847773,-8.357758456562486,1.0371619223920816,2.4000454499655826,446.2374954237559,1.6784537130334671,0.0989827321786511
88183,-4.6694270543652285,-12.246097610583199,0.8563859472266584,1.718767197722691,403.8701251491439,0.16294331410901997,0.09902200268681545
88184,-4.574533970266681,-11.898392843684928,0.9046508863508533,1.5152261096993014,468.7310983582762,0.5331526621443361,0.09905459495346117
88185,-7.7321677709135415,-6.787658732192541,4.255098906846246,1.5384089478550393,360.3364998144679,0.41126199934963736,0.09906580610066579
88186,-6.49846350307169,-7.658632859101,4.013348969698572,3.3726817082981393,515.6521440357159,0.5603115048168341,0.09906780805631414
88187,-3.8402973945825414,-9.900039858245886,1.7381599892306696,1.6511117987615251,468.5312970697482,0.013314405521618333,0.09907147218318181
88188,-7.998799326856029,-5.884354942222558,3.861873662380244,0.701218146717387,215.8409578764653,0.4720451433329229,0.09908420902605221
88189,-6.633650946404692,-9.016631459435825,3.2952186639778005,1.0651616118873697,277.445521514412,1.8021334038759376,0.09909316816100727
88190,-5.759954752098773,-9.84121345615549,1.9623406190257668,0.885933730762841,247.1498413593044,1.0353665361935551,0.09911714814245311
88191,-5.102426170225521,-12.131952987399934,0.8548863269540573,1.8231100851176665,435.7051919868912,0.14788540626833502,0.09911865144351652
88192,-3.9117599200133926,-11.296751671287332,1.0368704460248668,0.4967360217980151,127.4679764867657,1.1130883243899605,0.09912782192430791
88193,-8.42928661008852,-6.7526636232710535,3.1680949897799926,1.5501789566007664,360.07883707643896,0.5997348140514847,0.09913416957455855
88194,-3.465895494413651,-9.636662454285128,2.14732991262499,1.878399378276088,469.6216036743502,0.16763522377850837,0.09913578774686856
88195,-8.120891325007848,-5.02171578390791,0.37979976810076055,1.011129373254664,327.49824710459245,0.8587328358016801,0.09914059952041038
88196,-3.9964084981499397,-8.509195369435286,3.3993566089527687,1.8520211872256274,443.72907156514333,0.3657503982096779,0.09916098076108083
88197,-7.701503057297447,-9.322647151210571,1.3987028135785806,3.4585074386265244,518.3209100476702,0.45921239678441683,0.09918331436295139
88198,-4.8123694652497235,-12.021439514743536,0.8800258000463294,1.8833826239036053,457.2916579749808,0.4279883099151034,0.09918384533518787
88199,-3.3763194351670256,-10.40738421138655,0.041638272890057365,2.1365817785716548,408.30320350508,0.7470900387969701,0.09921749855556734
88200,-5.833726454177118,-8.086989969318353,3.8877706973188295,0.9005944454517502,224.51396463005324,1.0275060756749328,0.09926952276101483
88201,-5.3132399923357605,-8.049331858710055,3.31783220100682,1.8131155055398973,467.79342903838085,0.30059919898014087,0.09927382316591746
88202,-4.094649367781243,-10.117486222276403,1.5506674803398468,1.2398153548301978,467.82882895734826,0.7795196248118303,0.09929466643597303
88203,-2.6399480443578742,-9.193368475748045,2.536796830189083,2.33044655828025,426.5246354760333,0.6683314200248152,0.09930457861605511
88204,-2.609401718758898,-9.699394770289702,2.5114401761502685,1.00291406312307,266.48906038111676,0.7310385478146895,0.09931689074101575
88205,-7.384922886206507,-6.575798124783094,1.0952140029105746,1.7650100410194485,467.8593871270304,0.4495108837288182,0.0993289085042492
88206,-6.076402141887332,-7.752939711645358,2.739961828333422,1.4538435533062228,336.028771258818,1.6140829305756768,0.09932927322181029
88207,-6.551167079919454,-12.413930924613895,0.5133324960309689,1.3553298907156155,319.7658007318074,1.306834133089395,0.09936748301120975
88208,-4.346416565569323,-9.597344216899833,2.2789891013269283,0.9724903989918146,141.5070522641968,0.19390270072377547,0.09939159815637136
88209,-7.635107862320009,-9.54426449563916,0.7013870373309562,6.105551789526901,665.7887357474892,0.3046053416718486,0.09941248305758932
88210,-3.427512387997017,-8.204093990105488,2.6276104185802978,1.460266570972034,325.17386187602506,0.012985039976083357,0.09943154514059101
88211,-8.051123755076226,-8.131481280006135,2.6774319769657255,1.2485859781152395,260.09370254594535,0.22711469824441277,0.09943423830033997
88212,-5.044614070538619,-9.650682145884861,2.2610694940878244,1.2495880845279503,312.24084629979467,0.5100795484759315,0.09944938826790328
88213,-7.128604954346957,-7.304927904469802,1.253736661589822,0.7916713705264866,469.5914852398527,0.19222844358900204,0.09945663134953643
88214,-6.224954198393144,-10.136658468499512,1.5261562600469791,0.9792675284513371,247.69156428061524,0.14868439119109933,0.09945681752693554
88215,-7.576861866282854,-6.089309678397093,3.883952782440017,2.714930784675562,474.9476141208562,1.5578506218631718,0.09948278570210663
88216,-4.868988978609682,-12.599756059985584,0.8123694356253107,2.1915231730664364,426.2015124942183,1.8891727206948792,0.09949634519112195
88217,-5.505967056222879,-7.993736536411847,2.433152546830679,1.0700046818988171,213.39522744049472,1.0631524681523716,0.09951519533825684
88218,-4.978016385160865,-9.88482546994596,1.7938482518924572,2.5035321917098,453.6314373296439,1.3447761765243254,0.09951945413676236
88219,-3.844133314534921,-8.605812726950049,1.0476943567892392,0.5701300279600332,129.43408380759342,1.1528595190352942,0.09952348227982769
88220,-8.534704289418316,-6.006215883323899,2.8684647488048687,1.0603925211963967,310.7350183854054,1.085172923412875,0.09952736472967369
88221,-5.214490288749575,-8.082489439933948,3.3756438534591444,1.163614642630692,301.54010186894345,0.49986629798859195,0.09955286149450358
88222,-7.891373369096014,-7.224406130911652,4.010837485506643,2.0650987696463186,402.46564617647437,0.8892575296571339,0.09957409297384533
88223,-7.4804082588634735,-9.91101788525551,0.978543017433663,2.3343228489588497,423.583646303156,0.39679655697764193,0.09957760594181696
88224,-6.437394399411361,-9.378340211891272,2.835610430204461,3.2135752554320183,509.41950023663753,0.7771351899350654,0.09962423054136148
88225,-4.947640053116774,-11.649386428297591,0.9404260035588468,0.7472709659716887,466.97464674460207,0.31813881811787237,0.09962769103736395
88226,-3.8447199230663953,-11.269060588262976,1.0424127870258273,0.9428800295512061,245.96774850347063,0.9655621278070123,0.09963342774609892
88227,-5.326603893878029,-8.63336534947457,3.5653700722500146,0.8690363893734225,195.36468553224847,0.37085830320106705,0.09964000429137586
88228,-5.8210600834938155,-9.296033039827444,2.9143300264528116,1.7909150835392822,426.87066890077335,0.4012610774859935,0.0996473970400763
88229,-3.2607779051998387,-10.120026986854388,1.544440501679309,1.1153106226955662,288.98707668977926,1.2701495769919342,0.09966661192034618
88230,-3.0122444716331085,-12.251928404861514,0.04591191705304906,1.071842153293636,280.84904168590344,1.505359113670644,0.09967744669797964
88231,-8.302959488263609,-7.465269215868096,2.98587460548957,2.744028536692869,468.2452273750793,0.6952172387216438,0.09967749317669315
88232,-3.136065375839257,-8.238819644713583,2.5447634758437347,1.7341389425839635,468.33343869938216,0.9352553845735505,0.09968339952697515
88233,-3.9134790006265696,-8.599115721765738,1.0828177646823167,1.8462678044318463,469.8213771793186,0.06466182315156299,0.09968502747647152
88234,-4.22795904993306,-11.582337079058469,0.9653637714002808,1.0402782665236576,254.9447704183111,0.8341729656741439,0.09969899851957287
88235,-6.172519229457718,-9.361866768149373,2.863759751421279,1.0701861714153118,287.2323126205879,0.5508560165518483,0.09970606318948173
88236,-6.640873670519767,-10.81684849768708,1.0249607261242308,2.281080792872683,432.27371436326143,1.3845932654299045,0.09970850065612896
88237,-8.454032836993566,-6.446440894321695,3.136745682401654,1.1007931365419714,277.7462882778224,1.7993446411116585,0.0997110113217161
88238,-3.2626229198252386,-8.536800806450302,1.3266827201461597,0.9906707476835029,257.82398551779335,0.9235161057826744,0.09973500417914274
88239,-4.932707606998845,-10.601556905045753,1.2678729235696171,1.505522922292533,467.86837458204485,0.49120581151649567,0.09977320451987057
88240,-7.536466920303276,-5.940373725775298,0.8308861475132117,1.638378716285312,467.9977210116609,0.47396029754841695,0.09977953113763922
88241,-3.4970849991054074,-8.204072759859807,2.4896652746097168,0.9508158504337009,467.5379338511073,0.10704529115201655,0.09978927375422209
88242,-6.278307812904801,-8.954417461043573,3.41235887616414,1.872747249594512,449.78597798579733,0.47464388981010863,0.09981539319184803
88243,-6.3969976293962985,-8.224855670191808,0.9201386597119999,1.4316340281201778,468.3992583795582,0.438511735168043,0.09983139322240643
88244,-4.375585608123006,-8.186746059508858,3.1298241874127024,1.4607717731080136,333.6555235993441,0.895537162554807,0.09983770779242707
88245,-5.972176206877725,-8.516222747991673,0.7327658756936825,0.7337459750500256,219.36429885794425,0.6466920615829013,0.09983922508566113
88246,-7.525344457662986,-6.001663723399228,0.8574022310728289,0.8641950397063649,468.07024266384917,0.7139785386931949,0.09984951628985805
88247,-2.668659712000288,-12.524582856523,0.07302353488131805,4.054295343139872,309.11290167173877,0.16316548672024478,0.09987826306369274
88248,-5.53967750228481,-9.32542968556341,2.8282256035680167,2.601737584963066,283.2899937253102,0.4946699461557946,0.0998911983026582
88249,-7.917775518768337,-5.483674299937884,0.37644857307629076,1.8267252989283786,437.2962141059001,0.2283348512343597,0.09990456437433531
88250,-6.626432766883822,-7.879210454445102,4.271955656699265,1.2373897777698153,310.3120837802363,0.589839461948567,0.099906044245444
88251,-7.067214466654849,-7.349071971711604,1.3791799652192307,0.9021695472806768,257.40424518854775,0.6004173888531099,0.09990662187538105
88252,-5.471174232614223,-9.319014649195736,2.8293760835830977,1.8100736678797296,433.04248537674096,0.6213715434570677,0.09990848498253098
88253,-7.22314953728451,-6.64895956521275,1.9479703859713398,1.8790644798756766,467.879201189626,0.09887246983833098,0.09991293711571234
88254,-2.4591249827884116,-10.693594749862758,0.8185208023291504,1.0580408586492709,453.88684842040897,0.927514216287709,0.09991801186144576
88255,-7.353145276459518,-7.125401258712473,4.318384464216002,4.054220945745871,572.4213847438097,0.9914972172402718,0.09993104498772541
88256,-7.252639247798116,-6.4133307163543405,3.1391717025446035,1.3406172458947214,329.3199363895166,0.34533252292584127,0.09995440616226689
88257,-5.046210540661299,-8.305176340390855,3.5847980002306556,1.5601374474530225,462.8727540418554,0.3392164966426314,0.09995922648759703
88258,-5.991802117001327,-8.152051452539224,1.4587059490321475,0.8907393984646169,183.1522910912985,0.3895003419656602,0.09997874338328368
88259,-8.640071970144277,-6.568753686614679,2.4248144031466796,1.111702700764894,468.4982269883818,0.2855014061286374,0.09999369798118944
88260,-5.916457998455005,-11.901588517331056,0.8062758974408359,1.5363285637928064,354.30169296093345,0.2735758638940178,0.10001285918713389
88261,-3.406795744872481,-8.212110341840251,2.5499291949817624,1.1732576239363472,194.59080820955683,0.12427215473228159,0.10006305138421222
88262,-5.797723255190301,-9.504724538485632,2.6217069525461425,2.525664473328232,272.8751489399003,0.11987469302491593,0.10007036514435218
88263,-7.201785074434943,-9.132237706038454,0.3813581373132817,1.1079677524987084,288.1371433544735,1.5511330843038351,0.10008761184601443
88264,-2.701672472382409,-11.775290028463019,1.0764691006248555,2.696031047461969,475.74141305586176,2.2953379023727853,0.10008780601897965
88265,-6.306839661265389,-7.784584510068129,2.0185468445387373,1.7629006048786153,420.4597752735524,0.855221003610894,0.10011025445957984
88266,-8.498683818182345,-6.979187860610804,0.6761954268068402,3.321482448972036,522.6137483538029,1.1516589975695801,0.10012357921736022
88267,-7.903497094411909,-6.3223595951877725,4.057092429248752,0.7761677328271704,149.53087710515751,0.16380222025289815,0.10013483117141411
88268,-2.678038607614072,-8.85168214015756,1.0822540597781138,0.9872910325488712,138.3438058430374,0.27280484981692865,0.10015825797005806
88269,-3.235398430607484,-12.456787174896053,0.8503015688917056,1.7003215263387979,397.8239602116684,0.34106924088609514,0.1001705087830522
88270,-6.030020624652575,-11.64073972882851,0.8471272116214374,1.808788395219091,428.8915772041167,0.21204892295420574,0.10017100150973748
88271,-3.60776534480917,-11.107583411288406,1.0853091757793005,0.8832827833772381,467.3666899208756,0.699908121262319,0.10018550171528041
88272,-8.33887889915956,-7.845346251031203,0.7441326405562271,1.3183017061962818,294.0611093322176,0.643239218332119,0.1002101003229033
88273,-6.828153617738233,-7.340056741050321,3.925321603447997,1.3868803133341945,318.0913136454695,0.3057339941899526,0.10021443704322812
88274,-8.57389363267147,-7.349939620954549,2.0870416938431164,1.8494622531256975,468.20474424216445,0.3651927920896467,0.10021518911883631
88275,-2.7671963523204806,-9.289230278495491,0.41694192036478767,0.7816357844537819,214.94727575576854,1.0723749334958432,0.10022484547249656
88276,-5.289358803457058,-11.5587283463499,0.9444857821842249,0.9145759728928976,468.5763299445362,0.824845415974715,0.10022707770771282
88277,-3.7343889371559778,-8.441421348555805,1.523272346807082,1.8850998067063092,454.66002557882894,0.21322160625619535,0.10023186045556823
88278,-3.591837426540046,-12.530716681763426,0.8308124735250327,1.4489342097083326,468.35796100680204,0.33822545177945873,0.10025045386920345
88279,-7.481285136649804,-5.0261714980738885,2.4530021777025355,1.364955344645016,307.83838636524536,0.10231475148898994,0.10025147510656356
88280,-6.074341124571188,-8.779095248032172,3.5977988434613812,1.6130842293453356,377.96379222454567,0.2608649760063342,0.10028607468490734
88281,-6.368937041274628,-8.6995474613169,3.714770504636915,0.7239723257345521,152.25552808967032,0.20052074484819382,0.10029346028006335
88282,-4.6713199555953,-8.717241792298179,3.371758496195547,0.8655726315994858,458.8552785377797,0.7514476212948997,0.10030189802196773
88283,-7.476335520273147,-5.518440020273804,1.7357501941238336,1.8643502470550268,469.4195545011573,0.03830967357199544,0.10030428964281522
88284,-6.793075697525625,-8.72145437737619,0.3562756400048815,1.5231830227064462,357.7780058627937,0.5721050661673424,0.10030595100602872
88285,-4.734458331282344,-8.868542366140172,3.2555895592956285,1.104908453273171,136.95788136363336,0.3287376480615629,0.1003074647760141
88286,-4.719346558929285,-11.567795742476791,0.9592212692909012,1.810071433915407,379.1567221510548,0.3908958382865828,0.10030878419176265
88287,-6.316942942443896,-12.760017543804354,0.3040861470624388,0.944504661565097,264.51243911244825,0.5597514909616335,0.10035231702790748
88288,-3.615135998068853,-9.9290552568414,1.6940878325993993,0.7171008554282754,200.06157603452857,1.2366586685451404,0.10035276659569096
88289,-7.991274317789811,-5.59927235772916,3.7777098286725037,2.189681865897538,426.4049435531798,2.182650292023249,0.10035603030190385
88290,-7.6142569371456315,-7.219204565545107,4.276456073027325,1.4301907717593823,468.06036551890134,0.7084064914626174,0.10037403419078458
88291,-5.435185167754356,-7.991018691273311,3.1038416590702442,0.8421068315076533,468.22939036674745,0.28381536321176437,0.10038653961389125
88292,-4.406740714343829,-9.325859302341353,2.684229826595366,0.9797732972507727,467.28280286820046,0.40908260913545114,0.10039466598623262
88293,-7.671380247525329,-8.946247490886574,2.187582321700489,0.9026720737535306,257.8611702717725,1.616408537300953,0.10041720217373724
88294,-4.901791251165846,-8.41549011335886,3.5455501962244194,1.6955540411542676,400.94706746208266,0.6934606552906999,0.10042821675856675
88295,-4.095353414279846,-8.366302781212578,3.3720333556111624,1.1845733542671544,232.4230639190192,0.011073143183316425,0.1004662009305928
88296,-7.4238344308053446,-5.606385710901563,2.449008133705749,1.221228677621887,258.22916599622613,0.3286552364954547,0.10046836454802024
88297,-5.1856431672927235,-10.041489678270722,0.07679395733958362,1.1036508817106139,277.7183406062555,1.792698205478156,0.10047084166040163
88298,-7.881341429082527,-5.902133870420601,3.921509997059042,1.2636763612472661,281.41376689591215,0.9841250462912088,0.10047684984231263
88299,-8.544393734597637,-5.718972437343289,2.789619452031104,1.80156765639378,428.1979459923811,0.46218888700330574,0.10047762047568871
88300,-6.886659260249075,-10.65593862310481,0.392020528653588,1.2101852830192321,304.6504590534604,1.460755518092891,0.10048838593341879
88301,-5.505688499210205,-9.34702582718209,2.7966600312901115,1.1250547075081307,467.5754446198412,0.565982381134015,0.10050379660656163
88302,-5.7903295286951195,-9.28731980789593,2.9152821443166483,1.4743754973776864,328.64886203022826,0.6037068309830014,0.10051771782881189
88303,-6.9650766336303604,-9.054248151734866,3.063440461627353,1.8125555279983023,166.69182024280948,0.41037666857052013,0.10052077992370184
88304,-7.405698638826292,-5.77100279056206,2.7405151858249077,0.9793231079636608,201.55025517835722,0.2781606555672669,0.10052249529720791
88305,-2.6395054753305054,-9.969313238784157,2.2721457947606147,0.8991103039228292,467.2289968101315,0.5961955482257375,0.10055145628921261
88306,-7.2828322448681915,-8.72708657468553,3.2052530833538833,1.8885572766064314,468.2221524825934,0.5438712992246026,0.10056292052024307
88307,-3.6399660336881716,-11.756986321037648,0.9280910170808662,1.651649950647772,384.2835490256223,0.1420177938801217,0.10056687440118313
88308,-5.557771204830928,-12.953569292780422,0.7395770768113641,0.5160622223568843,159.51139719564003,0.8424565514292501,0.10056921878431718
88309,-3.05118004599914,-9.496005781066584,2.494824743447119,2.8137041479279237,461.4057110749887,0.4395635027928906,0.10057693784993194
88310,-4.5911833278422,-8.275232693491432,1.8819994539327343,0.7660924011826845,167.84399228305665,0.8103529836549752,0.10062869640982816
88311,-5.5850564456359875,-8.003058187155984,2.3117540317859375,0.8191614271377732,469.7457358391729,0.18016805342900533,0.100631624919156
88312,-6.807783366692872,-9.887999772715244,1.6777612649476914,0.6693073069203862,467.6737826154911,0.439385412912098,0.10063251190848327
88313,-7.588874549472022,-7.5549538513194,4.146914856671737,0.914584559742595,232.19223565897485,1.1131353524686602,0.10064961143638398
88314,-3.5641317598948516,-8.244076703170808,3.101196750455225,2.7394796850749707,466.69378868670884,0.7054205990265467,0.10065332219029896
88315,-6.835342850703901,-7.16651996715312,2.8527177669492234,1.3752704452858109,330.10861534570137,0.2404060952075735,0.10065799445720017
88316,-3.3602201975008903,-8.812687765351416,3.2085115443456327,1.3032011020047236,290.11682926016346,0.5062835972845834,0.10068027127354771
88317,-6.845857414122558,-7.176399516881046,2.645911373865204,1.751863467330972,375.12172526832717,1.7703809673472337,0.10073475169446405
88318,-8.289870173219501,-6.997817384964091,3.4117648256195627,1.2088079752427279,467.15652711707327,0.26188336744647156,0.1007494564484173
88319,-7.619495282226342,-5.148001212847328,0.707660427148066,1.026898349620824,273.7260967057067,1.4431327310894497,0.10075177630162298
88320,-3.541428464541462,-11.877341165451485,0.9070564192563613,1.0263063472279372,278.1882601710094,1.363738381493933,0.10078034343206108
88321,-7.005483209419857,-8.696844501107153,3.514168833664848,0.9055044443363762,241.6187023515769,0.7730300563008674,0.1007828570139181
88322,-6.562425990305426,-7.426827303083366,3.16628728189175,0.9988003038483176,264.3254293868113,1.4410790234007704,0.10078859517067992
88323,-3.7355297308938384,-9.716984591134617,1.9849179304428823,0.983967861424438,462.513564405811,0.5827248781315264,0.10078910876457534
88324,-2.6350443769775627,-10.591125906212,1.6697909673011737,1.6840883495126202,468.17532066552894,0.36638548639362245,0.10079561929843066
88325,-6.928139453844203,-7.5147476054564,1.4573924517919323,3.9853395720985496,274.08722787993673,0.2668394131871361,0.10079634309297361
88326,-3.20718967346569,-9.464741545131405,2.4481435033569405,1.5718284876832052,360.54376655292094,0.409580599657728,0.10080916007207376
88327,-6.724282439089826,-8.418044466552056,3.972291810487334,1.707753244105763,468.5892538050822,0.6686349023237961,0.10081138770255146
88328,-7.723634111521937,-5.410769282199497,3.661515858883237,0.922197484270423,260.72326418461745,0.48468782881544836,0.10084206125481586
88329,-4.84121940818588,-12.217023618551462,0.8462254811750496,1.2646160135270068,283.52021124630363,0.311547822172078,0.1009052288262676
88330,-5.972238624195756,-12.115799225042144,0.1550116202299435,1.126984469628127,468.31380165007556,0.5033473234539008,0.10092493246388658
88331,-3.9378009007526096,-8.249479565167647,2.135884084255573,2.005214434926737,404.673773337536,0.5465141824383482,0.10093313190600368
88332,-8.43549006590253,-7.7232720230198835,2.123422169432881,2.368392694098234,440.31601348359794,1.352620829904116,0.10094278169327013
88333,-6.130474647924357,-9.284775549500687,2.9618213230168013,1.6494676078560924,386.96480081736684,0.7211398107969655,0.10094603875565418
88334,-7.421099997230694,-9.943926004467864,0.6528330520697919,2.361497291706799,415.0535731919935,0.25686458051946914,0.10095682559543741
88335,-3.863587179197693,-11.29649011026209,1.0300898382286259,1.340752307656015,323.478630722181,0.2343487379177418,0.10097136497335682
88336,-7.019518033207225,-9.46950314271232,2.3866048595873948,1.3527277605900974,322.17510906231655,0.7768948875600605,0.10097998834328127
88337,-2.560615801023511,-9.414023434364367,1.0204968153425178,1.2366074927024964,311.2410806021385,0.3098241596574214,0.10100192693625307
88338,-7.541568657830526,-5.077493890494169,1.356212435578134,1.8356888547759238,387.04299282708257,1.992264994886086,0.10100919635798528
88339,-4.038137098026543,-8.553444444623903,1.2316802778595304,1.1224038918107984,468.09830349989124,0.7297302215469168,0.10102253457351948
88340,-3.624967940299393,-8.443606168200724,3.339790732503914,1.8102846196512286,445.76005763016695,0.31654401872048243,0.10102767420041345
88341,-2.7351380976920323,-9.284433094516963,3.038443918078109,0.8721904641378204,468.38527193447396,0.3932829413066843,0.10105200782645984
88342,-5.580588449050078,-8.999857554839,3.239538612535004,1.0975511181609665,338.6871929950791,0.9770472990059709,0.10106431971817688
88343,-4.591812040828111,-11.59528117130693,0.053602510816598906,1.8451977334634793,443.205244909841,0.07723306613470182,0.10106960089566278
88344,-5.48357595021205,-10.103044259977686,1.5681426463094483,0.9659052238844656,188.6229575527672,0.7891273191946935,0.10107165757991306
88345,-6.242901040055095,-8.916925274828099,3.446159221198006,0.9373265505886593,257.35596002337405,1.5652863738813005,0.10107221583067783
88346,-2.99786504157328,-8.43945628910599,3.1825277605309354,3.973204131901346,211.93655945533095,0.3537639749209731,0.10108749282539128
88347,-7.36168299749913,-6.672892759958325,1.191850791501853,1.5474504969520797,468.39725404686953,0.1794798512510658,0.10109315310627592
88348,-5.097385530528864,-9.04841321535578,0.3650808101730804,2.0173783942112142,407.01819429785587,2.0265787592679105,0.10111393323719471
88349,-3.826031122759481,-9.633251033052288,2.141006142497816,1.262941666806217,315.6102855447551,1.5503297233964597,0.10113242871148749
88350,-7.014429882874449,-6.951785557098132,3.416192842249556,1.2385338710588158,258.40593008143753,0.29291885811814034,0.1011387856562522
88351,-2.418854634922962,-11.206965145354635,1.0698463326765222,5.126502477212674,619.673481728862,0.31258188251212626,0.10115725804984092
88352,-3.7075016851211453,-8.23140519629889,2.307450883527146,2.000919582783747,310.7643499397255,0.02796005404776647,0.10116153320782477
88353,-4.259402198581011,-8.86264897745785,3.1880481602833597,1.0944642727578515,290.0130578438343,0.9375978382662282,0.10118111935899404
88354,-5.02125914431688,-9.072741722862759,3.0642149131871106,1.1909915427957753,262.7612929298625,0.24476258984179466,0.10119948130223573
88355,-6.059721321956514,-12.698533798482982,0.6727817853178296,0.821771456373622,165.5938294715933,0.3819729913076433,0.1012032121313964
88356,-6.96259987910972,-7.001111108666704,2.810789908878321,1.3566293653820976,468.07516483927753,0.7166808140766241,0.10120466504137632
88357,-8.70800094247494,-6.556270823374284,1.7118524674926179,0.9301830537638417,463.3504890677477,0.005280218683846094,0.1012116170590196
88358,-7.519825132123104,-5.378112244315182,1.4093148452740984,1.4748594452509238,337.5574375814088,0.051819118284783805,0.10121192587479162
88359,-7.065508814237887,-6.946436487350479,3.6652040291318673,1.6574869016278082,352.7356502184722,0.9715118480098139,0.10121627503378387
88360,-3.9733853101814667,-8.528218991457246,1.30559543502951,0.7712832779902182,174.0844730137163,0.36915942981806094,0.10123133455790473
88361,-6.7593482850175555,-7.409263050054686,3.919260702283774,1.6554987922811064,388.0922729189138,0.7011923977486969,0.1012336412360899
88362,-5.893786810604851,-7.843949618408481,2.741689497728902,1.8043888146519005,212.30746817978275,0.3732258242403468,0.1012386426902305
88363,-3.57409349852896,-11.806098477134338,0.9164401010352821,2.8957512809635757,478.6940133814452,0.5353472641184629,0.10125690325233158
88364,-2.766536891751862,-10.981892293081621,1.2319119506448533,1.4960650586085364,343.22268652567584,0.5908504374533718,0.1012965611703114
88365,-4.792484237264838,-12.011406439571868,0.8723000682729181,2.6565772228237874,467.77112540460587,1.2787225543682537,0.10130134721743049
88366,-2.5829284193089634,-12.679486377085126,1.33325891962465,1.1543063010823096,247.28574239854152,0.797887179998976,0.10132460169791353
88367,-3.1137633677051957,-9.483610091737962,0.22738147173716464,1.736706527092885,406.8757729721353,0.2157206080990779,0.10133309308965359
88368,-3.627585174545694,-11.428281499340349,0.9926320767583783,1.8198263610598224,381.3904680277776,1.4759435845951048,0.10134097417486561
88369,-8.758605370688603,-5.060187477338669,1.4214814050249152,14.212913740480639,669.8817953890523,0.041524642513910415,0.10134334433470499
88370,-3.4855389805325165,-9.620145965257603,0.13926641295753503,2.102893060168658,413.0379905171954,1.3868529482886158,0.10134723092820276
88371,-2.7823025649237856,-9.738282647119076,2.327518033282877,0.8770143245377198,211.1862012840977,1.100346432939567,0.10134952407087329
88372,-2.9571128674209843,-9.633670461470267,2.3209719476979433,1.041738907240779,273.52099938535173,0.29625389534396795,0.1013618638330375
88373,-4.095179999158153,-8.288775127837093,3.251393114168325,0.8909530700698548,455.0543575829545,0.13447322447350363,0.10136370300372677
88374,-8.19795382022142,-7.05810218335608,3.5761788461917803,1.1311418818255892,437.92523782959853,0.5867747466671771,0.10136756018873044
88375,-5.828697280892298,-9.754002440187193,2.15582684230643,1.4121700428767776,319.4893841053644,0.8080861802964368,0.10137444905535616
88376,-7.247657682958339,-7.629393709052566,4.318224528285443,0.572782598033599,177.43020409816586,1.1207506096349107,0.10139299565806724
88377,-6.315032931647971,-12.650211057480703,0.6034365973287066,1.5497996309425506,342.98384278505426,0.3618330706819348,0.10141274825033486
88378,-3.501680092572985,-12.030926298204047,0.04129040337085678,1.617440920733211,357.6981429026396,1.7710303167082273,0.10143235801975407
88379,-7.857310656475086,-9.220064535437427,1.1171253348752557,0.8268802536785899,180.07006581350572,0.28493015732460325,0.10146900667619362
88380,-4.4472997162346655,-8.28422181978741,3.3526688552586963,1.1309677470757933,290.32957214528176,1.072752237934412,0.10147137967384741
88381,-7.672274583251877,-8.907146529361267,2.2513054204023444,1.310515605911866,294.4892712946997,0.2773574402222332,0.10148302926760198
88382,-6.382164728925732,-8.875972745299164,3.498828395979602,1.2763832030240292,194.9985205820541,0.050016311970147775,0.10151314671165804
88383,-7.562799630509492,-6.539093317434617,4.145056514882252,1.07408359479542,224.33588024244966,0.8455254189143036,0.1015187044219323
88384,-6.390757100958538,-7.634374829730713,2.4255390272494077,0.9372809829965597,258.86643716268,1.3461131949772343,0.1015441173209498
88385,-3.8251746229248003,-8.207748527393875,2.868319797129711,1.1830369148906665,467.76189601199695,0.058564777057926065,0.10154700166307468
88386,-6.079828164962595,-9.612882915206084,2.471330216649586,1.2337019230407495,311.2365080665193,0.5601632628434183,0.10154817154329955
88387,-2.4899322294776294,-10.053545340232246,1.5778743253300571,1.8381470257021952,451.6137921168753,0.5043398372339034,0.10156637414818898
88388,-7.148580571415559,-6.71917196342659,2.3790533753773615,1.0296899878228436,268.15080426048445,1.0359047525756404,0.10162830186567104
88389,-5.768765599380429,-8.55678396839847,0.7566055289735165,1.0508066297057996,273.69224896491187,0.5694015950447477,0.10164160242161045
88390,-5.629822124705403,-10.113882031775763,1.5577641264042383,8.082738032260542,604.4305275995013,0.06501699439236308,0.10166599017213504
88391,-7.433791839281225,-5.52981480457313,2.4989723812738776,1.0023575297981977,269.22455180339404,1.367789109661837,0.10167811260733975
88392,-5.638903844699364,-7.919942292127413,2.9166329070317665,1.8757239763478795,468.4800763101291,0.08110042749299673,0.10168279444549666
88393,-2.5281204207257986,-10.793000411009219,1.9312737428016442,2.0479419528393135,408.4955681197069,1.5944412041196525,0.1016849600542627
88394,-6.857515417226594,-10.8683266108332,0.7751365814578486,1.148147542938126,468.4089002214174,0.5396953549566907,0.10169974358954456
88395,-3.1886529545163818,-8.460235662256151,1.546141763529582,1.8751568173631596,469.24170174842465,0.21939549385370594,0.10172311348687363
88396,-2.490891131570759,-11.68297810678174,1.7209256515254985,1.7775873951497823,468.0074878809206,0.3714966783942977,0.10172723954962574
88397,-2.957589022851086,-8.809563678768967,3.2724086975794924,1.8392828412941085,455.7912786651709,0.7281792829055602,0.10173830849791558
88398,-6.433836368058098,-11.463998738130119,0.7619729491995602,1.2784300186850208,275.4071620481686,0.19932280470395813,0.10174288041750013
88399,-5.861115328787546,-11.252687410251868,0.988029156951399,1.5870391624039093,354.812811830088,1.462611010983193,0.10174480214277586
88400,-6.5413799011044365,-11.453305890287451,0.34378281607319106,1.8291850902938396,442.1953231417159,0.35734120739469244,0.10174947045282622
88401,-7.434362477095882,-5.583066648234069,2.3352917667440747,1.0521644184167043,246.02995502955145,0.4914732075486148,0.10176909497798647
88402,-4.678815241612387,-8.273620046664531,1.8705239494891233,2.9759351617817216,497.2553154402787,1.5107646447549916,0.10177954391256885
88403,-7.571686211287573,-5.901574262689506,3.6849994402658908,1.1555698559891185,284.3790979138527,0.8237651091559028,0.10179389749492122
88404,-7.579573760140864,-7.580047700534981,0.5573136999881868,4.5567472666984274,405.21628627232786,0.059832231092745936,0.10179651046678583
88405,-7.445846044446772,-5.884909481596442,1.6319771226217847,1.3723786726275677,331.2348259866941,0.33684911793993333,0.10180538779531287
88406,-7.6450976489667815,-6.769219026445017,4.249866959162677,4.458665790367972,587.3601903102091,0.40787361204422456,0.10180857141975759
88407,-6.799269599695002,-9.429365233674481,2.6209390678150766,1.0518305151305771,467.3034027794462,0.4299988573927269,0.1018246514257505
88408,-6.335460323191546,-7.810957905837605,4.016282662341341,0.843675609042096,396.11373231720364,0.3064522281094968,0.10184134432099778
88409,-6.9904219111466315,-7.1642525115069216,1.9548934167462226,1.847081586708264,467.5556419272481,0.6295360049696876,0.10186481889426403
88410,-5.380786933430955,-8.389502623770028,3.6883860506506934,0.6836846129862819,137.90301418575686,0.9063050852245569,0.10186498068903134
88411,-4.094014978889148,-8.331219797883586,1.784425415767874,1.2057078878407501,265.8512451615216,0.15469926667411737,0.10187431793416121
88412,-7.749073846617172,-6.329255600992021,0.47913407332171076,0.9367707588528401,467.8011872231401,0.23506860832292542,0.10187586560759833
88413,-2.737044329946415,-9.953658001336173,1.9852815964523762,0.886282653960064,468.0255774904646,0.935033465288087,0.10187801658994222
88414,-2.782498490718588,-9.082978387433712,3.0675054756944196,0.5401174124665971,114.12144693834622,0.5937461370568506,0.10187837772569751
88415,-7.379767892500275,-7.016922977392633,4.272108102183919,1.1149824725391284,239.29392742746884,0.5061934491267799,0.10187924245800066
88416,-5.2682730256017525,-9.872489778862377,1.8028071319318064,4.0265351218394345,569.260450044489,0.8360368141696801,0.10188737504351084
88417,-8.320407367855754,-7.909812740410289,2.2311732787919154,8.435453993363902,674.5228889663844,0.14881001791943138,0.10189237904133412
88418,-7.507405611470308,-5.0690020016944155,2.716531807112279,2.8126534729443655,463.9997897862547,0.47860655390666906,0.10190949400774015
88419,-5.437999195822307,-8.285839477125537,1.523253459340149,1.7885199030020074,370.9740241068023,1.0269390042996003,0.10191272122026755
88420,-7.427868338537012,-5.66258952156941,2.7128912602756445,1.1784382719359399,301.67851522196884,1.2049641311414945,0.10193902479647102
88421,-6.429111639805605,-11.4147436469276,0.7820100849305724,1.9496834859162226,398.0847006399183,1.738660282212991,0.10194880363867573
88422,-4.561443189315741,-11.352310058364877,1.0102162317057226,1.4143364506421194,336.0739542202038,0.4780796598941697,0.10196015953108022
88423,-6.168612664074935,-12.235834554528193,0.6878242883374842,0.8975711631755294,251.08658619114868,1.4421201164182298,0.10198617714670058
88424,-3.050103346678328,-8.613378447621837,1.2583640095604913,0.9850930530620503,259.3607772783674,0.7654751434451574,0.10200101045508471
88425,-7.100975428606951,-8.058366030202698,4.138220538107135,5.602675392780616,652.1421499017223,0.5354788703059095,0.1020013895789016
88426,-3.5137150271005515,-10.23687342055884,0.050408296248821434,1.7271059041627324,469.6015601880948,0.2095324250827817,0.1020429673031871
88427,-5.856523942934241,-9.620311975055916,2.426706794761865,1.787105582959055,425.59187761787626,0.410133677678318,0.10206380200438873
88428,-8.278158030082809,-6.430346329753665,3.543190838118205,0.8710462900100232,225.33504651377808,0.8277353561204119,0.10206524841490357
88429,-5.038664719487199,-11.208910181122647,1.0419400725010974,1.067450781628201,335.49264072967696,0.23650012912580198,0.10206850272983363
88430,-6.551066617777292,-12.41911899037791,0.3968252879444565,1.7389878954865956,411.256007180756,0.4247745400637166,0.1020712251316415
88431,-8.247401343518437,-6.407423170408661,3.602019923749563,1.828493801465948,469.86012913435906,0.07545078396009508,0.10207625265173126
88432,-7.50058076786631,-5.748872033654972,1.0364292303794407,0.9711908763235974,179.4623189988938,0.1181208091464434,0.10209931262871988
88433,-5.581785751051971,-8.45856231941443,1.0032248536874546,1.0653789175227724,254.07216615259165,0.3194398162374563,0.10210079927604408
88434,-7.285567741555589,-7.971018286601663,0.5941395578989251,1.7210361909244438,468.60306348395704,0.8260494649157835,0.10214421366806155
88435,-7.281984948369018,-8.208112480980553,3.8575747240780864,0.8471957403409375,222.93804798736303,0.9674349454429887,0.10216283456835432
88436,-4.3109013562687934,-11.121293518373049,1.073967985404959,1.658329978893348,389.1736607696887,0.5506713917952952,0.10217302847558615
88437,-5.82879022932015,-12.832161426395691,0.7024233029863838,1.7913514885230262,468.59928457611153,0.6499203989021147,0.10219214413694269
88438,-7.7463823676373895,-7.868726372974576,3.656463157646573,0.7474503675822608,466.1432373402192,0.28403937277561475,0.1021992030513823
88439,-6.568158441308192,-7.442677096997934,2.8578517750188923,1.592393155388989,468.73006099026753,0.22323704131675193,0.10222964576215213
88440,-2.6597522906441986,-11.633980069945315,1.1887044359550838,1.170460062306827,302.0322387734503,1.4106352502131747,0.10225061574708423
88441,-5.5382629075729275,-8.114938487276035,3.6459529639813626,0.9686824313070483,468.01593804942246,0.37523214130254257,0.10227934642305232
88442,-3.8208116429856966,-9.175064173405698,0.33041625022898335,2.486398483774676,455.86003812898105,2.063947224129916,0.10228435923241429
88443,-6.198381896327303,-8.34045013774547,4.001013217050346,0.8098391986154562,165.36023934724636,0.14562372453315398,0.10228973107151743
88444,-6.827084056889975,-7.604987503998902,4.242342795403218,1.2327744615983933,468.45795434734,0.396781226551874,0.10231691629107723
88445,-5.992394470674433,-11.661514842536345,0.8395527256124897,0.8062488433977633,209.9951109853661,0.6358036718288238,0.10235392088700739
88446,-5.064234044377518,-8.39220143192513,1.4280423855684798,2.5024653170815894,455.2917674625242,1.478982990914699,0.1023563171890989
88447,-6.444594539388817,-8.020969510034009,1.2962521094247086,1.8818323110943986,467.77048696953227,0.15381310130630776,0.10235729897948119
88448,-6.8421231450397295,-10.836649436294774,0.8417855621640828,1.297126727246351,273.97262864071814,0.015090672555489348,0.10235890195529918
88449,-7.11310321013478,-6.7351126058674105,2.78913855344292,1.7387598291479585,468.4322332153889,0.40875478790528685,0.10236290720379493
88450,-7.68364509545569,-7.4815682214194,4.086278224023415,1.1394124799095884,265.79422584484314,1.107880320400139,0.10236596065055595
88451,-3.239021752799852,-8.243519255157214,2.312236815927995,0.8592858199232627,467.50912575505043,0.6281090089546604,0.10238821463294254
88452,-2.7531647347177532,-8.747063137350978,1.347004603984739,3.5688817282669194,518.3863267966074,0.3014138755895752,0.10239792842236609
88453,-7.517994436566461,-5.473224203976135,1.1797288971352147,1.0159158062834222,271.58080871128885,1.4926696855238228,0.10242036718197527
88454,-4.6424210781131166,-8.611870146097123,3.408844604598325,1.1522548866472229,286.0237891779068,0.5115926671869753,0.10242708505033365
88455,-5.341556654550478,-10.257829969092137,1.4521420870672666,1.0310513396762755,281.7432204894102,1.154320760932067,0.1024288456209927
88456,-7.7754549138559295,-8.651711375808075,2.449611202804667,0.9768111519989248,193.06747286513345,0.0982378886891091,0.10245802329921114
88457,-7.524379746458095,-9.81205833520299,1.0139266033597898,1.273918042773127,304.3129316636016,0.8413855592192396,0.10246492997637507
88458,-7.794780179030811,-5.913513476529094,3.916942961979374,1.0511864328613387,274.9644069907702,0.30527206766785486,0.10246953870094457
88459,-5.510827826485163,-9.041966075924089,3.1685151716849345,1.1134722638964187,260.72070535821706,1.2940185062877658,0.10248005071508624
88460,-5.523250882698586,-8.068690845136258,2.0983280494193957,0.9778212276529258,364.80803055704376,0.35006462148116757,0.102487371813435
88461,-6.047703902634342,-9.175439810259176,0.2262640687523465,1.7155229033284973,405.945975062005,0.5952828545330773,0.10249398211974586
88462,-6.785017239745422,-9.886836094058324,1.6782621813916818,1.3081024064375548,320.54980192279794,0.28553270816814,0.10250431615231205
88463,-8.66036458190635,-7.263324936584383,1.185615187766901,1.2783940890170142,272.1430078950267,0.738815283336625,0.10250766214076361
88464,-2.986634355211157,-8.355077544747386,2.302325771478053,1.0445455920315339,467.4863977663911,0.5475591831357773,0.10251531709597905
88465,-3.620376441109004,-8.238422094398118,2.2926676303052185,0.7094429578324218,205.5878877372451,0.8938927158434806,0.1025259286270096
88466,-3.0331158145263926,-10.108353268347788,0.09442028070260057,3.290245903053168,503.5889230063747,0.35419385913525847,0.10252661955708019
88467,-5.4333794900616335,-9.8828321981927,1.8025213397413116,0.9232662328744817,260.0820819331959,1.781134612230736,0.10254448758405817
88468,-7.272013123344208,-9.443608962881672,2.0668632259763733,1.017902084517513,270.02710933538015,1.4043247709166344,0.10256705791546732
88469,-8.522756294442127,-5.608791123074976,2.828833145506562,0.8307144846834359,181.74925923867013,0.6032459413292068,0.10256707005937203
88470,-5.143557382434722,-8.060285240608476,2.879482581404572,1.8185084986210147,467.653369507429,0.4349238406015328,0.1025675464404638
88471,-3.352881090447779,-9.673920492967035,0.13075732224503636,1.6141054433193576,468.0882099006747,0.652411650413252,0.10261449656710749
88472,-3.65894007052586,-9.357567128350928,0.2311826207906042,0.6957953782402847,143.27059891685727,0.5200752565324818,0.10262839184771957
88473,-6.707933221038463,-11.364463938250005,0.6190368618365499,1.7902880110919381,425.1272542729163,0.2921477670098094,0.10263805664637216
88474,-2.4531477817125253,-10.830069247362703,1.6715519032273587,1.8174680089439705,376.5130780656564,0.9882779316357055,0.10263934454729093
88475,-7.674052214683689,-9.553563758328888,1.0542223387582543,0.8777283995415268,468.09113413420124,0.7258496255422822,0.10266510372575584
88476,-7.724118176542742,-6.593556788535221,4.185147267477348,1.498671711644072,244.09071438458594,0.07092765993585903,0.10268310879186401
88477,-6.640934567904347,-7.380777953402288,2.839386433288916,15.789078316647155,706.3965926592995,0.07117580627974363,0.10268363950136722
88478,-4.386673595528466,-9.16870555181411,2.85861212192715,0.8970653950100533,202.7020473208232,0.02657382326299018,0.10268640682925136
88479,-6.431117334793561,-12.999768570940493,0.5202228860937599,1.8770466149980993,381.8625864061972,0.9061899111222775,0.1026955865123596
88480,-5.0293276344475295,-9.019356378195658,3.114582245413597,0.8884096866420433,230.46402997939356,0.7978910067321019,0.10271038824262273
88481,-8.226078109429926,-5.9528818371794685,3.5630908110737995,0.8389127670534121,172.7972936419157,0.2697460188758365,0.1027211961411129
88482,-4.9475861580115925,-10.018747099772444,1.6207092738739188,1.1340434167297373,291.0279968352252,0.4880597379630318,0.1027221322413207
88483,-4.369414587791396,-8.448729242138514,3.414789985291087,8.721307094815483,547.9661297191091,0.00016431440574926626,0.10272539538585836
88484,-7.351263145572663,-7.413243566761816,4.3268946918959985,0.5169399123454688,132.22574318340187,1.2116983715909608,0.10275679031951884
88485,-6.328935322924885,-7.620970201714061,2.789363900248953,1.8257771129639717,467.08128065767596,0.02284483087816014,0.1027692705523431
88486,-5.524404353124216,-12.17993777782447,0.8023322664810476,1.16232933851901,468.5870952166049,0.11391898453177962,0.1027780458508477
88487,-5.527895914350048,-10.172036362062013,1.5098498716643496,2.1494977448747137,421.0341049081446,1.7454041975510526,0.10277984554909275
88488,-7.9200507639749596,-5.317041846290002,3.711959048723859,1.0687885727259592,467.03514958505366,0.6436496691291795,0.10278402572007912
88489,-5.658098554238781,-12.76462936894262,0.7314239730874533,1.0396876153545982,138.3037112904919,0.27900541247911637,0.10279295277101451
88490,-8.452155609373301,-5.945036888341181,3.0711312604098726,1.2580426259620552,277.06804860353816,0.07094698721383264,0.10280819872654909
88491,-7.365327663871435,-5.987133573776407,2.5959387441462747,1.0210942598536734,275.52337389314084,1.7885718633043517,0.1028237781160055
88492,-5.452631908405129,-8.704986955106898,3.512902667587459,0.8653796621534892,468.12870960414307,0.7468888435305239,0.1028240566864832
88493,-4.370881716252133,-10.086969568288735,0.06472735921626176,1.0928086919671842,467.9603661683535,0.9368128019280038,0.10282873490262764
88494,-6.129362363502889,-11.098318652362215,1.0060752382903808,1.8275394782622143,467.56785163364077,0.2951571070123631,0.10283606847438788
88495,-7.53971642643621,-5.070219713934349,1.121646014479981,10.239224613295779,425.845670037354,0.16337389088627852,0.1028443442879014
88496,-4.41644219093443,-8.353795095766904,1.7088758427779425,1.5635517911651595,365.0097199231989,0.5062509066795942,0.10284505343926124
88497,-5.829414500112574,-10.57179564200872,0.10238190977563594,1.836784416145608,469.8906247104367,0.16196905246502613,0.10285144579102001
88498,-4.942087021706524,-9.683219271711415,2.1289873778871518,0.7791487613403204,158.4035678989196,0.4078777018356874,0.10285258029101256
88499,-7.370241801533228,-8.71344230577458,0.4584895819351965,1.5610995745254441,468.0313757417809,0.4562858481950878,0.10287509831627942
88500,-8.202420172956845,-5.3063562274856135,3.4790936916119537,5.596207349311982,651.3243519406413,0.5149695021531864,0.1029355177618404
88501,-4.471949753116601,-8.237274511813613,2.084517973852728,1.3461440952594534,321.86761920343895,1.4964914044050293,0.10294055260839029
88502,-4.305426198709474,-9.288702556879885,2.7016530122366302,1.0100036645561195,278.1272435729002,1.1523655429386928,0.10295319060825826
88503,-4.974914892419361,-12.260619111437867,0.822799254959209,0.8556566148431691,466.81386364061365,0.5530362878081698,0.10295712406723205
88504,-5.189108609250379,-8.133730370719455,2.127265442773238,7.324328562664168,440.51006790553686,0.1332742266564022,0.10296451269199795
88505,-5.821411063955288,-10.43279248757167,1.3257369112905601,1.1708730689640536,299.68002015315614,1.2254621596865825,0.10296599513699205
88506,-6.092478237862199,-12.866687692622282,0.6530970362884444,1.1151467756208944,467.2896209302596,0.779283736982955,0.10297037912625555
88507,-3.909573015203433,-8.257600170632985,2.147935357765475,1.5197321940324695,469.4860682095193,0.1486190179899074,0.10298303772722943
88508,-5.451435982581816,-8.084274013348153,2.1260042136605666,1.8122214020790557,447.1293989636398,0.32097319770934707,0.10300296889444267
88509,-7.164101882964429,-7.0215885220113465,1.6521142930356614,0.8986490764247271,468.1959540810772,0.9405641667428997,0.10300427683416309
88510,-3.8048747408421164,-8.985493140346556,3.031043909667936,1.0658219176354204,276.19848521460335,1.2690022957363203,0.1030309142525162
88511,-8.731502241259834,-6.659682290010001,1.3777041865646578,1.1543452142213726,467.09697187841545,0.133641910283405,0.1030661489992801
88512,-5.890917450816201,-9.459628310976758,2.669005381968724,0.7676703051198125,468.7412217328388,0.2907548260949975,0.10306963198691949
88513,-7.460357803635716,-6.264781726609506,3.7714776054674313,1.369634765894497,324.23273469753076,1.6947197994315726,0.10308057630869394
88514,-6.280160764128494,-9.354957335856016,2.8489209852870663,1.0757326912480654,212.5974221436096,0.06431143932366101,0.10308717458245271
88515,-5.198821696086473,-9.770232299991351,1.97981672722982,1.2579886841580084,314.09257029963464,0.3003307410200682,0.10310823639351481
88516,-8.23314151824774,-6.620903229776681,3.622778095650853,0.8583733847455903,466.78711156809993,0.17034830986092597,0.10312847623656497
88517,-5.611726486189609,-8.495022185809116,3.7091087532670173,1.1388785510948618,287.6124633988273,1.189646235794461,0.10314138754172916
88518,-2.986532174630744,-9.121878364936329,3.002191011519022,1.8740986683105636,449.60160233993656,0.5752023785626035,0.1031453680219287
88519,-4.113581192444117,-8.958233051077537,0.5110856129858351,1.0153746063166975,275.25455466623026,1.4788556430643824,0.10316104397208892
88520,-8.160416454548153,-5.699373067659108,3.6117718053551715,1.854358163792833,467.4910407304729,0.4281777055599614,0.10318592080768971
88521,-5.973369872845666,-7.9419267007707655,2.0575215122069737,8.138758060706344,480.3520971235794,0.08466085201287132,0.10319277357878949
88522,-5.103695983035696,-8.12237413925463,3.3154529365231227,0.8009361206230872,187.29473621055163,0.9768686985286674,0.10319910815585197
88523,-4.997442688560781,-9.296419439211299,2.758778501630602,1.1133193061897744,279.614360191042,1.1895926668079442,0.1032034025893458
88524,-2.488602084561532,-12.247501381116757,0.5086897906167728,1.0008219543174472,468.67707966314106,0.32295103790136714,0.10320490868023749
88525,-3.268224555981999,-8.980718937872254,3.0236016512180206,1.232700783630117,251.24964019576743,0.030358361933917166,0.10321150883024323
88526,-5.303770989129795,-8.50746786441253,1.0224105360734799,2.224102999011765,429.391438553971,2.0137450532954873,0.10331577039802109
88527,-2.7349265833324896,-10.554736824139743,1.4144568470362526,0.9753497931616705,467.8127560124565,0.4095550014891698,0.10331942251531845
88528,-8.261434391959225,-6.625635140620634,3.561621965951704,0.8069352729005299,168.2609125368897,0.0024538264130820053,0.10332715939174099
88529,-5.886062361799738,-8.541226496620407,0.7469517642534742,1.7991481812763785,427.9908553537369,0.30241474064176543,0.103343257383043
88530,-6.126463169306752,-12.710986128021162,0.6541429024453045,1.6991063255684484,467.61557765038117,0.16395424524350588,0.10334812252390062
88531,-6.321951783369222,-9.753618474268867,2.18497284218242,1.005652911678996,226.39107392389974,0.33417564500956853,0.1033488892793055
88532,-7.472361661312668,-9.424894462177225,1.6660291496655344,1.8438703698734262,442.9587508811912,0.035471306642297584,0.10337325103076771
88533,-6.171642462165129,-9.996903003194454,1.6509236849888582,1.1342229447350771,259.6899901855989,0.9042680539516468,0.10337698935514733
88534,-6.406522004447272,-11.394877635868696,0.7903711543780905,1.4665468881667882,328.3979815774632,0.1414047055867691,0.1033787025935107
88535,-6.070418912410942,-12.930788552399518,0.6526738827369226,0.7134096938453998,133.87816901086734,0.015722092821607525,0.1033810594628572
88536,-8.394745209241528,-6.314177982353596,3.2642872786353907,1.102746770266831,245.66567861384053,0.20809617518846402,0.1033988315180429
88537,-6.970688162111245,-9.04021882950573,3.0597331079282184,2.2314678831308736,208.74768104833643,0.32433387361870114,0.10341095104847946
88538,-5.596832900805866,-10.726317087343924,0.08786187919456025,1.0116036326981657,256.5128890473594,0.36871448085532954,0.10343454975586183
88539,-5.234063136677165,-8.99911788560323,3.161626175437543,0.7773385594408752,165.8079872626061,0.05350567707948173,0.10345043946350906
88540,-5.9274829464693894,-8.044584313423503,3.8740836227267583,0.9362221996167852,467.7409270791025,0.9336222466221598,0.10345616603131531
88541,-5.558349588788935,-11.701957065020489,0.8810291254887856,0.9262707378140674,184.3861843974532,0.08347360394878311,0.10345966895720672
88542,-7.820315190094269,-8.820972622380662,2.016027568831653,1.07930923690387,215.30473078214774,0.11357309562460127,0.10348088999569295
88543,-6.0827055444743205,-11.506777008405969,0.8606489277070543,1.5637619078595277,469.5228638860283,0.04360038837933722,0.1034860398500888
88544,-7.510032633081311,-5.623103911910862,1.418143462200644,0.8289896242257684,466.44053333171854,0.18431826350069525,0.10349521318346654
88545,-4.141945304879923,-8.963747930429799,3.06563413765587,1.6554756009959843,363.3320699113038,1.284714103524716,0.10350056954743306
88546,-8.614117333195646,-6.703941886882906,0.8537249263268732,1.6902163533453105,467.382739081076,0.5564670200268145,0.1035404140671949
88547,-3.4226963931876178,-10.883482794515716,1.147295271540373,2.3419669710831386,442.1247061253248,2.1409414965464952,0.10355118266196829
88548,-3.789686417465923,-12.176197263347719,0.8504690079230753,1.101242369838817,156.92357107061932,0.21837358991280986,0.10355709015826697
88549,-5.100514499062157,-8.227596346167555,3.479566507547977,1.1762797539964815,300.16855931218214,1.8633878387623204,0.10357009336877801
88550,-7.799632610270048,-8.224706461858256,3.08060591890349,1.7692597760518474,420.5712807787016,0.03477524797501541,0.10358248062670194
88551,-4.450229863529426,-12.929910418959647,0.7849455377108305,0.5470035542461881,122.95445148299194,0.3169029178008378,0.1036110109149895
88552,-4.287095572872985,-9.474384662463823,2.4400924732929727,1.6456716493940153,389.6208349089845,0.27581345576228955,0.1036141394701834
88553,-4.842649914241929,-9.731406633368266,1.994633093522435,1.02746193316277,203.90724881888733,0.5935603689411693,0.1036160283564288
88554,-7.487249587885769,-6.802974021693104,4.217427035282274,0.9597849700998062,467.2207466026739,0.11963043093230574,0.10361903571930889
88555,-5.913447959343616,-12.398986808503684,0.7216924426516729,1.5618094589226827,358.67808006192996,0.7301233859609306,0.10364682822848438
88556,-6.6969100526174525,-9.775395760816462,2.0173850757482477,1.4363925103098087,326.52103198733556,0.23090705832863723,0.10365075841227449
88557,-6.937799301145489,-7.18903471127663,3.7859260945148834,1.4213583905058265,329.83975021847124,0.2893180974787173,0.10365351180521515
88558,-7.352573020243199,-6.204101868254185,1.9511035983686573,1.0660198753351304,467.30171094302995,0.14035479707105392,0.10367011557459876
88559,-5.91905368091679,-8.71537387571299,3.6069746277667165,2.1994430755579555,409.56207421010834,0.6701670665660702,0.10367330211514182
88560,-6.062796813738413,-7.78350893801507,2.666675926162201,4.610950945319253,376.3294022633101,0.09541856504670587,0.10371444355577202
88561,-3.679166449453869,-8.527237117549479,1.3357587247528595,1.2850031421548886,277.22788903304433,0.46263355415617813,0.10372495508375645
88562,-8.071866022075932,-5.856464016596513,3.746600931400676,1.3550681073611657,467.810331306292,0.023110982524889856,0.10373382920590532
88563,-5.781295468957914,-11.177161751222405,1.0120285630021166,1.0931123759825208,231.8407218618566,0.07399441130103046,0.10373385464622939
88564,-8.202958404004423,-6.755439926246766,0.5523129626761192,1.299400345899396,291.5439431618908,0.4210831245286739,0.10374794472888317
88565,-6.40008957452693,-8.003334155694226,1.417259109122819,1.3226429210080448,310.5194898128467,0.37936874192038594,0.10377308178850361
88566,-7.15261661791399,-6.822255377970721,3.64013457328842,1.4329788020638963,325.44174200606625,1.069889916950303,0.10378819162825542
88567,-3.2168890380271087,-11.31657886129853,0.042801421842730655,0.7701863649550408,155.37992146388896,0.5817093460884761,0.10380532562067961
88568,-6.202289690115908,-12.337472674134744,0.2340602190453295,1.8494222448741384,470.2926580869287,0.020428901619276907,0.10381190617092047
88569,-4.948254497564037,-10.860912005314036,1.159759965291299,2.1229808521096962,415.1013614019382,1.3592324737909989,0.10381263432468615
88570,-5.1879442017062996,-8.08081032023441,3.2273217231436924,1.2392495168902562,306.37432067303905,0.5318039373168633,0.10381762956845493
88571,-4.422641910403621,-10.96432102544972,1.1169839873222982,0.9684284367735385,266.0589617874001,1.4191832486632885,0.10382805026890186
88572,-2.730575327709163,-8.719587276269277,1.6513419331888648,1.059286648165673,467.35564239250556,0.10140403127809172,0.10387073427388495
88573,-3.9368469645457402,-12.914610740248024,0.7962606775662243,1.1034031827657151,252.81354342501632,0.4253187001271179,0.10390614396358112
88574,-5.434695487129721,-8.008238245150391,2.6858158748099705,1.3479732426834228,234.74918577837695,0.030136904438085033,0.10394225444649227
88575,-5.1771841578768765,-9.10413097583281,0.33015075145472517,1.8893214502987197,469.45293783334824,0.1669028751101651,0.10395669549055361
88576,-3.2642221370218305,-11.052928876757033,0.04197011566919614,1.6579142976719683,389.99528332617473,0.5504950745247799,0.10395680369076034
88577,-6.6060515455765625,-9.090454949909873,3.1713523271219155,1.0223322145108493,280.07549640793184,1.0799010966654645,0.10397679053355163
88578,-5.678502941126946,-8.945872403923794,3.3055725868779513,1.197258414424491,254.7574076335803,0.050954058988273765,0.1040327215782125
88579,-3.670973167032204,-9.455438536157043,0.19656563167194732,1.2369834336025893,297.499455384152,0.9644305821221364,0.10404116569393385
88580,-6.0284611569392865,-10.173404870216922,1.4925892156015037,1.427638997963012,264.44674292107754,0.02979158195438103,0.10405120455664449
88581,-5.343272349699938,-11.140572622721434,1.0457601979269533,2.353618928387675,424.2552284606783,0.248516231063455,0.10406057266491085
88582,-6.767935107170544,-9.964012109883756,1.563140038230757,1.874603075145727,467.77933471405635,0.21847803962851042,0.10406766063865788
88583,-6.2950838143838395,-11.621443474429281,0.7533277926974905,1.126216181138779,467.0091142080855,0.5505542271512729,0.10408594818423322
88584,-3.720574965947873,-9.117436691580789,0.37558631513571317,18.242852641743212,712.0713824119896,0.07318048124094023,0.10411156145048855
88585,-8.192183274189178,-8.045408552255267,2.3940620110722044,1.6015467698856272,377.9457665871459,0.42521925575321173,0.1041857120805687
88586,-6.150718275393497,-12.782200093085889,0.6370579316305942,1.5992273696477146,158.36310624697018,0.402647069804714,0.10419869136097135
88587,-7.424805213277834,-6.09391892040307,3.4187517934552245,0.9411434821686303,467.97436306465295,0.11016765277641127,0.10422278593166372
88588,-5.4916237965961905,-8.304341623366035,1.4794415091955153,0.9813555238290886,468.34941039980146,0.6298843126142621,0.10424155168474437
88589,-5.887638491906848,-8.874198272596596,3.4204753822531537,4.089603982495836,570.0160139981015,0.6634678499431654,0.10424439575931606
88590,-8.687268082971105,-6.206993606390355,0.9453431946873614,1.1026752431490012,285.9956033888805,0.535540254201913,0.1042484658206355
88591,-7.997673405607149,-6.842101029556352,3.9695835255871517,1.6519583437966496,387.4991521786147,0.5484273843430785,0.104250377391222
88592,-7.561207449827323,-5.688224661954525,3.4921814175630965,3.107305638870516,508.1296299877257,1.5423892318903505,0.10425891512271239
88593,-3.1954360813441856,-10.49253010843502,1.3080732349565352,0.9794219283210971,195.46609971844728,0.8937548714805947,0.10427572038916959
88594,-5.384947483344383,-9.890891460762518,0.09827376429840325,0.5702741215817768,118.93789775562622,1.009458922068152,0.10427633113622937
88595,-7.000710521489054,-7.935795749548606,4.2435841019103595,21.45769303317147,768.4054765228235,0.11830360414735885,0.10427861506414396
88596,-8.157505532265352,-5.696909972000229,3.5948361860878446,0.6690669323470485,177.50080024128752,0.7606750716190733,0.10427873068132264
88597,-7.443040587508521,-5.6631099441496096,1.9164379913737992,1.2191494994879486,272.05266016982813,0.014551578946478294,0.10428076890109635
88598,-3.236588212887975,-12.487234060485818,0.8292281989385943,1.0081694573974165,277.43475210109216,1.118792409311344,0.10428759448809809
88599,-4.787717181336134,-10.387990268924469,1.357165362156671,0.8678776489139971,242.29031692421347,1.0671179863055098,0.1043032295353713
88600,-6.53055989447558,-9.665617544789207,2.328856809495993,0.6484951463895007,171.13228095604248,0.7725930594330697,0.1043269003299008
88601,-7.614978223660519,-5.372708257248982,3.412611393747957,1.4878021139178002,467.74568500335187,0.48468714569124405,0.10434192476376011
88602,-3.779099800977429,-10.224648478329904,1.4515504201781435,1.118872596023349,293.4229955443935,0.9675749756955865,0.10435798297950863
88603,-5.000126941790425,-9.943730649779246,1.685605712302946,0.4716777299167337,106.36255438964588,0.22518346304613246,0.10437633272158216
88604,-7.305832967983982,-6.335232027613661,2.130471324658914,0.9664447716012025,467.82180964402824,0.48789325459007316,0.10438847397565956
88605,-5.583931927347357,-8.408541558435696,1.1503547985913547,1.01896420845908,249.74764135605128,1.1056179872001186,0.10439276878007979
88606,-3.671749053806188,-8.522488291529093,1.3613080872863568,0.8746360445620008,229.3346965177173,0.29245827790186407,0.10440771070635782
88607,-6.698829627674171,-7.3626235581902515,2.6707687532457203,1.2037376586542372,467.65060967038744,0.0921395221343797,0.10441925007655754
88608,-3.777942702864573,-8.971896215846034,0.5094156416094551,1.7389805810472707,413.6013222223853,0.9284540020439422,0.10444048261832893
88609,-7.092508663516771,-6.832215249720713,3.334831880026708,1.9032189690182784,468.45230400219987,0.42614109004743206,0.10445174518885844
88610,-8.112048863357742,-7.202643325312892,0.5895188771571093,1.7404638400156702,361.9482301530889,0.7582705582219518,0.10446568197487373
88611,-6.801758423814199,-7.834158126539883,1.1391597999720642,1.2167101570892354,295.5005126260848,0.5177709847888856,0.1044744905494489
88612,-4.218807511775039,-11.326226273363163,0.04738303251890087,1.127821400864739,289.9531510273614,1.3970800294155543,0.10448648237357146
88613,-6.212228395764599,-9.763205093366798,2.1456832748089134,1.8558305015573764,467.3988170234796,0.13309919209663956,0.10451904744733086
88614,-8.629623636035763,-5.9075381561995375,2.440503027675085,1.060937879443028,217.33340315799865,0.911084963943563,0.1045354803124896
88615,-6.358619102842145,-7.60376043191643,3.229335318750749,0.625525100763125,159.90828549474435,0.2586238350605363,0.10454161611433624
88616,-5.8925662648304415,-7.842008511536784,2.8993082657277376,1.1894254395730572,466.7130337452852,0.1944278203305183,0.1045430738850005
88617,-6.514641735399463,-9.67982601575055,2.3051013561098417,1.7505504432195487,415.1509269175737,0.24659092413422812,0.10454610065230309
88618,-6.582189107457047,-8.313505772200095,4.058528302981697,1.7041583715070687,401.94591371375583,0.08478324930515324,0.10455913032627176
88619,-6.856880284111786,-7.253749513489944,3.7143375113947097,0.494534088731862,111.72661350603747,0.604239988542778,0.10457619910675336
88620,-2.710362285206256,-9.796840817264972,2.2833970550958393,0.9159792606079528,376.7325398935389,0.4903123699450793,0.104585933695659
88621,-7.002439414197739,-7.31373746105737,4.113374757059108,1.4664748873274562,429.0506273067122,0.09212094026710727,0.10459782378331119
88622,-7.4938914977402415,-5.820602507514183,1.1935588632116578,1.0942471380871825,164.47363437424048,0.4011762012078597,0.10461423213988424
88623,-8.275664731088787,-8.386386185064772,1.2870267705588803,0.9089856011655509,353.5513035796052,0.8899584856327536,0.10462420543423422
88624,-7.3759453777436415,-6.144542291250704,3.2503683666882437,1.0073158027918239,468.3252312888439,0.5078183828654064,0.10463315190544069
88625,-3.3488111170056527,-8.47296961283879,3.2933665750948116,2.183806294868825,412.78552959071624,0.5067759055518115,0.10463411871833232
88626,-6.147951081841407,-11.665693533282179,0.7854637791015343,1.2540603224413538,259.71553789894494,0.42200242146204303,0.10465315021679027
88627,-6.293995925105933,-11.864156547875053,0.25128300159865974,1.7534857888799495,417.3178180032692,0.775330829484874,0.10465438494973787
88628,-8.139884566108599,-8.518030554478663,1.5868236795432993,0.5574130755286378,116.80883640382929,0.21284894663081477,0.10466865734067543
88629,-8.193067392839446,-7.061406507223409,3.5594300196429502,1.7446233877756188,411.28126356551627,0.19129427010284505,0.10468648631174239
88630,-5.879633175082037,-8.008509038125066,1.9803353059861044,0.9549664400144641,209.44191030250843,0.10242502403081222,0.10470257623693974
88631,-5.659735873589213,-12.012177796690391,0.802848775440609,0.7213937804313113,202.1909101446616,1.1735190483063658,0.10470328756598184
88632,-4.259645857314639,-8.30799936815158,1.8946761679913569,1.0957976288591156,288.2131709065569,1.5840148496130082,0.1047201793276353
88633,-3.6517267194504424,-9.04464983713207,2.943069943272999,0.9068836031550243,278.34065841451985,0.4864307303100599,0.10472020886854241
88634,-7.186115946334544,-8.794809122590667,3.1964841143591913,1.2520496307824025,278.24791022224895,0.11617733067908986,0.10472396744281913
88635,-3.5030126749914654,-9.601881678705874,2.1482876661340593,4.840515108672891,578.5224797828729,0.18502802034459087,0.10472490581706294
88636,-5.651749044698761,-11.776430951212177,0.8474469571750192,3.4367144886676395,526.8571863845796,0.7599857257221538,0.1047565766036884
88637,-8.07240694175316,-5.169857159763734,3.5867069051198213,1.115905284331229,466.6744800541347,0.4985313254179582,0.10476368716635318
88638,-5.007248159347597,-10.135636058263787,1.5227588878887626,2.3572470808096457,440.00779061974856,0.35915934998380017,0.10476556701777832
88639,-3.4203168074334345,-10.633054778548134,1.2377511240926367,1.1035387587870205,287.3530861611685,1.6068278977556814,0.10476869384906766
88640,-2.7344777701556335,-11.366085216588601,1.1147568893685298,1.9073049371079487,468.4188316964568,0.6052751748097904,0.10478398288066469
88641,-7.6213015661723755,-5.208577732632183,0.7203456967491305,1.3894070130358265,320.9857285827675,1.2697690037090572,0.10482043038044565
88642,-8.716334767662907,-6.255373395374402,1.659311040732761,0.9845318238498634,208.85712228377574,0.25167265720877197,0.10482203211590632
88643,-7.012454561470927,-7.2311068145091095,1.7835939752401007,1.7730540064859628,420.1501422899206,0.1112892623633508,0.1048289763243205
88644,-7.223323792800215,-6.892414768476053,1.644066774683066,1.0775266878102037,276.65726872608343,1.1976660351509691,0.10483008233711218
88645,-4.8333981655822456,-11.985715599421663,0.8587997474521875,1.3975423321170173,467.35417514431083,0.2717373376043417,0.10483220569095725
88646,-2.84997191076756,-11.452115090939554,1.043851315696279,0.5265747177302715,145.43737423639655,1.2193611773893762,0.10485945330255385
88647,-4.564653740275723,-10.99437213863647,1.1014763774803153,1.4034493377147446,316.94891103139787,0.11602570325706818,0.1048644569130705
88648,-5.25071905574923,-9.709806984105297,2.1001674514920348,1.0286005902446294,278.2329968066465,1.2806613277550047,0.10489062922945801
88649,-6.544307046848933,-10.846192785893262,1.0151119127809867,0.7022491417779518,156.58401608497607,0.03710408700731538,0.10489384441544009
88650,-6.098059542048324,-9.355067054683323,2.826951462601529,0.9938095503148083,466.98543029975843,0.5442425970614213,0.10489556801794893
88651,-4.1960869952472,-9.69793842208772,0.1261741353608306,1.8311432524847966,437.8027751402635,0.039911806466036204,0.10491312500452257
88652,-6.442104003910908,-11.37809730578066,0.2816304904116439,1.3499642861412873,296.4669870431709,0.12467565882316567,0.10493848978199859
88653,-8.034427634861794,-6.130767543374945,0.4149247695316704,0.762326262211607,225.04211869749497,1.3437407953499134,0.10494178057751337
88654,-3.08266956148171,-8.60473466888114,1.2670740087038779,2.512717714914596,458.1736840002958,2.008304923956868,0.10497547820369015
88655,-5.519000084807884,-9.405076466909593,2.6802284221317323,1.1357120924106403,198.34877692182434,0.11845665942388184,0.10498771044197402
88656,-6.052292037346277,-12.303627846886258,0.18709276739738784,0.9634532707203274,205.13280757915194,0.4594635108987246,0.10501102084701855
88657,-4.165178180460643,-10.051323447626258,1.5742640351747117,1.4682195721212923,342.3960946262955,0.8364637120879186,0.10503084351102279
88658,-6.6738983429995935,-9.44012692266035,0.21414914778935112,0.6830441109775913,147.0985177224011,0.2969383432581987,0.1050476659282492
88659,-6.024365329906646,-11.885159454484702,0.16969465713714166,0.6108649930702338,137.6961618915375,0.3592394931172853,0.10504892034214953
88660,-8.433704958287892,-7.6654656010932944,0.8170345957209283,0.8257663039774117,189.71447511433124,0.4050719236242939,0.10507231163908523
88661,-7.8397278468586045,-7.249373830220393,4.025214497493235,4.5555834020519494,547.510090642613,0.15523667144615239,0.1050811400615652
88662,-8.194996383847554,-5.868646980802148,0.45317683112244883,0.8924491337021072,467.7936399537249,0.664123737926265,0.10508377540600287
88663,-6.3971269323340065,-10.294491425542518,1.3622730210665739,0.7932227404352327,195.42933750706703,0.6723953008940624,0.10509884903583437
88664,-4.380663862665148,-8.179352328280139,2.6492035964020584,0.979683888321377,468.37667876504423,0.5097398504376338,0.10512729700043853
88665,-6.397682668110585,-9.494581680760666,2.6226952447009992,1.7202988977573181,406.1824571549537,0.4643732041451063,0.10513428942362826
88666,-7.725162316237299,-6.990095269073631,4.212149882575352,0.8116989038428871,145.63657822565006,0.11600098274108017,0.105138396054795
88667,-4.630657272096146,-12.85473755491099,0.7781255080173518,0.973473053884638,152.3468461516821,0.15527338541181646,0.10514395323057074
88668,-8.384457597949911,-5.443777876975009,3.146313621259239,0.6972540954884996,140.22104948931516,0.9493915459394389,0.10514984752189832
88669,-3.2419046001374374,-8.318671323252238,3.164336248713911,0.8216877274895199,162.93125637202482,0.07802671440640285,0.10517898080032438
88670,-8.640424370554223,-6.456466275591833,2.3699284840305346,1.2379900856866475,298.1065633143325,1.2964031030026257,0.10518706818593423
88671,-4.505234933220911,-11.949722900262008,0.8711173078433498,1.6038215242367795,468.91130609264167,0.870824270073487,0.10525626232414877
88672,-5.784439683680536,-8.534812450189985,3.7160680772727686,1.8069801014967242,375.508748790401,0.6158837486284563,0.105271202797666
88673,-5.135652868696128,-9.392504775794237,2.6297951088304794,1.5666332093136204,173.5769336888052,0.20690642736956644,0.10527318884591201
88674,-7.31146331691577,-6.989495433021539,1.0827014205595025,1.7541235585650186,455.5600521306715,0.48678392272954785,0.1052917107405261
88675,-7.046793960782702,-6.891908491542346,2.704260411360221,1.6194892545107076,349.9637568724592,0.5399807817636963,0.10529471495600012
88676,-7.892883728660253,-7.8261743344509815,0.6250519182907581,0.9615509584791334,469.81624780276337,0.19669616153375546,0.10530105443334173
88677,-2.6908852243872516,-9.703286367373122,2.466680084367663,1.4412874168439591,329.26006419780447,1.3360909287380185,0.10533048095915667
88678,-6.66883950755232,-7.377683993445872,2.7802196358799915,1.5788221816194714,338.2531965795519,0.6383790460579357,0.10534189633193303
88679,-4.3989368235183495,-9.618147600437824,0.1452524961334557,0.8735645369181344,229.29217137803752,0.6235115251275145,0.1053730815801847
88680,-2.688398231167552,-8.848700933226924,2.315856944274213,0.8594419467696321,467.2333906907018,0.5016001600849078,0.10539253460640206
88681,-7.084975363517124,-7.181167948370245,1.674993922764255,1.8295699402721843,469.2368933089995,0.042943707687238764,0.10543072196830942
88682,-7.549757115134698,-8.331147785265141,3.355704100930237,1.7635089915862354,418.6350940823251,0.17985536780008093,0.10544074053578747
88683,-6.070713110733025,-11.038580493320204,1.0265206931980466,1.6129708002816892,372.3771347888557,0.11884838366657835,0.10544535473041222
88684,-7.693794532164244,-5.826728053083086,3.7922500559319303,1.6711542628497507,391.9469809460891,0.5485447057259174,0.10545467543933695
88685,-4.2128931753065215,-8.81154565685426,3.19231013369078,3.0621025412176377,503.5601055505242,1.3446052520659686,0.10546467082825575
88686,-4.529034497001986,-8.64942594457275,3.3557940923319123,0.6444463902908159,130.97611363831447,0.8002813419707531,0.10546836339039241
88687,-4.506970225475025,-9.354833914329983,2.6067341708514236,1.0707246876042542,467.5855746388361,0.20756516260044222,0.1054696418410191
88688,-7.284620759831855,-6.640133576865768,3.7403574838568723,1.6802273106805492,396.38453109017786,0.24019433760202258,0.10548114594743378
88689,-5.496438308764201,-9.783621594650619,1.9596904231801635,1.075377695441531,468.1812270190885,0.885754762901013,0.10548162715064047
88690,-6.961530455043014,-7.730396959267692,4.294007503937229,1.1232795965137692,210.5576730182108,0.07314064344526994,0.10548399521260696
88691,-8.68970190402794,-6.076076113456504,1.9483614744032716,1.2825729265104227,192.20515619308398,0.1499761829166273,0.10553195388449975
88692,-4.053319372691354,-9.645020592486953,2.0879372080398846,1.2219196736892544,307.5669113367109,0.6631556612842209,0.10560947970988688
88693,-3.287838010751086,-11.030503336941448,1.0929611940510653,0.8851639897758582,178.0124793815784,0.3718790691290055,0.10562836535475847
88694,-5.080586013110984,-8.144703631397054,3.309687473859759,4.0548822713363695,564.627850463146,0.5444421948058302,0.1056384215979911
88695,-3.3716737805557404,-11.710266723636654,0.9146483257520651,0.6667357853441611,139.83371984344782,0.07456419424151939,0.10566213864136516
88696,-6.960362653643047,-7.0212645505150055,2.959522184318398,1.8927785406291697,468.74989773638123,0.1405851663282931,0.10566793583612082
88697,-6.586910738825498,-7.50111245633913,2.475619704164465,0.9537848067974142,264.714015983333,0.8168917607913491,0.10569633750425025
88698,-6.586216081540261,-11.325145013363676,0.35320083082356457,0.9453554089048358,127.88964857233555,0.3095298000216209,0.10569723476166003
88699,-7.364816569677567,-6.697464328094104,1.2835825779358179,1.437069903967301,331.95439491774835,1.6287399660443649,0.1057033004066581
88700,-7.173310536194926,-9.427852469223026,2.234852759960458,1.0839574372101186,467.84350745326907,0.4708630286169244,0.10570829747096767
88701,-7.794992987796477,-6.9188507502165235,4.16347063867156,1.8103321776736478,432.7426240849709,0.08523675792321939,0.1057150471142691
88702,-4.751593966104066,-10.077457380457645,1.5580466323020798,1.3646944101112446,295.4527750677586,0.01077866065126809,0.10571538633872839
88703,-3.701641455980827,-8.290054479671463,3.1361949412307277,2.993715688498135,263.09142042295053,0.17583546093275793,0.10578113416930825
88704,-4.004504711893626,-11.040013168565476,1.0866439439434088,2.413563026377351,449.2682641010722,2.216129676526438,0.10579452733885437
88705,-7.0986804647569315,-8.438701445163025,0.46748600341943164,1.7033908522276078,341.8543452794313,0.49795855669148015,0.10582448116736158
88706,-8.656328056085085,-5.244424779228892,2.185901669759501,2.7417385945915056,476.47913789701255,1.356989146032329,0.10582904997779109
88707,-6.206119868700917,-8.566979996840331,0.6243997129814026,0.7810914379647058,204.86784392732326,0.5807630420950298,0.10584482833925109
88708,-2.8009921357201053,-8.882570523257417,2.999945214430071,0.8012338585179619,200.18228646568676,1.2367882260434646,0.10585309420516449
88709,-7.48700298411536,-8.166813199144794,3.6541409933990074,1.0112191930298968,278.22144999773064,1.3076582252901936,0.1058602493340271
88710,-7.045655548053681,-10.642435444567509,0.6167452931773313,1.4597615812609934,337.2657034387167,0.3995069314867541,0.10586786201590692
88711,-3.3133852868620037,-11.659542238354142,0.9261493215410288,1.278357425191796,315.8686873221299,0.2665585145585938,0.10587452525719554
88712,-5.752242737430244,-8.03391564868057,3.6611806183625863,0.9255207766879432,466.9488950454658,0.5470725213513772,0.1058755630683818
88713,-5.005795193082552,-9.076631648840982,3.0191937631482806,0.7117156006868242,467.246576106367,0.3463051474640375,0.10589337719628802
88714,-8.085195182987494,-8.72635448345616,1.3263930550736422,1.0931326382948803,290.93257531859643,0.9146182241172962,0.10592367353672277
88715,-2.85405027824107,-8.512406657755548,1.9828944752843887,3.0036895447849314,475.6758017124025,0.3782389502368053,0.10593683173902099
88716,-7.788137030990315,-8.79438369423152,2.1374090540871244,1.7720991448692816,468.0613022464663,0.5817422268952557,0.10595439365533274
88717,-5.858882619961101,-11.98655173334272,0.7738820439742443,1.0219888138970963,207.51265665776543,0.023712014754704747,0.10597478728206633
88718,-4.952731038286901,-12.020185003876776,0.07657218358391525,1.0480575914003671,283.6706362431321,0.9040392032906501,0.10598240585073188
88719,-7.680997323707262,-5.60052316052113,0.5966884289627324,2.543191861872848,423.39305250635846,0.17381700292908153,0.10599707150363083
88720,-7.348145487338465,-7.3311432017698035,0.8492566370759083,1.898338072579466,458.2272043609449,0.4655069260510434,0.10603474955804472
88721,-7.652197034738475,-5.2893252937992195,0.6535030228233967,1.3864234135563398,330.03333025428554,0.4806545986756676,0.1060462184929723
88722,-2.5446158121570797,-10.5142482180786,2.0161685116024133,16.754485402409752,772.9037419584615,0.1603396833625883,0.10606056031667412
88723,-5.000885785512631,-8.576329441599416,0.9957153658427155,1.0817963946980802,289.0599701675901,0.7307882780408264,0.1060912922607045
88724,-4.93433939755802,-8.845839719252705,3.2445202915881417,2.0323232716434325,409.4890996998281,2.2068870964509015,0.10611255749865683
88725,-7.879894701606665,-7.098199347062362,4.036213595781718,0.7171703933192718,197.57622238823694,0.8902839492717822,0.10611431699122845
88726,-5.083133938426829,-9.85317583624024,0.10089533817592694,0.9000517507158327,449.1258220752091,0.5048268600256351,0.10613032878875202
88727,-4.565220167189387,-9.292254516210395,2.696966653190843,1.2534034783330537,205.99652052159175,0.04386458314637398,0.1061307752648765
88728,-4.92434834105403,-9.669880208667692,2.104702869263305,3.0439082605453396,486.4426952886268,0.5247070171707131,0.10613456020953974
88729,-8.097658554412014,-8.752333602587303,1.000412756757534,1.6665874197223254,470.1425789682034,0.20217470276811955,0.10616325023291052
88730,-2.657460312314316,-11.6514804449928,0.10053353467895612,1.6852109254329222,468.59110845760443,0.29156696842710783,0.1061771694320036
88731,-7.801939968462469,-8.409056403639003,2.7726922180586175,1.0350100622911116,468.12399502961847,0.8412404402998472,0.10618570870314512
88732,-4.941355314789913,-8.111675441886007,2.722007676021067,0.9634262932099803,470.2707779007204,0.028027819881760507,0.10618993125328441
88733,-6.229289546662154,-7.766341524085744,3.718383472374438,1.0983958787191594,284.6678641800848,1.2364170499968248,0.10619556797999176
88734,-3.2304670342579165,-9.08826549432348,2.890833912581101,1.0763660776174897,468.0481913494579,0.8571583588434333,0.10619896144404026
88735,-3.6691862600828626,-9.360617674783132,2.5531292270865698,1.1961002133788088,468.0242264089594,0.9304500444924981,0.10621178420285175
88736,-8.752613198674696,-5.674937038714637,1.349717202851414,2.730072669006781,472.01583382319035,1.0584393250550095,0.10622680055650364
88737,-5.363197599081767,-10.912406290094156,1.1211681376243283,1.2617072796618016,314.36378139995975,0.39682785854220004,0.10623487735653403
88738,-7.473301706500552,-5.79803539401366,3.176115877203661,1.1941235181527263,264.41907294653413,0.44751865609694885,0.1062358584560398
88739,-6.988826957672037,-9.302095287920144,2.6422341287446653,1.002056123045962,267.25150171370325,0.5972801597833435,0.1062358731278131
88740,-5.996605423233048,-8.048120115337902,3.8899844692442325,1.3039264693625363,319.96787787000443,0.26588499131902577,0.10627124427892498
88741,-2.768504034130876,-9.249362617197914,3.0300757132851257,0.8824086805449699,183.15992529240998,0.6126418978701418,0.10627362881969858
88742,-7.880244960191055,-6.313952042004208,4.01576260533645,0.8151184679830868,177.923650062873,0.24998734954759083,0.10627467040484713
88743,-5.0343858985220855,-12.639178641571995,0.7750511994460335,1.53415315533007,468.2748696778159,0.20850937260366198,0.10627970376245138
88744,-3.7347007812066746,-9.605410886025442,2.1325718865467764,1.062175837636504,286.3947455788789,1.1355216995989714,0.10628717484151391
88745,-7.68149202755802,-5.362036725651858,3.5103128113140034,1.5349644219511456,362.63516734531885,0.3500108771809485,0.10630804708953151
88746,-6.09226244148743,-8.593386223002561,3.746862884483487,2.5590285034829785,462.6651411443419,2.0502133305010615,0.10632091582958322
88747,-4.180683042935428,-9.30759132462115,2.6401309600002234,0.870996668522722,468.400312609122,0.8270914733819472,0.10635336704598655
88748,-2.7900911808097195,-9.105848405034358,0.5879508188179566,0.8627386589779427,467.94501358774664,0.15552879715313495,0.10638702893476235
88749,-5.116426870920233,-9.50305745995294,0.166854056993862,0.9864190700674291,468.1088484742347,0.8143269837922764,0.10641331362168509
88750,-4.826467367298482,-8.660570091689316,0.8489859877845637,0.85068860003428,469.00607310309664,0.39187763234143613,0.10643203235490414
88751,-8.682572882575865,-5.1355460172771545,1.936450964029536,1.0854819451417368,281.32258022402794,1.8368623861752473,0.10643274240724825
88752,-8.056943596956057,-6.583541713710051,3.8910661435687577,3.3996554459268093,528.6387585899363,1.1418762122130843,0.10644874939711191
88753,-4.299975383450755,-11.787797991862023,0.8943439941293777,4.569088618924607,558.678718111192,0.1760148117832676,0.10648158349768895
88754,-4.000511484886278,-8.525813990880737,3.3060111724334798,1.8109349493476945,468.3553692783825,0.5195212014347659,0.10648167264426904
88755,-8.303772921816915,-6.444387389380138,0.562211906520504,1.1092865129204934,224.25744050707507,0.0811939934679975,0.1065064862427215
88756,-5.431903806325945,-12.21301190244099,0.7897118472828972,22.526009881867868,589.2328906494477,0.10462932642262235,0.10650921512778985
88757,-5.797257623815483,-8.568132920475637,3.691362416544816,2.7062095200185543,476.2185604295852,2.117506188426475,0.10651143099485272
88758,-3.3506620817020405,-9.570927180866377,2.194974626493487,1.1051355262667275,220.5243748570892,0.4785970387873979,0.10652581190154017
88759,-7.22305637802242,-6.994497314976129,4.043034717269677,1.0479967405893427,467.0972019425692,0.5703561606316345,0.1065408578105815
88760,-8.117995215708913,-5.885314302715078,3.679066844938689,1.193161612503268,291.97543517956757,0.1758352904845104,0.10654787703743646
88761,-4.756629515975855,-9.832338521930598,1.8032118304224747,1.7679528961471698,467.713511191614,0.43520985713983595,0.10656596227422649
88762,-7.230802380837538,-8.247370046122427,0.5208342796739913,0.8524019498658488,215.41961374157833,0.5218811059554644,0.10657422666322022
88763,-3.75824793746236,-8.501156405010597,1.4291089524378369,1.6199097079466862,379.3040335490935,0.5063575258251554,0.10658096607586014
88764,-7.514298056845638,-5.485494194057215,3.097368718229135,0.8938215451937616,467.75440232794875,0.2088672289472262,0.10662684621405828
88765,-5.79283261488017,-9.658281819167112,2.2915043577822996,1.959239478416793,400.08019801258143,1.8277096337187322,0.10662925548746954
88766,-4.730115011799625,-9.41552589378301,2.5396309610287005,1.8057025182368862,468.2737136870743,0.2222202112379268,0.10665926989153746
88767,-4.551357763861867,-8.369154275322789,3.382686836925432,1.4684052187981296,468.7578942551561,0.8038465518909836,0.10669933724198137
88768,-6.064564709213785,-7.769995610978589,2.993392263527256,0.9426547010311297,467.3664571679435,0.23085884779177324,0.10670338906994994
88769,-4.241312186828554,-8.565513545202391,3.3444337768761425,0.8926863112463247,176.13524340333458,0.7801467365971266,0.10672006399635625
88770,-6.4641800959925115,-12.969196828569135,0.4099737598715477,0.8605743845380803,227.57847056527484,0.1776926182779972,0.10674024207956244
88771,-6.486742115634155,-8.965183576721726,3.339495628843985,1.51497858181769,348.15396390975627,0.7999197898241901,0.1067422607123657
88772,-4.914441699933267,-8.509029546829735,1.2189874099468614,1.6127350316650617,378.6250158526841,0.5132050998696123,0.10676153883509586
88773,-8.709920038364874,-6.475746823299755,1.6277391580083156,0.8899461452080495,128.26503214486897,0.35086434409067824,0.10676410014185045
88774,-8.42813492388532,-5.735915043587674,3.069571715172877,1.6406935415272497,356.86638112352233,1.0827335864085184,0.10676609489253526
88775,-5.71108600456233,-12.935336138148067,0.6993834606861525,0.5773093124673618,145.7237876389958,0.871627968744221,0.10677524804903274
88776,-7.449679945854298,-5.537444150749936,2.2036745029213916,0.7789718116565549,222.8400341718433,0.9531406656972274,0.1067866473866623
88777,-3.7199329106213375,-8.7078480928982,0.8589528088542325,1.4262767966690895,321.31968169901165,0.13270181271361725,0.1068257999334043
88778,-4.890029486331064,-8.233864682639386,1.9904899588916096,1.1284282135144859,291.5626987187769,1.104962665884563,0.10683679416669499
88779,-5.054334065444199,-12.881069686467796,0.7540563015556584,0.7183713098186872,160.85399117990318,0.9197146137774403,0.1068664504083412
88780,-8.192395429665085,-6.831517807963827,0.5643322393369793,0.9414856566882902,143.8080279745518,0.38851185764236096,0.10687586036920958
88781,-5.064774525070005,-10.425582826952569,1.327800820362727,0.8954926565544485,363.19971996401216,0.05626655476580922,0.10688931966439916
88782,-5.403048994702661,-8.419182114740345,3.641055432303246,0.8012914337786842,469.34398913451344,0.2357342763426411,0.10689652449485734
88783,-4.685671925726106,-10.181957475657082,0.06683700962738308,1.8625419438352822,376.52974104600855,0.33040365739302047,0.10692551376747296
88784,-4.946471224385856,-8.592083726325534,0.9767091558417592,1.538374440848075,349.0870801585569,0.07208887706296618,0.1069480127220377
88785,-5.8801670063862055,-7.880283930047831,2.614117172885167,1.8710855380000277,369.5811508643031,0.21767705889100064,0.10695420421702498
88786,-8.458106543204863,-5.558690215634533,2.9686972522474986,1.5678834824222625,386.7911025667403,0.1872777425998997,0.10695749837651823
88787,-2.926934497326835,-8.477160063788284,2.874489602306847,1.0620230757891234,283.24992594559484,1.2814730032908965,0.10698713558300568
88788,-8.43952783155723,-7.067149018572063,0.6462887519856928,0.5947875524683908,123.92917357447836,0.00017032124595406373,0.1070290657456966
88789,-4.7058584940661135,-10.918496535641461,0.055653640980798606,0.9987064114910408,258.15768010458,0.5998561643730937,0.10703342529010444
88790,-4.022400968223216,-8.950958364633397,0.5374472372142078,0.9068093629724668,182.4042310140355,0.8576766710584094,0.1070389898318758
88791,-6.067444060408588,-9.076041255372852,0.27602521887480524,0.6753191337514101,138.84387899145003,0.29788407025289043,0.10704227352193905
88792,-7.393534830049431,-9.04527310633002,0.5111883164733416,0.8668442456580455,236.3128282142948,0.17932169760570815,0.10704539976844289
88793,-7.2761487894876,-9.247745201711881,2.38124291874376,1.1820935481260273,245.42672351993792,0.030557854911162252,0.10706331256066941
88794,-6.2471737784954495,-11.39668061125183,0.8328667551867316,1.3707615899324752,326.57691865997776,0.4287261970366574,0.10706352616554361
88795,-6.226680711745045,-8.839394400205125,3.49859916328004,1.232794093569789,301.0740916541677,1.1920902233983552,0.10707591209411864
88796,-3.1648834167730495,-9.821495432857436,1.7826769564491063,0.9158348383876809,467.7011331673079,0.6293126853112723,0.10709681174624099
88797,-5.520231675616533,-11.609934993975788,0.888023042184739,0.9455214723487202,184.86057967305132,0.5694682150296506,0.10711503793378455
88798,-5.920800239039748,-8.07469885112015,3.834772246980418,1.7655196760052405,420.3632873807557,0.6393716975422352,0.10711529856306111
88799,-7.892529577546799,-7.980342070925398,3.223007848551145,0.7321153033204288,467.45508906972884,0.3079638091762167,0.10712401726884668
88800,-7.975295659903488,-6.807491908755909,3.982355820033291,0.9090767158935591,185.49356507743704,0.5639127510555229,0.10713018645630223
88801,-7.849704904947389,-6.023575022289194,3.9182658589559862,1.4488008686002205,341.32336594956985,0.5434524934130467,0.10715645329883627
88802,-7.398753173202229,-9.813303300343003,0.5283369237422288,1.402551539135267,328.0190872164975,1.270766098574593,0.10716439194971812
88803,-6.007812395473906,-8.760199866397036,3.548920503438928,1.128689789619845,284.7095944711773,0.8021353278565391,0.1071858043808722
88804,-5.81015191105977,-9.042321862572408,3.183867864141535,2.7971089716401525,475.71477144129784,0.8867973717673223,0.10719250916215949
88805,-7.593536936403148,-7.250003521218408,4.231446735877685,0.8283272738706366,230.30107437737502,0.7301661418026972,0.10720943504185937
88806,-7.441832803621745,-5.5963708125939675,2.4155728631617017,0.9842632052822275,248.38560721769016,0.8666523973870888,0.10722336282294033
88807,-7.620978816415191,-7.384461700151041,4.166586072714621,2.351205670910863,405.67155487798874,0.29736106394496353,0.1072324856112036
88808,-3.014100880113718,-9.543689447386589,2.3515911926308726,0.8509434209548861,450.3784200040612,0.4050445534226208,0.10723983579705731
88809,-6.331510443773413,-7.740471936946087,2.25079876047158,1.2896047523610539,468.0387634412963,0.3854152065246117,0.10724081106061935
88810,-6.633018912812643,-11.033541080706375,0.835874301806289,0.8922218086389813,251.07357007171694,1.2985714796750125,0.10725333858803758
88811,-4.290765665716995,-9.730014828820382,1.9293651816450386,0.9813147223903487,468.1885128672812,0.2876749616990182,0.1072668777015441
88812,-5.972505528297775,-9.698280755071824,2.2359967259048665,0.9528236417230054,197.80058127856535,0.5636952335450847,0.10730540949762901
88813,-2.651943503940207,-12.290111968102178,1.0879066291202568,0.601877605794072,168.77849264399293,1.0876889461230856,0.10732543899491338
88814,-5.714364777363678,-9.635786206038047,2.309883193596039,1.619555016188111,349.7462601395654,0.6387224424958227,0.10733737263193847
88815,-4.599333199330536,-8.98024892694821,3.0647968109236707,1.5473700608474232,358.10635560468796,0.08696261205281886,0.10740948680086695
88816,-4.145735759388702,-9.660085023648014,2.0349261879316267,1.8555995149111448,468.97138369042756,0.10564692047777768,0.10741228924119538
88817,-8.399001022252838,-5.101390331716549,3.043930293780047,1.5181366627482953,349.019117344378,0.9894565821185468,0.10741718265651864
88818,-8.657931761775512,-7.24446865492391,1.2130816988227375,1.260109818829148,263.7806460454207,0.608890319819376,0.10742030615868392
88819,-4.3215374166299005,-9.148928125492937,0.352472169219342,1.2450333704860364,468.173427912258,0.41134749904376644,0.10744411265942282
88820,-6.685471065046748,-7.7919417278559875,1.4660011412648608,1.0383954062496257,205.62430466153276,0.7100180794291182,0.10745584811388727
88821,-4.629835088837655,-8.505375579188676,1.3178108705699914,0.9513415103587723,256.28341142011305,1.5090114385644684,0.10746312084737773
88822,-4.641853291660434,-10.224605790951854,1.4498683369971588,1.8367640756196555,439.9260810135071,0.6484426179853626,0.10749696626329817
88823,-2.9963027324971208,-8.741827763598653,0.9747402529515132,1.843054482131185,468.1372543575083,0.6554879155648186,0.10750330721682795
88824,-5.886194213850777,-7.920049475452278,2.3851337579853613,1.8925780793727722,467.95249436201004,0.5915422720984411,0.10750593258893824
88825,-5.780096947875114,-8.557018637970824,3.6874312128351012,1.403401875377313,306.74946367262174,0.26447177821327106,0.1075093039255666
88826,-5.311464936640714,-11.644432871905602,0.8931403905822541,1.0552855773459748,276.34995522517573,1.5999658998661186,0.10757337827320194
88827,-7.8490747258723355,-8.793703797513935,0.6149537936410605,1.7004548117399885,468.54007749934476,0.564769213422367,0.10758627742482936
88828,-6.126364606853739,-8.825002220846656,0.41337210258865514,3.6658126829214535,546.6091953255676,1.0132195113717133,0.10759571449639427
88829,-7.927470429620471,-6.388098442424613,3.993430861085737,1.7097170710812377,366.87265006811106,1.365418938412625,0.10760194201155272
88830,-7.593425657089412,-8.912647424908643,2.3707652160925496,3.662458874145077,217.18446791173153,0.32992620817305607,0.10760449773026025
88831,-5.0876817422748895,-9.387320411690716,2.6141738224351467,1.7199218221219248,362.11419312863205,0.6472178217126823,0.10761244672108893
88832,-6.760577745724731,-11.034628901893521,0.7002242937446987,1.6070535461844457,374.32206143008926,0.30237549306299805,0.10762276207055181
88833,-7.907773449529183,-7.378366126113284,3.837667080937879,3.6357508604383515,381.5147696175667,0.048401646011074995,0.10763057358609404
88834,-6.522649293964733,-9.712076888502184,2.2022647051132562,0.4375258614790793,117.05069269149675,0.22989836875272385,0.10763820843133394
88835,-3.219686699169648,-11.504232288769483,0.9636116272133981,1.357924701797841,323.18384671491583,1.2731681858090704,0.10764584123918941
88836,-3.701807160455381,-8.231024853637024,2.7178192018741516,1.2130289779849677,240.31821100703672,0.0005625006406866362,0.1076487720360038
88837,-6.622758212848287,-7.416195020830313,3.2626139926912785,1.0298333040475989,466.4284924173449,0.16711832485719924,0.1076565821577201
88838,-7.155849172582497,-7.301813760325236,4.219142546517019,2.1056673897193767,411.39565246813123,0.6574920694531654,0.1076567700041511
88839,-3.4014215269371135,-10.677133165360154,0.04349323804712339,1.0855250530388074,282.21100370477643,0.6356411899207437,0.10767095810291172
88840,-6.425430638979126,-11.7012427688884,0.32658894943205147,1.2996736504326034,286.5821351685345,0.5677896803191098,0.1076822603366346
88841,-3.3209793532620866,-8.688735488995931,0.9215505257811811,1.1088794419882764,456.22531832651714,0.7787445233291672,0.10769046538920873
88842,-5.228696522510717,-8.461319011660024,3.5677089927695724,1.2491925201407539,276.0254024610304,0.20515384467273012,0.10770898053010355
88843,-5.902651010676415,-11.975596282255433,0.7613888649255055,2.115081329718097,418.4695634305336,2.039517516093019,0.1077190253380028
88844,-4.859178252538307,-8.453949875302271,1.3950302458777717,0.8373439604397991,163.03409869348954,0.0388756793779077,0.1077230955102619
88845,-3.6866479324470944,-12.256787818811135,0.8258994859717217,2.5444018845613363,458.5435304996178,1.4657963834571452,0.1077245771864247
88846,-2.639646037069233,-9.343021118183305,2.568123817809185,1.341195353009846,321.9954969873338,1.8801102907020697,0.10773205835400836
88847,-8.744014906180135,-5.598241906123707,1.4685507825270117,1.776092950714995,468.55484551026956,0.22549113685593802,0.1077501386521762
88848,-7.539991477539951,-5.159699166601744,2.8965894869322852,1.2812327431069128,314.175210144194,1.9288855024038556,0.10775413002121685
88849,-5.637342151063793,-8.292750748811923,1.4502196542854306,2.5085062175786677,421.96526582935013,0.33682120466647536,0.10775989384764685
88850,-3.8418600332784356,-8.41045519048664,1.6755967581330131,1.1739465779524976,295.92891265607415,1.569268181886538,0.10776000466042143
88851,-8.171764974169683,-5.614924682351799,3.5281507993135843,4.509367735335054,360.30760141698335,0.12474137773412064,0.10776492742118197
88852,-6.169751822350221,-12.956844291202438,0.6041688521893773,1.873698156390834,468.4112153499191,0.2097208119758367,0.10777971887350088
88853,-4.624709754023447,-9.612708205086221,2.1754723111852834,0.6456062935601369,181.98875704979406,1.288444835777777,0.10779388872266102
88854,-5.673327637247424,-7.9414000464278836,3.0797561037208596,1.861780160441212,467.2816556928615,0.035776641964921474,0.1078136867350405
88855,-5.399505748308604,-8.24762066554883,1.7045949598385708,1.2442389556467819,468.9049630820608,0.8591033928133056,0.1078544477050335
88856,-4.6253386442074795,-8.751643553823506,3.2782636201212996,1.081866211803746,468.87244246296916,0.9095311989165191,0.10786015515899043
88857,-4.6583312787490705,-9.161775463179286,2.847406017351787,0.6637011095720391,204.6052343284615,0.8989994496946121,0.1078738947772542
88858,-7.704288674772307,-6.058868292890204,3.8993101050901675,0.6461800641197964,153.3937890343606,0.0941451134328366,0.10788439331967749
88859,-5.326885378861924,-9.214572835911003,2.875861325215411,1.3237882661608895,300.792722626573,0.17832647717610595,0.10790259194508213
88860,-4.657105784300786,-12.98154870775332,0.07443369021453856,0.7395835810179592,467.75519148705956,0.32711207272040266,0.10792919252820159
88861,-3.785235272500616,-9.657761891718271,2.025493534342535,1.0165747396544127,276.46698945172625,1.6202186120821098,0.10792942753019648
88862,-4.031704466341513,-9.232113341622767,2.716468601101771,1.800597041589165,467.3239118636166,0.6962500923802182,0.10793710087068926
88863,-7.898626230276813,-5.378862582697707,3.6859678935036118,1.1890244911744934,253.0959888783349,0.4488961705340726,0.1079375927631567
88864,-8.6305568075001,-6.328935393634337,2.4029805357178957,0.48040559823088325,115.97817365711629,0.45895721614659557,0.10794778477298442
88865,-5.71580713091559,-9.624051665834774,2.3341047136330886,1.2838724253936489,270.32461440793844,0.555220465226383,0.10795106318770274
88866,-4.961031782235793,-9.200853419750736,2.8450099415482355,1.5727572180683145,348.0975702318358,1.1727826000040595,0.10796308399029762
88867,-4.0982913324742345,-11.401812758283421,0.0492249106967769,1.3726815046290808,320.49829840768086,0.21853059953588438,0.10796948848729246
88868,-7.805190146997918,-9.11384711894203,1.4498068597750566,1.407867680807011,328.63949578590365,0.30295338036972996,0.10797778938370321
88869,-7.221509422326494,-7.205868058420655,1.156275443979576,2.17753625580296,416.6133614912031,1.0274530546576734,0.10799352130256694
88870,-2.665202059671378,-9.7741165015606,2.359021496379571,1.501724773442384,343.8321914481058,0.2734391580536677,0.1079939906186405
88871,-2.808349361297017,-11.146131873405892,1.1322756035580237,3.157989257951163,502.55320690502697,0.6163716117445839,0.10803159620977677
88872,-5.27640033057454,-11.825136207266087,0.8528992086165774,1.0647131261495462,269.2427054605562,1.2910849812521663,0.10803618362070491
88873,-5.457438950533674,-8.063736811655575,2.288720437773318,1.8980339391611973,457.66692226834886,0.5779379747296991,0.1080439364234786
88874,-7.441636986205464,-5.808109461945087,2.898970965210218,0.7958156222663333,164.64987570094885,0.6508244489097494,0.10804463595329468
88875,-5.85301107172992,-9.927998359088859,1.7163854437678492,1.5642280546380487,357.73866621371866,0.16377182170077198,0.10806054233445256
88876,-6.126651084792959,-10.439090013604257,1.2867229893757162,1.8948689842228186,468.6522134943814,0.6280336797569541,0.10806924676511707
88877,-4.4840342006166605,-10.529344530861254,1.2722592968579107,0.857136210669225,161.733048376352,0.029343118403289736,0.10811293638317301
88878,-7.020651502814051,-7.418855115932927,1.4759300875898547,1.5527591891184944,358.8034291319148,0.34422314332974846,0.10812640972507716
88879,-5.304797896641732,-9.372469926985517,2.6610401666965724,1.0633979551154453,278.1172337251074,1.5124281734129577,0.10818394808908235
88880,-7.233194201983209,-10.057074313148311,0.47148287968714003,2.564421056255236,421.0460509507379,0.15276562505107272,0.10818677994148578
88881,-7.714922057522565,-8.284992978123297,3.1248074389515206,1.108678889728592,467.7970085965028,0.9241093945607792,0.10820283209825732
88882,-6.5037473022182315,-7.717634611138538,1.9617184455636054,0.8923860330953596,468.09323205141555,0.10945886134457528,0.10820447543970968
88883,-7.404013654397072,-6.503335312425281,1.361096485729513,0.7986174822058706,198.79981643129457,1.0784415939711884,0.10823739745900275
88884,-5.857572967317435,-7.868546351086862,2.9682828596789284,1.1872531169437903,467.4716642547706,0.2037297481144984,0.10824066404819566
88885,-3.660149785401197,-9.474406987677,2.350367474607232,1.4274358403061442,330.8136400863233,0.7240597334644328,0.10824823397542498
88886,-6.680366191032734,-7.545836091072456,3.950961674338332,1.4542910113831444,325.56130166849823,0.563549386031073,0.10825420946530931
88887,-5.35239533319992,-8.518888057967892,1.0177102341467517,1.164656770654234,301.2728952381721,1.3711525704387988,0.10826222719652218
88888,-6.473985315018244,-12.756138130716392,0.451575062117241,0.8334515926339296,178.17212895494356,0.28059605330365045,0.10827721630325438
88889,-5.184238763798696,-12.311393632316305,0.7905885943628981,1.7439701275921815,412.30182510894997,0.28965281691743083,0.10831314279977822
88890,-7.487149087841189,-5.464041315936954,1.7970142985597202,0.975171302269034,192.7877936814505,0.82816179486466,0.10837006384135148
88891,-5.390365405091217,-12.320243965883325,0.7750953060618175,1.2456889374803886,273.63700819186926,0.027410666323277155,0.1083726248624564
88892,-7.919303748984307,-5.089029826145377,3.598231816895677,1.0340446835577262,467.5299305984459,0.5455741386536408,0.10837985483197035
88893,-8.056892766321308,-6.996816273595178,3.8123921773092193,1.5492111771190988,343.23098762658964,1.2024828513743921,0.10839317433803351
88894,-6.397463027980406,-8.624417591916231,3.739884364498433,0.8077362353236508,468.81285166871834,0.14770850630148313,0.10839514628603557
88895,-3.6671588772565684,-8.265174422106291,2.9601619377201414,0.9074777443337066,234.61649802616634,1.0228395570250148,0.10839735543814852
88896,-5.7054528349858105,-11.13353962211312,1.013461910657931,0.8810566253063417,193.9439210121653,0.948005683348093,0.10842655576189768
88897,-6.441035058060943,-10.569067583242077,1.1730547974544496,3.1790268657181056,513.5247755717648,1.4790050807446606,0.10845361693313864
88898,-8.436160383437093,-6.447720592203143,3.1126677442243698,1.8772787172846603,451.9332923156983,0.08132205317270191,0.10846963895105033
88899,-7.2883404122944455,-9.407821797742127,2.0582602405140227,1.0624981721984847,277.01004410283866,1.6291581265278463,0.10848355773812518
88900,-6.6353200894218665,-7.952394132397715,4.198790822280648,1.3314716604235814,468.3145623332084,0.2095118091573065,0.10848506398527823
88901,-4.457499126891152,-9.82667674450466,1.7794239411167005,1.854495090254211,467.6839124464907,0.3088714448503582,0.10849158399653049
88902,-4.53359981962429,-12.61232189886681,0.7830292244622925,0.8992100351096616,343.71773898028454,0.5762465535248005,0.10849876728209516
88903,-8.71848920208728,-5.973578679914949,1.0414214880926262,1.0096443958455834,214.65412847078258,0.6634854025278276,0.10851058139842644
88904,-4.236589887310567,-9.843056168061935,1.7499136825876054,1.5176030312285294,359.1364321120576,0.45370440652283595,0.1085308246693499
88905,-7.922024359647967,-5.157682811074081,3.6239558726244647,0.8068675112477615,235.4383623805922,1.2331181618543186,0.10854640229532476
88906,-7.640344247574291,-8.207286585821144,0.5737546070872869,1.3377687775620901,298.8647138839476,0.26105604320054354,0.10855229182609114
88907,-3.8074941670905655,-9.396132371972117,2.483859878189157,1.3920505129617256,317.1974199105726,0.6347456036392458,0.10856287419227362
88908,-5.447513248941637,-8.803447948310385,3.375237939011764,14.845016645745032,842.4459277920585,0.29045675455562936,0.10859798969990013
88909,-6.503428873876445,-9.330150960026177,2.826280302023027,1.2247070909923943,297.8403540540052,0.17964848775513786,0.108639146897879
88910,-3.700648237674259,-9.502969542642434,2.294189352009985,0.9023321409045927,199.98127823286816,0.3487067948805569,0.108642240771599
88911,-6.513192204204532,-11.573794059240708,0.6489796544935885,1.7554810785531125,418.2090266675748,0.21376415904888635,0.1086619298302633
88912,-5.83265000914213,-9.627174920537794,2.342578592005231,1.2696205551970747,271.2132058010868,0.07351984460253203,0.10867597435877967
88913,-3.2988189522059415,-8.933799204143783,3.0190767550460134,0.9155374790628981,468.32634956256254,0.8497119927894259,0.10868382900953615
88914,-4.981713915557158,-10.572866138243375,1.250847343007186,0.9093500528650884,469.98556905281913,0.10083746155170559,0.10869001497995713
88915,-8.677569598793012,-5.271784194187409,1.94746779222396,1.7049385885023154,467.4770554409896,0.0240575919222481,0.10871840295331822
88916,-4.355628523345981,-8.463658880274455,3.323830218722335,21.801717365288635,649.1071732572611,0.024243739603243775,0.1087317153521896
88917,-6.54669248395883,-10.962104329778082,0.9361094471124292,1.4277268550263036,369.31890952227883,0.2220835393768823,0.1087366548624855
88918,-2.8439960973799643,-8.674377579124116,2.995757945529148,1.1801384209650845,267.24844722512375,0.07635921808686419,0.10874229258694106
88919,-8.173773343896144,-7.305178764163365,0.5937338295548389,0.9883692255917027,273.4283743717596,1.4819897202765286,0.10874501266059493
88920,-7.309174441233574,-8.956232890945756,2.7823869185474432,1.8620948509890565,448.53221553923936,0.10892545592893743,0.1087792978818594
88921,-7.230103718110245,-6.726122908064701,1.9131330626820238,2.4008498116637886,444.6710279369299,1.4760141681992005,0.10878783126072987
88922,-7.558677839905625,-5.097698871290908,1.218203913540612,2.152278437913935,419.4527019869173,1.5403710204352832,0.10878949234180586
88923,-3.3792134942682504,-9.099336152340818,2.855834725699688,1.067370249994046,278.27212602322425,0.5677040147459147,0.10879789181913083
88924,-7.015568927439276,-9.487149829775163,2.2998195993727317,1.6188317532583896,468.2609276327098,0.43557113711076756,0.10883682667005021
88925,-3.196780338034139,-9.779719063855236,1.8243915631757872,2.0275031588591332,407.9388106078476,1.953428213237312,0.10884092229765893
88926,-7.366505917474985,-7.900763277027936,4.037386393981603,1.7042881755200576,467.63753061796143,0.05845444422714152,0.10888411562409597
88927,-4.289513883074986,-9.369919956869474,2.534961660402656,0.7474193027624297,467.8765060691831,0.26917624360433745,0.10889277859953536
88928,-2.6863818175377663,-8.807080650625961,1.769024239291828,0.9241461073461498,150.06581457696,0.40068724089998753,0.10889671510663997
88929,-7.315342141769188,-10.094739602291217,1.0026832446097735,1.267880308288512,467.8315427870745,0.56971927426883,0.10890819114997446
88930,-2.905265396664788,-12.17112854347509,0.8900420908784012,0.9316070124354974,235.35754654404388,0.5569325681225328,0.10891420410731073
88931,-2.73883238509229,-8.896895115166934,2.7334986492685385,1.3792607003219604,468.0555383758536,0.6199634813570265,0.10893614863120205
88932,-3.6658080435452103,-12.552188718085509,0.053242439959806855,0.8333416804105434,168.6880442160627,0.9782721887311867,0.10894711796273585
88933,-5.461122379137633,-8.072578742270393,3.395538448292438,0.9598606124009328,467.92148045675583,0.5464764020554176,0.10895155734935615
88934,-7.536042098459914,-5.4643990720534195,1.2977844338336642,2.61940679178448,438.31724052159524,0.3906482295526752,0.10895345737492229
88935,-3.2906932461217364,-11.147706756091232,0.04495876681589531,1.8582609022907468,467.31001068776243,0.2924804471471756,0.10897119233382208
88936,-3.415842387314237,-8.601083253434936,1.1930337923699086,1.2038655292960285,309.24034090924056,0.5365841329846761,0.10897408143843074
88937,-2.893528194575409,-12.804179909998883,0.8342624097048263,1.8060287561716881,468.31400703545614,0.35211116000441667,0.10898153583298838
88938,-8.515535918204279,-6.6923862719613245,2.8251059923604886,0.8268692557863238,466.9878832558801,0.02170616845315454,0.10899167980600853
88939,-5.988433214533105,-7.8383837466496065,3.299955527661282,1.0608583971619863,284.2954048973074,0.870006160686347,0.10901398263664322
88940,-4.364643307003409,-9.015174567683314,2.981183848413827,1.8808473675138564,468.725185437768,0.43455088470755143,0.10902613231582119
88941,-2.8048006327854704,-8.581503861736671,2.0338077443709213,2.3163836059708616,430.7488944868548,0.9868757736396505,0.10902890376975721
88942,-3.969266950150291,-8.326819647521056,3.187239045365161,1.24256868093827,307.44143391520385,1.1276045139010895,0.109053519342741
88943,-3.9510503466515345,-9.415053520798875,0.21900830348019784,0.7266192953014439,426.68740368808386,0.2707787724684403,0.10907452798185104
88944,-8.640550647369523,-5.844447448782545,2.3201852036722403,1.1046209300819438,284.65626951046625,1.6691103939996692,0.10909531304644915
88945,-3.7764758214516734,-8.708393005445952,0.870239718304762,0.8043332048017876,469.9346825796954,0.056401605472466976,0.1091742418628884
88946,-6.738457265555921,-10.683494961916164,1.0153504156761313,0.7702888338702538,167.23009224375488,0.04096737584668908,0.10917978942063664
88947,-8.677230451723018,-5.9579486669030945,2.012883531841919,1.1167035184325402,290.13735469851065,1.4920919360955756,0.10918660475209581
88948,-4.794387273822201,-8.25558310011831,1.9611849035352895,0.8536090303320932,184.9184760611708,0.05180693583917684,0.10920396543585387
88949,-2.858214526064053,-9.564239386130431,2.5194067874456842,1.813606201429572,375.4539422860502,0.9504563752110169,0.10921160916377597
88950,-3.624441260814427,-12.16966690991237,0.05089495029907702,1.151959646861427,293.65589430134764,1.0976238695175509,0.10922677460656208
88951,-8.24085351524905,-5.319387956271448,3.358306254275171,1.7245948272721492,405.8656974421269,0.035042456588047166,0.10923281816039908
88952,-3.8127722210117394,-11.227612678569207,1.014583391179951,1.0762264321834412,278.8278475988033,1.4552561422438224,0.10923543827264486
88953,-7.293610170882428,-8.192267776565389,3.821339471308846,1.0927957061920759,467.0008973151768,0.6235279831363298,0.10928311322442118
88954,-7.855909180967249,-6.817207004885766,4.092496564814324,1.0961772072642024,225.8269088803587,0.13028932434105212,0.10928591990352128
88955,-2.8498436442076827,-9.714020947199925,2.1464761989489727,1.3572939887527433,329.4925138895298,0.3647898933966305,0.10930908542572891
88956,-7.303512318219676,-9.282826508762115,2.265210566597612,0.946157684903728,467.95274975590814,0.2796374671724253,0.10930976993323872
88957,-5.4215303177083305,-9.906337970115974,1.715072741743372,1.4434526072864613,325.3479162336511,0.34804502977824026,0.10932844585478643
88958,-8.408538932253798,-6.695655373017675,3.1530798825313453,0.5988898972915269,152.88805825382858,0.5917670075113124,0.1093785508941425
88959,-6.66056430486062,-10.946772226706955,0.8611006220343929,3.2257754263220977,515.3851631680934,1.1808125112429009,0.10938352356460569
88960,-5.0372107007629445,-8.193511593558078,3.2838101602498253,1.1385868626845128,237.57922400925565,0.7707255765331942,0.10938770174874549
88961,-2.472594682141086,-10.344769680911385,1.3551318974213145,1.114427740326889,468.3139761648392,0.5034184508600186,0.10940192027530177
88962,-2.565086576525342,-10.94317889234726,1.7332083195794201,0.9138647460125358,228.5347490119829,0.5271885036274684,0.10943323811415394
88963,-6.093931694769762,-11.680329507721794,0.7685478354122107,3.0490733258301486,386.1521386665277,0.04860151138899038,0.10943947379877568
88964,-3.783983232847241,-9.350161852214784,0.24507505830255563,0.9233667745637286,227.40630685864318,0.8101426048110678,0.10945568312054772
88965,-7.2228040810646235,-7.098086330910321,4.11398169911092,1.6221822083157942,386.8659177773484,0.6791761968624757,0.10945600495374506
88966,-3.8957792377569325,-11.519068560097413,0.9357921940223259,1.6227351045451341,468.70273634435176,0.4238255487484146,0.10947691821777171
88967,-3.154916438648355,-8.853687756678646,0.7533596470818185,1.1150436155913583,467.91754077388657,0.7996328947274671,0.10957398526148814
88968,-3.186635290527154,-10.259865659337136,1.4202870932431713,0.997708808516681,261.35767263163564,1.143842155824621,0.10958576851911365
88969,-5.118676088175846,-8.996961593232468,3.0875654186810824,0.7794240675330065,159.76356681291617,0.09007099562399379,0.10961938283148208
88970,-4.3072963047166235,-9.504632136435596,2.3180964928115695,1.2901756871739352,305.2955667233975,0.17083551546723275,0.10962923435548318
88971,-6.365291481738549,-9.51047053439059,2.5636053956324654,0.7175239557426009,217.51237079054474,1.2318985555470414,0.1096442095832338
88972,-7.757182488533813,-6.705819661132678,4.145852867803501,1.6268215235097412,381.57545026435747,0.5638904362337458,0.10965863725920245
88973,-6.251377543977486,-8.595341847974591,0.5932892418737536,4.322683876750895,585.8632745669325,0.7136313347433516,0.10967825416953034
88974,-3.6638169025514724,-10.798410416120602,1.1586631310647486,0.8376985441909703,466.84288638470287,0.09556138970725048,0.1096798070995249
88975,-7.451103159713522,-6.834324919565092,4.148272029063197,0.7284207292241213,150.32754024381254,0.37459276368432715,0.10968184036178326
88976,-6.256369163021645,-7.70563242097156,3.446947238727392,0.8262268332000162,468.58149138060554,0.32131329157951605,0.10970625775699908
88977,-8.641916989697311,-5.284073855023229,2.2158718718746435,1.0925722625184966,444.9632916685972,0.83588975428954,0.10971188113274896
88978,-3.2500525688159456,-8.773851481391905,0.8246991450875072,1.7084742564326783,467.6414454904485,0.4541004956336998,0.10971909294572768
88979,-6.4758560816053485,-9.102938404320854,3.14065209428887,0.7968157071838782,468.58351421761864,0.3586520754805518,0.10974396314353552
88980,-4.069813252834111,-9.199645918748868,2.738158327943019,0.7562838461134421,152.30137570450887,0.6879217343253989,0.10976964645354009
88981,-3.736899832039847,-12.788718601813924,0.7735022544960027,1.660371725852177,468.0312902662383,0.47556184045456806,0.10978119324230823
88982,-4.157012566534153,-8.602024849620836,3.2734015299535058,1.7429649960103906,414.5584603913207,0.6734343799139237,0.10978384765477181
88983,-2.6392445733027428,-9.843711051555214,2.321773377432116,0.7216699744226343,136.94087867236405,0.11903340943493301,0.10979007536264841
88984,-3.9355861632734,-8.510838257152336,1.4226874434621501,0.8417803249199348,227.3407253531964,0.25232532555092657,0.10979537542561511
88985,-2.530650809388142,-9.90642883100915,0.7667040310190211,1.8075654877383862,468.10863483807964,0.735732711892406,0.1098104874569678
88986,-6.529068117327315,-9.95132244292709,1.6243466081673636,3.880675239237978,544.934937868571,0.3239086400219202,0.109814852339818
88987,-5.104994324655311,-9.42010283430039,2.5552036399134783,1.8413289315532309,438.29026866999055,0.6217848303257956,0.10982543376334881
88988,-7.17826687059762,-6.688186757161335,2.493943246332745,1.5547649980116256,166.68109872630023,0.2775250067397197,0.10982790673503914
88989,-2.421703910335383,-12.082011879087391,1.4213260000642893,0.8176787126095084,162.3706499988012,0.13445836319003046,0.10983056879632537
88990,-7.934890089587557,-5.74045709055561,0.40504751241295656,1.0928992272695248,248.3153991555557,0.22727617884267204,0.10983228334138345
88991,-5.152787332258886,-8.856596366276278,3.250433674826333,1.9548222727031885,210.11843545523644,0.1890420484033779,0.10984484296757557
88992,-4.936176852269808,-8.15005080336719,3.070752892221435,1.2102063937928398,468.1089657095282,0.24261403816607174,0.10986874090797456
88993,-7.206440776821689,-6.70455440952375,2.1395477073724862,7.443916973366656,614.5039973116915,0.09570225658333698,0.10988463855433403
88994,-3.298141717114719,-9.364000430341157,2.5073768131983907,4.418970615507687,212.36538401486456,0.3668426233937554,0.10991772035838483
88995,-4.373543761757091,-10.191622779141994,1.4612049167236574,4.237097891311703,580.1258580437488,0.6732792941928389,0.1099266661273378
88996,-7.2102683543483455,-10.296260567929151,0.8813424321674336,2.3626476866537285,431.2540843676003,0.76633586005007,0.10993225959422455
88997,-5.739200987746201,-11.328395699555392,0.11795057449166174,0.8681968612347026,178.94699235263684,0.05430484640845723,0.10995091026870023
88998,-6.1675709091115305,-8.225489856158987,1.2035007732211687,1.5748403768249783,366.2397743030536,0.22899312749354017,0.10996350672533858
88999,-2.569328161621244,-9.487911811694541,2.0896514586529893,2.436024751251354,443.939634644182,1.0002464114910223,0.10996482684668742
89000,-5.009626655033984,-8.709975725349121,3.3542940384572173,1.7109799932578245,403.982436254425,0.5386191389074622,0.10996534355562798
89001,-2.8653653896103446,-9.547060905715913,2.499420145793949,1.4944927164077486,334.5978904559655,0.7380357826171808,0.10997141635761247
89002,-5.233791406269624,-11.34761278887646,0.0831187168606345,0.9085538410846435,192.65187097910248,0.18791055041627924,0.10998358588328681
89003,-2.406451162809481,-12.817360410308344,0.9968900931870468,1.8774016721998352,469.11297918201336,0.0797008369788541,0.10999876207838298
89004,-5.23986479318941,-8.193237407522524,3.4407188232925403,0.9920726129518539,260.38439238576063,0.3102395814764449,0.11001939452954389
89005,-7.764388263108412,-7.3911235692318495,4.002917810346862,0.9071241339051674,467.73995881528043,0.6565544276837167,0.11003951973534261
89006,-6.212006043426624,-12.823231194695317,0.5891109757553705,1.4858297945189414,468.83622964020157,0.42147007850543616,0.11004915082031216
89007,-5.08982196202485,-8.439202041906771,3.498047707675281,1.1280569845938562,290.79845467678234,0.5937600237920693,0.11008406775180266
89008,-5.681829376816918,-7.965692265454624,2.6239772420792247,1.1920496206082882,302.89429464859904,0.9981370679085417,0.11008994240199453
89009,-7.1339324655315925,-8.938924706588903,0.37906780659571393,1.406601342719889,313.9888493524104,0.7593572943966267,0.11010018096469396
89010,-4.048944389956316,-11.579563796613211,0.05143694603542218,1.7350402791918165,358.94276228803983,0.8258509860837178,0.11010430450870501
89011,-7.281536224810156,-7.106067186700408,1.0987728835669226,0.689173307379629,467.189506250823,0.40540136273159266,0.11016446121587324
89012,-8.665676717114245,-6.212451603574834,0.9296936726105206,0.6898220800470797,140.86304880109893,0.24267136201084227,0.11016763027663885
89013,-2.6923303426016387,-9.172534539878253,2.711032398339101,1.4130532487748675,318.3566831139919,0.1722276966322287,0.11017694392436826
89014,-5.139113406836354,-12.97982707335941,0.7307273304497713,0.8395518276588724,167.88096819402287,1.0914041196072946,0.11020765118551744
89015,-6.674953271968615,-7.631836966975958,4.040322541013393,0.990579520124222,267.78859431741046,1.392882806722417,0.11021853277072788
89016,-5.256791726426801,-8.203225700719601,3.4614902355791,0.994898880771186,275.22809880206717,1.5850161679779706,0.11024343649051474
89017,-5.343029910162418,-12.058852484311894,0.7998948571257206,1.9879341009794531,335.1407046753116,0.10361680749426849,0.11025139804022552
89018,-3.7409561147181982,-8.27084666623189,2.2453452200269357,1.621639481469366,350.18693626971384,0.5257962256370119,0.11025477256539817
89019,-5.089215227727479,-9.10334913556569,0.3526621432859536,0.7435775207204689,225.12747575912215,0.7540092948429562,0.1102723196351634
89020,-4.1952220734657235,-10.260392488737947,0.06171891763920179,1.8887193548759644,470.2843186064291,0.02499941357735036,0.1102867939449541
89021,-6.642456366871739,-8.07248522167096,4.162294472357439,1.1400678009369583,467.43954344870696,0.3088455651685118,0.11030329461881239
89022,-6.5145418906899,-8.581342947004043,0.5238543085629785,0.7112047117245314,190.97717952391756,0.8986379668654765,0.11030779603064182
89023,-6.0471888554256195,-8.967337870022753,3.2946948784605135,0.791860248347095,467.98359963737784,0.49851351453347714,0.11030847715576624
89024,-5.079395215658014,-9.5252475663186,2.3666040399185473,1.020064064925468,275.6637736869617,1.8492949790856663,0.11031723541479613
89025,-7.477663325320483,-5.621626375832987,2.8968742524878395,1.0171192492048864,468.223448834386,0.5477163623744179,0.11034167743733117
89026,-7.633077906203567,-9.367402398687686,0.593490607806653,0.6726629672566734,197.52968911518965,0.9185114071724074,0.11034682733221896
89027,-3.345769919818067,-9.752531872074616,0.1265322067561,1.4936918439871014,342.20202188200335,0.48845192695045814,0.11035037793607491
89028,-3.4561754621840084,-12.104625883249064,0.832803216224469,1.0874033314212537,283.15940322637715,1.2742219752322894,0.11039578648039858
89029,-7.088112575378998,-7.079197404127245,1.8844206350455717,1.1743730053142003,468.35108302962794,0.5178951303020023,0.11039609533856025
89030,-6.884753039815912,-8.222904834624408,4.042462253591484,0.9373845771590467,199.71566859162178,0.1644198742639471,0.11039904282576403
89031,-8.32793685226412,-7.878366674875336,2.194856600804343,1.4922804078113103,467.91039213324416,0.5960032748553239,0.11040297093940968
89032,-8.219872583561354,-8.275831203208245,1.7795603371668198,1.4202700642168697,314.13143805367105,0.21574069981808464,0.11042340368720704
89033,-8.079746491217856,-5.89077916353817,0.42173634029154,3.1429114114447927,509.67519192532905,1.3098788603114153,0.11046459975204459
89034,-6.850554394667742,-8.201778600232176,4.068296828578146,4.004006068924748,568.0638927255221,0.8816706476891119,0.11047187435746071
89035,-3.9533821609879922,-8.622811729905617,3.259583077774642,2.9995199446939735,497.58341361285613,1.1873479055787781,0.11047652050707356
89036,-2.434786866183755,-12.871153108673909,1.5510911007324515,0.7681857440818828,139.0293768827257,0.22515391884600255,0.11048914700915041
89037,-6.703486859105709,-11.45907263722163,0.5262271655155827,0.7261318576718143,468.3438965795029,0.4782114617502584,0.11053769857520872
89038,-7.2760802275676895,-7.968378504270832,4.042822498392286,1.2897373867513142,307.9144855634346,1.325846280713356,0.11057876265613721
89039,-4.919357912944353,-10.382285016644555,1.338790797114812,0.5345878004902359,108.66275924561793,0.1590912261846702,0.11058750262961003
89040,-3.165320902812013,-10.67898989777983,1.2178743152666447,1.1187698789115461,290.4296065333295,1.1393568899363862,0.11059903710849771
89041,-2.633209354565028,-9.041648183425998,1.1783591715528032,3.297571972180308,517.4956029412814,0.8679078672585314,0.11060028481301892
89042,-4.717530451333679,-8.837142275374877,3.180402481846389,0.9306016822789908,207.06164964805063,0.25423139068342415,0.11060520314146317
89043,-5.713883507072683,-8.125643608483678,3.6744670704331153,0.8812347161464612,468.48495511045036,0.8158787682022535,0.1106061388783502
89044,-6.172883762777962,-12.313711760663338,0.6485926719382115,0.9062314638914345,467.7488357337193,0.21049211897099074,0.11061055205974385
89045,-7.610246546089165,-6.1731521594218925,3.8552429072025016,4.25388584485333,583.23395401286,0.82337739212588,0.1106164816926518
89046,-7.151608775595723,-6.732060149494743,3.0562190599368573,0.9871829864965428,467.8023006069786,0.5861585515753678,0.11061706599741339
89047,-7.276313009123555,-8.943077999011972,2.8372945741241096,1.7091049663414926,403.0778736676654,0.5192012875277197,0.11061932961160774
89048,-3.763334850752999,-9.591794607165586,0.16307277209358986,1.713632136363147,405.33239506055565,0.6230271182478857,0.11064600251986512
89049,-3.191610093105913,-8.498244570868064,3.2474885566019522,1.7667329267744791,468.7092990343556,0.9182203199113426,0.11065849578370182
89050,-2.996532884590498,-9.923089458300684,1.7056356698352948,0.7012497365923565,371.791134604599,0.46063473594854276,0.11069946293201523
89051,-7.218418371470678,-6.66242447525392,3.3844556231291696,1.043011961647641,214.87775006312657,1.0102500250877346,0.11071150269394443
89052,-4.505543807114418,-8.339929318281204,1.788872726975816,0.8373809752238279,206.3541415669063,0.058664560289839685,0.11071873945509632
89053,-6.2545875224730505,-9.516423300289105,2.5521646286390283,0.5169879230107919,108.56507956014867,0.2785248801098188,0.11072723834215638
89054,-6.332778973424069,-9.169414959686788,3.0500391578412227,2.1316411809686917,402.38363209416303,0.4137571152591404,0.11073079235271337
89055,-7.665319745466197,-5.27855825121876,3.4099420208618683,1.3003149562417329,316.1270893602493,0.6027255806539698,0.1107568403331581
89056,-4.817321057596484,-11.343867500233316,0.06670150718325421,0.6982308660856886,209.95879863787283,0.7107228114096609,0.11075805721830682
89057,-7.560985755859367,-5.705466732438454,3.3928700954980333,1.2341008588883042,226.51491291070053,0.0494797149659032,0.11076272651605783
89058,-7.960246734193435,-7.0633983750767975,3.9151231202349344,1.774111197992591,241.2504676626442,0.09331758702108583,0.11076734335780213
89059,-7.7772585472846405,-6.705669840206972,0.4998923135376216,1.0653780397856973,229.46773447892235,0.4349580691634527,0.11077232669651262
89060,-8.38018535926677,-5.755572990688017,3.1621275901146757,1.0932241176009412,291.2078012059295,0.888896474339167,0.11079170032069423
89061,-7.4795609108090595,-5.778351499487911,3.134564900183749,0.9620274304406433,467.986491865117,0.3617902797143575,0.1108042251723649
89062,-3.3668429186339113,-8.451253924701732,1.6157299392379565,1.1185248515147963,467.44963184343794,0.48861317760103073,0.11081350586922493
89063,-5.157650699666638,-8.103201667139441,3.052237881122175,1.6831852515101446,468.6447824735516,0.8255805479548597,0.11083235755429768
89064,-4.211892917523594,-8.29751655905978,3.1180352224113053,1.1119953528675706,468.01636499459505,0.8641458296053228,0.11083566302868209
89065,-3.600836617629229,-8.40750354541786,3.213077582061134,1.1084873549260765,226.1944555583429,1.0118914921400632,0.11087367525373083
89066,-3.6217052610903924,-9.867968839099696,1.7010985528953904,0.9677631934993964,467.3911784595799,0.4281424961851821,0.11089923561634443
89067,-4.37640215005095,-9.441437515119873,2.4201540538614057,1.3457916875840277,320.8830438141772,0.2981193241010498,0.11093107882484982
89068,-5.221286463030529,-9.214710092224546,2.833200669774435,1.8366750651488477,469.63170038188827,0.0968071755822626,0.11093421227637126
89069,-6.251110517807801,-12.547623536665261,0.5943777983421519,1.803466275995783,468.05161656236055,0.1388822890767054,0.11095463717159393
89070,-3.6917499292870746,-11.636114930687278,0.9060294521814005,1.7834352166310228,468.0655715744021,0.372604848489158,0.1109610252482171
89071,-3.8630119784303147,-10.70001043140703,1.1977460237331268,1.7789367263164282,421.2042666041196,0.43071136586183556,0.11096632190298453
89072,-4.671920543478553,-8.271398959549458,1.9759624163729486,0.7419893488010452,157.69308512078481,0.40273389416203376,0.11096787683971511
89073,-6.796860177952231,-7.468507135588223,1.962398566894151,1.7696147438628558,467.75004519556813,0.06648975953225644,0.1109734178342558
89074,-5.55233523005231,-9.007353224031672,3.1538985274151554,1.2462763931121474,309.20345582016,1.4931760593085484,0.11098294956419398
89075,-4.936658277100036,-8.210006416146696,3.2689576229524646,1.8971269184906894,390.2426845396172,1.0432508328942882,0.11099711416385426
89076,-6.266706620675752,-9.924379784758528,1.6952545913602606,1.128037349821164,468.37368254026313,0.5263440966916066,0.11099802765878616
89077,-7.151006263869606,-7.42554150420752,4.240581263985174,0.8871606298417576,467.50206375719944,0.42770837607633005,0.11100370403213915
89078,-7.30815560072602,-6.481001953015569,3.4180375315448526,1.1449226905110197,230.74365666356456,0.0022695057022028564,0.11103229589476306
89079,-6.899056273253414,-7.205052375125739,3.5397629081870887,1.1519253110707608,288.829360969479,1.0410962111736657,0.11103358054166132
89080,-5.75810648961667,-7.997953206267144,2.269386092259486,1.845699660555508,441.6317819100471,0.428369780662619,0.11104867194148209
89081,-7.739167846006113,-6.973865243717695,4.159871295075697,1.048379379897617,284.0450138483324,1.369968402862109,0.11106255942861566
89082,-6.594421053525895,-9.08952701570184,3.128086968102286,1.4295045389909204,167.41842667795007,0.21471249539488735,0.11106513606481509
89083,-7.073000418035091,-8.214067611406389,3.9573912790246086,3.5896548770309287,539.4591630431788,0.8784419529866225,0.1110863201460309
89084,-4.189582280178765,-8.459394411608908,3.2742955472578403,1.126050060463253,290.02225588976205,1.3629062247350285,0.11111196708486304
89085,-5.942901664077257,-7.893402679946694,2.466004701707377,3.4080616487821613,500.7501591135723,0.1884610637500055,0.11111842064550205
89086,-4.436905719928582,-9.640063722526518,2.0628236688690986,14.070573133132033,642.964845804178,0.01763780008645721,0.11112342419628919
89087,-4.570977087340863,-9.319371554409699,2.62251969446164,2.0028763954095514,384.6235621912342,0.6276200353002306,0.1111293971802814
89088,-6.130396094689317,-7.9471229767517295,1.9252525507144178,0.9186848491691022,161.07962674146012,0.29943960755240173,0.11113437835816024
89089,-7.4273438466155195,-6.213729883528213,1.607389309795376,0.8701629903428129,467.5734017986967,0.12872518932294685,0.11115060267366943
89090,-2.719839029389103,-9.369518386531874,2.791886163434722,2.2567968071189335,431.88841382193783,1.6489988106752795,0.11115385839065225
89091,-3.2612331589131056,-9.764607272777791,1.8234983597678656,1.114772472099709,326.9073154994925,0.24482993091021488,0.11116685183773214
89092,-6.74323415474005,-7.847949476679865,1.2884232044390571,1.0366153044508088,466.9679029559468,0.547074338219538,0.11118412747800442
89093,-6.5229880706574574,-7.5669285294396404,2.5406157075222824,0.6847898309486022,203.5641298750086,1.3154967248104157,0.11120234123010998
89094,-4.8514868151564485,-9.767562612689556,1.8570748418288663,1.172064306778974,298.0976868025397,0.8052468623469089,0.11124850667287602
89095,-2.719385636544107,-12.618466684938298,0.8966553967054565,1.0844525968580705,214.04162850614193,0.028744389983162755,0.1112758903416991
89096,-3.648734590847724,-11.963632598488962,0.8468850070740449,0.6601207586165433,140.62605513507418,0.030839001516500097,0.11129204294008856
89097,-5.666505125928273,-10.127515103575275,0.10033050009109352,2.8073915819268302,451.00127854351007,0.23028305768513047,0.11130044667724362
89098,-7.442759403118108,-8.509271696006094,3.233355501743241,1.2907924404567623,273.30635193230484,0.8564886289679219,0.11130985562555067
89099,-6.62589097537914,-7.513058905521215,2.3642292530971276,1.0123032637486353,468.0421125659999,0.15016573175054848,0.1113178675886415
89100,-6.2315601318617055,-9.227913719621075,2.9665249462578798,1.3718611461259993,333.4260707147683,0.32267810572566,0.11132867239234193
89101,-6.616183000860787,-9.628519867774765,2.303800398438227,0.6378728081472048,136.70058884093734,0.09203331364205525,0.11132978266244788
89102,-4.342586357815717,-8.521627044395109,3.2989999595965105,1.9418830542468937,390.32026898960316,1.0514862596103756,0.11136852507827445
89103,-4.449273136175879,-8.513544063364119,3.333318254390796,1.4404899436705925,468.2935865919243,0.4752465584104888,0.11137314111882059
89104,-7.40855576985723,-5.89198959928912,2.4425824901710946,1.2387324806187003,468.17677041714694,0.2756546003598688,0.11138771793233089
89105,-7.916001375069893,-7.216491375893656,3.9006422463814974,0.8440691987429415,222.54337013705626,0.31585426187579735,0.1113986072452032
89106,-2.575742348910671,-10.711110527295435,1.7861641239321475,1.1455648849495805,467.20102915357495,0.5450756930791583,0.11143704451400976
89107,-7.123234767952369,-7.897187742902915,4.174368983601738,3.0563765139271757,503.25977542017625,1.3311477869425223,0.11144328669236629
89108,-4.768221507830565,-9.56861869064295,2.2357908666331117,1.0944012014510947,452.53410510512646,0.4727102724449299,0.11149317353691036
89109,-6.668624911238942,-10.36904047546576,1.2257979658515388,9.759799992199268,699.5858999752301,0.17158644754621033,0.11149478383455026
89110,-8.589188585544132,-5.324952148558715,0.6966228303668651,1.4815865352395927,326.3586711980541,0.8775658440552112,0.1114950036949962
89111,-8.152492421604151,-6.068261145905637,3.6386067103857545,1.0367897533388435,467.9247231119013,0.9416090283139429,0.11150138729928126
89112,-8.080329595125388,-8.720240376569624,0.9084063921811659,1.8207910598858559,434.9681605198994,0.250209926786388,0.11153005579352043
89113,-5.0443749089296555,-11.73302949185658,0.8665423359010428,2.9224664824348117,466.2104640680453,0.2007216680819628,0.11155578486671806
89114,-7.3423768847945245,-7.141308188557482,0.9603551901443461,1.86026801158726,445.98172970429493,0.2999177953288905,0.11164804147662251
89115,-5.353657186877745,-8.667889351838783,3.4491781797342753,1.5164843455519323,468.9042113690824,0.6040319629757862,0.11165621693854998
89116,-4.892643750418984,-11.672590864305477,0.882788545933138,0.8926071686542603,467.8989254356525,0.4811534994031259,0.11166388946945272
89117,-3.20282350318171,-10.01085207922053,1.5843797419632366,1.6480425276696762,458.4834378021429,0.3461129118517503,0.11170025164570216
89118,-8.331376815063342,-6.157108038296345,3.3299994643695965,1.0666987278926523,276.57736353831814,1.7255622378420048,0.11171410758925163
89119,-5.417515494567554,-9.38131359564494,2.636978497580599,1.793160283946665,425.5576423284377,0.5055811816688065,0.11173795586102613
89120,-3.03493626852016,-8.500586824829451,1.6138492353322145,0.6476396664211407,174.93872376113995,0.7994373104584307,0.11175165767399854
89121,-3.3098590484052037,-9.234251141365199,2.6655181669421966,1.8415433057903146,467.4961757410447,0.5951027456821594,0.11175642749939375
89122,-8.183756592476898,-7.8444789208701025,2.7074804876281515,1.096557146878565,287.3086037654103,1.313906303596453,0.11177029274251826
89123,-4.059007324768005,-10.07864774532008,1.5279463368751587,1.7617219720463881,418.7438425580215,0.8676179335851932,0.1117842005647196
89124,-5.433974278855031,-10.039221922213557,1.577240272027133,1.034468540971593,274.21539160201917,0.9533727556767078,0.11182068998799741
89125,-4.729087562257891,-8.806946320685242,0.6811555005715008,1.501365796161935,340.29454402918776,0.5465345541683151,0.111865535866221
89126,-7.312185816540947,-8.376111836838264,3.5720386660843046,1.1133091923143026,153.2389930499084,0.23146582685263084,0.11191553576655676
89127,-6.116827430898894,-10.124877235443652,1.4970277266177685,1.8159563326817947,436.6988942524602,0.9409176222202591,0.11194156934771851
89128,-3.3303771099972845,-8.266869976579034,2.524107151082008,1.8183845116975437,434.22931462309214,0.0851583515403016,0.11194821272941344
89129,-6.553990464846269,-7.6691446043241465,2.022018508555838,0.8890058276174948,467.3347789549814,0.6284732564718238,0.1119708304828754
89130,-2.8989212818723953,-8.690225349325,1.28811744635547,1.1610280637681507,468.94329515824285,0.8754387836036779,0.11197947614159737
89131,-2.61567096359519,-9.833804434740244,2.322467909688595,1.4519286688035917,348.26813109768597,0.575762208466192,0.11198351383905226
89132,-5.597225137921992,-11.587119526464376,0.8627871642966021,1.4185423221469453,337.0885562937995,1.0589280844241928,0.11198377404521012
89133,-4.7662681779354585,-11.09194768434863,1.0425683349773471,1.4282688235037362,316.1544343976593,0.5782260946780058,0.11198404702055507
89134,-5.605450286313085,-8.431715308907506,3.6587254545178487,1.315850677695152,324.5185589024069,0.3507739652554811,0.11200440620776801
89135,-7.01077078144806,-10.574695140861635,0.7635352367921961,1.776951681523125,470.13968355556005,0.08939322368060676,0.11200854702188749
89136,-5.48551416810405,-9.646089982623078,2.1965887532722705,1.7839169426202595,447.46226587429294,0.16582197256854148,0.11201010367852157
89137,-8.290809601244412,-7.628233260677455,2.7176227611970787,0.7904682738743947,219.15740563961953,1.0004195905215605,0.1120371477855534
89138,-7.824501439010087,-9.138921605786742,1.3339676869082944,1.7930124794603193,426.4398678866866,0.3754292838494049,0.11204299451502377
89139,-6.886157707561897,-10.90604163502837,0.6034144346107637,1.0473122802951225,217.87369135769657,0.32417891020425404,0.11205266436093163
89140,-6.284789580133889,-10.771871059825614,1.0933358286598427,1.1061516425080773,272.84497990273445,1.5571609922351275,0.11206789978709109
89141,-7.889210165241437,-5.173936713242762,0.4164506354060052,0.9742887891738538,271.5034880289853,1.1729111309065745,0.11207721693207054
89142,-3.6686521569440114,-12.317966579799007,0.8072484871129075,2.7024356170224295,475.28135287268617,1.897599249567869,0.11209565137367893
89143,-3.0481484956056137,-10.906216881263445,1.1364591798554438,0.8982391949137136,468.17684956079444,0.5557436910467546,0.11210499047076838
89144,-3.583535372622718,-10.63187697570082,0.048418017958918515,2.1830447607616734,413.85219454784175,0.8443988767334023,0.11213546918078056
89145,-5.822059121237572,-7.929231592221312,2.577869092772343,0.9832619997053084,271.9613082083106,1.8481262623392238,0.11215224677293563
89146,-7.521230698829941,-6.892762818106703,4.189874031679982,1.4867304425549464,338.3896394303912,1.3963438631844811,0.11216468838582845
89147,-8.600110967031,-6.198469403103421,2.505323000720094,2.7077932136328395,423.31787018561,0.13171645630438178,0.11216830953849914
89148,-7.315791877427284,-6.876885628196628,1.3889866137263458,1.1702972079490406,261.4826205172651,0.37217974472084325,0.11217832825275707
89149,-5.200002516559718,-9.008721171636804,3.080437610704836,1.0117763383316585,273.7379273611746,1.1702727188638606,0.1122097127482849
89150,-4.618680931262834,-9.24279144194325,2.707759667810156,1.5143688009699017,342.72706875709383,1.413674350016719,0.11224596245188563
89151,-6.089212980939705,-11.232524660091908,0.9105276890598772,1.1657241610259552,297.21889184497127,0.9461475753594089,0.11232035235561368
89152,-5.411488143887858,-8.55354580633063,0.9566575367752331,1.3736214888068912,325.0485072882958,1.0923404620297577,0.11233096185772716
89153,-7.196106718786834,-6.9725587924372965,3.900495346259963,0.6598541761708752,175.72360936779856,0.25443489564454946,0.11235398186175714
89154,-3.085940518543846,-11.807917588858544,0.05536522801772633,1.0745024276916189,212.97775643234596,0.1530645951724905,0.1123732627054857
89155,-7.920278547576301,-5.666037773722559,3.7248612316912175,1.5103331333499517,347.29194488983075,0.9920930720773642,0.11238941878069343
89156,-3.3359806085530916,-8.415177713395831,1.721055823010555,1.213741861454623,229.57512519603821,0.03413699736121245,0.11243412084616017
89157,-5.412380828787686,-8.159326854800609,3.4774032667326176,0.7691002410795971,144.6630542922743,0.2191141774517158,0.11244991351611196
89158,-6.750298765970685,-7.3764593331433135,3.581967947147309,0.8121109953100005,416.66897870834407,0.24655965508936273,0.11245944972348276
89159,-6.913005615757255,-7.249955531288431,2.207505233534755,1.0244053485883649,330.9771464953972,0.2938931553504105,0.11247599044670069
89160,-6.0194376369499665,-9.70643215491004,2.160245426653917,0.9689949168566956,255.2787801852891,1.1049286934862135,0.1124900312607626
89161,-3.3600432858415807,-8.269902628901551,2.4199165901502147,0.9794523477911106,207.13839397041585,0.6271222717407907,0.1125012090692497
89162,-4.62191054090202,-9.698671538316221,0.1359714161113142,1.6866273885424106,468.4171040281437,0.6641967940061031,0.11251501058964018
89163,-6.81403609110322,-7.336140313081595,2.343611658453859,1.8380434012669147,455.2991567059701,0.22496520775669016,0.11253374574844575
89164,-2.954166942669251,-8.661433744343823,3.0873821760999007,1.0173227576699637,259.6075125470171,1.125663046685884,0.11254204304041047
89165,-8.512465945453666,-6.168669713722693,2.8368070159899648,2.47034252692301,452.528228644445,1.562424570243695,0.11254283281589919
89166,-4.998454730135197,-8.630131666608218,3.3864601999427175,1.1046034863496483,288.6384731381264,0.6347612917224721,0.11257511372120323
89167,-6.8708360892833245,-7.189756456351712,3.197980133111147,1.652284042468101,314.1357593984132,0.10268916383129234,0.11259199075518937
89168,-2.8249738316477284,-11.385241003039182,0.06959282356015732,1.1556620345937085,467.60527323362487,0.46829100081532893,0.1126072938515142
89169,-2.771374472854685,-11.87810877210153,0.9510052760496657,8.466930903440833,533.4047241677882,0.03676175273137705,0.11260853433695514
89170,-4.487210796954458,-11.545613654499443,0.9140161605381556,1.8917202527320722,468.6268292862317,0.14567192315208377,0.11261770078260457
89171,-6.760156092133395,-7.648683384720811,4.114779736285139,0.9780278170158988,256.8924158815995,1.2331828820016693,0.11262987646159807
89172,-3.1804114303647086,-8.419062212418805,3.1627388218287935,1.1252813715937175,294.3315976779556,1.1309198412758175,0.1126353631398435
89173,-2.4172081532148884,-12.367546201698403,1.1386602772292387,1.503281632964854,214.72514528935466,0.46555840489072153,0.11265708159262007
89174,-3.499553968608806,-9.68364507186007,1.922301839824687,0.9544768195731503,469.77416082604066,0.050157748383546696,0.11265985307691297
89175,-8.67584977508503,-5.934565711346747,0.941174663225752,0.9294174328656757,468.7686021586844,0.8696833312075389,0.11266889902744205
89176,-7.459276326165383,-8.900601866712595,2.6128621565379566,1.2706992120748442,468.60934784598925,0.6011483285509343,0.11272406090726321
89177,-6.202083357273197,-7.839563746768907,3.74913926812754,0.6780343688217467,207.22500495832114,1.1828711043307925,0.11272530525130613
89178,-6.739721463066322,-11.368401886703374,0.4961362057365277,1.1111624369303246,467.77571599039504,0.9158680830213557,0.11272671850431651
89179,-5.612695858754951,-8.766440713372436,0.5962625128075895,0.9422770547565062,188.75461354195585,0.8591308995579707,0.11272958634166318
89180,-7.304778158554381,-8.113067976206251,3.8717035710763406,1.1112531401793326,287.2806191012972,0.7102317705985977,0.11274106422653309
89181,-2.6042358595311565,-9.938770022589866,2.246732535401065,1.081914297529482,467.74843550770925,0.13242793726763136,0.11274192393548878
89182,-8.502176815891229,-5.08113288361953,2.727421409276971,0.9679147032216848,204.24928822489633,0.34845310281665753,0.11276488586836503
89183,-3.100234472847241,-9.112581984809568,2.861099867480935,1.5443399099044754,352.00605767291876,0.2055267284790716,0.11276510775424478
89184,-6.984996968595514,-7.2992983600790975,1.816580076758655,1.028057109164226,468.66393197292473,0.6476760430082731,0.11277182761434953
89185,-7.5126686794917195,-7.895759317409543,0.5701325580876173,0.7241800318434813,184.19366550609362,0.6246082912171351,0.11277620394356153
89186,-7.0473881460126275,-7.751384509371679,4.238263205211155,2.5367433295770687,456.9236594585127,1.2573882270224157,0.11282066306945555
89187,-8.19930779818235,-8.086359013366298,2.2390258947385107,1.913381757828518,379.7930537332599,0.7677029008933403,0.11284336074670959
89188,-4.603963522728901,-9.425483677641099,0.21327800326317906,0.821096254755152,232.7423827638127,0.7563525247186282,0.11285274272816842
89189,-2.7500685833336913,-9.298322518243413,2.8182856909549927,1.1489122836412202,359.81301360578783,0.13752172902725146,0.11285822475925211
89190,-7.551268342724402,-7.909120597973771,3.8167921985624615,0.9802208245283478,267.7633415416917,1.7292847530382138,0.11289981898793844
89191,-2.849536845297327,-9.44814189898878,2.649702936452303,0.7245848221551882,467.8159236151386,0.507155973798791,0.11290178025331649
89192,-2.580287081549635,-9.322069924110654,1.091663099210103,0.5311609756422873,140.3899779795887,0.8801680187766561,0.11290489972771635
89193,-3.1674355918579353,-8.32330765591952,2.9068594646762245,1.3657527176547588,303.4694997628022,0.8563829727728995,0.1129308266544427
89194,-5.1281644492787795,-11.205436075535031,0.9943902735914231,0.7622057768236231,148.437253247816,0.16995895772057334,0.11293705896376487
89195,-8.279418341071551,-8.205791874264062,1.6572803448049194,1.6610620674865015,387.8752497424645,0.3874815733314536,0.11295208586826559
89196,-7.823293072893342,-5.177745027561633,3.556122906906167,1.2223264635631836,255.4368148855956,0.6156815138525493,0.11295889836984667
89197,-3.3345343302055728,-9.234005991200302,2.65433113878792,1.2573107666677352,316.51648910334205,0.3409708406108143,0.11296068893654479
89198,-5.522346001046405,-10.799912365074537,1.1381021814284937,0.9973558280874698,467.1850680793101,0.33579465038009726,0.11298820544734607
89199,-8.73104700339211,-6.297581260155806,1.3178635969088972,1.0320776395301732,468.200311162672,0.27714676848476305,0.11299254632368622
89200,-6.396224974381687,-8.467684891953233,3.863782615748525,0.9818120871258862,270.50976661291065,1.091777111456424,0.11301521786499176
89201,-8.420206536558176,-6.692642769316056,3.0912208878345746,2.9922376379050566,367.3572602645531,0.02081344102263749,0.11301902577770233
89202,-8.35740694380219,-7.394038756959174,2.809954246660541,1.824187215166543,436.07832471800015,0.20417405548872036,0.11302017783609972
89203,-6.903298200872688,-7.47374443967424,1.7136830654923718,1.0569577714972418,275.3775446629592,1.2723893204232146,0.11303438973892314
89204,-4.255189852973728,-10.00689534459863,1.5784038023610365,1.2678294256857598,290.6404447815025,0.12737326451935171,0.11304272030179771
89205,-3.5831217783307343,-8.329699895311538,3.045027031610563,1.142366722535556,242.45324120804673,0.00991706609502252,0.1130538361737088
89206,-4.261236994628015,-8.613973806354942,3.2498801388533862,1.6204863326669545,350.9567559864817,1.1105091056154146,0.11306557768792531
89207,-8.041900869795896,-5.869880486158363,3.708092341812507,1.8043233131062235,467.6541138256605,0.42542691399417354,0.11306913528091155
89208,-5.425067921529029,-9.018078741205413,3.101850073459103,0.8481612913982167,451.87428915457116,0.195043582917247,0.11307324932181986
89209,-6.30277419076044,-9.875825012151084,1.757781256112411,1.6447999797159245,468.35788957046185,0.5205084993697762,0.11308129458016361
89210,-6.332932655209701,-9.736134718658203,2.103870998625805,0.531039102877709,128.7677479968607,0.1887739508744284,0.1130960541810194
89211,-7.119139787708759,-6.929041050423218,3.559757524785983,1.841147891055727,465.49455344222383,0.15344838983339493,0.11309758593503674
89212,-3.380581672576665,-10.967726208798604,0.045972743678660735,1.237412740024782,309.9456324796737,0.24719910751588525,0.11311279744588729
89213,-7.834005420266722,-7.107232494117222,4.036987265081966,1.1031248825015014,261.88990978861625,0.388839604407508,0.11313411197973608
89214,-6.158321508185906,-11.00794963326786,0.1728284945544615,0.964128259671692,467.60211849057043,0.6156180431629874,0.1131421433523638
89215,-4.812951245011509,-8.207147672693944,3.1178708996345894,1.1035466307071575,467.25003767771386,0.4599980751659887,0.11319317342990487
89216,-7.16784339260264,-7.662475002952112,4.239372507089851,1.3193310229951423,186.95550054278573,0.0880065305483031,0.11319533918311034
89217,-4.268878131081225,-9.704802714849968,1.9141704026141944,1.843147390099513,440.2373571795543,0.49334070632319893,0.1132078622638542
89218,-6.132372894091102,-8.097066096645781,3.9350080121521196,1.0044592287891543,157.36040155763294,0.20207720017896325,0.11321153811558186
89219,-3.440196967796889,-8.298405318695924,2.938079197041369,0.8572149413287866,467.19438123912886,0.16436735514902523,0.11322702102020471
89220,-7.186487180106396,-6.791365658149305,2.114601008926464,1.710878087842838,416.9330725906263,0.3710825049767381,0.11323664874629827
89221,-5.874523957314053,-9.360805837035963,2.7282663963230886,1.0554436812066699,257.7076695930186,0.8788477324804962,0.11324916695574523
89222,-3.869480705842494,-9.103208746437023,2.828756388714649,1.2442303698841857,181.6418476205676,0.16975509999558014,0.1132565490121013
89223,-4.960014194356552,-10.099873514612112,1.5183673762958139,1.187522765147234,249.15647593495618,0.8930785066690587,0.11330266736384709
89224,-7.382857569754455,-6.143363411293513,3.0320300845443726,0.6870959264349327,191.4196691161115,0.3567813507641526,0.11331290437113448
89225,-8.30580515793139,-5.300681128898981,3.2232182534348714,0.8294276239502343,179.81379747593567,0.30446366351628384,0.11331621051799821
89226,-4.840130456478922,-12.353966392495824,0.7787927365089097,0.806712201509656,233.61994394847042,1.057055283722181,0.11332419165914591
89227,-7.307292502186748,-8.63572092608901,3.2264166916955253,1.52459701849848,345.8132798798844,0.12538045404655396,0.11333081719193469
89228,-8.228293007267391,-6.649931508873986,3.550875749072359,1.3610198538412732,468.76657295285446,0.8468481360493127,0.11335264001914064
89229,-7.520505245376701,-5.882428322680877,1.034393516172789,0.9179003772292684,468.05057781577165,0.884081250197279,0.11337096481638174
89230,-4.88891085588004,-12.090687187645408,0.08042824607682557,1.7330780271075004,408.3098284608505,0.5910207618987551,0.11338669551318287
89231,-8.300621998811549,-6.01902563127363,3.3573162759493003,1.7565704201497767,468.43470622797275,0.1874189631484784,0.1133956034294453
89232,-6.120178828682834,-8.422118185119635,3.8383447776911686,2.0830302469075765,305.4316570573533,0.013797219926284576,0.11339727514339178
89233,-5.523074007052444,-12.182945746497074,0.7566861548781452,0.7203942973425562,190.362928893808,0.6166977724761029,0.11339986863801886
89234,-5.154948035861612,-8.287118725025824,3.4499789665564924,0.8333555127981152,467.77790025378584,0.3722399467722921,0.11342063314960833
89235,-2.413900307695317,-12.880815935794478,1.248750291430351,7.012657864650941,575.738791096875,0.08644570089696302,0.11344016360886473
89236,-4.749667070585781,-9.074480555618806,2.91948825365119,1.0036211942907967,300.44791164493824,0.4375523143874487,0.11346253448575944
89237,-2.90483893537467,-9.4468190950661,2.591317709722997,12.881525101068153,436.1378748876418,0.2439427347476153,0.11347021365648009
89238,-4.599961210205576,-8.371178939113964,3.3094154167110603,1.1929608784242736,301.8859033785875,0.4657323968017746,0.11351963617782337
89239,-3.2075636003925645,-8.567208435194146,1.393710597327004,1.463150015918164,338.75250169440164,1.9741685411374412,0.1135400523834411
89240,-7.482789815474783,-5.702568205064496,2.962925719743589,1.0468577253027462,237.76448392706666,0.40792554400292147,0.11354517489166345
89241,-5.212060607909109,-10.880058244734357,1.1095363163891587,0.5815772303797367,167.1075785292848,0.944909590466743,0.11360240161173385
89242,-2.6030106813803675,-12.178375924657667,1.2689332011150767,4.284372721759012,587.1863216336078,1.039111266976108,0.11361196534173275
89243,-6.232788005921735,-8.19370295730676,3.9765171426787993,1.1635062813862294,284.8793481982511,0.15972213844958016,0.1136473826125548
89244,-7.380648128168883,-7.310141422704367,4.240474650242456,0.944332775775503,169.31357847544317,0.14785462159832097,0.11370004109224878
89245,-7.684624526347849,-9.480100048229774,1.0817519361465318,0.723722797001639,220.19392818088133,1.1020124131083975,0.11370829615424595
89246,-5.640844405842667,-9.19647714081308,2.9139126967581404,1.0149314214730378,278.8722586190329,1.300532271690547,0.11373510014035329
89247,-7.642750378474123,-6.617556297341531,4.1030539513455535,1.2562320761943333,258.1583219788029,0.04106856868180042,0.11374389695904458
89248,-5.214358332356468,-9.020247160736368,3.0544129991327202,1.7964490245269862,470.2244192121013,0.1859783814809557,0.11374640970097834
89249,-4.543816492841764,-8.216004038457818,2.6897765976275263,1.882721470152406,452.4295033611571,0.6074405928986382,0.11376150555188533
89250,-7.784861703539899,-6.58207197663175,4.074884784691331,0.735844567437714,194.12153804130446,0.8198683581320418,0.11378186110350748
89251,-7.748285888619787,-7.806974701321524,3.6510146514125275,0.9898148115791194,435.8717487831198,0.005944991990225468,0.11378202733512688
89252,-4.680929531665533,-8.74374766653104,0.7872778355288468,1.2328043299955112,310.455032285268,0.4029815344212162,0.11380422301304333
89253,-7.07388348342222,-8.67583527499895,3.4094807988374223,1.0753585462843576,254.68321188929986,0.3821814390800089,0.11382026164502915
89254,-3.044876785092913,-11.804619346484289,0.8984279919269065,0.9619546347648286,466.8420396688318,0.5017870065099119,0.1138785266639278
89255,-3.4398827116340964,-9.051729925635545,0.4728812483433654,2.4790323093494777,453.9933693868747,1.7827477173959032,0.11389097490370369
89256,-8.62293293660316,-7.374924430512734,1.1949984899928876,0.9622407868079407,201.75925894257367,0.1658042722727915,0.11390109605974559
89257,-7.474614502308301,-5.643921352036019,1.8934556776397573,0.8913379505276093,225.42296655625185,1.2177475587430777,0.11390362214217356
89258,-3.0661050760466866,-12.25925545864337,0.8322371971771846,0.9696824378574872,470.2696745251984,0.02806891938715328,0.11391975098185422
89259,-6.787900030671073,-7.3015534774813595,3.31758134778497,1.6262794439834978,318.19207038277654,0.3017517375411858,0.11392641809896303
89260,-7.01120083042984,-10.496480643658723,0.9408271818441412,1.0073687127832969,466.93909180228314,0.558306203177203,0.1139352702909431
89261,-6.00830406498735,-9.309395505112354,2.8163335390857416,1.2264055884209137,311.2868464486537,0.2845345742549963,0.11393589310528494
89262,-7.312355519208331,-6.449423393131105,3.299604269945952,1.3283416013179836,325.4769347869463,0.43686849029915464,0.11393691962563995
89263,-5.8084142840986255,-8.188221092093123,3.7554743316120547,1.5685544689701938,347.65172083439137,1.0317670994594694,0.11395200511532774
89264,-2.9681997976102634,-12.4986354373805,0.8264032264535296,1.729960528911232,365.7139860361113,0.5995357422435399,0.11397232275281673
89265,-5.029812279102657,-10.169022530388233,0.08306374138573751,1.6818129097369505,393.69056759550205,0.20779010066849324,0.11398501088733504
89266,-4.339863318033337,-8.360506453776024,3.2046129455566925,0.6707413315780107,206.6601192820092,0.33031101588373435,0.11398681972073411
89267,-6.233720279240911,-8.177509103264157,1.2963892341670666,1.039597506385278,272.24916904996223,1.0490754948971288,0.11399987913020682
89268,-5.82089044584837,-11.237605690564456,0.9391501183411509,1.510457772628706,168.60382832255797,0.2525912255294225,0.11401435722224591
89269,-5.909228317366598,-7.87777533722026,3.1402452308409474,0.9725489170378552,270.8557801002966,1.5621842578653267,0.1140307488290407
89270,-3.672343573112375,-8.355239887086306,3.0938429742695033,1.1169857516215502,235.0068629934832,0.0567059935483778,0.11403862368455059
89271,-3.8851125100739132,-8.301989000711275,2.121220183559506,1.2249790072334557,468.88800422527135,0.9093225256037059,0.11404976880562338
89272,-4.24564372276431,-8.697363033625852,0.8978077595780655,0.9935106533169921,467.9152708397485,0.8943990364649821,0.11405206419070531
89273,-8.244850129806157,-6.214291478839207,3.490409492132138,1.4086374491845268,317.82285970513965,0.10511065078059101,0.11406340045937842
89274,-7.10167459379454,-8.127342962867406,0.6505077120787811,1.3042927076681348,309.7312993226151,1.3467490513897742,0.11409282253491916
89275,-4.123020813478494,-9.213771341790887,0.3312927696634543,0.8383037704664813,239.94678917337737,0.27325052763142565,0.1140965532255399
89276,-7.7475511318623544,-9.330050710467408,0.8056090308657986,1.8572925473289128,467.6115474355089,0.48398927952986615,0.11412742023064618
89277,-4.757556880274619,-9.26083040196514,2.684835199808245,0.9450583894625812,468.09450958372315,0.7480372568537819,0.11414836872872701
89278,-3.5075580966726685,-12.080753313788163,0.8211088320372621,0.9197611367570638,188.19756562663414,0.6561065609134049,0.11416642964563088
89279,-3.873177851480829,-9.806552503290431,1.75336349236304,1.0927028062090711,283.46949181067396,1.0819905100228562,0.11418928544486401
89280,-4.684304625025314,-12.291007491650678,0.7857011684609042,1.4884235167317834,340.32394283346036,0.9711534778124609,0.11421060229662217
89281,-6.47467926725348,-9.811330251123055,1.8625150288796584,1.6419438935213462,383.0003940164439,0.23304000355652743,0.1142384543797645
89282,-4.72848784672088,-8.436462654879163,1.5199970133298215,1.231506691061129,300.672069237985,1.3920720445179846,0.1142684759580057
89283,-3.9948456696638974,-9.288177561944057,2.5952800140064505,0.815744937759749,232.4358462946627,0.9050246761998588,0.11429417458203232
89284,-4.245333843519381,-9.08878819134388,0.41991170686378576,1.5840724982073553,364.1490852988372,0.9102586371378063,0.11430166137241034
89285,-3.1625568764496856,-10.88116670740602,1.1249881462944726,0.8155059081746487,466.8266726710135,0.033971995790214926,0.114309913226268
89286,-8.21017238546413,-7.67616133539133,2.8648287827645507,1.1453583457369088,241.04204805176985,0.703133721804102,0.11431091576250693
89287,-3.734061897105631,-8.546308877965393,3.2218790435302043,0.5873424340964923,122.72345180385403,1.1362599945885057,0.11433119810595231
89288,-7.059439385545638,-8.158134172210008,0.6486816872187607,2.128137790485603,412.4904309015965,1.097768009108731,0.11433614750790558
89289,-6.577702369091895,-8.219217167416616,4.052004460492646,2.861260088317731,489.4966241607736,2.028998228226862,0.11442113467490048
89290,-3.0223217562949545,-9.090201464385226,2.9249710672939586,2.3099884899166447,438.528183092088,1.952258885480921,0.1144476759167856
89291,-3.9541416818776822,-9.10954054462826,0.4069557391262922,0.9132432672856773,185.38544690010818,0.22795095252036734,0.11448380075787412
89292,-5.499147852422768,-11.719264788194934,0.8289944434485477,0.8722371938376499,467.94090148005864,0.3178403646926915,0.11455874819793743
89293,-4.173705649446085,-8.244991798556358,2.7675871330847333,1.4182732216419536,159.517891339538,0.27147157682357204,0.11456245195436249
89294,-7.543283208273888,-5.701247804304512,1.0019694265754937,1.8553892044822673,468.71224450683485,0.24536751040889637,0.11457743313913282
89295,-8.6220636759144,-5.853494002314689,2.3495970547139997,3.615145251771419,533.3860857493834,0.5424673209538726,0.11458141447207036
89296,-3.6783703614742684,-9.143492985635437,2.7525630168867914,2.295001077473138,206.97068377321378,0.31982176872167134,0.11458320562508284
89297,-7.652559471886317,-8.103691532626776,3.443944373710127,1.213307435914939,467.4463985364802,0.20162180090104354,0.11461399698055712
89298,-4.630754127843683,-11.278695047160529,0.06405860356316948,0.8725351503440097,157.17621011281383,0.14470581846671582,0.11461647579550037
89299,-6.643461739295724,-8.42810929872336,0.629162708554049,1.7710065101236911,467.8067776332997,0.6355422204302448,0.1146440045875509
89300,-7.207873396881876,-7.203503457328908,1.3365019505952536,1.7601407061028906,467.81427188179936,0.2356199130736778,0.11464505820475117
89301,-4.969897488236161,-8.343360648247085,3.397514414531884,26.18491528281501,809.9542266641255,0.14422525274955333,0.11465237488262497
89302,-6.775917727428687,-10.74778502733369,0.9124646660458131,1.7552352350798959,371.9335483531814,1.2840371937646982,0.11467235993875342
89303,-7.9309296756332195,-7.199397101708991,3.870051762770885,0.9871472655313976,467.44969281263207,0.7901915252613572,0.11468804826539719
89304,-8.15790232230155,-7.29479732668716,3.405296943654923,1.1007349149776617,467.32195998177065,0.7882536312515631,0.1146929235821447
89305,-4.863909448980362,-8.52133751101428,1.2756998137670914,1.8300620685494335,447.59455079350397,0.6461255241959973,0.11470330261054151
89306,-7.595079843458231,-9.02738412869678,2.1178056183203364,1.508945391678078,356.579253466363,0.5857203363569905,0.11471559179179641
89307,-6.472044555735497,-12.110303659122266,0.3698208084871877,0.9317487569228718,242.53098216282675,0.6534658832911697,0.1147206651394927
89308,-5.546517945650354,-9.642094251370953,2.1866493063951897,0.9546011856875387,468.68851191021935,0.5975242185345069,0.11473223027953018
89309,-7.363781687965901,-9.840264911404226,1.203233017843742,1.3139963065556555,283.266545277706,0.16211349178091083,0.1147341519470661
89310,-3.025324578346609,-8.591365802248351,3.1299477662312456,0.8343747024575551,235.87876011061203,0.7949725277425186,0.11474429783187019
89311,-5.393217042460735,-8.058692295455067,2.735702008984306,0.9663526916278651,267.76462630828945,1.6346914994973263,0.11474777860691227
89312,-3.3766638752789664,-12.741664441626623,0.761436058732242,1.7697701617090502,340.95025090465845,0.23727403411112924,0.11475425137695583
89313,-4.235073898357987,-8.434203352638066,3.242735620572187,1.8017224017342606,433.4389027068501,0.1833047295945578,0.11478591730460563
89314,-3.9280981856626997,-8.500781448670281,3.2281313276094106,0.7984504559145212,468.8584668157098,0.32424034722275863,0.11480390789764847
89315,-5.756273100917211,-8.826707028894582,3.372935142049789,1.8218003384836525,436.2662504296637,0.4333019441125794,0.11481727205976869
89316,-7.443911928344589,-7.716313383765731,4.072652159380387,0.5081392860030401,122.47086108482041,1.1996511314718088,0.11484563575046362
89317,-8.732654709827951,-5.75218343149238,1.4526693554504235,1.2506713896190436,315.56979986569945,0.36594193497063454,0.11484706746056082
89318,-7.629473999908747,-6.831137000815159,4.162159584161487,3.9630669939199996,567.581780383763,1.1124701298478685,0.11485629413530438
89319,-8.20858274923755,-6.875069274268342,3.5366200307482805,0.9094988009296642,469.73368777460615,0.10199306546454334,0.1148843420582508
89320,-7.793370290437546,-6.716372757813949,0.5030124208358708,2.464640401663707,386.8190950966775,0.0990486419070713,0.11490146264252933
89321,-8.022327228122247,-5.013222546215075,3.5102002772137944,1.6025962533810838,467.99186548577705,0.3643861759227809,0.11490354007410089
89322,-4.509965434210765,-11.857150010476445,0.8398952231600965,1.65429589263026,355.1575373772885,0.5242719586473754,0.11490648636068695
89323,-4.687455652709854,-10.846266799325225,1.1194035388735213,1.506474219417779,226.21531882869212,0.10285164283727521,0.11496821415709463
89324,-6.2319002948662945,-11.25922180727039,0.8463030813550609,1.0034580089217893,273.364286057567,1.2864321227540882,0.11497550949709012
89325,-7.22979163889401,-6.641102283638883,2.311384538297494,1.7114533141803256,469.59678347054745,0.20981417734927277,0.11498066701463698
89326,-4.031428465689556,-9.26218270671622,2.623004873140076,1.8797166728631618,468.0852767701833,0.4356076589070801,0.11498489598210838
89327,-7.775698304918069,-6.117607777975956,3.8914266445271757,1.0265722893435498,469.3603073734382,0.002995292109739367,0.11501594764216375
89328,-6.969895287842585,-7.42961598392907,1.6485730224565223,0.5895192471665668,161.48085429557892,0.6599743198276835,0.1150404889401392
89329,-6.661569667841763,-11.000894032849718,0.7621557843189521,0.8924604984760754,225.11899958147083,0.9369182312631645,0.11505214750267755
89330,-3.6584450708705436,-8.395034137629295,3.136544541486791,4.089612674833915,575.3563844432459,1.071385796284523,0.11506110433176905
89331,-7.432199882164092,-6.851659639133674,0.9399062082409065,1.6640251319374821,469.88441660655576,0.197672212208456,0.11507014894709507
89332,-4.262581591428708,-11.537688901041191,0.9073783533790534,1.0721513556153095,226.82761176649896,0.8468614609635079,0.1150705023159011
89333,-2.483560114095253,-10.293889747828663,1.3069472975352168,2.575772169402806,448.76609580085386,0.6037661401567336,0.1150737039243908
89334,-8.1992322161058,-7.542843080545447,3.0586007437181952,1.0427356365998517,274.4490777008436,1.2795179411846167,0.11507944873501602
89335,-8.248480609762606,-7.864233910147953,2.4603791647958966,1.8423745340759494,468.25514865425356,0.7490907333651888,0.11511750374197177
89336,-4.026747925861258,-8.664903854821201,1.0241825010080434,1.2104241207628184,305.31531769706095,0.6358841080106625,0.11511800170958783
89337,-7.48890634143338,-6.135209066924754,1.349619947926032,0.8524348067912865,179.05164752696564,0.4316213183630504,0.1151273757508219
89338,-4.970110482051146,-8.384532142179449,3.4100415270962725,1.1897208472421676,467.9890590271407,0.36292691138921196,0.11514271294941934
89339,-2.509408332417637,-11.37899747746176,0.522760196266459,1.4587757821342755,349.1590919839905,0.45222084045483957,0.11518444021925676
89340,-2.8002305197046855,-9.474264544653053,2.6570011142072922,0.8430197427238271,439.04656080306745,0.3358128725787166,0.11519100781139362
89341,-4.640458179037246,-8.723805733663394,3.2280228148044747,2.156181310264999,320.4698385066356,0.06720067534415097,0.11520259418592908
89342,-7.508562271013543,-8.442447842601261,3.2080060502725787,0.8982549527768514,468.04618645296205,0.08023588428741846,0.11522424828188772
89343,-6.459585733189215,-8.830594117646136,3.456966052526104,1.7147488444842824,468.34094231623885,0.2756618314284873,0.11523814492151771
89344,-5.344138468180884,-8.068632490819674,2.9054147497293843,1.1797673127847885,215.73655446202756,0.07643637555131111,0.11523996896655252
89345,-4.250769150793619,-12.368885228068775,0.7850205195429261,0.9119987123207658,467.7882635772313,0.9348278120651825,0.11524815629058156
89346,-2.8347311278006524,-12.72670622753796,0.8268166587793168,1.1362042057560637,466.9221548820421,0.6110170859114641,0.11525661323993815
89347,-7.5058064105789075,-6.671542840036563,0.86755929252381,1.676696973554028,392.9103370961986,0.06133906382763055,0.11525801863740968
89348,-6.842461305910972,-7.973038891450531,0.9601219452243095,0.9921058016137887,273.4212000546731,1.6107394756233946,0.11527410177921618
89349,-3.2599680747600024,-12.715165530842683,0.058860104157802046,1.4542786303709025,317.51351434902256,0.24078091462324114,0.11528440952109015
89350,-4.143316534683116,-8.99760092896414,2.94010513774842,1.9441149003007046,397.4421775625487,0.5485045058751457,0.1152884146397343
89351,-8.62549843585328,-7.098605794576843,1.8084761037200718,0.8065445993390683,469.6002810734508,0.15105465978803867,0.11529085654420687
89352,-3.825238303281612,-8.437364107998011,3.1932812196433176,1.1670021178078205,260.2815533865078,0.32387177043853566,0.11529363317380537
89353,-7.2822381359226185,-6.4377372076816854,2.636208353122659,1.5632020094965007,367.41534151774107,0.2604996305303571,0.11532398362601123
89354,-7.18009393288545,-9.484438297776801,2.027353482788334,1.818068560130515,382.58578105173746,1.721077087795007,0.11533728995856027
89355,-3.8601539720829585,-11.535510473488156,0.9083001110935751,1.1796393606954263,434.5210225784293,0.000986715250230752,0.11536957442353343
89356,-5.37931103324715,-9.137515207001988,0.32171373822733934,1.8871243957725965,455.17128966863555,0.27827244195387824,0.11539683901603927
89357,-7.556329312293556,-5.545782493166039,0.9945179525706332,1.2750446490462675,279.73880394927215,0.6803835534567915,0.11540713751039677
89358,-7.249275456226842,-7.905022045318967,0.6973076150629124,1.0506051868926591,467.534897033023,0.7511128885759755,0.11541380563518605
89359,-7.6081525150104925,-6.006266071607993,0.7542979764613571,1.1079777551378245,220.7885752920506,0.015911413034776167,0.1154241583268212
89360,-5.653863749897686,-8.615083044909007,0.7780734320320849,0.9756977317163128,467.4154190742806,0.4476466517988733,0.11543776203085772
89361,-5.422264128895709,-8.301463722884534,1.6076383768660572,1.1570143964586868,234.55371620277816,1.0432010072386158,0.11548362634317201
89362,-8.686050406809983,-6.4867359317034134,1.0193283869017298,1.1042071534530467,284.8297664940444,1.1079388766502367,0.1154870478462172
89363,-6.148834264441253,-8.930489575022436,0.3586250650949247,3.620444300266019,535.6913088990253,0.590173558959397,0.11549177733447673
89364,-7.2729149624510665,-7.431103888533916,0.931268771345322,1.1235691209780965,289.06553622172396,1.2270993809135984,0.11552433007751817
89365,-5.012308053253524,-8.354028903482186,1.6571724700736723,1.7487806773856527,468.4285504677912,0.18390246883517403,0.11552884919031756
89366,-2.8508625416978717,-12.965673081963836,0.8101067319839309,1.2985278601100836,275.0663292764328,0.7243703501460423,0.11554386525540947
89367,-5.740793570814035,-8.46781070722248,3.6663129963255012,1.3067524868299893,467.4233970768471,0.592128450754223,0.1155553153185689
89368,-3.3370786343323537,-9.43403136900877,2.3276594944703555,1.268024927410803,328.82887244505883,0.7883794788732095,0.11555787797074704
89369,-5.116671721866635,-12.489529797882694,0.09130380379209634,1.0661226655632157,467.04787916009667,0.6289578737359189,0.11556649280927475
89370,-6.6246326390839965,-10.499030793886645,1.1449175660963047,2.5327251043119263,446.28443389547414,0.6761832989850296,0.11556669283290828
89371,-6.146989670537251,-8.374849691942316,3.857471500790579,3.741439915674501,552.800495969111,1.129476791329246,0.11556927084555733
89372,-6.681061277822483,-9.065785546293508,3.106057035514077,0.9688463356957531,197.87662237717427,0.9123631253818614,0.11559627974382176
89373,-7.371673560999081,-10.018960533242874,0.8198742034099642,1.8414533770957753,451.96717287136477,0.21748097579636827,0.11566570418047528
89374,-6.438952519735715,-10.145989704196731,1.4311877633007863,1.54132053723907,468.01875234688555,0.026640390054000207,0.11566668081553864
89375,-5.8854770188710335,-8.174808051913349,1.6286415745995264,0.7850792313418733,216.71641951866272,1.067057395936014,0.11568509403891845
89376,-8.718705814927269,-5.5559777683649045,1.0926903116795372,1.028355830039276,467.1209718339771,0.05604980270261262,0.11568551003717109
89377,-7.6965985652760365,-9.324053721025777,0.6965570974668739,1.1636582834500433,199.30041523564975,0.11838545775046061,0.11569895446208057
89378,-8.577173513555914,-6.681524827197455,2.518985349144007,1.0672886320272963,468.00180806894815,0.8167818104226781,0.1157143534039468
89379,-7.36737308840296,-6.490595136432416,1.7002350856534914,1.6547022468793657,389.9122326336288,0.5262980367215055,0.11578867812869822
89380,-7.081473461863014,-7.325321314638221,1.5488375028332444,1.1653628376956031,468.0329077460006,0.38269610432847667,0.11581814782033634
89381,-3.5930141774519084,-11.681352484861554,0.878064347031659,1.1487053683519117,280.8588064727428,0.29558316823068953,0.11585105816927224
89382,-8.289171422392753,-6.135090561704069,3.381588136164046,1.2526994548071537,300.6513476708052,0.1742123446172572,0.11586427025935807
89383,-4.789686890960986,-8.659973276124141,0.9005015141469727,1.2781957630568248,271.184028715265,0.24322950054669334,0.11588210464290533
89384,-6.542428585268859,-7.643880572518437,2.2102551178800227,1.8562541404460022,468.1604941168422,0.22511724793831522,0.11588605301163953
89385,-3.7863563063092656,-11.430451571954475,0.05280539800134623,3.9090911870783307,423.7449747982619,0.0005845242148803109,0.11593288579773295
89386,-5.479477694107256,-8.539105099210488,3.528564163593482,1.0922537093507738,468.48621534796575,0.7986296717310983,0.11594073477983494
89387,-6.066193771911497,-11.994093836228227,0.19693346801610023,0.9613838192988954,204.42989927465615,0.24200267302674927,0.11595573005285038
89388,-3.4001760033678083,-10.535007032765975,1.2454848393531497,1.7005012650217621,307.7872974841936,0.1469865778113899,0.11596001859695847
89389,-2.7597686490898035,-9.409404276849212,2.724614098421703,1.0962164871019382,470.18831629115874,0.08903579676232454,0.11596782535380885
89390,-3.1210594080583265,-10.761309900011064,1.1725708741677652,1.4206545475508043,313.86489699505063,0.17057084000843847,0.11597406621058862
89391,-2.7736405514567544,-9.171824928612933,2.9001435271620246,1.6497618451592524,466.77954566118814,0.7326285241018162,0.11598818395640323
89392,-3.268704506708363,-11.20388711865238,0.9990254108333028,0.5097493121005019,138.6263496153319,1.0729495075850055,0.1159952827790081
89393,-2.6471775800721407,-10.435606725116434,1.6282846624846283,1.021377064269593,279.4516535761841,1.3141364072293955,0.11600460663664615
89394,-4.749259868353887,-11.685306095761732,0.8654167064451509,0.7993634167615175,167.84857734114598,0.41060801217160847,0.11600909218148102
89395,-4.643736501367865,-11.701455379235542,0.863700635815703,1.0024830334438144,204.31305418830547,0.06053692684012457,0.11602627336978841
89396,-5.342152196456433,-10.392043646185781,1.3174444016987767,1.0599742253539504,468.322603049939,0.5835274116343552,0.11602829945199467
89397,-7.58494806263128,-6.067578083577959,3.6740273992589247,1.815938889210493,468.21580296384496,0.9343422029215604,0.11603296557619425
89398,-5.663233434834157,-8.87697218739364,3.285167355373139,0.8187779212342511,231.7479265027847,1.3439789754493061,0.1160996949670643
89399,-6.190565514032107,-7.750837968770793,3.2189707090463564,1.219915542706754,307.33678747469094,0.6796121488309277,0.1161869335540423
89400,-6.887839087441349,-8.273977298433834,0.6569598552508051,0.880506935131408,440.3602616473218,0.6500459768891149,0.11621890343455497
89401,-7.202243978712815,-7.080080065508284,3.9943151250366613,0.9993636272530967,467.99385931557987,0.9200537461341991,0.11622902283752204
89402,-2.8386256016386646,-9.971334947761916,1.730733139758433,0.9656586810277296,466.9683185847152,0.5896223501045279,0.11623716487664314
89403,-7.676837697583169,-5.097140076838317,3.294639240514645,1.3643685717837,311.96880402906464,0.27310269283250577,0.11627333423719242
89404,-5.097815968588406,-8.470895501790588,3.443343076468198,1.7908073281884083,250.27715705531514,0.03794635890408493,0.11629216917134391
89405,-6.779065499399661,-11.120242246168171,0.5683616468437024,1.6920564076831541,398.8922829920262,0.45464112916691946,0.11629694145023334
89406,-6.249644273768355,-11.115697255584896,0.9047969044982144,1.3134118082712714,282.50416994910626,0.21027844544917418,0.11630672629829168
89407,-8.602612785241663,-7.088885472481509,2.055235460030176,1.291870816174815,261.7423348337484,0.04372040039530578,0.11636819718703562
89408,-7.777168252283927,-6.525990035394021,4.038536973880519,0.9267088724445629,259.91048641468865,1.6834965001622937,0.11636985522202907
89409,-6.796215994528392,-9.741677715489178,1.8642862986980109,1.5286773921331398,369.96328774038636,0.18321588936852162,0.11639861484399135
89410,-2.658123127536932,-12.101694948390858,1.0421912409229193,1.6551208540721398,468.44470035016764,0.6579574297690334,0.1164340103105745
89411,-8.079463428825576,-6.18112415532363,3.727459285766602,1.70533623310864,467.70838115849017,0.28332016561820605,0.11643979726284158
89412,-5.566745092017673,-12.273645152388752,0.7290970076841481,1.0766441115871603,286.0563188475839,1.4801709643587877,0.11644342393753261
89413,-8.389712310663892,-7.738133519244785,2.1588084089252417,1.2267754506883206,253.3961704703034,0.7857744808263272,0.11644605757695012
89414,-7.547313858916644,-5.554795112191225,1.1428875695268805,0.9209265433742626,467.7126429712462,0.6580139879997224,0.11644691517239142
89415,-3.877707071481545,-8.302619768798872,2.9344338756126493,0.9477671843171711,330.4905472296274,0.5326857358111763,0.1164639499199251
89416,-6.146719473619334,-10.228832472396313,1.3991798936155955,1.8767242862535003,453.33033686768675,0.011924805250056458,0.11647196957654485
89417,-2.892878700271071,-9.008130276503056,2.982996373309675,1.8788067382053724,451.8574384044817,0.24453307222996656,0.11647622622315154
89418,-3.0206433271700037,-8.830424519905025,3.118390621157182,0.533763784414937,146.5155252984902,0.6970705787624496,0.11650991592276508
89419,-2.966252470517623,-12.76651857476433,0.7938500787590619,1.618569192946084,375.811046492528,0.7039712835520833,0.11655235957800149
89420,-7.476984556777202,-5.620772761836044,2.079817975297686,1.0336721510611544,270.26969214488673,1.012711343565643,0.11657013182519035
89421,-6.518860635347967,-7.8785036496270795,4.065516662017264,1.8164275821211522,468.4119208550677,0.5439007753005596,0.11657157513147198
89422,-5.331449703129087,-11.320094486090104,0.09152635029245493,1.6937376951739764,365.5147821030731,0.6034798157093633,0.1165961940116558
89423,-2.5470811098579746,-9.591586763053993,1.1809505209844762,0.8871034771271898,181.44059770846485,0.373062396310444,0.11659849588185116
89424,-7.762913414053116,-5.059912181135186,3.4088657073297592,0.736143312178207,468.3256808060547,0.32994227851497104,0.11660200867303529
89425,-4.935098743348961,-11.608836388638435,0.8743619594162729,0.6780202687667299,145.2160082016815,0.09707223006786325,0.11661200905046137
89426,-3.629876465121022,-9.370792975309332,0.25085606800807925,1.3342950452944133,301.90459989888683,0.12862195552819333,0.1166180426855804
89427,-7.844490819139089,-5.08085170846415,3.4876850786416966,2.9975229875387686,476.85790604887285,0.23073744422855658,0.11662166288841924
89428,-8.603637358216643,-6.594635952121181,2.4050384618806455,1.8582897974993617,208.43991918221514,0.18670550612506798,0.11662556883167059
89429,-7.378511522249919,-7.956361785753245,0.6136009032602202,0.9604678850651338,264.27600629840583,1.102129798642161,0.1166302316992628
89430,-7.977877789928982,-5.492001208669722,3.6201808116897647,1.509950176732664,342.20378363972634,1.5960994909634323,0.11663339765442725
89431,-6.298460606358472,-11.424300216733457,0.24459406786977256,1.2084951159487514,304.7385194135862,0.6075866985316036,0.11667364218528502
89432,-2.660135301704031,-10.63603820488188,1.4574716581700173,1.004716108013199,468.8249079130341,0.011417278059712821,0.11668866786456862
89433,-5.878733746941389,-10.739337853310925,1.1379210944674685,1.8673438617538725,447.567105683105,0.5109883739048682,0.11669837740007061
89434,-3.459320015431339,-8.29355851086098,2.370049537373065,1.492133423901289,343.105513477464,0.0651627363879097,0.11672203366654955
89435,-7.302361533811375,-8.977588060058698,2.711273704320012,1.8512445489581666,467.82794507221473,0.555485861437127,0.11672442916044394
89436,-5.903857019148756,-8.82873299340351,0.4818160532635712,1.0665936549290318,282.0694438445983,1.4221525537256294,0.1167265501090021
89437,-7.2385362943362015,-6.649577772693881,3.312776840375597,1.358456339865707,307.46050227139705,0.18663744063944154,0.11674034382339721
89438,-6.979069624785022,-10.629794645962816,0.46489149366235105,1.059286341969579,274.0173929590773,0.5962561597149145,0.11674703216913403
89439,-5.683663401662677,-8.023833572537036,3.3791517412166647,6.280576233590493,471.21750221922787,0.04963072964384008,0.11675342973276095
89440,-3.2757467426939693,-8.753456734620624,0.8772507648902031,0.7941020727260303,469.82295657690133,0.12509867618306014,0.11675560506442632
89441,-8.622515131143954,-5.977312817386961,2.3322285827333347,1.8263146152789695,463.74954967562894,0.6561802125640916,0.11678819114890998
89442,-7.85627316088936,-8.110039930006224,3.05518985248696,0.9798964592575066,272.8128540097782,1.6193622084720287,0.11679117560278351
89443,-4.867424060514345,-11.592030523743443,0.8786306314979265,1.7075583002113468,401.5302847026001,0.06552058004729577,0.11680255352088557
89444,-4.650304622049237,-9.230888707378824,2.6932229925177418,0.7066162234271254,180.2663569972266,1.013238767778084,0.11683022973522512
89445,-5.646573658278852,-8.432445560917156,1.176727451098407,2.6045880013777705,465.98718132095075,1.7385497430222498,0.1168403045148697
89446,-7.490672137996842,-5.543532817019988,2.657637076181264,0.6603740773060766,202.41850276877474,0.6497308202461545,0.11684133654389275
89447,-5.347639748850691,-8.694607746179642,0.7604259003011494,0.8384947617930152,238.5841589859535,0.9769655761727272,0.1168417342596428
89448,-4.589758165574878,-9.93071572204159,1.6322997351546713,1.1263998566809974,467.8548303515763,0.37556062322320916,0.11687675585764416
89449,-4.47760271453787,-9.815663142141297,1.7462597503138693,1.1099952190620224,286.1965168348936,1.3868027317164904,0.11688206069090426
89450,-7.294140486101445,-6.4591334537836165,3.083072198728486,2.7120830440426795,184.43462530231824,0.34712032576110996,0.11688484898181566
89451,-5.165766404990447,-8.256833437018473,1.8871522086055275,1.3272622535348468,469.9258044538895,0.17199721529172596,0.11688862629167575
89452,-4.2338118935659255,-8.319473865388092,3.0550077142721355,1.0333919089465484,281.95133306413265,1.280912504987005,0.11690630928950291
89453,-7.377332795541822,-6.4477911940817885,3.522409691443927,1.1496491278355385,241.2241477339545,0.0008339978139080273,0.11690859278374732
89454,-6.943941082971181,-7.35401603605649,3.915494286682768,1.1432651853872062,188.33597375192608,0.12731864710240526,0.1169264291204068
89455,-8.407426145490412,-8.02496654406434,1.0446778838023114,0.9349786356656804,258.3647846311908,1.1102685955435687,0.11704068402540505
89456,-5.7322814348197495,-11.363053874306274,0.8881878415611216,0.6811878397897606,462.0852219078161,0.39501502533055266,0.11708492331375753
89457,-7.949354519092163,-6.327849451595724,3.8853331257023016,0.9481682055285314,468.24115234444895,0.8392775556819787,0.11709455398670328
89458,-6.828824586123493,-10.6166974764046,0.9622792915968056,0.8858059469298551,467.82520355250324,0.6696255539705129,0.11714215297304541
89459,-2.715696841695072,-9.439230602606564,0.3942992658401119,1.0382618379913164,275.5125159517953,0.747935137173414,0.11715043507701718
89460,-7.525827675767907,-8.354679566585755,3.292531660928678,1.3008950411658133,140.429970165413,0.3498491659127856,0.11715567094119227
89461,-6.313158440715506,-8.876299136999748,3.3920944592218105,1.43617233421726,468.3677481395732,0.41350180102124945,0.11715922464045704
89462,-5.846102051310939,-9.680962213544484,2.1278775636613907,1.8592086634512905,469.122178105848,0.14905837338395944,0.11716118882315195
89463,-6.003868500311284,-8.229005854842253,3.8433559573594382,0.9736002804508799,224.2670848380324,0.8952592934201586,0.11716166082415874
89464,-2.5900782012606927,-9.483160325761773,2.2596632953384863,0.8464138924709047,229.96589806803397,0.009687198379155326,0.11718456421191395
89465,-8.076254665335565,-8.64092265993876,1.4740249428345193,1.0311620525799845,174.99531468665725,0.15491039080915403,0.11718698700154101
89466,-7.623212961835291,-6.91680127437421,4.161529130139807,0.8077280929777374,165.646445588917,0.37512661263277547,0.11722782705935882
89467,-7.786610660797931,-9.305483729679752,1.0588147104490486,0.9827379678509498,272.0554984320124,1.855764205667132,0.11724332108466948
89468,-3.541363942987709,-8.609778869450938,3.1525873972645937,0.925124498660419,191.81416836101883,1.1480981549190892,0.11724696523358724
89469,-2.7275782935651707,-9.39541182998639,2.6785435865848193,1.5404733033675948,357.8126301200847,0.9320532097450647,0.1172482720174317
89470,-3.5298157984693965,-9.23412378561338,2.6230779297461813,1.1612230078866097,297.1172004483739,0.9761377028579714,0.11726068695632418
89471,-5.161419959583486,-8.519704025360216,3.430750376704778,5.834334505909781,658.9844378964184,0.33559600469303685,0.11726192087811109
89472,-6.00427625952563,-9.57459305200645,0.15898363473865554,1.5165395973903164,347.77269144174033,0.11580968678203707,0.117276150461576
89473,-5.80191670632668,-7.955474140175458,3.2670923249410233,0.8970463657800174,468.4230000151327,0.8685138637029199,0.11727739601812723
89474,-8.136845931658492,-6.168995717199826,3.6365437282607886,0.8400230821778063,229.49802434280969,1.142675985457891,0.11728630431340409
89475,-4.044299758930263,-8.32931499582341,3.0522655200076323,2.613153143580044,463.731656754064,1.2378656098722702,0.11734555956456166
89476,-6.783711392499718,-7.332148474040369,2.6944541325344114,1.3956750751858624,468.8076606508983,0.6716299132933541,0.11735434829566202
89477,-5.948748837374457,-8.242016805818729,3.8061610725331616,3.3430085584682687,523.3746681504367,1.0641159401606641,0.11735897344635354
89478,-5.1539621125975605,-11.958481581011384,0.7985168597242047,1.9037459443862834,468.70968594648303,0.5403821835670186,0.11737359405622157
89479,-7.729856397667579,-5.42902831893221,3.4867457506234083,1.0732106048730379,287.4783348065758,0.672145500270994,0.11737911553444426
89480,-7.59818263044235,-5.332600338545146,0.8655264915212143,1.104640361509466,233.21313331656071,0.8034432753325325,0.11739940606321456
89481,-7.039354661155043,-9.616639520902782,1.910296937365782,0.9736414798842329,268.32109911482837,1.4866392355257352,0.11740101291849141
89482,-5.132188899563133,-8.247134960267754,1.9223743963651254,1.1984710408627774,268.6550080606305,0.3750630454020012,0.1174210888934982
89483,-2.8891127880673872,-10.18097207065897,1.5170580350485203,1.8438356396641384,442.1865770227319,0.32172129379009373,0.11742576842409627
89484,-7.101929240452662,-6.964227163267069,2.248065052197001,0.7985429641968845,161.3117361350648,0.19149324883557028,0.11743869916398791
89485,-6.846617649764221,-8.68806972482713,3.5206954407052993,1.0150264614263955,276.90299740355533,1.8643264179741657,0.11744022313846207
89486,-5.6840897118754405,-8.111899327332036,3.5590147798930833,0.6118067790478313,178.1497721182857,1.0169816288130331,0.1174553393984786
89487,-7.886990131061314,-5.07969657753281,3.5239766048358625,1.738228250967015,411.17973292940735,0.08905203360150526,0.11746762292496356
89488,-6.518685764700322,-8.385347015094602,0.7416828932973452,0.5331588141550176,114.8104153410512,0.7940541962805945,0.1174843574188867
89489,-6.26512325163581,-11.334508903888995,0.7865252868643011,1.1974903988433339,467.59667617435764,0.3265881590166311,0.11748866847721705
89490,-5.726765697008187,-11.599309378400877,0.8158913661537875,1.708566572797115,363.08220931476393,0.9293390628087357,0.11749147715625628
89491,-8.183178027970353,-6.7560472012052974,3.596347307320968,0.6942069930571505,150.39167425606945,0.5459191862871267,0.11750490077572645
89492,-2.7561785138938335,-9.517086803998215,2.6046925372619625,1.1500702522948651,467.34787051525325,0.3417832030328549,0.11751119158585875
89493,-6.744591826387641,-7.623417444519296,1.7892575131331574,1.6698728538513068,468.1834071124964,0.5019749220506284,0.11753314277083707
89494,-6.434552553504345,-8.124307662584457,1.2154296325304181,0.8391429365977037,163.5535454702675,0.012302564623517753,0.11757043778182379
89495,-8.38181350888087,-7.132071232742645,2.9557492961337166,1.421925162328414,327.6269255341192,0.25844294322756856,0.11757594394522393
89496,-7.566606066075936,-5.420887300967125,3.050983495619836,0.9821413308541735,263.04135336122715,0.9092974611802669,0.11762139470863676
89497,-6.7394551258985,-9.731267357294684,1.9230954249777659,1.8741682529488786,470.41838634305094,0.22821994664018685,0.11762886197758742
89498,-5.603079007156632,-8.105938914787815,2.086013234244741,2.978414997401542,406.3693011462525,0.09383182225440034,0.11764843119708801
89499,-4.990746598987562,-8.857226277732593,3.1532690776732424,1.4228365946190225,324.40624555366367,0.24156242524820914,0.11766971805015385
89500,-7.709816598220947,-6.301334366385486,3.9304935084374018,0.8622454491634106,205.2860382368918,0.6691818652127912,0.11767993254807554
89501,-6.58167895024459,-9.10189507333102,3.0713192934886613,0.7304528420774328,189.22038039309,0.3745122460519097,0.11768872080164512
89502,-5.044483397269107,-12.74620510862854,0.7218857165692281,2.6919598252979293,471.6216708709747,1.3749237124619507,0.11769268075463084
89503,-3.788682493267731,-10.049967699185363,1.526473289880439,1.6572344600977869,468.3881680650794,0.6371067740819658,0.11770755928952045
89504,-4.90449612061718,-9.94434306966882,1.622266999288242,1.731143991399717,467.952458912944,0.2767175590219262,0.11771094809354495
89505,-3.8367300011112526,-8.595372908983002,1.2913292813713948,0.600270782138038,184.6102558988405,0.6804238759290042,0.11771387068862912
89506,-4.483815370488684,-9.84910600979606,1.7041539091042117,1.2359665755410778,295.0225970170602,0.4994830019405532,0.11771506980896736
89507,-8.070436887489617,-5.503515803155914,0.40878058918903976,1.4492993448218883,330.0825419291701,0.2156241918035411,0.11773358482043991
89508,-3.437137194595353,-8.656928197061557,3.1354484233210758,1.0468404008300853,272.482797251842,1.2068141180672614,0.11775340696765743
89509,-4.231107999426186,-8.32151717370748,3.0768339541669976,1.837559947472751,467.44991306509945,0.2515330410254615,0.1177547201133141
89510,-6.844029340266653,-8.052941350991155,0.9048706998367272,0.8939831311683055,467.66343033327416,0.4445107308481111,0.11779729681309227
89511,-6.534930749577823,-9.408223755142505,2.6370846642375865,1.0325774598876718,267.17384618099373,0.1948447050625246,0.11785301575423597
89512,-2.5848454459625527,-10.52809052408185,1.8190613917450063,1.860203283502152,446.1648933037721,0.1755517347931752,0.11787345731692161
89513,-3.4980721197594855,-10.882066030293633,0.0499016869187575,1.6153020146002335,372.209028860729,0.15132640376249462,0.11787628032424408
89514,-2.626899138394286,-9.106938812717122,1.039027488418625,0.9752940173428535,468.0214336246031,0.7924537758768464,0.11791724094669663
89515,-4.762899447341167,-8.421542398841222,3.3204873910270725,1.277831152578616,303.77711810639164,1.1648215479365414,0.11792095103633474
89516,-6.396331734770772,-9.976004595240553,0.17640909807609984,0.8115015921817537,193.63914114498962,0.2368422264962211,0.11792857307295268
89517,-3.7515253629468726,-11.578428115564883,0.05523287804427929,1.1933777512094006,468.923565791837,0.8670515783156869,0.11793353284476017
89518,-5.00665067952907,-12.191707110836592,0.7703396542987524,1.8978117076910268,467.783924262212,0.3820296936818881,0.1179407771866957
89519,-4.763164292707819,-8.760573424364186,0.7724955006710689,1.0628076844688568,467.47119622691594,0.08673352243905175,0.11795192898417992
89520,-3.577432411191026,-9.489888930399125,2.2142404679875365,1.0389284699425114,152.30776986391,0.21291816747207104,0.11795271816775216
89521,-5.6186290599467315,-11.845563691093218,0.777826729316391,1.0046800483204679,272.7970203977305,0.9756564086136823,0.11795581325116147
89522,-7.315665778459657,-7.548215340428485,4.197909692578875,2.0870273993083934,415.31043661468203,2.184415359401209,0.11800934220381319
89523,-3.0965504579021284,-8.851394778252232,0.8112672052041398,1.7692221847497311,470.0600737068492,0.19307114677780834,0.11801759140786837
89524,-3.0367710489239217,-10.420005706143156,0.08529063945381776,0.8683402408061003,467.551324243997,0.24558314020662575,0.11802790126295745
89525,-6.225665031705857,-8.161179447428758,1.3875320101584843,0.8369894467699109,463.80384447648015,0.11168875706518921,0.11802895425474513
89526,-6.4456145186630955,-9.866649565554974,0.1834270352273159,1.1292013596390837,295.5129684463353,0.841304857915758,0.11805627815256649
89527,-3.128159384430181,-8.932565171453877,2.969638735005512,1.5056161413137485,341.6307038295238,0.061449509899689225,0.1180729701211862
89528,-3.2061985382447347,-11.065932216141476,1.045659052310982,0.9675973170783023,236.13503034173462,0.27261539770234133,0.11807349841907828
89529,-5.505246129957385,-11.829939445612021,0.7926364792649242,1.8731850750070878,450.12089526809086,0.24677097167992645,0.1180767644368396
89530,-5.0164591249735215,-9.687176887242256,1.956115571120894,1.0013467479268843,241.85102965933837,0.2162509171645004,0.11809137326296212
89531,-6.533409101195625,-9.08143481563285,0.27243220012679864,1.4704641502473896,348.5981401123344,0.3833047605979072,0.11811418048523224
89532,-5.6171472489960514,-11.32391072976632,0.11243254403409396,3.0491487690682444,493.09491413346547,0.6834635051181506,0.11812680515938002
89533,-6.762112634339601,-9.484304582383295,2.4317506706487055,1.4504534679137553,329.8926543960908,0.11256789615691964,0.1181306091765401
89534,-5.056869610229054,-11.21092694882465,0.9701569365827243,1.4505515612701532,325.2752849760043,0.11616988572711318,0.11815557589267076
89535,-7.411369529655241,-6.649373474763052,3.860036999327516,1.8553322220216952,467.6235795951261,0.3448693632250235,0.1181868464843393
89536,-3.3590411958078272,-11.931619867221626,0.8260345238357685,0.7426867572553801,224.37126822245625,1.5449744826428935,0.11819905101424645
89537,-4.160270545277523,-12.07779394555348,0.06435103339865052,1.0187503063371364,232.7117741197119,0.41220645590173266,0.11820797821095275
89538,-7.42061028628922,-7.363323746844007,4.200293078113127,1.733504986805496,468.01142865399913,0.899696691047569,0.11821912515362402
89539,-5.70999567633708,-9.333183319741421,0.21471331401676366,0.5442511245969476,116.84297469613912,0.3805985514569299,0.11822343421690938
89540,-4.636774394401711,-9.902681645472487,1.6510770461021549,1.0174518381999624,217.79879380144845,0.006695410486918796,0.1182440491247572
89541,-7.200936921033865,-6.95788061427357,3.7975397133939413,0.9698822127671088,253.9936032887794,1.174878926399046,0.1182603154090978
89542,-7.881913513742708,-5.043906448814975,3.4990990119596845,0.9043356268757121,469.07003833276036,0.16738345399096666,0.11826143949556754
89543,-7.850247488031844,-5.783816164077397,3.726940707370654,3.2277194693026776,516.0383972354336,1.2462935890808788,0.11828054036823872
89544,-6.700189074179463,-8.295636025086282,3.9726780641464625,1.0508392803358735,466.99951229880287,0.597715946507738,0.11828146131602234
89545,-7.447319030231636,-8.734245828391103,0.5309786443478558,1.8556289811168705,378.40787006824837,0.3135020112939646,0.11828662127162726
89546,-5.525386314818271,-10.381378972253458,1.315308294484518,1.204416267415923,469.35105322486487,0.22340968411379603,0.11828773445548071
89547,-7.86736503706749,-5.498935324206114,3.6102919785776395,1.4987841177003192,342.6802604437253,0.3803621438119196,0.11830623012809181
89548,-8.655637570636262,-6.915594189163583,1.0372860322147803,0.9346527557233627,468.32655013960124,0.5083501900641112,0.11833229223320312
89549,-7.788295800323462,-5.189329820363054,3.4575516997035267,1.0883657373050732,303.3108564832423,1.0684789373040786,0.11833467918582269
89550,-4.405971543921366,-9.095717599359848,2.822481736814568,1.7356362153980007,410.4451950527911,0.4626261749167524,0.1183788835440418
89551,-5.394659955444996,-8.47071313284369,1.2285983008971357,1.4026686164334627,330.4637517271627,0.7159151245208246,0.11839896405768119
89552,-4.513768992894298,-11.400095488656863,0.9253662188158731,0.708243478213654,142.1077024305519,0.7131787933594707,0.11839911553899632
89553,-4.833882575965157,-9.898575128682467,0.11051531757414304,1.162662438078989,467.20595079372,0.14075778502730163,0.11840013630455135
89554,-3.3793697749309137,-8.881308516942198,2.9925293134037823,0.8452143701268335,219.28686035969145,1.122003886734535,0.11840202875776236
89555,-8.498359393118411,-7.418165296881252,2.2027129658871956,1.118385922686727,293.4360924787746,0.3985245935000572,0.11840406063300135
89556,-7.102737739868687,-6.936539337806267,2.3647083921467744,1.7627414023728432,468.3201329170227,0.5059657600711338,0.1184528249966169
89557,-5.3634181435381665,-12.643814307136347,0.7083912141398602,1.8325585869948482,468.40881648440427,0.29490882033125043,0.1184552421437274
89558,-7.667779838535212,-5.495823317673036,3.4252367097653917,0.7511568081999251,190.83110146263672,0.1060707026635388,0.11847326383176017
89559,-2.834432257551523,-10.973869725182894,0.0834350145518177,0.8190748000903454,164.31437319943055,0.04869076959259999,0.11848137078150393
89560,-6.186510405503723,-12.829611026396599,0.29541000846516213,1.0212602314766213,208.26761485687936,0.5349670580647237,0.11848654745606921
89561,-7.849939664946428,-9.156699060185534,0.8744839551543034,0.858701528294749,468.9352163985353,0.07649758386979588,0.11852447846739085
89562,-5.6391208215022885,-10.281754189763971,1.3718597545334543,1.3442090736052021,321.08333702817026,1.3830728566037012,0.11853709375796552
89563,-7.965618453227856,-6.737142452692245,3.9168762493348472,1.591077621257424,468.7669730288917,0.04932482167059149,0.11854446792217987
89564,-8.593477351232227,-7.284797490976875,0.9913112427663632,0.9858831179616726,273.50961938039325,1.7635422270326666,0.11856529756890072
89565,-2.7897534925419185,-9.577505083681782,2.3661559936169345,0.9568856825715216,468.3519418840913,0.5181130085874672,0.11856924548195946
89566,-6.779561697037993,-7.471105571417799,3.808017803505089,0.8273656844039088,468.0020967933764,0.14229733002652445,0.11857228699451657
89567,-3.4283864597248446,-11.89712123013781,0.05553485253625609,0.5085040526637481,136.53912199697828,0.9837976599736882,0.11857452865011607
89568,-8.658547571284865,-5.312192482478068,1.959476188893945,1.2492055785163618,311.8415191993284,0.2783789583677967,0.118598245071212
89569,-6.153724405425524,-11.409533099090561,0.7863428761793559,1.8596178868011408,445.9964703979157,0.5053418588245879,0.11860176075812212
89570,-6.671398942969592,-11.458612006908306,0.5061673813855337,1.0441844553336206,282.7281858413718,1.4059609653667007,0.11861368927127422
89571,-5.116385486678699,-8.236026136193194,1.988543243476199,1.1112999107638744,291.66823425032794,1.6278920460691486,0.11864617174698512
89572,-4.960916010006228,-8.221619841871197,2.1575627276092213,1.2865246448558418,302.583660236937,0.3095269317100753,0.118664324666555
89573,-4.826364705663951,-8.186848807566061,2.73144639532681,1.499283301216536,340.4619184516169,0.8696626133615952,0.11869706911822109
89574,-7.887873539230481,-7.497860776466258,3.7049944886415633,1.1299269188402878,469.92722792550967,0.17167704204189782,0.11870728892639767
89575,-3.255681862019082,-10.671568404777663,1.1919738190179003,1.4607867011923428,468.7179617816281,0.8257623976688384,0.11872442447187571
89576,-5.103875503184631,-9.909168557901934,1.657016879233862,2.289807237626968,384.44763432591816,0.17170738399260532,0.11878395073686039
89577,-5.030609639615527,-10.645131146774665,1.1935303736991807,0.5468831555049901,160.817909502555,1.2056927031307625,0.11881898749455251
89578,-7.247079902489799,-6.622591409350061,3.172025760023424,1.7701363926578126,375.04635313147077,1.4976766118272922,0.11882690939978725
89579,-3.887472226345091,-9.330365735940509,0.27757877709123774,0.601089286493626,175.11596516260283,1.1804499179154542,0.1188778257436979
89580,-3.929532374875956,-12.22314543543845,0.7883119426216015,1.7582390432254629,416.27282474776155,0.07710768626814346,0.1188813315820726
89581,-6.094743305941453,-10.007835416710435,1.5727809879050745,1.9703609094463588,400.6425269087827,1.6942695011511448,0.11892533460582698
89582,-4.63698251781037,-9.989839976674407,1.574668580259398,1.7877198244310704,425.60617293392795,0.17044424445425932,0.11896481857815619
89583,-6.2547379948906725,-11.472998755174192,0.23543898727886278,1.0763187446559,234.45825794098695,0.3517178942495587,0.11896747931110248
89584,-5.002435876725203,-9.527035965999424,0.18179678848020275,0.9630882032229214,206.06990078152336,0.3506599292006296,0.11896908618776227
89585,-8.501260538095401,-7.7157684228511085,1.5559701579967773,1.0065250523634965,468.93160874515655,0.04141922272761889,0.11897829419388452
89586,-7.308965662205353,-7.748828846259382,0.743449311596622,0.6893641988081611,451.15127884371555,0.38288531153926897,0.11898685646281494
89587,-8.611539477827009,-6.282261465234434,2.377365200995935,1.1381731292696158,252.75786610235153,0.0031784953383917625,0.11903751099773713
89588,-2.7066308084141006,-9.8076393962114,0.25044213203573984,1.3832745869189673,312.0385719807401,0.980609367295509,0.11904210017077273
89589,-3.739607164118441,-8.76466771467042,3.089275209120801,1.1498061180239045,469.0329019578883,0.6372669374647968,0.11906776456640158
89590,-6.44864511060506,-7.845274474990762,1.8200669595221817,1.2177478942786013,307.7169316438857,0.5984782660910204,0.1190749029890512
89591,-8.48587851353859,-6.912013493860956,2.7455326654369694,1.024270125829522,280.69818216154715,1.216731167003795,0.11907672731389889
89592,-6.186259467795114,-7.987053509349978,3.853308731255004,1.408735038115115,327.83753292088915,1.2708903023932168,0.11909436154371482
89593,-6.877114032326916,-8.94376298969149,3.159790183057119,11.809224114798642,331.21770600545483,0.36374079324327546,0.11909511758654263
89594,-3.1753950797870942,-8.593704387521603,1.3854791706748446,0.9764561285322771,144.57947184142097,0.25113958499283395,0.11910434505160089
89595,-5.853831750537445,-8.290600264764876,3.743826903819401,2.8126514927055117,449.2736194038991,0.29026818201362925,0.11913612999223336
89596,-5.85412473691231,-9.311847533462107,2.748041466970199,1.1124179927508915,467.5406511490673,0.8988029360272964,0.11915824795613986
89597,-2.99662882174938,-9.324264912020062,2.6053130466394956,1.4791864010522542,337.4679104430477,1.1952771652788128,0.11917738824066312
89598,-4.456318233537102,-8.297148139177827,2.109404727101088,1.0422742128663276,279.75342523837804,1.4681937809625483,0.11918053390219112
89599,-3.8901535698982705,-10.526367631545972,1.2411726927050089,5.324003237390061,248.74744426405027,0.32820396729710044,0.11921083678816655
89600,-5.398000402509532,-10.111089103787553,1.4930963103123107,1.7040097752822636,401.1862492833459,0.2809197382219848,0.11921845499036744
89601,-3.585820021631143,-8.289333352959057,2.47829864522561,1.2852359258439383,282.1864908074984,0.21654473734896662,0.11922213282052152
89602,-7.571464338538997,-5.382981321906653,1.2554749910971315,1.1776729346567905,300.26599839665886,1.949744986812358,0.11922975162300374
89603,-7.908598957427115,-6.906248301661705,0.500769810339987,5.45962887561185,492.6473387120148,0.03684265923634111,0.11923329982991765
89604,-6.552646267558954,-11.88532042462003,0.42480236981912556,0.9516168972153918,187.43822196891853,0.7426386076737783,0.11925622795853597
89605,-3.3742617126918013,-11.324219937329362,0.945315852341028,1.7702717585751437,419.67716630444016,0.024617689835007006,0.11927121141376802
89606,-6.433091283203552,-11.61143571850106,0.6288169173893055,1.5879114396367497,349.88559305648255,1.303491221356114,0.11928321049349552
89607,-8.592789680744533,-5.2739654813823735,2.370314691706945,1.1312340585774574,168.44108068488595,0.19140950155925474,0.11931684306254096
89608,-7.469154804627545,-5.761110140322158,1.9611117497784127,1.0787121882247812,470.12053784399643,0.057013821743569615,0.11932873331623065
89609,-7.575805227836782,-5.263340664465566,1.4099417091925681,1.0941948440345897,468.0478088459812,0.8420535761458137,0.11935388114741415
89610,-5.963922390041962,-7.979212370619478,2.154564820053413,0.7009482061559912,135.17669979050086,0.31061701140952547,0.11935825008665144
89611,-3.2919523727027666,-10.765171416854457,1.138004075407678,1.242015851880403,314.104841188191,0.5158985389649233,0.1193725761685729
89612,-6.662755887668225,-9.851516622024281,0.23898391271453565,1.0998387831699734,290.48171895138483,1.0530902956550507,0.11938591562947314
89613,-2.471121612751068,-12.118619527702466,1.6000046432794957,1.8072030088629836,430.87599301467634,0.31454158086635253,0.11940101453652724
89614,-5.739696694213546,-8.204881392487078,3.6540453500285626,1.3436495881769652,468.90963252237657,0.5658829583134395,0.11940315128119924
89615,-6.7659419703831905,-9.306777040384409,2.6999452625628555,1.4349255568458594,441.5936156713018,0.44347638067174167,0.11943038051232646
89616,-5.056222905586607,-11.553978944079539,0.8706097224539361,1.0054133019179683,199.97316312678296,1.0439061382727717,0.11945481366901212
89617,-4.324667626959338,-8.294695629334855,2.14087279834939,0.8895618697642891,468.6696669384033,0.8619418860429429,0.1194559872061169
89618,-4.7865677557848425,-8.32737275796982,3.2355654116809665,1.0425246316200427,210.08391604652962,0.5636557120921264,0.11948766084219808
89619,-3.12494652939011,-8.904913412178363,2.995688236525477,3.5611555854665697,541.5866786107383,1.3606355456598358,0.11948969549775827
89620,-3.0687297940055345,-9.598222595726373,2.0607231781632485,1.6390129945624092,351.0250149198846,0.4233915375687154,0.11953091719055826
89621,-6.51608138734443,-8.8858862054071,3.3576273539613886,1.0936406048280267,468.15985584055267,0.9317841850685546,0.11954667015339472
89622,-3.943103595061954,-12.43079935275654,0.06391709736279695,1.6640086397413996,390.01834755838934,0.5018172526472648,0.11956177001179273
89623,-8.648953281201166,-6.036654730248515,2.0933838313715816,1.1798139264765577,300.83159258193996,1.9354672308614163,0.11958853350493687
89624,-5.866707801620841,-11.317027643112555,0.8735979284803298,0.6944861325596999,441.0117813988573,0.4746253093092365,0.11959747345244161
89625,-4.744241624415624,-8.49267871455973,3.300261228915598,3.763835715656137,456.22127143797593,0.09579202128566333,0.11960463563501789
89626,-6.9244787444889795,-7.250393133941694,2.289884506978226,1.0746190667918074,281.15127203787546,0.7265415597681946,0.1196048437443834
89627,-3.441716587081186,-8.642841360851012,1.180581799891269,2.8381811976216764,481.57318690584634,1.0015260271598274,0.11961165495378516
89628,-3.5865294376672434,-8.60572141306025,3.136632969077701,0.8576614096701253,469.1936976780744,0.00011510015664573103,0.11962012731793628
89629,-7.317980484418701,-8.068404603800102,0.6003220339930588,2.080551190757187,173.15701736643376,0.4091199797572296,0.11963789544106773
89630,-3.0159534883566996,-9.136949299417202,2.845266294556605,1.3631753216247502,315.63253765925697,0.181630213507451,0.1196438424862877
89631,-7.1012772238367425,-7.643300799688859,4.197419922748048,3.011816588839294,498.6147746675972,1.1782444097984346,0.11965488309642702
89632,-8.327470336190139,-5.9875208407987355,0.5586143498880649,2.778177036049979,461.48063161097673,0.2235717659730474,0.11969019895708236
89633,-3.967627678679775,-10.090276231879846,1.4925094123120028,1.331998838148666,188.33680847194182,0.08633611813502817,0.11970853286861019
89634,-5.197275623167187,-9.291136444965389,0.2622362366368445,1.2170479442841933,310.73878063636727,0.41480252186072963,0.11971346467276665
89635,-8.419737417335753,-7.456352846874495,2.4737543094593395,1.2905405085908521,287.89748567072434,0.6663844073445899,0.11973221645895374
89636,-6.295614299073488,-7.7233755217393325,3.3810095621343117,4.373474941264826,590.7370463309727,0.851256313587621,0.11973673110722005
89637,-3.3368731669033993,-11.163125182058561,0.9909730785224513,1.807364264852343,468.0108895697617,0.3730412679242834,0.11975328979863308
89638,-6.5533445869288975,-10.151910904469165,0.22389479185915065,2.9321314557331926,472.8639290180155,0.4148807990211649,0.11976821011919257
89639,-7.236532465443632,-6.618724722899693,2.663350298714728,1.2433956359509002,313.1345783395995,1.2763099638626407,0.11981057626009942
89640,-5.572250260429747,-8.066294579652482,2.3696160948472946,1.0218305641325707,467.9283764127149,0.14494718825392905,0.11981640313297358
89641,-7.062946005849279,-8.073944166375366,4.030439331905599,0.8646509420128268,468.7412275459939,0.18149009124726145,0.11982586039346167
89642,-5.246398682308637,-10.298011578351405,1.3592222546665902,1.8392520217054464,440.15330114206967,0.39049457951399535,0.11983012644607186
89643,-5.362465979144196,-8.60639443468799,3.4260477356711645,1.1869687205878245,467.15622349825827,0.25392059066707784,0.11983133018704509
89644,-5.942029930685082,-7.916450910076518,3.3604510980271174,1.6449565310137522,467.79739955157936,0.926245782401451,0.11985569682444489
89645,-5.139861292994472,-8.201466824152448,2.140409912918123,2.221092803949125,418.02247187267096,0.8164227833042288,0.11985573022158089
89646,-7.678951193252811,-8.989614750583677,1.9533295008629974,0.9545532984768653,257.56927849458276,0.556949972948261,0.11989083810707538
89647,-4.0357366673982575,-8.290710716599431,2.823933326178699,1.615464822199375,377.601752934093,0.44945678208297757,0.11990069135852094
89648,-6.673393271176323,-11.14045126673434,0.6454840053420637,0.9127158575810198,469.9051840412191,0.06792478188577178,0.11991262447022656
89649,-5.2100626275050805,-12.713222876274537,0.09999460127218227,1.183334621377249,467.8104394443659,0.14489509924045052,0.11992797170708938
89650,-7.975181307576504,-8.532926283963715,0.6694882976648628,1.0987698442428835,287.6092656393008,0.9764233029129779,0.11993661350361032
89651,-7.3604444485390985,-9.146902824261124,2.333425381609848,1.1759325238178198,202.43653688579045,0.11097427819217831,0.11993978914035115
89652,-7.472619908779048,-8.487234471691776,0.5392569154407912,1.6566204370460957,468.5326681724286,0.297662938923124,0.11994303848590485
89653,-3.25618737737848,-12.94388577088587,0.06398492875284503,1.0135396075071332,468.16906966424796,0.8463968764557714,0.11997830783159452
89654,-7.453384288050193,-9.873141181332212,0.8535735800127414,6.339500324415308,684.7826390116984,0.5471789830033265,0.11999037283064759
89655,-7.836073105916946,-5.3035620071270735,3.535509477619602,0.9244495824525875,185.16884484339388,0.41904479363826663,0.11999783503067638
89656,-6.210656539014729,-12.154870104864315,0.2779613024924245,2.66367803325064,470.7215600150334,1.5528707269743167,0.1200282989070329
89657,-7.907368095157514,-5.600925479379672,3.63796460863746,0.8678080280192788,421.7149329347635,0.841224519110308,0.12006606046863871
89658,-7.339763276469297,-9.573523840915826,0.4895152351797274,1.4863984041739748,467.8263516312381,0.6736764370958044,0.12006880822828153
89659,-8.584681826195826,-7.528014525326942,1.2849294937230074,0.8871724580832011,237.188867726069,1.273827265298202,0.12006948205962599
89660,-6.175634704395758,-9.647374992391002,2.226416889731613,1.3274719641733428,325.22967807105795,0.3972459353430713,0.12008603806232623
89661,-2.884207423522157,-8.637408465295847,2.856752852454771,1.6835471453590234,395.1243947325997,0.09328387835955443,0.12011144525411462
89662,-6.181219141521325,-12.739726056651238,0.5688019670418828,0.7084074839824553,216.40741653345285,0.5416495419741505,0.12011852482476491
89663,-4.063273881567135,-9.093820314556826,0.44272215688381344,1.1592934018104035,238.3223118852146,0.364926324511071,0.12012838436487557
89664,-4.667712379019214,-12.62264999234365,0.08231064190265396,1.4723398060743629,470.54309484873806,0.045656209487900945,0.1201303210472162
89665,-6.019207370152218,-7.963251996901865,2.1420018563442995,1.193112981320453,148.24510594490013,0.2744497744595398,0.12018600571642786
89666,-8.161295186724516,-6.618830233207116,3.6278943133712365,2.5830995803903205,461.80456014124456,1.351626189146761,0.12025947168219112
89667,-5.390476816761103,-11.584079167331046,0.8407418637481817,1.791660455836948,426.373055560681,0.30494974414743403,0.12029222153995349
89668,-7.316078777512232,-6.459453804464091,2.2021703261836985,0.900836307796429,468.6816826672637,0.8552231186623356,0.12029478117668214
89669,-5.751325630538781,-8.188943386886764,3.6436563960179638,1.0598847024708815,469.18206924434554,0.6324785684698035,0.12029626714549185
89670,-3.089367556303813,-11.17917946688326,1.0087726357385958,1.3102210565494463,295.2192616234666,0.07152750439861677,0.12030060399275547
89671,-5.893478737361942,-12.50264225477023,0.6532669287436957,9.375318114298594,617.2829804482271,0.07188087659091913,0.1203202820622022
89672,-5.444761702223254,-8.5736371716715,0.9593097935389001,1.3621374164098163,456.47565544326625,0.24536656157844128,0.12032761424499629
89673,-4.572046922799851,-8.26567416798833,2.9232709592981863,2.4881228207378223,456.2185840592562,2.160663994214011,0.12038471454649603
89674,-3.9904828898373115,-8.299002076746486,2.373402341128504,1.3812308751006392,468.0140484608585,0.5783331412327994,0.12041129433312914
89675,-5.786813485781473,-8.889213206188197,3.2732276397097264,1.1341739171577654,291.45592941421677,1.1517251203414398,0.12044022677506207
89676,-6.3780180460936515,-8.789648377691002,0.42992765377575515,1.1988630386097332,302.38058463154425,1.1728174988815514,0.12044416632657808
89677,-7.986672514230873,-6.476927188779337,3.864396164509486,4.247236439941902,571.4742972824308,0.34737422509936167,0.12045897909671424
89678,-7.554248637432929,-5.0354370280354575,2.5743650564232796,0.922475716783927,238.1480126573957,1.076234757053249,0.120466316869952
89679,-6.735870871226526,-9.151567501272027,2.9341227829572816,1.0968491742277817,282.19287325862723,1.157658849691379,0.12048499495940637
89680,-7.365818982627056,-8.758545360131194,2.9331683285273287,0.985550313617105,198.53727540795606,0.3498709394601969,0.12049320866805617
89681,-5.28237781063152,-9.297643250489173,2.6623815814749325,0.9197266859103989,469.90362315618705,0.06826606986205075,0.12052433801639781
89682,-6.754235345039288,-10.012573997750621,1.4538508480641172,1.108263571922777,467.092635906388,0.9298974870081009,0.12052700154376886
89683,-3.7654286814841154,-8.765803407988507,3.0788581311296386,1.742253286677414,412.1340913422633,0.4213560755029482,0.12053835010506575
89684,-6.692386192809289,-7.417182994647185,2.87218519164099,1.1001785395538366,290.7508716077617,1.244141550863179,0.12054786135495986
89685,-8.20404560566039,-7.053472491942763,3.4312121907140756,1.880120195622738,391.4803998553608,2.018886145829846,0.12055325406484521
89686,-5.582437777099721,-8.044378127523604,3.186790332496768,1.6829539907311293,394.90944270247434,0.5823145713384941,0.12056616465858551
89687,-2.715064999722628,-8.820933543133492,1.5174089254812944,0.7323109155536524,199.6391247371691,0.1686580339849515,0.12057370385733922
89688,-6.685207916046586,-11.286583493700691,0.40671601995511175,0.8345483229201777,210.78252873648876,1.2498381744682225,0.12058825102548378
89689,-7.483373030360561,-9.355215377750083,1.6666112493326153,1.163743745950799,467.22894336990925,0.4530042195134021,0.12060289761176761
89690,-6.793568376351747,-7.326734157925886,3.258222481750385,0.9010262133682884,188.65546642340993,0.346860138676198,0.12060731665074982
89691,-3.399782242871268,-10.393572143828765,1.2954263955226868,1.0061244203680226,155.13101868243328,0.4035707760501568,0.12060777477027694
89692,-5.87944935984577,-9.757111957716859,1.918092076913524,2.7349563639278975,474.62346791043785,1.2297654981036672,0.12061342981764231
89693,-4.099110783274269,-10.010573044284447,1.5464134930585296,0.669523629355987,130.5010029932467,0.14180948525249715,0.12061521310418191
89694,-8.571013721584265,-5.97591561385841,2.5280853603091016,1.2379429787737095,470.5504046618486,0.11899637151873765,0.12062555461298119
89695,-3.240605787103375,-10.357367149086059,0.07322324003774808,0.9591432148117032,193.77792123160933,0.9888056594483166,0.12065897600170697
89696,-6.324894704776964,-8.505470968404609,0.7042957256582656,1.3400329087664544,315.6735266985212,0.18763715614163434,0.1206761384510984
89697,-2.7176039400407017,-11.85190827878584,0.9458973896821286,1.5398562406734817,350.5474705199046,0.5604299982521406,0.12067945352341125
89698,-6.7973247990186625,-10.601904683518955,0.980643944508122,0.8086265165479678,163.84816441151452,0.1225369431860992,0.12069656777062107
89699,-7.054929426452583,-9.758304496558996,1.5744718567627607,1.6247731849097857,428.450591812438,0.5604754092403006,0.12071134643733367
89700,-3.3922924739240843,-12.367924427834245,0.7668724268281033,0.8291694564238863,469.44161994716023,0.22928158121756415,0.12072278387140482
89701,-6.942297403583778,-7.580136055455756,4.118545440618301,1.7260726849380976,406.23353222934867,0.6225193627366048,0.12074850250590262
89702,-6.474508330830961,-11.445114433791687,0.357154153003725,0.7878281241423378,468.4565659005019,0.14589897326852075,0.12075225902381025
89703,-6.623520458899067,-10.971146274775421,0.77265378947027,0.9612564334762971,268.6765895695171,0.9297332907742781,0.12077313632856895
89704,-4.37817073029591,-8.32343356056276,2.047156532787063,1.250307499819407,267.39632448715474,0.06995141552258399,0.12077377739341424
89705,-3.7750187025915256,-8.832620445936204,3.028109940311151,1.0959149345563506,466.96965314585043,0.08504559582625504,0.12078544601418398
89706,-6.14145493229873,-10.277319452204422,1.3458722895909376,1.6696410839609113,363.5842088250252,1.4456486352894604,0.12078803961502936
89707,-3.743312529229515,-8.380925846028923,3.001222039535943,2.1002436008353156,229.21162060200592,0.1524830982015688,0.12078840968187343
89708,-7.885005786915441,-5.572146390439251,0.4359628458578063,1.1786066017148369,300.9436480351672,1.7436755400604396,0.12079332325531617
89709,-3.9374776082833485,-12.13621421880594,0.7913399406757428,0.6921642570380953,161.53622189993484,0.2844652738423239,0.12079878000757883
89710,-3.1026955048461264,-8.345260808714022,2.284571114651019,0.7875163856412521,205.67050914054332,0.8105337479711272,0.12080329681969942
89711,-4.663206817224177,-8.683827060945504,0.9499990486171177,1.6971735922153817,193.43794546927856,0.20163454517852042,0.12083370409710131
89712,-8.110605806294853,-6.309917486371034,3.682149848369261,0.7253069276112669,176.14813921614672,1.075496280683061,0.12084110463868784
89713,-6.586509494164095,-7.961927385155581,4.080659629400655,3.1063246783862737,271.39911288508677,0.4771510593751582,0.12086150452349018
89714,-6.268206878129504,-9.797290413606955,1.8518130053441395,1.5903224090585573,372.4698305883188,0.30429776876070136,0.12088316410468286
89715,-3.3084896270282202,-8.727367422168902,3.0790030227904857,1.8386443184924837,441.2340881840694,0.6244084260176299,0.12092244864058307
89716,-4.2663731225163755,-10.186846232186271,1.4183781939998916,1.8091066900497652,469.03804649619735,0.1744031542829969,0.12092572094261958
89717,-5.586340122162375,-8.551029467251393,3.5131806704175688,0.5402041416692764,134.15023549085382,0.6506515164651807,0.12092710140288623
89718,-4.084754162816475,-11.745643337371067,0.06229940733351327,1.0380118285847326,282.4617011638449,0.743973858620385,0.12092974302610765
89719,-7.249760320306651,-7.485225501940711,0.9451809439914132,1.3532712756427456,314.74126601866,1.218542990105342,0.1209424762089256
89720,-6.464941830590801,-7.634698505187228,3.4556622449142345,1.4635714679881506,333.22392869354,0.8456210942951303,0.12094253262614253
89721,-5.777038243318781,-8.980102935110393,3.1613166535531056,1.518234377124158,467.9126194525596,0.8908826709964783,0.12098055635380169
89722,-2.6394460432891957,-9.633352624311145,2.377782625136668,0.7156061070755496,143.025547490268,0.921253469271698,0.12099398229832506
89723,-2.5107120902708546,-10.12756598545882,0.8102891386352313,1.0918184089864946,228.83186653176725,0.017141030344294705,0.121028884087073
89724,-5.80501573500766,-11.543681555723076,0.8021904910068419,1.7733122851409944,470.03446886161623,0.05821242919645453,0.12103100581255939
89725,-4.47693505460137,-11.181329997207959,0.06475660005070695,1.180428914884588,301.4622082072621,1.5824058890060053,0.12104839682054293
89726,-7.541058024796836,-5.127607148334306,2.4988070320219724,1.3513467885653483,470.38864590053066,0.02110967507703787,0.12107187137132207
89727,-6.628194959836602,-11.54267470374786,0.4509704045262385,1.277393822722004,310.785534568534,1.572712616175088,0.12108464928965755
89728,-6.2345071098470335,-10.308038113971936,1.3137691672046374,1.8328538454959402,439.0289619575162,0.3887132906504158,0.12108513895813326
89729,-4.661686165226845,-9.373482858421088,0.2452330620079427,1.3255716498895909,326.6137935719583,0.3326939568778995,0.12108588407685478
89730,-7.312926726701354,-6.5045042763867995,2.1369535398956505,1.8545816343237682,445.2171756385273,0.1748360475283981,0.12109639107302077
89731,-3.439573884377044,-10.810646163464765,1.1147722730426182,1.0311620240034682,279.5077646103659,1.0583537377481411,0.1211014080440652
89732,-6.969262804346402,-8.101151492755145,4.0405371345932375,0.7674253854519877,468.07711122285514,0.2946754589508318,0.12110863755752281
89733,-7.657521255628263,-5.346937485051118,3.3029056025440418,3.350982676544786,516.4369078353342,0.6385348971927831,0.12113129473467527
89734,-5.2580217092088715,-11.982127615112978,0.7728968699774978,0.9038313456013358,145.359074899103,0.2256804753861994,0.12118555393495781
89735,-4.100069398014313,-8.447753606201813,3.156594235457146,1.5692486716154508,350.8911957000523,0.9671749497141304,0.12119321682847319
89736,-3.1159590063070244,-11.761649344679931,0.8643820298977337,1.8268167297387892,467.8606713130261,0.14090392746781877,0.12119518904291399
89737,-7.1309628621707395,-6.9502043617663825,2.1989311788736394,1.1442947903731595,295.69238621772536,0.9651886731188428,0.1211964080869818
89738,-3.5815195717394808,-8.884600623270945,2.974881395172535,0.5254214671896952,115.64141346639464,0.5419057256037698,0.12120591316766004
89739,-4.90604202458007,-12.72736855031301,0.08934617117262508,2.3687543378680673,444.50511541385634,2.082298758160337,0.12120758439943131
89740,-2.6127539184167103,-9.160294618960855,1.6642570055705639,1.887811185917159,469.9070540769935,0.15696236790812002,0.12122455607483215
89741,-4.373754725545505,-8.525644929152453,1.4503633276893293,1.0804110434731213,467.5537968346433,0.5773227235541754,0.1212297062587579
89742,-5.308458030154618,-8.541544314152679,1.099272537979074,0.9584224842805015,211.79585103928275,0.4665657189563026,0.1212395856762656
89743,-4.480143043779799,-11.169773522094793,0.9817398852973519,1.6687386475176316,469.23362886518584,0.5945194982687916,0.12124413129122882
89744,-3.4402239954089664,-9.289595142002634,2.5080343672870553,0.6358076699999662,174.62542065244853,0.4272466459637876,0.12131272881981121
89745,-6.326539600060643,-8.102377503331374,3.9740495057514336,0.922125003892758,466.9432988157422,0.05306247567691624,0.12131518147791037
89746,-2.5316740402305413,-11.047789764184888,1.6898725188718824,1.5164380751042459,371.3634324621017,0.10107397265778939,0.121341024354778
89747,-2.754184683617823,-9.606447299867616,2.3107617387804185,1.126742250383581,296.81707174932484,0.6035277923006133,0.121355975963919
89748,-7.395162648681263,-6.642497502000733,3.799802514383001,2.083082824853021,414.73085081546293,2.1167307329878096,0.12137194593797428
89749,-5.178028321431456,-9.725443507973251,1.877944358052405,7.889958532878439,692.6378411453788,0.22460979757922228,0.12138514156741427
89750,-7.531886148239412,-6.087459978032655,0.9737794694947907,1.4768688198467492,336.85572601048653,0.2649509694597816,0.12138686207473591
89751,-5.762493420856869,-8.454141248750181,1.0782805153950845,1.146276244889502,295.6308998223877,0.8726151902343338,0.12139672158610111
89752,-7.567490251818489,-5.74304770797255,0.9556325700897019,1.0749783605422167,429.5352660213932,0.3886372871855883,0.12144330258935097
89753,-7.618907808540576,-7.424266612772688,4.0553728731772045,1.013821267640816,467.39152487084016,0.19842086403506176,0.12145044215653134
89754,-2.601575672010342,-9.24466215288822,1.0355968857760756,0.9582320229760652,262.6892611760795,1.6005671303279172,0.12149162282739177
89755,-3.425128650870956,-8.848620400253976,2.978749652354928,1.143007480331923,294.1433374988616,0.59499456892563,0.12149362133140902
89756,-4.0701602586510734,-11.995057509825159,0.801328493338756,1.0974272786352077,220.0462773587837,0.6772181992284834,0.12150676554437563
89757,-3.4974578253421367,-9.59593894088367,1.9913913969297743,1.5658251203709945,357.06950206103545,0.09371936305395412,0.12152523952884776
89758,-7.120345178472736,-7.649622511598138,4.184325713498238,1.8496119341038402,468.0831797704393,0.7669686377210425,0.12154409471860093
89759,-5.290582434813845,-11.231876150594747,0.9406525861809785,1.1204761212633658,289.6069517613136,1.0244912920286309,0.12156527798229382
89760,-6.327602161292683,-10.572627728296304,1.1509501279868675,3.8337730040948355,559.0159724330135,1.1165204936904383,0.12158592270145682
89761,-7.76633577763854,-7.689522832558272,3.696692981676823,1.095073422611526,366.815666333016,0.2517871023007219,0.1216101632117535
89762,-7.707944869405566,-5.1929433727967576,0.6310465199556361,1.8813471833878659,467.31598098916464,0.4817100840381272,0.1216116821357585
89763,-3.8281426530407794,-8.42748239270503,1.7242803959188917,0.9136181785371477,468.887928936517,0.14824168108032776,0.12162591547701444
89764,-3.8123086085358686,-11.280856109541771,0.9490955834470237,0.8685855872420081,468.52170896222935,0.7724439102638438,0.12162694503544196
89765,-8.387086090635783,-5.551746495727611,3.0280597189803,1.9929808899189092,400.17717150463596,0.6931402164746716,0.12165749212464183
89766,-2.603661907021811,-12.267451795960543,1.2058483096235175,1.5018449358375474,468.3126326754184,0.3149303227769016,0.12166671472117424
89767,-2.7698325481613804,-8.824557362728324,1.2754596464211012,1.3103262290327455,289.56783180936105,0.07731898960497574,0.12167815183693272
89768,-7.1383219263770386,-6.829317946724825,2.8427152596408516,3.048725873440505,495.36885388105765,0.7777900331144805,0.12170576265639621
89769,-3.516671055764384,-8.487166554292926,3.0952668465725015,1.3637678156332247,325.30583061722416,0.22381199148597464,0.12171963818923462
89770,-6.370376444907408,-8.966482959412115,0.32790097186452943,1.1346362969634216,284.18060670969425,1.152088386897936,0.121732450383888
89771,-6.752920696118911,-10.968187367216752,0.6519109447387121,1.1348722293447988,298.50623638947326,0.7275739400255796,0.12176314706488352
89772,-3.9890211149759285,-8.287710538226573,2.4589463575238932,1.0846138074205607,144.0812724732102,0.2735054014052247,0.12177010653421277
89773,-7.870085653774594,-5.749162745299278,3.6745599174855736,1.706086326694108,465.8350338284493,0.6896607095243006,0.12178371470367609
89774,-4.491690392698927,-8.248936594785432,2.7026860386947225,0.9941999203654548,248.96785095274097,0.8994964401119878,0.12180547289669458
89775,-5.4322149548150644,-8.443896207295783,3.5120094939407513,1.4287749697693217,333.6363682635986,1.7122223749414145,0.12181022705607776
89776,-2.8769981381159635,-12.94973160321583,0.7745767725725704,1.8197650591918073,467.4604496962837,0.6743375301647498,0.12181289089704114
89777,-8.36049297077133,-6.985531216907125,0.6111102335456278,1.2367952326953,307.3144565781382,0.9516345363048044,0.1218161560365596
89778,-7.927551304687121,-6.661343938445378,3.9321758357647325,1.6887759197698213,396.7209411352356,0.9571213822000564,0.12181705130197484
89779,-2.484898668583787,-12.607192034500752,1.529726425954081,1.252934928814919,261.57679850373245,0.6056760762665183,0.12183028336052518
89780,-6.1475943392969405,-8.485473024495427,3.742413360126063,3.154374185414704,510.31590231300896,1.2568446459720608,0.12183438401531782
89781,-5.812227996883246,-11.919267853431373,0.7265396695945777,1.8478670763710368,341.71104943767347,0.3223878960011133,0.12183652416250895
89782,-3.549713994176818,-10.360018579669475,1.3085295811474436,0.7333937349372732,147.09957858850035,0.7249391142149681,0.12184382865324082
89783,-2.815415358306562,-9.613425547377524,2.2079548478327076,2.1963411716769423,405.6238161140448,0.273405463086573,0.12185337271924694
89784,-4.011945888618551,-8.973915195970964,0.5702766332299196,0.8541405510442345,443.15354804257277,0.10417393289712074,0.12185963485967674
89785,-4.243189045758568,-8.501379541127836,1.5346069018145965,1.1263414891848367,295.7573177610945,1.5624669381976055,0.12187455259068115
89786,-6.109139294498383,-8.383126801226751,0.9888804493928378,0.9093787309688339,253.9577260544762,1.4190561218879711,0.12188048357903541
89787,-5.073489720115016,-8.887310682653359,3.1150382223980495,1.293403431183296,282.22026823516364,0.3357968062928496,0.12189780977125203
89788,-7.689355077915684,-7.557726965939019,3.905563002713113,1.2949090289677174,468.7630804568204,0.1153078694046421,0.12190541023525991
89789,-4.5857316141608795,-8.285751194410944,2.9722449296219624,0.9819371541123448,467.6020892650471,0.8836449486800833,0.12193450680471786
89790,-6.814737875512735,-7.30322625788305,2.9539672690100485,1.735858071583848,366.56229989019727,0.917756416728233,0.12195040690463507
89791,-7.4660178614879795,-5.85114816478612,1.9613058417764528,1.5558073450643102,357.91771414671587,0.8275224484710426,0.12195106583694422
89792,-7.53868114033966,-6.872936709062159,4.106312649178128,1.4500816718183958,197.8566593137455,0.31906506687595737,0.12196794825093737
89793,-7.645982488253207,-6.26088362784542,0.6944779137545967,1.5816374896782506,468.63539939162274,0.6486608123141133,0.12197589382462255
89794,-5.598842244027406,-9.190828760534142,2.8541800482181565,0.9609172799515279,193.34568340555484,0.7081692517748701,0.12197865572641042
89795,-8.102102709332625,-6.966857526108139,3.6580033181543166,0.9763539550490616,233.19103628750776,0.6371462355245585,0.12198990136869596
89796,-2.8251234906750797,-9.425143699563977,0.3782158286902602,1.3697687035556638,309.2121093191272,0.08732045680988598,0.12199441490049033
89797,-5.1342394717954285,-9.353464987607339,2.554067694195476,0.7782965726773605,156.62120000653954,0.3772466583825791,0.12201948774306196
89798,-2.466831546319959,-12.73135625243333,1.5691553140991168,0.8969226371669962,236.3301249923545,0.6799365176487724,0.12202405173621884
89799,-3.986751387290277,-8.619648161779157,3.1514237304232333,1.00731219375667,267.50912599895355,1.2864455247770445,0.12202640043123449
89800,-8.516315902742503,-7.0336324783394435,2.530989135274662,0.8571474761756847,168.5237555651857,0.14124083310396607,0.12203263378007316
89801,-4.285433199307025,-8.688561520020752,0.9968675405061606,0.7277904179882844,467.54617309684323,0.31950491660318825,0.12204273611642882
89802,-5.237199026984703,-8.580325307260829,3.392670328494788,0.9594601180168006,227.43001391590926,0.2735856956476441,0.12206837786651319
89803,-7.345593717321595,-6.357148328024973,2.9661668194102635,1.0347312044505532,282.23468110743136,0.9755514273041186,0.12208285780646944
89804,-6.66216043228083,-9.610632106327449,2.2179843960431804,1.4140934699598948,468.33897861499526,0.5132504050938467,0.12208498957030471
89805,-3.1174264712097397,-9.055515952421366,2.8432080169201366,1.095170868852768,279.2368424170472,0.910240127130356,0.12209548617679601
89806,-5.468282958800884,-8.066458121869445,2.9731615500004827,1.826006334535224,468.5957234882822,0.5294375520968098,0.12209960566433414
89807,-6.401822093238518,-7.699552015444198,3.5594671902772816,0.9209340368228407,191.18432238525622,1.0835715877778052,0.1221243883864346
89808,-3.4976763421347092,-9.446940696864495,2.2415077444665243,1.7780725002022855,420.25897117766516,0.6305246436400624,0.12212907715347512
89809,-4.7531484478762245,-8.362802400401073,3.206478562337584,1.7394498953134065,410.6758899152906,0.4965326987429135,0.12213111852028422
89810,-2.918662444861199,-12.00783232638419,0.8502111064882131,1.3967116153251393,467.8214328768582,0.6735877891013784,0.1221764042456886
89811,-4.95978800146871,-12.327615501754355,0.7425661638204938,0.9223510983773795,254.0608560704799,1.5738811937836052,0.12218637763636261
89812,-7.178621686015836,-6.764494164576549,2.594831297699835,1.6746874865410926,307.9031354857462,0.08840501965385972,0.12220057088512734
89813,-4.4977659175789855,-11.925525955721096,0.07406763969515907,1.5706730936615934,426.88051360370395,0.40992653306194704,0.12223165897547762
89814,-5.1315979188698915,-8.461787675418478,3.388165223869955,1.0653675244143075,467.09782965451507,0.05929906007206487,0.12225459826726871
89815,-7.18979504907446,-6.725757822004361,2.77128381188587,1.0075402684945587,467.6079058784962,0.577709145715942,0.12226775156538985
89816,-7.353008897637947,-9.607062324804971,1.4692342210672695,1.5485925081802538,364.6065406413473,0.5546266928913424,0.12226827452089037
89817,-5.550321555601311,-8.425101362048473,1.2932450174852783,0.795204841146456,214.0519491672598,0.4554844350044789,0.1222897479855927
89818,-5.839948781201978,-11.818012550595254,0.7366772693832517,2.899747639646533,491.41351576567575,1.6287228647796308,0.12229135694309004
89819,-7.304035731444796,-7.22546024369617,1.017871431255049,1.114027475322363,276.5919322952515,1.4182993392316705,0.12234741259948907
89820,-6.510901855238117,-9.333929667707705,2.7216892011721527,0.762529276138901,154.31495347267082,0.12006597651223938,0.1223732425073647
89821,-4.673625442836312,-8.452062477514474,3.2481460505740176,1.795163366494426,425.540874843977,0.5026045669138606,0.12237953697807197
89822,-4.696997776880537,-10.8827417211852,1.081278072250297,1.817299077207971,435.33479734240666,0.7007344058282783,0.1223984188029888
89823,-5.2356169411631726,-10.02415098355041,0.10571027010478845,1.3506029346490982,323.1444434206918,0.22199031736376096,0.1224084926833625
89824,-6.991764316006276,-7.103970248835965,3.2627876781240013,0.9483781851708727,255.96168677398896,1.1105781612332803,0.12242922661862872
89825,-3.501396704913936,-10.928377244782144,1.06418366326204,1.3556039639159683,323.13182310517703,0.4063298555103634,0.12243381988441203
89826,-6.858651822199802,-7.390226724488786,3.753103505612585,0.7873826593184524,227.1121657649991,1.1966222657174201,0.12246075422023149
89827,-7.4537782553903815,-5.831486030779837,2.277389704544389,0.5479719338055061,115.64906707768448,0.14915642740754986,0.12246704176252254
89828,-3.044929918693783,-12.870862483143993,0.0689943831171818,1.1061092260619003,287.2388808316325,1.166686536157667,0.12247197931268246
89829,-2.7261244376069795,-8.965817361962458,0.8291500771128058,0.9137100735065768,467.95480213307326,0.14670943652537538,0.12247920710922083
89830,-6.667177029017375,-10.928894128534028,0.75004578839476,1.6778524933176313,392.22327795302243,0.040030957053518,0.12248134293472655
89831,-2.486153253632228,-11.8839892082126,1.6164843945836689,0.6077463277458679,122.32227283957639,0.13590018327643438,0.12249128367791694
89832,-3.782512169456391,-8.39075506966794,1.8693695635682177,0.8154350912197432,172.80645478294886,0.6430232230261854,0.12252053698669894
89833,-6.694953612482496,-7.430480309512685,2.8499414192300363,1.5697691341651232,342.25352710144927,0.9553817515606555,0.12252915916878819
89834,-7.566469184227407,-6.260550805607665,3.7273113810459995,0.7275534083962409,145.72009445911456,0.5540862633596157,0.1225402167105297
89835,-7.801800125114765,-7.490789916659795,3.8110521766154357,1.268808726192848,228.02077243603685,0.3685564997437041,0.12256241762806096
89836,-3.387236970777627,-8.657566618261049,3.087288376673539,1.3064711077960187,321.3624080490828,0.5643744232010235,0.12259278661529713
89837,-7.6005548226183235,-9.586528625602783,1.0784587118359492,1.8795285263713477,469.7700118104314,0.18931796389380828,0.12259440625860071
89838,-5.92955712558261,-11.862551176063493,0.711336807311909,2.580958222996937,464.40982966773817,1.9070715707142751,0.12260139585359245
89839,-5.100624139697332,-12.13615338561587,0.7553311076719456,1.2598868360460465,300.81193133942065,0.3925992998715122,0.12262569195432199
89840,-7.44230764875272,-6.050174292514739,3.0167510720953215,1.8531578171352805,443.05942597168587,0.526238025650243,0.12264904681441184
89841,-6.3223012456295615,-7.932369542938673,1.8051405143454218,1.028494802162628,270.63146755026355,1.1848483700447696,0.12265036951399655
89842,-2.4601031301616247,-11.340820410495203,1.5531718703601978,1.5259582615025697,468.7289127735362,0.36175720836390557,0.12266324817504777
89843,-8.151541189793843,-7.63451477783526,3.0180182764168952,1.6748228537343064,154.9991142925763,0.3184032778613277,0.12268211004859621
89844,-2.485401464757322,-12.323243014373856,0.5859962199042552,1.6915098145548626,467.5048934436051,0.021517668065650142,0.1227059409385465
89845,-6.996452433735596,-9.830906599397755,0.40191573068336023,1.8711000566340705,467.7453363823969,0.3857706759217754,0.12277230068382063
89846,-7.205136627053788,-8.774518989778606,3.098850035899762,0.8373915418953207,237.02705047579673,1.4129134742504004,0.12277452480124174
89847,-4.83968771741159,-9.985359108423058,1.5682025182828987,0.7869293700089665,158.81873756710038,0.786029352967538,0.12277747995522756
89848,-4.486745245675802,-12.608842963176084,0.7349294316437728,1.2689212925908284,467.89291557199,0.643907571239847,0.12280270607507565
89849,-8.056344862324195,-6.80005761335268,3.7673873731529053,1.124419414731789,174.67150396533603,0.1720143608855258,0.12281284070341446
89850,-3.2597611343030506,-9.313783407129765,2.453988532920225,3.638375071548751,267.6204958335735,0.2722414932062245,0.12281724386695492
89851,-7.514929174279803,-6.103511359492307,1.2578027269872696,1.0669125496637437,279.55105536374174,1.2410923280846502,0.12282769426489595
89852,-7.198199250231628,-10.229347723922452,0.5981594103678953,0.6634074242053805,179.4695805591612,0.8305256315569389,0.1228377093368096
89853,-4.741264259411793,-10.83151963365408,1.0979020418389958,2.884784648308648,334.84104156819575,0.034275032657517635,0.12288139645195217
89854,-7.10482404350261,-7.983123478124835,4.055721119623419,1.5604864671196317,467.9090322049377,0.2820882885197493,0.12288697030461336
89855,-4.7449509160308825,-8.932480140460491,2.996606076477003,1.7602240567362053,417.79902563259276,0.36835829852217117,0.12289556486836208
89856,-7.487326787703716,-5.902647500916154,3.060915419625958,1.781410958777414,421.4197493512251,0.5996355341526174,0.12290212034711163
89857,-3.964951889245583,-10.658717699712012,1.1769412826074066,0.8972935173124023,470.0242990929135,0.1696945605819815,0.12291615809069797
89858,-6.361469777101981,-12.79025420659277,0.4460943660015865,0.8247715571386601,202.4634690305793,0.7485281082072968,0.12292721583836451
89859,-6.047486472256821,-8.674591573804044,3.5361341184130595,2.3220785543125535,439.1297412078137,1.9093624725945038,0.12293933987923172
89860,-4.533212655221549,-8.538455928045678,1.389863303710391,0.6883135064181765,158.5214173085072,0.3682598792816538,0.12294053577024482
89861,-4.562144144626119,-9.490208338520095,0.20824227964790762,1.7145710550371163,468.0930890336181,0.07146387838483559,0.12297831157522333
89862,-5.995549003172627,-9.69682470878145,0.15175394622901314,1.1770594436002426,254.0383989063537,0.4031503360336357,0.12299819710951095
89863,-6.272336660714889,-11.381800666309157,0.7334533465270356,2.3364199156438987,441.99163361430783,2.24694235455462,0.12302289986696487
89864,-8.495552181819358,-5.914636941599232,2.7735304285297318,1.0996470727870864,284.6637301979352,0.8320546956127588,0.123032386103102
89865,-4.566103486156436,-8.44447133495321,1.6112235620502575,1.4131406282534975,318.1031481415116,0.7414849726397525,0.12303903956076977
89866,-7.998914547593479,-5.842039921694654,3.6572476640886435,0.8848240063280319,178.73413505398764,1.0926414412208718,0.1230537562337716
89867,-6.842860770650623,-9.712777447012323,1.831418713385346,1.6951752059199086,468.3402275916971,0.4029558514093372,0.12306767632506295
89868,-3.0718190885871453,-9.53016317679477,2.1440354620852493,5.078457954228815,432.9211761359412,0.04749271378926334,0.12306908804639287
89869,-7.524545212430617,-6.821849503374235,4.069411993694668,1.218090563844804,260.52874102032484,0.6174092552622428,0.12309165720950346
89870,-7.214681821932317,-6.737491177026257,2.3088848242205144,1.2457176293281336,297.18690107523014,0.16623107496146527,0.12311330795335103
89871,-8.588576545227788,-5.628150398000708,0.7605626111499023,1.0114144603303423,468.05746257225286,0.27701660324729005,0.12311485345060987
89872,-7.1357054869310215,-6.843877330341634,2.955773231236013,3.1646317503097228,512.6732646976315,1.5121144732142744,0.1231408211546448
89873,-8.461924603365784,-6.27043437891443,2.90581962379731,1.7201515734127508,468.5890823537088,0.820375833458157,0.12314082945338607
89874,-3.996307980690295,-8.549003725349655,1.4381592542587582,0.9654740757813781,270.2122930314073,1.8353221760570468,0.12315783904970602
89875,-8.067084537583037,-6.226048939020905,3.697169837788404,0.5618715316102616,173.33160535552145,1.2604299177052747,0.1231624818858177
89876,-6.566192749489796,-9.728790713824262,1.9508033464256032,1.825073732925259,469.8778945613697,0.0715341318735323,0.12318036901387733
89877,-6.539225065472286,-7.872780473184153,1.6743420276838192,1.0676429796924216,236.92333486927853,0.3166854255462672,0.12319577984470459
89878,-6.574994399761491,-8.91945357977901,3.2828286928463406,1.232117390488638,132.95843007917108,0.35787069694845375,0.12320031727022684
89879,-8.644426899569043,-6.536467164486099,0.9523825369346156,0.819193133166382,126.54136458219273,0.32826590127027355,0.12320453298055142
89880,-5.43807479186405,-8.189976898081328,3.3577266850184366,1.0203422536722415,242.18512667202708,0.7981551048914248,0.12320843765438123
89881,-4.807190076658291,-9.629979561612572,1.9892648065804037,0.9996959850540591,256.69478547573937,1.0930734682201546,0.12321965683043154
89882,-7.429863362698605,-6.061170940281864,2.922149558798581,1.022525664146413,255.98879292712374,1.0692682900501902,0.12324900157065881
89883,-5.928665107643276,-12.18466490671317,0.1860342759032107,1.1522187062498137,242.20259302625468,0.4494244994559162,0.1232515560321706
89884,-7.904364376837,-7.697608262315388,3.4570213799010627,1.6449624135695573,383.61311751072867,0.21851514227562774,0.1232542208193033
89885,-8.724102855241444,-5.628803208096708,1.2276141321645102,1.1481545759579697,144.90063388304284,0.2747459634705862,0.12325500904765217
89886,-7.4844826164578855,-6.50399728997798,0.9886006395795074,1.116537317071369,290.6002563464308,1.316408604531353,0.12326388944424452
89887,-3.508686477811814,-9.13907523160003,2.6842471357771194,3.369731811197109,514.219443391688,0.5259463360063616,0.12328758510070591
89888,-6.736336203611986,-7.860830279340201,4.104541203299787,1.0977891841389313,290.50347104084125,0.7856168581155032,0.12332643091736056
89889,-6.504973597821989,-7.748058051158839,2.022160298622927,1.007640768070972,438.87385910770587,0.49277321945321795,0.12333072302278793
89890,-7.123921178561652,-8.456749373313372,0.5058611675138539,1.0856212303913004,280.5652284834047,1.6527990854535313,0.12334591093277192
89891,-2.7979721744856914,-9.088417912034101,2.9154583460737125,0.6252631132601727,184.28046327890942,0.8103728388576448,0.1233648969115848
89892,-7.198429833907722,-6.733831744727096,2.623407645212274,1.8782348891531426,451.51003032429156,0.41438804890462766,0.1233712090694183
89893,-4.572835494581203,-12.178966889825436,0.7678298231698888,0.9409177173551471,467.4585453834902,0.06911687712934,0.12338098445411998
89894,-5.839116061622654,-11.996742153722476,0.7021006699483725,0.5382908357570693,137.354343525465,1.2143542807420085,0.123383826909065
89895,-6.30382005631938,-11.686691627287283,0.291959739125313,1.1315977950139597,467.40894746640527,0.650350991258299,0.123401959184861
89896,-6.670768945904507,-10.890150583176304,0.3792779610203363,1.0412084650618394,207.0134443417365,0.7645624500035266,0.12340328991241793
89897,-7.000300642958711,-8.109721085216155,4.008572327323334,1.135448309581731,270.6672397075757,0.42326069357798524,0.12340483497200308
89898,-3.4694843878623063,-10.25645713921299,1.362730525446317,0.7623355226586597,216.5405468913814,1.247413483561787,0.1234149923271477
89899,-2.9718446166430867,-8.562170847598319,2.9301484445837565,1.8818553080568343,468.936272754428,0.6400406754357766,0.123462710836148
89900,-3.492629926562193,-11.040984945618211,1.016990928902914,1.7558548724356502,467.9978661514998,0.3671129066320953,0.12346880819391629
89901,-4.2984342078990245,-8.955728478648638,2.914017489194497,1.054809542925094,468.05904837406155,0.7074640306024662,0.12347043635048505
89902,-8.703408591061478,-6.369165214279872,1.5067516070850102,2.673231216073058,470.9342103794796,1.506850485534943,0.1234772328453703
89903,-7.979110542819689,-7.532371739033194,3.490716727764409,1.3258718422883926,305.2980793386605,0.7824933200363615,0.12348661006230177
89904,-7.504416115276191,-5.8998208510297525,3.159944890011909,1.0659039220450675,467.24810618511344,0.47314702818843113,0.12351123226379594
89905,-2.9955808594203575,-12.746323175611801,0.7665220797056725,1.0178859775193256,271.4089891365464,1.5599944486673412,0.12352935607232024
89906,-3.465477225548806,-12.816662100293414,0.7328680442690395,0.9198913511221414,257.52989316935043,1.2235590104350935,0.12353406144756868
89907,-3.7648295451928337,-8.733143257436005,3.0589164102060624,2.1383243869746518,346.9559114729052,0.15718799092680324,0.12353731083038204
89908,-7.3760703501829,-7.640513546515565,0.7602728544136209,0.974655658160674,200.4901859014746,0.03528519002209851,0.12359082675550039
89909,-2.9884015469121152,-8.482686664094162,1.8447279568971007,0.9135461264431852,192.8691740852567,0.4933871103487997,0.12359089469809628
89910,-5.887778148243997,-8.515593067620458,0.8725518758436225,0.7785805130239065,189.70400950412957,0.1402917819970515,0.12359101500749461
89911,-5.646010246160047,-9.390906212167138,2.5714240421040473,0.94818877781967,260.52332231360145,0.9228586266605552,0.12359451693437239
89912,-2.654093456844805,-12.720189775468391,0.961504587197569,0.946044817528101,469.614491540276,0.09407736473543071,0.12359562653905741
89913,-4.128933980195983,-8.34146166513912,2.9429711744210163,2.1960280418083493,410.3570960639308,0.601939584722758,0.12360589102520186
89914,-5.757961831233288,-8.348217126048683,3.64149381269893,1.3464207782643605,302.0920867795555,0.4627700304847062,0.12362678074750055
89915,-3.076170333064815,-9.239208102050359,2.6335610316198914,0.9957509809210622,217.26950217592278,0.02295404411783597,0.12365108886397017
89916,-2.7873785133720874,-8.711844188022214,1.66191675171022,0.8682440333923087,233.00945027953733,1.387232028866105,0.12365148222582753
89917,-5.41311096787264,-10.677947662895736,0.09460181817506234,1.5625873013995588,470.10778271615015,0.13114956533778432,0.12369484779192515
89918,-3.12515751535536,-8.390364763065541,2.035955350660135,1.7571846031801925,453.232873148375,0.42156872951322555,0.12370181160636853
89919,-6.39239108982351,-12.237571828273046,0.5154785659163412,1.8654797203886986,468.9949397539961,0.39283633009103713,0.12371095933012823
89920,-4.63608954765091,-9.131096844052752,2.769867137888729,0.6267289839960399,136.64112955050885,0.040299531585164416,0.1237117473279031
89921,-6.440639394238534,-7.6932460574580475,2.4221397897178645,1.2631373924193412,182.6091207045374,0.15334277556093756,0.1237409242356422
89922,-6.034760518157313,-8.016091121841166,3.6843865085057192,1.8289702096522529,462.7495590527334,0.3786664615116475,0.12374258798819965
89923,-4.490569573633222,-9.931310663171061,1.6065819860182962,0.5181725304034792,117.24761018019547,0.2842975879725893,0.12374825156574865
89924,-6.136083745415406,-10.070637272870727,0.14837847192634104,1.2861964100985754,276.54052641612907,0.5124020542562464,0.12379624788950244
89925,-3.411405386185745,-11.556441984899578,0.8681790517497581,0.7014686673307616,141.30407715763596,0.01225198415239337,0.12380902192213988
89926,-5.478782026891529,-9.584623637211227,2.1814404869888135,1.0381106700177003,235.6957073949399,0.1596294767219364,0.12383392632362016
89927,-8.058610409323352,-5.019055054930876,3.4169477854553625,4.497609585829933,598.3876751523893,0.8813034388949541,0.12383915183328366
89928,-3.5159630798438144,-8.951862900118421,0.6212822721938175,1.3606442704361514,438.465492344053,0.3276961294090013,0.12384161522496322
89929,-7.5451965347841945,-9.132667587053101,1.9685821899792781,0.9527215208283554,435.54564084475504,0.878632883291302,0.12384582168020913
89930,-3.687057760589102,-10.643354231399286,1.17674107037035,0.6806097142640812,468.0063882099775,0.3958281024637156,0.12384667099097356
89931,-7.249433734536404,-6.622445294031217,2.9567254300352857,1.3250184358164174,321.46416442627526,0.5636535983574413,0.12395993780451817
89932,-6.943398999736429,-7.799477121667283,4.14719747325223,1.418850223514002,316.6872694669891,0.7538767594552152,0.12396031260053705
89933,-5.534108215614968,-8.137231960618418,3.3349335226150045,0.6783104389022736,464.7007090452164,0.47415041309411077,0.12397351362451345
89934,-5.581250475964946,-9.754780570109137,1.8578152456236887,0.823027925260196,422.20849218052507,0.22305837434621179,0.12397498284159923
89935,-4.849727905616868,-10.913924505548522,1.063739246260789,2.7016159863576643,458.8531357421079,0.5589002602475857,0.12398417865967014
89936,-7.29876004351166,-6.89912302671124,1.548959021768971,1.6189763159551545,402.8312841608307,0.7530529502363486,0.12402493403860987
89937,-3.205094148407273,-8.34716167064389,2.779776376612726,1.1143395719671767,129.12905744096105,0.3160393475304959,0.12404165442068951
89938,-7.534913801403553,-5.665234192212192,1.6096920735143996,1.1641376459656754,232.5488802799954,0.004273944746328695,0.124046090090065
89939,-7.463268467169139,-5.7923950587527315,2.4503665416511073,1.8596270800929984,469.67094436021546,0.23327249874200806,0.12404783684899644
89940,-6.039918837813882,-8.309139351106243,3.7882020071062046,1.4342242668085927,468.74364580107425,0.6894984166072904,0.12406570844825185
89941,-6.777455263666576,-7.357307041157075,2.8221537464451996,1.485337589434656,338.1358129824994,1.5367984601993783,0.12408064408126461
89942,-5.215322442025979,-9.668975118963111,1.968827279225158,3.6420210636276065,384.38241621014004,0.044511626511982705,0.12408803964184245
89943,-4.470793500515425,-11.131445433724753,0.9823821259382397,1.4952488909911512,342.9763288806327,1.9451483052333662,0.12410641762401246
89944,-6.991911970110498,-10.458125516972236,0.45725891822844555,2.229984000104188,427.16171565571096,1.357953405694011,0.12412540976496157
89945,-7.490912756477863,-5.875901903989661,1.7566837963502249,1.2293788678617463,310.14808112120943,0.5025181025152987,0.12413348511710234
89946,-2.562475409330548,-10.282102493366649,1.98576969219998,2.1598314917298542,419.7149765703795,1.4868569042872535,0.1241724110362325
89947,-7.398576535930049,-8.065196395529991,0.5976616073914672,0.691164308327555,467.1095598563809,0.3801711955875495,0.1241818508613181
89948,-5.445443893585721,-8.137658907095883,2.269408436160052,1.7381318696619572,468.4085996388775,0.2607250298706276,0.12425828302920698
89949,-5.635776934206385,-8.046033812165032,3.199662672072144,0.9090255136156847,181.26599578641773,0.40899919118369166,0.1242936705087136
89950,-8.688638067486373,-5.722738192863529,1.6778164480237459,1.039047749700484,270.5390887498787,1.0420275577500115,0.12429800304563453
89951,-8.292391722730118,-7.876069228114462,2.227800372959385,1.0822742501129579,468.0772547986007,0.7177504370293013,0.1243050800621016
89952,-8.287293478078468,-8.079953545726159,1.8260878978826303,0.9232439487297496,244.45514299803648,0.4340101707801294,0.12431279480443935
89953,-3.6245416376363746,-8.31417065101617,2.58245486134395,7.350592854225766,529.35995466645,0.010235351643322232,0.12431407638205219
89954,-5.118869165043456,-8.724720712602068,3.2508817370139096,0.7271266041693345,148.98790763426837,1.0106587555495237,0.12432071040025315
89955,-3.8655458201680926,-11.147413443463982,0.05893182310683164,1.100031410586751,228.29032757025962,0.2560105245020381,0.12432451109799254
89956,-5.930707131292503,-9.3227408083553,2.7096359677294575,1.0617413320592615,282.0462495649984,1.0393584128731437,0.12435111704901788
89957,-3.934993918841986,-12.909878675113774,0.7240840258527521,2.5792863117356806,455.6805420369763,0.8944308589634575,0.12439439518923362
89958,-6.595383463802971,-10.463052460647948,0.28411068838376974,4.3808868865265795,434.2840687645024,0.008857557614689426,0.12443562914351695
89959,-8.59734258743729,-7.223270983147777,1.7368534824480715,1.7014691831108073,400.05349150443135,0.36593676151578247,0.12446100185912541
89960,-3.946352575293142,-9.269128771448699,2.5169203678706102,1.0735988194195005,285.7633534817162,1.0294361681509043,0.1245092414208635
89961,-4.961209109758976,-8.353937913785092,3.2686755924543394,1.282620089804155,304.9614966070251,0.4905167153651453,0.12452879195810439
89962,-6.4459632370508295,-8.155961759914412,1.1690809081339857,1.8043802374235176,431.22796657122257,0.03588410234236328,0.12453676290116276
89963,-3.2355688936300773,-8.77420876629726,0.9039011353078841,1.8717264395580908,449.09165930126045,0.5211634569686288,0.12456882502176818
89964,-5.898854818463808,-9.765839922630402,1.8655188517857983,6.848685117204443,606.0815284939515,0.12471474170299679,0.12457750371515619
89965,-2.6894720249927584,-11.799512877336214,0.9855331952762129,0.9040294872724014,467.85962145098,0.57297515200933,0.124624411174605
89966,-8.645839322498318,-6.82124640042517,1.7661776212198756,4.338902947439434,482.8009319822482,0.07631387399012368,0.12462726435349492
89967,-3.1227371330091946,-12.277097117155318,0.78178580947355,1.3089900444582576,158.93680437451386,0.2580724135938448,0.12463072739666993
89968,-6.562706350199858,-11.013479990030326,0.7586279474497263,1.7577992031938525,468.5248217302815,0.6725707022852516,0.12465016573114464
89969,-7.500029776019886,-8.616836625251345,2.917434183740221,1.5814902527282284,358.95542660538075,0.021031460390318557,0.12465536848081984
89970,-4.406173460469674,-11.323356074640682,0.9201818016079055,1.0343902346566616,166.65317073107028,0.10920502453587755,0.12465979792466877
89971,-6.219415366416845,-9.298232120039232,2.7751419168245124,1.3403064152756776,301.879798447206,0.31444382615149635,0.12467198597465992
89972,-7.309369042764738,-8.054295471061739,3.8562758198761258,1.4982205661989243,467.6462693784723,0.5459531221987248,0.12467694457871571
89973,-5.284726824389796,-8.562732326334153,1.0883054273446493,0.659005700673431,135.6971462213269,0.3204013188931949,0.1246886172208633
89974,-4.447045455537099,-8.280808362758744,2.8436408628060255,1.4007598578716889,330.44449069891635,1.882732178643142,0.12468946560954332
89975,-3.3511658402667592,-8.996332695827995,2.8243948710993805,0.886781151699056,190.806897672001,0.10239921119225315,0.12470099098963595
89976,-5.5934478915898875,-9.370193678145888,2.5846398248470903,0.9239474203091125,243.60219109431674,0.9713681918540749,0.12471671919049275
89977,-6.10858835147225,-10.236630475895877,1.3651132586215504,0.9976598287900226,467.6676347299465,0.5444071103084029,0.124718279942691
89978,-5.897300673940233,-9.54024648324014,2.353988664181622,1.074460889705913,468.3845597860227,0.5304991075527816,0.12475821135840008
89979,-8.659932427811103,-6.482338474212886,1.8169602812073304,5.010075374239165,620.1671390624396,0.4160081398968023,0.12476701058463058
89980,-4.59161253358534,-12.024100585322481,0.08050182097933113,0.9158211273716653,467.5605897654281,0.11769514866312125,0.1247719693400018
89981,-5.216260713964614,-8.692486955554575,3.281916255967691,1.7069196935667375,290.38392601673706,0.15012862240091085,0.12479855352316997
89982,-8.045187225188387,-8.036140330964361,2.6902769295694244,1.8809582338110724,467.5782015345015,0.4466850569803187,0.12479900210148288
89983,-5.598326537097723,-8.579429551541452,3.478231274005563,1.516650688998248,346.15237830004344,0.17402538453145766,0.12480956833493587
89984,-2.7287923591791685,-12.598536496786238,0.8279486790172297,0.9281377303935614,251.42444671011174,0.8559599291787245,0.12482405550956092
89985,-6.55733656780316,-8.302877969760107,0.8425045336264152,1.3981617788623657,315.46030634650367,0.8379210145815632,0.12483646752060287
89986,-4.532285158074384,-8.68157450221008,1.0039291252075322,0.9437915007687177,467.4221439701981,0.42983019458576965,0.12485390784438943
89987,-2.446544045047615,-12.0766787664033,1.4831049052755703,1.303128790096027,468.0542188790943,0.5671706693760363,0.12486666664642462
89988,-6.284101735949163,-11.711830283471032,0.289330039408315,1.5327749225817244,361.92086353256445,0.3606645990716837,0.12487253002843644
89989,-5.794129303304047,-9.054405423787497,3.0457588823913766,2.909593227169281,491.4758749815816,1.4807677499623972,0.12489362854541923
89990,-5.877170572070955,-8.438179860505269,1.0676720488683415,1.885428941337453,389.25461999314723,1.040759621540932,0.12489368914779368
89991,-3.255882126905485,-8.791660051945357,0.8664073253913839,0.6385311574944473,140.63876054956626,0.12612758388224599,0.12489813909735152
89992,-2.7119542585759753,-8.793760779943984,1.852022632429914,1.2939265246265832,285.27717398479405,0.11941944859437204,0.1249055031450647
89993,-3.8283377509008085,-8.719272177053467,0.99825286128075,1.8214788130697297,467.7005571955806,0.5523286032896957,0.12491080063718561
89994,-7.905138303741511,-5.110686163986832,3.4505782153930493,2.6034195586105704,446.47510964768406,0.5016104118709714,0.12492185105927511
89995,-8.624136167428674,-6.231400786256398,2.21464180544886,1.6531674382409625,208.36390080623448,0.16029702405654955,0.1249310246926444
89996,-3.5623604557242015,-9.20483115791313,2.588426432964507,1.4477494593812401,467.8521278575937,0.12033001235009877,0.12493503748466951
89997,-3.591664769163234,-12.156612625190649,0.7709073877487158,0.803814634164287,161.2807007405615,0.24332009462881388,0.12494262438604761
89998,-4.684643824529756,-10.720843002612824,1.1386163672314968,0.7676883689476837,468.1542152597149,0.3381666500018623,0.12494714304009871
89999,-4.961890778402395,-8.21171864226443,2.901788887824072,1.4662481761702975,326.8246810361096,0.27004938863618655,0.12494808433491279
90000,-7.77978489498223,-7.250164621594348,0.5681348449018293,1.7605596700153558,446.6854273066371,0.2768028380775327,0.1249539894678189
90001,-3.4117507338690825,-10.574942287760463,1.206381798368711,0.8597753128576191,467.39306433754984,0.06599651057307554,0.12496329653443071
90002,-6.638004536090708,-10.5801931820435,0.3259796876836583,1.0664615371158488,467.575784617308,0.036314589819148146,0.12496653083711266
90003,-4.592926054646606,-10.012306721449388,1.5387446426828588,0.78828117688858,154.3152355922611,0.1539701322417697,0.1249897623079714
90004,-4.238023401914282,-10.209695767797863,1.3909423522884699,1.7504065433020357,414.0318086914193,0.18534230806239105,0.12501710749538314
90005,-4.83048816767088,-9.454263947730249,2.315921936644773,1.3403824031918476,326.87005494881873,1.3420423136273154,0.12501791943173055
90006,-4.245429906418529,-9.601379219827354,1.9883981596877247,3.696907644249763,371.21715286442776,0.04974895277275504,0.12503382319719772
90007,-6.119293457146991,-9.368857000082217,2.6601845803918827,0.7444844463168191,152.96544704828668,0.4866722831853476,0.12503831336844748
90008,-6.506660813312109,-11.821372117284854,0.513127326882202,1.466895034536205,327.3949217204956,0.004063175715162792,0.12504411800806603
90009,-7.358355178101185,-6.817096721562986,3.8684389865564177,1.3712936101322633,159.1190800282573,0.28865315608251674,0.12506813218987173
90010,-3.75115706423486,-8.602777831008325,1.333725309055229,1.0816720342091828,284.53879503868376,1.0091271813357574,0.12507724339040738
90011,-3.922545549720576,-8.372826325160709,1.9774104238871901,1.6919161005840697,368.0185926740744,1.4001464374062644,0.12511046057115285
90012,-2.8915582379866676,-9.187190438165866,2.827820995309498,1.4543245932497826,328.5331542170985,0.776798001318153,0.12512653592561
90013,-2.9162160887406907,-11.499889306584109,0.9279108018914924,1.0896519932763384,468.56924447722633,0.2571973187707659,0.12512897539775136
90014,-4.929365558074524,-8.406920482278867,3.287767207641404,1.4899110701055185,423.1101319362606,0.30017836530017483,0.12513659303809055
90015,-8.442089943191942,-7.09451139420257,2.7399208347152366,0.9088119620440375,211.5370494904913,0.4436620109587288,0.12513684337485714
90016,-3.099718577008894,-10.014076411855484,1.5437299937065039,1.110429446566845,274.53231924319283,1.169421843704824,0.12518772114283414
90017,-7.646854195792928,-5.695388817131318,3.4267842036728435,0.7417649475247251,177.11462700571101,0.9960517712698254,0.12519152112478377
90018,-5.601512778272305,-9.14516223914472,0.32010879245526047,0.8075602365410848,167.14018818046173,0.8667957434259632,0.1252118612923286
90019,-7.5735954739208395,-8.619365079500543,2.785953198995471,1.482066003911332,348.8722702091996,0.30715082684062445,0.12522361363070905
90020,-7.818212360723425,-6.698846904850711,0.5160447219477912,2.1159831534248315,418.3336574048721,1.991758189983682,0.1252242650576869
90021,-7.568856655326828,-6.946270972955744,0.7479507332547273,1.3430848969788207,354.93422183774913,0.5157439975787144,0.12524465811831073
90022,-8.004191305075409,-5.603123492057903,0.4201713923645116,1.5124557757148125,349.437640283829,0.3742901421142646,0.12525065126842677
90023,-3.566673414699312,-8.31957025780527,2.4170570837552696,0.9186527576680761,181.68983500415823,0.2943891930337186,0.12525164650095993
90024,-8.306827255195618,-5.815280496894904,3.2094988245151774,1.8638595246847345,470.0946299185536,0.047423643290343875,0.12525988193395873
90025,-6.692144616833868,-10.81322703858213,0.8138005353761569,2.5863880609111636,465.93569592146736,2.354407363025012,0.1252629620450804
90026,-3.4983596769241263,-8.53867569546502,1.5021643507811722,1.338121092732552,292.6388081843583,0.1442878708917954,0.12526761111879273
90027,-3.1724595829712268,-9.761509350261525,1.7541145995925551,1.848579485520603,167.71159265239578,0.41104152442568864,0.12527695727296895
90028,-6.464879743990067,-8.584797116250527,3.676417815416724,0.719932290110568,468.05339827850656,0.3539792197526239,0.12527919146989958
90029,-4.6450016601382105,-8.260473607748517,2.3372039891923713,1.8038340878540435,378.0769624406669,0.36630911338707417,0.12530438279065587
90030,-4.868652570276554,-9.47332658898399,2.2861779089812204,1.8230443955432183,436.23625941870296,0.3339993100063401,0.12532997844032495
90031,-2.5816733869822226,-12.899380822758513,1.2248138483459252,1.8543388327175716,445.21468078386545,0.20995710667252698,0.1253348867887692
90032,-4.908289051334176,-8.478840042726016,1.4706803836021005,1.4372546672195285,318.9172237108466,0.261588426018144,0.12535268632809166
90033,-8.015564702327634,-8.636955556489093,1.645915743737689,1.7195459222417318,406.75601051270155,0.5541047666098553,0.12535381441551474
90034,-4.077805211418887,-10.513470006942683,1.2299714446539716,1.3430282486506437,328.92202197780153,0.338653285944412,0.12537670364329334
90035,-4.316076233834569,-9.300612305121946,2.4983342411369227,1.6628537013902802,390.31368693686005,0.43335604026248653,0.12538768890390645
90036,-2.7436768055262926,-10.857712219343014,1.2007558021807392,1.1698392187590327,299.1430130575518,1.7423796888828482,0.12539103210736477
90037,-6.355412298873146,-10.115311698929903,1.43596976214944,1.1793653834334838,292.7916725280315,0.5680865849735035,0.12540801924327774
90038,-3.859275884993102,-8.504349260284691,3.0792596173958913,0.6600535875201436,464.07916682756473,0.421529165555766,0.12541690700296232
90039,-5.9079434953756635,-9.721197400521138,1.9500658131422506,1.9352681183982625,389.20132782836197,1.001869052948706,0.1254222297199071
90040,-7.847311989118092,-6.046322489411006,0.48284695240943976,0.6771811119924397,186.187328788574,0.7849130538181148,0.12542317206800763
90041,-2.6181589279329156,-12.32920664813364,0.15946656740919346,0.5177882502406,124.39116489879561,0.4595946218607905,0.12543073084753456
90042,-7.181834120565842,-6.976599769334357,1.9288984494825299,0.9783564882286873,467.8743280240238,0.21924075169239465,0.12543633339232993
90043,-4.1379466995935505,-10.256028220786547,1.360049728745698,1.2241917955204737,468.10070384998465,0.7312920444616866,0.1254641912905921
90044,-7.784721807904376,-8.34241602868587,2.80458351481662,1.06403506309596,211.66548166661568,1.0506167886201103,0.12546485817032102
90045,-4.0124251769143635,-8.585894404166435,3.110121209788521,1.401953837116302,467.9815870471173,0.35962540935842124,0.12546931410930265
90046,-7.140363790558825,-7.015630371209281,2.016727637748347,1.1628964790971459,258.6630124641337,0.05349752723020007,0.12549809618189348
90047,-5.795338902945329,-8.37807429264176,3.634075978537621,2.0073040334795227,405.91713637924624,2.0211636474905132,0.1255064176865292
90048,-7.291603869700135,-6.53305896035948,3.0261022156738613,9.674351847387086,700.4520530123889,0.150996428979413,0.125520261556487
90049,-5.8102412700933534,-8.387015307323107,1.2476064957916435,1.7397538133766417,434.22005040255675,0.6517490586827792,0.12552434958703204
90050,-5.493628327181958,-8.373214920858818,3.5122070478089706,0.5957008179327776,174.71468606727908,0.6403387280681612,0.12553193094512463
90051,-5.977503719097031,-8.291243099030815,3.746108212195244,1.8174151825383627,468.1024796830396,0.26318708417888725,0.12554310653749906
90052,-4.794070862202775,-9.508339317822664,0.20189077899224575,1.7826721496808988,423.4119167421559,0.43386688248383454,0.12557556990100183
90053,-6.956663646721552,-7.82213458040934,4.134486810879519,1.0103699155857107,275.29246829453314,1.295515374523001,0.12559132716835664
90054,-7.527079786342416,-8.253671690493151,3.380535062817362,1.333439995026617,468.5963038585077,0.11294710026292254,0.1256024710306238
90055,-6.520755683069159,-8.449594796724883,0.7029980354902187,0.8791703235427193,467.70051079636806,0.25055493322512046,0.1256291132428085
90056,-6.907618057519228,-8.918510614022438,3.1386646236436038,1.1696664725226784,238.59359527422367,0.06185835408058882,0.12563019928803093
90057,-2.6600299574909227,-8.979829354402217,1.9720559229876224,1.1043479808977619,468.10532404700035,0.7771553125521615,0.1256393353230308
90058,-2.9893894307292683,-12.565655091096128,0.07285880978899001,1.044240121766444,224.9427693945655,0.22262419084241003,0.1256448877569134
90059,-6.643768829336449,-10.559415844436714,0.33087547459722566,1.5513260313255612,468.9923586761449,0.39304850195765795,0.12567325800944038
90060,-4.320159589424598,-9.153998102177649,2.6896146051539866,1.0578568892842155,151.6708397333309,0.3875629377049066,0.12567912108077806
90061,-3.0191821020430263,-8.416486081779453,2.319393212735148,1.3529055036929318,329.1792741962416,0.37769230817092225,0.12568258505487603
90062,-3.9987716778195654,-9.82672246850691,0.13120643068631493,1.1247169299047108,467.7905985038761,0.5556383358141366,0.12569453142154835
90063,-5.147363761425895,-9.489347832851816,2.289069964512048,1.1118054762431224,285.213594414886,1.66649938868719,0.12569799223135678
90064,-5.697652830654153,-12.01352572218201,0.14179339299088503,1.3503296029808676,292.5890216750921,0.4224823377100071,0.1256998539907504
90065,-3.2774864417246574,-9.512847045966335,2.107115768403673,0.9777704090272318,468.06575111591786,0.7113295783241345,0.12570067233405516
90066,-7.04908300642011,-7.393622426605852,1.6094259349160254,1.8073173079592153,468.2107511046349,0.6870913938771741,0.12575559604992395
90067,-7.705843721857782,-6.31353450449423,0.611925859839418,1.1412901511877414,294.9237018514746,0.427026646101778,0.12575659175158937
90068,-5.592268044749323,-8.069860210137783,3.1954254976162595,0.7943887647291735,469.0692561610525,0.11712094148723651,0.1257929194676545
90069,-4.0501132589485875,-8.342329593516986,2.142751597355196,1.0804016562377814,280.12004566514895,0.6049874129895914,0.12581097662226032
90070,-5.714261149134946,-12.714337280264353,0.6503114600501002,1.696041021420764,399.5147830956931,0.3380323165335213,0.1258258324234495
90071,-7.508850163933322,-6.193038115362175,1.1597675294999816,0.8915925683065637,179.11345687577432,0.21262944528290362,0.12585834212209215
90072,-7.436094349113552,-6.044771629899333,2.8486646149809105,0.941570714778872,468.6815252443726,0.07576747336620393,0.12586592825043894
90073,-5.23059324369722,-8.355678771913494,3.3735485482968515,0.9447005663784093,468.03265360123976,0.3235304022937564,0.1258958554198883
90074,-8.147874069502048,-7.386260226612813,3.2786094274602324,1.185740434046963,273.5548116595162,0.713103233552796,0.1259165819884558
90075,-6.732534363259468,-7.485980200758135,3.633379450949162,0.884188022181819,231.1886971244045,0.3341547576425734,0.12593313891978758
90076,-5.148833370107909,-8.535345693352577,1.2404829348557422,1.1099065474426397,288.29729942391253,0.6932397695463788,0.12598350870234296
90077,-5.06703401312966,-8.283096063416547,1.9323999354259882,1.8791804012549487,467.59636421621224,0.3442329020111705,0.12598496903302636
90078,-6.105238683023336,-9.720464438048868,1.9705008943873008,1.1046187760379478,467.0967445844003,0.7637532943243626,0.12598854857264905
90079,-5.568990518412117,-9.154149460895104,0.3192285587879248,1.0961015432604113,468.05118204183157,0.8437640135507047,0.12600307337906935
90080,-3.229362129843649,-9.331601821585828,2.399640145966721,1.189945750304845,250.80988009879044,0.12177989570116399,0.12601023268386954
90081,-8.540095209405056,-6.220897430630925,0.7099033703852877,0.8122617531947809,467.75398155637197,0.28309224234111596,0.12604068171057226
90082,-6.799962871115882,-7.732068377102164,4.066426658345256,1.5857432566953875,362.83494824749505,0.21777935209599608,0.12604959837271282
90083,-4.611476698187843,-8.383539235991115,1.8123223529151045,0.4848419573726108,143.33082981513175,0.5912265049100194,0.12605555461623105
90084,-5.1240434644719475,-8.294435562595488,1.8613522763436345,2.296750361785711,430.8047842910438,1.0519995585981041,0.1260728338922423
90085,-8.161151718482039,-5.723890879119393,3.4330178006727823,1.8477083292907965,467.70380952140266,0.02082185969477912,0.1260858049993587
90086,-8.461195043035126,-6.9027224559546285,2.786475970745313,2.4291551544086203,450.4971192058296,2.000159058262521,0.12609332758415534
90087,-4.297777600077549,-9.190223763368985,2.6353858843931444,1.19636150465065,467.26150793150134,0.2975459397297975,0.12610943816782438
90088,-7.489386595877194,-6.594316546819955,3.8528875072360567,1.107728479531159,286.36949097512786,1.5562856151281865,0.12612142481393207
90089,-5.701177437211985,-8.399195484695152,3.582095723932846,0.979709728776444,198.98842572458105,0.6673934983487166,0.12612632122395512
90090,-8.06616417249038,-5.1653944809465795,3.406623996538121,1.1343754820388972,291.0614831112545,1.3519280383684817,0.1261356823842659
90091,-6.6390138485497125,-9.815553942505844,1.6991698687900942,0.7378065605345047,200.8179199606878,0.8507455800517141,0.12619362890102948
90092,-2.7888931384244797,-9.309834966995664,2.7006327417725173,1.8618958231008669,447.06219298595346,0.033616787500213796,0.1262060021305139
90093,-7.604952215018837,-7.115032314658528,4.109747196705302,1.0534997938093957,144.14040144638244,0.2584581326068305,0.12623045522651546
90094,-5.08342449886001,-11.114941873081408,0.9687830490990043,1.7882116275344213,424.0447957183563,0.09359179792274297,0.12623832951575378
90095,-3.3286100512846106,-12.156881537063464,0.06493766894489213,1.0548011386085372,152.5555549347661,0.21797568954732327,0.1262570725201514
90096,-3.5465160310704977,-8.329923517287376,2.520847360637258,1.2605058939732252,310.3481513239191,1.713731177818187,0.12626402683501245
90097,-3.081767401073016,-10.963294435519188,1.0635031092383802,0.9331115521158194,184.67533511903162,0.08612775563159047,0.12630760782797293
90098,-6.650738516348648,-10.836847394646203,0.823301060068677,0.8416985463643941,468.1447150420965,0.18571139712809082,0.1263242124083929
90099,-6.546161638232335,-7.774132061928536,3.9018024560592983,1.4214689925335047,331.69834032091575,0.25165269190628603,0.12634360353417973
90100,-7.104913181701802,-7.541149882428918,1.1954328536901537,0.6623880852057864,134.21562358388218,0.5975004495690763,0.12636713469689595
90101,-2.6486172021276344,-10.845292215486934,0.17179736100381354,1.188263759666403,296.62152930880876,0.8364401583578429,0.12638902322923343
90102,-7.670998223806018,-6.3139041793160695,0.6679708046506452,0.5609741901491568,173.18529888380002,1.27052706953463,0.12640046198584415
90103,-7.742452484536502,-8.94549503079536,1.8341404903224783,1.2216885221086549,273.5315315186125,0.36538385115923067,0.12640561523811142
90104,-5.802482695709453,-9.503505098907883,2.3927289406380563,1.187718701577752,232.1380925884034,0.01311745099524586,0.1264367586701791
90105,-5.589149953469537,-9.25968808625911,2.7283142992671423,0.9919890182751862,207.6788780889298,0.23385393505288743,0.12646099868531854
90106,-6.272496400066734,-9.333780262152878,2.7111623979658765,1.8569799365201651,447.5727421101529,0.3580943911707335,0.12646324829442573
90107,-7.249606375621148,-7.403990819434882,1.00535231633716,1.3974435737345205,317.19503767519086,0.13667065385463584,0.1264794961873764
90108,-5.990393922645487,-12.716125653889275,0.5967739154802899,0.8265305049045516,469.22930631952494,0.0020345781127621976,0.126483208967374
90109,-5.012457342975307,-8.592440644984597,1.1363171547484654,0.8123707682428861,211.66900896957716,0.8715781374931746,0.12652840488955308
90110,-7.507835420881157,-5.583810402383961,2.562775971001468,0.9453446569217818,242.46283328496034,0.254427641003077,0.12654245683645635
90111,-4.2796198225219655,-10.25661607919814,1.3572777070051263,3.6773478827653907,260.99768507428996,0.23060904302425111,0.12655503696406945
90112,-6.156014942605657,-10.769932932196854,1.0507521666917385,0.9566534439957864,264.28428035709635,1.219815562332788,0.12659741724142531
90113,-7.120968628919905,-7.335663874029672,1.5050968987896558,0.747735668769323,469.5522126689495,0.23986927761687493,0.1266179065455546
90114,-7.298607401212164,-7.2340681504859266,4.094244636209943,1.1283805556378945,259.5758475297504,1.0487317824416946,0.12664065490837675
90115,-4.963691483891975,-9.581011742374061,2.0800586772167198,1.8090180304125987,429.7282164341875,0.5713755903568272,0.12668758380866835
90116,-3.6878106860938633,-9.175154967071578,2.6245962389712267,3.0105200289037644,501.08665456705734,1.736400280358513,0.12669594073628876
90117,-7.091093184281012,-6.954235828429547,3.0635022736100983,1.8828284813136749,469.41616137966264,0.23773000453756232,0.12670209131626048
90118,-5.778501998490499,-11.105027778364628,0.9373447018037737,1.6406715727932126,160.76329287031112,0.2995947898849094,0.12670709804870078
90119,-3.1155035410844834,-12.202136656453773,0.7824979567783448,0.7688375913086503,218.09018291439546,1.1244600103937108,0.1267096468883802
90120,-2.907789307032406,-12.923550674365273,0.7550483143958153,1.0777096789391207,467.881458524118,0.6132195628233665,0.12672973226149073
90121,-5.866844842899476,-12.062541115703873,0.6834882220939977,1.0944029712018786,467.6782692139967,0.10802338357332353,0.12674642019360152
90122,-2.713608937137092,-8.916812689094538,0.9905120706168579,0.8679709231995845,233.49740388743297,1.3475845279570722,0.1268006830964724
90123,-6.47123727779314,-11.95139644713149,0.4891759561527802,0.9912823282095798,231.72585265720795,0.42592331359518365,0.12680960365959623
90124,-5.874358303856539,-11.548029051225853,0.76893305934315,3.0323196701310047,499.41669703741854,1.1508430455938239,0.12681850922819377
90125,-3.1603973411384594,-10.475912298306724,1.254202302223437,1.1402270643578123,274.73598000113185,0.479494747293284,0.12682901664442986
90126,-7.3273937253604045,-8.25030404715054,3.624381203237303,1.085898418775173,237.13905599609072,0.26208711263440865,0.12687239041193535
90127,-6.092076609108354,-8.56415804896892,0.7534291395103714,0.8648463959100154,229.41735296386298,0.42154340853214656,0.12691207020271325
90128,-5.049776483678251,-8.75025525876871,3.19619211372128,1.3290472474760253,326.1561029416546,0.3071705690256765,0.12692681500713787
90129,-3.8997198520679266,-9.199487613260748,2.60161678497761,0.4756263555203865,127.0144522643444,0.5616351564795332,0.1269314455348624
90130,-3.0009137578666643,-10.375706383227659,0.10589789222997686,8.97610441962285,470.8995839117744,0.13197812428949174,0.12693424998071412
90131,-6.281723420463877,-12.291291691388551,0.5489773508348704,0.9282410006169141,469.89020125112455,0.07164227946767898,0.126982163945341
90132,-7.184925267211371,-6.856561537243942,2.27507698374006,0.7220013171102218,150.61041874464794,0.21174878960805454,0.1270116316771763
90133,-4.1246837509197265,-9.417074371041313,2.27522571578473,1.7646956080205416,422.612605027147,0.9411012326927874,0.12702389867702807
90134,-2.4579118617296656,-11.058551876061312,1.4768179867950666,0.5345286883714301,108.91778342137896,0.15352938888807266,0.12703561028553478
90135,-4.161996282972076,-8.4256783419244,3.073634799811054,5.155576708075087,631.6151142309533,0.6784407276151816,0.1270361333434046
90136,-7.576909528105881,-5.930965588394961,0.9096285666494331,3.165855251106237,508.6556409396281,0.9793663908921255,0.12707507557766737
90137,-3.3203455817649887,-8.969916394849012,2.8317798208397935,1.226468416147309,302.7227930345723,0.5171975596382543,0.12709746923644996
90138,-4.4993015316451235,-9.317805187999932,2.465162567314059,2.273028193583224,400.02198325871143,0.2567927521118252,0.12710052371349823
90139,-5.757753320511168,-8.246089598918257,1.6360362940284583,1.491177783850107,442.12246983492537,0.35852814843018965,0.12717488243724098
90140,-7.816546227400537,-5.012117479719996,0.5108667657885184,1.5029036480943991,336.8341125060487,0.20900164457357384,0.12725007707518388
90141,-3.6481848923875093,-8.446525971682508,3.019901490689422,1.1784947000339119,469.411234200913,0.21610200710175587,0.12727352678134995
90142,-6.029538912096788,-12.777684680265198,0.2399184900993712,1.6274823106095988,468.6863938119766,0.8264810163966052,0.12727631038596832
90143,-3.2159986339690763,-8.363104935207343,2.1529318054164124,1.533264533993549,468.3456693706014,0.2778701628220581,0.1272926820548578
90144,-6.264170469595529,-12.636439989978422,0.5210127278881707,0.8500966885406585,157.8711937724163,0.0006866161709107033,0.12731400362057793
90145,-7.350389750117994,-7.841402647653692,0.7047890854506919,1.3147170454095953,295.4213979687724,0.04796982768345526,0.12731545627136326
90146,-2.916774534454124,-9.301593611659465,2.627959847625087,0.5877782144312224,147.8269576199701,0.4553391017447339,0.12732120373628678
90147,-7.26938755215627,-6.584730387267957,2.828962527865578,0.9762450758179747,224.83275507161005,0.05619589687614823,0.12733949704967415
90148,-2.65056663298627,-9.024683036924618,1.6867233485304582,0.9453697684276317,184.07996891765913,0.39030989501181335,0.1273676825787132
90149,-7.081669487882237,-7.231626026418226,3.8398858347059672,1.4321398925840585,317.7119680785936,0.7859776362258462,0.12737618019607003
90150,-4.959502114879059,-12.283556772350332,0.7290445082462628,1.51344997594577,468.11241380556635,0.7378851916532136,0.1273829838090966
90151,-7.6472952248207875,-6.054259692508612,3.6489643292836966,4.999008798515018,618.4984131977002,0.38017242458205747,0.12739575502193637
90152,-3.6184851229040635,-8.405238849685807,1.9047557321213546,1.0543312170831172,264.05789307117266,1.1767476409926045,0.127409152434853
90153,-7.107054259262762,-9.435602871055469,2.142369368279869,1.372446735453084,296.6025281205656,0.05590083902587928,0.12742745597735347
90154,-7.180889452705023,-7.133240912458491,1.6720126944673515,0.9215301862492598,149.42354525218076,0.20197703129435318,0.12744901067410766
90155,-6.900765417359002,-8.040136655257399,0.9056621896491712,1.7357320177614484,468.42749441149857,0.8123989217777909,0.12745214946888975
90156,-7.2221978527357145,-7.16359788165761,3.980135484442374,0.6621271009944999,186.5829745240247,0.15279702550392926,0.12746841713777915
90157,-3.4863057981341106,-9.337666516690636,2.3738610304488206,1.6653620082853695,388.08571333862363,0.14338293658071954,0.12748509904749927
90158,-4.02493757456611,-8.606039755397337,1.3259148806869476,2.4397943544437384,448.12533259203667,1.4319927892332922,0.12750755858556456
90159,-4.580739319422069,-10.181391527339883,1.4032390371123886,1.8497929261513435,467.4390328306996,0.4051493090253615,0.12752839319032086
90160,-3.5498496518351015,-10.013149590487274,1.517707039392809,1.0662780164198122,277.9056542806274,0.6202998741283539,0.12756594883988176
90161,-4.259836133361108,-9.684143029616655,1.8421155997034981,1.0628370348957341,259.14410257182226,1.580193191675959,0.12757979168055794
90162,-8.206407985856531,-6.344709904822586,0.5419455052964244,0.913758559339462,467.2366619513018,0.05577562827453342,0.1275870865397362
90163,-7.532500907803277,-7.488951911436627,4.052559940007285,0.5036711817627686,129.46620704996246,0.3298406127411848,0.12759680353732486
90164,-3.680544212785252,-10.871503916094628,1.067215994447061,1.2352552889629798,270.734353411343,0.2506585946222515,0.1276039417775551
90165,-3.381322894783346,-9.1563232150013,2.6305990048438668,1.0932027418366106,447.85976257683313,0.6097333377435525,0.12760484732161465
90166,-7.181631845371006,-9.50526047249161,0.4762867865794547,1.0484822176514066,217.41116663958198,0.2850061177158816,0.12762008980067954
90167,-6.366993045170123,-9.569699119679825,2.3192163214103156,0.5007864271495076,119.54419155352949,0.926674466171173,0.12764156323699954
90168,-5.165575147331901,-8.254224847346851,2.0121820618651003,0.7352417355240961,200.65747356571015,0.3418929072555086,0.12764176260602914
90169,-5.357900142626476,-9.81021640673067,1.7359214664923133,1.7873786965070837,467.6887353792361,0.5954543203991598,0.12764522695368669
90170,-6.228709232181062,-7.778566568870687,2.969160396147068,1.0810543627916702,283.4882658011963,0.936314187950094,0.12766062568219053
90171,-3.010652097187977,-11.962614590772196,0.8265251669222424,1.3508142774183935,297.77472889391174,0.1454733017132286,0.1276952724639373
90172,-7.478093095431802,-5.835975834353049,2.0019161414242177,1.5688344876000346,359.4951013681645,0.7841102813160452,0.12769887951578152
90173,-6.045964295221642,-11.852797865386627,0.6714810720300751,5.162286729856785,369.8964908605988,0.12486084305649925,0.1277099963506904
90174,-6.978642224482806,-9.292613398150804,2.5263905178399804,1.4642657972506776,327.75183701795606,0.024121950409846882,0.12772825019549378
90175,-8.083147473196254,-6.1743467227748035,3.6361162423992766,1.126400912469508,467.31899223402434,0.2848012179258044,0.12773461938874703
90176,-6.6216595788247,-11.14805347069202,0.6372464100908097,1.7122987439306157,272.87455952550135,0.007885213751711362,0.127755763352253
90177,-7.435693260631524,-6.890331798066105,4.003130944461373,2.235211399300216,428.6508782794304,0.47563894961183717,0.12776020555546816
90178,-5.771179981163266,-8.123941342338181,1.9588841052946384,1.8262662907559861,434.2896304634317,0.10923213230077611,0.12777406990958987
90179,-5.345278103093054,-11.756814234550081,0.10625171087169727,1.732422845313249,375.0976178674492,0.746408473128966,0.12777684312915966
90180,-7.260793535204583,-6.731930814058554,3.4189073517109105,1.1576455118867575,235.4628657333854,0.01616699293591406,0.12779405680752495
90181,-2.9337223987738863,-9.060934595879964,2.8813061739882833,1.408751304286123,335.7441812904664,1.3284460196811079,0.1277953497840704
90182,-4.646446657821725,-9.284920069841258,2.5385087970602664,2.156578378779622,381.2808214002339,0.15701411735770332,0.12779751413119397
90183,-3.5547633395179723,-11.319442899832362,0.910971679929955,0.9101679703626822,231.87033045806996,0.7895873586875046,0.12784219586733572
90184,-3.2980463304399343,-11.057159505446954,0.9972487989419359,1.590415155160723,366.5630530618827,0.41043222895021625,0.12785500914629463
90185,-6.149357923328671,-8.318586729654893,1.1428165751558768,1.1772267944584056,284.18024178045044,0.1537928547182874,0.12785952157851682
90186,-6.680912169042752,-7.997706256222307,4.056346346324899,0.7552341201125979,221.25154881842641,1.3748849253924442,0.12786463587053126
90187,-8.576317672073303,-5.441729453105572,2.375416229685346,1.2889468230406045,282.8964710017002,0.23340949999017546,0.12788497209950753
90188,-7.573691543749389,-6.684449420711543,3.9888875588041355,1.2259788766499224,264.59185783895697,0.07026319790670765,0.12788814161918055
90189,-7.971148151613908,-5.331915868150878,3.4941196942386927,1.8461367298318734,444.26113624493365,0.45449777890877474,0.12790129783270887
90190,-7.895103175717333,-7.51065824375244,3.6303349793860793,1.6105013946014408,468.15820416771555,0.30515014749201264,0.12790474710878552
90191,-8.715961077205153,-5.81483419084426,1.2455863784684909,1.7003604161882255,468.50041584810407,0.9417861481255283,0.12791196604414223
90192,-4.900897229202558,-12.051849163497865,0.7595225603549163,1.0725374534929693,455.0332306566774,0.9318648051054366,0.1279186880760174
90193,-4.368110086539608,-8.358119823343305,3.0110423763636884,1.1568490555832516,257.76648274973127,0.0035201650770622095,0.12794388118206168
90194,-4.679797267014605,-9.219293133157363,2.6299579005061595,1.0652482470944253,272.05581119412324,1.0198901432467062,0.12796256410164322
90195,-6.273216925198877,-8.19045412075199,1.3279027088128859,1.542560919542067,468.39193498406553,0.5334560241772612,0.12798236199923066
90196,-4.417132545058376,-8.665231983766677,1.1218835610991176,1.8053886880430394,378.33703953555977,1.255399213937066,0.12799153173815705
90197,-2.494304683067342,-11.769097154494835,1.5823129441771189,2.066629493396707,395.48271658908146,0.6855539625817331,0.12802946282915315
90198,-6.636720325328987,-8.111363181707445,1.0365095009472889,0.7610981188743208,209.0036760382651,0.43630734867730236,0.12807980673916997
90199,-5.745042493020592,-8.063179198777517,3.335974389219125,1.667725558456312,392.5069693544365,0.7296610810846182,0.1281081856088175
90200,-4.998040806022882,-8.281177030883452,3.1160304690811578,0.6906461197894965,194.7347993992741,0.4099125849207974,0.12814960788356952
90201,-5.9972072402108525,-12.200746689034109,0.6361792594254277,0.9154072015983137,186.71665833258646,0.6205156517452357,0.12818096375488988
90202,-4.235844104849576,-11.514897363159106,0.8560163079279786,2.429913443298954,429.96984837747476,0.5421218654127093,0.12818359308142802
90203,-7.113989185385485,-7.810068569965866,0.9123208999094823,1.835611688437598,438.31200008776267,0.48563765210290644,0.12818411909008662
90204,-5.065239875752809,-12.109287385939878,0.09590575716169221,1.1305082005283968,233.94067757520065,0.07071884857563848,0.12823827516800987
90205,-5.843438664228672,-9.759764366136084,1.8364177147243017,1.1420147593915757,243.83830478118844,0.06817142050022262,0.1282720596073294
90206,-2.552250969495872,-10.121430162189338,0.6119439241378906,1.7761849440083617,423.53518629224715,0.619083303404671,0.12827756257895845
90207,-8.344067292593916,-8.149962958053175,1.3380633530736628,1.1896921372697185,251.73583073304962,0.314159555182985,0.12829074043322397
90208,-6.534462379260134,-8.689988173842089,3.541170438564599,1.9421159668475512,389.3558632418146,0.9844068439857674,0.12830216922932672
90209,-7.015162355841548,-7.22812341297555,2.084963492811499,1.714804781793382,466.863061518297,0.1299960180482289,0.12833126079062593
90210,-7.296846644486274,-6.5659352648061855,3.094815279081265,1.4023173234696868,315.8858546771034,0.1570951848246116,0.12834415288996817
90211,-3.601755137967939,-9.25805402439526,2.4964016037353374,1.520577689516186,346.438059446232,1.9728131689514168,0.1283473736475812
90212,-6.380747229635528,-8.300367508156771,3.8815678112999565,1.3513382284104494,306.7867087131426,0.12963382021799763,0.12836196533445368
90213,-7.486508152593371,-6.5473849908936685,3.7945263777368106,2.333506511309722,441.37640248746004,2.221791676801983,0.12838478676595894
90214,-4.421567371031747,-8.667299554729896,1.1072067734490154,0.7216953101555593,144.43414726549886,0.010525470024099093,0.12838926262798978
90215,-3.626351305747048,-8.960922418764715,2.849155228963217,0.8779078741294222,468.07560148559,0.5427382315975793,0.1283968178374028
90216,-2.42994152874624,-12.485616218497613,0.9171940737154309,0.9814788784381051,269.03025628961734,1.5449485831835448,0.12840631095379815
90217,-8.060640318611764,-8.43872050655055,1.8935447251991897,0.5413732021609665,163.29440202066684,1.012044945282999,0.12841584717178073
90218,-6.548175341924939,-8.432001307041979,0.7171614609973342,1.0781955127439649,468.1512708798414,0.047663375081825166,0.12843635584071902
90219,-6.04174219419748,-10.578128793780026,1.1617322349272292,1.0202733389512058,279.03033379387387,0.6516633976582265,0.1284997101945838
90220,-5.108335834763613,-8.192464791231231,2.8724756832920755,8.015353653292975,420.53071129481583,0.13494045005884647,0.12851750907698062
90221,-8.607595577360303,-5.506562406436254,2.197496317843082,1.7577368714642436,418.06845636421895,0.6015873504885292,0.12852738545555548
90222,-5.172706547674633,-8.853981400900665,0.6417383183147084,1.8100999551079908,377.76868885342196,1.276044622838051,0.1285307928411143
90223,-2.809697271218444,-8.737571556608685,2.5190159104970014,3.1610017285925354,460.36473911438367,0.143006439978155,0.12853235961568468
90224,-8.240931570454592,-5.222164721192854,3.2067204302739785,0.8670180672405509,287.2348419386274,0.015058185035953464,0.12853430505386423
90225,-4.324413794457812,-9.015323865937072,2.825394836233291,1.5224250123637653,346.6527441656509,0.22176815962065355,0.12854635677061954
90226,-2.484154427134797,-10.511805523255434,1.5414165920028822,3.7280594057941845,549.9916612403698,0.9239968251722805,0.12856033274787432
90227,-5.008243557336031,-11.42076556288394,0.865851937281599,5.007842631036541,593.3649188577601,0.216758484938536,0.12857242578439798
90228,-3.29245418454844,-10.686580963921092,1.1395515605237456,1.073346905137953,229.3910104471142,0.9958516189931457,0.12859819218513463
90229,-3.38435153058383,-11.846410311356523,0.8058289363560092,1.7282947629248495,408.3415476690041,0.2335165034971176,0.1286166892103429
90230,-5.937513004263366,-11.088519787950524,0.9155519319453935,2.928034768417101,463.75028122558615,0.31281838467248413,0.12862650446979984
90231,-5.2551156840822095,-12.632170547149084,0.6912993572610008,0.9675837610411303,269.8463826623875,1.57048371407289,0.1286411789549947
90232,-7.354938992096676,-8.87658324104034,0.517152497645065,0.8562709405347265,179.01878049819578,0.9164916087482871,0.12864718186553115
90233,-6.716690944780566,-9.000757775523155,3.1046069238077636,1.1242740926326322,468.25732653820546,0.14280108947884607,0.12865521849114409
90234,-6.25351195589071,-7.916285654568608,2.0244149460779135,1.0919191847851784,286.77128989999073,1.3300019536160201,0.12867795829531953
90235,-4.003526707306344,-10.320321466586007,1.3121722485255285,0.9622843797714514,204.11253791730434,0.0374142956382828,0.12868567889148178
90236,-3.388042206066279,-8.351829620277119,2.7116884855184806,1.698900837390412,436.65711455918466,0.5448071120850164,0.128708650411271
90237,-2.58001596104447,-10.406308561385892,0.4090053610149255,2.472222584109227,451.289151600063,1.353695903461765,0.12872173886780555
90238,-8.125640135991135,-5.408460588347361,3.3955967973763896,2.4602670171003216,450.3594517492814,0.3581999497006958,0.12872560343655914
90239,-7.540705403204459,-7.4267268958692485,4.064463797040927,3.235089514876828,298.0283011767445,0.13614305336229737,0.1287337508836333
90240,-7.287434594369529,-6.637356101735712,2.131677387982322,1.1360615172449464,298.1363850125801,0.5592507997008083,0.12873540517440835
90241,-7.569238441321939,-7.7856488131805355,3.8215727776050974,0.9834956680120825,468.5755040377555,0.2435084772397813,0.12873560592602024
90242,-3.07504816085938,-11.51255748480595,0.8912587841734465,1.779206295004676,377.4877352109498,1.2345533265248996,0.12874066206102797
90243,-4.211351768560641,-9.494033918290485,2.143740490495332,0.8204335506080949,469.29447206419,0.23742401490729392,0.1287733866844182
90244,-4.791372288684119,-10.512800179640854,1.2240350943509406,1.5883268235441834,467.7774897907313,0.12603594429322218,0.12879012625939712
90245,-3.891196367881027,-8.980373304562061,2.821384405277833,1.4996761188004566,468.0554824977851,0.6205990313053009,0.1288325871232045
90246,-7.378956488373296,-6.592286285553053,1.6808407474078888,2.418822354979321,448.9186610839805,1.9576254264567519,0.12885144878378021
90247,-7.397803441736035,-8.568004943890406,3.120422803658472,1.15290773985961,290.0861145032772,0.22159801465224138,0.1288543821963889
90248,-7.832333455291872,-6.165351701726469,3.792324004321306,1.1336369097161676,291.45990654175057,1.179267702786631,0.1288984291982643
90249,-7.775313270832046,-6.154599522617325,3.7915549551823413,1.8290066460368868,438.1364678407136,0.5198041280188122,0.12894935280737932
90250,-4.9582837169702,-8.486793124346214,3.2630899078015614,0.9817513060123142,193.28700708298413,0.28324091561886,0.1289547822894121
90251,-3.926005850426227,-11.032346220714507,0.9977048282759419,1.1308408943501582,179.3192760691461,0.16913223762727458,0.1289678135760168
90252,-8.519660904278286,-5.513780364958676,0.6491535300657566,0.9644769630849022,198.13615154424016,0.15967911855697192,0.12897298542932195
90253,-3.915242651841977,-8.639788864610715,3.074325689072517,1.8515840755449189,468.33847077203,0.50910009712549,0.12898493980307488
90254,-6.0329122852641275,-9.553501127872014,0.17679354691639043,1.010491896913564,275.22004219970495,1.0722551517630583,0.12904008524029395
90255,-2.8509856104868625,-9.00186977859431,0.7648849756838914,1.8798349972849446,468.15358304409204,0.05110012318632595,0.129045389914468
90256,-4.091031031474178,-11.44188840404141,0.8750775996907384,1.375539635978705,327.4699589560956,0.5507087573430622,0.1290599089603877
90257,-4.186104058096576,-8.311800091722585,2.685095707090906,0.9648961682267712,270.1128758148067,1.7864302144112383,0.1290615869266952
90258,-7.48889352298614,-6.39595338082239,1.1278308721341441,0.9252763409043153,239.88363914653308,0.7078277564401363,0.12906375252136906
90259,-5.738932238549733,-9.639418451596969,2.06146121529107,0.7450875617799608,154.38749059536215,0.10133375516919951,0.1290748911561227
90260,-6.250432947224239,-8.815117423835751,3.3841234054190683,1.6181035195620637,378.9067996636479,0.5719727148844207,0.12909360666039252
90261,-8.709899392525141,-5.487276574399863,1.1437153574188559,0.9174754616238305,261.0264278696083,1.6564800402341975,0.12909364936286713
90262,-6.080458160969624,-12.296573508737245,0.24499114245496903,1.5513694390708834,363.3932238973977,0.4367102580104252,0.12909907017655184
90263,-5.297501410381409,-9.804829906039192,0.13454759878301284,1.3621024426430464,315.0694822097338,0.404568093364686,0.12909974994902265
90264,-7.193075940479638,-8.611955418139114,3.3003955433750916,1.2575613907136187,265.9205125578254,0.3668083998582423,0.12910941406632628
90265,-7.788895274979785,-5.350147797091274,3.433296250703404,1.0503503588017742,250.09623016191807,0.5243289608517765,0.12911870306720796
90266,-7.6511253930610845,-5.431553912948024,3.222900782710564,0.7580559260584703,227.3799693401463,1.1515933751535998,0.12913096491773948
90267,-3.183606161215101,-12.071088556441545,0.7821217338933927,0.5047494920579271,138.35654411508042,1.176340247684716,0.12915559387064793
90268,-7.632413481342109,-6.062635034520149,0.7731546963448969,0.9402670154107259,265.4278817638404,1.1713772935943405,0.12919004542906717
90269,-4.1274469864753325,-9.256234189669849,2.504853674625111,2.463391032677963,217.82194483057273,0.21843584734718657,0.12919945644535208
90270,-7.258458327236912,-7.308888890489649,4.083697348715501,1.6859989354372706,398.7929913649406,0.7913211302508003,0.12926081212899748
90271,-6.23330391173245,-12.823691537807841,0.351580041625818,1.6722380192682602,366.78736383729193,0.6657138443166666,0.1292737354109746
90272,-3.060968496936683,-8.68987532749328,3.0024856897382435,1.12566937293411,188.68929681625178,0.13929867589551304,0.12929754087110928
90273,-5.018397706216465,-8.798881044197662,3.131311547174948,1.1202381771456045,294.29483178013567,0.5686970282653139,0.12929799132189607
90274,-3.8898201557004786,-12.440380610608202,0.07338787651547354,1.1911945820530376,149.47750287261027,0.2683113665202983,0.12936509906214091
90275,-7.2910676487235175,-6.946132933736073,1.5805706574582694,0.9087346767739487,224.54937795423484,0.599234000713027,0.12937496138691557
90276,-7.409142240687945,-8.902432810278302,2.6013427551588184,1.7178857383152188,404.68533131293094,0.3596005378934919,0.12938360105209423
90277,-8.520458835551302,-7.23468176086672,2.247208352951322,0.8675577535624396,228.03914035892902,1.1262290361026217,0.129396275201535
90278,-7.515298594360887,-5.5452162432154894,2.3675114854951067,0.6428065863554778,192.36129663768634,1.3472341308738667,0.1294275486352273
90279,-3.362375354422338,-8.352376184785456,2.7000629609131432,0.5307368259295563,165.87500107920005,0.8893430605939683,0.12943044650165977
90280,-7.011888902933528,-8.824035039478861,3.1757616303612304,0.9851980489619875,272.5104573692604,1.6959327890192286,0.129482789858833
90281,-7.368670350228632,-6.3048620692008965,2.5399711763397557,0.9079411402471647,180.14017338311513,0.22281493213437198,0.12949004667524988
90282,-3.5271613528783954,-12.97719534367868,0.7105543685276678,1.8141221661132303,467.63160221594933,0.5548220384748026,0.12951936171320758
90283,-6.901456006412056,-7.5207580424975555,3.9435042438913843,0.7178250882372398,169.22792077322615,0.5415680172701247,0.12952046526537403
90284,-8.323062820315757,-8.034219474534101,1.7230695875579396,0.7884852744634103,182.71492009139084,0.35526773466051065,0.12953311705881682
90285,-2.6309510138386045,-9.257866489978998,0.7808725473980558,2.2819328734216833,434.6600790536088,1.8473051200560233,0.12953991699510667
90286,-3.135584347458038,-8.770828384871145,3.029638172937603,4.700956960587665,577.0458513160063,0.22200749619007798,0.12954606942124708
90287,-6.043796453658329,-11.155084416741124,0.8583589489606404,1.8272183542625038,467.7650916985784,0.38758216814832114,0.12958739785133816
90288,-3.049229565179341,-8.663307190645394,1.3639526174316379,1.151608799297603,233.19522769859833,0.9444966604503966,0.12959833591467612
90289,-2.8387700693496907,-11.617591805039144,0.90473658265563,0.6057203624321486,175.77457083598514,0.9794081300499018,0.12960735026644746
90290,-3.26995439574151,-9.105686270288535,2.67750281862515,1.839787370611868,468.0943689373847,0.7276597378388621,0.12962954722349113
90291,-3.358604518289395,-9.49182716325836,2.1057405020978424,2.8471010917029154,227.39431069297703,0.3084417203270764,0.1296357467711389
90292,-5.011008283868817,-9.857027481001705,1.6610369186336733,1.1939464308577639,468.5037416192647,0.6565066689874577,0.1296493259024868
90293,-4.424710463370428,-11.720427248397428,0.07810203081295751,1.480330645967263,338.79455416712966,0.08264668641238249,0.12968483116050755
90294,-5.837306265317159,-8.241732864049585,3.623961671793997,1.5282563198477521,314.5534856108518,0.3020403447145812,0.12977277171041793
90295,-4.733293312828922,-8.995121536750558,2.88034511359459,1.0862580140212044,289.8214429035772,1.0238383310547912,0.1297896488285384
90296,-7.433567104818188,-8.333513643964126,3.383404494105542,2.361489005626018,440.9869099737487,1.4733536825815223,0.12979765447264546
90297,-5.589221866955311,-9.281959976157129,0.2644379873870202,1.3479700024145733,330.0428468350409,0.5632660283224293,0.1298075090460697
90298,-3.123887943852301,-10.892143284819687,1.0714621563912103,0.9213749236660362,184.09154939993059,0.6826276428847855,0.1298112144987918
90299,-7.078244867523447,-8.910324364932324,0.39952715671327477,0.8016579773305043,469.56746299730656,0.0063479450498551415,0.12982961746766133
90300,-3.8284424516666,-8.77235263326913,0.8740573663908272,1.0910350632887618,156.30792156869288,0.21969998659439316,0.12983908241242062
90301,-5.01136264601935,-12.474140327083923,0.7101407904205694,0.7843910022013435,221.01834238231197,1.0601334368283393,0.12987753020954107
90302,-5.98181046604265,-9.59357904334372,2.208700419361844,1.780432295897481,467.5990462936493,0.7852521419140261,0.12991001221586734
90303,-3.109572959834944,-10.726586620475876,1.137404761770159,1.1679518586086866,467.19899743544715,0.43970933341293694,0.1299174168541026
90304,-7.533843336883445,-7.447054128546088,4.053832850264581,0.8933531781259029,179.4876124133091,0.12198047268694623,0.12997183990727598
90305,-6.657205847862189,-9.684269635317218,1.9566067278764465,0.9390121680321281,468.1238698422956,0.7441415906359738,0.12998593873122688
90306,-4.539466697630226,-8.673934754493239,3.1207876131777765,2.695415414523052,475.18366874288915,2.0923402020023305,0.130013814596572
90307,-7.802073447255496,-6.3158795587528545,3.8595967607666375,1.015527381393212,277.28170119329144,1.3090240961202975,0.13002310653707555
90308,-2.6491548216592786,-10.259564215095777,1.7012098178155743,1.1688665592320373,253.36545062870792,0.7661525614260105,0.13002505289811575
90309,-6.786380454900115,-8.42125878478136,3.7732563194340405,1.2922127506686294,320.59241283613585,1.2330586479671917,0.13003687953841567
90310,-4.757606113637792,-9.604322183755134,1.9768142274694158,0.8811105755532416,467.8822749342273,0.6923980003188452,0.13005299610865706
90311,-6.85414667313518,-7.977847995695877,4.066343495016836,1.4248726366194233,330.1150434571524,0.6028384411698093,0.1300584458129591
90312,-5.701225954336092,-8.380473576457465,3.5613140971231063,1.80380110726019,428.47004024163886,0.43037599453030584,0.1300717330538053
90313,-7.35454565499237,-6.381284469982681,2.3135771468562543,1.2061722709004872,250.08577444046122,0.9204552070024663,0.1300771821326521
90314,-3.1872663103058017,-11.975451609790818,0.7907858778105681,1.4510567476145193,468.00606048430706,0.4333513450322597,0.1300781108491746
90315,-7.556562740177679,-7.721555136965221,3.877065629476381,0.6879565806210868,466.54511133465223,0.3851527817203877,0.13010907848380412
90316,-3.7242575552258783,-8.348398699971511,2.387451638336067,1.9757853363171534,312.4901538033011,0.04543678937989082,0.13011008405153657
90317,-5.089335846929622,-9.351165113175314,0.2602834879944352,2.179555005786703,405.49596653662496,0.2931575932975301,0.13013567699103762
90318,-6.443778663989353,-8.293341251917635,3.8853716882269125,1.6561845349061273,396.76454901648503,0.18776971976910417,0.1301470056662374
90319,-6.300463031254606,-8.241067992861314,3.869014029003335,10.173334781033768,407.4995667614909,0.24648654461161978,0.130160911087834
90320,-7.517288925460033,-6.614907971181454,3.8632044081259367,1.6558666958351274,468.065503134591,0.7113391734822363,0.13017601099875248
90321,-5.760500614269029,-12.958251008756486,0.6132773793514307,1.0686218580300277,281.7649471806506,1.5744169447658125,0.1301984022492106
90322,-7.63436146879817,-6.617505654853063,3.9606802147062123,1.3662146013871819,307.4613908628463,0.30264896991142987,0.13020250002591002
90323,-8.59066031403428,-5.045023592664196,2.2305263430462525,0.9678099852993528,222.838292190672,0.29897558207236585,0.1302055904338693
90324,-8.307177927932669,-5.7226042826641645,3.15480945406991,1.8508045256759809,443.4859347420299,0.32133514763313453,0.13023687751431565
90325,-2.560002709645702,-12.71419132575872,1.3141332277767546,1.8738474617311154,469.8674548187745,0.2338818080541447,0.1302545067500799
90326,-4.334212381696063,-9.981037084354469,1.5424803080189007,1.6696759105012224,369.5922183912769,0.8651972548693756,0.13025870117699082
90327,-2.634658179730298,-9.13881005272734,1.328192372654165,3.3326405510925925,521.2099709126619,0.9420203958995064,0.13026886933161452
90328,-5.548949301240203,-8.128484330101465,3.2450327409193567,0.8825657385325794,184.03518671342235,0.3810941709047926,0.1302717022124846
90329,-6.613058770901304,-9.734567620819739,1.8433316075462427,1.0741501716129709,227.70270311638666,0.023027133885110906,0.1302743354983455
90330,-8.53919173661986,-5.031330700072164,2.461521969140795,1.0657078519371832,276.99559416104734,1.0481387842265955,0.1302896368253871
90331,-5.00150780395401,-8.238198815959734,2.2771832523983755,1.8323890383532193,467.39843548465,0.40007588077963074,0.13029016565828846
90332,-7.881111822800776,-8.050170477232477,0.6397475156332723,2.4987593998379185,457.4448298315457,2.2230829344721714,0.13030471435139226
90333,-7.445392691972888,-6.099388328657415,2.8825811294323094,1.0743541324612935,281.9865961117747,1.4080943517401252,0.1303111991559919
90334,-4.889822836689314,-11.422406302675657,0.8619824759733834,0.7531083723063471,134.60350734706327,0.2619241703079993,0.13032035107223938
90335,-2.7442319153824535,-8.77714730320578,2.191028456392074,1.3114005052409536,298.29502729503366,0.20693631364107823,0.1303317978754956
90336,-6.897902253169445,-9.718438443699675,1.7158016334605761,1.0216345295756866,266.30113564053045,1.630703896674354,0.1303574017017523
90337,-4.886218701284921,-8.271993755360516,2.18946149018161,1.0483137208215478,222.8382571190001,0.9879248697307617,0.13035942008580512
90338,-7.283466135162442,-7.131005092355233,1.3435235016775868,1.0333121251170743,468.5944140705267,0.6500976602139996,0.13037285201095944
90339,-6.3281920540563075,-9.476261428083143,2.46661333862631,1.3095193375914043,325.1722471149821,0.5834086256419271,0.13037546341831424
90340,-7.428422590658311,-6.77421819289336,1.0931213169932292,0.6790952235119277,188.78006549527646,0.6854648258911853,0.13039881947622645
90341,-6.139085979507355,-7.9577366584435785,3.6388660434739295,1.1412100830702012,466.26849231223497,0.17179751174653912,0.1304944673440198
90342,-4.666490781122579,-10.783231132236763,1.0923146611865626,1.1279926808835958,134.04182346856894,0.3042549817170688,0.13049565374099298
90343,-5.497461641343488,-8.826077572716517,0.6238670168115962,1.1170868217864094,239.39395773738983,0.17597692141161136,0.130514399119561
90344,-8.276553963151999,-7.30340100703019,3.0144245486923658,1.004076648929287,243.07479937836365,0.9993231326357046,0.13051468077343553
90345,-4.935114986465258,-9.950106053279011,0.1185008542053704,0.9174104182056845,243.47632648638114,0.7630641325968472,0.13051522603335464
90346,-7.692305376634023,-6.117299941992043,3.7089386290751345,2.441923851007438,449.2074637423366,1.4714617486499604,0.1305354812891148
90347,-3.743899055468475,-8.595964501036157,1.3943129792466706,1.4330401981498804,300.42399167565856,0.49452023768764075,0.13054014522038776
90348,-7.6043483232099405,-6.5015126467229445,0.7858320845569299,1.2564056050637846,268.22007689558086,0.44688774815586907,0.1305457744009865
90349,-2.709389792635262,-12.356126906586068,0.8354166775707753,1.3356040335711425,461.8559979555752,0.28317022341271425,0.13054779711793071
90350,-7.697304580132643,-6.166245724439389,0.6517219710999902,1.0407518568139633,280.137232216743,1.8597906164756042,0.13056230496707366
90351,-3.040052583812212,-8.486094239697824,2.797840370205985,1.1269576590416261,241.82554774438248,0.10599458843855825,0.13056922128116658
90352,-7.711367417810477,-7.494498108243772,0.6086418604037901,1.1509401117780358,244.25884719995597,0.8019279264464343,0.13057787358108872
90353,-7.536315909754595,-5.378443030600807,2.0895858235072056,1.1690030610575375,241.10546449020953,0.7709500838295353,0.13057910372952924
90354,-8.358597298133672,-6.786873942363594,3.1051510434378695,1.0566259102864277,244.57296980779705,0.07476254356461531,0.13060265413123445
90355,-6.842007552888529,-8.947829842646744,3.1103137252343775,1.3269144230695331,212.71715991151504,0.48288792141104686,0.1306082474865535
90356,-7.09263326661201,-7.817308173002419,4.091638316298381,1.1188282619464915,273.68452563814327,1.3986994365570071,0.13061607887145074
90357,-5.451798329583361,-10.715077967921797,1.1164440261383934,1.469390083286802,340.35245033358757,1.5635907234447215,0.13066663241048337
90358,-2.901871406800451,-12.194001544109206,0.7958864185633774,0.5143472835391363,126.63576747039795,0.6224136047322082,0.1306742938621703
90359,-3.6622557603044807,-8.347392276903175,2.6680588492495843,0.9206455250191039,469.32646660202437,0.06009680852130206,0.1306920218376944
90360,-3.130599517080902,-8.769553466152466,2.970306102758345,1.471755588571551,328.93973991821497,0.09493848575897079,0.13069887121541135
90361,-2.495071060021382,-11.090633597865088,1.680245567922549,0.7785870616309583,227.11783483717338,1.327043095257741,0.13070817838933246
90362,-3.4822697747591134,-8.449879154428626,2.9480074717744302,1.032162991428497,277.7245568989552,1.689954211240675,0.13071787289534145
90363,-5.375410650210476,-8.63317384044575,3.320673516480196,1.7367931384495632,408.45665673012803,0.10048122002361115,0.13075688228772
90364,-4.335941953783744,-8.31566823636043,2.28129928865144,2.235742230587316,427.5213152937511,1.4495902480508756,0.13076927106328956
90365,-5.7898340660305605,-10.491627253245484,1.2120419360902355,4.397267480664455,387.5737512212089,0.09287494297943244,0.13077412350190995
90366,-2.802776332945996,-10.12832014041494,1.5562465670075916,3.1368239603454753,457.08948518640375,0.13400366681155873,0.1307883420561179
90367,-5.54374960004417,-8.259919238583713,3.445655084735927,1.4088344582665018,334.1154181635798,0.556683135326919,0.1308047414421764
90368,-7.492854055528664,-6.464595520973046,1.0531208256826643,2.2987732282103637,438.17081543116706,2.352414822487984,0.13081592036040504
90369,-7.4374034599353145,-6.0391096028015125,2.3655079624825675,1.0215683395906583,276.6407580706441,1.1320592554609128,0.13081766135736622
90370,-7.552283746293623,-5.473719309327061,1.7317679787756355,1.6188702934828125,468.1517381774586,0.47860909990727674,0.13082131314197762
90371,-6.144651275933702,-11.804838750712397,0.6512414277860078,1.085235127511617,378.2998383138871,0.5122829600299825,0.13084213590835997
90372,-4.32788525348613,-9.133514377034494,2.67846004578954,1.8396802804248278,440.4091927768495,0.34540197358287283,0.1308456902673564
90373,-4.794893344697064,-8.447085911927843,1.6275827853552547,1.2907275442749273,282.482479277413,0.23000232929906783,0.13085175640258304
90374,-5.026231601837113,-8.25676187207106,2.1867903612593738,0.6503952547474257,139.37174341190257,0.10117345358608176,0.13087674756721163
90375,-2.658743320728423,-9.058206981321103,1.3430438007935381,0.9729824304348781,467.65621013494393,0.6966715455486643,0.13091211083259494
90376,-5.807508300395914,-8.162178302042095,3.552504335110933,1.8038513143667974,468.5167919260969,0.6377017822572766,0.13092629841207923
90377,-2.948824317961501,-10.641925332748404,1.2042709347914071,0.7181781206571618,210.3384712895858,0.17572086392162678,0.13095634136277443
90378,-2.833099022897123,-12.040027163154637,0.8304938296558105,1.656017726598386,426.2290751295985,0.19356589218356746,0.1309587259426677
90379,-4.756502579206471,-9.496979904710898,2.171669121041117,1.6872694693558021,395.20325452833896,0.6339077388274843,0.130961689969972
90380,-7.695879094242874,-8.333248588455334,2.964243215159771,1.0467473858135046,279.61550125830564,1.0759529910583803,0.13097381844897518
90381,-5.264225208161418,-8.168346804210792,2.4723391986335055,1.9334055069105462,386.686398116193,0.8396097650017103,0.13097382438246546
90382,-5.759581749209366,-12.483109472429422,0.1638892331317165,3.017286210300523,499.66839896920317,1.3355098286197782,0.13098355095507597
90383,-5.06985269579172,-8.818951228399333,3.1020421129365405,0.6960452428057857,464.7885748491961,0.37508888740166757,0.13101962519184684
90384,-7.535688738553686,-7.521025254033207,4.016540882258379,0.7432850207976148,453.98908840576854,0.3273494133378767,0.1310282280207552
90385,-8.695810589192893,-5.9623574141785305,1.1042733737851043,0.9734903083457496,467.9879625950014,0.362469286192721,0.13104508903977186
90386,-7.9338653492237174,-8.911373858220202,1.3253968136200422,1.1781292302746973,253.25416881086514,0.23144974152131237,0.1310457965573908
90387,-8.314397729675788,-7.9108944746727685,2.021903144804249,1.1274911695296737,256.9959748587976,0.3651314249081876,0.13104627880595343
90388,-5.21595893602248,-9.391068301563568,2.4180741498803338,1.0717868038938048,406.6784004534587,0.9237803748129911,0.13106457083727152
90389,-6.035703266644397,-8.216399357695376,1.5128661895183668,0.7610486695446403,169.6189646565688,0.1748672360419219,0.13108703732194374
90390,-6.277724646827984,-11.88418409186616,0.34013193460461355,3.0580272912151485,504.65278228432817,1.6508606125180059,0.13110445481833255
90391,-2.4328976901537116,-12.496323298758881,1.3450117562791768,1.5572811596398792,469.43086079956976,0.10938476257983876,0.13111016324714533
90392,-3.5588670431196654,-9.366267524838337,2.2977730401506125,1.6153851359295395,352.58648581518895,1.0339033715365433,0.13115095708057367
90393,-6.663787701047651,-8.559214786230932,0.5666070796047848,1.6938927750561785,396.99285111012296,0.515573775765314,0.13116475226276647
90394,-3.101839107355885,-8.781937024052898,1.0359100964982375,1.4260831795360598,335.40872280898975,0.7588318468020461,0.13118247178498824
90395,-5.940065643539822,-11.57064453301567,0.7335893003328096,5.584445193935597,232.7951061265155,0.39132263380355337,0.1312108335302435
90396,-3.020729884305606,-10.289562984326238,1.3473366799644442,3.7776667529371433,550.3276981094858,0.7277787443860948,0.13124521453646287
90397,-3.569496563237574,-11.174400518071586,0.9405964271167777,1.081265135333631,468.0663415381552,0.8647920916415766,0.13124553595618965
90398,-3.866019690390937,-8.347804145494674,2.7139372064833305,1.6468731081566892,384.96161550710434,0.39829682582298087,0.13125423020009447
90399,-3.059769189607402,-9.958022077036086,1.5712113548014237,1.791756513823184,344.6915580455905,0.3876454998097767,0.1312672889628737
90400,-3.885066000041287,-9.039965235330364,2.744715943833047,1.788148121194244,440.2673869080653,0.31857406296019075,0.13126814698160447
90401,-8.10710171053898,-8.529071621250623,0.8756944419762962,1.8054225579329184,431.63039852537867,0.8412099411121003,0.13129989162435812
90402,-3.879502108970671,-9.466722278014679,2.1379651682452914,1.6322026217031496,356.7247241151421,1.3417072632081277,0.1313064254352277
90403,-7.583866720411094,-6.521644186898933,3.8609756913002466,1.5160871373288032,326.41982027958244,0.5864895107194261,0.13131878067370287
90404,-7.498097540420945,-6.134040490101868,3.276195940452546,1.1898829527804429,249.81447431380786,0.5702561707571876,0.1313284549325866
90405,-3.570076782959312,-9.434438201996675,2.178558758780076,1.6621994348023454,469.4032902873552,0.18272824698150547,0.1313454584780964
90406,-8.618311243123532,-6.151773591802669,2.1644465178533205,1.3471398040371279,292.5580707710379,0.6273318682102804,0.1313545101765132
90407,-2.5898461959632924,-9.647541269395553,0.6770565438968827,2.8380192719781268,443.9824301503416,0.23330453637602844,0.13138747404081083
90408,-3.8336631445392726,-11.288443067171272,0.9052597681082996,0.8582239754460498,467.59997554238,0.4025506438552453,0.13138903086819614
90409,-6.70284383279542,-11.06203830182782,0.5887266631955728,1.6735060423394617,467.8768813292605,0.42656665919138437,0.13140481475316382
90410,-4.024787331054734,-8.388114851458948,2.899214998758151,1.8267158492086586,468.0305258363344,0.38177668779461627,0.13140573160453844
90411,-3.874388467105839,-8.419766835338525,1.8626214936946603,0.7159562760411831,218.7011760883249,1.164939677157669,0.1314841346388275
90412,-7.996943375828547,-5.606529778743409,3.5296595686708554,1.3124236323006664,468.30584993056976,0.2716389564849724,0.13149799317493616
90413,-3.5230508904835522,-9.678346365829311,1.8094160875815912,2.411676818961712,448.0980933780743,1.9019125507338934,0.13149887793526424
90414,-3.3943297786606363,-8.551987871251233,2.9936616725839293,1.104129035015837,468.0422023339829,0.8681654257589946,0.13151396893234463
90415,-6.668397146472902,-8.728077359179892,3.4561940121174977,1.0028882821234204,205.6190216805919,0.9956045897399433,0.13152810618802094
90416,-6.641416484016079,-8.932151147781497,0.35141893431847177,0.7755265832318745,209.559295297511,0.8167851566367199,0.1315371469222266
90417,-7.3191114322972055,-8.488525116079938,3.3149778952772,1.151852605465726,294.30385766379436,1.075876432198986,0.13154405931495142
90418,-8.713206096968772,-5.717667161575692,1.2756719329790118,1.8612434591327698,445.17210584004135,0.6117825222058988,0.13154910348226936
90419,-4.426437319992035,-10.392473208975755,1.2692460509749086,2.5631568936952407,460.72971793011715,1.4692879419430387,0.13156759166294382
90420,-5.855971109826466,-9.818405394024163,1.7285190718116124,1.0908947508031523,216.8947672175059,0.4522300429797079,0.1315790931737571
90421,-3.768253328661441,-8.519448518602497,1.5956530398475905,1.7403534065664257,409.84154318078816,0.10583598039916087,0.13159520263491284
90422,-3.0788917622064425,-8.641835502483616,2.9780463819232903,1.0082041879601757,468.5294491071803,0.6523941656939556,0.13160069160218654
90423,-5.468457053621283,-11.885087616035287,0.731838662393491,0.7808952190466888,219.90023720015043,0.5873650414489466,0.13160991148269657
90424,-4.949334198022699,-8.591205788368374,3.2317639979724975,0.9661277418050223,261.1672710527151,1.1333288303343574,0.13163445170770005
90425,-6.9844114628319875,-7.169941702884562,3.2884245788000843,1.3373849833075733,298.74564101082456,0.7334773410411577,0.13163567032265874
90426,-2.7414114348344114,-11.141126257582421,1.0642126489752324,0.9525356573540312,266.42833343532044,0.8282909988888267,0.1316499986771065
90427,-5.007716291288002,-10.065963128612212,1.4787432376429506,1.2622998662076617,199.0483261255177,0.13413096592907792,0.13169314151475012
90428,-6.427668537320205,-7.669410166831619,2.903631050239263,1.3811041302732918,303.79963982299273,0.049810889575538475,0.13171464657510637
90429,-5.586082005634902,-9.386805784166182,2.4977549618874084,1.1186622458811872,288.3138238125049,0.4386685239117343,0.13177433801042326
90430,-3.347613020127386,-8.36345327549948,2.5452350114827977,1.0759823596216502,279.5675893834693,1.7906723977220915,0.13177902768649352
90431,-7.4721960570878725,-5.915437856374837,2.081128097183502,1.0121529215421516,149.75816263753813,0.23404373156038982,0.13182043541418492
90432,-6.494405129986089,-8.653810279263386,3.5631722014859113,1.7030612070203763,361.3424009922598,0.7743198666152571,0.1319140836240533
90433,-5.7369834050253,-11.03928320175089,0.9454517317072049,1.1290876704297426,231.3636053752886,0.5072198869086719,0.1319267695183724
90434,-6.137245604938217,-12.08052076649842,0.2697587118831377,1.0667712281677126,439.6119988911221,0.6091057234665458,0.1319448563732196
90435,-6.359121305568163,-7.7733809750682505,2.4241155342878065,1.83455782926006,468.44905938808375,0.25668092343489324,0.1319514697400264
90436,-8.39646914586238,-6.290946680245141,3.0305172521078068,1.020754647924455,221.4706847351966,0.19396024958491154,0.13196996563685365
90437,-2.5930337961693715,-12.174990821458598,1.2175263053774459,1.6194745042567367,376.19609151307304,0.013882325144924046,0.13197915158413126
90438,-7.6778194628359655,-8.279729024700348,3.0696162392123205,1.0161920131652675,199.3056763700787,0.0804996582543911,0.13200142027840112
90439,-3.2281323437894835,-9.975045570476139,1.5367359930800866,2.2000051951577917,412.3544727729356,0.47113814508521035,0.13200777386748305
90440,-6.661812151152147,-8.575524053783457,0.5567292951711166,3.770336757476939,307.32815313373663,0.15165967582099427,0.13202689437247447
90441,-3.6943424026748906,-10.686496052714261,1.126259579674542,1.4904337539136707,354.7595070045944,0.574443915961937,0.13202940839634628
90442,-6.117766797651045,-8.816140343214492,3.343428615945214,1.7960048825679702,375.1419538819588,1.1879912080389756,0.13203239639217093
90443,-7.538460533870961,-5.483755807367031,2.5715090717792792,1.090678592189448,286.19512778591,0.64164441417378,0.1320325609888988
90444,-3.221308097574921,-8.430943188194895,2.905206941426436,1.8420418875991258,388.8336157625227,0.718619054719567,0.1320658028665717
90445,-3.9866194364938865,-8.770196073226895,2.9792905633642195,1.0093726969700851,277.28506203061994,1.2629656880985003,0.13209017588275163
90446,-5.919442970075007,-11.49641056582799,0.7519982472342394,1.0514005777272468,468.1064642681102,0.7343472487648546,0.13210496932851376
90447,-7.666140564385874,-5.078916524420059,2.997263556499591,1.3438829258310492,468.81771532999574,0.01832803395855187,0.13210598194578774
90448,-6.918891944021041,-9.442707078179367,0.3278675887268817,1.6568491288638754,387.13577018878567,0.770217214432197,0.1321376662596994
90449,-6.283910892096724,-8.793519394494648,0.4773571670626669,2.2713932092661877,431.98119901040195,1.5491250288853387,0.1321441501088836
90450,-7.950124475710734,-5.241196188117024,3.4206161421765073,2.731793364415384,296.3132647661676,0.11355033873799769,0.1321562210226035
90451,-2.553547644596321,-11.014972374287414,0.41604795381875725,0.8456215563028827,174.28366431591755,0.07612708291531689,0.1322417446100519
90452,-8.57570666887931,-6.488655859441626,2.401416507135558,1.8225212703483287,436.16836649004335,0.48637582921557687,0.13224631872894427
90453,-5.418819542376782,-8.620660516566339,3.3424582152154043,3.28203495933868,307.89949557336274,0.13495834838924736,0.13225281627288754
90454,-6.175381934799245,-10.887895316853621,0.9627133638725196,2.865132834410591,465.66523066390823,0.4359409087748203,0.13226478369268346
90455,-8.444642353293847,-7.3708847713804255,2.3950959970607837,0.6937494262111875,144.81721537521267,0.12925169641548262,0.13227599055597164
90456,-8.572392653312907,-7.2151501829089355,1.8757196536754188,0.6054935082472179,134.65176254421183,1.045076281654481,0.13233369925472416
90457,-4.764809263160168,-11.623766682020092,0.813579273578244,1.4293250748128363,315.652046344756,0.008485794812956193,0.13235521717356766
90458,-6.145972161296556,-8.177090733434522,1.5233411470524068,1.2793027970490494,314.7087322707974,1.0093509937357608,0.13238543606610823
90459,-7.252599446088098,-7.168023284947552,3.9702582203919317,1.0546976825818377,230.37692256661404,0.06938176505244531,0.13242930701807334
90460,-7.685131240749863,-8.811820506016996,2.2051822792977487,1.079495075353796,249.04138926429067,0.4284083603051396,0.1324421672832429
90461,-5.361682369434317,-12.718477207971754,0.6664706539208369,0.9496226425752202,467.0742793669608,0.5755846826974986,0.13245752275494996
90462,-3.4338315106793544,-11.630093513443747,0.06536128405756968,2.5032151606916595,457.24292278702967,1.9431713093226337,0.13245919428028113
90463,-6.917059875378079,-8.482470809475375,3.6442148265951557,0.9428764540175701,466.58062690671653,0.167907156110771,0.13246004449226723
90464,-8.260592460646782,-7.668019153885002,2.6186087670868767,0.8762593773311211,174.42199836748568,0.2770731463103031,0.13246889985292423
90465,-3.024924837549259,-8.484074835715436,1.9024405353163263,1.486330006773095,467.8379127802389,0.27917604222940984,0.1324704612980265
90466,-5.590148534166993,-8.798538547515706,3.2380602310509676,1.6338151885271914,361.75841584032946,0.6665215017458452,0.1324725638041219
90467,-7.522009690881459,-5.5505928569885405,2.287393546365891,0.9155831195042374,236.7794714881642,0.40218761534123804,0.13248186582691712
90468,-4.1477258568492905,-8.775101412013008,0.871399681631324,1.4129625293579984,309.59656987937643,0.4938532986072799,0.13251533892481943
90469,-6.952006201446493,-9.954930696867027,0.427143049733015,1.9497900241271222,397.5236593953906,1.662531859467256,0.1325604464756454
90470,-5.978370853318239,-8.384794979228843,3.6653037986271175,0.7685752019024058,226.80241634592807,0.7030688379138263,0.13260247817637918
90471,-6.539666139528761,-11.000051129967506,0.7324038716558615,1.8836846113472265,470.03696867074575,0.04656652545417028,0.1326037038855007
90472,-7.83043647948789,-5.330036080370711,3.4253347851168723,0.700334688896583,173.41663473258654,0.4077717762551174,0.1326174842765554
90473,-6.833115325163565,-8.929107186580715,3.129300742681578,1.1496985168171587,467.3369501009824,0.3514145674256799,0.13262737980524117
90474,-6.252054006256962,-8.729640451371619,0.5446784603968843,1.307969825739732,282.0396994179913,0.8358384075178558,0.13265981964908843
90475,-6.42162404682024,-7.8508010639664905,1.971450724630249,0.6466279748952558,135.69611870648782,0.30524244341250917,0.13268695996130528
90476,-6.055432055415585,-9.364937640871162,2.6075830042191677,1.7386850017065443,410.4741968410548,0.4103389820005612,0.13272645947339326
90477,-2.6202002494499563,-9.207869358855547,1.9686797173274804,2.747370190424405,264.091323373178,0.15412668672390772,0.13273579143674102
90478,-7.90672674582466,-7.287445879064484,3.7451262585474288,2.1968717800983115,427.6344794430374,2.1522509512756125,0.13273910752133924
90479,-5.280452649747673,-10.211924038818701,1.3709146934886478,1.0977196851218147,467.6257527771187,0.7509259334262026,0.1327576902876182
90480,-8.524410770839115,-6.074450033225999,2.613321709924596,0.9378331339195102,264.64078116950145,1.8298653551370228,0.13277298861318096
90481,-6.043061920122184,-9.083816315086086,0.32354540087034717,3.0807508840716222,425.1260971056861,0.12285179318165529,0.13278747672934182
90482,-3.277656616833448,-10.692148429735266,1.1262152821391698,1.230158894928518,267.7014827947104,0.08102040625522022,0.13282316995049515
90483,-5.118125389054867,-9.305152756617025,0.28618616873893515,1.0366925589991123,244.1682040384551,0.9480350329999077,0.13284460577440882
90484,-8.494108527445519,-6.482173557012198,2.7295259253390896,2.205063810528493,426.59845616681207,0.5234466662408082,0.13285680021304816
90485,-7.728275615052867,-7.834359912321736,3.5455091805122017,1.6456852575912837,388.8535049728633,0.420163706400718,0.13286689418545314
90486,-4.25503020149972,-9.381050479369648,2.3031838589327904,0.9167650154125063,189.81665550029453,0.8440354537159189,0.1328834522457056
90487,-7.721813983083129,-5.162505688185779,3.2193663960884265,1.1375156910784072,297.29148718588783,1.447505762051665,0.1329013993651841
90488,-8.603011202599165,-6.752214077377318,0.9274679632949221,2.064576069800294,355.10551816374925,0.13467360173748322,0.13293552622116855
90489,-7.581763859444214,-5.33813452249494,1.6242413148480843,0.8332153580527277,231.53433929909735,0.8464678782817474,0.13294950741508163
90490,-7.235971167120384,-7.6016747070420525,4.102757951180907,0.8140544835312409,225.85417278648814,0.21004716234329202,0.13295497789345148
90491,-5.40643426311975,-8.639523324773936,0.8899713903257337,1.8739718894527764,467.0980410200098,0.3200882505048117,0.13296620339849577
90492,-6.455751729786899,-10.80448276429439,0.930176405728218,0.7576592380548038,203.00885082569363,1.2116521770931339,0.1329686798853472
90493,-2.6043191525401754,-9.335793530446132,2.1089703918061984,1.0092616744297827,270.41640029521676,1.7174729505134483,0.13296888923538042
90494,-3.8182974813769697,-8.54909161449159,1.5384570359340244,1.8709660890344626,448.45719973193485,0.6387031996400188,0.13299583481541807
90495,-7.762553527154049,-5.5610406185025605,3.4558660037918445,1.014908407808377,270.82953305826504,1.553857276332999,0.13301300379339703
90496,-6.303274661821215,-11.786161416225065,0.349863638726484,1.101055820816691,237.1570165368346,0.563381251299222,0.13301460253901165
90497,-7.859891977451099,-7.233707627679012,0.5715818242909055,2.9660096281271393,313.47774318189,0.09047297977053326,0.1330159631849211
90498,-2.963016410718909,-10.875418509064295,1.0879366096314533,4.496269702428214,594.8517507152347,0.6425148544082635,0.1330189165775792
90499,-6.604137701736744,-7.615217282143177,2.4008221926833273,0.6774677145187052,199.5518537791301,0.8160423219123283,0.13304831642695533
90500,-8.457583309141977,-7.336319180858843,2.3781407688804124,0.7337383658571387,222.3476133228019,0.32758255224696686,0.1330518088364813
90501,-3.273122190101452,-11.54498464030277,0.06816799141783215,0.9230202621469662,467.4939931122098,0.4564735220643259,0.13306049143160195
90502,-4.878883213078775,-10.632821925026619,1.1554434963299125,1.0785449801813485,468.0168527327571,0.3756164862127678,0.13307825368218315
90503,-3.377240265309764,-9.904328436894364,0.12749651359347597,3.338001509601961,521.9337558357304,0.3266921997912844,0.13308978970345817
90504,-8.115256453583463,-5.781797268887874,0.4628952625403471,1.0927114886075693,467.34407024698453,0.8817546022784102,0.13313930417633515
90505,-7.95350431545223,-8.641987462122632,0.7233751492926347,1.0813559512641915,467.0760700779116,0.7969036886488032,0.13318834984676567
90506,-7.94568181485249,-6.084555906771203,3.7007972263589526,2.154680739590119,173.90799651039725,0.354135389929664,0.13320374987463265
90507,-4.885816548785358,-8.478491396033196,1.5265205640248685,1.8367836787427017,383.31321184402685,1.5241983313391012,0.13328904380473783
90508,-8.23765394313185,-5.215253583465227,3.170251400591964,1.7931524867735673,426.07981247820885,0.3850047683568727,0.13329170150847272
90509,-7.697447441512518,-7.648979124288788,0.618419214466579,1.1842092032885594,301.45022141431394,0.7229156294242847,0.1333375969270906
90510,-3.7969870249082893,-11.277880786231721,0.9003425637387978,1.110855828068536,467.11587108756777,0.40362436945488156,0.13334096890946504
90511,-3.3568496085540858,-9.293049364254959,2.387498556935329,0.8008232796462204,180.89347386461043,0.4041869850376427,0.13336769679452143
90512,-8.447789119348004,-6.817148686964128,2.8125559613000846,1.8731351061299721,469.7995117496806,0.12867769223754788,0.13337262997998275
90513,-2.4481997101102504,-12.928288722875443,1.4266016236426209,1.6719706969950439,356.8705500021394,0.8655393407402387,0.13349163747198345
90514,-5.965721047935578,-10.469137028399217,0.14282162642289634,0.8742746844513613,214.71199333673889,1.3440463157794174,0.13350246413433167
90515,-5.636838211541005,-11.704786770735318,0.7427711985959499,4.56159382487368,598.8663542862546,0.6520355687535151,0.13354051451211632
90516,-8.575986002775362,-6.164994190007271,0.8102562402458164,0.9523318500450125,467.32038606791616,0.6142255116411688,0.13357941203472676
90517,-5.1518534465866,-9.331838061608474,2.4912147154661044,1.8508346546561842,469.9104406005007,0.12747996331493727,0.1335808148241554
90518,-5.426430356944437,-8.230609316463504,1.9709913523595606,1.831172649831751,445.3124227638155,0.407386875751107,0.13359294300331293
90519,-2.641051337190918,-11.13099334914547,1.2609822668760522,0.7675596368767164,202.5987329225516,0.6775068719436996,0.13359460002015133
90520,-4.05205204456287,-8.384176534441012,2.83102769565722,1.2527627539275727,312.5010340709577,0.44923269370350916,0.13363068529514635
90521,-4.841784483214143,-8.352245513814541,1.8925357503250735,1.8409990294490224,438.98863621388534,0.5288930510615204,0.13369721717356062
90522,-7.506417365142717,-5.9019699583004055,2.9175806268210858,0.9538505754237893,189.09714699083378,0.4011218726589787,0.13372139852122614
90523,-7.74146047376701,-6.666628031870237,3.967565808622706,2.7601663567068524,480.2983611177902,1.8377425546816637,0.13375714894073504
90524,-7.77202684369712,-6.411342054922527,0.5665380015974871,1.8187430673577225,446.70116737823344,0.3392958863105333,0.13377171053372586
90525,-2.7342478990508763,-11.803267380571649,0.886350275589847,1.3782316186501615,329.936482242332,1.8088211241319287,0.13379142492697882
90526,-5.280877524256934,-11.807537727035017,0.7514217797887494,1.6896681574146675,396.87774552655907,0.11791042982381938,0.13380889722309972
90527,-7.8858869972858905,-5.385342595145648,3.4464293567228657,1.8806089143922728,377.75279080773726,0.7986180002462371,0.1338372093297794
90528,-6.363648741734509,-7.721228845519982,2.85374915916203,1.03825922330541,277.1556336570851,1.7308001798307515,0.1338390589213809
90529,-5.055463231728609,-8.328671842693439,1.8687668771380395,1.0456149703171862,217.0946659018476,0.017105955173808418,0.13384179764480125
90530,-7.044529266913522,-10.36247531953252,0.8842613229630631,1.3987266450268283,256.1697441464965,0.01697330393638996,0.13385175440125316
90531,-7.400832227647278,-7.194870623813772,0.935712228087467,1.099647963786469,467.4975972804511,0.8105545350404775,0.13386185819492719
90532,-4.080794864828788,-11.453123555611736,0.8512297413578402,1.1403242054798175,232.44211155892071,0.7266806679791129,0.13386805916409936
90533,-7.373630490565564,-6.351006746427829,2.3017198112375468,1.1681301081718265,250.52840871379777,0.39095601870327545,0.13387542280097944
90534,-7.4959863449867825,-5.752515544510225,2.3620981786630786,1.0202870303696825,200.62807802379186,0.017617547250940113,0.13388020452518387
90535,-2.90790046348938,-8.710318143316481,2.848744247379864,1.863048966963687,467.50118162163216,0.45119080559358427,0.13389135129820173
90536,-7.319910860608777,-6.90659963272138,3.790828950514163,1.566022419404775,468.68623148501393,0.8153433320709098,0.13389890113320296
90537,-4.5121692016624735,-11.035210354204807,0.9766189316749792,1.8285663147296438,467.49567905324693,0.7852229807608841,0.13390226617796208
90538,-2.480967618190072,-10.538761428648574,1.168507084470588,1.5888424258007494,420.42562161143815,0.2840138705741815,0.13393504314940852
90539,-7.362356643748577,-9.881772637509549,0.6364219262887326,1.561386717082542,350.9644506853342,1.760555757417154,0.13394073847449806
90540,-8.15855767224909,-6.65958448569574,0.5728976944361205,1.7832129776530374,423.15912748288713,0.42979400503349297,0.13394463332939904
90541,-7.936283574540642,-6.958750178249973,3.8292833313847057,0.6148179707427647,180.73721214472877,1.0121346055371871,0.13398739612173471
90542,-3.46262477181876,-9.555005380039187,1.9652897066884425,1.0603707398560192,467.00263902086596,0.22854386444577646,0.134008335339603
90543,-5.930078642460786,-9.47226561012074,2.4063335578190377,1.0177085497529952,467.99383235482185,0.36515821874049514,0.13401073296371682
90544,-7.388021519533037,-8.700694422979822,2.914814826157218,2.160346903327818,416.19191857266554,1.1092688430041866,0.13401888112783608
90545,-6.122180950477606,-8.1675391040941,3.758302446659379,0.6866312239488755,151.15641826594722,0.21633751404975765,0.1340283808213479
90546,-7.366357301767783,-8.769665518648718,2.8441296664904594,1.2081609768533312,467.9822106138794,0.33434409619200345,0.13404578379500753
90547,-5.546179671130928,-10.748075936471176,0.1108023431763915,1.3167025319009964,304.6494540969737,0.5434211842776095,0.13413443121099167
90548,-6.2949313542961685,-7.76603638657172,2.9528214025140116,1.3963789986128465,467.79660829634975,0.08683460518439112,0.13414121737922835
90549,-8.499827813326661,-6.798424170357718,0.74706390921494,1.4957478974545821,182.57692760782322,0.2035326454530022,0.13415682006281146
90550,-4.690625004121387,-11.635711198708112,0.8046140769332986,1.1576787233481198,467.0658356139647,0.13146294706911998,0.13418232018811352
90551,-6.14299596339087,-7.865656303443805,2.625461146638127,1.230364350691437,309.21642206303113,0.6553553246907251,0.13420524475219126
90552,-3.167931925259241,-9.555915817704623,0.24457465569154188,1.7698782740338217,420.31523454727494,0.1652212435546101,0.13420824904775952
90553,-5.717156929871222,-8.891986482156245,0.5170337456518419,1.7965199996874535,468.109068144098,0.7359848072617297,0.13422870141669643
90554,-5.109932642658233,-11.79755332166082,0.7615676650640697,0.848342474200528,165.29571733569597,0.05706300317900226,0.13429457872537326
90555,-8.706381106731367,-5.93857991639501,1.294616796927429,1.7628483326564288,417.0582235454833,0.039275319494769256,0.13432480292178223
90556,-7.869547454674853,-7.9745679719904405,3.1231437385309495,0.8876611452149784,227.54940705885355,0.9179840976232994,0.13434259174975563
90557,-5.944249634025191,-10.954674858922912,0.9512511334690315,1.4522878045876806,170.27298133284035,0.2319328516050696,0.13434559475049135
90558,-2.6340114224763314,-9.350904872188108,0.7205903435718354,0.9348161946258,468.7094647248449,0.3295749287492882,0.1343688301398786
90559,-2.4492537596604116,-11.706292777173164,1.1558279770465474,0.8681574548137422,468.0618775957669,0.7092431560478998,0.13443134506585855
90560,-6.785647239913418,-9.090929708154261,2.916450854982079,3.8023022653705016,554.8973075356645,0.8700049096376601,0.13444966905728947
90561,-2.6088159381466376,-9.253493583830387,1.8766981784254189,0.48194199958230405,123.77492894179551,0.5070065586377952,0.13446720261184392
90562,-6.727518521277883,-8.64020217740999,3.5271097358381405,1.6779515851678606,391.2983884925281,0.10343167256302888,0.13447206690539124
90563,-4.558610134596545,-9.956959350452752,1.5482363151646878,1.7464861516969348,413.69272892201525,0.45909510567956424,0.13447299284340822
90564,-4.95571749044196,-8.26450945152213,2.8577386598632457,1.1176415217583282,467.98029337426004,0.8312794030409298,0.13448796616017744
90565,-7.390491785812786,-6.948431259317284,3.935903472993872,1.2129812069854824,468.71240974227265,0.2453277645129388,0.13449392483417644
90566,-3.343923850331767,-9.61113609028666,1.880118853391869,1.9036076404771607,467.7348827881417,0.4568999232293267,0.13451315589682214
90567,-7.48999595216669,-7.775332188777254,3.87565317028819,0.879440410353874,468.52343754464624,0.8344617932019913,0.13455257759715863
90568,-7.280739782688877,-6.856810622775606,1.8004684544657792,1.1322677242441361,278.27723743162824,1.1502693231991747,0.13455483355542144
90569,-7.4069080898702016,-6.401615638578122,1.8360781624454041,2.5436746026736894,461.43875474137974,2.0719025330232608,0.13462854367293361
90570,-3.936671904346065,-11.792156106186654,0.07332564963552389,0.6621925373040426,139.2320476147389,0.7089630520525283,0.13466299455042788
90571,-7.826438841040861,-7.616910913323177,0.639260083033558,1.733994888276236,409.34717780711884,0.3025676383860354,0.13468312325686158
90572,-7.834696746676094,-8.924840145868597,0.707817941309415,1.1163298775103614,293.94776155378344,0.8849596105840964,0.1347018773242896
90573,-4.0990866608181,-9.272640871722787,2.4333760669013897,1.874478772046585,454.4273657026413,0.5128165314997011,0.13471937489060104
90574,-5.049481895039549,-9.419203742447412,2.3131223271139447,0.48972983683863214,109.38315920292021,0.42776327578505313,0.13473801752678113
90575,-6.947727008142698,-9.630665135507137,0.3647489237612562,0.7958890087470553,225.55362347404915,1.376919929651792,0.13474616662707667
90576,-8.078619532407105,-8.688882738864683,1.1780620628793974,7.0502696045774575,677.5888587174411,0.22176080333508263,0.1347623497381625
90577,-4.92562973588237,-8.495376344426887,3.1977831470126286,0.7477785673313373,196.09947460147916,0.5745084538906378,0.13477094868938538
90578,-5.710924815317933,-9.336727676567667,2.575823226935837,0.5076349050845784,137.9007504673138,1.187785650781625,0.13479131136169223
90579,-7.922593348883241,-7.35422797230304,0.607270665310738,1.0183589874084555,279.60747417284557,1.350234338853582,0.13487954880169706
90580,-6.301480165194908,-11.83903157820989,0.5735031034933917,0.8302985050873789,467.49851655136473,0.5488045494779863,0.13488616496462077
90581,-3.4407028587095,-9.003485287972373,2.74442064112635,1.425115434454155,468.84807938916333,0.46614418239076194,0.13492118801222738
90582,-6.014792903056527,-8.461210806130623,3.628144847007429,1.2434145604623135,257.8220552988918,0.42336363208974337,0.13492280488412092
90583,-2.882849713556846,-9.381187938870983,2.430852412364594,0.82933150955509,216.628797409308,0.747280673424469,0.13492511145746225
90584,-7.040655346630858,-10.393473513277332,0.6982915057355601,0.6616209948736697,180.73782115451957,0.866810681206851,0.1350273281487845
90585,-5.688898262288893,-8.088922161784016,2.340386105560208,0.8972809579788578,199.36682568694778,0.1051874255980687,0.1350319446339869
90586,-7.410455767120558,-6.7952483236612435,1.2967745486324165,1.8603843882098687,447.8039057825328,0.12193898547222837,0.1350373672560804
90587,-3.7393801667414515,-8.614283022429708,2.981985252130481,0.8495761628787003,234.0746015751607,1.550986670004776,0.13503982958474817
90588,-7.308003072880174,-7.241271453622145,1.0700792730426902,1.736568980661966,469.74885493374745,0.23943483004465893,0.13504242376349485
90589,-2.8102581785645686,-9.885761213542976,0.23003100137777388,0.9002535165601915,193.08007925025615,0.29317509823082677,0.13505318199489155
90590,-7.6858293292911055,-6.190068835309092,3.7109733565048972,1.1435159657348306,299.9358987229476,0.6742420063466792,0.13505850545439052
90591,-7.42292799453784,-7.68769752200097,0.7435969698785999,1.6878704456051714,468.92714889301163,0.640303226074054,0.13508900872858023
90592,-4.489583080560791,-8.690254841884494,3.048546313606359,1.182021541465838,283.17363584420656,0.4360420846739377,0.1350908472408694
90593,-6.814373479960804,-10.568984041879906,0.9097889452119452,0.9596050511625134,250.81249420937752,1.0641363129675323,0.1351032297985875
90594,-6.580447420581591,-8.009680768233622,3.9751741781749748,1.1487191255802738,422.5760607906912,0.560775467705299,0.13513969486044602
90595,-5.545938572353497,-8.628173574772923,3.342113258616698,1.6889860283198925,398.3852799983198,0.963448128694786,0.13524607857082102
90596,-7.967617821141156,-5.738273526504138,3.5559391283440185,0.9033017027529372,258.1760916088522,1.780092933223031,0.13527197195679383
90597,-5.252660369926211,-9.417194406248822,0.2322280398619591,1.8056426381735025,467.66295210824194,0.6214561845034918,0.13530432013679816
90598,-4.891899050579528,-11.629916686630645,0.7960457369494462,1.830674453271307,438.15857961030406,0.6314465197187795,0.13530598400881674
90599,-3.5816842528713604,-8.899584306903296,2.83240087084504,1.122499004784302,368.3578224880058,0.7957847145199795,0.1353116981663499
90600,-6.501526189553529,-10.738218660205076,0.9560926602292754,0.6645289022541252,467.56526491960466,0.4442103053730797,0.13531621310499622
90601,-7.586386249945406,-5.091371778604476,1.7218864750703642,1.2840452268172255,273.324888290235,0.9884403541930062,0.13531810400223757
90602,-8.107938063844621,-7.312837898540928,3.3709702585305648,1.7635350007283634,418.935505484306,0.2688184577673445,0.13532486208673103
90603,-8.211736606076748,-8.415392311808583,1.0565608904880874,1.7407820048382736,413.9867758001402,0.7993624617739856,0.13532644145898254
90604,-6.127019654620515,-8.132169527308012,3.744047151775318,1.5520428589755864,358.3165818698198,0.3262321687891969,0.1353301773806943
90605,-5.869475705261255,-9.241562855434834,0.27436875516740517,2.3276131759876195,407.3226560122391,0.21544671052395703,0.1353584905756018
90606,-7.871185090770711,-8.377498304950322,2.504356309277911,1.1019385634885004,466.7991696744319,0.496071647494289,0.13535989302981724
90607,-7.128074567143153,-6.9529968326181235,2.659792174289755,2.0421995768711185,368.9442591072125,0.33385162070408203,0.13536718202882425
90608,-7.1597202616653295,-7.008438857826751,2.0876401368800255,1.315949445160044,467.9703318989351,0.6044662676269139,0.13538580067038877
90609,-2.7718588230828765,-10.788515620261004,0.1208367716452015,2.7855041180648006,480.78795782751973,1.4589986972527358,0.1353892084151771
90610,-6.531724694816863,-8.934771488330066,0.36328307340031973,4.858596010104762,613.4995570602304,0.476941020672041,0.13542224332725472
90611,-6.079739396163744,-8.384956888655804,3.690294011043471,1.8427037929996253,440.84151102649616,0.38400730089633495,0.13542750700568504
90612,-4.322602691802661,-8.504473354399387,3.054771803104873,1.1774646259927035,230.444895884354,0.009375032485158918,0.1354606332001378
90613,-4.590596853654622,-10.545379502661232,1.1907394617307578,1.8026969209197554,467.98342758136965,0.10941171547857564,0.13548291126697906
90614,-6.231452291662614,-7.989621640239074,3.7299324167054566,1.1659309553594388,467.2893987051064,0.2937235908867528,0.13548427075540942
90615,-6.803278003691087,-10.6644204932659,0.7445277292446473,0.9006729502713241,221.58561478970276,1.2147961708743518,0.13548669565835386
90616,-7.567555692858065,-5.301839654745449,2.4843694213616905,0.9365075475406216,468.127930759117,0.7463843127785301,0.13556598545525575
90617,-6.91050931539327,-7.259997357723458,2.936217330727207,1.4686009011512111,335.3862309813431,0.33436939102612406,0.13558246466576016
90618,-5.652771846331311,-8.060020704821309,2.8397754071890335,0.9931719928546981,469.4992807784002,0.05501826918763886,0.13559358757832554
90619,-7.4990312628700915,-5.877609192413479,2.777079247087313,4.645216907845589,601.9148724572951,0.56848737826241,0.13560781467547012
90620,-2.7360883952398494,-11.012324018803875,1.095847398648685,0.9271922084835889,193.19639948923304,0.9509218879055163,0.1356151698335138
90621,-5.355729489555175,-10.890460437347778,1.019848433274075,0.9901084355704339,197.19572377361524,0.8777113489337731,0.13562678477125112
90622,-5.956917551828679,-9.154864896782568,0.3045533189570865,0.9772895459534091,296.68228664412436,0.1567469101568717,0.1356386230843603
90623,-3.094645656176974,-11.02354314497005,0.07842983909179,1.7703081308427788,420.06089286991676,0.43582588370015873,0.13566373304991083
90624,-8.230518680341252,-5.015492476829331,0.4925598690333172,1.7351753358172648,412.51777343446287,0.9624783081459318,0.1356670316634495
90625,-3.791598079191565,-10.77006160427188,1.081067274515775,1.0398225362768179,467.0245812121225,0.7482504371565906,0.135673835862294
90626,-7.5307184070636115,-6.066116134484529,1.4613688996101222,1.897356530786892,467.70360582121793,0.41913628928052926,0.13570216541158256
90627,-8.335886799522324,-8.115856078395364,1.4191752925578234,13.944242168203047,414.890464631331,0.20288739832816827,0.1357047464686688
90628,-6.022515128991568,-8.060092116539046,3.581852867011376,1.350125308248943,324.95200224477145,0.380552485047307,0.1357478898674847
90629,-2.7794717078066817,-10.326894558516786,1.3921824357873034,1.0352434070210343,246.35848762904936,0.8974722010787826,0.13575336889008327
90630,-6.718995553274345,-9.177221854226762,2.8116644719092343,1.181439432662167,300.45103710389697,1.374220559695913,0.1357555486342558
90631,-5.914947769081254,-11.768835119908143,0.6833914448820929,1.1869599623018872,468.30255869455743,0.4608488093921306,0.13575626143574232
90632,-6.56378577999177,-7.828959156794175,3.882462432271944,1.8443342810140433,470.25724819965467,0.03068530294823102,0.13576776154625902
90633,-8.480295239670548,-5.096045760125942,0.607950841806099,0.8807528708497081,467.8677129407869,0.9009854195990945,0.1357912604557502
90634,-4.20207197336675,-10.60225690676025,0.07597075118807622,0.8399314769899863,201.359128128949,0.568192471992842,0.1357933144843033
90635,-5.457745271576503,-8.22320760636197,3.2776953961499333,0.9146662482984047,470.1010250938108,0.15278136885688465,0.1358002420764879
90636,-7.233330416712418,-8.151774713230957,3.7672852376399786,0.8551472326452559,196.09295415386123,0.004047485662725059,0.13583013491354257
90637,-6.690802794777943,-10.776420151742768,0.7592772266910346,1.8000767723794011,429.2447043785827,0.33513489172615163,0.13584995193912455
90638,-7.1114690332624395,-7.104398160891838,3.565826411680119,0.9804157979896528,468.4078715225383,0.2825431334022257,0.1358550701452323
90639,-8.28939688527633,-6.453587996461665,3.274535876771025,1.680028034694125,394.0758844135978,0.7941357499387527,0.13585800430064793
90640,-5.157737552090751,-8.342535455451198,1.779923441285296,0.9743198174621901,262.92193622096244,1.5132746008755573,0.13586162736916313
90641,-6.44805235486006,-7.711855368085218,3.4359623897480756,0.72307419970114,211.11614769924276,1.0572091046210401,0.13587024103454623
90642,-7.814279258755853,-7.371331852191203,3.800660089356257,1.061435154893049,279.772744166958,0.8687062302008721,0.13587646417918262
90643,-6.223925013914139,-9.078533387226384,3.0104567999791008,1.6200791721156371,378.7908972993621,0.39857052672684024,0.13590651697822476
90644,-8.661571831973383,-6.231044837482497,1.715745543595547,2.610593233586892,457.3031737151778,0.8365487874896624,0.1359222851350045
90645,-6.865441400924426,-7.418336270273282,2.2390903151016666,0.8050060771885001,469.68261829685497,0.0579514452448473,0.13592572695091623
90646,-7.072254615048404,-7.082122526621694,3.314542673280429,0.9301758298951261,185.9115350602417,0.553094371541067,0.13595502711325597
90647,-7.685642734171015,-6.298481864805591,0.6888539177350614,0.9670899040306855,267.8856706644011,1.3145719981943298,0.1359885552504764
90648,-6.974372610548534,-8.07662068520567,0.852473210570619,0.8911857081180827,467.6972879602657,0.25648271518563437,0.1360020807260652
90649,-3.5982313965561623,-11.507764056552276,0.833193454898383,1.2038153717879458,299.485299442812,1.2081971279289432,0.13600996188793146
90650,-5.572874650591373,-12.2323820975754,0.1440974840856517,0.7647553546062923,152.63920051152792,0.10977215829503173,0.13603327143322463
90651,-2.7335131952126757,-10.158361477105796,1.5530862519471116,1.3098418191030898,313.2229384495001,0.4380843221729771,0.13603511703091853
90652,-3.942936673098335,-8.761289542297378,0.9731854914826988,1.5122777242747505,159.58416795515558,0.4084977923820743,0.13605649200178402
90653,-6.415895763597118,-7.709894456256714,3.2469452878865375,0.9959944042472225,260.6925349440373,1.6212627971803526,0.13605693898838367
90654,-8.067996856639327,-6.18774853627448,3.60406779008642,0.8548149452095625,186.1713307498097,0.35149329972547605,0.13606596785922428
90655,-7.006578697839954,-10.494594745750508,0.6035941066782144,1.567759226183968,343.8773727002349,0.7748803970828329,0.13607320270235118
90656,-8.057319820010202,-5.661042370763942,3.4614915128755825,0.8253844602658654,467.02139409436774,0.1602833254565672,0.13607934384053236
90657,-5.915929722586278,-9.208017042923956,0.28580477846189556,1.1437664944209769,426.2362465177799,0.8516907321328597,0.13612320614725906
90658,-8.477902229050368,-5.74571052684401,2.703899460562691,1.2452349450512519,470.2472595597038,0.15726459672736315,0.136143325179712
90659,-7.547110307372439,-7.770920759707725,3.8174839027418943,0.7537570700164886,226.4613032337866,0.9934572246390507,0.13617394688222045
90660,-7.085715843313154,-10.300669874877986,0.8874583033109443,1.7693227822558346,376.685677105739,1.7473987097717902,0.13617927035200092
90661,-7.411188797495907,-9.748224187496067,1.155520898420105,0.8089684734936574,470.2113882112,0.017448471638359386,0.13620691376767818
90662,-4.086891049890211,-8.351627542882968,2.321647634273754,3.742340806167345,248.7826265822955,0.3305069702207062,0.13621045398448714
90663,-5.326547744607761,-9.36457506653994,2.4527916417501694,0.918694947608875,462.3490611172154,0.9308017389297607,0.13624809408638675
90664,-8.704340454279086,-5.912550068140204,1.377017881463026,0.9949838707107098,206.27363380573382,0.8003079473673553,0.1362615874797398
90665,-2.5956389446281305,-9.447710499263714,0.8340951445191033,0.8656213950759537,180.37965910829718,1.0449577002426134,0.1362664016826504
90666,-7.767757689321565,-5.197813633131724,0.601604834845327,1.7284994853406999,406.6827061938121,0.3121418189224565,0.1362790706390722
90667,-6.077940243340021,-9.683944574193614,0.17204470395515967,1.703762733041268,468.81287626043064,0.775596860314006,0.13628506858479308
90668,-4.718027296453848,-12.859764722505759,0.6819774902875696,0.5780726375951347,112.63899080253962,0.042460587934912475,0.1363072162917961
90669,-4.310760101711191,-8.35452097091018,2.151651535937423,0.9694206843098919,468.25722723198544,0.6586146957982999,0.13631247673288158
90670,-4.913094094210553,-8.533733691874371,3.189593439856928,2.622723049907891,466.5236933808118,1.5557047368245245,0.13632398458887093
90671,-4.230306000008342,-12.625797026710405,0.7041458766535816,1.0968036888603097,279.2709573402236,0.9063371983899673,0.1363365560948914
90672,-3.212200480341501,-12.587786663090455,0.7222963082492095,1.6714057085062204,390.16389413027025,0.6901036359758743,0.13637409808259135
90673,-4.752252494928568,-11.11945284107159,0.9359339279474158,1.3864654368820744,330.94110982227926,1.606904097438517,0.13638346916999397
90674,-3.87207774261074,-8.78601586401799,0.922555897819783,0.8948614619803839,256.51847967912704,1.111869228313802,0.13638792784733758
90675,-6.132586691881417,-7.975053424703986,3.5812865049378555,1.0398024012572467,468.6701036601388,0.8147052007504536,0.1364178953919395
90676,-5.8289973928529095,-12.528061052176778,0.6104644879640696,1.3812340354049322,297.547539305128,0.5034080001973127,0.1364201345700203
90677,-6.252254880945409,-11.336505886951514,0.26404892524016876,0.9101438593756199,251.93579023830526,0.9177135498144606,0.13642764240592642
90678,-7.7997289167297374,-6.613576271808913,0.5629527365187341,0.8575704058503558,173.41222069094917,0.21910562846419435,0.13644820443745403
90679,-5.931764640564716,-9.44295733227484,2.438098615258949,0.841348364378093,193.40916319194622,0.4058930817973012,0.13645493214968205
90680,-2.9588791855399545,-12.738174304149661,0.7365710667727533,1.210663446022898,224.4726235814285,0.04821655624495502,0.13645961557508654
90681,-6.420069088439076,-11.309116275512032,0.6501924346595235,0.77095797076473,154.44812669820055,1.1219835291308264,0.1364848717376675
90682,-7.5507383488872,-6.616890567745231,0.8885025346472414,1.6311882431743554,468.6884951333177,0.6003775870531394,0.1365141372940799
90683,-7.50792051402175,-6.510701847710373,3.7082424811571593,0.8545498552338266,193.20860313334737,0.5587812000801771,0.13652164235692446
90684,-5.529614527257286,-8.486645621696203,1.2655920696640979,1.0313172238659019,467.0705087177198,0.6153092651200875,0.1365304260850441
90685,-6.2466561484332175,-10.855993954172217,0.9441912513893901,0.7762016715693698,470.1985608771683,0.19368497648729122,0.13653619470111383
90686,-5.489015414982968,-9.80234308809133,1.7041051216423562,1.299094675650832,298.62177800189454,0.29125912162755974,0.13653736544463832
90687,-7.034600090550608,-7.103375471504147,2.838833202574804,0.9827368887117482,327.5991905040873,0.8722995182538265,0.13656844008153027
90688,-6.736780464894217,-7.48254983373831,2.5536839961386653,0.9168486818790468,469.17274761689123,0.1434302463247379,0.13657591799158553
90689,-6.575686689707369,-8.000897031317445,1.4296488465832562,1.2249978904873042,298.45609097113737,1.1401052520382153,0.1365862477136375
90690,-4.9938868785340755,-10.649634807356653,1.1345926939489221,1.3311291667925624,312.6345434622732,0.17762412326657984,0.13660172807269427
90691,-5.7799616076275955,-8.021379179727939,2.702467358332609,1.0381521315839208,193.39301515881726,0.4492101841010303,0.13663319863799994
90692,-4.538515367639336,-8.684777300381072,1.1306008388770703,0.8864348250634658,250.11955219630045,0.8762359409615312,0.13666159131081185
90693,-8.224798731525727,-6.176403805842745,3.3590208867549967,1.587060818110905,351.87484488325697,1.5128859120922824,0.13667330845144038
90694,-6.726491618660896,-7.567656155863437,2.196958834546466,0.9785751097745247,468.6243786270751,0.042106558109858305,0.13667625343220516
90695,-3.4865426459109177,-12.680290312897151,0.7053837419998839,1.1738593653471856,266.320660102347,0.4137753686311383,0.1366829083623568
90696,-4.704760578878149,-12.450375043349618,0.7044463830339702,1.716753361010123,404.73412459679315,0.2654411178421521,0.13668619070684004
90697,-4.375031892405474,-8.360380961593119,2.7688922775411653,1.382047731162195,468.5320442815486,0.285998172483648,0.13670123483702418
90698,-8.635186326407997,-7.053884930554165,1.1528280158365827,0.8014892964216198,163.00523398729246,0.9535804268941632,0.13670262639837275
90699,-5.886344092715585,-8.175947012137396,3.5552105767146487,1.5330650024689476,349.890866920075,0.7071521766425866,0.13670416182956124
90700,-4.740650386617534,-9.752399056762258,1.72896856498849,1.8933192582020928,456.19674195938615,0.5731600964384755,0.13670743063601024
90701,-7.436592762556765,-6.15028639845007,2.1576687232739182,0.7688060927854662,230.13159723330278,0.35269349199260525,0.13674319329682394
90702,-6.630055419450253,-7.624068076788201,3.5914958951261595,9.589607552914266,522.7195960949675,0.07745229756874927,0.1367829953379402
90703,-5.158728192594633,-11.025488170832343,0.09689156512070791,0.8657701933282728,174.38919893232307,0.7642464530619977,0.1368001590273566
90704,-3.7299772581729584,-8.620801807349878,2.9854632090538513,2.51893636947594,396.77157929320435,0.10777452061314019,0.13680797855284296
90705,-5.249193376338498,-8.269811872787644,2.005698219313628,1.297878112166083,322.13835701244244,1.383206380019213,0.13680821560167056
90706,-5.083622245208575,-8.618442639910327,3.20791152825185,1.0613464789042926,215.7382865777672,0.8110193933517698,0.1368528620077022
90707,-3.632804578438641,-8.482887485126902,2.913446973094181,0.931305182013075,262.5857001076008,1.4085872709598553,0.13686187010345216
90708,-6.872334048204822,-8.906933745848765,3.116082030621069,0.8380711495321281,174.1258331626018,0.5475381216138375,0.136881650768972
90709,-6.781842325021499,-9.325777649941072,0.2930806115979924,0.9953655539901036,467.9879476474185,0.9388301925322766,0.13689413673911635
90710,-3.5054406568345753,-9.449204807217058,2.1138689339550525,1.7653866678086791,372.21850627486816,1.1699939183134207,0.13692378421416135
90711,-6.647458735494953,-9.153456528763304,2.865907844001021,1.0513442244199447,250.55159872590028,1.146327681041071,0.13695887992715422
90712,-7.3111112227374395,-7.650198198584892,4.0474027487441235,0.4860982968104044,138.96283122886763,0.7326081239574735,0.136960790230089
90713,-7.546096166434657,-5.549237373852626,2.570692990403203,1.0474738082661976,470.2694053131465,0.028095588673415328,0.1370021965611772
90714,-2.709419731358473,-12.304384983413904,0.8106210741205557,1.7243356954273772,468.1663576428613,0.27866331237508835,0.1370243884341752
90715,-3.720155369798558,-10.338533898005897,1.2794452223770174,1.5565369517867504,343.8117348563794,1.0583607111170474,0.137027077478539
90716,-4.717102590544852,-9.120738273769453,2.685114457534797,1.647268636253484,467.79958224908273,0.9293730684728247,0.13706034653773086
90717,-6.4489587978586735,-9.584165518284161,2.195515507843152,1.5110224553585927,470.30813272491804,0.15636928774044367,0.13706372219305293
90718,-7.754307553244665,-6.044100356431845,3.654289542067532,1.7888576095677744,467.7200765737157,0.4436664379320634,0.13707925061208315
90719,-7.330882335017858,-8.343451329278249,3.4571660947041702,0.5145280106814231,141.7690733083514,1.1744807750646684,0.13708701552347877
90720,-7.501772941416116,-9.52877376500631,1.3072075733246111,1.7224492431382623,468.1951575869894,0.14381314831073677,0.13710791214647614
90721,-7.85844427020165,-6.7652704208083705,3.8989387629665613,1.2558161197798616,260.8771327209237,0.538279385095235,0.1371109875752017
90722,-8.004814112957096,-5.262928976467827,3.3812460784194256,0.9075930312341669,469.3849522830427,0.12051593102041824,0.137112504517103
90723,-5.995421204271372,-11.282245276830235,0.18385689625065688,2.219962262912616,403.08011563735556,0.28190248081952163,0.13711330287028223
90724,-5.688082648902802,-8.080912585148766,3.143297815134671,0.8736622658539384,220.98587635011523,0.13248227040490423,0.1371365298899493
90725,-4.745261364934788,-11.058037842597216,0.9537017585236742,1.253406200526948,313.3995270858374,1.0620440095194885,0.1371639033995138
90726,-3.236275602647086,-9.494919063235727,2.029564660715851,1.4905583578752932,341.3564891005637,0.3149943915886242,0.13716435454322562
90727,-5.259714756184402,-8.401955805293442,3.2824168391669875,0.8665993189798127,467.6575041093064,0.6482605241884505,0.13718892579147077
90728,-2.8937677803779085,-10.944017218608376,1.058577138288278,1.6792793699326447,394.5932693138171,0.5100748727324911,0.1371889771699089
90729,-3.5125766053671654,-9.158712658032453,2.5425663489259485,1.8569710004275146,468.59879288911935,0.49381545457416554,0.1371944831562405
90730,-6.97535331115578,-8.451782084232093,3.623002110970917,4.990537907786238,580.8200280770455,0.21138856174774734,0.1372769222866873
90731,-7.873220095442899,-5.051717821066892,3.3208291302314907,1.3224055433861537,248.08485025402678,0.00024110820651124243,0.13728389062634389
90732,-7.48810347977118,-5.882178643032558,2.554181643045809,1.3721686842348886,298.882410287298,0.4397685632885624,0.13728618790564068
90733,-6.455497994729063,-7.715345718293996,2.5443218546226283,1.4089276596140243,311.3367012317994,0.024033841086573027,0.13735210668053452
90734,-6.625017977778157,-7.546972940599101,3.0138501462189042,2.752421205825721,480.4202660069826,2.1359559991552493,0.1373849489106938
90735,-7.694182002131517,-6.268065140408499,3.745720377895058,1.0768386312217773,468.5296452781427,0.6157025688620665,0.13739280301690138
90736,-7.634735847231456,-5.1814828194145175,2.831959732650353,0.9580963330667269,257.8096299950463,0.8960844501606777,0.1373990956621053
90737,-7.939706497864027,-7.210160928019475,3.7141584683431765,0.6915973170858764,177.70261031968212,0.18844170319011067,0.13747461329957977
90738,-4.585319422608295,-8.328156990244008,2.210642283531249,0.8933476118164482,179.3253742608518,0.08315327284164642,0.13752579020928535
90739,-5.131286606571075,-8.895793123959077,2.999207633701918,0.981777318116964,469.88268903361524,0.0726550059949167,0.13753893399775885
90740,-4.9446095218217,-9.222178964584748,0.34975243688363805,2.002801759491696,390.18620783578683,0.7270165679960305,0.13754165984320263
90741,-2.52389909842245,-9.904478090378708,0.9767745142157231,2.6561299723586815,470.2919113544346,1.657262017876806,0.137541944894774
90742,-3.5164142318410434,-10.037540202475343,1.4600916577955532,1.04160015148782,275.42058286916927,0.5043507989297416,0.13757642134611975
90743,-6.3384503121403935,-9.587537584633443,2.1916853267218275,2.7144424422640077,476.8258111575323,2.0618237293656714,0.1375975115294974
90744,-6.027868024737782,-12.90647738642421,0.28135585192196194,1.7817545432022577,423.49681297695594,0.17818581824484792,0.13760183404275592
90745,-7.768918409426432,-8.425747852996242,2.643946304701664,1.734806524608394,411.08529482486307,0.3635539509550654,0.1376084677602373
90746,-6.406005202306332,-11.384366544079318,0.625236913989773,1.8234812547339532,468.42826390834006,0.35711924032248454,0.1376292499024541
90747,-3.3227692285119117,-8.386651915872434,2.286982987819632,1.1067602577677436,467.3075151570076,0.7833757238982146,0.13765571527822965
90748,-3.2200958506814565,-12.648127961999709,0.7137512447853702,3.716561730424087,540.1161982253715,0.4794628775425718,0.13766065775405947
90749,-4.595305641456225,-11.218724257145231,0.8973220245291184,1.6535086113029918,469.38079254574643,0.1514248520177377,0.1376789476066322
90750,-8.51017423796835,-5.302343872106929,2.5279605672550765,1.3376738152527639,320.8634143490605,1.3889611312800492,0.13770278413710238
90751,-5.128471469486315,-10.990328625608132,0.9689165763281401,1.8888013963645736,454.7772630000827,0.3945367985689856,0.1377290202755578
90752,-7.59283859914573,-5.223304457298621,2.6303156462384556,1.0324117988440986,277.7459070887243,1.717221800945686,0.13773960504427418
90753,-5.9842399499204815,-8.67640517337299,3.428791568891299,1.012495528802242,242.34374964003842,0.08660946720969687,0.13776105768992775
90754,-7.003704221343724,-7.232713925744733,3.4760020087281505,1.0486089925858806,274.8760325197935,1.1294147744351752,0.13777443168290546
90755,-2.5943272560006925,-9.375670213486055,1.1041948001687532,1.2831596460441126,308.41510674283944,0.4432887077921217,0.13777548181235433
90756,-6.337832209629211,-9.466339170043096,2.425743961066145,0.7752403166402343,467.74042424149604,0.5232226654667649,0.13778539913017912
90757,-4.998517544079503,-9.080732407421275,0.4543167715181184,1.207477854098565,469.6836587841964,0.15059710850623365,0.13778936543565343
90758,-6.845456113236761,-7.780551661380549,4.018396180991528,1.1844428927559738,468.0001277967762,0.39212689717403393,0.13785274130478187
90759,-4.3035146584793935,-12.09631366388741,0.7371321918994868,15.326707389520699,842.8562624331133,0.278372846198069,0.13787617779709194
90760,-3.50044312726906,-8.577967524517298,2.947971532280568,0.5880072421160102,165.00893598115158,0.6693457126749367,0.13787975736226368
90761,-7.4125413464190215,-6.253196165537838,2.293974204734099,1.4610979898522474,280.6469036079847,0.08166347581249411,0.13788349659306523
90762,-3.218669938391658,-9.573323427963404,1.914337746579178,0.80814804663611,160.4619101279782,0.13836586939185747,0.13789965844836188
90763,-2.9551907592993,-10.071456825640219,1.4881836269843176,0.8317170322718268,202.05511312847622,1.0471455732851718,0.1379634094949054
90764,-4.354237629118076,-11.579968932993745,0.08267662294974253,2.927774963636585,295.31654632299234,0.13634970621661946,0.1379673540657134
90765,-7.272811557468756,-9.461473221594163,0.5004520405204391,1.6068403373794768,373.46126572636945,0.2777901903790294,0.13797318250336113
90766,-2.961827446563089,-9.826300509725867,1.6980396165052625,1.6062027548738964,367.72952265967035,0.2212791910973131,0.13801802781650907
90767,-3.102464165076441,-9.209275554526922,2.5145413144284294,0.9068130415714333,467.7136730846319,0.9250094383497336,0.13805193303178778
90768,-8.607043745976892,-6.265703360716105,2.1518918363017336,1.038501510623975,205.78091662295168,0.8815472923476095,0.1380827030984619
90769,-8.488700493596179,-5.420575676716224,2.61505481163141,1.344557844577349,155.3261401804412,0.27007539816523707,0.1381013195576689
90770,-5.421969209035487,-11.18588688619479,0.8802206046001114,1.0718781663224244,286.83995204403703,1.7257142925676403,0.13810732368112397
90771,-8.167418082255143,-7.312972128441168,0.6189268325982996,1.1215003331892204,468.79708491943023,0.4656475615378062,0.13811939654687802
90772,-8.056589836967632,-8.680985853096985,0.9508539460406867,1.605650847113257,468.0951500955065,0.728157260625431,0.1381306059954565
90773,-7.0740836280640425,-7.71391020630045,4.06389631472578,1.038016100957364,224.7121567633606,0.26925059874373414,0.13818199295894165
90774,-5.701919322635141,-8.64047687094139,0.8226730477118657,0.6092461550624002,154.45344231680482,1.093251963653966,0.1381956916842836
90775,-2.998224789764797,-9.323688575258483,2.4088194889086756,0.8308856148662722,174.7034367937243,0.7832395010348359,0.13820280708403224
90776,-5.324522762234899,-8.618904375806785,3.2565493762888136,0.7865670354149773,204.17662227507532,0.27805569068997826,0.13820670092388193
90777,-4.378614783617868,-12.09232648994901,0.7356180536441902,2.764462084198182,464.28663297504164,0.575316812314659,0.13821658869919873
90778,-4.616125243855926,-8.865628394760376,0.7389865332409642,0.6354281255581851,130.58459723952743,0.061578132849473555,0.13823016352671036
90779,-7.388488826858786,-7.853347640533593,3.8841593514263315,1.2586602274217804,280.17546606122806,0.4815230126404568,0.13823875262330812
90780,-7.713605710659371,-6.885905938308451,3.98573013585796,0.8612286283069346,249.96195467325458,1.4467089594564397,0.13825007702269998
90781,-4.433326590663105,-11.001616345508033,0.07982410578591306,3.610916129731686,294.1594661291727,0.1623416089146259,0.13828035813556108
90782,-4.9275194454262365,-8.358212652764301,1.8763596120172243,0.7976142389900631,162.4545744562349,0.4072832112422011,0.13832109891110697
90783,-4.3227796338588735,-10.229712378809591,1.3371587421259887,1.7941206510290444,373.57458311271273,0.964689288784558,0.13833549393999686
90784,-2.4903178230214227,-10.570529207085688,1.6954908847001477,1.7701753947439274,421.587113017344,0.8752727637856923,0.13833606732406686
90785,-8.588603353411834,-6.3518941703055924,0.8762572557411152,0.9863248140970196,194.23193534248415,0.08115912845457274,0.138350719009773
90786,-3.309514278073726,-8.938785722282043,2.775609260665029,1.330408648745142,177.89046643062312,0.19337788029862946,0.1383514452161568
90787,-4.986732781228156,-9.065647086179602,2.77428987392031,0.8319728419638068,215.274646082351,0.20654461489558607,0.13840438708690114
90788,-4.275955956793323,-10.63866950251257,1.1287335913199112,0.7782327417120476,226.03128770498628,0.7621616372305402,0.1384438965442196
90789,-6.724347315657971,-8.159061556441515,3.938597033390808,1.182969744428267,200.05181686901224,0.12123490037916884,0.13850324376728554
90790,-5.6592836221379,-9.321496499817945,2.5668774043962026,0.8368227393139516,176.11585755363407,0.05570816744215712,0.1385155377573878
90791,-6.1690503706205115,-12.085216894719451,0.5725421907779479,2.603413869188953,232.43185020433427,0.2192657137170979,0.13860571716744838
90792,-4.631050796055684,-8.314810362035114,2.647250210967588,1.8229297372965068,467.5043464187441,0.7846450635005473,0.13861423599609668
90793,-5.198115486560041,-10.04474221895014,1.4789357551440907,0.9194595949478608,225.57191360018984,1.1080260139817986,0.13861552336588304
90794,-4.218100683726952,-10.143914707261587,0.10541708943930479,1.779010170170629,436.4944508704058,0.5365395221970539,0.1386223680544109
90795,-8.006805323773051,-6.682671629608098,0.5243516577960103,1.6326226657317455,380.2192471797443,0.08875142432480843,0.13862522211080744
90796,-3.838388742034536,-12.55045039178714,0.08320906486692084,1.8716066355154768,468.48929826746917,0.5289769950073993,0.13864770774229448
90797,-6.557712706433689,-7.689286518846058,3.5939610349933733,1.0755892280610744,465.6187018193111,0.8638923183570686,0.13864943714383104
90798,-8.38032600901877,-5.1927599694816875,0.5712952412228772,1.0156597558238092,215.50576870147316,0.13379687620440972,0.1386735791447635
90799,-3.2342975415506148,-9.006962864130127,2.7159071098257916,1.0148269868328372,268.47104618074053,0.441023614035319,0.1386948128555448
90800,-3.3129892829714684,-9.691602485945358,1.7558576875446235,1.0912469630219739,250.86746488328907,0.2767132188688146,0.13870376482176036
90801,-4.061924966001977,-11.985655974928974,0.08219662540184122,1.2083441471632246,466.97367315449185,0.23729460512445577,0.1387108128716705
90802,-3.797084884417739,-10.511278434727135,1.1945839591502834,1.4342349558206495,342.22662979818585,0.3059280501222288,0.1387335370888599
90803,-6.503187165415613,-11.493218808450543,0.39979244903613775,1.5624741572715792,468.7321263147953,0.8346554316856141,0.13877804664024376
90804,-6.936954892707895,-8.760707455640562,3.2633867322292183,1.7957706198897012,428.29688938278935,0.674186887161496,0.1388682974346701
90805,-7.596325376448178,-5.0075103606277045,1.8073716188791322,1.5924907853830441,349.1283758410013,1.0181094177057117,0.13889901658806336
90806,-7.5710996302429,-5.891359370130613,1.3045155481918305,1.0745625919222046,274.1862716398076,1.3191614010013017,0.13890773866659503
90807,-8.447245186346477,-7.240761625130917,2.4839184689436578,1.0748203894250588,282.9980073676077,1.5625157330700166,0.13890885818589946
90808,-7.690237919009526,-6.214142426015434,3.6964931531184866,0.8220776180321946,193.23785242292385,0.5666476024547693,0.138918884106667
90809,-2.7825217406317577,-11.988542604641987,0.8156798184238819,0.8014718323654473,161.357284683763,1.0944519128655328,0.13893545289384782
90810,-6.116917146111074,-8.429891050821634,3.6552671039220126,1.3777202409767808,327.4499022490416,0.43463184389964216,0.1389596096875216
90811,-7.551388531898711,-5.460442493581942,2.308046915272642,1.0795234783331076,242.01571654196275,0.16812519358104527,0.13900154633702203
90812,-5.229860752510688,-12.692744499172647,0.11880943747866321,0.9372962024561857,263.1803762306649,1.712750658198206,0.13900625052873292
90813,-7.530081674434495,-6.959852418256998,0.8712978313068587,0.6823637795118379,172.7216521768103,0.5088022773597976,0.13901694143227977
90814,-8.050091359941613,-7.269469216955578,3.4916021316202372,1.1037322303714396,293.6435988495378,0.812233796855307,0.13902145802629834
90815,-5.709520148027304,-10.844355704898991,1.0150579342946704,1.592581218391126,373.23358311101305,0.48413266867748206,0.13905800237533247
90816,-3.8930910725339496,-8.407142827304343,2.0242542120748523,1.2027595117540983,258.48506594073706,0.43223478728049525,0.139082244245981
90817,-7.997477679155516,-7.930588471562317,2.887572572398491,1.8015821648701862,436.9938114064225,0.6050127560636165,0.13908646513807021
90818,-6.82809679001579,-8.462725209444175,3.6668049056730943,0.8284648969257066,203.2858250574654,0.2624443216359911,0.13911978135055966
90819,-5.880366176952365,-7.994781748887282,3.020145639465843,2.3216396464410116,199.9595448900593,0.31498386028633973,0.13913459814635418
90820,-5.086616648205521,-8.412594971196537,3.1996926374916206,0.6062369643241456,192.94004186065035,0.42029539206584055,0.13913947573358465
90821,-3.5522033914424362,-11.251135824042564,0.06955257820278718,1.9364209673279804,397.6541556506356,0.7130575303097615,0.13914074364976015
90822,-7.499596243264107,-6.5720413931814,1.027164075767283,1.426037294731706,331.6350004638076,0.5571062131397371,0.13916810871512775
90823,-8.271251906202167,-7.3019946787415755,2.980197816075257,10.835086603437485,556.5151259852207,0.05392001117808842,0.13918253970733402
90824,-7.5822417629900976,-5.120462919250136,2.065827425597217,1.449189475929157,313.8018925583503,0.6805827045006785,0.13918417766874386
90825,-5.7278611160782855,-8.605380694965625,0.875599561461108,1.0965586199841728,265.5454424399214,1.420981293760418,0.13918827759811528
90826,-3.306183872255809,-9.98761588171092,1.4990690525079216,1.8647916591345848,467.9250835307097,0.31264886644183765,0.1391946211241768
90827,-7.375807300360572,-6.759733583576728,1.5835909208329944,1.2168088428194013,256.16157815535104,0.2732636825552346,0.13924298899157947
90828,-8.216931174037747,-5.1118052447257805,3.1399378505094613,4.732356441123617,610.8845698155337,0.8034256063811194,0.1392682354237691
90829,-4.869486460482566,-11.051298371887128,0.0908987171311942,0.7099436627253536,157.58007086661505,0.30959012575873324,0.13929922850945906
90830,-2.5099158782094957,-11.006223683363457,1.6734391751519166,1.1068002189659985,138.48101602511997,0.28300971754394677,0.13933638611238955
90831,-8.006621688100136,-8.38874978246847,2.0987111962372613,1.0547354356356977,274.76352810773653,1.6720448486243908,0.13935303323671802
90832,-8.688570049821156,-6.463443560829109,1.3962305812118632,3.698372698945139,274.4308646428515,0.23909600763414485,0.13936731694074328
90833,-7.070428255803153,-7.2888870299950925,3.7618167595103342,0.6107042549533506,125.15462387548936,1.018596662896834,0.13937846350162864
90834,-3.6076054255556684,-10.94293986717542,0.9908802644325913,1.471038665372836,330.36692614527396,0.5167030732397295,0.13938785475707083
90835,-4.780752125935671,-8.438280929203085,1.6871146691509735,1.6668264636295125,468.3131858683479,0.5297424386571139,0.1394099518051082
90836,-7.250545042191816,-6.7128978509980035,2.7704426012073733,1.4971126356816182,337.7392523767649,1.3653625985437907,0.13944504453296278
90837,-5.138171273739403,-10.235223911675709,0.1073396307301325,1.787383519617697,424.08874259856594,0.23299522203398215,0.13947290171358123
90838,-7.15896093563562,-9.086534976300698,2.600517696582891,1.8320650374573204,467.7437195225347,0.3050743193877272,0.13948776471686572
90839,-7.55851095283451,-5.681889358177688,2.7857000046169724,0.9214396930547599,183.38471973430876,0.9951676343045479,0.13949888079238096
90840,-7.48320700853092,-5.9863585996399875,2.7445713322626646,1.1055699446439553,285.0058561359615,1.6220856211275363,0.13952878158498014
90841,-5.7150822612674945,-9.619879579439425,2.0094212356233547,0.92366957623789,469.9898458512041,0.08831417737363889,0.13955459692870398
90842,-3.82954910439153,-11.097783376493634,0.9333817338117857,0.8445093225739418,206.60835720005005,0.9051253546761862,0.13955560203903872
90843,-4.058666629129243,-11.770012481386743,0.768461947068071,1.6953629192131077,398.4720080783698,0.30471884259581916,0.1395594658623768
90844,-2.4494660432737616,-11.785457743959201,0.9269114260931484,2.1138430605850247,416.56502949599286,1.6971514137139527,0.13956569603581223
90845,-8.146363175537836,-7.195829084843347,3.3523105358044414,1.0354647859768549,174.650857575131,0.3043186095898287,0.13957428547603207
90846,-7.225755808245561,-9.347838843757923,2.0591064978601445,1.1200850945760352,287.9391831607932,1.531240199109372,0.13957439839536348
90847,-6.255445366009157,-11.491621700965252,0.6463316515845743,1.4855345785592702,330.8725616714731,0.22648377125993147,0.1396038028756002
90848,-5.997862986603703,-8.571428912645406,3.513277601510038,1.7226406464217034,467.8552295860573,0.4497628370668716,0.13960677036965927
90849,-6.384136619764053,-7.821063823738287,3.59868225938725,1.627667725672568,467.8782501749223,0.6993002849643295,0.13966302303911027
90850,-3.8017328429271044,-10.634707566601985,1.1249319805482516,2.073956926429796,367.7804901311615,0.1644043845546337,0.13967048328589185
90851,-4.133124227141738,-12.953848351207949,0.6788558772312451,1.391023570622562,329.0947926707015,1.9681308303067082,0.13967214946221654
90852,-6.991131084307995,-10.511482656418723,0.5350460644443036,1.5575318026501932,364.9651107295799,0.3397708630679359,0.13969116180705574
90853,-4.238820583876004,-12.153342700908674,0.7282712751806001,2.5396899841917566,460.4054124588355,1.9119278001122888,0.13971518300912955
90854,-5.861270088181097,-8.864383641157993,0.5314177068241773,1.8734707783009725,467.91864013637024,0.31489210571423687,0.1397932828210563
90855,-5.164703930279785,-10.422253306387821,1.234416624508758,2.3931755147771328,445.0946107972526,1.5603341311661794,0.13979928335453812
90856,-3.805958033508449,-12.085374080405522,0.737649709865025,1.544390360138589,365.8351311330768,0.538799370867511,0.13980642301831248
90857,-4.928394447005962,-9.012684828002554,2.812648062082165,5.596514769862222,642.1565592998018,0.28219312406139796,0.13982350812975197
90858,-7.876501855059186,-9.076802945299196,1.0186802836383633,1.2367588419788464,279.95384840045654,0.10514613826741304,0.13983609327281343
90859,-7.614422307173959,-5.433041292457972,2.9285026476591374,1.5426277016501364,355.28028733533625,0.4642779837399713,0.13984075289935155
90860,-4.246881667732307,-10.78111149452344,1.0598395212367235,0.8581744184410698,467.33388759765074,0.1226792908867349,0.1398459833774003
90861,-6.076506099300783,-10.79436938767848,1.0036833933354683,1.1892814653566794,219.82847280332416,0.023625642067542252,0.13986922616326994
90862,-7.2983836813495495,-7.923832092717872,0.7490271167049279,4.499066076780719,598.264400994134,0.8424256551044778,0.1398969031146351
90863,-2.7062791999453477,-8.945305051950715,1.3877469197727703,3.216056954438832,514.695753936001,1.1980935513313087,0.13991828858041166
90864,-6.018750203345489,-8.422777769765048,1.102114385100285,1.0424464305352308,273.53698304520236,0.3710695977702505,0.13994346280842704
90865,-6.961347288749373,-7.941186034277216,4.013870069331981,0.8841503832538908,190.580988871918,0.1273727214066982,0.13994520230270358
90866,-5.659980436933388,-12.863490881337556,0.604737534588487,1.3038322290754703,276.13136264603236,0.2759721425988566,0.13994879861996823
90867,-2.5259523014557095,-11.234532352283964,1.574912529291703,3.317508224398273,524.2451563707922,1.4774422757271735,0.1399643422645315
90868,-7.7065185105587615,-9.362643764162318,0.8860548476602164,0.9684456513874046,467.3521071347491,0.23430430741962294,0.13999961701319857
90869,-6.039460513790133,-10.162926429346365,1.374550063214892,1.6309347367636944,378.245342936655,0.613338062732188,0.13999994777682992
90870,-7.041155056335494,-7.842915297708315,0.9724065310019051,1.842981294801404,442.3286807388687,0.5691202571754603,0.1400023757213066
90871,-3.9604876773515354,-8.375474928091446,2.592981590066761,1.0564096800933842,220.9144641724086,0.8181647208370455,0.14003421634634827
90872,-6.558151665169083,-8.149752402726453,1.1484753312062312,1.3929732273447282,307.40496935488557,0.50528402441231,0.1400351254822675
90873,-7.376476970897166,-7.285138182335659,0.9435123179396108,0.8386126357661436,189.48430565845922,0.3883506524885654,0.14004781741703085
90874,-5.746047279555847,-8.40233901585123,1.3816652032572607,1.1122581488762127,434.0580592484134,0.5907245988637806,0.14008816873616958
90875,-7.463845976596573,-6.715564638316877,1.083523573619321,1.1828719587567278,468.0039762348393,0.3697281951945621,0.14020358228910657
90876,-5.842881020195631,-11.028937879019509,0.9002179824747002,2.427207027783311,306.8591092657443,0.04671730658212425,0.14020405805576183
90877,-3.840804357649442,-8.61799406891814,2.94548274620748,1.7874517623873039,345.84584465896285,0.4468587593400759,0.14023013677941834
90878,-8.60811416919329,-6.97865378193303,0.9996824776393841,1.8502147412028518,468.37313453558556,0.34234804340143565,0.14023171901272502
90879,-5.80131155967006,-11.18045112681043,0.8360298013501891,0.9079250982709332,468.47331441824156,0.08839032007700798,0.1402350421904509
90880,-4.1924102897453,-11.701438095792554,0.7807631827247303,1.3838035379063482,469.92598232462757,0.2340390218099948,0.14024928591318625
90881,-8.345518917722252,-6.2105512707832995,3.087438149159918,1.3873735364564683,333.188937172484,1.1716006937053889,0.14025167631519783
90882,-8.692675685931508,-5.889260174222567,1.47514828515405,5.286075449851871,266.2330555619169,0.3831712646837264,0.14026424182514677
90883,-7.885655492013225,-7.037934119617217,3.8311256323108256,1.6627615269836133,359.3380596024914,1.1170551913129207,0.1403280762586999
90884,-6.526623393764055,-11.507525779567363,0.5055414051624372,1.1508990197408797,294.43770178548965,1.1203598342145655,0.14034205879516734
90885,-5.197753032820587,-12.83158146572353,0.6466369677687281,1.861334527015433,467.60340128355347,0.13502557695544404,0.14036564586260086
90886,-6.205746638096553,-9.631557430665373,2.052519851229628,2.523840995326282,460.1479092108121,2.351268496062808,0.14037150435243917
90887,-6.849658713615361,-7.368419320489202,2.6983645296381247,1.0907011352387397,468.51670040774036,0.539392020236483,0.14037568657616992
90888,-2.524199101305781,-10.435482985016767,1.7808614276609198,1.4899275641121152,467.8917778157813,0.5573457269284212,0.14038370247555795
90889,-6.956534163904849,-7.2952005856534905,3.4591180212321464,1.7334242296454678,468.6200677978156,0.8393054896878782,0.1404131515204668
90890,-6.617006073112954,-8.178790095902652,1.0242483122773776,1.3744119671167492,323.38881751626525,0.7981581211041542,0.14046871373417083
90891,-7.110003099969189,-7.487721574126254,3.9990101186154092,1.4323870802323437,324.69727415112857,0.078551148534169,0.14051736830616046
90892,-4.6806666247642035,-9.482482476992057,2.1010036787750423,1.8391453950122791,469.6247499938395,0.23379893706598498,0.1405443564735884
90893,-2.555295723792348,-12.947795395054507,1.2727939495709326,1.6053987689096,376.4738281273266,0.5788632789485169,0.14055135683849418
90894,-3.9473299790430074,-9.667965300673211,1.7853916797889489,0.8874763860692821,467.4592295021595,0.4738195768344573,0.1405615160820717
90895,-4.909116115198277,-8.971777772100852,0.5897893667868487,2.261615580000682,211.57397548186492,0.24230335346622578,0.1405781354617425
90896,-4.531043771689015,-10.849460393007003,0.08540779332063174,1.117152494294105,291.7499730927279,1.041985289181274,0.14059705343796775
90897,-6.866448025500096,-7.88812720726612,4.015538926371276,1.7809764246595836,467.484511854548,0.3822703046373377,0.1406073723208019
90898,-8.077410284995928,-5.11430862675855,3.298665880237656,1.635689252189265,384.91920533334604,0.9185696569972572,0.14062366752397393
90899,-5.734473213306347,-9.056524630865994,0.3981616666391372,2.135885261096282,397.48342109085655,0.40062409862527915,0.140630621171159
90900,-8.538537083711692,-7.39911344870693,1.716050920028463,1.7443042459412348,468.25757574147156,0.28432161149992563,0.14063174283600127
90901,-4.612137608702178,-8.936397786291561,2.8413338580609637,1.7275470295800213,409.16141033052463,0.6310021953384259,0.14067592331992798
90902,-7.448080915085217,-6.159076760545767,2.672720286135719,0.8322288924781426,235.22296862620672,1.153383003550469,0.140746634218683
90903,-5.891702579830737,-9.38344992462243,2.493853206668573,1.7661575066664703,419.9693427897013,0.003590784274720704,0.14075439612162136
90904,-4.150446734489317,-8.441343677566373,2.8479825915986536,1.8005073211732379,429.01860626774743,0.28211385428875957,0.1407753552224226
90905,-3.866595227484174,-8.39655780726142,2.5909165934242346,0.6462456568959708,197.38567712047862,0.8488584865004105,0.1407761690068018
90906,-2.53793653437262,-9.855025547321777,1.7870758142213723,1.0460286236581324,219.55534048895413,0.6640705257898478,0.14085922770415743
90907,-8.27248009995034,-6.818862431095252,3.2440955621818075,1.232179166638769,467.85588743748747,0.7527051194736742,0.14091647672719518
90908,-7.254736053089698,-7.593785788684438,4.049535265666362,0.7154481428799312,155.0584947862033,0.3294096839523597,0.1409488281925595
90909,-3.0577762904210495,-11.947568445262599,0.7727138725787158,0.9906630609167217,273.28575044814335,1.77300451814782,0.14095145078058932
90910,-7.882021235881818,-8.346512443932667,2.5015818166959822,1.0093869886401758,468.62685921778984,0.4962258118360765,0.14098252232159889
90911,-2.9085974088108815,-10.646038598609504,1.1673423196212698,1.8129616660816252,434.4648583849536,0.9138426962914092,0.14098936213527616
90912,-6.766601071515158,-10.354151381192562,1.112009533104579,1.5732255915358757,468.1482976965247,0.2754740681093173,0.14106114772337394
90913,-6.152255264369391,-7.8863070528273225,2.6143631782079777,3.2011148113629533,513.8489736049675,1.212007464073234,0.1410865280029878
90914,-5.11741188157515,-11.595765948987864,0.7739379784396958,0.92230957907584,181.3050178687342,0.09978795912242422,0.14110069877123144
90915,-8.577891670443902,-6.363185529417391,2.310125662697338,1.6596885673757165,386.7192675603273,0.5487346130265172,0.14112685955591953
90916,-5.079057214959218,-8.30964980241664,2.0240797215094073,1.7134062737816944,469.62823369524085,0.24335988148282883,0.1411792725111408
90917,-7.808648880961006,-7.393256673085027,3.764417826920742,2.367701940437542,436.55674787242,1.0172015799729852,0.141195051955343
90918,-7.781043454018323,-5.7733702170014345,0.5855995009715828,3.2180501341351713,513.6790698236002,1.0532250453363057,0.1411998591089703
90919,-2.587795955387307,-9.51901010969565,0.8244763909239088,1.136701175060638,467.82724991194834,0.49147840412761123,0.14121116698506006
90920,-6.829579368272091,-9.297834410729708,2.545082011284493,1.6898550581882792,470.39873800467944,0.18536119185865996,0.14124778400410248
90921,-7.0737213474439,-10.290920029648895,0.8387960392629118,1.6651523443162102,360.16146664267785,0.2668608189064967,0.14125938366837354
90922,-4.886169022069955,-8.887218340701288,2.9211599638084733,0.9132883206322234,189.34342505471622,0.19684960701264131,0.14127385688930486
90923,-3.854312675871533,-9.594366181880986,0.2084095261724878,3.8965575747309806,364.5940767792705,0.08097758369143637,0.14127548065695403
90924,-3.2922040633065084,-11.534630196131669,0.07521899075975323,0.6606290565502602,144.49137922810363,0.14757627522614225,0.14128452274565506
90925,-4.286518529905187,-8.470605080089424,2.922322443377299,1.2139023523849661,272.78272227250653,0.12166649297826648,0.14129895534387396
90926,-7.071691798855013,-8.038625035478814,0.8288979528343697,0.7213042151021405,359.8233751020316,0.4698656038988718,0.1413109045793782
90927,-6.776408641020906,-7.745791234466148,1.6673593611399773,1.2840870914535218,398.9315721527883,0.8399128111641536,0.14131133848377012
90928,-3.0135735893207274,-9.134628452596216,2.636492729290822,1.5153542842389347,340.64847700483637,0.912947758333365,0.14132942943043703
90929,-2.4388717941394216,-12.959368644071176,0.94269712192356,1.6077149532336021,353.25756243851765,1.1671187880222957,0.14133534354178487
90930,-3.660598470347635,-9.391272444272987,2.1674173268383834,1.1134932328204246,288.53080086764874,0.7421711739440058,0.14136792915519106
90931,-7.589124999755781,-7.60141265676926,0.6784637737851874,1.489257323717383,338.664577586834,1.5349798755874913,0.14136947026357904
90932,-3.198137836011864,-9.774723755414916,1.6738019001359883,1.0936294756077065,261.7716271399798,0.7077962975464596,0.14144420114306916
90933,-6.827287510023841,-9.737989870063398,1.6606384253168287,1.5660621654587137,368.1080053952465,0.6070025547506654,0.14145819284466166
90934,-7.910635171720613,-5.108672110386715,3.311371386434377,0.6032589512224479,184.73223347258707,1.3809509757110883,0.1414996007148602
90935,-8.696168668336991,-5.793134125791756,1.4270907966066517,0.8323845705930716,170.64403533029045,0.8093832240311958,0.14158173892441475
90936,-2.4605025860930008,-12.030723158622772,1.378066123029275,1.0993259624881793,379.36194626445297,0.4310057139893271,0.1415939470427839
90937,-7.083886533628792,-8.937098994622476,0.42256842511308285,1.103587588223652,466.92141723559246,0.7543469453334888,0.14160508641256084
90938,-5.252062411616657,-9.819456876013124,0.1462144092558104,1.8145944359832535,455.16902239462996,0.009843434284538155,0.14161010629464907
90939,-7.685033389428005,-7.723572615801079,3.6684285048547878,1.4206759994352234,468.1162376975041,0.06756738296215836,0.1416428264964043
90940,-7.693686186689888,-6.620170118589286,0.6739531028313868,1.7008356794054997,400.0156484353256,0.3876159566227342,0.14164376161154774
90941,-7.271808926108766,-9.962524668287887,0.558012970418795,1.0067508607670774,192.6983131641767,0.3373928665318955,0.14165724848546737
90942,-5.139651481642165,-8.819428156004722,0.733351342596005,1.348082758246112,321.0564577919588,1.6873920213421458,0.14165956892200518
90943,-5.67021699745384,-8.205679756407376,1.9443336931534858,1.7632387573221637,418.54897879741293,0.5398339986706544,0.14167839787807118
90944,-8.685386713833298,-5.279245605008342,1.0965998322178974,2.7016250356798754,474.5439493249513,1.6793643849611959,0.14169306129063453
90945,-5.425370884221547,-8.163339541925144,2.6797072438919716,0.8509008992923902,469.6062749646836,0.11704190179956253,0.14170228157002693
90946,-3.07927381470558,-8.529876858881394,2.785034910337941,0.7431120584233454,222.94492720476637,0.39718045783891665,0.14170857522549393
90947,-7.3596739018901465,-6.597613814166902,3.2867212586232926,3.0457937416789207,478.88832740682847,0.3753229492109611,0.1417101597067165
90948,-8.65593461296328,-6.7762883102249125,1.5239271033039656,1.030413001626,466.1519986825784,0.021968273263326843,0.14176387721911607
90949,-3.4830604187843566,-9.078173089323087,0.5379449974170037,0.8430037580952618,246.18392498574403,1.6791221504107776,0.14176729657997192
90950,-3.990389325979536,-11.709506111697218,0.7712153554066008,1.8632267424137772,387.10030680278317,1.6049492096498765,0.14185531109029526
90951,-5.795805925061047,-9.330507419438039,2.553032534295562,1.0332223847275461,467.90760702220695,0.9114013992145606,0.14187142881646458
90952,-8.051313231682709,-8.076131166928901,2.5183405606829856,1.716239300560648,467.28269598767105,0.6138885300663182,0.14187192322190761
90953,-6.817984962089403,-10.673633530471022,0.6783364743413756,0.858594619265366,468.00861755979645,0.37196026431022045,0.14190918584187598
90954,-4.080832276969648,-9.236599134803232,2.425589661409552,1.1059634763785136,246.16800605390137,0.2237127963519976,0.14191120569219276
90955,-5.2806199261478035,-8.203992793681362,2.8264315463368272,1.9034133097339336,468.51971455291107,0.6033705937985099,0.1419358158442017
90956,-5.942627644791498,-12.852558266402964,0.2506598752300312,1.0211098980097686,201.20837884550437,0.3386895041054103,0.1419453832665114
90957,-3.0309821553658622,-12.951207657351834,0.703752795900003,27.108251014648822,862.8987737927323,0.20250632093682164,0.14197191717748942
90958,-8.633846559940213,-6.802260722742502,1.6773498673912128,1.0510736424858933,196.73045294635938,0.10706833760618384,0.14200026045675923
90959,-5.691156481907862,-8.10668561675077,3.151515787649168,1.861302988089255,468.36252330480806,0.6731751763887219,0.14201984736384837
90960,-8.11542080057055,-5.188456224526406,3.255385674474032,1.519017932914707,345.70107507656076,1.2961297688965265,0.14204754890796562
90961,-3.1182139235211226,-11.757877748637426,0.7869899334911182,1.052175449239791,467.41316409482187,0.18063392944872447,0.14211761010879795
90962,-7.216678392999002,-7.282310372828991,3.9277206101490387,0.52046256184493,147.7103806823028,1.132577590763904,0.14212545099266663
90963,-8.373503765658425,-5.677651728939382,0.579374472466158,0.895753950686527,177.66609811351037,0.6535264386383561,0.14212879459888778
90964,-4.923254479068361,-8.51813566783645,3.142256431224176,1.0193545470790626,272.4603228051593,0.9424034778655868,0.14213645766631577
90965,-8.214494624925157,-6.7295268129942,3.380928128122263,1.039079414647681,179.24456271461187,0.14405681735452536,0.14214520316449947
90966,-6.4397511635092926,-8.392727996691221,0.8667740529385649,1.784373853589401,468.70305103357157,0.7717159327222758,0.14214981272413135
90967,-7.977255199528379,-8.224001814441188,2.463853392319958,0.596771394404772,122.26554068218553,0.6774707659933643,0.14217597713268987
90968,-7.719733870330497,-5.8736681162431195,3.4815337126454304,0.8964622448540305,180.89297269410466,0.32749612627928304,0.14217866374999594
90969,-6.995150899274255,-10.31116153450399,0.9828494733574138,0.7510604466102613,445.9802024558507,0.28007644427846756,0.14221823198668365
90970,-8.227046962079486,-8.367098172817597,1.2612775552620246,1.1150833540640859,287.2870789105973,1.4326051725185112,0.1422374983874381
90971,-3.3256722168195285,-8.542265063406022,2.8694883884941365,0.58735170667784,139.00017324526488,0.10709253094977988,0.14228286851027355
90972,-7.01177353467394,-9.504297647975996,2.0008456649186837,0.8121354361027535,185.96968268850304,0.030776082397633076,0.1422843597106384
90973,-4.007828124698291,-8.655268551585136,1.3291405243771028,0.9207537514559393,261.3902805344187,1.217274273815483,0.14231433698762372
90974,-6.018880457753133,-10.986054242394491,0.8831370372116767,1.0027977053523516,263.7723812348576,0.6241658390603115,0.14238282176875405
90975,-4.93268620019128,-9.836224988403082,1.6282212640168041,1.5131567332810085,351.6076878725818,0.4326309180558132,0.14240202832694937
90976,-7.027952780326471,-8.85950581059264,0.4198564989526886,1.0994392004836702,467.8396130779362,0.9247419710379203,0.14240592048858103
90977,-5.813202219680535,-10.656940626465131,0.14014937121964227,0.976819981047835,354.98951927976685,0.21275209339854317,0.14240754218312784
90978,-6.341567143924717,-8.078565771220482,1.5984961936911057,2.9806750706642084,340.52566369726253,0.04085695517345567,0.1424199689793206
90979,-7.516840100757064,-6.419689770208519,1.0938980493765533,1.0171694452957316,456.40945574630257,0.11061169961450812,0.14242388116131358
90980,-8.37490420019138,-7.047299510619753,0.6457223368558562,1.8568254517833072,469.70819850329605,0.24298047271059176,0.14243086564968402
90981,-6.597672762673505,-10.631557686896683,0.3633013850406913,1.073940730036148,232.90101922461943,0.5720704169519948,0.1424545517765813
90982,-6.833346591766549,-9.32345942732011,2.4943912425828394,1.6068304231719865,371.18982170465574,0.0408229052879463,0.1424591733778278
90983,-4.727471356579686,-8.3382477421721,2.783994763156119,0.8820304858701462,466.8658146499185,0.6991036585655221,0.14247855239204232
90984,-8.689162840660634,-5.110413738769342,1.4828790578629483,0.9881456087223747,274.0479485044217,1.7596323059067585,0.14248682859154949
90985,-5.59385890221805,-9.584302307099952,2.0243831718733674,1.1351977929939083,467.51489698382403,0.5764235372766873,0.14251251980190593
90986,-8.052340342771993,-5.00417260034187,0.4450040285998746,1.0959351274388887,469.74133585856464,0.11180432711952992,0.14252634404773845
90987,-7.999503732620955,-7.25336861495823,3.570559535037675,2.3779140258823284,433.35783041797583,0.680340001073076,0.14254107014672598
90988,-8.09607550960769,-7.586719645415087,3.091415122278875,1.6305477919039635,467.61467676828295,0.553430227203072,0.1425521389764428
90989,-3.012579940093927,-10.243728376433792,1.3401335735090008,0.7931146794951689,232.52707434373124,0.4482886496877567,0.14259803178779817
90990,-7.139439008348241,-6.970161202694576,3.060318536918172,1.2849083953403069,468.1345282636214,0.4037787172094056,0.14260133400826985
90991,-4.5495897976470285,-9.490443027154749,2.0580254326092207,1.2136686042244884,260.4495111757609,0.8518917391743903,0.1426286318667446
90992,-2.9232907137146373,-9.475164995826269,2.1500336351816003,0.7300099613073336,221.3196264666516,1.0234005960882895,0.14263922209503113
90993,-3.310318906652946,-9.95704589140381,1.509331932751656,1.50176795749184,348.5073558026122,0.27141760122474157,0.1426622488128257
90994,-4.508664653637551,-10.787228739845995,1.0445088281994914,0.8709019255658111,467.41291523022414,0.635309535346229,0.14269376630919742
90995,-6.24899236901901,-12.536754239517915,0.4062324618305837,0.9451280353234807,188.97977487373853,0.0069583651182760775,0.1427333642091736
90996,-6.091018605423589,-9.98965964543677,1.5082834713317497,1.3566139627366278,326.97594171833225,1.350910312218975,0.14275391582491173
90997,-5.823284286667995,-8.871834966773179,3.155066985668918,2.454330346734661,450.09083722295406,0.40540670994516415,0.14277843788900488
90998,-8.39374265828908,-6.421107416786715,0.6075533072332632,1.599962416925532,378.103644573604,0.40461006127148824,0.142779412239134
90999,-3.671524663211555,-8.704755135029753,2.9016931937294412,1.24900573861752,311.2241502341778,0.7978765830168824,0.14278219913596082
91000,-6.869734512877402,-7.686578357139953,1.6159388900817742,0.9242885117577225,468.7168529592904,0.3948263724141645,0.14278914741103982
91001,-3.563113821231795,-11.553836131561093,0.07519701696326585,2.7653829125880804,481.1778788575953,2.0419136201375574,0.14279206320342946
91002,-7.222628478010227,-10.073253467591417,0.5768547755253344,3.62112290402705,527.185294889726,0.2524051098279063,0.14280593461151592
91003,-4.374119679787848,-10.4072088118455,0.09335163328377359,1.3025458155581848,468.3450600237645,0.46657614396919556,0.14282204509107904
91004,-7.08722613590387,-7.186462661939729,2.082795005439268,3.960134007723141,564.8247545273055,0.8516557739236008,0.14283232010670527
91005,-7.665631037433593,-5.530917561833508,3.138044138408745,1.0303256181194336,281.06275839719257,1.2595594454139238,0.14284261817592014
91006,-7.972517470245972,-8.765103545820384,0.8561014187021122,1.197088542694877,466.16022046609675,0.1657222057478709,0.14284672133785506
91007,-2.4632538636918806,-11.125809463861374,1.1057254719853062,0.9982861836153847,264.7920547878969,1.4368294027516049,0.14284865353956203
91008,-6.4130008408633365,-9.717783351029228,1.825929428961149,1.8569723424652642,445.03902122098475,0.36004740490567233,0.14285317815505855
91009,-8.058098362405278,-6.293384552194413,3.594692287808442,0.9183796420839839,245.90486419560347,0.5272636028270474,0.1428618534280543
91010,-5.36274282503128,-11.491086122516197,0.7773513724611529,1.6946917826391732,398.18629127702167,0.5603138951891484,0.14286914828502528
91011,-6.725555304043331,-7.492908771398137,3.223282062663901,1.82194755469032,435.33116128760423,0.1778996192344362,0.14288150024631976
91012,-6.279350149237132,-10.984717636980818,0.24446325647286057,1.094964451460028,264.4628945865165,1.291444661671206,0.14291316806814328
91013,-5.014100236875255,-10.658264851616078,1.1052830467480568,1.6722043133252469,393.7308241533428,0.46497877777819774,0.14301548490461838
91014,-5.602164416819447,-8.109918980749587,2.873449366378991,0.7875782972736346,454.81115950107744,0.28919428603934705,0.14301680810313408
91015,-2.6168420052540657,-9.280998750522944,1.4563018595229287,1.6629689505596728,468.5799090872019,0.25913665799082786,0.14303584425392202
91016,-3.249268571376751,-8.521761071474092,1.711562792594619,0.9240158854421675,467.95146908040357,0.14313455842679446,0.14307128420671028
91017,-8.307571684105305,-5.08600714706092,0.5624087173506306,0.9606147964038232,252.2982671881299,0.49572517614124756,0.1431044171883324
91018,-8.02981216498994,-5.396630492375596,3.3554241479823643,0.8571154471041335,467.3519204715296,0.1301916229823199,0.14314409859714064
91019,-4.792940629705871,-8.391127671181554,3.002278395083828,1.5944458737203122,468.61794665985025,0.29497305088435777,0.1431464327778019
91020,-5.291779874483338,-9.605220450531009,1.9344213916325066,0.9983357167469276,263.2607019261123,0.1743284318445637,0.14317535402249335
91021,-2.490649024951326,-10.555887553367167,1.455506506645433,1.8140041565937866,468.1487701246816,0.009064807558968546,0.14318768648184468
91022,-5.244986404107631,-9.446977671016217,2.221895147000147,1.495434049108433,449.2375494938308,0.09392446820235367,0.14320608336085364
91023,-3.1178994449206634,-8.994429459586883,2.7241478673995854,1.7941995950679097,378.2164454798296,1.5316805065647516,0.14323981620435366
91024,-8.263411837083297,-7.22364346363527,3.0399899931077967,1.2439522724514283,259.83235393057754,0.23620786459397447,0.14331721886601634
91025,-7.402995217473738,-7.644613803317825,0.8043885144731928,0.6629392534654032,128.43826636659972,0.10332749625607995,0.14331817351375697
91026,-2.890328231858965,-9.982199125351865,1.570900387110314,0.7298477352106844,208.4415197707674,1.215253692426277,0.14332873185608355
91027,-4.553258868690109,-9.036826431121428,2.7153845888186527,0.9474386224152592,467.3429057157727,0.24287974731949813,0.14333394827155121
91028,-6.020438973076292,-8.8977222062717,3.1583267618030018,0.7323788938635922,218.84654773222871,0.31655272186082506,0.14335983127182092
91029,-5.298528292494201,-10.034093261066374,1.4732975884156378,0.8323498841110089,180.7623515712846,0.23049435557775944,0.14336899973092682
91030,-7.994641793707313,-8.506600087995725,1.8846867908877258,1.8843464080978434,383.5277517106989,0.9200143603196738,0.14337163812234285
91031,-4.254821503930019,-11.30928189549391,0.08248245195293186,1.4709645024133915,337.88104857910236,0.33963146376509545,0.14342181869561751
91032,-6.735252254811676,-7.577159414587343,3.616679740031415,1.7331330008809318,470.2483128157464,0.05716971753308897,0.14342838464231622
91033,-6.7130973940711876,-7.705568125311543,1.8916510292432966,1.7640732030096715,377.3058212603709,1.667270289869327,0.143438221836664
91034,-6.5163045723952,-7.660526572371393,3.1226287622180546,1.027869987060119,468.34826626650687,0.5168088231486205,0.14343873496861684
91035,-5.749050865063657,-9.540342973683417,2.1514561979954188,1.0044163022917256,271.9286403162991,1.8308406619604218,0.14344905068416203
91036,-7.504368352636327,-6.268178386994386,1.5415392175971494,1.024119445701135,278.1184823140982,1.4621821301977223,0.14345359334829097
91037,-4.036919164890324,-11.112626080060359,0.9114373506567288,1.6672397387046207,469.62410688275116,0.00841571702348709,0.1434557496370922
91038,-5.149809751586044,-9.665013429920739,1.8295653307706463,1.088830763705148,291.110512627861,0.8410020019839877,0.14346761924784635
91039,-4.4802051035717225,-12.468025411189101,0.6912284250301913,3.494253868303979,535.6630364495993,1.1830930676822682,0.14347235101148256
91040,-4.357153939215125,-12.63713312698512,0.6812429802959065,1.2464742619592037,468.6284740870866,0.28701728792203607,0.14347557302083766
91041,-6.889118049173052,-7.318470783920476,2.9097363738764344,1.1778261037751856,166.99066793715434,0.4084509016987612,0.14348870650018664
91042,-3.6101294154018957,-9.162310721727268,0.46219629405156176,0.7745963355972858,168.8798463696577,0.08030779654852171,0.14349090345808976
91043,-4.747015331833212,-8.776940343901337,0.8907746877799144,1.0232518797921424,262.0173961174038,0.5248650493356815,0.14351780231860514
91044,-5.530457503367867,-9.119962847175135,2.7859907735227107,1.363041493992123,468.40158840932276,0.765439306517302,0.14352386839553521
91045,-6.486991953675069,-9.20880792896712,2.779362870947339,1.8767905046379405,450.7588248111138,0.4585527344209641,0.14356401990408285
91046,-3.5651366076612288,-11.718797410289573,0.07701401692883848,2.467262373016165,452.8271866637817,0.45127802618493185,0.14357530852203998
91047,-6.801673254224919,-7.456076522543632,3.3908892805082367,17.672755995368412,850.015348088013,0.2491050982395544,0.14358109926068724
91048,-8.102428690811342,-5.344771583957709,3.301568112437289,1.9003452687829643,470.48278922949174,0.2258306338052547,0.14359391648947278
91049,-6.17172800194135,-11.2449456633315,0.7244668086746928,0.9131987021144912,259.60348487453496,1.0348870036221962,0.1435945656921896
91050,-3.182545409309264,-8.767018794609715,1.1664486300404058,1.1569485077194768,296.493466124067,0.34802777084183845,0.14365183561302614
91051,-7.562907388635297,-5.597779042978529,2.6420300406835375,1.0333235818040198,273.34864643904416,1.5674707070088134,0.14365227861277818
91052,-7.706321827860365,-9.081070231233555,1.568751720758549,1.6720701450289057,391.14537623190296,0.452196612047719,0.14365701786236862
91053,-5.171273283659771,-9.94497770560868,1.5416359659124865,4.103592014148786,556.0861753800427,0.269151526649142,0.14366327271907864
91054,-6.493778576429818,-9.152956336693123,2.8569041608529866,2.1675786459509334,417.98177336673945,1.204868831815591,0.14368060451493497
91055,-7.579451120493072,-6.589313288320573,3.8020642935310742,1.5100834445022724,336.78758377326807,0.02186979462215799,0.1437152952408696
91056,-8.226965938210204,-6.906099361644441,3.3030874331065685,1.046731935047268,278.71984207742406,1.6281022350427001,0.14376763620189462
91057,-7.832954138221171,-5.139735380921383,3.2506484294266924,1.1586009101581058,295.87866304830317,1.020693856286326,0.143781571956241
91058,-3.678127874236795,-10.223220569941098,1.3208602761570747,1.0205837320684679,273.48906170000004,1.1953119676724446,0.14382245732561022
91059,-7.262081751146283,-7.283157089535486,1.296674549005417,1.0779918993524353,171.12617411781193,0.1733044416787104,0.14384041438230544
91060,-6.967228575697613,-8.400111357059668,3.6488780915326706,1.2801350897496715,318.2531198508409,0.4861714583408441,0.14384554765554863
91061,-5.746766976760595,-8.09874868003906,3.173151521889222,0.6941648527169514,139.9560495334103,0.02088711524058784,0.14384950655076148
91062,-4.446701735891724,-12.446843850113318,0.6922324494119273,0.8584470474408403,468.3184187623872,0.32774535958175033,0.14389857284091317
91063,-4.829345826210448,-8.40467502599194,1.8403738173612685,0.8708899640246747,468.59771677269737,0.8746922626577831,0.1439364250823252
91064,-5.730188941641215,-10.23959589628346,1.3190727064823558,1.527042640233831,348.7351523967189,0.21987570916416566,0.14397253045530453
91065,-7.779038118802115,-5.284692924973415,3.24843385395146,1.8293272504222005,453.0730183762897,0.7995345090608614,0.14398547679688792
91066,-3.0882452989682783,-12.693821404898715,0.7055617908669584,0.8061303993080995,467.93482841062774,0.2774973511413892,0.14407061920955963
91067,-4.342194042959424,-12.569022084859382,0.6849595697832612,0.8848966332931054,365.68850834053643,0.2175977575054615,0.14409068422663182
91068,-7.643656085947915,-6.211153812540892,0.8145612901614481,0.9208740286189767,244.8805924858285,0.9783071022324776,0.1441750997138164
91069,-8.588152255380505,-6.909348003518883,1.969616115927322,0.991697750369195,274.7967689990249,1.4364819030148617,0.14420209743270215
91070,-7.039037088238455,-7.455334321310766,3.876869460535087,0.7982902543960365,467.0879262028304,0.24990754482901156,0.14420670070503092
91071,-6.966619568649465,-8.659509394330783,3.34699260154309,1.0976625324355997,284.1154584612598,1.379416434662832,0.14420670442015887
91072,-6.2318200026716,-11.286558747924945,0.6936309749483797,0.8210300604293462,168.4831059755025,0.5400644579910745,0.14420922585610038
91073,-4.941452376937661,-8.281342113451611,2.594479692958738,1.8426161775825944,468.1774457540799,0.21925153919851237,0.144212798965876
91074,-5.656545472700674,-9.815888547248283,1.6661113092639128,1.5948707818603103,370.40959119194673,0.7446281214214192,0.14421557563973045
91075,-7.061318939608212,-8.451633387270544,0.5686060578074542,1.688051530429758,359.64233834585025,0.9859234526940712,0.14424779555575054
91076,-7.568377363508224,-6.024091583821776,1.290999416326881,1.1290710749119688,285.88367960240697,1.4088334016710098,0.1442593181306061
91077,-4.6822535881431495,-8.749464727481058,2.970631359884889,1.8625146681862257,460.2287476710766,0.6881373533358772,0.1442623805938427
91078,-2.53587932245643,-11.44782369263754,0.46366418644330365,1.1064234388476328,292.34007330338744,0.9275931214972557,0.14426348553491647
91079,-6.691892503499006,-9.338309987755114,2.5292330784416235,0.9909520531538216,197.20159866244933,0.3942135765432022,0.14427659117795744
91080,-7.586115038639527,-6.0672289048867105,0.960056262491549,0.9036770854337407,137.12902552917336,0.3347748985520411,0.14429106715254458
91081,-4.272609157014476,-10.452584565210463,1.208330026345039,1.6575206329947185,467.92198314451497,0.6145157841797735,0.14430304529964652
91082,-8.005310232527101,-8.278526715148997,2.2828223407227424,1.1846785756035816,289.81344082151224,0.42347741994790056,0.14431042416861228
91083,-5.191141874388442,-9.861496615692044,0.14284966192472012,0.7746330239475847,468.8921825789096,0.21181203459176068,0.14434302109542896
91084,-6.32779836633856,-10.411148226417406,1.1750048352242972,1.7599315384843872,467.77367692328954,0.40951171664054353,0.1443485645982287
91085,-6.28915040125696,-11.950219870246556,0.5273932436660717,2.516806871491251,447.9295035314105,0.8194306826549029,0.1443634510985944
91086,-7.845400281166887,-5.145889860915419,3.279584926956198,1.0465280224829807,280.3506022804783,1.457632434235431,0.14437505406205797
91087,-7.742645611246809,-8.466873017212846,0.6253615261216632,1.2363289317371806,260.7077229710748,0.4742914454027245,0.14441720362851984
91088,-7.232032020045952,-6.828820329501235,2.417342570557323,0.9078524091018164,192.63076989732093,0.8077392869965099,0.14443082880017202
91089,-6.705428303476987,-7.670316988194912,2.017882449999592,0.8917885040054064,240.62068832678068,0.7593797884079185,0.14443832002521967
91090,-2.8871987029366855,-11.10541516933043,0.9719879967872536,1.8447713600929527,467.78446404375933,0.38142015245055916,0.14447632456680443
91091,-2.903806512531287,-9.169884471314818,2.5951142665579776,1.7381812765850577,468.2068360070191,0.387587037250233,0.1444965147095284
91092,-5.544791244248131,-12.876261695721208,0.6065793473226608,1.1716284947819164,466.2084597171357,0.16831027420332223,0.1445414963654812
91093,-7.663313619900757,-5.483930969902512,0.8414166359377915,1.0124298307987405,272.44030997560094,1.2811508205328392,0.14454828481293094
91094,-4.460932095155721,-9.387550452797306,2.193775868703282,1.279217113147446,467.8750761756755,0.38025536315702446,0.14455195518677474
91095,-3.550982178419634,-9.351683763147355,0.3199999676824186,0.6959976900129027,140.6992342060114,0.4378559763585246,0.14455810146780199
91096,-3.5592221634820067,-8.523134092756369,1.686404457023931,1.2180237452077585,306.9224247402825,0.5850504244126631,0.14456054247505545
91097,-6.854305906707826,-8.725536168340359,0.459963008236581,1.288860119870076,298.90355560997415,0.14654914360977056,0.1445650677008939
91098,-4.3604142069689384,-9.198842494530226,2.4810562136709327,2.659955454835027,470.7604853418826,1.6893059825100467,0.14457172662433046
91099,-6.4356830919826145,-8.326658896396271,0.9708980734582204,1.315626606612798,279.43183857616134,0.7024958230151608,0.14457507757130897
91100,-3.549955165851828,-9.473381346143906,2.0094832934215576,1.472223316301467,339.0023050198189,1.7121681294727429,0.14460446529001703
91101,-3.6588432486075373,-9.245851758367753,2.3709779569109326,1.8605289448719455,387.8692358312494,1.7480497008554066,0.1446088165694325
91102,-6.38564945020636,-9.220952538130534,0.2742720215980145,1.0958296430355094,140.8965035477773,0.3773565436423727,0.1446126561104022
91103,-6.64600045529815,-11.172333094414594,0.49057731169530544,0.6265483183860594,141.5486767045549,0.21751022403752263,0.1446131624217703
91104,-5.027684234388353,-10.752639296899511,0.0979929079075301,1.3924027411953552,305.67463358568006,0.7270404659700036,0.14462193289928446
91105,-8.536550228721863,-5.963705432710209,2.4507262599627153,1.5828549627792603,363.0633326065988,0.042670784872256284,0.14463365659644642
91106,-2.9637277635664177,-8.588919586157736,2.5111310553588875,0.7111902634135885,148.39644307777598,0.15506613161884797,0.14464869459572924
91107,-2.7441251264796227,-9.476027001348719,2.270159791561973,6.767854015018362,694.4535622484296,0.3090344733081478,0.14465427525953736
91108,-5.324675505941292,-9.87793438334495,1.59949178254487,2.3015132273745587,352.4512353217766,0.058328700051402116,0.144669249682855
91109,-8.681664963944508,-5.363434538766297,1.0978623301082064,1.7374301266369685,410.30777983965095,0.2022137066608911,0.14467468076644951
91110,-8.04354702977578,-6.41380946474369,3.6262618360981134,1.0199188149241587,260.55255710646713,0.9731743577853065,0.1446939468142943
91111,-7.324071674946793,-8.902139274918643,2.6483407839703954,1.1329340511209163,262.30625094020513,1.0945854842693175,0.14470367745213902
91112,-6.420868108429284,-11.773490302925337,0.4255023790038201,1.001080669199475,310.6337138845571,0.12862255151150936,0.14472583552462803
91113,-4.5401376111252,-10.406524948088334,1.2319266558223505,1.7505328900479333,416.10372484320743,0.7546155464756303,0.14474655277060958
91114,-3.2643430630675745,-8.506258757176475,1.7736491459657588,1.3233279208170665,284.3827090541146,0.8482121055783658,0.14474984504537988
91115,-3.3014228157774763,-8.418864693146823,2.2110591250804488,1.6097600962653102,468.58413020991145,0.5575193046099445,0.1447805973624842
91116,-2.6675338676772444,-10.877052234721265,1.2255798353905496,2.4660465064954633,445.2349203904426,0.943425773593221,0.14482728649637513
91117,-6.364052642181708,-9.65231592988021,1.963193102453292,1.4011470473714724,311.5830427013918,0.04550468544864561,0.14484052486744703
91118,-7.8218923300007575,-7.2446887759536,3.806482170088922,9.580868793539036,563.7118504595086,0.0030263201934355166,0.14487358884989301
91119,-6.218177968531499,-7.947714865590025,2.1598221959714206,1.0574858604651047,279.1232942258469,0.8881185660634161,0.14488741085047932
91120,-8.258409273897664,-6.3648248453222696,3.2770056499678617,0.9438200966697928,126.09629036684946,0.32219562980052796,0.1449217112551606
91121,-6.650810360264922,-10.678705935671648,0.39132795780938834,2.2195028558414798,414.38886989055027,0.6589263493269248,0.14497439054105726
91122,-6.467253271311381,-7.843237846632213,3.696548345095424,1.653685629728503,386.1968246588297,0.1448746210961609,0.14498551357776954
91123,-5.227391136535988,-12.892360636450174,0.6306401342802056,0.6316602851341527,186.30786188553176,0.1998677167860814,0.1449888781265177
91124,-6.569000278160088,-11.340046128331084,0.49085964239445523,0.5166729526564787,146.50941808803645,0.7580319508309437,0.14499169115264368
91125,-3.208957915527363,-10.559440655524257,1.1527713029501248,1.1122117344486555,285.29823730913074,1.6785243097211326,0.14500571084036576
91126,-6.823212804252643,-7.6601284514978945,3.866566632458984,0.8907922926685589,183.7257177819953,0.8373759588799734,0.14501036859767547
91127,-6.640579838950246,-10.505127040513589,1.0265071776492933,2.8734786034204487,198.57997991909355,0.3308216594381692,0.14501234440159663
91128,-7.811870131571441,-6.38190461598751,0.5683202027391558,1.50306897995644,467.8013063524819,0.05457799652063677,0.14501818283411216
91129,-3.3449244429323874,-8.661350558570216,1.3740784582568757,1.1797166890658397,231.39457986146056,0.014379286219232235,0.14502220901707055
91130,-4.6062703133237,-10.042802986192553,1.4416358121769013,1.7814647983219234,468.089782738985,0.7250861820561587,0.145065343549863
91131,-3.149013893714571,-8.488264129493967,2.711626527093808,1.1337042712974503,149.46448133315576,0.39889349423728593,0.14507523736058345
91132,-3.6808897732203407,-11.858561653015759,0.08138027344367194,1.2988449692383905,323.38643659490907,0.41319907096726016,0.14510538304645051
91133,-4.749067645732947,-8.781737414549687,0.8917023800607369,1.1251346532621072,285.9652537696996,1.4461235201554983,0.14512030441486476
91134,-3.547331393513491,-8.789289856581387,2.8316347088531026,1.734847705602842,468.0328210747722,0.4781277569006406,0.14512074618641188
91135,-8.385569381848716,-5.450195055347579,2.847252417385863,2.085626716339988,414.74688646863217,2.0325605419305255,0.145123080291755
91136,-8.367409156638539,-6.507348829135736,3.027585512164267,1.3401379284568902,316.067984891509,0.4110933236094576,0.14512601686738721
91137,-7.699849504491532,-5.64241390723706,0.7440850890744007,1.4419272013591589,331.75211696599024,1.402991244595694,0.14513745080783433
91138,-5.225045076609402,-8.287521436392815,2.083440930894027,0.9752002355924497,267.19605477743386,1.700948112855083,0.14515685765841158
91139,-4.690334172246696,-8.572789953607312,1.4360184964989298,1.5757792634337064,362.0322252342092,0.22693857327120792,0.14516852398980312
91140,-6.4308961826054,-8.498064267584677,0.7590437948970921,1.2552049215969048,282.5242526368333,0.02353581996667753,0.1451779029413635
91141,-5.667888135715543,-8.36747309696499,3.4223335375023156,1.2789540866161122,468.64553656710495,0.5640396781165924,0.14518199030330836
91142,-8.39356060145095,-5.335915127490503,2.8111103054566935,1.7290004374711296,408.6163227385121,0.1402533982917884,0.1452241657596699
91143,-3.8184435356374813,-11.23341227113113,0.8664715657304121,1.4584718692271268,335.6571258085963,0.40644953639148707,0.14524346670017899
91144,-6.543907794500389,-11.367804873747811,0.4461551370028358,0.9772666877681905,270.94309089578945,0.32987136881082435,0.14524372111946668
91145,-4.265871974139754,-8.426486697951464,2.7667317948081087,0.7626249765993541,467.0103696206089,0.2997811058559181,0.14524445419361218
91146,-7.065006023574007,-7.63715211443951,4.000129672302215,1.7023744617945702,401.18030522085854,0.03344378301946538,0.14525035097074562
91147,-5.847759296278074,-9.704077278192404,1.820650822145535,4.30276891233415,588.0989339172392,1.0183600659765855,0.14526892597115182
91148,-3.6004580634061245,-9.367753748437021,2.1712080303293373,1.2747251187521804,289.29006647262617,0.31740089800754134,0.14534823508047567
91149,-3.422126942734809,-8.630677688835732,2.8872459843841844,0.4474632577025199,101.38884087034917,0.08819142439398764,0.14539265279479316
91150,-6.30901065096647,-11.959919480060918,0.504940207709566,1.48866972567451,341.5418641755518,1.7441693860940903,0.1454262668144953
91151,-3.427653675179724,-8.910680773617733,2.7496411016483226,0.7613306177484388,207.04565508028105,1.4066919152578938,0.14544167388734805
91152,-5.141843682615164,-12.682910702231231,0.6437084769053006,0.8720453226258851,207.58893058947376,1.081923298992037,0.1454614931605366
91153,-2.8959248051826165,-9.555197883974879,0.34040847297349963,2.0648894849320696,377.8312718561447,0.35927471116959264,0.14546937733692888
91154,-7.986793720450242,-6.708195454716077,0.5402687089859447,1.2137231216757611,308.32006801244233,1.1822147149477464,0.1454715574566244
91155,-7.451049236120305,-9.351262472657936,1.6067559960594247,0.9009029831288126,468.30100892675335,0.11660106978126628,0.14548449060947932
91156,-8.266295721950405,-8.187585450407973,1.5241086104513584,2.301146039530395,436.23085125642183,1.689286305438797,0.14550705805817293
91157,-8.6045427064056,-7.222417842617159,1.1736434321297555,0.8130148421572753,469.87988467282435,0.162301754665104,0.14555522331321666
91158,-6.903850408223793,-10.181567605563483,0.43450844865142746,1.225936273328586,468.8815423235873,0.5951439413438981,0.14556242333881297
91159,-3.4035167270322333,-8.442991585716474,2.6705425438386703,1.4627611479627245,335.42994697963155,0.2041875118090246,0.14556964376661385
91160,-5.9714708001160615,-10.216179508473502,0.15216828363612647,1.0760890942525603,187.26399658060558,0.14246352429343911,0.14564810124628966
91161,-3.7929780688506796,-8.483966712646497,2.792697703462606,0.5868452727722874,120.7275447110233,0.2589976964712859,0.1457005218227711
91162,-3.149765414989271,-9.264146477361255,2.3498788996189193,1.1472883203685003,297.440351875941,0.6267210828092091,0.14571781531462122
91163,-7.027405515579928,-9.108423242171622,0.3979232003631549,4.597914167699286,454.92172478795806,0.019948106179994873,0.1457246680080962
91164,-5.057484369619292,-10.021418588985412,1.4667532468106503,2.0357064799070983,403.19206428210435,0.7295902289811051,0.14574439862931055
91165,-7.577355963655235,-7.26868436307113,0.760953578232188,0.896299825958615,201.03078209267088,1.101536682804725,0.14575156951384716
91166,-5.54781318554363,-11.056146162043376,0.8898704851658603,1.387162105991656,312.0733414556899,0.9818299743910552,0.14575811376160133
91167,-6.619445968519106,-9.617032472634897,1.990106978342242,0.8134245617306609,163.04363047147424,0.1521347860036153,0.1458859492206928
91168,-3.4912091490671324,-11.054569728526,0.07459074298197121,1.9093724231420182,395.2430099923997,1.9053480272399774,0.1458905462117427
91169,-6.269008576363265,-10.832927572220981,0.901074389441447,1.7642149451977525,418.8891269169185,0.30116381405423365,0.14589792628839357
91170,-6.853152188235262,-8.118303229669724,3.9102887552760737,0.48736701890351736,109.08946492413807,0.07514179288704614,0.14590070642388633
91171,-3.317752098791421,-11.192133766269306,0.0777980524748327,1.822585518637061,467.58072567149225,0.40380854831403123,0.14591101052196148
91172,-5.538318938177419,-10.492642940791066,0.1195317050700117,1.2428770646649996,265.2080277675344,0.41480306843617676,0.1459194345343079
91173,-7.881512068349057,-5.885967194272052,0.514341510322354,1.4855208516684493,341.8091976847445,0.09569772529559106,0.1459425476573903
91174,-5.905013651099338,-8.018586060505541,2.6474129810727716,2.606061723003045,468.0762859357972,2.512919445508553,0.1459557913834842
91175,-5.361267469918576,-9.084372331649487,2.7812016403261093,1.6997229486023386,399.7945953542332,0.7055423011785775,0.14597370049487252
91176,-2.4414969710753986,-12.474712923332444,0.8729936150755376,1.0121447555567558,467.38188756244784,0.6833485654501192,0.1459865080653764
91177,-7.596718420720607,-5.631722640463626,1.5228451742272475,0.4781698046370221,147.93986427054602,0.47152572421246486,0.14599642350281672
91178,-6.350475828690921,-9.432688015735588,2.4259147451519256,1.0074754819702774,273.78921143264967,1.377214513576937,0.14602371957069313
91179,-7.15465983527034,-7.083417968365484,2.0690384279850327,0.578919400864653,163.34332442942707,1.1607005379844306,0.1460323004796472
91180,-4.223805007384324,-8.392690031528229,2.2655181160275952,0.9513894419986786,199.36040674230904,0.340811237830394,0.14607292021552717
91181,-6.983021469807587,-7.245522846151165,3.2061938236864154,3.5774298284128596,528.1534667613506,0.4804320442091212,0.14609044977484884
91182,-7.51167312206311,-6.738180440049124,3.807503649071424,0.995561871120756,273.70108992746447,1.7195847931446862,0.14609211477810474
91183,-4.889780854594626,-8.760052928057787,0.8852276406918703,2.1030549693160707,417.56591907377464,2.118159341023918,0.14614892301820323
91184,-4.083236588533408,-8.613192105344535,2.913352142941421,0.8198750491335363,167.31013872822876,0.11222307853361624,0.14616522106878743
91185,-6.469477269137416,-7.889914539450968,3.7526767171752575,0.980706585447073,248.93426498762048,0.188721270724737,0.1461867892014955
91186,-4.508543791840889,-8.358317303889965,2.443197030143139,1.0983270582686793,283.63363884857654,1.6958838747229903,0.14623662638666166
91187,-6.368460632433436,-10.4670243767671,1.1317058709930838,1.3402105797040915,320.071314272066,0.5273563663472203,0.14625965188398654
91188,-7.63159484804092,-5.386663777789938,1.4311012798652727,1.7243212905904899,469.68997870299665,0.0037558464333589114,0.14626900232535187
91189,-5.5260434871239825,-10.875854898371223,0.9738389248832939,0.5313294941512154,120.61811146576802,1.0597479508952432,0.1462747842909955
91190,-4.734024134283631,-8.339205775227708,2.647753995176986,1.418036635700121,468.0053178879564,0.43299487019299665,0.14628114462012298
91191,-5.555413472921129,-12.382877394400287,0.15200353940955466,0.9106455367317414,468.02274222930015,0.23816994821770354,0.1462854329415294
91192,-5.945525329461431,-9.526844064717707,2.1963188852080315,1.5628978078313682,360.9809681633162,0.4867888436862655,0.14635183737932833
91193,-6.4646908596574555,-7.864148310536265,1.9912983803177104,1.4666096761163985,360.6035873685807,0.489903624184878,0.14638614366317174
91194,-3.2380251377022446,-8.47544937937511,1.904046079379033,1.317820351046758,288.7866489731907,0.16981124736936515,0.14640858372532892
91195,-6.015435909977009,-12.647406718796898,0.2940717722600494,0.7942008513981158,156.6724004008598,0.38465277210256676,0.14640928490621868
91196,-6.239480007736008,-10.086021067846325,1.4038093461861993,1.4861977705130678,333.6531447186969,0.1169445086288059,0.14645671604892707
91197,-7.882128496360964,-6.867145599043221,0.5690054422557669,0.5499667835767086,144.86208393423786,0.7844959589729763,0.14646594645713387
91198,-8.574600978062895,-6.637952546645272,2.2216940010233825,1.8664150959439072,467.7743842920498,0.15384321594066463,0.14647531533662897
91199,-5.619354629745123,-11.438807520432864,0.7571895794954603,1.032575539537779,278.99199753788804,1.5435548467201494,0.14654109383380273
91200,-2.695688004237434,-9.044826251268827,2.3271919733174045,0.979659970697439,197.2771717786432,0.19113909205286905,0.14655554330780804
91201,-4.767565446700116,-9.951006679279041,1.5189409041625603,0.8686234284767322,185.29381946415654,0.1328640489227091,0.14658839540215882
91202,-6.139218120461064,-10.19070703235159,1.3272828927647786,1.1095270465395093,232.98794636800915,0.41297423798265687,0.14662343724552165
91203,-7.346722995940384,-6.841195258803666,3.614142553508407,1.107399111912222,286.93050460963144,1.4101733321794958,0.14670968577067947
91204,-5.8639943873930624,-8.039148501079946,2.5753727619688167,0.7192855754946351,143.61631355803303,0.1267853156679566,0.14672210401358415
91205,-3.416212120336696,-9.832226201414764,1.5955483543369975,0.8307156798106856,467.309096554914,0.47839400879516614,0.14672397831011244
91206,-7.860250706266168,-7.597998899664896,0.6703096994888523,0.946030649564786,261.5743890051031,1.4304921027529192,0.14673028205915287
91207,-8.584479873921953,-5.102932878070979,2.0796293649420994,1.2882974079975609,292.2016251256213,0.7626664252501012,0.14674665541705156
91208,-7.8148560580253355,-5.717352716597241,3.452083594947239,2.6179974768363192,465.82217267185564,1.5304271910282639,0.14678634669280496
91209,-7.403055883339242,-6.505027685163577,1.9212675500540155,1.3522543300807854,315.738346607458,0.2003305275034455,0.14678751286323521
91210,-7.892391842027249,-5.468332530770764,0.5052861397613493,2.3569003022262316,441.1450068821708,1.5476613431365065,0.14683896010257222
91211,-6.61077081111169,-11.177400608733814,0.5285430699828396,2.2886423639128046,430.957629447376,0.3306419745718445,0.146856129212547
91212,-7.797556648907811,-8.31426485827904,0.6402309978911082,1.0926893814603933,289.82758115022403,1.068049182036586,0.14686812684753
91213,-4.633756687346981,-8.411300116160874,2.871747397792061,1.5634849617333253,365.79584338791625,0.49442974427104946,0.14688285964181866
91214,-2.6361706708362123,-11.188597216038366,0.18901355998917818,1.9005068733864912,468.3414810797314,0.39006602572136817,0.1468992444802995
91215,-2.730260798258696,-10.866412899085299,0.133910834107785,1.1897405034395545,304.9261991343168,0.47141074926951987,0.1469054665886949
91216,-5.688783249123014,-10.99217057911874,0.8995010040979785,1.7980171882386222,425.83614308118047,0.5931623608445866,0.1469121449313537
91217,-7.78375161179296,-6.83274766575341,0.6077902655210622,2.421843432234808,448.99695773143594,1.9176028349178695,0.14691396137272308
91218,-5.278667977632418,-10.862247173595499,0.9864811618836263,1.8658593733050908,448.0464909890639,0.3314093127936184,0.14691612521800432
91219,-8.02610339635656,-8.454681892614527,0.7501896160307482,8.81566034855607,766.1514645203794,0.4226477343663877,0.14693967605759958
91220,-3.7744393666508387,-8.552572277935038,2.867369196664706,0.8829053110679801,243.8114973925936,1.060945467314104,0.14694337495350823
91221,-8.007903757774347,-7.151823127767554,3.5891985600120275,1.906567480708015,468.3500023404122,0.6232395563401232,0.14694349467135354
91222,-8.506253351341897,-7.629945714667358,1.1219720032444995,1.121871058737704,242.72279188601553,0.21612482150945933,0.14702501382354802
91223,-4.914679415808267,-8.854546866508201,2.93383354049703,1.0210857534068762,467.3418635205999,0.4352147255379686,0.14703298321769898
91224,-7.413510319338534,-6.3305867429687535,2.7290482387086574,0.8567501778050332,469.60070874105185,0.1337237736168566,0.14703851978138954
91225,-2.542477396652818,-11.994757016793042,1.3850122413677677,0.6985020550139522,197.26933046855228,0.7162820195639323,0.14705361243137596
91226,-8.53469905894274,-7.165710932126532,2.063817175215319,1.1711911149635943,299.83820468688396,0.4487754210518178,0.147056085093799
91227,-4.194705158274013,-8.405559437857823,2.2043233347418854,1.219857779487938,306.93548141050394,0.43818883489670135,0.14708097900679334
91228,-7.960481352833606,-6.474501808729119,3.713127453650396,1.235048988878989,265.76415588994195,0.5324425769823096,0.14708194428543236
91229,-2.953520333330837,-8.547528605934282,2.2151688309959554,1.1188208253275096,286.2547613390984,1.540989888127009,0.14708276747481028
91230,-3.6032845736113526,-9.558836410693369,0.2294292886256459,0.8575991564477766,224.96713139346255,0.30595496970645364,0.1470871520924872
91231,-3.4589060597659094,-8.48263240830649,2.7374069036693025,1.496181888233846,345.7820531114939,0.7627702273400088,0.14711518194903808
91232,-3.1336795721680346,-12.70635092626983,0.6909706990367055,1.0661097042980066,287.51691280595253,0.9850730747266132,0.1471691131676063
91233,-7.516249450482869,-8.024489629423313,0.6586514819777731,1.5727864486077214,428.139998909432,0.31215858091181037,0.1471699286334793
91234,-6.812639941145061,-7.560987694473979,3.690118149877427,2.4651989015309055,452.2278235535798,1.6590536200733563,0.14718474901719336
91235,-5.918448510121616,-8.343667624702064,3.542144728164516,1.6020572940068858,468.21264233535436,0.2042096398272557,0.14719904724105196
91236,-5.67156916452158,-9.28786202080267,0.2863986915816572,2.904846124305502,486.01736882826816,0.9022965937904077,0.14720836104429538
91237,-2.7662817023237434,-12.723552074359754,0.7332228559853069,0.7300711225158917,468.41600173610647,0.29653862577270207,0.14720961446316752
91238,-4.095532846199354,-11.05193337280917,0.9181944198899816,0.8369538240174551,466.92588027055183,0.5473097021094828,0.14721944932461425
91239,-7.946280507222726,-8.80072537551538,0.8529423028547477,1.2932369485242257,289.6263856247833,0.5838897791550703,0.14729574084078775
91240,-5.296987177310689,-10.330643543046252,1.2629141384314764,1.120664399044065,178.44077484685485,0.16218257743742726,0.14729650358127183
91241,-5.878295727131154,-11.046585222027273,0.8496044520475846,2.143060620509081,387.11859587905514,0.1963168087674818,0.14732238975087084
91242,-7.338114482401766,-6.616820158213524,3.076461352850346,2.337035648200162,395.64376416716806,0.1784381160263715,0.14732263278771351
91243,-6.92080002495957,-9.940778219341937,0.4386168534725557,1.5565750276967985,354.3128862469554,0.8411123083967551,0.14733451541116988
91244,-5.385197238624438,-8.309018501302884,3.1779591186804472,2.5938941526400745,463.28571320696875,1.4723650864696856,0.1473726518934278
91245,-6.9940722168027225,-9.64275646782099,1.6747335744122593,2.587126566931753,460.7422273519556,1.2393630096400274,0.14740430149323033
91246,-5.021364840941055,-10.371322319090824,1.2414436399743545,1.1699910190733835,239.05060916160207,0.31396999410899173,0.14740463899089795
91247,-2.772608839737031,-8.891649358023752,1.3809538318049883,1.140711588321718,258.1053849534432,0.656835952186352,0.14741812133703266
91248,-4.313431323249431,-12.090941134735425,0.7146420118686172,1.8649888467669158,469.29747965434797,0.6287229205822147,0.14742046278764792
91249,-7.967061123998269,-8.398708057843802,0.6774357598894595,1.0653146502563482,467.9840864186895,0.36064166659345975,0.14742875385077425
91250,-5.199538942135262,-8.862560710492108,0.6929354069413792,1.0813267822652821,467.2752000867697,0.4327500903387316,0.14745924214127493
91251,-8.402168947031099,-7.560893756928331,2.176621436763372,0.5255522849404256,150.4176677200885,1.052309132531927,0.14748413041383054
91252,-3.936440315863864,-9.273028514444173,2.329727255029493,0.6981764735487707,200.2026698606573,1.213215567438625,0.14753476278834615
91253,-4.908001737722653,-8.707983316590013,1.0339802020538715,0.557221955138654,128.44663041941635,0.24039175241890476,0.14756447595222
91254,-6.469113367341872,-7.808427275786783,3.608411900995703,1.2563566045023427,468.6157780743448,0.6493457311305226,0.14760505889585537
91255,-2.5138936758781956,-12.587998324090089,1.3955135991942142,1.0677460261155705,277.1628299952033,1.315825551854382,0.14761039618869465
91256,-7.592337763056565,-7.862577785233134,0.6699333371430375,2.449298882130358,450.0444709036304,1.491589891834571,0.14762375772971095
91257,-7.995885515176345,-7.002449415364709,3.662442125754024,0.918090093351698,467.49010238465166,0.674458632086842,0.1476450833637798
91258,-7.626458642641085,-7.978821554366623,0.6635096619720957,1.022573466183585,277.0521884229019,1.1793785388086766,0.14767216444557388
91259,-6.37016895583392,-8.386805906766185,3.704313791667141,0.8596123690824106,166.33705556114154,0.02113763451331696,0.14769870569046895
91260,-6.174728624958806,-8.071624447176681,1.8371712645206608,5.479693990502958,648.3437478323088,0.7307279864081577,0.14770164157895546
91261,-2.5671040121593203,-9.780076112969144,1.9479235036533125,0.8642061655932405,213.87476499231528,0.5777875936248558,0.14774804260012733
91262,-7.902781319931956,-8.88366899782821,0.8369816250604448,1.1196229482272568,290.4412938921384,1.1780232019519392,0.1477808504383399
91263,-3.7822089487367396,-9.003820428862696,0.6381300961186465,0.7939770636741219,231.3400202002362,1.4206240473526792,0.1477884272631092
91264,-3.4007204282414936,-8.444100054452056,2.5352923831860723,1.686973575198544,468.58140324672223,0.6505490132999077,0.1477951782580995
91265,-6.101065947755252,-10.779536737649261,0.1894720720136337,0.7952696370142895,201.7954920606184,0.43104685553471445,0.14780635226796957
91266,-5.941710050809853,-9.990515249799895,1.4955638728557201,0.8315076108561565,218.35530968616126,0.9692478426651565,0.1478109452530893
91267,-5.796568230315164,-9.667262680657904,1.8598222383840775,0.6936462999199268,467.7497942131099,0.37736213717482947,0.1478191863796993
91268,-6.602039605050935,-7.623195571984727,2.721493753693346,0.8519163631811427,231.54740943249428,1.3028912416629028,0.1478209533675754
91269,-4.792520443339768,-8.593956525258035,3.047969941747943,1.7804851362637217,467.81983649887087,0.19740436107504244,0.14783341344163708
91270,-7.2210455332665875,-7.308534828136193,1.4257977506201172,1.0699940308974933,224.58319919014266,0.8939437136008346,0.14783818079426042
91271,-8.358912564850346,-7.563262985951106,0.7770321880031185,1.1422509404619616,293.25943697128616,0.508623189628187,0.14789517410180178
91272,-5.1734909602686034,-9.866882755359658,1.5911821736672866,1.1190768121120536,321.1102321300124,0.9901456477089061,0.14791632822035083
91273,-6.983975581959495,-7.406985368534417,3.706462667616331,0.884778709636787,226.79242177035405,0.68987427675287,0.14794099231894312
91274,-3.6566186442581783,-9.02580401973597,2.6301587311527856,0.8040684404707023,469.25821557636675,0.13269069113694965,0.14795218709324345
91275,-7.302425075233866,-6.69620993668596,3.0969468493925203,1.7464126477522437,414.4893963274555,0.1090004028011684,0.14798995506841756
91276,-3.0107268138116705,-9.112720471687163,2.603847662417965,4.946466508974236,541.3526185328782,0.1342837626314406,0.14800309089776414
91277,-6.522446145620876,-9.423108989311856,2.4142610034271756,0.6408477540393529,157.861448024415,1.0265636043031767,0.14803046302432782
91278,-6.553540187970695,-8.407857388510212,3.7101371196554007,1.8599944462735982,295.6417676708533,0.053332303261035996,0.14804017214320794
91279,-6.426527560921265,-9.63840165379555,0.22033828110022438,2.599625475768397,467.23342464510364,2.3602709408676175,0.14806622543336906
91280,-4.2911844448347,-8.6075508442845,2.916602949994932,1.7822569341218133,229.30012214708472,0.47013039117887967,0.14806679802020611
91281,-4.168669806432822,-8.442947110961317,2.7531359434295926,1.1733340492898825,270.8738355174184,0.7218792458705598,0.14806692637903374
91282,-6.614928460811303,-7.790450613192991,3.7620502691158175,1.2131079116030479,468.6746341105212,0.5995096679843552,0.1480744494062852
91283,-6.204073973131195,-7.980607626123418,3.5367689546690984,0.5094521678203715,132.1643222176785,1.0081724194701431,0.14808210743755393
91284,-7.4915552603080044,-6.018715133013266,2.112054977356261,1.1860074760584631,469.0208802358523,0.6376257417457118,0.14810577840539524
91285,-8.410269465877578,-5.628347411868393,2.791668358930507,2.3353141908512574,441.86714279904714,2.279020452067752,0.1481258254376818
91286,-4.709208762916846,-12.606515508111693,0.65951501182795,1.2328131887597227,290.694568150099,0.1440065837526623,0.14813575641231191
91287,-6.037967230769448,-8.901620374139856,0.4856091696360492,1.8561855053107372,446.879837061923,0.24346311130196163,0.14824586447429533
91288,-4.07329231631457,-12.331848969228503,0.091116690817675,9.064333430660799,745.1063354457151,0.2716990268733337,0.14825050964075598
91289,-4.868720890551068,-8.520688699179818,1.5470340516883423,0.7055616446500023,158.92648789459665,1.1582620335513756,0.14827339250021196
91290,-7.817264145385175,-6.768948061885112,3.862612011738193,0.9511403892936127,468.78433404338506,0.6077438579063372,0.14827558479960792
91291,-6.108359488279433,-8.39622872913089,1.1457328729146592,1.7318841935401996,407.9500855379472,0.582813293000072,0.14828844029836216
91292,-7.32856946550421,-7.747456195521191,3.935361161471339,3.0045288176574494,498.2785187844623,1.2813817974105772,0.14829372990886291
91293,-7.054627175483727,-9.717636539112949,1.5202964459039892,1.6478347105172688,468.861117254073,0.9149062295788166,0.14835163900118747
91294,-6.530615659976878,-7.863450474412758,3.7620875397882783,1.2312269380947203,289.0883981221759,0.14097054784448826,0.14836356286119978
91295,-7.707520764047037,-6.654069713132459,0.6880743151410013,1.10786719272882,292.9864969454275,1.0188583915026266,0.1483685957963727
91296,-7.80153300627801,-8.740598262365125,0.6420724529252567,1.6324580535750817,467.7984393508161,0.1731474095513832,0.1483735229934785
91297,-7.619752272597891,-6.608587108741039,0.8213676987817347,1.2550270963380044,312.3699585136234,1.5693816167347299,0.1483840594869726
91298,-3.6766257109954195,-12.701144952583396,0.6697872122473264,0.9177488734917651,419.32814923981874,0.7448725747853393,0.14839104151428245
91299,-4.339002248188841,-9.901375398377992,0.14345608978744556,3.8162478387634597,252.43281400416757,0.4364247405820425,0.14839506434256616
91300,-5.106337230963803,-11.952536631294207,0.7039523828904014,1.667238769346222,391.4742467165931,0.2782058205109026,0.14840790395669395
91301,-4.359489619713118,-12.1256611046127,0.7080495800841161,0.9731865627835858,258.74112731307173,1.2972534133398996,0.14840952606135374
91302,-4.824363063232555,-12.201382610926204,0.6905962357741501,1.0955113588873089,432.42895839090994,0.8438256799642057,0.14841585993625592
91303,-4.365950123102723,-8.384851184974513,2.391957621615646,1.1120121789447244,466.1067865671953,0.6955789555694336,0.14842166899188003
91304,-4.730397104643197,-8.400778015512351,2.91028977536045,2.586574963674727,445.31049010163156,0.5171335443823564,0.1484224689855541
91305,-6.508915061570009,-10.891766853680052,0.7299860494246406,1.817789418907944,467.23758094579307,0.7014228495476713,0.14843110534478093
91306,-4.934490476578151,-8.325860738604517,2.7657257690891077,1.887706219501099,387.0474444509774,1.255449601986446,0.14846696693956749
91307,-2.769306484716055,-8.818289157117707,1.6205633265489445,1.0658642134040293,276.7883423382402,1.2564940972764402,0.14846836822058282
91308,-3.463896740985729,-8.501245499890636,1.7940976836065494,1.8311054611031272,436.78251510452355,0.5119985131664606,0.14849757058224625
91309,-6.780462652602244,-8.39128560023326,3.7042391987508396,0.9657530769228158,467.8751797867503,0.4445520024145573,0.14852968131378408
91310,-6.027384321492947,-10.41515932961071,0.16070967591840593,1.300564815089078,292.84797854746006,0.04314279437553292,0.14856748804816824
91311,-8.550626603575646,-5.3140245253697564,2.2708878959810903,1.7746594669837015,469.34562593261916,0.009277829695235162,0.14857199321568465
91312,-6.379816134009133,-10.646931724456786,0.9999669208494358,1.5895788101491408,365.10208966431424,0.175795861988564,0.1485968119470927
91313,-4.805183876507334,-8.564785735184284,3.046741361824496,0.8129266114077975,219.9565136583551,0.8580861409741596,0.14860482031868855
91314,-4.472841482215452,-8.98726991433604,2.723439384167319,1.323355777596745,291.6005953057299,0.33892463496898007,0.14861373580966597
91315,-7.313593179787151,-6.627749290904625,2.783207717690544,1.3392224755770077,327.9353642320141,0.4348838345670387,0.14862443061850128
91316,-3.5161307987512815,-8.45698659738893,2.6379893090642352,1.8733291173050737,461.5659388830406,0.5944606504094283,0.14864123834011664
91317,-4.6995350405294145,-9.274811862881926,0.3534953923398305,0.999033057436904,264.04858374581056,0.2042636578155026,0.14865044570893918
91318,-3.837879120417443,-8.439646711476264,2.6266099641503446,1.163164755274436,467.4597578601574,0.46991050463007955,0.1486688974597074
91319,-8.457454429818569,-6.773458796596449,2.6864741241386363,1.8873510818898092,468.2883126519228,0.293278038458312,0.1486798838639213
91320,-7.259841967557055,-6.779416065817958,2.435915232555619,1.5040439554832297,345.83752568768944,0.8568880438289694,0.1487159345213813
91321,-4.604670311303817,-11.300206342926982,0.8315601618730539,0.8873587189129921,234.4114966491795,1.2344305721036326,0.14872901274695047
91322,-6.249439324854999,-12.331166100751648,0.41939059434227255,1.66072696537916,467.9060692827199,0.6059343255152827,0.1487333869590348
91323,-3.000016140550227,-8.701048909321958,1.4678581944723246,1.1152778530338074,274.1103223309167,1.1458255882443487,0.14873957534758928
91324,-5.515067714968623,-10.944797099385411,0.9293848356274443,1.594051687881754,469.4395244048524,0.17685492970146655,0.14874596215885702
91325,-8.172467826090774,-7.5690226194193135,2.897331727808368,1.1761418535360892,295.8968519479683,1.4756150081264385,0.14877536895494178
91326,-6.643065919313321,-8.647195846856853,0.5557517861941595,0.8960843588318296,183.2425743519324,0.3462983727890956,0.14880905008120607
91327,-7.254409748772483,-6.996939102160148,1.8196816903167563,1.2054827344705616,301.82778263787594,0.21073031942002718,0.14884802572478376
91328,-2.959234519924948,-9.247241655009166,2.4394861743362815,1.3633317650473513,468.8919245260037,0.9110790446179085,0.14885830828988436
91329,-5.626166704923811,-12.52218550147996,0.1665346543021596,0.9858459598586969,205.39620268651635,0.6806720929601395,0.14889044880460614
91330,-7.834286800626668,-8.161571238455808,2.8584985088786667,0.9309818984230565,467.57454482417427,0.25060900185679635,0.14895620962458694
91331,-4.231668663039204,-9.233706812629274,0.3984873972586915,0.6471345783630146,167.85525237070462,0.3619502974507043,0.1489659954384266
91332,-6.076891893316164,-8.217200444471047,3.618553576321154,1.2996145113533053,281.07344974776186,0.09335746075893159,0.14900516589653365
91333,-7.390607076927769,-6.452627544483951,2.2600487757281984,1.5552294705167775,367.27697524121993,0.5463236808486869,0.14903974698242073
91334,-6.749149623687908,-7.572915159181726,2.2872534475430992,1.3928161401935863,174.82098051897836,0.28800958592586934,0.14904344609545853
91335,-3.2377497327210625,-12.85208574697552,0.6703609357977586,2.440069385883871,452.05308573266683,2.2163791802877446,0.14904542851887603
91336,-8.026370634744126,-6.506264627665035,3.64030451041434,1.3383116504136774,314.0545581271747,1.3305271013266626,0.14909764691640917
91337,-5.062994084066985,-11.246958262601707,0.8366355090915826,1.125054534227661,467.1900827636474,0.5474243856466456,0.14911110004617065
91338,-7.2898563797513285,-6.75030480871023,2.2245849784708405,0.7457780663511967,133.67110819757764,0.18525447705157827,0.14911243243500757
91339,-6.784310265797024,-8.362000068964393,3.7260919569716293,0.8089219890634712,172.3562080261269,1.0009805563894743,0.14912515633810305
91340,-7.572655981934224,-5.627227679416122,1.7514209795503615,0.6811155258596835,467.53897298284664,0.38898577238457666,0.14913272893490606
91341,-4.742173071582942,-8.363229368874041,2.800944794116986,1.0268181975796111,275.3341090594017,0.9098845950032555,0.14918031492913048
91342,-5.04922206257351,-11.897387099772102,0.7103713091720908,1.4018729978472892,311.6491520159671,0.4353333722540178,0.14919557755487284
91343,-7.371158453909953,-9.822558407159981,0.7513300733994352,0.8496230602305391,467.7865380194198,0.390686392551717,0.1492506633677085
91344,-7.6924806394261145,-6.6731895945393225,0.7034506799321596,0.9944715694818467,467.46808217978577,0.34276465484437235,0.14925402243801916
91345,-5.979261864001021,-8.177644007824846,3.513707330423974,1.882723061353307,467.9429471001599,0.6269049604508403,0.14928249082461514
91346,-3.0781738430439374,-10.191356569194877,1.3439734574355366,1.1748978519888973,301.8318356268401,0.3636486613305081,0.14933915800277056
91347,-5.341195297254694,-10.849093961330327,0.9812434277281159,1.1027277855494557,463.39232590834007,0.9090063217778619,0.1493584181688463
91348,-7.589851767663507,-5.800636922613041,1.478039063083849,1.9883371794386793,368.915478081418,0.24982334375623427,0.14936104594943075
91349,-3.667880873533104,-8.789467565339557,1.027790771634577,1.0541011794812334,194.4077376578256,0.1461132371220355,0.14949527148020503
91350,-5.478657539002665,-8.188654268578443,2.4357942238801837,1.102020307331225,469.3023394847783,0.21654492494677768,0.1495131759119265
91351,-7.648819917703335,-6.650815346989285,3.830734274198704,1.0830561943895296,282.9423857643362,1.2508699471382334,0.1495627947886467
91352,-3.2176482830120188,-12.114324531617173,0.7225976961971611,0.7672114983586826,209.6224459287658,1.1324024312833192,0.14956560140213823
91353,-4.299149829564085,-10.826516160864484,1.0002075578387057,0.7735010384378497,468.08340227380444,0.25886534160936137,0.1495940128258805
91354,-3.5913466056132375,-9.19377649447252,0.4528849412306294,3.5617950380948273,522.1866479611244,0.31802280718283793,0.1495988689860884
91355,-6.110146571669061,-12.31357391305569,0.3503208997340383,1.8240472027530104,467.47120812173995,0.7475631286920583,0.1496023895707135
91356,-6.848613149997552,-7.915902192882275,3.9518895829813148,1.3780873692065176,325.0455649426228,0.8359219733540657,0.14960434619386478
91357,-8.427848977372932,-5.198024419459145,0.5931845664662673,1.1834970811652412,300.93408974352275,0.5905087675394247,0.14962915193517695
91358,-6.119075172959676,-12.964998567820409,0.37524242477922376,1.1492034565015998,469.07526554105243,0.5284014611688495,0.14963309841657807
91359,-6.069504583143421,-9.286933479843942,2.616464905032456,1.09683863956504,287.3398776457193,0.8247112309001947,0.14963416715067154
91360,-4.043387575218071,-10.840707684562219,0.9932871342973099,1.0134373947392301,199.99740391392382,0.30690435334231037,0.14963901210100428
91361,-7.583695370257241,-6.043712222322139,3.211886326728842,0.6440957062297017,130.69588524373367,0.30963686250640254,0.14964774311477375
91362,-6.122268206881063,-12.026870366697977,0.30974924716961066,2.304794646582298,438.680501390751,2.222043121932951,0.14965456046021097
91363,-3.2884510474627273,-10.742557691028894,1.0433860939235287,1.2164285051141197,301.3853684559331,1.3546606624239717,0.14965689955562883
91364,-5.864770297693137,-10.637892873426656,1.0702233252886124,0.950206641359002,468.58404611500174,0.3947659735924951,0.149658077673961
91365,-6.781167928636158,-7.482826910751982,3.249861611233172,1.2863447308783484,468.8306346776164,0.2552059251642591,0.1496600845720343
91366,-5.143445179990423,-10.336392174328957,0.11104125827974697,1.0214511588221766,209.21658624195234,0.7724895597300732,0.1496831884301045
91367,-6.92870402290884,-7.403397205592516,2.225650525626793,1.878393415482503,450.8519259479193,0.5261206954172915,0.14968755241115764
91368,-8.5658841779301,-7.212561123025752,1.712907082484077,1.687846073381571,394.8463143301181,0.025954079543361708,0.1497012593838018
91369,-3.991976702018616,-8.428403749331217,2.5658352010974226,1.5860560082481467,365.5569352360143,0.22637294520342888,0.1497385065214523
91370,-4.386953171967653,-8.378940404174676,2.485484051681882,1.5348717283204663,467.9942812937796,0.4092960917756123,0.1497721408184083
91371,-8.170817308390856,-8.376596720267067,0.9412159511450587,0.7948484666219567,167.76094010745854,0.7028042535223316,0.14977575322563835
91372,-7.425974507487563,-9.174607279489287,1.9872889505006843,1.4510548311950622,325.38417585941716,0.5019959669427552,0.1498068998158534
91373,-2.679890551707099,-12.493322506991092,0.7832657579263429,1.151474379764852,468.36041132921673,0.5213076627852731,0.14981455344296787
91374,-7.698960779262409,-5.1067547937101905,0.8116616581900538,1.528585359219858,382.5118735550416,0.132654458541003,0.14982714230703464
91375,-6.848589297090832,-7.861145538564525,1.357515747965894,1.0080342971870817,277.75878029980447,1.4181217454011703,0.1498325174794997
91376,-6.9237439134440475,-9.86620768339097,1.4299996604069247,1.128713344563709,227.19450686379813,1.0732921137530527,0.14985070458397262
91377,-8.5822888875624,-5.967631717858169,0.8669727642293008,1.5813384761002574,469.8244094871413,0.1348975358089719,0.14985586971330536
91378,-3.535089377169153,-11.230217676078995,0.8526196641060072,1.8790235999491527,468.0580321697219,0.15178119551562919,0.14986582306693558
91379,-7.520117683631581,-6.0054603394200585,1.8117933305773313,2.195763564018003,423.710021594005,1.4340666286287957,0.14988205663509424
91380,-5.14063341647084,-11.015818085069066,0.9102407718136579,1.5913814453882578,468.47624463143,0.8007185453174115,0.14989529239160956
91381,-8.465805659107897,-6.027334871452269,2.665445797105804,1.118529983884989,467.4076916488493,0.13273438515073988,0.1499187478164993
91382,-4.604045838222008,-8.60922057014378,2.9709658913956924,0.8806649614784298,378.23992271232356,0.28325910227597273,0.14992886030562286
91383,-5.414070879105165,-8.327899848222522,3.1777256112036483,1.6229714525594139,379.72046847478924,0.04177803055799956,0.14996374714577598
91384,-7.28882475993223,-7.088785161566405,3.76782888520274,1.5650047905816344,357.96716102572447,0.9102400830323099,0.14997128372844717
91385,-4.545346983137152,-10.394242277203853,0.1029254155472914,1.1082490942094676,272.2987432193957,0.49448182155085796,0.1500063020672486
91386,-2.7054151109444646,-12.497531001549321,0.7544488042674585,0.8700906792579752,468.60375649342484,0.8038382367558263,0.15002696570899737
91387,-3.068546440225396,-9.247463753511106,2.3838233550732535,1.581545818991852,366.24997619511544,0.9258326874797858,0.15003989062742176
91388,-6.494954711031699,-11.432617687143624,0.4523354676841327,0.9133394201642915,244.74332590485213,1.045105833369674,0.15005090734071158
91389,-3.9997405825580117,-8.870546248302041,0.8157509179726224,0.9402696264205231,258.8917467761721,1.1624149565811308,0.15006358686392987
91390,-6.271782029135018,-8.514070737831448,3.5694983714291664,0.8785298065334208,468.47056359019075,0.8633958297869926,0.15008158538715127
91391,-4.534429646916321,-8.557511070462684,2.941473630662498,0.8868285576476453,185.19372574290816,0.2460213904212516,0.1500975217021388
91392,-2.5646718575374567,-11.669646620161375,1.3470484496425184,1.2874496264838047,270.9035792125444,0.8527759408637072,0.15012545376441414
91393,-3.570482575457371,-9.445954980960456,2.0133265509996483,0.9332337029263158,186.4126801097544,0.5245848986882926,0.15013511197579205
91394,-5.804567160732629,-12.619583779438946,0.5738384824760796,1.7274162029022033,468.36604933048045,0.33284372070462975,0.15021625672696245
91395,-4.5106337843715725,-10.746158791485737,1.0362829532538098,1.728697343749725,409.04390724325026,0.3269738103661579,0.15024242361863538
91396,-7.942994050413682,-6.42734103954008,0.5254365516723356,4.677363218058819,606.2444702840969,0.6990428451261721,0.15025486447841138
91397,-6.6461940481811,-7.625588515599104,2.499241043814481,1.0463167915643687,274.91192940129525,1.5948028044048215,0.15030481921788957
91398,-6.052804180183222,-8.798465151158652,3.239976270970378,1.837331672712332,467.9420171292482,0.3993544225958727,0.15030976398469528
91399,-4.48130651700456,-10.5231436700209,0.09824763666772152,1.646957143356406,384.8262462801735,0.14581137230343,0.15033383448166304
91400,-6.549869461002418,-11.27147502552133,0.4588416446792479,1.8450048885197488,441.8191699385017,0.015767822201085302,0.15034833769639355
91401,-2.7194091822367703,-10.775489541853108,1.1468759756691838,2.6223045025261373,209.62976159494897,0.28483222251152185,0.15039437509897965
91402,-7.717269054710645,-6.764140992465867,3.8850885044393384,1.76335504179186,468.3094469077849,0.6573928895918622,0.15039678056641137
91403,-8.378891444468296,-7.914909053198937,1.5593272646704839,0.6589376874862668,467.4318994574608,0.4206217194971238,0.15040233550165805
91404,-4.347078616849859,-8.46165116003629,1.8748702845835408,1.098983371418981,287.1421848164773,0.6380401523490917,0.15041419268147938
91405,-4.511998543538313,-10.332820112121443,0.10582245615621207,7.485941178714837,488.87461963598486,0.0713687772452305,0.15042916674848184
91406,-6.924741727368691,-10.258540288756304,1.0713922768227822,1.0315451811556218,281.88504520546036,1.2475693629603173,0.15046989755804357
91407,-6.047205967287533,-10.553020940061995,1.1061429606813895,0.9865960889437256,197.52331081341876,0.529909383279282,0.1504837964462311
91408,-3.247059780242032,-8.70457855418281,2.8166450823887494,1.759466184128467,359.44571873662534,0.6606042813446136,0.15049396648817517
91409,-3.329467243765217,-10.29619540849458,1.2677844235187252,0.8821631777976411,219.5298691097222,1.1723737311887286,0.15051039837259692
91410,-3.5099343623615997,-8.920241354539185,2.698781219794951,0.7362367726731683,196.92758876532264,0.6813205616038136,0.15053463038926457
91411,-6.093809544806592,-12.03804253834177,0.56422210079252,0.9241615500106851,189.22158482195243,0.19567971562628372,0.15053806050439078
91412,-6.001794703655337,-8.28692127048088,1.5066042397879242,1.199887238671877,392.783324627284,0.3153744912078178,0.15054505923188136
91413,-2.527156625579602,-10.530799849452627,0.6770956618760348,1.5536801433056313,466.33738215018764,0.399302896002534,0.1505506817276631
91414,-3.678869118276989,-9.229070731731536,0.41929255576792446,1.7793283857354718,468.44675280794775,0.560699889861664,0.1505511270160757
91415,-3.1934933392967118,-8.446226481919663,2.433910639802538,1.226015340649187,468.9054334769717,0.6409301858500251,0.15055242022089443
91416,-6.2148674697294295,-7.925269881473371,2.389109538621122,0.9316038559304817,243.51141446735252,0.7469206136315654,0.15056668046824362
91417,-6.506590284001524,-10.71716470864885,0.8628955451725824,1.4399696055927824,211.25765528268244,0.378038567011143,0.15056795065877018
91418,-6.565164609931034,-11.202564377191445,0.42739443289309614,1.9838499246999164,398.0236327653182,1.1902868510525524,0.15057390575963814
91419,-3.122289971934288,-8.475316993040995,2.491826552842164,1.5580496528664427,358.3301493415361,0.03858743556409028,0.15057815571149075
91420,-5.967462388878431,-8.01452581104317,3.132959080625441,2.6538346161281354,467.37965628358603,1.2824181716868903,0.15060426394940662
91421,-6.801089365425996,-9.816673263280258,1.5361050665569769,0.8408605906129868,227.81630634425227,0.9017596862244597,0.15062774439565044
91422,-8.162846673455137,-7.2179170309205105,3.2413740623247995,1.2702081405387182,310.9316753699548,0.7915672363056236,0.15063962223319438
91423,-7.881205261288929,-5.863170290631206,3.504776813617087,1.7791140490811943,372.14400792801456,1.129648251243374,0.15064986473086497
91424,-3.2721517430903653,-8.523628357390017,1.7777221323841366,0.8294196795285659,139.92745655090206,0.003636263538244755,0.1506772151324764
91425,-4.936975376862978,-9.285876346580437,2.3901579509764845,1.5062706830318742,467.9671206000119,0.7004367517764933,0.15070883448726016
91426,-3.2646388885626374,-8.718879951486837,2.8103093658254927,1.4708934697873213,469.89072330598054,0.23564977926938901,0.15072168827083113
91427,-5.92920977868272,-9.668366895942587,1.8591076752538696,0.866000009319513,468.3870241116315,0.08067553979514308,0.15073168772759804
91428,-4.607959701454791,-9.368977213288241,0.3071822110004798,1.1365779118565644,467.0090360761081,0.12803460079519535,0.15073579222541683
91429,-4.6348687064155145,-9.188361784928576,2.4891244227969893,0.6775353910324237,145.49461784714705,0.09525628900513627,0.15075092690783312
91430,-5.7050336952327365,-9.011944720078397,2.9043151300533285,3.001608272577484,500.11586353744485,1.648115338047254,0.1507531385287176
91431,-4.136174570128456,-8.45229298689256,2.7348386367185307,1.0640374446478214,278.72156360208703,0.9945828116586712,0.15080000677240651
91432,-5.926762679344842,-8.656634998438754,3.3494181368168015,1.1184012244870771,288.54208668327857,1.2246237138719884,0.1508073802424738
91433,-4.13290528802697,-8.950118319016433,2.7110062847056815,0.9860070202496116,214.21153944166585,0.12444540376326962,0.1508296214235147
91434,-4.182762294484802,-8.62483696480179,2.885419304110486,0.9109865473641926,222.93226278032236,0.5908858003234103,0.15088721313957562
91435,-6.835781762201482,-7.825092729156225,3.932518611922661,1.1049076001928853,222.0516701612664,0.23426053014709236,0.15089590691513524
91436,-7.937336141181795,-8.36129655295031,2.2859500913787123,0.7618514358849703,155.28528389224402,0.4454783362034016,0.1508968307578821
91437,-3.624884245150268,-8.76113797839492,1.1579721399110472,0.9748289664111227,263.1425064307087,0.3230058345582565,0.15092889799816672
91438,-7.968943910028917,-6.0295146462197815,3.543626129227429,1.0183050460376621,265.91583523454005,0.7060129830737312,0.15094380990871697
91439,-3.5153039798135852,-10.830677279872091,0.9917822696698457,0.9429050580097046,159.75885318510504,0.03858826900340517,0.15097972929206693
91440,-4.6660511155204265,-9.825604138842559,1.6072328910669524,1.0182316574981891,279.11660856694067,1.199517129891773,0.15098843005220824
91441,-7.682471335896155,-6.306419031410215,3.6363559318589838,1.5366947747553679,347.7087655939355,1.777952720977428,0.1510316759656601
91442,-4.728765728126092,-8.836459171399323,2.8658225538514315,1.5436625303059215,348.162231414402,1.7190102158669802,0.15103582103944588
91443,-4.172996024317658,-11.646814522790226,0.09077672127272299,0.9455115150587103,252.49082092292994,1.1604476306082923,0.15106023638276775
91444,-6.22374608386996,-7.876824821085702,2.6684758281600853,0.6382640848579029,129.3281789462853,0.6454683700353163,0.1511032240284422
91445,-4.2941800555881935,-12.922894732043076,0.6498936264802518,0.7116809728513013,217.2568470416099,1.381430407927728,0.15111798016686084
91446,-5.019596587533183,-9.409284668567695,0.27871970534392637,1.8215335471329677,468.9974747901621,0.3926208910649338,0.15111906690639362
91447,-5.144947527839717,-9.995691280061,1.4752716315068803,1.7381801069275804,410.77615666348856,0.08234727403603959,0.15120510161481004
91448,-7.195462802255621,-9.456196403054772,1.7935190520431359,1.0021773579072435,201.00829064481871,0.3256242959891127,0.15123121091710276
91449,-7.353500168754568,-6.756186162172901,3.462413525180058,1.571917524457423,468.23707635881976,0.4119391926726488,0.15123145761954607
91450,-4.036114737310208,-8.738935510381253,1.188540024152098,0.7741888754567469,460.3196968266651,0.41147593071969,0.15124527483995076
91451,-7.9880677685434724,-8.199178038189785,0.6687663134454244,4.850623927768769,270.5793164965718,0.3372443423331193,0.15125708860350984
91452,-7.635449783611098,-7.720789944066583,0.6792197209509782,1.4761325153393978,342.4390181231676,1.6594462136911963,0.1512625968679881
91453,-4.594025704679348,-8.696415107378712,2.946505286037559,2.701202197793621,367.96153585499604,0.05984225901373197,0.15128065405850874
91454,-6.881599834892703,-7.616288822975434,3.8243210390258153,0.961312261878645,252.17283092581206,0.210329472616408,0.15128929896798674
91455,-8.466557548589602,-5.107188371602264,2.5417661822718576,0.8867013225914622,178.56761259820624,1.007546451237535,0.15130097125484412
91456,-4.985114143470258,-8.68563835274725,3.036295135663472,0.9231972304771614,467.99029400869046,0.3181511316027894,0.15132496034131995
91457,-8.542915749306124,-6.9322870518062825,0.9022473472784668,0.9691526586039203,467.66447534774323,0.129905508180439,0.1513304915579383
91458,-4.324932333250483,-8.41278018429312,2.5914672789317432,0.5462494825473726,159.40373972058563,1.2634728113540108,0.15137687764731994
91459,-2.46448581700726,-11.641296804780481,1.221031452164464,1.8344335519212607,467.4285043625719,0.020499358770997844,0.15139932768633332
91460,-3.275831668857884,-11.625288111718037,0.765943850289147,1.4119425599125426,355.6846070084536,0.3240605478519951,0.15143333557178545
91461,-5.582358357271316,-8.8925164682442,3.0165074276497514,1.2639559545838672,314.40276866760587,0.4671044359615619,0.15145569887675017
91462,-8.495880897874994,-6.142239231090853,2.5786158084378714,2.477927593236892,456.0190763002902,2.427667891010832,0.15147160235449378
91463,-3.778297721131251,-8.870084165742147,0.8300550982715988,2.2482901939424043,430.05879926930385,1.6170927307950507,0.15148247365194903
91464,-3.9845502948393055,-12.215898991984075,0.6956852866059171,1.3450297074906368,322.01406649252095,0.27133130034599606,0.1514959250743222
91465,-5.788501808328358,-9.589208265284848,1.979941614474625,1.0689975995251904,251.90149135039596,0.2967449449694337,0.1515352401588124
91466,-4.489355593817132,-11.884311024719132,0.7224413750391374,5.671227756021773,371.8688334835662,0.13769065237656353,0.15153967984737862
91467,-2.915737801779067,-8.962699574439306,0.8729316407187563,1.614543175680454,467.7945379717464,0.16213636126895192,0.15154113555505588
91468,-2.705796691263428,-9.04608846330181,0.8819143890591725,1.1193878134566237,468.12552887772887,0.744976992798958,0.15156421993135125
91469,-6.012527706255375,-11.538440615654135,0.6635934322753285,1.0335349548727877,268.80006265412504,0.9110620914671026,0.15159869035612808
91470,-8.670347338459418,-6.4428055492549134,1.4495203852169238,1.5657540361340223,354.23863282698755,1.0283372676171716,0.15162634147683493
91471,-3.9479394208417373,-8.848225124131096,2.778413236451485,0.5815148116970305,136.05832102163907,0.22643155594783604,0.15163422181099512
91472,-2.767287292746322,-12.429655064667351,0.7385451576323792,1.8305487216026852,468.5132090031819,0.9103730015949552,0.15163790904103427
91473,-8.10493947377613,-5.686727289177846,3.321288737968744,0.8169182249420684,185.45874409914936,0.9952639677868413,0.1516839097044201
91474,-5.256446058320811,-10.043217297154742,1.434234956253228,1.070906242699327,274.96144354713056,1.617995080924179,0.1517004770335076
91475,-3.18531614621101,-10.063179590383653,1.4079353544989146,1.1603158180623072,468.69744340006366,0.8168061967458877,0.15170981225484706
91476,-4.109922962444015,-12.750294275309722,0.6572832408930566,1.2067974338131942,286.12438757073295,0.13858055489695875,0.15173142683200658
91477,-3.7729120118079447,-10.117803378416417,1.3630361121251446,1.1219995022721363,274.6163247553955,1.4050091196534256,0.15177138698531162
91478,-7.146469204183489,-7.217479159839343,1.843002438008696,1.5807686810639001,467.82806727612143,0.7879614390500844,0.1517724540846964
91479,-4.122570924444152,-11.773682300893414,0.09134854384434166,3.469253258268025,535.1955529708406,1.4010531045836245,0.1518044325592482
91480,-5.297828210517688,-8.72016035320399,3.0924168490541106,1.5089232068789038,442.35423695524935,0.44318510375873377,0.15181243261478009
91481,-3.5303564853415956,-8.491822186011152,1.8678479629285079,1.6151900139679494,381.1054612283634,0.4294493516503133,0.15182435190724292
91482,-6.424872473043328,-11.018009630451314,0.6904180405980113,0.8192982324312683,172.09902565286805,0.129526923565356,0.15182571305679496
91483,-7.0896755042885475,-8.345583295584607,3.596815742268834,1.0030902722456159,211.66460780256625,0.203092153397189,0.15183757799001826
91484,-7.597635315943701,-8.813822977990426,2.2919984849674044,8.767005350818218,575.9169791889069,0.03470617182946256,0.1518568860537939
91485,-4.461570754357754,-10.094114953538654,0.12393510119232237,1.5787521533647566,370.22305212756817,0.397971130445252,0.1518806902808522
91486,-3.2590422382607986,-9.03114217068041,2.5752171872588154,0.8371953092925554,227.76197611341192,0.8723525338700009,0.1518820803613838
91487,-6.908177902327832,-7.95575215707147,3.936750220708793,0.5058749727515176,121.79892236204758,1.1333166945836348,0.15191397581201155
91488,-8.31926425689225,-5.508530017340627,2.946689563158205,1.2943823651784145,297.75184220753926,0.14013101787078686,0.1519649305778651
91489,-8.333346243771139,-6.389198426876709,3.0675785624305276,5.7696989726062125,343.60555958895696,0.18327193500539263,0.1519771183943599
91490,-6.425394626821969,-10.760062646267308,0.855776736373089,2.111032258272369,414.846182436532,1.521328265741679,0.15198007373109357
91491,-6.597784554117131,-9.179334604713665,2.7565253826417897,0.991944452312621,469.05127743320213,0.06519227313692877,0.15198195478172805
91492,-7.642152886668817,-7.852441527041198,3.551783400866329,3.054666148887119,501.68646514830886,1.1367251317506701,0.15199177933558783
91493,-2.7324936124877732,-8.844473518740315,1.7988807589919045,1.8188130219116128,468.4826414115702,0.7699770261981671,0.15199946328620004
91494,-4.995082212850953,-8.342686803694514,2.068317321852316,1.020934505291895,136.94808948723826,0.3656088821482051,0.15200759747058096
91495,-4.116038190196769,-8.537121221074681,2.8164925101402805,1.3411077700835854,224.3093935286033,0.059640122783310545,0.15203733648831932
91496,-3.491659411075707,-8.631270460462208,2.8009062488407124,0.8594079739095617,467.77294941419115,0.5789683725769796,0.15208922864030072
91497,-8.193858604243406,-6.3855098132028205,3.3563113240266493,1.3018031318645702,276.84882318582794,0.7130736185403652,0.15209802787282853
91498,-4.381506021427873,-12.214528373127962,0.6890665142567896,0.7400962310863387,466.93613171498686,0.3824058389716205,0.15215726729104664
91499,-6.065610653569439,-11.853623376761705,0.2706590506087457,2.3163617757204538,417.3845430252478,0.3780699222643511,0.1521840955128132
91500,-3.0875518855210435,-10.16252991120652,1.353017946435338,1.8504964793954164,444.01265478330185,0.23766657724031148,0.15218463974698376
91501,-5.331036717832227,-8.383068731401547,3.1704815123573944,0.7404240818788044,209.78736052665758,1.089267666982206,0.15218923459847777
91502,-8.369579765317162,-6.005841725972302,2.9233400020422824,0.7735804046110084,160.7685309282421,0.028761370319194235,0.1522469246938464
91503,-8.129102923742225,-6.008267378807531,3.3763528460762133,0.8693780000157431,468.4139294142966,0.8257182885849046,0.15229532974225624
91504,-5.876196418037038,-11.738248790350369,0.647495175198996,1.1216665959268197,265.59782046848153,0.40288357794962426,0.152304326223237
91505,-8.315701964075773,-5.581095958899388,0.5767291575168548,1.6346488390204552,468.37036005965973,0.14603347687648505,0.15232400079821332
91506,-7.756920451019595,-5.889808075089974,0.6597285998512472,1.2644453662609503,311.05646737416816,1.8943040468440673,0.15232497669279227
91507,-2.97531734113461,-8.82488439379639,1.2327807017885857,1.3593359014131492,306.8344713646217,0.8823113918827783,0.15234127175284096
91508,-5.38190751159472,-11.907766241474672,0.13715341966614353,1.0473331645350616,260.10295895276596,1.3731109990843402,0.1523483097926861
91509,-7.475782172467598,-6.296268201460749,3.1001318527471917,1.8767800869732225,451.07684520227485,0.24362724799517732,0.15240688952129153
91510,-6.12128449322309,-8.852495521072093,0.5224732097701502,0.8049854446839929,232.92808139752714,0.890907628415964,0.1524140698681685
91511,-3.8887538773744588,-8.463235308560582,2.6702454214826035,1.0783436277735912,279.88092909510937,1.0652670628220156,0.15242517123181848
91512,-5.795285797368482,-9.879020504053289,1.5811896171353244,2.094079039724406,358.83245081983404,0.13899638439804818,0.15242664279848825
91513,-7.043541893301608,-7.421428761154475,1.7621307943390576,1.911864248049609,468.5599694106199,0.6513040108900814,0.15244546029518516
91514,-6.632230133483624,-10.141913647386936,1.2730228490411175,1.6490916424333468,384.42062791122254,0.22712047001077362,0.1524464727989397
91515,-4.691531715975524,-8.364765612539042,2.439078386951148,1.3329751490302963,307.37647828180707,0.15875471815665598,0.15245327554982147
91516,-5.170300446672395,-9.584643551129636,1.8993014317615684,1.1380006693408382,468.45305303546616,0.11041741097972846,0.1525765540028771
91517,-3.150330894683238,-9.090759434445646,2.541069868663581,4.275228687078604,391.94368455786554,0.06041443939524438,0.15258499305466683
91518,-3.9206590618643586,-10.813874723540746,0.9929302809253245,0.7914282551361651,168.74684802921726,0.6393199643419756,0.1526256768656211
91519,-8.666693717039802,-5.935899156902998,1.554385420840803,1.101337304344885,284.35346847653716,1.1658954480803603,0.15263998942003978
91520,-3.591136268544018,-9.314524272543704,2.2057967937033456,1.0387696563501554,281.2597598577947,1.3485945844095228,0.15264698876838306
91521,-7.26673263319935,-8.460145398123917,3.3071119845660615,1.1541399965497838,468.11587936529895,0.2744532002369846,0.15265601335724563
91522,-5.975363923661584,-8.303469023440648,3.5360817802140554,0.9002179758450928,316.7937124180965,0.2681546894996929,0.15266620354446656
91523,-2.7644337818309257,-8.956806607186346,1.2423392013898462,0.7399272703105327,465.02545682108075,0.29287621588795165,0.15268656169672795
91524,-3.7259325135869537,-8.479154077413213,2.6388478796375736,1.2195766214073829,197.61665881093143,0.3620279425134454,0.1526904754996226
91525,-4.518694665049829,-9.694859964821404,1.7164598893018093,2.5275611922725956,460.1044525663286,2.149641549102843,0.15270474721435703
91526,-7.382931571377721,-6.553823650696841,3.125109395491849,5.921152172301808,432.15102243628536,0.10160891145909723,0.15272875149765813
91527,-6.707676016683543,-7.618651251431458,3.532827063514258,1.306731909661338,322.3355712399506,0.4076252948175094,0.152736188955317
91528,-7.099727876132751,-10.113383935675433,0.5003961109470246,1.4699685544954035,337.9895832799953,1.7800029584620436,0.1527376305918467
91529,-8.551072413659284,-6.679471631135547,2.2807595134774097,1.6929952586872097,399.39339950784904,0.6303962941708106,0.15274064383147892
91530,-5.592317375358174,-9.626204828404656,0.19074381220100659,1.7514693405469581,412.8974756598046,0.6222923746931368,0.15283225354012508
91531,-7.840511634296666,-9.024431179419647,0.8678781465316259,0.825107364729603,161.75533187042188,0.4766315187321064,0.15284811506810853
91532,-7.532652715384193,-9.519967335958137,1.1925509975221145,1.0553309916953557,209.7766913748828,0.9089097934218522,0.1528528122400062
91533,-8.006163683945552,-7.089720532828889,3.587661456442041,1.6350826501566718,152.1215863964988,0.3787273284798234,0.15290233925026336
91534,-7.515442026507392,-5.986066448628418,2.084048959650469,2.638520202887918,218.3183716794466,0.24291505390862334,0.15290602949708923
91535,-6.869264575048969,-8.2478172488277,3.781631515319484,1.2688329292294442,301.80575119918075,0.5174049065993644,0.15291455093259776
91536,-7.7023210042871835,-5.575999072008276,3.1386895325434994,1.5568654918446125,470.3150523173872,0.02092591550904732,0.1529391661697123
91537,-2.4808135001419283,-12.444076547198028,1.4005871421618659,1.0308780923735208,176.28757690941114,0.15219655699007362,0.1529986680177404
91538,-3.2250836754367125,-9.266079903318932,0.44468432507015326,2.068068504988072,410.93778265293923,1.66452192862707,0.15302093742752207
91539,-5.5941369759118755,-8.672148899541494,3.2141383309853078,1.4629719488011013,349.02568433089164,0.5322244926589192,0.15305865632524296
91540,-4.606612484325419,-9.621333297683153,0.21041297231740722,0.4826660965095334,105.93592360579842,0.24540325497635518,0.15305907994695658
91541,-7.638836540156074,-5.273916103286108,2.681853898468417,1.1647337340336728,467.05685645449375,0.4028610767520231,0.15309262944121813
91542,-6.340607643530289,-9.596674481812535,2.0234582172572586,0.7889840308674471,423.1677146126595,0.39290259176977216,0.15312999371018665
91543,-5.283191066341813,-12.35507672171174,0.6377571599225118,0.5020406717455074,124.40391436154894,1.0930283610785443,0.15313418979248675
91544,-4.067902243979945,-8.459062081967684,2.683855899982011,1.0684893252854746,225.8424887497555,0.7641188757709791,0.15313750666828985
91545,-5.033197246055567,-9.914838657261877,0.1447543007896483,1.187039041614466,428.07503566572336,0.5409371872248796,0.15315318428298016
91546,-7.597257551203226,-5.742949737582074,2.8981035250153533,1.243041441728404,298.11765710030244,0.17149225111109345,0.1531539807937021
91547,-3.2242048087736137,-11.71579222974863,0.7544800177333556,0.9979596153649869,209.18845035024628,0.001459758264668487,0.15316747103352715
91548,-3.172695143473492,-8.604400016443819,1.5986983342165801,1.0360591621224444,222.63350579838482,0.12849323373408517,0.1531990229094307
91549,-7.731899024600816,-8.216621473485484,0.6591523228873921,1.69072561732502,470.3760389089396,0.05128339766106116,0.15320586862579763
91550,-3.5516207317134523,-11.06361544098932,0.08254101917250835,0.9703976986247084,193.34623696924092,0.6687443650705402,0.1532184313234616
91551,-7.111657095019279,-10.030502685519815,0.4859733578680401,0.8000590630596268,469.90235502752694,0.09034051082631223,0.15322839657355183
91552,-7.079105396253063,-10.049201698507567,1.1387961129187167,0.9046064465491,180.88555837307914,0.888857183351246,0.1532298532407233
91553,-2.8049202234059036,-8.748920913659731,2.0400413009801994,1.079216355036299,277.63530845547456,0.21516291878633442,0.15323831377871117
91554,-8.291971342242558,-6.985201488260026,3.0607095834624074,0.5908172540076189,127.85696058274632,0.12022624126409998,0.15324676994288516
91555,-6.443400103900123,-9.252824523799223,2.6636214960289686,0.496633607936041,151.33075780965126,0.3185931881393591,0.1532503267635707
91556,-6.124668991127791,-12.044139875766353,0.33213792205310927,0.7885030693720755,469.744885035537,0.17552216366312035,0.1532761830855415
91557,-2.7768392066303216,-9.311151215281065,2.3562551620515957,1.1089499959722313,453.447894598522,0.854398235767218,0.15330705302511827
91558,-7.105160285906631,-9.805867717502094,1.3725383156982478,0.6796013093496849,204.0877065682485,1.1707740755364702,0.15330799883235735
91559,-7.927107849899568,-6.684729218350495,3.7405301637576898,1.3586610789189433,306.1910089892232,0.28121219463474123,0.15332837929599183
91560,-5.21487600540622,-9.206111734168687,2.545844797512833,1.105131188839542,236.28938101492906,0.9642267757774379,0.1533374786319881
91561,-8.301228829239465,-7.332935472822306,2.7854604052171386,1.2911846687679616,278.9144477095343,0.4455030899923704,0.15335099426554227
91562,-4.6011160501180175,-8.62742543588275,2.944544449788169,2.055754600852065,408.6363183677608,1.4372207242285766,0.1533667748569727
91563,-8.291506099336598,-5.28852854502732,2.9650142932546495,5.302199772914287,558.5769731786668,0.12414081763469742,0.15338683567093717
91564,-6.2490295315634015,-8.21360937249903,3.6884494903590572,1.0863572896214642,289.9835484617519,0.5254307242877578,0.15342189984340934
91565,-4.950825156497675,-9.998164489138343,1.4596683862038595,1.3545748475919306,328.9993292685948,0.32143728471520916,0.1534654048579105
91566,-7.6478910910558096,-5.237693234720849,1.1524971533266788,2.719808078594915,344.519974341578,0.011556201313722703,0.15348989783705844
91567,-7.7991916939004,-5.807558950189628,0.6066912831178234,0.7052313113754796,430.4201230930993,0.3671521125380304,0.15349270773452137
91568,-2.6348536676793497,-11.874071422469576,0.9979710596610503,1.877893557660147,466.90218993518414,0.2778017518468898,0.15351848569547927
91569,-6.113636751540326,-12.596461337074983,0.46580001695884327,0.9271352139617904,468.8185998452953,0.0069128349155427316,0.15354952560791985
91570,-3.783520016564216,-11.42043520869792,0.08646989410813827,1.1180660257517006,230.04600630594467,0.12705791079526652,0.15356887265375666
91571,-2.6220960163470233,-9.542894240804774,2.1364736361163557,1.500498040476265,305.4063393253002,0.4580980626823914,0.1535711570555352
91572,-5.231465937178845,-9.400618279995074,2.231874727500523,1.309497216961506,288.71278158856467,0.5227075810783015,0.15359097705703542
91573,-7.197164738557822,-7.006336907492826,3.327336355883666,0.8709766007423645,468.49776596102964,0.8424573885398532,0.1536086480049255
91574,-3.5989382525213927,-10.197881550388118,0.11393894521421015,16.06986456090259,837.2805816851956,0.25719362179133487,0.15362051152380873
91575,-5.335048478225615,-10.635560850625188,0.11410343501203662,1.1828381756440427,305.08101812690336,1.6434736587989738,0.15363385916325012
91576,-8.679842290097605,-6.026427973548577,1.3588448053435564,0.8848055880525054,229.96606681517406,1.1410696128019557,0.15364313729777787
91577,-4.993261741404478,-11.119399956639208,0.8597361759419404,0.9150195099541457,467.9975847360392,0.36689722948389303,0.1536519097967977
91578,-5.784214338884564,-9.795769430212356,1.6569314443144705,1.0600704309406164,468.33045656952106,0.5098209189424727,0.15365408417179088
91579,-6.383747198288724,-8.341398358735344,3.699935191706206,1.0402392659332487,224.87150920274414,0.2909386113482606,0.1536633420629248
91580,-7.6287758157891545,-5.630132009510746,1.344541181058112,1.7553857414056455,446.67556595180355,0.5063498643941982,0.1537218928740288
91581,-6.630159866663622,-9.493762301720881,2.2119719816613927,1.0716973249730677,281.13520178393867,1.6905895210584196,0.15372282663366096
91582,-4.147669705087136,-8.55437058542822,2.814856756173377,1.5293258285903037,353.1722640732129,0.31367774484332234,0.15374979672846145
91583,-3.3496573653681203,-10.929690162051703,0.9412810694835774,1.7611179407464468,375.24499192632055,1.6749897463466281,0.15375069354137427
91584,-4.565952343952996,-11.558962896907428,0.7565692024432416,0.46256518601810326,118.75825541464012,0.18450956628713389,0.15385702240027266
91585,-8.069612653488583,-7.946999628016034,0.6621504283707189,1.8836304548255938,239.38753736142888,0.10972247094435605,0.15386118893198605
91586,-3.7028035502578476,-8.652771247289829,2.79435603877403,3.7060747116001926,544.5335879770556,0.6895468013863661,0.15389259756142584
91587,-7.363522865529877,-6.866828952504492,1.656294898172378,1.097320614945932,468.10738362157764,0.7348505179712816,0.15391469993645476
91588,-7.350742465282768,-6.973563207396762,1.5272317800906745,1.189370169453501,247.4669699421777,0.125654807358357,0.15392569877680898
91589,-5.139047635337145,-8.918893076533033,2.8592815712337956,1.39376271095202,327.58804323857237,0.49644939794059706,0.15396996752685696
91590,-7.244041629204881,-10.021985632266244,0.9684180160748999,0.9136238737393905,182.73035505785276,0.7613469225164193,0.15397215203591366
91591,-2.9503985985636643,-10.936828648640272,0.9829737161794873,0.7135053853955687,194.5550766540862,1.2904444745094823,0.1539869529121242
91592,-6.135068735988731,-8.967831652657582,3.039302119268417,1.0077269914253948,228.58730055691365,0.39702027586924427,0.1539939978897556
91593,-5.049192696196802,-9.329068826647909,2.309465803148572,1.649687477792491,386.3342555183504,0.4558228737841086,0.15399688369295636
91594,-8.678026396752198,-5.517611450716431,1.1853625714367158,1.0440234311575214,231.3010455533397,0.0844438162244634,0.15400499763594117
91595,-5.400208826409218,-8.750797307863067,0.817901142334342,3.59819796034906,544.2947727145636,1.3763389519465052,0.1540485573468999
91596,-6.965268218543539,-9.639666876353255,0.4085050051406407,1.0172485878489372,275.0258661696719,1.3850992318726165,0.15405110122114862
91597,-4.008465121751412,-9.220145334221447,2.3488590680896357,1.160024124809705,300.5836934997436,0.536641269211672,0.15405398314279492
91598,-7.140078805777223,-7.043017136851945,2.5658009752939206,2.101528870444748,415.8284086640022,1.7090883007931224,0.15407457900915816
91599,-6.89278521143418,-8.968333208634746,2.9302755395027287,1.5240941710126046,344.0974764363661,1.3514779278579603,0.1541731703639325
91600,-6.806565143574987,-7.580503708105471,3.6338249757429266,1.290063985331318,238.7177976719117,0.1290285092511967,0.1541745883051189
91601,-6.7606800680466606,-10.252657686186922,1.1447047173083629,0.8980315330199056,231.57224814191684,0.9016500446550904,0.15419155592375683
91602,-5.749560955666732,-12.38893618174021,0.5866760019301206,1.2085629914950586,233.36530306398717,0.02030862102747122,0.154205517108839
91603,-7.703103611075415,-7.075539997103168,0.6850408206270961,1.808933275298925,468.1399637035865,0.1425302133654407,0.15422064556787854
91604,-8.418326040143146,-5.300080778909072,2.669305618301294,0.8792302584049942,218.16647098228106,1.3239579907291246,0.154231621319452
91605,-4.3428353701058855,-8.402600143642836,2.408250359515902,1.0015737144493093,469.69683446857584,0.05312556847194205,0.15423509187990023
91606,-6.082415837545043,-7.957467231347885,2.9813332412184326,1.6228337828068082,371.96981368204985,0.08786983679010785,0.15424127507021196
91607,-7.076075162221953,-9.892813681637534,1.291369728413996,1.5046748456487251,342.27329265561957,0.0297563552966027,0.15424377536739714
91608,-7.205502242516164,-8.617385366396416,0.5299852218898052,4.081356248900103,574.5676528645748,1.03173911995387,0.15427504108825338
91609,-8.082134163708623,-6.516761455818815,0.5608007124210946,0.923533655331326,182.92299351656757,0.2293908928808177,0.15428498541906224
91610,-3.9214798165980422,-8.625627884010374,1.483340066601295,1.1845367269243694,277.88992270722355,0.6167420731298074,0.1543046640275789
91611,-8.538330507434939,-5.0110633574695465,2.239401347956722,0.6515589317597846,165.87517004777644,1.1861611610413467,0.15432265447866692
91612,-4.457799603723882,-8.876229277177913,2.7713344199319736,1.5496318654862293,351.58057798479473,0.19245099459577464,0.15435354720115638
91613,-7.237961855321807,-7.795743225278075,3.917776411180962,2.1489688085284278,419.0034396132979,1.5105113015254146,0.15439427656521573
91614,-5.754361588949374,-8.62246056069288,0.9378638688675887,1.1567148599314485,214.84818766760912,0.06900739315029103,0.1544228838460318
91615,-5.801183903090351,-11.569766214587306,0.6832519506577969,2.931692843383185,494.52073288435594,1.6934904319240562,0.15442953912602175
91616,-8.530517160436077,-7.0502019702252685,2.1520124949539294,0.7417010583059559,214.87312519510226,0.4456233080244614,0.15443381546924012
91617,-5.220261141693966,-10.515891663991773,1.1427754146034088,1.820742175319994,435.2129813970803,0.3424663971903126,0.15443611146198363
91618,-4.524423128490023,-8.827857469845204,2.825741819615314,1.0859603657465497,468.0132656383038,0.37399706072783445,0.1544693088699016
91619,-3.297630462099165,-8.453023731869163,2.349480620642808,2.8980995548166884,325.9418528287601,0.07470380236383889,0.1544705940704098
91620,-2.529575008894586,-10.346481950153196,1.7072872393949843,1.506351275344359,341.0216649347662,0.6044390793782322,0.15448697134691494
91621,-3.0075280800422366,-11.986807255909854,0.7402251588608888,0.9699385934041944,270.57363183127535,1.6009337904178702,0.15449367897415753
91622,-7.336916658591104,-8.313716851223308,3.40447164524895,1.362437031750028,330.31599805245037,0.2763243857507618,0.15450903542298744
91623,-2.6725795702866737,-12.325498102084586,0.7947189581411996,0.9177047390130019,193.02098628347136,0.23775537237825883,0.15455601983870962
91624,-4.393699461823092,-10.719381756828861,1.0329111811799248,2.649869014977509,453.4685953507431,0.5299100961597514,0.1546197124253725
91625,-7.4946517252473885,-6.122054556680752,2.724516695493503,1.5020882394120132,468.8346261395598,0.64236434113693,0.1546249517434534
91626,-6.309622598249669,-8.103914131100995,3.699834167449113,0.858707808950421,466.4356410320611,0.5962824530724395,0.15462835470033554
91627,-7.646752613120335,-7.652846082606688,3.7078100998985017,0.8727894018647068,468.3576136231504,0.5203284756143196,0.15463089094742705
91628,-3.5447774535285532,-8.830234475698685,2.745132339349114,0.6705333155710073,135.4927335532962,0.6794010209641854,0.15463105439736416
91629,-6.106843475052713,-12.664111397475128,0.3728917171534647,1.423021066300072,167.62467064879823,0.24537050862778642,0.15468151298074292
91630,-5.958582936352043,-8.739886604917498,3.254854663493611,1.3484805575883716,304.9573881383406,0.44435326485955695,0.15470069253270344
91631,-5.018585692361398,-9.894138591103097,1.5430266058501265,1.7000708815137922,398.40438745390355,0.005169494823699772,0.1547093652303411
91632,-7.63176979711386,-7.725048005160882,3.6659375822535574,1.2524090865486337,315.64736090590753,0.3950955095965689,0.1547265568833331
91633,-5.649790683703868,-11.466476636399554,0.7200280221117389,1.8506667048783738,442.50544593158577,0.40887220401940727,0.15472810678739884
91634,-4.384142042565058,-12.67989144460336,0.65017782921494,0.8343622906529572,239.56355681063954,1.1970197306014798,0.15474493734211967
91635,-7.989896060862362,-7.988861178554988,2.742701164007107,1.273005238849817,470.27434303055855,0.026718834687771142,0.15475287036395605
91636,-8.066966936075175,-5.730971923261514,3.350397681059932,1.3917849701550722,312.1452510967781,0.18543623920731722,0.15476126335865914
91637,-7.14106155906048,-9.377957279404303,2.0242006048684376,1.2414543547083048,468.02868476337136,0.034713036092125726,0.15478782850801961
91638,-4.326331475066954,-9.068387941534436,2.5774571613307686,1.3068767033734412,295.5650019077413,0.27917337192130987,0.1548128383903425
91639,-6.149106671798751,-11.469780389302866,0.6311368496429596,1.3699003314110583,299.75168432491984,0.5804846597507884,0.15481548129716097
91640,-3.238918263651306,-9.034449444841048,0.6796885553806337,1.6865375011105455,396.71476467122056,0.5412220606061711,0.15483466069044496
91641,-5.107392302369399,-8.41086165597793,1.7645073539900635,1.5328574406707758,346.1929777815776,0.04169357563338405,0.1548514519266918
91642,-8.640994801393356,-5.0983074059468745,1.687198508912924,0.8533249562316729,468.34737400187237,0.14053003467300673,0.1548516307385902
91643,-5.282070456527509,-8.677825079432242,3.0972836105006456,0.9467520333032073,250.08083774324936,1.0051160518643698,0.154853239574085
91644,-6.991561159100847,-7.398856636149291,3.625221774013251,1.9084867998396307,394.0786735347666,1.8040442643382848,0.15487279305220097
91645,-5.969299384127952,-10.968980137011272,0.8369025266990598,1.062361772499361,281.97841190923697,0.9204959120717318,0.15489821963442474
91646,-6.184154545533343,-12.389483609955294,0.38812404709714043,0.9010415602771571,251.15302448828032,1.397907738404239,0.15489843360121575
91647,-7.6417005071947965,-5.476573438385602,2.8522212033368803,1.1927826003650293,467.8760321862426,0.1510828085682716,0.15491607604278476
91648,-8.56341382071394,-6.60268056725938,2.2040478442319227,0.947860293642316,205.58541412179514,0.324566214656711,0.15491818790413664
91649,-6.530131160656868,-8.535136636837027,0.7094211466672844,0.6856570259622998,180.057083683023,0.30830962060469336,0.15491965964522242
91650,-7.835006959995151,-5.359048709400151,3.2395136828894238,1.295069256966658,283.3299593892364,0.9011062532124017,0.1549309781401981
91651,-6.430023204097038,-9.526635368013704,0.23606357413115261,0.730372420234497,183.0108463593319,1.1968308435446753,0.15495319086243467
91652,-6.846139169819585,-8.985669747010773,2.9277260877605276,0.9696625009459446,263.47788965154103,1.6252130903756656,0.1549569011747555
91653,-6.355580110040485,-11.200279485189673,0.36762512577510886,1.5227716585791056,340.92962730455804,0.043854266798064145,0.15495892379913415
91654,-3.2527136834577064,-8.850062467566678,0.9775287634242739,0.8936799726978731,197.5545683380627,0.18225612632579047,0.15496746300522146
91655,-5.829539436100474,-9.218106790178911,2.6387600603463293,1.362132006151743,301.3656191106786,0.9232044962093786,0.15500746024302467
91656,-4.204840518649755,-8.842460103293934,0.9044072490113936,0.8056357957524668,467.60016115674074,0.03735357413722884,0.15501407370446615
91657,-3.1730929499070335,-10.687969869347043,1.0600588547732157,1.6537597186250224,298.01058647782173,0.20909459752701398,0.155017147157965
91658,-3.813922173373367,-8.69008897349096,2.7890497834862016,1.2727265161580275,468.04761002288456,0.45299478613996325,0.15506972643158087
91659,-2.934911081368316,-8.729188367783454,2.614506566840734,1.0965305313489198,467.2569655263048,0.4303357048621379,0.15507738757533496
91660,-5.736312652109387,-8.526504009199446,1.1675989656225292,1.231944463301512,305.41027649093695,1.7604857586969356,0.1551000176245557
91661,-4.076653357090432,-8.437548516564348,2.3504740770946073,0.9836234084776933,468.0472821425893,0.47926883102771445,0.15513092823357685
91662,-5.96866846361025,-8.700137832081314,3.295629298926323,2.4834465144581443,456.670205988411,2.5448828146463303,0.15514733587886478
91663,-6.675518777581823,-10.663672647003471,0.7404922095435982,1.7166316676106284,467.81703924782806,0.8078064056497398,0.1551690031253468
91664,-4.0179950810861325,-9.227416083284044,2.3368001629922914,1.456545844934566,338.65603992257826,1.6260544399682262,0.15517709422194068
91665,-7.441945281017141,-6.2916274992244245,2.334913851317435,0.8576623627395392,209.85233194040512,0.07476196614248742,0.15520192305562086
91666,-7.434006413420752,-8.556712988969094,2.9575957863354687,2.3193519725616727,439.4110372519483,1.993375636505271,0.15527264054773177
91667,-2.6358122664069956,-10.975472045173348,1.239585270031164,1.1835050059153125,461.6512986486729,0.2141008915449243,0.15528262566138382
91668,-5.549726620231095,-8.261200390639342,3.1610118488184518,1.1476769563142437,293.38125147036715,1.0599845654779037,0.15528746043809336
91669,-4.989365914326874,-11.056055760780874,0.874956644961828,2.6016033699626644,441.16048453998684,0.2709457512455318,0.15529831746988346
91670,-6.406276773262263,-10.825168633747431,0.7908845167085954,2.3742206903291363,446.0020581284225,2.3900508035681627,0.15532428670052742
91671,-6.063513470732543,-8.671730120066616,0.7348018134810738,1.5072650724323122,385.8949402713903,0.16821001713663275,0.15532928246416536
91672,-3.401942942506743,-8.957624859029837,2.6294633513860917,0.9179144842815123,160.60103553129176,0.09421507818723107,0.15534080970856656
91673,-5.288884581198122,-9.676911667342113,1.7658803094468278,1.1923000038811424,466.1970347513527,0.17367069664594403,0.15535524175259163
91674,-6.457371027983616,-11.369486969311096,0.4077154132119401,1.0394457231457908,275.1451809485929,0.7953861187628997,0.1553899079439762
91675,-5.567932400955914,-8.502977064930736,3.271466189994925,0.9630425598463602,373.1742646132031,0.4038699899918088,0.15542676640888395
91676,-5.9321087547776665,-9.383013349926559,2.4009189298630362,1.6303101855143929,469.81145478353807,0.0013272956085872423,0.15543891449478106
91677,-7.126288139780068,-7.771688036059415,3.947591945493499,1.3005836577140695,304.21773050112097,0.16348551888267782,0.15545210759886632
91678,-3.4842318328589617,-9.163233525000267,2.391102830851914,1.7523736925127764,468.32249576028124,0.5068831304541126,0.1554618451541035
91679,-7.059146006288826,-8.445845143738744,3.4905488048618762,1.8017409959734063,470.1978356997117,0.054812324149041025,0.15546653417318737
91680,-6.3543424394334815,-9.348789121304954,2.505512891699296,1.8329487189894254,467.64260965976115,0.29690235803377973,0.1554673859169726
91681,-7.612263667052792,-6.651992637385705,3.77445178045911,1.4749069347745758,335.8342745566249,0.7118288233290047,0.1555102540466734
91682,-6.635053972099117,-9.661984563140138,1.8059022313083848,2.709759710074781,476.95509138407004,2.3014509468180426,0.15553500197511974
91683,-8.47859634898516,-7.17312058129596,2.2981403907236913,0.8883222292560805,214.65241743951606,1.3033045433646473,0.15558120015146032
91684,-4.590131587056843,-11.13472550401686,0.0970020944513543,1.8182139033335778,435.6919117497988,0.9034214737772182,0.15561092282573144
91685,-2.937886364366385,-9.238806298781542,2.39133869364597,1.0117854770727632,468.0470763276721,0.17843167812816407,0.15563771986167613
91686,-5.670906003031002,-12.236934475576078,0.6062797629832969,0.5525605482323439,152.2674802083685,0.5617648524926127,0.1556576315912993
91687,-7.643417998275419,-6.156168754663529,3.4368974666543948,4.546198864402725,593.0014527709831,0.4193869766785072,0.15571019398461058
91688,-5.689252818335587,-11.563126549338955,0.1592349011641306,2.378894126366556,444.41788546890143,1.7728842792932706,0.1557195277807004
91689,-4.028219816690411,-8.575755968781696,2.7787220803637127,1.7548980160610503,417.9047627066888,0.8478438547870164,0.15575782365857846
91690,-4.995416643428739,-11.776894254911417,0.7116508013077688,1.766786928708751,419.165552541066,0.3486767356569578,0.15578634355351687
91691,-7.802602299541887,-5.55203609163721,3.292436468983234,0.8375158193120569,469.0152236939837,0.01425994933275021,0.15579887483694965
91692,-5.906360105121938,-8.274966848149358,1.6488037336555605,1.0125506809200275,247.51842572298793,1.1968704220628181,0.15583923275861872
91693,-7.542770703922979,-6.42949851938774,1.110578828241591,1.073366598849895,468.1473612129683,0.1426569116026135,0.155846766269846
91694,-7.768177243436543,-5.500644991705591,3.198907717762282,2.820912967006612,481.62190742869376,1.1782744865992267,0.15585053295982684
91695,-7.445058842212873,-6.288920078123537,2.544961402399209,2.959208013114364,497.5312081152741,1.9453007236869908,0.15588850491921097
91696,-7.487479615165509,-6.670853912886589,3.626982242092238,1.0211356113911576,469.2546047616888,0.008710721385788212,0.1558973679926787
91697,-8.670479873220195,-6.1251320231625765,1.190526063803194,1.8785592100484425,452.30483618453445,0.08512753275582252,0.15590965209565852
91698,-7.106039821772713,-8.844356773542593,0.46607571223218386,1.5964983966184545,371.1095782140285,0.051054228994242834,0.15591166192973702
91699,-8.123190672690136,-6.5763269736705965,0.5860706021848049,1.1497332239764895,294.3348589468757,1.0601329697620825,0.15592155854834897
91700,-6.388409841245641,-11.089830632093776,0.6665904335400789,1.6449937583668282,357.7881227381439,1.2115786457452336,0.15592907331416125
91701,-7.5656444160549166,-5.668526085194702,2.0336440949455867,1.1485002036466185,467.94255433229625,0.4021426506371908,0.15592929295231844
91702,-5.462564607349133,-8.497557310513715,1.4253393150178333,1.1431162265902222,240.3996658405916,0.1800726869789271,0.15594012121789952
91703,-7.733998279609394,-5.939635080428176,3.411714013397833,1.0209511833614264,206.51217482818177,1.0776242520134884,0.155964382589686
91704,-7.598771223222837,-5.361830483249576,2.090438244446932,1.7331475663377016,407.8529025101737,0.018006391139700817,0.155970983347456
91705,-3.291444631580937,-11.556644234131886,0.7643822860107017,0.9485043793885335,468.02655294204504,0.31984892644961693,0.15597253436387393
91706,-3.119740744466628,-10.045453193538373,1.4135502354338498,1.5616769481748378,467.99171884268964,0.555053006561768,0.1559782424430027
91707,-5.3341827644528115,-12.173577454481373,0.6426751311011505,1.2651431685528478,309.6718249140698,1.4364071193629195,0.15598299058383333
91708,-7.46902018739314,-7.504158471939205,0.835155164346931,1.1667051042834427,297.8312687840177,0.9766368082227812,0.1559958574449017
91709,-5.619771608895496,-9.239338003905988,2.5553570833938086,1.6337476308585677,396.34094483259275,0.13963930046046968,0.1560517889990777
91710,-7.278567487092718,-7.731174896463402,3.921564588434326,5.143860253550107,532.7647436151595,0.10166278711792653,0.15607650748529475
91711,-3.746550878478682,-8.867527055102805,0.8456149746514909,0.8659447251535346,468.1949030222895,0.5691150576379789,0.1561032144005234
91712,-6.091993321400473,-10.748459955431484,0.9505117982806416,1.1103390898053374,226.4110604110731,0.12214716539725679,0.1561093955097532
91713,-6.451073474596994,-8.921779639059114,3.1122540275465282,1.783629643224768,424.2971962983591,0.21746531874138508,0.15611283357031797
91714,-6.5440610940356905,-10.682181728565645,0.8235429534408777,3.492806550405224,313.71066925319474,0.14848901705896367,0.15611917726231656
91715,-5.745225989947761,-10.090551342093512,0.14996945512590737,2.4899198518525814,456.71413262519343,2.2016817128106796,0.15613112932193826
91716,-2.7878961630644365,-10.166422941839887,1.4317161202350273,0.9598129121265441,193.28160785456618,0.9803999801285803,0.15614810598742998
91717,-6.379275764125502,-10.57888908367379,0.2599320491402831,1.1163843604359824,290.5497492117811,0.9899198761194254,0.15618324204842976
91718,-6.960450999650519,-8.211778858130714,0.8087824271659437,1.8213865283639237,468.8831296236498,0.1446812204878194,0.1561844664281214
91719,-5.290470637806007,-12.846008938980551,0.6039347307449603,1.1109468627672037,467.0835936952227,0.9269618062407234,0.15620542774194693
91720,-4.602180352665113,-8.897857116866447,2.776726966895755,1.8777304368561674,390.3483601444399,1.7513758336506005,0.15624181941967588
91721,-3.1766778055941067,-10.364343846495391,1.2293315825366755,1.830273393631175,438.8760899584717,0.076286725415744,0.1562782013056411
91722,-6.085714729551226,-11.61518332150775,0.2650148271464115,2.754208910964395,480.63541850624824,2.188258949994471,0.15631784975335863
91723,-5.894318749279715,-8.201527214522066,1.845311841406343,0.6794902882062591,467.7191924036351,0.3982283743869903,0.1563262324152711
91724,-3.8871430457838336,-11.348057011670512,0.8025250788496283,1.1320189822746192,269.2525423549408,1.1505209093534345,0.1563450317580173
91725,-8.122739000909277,-7.818603940148747,2.6569258195350653,1.0215774410518128,332.2128306592642,0.9928819077546258,0.15637241492413181
91726,-5.397085754010002,-8.988343502923163,0.5524244287193785,1.715329692450612,405.89034664778535,0.4081962292409864,0.1563848388831741
91727,-6.763160343182919,-9.507336514680105,2.1020186655534325,1.7047845816755078,355.9267711589503,0.7804523260350988,0.15639079452094296
91728,-4.712935980746726,-12.607101969039315,0.6416442963880901,1.7156488205126887,403.6028241694433,0.1782497584749807,0.1563959571451765
91729,-6.906887122780481,-9.629184769805816,0.38214706791760394,1.8893085985068652,468.43581042532577,0.3216889292279106,0.15640907044181873
91730,-4.391088409544422,-11.004551145193021,0.8969397131686819,1.3682004179447633,325.4438946249146,1.6390862245660687,0.15646756938485673
91731,-4.123889560672564,-8.826971442358975,0.9485645587750124,1.1825097667035274,297.5879359900808,0.7733602912558952,0.15647458364825
91732,-5.162310414609676,-8.311551070515598,2.7899877780517186,2.1977064281429532,423.31296458188325,1.3739942177000097,0.15648404418505488
91733,-4.9245666683833464,-8.655750159258503,1.2577388298082806,0.9656367467558864,192.94757027532188,0.11802714384565949,0.15648457821554604
91734,-6.157658591725648,-12.511816674337826,0.4129376321392752,0.822929419594643,468.18320116266284,0.14628650566465762,0.15649264544179398
91735,-8.265466511813917,-5.783258874410817,0.5840663380450535,1.096296206420998,277.125187643586,1.0147569129800376,0.15658261552737077
91736,-7.390907532422386,-6.47012747357747,2.4849138579139565,0.89393636090289,467.5825402956442,0.5745002068751575,0.15658367352288463
91737,-7.0630221766084995,-10.220259714181903,0.9351888446653212,2.594658305972976,442.85796922358486,0.2543884968024157,0.15658701688127258
91738,-6.855030876313917,-7.517574612440955,2.183635350251959,6.1090980170048494,391.4881358641086,0.16628882565574354,0.15660682336142406
91739,-7.585818259983316,-6.075030919669326,1.3635365340219794,1.3798532167372537,326.07033052827,1.2932353862029098,0.15664322398784397
91740,-5.95657988383383,-10.185170848699656,1.3149520000565096,0.8017460465628232,169.30750265125346,0.07898308222336237,0.1566454505367277
91741,-4.45392862055326,-11.737220936266192,0.7290190919308299,1.0646448012826757,278.03599129882303,1.0631552117632967,0.15664605049971286
91742,-3.397317080014938,-9.291769179864684,2.2049492529671855,1.8722270501743945,450.6847295520025,0.2947817603861944,0.15665647326326604
91743,-4.98041734038984,-12.135425715537512,0.6655347065469489,0.8118598112253936,469.5809887703291,0.12003198767987833,0.15665881971471993
91744,-5.6802630920147354,-10.896453607352873,0.9031648145980878,0.938195145962889,468.10282015208094,0.7324357121548841,0.15668318403264186
91745,-8.417085573258142,-5.957209991552842,2.7630661028085814,1.5409115466730414,357.0401551504385,0.4163928897188587,0.15675894803187165
91746,-7.393724012834984,-7.540929737679913,3.9333013687534093,0.9469035391373326,393.09248352673677,0.619152544056206,0.15676876059716965
91747,-5.887970973824029,-8.309273204489015,3.4426317937528297,0.6690302188312635,149.06330655378537,0.8316088516975215,0.1567709398141976
91748,-3.203888055889843,-10.839854913391134,0.09712856911489653,1.8316719011345122,438.4203417400329,0.3040993355698616,0.15678074582511045
91749,-3.542137123372571,-12.034628844288784,0.09172384605084805,1.2984880835504133,470.3526091989578,0.02869686829260054,0.156785614589785
91750,-3.3424815719058945,-8.490844833116764,2.574336397643716,0.8749274694503054,468.3800993651746,0.5289127574507484,0.15680152198546876
91751,-4.059915842319341,-11.561458331006149,0.7559368653154074,0.8794163088478211,178.12587603816826,0.7439876536525603,0.15683832159046845
91752,-4.284867764170542,-8.776876878803517,2.7960234749187265,1.093909571709359,228.23549176382417,0.018382038712313253,0.15685742171767508
91753,-6.2544966139298594,-10.795890397494569,0.8613603723950093,1.446850758788185,335.4108588372809,1.5412576330492245,0.1568759557352531
91754,-3.929108215497399,-10.007704712364966,1.4250889430771565,1.8353327713180458,437.83777531054176,0.29583366742883044,0.1568984583178498
91755,-7.320407448004811,-7.987241521056802,0.7552240884470437,1.3450951380010052,301.2192773975772,0.41749805742410917,0.15689896268137654
91756,-3.665167043868612,-9.20021669127991,2.347737581108956,1.8809635413208667,468.7231080490078,0.24824061873292358,0.1569066367140281
91757,-3.1411581184061,-12.128709410078532,0.7079113301288721,0.7784064266100991,156.934710764425,1.1178532971523945,0.15691156971647516
91758,-5.09973753235562,-9.411916437262798,2.154148828197214,7.360036801383901,418.7829202259091,0.14935759281681182,0.1569239895500039
91759,-6.539360979663707,-8.759613976919113,3.304284525482106,0.9256361579721238,195.28397222198646,0.11555139164681094,0.15694499598842573
91760,-7.940868175840213,-5.850099382859215,3.449397889083121,0.9831113784182282,272.1322412022526,1.8258252842126161,0.15695513280847537
91761,-7.263141904246374,-6.814022570869285,2.864592811332956,1.2042965013744957,242.64917753026432,0.013598106793430098,0.15696295062025525
91762,-5.5620338402271745,-12.151254838232152,0.6227317527039135,1.0888159563970266,287.13313369932763,1.2826117801882697,0.15699270750642058
91763,-6.83558136026178,-10.538407035449186,0.6933330050940015,1.32158376591434,299.7637531670288,0.3538456742365135,0.1570032467692376
91764,-5.714556695322584,-12.348910509183867,0.5877028405401882,0.8367878930773163,156.19828536013654,0.1631066257043008,0.15705000520367018
91765,-5.094536559880357,-9.16950412709528,0.4295269592965202,1.0879178893911028,290.44470577469673,0.7108551159138203,0.1570857975621999
91766,-6.39958294741803,-8.67954239442356,3.39494815709583,1.1837378679758817,254.11549909323966,0.6260981506027905,0.15710238607627827
91767,-3.278607826088896,-8.889160727237167,0.8555341570875017,1.2304616041493186,311.0316933469128,0.5641269461181695,0.15720358618301286
91768,-4.436244926742425,-9.374704465035123,0.3199407789831336,4.1565763615773506,394.6574849619502,0.06604101037327403,0.15724172415058107
91769,-2.7210691724754508,-11.065848704596588,0.993131961850824,1.8171296583614052,315.23545263573385,0.1922732179619686,0.1572952061128259
91770,-7.417877458498288,-9.258392892825707,1.7852916400511423,0.5083849293932207,110.87742060010453,0.3309212611501611,0.1572959170526713
91771,-3.480357296156056,-10.508974917724643,1.1298703307941351,2.057901995780004,410.52630283444,1.7043079706231614,0.15730079527247273
91772,-6.011107598020493,-8.043207696268048,2.322864678694858,0.8280324195374009,467.39916691825965,0.10261815738993274,0.15730527196514754
91773,-8.368249745468582,-6.2534265255371695,2.9280391592973447,11.950435980332042,336.32910000505706,0.2755567521363069,0.15733074795145888
91774,-6.596112200751678,-8.663627933841152,3.4104883176418666,1.5324983249603925,468.2001001690412,0.6845198196713609,0.15735666872017207
91775,-3.3390030513134175,-10.466630001093424,1.1498585727465778,1.0795724744554394,447.66438738309176,0.03529480429749565,0.1574352941043915
91776,-5.445983116638039,-10.686951840477427,1.038107855806121,1.1169138037548954,294.3625880078595,0.6679899923237436,0.1574671390167819
91777,-2.597406865121318,-9.482227919294143,1.9253374207652283,1.2093068739927122,304.4191730392447,1.7826169318964462,0.15749277707255238
91778,-3.7076603665826235,-9.2336387497602,0.4399958964859956,0.7482588149131446,148.93008197402122,0.16093672054841068,0.15750154291338392
91779,-7.525035978383935,-5.959330193157053,2.5186493214979837,1.7300668932510137,408.0542112279762,0.44372193090463874,0.15753119860121634
91780,-6.237193631698742,-9.020139933491183,2.9657251214209484,0.6061933547065219,124.39471553764615,0.030253166680147103,0.157532381577475
91781,-7.555113768467729,-5.856731961345378,1.8636167006192894,1.065341187928092,263.73754500120793,0.3062336927111611,0.15753795460176329
91782,-5.226075936314697,-8.851503914298382,0.737842647437406,0.799946178456371,466.3040037633667,0.4909916244829118,0.1575445207930783
91783,-7.610780548415619,-9.2329842486721,1.4684292796832443,2.05611309392866,408.87286792008706,1.5609406213706913,0.15757642240584763
91784,-7.722904048666986,-5.006718567926891,2.826994575866934,1.3160592835848846,320.2186005063821,0.8714596374368542,0.15760994510059623
91785,-6.64954256201284,-10.373737920180542,0.37151974908650426,0.8327974694067531,212.28345884309627,0.08606205203047157,0.1576599159150722
91786,-6.008273429877977,-9.85807192974948,1.5854297841748013,0.82600612600177,469.8969468206766,0.15665679840726998,0.157661463654261
91787,-4.830745000096569,-11.307704448270812,0.7919806971851575,1.8117678181783914,450.8547474427423,0.10030503033219684,0.15769945154850679
91788,-5.434263226600319,-10.740722490492894,1.0017877474814667,0.8963146119327121,246.2879869195613,1.5520512590136741,0.15770383426142448
91789,-7.754668513766914,-7.32681641020985,3.7722835290822685,1.5910466198685662,342.7625673495892,0.9313682933437333,0.15770572035380176
91790,-3.0435279868205187,-9.421986242956375,2.047403322748814,1.8883261882035005,455.05837998640055,0.4918616420169082,0.15772777238808955
91791,-6.584821882131793,-7.7396326000677815,3.5174507163345305,1.8086975511591046,430.59495458524805,0.4264337772289686,0.15779094995577553
91792,-3.874893514852965,-10.505067277545727,1.1306473314171255,2.4171698405490014,448.605757469298,1.8794241066367334,0.1578121871911429
91793,-6.002954360885514,-11.028032087199934,0.19637738757044126,1.4080650124588414,336.85392173735875,0.35945731639069844,0.15781554705914747
91794,-6.673457669971591,-7.621778872979071,3.349080526760071,1.1320650641504937,241.50076004320024,0.5865681314601723,0.15783255850196465
91795,-5.538530016310142,-10.168474301907965,1.329319184791115,1.0435906499553143,271.8118267939195,1.0059926265541579,0.15783276305475097
91796,-4.194157404763858,-10.341180117963999,0.10989281059243275,1.4856964050165293,339.0613708150479,0.6650759514232218,0.15783618997965995
91797,-5.26144138695442,-8.648346087747473,3.0755932083665525,1.749466177932033,467.480081293284,0.17026731447630272,0.157882777990138
91798,-8.395543737886399,-7.933090897111049,1.3491033166162516,1.2765042115476983,277.35621714655935,0.40579117357308014,0.15790305545821992
91799,-7.765253991181037,-8.000527876444448,3.1671852339344055,1.6756098487009692,394.8694409099344,0.43424462131020114,0.1579331734462018
91800,-3.580581599662299,-8.469468607792782,2.465496237938001,1.0023889399319832,252.5235441978267,0.3250559235820125,0.15794721177218599
91801,-3.163089540392688,-8.477105485357615,2.200043166772726,1.7137362526588507,403.1972541686381,0.08480228896899167,0.15796144885245877
91802,-5.445630865843738,-10.986193370041558,0.12922934311020265,4.136135660584252,573.6259644295734,0.6850340207778167,0.1579995541757726
91803,-6.056016273667837,-12.327342536556747,0.35467579896981505,0.8210556175860971,204.4848848263861,1.1522811258482495,0.15800985225156386
91804,-6.025524243992034,-8.09922888830199,3.371966369597064,1.281884739631432,275.3926265327736,0.7426607743027551,0.15806966657872465
91805,-3.552668264396818,-10.344129158843321,1.2231207428149469,1.116409406279493,467.9628619826142,0.8256969756777197,0.15807021266643936
91806,-3.194679952924922,-9.81870541774654,1.5810215825440819,2.0873424964012264,398.7002932766962,0.7098393386769795,0.15809101663529312
91807,-3.688044984991894,-8.476957444249383,2.0256943565290952,0.765035466558347,200.4310927345564,1.2396807170031297,0.15810021370849475
91808,-5.080270193056454,-9.726475073550349,1.6840877680760253,1.2139720856178997,286.03809306994316,0.47874164499127403,0.15813250074083268
91809,-8.572913715311557,-6.542131997157729,2.1127121732461975,1.962921654958574,395.05707434531035,1.1107390906120163,0.15814752280611497
91810,-2.601866465467512,-9.457751402157601,1.9329271683429181,1.0788376829230952,253.37365618051123,0.11942682780544622,0.15815221036163385
91811,-5.656879048808976,-8.797727074031801,3.0913379030348582,0.7380243777950266,149.34915668597498,0.8187727319430156,0.15820551113415973
91812,-2.730624384960728,-12.650461727463265,0.7111657768489283,0.7251506562922194,154.10761872828334,0.3719837420139447,0.15822062068197584
91813,-5.526418679023399,-8.550845886187693,1.2683060373743147,1.6883877559824623,397.1192863330556,0.5603813904853414,0.15824507762832202
91814,-8.59020160226657,-5.579797149976345,1.9630507734015514,1.3966579779670831,224.05244454991913,0.0888601976835206,0.15829132650305675
91815,-2.749370287195065,-9.450033999120663,2.1704835547016823,0.734016765431383,468.72177594020945,0.290297259703971,0.15832210934513066
91816,-4.103249666249809,-8.809837280937316,1.0009171407723814,1.1957308147532437,467.2966959928269,0.5577387335313153,0.15832237057198917
91817,-7.564134080205227,-5.898490549249691,1.7263990792057837,1.7797633753237427,421.6870492604095,0.5407385954312831,0.15832240036536327
91818,-7.210067789327787,-9.217316393855329,2.2250624183901513,1.09788542971093,445.56313459574,0.4086653257124562,0.15834178535154428
91819,-8.237123241076779,-7.695636249533207,2.499696931364534,2.2646830342890603,434.26862000655314,2.2033104803368255,0.15835231402583877
91820,-2.9929630078023823,-12.459102015097194,0.6876714963874595,2.7514858273046774,302.2808941876409,0.08824788044494714,0.15840300306522795
91821,-7.701166983879488,-8.490142559869774,2.5851694377653387,0.9821196753226706,268.17988041106815,0.8895155076471175,0.15843777906106862
91822,-7.635756859838288,-5.425111633004211,2.619873704913907,1.826134430810385,470.0906987023987,0.1942995313387188,0.15844595848807055
91823,-3.1850561483178037,-11.40224705556767,0.09553727610576981,1.6672747539615005,389.5358335000271,0.629449171493027,0.15845980783854272
91824,-5.3216866643503264,-8.506817078982749,3.1472152464107155,0.9437873495124116,187.42338153201857,0.49196859855179387,0.1584638967139186
91825,-7.640244367200841,-8.820411538832353,2.1568718922913077,0.8593852810416643,467.2818273998355,0.5743070609206207,0.15846816378826328
91826,-8.40614409304445,-7.869620204180105,1.067710736587617,1.8811583820480717,469.27965633192844,0.1037660290669633,0.1585089667664869
91827,-5.766189428054696,-9.99353938680237,1.4621252921785481,1.129846175807229,292.21582351428725,0.5961910166714341,0.1585360864165663
91828,-6.642636989665094,-10.630778150319873,0.4032286216348608,2.232013103546535,427.2398125067582,1.4145967457925321,0.15854365149440192
91829,-6.961496218157019,-7.344454696168333,3.2918114018224416,1.4050091109613985,469.57162108940526,0.011118971446749448,0.1585460338946464
91830,-6.30474362644607,-9.056321707350243,2.917874910103859,1.088672110682132,467.3335206056835,0.07360540800796844,0.15858594398921846
91831,-3.770546088618331,-11.060721281867105,0.09067887506084235,0.9163399377101684,468.0734903387982,0.5315918090509397,0.15859276759767824
91832,-5.44008693027651,-10.926102718401834,0.9002311853613609,0.8311352050226712,244.16041012133363,1.5176257753285851,0.15859886647315502
91833,-5.396216323271116,-10.811394874478792,0.962508896304407,1.721184145724542,470.3648452383134,0.04859017567007751,0.15860418192189837
91834,-8.075993828028174,-6.6630148031348355,0.5843711134355573,1.1918153058481609,287.09257710343576,0.5265842623080426,0.1586227596963528
91835,-7.067710587303262,-10.125493016427965,1.0523106081084694,0.8979159715815959,467.7881634298008,0.44145402462434635,0.15862930242843062
91836,-5.367083592063629,-11.149442060454223,0.8167773086012587,0.6651602085684469,141.0925855214657,0.0423791546356469,0.15864814120348478
91837,-8.510734447705861,-6.931061222763116,2.326011962194619,3.5290557016670716,538.2368782936886,1.1678426326470044,0.15866223927869474
91838,-2.4744472806543456,-12.816160701994217,1.2706382800103415,0.847797299029918,468.36184576640767,0.11496793789793269,0.1586704864001875
91839,-3.703778205648332,-9.304079304544043,0.3811244917361339,2.015176904948143,406.3230170150401,1.7437082944686955,0.15867585079261992
91840,-6.405274332280965,-11.44249495160085,0.40107922551377617,0.9219309712515755,467.9907383647776,0.4829376630997819,0.1586879625843541
91841,-7.165287482240463,-7.305804874058065,1.7016015870930956,0.9689693643015529,269.6814912379216,1.6153244759436864,0.15868831515537238
91842,-8.495047008468072,-5.533985303493157,2.445146827665585,0.9180295137755482,177.1701192942148,0.10399223218939113,0.15869121875042586
91843,-6.045096311523624,-9.133397076922998,0.35051698835173034,1.6548793605747896,468.84168573701874,0.32990195989895366,0.15870968349379663
91844,-7.671086126517909,-5.896117482655618,3.2312343583613723,1.0941583329508262,261.03725033162095,1.2181361697078854,0.15872047350331228
91845,-2.7122916777389285,-9.323660788835548,2.3005761571474497,1.5870188102303096,372.71812567934927,0.5410011795466696,0.15874576276117944
91846,-4.076524479303108,-8.456644447262363,2.4140830154691932,5.899927638116775,417.98859688529774,0.11933321709436306,0.15878410630454928
91847,-2.9490379670876807,-9.425427221082437,2.090998542013748,0.9862386639355484,273.95055809258383,1.5617745785774213,0.15878724481226308
91848,-5.8697460431986626,-8.18665171084288,1.9426974255154237,1.046517875752847,281.88481840348913,1.2877528329435295,0.15878730249134465
91849,-5.779310735375221,-9.214282443233214,2.61436900946528,1.7356741185437328,409.2410619591859,0.5731407280712038,0.15880767129719386
91850,-2.4817859200657155,-11.048868913827368,1.2134653766765446,1.1709821072509177,302.0542526620595,0.5893161999275724,0.15883071156162104
91851,-8.511536303394166,-5.225339940146773,0.6914740995297985,1.358809053003671,322.1272518188687,0.2041019828626176,0.15889813237345335
91852,-7.342987793853033,-9.7930804718351,0.6206101615838109,0.5958974853751796,126.22979218593632,0.9084880193118137,0.15891135221170025
91853,-5.9422672633102485,-8.041949556977809,2.9541090428396553,1.71043329798828,402.4139836253322,0.5547030811297509,0.15891711602577596
91854,-6.261384911703452,-10.334201731843157,0.2088212073954096,1.0002029621333073,468.87925545029316,0.03466052434945244,0.15892923545792817
91855,-5.851784074286685,-8.208648825717567,3.3354931162669677,1.080598707347513,288.91167550576967,0.6345379367063808,0.15898028737717593
91856,-6.224754996375663,-11.746956636116101,0.5418371782742556,1.0275584313307322,268.7637908886227,1.7057022386778904,0.15898874143904762
91857,-5.973993930410561,-10.422960565936473,0.16403584831394333,1.0552284994750047,248.26234738804433,0.800866351527886,0.15898929739349885
91858,-5.919151880759177,-11.01882479968961,0.8038120072377376,1.3903061461425588,302.04484489983207,0.12148563886640673,0.15901180277179072
91859,-5.743098859898305,-8.304949346295505,3.3305263840340578,1.0920233315733827,222.81225775290645,0.15459825163080687,0.15901961115739804
91860,-2.675539839029007,-12.47621496744856,0.7669933535977399,1.652732389990933,470.2984546916626,0.05631280097815772,0.1590599438828521
91861,-5.591207773360034,-9.644441951736578,1.8131074957694406,0.7164120840551126,467.73893460308193,0.3441159682181736,0.1590760808005322
91862,-4.941770460808015,-9.617307290195445,1.8002437420477901,1.3980353401869983,325.4666595898565,1.5466447298954726,0.1590828384006387
91863,-7.191995625940857,-6.973940334135691,2.5783409488119853,1.200249125381534,300.4439453416078,1.3837196377547931,0.15912565345477594
91864,-7.967907887708138,-8.626814274216361,0.802114235514759,0.9395117002104333,468.13630867833444,0.9037351021037869,0.15912624784881566
91865,-3.3939416629909402,-9.413031449863919,2.0003987824375282,1.8292878021918961,445.7507279696265,0.5621111814637176,0.15913076450855246
91866,-5.208350393586708,-8.674967478779333,1.1053296946887774,1.8682138622660664,468.3794899886776,0.25634277684996487,0.15913788003627782
91867,-7.241165731526345,-6.86068559697442,2.7449883221559648,2.5577452358640147,457.5111370892401,1.1788631869281891,0.15915646737854997
91868,-5.8381783990921114,-9.15719125073373,2.699339245603446,0.8484923020193453,467.3639151409253,0.13001086908196147,0.15915900906768057
91869,-7.118057794919559,-7.6494510379916045,1.2231687529431412,1.0465496657672804,277.91300214732746,1.775803495965694,0.1591598104327433
91870,-6.0184552126875746,-10.500644104886467,1.112907627969854,1.4269832163238407,318.0556869455001,0.2962758123388891,0.15916454307161218
91871,-7.697226017260196,-5.258546036507249,2.8420963493480635,2.403858659048252,431.9550350211799,0.6568124656118224,0.15919285175357253
91872,-4.1877666576782175,-8.45141513527671,2.4698858452899892,0.9144900465532589,230.1721087448661,0.5037949154254813,0.15921391644821734
91873,-6.838212654623284,-10.011172409411442,0.41632721193037414,1.0104545824099826,262.45380086977156,0.16100941716171935,0.15921457124407337
91874,-5.3307322075443695,-9.092430020433596,2.672924038789235,0.4980515117796268,111.89150163389121,0.5641222134657751,0.15922543868034253
91875,-5.101443266601681,-10.098028197988437,0.13104067856670804,1.7988396425346973,467.66136638204375,0.33519229545173435,0.1592258531872611
91876,-6.779747375268542,-8.103088314274025,1.0493370343191808,1.2543735209403146,264.7497638566083,0.9469018934677296,0.15924136950740103
91877,-8.544676510399343,-5.452769597097091,2.2037948274309676,0.5429040220123443,136.6234263057228,0.14525916175839182,0.15928396900882014
91878,-6.39384416448849,-11.08754070932829,0.3787578595838822,1.0573049897452858,277.72107373523534,0.793855024040675,0.15932063374123878
91879,-7.360024813890948,-9.784635540643546,0.7246957665007798,0.6681099989616709,467.62132304175987,0.4731783450999627,0.15937077626069843
91880,-5.094005801197075,-8.684357863008298,1.1545661381972006,0.9133938421085551,192.6882007001808,0.06534133233495698,0.15937493431121624
91881,-6.596852554769176,-10.5778893193938,0.3970484805544592,4.9946483478849775,368.20845761240815,0.15202867921557406,0.15938490842600042
91882,-4.706673678235789,-9.133129632631746,0.49364765149131173,3.3193115072441923,524.8724914469994,1.5948532980743764,0.15940565726421643
91883,-7.607045478687049,-7.014572911732779,0.822507710251974,1.6911641920170604,469.1646122819946,0.5966624230964257,0.1594701382622503
91884,-8.51358749700468,-7.59072548876028,1.331853243147313,0.8716345962533306,469.89212885282575,0.06887482448258098,0.15952908482084138
91885,-5.917890890646275,-8.582231276309379,3.34542959416103,1.8104854208861252,430.9062107578787,0.48658176777711226,0.15956578260865187
91886,-6.037303290410893,-8.009014997255886,3.09399624518436,1.378863753275011,325.84196385918034,0.2117755497951883,0.15957755138606078
91887,-3.3281369596649686,-10.80469403654567,0.9734307356007391,1.1474193575286629,240.72768959050788,0.9108823436954383,0.15959556562891977
91888,-3.3583888023314206,-9.074217671977436,2.4669844507310725,3.177651740346158,193.53437245417234,0.37682051554539786,0.15960053783564562
91889,-8.504138442716979,-7.390919695455782,1.7915840848407392,1.0065661062317177,468.02454175615446,0.028620889389142867,0.15968392509066415
91890,-3.958439760333677,-9.508723475058698,0.2703547220521006,1.8148612717444714,467.6294823206531,0.40851378426821316,0.1596984661027699
91891,-6.953205144369552,-10.439034885323865,0.5989871436418531,3.2053767551190653,508.96793422619936,0.7956346403867363,0.15970636224093313
91892,-8.521300557508882,-7.067037827207594,2.1410752172111893,0.96995614003265,270.1920212440346,1.5796281884091536,0.1597106059197374
91893,-3.4866013618268807,-8.5022127344193,2.508291915614652,1.7661433966179791,420.23502704392035,0.5074063133631492,0.15971126139095002
91894,-2.9250350906689455,-10.850217576849792,0.997773299319012,0.9373935085006158,252.75123457940452,1.0842849695438668,0.159711953679731
91895,-7.095658802511188,-9.000595348911999,2.7015229702638632,0.5366471978572902,147.94121973001583,1.0437512243268747,0.15973450730125976
91896,-3.0814815787109335,-9.297436496790871,2.1998460125835924,3.6059764822185687,383.74704641859546,0.041701038217892616,0.1597388940753079
91897,-7.567056379424216,-5.748410131518856,2.268408804494543,1.2808841853308157,468.7347044302269,0.8330730693594033,0.15978790923758626
91898,-6.965349838098669,-8.617738096895359,3.328098061734681,2.469108043584944,455.4867882667011,2.572456617641098,0.1597931323947318
91899,-5.17709818126025,-12.103333462005857,0.6490607814239854,1.0625667085868433,335.0483057309484,0.4407327230034799,0.15981731136729097
91900,-2.623003320839419,-10.76081726751263,1.364713013135571,1.7072557675169042,366.4054744138358,1.342101465312223,0.1598516918614827
91901,-3.7269734883532664,-8.793013639423151,1.1136438449148756,0.6682807735885549,139.6208180047924,0.14269062173934444,0.15985501394836774
91902,-6.143266282627083,-8.207885955849594,1.6221955888106085,0.9048850760311858,467.86760475322086,0.7652898266703216,0.15986462052006575
91903,-6.591464788635459,-9.196732798170187,0.3160636243526195,1.488277511689389,353.6238644227671,0.28007935009677265,0.15989882506580075
91904,-5.151600044346666,-8.572068022027171,1.3973111302455072,0.9106246713631836,239.0790224831078,0.5022066100738707,0.159909344164239
91905,-5.896544779049956,-8.874728513740765,0.581400469073978,1.28970915418478,468.7052032140966,0.8020086452410125,0.15991430660126316
91906,-3.1972060487171596,-12.129527122892382,0.6928630957419483,2.254113973043482,433.38774265683304,2.2472130423977363,0.15991874837725722
91907,-3.353914174377083,-11.581423241627512,0.09163322094150354,1.0449365947553624,274.1396840284316,1.7529743206278843,0.15993754488251433
91908,-4.258483042710535,-12.035645706370168,0.6874795390407467,1.1094117577851748,289.17258099891114,1.2010171956930584,0.15994168468139572
91909,-2.674583889660676,-11.792930438493421,0.8438431186911257,2.0857487344665966,413.34331654996873,0.489910471899333,0.15994374407723952
91910,-5.155824654561803,-8.330483444231692,2.14059309077848,0.96982630306596,267.626514454148,1.760099222914758,0.159970060229549
91911,-4.409667147047601,-9.106236350281499,2.4877934702871403,0.7480860835218244,143.6306357194137,0.04772553163269411,0.15999490795568191
91912,-7.627691796687956,-6.61241194627743,3.7221207188472114,0.7374094807796392,223.76397830629986,0.7578130038283524,0.16000856474703762
91913,-5.299386351305301,-9.210744114612384,2.4937995383779006,1.0470695105759074,468.1795753412566,0.77336819448153,0.16003054711961126
91914,-2.477169907222706,-11.542825726508491,1.1403770746221742,1.5018205137623513,243.11118369276912,0.016601125553188822,0.1600427179397051
91915,-3.2748399054369717,-10.209820783656976,1.2907935823450902,1.098009077404653,218.84145709178415,0.5945603014901968,0.16005501907390954
91916,-6.83710352734562,-7.93111763949721,1.3102722312451878,1.7716676800466806,468.5372244808628,0.8317585250464106,0.16008577899177273
91917,-7.2751950663608165,-8.455942193705116,3.2706012682626144,2.896866225684851,477.78428813617853,0.6247602311630738,0.16020038432592634
91918,-5.08605824467611,-8.934659363449025,2.8019781081818786,1.625149225066456,381.7666069350045,0.9319978109954272,0.16021582783613342
91919,-2.6532276810059443,-9.23859962615066,2.143557418842771,1.1208211768072163,291.8400090374844,1.6544003937972542,0.1602225535254717
91920,-2.7248368090600747,-8.994496858924435,1.4027323948209856,0.939307481588069,225.7177943804887,0.5702351038232871,0.16022517935066283
91921,-6.885753012280557,-9.221891777565412,2.5276538567386533,1.1208166044616727,467.3714861229426,0.3410878188335591,0.1602451184362821
91922,-6.209989648556245,-11.4229756347658,0.315899820454719,0.9078268269873444,176.60874983629057,0.0860408091783329,0.16032081772533108
91923,-4.918977213428688,-9.167871545739233,2.479496178755626,1.146614498991427,263.04836107276725,0.42775741935640976,0.1603282872682006
91924,-4.984649415922471,-8.795514159119922,0.8764857090264239,1.6353793238924563,378.2415643108721,0.0762166850184185,0.1603372496330536
91925,-7.708649804129726,-5.075099515340413,2.789843683553026,1.062565183598496,222.5138508245379,0.37231136720483793,0.1604034327583781
91926,-7.377408968832134,-8.544531709504287,0.5951823260128712,0.9854742617755021,468.7249787774754,0.24868986911335345,0.16042533551068267
91927,-7.956278403044191,-5.848430172877159,3.4168753074850744,0.999901424260265,203.32660450221744,0.4430780625190396,0.16042708564962668
91928,-5.87505603908235,-8.51943330635682,1.1299388112269104,0.49923258646245416,116.69028455731431,0.6824562816497037,0.16046455178784508
91929,-8.40473051138098,-6.94939861286167,2.714525908541242,1.9483529907260349,399.2904411460778,1.8054374934365063,0.16046462849172535
91930,-4.521334998078509,-12.536052980974754,0.6429327940279752,1.320810099338417,310.71587417094406,1.2630022620399037,0.16046953894504454
91931,-2.87023490022153,-9.294474660521434,2.2996932711528166,0.9184317496861142,232.72246204248196,1.2619437253195072,0.16049505396703848
91932,-7.383337405072651,-7.467057817238673,3.920581174116233,2.557102771433565,461.27303227394975,1.7496130429049224,0.16049665793344167
91933,-7.708095857094781,-6.200513327378867,3.517074465349957,0.9869628552467813,194.79775552510662,1.0298803248810255,0.1605082783987263
91934,-6.687990672138731,-7.688654910045683,3.5555104078318918,2.7228009457019886,465.4421076925408,0.7362353775204786,0.16051315015152667
91935,-5.001406094038704,-9.14676265038478,2.530643657512,9.752350257380959,658.7823987751934,0.11262060474090863,0.1605180894982879
91936,-6.6203312151938185,-10.778966700612163,0.6753037532700669,0.784184593861129,177.21914377868885,0.17885357429609083,0.1605229716384165
91937,-5.390631666403017,-11.838460207429094,0.6669128912799329,1.2006939595482973,279.7224400165576,0.7707633072126416,0.16054760074638844
91938,-5.938873945282202,-8.142860820287433,3.320294810972146,1.0061952889066608,397.1373188472852,0.15511922947296686,0.1605856809483449
91939,-8.133866677514215,-6.776406294198182,3.419459107199501,1.4371889661387065,317.6976454162853,0.44422090099332934,0.16063001728235107
91940,-4.7860328096978835,-8.408247884437515,2.724473837641744,1.373899475789609,468.7334699300154,0.8325359058563375,0.16064851716186682
91941,-5.56839370425253,-12.580172850763919,0.5833305469977236,1.2254600522617545,469.76251081517927,0.13567998874066856,0.1606521795763152
91942,-7.594432707686321,-5.894313026060045,1.5997871497331957,1.3128874952458331,278.3522762738004,0.6840791053415733,0.1606651891506259
91943,-8.504855431378534,-6.742825563457542,2.429307527335318,1.2454888222392242,236.80711436266242,0.3787132322661497,0.16066723455758886
91944,-6.043670789379896,-9.108586680056657,2.7973125080999983,3.4928130972043236,519.2347318999405,0.2298257518829976,0.16066950794233772
91945,-7.640753277055662,-5.621578769232879,1.0679746964674985,0.8336041766146062,211.791520469873,1.0517835853510524,0.16067840498832145
91946,-4.2681310783241795,-8.446087694411284,2.2573515022345245,2.0140074104535834,405.7780773762673,1.833481386899761,0.16068549651883657
91947,-3.222288064712153,-8.820631278863466,1.1393256660401823,3.343709105427547,524.9949802610876,1.2495130232133809,0.1606905590484415
91948,-6.097453001032162,-9.12025164157101,0.3573024842595922,2.0052586478733296,401.99769979297344,1.1299952636521846,0.1606921131234688
91949,-7.910186463615582,-8.829898008469012,1.4140136173016955,3.8690626034299704,545.2765705577558,0.29831955867537285,0.16071358414221965
91950,-2.7273186149619155,-11.8846663793856,0.7666421111699625,0.8842452705095732,177.80409270117428,0.125130936947059,0.160723342037322
91951,-3.288543235517043,-8.65183414150988,2.7257904553098107,4.250991347083093,575.0702057866542,0.4634950771762041,0.1607483033816391
91952,-7.262353112068724,-9.0707163536206,2.392026459479779,1.1458066212396265,466.2326922871501,0.1642652005168328,0.1607593133465735
91953,-3.1580867878848586,-12.439501612937395,0.6696244285268977,1.2689319028101531,293.9808569963485,0.13641586497820235,0.16077101526723686
91954,-7.1030035366952555,-7.204427454376578,2.216418542996231,1.5469737904332845,468.6895106936007,0.8151078342145217,0.16080916283468852
91955,-4.142919265013802,-8.550403637302,2.7057515051604217,1.1122122054944785,145.4808723569821,0.2295342822396531,0.1608656666489588
91956,-2.6523646784258066,-9.585533101127169,2.0918302158668545,1.1304168855530161,467.6538827307691,0.4608066121402219,0.1608688275894551
91957,-8.249509724673189,-5.0416352150046695,2.9555659397262857,0.9222849852624354,187.447142401235,0.9227732592065117,0.1608972350432046
91958,-7.675217855903172,-5.697496291387901,3.0407492355488266,0.6971933992074154,208.95308838563824,0.5712810670269848,0.16089931137636668
91959,-7.607610976265166,-6.022099542135361,1.2341026498558534,1.3753237786413544,311.2078640231715,0.4059052272521608,0.16090090213037278
91960,-4.383976964001402,-10.416472851365304,1.1772440776374815,1.7107805731261732,402.2373818076621,0.1883158900701849,0.16092014108405617
91961,-4.128322991752233,-8.912114117532315,2.6590879659739914,1.999166885200642,352.1889147117567,0.24697937665213132,0.16093187810286677
91962,-2.521565206871851,-10.227095330291926,1.5877354201991012,0.8640415442298345,229.22224985180324,1.3065436912539594,0.1609821589353431
91963,-6.874265210124557,-7.654465791062906,3.770014144607091,1.4987943874574183,468.33134393380715,0.470026663375287,0.16098263716062483
91964,-2.6383756921752717,-9.523397509012845,0.6646384940405785,1.0491294720909512,236.63341609420644,0.17092593765734865,0.16107216759517864
91965,-2.5493446448904304,-12.464463734317698,1.2230488191639575,2.5742207359226623,424.4758380036239,0.21866990776797834,0.16107746626784628
91966,-2.6646842694803556,-10.878054602569843,1.158311296638663,1.0818441673747639,281.83604419154125,1.629797900955686,0.16109798312384654
91967,-6.140343035424123,-12.06204414175769,0.36275480264451115,1.8284046915370304,438.39291913896665,0.20647801012815847,0.16115120621482984
91968,-5.729272808897742,-10.849835354064087,0.9053070786313107,1.3058117516867855,313.12044685486586,0.2072763017751056,0.16117165113312135
91969,-3.7258778940676915,-9.143666165459862,2.381527599401474,0.6791488340547802,206.9511620231328,1.004944274705161,0.16118590101697888
91970,-3.4996406118134127,-8.549817112068657,2.6318549881655735,1.123766866436497,468.2081763251653,0.5827238110804691,0.16119246540256155
91971,-7.850769796732769,-5.6348938404124045,0.5739428721040364,1.197448201595767,306.1801006134981,1.549153206947321,0.16119963037757137
91972,-6.8237558450675335,-10.425289947721804,0.8600920040325348,1.3645565531169062,323.8497707122328,0.6673442774035534,0.16119979633179624
91973,-4.853818071965323,-9.624644870731498,1.770465685987832,1.206246453225093,304.77125943049424,0.5711976458464756,0.16123805094702517
91974,-4.943985495276154,-11.163346105667067,0.8181201817455388,0.8144818720630275,153.34651795293672,0.03611959789961805,0.16124926890163285
91975,-5.14943670603785,-10.062086895118671,1.3895028367454931,0.5023242490196954,153.92523766934977,0.7724248151687148,0.16126662718715032
91976,-3.724183713657812,-12.806848646610915,0.6386591097417561,0.7636567028495157,141.63443528252722,0.3709874630239174,0.16126723535310042
91977,-7.179995783424614,-7.115074192524948,3.4351428848427443,0.608557276867914,167.81934726877688,0.42846580684142044,0.16128010779133997
91978,-7.7599307375970765,-6.379985373943131,3.6574113779431108,1.3731545738702775,469.5776761668738,0.14963013230354338,0.16130106450725243
91979,-4.024266554800526,-8.504608034852481,2.6087916119305365,1.247137255308005,470.2549784867678,0.031090564391487163,0.16130501347301132
91980,-6.608998425846421,-9.513248172442507,2.12045930548764,0.8949332409698084,166.1259048430726,0.13104940361437833,0.16131124473370123
91981,-5.358185571588894,-8.344665165361452,1.9139909437905633,1.8507749661154436,444.70643848155567,0.6427039092880014,0.16135096302184668
91982,-6.432105826817498,-7.794016380518164,2.6489100043417224,1.0252275440456973,468.8526514204838,0.9221669357588764,0.16137655296769288
91983,-8.259041062080046,-5.496388924394346,3.006090090532924,1.189818472877327,285.1382067203494,0.7777790811978482,0.16138001501059943
91984,-4.662439949516779,-10.137530270034482,1.3336397157574427,1.6351000603293264,382.92093299783164,0.3348993639756932,0.1614053910619581
91985,-7.705039704997335,-6.339487996526678,3.605666900668999,1.1174318110290475,287.6497711977523,1.389318056713008,0.16140624775975598
91986,-7.8833292278131655,-5.365638063616976,3.2270187568755198,1.1536337701191424,234.03878317389413,0.18565575894669184,0.16142477807145666
91987,-6.556440892357767,-7.698128894866993,2.7370710979615174,1.8343138993311503,251.89794310533486,0.09119684004116113,0.16145732216256722
91988,-5.088038123277366,-12.393133370918331,0.6280549573574128,0.9381938621676927,188.19130815684798,1.0538588598674297,0.1614603730621275
91989,-7.416095665543613,-7.653781492453781,3.861539667024211,1.704245189712074,359.6985311197936,0.9808240781023265,0.1614765578586629
91990,-2.8973298195196504,-11.015620833222084,0.9273049273080144,1.6283657518153136,378.7216740625146,0.7107828269220091,0.16150398272090655
91991,-5.864213764081274,-8.254656396360447,1.7625535215961126,1.0417916844488628,273.2552459603156,1.6689700286324305,0.16152198083882083
91992,-8.04949322032482,-8.46506977624318,1.6839621853456372,1.0322255373135392,468.1105264406779,0.2374301178185414,0.16152385468952904
91993,-4.3998167508335015,-11.882962546591376,0.6987550511297782,1.8633149784070782,468.2065971528297,0.24235279287447575,0.16153198678123487
91994,-2.85045792853147,-10.670491457464891,1.0946945656603766,1.6291152100244328,384.0288639498862,0.5688778867597168,0.16154993536759912
91995,-7.744028124799451,-5.081318226534902,2.881389890576478,2.6227265664262496,468.1704259279746,1.935841007157622,0.16156877613496018
91996,-7.640494628522095,-6.04307237443131,0.9227214839821487,4.752854776465338,606.382730419919,0.47923129817076227,0.1615951004145129
91997,-7.228583161726379,-8.866719751556444,0.5217714549231628,1.8122991339448047,433.52394614795725,0.7479174132122948,0.1616236657394371
91998,-8.591132300449782,-5.84181607373771,0.9191188907289534,0.8661772324042203,200.86582473259483,0.29121169426564286,0.16163220886908014
91999,-6.515915250947026,-9.601162505915635,1.9284606529217374,1.0337716947766373,276.23297509508586,1.6987946854596574,0.1616359182276866
92000,-8.598152140862517,-6.431484035651018,1.8913871095652655,0.7762517071539485,222.31579195400016,1.31289466013813,0.16166535700097023
92001,-6.940402717090849,-10.452843550166392,0.5724395748390246,0.9789790508194954,193.0991394065341,0.09958928798844102,0.16168113385036523
92002,-4.185682033323084,-10.050083005308728,0.13677235067344312,23.533764593626078,853.6162788963818,0.19984018211377297,0.16168486143419933
92003,-3.3559169537661857,-8.557238101865629,1.7729729149066222,0.9401110817662011,264.91706258951035,1.0300927678382594,0.16177949670452005
92004,-6.31776263118679,-11.592778566978179,0.38784445451063504,0.9088675252762415,469.8298303107239,0.04978271010097046,0.16179239709837262
92005,-8.390412688218273,-6.306525881316735,2.8460639309648657,1.0058444050925617,203.49732941349865,1.0819170159022304,0.16180367437669402
92006,-8.310939943642271,-5.594494948285264,2.918783076586486,1.3586708510236956,465.1372211445066,0.31390013259452765,0.16180597021611096
92007,-6.193919158209262,-9.50723106532093,2.150666456195561,0.6148274762810079,155.07533824101245,0.35878127146322303,0.16181293834901736
92008,-7.728044114940314,-5.184560069867342,0.7890959612142575,1.1077304418651115,468.04587522280093,0.8480462896069474,0.16184886973427065
92009,-4.304759855552133,-12.568117608944448,0.6422560058134923,3.951754190391868,551.7352566907748,0.34136649457562385,0.16186580759979546
92010,-5.364441488363615,-12.48023205731264,0.6057838613182774,1.881364624036936,388.4483384959293,1.4948391101584582,0.161885209144659
92011,-2.48400301641304,-11.915127702800275,1.210525446165367,1.5113091892114658,339.0471384268645,0.35580709541513844,0.1619112915997124
92012,-2.91456756206858,-9.205621771203141,2.3803959806627772,9.376435767534455,674.3421740879248,0.1482166065060868,0.16194552042234037
92013,-5.998206974828197,-8.632722960428524,0.828383716250618,4.092241847349643,572.9661400852748,0.8136877460931258,0.1619562618500901
92014,-8.59678586118253,-5.87351498866128,1.9112270824441835,1.0106132302192166,264.6278570961474,0.7481167590245663,0.16196020646730713
92015,-4.184395681934473,-8.939981026969598,2.63824400988983,1.8590175783753446,469.0814434588124,0.6325554929825401,0.1619707078904521
92016,-4.268614783321993,-8.57951154546408,1.6196657266424381,1.9032954108619016,459.67790201388067,0.5688381497638462,0.16202662160086756
92017,-3.064493680967293,-9.580938119901552,1.8087346803725277,1.375066686770496,301.2754060548082,0.14349156661523832,0.16205305896081465
92018,-6.727175317945233,-9.5946153923989,1.8731600386372265,1.0858953177649604,229.35569192649163,0.9180172270989857,0.16208171397940352
92019,-5.769412332665365,-8.127766688872779,2.487740523032025,1.6507718671364426,355.38582482443536,0.9512176553700105,0.16208564947775497
92020,-6.179334833762476,-7.950648628200912,2.5588461516566006,2.0874230793161064,411.10870374119156,1.3884158931748614,0.16208839975861797
92021,-7.5567106331684055,-6.4213135591987935,1.196380735334421,0.8938304425615835,202.00967868413514,0.8596532115984852,0.16210638359807053
92022,-3.233512571955962,-8.693362604126445,1.439046490922779,1.7489349474470646,357.57764350105987,0.3931224735953789,0.16215975497505544
92023,-7.514131874304426,-8.528103384772221,2.8475428883508034,0.8575840175103373,468.08597108842747,0.04488139695006943,0.1621701155662358
92024,-5.186855330680959,-9.23248957767591,2.425640410885438,1.8065055600070252,469.25505139689903,0.630123376814586,0.16225297084905416
92025,-5.6387780295521415,-12.417818682046034,0.5825176125695832,0.9871656468266878,468.0980684021003,0.7296531795123293,0.1622632053602303
92026,-7.246893032260052,-8.975486225168416,0.5278942656124395,1.3200825367413824,322.04502870644006,0.5713556020292705,0.1622664063840268
92027,-2.7519246958386026,-8.852782316290174,1.8652209699318354,1.201724584108503,262.35767803748917,0.019029362406367767,0.16234405569265922
92028,-5.713159430575878,-9.114398015151448,0.4096486770967258,2.753667783771389,480.28748610098353,2.043003809421424,0.16235168794848384
92029,-4.551519528488367,-11.962536775682526,0.6838438527393429,0.837404065319039,171.30877521954315,0.14276288851982333,0.16237677213598248
92030,-4.437869806221659,-12.691136487142973,0.6331633793283803,0.813585993209021,174.3188151401353,0.016823371785053,0.1623807992619036
92031,-4.6674971888721775,-11.04175252559305,0.8637425736598188,1.7479374971437711,412.29622448276183,0.5611607802607175,0.16239015845138327
92032,-6.581522556594596,-7.677492964842823,3.068872339233364,1.7780235282481176,422.97721823551484,0.6063190591013798,0.16241205676406117
92033,-5.859473411814643,-10.24554276333748,0.15766385161475133,0.8761320861670144,179.34006986890898,0.3259233943630324,0.16242145921212597
92034,-4.607665849440345,-8.766506186012585,1.100021892367927,3.215669437252773,488.13584842667115,0.293506225384939,0.16242730550047554
92035,-8.236924189980668,-6.974334682572675,3.1475225225354455,0.6793703468440908,168.93444632776055,0.21899311623422069,0.16242953056139844
92036,-6.303138758897609,-8.181453245119137,1.533796382179965,0.9783052874957194,467.3730251552518,0.7952166637977731,0.1624821668002369
92037,-4.674698748156086,-9.614323292953978,1.7715025915035565,0.7601661091543466,187.60758914088356,0.6561662349122095,0.16248386405416584
92038,-5.654180698774116,-8.697354631230123,0.8540713815269346,1.4966757279656955,345.6447382238713,0.9164349375351142,0.16256354668730424
92039,-3.1644688170670534,-9.373786967558694,2.0445345829587165,1.1684448199296786,303.7392152351728,0.5830888202563917,0.16256716506096155
92040,-7.625150169316136,-6.113988375875731,3.286895251176498,1.6440811892459113,381.408126022361,0.2352631885514267,0.1626141430234169
92041,-3.747706028728526,-9.537919355663604,0.26309204213859394,1.047384432201832,183.14766102362933,0.4444821272724111,0.16263395006122694
92042,-5.911904102393426,-12.310210170707032,0.2656014151332317,1.0878780146102833,161.10367374718555,0.2663380637161046,0.1626362616660025
92043,-3.3816004678104905,-8.830841109678936,1.0593725497326583,0.9404650683955742,467.22847570634565,0.6282171733323922,0.16263687250456973
92044,-4.81256567914806,-9.377409794467582,2.1227866031353777,3.179970554538527,512.6430674187844,1.304945405149276,0.16265041558149343
92045,-5.339761171868767,-8.5254672763737,3.107866847262598,1.2121920471037524,283.86406360518265,0.6786947135442905,0.16265942815370918
92046,-3.1368312244010053,-8.849718367313981,1.1177620125365038,0.8892182805887907,158.55600712697586,0.06846599988590985,0.16268280588728085
92047,-4.756952959234151,-10.353807453042272,1.2138628292054603,1.4258962607451087,336.7062434640707,0.8414023947746392,0.16269215143502402
92048,-3.0166589583303125,-9.229376790376472,2.3003149372191367,7.6027844646692575,451.36559019889455,0.12650891667243425,0.16271896332249683
92049,-7.63279177976707,-5.1559564330084005,2.114803728442672,1.7038707948545901,428.33486197041015,0.5929802772542239,0.16273281421216157
92050,-4.8745471188667,-12.148673306837505,0.11479985615520161,0.9537694656635403,467.7592816027999,0.9248619241937766,0.16273939725482747
92051,-7.639834352806929,-7.543078272768164,0.7319635878591543,1.4473558138973937,332.6623725925534,0.32176139993337305,0.16280772151997389
92052,-2.837080017325203,-9.175957683297252,2.4068333168641782,0.8911710185856102,467.61255113748643,0.686423542660882,0.16283325853521322
92053,-6.463607653451946,-8.522662261118002,3.5249080151748204,0.6246080116228448,188.82368982447346,1.1954897250477776,0.16284523613809
92054,-7.558150246140608,-6.444123267750299,3.464955248855071,0.9627911482430365,234.8017351665219,1.0996912326752488,0.16284850613200524
92055,-2.646472635564818,-11.109127476859436,0.19898854195885413,1.297832423527256,319.8882756351389,0.4389057065761275,0.16285050172684823
92056,-2.9898184626599775,-8.596936383397939,2.297914375544993,0.7515113356100778,191.3208803762444,0.19071853227018298,0.16287613805361864
92057,-6.027772395675164,-10.309720625962925,1.2159923394119585,1.3790151453469273,326.6497037525673,1.7768243017588334,0.16287673043385453
92058,-7.384705210731375,-6.944882169365646,3.662854203558943,3.4002892120409864,504.0037342028169,0.3002730911477425,0.16288743639020187
92059,-5.721894214644083,-10.709310506236761,0.9879193378402898,0.9324246771050193,468.3997382124366,0.5356925688652749,0.16289507269601866
92060,-5.283500258600799,-11.123794670689794,0.8095623330788493,1.6164598978294658,468.86152464197016,0.9086999826353841,0.16292911439346594
92061,-3.0540696391686915,-9.922897579695292,0.20330066295374422,1.3639931478238818,315.76603058751033,0.4278774339609859,0.1629314748136899
92062,-5.7270756666311,-12.993699855459038,0.5347613875349115,1.0470337164448411,218.30494855670787,0.23800973399648573,0.16296003554645566
92063,-5.561100541869121,-8.99291891267033,2.8238244609681598,0.8948623092885468,468.10724599376863,0.7349615612567417,0.16298344427401365
92064,-7.770961514927265,-5.066217617655014,2.958949260189749,0.77619862065067,164.77577605391912,0.055470829191901494,0.16299775712709802
92065,-3.131582070962059,-9.128883364311179,2.4021283302239214,1.2995300069744404,203.02734456719224,0.12345569712306848,0.16300158275368481
92066,-5.74438279352694,-9.416207080272196,2.2424092449132,1.4669372962232574,326.75382432068744,0.6919013846560604,0.16301907285151493
92067,-5.971692526849962,-12.70306726194452,0.474607485159482,0.9184885863916904,128.41919300506018,0.3276825864465831,0.1630295022973739
92068,-4.83007627915642,-8.670295899624481,2.9080485635289817,2.4503532556265486,448.97975674595745,0.3492836963725834,0.1630458273026907
92069,-3.9979852760569994,-9.268652209196329,2.2065393175976076,1.1335736134064964,467.30379654928134,0.26806577453317804,0.16305752134249926
92070,-4.4301947648660125,-11.782427347666596,0.7093059720280555,1.4115575079064238,470.0379246528157,0.15240513894526497,0.1630578502254264
92071,-3.2308085152726065,-11.022668635467605,0.8789246335600976,1.0724042389128667,214.04616546906007,0.5092872258396799,0.163090571313206
92072,-5.57885052726975,-11.04760299788506,0.8186442914806165,0.9866515348526953,270.7331029762886,1.6928255916113164,0.16313914551354466
92073,-4.344755466780929,-8.724528045036244,2.7762197216391105,1.8066897130354096,468.1259829300458,0.2584034348348414,0.16314534997898342
92074,-5.70207345938188,-11.961065959766424,0.6116486825858378,1.209596970371445,468.7248457228113,0.8287712604257296,0.16316429957681697
92075,-7.588019969330716,-6.206770067109703,1.2979395462555563,1.307817896891471,214.54465364307848,0.10144268361848408,0.16317649098034664
92076,-6.935555832213211,-9.441681397114362,2.069492189142517,0.8854921247525609,170.9419743221596,0.12608426096001324,0.16333055569573804
92077,-4.0352895848726655,-8.522173633091509,2.6505481022667947,1.116950445630659,253.7588707141922,0.4438520250871285,0.16340740224856
92078,-6.99086773633492,-7.3285517169474685,3.274487645666902,0.7721582006139311,467.41836761158237,0.2874997746060375,0.16345324849720427
92079,-3.5311007504489016,-8.801108503805562,2.680020037389794,2.8304177954361354,478.09298806553704,0.8676793874244293,0.16348912696484041
92080,-6.886202719198646,-9.670786328842054,1.6328311430711178,0.9799095060279426,206.35511101419036,0.9096020984749122,0.16350489520993208
92081,-3.3089384147465477,-9.393788046000436,2.0017191826922867,2.2195975566197865,212.12503366304293,0.24294664287352763,0.16350491685911858
92082,-4.912867869215228,-9.370100881662584,2.136315490432614,1.1938138233149924,303.9971928725913,0.7472015511965422,0.16360986307262015
92083,-4.356378427291458,-9.827656754130032,1.5574410266288534,0.9052678254303068,468.61732455088384,0.8487782220676197,0.16365204958305246
92084,-2.8351730183401287,-8.814472872079337,2.304667328159958,1.2438260361155264,469.87821930740176,0.23834600247517734,0.16365701180816683
92085,-7.647163928411196,-5.810877702541557,0.9613186226468537,0.9352358500942913,254.43322385394185,0.8295489042044784,0.1636767679308198
92086,-7.395015240932093,-7.708949956485198,3.8342975934742927,1.5204998768018154,343.675638293972,0.8137940781666115,0.16370668969607496
92087,-5.673885638608804,-8.162776216324517,2.5843925314067824,0.9670112069933127,189.5022340060925,0.21714487643300284,0.16372394004639637
92088,-7.659132061423436,-5.104692925268568,2.4334611490398514,0.7140425016062246,137.3776376119411,0.11730662052621099,0.1637442897006315
92089,-5.850267024323374,-12.752063093792673,0.27378545677807764,1.440585611110603,333.2559300329286,0.6142045853732823,0.16375062286320233
92090,-7.65036675751337,-7.596044785005875,3.6992302141850604,1.343869175603859,468.51428241767087,0.509780128220501,0.163755991288461
92091,-5.595791555028096,-9.246008412428749,2.493371833630716,1.1120282595062128,468.39774463225586,0.5354991283583717,0.16377035022523184
92092,-5.958068957534001,-9.51937283060855,2.067824981660974,2.5678643825053293,293.57316137980206,0.09010728090779185,0.1637937156269229
92093,-6.421134203781278,-8.114074051717507,1.552728017028878,0.892624546304018,225.132905599285,1.2722864969290457,0.16379414840849588
92094,-7.028293015587215,-8.834513955345276,2.981654646837902,1.5938372377592953,355.6977421784488,1.9149039080960026,0.16380350462992926
92095,-4.423132587585723,-11.885494509947781,0.6923152962706581,1.0993639429523838,288.41172629289196,1.6419215524632218,0.16385883203185708
92096,-5.124627496532728,-8.401173723687329,2.9266297266455976,0.9506109508096958,266.50104447660067,1.307360422137907,0.1638615683353558
92097,-3.9677840471477053,-9.687264736580426,1.67029765071677,0.9920040544338348,468.03877367168667,0.38530331062854106,0.1638890228065351
92098,-3.6963792539064944,-8.8477167756195,0.9979656292179523,1.9100130685195695,467.3090854847546,0.5818769934969144,0.16389028104857895
92099,-2.6516819288192988,-9.126691626871345,1.6856867727576688,3.084158837016665,504.66708622865616,1.2739207886826494,0.16389294606495117
92100,-6.973376111897821,-8.968572033605255,2.829987858371325,5.490932575487047,278.9392088502995,0.27334600430603917,0.16391098383282804
92101,-3.2210820095675814,-9.098633898235,0.6398891749060497,2.903583601285408,489.5507364234382,1.231085782258563,0.16395562712180986
92102,-8.260007203476192,-6.4690442958281436,3.167414673457615,0.9595177698345214,254.0263527604767,1.1349345170103797,0.16395849333158877
92103,-5.093353257711755,-8.756701804405935,2.9263063362658253,1.3265553434663278,468.99602573179664,0.6013183773461881,0.16398224804487144
92104,-7.600100584991669,-6.069030622451767,1.4211040241865658,2.416328631946945,447.8189402493035,1.723652427461099,0.16401385075883557
92105,-2.7529076611811174,-10.915181593745698,1.002383871259028,0.5929414608230562,185.18394369284712,0.7659706307376171,0.1640203807303212
92106,-7.030571800266112,-7.696542976294889,3.8769087075866686,0.8843235263358901,237.11896774506832,0.5781888203477967,0.1640250181201499
92107,-6.9872104484834505,-8.28032885578811,3.6579482198679676,1.3632108870468762,313.3449481077547,0.2585166450089531,0.16405709870544494
92108,-8.065363122598278,-5.306756308776961,3.190566311624639,0.7531145002912997,151.22175143223257,0.1389767758543181,0.16406372338766462
92109,-6.729229084524833,-8.460027181180614,3.5708144263664257,1.7348476540028757,468.3699459570435,0.2505140377009125,0.1640723881409241
92110,-8.201674801366487,-7.0153288549187325,3.2006065913762747,1.9847968152684747,398.7360911558633,1.3103820221867002,0.16409688805789052
92111,-2.847003939164977,-9.568663361159963,1.929817305992702,1.7564651261561237,468.2918535815431,0.2500642142466054,0.16410961948844702
92112,-3.795492780510166,-10.1669308900909,1.3011260085604077,2.6438148350923223,456.66435068622445,0.6736097465753597,0.1641164327590598
92113,-5.8345294119157085,-11.737762034702788,0.6201342452519988,1.033376773613448,144.63056505685543,0.2952429792615705,0.16413096572859648
92114,-4.80172197448543,-12.321689545250424,0.6390990860416494,0.8068625936879382,221.48937957443098,0.9021768609392486,0.1641447766446026
92115,-4.184782556196666,-9.310550457973672,2.1608525788726287,1.1101528667358667,287.32082656826844,0.6943530700141229,0.16414508705934616
92116,-4.57727303381783,-8.467893342354394,2.656619170578546,1.7501812965535841,414.76783324424025,0.5873661259874945,0.16414918611099635
92117,-7.106129985943603,-7.147193964280021,3.0660452826279836,1.8789031149344448,467.7110974131152,0.2079582579872019,0.16415142852438336
92118,-5.960931402496021,-8.132751444458801,3.2694806025214938,1.9351568541568596,397.29735890808445,1.9350477130998014,0.16416179060780534
92119,-6.604570062078546,-9.437012924422639,2.261926751798938,0.8764858321183503,175.07879665567324,0.08431448794499197,0.1641827335550135
92120,-6.380282252004701,-9.542616696162696,2.0606169743205562,1.1718002456326986,301.76159413852275,1.3305716482760213,0.16424514739409185
92121,-4.997829117873512,-12.416524310026453,0.626763702758256,2.0806391813378364,414.3988628114037,2.13183443754994,0.16425014366063478
92122,-5.8170234171785005,-9.814432616052805,0.17792427806846475,0.8965487454218266,467.76902673555145,0.4323450759262739,0.1643017341522994
92123,-8.302420581276085,-7.327763332577139,2.7246776392440517,0.7552713684751378,151.2490289951973,0.6831557102971182,0.16431619286033278
92124,-5.04280082071331,-8.411002098573093,2.8260134443320384,1.1478615821973812,232.42767906969354,0.28130915440214554,0.16431680813868
92125,-8.21151429636581,-5.947632467548676,3.160587544526632,1.8369092298921517,440.73829681792597,0.7965807157967353,0.1643285166995481
92126,-5.691421694729431,-9.303933672872445,2.410291626259751,1.4310219001999842,470.2232230307648,0.23247898761956698,0.16433432045061053
92127,-2.927756920720298,-10.125891867676033,0.18981699371542357,0.9813352974984445,199.7035205596902,0.20177550188526627,0.16435938449131365
92128,-8.361153689511422,-5.508131875614811,0.5938039268994331,0.6073704586228952,190.0813429871089,0.9176931669250026,0.16436206795995842
92129,-8.350607401493553,-7.946532418587163,1.0066413481442795,0.9210879409216202,236.68551669040963,1.4735081180041263,0.1644222170518812
92130,-2.49473530842862,-11.83964294815323,1.3408338686238566,0.7943368126256791,468.38055369210133,0.14361117221532105,0.1644227161394338
92131,-6.812480858821459,-8.108166489498355,1.0202197055576374,0.8615205163055424,219.7149343678459,0.4351445665872946,0.1644396581833942
92132,-3.4076989659695087,-12.74614863421299,0.63612174139568,1.0240703490766132,279.8711949769481,0.9599547806317101,0.1645064378559652
92133,-4.765532937386913,-8.41005963049496,2.0995908617332493,0.8798692228840478,196.54183526757254,0.7869918110331584,0.16452452482591826
92134,-6.7005242201185355,-7.670122285222013,3.4917768996581726,1.0116878025168554,467.90090494768407,0.2879459722433717,0.16453051466115778
92135,-2.8104828304592395,-12.05477808601094,0.120234157921474,1.8166591808209132,433.4246287320664,0.06043679283415404,0.16453174367323292
92136,-5.654373456352704,-9.310473805603344,2.3990183405722654,1.5088733022765635,468.8286347501836,0.2909832027467232,0.16454617205522196
92137,-7.488301701756548,-7.524662005045307,3.8565982346185677,1.5884182611519537,359.66694937894613,0.9663303441779929,0.1645920754961956
92138,-7.648550489301179,-8.183461851896123,3.099716747420631,2.070528356166669,402.5013515907178,0.8354692194596822,0.16459282470748324
92139,-5.320183848953556,-8.305236599569536,2.8230410877664807,1.2250634288261146,262.987703054315,0.45696811209176413,0.16461154393245686
92140,-6.190633701168504,-10.173337929420585,1.2888720412129897,1.7796104800294228,468.39560469562656,0.5138506231854345,0.16461944671966477
92141,-4.038606202124307,-8.619337335504824,1.5670626135125427,0.8959727801833987,470.29344644069255,0.023007415606319803,0.16462584327357166
92142,-6.5215566345021525,-10.196868386524532,1.2257419556084888,0.9772194650212191,271.5747062202816,1.7904972181777188,0.16463534017566395
92143,-6.940865193194799,-7.364553196177642,2.645211821242894,1.0097304068615167,467.73177648022397,0.5672356082782013,0.16467778263220897
92144,-6.725018976416704,-9.509971540124056,2.0561274452298353,0.887604130318676,228.49637486127273,0.5941728240897994,0.16468879397324773
92145,-8.48636953014526,-6.609940463351042,0.7773699911389977,1.3472707387345146,328.25749311579074,0.34702990281487534,0.16473928630398632
92146,-3.9966527863832546,-10.934542575812607,0.8949454531298663,0.6636504007417037,135.44046137471284,0.7744452565796571,0.16476295000068888
92147,-4.3046684351601625,-9.411388589612216,2.0100964720845207,1.1311625982443982,294.2108298556084,1.2536219038680683,0.16476738377900282
92148,-5.639553812065906,-8.958830320965607,2.87506823265479,0.9807066736020579,257.1279897857954,0.5539043850314931,0.16477217709159142
92149,-2.846866252981898,-8.94561515763862,1.1829207230977055,3.177355605365118,513.3396699919405,1.442754920673278,0.16477238140894193
92150,-4.4591047600521785,-9.616325682198354,1.7466688415736562,1.142990482572496,154.9565947819604,0.23692546630971378,0.16482737652727272
92151,-5.2514650063724675,-9.319667197223367,2.28397551800316,0.8718884626730172,467.7230381955031,0.4815167452061404,0.16484622096298546
92152,-7.994836884795058,-5.401055442538968,3.2415508535157125,0.9582062144344976,247.37610180393057,1.1587197949442807,0.16485710619075558
92153,-7.434530527195768,-6.740983992875648,3.5105722859689235,1.4943420529164715,344.3117060990673,0.949093385727072,0.16489849942207777
92154,-7.757292759702295,-5.404498032311901,0.7371684962462995,0.785306242382472,219.06790313101868,1.1798405407446575,0.16490040356563734
92155,-3.590862581839078,-10.518498491362521,1.1017484830137263,1.1866093065197536,465.97361941841535,0.3344235667212816,0.16490214051962943
92156,-2.4934675202124694,-12.987034305124114,1.258885686560542,1.8123161526030644,372.8105555101141,0.7958151314933435,0.1649289028960388
92157,-3.043436659808897,-9.2536654616041,2.247929485016977,0.8343664571742084,424.8853143496749,0.07974529452155821,0.16494412176059123
92158,-8.547510654711234,-7.031167805003155,1.9269440722840971,2.8067506780131004,476.26287405937245,0.8726830241542016,0.16494912552048338
92159,-6.223588105593937,-10.866240942794375,0.24863895219718601,0.7075715311979984,135.02124819404068,0.3186512920764182,0.16497435618110465
92160,-3.346165843014451,-8.519166363682814,2.006599348899808,1.848014003442524,442.39309706953077,0.25526909231615313,0.16498846584297056
92161,-4.749824563700892,-11.079094788691057,0.8350558886279765,1.0923458423470285,237.2850809258008,0.6451654372469751,0.1650241205237587
92162,-5.8699791004375115,-10.40909052516123,1.1650053177560726,0.8018035865289204,167.87299537161414,0.014215146463070205,0.16506256565191144
92163,-4.940734384841511,-8.749924071494814,2.8898309174027688,1.1546147224052552,288.2023350039673,1.2541221370567914,0.1650657454427947
92164,-4.236265660066617,-8.845122159660882,2.699198822322348,0.5211200553895374,157.64835862856899,0.6273394390502203,0.16506705286689957
92165,-2.6862600113397486,-12.6294207073738,0.7261900649329025,1.8644372535189246,464.96852922378724,0.01686639268584056,0.16507873440211793
92166,-8.435519134910255,-5.660178912092332,2.6019854384926915,0.9554317528139639,190.44511224452788,0.9343260753636029,0.165105377777982
92167,-3.8155674493420424,-11.92627239741858,0.6883966884674227,1.1417598134248528,240.0802815868274,0.5258152382095194,0.1651246822210356
92168,-3.616339147512888,-9.651871016710162,0.2242819579366865,0.7174535559207577,146.01730598800683,0.23000322406736018,0.165142992027038
92169,-5.276639476919365,-10.256861656680828,1.2593109435880847,0.8023670416026724,199.0977733901126,0.18704837608416636,0.16515135626666635
92170,-4.473125053170326,-11.23870289919905,0.7932176602290024,1.8360800609476915,440.5232796779035,0.07890453996016511,0.1652140500852385
92171,-4.6767836133336935,-9.009894324845575,0.6487508026759906,0.932521985094491,468.1597755472662,0.5977874626272248,0.16525952769471186
92172,-7.838778897594786,-8.821972708047934,1.6119196837721959,0.8155781008954205,158.758476152446,0.3510023880618567,0.16529716723645194
92173,-5.1782715651016336,-9.89682946209618,1.514297292706349,1.1525360223246814,277.9169635065067,1.0661225806420669,0.16531324565918878
92174,-7.134041282358948,-7.172669072153558,3.3473756234507697,1.9044565747368458,346.04753409849405,0.13275331609378593,0.16531814992470756
92175,-7.453474082570841,-6.638138512962775,3.414359409028444,1.658919312106921,468.28043424657244,0.6537995524535267,0.1653218964143158
92176,-6.444218029429724,-8.013368677358486,3.670027909158403,0.6726020719628593,133.73306736386004,0.15056533550666185,0.1653326435929412
92177,-3.924803286459463,-8.894549865747978,2.6321228125788307,0.5629019606157478,179.47386298091357,0.6048972658045715,0.16539718583595772
92178,-4.373190655168272,-12.744404671866853,0.626347331654228,1.6531619410383516,467.88608692279246,0.4029241076566228,0.16540147493362278
92179,-2.5514008258312035,-9.948678577449467,1.2912174438061765,1.3520716139574491,296.2278353035052,0.17090169553567058,0.16540314115863883
92180,-7.576681909376317,-6.487258547319368,3.522842737056752,1.1424741218457917,229.66192007985538,0.749695094475797,0.1654368135287625
92181,-2.7871957619371415,-11.26039848633437,0.8617434858847258,1.6538790077271492,387.25435649435764,0.3931834416696578,0.16547413106974793
92182,-7.369313455004491,-9.18994688818909,1.979599661174603,1.151810504484544,233.43290760276767,1.0254020938692987,0.1654929309960603
92183,-5.882033892306845,-12.999101617008522,0.31342877207916503,2.5155330320001372,459.64183673383167,2.490660788604595,0.16552853813591523
92184,-8.234083421970043,-7.573008677274292,2.6361525828938013,4.808433594218337,581.098272397864,0.2271276505146549,0.16559021684873723
92185,-5.753448414314257,-11.35009893856915,0.7011887610158349,1.3648854310550727,324.215066863008,1.3032493401921252,0.16559313063456418
92186,-3.0261463425767667,-8.71393232651445,2.607310103653465,1.275246483539491,316.9292218888158,1.061467629823654,0.16560582707640736
92187,-4.259337878473892,-9.309603986132043,2.1406945908273136,1.7569404601832064,416.5522117244003,0.08572769199833274,0.1656097069560658
92188,-2.5410065455078747,-11.00221248401173,0.5697693453613163,0.9354080380571562,251.06535189180047,0.1962519820288131,0.1656254460003685
92189,-3.0616534908986157,-10.168070658169798,0.15883252516648677,1.873168715419686,449.7739657358212,0.3446438731996535,0.16565470644386351
92190,-6.271380399640087,-10.815483105678023,0.7969679086029355,1.269826865289549,275.3327808886463,0.35447878967269464,0.1657018064769797
92191,-5.104240576845342,-10.477608547562756,1.130589113537236,0.6394712006768626,196.34038285347884,0.616370750075454,0.16570295671820873
92192,-6.329197888719801,-7.870330471538758,3.1634290160745113,1.8740360497872588,458.7330849928371,0.1526432987770674,0.1657121328449982
92193,-6.394376882124374,-9.630318748101507,1.853033437201366,0.6191596238294862,166.56195579289488,0.6370690105355941,0.16571346953006175
92194,-5.660265692781578,-8.484842152931005,3.242116897908726,0.7299596376082921,208.47343420594873,0.6773235091703151,0.16572762059998902
92195,-5.547292544373506,-9.414900717022876,2.166712448001693,0.8661147162323507,468.08217496078913,0.7206809451170111,0.16572833370196421
92196,-6.444139732825109,-7.7921954645421385,3.1396776216228837,0.9257298592269777,258.16576260842214,0.5999944543828404,0.16573226663656157
92197,-8.394026034917502,-6.449916517046316,2.818735160695415,1.6297540318611745,381.0624475560476,0.45498550352932376,0.16574768952610616
92198,-5.995726015352589,-10.035035793034929,1.4013383709046905,1.3886950459970886,468.89200786348874,0.8535060568508683,0.1657749513672458
92199,-8.28605766148937,-5.292400578067761,2.900605904058385,1.739655779919777,413.4019958708476,0.6261551859963328,0.16579393443291265
92200,-4.185344821524684,-9.048501083017296,0.6373347015960149,2.5263462204452485,444.8745716655109,0.6730535666840867,0.16580148186252558
92201,-7.4926512580546385,-7.3111356585809,3.8784292723738365,1.0155583563640411,470.2702081131813,0.027642743114940416,0.16585122181747988
92202,-7.874559770197548,-5.698009984368275,0.5663276648482202,1.7932648746295266,427.0422559795993,0.06634500207592087,0.16585239194221338
92203,-4.847565470919349,-9.366471289404009,0.3260470036675779,1.2037941433982993,289.9713710219875,0.405171336002458,0.16591163212159735
92204,-3.781861970276398,-8.591903080904203,2.631643066020523,0.6917529241880663,197.96262953950048,1.3926518522873765,0.16595216857707104
92205,-5.489375438240302,-8.495286274906011,1.4637888689688971,1.4774213679285484,466.65505776066937,0.7547596073399028,0.16595672679484993
92206,-7.307709565639713,-8.030973130448125,0.7671792066600975,4.115102839064425,328.83217386554037,0.13843904705535248,0.16596455019760034
92207,-2.584589737255608,-9.626838093730147,1.2343665126772785,2.6795462713617635,463.7611175108533,0.837678188530175,0.16598826954729717
92208,-4.637835100944782,-10.261016657422136,1.2528401005595784,0.4665339354768883,130.9531644263213,0.6203107560634731,0.1659921897550218
92209,-7.501683995431831,-7.474490086377192,3.8577114774213177,0.8707557272543285,172.01720803534664,0.1139665851627214,0.1660236154900982
92210,-8.254054450118277,-5.551943647483116,2.99515652998519,2.8339988821778963,476.41076918717016,0.7182039309820389,0.16605947357449122
92211,-6.054543035172664,-8.148244291270958,1.9095164037369956,1.8386244582121392,440.85090827065017,0.33833333850625547,0.16607443415785322
92212,-8.634176817213383,-5.711215955619112,1.0407758954668382,1.5551171182316714,468.34658717126695,0.5161622722762154,0.16608558503324716
92213,-6.124590327091202,-9.820059942260857,1.5944454592298527,0.9569657025165875,191.08941253274696,0.70988052167736,0.16609936208324852
92214,-4.345431567656474,-8.510131054429582,1.8734127236575429,1.733843037920598,463.63166518563224,0.6282810813769171,0.16609958814595127
92215,-4.984997037961785,-10.856412456672961,0.9183301987089073,0.7542238734573204,209.17359757522254,0.27294941557401575,0.16611653307228005
92216,-8.408270482662115,-5.178564683425627,2.6126468948481527,0.9179952944982668,257.0589396870534,1.087943696813075,0.16612968603509864
92217,-5.509808974081025,-8.829456397305401,2.9712416772155366,1.004158784260924,262.19510336379255,0.6774188582404124,0.1661361232573274
92218,-5.999291328283078,-12.986253184250142,0.42129682700211796,0.4896559265587621,146.4139922343557,0.6977806342073105,0.1661509781635852
92219,-7.5660512115080065,-6.365175496948146,1.3458272979136272,1.261510275310074,457.7997580024601,0.3231796657680226,0.1661530254366469
92220,-6.089674281729633,-12.070502151009743,0.5062260710485706,0.8790032027235256,196.85599806683564,0.4160269231184399,0.16618343939800653
92221,-4.379101078902608,-8.44906858059317,2.4109350747946205,1.029773893827141,467.92758444150064,0.9374416094048081,0.1661878142946047
92222,-3.246222773562689,-8.589479765926338,2.5976586472560603,1.5133968488916636,468.23030404631754,0.4663243405904831,0.16620301879946425
92223,-3.8102413800917336,-8.974822712997852,0.7484901791816323,1.4874031290505687,228.22942754876283,0.3843124712036401,0.1662141193837168
92224,-4.4914788373598284,-8.449003208783118,2.381772212940734,1.8219456916471688,370.99348949092183,0.8363207240274209,0.16621829243958222
92225,-5.28553851101201,-8.311011887142747,2.792106457782349,1.278088868016113,243.7908966542562,0.10384251241625275,0.16622058151422414
92226,-6.9962500929458145,-9.476507411532348,0.4322894425723459,1.8259488682233773,468.0152766569107,0.37501229495809163,0.16622761703826525
92227,-3.796152066102646,-10.890619402734037,0.9050942781541497,0.7245908003852057,444.36152902337585,0.2889819846354955,0.16623309977996834
92228,-4.465981754029019,-9.628675423957226,1.7300588035942928,1.6568565169223683,459.0225039734651,0.12431568707151719,0.16631365256147063
92229,-2.8264030143632324,-9.100723001207179,0.806463282987393,1.172830376543771,467.2210104052656,0.2635954518872241,0.16633147149298846
92230,-6.728329476359107,-10.013515356358013,0.36430228880141324,2.150101357322921,416.27150357747837,1.1457418568090203,0.16634131974485167
92231,-3.531841021441682,-10.253545946002783,0.12044931722875184,1.0987069798980715,283.60085341890925,1.8369360683108988,0.16636301905064121
92232,-5.984794983254173,-8.336515147747797,3.4255825646818643,1.8732294727591474,469.76580047257755,0.12049680930567508,0.1663639850326571
92233,-6.590413177015648,-9.420832066931158,2.28489670396555,2.4699721943279367,438.62911041667536,0.6671404924836635,0.16645065799538036
92234,-4.798310391771382,-8.813381793406098,0.9511933822575246,1.3307294653745656,325.3608522852154,0.35639914411427576,0.1665186719616518
92235,-7.810447901661476,-8.322146162526733,2.5855843753381804,1.0404840586163138,215.14407519580956,0.9056251310096561,0.166520648604885
92236,-2.7840317798850105,-11.237473721763848,0.8616971108336721,0.8720857260995438,185.7933100070699,0.5396034291741278,0.16653547272238384
92237,-7.68897867321155,-5.218330258517393,1.366376326337917,1.7098889122927827,357.14394780814746,0.2538389780776269,0.16654264345822306
92238,-6.721556797773891,-7.63064521966264,3.3762984546274177,1.1248910537660863,349.08302229473384,0.6936237546574437,0.16654923328404747
92239,-8.155640618325082,-6.353614019979457,0.5963112366338916,1.006932822907197,265.3537010919598,0.47146231947477535,0.16667350105478362
92240,-5.537361553636389,-8.80334284251898,2.994108617964515,0.6283930436393207,175.13489527138518,0.543465882313348,0.1667141668123163
92241,-7.024500209366416,-9.978727813022559,1.2025170145340391,0.9342074522410462,466.6464263615624,0.11015832832447803,0.16674164809453113
92242,-6.587944716160934,-7.6834270394021456,2.964122681285281,1.2596978192787747,313.83900124514423,0.36440698519291814,0.16677185118864438
92243,-5.1885068511453225,-8.382672751842346,2.855267879113309,1.132528798794384,295.6222663452777,0.6803038054100332,0.16678671641419968
92244,-8.242476797324501,-8.186237378563169,1.5005218325154923,0.7085165073777898,138.29333570276086,0.14552136490675682,0.16689068385105688
92245,-5.681061655449174,-9.336704109763378,2.337325135114253,0.9627513626603703,468.10563958885933,0.176915280539359,0.1669024598020591
92246,-3.6985033922665336,-9.383689243788385,2.0005388240273323,5.666053132914588,418.90247369944643,0.1100913579219176,0.16694232174738702
92247,-5.006769426743846,-9.114788255885886,2.528487107318688,1.205857219635896,143.5960693435564,0.3034857543688938,0.16694743978707027
92248,-8.285868413407332,-5.61047313363323,2.9469079476447924,0.8451323953927138,165.0372413540865,0.0350447235806266,0.16704627966775518
92249,-4.476557245175938,-9.334677749351128,2.1285908650277645,1.2483389369799198,300.2016008728817,0.8828712351404571,0.16706332416770706
92250,-3.880420071522427,-12.131369780063213,0.10102187937012849,1.142338611219512,214.7553618039264,0.057409790492762625,0.16708192426056748
92251,-4.062552128428529,-11.49096675275914,0.7443155536030296,1.7060282031776395,359.479385450936,0.5125998040904607,0.16709046161229105
92252,-4.107084437834238,-9.069108439734743,2.463584955339696,1.8710439739569606,455.75514114322857,0.08661557672579168,0.16709870835249327
92253,-4.21552423583858,-12.185149467113918,0.6569266084927013,0.8561856433007345,219.06951572436657,1.2964425446402839,0.1671220397809692
92254,-7.138149541244188,-7.334813982921336,1.7709682207199422,1.3515215026128746,301.1928456732158,0.7085135277918262,0.1671358846647288
92255,-4.641639278099134,-11.921436186908617,0.6718699626304996,1.745893387545909,468.1613564258141,0.4281490821272014,0.16714076524906465
92256,-7.301653122403412,-8.718881524060148,2.8524687981110204,0.9599490266164615,191.74054792553815,0.15804162109163045,0.16716031357172312
92257,-6.41199288190097,-7.947283164236321,3.545037840296411,1.061228483850326,265.57795287566375,0.14645575227395202,0.16717703010724572
92258,-3.670237085610025,-8.560389312518726,2.592006829915035,0.9022036488441723,178.7403859693367,0.09530569617201579,0.16717806523036424
92259,-7.596244549495285,-8.02766445880684,3.3567093067674754,4.479680101958601,594.9687729281729,0.6762331086551532,0.16719583111899627
92260,-4.714900525075869,-8.851540295766664,2.737797735649175,1.8540669699335657,380.0218564999354,1.0545915128768106,0.1672018430216847
92261,-5.243717650759713,-8.330245841017188,2.7506718395490095,2.8122960314072394,403.79123419564354,0.115846186596122,0.16723844416980577
92262,-7.819531040052988,-9.082107196037382,1.1013581775975896,20.25069522765555,558.2691972938021,0.12911502611309444,0.16725357119381595
92263,-5.944529514109265,-8.2463036296306,3.3768539327639604,1.0604651756374421,468.10038177876254,0.7311110826674012,0.16727042282366586
92264,-2.4883544679777314,-11.293784600322734,1.0224735293506242,1.0470808760042776,224.3510376707394,0.13062337029556215,0.167276603288338
92265,-7.6704665017805596,-8.612452694015289,2.409626664731009,1.0175161225578706,278.9763122287559,1.3131272353712458,0.16733488481896153
92266,-3.0984870338281834,-8.844304792295851,2.6323279529899533,0.8721884302967298,468.57943389648074,0.9056548029808544,0.16733789255829573
92267,-5.118720562346394,-8.452817676466697,2.9076284025759316,2.7924111727932295,482.9114135188899,1.8255248041475314,0.1673656826977498
92268,-3.2651580733120165,-9.02290972754493,2.467233175616708,0.8637181297375898,185.3404210308641,0.6626361937116583,0.167375802487566
92269,-6.0301538633166585,-9.263735209922487,2.5334151487243313,1.0402616608461344,468.03917916169803,0.3854676235316168,0.16738218375412886
92270,-7.706256671511865,-5.917860391860915,3.247058818267697,1.120445875642709,467.55849586841083,0.3617361907177763,0.16738493898485052
92271,-6.601517803204624,-8.36925967006178,3.6415966229654932,1.407725056030817,137.96298044969654,0.35725345105350215,0.16743016374292027
92272,-4.766977759136502,-9.282672901223544,2.2448597836129833,1.8844405165259408,468.0812901360109,0.18565242395422477,0.16743447190202085
92273,-7.241072748759155,-9.198589959321422,2.1653772946865266,0.8261555357304667,217.89632303605967,0.9981931888530147,0.16746467774510462
92274,-2.7466716631404617,-11.214220700784342,0.8814177480341455,1.8362151638946593,442.4743382270967,0.22101858451661283,0.16749488315891434
92275,-7.766571331246775,-8.567315192082418,2.277334546316833,1.482979357042099,334.2778497301501,0.0006587064622962657,0.16750470506926507
92276,-7.429162576502011,-9.028002771742727,2.1668538179201136,4.191933542109944,557.7567323714658,0.21887652684983827,0.16754112343402855
92277,-3.919423910778466,-12.103595352903533,0.6643562342096903,1.581743295423078,337.6086781303285,0.24790593119494186,0.16757563521640675
92278,-2.591203393575504,-10.488965735339772,1.5357022208899405,0.8247572396921932,214.5361851133864,0.6902197977413893,0.16757870591506532
92279,-4.76433464987063,-8.421967460068775,2.4992233832666764,1.1781001836794947,184.07285299424643,0.15668113665653483,0.16758879593948967
92280,-4.78841125236616,-11.425175396728243,0.7401428206414208,1.7079133281382375,367.3810025524837,1.5264554865986968,0.16761348579008725
92281,-2.723214755070038,-11.960749903952077,0.7465260442218088,0.659201950341088,161.68659318290386,1.0055440119120824,0.16763147391531558
92282,-7.840686591828761,-8.587970757887096,2.0540027729283743,0.6072522723122677,123.91655057731052,0.47015543169313645,0.16766099598769507
92283,-5.951340707806235,-8.74862482814342,0.7190813363954044,1.1649633807672835,251.10795101793806,0.7540800459271226,0.16767698505621706
92284,-5.249750409434382,-10.826134310691039,0.9193243184618031,1.7891515216511986,447.5746843632057,0.1651805030546507,0.16769607815247647
92285,-3.9635662184245284,-10.120213525249978,0.13412040583696716,1.0967058793899103,262.8312829080088,1.3122831269553528,0.16772406892247657
92286,-6.663454105052325,-10.108193407271365,0.3465854754176746,2.3797486869694313,444.4305006783587,1.6859181519009168,0.1677298622075729
92287,-3.511059743429924,-9.016146546029418,0.6983515963170998,0.5385892154824221,126.22860577806648,0.20045416894117452,0.16773406896361256
92288,-8.336197763091906,-5.0778979027831905,2.7453591948524094,0.7792232115532468,470.04404663398003,0.18757180663520856,0.16774406645041298
92289,-7.1080704103235215,-8.922449823520179,0.4800447789471668,1.6465192942046518,384.35219962414214,0.09947215257548603,0.16774933777829973
92290,-2.476696039132791,-12.106440058251447,0.8659959258739174,1.355588336221857,320.9936588895323,0.3137383558953184,0.16779700745701506
92291,-3.585985111995612,-9.39896782775896,1.9762420241779732,1.8628278925537303,448.9509625038761,0.027830752880334764,0.16779996724080737
92292,-5.306194002662811,-8.341103996365153,2.023665146455105,2.3603584651983023,444.13920246924846,2.1754561814759956,0.1678334603604843
92293,-4.212750705067812,-8.562375391824357,1.6932019625776409,1.8286103041675656,435.19778985313707,0.3788250361267922,0.16784397375940138
92294,-4.779827901434665,-12.501072780555644,0.622555238305235,3.259499095573272,519.7857632359351,1.4634064185006057,0.16785467706610652
92295,-6.399908568342821,-7.816906763355473,2.886757387287625,1.7344472078397744,468.76575429948144,0.862380860585275,0.16786079909290202
92296,-5.334362752313951,-11.0314423928085,0.8267184503566277,1.101608596172578,288.5621424657259,1.2568267659354264,0.16789296482729554
92297,-4.141314894174817,-8.545069946201478,2.6067209647176846,1.0132176665279913,278.78664518716494,1.3873426583465376,0.16792431352240653
92298,-2.6788390612268405,-9.066158687020584,1.8934170486486501,0.7428497189256451,424.3611627293302,0.2947130048191511,0.16797627146449426
92299,-4.960592978034704,-11.973174561282207,0.6544230298750854,1.8899955090621,470.118314605881,0.15286767239197374,0.1680225767480872
92300,-8.628725536380268,-5.706755545782178,1.0305606617693308,0.8694568887103791,469.4267896912611,0.20602279363134013,0.16802290521333732
92301,-6.058771069044459,-8.671122830750418,3.2755733378082224,1.07837396730956,180.68487959850793,0.1303820937436253,0.16803095287087827
92302,-3.939434179857022,-12.117182013281061,0.6627555427999594,0.9471828975010526,464.9654876128919,0.036665153833446595,0.16803580768510648
92303,-2.696134655126583,-9.660295092629307,1.9322135687117132,1.4594679459260784,468.6879164214029,0.4703572327107173,0.16805713643962408
92304,-4.077359150877923,-8.922714096537256,2.6037105887695624,1.7021071449615923,400.6858459014379,0.061114157037160055,0.16806965779126753
92305,-4.30818802018461,-8.78623956798717,2.71189705363276,1.1153297533494397,454.8430892382436,0.6017595043180188,0.16809671135047913
92306,-6.644769556917893,-7.6985626477306655,3.3758029344911322,1.077797579748259,218.4625328817061,0.016703089502610347,0.168104554611261
92307,-5.610685644293547,-9.921087114839231,1.4983694535479914,0.9776091728369076,445.26522215405015,0.07504039022940656,0.16820193549600623
92308,-5.062192146167154,-9.316422609455504,2.2285991926386735,0.7689817427024033,177.5254653761679,1.038471916266051,0.16825147245429406
92309,-5.3211491962487205,-10.157427012882614,1.3086588551618124,1.468668014271448,330.2277994640107,0.667435195132958,0.1682731936829751
92310,-5.767061994193165,-9.331241159809096,0.2956835575059434,0.8533590945075397,341.39628301696126,0.5067654860055226,0.16828938557754217
92311,-5.447170319951197,-9.415153213363148,2.1237244161487623,1.0939624296790882,467.21585150583985,0.4101970890115405,0.16834190255308454
92312,-7.234519683393154,-6.998312358940223,2.202851871159675,1.59976941788988,370.1413185480188,0.004661018773695957,0.16836440518271148
92313,-2.703486622242491,-9.178632132013373,0.8005586101943958,0.5470255942991036,138.37649300545547,0.24885751978212411,0.16838004900188916
92314,-4.151787090565983,-8.786983202338547,2.698510977308427,1.075761449206612,279.8001839564596,0.2818148671203451,0.16840307436120766
92315,-5.039379174095229,-9.302650053525186,2.243658454869036,1.3625134468921585,313.77369238370585,0.7387932299912485,0.16842872901980188
92316,-4.704013169758361,-9.299537253024374,2.197402372219348,0.873614002884641,250.81908464506733,1.1444530417147574,0.16848932561637991
92317,-4.861790299067952,-9.201380856964535,2.379186391573055,0.9319567810352382,189.32271872915595,0.9720692072463679,0.16852408282753684
92318,-6.889504432207219,-7.694091917851313,3.759438025319705,0.8119025519026555,216.2514772323118,0.28598474803233476,0.16857610255444458
92319,-5.682311124377458,-11.406231145821847,0.16754149722706999,1.5821669201684507,275.4422436483832,0.02321094184968686,0.1685983344008162
92320,-3.6494182497969163,-10.429497746184676,1.1357051202030992,10.911476607398221,466.4980581502712,0.16711916024725415,0.16861548261737178
92321,-3.1702913654337683,-12.579993172251193,0.6458262024946775,1.1066818803631069,286.9681274681769,1.0693675729574634,0.16863002766241186
92322,-3.190232265621132,-8.517431249043753,2.2122323948755978,4.049798459335514,275.43481083746747,0.25705041523530703,0.16863675568475148
92323,-7.4598886221327625,-6.46196596712209,3.0359180475731953,0.6529776592311268,467.0449278689184,0.4524359822695869,0.168675767054555
92324,-3.0059547401862963,-12.792191742511944,0.6474551015987493,6.835855784794434,556.9397811668874,0.04022595869841705,0.16869213923362944
92325,-6.815691454684979,-7.955866715372784,1.3471020888043803,3.122887612207054,497.0148169265882,0.6094146071376025,0.1687452124063356
92326,-5.343747780113656,-11.88595878516952,0.6430688035006286,1.5409973474507845,351.69202393939764,0.15551600682327393,0.1687499388545465
92327,-4.853204777473536,-9.190057170897349,2.3914340064908464,1.1166656500528003,260.39650659977264,1.1286693490882849,0.16875777446224305
92328,-4.151836525185237,-12.892668808765249,0.6183211904217589,14.92135201622171,487.8693751409299,0.18116537975203872,0.16882494661857167
92329,-4.239472214747005,-12.271396387390295,0.646959278286347,1.174216806422453,467.78814161638087,0.21897809211106267,0.16882874568918058
92330,-6.702423885933181,-9.915741482847135,1.4153968291392443,0.8812727109807668,467.31575915516316,0.6129561909466146,0.16883936565258506
92331,-4.461982960307541,-8.636108264980997,1.5120785847682763,2.2169607917230434,428.83439795113344,2.0416460437425714,0.16885564152165197
92332,-4.6663064069315086,-8.611190561589519,2.813342261364937,1.8147436080216808,430.89397567566147,0.6303468804839403,0.1688710946687548
92333,-6.011858110741395,-12.697872648104578,0.3916106424978667,1.381370870082777,327.14195651645315,1.4604173394306148,0.16888469320773267
92334,-7.483047391798218,-7.4589757958315195,3.8504853015058513,1.16817697435231,285.4103669946861,0.39658916820269763,0.16891444573997288
92335,-3.119407635023972,-11.980562019380052,0.6904578471383561,0.8429224144137277,277.0271022679522,0.3439008350088395,0.16891561092893279
92336,-5.4616194096219814,-8.607043849044949,1.2480375280016722,1.8340154129095843,467.5109051520074,0.9254559302795995,0.16891668846332003
92337,-7.027176382841951,-7.328080642075512,3.312134499298927,1.0425623944705362,279.1918425963006,1.4013368696902146,0.16894012875108613
92338,-5.817274377035001,-11.509879009376638,0.6498502933574303,0.8584961596919349,468.3279170674706,0.469085683215158,0.16894968817415718
92339,-7.289121723569117,-9.371927708799703,1.7271637013746497,1.072169778359814,466.2424362747208,0.5890654765616654,0.16895933974662924
92340,-7.45759748194898,-7.840465227804998,3.6828479127228464,0.8508909758516774,197.58927804563936,1.0061813237079722,0.16897519159089552
92341,-8.161385772190993,-7.22554656243063,3.1435392573132166,0.8020009624745341,433.280242959909,0.05105259317095001,0.16897598723153512
92342,-5.943786934412879,-12.24263038473668,0.3056655704019625,1.9363442079929687,396.80976620418113,1.5850469575635238,0.16898388132510292
92343,-6.490396843573976,-10.866119153928198,0.6683881173468376,1.0182491652596855,467.2985612606167,0.47495120178686623,0.16901369562045077
92344,-3.2010866421848867,-9.971389633075677,0.17424730728793095,1.3268019788702776,318.90607792064924,0.24028140125435993,0.16902292581606035
92345,-3.53548326253396,-10.288764490920036,1.2216341622854987,1.096471291555699,285.16511418931543,0.5611908165380504,0.16904335410115998
92346,-7.254932470468047,-7.495505632626417,1.1686256595385691,1.4128721722514963,334.12994565199415,0.3296042911520143,0.16904796557460378
92347,-5.691800713455581,-9.804407073487955,0.18079604126579374,1.8052657737388362,240.59644996679887,0.10741006039263112,0.16905145860484488
92348,-7.478742093105499,-6.293693485878943,2.1737699581530547,0.8655300048812741,469.86747771969686,0.16012414244244777,0.1690897478310118
92349,-3.639034826293999,-10.3971424831507,1.1520247270184338,1.3536887778832776,139.3183320221227,0.37063530925275145,0.16910879981336918
92350,-5.960184183202414,-8.46309496417026,1.2733198525928788,1.776036519374526,422.3670555441725,0.07471229665432855,0.16913176118848702
92351,-5.6807328261001535,-9.65624830390274,1.7616674664667291,1.0718530523533623,280.36335180599525,1.4526287912121925,0.1691450531919663
92352,-2.961466892039022,-10.389450867253883,1.200820035088002,1.4629385418784695,331.7987461735304,1.2786516458701653,0.16915558508822356
92353,-3.336906419294044,-11.711192420649377,0.0991243970609552,1.1030737999658564,355.7520141867156,1.0222742672814356,0.16915987223150497
92354,-6.161137495636641,-11.675131921102608,0.5446097460969601,1.143456782334871,294.7589284275686,0.9537604356779497,0.16916160863018287
92355,-5.973261889128234,-9.163182586076363,2.6620518411931933,0.6259222289197001,134.00110167094317,0.07265870990569834,0.16917862781236298
92356,-6.7326855331879925,-8.278455595681207,3.695208092008111,1.8243821630087034,462.9347555196746,0.2504620272584841,0.1691824753345244
92357,-7.254092742194883,-6.8937317350061855,2.8705415759070116,0.9065465789208812,254.2005095394283,0.7301542951547955,0.16918871435772356
92358,-7.621895291428498,-6.922328030413278,3.8032441888619055,1.7836574951417479,469.0206947481008,0.5651388873456815,0.16919208298282054
92359,-7.566979080625208,-7.706129174227907,0.7591553307154099,0.9061806565505811,186.17806348765149,0.5405739056178112,0.1692011708647444
92360,-6.582061826537419,-7.993671759094959,1.6483719114275288,1.0343642316438173,181.49103455100112,0.1401546020807709,0.16921096912463618
92361,-2.8523838026328754,-11.56957044166581,0.7636437195430303,1.689936998206489,399.8780904008794,0.8386733311262242,0.16922936809463326
92362,-8.321907691602572,-5.498055097288975,2.8438371154714375,1.2981479350379856,289.98776918235376,0.47753479656790443,0.1692295616153601
92363,-6.853441190786894,-7.483310229321313,3.164292538453596,1.0320618388331702,264.68143407057255,1.2570187653382519,0.16923511974714742
92364,-8.380572734691015,-6.082068873955692,2.801501101725048,1.2056043276435155,246.77994778722007,0.22290018045827953,0.16924411491522035
92365,-4.739072468842364,-9.213132834944899,0.4463535608445538,1.0535427913833326,468.32886302392797,0.5092060603500821,0.16924689893179645
92366,-7.653805085954248,-5.434703861719824,2.5880794603509827,1.1892659475428315,294.3047079150687,1.4407098911292957,0.16925977247311558
92367,-6.496520516825086,-11.138656585269809,0.45041997015209306,0.507504129454548,119.58480394451757,1.0412635161141344,0.16929043276121036
92368,-6.04341897962491,-8.763504599943793,3.173746558955217,0.8585837417200882,200.67481352737,1.077100095226169,0.16930771599822664
92369,-5.959342687408469,-9.402516549962664,2.2682153462652974,1.2960558308166341,280.5308920446449,0.07542979633644009,0.16931205773807798
92370,-7.6596214161532075,-5.036708310773937,1.798324310047948,1.6001950109984844,468.5069794209086,0.5854467975400874,0.16931500764856086
92371,-5.729651686057125,-10.922970303133962,0.1587386507871629,0.7107811037628707,203.13543672716352,0.691145558460911,0.16937283709490542
92372,-6.831933618968729,-8.49867693916394,0.6708031005023377,5.4357582872488415,645.274400245916,0.6502119589456177,0.16938768883247296
92373,-8.045850772682712,-7.297926046187309,3.3243208539717575,0.9049843835816874,251.082261242259,1.256365308471488,0.16940612358623422
92374,-6.4483650719825825,-8.999385668873664,2.9389896154108337,0.8787609079193123,250.38438138179112,0.4738529084026162,0.16942898511936177
92375,-7.233656138273515,-8.35866908524585,3.3877192946412498,3.0806086399290655,495.8789354907881,0.26182441327501227,0.1694420523206605
92376,-5.968951568105782,-11.003158642034444,0.7631515929893522,1.7754689720064785,466.0378019564451,0.5455802555786606,0.16944496477400134
92377,-3.824423410882366,-8.772268778230238,1.2561270221579541,3.616127721896303,536.8372887066815,0.625149553836903,0.16944877251133253
92378,-4.737679486988355,-11.779316499031186,0.6829704248004007,1.7607387644784223,468.74540936690954,0.7713989595270823,0.1694536673259536
92379,-8.37214703103506,-7.919250512556314,1.0697842101937018,2.9872999034930445,499.57167476152966,1.8856136350943435,0.16945895818905712
92380,-6.8844951580433165,-10.14236238944861,0.449104216152595,1.7671883224280718,468.543908533758,0.25884178214099585,0.16947333687550253
92381,-5.720042265164063,-10.207885179935312,1.2753729864712773,1.5857780985549024,458.57376564364216,0.8514752064439977,0.16949611449266905
92382,-4.928534021985086,-10.863804038402474,0.8971087151981852,0.9874324448734224,196.293255435233,0.6037050000107618,0.16949723544166836
92383,-4.546818130886349,-12.929822598463268,0.6085097440458356,1.0045361129823087,223.21485443315913,0.4664904503074956,0.16950027429714834
92384,-3.8468163046115205,-11.194692465561934,0.797242938126097,1.608952110332507,354.9845520568203,1.3990999571638207,0.16950139229606145
92385,-8.553799880398554,-5.748628988572714,2.104275860010345,1.5641228209573106,362.7654856410934,0.7367414425665322,0.16956119297909733
92386,-5.270122387160287,-8.862760517688887,2.8512912190012996,0.827962071854084,189.81081527935726,0.5297449082467018,0.16959330062680103
92387,-6.221789653640339,-11.65642096681638,0.5152531639665932,0.9086228081908676,467.9653439685271,0.5807455333157261,0.16960854952835924
92388,-3.7612557106469904,-11.014752212022852,0.09929727981501442,1.2620906554382392,275.7769186189799,0.15527308743548485,0.1696261526193567
92389,-8.220728581997186,-6.630686793169477,3.2181583064512536,0.8090735723010553,184.78321288256925,0.004228895641075425,0.16963192638385696
92390,-7.445263649325625,-7.881026569181682,0.7759739053611089,0.7016608012230326,165.98064425567603,0.2898845276836335,0.1696574912567924
92391,-7.641857990073207,-6.621680161842562,0.8660336295582782,0.8673245369761784,176.04250571440593,0.7701052728799036,0.1697250585590448
92392,-3.2973650977597124,-9.505139587100059,1.8320353267400573,4.143262391910841,413.56647053776334,0.02216064406914242,0.16972597643285456
92393,-4.072345177026243,-9.095497133800267,2.406208825090209,1.7148657635618396,403.8936718171725,0.37714835252082946,0.16978076482027898
92394,-7.099417400456485,-7.847150299395136,3.8514916558556336,1.0357170580922648,221.39960119818483,0.6669087181332616,0.1697821427226779
92395,-4.377730048190095,-9.232364152282122,2.2452844205820424,1.487246608999621,340.51490344306075,1.6057198258709269,0.16980523404076697
92396,-8.154144657522345,-7.07597507076188,3.2434239532164706,0.9792973539566019,255.68408364628218,1.1559347098385953,0.16981840755564492
92397,-4.2357799622067835,-12.14328256942875,0.654598189260214,0.958327022502718,467.994940111633,0.57146982739068,0.16982033677068176
92398,-6.5126911512065995,-8.889693145308236,3.07913735864868,1.6731352064991076,467.81803563758865,0.40040304004462524,0.16983680337191973
92399,-2.496110469351488,-11.004314840183847,1.336025981456321,1.1024479616979879,297.7180151946796,0.8935195159500564,0.16984722219782994
92400,-5.9414648418339775,-11.930305419083258,0.27121008892049664,1.8816025592357348,470.2870849118391,0.0244596130210466,0.16985257941471674
92401,-2.6563762996784757,-9.528406774510898,0.619629839815131,0.5391727335137774,129.74599682783492,0.4757227651219198,0.16988530665770507
92402,-4.5078987335046685,-8.52461377150953,2.6965384230405878,1.5955095078192123,468.740600915121,0.8040461711521738,0.1699232941443007
92403,-5.091336148970298,-12.868237983719354,0.5876533758548631,1.8257132658763464,470.0446006118181,0.15793490305514357,0.1699359167761067
92404,-6.12886157944844,-7.989145857634038,2.6187367096629677,1.1480195172041479,193.1989194981621,0.45772323559971984,0.1699499025373702
92405,-7.417203742836285,-7.674624388217046,3.807637633893061,1.6029326305705853,442.9403241389479,0.9141418270083674,0.16995017282736716
92406,-6.586034738594773,-7.835841798953131,3.5737092832103103,0.9480710537496975,360.19849141423344,0.2259553374210066,0.1699590864601882
92407,-5.076872411182224,-9.190747231703124,2.4231227817278587,0.91272880754405,466.5300745838222,0.15482524144417464,0.17003035765173902
92408,-2.63554229532412,-11.81826852792761,0.914146914750247,0.8095599095534949,467.68833549782045,0.07296765402357863,0.1700778844365831
92409,-8.432775213318724,-6.882265639920969,2.5892811929241564,0.8896636424471813,468.3884178025086,0.5320331607748523,0.1700870692611561
92410,-4.473485830015441,-8.784337105986518,1.1408663829102814,1.081991915483525,280.65058166723844,0.7051986397639931,0.17011368550784103
92411,-3.172303052667198,-11.552978325110043,0.10450546962122302,0.9918503791668741,259.7306839317076,1.023990694332876,0.17011806435910837
92412,-3.9249233422210095,-9.205534206091462,0.49056213999851794,0.77552977197797,231.66768646154105,1.3304802575122725,0.17013588762656928
92413,-3.9696562681525887,-9.22131996973707,2.2195397451898846,1.0361408167195882,270.67595410970927,1.352484913983531,0.1701619226971616
92414,-6.399808644302992,-8.03768233869835,3.600028741739753,1.2151706926183596,265.4319027105963,0.014138572535537186,0.17016708581787882
92415,-5.160518967505672,-8.882480925657667,0.7535362962511627,2.450612092852784,412.47497707607755,0.28392335393305856,0.17016965141759535
92416,-2.806519346196045,-9.2764595044035,0.6563129060098527,0.8055207466362349,166.6616111913071,0.2523269709789444,0.17017212201126106
92417,-3.5018070179086056,-8.760483114016548,2.6440784267669293,2.1806450660220817,382.58283506646774,0.3050319888151627,0.1701782596660598
92418,-6.329788343649499,-9.475533236720066,2.169945747479667,1.1231356467567928,468.52065523395504,0.5733324453164714,0.1701999943374501
92419,-5.904648565864241,-8.648524358783696,0.8854563232755482,1.6502396453789747,386.56004723172754,0.37639214198965654,0.17022204739001606
92420,-7.631431192909165,-5.385261537126284,2.2834048306007593,0.8947403669237924,187.11662334975975,0.07479073481766196,0.17023842739754544
92421,-7.6641845663139705,-5.6005829418931,2.8244951206248303,0.9946942149598611,204.3414420536442,0.6604870643113356,0.1702584826579892
92422,-3.961482521740022,-9.194168575537986,0.5018023604695292,1.8663522269674289,467.9897192062672,0.3633370601844943,0.17028715077627243
92423,-4.330555028082968,-8.935375067840127,2.600751603547918,1.5819952272552795,372.8351928218427,0.45842716986624144,0.17032176165539917
92424,-2.7568097447713953,-10.408163587057645,1.2527232770141254,1.222799370418322,188.5958051783662,0.15068737924547548,0.17032244832086696
92425,-4.4219170042072244,-8.548902201726998,2.6646616857616916,0.7847469820783224,469.59794256801075,0.16841979418000896,0.17033938080162156
92426,-2.6067267191085106,-10.62139976338389,0.35137232961820875,0.8510914609694603,243.2595909195458,1.5919346779782,0.1703681867804746
92427,-7.126989562728641,-7.602796985315919,1.3711202039616963,0.7821713442535759,469.1876673097373,0.174162045955093,0.17038462233679225
92428,-7.0483364246095235,-8.84852017634747,2.9161501010274518,0.9981210979274168,265.7274036821232,0.9104705804000082,0.17038684424417422
92429,-7.586099474371581,-9.2162559554795,0.6270328314615146,1.9413966522974755,396.90954645990496,1.708062832929472,0.17042972067477666
92430,-2.7207781550949033,-9.733938148915197,1.8137355000566926,1.0467132548563856,278.6853064687949,1.4995215085682085,0.17043033809702068
92431,-5.858723811787252,-8.238566767129607,1.8879827796781492,1.5419422460790078,470.3985234273682,0.18734997315822888,0.17043213859480055
92432,-7.223832974628214,-8.463541767009959,3.2678938321178443,0.8358965404208378,145.48893346776336,0.2070608018168265,0.17045808580098193
92433,-5.735757816812451,-8.242556089597617,3.1361867149725766,1.0070716315545865,272.36806359271094,1.095792146267799,0.170465253746511
92434,-8.508119413897361,-7.40237019582511,1.0262284052131447,2.5154347063633646,456.6862295141833,1.5670781040747217,0.1705200561026921
92435,-4.702787173116424,-9.129245242908048,0.5271637033168728,1.0784740248218068,279.51112166809395,0.8491181130988581,0.1705299525590719
92436,-2.603405318460311,-9.437878965029558,1.7557619414975716,0.9936992797116223,272.4668720016982,0.9713440046489028,0.17053458685874262
92437,-6.317470921188353,-8.04163344015642,3.5158419163834393,0.7296591328488788,130.497861942449,0.3186429918646958,0.17057733868039157
92438,-2.7991384474400274,-8.823902453006186,1.7469949190142953,1.8172041911020458,467.6129717718349,0.3557733020612366,0.17061116154512992
92439,-2.6938824304427236,-9.322107721556236,2.170945579111383,0.9687373871344813,236.28222531725356,0.9874296170085488,0.1706290582604943
92440,-6.879234313610734,-10.411524120880838,0.6919567250882445,1.5274132212562659,469.74388449442677,0.24141694115782197,0.17065340811979385
92441,-4.4918933623847765,-8.456437351383329,2.2128554811840835,1.1587699407465866,301.8346394836489,0.5306323115505291,0.17066367595030185
92442,-3.682187268975934,-8.524474608341212,2.401043038414394,0.6154600848475119,126.23074498591394,0.2309968720658846,0.17066661517595402
92443,-6.27446413371464,-9.34103287345557,2.4274355371964345,1.0581073329451451,158.2827591154823,0.20848836605629284,0.17068490111931486
92444,-6.9803818258917225,-7.5388485063403845,3.668148011590353,0.5413529169793183,115.09619480383667,0.8218588327725911,0.17069601648073435
92445,-7.110953924338388,-7.438154392778102,3.7050854650721465,1.2036140343729487,467.8256194009703,0.26832809000865154,0.17069941024532867
92446,-3.5072601581900296,-8.60970328968707,2.5933602824935402,0.6215584896183696,156.5378398656132,0.8638903061324568,0.17070130675922365
92447,-2.9032572724426675,-8.705537779555748,1.8797942195145443,0.7575290598992483,228.2170194543824,1.5151040640780629,0.17070546771542977
92448,-2.8532697802016846,-10.620090451640035,1.083435830242449,0.7345816776522908,155.26529690055582,0.03862766584982236,0.17070569307039965
92449,-7.580551632976665,-7.36440625416734,3.8194230837195815,3.090492605254075,492.905302183428,0.5573358155764465,0.1707076730922114
92450,-8.56645777725356,-5.946138406541965,0.9065768056933196,1.6129981230697557,377.60995867889085,0.4902406740462881,0.17072846330319083
92451,-5.845564106231648,-12.609623047398157,0.5015908084085531,0.8261172949820023,335.58475088843244,0.21208564439942545,0.1707512759747843
92452,-8.120620804016632,-6.940453970350561,3.3555618655901402,2.3951295425297046,443.54605887440124,0.3743427967723365,0.17079369062229516
92453,-7.586990627271955,-7.334253516182039,3.822077077989521,2.0148005967836684,404.7352747038344,1.6504339733889806,0.17080138778465687
92454,-8.240069710248209,-8.2575003578391,1.2450151019713556,1.2947236610104036,339.432461166402,0.2768638710327256,0.1708410057865169
92455,-8.398669417937247,-5.303430088351502,2.6181179814631226,3.3001564015951903,508.4864167872911,0.38218749689063625,0.1708960814927973
92456,-8.260288258176722,-6.049992070394216,3.053693397812396,1.8491494936813424,381.6402448922178,1.1962042269644462,0.17090865175082628
92457,-2.7940321528310683,-11.044499131777444,0.9075680028579148,0.9684430144574229,269.98779465536666,1.011437075577727,0.170947147404454
92458,-3.39136496817646,-11.984269535638662,0.6706463168335123,1.8010277234785186,429.32756053564987,0.19138106601027527,0.17096720798750822
92459,-4.344126039102307,-10.52238745964813,1.0792544750308923,1.6989428923700274,364.00678367215716,1.2066271388746257,0.17097773917974324
92460,-2.859225476962691,-9.572061614936068,1.8854740413587894,1.1475182380513151,467.9174057086583,0.5319429899117365,0.1709784165234681
92461,-8.510524833876595,-5.816803939875943,2.323508153110351,4.962266852340545,619.7039180735188,0.567208847219506,0.17101365174694994
92462,-6.82680381366349,-7.5335576495564744,3.276486452884353,0.5293724437467073,162.2625733150595,1.104550070036737,0.17101388605688786
92463,-8.16421915564019,-7.109483714300401,3.198302038817093,1.2450299793168815,276.97777045903,0.5270882900091101,0.17102769514999444
92464,-4.614478230547162,-8.68717187295227,2.7849501397164453,1.786200697220485,424.8240958394536,0.10536358663054735,0.17110154948017198
92465,-5.489639171274525,-11.26979662982984,0.7331409867530456,0.7681487275654416,468.81495594088136,0.3991955680778725,0.1711801750843802
92466,-8.537118967768526,-6.243551189214686,0.8616091379739867,1.9833453166957293,198.0318981585381,0.2010061635251752,0.17121848163399633
92467,-6.349910394081592,-7.874779200973303,2.670686243005941,2.15914008813566,423.42868698905056,2.16918922572117,0.17123060096662937
92468,-4.408622566767262,-10.855053913518711,0.9003107391340763,1.801941514898492,468.6635886886567,0.7746318858409724,0.17128490501530114
92469,-5.740032936286214,-11.447528305929088,0.6674751221094426,1.4173288601768583,323.5434793601503,0.2351280863700902,0.17129428602776572
92470,-3.760247712039167,-10.496173665967168,1.0899128901976418,0.7694101289638676,131.7845393422968,0.3521089848267822,0.17131503795821634
92471,-5.7877972645190425,-11.721576292933793,0.6118431114437488,0.8058719112915301,469.65791678912797,0.23090557753245822,0.17136217550862495
92472,-6.291534299749456,-9.23851811955289,2.5843311920053864,1.048524528842393,467.53156994689255,0.3140542768886627,0.17138861052724863
92473,-7.62956703510252,-6.973469374675777,0.8304338707806553,1.0996084018360395,273.6916362419964,0.7523021351640873,0.1714176273298517
92474,-5.1573844391338035,-9.464045368513041,1.9789549636749864,1.8056560592244735,431.3009864079809,0.11956041291120023,0.1714266037724817
92475,-8.502961123670277,-7.0761858657792756,2.1338872185215743,1.2331562764930335,258.72054526915707,0.1062274418154745,0.17142961352425024
92476,-6.119854069053892,-8.11531198223085,3.3797974536680115,1.0955374670787996,291.88202559064695,0.7334774591123763,0.17145885716460904
92477,-4.264295594086539,-11.012689598492669,0.8422834864002511,0.7775186776803195,161.40479869117738,0.8984418988059071,0.17147905071053085
92478,-7.5594045664612555,-6.957800270669001,3.7851988197921274,1.1082375656683845,287.8839049790696,1.347388124491169,0.17148030391288338
92479,-7.288663096551616,-7.097390627425019,1.6974108254528266,1.1253088194410696,268.9335584248075,0.12321441907574915,0.17150121099506216
92480,-7.151579717159443,-9.426851582194265,1.8011827536888132,1.4017088874202548,319.20802047652217,0.7849893976604596,0.17160509796254217
92481,-3.118982092236524,-8.630877837800359,2.5041861785924584,1.8002472569335495,428.27086728696474,0.3923953586492104,0.17161145423724677
92482,-8.596506939852684,-6.785462418964979,1.6874170344058166,1.9098688170709157,393.92228902474136,1.8307277335048946,0.171640152759227
92483,-5.009952483794424,-8.7931308350439,2.810367329964723,1.2554243671829595,281.27237044055164,0.057862782906209276,0.17164836764304453
92484,-8.561172762353008,-5.462562042281222,0.8745773031503459,1.7490508728196494,217.28433576372575,0.1468120119783176,0.17166699308466657
92485,-6.665733909582575,-7.650247803140984,3.1164179252546083,1.8915702483838857,468.4880377495559,0.25968746756254557,0.17167397816322327
92486,-7.153793251541993,-8.350682260106659,3.454276325571984,1.3120759590827542,279.3115262995846,0.63344448849677,0.17168401438651165
92487,-7.732325643067207,-6.004029880272767,3.2948441137644497,1.0791034062263767,258.5018571837634,0.3624708613727421,0.1717001103418226
92488,-2.7280198229705537,-9.473877275237403,2.07482978474142,0.8790392979101153,466.50982501791356,0.6494332970068966,0.17171370234318697
92489,-6.613930873818741,-9.36452483248438,0.3073336247528266,0.6424198302565417,185.81522418872296,0.6496251844686993,0.1717281942836767
92490,-7.89907049786579,-6.824482893303365,3.671409711672454,0.9842677626178954,419.077402509123,0.008877812997525325,0.17176921410322404
92491,-7.108976393121986,-8.81001969514783,2.912587248690259,1.5729928750339688,366.3746968631081,0.49067057778966383,0.17179588804409776
92492,-4.584431800683298,-8.450224009802357,2.203039160141453,1.0893596680984121,289.6750783543925,0.9934784048984104,0.17180630526500723
92493,-7.559932778592366,-6.207827009166909,1.6299480703185247,1.0685203034723423,287.36744878789085,1.0102707266649373,0.17181395956344545
92494,-6.619726751755149,-9.834142421985556,1.5102082450735508,1.542933680013043,354.29483782052216,0.6549719732381964,0.17184461711641275
92495,-4.842567740132858,-10.74602711919021,0.11275492413094897,0.5403336112129885,148.8445647535919,0.5679880664667794,0.17190009556063499
92496,-4.94888091335438,-9.225143883893242,2.323938562248967,1.5858314998771827,470.1304275366803,0.19541732920774102,0.1719112394720896
92497,-8.290693967265232,-6.988638945839921,2.957862370669327,1.8685350178281614,467.74483918226184,0.03941084725510002,0.17197545351042115
92498,-6.040152392523634,-11.631060164991872,0.2967120509676992,0.9567274642258023,144.77298563301207,0.2391086873359134,0.17198658890637364
92499,-6.017996134540265,-8.426808433398211,1.322271602730521,1.4081685652367772,333.6683979757777,0.32851214683450447,0.17199719723840812
92500,-6.753559144574439,-8.058991220294953,1.2669540080091357,1.8387314085929287,438.05805426571,0.6379668827574188,0.17200354373473808
92501,-8.378107013312547,-5.783655370600761,2.7453190062557615,0.9062228624750875,466.31781235936097,0.5862047536816188,0.1720253505313545
92502,-5.699866084947373,-8.195410938721924,2.383549581278647,1.7779152471877087,422.63434791524895,0.16707645081820388,0.17202778175174863
92503,-8.068944044400748,-5.492708647212256,3.1710909674502563,1.6664266784812012,356.0494214418807,0.41430044650880404,0.1720352344737382
92504,-7.335925635555204,-7.15325480797807,3.7073077594038564,0.6992201653888643,140.38511396138242,0.9072030278127139,0.17215479598740988
92505,-4.582130119931759,-10.106622582051527,0.13935827557707603,0.6528000539648657,131.96906000415186,0.17308179145433655,0.17215657821038358
92506,-2.642609442858613,-12.419838648574604,0.797752956760345,1.563644184076484,363.92678217744833,0.46581530719152386,0.1721973675096317
92507,-4.474930677850279,-8.538886704867533,1.7929172997040421,1.8593467305142075,444.65150020583917,0.4966381271483682,0.17222429224723262
92508,-7.36076856726494,-7.1421114848538805,3.720179745456083,1.5875809002940058,372.2733575263478,0.5770075698149801,0.17223103972916254
92509,-5.885233624023107,-8.109386054616408,2.7547106018295873,1.6236846647855911,469.4798287138162,0.17486648127502935,0.17223881108554082
92510,-6.713148263041935,-8.561306954098793,3.433563033578136,1.5641013738411236,369.6204624657929,0.5076548521899724,0.1722546564981268
92511,-7.468432152811873,-8.876828205688952,2.3400212877824247,1.4707668721314755,468.6116486319763,0.7487043769178472,0.17229629547530337
92512,-7.602017967144542,-6.273522138337969,1.0488827923901527,1.0071003847314068,297.6456418144858,0.05371383813448016,0.1722969074856363
92513,-6.118705110920212,-11.538392639118637,0.3201615533951801,2.985030722376375,487.7537214252068,0.6908915357146794,0.1723534121457065
92514,-8.558779734012967,-5.436736745627782,2.007923202075655,1.7375432386103582,468.4189832773233,0.262746173167101,0.17236273653632864
92515,-6.243706384406162,-11.421932802753334,0.5634883603102452,2.5311147931475273,457.95962624096114,1.554824763907944,0.1723913304340819
92516,-5.932651782027864,-8.502687550617306,3.325303475729419,1.0999651092647356,277.45320621379534,0.669211697322802,0.17247766897836553
92517,-5.5602712638949345,-11.318600246251577,0.714503843680265,1.0357610483548192,148.1516596271122,0.24156787500085297,0.17256702316549305
92518,-7.948350890852511,-5.913535633790979,0.5444617427498691,1.7404288537371675,468.1423745159057,0.5156603584876791,0.1726171300193052
92519,-6.384433789670931,-8.600298779514846,0.752810183483284,1.0448624112983014,280.4907418518182,1.2035819609535787,0.17263021926585087
92520,-4.694619567243236,-10.656730178151705,0.9935167034036073,0.9303942374972186,260.0414050515061,0.5369516274722645,0.17265966877234012
92521,-7.832091365216249,-5.164891988200597,3.029685265352994,1.0638660867263188,214.4327547737935,1.045795493045115,0.17273536098763603
92522,-2.5993441803717,-11.210237570456588,1.2205000927473781,3.0004455501238443,245.5152232342933,0.2481224023918882,0.17279808252156903
92523,-7.043370525826347,-8.71685628324219,3.090845136591478,1.371879221625373,467.8425162882324,0.9271940523374518,0.1728059357703148
92524,-4.591502067076964,-10.952401845258542,0.8599362442759653,6.94921727666628,397.0379899987856,0.1836484108772387,0.17281318154118824
92525,-5.974426626925823,-10.265261613313134,1.2223443303069474,6.605283030804752,306.8616553824827,0.2610967613211068,0.17282042327127048
92526,-7.530419758239406,-6.2829519465205355,1.7269243894872996,1.470301338858467,341.6559986125107,1.1409289673292546,0.17282148859699017
92527,-7.531001039313091,-8.996143679323877,2.0027997357874474,0.5339407718180531,118.36374207721994,0.5496117143897505,0.1728373979932288
92528,-4.741915020834208,-10.982860963859546,0.8402380918927633,3.3167081095384283,237.6152452024367,0.32761415950771156,0.1728399596486039
92529,-4.229035538266503,-9.335118213576829,2.0565258520682677,1.8149765051807503,467.0014512574879,0.08340769623961908,0.17284271085257527
92530,-7.897687740005495,-8.912216472370304,1.1768685075628724,1.4592451008384053,464.54894830546215,0.24990252484256015,0.17285453410165996
92531,-5.122100565197398,-10.509412707098573,1.0871393438083754,0.9163267558099804,252.52298877779785,0.8266434490748287,0.17287683096971784
92532,-7.612975670598368,-6.895170185236306,3.764281065298713,1.2092573620822087,293.68296886572256,0.8072637864332366,0.17288372633345392
92533,-7.620022622050988,-6.132185684568665,1.232053129043802,1.8511303408798365,468.10351422764427,0.46117820100223295,0.17290073493230976
92534,-6.264208531448716,-8.322567541571718,3.5439333181884387,0.925149829176471,188.21751226972597,1.1183231138821288,0.17292550208599924
92535,-3.7071679121460077,-8.618607562542552,2.5973134648397305,1.0425868420354105,468.0085405685504,0.3719902072072312,0.17296192039145228
92536,-8.200984989333843,-5.7850718678084485,3.0866861167303163,0.8527749827373303,470.2835765560677,0.02519478884618298,0.17296610433831985
92537,-3.302099676972033,-12.58870442490535,0.628785796074055,0.8718684930836154,239.77481999722949,1.3019216194601393,0.1729686500855462
92538,-7.582364018872848,-8.646443222396709,2.5037083688965778,0.6740465012680316,132.6362419385064,0.15630431488619845,0.1730181393217297
92539,-3.6138736125415383,-12.786111633368476,0.6166313945385756,2.228264128438588,413.8749235891283,0.5631024927303239,0.173054001040517
92540,-8.251781465104822,-7.929902388959466,0.8524021325006899,1.4369506570745123,468.6234197599038,0.9423425409877888,0.17306057190075388
92541,-6.5398548988568805,-10.88516794400907,0.4121035090739766,1.1459706751484626,234.96306435046853,1.0057980549496603,0.17308764196085472
92542,-6.460507261042272,-9.586420998439433,1.8889712791476465,1.0213147680852495,274.9725488551516,1.8705965145353725,0.1731309939680317
92543,-3.0930664304289817,-10.810401971603634,0.9375866947158671,1.22594381769356,468.0467717479981,0.45260239653305145,0.1731323769528171
92544,-7.29749387044714,-6.862357146904767,3.0608111937379126,1.210661926174189,248.7189887667741,0.7515416719998802,0.17321094511814483
92545,-7.437225446846526,-7.437974679903126,3.8432769725435736,1.1969713066083572,304.44652073928916,0.6068700527581603,0.17326786652978377
92546,-3.0259322163507694,-12.289043213560753,0.6625888645784139,2.0499581592045275,404.60733852471327,0.9173811175274142,0.17327736433514912
92547,-5.517357384209265,-8.357204357703996,1.8384809982857575,1.0102865363268054,273.1104603151326,1.7643380295479911,0.173277493397698
92548,-5.248066398822313,-9.45320080297351,1.993168698830518,0.943324624091054,467.72924016802483,0.21392584063848208,0.17328606423013304
92549,-4.127332872573767,-9.022808659294029,0.6952014125298268,1.8011004270973403,427.4145911894932,0.48171853258951636,0.17329186372173294
92550,-5.103442789747809,-8.358513199595734,2.4149596974131957,1.5501627650386993,340.9266810630523,0.7212532904033111,0.17329234867656906
92551,-2.4955569423885082,-12.4121507827333,0.9071734266621241,0.9526652981079545,264.1095106306075,0.4766764049976908,0.173306630540663
92552,-2.9204673949538664,-10.37879397449419,1.2004485256097177,1.0447878071941856,467.7406212543575,0.13419336040482044,0.17333994898104055
92553,-5.565040703835857,-9.25601890873396,2.408710203790959,1.0823650983726867,280.6175154712676,1.2541897334098513,0.1734149726389514
92554,-5.501624704569526,-8.752632950868374,0.85685072921867,0.8778648801240064,176.51720122539757,1.0248405923470782,0.17341808535913292
92555,-6.631280844872851,-8.400818990417115,0.8666820107209879,1.1529892763868614,254.1914557574055,0.16346665643151947,0.17344305517895997
92556,-5.520160523434063,-9.04403409424609,2.696377192626912,1.8832670737355663,453.1583733966945,0.5003790740159353,0.1734623433826416
92557,-6.6778323509036195,-8.68389420647761,0.585017193124686,0.9218120659809864,192.42339850913189,0.06328865518515325,0.17346345820236103
92558,-7.86788653927335,-5.427789825639146,3.1440275924843064,0.9990651813772173,158.9697685440379,0.21691733147476633,0.17355092308836464
92559,-4.19499420572996,-9.416623856356829,1.9447877751405662,3.216719743308905,514.4257300591155,1.1338499456717672,0.17355590090191364
92560,-5.419282080364573,-8.308089217714507,2.833367337766614,2.2179232123378156,401.03801848648453,0.22965866949201796,0.173567100486037
92561,-4.998197356242239,-10.338452664121403,1.1860470322599246,2.865492035131781,486.53657391294865,1.2689000712719833,0.17359986392818474
92562,-3.537485887530356,-8.60260614478328,2.5091095853125776,1.8700816514327925,467.2526248197972,0.1926060569613286,0.17361524340803394
92563,-7.649803805882229,-5.261871236987131,1.8514463371164627,1.2155316562896248,208.64878765554258,0.3671347102413458,0.17364147663360413
92564,-3.734213865752597,-8.878250750517488,0.9953444811800836,1.9055843766257985,468.802450039436,0.6437986632116557,0.1736456016188801
92565,-6.7412876170560185,-9.525664424725463,1.9438415850071453,0.9258244387859623,202.23059722762576,0.004452142453286179,0.1736660000380621
92566,-8.047513443903057,-6.985356335223773,3.454132563288173,2.3751620618291147,442.1712662372389,1.4976482012319634,0.17370605304891445
92567,-5.8109646653225315,-11.019193493603872,0.766149087554542,0.880138330881574,204.5991372584073,0.26627942708706787,0.17371757333239185
92568,-5.012872774468753,-11.950711707282762,0.12894725434101084,0.8675344592974282,170.45745043810354,0.5555236282099072,0.17371907289339397
92569,-7.300234458951323,-7.609361304514233,3.844267563168326,0.9167452353859381,467.6064245696815,0.25082681673366025,0.17372531745077555
92570,-8.46607059447074,-5.093515803060206,2.3628602046779985,1.2579047743130674,313.5998283316348,0.3266822897181294,0.1737278624164543
92571,-2.928747756095933,-11.064639595001786,0.12641815468740625,0.9344959282258177,153.83078453705207,0.22919044944702538,0.17374429714705994
92572,-6.900560655448253,-8.258508555586266,3.660928804789752,4.549200574201456,493.3726441414183,0.06370705724759684,0.17374447275483598
92573,-3.4271534619580493,-8.545787623125056,2.341195624708657,1.6464542813983578,467.947349852556,0.6262450511492519,0.1737490213038067
92574,-6.224322862904231,-9.497135601608477,2.083905107803283,1.755137439044049,368.02283480523346,1.035226362750799,0.17376054618301728
92575,-5.947842748364785,-12.80754598034891,0.4216601538603751,1.0965475570453156,284.07747737336507,1.6398539441178306,0.17379176176972044
92576,-7.200065614112622,-7.414300393754733,1.513724276338625,0.7249708336681779,467.4432289988127,0.3324909269978473,0.1738052612076152
92577,-5.735441818356092,-8.406819209071518,3.225100942481332,1.1449444422950237,468.63719994818456,0.25265745426620256,0.17380985183693887
92578,-5.612550051561761,-10.918982549654373,0.825768128186338,1.0834719545444498,467.15781504148646,0.23502688347136935,0.1738133876045198
92579,-2.6264234623671605,-12.451494900619796,0.8347563653446082,0.8551444520503879,433.65948680708203,0.49695885651835514,0.17382307993139604
92580,-2.864539767864035,-9.549362568460374,1.8902780602439138,0.9080572327794939,255.19303472938952,1.4697587840368547,0.1738577921260331
92581,-3.1126413028019915,-9.40115893818226,1.9536444958414594,2.267713530194104,435.1363080071236,2.378784181528319,0.17387689784112925
92582,-3.749833532798311,-10.60137892561795,1.0169500785901746,1.71531232002107,467.52249737390497,0.1537403567995268,0.17388302254161922
92583,-4.736143115493751,-8.574731786878086,2.783806487466413,0.9798167776307898,300.0607569924561,0.8559338340369038,0.17391155785683865
92584,-7.292428179067376,-9.148040884769951,2.1484188106531827,1.104868774200543,284.9854860683418,1.5573252577938783,0.1739583367134653
92585,-5.1215380742104735,-8.85844920759631,2.773840258398426,1.7602098710615026,417.4023204515901,0.19629825958217673,0.1739630504185481
92586,-3.845560713909652,-10.88258312735181,0.8850796328486795,0.8019264500479673,183.0092037788232,0.7566289167743898,0.1740671201850086
92587,-5.64162425334997,-8.661578480527215,3.092576110154797,1.4214993180029478,397.7283232691707,0.1303233770318526,0.1740762449312763
92588,-5.735924431864177,-8.295706420122254,3.1601386025950786,0.8814853885787284,468.4841496779527,0.8712423879216766,0.17408089615675684
92589,-3.022179008260231,-8.711195417425124,2.4673365096782858,1.0763794884793072,285.72100480905107,1.916811441394909,0.1741095695295507
92590,-4.104298188178762,-11.707040796646023,0.6922451352901606,1.6208250486991425,378.5296632250835,0.4452656455706867,0.1741240391444884
92591,-3.46287747053419,-8.542115913383988,2.277704843268739,1.0250528929910179,468.01227482804745,0.7984255249466239,0.17414139103936746
92592,-4.423908117582364,-11.465456656093743,0.7281636539785883,0.6757193388527997,140.4700544736577,0.26805599837765914,0.17417518279356603
92593,-2.709758100839811,-12.52493971947214,0.6766412388355104,1.2279830233190838,253.5001368262496,0.6140408957410237,0.17417779243558593
92594,-6.601060249505815,-8.459253998809839,3.5346368044818948,1.4654371117694716,459.85592158103674,0.3603838439803182,0.17421492265219696
92595,-3.417485779492397,-9.15543810366767,2.268520845261694,1.0355323882626508,468.1959608839197,0.8797676280314404,0.17422081346280013
92596,-5.305552717327857,-10.307811130559632,1.210822912942979,0.9458963978939616,184.7940666493812,0.08547460180608635,0.1742257665253109
92597,-4.430393236096614,-9.06376698130104,2.453369403333468,1.8377954606316869,468.5756718988203,0.32259775906255594,0.17424621003356722
92598,-8.480767532757412,-5.075911518529073,2.3205329134380497,0.8771939983676718,467.3783349190977,0.587147564175603,0.17426850455942441
92599,-3.1080732170848524,-10.841386634852565,0.9178801271584621,1.8508747649562116,468.1919139345331,0.812380215841193,0.17429758166639645
92600,-3.5360127256377663,-8.848781112324374,1.0901112903781294,0.8090210542430937,469.5885178132345,0.12031979148621641,0.17429765276019968
92601,-6.017531084315369,-8.41891686947675,3.3854413830535353,1.063218931234113,468.0054520371265,0.9372075827208013,0.1743007346558142
92602,-6.237001332156766,-8.642555872657713,0.7638048917100135,3.4572021800634856,426.19057601978267,0.07524300211477275,0.1743182280910461
92603,-4.891923709169399,-10.791315171013357,0.11524135083213485,0.7196648247784896,140.97123910037928,0.001370026883220632,0.17431831017678245
92604,-4.929467598545804,-8.413482912012373,2.406572462457488,1.3871186651017693,468.9149749289478,0.9213332192713262,0.17432223633951272
92605,-3.571296906357686,-8.649289073155071,2.5704395544328866,1.3789543317059458,332.88636501117327,0.2860981823104254,0.17435333223987184
92606,-2.8522356232974246,-8.910962090998735,1.38488775218331,1.6258611386614847,469.65126880988333,0.20995298259420192,0.1743653387217414
92607,-2.9373871692964553,-12.826577881603612,0.11958372174398287,1.6063305550216118,367.9296707516416,0.09560520081560586,0.17441904006384346
92608,-6.439430994921268,-7.8797934162307595,2.294765058581698,1.7843867752931246,341.61604908211183,0.254082669645018,0.17443459834820027
92609,-3.1861707482258295,-9.91680386502752,1.4462410174568459,1.199895171961329,469.4509690028907,0.01473429279732752,0.1744640984831641
92610,-2.7600760212290005,-10.191088177954285,0.23063411541997228,2.2127810646044046,428.05676713559546,1.9664377498219627,0.17450231311998052
92611,-8.341333464204089,-5.756900468965919,2.809081551737452,0.7469985522918373,174.84045965031945,0.0813224963475756,0.17450912170290186
92612,-2.946986559573479,-8.68688179340647,1.7467080072190464,0.9570183926268965,268.6147893751034,1.6788091345070066,0.17452752211082337
92613,-6.381503355009213,-8.3075954599451,3.5849618525245917,1.3484021020700934,326.3521711304953,1.14567966584623,0.17452955850115698
92614,-4.25687268121906,-11.883365944830262,0.1084378035596723,0.6917294162854193,467.3247896771189,0.4793624372773291,0.1745438699828442
92615,-5.65128088919397,-11.913027383397091,0.19771426920878687,0.7524243239902588,143.9829872014579,0.19611496977568166,0.17457989430201556
92616,-5.98302908540228,-12.249745385036432,0.4756811516068153,1.8247455283641778,469.2868614728667,0.008034555202858229,0.17461937107062472
92617,-6.440156211980355,-9.28026267874549,2.502735345277439,1.7239892931013492,427.02237333389763,0.90842135456744,0.17463062467203114
92618,-6.376447918793124,-10.31564042637804,1.1486512002674527,0.9273017360080945,468.410081577023,0.5674148975980113,0.17463150717336634
92619,-7.914289435794166,-5.087141229103744,0.5630005841293699,0.803871047592151,192.5230214934686,0.23417119896983074,0.17464048229912696
92620,-5.096860755925066,-12.02081180941421,0.13981060640947773,1.5015550228792356,356.3857615083396,0.5141411272456171,0.1746443745408609
92621,-7.696726015559471,-5.112834721165112,0.9698172804632009,2.709949044140497,435.4608011184594,0.2657892366602974,0.17464579530377156
92622,-5.244791952503497,-9.001007761199514,2.6752529287667186,2.5386847558807433,456.5267225907109,1.212259124939604,0.17467318469034676
92623,-7.695202499621557,-5.188377383720414,0.9751481686328785,0.9399081794546249,189.90154950681185,0.670015994691922,0.17468341681434357
92624,-3.3899834077703783,-8.728832547302869,2.577228486208751,0.5070301513448985,133.02228751847167,0.62718457600731,0.17470965761342572
92625,-4.770059206194077,-10.216486569899285,0.1326985991455854,1.2272424297114384,467.95333097255946,0.27167714104799234,0.1747178551864632
92626,-6.166025712708031,-10.557615701723225,0.9969338044204861,1.2430924326312573,314.3964022294181,0.513457209400916,0.1747704663132308
92627,-4.645290906987494,-10.385400307293315,0.12173150386925449,0.9533147781530243,468.0403257232683,0.011246909065969923,0.17481939050061265
92628,-4.52455402242756,-10.437125111993302,1.1178479950935374,1.0076896096627768,272.95519010842287,1.176968201753076,0.17482389927913564
92629,-8.482412421727084,-7.112128626428717,0.8942289987132952,0.988468067341002,266.7032189341506,1.5662765935391931,0.17487163896283794
92630,-7.479613452740316,-8.008600587380206,3.488032454264641,3.052151294796582,469.3635578996104,0.2369772626370219,0.17490220194004982
92631,-8.385804167872902,-6.421676853608662,2.786907138140833,1.0588724097606066,279.91827557189464,1.779349353137138,0.17496464360269395
92632,-6.866028350230937,-9.447249133066324,0.3821204644770601,1.8177106258290876,467.49587012095066,0.12453245018031289,0.17497136316270823
92633,-5.605947655040357,-9.981852163965895,1.4208212845084074,1.8695682132671614,467.2939017867335,0.13080944054374033,0.1749769308906055
92634,-8.022686278556897,-6.135790805040871,3.3852919193458866,1.3552692185433184,326.6268883033044,0.8896921070065318,0.17502890427917087
92635,-5.218926459265313,-11.864471484581772,0.6379292012998965,1.564810210164726,346.7300658938617,1.3494427597345995,0.17509105394702662
92636,-5.398909568827797,-9.86530959516367,1.5216962772707021,1.2111174345993183,249.27595101935367,0.031698572076291676,0.1750994414216199
92637,-7.640128327228768,-5.936151831740305,1.0858195660647527,1.6750506680604442,394.10823997842635,0.5549747236448628,0.17511637484323825
92638,-7.479281755615357,-8.988211835234932,2.1099427447570274,1.0801797434742602,290.0391385269728,0.9952996474944378,0.17514788406521262
92639,-3.3592463427095804,-8.797361608779092,2.5666415746665483,1.0754017730098866,468.0370904194266,0.8314610681920218,0.1752059869931097
92640,-8.649345545715239,-6.05349215897472,1.2260492495646127,1.3431909075704678,261.89249480687835,0.4613712061644133,0.17522159222122352
92641,-2.8003715769522817,-8.885640824309771,2.2012029622653766,1.8126542828107504,431.3574299069114,0.4095139308173277,0.17524685372952176
92642,-8.358739500912897,-6.508540253210358,0.6324282466512527,1.8872782774198849,453.97465623469986,0.491320644766601,0.1752551232644357
92643,-3.948973992786689,-9.61489037338314,1.6980992619788537,0.8743263549923559,212.3748457951183,1.0386002712834221,0.1752924817918826
92644,-3.9450881523464156,-9.786947573980965,0.19918910458363986,1.8017107424795868,429.5414815398731,0.24896191095754627,0.17530977815671644
92645,-7.9000009709913765,-6.910906034276885,0.6408899479702307,0.8774265321468987,144.3017940687045,0.22632104080426352,0.1753147801603188
92646,-4.383098339600135,-8.925028599647192,2.5818572737639447,2.8174432043418896,477.3371457643383,0.4825981288096841,0.1753179827984202
92647,-6.332695232227438,-8.856160891625413,3.093163357759645,1.1319585322683476,291.13958878761383,1.1008752842919494,0.1753521681916704
92648,-4.834549985824616,-12.219478545626504,0.6240938644209648,1.2715871782670776,287.4079610289166,0.28444460516255976,0.1753523225218474
92649,-2.679597641710708,-11.210481817228338,0.9179907768775435,4.955084115077516,454.1898068928891,0.010963626297573192,0.17537175146583547
92650,-5.802934735585767,-8.152917590314921,2.5433263707275926,1.2169070789147955,214.38147245748917,0.48317440397614675,0.17539975573381297
92651,-5.87354623895848,-9.954022210221087,0.18024710526591334,0.5591821281539405,119.35360625299997,0.7292413120953496,0.1754285423144047
92652,-3.1042373099916167,-8.92709683738784,2.5008026267242296,1.0242683433100157,272.6542371254637,0.5067039512299933,0.17546305515417246
92653,-3.0563904405844955,-9.130792718192987,0.7152917296857529,3.506458014891692,529.85173504232,0.6915187933904043,0.17552057800778442
92654,-2.6900307869257283,-9.691040251056807,1.8796299395662441,1.5906639357227677,350.1945430772072,0.47049862318047087,0.17552629261244593
92655,-3.475596536294744,-8.900447309505656,0.9335624660423021,0.939350601851457,467.37701842111557,0.15978892158320868,0.17554112076697087
92656,-3.09435987661476,-8.714741266041766,2.5621703891604417,1.2866385534729585,317.4022257461579,1.1213026832031607,0.17554144832897386
92657,-7.686572076881599,-5.233179188295154,1.050024683336931,1.02839653202035,465.6632491631827,0.3274599317812381,0.17554457726564243
92658,-6.176423473703362,-11.543862380982564,0.5497938749827719,5.058687485789702,261.7749795751474,0.4144316676380573,0.17555940595854347
92659,-4.676690882848952,-10.336787053598414,1.1803188066948855,2.6798610820645203,466.35454894533456,0.8545737044126982,0.17558990234927455
92660,-5.586694411137315,-8.262223121944004,2.201989095312938,0.887826266506368,178.3447009888187,0.7580022073293691,0.17559142148178009
92661,-8.352053817809631,-7.45233897539366,2.358395213676874,1.3368976895870648,290.4181956287889,0.18018454803272999,0.1755973313761437
92662,-5.613789161330834,-8.315104083987393,1.9469929034634539,1.3010003986737038,275.72519779365996,0.6204508347335596,0.1756034834365598
92663,-4.765818923897327,-9.94580750536256,1.426202135196327,1.1125888267946376,234.12136292589847,0.006170496724998031,0.17561065593422592
92664,-7.376757652301709,-6.660544481586528,2.7985322229043983,1.4803328469901627,166.8793036453391,0.38477399750139174,0.17561771019393144
92665,-5.401192449304891,-8.399664982218695,1.8022841400203682,0.9824711177389114,260.19534737396657,1.0014888548979046,0.1756344086889545
92666,-8.156272184506312,-6.578602964324638,3.3073734405736483,3.6952439907102237,535.5518808444303,0.41213157067073247,0.175657493323911
92667,-7.207100806063017,-8.406235065750561,3.3300979034389213,1.3982524139148784,332.2827081530811,0.5637727281703002,0.17566046262768595
92668,-3.575834819423669,-11.7658170446437,0.6809914919463318,0.5034452854336753,130.7281035380774,0.7977386199725602,0.1757677394066759
92669,-8.488235294924822,-7.406645740293261,1.7297292952932162,0.9765971107383046,241.36227394696465,1.2888095189759934,0.17581201707066363
92670,-7.935568034284239,-8.72442355583857,1.4696900894349316,5.612514347374104,651.9096027348537,0.4641961868420479,0.17584273355655725
92671,-2.870127792943956,-9.039802819614096,0.9476849175046738,0.960458466140574,467.6534041341697,0.12787685647755165,0.17584297102255608
92672,-5.620821294444544,-11.454647037587783,0.16922879277936348,1.6519042967608712,388.76889003492846,0.42890011929826066,0.17585239922296922
92673,-5.634886766670338,-8.67591855820475,1.0052491947088342,0.9945521065502523,280.6928302706309,0.15115703209725417,0.17585622760670072
92674,-7.945545131370042,-7.532845940808194,3.2840973475837156,1.3641241819254661,312.1422243213524,0.5680482724153659,0.17586389557336204
92675,-5.0515186751331695,-11.183931256964687,0.763033626822301,1.0453565367351518,274.6489266625745,1.4490597568133614,0.17587468117975114
92676,-7.107996195170659,-7.754685259895746,1.175100896552169,1.0097137493058899,467.0197181640227,0.42382478236658283,0.17592567471944598
92677,-8.630055917685258,-6.746322476426694,1.3587868949333122,1.9045623009368315,468.18689566440537,0.6249956506326981,0.17594776768714446
92678,-8.644209845684843,-5.796812426231987,1.176155598852373,1.4927509961786363,457.416385058499,0.35994260577921633,0.17596473746270597
92679,-8.649956440666772,-5.93305669686526,1.218665501312891,0.9732036929308456,238.0918640801048,0.14038129849127046,0.17597448584151365
92680,-6.819851650578412,-9.728200397096005,0.3810364247161978,0.9816410217368027,468.25358142884204,0.5548948595963576,0.17600447451333406
92681,-5.374546513506456,-10.499663301225498,1.0817373702223705,1.1184480059971948,295.2133468731699,0.9454109892370273,0.17602931976053396
92682,-4.759903343507212,-8.879180758739246,0.8761560658788279,4.218825094259104,573.8157711299315,0.46138541107871855,0.17607021852820562
92683,-7.307810645577071,-7.018000386581396,3.4473049772132263,2.1943499752691613,418.5938982727483,0.9850636317624923,0.17607877813229086
92684,-4.37403188873817,-9.168419586586229,2.3011524714069163,0.8132424894858512,239.97016474241966,0.3192192198026582,0.17608612616216668
92685,-4.570528387906041,-8.709823995299544,1.3511868194632684,1.719213507423677,405.6541412480184,0.47580530422406486,0.17611694221919477
92686,-5.907271695175835,-8.714315306734232,0.796246484892647,1.0356353124301776,271.6504752054783,0.676214306690798,0.17615454205862202
92687,-8.5088306851137,-5.407967432618357,0.7345614121204926,1.003376322248707,257.4825335905781,1.2543742548771561,0.17615895582092728
92688,-4.154562405158941,-8.627149504907369,2.5993582110431874,1.6628658057997272,363.60561564965417,1.727701397541499,0.17620320044229243
92689,-8.222164853393517,-7.607211813498004,0.6943843135312098,5.23030794920981,634.607617983558,0.6192579193356043,0.17621511987248029
92690,-4.9329934619179365,-9.020738884642086,2.560298958764753,0.9318247639584293,242.6650524392237,1.2396153694798269,0.17621821750362862
92691,-7.703683083984394,-5.0081962645627245,1.1479718479364398,0.884550166403515,188.02561436407575,0.6792650902047006,0.17622756814623602
92692,-6.004500482534002,-8.062429009568412,2.7466417278400854,0.7596445516964727,467.0950154078598,0.27820900957321015,0.1762636177124949
92693,-4.236379179307733,-10.700636577445675,0.11026781999887104,1.1248812444932388,286.52433936968663,0.9650923500707078,0.17629576863064592
92694,-2.7701538211487904,-9.606826689095747,0.4334558911971284,1.5505936196562733,178.4439892416575,0.1768877593337086,0.17630588662366875
92695,-5.193198222110988,-9.357643473288585,2.1300945749261277,1.3290306078730607,300.46349384487075,0.15246706736298155,0.17635273382146197
92696,-7.760430643984794,-6.770610940432725,0.7115488825060531,0.841653016735794,187.3717924260133,0.8736306237149298,0.1763639418318869
92697,-3.0108497649830435,-9.122255674940227,2.3344602988506526,0.9698144412849069,467.6364671114597,0.8021146028202777,0.1764105424826806
92698,-5.226934558930099,-8.421513819068917,2.8351044304092876,0.4706322806159362,108.17214618428044,0.011538298872680208,0.17642598111572338
92699,-6.28884132691284,-7.919438288022109,2.8218225581534733,3.1399336393300477,411.4725252099298,0.08494696650753131,0.17643521538387885
92700,-8.453664235156198,-5.0449580184077565,2.3970863608859108,1.6703905967725077,358.81929245865007,0.8741377357805264,0.1765431478492935
92701,-3.9069840455156495,-8.625356848334425,2.554642450217595,0.9922791720005654,469.77267779403326,0.045781569840477765,0.17654771266665212
92702,-7.020917023645775,-9.027700800543618,0.4591602261559549,1.318247634879811,319.94539100835266,0.35362168014675976,0.17657323525612506
92703,-8.251631165979035,-5.573194200322215,2.935977029960099,2.403052781258961,448.75765245629043,2.323336784360394,0.17661048811737323
92704,-2.9371684556194833,-10.528920792363515,1.0918909027586254,1.3220917164583579,468.6185370977835,0.35746276665377064,0.17663196405097306
92705,-8.48053155957778,-5.056583828797633,2.2882116617140427,1.595773165070643,376.27620274365086,0.5263490541055313,0.17669181790581837
92706,-3.531441934695584,-11.245975951762674,0.7673198194649762,0.8586666713201793,468.1671071736551,0.28389326554889927,0.1767207865529348
92707,-6.197727138417166,-8.078709108421013,3.3684752115704306,1.8917659943103922,455.8375730662997,0.5061500272357158,0.17673068889749466
92708,-6.816461722726457,-7.696912370916554,3.6005509704754526,1.7446643985826884,362.7376452838205,0.31614719727884744,0.17675939129463386
92709,-8.507327512141012,-7.412848223601967,1.6020736143502374,7.993012637252545,438.40313788404274,0.11463175978646412,0.17678851253705244
92710,-6.231320846767526,-10.757857740778691,0.7951381590165487,1.2462419218498002,265.65262376787615,0.4200791046616965,0.1767963818348483
92711,-3.5628453682058137,-11.135597487432761,0.7904473959355844,1.0241959809289514,272.40271760116974,1.4352658659132569,0.17690650575149658
92712,-5.927982932717713,-9.04150157289205,2.7786037454886765,0.8469833154250488,171.25008080324318,1.087040597125215,0.17692010805733194
92713,-3.684600829825472,-8.704941508212139,2.569483900304425,1.4809830512633348,338.7485628794604,0.034687679430452256,0.17692135043765872
92714,-6.7277327560359295,-7.969630000281216,3.741284717090894,3.1080288501172837,508.3891420988379,1.5918970437252815,0.17692323365092505
92715,-2.582494710978878,-9.687491946133592,1.2069779191683818,1.8777074665371918,467.6385032573393,0.38682686108492437,0.17696317556014313
92716,-7.848333814723199,-7.316007347183678,0.6971777456980125,1.0999232943363357,171.98798385811182,0.18455844935475607,0.17697849783511302
92717,-6.855978688437092,-7.672933543263209,3.6252624454508475,2.32372572902759,439.72689155783786,2.01401296945867,0.17701466142594785
92718,-7.581603984838749,-7.569479728771156,3.714022178073284,1.3438429493137583,316.8496721304542,1.1001667527841574,0.17704026043856877
92719,-2.7904089821495583,-9.752161276160635,0.3510868819635091,0.8833867335886478,468.42744825405583,0.9375443808279504,0.1770420570346289
92720,-2.616737966953271,-9.46128482030403,1.2227559707579763,1.0626871995657061,467.83603083420473,0.6784723206609415,0.17705456135218514
92721,-7.66602642568048,-5.734015931141289,1.3166427047468616,0.8657176447596114,468.25350363235634,0.5561333464476972,0.17709394632723038
92722,-8.518918118838606,-5.802828333322795,2.231615928268768,1.4678396697810199,336.84795145698575,0.13998587801765794,0.17713265509814438
92723,-7.75245999856517,-6.53806284667173,0.7317738744718358,1.2377385468163074,467.44385234250564,0.3824337244134801,0.177159423889146
92724,-5.875112291516517,-12.95856833766697,0.3895172003232746,1.6810136860743252,468.4572333776832,0.18002944326512527,0.17716167198475413
92725,-3.01689634359557,-10.812763768725276,0.9307184791772851,1.858994420734852,467.59559184954975,0.238801904398529,0.17717496425377896
92726,-4.1782653855853935,-10.574791977742482,1.0251078943955994,1.5901837784860253,467.2986092537666,0.42198382370275844,0.17718002913410086
92727,-7.348018134665131,-7.9524761686152345,3.650936065593002,0.9022190624694549,468.0305305459799,0.3817229435263174,0.1772199043220156
92728,-8.59048696891157,-5.468505262555258,0.9671189654950844,1.0360465337197557,270.6163268832156,0.7634561563920021,0.1772423016497569
92729,-6.576735902075404,-8.784700378795417,3.174557551472974,1.0019539148690808,264.3698288982447,1.5614173549822068,0.17725718439127114
92730,-8.031008440605191,-8.547246853098876,0.906219195525251,1.7841445949649901,424.73336702232865,0.2758394831770259,0.17725897610020322
92731,-7.863079112744048,-6.203700376489031,3.478764155867517,1.0224343070108366,467.7594148714473,0.9349607473844701,0.1773045553564188
92732,-5.861917544740958,-11.355399220070671,0.6533608156373953,1.7954689001173694,469.99967908743,0.15944478639544624,0.17731818846291086
92733,-6.563334104871744,-8.188532987625377,1.3145911767750986,0.8046307604003003,162.5192199015293,0.5714154645454874,0.17732623780013776
92734,-7.6959462238612595,-5.306413000487479,0.9702377096005107,1.0450581541814117,251.49225776987996,0.7082622403442187,0.17734650724774506
92735,-3.1553841525361435,-9.074625726763358,2.3453381180249435,1.7018314920876478,409.9839220610835,0.39991229430048136,0.1774231971720623
92736,-6.001367001995827,-11.698725130410718,0.5620619664101436,1.006750520760637,468.7275805722091,0.6442609834230071,0.17746222968766903
92737,-7.987890616258276,-5.056281528979794,3.066612505876651,1.7561893137461768,468.2599877187108,0.33314108089126826,0.17747166502301642
92738,-2.7401182803717514,-11.507087420117605,0.7690763540481755,0.8946505495033337,184.35333325208964,0.45205099772515567,0.1775271698178274
92739,-8.076883973812075,-8.310181092586227,1.827374451419958,1.9036543267447457,468.093059047355,0.5388299847911311,0.17756025400778253
92740,-4.9934182034839845,-8.413400461054348,2.1618511589285836,1.1514988517305005,299.4039001470354,0.7884508437119067,0.17758485402301333
92741,-5.583125209609387,-8.404867337633938,3.0729515448843565,1.679866613231276,392.5689453087554,0.545790719693251,0.1775898237728434
92742,-2.879926987746572,-8.768262935638992,2.2244846784735546,4.3831950649408595,435.59543491730466,0.01317993620376523,0.17760059487913907
92743,-6.584403665667422,-8.362562073345874,0.9353541441895632,0.7476379967178121,224.50776877773148,0.7994027511975412,0.1776022934245436
92744,-8.522445466211751,-5.670361014284979,0.7967323722313507,3.8335214824930826,328.3124004385052,0.14684031335889092,0.17764442080805265
92745,-6.712525805874469,-7.629715311216541,2.880058858430693,0.9469570980052642,155.12391522366605,0.29676767095901013,0.1776462405234113
92746,-8.377686500156578,-7.216407239008334,2.51548532767564,0.888801628374654,424.33899968993666,0.12133666463773007,0.17766479350860226
92747,-4.330978534475621,-9.93199112678519,1.424688241396921,0.8686432303346295,468.4291818124965,0.8222806152389905,0.17770052813733808
92748,-5.803525081238242,-9.017093713480376,0.5120092845690413,0.9533607905659615,468.55014179743597,0.0659360681620278,0.1777501233996489
92749,-4.861474244998096,-9.430010905218857,1.9561840861798754,1.7547859988102106,278.9893768493654,0.5037429528048403,0.17776713588772847
92750,-2.53203651620999,-10.926796992075655,1.455438936172926,1.2207039601785923,303.40655992847627,0.9891374609198218,0.17781528226373888
92751,-6.558252488573295,-10.534523705178124,0.8270421685858866,0.592156258968932,174.86338401282188,0.6249571854154334,0.1778221457453448
92752,-5.79390102194642,-10.538288814003678,1.038063925891218,4.7780471491417105,534.5152273391708,0.11076751194795875,0.1778286909991669
92753,-7.131676699910512,-7.222507948870901,2.2340145811277976,1.2741856776307594,283.87385802414207,0.5074965701256469,0.17784039114800118
92754,-6.14173730084205,-9.719150678976916,1.6668043267091945,1.487513615911556,274.6621212374685,0.18243580570661422,0.17786680144960776
92755,-3.1783220893638866,-8.588191762118917,2.3721384872816857,1.6881822960204955,399.7736843052504,0.9272941452652441,0.17796555847474985
92756,-2.693045108533213,-12.678195664023551,0.6753767122150575,1.0490545176567114,468.58032091668883,0.9379485502269729,0.17799732756016856
92757,-8.084313345517447,-5.159139520426302,0.5248611253227476,0.8159186188280798,468.11961724703997,0.25971514995754763,0.17801147914019144
92758,-6.7932140427962295,-9.586740733626835,1.7597324416180584,1.7843443005980377,424.8664249334438,0.13364804215138726,0.17801849519484686
92759,-5.982498939878596,-11.434759560678357,0.6107600774290516,1.7716759240154014,376.46239842666154,1.6521515525885277,0.17807507668091818
92760,-6.327972474020195,-9.886061372943816,1.484811017536784,0.9272392200988913,467.8665637433018,0.5871547156759984,0.17807855260710737
92761,-5.82183456873212,-8.813010377720977,3.011127621748167,1.428139206046625,339.25992550459443,0.3407544667042819,0.17808252558547757
92762,-8.5174486215364,-7.280404766657305,1.712607795335195,0.7213368689463112,145.94818056059728,0.37059982376241063,0.1781440992201421
92763,-7.0176759476226485,-7.357814788066768,2.404353494918446,0.8359595232706926,467.27691488491433,0.5504905321721898,0.17815818123099733
92764,-4.333003505256761,-9.026170306341797,0.7008470316716364,1.0430646463654,282.92839996758175,1.1726376479396032,0.17824908751491997
92765,-5.668967219037063,-10.481734691778264,1.0800884596597105,0.9453851453637435,266.0561218855433,1.6518174260254428,0.17826502641563438
92766,-7.547589544392389,-6.235941378628826,2.8998066324064955,1.199752229107988,257.5242857859042,0.22922555834958303,0.17827405120469186
92767,-3.1796716727299064,-8.721372503741566,2.5578376040032746,1.7065773451708317,402.8889610271452,0.4024128657732353,0.17828714986879643
92768,-7.917646834269032,-5.3497190504999494,0.5687399787331779,1.0277398654478027,269.6333421842002,1.1853261260282775,0.17831657485949398
92769,-7.998821155685798,-6.903947011493787,0.6433468141667612,4.391860394371918,571.5528846319801,0.27020311321164314,0.17833990608577174
92770,-4.393104012329744,-8.543979335142929,1.8633250184629309,2.3303534088780915,435.5990254330489,1.2506746649490719,0.17835256982678094
92771,-5.149241985779571,-11.47126283469552,0.13564638838264495,1.0593465874551908,468.82687908534285,0.5262271010927204,0.178378036052674
92772,-8.306269820761559,-7.8795935877059575,1.8078530022033568,0.8178585580462455,223.03203490568796,1.207840991797183,0.1783968068285637
92773,-4.187529767107615,-11.897028252708212,0.658882156672969,1.3014261227475339,291.28825124709795,0.09698208916356421,0.17841273898091606
92774,-6.182607082936913,-9.466612878626282,2.1179076327420714,2.6027547945875393,383.2147088102698,0.07017562979917091,0.17844453263555513
92775,-7.42365695142439,-6.631879712179928,3.086862714446996,1.1499763686406848,467.253506055188,0.2741371641239949,0.17845942245262084
92776,-5.623195372278954,-10.432653385542563,1.1081092993922537,1.4799339129230922,331.55311245627786,1.1284381113072017,0.1784946324275487
92777,-5.749141982540015,-8.181951803539125,2.705703118436736,1.0878461748992803,283.0287527696625,1.704369905963314,0.17852587233303183
92778,-2.827282401768625,-10.616044045217874,1.0620078303946705,1.226923746885271,263.6587334073321,0.29912355389678247,0.17854372918600625
92779,-3.769070010498119,-10.45405353170882,1.086985866778413,1.883910033007605,467.98600465157017,0.549319149669369,0.1785722517142097
92780,-5.340157161183088,-11.008343934989565,0.7946279616461446,1.3221607887311133,317.76111141268655,0.4109975354336326,0.17857367432168797
92781,-8.362962375880228,-6.072482408948219,0.6205384870598013,0.8764968554486973,219.29000056081873,0.4246829298295163,0.17858074786862307
92782,-6.107948988637993,-8.870839191329386,3.0199446213936225,0.7824685660448003,469.67438005312664,0.1974804272097126,0.17858305823399603
92783,-5.402087491301407,-9.048206511121416,2.6334326646416018,0.826224014606722,169.56487573095174,0.3634302685303572,0.17858549923780354
92784,-4.761329556999349,-10.472631292168055,1.0900717766121333,1.6041834261182046,467.60981913916606,0.09386007905199012,0.17858822645938102
92785,-7.619188420015955,-7.029401773283513,3.7731961934633045,1.7989406134361607,429.2498415520621,0.40916033561043985,0.17862178262880438
92786,-3.981240467113004,-11.52569675563394,0.7112271473292949,2.7370025796636273,294.13128387869415,0.10345295579739044,0.17865721708491952
92787,-3.32256492527714,-9.24823639347041,2.1039940829412056,1.2824639865089158,318.4600201471151,0.4949115098576966,0.17866721262346674
92788,-8.034711854958042,-7.163680306120646,3.3771707116726755,1.1140857921597045,236.48121743536007,0.4223136798960727,0.17871436712014915
92789,-3.1708975364092042,-12.603910805884746,0.6250037517952769,0.6762485202546891,468.11445580541346,0.44412215623713713,0.17875613574824278
92790,-4.227025631245596,-10.50190904898357,1.0582500031846314,1.4955103057669168,468.1065587164972,0.09923278049214268,0.1787874669483875
92791,-5.619823154381919,-8.26606081734597,2.2131309424207894,1.1702148246215471,213.38803706982338,0.0798112468591139,0.17879630274435407
92792,-4.309078981547802,-8.510204004957224,2.3504271101362817,1.8187798405123814,434.7132640461347,0.31511677018148454,0.1788105760857967
92793,-8.090049368155661,-6.153762013903599,3.30497669696494,1.286721785592964,209.8078539063594,0.04908421814217778,0.17881870507493705
92794,-5.10286907400691,-8.666050269569253,1.3226835038085751,1.0682531049166264,468.00804190144066,0.10506094194650561,0.17885856086592544
92795,-8.151618979870335,-7.639546212631111,2.710946765215947,1.2657263210215586,313.78306455209275,0.922548158291792,0.1788701259720012
92796,-5.180808727361964,-9.208630519809553,0.43761788356983405,2.4595308056983916,420.00731176956646,0.32846134243088887,0.17887919732416901
92797,-7.934566101338636,-7.407379819916474,3.3900728878431527,1.4469608579389797,320.0272711008682,0.1788721754559619,0.1789225922464795
92798,-7.861200328687167,-5.534844000806034,3.134697795187636,0.9790215013274819,263.67974294023793,1.492603013353774,0.17893450290025
92799,-6.111407557890486,-8.702983075362148,3.201754212461153,4.656368665497319,607.1721444050394,0.8547381703065842,0.17902399021928303
92800,-2.885969656017185,-8.745850763421599,1.9309666883584322,1.6554349187995478,470.3477190257314,0.020040998275394628,0.1790252542779503
92801,-7.867002759049398,-5.595122610208462,3.183123909666297,1.9189863525828432,393.47206141799455,1.5818251061532154,0.1790387121154284
92802,-4.705668535847436,-11.793999722110948,0.6592838621199812,0.8741449089626431,468.58831842254614,0.5403639580462469,0.17904020705787144
92803,-8.033019338379114,-8.10104356715585,2.3459921908138246,8.366807280437113,398.8676036372542,0.22043905930900465,0.17914603577127347
92804,-7.8038386473924195,-6.859891968537548,0.6837425264530491,1.041842864150103,250.43225779331618,1.1818023818365875,0.1791516772720601
92805,-6.38999538777259,-9.03782028983002,2.843103296292875,1.7468654029581199,465.45699684746216,0.7113455521183925,0.1791677151558921
92806,-4.0968095648696785,-12.34713018480594,0.6256039296360258,1.7114323817887729,400.02965653804165,0.10637036080320161,0.17920745041655634
92807,-2.7143146029319816,-9.017682049375454,1.9319871893205076,1.9798887271132297,401.7785913419698,1.6615162572869666,0.17921958114962755
92808,-4.816393563765643,-9.20425756125179,2.2793367357162584,1.1755895613758862,468.6202480166827,0.18591452563211863,0.17922837002851208
92809,-7.4588211025695905,-8.093955155260641,3.407898988482492,1.7939912891585912,468.0076297464915,0.552879689636744,0.17925250317824465
92810,-4.631911804191304,-8.634519122787953,2.6974981876932707,1.2394828992789082,468.904437691097,0.9166535695475684,0.17925405066972644
92811,-5.8366961612621955,-9.478091795438017,2.020320281231489,1.1127127703681603,467.29127088208855,0.5730820560319057,0.17926832503036658
92812,-7.408169081451565,-6.6714930226721325,3.082568491998946,1.087738855718896,231.8354248291295,0.5726894043551498,0.1792977341377964
92813,-7.599740594598478,-9.318918333327955,0.7736579734717888,1.0383163383216578,469.2811808854045,0.094720427420528,0.17929888196037969
92814,-7.7308268039601655,-5.2886457589330895,2.723359473554711,1.3443199593826833,303.2499706459771,0.2769307605407887,0.17929944755292226
92815,-8.00917955583087,-7.406415143980288,3.2623216151591876,1.1232714427987023,290.40166863592566,1.146773682993424,0.17930605533087446
92816,-4.810627873458625,-8.831623606002982,0.9807590794629957,2.7120442114960395,457.2329066809626,0.5040778830485868,0.17931158232815336
92817,-6.914067381772599,-7.442999311915411,2.906782652480561,0.9989778211363788,198.09988119263883,0.5797787042914733,0.17932378463646123
92818,-5.1156036072578415,-8.796533660885014,0.9759862630485364,2.5234812883836675,453.36758199036774,1.1122754871327016,0.1793512182800669
92819,-7.670196709506159,-7.200518532946206,3.7631100607737347,1.1872258192309957,248.89083101663235,0.06867856693088914,0.1793600454233756
92820,-7.522473739915531,-6.73708006074345,1.3112626550031936,0.9247733385825506,455.96507608709504,0.14626868555128159,0.17936453266629562
92821,-7.285984892632617,-8.832071873515993,2.652120884020721,0.8915487420785023,140.5014461012396,0.22977185196418404,0.17936571336348187
92822,-3.199791121428425,-12.70429263340667,0.11306503580632522,1.745402003552152,415.45858156075394,0.9131267538793422,0.17940138644114037
92823,-6.725935883092822,-7.963827516070798,1.539289778109465,1.7581797744379326,468.58670396764956,0.5333328831427124,0.17940440816836417
92824,-6.741470927671283,-10.385174819074342,0.8731580120309792,1.8330457542546184,437.44520346179365,0.379349910323457,0.17941552598760546
92825,-8.398831192322557,-6.3350551299443465,2.718211643686487,1.0334565226968382,215.18198570256266,0.4486134639954038,0.17942896167538847
92826,-6.48647520199107,-9.573687938408764,0.273998334390846,1.4327369986357974,318.3275776889797,0.203358372864475,0.17944894033034972
92827,-8.471122627417797,-6.789274512017314,2.4234671500487934,1.7939746974618183,468.3527563340871,0.41996232272545075,0.1795093744953314
92828,-3.5179075838694676,-9.021037488648426,2.382953691591218,1.0745756873159964,216.67153363869255,0.5369804780210696,0.1795171161978658
92829,-7.907212372536546,-8.533542733110542,0.719876922739328,1.0926492182029965,185.37337482014578,0.05020580364023086,0.17952537804778881
92830,-6.011972028633597,-9.421268247602336,2.17566649012256,2.249467932099489,323.99251549657316,0.05507039052594376,0.1795332067960837
92831,-4.7672137906080625,-10.222515156600018,1.2432513216377914,0.9517229756669329,249.9600441945722,0.21369384446284823,0.17961333701361065
92832,-3.071719812115931,-12.315102046220863,0.6466827061298983,2.4819021443333833,448.16036034007954,0.9018958583477588,0.1796180433707265
92833,-3.9841374442161213,-8.58397117131806,2.496045478530766,2.892884168881979,490.6308858596543,1.5741273755601553,0.1796651190236079
92834,-5.551863768188684,-10.368507463405699,1.1521555944900999,1.048822774319623,269.48170824541546,1.317940421405864,0.17968154494649255
92835,-6.530954911482002,-8.237039606299849,3.637295450285073,1.7924026030676403,468.54696862596603,0.296501141615523,0.17976825850495454
92836,-7.667540157852301,-6.2614249151381305,3.34639568974108,1.5268924538351805,348.75781508461614,0.41053279658579367,0.17977106570911222
92837,-7.351499933578431,-8.492089824888005,0.6441407410357043,1.5155697851487913,349.02437030741066,0.4147970063727833,0.17979646525545856
92838,-7.5029230148467985,-6.358608780802369,1.94263088273104,1.716035279621803,402.9582236726192,0.11314763779067061,0.17984871363423202
92839,-4.314381906960069,-8.536686896886987,1.938466155235053,1.0556520719517883,467.88823000044965,0.9400763177554703,0.1798527996520344
92840,-2.5321826446715177,-10.992335374135157,1.4173115003310115,1.8523645879534947,454.0832474178465,0.6308822546883546,0.17985487269968548
92841,-4.906700952600017,-10.462501936471135,1.0909162818018177,0.7081903059921664,142.59635477879553,0.9694339875345772,0.1798659779272397
92842,-3.097508355023189,-11.226841577125576,0.7793590489722182,0.9498929473808073,468.43378961074643,0.1849709467770957,0.17989081824640105
92843,-7.747012023279625,-8.058034869158753,3.031112859016838,0.9495389150736268,467.383283107409,0.7965178885559778,0.17989857799423892
92844,-7.062291413041943,-8.38415065820017,3.448191814313292,0.9601591570893552,467.47080282439583,0.7802310864486719,0.17991220026883034
92845,-5.395429596582098,-11.508002804146294,0.6673402670179597,4.3777697587591975,260.9816962702515,0.4235120340563645,0.179916977332169
92846,-7.00064524848244,-7.764555603286072,3.784554930082194,0.9625866944182253,250.95285257861653,1.0417323908762421,0.1799426027391364
92847,-6.935796878282502,-7.435914596058354,3.0694293903781387,1.799539686392496,427.4573756473739,0.31526995595290863,0.17995855862215385
92848,-7.407269044740126,-9.523988664481022,1.307328520735512,0.8281242908027842,164.73313959642488,0.5472118274701749,0.18000979876820505
92849,-2.5510708531195556,-11.325274375291414,1.3196824994672796,1.4835283045691725,342.43125764421717,1.1724107028584347,0.1800679012043049
92850,-5.077397759632342,-11.113195988338422,0.7691199819058828,0.819928996537861,232.3273846961266,1.4312171876386204,0.18007712821286742
92851,-7.546652821997311,-7.127806959955286,0.8930923666653137,0.8321649860763008,224.02002570955472,1.1835489938582437,0.180091937611027
92852,-8.595371029901907,-5.87390325426237,0.9997952603412276,1.145344003468321,466.7993949296503,0.54458829665103,0.18010372452429071
92853,-7.114347317111937,-7.186783658319827,2.7539788066204585,2.954482531565579,489.20503622309417,0.8380767589099127,0.18010793320953142
92854,-7.7144912014663625,-6.245916706383128,0.8274875455011445,4.550526953372825,391.37461109869304,0.07189115597649565,0.1801143628107892
92855,-3.7635712370707637,-10.557470112805666,1.017425584584558,1.7729117452563736,468.29592697656545,0.6552570914975719,0.18011464355103812
92856,-5.27487732898145,-8.539318765536173,2.94024365044055,1.7283132182593088,468.01641473150187,0.9006765317664147,0.18014631537348005
92857,-3.7506444336367304,-8.652370523282016,2.504407714663727,1.5282500007877362,335.37401329263923,0.9544874116353705,0.18016803822953625
92858,-5.096901173352213,-9.47750178486773,1.8937338296250974,1.1652719867425767,246.19540205374267,0.3803650520034827,0.18018841204618877
92859,-5.62922712638139,-8.823138755715146,0.7557994390291196,1.3671377064690342,333.0421467567987,0.32835933929802774,0.18020694724929637
92860,-7.876241692623033,-6.239881622761905,0.620477889323736,1.5550031936727184,355.99956277471466,0.3122065711896491,0.18023467660313416
92861,-5.7471092300330815,-11.984731654941942,0.5628284159735175,1.6661274209201782,445.02324188333284,0.2833618600415422,0.18025314016322028
92862,-7.092423265161181,-8.639332278404485,3.1216364448715046,0.9449440307563096,269.662165955999,0.8255994533649673,0.18025889434255118
92863,-5.736891989812381,-9.359903968989896,2.2275159300604708,1.627208790569371,380.33271128363856,0.8517647042273495,0.18026534380069695
92864,-8.33262485398443,-8.02997286327388,1.2352058742660355,8.44015580358299,431.3541880568649,0.17189447328374907,0.18030160019278899
92865,-2.6225666746735072,-12.83256199448883,0.7970497671021335,1.083094807725646,468.04751103770303,0.8376400996952809,0.18032868794044535
92866,-3.2000536138815754,-8.678806998299224,1.6100758091692653,0.7605958307959766,468.1409892795452,0.512596642116832,0.18034619233515614
92867,-3.071585796788404,-11.666465754318313,0.7060403744933126,1.8160194942806318,434.50648848365523,0.5433913474675185,0.18034972289586135
92868,-3.762509131309457,-8.663547117758768,1.613339354223963,0.6843937086521654,197.22710849913136,0.5790849894686998,0.1803654792519633
92869,-8.227308520622602,-7.893625821763911,0.8143208936805562,1.4666520775977236,329.17345928895645,0.2976009309424974,0.18038724025440958
92870,-4.316770870122135,-8.529810729808172,2.3266855293805926,0.9495714041194926,469.6717571639103,0.000902043097233296,0.18039753988524596
92871,-5.572945908674844,-8.737470851534685,0.9237036105228235,1.0596947680693727,223.68776922049275,0.8737918610496616,0.18042114822218347
92872,-4.139395988873552,-9.290787208728055,0.4431504377631778,1.4597646702942815,340.2018037074444,0.27580113057724365,0.18042685750449342
92873,-3.0297080081644845,-9.168589649741069,0.7001381969286732,1.446309551906082,319.0720702656255,0.3758763759200594,0.18043110694771716
92874,-7.246365233575417,-8.66983907067154,2.9317164157181868,1.843128448335232,440.14174081512493,0.4442321432219938,0.18046123920741633
92875,-7.221865807608103,-8.386239447933026,3.3205264377146793,1.1836561890477912,300.29527015532176,1.3306254388581324,0.1804650572084855
92876,-8.365579766169553,-5.2781404469483055,2.6359909699370645,0.5170233114492054,142.79689266990735,1.2356425566319738,0.18047463729900007
92877,-7.558786526692141,-8.385607587176063,2.902814687109877,0.763199181209767,245.50419077486526,0.39987449984032164,0.18054512770215833
92878,-5.866327123148999,-11.744669907010548,0.5747881350914958,2.617358067651339,468.5203529083087,2.2515545638563967,0.18057029622869744
92879,-8.1816140867858,-5.2685543054300945,2.9695770784897864,0.9047620310394775,253.18691374785925,0.5333811149354482,0.18061355165818355
92880,-2.57175594282288,-9.777783207486474,0.9742858914573289,0.9454899549598845,293.9624348462584,0.510441028303183,0.18068671021361615
92881,-3.2341053517472984,-8.641567555591827,1.6699061278352563,1.7637241559614767,416.75926672718316,0.07639483503560296,0.18069510460635482
92882,-6.534503636114546,-7.775912030976077,2.7518815849279976,0.9344881345348455,170.6937620719421,0.03798027806401638,0.18073102295679658
92883,-5.397493946140262,-12.35477928503924,0.172735955117517,1.281982432354573,271.72442238748584,0.5717064498865279,0.18082406686152724
92884,-2.9861203106524155,-8.965498084598016,2.4121293846728964,0.5609451070745192,163.33085068841936,0.7317895003817805,0.1808681021859876
92885,-5.908619522338486,-8.819717238698559,0.6929973353822053,1.8737213002090434,468.159288676952,0.11074007726265922,0.18089890880203688
92886,-6.7885139885496235,-8.951593362307538,0.4439153684916435,0.8611169677369315,468.13644835786596,0.50006141395568,0.18093097697234553
92887,-6.18208616106385,-8.444318914293298,1.180341449594137,1.2254306633623884,262.796388016098,0.20155589069098223,0.1809370078099085
92888,-7.96275577789026,-5.358983300787708,0.5518481961127119,1.659163360874075,390.38353055654625,0.6373248283152959,0.180994120083327
92889,-4.582030469372274,-11.71697780337313,0.6670014543601758,1.1453692773602233,293.52072835387287,0.45261625697045105,0.18101450061729435
92890,-3.508451816133727,-8.599943615182788,1.8041471094837467,2.3373070460703986,352.4395638867381,0.08916139509877397,0.18105848250686082
92891,-4.314050489633912,-9.02339993842746,0.7176180982725329,1.0496069914518547,467.92915254929926,0.01752807460996575,0.18106428742214048
92892,-2.9460308546783054,-11.475360703900208,0.7458882044817076,2.155761878860424,412.07456121148124,0.9152125928391959,0.18108050534668352
92893,-8.089203741207712,-6.866081422765072,3.3758853190730407,1.4768361185860446,337.0520158300692,1.335507271324869,0.18108421016452733
92894,-3.351351973371769,-9.807864718197536,1.499357543514433,0.7635169271496838,157.07838992328087,0.030144264464621706,0.1810889892580263
92895,-7.120586773443041,-9.724677666649635,1.3707468091973707,1.573238002369321,468.28119881274716,0.6117787860228869,0.18113786518336014
92896,-6.91647487703638,-7.738171775805236,3.712005145085421,2.4843832882612307,453.247366617826,1.5486479213409234,0.18114493679805344
92897,-3.438744858552912,-12.30755655484465,0.6283118791095212,1.6039550529050839,333.01086582767056,0.407728518158053,0.18114764033120415
92898,-4.432984709646469,-8.499252067384514,2.25968791830632,1.7238036208707577,409.203442956206,0.9513603856309212,0.1811852835604139
92899,-4.663566890117759,-11.630744497534852,0.6758217391767456,0.8686590195954066,466.1814015810877,0.6758971134692713,0.18119278778427034
92900,-4.852097089834874,-12.891100929802713,0.13950761601618625,1.0199353497747423,208.99143429526117,0.02124311798019196,0.18120560542168054
92901,-8.177902029872392,-7.635531519646251,0.6808192277064947,1.5280914878423684,353.44754462191446,0.5324514285980966,0.18121026735827775
92902,-7.252091560825922,-6.97226582366246,2.8712194030700853,1.0229633936410025,204.10784926837337,0.952712153217913,0.18121551132527441
92903,-7.64967864559738,-6.0502556372600615,0.9949621346043932,1.0198711066774897,272.95199108901255,0.3702024992594808,0.18121923646868413
92904,-3.0050612529075664,-9.344257343637166,2.02357251721438,0.8049752401123618,451.88500129512954,0.2484887449710298,0.18129248124518865
92905,-7.707175367817861,-5.974845109697039,3.1670639550558546,1.8857883656675536,468.0162934827462,0.026631683255423866,0.18130660729957226
92906,-5.478302005851138,-8.56286252240169,1.4190421710761971,1.8489120400221137,468.5735603516043,0.8058812790486503,0.1813076165889616
92907,-4.160928108658428,-8.692155931227049,1.4948907905544973,25.809193991971778,880.5469764233018,0.22879403703552814,0.18132704391772814
92908,-7.155593553786576,-7.140812815977152,2.868541070880164,1.1985291917491887,257.64613554049976,0.08219754856392392,0.18134604343870497
92909,-4.471206389360431,-8.565701342482068,1.771295740706119,1.028241006856359,280.21278869888215,1.346550664029027,0.18135329088195407
92910,-8.218152881355826,-6.347160290851632,0.6188638439204446,1.0415296617799448,272.19667718796603,1.5939753658897233,0.181422351439158
92911,-7.67922381065204,-6.977738463539638,3.746631038880263,1.0961580455653281,284.188962172828,1.5654969782268404,0.1814234994252144
92912,-5.169115206285327,-9.12631881149963,2.4557743680575124,1.5939794992324308,468.93891775344935,0.639964806268079,0.1814379290696151
92913,-5.161126292127066,-8.389957242086993,2.292382504911458,0.5099176762493378,150.38181342767413,0.6869684819633601,0.18148111905852732
92914,-7.84620791075962,-8.881966729228633,0.851439053240518,1.3797768629937222,305.42892804391846,0.9221623510981312,0.18148718774874645
92915,-6.526000256553172,-7.872325158594253,2.179216300299697,2.5516718735468618,451.37163316092494,0.8210355254089103,0.1815009848305334
92916,-6.474762981122971,-9.16970360152861,2.639606675937702,0.8140032084402651,469.1451865419722,0.22787500634303015,0.18153380689766482
92917,-7.6583866314430935,-5.3951452419741495,2.3015294431240494,1.2967143348419525,289.6251746432608,0.11152915330951174,0.1815685395258557
92918,-5.216391498204234,-9.52217947761431,1.84538669307792,1.3849957346800583,314.4069237828954,0.237562812484037,0.18159218505883445
92919,-4.410449490997839,-9.468993222070564,1.8509699599141118,1.4338919926416274,329.4002481288059,1.4168411601614341,0.18160520248823028
92920,-7.587762044750984,-5.895981468131512,2.0649360386557545,1.2648985098629226,269.40630676481425,0.007796044005461411,0.18161041143632967
92921,-5.594916985182568,-11.138126371638942,0.16240871783137034,1.4302962220011497,336.7036773092025,0.3266441937493463,0.1816208111586134
92922,-7.583287539233542,-8.170272535215421,3.1459757101005845,0.5041484404023446,130.64199494583264,0.786072523157963,0.18162998175785613
92923,-8.198391066842628,-7.113859540016699,3.066790448620361,2.1087116050877444,404.42561513631284,0.8095541011375902,0.1816445365329194
92924,-3.976627501374349,-9.781717562207469,1.5281669785983045,1.8049240382685714,379.17492853574765,1.4727962496723785,0.1816863272688098
92925,-7.279044399951522,-7.029785954437828,2.038987615949041,1.0518900765332015,467.2416256631377,0.48788975044299043,0.18178875476057002
92926,-6.29375216277672,-7.95961520766637,3.140912075080702,0.9831431244633094,208.36439887467398,0.554469497736398,0.18180655613797841
92927,-8.306909884305702,-8.061842825087059,1.1370567657140676,1.7807232427030955,431.8346239576311,0.16326379217930675,0.18182486519664653
92928,-2.8091596972585027,-11.344913280524107,0.1394412372175843,1.4161805378722703,468.02959268136567,0.44458773945988295,0.18182558209889896
92929,-8.3544773674594,-7.7866927143104645,1.7447062554529016,1.631361403733321,191.94941344114162,0.4522113601429085,0.1818315051049118
92930,-7.348346327838771,-7.017006832381378,3.489081743423252,0.8703592655389428,190.8573823775927,0.0008080472856777376,0.1818344223211608
92931,-2.6624241753767386,-11.987234273220936,0.17233197539924924,1.0957043705121325,284.4935267484772,1.206411452592481,0.18186032478317105
92932,-3.7526577755280837,-9.90587514441826,1.4265085463290088,1.662623908715588,390.5716185842759,0.6054967322404909,0.1818753637758327
92933,-7.726400555029762,-5.723446952485491,3.003897914440198,1.6050939275132996,370.44859550824276,0.3532500027899639,0.18189324753840266
92934,-3.597273857083345,-11.30143399892762,0.7460084650166996,1.9657900161958786,393.76597259363723,1.070979034324174,0.18192372919040398
92935,-3.638308687469099,-11.32306909860146,0.741853837933334,0.942311472184342,338.322835422912,0.8268609485730716,0.18196103266623675
92936,-5.391935572817098,-12.816814311823311,0.18126176296483162,6.525938146887792,692.3566908511798,0.5563097193005069,0.18200689004446247
92937,-4.4969085769263355,-12.335517487412645,0.11896773335148611,0.9341843753573922,198.95549564835184,0.2766434929820232,0.1820229044948519
92938,-6.292595147837051,-11.115833927929026,0.6023465227225077,1.8432285088515417,467.49075054877505,0.5948175434002163,0.1820764148080137
92939,-4.339275812141357,-8.577079230416896,2.516620081139563,1.8505791350261842,468.0140567514057,0.2979697563300414,0.18208637590823057
92940,-5.975661248176794,-9.429601111825658,2.126727910164176,2.2391214079234,431.90553669164484,2.2726460332788507,0.18211482228369086
92941,-6.830076966783347,-7.652761775962324,3.485135798624026,1.1039589773834608,467.4115799500866,0.47804640605253734,0.18212881503286932
92942,-6.731424762517193,-9.49329922995768,0.33642088450218494,1.0463084676148378,184.23754429427495,0.14192417255486767,0.1821445754481222
92943,-7.517793798966364,-6.247562739090136,2.496764152307608,1.2773348770577306,236.1576282926484,0.17407707424043384,0.1821467605404798
92944,-2.8606135905734824,-8.785051322857502,2.028393808159694,1.4469481977175722,436.7536258808001,0.643920506373937,0.18216448074054584
92945,-8.162310148042339,-6.04484276990626,3.154396858229667,1.5582035865205772,348.7635717890914,1.5832458968806433,0.18218518570946368
92946,-2.757162374804354,-10.785064190760217,0.9786396850184578,1.9324171328628748,196.02081517013744,0.24806021697517888,0.18219649710858332
92947,-4.1812711148262895,-9.386047275890668,1.9405653082354326,0.7632274214044914,153.35910921512138,0.5256713174789205,0.1822123989189607
92948,-8.04489576629611,-8.249671856489218,0.7551554343334873,0.8335655040982709,469.075964142477,0.06589774840851437,0.18221294587218625
92949,-8.102830750287275,-5.151745240677091,3.0143824920592577,1.1838776878783503,256.3416332876959,0.17138494418907513,0.18221475571090395
92950,-5.671156208897214,-8.261487103343782,2.9085059173930765,1.1139075643797298,466.1073772562276,0.6990805875774191,0.18223302219319593
92951,-8.647970302445799,-5.216028753404986,1.2790090871429765,1.2574229923674933,262.8981126971963,0.45734809063154724,0.18224301469609092
92952,-5.780768707912414,-12.602805536948146,0.3084461419124258,1.165618012434548,241.2282121538122,0.6901037161591974,0.18225632204601683
92953,-8.329378423614255,-5.143134570858302,2.6920908370130814,1.1349868007841788,468.0173283981462,0.29695777241123,0.18226495560558995
92954,-5.196789302000453,-9.391905761511305,2.0247384831230884,1.8706232383300767,468.00168960159175,0.3664995072663668,0.18226554306975556
92955,-4.954435212307419,-8.616935539362302,2.783426260053473,0.9245538799431294,411.2558579402917,0.19502959880980786,0.1822680479074608
92956,-7.917540583831994,-5.244070457053414,3.046027244080085,0.6405349329026663,144.1707986872192,0.4137600650098321,0.18229185060223793
92957,-5.238292899265341,-8.778677088111433,2.814530603975153,0.9613077282347011,467.955968415235,0.6169564336310458,0.1822919534566679
92958,-5.904098605580824,-12.403323114041854,0.4514836951342802,1.3465458769235403,305.563124146561,0.10947404298732355,0.18230160049144145
92959,-7.601545872163017,-6.208693439900035,1.4715097430259216,1.8447065738628443,467.31010641254574,0.5011538104373328,0.1823131219709654
92960,-7.48861777062797,-7.830109138679343,3.6013925221037604,1.7429650408153425,367.23441055394443,0.28283433886069886,0.18231995622688807
92961,-5.291109745365143,-8.791394112145806,0.9348014747110819,10.62461767137132,696.1554409613121,0.1379252646611251,0.18233930088187972
92962,-7.82242174514105,-6.4713142940366195,0.673472839814576,1.014208294450594,468.0027489041532,0.36919928496166055,0.18235226789110848
92963,-6.073911217258535,-8.845949324372826,3.021272383492639,1.7467493622200416,467.81782639352696,0.4525620873537006,0.18235250683570034
92964,-7.082294155472687,-10.014318204859622,0.5157632553339032,1.0981410234065407,287.3622703116142,1.1577263273981089,0.182353405433826
92965,-4.468008856958009,-10.765968041230723,0.8985454788147911,1.5790787538907183,363.62234800758046,0.4805117718380343,0.18240053326495964
92966,-7.575660751793791,-6.753967491218517,3.5973535734599085,0.7366602478155301,195.3680102377999,0.12494587258026524,0.1824193249137166
92967,-2.9531028395056342,-8.869268833323689,2.3924514690677614,2.2383975302998627,420.19309912768995,0.8560408332857223,0.18243397722057525
92968,-2.9836043828712544,-8.66030415006053,2.0885912330658885,0.7029526719519487,173.23545656910937,0.5359046522941133,0.1824383402124369
92969,-6.755243991400425,-7.633001168529216,3.186181618967773,0.9665609890822513,468.1282287849744,0.7465315333925497,0.18244020470781958
92970,-8.357652325883674,-6.115320052442872,2.7880575775786,0.6098614578755535,152.87543486737837,0.03690496257123854,0.1825166077582797
92971,-5.936798732381725,-11.633773615092762,0.268345457285199,1.3753751470511273,321.3586044826226,1.241383123425095,0.18251702233152856
92972,-5.989640242581428,-8.501912395387073,1.2255050255328266,2.022141310210338,206.36489785445673,0.18356201614195822,0.18255645020120143
92973,-7.3311611318688215,-6.884929425603855,3.172599177342555,1.8886921437316186,468.67695032751,0.14546791443441975,0.18260097429150954
92974,-5.642092920863443,-9.053721329964905,2.660498949154106,0.8470350747378981,468.30362234666165,0.29071824114561107,0.1826135206430212
92975,-4.214330269734328,-9.03148502729003,2.399336595395967,1.8912388443507047,469.7990819562336,0.05542952669601586,0.1826139692643671
92976,-2.517793033819915,-12.320651971129251,1.0311305722222774,1.633202285540788,469.8511173285501,0.16812708842441015,0.18261587080900069
92977,-4.881754433227986,-9.25174834000901,2.1943539171818642,0.9812099194139501,391.9345489041676,0.5954167116214313,0.18262599571892751
92978,-7.906172370511318,-8.817408611778465,1.3424597950649864,1.2059347971474206,265.73168706076825,0.49912313479435966,0.1826329158252902
92979,-7.698318076928346,-5.547737225926905,1.3157942834972094,2.1589665809720966,402.60461783262883,0.5596944922493163,0.18264199810271248
92980,-8.271539350290523,-7.9446467895026585,1.8005736181060061,0.7719899653602955,173.1246296564937,0.20188335580209849,0.18266791082817624
92981,-4.098029491943377,-9.117314940414621,0.6158001259144666,1.186316999028936,264.0741349089486,0.17396004743051208,0.18267443730879415
92982,-4.93944557938746,-10.634521998021462,0.9658148283432518,1.0395543951985464,281.91190718206906,0.4249480682375575,0.18270064365885602
92983,-3.664750209340352,-9.447658480110043,1.8415052819520725,1.4303938050420357,334.0241310751457,1.806719872967009,0.18271009587292533
92984,-3.804019823598269,-9.222687723751552,2.1316297575772056,1.8936809787241449,469.1821398509051,0.21414856035559815,0.18277207075923704
92985,-7.939393390458326,-5.425637580214419,3.1279405382657264,1.7446073522336671,468.02694107836703,0.5038519371599399,0.18277772101016054
92986,-4.502481187674748,-8.896450007374131,0.912120027269602,1.1789592947473975,467.05615272997386,0.40669775442399736,0.18278016710989178
92987,-7.000899506905672,-7.429467056899266,2.2371827830402404,0.7775284301238292,158.01923155870887,0.92674347650311,0.18279263340137708
92988,-5.15203218453728,-12.965925496177338,0.5540697584382506,1.236421525834536,312.9163306321868,0.28800059382643983,0.1828081820200801
92989,-7.17731842069245,-7.995989934916844,3.6986224660325426,1.0463269267901965,221.9728820686469,0.11179856352984174,0.18284146311057958
92990,-6.2188674384117935,-10.770407077645991,0.7664788152992845,0.8645859805443414,468.6325722993997,0.5631938540470989,0.18288372417487928
92991,-5.266480014834022,-8.479525564799506,1.7170407707895337,1.8455982857715445,467.575355057922,0.635047227019311,0.1829053971861388
92992,-8.551155877641953,-5.874541373373845,2.0040918771340936,1.5352988680016624,468.9140108016572,0.9213913468653407,0.18295694490632958
92993,-3.0209118962582258,-9.208964157932922,2.1818580342838807,1.7160828512956674,406.39962842052466,0.32247944140977847,0.1829761406301731
92994,-6.469796194113538,-8.428591028779337,0.9456647001994705,1.7500073116195345,413.32637247934497,0.5556758648829634,0.1829976096886826
92995,-6.36484512967539,-8.691710562723188,3.248262678212493,0.7859285902280049,467.7071611861105,0.4705529590530251,0.18300011041935413
92996,-6.903597212814413,-9.332721607274117,2.201682965577839,1.0185097048023208,279.3771462740564,1.383663062697356,0.18302669232526492
92997,-6.271090029074605,-9.497635427273364,2.0207111478627815,1.3387583284690538,299.87139997719305,0.3017625769018606,0.183029071887008
92998,-8.208351455322873,-6.050720637992936,3.088847687440531,0.9109563446550769,468.1282851427975,0.7464472107555293,0.18306579345328935
92999,-2.9807995530452445,-9.428402156278265,1.928827298745836,1.86969696776798,451.1143254255903,0.1145652004027804,0.18311925209333632
93000,-4.339704014938718,-8.518177074661772,2.267728082355028,1.7532592832108516,367.9958492466188,0.8230869320424619,0.18311957065892234
93001,-6.163227870854005,-10.509085163647004,1.0008614976549217,0.730179462235557,458.16907364170993,0.3328698256363509,0.18314213814662858
93002,-6.426989362282116,-7.860499294520596,2.716867867070299,1.606082808423944,467.8946342356991,0.41551547066628913,0.1831559112396913
93003,-4.460426891933329,-8.825042651937164,1.1466623262555506,1.2355817727407234,275.6633194887012,0.0542413159423889,0.18317435682199912
93004,-7.237063013565086,-9.513132240625218,1.5191287654577714,1.2046818284123684,303.74618443858583,1.2249276912243552,0.1831793516359881
93005,-6.097046374432228,-10.54182036109696,0.9768103179909557,1.9854543574274286,402.0499007998277,1.7407580967147513,0.18318081609445996
93006,-3.6814493040815277,-10.928207698038085,0.10848677909322574,0.8879758574715723,467.65730298384005,0.3152424962871887,0.18320050186779194
93007,-5.6315492080155245,-8.903842249315915,2.829294246635028,1.0742377530925211,212.15869461813463,0.011476872633441104,0.1832503133725628
93008,-6.932753695021544,-7.457068496340648,3.145354066689886,1.0391385271316373,269.60610268313076,0.46625459361339683,0.18326713269745254
93009,-8.468631080200389,-7.346591188506033,0.9576243786182196,1.518391446289175,468.3302698916487,0.3223357978236612,0.18328035975076756
93010,-7.455308108448452,-7.0662411039220645,1.1612184555652176,1.758890620805024,469.93921266301413,0.12891468082765822,0.1832928622233882
93011,-4.095631557035487,-8.591957700630381,1.7965823197076554,2.879428545976862,440.1107073818182,0.16909677343513696,0.18330876975293958
93012,-5.784999320673501,-10.661795668961087,0.1702114437156678,1.0630338155695116,261.5243509170903,1.51659524101271,0.18332559559615008
93013,-6.479468736481492,-8.907829603960826,0.488603223403972,1.7785737643302835,469.6250915291706,0.06799693101230542,0.18332647943413824
93014,-8.56658252673197,-7.198855076623051,1.2154648190290243,0.8649564068979405,216.1904999583239,0.43395413952256856,0.18334812491005978
93015,-2.50958234549116,-10.751551136375552,1.0380366960716274,3.364739834501344,523.3323494543689,0.9024916952080639,0.18334948300116452
93016,-3.5514051444604,-9.833398176582243,1.4712455079291895,1.582092451775049,365.00425839114195,0.07073217503198226,0.18336523384640174
93017,-5.9129854671268385,-12.534764214443605,0.4001278942263993,9.943816739026161,697.296294844357,0.1650870744554327,0.18337378995880074
93018,-6.735653935803906,-9.810721618870772,0.36833841296413655,0.8906939660013193,467.882626461023,0.6924993351921831,0.18338887564769746
93019,-6.290516559589172,-7.95187986486658,3.08265957219834,1.1214368824994756,289.0915022275094,1.3829237037025548,0.1834080337145632
93020,-3.7337157611401626,-9.491449428999855,1.795522850465303,0.8987800582284127,468.2462051080588,0.9210314683533758,0.18344599216870502
93021,-6.025907069148704,-11.733691466554456,0.353674374991472,1.1898667295159602,246.60484411610173,0.10543720698792125,0.1834873782256095
93022,-7.257487195667567,-7.775969485710431,0.9263534940119359,1.796453823434698,451.7878763591299,0.3699052494062913,0.18349473633914826
93023,-2.55292365896444,-10.90470592878498,0.5685480092119395,0.7836789887298573,159.52228508288476,0.059563020483268225,0.18349840704630638
93024,-7.7895424371884845,-8.501763323037114,0.6606577409388319,1.491169460373333,467.6409960258882,0.5679694476762016,0.18351576339958522
93025,-5.1378266335243525,-12.352635167957343,0.584728168412475,0.9867954070465829,273.4377435910276,1.9236349755954683,0.18351857277164968
93026,-6.201567444564676,-11.60735680854946,0.46091497665429176,0.8079561499231515,138.45490035613952,0.24417961542800182,0.1835283328302251
93027,-6.316380418139693,-8.791792340002196,3.123434816013989,1.342328327591142,291.3517494853066,0.6245188898813048,0.18353586195338042
93028,-7.6141263758055935,-7.324021105451373,3.7487852196608857,1.8664816374154756,448.04352639160004,0.4164744488581169,0.18353844797032892
93029,-2.631756429690089,-9.420240818231267,1.2550048232913324,1.6677211659564033,391.5433932555376,0.3860898938351882,0.18363325436146546
93030,-7.192444709341301,-8.982988328008574,2.518855715729392,1.2828424517425694,467.8757364837392,0.2945365507788056,0.1836689396505008
93031,-6.149626585095095,-11.727520064340775,0.4545534908882717,1.39064708426115,316.5997181283837,0.024484624246604803,0.18368123083178198
93032,-3.423430449257502,-12.527042378841958,0.6101885416906235,0.8586465289232835,173.6318547218569,1.0576357012350899,0.18368491774164036
93033,-2.7517461397321092,-12.709956387817622,0.139875848343573,1.1315435082080858,464.3787893679675,0.5310063721441685,0.1836894070670102
93034,-5.996020655462409,-9.224920513917002,2.498455407419149,1.7443122769978874,468.00727415714664,0.3068025340947118,0.18374518125396466
93035,-5.634461159581204,-9.084988140314273,2.607116819935328,3.3017086220384426,521.0078870069526,1.1296205827003476,0.18376380225559902
93036,-8.052964350990312,-6.565552525883214,3.417021043821077,1.7866502048854473,329.2069297091186,0.12810428808002072,0.1837789586786834
93037,-4.617057312555101,-12.931080506907506,0.5803981920935254,1.112594457277851,291.6111427170063,0.7868810401692707,0.18378643072146625
93038,-4.935731353506294,-8.76359744642538,2.721612260769128,1.7571377704092206,414.8237296463249,0.5331230191412537,0.18381490676790455
93039,-7.646365403112036,-9.056786079808745,1.5836981755822426,1.5665497862894107,347.8345955818007,1.0389138404726301,0.18382008066639485
93040,-4.777881819317339,-12.875703549346323,0.13786923928299671,1.0188461441549512,218.62227070804767,0.5688446836395364,0.18386608706183993
93041,-5.058210346924504,-10.933541057459891,0.1278142435636678,1.4135630114736328,309.7888533248582,0.9656328104134513,0.18389148056149468
93042,-2.8881901029775126,-10.371618396620082,1.1719717533957401,1.7750743627480572,468.09066346396514,0.008396595217399216,0.18395120752972471
93043,-4.175273879767165,-8.96414709565266,2.455173959801014,0.8170194558639886,176.4230229050342,0.012653443825233701,0.18396167778087222
93044,-4.49556300399832,-9.37133144412532,0.37167246258560505,1.239123424964678,252.27376343835348,0.1843875923517171,0.1839976851194868
93045,-5.108776850002128,-9.013807040576163,2.5674757228164187,2.3071256968704232,428.65992268344195,0.9219489489942099,0.18399776409615473
93046,-7.430651121864296,-6.714715430899411,1.8367736346119508,1.8231880077836808,443.68638480321835,0.1654361658711112,0.18400555865364604
93047,-6.028817737538236,-10.010271292844578,1.3698584561861487,1.539533446629215,352.4604806269731,0.5423136527424832,0.18401690518171393
93048,-4.9105275380486315,-8.833624565134846,2.6790764111291203,1.7877821258690059,425.5743023507394,0.1586277424324809,0.1840431885261571
93049,-5.132413100031506,-12.323388094094124,0.5864032957332378,0.9529356457658299,468.29177238396926,0.6382016512064297,0.1840578092155174
93050,-7.37962274823496,-6.808713197621564,1.9987704366867838,1.1135225190909321,184.26097067657133,0.15848956732147457,0.18412714518148754
93051,-2.963612475878853,-9.896999881713846,0.2589109300817651,1.681087835937455,361.0885993505934,0.34045606305909715,0.1841289650744613
93052,-7.6612556932272815,-5.658080872846768,2.652183428280667,4.767150423433603,607.4392642784762,0.4907298339986834,0.18413967483725271
93053,-4.648672116616509,-10.537226578364903,1.0233362786460536,1.7115591256364284,403.1974377774559,0.8358037079842076,0.18415172071612243
93054,-7.4535634100744605,-6.635698507358952,1.8326797644772452,0.9841621147721098,201.81459745951565,0.9885528318716341,0.18420199080418834
93055,-4.330044966869342,-8.602711771127353,1.6896508151302965,2.653888379974502,471.8697615553114,2.2458314871419995,0.18422918747363778
93056,-5.8628764798137425,-11.743484170639254,0.5675338959348653,1.6077567830091388,376.16011520012876,0.6697725922786679,0.18425013757027423
93057,-5.378233074167914,-12.494355962287104,0.5555994416626199,1.3268680075360302,286.4684829506589,0.18880449719237014,0.1842672539589487
93058,-3.6683078856379403,-8.67856713430406,1.596366507879837,1.5432457300142262,219.14370621567096,0.38232935150940417,0.18428654066300787
93059,-8.52124160778176,-5.514197952642719,0.810468980309889,0.7152322753474413,467.95068527222634,0.36541095973388504,0.18431008335274673
93060,-6.014262950498308,-9.289297119758018,0.3234186004049792,1.1171099044899628,272.2912425859541,0.14355725141012687,0.18434103753477837
93061,-3.2015030554022488,-8.600888810103973,2.321576074056807,0.8585828242003771,216.88929761233146,0.6196073586150694,0.18434386847980666
93062,-6.212928888929163,-11.16804339871622,0.36158906485594117,1.3694084078446556,325.93300266304016,1.7390263887151125,0.18435843656297451
93063,-7.986120726950178,-8.077557982467894,2.4816200645841544,1.0149926205108153,314.3108219372121,1.04001740608562,0.18437069600307318
93064,-2.6461008593434965,-11.893606761273498,0.19479551406780365,1.1163345784299785,292.06259178910676,0.9506701103340314,0.18439001304926764
93065,-5.1983702963370835,-8.802195458859348,0.9641522305610263,2.4644061324551587,451.9214492992916,1.6269885328449876,0.18441469977423905
93066,-7.229533392003729,-7.567498431628456,3.776389977378951,0.6938865941381467,385.4752384247979,0.3816881015353202,0.18445878555802228
93067,-4.946705484348405,-8.961774177738759,2.580037390664423,24.61382183275208,629.616195946603,0.057550163465532655,0.18446776876388865
93068,-7.372109768589176,-7.340660826583578,1.1084736147780818,1.0952694325662593,234.60984601083575,0.3820653442897113,0.18448170663425859
93069,-8.594634380418816,-6.632953475409418,1.6585904185002,0.7036053527819801,151.58978793817093,1.0912155697103483,0.18449770730323395
93070,-7.483968646688008,-7.946397537392978,3.4997585896657437,1.0331001125272374,275.99737290444244,1.828077224322663,0.1846010264358539
93071,-7.944328913334987,-5.413503813579222,3.110431951882765,1.7799806873265982,468.3236868621405,0.5884562812163621,0.18467358728764754
93072,-4.74885681747257,-8.565781584977472,2.6598907894643418,1.2403113870069415,468.0082305060571,0.135131743670299,0.18468332445339045
93073,-6.681336939876258,-10.716140003683524,0.5134134847856613,2.0345531223216713,384.7867327348097,0.23277027421815522,0.18468671152283941
93074,-8.05451139591713,-7.622209086991832,2.9389099566948502,1.8458878993404566,468.25436195252655,0.8199846544196676,0.184708897986671
93075,-5.112859126916182,-8.449227669142422,1.9307534196820941,0.8794253943739941,468.50388984092564,0.8742968401044173,0.18477557981223575
93076,-6.053900064101478,-8.500819659289316,3.3050395858301935,2.009581629490064,398.92674164131745,0.7891411666487214,0.18477814956340194
93077,-5.163008025294788,-11.239166592296574,0.7227878509164185,0.8389104262821255,224.29699489338583,0.2116275650645365,0.18478061585512115
93078,-7.3011474839945425,-7.767916590972509,3.7499359572185695,0.8862001280106718,193.92047132397863,1.1705437853933693,0.18478165314236114
93079,-7.711245404950743,-5.084021327627932,1.594880622617503,0.5714850783936632,119.60268878041013,0.9106150964606634,0.1848069057421166
93080,-7.6301392107058135,-5.665085790479073,2.2545555341428916,0.8955204973629525,178.95232777572764,0.2290014030791898,0.18481087948746183
93081,-7.738920098045664,-5.444469920438276,0.8727011797332859,1.299060596442143,315.15912410882885,1.37030464428355,0.18487398122376902
93082,-6.746890837175887,-9.451952926346408,2.0385906259326307,1.104768070763178,225.30144392610296,0.1321779436769619,0.18488869873901317
93083,-2.5110691600378123,-11.083098700100614,1.2719300682072394,0.7241198381155619,207.71091499373463,1.31758740919806,0.18491412098211812
93084,-2.7709897255237825,-9.897499891911545,1.5348504922013029,1.6330640738278575,379.3066764377551,0.40787837523407333,0.18501919741352052
93085,-5.793260431704467,-12.216914772664374,0.5069775855905216,2.0024895663592805,405.9339197144748,1.947572947889916,0.18502687991780806
93086,-6.123278808291214,-9.336510248691532,2.317741999731948,1.284778699056398,320.3325100761165,1.4656623411807734,0.18504056779832406
93087,-7.477723831425632,-6.934909358268894,1.3108799477542161,2.9914941396594177,273.356389296706,0.15835501784216532,0.1850411274467505
93088,-7.706912606181777,-5.238913450605004,1.0115323916497505,1.0059597982514723,249.80130216830747,1.0759877873146984,0.18507099440939112
93089,-7.38704409698235,-7.006640744168308,3.531195442194164,1.5999705004572888,354.0325373043911,1.4175596768932737,0.18509882546161951
93090,-7.847610073550536,-5.786236375581788,3.2129987445794033,0.8192666617120651,224.73668467842734,0.6213556954706645,0.1851036555050098
93091,-5.589023708420372,-8.2993576928409,2.1277256293862297,0.9852038267657937,273.0369570759985,1.330618944193776,0.18511761657751177
93092,-4.41168654533958,-12.716889510704517,0.5899967448495957,1.1632221784636458,468.2418829223135,0.39476070552340037,0.18512475020280042
93093,-2.8707440527842962,-9.937958425482556,0.27500277338887724,1.7817909340043963,467.8889065975126,0.3031313882249904,0.18518533489590966
93094,-4.7594223002528055,-8.581131217000234,1.6410552353237702,1.1513958046277437,241.771710226725,0.40921815468118794,0.18523400135305876
93095,-5.6519552116467295,-9.380766466702887,2.128388014816839,0.8795736105087532,249.20133720743434,1.2385959117570788,0.18524418101314624
93096,-4.458281388873656,-8.774637460841564,1.289872819166599,1.8530574078522222,468.37745532549786,0.3417191144759988,0.18526770626250688
93097,-5.992007685161562,-10.394060675596716,1.0981911121675727,1.1635032141362365,265.53931271506065,0.7866008541051208,0.18527806459072918
93098,-6.493958331197491,-11.017851624496032,0.5110291973372391,1.8597898288268384,445.1945494142218,0.46620931896907436,0.18529535340421924
93099,-4.954917079084959,-8.494673689841273,1.8516693323937716,1.6294983523703568,384.9393099500216,0.3431480667115627,0.18530362946695356
93100,-4.603045927210604,-9.344583830000895,2.0048934943433547,0.7596320108355346,470.18250336745126,0.22641493639386479,0.18531098885014768
93101,-3.045700796593584,-12.164439821874046,0.6469890382411468,1.1999063145518138,467.4454608048328,0.4901282378127574,0.1853558744849916
93102,-5.872303658090993,-11.790262012551356,0.5544380084542396,1.736216080879142,410.0076310834167,0.3268882147343435,0.18539728649592999
93103,-4.847259164079264,-9.515328786517031,0.2887206187787194,1.1662754320742732,282.89825105460403,0.8878735133184819,0.18543888064044
93104,-3.852757004817268,-9.007208296444187,0.7623981101055425,1.3912311779403514,332.5686587264094,0.31675286397323976,0.18550579676379117
93105,-4.286212529707219,-9.270219173852226,0.4616765719997372,0.6656306656253069,468.01315295647953,0.47143041913346106,0.18551111905646528
93106,-7.334877932795662,-6.91527023511037,2.037926218890532,1.4126875890717439,337.73062380714356,1.2204034774253545,0.18551710279994932
93107,-3.4829862527646958,-9.101510996084096,0.6608774422505278,1.7262857759891674,404.1636053853893,0.1900032837484984,0.185524550956816
93108,-6.076006055748849,-8.964910283043626,2.8601567667804364,2.224657777958653,206.85727444976726,0.22958643954010238,0.1855246761532519
93109,-4.892340909445289,-8.760133419968216,1.232935402729356,1.51236370434708,468.1151943208331,0.03418478079224574,0.1855397010044145
93110,-7.5127308935043215,-6.289486888824576,2.2551537730391873,1.6472622035673576,387.64977127463874,0.6064606768492578,0.18554399862617305
93111,-7.372970120016414,-6.81436085604214,2.032818171496152,0.8275089097748111,229.67292563180095,0.8457920787177295,0.1855471052531843
93112,-4.422703871280355,-8.827086577758095,2.5597800997305242,0.7164966963787852,467.7794473437608,0.3688003744207018,0.18556652891331565
93113,-5.333419414901028,-11.18117146913342,0.727584296517654,0.863472347096594,467.9940486439148,0.4899568846029112,0.18560742072044217
93114,-8.221959492301696,-6.08688203243862,3.050555401293489,1.6299572036855032,361.80203793731994,1.049954172883627,0.18563013733683498
93115,-7.388670815290448,-6.8090416213326925,3.2069098817245987,0.844085800849205,172.43955740136136,0.28760432842902706,0.18564267764932046
93116,-6.625748439587998,-7.804180237747571,2.2135899835687605,1.1416762380795198,295.06034696444385,1.7827013209771776,0.18565007375771814
93117,-7.34011175790857,-7.000797519004885,1.7870549521891472,0.7220323568163272,157.41640890647173,0.3305456646825755,0.18565507183741453
93118,-7.533359061020205,-9.218309350211365,1.5335942683124377,1.1101346139797401,262.0452520839072,1.4127738980281155,0.1856575343550139
93119,-8.577601864752753,-5.70906279842244,1.8262168605234765,1.5797189989586988,366.88523372067965,0.2208859131907852,0.185679467503419
93120,-5.200115342256642,-10.164729598430727,1.2653219891856686,1.4885399648361517,341.96176374960766,0.8195898187707158,0.18567957394477438
93121,-6.738579700300483,-8.001438893755829,1.479489633331207,2.8022393470728915,477.89055921709826,1.006287456183018,0.18569965877134287
93122,-3.6258014984763944,-9.168750610542713,0.5885945606638345,0.7035379978998946,468.13140018261936,0.37241282133221265,0.18570133517822154
93123,-7.618019546960358,-6.122135611862341,1.4895789491540707,1.4014599085485404,308.79193205642315,0.8003065544482544,0.1857195502307517
93124,-5.695584583946679,-10.829254381863109,0.8148376391196108,1.3287734013558972,295.1321828810403,0.2334131872058629,0.18573320953929784
93125,-2.623667803113788,-9.58448162342283,1.8812220461074831,0.9264697859836972,468.6120092157468,0.3981056128626097,0.1857454226360276
93126,-5.203432967394336,-11.132053066551899,0.7493016892437835,1.2931674066349097,287.7365166927543,0.9915831304388272,0.1858095195979733
93127,-8.097135110432923,-8.359451826660283,1.6104638944683367,1.8543176685236717,468.01180004976254,0.37342383494184084,0.18582218363377428
93128,-5.2571048890347445,-9.261308249655077,2.2295981515366954,1.407405964615488,468.1017793678011,0.731895608425325,0.1858417116571966
93129,-5.501282316654487,-12.607543909962443,0.2111505424648276,0.8853208937308407,468.2546528588193,0.6400894791858143,0.18589958715870405
93130,-5.316957374422034,-10.892893060030223,0.8138124683372677,1.3133318100649134,281.1520988219867,0.15534880537219387,0.18597094613348783
93131,-4.112330712056465,-11.068496005580826,0.7822913200336268,0.8501563628498785,203.47875645882309,0.5060706302349747,0.1859721291598072
93132,-4.8729172896117054,-8.499025068134557,2.5850501759271234,1.6633936837606684,390.2377231942604,0.058619935342644425,0.18599081787658525
93133,-4.8033028251488075,-12.556177552691416,0.5837913572987685,3.1655407304331384,511.17442654424514,1.25398888362533,0.18600589849239949
93134,-2.6352940256893698,-10.665335480425572,0.2905716637946486,0.7286602469275992,419.04937813857134,0.2657217957447937,0.1860259213046653
93135,-2.9813745432918832,-9.005555303745481,1.0271222847636956,1.7761589885542097,421.945196595119,0.10625571018956848,0.1860428191116619
93136,-4.365506689221569,-12.598236162527058,0.12068513219756653,1.7728179475902008,420.92033819164556,0.38234042062705775,0.1860744487408393
93137,-4.965196476177411,-10.913426555339228,0.8193772896094353,1.0237222658225584,468.2357190723741,0.08007562642453969,0.18607656700597974
93138,-3.491981944209158,-9.079054615158526,2.2755474760374743,1.2536507629652285,451.367677127236,0.1216417345576275,0.18609026253265604
93139,-4.332123325674122,-8.540961755934692,2.1665875690677154,0.9732901499472953,468.44130453356905,0.5852756677770943,0.18612475846166654
93140,-7.209810133233638,-7.070716360921253,2.910177710088135,0.9567654429938273,249.9119369993119,1.4746845695440811,0.1861444653459647
93141,-4.966398655066648,-9.090056509711781,2.4311477701624495,0.7848299422599804,392.7800015137443,0.22068822380912412,0.18615508816470175
93142,-6.7186739557935145,-10.013231944911375,1.2652401019025505,0.9216888668694792,468.3011897341104,0.8439973929075277,0.1861787378619947
93143,-6.961989115935207,-8.247849588290844,3.59553800353863,1.5951193446069496,468.39202792076156,0.04224200144556356,0.18623327586984686
93144,-4.390532697928398,-9.705711708237622,1.5912693679237753,1.278990346334419,269.04093326197335,0.8103332553964684,0.18635976331987092
93145,-2.5191800273958957,-12.961247199450204,1.052225390758562,1.1934861348995847,301.59923517711854,1.3165118004911136,0.18642805887696506
93146,-8.384066798962932,-6.676871774206058,2.7133941733470257,1.32259298642695,324.40020221245175,0.3486094460854181,0.1864584519921821
93147,-6.089103535061534,-8.700982287101247,0.7855486559979606,1.0809441616507065,279.9592229509198,0.6233131003518748,0.18646002478876716
93148,-7.738014870531172,-6.777640953275315,3.663533610090285,1.6233787293192905,466.7463672926165,0.3440110651402213,0.18647770399812447
93149,-4.0446411081766245,-9.28333617289362,0.46016383862502414,0.5543552625150715,163.46434520577859,1.2738635525142525,0.1864927079826517
93150,-5.838338560383804,-12.383547048622729,0.34392004910877344,1.841169561947668,445.9297649297898,0.22657374830211907,0.18649928866594095
93151,-8.579719220808782,-6.192028965277243,1.8144344541951192,1.0025216550280431,195.9019513552635,0.38496054697824356,0.18654614010851792
93152,-8.079644764469231,-8.435219611238686,1.5107595932219915,0.8650438832690596,468.1035433560146,0.732831969667469,0.18657861542782242
93153,-5.935316312878129,-8.787192423595364,3.024396198942256,4.620855532241517,508.9489805359789,0.11077300235687026,0.18659389310985844
93154,-7.133198009716871,-10.011456469832876,0.7261437649424506,1.5743824702020548,467.9697056190321,0.6147924950364345,0.18660015599500634
93155,-5.285877024682361,-10.193848269589228,1.2468118897333846,4.027408746686744,562.1070176603768,0.4705383844515145,0.1866218296814857
93156,-7.110707077303467,-9.730631331982384,1.3527635022049125,1.057379045407487,268.8198177596575,1.4859997842687154,0.18662575752315153
93157,-3.468809608527195,-10.54390845682344,0.9983151636068287,4.195179655941887,498.6119168512743,0.13147584050455396,0.18665160535442138
93158,-7.661871834286992,-5.825950067167565,1.4530387761489272,1.0961578708949178,283.8867505799731,1.5377252304733995,0.18670381131654096
93159,-2.550910711871466,-12.302491734289418,1.0556753790248288,1.8101238924058576,370.71029992140546,0.6615121180815686,0.18671198129642788
93160,-7.601330311395177,-7.936431535575251,3.3639655024867943,1.0426145669125688,205.51675112421918,0.5558199262493284,0.18673822834325007
93161,-6.934483982076268,-7.558402139481191,2.095988947080511,1.0356411605115166,273.0182140085001,1.171471936263023,0.18673859724993233
93162,-6.1807242231404835,-10.506057657664456,0.23687114482879984,1.2049555531084983,171.8510153820107,0.12385492998683656,0.1867585824846385
93163,-8.166303680006862,-5.45550905568987,2.977747005153634,0.849089411053423,468.4325385773837,0.016574778918370114,0.18677353548865638
93164,-3.3854542538036325,-8.578079899643669,2.094555218003893,0.9384093854605838,261.4670714865341,1.6212352094140021,0.18678330790359046
93165,-3.161271807058915,-12.9489647732388,0.5983376144952385,0.8704513346032139,468.55862366777603,0.8627788610267944,0.18682555816932866
93166,-4.705313808023634,-8.58194472348779,2.6092129899587757,2.4026583302069517,445.1266679554385,0.36704240581919123,0.18682788567365907
93167,-2.576320298088147,-10.511842629645525,1.4755740538300475,0.7017653927402165,468.29906522262934,0.3631180551947706,0.18682901019804196
93168,-4.596004231815032,-11.162293986943968,0.11733056732967513,0.8354777615305388,213.22206522553307,0.553801774173575,0.1868299303285847
93169,-4.982613994981104,-10.549399656680535,0.13081284937145002,1.1019308595386546,284.91278177699843,1.442328000835798,0.1868389674801189
93170,-3.855197944162665,-10.225035810566833,0.13894431941314037,0.7393463159059355,211.0555149828629,1.3212479731213165,0.18685491431636492
93171,-6.645014281925059,-9.514054147053779,1.9249382411611937,1.1793705371970553,275.3670196076827,0.4329203138247415,0.1868893140210822
93172,-7.612084889856252,-8.354155330807304,2.8346329720359247,1.6522939847858573,381.2037156667135,0.05457863374695204,0.18697095963198623
93173,-8.259701555169084,-7.0994347972912015,2.903826456041582,1.651723121384692,388.901395623702,0.42926533068232153,0.187067843828944
93174,-7.393828645934022,-8.064866857708711,3.4713020841431645,1.5855159975588367,354.12353318434475,1.7972459880458311,0.18708927586844415
93175,-4.4746143842702875,-8.51875482358068,2.1152599842302924,0.7068620634073267,468.82173206729993,0.35638373539701096,0.18709137868440548
93176,-6.55045715944853,-10.45340170836562,0.8796695600157002,0.633376632035074,136.48655928928815,1.1545278878230114,0.18710149185507846
93177,-3.0318425821454698,-8.825123923363247,1.4126511173856948,1.0187092692399697,277.04267091510246,1.2538583592173769,0.18711451277284455
93178,-4.503541272874556,-9.65639992110419,1.638464577267302,0.843732192490603,191.6810680765598,1.1239269822285998,0.18713104618503812
93179,-4.081714349430287,-8.5870851812208,1.8569076711930514,2.733786932716206,468.5608783142373,0.64234831187854,0.18714912875524692
93180,-7.869079709579069,-6.848465785417737,3.61630981659552,4.465107185599976,501.1912952853647,0.07901183829698954,0.18717768265706758
93181,-2.610916658953906,-9.546879624888597,1.3465185384270686,1.6149811709508364,379.9342950924293,0.5863418756629697,0.1871965172448968
93182,-6.915839366352512,-7.809714184475611,1.5501281576278385,0.9819395314697801,229.17021451376948,0.5936230751874101,0.18722612871347002
93183,-2.673876162604528,-9.203665609042535,1.8796944371735491,2.6084069168494755,464.1181813881257,0.44588185509372646,0.1872447312077883
93184,-3.0300083004053615,-9.165385828926995,2.1991194222158033,1.2320828788063305,291.61377424345505,0.5427388119189667,0.18725543803882524
93185,-4.174813718516983,-8.836020542837751,2.5112153617913617,1.3586671413426166,295.715483424184,0.5470025219656058,0.18729381559836775
93186,-4.225909030309505,-10.771704422534121,0.8826950877336387,1.152699271110091,299.77802204642046,0.6275604110104842,0.18729620261388202
93187,-5.390846232490042,-8.565081495370547,1.479250196709355,0.7926613771042681,469.4412543554255,0.13132906536198785,0.1872971393326048
93188,-6.500326590092909,-9.504642789268313,1.9758897396225585,0.8868451429417404,189.32816859034338,0.022828387996928434,0.18730142601873961
93189,-6.27721653616788,-9.96218730984166,1.390975322182748,6.414990052690231,364.0920198419825,0.2185903886852909,0.18732330910938516
93190,-8.21435093634532,-5.413733117455205,2.8981779906663157,1.8188159601643195,435.4617808897482,0.08930389266147731,0.18733456251764
93191,-5.272856582349274,-8.372561258547888,2.5156205555433506,1.1288758854269352,293.6468256403763,1.8675256176054402,0.18733679810801795
93192,-3.4384677469078397,-10.004453381989139,0.1664688123151274,1.1016911646649923,467.69366922154944,0.3738914319825808,0.18733787830682644
93193,-8.489964507412129,-6.766338541558298,2.2813911935237874,1.0317287267038735,273.345505722985,1.5019063032778233,0.18735927223547993
93194,-2.7965761634921815,-8.941740097661071,2.1513704429317033,1.044360869566838,280.72274225621334,1.4932797775152027,0.18737242388901687
93195,-7.061562395001375,-7.676748735449059,3.7294833900978897,1.334666315057347,325.9761182467102,0.31618329933374234,0.18743259199919765
93196,-2.5131556712516465,-10.78756075629839,1.3022646024286304,1.0205011001962072,467.55950175381827,0.6636384688302028,0.18743589002623356
93197,-3.6025832419541395,-11.524046454994233,0.6875997165826467,1.7785413734757707,421.3591831657576,0.2365356946965882,0.18751019659328896
93198,-7.460461401348056,-6.61814584225853,3.0721768256622637,1.7693001268565878,469.3275238448271,0.115658137065898,0.18752870958079448
93199,-4.408990140476567,-9.07547249138749,2.32673831943444,1.212692423244814,239.57024522099158,0.0004923727856320781,0.18767448297506983
93200,-2.592984826298059,-12.668364797598041,0.8700206475885386,0.9568231965777093,467.8879104176142,0.29645509730580777,0.18780396772747743
93201,-7.795827581512192,-7.963101743378548,3.0319163305047785,2.4983153396601043,454.7289228447258,1.4772416940061888,0.18782437856287776
93202,-6.290223512552261,-8.762756313822333,3.1310490591141678,1.2738025205881145,468.44929628501046,0.5556918031965443,0.18783214477417562
93203,-8.411079851830603,-7.79201046740241,1.3769803251034451,0.6670395472895237,178.27304880812548,0.857329364568602,0.18784231041736663
93204,-4.589551480692972,-12.78356513864542,0.5798162613698039,1.344552875590243,326.06275238290687,1.252037541585417,0.18785538795283405
93205,-8.055651244210505,-8.405389509177178,0.8686872609107292,1.5117190471191768,345.3653687863135,0.9837925160090757,0.18789713175155823
93206,-2.8890414120177423,-10.703454367151622,0.9561475954060843,1.2359916207213455,310.56900217167004,0.3739857392608732,0.18794456481291474
93207,-6.029649261355527,-8.135292268423063,3.0789834590971017,1.8285203470138194,469.87051904997367,0.23111600228103235,0.18797054569209296
93208,-2.815535904502628,-9.106302545363448,1.000964424010758,1.0839792013186316,268.20922837079746,0.8357856520604239,0.18797943428972747
93209,-6.284430954251503,-10.76604108850581,0.7270168760162167,1.701545818061294,402.55355605855044,0.53114043328039,0.18799008173344564
93210,-4.760218021838121,-11.064694261375381,0.7747271542065439,1.4918523926360905,355.89109470015904,0.4321566017488516,0.1880101330751135
93211,-6.563291044014413,-7.806031824381214,2.502035787584156,1.3070605448664598,298.1610458658357,0.13475822762770395,0.1880418679237164
93212,-3.423919548573413,-9.289807647879002,1.9978402276670661,2.497995591559884,457.13487678606634,2.1446219538452924,0.18804978270188963
93213,-8.500396547382572,-6.677477778113019,0.8876637019207505,1.3188108502514155,316.6232349033008,0.29138308849764805,0.18806119550520675
93214,-5.875455131114151,-8.906075735571608,0.6276192218266318,3.0975609933518116,506.79841401942565,1.3969173039330203,0.18807746851929102
93215,-6.974480708702037,-8.329672176744868,3.512790375660806,0.7920710816839014,143.69064675499655,0.20713499062803287,0.18809205180116204
93216,-7.885351793752898,-5.915864745066664,3.2684073775970788,0.7019036348607532,152.50551007581896,0.3719580393915427,0.18809476216978263
93217,-3.312717535138823,-8.85867599955994,1.2277416638261256,1.3999970895904514,336.39804576990514,0.3495251425812267,0.18809881894955685
93218,-5.690045657469847,-10.967329617537033,0.754849310732231,1.0298017918767794,266.528868419205,0.959939113196925,0.18810125671539188
93219,-3.461592476609275,-9.269329570387715,0.48757973674493266,1.2537814239644074,278.0896430656144,0.6285846847673779,0.1881685312290237
93220,-6.894092615918053,-8.705955137364231,3.1331915032775024,1.1061910051502073,285.8782109378288,0.5373279735385603,0.18819619449860225
93221,-7.101130660472759,-7.266876790991697,3.047293373505331,0.5024608556533308,116.28093055361688,0.7783062439516728,0.18820022072576806
93222,-3.711693171276594,-9.875050243406246,0.19457742705552952,0.9767526830547101,265.9329474121443,1.562821374837207,0.18822639512552486
93223,-2.8373057127707844,-10.956579885611184,0.8476227352132126,0.9252401070074693,261.8113222530167,1.4625470453108989,0.18823675379125593
93224,-4.977170685123,-12.559642148150749,0.5710699679231045,1.015280105540085,468.1583468500828,0.21077355397037945,0.18827870698298058
93225,-4.897992856200808,-9.789840502245525,0.20562403759351783,1.3847936016523343,314.53419798490387,0.27786790999929956,0.18829609974518408
93226,-3.325999206936908,-8.591839563451279,2.1195879172951724,1.4610270852630076,467.85465559095076,0.023290287555789213,0.18832458039789204
93227,-8.018152005871904,-5.472788449184199,0.5479484327019518,2.531729862342248,457.3578276456798,0.35572044142146186,0.1883351557653385
93228,-4.954003030616217,-12.20667478182161,0.5958432720969726,0.7232809022736276,163.54415463710112,0.9922624675791374,0.1883630623865253
93229,-3.7154284169630705,-11.49315902698237,0.6907694468767226,2.0086275559919,406.5003394172911,0.6135466058199199,0.18839581703888528
93230,-3.5709445333658776,-9.142845159983219,0.6176343224487473,0.9934887323077914,244.38860416229087,0.10249379325064822,0.18839943465226786
93231,-3.9750138383039406,-8.68093369964257,2.4959504767317675,2.4191280336588794,448.8879612297181,1.9593433034736885,0.18841171425749353
93232,-6.605047297379185,-8.113665983246152,3.6367804989632218,4.012639623023519,554.9614381561162,0.3313335460401543,0.18841302083793957
93233,-7.720864086322576,-8.036606588531491,3.0685804796492957,1.7849688839467326,423.5770529032894,0.3746456472089852,0.18841563078022205
93234,-5.105150606663278,-11.321315001815531,0.1421563699054745,1.2107726372867469,305.30354194496476,1.745103315011474,0.1884384436266768
93235,-3.096946300690445,-11.775764979056182,0.6715850217403415,1.6906741910301588,468.71980649426064,0.6459179955167293,0.1884430399371888
93236,-7.162442685625175,-7.24912255512118,2.118116150791372,0.8818825475236363,468.49912759002774,0.8035461490341858,0.1884484520805064
93237,-3.2164165583545268,-8.617637316619085,2.2746305792147012,0.606827597028084,181.7076306658623,0.9353214835312889,0.18847684945816012
93238,-4.848805950054657,-10.51696240116498,1.0187945066460942,0.9568024476912961,197.326355311117,0.1058334353188819,0.18849892778627003
93239,-4.445299728409465,-11.081759271081157,0.7699374889042311,1.4979161969266732,468.71299269594243,0.823584891075428,0.1885242293393687
93240,-5.720563969156162,-12.52823926880096,0.29079373821450666,0.9587524368189384,467.0779938122331,0.5211973862329513,0.1885715842532977
93241,-5.107035473025384,-10.120983245371896,1.2837979905106163,2.826727978064271,485.66718974492784,1.7346526394347963,0.18865234807612835
93242,-4.974804258273897,-8.486538264561341,2.616154163505469,1.3464041926236963,317.88884098511664,0.19125576944495215,0.18867468445653715
93243,-7.968069404758912,-7.681601231974841,3.0368913953428147,0.9735128441033238,270.5874158945522,1.3069804335441217,0.1886861576572036
93244,-7.534595441860112,-6.91852782305502,0.9978180847333151,1.7323569770167426,468.17813583235574,0.3359140104709377,0.18871817600592689
93245,-5.693316119614055,-9.858201476825158,1.4964947169208993,1.4744892228931887,467.9986729646169,0.36748572949418534,0.18883186270599953
93246,-6.778642962517247,-8.851659265981489,2.990562142012759,0.9768937456596825,259.0411880295981,0.9829095222927542,0.18883581182853118
93247,-8.285038775595051,-7.2575076816028545,2.7082557073921265,1.180458664518714,300.29928419063134,0.8302949957174617,0.18884302949592333
93248,-3.888391307709024,-12.51313747627774,0.6006126955766186,1.775203499496902,423.45045351869277,0.7213030749096303,0.18889266653179024
93249,-8.335649689317181,-7.997271212625383,1.2309815845193737,2.54009711785231,462.10457870961096,2.5809972541190476,0.18892574233096607
93250,-6.131228990137763,-11.694412961612148,0.4158658621526082,0.8690359427730414,468.0986849162815,0.32577535515607803,0.18899796474553995
93251,-5.209585125261249,-9.261783160200011,2.2066782810289802,13.70001831331965,816.6499935516733,0.261228404070053,0.18901837519437306
93252,-7.443840142537579,-6.7065079721243235,3.1974218756700883,1.0435321161935966,143.22899362285094,0.3870639013392845,0.18902107947251495
93253,-4.445003738963026,-8.540417378780003,2.085667785994122,1.8202141553560578,467.63188258956677,0.3405924570852781,0.18903654402887296
93254,-5.541102169947462,-8.292834744284013,2.528677122210332,1.0958306376927156,468.23955041869795,0.1894774645000732,0.18909155137222283
93255,-3.8936060707486657,-9.228940466403802,2.08146437941724,4.986073597405913,623.993817099808,0.7567762550900126,0.18909797362084318
93256,-6.618591160877404,-7.8648218663556255,3.4685426607139562,1.587654211201488,351.02223437388375,1.4077735423399318,0.189108828209269
93257,-8.625993884376443,-5.694249618948607,1.1419310500918887,1.075676552289363,253.3338761217645,0.3352095955829748,0.18917409503416224
93258,-6.925653676221344,-8.030859264010815,3.7134067144579714,1.5297794847956052,470.11514539658475,0.16543989101049217,0.18926422792517653
93259,-7.641909866432426,-5.832613321777153,2.6582661845682436,1.5214122868049706,358.83407186795785,0.3825394619240825,0.1892649236272752
93260,-7.879798737744979,-8.683034994089242,1.6598183076968511,1.0732369089931655,468.04150806204973,0.38651022596311346,0.189330470817122
93261,-5.338934550655214,-8.435961394836815,2.79805504697817,1.3698846266766649,303.1804304173409,0.3373568637978268,0.18941594886234425
93262,-2.781360221025876,-10.55547517109657,1.066337786184518,0.853704570914462,232.11586153787275,1.174831967132521,0.18946040577692402
93263,-7.699950630436328,-5.478774830620785,2.583593630543549,0.601918290005007,124.10014969374222,0.4339963018847923,0.18946578400699218
93264,-2.8316887987595525,-9.15178665543608,0.8337215232652341,1.2108181168433503,301.15497913840534,0.21436775432623634,0.18948359810626283
93265,-5.564077496452543,-11.568838411348985,0.18359779407035343,2.2593618069126413,430.0835913141293,1.356061052103434,0.18950754293365354
93266,-6.802504301257519,-9.492051814710864,1.8872052896694043,1.4317103836696576,342.3139447725114,0.5555464309539788,0.1895308457295281
93267,-3.0759201411855495,-9.840072834557162,1.4702128949072732,0.8994124999516487,444.74430596184703,0.6798050956261283,0.1895414867918671
93268,-5.969554850163459,-9.307968259295528,2.3157768548356548,0.7867446646465568,170.0440443918852,0.2639413170760543,0.18954586012259156
93269,-4.99900743062815,-8.76714343787972,2.6988804803939304,0.9911430898934446,261.5917681840873,1.3289139023470335,0.18954787599582587
93270,-7.983369007248584,-7.583636704704195,3.10579113803294,1.0131497991736802,436.2633364535675,0.37813415308516873,0.18955663399832381
93271,-6.832919259364848,-9.175748266299472,2.492361685134763,1.8512624528529467,467.5568271922838,0.6331865887382273,0.18957817830052234
93272,-2.6800172824161503,-10.391465617485169,1.2701247259114816,1.02989974878083,142.6965556737971,0.26155200031697046,0.1896554285845801
93273,-7.816767868902078,-5.643702232753762,3.0715165127468453,1.2023735659546901,295.364441137824,0.9064937473792121,0.18965767686028126
93274,-5.696847503472649,-12.347667275702353,0.4956788848031773,0.6734722687737164,200.46513315709663,1.0250473838808007,0.18968422847909405
93275,-5.13344409154223,-12.814019249091176,0.547598743255946,1.1908229923785383,305.62263780492066,0.7162507454307745,0.1897420147893374
93276,-7.227042943001883,-7.18577408052571,3.353174619275955,2.5909974381704655,449.4725915529804,0.5909482658566896,0.18978296782305296
93277,-4.109873563421589,-10.1449543143557,1.258329331193535,3.311773325071125,517.884962300251,0.8359901481513008,0.18978729512257334
93278,-5.99318422952593,-11.714349955618454,0.34820585777512975,1.4300715514415596,314.2380283680466,0.07095289597527099,0.18981444904581007
93279,-6.204866344682514,-10.767837650611623,0.7456495142631473,1.7677941866211242,467.7686493345353,0.6019961936167455,0.18985761404577525
93280,-5.084368670354144,-10.655045470811254,0.9281077205173285,1.19188092401917,305.1360451658766,0.5229780267803745,0.18986268230012837
93281,-6.130741434471986,-10.823782372596266,0.7356393805392744,1.122157170297287,468.2224858968193,0.34508456883298244,0.1899089094065062
93282,-3.314632706657557,-12.084791684549158,0.6281993745945259,0.983063707597911,197.57081981617517,0.7888406926431921,0.18992835942447742
93283,-7.0736196330945305,-8.227981633251245,3.5485950259914594,1.8627202091921713,446.40566831932887,0.3130249703725543,0.18999337489580806
93284,-2.906043944294103,-9.163291748176903,2.207738588873163,1.3658544592513082,468.15010060673234,0.19709290766743592,0.18999665162069113
93285,-4.096342968274991,-9.379037470905082,1.898744307922544,1.0794259411997424,256.2382679357392,0.10111815726100293,0.1901710117564764
93286,-5.6913266106104174,-10.601755454321324,0.9377214567085135,0.8079576119534849,234.615677496265,1.4612590922623285,0.19021426160889182
93287,-4.916277909725376,-11.504942996108687,0.669167577950635,1.2858914868286861,291.9886170949132,0.12471518878164733,0.19029700991456322
93288,-6.917195878351521,-7.9996743568111635,1.1993282232010314,0.8994066371136016,467.5919059228658,0.12253689685385716,0.1903454989198766
93289,-3.2806477729380648,-8.67190051252997,1.6425600626991048,2.1912983902654717,418.8475522396199,0.2965354375823219,0.19035016509167738
93290,-2.526006609164063,-12.063871691564152,1.0894484140429208,0.6270078562866536,191.95310220400907,0.558567246293638,0.19035356501807096
93291,-3.4816196865809577,-8.740662548625952,1.4742043443620287,0.4940074419855786,119.62535014955557,0.23413146642163962,0.19040950955993335
93292,-4.010688795603029,-9.750435792108807,1.5283914276815669,2.822506640009629,467.5731968321251,0.5366962751942195,0.19041538737637534
93293,-4.65724237370611,-10.323284596950073,1.1390599279541789,0.8454476605355407,187.22962908801335,0.2033895641678951,0.19044343926731258
93294,-6.0407789258056575,-9.06587520451742,0.45892070187385986,2.1572622572082922,420.0702757386171,1.5762851359729524,0.19044768760115682
93295,-7.868978083616737,-6.220674641855852,3.4028704870891615,1.341283645005223,309.27736119518266,0.25511772523511667,0.1905000777374127
93296,-7.633711782883282,-7.672253672473119,0.7706238833575493,1.1604454152895385,276.16202119915636,0.23932267319278644,0.1905098770383124
93297,-5.4472871631467426,-8.456179673400904,2.9104121169731707,2.028079237647629,405.5646120636619,1.3333683989647716,0.19056445174913741
93298,-6.944350362731076,-8.537038642897052,3.3004456491241267,2.231525208535571,430.4421969473146,2.0420212471769466,0.19058071624820166
93299,-3.432269325772973,-8.934192238958094,2.3563430521924484,0.7405589789767597,145.3536003438326,0.016486242530468154,0.19070972830875407
93300,-7.8841877061003425,-8.215309972272388,2.4839393049568077,1.1309551571258094,468.13266121639447,0.4986265339133258,0.19071002841456333
93301,-8.599061467228033,-5.638127908678439,1.682641301898788,1.1084108059171403,292.38646002826573,0.4951664759769985,0.19071759828573898
93302,-7.017060997307631,-10.180315777718047,0.6133691190546456,1.5148548871619056,358.3738534342091,0.3509842751858345,0.19073640349142973
93303,-8.362318221471734,-7.907670078909755,1.1729050238722716,1.1010601280048526,468.38496741389696,0.530648435577306,0.19075554142807066
93304,-4.920429027456894,-11.898472690024338,0.14106547942637956,1.8436963473258403,469.9272700576137,0.12422085679798123,0.1907603913852086
93305,-6.222421253207635,-10.415043690505385,0.2459415479250785,1.7973234808757461,426.4380756706342,0.11048864226731947,0.19079454294767265
93306,-6.582766323966636,-8.666875400276174,3.2471479768449054,1.2019914071491686,258.50889864582376,0.11571011978928336,0.190867873631819
93307,-8.36944129902095,-6.828472741922509,2.695909853984409,1.388024869521041,315.55781988934854,0.29268756735159585,0.1908930147923458
93308,-6.810617969724299,-8.750606351624338,3.101290626119815,2.0497852669508037,391.16833496100463,0.5634252314882806,0.19098012383485524
93309,-5.852521007738348,-9.140313911634838,2.5480081800315832,1.5670417990885566,362.00214986313154,0.2674268613342745,0.1910071897530621
93310,-7.512372117540048,-7.606097828832823,3.677890555485083,0.9333926593435946,143.45528000191632,0.3678816288729916,0.19100771439313874
93311,-8.590828730496941,-6.661526118997218,1.631011957607979,1.065731406165083,467.8475929277715,0.8111771324856933,0.19106730310150913
93312,-5.442409457565873,-9.462961902950068,1.9070358081140582,1.0500668405364266,350.7319165354449,0.12328797301239636,0.19107282384814428
93313,-6.535397902412991,-9.015416292188279,2.813813833497805,2.1095025873502324,412.9088595767215,1.3321336038607834,0.19111547296408252
93314,-7.263383842712521,-7.174116481147824,1.8486344987645669,1.1249503335263509,269.16458024599905,1.3288476837101975,0.19112803857287564
93315,-8.635235800374046,-5.158152374213897,1.3480984651323966,2.032278188530929,409.2083865724447,2.1098335196339217,0.19115700922390383
93316,-3.1930822779027928,-8.88654210013518,2.4011858218561044,1.8854077128753233,469.1148560919127,0.07808241202346,0.19122804890020254
93317,-2.5342907465647757,-12.825282107910196,0.9249757859249647,4.470976149664029,434.74921666365793,0.012560485532587151,0.1912352495006401
93318,-8.037209232045232,-7.810603349741434,2.7174051726934607,1.6771636625594428,393.60949958935873,0.4598894197736243,0.19123723275681367
93319,-4.499139671249866,-8.883547566547778,2.4910461989851607,1.36575085558183,295.376245856617,0.4894475421810194,0.19124211903100488
93320,-5.102713483035414,-8.83077788424086,0.995175923017523,1.2367946957748595,258.62129478381155,0.8655923292882033,0.1912642726132823
93321,-5.39750830932508,-8.356484686651864,2.3937855819408935,0.8355627039819877,467.9790878946388,0.3667061520303818,0.19132056885854656
93322,-5.906961360751356,-9.507848208571632,1.9077378981511872,1.25414956823718,272.9816037241801,0.06948050015549612,0.19132584453397974
93323,-3.6049305884306273,-12.733275427022358,0.5883886444834977,1.013087611581679,231.3768621726512,0.4096571338349948,0.19134442774368926
93324,-7.636094558221501,-5.819812781126813,2.5416283605769525,0.8527827530452191,228.8710757689559,0.5413260351432259,0.19135521644496672
93325,-2.7589921659510095,-10.522990403411008,1.0829357976132843,0.8464290954834609,174.76105874722546,0.06400641079157232,0.19136228791845608
93326,-4.283725014636834,-12.590251620756176,0.5887708647269521,1.2582177166881037,310.6223900504456,1.6152728487660521,0.1913639644106165
93327,-6.938899120128208,-7.713113510595549,1.703440794010869,1.1927137052484225,253.47970897412696,0.011037280634840663,0.19140481074418753
93328,-4.122350180395136,-9.440650913550414,1.8251210224499486,1.563522259851422,468.2579679516008,0.20819682550308194,0.1914226287859262
93329,-6.1418684024721255,-8.066378487059309,3.0297696541137533,0.6926170210925129,182.15024185008062,0.6032192502665286,0.19143452251728763
93330,-4.579251843604491,-8.559960985602347,2.4488829949807296,0.7211219531389488,191.3280021116591,0.5053950250883359,0.19149193105081533
93331,-3.8830932961670293,-12.557170728608614,0.5949042298291622,1.7196634558104134,405.018501628224,0.34203630219817427,0.1914968731567139
93332,-7.782306666749328,-5.150834957002297,2.7184185054928247,1.0764337602047418,280.0537373349007,1.5623209769833002,0.19151246606616357
93333,-7.34982645744606,-8.499621495957765,3.0007416226540986,2.2934101869359833,435.5150903827482,1.6338813102720122,0.1915145713238104
93334,-5.386628542281143,-8.836243311112446,0.858973633153309,1.1123223954105124,464.0778601337579,0.776380233112044,0.1915974133563433
93335,-7.4027574526788404,-6.684956487374924,2.4676436198672955,0.792458996054038,165.68978210133946,0.9567695964790257,0.19178106908130274
93336,-3.248460467891686,-10.303800119630392,1.1422281944183108,1.7581207109376091,470.30584212424054,0.05270999208141358,0.1918006997502544
93337,-8.375915176849466,-7.727490175296509,1.6914835396723287,5.198972124813414,347.14884231934235,0.16359333711169288,0.19182306009576183
93338,-6.459267840375384,-9.808480178049518,1.5100784613429867,1.220283327563416,304.68092123866836,0.6333728920475972,0.1918315193993654
93339,-3.060114827956836,-10.752549543230915,0.8981092003968791,1.7213997999458364,199.18545827868996,0.18686139177097427,0.1918361679734586
93340,-5.762744949049234,-12.003688361395904,0.5216210854004919,1.1564998118125465,255.04369551057616,0.07357455235604071,0.19184984050990486
93341,-7.168158103974372,-7.180616554274143,2.984293765885916,0.9104273209544962,242.29892558230335,0.17691099715463743,0.19186485863188044
93342,-2.5419580078191375,-10.293784872395666,1.2744140030418645,1.081732654151269,467.6272618311178,0.5624620936040108,0.1918893045313261
93343,-7.394564340807238,-6.765674972527797,2.108732753118229,0.6869069617801801,211.8732171234465,0.6969950003446046,0.1918990959737711
93344,-6.780857233700554,-9.840344711080206,1.4031383318486634,1.157206793848722,297.16148977610123,0.9589421026140803,0.19190497448760224
93345,-7.952709300271663,-7.500599705784148,3.2292281142914483,0.6665928298209941,195.4346439911369,0.7103461109670492,0.19194319044521083
93346,-4.675735274989052,-8.543567326828963,1.8908962451368359,0.8086508090763067,209.3749068088601,0.41486015202475546,0.19194500754323848
93347,-3.5430355899785573,-10.539322642740082,0.9803215823594568,0.9351627702231575,194.2314943435131,0.980956016881728,0.19194718198127242
93348,-5.099946763030639,-11.263382385012745,0.7065620667475107,0.9170176160297986,244.27930881697,1.3877292057915565,0.19195853470157095
93349,-7.4159428135348975,-9.096355631037003,1.9533976180946595,1.0538041546025272,285.3269559635046,1.0811491814004048,0.19196796894849574
93350,-4.997283552843038,-9.297725324980291,2.0910808378978905,1.5642531305693717,369.31633711854744,0.5421831443290097,0.19199334182359215
93351,-5.7766273352618205,-8.533298350756287,1.373781076129349,1.793224132550627,467.725707227333,0.4480875689750379,0.19201091454763722
93352,-6.89178384841197,-10.300142587684379,0.5015203536104395,0.9108283355259131,240.92617246406107,0.7560054535202729,0.19203716316397804
93353,-4.423580184336588,-10.80968527701617,0.12000913753300363,1.7349019038679425,409.8790524303297,0.2829008307088925,0.19206719858941904
93354,-2.972998964749298,-8.957562218838866,2.3163311446327017,1.019207038863572,467.8993436061455,0.8111569015997855,0.19207818697803772
93355,-6.6673580330369315,-7.906337119441687,1.8390873414220748,0.9192434436541695,143.2518596735374,0.15540023384109514,0.19208921746686375
93356,-5.6498273522655715,-11.052216483906319,0.17527760552298596,0.8888251107647525,187.97060177621574,0.8194246989164613,0.19213077790054567
93357,-6.344647243019689,-7.931642559312284,2.7616012867137933,3.990655368234886,350.84803285552107,0.12224829384887581,0.19213169619460238
93358,-6.173121632861347,-9.453077769121334,0.27918289767444543,1.2389716390552274,259.3466489997634,0.8294833853303389,0.1921319351688538
93359,-3.0588251185308835,-9.019852117202287,2.306679961464147,0.8783542514904249,468.36150475556894,0.18699509679970294,0.19215064675508664
93360,-2.5409987785532806,-10.273075387850984,0.9507008392560647,1.7593379000843252,417.3065937151913,0.4728945023557021,0.19217042903808845
93361,-2.6693784929882733,-10.574342940514512,1.1670368089753917,0.8090058974395642,196.84320691970507,0.7074611809923228,0.19218571843796908
93362,-5.104122442089939,-9.13443226736516,0.5562646695974806,1.1303597360332,294.975747221373,0.8811482307294742,0.19219331962989425
93363,-7.4813185622397365,-7.419315342575609,3.7320062469974253,1.8224513268307219,440.74469238971784,0.15847118455071563,0.1922377839830228
93364,-2.8616194678456184,-9.470717426827918,1.8948625822287488,1.7391427478177877,468.7386440751027,0.9156709847107303,0.19224140676763415
93365,-6.403391827159449,-10.06809548756485,1.2760303487369637,3.8713514022539646,559.8832346046217,0.9322639171256428,0.1922621462611911
93366,-5.040997702824026,-11.421785447992212,0.14362583906983384,0.9150331951474447,248.25436626825444,0.9173793074126033,0.19228213373975223
93367,-6.919059758761592,-8.22713174146983,3.5969151292544828,2.7638579760160167,220.89591236399647,0.3339603660647965,0.19229571523405448
93368,-3.8877889299191146,-9.288084132667816,1.9898978831246459,1.2349792915122213,144.41449198233792,0.2840824038474885,0.1923022383112603
93369,-5.5115398085474085,-8.747632375441828,0.9997156825654828,1.2997704202469245,316.10233618058027,1.3832075673832502,0.19230529673815364
93370,-3.1557804279456816,-11.414456461566674,0.7097706148584685,4.813427041104976,610.1709022586649,0.5036588844512178,0.19232510281517792
93371,-3.536789457177645,-11.661877492450563,0.6629325460227249,1.1592667930120175,469.3734414001011,0.04373016476008207,0.19234097392287705
93372,-4.44113733510714,-9.69971645637363,1.5811208908545447,0.690243457062954,129.95640663449592,0.15698172174346858,0.1923444724208114
93373,-7.43157523962906,-9.458871273177031,1.3243683795954164,1.307220520836686,315.3511040020107,0.45662997989265897,0.19235530630301714
93374,-7.590021286178404,-7.537358655325432,0.8091513296718222,1.1725924115256416,467.97703990835606,0.43057682946902087,0.19236202252531898
93375,-4.332423690074924,-8.922774810452147,2.4320958512952786,1.8344921990676064,467.8688300050773,0.5643228747214009,0.1923727906039206
93376,-2.9869755318462357,-9.48127899940642,1.820630928553289,1.7686193170784323,377.5090914470792,1.667836127269534,0.19238565117442133
93377,-3.1993738684344457,-9.505558508314909,1.7525516599101998,1.1657459051158279,295.2606105245784,0.5392782783265728,0.1923882860475683
93378,-6.761916769267538,-8.0335291953355,3.672231374103914,0.8769676765622157,467.4314043105741,0.5407546677983452,0.19244549472149589
93379,-7.711411448735667,-5.015366166610535,2.0855804104306253,1.149551240107613,191.16013292525835,0.02211508566190723,0.1924581255675133
93380,-4.424439658112639,-10.765753001469587,0.8671895709893124,1.110627053097638,279.6408371713751,0.9766333727684922,0.1924717708457833
93381,-4.392216555693061,-11.011290273771547,0.11826326738142219,1.8788820235472194,470.01324933978225,0.05260567541491401,0.19253835636381406
93382,-4.45453901400052,-8.783576117379067,1.3261097061810814,0.8163649907513773,464.60220554275594,0.0972192040407478,0.1925418384022656
93383,-3.479999763897953,-8.645440565134313,2.31147908666317,1.8406301350170542,467.50331086724253,0.9248194435078281,0.1925869988362075
93384,-8.00256819763044,-6.005690570431182,3.2493745799023053,3.3767087092269774,517.4640192484799,0.6050680221893154,0.192597894941381
93385,-8.562429532854889,-7.185614314933017,1.4028651682555773,1.1318909244076707,467.4467903155927,0.3089383717341274,0.19260097136463064
93386,-5.453590995527985,-9.66329207521846,1.661544412693738,1.821295822916808,468.10854690536974,0.7356747069226701,0.19262299844155542
93387,-2.576703780056766,-11.893212177085061,0.37158911004323236,2.0076826590526515,390.76805977657443,0.25139694982262295,0.19263009460482428
93388,-7.576486904254811,-6.2052410438090915,1.7583083376263624,2.7849460497197045,479.8449180624045,1.3461950108876017,0.1926375843262509
93389,-5.178519111309191,-12.32555240762375,0.5653296928778277,0.8493334276048262,180.43221648487082,0.359078814526697,0.19266107116731693
93390,-7.700416564007101,-5.56856005825842,1.0422452659013113,0.7899667471317371,208.13454530126157,1.206433152060077,0.19266563987848925
93391,-6.300616339621552,-8.78303785553829,0.651182297736469,0.7939057587268892,162.80113788708564,0.5528381978564854,0.192704110861419
93392,-4.551888116577159,-9.05922059524702,2.347099358149227,1.0013166719208642,271.7874263499893,0.391609516465274,0.1927586340649194
93393,-6.826461955784932,-9.330965046415354,2.204225379689906,0.9697659212517843,167.7983715644894,0.15413196436914678,0.19282772607114224
93394,-7.553808977573541,-6.7540850103229015,1.1283946662686883,1.2123163927606049,257.23617688743735,0.09832885812071535,0.192829209247452
93395,-4.248142654835024,-10.83106375743766,0.8359573311138804,0.7587447328959344,175.0357075585745,0.25055089178418566,0.1928474618261465
93396,-6.787643322500622,-7.61037236766769,2.8328419704323258,0.9564580933369853,192.2731892204661,0.8726170500856947,0.19285844904905974
93397,-4.491744582637432,-9.096973720273887,2.2902426890547627,1.164761390653069,297.9466852643088,0.8805967617098132,0.1929155754497926
93398,-8.043044874015047,-6.522132849868653,3.379714328545548,1.1109356559359462,264.7574743614579,0.4115055130171088,0.19293499188701857
93399,-5.163581772839072,-9.130203900299673,2.3691300475210793,0.9700258994699051,469.89146627707674,0.07134183703180952,0.1929504540634999
93400,-4.712148240743841,-11.086092227866132,0.7537024405115124,1.1194784451388964,253.02371304272936,0.07609529605181553,0.19295360384698143
93401,-4.880675784335055,-12.408604301442058,0.5754658872603766,1.8625112598056912,467.79351191927884,0.1978986156330267,0.19299504842077414
93402,-7.0401043127547425,-9.310950884536418,2.0703976586919155,1.67671501128804,365.5378838944483,1.7908132385474085,0.19305028841157473
93403,-6.0074610498146725,-10.629518177470672,0.8646058278991876,0.8371121331740045,244.60112798202078,0.600335895793811,0.1930844650459846
93404,-5.572033650294942,-11.1869251362651,0.6877228179421738,0.8933760475971049,186.63676708307375,0.7392847783840795,0.19310041023701813
93405,-4.270676885537337,-11.338904392969372,0.7059801198562659,2.2144576870633883,290.6430390637121,0.5105055626843251,0.1931414180924968
93406,-7.720784383309656,-5.289684234943964,0.989771069252117,0.9906536860508774,255.17486176584882,1.203754513528433,0.1931653019353921
93407,-6.49557863595844,-8.198397782698347,3.553945874821375,1.3977343564298805,327.3574235567244,0.2135053725540077,0.19318798575859542
93408,-4.9309923938140265,-11.695501762273915,0.6359147712937878,1.3590031556585065,296.16214887817404,0.29225680002927756,0.19320025618643366
93409,-3.985172883533873,-12.883213460772046,0.5770829114231936,0.9454609040750753,207.9572766078139,0.017109643532566388,0.1932074233963667
93410,-5.315290097139313,-8.409992045292036,2.019748848059633,1.2089160399261647,467.5018351161113,0.2384720715336286,0.19323305818964198
93411,-7.130807752035016,-7.797839213663768,1.1437893069858032,1.053762896796543,237.07233204751645,0.35734538596244647,0.19325174456178154
93412,-5.758630947029301,-9.237527460167156,2.3617365053691435,2.5108006562031497,458.53409269337425,2.2137065042921593,0.19332613902880105
93413,-4.193629823281312,-12.025833897604201,0.6221943235825318,1.6415901117172649,386.71354023117357,0.5809532204992829,0.19338338014446443
93414,-7.557868256721394,-6.184518610811564,2.051332352426869,1.8981552856606223,464.48700754151963,0.6003003637055153,0.19339035774875152
93415,-6.3638866881746186,-9.242712761066631,2.4699689273452656,1.0919132528311721,281.98269333797424,0.7891871461990423,0.1933999883604569
93416,-2.596794067237468,-11.036063718904666,1.1856796620679297,1.3421266704315344,394.674209387853,0.5700642979733139,0.19340131271556715
93417,-3.325362775912666,-8.706019875760962,2.3610967783980623,1.4985846005391805,467.9263243824447,0.5456828440821218,0.19340983782073853
93418,-6.132867572137604,-8.883192390817479,0.6019506115671741,0.9363534594992883,184.20224215016563,0.196963628879967,0.19342325471252136
93419,-8.198021430083077,-5.989561091728477,0.6211718765373947,1.2644252389446502,307.82402783315325,0.8061575789020727,0.19344424570517757
93420,-7.181919470806175,-7.546687203018725,3.684154329344007,0.659099316351644,156.25481077951224,0.10626555338960042,0.1934784236052266
93421,-7.915101749212212,-5.15117614707367,0.6044111458144694,1.0845981178188249,467.4699176151355,0.7575068662774713,0.19347845076210887
93422,-7.934145118473069,-5.324626565658919,0.5904828638201919,1.353476162463684,323.770665443927,1.905593214589616,0.19348200454609857
93423,-7.511591364324905,-6.388245348010732,2.074250726410012,1.2664360849089291,238.2195473256621,0.09543859010301592,0.1934893393523607
93424,-5.797573475796213,-9.291204269478829,2.279606327625724,1.853818423230596,467.43256859409905,0.7557424967381587,0.19348987638203338
93425,-7.7150204250552985,-5.236989546386221,2.3551345250232285,0.9893891730421435,263.07335063545133,1.3505301305903545,0.1934901905456215
93426,-6.745174510864334,-10.310535003434735,0.892376221433353,1.3542019037834299,322.25942522235954,0.949897926743402,0.19349363636864464
93427,-2.929215974716702,-8.771824787881393,2.1564101866537086,0.9288542907631369,468.0406404326815,0.014485996829730396,0.19349726109093038
93428,-5.424062676874431,-8.606794279828343,1.4151943746004054,1.7926703848791299,376.8862470387376,1.2397388858716427,0.19352485590748478
93429,-8.568857594222871,-6.646844610499375,1.7566425070782579,1.4328878722319136,334.588892692037,1.837500621283966,0.1935846242298875
93430,-4.9948896471457624,-9.056833111648126,2.4299805648762405,1.0249980885887173,269.1687442334683,1.4620225109665386,0.19361778750981926
93431,-6.3810095541516265,-9.463826413461717,0.29145912827311177,3.478380302395047,400.37141352057176,0.02547990218579077,0.1936196884926675
93432,-7.502152517376069,-6.505918948753676,1.891286637294899,1.7739560961100838,468.35600336841185,0.8133679244417111,0.1936553463640475
93433,-5.976044813176642,-8.19674452072433,2.104194915080741,0.883372914319323,235.0646874400701,0.24062349081620038,0.19369196898552632
93434,-3.5296091480731775,-9.184805327381529,2.094330139455147,1.6128313545221726,356.296878649296,1.5258910270972583,0.19369765864676355
93435,-7.730228771737728,-6.278094757053369,3.3367104545398174,1.0697948621849758,238.80459499857557,0.639437633891224,0.19377779498081985
93436,-4.03768353038703,-8.764912617974034,2.4487510149724,1.8137511757214007,433.04270578211566,0.780718177865384,0.19379235567908099
93437,-6.696039086076265,-8.03483125822314,3.633695670470009,1.2442468169614642,241.19421334917163,0.004309840688702771,0.1937971951875493
93438,-4.387047826120377,-12.49653983071623,0.5876205954335452,2.895813964031179,491.92141981220396,1.84038165627606,0.19382601584263834
93439,-4.560854309970832,-8.553262490386903,2.3794002586152683,1.2477964329876965,260.5222685154024,0.80001755097138,0.19383642558745176
93440,-4.755539729310748,-8.827157992826443,2.5765746941146563,1.897532882310454,468.306449808034,0.539321638278663,0.19390128343922453
93441,-7.728958780154361,-5.153156691998978,2.4595309582025413,3.1372504084488435,275.73494819603343,0.49178585500539995,0.19393367378265539
93442,-7.2298255327328205,-7.306551500897993,1.7366956328436003,1.0517539650964418,193.25040216789102,0.30332436869824253,0.19394907833289618
93443,-5.687690700348942,-10.453991752126123,0.1691646694091927,0.7934613813521812,468.4198046276751,0.1760030786974296,0.19398306260786435
93444,-7.861108051548869,-5.491277500968488,3.0176205827547515,1.552779951223622,355.43254186657003,0.08584222116874596,0.19398911725969928
93445,-3.9454296164610394,-10.718071621461503,0.8842381736720265,0.8470620703313045,222.7393757169712,0.990149578697479,0.19404083291865767
93446,-5.256017818159295,-8.931946087701672,2.6205485911164357,1.5481870021297315,351.5733247251338,0.14691474837975171,0.1940676151262887
93447,-8.381481953847683,-7.2011281877578845,2.421651672462392,0.9716298412159159,252.9186511396132,1.471627143114227,0.1941330397609065
93448,-7.4384690096754715,-6.945966257561413,1.5625778304617621,1.8658534216987024,384.70711513756396,1.2872661838197645,0.19417451452450005
93449,-7.150087463903404,-8.861105560539453,0.5566311422698105,2.6769762962660684,473.3871032504382,2.0182251017113995,0.19418060772233592
93450,-4.162170999795417,-9.270719022263282,2.024304733667324,0.7579134356267188,226.5836099830979,1.1720472916782114,0.1941875557777349
93451,-6.562335409710145,-9.23482784278966,0.3586832416620976,2.0238910167469504,407.49155583232624,1.8364197794292858,0.19421215884811874
93452,-2.529446352828309,-11.92916405107038,1.0664161133368462,0.985089015639121,251.16857186679383,0.1521939662034466,0.19421533598765456
93453,-5.881071075425478,-11.860068787028828,0.5032502942770246,1.8259715418754958,374.6533941991294,0.3870540162488707,0.1943089403423483
93454,-3.36184835343405,-9.004029656766031,2.2885680643283157,1.825338735195778,467.9925684554002,0.6236790631144293,0.19432835331400564
93455,-5.335717966189599,-11.479848572934205,0.6434011848974589,1.0678988432431513,194.20593451013264,0.0978560664665844,0.194328971759283
93456,-8.002763522847788,-6.881004933984428,0.6768725892973463,1.2319257846334324,366.3829315827315,0.8765364464333638,0.1943765401044794
93457,-6.919785534105423,-7.55474027208132,3.2910995001722942,0.971527489154482,468.43326937627904,0.3295911219647323,0.19441256190187478
93458,-3.5277735235172862,-10.456464663210284,1.0213583840054778,1.8517667768658868,467.55418055813635,0.8099029488367551,0.19442822281437663
93459,-6.080882268043823,-8.113756323463814,3.010115907974755,1.0780957563053648,287.31290310614287,1.079463808861207,0.19444482710043717
93460,-7.646452364388584,-5.767931771941787,2.47267676101077,1.8263233362517373,456.5905970844664,0.1544687193914882,0.19448549673775686
93461,-3.5739248667671744,-10.330110973901835,1.1140837729191169,1.0355095640145082,262.06496568840333,1.1787685407125172,0.19449432361292637
93462,-7.455972639867591,-9.584420490633686,0.8707735946409565,0.49468388440389,110.50307008531132,0.24610398226477326,0.19454803284454758
93463,-6.714916016178475,-7.722970574819345,2.387306031559442,2.2197567855368305,426.00045143145877,1.349146972815368,0.19456299518222195
93464,-6.190117350030269,-9.57683219717422,1.8002972179794265,1.0833783574348428,280.44118652582944,1.4296046974855292,0.1945644585836394
93465,-7.808887796510274,-9.007513228612048,0.9385041743851632,4.116102648020772,575.7425441492816,0.9032843445527767,0.19456790354377582
93466,-7.259535066884746,-7.843636536879674,3.6876888138275494,1.6063970087539305,467.9576249558595,0.43632460909179915,0.19457699057185376
93467,-5.960730081122067,-11.701635729689276,0.5139908235132374,1.2597234259583456,470.4509604268454,0.12211247177792206,0.1945901332714712
93468,-5.383711177705878,-12.159551017936359,0.5588759903172178,0.9882362402780002,466.46307099266886,0.7015894076698919,0.19460070775444177
93469,-8.03561579506429,-7.617436490770029,2.9444819637394213,1.238294982678308,273.51070568736736,0.6572491738650479,0.19469221892034186
93470,-6.433772738269559,-10.412154097415202,0.9685393609347036,1.1297456908847237,468.32296588779036,0.5069124386183672,0.19470171822720186
93471,-6.624722531883388,-8.015274152418442,3.5879964243126974,0.8463934404488078,242.16602098351365,1.1147868006665131,0.1947080690510777
93472,-5.213138599244313,-8.59102551289321,2.7661356048226,1.893715221217921,468.03804459121767,0.30415234690949156,0.1947278840539571
93473,-2.674900193298626,-12.026694686394741,0.6985630313993291,1.7232777361027052,468.226093368879,0.7957098033446881,0.19476153798819673
93474,-5.843153140283067,-9.197018261951653,2.438448948517309,1.1181145858353811,467.8734990914621,0.22965403277306606,0.1947701569764308
93475,-6.23684263130591,-9.511871146427147,1.918641070489378,1.8613863648562505,445.447249396445,0.49941534668881893,0.19479380613037175
93476,-4.633587742562724,-9.430122386333204,0.3551397203089727,1.0797505852056624,229.59486810829475,0.2761351932492362,0.19482619707240137
93477,-7.8135444268032614,-8.16011679884855,2.70417844913943,0.9355603290860862,467.20975803303315,0.6168058292848642,0.19484887163627848
93478,-3.3179851723173304,-9.658605180111419,1.5930612174063916,0.9826081906737449,271.9717945066985,1.737113812488622,0.194855894465791
93479,-3.340129074708118,-8.898070908747957,2.349195197139787,1.6970943457730643,398.6767967992164,0.771504317839443,0.19487993861553313
93480,-6.320211076214445,-8.473180644373269,3.370595554614758,1.8682785209022388,467.6227181439874,0.2998039601331808,0.19490049514839727
93481,-5.656032921808827,-9.394667843695485,2.0318965437132515,1.0416860111368411,273.52105796104996,1.2581685223117374,0.1949162122828365
93482,-5.316553217257104,-12.989441574664182,0.49836904258232745,1.3260611052950448,320.5356801637381,0.5486220092863681,0.19497898001627592
93483,-8.24317483008521,-5.820905948480865,2.910020353483115,1.506100614870685,469.3842981574168,0.08164159789610625,0.19498056804403877
93484,-7.921352920413516,-7.917819915373552,2.8185285157138567,2.4810023285850877,455.2279532814686,2.037423922982808,0.19499836823577602
93485,-5.258738600474948,-9.233540277901813,2.217573502235643,1.879493205915332,468.3317158852593,0.6239916024808867,0.1950077858837383
93486,-7.47790320767435,-6.709234979549896,3.2533515210368424,1.5225290172014578,468.7870541809521,0.2588599381680572,0.19505857725506384
93487,-7.347447192156296,-7.820079156445224,3.6565452369029914,0.9697245800283845,257.05892536182574,1.5232625560596178,0.19507602420749562
93488,-5.604131204071934,-10.254665556546621,1.1851160500723754,1.103713165112974,284.88869414617704,1.5817707508124519,0.19514081186758675
93489,-3.927259132947876,-8.7020840702288,2.4166185953797807,1.001962831465197,260.923091820746,1.6337028132473783,0.19516965523875862
93490,-6.711024601864685,-8.430489060140342,0.84860936042723,1.4048329217879132,468.29393637533263,0.10460415540474255,0.1951793393008925
93491,-5.994587135323989,-8.201351187465953,3.0869296753034603,1.8222585432406306,436.2993369985491,0.11494458280755726,0.1951968223553411
93492,-4.615893619687258,-8.739280243437554,1.4030871492873633,0.9879692582542274,467.9779536422141,0.7608713963726812,0.1951973154944626
93493,-5.672558764132705,-9.88840923879133,1.4456407229086177,1.406533516083185,337.6365398600219,0.3903723158658954,0.1952061527343883
93494,-6.332846721078548,-7.956603435184843,2.665566535627127,1.3823081531283117,467.95910808331087,0.6946083322501009,0.19527261479758085
93495,-7.738116015417944,-5.03907835433563,1.4803447638004343,1.9082579588893593,468.1629589315921,0.5794271299938085,0.19529451369086923
93496,-6.070318666463202,-11.708311996659642,0.41503805562385204,0.5431832230447529,152.66500217382156,1.0812208848041251,0.19546370426701912
93497,-4.535952009915394,-9.701078169636531,1.5734836313710083,8.38184611279188,713.5682847122265,0.2418850853249328,0.19551981597814705
93498,-4.131921339756824,-9.273491638973491,2.0001482996972553,0.9661050544249538,235.17160433287003,1.0623731707892077,0.19552500227496208
93499,-6.328755088925256,-8.5312629423089,3.3231467354104796,0.9153320711441404,233.67416647250934,1.1390292742679469,0.19553237265404286
93500,-7.152866777157398,-7.2234968123749175,2.4217315888284108,1.0695868137014142,178.4189724549103,0.12822360471394845,0.19560144635416296
93501,-7.873522376593181,-8.39259347085931,0.6899248823155332,1.8626130359817117,467.84323381059227,0.04033148067261205,0.1956104500889743
93502,-8.039479991850692,-6.048627735304778,3.224859852601422,1.2317387514250777,264.771114716601,0.06908798670118443,0.1956248205918283
93503,-3.75647128141949,-9.640736977990452,1.6081515881506918,1.8442944576478604,468.64914986824715,0.29042115423695325,0.19570353267950763
93504,-5.892472892408514,-8.76160089111022,2.987893999988738,1.4008642831780984,332.6394841907623,0.5506039888296081,0.19571317566816446
93505,-6.248464283014272,-9.326640639063317,2.2959064877796056,1.87261743351105,467.6907407442514,0.25119716860740837,0.19571551768749634
93506,-4.447421646856674,-12.362971794130072,0.1290320079358515,1.3661223499970616,330.7486810218576,0.28687044837917863,0.19571929269919894
93507,-6.974504159392603,-7.639507115910534,1.8118972187995859,1.0274104194502822,274.8270119245274,1.3783007847274158,0.19573892866147943
93508,-5.671881810936961,-8.33487987146566,1.9766827883264548,1.2998705272149425,468.4835144920145,0.6540341436077748,0.19577300262707148
93509,-6.563129457417121,-10.39766506004909,0.8878613065329252,1.4383133782076136,261.7562387758163,0.03486572385004205,0.19579473119371033
93510,-6.657594570991837,-9.448752123157481,0.34003520398724835,1.0116879053028789,271.3057973483409,1.5149456036998368,0.19579934947158326
93511,-8.300473027742674,-5.704650287039956,0.6207484940753786,1.6376888214090104,359.3447203521742,1.5084910231550586,0.19580267798119402
93512,-6.460012554333901,-7.8997527112961645,3.1482821538669077,0.9980972870264204,275.83623112277286,1.4297239456684574,0.19581728548798752
93513,-6.169130165750849,-9.438931625099299,2.056004576671281,3.8533230742494915,551.8361263783745,0.410856560550414,0.19583414251587453
93514,-3.178593133254026,-9.852068239183101,0.23786553409321953,0.7486272444047922,152.41602176928362,0.07874268311159849,0.19584255841786172
93515,-2.7935907044850294,-9.584790940825963,1.793912936032864,1.1476959025420246,295.5196668913025,0.9945984737344586,0.19585389239544623
93516,-7.3315771237456655,-8.310414508540422,3.239764917505275,1.4296511068846942,468.03080702965195,0.578363648059649,0.195903341126074
93517,-4.323610835137196,-9.263263418166277,0.4979657439346625,1.814937161003026,381.751328676339,1.6670181449211352,0.1959083580090672
93518,-3.134728146679291,-12.15281641680109,0.6217255310818857,5.6393118725640266,465.4785009190057,0.011971263976835012,0.1959360216095593
93519,-6.954295766497678,-9.933211754353636,1.2116095852738178,0.9237579961714693,243.63525832073316,1.1175617791467856,0.19593624292176848
93520,-5.483393180357469,-8.774848399065695,2.8294963343165964,1.0401666193155612,276.05279216498917,0.8551071447204688,0.19600889316273612
93521,-3.4161910152809005,-8.740265479432455,1.539182193203459,1.7689266665039594,468.57145737232435,0.6508986801386198,0.19601260975147028
93522,-6.204930543460127,-8.02967834663762,2.914678229538508,1.2981939826472648,157.31371605971847,0.25784506359056625,0.19603736813914646
93523,-5.347032645793705,-10.816326399739834,0.8106993203598136,0.8299751098099546,186.63960654809827,0.22974274946746576,0.19604139613326438
93524,-6.615577500999924,-7.766535522192521,2.984604511826612,5.410225708185424,572.8544092441417,0.12949631765135994,0.19606127143434265
93525,-7.283644246407569,-7.283038729654246,1.6295289588329638,1.7170610235645654,468.02085535981877,0.8987483633547262,0.19607445560079675
93526,-5.42114509863855,-8.819621781782276,2.76076591700672,1.825095054940491,436.73162577823285,0.7114160631528215,0.1961025925863744
93527,-5.606004548285501,-8.654972474774652,1.2225748351254226,1.1381566529466298,468.33508392772,0.4693599197572711,0.19613770507029638
93528,-7.656042103981125,-9.143184703288945,0.7732187172603409,0.9287103292709076,242.83761576174314,0.7174989449608118,0.1961501319872209
93529,-7.7856126465161495,-6.366970681163076,0.7620420842830302,0.8192407265746846,227.98307033427247,1.078591160313306,0.1961560888868307
93530,-2.552198460653596,-10.314855386258808,1.4877375149501133,1.2737038010506874,279.3871947772204,0.5677692381277533,0.1961601201438084
93531,-3.524590726228798,-8.623494440619321,2.165685604715178,1.8086113443343754,468.8647564086962,0.6053682774608573,0.19617431382045777
93532,-4.603856687256622,-12.090397252033998,0.6037975467313644,1.0366045077215365,466.8709501008435,0.8958046086652125,0.19617797678497695
93533,-6.849759708975736,-9.163829922289175,2.471244116875503,0.8816884566062163,180.61505461714975,0.04001622350613854,0.1962293655047252
93534,-7.654921604067549,-5.646369132926822,1.8694709644150223,0.9651602212018999,239.52002454209023,0.08104198798115636,0.19624688396053008
93535,-8.287571383144233,-7.306218154050812,0.7012935038409186,0.964452972964093,269.99944594473135,1.795341212549319,0.19625025318090894
93536,-4.299852421265299,-8.580530490361257,2.0036377010114355,1.217704486434318,252.12262574074802,0.6568560671945258,0.19627624257384652
93537,-6.415968775193175,-8.723035877049568,0.6858263422734661,1.6589632737397764,468.140224560878,0.27690101114524257,0.19635756908585852
93538,-6.543676129646123,-9.793218976836194,1.501501883758577,0.5725220613509636,159.85862631552936,0.7038353415893726,0.19636175219504537
93539,-7.71760937727115,-5.131572388665069,2.261344466607506,0.6778717799881439,208.0176553812564,1.3706803909873502,0.1963728952504524
93540,-8.545739614646616,-5.998312830788031,0.9483466029140778,1.683423460543536,395.46298991835,0.3478878131290939,0.19638809298329737
93541,-5.835803218850807,-12.377717414982975,0.420754867305849,1.1088736407560236,220.74380032294437,0.25527366374232496,0.19639054556195143
93542,-2.8092506025709145,-8.90088979077682,1.7436326283622967,1.0138400287283278,274.7181673418372,1.6788759542637317,0.1964172442088775
93543,-6.183101253337329,-11.354682278586038,0.40167812834121625,1.2546877032257335,265.181829013467,0.9625395015455362,0.19643751435787504
93544,-3.1088392087549526,-9.04293058035029,2.2447412724305003,1.3445056271617404,302.51733900289054,0.5919412949332692,0.1965120062115975
93545,-6.179746057560292,-8.114557854139143,3.167361351266055,1.186368885565361,303.7079027190598,0.30323952950330924,0.19658944373874412
93546,-7.736484099625305,-5.2724186732082545,2.4858879545223806,1.0502052812071998,178.3567691345316,0.030356008242990562,0.19664887771301626
93547,-5.836847869655117,-9.258560649614667,2.3274107173129956,0.9378708821160139,186.51086016175876,0.028023034340310282,0.19665445443163754
93548,-5.306695736699306,-8.785845261022983,2.7529541716113988,2.5722957438352116,462.21670235218716,1.5521668680647336,0.19666372745964036
93549,-5.771473129513179,-12.354676570554336,0.3751389798818592,0.9317837357166118,170.5186412602236,0.1371333813733342,0.1966830692103886
93550,-7.715683065780626,-5.017640864175916,1.7188812064305499,2.3722712413460263,435.594978987884,0.9262983314022764,0.19676986998312485
93551,-6.475747963157902,-10.462334291024048,0.8473416482895054,1.8644430974020636,468.01717149619043,0.3758427118456913,0.19679215865607658
93552,-5.5027765711536505,-9.230980555661136,2.2854571871217284,0.9409285905213057,184.55512263775367,0.19386614952529424,0.19679360098098336
93553,-7.973224936666252,-8.721591399751548,1.0892886368232058,0.91614390583098,182.90570804590612,0.5918325813048453,0.19680382399808097
93554,-6.983450999863244,-9.936205197826578,1.1900943426557087,1.0666809574204459,467.29935698001356,0.43851289523231873,0.19682321614440068
93555,-7.151775453119642,-9.09786441870463,2.3284466405155686,0.9973441916097711,266.7686815995178,1.380264441691037,0.19684534699061923
93556,-6.16930590340902,-8.969251389900213,2.8207340613581335,1.3117700291967012,325.05735490140677,0.4024497981741977,0.19685519558062972
93557,-8.527274080948413,-6.210786406340166,2.0576028890320766,2.367638630597528,392.23169905772056,0.1508109411008709,0.19687183897825888
93558,-7.53059803748007,-6.307372016295616,2.3631405554051184,1.7502735801239468,412.927799654832,0.5856766441876857,0.196995819161224
93559,-6.573177220603516,-10.583291671800398,0.6829043180964105,2.8998213959919688,488.78214802713256,1.1488533232054463,0.19700158003943918
93560,-7.654665591785815,-5.947144389468967,2.7761755144142986,0.929823016286634,129.60801671307723,0.31681605778756605,0.19702657864788348
93561,-4.130370110898053,-9.112259553631477,2.1964754894964775,1.8255421963559546,452.3430760165339,0.5559519344345443,0.19705786307404663
93562,-7.484523931759993,-6.606128753023932,1.85484436367851,0.8684779119504565,468.10248812130226,0.7322638053472206,0.19706986059094814
93563,-5.945266392183102,-9.386922947124127,2.110014943057015,0.9687968062025235,134.1659067420519,0.29350567840202313,0.19707191448934358
93564,-5.600956087740684,-12.213283907069114,0.5085096066682855,1.8619984114198207,446.3710345260731,0.37939067243563684,0.19710909410185837
93565,-5.409474755389833,-8.382232641441313,2.130674029753985,1.2940264273359203,467.8001740836506,0.05382566639720743,0.19714482939368905
93566,-4.937053850837789,-12.18822216929989,0.5815710986506838,1.092025245530724,282.399858464296,1.7299077352647823,0.1971887296327898
93567,-4.688672623974256,-8.549857213918283,2.278306140606263,0.8896020995574638,234.00561447402694,0.28431983505246894,0.19719422396920105
93568,-2.5013900602756127,-11.638068505771171,0.8068811031436219,0.9788312684699626,272.16889705366776,1.7591124720380789,0.1972174000803009
93569,-4.29270512953975,-8.588068514133468,2.0222428612948025,1.677715885190871,469.3300952328148,0.11703573313735482,0.1972198913549443
93570,-4.1037006708521115,-12.934906421522681,0.12722681806063954,1.005826560914434,209.66431945561484,0.9748670234406864,0.19722128381074103
93571,-7.453218050545056,-6.723868668947706,1.8369810912199456,1.3538211610496613,298.6803625047399,0.8425832187392341,0.19725190597034256
93572,-8.167265892410596,-6.8885312359531286,3.1521850363765704,5.227140641718504,384.88885761699424,0.14040617939814481,0.19728115549100247
93573,-2.999193824026251,-11.349543785747674,0.7215533752154086,1.4584094821406313,162.08639101881337,0.2663422520376457,0.19731027343177643
93574,-2.740211586484925,-9.00903619319978,1.6297985798935524,0.9778956534913132,265.58676558402107,1.137528214738909,0.1973271590632928
93575,-3.0094843842398014,-9.070260893167566,0.921193716816941,1.2437598509801522,259.1148125266886,0.14905306013180386,0.19733134410495087
93576,-7.603800521796629,-6.718827191069707,3.503466626861168,1.0627157290681204,282.5028208476243,1.4569811151457985,0.19737852569173545
93577,-7.623920828656917,-8.089607645821298,3.121810844304798,1.2308335332319016,305.5943133924456,0.8485362366865123,0.19738286099359317
93578,-7.5663386055253765,-6.7347469166522185,1.1123781176786667,2.7803751097698566,461.4052951674612,0.4402064069486409,0.19739965800940176
93579,-6.361687039542083,-9.095125731147766,2.6732957813757143,0.9675190310215679,203.90030285948902,0.5944121955717785,0.1974265894347609
93580,-7.579640071336056,-6.513824314487103,1.4391546502869828,3.7240046638098274,548.4481738046708,0.8282784109722563,0.19748345489987879
93581,-6.097634850639296,-11.41300632699754,0.5322452018460498,2.0075554363409234,398.24817150514144,1.008272858622992,0.1975331936809945
93582,-6.121709094239225,-11.536729662130604,0.46733395158451574,0.94121210588077,247.81533173397213,0.3825323395367777,0.19757724922270392
93583,-7.6079807795196706,-6.1740053892139475,2.8304090083450237,0.683128128848595,142.54745048281677,0.6410281999748788,0.19758335447554104
93584,-4.180873439991073,-9.56739307181161,1.6765029181854956,1.1787332401667443,277.4528320789705,0.6376620354211235,0.19758826644848104
93585,-8.17944050458929,-7.387616865471032,2.8335429152159666,1.174636263882367,468.58245530330515,0.35088533316514603,0.1975983755081937
93586,-6.431702220639691,-7.8930064872182815,2.728148941952503,1.9089045193840541,467.8173861702887,0.5069387794349449,0.19760601160890665
93587,-4.2539465976379205,-8.835634415054619,2.4300122032463496,1.9462575643958544,384.0719789835884,0.7440137546105126,0.19765048195285403
93588,-4.553507983005478,-9.440204423311863,0.35795448880106673,1.1359437052641226,268.4842799683564,0.3316641329505021,0.19765174552061154
93589,-5.767836763851092,-10.730946351182512,0.8103353850939459,0.8250929248657972,238.50644790517947,1.3246558973979052,0.19769874461671055
93590,-6.573982332140425,-7.8327457512829675,2.432413582150726,1.812776437778358,432.5188962552026,0.42715303595423837,0.19775156484158368
93591,-2.8044117819610257,-8.92543182736773,1.8906265016620123,1.8032120150716406,468.0650367062139,0.17969857854205618,0.1977656518249429
93592,-3.4383059411579966,-12.361807616933403,0.11799743869850018,2.822518610119831,486.2927271625823,2.06592447616445,0.1977870622775653
93593,-7.279494405125014,-8.748149897114104,0.6134484676521517,1.2419770054344204,266.6201483158685,0.007024985607502643,0.19780805618774533
93594,-7.721143755215538,-5.7669911192344125,2.847501978644096,0.697604058534964,183.38438568738002,1.2763840087983747,0.19783341822169764
93595,-3.0484137352396488,-8.695781482430153,2.180827207226932,0.5886274696873913,167.2557100885774,1.2245406462635033,0.19784404279755963
93596,-7.996657698073285,-6.4341471772545145,3.376413791897771,16.429405194103698,819.6640708211141,0.21698691456987618,0.19784770810505575
93597,-2.956390810741426,-8.80887035670732,2.208256641862388,1.0095010175016044,269.2590509553213,0.4708129333762505,0.19785437440882914
93598,-8.01636270479625,-5.033421308801453,2.9290507063326796,1.1985944613254325,273.4557007634052,0.10297730461156451,0.19790427274449718
93599,-7.791773951059623,-8.575630569362481,2.0699947248904724,1.819893596483472,434.92947719513904,0.06410361235291528,0.19791021817396248
93600,-3.6376017765608655,-9.02720199225164,0.7870858931110598,1.1494554870448306,468.9013713422052,0.8575566771430054,0.19791977156170928
93601,-8.567281497077493,-6.550138953090075,1.7647865822294027,1.7475214095904064,414.22650052919613,0.27257319186665097,0.1979213866191668
93602,-7.287824866198633,-6.977285763567002,2.8342152208303206,1.8218125873434194,467.4595168910433,0.08840694827039908,0.19794049927366825
93603,-7.699568824157188,-5.80155573961245,1.3175838794666908,0.5441870943157892,137.5574848775043,0.04062715141982931,0.19795170323137137
93604,-3.0370301983218164,-10.92748742321323,0.815866755724225,1.5041781064490793,337.0259419427806,0.07106247004018407,0.1979579984533336
93605,-3.5738177768605963,-12.570778832498258,0.11988198972185363,0.912719502556896,237.63477149638874,1.224441118297217,0.19797078681316974
93606,-7.220371483435431,-8.839134463663726,0.5894123535424296,0.8661524119547307,239.2876629198083,1.1331390117521911,0.1979741291563302
93607,-7.937419161860723,-5.393998939748372,3.00079594966437,2.1365088571050057,403.0820533877585,0.6755286054417287,0.19798372152736957
93608,-5.911502081323471,-8.616733263504184,1.10582560989279,0.973785097641368,467.6188682106755,0.05233572712351808,0.19802392636876634
93609,-7.662828780298918,-8.365681623523738,2.6832972123154923,1.093423968400388,284.82912546045407,0.9255616426046611,0.19805687831171706
93610,-7.690992697934469,-8.891898262457307,1.7279185646736166,1.1066434531293643,238.3622468649416,0.9429937711598351,0.19807493181721486
93611,-7.435739743029678,-6.641255845874101,2.75310447156433,0.9669290629441148,253.86616693117742,1.3106236906438689,0.19808045079618142
93612,-8.447938914445018,-5.005097414361544,2.259082776473187,1.8852810005152003,469.8085741477597,0.1249832039712242,0.19808829950946746
93613,-5.723388687387963,-12.499174370340324,0.34727199624373767,1.7627258117636357,468.15760477787217,0.1443621143063707,0.19809344334181825
93614,-8.008983807320977,-6.891663514808713,3.413501597762566,0.8664198580322535,186.62207714586276,0.2994318956269604,0.19810342101880205
93615,-5.487223860226796,-9.178844385825563,0.4736868384547788,1.0075159647902001,217.45494825803266,0.01699849951768595,0.19811192744250994
93616,-6.375501464030767,-7.96927057177566,3.131238429474301,1.055740993393262,467.7048549831336,0.10986197452191515,0.19811308383274492
93617,-3.487713541976447,-10.359315426634158,1.0701715158778662,1.154196433518852,276.6768405853451,0.43711950925383825,0.19821701137003342
93618,-7.740079798878244,-5.810897943662472,0.8719599091225219,1.664355460029454,347.9172900501615,0.7735284497441803,0.19821840002432028
93619,-8.443997609818526,-7.654095805421317,1.215403587902519,1.112142740275405,289.83586286988464,0.6570653949930803,0.19824280036064568
93620,-2.556853053180368,-10.154914264966264,1.5204520279090712,1.0684545877681733,467.65592626203716,0.19341910760147307,0.1982961889426459
93621,-3.0733973606827147,-9.064404114067527,0.8952344770502526,1.153920901653574,300.10346520818524,1.727778628968184,0.1983010782038636
93622,-2.8172980619722967,-11.19516205425257,0.7627074232397952,1.7058917788620673,402.03326521726046,0.9660314589591303,0.19830297383830198
93623,-5.157241566540169,-9.03673762376059,2.460164849147544,0.8735050052097544,229.158609727924,0.7500437650892673,0.19832348095650573
93624,-2.835687316220729,-9.479912476349606,0.5592470375049982,1.2967052209439014,187.31309305676544,0.4542882484086217,0.19833044774808967
93625,-8.234635699703466,-7.618971778425297,2.415197648008964,0.8228325439698404,469.2952270109475,0.19515742727111718,0.19833711118734562
93626,-7.189938306661688,-8.195138179200828,3.4710691625317565,1.0133576108101578,263.9895704386114,0.910364580766756,0.19837117028845522
93627,-5.0528445011070735,-11.893787194108592,0.6002404657531847,1.0294156044141962,270.84250346063504,1.3311717394992444,0.19841523139505865
93628,-6.59579798217238,-9.058371600449195,0.42750796350551173,1.0578439967141617,468.0695675488696,0.8545929573047362,0.1984170737334032
93629,-3.7317969669405615,-10.251108058147425,0.14623694059630113,1.379654823886037,328.02712282760217,0.42196042020530466,0.19845928678876124
93630,-4.271209671906049,-12.754377333802488,0.5668671410875519,3.3407775202880474,522.7299628802218,1.0057730488534409,0.19848010200667746
93631,-4.59350320949337,-10.611050906325595,0.9149297669056001,2.005554998319949,182.1133488076726,0.2776286214371648,0.1985236285255677
93632,-8.364861855365582,-6.377954984174724,2.707317183648079,2.2639634936120507,430.96230572511234,1.504690652992573,0.19853235490302704
93633,-2.841346419215781,-9.500573836101427,0.5421753148585343,10.03104868537692,789.2867191936529,0.35421649899072705,0.1985390972554812
93634,-2.7431511940434667,-9.483849704678095,0.6009550543381907,0.8231319798092424,215.55706677870813,0.589806237372982,0.19854233395831553
93635,-7.65737750536737,-7.662889697678862,3.486206063107086,1.0829015538797093,214.6988848791103,0.6997802555644377,0.19854313052776562
93636,-3.6548399152060806,-8.803761179786683,2.3517219049505105,3.266272851347314,365.8137254263293,0.040247256013433486,0.19857937642177687
93637,-4.393253233536051,-10.588156201804763,0.9264721231322938,1.1502143987574656,467.5466358400377,0.23603400540273345,0.19864673713503242
93638,-5.0619365667945635,-9.890554756237224,1.4187650580728801,20.346553169720355,445.5038175198741,0.2701642873590844,0.1986754932824543
93639,-6.8903309129292225,-9.823497096609401,1.3522115969682444,1.5312745177271245,341.93656190230956,1.2260891255147497,0.19867991069203345
93640,-3.223629764839435,-8.63711745144959,2.1152899902492024,1.419540027043943,335.4651874407496,0.28943435940110795,0.19868422258144874
93641,-7.24351256602278,-7.058485831418424,2.6265349714727297,0.8007324795289015,173.94518721373078,0.009594512099966757,0.19871143781175563
93642,-3.3331359799123774,-8.897957313904325,1.2005214858960476,0.7051628989709003,135.3038342617765,0.28670073622234415,0.1987373860694606
93643,-8.31268604754513,-5.138252943249057,2.6332691925436515,0.8219965949054963,168.8459409881783,0.4284503023792334,0.19874540431906715
93644,-2.9689910641515453,-8.924105836594386,1.3247071957753913,1.8198185315144435,437.0530341279002,0.46283808910710356,0.19874693412285807
93645,-4.862957307635639,-10.59111015902011,0.9308434204745167,1.644301227718907,467.94067635385215,0.4420352976019162,0.1987611137256762
93646,-5.3455509744707275,-12.483140410838132,0.19603691762340214,1.011551882690688,468.8959600715564,0.5687198998212457,0.19878212259854647
93647,-8.470180046957259,-5.610602945274782,2.2455834169284725,1.0722495458979255,440.27578353876015,0.5887334868149336,0.19884776324361036
93648,-7.245347320686616,-7.121321033010907,3.1470586938929097,0.6794199365582061,132.66867165277304,0.2460452482513409,0.19885910372991072
93649,-3.5757021358627075,-11.076214692821434,0.7547084929442526,1.0234330854770983,280.36349827389137,1.361744202848434,0.1988909923024499
93650,-2.559999966498518,-10.742219466346102,1.3856166587918919,4.013231172903863,568.4997259696647,0.8665760021900324,0.1988920772909241
93651,-2.931555936538361,-10.675520514044829,0.9196906872901509,1.1716317162007388,300.11003626086136,0.8686538639557133,0.19889408074927392
93652,-4.687159036863252,-9.294973374557792,2.0067620380082327,1.6142405354867866,379.00117331163204,0.3604710441461636,0.19889901157480613
93653,-3.460259577884247,-8.657225347101214,1.8359545953052536,1.0466717601867308,283.5046062787859,1.2416009608757106,0.19891737143172677
93654,-7.144187532968885,-7.2327337371591245,2.6632257006423554,1.615677508560662,345.7614257690145,0.4853575083625481,0.19894220505365492
93655,-4.86553551884433,-8.853871187473583,1.0871665237833061,2.1207376913675238,403.2151418665356,0.3247269908455186,0.19896280570086133
93656,-2.846539577525716,-8.869510324548246,1.80616337111085,2.130696549932827,419.9752302132385,2.1003520724212095,0.19898695028908614
93657,-8.386645030178242,-7.83562197797465,1.2661786108271906,3.6431397315161327,546.6186779688622,1.2054587494299884,0.19900242544747587
93658,-2.864143079543134,-9.549576453644981,0.4919481442350003,1.6223717726152198,377.117018888914,0.4446858433499363,0.19904791062085436
93659,-3.4439548249220477,-8.817500048947284,1.3764826491894522,1.7554231636248578,415.54163011001395,0.4717911883868382,0.19905819030803096
93660,-2.7978578513811367,-8.942403931995234,1.8754741764026794,1.092244117565101,281.1929981418258,1.499727505179913,0.1990623512786918
93661,-6.678055108431994,-7.884055879150855,3.5016779976435615,1.2859231818499937,467.94824741995205,0.06489172105013985,0.1991123180202175
93662,-6.306446975650482,-8.448946618197972,1.1422996449187648,1.8977956506446105,466.9785753027006,0.2851339466698688,0.19912754182825418
93663,-2.7032674814564084,-11.47009691319511,0.7349820552068657,0.7109883742023654,149.46049673154957,0.2086458330951615,0.1991424491217987
93664,-5.179899435200114,-8.59877982558066,1.5554626691017204,1.16374418510611,468.2471613186325,0.39604407826396315,0.19915032037801464
93665,-2.647695586795354,-10.372506522091792,1.3275365623589592,0.8675986950610226,201.92862110955684,1.1702325056936767,0.1991581690523609
93666,-5.43549141746409,-10.050921676786757,1.3088728940565464,0.9086303581492243,186.19203364706917,0.5903072755297112,0.1992172954810204
93667,-7.800502502711303,-5.494056615303931,2.882271121342903,1.813597684945243,432.5768539626034,0.08617792159650062,0.19929954665532468
93668,-8.367789716742138,-7.346133738659236,0.8292714804546804,1.5756807808755287,465.12142756978716,0.48003298425332197,0.1993234419883065
93669,-6.882606613039501,-9.608918450095874,0.448045200192,0.9040706666530325,470.2866544583963,0.024534864101007692,0.199379314288257
93670,-8.61672642612634,-6.521924397025334,1.3849708136729677,1.7976997686045821,428.53250848712867,0.21331249689457543,0.199392649555761
93671,-7.09981631677195,-8.32204863906315,0.7775682228561499,0.9284399483346526,467.2336119023625,0.6215004029611029,0.19942303107765938
93672,-6.078567585791583,-11.596677796039469,0.41135542279141324,0.8683710203357884,209.32382032590405,0.678317852190788,0.19944902090023917
93673,-8.124071313575858,-6.588975188004712,0.6470693819098736,1.9037567086340377,373.32841153897334,0.6348881799382067,0.1994819280238316
93674,-8.075732941695678,-5.613773823539033,3.0469788930622173,0.7462511524921471,172.5556869126839,1.0975688506702896,0.19953800079748624
93675,-8.296669025735614,-7.249014815864506,2.6292255964448086,0.9615814473937402,469.88677535588306,0.07230979734251353,0.19957076326506754
93676,-8.155179619007223,-8.328764134065965,1.0692905567670015,1.2670233728481513,264.72320964663567,0.05528090856280432,0.19964980897416224
93677,-4.466381951614929,-9.829801573837905,1.4415215407416635,1.091376786535852,283.2630200122145,1.682489974838128,0.19966085783715834
93678,-2.8467273703781117,-10.971039662604145,0.16475169074011883,1.863942984780671,189.2924071279477,0.35917254678517985,0.1996896382165279
93679,-3.1472070933577516,-9.152554383226203,2.1057760388468796,0.7264526952315792,205.86706061976315,1.0538466674217295,0.1997110951443698
93680,-4.298030075510429,-8.584108006977509,2.1207433173569026,1.1570555285365192,254.03958300671314,0.5424418149371144,0.1997164806114828
93681,-4.0202927957157195,-12.7862380774584,0.5652520347984369,1.4200036878261506,399.96516755445197,0.23843545024684598,0.19976123270779472
93682,-4.890768133423917,-10.192759908015917,1.2019961798405085,1.421141713156908,331.08745855086164,1.256418489062951,0.19978506761227216
93683,-5.215570706400376,-9.017366802693802,2.4880177544422044,1.6748579183807872,391.2146886356718,0.3679661587553138,0.1998185330988304
93684,-6.406468439112726,-7.974666618000002,3.234763672839223,1.6178938853301474,378.82363251439966,0.5052985647040922,0.19981961025372333
93685,-6.234789941336389,-11.272433221979298,0.48765190507281553,1.8525741244222105,468.3140263845783,0.5035533333908173,0.19982135675478374
93686,-7.341438374440047,-7.373123290955847,3.656634096497611,0.8580688555623072,212.78272634904926,0.8465230777286719,0.1998428152215422
93687,-6.47702363342005,-9.975395452883639,1.322147447561507,0.8705279432640339,208.661847511466,0.9483503447622565,0.19985077099701634
93688,-8.074948007842462,-5.459642621348407,0.5694912957511644,1.508382746201447,348.5159063716238,0.9639473822618756,0.19985941542580907
93689,-3.780155781499679,-9.939629345591918,0.19437340998838293,1.6325506913359278,377.9452272674458,0.06101219641066091,0.19987469616642273
93690,-4.965955145118542,-12.633883566031614,0.5411252566928512,1.6513757259156827,355.6944659507452,0.8725641304211464,0.1998855633131381
93691,-5.1368080635238735,-9.062529327853659,2.4151463462952365,2.2511777610301635,429.32582838577696,1.3873227588852597,0.19996545506666466
93692,-2.9697722966124704,-11.692022178918782,0.13704060451711042,1.5144665097019319,204.67697816383708,0.15287559780770543,0.20003726556880344
93693,-3.2966928888713545,-8.632929060849632,2.089560363556661,1.890126405644796,468.557793449712,0.4242506389758187,0.20003803798729344
93694,-5.915419148328896,-11.689595631028364,0.33181705815475193,1.6969041093722237,395.1839417033474,0.0840026129477236,0.20006645271907567
93695,-6.023986802581274,-10.93545756117834,0.25527630522604905,0.5629991295254531,118.50570936915665,0.955697311874542,0.20010727758679242
93696,-6.088073046611087,-8.123199712263201,2.383887046750272,1.8430903519848691,381.0989457796599,1.2259907899736913,0.20012951041139043
93697,-5.069939297603397,-8.94274382897914,2.523950556977829,1.7461603203681424,436.78077429802454,0.8576725157348548,0.2001709847048712
93698,-7.276271694085207,-8.374366417709442,3.2058576558118372,2.4073079232746126,449.21946365253666,2.4218522703201666,0.2001889483623478
93699,-3.974755427028854,-8.633690573115743,1.884001557553125,1.5473486312478393,468.50028599157173,0.41733749729335123,0.200232755003861
93700,-7.979547546938095,-5.959125961566898,3.2072167991545837,1.6446914949642648,467.8912410935324,0.6505089426909052,0.20026692662864046
93701,-7.437741238484211,-7.091796367465213,1.3955626381594668,1.6827171297857657,393.4690136631726,0.11622814628026923,0.2003123490644114
93702,-3.791368471472828,-12.335798852943014,0.5918999896725973,0.8642045185477696,468.080634728473,0.7197866373671138,0.2003414772810111
93703,-7.656871813902262,-8.438995080442297,0.667617409751605,1.5972107015905155,242.41179831977104,0.021949186154972544,0.20035220093913222
93704,-7.145708923118957,-9.122159832323177,0.5480201711540411,3.2808340566799608,521.9095481871357,1.5777909390266194,0.20036947045734874
93705,-8.084867189101676,-7.036697655538421,0.6656000594359118,8.25748782751186,501.8374872984578,0.0751899770281188,0.20037893701751364
93706,-5.243120980168035,-8.534441104044253,1.6694596060451627,2.1265925489111392,415.0293995884888,1.3619687496117745,0.20039725431766345
93707,-5.982976126505245,-10.966085606062615,0.24627493446372423,1.7639915742649492,418.6241805279983,0.3917927312663849,0.20040469852643442
93708,-3.4124450090282545,-8.642287915372503,2.049329429533729,1.1138735061403706,286.5729560378678,1.4123929898379464,0.2004174783541847
93709,-6.985354214173536,-7.995242289224545,1.1297272503538907,0.867776821649219,173.31014076263995,0.6754772648779728,0.20047085249253474
93710,-6.16301115812999,-9.223474208418375,2.4353184460917188,0.8733459243990419,468.1113756491883,0.7372781057739433,0.2004759543981884
93711,-7.540898066953053,-6.930691671524092,3.5641742506488825,1.009003348017605,468.8035367672075,0.4689508967928644,0.20048145182005592
93712,-5.533930217198048,-10.600872884258536,0.9037892902361698,0.6675825430124119,156.5589482045791,0.4816340889558015,0.20050509155682444
93713,-4.827856449183884,-12.648362796025884,0.15907680721925876,3.816481161151486,518.1173703507072,0.21740808646696497,0.200519013545078
93714,-7.588256825810264,-6.69202641938947,3.4248696826008667,1.8702380129230283,469.1528221950101,0.03996528119793652,0.20055754673306017
93715,-8.584718980792056,-6.878537282503947,1.2143384713665295,1.2430758771337462,468.1667701790337,0.6831182329249863,0.20060358265878725
93716,-4.353358415324059,-9.6626475027588,1.586301531712168,4.435199635012711,591.2657594447508,0.647411603629795,0.20061339156855937
93717,-3.5046486826168852,-11.267194244239166,0.7058501871737134,0.8550970542534714,468.2187958775552,0.467696335766548,0.20069364738910483
93718,-4.3966913881131955,-8.97502130033239,0.8819694238858037,1.5791826387217165,342.1410536064232,0.5708587563331102,0.20069656423217283
93719,-8.29254608906991,-5.174187864541067,2.6608486054564953,1.7761514460642163,422.9299072810088,0.9553745979793762,0.20070239459625921
93720,-3.7367868136365354,-9.09320519277956,0.7201220519056686,1.2425896203320608,468.3338703541998,0.10841856218494339,0.20070729175390173
93721,-7.6864099659801735,-5.6623614656336265,2.4734973236175617,2.4864929066933392,363.5613568596904,0.06890049342942284,0.20071638228003783
93722,-5.660553390016084,-11.092722357378575,0.18984252676998234,1.6841876922696641,397.82020857480717,0.3389221560285023,0.2007348894601537
93723,-6.450567011698757,-8.503328761298834,3.352514360331616,1.2393574795714208,279.9044839144317,0.21803713230034383,0.20077807551693552
93724,-3.8497857063122263,-8.630355125909286,2.1566535614634894,3.2851402312700775,350.9396912961056,0.05356916837002945,0.2007856967144062
93725,-3.0785724738578413,-11.2235159141308,0.7357994584901436,1.8502190824080487,443.7361456160854,0.23595607834202692,0.20083878540437883
93726,-4.3492467125504,-8.653282318458203,2.3581881864803744,2.0032421249262407,401.7374597302134,1.4057381396548392,0.2008554110970818
93727,-5.776205412416077,-11.69464238906886,0.548967183872806,1.77639370738772,421.1999300795527,0.30965028553811624,0.20085769587554017
93728,-2.8269669555570154,-10.90248927254369,0.17318502664299,1.5295386197254752,350.8709866937608,0.16122133025955065,0.20087233194186432
93729,-8.202122571838315,-8.098243091469413,1.6770543731678602,0.8525729288624039,233.20405476933425,1.3059432851927397,0.20090193611679308
93730,-4.695115469627606,-8.586801097514844,1.8464274203779258,2.7105005865262353,197.65005793475035,0.2993343761429914,0.2009076318042234
93731,-7.305341440234665,-8.72861078369132,2.6995239871031877,1.2472068477981988,309.55651755620573,1.7417335328454628,0.20101532058200655
93732,-4.626786656783209,-9.003680842985855,2.3602095230922826,1.0210566236963579,468.5889463917624,0.6502878668333745,0.20103359351264832
93733,-2.7733343377959887,-9.379545526962017,1.977739716234341,0.8181230511129681,164.86256242241325,0.11299841230691765,0.20107016791131502
93734,-7.004921018907501,-8.246184304500568,3.5168335385735205,0.9944438123583841,217.84861930306923,0.027797490775406608,0.20110339508312286
93735,-7.889864663239523,-5.718200676024546,3.0967911239964425,0.8776275074898892,467.8491106475148,0.6679003146232647,0.2011498113783848
93736,-3.8576595330179417,-12.460373681919851,0.5837229397096182,1.0880988245689711,283.4015276523674,1.6757858379273198,0.20115327820272122
93737,-7.106392034285608,-9.199003490151837,2.1746439792880965,1.3157385038332667,288.1610034206713,0.004514994101760372,0.20116118026691177
93738,-5.654230155808434,-12.9606553819549,0.37310659397731677,1.3135719988765002,325.24879552875944,0.3950551882964204,0.20117949653841297
93739,-4.438877666725395,-10.133483992123905,1.2312886591782195,1.2283924005465805,253.42025289237847,0.037257133704280854,0.20122083710604402
93740,-4.26039531749791,-9.238711599773008,2.030166223523084,1.3379165559356045,151.63654802466448,0.3989109011765626,0.20122663685071093
93741,-2.8552531858598567,-12.222522660575788,0.6234225759117005,1.137406316470052,353.0200108041431,0.179199588909162,0.2012745315276842
93742,-4.291379412628443,-11.304054456870938,0.6919794870932732,1.2519343545262356,180.23649424937312,0.2982887570330073,0.20129417094791066
93743,-7.4331726374850335,-9.517911640637118,0.7320727250197263,1.5964730922299235,201.00706348914946,0.16768226785422247,0.20130978361377952
93744,-7.657080203688003,-5.742993685138604,2.3064355651358674,1.62538241382126,359.03502912874484,1.843703940821107,0.20131052959908521
93745,-3.5078110748564297,-12.645154488472672,0.5735869795032663,0.6909031531358347,139.8079923126778,0.6501139397541253,0.20138156769562596
93746,-3.9742298174870765,-8.650023173866948,2.23813898377544,2.032112073315209,403.22408473719275,1.2199965897732667,0.20145944255110365
93747,-7.132149130640785,-8.227219119402738,3.467917821037594,2.248510310494355,432.47508314446503,2.1693096413417354,0.2014971138262792
93748,-5.424496813680198,-9.343362578506857,2.0420377854624614,0.658087324030767,190.97117196853918,0.6895715842880099,0.20155295375681734
93749,-7.971067626837014,-6.757970276772165,0.6700769275367455,1.4323207601367414,317.21671653980593,0.2778925856724763,0.20156381499267062
93750,-6.0607050819517525,-11.433800687887691,0.524777880902987,1.383867193485093,303.3293852956398,0.9468143556885122,0.20156389794296603
93751,-5.416862844167495,-8.963080008445848,0.7064270159767007,0.9635628889073562,468.71680217361154,0.5307610290672597,0.2015655799781553
93752,-7.514369899389293,-6.833647891755176,1.4273033206662358,0.8692869196854874,200.3508655685229,0.903395859575344,0.20158973262725782
93753,-4.06374172256456,-10.487352968802304,0.9752848506449091,1.3744151695611875,300.12728817909357,0.3458526983624539,0.20160034707017557
93754,-8.021580643996051,-6.733327165300729,3.3869807213257204,1.331921613827638,294.6075335141488,0.2594118937783154,0.2016206194805334
93755,-2.829649421635829,-12.962632038734432,0.5930207553555286,1.005012357003111,275.08421444988704,1.5206953153130511,0.20164239898384312
93756,-7.406734214664504,-8.047879893540749,3.415994217134104,0.8733197344256457,221.38524721910372,0.7094951243333636,0.20164342445675887
93757,-4.699310376255742,-9.80302433530826,1.4667330666991305,1.0452383260387157,271.9041460422598,1.2617045905871391,0.2017006845589983
93758,-7.53599596151259,-6.347623182779609,2.0936760961363086,0.7867795476935299,155.8001241464426,0.03854829698385931,0.2017205509879348
93759,-5.902126325639624,-11.15967202836391,0.2427671703140778,1.4884453855499362,339.42239799789604,1.3358312625233166,0.20183524010287096
93760,-2.626388983881278,-10.663757880409396,1.1956443804566648,2.651586195065577,469.1570069980645,1.5273983033071952,0.20190784941952242
93761,-8.498013290455331,-6.629072229195056,0.9094864963241208,0.850623633900748,208.14373596692653,0.4942163596304088,0.2019112430625966
93762,-4.6000587338685675,-9.81655766226526,1.4541921933231663,0.8490781987912674,220.85560356705605,0.4599074559659533,0.2019230274192687
93763,-4.760131517203097,-10.445034620380994,1.0140755820830847,0.6214969557666826,182.63944184358382,0.6654029703857018,0.20193056977475335
93764,-7.559619620555197,-6.375836260104019,2.8936334746683308,1.1537646515616615,271.53892253328416,0.9604110978949754,0.2019710556556542
93765,-5.8959349779351795,-11.51007679846366,0.556191691858414,0.9560983240071909,254.72954869248056,0.5659374191088986,0.20198562078516677
93766,-4.203940213716391,-8.61868278926548,2.159150043382836,1.4078207627399668,320.5985838950999,0.975670763485355,0.20199548176749293
93767,-4.284622567451897,-8.876640213275,2.396721749480655,1.7324880589195693,405.91232567992495,0.11638742684030845,0.202016831436448
93768,-2.9107592582589064,-11.67474411857975,0.6684437610988213,1.0574350796579126,228.2321516092194,0.43156247027349703,0.20202489307217056
93769,-7.740585611573904,-8.493672225408764,2.3141547908769726,0.9454205266845218,248.41264031957112,1.195202734633746,0.202066175862871
93770,-6.894336417776967,-7.857978525872634,3.633760282186577,1.0816229889979654,227.28975933385354,0.10529735014120423,0.20207458752566587
93771,-6.698424887323086,-7.743879202786275,3.120834706858167,1.0935387511275563,286.86515922238544,0.9675228272824841,0.202075872488816
93772,-5.7830171666862835,-10.540151829419594,0.92128887596616,1.013520512706313,277.49011066656186,0.8698514128739578,0.20210960635575664
93773,-6.584339525921548,-7.80443851560771,2.9534066414653104,4.641096325596829,606.9454314234828,0.9172191211419163,0.20215593642985047
93774,-7.562242622043662,-6.273167538444135,1.9997165842362272,0.6788398735897524,148.23153473916008,0.3157427943347111,0.2021737280256977
93775,-8.402405174620807,-6.082391795561438,2.540989356831489,1.1514911521142586,225.33897744686547,0.00998973079760912,0.20217421016429554
93776,-6.221507928038376,-10.807451537933456,0.32490154104730845,1.1730476813932575,300.8679423995193,0.4383973539706325,0.20217700812883777
93777,-6.589453980553589,-8.01205912984052,1.7582170573700033,0.742692256438698,468.40979914011047,0.47838543807231115,0.20220450949757685
93778,-4.352096722034226,-10.663851122500482,0.8797116763786355,0.7628246461227095,467.6515208934354,0.24485733798596687,0.20221914990618406
93779,-3.449556465321577,-12.19350008627606,0.5988362274330743,1.836095700435365,455.62761254131124,0.3054349864165431,0.20224501264279346
93780,-5.570352826393045,-10.569649868073341,0.9123318796250331,0.7771340465931067,464.2829344105785,0.3317389408969005,0.20226530015157548
93781,-7.64134153716498,-5.8047469189219925,1.9980359913651284,1.3900080844412663,333.6746487727167,0.3653839792868885,0.2022748015982095
93782,-3.1008698220324433,-12.620857406252568,0.5871735936039785,1.1073290473686823,466.1206461823308,0.6963194231604914,0.2023060752563
93783,-5.367249550181263,-10.407048994896705,1.0472455566686032,4.199505174757439,312.6165255385286,0.16494456724589757,0.20230732577346247
93784,-7.304409191317467,-7.793392410582639,3.65147657152362,1.7560379777801627,467.8065023451584,0.6134989700026372,0.2023140598995964
93785,-2.7155854298675006,-10.979571872662818,0.8260629700055371,1.7056497433975317,243.94091937978394,0.0916894035116238,0.20231516744136613
93786,-4.562510707498374,-9.649978691302168,1.6036850519308732,1.0903714063426029,285.0998101087743,1.135285377038799,0.2023182599779383
93787,-6.649346663231881,-8.226584330573754,1.2357755979787965,0.9168874641187821,257.34757138641606,0.7436168588959342,0.20233842755098277
93788,-4.47449031761542,-8.899897456858998,1.1044190009564265,0.6461971664821534,156.6432168283597,0.14046242606837378,0.2025219268863744
93789,-6.4628680857483545,-8.654561019838201,3.2044094258799887,1.3524581736279437,315.12704913253253,0.41811102485904694,0.20259703475539068
93790,-7.505265838386105,-8.13616992184747,3.211546469723065,0.94365227895667,255.72069248649456,0.45216197565796445,0.2026300218717057
93791,-4.272842253709211,-9.981647399809885,0.18937895520540968,2.441420245104155,451.86890330894266,2.139184053992704,0.20263201552763002
93792,-6.455586306746193,-7.926023154774541,3.1135937749220646,0.7779412257043087,173.87393146910526,0.6232930171584163,0.20265994700307904
93793,-2.811834592490749,-9.606526470940214,0.4878659698748746,2.481994227816935,230.65467230205726,0.2186666939867079,0.20273310955921095
93794,-5.7047046997359105,-9.627382758838742,1.6836662058186849,0.4922854246451129,119.97756696661776,0.6000987466662204,0.202753371432746
93795,-4.471197034587192,-9.757327630420546,1.4958305575901423,1.0480288452264948,277.86449649273715,0.8073691171084727,0.20275426191406565
93796,-7.119495960097139,-8.052510525448069,0.9056205497905521,0.8265390493245219,166.06896818407506,0.76077658351665,0.20278279631698007
93797,-6.108860957923179,-9.905636918763193,0.22642644924310548,0.9597894431895871,468.0060851000984,0.37075242950463494,0.20284717568849892
93798,-2.5151420613276585,-12.941018816716484,0.8253024811592257,1.335243570283306,299.02947067154804,0.9168036576117995,0.2028638647825051
93799,-2.645023016506105,-10.005004195502234,0.4842652741232784,0.9607046208885559,252.51777692943492,0.4746038719698715,0.20292211015463105
93800,-3.663557371262317,-9.015938321393367,0.8227546589197023,0.8560048535490691,210.16238032139628,1.140638517083624,0.20292422035787336
93801,-4.719719456586317,-12.517489520552104,0.15397491213977588,5.449296290202718,576.7013819168794,0.14161793813267032,0.20295039106535315
93802,-7.250030729909945,-9.782575601520966,0.6594533441784078,1.3878713943508592,329.28946193574603,0.40913936066876655,0.20303932935135485
93803,-5.2846535880912535,-12.465169030396607,0.5089866345169848,0.7581278400466155,175.16575716811158,0.28335779349865664,0.20305415265775648
93804,-5.6219255358033555,-11.101204596012208,0.6798517022379581,1.3788443947582039,307.7461124959349,0.8898931627905613,0.2030748079370719
93805,-4.735208485887757,-8.747686475746168,2.540224988830095,0.8720155209027493,308.28641442770316,0.10807616835839884,0.20308978301943773
93806,-7.430275136991966,-7.14230413325692,3.5719741216904843,1.0874842363205808,467.3243741823837,0.2558640272326267,0.20311303203676626
93807,-6.033841925815687,-9.03894256513864,2.67163603706396,1.303221807021759,468.05963772114717,0.809681189866498,0.2031517979091478
93808,-3.290199066895143,-12.009409278109443,0.6117477671670049,1.39885579802816,239.86455310211062,0.0003121914511563517,0.20317808490471057
93809,-6.256998960764327,-11.188174781636764,0.4974261439457647,1.2468135173947859,468.26749073780314,0.2039439566071719,0.2031869584249318
93810,-6.70229588378943,-8.168281178364875,3.5740661248320915,1.8122748283228032,467.5788593128013,0.4200605907948791,0.20320656995308528
93811,-3.725786184365507,-8.993867258946086,2.236075801505469,0.811662222896418,468.5463328428157,0.5377815852818317,0.2032311908456004
93812,-4.425692153584979,-10.10948943186316,0.17037763231210226,0.9762690706109586,195.19135198087838,0.9817687825410912,0.20325037874351595
93813,-4.303046174123201,-8.642739416850684,1.7833527566861747,0.5078363773410098,134.65419693153885,1.1526725756779816,0.20325823519177874
93814,-4.045562636043152,-12.918066553559479,0.550915665758298,0.7701873495444636,454.7190383701327,0.4448173235087687,0.20326410513801926
93815,-4.186404460071277,-8.684541337032769,2.351433806678994,1.8293507590744058,467.1533555202706,0.24709309954319636,0.20327158924382635
93816,-4.595853062430878,-12.628743842394199,0.5521570182127764,0.8609304988917778,466.51755355550523,0.024148710376043603,0.20334099557680524
93817,-3.717516913025719,-9.063558436092983,2.1710477315376533,1.4617967285377071,340.5379177795014,0.392738211919867,0.20334218525771877
93818,-4.928443609170717,-11.021063522175352,0.7409648093133891,2.8636190020199295,483.64068372632926,1.0302746777643508,0.20334610787581708
93819,-3.90045483744482,-8.694694811810225,2.2973606958437305,1.1277578172416143,292.7925835458299,1.8822753130876109,0.2034114598388835
93820,-7.537635217443132,-6.851498516428325,3.4801913640058877,0.8833694654442553,248.5515435514731,1.4962615025545505,0.2034208968704607
93821,-7.731183375427739,-7.171438460131245,3.612599539111083,1.8823329684927284,468.299631804069,0.3309060904302781,0.20358998609459833
93822,-6.399734704590957,-10.974689056032517,0.48751941642965857,2.6447773299026136,469.42331492257875,1.7558817796801858,0.20360842841493043
93823,-7.455133122212121,-6.6516674426310605,2.878285520625172,2.2510996066191566,433.40199142034874,2.337485931149594,0.2036117194310271
93824,-5.7295446701297585,-8.47487501832679,2.9860098523842575,1.718951016077905,468.004338626308,0.19845915833567318,0.20365701402639
93825,-4.723729389038453,-9.334545073540088,1.9334539847548313,0.9969030994276877,260.25048031054706,1.1455022237122483,0.2036840697759442
93826,-5.111698089202907,-12.685028863292901,0.5141397860107014,1.6050274772293396,371.3608830667791,0.4447248116751288,0.20369952342380945
93827,-3.530158676508016,-8.704049826480329,1.6594938346915997,1.7090285527008098,469.3270897512523,0.1163269144885355,0.20373226227775793
93828,-7.089311378759337,-7.4606517205539005,1.985708423155731,1.822663941276848,467.4518176271252,0.3521464016596605,0.2037479575239843
93829,-4.517034867058872,-12.583651433790449,0.5582144465508401,2.924987312470921,492.47159016392214,1.3619402958631701,0.20376397351011477
93830,-7.396962039355332,-6.764774106299353,2.575691185199689,1.2288607692204283,271.7295348642718,0.9544226072014395,0.20381252511892156
93831,-4.788864604379731,-8.715279051331523,1.4603210944412148,0.6900893336843928,151.9649079243363,0.9528408651514502,0.2038354090716065
93832,-3.726635721231456,-8.70548857855259,2.282049122001579,1.650608895984836,468.6993404665065,0.8379071200212982,0.20386109009282738
93833,-3.991771617178234,-8.745491008448294,2.3241482437611216,1.722385214702363,406.2753453065113,0.5233405433095397,0.20386787647668542
93834,-6.631714317691362,-8.816609688128121,3.011583486700204,0.9893825283458166,273.8516131599109,1.8991777109518955,0.20389263329258667
93835,-8.49887906416148,-6.471387149563215,2.166554253199908,1.7239651853085383,468.77387483852954,0.8878709389861816,0.20390255831893142
93836,-3.9015495129722613,-10.89753451142898,0.7848115156617131,1.3271162277883573,467.9360852547735,0.6491611808155264,0.20392844639695873
93837,-5.128966217243796,-9.242955521034165,2.1297081678020273,0.9994627564044462,275.8070143571847,1.5393836518568156,0.2039460436023275
93838,-5.985487854450765,-8.162281099552605,2.652276519696065,2.4139593059217606,449.6016946162945,2.256892342571593,0.20395733716859643
93839,-6.333666240638039,-9.417623584731531,2.0654801135628102,1.1438532835243944,297.9701381069532,0.43570454209844645,0.20397047086813344
93840,-7.721455436162644,-5.588855225010864,1.0627625419104707,1.148002455615232,293.641267318611,1.0966909478075824,0.20397952706327027
93841,-5.279934846497688,-10.230580523372703,1.1687942027165195,0.5013443221991566,111.70432967513534,0.4033892477983425,0.2039877949289175
93842,-3.5349161820907424,-12.534547184638647,0.5741146792201117,2.436386276394819,449.0295427832293,1.6222796477216486,0.20398956087055473
93843,-7.035903301214493,-10.083682737539167,0.5656536150814583,1.8480061758715356,442.7187385388043,0.2810810201090437,0.2040336163837599
93844,-5.555664162669575,-8.3724258583435,2.076358497895036,1.8859898789969312,470.28859578366905,0.02414191646696917,0.2040415771679849
93845,-8.568581987033205,-5.038195071565513,1.003540947492271,0.719891897568863,147.44116536139495,0.41143796625594753,0.20411087722059687
93846,-7.037617287659151,-7.588789458763917,3.5085287470933206,1.0897960888563036,284.82888787306354,1.5606806103077533,0.20412400384541615
93847,-2.6434704316603765,-12.684853278679302,0.6860089582154093,0.4809619662986094,147.82007050189202,0.4080926065841721,0.20418790017943975
93848,-5.070039937667699,-8.683706144392747,2.6533437173377825,0.877325858482553,468.2980825423879,0.5642370676729414,0.20421729930763266
93849,-3.899431751402533,-10.619479521231671,0.8913673009522265,1.0087230314598234,203.1845865668625,0.5927652646437629,0.20425984500328603
93850,-3.96569754605542,-10.276962116119492,0.1502512920280685,4.296029858791064,263.1875651470367,0.4337832028036779,0.2042687747271282
93851,-7.722598295635122,-5.3492437561987085,1.6077258477283785,1.1096594210664505,286.3000342151171,1.4095897440562384,0.20431040361785308
93852,-6.948139312520969,-9.365265055709743,1.982776100536414,7.198028031595531,716.9875859648943,0.4489713351840132,0.20433511756811454
93853,-4.817143115120837,-9.491525118350728,0.33075343960376735,1.1068117549751884,294.1740907383852,0.8632901234308319,0.2043433219828866
93854,-6.773924608161646,-10.350754867406827,0.6959250150290794,1.5261029080158597,347.0508944245234,0.9075281762756946,0.20437353702824465
93855,-7.582939857622064,-6.704090943904841,1.2203508987890295,0.8951692757823483,236.02443449891607,1.3584715303625474,0.20437751024826759
93856,-7.703091349512089,-6.560675201462719,3.4340908900686804,1.3886515566737991,169.2974655973586,0.22582511833207075,0.20441503310121217
93857,-7.3105818555707245,-8.936016389280633,2.362068083473458,1.1848671132884168,252.56815813284757,0.43504598667730754,0.20442818478411684
93858,-5.117547630595523,-8.503826759282301,1.922539674553556,1.8396651300731617,467.5055197430229,0.9255119567039278,0.20445237624949986
93859,-5.526570129471899,-10.168329270486739,0.17833153683687983,0.9620648574611447,468.11212415904123,0.7375809812212166,0.20445656978410592
93860,-5.120961653955631,-9.656640348270697,1.61136408563416,1.8573220470717615,450.3475903109756,0.49219730154462304,0.2044759071362449
93861,-4.7019231973508315,-9.58104142225834,1.6661674142123555,2.796970493411429,483.17797366264574,1.8084635778372764,0.20449415953902572
93862,-7.366072132755749,-8.70131979721177,2.6446784802522636,1.6499453790623533,390.0823013462706,0.5175219580904082,0.20451486661849777
93863,-2.5709504288671887,-10.728651831035874,0.575365453376025,1.2175567635036362,303.9835087249182,1.5449174751580648,0.2045559557022848
93864,-6.873467702073903,-9.549494669952795,0.44223662118886775,0.6874787924521393,467.8982456731855,0.48489189103462227,0.20455829945160803
93865,-5.774738929705365,-10.64990009588977,0.8317199611849538,1.1242242764141526,227.53559058725008,0.056730088741471896,0.20460094392333128
93866,-4.026106053867271,-8.73880033435372,1.5363968754227018,1.0141525974365768,264.60338785360995,0.7482788913762457,0.2046103527139445
93867,-4.26271078687959,-9.235147957676098,0.5618302913845196,2.6183939350025676,447.9993771897128,0.5495029035951609,0.2046146420973281
93868,-2.542803226805317,-11.826191240612015,0.9122165867159866,0.8851476147377715,469.62501111857983,0.08572268150107298,0.20463272286170867
93869,-2.8530848962216915,-10.618379665381273,0.9335284920804708,4.471191026911817,572.3293423451249,0.22949353994224353,0.2047171215073188
93870,-6.823304829616614,-8.292573731391968,0.9179395750745144,1.0951558102966332,288.65453912434043,0.603600705506774,0.20474807509402781
93871,-5.323390716144052,-12.726961227820393,0.4869171653521967,1.768550087436205,419.894077440824,0.18774613250618,0.2047554190584481
93872,-3.4375570839998995,-10.821876865077819,0.8104968764933742,1.2465952058958514,265.1859942455978,0.43340486410038626,0.20478390309242087
93873,-7.784096042377104,-7.553898585313794,3.3872801117589644,1.3655384392608474,319.82081480711435,0.8879264280405037,0.20480088233455973
93874,-3.867052998892407,-11.66696406943792,0.641024071701208,1.1666487967081995,300.5888427525584,1.6461057303007571,0.20481703540084933
93875,-7.690550273036639,-5.864708862582443,1.4395252660641713,1.3799700615885944,275.1349068917502,0.06565897385198571,0.2048189811178379
93876,-4.90575291663359,-8.754226476954017,1.3409195428007576,1.266545346513006,301.34750340534265,1.2182783356118483,0.20483876009122032
93877,-4.197819666366696,-10.578802017443639,0.13341215959514738,1.8785153207568837,451.58178570671043,0.4255092917404859,0.20486455683068386
93878,-5.962165764162138,-8.453545466876907,1.4770812702461322,0.9817515660149587,262.7008446165698,0.4177783328751792,0.20489877683185984
93879,-3.686936098469122,-8.648405534213888,2.087887747239678,3.023533195115509,482.5402952373316,0.45023860280322303,0.2049027928430543
93880,-6.414777043737185,-9.7214534627503,1.5732294733670829,1.0345991359374802,269.0873194076784,1.2020334306226106,0.20490494264239026
93881,-5.996320062742093,-10.066342658318625,1.2795424092941559,0.887872831469373,468.0175082936471,0.2795121258321176,0.20496888703976893
93882,-7.831121960803412,-7.518338992018107,3.3493681441428294,1.047039730593808,274.1342795016335,1.672446902249522,0.20497920299374958
93883,-5.47347378821766,-8.692334419757625,1.2580929750095964,1.0712026058174,277.63114191809655,1.3221648066483764,0.20499864543454732
93884,-5.035170775987431,-11.342291806021887,0.15366244729184536,1.8852075213898587,464.1776467944943,0.15028752462770534,0.20502526513921537
93885,-7.742301469065775,-5.625707716489775,0.9041633087204992,1.0345585835788746,468.0659206765081,0.7113997198717525,0.20504834198067926
93886,-3.9888044556292837,-9.540453818991416,1.6746713858081055,1.2199001890580634,308.59339631733354,1.7055348434061282,0.20507870321703395
93887,-5.7381858711109155,-8.348554559257423,2.8956607178000238,1.0850516810819424,282.2547940120431,1.174938222054985,0.20512632391772717
93888,-2.696337198935465,-9.988208865055734,1.4517852284628416,0.8945271145683099,187.02134254579286,0.266393640049313,0.20518683088483106
93889,-8.035085543154837,-5.860344889206102,3.114316905584044,1.1497951105750432,294.0883091896482,1.0557312273993356,0.2052209094219596
93890,-6.614655510039439,-7.856938469133529,3.2849081253272865,1.4853470857260227,468.3749427778988,0.5269754183559199,0.20523400775594874
93891,-5.573139277635835,-10.35298393083243,1.0824312762093036,1.8054669895639346,430.0377699702408,0.4198359640448972,0.20525131023678556
93892,-8.280030858285642,-5.540125530916783,2.720211617311385,1.1023285998190504,468.10645636193453,0.7759554352262432,0.2052721068813423
93893,-2.737685351674541,-9.158189550681563,2.022468385633104,0.9937909614156787,193.9492167211145,0.00051191719649335,0.20532199163275766
93894,-4.608729066985901,-12.463842958970863,0.5601604362092668,1.4980349167497204,468.06324073773965,0.7100512887024335,0.2053260870474403
93895,-6.488423265808768,-7.903442969670538,2.49783259844657,1.1279678380654286,264.9750380167151,0.2376454491281832,0.20532794178322078
93896,-5.9432559646782614,-8.564300416956154,1.261971047912118,0.8214516033385716,234.05802337766067,1.1829067140694374,0.20534266029087309
93897,-8.447042370232277,-5.746200222936751,2.321919814274709,0.8046057219875121,451.5464087693008,0.5247093771863645,0.2053464950901069
93898,-5.267452139022037,-8.508134959743,2.620485787765567,0.8484084718044965,188.8483321566087,0.351254906363482,0.20535838588383437
93899,-7.01425444513889,-7.508863523476008,2.1519322601519137,1.8044804384331534,429.0112350492894,0.2841374560644576,0.20540471946563263
93900,-4.440334206419584,-9.799699961814119,1.4490273159225682,0.7688912533546605,217.55699909301214,0.5884649519756007,0.20540693896062667
93901,-2.5240158912786654,-11.372021491243872,0.7391765727232672,1.8798585550046536,378.19911024037293,0.6124108054433544,0.20541279118600045
93902,-6.718161788845597,-7.720143157286274,2.6701151201409643,0.976374719696209,136.5964183925381,0.2841281039928578,0.2054721132994964
93903,-8.222850922238354,-7.397890830873148,2.6730626497328136,2.5043910876004416,441.09118588390976,0.6035589510959509,0.2055113332850585
93904,-4.024609250970343,-9.054392737334004,0.7647613846326717,1.1258035719329234,225.35429057954417,0.3523517001179943,0.20556283672972192
93905,-6.64762681045919,-9.018932377948197,2.729319711741172,1.1287085006258692,218.79194901417998,0.03887701327706328,0.20556555565975376
93906,-5.699047454148481,-8.293913302490015,2.4282248839338343,1.7647789293416074,419.34151391099715,0.3179034171231514,0.20557290685268045
93907,-2.7294928553010545,-9.40830286340905,1.9251231679134218,1.133736114216547,292.84530492472436,1.0775327468684948,0.20558110764079193
93908,-3.5823408620367703,-9.788651338423668,1.4461631407797972,0.9451117199851182,468.9572094262618,0.6026042925928481,0.20558623838172493
93909,-3.6181581222852985,-8.684566892438877,2.180283802826715,1.307876256069013,276.605869237193,0.6457536922366343,0.2055905157591862
93910,-8.484710146373645,-6.8413577874888105,0.9189680990232899,2.5464047779420875,230.84702955390856,0.22650863026708112,0.2056114703701871
93911,-7.787531596519219,-9.026930233427414,1.1500941084199794,1.0742560594611714,227.26364432318525,0.9593304839461592,0.20562181350140268
93912,-4.061131703500942,-10.878098851972076,0.12568034683022564,0.8668020616837199,467.9293327670907,0.313331108482342,0.2056252466011939
93913,-8.18696613420406,-7.718658296433455,2.3878945616688867,0.9178854647652512,467.9955778093211,0.5059056862028095,0.20562828521738338
93914,-6.091777683670105,-8.387461102647421,3.235863811811885,0.8542126646336595,467.7601232945575,0.30803030079370064,0.20563187126930377
93915,-4.029089276801127,-9.97348554267386,1.32016761269616,1.140808152616513,257.0981669340508,0.5163687326039428,0.2057071536809281
93916,-6.2509873100019675,-9.34148242770697,2.206295869318195,2.5761854773996835,199.20397330850506,0.2885957488442532,0.20571397847002834
93917,-5.182272854376997,-11.241088844957297,0.6725432508784576,1.2104350222628437,305.2076931819005,0.7326718647326009,0.20572772883674037
93918,-5.21294003347326,-8.510067724950478,1.8544163460205931,1.45081395525351,468.37988312796483,0.5288572932363298,0.20578112923769581
93919,-6.003622546635826,-8.202092732397102,2.966879293581984,0.8708883363615854,451.204859230927,0.7490663182006934,0.20586406436351506
93920,-8.107627675731536,-8.234968204947712,0.8847741344634525,1.7968103086283806,467.8805495420897,0.313237474464942,0.20587823995610224
93921,-7.88074441062912,-6.8632402420355,0.717900342277516,0.9980586681556706,207.85445586793966,0.8261137641518639,0.20594511335274157
93922,-3.0421797914175643,-11.807639952465296,0.6403976589503179,1.4100210845315244,317.47857732702244,0.011640245530185389,0.20597912016550274
93923,-8.226651025859615,-7.990420526766906,0.9206498054005806,1.1256817968378632,468.0591924773029,0.7075177155265298,0.2060004851023815
93924,-3.792462578316459,-10.587611258250238,0.9005915318634053,1.1523412169216383,298.3198502095952,0.8617906595571458,0.2060040584923542
93925,-4.739283053159477,-10.665963969033008,0.8635366495544889,1.7741881191288282,468.02691520852227,0.34635342119052925,0.20600701253440315
93926,-3.9211001032367694,-9.178255097345698,0.6266730811503964,1.3345861294018546,320.41500735609196,0.8886396301317081,0.20602948882641495
93927,-4.026926819159151,-11.855795140894628,0.12612638007288715,1.1065477265635748,466.977392672217,0.6188118086056766,0.2060348948071355
93928,-7.402072513705622,-7.597145014121291,3.656158359185313,1.5822597065567348,365.34351235712643,0.08468508592757473,0.2060371542041165
93929,-5.410087806269885,-9.94508490127491,0.19697774747058405,0.6501876898138917,130.23329904567072,0.11448622162029576,0.20604597984084214
93930,-7.424534934623705,-7.190694630676635,1.3370030460820412,1.181444123763764,303.2855296248303,0.621167715869686,0.20608560795214603
93931,-3.058406023838054,-11.2569572109277,0.7099965193908057,0.5617582300928171,134.2674020928564,0.5425340678222783,0.20609681105331312
93932,-5.160226526669877,-8.8669732905257,0.9599471593907799,0.8741804165120521,220.91522637838366,0.9084085314556862,0.20613556758897472
93933,-8.429956732891972,-7.514116745086488,1.6949096667524268,1.026837294981258,271.2373331895369,0.9778158039123328,0.2061739768981003
93934,-6.852157894761689,-7.732687153313625,1.9986134958033257,1.849089862789383,445.1365029587363,0.5727620813105192,0.20626791328546748
93935,-4.978434666551907,-10.71144676840922,0.1470315579628719,1.1739912522304572,257.6976501756834,0.6054565852907237,0.2062834954060093
93936,-6.523178439761892,-8.211615982040401,3.4899611404219417,4.720574759042994,526.5851524771663,0.10700220387075188,0.2063274531451166
93937,-3.09704787628955,-9.418356579231027,0.5103462976969643,1.213343274369192,220.73397641370136,0.06102551751342755,0.20633774783591693
93938,-8.014624549783406,-6.384235129079061,0.6354246929468588,1.6169500315936787,468.01045693603515,0.3487400524068276,0.20634828010003933
93939,-3.73628454245822,-8.71074204201403,1.6229916335532015,1.0685051847028582,467.87099499978234,0.924067698249182,0.20637357599688538
93940,-7.714362071681349,-7.120652035868082,3.6082287656424947,1.3374423745659487,307.6121761501203,0.7290401229398045,0.20645126262628333
93941,-5.490190276068379,-11.878047271834273,0.21829466944761036,2.4582258746514207,447.4017379730208,1.1168318701284319,0.20645950727381354
93942,-5.9275256856466045,-8.658061293422081,3.0287723816890333,1.7020346347533988,402.29486370934325,0.33634551042679117,0.20646047528805925
93943,-8.523237691481745,-6.933362977035716,1.0058327631549204,1.6587734015120272,390.62874192609553,0.7207774792577561,0.20650610616811604
93944,-3.382558851518284,-8.782103594313732,2.2878321011273264,1.7788284744966822,186.19213495618342,0.4311265373102744,0.20660493125691853
93945,-7.841438286396487,-5.953110178987143,3.1264341083286125,1.037508422176269,467.19875917772697,0.9274109085660251,0.2066421102902138
93946,-7.490557272216249,-7.542148884474817,0.874784748021258,0.8321707888163159,205.93523856558338,1.3208531519131368,0.2066599925946242
93947,-8.197392777145884,-6.825416944644249,3.055988858256377,0.6943846778691085,179.02451675346967,0.06742591967800404,0.20671735951853873
93948,-5.687474724451494,-12.29920481914526,0.3672145819298642,1.3196920433343662,468.7799580980065,0.3952106610069732,0.20674098141034342
93949,-7.521794492934752,-6.431766603932494,2.1413245409845247,3.3030888039245823,523.4458578175921,1.5599068712122763,0.2068096042228125
93950,-5.620196991362519,-11.816717080834467,0.533585921520891,0.8304020109258946,468.0282281763641,0.550351276575066,0.20685438086058544
93951,-4.263049443016702,-9.971589987423592,0.19636086400028657,0.8906313221367822,183.2395985415469,0.7411488409023503,0.20687097485222378
93952,-2.567846886466624,-11.328057525384368,1.065776877472363,0.8059480188695062,211.8721651985334,0.8995881470447076,0.20689569647037648
93953,-6.0268225679142,-11.44701491030481,0.5101986742135555,1.2538135412891633,262.7605065375008,1.0290798563259527,0.2069838513838951
93954,-3.5959222128230914,-12.278747411913434,0.5849877799337152,1.0231473688134076,468.0941579671007,0.8270769566948184,0.20699291013836427
93955,-3.931404675518918,-8.848065466353418,1.3280862809324283,1.1811196753301663,294.070795550712,0.3354507668752831,0.20699355646987547
93956,-2.839131415487243,-10.116554924526456,1.2920338474859194,1.1601171840551319,239.92253158763228,0.23173969028921082,0.20701140934511286
93957,-4.401035787173788,-10.805073747835909,0.13133642417956012,0.8089662158052819,468.026667393496,0.029003001563837394,0.20707171005699287
93958,-4.6387332193994535,-10.624670612223591,0.8787972716505141,1.1730823618676443,300.10230367932786,0.8273803061137732,0.2071318919011298
93959,-2.817636480161018,-12.731618963185342,0.5899190591044924,2.168880919571254,418.3523370017814,1.2232894217791426,0.2071609268434153
93960,-8.373404252676014,-5.492266906346254,2.4975826917053126,1.1198062829908448,291.2034873221985,0.9702235018536314,0.2072099802805574
93961,-5.75019051563611,-12.087318373620143,0.3583811958457228,1.0194224132882022,266.9596026349074,1.6127339475296383,0.20722970315636283
93962,-5.266161137032361,-8.6642776169571,1.4329537535761612,1.0784096681629232,257.9511189047472,0.28659472826452426,0.20731693846735352
93963,-7.577017301393173,-6.643883443846947,3.3109328475476203,2.5288124252333057,446.6653715511639,0.6507063846806238,0.2073665900027384
93964,-4.843564340630197,-8.981401009529302,2.3842964663408712,0.7865002755417635,225.57956089842068,0.7889049690674517,0.20741062945008015
93965,-6.476873708055532,-8.286193685412329,1.3561620515951012,1.6348214654875395,467.91316783932234,0.6001461468586475,0.20742050935871528
93966,-8.049210734715505,-5.8457319509656225,3.0812358153449115,1.7992717544665697,468.3712543877307,0.5327601967260351,0.20745096095173643
93967,-4.026668734492849,-11.773197639382657,0.6222698912944926,1.2249298149541235,468.5151622383457,0.6613693868062454,0.20745546913615762
93968,-5.617821430681551,-8.99166963268686,0.6505939401113466,0.7990556122679604,232.1657480601381,1.5020430836699203,0.20745695072864448
93969,-3.064203936002383,-8.694755868315127,2.019973435791447,1.354418299478165,324.50842562253666,1.997396132011107,0.20747698383108756
93970,-2.5472669378826573,-10.675406061466825,1.109737529363002,1.0558072189314678,281.0749369275054,1.4625944801446105,0.20751829965644167
93971,-4.848916519945336,-10.440306851371606,0.9940441691581609,0.7370701421178603,218.00541460440655,1.1703988904256954,0.20752548348863445
93972,-6.016787032059875,-8.685544742021117,3.0372458413938555,5.621413997985327,589.5297837635861,0.14777998473820286,0.20753168106880346
93973,-3.105019955266145,-12.61989928573293,0.5760117045921949,0.8816721399075621,467.71893295828147,0.25559347399926313,0.20753895353777838
93974,-4.092648871066808,-9.836961509083459,0.22280664880037376,0.9532884900271951,260.2234218602171,1.3496773135616325,0.20754431223623368
93975,-4.517942812997491,-11.555851751743095,0.6416782360255557,0.9511584827114297,193.500801046689,0.15473624934581753,0.2075798372083812
93976,-3.0929076530806254,-8.725678217127681,1.7564500033789399,1.101378805665993,283.47810052897546,1.7428571197355707,0.20763159999679012
93977,-2.5810239211676755,-10.25515979263296,1.4966068890794204,0.7681113409994922,468.30584678296964,0.2963709671489676,0.20764531011578996
93978,-2.566227037212504,-10.200791789185601,1.036091729775961,0.7694153854662429,151.6853272392673,0.19682659643924882,0.20770037823521018
93979,-7.247556195959728,-8.274310690162942,3.3152456596946887,2.157545249726061,421.4004926894365,1.7127306874040906,0.20770571096223997
93980,-8.190822799913843,-5.464730878541595,2.8434140892146718,1.1482421793339475,252.32274882200016,0.3760997568175437,0.20773404772763107
93981,-2.8539004579267555,-12.973278997646966,0.1556438950365407,0.8610296378122538,247.25947429941797,1.1935837434454912,0.20778798813562904
93982,-4.177751352075381,-12.127470089166165,0.5891710309969764,1.2581356033060738,310.97466003128926,0.8220659538998722,0.20780340987377943
93983,-4.909793239707428,-11.160896009170344,0.697580174865851,1.811781800488937,432.5056201493237,0.1923018753190755,0.20787153342161563
93984,-6.542312834658267,-8.356592867733493,3.435253961384132,0.6652728090983756,467.85267823519865,0.4673551719405502,0.20789190458713783
93985,-4.693078379453446,-12.425703734310016,0.5518109772165829,0.9212515457089201,467.756987200438,0.807499598066391,0.20790582034945979
93986,-3.5762784581563025,-9.438359781247357,0.40268170726274466,1.8308194135192566,438.1037215069052,0.2721802229377497,0.20795294084335478
93987,-4.094523409351114,-9.240967109073381,0.5715044786708807,1.1018065338173797,220.5288051582445,0.4376896592840449,0.2080005519400412
93988,-5.806363141249072,-8.256555951236898,2.4738928637755544,1.35745641938351,322.26906962043375,0.9936105118005143,0.20803396084380416
93989,-5.182981487899076,-8.692560067841075,2.6556182694653834,3.365781850246324,514.0100223545267,0.5394609943858386,0.2081293820271531
93990,-8.247989150764925,-7.284371217476877,2.696058889999213,1.1073987003992387,222.64281792877205,0.031193447968957067,0.20815898758872475
93991,-3.623344026316575,-9.458568633599079,0.3838865994995261,1.1847312169915154,468.01109818892917,0.37299142182901424,0.2081595768266314
93992,-7.993517117930242,-6.229931949784191,3.2651298182720567,0.8812589489824729,243.60804659524646,0.7353499711291036,0.2081753688941229
93993,-2.944238108485708,-10.614641822388183,0.1797292922263391,1.375699621214179,308.04184557088604,0.0693306777313838,0.20817674554737298
93994,-6.085016486715801,-9.649660990093466,1.6563531165766636,1.8058702992329487,468.0939763824523,0.14544122872772647,0.20819837558954823
93995,-7.6595174032890005,-6.478127411974384,3.293277909449198,1.0265351108410563,467.9667691499418,0.6276512249887185,0.20820367008746987
93996,-2.6261832460138095,-12.10668424114241,0.2386116299242022,1.1548295083870659,284.36755098538026,1.290333466979865,0.20821393867186938
93997,-6.058256612863807,-11.248930980256903,0.5662470658111378,1.7991530584623447,468.3212737398556,0.5888729628786322,0.20822820316876955
93998,-8.237271910286477,-6.575999870841201,2.981138426612554,0.8347043217391945,182.80837419841706,0.28177366680154137,0.2082769704978929
93999,-8.616417885536116,-5.4619768538620255,1.2504713242973995,2.143420014098482,417.9182560067264,1.438593301865744,0.20828565642557523
94000,-7.728680099257495,-8.194585156464097,2.768036087213398,1.165165546205212,289.3407408956193,0.1960181452931229,0.2083806098482931
94001,-6.6154288913417085,-8.92934690083083,2.8440213961494454,0.738667346059598,202.142947765156,0.5717014260055109,0.20842327150219436
94002,-8.215256981659705,-8.042648862888239,1.6953497510678446,1.5749961436854294,194.5705347736845,0.46181573231690987,0.20845530542662982
94003,-2.7472309237936035,-11.34966477836835,0.1813901412392882,8.291244528689482,631.7706165932567,0.1037683339332256,0.20852220749797964
94004,-2.600049058914939,-12.179812201786381,0.7952876574996198,1.8777162414655424,466.3269249363726,0.19357559873990127,0.2085599459426213
94005,-3.6406735109249784,-8.778258832557425,2.255279037811069,1.8685961427470066,468.35931229022333,0.08082730768394963,0.2085643804932942
94006,-7.664845657850167,-8.969335566015722,1.6103554584176816,1.1582955372930464,250.17785107842798,0.650774901269509,0.20858628464812787
94007,-3.0148092679324403,-8.80499434561903,2.182261552253441,1.0876382323706686,467.97909698198674,0.8188312457336373,0.20866712322128778
94008,-7.712069966782154,-5.854766657443193,1.3273834589268036,4.092485161586329,210.92226302371483,0.36319204326347165,0.20866944693733874
94009,-5.336038743998592,-8.910026077592253,2.5841279866052664,3.179901949365278,514.3185989775345,1.6423945299384917,0.20867446831829012
94010,-7.642482386382057,-6.978523886307168,0.8770521871124548,1.756898830327539,468.73790808469664,0.8668900903377432,0.2086953500853867
94011,-4.359258667168476,-10.516300809033194,0.9276997645349819,1.1572169647401032,468.07189271125117,0.7149468028113946,0.2086960887699966
94012,-8.237558037590953,-6.093996357733051,2.906926514215089,1.3167767239239745,288.0952685450954,0.6681097110625922,0.20870715527882822
94013,-5.280744441335416,-9.178690064669754,2.2181824321646744,0.8682444821039665,157.1152195822487,0.190758789836444,0.20870737151057556
94014,-8.300988380852958,-7.719799775669541,1.9653774371640576,1.2047623494977002,302.70122559324034,1.5271730951291582,0.2087075002151472
94015,-5.19162520695915,-12.201250118777631,0.5353129211630574,1.256768407172735,313.1131764064139,0.5673812261792177,0.20875364731163792
94016,-6.7880062572321265,-8.179675182986122,3.5606098630589567,0.9606072675786194,262.61618263526077,1.0126815877920565,0.20876639971860397
94017,-8.397354733403416,-5.645507769892131,2.447964487767451,0.9374984877732973,468.12482071112487,0.9187652779639004,0.20881517899845034
94018,-3.248375355939773,-8.97620183901891,1.121801747647347,1.5562692719523858,364.15168038657697,0.2563018861110038,0.20884097773125773
94019,-6.626593688540218,-8.511574524100212,3.3256755863575873,1.3814266867538854,314.15655103015206,0.07125483811137734,0.2088441825385618
94020,-4.301810122194766,-8.908981871867276,1.1754377551374828,0.7202763117898141,145.1506927546775,0.35540183175668716,0.20887392424799808
94021,-7.083772004622062,-7.364584204884506,2.479401001218196,0.9821756943389557,151.25121362928112,0.21789431796837544,0.2089136246480601
94022,-7.834740412965504,-5.422634555113949,2.8017413663407527,1.6001564223483673,468.6758867575493,0.2549706787178314,0.2089180823806309
94023,-7.505143588480005,-9.227722652498723,0.6245912055850924,1.2678912480572209,311.3795441549151,0.3927743668689354,0.20897407632378598
94024,-2.5605433528346078,-10.505513869993882,0.7014646263404973,1.9046544041236917,390.50298114567187,1.4035231140165685,0.2089851414081331
94025,-6.925987277862561,-7.669862440563764,1.9915437077877858,1.0717362006327082,468.0962738950403,0.8502283330999711,0.20900562636632164
94026,-6.242777660464922,-8.108092255439445,3.1277710254989937,0.6912523945605381,467.7826238955805,0.38114027809670326,0.20900637324061602
94027,-6.459140818478734,-10.16797734433921,1.1543583458897264,1.8010260523920245,380.8229302347204,1.686244322733419,0.20903079592543342
94028,-4.615004112802211,-8.625769835650864,2.3257253597912793,0.9402789240646827,245.2911097912987,1.2870193578794282,0.20906306746901585
94029,-5.412126555220825,-9.75119700621734,1.5295968687938168,1.4199423333166143,467.97356866749817,0.6063176894704254,0.2090804550242945
94030,-7.941786734340923,-5.407777594235571,2.9490817478095903,0.6858808273413773,145.77227561379976,0.8764298727862334,0.20908101764138684
94031,-7.7254173869018405,-8.187347858033217,0.6945928094002326,1.0778578161264556,283.2522566906654,1.4778020543766663,0.20909448394086852
94032,-3.311053526905642,-8.694434926437133,1.8285070312291065,1.0883996404931622,468.20461144374406,0.9062980750474834,0.20910780592091746
94033,-2.9764755796085094,-8.889666343204512,2.1733991848230847,1.3465092981547846,468.8875049571037,0.46498822396386164,0.20911815167847603
94034,-5.575918308076091,-10.069537604577308,0.19069907095909094,0.9339536778029679,251.29074607811125,1.0009314155706486,0.2091680983069342
94035,-3.2851297205343224,-8.761394400738293,1.5852710916822212,0.8115100192864709,466.951173070195,0.08903983740246968,0.2091865391377089
94036,-2.775992008204221,-10.867266985556618,0.8225741388283249,1.3187384057202107,324.0213695637184,0.4077343013359078,0.20919005124630455
94037,-6.7881553840805475,-7.802255268929452,1.9732590772165897,1.6662147602535897,389.0417641118836,0.6790338690249378,0.2092105442654968
94038,-4.813959492271881,-11.922535524412222,0.15743944934985635,1.1347183876172262,467.56160553549154,0.5651889345702203,0.2092143943258032
94039,-4.903827408166556,-12.650035898963644,0.5174936002907993,0.6504521133571943,140.45989828927017,0.22926582886625013,0.20931776636228186
94040,-3.611904995791128,-11.022886397583312,0.7430582373002601,3.311489433237801,511.8225672219119,0.5927994271656187,0.20932317902380915
94041,-7.675311726045662,-5.674858162821401,2.108400251655822,1.5754173016274107,346.0962699974343,1.1902679822986881,0.20932895467282067
94042,-5.533449402199024,-8.384307726406501,2.148719363028699,1.0707712175647084,286.9904601122621,0.39059041573828157,0.20949572303233954
94043,-5.855275840141925,-8.405059659791917,1.6581944267884543,0.7930655180385914,462.0522477642128,0.5253741681468496,0.209537354853297
94044,-7.606390818642046,-9.299608778988636,1.155402256869795,0.9344711342923028,468.08019611373555,0.7195725072677828,0.20957007946760786
94045,-5.661129860069389,-9.933964220392081,0.20692814505585633,5.637856908019507,653.8977371503552,0.5705502158587299,0.20957395050709268
94046,-4.626666941449656,-8.845482201268878,2.4027281004834595,1.6810614377404203,469.74211402238336,0.16863484944379703,0.20962053371581388
94047,-8.56926017293338,-6.526678843288792,1.6775995506949704,1.2371232404217771,255.97100192923088,0.919301223870213,0.20962332104979758
94048,-4.593175668412719,-9.418136541563744,0.3999469649639898,0.9404387553027196,206.40813753380218,0.4567922378508289,0.20969599182532944
94049,-5.759894442094426,-8.885297232206987,2.7438698009604745,1.860602128531636,446.6623131655025,0.06276093180831843,0.2097218512670601
94050,-7.143623087950932,-7.303068835196089,2.354173205123232,1.8293147436809822,381.03379950051453,1.3560843848448512,0.2098108001749021
94051,-2.7405027748653197,-9.5074611697076,0.615916111822132,1.0877909855076282,216.27748066045973,0.4282659041775787,0.20983029228679617
94052,-8.61236567152487,-5.27205528955499,1.4343564384510976,2.951486059071663,467.6848917109376,0.19745540601643885,0.2098841854261748
94053,-8.60691678308909,-5.47468873511835,1.2122761358487235,1.2052256679451419,306.7693112334466,0.5309080155322574,0.20988424432782424
94054,-4.8450261913440364,-9.072962260843518,2.266273051242156,1.064402557465953,262.79153293977964,0.1414745780783484,0.20991279295963913
94055,-4.292926880994912,-9.59335460788205,1.6234064422016765,1.0935217015554075,256.42192225953056,1.0985629273277864,0.2099316122722626
94056,-2.767454999514257,-11.412016323942822,0.1774534801243972,2.4810371151429016,432.2898865205295,0.27567706325537955,0.21002088105222771
94057,-2.6825748044081763,-12.95595726381958,0.6105642822334588,0.7579358372651872,152.14027043968144,0.21295762091237425,0.21006139241398397
94058,-4.739455630493097,-8.648594441702002,2.4350613543259887,0.7098559035906586,215.44932737522612,1.1830133494019845,0.21008214382578783
94059,-5.871925325978656,-8.970688479506034,0.6226773899601505,1.2707429328996906,310.07383768065216,1.4146119310759593,0.21008504156656108
94060,-5.226791376907169,-8.550549407057666,2.630902125408906,3.1814084580496513,507.08181226065284,0.38811308641922704,0.21011375271523605
94061,-6.434190385375027,-8.023000070518435,3.261985985400226,0.909115306643932,253.43464198032703,1.13048466313575,0.2101502036313278
94062,-5.9666099251990525,-8.724868359074286,0.9034529627406764,0.9141453929215596,237.33337393448775,1.3016598676250135,0.2101750237215272
94063,-8.577489988133854,-5.714807289713207,1.0523619354982086,1.019943074336783,468.31247334167944,0.4643122911316899,0.21021395190774408
94064,-8.131164427172887,-6.632665230400103,3.175795750486779,1.7421557420947071,410.6044172952351,0.20683840553325172,0.21023484408031468
94065,-2.5911977743648187,-9.872950029902297,0.9342334805502778,0.9679281188602638,270.4342285790443,1.6145262015923034,0.21026817291231015
94066,-4.1968279625045035,-9.052509894633829,0.7775166395381872,1.5106178770200869,468.83101308857965,0.1891260433085682,0.21031872559368034
94067,-7.685947854472473,-7.981228184638895,0.7269553038316068,0.8142438004390268,324.25392038855244,0.05216616154483855,0.21033851440330686
94068,-6.476098148878476,-10.144095376858964,1.1669432275839604,1.724060157899791,467.81707224695873,0.2697688742744546,0.21036156090148705
94069,-6.1131554663988865,-8.118446101758416,2.5878244344884047,1.8919261994693557,469.19544563529513,0.18150645007564759,0.21036619725169717
94070,-8.4873327792466,-6.238396200672377,0.8634935875660206,0.6685749078080625,125.50459936318349,0.20956109227464914,0.2103724763568906
94071,-3.70853178919334,-10.377478545531716,1.007391819825075,1.774872283802981,470.0289688244447,0.16460120083826002,0.2103861707761781
94072,-4.845248231629796,-11.797728567116211,0.157736705346444,1.4852886660807572,336.0865818740695,0.4213071124026744,0.21039188392877672
94073,-4.31952977241987,-10.836036392326122,0.7899638047487155,1.8073387130541907,467.5905305997502,0.37314927828135147,0.21043464003033682
94074,-4.753576367560466,-8.784864680191255,2.459115070185664,1.3836910783914127,332.53789502899576,0.2880141598592276,0.2104358258728883
94075,-4.028190656940267,-10.185376183760352,1.1572106489691136,1.1840267368469128,300.93136519737874,0.7557062677178266,0.2104452433688829
94076,-4.921993477785015,-9.063044983407433,2.2909584116650645,5.395371490243353,430.67416646063106,0.056244679514709794,0.2104537074142913
94077,-5.364788571886562,-8.84542195022486,0.9678483246012821,1.0893347050290805,289.32004005310483,1.6236780508013924,0.21052543083296985
94078,-5.698840981256714,-10.60223133434318,0.1871777048954997,5.866876599219791,655.1567097934116,0.3078281894761723,0.2105296591034742
94079,-3.4152954486620413,-9.003576314612328,0.9558471724081584,1.714200093978387,403.3694999053133,0.17662809920286637,0.21054009429504894
94080,-7.6284065023061824,-6.926130325893849,3.5501608603271233,0.918012340266811,185.6955724754675,0.47145158850122915,0.2105453266222599
94081,-7.809803745315467,-8.009112167262348,2.858338763877917,1.5022553058566575,340.6415253251103,1.1328593475355015,0.21055171914957518
94082,-3.377167681418312,-9.889367260110099,1.3590548715812085,1.8380106251750998,468.27393676949214,0.5657875125194396,0.21057301745129092
94083,-6.776585817014051,-8.37007038298643,3.4349819502412386,9.949029550170406,525.7354543369572,0.07978404032083297,0.2106077448430879
94084,-4.907230055870575,-8.74034649272943,2.505082151756053,1.0687096177625008,287.6612345208515,0.9124670291984591,0.2106119474200203
94085,-4.758706092756667,-9.093113291739348,0.6899980840308548,1.4202533279349234,165.24090203322098,0.40961290396693517,0.2106368629663677
94086,-7.68118194772075,-6.074740476573217,2.8837097893563444,0.6983561552737199,133.07135323126542,0.24504588773937286,0.2106984614829552
94087,-5.930934623380981,-9.192481351586467,2.3794490532416157,1.2569101015321473,309.0179500213469,1.77926154159411,0.21072658933757066
94088,-5.076940439014752,-11.906088356081565,0.5722381599167736,1.1569409232487442,297.76926586637745,0.4769777535307851,0.2107322733229979
94089,-3.121196451214054,-10.127295496277426,1.2139147660274152,1.1364478678474004,282.827404358066,0.7810361203644272,0.21078818062884547
94090,-8.584129528304402,-6.797433288307805,1.2560949946127016,1.0020115683833197,268.81628694559794,0.9777615629280794,0.21083693685226837
94091,-7.619367541213064,-6.540246540764591,1.328263049356639,0.48375477573463815,147.84557958448264,0.6277058950639391,0.2108670822733304
94092,-7.7386969741540135,-5.054949312763144,2.040257283751021,0.9421058079314638,192.6265475383105,0.20341415831071696,0.21094747957602666
94093,-7.148840518702257,-8.292021656107165,3.3603683042828183,0.9204657127953643,255.45836772949093,1.2873377674860427,0.21094980796087556
94094,-5.620970372932344,-12.379290620016107,0.3693717780422104,1.8531507071763926,444.38440280718845,0.2782595501512386,0.21104331852929134
94095,-3.9445504016808677,-8.929555274663311,2.253693923486824,1.315676698747722,319.86281309844173,0.3965801088548835,0.21104663700254422
94096,-5.634920462128502,-12.20362780553244,0.4608761416132578,1.6007336738227762,360.4986659947582,0.9501585964503043,0.2110538917221474
94097,-7.832143861912032,-8.626550878602675,1.8138756029236518,2.4991895259603676,449.58355881872126,0.9658847243352193,0.2110797857991021
94098,-7.936816742188396,-6.288708544832909,0.6586781261005439,0.6741372325870193,467.5638600264899,0.45021433377158804,0.21108004735153096
94099,-7.129027792717366,-9.659390055868487,0.5212640311672961,1.146554976276909,296.18015502029044,1.882765051138632,0.21112614925755155
94100,-3.303223034036723,-9.017224946480761,0.9418780708347226,3.534768318734359,303.0134161575646,0.1448352803716615,0.21116073374928795
94101,-6.187774515255114,-10.697235801249244,0.31112310791783643,0.8729940622125059,218.2678916331442,0.8168693191750487,0.21117138070285701
94102,-3.7588112258435515,-8.933664982444776,1.178520967251023,1.1211236722371871,292.607969836623,1.9604603872042725,0.2111828188310001
94103,-3.137209492176628,-8.91339312599165,2.2097312641187377,0.7356772216856412,137.2746712043155,0.2729056898252855,0.21120983640381438
94104,-7.770599090194317,-7.872437031257416,3.088789786406202,1.1954501780180316,306.61253066234065,0.6069628209189677,0.21121396587859959
94105,-5.852126679403734,-10.483919810264362,0.9180518999042843,0.7896018139117547,468.090434976491,0.30395700249694624,0.21123225945480906
94106,-6.713911314775339,-8.571745994869922,3.253808074395553,1.2862848978473664,316.937016418514,1.037932527437465,0.21125624854893404
94107,-5.295992983442153,-8.610169560825977,1.5607974158435742,4.333244230219439,277.53991950591814,0.2294965764130703,0.21126976283725682
94108,-5.09898176558611,-8.526143675646708,1.9122322829344274,1.0478836730594125,275.95798858541485,1.040891281710194,0.2112955091056684
94109,-7.688821957291834,-6.14563759451097,1.2293059159377386,1.0077306727535862,275.0958518543419,1.1965481565052425,0.21132958657571466
94110,-3.719588241847962,-10.957357864304369,0.7544060706323102,1.1970951264566394,266.7500064367594,0.2434956215076607,0.21133978865486971
94111,-5.385386212213366,-9.35446735693231,1.9691802653260548,1.066649623285042,284.3240402718316,1.6043673288966724,0.21134167646188742
94112,-7.698833793462393,-5.473289327973579,2.0426481516377666,1.4976860745943739,341.00990006677364,0.10853927585859768,0.2113573799080333
94113,-5.294290545349996,-12.720469398709675,0.47757370608565414,0.9698246611639908,268.88422850962127,1.67553744599721,0.21138235606426486
94114,-7.678151959130249,-6.668686288326645,3.432809317858541,1.0780593519594224,469.832689783468,0.23766679434610705,0.21142701550354093
94115,-5.7779384392324316,-9.681083326807977,0.2483066391955298,1.3764236016937108,468.40057328483033,0.5717256060280187,0.2114489163863211
94116,-2.8636135760898105,-9.176188063317966,0.9886933181481619,1.0020015922215761,271.4297882721264,1.4793981921281611,0.21145075986335918
94117,-2.9071726227629355,-9.153209940801906,0.9567662408956108,1.2457662517708321,467.7981860596571,0.5071974333953495,0.211517822653041
94118,-5.709768586268013,-10.671424240272344,0.19089947918023736,1.8484774934980506,444.1522040925038,0.7622251710992867,0.21153526249175042
94119,-3.6410476505444898,-9.256623837550361,1.9243213527175849,0.7475146207738343,466.83305410540413,0.384791705725938,0.21153595696468883
94120,-8.398085971726896,-7.410846274268794,2.0037366683338163,1.140792819651828,263.35146243255815,0.7411020113370315,0.21154058983993626
94121,-3.9782017386166437,-10.610574097085673,0.8677248961126165,1.8601011095469977,445.5497095648007,0.16223130935202335,0.2115520911685891
94122,-7.691647418921676,-5.851688491380194,1.5605221382519392,1.183138934479728,258.73554388282946,0.8054285165432704,0.21155550389202368
94123,-5.841177969709849,-11.868366988519762,0.4394933199562247,0.7702606661147888,156.33711746640927,0.22981882862676262,0.2115614190253731
94124,-5.763870043761181,-10.240817735599775,1.144926516016307,1.2971741305999007,318.44033729827527,0.2686025467619553,0.21159646654619005
94125,-7.001643569507179,-7.610155441890253,3.415161009081767,1.1324134633053435,255.65009316063586,0.07801286321365009,0.21160350102666597
94126,-8.411971875012675,-5.752576742835508,2.401698196253162,0.9318507507019813,259.7786597809567,1.4116637745001794,0.21161555040322208
94127,-4.768754663715725,-12.53906560054613,0.5267555820085396,1.7976202864063366,425.76249521445067,0.6340302735939902,0.21173903643750044
94128,-8.583877920020152,-6.763054913123033,1.4847380065780367,1.5271610627273666,345.78367845996314,1.699801689935673,0.21174205696972137
94129,-6.18058746915744,-9.462876862046144,1.9203364399683012,3.9509963543567554,499.77640512432964,0.15959679833857177,0.21174314134644134
94130,-6.908770783946492,-10.120930995610362,0.9497158396944784,1.2340112301087476,267.6993131204197,0.2509857275900895,0.21178177020226757
94131,-3.310256216370907,-12.555655909362615,0.5529715898940366,1.7537842195093731,414.32458526124486,0.17488079672133772,0.21179457894389883
94132,-2.9542512319235765,-8.853176369016163,2.1044108484394366,0.8636722956458291,468.7442936202429,0.21134433909339467,0.2118007136603476
94133,-5.844771019374657,-11.846998077057027,0.392089661956682,2.436557545147328,452.13090856660557,2.407596084816392,0.2118327848089482
94134,-5.679893671548207,-8.555246221075997,1.4650209600693032,0.6428881095406457,201.59132972251578,0.7582905696163023,0.21186757186802965
94135,-7.648319163212759,-6.957670155618959,3.568180491925871,1.4787065699983848,468.7141591332604,0.6460608664040786,0.21190632176258728
94136,-8.317104546004622,-5.967072395138811,2.689671839725703,4.70104724500387,474.22069410034453,0.05279864414744839,0.21194466348675808
94137,-5.63652291272178,-11.317190449682416,0.6120081990963824,1.1272654169466414,467.6392847237499,0.5424672986776917,0.21195928633837288
94138,-3.6849794893163192,-8.725906936234093,1.6548223089834688,0.6715035674174503,163.49864595849306,0.47358627434639544,0.21195947599433818
94139,-4.6139305376661754,-9.347159635972677,1.8723441005856447,1.8198077189971997,468.13530147539797,0.566198047281131,0.21196268592237688
94140,-4.077001537826915,-10.254014786974682,1.0997085114465495,0.8990917668295385,467.5043294153947,0.17658238060244624,0.21198646591311696
94141,-5.060270849081344,-10.341943028213413,1.0572236656167426,1.296669746816892,316.57765443911757,0.477582416508862,0.21201798067703506
94142,-6.541758906692834,-7.8932833125790545,3.0904932310754782,0.7719531286055367,155.37157090169794,0.5244378061167536,0.21205206625137846
94143,-4.351989491390439,-12.935416980853567,0.5203381694111675,0.711792489859317,146.7691846023159,0.32833365854444896,0.21206338289458446
94144,-8.511920954367934,-5.396254676461365,0.9012444316821864,1.7221522167521155,469.4195315824073,0.18132320047081674,0.21214724320439798
94145,-7.746875050428631,-5.1657976157004795,1.6108121641727864,1.8902355541810807,457.2031637399877,0.21894606528243532,0.21215274691106692
94146,-6.4180515318278495,-8.484611039615398,1.0135420412008023,0.7760205421642653,180.82621046511397,0.05103442879685094,0.21215655634703076
94147,-6.592342790068775,-8.42392889731185,0.9533301889194208,2.144640320165166,421.2025907581362,1.9831166052907427,0.21219440276117063
94148,-4.424157828631574,-8.803902118831758,2.3434068735930063,0.9609265860213774,469.3258845106484,0.10950688185172996,0.21226756459604684
94149,-2.9903598396331033,-8.784053745962243,1.8508708399557514,1.1697159256131349,299.03729409975097,1.888501225640284,0.21227532854748007
94150,-2.608927748977071,-10.253504558094509,0.5503773829613369,3.0660708470537417,366.3553598815394,0.007453030361351587,0.21227731967635216
94151,-7.64818208668328,-5.90526671254749,2.3232589916520614,0.9735609775275493,255.00683649659248,0.2267355720040074,0.2122835882064135
94152,-3.079428033019987,-10.260181193329911,1.1095175763549403,2.0442554569003297,355.01609908867346,0.16148280319494468,0.21231989069262355
94153,-6.312608902232052,-9.149813599053232,0.42179661413282876,1.819527813037342,457.0653686171128,0.4504386746812479,0.21233040707401485
94154,-3.145487592945063,-8.717141356316333,1.8419924097036133,5.5046829027189,361.7036021308584,0.14539496020365927,0.21233121685522974
94155,-8.144950886447026,-5.764090893720181,2.9473284911514486,0.8214325201508244,222.61153622578283,1.115299005141833,0.21237878457375764
94156,-6.2305477681816726,-9.978134361230753,1.3176535992566514,0.9203916245731272,261.32710326285473,1.3870719129159097,0.2124273233091862
94157,-8.105947203557541,-8.25946370282315,1.6596029669552068,1.0748604521621627,469.7339988353733,0.10263606653484647,0.2124438130332043
94158,-3.3223904141928173,-10.124636038900675,1.1946966687185983,1.0532744420585964,285.38814974122914,1.030595150991271,0.2125257681998918
94159,-7.67272892483254,-6.431883161314883,3.2376884048182353,1.1144669028453393,288.81548905597185,0.9455348739281737,0.2126625121883976
94160,-5.585355404607915,-9.517360855523023,1.7628615731771748,0.707984364120541,161.8575108654324,0.02967777687260753,0.21267165611167854
94161,-6.4295026159333055,-9.644119963710345,1.6376621964887448,0.8647926348576561,242.8740338491096,0.8764174338626303,0.21267492216583292
94162,-8.331156668050243,-6.0302106401906705,2.6748739312688365,3.138915985485149,480.56875238079436,0.2899134560810186,0.2126830139532869
94163,-7.720069898746134,-5.731064951236724,1.0598576161250037,1.1816825724439763,301.1343942302595,0.8060334369149498,0.21268768669235624
94164,-8.364589633566466,-6.461896084926425,2.63810507270402,2.163134328528739,420.8217884021256,1.4736351604336617,0.212699732302058
94165,-7.610591903276373,-6.4187705926817795,3.064413611392876,2.1815740308941947,425.2228764695722,1.9396423264749512,0.21270441199149998
94166,-6.996063184149291,-8.175078759946238,3.5227429633982683,1.0589171783855043,285.0173370429888,1.2365481329677257,0.21270459009964368
94167,-5.6558345975938265,-10.203279102949129,0.1886429152614158,1.3509859084552296,321.8745399092247,0.20836425713874274,0.21274609984706702
94168,-3.418574301756836,-11.431130629148392,0.12460116765648101,0.9273433620234773,245.13100994610193,0.22692173398234683,0.21275272195319236
94169,-5.787820328054491,-8.677108814371813,2.9200062119809638,1.4254300451120216,324.1694309506394,0.36012773855430247,0.2127530204248115
94170,-3.4186075961755824,-12.44711732428837,0.5604395787770098,1.5724690544395103,337.27050795522865,0.7448726271562451,0.21277173541672387
94171,-8.314089029452523,-7.839830076323766,0.9950534170765324,0.7283083007358157,468.31790286964036,0.49337874860457465,0.21278219963565673
94172,-7.8196389612461115,-7.276383557960139,3.4693843808995672,1.414124255802263,468.6581185871952,0.558623474967944,0.21280976403339827
94173,-8.081295055465102,-7.551588339515932,0.6847723187993964,1.1533283863088137,468.0821129869998,0.33862360078268416,0.21284057985591487
94174,-8.470232541700314,-6.09241570716539,2.2180348242282784,0.787959730399627,131.6916642607822,0.28110651706072165,0.21284451007586394
94175,-6.739147548502459,-9.443270132795362,1.8981714777295542,2.063788459797535,188.15876546402995,0.3815625069870121,0.21297450451372243
94176,-5.592712790931394,-9.128253345819855,0.5407545351623868,1.271372954305103,454.84120489719714,0.8755039299778575,0.21303875803967356
94177,-7.711015747617545,-5.948397416541373,1.1646555502638976,1.0179296277374297,275.257634598113,0.7031152402501588,0.21304475542043894
94178,-7.096058471136588,-7.63822687999159,3.5519614623626645,0.822588695505377,468.03045122303416,0.11226963188349348,0.21305335338358974
94179,-4.480083949227911,-10.622441439852073,0.8554457993441003,1.7819983027941164,439.05824312983134,0.11338074680606791,0.21306572055541628
94180,-7.194573954969613,-7.620134776680409,3.6090688122095327,1.865258783880124,449.80313905153724,0.021780090459751378,0.21310414117084728
94181,-7.102212353663605,-9.201744416909765,2.1230087428602777,1.1961663258497885,468.5428908989267,0.3632547103485493,0.21314186599465376
94182,-8.453143758647887,-5.234590018327901,2.1631099585902467,1.7864324448128228,424.20029007417713,0.04512063351581119,0.21316621981701095
94183,-5.846417016777554,-9.682366316272986,1.6041356022829598,1.7260944613425897,366.9486086796367,1.2639494005550524,0.2132702076238353
94184,-5.366810454574723,-12.94600641374167,0.4263531716154307,2.8984796671990667,491.26700243707774,1.6168001509985785,0.21328500893411892
94185,-3.910345531057711,-8.663803312121079,1.9875154761892593,1.7712323831655907,419.64539052044347,0.5009320158789459,0.21331120613154447
94186,-3.461881819725704,-9.15969531130166,2.0101651209689657,0.8192343143103612,211.92464193919133,1.249016221259983,0.21339971341373187
94187,-5.3879079926502875,-11.154938291883273,0.17349950234519354,1.259120505685347,313.99288210542187,0.355577711943007,0.2134186183579906
94188,-7.500290213585332,-9.125364642650833,1.6520516914981842,1.7602888453806846,467.9126453858787,0.30027968512635983,0.2134833603018334
94189,-5.929953931022274,-10.835483110445558,0.2404526864879343,0.8246680215415196,242.71675601480857,1.127860698279707,0.2134874211255034
94190,-7.742287959240291,-5.11619130785185,2.1564767155392475,1.4906782110190882,341.46552478566315,1.843879385882567,0.21356717292419494
94191,-3.7055550988015726,-9.066764614081714,2.1023521198551416,0.8215113160409775,467.6434002485508,0.1268229164309913,0.21357813462917824
94192,-4.6645428018599935,-12.837278743306209,0.1655318738661131,0.9505977494126155,185.89469644631006,0.17634260322187512,0.21363862487735308
94193,-5.364975699862417,-10.624884790908094,0.8416546918002668,0.8297175179604895,164.7707329328143,0.09691243584579201,0.21366684642916922
94194,-4.174544876409925,-11.376785699879068,0.6601183237914658,1.0162324459809182,468.758073317474,0.8039218088409958,0.21371435991146548
94195,-5.461419516858737,-11.26673503237796,0.6350201773900788,2.3591514374941243,421.52807921884494,0.4894519598627012,0.2137264591096007
94196,-4.434172921800066,-8.926752545611283,2.3032995084658445,1.1949816225219672,306.38214616227816,1.4375704905801232,0.21378383763577685
94197,-8.154964446461996,-7.202398973341233,2.96577696384948,1.8381292640652218,438.07705916628714,0.60802332333708,0.2138614805484632
94198,-4.403543079684394,-12.575581980818658,0.15394117368997565,5.047659582858351,621.1030657161929,0.3655507979773578,0.21391690777002434
94199,-5.775176304434343,-9.188813186164928,0.46073837758630065,1.0817563686766363,280.3437283652495,1.3361042314432723,0.21392735462122653
94200,-4.264073091417936,-10.85164086467762,0.1343658627637608,1.4072360651729439,293.58991516214775,0.4275220493553933,0.2139283394776617
94201,-4.376833664416502,-11.646133202748693,0.6206963926940781,2.465115124573077,450.82242821143785,1.4034477132488519,0.2139665303444806
94202,-7.565410760048245,-9.268976879580704,0.7842579795159627,1.0554764280203925,278.4271156965913,0.8079408029961419,0.21398854560296793
94203,-4.455773535303816,-8.636395297426295,2.081230151828029,0.9512837710318498,265.82865915947144,1.7871571917593556,0.21403996721863489
94204,-5.239319767360421,-8.493434523510967,2.446671074676757,3.1682750208564006,502.0918059003989,0.6483360030118641,0.21404874146903022
94205,-3.3383191060807524,-10.751060314616021,0.8102062546746047,1.8597799932396621,384.649697157797,1.326039239418077,0.21407644177419494
94206,-6.50957846705931,-9.337513656492552,0.3594092102822955,2.1273305170994847,409.8842710207327,0.9027011428973397,0.2141002671158581
94207,-6.418280865975431,-10.461378448565343,0.39062126405664416,1.7281943967917777,369.4637982217016,0.44508732738771073,0.21410164614597257
94208,-8.33236352890075,-7.7453933148553,1.7404792555683175,1.0839087770266407,280.2364864296766,0.23384967448392402,0.2141052092817392
94209,-7.069407400581593,-7.837176581057924,1.33837785113548,2.2195527518799607,422.9993655029065,1.1359698061926027,0.2141330438726669
94210,-8.486879268374558,-6.299378364816733,2.1550121077415105,1.2190199067972038,250.52875664881023,0.4996336298496633,0.21414634770496996
94211,-7.167184898798159,-8.872251548874056,0.5968762052915947,17.242837502545274,458.45085853559397,0.25264833120316155,0.21417528409737954
94212,-7.153877192624709,-9.037060761822346,2.353559262309029,2.5715709676845986,456.9553729423657,0.3948156329144803,0.21422599808633075
94213,-5.50415195227443,-10.716880728113063,0.7886859064055419,0.5095042202565823,155.06335631391252,0.4305532262976648,0.21430398783756416
94214,-7.3500691892511965,-7.60330599788327,3.62452955761514,1.4290938773411737,381.40266982588173,0.49752531947639067,0.21433157889882515
94215,-4.625244712351577,-8.716032980416273,2.3818396779573705,0.7540327480133987,466.2655380297292,0.3127285720193056,0.2143326167133726
94216,-3.4869576258633392,-8.693566492520986,1.9595986918876311,1.4902119490857573,340.2203439872749,1.4245513083840313,0.21434712764369188
94217,-4.430041523769621,-8.653124756640914,2.1475718282568357,1.401859852171911,309.5301062649237,0.15363614165292816,0.2143974859144675
94218,-7.639380170863253,-7.187211305758364,0.8544354820864624,0.8286808228063973,237.56594025128143,1.3400699140166799,0.21441234714065602
94219,-4.303497207436444,-9.502430432834185,1.6874753813623335,0.9739073486135331,468.5571993240898,0.04041317451888027,0.21442214876925517
94220,-6.384712132804553,-7.9887992850483736,2.9878161974616364,0.510704548340209,109.3180824849651,0.2930354358377061,0.21443156612113531
94221,-2.5516734553220903,-11.859984653509738,0.8543547712137619,0.7838613617114484,174.91636360913327,0.14593521263410292,0.21443282354073456
94222,-7.927998083090691,-5.461116094402473,2.9053063503376566,0.971055401487549,192.53415727976417,0.5898532992982863,0.21443432894370826
94223,-2.521682251659291,-12.058608572133306,0.7294008249652523,0.792975867333976,154.4709882920667,0.155670349120971,0.21443618357124059
94224,-5.816630687557675,-10.366894230260305,0.20175879583711553,1.3252825260470908,326.1455304132134,0.42422882287494534,0.21445804921333883
94225,-7.367149443293385,-6.932458844361196,2.170842890275793,0.6968836715286755,141.26346707597688,0.3436236323596287,0.2144767177288826
94226,-8.095332499038403,-6.468822417905029,3.195860848448396,0.5694418304458891,170.26811058713972,1.202469201439735,0.21451046513019564
94227,-7.2626841487573985,-9.76896105873269,0.8620934228639336,1.7364941575138773,468.90363046349626,0.5606027225544139,0.21453669124746227
94228,-3.2105082529032094,-9.008027956616655,1.0818176530587724,7.405604759503967,552.6959864949577,0.01583990912490041,0.214545695207496
94229,-3.4367984689544677,-12.414765278612437,0.5577309032296099,0.8208585273438462,186.14015765910008,0.06947609522368836,0.21457560660527203
94230,-5.947306234548349,-9.254194947050337,2.258487153026421,2.827619036195341,481.79994189438503,1.1424887591238209,0.2145873238747744
94231,-3.839840908407849,-9.421114427504993,0.4288036441722404,0.5344187530240059,152.2148020186065,0.19680250367479246,0.21459817563058947
94232,-4.105586059287881,-8.960059341951965,1.1175431642740155,1.221279470933641,290.7672029172568,0.8880753664556824,0.2146207304364178
94233,-6.317099752723147,-8.082564749464156,3.1311908210820127,1.7122897135901776,467.36363069623434,0.08976103936474633,0.21462631773742769
94234,-8.47963136169428,-7.265810561716157,1.0371044048166354,1.0657874984032216,277.8720732160716,1.7612519561229307,0.21463153783949904
94235,-4.615959965546851,-10.561397156157291,0.8847021969792759,0.5538528120104719,114.72273886811331,0.07337020597765864,0.21464888158720966
94236,-3.882432081670065,-10.696028809916916,0.8236176221740739,1.1985271076740547,467.45824474685656,0.20191270284041352,0.21466352451021622
94237,-7.402638717824082,-8.294020507791902,3.109116961674529,1.1052403480513031,229.63194415765585,0.01294982563747027,0.21467624242712016
94238,-7.316860835620232,-7.14060305593376,3.261853603579544,1.3349214257853446,312.6112297458641,0.21639237888570761,0.214720277325365
94239,-7.4700773686886786,-6.74906658100205,1.8823228592448862,5.835484777343188,298.65394081413945,0.26803660897468173,0.21473003760100018
94240,-2.5998080495593276,-12.97702503474765,0.7342863898379555,1.3620517918829425,330.47537722950904,0.3070356631676434,0.2147350485702597
94241,-3.3199168799209353,-11.35057618649959,0.1287462888755741,1.1348565973747164,247.53064765028583,0.8857367275364778,0.21478122925455992
94242,-5.937934723884997,-9.201772763692645,2.3423457479897913,1.785827456170688,467.7344281279565,0.5203700987161328,0.21480035964352565
94243,-5.817130051267121,-11.32597355067835,0.5802322693891246,1.0544606428202425,275.339023729977,1.172082835288406,0.21488641535928338
94244,-7.227837186511393,-8.888724724151732,2.504222774099554,4.328020174071203,394.0807216949886,0.07052164029805397,0.21496939362352335
94245,-6.903625090842235,-8.50108269457996,0.7557639917484963,1.0440598259734661,279.6122671034139,1.4082478367016025,0.21497912657171922
94246,-4.983611443831251,-12.718390134277481,0.49526278756513564,0.9898678390720205,274.32575343408166,1.8464920286031763,0.21504223874396383
94247,-4.302659535659829,-10.318481210674616,1.043543323374009,1.8801251125763783,467.5556286650472,0.13890334811910332,0.2150496820532714
94248,-6.485996589779723,-10.744004774222805,0.5654984102106907,1.6685526901731402,468.0499362632867,0.702368009872754,0.21506524845163147
94249,-6.1769774051151565,-10.563720048893448,0.7835148617227212,0.9458682199535879,262.62209938195053,0.5052459198948629,0.2151516346521216
94250,-8.589512531697585,-5.009563900448983,1.5564912760900402,1.8062123860328805,467.8506814311985,0.31349251996198557,0.21517161787792174
94251,-4.446610704492889,-8.809357389008472,2.3337971906345887,1.3497364623828014,322.0216269953171,0.8835110061744276,0.21519588560810268
94252,-5.362900372353875,-8.77520919817085,2.6435069022632827,1.599725932388571,368.4749181155082,0.32766158570949155,0.21523937393792694
94253,-2.994886798345062,-9.397826956353642,0.6004010640540679,2.5199936170317767,436.593021911522,0.22274501383973977,0.2152459527491863
94254,-8.00507308996722,-8.47455588663708,1.5619562811006742,1.4374710619946147,330.8478941342066,0.5044450315402189,0.21528132790156426
94255,-7.95769599196459,-8.3744219007859,1.9187842543971607,1.5973573525290872,342.3228962464116,0.5925504113567222,0.21535735558587604
94256,-5.379121202035998,-9.864871006944728,1.405992719068403,1.6256764193054452,375.9412526683013,0.31483918686894885,0.21535914844506285
94257,-8.280351411120211,-6.636910192392067,2.85338986734942,1.798824034266983,468.3183868363655,0.5052743954784278,0.21540350872541478
94258,-3.7597353515720293,-8.993596328061056,1.0302978117327264,5.613405868611655,535.7078216285953,0.06416963538447895,0.21540657498558521
94259,-5.976493138551806,-11.241638000888052,0.5664250394625655,0.962767633981979,468.24979772480003,0.8607939492624315,0.21546217112014618
94260,-3.2606669064553717,-8.78864662312083,1.5480953538579065,1.1789658450831557,304.5352471547581,0.5903489949826115,0.21546538405964855
94261,-3.9967208390380806,-12.085743436717905,0.5811890178600074,1.5351297731265339,346.7763495034139,1.7713676176697666,0.21546861293981517
94262,-4.953187593510212,-12.560289126405715,0.17473668351465035,1.8154066964163251,433.2155805332398,0.2822902242764025,0.2154778357631102
94263,-6.586356029273334,-7.839424418075958,2.7744667423316822,1.8218247791575488,361.34773761280013,0.35882923204044914,0.2154816992303132
94264,-5.566173458833013,-11.353322029502465,0.21630740317865932,2.5845174257679893,465.69733337549366,2.325806465216652,0.21560469530416806
94265,-2.9396169523218942,-12.069809576307398,0.603307875337203,1.0201617785703012,467.4029787031117,0.7809307996290817,0.21565328530297445
94266,-3.8834450354906656,-8.701695588247127,1.7669366514921876,2.933600330734932,403.257641301753,0.09777576164158663,0.21565350204074657
94267,-6.951832585991733,-8.877941681003875,0.5458425534630358,2.7715819561532595,481.4812179880523,1.9353994721473509,0.21566272094958383
94268,-7.603723259689479,-7.0774293163009325,3.568408666055292,1.7146344313059396,468.80004340100703,0.8662629237752366,0.21567309666496978
94269,-6.475118372441663,-9.292910236390432,2.2613034860990218,1.662847829219046,466.9576037657587,0.12461398442788596,0.2156785787191061
94270,-7.626907377194179,-6.177044948194659,1.6955140389572914,1.0895924911697006,151.94071668203568,0.2251605656913167,0.2156881880027832
94271,-5.229023223140011,-9.039147467834802,2.3633196044477054,1.1059315792746394,256.83037512429905,0.8474142976455292,0.21568936047813095
94272,-8.198610312476887,-8.149166149932237,1.508162042371686,1.8129485454140168,433.9776488956198,0.7368857478809359,0.21575766106303387
94273,-6.388025584049597,-10.830114658378292,0.5714596972092422,1.4284179192130935,468.4466990611413,0.3731034666602939,0.21577984423614727
94274,-3.8658017875587403,-9.150680705002008,0.6958650502581731,4.070266976059712,385.26653749688694,0.07610649561934313,0.21578275975319086
94275,-2.5881247954255127,-10.543801304659215,1.3066847923342952,1.7633110753503425,468.3334320887257,0.9379744421915488,0.21591018166350842
94276,-4.609207917115842,-8.626039858424454,2.075653828348573,1.5736256225060918,317.77099213264756,0.2079083627337317,0.21599418353433214
94277,-7.126063797497708,-7.767948545706775,1.3484617386084774,0.6060080156367275,156.41494058318887,0.1885150223852543,0.2159950194283331
94278,-7.69406840239394,-7.571985306498461,3.435915923420367,2.0091930112034557,399.785605068599,1.1657138196985057,0.21602064010030397
94279,-8.379588437924752,-7.800373064504778,1.2607108107517158,1.3815351682808987,332.73068199448943,0.2914694364476329,0.21603429217919112
94280,-4.465786798649193,-8.670051769367678,1.775798899528496,0.8468434808924323,468.0839021421068,0.1106810946920298,0.21605177256510436
94281,-4.469899987757814,-8.680115305273116,2.2194778288509025,1.3953499456962453,307.39993763234094,1.0065063198211774,0.2161193289189518
94282,-5.355432906369515,-8.451089747981097,2.405811474991227,1.052018671260065,277.044570041968,0.7994299253588908,0.2161253492386307
94283,-7.516713717609322,-9.461941166234478,0.9560666370819983,1.8157716398068409,470.01589056447966,0.08761403613657048,0.2161376854268112
94284,-6.126772196192137,-8.148100693490072,2.361160990841345,1.6885699351568546,468.7010129678947,0.8487342244950691,0.2161521122465802
94285,-7.700157834430381,-6.476466919672873,3.291608590723428,0.8973753281170118,179.68356559606136,0.6716228206031625,0.2161632011845939
94286,-6.42839937822437,-8.200666738834155,3.3774630398182275,1.2660411671240501,281.8604079331202,0.10061567663777549,0.21617620789675063
94287,-2.9118364358083024,-9.527285629915829,1.710027759426802,0.8853833538344126,182.07322570626607,0.6001490460214152,0.21618010178055586
94288,-3.7297901285964583,-9.377324801760203,0.46116131787352616,0.981776217974042,271.63524016910344,1.869006617854546,0.21621525961494378
94289,-7.086128406315741,-7.567934090001025,1.808013013908819,1.6049974514072485,375.1578469356129,0.5893862713839377,0.21624428068724577
94290,-8.154201014967967,-8.292523879131412,1.3567223402080815,1.1957783882325737,467.3957870309984,0.3107305059294063,0.21627358433832747
94291,-3.292617487067359,-8.899391005706821,2.1820581332556652,0.7943369668360449,156.5498109024804,0.015235121133375884,0.21633898298039986
94292,-2.7172243568727916,-12.989152755102646,0.18790433925532227,1.173474720173407,468.00605756139015,0.37068908558404257,0.2163564729221554
94293,-5.389123112399544,-10.54911939484597,0.8814839381151713,13.077306050162948,384.87439426980546,0.29942005959535667,0.21636556523249292
94294,-6.213863683306297,-8.866265451963876,2.866152585755678,2.561462876193559,194.68455186948233,0.2955861052514548,0.21638908491845504
94295,-2.540847241166569,-11.149914500988267,0.6942397043456463,1.6659516672904147,358.5655697126335,1.0525327656358732,0.21640761609737622
94296,-6.875236003615053,-10.22150468776388,0.661660006825932,1.728332593950398,287.7893846665433,0.5044812495474362,0.21642145157888926
94297,-4.568828357285932,-8.94155134714645,1.05692188584649,3.333800548893124,520.6846420497436,0.8483848791561259,0.21649351687150103
94298,-3.504213031696808,-9.636379836357289,0.30099233131623104,0.6487436401516031,188.61449912546755,0.5293320520603801,0.21649806864081003
94299,-4.1720778502684155,-12.170086225785816,0.14073009347059318,0.9777581666653083,467.3110008442698,0.7963909620404852,0.21649904909667964
94300,-7.883765580144011,-5.133830907258689,2.716928063673818,1.0950622458544967,468.39382351514433,0.5340200133467787,0.21650988175787475
94301,-4.705276028819253,-12.161296654029075,0.16295103241440578,0.8810640310775567,467.66817286231776,0.5727966199318022,0.21652652797651945
94302,-6.833807866443076,-10.120471867082742,0.4811532569106642,1.6940811624032244,444.41285371252684,0.5149423782446982,0.21653478014936206
94303,-6.881192326734402,-9.175609828242571,2.3478102937004643,1.1487288102704647,299.3270917523114,0.6376724437934946,0.21654561241113776
94304,-5.208884611342365,-8.924554406188088,0.8790190474182229,1.2270260961653061,235.55414866594467,0.505002080769283,0.21658844162071736
94305,-5.069524512823102,-12.518661462943042,0.1863853680820919,0.5784968799676414,127.46094722157599,0.8598282882921051,0.2166561656660007
94306,-4.317495271594921,-11.394882845825917,0.6516350926168484,0.8605767051108639,220.43525945328204,1.0959150331700096,0.2166662231978786
94307,-8.516445316998643,-5.288608554619587,1.8953991958895862,0.9429575011250306,468.4135160866984,0.013536026582270821,0.2167058002114378
94308,-8.101897211393059,-7.378084701029337,2.9403079733865165,1.1521468384608518,294.6067156893768,0.5979999640696247,0.21671504548644646
94309,-3.7468089117941004,-10.496656514351994,0.9066235269807018,1.124025738099166,292.3452980912833,0.5844898666225466,0.21673536324657666
94310,-7.95789468267137,-7.12522257995427,3.340380872657987,1.8283962154886715,468.0712465839326,0.042541860857102876,0.2168066979690179
94311,-6.569244837099616,-8.02619617049106,3.3997772575803165,0.8064620610606483,232.1699965788714,1.512702710410891,0.21683320389533411
94312,-5.502326726755957,-8.853806400247663,0.9076332132911907,0.9937349253880092,268.50963333082996,0.780806096973393,0.21684201624060215
94313,-4.633854431848288,-11.5860136641199,0.14896040885438275,1.3045662171496673,295.366912894271,0.12480827915707504,0.21691755998501824
94314,-3.2432525830859174,-12.223722321171772,0.13748464916018358,1.7112606353928987,469.8010770661067,0.0037779156431225758,0.21697792659775625
94315,-4.542292284008241,-12.559909331485304,0.1629966639755371,1.151462594279508,294.6600539730294,1.4657493077206318,0.21699101481147176
94316,-5.4446826905327175,-12.566368271777248,0.4473182550237206,0.8495469690342489,467.7689117779732,0.32395434432423986,0.21702267090133415
94317,-7.09342352369256,-8.205380215497655,3.446229043433255,0.9137259692153589,245.66745201248742,0.4184881638188127,0.21702309555604127
94318,-5.5725393742636,-10.506868891684745,0.8967967939356437,0.920415154829994,261.77083817438523,1.7639448662182717,0.2170386381858097
94319,-4.955509685042275,-9.174645341478378,0.5923165472344264,1.752006059191822,414.8978077355899,0.39933965246625647,0.21707209034840624
94320,-4.787121813560984,-12.872356541298316,0.4972784146964856,1.8375093392680517,439.1319660697808,0.41256530303941563,0.2170824701249631
94321,-6.5154036765430465,-9.238297736338035,2.3511408339401973,1.0662160630570088,283.43757178499044,1.6325280589693785,0.2171056655861901
94322,-7.948515595836187,-7.822789888484464,2.795198456187688,1.1655809204290042,247.3156689517623,0.04282509328273054,0.21714329522166692
94323,-2.992684304873718,-9.226038775220655,1.9664251756585485,0.8553090569601877,467.68797942405473,0.4597572977097064,0.21716407140453048
94324,-5.744689862945292,-11.832573856674307,0.376118035370276,0.8428836483140559,468.7331323902595,0.21550165674559363,0.21721427412746652
94325,-5.681114422905885,-9.308333651060213,2.068863404407401,2.159335031270968,402.9938741328143,0.3066548378157785,0.2172220586162541
94326,-3.3786729479189113,-9.292097162420669,0.5609143040796196,1.6391898415387587,468.06674942212203,0.7120466411022628,0.21725580597702582
94327,-7.948954972901632,-7.255610240068696,3.295858895491868,2.1671118064247583,410.1172716593845,0.785533783683376,0.2172698874841685
94328,-7.480098026200407,-6.628670759136419,2.674213986931733,1.1553515364601756,297.3059275924016,0.9449687577083283,0.21729583692294796
94329,-7.723944912058548,-5.349399162182279,1.9275097390706173,1.57085303328357,366.19049997693,0.9411308654451149,0.21729724494622157
94330,-5.884690065512849,-8.256164989891149,2.5924864232007847,1.5272053704557227,343.6067816933374,0.6116685964282018,0.2172997235209638
94331,-5.692525729977394,-8.458513586754297,1.718548963228263,0.7755631181247262,435.9019348338239,0.22518213423464406,0.2173499281605608
94332,-4.6195267783944685,-10.497209866995616,0.15285335738530678,0.7491339391753767,223.4632952456354,1.4787125234204863,0.21741545604513524
94333,-5.4237027038089,-9.82684541188169,0.22954824286168155,1.0555375850706878,468.81265515261265,0.5621619999007583,0.21742687306982042
94334,-3.972038550793707,-9.299156449526851,1.8729828433813127,0.8320813826183838,160.08775214381248,0.14446234109796308,0.21745244782785844
94335,-3.3002703509750617,-8.708983048092463,1.8610282324012002,2.299494215834498,430.1066963353599,1.0538226675370383,0.2174924952011767
94336,-3.1187801249032514,-12.403233741438521,0.14398067113349633,1.7149211988078896,469.54312771854575,0.17409915492348293,0.2175045025493671
94337,-8.264533787058069,-8.005733584099598,1.0456006748838558,0.9745103635743739,271.0991475159878,1.7939205995137337,0.21758522282232834
94338,-2.8536556252027134,-9.520445138282206,1.7306234843527268,1.5155999042882322,469.82090350278054,0.1048237213537222,0.21762798204924685
94339,-8.429677689336406,-5.8165227361085545,2.316975063669794,1.0762957208674016,279.86540374541295,1.1728016153288108,0.2177140749793621
94340,-7.483443897871636,-7.75771924775744,3.5027304019229915,2.225696153182186,421.7225608310291,1.0138947702080428,0.2177371687414223
94341,-4.79306738974365,-9.747171599736959,1.4723600013865135,0.9853220300925476,209.52975872849507,0.6569413369553168,0.2177474830368654
94342,-6.792287647305255,-7.896500533577097,1.7568328676322174,1.6284835353306757,374.3763733844188,0.14597437661154,0.21784344067273645
94343,-4.884529390017859,-9.29722125955624,1.9318848406736147,2.212974394310265,413.197818667805,0.6095245622072474,0.21787846832779287
94344,-2.5631474609135987,-11.104430145226516,0.9449711012138593,0.8509135724136057,467.6792075337355,0.4098050630241694,0.2178974210077789
94345,-4.221229840986723,-9.510058225134975,1.6687892496756986,1.1114403413011151,468.0672668705528,0.8775519821370557,0.21795777505880315
94346,-2.6704664380052687,-10.20756502058926,0.3712432058073494,1.0731409545035784,275.64258408529366,1.4899182280028898,0.21796474979831498
94347,-6.0226080669855815,-8.65011947412059,1.046623160497482,0.5569648935302157,146.77786664714912,0.285139804766116,0.21800706043904905
94348,-2.5704736332668343,-10.638844892911273,1.1357631416514378,7.1266008863124615,433.218630861803,0.13714415146954373,0.218057322254866
94349,-6.505385237520747,-9.265517778993875,2.296850290196485,1.7468388265594632,413.3772852087466,0.11822132144510888,0.21806187541012378
94350,-4.437393008148116,-8.641020384415086,1.9753244747967214,1.7489189824583466,470.06310475125736,0.16154648763993684,0.21809154608928405
94351,-3.0415796038712966,-10.770554390278942,0.16489272237915284,0.6232571527661293,175.7207094449502,1.2873926188084832,0.21810276101016016
94352,-5.978918975238295,-9.100177678642847,2.4893864376800776,1.8222391233001132,468.02641230516133,0.029699617726402394,0.218130229379736
94353,-5.928299804902028,-8.622213577299746,2.9900849087534405,2.6618011100244874,462.19528125267004,0.8403378139324085,0.21814746661587592
94354,-7.543049108751736,-6.563825680273904,2.937721190774776,1.261364598026751,241.55614603641962,0.09871535459752678,0.21817432237218845
94355,-5.021546630017298,-9.500894583723502,1.7236498141065455,0.8102580794440121,468.9504875935161,0.1797613800689879,0.21826823709493887
94356,-4.994601622415775,-10.60995418697949,0.8414287713803289,1.3503425763389518,322.0931142159155,1.1947600265939782,0.21827336892554514
94357,-3.875241303679992,-8.70339139372587,1.8971239007910203,1.210954678836435,467.8142281833791,0.16342690317154585,0.21829034462680877
94358,-3.3767928037908135,-12.283038775659035,0.559003539542926,1.2354197709766426,265.3287100930009,0.06947170695163418,0.21832779131415875
94359,-7.211077633660664,-7.29138533330383,2.0724235190444626,1.8959433640314882,459.18914422374627,0.634978956417827,0.2184188904303122
94360,-6.157816693489472,-10.45266157094263,0.8642687464084589,0.803321997098015,232.15274671145946,1.2709068411144253,0.2184285662809963
94361,-4.847874942172861,-12.745450320583437,0.49756598154256654,0.8121542837564768,178.19174667344345,0.9213225433429599,0.21843472887108645
94362,-4.768579984666118,-8.951404595795145,1.0005673553216334,2.669312819914721,294.3312434610434,0.09773945473730805,0.2184360240593522
94363,-2.6820275620376153,-10.886620732503367,0.8341951556131253,0.8336234739939606,168.81690018323852,1.0991786539311468,0.2184489230352076
94364,-5.8167016634305435,-11.642749179802037,0.350844075498317,1.1181185440605972,287.64033574379175,1.5290487416515708,0.21847841423766223
94365,-3.5058378727436494,-8.850298751961217,1.4133908687308347,1.8867406134949332,454.718957127961,0.2515894924398365,0.21852025586953208
94366,-4.263539244820128,-8.838299450226113,1.375434801710039,1.5505879809694225,371.79250274998725,0.9464886637872167,0.21852737337884648
94367,-6.60486873967301,-10.026019910212263,1.210051875293867,1.7833038369711978,424.2770838219662,0.1882472500977599,0.21853024922727649
94368,-6.04048330955783,-11.27410540337905,0.5155107146286214,0.752656447948376,467.34012758097157,0.27629156425612855,0.21857061070125183
94369,-4.437790159024302,-9.63220192710882,0.2982498522373925,0.652850878880765,141.16395356443286,0.9669016642786774,0.2185724553539654
94370,-3.4267014925648773,-11.36970424145036,0.6573819490254799,0.9711851496341045,467.6565480806496,0.6188559937959006,0.21858627344425813
94371,-2.9670835830112203,-9.189147895906606,0.8446547272973336,0.9825584338561758,185.0639076838359,0.43515627065759066,0.2186228471827701
94372,-2.6763793210489117,-10.820226542258528,0.8567985977236215,0.9800755412007826,467.9896095316858,0.5131440915540226,0.21867853439471485
94373,-8.161813310640436,-7.376979221066159,2.7967236203654067,1.042575636269505,467.0886624140761,0.06051772269983058,0.21870657604049062
94374,-7.720993750528105,-5.95443219732213,1.1709214372592796,1.1139834909790094,467.25265434114596,0.43971180029607826,0.21871937115767093
94375,-6.751253753747024,-7.857026040346083,3.388502345117881,1.5938093820538826,371.4912217351192,0.5320441119108343,0.21873800533723173
94376,-7.515989695571074,-7.360052404942959,0.9248573841024207,0.928227210550817,256.97009623903824,1.2671320182401233,0.2187458577133806
94377,-7.9726498440468365,-7.2994287839952365,3.2291930374613638,1.3437073913045814,322.5842634616166,1.8214511128937119,0.21875515840572882
94378,-2.830290335353154,-11.542726158670849,0.17511883199385353,1.1033789570263548,282.5361017174799,0.2037874145671532,0.21876037541229845
94379,-7.019127889748045,-8.112268824094114,3.527237396404564,1.3656702882151224,308.31764529749,0.28194452934064795,0.21877995475171547
94380,-8.224893248591169,-7.304302088757507,2.6939607652848387,1.1529411182504596,256.907340782901,0.5954831594223498,0.21881781389138405
94381,-6.6656051497139295,-8.747995847384477,3.0298520122272734,0.8114544226283742,468.081401295724,0.5158880145127407,0.2188343702957713
94382,-6.066352641243922,-9.74007994604454,1.5338263217569377,1.336880531508988,315.59066625661234,1.2064756918416224,0.21886722013358514
94383,-4.78358485573097,-9.027296677708307,2.2473810725716232,1.059980176478681,467.8778229792968,0.9387443426760447,0.21889402776814587
94384,-7.310940093348547,-7.254161257077708,1.7190885756320224,6.162736426849135,272.4764391337464,0.382811763998931,0.21893245298675484
94385,-5.502693887723719,-9.822361265699506,1.4330057988016534,0.9949844180161851,467.5267345327199,0.26613982059304675,0.21893866718489796
94386,-7.28629462869077,-9.51197592600334,1.3693791642093223,0.9430719658888396,468.8983867030331,0.07927171273584133,0.2189593916745261
94387,-2.7308394750484064,-11.030022468098473,0.7573985685515406,1.1128952614560181,285.5277135857951,1.3015561852365565,0.21898900873732602
94388,-5.55849611803189,-8.430835004080281,2.6170880401564607,1.07827216039462,282.68232677793463,1.38360148206415,0.21899675912049893
94389,-5.667548351761159,-8.943895079041141,2.5957144301205997,1.0274400345444976,468.05349586993486,0.7042656890441421,0.21904388662980925
94390,-4.096083890872033,-10.37516121869059,0.9775884918781574,1.0632705866379097,286.07138429711586,0.5953883716800332,0.2190926992118893
94391,-4.888109577434928,-8.89423079857495,1.1502770405285017,0.7871551624311798,181.4965655500678,1.1555905656821217,0.2191132140070097
94392,-5.135889436777385,-9.197251564100286,2.098602545274733,0.8653360488721829,468.1378331258632,0.5646289217510807,0.21913073491386062
94393,-6.885056206416736,-8.173023095597697,1.0630470836969363,0.9566913586432321,198.86756911586937,0.02712652120838932,0.2191381590095243
94394,-6.395718332189633,-9.95911517629277,1.3026550623206266,1.8198176165328825,435.7246483930245,0.8634844320984714,0.2191503986879008
94395,-7.431499257805407,-7.275270509221411,1.2828507014055843,0.8883233565460772,191.42167641589415,1.2187418374675714,0.21916520450273247
94396,-8.257491010169096,-8.086026640903501,1.2840523943006603,2.4313768811856464,441.31655568563446,0.9125568039294061,0.21917253463631076
94397,-7.515508278950444,-6.894015029586017,3.3564465505982612,1.9566638044864144,396.6518993633734,1.1429407449979445,0.21918969589041218
94398,-8.597264659762228,-6.353530074549633,1.320474207489529,0.9703409615275667,467.3843253965878,0.5415087391190143,0.2192231340799519
94399,-6.742395105741933,-7.761606434862807,3.120264344869983,1.0612709091236754,276.28491949003035,0.42797707878395297,0.21922330751337893
94400,-4.211102028190188,-8.888239905069087,1.2896123196963074,33.80110085135227,947.2590536613314,0.2745891490047878,0.2192279252675938
94401,-5.134902488947943,-12.859875868640355,0.22101054014288773,0.7875228129066423,213.59047586524494,0.3012582465682234,0.2192879827880779
94402,-5.220187271570232,-8.89282566266548,0.9879835545785614,1.3131420094862645,295.9602514377092,0.3253001450408073,0.21931244787164852
94403,-5.630249996406794,-8.95320938492996,2.5648970332390957,1.038787284127994,274.59782619253616,1.5817765083918554,0.21936349148853082
94404,-4.534223330514751,-8.634818422805564,1.9459927740962806,2.614048548122758,467.8773460757815,2.104040429304235,0.2193683581397442
94405,-7.8939941500399105,-6.505341791971609,0.7235093527830105,1.5656288290917482,357.1888618240475,0.1252973016805159,0.2193876284782921
94406,-7.273054977590503,-7.313429447879829,1.7410592158105969,1.1288542389424119,466.92537957237005,0.6073786918168365,0.2194828859617679
94407,-3.2869639771755104,-8.782637020634777,2.1504377064920916,1.0952618843939277,282.95406853499543,1.8489145982244333,0.21952570471135657
94408,-6.806993827564433,-9.531387167828575,1.6837905990729092,0.795498105428449,468.0714927192025,0.2560590371104974,0.21952985353604815
94409,-7.405701930378836,-6.983670197889784,3.185803182556166,1.1374208549101896,467.75131413324317,0.33024534814714457,0.21953321989517183
94410,-7.848734420366217,-5.30537815337024,2.714163329262934,1.045041439477744,277.72918430377143,1.1600595964955351,0.21959893495456478
94411,-8.30501788489424,-7.951096401971749,1.1575930139351769,1.0126256333366759,467.96121439883495,0.9396801258606349,0.21965647040117803
94412,-5.79021447348103,-10.704048092344605,0.757595642646776,1.7908296882489745,467.9460304363005,0.2758515917191522,0.21968406726152845
94413,-8.061367453668947,-5.682816284473023,2.9644113110904144,0.8649035506991237,142.70008735877875,0.3876367357880568,0.21972212901330535
94414,-2.7764879885764238,-9.207958825700882,1.2480836456086941,0.8997445982222501,184.16272026302778,0.7646428791508262,0.21975403479526892
94415,-3.8152185415712703,-10.444362977246545,0.927004063427203,2.5208353388871285,443.29152456923555,0.6214173652202257,0.21976186958191135
94416,-7.725960491233857,-5.732741132267825,2.5313948029173643,1.6410251972695886,467.5306950058943,0.22341618944685138,0.21976488344792802
94417,-4.555812385981451,-9.843202834831477,1.3812305439635386,1.4218039067786914,312.0627348764276,0.7302441108332021,0.21977370098730542
94418,-6.312465075386671,-10.036684685928275,1.2475131147469176,0.7686093546910044,200.1886369605232,1.201350858381919,0.21985455074350838
94419,-8.188063397105449,-8.051435391258554,1.734984066630244,0.8217539837395714,180.7190485422776,0.11062128297844342,0.2198660822165623
94420,-4.204556649109891,-12.565757182457187,0.15241558435851144,1.8610280427095882,468.1891748090208,0.5603364261269794,0.2198779869713371
94421,-5.924508123781001,-10.035905981207083,1.2722106335984449,1.6247031655647373,376.1155869728062,0.20439916953718917,0.21988655472142551
94422,-6.2288373737919915,-8.088838729519047,2.7963271882655687,0.8588426757807014,210.13017897292417,0.39276680656525986,0.21994165792567708
94423,-7.327427655655609,-7.541407218915513,1.2238477710206244,0.5323971907597524,112.49442406000281,0.4840739212289238,0.21994884816297128
94424,-7.968710645856968,-6.530162539018291,3.3209443037321402,0.8986462901635135,177.18789711890486,0.047901827135211406,0.21994916201459944
94425,-4.280187047736,-9.110461431203372,2.0634531822962816,1.1924516172231436,295.43583602676705,1.205536504402902,0.21998284022546624
94426,-8.421976349122687,-6.644517257724066,2.3952712357046124,1.8724510590640056,468.85594821192933,0.17239055865119202,0.2199893024799931
94427,-7.716070632013382,-5.838161112125742,2.5889034740794417,0.9451380053612235,467.767540783777,0.21972513026099083,0.21999550699199896
94428,-2.9340899890613024,-9.496494599779618,1.7163609250639256,0.7876364107485094,227.178296528495,1.408309293777081,0.22002590754416088
94429,-5.9530548367497325,-8.365651116443217,3.0129246747442964,1.1758826936172455,467.9988414452066,0.3674003077065251,0.22004299700863872
94430,-4.362377558181468,-11.349415936994456,0.1406074561934873,3.939010657070952,554.5180964243281,0.4354748297438542,0.22004304187192328
94431,-5.091814398138991,-8.88114902298695,2.45005773951297,0.9061995539559654,467.6239116136087,0.5816187212557056,0.22013737472571937
94432,-7.711563860920984,-5.683073702303854,2.41389439339135,1.101955719651583,289.2875715491164,1.1817177255208513,0.22018700587324333
94433,-7.673286639712883,-7.910489629803867,3.1617668896623776,2.5709867878667145,464.79560409141,2.485830852375721,0.22018997867775453
94434,-5.404048174794289,-8.454857172886042,2.4174980990931103,0.8639829391748499,178.91474111286772,0.704267733096116,0.22024800625022994
94435,-2.632456252020355,-10.924151688156893,0.889135424614236,1.030962283978961,275.86189993224264,0.6303057492722344,0.22028590420272523
94436,-7.819360062689519,-5.3556097176716975,0.8330419904943126,1.8180921476330933,468.5807705029188,0.2680764662919577,0.22030372929941264
94437,-6.769284566077278,-9.830331438509376,0.46664892993888796,1.0746760282133854,280.7652356952921,1.2001639140848654,0.2203285049745077
94438,-7.133292729744621,-8.836199891824101,0.6040344865551327,1.0616277623493895,279.13908438415297,0.3894473647244636,0.2203579709182382
94439,-7.356455176280664,-6.999796190818254,2.1379400931162373,1.224625256572102,302.95813656909013,0.36936107758291303,0.2203591825511602
94440,-7.764249417741939,-7.129297886050752,3.518858241230354,0.969156656247005,270.8137652941012,1.7973960652046275,0.2203685566793503
94441,-7.251983423907957,-7.801022484912909,1.0064145210841524,1.3620701267935897,340.09568647478994,0.514902640549467,0.22037225282640285
94442,-5.100365325180801,-8.670505614897458,2.526594889043057,1.3415898933059633,325.35066738140563,1.3746938140014606,0.2203852499234488
94443,-8.29342003042078,-6.315680070609311,2.7727746545213603,3.9546134426924016,508.64054242612553,0.1361256960702102,0.22038941534818954
94444,-3.4376737220960916,-9.022767284672753,2.0881293975295265,1.0261384342415414,467.1728175023493,0.579404191116649,0.22040274722651476
94445,-6.551527979611622,-8.624519165085882,3.167736640595948,1.3452401230399997,291.1688938319521,0.015859842711724248,0.22045135726256557
94446,-5.434528778868729,-9.407143394819826,0.3727212972493359,1.1165502355167727,287.25930722469894,0.8296768022723127,0.22045771935486022
94447,-6.660996156199984,-9.426639599800039,1.9258863729282902,1.5128290228957386,351.5283638412827,0.4235231036941558,0.22049377810715595
94448,-4.09004950303375,-10.134814839719121,1.1602144497694842,1.063088303766342,281.91000897379695,0.5368918115579806,0.2205215102203178
94449,-3.9874775727252256,-10.278775690777348,1.0463573860646733,3.436615099838488,232.8134005442595,0.27112197106026414,0.22053510806079188
94450,-8.03465644470118,-7.51442857360107,2.9427283020777812,1.7776647490785245,422.04375686455836,0.2757406142319345,0.22057866854411265
94451,-3.2877330417050015,-10.15151220372469,1.1435860072018025,3.820630237205935,547.7002427784186,0.4832789336085437,0.22061293673815324
94452,-3.0361329732721494,-10.726661992664813,0.815324280711711,9.476836099291912,370.448843227523,0.29177104178964086,0.22062120044483935
94453,-5.94369138096946,-8.493300360063348,1.479596043248597,1.6768814878122311,396.4515284887134,0.3675601951676377,0.22065631118581278
94454,-5.202016238596175,-10.330050830950507,1.0264623861503053,0.9746196646775639,256.92276258239013,0.7778857746859709,0.2206963720165942
94455,-2.928063820354457,-10.750287797719356,0.8098055062213264,5.26261417274376,482.9016048996434,0.004032900106230031,0.22070505804347465
94456,-5.087832209961522,-10.663411044931221,0.81104044121825,1.7521417788514992,367.8769246652457,0.6122206151853922,0.22076557393059354
94457,-5.423624248047202,-11.721161675656287,0.22267043998068392,1.6278896409163257,358.451318224179,0.9396382318168817,0.22079878606197856
94458,-2.7313261677654523,-9.60288724057454,1.6651318174460181,1.8756366285440218,468.5016039442861,0.2443483741611221,0.22081106107156853
94459,-5.0495873937056155,-9.049741608824352,2.2590345870609703,1.1840620804954145,467.40215116689865,0.30880454132901214,0.22083728614720197
94460,-6.667493884614714,-8.974568510360253,0.5142346017052233,0.7404811231670073,218.6769767642023,1.104859552994209,0.22084628285037824
94461,-8.189223139534118,-5.926599464928847,2.8881483039537588,0.8963235187062696,468.3008231032794,0.5738103269214037,0.22088662850672905
94462,-8.52648352940721,-7.226491416291954,1.3655638398408438,0.9750883810284222,179.88479130157748,0.13681188095246277,0.22090360105639234
94463,-7.562891073968768,-6.375636247566801,2.46943663809692,1.7914599542711898,362.80085520480526,0.7271929082579813,0.22096043704341314
94464,-6.3510792695768075,-8.031398500953825,2.459668241823823,1.066406239133352,467.93171854215643,0.7696316952109461,0.22104658050535742
94465,-7.331936768444821,-7.326505380497477,1.5545084771235405,1.0158992611339197,234.4702153454857,0.318545681192985,0.22105274135853975
94466,-3.4914447973221154,-11.72566791012726,0.6069905540699745,1.8111750675705391,432.9752976949964,0.16230536197813095,0.2210664954135943
94467,-6.447950132673414,-9.736792243514873,1.5132148400852068,0.8540139864798446,227.43489232084778,0.41938161770579097,0.2210744585036362
94468,-4.942434140750463,-8.977823466661164,2.321480844287572,1.031704186539122,282.0035742255126,1.287867043786762,0.2211205282591442
94469,-6.5878350664611744,-10.260485199952278,0.9326886038012776,0.9860967747496899,467.82233951114017,0.6234098312795178,0.22114463213618257
94470,-5.466182008782984,-8.892642703484835,2.5532423629159804,3.9162223031130243,556.1161919597427,0.5722738515741659,0.22116692214821157
94471,-6.342120707704218,-8.87806099717464,0.6248377552234659,2.645635031033734,471.4520458176767,2.4124919674332794,0.22117819320765764
94472,-7.073556978256551,-7.598927226980633,1.8082772396733413,2.5237651259408667,447.14630676939225,0.2645308598566629,0.22123876468044668
94473,-5.4389706697389,-10.298568182621,0.18275515196790865,1.2126791253276763,295.0977598860599,1.1757661597527997,0.22125854523380362
94474,-2.9928796239503406,-11.578731523880109,0.6399657211849676,1.2216663070251361,266.16321253142416,0.006173830295757021,0.2212623719812612
94475,-5.691668330588223,-9.698207277899483,0.2557923177587432,0.9342274063534469,456.3246485447385,0.8184184599605819,0.22128773216296851
94476,-7.998640264374281,-7.430032172620038,3.083214710973249,2.344062608594579,442.4986462420051,2.288398239092298,0.2213788282317311
94477,-4.9666624430037025,-9.47666000925144,1.7343654750802642,1.5523771847726648,468.31833561608073,0.3236246270839027,0.22138375774940136
94478,-3.8685778617715645,-9.03100996063309,0.9658933782534656,1.7808576018912405,434.3491546355947,0.6668902206654579,0.22143866457646533
94479,-7.901779336945255,-6.34364531527255,0.7125820803168086,1.8613585662043695,447.38687222740134,0.30741205921793036,0.22149495797157637
94480,-8.076451449172012,-7.8488230332339946,2.442863358846766,1.3971324669038132,323.95461629463534,1.0840487688114466,0.22158081615788713
94481,-7.464978593141936,-6.6854983532970875,2.37532854604139,1.142721067471149,293.1182013141045,0.5486407009328369,0.2216202519519561
94482,-5.448848476615113,-10.59225295002521,0.8293427280151578,1.3178817855134226,468.04284833544534,0.4507874961247085,0.22164728177970214
94483,-6.982329309234791,-8.251070073929679,0.8859800612039125,1.7479686610958705,468.4338165788631,0.3328927344908079,0.22169194246348026
94484,-3.368874967942838,-10.12620098312682,1.1533949057396076,0.8437976080576506,174.0785073398331,0.42649677168809674,0.2217192185080145
94485,-4.943201803371736,-8.606206568243195,2.293500555298265,1.2453475698396128,310.2780884274085,0.947006078308136,0.22179184267390467
94486,-3.085250948687185,-9.301810176003846,1.8594563607103225,0.9522066412681207,468.0779298798236,0.20426082445375027,0.2218763864514642
94487,-8.284027409832516,-6.00462511294402,2.723272321915395,1.4873113678226226,337.90122811121984,0.8565330263872912,0.2220017538117224
94488,-2.9949302379421656,-9.77502104864605,1.4479076584518071,1.8216262491573758,379.4812256962874,1.2273490943101057,0.22200977181035758
94489,-4.297683826582718,-10.05276958205499,1.2228926544702658,1.1895728139648882,245.47477521353784,0.24706228354742965,0.22206576339724327
94490,-3.208670418539091,-9.724337242642594,0.307258978863146,3.374826024220199,524.8650898320734,0.9774001444114777,0.22209556514519788
94491,-3.718435921096855,-9.35613764024086,1.7839460212392175,1.5563526727036376,468.81282033200756,0.321157688435707,0.2221490313795914
94492,-3.4775087711261357,-11.113538273981726,0.6904833105569274,1.2891640804042503,281.8966048764051,0.10039079562177289,0.22217656460548224
94493,-2.8270722436877227,-9.130987861257514,1.2819343978410151,2.2452718778455623,430.67624579142074,1.6340494910893613,0.22218152902132543
94494,-8.60020405682678,-5.807250460945035,1.3762299687100303,0.8583010372269271,221.4262176960044,0.797585741299323,0.22218165604169238
94495,-3.3131715464625042,-9.975740004889577,0.21930817009946033,1.289029049876162,282.8624667081374,0.23062120938895436,0.22218290273436214
94496,-7.691031960072459,-7.2387042077556325,3.5380173105395363,1.7737164443169862,419.9828485287847,0.5125813511762445,0.22218575507556734
94497,-5.0408670912572076,-9.710783519741598,1.5069885333005397,0.7115047693424245,142.79336643168037,0.8209060111770299,0.22218626611514705
94498,-7.80899937351486,-7.58432937216608,3.2615000328616333,2.752023458376751,478.76215908097754,1.6689080166731705,0.22218889061080577
94499,-3.8761054985846037,-10.63694841518831,0.8245654562832493,1.1846459315155624,253.89482577567443,0.05528382586798397,0.22219419983350305
94500,-3.7657474249193115,-9.170948002415484,0.6954049369218267,1.0009705468190744,467.977512816977,0.9383762610544713,0.22222444154671195
94501,-3.0172521969323194,-10.131220380307726,1.1739748602096205,1.8586233411144488,467.6763212528256,0.24362776964570276,0.22223125359316365
94502,-6.4420263495748,-9.94919123254637,1.297480316262487,1.2280273212376258,307.68882223926465,0.9654866128949484,0.2223149012625258
94503,-4.412943904528042,-11.863492920147621,0.5812282335763664,0.9983994573125402,216.7549118606768,0.018304724836538888,0.22232198713895637
94504,-5.861460039593073,-8.574588065464738,2.9394738394681608,1.4200481407502437,305.9670686976684,0.54934412050138,0.22234489707734964
94505,-4.750423834613471,-8.75552433402532,2.3643175371782257,1.7868283123059039,438.02028258067094,0.39249672764440735,0.22234736715159453
94506,-6.761068969760192,-7.76060646464756,2.406493727816968,1.278680357739926,316.9265370779828,0.4334928273143257,0.22236200876984485
94507,-3.1308566876482047,-10.75762689950136,0.15823622512558697,0.8575996388095307,468.35847233887256,0.5206772668504582,0.22237383235767308
94508,-4.156193129497101,-12.288244100666326,0.14978869872846887,0.6074769521009187,127.60711948818759,0.0009066463725453389,0.22242546073377203
94509,-5.868048984191242,-8.37196779952999,2.906671708949002,1.5924318356743399,371.2780326162064,0.8497825348507115,0.2224301779446954
94510,-4.135965988014055,-10.053202355994529,1.219536370623917,0.8554694024009948,470.2288675696108,0.045866736620099324,0.2224668785081566
94511,-6.834284929238596,-9.255022922736492,2.1986753521780984,0.7496967783095604,150.21263633048278,0.9184001356486755,0.22249270807438193
94512,-5.388634498909738,-12.819561622038732,0.39031161899347183,1.738147173301499,409.4168477005153,0.17003152219043027,0.22250369334135356
94513,-8.56901228061104,-6.74517150881669,1.2017953402739654,1.6507578634777367,387.52284240473176,0.3586890328415855,0.22252355838987667
94514,-4.070643091260444,-9.602558020958703,1.5665791449385138,1.219393118233013,305.9645220424405,1.783228578905967,0.22253389809112037
94515,-5.388745053612726,-11.402225986029086,0.1998697429754024,5.85676025698908,530.072615145251,0.04290915338492507,0.22257402508400434
94516,-6.201081246645199,-8.77729230439409,2.9332205335312382,1.0851606341539932,275.48583984858175,1.5561756259400612,0.2226153716512628
94517,-5.133876401210994,-8.877166084478134,2.4462045003178265,0.9961804096813738,467.22711637828394,0.8067045474588488,0.2226906537886773
94518,-8.04533902666209,-7.593456604728382,0.6944635843409578,1.240008245249566,256.8623402094525,0.042634832796732525,0.22269376974140895
94519,-6.936466534417567,-7.795667321318177,3.4866645553137086,0.8800757716924953,467.72281980050053,0.7877180980112657,0.22271161804964223
94520,-6.719967878410289,-8.186554557613723,1.3218003846901885,1.1191270537641982,279.2777014128313,1.2763680277512224,0.22284300871232418
94521,-7.118621034028696,-8.266395736389065,3.3549168968158276,1.1938602843346735,281.8115220260284,0.5126119934314906,0.22284402702361045
94522,-7.5887785457593555,-6.372934969726194,2.731609726821789,1.349257976107015,290.8179221966634,0.8656549762939871,0.22290173962575874
94523,-8.454793559709264,-7.047638126416911,2.044520920685801,1.73848178326221,410.81941689399395,0.3135662597998792,0.22295374249971955
94524,-7.425839003308729,-8.028471440793847,3.3294509790993208,1.1125635985333118,467.598849588035,0.5705722335497319,0.22299442534146818
94525,-6.597469610918706,-9.853208827444139,1.3579335199945144,1.2156921071989704,308.1381647962918,0.5096379659625629,0.22303282993677287
94526,-3.364311683193284,-10.155109575898624,1.1310952154397627,0.9171623787488432,185.70683318956395,0.5583783010526444,0.22305011351955206
94527,-6.731545613618291,-9.920537057807586,0.4688502180413386,2.344127757536443,427.67163408641323,0.7356637906858783,0.22308040706337376
94528,-6.276073241836022,-8.562079006977598,3.1546407758285993,0.9218606747407564,184.83614480720314,1.0239603927506176,0.2231135054893644
94529,-4.767355940996102,-12.614103792046341,0.17331093849047507,0.9127508760778167,216.76558605404347,0.47755041091497663,0.22314219312116834
94530,-8.184742725828126,-5.325407649772944,2.7308478877781384,1.011618230068865,399.27206784761654,0.34747596257820224,0.22314802447902715
94531,-7.525733771185582,-7.26058830619153,3.559918126881095,1.7886202181013915,376.1633970510112,0.9124099900701959,0.22319250985233224
94532,-8.119352918882097,-5.475901569936642,2.8492057915034548,1.2551184552571586,279.3007664088877,0.6157993241617747,0.22319853822703345
94533,-3.8236658615361936,-9.08730182568299,2.0476580493817647,2.469571808576872,441.5068170135029,0.7610856747172532,0.2232251600283922
94534,-7.401495271236663,-7.099906461765045,3.331451164055442,1.130424987396615,294.5147297864265,0.6097892072077036,0.22325938617005858
94535,-5.836510250674986,-8.759450162082747,2.8217796396395403,0.7947381437687654,173.41503772067773,0.00525924421864854,0.22334776738559906
94536,-4.543423587886778,-8.651364883538141,1.979988037222281,1.14833302470991,292.4848454388219,0.24842610280996258,0.22336579859678793
94537,-5.90899115265976,-9.313417011398052,2.085426862102512,1.7867895201768815,468.4447250393476,0.49071293509372094,0.22341228669702257
94538,-5.8454764575065985,-11.456156088909664,0.34071575278084226,1.1319512035966561,264.8063776077788,0.38988353830247924,0.2234164952056563
94539,-4.463420557052454,-8.96705308612332,1.0779647398549748,0.6415724114584218,195.84046471614792,1.3090607051376102,0.22343005637237698
94540,-5.454889909481249,-12.66525543264334,0.3858099935972346,1.0764094175510879,278.1278429039839,1.6083167776223446,0.22344144032003024
94541,-8.133288801373661,-5.120315507995614,2.7371578873664784,1.1552984127213113,295.2908876901216,1.2967846707125021,0.22350355008084455
94542,-5.105745885754352,-12.025578323339941,0.18677014447895005,0.9256133672724253,462.6324614627181,0.19900103614109899,0.22350586000936057
94543,-7.610809287181089,-6.745353738924259,3.345321410579813,1.171034319739278,249.80465777614467,0.4785469058310472,0.22350871016000098
94544,-5.8173835774252325,-10.649818617050359,0.7690534982025757,1.5241471342097097,345.16407584513024,1.5331501074608989,0.22351432308982092
94545,-4.721007523729421,-8.647807437657216,2.1810968711356282,2.389067201662253,438.1474297937477,0.9823374959137068,0.22353635121799667
94546,-7.563473480947167,-6.7110551137576335,3.21062466557345,1.2475971144004983,310.1474157326287,1.505621547400791,0.22354912924043663
94547,-5.219142890619284,-8.830257310178638,1.1765698806947167,4.353330916037759,451.6060001758663,0.016524385987087165,0.22356886566553952
94548,-2.63978378466624,-10.204550090712468,0.4887021920145927,1.208600403919174,294.6502864666447,0.2384114461358724,0.22358676577763034
94549,-5.422125595104564,-8.480910614568693,1.942419476837101,1.343522510336164,468.153798008063,0.6431250418703405,0.22360070101978852
94550,-7.4301920325577555,-7.292295272260111,1.2987142528181426,1.8139687448287396,432.7495617157039,0.055099081048501475,0.22364161789621947
94551,-5.7895443031753215,-8.474143255230457,2.885080661873148,1.0581861470549274,279.4825709100389,1.7832051606907902,0.22365459886859734
94552,-6.892908743073515,-7.7415812054879645,1.9968594149595045,5.651483027141124,648.6976614966139,0.33254136492230923,0.2236796769493378
94553,-7.5965788809674475,-8.621911928696735,2.322344976597053,1.3184951939475062,281.31549680774117,0.5646470889745698,0.22369887783940873
94554,-6.737957536320019,-10.101592120109483,1.0717068150963072,0.6563798357180954,134.7343733799682,0.14345911132407618,0.22373372642013414
94555,-7.2452466803888225,-7.172189315419657,2.721831436633212,1.8983192977853365,465.1328001209256,0.17593502200204814,0.22374192507997478
94556,-3.366653819105716,-8.884072347446745,2.14017610855188,2.6809308030298675,329.04959188851166,0.02510728434530929,0.22378008731918153
94557,-6.9558937609160845,-7.697080049235063,3.3827795360532513,2.528250874991099,460.99010193911397,2.5342033436366416,0.2238899954141304
94558,-7.81250130618824,-8.64203051777752,1.7871611281460498,0.8190582111666598,217.75791208431752,1.2685868481814166,0.22398327360207734
94559,-4.641740690783768,-8.718994047097711,2.2913113091162103,1.7158790599306597,406.89714350064577,0.908740107754701,0.2239838465628354
94560,-6.115718859009759,-8.801714438761227,2.8807244628794426,0.9592737799796951,467.63032629793435,0.70000702243959,0.2239854596277838
94561,-6.345448862596081,-10.117169517247696,1.1775340577123883,2.653879502699917,451.3143367552303,0.4578688013896608,0.22399508443691066
94562,-6.584913903495852,-7.918623071979378,3.13858567676591,0.9065409794827043,456.70665989561525,0.8327099208281652,0.2240115169208336
94563,-3.706612573352438,-12.905773739553979,0.5096568487284193,1.1242786637718505,233.34884964176462,0.02965136586537387,0.22405695148425767
94564,-6.047387881294378,-9.079952760022286,2.51101191155378,0.8296021308266214,128.86955007587835,0.31420858967669574,0.2240782274354329
94565,-3.264060807118243,-9.408138544181377,0.5008391774366168,2.487084157986454,455.91285458673485,2.0417286465718503,0.2240875316488258
94566,-7.3878014545557935,-8.771856123185557,2.437490786426955,0.9737200510108003,258.7311846493812,0.43331612387307405,0.22415792080084768
94567,-3.3622383678326866,-8.81885654501469,2.1035413583649833,3.9532832586106808,560.1900427605576,0.6149507311621809,0.22416819644453942
94568,-5.9996822861693095,-9.450255226523652,0.326807127849095,0.8970002881597727,186.52490589457153,0.8028187285020083,0.22419420063418602
94569,-3.898703208241283,-8.720842927494045,2.009818224914285,1.3881190270312036,320.9464019590808,0.20002916530662684,0.22419581761516863
94570,-4.932575714483831,-12.040419542862336,0.5301616395735156,1.7245069723038962,407.27070450907655,0.8914167947550338,0.2242257737994498
94571,-3.487851328684574,-9.00249973252133,1.1456097145762587,1.211298462265951,291.15729686137394,1.1006248126429954,0.22424925449479247
94572,-7.622564487656628,-6.213780768476957,2.570555294083915,0.9288362579119234,468.10869461232153,0.5765623982714319,0.22425752009835873
94573,-2.642039603621993,-10.846793548697839,0.8787707428972227,1.0309632871382601,203.9697858451274,0.6949537551097,0.2242772086362515
94574,-4.0523592133406385,-12.558158087433748,0.15309402293103616,1.133351789170353,466.97942909401195,0.6359520218507049,0.22429230799329197
94575,-3.6433878893935514,-10.273703524953767,1.0239055013803993,1.0339353786277694,465.1869758566423,0.7127907688373076,0.2242960423492799
94576,-4.626256408705194,-8.935928852804114,1.1581271114821257,1.6437190709131448,267.72030932309144,0.018568141859817366,0.22434717140897903
94577,-3.003500845652348,-9.001311896135299,1.3151111464783822,1.4531723977789808,331.0238950944746,0.016561187725547377,0.2244080403481185
94578,-7.330508181734592,-9.576667486460696,1.2025500432973535,19.2343899848302,746.048130442279,0.09916198335833659,0.22442239588888885
94579,-3.559176594817349,-8.841877262685664,2.1153486417942675,1.1672452844212067,283.644297368069,1.0011645631878432,0.22447191007910572
94580,-7.180733370715673,-7.292716543360634,2.4527157107637416,1.0855992951441917,467.30890688436614,0.45551779831154526,0.22448709270479966
94581,-4.684066318355079,-9.434668596915309,1.747256933139325,1.0231466037036816,202.1221644583097,0.6335790432407284,0.2245071866420434
94582,-4.390082592015187,-8.896218797575475,2.226361085395854,1.2534044097114834,468.5946162500836,0.5025960672530783,0.22455591711341413
94583,-5.441748459636885,-10.83780101604374,0.7267261786332283,0.8726943537556915,235.77565388245543,0.16209311542393134,0.224585263202988
94584,-4.176075511332352,-10.525524863416802,0.86296365200143,1.8700012531737698,465.51162448938493,0.42359596872301797,0.2246027990601093
94585,-2.8243141780469827,-8.986047622786407,1.6259523814222279,2.8439494908752385,481.1743009659274,0.9796070328737878,0.22461431190905878
94586,-4.57715898682606,-11.81289665102361,0.578523212571182,1.031108164304163,468.227187839985,0.14172885179282968,0.22463991121878066
94587,-4.114502656734263,-9.021529134703107,2.1137021340588307,0.9612409640351848,200.02395153236773,0.11809247545196566,0.22464420065635593
94588,-4.055730675326817,-8.895579584683208,2.158399837358846,1.0401259660967712,212.45995800744916,0.17710308839170086,0.22467751209494652
94589,-2.5847622571029003,-10.313487717281285,1.2688012213260378,0.8036086279659533,237.79881348957025,0.4831050599773503,0.22469244575259756
94590,-5.2877920723009275,-12.859298858449668,0.29353007028406564,0.5835505486956428,166.66773744144572,0.46484699493731796,0.22474388085939961
94591,-2.5818501405684833,-10.2720826386569,1.2339376367176873,5.589075737453084,651.5805337656051,0.563024086388296,0.22475883880643455
94592,-4.271189016258842,-9.164722211072576,0.6941550618728952,1.8549595378763362,467.9475500219969,0.4881814639391626,0.22482381886009614
94593,-7.65805677663837,-6.124215890980606,1.6854592784031108,1.8841221323052701,453.8970218414438,0.25367097559623186,0.2248404705936755
94594,-6.682065575006028,-7.904741199802551,3.3150383268591996,2.4127658489708965,449.9132137121549,2.528572966064689,0.22484944654970135
94595,-5.897648689718988,-8.285434442602806,2.628867401875178,1.3756468286193877,468.034159889279,0.17299324271969052,0.22485819827242676
94596,-5.687121962304937,-10.301430842506033,0.199253868376771,1.0082416432587564,467.71737046590204,0.06759173047994693,0.2248918100949104
94597,-7.0379792082928105,-8.229158323507303,3.418928049273484,1.3771430952565584,303.88908980468364,0.0917972487065235,0.2248950919119779
94598,-6.773137435479987,-7.875426735005749,1.9115634500653529,1.2939656889511628,282.0352975880763,0.01911108877544354,0.2249206403094803
94599,-3.1682435646762634,-9.177324675674853,0.7623407575202215,3.8945028880588195,562.3307432360956,1.0248503880700897,0.2249527931447809
94600,-6.87644608735515,-7.763553230233124,3.3534490712511564,1.0311368497117854,466.94304044897456,0.06782721223138033,0.22497078649821045
94601,-3.0768737432278304,-10.757835943615806,0.16839612978447374,1.1686024078272819,302.05397471659103,0.346893369522566,0.22499351318802327
94602,-6.431562457647225,-10.598126222697676,0.43969603475055613,1.1029451751200454,287.20169105888067,1.2595942457836369,0.22507930263001621
94603,-8.181370686513759,-5.218845539800177,2.705340208312124,1.7775384146764772,421.0855188801781,0.42562775703669153,0.22521186063392076
94604,-3.78889312044182,-9.044607436816358,0.9680782996953691,1.1486078426115727,239.7546671983975,0.961660965936928,0.22521782362611098
94605,-3.3116450770815877,-9.64775844591366,1.5041917120769277,0.8605111938163544,467.35194220457623,0.6771441957594018,0.22524399416430047
94606,-8.11577996441424,-5.829027177637554,2.9316352415335953,0.5458814250332905,145.33236562027173,1.0666517613296733,0.22529645029281742
94607,-4.263476898851639,-10.277242176019097,1.0322824800984731,1.1013374636015574,468.07209804778955,0.2717904620426159,0.2253119016608514
94608,-3.8561179065435063,-10.739798563348817,0.1431125454316208,1.2742985605745216,284.865388385985,0.8937747921972798,0.2253343225987409
94609,-7.668694370773368,-9.18983912783772,0.9648400699668641,1.2170976243655187,468.74304313691454,0.5414205022825165,0.22534476553476301
94610,-5.199192267087567,-11.08190830777517,0.6654792067962358,1.4728384678589574,468.4937268558502,0.9347842888287223,0.22534799647840975
94611,-6.346782514627376,-10.69070658704721,0.6321215018930757,1.7342068732670128,409.44805270900895,0.4121970001305053,0.22536039263039076
94612,-4.64317749730502,-11.268155976131032,0.15522167075090243,1.3721080304800528,458.0659395686691,0.45721732103763824,0.22536219779815034
94613,-5.890317922116091,-8.728519701569182,2.8493341547443056,10.681852429451235,793.8198247321296,0.3176567259410277,0.2253797883444813
94614,-5.8068724048263745,-11.694983272375385,0.4166909186460406,0.7918990283074904,235.5841760054212,0.5572719276924616,0.22538959200321682
94615,-3.6495656797868623,-9.497431378761451,1.6408844780117713,1.03616410907774,277.50806143802123,1.0978889029004977,0.22543988931157222
94616,-7.686354331697922,-6.9267067344128925,3.4935800416873963,0.7998916560334164,469.30863503140716,0.010011105950024302,0.22544660719939938
94617,-5.34876376963385,-8.634652692830223,1.5460037691553452,0.8416239402200381,179.69528722316804,0.27879492752547286,0.22545146743334932
94618,-8.55193781667885,-5.803864812036093,1.7146866318417406,1.0496703877661144,467.8788603602702,0.7513472943426924,0.22545910721696924
94619,-5.569255411595474,-9.79231939291152,1.4482016601764074,1.8744960530221222,386.64865244075867,0.43162207096645666,0.22550046021126283
94620,-7.4968614707783505,-6.66653214071855,2.0597186468507425,1.1153378873453854,468.12920082569786,0.7470019960556167,0.2255019311072889
94621,-8.229356667877886,-5.608541856687182,2.7315029436896845,0.5986985006083655,150.15669477883478,1.1247097112462905,0.2255583884031211
94622,-3.7525635525812344,-11.315841697014935,0.6527005312214319,3.025725749179696,500.58916110686596,1.332483531072664,0.2255762224981325
94623,-7.422394941604742,-8.15119132465309,3.206642126922284,1.1116228225997813,466.11621241746747,0.700713472739066,0.22558771942209216
94624,-4.051407218188671,-10.90543436751991,0.7341844683174543,0.5892285042343166,121.3856361088234,0.9946836809731936,0.22567748368434962
94625,-7.102925184222808,-7.399393971440246,2.9236747198684965,0.9939273306992087,170.54008285923246,0.15827306452224743,0.2256936158254133
94626,-6.443690523449453,-8.428844327218478,3.2838472711994253,1.8349646079670427,384.4157963562045,1.703735280644561,0.22572209215071973
94627,-5.163410425108003,-12.106789794338184,0.2074248449548376,3.223662013311429,514.5658683629641,1.104716174199301,0.22573456614620344
94628,-8.58295376605313,-5.107330369094532,1.528638666502122,1.5541485449320844,468.04148220085216,0.29682843155545147,0.22584851981423157
94629,-3.9512328963317493,-11.898577868058975,0.5793168172385205,1.0976962659512814,467.60720583942515,0.5631076078196502,0.22587424438484974
94630,-5.200382664954763,-8.524163460580475,2.180465834588501,0.6455797542389731,185.4432496498465,0.389161491610321,0.2258949010589768
94631,-5.325874500648053,-11.523888430912573,0.20265095983686457,1.374445701676544,325.35446872472465,0.2131458063297691,0.2259104655962518
94632,-6.377965240372934,-8.35638804197607,1.4098597732815363,1.5002266765965513,337.76566995140314,1.3262773173575146,0.22596464193350932
94633,-5.035391845015328,-8.833035254120112,2.4143549098276194,1.1851765831456502,294.97782742188105,0.20267699320903532,0.2259960022435185
94634,-8.579566487077326,-6.384981848946895,1.543722900180566,1.0140382409107298,278.7976330870121,1.4273938894705163,0.22605431054913253
94635,-5.936846020925992,-9.464630116701995,1.8244936927903292,1.0950865278603805,467.14593970743636,0.7952762192747072,0.22606407098198933
94636,-3.7708484574945214,-9.025424462621007,1.0359561384269447,1.2161589819341474,306.6621244077106,0.5530793410284955,0.22609177449891357
94637,-8.047002619504859,-5.176599381111337,2.7988647928881525,1.7354630041903634,336.6479767016969,0.4095458502852356,0.2261487412525018
94638,-2.983839006832987,-9.592408016443416,0.47529790512159303,1.0971233291519533,283.0551390214933,1.492219986481384,0.22615379121390403
94639,-3.2904229320283616,-8.972301971281276,2.087774483642247,2.5117867029358645,455.3371476923998,1.4513523521419964,0.22615436388745225
94640,-2.9419681888610407,-9.085877829554553,2.0187150058515835,1.9031359661630054,468.62743737859245,0.6489378803072885,0.2261849531614427
94641,-3.6996719806924236,-8.886890910816419,2.137554085872004,1.0803579855918517,468.03360146003206,0.8324358443170041,0.22621910392427652
94642,-3.6402883594153774,-8.983055615280154,2.0842015998938384,1.0581629218797914,279.86335151431234,1.58641925843716,0.22629649650418715
94643,-7.08216228923682,-7.472617166419077,3.1530524480319424,1.716816742419292,369.89227225216496,1.6821567089686953,0.2263051617167262
94644,-7.118761608010842,-7.409656558964482,2.2929641539684287,0.8486565049868819,242.1662927692701,1.26244244255233,0.22633643951278692
94645,-8.391581941251662,-6.952835148766932,2.384942008795212,0.7862530806851279,172.0721280433642,0.09281696025651609,0.22635365285428735
94646,-7.411907537736101,-7.171762606116028,1.544988317106037,5.019333384151732,625.7948710426003,0.7610902854233741,0.22635731701868655
94647,-4.268047719385981,-11.173287993568511,0.6690460704972517,3.7007904995350818,550.6487853421411,1.210996961273712,0.22636681560610755
94648,-8.365884773065833,-5.745820570289095,2.4549869718153476,1.0389909385755738,271.1281510535548,0.3510205630796479,0.2263766149970067
94649,-7.8526781567241155,-5.644133321687538,2.840450327580814,1.889036621160325,454.91880070841256,0.5955586901227248,0.22642472214956458
94650,-8.478634199639906,-7.022739857064378,1.8852956836860595,1.1439673519046736,467.2106203439969,0.4316367398795693,0.22648065946532142
94651,-6.776743255364317,-8.55582231101667,0.7829847058779951,1.3203767258826424,322.74122122420755,1.1851852846977957,0.2264858978565307
94652,-3.136454999188981,-9.8123835311581,1.3871401891440602,1.1284542146363092,467.8404966533443,0.27123864306026757,0.2265057911630137
94653,-6.669247211730944,-8.600188858221813,3.16794110464052,1.5072166715599258,358.7310633693861,0.5180813936461233,0.2265061634074997
94654,-6.265666659418306,-8.139432322523604,2.1536106254212393,1.6130814529836597,468.2338787431412,0.10564972422114405,0.22651977453179176
94655,-3.2082539057454005,-9.006717484443334,1.2132122967503278,0.8041378288742921,466.7212527959311,0.5232285328613893,0.22656343588851505
94656,-6.304623550492427,-8.35214199882053,3.246171236419794,1.7455936285013087,468.25797364508423,0.5021525966555433,0.22657377739635118
94657,-4.178736392622926,-9.325695227414077,0.5336366241096961,0.9933158455013062,259.98058160562397,0.6980395485624014,0.22657516025147234
94658,-6.645915180402169,-7.884492432220214,3.1827858245475653,1.1803490473085323,262.92653178718354,0.5872190509666266,0.2265929525503958
94659,-5.398485056407393,-11.43678650411953,0.5851217148631518,0.9722186435001048,270.40976265656957,1.8846117013321795,0.22659996968106244
94660,-4.727543688871293,-9.877412348108152,0.2323480800008661,2.9402196216521816,275.5644347350641,0.1701284603003721,0.2266210337118039
94661,-7.915878019315114,-6.200888211015679,3.176537090858972,1.3169089464557304,302.68098594401226,0.44319236106677895,0.22664489952620817
94662,-6.155724913217599,-8.296532412715148,1.7663709927680602,0.5203494333496177,147.40662809852654,1.0300773380546184,0.22667772257692176
94663,-4.384682496557159,-9.960570377616214,1.28465243570884,1.08118687054752,282.25246675127784,0.7412679413152938,0.22668345810733698
94664,-8.000545428692165,-5.179341133514039,2.7684942628450955,1.0842041762329833,466.7651712449026,0.8952839788582603,0.22669018072784664
94665,-4.086595861902577,-8.76730075180422,2.1000234736417482,1.3075491066035132,467.7603314410782,0.09527123544526983,0.22669107459880686
94666,-7.478465775642293,-7.251397843233884,3.5214848699488956,1.2808404555171715,278.53116268736443,0.16364295985506594,0.22669344450779416
94667,-4.051794879913859,-10.688952876872186,0.799158682083741,0.7343902451817144,466.6782439210702,0.2827582336842376,0.22671698832805023
94668,-5.888857252409117,-11.337741641106751,0.3490687796797165,0.8701366797962102,187.22718241949255,0.012521614699561034,0.22674583315411476
94669,-4.108191521448241,-9.11991571314763,2.0174588807860925,1.4931823766511254,468.8442391175571,0.26788100875312804,0.22678135041752584
94670,-6.657684917825641,-8.1217424418942,3.444540299251613,1.0014283534902817,274.19844624143684,0.8710082806924939,0.2268186826705556
94671,-5.776144366385026,-9.65539244703574,1.5895324879967756,1.5430464551006149,344.22550950254185,0.5437858130593209,0.22684778065877254
94672,-7.565713566227588,-6.623518944824899,3.067160174208694,1.8082592309789698,432.8587774737133,0.9416379472189691,0.22697409710390604
94673,-8.390747481930376,-6.298158283845077,0.7137882387500832,1.1891313112970956,299.9570907913786,0.2780114089132901,0.22697428507528583
94674,-3.82144324987717,-9.003635841298932,1.1450458759838709,0.8930110910303047,289.72245255877687,0.38433195323450153,0.22698689398747143
94675,-7.1360148668027215,-7.968549986702541,3.5284746346133824,1.7825878052440751,424.370387486661,0.37969444705537914,0.22704538218613324
94676,-6.659453006032452,-10.208311797175973,0.9249312759497813,1.2248957809032726,304.85957065737296,0.557619799280082,0.22705643797538716
94677,-8.067480317967188,-8.419484528165718,1.3867185421756618,1.2014011926248607,305.5267457591134,0.44076097816298,0.22710364435046412
94678,-3.618219126898923,-10.73407068118454,0.779972250527976,1.4309070281294818,326.4596220837925,0.5247027910028272,0.22711497698204586
94679,-7.877552891791554,-5.798195404113963,0.7486040652963598,0.9323453978665409,469.0896535714188,0.10659891930818421,0.22721402412335576
94680,-7.136279689994901,-9.78484749098592,0.5616791644988008,7.503544680319473,397.1171351893689,0.1582993783757134,0.2272677693289273
94681,-5.634090444560425,-8.391680185396638,2.3249631771827923,1.1201007072050804,253.11948172689466,0.4510334562047307,0.2273154092323456
94682,-5.60845442115193,-10.510623129884115,0.8449828733525876,5.846574082519473,303.898046573335,0.28192671327498964,0.2273465401058587
94683,-8.104603504304091,-8.28785434302624,1.5389396994330886,1.8270970343683661,229.29982031044526,0.42365855471248537,0.22738617657976334
94684,-5.820369633473478,-11.133708707948777,0.27130407433071707,1.870924467962393,451.6781784159662,0.4548498211712806,0.22739313979572603
94685,-7.78925222179566,-5.767092618067192,2.768352387663621,1.606364110755386,468.5126507274398,0.64044530115802,0.2274056963987353
94686,-5.900519748276821,-10.33664037361266,0.9804505214876227,0.7997718332704222,167.8202297404755,0.0624122625119341,0.22752760288351082
94687,-3.0192629970509515,-9.39598991165942,0.6257425068932145,1.0706431584339633,230.03748695431054,0.2681887773236946,0.22752847842150403
94688,-4.278141075958935,-12.186443721827503,0.5338396036917198,1.096688420243143,467.53230770946,0.9043838047645867,0.22754055665596143
94689,-4.0253061493109366,-12.778741125541572,0.5047812977819456,1.843101918737136,469.1881380215466,0.21883287628761927,0.22764670962810704
94690,-4.666683966837918,-8.757597463544869,1.5465603655171085,1.0804605559191345,285.5753974185017,1.2648040433589598,0.22765063756829326
94691,-5.868960749529547,-11.325696175963628,0.3371885908984017,0.982613832650574,270.65039656678863,1.3770535000948314,0.22765484347964277
94692,-5.963699285654213,-10.926022746535313,0.29231210705923216,2.829280417223223,479.65433783506825,0.958724909151206,0.22770063386503986
94693,-3.1552785631595803,-9.392411553071003,1.747825822174381,1.9021900229824151,467.99627076883814,0.33223928799192315,0.22776925132450612
94694,-5.007083482641661,-8.681045337063752,2.368314399497201,1.1267148443235748,295.3783272938444,0.5819304443875994,0.2277694549644252
94695,-6.258319253613964,-9.626773981693663,1.6295885222552748,0.6367585231061165,170.76062477336885,0.05789421626281044,0.22786945146990661
94696,-5.867364052340863,-10.424813940477062,0.8895108715319178,2.687445489898572,473.4173550530583,1.7612606598528524,0.22787916062578462
94697,-5.105956554093585,-12.07906721386384,0.19808246610639885,2.943913748158226,496.1982317435283,1.9558843434597835,0.22789656490884608
94698,-7.455099976267018,-9.057009443904738,1.807252936342394,1.8160694066157923,468.5636315950331,0.8550060606866632,0.22792699921093984
94699,-3.83726455489989,-9.6477897989233,1.5017505872665584,0.7807798769681586,470.0070977632295,0.22120562837778923,0.2279381347080285
94700,-5.7271047978015375,-11.410853724855267,0.2805996546975335,1.8335312103440136,467.2617409166749,0.47031635135210514,0.227950730509962
94701,-5.995345990393968,-8.26576890308607,2.8243350530374953,0.8722159019039766,264.7803467139668,0.9410469230216032,0.2280007384266552
94702,-5.880642517207265,-11.471892685183954,0.40976337612660424,1.0214480338665246,469.6667045914337,0.09999782365404819,0.22800576591475308
94703,-7.227152130135337,-7.284623782167225,3.119160005948878,2.3091381613618864,427.4758432231119,0.8594446203563981,0.2280344069379877
94704,-3.6418121747873453,-12.251847918713006,0.1453106231966732,0.8424134839435401,467.87182953341545,0.2786093763071946,0.22804268841949418
94705,-7.636203604240717,-6.66316710618894,1.0735229596305635,1.2856199280717056,314.7384925262175,1.807603642646976,0.22805127010562898
94706,-6.360135218409917,-10.307064149671522,0.9174818220515589,0.5073854961016082,121.64991475887203,1.1429164466149544,0.2280687440673961
94707,-2.6512525874887256,-10.759756810715334,0.8734474543583995,0.7430404579316029,221.40034667620117,1.1362985038560245,0.22807526590040855
94708,-8.35266727124774,-6.4626064257164675,2.5957924031215316,1.2066167863684267,253.2028485312754,0.3588774597496798,0.22810632123310276
94709,-3.4213184707817126,-8.769063949627823,2.01401396925139,1.7513039025464703,414.19837238998184,0.4172331788775159,0.22812037739107419
94710,-8.181847059985838,-8.053348918984588,1.7132178700656064,0.9584973591430517,468.18744752600327,0.5405261273050828,0.22814352399538065
94711,-4.581513458798456,-10.287061339669094,1.0089653711821558,0.8009994436610544,158.81372889136074,0.06591029695475559,0.22816053615320853
94712,-3.3735969377224952,-8.771998048962553,1.7523756385791047,1.8588448943099778,446.4557020525097,0.3008218548743198,0.2281638651372079
94713,-6.5196559818749655,-9.806676779647331,0.3485502715673516,1.2116439088791184,262.8455976987625,0.505247621464167,0.22819098993131437
94714,-4.448700273531823,-11.9538716660415,0.16309776351146224,1.3217104989832709,316.1311144825832,0.6424283086229412,0.2282016445039103
94715,-5.843039107648985,-11.581090429003712,0.4228322931998207,1.5095950068063262,347.5089472825854,0.5198445463653867,0.22824609913678087
94716,-3.8472304915409783,-9.19397194738147,1.9178742655638104,1.3225139023503132,468.6087972389912,0.2928412203107671,0.2282589314599051
94717,-7.828364994940912,-8.508925022128814,1.9791185992045992,0.9267092449341024,469.0658943499608,0.135416571821521,0.2283031419625741
94718,-4.632335040599531,-12.725274445775629,0.49064082251129343,1.738464894724757,411.9282707271031,0.7934904364267394,0.22837158994142795
94719,-8.313338986651383,-7.274887872333725,2.4189580201763143,1.0864708937778367,285.7495198508391,1.3289702683991367,0.2283890249324561
94720,-3.9818167050259303,-8.733323053349581,1.8751449347832547,1.008648601761827,468.8025561023882,0.9133987342474814,0.22839263989122532
94721,-5.600094901182121,-9.197935764325996,2.163149719580168,1.321177811286003,325.2985340739911,0.30816019672945316,0.2284420092016402
94722,-4.887665148884465,-9.707261642128929,0.2763644331048476,1.613054021618616,468.03658065248095,0.17541464487806557,0.22844342032745707
94723,-5.447808163533047,-9.342806697659734,0.42308162878625305,0.9598984898636926,244.15127661896156,0.9256767183911689,0.22846046352888105
94724,-8.226297553333573,-7.51573013436332,0.7495363091525473,1.1147920680860206,288.5119922435668,0.3130592027227612,0.22848735169120174
94725,-7.714168613614968,-5.6501405306592964,1.791031563739185,2.5220464024206266,454.456553409986,1.2247189173227335,0.2285143898360569
94726,-8.051260033313797,-5.373842546563856,2.835050600343565,0.7004323730757974,157.57630586767254,0.24604056466899937,0.22852551614363045
94727,-5.341744629897276,-12.295075719849265,0.24391296363115886,4.15664987115201,565.4486691903309,0.35033958081908345,0.22854148422725523
94728,-6.884811370996308,-8.540871555623276,3.1740002516543417,1.0060679160712385,199.1003504864007,0.5753205710827194,0.22855994237471342
94729,-6.192364892542778,-9.544716465364877,1.7263570057175475,2.3580239378516903,429.6979473143725,0.7288223197969144,0.228561966771762
94730,-7.695721259216374,-5.789659203236737,2.025359653636159,1.7975469728960651,428.11765809926817,0.0977192972314711,0.22859858440690164
94731,-5.104335520108957,-8.6431567188541,2.4081443252817074,3.392354522634871,512.6742978765914,0.4106033644160485,0.2286273252742359
94732,-5.35110792520453,-12.26955290349113,0.24428026400480188,1.0095817051937255,277.37191914082496,1.669248522607047,0.22864887650019913
94733,-7.411766112270051,-7.22771971968641,1.472197361935401,1.1923894637640018,304.7049144369958,0.5035856154710077,0.22865600297005395
94734,-4.8087967461487215,-10.882844755308946,0.7246525822862213,0.8454219951247128,215.3782065109721,1.1348795575198967,0.22866387757312154
94735,-2.7467781433974023,-9.524740672359982,1.6905878483024477,4.881930592764716,613.7765860867,0.47283876118290724,0.22866864607703524
94736,-7.798633087234129,-5.1868377854809475,1.2666602929709458,1.5844365252788952,395.507856587806,0.19182767167190384,0.2286809733222628
94737,-3.664863607771993,-10.62112303578251,0.8181018586702574,0.7398518453321286,150.1852275305129,0.43186058416942785,0.2287103900297821
94738,-3.8781182867574646,-9.748070420191112,1.4201547475608223,1.7920853295537187,426.08431877382236,0.007538784288576572,0.22872416115220437
94739,-8.22064042840714,-7.575432216703965,0.7641504505948636,1.7487050063192575,468.08066888196373,0.07554930380531744,0.22878248169849907
94740,-5.969726175535177,-8.256062878010773,2.5952563345142514,0.8195037340683603,467.860851227147,0.5398197836807999,0.22881852316900003
94741,-5.415268203651032,-9.228633746462343,2.0653421774064307,0.9973826208615147,234.5489532149383,0.4793112599524152,0.22882618600060242
94742,-7.493610905137227,-8.783504286898665,2.231506454437493,0.8649629167246182,248.463514160503,0.9078713009555974,0.22887813258671533
94743,-3.131349206102948,-11.119793215125883,0.6868303819038344,1.176215884537053,238.96736182179203,0.7912692047659826,0.22889001287277272
94744,-8.35510184235589,-6.4002661136050065,2.5828434938299534,2.3606226082814654,226.8368319997946,0.19275439053595456,0.22892449927258815
94745,-3.2465709593082135,-8.757771456882484,1.8863006832395561,0.8105685217826802,190.5915871773737,0.1662216591818204,0.228956968131512
94746,-2.982669272353422,-9.335905891194688,1.8243177865340465,1.8699531514422454,449.05564844695533,0.39448237557724486,0.22903217962234015
94747,-3.300062971852542,-10.108651008446422,0.20502507823750063,1.2539153697097074,141.8439458332673,0.33010855353199453,0.22903224980745782
94748,-2.6976141857676437,-9.358469038934375,1.3188705834066339,0.9565544376496568,249.3136801610754,1.015266222954792,0.22907209405595785
94749,-6.0717676732381936,-8.336335799119105,1.7565562745000836,1.2254563356706039,430.88878564505234,0.24511993193548687,0.22912960725506998
94750,-5.452447114723482,-12.165088145307449,0.44473692630544204,0.9830984379244037,250.6209212509978,1.0461872435004285,0.22918154841449853
94751,-6.175951037135643,-10.016977545981632,0.2665359497895547,1.8732270058944407,450.1034961129602,0.41875149796760347,0.2291947424160424
94752,-6.511931180166079,-8.536477826352463,3.2053497703176124,1.679633510272806,464.34733504560694,0.3104351109452006,0.22924768546364488
94753,-5.254001913311037,-12.86698960415291,0.2989708411858452,0.9848237012015985,184.64893876453795,0.11528948767187064,0.2292615240993254
94754,-4.515523552312347,-11.352513025687745,0.15608004781707477,1.5570964946344683,469.52510274036763,0.04347077383187603,0.22931129346022702
94755,-6.099134953353493,-11.189388614633419,0.4548805292557102,1.1133268000650176,468.03886506343025,0.8483148571464545,0.2293191441830007
94756,-3.6152069193928806,-8.752011462825418,1.879431012125347,1.7020357641791997,468.147050873317,0.37849302945115326,0.22935865941364333
94757,-6.447694240694573,-10.653831641891193,0.591437210344977,1.8633292873311607,389.5147398605132,2.0326097200973976,0.22936729689872784
94758,-2.8772427591157292,-12.709595916688434,0.18375549730232063,2.3815062368712825,443.8553638710252,1.6601106876666787,0.22938812201918884
94759,-6.026170695496193,-8.241312371934121,2.78659283114524,2.104485032782417,417.01582762816315,2.109748807244487,0.22939406115211913
94760,-4.950204052777076,-10.70634445792405,0.7761436380287843,0.8858939429187983,215.75296388013797,0.7590357893887623,0.22941601020749647
94761,-4.538318834711604,-10.394455639151879,0.9266083940089257,0.8358503897654784,235.51356294848733,1.2998433616203728,0.22941820115079303
94762,-6.249528131782979,-8.112781849702838,2.4133030394743105,5.81992358337341,661.4824370318488,0.45651124892414163,0.22942338302398213
94763,-4.910859167281142,-12.380441090384217,0.18729290283057468,0.9791507813237879,467.66937453029647,0.6131813180983796,0.2294269707710329
94764,-5.094744253389622,-11.689441662267788,0.5606630833409537,1.7984213671223481,380.18658852419287,1.7328665813958457,0.22943379048445656
94765,-4.032503329670179,-8.750689077757318,2.019337467027597,0.7742063356029605,392.9215863895391,0.2919849127377452,0.2294669057601179
94766,-5.848173872103616,-9.052221922430837,2.45693875757587,2.1196639363288767,407.60932967837334,0.4831502647750119,0.2295012385852644
94767,-5.604791923305309,-9.912907817791282,1.3390573539741912,1.046226522366779,208.17495301495168,0.059018172111581,0.22957625148026087
94768,-8.262504820472811,-7.399537209679118,2.4523087989876284,2.215748377407334,428.1537484529096,1.9020464420715841,0.22961765038111395
94769,-8.324142955688462,-5.727560960172879,2.5379018000156868,2.7481325510378203,274.2672622852472,0.488603162866319,0.2297204583975232
94770,-2.8021997554917313,-10.021189663556013,1.2737857332659983,0.8402390168513637,241.71489487843186,1.2010662710735618,0.22973682856381256
94771,-7.332526961668142,-7.76493229037088,3.5272707665170855,1.1610964589785047,468.21060101392146,0.48511200243851693,0.2297872341642385
94772,-6.723946108977199,-7.835318974097486,2.2518392186899727,1.2261796875999014,229.94178535950098,0.037369529290036674,0.22980574288983974
94773,-6.730673693283988,-7.788233224880235,3.0069418927824447,0.9865523843696652,258.0591154387904,1.45139321881192,0.2298661857842536
94774,-8.013644938492988,-8.39315535489905,1.6356906758303293,2.4389978855372085,452.419918987891,2.511417286486333,0.229909375787477
94775,-2.7246506859705004,-9.739063658702047,0.5313226064196388,2.2648694659544275,432.62474072223443,1.7747937549216468,0.22992965499161222
94776,-2.8407159156149584,-11.513984397618692,0.18741680504441868,1.0713442974538898,467.15992046513975,0.2749898123139154,0.22999362034643106
94777,-3.419383265537891,-12.665116598242667,0.14920745789427597,1.3019600824501356,311.11581663911846,1.5282442027200558,0.23003970784733999
94778,-3.2582983984538156,-9.301885500076686,0.6123432950285229,1.6699101478892824,467.6396002843777,0.5519163141934333,0.23005259680479867
94779,-3.3835944982133714,-9.180248139876802,1.9141263876354,1.6650975438538997,391.57484804522073,0.48707049624038934,0.23007943584837584
94780,-2.901020188609947,-11.945167011811098,0.17896074279004473,2.316838686121318,436.2466233864078,1.4754481698931157,0.2300921374848783
94781,-8.408849538843112,-5.465594089173825,2.26038316050307,1.285163249060328,282.2366560708611,0.10132730247762911,0.2301343560079585
94782,-6.897310755378301,-9.698500953317303,1.4162734980231122,1.7571393913409294,469.6899582720727,0.23576434894956932,0.23013759655053118
94783,-6.025294411226972,-8.397701546790735,1.6380102744332807,1.1310807113831147,468.33101132903886,0.3296287160225395,0.23014633198860837
94784,-5.407229937417082,-9.192307187296334,2.1168580711980147,1.1557385011576746,240.41863967320455,0.1471441259019608,0.23015844174140723
94785,-6.994499023325032,-9.055779329227324,0.5396123868521938,1.104839453307105,466.9018667907753,0.748384671364426,0.23027069971591266
94786,-5.859930396072062,-11.473529591511141,0.404494636825693,0.9330417138163892,168.08402762893013,0.17057750521620196,0.23027735709365924
94787,-5.998122048508222,-8.33851072785615,2.9243204953387854,1.2819135405720992,468.6376961279476,0.2868731403023492,0.23028550201946787
94788,-8.08268569488715,-6.906694112018252,3.1550231146776926,17.286879026559717,639.1070824306577,0.02830208538778134,0.23030040082414677
94789,-3.2154419951702398,-12.81462290745716,0.16383251125558881,1.5268235966185206,367.2624303155178,0.6056025224703907,0.23037613125315134
94790,-5.205329142567817,-8.676237923917586,2.4976792829269026,4.258527410775937,585.3923650923425,1.0103125098834749,0.23038255910211236
94791,-4.238100860288393,-12.89502332773941,0.4918220882905786,1.4713744453137296,333.69120374733905,0.22612813892581318,0.23043834551887535
94792,-6.995508167515414,-8.488990150137173,3.173539071825094,1.5903816504662887,365.7539076263174,0.08134005916468556,0.2304645165080153
94793,-4.05081867543066,-10.692384097449587,0.1511938636989605,1.0635801422678255,283.50853072589473,0.6984990221656995,0.2305030011763308
94794,-3.270725082729438,-10.514403715371747,0.8530114381557371,0.8489938421743475,236.44105565153328,0.8694916119901768,0.23051557908985912
94795,-8.071051372612756,-6.811528160915156,3.1839521919831997,1.1294672107276027,236.00265072372892,0.1993713648824107,0.2305435149284992
94796,-5.189375673995218,-10.032587267690715,1.2469194407187363,1.2178764894978544,321.50365592849636,0.5164090605014433,0.23055915918291875
94797,-3.6149030933519777,-8.787054622249055,1.6597229137150953,1.0422038577167356,263.23615843948255,1.273769072025023,0.23057461376873092
94798,-7.27079113961698,-9.659462873769373,0.6685588361677491,0.591920824473522,125.58800874346854,0.1984422822087577,0.2306795304402637
94799,-7.918160055134081,-8.512325084987692,1.7037875281168353,1.209756055633087,290.62249412049636,0.4483659301623435,0.23067989038822242
94800,-6.76187449097348,-7.790513128958238,2.348530935680135,1.3522768852152232,294.34731440161636,0.9262161128414812,0.23068130104562734
94801,-5.1794197847582994,-8.78282421275628,2.4558533362713244,1.5234251814746216,345.5788796605207,0.6754129892499181,0.23069490626198552
94802,-8.243630430862407,-5.197022705420643,2.5907214589043686,1.0819446454636463,302.51140469969596,0.42207384167734485,0.23076604541592077
94803,-6.008128343837267,-8.246608412455705,2.722261804083927,1.1466559211940102,467.23221568655873,0.44571993188262216,0.2308162346045594
94804,-5.375332416314877,-9.808945392111807,1.4132154469752183,1.4987559240898958,468.0160994036528,0.630669742236214,0.23085660805425132
94805,-3.913512961301219,-9.060195316094298,0.9438169507427189,1.3974979008326476,249.34860443634724,0.01404720806314863,0.23089548388837988
94806,-4.539205026798509,-8.772729877847448,2.191556596081823,1.8149647301951852,433.19034598527867,0.2863383409017688,0.2309689897453249
94807,-3.8188784997103777,-9.027593517620602,1.1145233628618338,0.9028998153736326,231.42371591050122,1.235202134124033,0.2309952116763871
94808,-5.976279871333762,-9.806639903962783,0.25621736816369567,1.4022014224599395,306.14271565915493,0.3417556221126281,0.23100946771631176
94809,-7.073384635703164,-7.900688087717189,3.533066765515736,1.7897682042517353,425.6633353856672,0.06883795501389489,0.2310267101337883
94810,-7.92534329353593,-6.064306856502558,3.0764941829315506,1.0529708748355495,277.9344570815965,1.8213386964626563,0.2310428071296654
94811,-7.093974672776255,-9.89399398692645,0.8482829930407714,1.8063995992817474,466.79787469361503,0.12096747775163319,0.2310892949004762
94812,-2.698681043581569,-9.462201905285923,1.6794619472767838,3.689893014107987,279.566155482312,0.2313762203427201,0.2311068801331248
94813,-6.512764626436096,-10.163441506236515,0.4040822513101722,1.0195634860198146,213.4063518636579,0.2917751279581138,0.23111783293880409
94814,-7.815011415379285,-5.02057488870848,2.2924890560697406,1.1402295358758177,275.11672096475223,0.3490829017361099,0.23115530714210714
94815,-4.975419386487651,-8.817357644138,1.3304083888291183,1.1112962628974912,269.2269155689554,1.0409801791392974,0.23118302462366142
94816,-2.7788851410059268,-10.88752917550096,0.7530243617488048,0.9048809599912099,469.8560491932233,0.23429523534194896,0.23120270732078507
94817,-3.4750191321714174,-9.053202583033475,1.0065213043895986,1.1160860319981278,287.2628048794804,1.411380909055187,0.2312042313722122
94818,-6.785221226609122,-7.927557917858392,3.406968671764618,1.7746569727381247,469.7055660642226,0.20702211129361903,0.23124785998740954
94819,-5.276035544586274,-12.546620835136052,0.4076682621670649,1.3217511764880046,323.87383309803363,0.3155139603560366,0.23128484839921878
94820,-7.576114277970733,-6.4568596430701835,2.685005721642816,0.9685771414804726,250.72374291805838,1.0747974316036784,0.23129143115693646
94821,-5.935156742573889,-10.856764313256239,0.2720869038237425,1.0606002686780662,275.28209708500475,1.7624546727367152,0.23129177587417674
94822,-8.21276397808316,-6.488604889994069,0.6593757754228322,1.8940707658821372,467.87956764020413,0.2821329991022017,0.231342731845097
94823,-7.419709438931552,-7.065817655487568,1.6909116988875599,1.8583881996230784,468.09408133166767,0.7274818700790275,0.23138284263020226
94824,-2.597045932737206,-10.03416915608824,1.3796189521537758,4.229152453172331,574.485341291315,0.4892127279477032,0.23140002610555416
94825,-5.250389592081832,-12.696754315319746,0.2552111328860492,0.49459744178772186,111.45702837993599,0.547070405930774,0.23149012341225306
94826,-7.184221784919332,-9.048730277743934,2.2312708841494713,1.2720058862160335,275.3463746122767,0.39124399672686305,0.2315010299804175
94827,-5.237469915144983,-8.792138165405127,2.4894824485809863,1.0393089430740277,467.0938138943319,0.6320935960918375,0.2315192086251958
94828,-4.620137522809733,-11.149142341303728,0.6600096093774228,0.8700451604340762,208.11638614885968,0.742920092892235,0.23154777498955986
94829,-5.831301952662499,-8.549272048211794,1.483862274763585,1.5830433948848937,369.1482809226587,0.6824972757697907,0.231567130911715
94830,-3.2368727618570237,-9.077303331375933,1.0255278431503576,0.805869277542082,467.47648702430934,0.346345796226033,0.23159097810310414
94831,-5.274728806128433,-12.63462680264949,0.2915088742995103,26.907724849625467,770.8484621120632,0.10187595148725315,0.23159272534511338
94832,-5.0367546915806605,-10.077683510292353,1.1995722691047126,1.4770944487099724,338.3369797445177,0.230629952590383,0.2316073858078038
94833,-6.395872925607248,-8.187911408527256,1.7676634838631775,1.7550976178138598,415.72566015976986,0.06916561683309297,0.2316351227865651
94834,-8.404359780956797,-5.123239100328518,2.200930275124779,0.5958430892493725,156.29681173770607,0.1394875398232669,0.23173323359071324
94835,-5.1355212282576455,-9.437140184656416,1.7513051785029305,0.6054447750673764,125.03426536790872,0.23108776941893172,0.23173544715049543
94836,-5.156696770847157,-8.630768101794335,2.397061943563261,1.7276881048659596,371.98944770688905,1.6854139955571226,0.23176298451176813
94837,-5.834494755366839,-8.384599846276508,2.7811404035492875,0.8717172760023274,468.3757173298164,0.20312314687628508,0.23178001527501946
94838,-8.42032815647471,-7.279626025976948,0.9608405366662919,1.345056444020745,296.63972616120884,0.19368894575767737,0.23184908137345106
94839,-6.480318374241177,-8.07801387538397,3.2328379066774655,1.7151878325165195,406.32097422204157,0.8473100864948817,0.23185727904921616
94840,-4.79187306535664,-8.653935800276901,1.8883535306426256,1.4918673020543247,335.6864858570941,0.4862290268028948,0.2318780808874663
94841,-7.676989562270084,-6.040392863405411,2.4980011301077423,0.9816063545531628,468.0312679266962,0.9208757426482048,0.23192653777041874
94842,-7.573835664065562,-6.465129219857474,1.914258778209073,0.6957434146712878,204.0618730372756,1.3138282580938414,0.23192751185721333
94843,-6.056515154671076,-9.118744190941388,2.417737842826615,1.4235178885416755,322.1787316185145,0.2908644357909749,0.23200993599688802
94844,-4.349385438331701,-8.883683167759044,2.1721381527683463,1.667594044427945,342.017202565933,0.43515024632337873,0.2320358379538592
94845,-8.42790191207528,-7.368535845825902,1.767385415563542,0.5527077599826894,115.1472393649252,0.33184770526880936,0.23206361589162108
94846,-5.060987494259683,-12.865706679073941,0.4138266304517452,1.523198563645048,469.9132086135247,0.13512168124137336,0.2320697941561901
94847,-7.237188933926619,-7.556355462191866,3.4799450759780073,1.056483357803254,468.3387744370074,0.5130322150264552,0.23208087169729633
94848,-6.9647118889996795,-9.270866884314989,0.5187794264546789,2.3837644929015944,446.91340178331956,2.4212953962681834,0.23212943302968572
94849,-3.456680703780628,-9.77426063274109,1.3847281896187575,1.3010709324045315,468.4771047330166,0.6033839285939058,0.23213261778058697
94850,-6.565531086478981,-8.053774326760823,3.2968765550299497,0.6829335029787954,202.82330065166587,1.2968375427698637,0.23215865372860106
94851,-5.987368741328547,-8.309927839909182,1.9934829768810602,1.4739531177789822,468.02937693713363,0.3813064918629694,0.2322487654115734
94852,-6.690983946477164,-8.84791057893827,0.599778930299733,1.21285648879528,467.86479225406987,0.45005810564755855,0.23225456611187995
94853,-7.932896172493043,-5.07897823334686,0.7014921086661796,1.4670142156987032,468.76678975747797,0.5321875758358194,0.23228382893010324
94854,-7.736204868646956,-5.5109799049891155,1.9809102156213707,3.1202192328143705,508.695291033523,1.4424075898219808,0.23228977962315747
94855,-6.011208454022627,-9.335446033280709,2.0181959150954696,2.554840665491616,459.69886410535577,1.4942852498935268,0.23235628452113638
94856,-2.640945695397086,-9.964718187059326,0.6144067637055517,1.2693316078454435,315.725526104908,0.4453157977286528,0.23236420185074935
94857,-5.074229785605179,-9.275119744437628,0.5361850642083712,1.8096878897778206,432.0799907728266,0.23003294395394303,0.23238426689002695
94858,-4.731130196349998,-8.895612468277925,1.2562834184771348,1.7512517799345961,189.0437597780749,0.21601326665036336,0.2323878531129735
94859,-8.263855681141312,-6.843055442710237,0.679967209826562,0.8749694897993298,217.612690978443,0.7216448767192114,0.23248196277614003
94860,-2.7929767369713794,-12.487345614029048,0.5349111977316234,1.1052579143765606,282.83956834098535,1.6267900992234283,0.23248942427644545
94861,-4.589323816257567,-9.170209035495205,0.6882504291341488,0.7404552896746488,135.01461281409547,0.26172382998642174,0.23261309701772137
94862,-5.603392628432984,-10.509465167568166,0.829552488342863,1.2001308899933723,468.3445142037405,0.5392850346260296,0.2326225988827087
94863,-3.6593157529146136,-12.259091468506142,0.1523746512235856,2.3910074864380744,444.40030394433813,1.4664519364959032,0.23264471842082304
94864,-5.4983895516368255,-8.833984992773171,1.068052964321178,1.1416038675543585,468.3095981600494,0.5018485821277254,0.23265423773144714
94865,-6.4994223145284185,-9.547868667064906,1.6973619833518196,0.9337403254640972,262.2525216178484,1.7366092126203467,0.23270944836202226
94866,-2.705540992065467,-9.256346262529561,1.6318643875169572,1.019630076300123,270.08584264762794,0.19093382290073446,0.2327256201511399
94867,-6.753826338433936,-7.909063148677009,1.9114916089325091,0.7936265656117442,169.75611570177446,0.08579090895227992,0.23273788254247255
94868,-3.9133543465275356,-12.996996076632872,0.16877747889278763,1.0718105424661557,280.3072321245478,1.4088507357176638,0.2327482423963931
94869,-4.619343259934546,-8.710885946912258,2.163603738161186,0.6917261642131094,164.5089735811797,0.033022972885797586,0.23278347410219785
94870,-8.006241020258692,-7.172971662108677,3.1845508904550615,3.8407959021879714,458.9971834702827,0.0621206466045745,0.23278429660903815
94871,-5.503464584586133,-10.40487643159367,0.9061786607318444,1.057785184772273,275.24412094903204,1.0865205338468416,0.2327918744642898
94872,-8.146101390524839,-7.452215106674527,2.707660215681469,1.8471985881767607,443.2829263259851,0.32266004369337775,0.23288274036894044
94873,-5.811900952732812,-11.264167520029002,0.5421565134792158,1.9880720560604463,404.1693310757045,2.131973919304869,0.2329595370839644
94874,-3.3531601852847848,-11.941867114590867,0.5568756548582235,1.5588346617719164,468.6688556416033,0.1863285652190969,0.23305242511002242
94875,-3.455342650693458,-9.062296218780308,0.9967316027928476,1.8208785006343793,435.2831526846794,0.18070782534702712,0.2331022403586728
94876,-3.3708192662117646,-12.194291700042573,0.5304852099860695,0.888658490382302,236.64893130198413,0.5284641179530247,0.2331084444630064
94877,-4.869683250929131,-8.915206396066388,2.2718116287267445,0.5113147358795067,112.70419690440812,0.6726767186549543,0.2331140743651007
94878,-3.193343862997768,-9.345388715244107,1.7641932060570822,1.134130971109247,467.5493210257908,0.025092487610562486,0.2331581091835349
94879,-7.9390013101588615,-5.944308835634025,0.7070909514115078,1.5634129740088791,410.1851952659446,0.39668472387477394,0.23317356650560098
94880,-8.217971511406468,-7.973053145563933,1.7040427304855055,1.6898246830360624,405.30322498228105,0.044139045202771676,0.23318509471862972
94881,-6.2439184681811515,-8.263163728402159,3.124235937033241,1.6008890287556543,304.6815039137732,0.3014210549673857,0.23319227341427604
94882,-7.5416228210034095,-7.091153769842646,1.1614701143453048,2.402154939973521,445.6299834966353,1.6050300694176745,0.23322790042469813
94883,-6.092913226602598,-9.801186522555577,1.4344856176899743,0.49735216826548867,111.02377565964511,0.5263822494173063,0.23323609700035772
94884,-6.94884937829051,-8.215040214484173,3.4236499255791175,0.9303291031006247,244.19255386164332,1.3829304037482943,0.23328272967327338
94885,-2.840099306103835,-12.304941379618175,0.18956361995742163,1.7761018467944354,470.257427449862,0.030628358479553697,0.23328780090400184
94886,-4.085167315047311,-11.768398804081151,0.15301113445014294,0.8644756662664789,166.66719442891363,0.2858275482751136,0.23329288213074503
94887,-4.646719140252326,-9.09912047002709,0.755383804888069,0.948368539054792,250.76727557147825,0.8967341238698987,0.23330175970062247
94888,-3.010299141858484,-11.251088583495513,0.6645492682686157,1.0369763906166984,377.0270747155382,0.5429078551834552,0.233310865487236
94889,-5.697946492304043,-10.05560069460665,1.2340773584424058,1.8120058076870258,380.59054566373993,1.5303500191833574,0.2333153998324534
94890,-5.436208677788846,-12.015896618401293,0.27978246292015463,1.6906878795586908,468.6431954877789,0.36320570041131983,0.23334555629985682
94891,-5.410970711168709,-12.21620208202395,0.3871424279520057,1.8573766362327144,467.834879842594,0.2554395401531986,0.23337439469934498
94892,-7.295416945148864,-7.492442993376905,1.4643241016897963,1.0191234369802082,276.7695142443344,0.761794166278575,0.23338025368976603
94893,-3.901415343476354,-9.053618388968605,1.0070551531496885,1.373370149453941,467.9317004221993,0.5517411653456081,0.23340693097382992
94894,-8.103130953768952,-6.519639981519894,3.0981369073726146,1.132300738659257,466.9182975905673,0.6062139569503975,0.2334114291922042
94895,-6.036626108902508,-10.574263227642303,0.27186124894047303,1.7582182806155109,416.31853816584004,0.5858682828959276,0.23346835600945345
94896,-4.225701358294073,-8.97834830536717,2.099918074025826,0.44587740592000225,114.22997859293855,0.26547883259197835,0.23346947905878462
94897,-3.5531041032648867,-10.317360838036118,0.9524635710115429,1.2557343744365779,265.9469499575172,0.11443716248627833,0.23349770829398134
94898,-6.107179575835543,-8.213597307913195,2.8076145890728217,9.890053303279537,706.7977676304437,0.17748962723866502,0.233616684688659
94899,-7.825052761858744,-6.262701728779578,3.1447874614883324,0.93599878803056,157.7761126392681,0.18005205516361666,0.23371488001233887
94900,-3.959866214375837,-9.808123829430173,1.3636290503624047,1.90277858322153,467.8945233146611,0.37935014021008673,0.23372277624383517
94901,-5.179943939762034,-9.173229744894982,0.6139291280024639,1.0864257240495476,289.5623612130629,0.8304888981238294,0.2337233608546012
94902,-6.6058508244049765,-8.444919369298077,3.2775316270388157,0.7778533252525905,187.3612037359411,0.039561958315903034,0.23378784683208964
94903,-5.6708690771363495,-9.280541604039993,2.0217363424179497,0.9932198384637969,468.10065993603695,0.8147853601056694,0.23380875182204633
94904,-4.872559504519375,-10.5943045330636,0.8090189623592678,0.9428139355981102,467.4620070171991,0.45168113608972504,0.23381289680564205
94905,-8.366850710672619,-6.0213136479401514,2.4603004768103496,1.86220558522378,172.84345193333056,0.4204657594540606,0.23382215903575046
94906,-6.6536502187498385,-10.224140720330604,0.8026830274010903,0.9429250396969184,197.21233679307068,0.05573790512398258,0.2338337559709011
94907,-8.428351409881964,-6.385574626580193,2.299259249873188,0.8412596802078898,468.9295029348237,0.22258868605433246,0.23386693526202704
94908,-2.9083827991858158,-9.094625998970539,1.3094750997619538,1.7117643130342348,404.8049421590412,0.40683477283071934,0.23393891871567846
94909,-6.149531982845804,-8.832699534781264,2.811337870316257,0.9089465910237127,467.4581040230737,0.5216967323488069,0.2339410810805414
94910,-5.855175250599505,-9.277555472162529,2.0831368898674367,6.230957151009821,679.6458141627394,0.43595188282456565,0.23396941620697848
94911,-4.206305416418604,-11.665620922489307,0.15490704120935847,0.5812813261842356,136.53355174022292,0.7451583678851605,0.23399479039825585
94912,-7.301710347605399,-7.7018080090397065,3.525998150029855,1.8470116755814445,443.07572757998474,0.057764179769645985,0.2339960427295397
94913,-6.097964135943357,-10.337690297798344,0.9191744908583543,1.3418440612657627,319.1613046808268,0.7299108973497619,0.23400460919161248
94914,-4.228431254668782,-9.624873914617991,0.3323953824900551,0.9787131606279101,210.76847767428987,0.10035000906245362,0.2340111265441704
94915,-6.044373309045557,-8.934572697524029,0.6806430327122562,1.5927460550860146,372.48280066400434,0.7185158796126929,0.23404087309159555
94916,-6.44883520402051,-9.536184753208474,0.34786531352500516,1.1706608430122936,466.2266994477142,0.17280225343667155,0.2340450290824531
94917,-4.056177138893413,-9.324465487110281,1.7883616640765019,0.9619925175201091,467.938224612159,0.2707042732319156,0.2340657660300242
94918,-5.125163944163628,-9.144607770656881,0.6468264950196565,1.4356494506630464,469.88850172737136,0.17174641577348027,0.2341352978755264
94919,-7.544936913794695,-7.047681269368591,1.22647271956199,1.0893745907939392,466.5704789428693,0.49840643828589926,0.234143428172923
94920,-5.6362924371268095,-9.668593489808424,1.5506945720307024,8.510501229596963,267.96188559980544,0.3865777149800751,0.2341460575587958
94921,-4.912250129981125,-11.199797710270273,0.6384475281229068,1.8223311147216716,434.8991896109531,0.40959167782480854,0.23417611487297996
94922,-5.59161997667598,-11.850648612408447,0.3684999507060663,2.0073999035093006,394.2788060387264,0.8774994139768326,0.2342022242534295
94923,-5.922626983249392,-11.30619886548489,0.405235814983478,0.8932663393509416,243.49804718446612,1.2561964531147298,0.2342638584714345
94924,-5.125057284911531,-10.577380783465443,0.8107944587740421,0.7759560743497135,204.9883052600281,0.6461043453509516,0.2342952012300304
94925,-6.319361809403857,-9.949209581922558,0.30056913174886934,0.8728721723355274,210.57445148210766,0.9217138536975567,0.23436742451942671
94926,-4.989027510065381,-9.739180569555632,0.2720454999260263,1.3296177455940246,208.4762726696442,0.37657705886829707,0.23440981830376278
94927,-6.138971200405665,-8.825498975153145,0.756834743980725,1.1209021450773125,467.33922084056326,0.07655808362023109,0.2344247517925008
94928,-5.1778118546821865,-12.126411659723743,0.23109856975049062,1.7441011264569912,469.3806031248207,0.11493042888729388,0.2344263734105927
94929,-7.951838607442065,-5.360162064856328,2.7493079990949782,2.6862555539734823,320.6552430377935,0.06102201460237833,0.23446285917643145
94930,-5.407713586824896,-9.160542972328884,0.5933668489144909,1.3762371027857683,300.5247128649518,0.9949023600347484,0.23449914222661697
94931,-6.20006891285428,-10.319895664896947,0.9163591349173164,3.0912265103077305,428.34137385237136,0.12209451662082937,0.23449927213092303
94932,-2.5659680154888322,-12.3556175718224,0.5197390162308095,2.4868555653908624,456.5361859269576,2.2533979008671796,0.23454462805020562
94933,-6.532567431816932,-9.17148107256735,2.3854974438040926,1.156370829468773,252.64990743303323,0.13792970196062182,0.23461888368623213
94934,-6.9755144216877305,-7.739468534832326,3.3798650781673363,1.8844822959635326,467.7809821370383,0.04143376415814615,0.2346629543241193
94935,-3.4672338084041794,-10.94145089475316,0.7036636301795587,2.9922915983809157,497.73971726402834,1.2973080841456168,0.23473699923118987
94936,-2.970271503612775,-11.384156231900185,0.17724587085409543,1.1306241445864527,260.94940939832816,0.09442597852860235,0.23480887904767933
94937,-5.288529441224845,-8.769913249792033,1.3316556954378576,1.673445952010311,364.17817127790744,1.5572523883756606,0.23482486847059983
94938,-8.115147399110345,-7.324317272031927,2.881646760539406,1.2310566013610922,179.71316665435376,0.16930656360581775,0.23484880633161725
94939,-6.609188148628577,-7.883522182595659,2.88798480150135,1.760662892128069,457.18046994769855,0.7617571029366239,0.23485076821514084
94940,-6.594121303993257,-9.954306602613348,1.2392098065824289,1.1644934747449045,235.69847828620652,0.21969404817588956,0.23485475925223617
94941,-3.077423661548141,-11.382509759352924,0.637398968475058,0.734617748420992,177.15315329750283,0.7521046043744528,0.23485920438679028
94942,-6.906282661639328,-8.242596483146224,3.4074210119298645,0.9829110214020528,197.0149347325222,0.1517625941546763,0.234888266944443
94943,-5.59664854916282,-8.843523191679019,2.5740039940528003,0.7409216958310063,169.01861799521365,0.12243492287323487,0.23489994351906343
94944,-4.533659760452301,-8.751214421135927,2.1472285294934323,1.6623420860804108,386.6780878067863,0.19886707696211747,0.23490137804511593
94945,-8.01445302592762,-5.760441310957442,0.6664258434484188,1.248585770441119,278.847818079936,0.16796584613728438,0.23491539675692244
94946,-6.463703550814979,-8.52771481886148,3.18295956774078,1.6699285512147815,390.40324816582194,0.20367651186421742,0.23492097653383978
94947,-4.921225854012303,-11.09699098963746,0.6565366334034555,3.5791529481547313,213.61223633980097,0.37092211254661667,0.234945484886876
94948,-3.4429291569436966,-11.195788006015114,0.6576760572989846,1.2449798221247588,467.85193684519373,0.5686250872480381,0.2350034634681154
94949,-6.440474039410045,-8.045815449464861,2.2187491767924086,1.468542633588583,326.8926506375138,0.3735862931393754,0.23501306105231212
94950,-6.6943663547146794,-7.877503848617413,3.1565085733286,1.1073056217396464,289.2888218922932,1.061619863483556,0.23503596669816915
94951,-5.263421482147605,-9.953711362688376,1.2939328664716514,1.9904804036263384,399.879638303704,1.3615783913964465,0.2350445965584005
94952,-7.4948825687270695,-6.855418908975506,1.7230451772222817,20.766325079794246,778.0404452105375,0.13707720360088338,0.23506405199556188
94953,-7.459416334212437,-6.90991706139937,3.067365974483632,0.9281177636073462,185.82251585621512,1.0408491376646216,0.23508503819853172
94954,-4.1579959063630945,-11.61724139454736,0.15422146817018823,0.8569987258236053,368.7204687611253,0.6321764430148216,0.23510357957342076
94955,-4.644597228383347,-9.327030269121536,1.8072645952970254,13.783047688573939,484.0288422223959,0.1784749255942053,0.23512497305368932
94956,-2.9392684507708955,-12.286446599922286,0.5353230338632432,3.7560831162034094,528.9494932347219,0.20623337120440066,0.2351464038487764
94957,-6.136413758834224,-8.206132365517805,2.82231372741653,1.0938177063823393,464.1137898979795,0.5844348034240037,0.23520486467295526
94958,-7.844078109180234,-5.162888402830115,2.474142009328139,1.2625501054088706,306.132113445998,0.5748974211035938,0.23522159977752902
94959,-4.469158096327131,-8.878385851764586,2.1417145033937235,0.8294207578997116,212.87443365966703,0.13583476490655766,0.23522455168982578
94960,-7.933725041101709,-5.959732086620034,3.0142163870394096,1.7767552010700651,422.6614183408966,0.39373319610588187,0.2352815136611109
94961,-7.65327958237948,-6.311451332817587,1.6102707261960378,1.0550016071594763,140.44195426137466,0.19465782357862338,0.23528286621092825
94962,-3.535547049386503,-12.218142377939957,0.15353359087843718,1.0351146808780884,270.5709727767415,0.9301642945589004,0.23528413664963332
94963,-4.613049990845855,-12.799811663405825,0.4674453702741043,0.9982613739075654,468.2281820288698,0.4218555221596647,0.2353446491940946
94964,-3.5399982054713055,-10.453643237428151,0.1640088394977474,1.1441476868513096,230.56369165049304,0.19859708096715512,0.23537736372883175
94965,-3.2272322804895186,-10.350624439757198,0.9278006224222682,0.9643699201598583,253.7545806621353,1.068557832715932,0.2354144430627035
94966,-3.845775459334087,-9.751812237880893,1.3951334960839634,0.8262328474247849,133.3258068222498,0.14499060376209538,0.2354659666153125
94967,-5.154332870025037,-11.76751688267893,0.5196880451995876,1.0965964974541171,273.95704915000994,1.049943200817025,0.23550019769818367
94968,-3.5781452125219033,-11.837636099059434,0.5630696301105631,3.0859153030220274,238.35829877698654,0.23517610847606907,0.2355175384334697
94969,-8.409237375791356,-5.0338463834579485,2.162396142116918,1.8317369832000119,468.3737620053602,0.5265022375372039,0.23554292253600487
94970,-7.600625929772659,-8.793952401585532,1.9783996450385437,0.6313449146382647,183.70965415928973,1.0457128363874508,0.23555477199143873
94971,-4.2794479588483805,-12.411953659052177,0.17110094713626492,0.5109146829677628,120.90070800912946,0.2696422520706685,0.2355565651976708
94972,-5.676623765377732,-11.201987994024321,0.5828232152566697,0.7983504414414071,180.2008911763824,0.17270309117885496,0.23562953567229053
94973,-6.292409049879627,-8.319719533433412,3.1862933315738977,1.324662106339587,282.5067283045084,0.737241294878566,0.23563330277516842
94974,-2.7984718299113487,-9.54117994375693,0.6519760509351321,0.9751627372960687,256.9753237575341,0.5855360218834482,0.23564426272808325
94975,-3.713046019068404,-9.084246165854275,0.9780517925088005,1.6405855079148977,467.417854279282,0.5205146965576839,0.23567348219205297
94976,-5.335675786488661,-12.134601059341206,0.43900145996516166,1.0693591474107194,149.93858506090064,0.24280833038176208,0.2356782977746008
94977,-6.600172300531812,-8.032528243940458,3.2867115150932373,0.8033055248520631,160.15919088357003,0.02601000480765059,0.23568245429127654
94978,-5.284316052995043,-10.449713592047164,0.8640832783272415,1.6812506429130136,367.13936768065224,2.0224362826710944,0.23570962032331194
94979,-8.15551696081361,-6.393926257956042,2.9813940309339757,1.4595516764738672,337.42322652018396,1.4995526247002795,0.23579762513889235
94980,-5.745344735919117,-9.068235637756086,2.3763498186644547,0.8387511488328961,243.57719099058463,0.6870387237682021,0.23580941833154181
94981,-4.454901348618559,-11.910406103744902,0.5417551771210838,0.8361907736725753,214.74623229765965,0.4402113540385386,0.23583963300799948
94982,-8.4515003726707,-5.762101335396984,2.0951338842894605,1.0258966261926854,204.6625679810831,0.7577502441318433,0.2359186698534407
94983,-5.825705253799304,-10.651722168619848,0.2372844209276096,1.3754729326790394,325.64780478496647,1.3609024297106584,0.2359353650582533
94984,-7.058194421774613,-7.486957387346259,2.8306634792239915,2.1799163849854333,424.8557886365376,2.0292534391792216,0.23594957031520253
94985,-6.0902434813098845,-8.210949439841663,2.674752381233874,1.2057431510609598,467.1720353332852,0.2643307970127706,0.23596746982943104
94986,-7.96068805739884,-6.14852682206786,0.70612588183505,3.295685288729608,500.8619406833605,0.29744373254789647,0.23600877390256447
94987,-6.542906088229508,-8.426476400815545,1.1182461642455475,1.3422105445413959,467.92323669798685,0.11877754326613399,0.2360610459402429
94988,-4.464710018185395,-8.75089197437999,2.071196045406066,1.6660550494222102,391.35117765954993,0.813287918314141,0.2360632033475522
94989,-4.538859352097583,-9.956699502890181,1.266757378359316,1.3783127977819059,168.22796899561035,0.22888120394309652,0.23611144716048496
94990,-5.235383093389874,-8.942302297691889,0.9336758464883349,1.0289549116131655,277.7928505337846,1.5739692841995874,0.23613420487246337
94991,-4.869778522063365,-9.199816963347764,0.634842613847115,0.8855493906475854,223.43356101580454,0.29525457646192255,0.23615395986595022
94992,-4.425340690326584,-10.473887230789915,0.17176057003940084,1.4041193471799684,310.5929395361624,0.7531161503584745,0.23616998602242673
94993,-3.7335452584844466,-10.672567470607575,0.7770709546426007,1.0084898543665977,269.4760605256231,1.5402125053761013,0.23617921611774814
94994,-6.680214100481874,-9.688698243541577,0.4235869366181724,1.2260688049876893,252.4951560924936,0.9070928377658909,0.2362032729573257
94995,-8.448383407606629,-5.477452367686755,2.0690929363890924,2.6477614794465665,457.71615446628607,0.6837594968299401,0.2362051949503976
94996,-3.4641597502997463,-12.37258784310217,0.5149393697048859,2.615492422003766,466.46625006467406,1.5991271695404299,0.23621460586587215
94997,-6.369141857710233,-8.93589243560568,2.720624163573796,1.2585773264591185,311.73821914715353,0.5282658303037984,0.2362473928937454
94998,-3.4997092216222834,-9.00997097412466,1.217359154824744,0.8290683923309573,209.81027645088108,0.07480793874056868,0.2362582171921904
94999,-3.9313882265792133,-9.860230389039536,1.320738937924114,1.9119159954708043,305.3614626762032,0.1156365321116457,0.23643312351668744
95000,-5.787982571794525,-8.8991391136353,2.591640827737294,1.0883524231017092,467.03630044339917,0.6348947368256734,0.236446634178482
95001,-5.825000345766092,-10.307555857904081,0.9669711295917655,0.9474674703028523,249.57149775425125,1.205517010642513,0.23648990271880266
95002,-3.3687366955130464,-8.810612445747285,1.6199698891242298,1.1877248112088035,256.42227224066056,0.7844705225178137,0.2365453137403484
95003,-5.625016107726236,-8.710148826617605,1.316722954522926,1.1904255571968845,306.86372604879034,0.5615891367572212,0.23654999996461476
95004,-2.8265725958719647,-10.994830662749727,0.20699442961619183,1.9545864247654288,358.3627235158893,0.16020160383337245,0.2365755978540158
95005,-3.9415600520797174,-11.2054877954872,0.6510200577685555,2.78799194738151,483.5625730339112,2.1991997110105475,0.23659107165699705
95006,-3.263361033413278,-8.997445805928333,2.010577876212046,0.7400834703193299,467.8065392326054,0.29761563321789275,0.23659486182229314
95007,-2.558526987302719,-11.947315571865717,0.6093813155118898,0.8627989535258117,196.8515075508489,0.7177743960277008,0.2366062688920166
95008,-5.667721586574659,-9.452862627506462,0.36516589978854547,0.8058075022629192,467.41974799182293,0.25245376484568016,0.23664797442159946
95009,-6.257446330791198,-8.142676069233687,2.9029321170870928,1.106391649497295,285.44456044338096,1.5959308562821874,0.236682902530356
95010,-4.377831368576077,-8.727863277039688,1.8210471281572391,0.8630277304831169,467.6727186687674,0.6501132183173954,0.2366947405832911
95011,-5.193829243199728,-8.560248069990653,2.0945923058891944,0.9543917126431184,240.68204565579595,0.18629213994867033,0.23669656356386595
95012,-5.935293112244163,-10.467564977246079,0.8125639428233734,0.6885145452384368,150.08290310562649,0.3134093862768319,0.23671353938359777
95013,-5.110714329412952,-12.880234530651876,0.3784902558653504,0.7588123127297871,227.8324051886784,0.5292693280148209,0.23679805417358163
95014,-8.403981720816905,-6.881298051680002,2.2984723493738883,1.151053574221592,287.95023410928854,0.8972813311752192,0.23679857613392105
95015,-4.693806906975311,-10.24894193795508,1.0019398895292704,1.0365035168425096,282.51138050049946,1.089942568058314,0.2368364734353014
95016,-3.2190603943990883,-12.688657904631178,0.17059441253224497,0.8197947215302603,219.96232146866458,0.4669145056109292,0.23686961284925523
95017,-5.9563937867714625,-8.71139091660874,2.8321951971194346,0.7263497215844743,159.27039816980763,0.3687914887190411,0.23688876836898795
95018,-5.076406721035664,-11.711535997707943,0.5333826727496878,1.613556703454608,376.2848631478472,0.7448849278559857,0.23693588545844727
95019,-4.672838508236231,-9.541278199710213,1.597057500612837,0.6842128105196236,211.52317623504308,0.9006451209801183,0.23695631970841521
95020,-5.9470270491790505,-9.603816378650773,0.29901590356553737,1.2284714723931607,258.71404708776976,0.4898621353426025,0.23697036114504694
95021,-4.933576845928811,-8.919941710878856,1.1690146433822532,0.8674390226597612,467.56300829884054,0.4371660479564792,0.23697199516379258
95022,-4.229320522684281,-9.16450472312838,0.7294590801338637,1.4700122684604924,349.95933843576864,0.27685165370649933,0.23705873817752451
95023,-3.3016840013977333,-10.178229452191855,1.0496450615921455,1.7803598163555614,467.5793241330907,0.1318342738603997,0.23715098207444837
95024,-7.02250842017196,-8.855840183272537,2.6689075307398635,1.120450970045041,270.60498635639965,1.4212905329930807,0.23716686288853014
95025,-3.3080538023679527,-10.248382400658127,0.9892309969420687,1.1607652250476577,298.7039613266651,0.8474988167096056,0.23717210765922628
95026,-5.165681660491351,-11.696118610820516,0.20342803304360255,0.8472940293777655,170.2727770540661,0.06453625131077612,0.23717426723894924
95027,-6.105820099207414,-10.181215879915712,1.1028273936878685,1.238156364795813,271.8671958005923,0.20005647437480345,0.2372038691926881
95028,-2.9177602273609935,-8.94121147949177,1.6797674964082259,0.9311085313411933,187.77639270976033,0.7739960272442827,0.23729186388141918
95029,-3.1209147452300545,-8.87113661798973,2.018945453986211,1.0097159789635821,468.070566237649,0.30592869940421874,0.23729730291556128
95030,-6.072837447580353,-9.497691041468924,1.7556642998139522,1.5585883496351407,467.87117111386596,0.39919056132242403,0.23730550012981097
95031,-2.987825391044913,-9.108761387683394,1.9570811477403427,0.9259722273328227,467.95735106245957,0.14139281487800393,0.23730583162753682
95032,-5.017906784207664,-8.718540826033227,1.561667476039498,0.865787461376822,207.60745174230854,1.182264581677333,0.237427698304514
95033,-7.774171948585956,-6.451439907146004,3.197487869172811,0.522770514277511,129.28932900263672,0.004604690063092498,0.2374437543260119
95034,-2.841554076197996,-9.064122964245541,1.7829623390086635,18.042107675517205,669.386788768081,0.012949968256679156,0.2375142902039396
95035,-8.557031534376286,-5.2644470616940815,1.607265721430732,1.777081404325205,422.3936925928957,0.39984976330581734,0.23756343520789092
95036,-7.612184558342412,-6.863124941690515,1.0770673852496002,1.173458843726253,468.2992397657425,0.4139729551316167,0.23757575561924277
95037,-3.3558686167038134,-10.325644229028612,0.18071259291493372,2.043176777991143,405.6570571954701,0.981223817661883,0.23758243511207464
95038,-7.445699890931107,-7.259026870173874,1.3746008336405418,1.1166875351552363,287.96627884334305,1.3736905465542728,0.2376313675287835
95039,-3.344112561447373,-10.12663934434963,1.0836606249397311,3.0354558118003645,478.86220318561965,0.31122209113405397,0.23764836335108003
95040,-7.609273208494383,-6.438242935344733,1.7241668814059135,0.8628946176983547,209.8828521441971,1.3073807489155316,0.2377178644923616
95041,-3.7038947271303444,-10.550539099411548,0.1611424293063523,0.9528634300508783,249.78497687634496,1.2343658778481243,0.23774070976721984
95042,-7.823787973366759,-7.303178954565635,3.351074088313644,1.8807926890912343,469.45836986149993,0.0033320732730510727,0.23775020448368633
95043,-4.9264703650586235,-11.359482207660212,0.6044774780000058,2.4848763056727377,443.8990307544939,0.5090397665226485,0.23778548091576945
95044,-6.342318288852276,-8.178529032389633,1.9281840125914633,1.385614769263881,302.52776074186437,0.12973521204147698,0.2378047440869551
95045,-3.5262198346788765,-10.6049412272452,0.15789083563418546,1.216793743593611,295.25040445242695,0.7519370308633029,0.23786731254476107
95046,-7.675779943627521,-8.359206215272902,0.6997820358242965,1.0127667980100736,467.52360162388055,0.48335179441695875,0.2378863843393167
95047,-5.816049879408453,-10.407467628568387,0.8691981661203844,0.9213858746738997,379.64848422839,0.8093778337827908,0.23793395028519096
95048,-5.6544866740116735,-10.810483237735433,0.6818355916399619,0.8055504812239048,235.6739415349882,0.12660944026772292,0.23795021935717708
95049,-3.3962674993694995,-11.512351569135514,0.6037290814111494,1.7397723689312927,412.46999730672286,0.37066531378139267,0.23798057070937806
95050,-3.6867439736591585,-10.099611182749062,1.1114352317736107,0.9428715375314943,238.73343416858157,1.1550254352814369,0.23798632881327456
95051,-4.518109549625775,-10.959588543761459,0.6887097121424632,1.4737128219495503,343.71469592570025,0.4860320221866461,0.23799205289134584
95052,-7.367584690856006,-7.603698004039143,1.0769324194934775,1.4723984665196361,336.8923668383223,1.5701930436539735,0.23801646396758774
95053,-5.090896516881773,-8.788078102974254,2.3788076875006503,0.9014264314407018,326.7537449011278,0.674059444670168,0.23806115842168094
95054,-7.664255068403339,-6.3276322558808955,1.5772717513946988,1.1256523244329302,291.72909345563204,1.6431864772493165,0.23808675330546197
95055,-3.5860410696743292,-8.858177635887472,2.0149910515536136,1.8012850909027853,467.6815319516567,0.6237306338046951,0.23809227310879566
95056,-4.174036345415359,-12.978502718374807,0.1772850015207634,1.64917564520408,468.01686639273777,0.37576311979259014,0.23809376426483658
95057,-5.860712011715285,-9.180812969873484,0.5167801014386064,1.0497815306035145,209.55744937768108,0.8788234850804555,0.23820573791289323
95058,-8.489834431558426,-5.587609019644786,1.9135578548027619,1.4144707462188124,462.3562509688337,0.34934649995742273,0.23824472881149097
95059,-5.43992773916839,-8.829206932142807,1.1740664603790667,1.4998819079018868,467.941878023861,0.4979084294306366,0.23827246287286213
95060,-4.12226746527411,-8.819231657379195,2.05980171640455,1.413085482063516,330.965985493166,0.6465697243860999,0.23829080668915714
95061,-4.643806804755531,-8.850178770283845,2.177687593202333,0.7239835474582869,148.21298247253222,0.7097476910070712,0.2383459689509931
95062,-4.716382115458514,-10.546464292495084,0.818229655683516,1.1718485430867445,467.40716502243913,0.38981958091621216,0.23835372273867156
95063,-6.420190650071033,-8.300188356168036,1.5316096120528877,3.2698774809116444,519.9793612214058,1.3641914176534176,0.2383727305988089
95064,-4.5185969670771655,-12.719923637343314,0.4682779987849585,1.0392170680022887,394.62621924571874,0.4040808240157352,0.23845363557851454
95065,-7.746168946844543,-6.2134517071537525,2.964963060770376,0.9309524257313223,469.55679364138314,0.1299860243690958,0.2384717766098972
95066,-2.674223827591029,-10.227654263563874,1.1090025237486738,1.029193531233513,468.71493788487345,0.3208988759251792,0.2384870430426818
95067,-4.125257509264023,-11.550990676414704,0.5936181391361267,1.02066387265126,266.7093276020875,1.4239902494080852,0.23849150773671643
95068,-8.425010591021708,-6.022834983677838,2.2346135235380546,1.116514160787508,289.42986910352414,1.3000049181893898,0.23851225799474005
95069,-4.691921887951467,-10.652649001449493,0.7809023045090755,0.7916160164924609,176.69435998919477,0.3128196445964839,0.23858923813822497
95070,-3.195003273023116,-12.508965810743227,0.5078900144867837,1.5995798640608323,466.82053613492747,0.7146939118763402,0.23868637293611875
95071,-3.810186339797297,-8.918107836222342,2.0481691551157497,0.8980771729259089,467.69505075586625,0.22903102188043878,0.2387100428491426
95072,-4.199989032029611,-12.992605949034967,0.46135653374204555,1.6633651435853392,469.4685251823049,0.11547224716901816,0.23875685122296864
95073,-3.7312090674525926,-9.114615228793056,1.9293360869988874,1.0716909125020582,279.3775157165642,1.7228961392934226,0.23883907605999502
95074,-6.672545813118875,-8.420245723189645,0.987380144560839,2.0150921176549716,390.0512975317656,0.395095216079544,0.23885552578487404
95075,-2.797229238373916,-10.804057282780416,0.7521710500777047,1.9826938844939574,394.31335407308376,0.9498513518282881,0.238868811296354
95076,-7.706892265344015,-6.67591669554108,3.296971220718136,1.9351718729001932,366.3656918445428,0.3153107752654467,0.23892100613511733
95077,-5.0536560869196965,-9.17440443117583,2.0207926164613674,3.299385741483746,295.04694701953804,0.14476061270029916,0.2389355388089674
95078,-6.40681662637293,-9.16917192834721,2.3655614394148228,1.3574925896162875,357.7609293324175,0.5395429034607,0.2391388898071593
95079,-7.995624697029786,-5.460174100412788,2.8040691407998413,1.3927196958894064,316.97949531390424,0.566913044203524,0.23914189552735335
95080,-5.5184627851154655,-11.747809925210184,0.4643786831647853,1.811342918334634,467.5755806751167,0.31600195163020306,0.23916371277955908
95081,-7.193184090721937,-7.998999788336496,3.4434020925848134,1.123519887859855,467.409404831093,0.6610281430392542,0.239233053659554
95082,-3.932696372557211,-11.082429538947324,0.6675683441304723,0.9732786349438959,468.05370342195636,0.30980874389096513,0.23924898954353885
95083,-6.089094816949526,-9.641274125625976,1.586875351953571,0.948072606515824,266.9895859002118,1.175846605281067,0.23925070525634257
95084,-7.970966055269093,-7.683460389979746,0.7143160601228746,0.842789453349087,469.52206092663545,0.011784002282313466,0.2392574014497724
95085,-5.637648547382085,-8.469176556639807,1.919126848852198,0.9314252745506203,467.21543464290147,0.6150546326106818,0.23927911318140338
95086,-7.3320557483645015,-7.347215244205131,1.6510005911367154,0.7871553487128947,201.62086487564284,0.11959507219943699,0.23928791807324856
95087,-3.1283051299507747,-9.588537050937742,0.44887069016762193,1.7038540122866632,400.29045726079323,0.5039545127387468,0.23933104828344176
95088,-3.3635197016209117,-8.80908040047849,1.8856656319098177,1.0343125089509349,231.51314843090776,0.44272702887685966,0.23939196012272151
95089,-2.7037754767947906,-9.449795864053428,0.8546239730612608,0.5082887208841071,127.8325531732052,0.7648503342372974,0.23942658613248388
95090,-5.191321083746998,-10.448779370475041,0.8570303904821257,1.865222754675686,469.74995617318837,0.09962524953283225,0.23944961939217027
95091,-4.707848520061195,-8.744120980132323,2.160657058731301,0.799755132652264,188.0136640448077,0.6512660490753435,0.23955529670045617
95092,-6.835691623753548,-7.737926888381053,2.422943359511407,3.7228181043279216,552.3972851662743,1.2695964960368373,0.23956141182491328
95093,-4.097219675709621,-11.069529502581524,0.1527303050329503,0.9643503611522187,469.18847896301617,0.5958507626989151,0.23958747326990126
95094,-8.457624335583985,-5.138016392085748,1.9805960090801775,0.9053415387880686,255.43782939132097,1.376968612873375,0.23959661155788148
95095,-8.571487901770944,-5.525960356431798,1.165765669923363,1.083483537961522,279.6605028628179,0.6966285887032866,0.23962814396649115
95096,-6.705159620156825,-8.841383603990776,0.623108590402723,0.9066126672454571,244.9592423862385,1.2902881193242752,0.23965327043551352
95097,-3.631915716920248,-10.2055323275816,1.0057763727049882,1.2280347324519905,233.43155124748054,0.026688803123012583,0.23968783830219104
95098,-5.394454411836295,-8.649887683331615,2.5016927992471456,0.8590304048034754,249.11313353311508,1.4200146267595963,0.23969090961268566
95099,-2.916440803125581,-9.050852488772403,1.964610308686969,0.844878079727776,467.75153660271496,0.5576044278045655,0.23975944074693104
95100,-7.794842245297367,-6.71195185646656,3.349963953765021,0.8261934894141039,167.26897656364116,0.4527722251822146,0.23978079836038518
95101,-5.54928140709933,-10.633427454264247,0.20626362643601734,1.5990179229188455,376.9499601434793,0.5692283556012168,0.2399013535876081
95102,-6.18219706011349,-10.82278083114073,0.5839728799123437,0.9389581517675744,468.2128032867655,0.11548148024178317,0.2399030000271038
95103,-3.958933940424492,-11.816862942649731,0.1606775795150879,1.1665438165152036,302.1664466674205,0.37681918683979276,0.2399436024658713
95104,-5.119463387324196,-12.919129789153047,0.263129822721385,0.5899843278583913,169.22528811169082,1.0055863237098048,0.24000346372453157
95105,-3.767263308653109,-10.208896145028337,1.0028172770836608,2.299158937794718,438.49184923796344,2.322640724988437,0.2400489879736064
95106,-4.143838659032441,-10.513816894494267,0.8263631963399741,2.52145256432391,455.94462294359056,1.2758361550308743,0.24005267411145215
95107,-6.914980720289634,-7.656062352396113,2.47062800026467,1.503450175199544,233.37073847388737,0.034653706133618734,0.2400670686636868
95108,-4.233545783770328,-8.78288367352042,1.7293197937282414,0.9811080436611296,468.6897316834666,0.6322120835175573,0.24009371051824027
95109,-8.176305247536273,-7.070974661007612,2.877117465983318,0.9814698904863145,257.564542386497,0.9354580334875076,0.24010012080554027
95110,-4.720506569714543,-12.53443270678276,0.465850717723273,5.265226168060836,524.8969737576133,0.08410026446705121,0.24011154136623844
95111,-4.2880297059722,-9.546197091688768,1.5668126571784502,0.8156089801687584,198.42675053669097,1.2818874723177256,0.2401735787760195
95112,-8.541388129799259,-5.796885210283865,1.69222625846669,0.8855755295773785,200.01195088965136,1.1580607684108823,0.24019527716140535
95113,-2.769098647842629,-9.372771889245614,0.9173338013862298,1.0062354820852017,201.58333473870533,1.0830659470888353,0.24021649923731886
95114,-4.311386897368024,-9.419659666600232,0.479390180266945,1.5803455798278567,363.59767940925116,0.34390852112039116,0.24030373376698622
95115,-3.53462948985438,-8.826194548679254,1.6815402490515103,0.8197085182474138,178.10378963978366,0.8528972289775023,0.240304949401724
95116,-7.922256120926109,-6.851152172685789,0.7402847937277495,0.9151735325878968,467.50048193457656,0.45244654837988474,0.24032056938424276
95117,-7.416921354720432,-6.9059792486874025,2.5474979163112486,1.7469867069473908,468.33944154933204,0.5134245639742687,0.24035398535061347
95118,-6.528650568762571,-9.24239143060459,2.2300458421375136,1.6188585125877646,353.80141099090457,1.2193877510507516,0.2405236996754908
95119,-3.381979106552712,-10.530308381608503,0.16435317180656742,0.5918544974383124,125.25398729108265,0.6035378435661576,0.24060134923419807
95120,-3.9207566317863654,-10.294966347432759,0.941810302240508,1.6559851653022548,469.95734647766966,0.23251989538876483,0.24060610407463684
95121,-5.002117984139425,-11.432448219125003,0.5818356486723829,1.177154132131211,300.134265569937,0.7635094950911103,0.2406194396769906
95122,-7.426100139730991,-7.994212348549101,0.8184721724747736,0.9550769234381157,456.8050104906249,0.11856754872877051,0.24067084337863506
95123,-7.865211270154431,-8.797133886519793,1.2341952362791284,0.9038707140844144,468.0939628784494,0.7274721919443872,0.24068380733060177
95124,-4.851983262428904,-12.853650284540118,0.22384588546450102,1.6081732993531277,410.43598957481265,0.3613874440841851,0.24070809775397797
95125,-8.113424409498782,-6.137938021789904,2.954533671904352,0.8314450370310641,171.74508518921772,0.20998569904423015,0.2407264291262358
95126,-6.836237530403897,-8.903040236895274,0.5771579307095024,1.56083761790417,388.6831455184532,0.20765212467051963,0.24075693249666097
95127,-7.6736411425224045,-6.553248141465224,1.1135379347790886,1.4137195426011857,467.56989394735444,0.5790123438227601,0.24078541769434236
95128,-2.934788100845216,-10.030397642463491,0.3068451925446945,1.8591217527707407,454.8376628765315,0.0863349105157063,0.24082360489358315
95129,-7.818451224664544,-5.391541388538228,2.458037481507113,0.8207414887410209,202.434325905616,0.250522201811636,0.24082513792396334
95130,-3.8233342900492593,-11.72507191112942,0.15640252575754485,2.090724415641162,204.8968129335655,0.2601386120146554,0.24083931051876617
95131,-5.867159766550822,-9.598654254605888,1.6206622017236294,1.3716967212903353,324.25924583416696,1.4882306666082012,0.24084515595874872
95132,-7.860499573036214,-6.123177491486111,3.0373742276185878,0.870788086583899,468.02090116337877,0.3775429290116561,0.24089951957937383
95133,-5.498891074300209,-8.684175284992081,2.5798745729357733,4.147023366511422,318.8448942489222,0.16121668291845026,0.24098455245527742
95134,-7.641544661810599,-6.3110122671482785,2.60396191268229,1.2072343561541155,467.4548311066322,0.2031817348480791,0.24101646107046443
95135,-4.036865514305106,-9.448359346306015,0.4603573190129692,1.7013240418443645,400.6984442442142,0.42734603491912093,0.24108324356782834
95136,-5.092188390545565,-11.313684849820168,0.5989331657034496,2.8020092267958074,472.1551960086625,0.7089087537259244,0.24110754843864532
95137,-4.069571433375447,-12.156068140196147,0.5137697695915605,3.1964216798230924,514.8880924231927,1.4664964577815214,0.24112233403961247
95138,-2.7610613035553584,-9.236935776654715,1.6961078526511806,1.773110520876696,450.262691333734,0.3276685108856823,0.241178366347745
95139,-6.575366655137931,-7.931530192485625,2.538671561500418,1.6295667692945524,445.55240945519375,0.5087102991861299,0.24118181861726992
95140,-7.998069661963758,-6.524334945124155,3.193672914016277,2.036306272161134,408.6871179611098,1.8203391684081707,0.24119223514200822
95141,-8.224451923498176,-6.86495370239769,0.676350907573839,1.5896095328133095,468.15428235622363,0.4762404317270441,0.2412389381558586
95142,-2.6811529351988694,-12.725694458073937,0.5266888111084466,1.1551703104711297,233.589515541353,0.05143910933198281,0.2412475147984165
95143,-3.817616291284799,-11.825205536127605,0.5487554818536182,1.8927139818784116,456.12466218398004,0.3625695010571093,0.24136982987807534
95144,-4.092559049348953,-9.004098947345906,2.0059195705521837,0.856795237815101,469.44678104302454,0.1618762406636156,0.24137592444780465
95145,-8.164633356514805,-5.057680380847954,2.609792768040592,1.3550973284103216,325.5511026041794,0.5321403596142114,0.24141326007383573
95146,-2.6152838231797464,-9.925539724685516,0.7919310222080864,2.9181559482823882,312.9058310100947,0.10346536521731498,0.24142419669277887
95147,-6.952393524041499,-8.259680344263304,0.9376597841801217,1.3585305702664965,294.3161112454095,0.23047409434098398,0.24147725002048673
95148,-6.525372942803946,-9.161455007618699,2.3711714804734623,1.4969280927416968,337.18988859995176,1.02944433340219,0.24149166175206926
95149,-7.463669729013598,-9.292217096578243,1.3756745856251742,0.6505190871240116,118.2322043469458,0.013324533433491048,0.24149781195867392
95150,-5.6570495889711285,-8.708274145655585,2.665606704761354,1.1059731578523921,291.82868760610745,0.7253064687202677,0.2415325308853914
95151,-4.909092813468165,-9.440248706699135,1.700676308564539,1.689131922886049,394.5881670739838,0.16280705114154426,0.2415497906134145
95152,-2.6634652386808995,-10.199419841755027,1.1188770288657692,5.27240555034084,635.9650754078729,0.5721708432831942,0.2415712309093443
95153,-3.4742500966893894,-9.890439384283326,1.2821541326796368,1.0219716311195803,276.12128707388734,1.5389648606562014,0.24158596193104712
95154,-3.100178600681069,-9.249108176890873,1.8330786617672838,1.0760900532064108,467.55318656422145,0.20142606910517546,0.24160826736201482
95155,-7.7054702800426185,-6.397252804545327,0.9922664491663913,1.2660865633329996,467.941115956661,0.4001632258252412,0.2416323089789692
95156,-5.058654365184341,-12.944091081069054,0.2851021049680515,1.0212716874823606,200.99938244236535,0.5426552474669162,0.24166092625114063
95157,-8.370759587840023,-7.230405571910139,2.1693716231533506,1.0477741533391673,208.69380060015484,1.0272108652902672,0.24168943080998007
95158,-4.990801616093503,-8.645941493739038,2.0799292616670804,1.7501308269479456,468.2525470250779,0.6276648600453889,0.24170588124828402
95159,-3.694651418296104,-12.10713467841896,0.5201702864174012,0.7579303657235614,228.65987298958194,0.7151137899331514,0.24172171699907077
95160,-3.709510879958801,-10.29358899707863,0.9343832288548802,12.76270721037486,420.03354412351274,0.2675693772027916,0.24177940175379672
95161,-3.3744244395309133,-9.006067363881831,1.2574717519962804,0.9049730530774389,257.171855272393,1.6324710774851106,0.24180296478756744
95162,-3.124198700912604,-10.549004060461861,0.8188661763108867,1.752774471251091,468.07561243026777,0.7614878879097917,0.2418481022839083
95163,-5.556429550838517,-9.193093709178036,2.0931263538999194,0.8387051482284513,467.46917047996834,0.2391233748302719,0.24188502833488423
95164,-5.824596601464216,-11.080015554875592,0.3175874752101557,4.691818419643374,602.6657668785903,0.4692333564892097,0.2418879489137449
95165,-5.176011125574226,-12.558458437020368,0.30536764430213925,1.353037932997406,322.28265857078003,1.209696527023561,0.24197736237760994
95166,-7.381944503142188,-7.679352831312468,3.4794209233692825,1.2903280000853605,276.02898254338953,0.09364035329332676,0.24203995957289132
95167,-3.3850258086230927,-8.821631509425533,1.926603201517671,0.9752286451849314,268.0029393700384,1.3003608227467742,0.24205069518065886
95168,-5.140757930548176,-8.63948456380582,2.2177360411009475,2.185481499932884,412.62374706309384,0.7672822594372546,0.24209071470571278
95169,-6.826652034080052,-7.77749639371353,3.0957421186711307,1.6420615900513635,383.4168527564121,0.6054434120165251,0.2421128698809771
95170,-7.321432924856172,-7.2106554574129405,3.0932953345244476,1.0257737832560412,271.70496644729707,1.700503956546986,0.24217459556076673
95171,-5.293614901247525,-8.556370305858497,2.1638973229260645,1.206407205555117,292.6039555256708,0.1668107329774049,0.2422006745410756
95172,-3.77392094057981,-10.37407049585864,0.8777149222428208,1.8332632188130935,468.2049749825004,0.46071843788342015,0.24224524020637378
95173,-6.621501596112202,-7.951656284371948,3.135307747647641,1.007030816420359,466.40023555322716,0.08437809163628085,0.24224919693020325
95174,-4.085593287552742,-11.50994609546523,0.15910839302795413,0.9294799238520716,470.27995908870423,0.025916525998957773,0.24231043635449817
95175,-7.436296140072709,-6.891015324544439,2.176667872483478,1.103591071993344,260.7715256075976,1.0792837989812307,0.2423295271437508
95176,-3.075794861312147,-9.795459981123873,1.3673263380626628,1.2726904482578438,308.39384860079264,1.198473221069718,0.24233688234498282
95177,-7.882746490689291,-8.064368721821642,2.520610417205338,0.946756436177159,265.9461216249299,1.1194204503405638,0.2423506369392214
95178,-5.90444872200809,-8.333710517181757,2.2021489978454327,1.508786619058408,348.1795181869769,0.6566355710296969,0.24236829011595873
95179,-5.628562537846889,-8.628512878481857,2.6488773731728625,1.7528553643539546,413.27091489076645,0.19811028367048777,0.24240908311709983
95180,-4.5753353050380525,-9.307124934316974,0.5749619521356554,0.9129161582108588,183.43802388691668,1.066261486621567,0.2424586519543319
95181,-7.616936787120613,-9.08127616406354,0.7893034398113496,0.8512049075013765,467.6207811147897,0.42635391507665865,0.24246380822184732
95182,-6.822608331109945,-8.300619936765063,3.3463061817354496,0.5751698506058557,151.99204866106442,0.7789513646471677,0.24247441866270367
95183,-4.687954015172324,-10.516414743327937,0.8199551851074081,0.9419757624246592,251.43680874088056,0.9898417132670962,0.24247558303237549
95184,-8.123672635670797,-6.551236168394968,3.0385606820228106,0.9733995299643899,248.94845897641105,1.4559590821241626,0.2425041196629098
95185,-4.772211434634121,-8.917164577141666,2.163703405897322,0.8238191219523061,211.42641586295576,0.6480382022383191,0.2425351993346819
95186,-3.605632691973808,-10.25876479460808,0.9619731069997239,1.0185930654527326,234.69918575791039,0.259278771306211,0.24254270698481056
95187,-5.436724899126636,-8.575069029440865,2.4279900918225263,1.3613526438058812,467.6583097155891,0.41270627780796776,0.24255596322372672
95188,-3.753990484224609,-9.072160182072704,1.9395240311795603,1.0883218838748163,467.5261356938033,0.9337232236973305,0.2425727485475091
95189,-7.5730231218991495,-7.712615812627288,3.357941591844211,1.0851822697794204,287.8853263425992,0.7028153390632648,0.2426089164184497
95190,-5.11021682077622,-12.15827965346067,0.45956342903226505,1.2273354239634848,310.3865768866956,0.5042380786359102,0.24262719904437327
95191,-2.814860109274587,-9.161930401394507,1.760501437342952,0.9549610116068407,427.7635586148094,0.30514226561569924,0.24270172037536344
95192,-4.338092428171376,-9.367572444179842,0.5387757585632653,1.6962394663418505,467.71048599970754,0.22846508080055994,0.2427630620274084
95193,-3.2810210496058643,-8.910727085325671,1.9720733974229714,1.7689153785738974,369.45909592935067,0.5690897062200806,0.24277172143424833
95194,-6.37564476159505,-10.022745734914686,0.3432177098451779,1.0894553094380712,469.8743115362919,0.07500037488701317,0.2427810875242954
95195,-4.256640016718989,-8.790837388341254,1.99222333168032,1.6482904944203833,467.9314423359675,0.617092159477223,0.2428106281034828
95196,-2.5742260127525913,-12.35885176756197,0.530403519351476,1.9997720547381062,402.83564959795723,1.6112076428185729,0.24283628528927467
95197,-3.199976986316279,-9.129028980347037,1.0168900406536727,1.1228972933576673,291.7582171760098,1.1374508235324905,0.24288494611750314
95198,-6.073620451195998,-11.043262698629151,0.48719877241064924,0.9731333118731155,249.5354061815074,0.9553853301460196,0.24289295636536093
95199,-4.985092777948122,-9.069531576742005,2.10292598090859,1.0262573973238327,241.64067540942355,0.897032495367796,0.24289391962699147
95200,-7.655915732975885,-6.147633541350233,1.9851227521826593,0.7719985147759721,179.43147209766826,0.32018145683288424,0.24290636024622167
95201,-6.2843690086366655,-10.590412828248407,0.6525117701231736,0.9435004492644711,221.35678148555044,0.05718176865093749,0.24295053927896693
95202,-4.408443706286359,-8.753697133343842,1.9743792315893078,0.8848882297016165,468.2843950257325,0.5704682403424783,0.24298036757750383
95203,-5.730012338371663,-8.834439228429517,0.9803868919044223,0.5000590856768506,133.29188175550308,0.9614396875918905,0.24304356780630043
95204,-6.104173728629175,-9.186566081598054,2.2650375544794192,1.0796595828483324,380.50974859825425,0.47995553901168453,0.2430903111372608
95205,-3.487316790324771,-8.889071259921096,1.4910119060064688,3.444753209311295,533.2000401259888,1.377383205554537,0.24313351769734518
95206,-8.213414833969164,-6.175562499580213,0.6594219829955587,1.9045392122700815,468.12001162305944,0.5831862933301677,0.2431903275512767
95207,-4.862626181845339,-9.123179200216729,0.7296540372467434,2.318494950281279,439.54471461328836,2.0458835112356413,0.24327441511063896
95208,-4.30114210646316,-10.473676295512666,0.17680526670924018,0.980174215576724,246.11346570199254,1.1004569945012959,0.2432931730388194
95209,-5.713092191859789,-8.66098604358903,2.6980598114428154,0.6890726158427231,198.32746006464154,0.7162858353345358,0.2433438058410275
95210,-4.3202418155545175,-9.304900114585198,1.786372413273587,0.811137170941623,228.1934975031463,0.304833020702465,0.24336266477185306
95211,-7.222398979667187,-7.27804194386929,2.6517146484558634,1.8222111842683848,435.2797736765073,0.05818282133068742,0.24338343812237972
95212,-3.5162621363361133,-9.993453027441085,1.1807460530449203,1.328584700835901,468.40010113174935,0.4046447881702191,0.24339916311382134
95213,-7.916828475476941,-8.701962626879777,1.1530799509833645,1.129122395977739,466.936213615074,0.6141748400672471,0.24341488998248603
95214,-4.2940842254842995,-8.775582114612286,1.7807159338361478,0.9404236133293581,188.65911325236218,0.4960722692645243,0.2434390665991272
95215,-4.811936343518802,-8.787254700849246,1.522302841389343,1.1077874808929358,468.40301704537313,0.5374868394543695,0.24354286849177798
95216,-7.833995392289098,-6.559771671671601,3.262092379269471,1.092015118276895,260.7275667155191,1.4580723659739983,0.24354465190742788
95217,-5.968837366251129,-10.649246001929786,0.6939743415832281,1.5051702909687825,337.83473897553415,0.14227539030247627,0.2435588696056018
95218,-7.940615368149001,-7.535179572989868,0.7194847868603508,1.133007213705941,283.3325014788159,0.567513197115125,0.24358717293480495
95219,-6.287065055948842,-8.147026304971018,2.258804495086351,1.4439301421504502,320.9708672997175,0.613242733002501,0.24361768965607328
95220,-8.100856773473158,-5.613650474878138,2.7819142451885788,0.920319171853967,469.4678936894846,0.08357418725512389,0.24363631668655764
95221,-6.1387253581910715,-9.354124051506975,1.9619876248887251,0.8317164132255709,464.8194608751052,0.004063660779632272,0.24370025706394086
95222,-7.449239055045836,-6.850507321336227,2.6192790885140433,1.3320830101770151,284.73456865744663,0.25314960276148657,0.2437888022922813
95223,-5.016092178969923,-8.843864722542977,2.2699907765766767,1.240950136521867,278.7804974318716,0.34567444353261667,0.2438130661287155
95224,-3.9339721736444924,-11.247124106089096,0.1562574844860686,1.7933195278509149,468.4151327039543,0.6201461943134428,0.24382915452367315
95225,-6.407317401094023,-8.201051292840965,1.7915486676839258,2.4888906029845415,455.6598264103199,1.873592116746396,0.24386756523272984
95226,-6.709540690881662,-8.401318728182051,3.274949462555527,1.5694422186676629,353.7270953580302,1.0891336154316695,0.24388368475025082
95227,-7.7595613800157235,-6.82204600010036,3.362179706100306,1.2339566036332374,289.6097249599157,0.49729430614620096,0.24395918172962952
95228,-5.16623793673709,-9.968524313439877,1.2610294985110724,20.859457583161195,704.8931273095496,0.022353219002469338,0.24398215305157783
95229,-8.456249445198605,-5.167630149868567,1.964041556124658,0.8384116687025075,467.9167068323108,0.10745319145295884,0.2439842376943609
95230,-4.877258650404248,-9.067551041532905,0.7920993242442106,5.9397204585811405,667.3884288071052,0.47668018016529334,0.24410305703257942
95231,-3.9693578122041693,-9.707477291127457,1.411589241570438,1.7518933484943608,468.2857359573483,0.43344032545030853,0.24411002905711487
95232,-2.609788498138058,-10.859391314424279,0.49266943853796297,1.161501394798065,301.81314360616494,0.4930812291655373,0.24411016626330595
95233,-5.49624633832031,-10.579313026131548,0.2052945730835791,1.5340042800154092,470.53026987565954,0.04541701902431683,0.24411588666550788
95234,-5.665378469420555,-8.627890219452876,2.6787950572426844,0.7559444527217772,154.57431232585208,0.7012053220404075,0.24414821234386314
95235,-6.5840231517608085,-8.116480654049859,1.7318278850147524,1.9321874590112413,385.06127731641436,0.4592100578468541,0.24417082451510683
95236,-7.650736975708034,-6.564707109629188,3.0526407457887053,1.0225784128892488,275.89726576302684,1.5791552668885807,0.24417275323178925
95237,-4.62933350066627,-8.727524731464381,1.9123783804870493,1.6764195150989596,394.7919154064298,0.47784831441210507,0.24421917192515122
95238,-7.496599569035784,-9.357311126386538,1.1904237130549133,1.0658198078359473,280.4688026079673,1.4328093759181089,0.24423773750053004
95239,-3.6264843810213936,-8.978069890044727,1.9639398362394676,3.7523192158984595,500.9899185585125,0.16205265423342308,0.2442449565263585
95240,-6.77887163920281,-8.493785019727081,3.1901063070926012,0.8975786714683172,469.3802195210258,0.15232974743074124,0.24428510315376292
95241,-6.596929934366432,-7.98806888034211,2.117423681442913,0.9617436039652452,207.77912957332495,0.21930758589677435,0.24428902974029182
95242,-8.44503254359524,-6.691838929127964,2.1358774959606466,1.776579798719614,423.1029002323702,0.6269835342691321,0.24431401851945722
95243,-5.7139974884419305,-9.115530115809557,2.253344044409118,1.8018562035018733,468.284347222884,0.4627969598957451,0.24431987994673088
95244,-3.3974292716205774,-10.905453175122172,0.15407147224249998,1.8808535165204536,467.7122954188112,0.5209582141974138,0.24433732234312952
95245,-4.782534550303719,-11.981174245757122,0.5016816538425983,1.6716465153319962,467.536677167433,0.5171414427272039,0.24434764193647054
95246,-7.358663140247411,-9.522809528593704,0.7965552079907282,1.9018143441441162,468.5638244039529,0.42471954711647975,0.24439539294684923
95247,-3.0724880704196345,-12.69400223841093,0.1847167749486203,1.3305035083560481,305.1628812607119,0.2635173571880074,0.24442589738784462
95248,-6.019643299693499,-9.440525208071918,1.8029266406549649,0.9271207473446288,468.11053745670716,0.39002679832887477,0.24444123423678443
95249,-6.0161838654169095,-8.901695908452453,2.642719170490967,1.3267573447664238,177.90196214350257,0.24770183646216992,0.24444129251680255
95250,-2.7907321366362767,-9.226128954304963,1.3742698207877322,1.8925559952603392,470.2558916219994,0.030582335203400923,0.2444432605596788
95251,-4.38373929227774,-12.655761199666898,0.45558685297679696,0.8695177132177994,178.63537455131234,0.6609614829939021,0.24447100561682925
95252,-2.8332592450721865,-12.880763530587384,0.4874966620083644,1.8034879648194544,430.46697923372903,0.5130786013425128,0.24448652688938904
95253,-3.952629109479922,-9.154262840651427,0.799961197055918,0.8135464731857844,469.2462404069214,0.019048055949613563,0.2445191704387254
95254,-5.657105839296394,-11.47945702268068,0.47174819787823724,0.9136472303073454,249.5892658653751,0.4770768899714435,0.24455481312879085
95255,-5.203397443384533,-8.612918065101884,2.1950084961655176,19.460950805081655,871.0938883904736,0.2700486454363409,0.24461011237654795
95256,-7.266817679628635,-7.255250023897238,2.227239869523525,1.3816899841039179,270.90851557239887,0.04999548151744193,0.24462208264015917
95257,-6.751693722620739,-8.526038925771026,3.16337882999222,2.0485599969791326,408.8238807660833,1.5520931395954607,0.2446327951379791
95258,-2.605144499828242,-11.947868244069195,0.6973445768575047,0.7489599896030386,167.14544276979188,0.06490030383969181,0.24466222091749948
95259,-6.831877494563065,-10.052441434894043,0.8859343596559259,2.010096057894207,399.096886018987,0.4066546578070369,0.244696404417148
95260,-7.406406377872141,-8.857348097983612,2.1971361071533173,1.8997415407587646,468.37716817169627,0.6219467189222039,0.24472238299955668
95261,-7.704493783434848,-5.9260108250867285,1.8182649309336547,2.3317476677643065,422.0551833560814,0.5991233667374525,0.24477440667111164
95262,-5.997178922300475,-10.565221095856637,0.2794743394469986,1.8286557866115392,435.55571439185536,0.3843005222196325,0.2447869768217045
95263,-8.204636743557169,-6.541113228646316,2.879102052576643,1.1081045101009706,470.165239444286,0.09408946818057196,0.2448078088042123
95264,-5.375792532424532,-11.019103251566357,0.2087377103046097,0.6100295448878256,181.64209156305137,1.1772437810861582,0.24483478187379398
95265,-7.668840566629923,-8.191071038107804,2.752418475293695,1.2080411964610829,304.9760627197149,0.647769899325584,0.24487146528179457
95266,-2.886940470303111,-9.308132655402137,0.8971905783550482,0.8603117758437401,211.71509378427936,0.5294615060720451,0.24487160431832072
95267,-2.6838249053403187,-9.44613715299274,1.3646801263750565,1.3482172404072186,321.5957944673347,0.7092893822361743,0.24491039455541125
95268,-5.240496007535358,-10.6746317365094,0.7457125551849743,3.170324616738282,489.333770126498,0.21277767008290294,0.24494061858057414
95269,-2.9073502103961646,-9.081135447929977,1.9070186890974377,0.8768727724029066,188.0921668908591,0.49761330659411396,0.2449975641696433
95270,-7.542194567708757,-7.116695436889651,1.250579763133443,0.7662068726401818,151.08175967247766,0.32337939444636454,0.24499948272514135
95271,-2.7648017291267912,-9.470175263033026,0.7492733025955213,0.78820379938687,222.64879745152072,1.0922818745316087,0.2450280604378583
95272,-6.674289130657867,-8.71877441219453,2.9622008566898903,0.8593328408384565,247.80652599030097,0.9190312566677141,0.2450311435705159
95273,-6.280355791474847,-8.678057911392273,0.9187540594010452,1.5363800472799582,340.52363178847827,0.8517411439382796,0.24504448199540982
95274,-2.6337029422508813,-11.597685504635953,0.6911166583285119,1.4127901855546918,323.46255303880645,0.6392304231695602,0.24505751415680024
95275,-3.0992627138948636,-11.61702216284016,0.5840222830960385,0.9680255691376118,467.998346212743,0.6091492728041281,0.24505979921510496
95276,-3.177295129402312,-9.191687827626346,1.8498635208563134,0.9004120892396273,233.28982431406237,0.43855063837724995,0.24516705746486647
95277,-7.751827947628004,-5.583748122094234,1.7058735345202272,1.0269951257079293,468.3604181566457,0.3973390868495619,0.24518029035405092
95278,-7.877601903413558,-5.497466256060424,2.6416814498389583,1.7866793165067658,469.93315022074626,0.16596397858339262,0.2452814325374655
95279,-4.767465593186988,-9.527483807140671,0.39527342723866404,1.0464307050825798,225.33454680824977,0.434888424288431,0.24531352854626945
95280,-5.802688088048043,-9.281909161184478,1.997348747280032,1.13132059207724,467.55990905771733,0.5607946282108207,0.24546689679232375
95281,-3.748890636343293,-8.939638676848077,1.3732731912816267,0.7662665170554617,188.48993636978184,0.811390743198598,0.24547941036854315
95282,-5.274032254506799,-12.15246532725973,0.32762153413045697,1.7651386887357026,331.85504270994386,0.3269174794118852,0.24549200926592363
95283,-6.58778515675877,-8.027022118795145,2.006167874939509,1.3732260607107294,323.9126145729454,1.6253733468683427,0.2455286557392071
95284,-8.09402246336795,-6.259545529767069,0.6860933164031215,1.2069763004895302,254.70195505380656,0.17752381795310423,0.24553540327505155
95285,-5.536174292723951,-9.103699532036677,2.2036517669993465,1.8887050262775467,468.47824745137297,0.6542212518411263,0.2455439165097846
95286,-5.108627257829308,-12.56099305537917,0.34424076852101987,1.1614956526201832,287.9841241446652,0.7842136747942403,0.245577993858783
95287,-5.094845788233669,-8.756969936560338,1.4912803521611848,1.0151044327304386,468.35260815103777,0.5183517252798886,0.2455796269864501
95288,-2.983758012674496,-10.094642631213066,1.0927146837331598,0.9393285176440862,206.57435463913535,0.4506897523231572,0.24559931766839896
95289,-3.142217336542112,-12.629024777779964,0.4882412407401249,1.3268934632087468,326.6471079617716,0.40760317922885125,0.24568322573499324
95290,-4.084942929214742,-8.930972928797035,1.3634182899110623,1.0934685346450095,233.18251876220228,0.01681679755506238,0.24574212929014305
95291,-5.3870510786420684,-8.811900364495127,2.426422679138428,0.853608906561176,171.11447515723256,0.7517750588956806,0.24575006952939332
95292,-8.527097140701816,-5.507560074402518,1.7182375706075783,1.3138772637612937,318.9175265450158,0.7696710914639358,0.24576976181558555
95293,-5.832205694921143,-11.110707851348934,0.5480781014061256,1.8183486405662965,433.29116162413874,0.4582387808035042,0.24582485548975935
95294,-6.9045748842711125,-7.963552097496367,1.5646967926600373,1.039521258682963,468.1461847281899,0.8683108434505282,0.2458506217323239
95295,-7.780026311632197,-5.6668831180802055,1.0084871566616966,0.7424802391797604,467.4595243085721,0.5171649947574517,0.2458896544004292
95296,-7.856750009464919,-8.47905681013808,1.8909383500555899,0.9231067102796593,467.59142397718045,0.5738496311006287,0.2459224964399407
95297,-4.415087954726101,-11.990552426970883,0.5112837658297222,1.5959307487120487,355.75409695584545,1.8592871693115187,0.24595097067350263
95298,-5.096588110487263,-9.737228495513937,1.42205179527177,1.4492781926871767,468.5567829295133,0.18091381391363992,0.24596602242793875
95299,-5.009104094427545,-12.702439063857762,0.3794868572662915,0.6021295477651222,188.95440701230694,0.1996408386444939,0.24601282627936358
95300,-3.788257824605296,-11.580319726993803,0.15962647073359898,1.8313971504954232,467.48386360006026,0.7814815705312084,0.24607202609619533
95301,-5.255855880583912,-9.278305129775262,1.9004139417755843,1.7004523279981296,399.3678344778605,0.0662847632210326,0.24610484591103954
95302,-5.0732273655749305,-8.88686704731576,2.256727702184388,2.829232926766115,487.1615782315101,2.1849049070272377,0.2461057241521012
95303,-7.118263030453949,-9.821031257564389,0.7298835892229958,1.4905474008555715,335.8352821387247,0.07084950618217878,0.24611149720030676
95304,-3.687983175771386,-12.167574025261864,0.17105842150382583,1.5203659800449085,349.9898712763075,0.8205583934855225,0.24617308193781964
95305,-3.8310680355281743,-9.451804194431253,0.4806402720860297,2.113515920456823,398.7280962580844,0.33584995708837706,0.24618220639381944
95306,-5.588062422258265,-10.729578498836872,0.22433386426107568,1.7005182602440574,398.8962029222951,0.2853058054634152,0.246183683663633
95307,-7.876149046062005,-5.679330756094394,2.7225308758130806,1.6946422048138206,291.0147481808701,0.15146663154780793,0.2461861920606414
95308,-6.848875134665958,-8.43214355114172,0.8656724405195749,0.7517849493583205,469.78257568697074,0.23498068000688743,0.2461994412542024
95309,-3.6871779042188866,-8.89602735742655,1.4804006502678826,1.8116186361418245,434.10025774466044,0.9483640955813444,0.24622754434235722
95310,-4.463225891054523,-9.764705591438974,0.2878961763258803,3.0428302842024024,496.11328503755055,0.8290407129082062,0.24624063079537473
95311,-5.616332225093891,-9.17747369095639,0.5726586162844773,0.8822146124097455,199.93992068605147,1.1001228121408158,0.24624729522535332
95312,-5.228098082601928,-8.970836981739918,0.9431265272211914,6.021790322053068,464.5720418064285,0.03209477481575718,0.24630348230217214
95313,-8.192690697697495,-7.499270713133439,2.4803968941283063,0.8669432876099483,170.41341761545428,7.769141359670328e-05,0.24639238815203168
95314,-8.162995341711815,-5.2200206677062715,2.623623443193682,1.597570808509695,468.075468544531,0.7169473155461263,0.24641231445857237
95315,-3.4828437447019294,-9.785114824361472,1.3421804354543245,0.7464473168086386,442.8956664396724,0.28917546282923645,0.24642610231927067
95316,-5.61529440171641,-11.5259861500757,0.463102488896208,0.971870788887125,468.65116355425124,0.5362047445110836,0.2464804657680547
95317,-7.660508582869731,-6.213302859326722,1.8664137531015559,1.00342654697422,467.05830593566714,0.47015591425612957,0.24650102545897282
95318,-7.80599315005872,-6.62897621534453,3.2784851302953593,2.059601021878583,403.71744240369117,0.6680038995910031,0.2465045523277399
95319,-7.785720706138717,-5.593093248040678,1.0761604461235437,1.6874407028564986,468.7449124162366,0.3217347015011631,0.24662853905272122
95320,-3.9569455555820987,-12.498333094567824,0.1768558378068228,1.2999913541439234,275.0471397022604,0.04149312965310781,0.24665596997182093
95321,-3.651610977693495,-12.333278636610046,0.4962181037997395,1.7720359408295863,314.8247185835219,0.21795721649757827,0.24669194052375618
95322,-8.350236902243248,-7.100092035580278,2.34450787556101,2.0325214791050845,396.40774002648396,0.5408656075061566,0.2467048384006107
95323,-7.606889071649739,-7.000312367821297,3.370805251239872,1.5607401667113412,466.04357204884735,0.4319409094179205,0.24672493023734132
95324,-5.445874476076479,-10.574525135722356,0.20146219425777026,0.794843126775349,192.63052654745044,0.41479460701392235,0.2467412486240955
95325,-3.691188840326313,-10.272307957199526,0.9242209828933363,1.8089383400949577,467.60240227389437,0.134085066827331,0.24680157997742028
95326,-5.397965727049392,-11.862609906123637,0.414979929968044,2.2664529843526866,431.34407886681606,1.3812567393325912,0.24681516532371223
95327,-2.6678090110191475,-12.532625210179443,0.5368312573686537,1.166039486635189,466.82622670946574,0.3340404684967586,0.24685754980550648
95328,-5.024631697152419,-12.897545102819235,0.2643995959538805,1.013937045285402,258.8592797370747,0.8909908637806447,0.24685792508555687
95329,-7.21293416424208,-9.48841447916422,0.5706634965624705,1.5962013480954398,467.1985979864636,0.5581428843620273,0.24687187793377932
95330,-4.7310590986446845,-12.814941685771949,0.2281196438349588,0.9237941612129311,467.7466935686711,0.4102056012003681,0.24703112245183467
95331,-6.528275464131039,-10.47134084886714,0.4782620359640861,0.6997214440579899,188.50530361286553,0.4613345124977348,0.2470711491451317
95332,-5.888386161246835,-9.669501411354002,1.5328740215609966,1.1301136817557027,262.0849217394009,0.9205119465146074,0.24709663596779946
95333,-3.195828590561897,-8.967002659965711,1.9555989990831546,1.4284574076202996,322.3301082153021,0.24498559129312714,0.24710997679400734
95334,-3.0428981328668563,-9.040384870599697,1.9226131761512801,1.0104959008911765,261.03179901984106,0.608669520787914,0.2471776840951908
95335,-5.51430690262842,-10.337895693901007,0.9027126531963658,1.6831226466337932,468.7269202317479,0.5669923840964284,0.24721211005699728
95336,-5.384279046346945,-11.737092550134683,0.26424178665663894,0.8959770428950031,262.543079041419,0.9874277571055723,0.2472874969199518
95337,-8.385212585230933,-5.599531805875557,0.7044050454733035,2.5291881283328514,459.4205333786335,1.8655903101860085,0.24729982435461756
95338,-2.985796726837796,-10.016297131118952,1.1610367950033798,1.118335157868098,467.71291616724557,0.35726012347325575,0.24731090538756384
95339,-8.147359739068646,-7.797875286742958,0.8042027842553477,2.8496916881439582,466.10509303895657,0.44217093731399526,0.24737325660895293
95340,-2.7841438968204617,-10.727063441644528,0.24377101514946226,0.8335571655118437,174.6131091515842,1.0333453421842478,0.24737759864613873
95341,-3.6212240466246692,-11.567723858583792,0.5740655701906501,3.4135772083478764,530.7867802579996,1.3372940725883984,0.24739136408163623
95342,-3.8458722518202757,-11.541079162252066,0.5781839793707999,1.374432993899928,297.3925426921733,0.3810677453807898,0.24743930251369808
95343,-2.70904190548774,-10.04223811604192,1.1728731793492668,1.722655325325754,371.9107161544885,1.769799609465446,0.24744270542479174
95344,-4.169692820576389,-10.66816151920661,0.7538741003541118,0.8665704254407586,238.44024251374728,0.2509743660840691,0.2474952045158198
95345,-3.5390007733693363,-12.427968556960254,0.1737785647358675,1.1872353366706974,262.47529517239593,0.4293404768970195,0.24753986875807152
95346,-7.617547922826551,-7.327035087585007,3.4393911848009773,1.1022214350099548,468.0993113727315,0.2739704265946301,0.2475568243721468
95347,-6.408421468091365,-8.092339228739924,2.9795137499781688,0.7592147279217915,166.53280185106553,0.6870247294809646,0.24757896767944684
95348,-3.846704963686271,-12.869708238242568,0.44083730040745667,1.1094441772418075,290.4468264192536,1.021868056837433,0.2475981883901045
95349,-3.5929224787985268,-11.230855753804946,0.1548659445905583,1.17725275749727,468.1874941945242,0.2921133194597907,0.24764004741983134
95350,-5.951989689116115,-9.330258028168583,1.94911825880938,1.1400026749275267,253.2599443574465,0.10756915040632098,0.24768765232653386
95351,-5.722232442831568,-9.650772951828662,1.539955907908469,1.9634427248416422,397.34049784998945,1.4196979759886181,0.2477642065584017
95352,-4.976296822369722,-9.922018654829438,0.24587551498013852,1.1153459308460953,289.738280464297,1.2163833019669772,0.24776513159847496
95353,-7.82798306187132,-6.63107871746368,3.27506144109069,3.395665744178629,522.4653061211832,0.69925301265756,0.24777057184985316
95354,-3.396127680312844,-12.953103847102847,0.17764596785430145,2.3035809803919487,435.10753034658484,1.5163799532490048,0.24780708186445136
95355,-3.8411433493906424,-9.087231019524458,1.0731380612009844,1.6630402551885648,468.7415933406051,0.6726856494438467,0.24785768711911185
95356,-5.22069671127391,-9.014040338833501,0.8574147652712386,1.1565136121084132,468.8216597876927,0.7702026192285816,0.2478658888347434
95357,-5.86654009227484,-10.722876869682345,0.6679268416213306,0.7137061703885951,468.04980244542463,0.35588401185553575,0.2478727470453108
95358,-6.036282348747081,-9.620188572169308,0.31565439355421865,1.4923501855024222,352.7614165532809,0.04179532347621695,0.24789653008189033
95359,-4.721362496902369,-12.848487416038296,0.22503099089555792,1.1718550364959475,468.04416597429355,0.22042147210665863,0.24791442469159486
95360,-3.3406281214651887,-12.566805359465523,0.17656642240643705,2.7711872012126446,478.7535483498932,1.3625167297509595,0.24796418844726562
95361,-4.398195777251146,-9.167715150795113,1.8878297472269971,1.6368203564197823,380.46142684633,0.45995414683713154,0.24804348076776966
95362,-7.145478276154024,-7.455830996286947,3.0410837089347855,1.2263206219272207,468.33981850619756,0.5781647103532075,0.2480437085885019
95363,-5.670502631237696,-11.46678685817519,0.4526065143352125,2.472622004543226,450.8394990924034,1.3294320871538918,0.2480642065036253
95364,-6.497636195213676,-7.992749281011875,2.7035782017123124,2.018016393701949,407.4257638343972,2.0915243012954035,0.24815606559599218
95365,-7.383193611425261,-7.047914286677639,2.161426471076965,1.6882431586328945,367.1910071585962,1.6119655269862116,0.2482016097250979
95366,-7.2656841260159055,-7.575218442481137,1.5012332876119054,1.1420961612436404,468.02076805581726,0.027240330823823378,0.24823188569363752
95367,-3.9172001541310344,-8.887580053702488,1.5215239450051428,1.392736210003728,320.5994293279343,1.108197503644492,0.24827949088587106
95368,-7.051814615949019,-9.866826621115802,0.581640369985369,1.857267806432021,466.94256253986896,0.7582797705313595,0.24834047904573053
95369,-8.38060876632316,-7.6958270874762755,1.3233339175636023,1.8494127655582993,468.382161085733,0.6072710371861954,0.24839901086965716
95370,-7.194721471265819,-8.51205623080395,0.7364157945089367,1.5378316752759222,230.82053152653194,0.013862301033607416,0.24848337937885842
95371,-3.607558408140383,-12.841876369824517,0.4437715362068005,1.008624870839731,276.37158403079496,1.2040174112472126,0.2485288511942957
95372,-5.30859493238525,-8.677592710775244,2.3998535664445995,1.0310332968480849,204.7607254880429,1.0598162082439,0.24855679173093065
95373,-2.8420671882884108,-9.80557590019604,1.3626222958506975,1.1951162491887297,173.308085001935,0.1584717766853272,0.24855970129470153
95374,-3.8267157616764678,-10.551095182545762,0.17490808328384957,1.8431961901863145,468.81037789022133,0.460753396477215,0.24864576246788045
95375,-4.823530466511232,-8.724239132557852,2.0787571261309923,3.9416271297720815,509.0027439987675,0.17805756276103413,0.24864900257298703
95376,-3.3534085272315064,-12.148122598176158,0.171404512945581,1.4154737823848034,176.40934265551564,0.4370245604045353,0.24868519075202172
95377,-5.503040441466845,-11.632369129561996,0.33454821499731136,0.8823694488015338,195.63201260846228,1.0808245821372298,0.24872211304854175
95378,-5.242096119796394,-8.714966204033777,1.52947785242836,1.473288133900846,334.76571044699847,0.6393510541112599,0.24873878278843287
95379,-5.44996492979738,-11.634028701668898,0.46626554168769957,1.348251963340453,321.3714111392142,1.457479400557835,0.2488378612759992
95380,-5.246630711387901,-8.768095172779038,2.366651032881991,1.1804161725304785,468.48440615785177,0.38769135768008045,0.24891213679628482
95381,-8.413636805664495,-5.495555488759483,2.1274860708143932,0.9054854609689683,258.21108590973023,0.42495820247408567,0.24891617740838273
95382,-6.9932817788158115,-7.61078135382666,2.9683857989037516,1.7712438914654762,371.5958976101186,1.1526402773512023,0.24900630117958078
95383,-2.6514963416438997,-11.80558342914687,0.6179043814115079,1.1277750768598485,468.66446292442816,0.22233504187084208,0.24904629681993226
95384,-3.008182294855123,-12.931874557183532,0.43693001010786736,0.9875239249421714,267.3510299536661,1.3829330320684194,0.2490489890889003
95385,-4.065837339257876,-11.697063043927727,0.5460206028634901,0.8935314091810276,467.9144642264901,0.4899333510743986,0.249068958591886
95386,-8.241682875942912,-7.904472069175679,1.6676644054581449,0.7793047597341853,157.16379347048024,0.27394612013683517,0.24908286572255797
95387,-4.104861516846575,-9.141229189537052,0.8382777281607929,2.4559102885232855,453.67693040960734,2.365453751382293,0.2491192725580221
95388,-5.317189066570989,-8.89023034700374,1.1491091629746215,0.5295738472986414,145.36822729960946,1.080187930184409,0.24915961864511837
95389,-4.9334992027555336,-9.026127445779013,0.9957920680678867,0.9066930571553853,175.4245361550508,0.11601521961201744,0.24917098563863163
95390,-4.933775391977503,-8.681817527942204,2.0095213782828214,2.14904343658128,404.7887751962261,0.38656527901086246,0.2492094321898109
95391,-7.8415718279750335,-6.6281893028255645,3.2660096246520296,1.5050615849682267,172.47699155845058,0.2387158864041128,0.2492378097687142
95392,-2.6378782149779063,-9.981053617304504,1.1570645201176097,1.8281619437111565,469.17631607676896,0.6326644709905054,0.24924280262417534
95393,-3.030513303248772,-9.212665279250166,0.9983547947885064,1.0950428639914338,261.8999686567826,0.8924548245739707,0.2492625867478099
95394,-4.706961444768689,-12.575070342443807,0.41933832900408513,1.7605093977757775,467.75868468687685,0.8077590855793062,0.2492697472624815
95395,-4.988896225899894,-8.94577296596324,2.1791008319252994,1.7382432158120935,468.5900913116819,0.2894521148408442,0.249276395095889
95396,-4.984048044332429,-8.667668204756538,2.0013075977559045,0.9306755351939587,189.47212926542676,0.7300070262489662,0.2492809601304617
95397,-5.29848561711089,-10.752001940998975,0.7028721245415265,0.9635877128176751,237.79167860194954,0.6756926335305709,0.24928112386410783
95398,-2.786401064609951,-12.318267304262868,0.21362902273087797,3.1981079843957407,501.4084891291685,0.5560234988858959,0.24929265490600105
95399,-7.156332828301367,-9.7641974595042,0.7158591371095294,1.8052381519820893,428.7336332335331,0.4401475404291908,0.24929675457415315
95400,-5.263763607509636,-9.953301305238584,1.2626239533869095,1.5824145037590267,368.2092833553959,0.6473607223530626,0.24931237158705125
95401,-7.838627224639199,-5.599985386843514,2.5881318365004273,1.591683162563532,367.3123696697886,0.2248918692482489,0.24933993264437984
95402,-5.944654345743729,-8.706083266884942,1.170248472252607,1.070909724295916,217.82078895645793,1.036345553669796,0.24934944056371527
95403,-3.6568142195832944,-10.067683558391664,1.0839289172678312,1.0385265519943516,241.27903622791598,0.5102400274116867,0.2494221955191241
95404,-6.0956098986155425,-10.450836395079461,0.7601785473869165,1.502056918525717,343.8697433762387,1.9620792217305345,0.24947443952086248
95405,-5.24982696711678,-10.784494569029208,0.6951182455374242,0.7338115653412468,467.46602899427353,0.30642657299699305,0.249511037872969
95406,-7.129913578047695,-7.963322417923489,3.4316826547027146,1.5874037419583813,347.4740723025929,0.6307998739879199,0.2495204116996736
95407,-5.141359630155544,-9.40974140863445,1.7301620027448996,0.501873583131194,135.12425459842734,1.1660919298109178,0.24959703795272406
95408,-3.5324507458359076,-9.368687779048406,0.5733525577561708,1.895802559214484,468.13296872801754,0.6164031902096516,0.24963640024147657
95409,-5.430877183776037,-10.65705602576722,0.7335252725418233,0.5818476914083526,150.96730859151575,0.9526094735870947,0.24966069648429315
95410,-8.550089529121385,-6.780229000243847,1.3998378711073531,1.7741967157490646,468.01739760163974,0.5456358494435021,0.2496615302337833
95411,-3.410875714014213,-12.33100657677551,0.17386143586165942,1.2686459832366697,307.80901080276215,0.5291230712544435,0.24968083548258624
95412,-3.9942817682000733,-11.178519004302663,0.6333612517698383,4.86935350852397,603.5158101587742,0.29629913185773926,0.2496917868110206
95413,-2.6069613301937835,-12.947862104748873,0.39882440484814996,1.2022996170187492,304.0125420066179,0.5329470354556731,0.249696798329154
95414,-6.374662568202014,-10.199147993247417,0.9494381737625996,1.8873557464391957,469.34089371866384,0.21016853634328303,0.2497167688347811
95415,-7.982194860706483,-8.115612421302899,2.167388291558428,0.9928966324126434,266.1911495058584,0.8625359627604574,0.24972509315664804
95416,-7.42403035065838,-9.0505592693603,1.7963786003745275,0.7275885264973209,181.91465056106261,0.9931124009167691,0.2497368099464497
95417,-6.2386614243951595,-9.424253742027926,0.374723535725828,1.53885778295991,349.2636668442194,0.8528940836165999,0.24974872095751663
95418,-7.481647872903656,-8.830667102467693,2.096858403333577,1.5301632384920054,345.7146732740304,0.036395380262104204,0.24976890948744299
95419,-3.6841653087762074,-11.501140293236285,0.5803122216669138,0.8919150678122612,207.9948863351955,0.7259195793732598,0.24979454674675539
95420,-5.065763737817458,-8.880962028872439,2.21607537262605,1.2342779211893589,296.0094992084726,0.45229828717836273,0.24980322349075396
95421,-3.671843316924477,-12.598735703448193,0.17817678257652586,1.2741740059141078,357.6942399965247,0.45147589490127427,0.249805161135634
95422,-3.3791729271477466,-10.001795604029278,1.1450208662286832,1.1133606589947036,468.0606741326179,0.70837352258894,0.24981111111113738
95423,-7.827800410918668,-8.13852444304204,2.5032716609845576,0.906545360314618,194.15720441097008,0.14128998132091564,0.24982894345874632
95424,-5.066548672644548,-9.496221097974802,1.6385223438113161,1.1470761858929295,219.6358189747161,0.04264975689939732,0.24987420033780106
95425,-2.7503654570596394,-12.312093243901828,0.48050753014062036,1.2951896572429515,315.3259487926963,0.4818334369056032,0.24991324121535452
95426,-6.145868890157349,-10.741019959927181,0.6063471737405041,0.8648934440148073,178.40313032709477,0.4831401841734655,0.24992492497631183
95427,-8.340393171904878,-6.400012733644142,2.520791011972386,1.5664979127502443,468.18456983929343,0.4520333940772927,0.25006786680170195
95428,-4.8362319001882605,-8.899457529882584,1.3109972707187265,0.5113982866202303,121.70564801734588,0.5099065816093713,0.25007183899059227
95429,-2.908213608110395,-11.085668968688864,0.2045089829139216,1.7764695528021763,468.3917132976852,0.3620793421804107,0.25007921760986557
95430,-4.976143255313838,-12.142689229480297,0.4315959606186314,1.511856111595973,348.1945355563849,0.03394990672260878,0.2501031910319431
95431,-4.687054075148689,-8.780860384910671,1.5877972725244052,0.9722996016930735,201.05141442892867,0.2133050792807749,0.25013935653451097
95432,-3.2649772687680345,-12.544051313136789,0.4724338241068634,1.2427376993542743,266.191246945781,0.08655174852665404,0.2501936087463323
95433,-8.079816406541982,-5.587293293940292,2.769430108550173,2.2522638675372293,432.1288521227066,1.9437530112319115,0.2502002388538396
95434,-5.692819763198692,-10.645785466097937,0.23568534932640672,1.1729465257663962,271.4326727407647,0.10595095969479473,0.25025103896893813
95435,-3.2163942164738017,-9.407367956801854,1.6374768584436226,1.8425290837370962,442.73816352653733,0.04446474808895662,0.2502584914508677
95436,-7.778303184226859,-6.287787343139344,3.003038421863396,1.269518112509571,318.261444405322,0.3852241005144945,0.250273342610631
95437,-7.793026137392449,-5.266535313227376,1.7069864338477476,0.9766686672572505,271.99752653350004,1.7569720639961028,0.25027595793693796
95438,-4.117089369185756,-9.139917253097881,0.8592140198283837,1.7121332495761408,401.1687546034813,0.32891379450126124,0.2502855680950864
95439,-8.40381788510298,-5.479882273055457,2.157694270676173,0.8534821385358389,467.8033502648892,0.20678058998773174,0.25029866290131075
95440,-8.14128148923273,-7.267041763227096,2.8056321371208415,1.215747794927529,253.02768134468715,0.39922560766990056,0.25032437743274377
95441,-4.456875519801544,-12.847140325389853,0.19776543838014718,1.1933852242668461,470.0876042136521,0.16315164815951277,0.25034548703216736
95442,-2.845816609671189,-9.123846187601329,1.7123588747250889,0.9635222013539065,193.95953902409843,0.06338625796253883,0.25036761045784484
95443,-8.055943945643467,-8.418098525000788,1.1270913291239566,1.3286011660331527,323.780956397026,0.24512632792691225,0.2503679835590745
95444,-5.274117419039113,-10.222983063008229,0.990105580250229,1.062892645680767,465.21222183543944,0.00799867388161335,0.2504403431856184
95445,-8.113505325097615,-7.8807094535456335,2.168883517433031,0.9967750733919599,271.44396416140665,1.1184449702715478,0.25044060856168154
95446,-4.460634947607888,-10.348904748438269,0.8688524292551405,3.2025548947065245,496.7492971008921,0.39636209394922783,0.25056302856693036
95447,-3.1717289614841837,-9.662778314307705,1.42645241465887,1.4936609082740724,354.5328839075427,0.3376377118349252,0.25057199859887813
95448,-5.302292605170459,-9.122014046784265,0.6908747147886618,0.8758267107416907,228.08317192678885,0.6895303870331206,0.25058164058186333
95449,-7.64694813914927,-6.915326077341709,3.326490118297444,1.3873047999921309,360.95049989941776,0.6040265246080176,0.2506228298932683
95450,-7.315465341942746,-7.4124037745677205,3.3321982253652083,2.3076953729501697,431.3450270450794,1.0545667459697485,0.2506236976504161
95451,-2.830408683740325,-12.847726068881443,0.21260914607923032,3.29916827345012,519.6077206709301,1.0177060429750329,0.2506329017761301
95452,-4.718170859610284,-8.837842649428417,2.097231356723391,1.3927743840306153,316.56244052106126,0.888271538821054,0.25069739568289395
95453,-2.6790485613795276,-12.579729823477207,0.45030608301942576,1.6009312930460498,376.40215777303126,0.5755314533019922,0.25071398780547427
95454,-6.0549555525237775,-10.564534115300336,0.704020606536383,1.1108053525920745,467.31289420695487,0.07301086971050808,0.2507418860153152
95455,-4.142218633218,-9.641281055860249,0.35960203294210535,1.1815982592974335,241.63468034105526,0.8465598685230109,0.25074981342370756
95456,-4.628072750015773,-12.497305995214411,0.2050972264156554,1.1624850721670212,278.9362344432092,0.6444837268155696,0.25075629345946304
95457,-7.448723367483666,-9.256814458639948,0.6566609675995444,1.154129566568339,467.9985746581914,0.3672840722582853,0.2507912534464993
95458,-5.906573730943433,-8.443758055780144,2.762810902947966,1.7621636883173242,469.691375333308,0.2397145719171334,0.250798607873871
95459,-2.905524540061098,-12.551864640680204,0.468622873209394,1.9023590446539889,459.55285653200707,0.5613176650236866,0.25090884895585536
95460,-4.89368808834443,-8.89179630257539,1.31287560187025,1.400836412504797,330.15012309646863,1.8909453297493917,0.25102917393815033
95461,-8.311483444078805,-6.81427153375125,2.5768840513223106,1.0291571155511563,467.55755121310955,0.0756681893498854,0.2510490706843297
95462,-6.888840206795716,-9.09778371780597,0.5419692558791253,1.2827791108947624,468.6930642536704,0.8148974071439588,0.2510668438345866
95463,-8.400039962030528,-6.524882061493865,0.8126194149061673,1.4602899364503024,333.9450926672841,0.12015444505587336,0.2511018074731804
95464,-4.836335549669752,-11.54828779294776,0.5407824210515833,0.8306624773701202,386.0194603589016,0.25224382691799807,0.25111161253118147
95465,-7.677084200773757,-6.315133292442882,1.6241338556250795,2.653305117701524,470.6052721229515,1.844933956837135,0.2511229739017283
95466,-7.6600059302137655,-6.918613694469711,0.9451757865799196,1.3531401958742986,298.8487233472676,0.8628603339061014,0.25119293631426093
95467,-6.63828257431502,-7.926967946949187,2.390546343546119,1.527870137637822,361.18051204016035,0.5948741724535775,0.2511943209054172
95468,-2.905088373157483,-12.546129941984784,0.45526527129988453,1.829810583609218,468.1942793711646,0.18254275792423602,0.25121935701967524
95469,-3.0504257643022834,-10.852555013084974,0.7025002047031814,0.8654237573092332,195.86283277934825,0.6725770570890228,0.25126222315423513
95470,-5.699497379375324,-11.36071500247244,0.46873390454501707,4.385119608309379,592.7136909611935,0.9881659988002154,0.25127590955684503
95471,-4.697238508659572,-9.272409759592563,1.8073420644154392,0.9877961308683764,467.3377667327834,0.10470699026419705,0.2513129436244011
95472,-3.260809641321993,-8.969572173602561,1.3940884463810375,2.667088429249995,472.3660920030674,1.9617778664879282,0.2513600309118745
95473,-8.55538060176364,-5.79192281346472,1.1561441852777052,1.091923163861654,282.6641880519733,1.3807332870840208,0.25140087616382206
95474,-4.77940320011577,-8.720078283211397,1.9983371543841262,1.2994064414910698,290.7117287784468,0.29496599345717645,0.2514266754373506
95475,-7.737816760172722,-9.01161149834645,1.004161930106551,1.005206929867253,267.4265263136712,1.1254634176183513,0.25146010677198377
95476,-7.616429734474407,-9.206537421349488,0.9569946954843581,1.3822909965237988,316.31073965658805,1.0229155627982545,0.25150070234342686
95477,-4.979502621037124,-12.548002794305352,0.3070259647729953,1.5337339007704347,468.3135573584608,0.5461418393228916,0.251552828109783
95478,-7.992835367390943,-7.057131737050674,0.7175440178965978,0.9902159630550115,266.6636610460788,1.3983316481534738,0.25160530387403646
95479,-5.409764677781651,-8.690437798207244,1.5198898359266055,1.7901578976057084,467.7015432114133,0.43769839140395383,0.25166684309519866
95480,-6.04312731890198,-10.860210843723674,0.5780749487542205,1.0355533878708891,448.24090439965573,0.0010684619363869885,0.2516829812074865
95481,-6.1598039773087,-8.235473747398824,2.73502074108999,0.8984817597185313,401.5790601579856,0.44288287266489057,0.25168603290112607
95482,-7.639171931620213,-6.360931644299832,1.8092998009523975,1.7878663008608058,426.3783883166549,0.01920360251088571,0.251699715566609
95483,-3.2445922545279604,-11.991202152554525,0.17757589851677688,1.038865018128477,467.05072187622443,0.6110686811878772,0.2517642242696411
95484,-7.98317793052556,-5.4427760654789346,2.693734654706206,1.3634528884977954,330.7729305602623,0.36172775403972945,0.25177747319551524
95485,-6.559189602279042,-8.38979762742682,1.2514090601885248,1.7051262629032666,401.819685776643,0.05146658749639155,0.2518364106472283
95486,-7.869758953756337,-5.514681892867215,0.8261254017517622,3.3231957367026586,499.6460357322316,0.2986568458529959,0.25183708674395866
95487,-6.104339917965049,-8.317877682199036,2.862776384660879,2.4012521981588124,315.6461348468372,0.019443717556091755,0.2518707259004426
95488,-7.826950067385075,-5.346776736666972,1.2578797500513754,1.42223801397236,228.2909271621682,0.01541842332821819,0.25188922104740685
95489,-5.621060904503803,-8.472002979356756,2.2063666067615437,7.979525719874097,326.1930142628406,0.2534560063224207,0.25193064317791025
95490,-5.368591122571101,-8.603121047282439,2.3180409196157807,1.0243300929748065,279.9147584954962,1.4696399849707538,0.2519440098754388
95491,-7.581835260348843,-6.897902136118234,3.221472837971199,1.7310995322634617,467.613340458932,0.12389813161832386,0.25198371424430216
95492,-7.697137514839784,-6.026962495246561,1.872710789072885,0.8149545953427081,237.07640009284006,0.7308008027824924,0.25203629629694385
95493,-7.53351298002895,-7.67830595071812,3.365889491520966,1.0573116566408418,255.44000119681274,1.491438793738447,0.25204763342211506
95494,-4.341705506746971,-9.45380849285132,0.4809595237870655,0.9104379089948172,467.77721768310073,0.4855856190918635,0.25205721833845807
95495,-7.626374785576645,-9.057954044094437,0.8171584425558615,1.3403121831784746,326.80664744840954,0.3073891011487291,0.2520755186982421
95496,-8.195387359221213,-5.922915513346188,2.731320730717018,0.9914148557677198,468.2119154463229,0.6439461718245232,0.25214350163186827
95497,-7.859331052464761,-7.642562429713198,3.024943285364102,1.2157603376266128,305.47344880259385,1.218366314598259,0.25216800440249243
95498,-5.557186709761337,-8.498627159151347,2.235401800821731,1.8020649075513984,468.34172059440317,0.5142873644801105,0.25220838550863794
95499,-4.296894188307483,-8.908510958398708,1.9898590319852616,0.8920572041284923,246.77969730092593,1.1381651123429508,0.25221999319926836
95500,-2.835342636176433,-12.37467022714096,0.46837876806448075,1.3972672138915232,333.23433572620377,0.5718498065601052,0.2522229250257561
95501,-6.477681481829848,-9.001762662912496,2.5770555087034346,1.235131777629249,306.9576306319139,0.6368850693181649,0.2523415861349954
95502,-4.930150673519426,-8.842095150472993,2.1569976448088375,1.8903643257166018,455.4444263496852,0.5332273588644956,0.252389220012831
95503,-8.558370805288277,-5.576127736052571,1.2080785249484112,0.8170101519736538,163.90630722962834,0.7572148028340804,0.2524246112678255
95504,-8.444095047301266,-5.233118607516875,0.8266505986821144,0.9909831032941705,145.90035519726712,0.29016665458160507,0.2524264328372405
95505,-6.8137113999442045,-7.8734299679925535,3.221073911100174,1.7164967428560642,369.93432688017884,1.715752786687708,0.25245566258620994
95506,-8.389300923344289,-5.408095850552508,0.7166896021573883,0.9710917525031595,424.94720216783617,0.10315028540549154,0.25247468880373963
95507,-2.6656472535397917,-9.836034123653826,1.247176948722832,1.0413103152336123,266.9591223638274,1.6156515943749081,0.2524763654215145
95508,-4.128294292037957,-9.33333543864411,1.7195985486704541,1.8727491027228698,449.79932556956095,0.2486552744079038,0.2524922979419345
95509,-3.0362362490689847,-10.898517756960572,0.19515921255462956,0.5466498125894411,145.15095841253805,0.18230174084842687,0.2525105689929101
95510,-3.431273471493994,-9.078246428747756,1.178743513818317,0.6992939088946765,464.7616533531309,0.47718038706077603,0.25252966329472687
95511,-6.244489008780739,-8.169771854944365,2.5044663850363946,0.7958017580828189,168.63802806991944,0.821939140433618,0.2525976826262374
95512,-8.43693102908522,-7.476057132275675,1.4423585817887685,5.703071924741889,652.0625690701511,0.3440903727435236,0.2526218686819323
95513,-3.6752460180734,-9.046556905775564,1.9109392866189283,1.2228579018897336,346.7827732050803,0.911617989490284,0.2526341401938726
95514,-2.6589818346096763,-10.380443830121997,0.4554836331254288,0.7834766359143642,161.00397106932522,1.1400203236205178,0.2526803938966026
95515,-4.816931023304782,-12.065174142785306,0.20929108364059518,1.3804284871631998,305.10326660220915,0.29011436452992445,0.25270174794347444
95516,-3.526062726131758,-8.925065003322285,1.9208879401958103,0.8264115795207785,466.9912547258246,0.09781229204859176,0.2527766281624179
95517,-2.7435287925716434,-9.281207930634155,1.586740315134141,1.7489036223373868,416.05460445735304,0.6819854910097574,0.2527766997962531
95518,-6.103927104187439,-8.488657476253014,1.4916091795945299,2.5112327942926664,458.1820391888453,1.996969575857384,0.25280330496333664
95519,-7.4151463865055245,-9.232020770798302,1.5133481058973872,2.834925152521437,468.16040008173536,0.3787237333843807,0.25285039567355555
95520,-7.050696863583591,-8.23309414105519,3.302618369556985,1.164773161739364,467.1854461812289,0.42756538344692707,0.2529032249170339
95521,-8.421117781429325,-7.024151547304819,2.0514364301696144,1.7022425945380066,457.3421711986669,0.04661991317955039,0.2529603777238758
95522,-4.277506813430669,-12.167039875396494,0.4864323257846403,1.9012080859669913,469.62545229621855,0.2336506274159751,0.25300691720975843
95523,-4.846426401439955,-9.09687239666572,0.793418190596845,1.2189419546694025,278.6995791207816,0.7152305666309777,0.2530072704283609
95524,-2.617754139463254,-10.768616366919986,0.833123154270803,1.101101886854942,468.00568058190686,0.85609835141363,0.2530112229807211
95525,-3.2429677100251117,-9.427464493044065,1.6095803490828062,1.7226283755924547,370.4277712426333,1.5064478340803982,0.25301865839846865
95526,-8.339743874714113,-7.557275719634953,1.8266292803727047,1.0051296878435858,469.0889340690821,0.598659897070811,0.25311131903170386
95527,-7.4012997397889055,-7.412744046704494,3.393530389793215,2.7733706973444425,457.99045974867875,0.28256218084182283,0.2531490739594069
95528,-7.097684131690016,-9.045331833998882,2.2522131639027223,1.661155205432263,348.55687711816927,0.2429386031898888,0.2531531483297905
95529,-3.998408194779028,-11.408354137598947,0.168504316219766,1.4424419135829132,333.00003474206056,0.986173507744109,0.25320722213464963
95530,-7.163215160279486,-9.702158036782555,1.1591031073143823,0.8722171898769663,210.1810923708553,0.15998739899714742,0.2532141935054514
95531,-8.045518405663609,-7.199582656788399,0.7052593657763697,1.8207592422360261,440.67586037547903,0.6412266053384599,0.25321479400727004
95532,-7.407342256098768,-7.0685694381951345,2.9737476920911736,0.8041937316628097,127.28681921830936,0.18899087368440615,0.2532386032439462
95533,-4.459005377401015,-9.732998906073405,1.3771894989024105,1.9085103135260562,467.8491240432848,0.5919650485830017,0.25325610045218405
95534,-7.709545441085105,-6.246874461102224,2.7501964583697185,1.4466359496920265,334.7140969580735,1.7575183006302764,0.2533068126293273
95535,-6.099249495169291,-8.354583747271388,1.8348569677207307,5.172441056874083,629.9730511762152,0.5060860600888537,0.25336481485816015
95536,-5.45033599710565,-8.540926808548342,2.0406181150247993,1.1161024253916385,224.7233753502917,0.8763156177180207,0.25339387594214813
95537,-7.971880586410302,-7.682279537758303,2.7776726386113566,4.795824184603777,278.21388787245434,0.29566560230848715,0.2534294121421433
95538,-3.1434919430700594,-12.283967475863852,0.18663416310879252,1.8176237971163594,433.9356351728519,0.08604759702867604,0.2534389247689515
95539,-4.602558410869282,-8.902747484022585,1.382801297068618,1.053721033369124,208.75372938772082,0.6357457768198564,0.2534725150488865
95540,-8.40980407407595,-5.38834324812535,2.105561731351374,3.293159718384751,247.03232737109818,0.28789820643678077,0.25358647848728544
95541,-3.666149295814934,-11.763741182194464,0.1707241766457845,1.7327797077113583,411.4546282697679,0.8929657011348509,0.2536038812934116
95542,-8.08836480757144,-6.381089597467037,3.000183499071527,0.9219092439766132,468.0117357106035,0.11124411312655891,0.25362331368593033
95543,-8.468157720568477,-6.7842997252521675,1.9085368416422257,1.2721864902758468,291.96318026725265,0.4287018056802614,0.2537067655455022
95544,-7.765523092352049,-6.197259836548371,2.8551205581719574,3.6557325971840413,533.1831805436054,0.3856748320270613,0.25375032956066473
95545,-5.034853897455108,-10.262610878573481,0.2037893954318767,0.5559367452071048,127.39160731431089,0.9258182945330473,0.25377615249631097
95546,-4.028302017265851,-11.375440466335611,0.5907298422571828,1.3024276943690996,284.24410557564846,0.07634422533199192,0.25377616663319486
95547,-7.239489268565558,-7.337082732070231,2.190237953744799,1.206184529045357,219.96937530492318,0.06089780687087387,0.2538135595678982
95548,-6.600815627659287,-9.439934305155782,1.7794673790835835,2.4496546299730175,452.77549792871037,2.1930978604493907,0.2538430415024881
95549,-3.3801611214372693,-11.27320270514934,0.16207623174844796,1.4611874818232975,324.8843441685879,0.16473403064213432,0.2538501098822209
95550,-3.4682180762301424,-11.560653568424165,0.5600060766438433,0.9117846774739968,468.3450544934389,0.20552000183050012,0.25391338161681765
95551,-7.768782883294488,-5.525276090009032,1.7918806328760024,0.8145477295871721,181.0200704095599,0.22594660319805815,0.2539157234518927
95552,-7.816110058373963,-5.275868856339429,1.5666808847650047,1.1269754980350881,293.2586856455244,0.23991997753041705,0.25399011571678504
95553,-4.4075870998880164,-11.659976419459618,0.1798408500231928,1.6057218060290974,371.604808845567,0.6149056928799794,0.25405698636173396
95554,-3.8364397842777898,-10.405150757483076,0.1892920622271457,0.7741903627131977,151.80719219546947,0.30119664980686256,0.25406488011237105
95555,-8.381346987675807,-6.716916421282763,0.8159348616918777,1.762969976756592,154.20092249306822,0.33814815313825886,0.2540693928059127
95556,-6.3115093394936705,-9.449579075362536,0.37863419857107405,0.7401649809346162,149.52635538734592,0.2255684048124289,0.2542365654402267
95557,-5.9438486324716076,-9.186213051177539,2.155465173275932,1.8358485618351372,437.9189187372873,0.44982788339434343,0.25426285434655116
95558,-6.999889262545258,-9.527601431479118,1.510399478890106,0.7939635832070606,466.7514650391116,0.25001593293010593,0.2542895061674228
95559,-7.931944270158391,-6.675036291491621,0.7494141848138887,1.0060440925086347,277.2302436214096,1.3709868521105113,0.2543529411142751
95560,-5.125557261967796,-9.382111145143952,1.7395884827880488,1.0102637190769208,269.286452394583,1.4787062323435052,0.2543780734979935
95561,-2.784757461345303,-9.277156012437086,1.6689518157261152,0.9250507794120548,216.6576938386435,0.40594818170710134,0.2544231314618638
95562,-4.4280443647476915,-10.529022021464712,0.7922149322832106,0.8248313290882745,227.9318228538333,1.4729000300531583,0.2544451059417133
95563,-7.863133295245326,-5.079140802447983,2.2863524591283335,1.6538019566507869,385.64026295181674,0.801284938275896,0.25448920589626245
95564,-7.494157772659068,-6.78818922956109,2.5571569143328308,26.673358053094304,725.2451907441181,0.024502862683000615,0.2544904191999527
95565,-7.718112477824213,-6.492456048016218,0.9694493298115314,1.6184922212036854,373.84057481615395,0.12111958054209282,0.25449856368517926
95566,-5.888468488670143,-10.272050293357172,0.25694209403032514,1.005587805438455,140.30407911659682,0.2646830052637954,0.2545020979110387
95567,-5.706637938028219,-10.780148992873636,0.6568150314709895,2.3826965247639427,312.0271238157193,0.018669618990716508,0.2545238913963322
95568,-6.941157386503825,-8.69220493622883,2.8816008731237264,1.6183219306621142,382.14044987975825,0.4398243539764515,0.25452471359974393
95569,-4.718759739174346,-8.863030275287427,1.4352657402841515,1.1142284774628806,286.0610783007783,0.6889734170732309,0.2545334492995478
95570,-2.6333952135553425,-10.142186273719949,0.6375348801188752,0.7093443289886985,129.21941681510458,0.07532982646239983,0.25457469265181937
95571,-6.778189841212631,-9.219033294676025,0.4966551355901715,0.9291704395174399,467.82116479690904,0.43568289456349607,0.25457750121947864
95572,-7.096987881011553,-8.807674694163822,0.6599063788410849,3.3792682551876756,514.8781579929689,0.5347962924490011,0.2546248396298674
95573,-6.449600715199825,-8.04771277388781,2.7364147942844625,1.592559928374432,352.678191040751,1.5502623716736679,0.25467135048525896
95574,-4.586803008561093,-9.39705561864617,0.5305948313416918,1.8852061990224793,469.5964218818273,0.06077287660049713,0.2546873022081457
95575,-6.066655811123018,-9.212056570360497,2.1417516041404596,1.0323405971475372,266.7739509280475,0.8942885668725742,0.2547238476086179
95576,-6.954882166721099,-7.6961743647491225,3.0829116674012025,1.4855619897570544,191.56661409927935,0.15350787496516993,0.2547370090497524
95577,-7.875112867974174,-6.806734911958595,3.2797269868632677,1.51394602308084,350.12527752252447,0.7243518824495281,0.2547625868743163
95578,-4.418556292278862,-8.806096839011824,1.8470469222917638,0.860042730292502,156.69825582883402,0.31409186102836983,0.25478897007961954
95579,-3.3969335255498265,-10.265030746688765,0.8982204042472869,3.352283035147018,524.9577425821557,1.1208598719392082,0.2548118513224527
95580,-6.2195499265385505,-8.307648296842045,2.970428995657811,2.5395903700461284,457.58440619106864,1.3620107414536626,0.2548310838952919
95581,-5.740865177062697,-10.99465294642383,0.28451790642736,3.041479001705323,502.7044925998953,1.474446649111048,0.25487462031968905
95582,-7.84336420369403,-7.758516604007243,2.9277730396526747,1.229892776693746,256.7229365030005,1.0215437473761746,0.2548990204841439
95583,-6.803746566700864,-8.209445805317804,1.295738361377567,0.7421317888379247,459.9079204289697,0.38403819039845377,0.25490391045713107
95584,-5.126625488313855,-8.972664565266463,1.111526932377114,0.8785591973970844,207.97056093681744,0.06036711946554174,0.2549230040003507
95585,-3.4787586548660023,-9.222315421986156,1.7738919042179788,1.8011179013501344,374.88675073852556,1.0946247428377402,0.25492339538073594
95586,-2.7076850368454135,-10.962686396697304,0.27544762953488844,1.0064599781583445,270.38600714437473,1.0404890872640662,0.2550013678164059
95587,-3.7599039140926536,-8.88038284413813,1.5858449372886427,1.4741538108247176,468.89637090272566,0.9130654240020233,0.2550029672313921
95588,-4.460217638965983,-8.783243442055511,1.8800045305397637,0.9879956166454543,212.64338962493463,0.307249888743784,0.25500481105347894
95589,-3.4257374326389165,-9.81630853682865,1.2967462952539284,0.7340778056852897,467.6791523893994,0.47574649042893213,0.2550512755151714
95590,-7.072636475447542,-8.669700123163391,2.823267343383329,2.7218718282354786,467.66860179014617,0.8379814752681733,0.2550513714756044
95591,-5.561747706516648,-10.044989008711834,1.1731786166556466,11.087323180058602,308.8889344066311,0.38954852334384604,0.25508303091344814
95592,-3.0011353734713584,-11.700008359355218,0.5456459719126167,1.554158818679213,357.0435506142262,0.7309532268194543,0.2551025453319956
95593,-8.557253017972835,-6.127465449983633,1.521893702364327,0.7749208655240611,174.54822596252922,0.10148430278692633,0.25512074866574086
95594,-3.1670265701959064,-8.885036089307306,1.7072110528403346,0.8330216920613766,197.02469624383676,0.31171284528084886,0.25514520633106574
95595,-5.5429900795155636,-11.267954396443685,0.2670770684270785,1.4683430622176068,351.9954872701628,0.5648818297080851,0.2551967253951613
95596,-5.714649804844113,-10.208821880834662,0.9838375869715945,1.8157367941867955,433.1869587448938,0.14135945473220257,0.255216040913625
95597,-7.683955194421867,-6.199742760528052,2.471197167099407,0.8601278693016134,188.3936676962805,0.9853762201440759,0.25525955221876034
95598,-7.658791734242792,-9.147156643672743,1.0223081720667524,2.2522350957330826,385.74350424254146,0.16794847189283058,0.25529167029764815
95599,-7.745360010310624,-6.190698346540068,1.0760502867904307,0.6631412043576942,135.07996436055183,0.5653373474065466,0.2553163685455574
95600,-3.7134035967311974,-12.624165498135959,0.18488136774573072,0.9669579283989137,418.34256760392736,0.6263122519129443,0.2553521983338021
95601,-7.4828854668158185,-7.224080386354198,3.3420696481883283,1.21527650442977,302.6780745923116,1.2410027459100714,0.25543612986552056
95602,-6.62880311015801,-7.93019977847395,2.4820799658400325,1.1906000552891531,303.76998483878253,1.3959809862784462,0.25551736381101015
95603,-8.365042759752178,-7.346523731090038,1.9996751113716666,1.1046297463258878,246.9951706626308,0.1464293970141819,0.25552405791804533
95604,-5.123033447932259,-9.60604602030769,0.35102695377103854,0.9380576066392043,181.07744181315567,0.17382233453854834,0.2555447635828626
95605,-4.0943785648947175,-9.258409632359804,0.6886247622548218,1.3137896416557475,307.1620057654715,1.1391565216868598,0.25561730158347656
95606,-8.353272916874337,-7.239150564302502,2.1625732636961357,1.171709804459631,199.31323349079648,0.12979831591949065,0.2556510212169762
95607,-2.6196306575570887,-12.817920060448612,0.4951769469658409,1.2612744034457402,316.6816076177805,0.5358396933519369,0.2556569466380318
95608,-4.942197625971035,-10.269662796484852,0.9083407614879278,1.0682750073566452,264.88054314369566,0.14787544482667503,0.2557061807868214
95609,-3.2991859740418157,-8.964227797866451,1.8830574272763119,1.779235355367923,446.79065465269775,0.25439878271975136,0.2557147722743553
95610,-2.67377538301818,-9.758033989275319,1.1055421026195569,1.0290517655982776,467.9831642572555,0.047888939745677206,0.25577151267059883
95611,-4.6541833890285735,-8.87810682986429,2.0394841372729604,0.9174517883668464,224.62041679665157,0.7326404344934438,0.2558033003566566
95612,-3.9352964099199443,-10.58148944826609,0.7650227871211729,0.6124240431784782,172.55175719211653,0.5255348252205687,0.2558219493841218
95613,-8.177620786980013,-5.1340271339184955,2.5427982806582485,1.85357158529656,469.28957455580394,0.1377590555663586,0.2558284340140548
95614,-2.743745530308881,-9.541416169895289,1.0454913970456776,1.0869937792620612,283.9286830137035,1.6002551090597343,0.25586202784039846
95615,-8.317352339488771,-5.015231368129763,2.290704310214661,1.1770528190012175,467.022368986583,0.14012572044197213,0.25588447581707524
95616,-2.568916758036689,-11.188786825768233,0.6768435866559885,1.1005324049927387,288.08396942985974,0.8261761518259609,0.25589029734046503
95617,-3.639583593618056,-8.942363869156484,1.883792760262035,0.8066734965149112,470.14243484546563,0.0452414778836161,0.255894357312289
95618,-5.745958206211148,-8.442679591505007,2.093981740847097,0.8697681124683402,189.9197818789602,0.31688551339497906,0.2558955386773673
95619,-3.7895397281920493,-9.767706356896882,1.337792871939904,0.8852996412250147,466.9874059339912,0.010156295266249948,0.2559599987141877
95620,-4.634102427413541,-10.94333319481323,0.17933147911558406,0.8230954131780466,468.4654564475128,0.11682453682003491,0.2560449766088377
95621,-5.154899362779004,-11.99009159955501,0.4005997752044074,0.8363600191359263,244.82490824755706,0.6205431343531442,0.2560474615901807
95622,-8.319491157294221,-6.017915042163877,2.474507431632139,1.7696933864118976,464.21447745992987,0.42336519524111793,0.25604969113410403
95623,-6.631662091412438,-10.024167986868608,1.0983285010978139,1.7012905465933985,396.8034230951399,0.19482623084677364,0.25605119529973996
95624,-4.433280404244969,-9.643365497266403,0.3592279189433847,1.3674005472176265,319.99852331817453,0.3127145075542961,0.25605371920851905
95625,-7.560548986349101,-7.326697094282697,3.40222442885841,1.176415648347824,468.0063200615654,0.32741933516241684,0.25608317853527407
95626,-6.4252191053419905,-9.694522318977805,1.4816913672264673,0.9901983921175361,273.4352026567262,1.7452556638324852,0.25609289992478207
95627,-7.732854224932523,-5.9213354167516625,1.6910966200200834,1.8556523962233795,444.12393051603243,0.31510929197609716,0.2560930661485946
95628,-3.859493629123322,-12.640848867685595,0.4341215617131004,1.2920732150027008,180.58397258816927,0.3008845674193452,0.2561245815367208
95629,-4.489056158887795,-11.021713070006424,0.6477217446671795,0.9630492647235678,188.1494591110278,0.08282001952474083,0.2561344580603561
95630,-6.524209280967095,-8.995383731675922,2.5716010569911076,1.0016036274809017,229.29297018033532,0.3570554772918806,0.25617650382624246
95631,-3.9884984951949995,-8.989698517004882,1.3361579056661554,0.7273681589951604,163.25665432041646,0.3230658349077844,0.2561995610829761
95632,-7.693278259299582,-6.321745638697778,1.5708676235128136,0.8707120599179133,252.17357015407086,1.5213307555940894,0.25622173081522664
95633,-6.619810748635085,-9.106827580164591,2.3920607630564157,1.6414754731737016,387.0980819594085,0.5722490877527964,0.2562504627564194
95634,-2.854535589459135,-12.689580900221474,0.4284030428969186,1.07533129651277,208.62643568317677,0.0443332585590932,0.256299567020075
95635,-3.5309602265254867,-10.636224101813331,0.745535971887222,1.0922274566618284,158.1465013999473,0.21563335122791738,0.25632246718927665
95636,-5.288010326790538,-11.840443631847378,0.3024586180132866,1.0654608449094431,468.13448678516727,0.8764550159997802,0.2563431231970983
95637,-7.320175335348318,-7.587245160232019,3.405729276408897,1.079652460801522,280.1982301547199,1.8573130120178964,0.25636384181653604
95638,-7.651571289219976,-6.861989152023157,1.0171425182898373,0.9279947714207606,262.29294685832537,1.7902603419116456,0.2564299486452993
95639,-6.260018991984028,-9.690105189965415,1.4923715966808155,1.0500299734571092,230.47254478140613,0.023629677422165152,0.2564394317057774
95640,-5.183337900989501,-8.653456593988981,1.828969998048783,0.7599973388864448,467.60665346652127,0.3108579544462824,0.25644434309953845
95641,-8.067224120386419,-6.350878853811437,3.0025736268039744,0.8797107563080733,470.09592831460685,0.12264628072758654,0.256453060001887
95642,-5.950975939491566,-8.368633999071072,2.6398254642259675,1.3782385945684967,317.1435027049228,1.0431219241481777,0.25645922663242693
95643,-3.914207082474946,-10.003537729127462,1.124015612520037,0.9719799649551417,332.00499730422456,0.6933336025112373,0.25654666257298187
95644,-3.46042568077241,-10.187749403029667,0.21142443103649067,1.0010773859785709,468.9520008579931,0.022910532440781672,0.2565813942683677
95645,-4.885473165681003,-11.946200016485864,0.4701246341384618,0.9494600099713723,231.69753742587943,0.9358842146457187,0.25660367967315567
95646,-3.450419546797818,-12.320116008968505,0.4702233182690594,1.8966447846347703,457.3227444918035,0.4529068717083975,0.2566163771776563
95647,-2.6070393237650658,-12.94307267671747,0.44149884048377325,1.6926371099166486,399.50153432505704,0.4875831825272625,0.25669898158603777
95648,-3.7861333977327956,-10.50652724288678,0.7871514080550406,7.314828856491777,559.9361700487038,0.02825677351090139,0.25671435464502096
95649,-5.363010972441121,-8.648784730071299,1.7013798118082313,1.185250989845371,255.87963216202502,0.2957435766171743,0.2567246176314141
95650,-4.534607221374888,-9.681793203129798,1.4133097355160724,9.261699785307934,436.96526047059126,0.13587135612140955,0.2567781964615008
95651,-3.602278118440669,-10.174135093016611,0.9541191884807746,1.8435061613918589,442.1384517295744,0.31231668935907475,0.25681913279784313
95652,-3.0745078286159178,-9.441185476999367,1.5906861930963248,1.1280754712254042,467.91410443965054,0.6070877560035974,0.2568737935806689
95653,-7.762605424914379,-5.614349582778915,2.017552170110897,0.4625496802839542,127.6909157369142,0.50992209127162,0.25688224934545156
95654,-6.92924074365399,-10.000040853154227,0.6817838633005386,1.277140963372728,468.3306447613248,0.24209322161355473,0.25694206940459396
95655,-2.929960355418305,-9.796503498453482,0.4504865699643624,0.5867309428971315,120.69859728460958,0.34150464804820047,0.2569842023341296
95656,-7.503749829036283,-7.010179642855235,3.1523804218140077,2.3884764117010016,435.5902496132134,0.8480518218878839,0.25699547689290664
95657,-6.3567571363523605,-8.516705903439107,3.054660838457353,0.7206639359288505,184.82790111427593,0.42645637477288556,0.2570125919410081
95658,-4.926698170448056,-11.489623706988416,0.5308746381758669,1.123515139639339,257.4795669240332,0.34904963206920847,0.25707141667813166
95659,-7.73668660433996,-7.434416022446129,3.2993789681011054,1.6217723448472356,468.33736606255746,0.7652183854145624,0.2570876925805328
95660,-5.943983435101598,-9.204460467540793,2.1164758306529285,0.9252076908799857,240.92999830075348,0.7842527351286357,0.2571308604626572
95661,-5.491265748254756,-9.493514205971785,1.6608367938933402,0.6683169880718386,158.06969995828416,0.3585842009056712,0.25719209419278477
95662,-5.125846263667673,-11.240756933816208,0.5707536053942706,11.626749383972246,788.1753217325602,0.2563868361053645,0.25722420601545826
95663,-4.053467531950168,-11.79050912610338,0.17950312012620703,1.0548451378319992,280.0494133543421,1.2854662334899878,0.2572567308927353
95664,-8.072747893851407,-8.36155922425878,1.1151788620015635,0.8703036711290865,468.0454247823561,0.699423671906862,0.2572839484175595
95665,-6.724534010849635,-9.941937024168261,1.1674750749018517,1.8416744604588842,441.32377993239993,0.19826681636787757,0.25731248392602724
95666,-2.607488941609642,-12.952387280366805,0.4581798075426277,1.0356970413378688,467.55127779808464,0.3321013754695512,0.2573150130107834
95667,-4.509258357679146,-8.952357664292016,2.0072766341816215,1.8836398159019885,468.00618499181275,0.220645783536777,0.2573302951447963
95668,-4.6273984317103345,-8.881251300513096,2.0268709709588246,1.642267145657287,468.0881844531633,0.19783221117506145,0.2573397036236783
95669,-7.69840390741505,-6.281236107198153,2.7034778386086984,3.4520086621679433,494.3609029725526,0.21937213600378858,0.25735334159904966
95670,-6.217059272813357,-10.42625318376357,0.7284942816453743,1.0741420443877772,468.3590313293458,0.5207986731844487,0.25750038944738307
95671,-3.2552224456124677,-9.26712688164815,1.7255959551631472,0.940048220397162,468.35411493113617,0.5969159734735978,0.2575139960534783
95672,-6.665142516977799,-9.107290738407823,2.3784392087451005,1.0595557872211891,240.32614756172606,0.20207961044474043,0.2575221656469683
95673,-6.862815670169881,-8.986761242298906,0.5846630379294838,0.6399379409241391,200.85414494748628,0.3088530820074098,0.2575977280210601
95674,-8.285741086640474,-6.296325447016512,0.6831492004069927,6.7812451413505626,562.7468810980066,0.04976657055451916,0.2576587047207103
95675,-7.295158474277441,-9.637377664605388,0.957565827252109,1.9114371801854408,382.29832112599996,0.7439748610580752,0.2576616747494581
95676,-4.440478903332579,-10.504813468954834,0.7933604864316336,0.8754518907368372,170.13577000843034,0.02241293068408101,0.25771488072722426
95677,-4.92378872357188,-10.255907998215946,0.20577587821662716,0.9180269229447714,467.15402895629387,0.6463358393005709,0.2577460478088189
95678,-4.160038004684241,-9.19577109468801,1.8135405012967662,1.674384663351087,392.4190460619436,0.15557385314044136,0.25775740771458067
95679,-3.2502500029839956,-10.262236309716595,0.21485446087688134,1.7076138545711506,465.9041579846013,0.6764416261270512,0.25779420690677973
95680,-2.756649306785988,-10.547019868902066,0.771565549359203,1.2787665814227123,467.69960171927534,0.12740770021451997,0.2578012714644743
95681,-7.274305404773693,-7.288668316057372,2.2416164725336722,0.8951984026338274,456.49358369610144,0.9274489002895683,0.25781217807008183
95682,-2.7455266931438516,-11.95583726765862,0.47342603039150466,1.4913967461166486,323.50157022963464,0.4669058718960555,0.25781829781129834
95683,-3.4147409645857945,-11.566160252619873,0.5493862991771424,0.8408514538739035,195.32073082050104,0.917053774178247,0.257821665455961
95684,-2.8627081233759144,-9.977673401087602,1.1470544946415184,0.843215707840272,242.61305844855366,1.6367248023956478,0.25783092934116697
95685,-5.8855782203115865,-10.99884298865916,0.4172562853887718,1.7521353926229182,415.250709583952,0.37663539122703327,0.2578503464804076
95686,-4.091422897779097,-11.077810090514248,0.6382492237799144,0.995262186352363,271.8546582034307,1.6519287301484527,0.2578774135225073
95687,-5.77108195577312,-10.719171921303316,0.26320012140872234,1.3704004096238487,326.15535053316484,1.7931442895816474,0.25787786206410035
95688,-7.743143936896513,-5.911203236081229,2.3630592566224387,0.9352519227470427,253.6732423684663,1.1598049301422417,0.2578984003779564
95689,-5.8458655283278045,-9.302202941019221,1.9324964142733394,1.848113690861418,457.7099687259342,0.1270829262908526,0.25791258837263115
95690,-4.783136448878787,-12.678289956715359,0.34265718696122716,0.8174879785452304,163.28766590970673,0.3694547621850033,0.2579189893994612
95691,-7.61309237757795,-7.125929016655225,0.9651671056304549,0.7348759374228736,156.70651318262102,0.17095111365511695,0.2579246232798563
95692,-2.5962213445128715,-12.685959940309006,0.60975202938175,0.7341618486019195,174.27727212236118,0.01433453708536625,0.2579415728540216
95693,-6.131813921029688,-8.252991519503723,2.6066335808718097,1.8349205402203757,469.47049998884904,0.009581640963992832,0.25798933657696504
95694,-5.734923707417117,-8.943420328645388,0.8365365332472912,2.137821821128242,419.1231954430691,1.6500369725897412,0.25799668641562945
95695,-5.434128765235431,-10.288139173604987,0.21992455485124024,1.1411015120463956,468.46908031419036,0.9039071549340933,0.25799858382707036
95696,-6.603940025331349,-8.110529834105996,1.7931007859138208,0.9592546220816344,254.26640683727166,1.5772398082619867,0.2580144406583067
95697,-6.014149853316765,-8.322996784263012,2.521481777604622,1.0771673223734333,210.24884643139373,0.20859810091233744,0.25809638344887825
95698,-5.214672533381317,-8.981793312995428,1.0369559635607237,1.191835996996795,268.69329537449346,0.08862179468382347,0.25811138328733396
95699,-3.650039403979873,-9.527169466284747,1.5079079317483557,1.4250534453252346,327.8868305640522,0.8060779024131302,0.25818275859017537
95700,-4.599460428425745,-12.250207603543188,0.42960551647767836,1.1548210356595148,278.39303418394246,0.985625410176838,0.25819279053417105
95701,-2.6058187698697797,-10.329946721282912,0.6848404289502364,1.34326837755893,330.88011289801415,0.9200323633382412,0.2582907321295094
95702,-8.240715656466495,-5.831110825321428,0.6618033680990876,1.1274981835879243,280.5929842116675,0.1731165081214776,0.2583773248927246
95703,-3.027148231076751,-10.161229629511222,0.9661727517200585,0.9212735502099318,468.0600601203789,0.7081115072070014,0.2584129905957367
95704,-5.603436138655614,-8.537238613985496,2.413100670232654,2.8715054833513616,355.0251842431161,0.012851753041737801,0.25841621862680303
95705,-3.9577533979356136,-10.42984581150126,0.8151381212797493,1.088598124930708,182.11069630813572,0.07427385301692535,0.258424667034597
95706,-6.681503992372441,-8.470276338283412,3.1594732209635525,0.8998876152509545,178.0371783298382,0.16491957397554646,0.2584761349255794
95707,-8.510008331107768,-6.639066451362966,1.7028377589806034,3.4029232355379753,529.981757420601,1.3135286026574873,0.2585033484522145
95708,-3.225823786068414,-11.07716936053218,0.642788316323213,0.649080679049921,132.92591071523293,0.15054290949255567,0.2585071012980974
95709,-7.990804632424083,-7.174887843980452,3.106326606516745,1.4642162811012365,344.32181758273356,0.24709277178096123,0.25859872011187574
95710,-4.847731831341857,-8.872427420660266,1.4029665423623936,0.9642221718342499,262.23792914445,0.36713316079890124,0.25860833692171803
95711,-4.9384738574392175,-12.110085574714347,0.4092232037083148,1.3350781794436397,165.83796441132978,0.1686950423039999,0.2586704984638796
95712,-2.8348985932544126,-9.31396475897532,1.2408851139395825,0.8083546736377533,469.9872584306035,0.05271886529206071,0.25876915097939
95713,-3.44913649012537,-9.911718651164279,1.1984869883944673,2.1291239966872597,419.00547311568687,1.8466874928582158,0.2588155168130247
95714,-3.81250779437634,-9.596339165361982,0.40611029975948953,0.5860669958014721,120.83265329712412,0.9045468437964841,0.258815808839099
95715,-6.385379005482733,-8.547622457009908,3.0377099422022726,1.3000531059095155,317.8630730620348,0.8214928414931553,0.2588579762279453
95716,-3.8064264495789457,-9.041425440841108,1.8692337915829755,0.8963345742103342,466.64552356560887,0.09372651778859176,0.25894739693918273
95717,-5.023445760776907,-12.221100652243322,0.3778293318700042,0.6841817467718178,146.10048510445125,1.030655259250441,0.25900307184382704
95718,-5.8698128231254705,-10.60592422169568,0.6917365222496749,0.4888680498735508,148.88484544219213,0.42679282959437614,0.25909649967478837
95719,-7.752690436254638,-6.054683256890832,1.451591958344614,1.148854724810404,468.7181036613977,0.6096609461193756,0.2591758666079045
95720,-6.44526693905727,-8.179574437786439,3.0837283973422447,1.3804093138050018,311.3314200551244,0.8998335746138713,0.25918834184680695
95721,-8.10902032010599,-5.861670179488678,2.7765816175173605,1.8315142949260501,382.48259644838873,1.4870219682169354,0.25928911604812055
95722,-7.56939198344062,-7.1477942297332095,1.157141053965209,0.7078842445990313,145.16012278158925,0.07635886144623161,0.25929417130044463
95723,-7.379010182684137,-9.539057177885091,0.9673964389913006,2.105484102207733,416.6043813386134,1.8552805299097308,0.25933346712615024
95724,-3.776336358228363,-8.87934402129753,1.8310686046823916,7.331833117503588,358.85509050499786,0.1961645613259062,0.2593458647141686
95725,-3.0132692636112655,-12.996457036933563,0.41344114919327046,1.0770092402511278,281.31706385709106,1.6523072573168358,0.25935230059371184
95726,-3.3863470737885635,-9.178140004894,0.8960990986239392,0.9308064381503998,241.4882631859965,0.3652246960480907,0.25936464804281345
95727,-7.999708717419526,-6.141295528977909,2.9608149710429714,1.2253152290729767,281.08438643319784,0.11602606452246977,0.2593834349845624
95728,-2.6822276556769307,-12.590668147663305,0.3774175664501243,1.0960906774318502,241.69681252268091,0.4716138441831932,0.2594102798554275
95729,-6.561636630174187,-9.20186885935064,2.2179141944376806,1.818338242274003,439.9602407749214,0.3234278217323121,0.25946988549227334
95730,-2.85792359471039,-9.73162934180026,0.5492070338646823,1.2457527866484457,310.635254571519,1.6941831701138517,0.2595267515468139
95731,-8.006772800009912,-8.265520384031525,0.8862370161936265,0.9738084900124938,257.33273571280347,1.0784296464306156,0.259574919136595
95732,-6.19371209196942,-8.49944700847448,2.959557378395575,1.5641971876687997,405.73013479821867,0.48643693378869823,0.2595776221308974
95733,-2.795630161799668,-11.771293955025332,0.22930799061412943,0.7835737432812764,174.96050890903805,0.8377365345803183,0.2595825409698211
95734,-7.4189681838560135,-8.953412915198124,1.9588540040716051,2.1519867475361028,421.2320854269905,1.8918089291072357,0.25958435922452205
95735,-4.765963498371124,-12.922803808198625,0.29163213043388053,1.8931833856515692,468.2958897474636,0.5469051731140357,0.2596219318935638
95736,-4.536373644143573,-12.24805827871755,0.4292610321668148,0.9590813157714806,267.7277566253576,1.4650374943896098,0.25964683047538845
95737,-8.324919924412,-7.267826518428349,2.227627057813153,1.5484977465230385,346.1240438546094,1.1537776206844557,0.2596534826058802
95738,-5.439590239176489,-10.930103327980861,0.6254214176793829,1.8694296992002264,447.8222288486293,0.5896319761068805,0.25966939556498947
95739,-6.779844491552326,-8.61835906536163,3.006913250679013,1.0764226700948543,264.03617794574814,0.8361153622925848,0.2596706513879822
95740,-7.587445538458466,-8.641171706036946,2.1842447753095318,1.6409697575630964,468.87536751520054,0.9194492879364455,0.25968555898600937
95741,-8.239482964795478,-6.591244967064346,2.74587303721711,1.0272525196624187,268.24710146089393,1.0169778199154704,0.2597050561266572
95742,-3.767718910894086,-9.75987974859328,1.3286114883194093,5.317097379357611,591.2877545963529,0.20213726443674584,0.2598408976112295
95743,-3.5558124657404653,-10.062762753925838,1.0278702410158556,2.747163303676125,468.72882086922795,0.7682683770304068,0.25988060325679735
95744,-6.687736648909403,-7.911850178051957,2.410042289103671,1.1338147163762895,293.50081089233527,0.9900961712780649,0.2599138260259896
95745,-2.645188157416576,-10.404654116647382,0.5139014156800692,0.9252825599346313,244.29664187914534,1.2054386229061667,0.2599171453615909
95746,-3.2874116822727215,-9.190357123622778,0.9450962774722751,1.4519442464321977,325.8971652695356,0.11002459361751082,0.2599527782527837
95747,-4.858791539400239,-10.198104279653199,0.951564846390848,1.0274294565911637,181.53643165144777,0.16547722103432605,0.26002016066417094
95748,-6.691054194108776,-8.963595719389218,2.58792684389929,1.0844984284870076,259.9060519978715,0.2172277097918922,0.2600215935079546
95749,-5.204409973814171,-11.935204182496737,0.3706476664895734,1.316053109766102,467.9935234249407,0.36514468686417256,0.2600218363010619
95750,-2.804341339702841,-9.278639659910304,1.6316070356736043,1.4164405480718953,312.70705367049993,0.45586611542642164,0.26003001786542657
95751,-7.922796356309366,-5.870954426420863,2.7988335959287483,0.5025890274557772,104.37368611592687,0.04336249188968466,0.26003980784468084
95752,-4.447799291760328,-8.837061958338897,1.940863660603882,1.3313914611001496,469.47402717102557,0.21226401368844883,0.26007476627931764
95753,-6.277947446081014,-9.113010244334959,0.5416705542248599,0.9469612513594909,467.9402730939564,0.3440411528745635,0.2600838635864863
95754,-6.320864255394019,-9.831428587830745,0.34101346507867886,1.590070955333352,470.1615086673833,0.09398879013699268,0.26010512781472517
95755,-7.108366791488672,-8.365035887360818,3.1346095695285756,2.581699529592129,463.236300595758,1.6410495983442077,0.2601192872859387
95756,-4.598378124658521,-12.675985586020646,0.37910116797464427,1.1154042231620451,466.5815796139638,0.5288303555939748,0.2602233769136363
95757,-2.591674163205754,-12.592335919372276,0.5926075020132986,2.45504247618975,451.99589818593705,1.7240775278075562,0.26022341294070284
95758,-4.732569218285986,-12.666537236533012,0.3153165316901764,1.16500703754135,296.9848650677679,0.22123498722538404,0.2602302849146172
95759,-8.03280761708234,-6.195143951009554,2.9551302253053557,0.906177311811652,235.71863097728226,0.31452893315377306,0.26024211774715433
95760,-5.278185112771095,-11.464415849772672,0.24503063640782727,1.1368169840818825,468.8942714186566,0.7736610188935256,0.2602759560268348
95761,-7.354178662171937,-7.124193966707021,2.409809606517133,1.1727378850983712,247.35992207592403,0.5461560906438061,0.26028641317483
95762,-8.354848279648376,-6.217780190737618,2.3898179125254067,1.0843666998184536,468.0454711534854,0.8600680671767993,0.2603264550375878
95763,-8.527996636134876,-6.882098496205928,1.3024031819244377,0.825107188149522,178.53028241366087,0.09486662406011259,0.26035724432907437
95764,-4.135665889558018,-9.791822489674612,0.3025199569424417,1.742493363776298,352.2128182042987,0.2826425246014779,0.26041973143653036
95765,-5.743396206760021,-10.314598711238046,0.24297359729018708,0.7431962392359236,135.14077230881568,0.16467109862064966,0.2604429880059838
95766,-6.135293049434942,-9.55339780739933,1.6325665256511461,1.618172224962533,382.21865396393946,0.32372063564771825,0.2605030727137437
95767,-4.666502740990589,-12.898564796514318,0.3077807234351064,0.8051066543767558,198.58215469494885,0.198845730922538,0.26052046166798454
95768,-2.9282645550015474,-9.346849160708866,1.6633178151005705,2.483927348589625,453.67924847080604,1.5852670302646485,0.260524248584055
95769,-7.600885606488491,-7.30719091455964,0.9225378251881377,5.906561382322116,561.6453894475823,0.11570958782602236,0.2605827758590301
95770,-5.481234734653806,-10.226250680515317,0.9383544802334159,1.1360280056352878,468.33293510798876,0.5107625249144752,0.26061160080447576
95771,-4.460713566858053,-9.538786101663518,0.43211020789784427,2.17701425009982,422.69900356020054,1.6413146676433596,0.2606204634638732
95772,-5.251034600515746,-11.840734405390027,0.3599396051345331,1.7076730678259977,468.0021842875111,0.3020467633092734,0.2606886950934807
95773,-5.060306464176518,-9.384399646136956,0.5141831070175521,2.537102879083664,457.10148453507867,1.336202660237782,0.2606942892690688
95774,-8.484403682245144,-7.117614993808687,1.5775204611264,1.1307530263459245,404.34109311355496,0.04553002321481081,0.2606959872972025
95775,-2.6117195226733667,-11.441760845089814,0.47514780998334094,1.6829357704917016,427.71976726341825,0.6658585855087535,0.2607454727389788
95776,-8.468257622759628,-6.4351316634000035,0.9834253356786467,1.8045622688618137,468.29550739677995,0.5174773590599715,0.26076552903713507
95777,-4.977996202644764,-10.729407746231477,0.18967193532926543,0.5121706236580111,131.79597846965513,1.0188370327718106,0.2607802819413052
95778,-2.6924114781829633,-9.758360887436268,1.0107113280485596,1.6319708773194035,467.97768120860684,0.4521036006232855,0.26078919228101116
95779,-4.678424750678953,-12.713128146795178,0.3455275882251464,1.1270998671829158,466.25799691717435,0.09386616402284442,0.26083508078935347
95780,-5.5073410413813315,-10.756326531190314,0.6688073418098235,1.380232715908603,468.20263717058174,0.30217363786810214,0.26085377200601445
95781,-6.215778970063056,-10.74158773959329,0.4950529643539495,1.7519245785038677,414.5570911102063,0.09661120154433789,0.26087466130901416
95782,-2.77604385749372,-9.545144228408324,1.520571852857703,2.08680194482544,407.97567614921417,0.8434026555122909,0.26095879477661826
95783,-7.820540448220192,-5.079371488534956,1.9282589602179698,1.2642726977943763,303.5600446388983,0.3179892186256943,0.26097656900648786
95784,-7.958725236789343,-8.21837421959395,2.019804525661722,2.108051106176802,413.76099097113,1.4411850636574934,0.2610075740936333
95785,-2.7337640180153757,-12.89699451765834,0.2761531460800295,1.280613105043883,318.47059186888157,1.3361911044558052,0.26103802067987814
95786,-4.115636398939437,-10.60517409083024,0.7425019163527229,1.013236998622077,267.08169734657605,1.3882009420911219,0.26104856906050244
95787,-4.784405321698556,-9.929825701597654,0.26101396006073296,0.9192713608209221,238.74076690309786,1.1079642998246753,0.26105506359964326
95788,-2.6428387177048016,-10.249383136855926,0.8821681948642367,0.6154886374226012,172.77544692415813,1.1390422617718103,0.2611207734157767
95789,-6.9039920239053085,-7.7331850181567585,2.922263184529785,0.9316246086290427,467.9051270434529,0.5766685998303798,0.2611284035318973
95790,-6.776617405806955,-8.048049197724495,1.6588069017591611,2.080851093477042,400.9152968428011,0.4794497326917373,0.2611289209773941
95791,-4.12584277529681,-10.931149950097542,0.6617240457362962,0.9797790804197366,467.5562810310113,0.2665739219827943,0.2611515774233221
95792,-4.208008390238447,-9.091041390669567,1.860122323564346,4.113435169304887,562.8360170359908,0.34653643066199713,0.26125356896340496
95793,-2.8836634046502105,-10.204159142329672,0.9085936188747942,0.9194997792926533,178.68674516032826,0.42841954476468747,0.2613635526797558
95794,-8.30666752353079,-7.078159289012076,0.7755072489322898,1.1038394025976925,287.1795759495192,0.35239410968579676,0.2613829838484196
95795,-2.5985307745976636,-11.107294776226796,0.7526617055541727,0.9597249189387604,467.8162674373006,0.6076337253005741,0.2614008589929935
95796,-6.1684482439408335,-9.966830470470963,1.2287131625427323,2.377519964760534,444.51895608751516,1.7818190137813508,0.2615613970582131
95797,-6.002651916933811,-8.346872664370611,2.60970410081958,0.9805210934540113,272.9109672299177,1.210396288075116,0.26160327967181113
95798,-3.852485277416216,-8.932003930605436,1.8589009858482435,1.1424860572370787,468.26548457005697,0.2875014205784323,0.26161966150672034
95799,-6.709011590883087,-9.241064685176068,2.105620642464966,1.3972891534804996,468.03485006641944,0.5898594789516816,0.26164894284996104
95800,-8.265391220575639,-7.957864558073063,1.3024851966226239,1.446392530350213,348.3349318435508,0.42630985942869337,0.261675655528178
95801,-5.725763896475371,-9.99220392606762,1.2096514281006563,0.8012458971630796,186.35806688622378,0.05631934179535403,0.26167836365392205
95802,-7.9130743216753565,-5.036769037573732,2.3687885950311234,1.365680876552811,325.78158630759077,0.7682955165721381,0.26168473073832377
95803,-4.225037328218373,-11.392299193263286,0.5647415061652242,1.4607742509359234,468.6880432556051,0.6040529235908583,0.2617084635904471
95804,-2.679747271268119,-12.403976777670696,0.3655204372687913,0.6202607077580461,183.16285924946098,0.3779091128087648,0.26174891051625304
95805,-3.7500040836659725,-10.553732610621278,0.7593884537829249,1.0346684242166413,261.2138742933243,0.9498553439006292,0.2618088849469448
95806,-3.784884566223213,-9.90622889225446,1.1855752454891215,1.1829595752433462,468.01235731411833,0.37356507129740546,0.2618199057345245
95807,-4.559623022678588,-11.498294399273549,0.5365710855120929,1.096816213374594,289.031436628721,1.0740087204544766,0.2618251932004056
95808,-6.876325954950312,-9.435140306510617,0.5308264216393708,0.86926843739063,468.0495165595656,0.6696744464828344,0.261833027393478
95809,-5.033290860512168,-11.355112959776557,0.21084591003315947,1.1030926250344584,467.0130387209649,0.7534522197654496,0.261857519086586
95810,-7.813387989487882,-5.3083935610627275,2.1114347397242677,1.62074172613456,375.67277921176475,0.3971052480116972,0.2618616399306667
95811,-4.743048428766551,-11.18058759237399,0.18483817781889414,0.9017680074928638,163.55866408327734,0.21494058782442682,0.2618870770685929
95812,-5.585621529648974,-9.01050970570904,2.2415373769950593,1.677233583294072,394.6974050758507,0.5824324688842166,0.26193627689420806
95813,-4.774990989035048,-8.958446184667427,2.018493470312442,1.9183512806348677,468.5335041486043,0.6522415141671276,0.26199555453815593
95814,-5.867477961257474,-11.090710881825075,0.4682025106243143,1.3712154823063105,175.42967142419405,0.2021680412441933,0.2620200492614278
95815,-5.938659336641131,-9.236453182088177,2.0389302071949786,0.9666459743360992,252.99415364726565,0.8258765317882819,0.26202857056881423
95816,-3.607343269629874,-8.908250593416026,1.555204471576666,0.8225556132606481,467.91569443182067,0.020595832734954023,0.2620298504622631
95817,-6.593674277354966,-9.56606995516439,1.5902600197631809,1.6062899454429396,374.3826588380992,0.21042561413770855,0.26213228507920505
95818,-5.019166438846051,-9.256522758407822,0.6336905980394023,1.470585857255422,331.6807941209843,0.764151531530616,0.2621342506547838
95819,-6.167754430876908,-8.707389389876395,2.8150377770538535,0.5924507357832673,127.82937168248804,0.6530006356958484,0.2621831128901042
95820,-6.729897543059108,-8.388566003056068,3.209327166141936,1.8991482593632163,469.7234562540172,0.16410254012424286,0.26219455356004023
95821,-5.597390568246629,-10.785862547335768,0.6475648267141786,1.7554184819563352,416.2646541569267,0.29114005474817706,0.26222308082365825
95822,-5.848421555759718,-10.98004350046759,0.3636377549980646,1.1472298217882815,467.07701103614875,0.1228071802511872,0.2622667029608159
95823,-2.6474083899496934,-10.220582085294035,0.8794271363066692,1.8105208657329097,468.3582272657663,0.6227669649522367,0.262277257358519
95824,-4.747243315761418,-12.641763728006831,0.304423369308028,0.9873423311287435,192.09257292421643,0.08379656261752277,0.26230562084388326
95825,-4.7809842397950755,-12.289378482515549,0.39767774631338476,1.533107665341293,348.25977607720284,0.9528294412158695,0.262326341193026
95826,-4.852883539727392,-11.343110464521574,0.1949955679960191,1.1023429807975589,219.35970152619205,0.007496894391927356,0.2623563372097557
95827,-4.53132366369031,-9.852435103174335,1.2683798246388167,1.17387317341701,304.3718178694811,0.5992773554973523,0.2623669177127459
95828,-2.6032082337559057,-12.398538602461842,0.5878550272743094,1.5603500434548525,150.95028941134342,0.38088487864651643,0.2624692187227002
95829,-3.647535229418482,-9.740591689904525,1.333811820469229,1.091354976160432,467.826157228142,0.9400570985000405,0.26247215668383894
95830,-2.987178450196067,-9.177198269100536,1.7676284581082882,0.9690077493174508,467.64480289575874,0.2019159277493312,0.26247824955412874
95831,-6.258840576475612,-8.197560941654537,2.6568359291541164,1.1339873759389922,205.078301175088,0.12862554117654312,0.26248265036078516
95832,-3.6864971826454056,-11.805814918576298,0.18009346551956604,2.684802391100727,468.7934160229354,1.051299497779766,0.2625807896478729
95833,-3.330578874674747,-12.920289790868246,0.39953459244477824,1.0391070243315266,222.5690301653449,0.8994018610900154,0.2625964891420334
95834,-5.137722283465625,-10.623303051269325,0.1987930476281755,0.7989977443771874,233.3517479644126,1.4258553778726961,0.26260005532675323
95835,-4.371042282087339,-10.140169538769523,0.22191090055910054,1.3147922245259847,307.1876519927353,1.1364491972401156,0.2626387667667197
95836,-3.283301949112424,-9.060006083066177,1.8225037256810406,1.1087984420077255,254.4968462852087,0.17368161674623384,0.26265432743053263
95837,-5.498494825454215,-8.737789131611022,2.4223387084413575,1.7680278676843233,419.66727000543716,0.2796114794140996,0.26267539148696983
95838,-7.602607995525174,-7.529589742126794,0.8638939376729615,1.216703806746884,306.3977942760672,0.5302450657546531,0.262739149337228
95839,-6.898709237297524,-8.356073696695704,0.9310678376443093,1.189824960539341,305.6211776205459,1.596870478679814,0.26274583214180464
95840,-2.885638031152265,-11.976610151961362,0.2156826840058228,1.0806113725410953,288.7964641040721,0.5130097629265649,0.26274855859114454
95841,-6.944967548368641,-8.257357748731419,1.0125753558771105,1.7801108502545178,421.74374525781604,0.5508711547052281,0.2627500479135266
95842,-4.43509492839726,-8.847500661171516,1.5816498206455643,1.0685351960750942,282.85547157801784,1.3167052004296016,0.2627739105498417
95843,-6.900959711601509,-8.166097556390243,1.2596600083733467,2.636169623376519,470.07527153186305,2.1787949606324037,0.2628188117915384
95844,-2.5961564482682427,-11.516789728486433,0.680340232254727,0.7335483480465619,208.14212302535995,1.3536452580003449,0.26287747366277786
95845,-5.628701304097059,-10.28181212395584,0.8791358468265003,1.2965903562366496,464.3510103246937,0.2028868382196123,0.26295168913700906
95846,-4.849918903633905,-12.358085682507568,0.2513879666889174,1.7562916950866763,357.95241377058113,0.7208488643852622,0.2629725546861857
95847,-6.290172946823547,-10.007351355357782,1.1769929093776768,1.095083599448063,467.68361238141557,0.17253471104574114,0.26299311088397953
95848,-7.924526067380774,-6.9183554010958375,3.2225492085415155,1.8639925116432188,463.4280732898994,0.49178798949097935,0.26302426485733266
95849,-2.691503238345594,-12.759235495119,0.2957582950033527,1.6370564551927393,351.3949831629711,1.0121374494509734,0.2630290568886198
95850,-8.066773407844726,-6.269671324802243,2.9379049786656832,0.7591411206991246,467.3644841852415,0.30903361881343994,0.26307080095181484
95851,-4.878287114589472,-11.838054400711979,0.4617379138507428,1.0520889969315235,468.1093028026565,0.8635363528201552,0.263123478311754
95852,-2.982357242763766,-10.210640934114302,0.28671451057646236,1.8038776459384065,459.22292074265545,0.6478963733121672,0.26314135048588055
95853,-4.8677289250096125,-8.835743733920612,2.0658004898096274,1.7465140351072324,413.1837921788962,0.38786743654656775,0.26314423991990743
95854,-4.396390688783349,-10.130879335976788,0.974911696212217,1.907013016596431,468.58572987442915,0.6503960696753284,0.26316052667833434
95855,-6.700811272961068,-9.291092083273181,0.48495439916665606,1.7544964275868453,468.1567250207336,0.47854047620799633,0.26320325440879416
95856,-6.08065992251351,-10.674396312253048,0.41373447629786025,1.0305117350335808,269.4921649045808,1.5417987486369036,0.263216246992228
95857,-6.775713963673148,-8.10365783508133,1.5676514288262065,2.3141920846615696,204.9811514804117,0.25119419624894856,0.26322299389560716
95858,-2.7679002494521825,-11.39265139882056,0.2557146847239439,0.7683785362326674,469.69656330414796,0.23112421149488505,0.26322396802439224
95859,-5.016311611034619,-12.095845066480075,0.3200300640838642,1.534553412030111,363.0387358526622,0.5570541552504915,0.26324054502035676
95860,-3.7447880444276107,-9.111719030625805,1.183556330343524,1.2010808247251574,467.49366223867673,0.2093643103289775,0.26326606773430977
95861,-7.408010710201278,-9.070838252489178,1.744023913330781,1.453505190542494,169.1976867064015,0.38692296677374305,0.2633386387104741
95862,-2.8283918998242417,-9.58069974867841,1.4957322080152946,0.8697966846393397,469.5788178907071,0.1483299951776509,0.2633548833236146
95863,-3.4092356922761624,-12.501634300277539,0.43023945086055054,1.1275522539853298,468.1041894901797,0.18907560594036976,0.26338653345494806
95864,-5.749308554741888,-10.468901612339735,0.2527531966294184,4.331533716016767,588.8017915524301,0.8910556074657894,0.26343006779355577
95865,-2.9136970763441203,-10.13322167277518,0.9403377856331187,1.241109901560908,264.36261727355065,0.003577701876955608,0.26343912247306955
95866,-7.872275499064512,-8.063231333278267,2.471960048184977,13.478241132746016,704.4191752147241,0.08439124079567772,0.2634401841168826
95867,-8.261243477812561,-5.48293841718905,2.4533204578524153,0.9488273192377773,467.41581464009283,0.9334005401911565,0.263447617320338
95868,-6.048745686712946,-8.552355986132895,2.822251124831896,2.088249722789479,407.17584570345815,0.6515561852202403,0.26349816329879183
95869,-5.078870715063044,-9.582069884023635,0.38436317528819336,1.7050840233679838,401.1022564678453,0.18484410853405997,0.26350051796302654
95870,-7.5824521950301484,-6.592564885319029,2.0622512897472762,0.8380176881441064,175.1222202370936,0.7827565271539276,0.2635096417826321
95871,-4.419352475352225,-8.966900017743267,1.9469656005792573,0.8050884940142202,227.91399537300777,0.9360770642557048,0.26354013741612975
95872,-5.219408274710183,-9.765030385671448,0.2992529908730944,2.2580011749578737,433.2394951279776,2.0759791157358407,0.26355591014911156
95873,-2.6242280843019428,-10.78980897093508,0.7697796930541231,1.8253701368323771,436.5659751695651,0.6401153414386975,0.263566922977699
95874,-5.497534912924154,-8.900072599866956,1.1225283280345404,1.1377066376196492,228.3168881326018,0.3824897675782486,0.26363455704765215
95875,-2.9808992665408898,-9.807056441918665,1.297548698004159,1.0064282220780463,444.5968009133215,0.06553280315749355,0.26365860216011494
95876,-4.191362080787437,-11.343326469573991,0.5717128220182685,1.0371062539903884,272.95039848345016,1.4307949990040898,0.26367813303988996
95877,-4.92864922293938,-12.14485127122832,0.3908065523270504,1.2848751343171254,404.2372005823936,0.7717054753507551,0.26369150571669836
95878,-5.9570405288848605,-10.776000288650987,0.36400511952273856,6.701869562298541,670.8160253626044,0.25062438563721035,0.2636919572037447
95879,-5.188380468665997,-10.35471809826728,0.20972336252421925,1.1112387100296317,467.7172071867938,0.05636708865368156,0.2637444259038706
95880,-2.7684378786382737,-11.899156645098772,0.26644282244008355,1.055166941954379,279.5122637183983,1.221914340083882,0.2637737347334787
95881,-4.757390596801136,-8.81519516606577,1.6151871638365993,3.0979352081456466,508.4547084665489,1.8271832142431146,0.2638130306529591
95882,-6.5007470956609525,-8.344240262269206,3.155935016160359,8.855405066393793,743.7934130600366,0.2638714536412703,0.263819613261504
95883,-8.130947333694763,-6.822095082211424,2.938597027833947,0.7518578264969276,205.0097734047127,0.8688456424971411,0.26385278990260047
95884,-5.154574733262638,-8.873290568023187,1.3233847164954013,2.7427010363647297,479.0459381849391,1.9509150409112435,0.2638781888134118
95885,-7.6303562330667924,-8.992283216028694,0.7984728046102856,1.1753369105712634,299.95960692862377,1.8743164125348555,0.2638811630269463
95886,-4.758406066237672,-8.963341410990123,1.2991897620600912,7.072964627207018,712.7207822849958,0.4523759905117286,0.2639164687948714
95887,-4.944285945136562,-12.018864877610751,0.24549107740245407,3.5544258149803527,354.80501183782195,0.08794814252161043,0.26395377900288863
95888,-7.891155536267284,-7.1775539272376125,3.217207254077232,0.5643310357837914,118.18267720103292,0.8735769528262214,0.2639793653947702
95889,-2.9176641486253008,-11.090870786251589,0.6338742647397879,2.7983896348572532,479.6070814306761,1.1821301214073348,0.26398313698797576
95890,-6.98482827820417,-8.020941169322263,3.356485720851453,1.3940731060884535,332.1887800831309,0.4329401894224114,0.26399598983844685
95891,-4.474546104777709,-10.759113085132547,0.6910706629086857,1.473310301047608,467.8412837421792,0.9261559731510625,0.2640344163005561
95892,-4.762448024226437,-8.959881186645596,1.3048525880835904,1.4527132413241173,333.04350211672494,0.38034766679021725,0.2640602317827997
95893,-5.974094287239758,-10.410470105387816,0.7608603812257115,0.991750278035167,270.64352846600053,0.2668789905724793,0.2640862256695669
95894,-5.115990179985075,-8.876500871920323,2.1381289305939117,0.5537368945689078,159.11682113865993,1.1551272293016988,0.2640963196931375
95895,-6.576153837770585,-9.25050419744962,2.104464174392913,1.8174422735392304,188.49120176974307,0.20515378012220342,0.2641027317939494
95896,-4.585854431699341,-12.520987321299907,0.3801276135043199,1.8114174000757883,380.0930058410507,1.4946201224240658,0.26410416679130005
95897,-7.7869341514972685,-6.186666640208831,2.8173983640228797,1.7486202098732146,441.5487097533632,0.30022849222276893,0.2641081636303392
95898,-7.01602252193136,-9.619649332307132,0.5434762566845115,0.7116022981038216,212.74587946299008,1.2910411076045554,0.2641704612668122
95899,-2.6545903011374357,-12.46992989812314,0.3692770112819046,1.2890423060070682,288.90545391725277,0.5128570460794366,0.2641802826380104
95900,-4.116102885813349,-12.72011263665232,0.3989234304463988,0.859850076535399,467.50788390263955,0.623160314216781,0.2642089428060604
95901,-3.663264232610821,-10.264950042635613,0.8689012090672171,1.2169284973340677,467.83035140728174,0.7805386458753363,0.26426121558531596
95902,-6.850915624836832,-8.107504070563078,3.321770481245452,1.1236736258940532,468.13816799784297,0.1856607197114366,0.26427996283014055
95903,-8.08064536430767,-5.243002686732179,0.6942072915248775,0.8499992699314001,236.84172745852686,0.888347372203401,0.2643504771509151
95904,-4.6471665766400125,-8.981967475375338,1.2876074916525946,0.9027545316623138,253.67502269800738,1.6840342232815484,0.26437726355041835
95905,-5.185476763893799,-9.643048670101745,0.34764331915080704,0.9487549678206012,260.47124645662535,1.1508483679991075,0.2643916086124758
95906,-4.110621171098399,-12.037210918390906,0.4696965455087594,0.8743741477805166,216.90629561530722,0.7624734562258864,0.2643943017154839
95907,-3.2187342497645357,-9.21013193382215,1.0513303517630435,1.0871757507485713,284.0125935649734,1.3787913584647304,0.26441531099564164
95908,-7.226786898829813,-7.45442941482613,3.105457998011766,0.9637970406669742,267.17378045377734,1.4695423151752989,0.2644274870773785
95909,-6.704928423501653,-9.43194113489803,0.47124867170716195,0.8772227249381827,216.1773428866493,1.0238907123576997,0.2644307176309924
95910,-6.419442619974953,-10.32795383481325,0.4628566862445227,1.555785294583579,325.3683149415625,0.6181266237346934,0.2644737738725032
95911,-7.3900234533385305,-7.0682811432282735,2.5212471986299554,0.9424412569472297,216.14737197069624,0.22017361159957538,0.26450725811287784
95912,-3.2333576160084485,-9.262915645800886,0.7654763045289937,0.8716800455973481,217.2106481668085,0.8610944504524616,0.26451215535989697
95913,-3.5766111040609383,-10.100963625506587,0.2299597954112566,0.7908334766119186,169.9848546675302,0.15980438700379462,0.2645850622907145
95914,-7.945165907648877,-8.478574321732196,0.9458381041036505,0.7718522354378125,218.68058275287208,0.3655120065687498,0.2645986583653849
95915,-4.154663549626344,-12.98408403980073,0.3756181263480289,1.1059027005792195,256.24370070071984,0.8245004254236665,0.2646194621486716
95916,-7.212094262135003,-8.673587985120673,2.6651064104147775,1.5787023781251106,362.41801897866753,0.00473648840216967,0.26468745947275596
95917,-3.7581633774120142,-9.959602426565997,1.114582469206133,1.771453889553636,468.0426436914444,0.7605337491205599,0.2646962350746875
95918,-5.465593775777445,-9.002887039678937,0.876839171528219,1.309257609323286,323.58792567384876,1.3723074950018868,0.264772995342867
95919,-6.141386826409622,-10.399547329461601,0.3553000116780916,1.1150228853740063,291.0798001415003,1.1196265347672076,0.26478990256913376
95920,-4.320004809788872,-9.182928902965163,0.8229778660703871,0.7113097441545009,125.01714968279249,0.05062807369644773,0.2648061688939797
95921,-5.178485206790619,-8.676816812158087,1.9884393298277379,1.5293018244543481,352.7502001888239,0.3440743343841195,0.26491230631439067
95922,-2.7007273301479753,-9.781060668124688,1.061710493003502,1.8613333393435658,389.07872340833427,2.006330162325069,0.26494621417100866
95923,-5.212432756085929,-10.449116425771885,0.7872097501210074,1.0877646640148178,467.49308709547824,0.6841318283947793,0.2649470797182598
95924,-7.636479285056595,-6.39919759539497,1.9953865048184345,1.7047154544272753,402.6354668133053,0.35265878114212157,0.2649675185264725
95925,-6.3250335233993145,-8.2336357004527,1.9498803157471545,1.5485790991253303,351.26395754031336,0.289589129673983,0.26498676126707554
95926,-6.358944934739968,-9.424804230846778,1.7842004202796815,1.2372484055696074,302.4990960944911,0.7355024835119499,0.2650072794780434
95927,-6.23042030054057,-8.530860473661253,2.9422153036271452,5.456062846591091,471.2622264205849,0.00036194160899061245,0.26507599148497324
95928,-3.963765341841105,-9.370897532023077,1.6180362016328647,1.066226911983603,269.3214329554435,1.1633559001021503,0.26516550577777054
95929,-7.831324743876143,-5.009270277659018,1.771866926642573,2.5525073322046565,226.99108172989168,0.21489567276611599,0.2652217085125362
95930,-4.136026377146989,-8.893063925531155,1.7825723533663667,1.1101584516589031,289.0366526938957,0.9399756641114427,0.2652740115987506
95931,-3.261446049731436,-11.272523549549168,0.18237856462974425,1.7474598537999102,412.09967740529345,0.602388336998958,0.26528149510082855
95932,-6.922937883279206,-9.94954999640024,0.7390501834018699,1.8758618895868058,469.47846835692854,0.000581599419990475,0.26533383163478264
95933,-3.4577892549616234,-8.991763263540044,1.8092566440541276,1.76522666120429,467.65430332514944,0.2329972907175364,0.2653405918481498
95934,-5.367443817288028,-9.475287244771186,1.640720252268846,3.330137731994877,525.1713286988048,1.4504739744751305,0.2653822629143414
95935,-3.4030430238603957,-9.131317199475818,1.151302921922151,1.087406201736154,467.6737523428129,0.4880879092411403,0.2653882958615388
95936,-3.588993099372983,-9.061188148441953,1.8313934683593565,1.3973967439091846,305.9156451450437,0.012658177654716773,0.2654803057729119
95937,-3.1103834951763423,-9.254830232244908,1.7116249300331776,1.0194240279951388,269.76824290629963,1.6125482362400199,0.26552450359424973
95938,-7.78717874477511,-5.547474711982153,1.888646629676283,1.1194283906050893,468.2128007522463,0.2071717551323804,0.2655374342111786
95939,-2.885551690044786,-12.870017867705311,0.35393817409593187,0.7131918485654509,149.50979640554118,0.755340641173146,0.2655420859785899
95940,-8.197034521172046,-6.229503057870759,2.743527957007246,1.0046937287165494,275.85605730203173,0.3947804229448879,0.26554609754682745
95941,-5.889394565419252,-9.460539462530512,1.7072531411881917,0.6543319496311304,179.58190419065258,0.41468586880317115,0.2655463908743147
95942,-7.594057631120773,-7.558173231446831,0.8652587964350626,0.8749878390742466,171.76611778082068,0.15595892010653145,0.26557246417234054
95943,-6.210917186311228,-8.930894699003463,0.7088124053761954,0.9960537643510987,270.5997724050659,0.5488438634301955,0.2655807073733909
95944,-6.064703539357684,-8.419573650462908,1.742000445915041,1.0339761900832878,281.0659772513349,0.3396893583628655,0.2655915152979201
95945,-5.40273376491176,-8.610813590677132,2.0927098969458715,1.0350076591264028,278.5746253014466,1.5515856236986876,0.2656238653131176
95946,-8.236721753450144,-5.041384341599786,2.3933720850012454,1.0870327172073053,239.93544314063118,0.06310672646840043,0.2656605808421712
95947,-5.642973136241301,-10.212642581313734,0.24252538936039236,0.9039149935575964,243.41166503682422,1.1272812523155862,0.26568685417909765
95948,-4.445619796841358,-9.901997130795746,1.2010169388681677,0.8862677665552439,180.9757494291783,0.19038439892750691,0.2656936475721629
95949,-2.7121390861128125,-9.96542781495768,1.033539653437963,0.8631954259307483,467.9858736865472,0.6638901134931396,0.2657170204612289
95950,-6.235322689555664,-8.774738181992234,2.75626486824167,1.3827504027819675,327.73083547226116,1.884235563223279,0.265731415691228
95951,-4.626855680814055,-9.974907302156467,0.2583322332821656,0.9294939005532958,467.2821455206074,0.0858414187761598,0.26580841415384354
95952,-6.378963986230273,-9.050890739457367,2.4372876265619428,1.0977310914449652,467.9962348850181,0.3662347799905037,0.2658113114350165
95953,-5.398540470193137,-10.27264619640161,0.22858683360941243,1.3907092990829168,327.2042251818218,0.2116621352814736,0.26583440395559965
95954,-8.51761691567804,-6.443194235242275,1.665855558557779,1.3892017798451506,325.92513318748036,0.6094596906480936,0.2658612437556171
95955,-8.024109733889935,-8.446068591629704,1.1579104145926824,1.0896962714338805,222.97192891166114,0.2311316617662289,0.2658769710473378
95956,-4.826706984689278,-12.373753207477293,0.2947115243394227,0.8481762068697211,468.8328781905232,0.21185765029301518,0.2660286425655198
95957,-7.932386112422233,-7.9687838527928445,2.4610284366886845,2.3468967786054367,441.04272559996514,1.7084146777757274,0.2660741749769945
95958,-7.964004869541843,-5.981070935061247,2.842194118051511,1.9154044944006219,469.2324665669945,0.5935482414803506,0.2661208380748788
95959,-7.9585757959062855,-7.89548797181817,2.499918864339398,1.1549309237100214,468.1693210717631,0.493542457494061,0.2661304972017826
95960,-3.4097389259326283,-9.087171345954857,1.7953378516379856,1.8733601833820153,459.2241760016798,0.5849322601126188,0.26615363466156133
95961,-4.124906888423228,-11.95839532623708,0.1872606824986214,0.9333281369746018,175.43134768619336,0.12932471418858515,0.2661571100593434
95962,-6.334896843951501,-10.589430194366528,0.5126797145324791,2.2690882661617184,223.0496396397714,0.467815619695636,0.2662296650413006
95963,-7.357345821836116,-7.321910627137496,3.180881065353418,6.464362416684288,653.3656222617798,0.21668906384584918,0.2662557852926467
95964,-7.543913450107021,-6.9581241535192,3.1192308708737007,1.192403310902674,297.08034157084427,0.6924185573517807,0.26632720496363305
95965,-2.748639813136821,-12.102668820188596,0.4287127341008321,1.8318730831622714,467.4605790753838,0.25157605418755313,0.26639882612869964
95966,-5.7601533329164525,-8.637464110763776,2.5687257814087934,3.8407623862034725,557.0131062199827,0.8623783511055025,0.26640692588905246
95967,-6.904797248252322,-9.419471009296629,1.6718679569681876,1.1218189988307519,279.7211753045143,1.166254638066338,0.26642477353711636
95968,-8.54700576691164,-6.325897617300239,1.260319497674531,1.8185493274796218,436.67552938418254,0.4002798687279254,0.26648580548167405
95969,-8.242747354599464,-7.286056703891174,2.4640781899137347,1.691113870039279,469.7122413347984,0.1687261209079196,0.26648933370891714
95970,-7.6385461347217145,-6.914358023044192,3.2277913106039477,1.125314206555551,278.6944151671461,1.0710292586979788,0.26650463782836203
95971,-7.879219618801149,-5.271852856011729,0.8527557659328856,1.842157989908441,441.23774154518156,0.08336977404987511,0.26650706695257653
95972,-7.321683282285762,-7.8976418915453515,3.331511204601348,1.8312018566829171,451.4744287161055,0.12892138029834843,0.26660300332518433
95973,-7.42163365149243,-8.80944469921253,2.1786810683239497,1.5382463722806972,354.28636978416375,1.044594974300641,0.2666657528030519
95974,-7.3236115350917235,-7.391031644307737,3.199401254205901,1.6765648070802932,390.66080290924623,0.23305096071014209,0.2666972040627842
95975,-3.331893839739947,-10.275019446604103,0.8572022408726369,1.7078072892076364,217.65999500711303,0.10877769660030001,0.26670491976262123
95976,-4.533137046172696,-12.731513304967082,0.322465356736797,1.8582852549999882,468.1286641327238,0.4994556136011372,0.26673967954261896
95977,-5.520422329806204,-11.396044766677619,0.37542607866936173,2.477158151770134,445.2645415523545,0.8814146916666816,0.26674271430831104
95978,-7.122633015462771,-7.544960625233805,2.2050580445675476,0.8736911388687425,248.93201922776336,1.4339868775656033,0.26675059779936333
95979,-8.444891280345153,-5.772608517907014,0.9219078549857896,1.5903069038788848,468.02551071594036,0.3796079056888946,0.2667533332098885
95980,-3.2039260476341225,-9.746631190683285,0.38622185089688166,1.0847521665884927,284.08308764570063,1.4785226928647086,0.2667631715067729
95981,-4.493482605040767,-12.325968639762522,0.40402434442597274,0.933737950111936,258.8133615268826,0.9785777905836657,0.26681877167301415
95982,-3.32707710211211,-12.710592598859995,0.3993142789378952,1.236139991769994,309.9764377895443,0.6186703592921896,0.26684092702445983
95983,-7.813089908348836,-5.344540275282914,1.8666663472996214,1.7130359462309694,469.7183554114326,0.2057342790420078,0.2668463559690634
95984,-3.261573724972207,-8.963368964479212,1.7420134959376767,1.0455851439329322,282.30222895609285,0.657563444458229,0.2669171711849865
95985,-5.060146545918247,-11.261803681107521,0.22142450118710122,0.4923292662377478,126.80486805741108,0.03298995127027471,0.26701561094680965
95986,-6.773406581343083,-10.017707654901916,0.8009462324996033,1.386196340648125,329.9467570346272,0.30499379952805405,0.26705289284367795
95987,-2.83858773387062,-10.064025561404105,0.9768826265502298,1.8131885973444415,447.37006508517277,0.6148456970492502,0.2670569005509912
95988,-4.246039732239955,-12.692558781905383,0.22878277784085688,0.6254523738293413,139.7545278660622,0.23134658392985674,0.2671016756206473
95989,-4.224709361758601,-9.332608627901877,1.6654273818385965,0.6851684490469235,140.4373220471706,0.24392314936719295,0.26711377554606835
95990,-6.409868976638004,-8.741245892527417,2.8348049155326014,1.82636679356949,468.21340037613123,0.6640608435922752,0.26713379921320246
95991,-8.270666249875019,-7.199243331083402,2.4476579276421524,1.030175662351383,263.24726016743665,0.7543953034714086,0.2672187866301134
95992,-2.6488430063834256,-10.367765467001329,0.8187490737925104,0.9851002151744883,469.87861344835744,0.0743563427963787,0.26731449195293056
95993,-5.875715571358477,-8.47932201839818,1.8125159332118712,1.0840208722528308,281.7126166215291,1.2575678320901753,0.26735319878274516
95994,-3.862552469839221,-8.997524762821586,1.3959035414510899,0.5035506078326478,126.53533399083797,0.894876003949987,0.2673668628890049
95995,-8.356462026173924,-5.156706667030826,2.16591851217486,1.4576374999232058,341.9360107124939,0.9724894214866291,0.2674060871672232
95996,-7.594922954952263,-6.798260607175939,1.5825123176752907,1.1256386417845199,165.14081953939754,0.1996227494118914,0.26741104746800115
95997,-2.8197279733793623,-9.739961352175056,0.6005044165190739,1.1088071327283724,467.79695615984275,0.9406865204778532,0.2675361330740826
95998,-2.994460936084769,-12.964338128380676,0.35775586171501295,1.7294255109453966,469.8801738278006,0.16956644229178686,0.26756517573015276
95999,-2.747979916289549,-9.731570658838502,1.125200632895463,1.0107120861883996,468.1410519859849,0.8362932112864705,0.26764114293755575
96000,-7.8099480388526725,-6.404080257012138,3.0035167557651783,0.971533814916194,157.81224394334757,0.19970704615522017,0.26775619282595864
96001,-4.143703091457883,-9.124087766743278,1.1291042642208324,1.3167436697164447,291.2002864779321,0.21176022708204822,0.26780162110773964
96002,-2.7465755287089895,-9.863664806358676,1.0957225537278155,2.83789515362885,486.85993154455133,1.8086443603870377,0.26785948640246293
96003,-7.3331527188297745,-7.219034829197813,2.1980136118482,1.1084134815260462,262.2267185654375,0.523936684489553,0.26788132653510155
96004,-3.6097776180204004,-12.61221831944587,0.41479452129741035,4.913133471845467,611.6685466948509,0.28965710707899195,0.26789900419067497
96005,-3.3017431346874018,-11.346431599447277,0.5651745811156739,0.9757760337662313,195.00898829458615,1.010547040455977,0.26790788390325515
96006,-8.106664004705511,-7.508015081490172,2.608500827332111,1.348998333877986,424.74313285663493,0.11535175366122008,0.2679727076498481
96007,-4.969909282170278,-12.127229636253718,0.2699168392600381,1.8291250432570136,435.3287489699803,0.5728069861764649,0.26800319006271883
96008,-2.8877949772196168,-9.824751701635803,0.5072762221820234,1.0819079612588711,226.9131344600527,0.0822431062973239,0.2680093625188504
96009,-3.804569081855343,-9.891059475349682,1.168251474114236,1.771548049978534,468.34571213903354,0.2880795893768857,0.2680161600696825
96010,-5.35226280968466,-8.807905950600528,1.389949681149481,0.9269824604783515,156.9743083060009,0.16673641452265908,0.26803329385742414
96011,-8.49336517126282,-5.581500731752399,1.038893355415928,1.098870740390392,467.53276473185184,0.20055942633944834,0.26803468614971526
96012,-5.143658367707494,-10.37120048346851,0.8126718232492002,1.5688397520153379,364.79086572481214,0.356775095330196,0.2680657445308526
96013,-7.539060044432897,-7.597561221085678,0.9029638585362557,1.7217488541479296,407.01144736557114,0.6920205280806124,0.26810705510236593
96014,-3.2145718156888625,-12.57220076324047,0.20029084362234179,1.0502936962349783,273.4588849693593,1.0042807505757976,0.2681113327650128
96015,-4.856014375011787,-12.242914644186367,0.2971236112222778,1.8372388685377479,468.0072133532023,0.259186766079158,0.26811465920806965
96016,-8.417669984343027,-6.876666682224555,2.0664630253322627,0.7961133016554667,155.10126623663623,0.25011551865356996,0.2681322835764237
96017,-3.412102537398961,-11.347049873485108,0.5649451775028993,0.8714366616489858,467.7380849654335,0.4408203205012393,0.2681492301037285
96018,-5.9845749289242995,-10.2456597898858,0.8518802356097789,4.8073225918711175,610.1871599853865,0.5119450105837595,0.2681580738708497
96019,-7.692840744610685,-6.681610627569887,1.2024748342993155,0.9853774540223518,467.9908252549033,0.015337748964407538,0.2681804202994561
96020,-4.328315072086564,-10.338245717132144,0.20460408316126105,0.7977943043519365,236.6711616879333,1.0313203849107397,0.26818955773910647
96021,-7.929432074717319,-5.117736082453609,2.3936336243983045,0.9118059872582525,197.18820922211742,0.23396312613856374,0.2682289740701905
96022,-8.493777680743717,-5.6172500049584615,1.7493410491558676,1.694283444759621,467.6281746327994,0.16344073056565467,0.2682975764905291
96023,-3.677434540698803,-8.945096235765607,1.7205538314025604,1.9297861013094153,398.4291325365873,0.6664367275856957,0.2683117960258929
96024,-5.4391248877825324,-10.403959779564397,0.791894208110884,1.3559577273403214,329.88247877990904,0.3321145635151854,0.2683618898764933
96025,-7.862784286171251,-6.488449445586886,3.095183432440864,0.7986677509784786,344.21333689292163,0.21456041008330917,0.26836690789911494
96026,-4.3663454808607804,-11.721685185820723,0.4995631442934013,0.9849000210662736,267.3397403900439,1.2820143115821452,0.2683973021968383
96027,-3.8169394072444884,-9.424758883904165,1.5516939886451053,1.0502790294746318,466.1781615251063,0.06066221577682196,0.2684153712898291
96028,-2.630471673298496,-11.922607423211726,0.4405565321381284,1.1384097175956152,468.18649906680935,0.49396972438820885,0.2684249728223594
96029,-6.810968477011841,-8.129758813562583,1.476664428865557,0.9577620061463622,268.6082792937127,1.778398995236425,0.2684261232843636
96030,-4.3414018141653195,-12.18361569549095,0.4261882100086201,1.110296913322005,468.1015295132673,0.7315496859207391,0.26845852529361525
96031,-5.83606644943092,-10.040996890505594,0.27225040546776635,2.1577985865124734,421.8748010614936,1.8464986499452403,0.26848250574601246
96032,-7.000081979239574,-8.794121054298508,2.667624896160521,1.073254697154277,213.00796965848036,0.5196356064021304,0.26853883770641407
96033,-6.1736022265483745,-9.04076207737561,2.389244526332006,1.7289576164152267,468.04960740442993,0.34493054572135673,0.2685559969458904
96034,-5.158272352151118,-9.52693594798961,1.5598305695754118,0.5733394839225845,168.13627732017514,1.1633946343305004,0.2686032328413878
96035,-4.736852345389908,-9.059163546031876,1.1698113248095416,1.0900025241453306,468.0736665222853,0.8519354800152756,0.26863643930676273
96036,-5.784562022431812,-8.562252791324788,2.5525957329074416,2.2481296789548795,426.7772618940174,1.0020378088904094,0.2686668912997603
96037,-4.47916047329779,-9.38870390364783,0.5757904341058233,0.9652746421487327,252.77410981890162,1.3713075804382333,0.26869548387971137
96038,-4.410051181063421,-12.845827194584578,0.31299793976113965,1.0780120327546583,441.90215490462475,0.4889925553213956,0.26873589903040945
96039,-6.364999543048331,-8.374497558486357,3.050094500406241,1.0496169806745772,244.30440652553293,0.34757840368936765,0.2687712900493725
96040,-8.357796722835666,-6.209757331080531,2.3408804364555436,13.27524343738668,576.6996735046604,0.06164957692068462,0.2688209621911572
96041,-3.288723530615658,-10.301096706016112,0.8378438092149824,1.3744682223254914,208.7795667532655,0.12489063971683834,0.2688863696771348
96042,-3.06654236046805,-10.317710757831655,0.8363069507789146,1.490991016165765,380.050782538188,0.27346516185113146,0.26888823109464444
96043,-4.143215955347684,-9.1905697104784,1.7629405746288498,1.142280632445313,294.3129603136742,0.6403217528587453,0.26892940734610055
96044,-4.325562591195887,-9.424220791456037,1.5790602620868668,0.8082591446055098,215.84344899731482,0.7447027646829047,0.2689394056795392
96045,-7.03528586288119,-8.929156510584235,2.442678255416064,5.296803819502269,634.1539675236768,0.37340558266331936,0.26895316381556195
96046,-4.079454820879542,-10.127366167689225,0.9365405155555369,1.8824859541303256,467.7846616774197,0.07421686168417185,0.26897516058588694
96047,-5.665172703856286,-10.229400129923164,0.8956138697977566,1.5512482917196166,468.90652274178854,0.9191086450251307,0.2689812645595763
96048,-3.349412186858509,-9.210075517174172,0.984347638977746,1.99712297269003,390.0316314429315,0.676639631176795,0.2690064676404324
96049,-4.219517636698125,-12.346321927115627,0.20630175224694988,2.0248845491381275,405.970342394352,0.44505193458557457,0.26901134131216164
96050,-6.7920369998833845,-9.306602003666876,1.9116160966568125,1.1114761040626269,289.6701023938048,1.073716755619949,0.26904476999961213
96051,-2.6964981886648056,-10.829745859690735,0.32412649968964385,1.7791684476471816,373.74864470203636,1.1892587526753147,0.2690464300116151
96052,-4.248542372775644,-12.82525527758737,0.34523486966002076,1.7278063845762095,407.4879336540367,0.11176373100389281,0.2690512473535009
96053,-3.073844496843777,-9.698120848458352,1.3606638035181178,0.9859066565582741,468.35861276332577,0.1450288886255917,0.2690906542374408
96054,-4.546436862773938,-9.759943987391223,0.32651118297341647,3.6988020187296717,534.9256571617321,0.2332744671197391,0.26909263788257626
96055,-3.541756173299838,-9.863256803199205,1.1861301359523249,1.0774196523620954,287.24604490925844,1.125358730021099,0.26910371729638716
96056,-3.254353922553581,-8.948208732294674,1.5584840351540237,2.590843689353186,310.000002722731,0.06885751167561427,0.2691761192997776
96057,-4.070337569748257,-12.35182260989364,0.41951760055222403,1.05945519139684,212.3035801289666,0.4498252106272487,0.2692151411493485
96058,-5.5767824920826135,-8.797908342537013,2.403917475759025,0.8767173987595202,215.23070587708906,1.170538705645641,0.2692688050442589
96059,-5.672468748720431,-11.173164646555854,0.47103891884885407,1.6589203312904004,389.5134468929235,0.6123598799574621,0.2692696830868734
96060,-3.289194794903435,-10.669563812261682,0.7087804462335527,0.7970700477733421,168.48587189916196,0.11514426211846907,0.2692955031603947
96061,-3.5143499737530277,-12.367188150373549,0.1902587686612582,1.8710041575725402,468.8545079592124,0.6296879647088733,0.26933427074980865
96062,-3.6361750661766203,-9.009685841804203,1.4024581906272937,0.8412616676188089,144.64002538734275,0.10595313479407409,0.2693545528332097
96063,-8.061185661728988,-5.267309883215898,2.5676618683246355,1.8387789973741913,467.9427658963066,0.35340371627562117,0.2693586779520583
96064,-2.7113716763937976,-11.937019688010057,0.28761536454335795,1.862205195739239,445.96822154542156,0.436310220185562,0.2693726063226704
96065,-4.0570008973645075,-9.344857338832915,1.6269631780967786,1.8332582242217657,436.24907765325986,0.6395424799243319,0.2694181282468424
96066,-5.852036457124093,-10.909098383949194,0.37735352189208826,1.106028260983213,286.2778936018694,0.7801831414801947,0.26942145184737143
96067,-7.710710431059169,-7.55691067732416,3.216162408064282,1.140548662462265,254.82248165039425,0.23797289439365077,0.2694460232588113
96068,-6.619594949807114,-8.04903727060163,3.0793823589179614,0.9495665628296799,207.22596437421836,0.004811039569208475,0.26947925602097583
96069,-4.141442944522444,-9.44417780887627,1.5438096349056607,1.8701211692335644,450.978612576242,0.1735944343224558,0.2694988779552564
96070,-7.665400266146182,-8.348873396750584,2.4599300129112915,1.4061294561367113,468.6745370005022,0.6108211232293375,0.269525501880568
96071,-5.089557832365274,-10.951937118101338,0.6224168559779819,1.901618120640376,468.18929674009075,0.38222138513175086,0.26953279538067554
96072,-4.887203796287508,-9.384295004744008,0.5518814001929415,0.9770353199988001,256.93960149911345,1.029951893663319,0.2695806820797891
96073,-2.7820078632695395,-9.390083702433772,1.4374249578209959,4.373197974319852,422.9683685891873,0.008491718654791924,0.26959070627958065
96074,-5.934751265514954,-10.542423756538398,0.6861942752570565,1.044710504909529,252.08326741724227,0.10166368975554807,0.2696167065681618
96075,-3.4023193674293353,-12.916697451325472,0.38238203213276045,1.7174296845926427,467.98642302225926,0.47700561023635313,0.2696207154821029
96076,-2.634777194294924,-10.88621373990948,0.49763181183121474,1.4661939643165038,412.10577191118404,0.9284702475603135,0.2696270002709482
96077,-3.9897379432898186,-9.592057569180284,1.429832334979068,4.622785324452871,401.53424454389614,0.08325731516105694,0.26964010560038765
96078,-4.951237058331914,-8.930431568258232,2.0236249735037637,1.0305331441873045,258.0718238426945,0.142160225713301,0.269664592039017
96079,-3.680129168456199,-9.049453372211257,1.794880922245011,0.628192230040428,185.04338291472777,0.8884118972926354,0.26969340324384833
96080,-3.1145795524446784,-12.725459373738746,0.3902622363530564,1.4020292390850602,337.49182944488473,0.5122847455437114,0.2697027971615697
96081,-2.7521625096030817,-12.107996676578114,0.3757424823607077,1.7150548391178373,468.0165162925768,0.6843323304430644,0.2697130496580485
96082,-3.471075932303166,-10.014223642455622,1.0187281529602779,1.7195219303569165,403.0386455548566,0.027872922670717948,0.2697309467585306
96083,-3.302570924448375,-11.061646751709869,0.6179055825378809,2.228591039371661,415.91406668212124,0.7111627981060726,0.26973575083147827
96084,-7.536542972919401,-6.974055880838125,1.6295143373916352,1.8845761327110326,468.4821128653287,0.33330952005164516,0.2697924857028672
96085,-7.457189644630686,-6.969442660646,2.749896052288058,1.1197317197585093,224.2366878314602,0.3023617506163889,0.2698007427316953
96086,-8.36544388428141,-6.0401809580422166,0.7421686849656919,2.4474244309780606,431.0125000645868,0.5218116008757256,0.26982268987368235
96087,-7.367970696572431,-7.977473561742176,3.247550666137303,1.1677654488322533,238.4459186117452,0.024021277352572312,0.2698387742314248
96088,-3.2278756003232525,-12.79472990317843,0.3842574384486689,1.0904067666756263,233.6831473365518,0.4282977052017669,0.2698650774178036
96089,-6.325350400862864,-8.715795700720363,0.9169095416262648,0.7958910846396037,234.57876353544077,1.1135417579738336,0.2698682907714088
96090,-2.6926671387390435,-11.759124407485722,0.44416546905889914,0.6949654379193241,151.1560363978415,0.5372875822987941,0.26989887126035694
96091,-3.1567461542837876,-12.951339276804717,0.37769737008017645,1.0195864696828758,468.09263819120866,0.2398117379396929,0.2699300002147435
96092,-5.716679171984566,-10.719947563246158,0.2748812684579922,1.6245140232336415,468.90477574745876,0.8727440620984517,0.26996982145988907
96093,-7.330902908192395,-7.639006499075457,3.3453345655866973,2.500512951545454,180.8095788816844,0.4014901048268431,0.27004092088128817
96094,-6.860911458463251,-8.657184934269914,2.9061551011017195,0.8029082247341015,156.49858367490927,0.2544560039283983,0.27009375008396785
96095,-6.478737183027052,-9.846370944896009,0.4080398975395693,1.8960010186574932,393.2305661008674,1.8871679164143158,0.2701270028233398
96096,-3.29467201743239,-10.463481210533676,0.20392115350155976,0.7995631735251553,220.62494053958795,0.5660752659643729,0.2701352237038195
96097,-5.868753472918698,-9.714696116505891,0.32264120359425613,1.3874970205548753,467.97319865040976,0.6793605367378346,0.27022030158313387
96098,-8.124168666461486,-7.911333228677298,2.0119756138706344,1.6779720840795365,360.65499649965716,1.0539575905101595,0.2703362080459648
96099,-3.8687486144383554,-12.78419649567214,0.2096638991767258,0.7886305560527148,445.20275321601287,0.21536414416845595,0.27035083547677746
96100,-7.969278452008891,-7.726579420056289,2.6753376897897225,1.2056247902050603,308.6938346228074,0.563514108058472,0.2703703154888514
96101,-4.093395154040158,-11.281268103493687,0.5682001178900857,1.603757307449416,369.788458616308,0.09886476989595305,0.27053706155462454
96102,-6.534850053788986,-9.116287022967008,2.3210996960299397,1.6656627820423178,356.07841333503126,1.0330252022959874,0.27056867816563834
96103,-6.915560176885335,-9.73853181191655,1.2591906428739503,3.119267319409129,495.3809573220001,0.5756624963840791,0.27059363525044
96104,-3.5570130712095036,-8.982440701620245,1.4890204629868402,0.8639357091863511,195.6607626588016,1.0771228501275463,0.27062390569044265
96105,-3.3935947384784226,-8.988686428135775,1.732657924457031,1.714913684835643,403.3155961792119,0.17459218852138658,0.2706635448386835
96106,-4.324768521965997,-11.080262278164895,0.608059166584875,0.8807792981899658,176.74109795165958,0.11745104046551713,0.2706907477589733
96107,-4.719197212902637,-9.630408994672884,0.38833749230170056,1.3217288870706945,319.2602959114998,1.5831441415728564,0.2707147176136305
96108,-4.628881616295456,-9.048362796837731,1.2283672406259198,1.2056450249749018,465.43201528066317,0.2601205372611366,0.27072387825033206
96109,-8.163838242626298,-8.08597238479146,1.526666524583038,1.1044563723776537,254.67539253652214,0.3138553412001981,0.2707755354118865
96110,-4.708040393528059,-11.684697915726392,0.2153944248246048,1.7883033190191964,424.4274542761895,0.42257102323221396,0.2708104073847262
96111,-2.777023827095152,-10.998759861979897,0.6298489880835583,1.1205115523865843,468.33399968277905,0.7930905251325111,0.2708353211976816
96112,-6.200576582491048,-9.561658787246657,1.6015031326122295,0.9323608203159732,256.0096256549976,1.545419337061996,0.27088394072221966
96113,-5.577465812101502,-10.182902257523109,0.9396009864439803,1.0382767910665671,277.48906866723433,1.501307372020901,0.27090056473219676
96114,-2.9311452929641337,-12.722002585664493,0.3319085406848305,0.9888043815401991,468.59399906641295,0.5378318565078635,0.27090102926568915
96115,-3.375585196301225,-12.825636935697764,0.38342274750272215,1.3321181141429095,323.73874143246644,1.446713839015227,0.2709508812795425
96116,-3.4906381980651604,-12.540892173440158,0.4044333533925337,0.6443027867290765,192.76609813081666,0.8673792879904338,0.27098411720257976
96117,-8.34633336995087,-5.255243555293587,2.1770357405605347,1.6724656979514343,392.90444376109866,0.4982484112708381,0.27106989925075614
96118,-3.886477345882877,-12.008720358046055,0.4477964891195569,1.7342937033963584,367.49091114936357,1.193972433470158,0.27107857386505935
96119,-3.383717765416467,-12.47742713303954,0.4118905793608532,1.690604983641794,467.7906014973212,0.49085773070172767,0.2711056031228479
96120,-5.228841959452347,-8.731505198396817,1.6119579282777876,2.3396785140207834,425.1080880986254,0.5734459339065454,0.27116183646411296
96121,-4.397692777466351,-11.38351829353575,0.5411420849291302,1.1305474293889235,468.3972379035668,0.5353034638734897,0.2711653261988612
96122,-2.80665242914033,-10.520125060677222,0.3079897375483714,1.6991429801179372,399.1153001035952,0.5843401494359544,0.27119714588844157
96123,-6.2003503858493865,-8.664387911930195,2.8210762787310766,1.0913674137789298,328.70099041161535,0.40633094588571517,0.2712372035942849
96124,-7.382415213850619,-7.404039811763635,1.5579257854367135,0.9381870578665666,182.77671931648393,0.13413310594137062,0.27127938971930465
96125,-5.765031196185574,-8.481988264562505,2.0081613708909667,3.3816774661922544,528.2199709513798,1.3062477873738034,0.27129710739356017
96126,-5.421086817343242,-9.427541742323516,0.4641493553859956,1.8514654184499029,444.4332796696408,0.2958842484347537,0.2712993117311326
96127,-5.92807296661782,-9.59421178060745,0.355096821834692,1.0054172533778645,467.73886208332027,0.5535853916802793,0.27131854785649406
96128,-4.143978382115209,-12.235134774718784,0.42226947887824856,1.464596910925324,467.69579824169926,0.4778852968981466,0.27133326743131114
96129,-5.213343599585163,-11.556979257298545,0.41790485009892814,1.1618094106517467,302.4916597380556,0.501827338927348,0.27134096139441366
96130,-4.864756238674092,-10.590584934723294,0.19835925428562995,1.0690282839445224,284.2992324225977,0.7630448369954399,0.27135410536324844
96131,-5.404742864493032,-11.071111748225889,0.55720478724958,1.6513664095405136,468.6818174278648,0.22456500249791667,0.2713890610174705
96132,-6.850752934618027,-8.107672970928025,3.2896481414273677,1.4491196999753326,324.989644855741,0.1483409957162456,0.2714121301955789
96133,-4.363586482519382,-12.133628277038005,0.21055773594411142,0.9048152496660282,467.6763093763177,0.628454944167598,0.2714360371688755
96134,-7.618310858215692,-6.534429296021295,2.5050134809107254,1.5455049518498596,348.7983145944897,1.5757103499626792,0.27144776473714427
96135,-4.8503064001080345,-11.726424903453506,0.2426110297097649,2.504961070778128,438.7182456522959,0.4860815137986201,0.27145432227282923
96136,-7.4589135586782485,-7.598357557580185,1.0060163486989484,0.6101183360330392,136.35333896383756,0.29460208541029775,0.2714579951049846
96137,-3.0060527849745764,-12.528735649717873,0.3960888255448139,0.8474453275947821,468.2617225933206,0.3962521450992069,0.2714738546506941
96138,-7.709713496098178,-6.623525259749959,1.2170845170104094,1.9078605403071365,468.9957082782744,0.49594232656404813,0.2714872447205776
96139,-5.788074518025313,-8.881475851839962,2.4345203703347735,1.4229942733206074,330.9589401791875,0.4925990092342829,0.2715169553874863
96140,-7.389946886157794,-7.154514898938413,2.8787673943604246,1.6101725651624021,346.9722225578949,0.7050413424745017,0.27151848124119865
96141,-4.311987707675452,-9.441060419256964,0.549675826416957,1.092788011112252,173.63648987793295,0.16971517337810305,0.2715254085712348
96142,-4.944948464822529,-10.745700131031168,0.1992953175982785,1.2090050180826815,305.6141921477716,0.6830839628271681,0.2715325222451403
96143,-7.806424718886298,-7.034392718515824,3.272244036432099,0.7049635078016455,155.92149286207757,0.24136972120593292,0.2717018902614572
96144,-4.339921704914848,-11.977532048746205,0.4354988150584427,0.8992895877441089,171.32338901382712,0.12838809971503995,0.27173778430414836
96145,-3.650838634709169,-9.824345151212395,1.2212769304731061,0.7180492581114538,212.4944187975272,1.2955989427712726,0.27185156544456657
96146,-6.7994181346107325,-8.892394405524215,2.614729438402404,1.6174371547766997,373.0682069515604,0.1547167024971392,0.27192198305198045
96147,-8.432502178579584,-5.327893720982995,0.8993067940237559,2.3921092942005227,447.1681508978693,2.159963193477658,0.2719974227995985
96148,-6.407418139504449,-8.735694048316361,0.8441012282242798,1.4229199433545665,338.2844040985187,0.43586378264447223,0.27203613129535986
96149,-7.723492531801207,-8.10928478687974,2.6741933601931507,0.8420093174036766,422.3353011924523,0.24467322494080967,0.27210894849486783
96150,-6.347306321728154,-8.385809488856978,1.5560798313159792,1.0039243793241046,467.82845925604363,0.7796165306836889,0.2721172870336671
96151,-7.729962523725085,-6.859402087596137,3.230594495375421,1.7525738742856438,236.9238119655894,0.4361120875949789,0.2721603006848793
96152,-8.536080026097018,-5.4371890465204045,1.1875125975637042,1.8049080907138864,431.5061116533018,0.5354842983854686,0.27216051141960457
96153,-7.842308665147907,-7.285258474482478,3.2024161242524207,2.9265022945473858,491.042594088277,1.2005860191649047,0.27217077678055723
96154,-3.9981124575698583,-12.609139427341855,0.21334051243815524,1.1881497062222253,257.9012120633234,0.6090885541016258,0.2721733063007904
96155,-7.313757338554589,-9.50050361572335,0.8039272465873901,1.1017180788839627,468.3373423488876,0.31620086804244707,0.2721853649970377
96156,-5.8688265242836675,-10.592338490286956,0.3022856595984374,1.4434622933752042,333.6498829785555,1.2802957714914056,0.27219183336767716
96157,-6.160107861305201,-8.827697389476963,0.859157735768729,0.934798398189746,248.95992786733092,0.19731683964908964,0.2722047633575616
96158,-6.970730764080138,-8.77567921288888,0.6965209445593853,1.6902787507229713,468.7585249323151,0.750163350905404,0.2723419967291109
96159,-6.209189761663964,-8.272100020523997,2.7116974154119426,1.1996456996470657,467.46281290576445,0.33185256197627666,0.2723422682988611
96160,-5.972664367090913,-8.571196808832834,2.71985317956901,1.4187242414583676,330.16897773786883,0.40495278015639524,0.2723475837893913
96161,-4.850572559290281,-11.393302677720067,0.5147603601156443,0.6737158974483551,146.2202780777428,0.10441565892636628,0.2724161012907298
96162,-7.6557831566015055,-7.085170405918667,3.2890673828413424,1.4850258817995732,328.9152870616661,0.964791337273204,0.272451998946078
96163,-3.533932213623877,-9.202746633896233,0.9975314774667701,1.1000867220867032,468.02227158858767,0.8368901368545849,0.27251907550142773
96164,-6.946183595164352,-7.895375386603178,1.7319439000138983,1.01138943161429,467.5660080786723,0.6593344117992954,0.27261257982505405
96165,-2.9858495221289054,-11.806687785934425,0.47074058820966264,1.5787452229712529,364.4339371062003,0.6810489731317988,0.27262079989187715
96166,-8.437682089538956,-6.101218701500289,1.9960590071773556,1.3460741083526762,315.8044842697862,0.5030716348779407,0.2726569766553161
96167,-6.786088608832349,-9.965641365437188,1.042459017376192,1.6315370109091496,467.9166382595349,0.6012836886020745,0.2726655741394248
96168,-5.490879413400763,-10.438444554018282,0.7677335673326177,1.246637682840856,293.00976186150945,0.4255764843276273,0.27267165067134547
96169,-6.77960900829564,-7.972949427478087,3.165577231681821,0.6774229212260079,467.565992314003,0.416671869585163,0.27267530981710303
96170,-3.7092265537758635,-12.831333291868306,0.37387392569895594,0.8884117305880891,245.90741589656943,0.1683187834372406,0.27283888856889865
96171,-4.615129720843846,-10.528052721550322,0.1978538137821529,0.8438151054045383,255.52824024951138,0.27539411912164624,0.2728586249042153
96172,-4.579443002395385,-9.053443509515196,1.8790193163936586,0.8415781857196009,469.0324580765022,0.20779228546469497,0.27295782166418203
96173,-2.8250036370654774,-12.254818310311233,0.38752448904074127,1.3800688884368897,322.2444253605426,1.4187771506805502,0.27296409834751906
96174,-2.802403683325057,-12.654280724289112,0.30342784647038357,1.4139609523501615,321.16078430171007,0.2995846206845547,0.27299241083005593
96175,-4.542779477115362,-11.73500817597314,0.20614320700903646,1.502776396860078,468.3247399239546,0.3189083129664203,0.2730653846892857
96176,-2.75565531697484,-9.8302299061763,1.013029359145462,1.7228043375614932,405.40810441010643,0.5919757594960577,0.2730915740867619
96177,-6.5725816766822085,-8.551127356124407,3.023777545259914,1.086131005766701,467.5093995196844,0.9313036633416303,0.27310130149585443
96178,-7.191740192231748,-7.655745249820804,3.261600033771474,31.073904318521684,883.7060390892251,0.18971622200549998,0.2731333976282152
96179,-7.38852336382827,-7.189491424883296,1.9766730837086472,1.1100254884988843,255.48602933669827,0.05144800770907576,0.2732071746582255
96180,-3.435033919143703,-12.923076518088186,0.2101173441854861,2.290824625109696,435.0044200010012,1.5603595203044351,0.2732460155976101
96181,-7.762090823485236,-6.130443970380908,2.561047986325079,2.0072192605862154,393.7844331763867,0.6954275508921501,0.2732659085479727
96182,-7.595837220664775,-9.206969801083126,1.0218385821737042,1.4226112710708123,332.7098915355584,1.75726589999777,0.27328803818789066
96183,-5.324780714635269,-8.78854860156758,1.4610316553859717,0.8146156632419886,181.1254105279063,1.1368769219981667,0.27331803967043933
96184,-5.438430051363865,-8.799825550581195,1.396936650834131,1.860171096678003,468.05986160663025,0.28362793761396254,0.27332112054359026
96185,-8.296185289062468,-6.371720985212064,2.5210337216824454,0.8439977329197649,467.61031714287685,0.07009191851987495,0.27334184769517184
96186,-8.026505866055002,-8.234403412261912,1.7298009293419458,1.2504229232385218,309.7277702087285,1.5971904907978756,0.2733598490861562
96187,-5.998594339653856,-10.635770886607025,0.6286611018484346,1.7345839000898844,408.1344198563117,0.004018330035570727,0.2733945018495983
96188,-5.602229601656992,-10.359927071050297,0.793022914070482,2.906057765160387,490.0018284020081,1.2885649084760518,0.2733951255852892
96189,-3.0054922596973928,-10.255721291653984,0.2878325209668062,1.8127815749489042,468.0038980178103,0.36983393184112945,0.2734104720966222
96190,-4.482762250145771,-11.639911835765911,0.2008503410344376,1.993739716449135,400.4813148278298,1.3863370809284268,0.27343279802613674
96191,-3.9302072937307333,-8.963874481890535,1.7214572365305971,1.084599810991142,467.62748706899606,0.5651355316569857,0.2734446546091255
96192,-2.7720055350513615,-9.69083453182768,1.1355841450363566,10.865735936020368,734.3617386785155,0.19513932205597762,0.27347691606034136
96193,-3.3612631836517117,-12.839123734506316,0.3745065155654476,0.7819961097613991,201.6210863367173,0.700951381571632,0.27360988534233693
96194,-7.386400123739841,-7.22401983573217,3.011797704320071,0.5084178661278427,109.36606007811346,0.40351098018170806,0.2737252466768145
96195,-3.896964601589419,-12.794906166963811,0.3507206503827397,0.607495671449445,127.22061672604167,0.030827006962616643,0.2738350187566007
96196,-4.120648516969223,-12.269056307708539,0.406198749512544,2.0401249391058744,361.3845000347801,0.16137248056104436,0.2738570178391165
96197,-7.827701537302426,-5.651676340889589,1.3780990885081168,0.5956515556388177,114.19849467034,0.00396153166553237,0.27394401124298223
96198,-2.7829314615941723,-9.642671567851334,0.6924097794535365,1.0434864780060518,227.4583805688458,0.10684141360915955,0.274007403196434
96199,-4.256397699942168,-9.466285742198167,0.5377220342387528,1.4719942539218929,335.8023776150577,0.5898219073240352,0.27403825314569624
96200,-2.6558607978108153,-10.245195999615621,0.8141145534979448,0.7907100006999387,469.5801707781803,0.1549501813651437,0.27406283109919277
96201,-3.5708347195123213,-12.501588501371351,0.20157512003965924,1.9095907318085508,468.59206705412663,0.49434438605939324,0.2740666803656826
96202,-4.204321606083624,-11.861263587341313,0.45098721802199243,2.1766041134429863,381.22536046860716,0.15316417318349007,0.2740864378797527
96203,-3.5791068486962017,-10.165997990699022,0.8858464315005383,1.0494325248788487,250.37550137948642,0.9617429502022743,0.27408967233247655
96204,-7.35198846451125,-8.129630070849842,3.1254215171204853,1.10592694105989,467.45854053127215,0.5459677681908728,0.27409171345025923
96205,-8.018729649405866,-7.142935819049301,0.726018961685059,2.201695153834752,427.187908945794,1.8754551378225868,0.2741409677407626
96206,-3.5650451261870417,-9.909038587067442,1.120805307178121,1.1309703075963546,292.5554425576938,1.4903905435880143,0.2741687809965691
96207,-4.1560077960783754,-12.678737598583242,0.2539160884216237,0.6611142750642517,132.99115669023732,1.1396114847714918,0.2742000727379406
96208,-7.174383716411221,-8.400630291249971,3.00569361326578,1.1523081100653603,467.77308686843503,0.11368736087114772,0.27423844689205606
96209,-4.563461708852924,-12.308711794244694,0.3206793244554738,1.0410833337533743,223.83422039203907,0.09896626321660573,0.274308806684244
96210,-7.271399413273026,-9.510824940684703,0.66833166850436,1.912001518998296,395.76819015245576,0.640624248987173,0.2743245909886652
96211,-2.9578648931410214,-11.690281263506513,0.22254412838670232,1.8299142902437529,437.4909877512593,0.27587347940025975,0.2743396225153581
96212,-5.648830680764451,-10.215670614578011,0.8824398572790652,1.7673430306696698,419.4386819806781,0.10236426862976256,0.27440634427602006
96213,-7.0303313755570915,-7.968107913694583,3.318556444274393,0.8355928893910793,157.81820503079695,0.1611327076938478,0.2744603880683483
96214,-4.090689031686024,-9.939033504607494,1.0885839208327255,2.1949226532401807,202.95989697013562,0.24212591999951893,0.2744809647398283
96215,-4.616609967804876,-9.47003686237741,1.5425491111737022,1.2485555450184305,298.3170814480693,0.49998365609664663,0.27457488361408483
96216,-3.08607082423865,-9.815322978343449,1.2255927553884118,0.9335666598867074,211.59185927783372,0.03168275323790404,0.2746699258359739
96217,-5.987816200579069,-10.007912687005769,1.1498320042031795,0.9781477069218673,265.22445166409943,1.7038719221255052,0.27469223640892393
96218,-2.812613743673121,-9.547502166658685,1.141786537213979,0.8407803786712411,244.43750416212848,1.6233925460663903,0.27473078597440403
96219,-7.628099061514771,-8.117854764750955,2.8106210888046417,1.861343180348261,467.4702504444001,0.43407816712769165,0.2747721906750529
96220,-5.428697729651203,-8.833488392325973,2.257527617381143,0.9742781677637615,280.97026891733185,0.012506475016532903,0.27479479151830427
96221,-5.851431434903624,-10.970101083261955,0.45270361977732243,0.9657814177344196,266.7251245405158,1.775112733825833,0.27483520007022505
96222,-6.290805210489269,-9.439891714277916,1.7350271036253149,0.9872468031798087,468.071202569689,0.7145592961774989,0.2748475078655235
96223,-5.748952596941311,-10.187791938116678,0.9067818094793453,2.0049704867131335,404.9515668427416,1.8637748623266592,0.27488451190543883
96224,-4.450820214363191,-9.058413144980598,1.8366904031477445,1.6450904545332778,388.02634137132344,0.24597971584871292,0.27493945747131104
96225,-5.777188108463051,-9.647880431458447,1.4721321516707802,2.008529083431378,403.3842619666409,1.537019817485862,0.2749660258811064
96226,-5.622653550704521,-8.789559895304441,2.3980466794789503,1.0211766144099441,138.2795925522975,0.28366699970557985,0.27501258221964575
96227,-7.797122258242336,-5.883150025391195,1.435085906864283,1.7017595528496583,399.94157415024307,0.33770106861058125,0.27502977321966265
96228,-8.267718389264395,-7.885776012621976,1.4594712133762813,1.1071855731089322,467.3838924984226,0.34127019813780546,0.27512726263039405
96229,-4.682050097041933,-9.48751318202678,1.5213501414101511,1.0480798288331088,466.29421132678624,0.7024262381468755,0.27512802334487174
96230,-7.351857025061195,-8.844860446352794,2.2010902783815145,1.2128539170468264,308.01851492005846,1.3112590107642932,0.27522539221986725
96231,-5.334076687083601,-8.673264426296868,1.7878207360902445,2.2730417238581673,426.44943276577015,0.9973847835750904,0.2752683552303012
96232,-5.710381342546345,-9.631706878348034,1.483082865208982,0.7305291262105374,467.97389200292815,0.3313585703094537,0.27532289413393934
96233,-7.842917092661982,-5.692235086078147,1.2473417099152777,1.219941518778888,468.013169535029,0.37409586295345587,0.27533012783000077
96234,-6.275627657365532,-8.687843056655414,2.812336987599284,1.7541418547216916,467.5933284522565,0.1262163297517951,0.275353276381023
96235,-4.110743604982656,-12.435121560279917,0.2329532683248901,1.8940477422866486,467.71237715318426,0.4181968004311978,0.27541590011216305
96236,-7.512488976584053,-7.213243167065753,3.23254717998863,0.9984835417386574,263.6599124789154,0.35135164368842986,0.27543755908176293
96237,-2.7998615142333403,-9.456855772432371,1.4289548401072547,1.1590962506493792,300.48382601356485,0.8197636377959849,0.2754874796729978
96238,-5.4419447469339595,-8.935769349345396,1.149548681503489,1.6411886037805328,205.8209347231259,0.36880907661877504,0.27549337377648636
96239,-6.645399938458764,-9.124990537862221,0.5468591825188718,0.8654844219246888,468.19085094210794,0.7506144502282295,0.2755693893532109
96240,-4.806714380791099,-11.255618569427343,0.20584564090864785,1.0904080483827205,434.14754963221367,0.522895337861816,0.2756253318169258
96241,-7.618408239690677,-7.271077320347633,3.3127108648420345,1.1438060809808448,260.78586300410024,0.9296198115852627,0.2756260085561208
96242,-7.683067455964503,-7.3092374203971495,3.299144121971746,3.3215401360822074,514.8755987785569,0.2638322127881745,0.27565144761517235
96243,-2.8900384377775703,-10.594895576303642,0.2767378292873385,0.7937136276665804,171.42066377961484,0.3293101344504574,0.2756744723305137
96244,-3.576823697039142,-12.928463212506482,0.23767707844640706,1.836099926923208,440.0111572099768,0.49835759640173904,0.2756777567018406
96245,-8.363846248443602,-5.49258072317634,2.1434186247362774,1.7897284316852733,425.583645859096,0.34332597382947316,0.27571021631837744
96246,-3.0008960836193888,-9.108680931716549,1.7028049909469634,1.1108753617853184,263.38109456287384,1.4438624234444646,0.2757132802523714
96247,-7.633849963993208,-7.681256406674873,3.1944874001755847,0.7804679987170597,196.36919682160152,1.129778970380399,0.2757283417438561
96248,-7.502311020308412,-9.282127924417962,0.898970516286155,0.8691630167629008,469.73363734114895,0.08173128679125785,0.27577771845307547
96249,-7.713491367894395,-7.419726284953516,3.2512444798065396,1.1209940014657036,288.6121376293709,1.3352671437978598,0.27588642280874887
96250,-4.438384329201311,-9.901193598031433,0.28606180261430153,1.7701470664940369,377.62812394031374,1.9067534082954491,0.27599101915229585
96251,-5.091416481019772,-10.166824680303542,0.238864004671296,1.2977710150077317,320.64104292745344,0.4459339817158856,0.27602460128352735
96252,-3.7762491214713787,-12.95797108349276,0.2542719341823345,2.7558921773618814,479.20548504016176,1.666994830698374,0.27603987664629137
96253,-8.429354704376841,-6.6584079195123715,2.0143900765728406,1.3534086707265327,317.9647964373551,0.5030285951058877,0.2760682116761027
96254,-6.068689899951584,-8.366750696807792,2.055684829851315,0.8738781777408958,467.9606178485986,0.49040652995260636,0.27608482781396015
96255,-6.679514334574752,-9.54301422940832,0.48790593770434554,1.029027049530145,260.47638497216184,0.3215586339891443,0.2761285434382745
96256,-3.81417388855506,-9.55973479346978,0.4733813987173001,1.0729623347193695,286.17001429282226,1.7745132542246127,0.27616840846938245
96257,-5.193739284107663,-10.405245581208394,0.7799487815297742,0.8534880712164762,225.75705370377486,0.5473717588470324,0.27617955994345733
96258,-2.664486893122061,-9.931240256477665,0.8393682337164399,0.780888774984699,158.52300872142433,0.8137660806190725,0.2762009345254617
96259,-3.6567801335308205,-11.554254159680296,0.18893710472969474,2.23017534186596,410.66552899004,0.5117284147660977,0.27621411259729295
96260,-5.572173428120742,-9.042606414911294,2.1361005855527133,1.1894524276774043,302.7525867951563,0.5173755938735409,0.2762221594970225
96261,-3.1633972676764532,-12.717898482352442,0.25610307997748266,1.482838800618491,469.49378855109717,0.013319736967206453,0.27622263665900376
96262,-3.1637217649070237,-10.01574264002494,0.9893551375225902,1.8236551512850694,437.0010108729666,0.602176526362018,0.2762263737814379
96263,-4.400149111836723,-12.72186619246667,0.2645418188205895,1.0959829761018016,283.65782833582136,1.5082042780506848,0.2762753315984472
96264,-8.237992406443675,-5.271521438616004,2.3973416718197518,1.2604217865566196,152.7660974967769,0.4029638382234664,0.27629979731833465
96265,-7.736008947570534,-7.974041163661631,2.7999388605436235,1.3917981765408225,310.8903940349795,0.06451114598233687,0.2763102285440259
96266,-3.4461772019357984,-9.117972490920854,1.277369718750085,0.8624749420671108,217.66873757693097,0.9572816250653959,0.2763491644996365
96267,-7.0388044937200345,-8.183103378962706,1.0432778525413415,1.061116820296006,267.06348921152056,0.45502017859326305,0.27635382834007544
96268,-3.14073795265635,-12.238447382156613,0.4108138109281063,1.524344930992804,345.1184600489178,1.504629418945778,0.2763756267379483
96269,-7.563821165694304,-8.810980149592783,1.8860827965051343,1.2996580992462676,468.28885403987914,0.3976359310161932,0.27638447568595426
96270,-6.937545951505895,-7.755436698279302,2.2991263771984616,1.5993347924965315,468.2372558237356,0.10539368659982529,0.2763962091346433
96271,-6.196547695389679,-9.504023312317498,0.3927550399110058,0.6832979350342897,146.66146729380426,0.04725837603348282,0.27642875989079435
96272,-3.710171563090894,-9.286305854892918,1.6263819207622778,0.9304097758928906,258.71475817475937,1.524408418629017,0.27651866687697507
96273,-6.546519042607072,-10.26030835266216,0.5046814138811319,1.9201479565861055,361.2373541528007,0.4360008242616127,0.2765257552265884
96274,-2.984116536334681,-11.722401723343014,0.2235958438459108,1.08301270929971,280.33857435137793,1.6263762208558417,0.2765274086631529
96275,-6.984678657758085,-8.65158453278087,2.8331285705088067,1.1739070758690595,300.47033663907104,1.0500740576198977,0.27653697764999524
96276,-3.3308080133834004,-12.6394310562016,0.371024888626459,0.9035250781350974,468.3409404820313,0.5139869150530973,0.27653820068569546
96277,-5.477668088901168,-10.083822433944942,1.0202405276240847,1.1799240012669006,299.55741358522357,0.9828180065175856,0.2765711764821893
96278,-8.076966005893292,-5.753264646355576,2.6706307061455177,1.0561574927502837,285.7509072395732,1.0510733878405967,0.27657577161170743
96279,-7.919447754449626,-8.15691133529156,2.168578130906044,0.7097003582158292,196.32904988678902,0.8091360747940204,0.27657834797643494
96280,-6.302058936981061,-8.216279612933619,2.724721270366267,1.0125406012518208,223.89334727633266,0.07102517174782452,0.2766045086388083
96281,-5.6476435703850205,-9.365364662263458,1.7527170764807,0.720955055106195,139.7463362745294,0.22182547897539528,0.2768410556837935
96282,-3.7754216277556853,-9.08564714358302,1.294134108772129,0.9708207135623295,261.6725396542501,0.6432471894372389,0.27685685985066555
96283,-6.585203502715971,-9.310838734789478,1.9260693639002617,1.0575850448318522,467.325175624364,0.6834057740650872,0.276872205442049
96284,-5.891682195271899,-9.203989590031691,2.013257017584905,1.2199355355439216,268.0136164124204,0.9998764234373505,0.27688918264485257
96285,-8.527435442277376,-5.762648209138913,1.1800754187157891,1.136751791491345,466.73594931214836,0.19271386271115176,0.2769007643478119
96286,-4.265254327297052,-12.376574165436244,0.24738635953583793,1.7915757859930246,468.0787454648906,0.7187539285041051,0.2769261131613883
96287,-7.905704866178439,-8.07984201488407,2.322741270699964,1.8880959888899034,456.6771377988942,0.13213903812495875,0.2769859173795658
96288,-5.860199235257402,-10.070366936422186,0.28706561034652706,8.006301577213032,742.1214267768383,0.4035632185832787,0.2770631566427982
96289,-7.391382948602074,-7.821460244398417,0.9526638862086134,1.7935199685578234,468.5694151224708,0.8518481864604368,0.27707896891403605
96290,-5.103767634718015,-9.010866750575657,1.9886508593738172,0.9847422107466426,259.9090243810678,0.857965758168409,0.2770848714052658
96291,-4.021056992110058,-12.588393095096357,0.34187032779457305,5.516880624330587,650.0210444698574,0.7175029422087382,0.2771680833198628
96292,-5.978039960912125,-9.130279133935986,2.1478888151599302,1.4734410093538355,467.76327537937493,0.08938363784227565,0.2771695218722689
96293,-7.4846733092938,-6.999094222990986,1.9035317664982265,1.122730478588808,467.21047167210287,0.10501823950587852,0.27725405147169035
96294,-5.19939019154189,-9.050231604246267,0.9987975285014071,1.7933541194270761,468.02006969592793,0.31447693441703795,0.2772823571396699
96295,-5.827207934579168,-8.671479666633342,2.5629873996827057,0.7648794291972674,153.93255125791745,1.0136651880245635,0.2773447287807602
96296,-5.255020399322887,-9.020479109562846,2.0464648898248368,1.1453926456860521,173.78218298342279,0.4312550023664947,0.2773680726290925
96297,-3.2870517378501027,-10.039431701250683,0.9688612926826725,1.1246248247283073,292.19581266598243,1.6217190320346067,0.2774206078585115
96298,-3.054311256730733,-10.108446316706615,0.9036898024105956,3.8281551674124796,545.287559000462,0.4387417689526325,0.27744806910516756
96299,-5.480658434895041,-9.916667681029303,1.2140553152347004,1.1493352348137547,237.727411245296,0.15586889352951605,0.27745209648326913
96300,-5.008864064058265,-11.564866776222999,0.42852030036008015,5.023373087899658,381.21304520926293,0.1037074829927791,0.27745349591026436
96301,-8.162445188607022,-7.513625504586443,0.7678030668856857,0.9778288128008629,190.53558442600425,0.08367638220921858,0.2775188287681759
96302,-2.8549261066266993,-11.55202730247331,0.4668166915197218,1.7060928224289238,187.4454225687637,0.2667283627306505,0.27754320058535464
96303,-4.421281967108065,-10.67931059552345,0.19429769427114552,0.8443997208401957,179.00503398664355,0.05849562820479992,0.27764168716597554
96304,-5.87798314362278,-8.444722714950142,2.270588380204646,0.6395106211734464,192.68261757741416,0.6541485167515706,0.2777655959671441
96305,-3.0639704292186174,-9.82577481568569,1.179130605557536,1.4658533048872249,337.82553351151654,1.5078800488207404,0.2777901528694249
96306,-6.070119371618382,-8.74693245880015,1.12611309267803,0.636381880584481,131.6680211874861,0.03436131446659374,0.2778375182061364
96307,-6.145272335668537,-8.799722200472198,2.6485287756258917,2.9348155465622123,487.4195540301688,0.8723644533886263,0.277864318984452
96308,-7.391427046329437,-8.169053593693324,3.0401210333463995,1.8250645316311116,468.39320451030375,0.2886485856020231,0.2778750425167851
96309,-3.0356899250026457,-12.001661690712295,0.4270156782450428,1.0677469800776587,296.4993155044407,0.5525934353889186,0.2778809460339187
96310,-8.01990383904506,-5.6157822480365125,0.7353481459129817,0.9226574942596872,234.58276710403976,0.7874758867096228,0.27789081806346194
96311,-2.8318155863484717,-11.519903590777046,0.5073645330958954,0.9487248035624769,468.16603144852763,0.3146110544244669,0.27789581382364303
96312,-4.169986657833737,-12.252119555913282,0.3886127345622646,1.3537286945734976,313.6293667527315,1.1508218588184747,0.2779040969153827
96313,-5.427481200694108,-8.943006493311191,2.1736813410594737,2.4855031731457173,445.6493135326706,0.5961805950215124,0.2779076702653356
96314,-6.7949915992831,-8.219841313682933,3.2304816877546307,17.615258146845477,843.0088553075565,0.24518463879821706,0.2779148040752865
96315,-3.8416802861961994,-9.101433056085007,1.7273027615050733,1.8532147348948984,467.4887076514884,0.603859148959704,0.27792011002335554
96316,-6.680076401063619,-8.147312296362168,3.179787802797018,2.323197481768168,174.74901180852285,0.3925185320930602,0.27799236151592727
96317,-8.45787777726211,-6.125502236292562,1.884703035162678,2.507914931685472,438.4742686367371,0.45175192194945435,0.2779978544657883
96318,-6.504454378346883,-9.045530904925988,2.4082392826878025,18.583661730336992,539.2607349631343,0.14369538662706827,0.27800266526509754
96319,-3.8380640167677402,-12.61113429378643,0.3408992012710444,1.2458404872781836,311.6013640757522,0.5628394193529127,0.27801497892514704
96320,-7.555320815103414,-7.5666050065250685,3.291210222050746,0.7934573587905607,162.82165584531657,0.23238469266871942,0.27804472860965523
96321,-3.1331840393624493,-9.425245734090316,1.526730030418174,0.9954012462182953,467.9804683951702,0.015064672524442102,0.2780659094551196
96322,-3.5326219718553817,-11.397323752645464,0.5335430971770535,1.2332370136271391,308.6404925958204,0.933806944201871,0.2780831540414077
96323,-2.6905299934874947,-9.766676325770074,0.7276899218876778,1.5757181582693207,468.3533210835739,0.14185028729508975,0.27810535200587283
96324,-5.3362326227137,-11.167999954213668,0.5147824289131536,1.0647271179751037,454.7795475717344,0.03232027047851638,0.278164661832669
96325,-4.553874286180766,-9.218226739003661,0.7633183617535083,0.8590894970337527,199.86782545436148,0.2693971665032384,0.27821626162641855
96326,-7.624704036844801,-7.238235811144769,3.2891315696060723,4.240276192447536,251.45114840738847,0.3693853020561111,0.27821965950403305
96327,-3.5655142034429606,-12.614709028486065,0.36820947450692193,0.9493963444916452,192.8882125658917,0.9164798423512872,0.27822855075501285
96328,-3.2932858787431005,-9.12341826854363,1.705478486318471,1.8392687972294917,468.1874241372441,0.038572198166463956,0.27827994128256733
96329,-7.347573310442145,-7.23187341606828,2.7693202781909654,0.7856021644490183,187.75598023249407,0.08993337078457753,0.27834646287197606
96330,-3.9728593340910523,-10.308236836716867,0.8156208888658116,0.5388808672040942,138.88377815664296,0.7332078778472537,0.278380592295764
96331,-5.349216810385972,-8.888903024862675,2.1711248802912575,0.8096145873728513,239.43001807223263,0.7375621205261149,0.27845414688351416
96332,-4.600313824792592,-11.638766373424957,0.4632971118632199,1.7986492551477584,467.7517408248642,0.48446396451978035,0.2784952651196225
96333,-2.6213250927638665,-10.620531652783463,0.7100772379466119,4.116981791361382,575.3529502580633,0.8739354349808464,0.27850095337231273
96334,-5.425637660479687,-9.576198249474338,1.4985586041313967,0.995257097893363,468.0053487443404,0.6421689461310658,0.278619505870891
96335,-3.6975266297844094,-9.244242438769891,0.8988086187299384,2.536432298126132,460.9797711074577,2.182173279091434,0.27864771309520303
96336,-6.197402365016861,-8.374237879397484,2.8304987194609597,1.6567699403988165,387.8361646555572,0.0460767526500927,0.2786535146241619
96337,-3.9453428947714517,-9.34295268459094,0.6724082409121283,0.7179084417527418,208.1160709822665,0.9871630096687927,0.2786944079774207
96338,-3.3503816579036316,-12.2479550740368,0.41027095621580234,1.0918579681784284,468.09221360766446,0.7264869044514617,0.27873600936257503
96339,-3.9277391379989277,-11.927977145040122,0.438528698641299,1.5229624054535402,381.88165232151596,0.38846527238367035,0.2787511837749149
96340,-3.369596691667775,-11.28486446274369,0.5526740391052428,0.8851364553233586,195.34601379722497,0.008667528377123368,0.2787686854290462
96341,-3.6922867048027346,-9.136209686800111,1.2454072369170814,1.622110801501736,469.76752156760983,0.2399259188434799,0.278791355788686
96342,-4.319059595079344,-10.250931498806718,0.8379935531242028,1.14812719457576,297.3040652387047,0.5603798884726254,0.27881350390252163
96343,-3.6024128232290664,-12.00135178948802,0.4339883444767498,1.0950913594943965,467.1136837149395,0.9300937378657297,0.2788328570557575
96344,-7.1788044144514025,-8.024433456170678,3.2830229236233643,1.8922872664589054,470.4580367077352,0.22299224670592022,0.27885993856019586
96345,-5.162527859797483,-9.158271408117457,1.8827388471867437,0.5578655670188073,120.82482106765286,1.0741414455858669,0.2788671147780103
96346,-4.519755669258897,-8.891416347680398,1.6605000870411208,1.3413913875236119,276.28874263889503,0.07314717709686303,0.2789091006058116
96347,-3.2605758642032647,-10.73224384836714,0.20043413331748056,2.81817992521223,485.358341925877,1.884914487662079,0.27891574297179006
96348,-5.464772751274973,-8.650962584367186,1.8147042147276091,0.7794240990147031,155.83337693140618,0.18216531483619836,0.27896457452046813
96349,-2.917939698777822,-12.653395004439535,0.27894593666587086,1.7079721973867834,467.57312694220894,0.1590573842730425,0.27903617599514435
96350,-6.90564699928512,-9.908431530704833,0.7681016656982894,0.8617885282156799,219.8960160072746,0.5376181205420121,0.27903813171688346
96351,-4.332056615057674,-11.107671676789806,0.5830257817000368,1.9114891692160163,469.088148320205,0.5958026967348271,0.2790687750223574
96352,-5.990598630870496,-8.38902452387908,2.3094426014274565,1.019268840932801,276.52308270217605,1.4342795015687484,0.27907459616176766
96353,-3.7740009750782697,-9.553931628941193,1.4195318420618799,1.1156598714521841,467.994162268911,0.07675750280635096,0.2790839875193283
96354,-4.1119199875796,-9.258082627717666,0.7959597445025559,1.6101321037066336,357.4599148448253,1.8293153441186263,0.2790840141378866
96355,-6.73183031335069,-8.735006379047324,2.8126598179702755,1.1941619546264721,230.7635445062844,0.0224489011241511,0.2790937741042514
96356,-6.8081872305341005,-8.379482182283002,1.0483948226991353,1.3426409286333583,468.263741011049,0.2639563076654703,0.2791942116395726
96357,-7.204874977920434,-7.446479617659729,2.7470247385055457,1.123141944009407,261.0291009918202,0.1619017459992529,0.27920089562647976
96358,-7.080528905727186,-8.131105999325648,1.0814143142091612,1.1729899733704086,271.4956869436642,0.22827085602063857,0.2792547883734645
96359,-5.388425233210561,-8.662246305836428,1.961431328646568,1.7893730756331139,455.24621077755353,0.63589974533215,0.27929392365284245
96360,-3.281942867323923,-9.030110927293565,1.6466959580369551,1.1839711870892924,241.67405963314368,0.8501017060138647,0.27932953843964586
96361,-4.004952575438652,-12.464058947425823,0.349436256391779,1.174705059997678,302.6720798411746,0.6668794310182315,0.2793404269396458
96362,-3.6701543447534046,-9.585921474326403,0.4582062736158558,0.9217768036834987,468.03121634825953,0.790554248809741,0.27934508845235456
96363,-4.91723264585892,-9.123459427709768,1.8604296332725971,3.6341701438991887,545.072051401919,1.0826301690434867,0.2794165278419582
96364,-4.703019139268452,-12.00271338338623,0.33767277714628724,1.1530432399335053,294.67940036424113,1.085124477286458,0.27942639260395735
96365,-3.50717345984172,-12.776663414237802,0.24443055892049648,0.9935199183048303,267.8208990190357,0.6992578021307763,0.2794453951127904
96366,-8.406580505557907,-5.7397389617951005,2.0348313741817026,1.536203696739021,467.929405852997,0.647042678080032,0.27946398061618694
96367,-4.716729659027341,-9.105934252989243,1.1565753126590415,0.9755139162986007,259.4729996558319,1.6450059919674809,0.27946999558401897
96368,-3.106387623726331,-9.079543665668318,1.4258432115436501,1.0441351604677636,468.1617397016485,0.02657691515613525,0.2794824360869873
96369,-5.015974471427117,-10.155389321015424,0.8951029171781032,3.627568004136938,541.2487794118732,0.8052854337480495,0.27949089734158356
96370,-3.097883299223315,-12.25786258619877,0.39435721892247144,1.601907931332699,371.4311330290023,0.23428809679687568,0.2795751227101873
96371,-5.055681140614556,-10.883961737661691,0.6214069943291408,0.8600496741016227,467.54885922301526,0.474637402773479,0.2795997027925269
96372,-5.553178739208832,-9.922363974900367,1.2118779629012566,1.8492737100443812,468.33412524359255,0.5113450697989057,0.27965910493897
96373,-4.041488788896958,-12.169323861343587,0.21523091211455914,0.7518805121272252,183.24369260942998,0.6836310668478207,0.2796729154682538
96374,-7.766781594719673,-6.480499295486136,2.9535722943078824,1.0364184238123144,273.14679656627914,1.4018232748423562,0.2796844241775065
96375,-5.748296159168077,-8.523758037395323,2.3125632377333423,1.908713416119104,468.5695036944443,0.650967393086705,0.27970713837983363
96376,-5.5574370004848985,-9.399168362146709,0.4915780310470388,2.8700668636562394,482.5001593278094,0.8650861633997495,0.2797190477739829
96377,-5.430357858749902,-11.28543852773218,0.43983469915213247,0.8645709473865961,469.5660540921949,0.17932006844496406,0.27973086425516863
96378,-4.740583110593065,-11.948398248874467,0.2540614199696751,1.4484498889372572,320.21235963155414,0.008633563535226152,0.2797405727963855
96379,-3.00883203842395,-9.489635421985575,1.4808543321071614,1.7233072654161135,442.0881148696994,0.10829320028958378,0.2797724876267183
96380,-3.6982143334924213,-12.348631634701126,0.2124533298261246,1.5050905901805585,468.74547939971796,0.8377619282024451,0.27987668348290007
96381,-4.170749987224798,-9.315071908115263,1.6131352004586954,1.0842750088100956,287.4538662594086,1.1133449936815465,0.2799018534763649
96382,-6.536694891551247,-8.111185830076696,2.956761783492698,1.2088883977512324,467.05528544892843,0.2925236653819363,0.27990612351064303
96383,-2.8581699280419848,-9.479084037150276,1.4627477062371488,0.9551339757854574,251.4808412408465,0.6312135213796255,0.2799264503127806
96384,-3.7606019176661745,-12.321500986107331,0.21858043878583772,1.8189853590946665,432.2134754012687,0.568157078854612,0.2799547850902883
96385,-3.1518599587868215,-9.053884380035555,1.6608998270247086,0.7206170930794061,192.4792123852847,0.7024056881597511,0.2799621194744735
96386,-4.610662906943801,-9.332835880507751,1.6452426010502335,0.974049921052923,467.71618116643685,0.21649365291737155,0.2800152627895967
96387,-5.749638507111686,-10.756612029251063,0.33100829984094887,0.915880957528236,260.1582666959013,1.4321258881326848,0.2800777710228028
96388,-5.444233426695828,-9.729407792290862,1.3649011545838812,0.7313338118601663,194.1677132815306,0.9839736694091403,0.28019797332607255
96389,-2.9505114800506114,-11.312902010509124,0.5459457882524177,1.090468797414959,443.0213133681871,0.32377635236182645,0.2802383166381111
96390,-3.788315401012616,-12.673052632220928,0.31895004146747286,1.9057151481580767,393.5708435649158,1.8674758029060845,0.2802875536945672
96391,-4.365026134228911,-9.633067091210332,1.378382275654878,0.896032754714309,468.19037300155395,0.4208662999669448,0.28029714671517936
96392,-5.472137291066747,-8.64983868912394,2.1671452856638274,0.9159318297540829,235.9645261590475,0.286810391043665,0.2802987499223315
96393,-7.415825378297818,-9.250346054895182,0.6804352919102922,7.366575840598005,249.4244063560062,0.3846630382253933,0.28030635273215543
96394,-3.1941697374107028,-9.115308136088707,1.6766717927683148,1.5407122629152066,344.01983157178915,0.673080348667134,0.2803434574235887
96395,-2.6940658782346416,-10.596307523369061,0.4345276903341868,4.462314956228443,593.9227222908489,0.6955398393602907,0.28035655365296586
96396,-3.755455397783649,-10.032102774497917,0.9477641346625572,0.8813763056304418,192.8886135226422,1.0087030007563014,0.28036229320246436
96397,-5.551326207987431,-9.712945292626523,0.3379706310554262,1.1753932645816851,304.5607709516862,0.35560905395165054,0.28036811401625716
96398,-5.456577050968318,-9.025462944719873,2.0935786424163085,0.941431650377594,449.02145910580805,0.5214235281401765,0.2803847846389052
96399,-7.909473435115562,-8.617596535258883,1.2972388718156729,0.6782477436790357,467.54448846701996,0.4065758388462646,0.28042847151172423
96400,-6.080751822080764,-9.050103779350003,2.2993865613066844,0.8767651501530422,401.24784120115896,0.21062559469459785,0.2804558674623852
96401,-3.79200118731816,-9.911172427630351,1.067052148108859,1.2343855110616093,301.0215305643995,1.1878811609988906,0.28048280221803806
96402,-3.050521449132786,-11.696884240972059,0.48169054574337283,1.234180700255526,469.87556702245354,0.10548827362845259,0.28048658102854546
96403,-3.4182489440355006,-11.633542240494682,0.49920008052277426,1.865165772113901,467.98265823663775,0.36006065789831165,0.2805449285158767
96404,-4.917552858055338,-10.67821418864417,0.20791607232146977,1.0915578079098482,466.8248714909313,0.6771148974196413,0.2805868486784075
96405,-7.226637122426246,-9.546135365009802,0.6452470627909836,1.0242159775200514,272.3833671604789,1.6199690298015543,0.2806026041318519
96406,-4.781574866749586,-8.898184845142314,1.892801201896086,4.011489914834952,558.3215775809988,0.38383830462332025,0.28064101813867076
96407,-8.267359714842218,-6.381785826557054,2.5635159115816877,1.3246649888414903,282.905656367937,0.22766406338775713,0.2806464373854928
96408,-7.5444568564529195,-8.61819120027623,2.2351324473532115,1.40085914027157,327.97261307133135,1.4126429121378772,0.2807314462007539
96409,-5.130457412911822,-8.783687080960924,1.6462741543627113,1.0763576860366966,289.089971409154,1.0802493523071446,0.2807583605843058
96410,-3.5902939319709493,-12.541246542148825,0.34306831710990643,0.6404232507594878,134.30923078189448,0.02476625298436641,0.28077725874794085
96411,-2.81404965904421,-9.70653405978269,0.9798207597505527,0.8258364939767973,210.79855970385847,0.575692420338318,0.28080780271227884
96412,-4.39033540229752,-11.774933692126343,0.22543376476192592,0.7164514090631894,448.43609847700986,0.35432823024227567,0.2808354379662014
96413,-5.395572227790028,-8.84161517055848,1.3565617582497715,1.2238587144752286,304.6063943161274,0.21046402906974837,0.2809093775150888
96414,-8.231724520399425,-6.995287718189741,0.7276193274662142,1.667479625011475,468.07032499585824,0.7140658467274061,0.28094185465692906
96415,-2.908762408827754,-12.200238347281102,0.2730084381687591,2.6467232343038067,281.18386153966816,0.4924379836291193,0.2809685156587832
96416,-6.147622084142894,-8.403033134539413,2.7700510451510234,0.8792628484260483,208.81106032802154,1.1932148404517635,0.281004436090116
96417,-4.889264022937474,-11.614414108000593,0.41839448188563555,1.8754512130494443,468.4059333013464,0.5379792303454467,0.281011641167749
96418,-7.359017293457373,-7.769507086913652,1.07918222026871,1.6196040323095313,395.16305432802227,0.1463666889656432,0.28101958402026805
96419,-7.537943263858551,-6.935940722296977,2.93655669743973,1.4274693574851884,468.2061028256214,0.5871494843536,0.281042139466479
96420,-4.453620364304332,-9.326543809193977,1.6367860426678351,1.463431936694914,327.94211292362337,0.28846002638648205,0.281090539166877
96421,-2.940362904429609,-11.548193616080184,0.4808345589831073,1.8555402619742414,450.3828177449294,0.5111611210328588,0.2811250344953131
96422,-7.6620700952756025,-6.761331663712637,3.032404840759804,0.9272778534546203,238.05620945687056,1.4169384431971839,0.2812490740240568
96423,-4.1357459010576445,-9.158464372269984,1.710461102138557,1.1290996610399178,291.53320730555754,1.1053821997965683,0.2812955437823572
96424,-2.829900301533957,-9.649683958952915,1.1004712314099006,12.483543274109262,349.48359223537244,0.3374255599664542,0.2813031306640546
96425,-3.4497376185414366,-9.475811508445926,0.5655800187198624,0.7742069763564239,200.68783332121063,0.8381468243932124,0.28131675308775095
96426,-4.123659974899878,-9.21667293268945,1.0784182617136124,2.613665643075344,467.7572036890545,2.045339311339048,0.28132839298667245
96427,-5.242557208697944,-11.36633814633937,0.43799558576007463,1.1224893310353048,292.07660950563076,1.693253971767768,0.2813640781939409
96428,-3.783022719477211,-10.038400076856156,0.2651391900944642,1.3487015717796944,299.743931028631,0.748944783889117,0.2813854702406251
96429,-5.295714112316951,-9.340747690079604,1.7208681625328235,4.045346247665696,230.72192306053122,0.32613990241211255,0.28141196136506763
96430,-3.491099148770962,-12.357982495077701,0.38502453565237416,2.958857727235089,496.512697874282,1.6273240394318487,0.2814190997234727
96431,-4.0487644641458616,-12.749584659583007,0.2995693484550517,1.8856562518490185,461.601659776111,0.3992844764262742,0.28144413308628713
96432,-7.658103206608456,-8.387423353528018,2.3782648905472183,1.1422665770755562,292.96770179069375,0.5177444310181931,0.28147786015666565
96433,-5.302714629203452,-8.81522283263314,1.454918605959338,1.3620222039996024,300.0973355537063,0.4205784362359326,0.2814942349834981
96434,-2.6781114654787688,-9.861336073156487,0.7956839677857451,0.9254270996437268,467.2442005812359,0.6235786360900741,0.2814983353831432
96435,-7.800030014532194,-6.13516985956116,1.2787688175180312,1.1717730002836895,256.7556833460177,0.6836083809747144,0.2815132926706841
96436,-7.862110822595756,-5.318512499847323,1.4187018876779156,1.7761134822632585,423.09692692902155,0.4610792803491135,0.28151522860081907
96437,-7.0044236637184465,-7.78756506519932,3.1226914724204007,1.1020163382672195,467.9438178713115,0.11361799626828084,0.2815327113062074
96438,-4.444558324100542,-8.959054290073805,1.772295074553697,6.542368426775329,686.1385338759625,0.3105045630300829,0.28153693651445943
96439,-5.534079290866242,-9.900384487028006,1.2273174000676876,1.0375792745959203,147.88527226208134,0.24363535815283743,0.2815635987110128
96440,-8.494727443541326,-6.670443764057627,1.6636396058923253,0.7469190419275262,213.12280999238405,0.88326969864569,0.2815918390295807
96441,-4.562693751047356,-8.947455299661922,1.8596867117800766,1.263425299114301,288.3943376920705,0.12263873937317182,0.28160417042935065
96442,-3.730492020075598,-12.287626807768536,0.39047913273747054,1.1243858347395774,290.96315763531425,0.24073272128850398,0.28164597260899527
96443,-4.7718014951449135,-8.989508426373487,1.9114242941393276,3.535398642055554,535.833324776253,0.8809177494085025,0.28165167156680593
96444,-5.563924921564344,-9.156617946078006,1.9626417361330357,0.8610021513145288,175.94955977878033,0.3530309332170791,0.28171847806195766
96445,-3.9504196138262007,-12.413382964993737,0.2495546165331928,0.9581535300503388,267.9924740942991,1.076948113402377,0.2817963683731844
96446,-3.7424888182214104,-11.877993689740535,0.19797824369584724,1.806888409577068,461.592551834346,0.14157659115291477,0.28181215485308475
96447,-5.641252542126617,-9.07208549303491,0.7437334457375362,0.8793109828736124,225.39089880418553,0.0017327258186767835,0.2818301146177645
96448,-3.0632937177658697,-12.26496100378424,0.33847293485238505,1.013953576914588,250.18875791001454,1.1365411651679667,0.2818615930782062
96449,-3.1395596322219905,-12.168417970694287,0.2426543932709811,0.9575579365995427,267.3269006963309,1.241796122946611,0.2818786970660128
96450,-3.176036978948096,-12.362643637866936,0.3604776517585138,1.1759106748260695,468.18572971233255,0.14974753360963344,0.2818846976778093
96451,-7.6644097971631755,-6.438226868334779,1.8875250863713509,1.1640691889786767,193.26899055495207,0.13499602141205447,0.2819003762272988
96452,-5.034621232181398,-9.466518633199847,0.5078524725525997,1.2122864485030835,243.89049038242857,0.017040123440833277,0.281933771645081
96453,-6.56267312423982,-8.058600032813448,2.798593202446338,1.6524674887085846,384.91662943744376,0.9125697081235922,0.2819545161480684
96454,-4.155776226209703,-11.926920527991431,0.41889674870982607,0.6937531000528402,176.25553488129447,0.17280739492981478,0.28197901963780875
96455,-3.5951968839818704,-9.098435550206494,1.695794255158158,1.0577593616553245,312.0328874852491,0.9137376728747162,0.28199153886112144
96456,-4.641586242295528,-10.723362879563458,0.6680394441375629,1.818334851333628,435.0159700011531,0.5332314616443714,0.2820328517887876
96457,-5.576566086229729,-9.408335333803322,0.48811540087957017,1.236225934616324,264.23340455908476,0.15192486907032965,0.2820545595845178
96458,-3.5981981787648607,-9.620736965947858,1.3665329940673445,1.0421145285553428,228.54585594123427,0.16666878501395122,0.28205467569144765
96459,-3.042988571630704,-12.243887565851406,0.3499159569881218,1.0832719729238325,467.13041608516966,0.7648370881267503,0.2820634577418429
96460,-7.0311114601897655,-7.665099940805554,2.8424895914256765,1.515436551145005,360.8045708706333,0.49586695425701244,0.2820684433602081
96461,-3.9114918986677605,-9.049660794952564,1.3916517645732327,1.0154150176271433,467.33339843743335,0.08027142059038539,0.2820704095107533
96462,-6.991226074916704,-9.859345766825005,0.6511395070449577,1.8634494778588995,448.9433637766735,0.09129477905228445,0.28208096946353606
96463,-5.233368695815518,-11.495137060667629,0.3831213788156706,0.7408647994677467,148.8632457913273,0.8718946163785892,0.28210615612838263
96464,-7.301911127381799,-7.824468413038033,3.294902914030936,1.0892416063104617,342.1411615034315,0.8067053818650374,0.28218277513285356
96465,-4.671819221895505,-11.264020512548118,0.5286898705948209,1.8768887414902402,388.1844005537683,1.0623037321802373,0.28223413008226916
96466,-8.078345859297356,-5.747912875652884,2.647551270376511,1.2869060610610212,288.78617801663177,0.1531796930489886,0.28230576067182
96467,-2.8791236982168167,-9.560853308819613,1.032398604111807,1.0507446502478748,285.33011950121437,0.48236558967926335,0.28230693481097974
96468,-5.301146474253259,-9.075257417978655,1.9680955899224741,4.918887936186426,617.3046498825435,0.5657394633756381,0.2823401994908029
96469,-7.504254186974258,-8.486405425135022,2.4971281329447588,0.7435785500315332,176.86251191690556,1.0001095242016076,0.2824261524346753
96470,-4.214482867612914,-12.307823209744019,0.3350338151539867,0.7447975207278823,204.33912092706726,1.1310311584066133,0.28244436426690966
96471,-3.931904826522647,-12.446660253961793,0.33263747226505713,1.1966381477587251,306.07295941774385,0.621562532061458,0.2825094938307493
96472,-7.537298769954565,-7.592689486666259,3.2763421021805064,1.1765953705849719,467.78339521494274,0.22164856182175985,0.28253785720983043
96473,-4.547948533204547,-11.541767970810495,0.22480874096968068,1.0039449237029259,276.96823789097635,1.5841169126836014,0.2825578325124204
96474,-3.796662763439019,-12.468098756344885,0.3278098922169465,1.0932629828431883,145.68589028568226,0.25984024350675927,0.2826767080011883
96475,-8.236100527185625,-7.924888455585893,1.1076986083638387,1.7377293092144102,411.6355124515835,0.4624402431319181,0.28276322777532076
96476,-5.393452478097725,-10.2538465074256,0.83737086530199,1.8159463459312104,434.3429025953888,0.36845280817709547,0.28279779856272497
96477,-6.496636811507173,-9.95970997814134,1.1343956779761915,2.20765673086331,424.59721152378137,1.3813601088628316,0.2828002123714267
96478,-7.839123582754308,-5.361280414151092,1.7925863843772367,1.4743626432463963,349.6712096029668,0.4765420670478706,0.2828471557365684
96479,-3.7687695936201084,-12.318795968494243,0.23502949454285368,1.2069715095303162,208.07314906916488,0.4751888789038672,0.28289256771174853
96480,-3.145942958656299,-12.119385786158325,0.242413288066159,1.7920177123881476,426.9737211750871,0.46026149832918417,0.2829138370651706
96481,-3.2383917519193863,-9.351819089364998,0.7320387573802246,1.2260266460546285,283.8435175709988,0.4885726459586577,0.2829226268147791
96482,-4.500235189343144,-10.117372852020981,0.8941969957265394,5.657006255996165,495.25881293887727,0.028730770596349764,0.2829726450238311
96483,-7.648298898215277,-8.29133877258828,2.529359039810566,2.2663151443955387,294.86244214412324,0.5205917411688619,0.28303521494293715
96484,-6.340264492519612,-8.29644307688055,1.836355461376558,1.6725148154068465,392.1012594373321,0.7791224718047909,0.2830673834174132
96485,-5.808501121058922,-8.859670542310363,2.39551577941668,1.1090713578133633,468.26362133822334,0.11239357733139155,0.2831519020500136
96486,-3.603938174906272,-9.740714540409645,1.2411118032089623,1.2512293191784196,293.5124305783844,0.14685956954826374,0.28316215624730956
96487,-8.086213307203684,-5.702056420170287,2.6148267275169736,1.087283618280905,199.74024485334957,0.360254848614427,0.2831708443612407
96488,-7.8353961664877225,-5.334063808967853,1.8022084325001178,2.086139099643094,404.7813968173542,0.9385539120521456,0.2831714463115399
96489,-3.6565207413542193,-12.305441614713247,0.23225125282813996,4.725885455329103,405.436856373972,0.08425756265638551,0.2831984412695506
96490,-5.140543525322388,-9.098806494711528,0.9682807802519976,0.9278006568923701,467.4671067857769,0.44380155581789626,0.283215567270893
96491,-3.848765228651846,-10.01500407356978,0.946283419227143,0.914106221524926,246.89080380015358,0.27973117673142855,0.2832196534450684
96492,-2.8119000193884585,-11.70849473518885,0.3464203729529548,1.6490074600367441,360.9553837032157,1.5653966901691323,0.2832573400466678
96493,-4.054029819684274,-11.952880667838159,0.424097751473748,0.8162939371804753,154.27103005918934,0.17537667768846088,0.2833016592970362
96494,-6.871737958062575,-8.208589040353818,3.222718355219203,1.1543461809558324,468.7161762052389,0.2678756007552847,0.28340088607573416
96495,-6.105316243231067,-9.37822823012122,1.7796903915565174,0.8573376430770223,149.8500867138779,0.1962039800276516,0.28345856495115207
96496,-3.863884531083917,-9.506699664913114,0.540470150192309,1.840963684757585,441.95683073044603,0.2959137086756831,0.2834607273900903
96497,-6.248638146735957,-8.276807479288186,2.686517856031758,1.4743884193629875,338.2787949908411,0.9145635685561384,0.2834924976062445
96498,-5.09516781642586,-9.123279844258853,0.9186904402150645,1.036066719312374,267.80093615198575,1.375212861557177,0.28349438602264937
96499,-4.418391108874856,-9.390056133988399,1.5649867204015835,0.7672175077503571,162.205399248045,0.11287899226567699,0.28350781652245155
96500,-8.270542644960344,-5.339403881421945,2.3086457973296897,1.7111094491863377,468.80581850662475,0.7745357619472406,0.2835361756271219
96501,-6.041409237738602,-8.521724425308166,2.702033664944681,1.3897955557934443,470.48620252155547,0.22522898151952564,0.28356174455789906
96502,-3.729137702679086,-9.227501022661253,1.6286532081934393,1.0266369316065185,270.9762431367655,0.3819407670330941,0.2835879622790169
96503,-4.588807398501558,-8.905134833765214,1.795671243494057,1.4790111781748991,331.00173049178517,0.036609050588320535,0.2835924939383579
96504,-4.143139862050904,-9.124864734588181,1.7392766660140082,1.0949913339073656,275.25474690350984,1.719536196897467,0.28374133372729804
96505,-4.495261993386016,-9.92125959555764,1.0672845545087413,1.6466562271609517,468.0258822474157,0.02880522329523849,0.28381695421181835
96506,-3.150008740570951,-9.98318349020878,0.9553132499825363,0.8449383759082264,469.3596002106317,0.24340669240445578,0.2838233023143587
96507,-3.7425920701195956,-9.12605101750885,1.664530702805817,0.8381683825544898,177.924570181362,0.42419975315063585,0.2839371014120369
96508,-8.435855738253494,-5.789552540332675,0.96434552583821,0.931680940692888,187.30633990197452,0.07202333194132837,0.28395772082357873
96509,-3.4085463648752707,-11.583655921268686,0.4988577062939371,1.6300248119280605,468.0320497866958,0.2366176737250738,0.2839967608341232
96510,-4.030392961513773,-12.35302409414879,0.33515368432496945,1.0671878527552352,258.5464581296327,1.212633810867115,0.28404709709976683
96511,-2.8820040971246694,-9.599600109689277,1.0164843148867988,1.691317144110282,396.5495587522696,0.6788933948798048,0.28420790834872095
96512,-4.358972337386033,-9.235654613806965,0.9449774598712269,1.72700034423852,368.14717149382955,1.2118098562196584,0.2842608812625271
96513,-6.6506173586627835,-9.010911618111175,2.435711532523383,1.8135321502926647,446.5807895723705,0.3973352241843626,0.28426160282885665
96514,-2.8402992140328394,-9.579410863920558,1.1867731285157666,5.191732912495478,519.171038986486,0.09214642443475007,0.2842656379285045
96515,-6.177328111414132,-8.648182063928445,2.7593778145535106,1.831701651443173,466.20389536463637,0.24100591469733956,0.28426908181687705
96516,-6.584282149021644,-8.137001077116814,3.034050319993117,1.8424076489783152,470.0280710640405,0.08585141189148704,0.2843417325054918
96517,-6.308206851376001,-9.994455406544935,0.39558709820806215,1.2076965254028484,281.0729096547304,0.7864286302588566,0.28434499897646415
96518,-4.059669826013921,-11.612515478698395,0.47575352808273963,0.8910399974515009,253.26705361741165,0.5035329954916934,0.2843668076492709
96519,-5.491701721304064,-8.688370229150777,1.6736516085868285,1.408727632721323,307.6806833636966,0.7066619360148412,0.28438342147766776
96520,-7.198547165325579,-7.8013032116651715,3.277755933037648,0.8298359528021214,179.20138612158792,1.1596424715736626,0.2843849649565427
96521,-5.5533363038788455,-8.702268074619033,2.2853984303748027,1.4686883314163999,327.9870768362428,0.7241343269077936,0.2843927772261963
96522,-3.131285302883235,-12.03023265006614,0.2372639531770722,1.8550027251261312,385.4576357560068,1.4998539253603864,0.28443202599089784
96523,-3.8422919175488177,-9.145505644493786,1.6859566521086904,1.5789004330812721,416.2690709879382,0.2620293243360958,0.28445217882139684
96524,-8.323499117147039,-5.230731613566315,2.1700653342174143,1.7402988886560338,409.8579181574073,0.3347351242748937,0.28447484874037987
96525,-4.797472470755849,-9.303834681232043,1.6847854974643584,1.0520125996866816,467.7068644474715,0.009763602309488029,0.2844759258021593
96526,-4.466869928458835,-11.220189016810444,0.5413662845074844,0.9441643176917217,193.9548988393088,0.9404223033701804,0.28448399561902504
96527,-4.642748639740041,-11.426749725177176,0.22764176146095647,1.6524151491234567,468.18816720592554,0.3823904012995838,0.28448931538720285
96528,-5.123853544964795,-10.396516848994384,0.7642462411820184,0.8697443676411527,410.1783869872351,0.7509090095322017,0.284554196500082
96529,-7.369661704963246,-9.4895830708778,1.0557074129560347,1.213837606899472,254.2447615829361,0.12996682739210552,0.2846284894797156
96530,-5.797349353125382,-10.728550536527816,0.5961856807270348,1.155728611314042,227.94767245272163,0.49783724946721897,0.28470746818126036
96531,-5.785159306445976,-8.933680045072789,2.307941909809391,0.9922265342887562,243.18510227147578,0.5116700466500532,0.2847229641329936
96532,-3.9821938678226623,-9.857909635196284,1.1069780416030943,16.354354568593024,700.1961178986455,0.06397106586687684,0.28475127378055604
96533,-6.003359019449135,-9.406735236480747,0.45086641074651684,1.13304159362314,468.3087583719698,0.5015516559930457,0.2847861291514723
96534,-4.572551881698635,-9.2149119587583,0.9436410831973685,1.2985227972716,219.15142131825485,0.07753588527252298,0.28481388457677936
96535,-3.0118952586856027,-9.372106288816655,1.142213504597614,0.8164140350030448,132.1121567493986,0.29128325894098595,0.28489464130948794
96536,-7.8265943638856745,-5.57266394591041,2.054123929741201,0.8948584041688238,201.5436354861002,0.20330499324187112,0.28492347748966684
96537,-3.0604733063018417,-11.813775073439798,0.245821530943238,3.555231538590611,268.4883902343461,0.2034127407568329,0.28495064818658133
96538,-5.665805149241535,-10.39143706284263,0.7467816237036115,1.8391588350059305,467.96707804768084,0.31929360735678003,0.2849508095900661
96539,-7.570490754387054,-8.330398847823087,2.600925958180918,2.5219766962335783,459.9065394311979,2.2652845292613923,0.28498899309722814
96540,-5.294040466181197,-8.95484496843169,2.0678927950460415,0.7945608003250626,219.6102933500753,0.7376912789145527,0.28501036687307096
96541,-2.822307341366103,-9.471855723538422,1.34912933389321,0.7154168366793409,185.82904750788254,0.6560202584445394,0.28507814425039374
96542,-5.563583620333613,-8.63925159043606,2.2104256907582633,1.7156121851148096,403.2617882713648,0.04470935572834467,0.28509325701932864
96543,-7.749503706773137,-6.470904671316561,2.8594840499495957,1.1407553931064178,157.20483303483823,0.22244826203085566,0.2851041791507685
96544,-4.207954556531415,-12.61613446238358,0.2895367802037518,1.8400846893924716,457.3656528210948,0.4162849846074721,0.2851153632673953
96545,-5.697167063164274,-8.593096850345443,2.3287439937137675,1.2892364027047065,273.92837586539775,0.2864924362340764,0.2851437429030071
96546,-4.417594802103109,-8.949298660401698,1.736779291493701,1.0683428561919561,255.57991504902338,0.10664210185443324,0.2851472743253401
96547,-4.51002090978124,-11.985562145104353,0.3416921558988425,0.8757768665084189,215.1925137174648,0.7850922488363254,0.2852959487861758
96548,-6.733157892931994,-8.133023622353434,1.6419255409534057,1.2327141890466538,255.7982197299031,0.054195720153381366,0.2853075428925222
96549,-5.673596480269026,-8.802961933064527,2.3448845231506383,2.013832313774252,172.29845516925246,0.4082727470938119,0.2853303503111304
96550,-8.526941841470595,-5.232918975875804,1.3494613480127935,1.5025221720204578,467.84026528626,0.2805113806114514,0.2854235506372053
96551,-7.819022343475523,-5.7009122901254505,2.158910084952726,0.8547266550730878,244.0284794202563,0.3166744827200425,0.2854812438082813
96552,-2.7821125357769807,-11.06860071752844,0.5797811580571188,0.8830054396513866,468.987555023709,0.11676377736620225,0.2855497533185075
96553,-7.974368849419706,-8.168840866103363,1.970521303401046,1.2266237105863422,293.1090993460647,0.304862843113165,0.28557669124826074
96554,-2.884548891459784,-10.20056406255499,0.8249798731679886,4.738395118469463,603.3493177060493,0.34633756013518635,0.2855868970769994
96555,-4.788638981644832,-11.80002383287314,0.35378124265635824,0.9025579141105224,227.43481860657397,1.1667850316588204,0.28558841761873865
96556,-4.2474198122832085,-10.946593354236526,0.6062525079704815,1.2275546195706013,271.63545137527666,0.7489430839458047,0.28567194283690445
96557,-5.223346845584472,-9.914914640924483,1.1585182217681123,1.2910994924029535,161.84643916942622,0.41716387049921,0.28572785368341747
96558,-4.224051600713166,-9.273278199933698,0.7429514456215627,1.261487943614928,467.9546073010896,0.307994505381747,0.28574630339928064
96559,-6.880729341303535,-8.175490591796699,1.35931520176345,11.470749017682369,515.5894107808534,0.11244202677049753,0.28575101522098184
96560,-7.645458188842323,-7.357532494662245,3.259316886916618,1.8170973501700745,468.12485891140284,0.7447821069005274,0.2857873725108343
96561,-4.801235388122374,-9.944526870994025,1.0744514275043748,1.375108846600101,468.1345740288586,0.30095085725056236,0.2858427175839504
96562,-7.844922854519368,-6.3206137485215885,2.8741442888859474,1.0723326109938562,467.24249578647243,0.47628163731609874,0.2858447544550336
96563,-6.545499232831926,-9.77866469971621,1.303781599114423,0.9773800303766628,468.03630117428,0.4776108877603429,0.2858715688920591
96564,-3.9849614310028514,-12.27067975829325,0.2572563586866397,1.5389745041268776,312.4502004716732,0.3170324546088015,0.2859107892800427
96565,-7.807564133296298,-5.6655654766755505,1.7108477501701358,1.5879516443395454,354.4466482749864,0.9424950740271987,0.28595125531206894
96566,-5.736618365566649,-10.3908075260178,0.28436142079855165,0.8445819114793742,469.85806641290543,0.22194964482067103,0.28599964706270137
96567,-5.4110528451662905,-9.02847846189969,1.0432214609527628,3.48473363408764,266.24233164208056,0.23606408357410302,0.2860319555431209
96568,-3.300670557640516,-9.55430094231713,0.5363710984640855,0.9760193950001831,257.88769109315683,0.6289312649112171,0.2861841058564332
96569,-3.276482727761639,-9.315192394403029,0.7584309004941001,1.4188449921246995,468.70798253728236,0.8213737533250001,0.2862476702146679
96570,-4.237727347948786,-11.066283319941709,0.5787680030901672,2.9291408336250857,488.4113038685366,0.9428951118659858,0.2862555455702614
96571,-6.22559451808014,-10.478436810462757,0.6153595766819207,1.148872776497542,295.39559740759233,0.5007966824938306,0.2862992628973018
96572,-4.95520407087363,-9.912039507190276,1.1353557180090257,0.97079901364375,193.2956554367268,0.7748022411626705,0.2863159614970398
96573,-5.767351628700724,-9.136659341618154,0.6733460742040956,1.7059581026672541,401.4825052674615,0.604908177276962,0.2863168874591521
96574,-7.228858851388903,-7.691438401891536,3.241909934307538,1.33379659486955,327.03108230430075,0.30836062999839964,0.28639925172226977
96575,-4.315199812901783,-12.12260437282001,0.3363948672445653,0.9946908355770057,468.0909409990328,0.6213199421264912,0.2864153001767447
96576,-8.186692381227498,-7.279247238671327,2.5482150768496092,2.8195587991415283,486.00977608621446,2.0890839523431817,0.28649196718915554
96577,-8.039735007784792,-6.5731737014057945,2.964506197551465,1.316066959676256,468.6505572233393,0.5860683168179968,0.2864944397745825
96578,-3.442746622925764,-9.012165344465622,1.5348385579869313,1.314916651948654,318.66380245813303,0.21686547130006417,0.2865394079627381
96579,-7.980992944928035,-6.09117412186453,2.7958974557455276,0.8698726370829802,468.4866159682977,0.8494054289395168,0.2865860510604704
96580,-7.937679378762224,-5.893976060923657,2.6567404909822443,0.8523581219712584,237.0397453816999,0.5016032741368548,0.2866239263635079
96581,-6.33321536687692,-10.358364940265037,0.6511217299820546,0.8500661110760762,189.0552488125084,0.6945666707114411,0.2866411729808972
96582,-7.74358766455088,-8.293602149503592,2.329504644624754,1.4881085835269436,295.2232534559013,0.2253958990376157,0.28664325205243535
96583,-6.456266727562097,-8.171834806255,2.85499909931401,1.028740187322172,303.56235381961966,0.3939739975276888,0.2866445284192205
96584,-7.211843063798946,-9.186507703092476,0.6131135348072642,1.2069830366065892,309.5143342147844,0.5566236963880877,0.2866735263322053
96585,-3.4662913225498615,-12.285341892125857,0.23702195558612973,0.8555324228751738,468.02231337833774,0.027635132238569504,0.2867960890819159
96586,-4.308292421007175,-9.04335304167779,1.378488972246975,2.6871601416371416,469.4019313068763,1.1482253154340585,0.28682522138641015
96587,-6.7693951299797215,-9.933012140721,1.04228279093992,1.8886571915896755,454.2703392887279,0.4955400495918614,0.2868838412954307
96588,-3.8205809898724645,-9.075128737020448,1.6793850240259571,1.5421797939197543,356.7854083586306,0.1797634150434968,0.2869991577006977
96589,-3.1119512351529544,-9.376938350048501,1.0244229557827789,0.7835527814645854,180.28407483320825,0.0105337876730216,0.28702840548388225
96590,-3.0503945953078118,-10.219938191527385,0.3012969285807208,1.144409335795527,288.782176688049,0.20175075377473206,0.2870295659899439
96591,-6.012996075238424,-8.410356905873748,2.3860591172220293,0.9619026232196176,233.41671499765212,0.9198422728171058,0.2870546004477226
96592,-4.990936402374826,-8.824771603488282,1.7139680917281916,1.1335546645085839,466.6909095955106,0.5274865622636318,0.28707040012140045
96593,-3.1505488906169816,-9.375063180614298,1.5282121015178396,0.6355516179383265,136.8190375000995,0.2513910374327635,0.28707290384709616
96594,-3.6851107693556724,-9.706012648250162,0.40130433006630845,0.8310329493787907,129.4199649675801,0.3433283754307368,0.2870738583868424
96595,-8.083470175945422,-5.009115123533109,2.3949748614028468,1.5645440884926671,358.9247014910219,0.07173890834016561,0.2871189232105917
96596,-3.4993949163087814,-12.30939533204097,0.3469291014608137,1.5180491671363843,467.70170222188176,0.6961537366378767,0.28715427072319893
96597,-4.060369225797321,-9.010650141796576,1.6231512701994877,0.4835550259387883,116.9313906062577,0.6922369569485491,0.2871564514967786
96598,-2.7399910564694308,-10.61298625423543,0.39890398555297024,1.7666329582299771,419.38232877059744,0.3855705803773102,0.28720853059643103
96599,-8.336085212946077,-7.295958121992659,2.026195232260811,0.9969964725986876,196.12209519690813,0.3034437292288805,0.2872138515465545
96600,-8.284918508073105,-6.612702450160826,2.511233233004153,0.7033420604348143,154.5815258492428,1.134957353715441,0.28723008128644517
96601,-4.690011776168071,-10.99405571184543,0.20831627719617388,4.014138468097962,549.4900243385397,0.2856127870312495,0.2872541491729744
96602,-5.426370711959697,-9.17116113552986,0.7069261330569039,1.3112388067540588,325.1263168813617,0.37499861672765267,0.2873941927510855
96603,-4.659734313611983,-9.180408464230455,1.0880493282062083,1.951290300058729,399.3911090687326,1.9773990584841314,0.2873974266562547
96604,-4.279719641335175,-8.971226109229551,1.6064653991338895,1.6993665709579755,362.88220612766304,0.987481479174515,0.2874091924430602
96605,-2.877858554406842,-9.636613798794539,1.314431799158491,1.8629696832744702,467.63588598857905,0.29871156921598274,0.28743405693543356
96606,-6.515694589344998,-10.035530330041055,0.9204656816314556,1.4871006944637368,342.78255660271486,0.621957981257899,0.28745186864162614
96607,-7.416121498767497,-7.570690988298928,3.2644216244117725,1.0180358014942847,241.24980216015896,0.08362763587558764,0.28757367920969956
96608,-7.782921821504897,-5.892795302614356,1.7890072527279404,0.9208951313089966,184.8456119456592,0.07322705027484222,0.28758910578086405
96609,-6.434403552485357,-9.413963713739198,0.4604552496752913,1.0026330754219557,203.13494043494188,0.5892924607056758,0.2875924485746916
96610,-3.8381116429901505,-12.11385865417404,0.23891235215116063,0.8641507172793791,467.40046226737934,0.680636544094936,0.2877149880697969
96611,-7.613677153462035,-7.640146779931172,3.191946812726293,0.7265622759878217,468.38187306667515,0.34109567255641604,0.28772224170219285
96612,-4.230030620124468,-9.922230789349518,1.0173512539554013,1.4061046724053654,323.8555152857633,0.44405111276793363,0.28774543354013593
96613,-5.253745347647874,-8.930592836562262,2.0534205256041815,0.791769661296084,222.9313702686397,0.7462835652239193,0.28780655597183613
96614,-7.211743170085854,-8.732343300485276,0.6920330645724971,1.019679453413486,213.2064986849291,0.2934980840291832,0.28781619646391954
96615,-6.551955320678816,-10.161630356840298,0.702808862770129,1.012099563324651,268.4837608984821,1.4762128097355784,0.2878222155162117
96616,-4.006068161585629,-12.146347447467383,0.36450090324975737,3.4236557787975253,530.9893433997388,1.2555229365371385,0.2878259792860685
96617,-4.179039202989452,-9.966655080970353,0.981104374211993,1.3123495628875268,322.3957712187264,0.3569951330108774,0.28782692980301233
96618,-3.0966256786194455,-11.949023272596698,0.4024331524215975,2.1423064448751865,414.584844033196,1.1414914516933345,0.28791136868983697
96619,-2.922392224958057,-9.311938275174077,1.3280050016297618,0.5789526899373357,177.68285973176435,0.8710885627589224,0.2879129104379452
96620,-3.4621467497655427,-9.684233926139017,1.2797742474812344,1.7033045766148687,400.9028114122365,0.12279890297454976,0.28796207242062394
96621,-7.688405236462298,-6.474397043528504,1.6214309910463416,0.7893733167942286,468.13689411650387,0.2620235461708047,0.2880064980727773
96622,-6.013857420342715,-8.933924552897313,2.394519959014778,1.184862541462285,271.68022695174915,0.10222041341137444,0.2881360658446124
96623,-8.04130310347021,-6.6814564759947235,0.7278572836597573,0.9916004206847767,173.00879150617288,0.41490004871275676,0.28821516204136144
96624,-3.4948488608616053,-12.98128466631917,0.2854342350275315,1.7292027168221724,467.7142845591904,0.7816952272379227,0.288216800382058
96625,-3.0813340439149073,-12.595291497611077,0.29131806576611163,4.872470570705762,498.395861362715,0.05250293864116351,0.28821759744114783
96626,-3.1061150768954935,-9.409952040078327,1.037662150637914,1.180669173342075,247.73154086648063,0.9048109544963845,0.2882861879720522
96627,-5.656378523324452,-9.15285930040624,1.9729286772965542,0.9646270749739898,468.57044373837783,0.1871778865646858,0.28829120223879856
96628,-8.43283813109183,-5.19376781383758,0.9758379686587159,3.5342530631261337,529.5063257882,0.602331412537537,0.2882948717402814
96629,-2.9513297864284658,-9.7152445513507,1.1087794500203527,1.2555821442737356,253.71317050982847,0.029706802258619547,0.28834130466252333
96630,-6.631029546342421,-8.722315353790968,2.8074350717704357,0.996387195882727,470.3460002772693,0.04719544216576832,0.28841474902151687
96631,-8.292834227223096,-6.028462658015072,2.391752550222409,1.6687378044360484,391.5538762232628,0.4260727368389414,0.2884193956150097
96632,-8.347941677249924,-5.775019405236179,0.7496511538016423,0.5356060963987201,155.4568019464895,0.8271025283387212,0.2885334790369037
96633,-4.13046108813054,-11.736090640798793,0.4278309553762444,1.8393764104497103,467.8513655025598,0.3118005770344938,0.2885377357820619
96634,-7.843252626832223,-7.903855344265627,2.649513040838302,0.9638878075735225,467.9038233556928,0.6099384670189059,0.2885600108839719
96635,-4.731822548143995,-9.775856444384658,1.251117382150299,1.174427019889834,299.1187927448375,0.7271363479106663,0.2885609995968326
96636,-7.896405804362331,-5.225014059606903,1.3223249662665642,1.7195958472109596,370.8119519326561,1.6845283108839162,0.2885959897244488
96637,-4.3434634990502365,-12.063518284590229,0.3281939731656897,0.8730192496254632,187.9510337395466,0.6393026098942647,0.28859884340810293
96638,-4.389336595251072,-8.97786713068248,1.7273718154001156,1.4035169494587187,308.8755785852098,0.8721709998526626,0.288690044204678
96639,-3.3011210686441483,-12.102251683904743,0.2431161514796537,1.6349526375080814,379.24419686231045,0.5368326590322239,0.2887542016048122
96640,-8.428222534466899,-6.311907942504121,1.9718284457383404,1.0083434225813435,276.3993447964029,1.3203588044866201,0.2887729439806235
96641,-7.538990876012479,-6.987915767077359,2.9477149918063876,0.8197222773616077,233.6203152063476,1.045879236860059,0.2888078812988072
96642,-4.321124455687883,-11.897273181562488,0.39544796804244564,1.2330228663811578,295.7118459413686,1.1987610989083848,0.2888647131771142
96643,-8.324519188232715,-6.8154199044744415,0.811699544049705,2.2907485898032927,435.05341962284564,1.7408426689191119,0.28890153915307404
96644,-6.809066077428771,-9.475610177805118,0.5490622196208694,1.1629170174858805,301.2070470115678,0.6626224412890691,0.28891883063620766
96645,-5.990224976194927,-9.789021373017253,1.3220117298090628,1.8442910903438545,441.05982657871147,0.34871740280734187,0.28897293804373303
96646,-6.117972057310659,-9.521225830645964,1.597999416296627,1.6723117115672672,394.0728611249616,0.9351791924707582,0.28897352800931225
96647,-2.770290705102192,-11.109749524776472,0.4788944442926269,0.8108602085301893,469.06551157655974,0.20345847833288566,0.288994256080699
96648,-8.043966013203265,-5.449336907877308,0.7372332534876511,1.0501616923867312,165.41877133101383,0.18868090454448438,0.28899446087773795
96649,-3.357475400059748,-9.91905677522854,0.31003724282116674,1.2440272790380829,307.91164195062197,1.154058128302931,0.2890432653551191
96650,-5.973127683582405,-9.927056327994114,1.1966452094233242,0.8425016627399918,240.7791421986821,0.697658284199485,0.2890590661702424
96651,-6.470855484016754,-9.314360268155596,1.882898883042325,2.4816388806388106,229.3215231522507,0.20358264534270631,0.2890718662561059
96652,-4.46366235576893,-10.001028252824526,0.9584387768080876,0.5787608689312991,120.9612035015154,0.273462264203415,0.28908264003110834
96653,-5.624590205916736,-10.753438383438663,0.2969015470192852,1.2585524512050201,262.38022901395016,0.7084632436436769,0.28911041113917274
96654,-6.649704017890677,-9.534098923787088,1.5594161734667917,1.7429956943280598,425.86212310406887,0.5248233439283467,0.2891174834728894
96655,-2.6365547964628746,-10.370195521622978,0.7029755100493207,1.1204225342746934,289.34999001182314,1.2849832015815918,0.2891955302291134
96656,-4.528624516233837,-10.243640864615445,0.24066419181567225,3.2751696222424806,511.65106309094375,0.6808856123952012,0.28921151842751447
96657,-6.523410925972021,-10.012016192164968,0.988805296597955,1.6944877495777968,352.0294293355047,0.288619479881393,0.2892523026199712
96658,-3.7538709393638934,-12.070768299465097,0.3865149820108241,1.6091405979922624,155.4427081152305,0.38972759885718755,0.28927611046875407
96659,-3.0713886726366137,-9.911305073004527,0.9542038727813467,0.7218742414543502,148.33824399174884,0.03015557426409643,0.28928227813563817
96660,-4.364095033797353,-9.063302365180405,1.3394884951478443,0.9425346902800277,469.2968511808973,0.08203502140303875,0.2893082731686779
96661,-3.269496562977473,-12.184454173403186,0.33971701236616214,1.9011256426967993,458.7673990338785,0.5759764713643145,0.28930865821526236
96662,-6.685540480366628,-8.821688342875543,2.6793442216248646,1.7774533499465122,469.6705128187475,0.003912166286691665,0.2893150432597532
96663,-6.210804498839568,-9.300488267919743,0.5007012079901525,1.8916350843055871,469.7758450151471,0.16543504250405316,0.28931919083639007
96664,-7.066626779368459,-9.244503855634953,1.7808261795964837,1.9434201114938625,242.8784292523457,0.11657015102833146,0.2893461077694182
96665,-5.206519523709911,-8.760863545144755,1.7432901004317027,1.6864632306406793,468.2898032003917,0.14269766061387212,0.28935313160454446
96666,-3.6355097143130557,-9.260679320636111,1.124117028769941,1.2870935345643955,468.5975092786917,0.8842582562227692,0.28936461640835337
96667,-5.326386398067777,-8.708231840795758,1.949176070690561,1.6722443848109048,467.87175412813,0.3348409534702892,0.28937954499896834
96668,-3.3723925259482943,-9.816168481150616,1.088918974105849,1.8918937994100826,468.4664260314479,0.6546494754803636,0.28939696932524167
96669,-7.926473536386159,-5.581405722345443,2.46186058169666,1.6721796930956583,393.02050523016544,0.07278013044811527,0.28940126859910664
96670,-2.9200566776900505,-9.280443166868222,1.3866590247230133,1.007435608312802,275.60540366053516,1.3063185276738514,0.2894197278948533
96671,-7.195088265831254,-8.741511100232469,2.514386371949961,1.8716682042365214,468.18072155578295,0.22014579290084146,0.28945045155587845
96672,-7.239815233110184,-9.54083915086812,0.7572479822084106,1.1247849311807734,437.1295104898885,0.7060445200743422,0.2894578694423269
96673,-3.424025058273169,-9.327377545875812,1.5349295788360888,0.5874550505962556,122.38000199425824,0.1026011342049582,0.2894634482641853
96674,-8.160946997849582,-6.720654369974995,2.789950928474874,0.6660765415940564,168.65156628191454,0.9905973335785818,0.2895973262737775
96675,-4.879219302897929,-8.871524603842193,1.5608863070216403,2.5255691590342377,451.672412970527,0.9755836979805492,0.2896345848684348
96676,-3.498262297086457,-9.145705650413134,1.2993481781663176,1.0511907595839058,467.971258405491,0.45495341713020476,0.2896696186690255
96677,-7.121640820249873,-7.574325754407188,2.602972735462664,1.5720967495420555,344.9863956738124,0.5613968356439969,0.2897306646641258
96678,-8.128481584129585,-6.9512941331387195,2.820061383949176,0.9661686341424602,467.2768961490574,0.4033450932106124,0.28975043749139456
96679,-2.9684449534028676,-11.401150867079979,0.5051950333395718,2.185388910451682,418.1915257777834,1.0661502923297324,0.2897530723603121
96680,-3.1740177777681176,-9.432124766948476,1.475214302206853,0.9341615767224606,243.14710205690434,1.1886153348839024,0.2897749316024314
96681,-4.042475959129237,-12.152064295836942,0.3358924496931858,1.102555799750156,282.17289479702606,1.3333242590294097,0.28981043170046694
96682,-4.180064419877424,-9.021104785011755,1.62589118844948,1.4835087728481597,326.7340165048652,0.17830672568545314,0.2898118874791541
96683,-7.396566793640486,-7.162885325351039,2.614076931929658,1.8799531133925833,452.23572365278847,0.3614908575169542,0.2899358438626493
96684,-5.008768442046307,-11.216911623627935,0.4991247122917414,1.9056566992196189,394.3598009828336,1.9994079501607098,0.28998646917341575
96685,-8.139903985259298,-8.157147236008079,1.2671975688094446,9.066426540161293,272.7290112944206,0.34900307857337776,0.29000984668455726
96686,-3.872550442520126,-12.37175298466728,0.26020560443103463,1.174612966864153,299.33455031864946,0.6924621418853523,0.2900363501089538
96687,-6.9624758803846065,-8.306899110870521,1.0081074260562304,1.2564542626971904,470.46016726087663,0.22594936534926102,0.29003986489761846
96688,-8.130709675434797,-7.9344578840548685,1.8586551316349122,0.6997672509232897,137.8664903814816,0.2058969121501848,0.290256668178432
96689,-3.2947607310650753,-9.147771052577228,1.587644790824757,1.0428991333752506,273.1217680086593,0.8389148622882443,0.29030238321058677
96690,-7.82700529384443,-8.587259188566998,1.618730267422236,1.3451968481092944,315.64566312841913,0.4360073668977913,0.29034428291902775
96691,-4.2199385499296245,-10.836166275533195,0.6315382992641633,1.5772274756165794,367.43779251832404,0.5187954949384634,0.2903557574843619
96692,-5.010286032047697,-10.922822683679941,0.23954311406220605,0.8770552791030112,209.0464255987468,1.0643164218745094,0.2904170159425201
96693,-8.478774203121525,-5.138913491836159,1.6783486108977688,1.1532009873463334,283.08484661760895,1.092035589840104,0.2904442578399598
96694,-4.182553028688027,-9.291475214750688,1.5892357434041486,1.4082887733304168,360.21502094984925,0.7065374271586231,0.29047566333397856
96695,-2.941150788043272,-9.296803955625323,1.4483031749232071,0.8675578975036816,201.55257331307,0.7817482149931783,0.29048599337684944
96696,-4.337899723550336,-9.101549403548038,1.296476125021651,0.6875634288835727,189.88518217623536,0.9453664663866137,0.29052718968429353
96697,-7.880524921865588,-5.848192478219735,2.5254423375803086,1.36253598825748,308.3017871902834,0.5643695310552408,0.29057005346567893
96698,-4.9140121460912205,-9.207246173147784,0.8240334992179799,2.244764571571691,429.90310279139084,1.6148525688562678,0.29058593477858713
96699,-5.109786696960263,-10.66860604329364,0.655759969913752,0.9104528478341372,257.3270905218342,1.0263499965331606,0.29065504179214247
96700,-3.232430032933401,-12.44714866568427,0.2689020144819084,0.9024959112953136,467.82242655538323,0.45542021808579936,0.290686544022225
96701,-6.034030265789536,-8.395499990431308,2.2855191628562572,1.020416569444789,203.70676970539748,0.6737161356449279,0.2907428218271674
96702,-4.238337625387162,-10.289766565890467,0.7915366116458153,1.8403218008124107,468.3969469356988,0.8872951450859432,0.29076681483318645
96703,-7.580204315183666,-8.758402630091673,1.9002030344132024,1.8634238554781746,448.4328907656119,0.12261567443377341,0.29076750495892945
96704,-3.280012721878821,-9.206386189052658,1.2543279567726076,0.9875725835478719,274.0026484106744,1.6942544545054625,0.2907759940990993
96705,-3.737493214197113,-11.917396487257687,0.40744876834477683,1.1644716845438874,302.52745467439513,0.5009031874384187,0.29077941578559835
96706,-3.3647515234941476,-11.536263495216122,0.4802091121626956,0.9402256864225809,469.66383480961343,0.12431930394793245,0.2907812542717205
96707,-4.849474395270777,-9.266825203644029,1.6963063925512765,7.724045581750157,681.305726456132,0.20702460055387828,0.29082401768074
96708,-8.169723430169103,-7.298105581401446,2.5575710569649104,1.080061833291545,217.7202042197899,0.06952197715391417,0.29082830054617
96709,-7.710675891277613,-6.255704760674336,1.9543156210537476,2.5194495480383123,459.6502641728817,2.3365055324458384,0.2908730258076388
96710,-4.999714343843178,-10.054153606601888,0.9350759984252763,1.790581830522353,426.4767997582871,0.21552121646044853,0.29089140668271407
96711,-7.991751871818788,-5.912401127712773,2.6947423406969406,2.4176720518388164,434.5453314620356,0.6565321547227461,0.2909347426676404
96712,-7.888616710179791,-5.56519860517692,2.3227773826531206,5.50998462229192,383.26971301108983,0.14214682031320613,0.2909393180382939
96713,-6.439056879392382,-10.031763545835075,0.9447494336511251,1.5036534104519177,468.029228948074,0.3812417090108786,0.2909853797271962
96714,-7.440606984095253,-7.1432809309587535,1.9608996433135422,2.172864163615105,418.51580716131036,1.2030270627771928,0.2910698694589093
96715,-3.014557379592384,-9.240741721492768,1.3442041548726469,1.0333768352339496,273.03017623629415,1.7347756177913416,0.29111270236343956
96716,-7.7982373553598485,-7.026222516933547,3.190691241934036,1.11258146548073,294.0192160226597,0.8349202262670872,0.29114592496284886
96717,-8.248650898183248,-5.397862520283116,2.318881385574998,1.2244371592717804,294.06463923056555,0.25287918668014164,0.2911749605526071
96718,-6.61370395026541,-8.956444254404353,2.4963702472392524,0.9852934793609422,271.23386330171934,1.6848100873812824,0.29123982839876694
96719,-6.670484415713651,-8.89910772598672,2.5690609261284716,1.729642821754543,371.84505884405297,1.7598733204604988,0.29128690703335636
96720,-5.205134631078176,-9.121285249348096,1.876968692870231,1.6547687513440426,396.8959573612374,0.44500607247069546,0.29129322743409625
96721,-6.428901449696159,-9.271534644413283,1.9483328929515704,1.5882637767355625,364.6283605899448,0.26431596968963067,0.29131084630636933
96722,-7.6670141892798895,-6.644867696386246,2.806614171497849,0.7486206029582724,442.1203224980394,0.24655758254721505,0.2913363663405275
96723,-5.95235842866377,-8.860849610943257,2.430128193672475,1.906635176868083,460.79997483649544,0.5439507324175406,0.2913539286082903
96724,-4.334782211173027,-10.665711892523083,0.20655589834288196,0.9757700279579367,201.10180312265072,0.20762456616030267,0.2913599912771036
96725,-5.774537700788461,-8.636573918679051,1.5745378702461226,1.685664040777093,468.30385102271384,0.437501158948006,0.29137307360219605
96726,-8.191984966943537,-6.334842221640607,2.6590264328009043,1.8394224626481457,448.63086713259577,0.5483152207676651,0.2914381823806197
96727,-6.6681989837159445,-8.155253317170054,3.1008867764812997,1.7943181281867449,467.7112681333705,0.4434728916448085,0.29145171761179967
96728,-4.931376646441851,-9.122466561620554,1.1134449307045773,1.0892480800548647,284.92229613928635,1.065245043497426,0.2915487677584699
96729,-3.132717423683287,-9.223870199861024,1.5774153987873503,1.8591989937528757,446.1300774876309,0.2893727415601832,0.29158317441375625
96730,-4.292856353686489,-9.027081863636921,1.4458013746463925,2.0369378305797654,409.7357595191536,2.1527810739717035,0.29166566595423
96731,-3.911639262153214,-9.16290140041273,1.6214176537372125,1.3339282336158484,320.81356767984045,0.7110869091536705,0.2917469255266327
96732,-4.327200660474198,-9.093372325956947,1.7141939496038339,1.1125518302910824,291.5811121260138,1.080306123901452,0.2917498874931934
96733,-8.129862704408565,-5.984489638762293,2.6513566168058667,1.7665797008094608,468.5251367850845,0.615943499004918,0.29178587391475136
96734,-4.19120141094762,-10.252783744748385,0.807412090366172,1.1742351023990982,467.7729935150139,0.49103052776070744,0.2917952672671429
96735,-3.748429934033658,-9.879217717406242,1.017218195943474,1.860281282660901,445.5171892171373,0.10612478169370831,0.2918196907017707
96736,-6.987624953431825,-9.181335180295713,0.6073231503278388,1.1653207531225196,249.55299467382872,0.20890178971424955,0.2918510080400464
96737,-4.204298518365763,-9.59826518959552,0.48423216439911726,1.54729123064517,348.1903906336446,1.546785574543816,0.2918986906627384
96738,-5.294567237968072,-9.909313159861814,1.147138959970833,1.1225415048111291,270.7063606883093,0.47444102564699886,0.29192470253199015
96739,-7.710882224943607,-6.374597221298701,2.4850708079679236,1.0547801941916528,278.5830888912627,1.2399361065562635,0.29193621970453804
96740,-4.71551487957019,-9.387475851043002,0.6256888333079906,0.9282378910143881,249.84187107161017,0.8495554367814817,0.2919514351925272
96741,-2.965735607547715,-12.076174914954315,0.30347051863936747,1.7037063313029566,401.9998447983692,0.2884717048347394,0.2919645373381839
96742,-5.0311392382276985,-10.728434030385332,0.23583707719943303,1.6016083616614327,356.4406089763879,0.7180215700921311,0.292052042859989
96743,-3.5478524901448125,-9.282496266693308,1.1185603207373924,0.9722673600480202,467.4418363055189,0.6034636796260564,0.29206531210928005
96744,-3.4082114291823826,-9.964731780007714,0.9292439992089973,0.8448656600900235,467.80526940149787,0.31002518488818875,0.2921260078944119
96745,-6.0381297316217974,-10.058341874898202,0.9730086099274614,1.4143242202652277,470.18967799704217,0.15853668230081208,0.2921582338579824
96746,-3.3043977360712624,-11.758826179202199,0.42261258886174147,0.9706396164204731,263.2042616712709,0.3917812440435533,0.2921599770473228
96747,-7.526174905148464,-9.217464454686706,1.2099505754314321,1.416480959012764,309.6494585458387,0.02976419710509859,0.29217018693272384
96748,-6.514733415127064,-10.041274281927635,0.8523024836612889,2.5826966368339264,455.7099941922731,0.8896467040233658,0.29223044117800195
96749,-3.4675428445897314,-9.13856594976121,1.3640124387041594,1.0036709734010687,467.6310586766717,0.6171782696831896,0.292239642542348
96750,-7.4993685178078096,-8.956891301009211,1.7049746455032386,1.3534909560590702,322.34597539545297,1.1052246781062136,0.2922526201518966
96751,-2.9434582989093094,-9.435712191169646,1.4522050225532162,0.9806479491129458,468.1959910098077,0.33215939037499886,0.292265585190292
96752,-5.385584936623996,-11.153523983210563,0.4455429954159999,0.9699727750382605,252.3764776137804,1.2383209796989805,0.2923674065046606
96753,-8.271074149152057,-7.308819964150847,2.2392459951454216,1.057265052216365,467.45896515175417,0.5826595902214455,0.2924313822459631
96754,-2.88584994617133,-9.800837670775183,0.6069428885696692,1.6463962226460596,383.4169927585884,0.2880430671058276,0.29247475866040606
96755,-4.671442586703096,-8.948494383939344,1.744101333025103,1.7029370625830855,468.1824550921269,0.5539370575139158,0.2925233806591183
96756,-3.586608108660366,-10.927918271072247,0.6021412354852872,0.8345732864085643,160.2691275479066,0.14338083666522383,0.2925622957173352
96757,-5.182081463240526,-11.264159331027228,0.30793685479728766,0.964903590021353,468.31393297766226,0.5891906328302428,0.29262881607287644
96758,-7.657949253087247,-6.721636153456954,1.550341636343708,0.9895986516755113,469.0435539773241,0.047340550351728794,0.29263943623852123
96759,-4.470176646726972,-10.227849678648486,0.8135108756931396,1.4339627868968832,328.71710743640415,0.36938519612441656,0.29264574146115446
96760,-5.698327830907813,-10.919424576533975,0.4671387323795922,1.1296333388329771,294.0079786070221,1.3678583584247166,0.2926922008278176
96761,-3.4545192641951052,-12.092400133722228,0.36987271336417105,1.665343381290813,460.7762804713572,0.5641408796194485,0.2927122613409656
96762,-5.532188761570621,-9.001504260800184,1.038540128721089,1.102608267620684,467.9457602940859,0.9051541327353663,0.29273901405539554
96763,-4.570829489265571,-11.81991018716273,0.32828932933742433,1.146680159742235,298.1198025149225,1.4900884989576406,0.2927497402607114
96764,-5.785902414323847,-8.75007954158939,1.3657233361377925,1.7948965692569778,427.5542433721233,0.1919237631784556,0.292762741384047
96765,-3.77287107978902,-9.490089966170126,1.4320259407120304,1.655998093505591,384.9957376585923,0.17485928994343514,0.29280710016350786
96766,-3.0398915324655595,-10.097022211098796,0.8522033392493252,1.8427848501248996,440.4724331861885,0.4284045038263846,0.29281208493343186
96767,-6.032756134419333,-8.822700210225605,2.492907570452891,1.7064954107010688,402.27753615203096,0.3589899822149132,0.29281540038806697
96768,-8.42002076889299,-6.990542529202629,1.854072145311964,1.0811544941172635,470.44842912587785,0.019377776010972347,0.29288772996959483
96769,-7.578638886890061,-7.257673254605577,3.2097378878811464,1.078880858192678,283.12983913547316,0.9714407194373145,0.292921453527982
96770,-5.485377199495484,-8.888375068606997,2.151410288532103,0.6881826494686832,152.64371124313587,0.24117758948559764,0.29293519453123906
96771,-6.771141071061155,-8.092306042098139,3.1286209690644466,1.2146972490964985,187.76179344178237,0.1513656714220888,0.29293728825424986
96772,-7.14407542214371,-9.64574868397289,0.7009993116912017,0.9199801645683505,467.96695344064653,0.29921219280676326,0.2929423917545078
96773,-3.7164934153975526,-11.024212717057452,0.5770496944516549,1.1999750808480452,186.14499005808472,0.4429713349647857,0.29294618085259305
96774,-6.7396238810393045,-8.068199090489589,1.8457895484644582,1.086690901342103,284.82195640189497,1.3112412072978712,0.29297602236399073
96775,-7.242535753947406,-7.430206096091727,2.651664133239346,1.7934570985211982,368.60028541888653,0.7224081039298289,0.2929957694930712
96776,-6.825191755786394,-8.896591759261051,2.5299587575636235,1.1037652015712864,467.6211116711438,0.8979334900062215,0.29299578312668983
96777,-6.722494046269238,-8.01103295646502,2.979968804512497,0.9302228840469909,259.7105317558907,0.7076352467295708,0.2930130218524905
96778,-6.084558414390981,-10.61941697075831,0.4883352087299665,0.5205703545764833,131.74642743018126,0.7659562443049319,0.29301883507471
96779,-7.144625101797226,-9.64664292454962,0.7395019890022545,1.0806452312505475,467.65117048314323,0.9007975765494214,0.29305909119463985
96780,-4.838438107184459,-9.247815883737053,0.7372798817575921,0.948653544972499,215.2106581377001,0.25590665196915285,0.2931066789918524
96781,-7.805725693868391,-6.220835028710341,1.1565462824418926,0.9595884472062631,267.54300492013004,1.3012062001680063,0.2931592769515366
96782,-5.035796734474017,-9.166916217552107,0.9125944380216452,1.8234737785613107,433.7181965997346,0.6005950408398091,0.2931622769212655
96783,-3.9895655736548683,-9.937757127835608,0.9705523421410207,0.6458484004803675,165.04215348012724,0.4660270674981062,0.2931746177783878
96784,-5.029190067475226,-11.402494389842674,0.35232959664492786,0.7070233818962954,149.12056880427664,0.08752151778322492,0.2931836915941668
96785,-5.106956928227644,-11.359210061995363,0.32189638532056575,0.9886432085329784,270.46088980405176,1.2211964771183297,0.2932044422803555
96786,-4.438507272978009,-9.264780689972996,0.9547083659683022,1.1692179571673806,266.83035202001224,0.10631395315004966,0.293216464044301
96787,-3.8578237100931982,-9.084445120058604,1.608045841673458,1.1262744038252646,231.5426690100701,0.7870201544156776,0.2932228259514379
96788,-3.5077003136089218,-9.152568703704931,1.342914166456559,1.2297456704061012,310.0158790451838,0.5583393629429443,0.29323349358227685
96789,-5.967503855972195,-10.402927659070794,0.6891972971380654,0.7429710120992268,188.87044428852386,0.16706602481157695,0.2932373412065997
96790,-4.651077821570543,-9.176257334589138,1.1442319307387965,1.0304436204693217,273.85040605328555,1.2632755534849336,0.2932373931174218
96791,-8.418544351990509,-6.025018817537373,1.959254594837782,2.8521016178305247,480.2486128145308,0.8134109731129628,0.29323855079951006
96792,-5.6984890899659195,-9.993250348797233,0.3017818697879968,1.8939024887741254,469.7862661206747,0.2307775387218589,0.2932425429462268
96793,-2.711109380758135,-10.605479145692275,0.653622632393031,1.4494778503205399,153.47909109303995,0.31756475908278947,0.29324578270770235
96794,-4.907807440108166,-9.098141577718508,1.1778308076801203,0.8264482451667526,174.37633494484456,0.8824023409169932,0.29325208272719694
96795,-6.321094507138705,-8.23275002106357,2.3663325113023395,0.8010549872366707,470.1536666057743,0.2003719918030935,0.2932526198906022
96796,-3.0553659963735145,-10.638774181388033,0.6775577118385849,1.1959135803075587,307.03142644451117,1.589165692856123,0.2932739622337295
96797,-5.870513957812677,-8.494925580665596,2.1972551811233236,0.974834811861702,469.0996412308265,0.035972660352832975,0.2932846189718619
96798,-5.981401251727631,-10.554538049020527,0.42214354960404066,1.1065277058921825,468.1806211335766,0.8897669683453335,0.29330301321627644
96799,-5.76904160875125,-10.19875633247178,0.29299507796977814,1.7838622533186679,154.98377041200888,0.3325223576613725,0.2933291216655387
96800,-3.5698521026759416,-9.10058357455724,1.5941327895346118,1.8241204271638367,437.89850236436695,0.14908574984792278,0.2933640979912716
96801,-8.487168180000765,-5.497978819246092,1.1174955308261632,1.873850240167091,469.9042098223614,0.06764350979780875,0.2933829738707237
96802,-5.710016659953356,-8.568902473988363,1.9397455361737201,0.8012955533524996,229.32669987768983,1.2888226090628736,0.29339443217491284
96803,-5.310075483015057,-10.280760783208367,0.2537405269844196,1.7380749560455437,373.90866148487225,1.9496850214593486,0.29348478230620817
96804,-7.615709238842572,-6.812800291035437,2.8902285570542046,1.0144661485334754,202.2330660095706,0.1344027430459045,0.2935094631671371
96805,-3.9278710339246334,-12.00341681045359,0.3748368310952056,1.6360699090007995,408.9433847379618,0.6730782474619943,0.2935304391807427
96806,-7.248252983289418,-7.704905815735412,3.2235139527205474,0.7889766898331961,209.33748631414576,0.9283879052613573,0.2936455240722128
96807,-8.08056984670939,-6.17879626600476,2.755850574908275,3.6718364857607817,480.523773683177,0.13681632761760376,0.2936513687732471
96808,-7.457768864137434,-7.642196416954029,1.0612504693514728,0.5111064327167494,157.35189287625545,0.8419959983353236,0.2936634213860962
96809,-3.9736465332518396,-9.096286990667021,1.6143497911367894,1.5034006266533468,443.31535042120464,0.08170914537515905,0.2937084478092646
96810,-4.583559622613613,-10.753917851923532,0.21215100422694935,0.8491197181556532,220.37986953791074,0.14575141115573498,0.2938308253244458
96811,-4.837798005322077,-11.57369594841848,0.38192982853084634,1.452655285668406,323.9913098345727,0.958427256654895,0.2939002044916255
96812,-4.516145778881139,-11.78946816977518,0.3479052204180649,1.2987549963761873,322.1032531942735,0.4450779285626405,0.29393260808790567
96813,-6.480003597372267,-9.654111075183708,0.4479261266593145,1.0174600994570095,466.4121193953479,0.15793184437397034,0.2940525859646499
96814,-3.811083982259726,-9.95396376656176,0.3017952267260034,1.260257649229444,257.1612467626073,0.03709295913659272,0.2940720022713602
96815,-8.342156420298299,-6.879407731092538,0.8839413584393268,1.069172753430078,467.72568550113584,0.5435637763894103,0.2941241478581024
96816,-5.190521585522026,-10.84895339666994,0.5868603084388369,1.0763498961262121,467.4681964908123,0.6557069163154994,0.2941420974328762
96817,-8.311588527922128,-6.416419037305587,2.3858020630634207,1.5270391224041509,468.56217342660597,0.4888379457939189,0.2941766466663904
96818,-5.281394926270002,-9.950684819830014,1.0710732852183493,0.9729159266787791,237.20691183351997,0.10007507921063219,0.29419314754358467
96819,-7.619543924015176,-6.625820679979456,2.1167139046564833,1.6001054577073477,372.43214725266245,0.9492335872148816,0.29420811521028767
96820,-5.149557209923347,-11.245317819689422,0.45903100616429293,1.5010784310926228,340.17053132878675,0.575478259482975,0.29423900276692305
96821,-5.5985594558861465,-8.855187558115595,1.3098110875205544,1.2558923654985379,281.42669719954915,0.35723765445776934,0.2942524953827151
96822,-8.394386952596532,-5.448789618074736,0.8501030174497299,0.780968930569776,242.80499585256382,0.2890110944766837,0.2942624968865958
96823,-8.109253487776275,-6.619700207137205,2.8431367860208145,0.7755803064334388,162.13920987343906,0.08156130814042495,0.29429914362940857
96824,-4.40738047787103,-10.287885934005557,0.7801039788671039,0.97846919137018,265.9912786447092,1.6558861016810473,0.2943063090787845
96825,-6.999411031798874,-8.38132547657265,3.055427260870845,1.1841358643093858,298.0886124259981,0.9426122697552479,0.2943799343264566
96826,-8.341831202001547,-6.1814918389954165,2.2608252216708413,0.9894958744076574,196.76916259306844,0.7997377004211899,0.29438817162379805
96827,-6.48509909090251,-8.264205207625881,1.7659209975096104,1.0710727678592165,467.85965783754585,0.9393300332665353,0.29441200526966527
96828,-2.836857015503085,-10.002301520459874,0.8513549957269906,1.1713901741463042,449.3817531423722,0.1315720443031747,0.294417103046623
96829,-5.040036393460335,-11.008859408971931,0.24709658776177515,1.4077005262443987,308.5068030055483,0.5309541382038425,0.2944963645078304
96830,-3.562533884045772,-12.013935355585849,0.2501288129585231,1.1047578360657861,289.7866414810918,0.04649898627940985,0.2944970451390387
96831,-6.4608584769308575,-8.260211032273858,2.92633045512948,1.0030324495885332,256.6981723433695,0.4471122631254305,0.29456114029284275
96832,-6.9284854408736605,-8.779530828848813,2.6426902373601635,0.8068598452253655,238.82041492377297,1.2488266126826337,0.2945927186079663
96833,-2.7612992673776464,-10.656621153877541,0.6394314368634199,0.8946196514199951,468.7130594646615,0.007709527391603466,0.2946037126455022
96834,-6.543118867412154,-9.986299426966832,1.018286134557542,0.6934096922910933,468.113962436677,0.43049303049941745,0.2946292072156094
96835,-6.3480255322709205,-10.23107349228184,0.7096735053216827,10.48609060516441,687.0576920927973,0.12678804781620734,0.2946562329095949
96836,-4.870150009400117,-9.209520457995197,0.9345451542237324,1.6195963602585999,380.9716220721535,0.5855486852508527,0.29467118608043696
96837,-3.0355445532954377,-11.20183291518499,0.25301039493490685,1.9149880297035355,468.9430022447352,0.6031043733980059,0.2946863746669939
96838,-6.4115702031800055,-9.028285940729864,2.3573434303096956,1.2569224307479283,470.4914660207508,0.18602650081443972,0.2947652695693948
96839,-8.107354715282526,-5.8441453308696705,2.6091542041757996,0.5945640779117358,187.17989583907993,0.9288818150601381,0.2948185645044482
96840,-2.848530446430906,-9.636559543092883,0.7846689682579572,1.213454801285702,282.3540508926838,0.1428632821660596,0.2948813960808283
96841,-5.464204000877607,-8.688177968813477,2.0477736444361345,1.5599877667884419,360.53570442053916,0.17836082597401504,0.29488458738623785
96842,-3.972325383418724,-12.178607890693657,0.30919303337096,0.8877536017745097,187.24086730392432,1.1088210605949023,0.29491986664780473
96843,-3.999129412131408,-9.260782154749723,1.5627798372872101,1.3512556157805429,292.4092128396241,0.32963379613520605,0.29493849921858123
96844,-3.624375754307117,-11.464284473655665,0.49144278115712775,1.7977991026582416,429.1948599261588,0.4483165481488358,0.29496572199796955
96845,-5.491822115277208,-10.778505556685047,0.5867194854575102,1.0559287068716174,467.50780629197504,0.30561351947985393,0.2950135840083667
96846,-6.485472203767709,-8.194139702602389,2.8674229378670804,0.9909899410519712,467.39536765152167,0.4044387822614537,0.295028094185294
96847,-6.913181994210518,-7.809632794349377,2.4061573093376154,1.3786140166310121,312.2159057589746,0.17738197447065485,0.29505542572480814
96848,-7.008497261731943,-9.758186028176912,1.1006734396869362,0.9205404673548838,470.2743532616945,0.027257366175494013,0.29508279780956176
96849,-5.510014738378699,-8.670895769680893,2.0045728491338592,1.5817982849773067,182.109822064378,0.1752084944981025,0.29508313953644105
96850,-5.0901003325456315,-9.501160640740206,1.4853749717017883,1.8887421896380494,454.4312919022049,0.5219025451260535,0.29508770063020034
96851,-4.681705611653739,-9.362989353016811,0.6571102328629944,1.6162774962201398,467.9558222468857,0.4389600126552171,0.2951812726335068
96852,-4.647054169728855,-10.808468437416508,0.622967149353286,0.8720417975889864,153.69799929389117,0.20464165931755307,0.2951911361854437
96853,-7.7287480417252095,-6.7447340868340016,1.137549320607834,0.9386594136906661,265.01285474000605,1.6235162909968333,0.2952289610323392
96854,-2.718879523623774,-10.610698703317286,0.47964691338764226,1.216971696568632,300.9853413450199,1.0264116844306566,0.29523884482222196
96855,-3.374515881235281,-9.419733624787456,0.6677446163115103,0.890391900246827,469.5299557998725,0.16362225809599362,0.2952886356149643
96856,-3.523263359046055,-12.524493030412065,0.2871322744905261,0.898761296983583,179.74890671567985,0.5660861639164922,0.29530121907169865
96857,-5.870471305463155,-8.660461219181101,2.481318515324491,0.6939686959625069,187.87872674059716,1.0257795564193097,0.2953191860038208
96858,-3.1259910772980826,-11.937813806403081,0.3291340162091481,1.8787553282934397,467.72677554237697,0.4186712082319817,0.2953307296497941
96859,-4.137200224382952,-11.855740168079791,0.38744564132480597,1.11445351514659,202.595977133861,0.3678987260181419,0.2953351807533852
96860,-8.004217499289513,-6.595859711722015,2.9672722023020826,0.894504644652862,466.87370220735096,0.5487467556776968,0.2953485487141816
96861,-4.637166543977345,-9.247198080895709,0.8663068663725055,1.1207040443527663,467.9481478748268,0.4126472326634145,0.2953637149908718
96862,-3.6843697368340624,-9.266313623726996,1.5465781730000576,1.5406795464958443,348.14115238048106,0.6084060464073273,0.2953887933333271
96863,-8.516224275595873,-5.331506923621629,1.3064826317041254,0.9128753524238964,467.3630909021255,0.5792750338001342,0.2954044106390758
96864,-3.08690163920783,-9.38170947916021,1.1439897068220906,2.444763710065775,451.78755520954616,2.0536582214426877,0.29543455528351953
96865,-8.434101500886365,-7.264504426774432,1.2077035938244693,1.6178499530625357,468.9941673711327,0.49603695757325816,0.29548055030061243
96866,-5.98029482024865,-10.029756587775735,1.0105091835688924,1.4209302389653717,270.3234960995656,0.2544781276749859,0.29548182425416786
96867,-4.968619853817106,-11.447875819366244,0.36226262700510664,1.1107319222677436,468.0330110939203,0.8440241166036291,0.295543426111936
96868,-3.0849190627105703,-12.060767848222278,0.30927907842607344,1.0264083664126222,468.1370994777838,0.8591719254944463,0.2955569760018295
96869,-3.689202883951987,-11.575721374928701,0.4420998017389277,1.753881543466251,414.1298267331821,0.5635359874276018,0.29561676954665733
96870,-7.885718035586114,-8.347615759349718,1.8680709286863668,1.5670140747846308,468.6074223381881,0.6390590280664439,0.295621411212915
96871,-4.003015741482399,-9.865528801168209,1.0170229919453413,0.8613204746544816,469.0686593453069,0.14958154877054763,0.2956446600650127
96872,-3.0653960638077553,-9.2843109730864,1.2901149668469973,0.6741911685079884,464.13348297814167,0.4214143568112867,0.29570899501034625
96873,-7.467053916447063,-7.908483185930554,3.12334805291661,3.312836398429012,523.31040610974,1.369844035141555,0.29574385791047
96874,-4.387118250124212,-11.875737144845603,0.26189282387123214,1.2695975007745788,229.85467951670094,0.02932188757527765,0.29576257076006895
96875,-4.023253355538853,-9.094529783211451,1.6074268599269728,1.7374460871731976,416.53650115940985,0.9009759842567222,0.29586192933892114
96876,-7.951477393520312,-7.846491541425039,2.4801474673814266,0.867940931652703,467.6876806184509,0.7628513961309027,0.2958857262242142
96877,-5.835526740356055,-9.050661891523236,0.7587473782471096,4.562840110912187,237.1409650979921,0.3627180385385822,0.29589882030148346
96878,-3.3053007862740538,-11.014116662300662,0.20406888910224535,1.927752372842002,390.1056775639751,1.1017182369396181,0.29590591870419236
96879,-5.7905139830886725,-8.545715032658586,2.032283545523872,1.0387471403049144,279.6584389074421,1.438964251073788,0.2959534670988887
96880,-3.1139619488772174,-9.415802211026742,1.071755285116919,1.8220705298028947,437.86098217481083,0.40671731082171103,0.2959634452668376
96881,-4.42772328032487,-10.090370859857611,0.8631144123896953,1.7948648728098249,431.9980346679713,0.5347216890030415,0.2959704139662379
96882,-7.611872080744042,-6.769978388012509,2.771756598914455,1.102117003347585,140.21737983727064,0.2785682410202144,0.2961174995816492
96883,-6.737510358978558,-8.268929801339263,3.1299053505671997,1.138259372073933,270.80899606955677,0.8164183614591511,0.29624182926283
96884,-3.6042688056018024,-11.026796375197655,0.5719273423344046,1.758306601715213,468.4928861115821,0.464359758960609,0.29625975595292753
96885,-7.002632841642933,-8.616489999808923,2.807058758433175,2.027875508135328,397.93174028964637,0.8364555445748341,0.29626821725036007
96886,-5.61031592176024,-8.956705491113256,1.1267627285295476,1.8729760300837457,467.9718888907435,0.42894716053684867,0.2963050636381025
96887,-8.019293941605987,-7.4232953599255405,0.7418664875290419,0.9329676074383678,220.1597651316116,0.33248673138889995,0.29637227669676924
96888,-3.533563734840736,-11.590323364073662,0.43919463626357186,1.7138055532051668,402.54098111291853,0.5075269383838092,0.29640810600084905
96889,-3.147339189516236,-12.197440256593334,0.2977382060166071,3.0480890530839,494.8348507729942,0.742765317183057,0.29642267680774886
96890,-5.212231439992884,-11.175875721422333,0.3008765699067776,1.0095307917225802,469.0215886510724,0.6376061267829041,0.29645226098749705
96891,-4.6078771465790025,-9.132618192638576,1.2518601940156358,1.6015369498178371,374.71083669881193,0.3277307545532162,0.29646254351476214
96892,-6.471045535190028,-9.84675108355123,0.4631810203098042,0.7987389337226211,169.8026735245487,0.14356560645443306,0.2964721919510766
96893,-4.696414452763939,-11.623544009948857,0.3739066424856395,1.1872127816106157,330.3866442142881,0.4218538237474654,0.29652754862645736
96894,-6.405125826356153,-9.477169054091682,1.6381861455895366,1.4926057087171996,341.07902276509043,0.3756568075982534,0.2966406769694592
96895,-3.0928753330825742,-11.763106545808592,0.37518629213971416,0.8601341584773279,225.91081297309645,1.3727318408050042,0.2966585380325162
96896,-4.810903177900543,-8.918756044007901,1.6545433982810118,1.31076737948493,298.43144733891427,0.956504664670649,0.2966769864762066
96897,-5.640922429380096,-10.348356957017096,0.7411164967366113,1.433058425626499,315.2340123629505,0.7622085060129766,0.2967122144225126
96898,-7.619808006949955,-7.766462101603954,3.076323348798275,1.6054237288747057,400.9125365094318,0.044821393012928645,0.2968702280561998
96899,-6.923854348766373,-7.896086572852778,1.9394476757876604,0.6907056831368902,192.36682573052627,1.178495411887436,0.2968803036603502
96900,-4.667575725544432,-11.368345245578851,0.4600882495685336,0.883759801305859,467.5590390453029,0.6740855729354571,0.2968959512555193
96901,-6.082588513658012,-10.10550524125346,0.3626010883012299,1.0845437195404881,260.3852952747348,0.44023331745422034,0.2969022539748387
96902,-4.475192566556737,-9.878741920472788,0.3361998571230963,1.0700805979106187,225.96162643980637,0.4140677877553509,0.2970236962091543
96903,-4.367958361854148,-11.760225802635079,0.36042388955048044,0.9838616384323675,467.1577985563217,0.11758471116927804,0.29705300882932034
96904,-5.0612205226244305,-8.984533433593047,1.3229048808173278,1.4144521552292124,327.59215556677293,0.461672209057439,0.29709922695058577
96905,-7.6756864853583195,-7.989748316269636,2.8090457099008748,1.738304930015916,467.7735619036309,0.43060442702833956,0.29711427833386267
96906,-8.306073023652864,-5.660286325571641,2.2320659990901457,1.8210220492102498,435.0354639607265,0.17771059514834864,0.2972426629988837
96907,-3.327255229974451,-9.359296734596196,1.0295545637141708,0.9158065989159269,468.7070299770506,0.150179126174808,0.2972914517587225
96908,-6.9354737140431775,-9.384709977296806,1.6334917757862195,0.9065898966497992,364.6413197512977,0.15434892680875034,0.29729806682361165
96909,-6.057879105690791,-8.986152009718637,0.7752845586420332,2.1170759341242325,260.04939497928166,0.08052294880818511,0.2973045948254935
96910,-5.93730047434316,-9.673245308199746,1.404752417898375,1.3704967187077726,445.09491642595015,0.1294345292208936,0.2973231661483995
96911,-2.9448681209573664,-9.521097375698632,1.2578653306136576,0.6881930838043193,149.24658753523212,0.29407228080558667,0.2973241030655777
96912,-3.7953559226508604,-11.282368046604685,0.5137254674659109,1.2439330716220014,302.5895656079554,0.47894751500260124,0.29738437284915054
96913,-7.965001725573115,-6.1830608265975755,2.7842427216668515,0.5470716741587118,114.4707756231854,0.5736170641595075,0.2974601715332747
96914,-8.502424147551455,-6.3579668169919366,1.1757489385608026,0.9646725703170044,195.95681489366555,1.0750103577019425,0.29749699334961316
96915,-6.092755846555835,-8.507841458480115,2.6526934612937776,1.364570664712198,325.8261856849216,0.5635602530739998,0.2975595858860728
96916,-4.65392437112996,-10.36774101187873,0.2390691768574139,1.0342998003399915,272.13407689468323,1.6439089569165226,0.2975802004567845
96917,-4.4865126062413765,-10.828055859834567,0.6117929953709006,1.038380076937525,162.9330789412191,0.192385115621037,0.2976104141225438
96918,-4.30600838056928,-9.601653062331359,1.3556676333647097,1.7555728480768273,467.61983321639394,0.675073606843756,0.29767752864469876
96919,-7.5207008117330485,-7.2360386110601285,3.1320796831523796,1.1769242594691298,290.0230277364823,0.6798218189840082,0.29768259468820096
96920,-7.836681638828322,-5.534263948349518,1.7774872879483166,0.8168470021825901,159.6250944058539,0.35631267788688525,0.2977102335414931
96921,-5.642768418819703,-10.852038908325495,0.3751018549847368,1.8671781590402254,470.1487288483749,0.20007671142140548,0.2977676268772037
96922,-6.872436668752682,-7.851984679130227,2.433066514993511,0.774183622912249,190.5531020356682,0.2453272142763785,0.29781139731134826
96923,-4.55815058145895,-11.660514882565234,0.3411746082194497,0.8595471908949993,468.17620532184134,0.4678579725612506,0.2978130084627111
96924,-7.792669844174952,-6.048536055419629,1.5585559622166631,3.757308111546629,545.6815867264597,0.4384988689166809,0.29788901791443956
96925,-3.40595490557177,-9.182685809802726,1.3290753146588699,1.007356863697708,215.1750312547018,0.19577855430401936,0.2979030066259866
96926,-7.892028929119705,-5.589443727035234,2.306620999629019,1.537006224666233,456.00153720342166,0.11669709131250983,0.29795955521029566
96927,-3.3535445565438105,-9.220847442549873,1.286519763778434,1.0443357630768912,279.3890732967977,1.208304721808858,0.2980088045674072
96928,-7.047838881479086,-7.679467452311329,2.6042325353389284,5.0322292604857894,282.26303374613764,0.3206632511817151,0.29801187978600696
96929,-6.421014024289231,-10.291650238836544,0.5177380640715926,0.7241488914100919,217.6892441991347,0.9629305603139775,0.2981064246417584
96930,-4.260999444186339,-9.921863287845724,0.9663822306810198,4.3372645338539435,287.5130758476086,0.494842664035791,0.29811418702680653
96931,-3.2268161812895073,-9.832971585050903,0.9904594381974792,0.7351294291513485,194.65495724887177,0.46910738076884595,0.2982486451577823
96932,-4.463550552963053,-9.078619976887527,1.3586898123958173,0.9605184255954732,467.4439987627568,0.760319748707472,0.298262338761182
96933,-4.270358215244981,-11.692148818803224,0.40470203890826634,1.640663246758309,308.25599585237825,0.29034403498859884,0.29827725933718796
96934,-4.566442348583878,-9.15733175941704,1.2333469825278545,2.274945692658367,430.0494154465429,1.276959006130972,0.2983091438653327
96935,-7.162591500094387,-7.565154059181913,2.7424086898194786,0.6294104374262187,182.00990286175423,0.2782006293271957,0.29845177425470776
96936,-5.150011574808214,-9.681227121643728,0.39581829500786714,0.9546493945954833,191.566017470462,0.3922500902335564,0.29845776494559473
96937,-7.368140362468049,-8.657601569682525,0.7023746335570614,1.8679834112761458,468.44576584423857,0.35842512531431314,0.2985538158101095
96938,-2.8380530586852606,-10.321910912799408,0.7434993820824414,1.1702953867494763,454.234763499442,0.5061775151304095,0.2985781958696487
96939,-5.377675461324116,-9.076520662681453,1.0012827524675738,2.001068975605606,404.3749301849197,1.7009806959103022,0.29859114775195744
96940,-5.803370645864651,-8.65133377370373,2.353036306555323,1.1820150489997012,293.41657244405235,0.7873933541706393,0.298593816349916
96941,-5.301050770924405,-10.569897296009199,0.6658344333380134,0.7352306692881265,221.75595362481806,0.6738228017633601,0.29860809326063503
96942,-7.448198468620085,-7.14871816005914,2.835457745410994,0.7527930521696312,457.9017615447511,0.3128435697991323,0.298621325019459
96943,-6.484325239024834,-8.144511935233794,2.6105804293869626,0.9694160533757485,245.8688761614844,0.12929813497305442,0.2986577712709564
96944,-5.213678916493183,-9.152387304237973,1.8209734040268635,1.9804951179071906,403.0282880166819,2.0500748123342882,0.2987476537583294
96945,-4.517445967998169,-10.401604100489465,0.23595257832842922,0.6547401213297868,180.61358276483645,1.1450800701065136,0.2987932686437913
96946,-6.627332132186135,-8.063119317888566,2.223437954927202,1.705421865137361,364.4682356441982,1.2232224131841427,0.2988846731978072
96947,-5.404376617276094,-9.890289598858567,0.320741788053186,1.559149146000629,356.6412081822847,0.3915284068594067,0.2988940780661159
96948,-8.17890111176015,-7.9799290905767055,1.564200000267849,1.5540893366539923,368.3276501808419,0.5652989942873861,0.29892076986534605
96949,-7.7491634277489805,-7.839478810208303,2.8488473539577592,2.3844860339535363,426.7231358346574,0.5634195498328216,0.29895889832597417
96950,-4.411851132050875,-10.114000467713133,0.2736998004081408,0.7988877339565632,169.4750114792293,0.1062063240261244,0.29916339224936067
96951,-7.415008063588288,-8.027686083871952,3.069040948773417,1.3135380178794187,295.9531189280812,0.25970026081709463,0.2991641350799341
96952,-7.24488574412244,-8.015157648111096,3.182045787305362,1.4830969120303714,469.51179509261914,0.1735640811533088,0.299169698270115
96953,-3.046833167989206,-9.532938444437892,1.1148358789027055,1.0610727212974778,277.92667599347095,1.04646144952192,0.2991949385000814
96954,-8.253078751257306,-7.6051009895309525,1.917050550093897,0.8158111516824387,208.50741372822372,0.36520185825951224,0.29924329606851213
96955,-2.71839662333136,-10.089666936793774,0.6131533953364415,1.4674303384179357,336.1388116015009,0.10377830977489388,0.29926454051690377
96956,-6.539754015329821,-8.402067964777483,3.000002259258759,0.7393261842347094,144.85976580533105,0.1883736703937018,0.2992800869226574
96957,-5.112143156124831,-8.855651232032924,1.8574639843448029,1.8252701400793823,434.7063170244701,0.5333354616165922,0.29928794762360195
96958,-8.367358557895294,-7.336860186542903,1.7743112044222868,1.0635002374506497,228.1572161998119,0.9533480121343514,0.2993355284697596
96959,-2.6992744450047272,-10.535528616978436,0.5761161640342084,23.84083248180534,584.990524350031,0.09457599799712568,0.2993556678664349
96960,-2.9723310792811315,-9.43828580028713,1.3499903858237245,0.6325146419247425,168.16719156365576,0.8649852066799548,0.29940654128346295
96961,-6.982076411668411,-8.361892913402375,3.0602443847391525,0.5672574947724655,119.55200072779739,0.3957718047046397,0.2994324969574621
96962,-5.226291658608346,-10.276468831566085,0.7784707163319938,1.113765532688526,285.89728085825095,1.5153458067772059,0.2994344909543224
96963,-2.9440562595697344,-9.475470860627983,1.3328002101359098,1.2159298059231292,257.1703379946053,0.5940773303374245,0.2994405571172024
96964,-3.9495572905304757,-11.850931465800604,0.357545727952313,0.7907492063016273,160.82614781247221,0.8636283955535768,0.299450200364952
96965,-7.540216267894729,-9.186901705077151,1.208579817169741,0.5806170173020867,171.32982796468764,1.038048271014067,0.2994724010277409
96966,-5.497036954153468,-9.860738585593968,0.3274071081168752,1.468045380923161,467.99578995062694,0.16696787437439475,0.2995062921734249
96967,-4.820351854264706,-9.750022323759797,0.37972082348667774,1.5626408355138397,349.03928952391243,1.3560227665763085,0.2995546385726886
96968,-8.036034672326291,-8.332180253733497,1.360226260978407,3.4251605655754433,528.8852862697114,0.9661909244996396,0.29960792259329927
96969,-6.608325061718412,-9.738028227689957,0.5111566678766125,1.050226499306189,222.15658011221961,0.22222897837052447,0.2996231290573587
96970,-5.366217947142847,-8.981518022253091,1.2443137055069935,0.7477531384297795,212.03331225420806,0.8480372595841903,0.2996272178088509
96971,-5.346161827117056,-8.738168503500432,1.9276883467245267,1.1945833907656311,249.49004637453191,0.03888751459189166,0.2996430822515633
96972,-5.474201925160035,-11.01855566662097,0.4607239083089055,0.9553186608813625,268.2770515026254,1.3031814167562503,0.2996654317622229
96973,-6.158649646587191,-10.4764970875327,0.5920440290573591,7.289305066974674,397.0916482625809,0.15083242846602118,0.29966858927093337
96974,-7.656428419601818,-7.644963529518175,0.8437298972162655,0.7235272468837376,466.69366117404724,0.3168005065255306,0.2996930431567434
96975,-3.6533262121546297,-12.144938342934697,0.3017079406878391,0.8997280985911936,354.1990312493596,0.17422081825051894,0.2997675412572423
96976,-4.001528838676864,-9.461747838469464,1.4342602463409757,1.1049533464798784,288.53912874444677,1.301999999496931,0.2997916986788831
96977,-4.987985906679992,-9.121528607403853,1.8041124147307606,0.8353579036350278,185.18557107953387,0.03455695722951191,0.2998533500282527
96978,-4.482538294041127,-9.054866244618749,1.627193772862041,1.0378228008745582,468.8186510221916,0.8863193078525571,0.29986960239274035
96979,-8.506331297164206,-5.247287099014365,1.463358690714197,1.0994544730485283,273.9635447959854,1.6798865270078238,0.29988539192532565
96980,-5.529310709690926,-10.951150207305725,0.39991545516495447,1.867796047253264,448.3627804897748,0.4234029908002066,0.29993385673953515
96981,-2.875093889562166,-11.383579823866643,0.3110507465174561,0.7551776327749388,169.529534964807,0.1656652244190422,0.2999795498599412
96982,-3.3909195374360372,-10.711135794716697,0.6479008058389719,0.9684368864725855,468.1145535433447,0.628290892175797,0.2999846049884353
96983,-3.0064935686350482,-9.921996016490368,0.4837257018644495,1.057617840213655,468.0958167812775,0.7283479022714552,0.2999884318145483
96984,-3.0670532528919834,-10.738843237789125,0.6329051526291963,1.1015026973504947,292.1032512376035,0.829215813207651,0.3000218018081748
96985,-4.073824689575842,-10.77764727072632,0.6253044251949057,0.5089595944627793,117.83897063220206,0.9546868639136923,0.30002809126677876
96986,-4.547590338056381,-9.029599093128963,1.4353505689365964,1.4053373924328658,468.1234963887491,0.7440607584633883,0.300070358098402
96987,-6.015737333145069,-8.662233070250299,1.3996123262353852,0.5415723464770809,119.3552738482199,1.0530783507549222,0.30010096890180105
96988,-3.0686454548278324,-10.768999608291365,0.6220692883246653,0.9078700977153689,454.3114907899819,0.167369264714476,0.3002177413968239
96989,-3.5798694852971558,-10.090168440097969,0.8457923013606308,0.9536835873149148,468.4035194181856,0.26362899012924235,0.3002177965387798
96990,-4.113759101958654,-12.076300272095352,0.29067929559993855,0.9172017267997579,235.35617399339182,0.27888524955554495,0.30022589631859475
96991,-6.875751440033502,-8.69550864334445,2.754244153513085,1.845532503850153,443.55033506113364,0.45336211892776923,0.3002309366121185
96992,-3.9499904599215574,-9.747287189242483,1.0869117284795924,3.621997527268949,543.9719432092633,1.0758984031323662,0.3002417608405817
96993,-5.968396099492056,-9.535840372666714,0.42611855110372343,1.1159182749164165,259.72556331033064,0.09565156958517829,0.30024292523773977
96994,-4.797636655696325,-11.049477507268156,0.5326910430788774,0.9638172758306423,467.2211998328411,0.6143548515032675,0.30025068861125104
96995,-8.080720246717195,-6.1126788922553965,2.702904164320408,1.7245293078092108,441.4511186796579,0.14438254339115986,0.30026448281016044
96996,-3.091051802481095,-9.47137662726752,0.9318515061891992,1.730166548920562,370.86476106121364,1.5453583576048926,0.3002791327891966
96997,-8.271657940450227,-7.668418675670966,1.732006594130664,0.6766767614255607,138.54637794882274,0.2828964959651312,0.30029149401002636
96998,-4.975278814692857,-10.060634273795579,0.28010072793725554,0.6689371056210858,140.77624542280824,0.5508152483218671,0.30029816361953043
96999,-2.9747743049503814,-11.583119524723827,0.33373312313112397,1.239289800065067,413.86415459709184,0.0380019440034447,0.3003022126061359
97000,-5.063367838078065,-10.260403865009794,0.7829085391694323,1.4744993226429983,345.5618072118421,0.41394161784027705,0.30034042589516546
97001,-7.157766936987319,-7.56525601408706,2.652796733445327,1.1031961376990167,467.35711765173323,0.8838728599472274,0.30040608598738633
97002,-7.773287206116931,-6.452916897009069,1.307688959891174,1.2920937171154876,468.40995308767185,0.4406522583818413,0.3004124232863411
97003,-6.44086520770896,-10.300828069186775,0.5856460689636317,1.860636080482518,383.4415670727306,1.198976738962501,0.30046308711425335
97004,-5.605284760227336,-9.488494723682022,0.47690092118485927,1.0806989548077122,214.4658155653899,0.7303927836445725,0.30050573905450667
97005,-7.735342836828409,-7.543757710981988,3.0839954292071674,1.6169340795085587,378.4978964982089,0.8979101520034254,0.3005495616920322
97006,-5.0632680014811635,-9.092250044252843,1.1811398358231,1.31633226640919,467.247475873643,0.6266044054570008,0.3006257231334671
97007,-7.609406424536523,-8.69039189072153,0.7178353737084131,1.1713676907492838,303.7211822815645,0.6410057759873391,0.30068201450835497
97008,-3.256744764677169,-9.982126746661205,0.8862780894922271,0.7290250726589896,468.8285922049882,0.3279560380572635,0.30074989275694164
97009,-4.611686243251669,-11.5606033407897,0.3680648670492174,1.4400082721080874,335.2351619670737,1.7837811515353268,0.30078647368188044
97010,-3.6655347012264228,-9.730129878041502,1.1303812100668118,1.1778320528982902,303.7131383509448,0.4810977186533769,0.30082925231705143
97011,-5.363863332414404,-9.746441711295867,0.36278496537884436,1.7071418723839225,402.76258849207545,0.19816990711098992,0.30090726817309715
97012,-3.1091306470461433,-11.111323845244737,0.24921562194343821,0.8621661687080638,203.45462108182286,1.112573807539655,0.3009231087282399
97013,-3.0180972569704156,-9.581463180706649,1.0646584487440929,1.098141961416816,128.64436847632314,0.34575582639658275,0.3009742601420769
97014,-6.0391812734350125,-10.067829156006049,0.3544199679852093,1.583870502588337,368.6704999150094,0.772058935212848,0.3009767288851377
97015,-7.58272331892411,-7.471502471620323,3.1997869103469596,0.9834651210579787,468.96302825477676,0.041418977716428884,0.30098370779100736
97016,-6.004466619386449,-8.957049623818886,0.8413636916627357,1.1582393975969556,467.2815119680308,0.17672017936060502,0.30100211735268023
97017,-3.1574989917454275,-11.304826450778634,0.4742172833088066,0.9319377030746008,467.64383564001884,0.6519091331866589,0.3010243455266417
97018,-5.694128294407267,-9.000304025437813,0.9783616833630843,1.8468640948769401,468.37341049911,0.22174056772497774,0.3011269267096758
97019,-4.61152631206785,-9.179540716779963,1.2018320876747832,1.9223275341257586,393.4940979040595,1.5337189393776685,0.3011360402560231
97020,-5.973659030943069,-10.66088245132693,0.49707626242391467,0.8265776876252512,164.27119964055075,0.2812568249160998,0.30114567516255386
97021,-6.540278413364194,-9.972461564157243,0.9498853493171826,1.035670673924393,272.1022859207082,0.2804220876378727,0.30117793296327183
97022,-3.1136399372501753,-10.44788824804142,0.7102521036800674,1.2009374833291129,273.2710458158368,0.457916324759692,0.30122207492015796
97023,-6.942424305571124,-9.590569453025669,1.3507269910963469,1.2625609549538992,277.29339703549914,0.08505490830656548,0.30123836858850206
97024,-7.734932125461334,-6.260375624033576,2.2690997636581782,2.1286707571403785,407.9731203175806,0.8072834156594784,0.3013093701884562
97025,-4.294405871430805,-9.122734212217921,1.3374640938171667,1.5096986027573374,274.38111586551605,0.14259892344243674,0.30135277267566246
97026,-3.6937704963078586,-9.567202592754688,0.5424477676208512,0.9657136464853805,217.91364844058984,0.45769060706683895,0.3013719121595373
97027,-6.002457979703517,-9.914387127506433,1.170066637154462,1.6991602100719856,450.23605981455756,0.04613510025305967,0.3014405000172752
97028,-5.6333414104610675,-9.156773183881445,0.7152653253146511,2.11348710173405,414.94259546717683,1.3858966534899908,0.30144248746737895
97029,-8.386887012420164,-6.513086131997253,2.0944471181055406,0.9868772019110552,466.9833443475876,0.6783422455718693,0.3014452329438821
97030,-3.029977029650661,-10.354558216753325,0.3170921218335363,0.9327077089616378,252.3649943719016,0.425184565172402,0.30144533574717197
97031,-5.013306007505437,-8.935248198485976,1.8696555663389083,1.1306886826795783,295.80486557549034,1.7092098066438988,0.301447341566969
97032,-7.937780023456975,-6.244864593352172,2.798481962381939,1.7427016427093223,373.31832657011824,1.593249292619471,0.3015176906077232
97033,-7.398913325164109,-8.843086883889914,2.050958090026334,0.9175511894509019,251.48145195356696,0.18317155619439696,0.3015216556707927
97034,-3.863244772549952,-11.903599883755598,0.3217865294576632,2.1802581924478712,423.8232368910003,1.8081716422359113,0.3015285847922462
97035,-7.522114991773632,-8.024366126967855,0.8203318668843121,1.918325043807994,468.6250316708428,0.6490224887380709,0.3015330006283531
97036,-6.545834254934908,-10.10019823461722,0.724381331688372,2.61662593071867,466.5117218299167,1.6172261870950608,0.3016178238263757
97037,-3.573302903634654,-9.494547161782542,0.6035752838653095,1.0807657416441472,279.66024253250475,1.1222353595649475,0.3016551567308727
97038,-2.877734765255058,-11.26833312832409,0.36121853019830524,1.1864439291121078,303.1567717086858,0.5173972328413106,0.30167294356231583
97039,-4.07750431989232,-10.10570403312621,0.8391238585890569,0.5538507362855954,168.6556938364511,0.8844905109118466,0.30168851298687865
97040,-3.266707085815524,-11.50766757264935,0.43276459032984527,0.8286157423627102,172.31021125075137,0.569485732288828,0.3018573998642841
97041,-4.371136286512991,-9.386993626233197,0.6753573012793079,0.9540234189047213,192.74921889373132,0.6396830085103327,0.30189766116131367
97042,-7.686806107031127,-6.430639836292698,2.0011942298810528,1.355180192759762,296.78497796722553,0.1766179536961472,0.3019103947482663
97043,-4.545003788379316,-11.26375578404166,0.49036448017405115,1.3316231279947908,285.2554045721781,0.2947615734345961,0.30193093604652865
97044,-3.498810396766798,-11.694135518317594,0.4101653123389174,0.902757770123752,468.0925985196868,0.46471589160824767,0.30193616039099014
97045,-3.8227303350420456,-9.305941462731209,1.161902679874621,0.8654250166672895,468.3451283311023,0.10510512921890047,0.3019392795836328
97046,-3.3445021046081846,-9.36480622026476,0.7638902787533615,0.9759642419674808,467.2134112546747,0.06529912757849932,0.3019459164592565
97047,-7.780710192068309,-6.019074573093464,1.8183956802862815,0.7931665004227234,188.3769985200087,0.08738426701300028,0.3019917817579266
97048,-4.7995420781303135,-9.849331095271957,1.083277831945033,0.6960240582175706,466.7160297266041,0.48462141285758786,0.3020813241997898
97049,-7.538733538647492,-9.196117546821764,1.1792434703472106,1.4280012594693297,315.57992998607693,0.03534200460319514,0.3021212260735542
97050,-5.997739428980065,-9.909813693092726,0.34880913687172466,0.7605327100299634,468.48408511212835,0.49621228646102455,0.3021484266282316
97051,-3.866694825699323,-9.380893299434689,1.0437051397335784,0.8698917298859727,198.34942084072625,1.0090170346860559,0.3021608906890292
97052,-3.919262658928435,-9.467717996088197,1.4107126788093383,1.1934461727364236,307.0263831094457,0.5405940356327994,0.3022491970172006
97053,-3.2265513895159383,-11.19901453481484,0.5174623989192971,0.9758908823261734,126.96233658589586,0.33416535652783175,0.30225090756872597
97054,-5.164482222337771,-8.822956220927097,1.8652913180686055,1.1592370329442412,270.39302453318254,0.7993809583417084,0.3022774737328004
97055,-2.9752121454061626,-9.402348372706482,1.3151366594516032,1.8421821398804745,442.5066971734336,0.9119657201468305,0.3023151338710433
97056,-3.8545510424880174,-11.844418057601102,0.33903943857829466,1.0169783866881752,269.2233001479446,0.63651086032334,0.30236018820274935
97057,-8.515078476480383,-6.252498528531498,1.3632425436545894,1.8777215527942903,469.35909782602056,0.0422610368107641,0.3024086697937729
97058,-6.176284175257254,-9.865965530870348,1.225287121017779,3.1939689834513705,513.963045390399,1.2982348934372903,0.3024339822826238
97059,-2.762504879265731,-10.07987883167926,0.7705360758081791,0.865069847599098,181.80950901066868,0.952263394682821,0.30246756919295226
97060,-3.4444980850938665,-11.148687833644361,0.5265466075077749,1.2107418806943653,294.53279235055123,1.3374658564027344,0.3025057319325086
97061,-6.9099056375553545,-7.947207520117258,1.8492124198643376,0.6849720779402931,202.60807419264356,0.1529749038794197,0.3025445787684989
97062,-6.933856977735397,-7.837102219475637,2.191622753757224,0.7087571607500736,155.0065096959421,0.007578862843558909,0.30257597555970234
97063,-5.547128483776236,-10.317966579914579,0.7435473262694587,1.17269825657798,467.9193657520566,0.5953144057184945,0.30261193868879116
97064,-7.595573263029028,-7.008817332985051,1.5352494108587076,1.4168854967179987,468.3245726315331,0.3153623683086435,0.30262162421407446
97065,-3.464228786793422,-9.940044638812461,0.32638080086048643,1.4018860170158896,329.7566527809841,0.30684209789593897,0.3026374564352868
97066,-4.6844632294126285,-11.579638291170804,0.2934204446871533,0.8082991443188943,463.03470654314947,0.4903605144850669,0.302638154536449
97067,-7.183428347632639,-7.688283077472769,1.7729137887551065,1.148194673352972,468.3933247355319,0.5338186137004017,0.30267194024213634
97068,-4.029892466945233,-11.649519175686551,0.40840181865382813,0.7471453981467189,152.3600579306468,1.0829892340713618,0.30268612561986413
97069,-8.075245577816512,-6.308465402420354,2.771679362377851,1.2030962456725962,306.1281150706865,0.5088045702345214,0.3027059411862837
97070,-6.1587552544527355,-9.982312914776028,1.0605005124983145,1.0202828602760936,468.33246617142726,0.510740028992192,0.30271678503329486
97071,-4.792712711128264,-9.06542357342321,1.7407831518010461,1.0424376241328326,293.56401259392,0.3048192723502936,0.3028761705296449
97072,-3.7472546163421487,-9.123979923158167,1.532634856260698,0.936383398352398,264.53061634125527,1.7600647616182057,0.30290222408422973
97073,-3.880303362006373,-11.017770066601223,0.20896714526721602,0.9279094839939153,186.69732613759695,0.8178569084079639,0.3029177724058114
97074,-6.883289687285022,-9.891740505514436,0.6198574465875691,1.4504681857207913,468.89424872229836,0.854477900372129,0.30293650195491084
97075,-3.7866871965795923,-9.353772937585571,0.8946787515309585,1.1045522547782758,284.87809804330584,1.3124546034967821,0.3029953582124556
97076,-6.838813214728113,-7.96177509246594,2.995590942364137,1.6334840223877916,379.60805617569696,0.21215183208454125,0.30301251425697906
97077,-4.393854433604373,-9.034770497826422,1.5839947850158598,1.2210115051070953,468.0963989281284,0.03414984117230535,0.3030282573646403
97078,-3.5472783429161527,-9.365601325390973,0.9004594246315243,1.021223216835498,279.50611178370355,1.0579503945550988,0.30315811076722776
97079,-4.9287056186092375,-9.27524737178365,0.7561096028685668,0.6904395502162465,132.9379883674983,0.03554489124216609,0.303174310498016
97080,-4.848280269177358,-8.927333557413439,1.6341291357399432,1.1923458190766765,467.1802898469586,0.26141051677615845,0.3031776440270556
97081,-7.5892972942554575,-6.821195901230017,2.6806183309560314,2.222829830451133,430.1672344835301,2.1948057966138173,0.30340740715857695
97082,-4.529661057542972,-9.2991158227806,0.9473109034123149,0.9181379877548932,242.52076769577712,0.4318851059122899,0.30341019660721075
97083,-5.161075034273389,-9.394533932097271,0.5920884968692189,1.56720383018937,355.8601526621431,0.05364919692511094,0.30342864876603676
97084,-3.028023149779414,-9.26720521735457,1.4258983100936722,1.3430884281426327,138.80124098686267,0.36499017159801106,0.3034992891640362
97085,-5.699368794514327,-10.683617719445467,0.5686485553902506,1.568241587028043,150.86679808567985,0.3774364182127945,0.3035077081566352
97086,-8.400586541261909,-5.083976931232473,1.8741290488511826,0.8113472395294409,203.5620006849785,0.42523144216101105,0.30353563099170816
97087,-3.128663569934613,-9.195866737217553,1.5300595951202556,1.1036839228256388,292.1888121379521,0.7675660229143286,0.30354641872793503
97088,-7.777415648966471,-8.431041042611955,1.9837203402267436,0.9715313614489463,204.8180214655344,0.9985669938843671,0.3035682989821436
97089,-4.5098850491177895,-9.181722673034596,1.6116278762206226,0.9064978641496445,239.39411646834634,0.7930736085929313,0.3035849021360949
97090,-8.417823204707174,-6.69854745286508,1.0118028390115923,1.5378888802583746,348.1183825297832,0.09899935165025564,0.303614220723503
97091,-5.930625296796726,-8.91189401905823,0.999491813780217,1.87516991430725,455.52981458902036,0.009806768698616075,0.30361593568989714
97092,-8.220593768137416,-5.416127324400035,0.7010598040861966,1.0314797152394937,279.18610531669424,0.7632206832707285,0.30364420985462004
97093,-4.363384279879242,-10.839460442046615,0.5960139515398754,0.9526688548476836,141.53388250799927,0.3646140715158497,0.30365371849153033
97094,-4.257527486274211,-9.769827113475895,0.3946815155386186,1.6860427880627196,364.8242013550814,1.4594359619281807,0.3036610967324068
97095,-8.092405438970985,-6.573669764174883,2.8298979026805227,1.6402692691288585,382.02579737567714,0.15827950740132746,0.30371837243057925
97096,-3.1102598025971187,-9.407534431334174,1.2097331291036502,2.9433184601650693,401.10946529066433,0.05720657767629689,0.30374205923171366
97097,-7.892713467728054,-5.425447996207395,2.131271354613161,0.7821416760710466,158.29095553456986,0.9634735796701861,0.30376043595768765
97098,-7.0621169927740635,-9.621154520181147,1.2302960354123524,1.1820659696660911,302.96485103143175,0.3997271236030171,0.30382771390886715
97099,-3.4090486008775933,-9.525978005365676,1.359144280571973,1.1203364957551603,291.4290297253862,0.434485535279479,0.3038363966359736
97100,-6.046176801113315,-8.50929619780241,2.5339944811358737,1.1904926590488518,303.84028492293857,0.3911350564979488,0.30390783791534254
97101,-4.694736750283646,-9.750166965391218,1.1931035748112393,1.2793325874137436,314.46204607128374,0.37862443841728055,0.3039105681854711
97102,-3.7049865031366345,-9.376831886650795,0.7413167575212982,1.7327725462045607,409.5350442564838,0.3040017935618158,0.30392364681199957
97103,-8.15325947493435,-7.575097217315369,2.2792578049269347,1.2040928672842242,295.0185701349007,0.5436389503447634,0.30394042608770727
97104,-4.644360936601455,-9.217369025071724,1.1742880109394713,1.0167499439281869,272.9236869544114,1.5523987937263781,0.3039976424861044
97105,-3.7231816644040805,-10.306204288791045,0.7516249087927697,1.8765293054346295,450.80572458569077,0.4389329724358939,0.3039987786383228
97106,-7.609314327372465,-7.547511979517675,3.1658927653397106,0.8101747769392263,468.8149373751222,0.32946579897727446,0.3040102079159563
97107,-5.19338307793708,-11.082224202046316,0.43825164684529,0.8391287081603719,232.81712731207833,1.1965598888258215,0.3040314499986188
97108,-4.873933628666569,-9.243359878633054,1.6665139254231,0.9705588230428889,162.6351670988454,0.1717126808935303,0.3040407762240764
97109,-6.502041578630032,-10.069970794254717,0.5065626218472513,0.837285270561833,215.91899090678697,0.39677060741644965,0.3040685899697829
97110,-8.340691426966856,-6.202126307775749,2.2230964810298164,1.1683239026796914,289.56996338151777,0.5158438917318282,0.3041278721316031
97111,-5.134873760834049,-11.13490077652928,0.3437129045523223,0.829975858714045,190.94860669556715,0.45158380361201367,0.30417918129107036
97112,-6.31083674275748,-9.195108493790212,2.016327914556143,2.242241496827565,431.3340921854369,1.9431442601377649,0.3042092644838338
97113,-7.455664325281086,-7.182881390507263,1.884469477980963,7.03648053613769,691.6529213450287,0.2789762428685032,0.30421711920143385
97114,-3.0877674638630133,-11.830922376098306,0.3060134796575172,1.9004890504072722,460.0336801375488,0.48244723722382776,0.30422423046116764
97115,-6.982808795323703,-7.9183443930859685,3.106526604971425,1.1092605992196758,285.7123564297313,1.5737800466368794,0.3042879440627994
97116,-3.888253788645807,-9.673891182512849,1.1672108897511906,1.4429321310548608,317.92823511285457,0.13203131277958136,0.30431505510714574
97117,-6.6144123223291365,-9.177871993103441,2.068238782704053,2.2260799665285234,427.6736393238767,1.5445775582101957,0.3044487976159536
97118,-3.314394548031,-11.74057752443499,0.3479418528412461,1.6232404739349695,355.1724797844627,1.3965678373161836,0.304472382225355
97119,-5.936340348989052,-10.153010365591761,0.8141043955548527,12.304661482562546,755.2817079594682,0.1858716551983255,0.3045136068759153
97120,-6.925373511094136,-8.048521664287978,1.6053856030460747,16.70434374892561,742.1460583160067,0.1217031013198353,0.30456166810677077
97121,-3.9998355905117364,-9.386519792469326,1.0208832917812134,0.6989962741074641,424.4365891460022,0.42686206463281895,0.3047529169158343
97122,-5.74577944465752,-8.606676948371753,2.10325133254102,1.964028886537409,244.39626842564493,0.09463981675556088,0.30479070703851735
97123,-3.504065102048054,-9.373558320892048,0.774770369576796,0.7175584342902014,204.97995547772052,0.7715983738861434,0.3048433993230905
97124,-4.193534640377676,-10.230706992339375,0.26148346582711623,1.0043693764581996,272.01279534457484,0.8570154859906021,0.3048890089295334
97125,-4.135445706033748,-9.351902225759888,1.0126913651574119,0.8492154897465627,170.96841101592753,0.13505398244690348,0.30489239931357043
97126,-4.947311046130403,-11.293953515254517,0.35209301468420207,1.1540036025843223,312.46492480707695,0.6528282494300486,0.3049023835446767
97127,-5.902323986326392,-8.710048242327314,2.434070178426176,0.5326406546171327,127.16149717325777,1.020847499216596,0.3049149988424305
97128,-6.963504688244701,-8.907733738842088,2.4081167029001027,1.4602509293271453,336.21499983704206,1.3425302437051778,0.30494388613311973
97129,-5.344490855604426,-9.88704292579542,1.099088703566373,1.8234034740361296,468.1290741941786,0.4990821987103624,0.3051234353024133
97130,-6.992818321647512,-9.778006839853125,0.9955941230568524,1.8642737232822126,465.2515559105378,0.5598578166891022,0.3051946231574954
97131,-6.4893235329184185,-8.325980674771575,2.9410557331239775,0.8659378640636028,176.35296151556716,0.06164379422060229,0.3052238505587977
97132,-7.615051310443386,-6.857528598015744,1.6267333229619005,1.131318805902238,253.51407661957464,0.7078279735325834,0.30527067724069823
97133,-3.2195168718242186,-9.894904556913335,0.39165999902019644,1.111085909737769,227.4177940087831,0.11905210812993783,0.30531865239222994
97134,-7.708385876786102,-8.72767862589286,1.6281201926882891,1.5635305217764859,309.0120329793331,0.2884160092427406,0.3053381719441945
97135,-5.092279622641284,-9.782258456651833,1.2126824524791768,17.63455536542368,612.8538640499349,0.06110555760153691,0.305405104125781
97136,-7.940043704653172,-8.255900428575954,1.840271762740517,1.8226036285518896,436.1158533710277,0.3750613778181231,0.3054431736508565
97137,-6.885393639567188,-7.853028758218781,2.714553542501781,1.557012989900204,349.1594631749164,1.4409254485740313,0.3054701334911418
97138,-5.604814099096809,-8.928403569307278,2.101971569594902,1.646488102205488,387.95408360055285,0.36645300506560297,0.305472507709055
97139,-3.502940975584914,-12.061567882020764,0.27103106790028314,1.113750103114775,467.42926417407483,0.6649076612438138,0.30547824191013767
97140,-6.176685100939462,-10.318006845890052,0.6692971023189438,1.0450780071065384,266.0395636954587,0.444408534765941,0.3055392387527891
97141,-6.9636310642164245,-9.800998280562196,0.6790540518752262,1.9000970372547445,468.04598796434664,0.5175572210007013,0.30559507756056115
97142,-8.302213881364677,-5.418367128465081,2.149414887287927,0.8965763431177994,234.8515497322892,0.6099026286858162,0.3055969425975082
97143,-8.207192732701639,-7.156844262569194,2.502266990739762,1.8114725402374534,465.7366562934707,0.5976604343819538,0.30562570459183375
97144,-2.9152364603931735,-11.330985540553163,0.3149561533974453,0.9241119659256147,467.0121668033633,0.0620049576031354,0.3056347941065476
97145,-3.219957364443972,-9.604017806589319,1.09993432594899,1.1614716355476398,467.4132309207062,0.3045093629743114,0.30571141495879267
97146,-3.2058254229376573,-11.900705528866512,0.29507493825101144,1.5827989730473304,362.2927930417701,0.5497555875551496,0.30573035126463277
97147,-7.510941116993554,-7.14654201153972,2.9508844451922007,1.1473734251166003,282.5861225691611,0.4636819491335844,0.30573681031183214
97148,-7.59161149284749,-6.774314271567037,2.0691834847714174,1.043739861305297,222.97806978096727,0.7322358237783648,0.30574626980773956
97149,-5.806199735175987,-8.570089100899686,2.1708835723518747,1.8752233782766492,468.5132904995666,0.6529608027247491,0.30576667471610314
97150,-3.278567162756336,-9.211043611297251,1.490140448795957,0.8657705877170625,222.6672657961452,1.0521184006984479,0.3057705465766328
97151,-7.115999602843246,-7.621747967222856,2.549762622666055,1.4864334972849884,470.1545529733783,0.16406566693331026,0.305933862685093
97152,-8.314430571516496,-6.179512150323451,2.2845432983263128,1.282049775406549,277.09400975157325,0.08512261835032842,0.30599539438806256
97153,-2.9251438369870417,-10.190878096002816,0.7647238550585423,1.1929198273026493,215.2229298275884,0.07783462662986995,0.3061081787718663
97154,-6.356412285783251,-9.690019204209271,1.371699768631241,0.8755837559873523,467.5698753902776,0.38926206544956266,0.3061261721006799
97155,-7.935936101807228,-5.040264885010644,1.1839376523944483,1.060116923915441,469.09640750226487,0.6352133908090822,0.30613618605493464
97156,-7.358010464847313,-7.918102596802152,3.1504650021906135,1.8095248981789127,432.89695341927455,0.006435745772650492,0.3061870210462253
97157,-3.538093451309453,-9.374272931285748,0.8837060469333763,0.8177313255326065,469.0759096419974,0.15775240180283756,0.3063158185529352
97158,-7.0675489847037944,-7.830842792759388,1.7766792249883223,1.3712140406999853,331.7962167087844,0.316549215153354,0.3063376588196902
97159,-7.125630621813254,-9.607544482591011,0.6443338766309142,1.5652905127967753,468.4382282110713,0.465899708809995,0.30645401200937183
97160,-4.980353044377819,-11.167390844982929,0.2753195156320441,0.961502450593984,268.0260226295939,0.7692548908676526,0.30646333631302575
97161,-3.277774417750238,-9.719799744466808,0.9757816747943066,2.6949060693552207,391.28303364445185,0.10151886887150052,0.30647018363666695
97162,-3.225180859562883,-9.53442570528346,1.1293178955505283,1.4011188299607924,467.88795460079865,0.13076368902472524,0.3064844461339891
97163,-6.098762944554691,-10.059136211457268,0.3869293973530205,1.8628539383703255,447.7714386753597,0.278730612224531,0.306497017127817
97164,-6.273018417177415,-9.677089857022466,1.3867959719057448,0.964900645102024,214.8284882332843,0.18993063807258626,0.306513123167704
97165,-5.136239599925451,-8.916981018764671,1.4673558172569654,1.080073349098274,464.8452827193601,0.5105634862006134,0.3065779688290751
97166,-3.034721621632304,-10.218914585906312,0.7646977623331976,1.0709192831653274,280.692392792173,1.4204005285924728,0.30659113491904694
97167,-4.790994205022139,-9.163011715929034,1.2168749126752765,1.4969664217140666,467.9255503722556,0.26951234751065645,0.3067099939723775
97168,-3.467144072411438,-9.239391279366858,1.3334538926979698,1.2295028290437169,468.3851282455385,0.07637662540520829,0.30675433537299446
97169,-4.702252034610046,-11.18470741548594,0.2543248512861742,1.2058955911566624,303.1275131906712,1.291710925606215,0.306754680232299
97170,-3.403861559344591,-9.710908341763814,1.0586721115316833,0.7426519386435849,467.991795524288,0.27242340493784223,0.3067815959431316
97171,-8.028525712891883,-7.149874550299492,2.8747807467396,1.7930218649116196,426.35603775266316,0.10378845427326322,0.30678402931235255
97172,-6.796573866015487,-8.610428317571117,2.851677783153134,0.7163685323214849,456.386505117652,0.35058332186023566,0.3069281002010321
97173,-7.769033385653511,-6.106669005696963,1.8292771332460418,1.7966897830982436,314.660230372404,0.19340801699722654,0.30697704999233055
97174,-6.286992403066372,-9.32706342922083,1.798921366530402,0.9613887604342916,250.58872603997506,1.241448194112019,0.3069772152124597
97175,-8.3914079799939,-7.4663352586378915,1.407116567352539,1.0696340771636779,279.536194054458,0.7953333454907252,0.3069819938400792
97176,-4.9566705015312,-10.654494222206152,0.6374326373553745,0.8129670444158945,467.5082158820628,0.5390101090748569,0.3070224913026817
97177,-5.2308275302185585,-9.118146537022502,1.820183514410064,1.815516256376627,468.39461079069713,0.8172815401747506,0.30702983134956996
97178,-3.883622634665434,-9.461658163646389,0.6550529050080838,1.2983201694119262,193.09739121270943,0.14858336931322125,0.3070802943956828
97179,-8.133675067656334,-7.651600011572826,2.2289611511117595,1.0679973928345403,467.7467330401334,0.6872314162239244,0.30708367473956355
97180,-5.19033084048296,-9.369945544359009,1.5899134646716566,1.8583499893266047,468.50761781347336,0.8603310166930864,0.30712748832783293
97181,-5.803019475152901,-8.567823214797142,2.0722004701791104,1.1862280092407895,261.5280034466189,0.4448674220378708,0.3071641587981922
97182,-7.407519501346004,-7.3883938351835,1.6699727944354408,1.8791943842860044,467.86402588304543,0.34860742338579076,0.30716750755323424
97183,-5.145385905428533,-9.463280978389228,1.49958441918396,1.525813135603724,340.9717619615998,1.20888648417045,0.3071841645744959
97184,-3.3257834008352827,-9.222529733271054,1.411434025690412,1.120958251551265,289.4627027863707,0.5430204934468232,0.3072136638645494
97185,-7.843539202693496,-6.31653144334768,0.8993727757887936,0.7669967980876553,228.04913805191381,1.4060661744445424,0.30722788469772117
97186,-7.90102946935319,-8.583141852374752,1.1992260232162109,1.4397610274040398,334.2645208016106,1.5171866612370986,0.30722992389958187
97187,-7.95095331463914,-5.290067958796392,2.246123167100648,1.1435913132363642,279.4378148427219,1.1314201467265823,0.3072688640833703
97188,-7.725077192001436,-8.49814769333194,1.9812917994576773,0.923689967770421,468.1353286353343,0.5668330940519501,0.3073915356197222
97189,-3.734916010275196,-9.819847216746053,0.9469252540149505,5.610784600913316,596.7247418282542,0.1583851904524769,0.3074150509535826
97190,-7.3159791776500995,-8.99850882187587,1.8808469481386025,2.0780799997617656,411.29967372543877,1.545953335091233,0.30743074404815857
97191,-3.3007948004631285,-11.643645007745329,0.3665008702695568,0.8558219090435294,188.2970517697051,0.09226097736236749,0.30743893209301154
97192,-8.015080737997168,-5.945704685679621,2.6090822247186165,1.1732471740113806,286.63228915882655,0.41270606516952046,0.3074656852517861
97193,-4.700251187192452,-9.07543769573411,1.6985204830602032,0.9045205145389623,467.2815552657221,0.12333118524611208,0.3074788788780972
97194,-6.317269719010715,-9.929297907540098,1.122694372911918,1.6919076932939936,396.4408736077132,0.15179673843453312,0.3075390567219211
97195,-5.035211221045756,-9.50572984566808,0.5372966897763706,1.6527044617977322,403.4496852226945,0.06685985414813711,0.3075502513264834
97196,-5.597026168117841,-10.089931819691527,0.8564345099454174,3.1623409905127216,512.6027158612765,1.556312525734029,0.3076708570790633
97197,-5.638492066609502,-9.980635636300814,0.9754751471637468,1.872860198522063,467.49652768985135,0.2976220516546144,0.3076900682118096
97198,-6.293118561241694,-8.40915229366693,2.754490065855699,0.8269376225030993,241.60819368991488,0.4787773189022877,0.30770371599779184
97199,-5.990747374517978,-8.47445880004173,2.0136883203912084,1.1004966033046524,467.43711142372956,0.6574262265181181,0.3077401785644727
97200,-5.872896406157629,-9.489825606593122,1.5655067968251775,1.1584546544657581,296.85387959268957,1.4298832318680956,0.307744999751637
97201,-3.331443883389805,-9.608137593773339,1.2133972110617315,1.0819362988712682,214.12865516570494,0.0767738502476023,0.30788960215038846
97202,-3.546703984879281,-11.598564529410215,0.40390271531793626,1.071253887941303,188.97954065911773,0.12670462553651873,0.3079290799758223
97203,-5.075776072947339,-10.633212250146922,0.6346991070183207,2.7479277284211427,475.5506554396364,1.230125996238896,0.3080608574702497
97204,-4.857336889789754,-9.128827449285028,1.7135116737324985,0.9289511749153907,247.84811098233834,1.3648162829841786,0.30808097570744075
97205,-3.1369493102423878,-11.490943153295232,0.37534697166462344,0.6693092617905065,205.95404640580648,1.0979583457756679,0.3081276642285154
97206,-5.415932979749863,-8.93071792549863,1.3341507826266072,1.0785913474308322,467.4526401957079,0.4839452917908238,0.3081459692945165
97207,-7.687349937155192,-6.880887116792748,1.3264837285198217,1.0555020498114074,277.4113654507569,1.6524075444014281,0.3081569477503966
97208,-3.0285770455982997,-9.862887619414629,0.8780561501064613,1.5623379307590046,358.45422955031273,0.389800360934184,0.308196309565233
97209,-7.803550031239565,-6.026909069193315,1.6149975306854898,1.8953890997169918,457.1441043243979,0.47041345236339804,0.3082734736238742
97210,-3.2427271816301406,-11.225158297467921,0.49855933290367643,1.2537389053821943,313.7605694638258,0.49086513233918083,0.3082773552685426
97211,-8.443694409080047,-5.637352769443921,1.7712472832132222,1.085380053895254,468.68252700696013,0.6470312197046448,0.3082784512024615
97212,-6.743911581219072,-8.817830988752462,2.6100624351703465,1.1731958087037326,299.81265793513944,0.8700315677421413,0.3082902250487013
97213,-6.710565018246475,-8.015584159061383,2.2831675920175023,1.149685098013893,296.6491696520938,0.8268265027808219,0.3083036676940924
97214,-5.8249564380117755,-10.641670663152253,0.5382422509984885,1.729652674830422,355.20293093523287,0.6669873014301482,0.3083188856560125
97215,-5.517944048315465,-10.737577611231783,0.5572592782064646,0.7354262405916829,467.4678400384179,0.508966651520887,0.3083447443855476
97216,-7.309865021230502,-8.061583235319734,3.0939151145709545,1.708101386802328,404.53173445557684,0.6943044981873987,0.3084054351465743
97217,-2.8719426430625363,-9.707933116648304,0.7232463062569273,1.1095058185874827,266.77122880020113,1.1513308681713026,0.308421199246816
97218,-3.5643052811032385,-9.382646007195955,1.1760934454850105,0.9865202198336757,208.2910427470967,1.0530944035317775,0.30851392789867194
97219,-7.314501263921802,-7.772464047588489,1.3325792837990729,1.2034088012393325,258.5815059112036,0.09801094210774774,0.3085244338706911
97220,-8.295540533639766,-7.40257325142248,0.9744653132812143,0.8397782733942427,203.1294281786515,0.3658373568349438,0.30852562798263133
97221,-3.106022646839021,-9.342067168523133,1.332672624521566,1.8960390435015924,456.78574140358126,0.6143416086626319,0.30855087932333136
97222,-5.828028410076653,-8.787575415821202,1.3469485756180877,1.7510036911263676,413.3984265568414,0.4647049219801449,0.30855697979345764
97223,-3.165682396157674,-9.502310748237392,1.1917653975980167,1.7073336004172792,467.90321106255584,0.4580054191636931,0.30859069381900034
97224,-7.523984772900197,-9.055881065895486,0.790412705883739,1.0461015683589907,207.33850203773196,0.17773364951549553,0.3086774392123606
97225,-3.935645580518342,-9.943845859134612,0.8937862143211852,1.2755615508201015,316.76285485762804,1.0757796628376584,0.3086950370310199
97226,-4.9474101397295875,-10.354058911419019,0.7271214177737833,1.5841211011134804,217.301336960483,0.13210866499308072,0.308728806560823
97227,-7.39712630933187,-8.91500540412017,1.905893222450246,1.1625410939521186,468.8208958841505,0.7502013277834427,0.30873310546626975
97228,-3.3258250432970016,-9.691296531563262,1.0341012303729982,1.830825053253544,436.68780196792125,0.5125065679289964,0.3087362383306397
97229,-4.719656530629114,-9.175347277562613,1.6458261274512216,1.5981946366271407,163.3523165117806,0.4130532646529126,0.30877443548891703
97230,-2.984270758762186,-10.594612879767322,0.6450127983190254,2.522713707286512,460.19467058567056,2.3744452354123675,0.30880003627119046
97231,-6.046850387641029,-8.742494162664098,1.2762511471034197,1.760881486463518,417.60297655766993,0.09910134949914173,0.30881340378747285
97232,-3.653832015015535,-9.457409205072839,1.050485831419221,5.902182243260592,651.3706467669034,0.27203014449538543,0.3088534371061977
97233,-8.465929850983736,-7.018439986295042,1.5118182186537201,0.8185162998913397,468.9716983490841,0.11737909109854083,0.3088632125367954
97234,-7.851154654899425,-5.907355780219942,1.4136226467798705,1.1846196650992205,245.98840393249986,0.2618438023734244,0.3088658865621867
97235,-3.6645702018309585,-9.741036233572613,0.9961317863455543,0.8686680468896253,468.0705564963617,0.6551523443940228,0.3088712030217881
97236,-7.807423169612274,-7.801973824804111,0.7818915126890241,3.126448032289183,496.89438127843675,0.5889019947199827,0.3089317515844692
97237,-6.07466346156042,-8.780984957903609,2.4768191935195905,1.695885649320435,467.8379016621496,0.5906152016592898,0.30894428821601516
97238,-3.951196335257155,-9.52008184543054,0.5917684646295062,1.534264321841313,342.1484771903247,0.6470087920576129,0.3089482030065527
97239,-3.8388223751626303,-9.720127561209672,1.0259764489182963,1.01443442995654,275.87134830251404,1.609304682336739,0.3089709330460536
97240,-5.756967223165564,-10.207420546620948,0.7767724356540402,1.3193125680144981,280.97809219962215,0.6016369061745728,0.3089875392351263
97241,-6.492164205435019,-9.756264160200882,1.288001199849714,0.8571009186750067,234.129358022223,0.6895084854074112,0.309004880963554
97242,-7.21746192494936,-7.607984802328518,1.9174614809864166,1.545235682814008,469.6205174889006,0.041505221921943836,0.3090077168042596
97243,-5.854057481868503,-9.855674037926782,1.207282081888597,1.2391742284534941,295.0343101966971,0.40098851427525783,0.30902677361257236
97244,-6.415626316026885,-8.242473906723575,2.1037129972351654,0.9537441701871399,259.68745874923303,1.0093080777423902,0.3090279063215257
97245,-5.645361699055221,-9.517231441899078,1.5043642793640235,0.7605812512632503,467.6440969727914,0.26189795971809815,0.3090299666281648
97246,-4.962971199411125,-10.843047490928715,0.25586363086779934,1.2789558550838354,199.58306014748638,0.1241631573205284,0.30903414044254235
97247,-7.7884523451642895,-7.0847897606441395,3.11515106897584,1.0798383020870352,229.9662629336167,0.0817270512973085,0.3092047088737814
97248,-5.237953477878189,-10.975273729684233,0.4766643182943373,0.9689681741971216,254.57589674261575,0.5931968997111854,0.30936771808395724
97249,-5.900814258127898,-8.522305733127151,2.022517976389712,1.4161156051271182,322.6527256853353,0.5358649055720877,0.30943705511290753
97250,-8.100933107872367,-6.537347103722503,2.781384596425988,0.7633246430715332,162.70211596043669,0.5908608888040314,0.30944042924328197
97251,-4.673398554790231,-9.827820172409607,1.0243823962385763,0.6665278682586304,176.52648504764772,0.6475122573057206,0.3094483217852684
97252,-7.457633961324227,-7.19962632152254,2.8512144698096624,1.8127248568197383,450.7153072273746,0.33774767806635086,0.30961210378199383
97253,-8.24307160730322,-7.013797323147146,2.462786538943427,1.056049450321464,285.0394481405621,0.8617305241767363,0.30973571168493225
97254,-3.5583519258465603,-9.689698397522143,1.0207235574789395,1.0354320644272048,266.1778783028426,1.139173389293032,0.30979702000102377
97255,-3.170917975395474,-11.170615407456879,0.48412238613302844,0.4745701712542819,140.94922066743356,0.4761739499559221,0.30980449984736175
97256,-3.603676242517034,-10.116738721406664,0.8127382019816138,3.1029026934700905,491.62885161657545,0.527047892008988,0.3098213098243292
97257,-5.000535288736997,-11.181373770162919,0.3346062992185436,1.2765033748993135,468.29395780408606,0.6236473595308736,0.3098368364143264
97258,-3.5391938851849645,-9.398787224743915,1.1771047063896818,1.7309965451069491,409.5934948898953,0.9526508616674336,0.3098797933407602
97259,-7.490464649548157,-8.067629097479665,0.8311224546030017,2.189953430858765,426.87840273016513,2.2746272194074884,0.30990706549137964
97260,-6.595908707225188,-8.287382226151209,2.9924582215465487,1.1296520558466099,467.51121979443275,0.41093754476810584,0.3099171761294063
97261,-7.909329899777436,-6.045672272051516,2.5871175204886643,0.933192723744802,467.4124594183318,0.5494839552337734,0.3099510530260443
97262,-3.5353804183060706,-9.461788909140202,1.1002781704496525,1.1015346135648219,467.5784261843172,0.34894628030498254,0.30996046100669783
97263,-7.061062334345018,-7.7583575317469835,2.9228103473742144,0.7528862556998003,160.09855299036872,0.8497368753493975,0.3099723104469229
97264,-3.0467864188271667,-11.402864344088304,0.34208058872120617,1.0295135747525264,279.0243737954282,1.492600432286772,0.3100357679083026
97265,-3.3928759733780307,-11.96116181959304,0.29549011351752724,1.3911828616079738,329.4507649207406,2.0057133375007403,0.31011344620027
97266,-8.068122533697766,-6.295267546111997,2.7340664159486234,0.6412785024363634,132.26168499519207,0.15300509568343212,0.3101327231601644
97267,-7.669823044855434,-8.621157617545393,1.8870550531789574,0.7018608815925426,214.91400189202182,1.5026942764154567,0.31018839553248045
97268,-4.618964903401159,-9.122600177475777,1.6050548008650691,0.8258143415631306,129.09610450934235,0.3295572615099127,0.3102060658019457
97269,-3.3092829846034757,-9.402200126020116,1.4045725538272003,1.0437517802714045,230.3128410774633,0.04204768628560007,0.31027359464795007
97270,-4.805538610801841,-11.042054271426032,0.501564267943236,1.5826246670194752,469.7768963246167,0.13629913850835873,0.310381438103879
97271,-5.1400926887772,-11.017372376007687,0.4469368406012253,2.996717390477708,499.65055066210255,1.6107332925399085,0.31038238313989275
97272,-3.1939610938918674,-11.702450667430458,0.28336548534064543,1.3236313832616944,313.09476977287824,1.2359940017978586,0.31039106224199103
97273,-3.2411481135361146,-11.58008208867198,0.3365781379331587,1.190487371096819,305.2478397815893,0.5109960064027943,0.31039169824125473
97274,-3.932887602448937,-9.501649926130963,1.3290082107086905,1.4400871215924775,320.373755336584,0.31679519037772774,0.3104190345307906
97275,-7.908104749298955,-8.143591307714939,2.103584070661134,1.383520890483986,469.17206726950366,0.6328025407660371,0.3104335603765774
97276,-3.389881863310114,-9.671323546045112,1.0129346607021843,1.1268057531118014,283.85069487779316,1.4043247997118087,0.3105791638498347
97277,-4.904100245139312,-11.20666464967843,0.28866860253382476,1.0103658791493415,468.0281936886207,0.3807861749912602,0.3106628479351399
97278,-5.499961109779487,-8.976906119097135,1.2424332070904187,0.9900290298994389,467.49995627861153,0.6145551279105606,0.3106680611360881
97279,-3.168993536178716,-9.417516812187184,1.3439054262240986,0.7879132883361267,308.0503660182283,0.21398215964627543,0.310688721452049
97280,-7.37836041371188,-9.299301091608019,0.8096234052816272,0.9695802210603341,270.5912020063826,1.8922730717769385,0.3107348187543015
97281,-8.470028309651155,-6.3551791132884565,1.6928561502621058,0.7166453924894414,468.05373762078864,0.3539314932783002,0.31083409933336864
97282,-5.612716310651162,-8.79674974601071,2.116290957533562,1.5134631869780695,433.39037361415666,0.06413834678008712,0.31084452422387787
97283,-6.557586167548035,-8.538268287347055,1.2060194176471635,1.0089654241294044,146.28977178906953,0.24724975048204012,0.3108719747859182
97284,-4.13332322459631,-11.697693447663054,0.29839288786925905,1.6320987247024175,382.1835216015639,0.3679032982801296,0.31092600650176305
97285,-7.150315423519885,-8.637526970577776,2.631136602470242,0.9464110921615727,261.7599450166965,1.1240437178186236,0.31092798728749543
97286,-6.262459446622833,-9.109997549425852,2.1239972507032645,1.6427612108723366,468.70577625225917,0.018222979204392864,0.31100009236862824
97287,-3.272772681289485,-10.795361913941797,0.23157317605240205,1.8680086527557391,387.15228517446513,1.492937816014158,0.31100522919109397
97288,-6.820591000571012,-9.86349600459452,0.7815157299116677,0.7556308968097187,174.7079358364997,0.39412228920235837,0.31101312346462684
97289,-5.746501668102207,-10.725908153498326,0.48174809647245265,0.8690449614791667,214.87295709987225,1.3322760059924947,0.31104496136569765
97290,-4.428934863959773,-9.205966327792297,1.5473726918236514,0.6370186682266766,176.7107932468307,0.39385994893655685,0.31106988177195566
97291,-3.536297403092771,-9.215496370856858,1.469171924506397,2.890677590391825,485.5132862854082,0.9899286196033854,0.3111216140957984
97292,-5.133687641178448,-8.981041434767924,1.8397109293889022,0.9746384005410356,468.039551159811,0.6959289981921772,0.31112350297811475
97293,-7.451475448219244,-7.178390862515351,2.774375089184006,0.8117422299611865,193.21914561102722,1.0158814080304879,0.31112672864028484
97294,-4.278260612942921,-9.386289683296992,1.4519522629980943,1.6583083204189115,383.747459800398,0.20332159072655198,0.3111478442197591
97295,-3.110835891410905,-9.870349798046771,0.4898999128983772,1.0166722112116549,265.12637062097184,1.0651021275098218,0.31115245693964455
97296,-4.794952963321898,-10.760287416761813,0.25539962668785066,0.6291845218305628,169.62374305478247,0.11710715322111298,0.3111765616101528
97297,-2.7394849954362144,-10.378039394685274,0.6161667039547474,1.2440399078342883,311.1744397738482,0.5407706352495891,0.3111909160271639
97298,-3.357184514667658,-9.618403695900621,1.0482878527669424,1.3602683838104206,164.0464374093837,0.18515022645091417,0.3112049327665737
97299,-4.973008414457344,-10.687912625693375,0.6147217742769568,2.329495870942835,439.66788808375185,1.743063249808558,0.3113483547610845
97300,-4.086014710196312,-11.392562466074942,0.42445917315803827,8.146289316262104,746.2376445505058,0.399046006244987,0.3113944107168902
97301,-4.930349602589329,-10.546511383696892,0.6583794226551567,1.3077102739750799,315.829025313954,0.3563459940489295,0.31142801674327814
97302,-3.13493825383505,-9.44758904595156,1.2269142463166873,1.889564577351498,469.81108920496933,0.09401265938604819,0.3114453810845918
97303,-7.464328340443691,-8.776275276261257,2.0293487241855086,1.5812960273706047,302.06678849698085,0.31277037634958393,0.31145331721021624
97304,-5.728643503003161,-8.724013072965166,2.21884605888707,1.1510689503043672,298.0586899330406,1.4393980341952837,0.31146906167633676
97305,-7.622688019483821,-8.268743164332324,2.5138967165539823,1.0035537321072803,467.1533745226768,0.06023019437139432,0.31147553601134215
97306,-3.2838918638277885,-10.90319191263223,0.22903717210873198,1.7681145664950366,421.23962463089845,0.6636481372310294,0.31148695808349086
97307,-4.103484064313432,-9.418545952432357,1.4278851807273365,1.8576105885207423,469.8219268940852,0.230050817388757,0.31154253887056604
97308,-2.955780368118761,-10.236102748967523,0.4187296429606238,1.4284451473528414,328.60443661480093,0.3967553471593188,0.3115572274716023
97309,-8.494952943899445,-6.294222420008644,1.2182378859298828,1.2992985701190631,283.50583897490833,0.035287512685939326,0.31157905648407963
97310,-7.545043452787205,-7.347683503412453,3.132284331127319,12.5599562002325,775.8776352996155,0.20272122121197356,0.31158808279965056
97311,-6.987802243367058,-8.101837858495152,1.4177514270947624,1.8268874191783349,468.1234675824481,0.7440040001327546,0.3115885828944453
97312,-7.037410782868493,-8.929365935559227,2.300676009134115,0.7825838174924141,199.4346700417142,0.44524602587709783,0.311596675451274
97313,-4.3890829096849675,-10.106418832403246,0.8140126280517632,3.3788279583270686,524.1592964624566,0.8979741051304577,0.31159765578641757
97314,-5.272528440143762,-9.934868221080237,0.9531506845118021,1.059544514192752,281.4937653895051,1.2925920337784893,0.311694971308674
97315,-5.991386304128162,-9.38617539525103,0.5150201481041456,2.4268780111477852,448.19068069732054,1.62252360534334,0.31170468561375575
97316,-5.76428954549171,-9.775225318209698,1.2810696275101114,1.852204962911433,467.9261254654287,0.26859263421345503,0.3117321893851809
97317,-7.663247114511501,-6.6337412086216885,1.8081398435633649,0.7718503203226068,153.88325954718414,0.2936545920049616,0.31183870051490253
97318,-2.9854061953619384,-11.182949087957443,0.397175449822654,1.1363773924084044,291.8962611039448,1.2206455951972535,0.31195109187780856
97319,-4.204480228344343,-11.219871685228952,0.25164755064038,1.3947069973278072,324.54094193563094,1.4910314161626408,0.31202731051797233
97320,-3.8390675310331,-11.544867152058696,0.3876300394870762,1.7522334246687954,413.08343205149095,0.6092791273379445,0.3120449229433271
97321,-6.585895733187275,-10.128700533505935,0.6112462765350883,1.0748110036705092,278.5210715025283,1.0514958395528309,0.3121421256272279
97322,-4.93384257277048,-11.21806394852511,0.32332179864811456,2.0838710050074316,414.19680032872606,1.921889453866119,0.31219346909659845
97323,-7.613707575554999,-6.93676677405206,2.8856507010797268,1.0116642807497083,467.7025548325693,0.652389882126859,0.31224446653022997
97324,-3.53613274909483,-11.000481772382114,0.5358678987692623,1.508502589352501,348.97774541483136,0.2228547072080458,0.3122446097648341
97325,-8.0280203374904,-6.013954639793888,2.6133898193712515,1.767994091448924,420.36443036876926,0.06370162686986713,0.3122469345632037
97326,-5.0841298387452,-10.783576337310842,0.26717372398436845,0.8761722197524658,229.7939213783218,0.962094819368656,0.3122473276796448
97327,-3.2514953750156517,-11.48347326848281,0.35976001903795646,1.8562540588059067,456.0587327061734,0.2052046542486785,0.312258751512762
97328,-5.339236215425279,-10.71707394577917,0.29533491956401653,3.1345233281517455,470.47965661980743,0.21780468991031388,0.31227839018644504
97329,-8.294255572600452,-6.940922965046054,2.3166496145196636,14.648306822396439,484.50364875682635,0.18553953118903266,0.312304399465833
97330,-5.650654549882369,-10.096448417170736,0.8404900901450656,1.5783413069265722,367.29005342312263,0.3468933337078912,0.3124264904720341
97331,-5.444912367888981,-8.79556305059451,1.55376561686138,1.0796106336859013,285.9705366578267,1.2656026116029135,0.312428582797238
97332,-3.318461979587175,-9.51354688216881,1.1557411785460177,1.1262455443422865,243.93580208422452,0.42367211813525163,0.31244307190299503
97333,-5.425193653957433,-8.877677346565562,1.4178256874456847,0.8714470281029317,468.1017526530455,0.7318117544027309,0.3124753613824908
97334,-3.9537551575964613,-11.248084897437643,0.24916151330154468,1.3551235002164503,300.3296729919913,0.9550961116022831,0.31254631074643197
97335,-3.412282314214891,-11.556568739860648,0.25944744959287086,0.8717317147131403,468.45494161266606,0.8482439810138667,0.3126072281670526
97336,-3.8093894585480292,-9.268593670941861,1.2859287061666305,1.2933268906064106,322.22927139418255,0.3309147836759694,0.31265721999667295
97337,-6.968761780473785,-8.51341199517546,2.8864252796181984,1.0149146115796897,278.42776029008195,0.9317888032082253,0.3126734789417682
97338,-6.462259018329419,-8.492603628817834,2.8685713349739865,2.031143567995009,383.34041921058525,0.5426658767090693,0.312674557691536
97339,-4.449067646806019,-9.70622006352016,1.0727188518895718,1.078410946397833,288.0892143726633,0.3925351738377634,0.3127361855066516
97340,-3.3881586963360997,-11.875496713318267,0.3007052337687448,0.9240631543457904,238.88404197535306,0.9612445240949512,0.3128602480753576
97341,-5.266854233746285,-9.931698964881393,0.9720283334756334,0.8926105658531838,443.3586686654893,0.137606724380265,0.31287792209749066
97342,-5.082935288225584,-8.897143911861944,1.7406936885281246,1.0768524156246204,467.35115945565644,0.5483449679019019,0.31288791224307233
97343,-8.397921239578489,-7.058897928574784,1.819780812494147,1.1306699902726802,205.0489106091642,0.3423002687172616,0.3129612466084309
97344,-6.570739505352156,-8.45476752762032,2.930463768851579,9.59449176286199,710.9061481838994,0.1837691747331549,0.3129620498280599
97345,-4.602088089160953,-9.185056029995309,1.2511794622146668,1.0109814078832775,264.12578828636566,0.8503684012131867,0.3129950403177447
97346,-3.5481364516692704,-9.304575367118517,1.3578833133098256,1.467949387972265,322.23301569595463,0.5688891214830063,0.31302147920702833
97347,-4.584182740710604,-9.283136463457318,1.1193645773704366,1.2442344907156198,279.3264400945983,0.14009262596575844,0.31303530199034185
97348,-5.286642654099045,-10.344892504218517,0.28036380575509084,1.5608505785070264,344.9920697726197,0.8021122909464244,0.3131268435777529
97349,-3.530700091016201,-9.219883009958057,1.4601027331126633,1.8131818467820509,347.87017152164583,0.17852365011421245,0.31314302390067494
97350,-8.157224210693961,-6.838516908820265,0.7304322359206248,1.1424799578328058,296.6498683629099,0.9140096596079799,0.3131807389376965
97351,-7.8847441960302245,-7.664513531629095,2.7512864686886376,1.0295677738662523,468.1197985746363,0.8377274273581365,0.3132253586111946
97352,-3.047950946718794,-11.195626104290335,0.2853437710743168,0.9027250064078147,467.6455004880078,0.892388208954265,0.31324362966301655
97353,-5.067499062455363,-9.717730023345894,1.2420002746048266,2.671905344212861,473.1511749623194,2.1259486807769967,0.3132458986846469
97354,-7.189800317319863,-8.395852707620854,2.875788121194074,1.7467654843594913,411.9042826158905,0.2406111388809551,0.3132705494751876
97355,-8.376326352022637,-5.141668141939571,0.887334691830475,1.1661008197456346,295.83636145949765,0.8823701115312756,0.31328006248446166
97356,-5.249502830358775,-8.904993555283344,1.8880738976445393,1.8182237435560782,356.2697604658907,0.46529608530962374,0.31330593008644264
97357,-6.630745760819632,-8.97171711972156,2.387762690314698,1.1995754651807244,269.24492689407435,0.4520459395499179,0.31332490223420173
97358,-5.616545199648738,-9.419938420388714,1.5935516296382155,0.7254917899269611,159.2590082402073,0.3678861182438995,0.3133497878762243
97359,-3.196812310290804,-11.415509422576255,0.4027563124428254,1.016097157558106,230.5193585036985,0.40213459658603856,0.31335401331965923
97360,-3.1748514153095666,-9.9040045653639,0.8704497832070073,0.8856442172042105,228.32684052579123,0.8068571517366729,0.31337500347299646
97361,-5.32567925800773,-9.91250934132608,0.9915110630237828,0.9829376997117707,265.4464687920049,0.9879733528653487,0.31339734547046666
97362,-3.9044388620217045,-11.153381175734696,0.24062150588405762,0.8461736126805961,467.74589890439387,0.5551317099629145,0.31340691599436277
97363,-5.041696680043161,-9.03793928710526,1.7919745799862945,1.0716896896913708,287.0132270977176,0.4893294956086036,0.3134924436387432
97364,-5.461956898287005,-9.08899788354065,1.043903792550305,0.8997886606360368,145.6934786763204,0.20840858409705643,0.3135156634323641
97365,-8.455176006127722,-5.554464199109661,1.6986371004164322,1.4656417518875309,336.76975806150926,0.5915323695576813,0.3135252768564259
97366,-3.4471480367734557,-10.516862612403274,0.6738917520618615,1.815858691763044,440.0187409799379,0.19466308233164487,0.31354060978918175
97367,-6.280095318630623,-8.57124063404433,2.7205269593702828,0.9675180392879092,269.3757495314841,1.5608132817520577,0.3135678226026427
97368,-5.117921226232359,-9.220358784410998,0.8794980286582806,0.5694587582758842,120.67476451175268,0.22833168399755177,0.31360984290949745
97369,-7.700695082131398,-7.801772122367836,2.9011238443320244,1.5976197544977526,470.421299611742,0.0858677322721233,0.313632277195677
97370,-5.8701799065277385,-10.402186997032485,0.38476234991995195,0.6651485860399385,171.39797766719994,0.32711675356646364,0.313654877011955
97371,-5.879708633810573,-10.017822490033156,0.9091571340553247,1.0673751427525249,203.18274076153955,0.05317862805919393,0.3136683438765684
97372,-6.303029158665909,-8.515983620255213,2.748277498993472,1.8349816700303054,380.1207933000401,0.9312272216040878,0.3136842662697794
97373,-4.30056634895112,-9.654370182734802,1.1369765605230064,1.816741517967959,469.66291032720756,0.03362523902303938,0.3137018290448614
97374,-5.523594331615146,-9.091466596067413,1.029101656630066,1.71064711100127,468.1096304189982,0.7363198452662774,0.3137277535374323
97375,-4.9492273045059125,-8.957134147015042,1.6656186159980835,1.8180236522666209,468.0485354060599,0.2503066878748088,0.3137536884434031
97376,-5.634720175524881,-10.764796726046631,0.48158557808844216,1.909303649538616,395.2268844953689,2.1742342957478122,0.31376853325503645
97377,-5.224548576214756,-9.843506195588066,1.0774358662595742,0.48068946479117153,124.36601755731769,0.6953904856868283,0.313816928606965
97378,-3.9478421966937063,-11.091825979498864,0.5127193508273643,1.3428246575659666,329.0076811541838,0.35616820785701453,0.31382033793096464
97379,-3.5435320656884874,-10.967560429934602,0.5420234497138184,0.656036352944959,133.0651919840447,0.05923668467316556,0.3138519306106787
97380,-6.873002370656535,-9.226903792335731,1.868869064285248,0.8782062941350585,246.13421147744995,0.6077538813362251,0.31387022908988504
97381,-3.9660211804271315,-9.201529865528164,1.434596928100332,0.6637298188126386,184.28183655961854,0.9832091303204553,0.3138844936103495
97382,-8.464700475669243,-5.175426360452989,1.6307941859178212,0.840763422890749,194.98584539593432,0.27361288727403643,0.31394444787356
97383,-4.464108606185686,-11.37649697947168,0.392293084899596,1.5825170233276333,458.4161882190771,0.44627420728591627,0.3139700281465105
97384,-5.911411699875577,-8.99884445190206,0.8811300726543997,1.4585567712778111,325.49603993367185,0.0727841790298891,0.31398087083545795
97385,-6.7035667027966594,-8.790688201609605,0.7710520366329157,1.659023805141472,461.1689192207722,0.06004773944404196,0.3140504451053887
97386,-7.278177272867519,-8.356840636108998,2.844500766932651,0.959459172159941,467.4051917685908,0.43125962585811894,0.31407894145927207
97387,-5.137380424829238,-9.849991087068949,1.02529086660423,1.2729563823282335,317.16074551380234,0.3918084169556648,0.31410143674567803
97388,-4.7011630752820235,-9.359962935782576,1.4975439179051153,1.4484491671182804,336.4371344769046,0.6597476374925639,0.3141817272470961
97389,-5.922337658838917,-9.406850202847334,1.644937231967211,0.8659098261662053,468.2603210028257,0.7501992375730362,0.3142298792770533
97390,-8.116889721603851,-6.717052781992583,2.7641627243495552,1.8624984081513876,464.33496189693415,0.3552307362682141,0.31427222288719764
97391,-7.4811576785557765,-7.205688323579312,2.9002867057736994,1.8801286027757436,457.7333930079532,0.3773925528876383,0.31435378594577096
97392,-7.29393580030278,-8.93550061204653,2.008910521568556,1.5152889550560613,343.7690257562472,1.6483650087731307,0.31442219322627385
97393,-4.710378376642784,-9.69092475773737,1.1945985662964642,1.2145327298105513,249.27749279408823,0.6467619921413954,0.31443678572419853
97394,-4.281638031131122,-9.383420620221553,0.7886680047564635,1.3474000404092177,320.5021399779559,0.20629578458229325,0.31450012591239385
97395,-5.122499900416496,-9.223752457861721,1.6831417885729223,2.4238900252996403,416.1838260458161,0.2214348752617914,0.3145334336960688
97396,-7.305798544654929,-7.550621508572045,3.0168188909699825,1.4419028615565126,323.96938159023654,0.008503394726526281,0.31456379616283203
97397,-4.220333790529253,-11.101097464769023,0.5009168969238,6.61885071136434,562.5816519569614,0.05726567519899284,0.3145705743317973
97398,-2.866798078578414,-9.82062928538204,0.7192184333011364,8.946441616305682,351.5430133812109,0.3002095761907988,0.31466107333600624
97399,-5.037499622177647,-9.007811069786058,1.7723248999445809,1.4313836997135008,326.43228650532177,0.6763772631035065,0.31478523526592483
97400,-3.3463774554544115,-9.42909704067103,0.71323135838153,1.6820487076046924,357.38474188998794,0.32579338956778425,0.31479665384003863
97401,-7.718539935900292,-7.24108846169936,3.123169693804559,1.6531301792980104,357.6594561082766,0.37469993757066344,0.31480429499993257
97402,-6.175116663323877,-9.985825410159544,0.931944335714404,0.774625567686858,253.5356558499627,0.37070104167521034,0.3148404824911931
97403,-5.3471032973747965,-8.81396191488604,1.6401117970670558,1.704866846570808,403.23828817341206,0.6793975265602628,0.31484993843301834
97404,-5.996450955381868,-9.953533456204125,0.374109456304369,1.5482945196626976,468.009824625885,0.2714825861534669,0.3149423947147219
97405,-5.520585307280399,-8.729724882918356,1.9622307434332558,2.3476774972552534,423.965375912529,0.4222208514572845,0.31494541241644236
97406,-5.053074417755833,-9.153632727183874,1.7101344129435918,1.3013864873074936,288.5865690835738,0.20662149761162052,0.3149468103934895
97407,-8.180909415360215,-5.776762467308779,0.7196967477957474,1.619943456691097,374.85289203990857,0.5647734822746804,0.31497409147936306
97408,-8.417152203807039,-6.408929366108017,1.8954653070080723,1.204849523348038,307.7291025921144,1.3528910691509628,0.3149837629127489
97409,-5.444879484043913,-8.755947291526105,1.8939693890938791,1.7421667007585426,412.9232439927001,0.29201852484329294,0.3150088658260476
97410,-4.155268225644612,-9.444554592340232,0.997565004036957,0.7921554711173295,216.76576945475918,0.7148302867674534,0.31511675308344667
97411,-6.778709857083242,-7.991365452335942,2.1925502921657536,1.817676883543765,468.0560044038857,0.7058637258880056,0.3151499323555905
97412,-4.194626345495832,-9.430640937137758,0.9970086977496044,1.0633532883908372,164.50220408382805,0.4188418704767525,0.31521301481834896
97413,-4.811356548926707,-10.144704005000413,0.28989863125398424,1.9118648239366047,468.7407994613249,0.6089035876257194,0.3152140027594267
97414,-4.122131791874093,-9.577015495896688,1.0955627087144852,1.143317215005504,468.4961933207409,0.24433820546134744,0.3153427229153881
97415,-4.088522215349061,-9.463158604143437,1.3752386842873692,1.7390760464830737,374.2102349716204,1.9869557963556028,0.3153759277555982
97416,-5.263530946384179,-10.93248958479754,0.4271804711369179,2.217431322392161,418.61009947842985,0.8540696044118583,0.31541088973996184
97417,-7.51615249803889,-6.999602824172756,2.317801359384128,1.4672084246991997,348.8006238866059,0.5394494750788814,0.31543578663604255
97418,-4.957052698044406,-9.218959841554032,1.6344844336556017,0.5718819930331512,144.47223567501146,0.538294909823656,0.3155134583288367
97419,-7.550696018084065,-7.112427713548124,2.9272064265010274,7.462961851934066,415.7522324237534,0.16869015028291567,0.315535597105428
97420,-4.798470654294581,-9.310671004586284,1.0500466815187464,1.0637167061934987,287.1537500582095,1.1189516064202083,0.31555875838498076
97421,-4.795293965680994,-11.130496854841205,0.4297576149177918,1.3896066855509461,304.1248209686606,0.48363009409496893,0.3156040624370842
97422,-2.9738814298571636,-10.961669247829107,0.3117873321857695,0.9962381981737948,437.3035092981458,0.4948350605503826,0.31560446806133946
97423,-5.526915777846014,-10.618721412225103,0.5890007532377087,1.1679540217312794,255.2105253139038,0.24491051123468122,0.31563029408969545
97424,-4.0917160705692845,-11.436153226695565,0.3678959395466246,1.107876987309169,208.15697473642385,0.07365153820538328,0.3156495159544235
97425,-6.268937396783864,-8.552677488865132,1.4580694021699707,0.9340399183154874,244.0849574741467,0.9441756026214128,0.31571318386699154
97426,-8.489748519243864,-5.199494121832461,1.281160706321026,0.9516290400681512,267.6424317872902,1.6868012679067625,0.3157219111279795
97427,-5.339867944790467,-8.868853490775088,1.930090629589211,1.1975371953209166,244.64457244680963,0.8531975183428955,0.31578423389008553
97428,-7.352404484535268,-7.817590561942095,1.2028619126268327,1.2004227574050705,302.191805542268,1.2367828279262465,0.315808505746469
97429,-4.077966676335211,-9.266460100819895,1.2991140656016298,1.092350629949674,286.64677190995417,1.3020538274234754,0.31587254114226965
97430,-3.83415925841531,-9.43254892621792,0.9144769972278695,1.1967921809383755,246.059311359128,0.2932077628395833,0.31599290660356916
97431,-6.0104675885844765,-9.932241969582297,1.061586342027175,1.027506508480949,262.6478121496831,0.8070797277995068,0.31601807025173884
97432,-3.443070552496682,-9.315475286703814,1.3680399913961017,0.5144136302750105,158.3842712423695,0.6993784432606533,0.3160588396227981
97433,-5.436464670132509,-9.587471326654821,1.4017913192833271,2.2924564637969564,418.81503864428424,0.37173218381563977,0.31615226115085143
97434,-4.65021379307993,-10.250425083044188,0.27180320461030666,20.598245044590396,508.5737521173256,0.18848580747459032,0.3161539442174527
97435,-3.739512838486271,-9.438746546546488,1.2586337084381543,0.9443346277777063,259.8663754809929,1.2341692335908716,0.31615839134269275
97436,-3.6969551035063377,-9.773558136275302,0.43686596041151726,1.8413448592782975,467.5192223410453,0.5139527575602889,0.31622629211161224
97437,-6.156609746675639,-8.416288566053156,1.9848611561457763,1.5829417998895063,467.6115500708031,0.5783676735323793,0.31622705878113383
97438,-6.121858354535075,-8.483421752825777,2.513546616957533,1.9015194455988054,468.8893460026521,0.4989179915905071,0.3162544126853094
97439,-3.6656042104479933,-10.38573931435229,0.701917177414309,1.623340548170897,377.44543180916025,0.1006458323112307,0.31626178703575214
97440,-4.138909115865675,-11.048723330854763,0.25038968270092304,0.7738251417391993,227.5887048520172,1.298790534764536,0.31626711656614015
97441,-4.397872571360265,-10.735496936521491,0.5954404378359693,1.471820467234425,336.12344162466104,1.4270980024505695,0.31629169765164106
97442,-5.021405708064757,-10.986595701460343,0.47833648766345055,1.2803939970282983,317.83483203859436,0.4278918698801144,0.3163170710512226
97443,-7.755403645425484,-6.230936121072959,2.0310509125746785,2.514620219887924,456.58848155463266,1.5110059900149482,0.31632804813396376
97444,-7.195606325178512,-7.561604855078124,2.5198276706437785,0.9844572389611201,467.49110256369534,0.16835818507461653,0.31634607500278517
97445,-5.625451032432647,-8.701846784713792,1.7740930405244366,1.7248197840943693,468.4420281791607,0.26113908807808084,0.31635280739226024
97446,-4.450170323278451,-10.906108330468427,0.5443562384867456,1.175695213569215,262.8582642857746,0.5260866308393028,0.316431788391903
97447,-7.334006399708635,-7.620745331645773,1.5576808033976566,1.3958032246607521,168.2961451580833,0.23460854373001094,0.3164500434784883
97448,-7.0710700959029475,-7.983215191302239,3.1366947116257955,0.8458243716818074,209.9673816018706,0.44269855763804866,0.31656904117617984
97449,-3.251316985986268,-10.277066261114491,0.7369904101393885,1.2360261257052678,313.3804140813379,0.3201721377481146,0.3167415066574125
97450,-4.370552880980602,-11.124797969777859,0.48254074468930447,0.8976629976191832,257.23295987929316,1.0960706504373823,0.3167753542712548
97451,-8.361704717326635,-5.367443236742063,1.9592292645821676,1.315409380966029,385.2149124973659,0.5071606619049769,0.31679418181903357
97452,-6.1552197439824345,-8.525337380343906,2.59001872670468,1.3933096743174078,413.1612155649751,0.21597569668298622,0.31682441265837585
97453,-3.301535700997235,-10.418173627580755,0.6886580774378894,1.0660772175854358,227.5039534762942,0.7749490865098965,0.31685686141653463
97454,-7.058300186336123,-7.737012765129488,2.7418840680572654,1.7669100237788509,418.0733041944301,0.38536218602380945,0.31687258353006775
97455,-6.13953360858272,-9.183117764462498,0.6335418759764514,1.0421284445584276,467.9143878733658,0.8897110845932383,0.31688137185521725
97456,-5.038004538690731,-9.059976738282437,1.759300337756448,1.728399186674208,406.1357123483302,0.0837669814667441,0.3168929861491368
97457,-4.193396033333492,-9.265266072348156,1.2717363831620285,1.114817871613743,289.5083425894629,1.2996352380586709,0.3169086218509076
97458,-7.0472280762798345,-8.20534921399334,3.0882787097387276,0.9036894594805568,251.2345265384142,0.21659958591269746,0.31708840393973264
97459,-7.820173533324883,-7.584274493428022,2.90234671496139,2.4944537393717408,441.62392113429934,0.6613441273336234,0.31708946713037417
97460,-3.4867210925547134,-11.313669323758631,0.2546482226598074,1.5429600101240495,333.3954895488395,0.18457628671465187,0.31710168771711184
97461,-6.730021863855657,-8.53456631381841,2.891891281773434,1.6433796458584253,381.9985597286934,0.41267472816861606,0.31714812913193813
97462,-3.1739257525994553,-10.773836011929447,0.5836302707129036,1.1099006156553943,397.9784035077713,0.9874160850114286,0.3172009512854479
97463,-7.350231986557707,-8.525568035601529,0.7467082211639895,1.1121129013823392,280.6394215386029,0.4542892962010079,0.3172621820613788
97464,-6.140520064374772,-8.41153662181293,2.1136460227759706,1.8957021058555563,468.9106060792489,0.5592989332044507,0.3172966409537523
97465,-4.4095647109614795,-9.432072079425009,1.0007136284377984,3.514544670466971,515.8089584077838,0.2114268775725625,0.3173200308198665
97466,-8.411326539778116,-7.251058484853453,1.1647163875393656,1.7172213444891786,468.0232398674042,0.5502265007131113,0.31733662203637775
97467,-6.167350091809139,-10.343097810311217,0.494561496518522,1.706791157142577,417.38149034032557,0.20878065666855594,0.31742597515066107
97468,-4.0630803480884925,-9.399952698658476,0.8477722204242527,0.9132918181816878,169.0599332099652,0.14466066878172068,0.3174460886494941
97469,-5.232744498972073,-10.369521281130769,0.700313285690836,0.8693388420323676,468.3785300018992,0.814427053400868,0.3174595615660709
97470,-3.4326926680363243,-11.147167409762902,0.2413986547333139,3.4394937730186323,530.7191283649738,1.0570684296026522,0.31746408534395526
97471,-5.351662976736095,-10.015298893211252,0.32256278827398216,1.6185850393961434,374.64265063874046,0.6310615663318551,0.31747524454364434
97472,-4.882789187503676,-10.093513236964833,0.8130534176286445,0.7516808795185311,165.61548563083707,0.8668371330270697,0.3175478147450373
97473,-4.964246936510045,-11.057043210559552,0.30506318136320953,1.4402737581093348,329.97678202884924,0.013337740494057115,0.31761212750031376
97474,-5.713473082604238,-10.638215316565969,0.46591451415899643,1.6258418049052448,353.7172548507408,0.9475756925053069,0.31763769556669985
97475,-5.2478728666737515,-8.861148428329617,1.6377306826216707,0.8058494516102345,223.12266395893457,0.7105366858756206,0.31765305720544185
97476,-6.664350563788148,-10.020848741243643,0.5814268152399887,1.7366541229133776,369.5476431015963,1.2871167828361418,0.3176999518529863
97477,-7.845642378470999,-6.243053390594608,1.121996340870582,1.526298553033943,468.98760499817394,0.5964282487567578,0.317714099464144
97478,-4.964081071436095,-9.90680821355225,0.3488620917398492,0.8739680365368211,204.76922090359116,0.3647734633267481,0.31773497763929537
97479,-3.5561966971514183,-10.629200346378465,0.6264908436205775,1.7094961813757763,467.97850175659516,0.5206365212094157,0.3177362259686397
97480,-3.8087183515007705,-9.393125970918637,1.2219788476648463,0.9777234566279769,468.01496034080867,0.02599392599672523,0.31781486964458305
97481,-5.31052032984408,-9.60634718921319,0.4768107353439745,1.8682325132964066,448.47091254696693,0.122113179455555,0.317855289718383
97482,-2.893207395315663,-10.19007051620054,0.5078091312247317,1.8564503925300144,467.4821966030971,0.4282323616958754,0.31787919003427184
97483,-5.981640597875316,-9.255447865672265,1.8175833302583413,1.7179272687254388,407.4040893295164,0.4491462273847162,0.3179246422056618
97484,-5.887384188343933,-10.234493805984084,0.3786931102190775,5.226561787304711,430.5974159085864,0.06990201692506481,0.318043509722881
97485,-2.9916632984994616,-11.06733054600662,0.3145810626945373,1.5683123965279593,354.98379536482844,1.1868998340700179,0.31804548625610635
97486,-4.089059433382522,-9.47992337014621,0.9644644420482162,0.754373679649411,147.80029128228662,0.18476873675520444,0.31808624092646787
97487,-4.136745520131118,-9.275744868163777,1.4625118033025586,1.822722384797123,467.5390568551388,0.5133609874369025,0.3181204486457734
97488,-3.1439726988263583,-10.193939128901707,0.3476177053162061,1.373222049838528,309.0811816663844,0.2683132268841879,0.31812207541266135
97489,-8.363900720514664,-5.655435056216633,0.8770171264820456,1.0868375111077149,466.7821700032031,0.05515411981341689,0.31814522686337277
97490,-5.027501757525971,-8.979025893202198,1.482194536583602,1.8362289668065561,464.3942682927789,0.051344705849841965,0.3182360240777811
97491,-8.276095518865219,-6.18269288215479,0.7420150474441713,1.005723169227618,275.6777355262876,1.3240007242143195,0.31828840981125234
97492,-3.9377521785257503,-9.31801454692945,1.3142791010488406,3.8483766022564185,549.7753215393251,0.5147276226441644,0.31830713751749923
97493,-3.248504022836201,-10.30884805397709,0.7211450581271863,0.5978631526331639,189.30094821115253,0.7063185361903486,0.31833148668406713
97494,-4.75778289265501,-9.1767665126952,1.2544870433349276,0.7824672568164913,468.118046306603,0.5307025395153682,0.318390727143316
97495,-3.9456325405296466,-9.317675915212615,1.2914093918226868,0.9862513249028568,187.67699877869626,0.09438516234079408,0.3184321402980448
97496,-7.211605613383375,-8.037094432547327,3.1166862552729953,1.5920338741969202,360.04220202872415,0.9052217532876652,0.31849430642996174
97497,-6.205290845597775,-8.401722717080435,2.4973718221194017,2.2026476662342196,426.8405006158957,1.8668562895062717,0.31849857038119883
97498,-5.9798642814748755,-10.488812647814868,0.5615509889543987,0.9330078456133362,467.95698468114955,0.5390120501638167,0.31854008734466316
97499,-8.097213575302568,-5.130734604368374,2.271935459509615,0.7977204906184218,469.9885987594752,0.1253840801266275,0.3186100585916023
97500,-4.574246866824153,-9.063863909398535,1.4855809304400784,0.7529215497708223,155.19204741975128,0.8422830671946295,0.31862822487301695
97501,-8.03818565430236,-6.796538414582985,2.866860770824188,0.8317585971922292,468.68660574185117,0.5007916830292656,0.31868781830826687
97502,-7.113075854807813,-8.60932643961447,0.7652781197497688,1.1482940145070435,467.09930366159125,0.40980944387504525,0.3186984723867199
97503,-3.313253562062755,-10.497567093130598,0.2579736582221536,2.791320667464675,188.1438547509499,0.32954973673967025,0.31870772553849497
97504,-4.306489654648686,-9.255877995337253,1.3292102913364818,1.6935842573556446,470.2339994038386,0.055923006632442984,0.31871646999331554
97505,-4.064176095147096,-9.476175740362617,1.1855562886940167,1.1158085379916858,292.7431978390291,0.8525643654028636,0.3187398460288351
97506,-6.565700907171758,-9.73132040442913,0.5288027779659806,1.8488218081494643,467.9706108393556,0.592159580652714,0.31876998642197163
97507,-4.436020056750322,-9.483245866460619,1.0296951588638714,1.0752540018314098,203.70108186043032,0.07274712708987341,0.3187845406916791
97508,-3.4884503337685953,-11.168905161598108,0.46525517535058336,0.8918402269647147,468.24740007350175,0.5395097858658602,0.3188115889661428
97509,-6.470089327816501,-8.420150583717387,2.8654469612401208,1.7033004572975423,468.4932853601402,0.940177817262601,0.3189092571726047
97510,-4.358046586833527,-9.5750617785767,1.097670690398812,1.4721775024184378,467.9730742073429,0.6792818806708416,0.3189849889021263
97511,-8.33831565805483,-5.541499983709686,2.032863837936485,2.6179572167689997,257.40932194258886,0.15861186396375349,0.31899157689968166
97512,-7.782685095973447,-8.730641502039346,0.9962290903531962,1.6429241090974833,469.8907999383965,0.07122690796831943,0.31903021972188994
97513,-3.2716484910358847,-11.297797310676337,0.4231927215161071,2.8346561048149077,483.9928921460559,1.3302308751147285,0.3190471458258108
97514,-4.7278300702722,-9.351563750847582,0.9130427883811845,2.1617126985780057,403.98731429848056,0.582137597774536,0.3190762602654106
97515,-3.9560612113680405,-9.403649731167008,1.3526352117941967,1.6237502611134145,340.4566526543939,0.6591869695669557,0.3191153110507169
97516,-6.422264150203589,-9.127779830212301,2.095296893216243,0.8600423315508778,467.50352151330645,0.6525601653784934,0.3191700683779453
97517,-3.0800183236111147,-10.50968326120596,0.6585790991088364,1.7418996219349472,468.5866795004061,0.6407059920555307,0.3192195600121647
97518,-3.7137608449021053,-10.54587908488276,0.24705066714372198,1.2609638103070226,195.18436218229377,0.4328468660910696,0.31944086375369046
97519,-4.2632989280835325,-9.503902400870253,1.0704107815323425,1.4243278553757015,325.7085522876655,1.064097364922552,0.31944233036665654
97520,-6.940732766129366,-9.748827890368691,0.8836044014074448,1.0638268443668015,468.0378388480013,0.03236183669432613,0.31947236197741447
97521,-4.464221597834439,-11.262464842771891,0.36068659696102306,1.9173647208587434,391.3486413224491,1.1774369180059479,0.31951270775768625
97522,-4.477383685051347,-9.623633060970871,1.1958910411984305,2.940561802925783,489.588273199141,0.9757526129790906,0.31955282208807856
97523,-4.464867456254566,-9.29279980848627,1.227469178908892,1.6718285858142845,469.9024073182291,0.06677472813910335,0.319615439137868
97524,-6.105668006561125,-10.218197861576806,0.7071603631859246,1.753006470719026,173.82294333685266,0.2713348946408791,0.31972079632089784
97525,-7.1427966929629765,-8.09097927241758,3.103988524707297,2.756611391737209,365.178467058117,0.047002428350403136,0.31982635292181355
97526,-8.267051267764742,-7.110070551895696,2.29609771163538,4.903784350057225,297.0494757165347,0.22143600577976041,0.3198376481124722
97527,-4.719008457531238,-9.766009080662784,1.0190980632356377,0.6155354674684893,154.60061951882,1.1241359068541383,0.3200496285830191
97528,-7.829371248045813,-6.885323904625105,3.021207465854984,1.0431008184058899,272.21882122029467,1.142017506606738,0.32005227664406405
97529,-7.880655188427641,-5.663566621072141,2.08382891899139,1.0849970100997086,225.27664763936403,0.2064927893936872,0.32008386657407206
97530,-7.793889211002435,-7.898299656208866,2.645516319240415,0.9795919106747968,468.6516268810775,0.8243144657520469,0.3200983209248679
97531,-7.374667011848616,-7.908264424567811,1.0190439096100155,2.5403778809311492,449.05125323397493,0.7795085012731668,0.32012383262586064
97532,-2.96888576787826,-10.393193710558798,0.3865984250797004,0.6379881993859744,161.7041894472982,0.2179050734136263,0.32013875591838503
97533,-4.2264331999119,-9.459363857748311,1.3419957945980117,1.0205189526747238,469.0336427492592,0.002254685788190436,0.32016284521078886
97534,-4.164762760892059,-11.481073754544148,0.31102174668312715,1.8630509093414642,465.5136081982254,0.4687189532254754,0.3202115002552132
97535,-4.200977061870674,-9.765956685539017,0.43837495623561024,1.129133471702406,469.40419951464077,0.009189216475586903,0.32034949336598695
97536,-4.428581180505828,-9.135883846705523,1.4550974134022916,0.9338616829457764,467.80256999232165,0.8958098601769846,0.32043566629298664
97537,-4.840998235157307,-9.98341160754584,0.8566513372091885,1.5545694809244766,468.704956103496,0.8223195341612977,0.32044413691971685
97538,-3.898404689635216,-11.380652726636475,0.3560614297324985,0.9184165765873052,238.31092868756718,0.9837225361167521,0.32048825091179034
97539,-4.882921301990885,-9.215814560730017,1.5824060172640664,2.3359191688475485,441.7849606611874,2.246472410336499,0.32056320478031214
97540,-4.044175996860919,-9.342600165435686,1.3746438936903762,0.6920684097685396,211.41874047308968,1.0187380384969122,0.3206998563001501
97541,-5.134012459003076,-9.793946065140192,0.39366223418041785,1.824892132102001,436.4923023025248,0.08207112679599238,0.32070779919574727
97542,-4.753937241391481,-10.654395342655341,0.26098988286089475,1.3059545968755046,324.1982883616732,0.3854628101859694,0.32075128180998813
97543,-8.369863135037969,-6.515995495477485,0.961435708687483,0.5119663773023261,136.7339969761139,1.0553484448268495,0.32075784322243944
97544,-7.699405276571698,-8.030403236581627,2.6501702477279037,1.7986990488531793,435.7692520180205,0.4704323058398012,0.32079138733015944
97545,-4.626572886052422,-9.661238577067804,1.0742322876576007,0.6949987669445626,198.7320998227657,0.9907421246670935,0.32082363645296147
97546,-3.792220800195267,-10.813406391017496,0.569119040877259,0.7765466135635378,224.5618879596292,0.3880784680606304,0.3209997723692653
97547,-3.8355819231556953,-9.802574607727376,0.43225739360695786,1.7648791941950428,419.53331487277825,0.46035898445301005,0.3210754461368335
97548,-6.679319863750672,-8.369656920268488,1.3934081972965708,0.9669157823792863,230.9173181956847,0.07793858954659338,0.32110435919544494
97549,-3.944826256514639,-10.80106704072422,0.24514437095739228,1.1422695465611339,261.1538747632641,0.08879927039754776,0.3211972266729934
97550,-3.9557398336956773,-9.619474408450923,0.9569628173509872,1.0121485653811289,264.8284609440118,1.3492959314172266,0.3212475437029373
97551,-2.8617215170487773,-10.036610729238177,0.6126836238099292,2.9663614441117243,475.3954628418777,0.3055827506694939,0.32130340442838007
97552,-6.120678343876781,-8.497429935172995,2.474316461047309,0.9596114658085279,197.76112845539484,0.21923592506144107,0.32135357949512744
97553,-5.020458208078282,-10.054692382886184,0.324260650795489,3.261462312197484,515.6193767476252,0.9384780386459708,0.3213653007083584
97554,-7.047744317958481,-7.8152916686968945,2.920974917130498,0.8779563035317569,467.5454463134079,0.44193336106437453,0.32143687071830235
97555,-6.971760641525613,-9.733832111942345,0.9306870954220908,0.9231002356481242,160.08395955298462,0.23410236137546203,0.32151952589794036
97556,-3.8291195962611972,-11.57598729756539,0.28449280246978986,1.5926269823048864,341.09741337114474,0.6850345212066378,0.32152643263174807
97557,-3.131974572709316,-9.801720021866261,0.5466201837348994,1.807972173943977,430.4746360903154,0.35690345240348265,0.32156261562750293
97558,-8.17724686784653,-6.164308650983684,2.5015021981330148,1.0836279780649956,246.4856618261787,0.341045081744455,0.3215821512949415
97559,-8.278703438896882,-7.669775885375474,1.6146844670457068,1.0904702606569834,226.94146571221444,0.07131362832099075,0.3216582190253445
97560,-3.774985374294216,-10.782040025567257,0.24408709784024027,1.0430208874687659,274.17561821306185,0.2475434057539152,0.321778332409097
97561,-7.1656640818608635,-8.4074094227972,2.858384528216895,1.7986398485475783,425.97703887754136,0.6165937341600296,0.3218039392555298
97562,-4.804716410466697,-9.369322744468857,1.481312745308609,1.0517302520008998,273.26699817161114,0.2490975481866391,0.3218627213838588
97563,-3.2953541621728055,-9.74636351011135,0.9117003411199313,1.40108770167263,304.57426129706005,0.22295695791363634,0.3219139604153129
97564,-6.1814490369384725,-8.491402564389382,2.5724199143338398,1.0271398528050777,468.6412172402509,0.5617584158827791,0.3219364491563313
97565,-4.670919763896198,-9.35295602622173,0.8967249918621477,1.2644476640123588,316.264466525369,0.43614069608080985,0.32195517967337156
97566,-3.283723134905056,-9.556373782461234,0.919951224125147,2.5493590627984624,456.41152626603065,1.1498371316492255,0.32199189927157773
97567,-3.718071689635317,-11.12977127758575,0.45418024974285665,0.7951898397530371,163.07327753430548,0.6851102278868249,0.3220633251834819
97568,-5.04362585944473,-9.959198044529392,0.34086176357117504,1.6799468050537745,364.8404630305304,1.2701456421079893,0.3221791704829368
97569,-4.74825062622663,-10.621776596702999,0.6103021326742731,1.1677841440287713,198.83660487710688,0.12083747027617608,0.3221857119915424
97570,-3.7482971968851295,-9.808279863882518,0.4332889644088334,1.0833205345554735,467.9501142386694,0.7994101377854124,0.3222225118192107
97571,-6.838363185878396,-9.034003154448989,0.6629974982440354,1.5193668833860232,469.42632338233926,0.11683779844864617,0.3222246127079882
97572,-7.694411358121024,-7.872822302635362,2.817211776310669,0.8655810836382425,178.6530119637181,0.7081531178486689,0.3223990586224963
97573,-7.753022505878705,-7.750896567833748,2.847922661316418,1.1496993000526359,300.62323452408367,0.5170487520914406,0.3224049719719475
97574,-7.596634932995526,-8.107003299030824,2.7150167909406964,1.866181823722183,468.0966851462263,0.39389299518262977,0.3224135316910639
97575,-3.8944533161431796,-9.748428038551621,0.9243871407446577,1.8630125813694622,467.52342870421137,0.5805431422409235,0.3224274950082542
97576,-4.4660796244784065,-9.546362809147972,1.2329666847765266,1.1273677582585917,247.82148716791866,0.23354276938469898,0.32244244052778165
97577,-3.238256765425139,-9.677383800846668,0.8953580263954606,1.0061536053473978,262.4904006517659,1.380520867179139,0.3225556474675126
97578,-4.898232693487955,-9.064330876431619,1.594995717067156,1.7030395086992265,467.86171895617053,0.6484622461628247,0.32267602657870353
97579,-4.804487753164479,-9.361744432999185,0.777614115993322,0.8685925794826787,468.2903779361131,0.14637939980876968,0.3226883854631776
97580,-5.499442348008473,-8.76780831814547,1.85560607839067,0.8506722615502433,128.7240701886411,0.3522183453447587,0.3227143497602219
97581,-4.16684455873685,-11.307210898080399,0.35000478902195076,1.179608066124777,305.40698724591897,0.48941008810964615,0.3227306373647225
97582,-4.697559493692812,-11.008672896733364,0.46052533139590957,1.4257787321121804,468.6895267883057,0.5978148920458954,0.3227349359085075
97583,-6.751774011749552,-8.804874837945626,2.5776854099623168,1.1577351212343956,296.0727003982683,1.0405858955688112,0.32284830354919886
97584,-6.244327900005415,-8.396791545119928,2.5419161168568793,0.7412612091393881,202.2316940491045,0.30913575907575463,0.32293195207155656
97585,-3.3696888392757707,-10.946857045730734,0.5264731833081747,1.099543535690022,237.95397648603068,0.8837552038463086,0.322961870077662
97586,-8.134767300076899,-7.247943331851884,0.7686344361419294,0.8127808412912689,390.72232127151693,0.08926618868226388,0.3229925577077379
97587,-7.596945224172579,-7.123379743041724,2.9807794444369837,0.8203826936004522,469.7299326833622,0.09841166537999424,0.322995317863246
97588,-8.388097143751027,-5.733524523465866,1.9055875237143298,0.5030835287115066,132.23021576158928,0.9448330049279994,0.32304555132743157
97589,-3.211016238971519,-11.405177823222107,0.3016292939408667,0.8141431863771585,238.38717774937442,1.5859858396273774,0.323055629475968
97590,-4.383119613518427,-9.516995501326667,1.1648304356281538,0.8565190306186443,129.65704498416272,0.3470516101826746,0.3230631602099294
97591,-4.415993612084898,-9.486708954518274,1.3288026205289356,1.064855574368529,467.8607148284857,0.5419485469433019,0.3231042930537754
97592,-4.414129568976982,-9.471454592236883,1.1549087278191745,1.087147951391671,282.36676400557786,1.8438896390234065,0.32314922267235074
97593,-7.909198919658847,-8.303285905063362,1.7811334507751644,1.2350143351218799,244.89283282746527,0.07176152959685655,0.3232138971601535
97594,-4.466217220778831,-9.515081471808962,1.0900195448630272,1.1658612787187153,277.99475890563343,0.923617722075007,0.3232420922443481
97595,-7.847734558862337,-6.265667699764281,1.151788332882516,0.6703162081590055,184.31193472813558,0.3414179449687609,0.32330786420257274
97596,-6.3790991025423605,-8.595810731441107,2.720673533447213,0.4963941857488542,133.06373767146562,0.958315861045314,0.3233162231939386
97597,-4.698361154305616,-10.904997678008051,0.5083006244281695,0.531154705089721,139.49665100056822,0.6066281441605161,0.32334838894741597
97598,-3.3313593034545086,-10.514096787568024,0.6562112517799196,1.136824553634938,278.6759456568512,1.0927375777995545,0.32335968907732376
97599,-7.830841833197772,-6.179834737725038,1.412800506173352,1.1954413477253372,269.256434513694,0.09063635237495848,0.3234217490853638
97600,-3.07635402481829,-9.715731349323509,0.8399561618722458,0.6946271927888427,287.98407333203073,0.4222296338581968,0.32349522795265323
97601,-7.557068410667277,-6.952015263072731,2.5064002622288504,1.1688362768680818,273.7742179888827,0.2611398639196034,0.3235593619506448
97602,-5.876909605930763,-8.71598276392325,2.2631126952418885,1.3107222320274068,306.86679567033326,0.16739909620505156,0.3235594953112939
97603,-3.6343134884159625,-11.109373870090753,0.4553406846876253,1.0045685227610281,196.6072281133336,0.07432784489831956,0.32360978725211
97604,-4.601046481414733,-9.365034966601005,1.1051882965350113,1.179211388165302,468.7262521719417,0.24900648665631397,0.3237047873239479
97605,-5.643691214422984,-10.675150891144742,0.5041327202969876,0.8640853560599829,176.87429163047102,0.3453687365904159,0.3237424709577366
97606,-6.175262589555685,-8.49764541199529,2.5339104591732267,0.9537635526831036,193.55477292142035,0.04775643809777286,0.32383884013286
97607,-2.8926428716705264,-10.05265518956929,0.7453111579350551,1.092419978722274,469.7073451806652,0.004438099226685921,0.32386907796628395
97608,-4.802731192338769,-9.794126541681072,0.4163962025788881,0.8671977563196643,246.26357514515306,0.6911046257253046,0.32390985346560897
97609,-5.2534315884046965,-10.625320240309271,0.30298393286806763,1.0255594158348216,468.8118620975596,0.014565152456518682,0.3239625523814964
97610,-7.562004143211373,-7.257409416031957,1.4365430684260125,3.645826995374972,546.272573038191,1.152392688226068,0.3240570691305753
97611,-8.48332467552305,-6.08384220900552,1.562170530263911,8.2839743714649,546.328291176982,0.01762799589382613,0.3240937077947325
97612,-6.174126517306176,-10.32529862222206,0.6075135791585965,0.9217720745832111,181.20120640874367,0.32805135641941874,0.324096150379013
97613,-5.378596369153053,-9.295252386387645,1.6406180985880379,1.7238817030814328,468.48941643957386,0.3251213173639149,0.32410631356107156
97614,-6.003584659107013,-9.980869998167456,0.8757776709094053,1.1517079427473895,239.75627260567128,0.8617687278191948,0.3241382773263041
97615,-5.593531830207225,-9.693044286571126,1.311182888821668,0.9700645964962148,186.70973882408697,0.014682624642111897,0.32414972474512993
97616,-4.293701383324086,-9.36872713914993,1.4165169434704217,1.014274078472202,227.21551607239465,0.18181882434901908,0.32420346258565336
97617,-8.309428179750782,-5.299064781893634,0.7641015827776856,1.477633611914608,333.8410306745759,0.09320617567448686,0.32420570072034816
97618,-7.965825768373474,-5.905155029132647,2.4801030088205502,1.8416136078243697,467.6554209401239,0.48031067289172125,0.32422236979822733
97619,-3.257735921392012,-10.359716005715566,0.28910876893743764,1.0179556349484158,468.43577091476595,0.8113580587572713,0.32424312603394173
97620,-6.6483170007803825,-8.087991473803953,2.4460989262876955,1.3973068666112447,307.91274527630645,0.9696543159729059,0.32432539739681165
97621,-2.8374893676446833,-10.232430990676402,0.6686053524897093,1.1342943272001076,285.5069005335836,0.874048383640937,0.3244115500259264
97622,-4.09165376508239,-11.26921767254635,0.37012838221382105,2.4695656561130748,455.42175618742067,2.5733711040463616,0.32441282863913085
97623,-7.125489382785438,-8.238382404655923,3.017874487120578,2.2819290487807424,435.10231524750793,1.8181146926889538,0.32450415271280153
97624,-3.235134646043006,-11.274606616356118,0.28120117180130827,1.717349339587246,451.20245192543047,0.7926932448618373,0.3245334715344681
97625,-7.748323696982933,-8.50634829044342,0.8194598505640988,1.381409103892641,468.66009316347856,0.5593496106293889,0.3246048520952582
97626,-3.4611370901245273,-9.894186112680913,0.8436314643986332,1.829108402200006,437.8805336228745,0.2054971109160899,0.3246415232346184
97627,-7.234886754170186,-7.75813980621754,3.0662711489666723,1.1603338673588253,467.33806894285215,0.34140950862066877,0.32467351817211015
97628,-8.157118266336992,-8.012418480838008,1.1599227611778067,1.1037615141004014,275.2114415543209,1.6212171816592535,0.3247090855827606
97629,-6.159346051998941,-8.6440588828988,2.5480613708062747,0.8723171735143757,468.44978965163324,0.9168167889920946,0.3247346055634864
97630,-8.357838840251855,-7.463649360962618,1.5442929569610142,1.4256030271268263,327.7553264224732,0.3409742915563809,0.3247387426619471
97631,-4.43363896102539,-10.984265680374142,0.4737685411550602,2.757092454858216,474.4701416052558,0.3144198869821446,0.32490618833364054
97632,-6.825978292543308,-8.36878543033895,1.2416492289613719,3.0894633998599237,506.082845229141,1.3945502381206643,0.3249148319995898
97633,-4.677961036428316,-9.909387843600033,0.36702113040808504,0.6673557535068719,467.43236578060976,0.45367746340766946,0.32492196496395315
97634,-5.693529473513675,-9.877804730391542,1.031335191797451,1.0784491672862224,279.1682521937636,1.7949732598164507,0.324925592102573
97635,-5.126584837426151,-9.705049780133972,0.4497922284489305,0.8244348547032915,466.92135242124226,0.16174984634370215,0.3249284965104895
97636,-7.232225569548665,-9.474973810716637,0.856160597390805,2.7683060985206276,481.6971317803223,2.121234290592378,0.3249888487677924
97637,-8.20146690774212,-7.910354263318475,1.4896466705563973,0.827974369529227,169.51276877093693,0.9773022459911607,0.32508356819237655
97638,-4.762531568322348,-9.246589827672574,1.52065989928009,1.0371037995687697,282.60557290470143,1.3090972077750775,0.3251227838625353
97639,-8.341912576414872,-5.463354278726379,1.9844464352585012,3.5839414318717515,542.6847414064209,1.249638147240364,0.3251305196760468
97640,-4.743597224679746,-10.065753435341438,0.7964552703003669,1.220152011536343,424.5776684779579,0.20287367180564875,0.3251516297264746
97641,-8.025690171843852,-6.085028298779305,2.585400885690911,0.836360359993803,421.704651577052,0.25334586693328554,0.3252182507981572
97642,-7.430372000669559,-7.780762337043817,1.1122007197760033,1.5180690570540092,470.39530942743215,0.22330450213248199,0.32532170189689535
97643,-7.902007542292746,-7.9736202477389595,0.7967987521435609,2.0473307106045118,401.24856942745583,0.9141195067095991,0.32536286191807107
97644,-7.931806910895973,-6.014697115914223,2.4951155309348465,0.9063873165142241,257.83817794642715,1.0154339327951272,0.3254029332871802
97645,-5.808715618512749,-8.923825689742836,2.1157774053524743,1.2300332875514979,220.99241200113687,0.48932577842844527,0.3254476941793504
97646,-7.378743884963295,-7.462930766091604,2.9494099247108245,1.0470574677425921,467.1627693796719,0.6135807352119542,0.3255099542766724
97647,-7.846360979016243,-6.246768809717266,1.0254165895305098,1.7799080876009985,423.47996822498976,0.6286972093773642,0.3255211171261768
97648,-6.400217148857978,-9.64898450660199,0.4877095218897546,0.7255458692148034,468.4357516150285,0.32166351259894554,0.3255609321227832
97649,-3.0052934197608705,-10.802139561770108,0.3493489130266794,0.7920435607391983,210.21606663615532,0.9668302176590116,0.32559460007603974
97650,-4.766781475584185,-10.623230411922217,0.5996772516717106,1.8882376133887002,468.0696520489432,0.5844395504090443,0.325603219023915
97651,-7.357608984594309,-7.722420400692402,3.1030739848582236,1.4131226178242293,333.6734228005283,1.0701191185823902,0.32560671669551483
97652,-4.924169121200154,-9.15338852894952,1.616361034471973,0.8052609116067206,169.7045670736546,0.24426518019752574,0.3256103016500954
97653,-7.423277286001715,-7.607760890733913,1.3742302391488592,1.8795621972171346,468.2673222521268,0.5473879405087878,0.32569409419406414
97654,-7.9814481699175115,-8.217294060150607,1.7096096073721572,0.9627029364778018,194.4907994944034,0.2661867277885799,0.3257009627952804
97655,-3.2618791108245704,-10.733899081803905,0.5750185031279346,1.1827828387054988,244.06265914651556,0.4448041636483424,0.32580969583114355
97656,-8.10608114184838,-7.874955044882534,0.9572608480425491,1.253800099994991,283.78200791888275,0.11394325572227437,0.3258983232075147
97657,-7.2811079707524975,-9.340706983989296,1.3511407463419571,1.049288289800581,468.68464266928925,0.4935770543584441,0.32592726397970445
97658,-5.2294410157017905,-10.641781015550036,0.5702505191676128,0.9074112353612412,238.74900184943016,1.4264651324693878,0.3259686525151713
97659,-4.556229711225423,-9.334896859450343,1.4450989516212296,1.3298454535647626,306.7073862100283,0.1570596487434388,0.3260029880902529
97660,-4.262624767851734,-9.380963331987884,1.3453353864243591,0.5918463173866076,152.1570507585556,0.2356412003433377,0.32600915487836535
97661,-4.177173222923881,-9.761356051473523,0.48026187661086733,0.9383011566456568,191.48290561845994,0.875665195231563,0.32608820377579484
97662,-3.4253764968926523,-9.498371613432786,0.672262106764181,1.341421287070883,324.8718883687492,0.8667334669798281,0.32609641112855275
97663,-3.5880708793707345,-9.865897325416764,0.4113707478426486,2.69149931395174,473.84060895543803,1.8047132017282417,0.3260987983166706
97664,-3.543337488641561,-11.52110142326884,0.2986317030688463,1.1695214978602928,301.9630325331476,1.5838151567503962,0.3261056540175175
97665,-3.4977873241332444,-10.414568970263701,0.6777192895169862,1.3278177258949706,468.502651065605,0.47091489923036445,0.32611927574761834
97666,-4.488571241568769,-9.389083415472388,0.8077823641255847,11.565047511744204,444.14461414841645,0.20667622851142564,0.326125171933937
97667,-6.000215188968703,-10.432213244065634,0.5560523856287279,1.134228455498641,295.53796682889805,0.4247626552078563,0.32636504829548274
97668,-5.934159447458204,-10.194030631505036,0.4042504251212141,1.028257899770726,467.8363187412072,0.7844974195712817,0.32641172840335747
97669,-4.5909255288519475,-9.991977592510455,0.8243615109017424,0.6325937767511415,172.83271216372896,1.2971217239232216,0.32643022673825733
97670,-8.463479203871756,-6.46049511005787,1.64843866960767,2.7421176207371425,478.78580558489597,1.8861479133120822,0.3264316975362501
97671,-4.617286276047809,-10.610899039663359,0.2656902867235552,1.1296855098655827,246.4541434642536,0.570488936142417,0.32648729088965406
97672,-5.082576906356514,-9.714372849392637,1.1620000251435152,0.8775879066728639,182.2760741668742,0.39361017173584134,0.32654280889425186
97673,-7.6349603194355335,-8.239115113269335,2.489945312853567,2.2893282650644906,434.95625711271987,1.7084368260046112,0.326611745268773
97674,-4.41105134754162,-9.458710200839603,1.2325937042513477,1.1438747415034065,233.21690895245746,0.6695231462618283,0.32661247327147375
97675,-3.715170630487866,-9.581990586789127,0.6162774082876865,1.6570075407628633,388.70266160668496,0.5126029790830371,0.32661551219991036
97676,-5.038162975971785,-10.78192126900585,0.2964252372572395,1.5551082001825483,468.48200374654346,0.7990194908399051,0.32668581040537736
97677,-7.210101264635921,-8.347951547891501,2.8693102047268586,1.1767928442205995,467.6806585885714,0.22140186381886995,0.3268804511030967
97678,-5.348329184924975,-10.75715495340564,0.3800877915723041,0.9326086385452899,249.72967886589274,0.168268334697661,0.32695737320998103
97679,-6.328052542683472,-10.17897532271933,0.6587346435664382,1.1313434767250024,467.08728394028935,0.5827907470771274,0.3270002686689234
97680,-4.710426962193336,-10.02624978748292,0.8086291389739689,1.4047311994404263,327.5590688648937,0.8656671967833907,0.3270093947043088
97681,-4.489958764544407,-10.315564435326435,0.2824793008502349,0.9345651592282912,468.0780146609209,0.7182392721497797,0.32712495457849655
97682,-4.046144737813929,-9.657574078002794,0.5408544964430698,0.8512672023182561,165.1805912477944,0.37333129763127637,0.32714352277875375
97683,-8.351748507109289,-5.258750658601513,1.9301707711049276,1.4714907360981901,467.96479823043575,0.6982083537773782,0.3271687793503581
97684,-7.745673372421511,-6.790366902806267,2.8898997994640476,0.9567538544824209,468.0394070273723,0.6085658596092056,0.3272419850381543
97685,-6.173342057285011,-8.997239632380772,2.2011695029888507,1.058025069583202,272.1655365952863,0.6825404128383532,0.3272732717286499
97686,-3.3536202521689535,-11.469593564388422,0.2992438344299787,0.8502696773515794,469.3367286666689,0.13840372922615884,0.32728938053390705
97687,-5.07983780730584,-9.041012538702768,1.3828546807878312,1.8727534161360766,467.625477984085,0.3069799846482031,0.32729996350616597
97688,-4.795933623405132,-10.430415268735103,0.6657066857156656,1.0552923729756023,285.0664427026949,1.250741180287812,0.32736379220227624
97689,-5.292212834189355,-10.672193220164687,0.3558719091311441,1.6869699777456355,323.5841325346288,0.3367961575504088,0.3273877938906593
97690,-4.353158665154492,-11.240816499273116,0.31849374768800726,1.0941066664809564,283.1274060149758,1.5005655701848948,0.3273894937470971
97691,-3.3824408016010175,-11.37029043619969,0.27351084949541876,1.0889626290615908,287.26748930158914,1.0167186887304869,0.3274387276491328
97692,-4.944100164792795,-10.978295303883822,0.32904491156197313,1.040046162608543,204.91267024575308,0.5236557227602008,0.32747309949424314
97693,-4.91976438430366,-10.63910336049127,0.5812981049410479,1.0693392610366288,468.1619277120075,0.39653777036017335,0.327492075357878
97694,-5.34630133991292,-9.310129137528897,1.5948006889484354,2.4853854224272043,433.89038292888773,0.3105180782433079,0.3275436126616883
97695,-6.816616930524248,-9.700757353706136,0.5610143431394867,1.2384029992533034,468.90520208546627,0.8592061782953992,0.3276911241462526
97696,-7.906855728496508,-7.521251680360268,2.7908451094175306,1.063368602731721,287.2259677891857,1.0625879913545244,0.3277170209923825
97697,-3.536674200509843,-11.2743404950615,0.36064514009679943,0.6652444187362014,191.76573963914268,1.3142094274321785,0.3278107263997276
97698,-3.557372655047107,-10.576177658702843,0.2596956561924611,0.9826065650809835,214.20602976224683,0.019532960670886723,0.32791217879681955
97699,-5.805689734556838,-9.442783905623223,1.555097175212747,1.4341375557317544,213.79102005110357,0.11985072090414928,0.32794633398828554
97700,-8.437519660290903,-5.8692543253877965,1.7379100987876483,1.8258680544722847,469.3531415314619,0.014069007194823513,0.3280399701651723
97701,-7.914629756741551,-7.155024155675551,2.951090496101454,1.4521010714346332,184.94391338288008,0.192379058327095,0.3280537121092066
97702,-3.5375464769340397,-10.681552750241677,0.25417779517935435,0.9652252332560124,434.5860457467944,0.4120267606319761,0.3280852753400461
97703,-6.683778090566561,-8.462122627013724,1.2596929435330733,1.866615961882123,469.06266964696675,0.14995928487958476,0.3281218558482816
97704,-4.330723182479687,-11.25012593224691,0.30468457065300586,1.2908128366426619,290.9700469777713,0.11837742831246789,0.32820418256331524
97705,-3.4552893389612027,-10.53670444920592,0.2621014518750218,0.5804204070640883,119.18605891521216,0.46859182679084643,0.3282758821466879
97706,-5.258438161812454,-9.760564723983823,1.0934482437350161,1.2344388622335172,270.1901541634185,0.9617881200671325,0.3284369850110129
97707,-4.429069364645098,-9.440598903472601,0.889118858819303,0.7534889895642498,468.201256754427,0.267486836191714,0.3284447118141581
97708,-5.179585915520317,-8.981700645640286,1.4784657368667027,1.1824706081701981,242.4346556073091,0.7780143702044215,0.3284552189996009
97709,-8.357352061409523,-5.6852315663280475,1.9598843095604006,1.230367476082114,235.89834706085176,0.13384026108788927,0.32847713086853864
97710,-3.1324553896446456,-9.86217503187499,0.5277747214077076,0.7965618400403548,146.6021679003082,0.20451283841258672,0.3284852362588097
97711,-8.177005676960976,-5.780850145057055,2.3631007619164857,2.0314284515958776,408.04870644252526,1.87272540574397,0.3285088703955
97712,-8.286987717674894,-5.071724727178759,0.7525136472726529,0.8372552148452409,237.4341943756744,0.8967705995793036,0.3285450561298092
97713,-7.242076803236364,-9.426554304726912,0.8033806596585213,0.9840970149766131,469.0429585996761,0.06369599387053437,0.32864718085874967
97714,-5.693871396415667,-9.10349963468106,0.8988780145818985,1.4300855215779016,468.0630976058562,0.7099701915608252,0.32865490139788434
97715,-5.477101079683274,-9.233802844302028,0.7892108365684449,1.1471058867879445,259.0039486412075,0.08116300594167569,0.3286664583993219
97716,-4.905404629536737,-9.060452921084234,1.5233833155674643,1.0498729222468137,282.38448896930845,0.9928206727531146,0.3287285509059235
97717,-6.230818823541667,-8.450923195104217,2.5527241495347157,1.0242679622386393,467.5104002533059,0.32328785141398697,0.3287494202043289
97718,-3.576741277773068,-9.701011217922545,0.8852150022478105,1.0787248038322643,282.2101745204564,1.768951880365008,0.3287777225357203
97719,-5.792538330716633,-9.067936458297734,1.9551100839228988,1.0493833238447,357.91025024427887,0.5242643393628867,0.32881924515893207
97720,-8.33555007282759,-6.851959741793639,2.1286845507631136,0.8478008500014205,467.7791086129318,0.30700520124550756,0.3288212889054928
97721,-5.02164884151942,-10.872000170346844,0.37565370762474115,0.5620378657964374,144.68196293296714,0.21655298219101216,0.328846394894127
97722,-8.485788909331056,-6.118150530531705,1.3090820900347366,0.7908072740386741,156.27813784013063,0.021975751519163644,0.3288662482088254
97723,-7.9157724091295,-6.823599847468211,2.941081040453636,1.7399604551098684,412.48244495784195,0.04906416390860091,0.3289017863366448
97724,-6.029386483672633,-9.899985202247247,1.0268866796285339,1.5974567681209286,351.5284572359905,1.3414412108902747,0.32891972476089365
97725,-6.463043300289767,-8.943703601843076,0.754120751242225,1.1500208029131926,468.00153948172505,0.5839311663356934,0.3289462574268131
97726,-7.942008055212622,-5.37895659171548,1.3363266658880528,1.901209516778523,392.6813123944852,1.7786022488101993,0.32894857359070606
97727,-5.287484797566847,-10.664041358091438,0.33743365434148176,1.35911786824243,304.63622658700217,0.2663603040146949,0.3289817283069514
97728,-4.535836508191303,-9.503123426496991,0.9476425367989098,2.4605436661573203,454.1832359332447,2.374827952864856,0.3291459806604329
97729,-6.278923959056948,-8.894579204355106,0.8666174764254123,21.032449081123538,826.8398427170807,0.18595536274873314,0.32916113183871254
97730,-7.459163274199412,-8.182185054539325,2.790487502004716,0.9302264076661203,466.4196774391987,0.6492900189547104,0.3291666184391833
97731,-6.134613264040313,-8.881084994721107,1.0417829199354838,1.0086061748113218,271.6808032461701,1.7994048479421414,0.3292059824013792
97732,-4.802163754268431,-10.962398436304182,0.36993391951675114,1.1033896241924128,466.99639223790643,0.6265329601714305,0.3292669664001026
97733,-4.199329137180091,-10.238573029705174,0.727481702286751,1.5172884426585778,340.7190611381877,0.0818977979823936,0.3293562529739628
97734,-6.871486281637967,-9.490002643944619,1.460967013935713,2.858380567929078,487.16268090755705,1.4638377995579175,0.3294194900509784
97735,-7.547793944985113,-7.518447289400571,1.1693987514474296,3.8891200258792016,371.56558837964616,0.08351061462750575,0.32949889561729195
97736,-5.523975723510002,-9.063205192456014,1.8682051389617518,6.7966537215412295,696.430863957167,0.31905406229693956,0.32950960953167896
97737,-4.280649087409501,-10.480620246183365,0.6498215708399453,1.8714965413671731,450.09929207816646,0.08159497491962409,0.32954754034736317
97738,-5.881395366814134,-9.852764857577501,1.1179352864542769,0.9358975585574781,248.8326830972221,0.6639883936515707,0.3295500046489801
97739,-6.490974925285684,-8.309805164352582,2.777122242115931,1.0209198718276964,277.7500167360685,1.5228131365744364,0.3295839764296613
97740,-8.131337699404472,-6.12827674670616,2.5267628190452553,0.8730242034961558,176.9202547188666,0.08249661229211025,0.3296584493240873
97741,-6.87440580284502,-9.740822358031489,1.127440825739457,0.7131788730346641,183.87658391082815,0.3463809417735755,0.32979079158687485
97742,-3.0326982954377506,-10.089298885281385,0.7465854422148169,1.118107672823715,467.1099287466828,0.27480008520538934,0.32984497275885144
97743,-8.239379189405348,-7.662719034894354,1.7533981101642333,1.9036217493168253,468.81644907344236,0.49768758101020527,0.32985686899827366
97744,-7.82634910605472,-6.466089403529858,1.249249348968672,2.6958908152133874,470.80916387776375,1.234407459553423,0.3299179535785215
97745,-7.86007421110475,-5.795071204314462,1.6970323843955737,1.0322570510492255,280.78014107148215,1.1709075894766778,0.32997477282286836
97746,-3.6417942269389245,-10.703988431581008,0.5780125380274871,1.1744295806901803,468.0401374475286,0.4211051440787754,0.3300108868133525
97747,-6.369371503880845,-9.306914637187445,1.7716361336692048,4.732705438990528,472.70956943322625,0.01815070165663535,0.33012973880836277
97748,-5.998859442700047,-10.082498124226742,0.7838864916069794,1.3242741490092782,325.1217463872939,0.37021412096193984,0.330135800348846
97749,-4.540696888673679,-9.384129655582884,1.2069370081024464,1.1433160193781615,297.55561783124654,1.6424424690622255,0.3302603220356745
97750,-4.171707879878907,-9.615542219969145,0.9213207701201489,1.226468881044898,468.13446719182446,0.03690090985396299,0.33026529107069597
97751,-4.794118606612992,-10.85514434822457,0.2922663204397001,1.608941139186731,380.16814067912145,0.5740126858764949,0.33027644480710755
97752,-7.264302988771148,-7.712135970393471,3.0233764839452104,1.875409839243027,452.26734359761787,0.2100919644242918,0.33028252668547425
97753,-5.250881274690789,-9.105229768490839,1.738251132376031,0.8353719342714612,153.21135828294726,0.17032814723677614,0.3302895955551765
97754,-6.101811403563808,-9.296150584913432,1.7573199192214728,1.7683298094952138,415.3289035820892,0.055699974069953306,0.33048246741092924
97755,-4.179531478330787,-10.850841226888113,0.5179997887385009,0.9231757608063298,244.23352200294133,0.4854632635799776,0.3305200956430656
97756,-7.74456377108373,-8.285675655921283,0.7828450507828366,2.3775055333113624,210.5984156982339,0.23081187544920656,0.33052040996266313
97757,-7.863944947776527,-8.235962072705654,2.0045140809811253,1.2322105773630792,300.1457617614955,1.0283473751758354,0.3305689146386415
97758,-4.719239518951736,-9.133655772901571,1.453640866517226,1.3081429751015246,308.80155127116905,0.7809541747486151,0.3306465946056819
97759,-3.204176565367969,-10.9590669814622,0.45301189519942536,1.458427440096743,335.4962073110686,0.008947699261836028,0.33065893368461485
97760,-7.616320718964441,-7.093620578390401,1.4746377923943934,2.613028562835138,449.30673319560395,0.5582826922011801,0.3306773348017798
97761,-3.0971085606855713,-10.948423801819557,0.41332240951508675,1.792020969150273,424.7896668447937,0.5702940776955483,0.33074593069968466
97762,-7.617187859805508,-9.038089009465939,1.0408193739043978,0.9662479839746997,261.81731744430056,1.58671503543282,0.3308452112444676
97763,-6.257029082210602,-10.238823375031458,0.5251023533250754,1.415089635541648,315.08165245971907,0.6672529868619348,0.33085839964439173
97764,-5.276327623441806,-10.763325879016268,0.4563043546344301,1.0743261697049744,278.8286059694529,1.4906066307195376,0.33087300128249325
97765,-3.8231573043921685,-9.608264789844972,0.8992713086592734,1.306558032046359,321.3608137836148,0.466555903722516,0.33095601278020087
97766,-7.752862415708993,-6.645595613797488,1.428871333595017,0.671036939842649,184.46092845778503,0.5316402049976299,0.3309986432757904
97767,-4.011567691740765,-10.973560867677822,0.486049153062312,1.0967405476969805,285.78066047869163,1.349027903210982,0.33105220255480183
97768,-3.813245369474446,-9.60202989154462,0.6071305404026347,0.8694225969983759,189.14108325608504,0.28445980906784474,0.33106936962902705
97769,-5.304627529270236,-9.605008228577686,1.338981406733258,1.0739654459070036,467.44294221633044,0.4779892541410673,0.33110015309205015
97770,-5.111171522105921,-10.06041855514349,0.7968404520758493,1.5812314948319093,364.1216437634544,0.003740200430648599,0.331137966301991
97771,-3.569798675421376,-9.677530262583645,0.8687483724687767,1.1670103041434707,251.61450240573114,0.5065437064336642,0.3311717288842523
97772,-4.915925664585396,-9.6383885091603,1.1043091637858449,1.104411242523892,285.2217788673441,1.533092212013492,0.33121580635768466
97773,-3.6721236676677584,-10.69959879721987,0.2634275591963478,0.6931521777023291,467.44970984819776,0.4828501548913504,0.3312615536551756
97774,-8.399303488426622,-5.301720072699621,1.0553549700118625,2.4059448573711855,448.4524359270273,2.154452415521514,0.3312632989963677
97775,-6.07670521372066,-8.79949055565909,2.3483793892753875,1.027622912113552,277.4779908959721,1.360343304293516,0.331292832053597
97776,-6.518292524300451,-9.565504942780638,1.4441564652085817,0.889256145251282,230.517925503193,1.2892329047466893,0.3313675459488692
97777,-7.879421669551907,-6.374379746124973,0.885639542801164,0.9622453285130789,206.1963649670439,0.6389819261707119,0.33138168052213457
97778,-8.357196692410099,-6.366755263009396,0.9531758018053678,0.9887112228319312,467.51742850829226,0.17351399259065126,0.33139000911276434
97779,-4.487060480701199,-9.453677978733076,1.266171279466902,1.4523439503525397,332.37112609616867,0.9051714511605349,0.33141424329185476
97780,-8.072940578795382,-6.768817467790897,2.7768419143274854,1.373251253482264,157.22347972820037,0.40575016069244985,0.33147247999561313
97781,-7.320226383385917,-7.556490936776576,2.9262074429537575,1.176793051873682,302.2597636986343,0.6454836764812191,0.3316174374936842
97782,-3.3346262549021297,-10.826965824679544,0.27165526252642025,2.811136367364657,484.5919587331052,1.8075149054882411,0.3316225605367945
97783,-4.290427841263027,-10.840515644215799,0.2675125810622888,0.9335778669583467,247.1195682435088,0.5966943453987552,0.33162545814783617
97784,-4.12471226959655,-10.441701274927478,0.6564992492233492,1.8526015060992802,469.1608656441147,0.04321460926223519,0.33170975521258816
97785,-7.813684388708408,-6.102174680239848,2.1133795169976404,0.7470477090553135,460.8267963566844,0.3569320363972963,0.3317821136163207
97786,-4.167363905095861,-10.179089554145774,0.31902983764747034,1.561475959054552,359.4997650875058,0.9051501980625849,0.3317862033923223
97787,-7.1633780280039225,-8.023522052779537,1.3253115668985165,1.797541620023764,467.94405816554297,0.7933952574461696,0.33180517419163447
97788,-3.8767154396165413,-9.66877740510219,0.8771217709354324,0.5221220527928816,137.9458029844458,0.9230850619923663,0.331847480923402
97789,-7.601289452765367,-6.899650924529239,1.8979186364131913,3.0397895380102384,503.81676809512555,1.8471179703145664,0.33189301647649966
97790,-7.929295515867555,-5.305161511046359,1.9188986910874628,1.1066147954155001,161.39053823518447,0.34495799863522425,0.3319084951111681
97791,-5.7781236378478065,-8.704498798082888,2.09743965576342,0.7542087995722828,160.9251743905784,0.24244268247728407,0.3319321748752393
97792,-7.361867788414757,-8.83371365633835,2.037079146482246,2.2274945972237257,430.84350471496253,2.1821237620002902,0.3319603471836142
97793,-6.581343116226637,-9.868149073860597,0.905351250498871,1.1044614948238374,467.7949481464847,0.9192781466607274,0.3320116950724729
97794,-6.350319321309932,-8.624318529346832,2.6486171245944834,1.1450495389410793,292.43508560396725,1.2061740971292698,0.3320205783164393
97795,-7.7158227425006185,-6.756443725975255,1.4891978297862456,0.7223677559071824,192.20102993971088,0.5237078329839937,0.3320558912498724
97796,-7.9605483472288245,-5.349974320402097,1.133563933073622,0.9451604401101467,256.8924575881364,1.2843574143058643,0.33215760045302645
97797,-7.940498173572361,-5.6465832518538255,1.1743409645344915,0.8638954386608279,214.83911891981367,0.7546095734259408,0.3321586071535685
97798,-4.907324844156429,-10.828632328014683,0.3085140566616303,1.8776235071917036,451.8805493973101,0.2613613633692129,0.3322672734326475
97799,-5.643375302534249,-10.595830835533718,0.4982422580687811,2.1345284657178056,420.21825348359175,2.086501284726796,0.3324048032279095
97800,-8.462514557868976,-6.88261511676651,1.4760911534037773,1.4612675733067373,343.7159777881931,0.3843386694047135,0.33243004393318476
97801,-7.068713020223284,-9.608574418512921,0.6802069465703121,0.9521995678553105,467.59192974611346,0.48230210861949274,0.33252571399447467
97802,-6.154082559673086,-8.507676423193477,2.424701286351405,1.68095329134251,396.26450348018847,0.5536134993058495,0.3325514110509387
97803,-8.482719710446734,-6.483246293146921,1.4323047476523905,1.5355787655685758,348.903020028116,0.32014278178037525,0.3326457765702186
97804,-3.173124433795474,-10.628734759623892,0.30356646480563176,1.3333412904639097,284.06924122940626,0.4733192141375211,0.332683070388936
97805,-3.858918430789842,-9.49409820908793,0.7740056606028363,1.0307026610246846,265.5060628747397,1.6010390264650853,0.3326970667652168
97806,-7.075215392242367,-8.109675572638277,3.057253712161806,0.7810338391789639,188.57858333514656,0.7564939475733574,0.33272175334459825
97807,-3.8710789992496775,-9.659736259890979,0.8723219714468828,1.5789353426637105,349.2735111764524,0.4582757061119649,0.33280968310077663
97808,-4.588737918593431,-9.631633875286887,0.9482688490206712,0.8469466821773151,241.94708228905452,1.357500677666999,0.33291610972739566
97809,-6.858025848810394,-8.44319312866793,1.0974278166991311,2.3710158017110654,441.02658091082986,1.2575910798564305,0.33298652574847015
97810,-3.093871462125602,-9.891479855514937,0.5711137670962859,2.8723853262961363,488.52955735194473,1.4603211037782566,0.3330328618258474
97811,-3.676134665061043,-10.593172637863812,0.6007616087253981,1.3035265591939005,316.2345285561084,1.0546555622604492,0.3330976312292003
97812,-3.1817593437098797,-11.016638989978082,0.3600410126693996,1.7745947973551028,237.35807934027693,0.10088771066544489,0.33313382885180715
97813,-6.89864941360245,-9.574657080942016,1.3242041232828687,1.3860950928063795,313.0487291993281,0.5414174502097078,0.33313514080531637
97814,-7.626178712008414,-7.898702194169188,0.8400311715861051,1.898962599874566,468.3867214818773,0.3403893173872534,0.3331597580026277
97815,-6.162934059661926,-8.662792237501709,2.4913905610191622,0.720782142667022,155.4503896233834,0.05942735756486517,0.33323820671410453
97816,-7.499476309117807,-9.02232791433148,1.5026864064494219,1.040565176103801,280.60223001714047,1.1398262821898086,0.3332441403474558
97817,-3.355606523895167,-9.890375956897081,0.8191404464322055,0.7996212391278347,134.0588197606898,0.09566249788836689,0.3333620248473723
97818,-2.9956130765270466,-9.805738608947927,0.7554073193373859,1.6536530570515335,455.3621797028502,0.07007817430452512,0.3333829824359511
97819,-6.3863345302511165,-9.006911854647045,0.7384930963884165,0.8186477545878476,210.27176885918388,0.8188668117859157,0.3333957704531803
97820,-8.150605960221183,-5.273445867862013,2.2035443789404128,0.48930912001733423,152.6518237438124,0.4671596794086179,0.3335153989859606
97821,-8.210024150688145,-7.879615556133409,1.1923296810602182,1.1591308775523927,301.85065654169966,0.43750564439915873,0.33352935208654594
97822,-4.487574557721103,-11.035839392948368,0.2987485645287794,0.8347936649918493,207.52324238096537,0.7043158655218358,0.3335372690176845
97823,-8.44883723714966,-5.948705353551117,1.6762862693971734,2.0819971699218467,220.3448779119517,0.16562655125782655,0.33361358656177514
97824,-5.869222711699839,-9.380270836832983,1.6239186754755135,1.7202444069929779,450.356443422496,0.6780588106058874,0.33365222691260776
97825,-3.6824662613643078,-9.514436856584988,0.6788210939503778,0.6718201812548618,158.5578613512075,0.22335315811826817,0.33365931931299897
97826,-4.6196310193163095,-9.425965646540401,0.8389148778627722,1.6511690617461843,459.6103813130813,0.6562773879628416,0.3337160696298031
97827,-4.912592065512719,-9.113552030491045,1.3918910605294403,1.1741257048002047,467.80242476372234,0.37870648579750554,0.3337390615545018
97828,-7.186220459506826,-9.500374849263057,0.8696539461181988,4.012073926473146,569.0817269301706,0.9266900707189913,0.3337731683393389
97829,-8.288798762495237,-7.178630680471284,2.119746951891045,1.793356418158449,426.8864154589375,0.4449857056568325,0.33387584923829083
97830,-7.984381062388808,-6.188024549208657,2.610192617169118,1.2775811651331692,315.5759182219863,0.8603465510029134,0.3339161413384645
97831,-3.9105283203857493,-10.789135126865512,0.5350673184120207,1.132628416624943,468.1278191802342,0.5005124870432907,0.33391631383907483
97832,-3.1802362137387687,-11.015680391898417,0.3441138715487602,1.2082040939731105,303.38761921260794,0.33913837169916494,0.3339249008417651
97833,-5.8772389195519,-8.736653920685901,2.213205065477766,9.621278822521345,337.37071614490964,0.25895047879183686,0.33392687077197775
97834,-5.641114262317522,-8.73049247988989,1.8653801037128723,0.8979203599928238,177.56143663839066,0.1226443393028358,0.333927449461992
97835,-4.918481942582615,-10.925340853118865,0.41439189837636276,1.1232648760168895,331.26190732816553,0.28312636828365445,0.33392894433715453
97836,-5.693752844680342,-9.02810237961609,1.9353575464994104,0.7383820017502899,274.06963567261045,0.3377101133186242,0.3339344394684067
97837,-7.7226496968905405,-7.063682643468266,1.0265888640646177,0.7210585803123101,211.73102861563763,1.1055025097413056,0.33395157786126844
97838,-7.175455865741082,-8.977953713526919,2.0209902287513093,1.1017248419660792,291.94464802047133,0.8461264412563043,0.3339790620101312
97839,-4.650818626807277,-10.564412564480019,0.6011673937061588,1.1653667569387314,289.97125953796746,1.0460341234490071,0.334000445505377
97840,-6.3667526599339395,-8.324221610745663,2.1154913533990816,1.6401609917806521,467.8903764161352,0.2958105706678946,0.3340073849102098
97841,-3.1386569992579467,-10.683844731292055,0.3146234748049062,1.6509931982568011,387.19062578861076,0.39691558720254516,0.3340185703998338
97842,-7.032511346886329,-9.000109444823513,2.118521262187701,1.6808815250135307,394.8008566197533,0.08293602277283174,0.3340214474775196
97843,-5.626720360125886,-9.598768911502225,0.48961282009138235,1.880042387432125,468.09862291173124,0.520049265015488,0.334052983692695
97844,-3.578430642893312,-11.160789787806799,0.3694395369209234,1.194538922503214,256.1176917475974,0.06064049291595186,0.3340571196500991
97845,-2.9751978102240937,-10.472967082948909,0.5959860837188228,1.0256244292869932,241.58149040691248,0.47795882610819884,0.33406447705084963
97846,-4.60960943419423,-9.272823430881896,1.3210779433583246,1.6534555563599116,389.64503527003257,0.9442910495648462,0.33408896485595013
97847,-4.191053501956597,-11.080690311592123,0.28704094849603934,1.0172196729095944,273.6315705658801,1.465867974928722,0.33427827816458994
97848,-3.9707292212876277,-9.84444214254134,0.8293900142143267,1.6568207440431242,360.7278233112841,1.4919433461855016,0.33436305488578244
97849,-8.059081093932468,-6.344397821300224,2.6546170045094426,1.6172629850520026,374.02232239065114,0.1643614053112188,0.33438927515416417
97850,-8.048522806920657,-5.429842920415109,0.7820710556626925,1.6675006988321297,427.50931186303217,0.3855801810692743,0.33439808876420857
97851,-7.739430895418963,-8.550670281104477,1.7703154555372498,1.184548035635354,225.14400574644498,0.03769396943800096,0.33442355663511153
97852,-3.5304314819659934,-11.14314548587576,0.37222313224331416,1.864881485539004,448.1186585948359,0.06781071241353143,0.3344311120562686
97853,-5.782622919784458,-10.420679388896462,0.46049364269304494,1.5303934606812666,347.18455769933104,0.9571659219113746,0.3345068615157401
97854,-5.195752807317687,-9.133895963952533,1.261453911209542,1.801671185147363,429.225122175132,0.25471856408266724,0.3345370464477324
97855,-4.482805202963645,-10.575638396451712,0.2796608701880144,1.1199841626338918,282.70524206864167,0.7493478374446036,0.3345951426363341
97856,-4.482473145105439,-10.44237369752541,0.2853165309295884,1.0468355861255991,467.40880328789143,0.8820263911938211,0.3347189797051082
97857,-5.182646283917201,-9.651806642726266,1.2306719638354464,1.50000750804878,346.80703905597403,0.2575322932063644,0.33474943681884956
97858,-7.899573346470616,-6.218356261854514,2.546932787426409,0.8040184634589196,468.4412848287275,0.10775122546754456,0.334803575878051
97859,-8.2704372056803,-6.815172102213232,0.8310279241860971,1.757416574573523,371.70576522496367,1.3250237723028482,0.33480375334530277
97860,-7.001048530228257,-8.26955960335324,2.9961164655755477,2.504673081325408,457.7797923456151,2.1008618213766104,0.33480742119592205
97861,-5.900710305235744,-8.60057265266953,2.0343741029029934,0.8073899322516209,468.05987451625543,0.0185773073610509,0.33481539745720423
97862,-6.467546404756856,-8.244263827024659,2.2592284836991596,0.6543156615080771,201.0048557716917,0.9638858247308457,0.3348722313845156
97863,-5.116823319109149,-9.30885727571482,1.5253219026626645,0.6655362454415485,155.5658120474807,1.0540507966201673,0.33493160991929527
97864,-7.535766206746937,-7.277800750081994,1.569047988215386,0.845435073148289,467.7878158653017,0.23925099538417172,0.3349440849600291
97865,-4.3471313936669045,-10.513063840986227,0.6190745158994009,1.8680122926428229,447.9730803099376,0.43137103548885314,0.3349645351062999
97866,-7.69824054639695,-8.734164180657508,1.5572763487928925,1.6297501114272435,381.97975895799595,0.7683843936551229,0.3350687002728803
97867,-4.505045099240524,-9.454033406619477,0.7881893660319421,1.7300017577378075,469.7392707821559,0.03365227598872256,0.3351013259991588
97868,-7.169036784902996,-9.397441729265568,1.370165358100576,0.87775451535228,244.2216528452076,0.18034866698513152,0.33512237732976635
97869,-4.767162660753196,-10.885703070342021,0.3733494665195448,1.3608733802551427,322.91804918451606,1.1083719649304173,0.3351231121278024
97870,-5.630753948708213,-8.869947166382833,1.4295431990600684,2.8418435506193434,243.94611531833007,0.4584347971321838,0.3352935432936311
97871,-5.266700563861062,-9.114192908958954,1.2501661506886268,3.1566966183524645,359.4331074861573,0.041614628695456624,0.33534648698140784
97872,-3.3263541050672885,-10.246498246743808,0.32109830606432,1.4477604749871757,340.54307672930406,0.2996742697426198,0.33538279082864375
97873,-5.210166116590581,-8.997808244942327,1.7111919943670695,2.9641111987901194,479.6641054863105,0.47908354388485996,0.3354200914533461
97874,-7.303681575988804,-7.986826321184256,3.0355681890500477,1.0139969791885057,269.7477149190856,0.8740805937689835,0.3354825388640407
97875,-3.8147290498685056,-10.187436074353833,0.32429313183588837,1.7501158619482617,414.09155400003027,0.473583463578386,0.33552933542449986
97876,-3.2093768562052887,-11.065429336533514,0.34744905319933844,1.0577136993038276,168.34265122405975,0.17705146741570132,0.33554101521632096
97877,-4.040436157786196,-11.04148205383429,0.28116250396917525,1.1586464711122924,268.9229682868619,0.6027280361359404,0.3355984935849012
97878,-5.604393476497924,-9.583244336764821,1.3755052822622045,0.8110980790292062,204.8639080402434,0.4872570905429585,0.3356024643396238
97879,-5.015149573776564,-9.915419274378792,0.8554313188278235,1.8758430157167933,378.55317960382104,0.36125288750620843,0.3356209030969197
97880,-6.380177347071429,-9.902892138567147,0.8754974343638349,1.2645324540985958,282.0605384080793,0.09668259471324614,0.33566750641230086
97881,-8.245576756078602,-7.020869806482331,2.342101602573089,2.024864466945561,392.93690887047745,0.4438418621932483,0.33568047714996974
97882,-3.167753149365562,-9.622120602482994,0.7519796716953037,0.7704887697687978,201.395089812841,0.17309796978396452,0.33568657260018253
97883,-3.3399889489449137,-10.256559210628954,0.6985019795711233,9.923745515178647,583.3513385133444,0.02199292424559829,0.33573585582280097
97884,-4.120782895275061,-10.399050071578065,0.28741487125200504,0.9247729890151167,468.63360116880125,0.1159528114773396,0.3358470951905971
97885,-5.109834130230152,-9.7223781656797,0.9649785703780316,1.693716446035802,445.4058731021831,0.4667184178354633,0.3358500576541479
97886,-7.903242497366877,-5.994438478588399,0.917205507501136,0.9299988721895565,193.40678017127524,0.023937479623454827,0.3358537000326006
97887,-4.660306300305149,-9.597579944995726,0.9350101816934899,1.8619131127687316,467.0034008386345,0.16562748928269766,0.33588661787920154
97888,-5.379881419288374,-9.258270087032566,1.6326491544261588,0.8417366004146731,467.983845656844,0.21582168154430992,0.3359593595260655
97889,-6.656049058025975,-8.10741029935708,2.4135524086405025,1.0598424413686414,270.6250692928142,0.1826468044061622,0.3359797265598338
97890,-8.185767512835378,-5.555894611497951,2.247573534138444,6.949927388968899,613.5087908090026,0.11981989210330646,0.3360546062218853
97891,-6.799871271637079,-8.13226213508736,1.7648458222056647,1.2287949267978981,211.86328264890597,0.47540057175918715,0.33613436131826785
97892,-5.3572131781140495,-9.51311275908086,0.5639666252863821,0.8122047895816952,213.9575243548493,0.6272067773218977,0.33627773552974993
97893,-4.285268313387486,-11.092696182732741,0.3055886263516277,1.364012921709225,330.9251819449509,1.2229444634612898,0.3363421602746493
97894,-3.824054690275725,-9.498914972899271,0.7464053814547889,1.6694673670197289,365.27121391154645,1.613354525201296,0.336354095173351
97895,-6.6836207034089945,-8.102229276568634,2.233440659879723,1.8701081586265065,270.1219606368242,0.007371827371595252,0.3363905494499772
97896,-6.639998096271576,-8.13544947054934,2.6612664951837544,1.2123550970464971,262.9919800681577,0.20056277082335772,0.336397486184163
97897,-7.016392069966049,-8.016619120979293,3.021423479370158,0.9159348981122964,240.64488893161925,1.15721714186117,0.3364075009633635
97898,-3.3479544550523235,-10.417149141088492,0.28614934533633163,3.0987150729782957,282.34306406559745,0.16136605749910693,0.33642915008852026
97899,-7.835504391898527,-6.57900454743744,0.9374424355966068,1.1574577883216057,301.0434066454849,0.5688707219038536,0.3364355345524226
97900,-8.039305820771409,-6.974862207326221,2.802026584602614,1.7426992238082595,367.784728035597,0.2901474101151793,0.3365482443744799
97901,-6.315746804314177,-9.897888657896587,0.9196343366615923,1.5305669719856074,343.5677261899006,1.1355493437100472,0.336569471623129
97902,-8.286229536902328,-6.343134838053356,2.257998442773778,0.6744684695327077,137.9139670350724,0.22792621681386116,0.3366742254786543
97903,-8.476488367178796,-6.505811013702984,1.343374627219226,0.8499685826028736,467.33247298126946,0.2722204929334202,0.3367114522565207
97904,-5.576376029287655,-10.38824789306846,0.635693199719089,1.6888455571542296,467.6617326351246,0.12330171260331557,0.33696355710158926
97905,-5.981191613071081,-9.353530551727594,1.6617067425046292,1.7685259846414467,418.01936391464375,0.6055431465457151,0.33697474650723125
97906,-5.482927062502285,-9.061717234397673,1.8282381847595612,1.927361285234702,393.9323830268763,1.5058603988520902,0.3370062447779383
97907,-5.332144291204862,-9.261524298046258,0.8764217397058345,1.6702138797717918,467.6124534382728,0.2847101843558617,0.3370276358086926
97908,-4.586098377792354,-9.546055782301934,0.9137598785887476,1.5641689880284184,367.2501554231197,0.5561675076151165,0.33703325978408993
97909,-7.539575873699688,-9.147440940613972,1.0414791477614032,0.8618410962570358,467.9824391266175,0.3599911645113707,0.3370777806278535
97910,-7.906611788148709,-6.989531396864064,2.9354394429710533,1.364829726980939,306.27636036492,0.979516004512738,0.337078219719859
97911,-6.7925485097811364,-8.584226670719971,0.9368716112570344,1.6720359152464699,395.5622015192017,0.2935215309018204,0.3371180308490085
97912,-6.068443791383477,-8.58840520793481,1.6564905714463483,3.277178405127078,518.3580007521512,1.0720158027820004,0.3371834953070515
97913,-7.828533563436892,-7.723303780545292,0.8029513887079168,1.1054576191524823,260.82726516670715,0.31655540576208363,0.33727585939412114
97914,-7.871731769751835,-6.993077983126666,2.963259836797863,1.7939111464261999,428.6753006415168,0.7894801091202206,0.33727653462075036
97915,-6.2334571961815275,-9.077882544607558,2.0609092949326473,1.1676905835224565,272.9234588581407,0.5257518009374538,0.3373513427727626
97916,-3.3142865177208014,-9.751557588602726,0.8348220161574572,2.4411830243187658,302.1290173574832,0.03727038468657451,0.3374094742164192
97917,-8.263288720273458,-6.957491633247356,2.3060758789545655,1.4315581334848997,467.75789653062844,0.5230464772276404,0.33744045036794446
97918,-4.569526771430215,-10.629962672847055,0.574912039826563,1.5476583518572824,457.44556822958054,0.4985726923828615,0.3374575735715675
97919,-5.306311392138828,-9.257754084944334,0.9946225474762648,0.9971758958680839,243.74939383997295,1.1830266846931776,0.3374741680364139
97920,-7.5065799651588545,-7.296072415035972,2.897677492347137,0.6589821570527401,187.83645636914054,1.1391124915366033,0.3374771058658699
97921,-7.830044117486084,-6.021669125154707,1.7881662386372958,1.4820587730758252,426.72796775144434,0.6616273035890181,0.33747943601333363
97922,-7.119399156764832,-9.591748561996974,1.111691327916676,1.1065046666555745,283.5306521540911,0.20704091006879288,0.33752344053619726
97923,-8.211623124945932,-5.458879847202813,2.1884252689209682,1.2624837099483281,283.1591091821951,0.35951317388070336,0.3375889201830093
97924,-5.021885942972051,-9.61524674090684,1.178436994889646,3.547018002761642,539.6641138822326,1.1997857238231662,0.33760702098474527
97925,-4.489609107825098,-9.552381152059885,0.9047449109847352,0.9098979742955889,468.4016113961322,0.5370168909654369,0.33761114116165186
97926,-5.523854333668453,-10.504077826066569,0.39330513360025354,0.6924626860898206,467.3431793065316,0.3790696197347305,0.33769284878931927
97927,-4.686622927621295,-9.468758299552583,1.2474244244554695,1.6686682083865836,392.50543070436044,0.2730971433214,0.337776683035339
97928,-5.838545546190019,-8.984219896226104,2.005286683937187,0.7080356447938879,213.33083829383654,1.4484243464264708,0.3378878847521092
97929,-3.4722594730679015,-10.205750253748194,0.7130738903422696,1.2021644782082055,301.5497602477697,0.2826141698654263,0.3379812274202284
97930,-7.711607398347223,-6.5590205101581525,1.8850135153033811,0.5315840950334815,167.33283889162183,0.40852122877264474,0.3381695866753887
97931,-7.204416840615672,-7.680808726808475,1.9667246633169904,0.9395168958930585,241.986185084584,1.0977875086219058,0.33820202499017593
97932,-7.092780888870691,-9.181790989953706,1.7349006244003424,2.69733438828647,475.62382406462973,2.179403032840879,0.3382283737332356
97933,-7.550944718343725,-7.155074827739336,2.805462904458069,1.688889383954157,468.3702152550177,0.5251922956289201,0.33823516407398996
97934,-5.052661123207006,-9.132784603611476,1.357708043058513,1.1403005416093839,248.8460159143035,0.7922274286943276,0.3382942064428606
97935,-7.7249682631790595,-8.629160453804086,0.8916259381411786,0.4605439344434589,110.18553160803968,0.3437262308372748,0.3383113117755061
97936,-5.059694131748234,-9.215167800915605,1.2206127028135145,0.9672246472534446,254.41907724356838,0.4374702099681036,0.33831152982917045
97937,-3.235002536556772,-9.996244877845188,0.4598579828934297,1.5167634360992877,341.34850860600557,0.5005235309367135,0.3384220124315075
97938,-3.9638655410579062,-9.940389208518543,0.408406841937613,1.0036710548787173,273.3599815533428,1.7577999947406484,0.33852895841617225
97939,-4.963229013784741,-9.968006743231168,0.8081028233585354,1.0750024618481313,245.78040797147082,0.49636604560177044,0.3385788079016635
97940,-5.530715203762631,-8.811719407164183,1.8350729862379547,1.2272453598911046,310.5336205875252,0.3028596463724824,0.33864916698352776
97941,-3.1416340882338654,-9.795370606818423,0.6182982120741356,1.2016848044795025,263.77399375625833,0.6239713262634874,0.3386634066745507
97942,-5.200916635724084,-9.279835259633815,1.1065035477074174,2.957579337371054,490.6401535277269,0.9451650309534942,0.3387255201965382
97943,-3.884528279541666,-11.12797105406873,0.32690558269380315,1.1732352006867572,243.60051447703464,0.07306698897670394,0.33876152491214395
97944,-3.8028758639301117,-11.06883169046393,0.40910943012425344,1.1546172925696272,299.2552212724226,0.40540274558780176,0.3388159717605216
97945,-7.913665553277711,-6.308363619245882,0.8675245849119485,1.2325995965971923,271.7065062149224,0.27718697465904363,0.3388320914301188
97946,-8.329422336178673,-6.318968637375345,0.9065070544852077,1.087263590156306,467.32142092094136,0.7792378110966647,0.33884412051358287
97947,-6.559937882959876,-8.471305479746757,2.807107350707771,1.770576900572178,420.10397078338116,0.33774138896121375,0.3389337745407809
97948,-7.450892875587138,-7.249452877633978,2.1077137818658294,1.6446356061083476,385.4538599705515,0.6018637459785969,0.33895323997778654
97949,-6.790820606081023,-9.78952023438415,1.014470432340792,1.8953928845530534,468.1419234587625,0.24659072811488958,0.3390550413925403
97950,-7.021860835933009,-8.761708972494484,2.479595449924422,0.8401131683575405,468.17142390958514,0.15320877602586602,0.33908261848327276
97951,-5.059082056017719,-10.779065550754439,0.4187566244438048,1.1644649167439263,468.8164972660474,0.8045767993409791,0.3390886369944848
97952,-7.951370770023832,-6.984105912766327,2.8969512942330944,1.6130074805996806,287.2180748040682,0.16533228080961582,0.33909258115299945
97953,-8.341046701682881,-6.986669790053983,2.0009287414319354,1.043863816282758,468.30314791927617,0.6059049033845847,0.3390983556010176
97954,-8.269446795524425,-7.145228315604184,0.932139305718104,0.9945281966518197,467.4858978791251,0.6540149611827824,0.3391547272536897
97955,-6.8640573504994755,-7.980555346618414,2.7400793752314963,1.1442428782323464,468.2621418647314,0.3958816478696727,0.33916666254781774
97956,-6.518588182564351,-8.398725234969035,2.787396925205554,1.5255221313134322,467.9293120660567,0.16364297689370222,0.3392457461637763
97957,-6.128038068856462,-8.52851474623614,2.369673307700027,1.268991465610867,318.8573499468562,0.4660550622624493,0.33924679890373893
97958,-3.0312672590497405,-10.53655270010226,0.4347869294664565,0.7167648093351634,467.7177193736448,0.36467318152576933,0.3393464162293864
97959,-7.908432193895165,-8.486201810073425,1.3352552159840587,1.6366715381086059,468.46389270347635,0.41814078476298366,0.3393749825761764
97960,-5.979503854415162,-9.97237040206529,0.8392997218093986,0.8330747439653444,177.79100648708172,0.6985238164467242,0.33947672173633725
97961,-7.435248112171909,-7.640784518987735,1.3483577988146196,1.2111483318201817,251.47643063068782,0.03753859427637707,0.3394793081686091
97962,-3.2193972381362457,-10.343207302687334,0.6617137170741011,0.7298055380204319,181.0292214229513,1.2342671203230493,0.3395642963096996
97963,-7.864155248073947,-8.2408996484951,1.9617424644850667,0.8453577503410521,467.76102205042054,0.2396190515907355,0.3395790210224515
97964,-3.90917419687944,-10.725430157453108,0.5395065276078623,1.2011180959490368,467.76306710179466,0.0555373193512958,0.3395984754001591
97965,-7.504134630029199,-8.142246521415572,2.747855634587145,1.095506478352104,467.4525733383904,0.6632183966804783,0.33963443077197863
97966,-7.7879336536201915,-6.460960442321492,1.4950653954181512,0.8509790414451721,136.58764036370425,0.19530717632969985,0.3396654676346722
97967,-5.212688016687127,-9.281162909338818,1.538484870729633,1.9104069290286867,162.91165202042617,0.3886078132013262,0.3397307551135309
97968,-6.086004615582131,-10.316791708173358,0.5545572570397957,1.0097107587270666,467.10213286660775,0.6183024075600878,0.339748088597691
97969,-8.337080756395792,-6.2363240854554505,0.9234437731947699,0.931058164072188,184.604630968384,0.4341150692825124,0.3398199497368489
97970,-3.690348122888282,-11.065705860063915,0.4191682931939665,1.509182553954492,353.1052048883486,0.2988243184359405,0.3398248406339931
97971,-3.75121684132157,-10.576817306206872,0.2776325554874665,1.3719274084360276,329.7532806427688,0.24933591242203423,0.33991035899469924
97972,-3.24692946747882,-9.74417975075015,0.5949226356982791,0.746744169556238,467.7513605142129,0.47413993899578877,0.33997046681939286
97973,-3.7614114218410126,-10.12359733279023,0.7378936809788821,1.2383023319238462,270.41317126169105,0.0753283425240765,0.34002639958010744
97974,-6.798894933128741,-8.702432243017808,2.64054611567749,2.532349085710834,453.8369264784569,1.022596077890456,0.3400836672989515
97975,-5.253908995159991,-9.988062880764222,0.8125283958336997,1.8616268958787703,388.3784840143657,1.8445314988895083,0.34008933269309627
97976,-3.997637085830382,-10.469283229574566,0.2891567387407121,1.292012898178011,321.2262328517815,0.44022943972788386,0.3401409102730772
97977,-5.544690373434722,-9.680688374151108,1.2627912882412062,3.958056884460919,388.5277731315822,0.0616393811988436,0.34015091869355
97978,-7.579918135636942,-9.051103253482736,1.2280372547922591,1.6039969986683622,353.6840544812504,1.4494064649179306,0.340185509325004
97979,-8.061981010011944,-5.860921738913635,0.769543380315007,2.166391493738581,397.02692430010154,0.4738121894234819,0.34048433649035287
97980,-5.99287755954902,-9.856173569056878,0.9971532379232911,0.8794977476193349,467.5723799150093,0.6099752412962056,0.3405653566098303
97981,-7.848868802025875,-8.545353918971252,1.4541541696636826,0.6347914326247882,168.92002354603426,0.6979590651549445,0.34059900379006114
97982,-4.918130040110052,-10.675219663766276,0.3229461525969566,0.9097367698480767,183.05104576013252,1.0512790236854057,0.34067183142540697
97983,-5.826636775440866,-10.161154466093713,0.41536737095061416,1.6637712612910263,468.85240397794337,0.5683471212566333,0.340696435338073
97984,-6.353268425611544,-10.0391789974691,0.5263076201562529,1.0993455972174657,466.7366006627761,0.8969416533138093,0.3407488230067713
97985,-6.339776951753302,-8.354440739245906,2.4044108766018892,1.8922409705982604,456.39349807898884,0.3383502523589774,0.34089247837342995
97986,-8.166507806603752,-5.752402974265765,2.301433234949128,1.3155308982894318,468.2474420451427,0.3994585336623482,0.34089252913537765
97987,-8.127099144211485,-6.993602469121666,2.6256683381440054,1.7637292313678798,467.3872645039809,0.4850638064677115,0.34089530672403034
97988,-3.7570932305267153,-10.224555621855192,0.6977722526880259,0.6627412350469473,166.69263634959253,0.2624199980449875,0.3409303836124017
97989,-7.376319678767574,-9.138342361957077,1.4977553262925563,1.7255543752592142,407.31953034185443,0.39385621190040343,0.34098813774355113
97990,-3.4800168296777256,-11.035007238065218,0.37191205236698965,0.9884983807185952,467.2226613384365,0.13069219279161537,0.34105292729521897
97991,-6.7349113943518155,-9.79194836918047,1.083074960282849,0.9373491631995853,244.1887391504979,0.9613447182093928,0.34106710193483036
97992,-7.715968120547291,-7.573107902223913,0.8706900357628717,2.3711937967220016,418.42891699688124,0.43898762669921787,0.34112815004035335
97993,-7.682293173384579,-8.523019736580776,0.794269285857662,1.5688180134367742,248.35480729513006,0.022255808793275378,0.3412114074192219
97994,-7.145921885689001,-8.206858048520463,1.0921903410337124,1.1048362767798363,285.27642658887993,1.488475328089061,0.34122984566221326
97995,-5.47383439370057,-10.554125597608481,0.44239657934249316,0.5598716752262534,177.0385221768438,0.769778738749201,0.3412791555707171
97996,-6.185939134444707,-9.703384115485523,1.2933809003534082,1.2532747537691695,310.2244961597152,1.1017019641426549,0.3413421704314691
97997,-8.061540388704106,-7.526567087210818,2.439920568055184,0.8416086755831026,468.02205848480753,0.28823807171605065,0.3413729773338895
97998,-5.719840604652042,-9.801114856614733,1.08918717030365,0.8534319939441971,206.73986932288264,1.1948556591386348,0.3413845509996081
97999,-7.475457518337838,-7.44374689149719,2.9618867836660887,1.0714613142942635,214.70581730270112,0.3654992973907083,0.3413883826143654
98000,-5.090293308071685,-10.494346811779572,0.5935498117445539,0.7689086824281584,151.62247721712578,0.0886778624387734,0.34154764810261995
98001,-7.515163585330559,-7.231440560753458,2.8167686519851203,1.8621816146429007,445.46328315398756,0.6129441365548649,0.3415507778516432
98002,-4.181447554476118,-11.02542483957309,0.409266966733621,3.0063183049284956,496.236909296942,0.9874707557683884,0.34159981335869927
98003,-8.040140855923926,-6.758072847546239,2.7791424692977063,0.723115058703813,147.73615509144915,0.13678713016576172,0.3416618947782134
98004,-4.659993787457793,-10.509676908007666,0.5944720885625854,6.556059634264057,693.4355494299358,0.4981890181617432,0.3418809870397876
98005,-6.43401343231937,-8.623920536212488,2.650005875722464,1.7903802982048789,468.0317505283173,0.3823272375491973,0.3419429370409903
98006,-5.3040102393386785,-10.615231572218656,0.3962606051356746,0.8698792768880096,467.2846516886108,0.5573584906299365,0.3420343867447419
98007,-5.139490376057358,-9.76142316567363,0.9229952587588945,1.310709865725951,307.51150166963254,0.2886744899371072,0.34214163133253406
98008,-2.959758786193288,-10.106763394522675,0.6481640003882978,1.6664944059638116,391.1012420256813,0.4197856932752515,0.3421975783788702
98009,-5.456733578394123,-9.854371682084432,0.8999333598176078,1.6652507922308188,390.1739174251441,0.8797306235151519,0.34228173581610377
98010,-8.221391965725028,-7.623238920549544,1.8365270551097284,1.0642642221501901,276.03092009703914,1.6926185755535617,0.34228538793229596
98011,-8.12593116451234,-6.299077323736311,2.52978306863866,1.0334770243815248,467.5168110778718,0.298829980565424,0.3423352711534526
98012,-6.666747865535135,-9.824219337298729,0.5659967222085143,0.7195111397908908,178.10527909575225,0.4535891939564225,0.34257005267540885
98013,-7.176696905246558,-7.741780052705636,1.9264237772825519,0.6076154954445444,180.3713492318088,0.2634041589262379,0.3425916766728158
98014,-3.974590800672063,-9.9834629741266,0.3959740774989726,1.2649393415160335,468.00427159437487,0.37003064040368727,0.34261662947114424
98015,-7.542525795239736,-9.138653190660463,1.0572821875074327,0.8218554902764778,170.27277830857787,1.1645768019078089,0.3426611714072918
98016,-3.082194112288943,-9.871716111822485,0.7522939411488705,1.0918436963209597,350.34672488533647,0.49481492459267074,0.34268006001057066
98017,-5.368496984018448,-10.358808715151339,0.3697076465866259,0.8679866940511898,467.2503447267503,0.6951451576601899,0.3426953110244276
98018,-3.2066319582532987,-9.759263026039722,0.6218553206579257,0.9977323560365776,272.8034275415273,1.260501889619186,0.34285455348259647
98019,-4.803834569384778,-9.451510967016553,0.716135251788808,0.590481260989558,121.92720898642624,0.1328869836714004,0.3429080124292127
98020,-5.1095201446001495,-9.615811376555968,0.9690580335929042,2.4904419599958887,430.63499469616664,0.4755199646059127,0.3429926824508627
98021,-8.052689607363098,-7.494589191171924,2.486111887998314,0.9356565559170454,224.8032994206442,0.07874239268322292,0.343037143364051
98022,-7.276578395196416,-7.619534199527786,2.830191858848274,1.7097246326688578,403.3911005103537,0.25231544084659596,0.3431583359469515
98023,-5.653463303629665,-9.746113002731123,1.1706259680737485,0.9942256110901622,196.12827974445543,0.8864028200203027,0.34316285226247856
98024,-4.82798121921288,-10.52600284659052,0.3125429244333527,1.7774138609884036,468.03419124807874,0.6537698525623066,0.3431828559335558
98025,-6.026041603076377,-10.099384267501721,0.46131205542760984,1.0989834561542722,238.2093658795596,0.32571911442301715,0.34322523257987597
98026,-7.06638882999451,-9.265867131448665,0.6286231481349129,1.0093405100426691,142.5595778416185,0.2562606570458801,0.3433025087824114
98027,-6.31259377332094,-9.473601901684672,1.539454147802925,1.8186422034647673,468.2643874379651,0.1509466840579874,0.34331136263707673
98028,-5.64254373655797,-9.201033252594165,0.8338986509112324,2.196550180152239,420.71659838218756,1.1522361071649145,0.34333146231742806
98029,-8.423515230876266,-5.11326452642434,1.6418195592725882,2.91128115892331,484.0071394876916,0.7960975080960191,0.3434610334537264
98030,-3.317089275580286,-9.840568162236135,0.5121305316224586,0.6268687583103707,153.36256550528137,0.5363120657886826,0.34346234301809164
98031,-5.946120571028494,-8.663279890012099,2.173656027535309,2.9052909481138207,456.89912283686925,0.22570947822839127,0.3436164612334957
98032,-5.977700166214236,-8.864449973734231,1.2631748392673792,1.2345536063746676,260.326121092091,0.1219507056465785,0.343618700168434
98033,-4.06451903525646,-10.00574802205748,0.3899990626140172,1.8557479791488738,470.2766796481645,0.15302356756938895,0.34381251040029054
98034,-8.116481439983419,-6.166622853811537,2.4862776580616086,1.21624205074834,310.2425079864155,1.595159647204052,0.3438573066892455
98035,-3.448439815158456,-10.695789646545018,0.5333264305391753,1.0076135517970286,210.04571019387186,1.0754754262998008,0.34389783364531007
98036,-7.992955447320609,-8.014436279647688,1.9654718179963366,1.337869717360192,326.8689247794929,0.40973634209743626,0.3439445459145565
98037,-8.126770881697063,-5.895142422458318,0.7498009479366482,0.8047578924005858,221.1065652833118,1.1482293113736146,0.3440114190517914
98038,-8.349339919064661,-5.197366820386163,1.8624414850357922,1.2732656553637638,317.7316804097114,0.3690860679016783,0.34402905840523434
98039,-7.098242883770559,-8.639666813593914,0.7749398003221764,3.0280601885637743,233.35211433199527,0.24691900652015963,0.34409916959037556
98040,-4.080448867446864,-10.749280798741111,0.5037275108500028,1.7572902954248792,468.16098229943975,0.10988351370472049,0.34410855442470145
98041,-5.13102682320104,-9.566939229678457,1.2709635334015865,0.744884647819552,468.0649351568556,0.4325262124301412,0.3441306691433736
98042,-7.17935706963306,-9.350708680861413,0.6477684193976535,1.8749667404909782,450.5383616883373,0.46932160957974567,0.34413219509205517
98043,-8.361554818802858,-6.828556976244464,1.0288074472582478,1.112700707798685,241.9739363273887,0.5404794053120172,0.34418133788796945
98044,-3.008643753124236,-10.331383911677333,0.5709160319082702,1.3483897815969617,468.8146491950714,0.25456954336910886,0.3442064121620109
98045,-5.43213279355612,-10.085466232188919,0.7550327701052044,1.1197623545679265,291.9910116160395,1.0691087453096682,0.3442204966559963
98046,-7.26526037794484,-7.562429874840222,2.5647135227135887,0.7521533027803496,434.5184683691064,0.30830722845999414,0.3444328597980354
98047,-4.09771408061379,-10.908190230040008,0.376894717392491,1.2957408845573726,307.6050303559639,0.23024841008722685,0.3445256086946765
98048,-7.280149772462543,-9.333549855878735,0.7730593981251389,1.6509664412301464,467.7508249986111,0.22725796110252627,0.344551270598912
98049,-3.2767859980735636,-10.492739217280139,0.3197367152477488,2.687038244391477,466.8349325442552,0.9280730336917626,0.3445552893812818
98050,-4.921742997008385,-10.645396597292518,0.37937930704892553,0.8381831622746343,469.52312934771686,0.16593001975770605,0.34459142757492645
98051,-7.764410223703756,-6.3781473743129995,1.9401823640296423,1.5387518662672495,467.81439811593077,0.2871352399999063,0.3446757874609287
98052,-3.2753621282133647,-10.804291276811252,0.3840101848689545,2.804400622151234,484.6491722835439,2.0465901955822936,0.3447198454780714
98053,-7.145145257718066,-7.767564140197279,1.964190465406227,1.7194291089477831,467.62615108987023,0.1235727136022522,0.34472222083664544
98054,-7.4685023169643,-7.7302981105383175,1.185985904662716,4.737335421331881,609.6233098532525,0.676462918828979,0.3448448362659859
98055,-5.994612615155427,-8.742416513532397,1.4410766427938124,0.9389908062482507,262.12733599228443,1.2268919494526598,0.3448506130709565
98056,-6.360939606406768,-8.713439004917834,1.2085114979577367,1.1036640378935905,284.8339003303593,1.2498324727243952,0.3448735902473604
98057,-7.495239734832702,-7.275467718558184,2.776395930110928,1.6139516369910059,468.5669753881681,0.8838898855182498,0.3449202070149885
98058,-7.751422963807675,-7.461761747819561,2.9512312059657826,1.320698328622329,324.12377712887707,0.31282587292398656,0.34492189663350925
98059,-4.674827486171827,-10.264645606541547,0.6808853519597116,2.270966624486954,432.4835946814559,1.6316933019233408,0.34492878519222153
98060,-6.265574238440071,-8.98899973999527,2.1745157483520083,0.5538482475483697,127.49826708273004,0.002805365175182928,0.34504217364365497
98061,-5.3774445252808505,-9.275173491027903,0.9298597719768493,0.9936200452659304,268.71931617426424,1.6937131451718086,0.34515745180491564
98062,-5.563802621248052,-10.237476736658804,0.6871230312109213,1.0277304169338244,467.8218504037358,0.6126049639528857,0.3451770875192173
98063,-4.992959936585728,-9.243730503575684,1.4865038349996857,1.1781818111851001,168.57584082972525,0.3126385340680775,0.3451947074148189
98064,-3.1438994665908373,-10.370628129712573,0.6186085349493328,2.398315873625893,439.0050337768747,0.9797390440728986,0.3451973931342175
98065,-6.156409821197976,-8.909861306683684,1.0529681435852534,1.5117318221387313,166.4262245811715,0.4187507631119205,0.34522294266278414
98066,-8.414131500052406,-6.432292994222075,1.7786434684175259,1.025828819387503,468.66650002427434,0.01057896825157556,0.34532383121585175
98067,-3.1893645022665797,-10.59651716435285,0.3906759578208123,1.1583623838885897,468.30931448986917,0.5017444333805061,0.3453864915078141
98068,-6.479608597846589,-8.322776254539725,2.651245885542806,2.391561439220764,447.6420965892822,2.4251350367984434,0.3453948350999094
98069,-6.679858363465985,-8.1556835520289,2.0303968639051284,1.6939509631649046,398.1375010517747,0.4032714813566658,0.34540246825327486
98070,-3.5562908727830047,-10.954975391363108,0.36642203422615904,1.0626898988701088,277.28278507015915,1.3016884366427428,0.34540281651948435
98071,-5.795775771347455,-9.978186654131525,0.8169979828727151,0.8824128772450007,177.02871244039846,0.4029034875849016,0.34545210400213683
98072,-4.933672457151807,-10.672763447003076,0.34097636294267464,0.7924853484311931,160.66301244150736,0.35114664624308833,0.34547824949074496
98073,-4.183287136991122,-10.82593256738759,0.44747914656984383,1.7257792619612877,466.4486725005927,0.34920807213547267,0.34549425272268397
98074,-8.254646162488527,-6.732587005460592,0.8115269589287786,0.9509589228733906,467.72903615082606,0.6150321739439759,0.3455098732819565
98075,-4.790568537542371,-10.47894641890257,0.5946547483323715,1.7540691822462564,414.8319003030743,0.201807077026257,0.3455804855025456
98076,-7.107799128484418,-7.811561716274287,2.829429842686423,1.3918867009855826,366.2228551290261,0.16482418244020813,0.3456292567761019
98077,-7.169850766436554,-7.6798406948335805,2.363704179883971,1.6255760442425664,376.65974454903545,0.783533799441023,0.34570753782364244
98078,-7.7550110655369835,-6.862285549091426,2.841002322252799,1.4681797484524073,468.5366437585057,0.38998254461286574,0.34574501949319647
98079,-6.609870148799619,-8.743331774588999,0.8964428433561045,9.824419548274298,607.8143672558613,0.02660904104363926,0.3457463700316117
98080,-8.388409898876146,-7.206748268334198,1.6086520118711387,0.6586695702926512,467.7038968977599,0.44705918489790086,0.34583521576381937
98081,-4.845890606801038,-9.552884273258265,0.9081558063159255,0.7757512496792309,199.9086670710171,1.1904840450983833,0.34590111594873707
98082,-6.025456209242032,-8.5828988293229,1.8605125362542398,0.8893661006975162,467.31882784471406,0.622640803669734,0.3459203379642826
98083,-7.706451028618492,-6.9139842632009865,2.815536717588303,1.1580869512215508,222.1346159445358,0.038595247527461574,0.34594797472788896
98084,-5.4867221919955975,-9.22585450114509,1.0397135330422518,1.5578661813691002,362.6021841822984,0.6758921070638122,0.34597517692416024
98085,-5.894827755142536,-9.118374107165385,0.8446337989252476,1.8914293765684018,468.0037049345641,0.4691263324172885,0.3459773312682597
98086,-7.928558578580208,-6.042004311178933,2.3793437402927893,1.3415018751053231,287.6854638823978,0.874468303548313,0.34599768699404615
98087,-8.312221247197161,-5.174103305902778,0.8317815702608918,1.4003235783867083,317.94272282315404,0.2205531766547546,0.346024715297538
98088,-5.0578016297470905,-10.040807697660647,0.3746272792066102,2.0470273110941903,344.7876065987493,0.13933216892933675,0.3460266745473664
98089,-4.738293124745177,-10.153449359006803,0.7214371952200765,0.9838590225147892,183.56132537017,0.4345813705556356,0.34612835111763324
98090,-6.378316263010012,-8.389330275395004,2.554945786711259,1.1947042130767196,467.7922508705781,0.16335036201705933,0.34625843106090026
98091,-5.95252638949807,-10.005549283144529,0.43617863679292507,1.2232375657342018,287.106028215186,0.42234904248441296,0.34628400080540556
98092,-5.003408024794845,-9.592738011530676,0.9465219784574211,2.8014187590413595,483.2637761254029,1.7153508747186343,0.34630371631260964
98093,-4.904862013966483,-9.628125503385464,0.5633304897812317,2.1596645448288974,355.8928544536763,0.09085183059956847,0.34632278952096707
98094,-5.6045481575538965,-10.13973726461208,0.729730063059367,1.0511170907549356,279.1417763100813,0.9583097382158572,0.34637230451779183
98095,-8.456059816000923,-5.490241231545718,1.4854260867295257,0.7314752587199795,157.29803136806922,0.07102504559815337,0.34652400251046545
98096,-5.9853487473559,-9.150403716614715,1.8614191786929795,2.922921425325442,494.07674913997676,1.817898739421281,0.34664864573929277
98097,-3.096106473586582,-9.915607205653103,0.6111920776880889,1.0661982540174129,216.96166457916226,0.317248708244076,0.34666261733202336
98098,-8.399106458273392,-5.421245787578828,1.748222820472935,0.9583470756286346,189.69652731579,0.21990461144678708,0.34672741416206593
98099,-7.715196561157732,-7.101915140581332,1.1728266245406365,0.8404887541807711,467.98942427723455,0.21802869027813987,0.34678851399616883
98100,-8.028316994625062,-7.622844287845757,0.8164930518116421,0.8603917684935402,174.60697983872132,0.5947183150326509,0.34680894912711785
98101,-8.394883667830248,-6.300926691882684,1.844048469025805,0.8027249035271018,448.8374360295255,0.009879638430639659,0.3468894959793151
98102,-6.847010407049552,-7.9988226286060495,2.6541874603124866,0.9611619961643505,134.23879326649114,0.2963219670793782,0.3469604138589406
98103,-3.564034306273472,-10.698048551398808,0.28694227804259403,0.703783737469027,134.03564878620426,0.29288624418014475,0.34696146924019367
98104,-3.7565027550490573,-10.918427916174203,0.36480422514393934,0.8988771090009089,185.0479511477023,0.3396064945703685,0.3470088987531577
98105,-3.5716045149827007,-10.089040770942812,0.7305765576020464,2.665126047017084,465.1313449488406,0.9933473271505724,0.34701123662604794
98106,-5.630900504598182,-8.864106315534443,1.9242411161948552,1.1289586683872384,467.65839700037,0.18991353542407285,0.34703285295436875
98107,-7.708771423276869,-7.199198277917452,1.0651626181690932,1.2571989573001003,273.4044263351134,0.23538360436906647,0.3471735452970418
98108,-5.719297980284078,-8.818449139436485,1.9880225754825172,0.8475752019598399,467.8734197997776,0.18038158335201704,0.34721829136403837
98109,-7.954699304858426,-5.843422752199024,2.279080637913086,1.0120299482888166,467.06411702306235,0.6028905593258633,0.34734739587423424
98110,-3.27889621774188,-10.657830565100246,0.31819690845699405,2.2461184769019367,432.8623650991848,2.2409770750686855,0.3474195489616107
98111,-6.349430327155258,-9.838562213980696,1.0251966250691402,2.139500694989339,416.25094351736874,1.3086875724114497,0.3475852498229089
98112,-5.193673444804568,-9.666304015884053,0.9450607677621858,1.3760250612694254,224.38441278778916,0.08049741872402993,0.3476446904784049
98113,-6.956719084914889,-9.276021224561665,0.622901867516964,1.1542862218601582,300.1604590213677,0.8039909144291064,0.3476497960454992
98114,-4.075299976343882,-10.177828952584019,0.6961470462872815,21.40434563835776,885.9345706385527,0.2713736802830349,0.34774113530401163
98115,-4.007144302161084,-10.918204297863882,0.4250764595708293,1.2612940144242384,468.15979569104536,0.4829366689737453,0.3477561445020105
98116,-7.968151886986794,-5.430853249194248,0.8977174055892724,1.840799927360769,467.8098547767937,0.7941663675541406,0.3477850113170332
98117,-8.011549761682822,-6.215940264433799,0.8006473270887879,0.620276011242857,126.4147674179159,0.41121866514890204,0.3477878298596145
98118,-7.124417017623743,-9.377818185563086,1.4129949383158373,1.8851253093729574,468.6760526322301,0.6472503746094347,0.3478855111871466
98119,-5.437558010150275,-9.069453415894948,1.2764783015133496,1.1749323196740966,253.59005294256934,0.2650652631938071,0.34794047074608264
98120,-6.962814398181031,-7.89963730306635,2.285270178021428,0.9804422575202016,469.02712430033205,0.0040212119360560905,0.34798374355994327
98121,-6.449714916173456,-9.889232245936846,0.8162304196657875,2.413397907840055,440.94976523621983,1.0005060056067903,0.34805368523868035
98122,-7.31903380538138,-7.613174007011958,2.8723131375533746,1.4500803696659512,331.603885850683,0.7294585772890834,0.3481450196776251
98123,-7.9806700288662045,-5.586705002957045,1.183118691054989,0.9074748554644424,467.99057021717016,0.17485725104298222,0.3482025367171308
98124,-4.23951039659201,-10.833469811078093,0.3965837362579896,0.8863013846382927,233.83485922807608,0.7292696599289741,0.348267503592337
98125,-6.6343772595826005,-8.158594159261305,2.510925974098863,1.5426148832792044,343.66191036928956,1.3432982325903229,0.3483390276098047
98126,-5.866999260739533,-9.963473417938495,0.8179230645718611,1.7589032477378126,417.24890922113144,0.32019775251049243,0.34834947455300835
98127,-8.346289676911681,-5.287612969851061,1.0098040378571342,7.52801384735854,727.0425103590807,0.4041672214553742,0.3483768061685335
98128,-7.590518848157965,-8.551079302011395,0.7596412996980615,1.1865695712131845,468.0277053305247,0.3805736588400359,0.3484066002995137
98129,-6.152137770231772,-8.898662497192348,2.223869806951904,0.8144700467381419,470.37995986244994,0.018937088919580347,0.34850215998069545
98130,-7.85222108752042,-6.485468539909349,1.0368296086500137,1.7376187785231259,410.28502765590105,0.5392405363811159,0.3485880428311142
98131,-7.851405102757953,-6.4310830955928155,1.2634199502101822,0.7360789412505518,148.26291986961422,0.4534445905394424,0.3485973027856632
98132,-4.096411036306476,-9.973394653792067,0.7579776203723314,1.0967118914695333,278.2028124300509,1.3461399939458412,0.3486334273165201
98133,-8.158873528468458,-6.927163382402301,0.7721457369287396,1.315610601806178,314.55351604440284,0.1961567061713021,0.3486753437696019
98134,-6.319065360428805,-8.795207061718202,1.1230690843702056,1.8678483869480722,447.7559844981787,0.5972978811741081,0.34868565273313445
98135,-7.453108974403525,-7.281240627249541,2.157479122021668,0.7269294642196444,202.4458589335187,0.44081893657162663,0.3487005415356699
98136,-5.702423332831378,-9.19011341432985,1.738175162856178,1.8244114447582784,435.5012137914314,0.3858549495018053,0.34876250662051345
98137,-3.319127397548706,-10.517376693955287,0.582173589102207,0.857589938873978,210.63693521130165,1.3009296945149584,0.3487802794028395
98138,-5.703241971663337,-8.775509322860298,1.7753457148564538,1.6433720724129302,352.2145918439345,0.6563221919065612,0.34891895580991755
98139,-4.441625950823561,-9.588225082208659,0.8226870620038705,0.9792178019218881,259.9947893893683,0.7340978253396457,0.3489381934429949
98140,-3.127233203126311,-10.221887268254353,0.6479613534346318,1.020133109649783,267.3365698840764,0.6736459331188973,0.3490867375505582
98141,-4.579895738530283,-9.524505508589483,0.7788460220153802,0.9855165044375347,469.8011801098481,0.14440822455111313,0.34915523078218896
98142,-3.910091849184374,-10.398735082544892,0.31715895983041464,1.5048970415448713,439.46254247292245,0.15036814675191135,0.34916905106362545
98143,-8.355557689035194,-6.2362422941709035,1.9666484463378775,1.8293647871604377,342.34224084963137,0.1382567763265028,0.3491722559749047
98144,-4.408745649782294,-9.936682882529066,0.44389197125964264,1.631703303290263,468.4392228412045,0.2846865749017793,0.34926356589583485
98145,-4.218783814310889,-10.684993687022374,0.3019869215308856,1.2413435897248024,285.90561485332466,0.36150117345455257,0.3493296177563855
98146,-7.866104690055531,-8.392844650682427,1.6609991686903312,0.6442184973244496,130.12063226853093,0.0296243180049256,0.3493403890297746
98147,-7.852364387022148,-6.890302826931274,2.8855610945686725,0.9836590151305589,467.38349165249787,0.43535254738842166,0.34939981876270226
98148,-7.502634069796086,-7.293012777496765,2.8109875079634694,3.8051741882328027,542.5823131827123,0.35285747019778757,0.3494110472326285
98149,-5.529818181299087,-8.877222790170336,1.778010530397935,1.5630922412859682,356.1261704642495,0.24910282441006526,0.3494416265953095
98150,-4.432634341805317,-9.655127222681998,0.8234700031129636,0.9760317744535827,256.373988345601,0.6626313744348815,0.3495917889234695
98151,-4.95563365815314,-9.89009682078398,0.8071641106313666,1.1185819650201039,467.14356828165666,0.47365843917635075,0.3496224957650983
98152,-4.785456955465905,-9.955882693767098,0.7816534354704917,0.8213810863437809,225.17765073411024,1.095760109353539,0.3496274109967967
98153,-6.418530219446241,-8.344116881661837,2.528637464050954,0.6196398186134833,173.63527637096234,0.9055111918931305,0.34967469068459484
98154,-5.336981771797939,-8.958996068610073,1.5754807206362882,19.461562928569567,633.7736158161301,0.03850938805515369,0.3496818754086846
98155,-7.79937733921637,-6.7895714568934356,1.1466063933032362,1.887905356634283,454.3684341979173,0.6004726681058257,0.34978859434315485
98156,-3.617310485695983,-9.785544194532774,0.7914076745455269,0.8725584137040482,468.1928861432415,0.8129952719149465,0.34979048991961215
98157,-3.830169201206708,-10.352114016957032,0.635952150576566,1.109042425708478,193.67043226946888,0.1200034483003165,0.34983093776316115
98158,-6.945093705862854,-7.905440683531845,2.4260446773406503,1.0319458008825233,280.32169152774605,0.4994198255486131,0.3498671493892576
98159,-4.931005683367072,-9.421735734106857,1.2994662293796377,1.8318292109366634,437.98825697880756,0.00964832100004731,0.34994622063347325
98160,-6.848708042936222,-8.274946930087909,1.4436530558750802,1.3724058400968864,305.30491564897784,0.22811161067995211,0.35002287646460595
98161,-5.546605609351266,-9.831867883080108,0.8952757399026038,1.0173473073335195,208.67082136777697,0.7636811637879317,0.350035479344732
98162,-4.9025868139319515,-10.609781546119024,0.33710030311519,1.6514858839869992,353.29275511192446,0.9872402955615796,0.35004089394945526
98163,-7.968287119857659,-5.306893936530225,1.9352950086686713,1.842315819268074,469.8127277579286,0.16426283459229474,0.35011431471187243
98164,-3.233997400888783,-10.56258219799698,0.34530722285105214,1.3646765132862504,294.09483644803726,0.35882077502716836,0.3501157768134675
98165,-7.8945284873438855,-8.495190579045428,1.2921138892881945,1.9491637818464629,396.3315592310714,0.9760875507126601,0.3501820986081664
98166,-6.698228254990526,-8.115049308311917,2.2799510082755874,1.84030417460266,161.0745104410021,0.38576461044184907,0.3502243851425306
98167,-6.399316891558405,-9.777901722316255,1.1733828823120664,1.057376450231899,284.3683817880039,1.594745207858705,0.35023806219001985
98168,-7.682591187882531,-7.686022515088632,0.8752657301598386,3.504739618718877,536.8534669071958,1.2282120426474483,0.35024314374843213
98169,-3.628502361748427,-9.936433624530377,0.46756477556647486,1.1013829850580075,221.2678141996185,0.7685038496881331,0.35025490410089605
98170,-5.188761129775107,-10.416928789701851,0.5953486875590699,0.7901062467299285,185.61706357954566,1.13479504926518,0.3502856038228395
98171,-8.060427560431444,-5.005583088218663,2.038036332631724,1.362691073256639,158.4305541598798,0.20896474546232202,0.3503571169203539
98172,-8.318602942036438,-6.553891895245318,0.9406753369571287,0.8220904729230504,469.0301003469456,0.18277303063835593,0.3504139127160726
98173,-6.07068702971026,-9.789610023548178,1.1321391170774813,0.9246079329687131,182.76231941412405,0.26837816674260484,0.350606418778201
98174,-5.017313149232424,-9.147437772709203,1.4771782357052035,1.754748108146585,415.47738987664576,0.12782424004760262,0.35062340965981337
98175,-4.950953420757837,-10.542652584411528,0.3584547552845282,1.1950500698716275,468.74245890709733,0.15304227521201152,0.3506518044932846
98176,-8.287309765503313,-5.479748582205802,2.0018062977634767,3.757455258800218,551.3997517390749,0.8692998009398529,0.350652800543234
98177,-5.7981495676553765,-9.776725252760034,1.054943225417578,3.4917338506234095,537.0131840039717,1.4419610871671287,0.35066580928441526
98178,-8.223263684211792,-6.793131476638784,2.4000529945214417,0.6670760524331093,185.2898080324678,0.49495905552929464,0.35069987555649773
98179,-5.039139059195483,-9.619538413560672,0.5698346144469522,1.1678937231641005,289.6926787786335,0.9140689861252289,0.35081583138061595
98180,-7.493390934128379,-9.055673285640449,0.8844073565952824,2.339139333815192,437.9950724086999,1.3300226911525375,0.3508285987346217
98181,-6.791599103770098,-8.180571917135715,2.8851763222902846,0.7998800140991139,468.3222501872734,0.2592468431859105,0.3508758407142149
98182,-7.893280468567952,-6.301093170827909,1.1931750661589235,0.8481380196892512,469.74540356838463,0.09253049645725842,0.3509019264072914
98183,-6.820363397288045,-8.020193350559428,2.5793977705436273,1.7266816281618989,467.7914989361789,0.28166112168683455,0.3509040068490529
98184,-4.264382285027396,-10.789244427125958,0.39944280924110137,1.1138519237607782,288.3981681124513,1.0517831453199067,0.35096175356018233
98185,-5.313932081663987,-10.180152447159113,0.7016380735880017,1.1981532272659916,200.59589623294278,0.4652454789317497,0.3510854356785185
98186,-4.248670895372285,-9.57765323025944,0.715950720031408,0.7379112365669336,148.79220364175615,0.6275899568464292,0.3511454624518037
98187,-8.117631053973142,-7.722608098213471,2.020387886006372,1.1242530624705906,290.4653546418761,1.1008142334798512,0.3511920536351884
98188,-7.760835366614642,-7.632326041543107,2.8268134538176204,1.7444113533470098,364.9147359113323,0.5307428232068423,0.3512539899036318
98189,-5.104448875077644,-9.55989956814534,0.9486199295988436,0.5925830777818033,169.74946468256974,0.5044686860616165,0.3513117812903469
98190,-3.9875202660980325,-10.758600365442563,0.38637835115589114,1.0464782160558102,280.284561395055,1.118502018517808,0.35132133033547497
98191,-6.213585318254253,-8.565671901718549,2.4347083562842835,0.889985031957229,468.9080639289204,0.13780160049028556,0.35133704721361203
98192,-7.855296021638853,-6.0775081611685575,2.1118391244952552,1.8700116239854743,449.00647967033626,0.4212223762282665,0.35137515549521403
98193,-5.770784623384254,-9.014214883564168,1.9116863504130714,1.1956016635227038,466.9280616604479,0.3318541243820059,0.35139721556472225
98194,-4.872779715992454,-9.521414760172398,0.8515875774665794,4.061391393931753,320.86861719584465,0.14856418289164086,0.35145187346676404
98195,-5.17747090600336,-9.539542033055067,0.955375593279146,1.0917692303266238,441.9967302777444,0.15141607219936848,0.3514729333500635
98196,-4.114202496593425,-9.75757437767065,0.7979168802745611,1.0869721329104574,283.2960403399632,1.6325493373290927,0.35152670641392325
98197,-5.3212569301438775,-8.97654465039943,1.5142466633710825,1.8779167786996123,468.0042285767706,0.1440996902702354,0.351538606534699
98198,-5.640728981469866,-8.965385753344702,1.330033760826983,1.9701284127007577,395.79225039542695,1.1375662533694095,0.35161442154052597
98199,-6.052941329587079,-9.804625801391284,1.0868207963376053,0.8591336183781489,468.3860867442831,0.5311726036866347,0.35162317540144167
98200,-5.742671535967421,-8.78111600806352,1.5934241071797113,0.9215184068870478,184.1602728018043,0.6083180563667723,0.35167740397680153
98201,-7.831434827834942,-6.118561703274404,1.822236623395282,1.8627063734039195,468.89420495171606,0.17668145124804813,0.3517531181844738
98202,-8.46463624691134,-6.3831725539356245,1.4182074492209387,1.4290347877431477,325.63948446397507,0.712693000806504,0.3517692942095262
98203,-3.3202083488093184,-9.949098232207295,0.7518692308091345,2.077998817562069,405.55040082033184,1.0136340213783583,0.3518738378932393
98204,-7.454781531377632,-7.272758605354942,2.3300722873442936,1.81840913314492,383.1385476147251,1.846137315394742,0.35187535301880274
98205,-7.7633621992838115,-6.660711973890347,1.5007181646561667,1.010407036778048,466.8930009981275,0.6513658282965649,0.35196010924159904
98206,-3.426188376816035,-10.700335991629707,0.5025161798446055,2.4839800234938285,363.7618888323845,0.07890083025903039,0.352126037235972
98207,-7.846063111757156,-8.592350349497988,1.1737289033782243,1.3075195391997665,322.4682063269006,0.45376846190869013,0.352195864837089
98208,-7.325964539129703,-9.38964288887531,1.102711001966067,1.846316250279735,443.9274980803768,0.03944720575976479,0.35221011258193424
98209,-8.322856864693819,-6.0800220153010995,2.0274073982300105,0.880264214946229,467.88268313080437,0.07648704154194608,0.3522970490149616
98210,-5.187361589345808,-9.535977681625127,0.6177941127575977,2.6501038782299107,470.01084096114477,1.6791004104633673,0.3524262551739828
98211,-6.024664872033136,-8.650314570965541,1.6381032759631493,1.2090083400522011,228.8880481598913,0.48700310977983996,0.35245918264738846
98212,-4.955189572404733,-10.296911577558676,0.6478406898714795,1.0944998700148787,286.9087781762054,1.304909495576669,0.3524869552603533
98213,-8.007693476038735,-6.725586042586259,0.7912665105503542,1.0742007927653279,467.6176533841949,0.21360218788485508,0.35249417573648933
98214,-5.842349848977645,-9.116320710357595,0.9398358219056969,1.4136127819561202,468.720804813859,0.18534851067763558,0.3525097428809572
98215,-7.3866612687191076,-8.525716993147103,2.409215458757284,0.6283308503917574,129.19196202159392,0.6635266807137024,0.35251652746421175
98216,-5.7442789076296705,-10.077345566461496,0.7357816538375687,3.0695716410558536,449.1842598584555,0.18511012459233278,0.3526955143552378
98217,-8.432913524013498,-5.947223533192411,1.6613211639143086,1.6806126649514157,403.92640611875345,0.5705672958740982,0.3527536247692126
98218,-7.309284041399805,-7.96673093482992,1.2254050500922624,1.2140958080209192,306.0542621157307,0.2730057687512142,0.3527798663236744
98219,-4.211234030440348,-10.714059824872859,0.38968182698903003,1.1263929886362445,457.55649377696,0.1757783680358962,0.35282774495913305
98220,-8.041291066718712,-5.251322098655668,0.8249401168017354,0.8174133668475717,177.0972427012991,0.18234302301787775,0.35295102131519773
98221,-5.115379958117716,-9.84341364690267,0.8198846127251309,1.8993634212795063,467.90017534277746,0.33448514526015405,0.35295159388357833
98222,-5.675996382330886,-8.829055217846928,1.553048337493017,1.0125686820579158,272.8334052729746,1.767177066613466,0.3530098825289889
98223,-4.716580768574007,-9.512223962758302,0.7198122576467347,0.76460949348946,149.35104125034803,0.1304514931291898,0.35307841711236654
98224,-8.392956016595326,-5.627705696978724,1.7579605443775494,1.1238957749739116,466.96301811503486,0.6252676456581847,0.3531022429639185
98225,-5.359813500426021,-9.165359866781937,1.6253993110423193,0.9731624674590343,190.88800853327132,0.07042871484436919,0.3531025828705962
98226,-8.35829998777402,-5.200145511280434,1.80448037801337,0.8158720180407971,439.0249173540601,0.08171880227818829,0.3531232723235525
98227,-5.524765716949301,-9.926617180546009,0.8207500521887495,1.903401008707375,468.3700841434027,0.4926061563761719,0.3531324367366919
98228,-3.5797436677161816,-10.728572501603779,0.3047884576673944,1.0120742358995443,205.24246812218524,0.11351303202579821,0.35314434321940513
98229,-8.285170339398526,-6.697805742935376,2.2266960018246027,0.9200228424003989,467.6198850265427,0.32041997356284924,0.3532643966459785
98230,-8.055525962362688,-7.0374141772347665,2.6982393026340863,0.8826054886842218,201.50852333061425,0.2330414649268313,0.353272448353397
98231,-6.447283740567079,-9.742895300725042,1.2092541727841375,0.8880117886729713,221.69242349036122,0.8474998589863372,0.3534045582287217
98232,-6.164301442681273,-8.962442054491254,0.9606984272576459,0.9404113511408356,468.43778457678087,0.5122353006436695,0.3534098749391612
98233,-5.18417013178762,-9.44161032656099,0.8799130336573789,1.2019781550955015,245.74319773030143,0.025239818816239712,0.35342273935121943
98234,-5.164002738160401,-9.437824587991695,1.131768553033076,0.8814669721297675,220.54658042761505,1.3003732722707575,0.3535423500138427
98235,-6.816332689125989,-8.33489061001147,2.890428074676171,1.0878996461820616,288.69980910847295,1.5336021089891974,0.353588910642259
98236,-6.600721265408252,-9.651494768303355,1.2874940704234783,0.9210687916582678,242.88387885891757,0.21901490378912136,0.3538017617185668
98237,-5.225344925252878,-10.509160855541735,0.4086673433896248,1.0831457088075749,260.96606405092854,1.3340871803374794,0.35384577386406185
98238,-8.460009702589167,-6.3705268870395315,1.512324100275078,1.255322587838768,313.11286442306107,0.44895815408709794,0.35395882761217445
98239,-3.623275735210374,-10.216380274146124,0.6701409660052983,2.7886434977203187,482.1277209559447,1.636870955775593,0.35398305738876273
98240,-7.737399668392708,-6.700081788897121,2.5545196639988794,1.8544558077291449,464.4445275477572,0.3080699942673233,0.35407933044766876
98241,-5.429557981811081,-9.173487023849717,1.1947680874863005,0.6265730991151574,124.33775592879891,0.0015340168238715535,0.3541385086179832
98242,-7.858997735410745,-6.226408908213278,2.306027425582072,1.1738861753208865,298.8008346171249,0.31329770283591607,0.35429560699942164
98243,-5.542446462171002,-8.876142738155655,1.6822339648474978,0.5487830867920952,114.8537379931402,0.5767416114186537,0.35431756800965775
98244,-5.459367204576273,-8.930260495022935,1.6827117950233823,3.0551943816837137,503.69335987594366,1.4354606069078635,0.3543491391576295
98245,-7.868556461156492,-5.950256237656459,1.9399290226386185,0.7470635159653628,196.21327751940473,0.27194988187510116,0.35437795132353345
98246,-8.446072811586024,-5.285589312554977,1.3673835349405807,1.7052510209730833,467.8487722931133,0.4076676334348752,0.3544100171526629
98247,-8.112366666150788,-6.497162103870355,2.57088672185258,1.617400257827958,198.99366137839266,0.17204390100563227,0.3544424169730129
98248,-4.8825121799968425,-9.784186538320721,0.8197887830272376,1.572018618492655,360.375746978096,0.5255523945983578,0.3545052292989278
98249,-5.503381916872569,-10.276091074578263,0.6447120184236516,0.8644340751509519,180.65481648051332,0.22741219156521097,0.3545480022551852
98250,-8.073293768680198,-5.640360937241516,2.2458053617638565,1.0701624015621547,281.0089356634794,0.772045707808477,0.3545514978733398
98251,-3.190580333369554,-9.76453914344967,0.6608007585609657,1.3037745407915267,315.59584543926997,1.632602437622885,0.3545873862338641
98252,-7.679953304659858,-6.835771843405778,2.574933823116185,1.0439298843984028,293.0027783734115,0.7626765736322572,0.35459903849706037
98253,-4.557660344463441,-10.094512290764024,0.3997345090741372,2.5694421822742672,463.72075307879044,2.1250666241805254,0.35461291804908485
98254,-7.799572593748257,-7.094686721939167,0.9092872489944254,1.348789670924326,322.7318588181921,1.882897316049113,0.3547039361448728
98255,-5.888095180862203,-9.456300233822368,0.5834097580400379,1.3612262892522984,468.91950557924986,0.9233519467374309,0.35479861455722794
98256,-6.038907214099421,-9.070062070839743,1.9404885096195867,3.5077245991614743,258.282696345757,0.22188055176573673,0.35480877160451313
98257,-6.293622122792815,-9.8014867101446,0.5295325193681513,0.9077305952811207,468.33353322659724,0.5110594407946119,0.354824000778997
98258,-5.997507614963029,-10.256791885811548,0.5293152429650592,1.5862290270289245,364.31735397937945,0.0025049259752130126,0.3548326832331434
98259,-3.4801549427736402,-9.94718850222885,0.749569605475027,3.0695842231908066,494.99307875660315,0.6844331150193037,0.35488535978737473
98260,-5.221688683186957,-10.043800270683972,0.401011208581833,1.069189771778329,261.81141063817324,0.18975193239175425,0.35523056883831544
98261,-5.47364399252876,-10.306044194634426,0.4156842863778049,0.566240551978653,139.94479020037693,0.21517083080922017,0.3553296431968636
98262,-7.93750755569053,-5.66202500462438,1.488024658567902,1.8355914412966259,467.41023949733454,0.4816669399561153,0.3554409082744939
98263,-8.30705964118594,-6.506816843361042,2.125760158861866,2.6610800806384964,464.21969800654944,0.9582858040878302,0.3557148412871154
98264,-8.193982998710906,-5.0185469337031074,2.0272397249213,0.6880510992894879,467.68821403302155,0.46880441524996996,0.3558138181760563
98265,-7.7297258253633725,-6.629164604768753,2.31463682075097,0.4745190951539118,122.41966684716522,0.7168169424303246,0.35589439722115684
98266,-5.2054708094711275,-10.25341076633788,0.39036338786177427,0.6770627811278662,139.6910863435983,0.319952081929717,0.35601726150396257
98267,-4.06663502493596,-10.660487879020112,0.376131264232755,1.254396861189044,312.7501520493141,1.6858755829809065,0.35602603890573625
98268,-5.450748730673825,-9.687525238625,0.9714072279956315,1.7513898216982806,415.55422646787224,0.2834187106851749,0.3560269916150881
98269,-7.246561948632477,-7.673542201838605,1.9535975963857157,0.9305307797520956,220.2948331780402,0.40303299273046544,0.3561129882515655
98270,-4.793957427689364,-9.72972176550065,0.8201173179880638,1.6706700304263462,355.4321364389758,0.9306805119185073,0.35622253442996454
98271,-7.838992200081903,-6.875197678864538,0.9090952960969009,1.7417161388991167,467.25619261614025,0.08417176152177319,0.3562624657637267
98272,-5.431598678428301,-9.644619296858053,0.5316711273943853,1.7595409800234112,467.80668397614534,0.4729829227017879,0.35627073435506795
98273,-3.9169896085422717,-10.024540124280318,0.4320452837143763,0.7427505000603044,201.34106477282825,0.7605457004236191,0.3562786468520121
98274,-5.700971007295062,-8.903242084792208,1.4327429513445982,1.063219631074549,466.7890906217151,0.1315113836907944,0.3563694228526734
98275,-7.842485321065144,-6.743413444799624,0.9433673339978581,2.749911801360191,480.14636963502653,2.159857891469934,0.3564064506339862
98276,-8.13938539741729,-5.904590027631711,2.3145231863786186,2.418218556352439,450.28869466170215,2.3978008928367425,0.3564152812068088
98277,-5.478170280684106,-8.93121315650879,1.676737693893176,1.394363829603303,408.4702622877049,0.13515736515502397,0.35641696459151645
98278,-4.039018477387493,-9.962347879117942,0.4709135539314602,1.0118322934255684,467.36015428294684,0.8083055625578366,0.3564289338709978
98279,-3.40478707607455,-10.74431770828533,0.3194300647909613,0.8580860263072811,469.16448089497214,0.019440394327568278,0.35644489486151937
98280,-5.596324692509969,-9.235073793070343,0.9562266196114372,0.8521709511938582,469.1135622162346,0.17758506431870824,0.35644737024463813
98281,-8.200872069028398,-6.01934700508884,2.275502409883493,1.8673462934871852,467.46368798194555,0.10107351842166334,0.35651403190425973
98282,-7.9118717165856784,-5.985206683798118,1.3924288968229543,1.7698216155141604,419.3662911949594,0.01629967023487655,0.3565408301281734
98283,-8.114627886854958,-5.025617323303648,2.060981737731352,1.3943742023976835,322.1512478886213,1.054252796682083,0.35658406752964555
98284,-7.783253233338098,-6.837861283567127,2.8037083355358003,1.8346016213502077,376.11965804462073,0.5718757814194761,0.3565943303284426
98285,-5.179083087462882,-9.20006583460447,1.3010493114350108,0.9409591352104117,249.52747406308748,1.270343810832773,0.3566032330934492
98286,-3.3941409500599704,-10.770999325779734,0.4063309791547423,1.2845428376307115,279.52724564532804,0.08100192544743301,0.3566884831862772
98287,-3.3448688865795715,-10.192079786756253,0.4048075778598952,3.4300380907542,532.3044337052547,1.4018601651361449,0.3567262625615268
98288,-3.930074148102012,-10.631686673170442,0.5014547659924716,0.8458055618305174,465.38383575695883,0.3300434283284144,0.35672716114282466
98289,-8.04117911338316,-5.091550907361833,0.8406747765112101,0.9071367481539728,235.94317659159512,1.0647582764544703,0.3568018784368887
98290,-4.816452962974658,-9.544946632115549,0.8157906864488539,1.6876979591962986,396.6701929869988,0.38297903757578844,0.35683917005659754
98291,-5.722113468368167,-9.538976151822588,0.5639924506380368,1.1062755700530102,228.28707429019443,0.4928744526470661,0.35686934148018334
98292,-4.2060147616560615,-10.700184287305575,0.3615751553065465,0.7358316511345393,155.21925672665225,0.1087962832713858,0.356920221324809
98293,-7.556042119160578,-7.524300946557325,2.95853297953056,1.3370595386983635,318.342999811944,0.30891537338287556,0.3569318024633493
98294,-5.512981662522366,-9.67405314839805,0.5156407321150938,5.7867477040515585,661.4761040958418,0.6277995474116684,0.3569547985995742
98295,-4.409037001712174,-10.278614831024091,0.34500950621621634,1.697930148652252,424.34644650452947,0.3539063015878714,0.3569672613126767
98296,-5.594495454802958,-9.445104794219347,0.6309621224006524,1.0966944060432768,288.61661087618853,1.0220641373663097,0.3571381811103149
98297,-6.515079091799277,-9.787699765962595,1.105598930623181,1.033824051807598,187.2559860645623,0.44195892396699943,0.3572030360381316
98298,-4.091322344888756,-10.274118762589282,0.6424027451594326,1.8181801035269145,468.2733676384523,0.7975243847093045,0.357271365627367
98299,-5.342343331672683,-9.56174519770514,1.2600631900868096,1.6178855575304156,356.435913863415,1.5470459899292512,0.35729595117461227
98300,-5.706818788077638,-9.685367874187223,1.1824584466568555,1.552829151602247,359.94882650003746,0.7537165989415762,0.3573665307704306
98301,-8.277787572271903,-7.639252864037745,1.5123075679770897,0.963191790115424,468.056019419741,0.8020874371609432,0.357383501483328
98302,-5.565332993474653,-9.76016134137594,0.4806846126742721,1.1553909744582527,188.35646650157474,0.14559341311746632,0.3574331277227437
98303,-4.621485903694761,-10.52565871308828,0.5369074615096449,2.155909633044493,398.1203622259086,0.3738752093532467,0.3574355047753049
98304,-8.458579423936905,-6.535227702312023,1.3988993297685328,0.9184251463607549,151.92220388314902,0.20254448620737442,0.3574631193409256
98305,-3.565842439494361,-9.658756270341195,0.6800001076940451,1.2477053530506603,468.8155590195948,0.804171390767781,0.35748794548732643
98306,-3.693091661220996,-10.6667194773068,0.45874064542133625,1.0402277700200573,144.04705486278198,0.2550675967415881,0.35755316855758823
98307,-3.337772738688174,-9.886553722311769,0.5230983980427297,2.724071365530702,476.13413982627947,1.5270319944530515,0.35755943743859697
98308,-3.91872137392423,-10.536363673034261,0.32531882423570807,1.0597173992672888,467.64430033657703,0.04576199180296037,0.35759297801503465
98309,-6.800039923179127,-9.757654245691645,0.7248781519966488,6.427606726893912,679.2250614434099,0.2970563664742336,0.35769407166331196
98310,-8.159432981403489,-6.02966145136763,2.3231979483272367,1.6054379062185489,377.30527621144586,0.5954008418147678,0.35769644294970243
98311,-4.103312097853849,-10.014849478503407,0.7243030411177551,1.7294061427126273,409.7799752437593,0.7610741868463311,0.35770629357708394
98312,-3.363789227291262,-10.176615191445233,0.40535401986123054,2.319738619180629,436.21884602047203,1.3958757311094372,0.35776307192948137
98313,-5.116542438278838,-9.437674002408027,1.2054840415783044,1.2796808567077818,312.3097080535255,1.788701167502646,0.35805429874630906
98314,-8.252571803481482,-7.195004953689074,0.9571756833567062,1.930729668116414,380.46141086430487,0.640051077372048,0.3581578857324984
98315,-6.080193074282706,-8.879624148201904,2.1453183008987455,1.0876250188661465,221.09512998141145,0.09320901001889492,0.3582184646205569
98316,-5.2964290059460195,-9.443548585218533,1.050626116737659,1.4361078114868053,468.5324088367197,0.6686212905546158,0.3582918906091186
98317,-6.788682662756447,-8.765616878591867,2.5117719356053723,0.8745420259183232,469.42721638705035,0.06350222736842515,0.3582987180998049
98318,-6.041670924648409,-9.757982971054135,1.1496900297072516,1.4249347308754188,381.4382733737244,0.2599053335475503,0.3583706945550577
98319,-3.720816388733726,-10.533729855949701,0.5319475369382297,0.8585108421408867,468.42294602686206,0.4215540639149573,0.35837775901351454
98320,-6.740594812934207,-8.108949920972208,2.195450713660774,1.1178138759649818,288.38142563882377,1.3822160146175255,0.358398337396531
98321,-6.049737207759794,-8.598018966965956,2.1109350969719434,0.5636706976358344,146.15097324325683,0.9170862810593929,0.35840939708385544
98322,-5.368038592029231,-9.450170677798267,1.3939716800615467,3.8249062639238045,538.3549965264433,0.3048623928151697,0.3584242604582149
98323,-3.7287455347146565,-9.803775272129698,0.761666587911382,1.8131745373755555,468.54083050512446,0.6151041737082297,0.3585869134801853
98324,-8.146934878043478,-7.560638235960548,0.9457654497249246,1.853234709440404,458.0995162818711,0.6158643763444749,0.3586420870185142
98325,-5.616206820932923,-9.005961467456935,1.3139782514801004,1.1481969211834961,468.8320922148974,0.6395020140945507,0.35870824630142834
98326,-8.446953517132986,-6.367298293113854,1.2631453933821168,0.6773657025048923,186.20715361964346,0.9294967208060783,0.35883846342394204
98327,-3.529276874076017,-10.625048811529611,0.39722799597727504,1.8175522791647096,469.7086509800751,0.021010096686261193,0.3588488665041728
98328,-4.133555190517429,-10.248720159640396,0.6495026465314938,1.6729314994672462,390.68560489755237,0.4687881044331439,0.3588940320808535
98329,-8.214073799792533,-6.630795316731647,2.3875418128953654,1.1313062013187523,290.6516335834379,1.0516538017461334,0.35889756263646927
98330,-7.41527278686819,-7.535602723855167,2.862139158823424,0.9344687006780434,190.31213515663393,0.1238650157077581,0.35890064644331776
98331,-6.165332597376061,-8.63224390596304,2.346701245307348,2.552483179880809,458.9779848386719,1.4209687709076757,0.35892289506264685
98332,-4.664800072793066,-10.523979317608573,0.3460474383501829,1.5296943879999845,342.5658556504094,1.2452035542045543,0.35901422292213053
98333,-7.811009874997504,-6.806928700671558,2.7981573217305833,1.0471057423218917,249.48566386496645,0.245302528866703,0.35910224100451316
98334,-5.965123345054478,-9.270356651411571,1.68983733065355,3.326688378003717,517.7720215698612,0.753170143835816,0.35910426375889215
98335,-4.2853483889772725,-10.106542485446147,0.42038898318299733,1.877747563650165,469.27411832171555,0.21478862253460917,0.3591234448610574
98336,-8.193658210775823,-7.108018780045559,2.3626125375172315,1.2176657570671277,308.1770012132457,0.6690247244265359,0.35927283645005104
98337,-3.810407054119924,-9.668158079269968,0.6516846723297461,1.6327455515538751,380.5436615267923,0.03996410075411472,0.35936595502597046
98338,-4.393005229125403,-10.624965238133097,0.34542837293396733,1.0867900931069587,229.13857108894769,0.26916938044133865,0.3594253238592858
98339,-7.390820263002601,-9.013379164126558,0.7150813182219548,1.6424750538974813,467.8988706553217,0.33521789916941547,0.3594912161031279
98340,-7.999079834328812,-7.937117228468968,2.021249683667496,2.042457303971221,370.9687157345844,0.3332331606851717,0.3594968361370402
98341,-6.189758432598092,-8.86879089691378,2.224926268292147,1.1100506067893199,468.0521379792613,0.7034417160462771,0.35952051792704437
98342,-5.092878428244706,-9.828358769084366,0.4832878546543464,1.8781343094884135,450.7944947870199,0.5820347829250752,0.3595478475770766
98343,-7.72666971491998,-7.53986882959906,2.8858654205501755,1.112392738279584,286.3049443547801,1.6294219801317107,0.35962070869606955
98344,-3.9396753523851347,-10.603119176420176,0.3747834381259443,0.9279147920925737,242.28691381589329,0.18376019507422736,0.35965013018671194
98345,-8.426479394332624,-5.062474234929926,1.4271407188203942,1.6296989206698365,384.33664928065616,0.5697622031151921,0.3597295761331661
98346,-7.053420750245062,-9.536118166745904,0.8059813958705045,1.4352022609192094,332.9196965973416,1.653031510389952,0.3597788383297181
98347,-5.352760674871996,-9.844531504603605,0.8351117421884753,0.9516754404219312,247.3876742860558,1.3639497972537846,0.3597841519443078
98348,-6.7146047145986305,-8.121782835594,2.366739673946203,0.8221093161829294,200.857080299279,0.9454578277161394,0.35982301580617077
98349,-6.267813977664112,-8.65611367871321,2.4342729572586395,1.5389444386273843,354.1104688131373,0.4405588814297241,0.35987587053098696
98350,-3.4844464319096247,-9.763806108184873,0.6065904014381885,2.470326862716161,451.9574175440781,1.537443277757192,0.3599070770975716
98351,-7.171064908658663,-9.429161591997754,0.8434965067681326,0.8580416392060678,468.1641895251524,0.5582025940519797,0.35992363651226106
98352,-7.8766412977804965,-8.4942026135046,1.3674735192196747,1.0364256025699987,256.82813673678766,0.31039557199237056,0.35998558678612974
98353,-3.238802593194392,-10.403510769099073,0.5603098149980836,1.259276599546055,278.3693969278183,0.41009585228341994,0.36001754108992334
98354,-3.3183592455762074,-10.362008121022674,0.3595352250110101,1.4560316240676268,467.82734155838904,0.7785203718953824,0.3600301195630849
98355,-4.00475183449503,-10.027803796834725,0.46105624299344006,0.571336395797694,182.31757192090322,0.5924877633651127,0.36009856790168965
98356,-7.819109553605598,-6.44215836693266,2.395668131240131,0.8074068997053457,213.0448183330653,0.8695865440051849,0.3603130318253829
98357,-4.583960994063549,-10.539128804611156,0.4989545573410797,0.9799020649795611,424.1498219302254,0.2578506995932539,0.360359495286406
98358,-6.0838482134253375,-8.9388639585825,1.1347282731083235,1.60045543967097,468.1032995071368,0.4772388674885635,0.36036096759388625
98359,-4.886303820714875,-10.471924462691106,0.5516682335002159,1.0742257002398299,282.11838687505934,1.5913438465235092,0.3605467027072396
98360,-7.156063377740414,-9.431063662731686,0.7315140941378959,1.2299773376817948,302.65781277669134,0.5402962517734187,0.36055099637255805
98361,-5.247191121071727,-9.459687832231566,1.181174651155771,1.002053206220986,260.80728407906224,0.8217873271653984,0.3605704428778459
98362,-7.9902321467980215,-6.148862264931936,2.4379219832501695,2.0732002253410187,405.66112034049996,1.0480174608436625,0.3605750096048015
98363,-5.748055536917588,-9.67434918403753,1.2109386236482151,0.9248886686852599,251.03946837522906,1.3200208032575746,0.3605927041756501
98364,-6.183922321500586,-8.726623673910453,2.3358312607932468,1.5311155092141835,356.8549162797736,0.2893594608201333,0.3606307790588719
98365,-5.2169562706296375,-9.615374151523826,0.8935775213416283,1.2770484760019707,318.92603327164085,0.46851632040397817,0.360662961726595
98366,-3.8575690542703622,-10.655479265663976,0.41066549291195936,1.8950416584454426,467.74174484524667,0.2872573558587854,0.3606742113965631
98367,-4.356643279996075,-9.917622431337172,0.7480279001684762,0.9957910068102314,467.7567062155346,0.5697370105691784,0.3606802091489054
98368,-4.006352479925061,-10.006112791866407,0.7183410787989566,2.866170184930088,489.9654316814025,2.0415592993193785,0.36070675902906874
98369,-5.792193209326115,-9.903272784179494,0.816864372453253,0.9937265567184842,228.27299672297062,0.5906212156310895,0.3607175942768028
98370,-5.960440400173066,-9.756662831765123,1.0359979271916797,0.7411369547262486,467.59155522135995,0.2967146248911652,0.36084436839434
98371,-8.447648897219128,-6.111466328814835,1.5543380715264155,1.6835090805984663,468.25594250572016,0.6538655623888561,0.36084944248948897
98372,-7.597429244998598,-8.26038257456386,0.8066876630316641,1.4211008153878146,323.17433940913253,0.8635846829846159,0.36096741853435316
98373,-7.262912283680901,-7.617835396429274,2.553773758266832,2.836395529306809,487.65611961053077,2.1370600597587526,0.360996125590826
98374,-3.2267114433925483,-10.35085944586256,0.49545846767788737,1.5670985801621182,367.2385340639108,0.25011046661593195,0.3611183246345912
98375,-5.849155122546216,-10.132191154227261,0.49077699855853046,0.8033124809809805,175.9665253145247,0.004486183653021669,0.3611534425746283
98376,-5.353287082360973,-9.411634222849417,1.0566669044382517,0.8805547175641537,468.11791694909965,0.6867351297646884,0.36125493929315433
98377,-7.805095593049181,-8.603996101435605,1.0486026600467335,1.0825015784591823,281.5736325928376,1.5199487231266113,0.36138106011562415
98378,-5.675055059333541,-9.393367085124003,0.6536953112081402,1.3292694166306442,286.0693427756162,0.34340753413043146,0.36141119920512793
98379,-8.063015653397564,-6.51156809752785,2.6047808174067484,2.679050201871993,465.84160617581244,0.9494640988593277,0.3614486391104395
98380,-7.674609078121936,-7.424936830957033,2.9313096845725224,0.954264950069151,466.4321246857295,0.12155350542406307,0.36150761823457733
98381,-4.972224978295201,-9.512253688611404,0.7994365580506124,1.2931850013759925,316.71655614678576,0.8025141574082042,0.3616136412901858
98382,-3.7250997190156667,-9.847440440642979,0.5565982201151898,1.9971580308980814,401.95540604567344,1.4512282968316468,0.3616284479866728
98383,-3.6457230545113974,-10.548504174407,0.3859170482977006,1.791627771247562,280.72279469916305,0.0017173070352516362,0.36172547274370165
98384,-4.528781447267399,-10.622334391071037,0.4251352121000016,1.2698377448339315,263.39388489580676,0.328247823748292,0.36176401031552174
98385,-7.129845304186926,-7.965819499514652,2.9302017460982266,1.0595839474543245,283.504305152195,1.2611502649355453,0.3619127081237254
98386,-7.366173839627911,-9.265380778928389,1.2451674639787653,1.0506227418363459,274.14298651550877,1.6338190689509071,0.3619418818824936
98387,-6.636129059119771,-9.3776748846381,1.6022808673605455,1.3693069533423434,310.82026849613146,0.8011427893730838,0.3619722846386427
98388,-6.9543855787240805,-8.816684593983773,2.3749165289237983,0.8310399991597247,146.26738131196095,0.06405923010007619,0.36210470156299346
98389,-3.486098566939619,-10.451853215241487,0.3433552874065871,2.5016775435262315,457.80082768131274,2.23801596623914,0.3622340071154643
98390,-3.8117528309816997,-10.655309513817071,0.44768680938444894,1.7130191309082292,467.7365321535716,0.5445296456837285,0.3622363373689969
98391,-5.815425524107567,-9.00392339689054,1.8809664813362545,1.0497576799272268,469.12572173807314,0.6342766699588118,0.36226626900178777
98392,-4.5696846020547515,-9.66556033044365,0.6308814737763709,1.7379821692553121,413.49771017594793,0.9386032627072396,0.3624102278019164
98393,-5.73088877354468,-9.030247436043913,1.2354049234944908,2.59777667524825,462.7403565357133,1.3373782891637154,0.3624331726948528
98394,-6.118280971508815,-8.796247266460153,2.2141159804474544,1.5863312128109663,355.90163121298326,1.56907696604181,0.3625048504240524
98395,-4.5898716894146805,-9.815189863228388,0.7694061052643797,0.9587401001883382,267.1644032077804,0.7006196111868475,0.362570956819372
98396,-7.660214202616213,-7.68689731680499,2.8619332057152653,0.9510625123800784,467.6535104790415,0.6841933396764839,0.3627021428155719
98397,-7.652610427579777,-7.755885274018027,2.8233296396849665,0.8677669171117975,173.51014756671773,0.19577391209243,0.36273099023890604
98398,-3.6902840105038646,-10.51119300412558,0.3815491531907141,0.5954884102737257,166.0587532825162,0.47109504275461855,0.3629126662343506
98399,-8.004486086199094,-7.606940633160722,2.415935915727101,1.8844432819292285,455.0214690986456,0.11669035840917807,0.3630074987145131
98400,-5.195916903694868,-9.40308177658757,1.3451951934092272,1.099325310433942,467.6965755500776,0.9422452399838335,0.36311000729268816
98401,-5.688619982543235,-8.855358469628527,1.5225083476001133,1.1955784154184348,416.44148076525056,0.023023298419116323,0.36336553871586846
98402,-6.810452189424031,-8.521034257350768,1.1286098570276826,0.9421844521514887,243.74783690887782,0.6917360895464615,0.36342166649799523
98403,-5.208256656306258,-10.242089840898124,0.41653908793345473,1.5430882163915025,468.07899856484875,0.33833152785250675,0.3634753993518405
98404,-7.807058338341529,-7.029050318402537,0.9414569205117573,1.2975088990925898,274.35467714359925,0.721089046794936,0.3634921106358147
98405,-6.707546455942815,-8.250050312029526,1.7469498568185813,1.1564261682577206,466.97036640902746,0.13886588012203394,0.36349244656805085
98406,-5.509906816852316,-9.447140677591793,0.6534577864152061,1.8079055854494,467.80633949644726,0.4353364776829336,0.36350907193853527
98407,-7.963861954798081,-8.251967693699278,1.0560205748857796,1.1095131265618716,465.60545786403736,0.6048214597656854,0.3635419524377124
98408,-7.59891361801927,-7.691142637317394,2.896349091099488,1.0513695431250174,303.5955591549628,0.6858498475904344,0.3636253667871058
98409,-4.016544360309576,-9.790432930065249,0.7505075149835121,0.8777654503262067,228.19696748558036,1.1932073534009096,0.36362868402502285
98410,-8.308125092053528,-6.081811068549192,0.9534502228066786,2.4871964948771548,455.5218335477719,1.972864231550301,0.3636528302877539
98411,-8.38514707385693,-5.0906341777040724,1.1692074287421705,0.9121389249862654,259.51959805497887,0.9244805984237603,0.3637722844337402
98412,-7.980023735628274,-5.596966549333148,2.0361359137451793,1.0963580680141616,467.9658450404764,0.8182482238788493,0.3639267065534075
98413,-6.249915729734417,-10.05195050931459,0.6604250186605898,1.787788584967309,438.46144222705806,0.6279220163349484,0.36396894450204975
98414,-7.4413342732126875,-7.364191457714398,2.0569794960795726,1.2075284376470516,307.7981011986763,0.37803283076551164,0.36400513911841875
98415,-5.2528853991352396,-9.759370061737677,0.5186545758585664,1.6458406745055092,383.2445137963546,0.19437419705991754,0.36401110609346177
98416,-7.967866134628359,-7.458671044915754,0.8065727882165784,1.5682550932599737,365.5102370697208,0.5412746838127402,0.36406267281110477
98417,-4.205866244894429,-9.961978071885483,0.726973989178629,0.8224234203094285,237.37615008911393,0.7283911781412824,0.3641337299285081
98418,-4.467577655480256,-9.772126687978147,0.5794982914449912,1.1835966143340764,301.06285170447103,0.36435598176106776,0.3641956555454738
98419,-8.432335711651577,-6.368368054165513,1.1918368470895762,1.8579815467264562,467.3882937364226,0.14138637605910542,0.3644313527656408
98420,-5.642308782376337,-8.874933898575314,1.624050483076983,1.8938869464534691,467.6487411956042,0.3853435854144607,0.3645070378521479
98421,-7.40110784196467,-7.418088066817997,2.381068154709942,1.6288213215316936,468.3392840398475,0.340598495072471,0.3646303212239415
98422,-4.3724796351912065,-9.87101425365596,0.5255280733436803,1.3079388020754001,285.18084540731314,0.26934906015028215,0.36464327316624184
98423,-3.805472699914323,-10.53362302105216,0.41379313554016933,1.0522047403269603,466.27843643821916,0.6968048776333307,0.36465712205436623
98424,-7.273573470300162,-8.917907303300424,1.919890326025412,1.3591240405155243,468.519449702766,0.6162546365529673,0.36486630108202267
98425,-6.592175963505924,-8.311044872905477,1.8076039469425058,1.1932287281093645,261.9193811106406,0.9249523974312632,0.3649648703422576
98426,-3.9433052511257287,-10.316710223147416,0.37230178366814265,0.537066189085994,158.63250997931826,0.4082538997545395,0.36497258030919283
98427,-4.121157951506116,-10.626554276251841,0.42217355693570763,1.8057555562105714,429.88194235319,0.3996231296601618,0.36501821186101824
98428,-7.7045313853422694,-6.8002779425157724,2.478336170990033,16.46891978448614,594.4503826285687,0.07298186703532661,0.365056529337882
98429,-6.536213694464767,-9.839267653256808,0.5755847081328768,0.9905928415692283,467.83383017449904,0.7866153771096149,0.36518005633772765
98430,-7.999994820835583,-5.281273476253168,1.9505800005878329,1.8568210779642225,444.7448851603774,0.3901031139033071,0.3651935136664344
98431,-8.450901627442095,-6.492060130380541,1.4592079270995422,1.6179808994689242,377.34932169671134,0.3587956494587772,0.36521404613999653
98432,-7.557621522670166,-7.418916005864874,2.8994399965312114,0.4521259000985952,132.33986084288105,0.2633444485875751,0.3652210870264402
98433,-6.376590996477807,-8.458438693657703,1.7464879190121558,1.3206182155106112,307.6920487286612,0.2698985681458881,0.3652415760173198
98434,-5.554432284718583,-9.058556204827285,1.7048944258979009,1.0904244977145792,284.00503374462863,1.5492825087525919,0.36524681926496805
98435,-5.162742230631002,-9.379731953655865,1.3698264130263438,0.8303056686139841,211.9671952396568,0.9761196275691084,0.36537631008851007
98436,-3.9375330322841906,-10.517667430410707,0.5000775231158329,1.1132407953689054,287.75405919133937,1.0414466474530562,0.3653850272800883
98437,-7.3280765767832605,-7.858586998152493,1.3865659172562,1.0829438554363129,281.62494309934453,1.4062458081179852,0.3654259238654482
98438,-5.448066071250345,-9.902524623472061,0.4630214512193003,8.963961404804271,524.4806060262439,0.029885915728809387,0.3654368772630868
98439,-5.543350827482003,-9.864242741808177,0.8075389516905312,1.110120977401987,467.9834318793578,0.8293135377112044,0.3654492052046581
98440,-5.819437420744687,-8.851885344358957,1.4733875293926428,1.7578060138167395,468.010713336932,0.37297843843756784,0.36549652190124665
98441,-8.451060241157297,-6.355027982244388,1.400345950935512,0.9414696906875694,195.8920091471914,0.015900600355567285,0.3655792599213913
98442,-5.513755408893212,-9.592274277776436,0.9723222764159927,1.4387784300917952,317.4302584979656,0.026231026263266344,0.3656260364363985
98443,-4.358837407868839,-10.325725341457101,0.5930691798240028,1.5944356259789272,370.71214763142035,0.05092866036669186,0.3656897891576311
98444,-7.9625842178048565,-7.129667607645215,2.764495143518801,1.6746553076620985,462.3258128181088,0.3838442169221725,0.36581795457311606
98445,-7.4339113068224885,-7.875506375758568,2.908000994989412,0.8977078580002485,225.4853308068709,1.277093521811575,0.3658379310120315
98446,-6.864741008698969,-8.970418732405147,2.1672845114133463,0.5117950304545086,128.6988739745988,1.0379238845286123,0.36590871577260625
98447,-4.269131596114736,-10.44751262187455,0.5192859650800807,1.0420986988251302,273.55506585479907,0.6841646064863456,0.36609954773183784
98448,-8.01001383666768,-5.518298569729366,1.208383484965271,0.8738633286437097,240.95364724720682,0.6818149645355076,0.3661473026756939
98449,-7.763802484889162,-6.546968257206774,2.186075140622229,0.9479533384111698,262.3876681042787,1.3641502698187091,0.3662194500946294
98450,-6.0333724556531365,-9.822091404049651,0.8673163792573091,1.4845649764147182,355.52335970644833,0.568249170405907,0.36632694132825827
98451,-7.207348138567136,-7.694389737283987,2.3969012379648076,1.1344672347658338,257.3163751775926,0.14736225514614798,0.366354054918678
98452,-7.941971656072834,-7.738627271823615,0.8357996577008331,1.9020263999842093,468.00396798725353,0.3037983377682716,0.36636591045206224
98453,-7.073987598351697,-7.969706814822481,1.7304042724862785,1.2070426834157308,295.4316928877563,0.4955532552791313,0.3663943836153248
98454,-4.522662547878818,-9.66377606748771,0.6771654074057061,1.1722990648499025,468.02865781670084,0.38083402847593373,0.36662165386700146
98455,-5.696459934512687,-10.276540404980146,0.5205332628111315,4.009170315428826,386.8182521814974,0.046848544282988236,0.36668926892042114
98456,-8.045481359115703,-6.076741747466384,2.381006245593136,1.373214376591234,318.8292677148836,0.41884520047764706,0.36686531801036143
98457,-6.673202003963098,-8.45251152957449,2.757087727712302,2.0799058873694882,412.7643359191676,1.5598804245280995,0.3669130067022702
98458,-4.352247428655261,-9.655705220590661,0.6529502275360521,1.0673563707852136,278.03922297604504,1.7918773873731642,0.3670637909599303
98459,-8.365364657985678,-6.256856376734864,1.0678646852333766,0.8606940840317621,185.8450722094779,0.06047636483503016,0.3671407832642759
98460,-7.944783054659978,-5.8429630465600955,1.4021953202094708,0.6709317171291552,136.07767881336963,0.07912630791000641,0.36718131159064205
98461,-6.325753330019995,-9.987704917236933,0.6881903914212938,1.604917082268315,406.0022993218667,0.5081363538448693,0.36726120483501
98462,-5.310734923481086,-9.745976425364802,0.530211447103983,1.5390795841490927,352.4952729224325,0.195309713779225,0.36728082071889534
98463,-5.359480278242129,-9.435572385985262,0.7431331122895287,0.9529463589371605,193.79631766075624,0.0542743391899263,0.36729375854462865
98464,-6.177052660856695,-9.872842831180753,0.5356301354765436,0.8453627480722143,414.8217816146195,0.2939047451181125,0.3673172416312678
98465,-3.480417346571917,-10.511036223398701,0.4618115531553412,1.8147876946516217,190.7673584064871,0.2591588083932459,0.367339989698307
98466,-4.713095877620485,-9.708387413848197,0.7664165955567044,1.824530480517761,469.84586775355257,0.22775778356661913,0.3673717325896922
98467,-4.2166337267542,-10.192159914343698,0.6439731370378944,0.7529947875035069,437.46809808318557,0.4895720329673372,0.3676196574905961
98468,-8.233455452509613,-5.808400692200874,2.107501252394087,3.197757465764927,515.8219749654401,1.6634245512879788,0.36771731002148694
98469,-5.580881768658514,-10.035920892306741,0.4559918539683977,2.286465608823364,436.51566231312387,2.1125185915355713,0.3677484320100129
98470,-7.747775214491153,-7.060997433943521,1.2325818089054545,0.6391480512943919,130.5345811937149,0.02120565267493202,0.3677551203165226
98471,-5.0255695793194635,-10.399848433310368,0.48160169862195906,0.9508569756905273,254.19069867519622,0.48193040625311756,0.3677732687640496
98472,-5.361911683812758,-9.451105395203513,1.1564438714739362,1.5103545821890052,345.7605906967551,0.16198362638745145,0.36784614975512475
98473,-6.50555599770321,-8.370081398517403,1.804902104240348,1.7908601339905375,468.6115805618938,0.8526460763314541,0.3679118487178027
98474,-5.840282881361834,-9.820274306338668,0.8537103029499727,1.1315082726200947,250.58697843322688,0.026641202829807753,0.3679847008271338
98475,-6.18616320591344,-8.544620518224784,2.1893088614282683,1.3090628248800402,320.3070363364741,0.9068605336992706,0.3679851022488142
98476,-4.80611552273132,-10.426648870859992,0.49253158805667296,1.1098093883796372,252.75820801487404,0.827447622462091,0.3680318097316005
98477,-7.930050740066811,-5.696569540487336,1.5792887666892816,0.9762657268553594,163.18222834132905,0.10587009035118644,0.36811473061046035
98478,-7.587236725129083,-8.711937790963276,1.7425883712976709,0.872045314256606,468.4017328679566,0.671142593846457,0.36816280976827753
98479,-5.2434519621556674,-10.135822486281382,0.44312261727087404,0.9867393383011467,467.5448008070364,0.26686628551110925,0.3681892701823676
98480,-6.3560970947921405,-9.85914594760952,0.7952485838030614,0.9333307434167107,469.349232979892,0.12038487822982624,0.3681990570275254
98481,-8.200048786573927,-7.124392333020651,0.8800633561319442,1.1960479685745742,149.4070669642432,0.3823238986446684,0.36820898229566007
98482,-4.417379243655436,-10.398106131140954,0.41742655519687427,0.8357191840244247,182.22803867589806,0.0799862168400498,0.3682932767244851
98483,-5.576866463542457,-9.116996318346885,1.6817372418266847,2.6728540627728217,463.42348328857753,0.8152523021895872,0.3683233292561458
98484,-3.4700654860198323,-9.957163431687638,0.5293804260921225,0.9970993601719317,267.11604081162676,1.5592526881264517,0.36837519171227007
98485,-5.690728493082679,-9.911841151098274,0.4740960975016355,4.731645938848605,611.2617857176858,0.8329754496285213,0.3684933661180008
98486,-6.895952377905177,-9.629572787749536,0.8703669337619507,1.452098239477797,323.67538694548375,0.6951631665249751,0.3685048292754738
98487,-7.684765064293603,-6.826092465730243,2.3840897574211906,1.5933812547880468,370.7680479589257,0.34051383407149327,0.36850801656634946
98488,-5.400040584756967,-9.106679616478836,1.3885128501792858,0.9165204955200051,248.97965291260513,0.7472324860909891,0.3685441401385663
98489,-8.287600414171992,-5.412641881007189,0.9251050173725981,1.3930687468348564,329.1727467593332,0.9534616195499774,0.3685529772946595
98490,-8.434377283670427,-5.687308087891733,1.2898201136378538,1.4293162015917382,325.21240005824245,0.11415353558757335,0.3685544806992725
98491,-5.696736018036575,-10.016601546869035,0.7280595577052457,1.1381556837098867,292.0309922521003,0.9419403065678305,0.36858623921392597
98492,-6.057922365954743,-9.576591093508071,0.5570829101628425,2.1195921206244566,418.3048112507225,1.9497858522440588,0.3685951421458438
98493,-5.49718851731226,-9.289161533523746,1.1470470806732478,0.8720811154081104,467.6075457877035,0.6337672856684557,0.3686094961933129
98494,-6.65435661664322,-8.205480131094784,2.5487133336702326,2.703718327063467,468.2026883962141,0.936900747050113,0.3687383494427488
98495,-7.116131020156608,-9.457533505262802,0.7923862942524177,1.6598192451487968,356.8960739699003,1.1567912148555362,0.3688295162185292
98496,-5.2639455617835225,-10.100253441910434,0.691379118336915,1.0192885470740058,265.3984412352062,1.4429412521468779,0.3689266354397653
98497,-4.651788455493393,-9.770036261558246,0.5940575643722172,0.6144575183840579,172.30696117310285,0.4068034578297697,0.3690739333302123
98498,-7.799935854674308,-8.611290596051894,1.3541538796299288,1.6353029789240707,467.91181176546024,0.6004525938904024,0.3691364754331043
98499,-7.849555171922099,-6.491215628343351,1.3520202614540395,1.2629177741740687,309.5931979882236,1.5924523302483804,0.3691581376266702
98500,-4.374542682851578,-9.891010075316387,0.717698515843131,3.2553501675483996,517.372015134323,1.0967696665566748,0.3691585000120381
98501,-5.493777539802709,-9.811639683439829,0.49769603927297695,2.4546760593543704,421.9845260520208,0.3927928861704961,0.3692283046665637
98502,-5.67790589956035,-9.24732170112664,1.5991970586816833,2.6280162647661456,469.3002933792491,2.1593385122669195,0.36923964426671585
98503,-4.314250222431365,-10.323152373692437,0.4228670293412231,1.736586237169085,154.54067095740268,0.3331554628954354,0.36931615900201437
98504,-3.3395971913478517,-10.067399149698309,0.6571811430622063,1.9046926603134973,468.9131165181966,0.6016685430136794,0.3693801961093787
98505,-3.7328563869577795,-10.544412320722426,0.42866763330779495,4.2311173031484195,578.4941743595812,0.6378531441869653,0.36940423304844117
98506,-5.0440059846326255,-10.241229824593479,0.6177206944762581,1.105684989735559,253.73753770820105,0.38649356963202575,0.3694631559766182
98507,-3.374143671893947,-10.362910164159993,0.5557836058641625,0.706781008183491,215.3433279752077,0.8983611877214921,0.3695644122380437
98508,-6.828307138696609,-8.096905264254316,2.6808407265796124,1.661425418001335,390.4941389219925,0.3939156266028405,0.3695769235486941
98509,-3.4317779164729565,-9.733382190799624,0.6567240666602726,1.6838822951808226,468.21552800191773,0.4751543712101478,0.36973910720018877
98510,-7.775059624426353,-7.7005307407945125,0.8540250029618812,0.7723421512530145,181.15719676557714,0.5984629768703948,0.36977766717831034
98511,-6.546384327716004,-8.31138145030484,1.9464825524589204,2.6890097937044413,469.7683271623728,1.1596219365312566,0.36981047816140983
98512,-8.29335381743886,-5.136370705138702,0.9890561127819902,0.556333263172309,158.50186523381512,0.8587382045488114,0.36992019662502834
98513,-4.108663320596887,-9.763972538007373,0.6840461920106831,1.142492580775094,468.35344867571195,0.5186436463330457,0.3699474805418126
98514,-7.9278070867906445,-7.419806275458111,2.68520434440845,0.7218746344609059,201.86310105914745,0.949983733222945,0.37006629341569464
98515,-6.068967176376737,-9.653741380745169,1.2678894294146197,1.3257270744070067,296.99140111083994,0.19248380854299807,0.3700845575625148
98516,-7.983983443118827,-7.077998799700961,0.8093310848649011,0.974076908582036,257.1912685197709,0.25613552078752466,0.3701204189976012
98517,-4.483268989897727,-10.18827061266366,0.4478519655956898,1.31117981946933,468.6585716393658,0.5587893765510321,0.37013887753027935
98518,-5.404822934325769,-9.456638912831206,0.7381477302554609,0.925721042496938,262.3679738800718,1.2440236241273555,0.3701729008268794
98519,-5.706757582984141,-8.90751798690917,1.8406155964724893,2.4937905033804046,457.25739037169086,2.269666294942101,0.37019041457797247
98520,-3.3411270274856975,-10.301911691087277,0.5311930144925301,0.9841406966846291,268.9104516717004,1.4584365172098055,0.3702364061750539
98521,-7.839015220741166,-7.35494834129782,2.823221180460269,1.6213265373162533,375.7415736641887,0.5394162981400052,0.37030866857840106
98522,-7.676551668526085,-6.882811365554372,2.4559118651597105,1.6056534408370118,468.089917001796,0.09881589645076971,0.3703367698129398
98523,-3.6577711096971512,-10.160721396855095,0.45659831394030986,1.7404785726790084,412.08058260091144,0.888318203091436,0.3704160177981303
98524,-8.032086707605583,-6.104656404177864,2.3762294997598157,1.1277233805254567,241.57005681872462,0.9044435914800921,0.370469646359503
98525,-4.967938355598721,-10.183341156059047,0.4468857666098872,1.2147738607483975,308.5717710814976,0.33402132980423804,0.3705954277558967
98526,-7.179086661368551,-9.083989829929049,1.7378934180160028,0.806034812150379,210.97828095490664,0.34087876386514804,0.3706230411679625
98527,-7.945803016823849,-7.8805636926346665,2.198165912727015,1.206881606791817,305.6707547674455,0.6708942071579305,0.3706521237351854
98528,-7.499772438098241,-7.4690010861393015,1.5680438264468188,0.9370710398475901,245.06160601650882,1.237613224118773,0.37065951416454757
98529,-7.050399402100391,-9.578013744353354,1.122584620239491,0.844824220605752,198.4602282339668,0.35989346617117324,0.3706634140681744
98530,-6.776187964329541,-8.154168345779961,1.9406279167627076,0.9353574607190701,255.32349662808832,0.9950565042861479,0.370765751884978
98531,-7.957525129959707,-6.216097686677166,2.3990935960810105,1.956054123964408,382.97297305185407,0.7158895831500667,0.3708446883905585
98532,-8.197801372090364,-7.118541719075595,0.8897665987205018,0.8746822915728659,467.9103855088586,0.15583835964825532,0.3708654645305941
98533,-4.195741508795358,-10.427860411718735,0.4898128931225699,1.1546720695728379,287.6127042254814,1.3142685959623774,0.37091258100321983
98534,-8.042845540579567,-6.191521138292764,2.419257446784304,1.8075999054118361,431.67779978803776,0.29890839104543776,0.3709933810809501
98535,-8.018631414661177,-8.014083067944174,1.0093691647188645,2.9808698598354844,498.72040558453017,1.7693903509471491,0.37100293219657593
98536,-7.408871656732016,-8.968032618219443,0.7341731713905624,1.10428940829604,467.12021556826215,0.4029204014161927,0.3710467622659442
98537,-5.5848032034493595,-10.019530401409588,0.4638616329676857,2.9590830768578953,487.1707481098039,0.35667117789672975,0.3710766011972281
98538,-6.398173905733602,-8.524391215145732,1.5597314474485278,1.8418857116407457,468.20661345213426,0.8126837045543436,0.3711151639487844
98539,-3.59157072206587,-9.757747151508713,0.6630308980966886,2.0901820381095355,413.318790258684,0.5668323043165229,0.371136800252286
98540,-8.0134934372245,-5.571965614734061,2.0728014927341563,0.754228754348336,178.22337067430604,0.9064682225390275,0.3712759157335214
98541,-7.400020772722036,-8.644973690706127,2.1722165001101224,1.4630353489748122,351.3870898345408,0.5649828736649782,0.37130501793303583
98542,-6.474034108103076,-8.902494624987217,2.2599963490399317,1.2236725281928609,285.7904245490041,0.12938871600794677,0.37138571769832646
98543,-6.086377255026009,-8.650231181303457,2.135124196668637,1.322530290090936,290.586062230773,0.5938098257958417,0.3713866355995363
98544,-6.544266235727891,-8.984848392031786,2.1546682241610515,0.9787893662712258,239.74888417740613,1.165755521068525,0.37143765866613737
98545,-4.92095994154234,-9.597763677582492,0.7139268415163085,0.8228525005166932,227.3942896476098,1.0274769232766845,0.371445405043239
98546,-8.425361916285008,-6.894914124730282,1.3506463683791394,1.635410404031906,381.8502068790368,0.17553812739965213,0.3715467957821
98547,-5.634678438739934,-9.786252375930875,0.5089453718130816,1.5051731445525807,452.98559115297894,0.6735462702573694,0.3715624803295866
98548,-4.254030649239466,-9.693513487411668,0.6574228386292598,1.6331247676776754,378.84921015123547,0.02554431752712194,0.3717529034300404
98549,-5.9176296164359785,-8.946333968881515,1.9476612245513036,1.1009717468383138,152.07088523932592,0.2401426013265615,0.3719089471020583
98550,-8.023935107620009,-5.496546017695885,1.0605978331015062,1.8817133714763556,453.2123312495657,0.29947163425622403,0.37192644916893514
98551,-7.563324402922863,-7.476449284994178,1.3526912824944326,15.946555704127007,642.6080266561198,0.015029351836157723,0.3719913597588673
98552,-8.029968861669502,-6.364566351515039,2.5062662214948594,1.7514007992663805,467.61396630008954,0.31900707645827,0.37200743207801534
98553,-8.145149285100853,-5.670643663077644,0.786425635633564,0.998923608649177,267.73320509569515,0.7100795014625421,0.37202936653476304
98554,-7.786437114110049,-7.035061816673569,2.8326850612596903,3.6100602357759657,544.2066459719932,1.1839755349933272,0.37206914837599303
98555,-5.724328598264511,-8.928991633876148,1.8432002058624966,1.6692040270491713,386.83323775390016,0.03689560168328754,0.3720832492861411
98556,-3.6786467722947505,-10.08267173253306,0.6415028423262075,1.1441795617623574,467.98578128719,0.3614148910143653,0.3722224422582449
98557,-7.294276755006511,-8.264377789301056,2.7412936871640543,1.0679812344147643,467.01103488467703,0.6117767376143304,0.37228370023147733
98558,-8.43497414733794,-6.425385576293037,1.5669105332585924,1.0769457960256181,467.0495884261317,0.7536320817985658,0.37233262460394434
98559,-3.477305544043695,-10.230436987065108,0.4474963217699463,0.9401246789162478,223.60030156332422,0.602744803286793,0.37234766783402484
98560,-5.750995743851197,-10.076740318802834,0.5024534466532965,0.8581838550807787,174.16880655565922,0.2538644162020498,0.372370139893231
98561,-5.845147633869741,-9.947689105881512,0.7528648158243745,0.9072139492726798,469.37883965518495,0.17868710901148166,0.37238205818098874
98562,-4.046573050777532,-10.225805974471314,0.6021082696060691,1.6964129842702917,359.78925670189864,0.9502410742993854,0.3724025687130244
98563,-4.780038062463249,-10.198860943580424,0.6230603902372228,1.8758492141827476,469.7702364795898,0.1640992689863543,0.37246703986008267
98564,-7.4674755765248335,-7.4631390563167725,2.7848915477189813,0.8756524396486001,134.75835810606395,0.2706517969689122,0.3724856427842533
98565,-3.4868742980580567,-10.0021286672558,0.5494449844890671,1.8012834480556876,467.54599196517785,0.924725220605489,0.37251583621423034
98566,-8.03020163259209,-6.384444851456759,2.5122725719535395,1.0379525326369774,281.37036597779206,0.6451737831433135,0.3726402031009466
98567,-4.35525914705019,-10.1148660300539,0.47638501231860003,0.8634307149215698,249.72636249464773,0.5263239801166941,0.3726421980038423
98568,-7.13049131636358,-7.794275097272345,2.4875815961769683,2.0493665559557126,407.0878159465019,1.425950809840411,0.3726702046728188
98569,-8.159931852975468,-7.671952647898392,1.8655951197347427,0.9694931788289138,470.26421631753135,0.029407632361381886,0.372738482860843
98570,-6.488103359843165,-9.255258134447477,1.741829000367151,0.5932097198404243,181.37608987807766,1.3739901480727168,0.37286384687051377
98571,-4.61928959882827,-10.264555176988633,0.4569761288071557,1.179651722972591,468.4237805484761,0.9035047444983979,0.3728678006828184
98572,-6.827515144988587,-8.20779849416984,2.8023035687652227,1.5888332377851662,365.49868693351794,0.0430981841336342,0.37289067659162217
98573,-6.766016491899668,-8.139306570154325,2.631492267714954,0.9177756604133911,469.33143506982935,0.059898207027557326,0.37290100449812036
98574,-5.865107381167362,-9.21758971738838,0.906734569134109,1.6929725609729638,396.37474494758357,0.5054990933664723,0.3729325025161905
98575,-5.688431334773119,-9.10313073437608,1.2170695045927589,1.138163080349544,280.79064458545605,1.2660730813612249,0.3730116748926268
98576,-5.346694019213311,-9.179412673281044,1.40120019173655,1.6787057370371028,391.9024199263406,0.12587034517112716,0.3730836999588155
98577,-7.660741707482772,-7.809525282228021,2.741984694769169,0.9810995939663907,258.6324828410423,0.7808309318097484,0.37346711576896374
98578,-7.8102076458294905,-6.3750430341121405,2.0417341624610215,1.7255536414116406,407.80995042292255,0.3007119705696928,0.37362762093347046
98579,-8.42631088729493,-6.68592055194237,1.264622922720001,1.5668300192518918,357.73910773805164,0.062253128131849245,0.37363655375397425
98580,-7.6658958099302055,-7.583080657540511,2.855993428147964,1.802139666910781,381.81925679971806,1.9736622125471062,0.37376802358546696
98581,-4.965278355602765,-9.983812894315298,0.7122999481147139,0.9002261048806062,232.8607271105953,1.0633218834782676,0.3737889014474228
98582,-6.485340021011082,-9.125676468815815,1.917684637094427,0.6301891217094885,155.73010772083614,1.1876765096472637,0.37385579984814693
98583,-4.995916881415995,-9.619699197432038,0.7474714766690325,1.6169340014523454,363.8765480298122,0.9495610810139139,0.3739344681897294
98584,-7.764637338830953,-6.943892526784181,2.754269620382953,3.2610689877389447,518.4586867192806,1.2103796709473906,0.37397108353746056
98585,-8.380023236977813,-6.287582771360705,1.7965462322390553,3.071969748541242,505.5273144232748,1.582809238616111,0.37399367934158173
98586,-6.23200208463861,-9.01143011469378,2.0152587722989055,2.0478187141379647,388.9143041926983,0.5760358712565559,0.37403968339914967
98587,-8.013975100080298,-5.051381842535662,1.5466989670334865,2.1968491285089677,418.81982536542824,1.0168880617172062,0.374065343181017
98588,-6.607193116424101,-8.515765026760729,2.6646095374985808,0.9311029875596661,186.00841368175915,0.9167706132746476,0.3741198003976096
98589,-3.468922355262402,-10.244287076351121,0.46157934959402913,1.8984471678263422,370.5016066935366,0.5992137303018792,0.37416656489072436
98590,-5.6576890336576415,-9.578446609410925,1.0428822439778278,1.5851684684616596,367.7379553500027,0.3255651628842289,0.37454140983880263
98591,-7.197808009608357,-7.973334511694421,1.4951262641401357,2.195448046091394,422.5698717073226,1.3661949210355866,0.374572873978279
98592,-3.652203507663648,-9.920668790513085,0.6722121738541715,1.5707713495276145,265.46717391277593,0.00038557749437462263,0.3746411558273849
98593,-5.450063328875542,-9.31174603142327,1.4482391334343965,1.0776909895911424,283.86327251831955,0.4618821452156565,0.3746977101411447
98594,-7.054371815640894,-8.950381658263215,0.7040087610982947,1.8076187997250237,441.23140466458284,0.1181056067056403,0.3747408674763614
98595,-7.499840170917996,-7.339460446637224,2.637276144803603,1.1398610263887865,312.3757023890032,0.62603179044826,0.3747481361596454
98596,-6.967838842721141,-7.983388794532129,2.0818460414338196,1.194986206255946,467.8504210976241,0.2828603063723163,0.374759656083113
98597,-5.492262622662727,-9.628758577518987,0.5911055768041695,1.5699311770386954,347.46435765065206,1.342412014952413,0.3747920021634129
98598,-3.3615101530605953,-9.866594644013686,0.653251811655807,0.725427593010174,315.49325226704985,0.27115051015814284,0.374918326321294
98599,-8.028947554405415,-5.654766305107889,1.1688960848151286,1.0548001946973409,283.40874958371256,1.7569884122885577,0.37514695412105925
98600,-7.779582802719571,-7.939860034050407,2.45106369648169,1.7324261841802915,414.4531180967015,0.5535681884446637,0.3752700379612232
98601,-8.274171394599508,-7.320602866403435,1.8773448406731903,1.860624946151765,467.3749605777377,0.12844294948748924,0.37527292810468327
98602,-8.263662860720329,-5.395457622458451,1.9316843457546689,1.0736795017285876,214.893796570254,0.8425295624486848,0.37527814987398617
98603,-5.426069001878281,-9.634622047635721,0.8541538204843472,1.1260917786320892,329.5945187572077,0.5644628178211413,0.37535956913950597
98604,-7.895263671296755,-7.722849720851766,2.4759201897515797,3.173486621041821,508.7562371543011,0.3869617815259456,0.37539131929689884
98605,-8.419310219552083,-6.912794669556575,1.3913521370472415,1.8366724409928536,467.5192825155478,0.47729711390918794,0.3755021163962401
98606,-7.716486184477439,-8.78496972000496,1.1650114410756751,1.157495192650924,295.8633535992952,0.48781313138913074,0.37552941688440467
98607,-8.203904433373186,-6.002712205388721,2.172772754280242,1.0508911491628263,158.4782530696338,0.2810036221759029,0.37563376705651214
98608,-7.963166981934977,-5.697028906635478,1.4671462495415146,0.8367908867181801,206.32950260568649,0.39003230149184276,0.37566388227560843
98609,-7.943140012231277,-7.492377764195256,2.593192097754754,1.1864989364785967,291.8772019422403,1.2910337450223288,0.37567905398905493
98610,-8.219386646954575,-7.094242882132833,2.233167941134096,1.4241488907668762,470.29001043215055,0.22889851473349143,0.3757345578381613
98611,-7.7307678362309336,-8.288175870707354,2.0948369797012183,1.7464667404516607,467.81242962127027,0.6103633893800664,0.3757795560058759
98612,-8.05723512486023,-6.872095102784095,2.6337714265391976,0.8406864166567313,253.30869993385085,0.07209016237234867,0.37582173777668476
98613,-5.8593323971283215,-8.7648124720141,1.758696451898613,2.5048163497376845,457.98172067903585,2.1714031080534193,0.37587906904403745
98614,-7.443555253408611,-9.042197379973999,1.4634388240827496,0.5092653236759834,133.59450649257542,0.6039592355942238,0.37593931733877917
98615,-7.40872983582753,-9.243673824244409,1.046826554393402,20.50665431463736,841.2058174911091,0.20848487180008135,0.37595107730923577
98616,-5.993536225498362,-9.655512106004783,0.5543412946817468,0.8232063984773512,211.60218965342335,0.8690454683962274,0.3759803370838596
98617,-5.466228146530365,-9.450390150462493,0.8534783865079378,1.032026835507598,276.1419874849373,1.4345294892715081,0.37598950695523603
98618,-5.557870206182597,-8.990434518077123,1.571621769901427,0.9668532438339397,468.45535380281024,0.7970383373849854,0.3760417966671115
98619,-7.502298622004947,-8.0877084861058,2.6917823630876403,1.2056923318603643,291.2524621583275,0.16573686682512623,0.37604297948107707
98620,-4.299473968754597,-10.275507870869918,0.5703945874458628,0.8529875856150362,467.5946724309589,0.42501114947023044,0.37610986232576427
98621,-5.839820743069527,-9.661885368787143,0.999352546843902,1.1112229382736827,233.56153221922952,0.6501898014227692,0.3761117370985235
98622,-5.924686370512038,-8.85176296940526,1.974311896078398,1.3206703450361659,318.48189046783205,1.3774881918482675,0.3761629123210766
98623,-8.093381066880292,-6.40473060129928,0.793662909104811,1.1342982471980494,467.1607467355801,0.5533555865857744,0.37619235271463985
98624,-8.147172302807544,-7.327996804877693,2.2855966777770313,0.9417742795220452,249.02812674234835,1.5881720318092407,0.376377537553362
98625,-4.166912019986597,-10.029030539740482,0.5531627129411424,1.7459079461505382,467.53999560046054,0.33259050642330923,0.37642223814177084
98626,-6.5688816281641245,-9.08007794441122,1.9887615682775264,2.1841745571943534,422.5862410688257,1.4072481331383813,0.37653650044350734
98627,-6.160253766283538,-9.721051887655717,0.5515699782436795,1.138886802644667,467.9537534840989,0.5863773682262385,0.3765707842879922
98628,-5.624678986798072,-9.41356231285245,0.6864451048324077,0.8969182065546768,468.36988009629624,0.5249784168071452,0.3765732170662459
98629,-7.992280276611353,-5.335192496069712,1.6753013194878354,0.6242424212491712,128.9470700371067,0.8840641435956309,0.37664249814068695
98630,-5.257471186812234,-9.333692611877378,1.3637680300841535,0.7745696321898552,466.55568270556694,0.5199489954984449,0.37666771682964323
98631,-5.471271678393912,-9.024143926436903,1.4975026522278434,0.5574931068665953,111.10328552699588,0.13714858281212994,0.37667710840095253
98632,-4.8965654112480115,-10.243543247442656,0.4887911317803271,1.4031538020035086,467.8699591508373,0.12344758688536306,0.37670161043120926
98633,-7.498781071428852,-7.633354567408495,1.3466242631498462,0.7157818343209894,212.12796585605147,0.9977100117381008,0.376772331759274
98634,-3.6091185857040395,-9.86827562226979,0.6653199976427482,1.3788510576523503,308.2723656625405,0.10203289706694196,0.376847901577385
98635,-8.414490533799297,-5.450782278776635,1.4644478086058843,1.430024715538551,326.56629947973454,0.3126307110463946,0.37699411995456705
98636,-6.646960642428012,-8.241156480689007,2.5514315547507613,1.650010600258586,383.6065847687173,0.06927087256962139,0.37699600050723614
98637,-5.535280561725529,-9.85166480767165,0.7756325467825556,1.7723783511170876,420.90247133926755,0.22149171788030486,0.3770477498095395
98638,-6.072363643891073,-8.99382472197514,1.145490092114771,0.9989445989627678,268.67918413001746,0.5564243593842582,0.3771217329921553
98639,-5.535981481924406,-10.203287582770887,0.5615040544406982,0.7669721861452582,187.5539474142094,0.6097986613850574,0.3771463990958068
98640,-7.446024251413749,-7.646091059973937,2.8558943396523335,1.8282109590254465,468.08456327909937,0.2810831745984972,0.377220688065564
98641,-4.8399851883254605,-10.242874142093102,0.5146969347575022,1.1579323102776156,296.7716517113586,0.5939769332410174,0.3773083093696429
98642,-5.4722663004095375,-9.841472581666276,0.7764980294748227,0.8995037134166828,248.09884780458623,0.2063976297063066,0.3773669366858778
98643,-7.760347639794772,-8.559891206993234,0.9891815066721944,0.6836639416382709,184.7687836388212,0.12344793518844277,0.3773700901666837
98644,-7.050553835377952,-8.049549370528322,1.6297585694687335,2.6709256028528348,342.3478391458851,0.01604402204778399,0.377387200542113
98645,-7.643182843157174,-7.559406018147359,1.0620366323740227,0.9305642144509905,468.0538480439593,0.7042414521136662,0.37746195060646576
98646,-7.605124615176038,-8.23235355543397,0.8250891547120394,0.7813323946972315,156.07369047655243,0.5422767243198354,0.3775271516297781
98647,-4.93816592318317,-9.677993909199484,0.6747481362496175,0.6890826802222612,465.2112292953989,0.43367657089872313,0.3775332266827974
98648,-8.020715419066114,-5.437276359568222,1.961814423806899,2.0286524562948602,393.5539303334796,0.7634425698973013,0.37760059018209874
98649,-8.164895084400623,-5.541648048222639,2.07025750653056,9.395241472906049,522.5017072872987,0.04232310596852695,0.37762147562825643
98650,-6.03437038618487,-9.750084612014975,0.8807098200863616,0.9094820541956949,247.47611237226607,1.3312331735351366,0.3777183700918749
98651,-7.717449798940693,-8.195247139566918,2.2423055636722005,2.1627902175268887,423.51389773253277,2.180651681220662,0.37773610763768123
98652,-6.106645518795362,-9.874478107590514,0.7709925259237637,1.0272331918661233,268.87915647255693,1.4246923180506874,0.377744906162771
98653,-7.314095903637735,-7.598150097268266,2.4545978963716992,2.1497491065808614,396.49559447204155,0.47674400578681375,0.3777490976453763
98654,-4.355075374034254,-10.061894570321119,0.6398380797512577,1.8406597468932067,442.0426520628742,0.922808512154961,0.37780404287196834
98655,-7.854462057021369,-7.861026281595421,2.3958867066368796,0.7875013953077843,320.85240190247856,0.4736400723610492,0.37798089878690533
98656,-5.556245316730436,-9.352403005928277,1.1418725571174062,1.064084416596712,253.8950922555154,0.4147930321638027,0.37800754200219544
98657,-7.114859167667733,-9.427601252567742,0.8416925053764571,1.798817224299284,429.7254572311111,0.8075553168639527,0.3780158690942152
98658,-7.7755481136136835,-6.787312668423985,1.4327603822936184,1.296368576885507,275.85323769865005,0.6312873800316705,0.37805300677810755
98659,-3.9203656021454094,-10.18534498749898,0.5137822920826515,0.7656475949477269,198.18079697426882,0.34806257945332764,0.3781554875466892
98660,-3.6413742594434737,-10.250362392606354,0.575139712167659,1.3970974102066145,317.5693759349775,0.8200689113364383,0.3781987921212107
98661,-3.992302599560454,-9.880206143512787,0.6644096458587149,1.5028417604853817,420.6216704774942,0.3993020044598721,0.37826909566301575
98662,-5.33826698342737,-9.855100150642713,0.5251856808427843,1.9053818274668934,469.1511818777278,0.6334656358359911,0.3783859047555621
98663,-7.578750158814755,-7.6949755476626,1.1066501975738074,1.4532698457820539,337.2254356071684,1.8926301216695505,0.37843459529915824
98664,-6.63769840470991,-9.695541758869178,0.8778657067150661,1.1133662958844963,224.18473612982265,0.004009592785939375,0.37851981295238113
98665,-6.18002503545746,-9.208891637517691,1.7510996772616412,0.6862712951065528,145.58195110091162,0.32711584805979754,0.3789825638247653
98666,-8.269743814881352,-5.950962846351037,2.028111470857002,1.0928413439295102,260.3960112959383,0.3715427756765939,0.37907908997337264
98667,-7.441438212483294,-8.738137899439153,1.9349253345116753,1.8801820083727092,209.79129993315013,0.1784354542532931,0.3791355105240627
98668,-4.40437442433756,-10.148992265941637,0.4942271832173007,0.8825826333350354,469.4529951213641,0.08267758173278583,0.37915344199026496
98669,-5.619083637351714,-9.796775617252099,0.529243336468213,0.9384548620156695,189.9165942899483,0.9400196146122273,0.37920366533401945
98670,-3.800148987040507,-10.055549117253014,0.6052426215340192,1.3666370279790823,295.1821405589209,0.2422342750879194,0.3792830508168836
98671,-7.613552842618022,-8.04174847123244,0.8647857706879314,1.2459311804641304,282.6293533363053,0.16005890993138294,0.3794498977988846
98672,-5.17155001449616,-9.998045846509823,0.49354714160982804,1.812582257748479,383.4103470628979,0.8088379362300584,0.3795013174741384
98673,-6.837781651205717,-9.438641381418117,1.4324262019571357,1.0249013463088918,467.25219200941933,0.47276674499139393,0.37951270909406326
98674,-7.120209973366949,-7.97432776469538,2.8443597109890253,1.839293209330358,470.12436387721135,0.15369802596198046,0.3795259763251033
98675,-8.398306309298567,-7.01122076709952,1.2816834674718407,1.0093302384316807,463.4140560160987,0.5872139551736089,0.37960161137041354
98676,-7.649943121338502,-7.0283184540797885,1.7351063875256816,1.2419380816368302,260.93837779883023,0.10288771607845959,0.37964049479045703
98677,-8.313964663825846,-6.570346152954489,2.007566333852077,0.7204968082897478,207.5463434220593,1.0654320235350951,0.3797227533138924
98678,-3.618894719549904,-10.120250677862856,0.5888190611132992,0.9375439455691231,249.36152984236293,1.3365038175371389,0.3797439327539159
98679,-7.525528507490986,-7.230005313849415,2.2562579578130206,1.074862263923717,285.7128624806736,1.4032888906076542,0.37976547164152064
98680,-7.164097116949311,-8.267328662241237,1.1206248469478022,2.3511836964658404,355.43928469740064,0.07923047232036584,0.37982939677735794
98681,-8.05214845415662,-7.700296051676776,2.1356589872579543,0.7478187945463884,168.84093931981081,0.9489146471334822,0.37992724636704195
98682,-5.493039201073206,-10.131762694192782,0.525671935820766,1.3444984624337364,329.29567178290125,0.5451219185309766,0.37997155214891026
98683,-8.313174524053503,-5.867062394396008,1.0567788129939741,1.0790318590730714,234.76768876858162,0.03521053698641374,0.3800181539119467
98684,-5.021027271684502,-10.247742391862065,0.5495010441211837,1.5345085935055234,467.92447833447403,0.1952876967693058,0.38005557513066346
98685,-5.536319262560018,-9.435858408072,1.1514859298912634,1.2711766859846476,387.62636899257143,0.10359863465555108,0.38006264681031376
98686,-7.055891812132787,-8.849440034458645,2.207997784759121,0.6355378863166112,144.40357826014375,0.7300307576278318,0.3803728497935093
98687,-5.683772319196144,-9.343790755307268,0.8439991510536858,1.2916516727341394,316.38328269330333,0.5136556143665816,0.38044753186651215
98688,-5.563679702910161,-10.144495663022623,0.6085789387003289,1.826750285397262,449.41721310531705,0.8624298636553105,0.38046158410374636
98689,-7.661053148719374,-8.487648051048357,1.9177510622602567,0.9733727293926794,467.21715222137,0.12209702051032867,0.38051406673313326
98690,-7.477162728405474,-8.361208952124827,2.420117387210907,2.648198972004552,469.17085973989595,1.6183525080944552,0.38053838551284735
98691,-5.492485283429126,-9.484721836207731,1.2294743277726614,1.6229782612015855,379.5160391534143,0.40082118959859603,0.38063335552222716
98692,-5.230221160905716,-10.094812194260262,0.6401132138615995,1.5558650855751148,361.9961287260774,0.533078752677171,0.3806580278964626
98693,-8.423910022180973,-6.328540020025348,1.2398537107495986,1.7117777746545615,452.2059814280668,0.47290215366422483,0.3806981274989507
98694,-7.931731757317069,-8.279205683466916,1.5581201601784098,0.5783603571761939,180.27079698740434,1.2635384273924268,0.3809370360297239
98695,-6.078426783238809,-9.237127513572542,0.7465644574036673,0.8048868892955059,165.68607126546033,0.9491169911578643,0.38095964575626
98696,-5.325321963874643,-9.591121354297359,0.8043431302467181,1.9027659975148652,468.7251435315738,0.3604648200889162,0.38099877658369247
98697,-5.169033400250475,-9.653272706316637,0.6228119582067727,9.328014175172186,590.7933360533563,0.03411181095852722,0.3814286463952756
98698,-4.007460147006152,-10.11489092611755,0.566884852882059,1.4141950898765612,313.8488255037831,0.18267849848670803,0.3814620767228915
98699,-7.625709041822967,-7.7068128026237686,0.9816037368071242,1.3197033017813338,284.7103623828819,0.04429289567018113,0.3814686960400335
98700,-6.103193646044838,-9.32466196602272,1.5969693025603509,1.4870266359995,339.94990383630943,0.5823610737370837,0.38151073304106603
98701,-8.095157574047223,-6.891775797742432,2.551891608835274,1.2104617104111073,468.4634364456267,0.654763164070439,0.38153122415015406
98702,-5.866160906761536,-9.394971726520136,0.6667472721428233,1.8691695487669342,469.28439856822786,0.0207344846930253,0.3815545803545264
98703,-7.7516329122626235,-6.766451477026356,1.5697957893139456,1.2372273704619263,312.7040046794483,0.4955963659968754,0.3818866499712032
98704,-5.998980921033294,-10.047047196931857,0.6298098938793913,1.1058497539164007,285.43812749886695,1.5824161196226054,0.38189987592679286
98705,-7.748164981106437,-7.22626331436683,2.8370673206939414,0.7246225803522918,159.77359109475404,0.3389229065271957,0.3819770906226291
98706,-7.536613000008786,-8.205583190151756,2.5141709488719797,0.8786361947440522,468.6031115858399,0.8537715796031646,0.3820084417812823
98707,-7.999153774973032,-6.084268692980697,0.87759854073932,1.828046579528822,469.63761417037654,0.002913336416006551,0.38225346281952893
98708,-6.360293017112734,-8.885438543698367,1.0753037151746458,6.754813150907295,565.8009561990716,0.07509710419001969,0.382253589189377
98709,-5.317301287200637,-9.23219819270112,1.408837947450691,1.8952379350310684,465.4253626515703,0.1821895050294895,0.3823171369976006
98710,-6.503222709215188,-8.332345558859977,2.225286186639481,10.08517168472821,556.7607182038053,0.042731983419987074,0.3824519990309647
98711,-6.192684805265317,-9.95533907094255,0.5625632609578058,1.4724820596259074,331.7959742113586,0.08589928160080174,0.382493139707797
98712,-7.815233960902047,-7.617358414466609,2.67045270563572,1.1175959412770182,278.00056674030327,1.2300846200654485,0.38256641202946357
98713,-5.0552883306904945,-9.852333367483745,0.7215760511839029,1.8890277429390903,454.85246548897913,0.3642748169661525,0.382598966977726
98714,-7.845985855158392,-6.395678998162558,2.2045419695929778,0.8798042179591277,175.2969613024624,0.2904002000002226,0.3826624774253546
98715,-7.844628936675235,-8.522737107976754,1.1925955508577324,1.2781421201817136,317.08998012843347,1.2593870470502777,0.3827498188270564
98716,-6.784089462555524,-8.123056185346341,2.3606153035379944,1.6349817072322892,379.2359751675662,0.5920077519961584,0.38319127378152207
98717,-8.287416856329514,-6.230343966448974,0.997205777703035,1.3774685366740433,324.29116702296153,0.4478249975867028,0.3832212504957419
98718,-7.800482966594489,-7.084805625331088,1.0558957278092136,1.7186940017425514,421.7513272036471,0.3383920610404658,0.38333778847917716
98719,-8.421439883883746,-6.379262304313244,1.258430123032323,1.7511535632398256,415.77502434210555,0.8596256055437337,0.38345618145562466
98720,-7.480314132803947,-7.371179497589848,2.542044883433226,1.7206233730239848,408.0922099887906,0.38667071677857656,0.3835392537098394
98721,-5.929473057390798,-9.346494008820654,0.6992821334409555,1.8679741135816044,384.7064689400273,1.2216217019707107,0.38360949361479896
98722,-7.9871949526971,-7.977006009471325,0.9856433341868948,1.2012821112954037,303.81212277335374,0.5953037617490713,0.38361197822521115
98723,-5.835654443718803,-9.553731263253592,1.3011651358153906,1.8193829027428134,468.71847325294846,0.6459502508113939,0.38376735742031565
98724,-6.593059613034163,-8.736474148881987,1.087802610943922,1.1388252985305165,251.05264432520306,0.4880322614106314,0.3838106465192027
98725,-6.9120155993746435,-9.555044900520631,1.2335877387617793,1.7203884970060672,406.2742789076731,0.4666957631111579,0.38394077775311053
98726,-7.216827705108434,-9.181372037416176,0.693030076707875,0.87183456985909,468.57340617825,0.8593074593244863,0.38399234571559265
98727,-6.1604849749487816,-9.203438749001261,0.7477005283433639,1.150080654240348,467.08691270019654,0.1274798111719626,0.38402774818551566
98728,-7.499213587506023,-8.617121864200946,0.7762844105350037,2.753764163598783,477.4342162824547,1.3914724881162117,0.3840519117010911
98729,-5.777267763439135,-9.410906586021241,0.6991788022139594,1.0690643053175837,284.59179852349695,1.223856825903959,0.38411882605775177
98730,-6.53110007014288,-8.321089599396991,2.108368017204331,1.740806071165505,374.07132581778615,1.3992895587598966,0.3841655736699191
98731,-4.346068696749618,-9.917518267943379,0.6440999335028836,1.3221182858581695,326.5656854458567,0.37502646254850713,0.38424684119662245
98732,-7.728378234479029,-8.607213359086128,0.9871063782365742,0.8947695065541407,179.9799189500581,0.7257257807668518,0.3843276873671815
98733,-7.7805800964191825,-7.160438533210555,1.0751446283525974,1.670850557642638,468.1166852186729,0.5118737237687272,0.3844091744513526
98734,-7.721385798296011,-8.716214886956706,1.0533275099591541,1.2738334462650642,468.76001461754134,0.8440234806867162,0.3844299155920918
98735,-7.8116301117031135,-8.545611742920324,1.4029407382269616,1.341003139033606,468.7162374323992,0.017237819778701535,0.3845704426672365
98736,-8.014040185872275,-8.092200596826949,1.0824093261474654,1.7621929178095563,415.8974835278799,0.060997123948563825,0.3845715866545043
98737,-5.752761369802811,-9.323960500837096,0.9349034957210054,0.8586013227228793,467.9090203307366,0.5600336317541101,0.3845901556680436
98738,-6.922256851524938,-8.489391186494686,2.6919178011040343,0.88311701599864,462.8143969020767,0.02900031737807307,0.38462611198567026
98739,-5.81962814234872,-9.164988124513528,1.6651428166600308,1.733863265277049,417.7539216763398,0.46581726995279116,0.38465817183569856
98740,-7.918044756389952,-6.443395151697834,1.2100005833401222,1.1485855706397132,236.9365061727228,0.41017716320412934,0.38473086753075153
98741,-8.185136185044918,-5.674334784710507,2.072349267614745,2.1387876534837873,416.05210393570593,1.321860396107284,0.38473218771483164
98742,-7.9273942817942755,-7.73839218002702,2.370213090009279,1.8513092785360734,444.74794323789394,0.5706691699864175,0.38474623091176774
98743,-8.28893180922894,-7.318072063864741,1.0880893274932224,0.8411178968795325,458.33934614001026,0.19743408503659943,0.3848933870693105
98744,-7.207041081865897,-8.189204059830098,1.19046019364686,1.0795393209588817,272.5883056466264,1.528311211153727,0.3852017655603629
98745,-6.083605354899674,-9.750632159953064,0.560091047762293,1.3768483046782876,304.9412307736401,0.915459964863536,0.38535356793462316
98746,-8.017389499096453,-6.690454414347133,2.6045137255245008,1.1467031253261282,298.5945486607181,0.726210914422631,0.38539373865092263
98747,-5.742414525331699,-9.352208130639518,0.84439479858092,1.8144862479961092,433.4850276667563,0.4519275471348285,0.38544535030637844
98748,-7.34566240724884,-9.179766290675223,0.8824980160642154,1.8708135939373758,451.339895790143,0.07637572359451905,0.38567421461722073
98749,-5.5326142062034425,-9.464445513683252,0.7817217357309948,1.6442865158334103,386.03000414145185,0.48876540429679505,0.3858393493653709
98750,-6.053211936244692,-9.661613242690104,0.9546633912094624,0.5435705929710342,145.67779192675047,0.7669455983794373,0.3858437363540773
98751,-7.692090042879871,-8.77973195047022,1.080464741710149,4.448187801637149,594.5884518804032,0.7959182487158936,0.38606004538076005
98752,-5.677569172628555,-9.319498803805795,1.1199329296363227,1.134064672589386,292.4734867906322,0.8081297763951127,0.3860622825347494
98753,-6.722625340117795,-8.362760383340738,2.713816392922871,1.478244255941227,335.4406686175834,1.2644676215142345,0.3861033981063547
98754,-7.847924995177106,-6.561528546421369,2.4528461890352506,1.2346507844110488,307.4020478130274,1.045716432443041,0.386249741566987
98755,-7.7970924088208,-8.597428338159805,1.2220963258468447,1.2926464702935456,286.8441508710767,0.11579714465166191,0.38630973006649144
98756,-7.955515145392736,-7.767615251296696,2.2674709431410838,1.088654399495953,284.39781719540144,1.4156857649684964,0.38636373390105105
98757,-8.032691827338184,-5.722193717334588,1.0898071285699538,0.898832290508138,236.62792361899972,0.6813575731064416,0.38647213587828055
98758,-5.8780888659161565,-10.059946637999289,0.5981143640815845,1.2068227984419766,304.9505703709174,0.6961086848980234,0.38647694405848726
98759,-7.729185416286367,-8.245130147828846,2.1225466372424844,1.7704190499753227,377.27316229988406,1.8181149899716234,0.3864996523168492
98760,-8.254199403236692,-5.0782977872552895,1.069126463249317,2.55963890460085,463.76192939483195,2.5128368494712685,0.38658463635955614
98761,-4.610540846065884,-10.142101503931162,0.5640837394234881,0.8351483128995102,224.81167848818131,1.3164473494542372,0.3866042004999236
98762,-5.834874037565683,-9.151209132456964,1.1511232106300293,0.852441046638873,225.9040014130079,0.6101659848431522,0.38672066940277916
98763,-6.396500990735725,-8.692962302739774,2.386319727036556,1.0652530562917626,466.9732493224204,0.13324103335027715,0.38677951088396684
98764,-5.60861301161015,-9.79981061563999,0.5621975742262572,2.224955213660336,428.6376038746952,1.8189798297282591,0.386792772762927
98765,-6.71114079208699,-9.730447845650886,0.7018030707567543,2.6909113248698886,288.4233479795805,0.11155934465418316,0.38687244110718116
98766,-7.880340717336713,-8.446654522943483,1.2204037573216222,1.0648713969791563,246.7239726731887,0.7607860549825061,0.38688324307616984
98767,-5.963749130720859,-8.756152534316481,1.9295513318389117,1.0796314090178092,258.73423492394744,1.1717889485555189,0.3868921299855912
98768,-5.775772410339721,-9.412676999977663,0.9758757102696388,1.918708745764428,468.61394441204396,0.6494088748370066,0.38691051979462365
98769,-7.901133630548154,-6.386123588130888,2.358148616092165,1.0981854544923504,231.5293511260201,0.5273398883272389,0.38692635330541175
98770,-8.05718469717401,-5.169759393606031,1.351275479326295,1.4007246431130527,468.4895266341618,0.8001092670466061,0.386988786367762
98771,-7.051331782884045,-8.082411573070484,2.8285848408262857,3.0940005616718493,249.3949849076087,0.22750810529327747,0.38698960230508817
98772,-8.01834765940009,-5.862025858021754,1.121352822965239,0.9599847664971741,268.3753075169383,1.8484915307634724,0.38710331022700983
98773,-6.190729493389355,-9.481967040094323,0.612965515470004,1.5467502994925515,359.29919749002437,0.9570915404395919,0.3872555088160596
98774,-7.792454031982263,-6.52377048297585,1.989667647722176,0.8407595984759989,170.6971544516493,0.2922100832927379,0.3872995896650009
98775,-6.822968228795956,-9.617243494409692,0.9188826925259197,1.1207782032921991,380.9427267210601,0.6423874282130386,0.3874938635542912
98776,-8.383905498324577,-6.834109510135148,1.1738469460375975,1.2799247364593223,289.2721772978795,0.11962690264178999,0.3875255621298085
98777,-7.055347839214395,-8.5922426813618,2.534640028846957,10.234544058023502,767.0026952328615,0.2669279134513234,0.3875684672945339
98778,-8.101190072679481,-7.778416143265438,1.026170822843422,0.8231147201716411,467.62540256983823,0.07250903342002513,0.38763282382163194
98779,-7.037501293354563,-9.48295563285421,0.8798797394050634,2.178824083479323,425.4561345905146,2.2477976997448046,0.38773139284768743
98780,-7.4794554810790554,-7.926165027191477,2.78789940001502,0.6001127521220381,183.9490515332476,1.0171056437104182,0.3879777504821829
98781,-5.448255971640749,-9.278020046976232,1.4232122908063587,3.8460288730773615,549.9704612101215,0.5322199156434726,0.38832494889424396
98782,-8.317929085628316,-5.423495931510175,1.7920772730668149,1.2029947361905167,301.7626143123148,0.9839860222873353,0.3883635779595765
98783,-7.751580752629048,-7.421465422604417,0.954896060197066,1.2039217162697444,262.65773834438437,0.3517250619345269,0.3884016559887301
98784,-5.1908077095949565,-10.087947631123779,0.6098802327638083,1.352055455081429,330.6273545977052,0.32638101527685937,0.3884076011710931
98785,-7.733509611401491,-6.826059774374212,2.431319692785821,0.8456342597261093,467.5564734883531,0.33432757714208616,0.3884161175473731
98786,-5.081285812051724,-10.054411225702967,0.6064691628200706,1.984062988305997,350.01641356407373,0.17806464932577537,0.38842988609326834
98787,-7.777366744475955,-7.178134295162117,1.0928742049129008,3.687933212262997,547.2397533378942,0.9274888834297546,0.3887615166280982
98788,-7.557742305010487,-8.650706820775747,1.8454775203779314,1.6330920458881286,381.2928811438824,0.7740709531308765,0.3887979417051187
98789,-6.315154718372886,-8.61439668697285,2.32913894810503,1.165863452387219,295.68708559321567,1.3276496862131593,0.38880380623764305
98790,-5.959027746534058,-8.888416329894127,1.9315064908974944,7.871909023936975,619.7264631174733,0.09459479182292707,0.3889252930085503
98791,-4.745421816209449,-9.961553134936391,0.5853951381773909,0.8473685506743213,185.9533713518063,0.1908554620918883,0.388942970082089
98792,-6.209507413266003,-8.990215511023504,1.9755366584682026,1.623081648411114,421.45049627575287,0.6082540623389496,0.38897946791530047
98793,-6.428773290930478,-8.41248634711556,2.210414851060208,1.176718676777686,192.06904528387747,0.11482758995554221,0.38906303709269396
98794,-7.727462968523298,-8.319943288745455,2.011061143643706,1.5834940679089717,366.8256564232705,0.868863030382113,0.3892005154933035
98795,-5.716345648413718,-9.347912117768463,1.0876925718404213,1.8512115304995258,467.6042481720442,0.47622902348794316,0.38922029457751384
98796,-8.004353716212746,-6.194132823997164,2.317100438851368,1.8127343990415437,433.78542387303554,0.7503320404386473,0.3892285411072736
98797,-5.799689610819609,-9.43903156506266,0.6879592725405029,0.8446770437428209,470.193904454261,0.15611173089206698,0.3894197301075081
98798,-7.653027954378447,-8.845864106196931,1.2348598767716603,0.7559114979889613,165.36273905015784,1.1596946371425743,0.3894520552637651
98799,-8.080106996951935,-7.817449768365705,1.8521919369369928,1.0007494514425206,467.740306004723,0.589855972012761,0.38949235919968284
98800,-6.74304824577896,-8.277123768934313,2.6877477691971183,3.8409472611600814,556.3562963516948,0.8211307913979455,0.38960871561108845
98801,-6.97836534448507,-9.546480368484143,1.1898707288485917,0.821890311659251,193.5214754630648,0.3701344953575436,0.38963694547261524
98802,-7.4619588619791895,-7.441362859665598,1.8938998106009863,1.1290012075929754,239.04526093673243,0.04592438900224938,0.38969437264062545
98803,-6.4146880655105605,-9.706395079153275,1.096985654918828,1.5784042223445844,372.6684866184264,0.49828892333016217,0.3899409773661323
98804,-5.197403084573403,-9.740374863041524,0.6562589427664332,0.861369736854883,468.5062865556877,0.2888898280469343,0.3899523686974332
98805,-7.5012057046724525,-7.344585866675697,1.9566790865077728,1.6190702326141555,380.4333458234028,0.9207186586198324,0.39013249414217854
98806,-7.9519545866390295,-6.351150612129415,0.9445484524502399,2.243597821116896,429.8441490623555,1.6643442636042076,0.39014455980405127
98807,-7.473553930554539,-8.992335158941437,1.4551978993148396,1.6625639830372507,391.05333676958077,0.570055918689115,0.390304526425328
98808,-7.819973287863743,-6.939251631397343,1.2016435659689215,1.8540479789977338,444.2552144112328,0.39483271858840663,0.39033502363061656
98809,-7.947717541250909,-6.157386687760845,2.1878530213897545,3.161133566753521,231.7734501856164,0.3694515338481059,0.39062760276044867
98810,-7.584667552005854,-7.2468024719949495,1.7167654151732972,1.7260564835544157,468.439129269182,0.8122710801926329,0.39073102944616206
98811,-8.203300842776313,-5.8396845807708155,2.067540585776666,0.9582086095092573,260.29419521598743,1.3178328039761942,0.39083215037332836
98812,-5.882345486161979,-8.852367541436063,1.845100332705708,1.4938133735037744,328.21349276526865,0.5693129984001102,0.3908438896471271
98813,-8.352762498094544,-6.710576778420236,1.1094228445133745,1.1500459021131093,295.18750762794093,1.0960875499386953,0.39087160001118815
98814,-6.893560495061113,-8.07638260628299,2.07973756017621,0.9940205284809367,131.1455970853328,0.31065848313212996,0.3909212965804487
98815,-7.184483126004588,-8.312652073156261,1.0592706715792266,1.8438755820612764,439.4529424113379,0.6210050004096681,0.3910810079126765
98816,-7.966296832143712,-6.340309093135018,2.381421146069199,0.7432556281394269,467.0420791350274,0.5166103962329016,0.39110669825942435
98817,-5.74153628851925,-9.212316763969005,1.1699150746110287,1.4283393530460122,325.11517631346743,0.33565374953662985,0.3911836494590191
98818,-5.526642961711875,-9.530139209883043,0.7996505819663899,1.813369770778011,432.6854274283677,0.345864856884746,0.3912855921319513
98819,-5.2596345391329855,-9.911573783057506,0.6600811041792303,1.4782135127048148,340.0801254703181,0.7230618566868223,0.3913033471139195
98820,-5.05391364553932,-10.032961628836345,0.616896289944078,1.4096291889574906,337.0625657304269,1.2151888503333064,0.3913565412497511
98821,-7.0946193049455415,-8.657973802574695,2.421480205356749,1.0430446640999755,165.18318592806057,0.18621201557411293,0.3913593527382078
98822,-7.621688407225124,-7.071340937572094,2.3369936488914433,0.8736367128308721,174.0183989277977,0.9564034541491173,0.39142187794071376
98823,-5.291975790382216,-9.772274625237696,0.7189004778152671,2.3841361200074114,342.1756001583387,0.04922413838631012,0.3914834640495105
98824,-7.602504333506421,-7.268984073937484,1.5794430222636915,1.4502298470687287,344.57404837794803,0.5027602371416826,0.3915439158489133
98825,-5.808100405546219,-9.499109915642444,1.033792323566427,1.1871172119087117,259.0785284908371,0.21218348546380028,0.39167717338299196
98826,-5.7172570417775415,-10.006832676395785,0.6427315414755392,0.7716055528096795,155.80436006606186,0.8637131786282479,0.3918269448469862
98827,-5.800537365429412,-9.984139692231318,0.6661394357462627,1.238626334381129,406.219563472086,0.3463523342138881,0.3919410619282379
98828,-5.7521690626608395,-9.54306055918471,0.6315902118669984,1.6336088432685472,467.92098312031436,0.4306440715266886,0.3920397010217173
98829,-7.671191738414621,-7.4417800305081965,2.81192368687775,1.4484537719824275,331.66977255634816,0.6759642531747767,0.39205948749683395
98830,-6.532873691938679,-8.536527767068087,2.5371498922321023,0.9677384896446951,260.4423669369656,1.2040201136867665,0.39209573913392826
98831,-7.2199489876268785,-8.247057289612929,2.746471300590838,1.8449043619675705,441.1802930523356,0.375534120942282,0.392162565195556
98832,-7.25834616569891,-7.810750863190155,2.73279166241841,0.6477625928906519,131.05921081439132,0.9938315411583654,0.39216508918545273
98833,-5.6123561235593655,-9.42200235927839,1.207482369013082,0.7805803779469243,180.34223153885287,0.351963110751921,0.39229611900556377
98834,-7.974071113137921,-6.4874908077121605,2.4835951396037075,1.7293373426493193,365.2797234889492,0.3819812278074304,0.3924096961488988
98835,-5.6891692824481,-9.033529587840077,1.6390989628840074,6.317880830705156,683.9481723499725,0.5609511845833497,0.39249134581601636
98836,-5.73642670684473,-9.263856975686299,1.5154395704469863,0.7241173649595007,154.62221920110653,0.04167257846192829,0.39252139368730354
98837,-6.087750162880166,-9.132850411368942,1.7768216070511587,0.846372228790641,175.09823490071634,0.16338819722301334,0.39255295267360324
98838,-8.387437201213007,-5.8103640308996205,1.6341654800320358,1.8792268851609975,452.46832544558805,0.39655602731820583,0.39261226367296825
98839,-6.497561481304433,-9.393522943008001,1.5239774917580533,0.9591611789573775,467.94470665582173,0.2808207783726173,0.39274743603507917
98840,-8.006421246876679,-5.596614988992052,1.921519266657356,1.8130497504950966,369.6067146827474,0.4792869408097822,0.3928313098694145
98841,-8.003025472220127,-6.069200912243855,2.1985873978150656,2.270852121380125,420.1090680522329,0.5023568815360804,0.3929140246981683
98842,-8.284584727445809,-5.930788196681305,1.9324563743458685,1.7776751256712395,422.40645688076836,0.30592548662512353,0.39292884598718525
98843,-7.2777162505802355,-8.208438588354511,2.736155611100884,0.9377441528640038,244.08770848242128,1.0707223052554964,0.3930127226357357
98844,-7.51193649767371,-8.757167246251655,0.8047317014400804,0.6996694004276618,149.34489402257387,0.026043881149655057,0.3932510866070225
98845,-7.977647334220837,-5.694899808038273,1.8858221655022314,0.9838213925429593,467.50662772788684,0.6194540507261932,0.3932784410297643
98846,-6.412194934524676,-9.443988896368692,1.4507654119073288,1.964039762456354,386.87075885777057,0.43168078211803174,0.39342136688021884
98847,-7.729436125804831,-6.814981824053071,2.352366708592413,1.184226147434693,283.51837644420954,0.14746209090764495,0.3934900229198105
98848,-5.711117989114341,-9.514716950950252,1.1574963673551384,0.8699220254277255,468.07990483272044,0.7193449749860852,0.3934962265264714
98849,-7.945232107863397,-6.173577992435766,1.3448436754232143,0.7414027459752204,223.43265969123956,0.7960666492686324,0.3934989823805201
98850,-5.694671479864002,-8.969726998225262,1.5393595992900029,1.7753452095731304,349.7176397467803,0.524401390128582,0.3936104794573585
98851,-5.315919067120586,-10.012956125126863,0.564172020461383,1.8564473756417406,467.48656373030445,0.4310883036435582,0.39380652657188425
98852,-5.531920141954773,-9.355842399223606,1.2515182852615006,1.0741812650578433,467.63430311133845,0.5604476535774454,0.39382036197528225
98853,-7.806281013206244,-6.991062003477572,1.224395478868855,1.9247071232817954,383.94372770624926,0.6302679950743313,0.39383227842290597
98854,-7.1240919153485915,-8.062976040282273,1.5438410369790407,1.0489334871192162,279.5215902903379,1.405525755811527,0.39408304779368747
98855,-6.498984460609506,-8.84394144172548,2.2644283257697992,1.17603497131198,254.78724877377363,0.3744167688841715,0.39413827920691674
98856,-7.6829131677779054,-6.989693694321774,1.7316803926101845,1.4835050297500891,467.449782820167,0.45187827534154135,0.3942993005832219
98857,-7.960835238048327,-6.336652980194768,1.1130368807120117,1.0181471223395153,467.9437850853087,0.18819092106009006,0.3943313677392955
98858,-6.007075153612625,-9.602875319525005,0.9923444547884067,0.801686675258447,469.8764946373569,0.0747389155012721,0.3945480707553981
98859,-8.388296480332064,-5.472530017542722,1.4845953182923932,0.981669604255352,141.24728485203366,0.207931156053065,0.39469655269831155
98860,-5.14890652933507,-9.86545228407269,0.6232525103329668,1.7356183884695509,468.7666978561867,0.8632534297351544,0.3948868259277744
98861,-7.921422569425735,-6.285492655378308,2.2234543726248504,1.620122456086526,378.97795543115,0.5064669606527721,0.39502095852241875
98862,-5.926835985705894,-9.882509704569365,0.5671415091673836,0.8735413722538862,467.71637768131654,0.17611609483335755,0.39517772787302435
98863,-7.704729705090992,-7.280359363916684,2.7726259683771373,1.7540429089948288,195.418346729129,0.45511611445531575,0.39518389536797965
98864,-7.580323833701433,-8.679093115051476,0.8646534926046282,1.1224330742919344,296.5789579380595,0.7698089322660131,0.3951881663185368
98865,-5.774620233784756,-9.328275803333419,1.106586167960791,1.013925560277546,216.02227765856028,0.43132096506780915,0.39528072435160855
98866,-6.953095043160825,-8.26547795890777,1.4451247008978805,1.5876060326634054,335.7165002768399,0.3517428184523901,0.39533227048984093
98867,-6.221686599292226,-9.044237804371779,1.8990832876811679,3.978976633119124,562.6202880177793,0.6345889993968798,0.39543485307796655
98868,-7.279218087438716,-9.35269136519017,1.103943725156267,1.302208771703393,277.9154682242974,0.051957034760177656,0.39555732732082544
98869,-7.362569227423841,-8.069768522406847,1.143135184156144,0.8538979708729141,199.86461903356152,1.248907747968154,0.395618026030233
98870,-6.386152625551967,-9.011149075275426,1.9935680302824976,1.6387461528385292,450.6955878567645,0.37655986748618897,0.3956351912672889
98871,-6.695495546819983,-8.412091235573016,2.649094136088957,0.801323312425996,204.916577946591,1.016660166359384,0.3957384584001414
98872,-8.073756478524896,-6.214515385627795,0.8326541440975084,4.049192461750298,444.48437477090005,0.051734012478534375,0.39584743477918166
98873,-7.224099355805762,-7.770789473356624,2.126249784680373,1.7861213112725312,379.1507447966775,1.7650814014269507,0.39595832692894434
98874,-7.4913177539087705,-8.344037127831157,2.378968128852977,1.133488311599332,290.4493165766051,1.3474794467290838,0.3960171830374413
98875,-8.217870108426913,-5.492884492592386,1.9341202487906575,0.6605647010176483,181.42584500310642,0.507552469984482,0.39609653779040055
98876,-5.461292123497234,-9.680501219244064,0.7285554015330028,0.6088111475527817,113.00052837905966,0.00539896260145678,0.39616753531533083
98877,-7.082646792128902,-7.957646679541204,1.9190251477547295,1.8550709710459639,443.9592123451376,0.45129920697926007,0.3962742645073569
98878,-6.634169316022253,-9.533140001234145,1.329868621898668,1.044722709125538,274.8110431964615,1.4913411286857476,0.3962835919425937
98879,-8.142830032568938,-5.297220400149817,1.079275125131746,1.1083086394868227,198.65343576164585,0.11109818043615238,0.39629973780899186
98880,-5.915386315935669,-9.913063158146375,0.5712671568122348,0.7985506379718365,162.28860290573476,0.9939615246028781,0.3963130750994303
98881,-6.097202795880585,-8.87527261735935,1.3256940754272895,5.076003785411763,609.872747116193,0.24748272448826203,0.3963775537336688
98882,-8.074159076008078,-8.01026549368222,1.5031424737814485,7.411971512381293,684.2259152560456,0.2318302537684067,0.39639279983877296
98883,-7.649050162285247,-8.7577460561515,1.000554443468928,0.6151460977032573,173.3771243530416,1.027837130962296,0.39645322740711003
98884,-6.94024657320978,-8.050807480552832,2.0768504879257774,1.119296372939419,468.58528239298244,0.18612860812225218,0.39663185965630043
98885,-6.6004391721611855,-8.872170457803003,0.8945939234814249,1.113155138189235,298.0040746939792,0.5611607600282857,0.3966691045687944
98886,-7.813791831147714,-6.541253918876082,1.687571641815158,1.6580372343707674,385.4966027222213,0.011336329746809426,0.39666938296328974
98887,-8.372246079792623,-5.113371940413134,1.3163318348581967,2.1375741626669087,402.452254578765,0.4955451660812811,0.396798407352557
98888,-8.180428381756627,-7.1664591983636745,0.9517438313619677,0.7401545889971312,467.1460548136641,0.31899369379538367,0.3969175182756536
98889,-7.668763162955091,-7.336656320808756,2.7758845075034184,0.6707588649128224,467.8311709524025,0.4506645701662553,0.3970072095533586
98890,-8.20551961592142,-5.2049565932694986,0.9409956601566875,2.4346815789265452,277.4408102280106,0.09737244843101589,0.39703943358116206
98891,-7.287690391179684,-9.318386192291168,1.0015111730813029,1.2466846951074206,263.99718087598734,1.0164285358924046,0.3970988765626665
98892,-5.931379511981386,-8.814117276278655,1.788412881782218,1.2953006927987125,468.31820786231935,0.21349563961385787,0.39717833982374484
98893,-6.118467762523425,-9.074770140738789,1.8296485859821208,1.2068449023159875,249.71612345818104,0.6432975548393101,0.3972665313038711
98894,-6.71701062116748,-8.666549194126915,2.4982341864205337,1.3182241683717193,320.1631504408496,0.23349100848563342,0.3973670527069048
98895,-6.758371683507894,-8.443273810579594,2.662834886265813,1.7058683772068854,468.6881523423182,0.8480875618115995,0.39751678065114715
98896,-6.78236068814363,-9.487251389925515,1.3460326689071818,0.9946605503023637,270.4967369036679,0.9256788992833629,0.3975730855281229
98897,-6.52500473314425,-8.444646359014182,2.48539090567054,0.7812594382710327,467.64072223577733,0.26955088786025083,0.3976641991083349
98898,-6.45300402061018,-9.68044675876627,1.0653679218295673,1.5909585611596535,286.80553746216054,0.09170080511285761,0.39774609635547714
98899,-6.38698703523436,-9.07111827495478,1.9084732147686059,1.1607694753219482,297.065709929561,1.696221318915124,0.3979275822966328
98900,-6.128471903778829,-9.366536510490848,1.4990894046152172,2.8364230013063985,468.2793715882701,0.5347615092847713,0.39806388809183135
98901,-6.8593331465735154,-8.398577777386011,1.3574191180519437,0.6823470303385559,150.35363095737057,1.0111622291362865,0.39813863569855923
98902,-8.021141705550747,-6.152552463316375,2.238923123932203,3.95789557814133,553.5902155072748,0.40374409700291647,0.39823339107701866
98903,-6.444944125020344,-8.978748512563474,2.04586191762758,1.5511324869929546,357.3738884134269,0.07728238449306168,0.39823743041912196
98904,-8.060371039869787,-6.183712918823599,2.279986738311206,1.2906160926359356,198.9122161769478,0.1377396217482243,0.3982688989150487
98905,-6.349609882594816,-8.679196572772824,2.3029188062746386,1.2289784591775395,273.3058556972756,0.5868326048384587,0.3983038981666611
98906,-6.583566043692936,-8.808509106746296,1.0404230697194115,2.5962569828612243,466.6067762666176,2.2592219775617606,0.3985749552005507
98907,-6.664526536191545,-9.268496057921936,1.6620173142965304,1.2479258301210499,269.96936844254793,0.9443365376072768,0.3985915557760185
98908,-6.286077890251191,-9.72124957232771,0.8217695499568975,0.998791281150067,468.5390159111508,0.6152044208910077,0.398659567799121
98909,-7.867781671044918,-7.883065600209087,0.8845712720901194,0.7250711982687436,467.21994486448585,0.45314324660540173,0.39876549264855443
98910,-8.163342883961285,-7.069144024893097,0.9046021655472922,1.3623312709935502,304.0264523197372,0.19575287914454886,0.39888222857100875
98911,-6.454437976318523,-8.493710877423498,2.394219268315222,1.1059519926326502,285.1536624911746,1.5669696906774453,0.3988927756255727
98912,-6.49136440610436,-9.655097346695744,0.866704334471658,0.8302254130765316,238.02974433462015,0.9595840334696168,0.3989698068694129
98913,-8.16889593708614,-5.034590162040824,1.8549831182785155,1.0879360209643367,270.8733767684859,1.7367183191598556,0.3991480161290287
98914,-8.14306894749407,-5.541432086496796,1.9925830227720596,1.3935866445937,468.1438533684391,0.4758003281102061,0.3994641923783063
98915,-6.820611855379443,-8.736296416459645,2.4125618499778043,2.786069699287218,480.8366816494145,1.4386165618897246,0.3994668400022624
98916,-5.6841760021771695,-9.396171543882385,1.1819328184512885,1.11250226615571,463.1416119538019,0.766982115172925,0.39980796598340806
98917,-5.95221946461331,-9.53826539133075,0.9743316737629967,1.5938550860041336,468.7893546687942,0.2567481271964871,0.3998442134174706
98918,-6.5425684592970725,-8.648132394172093,2.4548266681969197,1.1128496662570009,467.43148106420267,0.6655270028481315,0.39987668421154937
98919,-7.77528561896809,-7.684113560086321,2.612114344960025,1.1171038127087396,293.56858959782454,0.9518403751057809,0.3999108183209019
98920,-5.851888512580846,-9.04602752113625,1.2905113441135136,0.9220995840188292,142.92745556474893,0.2373219411070009,0.40006371119901224
98921,-8.094257439624357,-6.165226684062669,2.237974570412885,0.7040463648000885,468.38956645580663,0.3617577478435505,0.4001422384126995
98922,-7.575789517616885,-8.59926929747256,1.859134945347625,0.9687314380907921,468.06286662127127,0.9228348343016668,0.400270966634989
98923,-5.784117197773238,-9.109885301444777,1.6343327746927458,0.7071179940081843,159.28983962457534,0.33480462824322377,0.40034674983075996
98924,-5.751847849689581,-9.02968731957804,1.387848323410459,1.7531084380305133,468.12676505471353,0.5006260289281341,0.40037450639421424
98925,-5.761492837080967,-9.892739642293513,0.572021461870387,1.201927028746225,468.72698739046683,0.24920141006025265,0.4003811348888517
98926,-5.674846658335307,-9.404761066166216,1.36034880570233,1.3492845112858198,302.8534002701307,0.8921339469282605,0.4008014993261984
98927,-6.847572353825853,-9.56630039620045,1.218466811597933,1.8957813614344186,468.30087347470436,0.2579381563660377,0.4008323121658224
98928,-6.9421311463072755,-8.399382042744715,2.700860352911543,1.6800623904939607,188.23407897132145,0.3270592985489449,0.4008767978743106
98929,-6.238448496027573,-9.077700943702558,1.8487705825809628,0.9873992119136815,467.9096881982067,0.5916724462998788,0.400878813033515
98930,-5.9443341317484695,-9.708280429328209,0.795791470989396,1.7143047095958492,367.8672167923435,1.439056531521346,0.401360012759317
98931,-6.308102875738776,-9.598118472758756,1.263368458712898,0.7823217747879088,468.43892017712074,0.5296828047908777,0.40139094182091806
98932,-6.82161360290677,-8.450332803569987,2.6684465442398686,1.4145503364650496,330.85073989696934,1.7623782148789777,0.40139110751426166
98933,-7.2399169873614575,-8.522572486506643,2.441036758274375,1.1256101558954508,296.2384765970288,0.30622334545989016,0.40141622315087255
98934,-6.497041320910482,-8.453173429277172,1.7590949916206728,1.1896075683382619,467.1709651737565,0.2581972694869794,0.4014647559180695
98935,-8.21560768164901,-5.585828693954689,1.0225683753624095,4.733722390216235,604.1258845626493,0.4104112477876347,0.4014659955386519
98936,-7.705626802297136,-8.419759424279938,1.861213441737127,1.6907447075365667,465.9594883341592,0.3298737396939204,0.4016030485571436
98937,-8.346199020144489,-5.003182161377684,1.5292373973120659,1.8728023242012886,388.23077757303633,1.6067813343764072,0.4016092607845119
98938,-8.011086075170216,-6.549764991515432,2.471556061613323,1.4944040978783604,334.22819645754066,0.44227531179710944,0.4017893881872795
98939,-6.650208598303324,-8.386039208356113,1.6734879626032415,1.3305545572699817,326.97117256512524,0.4022023805058845,0.4018391352227783
98940,-6.9528824742205,-8.140843063729685,2.7060321533694562,0.9121799799932541,249.338357490732,0.8056990753883708,0.40184962162199284
98941,-6.971060786430296,-9.268208826506493,1.5601523210756152,1.9923102429355106,403.7401575571751,1.8037841463800541,0.4025096968214516
98942,-5.906167153093585,-9.198228566198432,1.5931799178324098,0.7154362589308131,181.736890552427,1.137897231490343,0.40266740922586847
98943,-8.279322211183063,-5.665038009454322,1.8634911352683294,1.9448799953745504,372.03884966492654,0.3262043711590392,0.40267969634450773
98944,-7.225130919381033,-8.423619803526762,2.5568421192131656,1.1080425159742477,321.71836500085846,0.6331313430251333,0.4031231840713029
98945,-7.950421107464491,-7.322288624752918,0.8603783208832985,1.4830126332582858,219.289367449338,0.07214589812780403,0.4031480204365811
98946,-6.6748338809274195,-8.735045907367294,2.397657054294092,1.8674149117615535,459.63388112200715,0.2116480714153255,0.40327985492254786
98947,-7.8873749063865874,-7.748898762568384,2.3760266590767323,1.0795368328086286,282.514825211282,1.520427976371864,0.40335313745812473
98948,-6.211663851225513,-8.834727664326818,2.0603472025668053,1.0520951740609366,213.26221072387162,0.735223230259499,0.4034271641323399
98949,-6.515561309491525,-9.066557811189321,0.7711709407875489,1.0597336986765902,468.2718589780378,0.5906092717396048,0.4034780158368194
98950,-8.020670454738768,-6.807933619447889,0.8438889545559656,1.0934173501127924,467.99346789161496,0.8257644559193071,0.403581571111365
98951,-7.700524095888772,-7.688564273593163,2.676039802045475,3.7644789042568165,540.1907985645058,0.4068962825608349,0.4036937394319277
98952,-5.626939314478588,-9.717955944393267,0.70204639847273,1.9417115184171552,393.605042892559,1.247400789210352,0.40369997324479606
98953,-7.184553306571168,-8.415904203983853,0.948861652295021,0.7623085184498304,157.02277345753095,0.1006328787492885,0.40371921166726765
98954,-8.268197626547003,-7.25610578658489,1.8449532663502297,0.8722850578831253,467.5630150933939,0.6155522979632044,0.40377776940638976
98955,-6.326180283352814,-8.882443885764737,2.092954911254209,1.163502446887765,302.2140217083687,0.42775431766678107,0.4037894396255891
98956,-6.022310691235844,-9.54318815276847,1.0245190723022854,1.2021552568277059,303.5316617096531,1.931550232713792,0.40393836596803007
98957,-8.180539147507274,-5.360924823373601,0.905538486205307,0.8942484982024245,235.99616833512513,1.0000563320791338,0.4042289734587812
98958,-7.687732979219218,-7.23575113097893,2.695898250946724,2.434130088139161,447.5670739829576,1.3006178672861823,0.40423810736360494
98959,-5.881899625598347,-9.523125432252531,0.8721045228374614,1.0792563833723092,279.2908599241787,1.7812004422853294,0.40485258735758356
98960,-8.28594120096938,-5.852049078124323,1.1007611232766223,0.833276908047954,206.54280428651535,0.7561846115096289,0.40494306615690606
98961,-5.9548515995796345,-9.447446862143224,0.6915144780854272,1.2007104748455815,228.88028050542405,0.025518517489245163,0.4051212388392179
98962,-8.057903549053735,-5.488748486307579,1.9039218930599477,1.8581327104906395,388.2572396892292,1.9208139789406031,0.4052441776595531
98963,-8.323107942419618,-7.01777727665247,1.7897403575293642,0.6917842239033322,201.73335743822363,0.44987701997004503,0.40528045512426203
98964,-8.252852600292274,-6.766624687772134,1.009137866247715,0.6576581751301489,467.98460442782863,0.44386036765903825,0.40530934738095387
98965,-6.223383516215109,-9.37639511674848,1.4845410931694965,5.66171088008953,656.1022084855972,0.6595373774063473,0.40545754833913344
98966,-8.178712570016161,-6.832132784801881,2.30550705120626,1.0763084160581258,276.15673543163723,1.7288061404764186,0.4055497990280319
98967,-6.7214874613168165,-8.847131915408193,2.2560970209128004,4.28199615423417,584.8411722684923,0.8198457640396564,0.40557076642260925
98968,-7.815678506734862,-6.562099845561817,1.7925270403635134,1.1140303402698917,282.3423292504682,0.19846421210079157,0.4056538034404707
98969,-7.641288572977828,-7.793836656401548,1.0008173399509295,1.884551631624526,468.1430107913815,0.013249873177341165,0.40566045415441815
98970,-6.7354958461322205,-8.226223935874604,2.4492265691197637,1.8148404020826452,439.82844750999107,0.34467168021328654,0.40573180286366395
98971,-7.543183814265898,-7.956083956517704,1.016396159109274,0.6359185726238868,136.77681110071623,0.25854285719160064,0.4057848832630223
98972,-7.772625028674694,-7.62022235663468,0.9235626516181413,1.115446887585125,227.9026961238179,0.11579982647183673,0.4061032404887338
98973,-8.338218406059335,-5.040939297866523,1.54133112393674,2.1512285316556308,417.6576227531054,1.2614305148682243,0.40619779329206357
98974,-7.105708784439349,-8.466012792397926,0.9815647169592128,0.8541693445108932,468.3204600193418,0.1889562678310197,0.4063497504344705
98975,-6.127123596463548,-8.716487062007797,1.6463720903236942,1.2685907982407065,301.4804686961966,0.37557002350509716,0.4063504593050344
98976,-6.532253483434138,-9.726550836249459,0.6481709595889182,2.5681800538522146,409.8014322900293,0.1686822651791502,0.406378734991979
98977,-6.339432419546759,-9.039384497530072,0.9419983267029438,1.4785371658929116,336.0343171441596,0.5443383492853622,0.4064093353204597
98978,-7.090135350237476,-9.32990113444582,1.3775651257617787,0.7397581335752522,143.9886741330478,0.25481606766623077,0.4065733963953481
98979,-7.644640070938191,-7.4693493699572295,1.2812210477292056,0.7035804352931904,467.9282546969113,0.3621930074220341,0.40665097965771796
98980,-8.171055505503617,-5.782624766907035,2.01498239199426,1.0053180558708887,254.629762656997,1.3440576552162442,0.4066870108986445
98981,-6.533691716583154,-9.398015114994225,0.6487228934413725,1.7336354342712361,411.29734238591715,0.6868355108353743,0.40673655776171236
98982,-7.489756994549591,-8.654807534216811,0.8041235342450063,1.3392412486813372,291.1929235458612,0.1827485301532894,0.40677666850723776
98983,-7.845052876585115,-6.627487030632077,2.35575526682589,0.8106371712831835,194.14139093024178,0.039075629862332484,0.40680861424164444
98984,-7.493999871954876,-7.8279895669246,2.7450924220689576,1.8121628112216643,468.5735713246941,0.6139097872669792,0.4069852488533901
98985,-7.318041196964467,-8.570403839089671,0.8077448026019787,1.751876452819195,412.6225120902511,0.05803961516592704,0.40708465376370023
98986,-6.588121687054175,-9.663587537107325,0.785751306718614,1.6230375210538104,374.9326399297319,0.12463460604157639,0.4070962939758741
98987,-6.233189578695942,-8.924381225745941,1.9947548802302553,1.0618077442159661,250.19770563728136,0.8002107380158341,0.4072293285477667
98988,-6.673713250686301,-9.271629893206182,0.6716325677938866,0.9979320907307886,273.2312405164781,1.6981025941735934,0.4072711040620756
98989,-7.665972478774069,-7.156363853497663,1.570673148332297,0.8893889046311207,237.37940683808628,0.2163380346407182,0.4073367048040992
98990,-7.417725088342302,-7.520946686154435,2.2721108194823643,0.7045717120233344,149.1763154409848,1.1575968335192215,0.40734042835594025
98991,-7.198766607775945,-7.825980541279383,2.478549065999189,1.06353832621248,284.69407624552827,1.0801448554746544,0.40744210295936917
98992,-5.8627225678730905,-8.925330383796094,1.5368333067503743,0.9325516127307254,258.5835371943479,1.6038091228715086,0.4078316530970539
98993,-6.122448860622683,-9.82386560440654,0.6579743373165835,1.8147913870002914,431.28693925760695,0.5228525101518056,0.407935962718017
98994,-8.348355564740684,-7.13584505284313,1.2617705936101677,1.2102125676898297,305.2840159524853,0.7463967271448011,0.4083919470884582
98995,-6.528958451272919,-9.037510640659372,1.94983482441645,1.5681332797317122,356.7401452155473,0.10826134002762622,0.40841563324786395
98996,-6.356513247097592,-8.89510522985161,1.167788711592993,1.0038604755282514,468.06936241276367,0.7133616698124392,0.4085851829647709
98997,-7.8958900982848395,-6.256935897931959,1.979353843503938,1.796728612076713,468.1067489802029,0.03472611189500707,0.40902293188007216
98998,-8.315326175621163,-6.953380635869604,1.1050844839409266,1.6646969125691675,365.8217663415676,0.6697588118684568,0.40903437910440066
98999,-7.984549799802565,-6.237889399220434,2.2113938489580125,0.5977921295611329,126.21198830457121,0.018256559484803425,0.40908824074190736
99000,-5.9801883276739956,-9.430187601361059,1.3840607910900447,1.3514395144500317,322.77705770074033,0.21578759148845794,0.4091044705631287
99001,-7.542810816737503,-7.744265914837033,2.7391255507162664,1.6306832005826124,376.7839291800702,0.017345257822774407,0.4091318728894292
99002,-7.612483880227865,-8.736229301201089,0.9716085657511226,0.8274626773622742,467.0757187704807,0.17327154012186252,0.4091953393186286
99003,-7.98848158716684,-8.167043998416887,1.4372265087603022,1.7448857243069475,412.7446149760625,0.1771467864530587,0.409372722239957
99004,-7.351749011653465,-8.14981916479929,2.6731350379448173,1.1164079545846517,468.1970313076095,0.39750207033768437,0.409373479068477
99005,-7.108254519366589,-8.800802251020006,0.7661784191677892,3.154377307365362,419.6693354386004,0.06414639286978385,0.4093958525010564
99006,-7.693401634740855,-7.578900415398245,2.7039589080904216,0.9328800586940672,248.68519063538005,1.4656160583242714,0.40942992663557326
99007,-6.463365479194902,-8.936590550552495,2.074868467498402,1.163988184590645,297.0674842940919,0.5096867779330854,0.4094592485151266
99008,-6.011797237400744,-9.347381718693857,0.8772110327875483,1.820864113361936,457.13099671045035,0.5741850784516345,0.4097031040124079
99009,-6.171059965819934,-9.614509037444188,0.8649248265975952,1.3461028126578016,468.2894927440644,0.2024443456826246,0.40973497815533444
99010,-8.280519076224444,-5.114807898887738,1.7309601357896565,0.9774944395186104,271.84969182451033,1.7287652007852792,0.40983693410844174
99011,-7.367457501195255,-9.22926290138969,1.142583847208155,1.075491549185777,240.14832865359506,0.19241319891255948,0.4098460075458856
99012,-8.040409160718044,-6.543589781602854,2.419511248794213,1.4477149556312077,320.34946270031844,0.7342769364654513,0.40985425237622586
99013,-7.962421515739362,-7.720714364467987,2.2299772510024893,0.9094550662092821,189.41772530778366,1.0094106247074555,0.41003098451738307
99014,-5.959199476560083,-9.283936416710194,1.0742023389344548,0.7805862015705586,214.93073652495153,0.971605557771297,0.4102111321503172
99015,-8.112116126349196,-6.396869326607665,2.2962798938560347,0.7465887200640046,225.53068460365424,0.4259333298399133,0.41028774467908474
99016,-7.184150963869094,-8.47784404083437,2.512400523456432,1.1848767056039318,292.07789589574514,0.8226569897703717,0.41034487704562816
99017,-8.131860870947863,-5.3275504661871675,1.2530843058069228,0.920647145621476,239.54428369944299,1.013460132557209,0.4104265984897991
99018,-8.19954408249356,-6.365555585467987,2.151733058695476,1.8039084949878579,467.85758418050114,0.520036104677998,0.41049941366138665
99019,-6.049480891338446,-9.036133288104153,1.7986930183395204,3.688971569591147,534.8458648601362,0.4385485133609377,0.41058573680309035
99020,-7.919860389025828,-6.558527812764798,1.2579933511939663,1.603237646836905,374.28488938196,0.4446226653870573,0.4106415221423117
99021,-7.166986134499837,-9.199862693267264,0.7173249499733452,0.5697862475865749,180.04848791386104,0.8203806540098313,0.4106869819185633
99022,-5.814760904434461,-9.552687094304332,0.728713659322794,1.8464594666002834,467.5279749500277,0.6153336691639346,0.4107200854528118
99023,-7.745553578705865,-7.435610926626421,2.7093844475127233,1.2789874438833417,286.0206025960226,0.6155983977366652,0.411002718631096
99024,-8.303647004267628,-7.401650173250367,1.339024496525045,1.2865984163492097,289.28337509549,0.23996487917693532,0.41106784404114555
99025,-8.105880925823895,-7.662559561069509,1.922241204634949,1.3118914649989484,312.32694427486075,1.078109295714743,0.41107762753896976
99026,-6.729643745137113,-9.41239089913848,0.6476881032535903,1.1080814408541249,286.5984554883525,1.3053086993766874,0.41133027798195354
99027,-7.8407288254111975,-6.546932745631248,2.159538473711556,0.8816924872844903,468.9524571694121,0.18259059173850822,0.4113401056523045
99028,-5.912880258261318,-9.461911969945632,0.7485394560862751,0.9868606137874756,252.28352878219684,0.9524855749981898,0.41136254773432085
99029,-5.712692688449895,-9.158062075920657,1.503852775592632,0.7902623913144513,460.03407852696114,0.30075669354313295,0.4113828021649196
99030,-6.354270470969807,-9.144199151943358,0.7949644757490957,2.4794612197167134,456.08697296793235,2.3535617633964945,0.4116638447778024
99031,-6.51407572863015,-9.711461086088795,0.7201640133511439,1.7710194895800868,220.3526129665256,0.12061839861168089,0.4117922153665209
99032,-7.674880977379751,-7.957138590879463,0.9166108637710499,0.8012244136911911,190.01600396937067,0.12137754420832714,0.4118039076975154
99033,-7.3122067571349305,-7.760347323679097,1.8396791682193872,2.105503854490453,392.6545876577326,0.4575400560103269,0.41181898990076315
99034,-8.218466796677319,-5.345743490339078,1.156693797864633,0.9362098948553316,467.6708955344535,0.6011252657111532,0.41187887309198545
99035,-7.094885925159591,-7.985545971490848,2.6155310578809168,1.0202720577900424,277.7913917091224,0.8226372008975025,0.41200918445908213
99036,-7.670082624850857,-7.110562563934412,1.6938577076946129,0.8801854661742123,175.99870368283018,0.19573656446474352,0.41203267557763523
99037,-7.866911659845666,-6.931870369153487,2.6174563723035016,0.9181227356510742,245.3866045211957,1.4639577676132012,0.4122337485101949
99038,-5.863676735432717,-9.273640995274135,1.1705376982154634,1.1461175239638457,243.79346085706808,0.14194955079329308,0.41231855750961066
99039,-6.594835584311239,-8.352466050060139,2.3097927148028154,1.783295957461261,469.5166731217667,0.19897904095563934,0.41250521447839605
99040,-6.296317922530459,-9.65083542549888,0.8301795699493005,0.7862691557905686,175.36974730654862,0.1535977645725639,0.41253197016789617
99041,-8.369673424778105,-6.703867087039894,1.2043127209254252,0.9977025426825241,468.1162469953433,0.8226748334449043,0.4126256181414907
99042,-5.8189636981268595,-9.745725400216154,0.6464683112333488,0.9765797385217649,204.45442877632527,0.9864707053145665,0.4126263313225088
99043,-8.260112846433554,-6.315378558427208,2.001359630565657,0.7577979713262354,466.9465488836145,0.5164211404628061,0.4126285229163405
99044,-7.597839673450773,-7.426162087652014,2.66955234424394,1.0384805821741294,467.0620986918173,0.6178692507379306,0.4126425378224619
99045,-7.559119452185537,-7.760478937798605,2.705919566794886,2.422665951876577,448.2617247948327,1.6495023092260643,0.41298859665824766
99046,-6.646510467794766,-8.304684554250311,2.116074461473099,1.807800814174447,468.5912303184275,0.8594721099808913,0.4130230038830024
99047,-6.086603639776151,-9.424554654236172,0.7140054527168916,1.6388644867921187,382.28346873512083,0.9805040717267373,0.41314725748001807
99048,-8.023587873354995,-6.320362641062313,0.9210062112849876,1.1020329391523345,286.0237230660937,1.3726687493125214,0.41322303038839037
99049,-7.277356782832303,-8.124694851167623,2.7113339421262816,1.094843308563051,291.8552330364397,1.0139460436523553,0.4132553885672656
99050,-7.08797050083173,-9.356396617650248,0.8709960613285825,1.2120986230112154,261.61733592489924,0.4810582774390584,0.41331501975873525
99051,-8.183948980870749,-6.150024798652236,0.9224479225659716,1.031241057813965,280.68627336840717,1.3252445444711478,0.4136180241827244
99052,-7.81802340840095,-6.730421218727184,2.3558013914889906,2.564600017348675,464.23993689663297,2.5201548787647923,0.41364324073548486
99053,-7.0422984642162785,-9.391573304502545,0.8746620703998783,1.1308676291071487,291.2958497440199,0.5419042889605654,0.41375650759359545
99054,-5.985843884517445,-9.406543138520368,0.8206051258847245,1.4199231278489874,323.7957584311711,0.47757187672556967,0.4137598781985314
99055,-8.208688308873262,-5.253833115801316,1.819268460529831,1.1723275373860935,467.0506097851937,0.40329902524502437,0.4141261314026524
99056,-8.003583938444438,-6.999503973142207,0.8614617297558935,0.7969483868428959,174.43790537645626,0.7820080176019095,0.41419404277957783
99057,-7.346659550840294,-7.650001935736342,2.1953474622588014,0.9019635722839519,249.63170521148118,0.30839922134992914,0.4142604455503662
99058,-6.144296391420391,-8.913818010158467,1.9217823800871767,1.1065635047377684,282.02488340808145,0.22049157986968115,0.41443791988286677
99059,-7.440460599987647,-8.999743834333252,1.4377688066792684,1.3740303115580372,326.3230941420344,1.3946174181583242,0.41475758628634724
99060,-6.659601810404958,-8.291361338636909,2.1939287460704047,6.231551917610999,555.9327530966624,0.06371987499621401,0.4147949183045118
99061,-6.292674856934989,-8.865414208649602,2.042406185766238,0.9582233529318815,467.2132258641059,0.6329660650181568,0.414990129818505
99062,-7.894698463930265,-6.432163636909679,2.1743870899953954,20.752111904837683,554.0874554409903,0.11160485523606489,0.41499077623426456
99063,-8.359006853114856,-5.501245284364398,1.4666271707030383,1.1092469378730616,229.73418306331803,0.011594812071328953,0.4150207038789219
99064,-7.533943592363104,-7.744125333237552,2.708473287615345,1.4993930495074566,350.35822449052137,0.5199945590682615,0.41504570705478677
99065,-6.317993123935675,-9.078984507826881,1.8311471165488755,1.8334281410543614,439.56795531478633,0.8097225100228131,0.41511274450829666
99066,-7.537805520190726,-7.439533718973892,2.562714298865177,0.718777643562616,217.94507808261366,1.0366523104585204,0.4151990090918593
99067,-6.258593467413519,-8.812800575269927,2.067460980847477,1.8762352742194788,467.72321722984117,0.10455371281346348,0.4153808434075908
99068,-6.951630419346442,-8.572362385546942,2.5160690718156853,1.0811979273935466,287.10715841671947,1.1796306703868131,0.415389650509119
99069,-6.842390378405483,-9.231536951543543,0.6797820397440241,1.8980666603211502,467.77737205398824,0.25105124858716454,0.41569071150226683
99070,-7.856140462682061,-7.344901914145703,0.9267009658404719,1.7367794973991766,407.0459771926452,0.1895699684235197,0.41571603924691175
99071,-8.31210052848472,-5.479343376655749,1.6987948668568642,1.9030352974447995,460.8384679602085,0.45833036847496,0.41583720479164343
99072,-6.325435048818315,-9.693352383012357,0.6305075343385161,1.3439711807521746,301.89749379438854,0.04675132946499261,0.4160497151567099
99073,-6.253332048556182,-9.559342032412067,1.2570167271287789,2.7919775159450215,483.1962309691545,1.9164254149115916,0.41616892102907116
99074,-7.470552682197647,-8.425991981562156,0.8464633874273635,1.6136671762682235,378.9308635747719,0.5989365944237974,0.4162456388034045
99075,-6.023832234159443,-8.904219848844917,1.8288435159184389,0.9503757200489795,258.03839865805605,1.3358640613131048,0.4162886647718935
99076,-5.965301050998189,-9.726848761234976,0.7197866706321436,2.2488875849048497,425.2069167195951,1.0832024784333774,0.41644862367580665
99077,-6.333825320811588,-9.15494949620639,1.7472281627062425,0.9890971504426329,468.43699586957985,0.24252443295961967,0.4166227995662066
99078,-6.0775952106436195,-8.802291746485391,1.56759708153434,0.704488419847847,134.96092420766306,0.24607202773311254,0.4167025579973441
99079,-8.003652220503483,-5.931930323816832,1.9539166069499718,1.5465739730691765,468.0383587544476,0.3852398639798471,0.4168143665271631
99080,-6.714721318923853,-8.902341767287876,0.8412808048351507,1.885997479950489,454.10365647996093,0.2989997826806574,0.416878163085574
99081,-6.433916238739626,-9.671497382270502,0.644922977364559,1.3489897710745742,328.35738252188054,0.3981336062995373,0.4170079789500728
99082,-6.979192336900175,-8.039438758150592,2.2233349739017036,1.1137409581574034,467.9491603141571,0.4131216280468708,0.4170816970774339
99083,-5.9647708647023165,-9.698039663133741,0.7404218990453255,2.141006341932238,416.6421077022685,1.3564537020493779,0.41717244944565335
99084,-7.20340678581719,-8.768595540183103,2.1027881562549933,1.0159700601450314,274.32406348818574,1.8167396070962383,0.41723048518740624
99085,-5.801403541901061,-9.108877569470845,1.5440503195048463,1.0635237913637834,280.6285816935524,0.29227640834223845,0.417280560415176
99086,-7.825510040238477,-8.472146380590242,1.273436687445146,0.7795628431666431,131.64271076989166,0.34985463023163543,0.41737264376115274
99087,-6.085341099361722,-8.924425916287117,1.341694722454436,0.9103546870971166,258.0911206233968,0.7317554114052038,0.4174824387516253
99088,-7.666888514845715,-8.486359913005355,0.9559346873224019,1.1445149866230278,468.3640431923457,0.5226925433019156,0.4178176518513637
99089,-7.771435250941106,-6.793628750311715,1.7572572943143878,0.8502071944787787,469.12434509577025,0.06551008508715572,0.4179684345857977
99090,-8.150017312088789,-6.191718559517021,2.1285292947945718,0.8281820982749087,469.94694607056675,0.0034179846812518733,0.4181787798036718
99091,-7.299469875349379,-8.235338273642462,2.6203716848358924,2.9815101501671903,393.90490105964716,0.07650817024140633,0.41821368622415744
99092,-6.678560631158419,-8.97746390696696,2.02091066849349,1.266694250228314,275.7931836748257,0.14218940822355908,0.4183599879876701
99093,-8.065023981328878,-5.716864103601704,1.3073790006034878,14.978414147272664,451.6951005016698,0.22591209614845464,0.4184113185144841
99094,-7.151166094558457,-8.210174954489897,2.700813900448011,2.4375611914227524,294.8480267350989,0.07357331971561099,0.4185899763436934
99095,-7.33292793635434,-7.702994399391957,2.456317212237998,1.1634500397959482,297.7743485124761,0.7616718530920705,0.41886724663873115
99096,-6.2559749432008225,-9.148545514963399,0.969974733952992,1.032942871978437,264.8734036671069,1.5697847904836495,0.4189975606816265
99097,-6.837393909169958,-9.148106125076461,1.7441401829564622,2.3128640182804063,437.917108243044,1.819256765640854,0.41908637936193327
99098,-6.869916095015752,-8.151708727989067,2.077684534883918,1.4809440092731239,333.35715341735823,0.07986820262508676,0.4192898285012935
99099,-8.207268493655617,-7.425032290324326,1.8447479517764647,1.0464829751891893,467.9755430376527,0.22444451609815008,0.4193773979546157
99100,-7.384643951241372,-7.9715834435475275,1.2993222440773846,0.9932290846823352,201.28216254859507,0.8209267122662416,0.4193827612450331
99101,-8.373161720698672,-5.808317205513888,1.4566327776244241,1.6077207304751349,377.6874536314301,0.9166759969594933,0.4194817961703721
99102,-6.416001494942106,-8.601961518422529,1.569288912480685,1.8383043663866494,438.3805315993093,0.524744420886142,0.41951347685538143
99103,-6.363125101803438,-9.687089767362544,0.6556665571307885,1.1587077924545885,212.69646922600515,0.07669775259840605,0.4197477647143301
99104,-7.191536201993878,-8.398237451257842,1.0331213617866744,1.95970087332739,398.51060593905663,1.640601911494235,0.419821523762774
99105,-8.261925783517219,-5.064667921560906,1.2485584273659491,1.841664467045942,468.038777352362,0.38538081734619656,0.4202713270742994
99106,-7.034480013758396,-8.272835796475942,1.3972298994753536,1.813934610647451,432.7456805453531,0.05260049898479924,0.4203121941700649
99107,-8.32757197134944,-6.728652505513568,1.799410176955398,0.9626176675784832,250.40547557075757,1.4064195910451742,0.42052345642967615
99108,-7.7929736225763335,-7.826889760979893,2.4018751408561902,0.992303485901786,271.01794716571993,0.36066184790024014,0.4209458997299744
99109,-8.16393256272155,-5.575403350651456,1.9064070890399794,1.1948511083462694,253.18702496379723,0.822015085046023,0.4210747996149148
99110,-6.331499057606429,-9.531290280122144,0.9358608538598214,1.8669582869138517,467.96712078702194,0.5550101355052428,0.42108012064950534
99111,-8.385483339200428,-6.453224080415342,1.3160386006199376,1.8308178526900172,436.50326064175454,0.2985146147370772,0.42110557363647
99112,-6.916038631510723,-8.319885568447251,2.658137939688808,1.6101479803466696,374.0268662315052,0.3877060556818357,0.4212942777523879
99113,-8.293635690928216,-6.605907560390566,1.0980069191557573,1.5668519287060885,358.6209708534347,0.6986387919412635,0.42143651346684047
99114,-8.329153239753202,-6.778795902163233,1.1418213829596386,0.8012323064607951,232.7933632396138,1.5255284954768529,0.42145151709863615
99115,-7.549431717997912,-7.342650273218713,2.208775512879433,1.0880117054175948,282.6407077013523,1.3989259886254262,0.42150962783091883
99116,-8.033198749578233,-5.974719104330244,2.0080063280424754,0.7864108417171374,205.24115514253612,0.7479338550031276,0.4215836715823272
99117,-8.136633083905105,-6.082145113009044,0.8997573988374101,1.7907699241481347,425.9563103064279,0.14155279576482105,0.4216048357295559
99118,-7.208694973863944,-7.926392596864498,1.77561853114764,0.6844443096400972,209.53064618159206,0.6321421461289152,0.4218463330852779
99119,-7.783670569956419,-7.004128837348222,2.559424745462306,1.3046443115838793,321.43179995255144,0.4488964812807117,0.42188038807393796
99120,-7.880923357859875,-7.130838484963472,0.9738309010616621,1.3033522802893789,302.53245793971905,0.27672863192221,0.42191977143062215
99121,-6.262999765662991,-9.332507167360331,0.731733318925968,1.1220354270381878,466.9528070541287,0.6182962970373334,0.42207188827599096
99122,-6.994204789680396,-8.045298776976914,2.1458360312018527,1.56377592816384,361.9159959007399,0.11433468411333614,0.4226235998503713
99123,-7.036072493484079,-9.362844386046865,0.8448029781429484,1.0672007444618925,467.922974615307,0.39339394180553633,0.4226733622836344
99124,-6.122853562510296,-9.385258646801907,0.862685125292314,1.120938877890679,257.3867123806713,0.08579305390417069,0.4227417522502195
99125,-7.882985189057125,-6.962773798051883,1.162563016435998,1.2767096220471306,312.77553384874403,1.6164934963194497,0.4227681069826893
99126,-7.377280947086875,-8.093541214198206,2.6423271146150005,0.9109054667401514,201.25603743167747,0.2635782146428127,0.42278588928300237
99127,-6.456035529649525,-9.542776197315456,0.9355719828362867,0.9081918884829552,253.10374811752837,1.6835958705498308,0.4227934317529322
99128,-7.504730296249932,-7.442524303081001,2.3115787257445954,0.9311857948965943,467.30723269446355,0.47444043194433494,0.42287772141330543
99129,-8.205113081108854,-6.280440872745442,1.0303772391361172,2.1519176140350154,420.7383339193323,1.6431750023913745,0.42288091080931517
99130,-8.28382158868224,-7.308444464317031,1.1685501129752638,0.9904031559002308,264.6241308113817,1.3424939748020224,0.42300640944441265
99131,-8.154053466852648,-6.126677953615022,1.011097422054791,1.3036785713960835,284.942189900411,0.5290282504391719,0.4231914403657473
99132,-8.065538365376,-6.24060510082433,0.952592420912743,0.9565287725218762,191.30181136835344,0.6190719908770106,0.42321473683452654
99133,-7.702089306935534,-7.747661104070761,2.575037303722163,0.8443945460188866,468.9613214589409,0.08122959062301582,0.4232674601940756
99134,-6.94125457616066,-8.502882789423852,1.188031558782735,6.8790677976688945,269.48976173677227,0.30980476325380124,0.42329735810672314
99135,-6.658325337859781,-9.551516097408932,1.2448575825411476,1.8811440214534265,454.3215034655807,0.2271912480243916,0.42337045617844554
99136,-7.995760375651772,-5.883072946636632,1.8456514758638918,1.0815213021132157,467.3070315000159,0.07594059720113311,0.42340160850387387
99137,-8.001107106719482,-7.125495449101053,2.5142900504033405,0.468368389398817,136.4988037297612,0.10878430734354883,0.4234572827245505
99138,-8.089332178468636,-6.157948762769092,0.9506614588752454,9.833053510563206,403.8170833315982,0.2258301049975806,0.42357574741093035
99139,-8.114417386368938,-5.2413937423155454,1.6812672913956923,1.7975926203011836,426.08040126246993,0.4741504878173073,0.42373331755893007
99140,-7.661983453761637,-7.352985060687841,1.4325068629872257,0.9760553237675716,255.92745068133843,0.41142260385955876,0.4240818749237299
99141,-8.356133431510955,-5.811770338576936,1.5705444277869323,1.0714241523025216,247.10884786806974,0.6591882798012803,0.424282322752459
99142,-8.071588186674338,-6.2983605006316745,1.010806027799695,1.0173079685783386,277.6689582385761,1.3944146733710179,0.42429250992959044
99143,-8.183016414334219,-6.918007350492828,2.2100388068419594,0.6088341324165711,175.9605275498592,0.48310546843906454,0.42447554146311905
99144,-7.709244265915737,-7.215941584062445,2.6011717513974886,1.7483204188142203,375.7391891964661,0.6333663354257864,0.4248895457190531
99145,-7.958004963142914,-6.064502161372073,1.6653224910995699,1.7819978966635552,467.79551864767456,0.38117596560137823,0.42489171811497073
99146,-8.131474333453506,-7.846912422926095,1.4468723356051505,1.11288384874404,287.9689024618396,1.351174212955284,0.4249569301240536
99147,-7.8706262356215655,-7.181529312690001,0.9960641100739862,0.8552841386970996,177.56470874695296,0.22843141583661897,0.42497184384424597
99148,-7.930173745580877,-6.974313072200866,2.5714760003603545,3.0237498891368317,498.89026999487334,1.163340217427879,0.42508128826723895
99149,-7.265735119122506,-7.789735331093689,2.1546137179645193,3.656190960955936,548.2373788999886,1.3523715982228914,0.4252792000946502
99150,-7.933240866618158,-7.883927930225391,1.0044533115943688,1.5384826451905005,467.4124663302079,0.29142427568796503,0.4253008651626984
99151,-6.0966182106355085,-9.307481461744509,1.077715887993216,1.195242974316446,279.91644363002837,0.47934142633532684,0.42544035711557
99152,-6.163334396938378,-9.360525589190871,0.8404242771258533,1.263042647264003,308.16519049471293,1.699395243353293,0.4254420868597928
99153,-6.128121673557759,-9.435037873205829,1.063391838123177,2.811675805517961,483.84884784950276,1.6274012362054089,0.42545604178324986
99154,-6.429748038803496,-9.534318701050072,0.8922938602607898,1.1802386072146491,285.72981332667496,0.36455650588976596,0.4256506634551758
99155,-7.306356846766244,-9.01963474620276,0.7947866782140457,0.8025793062015505,469.2785042002552,0.005606692361759258,0.4257890038482056
99156,-8.257565316811782,-5.16508074246063,1.6988606116428526,1.5836701767504573,348.5221353837527,1.2655607290898558,0.42586394118440013
99157,-8.181029484926771,-5.884074612592106,1.9550784006569344,1.0457072344510057,273.3796471044487,0.8884976518008392,0.426100247232497
99158,-8.011243734926481,-5.933292439214789,1.9260203791640054,1.761328005777808,365.3222472490591,0.9077087202252994,0.426202363862719
99159,-7.72956050033812,-8.48327474847924,1.0196314342759498,0.8786965141081456,174.69013477084184,0.10723520945697906,0.4262443229114093
99160,-7.0884945271022115,-8.022769009679548,2.559279362124262,0.7424489500622473,169.79318503002378,0.3574843687727354,0.42631999755040856
99161,-8.130460933776485,-6.532876764771382,2.256661047278082,0.9105959204854089,468.3689571437539,0.8637737350571033,0.4263422303844172
99162,-7.8248589170469804,-7.3455967992666436,2.6264957291197577,2.270048850850405,367.9246675418671,0.11150674477596745,0.4264282520677434
99163,-8.072560530440775,-7.291274240219928,2.311802804015008,3.1811817526464976,514.0751440479919,1.5369591046250557,0.4265362950783979
99164,-7.754874617390739,-6.867886699898929,1.8026008462725658,1.0806990302221091,282.05349075010804,1.8252214606273416,0.42657854714667465
99165,-7.974525252425445,-7.6495371346721,2.2249936049180605,1.8008662181930353,426.8926551011589,0.6107138826401215,0.42674443711896143
99166,-6.2954651133437824,-9.163106514455068,0.9639300871512045,0.5073971776611964,141.35355735335472,0.9261287689253743,0.4268784494683549
99167,-8.024960982388812,-5.825441731510184,1.4786499930023413,3.400033346011218,240.99034260428056,0.4174702595966675,0.4272718732655689
99168,-7.610697044407112,-7.474054890717382,2.6352886885768827,2.112439874827269,415.9983712599273,1.6841461896841006,0.4272871073582939
99169,-6.580926213678843,-9.595029673025117,1.130983260494476,1.8838121461319617,467.76307260218806,0.31685983145776575,0.4272928035511672
99170,-7.325879595067356,-8.244452355045514,2.5666715649684284,1.7764875471327402,469.3691283836782,0.20262190781912004,0.4272978475404397
99171,-7.197751514620651,-7.970913845438937,2.6227905887277205,1.603612320416633,468.2094678187489,0.6532192211001231,0.4274633562618566
99172,-8.114954469228584,-6.121350596288116,2.0885047843778697,2.1220590913582194,417.7319668409007,1.8142083995811253,0.4275655388700172
99173,-8.34707664391978,-6.430407547629524,1.7177464799751414,1.1079074613241158,467.40834217331445,0.47840264062084525,0.4275678660747636
99174,-7.466360100522044,-7.894841088962458,2.6565703702168557,2.0376729656349215,406.65955800175607,1.5395392041658678,0.4275695616381949
99175,-8.11279637215206,-7.433285901937304,1.0086617302574203,1.8523102151802817,468.37574083162497,0.5272398990866067,0.4275892101841259
99176,-7.761253439328313,-7.653729980694173,2.5533338562051657,0.8091783314375727,469.38830983205975,0.000522026873841952,0.4276398495686724
99177,-8.120557654678453,-5.439851093923459,1.3330867071201116,1.0727538144341966,200.0131562253837,0.09099790195959567,0.42766200885930533
99178,-5.913514917752283,-9.392611413961024,1.3425491940473313,0.9954668819753941,468.1194042095174,0.7416267296599672,0.4277453360383905
99179,-8.080484354825737,-6.9291542296723465,0.8828976435968722,2.3783899624542117,438.04238230425943,0.8868038791483119,0.42780500230228014
99180,-8.144814245073706,-6.6669620644675245,0.9357828032766718,0.7846752684229336,158.64252770602747,0.7415993576917064,0.427825814717458
99181,-6.836748283166861,-8.1897738213754,2.324356310133927,0.7764099775806528,229.84478372880233,1.134409840274789,0.4278824392078631
99182,-6.845290019521763,-8.314923097016187,2.5813855230969427,2.6351412081120125,464.7708250949806,1.1780443920965809,0.42789866994819264
99183,-7.1525232843479944,-9.334964060110076,0.9713750069804076,1.2275316743932811,270.59699740867006,0.09185955283409086,0.42797925036532763
99184,-7.778448841824632,-7.64700729712687,0.9824365126943245,0.8865354980740666,197.02972319693114,0.24004710816959562,0.428009380758977
99185,-8.192425266410105,-6.452247603528453,1.0377118758692814,1.0002375560959202,271.2293965018061,1.7203233140511793,0.42818882238275635
99186,-6.9511886360838195,-8.797523303190417,0.826436744090354,1.3340993451477405,324.0028697276823,0.35828236545369574,0.42821942538404306
99187,-6.2955389915491295,-8.981631986715882,1.1779343864149965,1.3045071890412128,266.4820922002932,0.06254295788798991,0.42822636492960575
99188,-8.299230971744482,-5.60584814254491,1.7132722189858962,11.535341808346045,805.8551609780069,0.30315785814814067,0.42868222564836367
99189,-7.7503974617624944,-7.317132010295456,1.2466046536401885,1.310089738542845,321.9429774722462,1.257699648031699,0.42873319284274747
99190,-7.950608096325109,-7.660044944351779,2.260554847509627,0.7665502349776198,152.94820199852245,0.7933906916376889,0.4287915998192414
99191,-6.690127256792828,-8.855051793563224,0.9648883781413735,0.9561199344000741,265.4270603143202,1.7646665548942737,0.4289436721071435
99192,-6.098808483599967,-8.809684112186392,1.5913370421939304,1.7771554746430969,468.5430522172294,0.5654977147853506,0.4289604270615605
99193,-7.462181651132755,-8.886083522238824,0.9255770709635978,1.5315977698700325,453.9197301166319,0.7012083116868277,0.42919844731537155
99194,-6.739942298902625,-8.64187932074151,2.4187630296288125,1.6870417707222138,415.8388070958694,0.1830128750992399,0.42941657692742086
99195,-7.693067741546441,-7.77719055918539,2.5419582686661544,1.1362593807072476,467.3873090098593,0.10926385242819503,0.4294909673032566
99196,-7.774753454017434,-6.844172167254992,2.230036739885059,1.0407737222425841,388.59824732929746,0.3706950078966278,0.4296945314138756
99197,-8.248907366296123,-5.611425756960352,1.1968789950567327,1.1401767003001015,282.8184117253233,1.16124398150503,0.4298350319507147
99198,-8.09856629039241,-6.801206784747367,0.8907004107230252,0.5103156641447226,154.862187378091,0.9582717192091961,0.42988152424918635
99199,-7.430937605553137,-9.054089318564763,1.3070366158112028,1.1787506919918385,262.7698917636322,0.5050537835716744,0.4299434085966963
99200,-6.260850831258434,-9.4643370766433,0.8966132427093935,0.7001708636219287,141.52501668191167,0.18518120904293056,0.4299706326896082
99201,-7.995331003112502,-6.053729589732821,1.9331296031669138,1.0337117662368933,272.16064581969044,1.2579273487109077,0.43008718553936953
99202,-6.11505304421685,-9.113718968575638,1.6895082096709422,1.1304484519539812,228.47560887580366,0.8579772834155186,0.4301835958526661
99203,-8.35818982249029,-7.024992561818309,1.4206698274076732,0.8229497164564219,165.2528330856496,0.05586085006980035,0.4303630895816361
99204,-6.75288524286353,-8.269650612524966,2.0164222362451807,0.9591730168568454,264.60461072381406,1.1452332453896474,0.430390184213761
99205,-7.510272400815573,-7.674647136161288,1.4868712772653863,0.6730888514303183,467.6688548396973,0.47011055744691177,0.43047591988465983
99206,-7.93511002223817,-8.145070466428164,1.6094939580802023,1.0222841172703239,246.4077226481996,1.138493208979745,0.43083055874857856
99207,-7.017707998959478,-8.289596492239614,2.645352601082479,0.8572699927744478,182.61053419545036,0.3060240845430737,0.43085142095435336
99208,-6.769152070031817,-8.38200628108155,2.5267968226457227,1.282257548737556,317.94889918546835,0.40523271819538476,0.4309718172503318
99209,-8.071281462721416,-6.397715031874468,0.9500607767946028,1.047836752848244,187.31800064309124,0.25043717379538677,0.43098872884977435
99210,-7.774021298569949,-8.022408285163877,2.188049532020777,1.317102902525082,309.7852767724027,1.2481539012569645,0.43105047156085446
99211,-7.593111347667941,-7.811670025549838,2.605036956868261,1.0366313101494824,282.7675333964641,1.3009829322289033,0.43106885569373143
99212,-8.140417630877398,-6.1297398393608615,1.1073282502737225,0.7996799095475812,188.7059145657497,0.12231512851334703,0.4310841380801195
99213,-7.589367201464295,-8.627312769595326,1.7091799665375962,1.2121510199924845,290.6776859627972,0.15863953170364642,0.43116467238542155
99214,-6.977083097496742,-8.104237751071885,1.9810715651238207,7.544963528195585,719.5687500758074,0.32314463719563147,0.4316396423909253
99215,-7.683464946767075,-7.185423742065545,2.460329796551672,1.1718967936670084,301.6462902264376,0.724254202337903,0.43176382061791824
99216,-6.679035197927386,-9.12914974910851,1.7713743533800268,1.674357336634637,468.37109637970775,0.3465367443749452,0.4320909784341099
99217,-7.243731737889544,-9.30845045461068,1.0819169733175245,1.1831876542655004,397.186010656427,0.36087446202034723,0.432118691212922
99218,-7.914773264119196,-7.33958414685111,0.9261024580909034,2.1383131573150362,413.3538082396783,0.7354048265180673,0.43215232970899714
99219,-6.842756876026163,-8.57369366877132,1.2177824774492187,1.8867433250276548,390.9371273603409,1.7799014926206373,0.43216581225789713
99220,-8.343717908962248,-5.864211981647961,1.5866947909838747,1.4262579656442762,327.06724321535984,0.7387679433704486,0.4324940054685753
99221,-7.82274732545544,-7.633620088787082,0.9623682189564899,1.61568945569304,375.8541046644323,0.19605873680130514,0.4325419701612075
99222,-8.283625605375072,-5.070020535520307,1.4924765272737437,1.1768453379263042,302.5509278949214,1.7705408029187053,0.4325966114418783
99223,-7.033088062643264,-8.196053580958825,2.641077843005223,1.8547147433584676,386.77941502743505,1.7037975981304658,0.4330942297311551
99224,-5.97466894484885,-8.977357769828073,1.6293920947784908,0.9628779615103644,469.8844664920606,0.07300969452820194,0.4331183938148651
99225,-8.233595595947323,-5.120893753531561,1.6144816709382557,4.602555483935329,598.4907416135464,0.5312631215121799,0.4332106892973759
99226,-8.272258263306872,-5.357432287016782,1.6843266005920536,1.6943118552038714,361.70651774412346,0.25754173305362027,0.4334898589004822
99227,-8.064402151083218,-6.188923439130446,2.0979734276213056,1.3535278949820457,468.08736347956966,0.3091095835630231,0.43349492554597463
99228,-6.404767994507033,-9.474599121657572,0.9495687140212853,1.2175060934502053,307.73051314551276,0.5176712464951461,0.4336152251451037
99229,-7.651093348096892,-8.60242501260386,1.0079490919399319,1.0988896438533982,291.92797179962446,0.7521512036090376,0.43378933855055013
99230,-6.530894532017561,-9.206811595509869,1.6721631889849309,0.6983756378987772,169.96372650366385,0.5401720812913977,0.4338429963306669
99231,-8.23252127046431,-6.187908235364013,1.9422406104629748,15.561475228996468,822.5631772900109,0.24245639485580472,0.434010658031254
99232,-6.235229932751318,-8.953536035215897,1.8739289594846613,1.1967818968952322,303.6194576318211,0.4948869746580078,0.4340258883705033
99233,-7.510128517066482,-8.02682540176989,1.1038733083806715,0.5202992079858502,155.34850517067636,1.1793563739002968,0.4340959574518131
99234,-8.146726404274471,-7.236998694301906,1.0181350130425908,0.7463451178985544,173.26202530409714,0.44124855711160027,0.4342373243114169
99235,-6.9709383308804735,-9.453356269187566,0.9954832707988929,2.28197185380381,417.7686472158878,0.6463015823283262,0.43430421334848596
99236,-8.120147787634863,-6.103218944691408,2.0526603758430646,0.9382466820947042,260.3392944295138,1.3956528131214894,0.43462902374423185
99237,-7.862341555225375,-7.669502839799008,0.9587700695403824,0.6813518551254826,148.64995699357124,0.9506395409546817,0.43485422424300496
99238,-6.697564139050137,-8.873100598458283,2.122346834148995,1.831751173854157,384.2277336089951,0.5421157398468761,0.4349801348165144
99239,-6.6842635274718925,-9.363067784723434,0.684550287767505,1.5575205252698707,368.77767267341466,0.26836104152894524,0.4350121502475667
99240,-8.05821502639174,-5.957752827619935,1.9706221601146579,2.561286584285196,307.4932212945238,0.06027254963539885,0.4351397258529242
99241,-7.6133862106929575,-8.171106801549186,2.2836549731339466,0.6347348647038773,180.12371272432344,0.7041613320478861,0.43527330546614146
99242,-8.166194508594945,-5.741381770726614,1.885589691833346,1.1839095245478928,467.1846848007416,0.2593133776035801,0.43534231902244885
99243,-7.822534811562985,-6.670127947086994,1.80519719372206,1.2384775079776331,155.1866082352164,0.25356895648061517,0.4353936675080455
99244,-6.528529468254341,-9.073475008554034,0.8569606184185794,2.9078356095087643,490.5472332192338,1.3560857918182725,0.4353983326638256
99245,-6.7427829414510825,-8.544107826268576,1.3586542693509236,1.6626304335112527,361.59094635438726,1.4945980718826943,0.4354906912588631
99246,-8.199938496525645,-5.355926865836492,1.28806713462881,2.1236363629936883,408.5120310749443,0.8401917258205378,0.43551052479728714
99247,-6.834594156987284,-8.71330757521887,1.054034621484286,0.8455748770042094,228.00103022080998,0.30334125752319974,0.43555914776106786
99248,-6.63155671175004,-8.423017173424926,1.7607154252057788,1.542467793875914,360.1917225761714,0.32204881139045494,0.43559737021814365
99249,-6.265099121321077,-9.309189841504722,0.8059058953730023,1.5360515192806126,468.83415432477784,0.5423943334349746,0.4357137063854083
99250,-8.207882232990006,-5.0593316358168385,1.5488031652590921,1.012063988740785,208.01003812147306,0.6892951887634515,0.4357984648392691
99251,-6.286265966192726,-9.304516793130187,0.8682875317723153,0.600107642525326,130.61683280391264,0.1520743985154258,0.43582448412449204
99252,-6.848410134936607,-8.64605732406911,2.3991861333866664,1.1144752779424598,467.68923696110335,0.46132283897149673,0.43613554844089497
99253,-6.841107301198129,-8.255663606146804,2.4731302982370487,2.0798046938294865,414.25687511116337,2.1105497881206734,0.4362053075300221
99254,-7.204165118056493,-8.745771935917666,2.083940133658806,6.871141949152583,512.2824313887303,0.015528518426028981,0.4364193381928472
99255,-8.050501015834392,-6.613074594770494,0.9544958732417231,0.9837007658681947,194.19556483608633,0.4860469377698555,0.43645327732665223
99256,-7.863518775472187,-8.357029182479101,1.2516787973346444,3.005010400790877,494.0674462665952,0.34651953853366013,0.43648559183768953
99257,-7.471485578943791,-8.706447797864186,1.7882491202090074,1.657197215904015,389.04682297096736,0.22922736406620725,0.4366260142963578
99258,-8.103702483104026,-5.429951904720873,1.4837772724858336,1.7491553354015141,424.0839800174113,0.05594376685717073,0.43663912870807003
99259,-7.5910657231993515,-8.016749756685305,2.4571251035720776,1.0796427760625276,468.2429199269473,0.2699423635781031,0.4368378920181224
99260,-6.854973903071091,-8.247235612346415,1.8303919534752509,1.5646434536769582,284.54441833219806,0.1529131132740451,0.43686127210271986
99261,-7.067908469873022,-8.864617322410624,2.0196061063077355,1.2833892360571413,289.64365887805434,0.1173416617050842,0.436956853376504
99262,-7.337477431506896,-9.044514906972081,1.4805985901839116,1.3705552566213248,303.2373605090622,0.7659466741256207,0.4371205654225974
99263,-6.768307630506637,-9.52247788231212,1.2078247657570198,0.7950364466837921,236.49889921553427,1.1268029950238354,0.43730034289732533
99264,-5.998417993883447,-9.029210440382002,1.383234630570202,0.9124447188033556,468.2060300841539,0.04543255095854626,0.43730266410255814
99265,-7.902527055171483,-6.466246141013083,1.5324917730151892,1.135345762530057,466.3451203677325,0.4982641243908388,0.4374127103257105
99266,-7.969642225963934,-6.814461582971629,2.447912230577352,1.7274720872941562,467.64645956378445,0.3548570876915962,0.43795806289910894
99267,-7.242642544029817,-9.218047202793633,1.314340660856773,1.7905437498344392,426.81019410747143,0.06545188722923267,0.43799250066533235
99268,-7.205036962488945,-8.02890803918583,2.614611947183592,1.1367544589110286,277.7959884291819,0.15794621824945843,0.4379966517213772
99269,-7.507777142518751,-8.475647977092546,2.0641774400096624,0.810315161973429,198.68121260009323,1.216954986630511,0.4380299992688245
99270,-7.429376836349121,-8.45517171782943,0.8762469969512018,1.0454837353639304,467.17938766241167,0.809934400198121,0.43812182388892634
99271,-8.290575725762144,-5.447507152329656,1.6105067249239067,0.9084110520143011,232.0480574232867,0.9453076850145932,0.4385905420312726
99272,-8.13551180375226,-6.549871075563449,1.0069821882534538,1.8152345089652846,380.7373268695907,1.4953393165113784,0.4386089990056454
99273,-7.186849392912967,-9.287394636562219,1.2714637768507977,0.8904690191107245,251.07541642153143,1.0008509001277446,0.43869501398457
99274,-6.588685925977628,-9.511603336828681,0.8287158901112014,0.7498135701008245,208.98522242798276,1.2018783906399513,0.4386997117795429
99275,-6.67431999998186,-8.733725817725643,2.276106216293919,5.81142335853954,347.8940838291923,0.22291635966815004,0.4389951477919178
99276,-8.177401982506764,-5.409555775048126,1.3136781288991648,1.7845698192276194,468.04537959410874,0.5876906234282764,0.43908775007608103
99277,-7.999483726275095,-7.251953857401986,0.9289756796526814,0.9869476506716942,193.58977593232308,0.2831293001255517,0.43909484802493975
99278,-7.976043147469863,-8.11425517233961,1.2723349757806386,1.7297391879486423,408.15363372062734,0.20224000051510949,0.439111274659337
99279,-8.047393985577825,-5.785038510393256,1.5386052565256352,0.9108866031410846,228.2399024410987,1.342118789194589,0.43920781334932746
99280,-8.111745611190416,-5.47068112577964,1.6394769925947623,1.433122805780279,327.1188800912986,0.6611468506685743,0.4393428255108836
99281,-6.454656784570365,-9.14824763916212,0.8721604964527335,1.0960507601501557,286.867409916363,1.071739609242484,0.43943630292806507
99282,-6.841859802781446,-8.646318742107141,2.3889531764760563,1.8377839633972606,467.896851052835,0.2755228329644668,0.43944900298391565
99283,-6.728661719681088,-8.506991173732327,2.4572137900319273,0.7194550266528416,303.0015998978266,0.42215901290679714,0.43951347626410725
99284,-7.519409920115573,-7.679763749501753,2.587756583561339,1.572731031745774,360.78980548320493,0.21881733474179033,0.4395305832045282
99285,-7.7018220536671445,-8.254612797674127,0.9796165124734503,0.7629534652618093,152.59666943257753,0.6865042948385378,0.4395539473725656
99286,-8.010142913604744,-7.619468407646364,1.0164333325878396,2.5607237278002803,460.6776846455443,1.5249998582128432,0.4395564186778236
99287,-6.2047420915717435,-8.83548212756255,1.4575207329358484,1.5791323396609038,297.1899017440356,0.09561931545211966,0.43964370341792486
99288,-8.251940648136722,-7.382730099047328,1.1978859581758325,1.085060012830723,288.963159808967,1.597003454805285,0.4397060105070404
99289,-7.726219290536906,-7.981651483234388,2.2953477754455456,0.513038750828119,103.97132386525513,0.08960424374030129,0.4398788213407412
99290,-8.22757702971257,-6.258394972501318,1.9440646796384664,1.8302130780423917,468.3432934483635,0.8244158403795039,0.4399341066721382
99291,-6.892093452385011,-8.177857127010295,2.071815692445677,1.058423418703099,212.4024276548459,0.9828970336818985,0.44003545925394494
99292,-8.35992956885897,-6.872492094746039,1.537332453898454,1.7300453241027092,367.8984912723214,1.2644535410140572,0.44007126871515284
99293,-7.837073243952036,-7.510035741466711,1.0183359902979447,2.7396753224703243,477.41067085759425,1.605395345631603,0.440101894325021
99294,-8.087489750811631,-5.659409448826826,1.8103496958542082,1.049850975997433,468.86036608314254,0.6422395834118735,0.44010893630666204
99295,-7.342541042847357,-8.277702884267523,1.0711302240056961,1.1300010099169577,370.5854703891489,0.5360013868375191,0.4401202767121464
99296,-7.918673337603483,-6.661009407145163,1.3306960598811124,1.875261302486664,452.67937238268865,0.0822962254739581,0.44050520810487864
99297,-8.194537453116231,-5.126675758896052,1.4663585363807639,1.0964167902850108,267.73673301250915,1.3487602982597489,0.44065630347814483
99298,-7.639454137266999,-8.398424194090293,1.9246338264886464,1.180121406558469,232.52054382883384,0.01112639424023687,0.44084510184196296
99299,-6.554314365342546,-9.29803518069605,0.7227196467484498,0.896874802301671,241.1192494129128,0.41020274823898983,0.4408685524302473
99300,-8.238038242955163,-5.7696598143256255,1.804783337724206,1.305227066927967,417.5185218857632,0.28936155400590735,0.44094816673813775
99301,-7.747873665362662,-7.078877481131031,2.4216126336528343,1.0972756136226878,468.0250994734657,0.8600229187845541,0.4412324728673145
99302,-7.6585453216149,-8.438348814761666,1.8247043726988372,1.8918485546788892,455.74465703892736,0.5392276529182363,0.4414091013656342
99303,-6.634055835461519,-9.02588227258126,0.8581221285265676,1.0642472771291949,467.4331873826062,0.4967259804774109,0.4414491481172129
99304,-8.149824168170689,-5.651485094147326,1.8279493316378035,1.8427557459229085,467.4062237705163,0.8977268356312518,0.4418338564647613
99305,-8.234584001401045,-5.348962292219441,1.6420001552510248,1.2627300239836383,400.30824074174996,0.7945555741257913,0.4421295730756341
99306,-8.118832296444738,-6.499318839740341,2.191503909345621,0.7691343373866231,468.9332768725371,0.20932183379475067,0.4421331190864582
99307,-7.868223177998214,-7.427080070297483,2.505536373743236,1.8433795614449777,374.3058444493169,0.8729143205684871,0.4421627100726835
99308,-8.091462732973357,-6.274089168880014,2.106783898884145,1.022642832087215,470.33492121554525,0.12321960901840523,0.442244522086177
99309,-6.419749976696897,-8.76873443292343,2.0870320754553977,1.3791872581531133,467.8118991566501,0.0939104473309289,0.4423523992199227
99310,-8.083377187216419,-7.202428287384776,0.9901587513531078,2.4671752555435402,263.40466721821457,0.13213766383160142,0.44235617218773265
99311,-8.159230690444893,-7.445282319787066,1.085630327392021,0.8523757456782127,187.4823809033001,0.9450564931381171,0.44238973709189194
99312,-7.410661111759202,-8.305100325494198,0.9871722073503522,1.4477946905754475,321.7998785276048,0.13628587352883148,0.4424690605713732
99313,-6.352479806235281,-8.778739422929958,1.401549911529621,0.7762392690012138,162.95964422647492,0.6955726425070017,0.44248118581276996
99314,-7.333696067927498,-8.154710510796892,1.2218380214115925,0.7029583154406878,148.78270800040684,0.2671095052458696,0.44270556622618534
99315,-8.135674355100694,-5.61318380131655,1.8214667242486262,1.821666428471108,433.9105737423695,0.5166725798272331,0.44281591516623703
99316,-6.471626088778146,-8.94712995442889,1.1222845816218692,0.983703254047119,158.9847388236997,0.1917597965278155,0.44293588073709894
99317,-6.338268932150802,-9.50753593781539,0.7782549001949176,1.1003761997823909,290.43832604597225,0.930128985636486,0.44300194876198495
99318,-7.906936393239924,-7.5454814014834035,0.9785742255191069,1.0079707642782436,470.1609432765437,0.01585321217376201,0.4431139890258253
99319,-7.812342761800123,-7.788417771292458,1.0018559789390773,1.786397820312102,425.7614184175779,0.6847077296059974,0.443298577867579
99320,-6.630350345143173,-9.47076264206455,0.9496333712556108,0.7661789960445767,468.3115013941736,0.35580017519521245,0.44338185069926195
99321,-6.671940310091074,-8.365486551434454,2.254962837750406,1.3231198365634542,236.65308232281214,0.03511107733013841,0.4434059354253082
99322,-6.7000144444905185,-8.364548819983249,2.3254787245789528,1.187566349782445,301.44495845124203,0.7410351435523985,0.443630301747779
99323,-7.072567743278496,-8.174791613139998,1.5830857663456184,1.1204838985096086,241.21786538246377,0.04530861483035409,0.44412571569061665
99324,-6.738169202608562,-9.348394180733258,0.7013479311200174,3.8080943644401786,557.3509238020334,1.1326770187795843,0.4441436445487662
99325,-7.52226707823484,-7.51635261147165,2.3691564474041855,0.5025016621577773,132.7137556582177,1.0896367528124138,0.4441989885282966
99326,-8.150150279327992,-6.394847157537946,2.0964196023814443,0.576100449428382,143.49271126355634,0.43621967447569876,0.44421467297958434
99327,-7.122433354040247,-8.305295496922158,2.576300828955376,0.8952429975316667,191.577134176956,0.9644334534571462,0.4444331854049993
99328,-7.362796449180547,-7.8014927641307485,1.7502284224110263,0.7179752661566315,159.21184220090436,0.1448514007227244,0.44449429449064226
99329,-6.472816950032292,-9.450438259496702,1.3336821223443946,1.8929141952555595,456.34059444168906,0.38534699824912444,0.44451515605353653
99330,-6.317672802094163,-9.452204680165087,0.7927014481693788,1.6737600403503623,454.13855102660375,0.3588192435993873,0.44460036441274087
99331,-7.056488323141161,-8.042286847702982,2.233269674994495,0.6148273904430818,190.99773109764757,1.2754865098205412,0.44480985435376685
99332,-6.404003171572562,-8.621073993190603,2.061847636687383,1.643873405130839,382.76878817188873,0.3878091063925,0.4451347034274313
99333,-6.108441954216426,-8.869753056706513,1.6109587984903244,1.0171805651027752,132.1417580932264,0.34258228138096847,0.4452166232815763
99334,-7.630608455479158,-8.595473405161338,1.008003851818236,1.845084544973634,467.9710480279645,0.32379647918183974,0.44526448196051766
99335,-6.885602807710088,-9.34061695879509,1.4007816123403967,1.2147722352253671,468.1617609068237,0.3358847777722538,0.4453682630162477
99336,-6.950024234819035,-9.444454792427944,1.2191241643941568,1.7991867659551302,428.0990626631936,0.12370504385314618,0.4454248150069058
99337,-7.924340883672686,-7.458926212923244,0.9848946424852331,2.3689781778364143,437.6113635976729,0.5134324229171758,0.44601308706896453
99338,-7.103425114957788,-8.807734406673188,0.8053376428969149,1.900373033558593,467.1415978415416,0.4847944663536481,0.4460154304949063
99339,-7.642830333674677,-8.402832388043674,0.9797591283707242,2.1963083882325654,423.3886541136196,1.4262762034498122,0.4461413303131627
99340,-6.057255783189134,-8.927785832985457,1.4662543388781124,0.9351328315810749,195.4879973822982,0.02973579803264048,0.4463164740964887
99341,-6.736237869486764,-9.06365691807963,1.817153149255349,1.673345027706045,355.2287274031226,0.4433571010411752,0.4464980358836426
99342,-6.428810056104617,-9.43932950408319,1.0212142366902903,1.2012965118852275,250.08759367833596,0.47508240574985106,0.44698201634052
99343,-6.389029716829439,-9.335747856407249,0.8520598144451919,1.2231155012236012,253.1314519315633,0.1657119394433728,0.4470104125036801
99344,-7.781991747564809,-7.1069270333499155,2.487607524192498,1.7923356479976023,468.40812443236257,0.4650612773947209,0.44706891600108956
99345,-8.02039215148206,-7.8345112373472805,1.7977355442608611,1.2488899353368024,468.70253580054487,0.4251331192431822,0.447089018945804
99346,-8.049044288328732,-5.815389665452653,1.6405703024734946,1.8104366563367063,429.2399088930427,0.5607689045383992,0.447138249495212
99347,-7.297840583877488,-8.9770272189431,1.6129871395340674,5.337749013682076,606.2421274575956,0.19976353177373252,0.4472288038960672
99348,-8.184904294074123,-5.344320041721832,1.5754322600730322,0.967142631882602,208.41145851961377,0.009049056905809927,0.44742289216295905
99349,-8.310662510087859,-5.643606169548627,1.4938901577724037,0.6839581751588772,156.67394792683962,0.07500534575013695,0.4474630042166893
99350,-7.44482687335583,-7.9325972418088595,1.3284838104301495,1.0691256833298708,468.02932321994064,0.030711018903144982,0.4474831714738728
99351,-6.059875284981305,-9.36094268936047,1.1971466874764378,0.8882762391070086,457.1698627546283,0.1147201372758957,0.44754904136655344
99352,-8.17823793377611,-5.554865519377208,1.76178289024971,1.340527513871499,302.9849882607781,0.527046996630836,0.4475593190629285
99353,-7.727608092569438,-7.008930348051043,2.0732383820785683,0.8336730424493316,467.7092007596544,0.3202409159033879,0.4476901683959442
99354,-8.23304884373609,-5.269969048185739,1.4467179584185654,1.5091717628769725,344.73533455928526,0.5911780736001857,0.44770017499122683
99355,-6.94259951402808,-8.152594379048447,2.3055652663697157,1.4194715837130312,315.70416342620075,0.6694597375842646,0.4480022679756427
99356,-6.021441353602624,-9.177755375328301,1.2607621470740507,1.2862852168747259,313.7478322644817,1.8054345422484985,0.44808910105849753
99357,-8.268883494599287,-7.126062911054842,1.1595230454033527,1.0877619582367202,217.19869823006013,0.4730905079341152,0.44832823569419405
99358,-7.285029381399806,-8.33255813897944,1.102879686469261,1.7416184899863372,412.725894282359,0.2597105066291876,0.4484544007289064
99359,-6.419228564815166,-9.33402688376066,0.8204715453705926,1.0952462592104497,283.17489726385344,1.396507023552986,0.4486185418273756
99360,-7.039607118785897,-9.423581349907911,1.1109006883780785,1.7887383460538189,426.14460301369,0.11139332228891252,0.4489435185113935
99361,-8.307700809017634,-6.837973709790851,1.749696782297226,1.306945321549413,308.6819961595151,0.4397384840121923,0.44901728701800725
99362,-7.150881859652174,-7.978140921523961,2.0052446422431154,1.6222928522396314,378.6911205793822,0.6447457423892375,0.44902711714637417
99363,-6.164090340992622,-9.311804552368857,1.428634958959151,1.503069172179096,343.8305609890514,0.7560840670479925,0.4490512508330456
99364,-6.232518798831256,-9.46270501765303,1.1541092574505158,1.7450510884707904,468.3473309753149,0.2525179893836276,0.4491750567894807
99365,-7.554936599141344,-7.426112543860835,2.0875776565721598,1.5627970203817498,317.9093552260685,0.1680517676018365,0.4495624483162897
99366,-7.662146054642488,-7.403177655890508,1.4939479178802226,0.9398912491548865,467.5363989696906,0.33822860032528546,0.4495681871581113
99367,-7.630818001427896,-7.402179573027378,2.4653216881807167,1.2255736305389042,311.60918142043977,0.5368047733944481,0.4500161826455061
99368,-7.229213606103616,-8.594125299186047,2.2294604646174223,1.08126619496735,240.0226862875702,0.4661963687833497,0.4500236988929945
99369,-8.196776280458934,-7.401995069841816,1.1265644326992705,0.9395188193854489,148.6173918001878,0.21969972748277566,0.4503382233048738
99370,-8.332818760227287,-6.683122169736017,1.6743906460398132,0.7783500611999251,157.84977404493364,0.6028401221911297,0.4506390171369518
99371,-7.792060326182778,-8.406965718424914,1.138778066641973,0.8728028423827031,467.84291465948024,0.6532919358986922,0.4507882930213485
99372,-8.264613326622936,-7.384312554742581,1.3259242359980685,1.0810923141987954,147.4811124940892,0.33829694186167103,0.4508669926975079
99373,-8.128671699910436,-5.487711237412552,1.4470330983387474,1.0258635485252134,276.74387007496586,1.4991853646739655,0.45121842128787576
99374,-6.3065048726828685,-9.159902998927503,1.1090643000374703,1.0647012153913458,280.03004149216446,1.7624043700954077,0.45127719549532663
99375,-8.10704031085867,-5.698743613762047,1.4116746566145788,1.624172248073919,379.42929527634556,0.3939797951333688,0.45134097666179085
99376,-6.690296544996707,-8.367017725011682,2.1972886164438017,2.339000566601812,439.6645463219253,1.5627384381326346,0.45160357606329815
99377,-7.367268532768618,-9.031628430638783,0.9770735871174552,1.7933631002336536,467.76981600629813,0.3483652177090626,0.45186366339631195
99378,-6.825703319753929,-9.087459705684722,0.7594690436722485,1.3101474656754724,285.32844900459503,1.0172215985237827,0.4518880232921846
99379,-7.134989032605295,-8.823697867296847,0.8028619075461969,1.3995088548821915,470.2294211181042,0.05854113222736412,0.452189579347645
99380,-7.3128802366792645,-7.902698663011756,1.6991075797877426,1.8419869320107751,468.35686619362605,0.49143977461546395,0.4522337967910038
99381,-7.55187011233877,-7.890554412610455,2.51575923712741,6.025608744362747,662.1864590386914,0.290968678627471,0.4529143229999424
99382,-7.911178252178252,-6.739518963331381,2.296172343737676,1.0794386425391354,467.63069667357547,0.5627065569722047,0.4530965685586925
99383,-7.54522415104943,-7.964873669997097,2.4831976591190084,1.0854073698372084,216.6188282330916,0.1376240588941844,0.45320316411659844
99384,-6.45962413782229,-9.290453631272829,0.8557966033439078,1.525489255258718,468.3603194163283,0.7934708957389152,0.45355078167279644
99385,-7.425688294402063,-7.742571165111902,2.454369479668051,0.7785176735252194,134.9938527767222,0.30664904120861713,0.4535801382871621
99386,-8.20756804157038,-6.092355617800693,1.1910275862540027,1.0584255222730212,466.32128236018167,0.08548378524947609,0.45405167647782496
99387,-6.554000626534468,-8.538114614451256,2.1827329669293114,1.8378114335726545,467.3025371510561,0.5737246629510491,0.4541185195568629
99388,-7.5404457576275234,-8.508042272382895,1.9183423209242998,1.610515538060246,358.79318204910237,0.8402763596411562,0.4541698755686401
99389,-7.598278812757039,-7.34986385296789,2.0166611922996003,1.1124579837302033,226.0770398499905,0.3359676447945086,0.4546015701810437
99390,-8.017120383167418,-7.998750764827743,1.4656667211109984,2.122028891971012,407.8369998691666,0.8281218181519785,0.45466598846359746
99391,-7.7486007861045465,-7.2683962812130405,1.3865254725280896,0.7647879009586045,468.00878630647276,0.29390175424267007,0.4547537195940386
99392,-7.261685051793529,-8.263784972289182,2.5085026511715465,1.5331154416209485,341.6729569326886,0.21855769467413744,0.4547644983752758
99393,-7.2946248677492065,-9.129608226830474,0.9875891926826788,0.9802236351883533,167.5978940637812,0.2979675917679119,0.45483721910386377
99394,-8.08468242278672,-6.272994203380453,1.2105783830335934,1.358964382649683,467.84798997798634,0.49690124083479503,0.4548618556498617
99395,-6.544779369104884,-9.097203070132343,0.9598670685550971,1.1384394530408257,468.00758429571925,0.1894091070116355,0.4548820536551123
99396,-7.293381542622487,-7.840193380266503,2.0907974071643984,1.87028851321573,467.0644795179126,0.30084150706436663,0.4548961417766819
99397,-7.759066118292752,-6.986498865943175,1.7667692791101008,1.1108506104440827,287.9342548037499,1.1731758681308255,0.45505289801943893
99398,-8.305387539580224,-5.725102193928943,1.3929298232126497,1.0315222493178944,222.6740698128506,0.23429995405825554,0.45520224092196077
99399,-7.436887629461538,-8.643996143434684,1.8861529208320664,1.2966459444260494,288.39500573833277,0.8793908163793445,0.4553673163453162
99400,-7.319568599459176,-8.153304355263135,1.2738803614261032,0.9007798928252059,225.80571190048565,0.39632933023827377,0.4554746878385537
99401,-8.21355264436398,-7.472093268103272,1.6388212154010995,1.0411080918784708,467.91627473508794,0.9215757589207021,0.45567022484954556
99402,-8.136348318173296,-6.061862881148246,1.2289291212929503,0.9206285232559948,239.95332824541757,0.18028264596740584,0.4556709838715545
99403,-8.222493110994948,-5.552486035343273,1.3605745751832647,3.2773091234222895,512.7720862895146,0.7081749335860952,0.45579334029007657
99404,-7.806588921800509,-7.2103094628678015,1.2830084275814804,0.8753600731383383,467.06514758922674,0.06155031256812915,0.45583980926630757
99405,-6.591537220024692,-9.375778127810182,0.8903198229589661,1.2389537634906052,259.6601388247625,0.7455309658124678,0.4564139196883284
99406,-6.928544985310755,-8.312300315223224,2.4970132547440715,1.01865041574325,274.91735366223895,1.7652155912488743,0.4568445000877281
99407,-7.209212820828144,-9.087048155938568,0.8921851835454572,1.0859282683047948,265.93136075869876,0.9461007310007004,0.4570644835756492
99408,-8.11337579610111,-5.785832448203226,1.760902126993866,1.5084986870622634,343.50609919652874,0.12075672137360893,0.457285098187903
99409,-6.699890025959702,-8.941367817784316,0.9855750342148856,0.9099532887768887,233.66100651573024,0.8043723905853275,0.4574432195890774
99410,-7.432884214894203,-8.828952087415434,1.6191927475795285,0.7593024814384939,175.3520945407338,0.35021778563477657,0.45752903920979415
99411,-6.082003019484002,-9.334450763762067,1.3072438511856463,1.1929818005953312,302.70740192124026,0.710553288754193,0.45780654608809374
99412,-6.390198568502883,-9.207417909402631,1.5874619801459477,1.088431169048941,467.9725141635228,0.8167170142742064,0.45790907208926035
99413,-8.073944269340835,-6.976285426645123,1.0448057431171838,1.8282821032527488,466.15737676450607,0.47208831992733646,0.45819269535531276
99414,-7.74997274243464,-8.490316369487775,1.424812413922325,1.0504446795608706,278.6957266179548,1.4333668807321676,0.4584837700761062
99415,-8.304271102597205,-7.181105150762261,1.385189061287898,0.6076875153957493,177.08181584141784,1.294182766281783,0.4585465818628045
99416,-6.282989384978739,-8.776472754155208,1.8785069895906916,1.6026767394622725,468.093344974025,0.791699736681343,0.45862652152029276
99417,-7.6048694518811315,-8.657000332073935,1.5545434668026694,0.9171796572715722,466.5737446864216,0.08763639432477266,0.4587869250713
99418,-7.82963477361381,-7.279820007384727,2.498835600950016,1.8028901508407638,428.68071760146904,0.052941866452288266,0.4594180096332656
99419,-8.01854168747227,-7.199453579811163,2.33781156612131,1.2996631255256352,316.3201505566556,1.8341844544544417,0.4594443805825296
99420,-7.0239297656202995,-8.11484736056879,2.2988541507651563,4.056951963057994,565.6337861448827,0.560886174284204,0.4594808989973301
99421,-6.028517116290847,-9.116032427948902,1.4766181220243522,5.496612733306856,401.461682057169,0.09806474710729773,0.46004553396017406
99422,-7.170808290755902,-9.191937869495414,1.3896897960500996,0.8024168272949216,441.31035242379,0.29311341704975025,0.4602614008730857
99423,-8.049571714351279,-6.491093683973786,2.1480823506273965,0.7092566584411675,467.14731644664886,0.4784212409334332,0.46037564142771226
99424,-7.242496724074925,-8.310088078730221,2.4717644567442116,1.8547080280847668,460.8813995155133,0.4974572043141725,0.46049096785604504
99425,-7.005225251304436,-8.86416996071743,1.9920083085613625,1.4710775498847248,336.7175453634589,0.46297030706782927,0.4605546988200937
99426,-6.198889602010652,-8.841491189689162,1.7157082483545827,0.9084527387955128,323.54055886354723,0.27861906771177747,0.4607454688297356
99427,-7.878909623850435,-7.2595156944476456,1.1425835922531895,1.1813764565389793,467.0616101569716,0.4088529203481608,0.46084994121555284
99428,-7.722092268204811,-7.973908636045958,1.0583676141842564,1.0714293216390234,467.1677677426598,0.40643657542673406,0.4608553633026302
99429,-7.651995847338948,-7.3804033993474825,2.407884955419871,0.6835930758548532,211.5750946272278,0.9927963167051521,0.46098995851587876
99430,-7.636177435937672,-7.956909501093548,1.10608523472799,2.3389436431229282,439.43337387593573,1.5544345328770994,0.4610212424442167
99431,-6.304191640816944,-9.352591111246356,1.381813508558537,1.1004060444752979,468.1941188510788,0.5428706939974655,0.46108245187828445
99432,-7.349239150228189,-7.797375915049535,2.0085812744761666,1.743808787022416,276.6405875208345,0.03133917978911249,0.46123332935449357
99433,-7.54463298045358,-8.229664415128354,2.243209435706112,0.692591813616765,195.11775284555182,0.9417293794102104,0.46132726842564575
99434,-7.841723202912796,-6.828990937344099,2.1920484980501986,1.1466301302174897,207.3407093957826,0.3362270268458518,0.46140443249388274
99435,-8.084785870492228,-7.854427463472251,1.4101852551338978,1.7394112510770467,411.59800684137167,0.30774510108158637,0.46150853618990173
99436,-8.29099310522512,-5.811979153139561,1.445491200569888,0.837240945303027,194.03201012359358,0.6253285243687374,0.4623261273689445
99437,-6.876944340884741,-8.806577165583239,0.9898273051351134,1.2245106371091456,257.3134058458574,0.35729407447764583,0.46253453200892986
99438,-6.8650129634428385,-8.251298919710926,1.9637834147817466,1.0874166179821776,289.5416203770334,1.0339877091973806,0.4626109411258962
99439,-8.007739664902246,-6.837394422567651,1.1512259635772548,0.8805250208732482,467.86494214387716,0.544436183069501,0.4626732085850292
99440,-7.848696866818388,-6.948666601241544,1.4223070727029525,1.2308513878273655,305.81243029353357,1.1946381536223631,0.46304442196395706
99441,-7.086059166461666,-9.276153204713985,0.9762561501020275,1.0630769361959131,468.09064124164183,0.7253979148097605,0.46337438931330055
99442,-7.585317028612026,-8.233153840875438,2.176544215328294,1.8990161817089264,458.30483257790445,0.5346470472469198,0.4636369236109858
99443,-7.627080211208512,-7.378071606821999,2.2762203748212304,1.8106154236053187,467.435164532706,0.7546113225733491,0.46420327810462575
99444,-8.069427162015243,-7.273376267665371,1.050953645844118,1.265362925052406,271.4299096068037,0.4034132217379893,0.4648067665372674
99445,-7.984293188653517,-6.305727614475906,1.8802475448228941,1.4151996334345662,468.1952737396228,0.2752401463786933,0.4650434971411521
99446,-6.079275480858966,-9.081796393313812,1.489705877468611,0.9634345741838837,468.21694449956,0.8389866275270803,0.4652373918646004
99447,-6.870016593058164,-8.294154549788468,1.797689091518644,1.4819289743846393,351.8492214510939,0.31725716823172245,0.46533891964985463
99448,-6.548321331171945,-8.539644343105822,2.064326573454616,4.688546761742738,592.366653489284,0.2910128194286692,0.4655566557547373
99449,-8.050909148411984,-6.924842773337134,1.0913786507260081,1.4441728200896216,330.13013110673114,0.9161840360082918,0.46575494005692963
99450,-6.884138954805209,-9.287213679252616,0.8179978393951709,1.2378352444370284,234.13317516949147,0.12090812241933602,0.4658061322692778
99451,-7.026472108442167,-8.1170934440506,2.155651424889328,1.1866962781585124,153.78669976722813,0.25707367373114387,0.465915868670979
99452,-6.883726906357497,-8.331962894002638,1.6627848991351488,1.580598140570647,345.43420306404033,0.9228754316898025,0.46607991870547416
99453,-6.905471994725092,-9.234495801383803,0.778196376502703,1.4016594724217981,338.28081740853975,0.5579135990437454,0.4661467944060966
99454,-7.781363163006304,-8.0951095317531,1.0611325566338372,1.2872360647688008,320.3348195574037,0.29683088643634736,0.46673139525137264
99455,-7.996732911853544,-6.4717368029929725,1.3577831758144787,2.9023881814376873,314.7588064000824,0.08234157432413713,0.46678537842037326
99456,-6.670830240998316,-9.206420420350412,0.7985433390920383,1.274434019798201,276.16383138487964,0.2897407199541897,0.4668274707943668
99457,-6.968320060764786,-9.006426839969397,1.789201394615551,0.7774270548796188,429.22533332038677,0.49829272805758507,0.4669142114377159
99458,-7.670899848246194,-8.282389380130459,1.0364445304491299,1.195183561233878,303.3905037792238,0.4738305665419835,0.4676552896877762
99459,-8.085807799010684,-6.418666398951724,1.2257311548950403,0.8640006839307011,176.29059270916596,1.1123667821034031,0.46791126784972126
99460,-6.540758336181229,-9.459970338540831,1.1014151514768384,1.5583350984616693,366.39125165072795,0.3084299081213375,0.46811479963207986
99461,-6.8314922363712345,-8.752921422910733,2.1725774806533966,0.5190742010284314,106.9320552390968,0.17447975000844274,0.46835862878120277
99462,-8.137216068516617,-6.929890879546967,2.1394878601221734,1.114876506402301,467.93521257904644,0.8159608558454439,0.46841478871882447
99463,-7.336820107611981,-8.652087284589243,0.8869370124539482,1.3855442365003563,315.19173903131383,0.8354304736347435,0.468747828424157
99464,-8.242518876393143,-5.752768388725902,1.630675191162553,1.8197112192447913,467.9550486745121,0.4763034012007852,0.46879637537050983
99465,-6.42607179264362,-8.842544065763619,1.9363313407476077,1.8580509559371257,445.2979891583296,0.1989686264368915,0.46883688261268486
99466,-7.405231758464584,-8.508180184029246,2.0884536735478965,0.8281326382090867,466.92829092124214,0.17018122955538217,0.46887019281888925
99467,-7.805480212748574,-6.927117685884402,1.6943306579190271,1.0668388472987738,282.7367003572803,1.443132806816065,0.4690919107842344
99468,-6.832195547570547,-8.9080660855031,0.9417530345005983,1.1528257833150812,249.57282813977497,0.797929972615318,0.4691741954354201
99469,-6.174065741321071,-8.988904412091241,1.6034866886781831,0.753146007430394,466.8830328381113,0.5099913350358971,0.4694221657588492
99470,-7.850121027557125,-6.906426991796895,2.245060842662565,2.768464244905863,480.82506686457685,1.8158943975682584,0.46951151678202674
99471,-7.896980559157267,-8.117315991094607,1.62930279652607,0.9120654959964285,467.3091831474755,0.5871772811707947,0.46960272277011333
99472,-6.609227506135605,-9.22670859921691,1.561542007992793,1.7397224340410193,372.26481356558514,1.1007828475813612,0.47026136214809733
99473,-7.783398073892236,-7.63673770421487,1.1338462644020375,1.080532140837444,467.8397345220444,0.919837210576703,0.47050331780738774
99474,-6.8480853187746495,-8.29029706145782,1.9193753641583602,1.6732018705841132,467.87276212168183,0.5956195195110228,0.4706020742367193
99475,-6.7847505588685495,-8.905694310099447,1.002540409421562,2.1074194300021354,367.72247745619273,0.15208972962728406,0.47061834562886623
99476,-7.980428761323007,-7.609346427432127,1.0729971050660176,0.9061817836143315,469.46414400756623,0.15546372420493704,0.4710281608858474
99477,-6.050221768257519,-9.142601273968527,1.396664804641049,1.8536038510227486,469.4763024513643,0.006919597706519731,0.4711009601353008
99478,-7.984803800427892,-6.841733447493251,1.1970612353879353,3.160044931805,511.1961280931657,1.3156642609926044,0.47111411840516304
99479,-6.721891245308611,-9.292482374520734,0.8698840450847556,3.0394580833862825,495.85112772545324,0.838912652493021,0.4713299724010289
99480,-7.872697624521665,-7.218293403497618,2.425344679620469,1.2699388359330994,262.9963829476115,0.0475543577953621,0.4715416307310477
99481,-6.275722864985605,-9.12168354556138,1.2070439319171884,0.9029586160810968,236.20866592778762,0.5034969706822965,0.4716019352017015
99482,-8.218049071303602,-5.667255976544467,1.4354805666166328,7.6714578833947185,509.1250027032957,0.03749910109967303,0.4716399286319912
99483,-7.976316786357901,-6.364069116514647,1.5617073550068161,0.9719902572394097,469.28477107353785,0.008684391504957922,0.47175855848749165
99484,-7.49208792678948,-7.770432900903206,1.555876524073492,0.8204228481739725,169.46175438914514,0.24447508369143112,0.4722913816850667
99485,-7.763263590699225,-7.343124781938204,1.3444099274956753,0.932414056203106,247.8811544076719,0.20347213226946081,0.4728861057911626
99486,-6.1656468910295015,-9.306386983245696,1.2944100017746232,1.8610954297827602,463.7644679850352,0.5282262541915612,0.47344103846009594
99487,-7.431803854714202,-8.651965294977218,1.8402606498916811,1.0902130017448044,466.96154569202434,0.6024741472609874,0.4734507374391274
99488,-7.900912617968248,-6.605662678948575,1.919679869815092,0.7998018563922435,468.6039446274822,0.10792842272375669,0.4736537292806174
99489,-6.872729785801606,-9.438431156765624,1.1256448913285382,3.8634461102020263,488.2862613654973,0.111537793649652,0.47369460770540855
99490,-8.030351430257708,-6.822593678301482,2.257138444833465,0.6609642703219493,193.5435892633702,1.1579625485231668,0.4737642354223953
99491,-7.84850918668827,-8.166329184284109,1.1247543904889017,0.9518723322546171,195.38686039315678,0.10392439074218363,0.4741491606197454
99492,-7.861328567673771,-8.165207199210432,1.1500443914557217,8.693690462941277,478.5899173315509,0.09795879143547648,0.47422892883237006
99493,-7.06867742499278,-8.437221245418081,2.410853351074691,0.7758659626703306,447.5431837375251,0.2903218040443898,0.4743922544762676
99494,-8.06287657556346,-6.479412491644813,1.2427574505701622,0.8221885862388137,201.5359274506623,0.40349136732663027,0.4744532274061859
99495,-6.760320048935661,-9.445239693616934,1.0840276741321382,1.7402719427671502,409.84601366614174,0.621042013108398,0.4745149626867839
99496,-7.954077863172502,-6.576453103330509,2.062318496236385,1.0099617358520991,269.5783445425562,1.4535553943520965,0.47486054318514315
99497,-8.091135332786486,-5.974036210017711,1.6557283066718136,0.6836730573430705,430.99791171752656,0.4005019738111635,0.4750080069658307
99498,-7.3727681235377105,-7.889455351547186,1.6842249987749252,1.1763540057382278,470.20295587843054,0.1567391279855066,0.47542063030469317
99499,-7.399818585001379,-8.579950075227826,1.983668222285387,1.8780744354250816,467.6924704171362,0.2767403444592036,0.4755475425155378
99500,-7.852840765663504,-7.9669301472696334,1.9389165651347475,1.5411166396433653,349.0377797951213,0.46575346300008036,0.47584082749483847
99501,-8.128882834849323,-5.833806255505346,1.496937580963508,0.8644621303928309,172.864035622249,0.1363210836244786,0.4760148198354019
99502,-6.394909213166178,-9.09468180950433,1.6696462103954717,2.5187353449263536,231.52693593218515,0.19235760882390895,0.476339720260028
99503,-7.871206595025546,-6.7509458895830425,2.0026327208365133,1.029873416913167,241.59805108076065,0.07838017453872315,0.47710680488590657
99504,-8.2313113430083,-5.772787855740132,1.396983789294846,1.195471527474968,277.5592210017036,0.5179867124908322,0.47716039339297484
99505,-6.7033387184908335,-8.475849151514456,1.6804947043950544,0.72095758660951,150.69924830911052,0.7783870267794208,0.47724942737583137
99506,-6.423673337981172,-8.669119777622907,1.744757213617136,1.3056944885026116,293.8443157081353,0.6868799762034561,0.4773299592452776
99507,-8.183410297548724,-7.381258412621221,1.7618836841062804,0.6791479158849464,467.24126973224554,0.4231280021851065,0.477468554595017
99508,-7.961171812312715,-7.40123299543838,2.273487341008952,1.6844906596675289,359.7277206029598,0.7612988013393718,0.4775591561689779
99509,-6.683319612230305,-8.51699971423698,1.602588191490745,1.0850918914153747,283.45020191506995,1.6019323750517893,0.4777775922430594
99510,-6.709657192014892,-8.437961095914218,2.1609232782024406,1.0608436190102124,277.3464569409494,0.7110855354619181,0.47780560793084514
99511,-7.153688453710552,-8.587770482646143,1.0445478487611144,1.0921345391209971,284.9341774745041,1.017919073030039,0.47787884483081405
99512,-7.161077730380462,-8.15588280569245,1.5975309669509454,2.377602491255674,411.3124004955885,0.21418677074023673,0.4782037912964642
99513,-7.313617986613702,-8.172617353232859,2.4448286600850784,1.5595644607185546,368.59884702762395,0.5673443900746484,0.478233973162857
99514,-8.14219994248616,-6.4095160717664434,1.2081304526654635,0.8777881921435735,171.51125962011312,0.0688531321390089,0.47844817777283244
99515,-7.904592424066435,-6.607570715101923,1.7962847373501092,1.022701107434204,467.4824853055932,0.10932725770472018,0.4784711182502469
99516,-7.716271647542566,-7.432970121881913,1.4146152938941619,0.9194922495195015,254.78765081331252,0.6378884889981125,0.4787134207369157
99517,-8.201183255247223,-7.38903762174772,1.2160532494147347,1.215153793115481,273.0002777063061,0.09390719824658422,0.47883038869043754
99518,-6.387627019769935,-8.712863301278098,1.8541273855076625,7.016040072110655,682.1419463518342,0.2568052636592606,0.47917230697424157
99519,-8.119153322770778,-6.249713422928169,1.9213602423499185,1.2791002610231657,311.4558824736368,1.7897592833981975,0.47923250817631
99520,-7.777796087811726,-7.9530198527403435,1.084726863213811,0.870586215926408,468.65561539946657,0.4936228054371652,0.47934032289393114
99521,-7.015867447534541,-9.143689574405764,0.8685533564878933,1.8428234400233139,469.2835353706076,0.6291950866304461,0.47943370155943604
99522,-7.924040602736927,-7.202992394139599,1.161993684326029,0.6070113285621598,161.63858147078955,0.25302745407035054,0.4795015396902591
99523,-8.18644451691988,-6.679432050370456,1.9740862144580091,0.9304162564866917,200.140737906807,0.006552492961807488,0.4798733718132494
99524,-8.0164394684701,-6.253845344457816,1.580018924360329,2.4544007749524863,450.9175557269206,1.6190386055291262,0.479927452314719
99525,-8.160562436844813,-7.157345127498269,1.9782251991477238,0.8845071060001874,467.7396220549731,0.42707567711186645,0.4800897745525341
99526,-7.261784440963581,-7.954672293507932,1.9413612603794776,1.1315155774273682,467.4337462969091,0.5462738663472733,0.4801722138013969
99527,-7.0009601757229,-8.32537587023949,2.425177592550689,0.8287804768923186,182.82175749747617,0.36026460774258684,0.4804991537339705
99528,-6.638896870122956,-9.139714337614189,0.9984390394815589,0.8338207410560334,466.79249981803457,0.09136565808286967,0.48060440351604616
99529,-6.9026371680788285,-9.1832288274189,0.8538309618554462,1.731985365920481,469.85732108998474,0.03305940327882606,0.4806746766246225
99530,-7.224570727818248,-8.111341917080667,2.4452971871436646,1.4762191991025102,332.79823504282194,1.1658800231754203,0.4808301733859535
99531,-8.261196874786823,-6.015974191637628,1.5672795636763894,0.9067900577849521,467.899616453115,0.6396905601851044,0.48104208550069155
99532,-6.499239479672348,-9.076726812715027,1.7084034511279973,1.40771328829809,344.6647066170255,0.25462664264314316,0.48107484308646986
99533,-6.9822791597757545,-9.380838439961238,1.1774305947631012,1.266523048335611,265.9975168298434,0.27660838307631774,0.48118728548647527
99534,-8.084093227717958,-6.648403045924304,2.1123850283011625,1.821875638335553,468.03589098490676,0.03180896583340509,0.4812292981643343
99535,-6.79238276336381,-9.24020226053426,0.9530937548679138,1.0097835224250862,272.99261530030066,1.4445389800875459,0.481590382612431
99536,-7.5520718198179395,-7.691815828319817,1.5681120677461666,10.659160727133735,664.5843629836556,0.1092353639188337,0.4820628462745395
99537,-7.758984919385055,-7.072738219209177,1.883336167281438,1.3635719184175026,252.89205394701054,0.014407104796983816,0.4821295408777625
99538,-7.750739744013789,-7.171725514291698,1.654486870499279,2.3584198034736583,441.2227903351446,1.6232385249453252,0.4821678456611377
99539,-6.946400416889231,-8.220015455429383,2.0816786228350095,1.7193690901874772,407.40774326666906,0.6694150484158667,0.48226281045295644
99540,-7.027216934216245,-8.621567393162696,1.125945661601482,1.4769217252637328,329.59493967474754,0.7960725015394443,0.48265714692237155
99541,-7.870151759933449,-6.768046329140804,1.7363296407048945,1.7910183063997442,449.4051309439175,0.48274482210719594,0.48269384349873473
99542,-7.292192273030027,-9.08922335695625,1.0281724089030484,1.754753736594506,370.32688843272257,1.0892189089476476,0.4828011479353067
99543,-7.4071999215750175,-8.782721881036892,0.982310526442595,1.011224838655364,467.5847678604502,0.4896237365933205,0.4830202589745676
99544,-7.076662489889464,-8.38821249727349,2.409082558355552,0.6105805985138056,173.20930217498693,0.870496450730859,0.4830648617340209
99545,-6.711229752686813,-9.441991532729164,1.170844236500823,1.2366485430703935,289.81830323499463,0.1385557854567212,0.4831070858173771
99546,-6.693209925742376,-8.45864691513675,2.10255994585965,1.4437510966019835,334.8398569239769,0.47318460114718963,0.48315653755280374
99547,-7.947943066472991,-6.935565370411191,1.2572575611031906,1.2709309283510628,294.86805124825656,0.14022827403122573,0.4832471791480089
99548,-8.087538186532047,-6.1640920186357455,1.8326337080775843,0.8447740517606666,467.7971629172398,0.3188980845602636,0.48334506567572044
99549,-6.906479732307496,-8.26524454325343,2.1705082762702124,1.8378808902415906,383.3216240299974,1.4872516350654843,0.48348714928116593
99550,-8.061745167043226,-6.113917605038127,1.722023909689128,2.0400392461057915,409.0491541419793,1.7297809626595981,0.48359956778232704
99551,-7.6840863525067755,-7.370400077824835,2.269719102757335,1.0234311958883064,269.23733467772956,1.4652956642858106,0.4839562962396681
99552,-6.971108783359435,-8.252121539253679,2.3166885768627385,1.1966008914118458,300.0070803210897,1.1635259257468737,0.4839859311343567
99553,-8.080098463959468,-6.53363612756395,1.2307391812770776,1.7281628955908832,467.3583313218645,0.525118253660227,0.4840039153149894
99554,-8.085980442190777,-6.32121402739687,1.9287348976343237,1.8517533483691118,469.1258489733851,0.20369638342176,0.4840157470150615
99555,-6.195714628460565,-8.973965605722979,1.4366423585391963,0.840057779919096,467.81899358701884,0.2726404537972753,0.48406933045461986
99556,-8.168314784452607,-6.164213523540635,1.8380754422971342,0.9902340542148454,262.22349130736364,1.6703291576052521,0.4841047728249512
99557,-8.02227348036765,-7.020731398013424,2.259534177037988,1.812338307385957,335.98571248460206,0.13018333737164145,0.48427118148677334
99558,-8.215155779244107,-5.966567805575998,1.6897231943145583,1.092859643694591,467.2637686004411,0.4333788479910732,0.48446487393786813
99559,-6.6590771020304675,-8.803152623157764,1.2277067541026725,1.1295391571856879,283.6304075988532,0.18533104550242108,0.48457821712031446
99560,-6.6699740407794295,-8.768980721724667,2.070113587712923,1.186210986942758,300.15104512039403,0.48137526136867503,0.4848615760201839
99561,-7.552757983515992,-8.771311384124777,1.3691191156029303,1.8619791034038111,468.0141506210341,0.37448341214611425,0.4851911740000012
99562,-7.78462822853724,-8.060880974958309,1.1009582514945784,2.306281324538919,429.98580039290437,1.000772563562287,0.48570993464274004
99563,-7.843732617483533,-6.839465274712569,1.8975672216059634,0.837995161397259,163.95887102210577,0.056068430911119904,0.48573197955288844
99564,-6.295375326906545,-8.926081958837674,1.4124861218627518,1.2538106201705772,467.78839898079445,0.05560420598692861,0.4858722339109608
99565,-7.8398170966742216,-7.174416700005811,2.344430728639224,1.192939410846627,137.01986049628144,0.2996303303788119,0.48602917769557524
99566,-6.618269997082383,-8.582968492675047,2.1163727669913763,1.1818618784840236,273.8899218693386,0.6661773435238372,0.48630689696543855
99567,-7.9574082992549755,-6.927857329940827,2.265644201763252,1.7059737637026162,400.5803174551142,0.21887570593418104,0.4865265280653748
99568,-8.000715230786021,-7.946876316008855,1.3808933036482702,1.482178068483761,334.9977529242676,0.3147093891311217,0.4867678867151359
99569,-7.852987689048316,-6.987225542744728,2.2188280810741836,2.6822761333834753,472.77056832633804,1.6352700622856053,0.48679126593438693
99570,-7.7946138224301,-7.870055654114296,2.1263910357718947,0.8460026264221601,299.6921345798989,0.47217759970156425,0.48760963457387446
99571,-7.906341890638283,-7.167857840661922,2.340976751560566,0.9711988920687552,468.1008439521821,0.8047907485683243,0.4876935018230579
99572,-7.909021414544139,-6.702067103155297,2.009972218956731,1.148889357278989,294.943807543143,1.0292271773877504,0.48788897021082017
99573,-7.843013236432711,-7.001454927670927,2.2060381229128057,1.5889359984370637,365.8643188130166,0.20664637479351722,0.4879955424210774
99574,-8.114162408264864,-7.572388793088341,1.1842340384965615,2.4569074453361246,452.3934015678821,1.8735594818307169,0.48812199626145514
99575,-6.498387412577788,-8.67448360273676,1.960914795292498,0.8137632130521852,227.10525451975153,0.8838499608867085,0.48814136105365835
99576,-8.063186089697233,-6.376594629136614,1.360941228925594,1.1351990453887584,467.3868594289013,0.48097866188002936,0.48825850364196405
99577,-6.966534179194345,-9.371687382322838,1.17648596904256,1.8359410222963524,159.38686958953943,0.38167855943211393,0.48880546219969634
99578,-7.236176204278369,-8.007125305965166,1.9066876019940706,1.0100574089156833,130.0456155252388,0.33667101098227104,0.48906877564975565
99579,-6.964264798706584,-8.576316236317775,2.2776289993445147,0.9366300155425838,468.0110160114312,0.30796607977089785,0.4891495985772233
99580,-6.931785615925141,-9.095011807506141,0.8734174089756366,1.2546622894581962,279.1109929281422,0.0968196233754588,0.48957134525848794
99581,-7.546562852379099,-8.429579795671785,1.913289968485018,1.3290805550084483,285.87832956820307,0.5165464857244926,0.4899616799402243
99582,-8.008174070879337,-6.425215602852069,1.905095054304723,1.5668942618581665,366.96013603205057,0.3190010341415581,0.49027950827722316
99583,-7.6047623509741324,-8.306179136539289,1.9673027555014508,0.7636678027568776,197.52935152704964,1.0855441615445383,0.4902821388337254
99584,-7.291235652741603,-8.335882732214124,1.1921722952964746,1.0614490857469259,232.6194382956958,0.0264519539317023,0.4904976609869853
99585,-7.6396417099913245,-8.456247593841612,1.0766186987452777,1.0089380752250665,263.0511675927768,0.8459236174794631,0.4906005202684866
99586,-6.284643058093476,-8.895175134337961,1.5646898981448685,1.7585037680429794,416.9625391003301,0.12672720594075404,0.49090330721981607
99587,-7.755826714781923,-7.30503755532965,2.317846015475631,1.0546300084322564,250.0544636350756,0.2469061557068466,0.49126617375894094
99588,-8.065152875652478,-7.243347567561724,2.1172867928340424,1.2840512351384152,223.66736603345646,0.04887991576504369,0.4913303627189418
99589,-8.297885579797356,-6.981013327820671,1.4540593514499423,0.9797139340083679,256.8294222823369,1.1419668239091125,0.49145395633102235
99590,-8.219596209448522,-6.340183491561666,1.2706475909158528,3.2807491752423803,505.74237801046877,0.47986586371278594,0.4917623034358715
99591,-7.964107992345587,-7.416529966256521,1.1144426794219593,1.4332255762389403,331.73529008823533,0.9920586010974768,0.4917720355218446
99592,-8.090942961222307,-6.107151159999612,1.7178689988332587,1.2070123594998894,301.0952434971593,0.8290248302775964,0.4919001724703525
99593,-7.976877018948027,-7.587891246362081,2.0507455636297895,1.0762256840588813,271.4363897520589,0.9765226345977043,0.4922085254240967
99594,-8.251349829201487,-6.21681724840968,1.3338884496592955,1.6495141086172425,386.86844002939097,0.4908778403894525,0.49222708805484633
99595,-8.225491491842035,-6.1303864805139,1.709885924139974,1.2784422720859692,312.86574268667295,0.7147774059978511,0.492319609086365
99596,-6.966487004861111,-9.320341515393777,1.279476302067157,1.7993256512744358,469.8882466711212,0.1285587527107772,0.4926761824367076
99597,-7.886737562696704,-6.7978806145397535,2.017121096442462,1.1642629518673746,291.2765937602673,0.9422137754451585,0.4926930205209917
99598,-6.69854409352527,-8.773601655132625,1.2511624010220967,1.6847150056574367,362.6858031761412,1.3004764225306946,0.49279143471078746
99599,-7.372411460242799,-7.965956217474331,1.5940892855369013,1.0838653473138853,282.144281235346,1.5994973948132545,0.4929369335725165
99600,-7.809694972893745,-7.905787400193808,2.042365300701698,1.858600309995867,468.35641385127633,0.6420614132267177,0.4931719787229942
99601,-8.150221602997334,-6.11219766916629,1.7718528007899934,1.1045726870267525,467.97595610763045,0.8249823397335305,0.49332500094953063
99602,-7.095198621078209,-8.180253102228686,1.7414054195300255,0.848542587189351,216.5875305653299,0.7460577968271513,0.4934899308625197
99603,-8.280829541327515,-6.495295678357822,1.3243606158558867,1.769524529109348,372.44418154448164,0.4248319666660185,0.49375985298292546
99604,-7.037261726162271,-8.603414266532393,2.2189631408739467,2.126937728335932,409.5754252211379,0.2758449648536603,0.49383276827698563
99605,-6.916267325101635,-9.144726899359254,0.9498202682279746,1.8004375662978034,448.4806288736546,0.24319178959965537,0.494107199133722
99606,-6.9372137061738925,-9.063940062276739,0.9324023503686512,1.6076885562453824,356.6136146200204,1.7363523012837128,0.49418726412663766
99607,-7.856357258407456,-7.83506757410901,2.024548918864299,0.6551975382048251,467.85482025343657,0.4428206994614543,0.4944641890387261
99608,-7.853541302141906,-6.848725946862289,1.8137918441060643,0.7893067840834328,169.63336967095947,0.07539763836518976,0.49475212013722253
99609,-7.748590689521819,-8.379841872082695,1.1943065265666108,0.9359609819891314,468.7003824936501,0.5960229664805254,0.4947979946171651
99610,-8.139575045374526,-7.002494796223576,2.027994214164111,0.968045087558057,252.58597328838113,1.5113372722388503,0.49491003554467494
99611,-7.177688150524663,-8.349436885316614,2.3662118913451513,1.664786304615972,389.909730595676,0.3369463848012977,0.49503108504937915
99612,-7.825244453985761,-7.086052744484928,2.2039447389589437,1.422238762808157,468.3068528164217,0.20731806507252504,0.49509397590058213
99613,-7.119626095787643,-8.136727462276134,1.855962452940377,1.4589242485225102,292.4483064246306,0.33916344854551816,0.4951527980237512
99614,-7.959767479300611,-7.946167664020611,1.6186113524918337,1.0199940333576414,242.21154982190927,0.09312868098571148,0.4956645036865368
99615,-8.213093242043627,-7.229452512566887,1.2315999590999516,0.9615636032546904,183.06989969441585,0.13940262591733354,0.4958488550925285
99616,-6.964410696529469,-8.55597463179919,2.271111754155694,0.899412048202802,246.63244472473954,0.8926315618180665,0.4959130307839861
99617,-7.2580429756269815,-8.693854271569746,0.9732415593741373,1.181111624669446,466.21003550455305,0.1726188922225358,0.4959588606012419
99618,-8.223581574563838,-6.351082033022726,1.7678812292073813,0.8012925294824077,469.4724445790878,0.007408082139607863,0.49603988548776745
99619,-7.751236290747424,-8.335638247795512,1.1675483199123728,1.2673150909186641,312.4947184355693,1.9731322641309523,0.4961233323994404
99620,-7.528823963556064,-7.660279320523141,1.9421268435792165,0.827604857131825,467.33891121828844,0.5467216940449111,0.49754161589113044
99621,-8.087642808421275,-6.28929569368455,1.417420977133879,5.091475579902094,441.5542142691559,0.04821414943590785,0.49782644037940466
99622,-8.017014075939628,-7.571557681386814,1.130388703019297,1.1011952249429562,290.3475917465943,1.264838530909798,0.4978494348323062
99623,-8.198819291961573,-6.33633404334323,1.8031986298292906,3.7787864619940663,534.2035332127302,0.2972466782168306,0.4982397684828381
99624,-7.201521798828708,-9.197462214263169,1.226285780914786,1.024949208598349,259.9541765268952,1.1685027092447005,0.4985204066463567
99625,-8.151266176271202,-7.064008562016404,1.9621078473403941,1.0967027846656001,284.5177836456427,1.0572060064625228,0.49880847446520515
99626,-6.569950016076527,-9.257540050558013,1.4328719447400455,1.270799681077671,285.23137261486374,0.3611564967979204,0.4989613217002863
99627,-6.97429714956522,-9.04680985169908,1.6679910181921116,1.609844205249564,209.55223294360425,0.1542308809519941,0.49897403000130786
99628,-6.267076193568388,-9.152252584294244,1.3074285107753698,1.1399973289989342,292.82798681627776,0.8353742342740382,0.4990725671215293
99629,-7.481737833475868,-7.899584174415974,2.328070624942578,0.990142331247329,267.85933263790315,0.3875134904586295,0.4991936367341154
99630,-7.100392273592734,-8.13994348884458,2.1371058965863736,1.365002463135291,321.89945465284154,0.20003624701709555,0.4992636118975531
99631,-7.285295406385065,-8.263616151466762,2.349648062044382,1.808276246952958,467.8303734430006,0.30853801432476047,0.4994731616791604
99632,-6.9618380319841595,-8.731669055173349,1.1118451541224008,0.8044768182578312,458.8219926644518,0.2948809137940369,0.49963920939925094
99633,-8.174370921615534,-6.889757582149263,1.9381805229545679,1.1040795249953685,291.43731319136765,0.9962792183500655,0.4996504238184462
99634,-6.291317387366782,-9.180653852886714,1.428183686207283,1.4957984789109458,316.8489581524182,0.411131060458902,0.49999917394447824
99635,-7.6222768421804625,-7.730456267184885,1.4250241762145426,3.1961059836832018,515.3783731286059,1.5939028425975499,0.500258984874579
99636,-7.550363228734357,-8.048165384745195,2.2621615088685294,0.8270073765875341,469.9701845000457,0.09237315414840008,0.5003972422726779
99637,-7.141273823519373,-8.783069966218921,1.9159439314171733,1.5809602913946517,467.84747312827795,0.1606312179038154,0.500537552328003
99638,-6.62398863542442,-9.088204592409411,1.6663724245659137,1.8944148347457535,467.69281423343887,0.2720952267953427,0.5008125844488905
99639,-7.828275957019194,-7.195524744065802,1.416819797562055,1.0638779508622125,256.58503867862686,1.3319569107694305,0.5008992470690344
99640,-7.089831818830099,-8.520816006755577,2.2549341080221526,1.4141761260979087,318.29680427382885,0.46301849583891297,0.5009196439807531
99641,-6.533715215504188,-8.691659981835539,1.944471271416233,1.2506940106732618,265.69195179307803,0.08098612241273706,0.5012347291579984
99642,-8.044519925799145,-7.80496947904619,1.5390233506178261,0.9923709494576517,258.51346348366025,1.4093813723936508,0.5012861161540761
99643,-7.603062087558396,-7.568610575175283,1.7643507958278175,0.686927662312528,201.92203291096982,0.3233817093034794,0.5013372977740597
99644,-7.61102303315847,-8.319310936940017,1.0854375525395197,0.823121693046335,431.34682641688283,0.40829612032195417,0.5014271248035389
99645,-8.218675580698116,-7.258702536166699,1.2716939119967774,1.0332063058281098,280.09475323750763,1.4054066300075982,0.5016802738829379
99646,-8.249068421149508,-6.261951596363683,1.636872500112705,0.9135011050929942,237.90752182906223,0.5732688682463927,0.5019531875689244
99647,-8.229154463023239,-6.139792666092765,1.5829765708385266,0.7140015159823212,136.77541182986693,0.24159065495210186,0.5022994202143446
99648,-7.043886901928229,-8.554551229774244,2.241243319924385,0.7532420683770517,467.87370081779153,0.47899763277379837,0.5023208394912959
99649,-8.236811340823,-6.840692326700325,1.230554779895937,0.9213311704152297,260.64920545555566,0.32604712462034335,0.5025093775983708
99650,-6.746236853520649,-8.5094965655515,1.6504526900236556,0.9412991978096896,251.733825968278,0.5354690612737398,0.5025189296384104
99651,-7.122239932598109,-8.858891364225116,0.966470135325352,1.0912287915066068,236.86810606968763,0.27726353004573756,0.502565975355282
99652,-8.05898546074152,-6.432081902016326,1.429598838499257,0.7480209805452946,225.39000259732822,1.0636885826715803,0.5026647731661911
99653,-6.827490467687604,-8.388291395450537,2.1144713967492055,1.878510876917649,468.04876455790816,0.3270882027070723,0.502853021782158
99654,-6.878621546107473,-9.304261250067634,1.3211847402805361,1.5426974124109445,355.7403289880276,0.057019331925958205,0.5030601933439659
99655,-6.468409510832188,-9.099088829975695,1.1791825640606104,1.823981688711327,468.2592671875188,0.5586883568737644,0.5031095611540692
99656,-7.897088096715315,-8.084824140981887,1.3020570848523407,1.1096700713982177,467.8956013137875,0.8052251891589739,0.5034013394200004
99657,-7.6425114794203735,-7.887928332340665,2.2442886163554845,0.8791769383176541,178.30244962307248,0.07582903645810735,0.5037173621609154
99658,-6.732910978800884,-9.376203827681444,1.2361889691450905,0.9670558944209819,468.0443881583264,0.6989482771444075,0.5037803018978112
99659,-6.577628868812888,-9.023724206700688,1.7235373120730895,0.9006725394987295,189.496053508886,1.1833372312221622,0.5038149356279489
99660,-7.682874736996533,-7.464180308622049,1.6184355178100847,1.3630444809131794,320.5100033681411,0.3618257811308627,0.5040470760794767
99661,-7.944810026825632,-6.658659417163295,1.6308576311193197,1.3660467136843026,305.6618359254625,0.14388253378809512,0.5042149502044267
99662,-6.863080651296132,-8.367396479540622,2.128836573808589,1.378267662275819,333.1838934600824,0.8422894373405407,0.5043892517161382
99663,-6.603434785075833,-8.623306296724252,1.6313176199270985,1.835916830358341,455.8393989029623,0.28360148055251333,0.5044402219994507
99664,-8.264077467519595,-6.783521076344269,1.2976244659496152,0.6795913996946475,144.13997693288232,0.1372711441166965,0.5047156841354787
99665,-6.304908683597709,-9.002290531660615,1.535832177648552,1.1111895531725007,241.47620407023516,0.4919211594827422,0.5047812330267761
99666,-6.346489807935165,-9.25074649292003,1.3018719261291034,1.338409252140318,320.4837390996597,0.6856269934237753,0.5050722409104934
99667,-7.780994257659783,-7.521571018824281,1.296995353565466,1.4764764061688251,468.5709974920273,0.24410756345686035,0.5053154805287761
99668,-8.029718006743181,-7.516314302615314,1.1420179838385012,0.8660014978940873,223.59017237602419,0.9100770373682145,0.5053260056885096
99669,-8.086832651618991,-6.259307383625277,1.5125701102265252,1.0846417395869143,282.01801478491353,0.820849148728608,0.5055327924256295
99670,-7.8603283178533,-8.161973769843929,1.4567633962303104,1.007579096013387,468.34135406978476,0.5141618706195565,0.5058059133039721
99671,-7.7594463740492685,-7.9179888473530635,1.1516094738563285,0.9082511126354584,234.82260845787246,0.3170938401537988,0.5059784993017336
99672,-6.752347547923885,-8.580872705822454,2.1533948561305123,1.2179814707409862,287.0558423151643,0.2759797215361077,0.5061073703826843
99673,-7.464193429062534,-8.472902341508014,1.0678160707373372,2.4632839980035173,454.91350283516516,2.5967260211760257,0.5063865342125282
99674,-7.482478638638089,-8.51604705096458,1.059925228166168,1.3999164040648664,318.4090021880533,0.9291791549562314,0.5067678217030185
99675,-6.758740055775096,-8.709594190120711,1.301779212594052,3.0539637515817653,268.0841498374612,0.4703339835170759,0.5069683677534571
99676,-6.940325743891856,-8.316996640026016,2.1826417078376164,1.134203875792005,138.0226545998023,0.31002015280185,0.5070053818091196
99677,-7.506065454426924,-8.183814939618212,1.1848598323058115,0.7967570612820559,209.3545268619208,0.043030909829947284,0.5071699930914485
99678,-7.80949148606496,-7.995196894238833,1.1486899635124663,8.297008746419179,702.71992615373,0.21525149688223255,0.5073224408410056
99679,-6.494267098856099,-9.123679344103014,1.5626842825404115,1.077893490417781,281.26172114578384,0.8501155402929905,0.5074104553636424
99680,-6.470442158357815,-9.073936146229698,1.2062958837538733,1.581975342274047,350.4584097029388,0.47858565135895237,0.5075227140436828
99681,-6.820926296799683,-9.35643753824457,1.131240185673771,1.7178474687803762,406.19080776921777,0.4237602385339594,0.507551095138957
99682,-7.467160474632344,-8.434684883984643,1.9831988462243442,1.29669868129624,268.6755746851592,0.07117972695607566,0.507607983542191
99683,-8.226877510255669,-6.224975078932902,1.6296651227564452,0.7588274425172096,360.9981983925201,0.4861167967172735,0.5076553335682965
99684,-7.718708554160493,-8.245508415102398,1.136400101358431,2.571329009653733,464.02261853775974,2.1382141849146086,0.5079680065830166
99685,-6.633281958433015,-9.309578220963544,1.3474700216607762,0.9505006568732817,263.27241669192586,1.1616300583934818,0.5081741891382097
99686,-8.10636372313513,-6.21447365612296,1.5622940927837794,1.7990053890804159,427.25533138834504,0.5101041755299027,0.5082789986891405
99687,-7.241200921846068,-8.041075371086942,2.119871236269196,1.0063779155878503,273.49994962899297,1.8740617220025273,0.5082826329411682
99688,-6.6173601858264135,-8.666164667584304,1.987976094499451,1.2350336238291704,468.4319905070108,0.3368045692161905,0.5084880250737617
99689,-7.734755102570864,-7.42324378265366,2.2451244517376767,1.1639413337976077,212.82488467397567,0.023049093941011733,0.5087260868604462
99690,-7.680046497267891,-7.921510204151593,2.1588408319567804,0.9273545524740032,470.30248607273353,0.024744887978394026,0.5087382623770782
99691,-6.543834551609735,-8.648835804812688,1.7600135584414975,0.8358773141069229,470.02282292827886,0.22768387774937615,0.5087522069820251
99692,-7.183024852667774,-8.727692038002264,1.9344620277160294,1.1484060081332146,468.65196995795895,0.32406838644437475,0.5095386472912664
99693,-7.181739602392785,-8.10312910590217,1.9136431303885915,1.467177506153501,333.6151748342352,0.4785985629120706,0.509578371215536
99694,-7.125922075792692,-8.619797662213983,2.109467694957071,1.0995273947443303,283.68009030259424,1.7172328234349932,0.5096904687543089
99695,-6.973637780699272,-9.038783986467784,1.6585288047178044,1.1355759966225658,217.29737397376385,0.046571821217222364,0.5097305107573067
99696,-6.500100988682274,-8.927936845998985,1.7732145334092373,0.9472674045023647,468.29682228943835,0.6037902145732232,0.5099944790306001
99697,-6.928899455465318,-8.507118530651546,1.4104244479012062,2.415729139848787,449.81132980548006,2.273339053070286,0.5100483690871113
99698,-8.078905154938177,-6.676205158615934,1.266328014075388,7.857672952635665,635.3229385723743,0.13933076217780993,0.5101572223046029
99699,-7.087107386320934,-9.250886444007037,1.2350340299994793,5.833992258148274,488.290198515457,0.01341908859197094,0.5102539756245483
99700,-7.450610610219563,-8.796985338047932,1.0687178221029021,1.4727773186435842,331.3380199736718,0.8050315258177401,0.5104582586186885
99701,-7.5702478128574455,-7.904042835999792,2.256193762107403,1.7174223604576255,404.21416973223955,0.6045434965326555,0.5105569241777967
99702,-7.558902999906852,-7.693640724760695,1.7383034613248194,1.2001566964616954,468.1876469882949,0.24048931449632693,0.5106045189498268
99703,-8.069373272235405,-6.328668192084472,1.5728095750907274,0.5732859730887298,145.91637940853744,0.4734292737318997,0.5106466286067647
99704,-7.3879599062941805,-8.438026684254577,2.072538643825595,0.9156606232666573,246.67758553149798,1.2882734109642522,0.5107909210222058
99705,-7.819251737334861,-8.043190260633835,1.1658419765105015,1.485450894716678,341.3792334340233,0.5904760809989993,0.5108256654972008
99706,-7.011681019554118,-8.399590529678964,1.4833592716481723,2.7186843093550643,247.26100649140218,0.2094916362465744,0.5112900561473811
99707,-7.403388031451108,-8.156854608391082,2.2782041046551536,2.959901978653227,238.36243844612147,0.2542388457554825,0.5113024230438353
99708,-7.385574428078939,-8.87382133078825,1.4893273074379403,1.442578982349003,328.7027762202661,0.6694043269780492,0.5114178104344803
99709,-6.738353126346068,-9.176950684422934,1.516049087044435,1.204742696608445,248.3902535389453,0.5365562021978159,0.5115800167196114
99710,-6.299870566727243,-9.02304031113264,1.4396532024481556,1.189431405895485,302.2795619628176,0.4931505643774461,0.511701168132995
99711,-7.549031053532644,-8.388029811856033,1.0917728527416193,1.1286512527850654,467.3985565698428,0.6582573604691424,0.5118545497606444
99712,-6.585631184654874,-8.620902403810474,1.8039306671595947,1.0073267713650653,205.1300368406723,0.02426301118041163,0.5120186571702516
99713,-8.105758557000675,-6.672206716523423,1.9670609719629066,1.5276690009763922,345.8969000483754,0.9634553551458067,0.5120797686251871
99714,-7.828773283850774,-7.248455838809181,1.4262060206860554,3.7407946347841077,316.7462015975878,0.13598567521969152,0.5121586522962148
99715,-7.14551801285686,-8.140076769565002,2.10383751491981,1.5058429261071196,394.7976383845471,0.4527126236170069,0.5122463491234117
99716,-6.306212199816432,-9.006382539851305,1.4179879352517875,1.1878763037082127,467.40443797085453,0.2588847364087332,0.5122746891771986
99717,-7.046525745793038,-8.254954451492072,1.757633904714596,0.8001835530075944,200.10767616299987,0.2364394351284398,0.5124951476841405
99718,-7.135532990679868,-8.828141789656794,0.9953092150797695,1.8933185939891872,469.4559138360349,0.13571560987815,0.5129305775291897
99719,-6.454792001156356,-9.258239883828676,1.2173838609032466,0.9828291308751357,468.2726858160204,0.5416335513413868,0.5131622221300798
99720,-7.042594472830256,-8.700242676318572,2.0493810298869626,1.7012749960048004,467.805611000143,0.6446086818783359,0.5137334902086018
99721,-6.739581013440838,-9.185458925859296,1.4917731439242157,1.1591896192099944,249.10880453485592,0.05028298942815912,0.5137811068570763
99722,-6.928063139533239,-8.698540658431881,2.0814059437161005,1.020743427365554,188.61096122593483,0.11276115379515428,0.514199888787502
99723,-7.7320071789237055,-7.5768808894768505,2.232002396586549,0.9488202202175527,266.85147222829227,0.9129640212643038,0.5143111335479638
99724,-7.591278113012557,-7.644812545269691,2.1026675831208017,1.5889347531275044,468.7997574460058,0.32135516323404456,0.5149694459010761
99725,-7.571505192223373,-7.93672043140584,1.3473805652343442,1.2197859562164128,467.9017659856357,0.40040648172709226,0.5150545014352811
99726,-8.208199802746027,-7.332014841092299,1.425301734897534,1.8989580213285842,467.6273839203007,0.4428114622645145,0.5155536113586692
99727,-8.074517346583507,-7.627499785266388,1.675868519718532,0.797691693363245,179.50025703816033,0.7803257319013559,0.516241072055996
99728,-7.885570368438993,-7.2627141448857495,2.2111834608400875,1.488162777424618,338.4031079004857,0.03003771241755704,0.5166848674107356
99729,-7.9494999768643835,-7.409571885345831,2.131336169077336,1.13992278586858,290.56704181654584,0.8486430793098689,0.5167719029036938
99730,-8.11667117812089,-7.608155444054081,1.5022994261833422,2.3973237953339877,443.12417140137643,1.2720699852470005,0.5169259402601227
99731,-6.390908395288589,-9.079471552273986,1.4992393635452992,0.7565293279536917,224.09270947536646,1.3917783301825644,0.5169765806382772
99732,-7.418153953005861,-8.768209993020097,1.0545033616317763,1.1102800897588625,266.7370690894015,0.33510695665051937,0.5170872730085561
99733,-8.197521015423632,-6.686765109965015,1.8140151367666153,1.1853538756384068,466.18559281325315,0.16774991056417132,0.517169682047086
99734,-7.964783658764626,-7.778029493115178,1.2048762349580149,2.094710044393335,408.9700580980957,1.107901972188456,0.5174843331482895
99735,-8.143895700531635,-7.447027134976375,1.6742264523856394,6.076222472301234,491.12331848879353,0.006774997200301058,0.5175368029350664
99736,-7.223467649749437,-8.69455238821145,1.9195417539301958,5.844185176962836,429.87239787323847,0.07056296140595109,0.5178764092141193
99737,-7.601762214439852,-7.810211462553243,1.444058396156021,0.886670224370591,470.04761755267015,0.15726376595036573,0.517932679423952
99738,-6.868534678287785,-8.75730625056893,2.0129649521093684,1.8019781116752356,438.2584481126475,0.706750395824085,0.5182167141640399
99739,-7.603610731200966,-8.615663957794387,1.388459863659279,0.7181570651607434,210.91637091963182,1.2661480262590254,0.5183969290673266
99740,-7.187335839321543,-8.159229997475617,2.2133822782293238,1.0463171520861012,182.26617296922734,0.057410348299046454,0.5186999898137103
99741,-6.496212635596184,-9.11167642519344,1.210763576940227,1.039333689705789,467.9574387179697,0.4532497649562064,0.5190827477970003
99742,-6.4447822145149445,-8.915557633071991,1.4005017130795496,1.7556949222456646,470.09885919130653,0.12334572703518187,0.5193824717050262
99743,-6.548770674890843,-8.687354143288704,1.8226830578445443,1.6898878920797664,467.8298627389037,0.45125034439657696,0.5194698592549188
99744,-8.080829296334587,-6.369077168025928,1.7156051753527113,8.28556559525014,751.7291787115145,0.4378801858816841,0.5198163075474667
99745,-7.056375677925104,-9.242191079397259,1.1110802536680073,1.8162959681539885,433.7916048041883,0.26318812012581994,0.5199067491316869
99746,-7.869491034771604,-7.987644442918301,1.220963544997936,2.5951476038071744,185.4553305155968,0.390202331355999,0.5199218736214033
99747,-6.87200844554952,-9.28067627294346,1.311378567371249,1.7974802346900078,468.4644415250589,0.012874801102844557,0.5202007195771486
99748,-7.190096560337612,-8.31463504882521,1.4119838317642108,0.8843715485410661,199.54565695033304,0.01643800715751187,0.5208252799112828
99749,-7.959650559098721,-7.813871542595494,1.7175951342598783,0.6809098409915512,136.85063495106647,0.7733245324635787,0.5209266561049514
99750,-7.025736656243968,-8.721933131516005,2.0068340787060857,2.4058344919975108,448.9228465000625,2.2885647543849146,0.5213834895255457
99751,-7.691103351894466,-8.437307975955743,1.3183026545679362,1.0178754951953093,467.110228368328,0.051668085420856436,0.5213964997998921
99752,-7.786825249034784,-7.7019688469161265,2.133373841193914,1.9057409678939556,468.7591200491851,0.6449171491851899,0.5216496144066564
99753,-6.38284383750963,-9.068441000811411,1.343108931887349,1.0499063730570148,192.2537708135212,0.10728424342522391,0.5218160268270996
99754,-7.541227791997822,-7.783999505703119,2.1216046681297063,1.6239146283391563,342.3122700109001,0.24825746774826474,0.5218840893454579
99755,-7.501096993178941,-7.795005252244348,1.9897468055506342,2.746182370095808,478.7219964486828,1.7842570644451703,0.5219837771414921
99756,-7.270616522347019,-8.050360734155568,2.0040123701759622,1.256344032373571,315.0684212897643,0.36908389735057856,0.5220045961460376
99757,-7.521841154289438,-8.390244724835567,1.118637026628,2.7326427935607516,475.78138614431475,1.433806440080704,0.5221817268205949
99758,-7.209622806388106,-8.644461840355586,1.0830056714236138,1.842180842155435,467.8533859601877,0.21756793609653968,0.5226045336312032
99759,-7.949519250903083,-6.722908383661463,1.8249326657428182,1.3930547313203696,326.9867403988732,1.0621170612450177,0.5234084301447092
99760,-7.558351858445468,-7.713279706326395,1.8788635764591402,2.5686806974343432,462.657070433056,1.8078774639452293,0.5234342557447792
99761,-7.4985107138769775,-7.855762102969478,1.6851634694402666,1.693346285120807,399.16328324620895,0.49052533452509817,0.5241077829148916
99762,-7.491012802926556,-8.029303922220814,1.4034789637679421,1.3526577261925672,468.1115180793935,0.3420507545336049,0.5244129061151003
99763,-7.33801978725822,-8.377396958420182,2.1399410943884525,1.669155712298777,392.75971944244174,0.5543310022729422,0.5250654374983831
99764,-7.445411580302672,-8.872132132047103,1.262844760433103,2.4544541411713006,452.5960829637351,2.025480622207395,0.5250787781310714
99765,-7.2947674477731965,-8.207119834320613,1.4466606282790406,0.8904686818979152,228.10951782526365,0.9981409112115998,0.525456316449406
99766,-7.979057114745839,-7.237626609791523,2.118415881327323,1.8222878894065895,371.2803510088625,0.4747325080489464,0.5257038471423997
99767,-8.244741490698797,-6.800731288535413,1.6546626743238153,1.0598751018009638,285.59452226596636,0.5825809095258512,0.5259729972291665
99768,-7.196347483387816,-8.208871624383374,1.6147788235791651,6.666011861609777,512.1258758238467,0.011089272475184764,0.5260723133734229
99769,-6.700396885891168,-8.810416263479423,1.8999412251244274,1.8936802234569063,457.6743224041171,0.3203104311863738,0.5264233420856993
99770,-7.790728149457413,-7.63571314654723,2.145133759616211,2.6987869448463533,475.48686970760343,2.106155693693089,0.5268498785444568
99771,-7.292385740947893,-8.821900882889707,1.0384023587779099,0.9198409315365103,239.12789797398767,1.0889923713852383,0.5281919285022904
99772,-7.076899116530424,-9.019181025636893,1.5847594784544496,0.7192098854519628,212.71130019320165,0.5173050785992164,0.5282571917309221
99773,-7.111588568175246,-8.634950511329741,2.0462779437056122,0.9366928209907894,191.55963499712655,1.0152460812376285,0.5286639616931307
99774,-7.104200192499792,-8.248209470238248,2.1810665549698047,3.0697397152443497,506.1164178986902,1.8204682373527978,0.528788397195846
99775,-7.768282063794493,-7.271295013972297,1.8537733489618744,1.5830454219467478,468.6598089390263,0.28823448854650824,0.5291958053869389
99776,-7.802906618095712,-7.378511686849846,2.1405023725088426,1.0786507142057904,466.9864799474827,0.6063378350883255,0.5294814849212519
99777,-7.747227407066896,-7.532628596387364,2.1449627442675987,1.1119478495001773,288.9588783440325,1.2528632071534558,0.5295424178777871
99778,-7.568593851783167,-7.907961214348483,1.4435331633958104,3.2232293477534766,514.0305221558189,1.0486914792709028,0.5299640685580396
99779,-7.329706810096785,-8.448554154953154,2.066834105707406,1.0207109679326467,470.2801337808081,0.025863029276933958,0.5305964999071441
99780,-7.652495916467486,-8.431949552275402,1.5490498541273068,1.3525943488644203,291.2281483035765,0.17664652002741388,0.5307037486947386
99781,-7.201932963696655,-8.71608533544698,1.8845621998774822,0.8845537692587724,158.158794262492,0.15925868144767197,0.5307952987305723
99782,-8.241975155118391,-6.632541975594854,1.5056716015634992,0.8009663736579065,165.52274207936543,0.5403994291874143,0.5315186382648253
99783,-6.911347940886921,-9.22163099176489,1.090540654129976,0.7982115196540346,233.30124008111534,1.0893047274862147,0.5315579132804928
99784,-6.623286034497822,-9.229921486595416,1.1714758277017923,2.1144908855238373,411.94303606180745,1.1753802271047489,0.5317111161026739
99785,-6.417158645731071,-8.979197727752119,1.5057239916128085,1.7885041544041558,427.33280655739696,0.6863435089178882,0.5320596892814301
99786,-7.679782382413153,-8.32792126984215,1.6383213702217871,1.5953487940672362,444.10241738791416,0.06659525174894121,0.5328387866379404
99787,-8.063450007928173,-6.5369374682862,1.514718833436531,1.6256378290786113,458.39409431054617,0.8546024652296387,0.5330132357311267
99788,-8.139027523090894,-7.152577867024396,1.8413562012743672,1.7770306046207065,433.0276456533841,0.48941190372741694,0.533054421544562
99789,-7.689229940283417,-7.9461573992018915,2.0305149432555414,0.7086157258745523,208.84709539338456,1.00535227475115,0.5331506169326699
99790,-7.867172065780943,-7.990182603646105,1.6518767772300131,1.1648569187801827,468.01544391543393,0.37496316747552694,0.5332541846468994
99791,-7.877018034969558,-7.219523651768116,2.121868501865179,1.8345018863403606,440.1448377567804,0.6151182543761182,0.5333851159669024
99792,-7.8380878525676945,-7.278511024909122,2.1156303513759056,1.1834509252281535,244.77222622881268,0.8152048996468269,0.5334135927218201
99793,-7.577926125162177,-8.222839566384426,1.1973859708316992,1.6516649733771078,388.57304917200287,0.5507758045813054,0.533736823638456
99794,-6.811739077214282,-8.626133949033921,2.0460050111988712,1.7931359238398674,467.55972407468647,0.1290969370881241,0.5337527848567432
99795,-8.191281524138182,-7.1490341315847,1.3044101921784106,3.667420844571135,537.7652090777991,0.5553957224500232,0.5341064005707237
99796,-7.518577153288829,-8.514702462637505,1.7215349826571662,0.6746221058841607,452.00833024642833,0.4491700934907765,0.5343519418979789
99797,-8.054699505466719,-6.679831917821617,1.4130699714744488,0.9974675456416917,468.4080375938268,0.5395352615604505,0.5346146641491107
99798,-7.257015488132765,-8.112346832060494,2.0714490493718962,1.8040415276500747,438.9373104935769,0.6138180479364399,0.5347699619532618
99799,-7.110368502759936,-8.712730435911723,1.1183797082237235,1.7942435726683204,470.28342003648874,0.046865141347997685,0.5353890384958231
99800,-8.16149481880331,-7.289265442325785,1.2989770951701343,1.3252092078446782,331.6345484553656,0.2148811762502385,0.5356531567601451
99801,-7.825720726732447,-7.627103021246165,1.27815108547254,0.9013584845670357,237.53311570554703,0.5986731516270671,0.5358401036753295
99802,-7.697913694474384,-7.697379730285593,2.104079335980339,1.8389478786415836,468.31966639699294,0.40641198410218315,0.5359231671166481
99803,-7.419226157473973,-8.017647096744826,1.6190388901931323,2.0732573635908236,407.1335443992032,1.14014548085835,0.5362305930580873
99804,-8.106748698824514,-7.098317693518028,1.230916210516429,1.264704764376736,316.00019001619785,0.31837163190770745,0.5367311321256685
99805,-7.672869908928085,-7.591369701558208,2.025675173549458,1.430974239754111,315.47221756474414,0.23286793569612563,0.5372001818416158
99806,-7.839546321790491,-7.719188051746224,1.988956077111449,13.231175653415935,709.9200876077551,0.12007099853217174,0.5372128259930132
99807,-6.4855859744194815,-8.986293113135599,1.5603790116418796,1.411498321088989,467.89659893319293,0.39887987573998007,0.5376389968773226
99808,-7.127240414317125,-8.584900252758665,2.059225054601885,0.8683722695002337,455.06327564496405,0.7447795062373244,0.5385991531874852
99809,-7.461007339406352,-8.425894985335876,1.9006712271667718,1.8196417017481585,468.0372092093871,0.38471043470244837,0.5387570979237347
99810,-7.9250152954297866,-7.194164890186235,2.0917832737543707,0.5737828155075755,140.91165950325126,0.4804444787473843,0.538849372571768
99811,-7.170998978433102,-9.13034485661899,1.1359090339512596,0.9329323232112325,196.54025223887598,0.613599973522871,0.5394376388798954
99812,-8.216232615337242,-6.907643325959705,1.3715284038796052,1.1254244364218011,467.7870515531175,0.15309816830560852,0.5395865867679497
99813,-6.561017406061348,-9.018971673700358,1.5906135674281034,1.0071688043425149,274.0704066591791,1.4393456407904042,0.539826632582698
99814,-7.534315842191084,-7.821402969294588,1.8575922210651856,1.8744214301661704,469.86331070328674,0.08955582193552214,0.5401427082637392
99815,-7.799856601862905,-7.3705962691755165,2.064301022714137,1.1794573196189542,242.79590139405778,0.8818599726726735,0.5403174850572289
99816,-7.954826610412511,-6.971223435889329,1.9889297177334866,1.674533021567601,393.3243206273632,0.0648947688822279,0.540623319940775
99817,-7.019744886797957,-8.35416191921177,2.1195620473905668,0.6927473498482084,213.86317649427966,0.5763586879597487,0.5406744143347124
99818,-7.4662515545506665,-7.934617409404695,1.7278422899833243,1.1270247091983334,466.9709286670256,0.630367978674089,0.5411701084630975
99819,-7.523368836586286,-8.289028054770469,1.9432127463098487,1.1512340038035975,297.60918245676623,0.8497496766159918,0.5417345536220358
99820,-6.764523124908574,-8.542828605114178,1.760548291037482,0.8160254933685236,182.8727674090113,0.026685591334654646,0.5418986914604508
99821,-8.158989350491408,-7.140189503279873,1.2842736762908007,1.0224238898805054,262.1427571204896,0.540459882414841,0.5420716291579717
99822,-8.183880291654551,-6.5223276959870615,1.516480746415256,0.7491737358160718,467.1107701594036,0.2435044968884137,0.5421824763299058
99823,-7.853325210067826,-7.716434522375483,1.9491290347571044,1.6935458133135926,467.6459361225906,0.11987408645495456,0.5435760350319605
99824,-7.192194041699414,-8.170383780430384,1.9143668000826561,2.7064056135082586,472.9604885140763,1.2678595816195406,0.5435863993445301
99825,-7.57890437103069,-8.401814915033302,1.722589170287078,1.0473827501418838,280.1379130463768,1.541395496733835,0.543675891148389
99826,-8.090532658199944,-7.5528940690874915,1.4139815688099808,1.1019232273918447,467.2551622417635,0.4340859848588794,0.5440106247612826
99827,-6.585097228995265,-9.201443035532687,1.2383023821071086,1.8206930397591357,468.3493599346907,0.2600044907371091,0.5442346913117733
99828,-7.574175014025993,-7.831477444779382,2.0053386286198367,1.8131384466760514,433.63590803128466,0.5109245725409339,0.5446315841888356
99829,-7.926937009500081,-6.929298089681923,1.8670235446918586,1.8138833562986822,468.0258910511327,0.3061222796079708,0.5450650533041415
99830,-8.21618646439932,-6.938518489368643,1.4279565553067974,1.6558880902922484,448.547406346132,0.7338445811090883,0.5454620157930142
99831,-6.880630972782824,-9.099692269578535,1.0963029045345645,1.4310816502568702,333.2846582805643,1.550032267950252,0.5456298338727407
99832,-6.456781827696652,-9.029427263842852,1.403016765874178,0.8527898447150852,165.627211990304,0.3785413995231073,0.5456982666881328
99833,-7.8481122244210155,-7.336363299215863,2.0568740063940294,0.891558894345667,468.3898555179457,0.5325793013018965,0.5465704095959991
99834,-7.320678003862794,-8.306338546147732,2.1193300387204546,1.0992071200065765,283.7319196719695,1.5804627067026802,0.5468787795206764
99835,-7.619053018565658,-7.730654964403651,1.7193087844312176,1.2097093703641457,305.2080105068443,0.855108315016496,0.5472289972479246
99836,-7.121703860589798,-8.491665199423295,1.3237099432938055,1.5372731127211776,469.0254756398743,0.5651306294021472,0.547495863326023
99837,-8.192209134712638,-6.7144213055199735,1.6911732019747177,2.6009604819418266,467.4193024329974,2.4397830890791834,0.5476472687361273
99838,-7.543737306071696,-8.258086153600154,1.927540148935093,0.8417407381688818,467.5860903024062,0.07223786869217452,0.547703373039012
99839,-7.708143936922341,-8.181674307315014,1.702967675563415,2.5968373016983723,465.47060016235866,1.8694169135541747,0.5479657991692573
99840,-6.495952988449874,-8.96887229745811,1.495955400887061,4.453491705541155,596.2195261037937,0.9243588895502528,0.5489243959827891
99841,-6.9637311037647,-8.381254768146512,1.844807231204171,1.172399810228666,467.18999643020965,0.4372645284370398,0.5495199296271636
99842,-6.904066265562352,-9.13719269403295,1.1106892068923022,1.196204283560798,266.0419587706966,0.08266617312375768,0.5503703439624877
99843,-7.387698611998897,-8.238285688227576,2.0879817205186773,1.3175084777263733,292.2800193604913,0.15967343650423782,0.5506817720486183
99844,-7.976795299244479,-7.027256946204836,1.4275681460938006,1.737025557642076,412.4840844306807,0.963479221530517,0.5510406298494713
99845,-6.997841130431032,-8.575142894309275,2.0604061266375093,1.3882737792817734,327.55505773123843,0.4047824793019599,0.5511284599172763
99846,-7.116522748138549,-8.415540847477772,2.1261715468570834,1.0445162305912723,281.7233649586014,1.5474150433127578,0.5512908658411736
99847,-8.204714513110797,-6.988339355152883,1.4519393876172157,1.1685004046443375,261.3242030204054,0.06988544001146302,0.5516048800098852
99848,-8.122551552426113,-7.287035021149865,1.7347291812982593,1.0284545569381474,220.56766185776556,0.017481079246734588,0.552153267499528
99849,-6.749962796806882,-8.666432270303272,1.502355632621012,0.8193778326339258,233.49849852127923,1.287392354663167,0.5526203204334158
99850,-8.123811139217976,-6.58590491017232,1.6950125659744348,0.6982535585426288,202.3868008428258,1.23679116622898,0.5532006232089223
99851,-7.8963593247705965,-7.833988715063794,1.3372863371571009,0.917526777103723,181.7582901508911,0.8461061027392969,0.5535950064596713
99852,-7.403644180453211,-8.035918036334689,1.9700593545243879,1.7792427952853316,421.44551697138513,0.202321063129566,0.5538369128885702
99853,-7.901287459500171,-7.173417840953412,2.000585071727678,0.5360773778024305,135.80806592835833,0.6723264556347397,0.5539984277476607
99854,-6.645258480472958,-8.831295415024773,1.3996811309280515,0.7830944361329433,214.9395382243589,1.101925593056893,0.5542846875584381
99855,-7.9937716238529575,-6.919543078922598,1.4645032679187198,1.741626561305231,270.33223350461907,0.06175459078208867,0.5545507221354067
99856,-7.849390352351286,-7.675084834429306,1.937987093711621,1.0845604744306596,466.9583411330646,0.5985138198418722,0.5548418609342304
99857,-6.502979429016434,-9.034343231958175,1.401985383184573,1.7793756108062713,423.6275481866888,0.48506727401214444,0.5549890745015187
99858,-7.911714702039153,-7.767321918431956,1.740608992068407,1.0721961293606272,287.420524012244,1.064492251794186,0.5552801783351127
99859,-7.656907241221282,-8.353868638861933,1.3061303987007957,0.8478092282255798,192.73766183948308,0.4118430759534597,0.5552838567849914
99860,-7.962869037078673,-6.889069505273576,1.6592172574150146,1.8231945781124512,456.61401188777876,0.882903004366451,0.5558114130325083
99861,-7.691556508733911,-7.779606745524153,1.4836860568393189,1.732538679279785,363.4291684478885,0.6565369904971217,0.5560339434408621
99862,-8.008256391365618,-7.6083723210815855,1.331331005549755,0.9067638223893604,181.56239313269768,0.12712137889405195,0.5563580894239895
99863,-7.369581640865652,-8.600134982514756,1.1369911546967204,1.3254789151883852,325.5903334879518,0.2895346945255488,0.5571557955759165
99864,-6.670568628087275,-9.078111964430772,1.4899051210871568,1.3325356102505228,322.3111013056674,0.2955606436157252,0.557695158832378
99865,-6.758106644694752,-9.007575437360327,1.1883167057849986,0.7175180559489701,214.70215106276405,1.379992567863372,0.5577806746213579
99866,-7.3250580479984615,-8.542881843921549,1.889215614549421,0.8285426826960901,219.6583815959879,1.2329429919008623,0.5578518393522001
99867,-7.2853616362962885,-8.424239460626591,2.031306225716326,1.3602985511811967,468.6654832662995,0.5613286425501114,0.5582461337731068
99868,-7.399050377223332,-8.576151587909123,1.7580392358078152,0.7119477086765906,467.9417000962242,0.49784056073486216,0.5584491354852863
99869,-7.244672830759741,-8.320958605926151,1.4542452506328256,1.6067639066034352,374.2951284326186,0.40353666816975764,0.5585370124426717
99870,-7.07159848684447,-8.470327207591797,1.4396412349865721,1.1007587396692222,467.4138452076639,0.48072132079798546,0.5586739790820294
99871,-6.539549682377648,-8.96983762333109,1.4631390468223302,1.8382284157748712,468.38961799999885,0.5325472071057238,0.5595479387053363
99872,-7.585578962369816,-8.512288947582356,1.405550422033026,1.487894483301206,334.44736965994696,0.13225090378648474,0.5599785427399829
99873,-7.795353127721651,-7.44131316670441,1.6149589149445625,0.9296246187915261,404.4749437411712,0.5899511875664398,0.5600532258438443
99874,-7.32950900287779,-8.31478329715695,1.3728145305278285,1.3181744253214984,294.5898820314947,0.28915607073324257,0.5602761989304297
99875,-6.800499187789859,-8.647380599723707,1.910621056149948,2.9166748803117892,492.2481575016238,1.499162532338798,0.5609665721902697
99876,-7.473013459985873,-8.609544077397542,1.5919183753454909,0.7083264793090225,468.0453369732083,0.49403680247296666,0.5611706850208814
99877,-7.192723025286377,-8.898430656355837,1.578330594407061,1.1072857621870387,466.2300835997338,0.6917549034844246,0.561985484863273
99878,-7.549902327068277,-7.970047166988229,1.563219226567999,4.984564055032869,621.6014477520223,0.6081995170301218,0.562234213936407
99879,-7.993952442704435,-7.6744528355008095,1.449898507685688,0.8098774629055631,215.72257629794674,0.9759196285059213,0.5629513048902622
99880,-6.6369597318154785,-8.9048280392524,1.3701981649152164,0.9633634187903226,194.20488923805843,0.13050133821051535,0.5632754221950336
99881,-7.565199972891564,-7.9001239716831755,1.8525402426800959,0.8361510097697875,209.18493100406715,1.313948724826706,0.5633451149256651
99882,-7.024795276055175,-8.738698960610337,1.8698006980505961,0.6728039073467627,467.42215828853244,0.475911077232392,0.5635058043883348
99883,-7.779286178008174,-8.070200221931874,1.5618640010373277,1.159242718779147,468.926401830366,0.8682544643688948,0.5636741864642043
99884,-7.584809027393903,-7.914309413299848,1.9049657403689149,1.0570760797138619,145.2672225786083,0.2541861738739506,0.5637493179364444
99885,-7.290364884367628,-8.957887936341734,1.1758903203244286,0.8935693462735846,465.2334429390987,0.6449896142063567,0.563867636143943
99886,-6.735123840342345,-9.15586260371203,1.385234682810038,1.093633178280425,283.7663033949262,1.015369378791518,0.5639282914890902
99887,-7.268905672535633,-8.460891740726275,1.9949466073053712,29.95087869774789,942.1983041704459,0.304410409421199,0.5640002640992977
99888,-8.141746656686148,-6.722716798711879,1.5657401640556956,1.167613223323209,467.8622626661095,0.6009754525601894,0.5642096689957942
99889,-7.791518831136315,-7.587452530930795,1.4944607156926575,1.3213848205591314,470.53425167154126,0.04590438995955015,0.5645456232182116
99890,-7.680589711715948,-7.735897984476622,1.8935855799793317,0.8920810438350015,180.2391502851103,0.7316392479830283,0.5646958785916816
99891,-7.851361423035739,-7.917080370235447,1.4603050617397426,1.1708439166441862,466.85189529184174,0.4245064719435785,0.5647197271809524
99892,-7.4429148983917255,-8.365350044880717,1.2483037625317757,1.7947990082979548,426.8217229951919,0.35409994935481315,0.5653274090345005
99893,-7.354866642466186,-8.218742706035613,1.4917497797665698,1.2848052395472993,287.2900740102119,0.1806183560832233,0.5655981548675317
99894,-7.382388176822752,-8.36100635388625,1.2911025797607667,0.8064316387629049,467.98668625972454,0.03452274486569884,0.5656267770433576
99895,-8.168748914067981,-7.045840223606308,1.4407450635625225,1.332512217192109,310.27258725611296,1.1538065928732442,0.5659853256834161
99896,-7.460709113015548,-8.446794351012416,1.2072086869450669,0.62394018698279,171.947246250823,0.36806110553056115,0.5662271049345428
99897,-7.4296065017279425,-8.082846430699583,1.6373164105382494,1.7414572154269439,372.0637828085441,1.5471829334847529,0.5662731551894591
99898,-7.833218180199292,-7.905279806307182,1.6759531836930153,0.9617611405987083,241.4977518304635,0.9028437910276272,0.5662769681180688
99899,-6.57159682706007,-8.945997911266655,1.4543359211013938,1.0015455964820335,470.2800507436092,0.024589584870905234,0.5662809569506935
99900,-7.72717402902544,-7.648006966477932,1.856648517701952,1.7468078995015295,467.64719298666654,0.9292651498895363,0.5663307898337351
99901,-6.89804320366717,-8.7641946991416,1.8570240407369312,1.1596230167991546,294.03449588756797,1.499796458372228,0.5665330943715126
99902,-7.203942249320159,-8.387709937651355,2.055549074105954,1.8064693790063995,432.2812635503536,0.922459493405249,0.5665533375733192
99903,-7.264522302997218,-8.960799743009469,1.1590209674352965,0.8925491619154684,219.5399862870284,1.184080806694463,0.5665544450285976
99904,-7.645600681792466,-8.183859639211459,1.3217675109391855,1.8182153095640683,469.56011558639005,0.16941130206066912,0.5667702521609991
99905,-7.640869963659108,-8.36978419902918,1.4566223553584643,1.841840798256047,191.91682036754185,0.22786943346608712,0.5670117217191419
99906,-7.1364062096942416,-8.788602577677324,1.7517965687099673,1.1103076358486639,263.8475867989847,0.3703487457218744,0.5678954187788247
99907,-6.913853155863636,-9.18848780823809,1.2499644373256398,1.2267008774793149,468.0094528004811,0.33590524398372423,0.5684501152130168
99908,-7.517183936494954,-8.052463207184367,1.9371724052417003,1.6289085756873631,468.19450254698006,0.20766640426330074,0.5687642827005845
99909,-6.8298371957089845,-8.874113941394704,1.750106809733098,6.743894114420973,700.9941030368751,0.5521537393446314,0.5688322296949255
99910,-7.856576532180608,-7.8363420585220105,1.426078108684527,1.0101975611241707,468.3254542389597,0.5078714956682715,0.5691687325153851
99911,-7.7579343540297945,-8.047760305924918,1.439462829061826,0.8006307187089963,164.5629963642701,0.6661460651010103,0.5702331511517249
99912,-8.071321984163701,-7.374498798239565,1.7136040216634976,1.646335872117196,356.1144402006702,0.8893490885536819,0.5710230754320117
99913,-7.978978969204041,-7.181812743485819,1.4091767223884082,1.8851972606305203,455.37232474269877,0.3488677670504545,0.5711711293418845
99914,-6.959030602051923,-8.438894988721458,1.8751927964236708,0.8554989735953777,206.475093782276,0.7777942014587422,0.5711770641824925
99915,-6.867128952045826,-8.607679842647343,1.9111339307254258,1.8566229132473557,356.21867670379896,0.4282523923014816,0.5713903249645619
99916,-7.396469917771788,-8.823090691074633,1.2813669753506294,1.0567107894485417,274.41927715373754,1.7220685082818958,0.5714140604858381
99917,-8.09730178876398,-6.953173919355712,1.4200620756742772,0.9557836064629087,468.59567618975007,0.6132137199255014,0.5718110207636972
99918,-7.391269753453145,-8.541390588795586,1.7696814120561357,1.5570287267523284,468.5199667102104,0.6678591432926053,0.5718341740711583
99919,-7.823959311690118,-7.456769995126557,1.5965255562857439,1.7825332642474794,467.98867975250636,0.5158949903523178,0.5724773997879818
99920,-8.165055014344562,-6.935222273389805,1.616025863065613,1.442500249493891,319.50403242106245,0.6168959598035695,0.5729159659310405
99921,-7.890958746787073,-7.28651796404848,1.5537179133363137,0.905816471054244,212.9657409216836,0.5334383453700466,0.5731241538341263
99922,-6.998787989363484,-8.519570435627717,1.9953619687343966,21.412973380568364,647.6114364722447,0.03638657006704271,0.5732997475255428
99923,-8.160656775291406,-7.01247774187684,1.5332197161428958,1.469192949152866,337.64748634730216,0.2925652622273809,0.5738984619058914
99924,-7.172748269838413,-8.56821226811221,1.2616620602928323,2.643681727781955,458.9615088441028,0.411475216151044,0.5745812844691003
99925,-8.078039353726812,-7.156417832691703,1.7879957099486183,1.8094417783610381,432.520522836962,0.5165930937629772,0.5750890430507763
99926,-7.3183610352152755,-8.889794572166513,1.1956937339430718,1.8965818545626767,456.8630027089104,0.5270310578652566,0.5755245408440401
99927,-7.406299933850799,-8.787454258158132,1.2305685475930819,1.7173408314287437,404.38749005779215,0.5367002006708459,0.5756244318794705
99928,-7.071756133416402,-8.629639912517156,1.2860338091123023,0.9343344624213482,262.8541451684586,1.3424078268994277,0.5759692661020179
99929,-7.380958410776322,-8.174582202817698,1.95851325894982,1.7819836990360214,422.2754169288672,0.11961530398330833,0.5760212124548084
99930,-7.918966525151134,-7.3756076178259065,1.9032688422448432,1.4325435328916905,468.0238572605136,0.16941271893033605,0.5765366520886542
99931,-7.320384297623703,-8.871751301415053,1.1857894812538108,1.8252498374369674,437.14670116391085,0.14518017865044452,0.5766539523960353
99932,-7.558488374800672,-8.162465062093146,1.8324004656208004,2.3554248942549956,438.4675106309778,1.2390586250868152,0.5766673083386151
99933,-7.171481109984747,-8.29725108389789,1.761061684534094,1.0018042436139973,371.5737965260768,0.9595267354069055,0.5767437030019807
99934,-8.0587465052251,-6.952723488931699,1.7935862373804907,1.8505015313323745,469.05056684666334,0.6366917918359718,0.5768641281705471
99935,-8.10000757407164,-7.277610914946699,1.4400541105860676,0.9202856576983905,248.0126414540781,1.2775679435570817,0.5772726993137113
99936,-7.975929153038038,-7.002593257678656,1.6629300866547838,2.578688588728234,293.1192454136259,0.09948001613900193,0.5778814797674061
99937,-6.686555729397264,-8.997291054290832,1.4992085644627753,1.4046660774425626,306.95607586757916,0.6663859996420873,0.5782650616246872
99938,-7.2395624712590125,-8.394098213019488,1.9873507957273444,1.1431615270535829,293.4517490592714,1.1321856936785748,0.5788713408597402
99939,-6.9447020700158255,-8.478406868320704,1.7483198384880734,1.1897733248948787,286.0567895144925,0.15275468645616375,0.5789159063932685
99940,-7.290880289653221,-8.609021751060887,1.7942689999256756,2.382939774369579,431.4723732364718,0.6178952444042878,0.5792218731504469
99941,-7.529585198687872,-8.210312694386474,1.3941611820071171,1.048033114255993,221.20970576662555,0.6298490913066237,0.5793535763994405
99942,-7.083179181084878,-8.732616031992636,1.2000892944664474,0.5724823076382383,140.6116548050126,0.12263542632930324,0.579568878610666
99943,-7.361590797303865,-8.51572525195325,1.8076709685244854,0.9072455691343585,189.32012483600764,0.8410734622977456,0.5808889194919669
99944,-6.772052911292186,-8.832391375115723,1.366299975914839,1.0055728494080258,469.2487768822372,0.0433253209273321,0.5811598864365793
99945,-7.361372695989371,-8.215903426950153,1.5799145679499114,2.599901860497165,464.7115839775319,1.6294600829427752,0.5820641033958668
99946,-8.103866988806658,-7.315931307875909,1.5176641450492436,1.1251927445790604,292.38595407760226,0.7833446058249693,0.5821191041112304
99947,-8.093045596499648,-7.365020916637722,1.5494743348682518,1.328981242142893,296.1266592771364,0.3427442303501733,0.5821296469020361
99948,-7.972837221736908,-7.293633457678372,1.8443442013947302,1.6768003806202147,468.2832421033467,0.4864722336646352,0.584117418670217
99949,-8.038299578545454,-7.474962184305942,1.5827908591214899,20.52611088998287,547.9003203092856,0.14105542048505093,0.5852091246170112
99950,-7.365684688470392,-8.729285415408302,1.1896678349973437,0.8974758890826473,447.18538221087607,0.13434973385588123,0.5862805689335437
99951,-7.983607450959599,-7.534848594177709,1.4762817332529485,0.5277057458994138,110.53320909698587,0.20818144569613484,0.5865294054064484
99952,-7.473784462483123,-8.446566726661228,1.6959810685217562,0.9322003195291396,467.603736741955,0.476668094620881,0.5868111995854719
99953,-8.102596813306178,-7.04284062719906,1.691925394822487,0.9739576134972727,255.20196217258135,0.7805559876728001,0.587916367883906
99954,-6.84625521238243,-8.665414748960941,1.526420655812374,2.428916954759878,374.17647909161184,0.14176075676319133,0.5881649688715077
99955,-7.098788156332486,-9.037225405638498,1.343684085030428,1.1047330157377775,468.05345140425584,0.851566370915263,0.5886641013916628
99956,-6.992390065999569,-8.528449872870619,1.897240325469892,0.7484082797446918,467.5845037726293,0.30823050633520754,0.5889620225537734
99957,-7.913126750794458,-7.27092418500919,1.7404359588493767,7.40518947509679,577.7727233393914,0.05162588385385103,0.5899463344763799
99958,-7.488451225536032,-8.561786105934004,1.468470453222608,0.9036551391053836,469.467510030874,0.20929490828628072,0.5899705987681908
99959,-7.946747651024085,-7.282405898243916,1.7936606854536217,1.10584784754518,467.2321805884905,0.08049342193625098,0.5925788332656987
99960,-6.98666814115889,-8.632049291029166,1.8667788481444358,1.7811324384095248,467.7258566383165,0.27127649812248933,0.5939196409212624
99961,-7.126625295994754,-8.376344798411598,1.8010906471745403,1.0713261710380668,253.16141502114405,0.3088259082585578,0.5940071985606374
99962,-7.934317074198244,-7.476371117725704,1.5150971827236668,1.8556132981218754,468.0243554551882,0.04791773200894145,0.5944947184414748
99963,-7.130332574997225,-8.744305328479058,1.2140912529467698,2.684677244807846,474.73417430213993,2.3045136129049135,0.5955175792457358
99964,-6.875497290315925,-8.98000432608298,1.509031752817595,0.9323437058703086,467.54028536181613,0.3438103830379493,0.5956705778653656
99965,-7.068528117995692,-8.805683817511088,1.206259981144887,1.847650573797347,444.04572354694227,0.22426565409024501,0.5957877636795789
99966,-7.2971248142023715,-8.792654982462295,1.4927038462609705,0.8262701160852987,281.5979163181974,0.15646177944332962,0.5964352628896282
99967,-7.225910438533851,-8.382248835203834,1.9024997069572425,1.845906921905068,468.13071650106775,0.6579652071501902,0.5977556368738898
99968,-8.019464793403547,-7.296393885223615,1.6941019386748408,0.6300748314943655,179.40441562815644,0.24883865321948928,0.598407203958019
99969,-7.344505796580872,-8.280546597202203,1.5943787362572466,1.0149569375265712,277.9116557089584,0.8003820736431075,0.5988902935672753
99970,-7.35516146341908,-8.251613580874412,1.7841038894764367,1.3584587813282987,300.86550474041286,0.6390543332747463,0.6000393653886325
99971,-7.220602182674549,-8.374685337402834,1.8629906447691922,0.8904534616878876,185.68972805162517,0.7375277494626626,0.6007868214754135
99972,-6.82222413369771,-8.736359643056584,1.687557707290907,1.5727150593184152,468.30655784621894,0.6252225106810512,0.6008622005761514
99973,-7.132054974437407,-8.686137828388155,1.264614095996883,1.364949723936508,308.7742633585137,1.0074328149075837,0.6025730205358217
99974,-7.289405979265167,-8.314008577791357,1.778342484593079,1.79386179610343,427.84247131564956,0.09139318159702814,0.6068859663922215
99975,-7.455515667899826,-8.457162268010155,1.5986785775806842,3.3406728013201796,414.71970547471824,0.06835745220792155,0.6100062098200395
99976,-7.077055608420761,-8.482092036570016,1.6763208011782882,0.6245915607962728,178.7573719740098,1.2925145708096712,0.6105229676998251
99977,-6.817835988950267,-8.983205513191097,1.3612241504601839,0.9642832652426813,467.5597900528994,0.6377340969849268,0.6112731623397647
99978,-6.899561154309535,-8.714502348145594,1.7016896680471634,0.5225454354629642,119.46413987007199,1.0262555760109002,0.6131648251364371
99979,-7.478618148981963,-8.396906347932752,1.479757110071633,1.141527741939848,179.20979646375164,0.1633764748003097,0.6133062850556918
99980,-6.946955320346312,-8.666748385033673,1.491911278146782,0.7541904396860564,221.9812322198207,1.2898445830113046,0.6143753224218221
99981,-6.833273100961735,-8.847382436771433,1.4815237351331552,3.090852525013205,501.19604585748107,0.902917017393027,0.6152543111580515
99982,-6.922152049342677,-8.723895164396405,1.439119366663218,0.9859310276322191,259.23070574554754,0.20393166284770192,0.615693424099588
99983,-7.408262260598036,-8.342812220654409,1.5608103089438026,1.2745475916836075,308.25774494926947,1.4984126504898123,0.6182676953647374
99984,-7.1831626272564755,-8.476532547491757,1.5388255637146304,1.5787539106042663,469.83182050310796,0.07812673858558306,0.6185753585479702
99985,-7.102819530349192,-8.659618340778977,1.371171980127361,1.1273583193465768,195.90116041207514,0.13391398513182295,0.6212212657382868
99986,-7.366762463605505,-8.632088528978572,1.4376529395637252,1.8261446847718814,436.1395213870967,0.03131073349268032,0.6215273395264509
99987,-7.119764225817045,-8.669403159417651,1.7226399704902438,1.3175802236930358,281.9067998789032,0.3220241248529092,0.6217115927464341
99988,-7.056103736462994,-8.965537204101684,1.3415490204417948,1.2861131449532253,273.9399284715689,0.33458512382694483,0.6218854815118381
99989,-7.0397835243153795,-8.952903260415198,1.367962308912786,0.9966395879286891,263.53199408069395,1.13744978239861,0.6239142754057484
99990,-7.230995932597087,-8.647565594423106,1.3179776502756053,0.6376190434727462,180.37661779490094,1.1966627159606409,0.6263623343527986
99991,-7.062313432036044,-8.81673022004199,1.3012987989358116,1.637260306703744,444.05048407477597,0.6395615765016354,0.6264372213144824
99992,-7.260802337665719,-8.512775402615041,1.7135159291178306,0.8393650029509283,468.0378370842811,0.26785564574206777,0.6268097777158733
99993,-7.044034353371334,-8.626690877159096,1.7215863799224644,0.842493685298389,468.4006714599083,0.3562011105761398,0.6288388632089728
99994,-7.368787457496981,-8.495228774457098,1.5431429172634088,0.7883373478623747,157.4466389553189,0.1440774347037328,0.6296027246820287
99995,-7.283313652269026,-8.662660454932052,1.4719816633485467,0.8522053259688718,468.5942704813407,0.39449693767473715,0.6349840211670443
99996,-6.986714593960718,-8.806749788029013,1.4652530877002312,0.894168484354602,252.12816456730036,1.1445805086489687,0.6364909694060127
99997,-7.202626595664064,-8.63399949897969,1.3866437308763748,1.0902487072723932,256.0928058346167,0.33968864738869176,0.6372397186736567
99998,-7.058945743856897,-8.691571250851668,1.6181291733655454,1.9951311463401542,398.0772242151299,1.0612546009369046,0.6373883398602127
99999,-7.251228572167917,-8.619131330263965,1.4509742975477147,1.277040706077187,304.7444371038152,0.184814281933102,0.6404285852816679
